bus_id,city,city_code,adapted,agency,line_code,line_url,line_fare,latitude,longitude,bus_speed,is_eletric,bus_type,bus_direction,updated_at
SAO_407N-10,São Paulo,3550308,True,,2169,,,-23.594637,-46.4449125,,,,1,2023-06-17T16:13:32+00:00
SAO_407N-10,São Paulo,3550308,True,,2169,,,-23.5824165,-46.407865,,,,1,2023-06-17T16:13:43+00:00
SAO_407N-10,São Paulo,3550308,True,,2169,,,-23.587144000000002,-46.4820965,,,,1,2023-06-17T16:13:54+00:00
SAO_407N-10,São Paulo,3550308,True,,2169,,,-23.5824475,-46.407562999999996,,,,1,2023-06-17T16:13:49+00:00
SAO_407N-10,São Paulo,3550308,True,,2169,,,-23.534121,-46.543020999999996,,,,1,2023-06-17T16:13:34+00:00
SAO_407N-10,São Paulo,3550308,True,,2169,,,-23.5399025,-46.5415365,,,,1,2023-06-17T16:13:35+00:00
SAO_407N-10,São Paulo,3550308,True,,2169,,,-23.580005125,-46.4126035,,,,1,2023-06-17T16:13:54+00:00
SAO_407N-10,São Paulo,3550308,True,,2169,,,-23.5834805,-46.407314,,,,1,2023-06-17T16:13:40+00:00
SAO_407N-10,São Paulo,3550308,True,,2169,,,-23.562535500000003,-46.509272499999994,,,,1,2023-06-17T16:14:05+00:00
SAO_1771-10,São Paulo,3550308,True,,634,,,-23.502498000000003,-46.62359549999999,,,,1,2023-06-17T16:13:49+00:00
SAO_1771-10,São Paulo,3550308,True,,634,,,-23.430882500000003,-46.574838,,,,1,2023-06-17T16:13:44+00:00
SAO_1771-10,São Paulo,3550308,True,,634,,,-23.4655255,-46.5959515,,,,1,2023-06-17T16:13:41+00:00
SAO_1771-10,São Paulo,3550308,True,,634,,,-23.430882500000003,-46.574838,,,,1,2023-06-17T16:13:35+00:00
SAO_118C-10,São Paulo,3550308,True,,33287,,,-23.457777,-46.672866,,,,2,2023-06-17T16:13:40+00:00
SAO_118C-10,São Paulo,3550308,True,,33287,,,-23.458092999999998,-46.6720015,,,,2,2023-06-17T16:13:41+00:00
SAO_118C-10,São Paulo,3550308,True,,33287,,,-23.457611,-46.6729625,,,,2,2023-06-17T16:13:44+00:00
SAO_118C-10,São Paulo,3550308,True,,33287,,,-23.540725,-46.6477225,,,,2,2023-06-17T16:13:52+00:00
SAO_118C-10,São Paulo,3550308,True,,33287,,,-23.535777000000003,-46.641333,,,,2,2023-06-17T16:13:59+00:00
SAO_118C-10,São Paulo,3550308,True,,33287,,,-23.461335,-46.6658715,,,,2,2023-06-17T16:14:01+00:00
SAO_118C-10,São Paulo,3550308,True,,33287,,,-23.50798675,-46.624788499999994,,,,2,2023-06-17T16:13:59+00:00
SAO_118C-10,São Paulo,3550308,True,,33287,,,-23.499703,-46.624505,,,,2,2023-06-17T16:13:28+00:00
SAO_118C-10,São Paulo,3550308,True,,33287,,,-23.5394115,-46.648294500000006,,,,2,2023-06-17T16:13:51+00:00
SAO_118C-10,São Paulo,3550308,True,,33287,,,-23.517211125,-46.62507725,,,,2,2023-06-17T16:13:21+00:00
SAO_6840-10,São Paulo,3550308,True,EMTU,201,https://moovitapp.com/index/pt-br/transporte_p%C3%BAblico-line-201-Sao_Paulo-242-2038937-58093160-0,20.4,-23.7320815,-46.786311,,,,1,2023-06-17T16:13:52+00:00
SAO_6840-10,São Paulo,3550308,True,EMTU,201,https://moovitapp.com/index/pt-br/transporte_p%C3%BAblico-line-201-Sao_Paulo-242-2038937-58093160-0,20.4,-23.7420195,-46.800329000000005,,,,1,2023-06-17T16:13:42+00:00
SAO_6840-10,São Paulo,3550308,True,EMTU,201,https://moovitapp.com/index/pt-br/transporte_p%C3%BAblico-line-201-Sao_Paulo-242-2038937-58093160-0,20.4,-23.6858575,-46.7702995,,,,1,2023-06-17T16:13:41+00:00
SAO_6840-10,São Paulo,3550308,True,EMTU,201,https://moovitapp.com/index/pt-br/transporte_p%C3%BAblico-line-201-Sao_Paulo-242-2038937-58093160-0,20.4,-23.679903,-46.770212,,,,1,2023-06-17T16:14:05+00:00
SAO_6840-10,São Paulo,3550308,True,EMTU,201,https://moovitapp.com/index/pt-br/transporte_p%C3%BAblico-line-201-Sao_Paulo-242-2038937-58093160-0,20.4,-23.7320815,-46.786311,,,,1,2023-06-17T16:13:34+00:00
SAO_6840-10,São Paulo,3550308,True,EMTU,201,https://moovitapp.com/index/pt-br/transporte_p%C3%BAblico-line-201-Sao_Paulo-242-2038937-58093160-0,20.4,-23.732263,-46.786442,,,,1,2023-06-17T16:14:05+00:00
SAO_6840-10,São Paulo,3550308,True,EMTU,201,https://moovitapp.com/index/pt-br/transporte_p%C3%BAblico-line-201-Sao_Paulo-242-2038937-58093160-0,20.4,-23.701735499999998,-46.782061999999996,,,,1,2023-06-17T16:13:33+00:00
SAO_5106-31,São Paulo,3550308,True,,34073,,,-23.58399,-46.637046999999995,,,,2,2023-06-17T16:13:46+00:00
SAO_5106-31,São Paulo,3550308,True,,34073,,,-23.691687375,-46.6440985,,,,2,2023-06-17T16:13:44+00:00
SAO_5106-31,São Paulo,3550308,True,,34073,,,-23.6236125,-46.6462075,,,,2,2023-06-17T16:13:34+00:00
SAO_5106-31,São Paulo,3550308,True,,34073,,,-23.6875885,-46.654850499999995,,,,2,2023-06-17T16:14:02+00:00
SAO_6505-10,São Paulo,3550308,True,,1450,,,-23.668707,-46.7352225,,,,1,2023-06-17T16:13:48+00:00
SAO_6505-10,São Paulo,3550308,True,,1450,,,-23.6144775,-46.67898525,,,,1,2023-06-17T16:13:33+00:00
SAO_6505-10,São Paulo,3550308,True,,1450,,,-23.668707,-46.7352225,,,,1,2023-06-17T16:13:56+00:00
SAO_6505-10,São Paulo,3550308,True,,1450,,,-23.668707,-46.7352225,,,,1,2023-06-17T16:13:30+00:00
SAO_6505-10,São Paulo,3550308,True,,1450,,,-23.6672905,-46.727228,,,,1,2023-06-17T16:13:54+00:00
SAO_6505-10,São Paulo,3550308,True,,1450,,,-23.577733000000002,-46.6710645,,,,1,2023-06-17T16:13:57+00:00
SAO_6505-10,São Paulo,3550308,True,,1450,,,-23.65341925,-46.7064715,,,,1,2023-06-17T16:13:37+00:00
SAO_6726-10,São Paulo,3550308,True,,1193,,,-23.743281000000003,-46.665178125,,,,1,2023-06-17T16:14:03+00:00
SAO_6726-10,São Paulo,3550308,True,,1193,,,-23.736596499999997,-46.6971045,,,,1,2023-06-17T16:13:47+00:00
SAO_6726-10,São Paulo,3550308,True,,1193,,,-23.753667,-46.6810455,,,,1,2023-06-17T16:13:57+00:00
SAO_6726-10,São Paulo,3550308,True,,1193,,,-23.736596499999997,-46.6971045,,,,1,2023-06-17T16:13:50+00:00
SAO_6726-10,São Paulo,3550308,True,,1193,,,-23.736596499999997,-46.6971045,,,,1,2023-06-17T16:13:40+00:00
SAO_4742-10,São Paulo,3550308,True,EMTU,342,https://moovitapp.com/index/pt-br/transporte_p%C3%BAblico-line-342-Sao_Paulo-242-2038937-36419426-0,7.55,-23.638104,-46.6087755,,,,1,2023-06-17T16:13:27+00:00
SAO_4742-10,São Paulo,3550308,True,EMTU,342,https://moovitapp.com/index/pt-br/transporte_p%C3%BAblico-line-342-Sao_Paulo-242-2038937-36419426-0,7.55,-23.638104,-46.6087755,,,,1,2023-06-17T16:14:00+00:00
SAO_407G-10,São Paulo,3550308,True,,34964,,,-23.5394385,-46.544354,,,,2,2023-06-17T16:14:03+00:00
SAO_407G-10,São Paulo,3550308,True,,34964,,,-23.61138675,-46.43386674999999,,,,2,2023-06-17T16:13:52+00:00
SAO_407G-10,São Paulo,3550308,True,,34964,,,-23.611635,-46.433651,,,,2,2023-06-17T16:13:48+00:00
SAO_407G-10,São Paulo,3550308,True,,34964,,,-23.598079624999997,-46.48634800000001,,,,2,2023-06-17T16:14:03+00:00
SAO_407G-10,São Paulo,3550308,True,,34964,,,-23.609755375,-46.453646375000005,,,,2,2023-06-17T16:13:58+00:00
SAO_407G-10,São Paulo,3550308,True,,34964,,,-23.61114025,-46.43407825,,,,2,2023-06-17T16:13:39+00:00
SAO_407G-10,São Paulo,3550308,True,,34964,,,-23.60538575,-46.480157999999996,,,,2,2023-06-17T16:13:35+00:00
SAO_407G-10,São Paulo,3550308,True,,34964,,,-23.61138675,-46.43386674999999,,,,2,2023-06-17T16:13:59+00:00
SAO_407G-10,São Paulo,3550308,True,,34964,,,-23.61114025,-46.43407825,,,,2,2023-06-17T16:14:01+00:00
SAO_407G-10,São Paulo,3550308,True,,34964,,,-23.55790175,-46.51527575,,,,2,2023-06-17T16:13:44+00:00
SAO_407G-10,São Paulo,3550308,True,,34964,,,-23.61138675,-46.43386674999999,,,,2,2023-06-17T16:14:04+00:00
SAO_407G-10,São Paulo,3550308,True,,34964,,,-23.6031355,-46.4437595,,,,2,2023-06-17T16:13:48+00:00
SAO_1017-10,São Paulo,3550308,True,,34909,,,-23.412557375,-46.75643050000001,,,,2,2023-06-17T16:13:53+00:00
SAO_1017-10,São Paulo,3550308,True,,34909,,,-23.4049875,-46.7461105,,,,2,2023-06-17T16:13:56+00:00
SAO_1017-10,São Paulo,3550308,True,,34909,,,-23.412651625000002,-46.7561855,,,,2,2023-06-17T16:14:08+00:00
SAO_1017-10,São Paulo,3550308,True,,34909,,,-23.412557375,-46.75643050000001,,,,2,2023-06-17T16:13:35+00:00
SAO_1017-10,São Paulo,3550308,True,,34909,,,-23.412557375,-46.75643050000001,,,,2,2023-06-17T16:13:47+00:00
SAO_1017-10,São Paulo,3550308,True,,34909,,,-23.4753995,-46.714850999999996,,,,2,2023-06-17T16:13:58+00:00
SAO_1017-10,São Paulo,3550308,True,,34909,,,-23.434017,-46.719759999999994,,,,2,2023-06-17T16:14:05+00:00
SAO_1017-10,São Paulo,3550308,True,,34909,,,-23.414119499999998,-46.750513999999995,,,,2,2023-06-17T16:13:45+00:00
SAO_1017-10,São Paulo,3550308,True,,34909,,,-23.412557375,-46.75643050000001,,,,2,2023-06-17T16:13:29+00:00
SAO_1017-10,São Paulo,3550308,True,,34909,,,-23.4050645,-46.751902,,,,2,2023-06-17T16:14:06+00:00
SAO_1017-10,São Paulo,3550308,True,,34909,,,-23.4066435,-46.75870625,,,,2,2023-06-17T16:14:05+00:00
SAO_1017-10,São Paulo,3550308,True,,34909,,,-23.45685625,-46.714091249999996,,,,2,2023-06-17T16:13:36+00:00
SAO_1017-10,São Paulo,3550308,True,,34909,,,-23.4129415,-46.7526655,,,,2,2023-06-17T16:13:47+00:00
SAO_1017-10,São Paulo,3550308,True,,34909,,,-23.4178375,-46.7315265,,,,2,2023-06-17T16:13:34+00:00
SAO_1017-10,São Paulo,3550308,True,,34909,,,-23.4392745,-46.7170965,,,,2,2023-06-17T16:13:31+00:00
SAO_175T-10,São Paulo,3550308,True,,623,,,-23.653689999999997,-46.6379405,,,,1,2023-06-17T16:13:38+00:00
SAO_175T-10,São Paulo,3550308,True,,623,,,-23.580849999999998,-46.656758999999994,,,,1,2023-06-17T16:13:28+00:00
SAO_175T-10,São Paulo,3550308,True,,623,,,-23.538346750000002,-46.63473475000001,,,,1,2023-06-17T16:13:40+00:00
SAO_175T-10,São Paulo,3550308,True,,623,,,-23.612773500000003,-46.6574775,,,,1,2023-06-17T16:13:43+00:00
SAO_175T-10,São Paulo,3550308,True,,623,,,-23.5031455,-46.6236635,,,,1,2023-06-17T16:13:58+00:00
SAO_175T-10,São Paulo,3550308,True,,623,,,-23.653136,-46.6373365,,,,1,2023-06-17T16:13:31+00:00
SAO_175T-10,São Paulo,3550308,True,,623,,,-23.653267,-46.637658,,,,1,2023-06-17T16:14:01+00:00
SAO_175T-10,São Paulo,3550308,True,,623,,,-23.6529015,-46.637257000000005,,,,1,2023-06-17T16:13:44+00:00
SAO_175T-10,São Paulo,3550308,True,,623,,,-23.6412635,-46.641486,,,,1,2023-06-17T16:13:27+00:00
SAO_3735-10,São Paulo,3550308,True,,1035,,,-23.54143525,-46.48684725,,,,1,2023-06-17T16:14:05+00:00
SAO_3735-10,São Paulo,3550308,True,,1035,,,-23.5399115,-46.485800999999995,,,,1,2023-06-17T16:13:57+00:00
SAO_3735-10,São Paulo,3550308,True,,1035,,,-23.540855999999998,-46.4849405,,,,1,2023-06-17T16:13:47+00:00
SAO_3735-10,São Paulo,3550308,True,,1035,,,-23.5421975,-46.499098000000004,,,,1,2023-06-17T16:13:36+00:00
SAO_3025-10,São Paulo,3550308,True,,33729,,,-23.5774345,-46.39814,,,,2,2023-06-17T16:13:29+00:00
SAO_3025-10,São Paulo,3550308,True,,33729,,,-23.577255,-46.398083,,,,2,2023-06-17T16:13:49+00:00
SAO_3025-10,São Paulo,3550308,True,,33729,,,-23.5770275,-46.397946000000005,,,,2,2023-06-17T16:13:47+00:00
SAO_3025-10,São Paulo,3550308,True,,33729,,,-23.5594945,-46.4119435,,,,2,2023-06-17T16:14:01+00:00
SAO_3025-10,São Paulo,3550308,True,,33729,,,-23.5770275,-46.397946000000005,,,,2,2023-06-17T16:13:27+00:00
SAO_3025-10,São Paulo,3550308,True,,33729,,,-23.565846999999998,-46.416027,,,,2,2023-06-17T16:13:29+00:00
SAO_546T-10,São Paulo,3550308,True,,33040,,,-23.7037515,-46.627218,,,,2,2023-06-17T16:13:08+00:00
SAO_546T-10,São Paulo,3550308,True,,33040,,,-23.68074275,-46.683306,,,,2,2023-06-17T16:13:51+00:00
SAO_546T-10,São Paulo,3550308,True,,33040,,,-23.7036385,-46.627480000000006,,,,2,2023-06-17T16:13:25+00:00
SAO_546T-10,São Paulo,3550308,True,,33040,,,-23.7037805,-46.627188000000004,,,,2,2023-06-17T16:13:30+00:00
SAO_546T-10,São Paulo,3550308,True,,33040,,,-23.69941825,-46.641720750000005,,,,2,2023-06-17T16:13:22+00:00
SAO_546T-10,São Paulo,3550308,True,,33040,,,-23.6541035,-46.710938999999996,,,,2,2023-06-17T16:13:29+00:00
SAO_546T-10,São Paulo,3550308,True,,33040,,,-23.6966135,-46.6691505,,,,2,2023-06-17T16:13:25+00:00
SAO_546T-10,São Paulo,3550308,True,,33040,,,-23.697122125,-46.670599125,,,,2,2023-06-17T16:13:27+00:00
SAO_546T-10,São Paulo,3550308,True,,33040,,,-23.699939999999998,-46.641423,,,,2,2023-06-17T16:13:54+00:00
SAO_546T-10,São Paulo,3550308,True,,33040,,,-23.7041255,-46.6268,,,,2,2023-06-17T16:11:46+00:00
SAO_546T-10,São Paulo,3550308,True,,33040,,,-23.704088499999997,-46.6266995,,,,2,2023-06-17T16:09:36+00:00
SAO_546T-10,São Paulo,3550308,True,,33040,,,-23.704049,-46.626543,,,,2,2023-06-17T16:13:58+00:00
SAO_546T-10,São Paulo,3550308,True,,33040,,,-23.704141,-46.627005,,,,2,2023-06-17T16:13:37+00:00
SAO_546T-10,São Paulo,3550308,True,,33040,,,-23.65397075,-46.7077515,,,,2,2023-06-17T16:13:42+00:00
SAO_4033-10,São Paulo,3550308,True,,33871,,,-23.598350500000002,-46.5219465,,,,2,2023-06-17T16:13:49+00:00
SAO_4033-10,São Paulo,3550308,True,,33871,,,-23.6197935,-46.44371099999999,,,,2,2023-06-17T16:13:39+00:00
SAO_4033-10,São Paulo,3550308,True,,33871,,,-23.604264,-46.538593500000005,,,,2,2023-06-17T16:13:52+00:00
SAO_4033-10,São Paulo,3550308,True,,33871,,,-23.604264,-46.538593500000005,,,,2,2023-06-17T16:10:50+00:00
SAO_4033-10,São Paulo,3550308,True,,33871,,,-23.6128445,-46.489521999999994,,,,2,2023-06-17T16:13:57+00:00
SAO_4033-10,São Paulo,3550308,True,,33871,,,-23.617859000000003,-46.457464,,,,2,2023-06-17T16:14:04+00:00
SAO_475R-10,São Paulo,3550308,True,,344,,,-23.586787,-46.64807275,,,,1,2023-06-17T16:13:24+00:00
SAO_475R-10,São Paulo,3550308,True,,344,,,-23.65282,-46.607729000000006,,,,1,2023-06-17T16:13:53+00:00
SAO_475R-10,São Paulo,3550308,True,,344,,,-23.632486,-46.627449,,,,1,2023-06-17T16:13:54+00:00
SAO_475R-10,São Paulo,3550308,True,,344,,,-23.551139999999997,-46.632251499999995,,,,1,2023-06-17T16:13:47+00:00
SAO_5013-10,São Paulo,3550308,True,,33885,,,-23.682509,-46.633010999999996,,,,2,2023-06-17T16:13:39+00:00
SAO_5013-10,São Paulo,3550308,True,,33885,,,-23.685088,-46.6469415,,,,2,2023-06-17T16:13:30+00:00
SAO_5013-10,São Paulo,3550308,True,,33885,,,-23.663834,-46.6913885,,,,2,2023-06-17T16:13:26+00:00
SAO_5013-10,São Paulo,3550308,True,,33885,,,-23.672731499999998,-46.6757675,,,,2,2023-06-17T16:13:38+00:00
SAO_5013-10,São Paulo,3550308,True,,33885,,,-23.676837,-46.680361500000004,,,,2,2023-06-17T16:13:39+00:00
SAO_5013-10,São Paulo,3550308,True,,33885,,,-23.68527075,-46.6332995,,,,2,2023-06-17T16:13:47+00:00
SAO_5013-10,São Paulo,3550308,True,,33885,,,-23.682509,-46.633010999999996,,,,2,2023-06-17T16:13:56+00:00
SAO_5013-10,São Paulo,3550308,True,,33885,,,-23.675916,-46.66033175,,,,2,2023-06-17T16:13:29+00:00
SAO_5013-10,São Paulo,3550308,True,,33885,,,-23.6812385,-46.633822499999994,,,,2,2023-06-17T16:13:54+00:00
SAO_3160-10,São Paulo,3550308,True,,32893,,,-23.55284975,-46.617076999999995,,,,2,2023-06-17T16:13:49+00:00
SAO_3160-10,São Paulo,3550308,True,,32893,,,-23.5809115,-46.58677475,,,,2,2023-06-17T16:14:05+00:00
SAO_3160-10,São Paulo,3550308,True,,32893,,,-23.583164000000004,-46.5864885,,,,2,2023-06-17T16:13:42+00:00
SAO_3160-10,São Paulo,3550308,True,,32893,,,-23.583903499999998,-46.5856135,,,,2,2023-06-17T16:13:51+00:00
SAO_4027-10,São Paulo,3550308,True,,1097,,,-23.626135499999997,-46.44640149999999,,,,1,2023-06-17T16:13:40+00:00
SAO_4027-10,São Paulo,3550308,True,,1097,,,-23.610959,-46.476257875,,,,1,2023-06-17T16:12:39+00:00
SAO_4027-10,São Paulo,3550308,True,,1097,,,-23.597877875,-46.486518000000004,,,,1,2023-06-17T16:14:03+00:00
SAO_4027-10,São Paulo,3550308,True,,1097,,,-23.6417645,-46.439601,,,,1,2023-06-17T16:13:25+00:00
SAO_4027-10,São Paulo,3550308,True,,1097,,,-23.60136275,-46.483574250000004,,,,1,2023-06-17T16:13:26+00:00
SAO_4027-10,São Paulo,3550308,True,,1097,,,-23.641898,-46.438882500000005,,,,1,2023-06-17T16:13:59+00:00
SAO_4027-10,São Paulo,3550308,True,,1097,,,-23.593209,-46.4896265,,,,1,2023-06-17T16:13:58+00:00
SAO_6016-41,São Paulo,3550308,True,,34474,,,-23.7745565,-46.675799,,,,2,2023-06-17T16:13:28+00:00
SAO_6016-41,São Paulo,3550308,True,,34474,,,-23.774729,-46.675773500000005,,,,2,2023-06-17T16:13:28+00:00
SAO_6016-41,São Paulo,3550308,True,,34474,,,-23.7401655,-46.691473,,,,2,2023-06-17T16:13:53+00:00
SAO_6016-41,São Paulo,3550308,True,,34474,,,-23.774908500000002,-46.675708,,,,2,2023-06-17T16:14:05+00:00
SAO_2703-10,São Paulo,3550308,True,Urubupungá,915,https://moovitapp.com/index/pt-br/transporte_p%C3%BAblico-line-915-Sao_Paulo-242-873835-75841134-0,4.6,-23.52376175,-46.42969325,,,,1,2023-06-17T16:12:55+00:00
SAO_2703-10,São Paulo,3550308,True,Urubupungá,915,https://moovitapp.com/index/pt-br/transporte_p%C3%BAblico-line-915-Sao_Paulo-242-873835-75841134-0,4.6,-23.528322000000003,-46.417707,,,,1,2023-06-17T16:13:55+00:00
SAO_2703-10,São Paulo,3550308,True,Urubupungá,915,https://moovitapp.com/index/pt-br/transporte_p%C3%BAblico-line-915-Sao_Paulo-242-873835-75841134-0,4.6,-23.52533675,-46.41941025,,,,1,2023-06-17T16:07:39+00:00
SAO_2703-10,São Paulo,3550308,True,Urubupungá,915,https://moovitapp.com/index/pt-br/transporte_p%C3%BAblico-line-915-Sao_Paulo-242-873835-75841134-0,4.6,-23.529542499999998,-46.420608,,,,1,2023-06-17T16:13:48+00:00
SAO_2703-10,São Paulo,3550308,True,Urubupungá,915,https://moovitapp.com/index/pt-br/transporte_p%C3%BAblico-line-915-Sao_Paulo-242-873835-75841134-0,4.6,-23.53697275,-46.4554635,,,,1,2023-06-17T16:13:52+00:00
SAO_2290-10,São Paulo,3550308,True,,718,,,-23.6131955,-46.476123,,,,1,2023-06-17T16:13:32+00:00
SAO_2290-10,São Paulo,3550308,True,,718,,,-23.550901500000002,-46.532358,,,,1,2023-06-17T16:13:41+00:00
SAO_2290-10,São Paulo,3550308,True,,718,,,-23.60563525,-46.47994,,,,1,2023-06-17T16:14:01+00:00
SAO_2290-10,São Paulo,3550308,True,,718,,,-23.596332500000003,-46.487379625,,,,1,2023-06-17T16:13:36+00:00
SAO_2290-10,São Paulo,3550308,True,,718,,,-23.546634500000003,-46.6300045,,,,1,2023-06-17T16:13:45+00:00
SAO_2290-10,São Paulo,3550308,True,,718,,,-23.5468765,-46.629836,,,,1,2023-06-17T16:14:00+00:00
SAO_2290-10,São Paulo,3550308,True,,718,,,-23.6131955,-46.476123,,,,1,2023-06-17T16:14:07+00:00
SAO_2290-10,São Paulo,3550308,True,,718,,,-23.5461345,-46.630341,,,,1,2023-06-17T16:14:05+00:00
SAO_2290-10,São Paulo,3550308,True,,718,,,-23.5423565,-46.616277,,,,1,2023-06-17T16:13:26+00:00
SAO_2290-10,São Paulo,3550308,True,,718,,,-23.54188225,-46.627759499999996,,,,1,2023-06-17T16:13:59+00:00
SAO_2290-10,São Paulo,3550308,True,,718,,,-23.6131955,-46.476123,,,,1,2023-06-17T16:13:41+00:00
SAO_2290-10,São Paulo,3550308,True,,718,,,-23.560264,-46.5196105,,,,1,2023-06-17T16:14:02+00:00
SAO_2290-10,São Paulo,3550308,True,,718,,,-23.532581,-46.5598835,,,,1,2023-06-17T16:13:57+00:00
SAO_2290-10,São Paulo,3550308,True,,718,,,-23.5803545,-46.500555,,,,1,2023-06-17T16:14:08+00:00
SAO_2290-10,São Paulo,3550308,True,,718,,,-23.536963749999998,-46.59174825,,,,1,2023-06-17T16:14:05+00:00
SAO_2290-10,São Paulo,3550308,True,,718,,,-23.552137000000002,-46.634062,,,,1,2023-06-17T16:13:37+00:00
SAO_2100-10,São Paulo,3550308,True,STT,713,https://moovitapp.com/index/pt-br/transporte_p%C3%BAblico-line-713-Sao_Paulo-242-850661-183342-0,5.3,-23.548969,-46.6292655,,,,1,2023-06-17T16:14:03+00:00
SAO_2100-10,São Paulo,3550308,True,STT,713,https://moovitapp.com/index/pt-br/transporte_p%C3%BAblico-line-713-Sao_Paulo-242-850661-183342-0,5.3,-23.5587215,-46.522659000000004,,,,1,2023-06-17T16:13:55+00:00
SAO_2100-10,São Paulo,3550308,True,STT,713,https://moovitapp.com/index/pt-br/transporte_p%C3%BAblico-line-713-Sao_Paulo-242-850661-183342-0,5.3,-23.5587215,-46.522659000000004,,,,1,2023-06-17T16:13:29+00:00
SAO_2100-10,São Paulo,3550308,True,STT,713,https://moovitapp.com/index/pt-br/transporte_p%C3%BAblico-line-713-Sao_Paulo-242-850661-183342-0,5.3,-23.5587215,-46.522659000000004,,,,1,2023-06-17T16:13:52+00:00
SAO_2100-10,São Paulo,3550308,True,STT,713,https://moovitapp.com/index/pt-br/transporte_p%C3%BAblico-line-713-Sao_Paulo-242-850661-183342-0,5.3,-23.556688,-46.590018,,,,1,2023-06-17T16:13:38+00:00
SAO_2100-10,São Paulo,3550308,True,STT,713,https://moovitapp.com/index/pt-br/transporte_p%C3%BAblico-line-713-Sao_Paulo-242-850661-183342-0,5.3,-23.567334000000002,-46.54185,,,,1,2023-06-17T16:13:46+00:00
SAO_2100-10,São Paulo,3550308,True,STT,713,https://moovitapp.com/index/pt-br/transporte_p%C3%BAblico-line-713-Sao_Paulo-242-850661-183342-0,5.3,-23.549477,-46.633083,,,,1,2023-06-17T16:13:49+00:00
SAO_273R-10,São Paulo,3550308,True,EMTU,226,https://moovitapp.com/index/pt-br/transporte_p%C3%BAblico-line-226-Sao_Paulo-242-2038937-36419343-0,5.05,-23.51366925,-46.447316375,,,,1,2023-06-17T16:13:19+00:00
SAO_273R-10,São Paulo,3550308,True,EMTU,226,https://moovitapp.com/index/pt-br/transporte_p%C3%BAblico-line-226-Sao_Paulo-242-2038937-36419343-0,5.05,-23.503283000000003,-46.42929,,,,1,2023-06-17T16:13:29+00:00
SAO_273R-10,São Paulo,3550308,True,EMTU,226,https://moovitapp.com/index/pt-br/transporte_p%C3%BAblico-line-226-Sao_Paulo-242-2038937-36419343-0,5.05,-23.5173865,-46.47583825,,,,1,2023-06-17T16:13:42+00:00
SAO_273R-10,São Paulo,3550308,True,EMTU,226,https://moovitapp.com/index/pt-br/transporte_p%C3%BAblico-line-226-Sao_Paulo-242-2038937-36419343-0,5.05,-23.521997499999998,-46.412527999999995,,,,1,2023-06-17T16:13:27+00:00
SAO_273R-10,São Paulo,3550308,True,EMTU,226,https://moovitapp.com/index/pt-br/transporte_p%C3%BAblico-line-226-Sao_Paulo-242-2038937-36419343-0,5.05,-23.5173865,-46.47583825,,,,1,2023-06-17T16:13:49+00:00
SAO_930P-10,São Paulo,3550308,True,,34883,,,-23.567972,-46.6705045,,,,2,2023-06-17T16:13:49+00:00
SAO_930P-10,São Paulo,3550308,True,,34883,,,-23.546217,-46.6305745,,,,2,2023-06-17T16:14:04+00:00
SAO_930P-10,São Paulo,3550308,True,,34883,,,-23.567622999999998,-46.695747,,,,2,2023-06-17T16:13:22+00:00
SAO_930P-10,São Paulo,3550308,True,,34883,,,-23.551276,-46.640491499999996,,,,2,2023-06-17T16:13:29+00:00
SAO_930P-10,São Paulo,3550308,True,,34883,,,-23.558495375,-46.6606185,,,,2,2023-06-17T16:14:00+00:00
SAO_930P-10,São Paulo,3550308,True,,34883,,,-23.546062,-46.630887,,,,2,2023-06-17T16:14:02+00:00
SAO_6013-10,São Paulo,3550308,True,,186,,,-23.6492395,-46.73245,,,,1,2023-06-17T16:13:54+00:00
SAO_6013-10,São Paulo,3550308,True,,186,,,-23.676166000000002,-46.7493245,,,,1,2023-06-17T16:13:29+00:00
SAO_6013-10,São Paulo,3550308,True,,186,,,-23.699185,-46.7630965,,,,1,2023-06-17T16:13:36+00:00
SAO_5164-41,São Paulo,3550308,True,,34385,,,-23.646987000000003,-46.6452945,,,,2,2023-06-17T16:13:39+00:00
SAO_5164-41,São Paulo,3550308,True,,34385,,,-23.6345995,-46.6411415,,,,2,2023-06-17T16:14:05+00:00
SAO_2733-10,São Paulo,3550308,True,,948,,,-23.5157015,-46.462250999999995,,,,1,2023-06-17T16:13:37+00:00
SAO_2733-10,São Paulo,3550308,True,,948,,,-23.5197595,-46.454173999999995,,,,1,2023-06-17T16:13:48+00:00
SAO_2733-10,São Paulo,3550308,True,,948,,,-23.542588000000002,-46.46839,,,,1,2023-06-17T16:13:46+00:00
SAO_4029-10,São Paulo,3550308,True,,1099,,,-23.5777255,-46.5762365,,,,1,2023-06-17T16:13:54+00:00
SAO_4029-10,São Paulo,3550308,True,,1099,,,-23.589957,-46.5422855,,,,1,2023-06-17T16:14:05+00:00
SAO_4029-10,São Paulo,3550308,True,,1099,,,-23.586636749999997,-46.581416250000004,,,,1,2023-06-17T16:13:32+00:00
SAO_4029-10,São Paulo,3550308,True,,1099,,,-23.5983105,-46.522116,,,,1,2023-06-17T16:14:03+00:00
SAO_4029-10,São Paulo,3550308,True,,1099,,,-23.614089,-46.498060499999994,,,,1,2023-06-17T16:14:06+00:00
SAO_5178-10,São Paulo,3550308,True,,33363,,,-23.6823275,-46.642701,,,,2,2023-06-17T16:10:16+00:00
SAO_5178-10,São Paulo,3550308,True,,33363,,,-23.674775,-46.642773000000005,,,,2,2023-06-17T16:13:54+00:00
SAO_5178-10,São Paulo,3550308,True,,33363,,,-23.64881775,-46.6703895,,,,2,2023-06-17T16:14:05+00:00
SAO_5178-10,São Paulo,3550308,True,,33363,,,-23.552594499999998,-46.6355245,,,,2,2023-06-17T16:14:00+00:00
SAO_5178-10,São Paulo,3550308,True,,33363,,,-23.5586795,-46.641866,,,,2,2023-06-17T16:13:40+00:00
SAO_5178-10,São Paulo,3550308,True,,33363,,,-23.682023,-46.6429045,,,,2,2023-06-17T16:13:53+00:00
SAO_128Y-10,São Paulo,3550308,True,,33611,,,-23.457446,-46.673119,,,,2,2023-06-17T16:13:43+00:00
SAO_128Y-10,São Paulo,3550308,True,,33611,,,-23.513153,-46.6905325,,,,2,2023-06-17T16:14:00+00:00
SAO_128Y-10,São Paulo,3550308,True,,33611,,,-23.457446,-46.673119,,,,2,2023-06-17T16:13:32+00:00
SAO_128Y-10,São Paulo,3550308,True,,33611,,,-23.457437,-46.670062,,,,2,2023-06-17T16:13:41+00:00
SAO_128Y-10,São Paulo,3550308,True,,33611,,,-23.457446,-46.673119,,,,2,2023-06-17T16:13:44+00:00
SAO_128Y-10,São Paulo,3550308,True,,33611,,,-23.50071875,-46.66494025,,,,2,2023-06-17T16:13:41+00:00
SAO_128Y-10,São Paulo,3550308,True,,33611,,,-23.4799795,-46.660698499999995,,,,2,2023-06-17T16:13:24+00:00
SAO_6072-10,São Paulo,3550308,True,,34356,,,-23.8274015,-46.69739250000001,,,,2,2023-06-17T16:14:02+00:00
SAO_6072-10,São Paulo,3550308,True,,34356,,,-23.827348,-46.69764012499999,,,,2,2023-06-17T16:13:48+00:00
SAO_6072-10,São Paulo,3550308,True,,34356,,,-23.7665845,-46.7163125,,,,2,2023-06-17T16:13:39+00:00
SAO_6072-10,São Paulo,3550308,True,,34356,,,-23.8274015,-46.69739250000001,,,,2,2023-06-17T16:13:36+00:00
SAO_6072-10,São Paulo,3550308,True,,34356,,,-23.8274015,-46.69739250000001,,,,2,2023-06-17T16:13:58+00:00
SAO_6072-10,São Paulo,3550308,True,,34356,,,-23.805996999999998,-46.713722000000004,,,,2,2023-06-17T16:13:33+00:00
SAO_6072-10,São Paulo,3550308,True,,34356,,,-23.8274015,-46.69739250000001,,,,2,2023-06-17T16:13:43+00:00
SAO_6072-10,São Paulo,3550308,True,,34356,,,-23.771853,-46.719546,,,,2,2023-06-17T16:13:58+00:00
SAO_6072-10,São Paulo,3550308,True,,34356,,,-23.772029,-46.719725999999994,,,,2,2023-06-17T16:13:42+00:00
SAO_6072-10,São Paulo,3550308,True,,34356,,,-23.8274015,-46.69739250000001,,,,2,2023-06-17T16:13:58+00:00
SAO_6072-10,São Paulo,3550308,True,,34356,,,-23.8274015,-46.69739250000001,,,,2,2023-06-17T16:13:39+00:00
SAO_6072-10,São Paulo,3550308,True,,34356,,,-23.827348,-46.69764012499999,,,,2,2023-06-17T16:13:29+00:00
SAO_2703-10,São Paulo,3550308,True,,33683,,,-23.529075,-46.42023275,,,,2,2023-06-17T16:13:24+00:00
SAO_2703-10,São Paulo,3550308,True,,33683,,,-23.5294885,-46.4206845,,,,2,2023-06-17T16:10:00+00:00
SAO_2703-10,São Paulo,3550308,True,,33683,,,-23.5292015,-46.420719500000004,,,,2,2023-06-17T16:14:00+00:00
SAO_2703-10,São Paulo,3550308,True,,33683,,,-23.529075,-46.42023275,,,,2,2023-06-17T16:13:39+00:00
SAO_2703-10,São Paulo,3550308,True,,33683,,,-23.528895,-46.420494250000004,,,,2,2023-06-17T16:09:16+00:00
SAO_2703-10,São Paulo,3550308,True,,33683,,,-23.5259015,-46.439624,,,,2,2023-06-17T16:13:38+00:00
SAO_2703-10,São Paulo,3550308,True,,33683,,,-23.5416255,-46.4728035,,,,2,2023-06-17T16:13:58+00:00
SAO_2703-10,São Paulo,3550308,True,,33683,,,-23.524214,-46.42277800000001,,,,2,2023-06-17T16:10:49+00:00
SAO_2703-10,São Paulo,3550308,True,,33683,,,-23.529327000000002,-46.4207565,,,,2,2023-06-17T16:13:14+00:00
SAO_2703-10,São Paulo,3550308,True,,33683,,,-23.528895,-46.420494250000004,,,,2,2023-06-17T16:13:38+00:00
SAO_2703-10,São Paulo,3550308,True,,33683,,,-23.529075,-46.42023275,,,,2,2023-06-17T16:14:02+00:00
SAO_2703-10,São Paulo,3550308,True,,33683,,,-23.525472,-46.4438155,,,,2,2023-06-17T16:13:35+00:00
SAO_675K-10,São Paulo,3550308,True,,32966,,,-23.598283625,-46.65728606249999,,,,2,2023-06-17T16:13:51+00:00
SAO_675K-10,São Paulo,3550308,True,,32966,,,-23.599375000000002,-46.6376455,,,,2,2023-06-17T16:14:04+00:00
SAO_675K-10,São Paulo,3550308,True,,32966,,,-23.6903555,-46.7743995,,,,2,2023-06-17T16:13:26+00:00
SAO_675K-10,São Paulo,3550308,True,,32966,,,-23.644843,-46.701825625,,,,2,2023-06-17T16:14:03+00:00
SAO_675K-10,São Paulo,3550308,True,,32966,,,-23.675478,-46.755183,,,,2,2023-06-17T16:14:06+00:00
SAO_675K-10,São Paulo,3550308,True,,32966,,,-23.6901525,-46.774198999999996,,,,2,2023-06-17T16:13:45+00:00
SAO_675K-10,São Paulo,3550308,True,,32966,,,-23.65238925,-46.70869825,,,,2,2023-06-17T16:14:01+00:00
SAO_675K-10,São Paulo,3550308,True,,32966,,,-23.655170249999998,-46.70783675,,,,2,2023-06-17T16:13:34+00:00
SAO_675K-10,São Paulo,3550308,True,,32966,,,-23.612731000000004,-46.67087775,,,,2,2023-06-17T16:13:44+00:00
SAO_675K-10,São Paulo,3550308,True,,32966,,,-23.667147,-46.726717,,,,2,2023-06-17T16:14:06+00:00
SAO_3778-10,São Paulo,3550308,True,,33830,,,-23.570103,-46.486686,,,,2,2023-06-17T16:13:52+00:00
SAO_3778-10,São Paulo,3550308,True,,33830,,,-23.5419685,-46.549824,,,,2,2023-06-17T16:13:45+00:00
SAO_3778-10,São Paulo,3550308,True,,33830,,,-23.551586999999998,-46.530832000000004,,,,2,2023-06-17T16:13:53+00:00
SAO_3778-10,São Paulo,3550308,True,,33830,,,-23.573306,-46.5042655,,,,2,2023-06-17T16:13:59+00:00
SAO_4051-10,São Paulo,3550308,True,,2144,,,-23.561616,-46.401831,,,,1,2023-06-17T16:11:49+00:00
SAO_4051-10,São Paulo,3550308,True,,2144,,,-23.5551175,-46.401091,,,,1,2023-06-17T16:13:55+00:00
SAO_4051-10,São Paulo,3550308,True,,2144,,,-23.561616,-46.401831,,,,1,2023-06-17T16:13:49+00:00
SAO_4051-10,São Paulo,3550308,True,,2144,,,-23.542614,-46.4155005,,,,1,2023-06-17T16:11:53+00:00
SAO_4051-10,São Paulo,3550308,True,,2144,,,-23.561616,-46.401831,,,,1,2023-06-17T16:13:28+00:00
SAO_4288-10,São Paulo,3550308,True,,33058,,,-23.611155,-46.519178499999995,,,,2,2023-06-17T16:13:51+00:00
SAO_4288-10,São Paulo,3550308,True,,33058,,,-23.587616375,-46.586105375,,,,2,2023-06-17T16:13:45+00:00
SAO_5123-10,São Paulo,3550308,True,,1125,,,-23.678448500000002,-46.630771499999994,,,,1,2023-06-17T16:13:37+00:00
SAO_5123-10,São Paulo,3550308,True,,1125,,,-23.5996435,-46.636989,,,,1,2023-06-17T16:13:49+00:00
SAO_5123-10,São Paulo,3550308,True,,1125,,,-23.6753735,-46.642289500000004,,,,1,2023-06-17T16:13:55+00:00
SAO_5123-10,São Paulo,3550308,True,,1125,,,-23.65546375,-46.636522,,,,1,2023-06-17T16:13:37+00:00
SAO_5123-10,São Paulo,3550308,True,,1125,,,-23.621463,-46.639799,,,,1,2023-06-17T16:13:40+00:00
SAO_5123-10,São Paulo,3550308,True,,1125,,,-23.678448500000002,-46.630771499999994,,,,1,2023-06-17T16:13:51+00:00
SAO_4310-10,São Paulo,3550308,True,,2160,,,-23.5474545,-46.626438,,,,1,2023-06-17T16:12:55+00:00
SAO_4310-10,São Paulo,3550308,True,,2160,,,-23.534564500000002,-46.4529065,,,,1,2023-06-17T16:13:29+00:00
SAO_4310-10,São Paulo,3550308,True,,2160,,,-23.547027,-46.630752,,,,1,2023-06-17T16:13:38+00:00
SAO_4310-10,São Paulo,3550308,True,,2160,,,-23.52897725,-46.515525499999995,,,,1,2023-06-17T16:13:54+00:00
SAO_4310-10,São Paulo,3550308,True,,2160,,,-23.547148999999997,-46.6306685,,,,1,2023-06-17T16:13:49+00:00
SAO_4310-10,São Paulo,3550308,True,,2160,,,-23.5404725,-46.5751875,,,,1,2023-06-17T16:13:56+00:00
SAO_4310-10,São Paulo,3550308,True,,2160,,,-23.542716,-46.469168499999995,,,,1,2023-06-17T16:11:23+00:00
SAO_5614-21,São Paulo,3550308,True,,35232,,,-23.715893,-46.624467,,,,2,2023-06-17T16:13:12+00:00
SAO_5614-21,São Paulo,3550308,True,,35232,,,-23.71528025,-46.62680425,,,,2,2023-06-17T16:13:45+00:00
SAO_5362-10,São Paulo,3550308,True,,32838,,,-23.7431225,-46.6917315,,,,2,2023-06-17T16:13:54+00:00
SAO_5362-10,São Paulo,3550308,True,,32838,,,-23.7545765,-46.679976499999995,,,,2,2023-06-17T16:14:01+00:00
SAO_5362-10,São Paulo,3550308,True,,32838,,,-23.7563975,-46.6678165,,,,2,2023-06-17T16:13:10+00:00
SAO_5362-10,São Paulo,3550308,True,,32838,,,-23.74435,-46.6720445,,,,2,2023-06-17T16:13:51+00:00
SAO_5362-10,São Paulo,3550308,True,,32838,,,-23.65107175,-46.70392125000001,,,,2,2023-06-17T16:13:24+00:00
SAO_5362-10,São Paulo,3550308,True,,32838,,,-23.745211124999997,-46.666166125000004,,,,2,2023-06-17T16:13:59+00:00
SAO_5362-10,São Paulo,3550308,True,,32838,,,-23.596573749999997,-46.65567587500001,,,,2,2023-06-17T16:13:47+00:00
SAO_5362-10,São Paulo,3550308,True,,32838,,,-23.7401655,-46.691473,,,,2,2023-06-17T16:13:26+00:00
SAO_695H-10,São Paulo,3550308,True,,1196,,,-23.7266495,-46.699323500000006,,,,1,2023-06-17T16:13:40+00:00
SAO_695H-10,São Paulo,3550308,True,,1196,,,-23.67657975,-46.696490499999996,,,,1,2023-06-17T16:13:48+00:00
SAO_695H-10,São Paulo,3550308,True,,1196,,,-23.7866725,-46.714248999999995,,,,1,2023-06-17T16:10:59+00:00
SAO_9009-10,São Paulo,3550308,True,,33645,,,-23.447998,-46.708507,,,,2,2023-06-17T16:13:49+00:00
SAO_9009-10,São Paulo,3550308,True,,33645,,,-23.4615145,-46.6841035,,,,2,2023-06-17T16:13:46+00:00
SAO_9009-10,São Paulo,3550308,True,,33645,,,-23.44138575,-46.71691275,,,,2,2023-06-17T16:13:57+00:00
SAO_9009-10,São Paulo,3550308,True,,33645,,,-23.446046125000002,-46.708627625,,,,2,2023-06-17T16:14:02+00:00
SAO_9009-10,São Paulo,3550308,True,,33645,,,-23.449002,-46.701524,,,,2,2023-06-17T16:13:58+00:00
SAO_9009-10,São Paulo,3550308,True,,33645,,,-23.4742495,-46.669781,,,,2,2023-06-17T16:13:58+00:00
SAO_352A-10,São Paulo,3550308,True,,32932,,,-23.479059749999998,-46.42096825,,,,2,2023-06-17T16:13:49+00:00
SAO_352A-10,São Paulo,3550308,True,,32932,,,-23.4792935,-46.421334,,,,2,2023-06-17T16:14:04+00:00
SAO_352A-10,São Paulo,3550308,True,,32932,,,-23.565778,-46.467827,,,,2,2023-06-17T16:13:31+00:00
SAO_352A-10,São Paulo,3550308,True,,32932,,,-23.479100875,-46.421538125,,,,2,2023-06-17T16:14:05+00:00
SAO_352A-10,São Paulo,3550308,True,,32932,,,-23.490723,-46.43851325,,,,2,2023-06-17T16:13:48+00:00
SAO_6091-10,São Paulo,3550308,True,,1175,,,-23.654359,-46.7068095,,,,1,2023-06-17T16:13:46+00:00
SAO_6091-10,São Paulo,3550308,True,,1175,,,-23.7681395,-46.717362875,,,,1,2023-06-17T16:13:59+00:00
SAO_6091-10,São Paulo,3550308,True,,1175,,,-23.822207249999998,-46.7358640625,,,,1,2023-06-17T16:13:37+00:00
SAO_6091-10,São Paulo,3550308,True,,1175,,,-23.739424,-46.701571,,,,1,2023-06-17T16:13:26+00:00
SAO_6091-10,São Paulo,3550308,True,,1175,,,-23.653856875,-46.71128025,,,,1,2023-06-17T16:13:58+00:00
SAO_6091-10,São Paulo,3550308,True,,1175,,,-23.856669000000004,-46.706611375,,,,1,2023-06-17T16:13:46+00:00
SAO_695V-10,São Paulo,3550308,True,,32776,,,-23.582805,-46.6376355,,,,2,2023-06-17T16:13:45+00:00
SAO_695V-10,São Paulo,3550308,True,,32776,,,-23.606495375,-46.665043250000004,,,,2,2023-06-17T16:13:28+00:00
SAO_695V-10,São Paulo,3550308,True,,32776,,,-23.654714,-46.760605,,,,2,2023-06-17T16:13:44+00:00
SAO_1738-10,São Paulo,3550308,True,,33440,,,-23.4737785,-46.580731,,,,2,2023-06-17T16:14:04+00:00
SAO_1738-10,São Paulo,3550308,True,,33440,,,-23.47361775,-46.583155250000004,,,,2,2023-06-17T16:14:02+00:00
SAO_1738-10,São Paulo,3550308,True,,33440,,,-23.5004735,-46.612975500000005,,,,2,2023-06-17T16:14:01+00:00
SAO_4724-10,São Paulo,3550308,True,,34828,,,-23.530963,-46.502753,,,,2,2023-06-17T16:13:43+00:00
SAO_4724-10,São Paulo,3550308,True,,34828,,,-23.535428250000002,-46.50393125,,,,2,2023-06-17T16:14:03+00:00
SAO_9011-21,São Paulo,3550308,True,,1768,,,-23.4547945,-46.738510500000004,,,,1,2023-06-17T16:13:25+00:00
SAO_9011-21,São Paulo,3550308,True,,1768,,,-23.4547945,-46.738510500000004,,,,1,2023-06-17T16:13:55+00:00
SAO_9011-21,São Paulo,3550308,True,,1768,,,-23.4547945,-46.738510500000004,,,,1,2023-06-17T16:13:42+00:00
SAO_9011-21,São Paulo,3550308,True,,1768,,,-23.4547945,-46.738510500000004,,,,1,2023-06-17T16:13:19+00:00
SAO_9011-21,São Paulo,3550308,True,,1768,,,-23.4547945,-46.738510500000004,,,,1,2023-06-17T16:13:22+00:00
SAO_9011-21,São Paulo,3550308,True,,1768,,,-23.4547945,-46.738510500000004,,,,1,2023-06-17T16:13:47+00:00
SAO_9011-21,São Paulo,3550308,True,,1768,,,-23.4547945,-46.738510500000004,,,,1,2023-06-17T16:13:25+00:00
SAO_9011-21,São Paulo,3550308,True,,1768,,,-23.44571925,-46.731359749999996,,,,1,2023-06-17T16:13:35+00:00
SAO_3031-10,São Paulo,3550308,True,,967,,,-23.579055999999998,-46.442871124999996,,,,1,2023-06-17T16:13:50+00:00
SAO_3031-10,São Paulo,3550308,True,,967,,,-23.610605999999997,-46.44484,,,,1,2023-06-17T16:13:26+00:00
SAO_3031-10,São Paulo,3550308,True,,967,,,-23.546550250000003,-46.461182,,,,1,2023-06-17T16:14:04+00:00
SAO_9009-10,São Paulo,3550308,True,,877,,,-23.445667,-46.705163999999996,,,,1,2023-06-17T16:13:27+00:00
SAO_9009-10,São Paulo,3550308,True,,877,,,-23.447619500000002,-46.7088905,,,,1,2023-06-17T16:13:28+00:00
SAO_9009-10,São Paulo,3550308,True,,877,,,-23.435848,-46.71495075,,,,1,2023-06-17T16:13:22+00:00
SAO_9009-10,São Paulo,3550308,True,,877,,,-23.447921,-46.708813500000005,,,,1,2023-06-17T16:13:24+00:00
SAO_9009-10,São Paulo,3550308,True,,877,,,-23.473550250000002,-46.670976249999995,,,,1,2023-06-17T16:13:31+00:00
SAO_9009-10,São Paulo,3550308,True,,877,,,-23.445642499999998,-46.711884,,,,1,2023-06-17T16:13:55+00:00
SAO_9009-10,São Paulo,3550308,True,,877,,,-23.466757,-46.679265,,,,1,2023-06-17T16:13:39+00:00
SAO_3053-10,São Paulo,3550308,True,,33741,,,-23.586322000000003,-46.517802,,,,2,2023-06-17T16:13:38+00:00
SAO_3053-10,São Paulo,3550308,True,,33741,,,-23.543875,-46.5923585,,,,2,2023-06-17T16:13:29+00:00
SAO_3053-10,São Paulo,3550308,True,,33741,,,-23.585320749999998,-46.49509175,,,,2,2023-06-17T16:13:49+00:00
SAO_3053-10,São Paulo,3550308,True,,33741,,,-23.57862425,-46.54116675,,,,2,2023-06-17T16:13:42+00:00
SAO_3053-10,São Paulo,3550308,True,,33741,,,-23.5749225,-46.5416635,,,,2,2023-06-17T16:13:59+00:00
SAO_3053-10,São Paulo,3550308,True,,33741,,,-23.5545675,-46.58133725,,,,2,2023-06-17T16:13:35+00:00
SAO_3053-10,São Paulo,3550308,True,,33741,,,-23.585588,-46.4950305,,,,2,2023-06-17T16:13:46+00:00
SAO_3053-10,São Paulo,3550308,True,,33741,,,-23.584741,-46.495041,,,,2,2023-06-17T16:13:28+00:00
SAO_3053-10,São Paulo,3550308,True,,33741,,,-23.58125,-46.537955,,,,2,2023-06-17T16:13:49+00:00
SAO_8038-10,São Paulo,3550308,True,,33565,,,-23.5192465,-46.7041905,,,,2,2023-06-17T16:13:44+00:00
SAO_8038-10,São Paulo,3550308,True,,33565,,,-23.53488225,-46.76081775,,,,2,2023-06-17T16:13:54+00:00
SAO_8038-10,São Paulo,3550308,True,,33565,,,-23.536278125000003,-46.73269625,,,,2,2023-06-17T16:13:29+00:00
SAO_8038-10,São Paulo,3550308,True,,33565,,,-23.53488225,-46.76081775,,,,2,2023-06-17T16:14:01+00:00
SAO_8038-10,São Paulo,3550308,True,,33565,,,-23.54789475,-46.750386999999996,,,,2,2023-06-17T16:13:43+00:00
SAO_8038-10,São Paulo,3550308,True,,33565,,,-23.523652,-46.7135685,,,,2,2023-06-17T16:14:02+00:00
SAO_8038-10,São Paulo,3550308,True,,33565,,,-23.5192465,-46.7041905,,,,2,2023-06-17T16:12:33+00:00
SAO_6000-10,São Paulo,3550308,True,,1140,,,-23.65517725,-46.7067835,,,,1,2023-06-17T16:13:41+00:00
SAO_6000-10,São Paulo,3550308,True,,1140,,,-23.7638465,-46.7161725,,,,1,2023-06-17T16:14:03+00:00
SAO_6000-10,São Paulo,3550308,True,,1140,,,-23.826907,-46.7317605,,,,1,2023-06-17T16:14:00+00:00
SAO_6000-10,São Paulo,3550308,True,,1140,,,-23.791379499999998,-46.7271375,,,,1,2023-06-17T16:13:24+00:00
SAO_6000-10,São Paulo,3550308,True,,1140,,,-23.653938,-46.709849000000006,,,,1,2023-06-17T16:13:33+00:00
SAO_6000-10,São Paulo,3550308,True,,1140,,,-23.701241625,-46.714988749999996,,,,1,2023-06-17T16:13:52+00:00
SAO_6000-10,São Paulo,3550308,True,,1140,,,-23.6740335,-46.7122325,,,,1,2023-06-17T16:14:04+00:00
SAO_6000-10,São Paulo,3550308,True,,1140,,,-23.8284425,-46.72717900000001,,,,1,2023-06-17T16:13:26+00:00
SAO_6000-10,São Paulo,3550308,True,,1140,,,-23.8284425,-46.72717900000001,,,,1,2023-06-17T16:13:41+00:00
SAO_5164-10,São Paulo,3550308,True,,34051,,,-23.5962065,-46.65095975,,,,2,2023-06-17T16:13:57+00:00
SAO_5164-10,São Paulo,3550308,True,,34051,,,-23.642789999999998,-46.6613045,,,,2,2023-06-17T16:13:46+00:00
SAO_5164-10,São Paulo,3550308,True,,34051,,,-23.64676125,-46.64523025,,,,2,2023-06-17T16:13:55+00:00
SAO_5164-10,São Paulo,3550308,True,,34051,,,-23.618129500000002,-46.6392055,,,,2,2023-06-17T16:13:32+00:00
SAO_5164-10,São Paulo,3550308,True,,34051,,,-23.6428455,-46.661547999999996,,,,2,2023-06-17T16:14:05+00:00
SAO_1764-10,São Paulo,3550308,True,,625,,,-23.425084,-46.582206,,,,1,2023-06-17T16:14:03+00:00
SAO_1764-10,São Paulo,3550308,True,,625,,,-23.47904475,-46.61887025,,,,1,2023-06-17T16:09:12+00:00
SAO_1764-10,São Paulo,3550308,True,,625,,,-23.4597075,-46.602514,,,,1,2023-06-17T16:13:24+00:00
SAO_4017-10,São Paulo,3550308,True,,34958,,,-23.6008165,-46.399510500000005,,,,2,2023-06-17T16:13:36+00:00
SAO_4017-10,São Paulo,3550308,True,,34958,,,-23.60186025,-46.398567,,,,2,2023-06-17T16:13:35+00:00
SAO_4017-10,São Paulo,3550308,True,,34958,,,-23.577305000000003,-46.391294,,,,2,2023-06-17T16:13:32+00:00
SAO_4017-10,São Paulo,3550308,True,,34958,,,-23.60109525,-46.39926,,,,2,2023-06-17T16:13:28+00:00
SAO_4017-10,São Paulo,3550308,True,,34958,,,-23.60109525,-46.39926,,,,2,2023-06-17T16:13:31+00:00
SAO_478P-10,São Paulo,3550308,True,,33117,,,-23.628537,-46.600443999999996,,,,2,2023-06-17T16:09:39+00:00
SAO_478P-10,São Paulo,3550308,True,,33117,,,-23.580336,-46.62447,,,,2,2023-06-17T16:13:56+00:00
SAO_478P-10,São Paulo,3550308,True,,33117,,,-23.629079,-46.598518,,,,2,2023-06-17T16:13:41+00:00
SAO_3029-10,São Paulo,3550308,True,,33734,,,-23.573081000000002,-46.533081499999994,,,,2,2023-06-17T16:14:04+00:00
SAO_3029-10,São Paulo,3550308,True,,33734,,,-23.564615500000002,-46.544917999999996,,,,2,2023-06-17T16:13:43+00:00
SAO_3029-10,São Paulo,3550308,True,,33734,,,-23.58760625,-46.5089,,,,2,2023-06-17T16:13:53+00:00
SAO_3029-10,São Paulo,3550308,True,,33734,,,-23.585295,-46.5067185,,,,2,2023-06-17T16:13:59+00:00
SAO_3029-10,São Paulo,3550308,True,,33734,,,-23.539279999999998,-46.553519875,,,,2,2023-06-17T16:13:39+00:00
SAO_3029-10,São Paulo,3550308,True,,33734,,,-23.585295,-46.5067185,,,,2,2023-06-17T16:13:45+00:00
SAO_5110-10,São Paulo,3550308,True,,2209,,,-23.58318575,-46.599758375,,,,1,2023-06-17T16:14:02+00:00
SAO_5110-10,São Paulo,3550308,True,,2209,,,-23.612184499999998,-46.482907499999996,,,,1,2023-06-17T16:13:26+00:00
SAO_5110-10,São Paulo,3550308,True,,2209,,,-23.6141145,-46.476496999999995,,,,1,2023-06-17T16:13:33+00:00
SAO_5110-10,São Paulo,3550308,True,,2209,,,-23.612288,-46.482754,,,,1,2023-06-17T16:13:58+00:00
SAO_5110-10,São Paulo,3550308,True,,2209,,,-23.61259,-46.479862999999995,,,,1,2023-06-17T16:13:51+00:00
SAO_5110-10,São Paulo,3550308,True,,2209,,,-23.5825985,-46.5662145,,,,1,2023-06-17T16:13:35+00:00
SAO_5110-10,São Paulo,3550308,True,,2209,,,-23.602439,-46.517495499999995,,,,1,2023-06-17T16:13:24+00:00
SAO_5110-10,São Paulo,3550308,True,,2209,,,-23.6140125,-46.476341500000004,,,,1,2023-06-17T16:13:41+00:00
SAO_5110-10,São Paulo,3550308,True,,2209,,,-23.6131955,-46.476123,,,,1,2023-06-17T16:14:07+00:00
SAO_6338-10,São Paulo,3550308,True,,1293,,,-23.653484499999998,-46.6483485,,,,1,2023-06-17T16:13:34+00:00
SAO_6338-10,São Paulo,3550308,True,,1293,,,-23.602027375,-46.6349835,,,,1,2023-06-17T16:13:45+00:00
SAO_3778-10,São Paulo,3550308,True,,1062,,,-23.57480975,-46.49542625,,,,1,2023-06-17T16:13:59+00:00
SAO_3778-10,São Paulo,3550308,True,,1062,,,-23.5698355,-46.4878265,,,,1,2023-06-17T16:13:36+00:00
SAO_3778-10,São Paulo,3550308,True,,1062,,,-23.55036275,-46.533575,,,,1,2023-06-17T16:13:35+00:00
SAO_3778-10,São Paulo,3550308,True,,1062,,,-23.569554,-46.486423,,,,1,2023-06-17T16:13:33+00:00
SAO_3778-10,São Paulo,3550308,True,,1062,,,-23.568366875000002,-46.50955725,,,,1,2023-06-17T16:13:45+00:00
SAO_3778-10,São Paulo,3550308,True,,1062,,,-23.54305075,-46.56406925,,,,1,2023-06-17T16:13:31+00:00
SAO_3778-10,São Paulo,3550308,True,,1062,,,-23.5701655,-46.489796,,,,1,2023-06-17T16:13:32+00:00
SAO_2769-10,São Paulo,3550308,True,,397,,,-23.4885705,-46.4291525,,,,1,2023-06-17T16:13:34+00:00
SAO_2769-10,São Paulo,3550308,True,,397,,,-23.50748,-46.490358,,,,1,2023-06-17T16:13:32+00:00
SAO_2769-10,São Paulo,3550308,True,,397,,,-23.4818615,-46.379605999999995,,,,1,2023-06-17T16:13:52+00:00
SAO_2769-10,São Paulo,3550308,True,,397,,,-23.4818615,-46.379605999999995,,,,1,2023-06-17T16:13:32+00:00
SAO_6L11-10,São Paulo,3550308,True,,33935,,,-23.762112000000002,-46.655372,,,,2,2023-06-17T16:13:50+00:00
SAO_6L11-10,São Paulo,3550308,True,,33935,,,-23.8015465,-46.6276715,,,,2,2023-06-17T16:13:36+00:00
SAO_6062-10,São Paulo,3550308,True,,33919,,,-23.739462,-46.68600225,,,,2,2023-06-17T16:13:28+00:00
SAO_6062-10,São Paulo,3550308,True,,33919,,,-23.7419425,-46.68161550000001,,,,2,2023-06-17T16:13:25+00:00
SAO_208V-10,São Paulo,3550308,True,,32975,,,-23.5173865,-46.47583825,,,,2,2023-06-17T16:13:50+00:00
SAO_208V-10,São Paulo,3550308,True,,32975,,,-23.5476865,-46.6292585,,,,2,2023-06-17T16:13:49+00:00
SAO_208V-10,São Paulo,3550308,True,,32975,,,-23.517815499999998,-46.475735,,,,2,2023-06-17T16:14:06+00:00
SAO_208V-10,São Paulo,3550308,True,,32975,,,-23.5476865,-46.6292585,,,,2,2023-06-17T16:13:18+00:00
SAO_208V-10,São Paulo,3550308,True,,32975,,,-23.5476865,-46.6292585,,,,2,2023-06-17T16:13:53+00:00
SAO_208V-10,São Paulo,3550308,True,,32975,,,-23.528242,-46.55196175,,,,2,2023-06-17T16:13:36+00:00
SAO_208V-10,São Paulo,3550308,True,,32975,,,-23.5476865,-46.6292585,,,,2,2023-06-17T16:13:27+00:00
SAO_208V-10,São Paulo,3550308,True,,32975,,,-23.5476865,-46.6292585,,,,2,2023-06-17T16:13:23+00:00
SAO_208V-10,São Paulo,3550308,True,,32975,,,-23.5476865,-46.6292585,,,,2,2023-06-17T16:13:24+00:00
SAO_208V-10,São Paulo,3550308,True,,32975,,,-23.5173865,-46.47583825,,,,2,2023-06-17T16:13:50+00:00
SAO_208V-10,São Paulo,3550308,True,,32975,,,-23.517572,-46.475783,,,,2,2023-06-17T16:13:24+00:00
SAO_208V-10,São Paulo,3550308,True,,32975,,,-23.5355065,-46.5843,,,,2,2023-06-17T16:13:57+00:00
SAO_208V-10,São Paulo,3550308,True,,32975,,,-23.51775,-46.4757475,,,,2,2023-06-17T16:13:50+00:00
SAO_208V-10,São Paulo,3550308,True,,32975,,,-23.5182095,-46.475659,,,,2,2023-06-17T12:58:39+00:00
SAO_208V-10,São Paulo,3550308,True,,32975,,,-23.5232725,-46.5344575,,,,2,2023-06-17T16:13:24+00:00
SAO_208V-10,São Paulo,3550308,True,,32975,,,-23.5182095,-46.475659,,,,2,2023-06-17T16:13:28+00:00
SAO_208V-10,São Paulo,3550308,True,,32975,,,-23.5476865,-46.6292585,,,,2,2023-06-17T16:14:06+00:00
SAO_208V-10,São Paulo,3550308,True,,32975,,,-23.5476865,-46.6292585,,,,2,2023-06-17T16:13:22+00:00
SAO_2290-10,São Paulo,3550308,True,,33486,,,-23.612947,-46.476177500000006,,,,2,2023-06-17T16:14:06+00:00
SAO_2290-10,São Paulo,3550308,True,,33486,,,-23.559302000000002,-46.5206565,,,,2,2023-06-17T16:14:07+00:00
SAO_2290-10,São Paulo,3550308,True,,33486,,,-23.586525,-46.49109025,,,,2,2023-06-17T16:13:28+00:00
SAO_2290-10,São Paulo,3550308,True,,33486,,,-23.540174999999998,-46.55162,,,,2,2023-06-17T16:13:34+00:00
SAO_2290-10,São Paulo,3550308,True,,33486,,,-23.603975,-46.4813555,,,,2,2023-06-17T16:13:56+00:00
SAO_2290-10,São Paulo,3550308,True,,33486,,,-23.565191,-46.51288475,,,,2,2023-06-17T16:13:45+00:00
SAO_2290-10,São Paulo,3550308,True,,33486,,,-23.6127315,-46.476122000000004,,,,2,2023-06-17T16:13:47+00:00
SAO_2290-10,São Paulo,3550308,True,,33486,,,-23.6132505,-46.476259999999996,,,,2,2023-06-17T16:13:52+00:00
SAO_2290-10,São Paulo,3550308,True,,33486,,,-23.542376500000003,-46.61567375,,,,2,2023-06-17T16:13:26+00:00
SAO_2290-10,São Paulo,3550308,True,,33486,,,-23.546346,-46.62254,,,,2,2023-06-17T16:13:40+00:00
SAO_2290-10,São Paulo,3550308,True,,33486,,,-23.612947,-46.476177500000006,,,,2,2023-06-17T16:13:34+00:00
SAO_2290-10,São Paulo,3550308,True,,33486,,,-23.535645,-46.570648500000004,,,,2,2023-06-17T16:13:38+00:00
SAO_2290-10,São Paulo,3550308,True,,33486,,,-23.584042,-46.4926035,,,,2,2023-06-17T16:14:04+00:00
SAO_2735-10,São Paulo,3550308,True,,1921,,,-23.523043625,-46.548755375,,,,1,2023-06-17T16:14:00+00:00
SAO_2735-10,São Paulo,3550308,True,,1921,,,-23.509308500000003,-46.546600125,,,,1,2023-06-17T16:13:39+00:00
SAO_2735-10,São Paulo,3550308,True,,1921,,,-23.495432875,-46.519786624999995,,,,1,2023-06-17T16:13:47+00:00
SAO_2735-10,São Paulo,3550308,True,,1921,,,-23.525396,-46.54912725,,,,1,2023-06-17T16:13:37+00:00
SAO_6080-10,São Paulo,3550308,True,,1168,,,-23.759982,-46.6777045,,,,1,2023-06-17T16:13:58+00:00
SAO_6080-10,São Paulo,3550308,True,,1168,,,-23.732933,-46.696845499999995,,,,1,2023-06-17T16:14:05+00:00
SAO_6080-10,São Paulo,3550308,True,,1168,,,-23.747837,-46.687671,,,,1,2023-06-17T16:14:00+00:00
SAO_6080-10,São Paulo,3550308,True,,1168,,,-23.678708,-46.673573,,,,1,2023-06-17T16:13:47+00:00
SAO_3134-10,São Paulo,3550308,True,,33761,,,-23.5634105,-46.5054495,,,,2,2023-06-17T16:13:55+00:00
SAO_3134-10,São Paulo,3550308,True,,33761,,,-23.563912000000002,-46.5052585,,,,2,2023-06-17T16:13:53+00:00
SAO_3134-10,São Paulo,3550308,True,,33761,,,-23.5630785,-46.5055855,,,,2,2023-06-17T16:13:59+00:00
SAO_3134-10,São Paulo,3550308,True,,33761,,,-23.578844,-46.54297475,,,,2,2023-06-17T16:13:35+00:00
SAO_3134-10,São Paulo,3550308,True,,33761,,,-23.582251,-46.585388,,,,2,2023-06-17T16:14:05+00:00
SAO_3134-10,São Paulo,3550308,True,,33761,,,-23.5916885,-46.588707,,,,2,2023-06-17T16:13:31+00:00
SAO_3134-10,São Paulo,3550308,True,,33761,,,-23.563519,-46.5054075,,,,2,2023-06-17T16:13:44+00:00
SAO_3134-10,São Paulo,3550308,True,,33761,,,-23.57827,-46.51722075,,,,2,2023-06-17T16:13:53+00:00
SAO_2017-10,São Paulo,3550308,True,,33671,,,-23.512217125,-46.415789000000004,,,,2,2023-06-17T16:11:58+00:00
SAO_2017-10,São Paulo,3550308,True,,33671,,,-23.49667375,-46.4197835,,,,2,2023-06-17T16:13:21+00:00
SAO_2017-10,São Paulo,3550308,True,,33671,,,-23.51918,-46.412904,,,,2,2023-06-17T16:13:30+00:00
SAO_3390-10,São Paulo,3550308,True,,738,,,-23.6124025,-46.482224,,,,1,2023-06-17T16:13:55+00:00
SAO_3390-10,São Paulo,3550308,True,,738,,,-23.612506,-46.479178,,,,1,2023-06-17T16:13:39+00:00
SAO_3390-10,São Paulo,3550308,True,,738,,,-23.59850425,-46.52051,,,,1,2023-06-17T16:13:45+00:00
SAO_3390-10,São Paulo,3550308,True,,738,,,-23.5473415,-46.629296499999995,,,,1,2023-06-17T16:13:48+00:00
SAO_3390-10,São Paulo,3550308,True,,738,,,-23.57885675,-46.57353125,,,,1,2023-06-17T16:13:34+00:00
SAO_3390-10,São Paulo,3550308,True,,738,,,-23.612582,-46.479593,,,,1,2023-06-17T16:13:22+00:00
SAO_736G-10,São Paulo,3550308,True,,33548,,,-23.633841750000002,-46.697886,,,,2,2023-06-17T16:13:53+00:00
SAO_736G-10,São Paulo,3550308,True,,33548,,,-23.6412155,-46.723060000000004,,,,2,2023-06-17T16:13:59+00:00
SAO_736G-10,São Paulo,3550308,True,,33548,,,-23.632452999999998,-46.7480465,,,,2,2023-06-17T16:13:59+00:00
SAO_736G-10,São Paulo,3550308,True,,33548,,,-23.6324355,-46.748238,,,,2,2023-06-17T16:13:31+00:00
SAO_118Y-10,São Paulo,3550308,True,,33609,,,-23.472585000000002,-46.63464675,,,,2,2023-06-17T16:13:32+00:00
SAO_118Y-10,São Paulo,3550308,True,,33609,,,-23.5198945,-46.70098,,,,2,2023-06-17T16:13:23+00:00
SAO_118Y-10,São Paulo,3550308,True,,33609,,,-23.5076465,-46.6788605,,,,2,2023-06-17T16:13:45+00:00
SAO_118Y-10,São Paulo,3550308,True,,33609,,,-23.472693,-46.63499025,,,,2,2023-06-17T16:13:28+00:00
SAO_118Y-10,São Paulo,3550308,True,,33609,,,-23.497291,-46.67378425,,,,2,2023-06-17T16:13:26+00:00
SAO_6500-10,São Paulo,3550308,True,,46,,,-23.654395,-46.7121185,,,,1,2023-06-17T16:13:27+00:00
SAO_6500-10,São Paulo,3550308,True,,46,,,-23.550034,-46.642821,,,,1,2023-06-17T16:13:57+00:00
SAO_6500-10,São Paulo,3550308,True,,46,,,-23.616493749999997,-46.68038525,,,,1,2023-06-17T16:13:59+00:00
SAO_6500-10,São Paulo,3550308,True,,46,,,-23.654395,-46.7121185,,,,1,2023-06-17T16:13:49+00:00
SAO_6500-10,São Paulo,3550308,True,,46,,,-23.654395,-46.7121185,,,,1,2023-06-17T16:13:56+00:00
SAO_6044-10,São Paulo,3550308,True,,33989,,,-23.661455500000002,-46.778644,,,,2,2023-06-17T16:14:08+00:00
SAO_6044-10,São Paulo,3550308,True,,33989,,,-23.646980875000004,-46.706912875,,,,2,2023-06-17T16:13:38+00:00
SAO_6044-10,São Paulo,3550308,True,,33989,,,-23.6767725,-46.798547,,,,2,2023-06-17T16:13:45+00:00
SAO_6044-10,São Paulo,3550308,True,,33989,,,-23.675714499999998,-46.79548225,,,,2,2023-06-17T16:13:24+00:00
SAO_6044-10,São Paulo,3550308,True,,33989,,,-23.676567,-46.798396,,,,2,2023-06-17T16:13:44+00:00
SAO_975A-10,São Paulo,3550308,True,EMTU,589,https://moovitapp.com/index/pt-br/transporte_p%C3%BAblico-line-589-Sao_Paulo-242-2038937-36419576-0,5.35,-23.521546,-46.667058,,,,1,2023-06-17T16:13:46+00:00
SAO_5632-10,São Paulo,3550308,True,,81,,,-23.72510825,-46.704331999999994,,,,1,2023-06-17T16:13:53+00:00
SAO_5632-10,São Paulo,3550308,True,,81,,,-23.584384,-46.6530075,,,,1,2023-06-17T16:13:29+00:00
SAO_5632-10,São Paulo,3550308,True,,81,,,-23.557504625,-46.63795987499999,,,,1,2023-06-17T16:13:51+00:00
SAO_5632-10,São Paulo,3550308,True,,81,,,-23.623647499999997,-46.681008375000005,,,,1,2023-06-17T16:14:07+00:00
SAO_5632-10,São Paulo,3550308,True,,81,,,-23.6908955,-46.7146385,,,,1,2023-06-17T16:13:55+00:00
SAO_6028-10,São Paulo,3550308,True,,33979,,,-23.702151,-46.7444065,,,,2,2023-06-17T16:13:32+00:00
SAO_6028-10,São Paulo,3550308,True,,33979,,,-23.701795500000003,-46.74633,,,,2,2023-06-17T16:13:49+00:00
SAO_6028-10,São Paulo,3550308,True,,33979,,,-23.6628155,-46.707258625,,,,2,2023-06-17T16:14:08+00:00
SAO_6028-10,São Paulo,3550308,True,,33979,,,-23.685643,-46.7522605,,,,2,2023-06-17T16:13:48+00:00
SAO_6028-10,São Paulo,3550308,True,,33979,,,-23.702140999999997,-46.744587499999994,,,,2,2023-06-17T16:13:30+00:00
SAO_819A-10,São Paulo,3550308,True,Rápido Campinas,803,https://moovitapp.com/index/pt-br/transporte_p%C3%BAblico-line-803-Sao_Paulo-242-858660-544941-0,5.3,-23.437585625,-46.710863,,,,1,2023-06-17T16:13:31+00:00
SAO_819A-10,São Paulo,3550308,True,Rápido Campinas,803,https://moovitapp.com/index/pt-br/transporte_p%C3%BAblico-line-803-Sao_Paulo-242-858660-544941-0,5.3,-23.452697999999998,-46.742867,,,,1,2023-06-17T16:13:30+00:00
SAO_819A-10,São Paulo,3550308,True,Rápido Campinas,803,https://moovitapp.com/index/pt-br/transporte_p%C3%BAblico-line-803-Sao_Paulo-242-858660-544941-0,5.3,-23.438405,-46.748092,,,,1,2023-06-17T16:13:54+00:00
SAO_819A-10,São Paulo,3550308,True,Rápido Campinas,803,https://moovitapp.com/index/pt-br/transporte_p%C3%BAblico-line-803-Sao_Paulo-242-858660-544941-0,5.3,-23.48529925,-46.67476475000001,,,,1,2023-06-17T16:13:00+00:00
SAO_819A-10,São Paulo,3550308,True,Rápido Campinas,803,https://moovitapp.com/index/pt-br/transporte_p%C3%BAblico-line-803-Sao_Paulo-242-858660-544941-0,5.3,-23.474243,-46.66870275000001,,,,1,2023-06-17T16:13:30+00:00
SAO_819A-10,São Paulo,3550308,True,Rápido Campinas,803,https://moovitapp.com/index/pt-br/transporte_p%C3%BAblico-line-803-Sao_Paulo-242-858660-544941-0,5.3,-23.4313835,-46.7262525,,,,1,2023-06-17T16:13:48+00:00
SAO_819A-10,São Paulo,3550308,True,Rápido Campinas,803,https://moovitapp.com/index/pt-br/transporte_p%C3%BAblico-line-803-Sao_Paulo-242-858660-544941-0,5.3,-23.438405,-46.748092,,,,1,2023-06-17T16:14:05+00:00
SAO_819A-10,São Paulo,3550308,True,Rápido Campinas,803,https://moovitapp.com/index/pt-br/transporte_p%C3%BAblico-line-803-Sao_Paulo-242-858660-544941-0,5.3,-23.459640999999998,-46.68550275,,,,1,2023-06-17T16:13:40+00:00
SAO_819A-10,São Paulo,3550308,True,Rápido Campinas,803,https://moovitapp.com/index/pt-br/transporte_p%C3%BAblico-line-803-Sao_Paulo-242-858660-544941-0,5.3,-23.435657,-46.7488065,,,,1,2023-06-17T16:13:16+00:00
SAO_637G-10,São Paulo,3550308,True,EMTU,101,https://moovitapp.com/index/pt-br/transporte_p%C3%BAblico-line-101-Sao_Paulo-242-2038937-36419264-0,4.8,-23.7331295,-46.696614,,,,1,2023-06-17T16:14:01+00:00
SAO_637G-10,São Paulo,3550308,True,EMTU,101,https://moovitapp.com/index/pt-br/transporte_p%C3%BAblico-line-101-Sao_Paulo-242-2038937-36419264-0,4.8,-23.63014175,-46.69001025,,,,1,2023-06-17T16:14:06+00:00
SAO_637G-10,São Paulo,3550308,True,EMTU,101,https://moovitapp.com/index/pt-br/transporte_p%C3%BAblico-line-101-Sao_Paulo-242-2038937-36419264-0,4.8,-23.7537615,-46.6807515,,,,1,2023-06-17T16:13:45+00:00
SAO_637G-10,São Paulo,3550308,True,EMTU,101,https://moovitapp.com/index/pt-br/transporte_p%C3%BAblico-line-101-Sao_Paulo-242-2038937-36419264-0,4.8,-23.7537615,-46.6807515,,,,1,2023-06-17T16:13:48+00:00
SAO_637G-10,São Paulo,3550308,True,EMTU,101,https://moovitapp.com/index/pt-br/transporte_p%C3%BAblico-line-101-Sao_Paulo-242-2038937-36419264-0,4.8,-23.7537615,-46.6807515,,,,1,2023-06-17T16:14:06+00:00
SAO_637G-10,São Paulo,3550308,True,EMTU,101,https://moovitapp.com/index/pt-br/transporte_p%C3%BAblico-line-101-Sao_Paulo-242-2038937-36419264-0,4.8,-23.585765000000002,-46.681469,,,,1,2023-06-17T16:13:37+00:00
SAO_637G-10,São Paulo,3550308,True,EMTU,101,https://moovitapp.com/index/pt-br/transporte_p%C3%BAblico-line-101-Sao_Paulo-242-2038937-36419264-0,4.8,-23.6978045,-46.7012945,,,,1,2023-06-17T16:14:04+00:00
SAO_1709-10,São Paulo,3550308,True,,851,,,-23.440870500000003,-46.58797199999999,,,,1,2023-06-17T16:13:36+00:00
SAO_1709-10,São Paulo,3550308,True,,851,,,-23.476693500000003,-46.6043595,,,,1,2023-06-17T16:13:24+00:00
SAO_1709-10,São Paulo,3550308,True,,851,,,-23.4412375,-46.5814765,,,,1,2023-06-17T16:13:41+00:00
SAO_1709-10,São Paulo,3550308,True,,851,,,-23.4412375,-46.5814765,,,,1,2023-06-17T16:14:02+00:00
SAO_1709-10,São Paulo,3550308,True,,851,,,-23.4412375,-46.5814765,,,,1,2023-06-17T16:13:55+00:00
SAO_1709-10,São Paulo,3550308,True,,851,,,-23.4412375,-46.5814765,,,,1,2023-06-17T16:13:25+00:00
SAO_1709-10,São Paulo,3550308,True,,851,,,-23.4412375,-46.5814765,,,,1,2023-06-17T16:13:28+00:00
SAO_1709-10,São Paulo,3550308,True,,851,,,-23.4412375,-46.5814765,,,,1,2023-06-17T16:13:23+00:00
SAO_1709-10,São Paulo,3550308,True,,851,,,-23.4412375,-46.5814765,,,,1,2023-06-17T16:13:57+00:00
SAO_1709-10,São Paulo,3550308,True,,851,,,-23.4412375,-46.5814765,,,,1,2023-06-17T16:13:26+00:00
SAO_1709-10,São Paulo,3550308,True,,851,,,-23.455993499999998,-46.5985685,,,,1,2023-06-17T16:13:47+00:00
SAO_5127-10,São Paulo,3550308,True,,33895,,,-23.70211425,-46.640169,,,,2,2023-06-17T16:13:39+00:00
SAO_5127-10,São Paulo,3550308,True,,33895,,,-23.70211425,-46.640169,,,,2,2023-06-17T16:13:43+00:00
SAO_5127-10,São Paulo,3550308,True,,33895,,,-23.677825,-46.701614500000005,,,,2,2023-06-17T16:13:45+00:00
SAO_5127-10,São Paulo,3550308,True,,33895,,,-23.677825,-46.701614500000005,,,,2,2023-06-17T16:13:48+00:00
SAO_5127-10,São Paulo,3550308,True,,33895,,,-23.67698475,-46.701097749999995,,,,2,2023-06-17T16:13:50+00:00
SAO_5127-10,São Paulo,3550308,True,,33895,,,-23.677825,-46.701614500000005,,,,2,2023-06-17T16:13:54+00:00
SAO_5127-10,São Paulo,3550308,True,,33895,,,-23.702011,-46.6364815,,,,2,2023-06-17T16:14:04+00:00
SAO_5127-10,São Paulo,3550308,True,,33895,,,-23.677825,-46.701614500000005,,,,2,2023-06-17T16:13:46+00:00
SAO_5127-10,São Paulo,3550308,True,,33895,,,-23.677825,-46.701614500000005,,,,2,2023-06-17T16:13:33+00:00
SAO_5127-10,São Paulo,3550308,True,,33895,,,-23.677825,-46.701614500000005,,,,2,2023-06-17T16:13:36+00:00
SAO_5127-10,São Paulo,3550308,True,,33895,,,-23.702263000000002,-46.639984,,,,2,2023-06-17T16:13:50+00:00
SAO_5127-10,São Paulo,3550308,True,,33895,,,-23.677825,-46.701614500000005,,,,2,2023-06-17T16:13:56+00:00
SAO_5127-10,São Paulo,3550308,True,,33895,,,-23.702229000000003,-46.639818500000004,,,,2,2023-06-17T16:13:55+00:00
SAO_5127-10,São Paulo,3550308,True,,33895,,,-23.677825,-46.701614500000005,,,,2,2023-06-17T16:13:46+00:00
SAO_5127-10,São Paulo,3550308,True,,33895,,,-23.677825,-46.701614500000005,,,,2,2023-06-17T16:13:40+00:00
SAO_5127-10,São Paulo,3550308,True,,33895,,,-23.677825,-46.701614500000005,,,,2,2023-06-17T16:13:56+00:00
SAO_273N-10,São Paulo,3550308,True,,33158,,,-23.5118825,-46.436079500000005,,,,2,2023-06-17T16:11:35+00:00
SAO_273N-10,São Paulo,3550308,True,,33158,,,-23.5048955,-46.366649,,,,2,2023-06-17T16:13:28+00:00
SAO_273N-10,São Paulo,3550308,True,,33158,,,-23.5046015,-46.367096,,,,2,2023-06-17T16:13:59+00:00
SAO_273N-10,São Paulo,3550308,True,,33158,,,-23.494972,-46.409319499999995,,,,2,2023-06-17T16:13:53+00:00
SAO_273N-10,São Paulo,3550308,True,,33158,,,-23.508066749999998,-46.429781,,,,2,2023-06-17T16:13:44+00:00
SAO_273N-10,São Paulo,3550308,True,,33158,,,-23.5046015,-46.367096,,,,2,2023-06-17T16:13:56+00:00
SAO_2100-10,São Paulo,3550308,True,,33481,,,-23.562763750000002,-46.560475499999995,,,,2,2023-06-17T16:13:52+00:00
SAO_2100-10,São Paulo,3550308,True,,33481,,,-23.545786749999998,-46.621292249999996,,,,2,2023-06-17T16:13:45+00:00
SAO_2100-10,São Paulo,3550308,True,,33481,,,-23.5585995,-46.5228375,,,,2,2023-06-17T16:13:48+00:00
SAO_2100-10,São Paulo,3550308,True,,33481,,,-23.558199000000002,-46.522121,,,,2,2023-06-17T16:13:33+00:00
SAO_2100-10,São Paulo,3550308,True,,33481,,,-23.559517,-46.58801175000001,,,,2,2023-06-17T16:13:43+00:00
SAO_2100-10,São Paulo,3550308,True,,33481,,,-23.5580635,-46.522337500000006,,,,2,2023-06-17T16:14:07+00:00
SAO_2100-10,São Paulo,3550308,True,,33481,,,-23.5580635,-46.522337500000006,,,,2,2023-06-17T16:13:53+00:00
SAO_5012-10,São Paulo,3550308,True,,1116,,,-23.7044195,-46.627222,,,,1,2023-06-17T16:13:49+00:00
SAO_5012-10,São Paulo,3550308,True,,1116,,,-23.7097155,-46.6354455,,,,1,2023-06-17T16:13:50+00:00
SAO_5012-10,São Paulo,3550308,True,,1116,,,-23.647911999999998,-46.6400075,,,,1,2023-06-17T16:13:52+00:00
SAO_5012-10,São Paulo,3550308,True,,1116,,,-23.7097155,-46.6354455,,,,1,2023-06-17T16:13:23+00:00
SAO_5012-10,São Paulo,3550308,True,,1116,,,-23.7097155,-46.6354455,,,,1,2023-06-17T16:13:28+00:00
SAO_5012-10,São Paulo,3550308,True,,1116,,,-23.6460035,-46.6402605,,,,1,2023-06-17T16:13:26+00:00
SAO_5012-10,São Paulo,3550308,True,,1116,,,-23.701917,-46.639164,,,,1,2023-06-17T16:13:55+00:00
SAO_5012-10,São Paulo,3550308,True,,1116,,,-23.6849845,-46.633231,,,,1,2023-06-17T16:13:37+00:00
SAO_5012-10,São Paulo,3550308,True,,1116,,,-23.7097155,-46.6354455,,,,1,2023-06-17T16:13:59+00:00
SAO_5012-10,São Paulo,3550308,True,,1116,,,-23.7097155,-46.6354455,,,,1,2023-06-17T16:13:44+00:00
SAO_5012-10,São Paulo,3550308,True,,1116,,,-23.7097155,-46.6354455,,,,1,2023-06-17T16:13:59+00:00
SAO_8025-10,São Paulo,3550308,True,,34844,,,-23.590518,-46.76971475,,,,2,2023-06-17T16:13:55+00:00
SAO_8025-10,São Paulo,3550308,True,,34844,,,-23.589406250000003,-46.766365500000006,,,,2,2023-06-17T16:14:03+00:00
SAO_8025-10,São Paulo,3550308,True,,34844,,,-23.590518,-46.76971475,,,,2,2023-06-17T16:13:33+00:00
SAO_8025-10,São Paulo,3550308,True,,34844,,,-23.584875249999996,-46.745414249999996,,,,2,2023-06-17T16:13:54+00:00
SAO_647A-10,São Paulo,3550308,True,,34083,,,-23.68619975,-46.79998275,,,,2,2023-06-17T16:13:28+00:00
SAO_647A-10,São Paulo,3550308,True,,34083,,,-23.64251,-46.736504,,,,2,2023-06-17T16:13:27+00:00
SAO_647A-10,São Paulo,3550308,True,,34083,,,-23.69435,-46.794564,,,,2,2023-06-17T16:13:47+00:00
SAO_647A-10,São Paulo,3550308,True,,34083,,,-23.5959485,-46.708166000000006,,,,2,2023-06-17T16:14:03+00:00
SAO_647A-10,São Paulo,3550308,True,,34083,,,-23.616648,-46.7315265,,,,2,2023-06-17T16:13:37+00:00
SAO_6035-21,São Paulo,3550308,True,,34563,,,-23.720201000000003,-46.75602,,,,2,2023-06-17T16:13:51+00:00
SAO_6035-21,São Paulo,3550308,True,,34563,,,-23.680467999999998,-46.734706,,,,2,2023-06-17T16:14:04+00:00
SAO_6035-21,São Paulo,3550308,True,,34563,,,-23.71986875,-46.76509775,,,,2,2023-06-17T16:14:04+00:00
SAO_513C-31,São Paulo,3550308,True,,2536,,,-23.540192125,-46.455579125,,,,1,2023-06-17T16:13:48+00:00
SAO_513C-31,São Paulo,3550308,True,,2536,,,-23.61461025,-46.500091749999996,,,,1,2023-06-17T16:13:54+00:00
SAO_6960-10,São Paulo,3550308,True,,1443,,,-23.766952500000002,-46.7161155,,,,1,2023-06-17T16:13:58+00:00
SAO_6960-10,São Paulo,3550308,True,,1443,,,-23.740868,-46.704811750000005,,,,1,2023-06-17T16:13:46+00:00
SAO_6960-10,São Paulo,3550308,True,,1443,,,-23.6543645,-46.7124015,,,,1,2023-06-17T16:13:29+00:00
SAO_6960-10,São Paulo,3550308,True,,1443,,,-23.657062,-46.717380999999996,,,,1,2023-06-17T16:13:29+00:00
SAO_6960-10,São Paulo,3550308,True,,1443,,,-23.767560000000003,-46.7161905,,,,1,2023-06-17T16:13:36+00:00
SAO_6960-10,São Paulo,3550308,True,,1443,,,-23.766952500000002,-46.7161155,,,,1,2023-06-17T16:14:00+00:00
SAO_6960-10,São Paulo,3550308,True,,1443,,,-23.700931374999996,-46.71499325,,,,1,2023-06-17T16:13:26+00:00
SAO_6960-10,São Paulo,3550308,True,,1443,,,-23.766952500000002,-46.7161155,,,,1,2023-06-17T16:13:34+00:00
SAO_677A-10,São Paulo,3550308,True,,1239,,,-23.629163999999996,-46.712872000000004,,,,1,2023-06-17T16:13:54+00:00
SAO_677A-10,São Paulo,3550308,True,,1239,,,-23.6662715,-46.7331035,,,,1,2023-06-17T16:13:51+00:00
SAO_677A-10,São Paulo,3550308,True,,1239,,,-23.690655,-46.774251500000005,,,,1,2023-06-17T16:13:59+00:00
SAO_677A-10,São Paulo,3550308,True,,1239,,,-23.690655,-46.774251500000005,,,,1,2023-06-17T16:13:48+00:00
SAO_677A-10,São Paulo,3550308,True,,1239,,,-23.690655,-46.774251500000005,,,,1,2023-06-17T16:13:36+00:00
SAO_677A-10,São Paulo,3550308,True,,1239,,,-23.690655,-46.774251500000005,,,,1,2023-06-17T16:13:45+00:00
SAO_354M-10,São Paulo,3550308,True,,34387,,,-23.491803500000003,-46.434038,,,,2,2023-06-17T16:13:29+00:00
SAO_354M-10,São Paulo,3550308,True,,34387,,,-23.515147,-46.455037000000004,,,,2,2023-06-17T16:13:25+00:00
SAO_354M-10,São Paulo,3550308,True,,34387,,,-23.594941,-46.444174000000004,,,,2,2023-06-17T16:13:55+00:00
SAO_354M-10,São Paulo,3550308,True,,34387,,,-23.491803500000003,-46.434038,,,,2,2023-06-17T16:13:58+00:00
SAO_354M-10,São Paulo,3550308,True,,34387,,,-23.491803500000003,-46.434038,,,,2,2023-06-17T16:13:40+00:00
SAO_354M-10,São Paulo,3550308,True,,34387,,,-23.491863000000002,-46.433612,,,,2,2023-06-17T16:13:21+00:00
SAO_8019-10,São Paulo,3550308,True,,2071,,,-23.545913,-46.761686,,,,1,2023-06-17T16:13:34+00:00
SAO_209P-10,São Paulo,3550308,True,,34984,,,-23.518248,-46.6779945,,,,2,2023-06-17T16:13:22+00:00
SAO_209P-10,São Paulo,3550308,True,,34984,,,-23.5429925,-46.6763945,,,,2,2023-06-17T16:13:24+00:00
SAO_209P-10,São Paulo,3550308,True,,34984,,,-23.473060250000003,-46.6701395,,,,2,2023-06-17T16:13:58+00:00
SAO_209P-10,São Paulo,3550308,True,,34984,,,-23.518386999999997,-46.677789,,,,2,2023-06-17T16:14:02+00:00
SAO_209P-10,São Paulo,3550308,True,,34984,,,-23.471954750000002,-46.6702775,,,,2,2023-06-17T16:13:49+00:00
SAO_209P-10,São Paulo,3550308,True,,34984,,,-23.523919999999997,-46.67116975,,,,2,2023-06-17T16:13:40+00:00
SAO_209P-10,São Paulo,3550308,True,,34984,,,-23.47277475,-46.6701725,,,,2,2023-06-17T16:13:53+00:00
SAO_209P-10,São Paulo,3550308,True,,34984,,,-23.563358125,-46.687176750000006,,,,2,2023-06-17T16:13:53+00:00
SAO_209P-10,São Paulo,3550308,True,,34984,,,-23.47223525,-46.670243,,,,2,2023-06-17T16:13:41+00:00
SAO_3729-10,São Paulo,3550308,True,,33794,,,-23.564476499999998,-46.504782500000005,,,,2,2023-06-17T16:13:45+00:00
SAO_3729-10,São Paulo,3550308,True,,33794,,,-23.538428500000002,-46.563574,,,,2,2023-06-17T16:13:40+00:00
SAO_3729-10,São Paulo,3550308,True,,33794,,,-23.579010500000003,-46.5176665,,,,2,2023-06-17T16:13:38+00:00
SAO_3729-10,São Paulo,3550308,True,,33794,,,-23.564308,-46.5048635,,,,2,2023-06-17T16:14:00+00:00
SAO_3729-10,São Paulo,3550308,True,,33794,,,-23.564308,-46.5048635,,,,2,2023-06-17T16:13:25+00:00
SAO_3729-10,São Paulo,3550308,True,,33794,,,-23.566091375,-46.544632875,,,,2,2023-06-17T16:13:29+00:00
SAO_3729-10,São Paulo,3550308,True,,33794,,,-23.58353025,-46.53235825,,,,2,2023-06-17T16:14:07+00:00
SAO_3729-10,São Paulo,3550308,True,,33794,,,-23.548323500000002,-46.562985499999996,,,,2,2023-06-17T16:13:40+00:00
SAO_3731-10,São Paulo,3550308,True,,33796,,,-23.5633835,-46.501695,,,,2,2023-06-17T16:13:23+00:00
SAO_3731-10,São Paulo,3550308,True,,33796,,,-23.564108,-46.50371275,,,,2,2023-06-17T16:13:56+00:00
SAO_3731-10,São Paulo,3550308,True,,33796,,,-23.532345125,-46.525324375,,,,2,2023-06-17T16:14:01+00:00
SAO_3731-10,São Paulo,3550308,True,,33796,,,-23.5505925,-46.517982,,,,2,2023-06-17T16:14:02+00:00
SAO_3731-10,São Paulo,3550308,True,,33796,,,-23.535353999999998,-46.5204095,,,,2,2023-06-17T16:13:54+00:00
SAO_4020-10,São Paulo,3550308,True,,2530,,,-23.56241275,-46.4461925,,,,1,2023-06-17T16:14:01+00:00
SAO_4020-10,São Paulo,3550308,True,,2530,,,-23.595904250000004,-46.43729625,,,,1,2023-06-17T16:13:38+00:00
SAO_9784-10,São Paulo,3550308,True,EMTU,827,https://moovitapp.com/index/pt-br/transporte_p%C3%BAblico-line-827-Sao_Paulo-242-2038937-36419596-0,12.1,-23.4503535,-46.683854999999994,,,,1,2023-06-17T16:13:45+00:00
SAO_9784-10,São Paulo,3550308,True,EMTU,827,https://moovitapp.com/index/pt-br/transporte_p%C3%BAblico-line-827-Sao_Paulo-242-2038937-36419596-0,12.1,-23.462994000000002,-46.6697405,,,,1,2023-06-17T16:13:53+00:00
SAO_9784-10,São Paulo,3550308,True,EMTU,827,https://moovitapp.com/index/pt-br/transporte_p%C3%BAblico-line-827-Sao_Paulo-242-2038937-36419596-0,12.1,-23.4832245,-46.654132000000004,,,,1,2023-06-17T16:13:45+00:00
SAO_9784-10,São Paulo,3550308,True,EMTU,827,https://moovitapp.com/index/pt-br/transporte_p%C3%BAblico-line-827-Sao_Paulo-242-2038937-36419596-0,12.1,-23.4503535,-46.683854999999994,,,,1,2023-06-17T16:14:05+00:00
SAO_9784-10,São Paulo,3550308,True,EMTU,827,https://moovitapp.com/index/pt-br/transporte_p%C3%BAblico-line-827-Sao_Paulo-242-2038937-36419596-0,12.1,-23.471609,-46.666253,,,,1,2023-06-17T16:13:55+00:00
SAO_9784-10,São Paulo,3550308,True,EMTU,827,https://moovitapp.com/index/pt-br/transporte_p%C3%BAblico-line-827-Sao_Paulo-242-2038937-36419596-0,12.1,-23.524358749999998,-46.66768450000001,,,,1,2023-06-17T16:13:30+00:00
SAO_9784-10,São Paulo,3550308,True,EMTU,827,https://moovitapp.com/index/pt-br/transporte_p%C3%BAblico-line-827-Sao_Paulo-242-2038937-36419596-0,12.1,-23.5207035,-46.667932500000006,,,,1,2023-06-17T16:13:29+00:00
SAO_6069-10,São Paulo,3550308,True,,1154,,,-23.65722175,-46.7062165,,,,1,2023-06-17T16:13:57+00:00
SAO_6069-10,São Paulo,3550308,True,,1154,,,-23.72721975,-46.69921875,,,,1,2023-06-17T16:13:50+00:00
SAO_6069-10,São Paulo,3550308,True,,1154,,,-23.757465,-46.7053555,,,,1,2023-06-17T16:13:49+00:00
SAO_8013-41,São Paulo,3550308,True,,34779,,,-23.4363325,-46.810424999999995,,,,2,2023-06-17T16:13:24+00:00
SAO_7055-10,São Paulo,3550308,True,,34656,,,-23.65040575,-46.7791615,,,,2,2023-06-17T16:14:08+00:00
SAO_7055-10,São Paulo,3550308,True,,34656,,,-23.692669000000002,-46.790323,,,,2,2023-06-17T16:13:49+00:00
SAO_7055-10,São Paulo,3550308,True,,34656,,,-23.6672655,-46.772947,,,,2,2023-06-17T16:13:46+00:00
SAO_7055-10,São Paulo,3550308,True,,34656,,,-23.680825499999997,-46.782198,,,,2,2023-06-17T16:14:01+00:00
SAO_7055-10,São Paulo,3550308,True,,34656,,,-23.6924125,-46.790126,,,,2,2023-06-17T16:13:55+00:00
SAO_745M-10,São Paulo,3550308,True,,33550,,,-23.634623,-46.775131,,,,2,2023-06-17T16:14:04+00:00
SAO_745M-10,São Paulo,3550308,True,,33550,,,-23.6559205,-46.776455,,,,2,2023-06-17T16:13:29+00:00
SAO_745M-10,São Paulo,3550308,True,,33550,,,-23.6730185,-46.7827345,,,,2,2023-06-17T16:13:48+00:00
SAO_745M-10,São Paulo,3550308,True,,33550,,,-23.630928500000003,-46.767601,,,,2,2023-06-17T16:13:48+00:00
SAO_745M-10,São Paulo,3550308,True,,33550,,,-23.66646875,-46.720406874999995,,,,2,2023-06-17T16:13:40+00:00
SAO_745M-10,São Paulo,3550308,True,,33550,,,-23.6601275,-46.7671625,,,,2,2023-06-17T16:14:05+00:00
SAO_745M-10,São Paulo,3550308,True,,33550,,,-23.6824585,-46.6907875,,,,2,2023-06-17T16:14:01+00:00
SAO_745M-10,São Paulo,3550308,True,,33550,,,-23.6824585,-46.6907875,,,,2,2023-06-17T16:14:05+00:00
SAO_745M-10,São Paulo,3550308,True,,33550,,,-23.630817,-46.767892,,,,2,2023-06-17T16:13:57+00:00
SAO_745M-10,São Paulo,3550308,True,,33550,,,-23.674493750000003,-46.74761649999999,,,,2,2023-06-17T16:13:57+00:00
SAO_745M-10,São Paulo,3550308,True,,33550,,,-23.677174,-46.69760425,,,,2,2023-06-17T16:13:44+00:00
SAO_745M-10,São Paulo,3550308,True,,33550,,,-23.630817,-46.767892,,,,2,2023-06-17T16:13:49+00:00
SAO_6818-10,São Paulo,3550308,True,,32796,,,-23.654823,-46.763025,,,,2,2023-06-17T16:13:42+00:00
SAO_6818-10,São Paulo,3550308,True,,32796,,,-23.655496999999997,-46.7724535,,,,2,2023-06-17T16:14:00+00:00
SAO_6818-10,São Paulo,3550308,True,,32796,,,-23.6450115,-46.763951000000006,,,,2,2023-06-17T16:13:49+00:00
SAO_978A-10,São Paulo,3550308,True,,1369,,,-23.4776325,-46.6729525,,,,1,2023-06-17T16:14:03+00:00
SAO_978A-10,São Paulo,3550308,True,,1369,,,-23.518727,-46.677188,,,,1,2023-06-17T16:14:02+00:00
SAO_978A-10,São Paulo,3550308,True,,1369,,,-23.4756295,-46.6704885,,,,1,2023-06-17T16:13:22+00:00
SAO_978A-10,São Paulo,3550308,True,,1369,,,-23.4756295,-46.6704885,,,,1,2023-06-17T16:13:39+00:00
SAO_971D-10,São Paulo,3550308,True,,33477,,,-23.513426000000003,-46.615978999999996,,,,2,2023-06-17T16:13:23+00:00
SAO_971D-10,São Paulo,3550308,True,,33477,,,-23.463973,-46.68045425,,,,2,2023-06-17T16:13:39+00:00
SAO_971D-10,São Paulo,3550308,True,,33477,,,-23.44795,-46.697022000000004,,,,2,2023-06-17T16:13:49+00:00
SAO_971D-10,São Paulo,3550308,True,,33477,,,-23.48677,-46.6449075,,,,2,2023-06-17T16:13:47+00:00
SAO_971D-10,São Paulo,3550308,True,,33477,,,-23.498715,-46.626833500000004,,,,2,2023-06-17T16:14:00+00:00
SAO_971D-10,São Paulo,3550308,True,,33477,,,-23.448029,-46.6970745,,,,2,2023-06-17T16:13:38+00:00
SAO_3746-10,São Paulo,3550308,True,,33051,,,-23.542912,-46.588283000000004,,,,2,2023-06-17T16:13:48+00:00
SAO_3746-10,São Paulo,3550308,True,,33051,,,-23.56305875,-46.549729,,,,2,2023-06-17T16:13:22+00:00
SAO_3746-10,São Paulo,3550308,True,,33051,,,-23.542912,-46.588283000000004,,,,2,2023-06-17T16:13:26+00:00
SAO_3746-10,São Paulo,3550308,True,,33051,,,-23.542912,-46.588283000000004,,,,2,2023-06-17T16:13:56+00:00
SAO_3746-10,São Paulo,3550308,True,,33051,,,-23.542912,-46.588283000000004,,,,2,2023-06-17T16:12:40+00:00
SAO_3746-10,São Paulo,3550308,True,,33051,,,-23.542912,-46.588283000000004,,,,2,2023-06-17T16:12:42+00:00
SAO_3746-10,São Paulo,3550308,True,,33051,,,-23.594203999999998,-46.502838,,,,2,2023-06-17T16:14:06+00:00
SAO_3746-10,São Paulo,3550308,True,,33051,,,-23.542912,-46.588283000000004,,,,2,2023-06-17T16:14:01+00:00
SAO_3746-10,São Paulo,3550308,True,,33051,,,-23.594532,-46.503149,,,,2,2023-06-17T16:13:52+00:00
SAO_3746-10,São Paulo,3550308,True,,33051,,,-23.542912,-46.588283000000004,,,,2,2023-06-17T16:13:53+00:00
SAO_3746-10,São Paulo,3550308,True,,33051,,,-23.542912,-46.588283000000004,,,,2,2023-06-17T16:13:55+00:00
SAO_9011-10,São Paulo,3550308,True,,878,,,-23.445667,-46.705163999999996,,,,1,2023-06-17T16:13:29+00:00
SAO_9011-10,São Paulo,3550308,True,,878,,,-23.45467,-46.738116000000005,,,,1,2023-06-17T16:13:19+00:00
SAO_9011-10,São Paulo,3550308,True,,878,,,-23.45467,-46.738116000000005,,,,1,2023-06-17T16:13:38+00:00
SAO_9011-10,São Paulo,3550308,True,,878,,,-23.45467,-46.738116000000005,,,,1,2023-06-17T16:13:59+00:00
SAO_9011-10,São Paulo,3550308,True,,878,,,-23.4744005,-46.669729000000004,,,,1,2023-06-17T16:13:57+00:00
SAO_9011-10,São Paulo,3550308,True,,878,,,-23.45467,-46.738116000000005,,,,1,2023-06-17T16:14:04+00:00
SAO_9011-10,São Paulo,3550308,True,,878,,,-23.45467,-46.738116000000005,,,,1,2023-06-17T16:14:02+00:00
SAO_9011-10,São Paulo,3550308,True,,878,,,-23.45467,-46.738116000000005,,,,1,2023-06-17T16:13:24+00:00
SAO_9011-10,São Paulo,3550308,True,,878,,,-23.454421500000002,-46.7374495,,,,1,2023-06-17T16:13:46+00:00
SAO_8615-10,São Paulo,3550308,True,,34107,,,-23.5361915,-46.725013000000004,,,,2,2023-06-17T16:13:37+00:00
SAO_8615-10,São Paulo,3550308,True,,34107,,,-23.53958625,-46.64513675,,,,2,2023-06-17T16:14:04+00:00
SAO_8615-10,São Paulo,3550308,True,,34107,,,-23.533249499999997,-46.728767000000005,,,,2,2023-06-17T16:13:29+00:00
SAO_8615-10,São Paulo,3550308,True,,34107,,,-23.535989999999998,-46.7247965,,,,2,2023-06-17T16:13:24+00:00
SAO_8047-41,São Paulo,3550308,True,,33178,,,-23.434162999999998,-46.754868,,,,2,2023-06-17T16:13:54+00:00
SAO_8047-41,São Paulo,3550308,True,,33178,,,-23.503459749999998,-46.74689775,,,,2,2023-06-17T16:13:28+00:00
SAO_6826-10,São Paulo,3550308,True,BR7 Mobilidade,16,https://moovitapp.com/index/pt-br/transporte_p%C3%BAblico-line-16-Sao_Paulo-242-851856-513215-0,5.75,-23.67626225,-46.790758249999996,,,,1,2023-06-17T16:13:52+00:00
SAO_6826-10,São Paulo,3550308,True,BR7 Mobilidade,16,https://moovitapp.com/index/pt-br/transporte_p%C3%BAblico-line-16-Sao_Paulo-242-851856-513215-0,5.75,-23.654274,-46.7625595,,,,1,2023-06-17T16:14:00+00:00
SAO_6200-10,São Paulo,3550308,True,,355,,,-23.549253,-46.641041,,,,1,2023-06-17T16:13:44+00:00
SAO_6200-10,São Paulo,3550308,True,,355,,,-23.654262,-46.713696,,,,1,2023-06-17T16:13:29+00:00
SAO_6200-10,São Paulo,3550308,True,,355,,,-23.6324105,-46.715894250000005,,,,1,2023-06-17T16:13:49+00:00
SAO_6200-10,São Paulo,3550308,True,,355,,,-23.654375,-46.714551,,,,1,2023-06-17T16:13:40+00:00
SAO_6200-10,São Paulo,3550308,True,,355,,,-23.654262,-46.713696,,,,1,2023-06-17T16:13:47+00:00
SAO_6200-10,São Paulo,3550308,True,,355,,,-23.654375,-46.714551,,,,1,2023-06-17T16:14:00+00:00
SAO_6200-10,São Paulo,3550308,True,,355,,,-23.654634,-46.7157435,,,,1,2023-06-17T16:13:40+00:00
SAO_6200-10,São Paulo,3550308,True,,355,,,-23.568426000000002,-46.6602445625,,,,1,2023-06-17T16:14:04+00:00
SAO_6200-10,São Paulo,3550308,True,,355,,,-23.6544285,-46.7148,,,,1,2023-06-17T16:13:46+00:00
SAO_6200-10,São Paulo,3550308,True,,355,,,-23.5493595,-46.639165000000006,,,,1,2023-06-17T16:13:38+00:00
SAO_6200-10,São Paulo,3550308,True,,355,,,-23.59001725,-46.69107149999999,,,,1,2023-06-17T16:13:28+00:00
SAO_6200-10,São Paulo,3550308,True,,355,,,-23.580554499999998,-46.682097,,,,1,2023-06-17T16:14:00+00:00
SAO_6200-10,São Paulo,3550308,True,,355,,,-23.549253,-46.641041,,,,1,2023-06-17T16:14:00+00:00
SAO_6200-10,São Paulo,3550308,True,,355,,,-23.654634,-46.7157435,,,,1,2023-06-17T16:14:07+00:00
SAO_9023-10,São Paulo,3550308,True,,34205,,,-23.4286635,-46.714755499999995,,,,2,2023-06-17T16:14:04+00:00
SAO_9023-10,São Paulo,3550308,True,,34205,,,-23.452514,-46.716659,,,,2,2023-06-17T16:13:51+00:00
SAO_9023-10,São Paulo,3550308,True,,34205,,,-23.419693000000002,-46.716714,,,,2,2023-06-17T16:13:52+00:00
SAO_9023-10,São Paulo,3550308,True,,34205,,,-23.486517,-46.7267185,,,,2,2023-06-17T16:13:35+00:00
SAO_9023-10,São Paulo,3550308,True,,34205,,,-23.4737485,-46.727809,,,,2,2023-06-17T16:13:49+00:00
SAO_9023-10,São Paulo,3550308,True,,34205,,,-23.419681500000003,-46.716796,,,,2,2023-06-17T16:13:30+00:00
SAO_1760-10,São Paulo,3550308,True,,33325,,,-23.457146,-46.659533249999996,,,,2,2023-06-17T16:13:27+00:00
SAO_1760-10,São Paulo,3550308,True,,33325,,,-23.457126,-46.65923775,,,,2,2023-06-17T16:13:56+00:00
SAO_1760-10,São Paulo,3550308,True,,33325,,,-23.4575565,-46.65649125,,,,2,2023-06-17T16:13:39+00:00
SAO_407E-10,São Paulo,3550308,True,,2215,,,-23.612307,-46.46704975,,,,1,2023-06-17T16:14:00+00:00
SAO_407E-10,São Paulo,3550308,True,,2215,,,-23.558355,-46.5140325,,,,1,2023-06-17T16:13:23+00:00
SAO_407E-10,São Paulo,3550308,True,,2215,,,-23.6335585,-46.4430015,,,,1,2023-06-17T16:13:27+00:00
SAO_407E-10,São Paulo,3550308,True,,2215,,,-23.6335585,-46.4430015,,,,1,2023-06-17T16:13:41+00:00
SAO_407E-10,São Paulo,3550308,True,,2215,,,-23.538734499999997,-46.5649235,,,,1,2023-06-17T16:13:29+00:00
SAO_407E-10,São Paulo,3550308,True,,2215,,,-23.589856750000003,-46.478296,,,,1,2023-06-17T16:13:42+00:00
SAO_3785-10,São Paulo,3550308,True,,33831,,,-23.5890535,-46.4154385,,,,2,2023-06-17T16:13:57+00:00
SAO_3785-10,São Paulo,3550308,True,,33831,,,-23.556477375,-46.447955,,,,2,2023-06-17T16:13:46+00:00
SAO_3785-10,São Paulo,3550308,True,,33831,,,-23.5876545,-46.39578525,,,,2,2023-06-17T16:13:47+00:00
SAO_3785-10,São Paulo,3550308,True,,33831,,,-23.5912945,-46.394427500000006,,,,2,2023-06-17T16:14:05+00:00
SAO_3785-10,São Paulo,3550308,True,,33831,,,-23.591703000000003,-46.3941935,,,,2,2023-06-17T16:13:43+00:00
SAO_2716-10,São Paulo,3550308,True,,929,,,-23.5255535,-46.546463,,,,1,2023-06-17T16:13:57+00:00
SAO_2716-10,São Paulo,3550308,True,,929,,,-23.510241750000002,-46.5355965,,,,1,2023-06-17T16:13:56+00:00
SAO_2716-10,São Paulo,3550308,True,,929,,,-23.5326465,-46.545022,,,,1,2023-06-17T16:14:04+00:00
SAO_5010-10,São Paulo,3550308,True,,33882,,,-23.662,-46.631691,,,,2,2023-06-17T16:13:32+00:00
SAO_5010-10,São Paulo,3550308,True,,33882,,,-23.655182749999998,-46.692094999999995,,,,2,2023-06-17T16:13:13+00:00
SAO_5010-10,São Paulo,3550308,True,,33882,,,-23.66177975,-46.63187175,,,,2,2023-06-17T16:13:58+00:00
SAO_5010-10,São Paulo,3550308,True,,33882,,,-23.644662124999996,-46.641911375,,,,2,2023-06-17T16:13:41+00:00
SAO_5010-10,São Paulo,3550308,True,,33882,,,-23.662194,-46.633964,,,,2,2023-06-17T16:14:06+00:00
SAO_3734-10,São Paulo,3550308,True,,1034,,,-23.5452995,-46.481271750000005,,,,1,2023-06-17T16:13:25+00:00
SAO_3734-10,São Paulo,3550308,True,,1034,,,-23.5564635,-46.4705115,,,,1,2023-06-17T16:13:54+00:00
SAO_707K-10,São Paulo,3550308,True,,35271,,,-23.667917,-46.7355005,,,,2,2023-06-17T16:13:55+00:00
SAO_707K-10,São Paulo,3550308,True,,35271,,,-23.64400175,-46.650248250000004,,,,2,2023-06-17T16:13:47+00:00
SAO_707K-10,São Paulo,3550308,True,,35271,,,-23.651320499999997,-46.686281,,,,2,2023-06-17T16:13:59+00:00
SAO_707K-10,São Paulo,3550308,True,,35271,,,-23.668476,-46.735507,,,,2,2023-06-17T16:13:35+00:00
SAO_707K-10,São Paulo,3550308,True,,35271,,,-23.668024000000003,-46.735501,,,,2,2023-06-17T16:13:44+00:00
SAO_707K-10,São Paulo,3550308,True,,35271,,,-23.6683575,-46.7355065,,,,2,2023-06-17T16:13:57+00:00
SAO_856R-10,São Paulo,3550308,True,,34196,,,-23.61628125,-46.680235749999994,,,,2,2023-06-17T16:14:00+00:00
SAO_856R-10,São Paulo,3550308,True,,34196,,,-23.56862075,-46.69213975,,,,2,2023-06-17T16:13:53+00:00
SAO_856R-10,São Paulo,3550308,True,,34196,,,-23.533037375,-46.686936625,,,,2,2023-06-17T16:13:21+00:00
SAO_8542-21,São Paulo,3550308,True,,34129,,,-23.4726875,-46.7023155,,,,2,2023-06-17T16:14:02+00:00
SAO_8542-21,São Paulo,3550308,True,,34129,,,-23.488134000000002,-46.682648,,,,2,2023-06-17T16:13:33+00:00
SAO_8542-21,São Paulo,3550308,True,,34129,,,-23.467341,-46.691796999999994,,,,2,2023-06-17T16:13:53+00:00
SAO_2590-10,São Paulo,3550308,True,,912,,,-23.4912745,-46.461772499999995,,,,1,2023-06-17T16:09:05+00:00
SAO_2590-10,São Paulo,3550308,True,,912,,,-23.546543999999997,-46.631561000000005,,,,1,2023-06-17T16:12:35+00:00
SAO_2590-10,São Paulo,3550308,True,,912,,,-23.538731,-46.6048935,,,,1,2023-06-17T16:14:06+00:00
SAO_2590-10,São Paulo,3550308,True,,912,,,-23.536963749999998,-46.59174825,,,,1,2023-06-17T16:14:06+00:00
SAO_2590-10,São Paulo,3550308,True,,912,,,-23.4939215,-46.507450500000004,,,,1,2023-06-17T16:12:52+00:00
SAO_7001-10,São Paulo,3550308,True,,34490,,,-23.714153500000002,-46.775994499999996,,,,2,2023-06-17T16:13:55+00:00
SAO_7001-10,São Paulo,3550308,True,,34490,,,-23.684307500000003,-46.770112749999996,,,,2,2023-06-17T16:14:03+00:00
SAO_7001-10,São Paulo,3550308,True,,34490,,,-23.714166,-46.776724,,,,2,2023-06-17T16:13:59+00:00
SAO_7001-10,São Paulo,3550308,True,,34490,,,-23.7243085,-46.754826,,,,2,2023-06-17T16:14:04+00:00
SAO_7001-10,São Paulo,3550308,True,,34490,,,-23.7247965,-46.754793,,,,2,2023-06-17T16:13:53+00:00
SAO_7001-10,São Paulo,3550308,True,,34490,,,-23.7243085,-46.754826,,,,2,2023-06-17T16:13:56+00:00
SAO_8023-10,São Paulo,3550308,True,,34842,,,-23.590517875,-46.802538874999996,,,,2,2023-06-17T16:13:45+00:00
SAO_8023-10,São Paulo,3550308,True,,34842,,,-23.58514975,-46.7464095,,,,2,2023-06-17T16:13:51+00:00
SAO_517J-10,São Paulo,3550308,True,,33897,,,-23.64074,-46.6762965,,,,2,2023-06-17T16:13:35+00:00
SAO_517J-10,São Paulo,3550308,True,,33897,,,-23.691205,-46.656296499999996,,,,2,2023-06-17T16:13:58+00:00
SAO_517J-10,São Paulo,3550308,True,,33897,,,-23.67482,-46.661744,,,,2,2023-06-17T16:13:43+00:00
SAO_178T-10,São Paulo,3550308,True,,33333,,,-23.488356500000002,-46.648783249999994,,,,2,2023-06-17T16:13:27+00:00
SAO_178T-10,São Paulo,3550308,True,,33333,,,-23.520663499999998,-46.708611000000005,,,,2,2023-06-17T16:13:25+00:00
SAO_178T-10,São Paulo,3550308,True,,33333,,,-23.503125,-46.6245765,,,,2,2023-06-17T16:14:03+00:00
SAO_6074-10,São Paulo,3550308,True,,33929,,,-23.743917250000003,-46.66493225000001,,,,2,2023-06-17T16:13:58+00:00
SAO_6074-10,São Paulo,3550308,True,,33929,,,-23.753507,-46.6862175,,,,2,2023-06-17T16:13:34+00:00
SAO_6074-10,São Paulo,3550308,True,,33929,,,-23.734155,-46.6945605,,,,2,2023-06-17T16:13:44+00:00
SAO_6074-10,São Paulo,3550308,True,,33929,,,-23.7349645,-46.6641195,,,,2,2023-06-17T16:14:05+00:00
SAO_6074-10,São Paulo,3550308,True,,33929,,,-23.70568,-46.7016225,,,,2,2023-06-17T16:14:06+00:00
SAO_6074-10,São Paulo,3550308,True,,33929,,,-23.734747,-46.664041999999995,,,,2,2023-06-17T16:13:47+00:00
SAO_2731-10,São Paulo,3550308,True,,946,,,-23.540125,-46.457967,,,,1,2023-06-17T16:13:55+00:00
SAO_2731-10,São Paulo,3550308,True,,946,,,-23.518249,-46.439041,,,,1,2023-06-17T16:14:07+00:00
SAO_2731-10,São Paulo,3550308,True,,946,,,-23.535528,-46.4545035,,,,1,2023-06-17T16:14:00+00:00
SAO_2731-10,São Paulo,3550308,True,,946,,,-23.541932000000003,-46.470695,,,,1,2023-06-17T16:11:23+00:00
SAO_2731-10,São Paulo,3550308,True,,946,,,-23.520958,-46.4417105,,,,1,2023-06-17T16:13:59+00:00
SAO_2731-10,São Paulo,3550308,True,,946,,,-23.5211655,-46.435926499999994,,,,1,2023-06-17T16:13:28+00:00
SAO_8100-10,São Paulo,3550308,True,,1262,,,-23.485745,-46.725733000000005,,,,1,2023-06-17T16:13:49+00:00
SAO_8100-10,São Paulo,3550308,True,,1262,,,-23.520094999999998,-46.700067000000004,,,,1,2023-06-17T16:14:02+00:00
SAO_8100-10,São Paulo,3550308,True,,1262,,,-23.4859945,-46.7259765,,,,1,2023-06-17T16:14:00+00:00
SAO_8100-10,São Paulo,3550308,True,,1262,,,-23.49490075,-46.73044,,,,1,2023-06-17T16:13:44+00:00
SAO_577T-10,São Paulo,3550308,True,,34059,,,-23.623095375,-46.640301125,,,,2,2023-06-17T16:13:56+00:00
SAO_577T-10,São Paulo,3550308,True,,34059,,,-23.583523999999997,-46.637173250000004,,,,2,2023-06-17T16:13:38+00:00
SAO_577T-10,São Paulo,3550308,True,,34059,,,-23.685834,-46.637785,,,,2,2023-06-17T16:13:46+00:00
SAO_577T-10,São Paulo,3550308,True,,34059,,,-23.687024,-46.6385275,,,,2,2023-06-17T16:13:36+00:00
SAO_577T-10,São Paulo,3550308,True,,34059,,,-23.64649975,-46.64515875,,,,2,2023-06-17T16:14:02+00:00
SAO_4734-10,São Paulo,3550308,True,,1109,,,-23.6184455,-46.638504499999996,,,,1,2023-06-17T16:13:42+00:00
SAO_4734-10,São Paulo,3550308,True,,1109,,,-23.618497249999997,-46.6383035,,,,1,2023-06-17T16:13:45+00:00
SAO_4734-10,São Paulo,3550308,True,,1109,,,-23.640511,-46.607997999999995,,,,1,2023-06-17T16:13:48+00:00
SAO_4734-10,São Paulo,3550308,True,,1109,,,-23.625719,-46.61915275,,,,1,2023-06-17T16:13:34+00:00
SAO_3010-10,São Paulo,3550308,True,,35311,,,-23.510537499999998,-46.4468945,,,,2,2023-06-17T16:13:51+00:00
SAO_3010-10,São Paulo,3550308,True,,35311,,,-23.516416,-46.450549,,,,2,2023-06-17T16:13:33+00:00
SAO_3789-10,São Paulo,3550308,True,,33835,,,-23.56269475,-46.466025,,,,2,2023-06-17T16:13:48+00:00
SAO_3789-10,São Paulo,3550308,True,,33835,,,-23.59472,-46.443221,,,,2,2023-06-17T16:14:00+00:00
SAO_3789-10,São Paulo,3550308,True,,33835,,,-23.586068500000003,-46.4092865,,,,2,2023-06-17T16:13:43+00:00
SAO_3789-10,São Paulo,3550308,True,,33835,,,-23.611663,-46.3964115,,,,2,2023-06-17T16:12:30+00:00
SAO_3789-10,São Paulo,3550308,True,,33835,,,-23.611663,-46.3964115,,,,2,2023-06-17T16:13:41+00:00
SAO_3789-10,São Paulo,3550308,True,,33835,,,-23.611663,-46.3964115,,,,2,2023-06-17T16:13:35+00:00
SAO_3789-10,São Paulo,3550308,True,,33835,,,-23.542634,-46.4712945,,,,2,2023-06-17T16:14:03+00:00
SAO_3789-10,São Paulo,3550308,True,,33835,,,-23.581527,-46.4149995,,,,2,2023-06-17T16:13:54+00:00
SAO_1726-10,São Paulo,3550308,True,,1403,,,-23.435107000000002,-46.566191,,,,1,2023-06-17T16:11:41+00:00
SAO_1726-10,São Paulo,3550308,True,,1403,,,-23.4359105,-46.566243,,,,1,2023-06-17T16:13:28+00:00
SAO_1726-10,São Paulo,3550308,True,,1403,,,-23.48877925,-46.62417,,,,1,2023-06-17T16:14:03+00:00
SAO_1726-10,São Paulo,3550308,True,,1403,,,-23.457281000000002,-46.602188,,,,1,2023-06-17T16:13:23+00:00
SAO_1726-10,São Paulo,3550308,True,,1403,,,-23.4359105,-46.566243,,,,1,2023-06-17T16:11:51+00:00
SAO_311C-10,São Paulo,3550308,True,EMTU,309,https://moovitapp.com/index/pt-br/transporte_p%C3%BAblico-line-309-Sao_Paulo-242-2038937-36419401-0,7.5,-23.562257375,-46.598020875,,,,1,2023-06-17T16:13:59+00:00
SAO_311C-10,São Paulo,3550308,True,EMTU,309,https://moovitapp.com/index/pt-br/transporte_p%C3%BAblico-line-309-Sao_Paulo-242-2038937-36419401-0,7.5,-23.524575249999998,-46.64508725,,,,1,2023-06-17T16:13:32+00:00
SAO_311C-10,São Paulo,3550308,True,EMTU,309,https://moovitapp.com/index/pt-br/transporte_p%C3%BAblico-line-309-Sao_Paulo-242-2038937-36419401-0,7.5,-23.5888415,-46.5830075,,,,1,2023-06-17T16:13:39+00:00
SAO_407I-10,São Paulo,3550308,True,,34990,,,-23.5431125,-46.48502825,,,,2,2023-06-17T16:13:31+00:00
SAO_407I-10,São Paulo,3550308,True,,34990,,,-23.53894175,-46.56848075,,,,2,2023-06-17T16:13:30+00:00
SAO_407I-10,São Paulo,3550308,True,,34990,,,-23.542912,-46.484694250000004,,,,2,2023-06-17T16:13:51+00:00
SAO_407I-10,São Paulo,3550308,True,,34990,,,-23.549653999999997,-46.4858605,,,,2,2023-06-17T16:13:55+00:00
SAO_9047-10,São Paulo,3550308,True,,33651,,,-23.4820725,-46.6921595,,,,2,2023-06-17T16:13:55+00:00
SAO_9047-10,São Paulo,3550308,True,,33651,,,-23.461346250000002,-46.705588375000005,,,,2,2023-06-17T16:13:30+00:00
SAO_9047-10,São Paulo,3550308,True,,33651,,,-23.461194999999996,-46.70890575,,,,2,2023-06-17T16:13:37+00:00
SAO_9047-10,São Paulo,3550308,True,,33651,,,-23.461492999999997,-46.713212999999996,,,,2,2023-06-17T16:13:59+00:00
SAO_9047-10,São Paulo,3550308,True,,33651,,,-23.4613235,-46.713106499999995,,,,2,2023-06-17T16:13:33+00:00
SAO_9047-10,São Paulo,3550308,True,,33651,,,-23.507077375,-46.689163875000006,,,,2,2023-06-17T16:13:48+00:00
SAO_2702-10,São Paulo,3550308,True,,33682,,,-23.49796775,-46.46098275,,,,2,2023-06-17T16:13:26+00:00
SAO_2702-10,São Paulo,3550308,True,,33682,,,-23.494294,-46.4433315,,,,2,2023-06-17T16:13:59+00:00
SAO_2702-10,São Paulo,3550308,True,,33682,,,-23.5335115,-46.47354249999999,,,,2,2023-06-17T16:13:29+00:00
SAO_106A-10,São Paulo,3550308,True,,516,,,-23.538346750000002,-46.63473475000001,,,,1,2023-06-17T16:13:53+00:00
SAO_106A-10,São Paulo,3550308,True,,516,,,-23.502099,-46.62419250000001,,,,1,2023-06-17T16:13:51+00:00
SAO_106A-10,São Paulo,3550308,True,,516,,,-23.595228499999997,-46.683208,,,,1,2023-06-17T16:13:51+00:00
SAO_106A-10,São Paulo,3550308,True,,516,,,-23.589979,-46.688332,,,,1,2023-06-17T16:13:27+00:00
SAO_106A-10,São Paulo,3550308,True,,516,,,-23.504243625,-46.624931125,,,,1,2023-06-17T16:13:58+00:00
SAO_106A-10,São Paulo,3550308,True,,516,,,-23.58940875,-46.688128000000006,,,,1,2023-06-17T16:13:36+00:00
SAO_106A-10,São Paulo,3550308,True,,516,,,-23.577015000000003,-46.672109500000005,,,,1,2023-06-17T16:13:45+00:00
SAO_106A-10,São Paulo,3550308,True,,516,,,-23.589232000000003,-46.688066,,,,1,2023-06-17T16:13:53+00:00
SAO_106A-10,São Paulo,3550308,True,,516,,,-23.58963425,-46.688204,,,,1,2023-06-17T16:13:41+00:00
SAO_2707-10,São Paulo,3550308,True,,33687,,,-23.542916875,-46.41448737499999,,,,2,2023-06-17T16:14:06+00:00
SAO_2707-10,São Paulo,3550308,True,,33687,,,-23.534582999999998,-46.404441000000006,,,,2,2023-06-17T16:10:43+00:00
SAO_2707-10,São Paulo,3550308,True,,33687,,,-23.5271645,-46.4058045,,,,2,2023-06-17T16:13:52+00:00
SAO_2707-10,São Paulo,3550308,True,,33687,,,-23.536134625000003,-46.427873375000004,,,,2,2023-06-17T16:13:24+00:00
SAO_2707-10,São Paulo,3550308,True,,33687,,,-23.533006,-46.406414999999996,,,,2,2023-06-17T16:08:53+00:00
SAO_2707-10,São Paulo,3550308,True,,33687,,,-23.54401625,-46.460938999999996,,,,2,2023-06-17T16:13:38+00:00
SAO_2707-10,São Paulo,3550308,True,,33687,,,-23.526501500000002,-46.4054125,,,,2,2023-06-17T16:13:26+00:00
SAO_2707-10,São Paulo,3550308,True,,33687,,,-23.526104,-46.4052965,,,,2,2023-06-17T15:34:58+00:00
SAO_2707-10,São Paulo,3550308,True,,33687,,,-23.526398,-46.405373499999996,,,,2,2023-06-17T16:13:55+00:00
SAO_574R-10,São Paulo,3550308,True,,34391,,,-23.57133125,-46.5659435,,,,2,2023-06-17T16:13:58+00:00
SAO_574R-10,São Paulo,3550308,True,,34391,,,-23.614496,-46.500415000000004,,,,2,2023-06-17T16:13:36+00:00
SAO_2105-10,São Paulo,3550308,True,,2247,,,-23.43415375,-46.578893625,,,,1,2023-06-17T16:13:26+00:00
SAO_2105-10,São Paulo,3550308,True,,2247,,,-23.434711,-46.580977000000004,,,,1,2023-06-17T16:13:31+00:00
SAO_2105-10,São Paulo,3550308,True,,2247,,,-23.538991000000003,-46.619081249999994,,,,1,2023-06-17T16:13:32+00:00
SAO_2105-10,São Paulo,3550308,True,,2247,,,-23.541803,-46.617389,,,,1,2023-06-17T16:12:01+00:00
SAO_695Y-10,São Paulo,3550308,True,,1198,,,-23.591474499999997,-46.6357215,,,,1,2023-06-17T16:13:31+00:00
SAO_695Y-10,São Paulo,3550308,True,,1198,,,-23.7113145,-46.6990995,,,,1,2023-06-17T16:13:56+00:00
SAO_695Y-10,São Paulo,3550308,True,,1198,,,-23.627943062499998,-46.6851315,,,,1,2023-06-17T16:13:26+00:00
SAO_695Y-10,São Paulo,3550308,True,,1198,,,-23.675486,-46.688672499999996,,,,1,2023-06-17T16:14:01+00:00
SAO_695Y-10,São Paulo,3550308,True,,1198,,,-23.827466,-46.727307,,,,1,2023-06-17T16:13:38+00:00
SAO_4313-10,São Paulo,3550308,True,,34941,,,-23.583026,-46.408417,,,,2,2023-06-17T16:13:41+00:00
SAO_4313-10,São Paulo,3550308,True,,34941,,,-23.5479245,-46.629473,,,,2,2023-06-17T16:13:57+00:00
SAO_4313-10,São Paulo,3550308,True,,34941,,,-23.5830695,-46.408172,,,,2,2023-06-17T16:13:30+00:00
SAO_4313-10,São Paulo,3550308,True,,34941,,,-23.596132124999997,-46.453888500000005,,,,2,2023-06-17T16:14:01+00:00
SAO_4313-10,São Paulo,3550308,True,,34941,,,-23.59298,-46.471723,,,,2,2023-06-17T16:14:04+00:00
SAO_4313-10,São Paulo,3550308,True,,34941,,,-23.5941165,-46.419376,,,,2,2023-06-17T16:14:03+00:00
SAO_4313-10,São Paulo,3550308,True,,34941,,,-23.583026,-46.408417,,,,2,2023-06-17T16:14:04+00:00
SAO_4313-10,São Paulo,3550308,True,,34941,,,-23.53765525,-46.5612195,,,,2,2023-06-17T16:13:54+00:00
SAO_4313-10,São Paulo,3550308,True,,34941,,,-23.58308,-46.408871000000005,,,,2,2023-06-17T16:13:53+00:00
SAO_4313-10,São Paulo,3550308,True,,34941,,,-23.551777625,-46.609177875,,,,2,2023-06-17T16:13:46+00:00
SAO_4313-10,São Paulo,3550308,True,,34941,,,-23.595962999999998,-46.452558499999995,,,,2,2023-06-17T16:13:23+00:00
SAO_4313-10,São Paulo,3550308,True,,34941,,,-23.5479245,-46.629473,,,,2,2023-06-17T16:13:56+00:00
SAO_607M-10,São Paulo,3550308,True,,2036,,,-23.69827325,-46.70106925,,,,1,2023-06-17T16:14:00+00:00
SAO_607M-10,São Paulo,3550308,True,,2036,,,-23.636318375000002,-46.694568875,,,,1,2023-06-17T16:13:42+00:00
SAO_607M-10,São Paulo,3550308,True,,2036,,,-23.735961500000002,-46.69631975,,,,1,2023-06-17T16:13:39+00:00
SAO_1772-10,São Paulo,3550308,True,,635,,,-23.4349075,-46.581235,,,,1,2023-06-17T16:13:46+00:00
SAO_1772-10,São Paulo,3550308,True,,635,,,-23.4536725,-46.589355499999996,,,,1,2023-06-17T16:14:01+00:00
SAO_6414-10,São Paulo,3550308,True,,33128,,,-23.550183,-46.639641499999996,,,,2,2023-06-17T16:13:27+00:00
SAO_6414-10,São Paulo,3550308,True,,33128,,,-23.650007000000002,-46.7059785,,,,2,2023-06-17T16:13:51+00:00
SAO_6414-10,São Paulo,3550308,True,,33128,,,-23.63537675,-46.694847249999995,,,,2,2023-06-17T16:14:06+00:00
SAO_6414-10,São Paulo,3550308,True,,33128,,,-23.665791499999997,-46.7118705,,,,2,2023-06-17T16:13:56+00:00
SAO_6414-10,São Paulo,3550308,True,,33128,,,-23.597869,-46.674023,,,,2,2023-06-17T16:14:07+00:00
SAO_7002-10,São Paulo,3550308,True,,33540,,,-23.584795,-46.744600500000004,,,,2,2023-06-17T16:13:23+00:00
SAO_7002-10,São Paulo,3550308,True,,33540,,,-23.57169525,-46.7078775,,,,2,2023-06-17T16:13:24+00:00
SAO_7002-10,São Paulo,3550308,True,,33540,,,-23.5900465,-46.769759500000006,,,,2,2023-06-17T16:14:00+00:00
SAO_7002-10,São Paulo,3550308,True,,33540,,,-23.5917945,-46.7695685,,,,2,2023-06-17T16:13:57+00:00
SAO_7002-10,São Paulo,3550308,True,,33540,,,-23.5532215,-46.674353249999996,,,,2,2023-06-17T16:13:47+00:00
SAO_7002-10,São Paulo,3550308,True,,33540,,,-23.590518,-46.76971475,,,,2,2023-06-17T16:13:48+00:00
SAO_7002-10,São Paulo,3550308,True,,33540,,,-23.590518,-46.76971475,,,,2,2023-06-17T16:13:53+00:00
SAO_1177-10,São Paulo,3550308,True,,129,,,-23.527966,-46.590788,,,,1,2023-06-17T16:11:50+00:00
SAO_1177-10,São Paulo,3550308,True,,129,,,-23.53628375,-46.6336825,,,,1,2023-06-17T16:14:02+00:00
SAO_1177-10,São Paulo,3550308,True,,129,,,-23.5123885,-46.514519,,,,1,2023-06-17T16:13:42+00:00
SAO_2735-10,São Paulo,3550308,True,,34689,,,-23.479257875000002,-46.500032812499995,,,,2,2023-06-17T16:14:01+00:00
SAO_2735-10,São Paulo,3550308,True,,34689,,,-23.502458625000003,-46.534803124999996,,,,2,2023-06-17T16:14:03+00:00
SAO_2735-10,São Paulo,3550308,True,,34689,,,-23.480837,-46.494515,,,,2,2023-06-17T16:11:51+00:00
SAO_2735-10,São Paulo,3550308,True,,34689,,,-23.48108,-46.49439625,,,,2,2023-06-17T16:13:49+00:00
SAO_2735-10,São Paulo,3550308,True,,34689,,,-23.525952,-46.548964999999995,,,,2,2023-06-17T16:13:30+00:00
SAO_3731-10,São Paulo,3550308,True,,1028,,,-23.532345125,-46.525324375,,,,1,2023-06-17T16:13:53+00:00
SAO_3731-10,São Paulo,3550308,True,,1028,,,-23.563361999999998,-46.5018435,,,,1,2023-06-17T16:13:42+00:00
SAO_3731-10,São Paulo,3550308,True,,1028,,,-23.539874,-46.516463,,,,1,2023-06-17T16:13:47+00:00
SAO_3731-10,São Paulo,3550308,True,,1028,,,-23.5532535,-46.5171915,,,,1,2023-06-17T16:13:59+00:00
SAO_3731-10,São Paulo,3550308,True,,1028,,,-23.564069500000002,-46.5039875,,,,1,2023-06-17T16:13:23+00:00
SAO_3731-10,São Paulo,3550308,True,,1028,,,-23.539874,-46.516463,,,,1,2023-06-17T16:12:20+00:00
SAO_4028-10,São Paulo,3550308,True,,33866,,,-23.641942999999998,-46.438282,,,,2,2023-06-17T16:14:03+00:00
SAO_4028-10,São Paulo,3550308,True,,33866,,,-23.6374255,-46.448604,,,,2,2023-06-17T16:13:36+00:00
SAO_4028-10,São Paulo,3550308,True,,33866,,,-23.6261985,-46.459625,,,,2,2023-06-17T16:13:30+00:00
SAO_4028-10,São Paulo,3550308,True,,33866,,,-23.593083,-46.4887815,,,,2,2023-06-17T16:13:43+00:00
SAO_407A-10,São Paulo,3550308,True,,2194,,,-23.578180874999997,-46.53952674999999,,,,1,2023-06-17T16:13:23+00:00
SAO_407A-10,São Paulo,3550308,True,,2194,,,-23.53860475,-46.60404375,,,,1,2023-06-17T16:13:32+00:00
SAO_407A-10,São Paulo,3550308,True,,2194,,,-23.5761115,-46.51551475,,,,1,2023-06-17T16:13:54+00:00
SAO_407A-10,São Paulo,3550308,True,,2194,,,-23.5631345,-46.501291499999994,,,,1,2023-06-17T16:13:23+00:00
SAO_5175-10,São Paulo,3550308,True,,33361,,,-23.5505945,-46.635301,,,,2,2023-06-17T16:13:46+00:00
SAO_5175-10,São Paulo,3550308,True,,33361,,,-23.5505945,-46.635301,,,,2,2023-06-17T16:13:50+00:00
SAO_5175-10,São Paulo,3550308,True,,33361,,,-23.5505945,-46.635301,,,,2,2023-06-17T16:13:46+00:00
SAO_5175-10,São Paulo,3550308,True,,33361,,,-23.702181500000002,-46.650177,,,,2,2023-06-17T16:14:07+00:00
SAO_5175-10,São Paulo,3550308,True,,33361,,,-23.5505945,-46.635301,,,,2,2023-06-17T16:13:46+00:00
SAO_5175-10,São Paulo,3550308,True,,33361,,,-23.5505945,-46.635301,,,,2,2023-06-17T16:07:39+00:00
SAO_5175-10,São Paulo,3550308,True,,33361,,,-23.699271000000003,-46.648211,,,,2,2023-06-17T16:13:36+00:00
SAO_5175-10,São Paulo,3550308,True,,33361,,,-23.5505945,-46.635301,,,,2,2023-06-17T16:13:44+00:00
SAO_5175-10,São Paulo,3550308,True,,33361,,,-23.5505945,-46.635301,,,,2,2023-06-17T16:13:50+00:00
SAO_5175-10,São Paulo,3550308,True,,33361,,,-23.585697000000003,-46.6553,,,,2,2023-06-17T16:13:35+00:00
SAO_5175-10,São Paulo,3550308,True,,33361,,,-23.657037625,-46.679739999999995,,,,2,2023-06-17T16:13:38+00:00
SAO_5175-10,São Paulo,3550308,True,,33361,,,-23.5505945,-46.635301,,,,2,2023-06-17T16:13:32+00:00
SAO_5175-10,São Paulo,3550308,True,,33361,,,-23.5505945,-46.635301,,,,2,2023-06-17T16:13:29+00:00
SAO_5175-10,São Paulo,3550308,True,,33361,,,-23.5505945,-46.635301,,,,2,2023-06-17T16:13:25+00:00
SAO_5175-10,São Paulo,3550308,True,,33361,,,-23.5795275,-46.6614735,,,,2,2023-06-17T16:13:57+00:00
SAO_5175-10,São Paulo,3550308,True,,33361,,,-23.702581000000002,-46.6501255,,,,2,2023-06-17T16:13:33+00:00
SAO_5175-10,São Paulo,3550308,True,,33361,,,-23.702181500000002,-46.650177,,,,2,2023-06-17T16:12:11+00:00
SAO_177H-21,São Paulo,3550308,True,,33399,,,-23.565648375000002,-46.69100575,,,,2,2023-06-17T16:13:22+00:00
SAO_177H-21,São Paulo,3550308,True,,33399,,,-23.532612999999998,-46.657472,,,,2,2023-06-17T16:13:58+00:00
SAO_177H-21,São Paulo,3550308,True,,33399,,,-23.5031265,-46.624462,,,,2,2023-06-17T16:14:07+00:00
SAO_177H-21,São Paulo,3550308,True,,33399,,,-23.5669295,-46.701152500000006,,,,2,2023-06-17T16:13:59+00:00
SAO_177H-21,São Paulo,3550308,True,,33399,,,-23.503036,-46.624043,,,,2,2023-06-17T16:13:51+00:00
SAO_2678-10,São Paulo,3550308,True,,33151,,,-23.494884624999997,-46.41193787499999,,,,2,2023-06-17T16:13:41+00:00
SAO_2678-10,São Paulo,3550308,True,,33151,,,-23.4938845,-46.37678150000001,,,,2,2023-06-17T16:13:32+00:00
SAO_2678-10,São Paulo,3550308,True,,33151,,,-23.513284499999997,-46.516854,,,,2,2023-06-17T16:13:32+00:00
SAO_2678-10,São Paulo,3550308,True,,33151,,,-23.4938845,-46.37678150000001,,,,2,2023-06-17T16:13:37+00:00
SAO_2678-10,São Paulo,3550308,True,,33151,,,-23.506502125,-46.477052750000006,,,,2,2023-06-17T16:13:25+00:00
SAO_2678-10,São Paulo,3550308,True,,33151,,,-23.52329775,-46.54517,,,,2,2023-06-17T16:14:02+00:00
SAO_2678-10,São Paulo,3550308,True,,33151,,,-23.495362999999998,-46.429863,,,,2,2023-06-17T16:14:04+00:00
SAO_2678-10,São Paulo,3550308,True,,33151,,,-23.546346,-46.62254,,,,2,2023-06-17T16:13:24+00:00
SAO_2678-10,São Paulo,3550308,True,,33151,,,-23.4911345,-46.386638500000004,,,,2,2023-06-17T16:13:41+00:00
SAO_2678-10,São Paulo,3550308,True,,33151,,,-23.494808,-46.3886665,,,,2,2023-06-17T16:13:38+00:00
SAO_175P-10,São Paulo,3550308,True,,675,,,-23.567757999999998,-46.648992,,,,1,2023-06-17T16:13:43+00:00
SAO_175P-10,São Paulo,3550308,True,,675,,,-23.5859291875,-46.6364181875,,,,1,2023-06-17T16:13:35+00:00
SAO_175P-10,São Paulo,3550308,True,,675,,,-23.503747750000002,-46.657065625,,,,1,2023-06-17T16:13:39+00:00
SAO_175P-10,São Paulo,3550308,True,,675,,,-23.50030225,-46.637009625000005,,,,1,2023-06-17T16:13:57+00:00
SAO_175P-10,São Paulo,3550308,True,,675,,,-23.5861638125,-46.63626881249999,,,,1,2023-06-17T16:13:44+00:00
SAO_175P-10,São Paulo,3550308,True,,675,,,-23.50035825,-46.62624075,,,,1,2023-06-17T16:14:04+00:00
SAO_175P-10,São Paulo,3550308,True,,675,,,-23.54189625,-46.67144424999999,,,,1,2023-06-17T16:13:33+00:00
SAO_175P-10,São Paulo,3550308,True,,675,,,-23.5770275,-46.640961000000004,,,,1,2023-06-17T16:14:03+00:00
SAO_576M-10,São Paulo,3550308,True,,604,,,-23.59821575,-46.66649925,,,,1,2023-06-17T16:13:35+00:00
SAO_576M-10,São Paulo,3550308,True,,604,,,-23.63570225,-46.65001650000001,,,,1,2023-06-17T16:13:38+00:00
SAO_2766-10,São Paulo,3550308,True,,33173,,,-23.501273750000003,-46.39816225,,,,2,2023-06-17T16:13:53+00:00
SAO_2766-10,São Paulo,3550308,True,,33173,,,-23.5425775,-46.4719335,,,,2,2023-06-17T16:13:53+00:00
SAO_2766-10,São Paulo,3550308,True,,33173,,,-23.5425775,-46.4719335,,,,2,2023-06-17T16:13:26+00:00
SAO_2766-10,São Paulo,3550308,True,,33173,,,-23.5425775,-46.4719335,,,,2,2023-06-17T16:13:33+00:00
SAO_2766-10,São Paulo,3550308,True,,33173,,,-23.5425775,-46.4719335,,,,2,2023-06-17T16:13:43+00:00
SAO_2766-10,São Paulo,3550308,True,,33173,,,-23.5425775,-46.4719335,,,,2,2023-06-17T16:13:40+00:00
SAO_2766-10,São Paulo,3550308,True,,33173,,,-23.5425775,-46.4719335,,,,2,2023-06-17T16:13:45+00:00
SAO_2766-10,São Paulo,3550308,True,,33173,,,-23.53455425,-46.45399675,,,,2,2023-06-17T16:13:52+00:00
SAO_2766-10,São Paulo,3550308,True,,33173,,,-23.5425775,-46.4719335,,,,2,2023-06-17T16:13:51+00:00
SAO_2766-10,São Paulo,3550308,True,,33173,,,-23.50504,-46.442969,,,,2,2023-06-17T16:13:56+00:00
SAO_637R-10,São Paulo,3550308,True,EMTU,196,https://moovitapp.com/index/pt-br/transporte_p%C3%BAblico-line-196-Sao_Paulo-242-2038937-36419323-0,4.85,-23.7207345,-46.77011,,,,1,2023-06-17T16:14:02+00:00
SAO_637R-10,São Paulo,3550308,True,EMTU,196,https://moovitapp.com/index/pt-br/transporte_p%C3%BAblico-line-196-Sao_Paulo-242-2038937-36419323-0,4.85,-23.65417,-46.7124525,,,,1,2023-06-17T16:13:43+00:00
SAO_637R-10,São Paulo,3550308,True,EMTU,196,https://moovitapp.com/index/pt-br/transporte_p%C3%BAblico-line-196-Sao_Paulo-242-2038937-36419323-0,4.85,-23.7142915,-46.774963,,,,1,2023-06-17T16:13:48+00:00
SAO_637R-10,São Paulo,3550308,True,EMTU,196,https://moovitapp.com/index/pt-br/transporte_p%C3%BAblico-line-196-Sao_Paulo-242-2038937-36419323-0,4.85,-23.667369,-46.728165,,,,1,2023-06-17T16:13:51+00:00
SAO_637R-10,São Paulo,3550308,True,EMTU,196,https://moovitapp.com/index/pt-br/transporte_p%C3%BAblico-line-196-Sao_Paulo-242-2038937-36419323-0,4.85,-23.720310875,-46.769244625,,,,1,2023-06-17T16:13:48+00:00
SAO_637R-10,São Paulo,3550308,True,EMTU,196,https://moovitapp.com/index/pt-br/transporte_p%C3%BAblico-line-196-Sao_Paulo-242-2038937-36419323-0,4.85,-23.690734,-46.774626,,,,1,2023-06-17T16:13:46+00:00
SAO_3051-10,São Paulo,3550308,True,,2446,,,-23.5185185,-46.475598,,,,1,2023-06-17T16:14:00+00:00
SAO_3051-10,São Paulo,3550308,True,,2446,,,-23.4996005,-46.4739735,,,,1,2023-06-17T16:13:32+00:00
SAO_2666-10,São Paulo,3550308,True,,33146,,,-23.531755500000003,-46.55994225,,,,2,2023-06-17T16:12:40+00:00
SAO_2666-10,São Paulo,3550308,True,,33146,,,-23.506605375,-46.47728225,,,,2,2023-06-17T16:14:07+00:00
SAO_2666-10,São Paulo,3550308,True,,33146,,,-23.518412250000004,-46.391846125,,,,2,2023-06-17T16:13:27+00:00
SAO_2666-10,São Paulo,3550308,True,,33146,,,-23.546655,-46.630598,,,,2,2023-06-17T16:13:23+00:00
SAO_2666-10,São Paulo,3550308,True,,33146,,,-23.538131999999997,-46.599534750000004,,,,2,2023-06-17T16:13:35+00:00
SAO_2666-10,São Paulo,3550308,True,,33146,,,-23.518342,-46.391026,,,,2,2023-06-17T16:13:25+00:00
SAO_2666-10,São Paulo,3550308,True,,33146,,,-23.51828025,-46.3879975,,,,2,2023-06-17T16:14:01+00:00
SAO_2666-10,São Paulo,3550308,True,,33146,,,-23.546655,-46.630598,,,,2,2023-06-17T16:13:30+00:00
SAO_2666-10,São Paulo,3550308,True,,33146,,,-23.522952874999998,-46.542311624999996,,,,2,2023-06-17T16:12:10+00:00
SAO_2666-10,São Paulo,3550308,True,,33146,,,-23.546655,-46.630598,,,,2,2023-06-17T16:13:59+00:00
SAO_4036-10,São Paulo,3550308,True,,35329,,,-23.542672000000003,-46.470274,,,,2,2023-06-17T16:14:01+00:00
SAO_4036-10,São Paulo,3550308,True,,35329,,,-23.558351000000002,-46.5228025,,,,2,2023-06-17T16:13:55+00:00
SAO_4036-10,São Paulo,3550308,True,,35329,,,-23.543105,-46.46927075,,,,2,2023-06-17T16:11:48+00:00
SAO_6036-10,São Paulo,3550308,True,,1214,,,-23.643037,-46.7420015,,,,1,2023-06-17T16:14:06+00:00
SAO_6036-10,São Paulo,3550308,True,,1214,,,-23.65376725,-46.79044725,,,,1,2023-06-17T16:13:26+00:00
SAO_6036-10,São Paulo,3550308,True,,1214,,,-23.6522775,-46.791145,,,,1,2023-06-17T16:14:06+00:00
SAO_6036-10,São Paulo,3550308,True,,1214,,,-23.653551,-46.777357,,,,1,2023-06-17T16:13:38+00:00
SAO_6L10-10,São Paulo,3550308,True,,1159,,,-23.767440999999998,-46.716431,,,,1,2023-06-17T16:13:42+00:00
SAO_6L10-10,São Paulo,3550308,True,,1159,,,-23.803442500000003,-46.73464250000001,,,,1,2023-06-17T16:13:36+00:00
SAO_6L10-10,São Paulo,3550308,True,,1159,,,-23.767440999999998,-46.716431,,,,1,2023-06-17T16:13:39+00:00
SAO_6L10-10,São Paulo,3550308,True,,1159,,,-23.767440999999998,-46.716431,,,,1,2023-06-17T16:13:30+00:00
SAO_172K-10,São Paulo,3550308,True,,857,,,-23.476782,-46.6098505,,,,1,2023-06-17T16:13:39+00:00
SAO_172K-10,São Paulo,3550308,True,,857,,,-23.5397765,-46.5765665,,,,1,2023-06-17T16:13:56+00:00
SAO_172K-10,São Paulo,3550308,True,,857,,,-23.479270500000002,-46.59933075,,,,1,2023-06-17T16:13:44+00:00
SAO_172K-10,São Paulo,3550308,True,,857,,,-23.529685375,-46.58763325,,,,1,2023-06-17T16:13:32+00:00
SAO_172K-10,São Paulo,3550308,True,,857,,,-23.504078,-46.5978535,,,,1,2023-06-17T16:13:53+00:00
SAO_407N-10,São Paulo,3550308,True,,34937,,,-23.561805,-46.5112785,,,,2,2023-06-17T16:13:33+00:00
SAO_407N-10,São Paulo,3550308,True,,34937,,,-23.5948865,-46.42799587499999,,,,2,2023-06-17T16:12:38+00:00
SAO_407N-10,São Paulo,3550308,True,,34937,,,-23.534,-46.5424035,,,,2,2023-06-17T16:14:05+00:00
SAO_407N-10,São Paulo,3550308,True,,34937,,,-23.583091,-46.408528000000004,,,,2,2023-06-17T16:13:56+00:00
SAO_407N-10,São Paulo,3550308,True,,34937,,,-23.534,-46.5424035,,,,2,2023-06-17T16:13:28+00:00
SAO_407N-10,São Paulo,3550308,True,,34937,,,-23.58714825,-46.484072999999995,,,,2,2023-06-17T16:13:46+00:00
SAO_1722-10,São Paulo,3550308,True,,33632,,,-23.482450749999998,-46.67278175,,,,2,2023-06-17T16:13:34+00:00
SAO_1722-10,São Paulo,3550308,True,,33632,,,-23.482122250000003,-46.671637000000004,,,,2,2023-06-17T16:13:23+00:00
SAO_1722-10,São Paulo,3550308,True,,33632,,,-23.482091500000003,-46.671369,,,,2,2023-06-17T16:13:24+00:00
SAO_1722-10,São Paulo,3550308,True,,33632,,,-23.466594999999998,-46.6306005,,,,2,2023-06-17T16:10:44+00:00
SAO_1722-10,São Paulo,3550308,True,,33632,,,-23.463863250000003,-46.5837095,,,,2,2023-06-17T16:13:26+00:00
SAO_1722-10,São Paulo,3550308,True,,33632,,,-23.4798095,-46.601954500000005,,,,2,2023-06-17T16:13:49+00:00
SAO_1722-10,São Paulo,3550308,True,,33632,,,-23.457732749999998,-46.603072999999995,,,,2,2023-06-17T16:13:52+00:00
SAO_1722-10,São Paulo,3550308,True,,33632,,,-23.474018,-46.654799499999996,,,,2,2023-06-17T16:13:41+00:00
SAO_1722-10,São Paulo,3550308,True,,33632,,,-23.482122250000003,-46.671637000000004,,,,2,2023-06-17T16:13:30+00:00
SAO_1722-10,São Paulo,3550308,True,,33632,,,-23.474145,-46.653328,,,,2,2023-06-17T16:13:24+00:00
SAO_8055-51,São Paulo,3550308,True,,33185,,,-23.408559,-46.76646,,,,2,2023-06-17T16:13:35+00:00
SAO_8055-51,São Paulo,3550308,True,,33185,,,-23.408545500000002,-46.740751,,,,2,2023-06-17T16:13:57+00:00
SAO_8055-51,São Paulo,3550308,True,,33185,,,-23.522753375,-46.691829187500005,,,,2,2023-06-17T16:14:01+00:00
SAO_2718-10,São Paulo,3550308,True,,33699,,,-23.4930925,-46.49988925,,,,2,2023-06-17T16:13:35+00:00
SAO_2718-10,São Paulo,3550308,True,,33699,,,-23.4930925,-46.49988925,,,,2,2023-06-17T16:14:07+00:00
SAO_2718-10,São Paulo,3550308,True,,33699,,,-23.533164499999998,-46.5456245,,,,2,2023-06-17T16:13:28+00:00
SAO_2718-10,São Paulo,3550308,True,,33699,,,-23.49314,-46.5003795,,,,2,2023-06-17T16:13:38+00:00
SAO_2718-10,São Paulo,3550308,True,,33699,,,-23.49593,-46.509763500000005,,,,2,2023-06-17T16:13:23+00:00
SAO_2718-10,São Paulo,3550308,True,,33699,,,-23.5084935,-46.54316,,,,2,2023-06-17T16:13:39+00:00
SAO_6826-10,São Paulo,3550308,True,,32784,,,-23.6760145,-46.795257,,,,2,2023-06-17T16:13:49+00:00
SAO_8500-10,São Paulo,3550308,True,,1267,,,-23.490053,-46.71039275,,,,1,2023-06-17T16:13:42+00:00
SAO_8500-10,São Paulo,3550308,True,,1267,,,-23.4866745,-46.725972999999996,,,,1,2023-06-17T16:13:56+00:00
SAO_8500-10,São Paulo,3550308,True,,1267,,,-23.518904,-46.6765535,,,,1,2023-06-17T16:14:03+00:00
SAO_978T-10,São Paulo,3550308,True,,889,,,-23.504936999999998,-46.6902465,,,,1,2023-06-17T16:13:25+00:00
SAO_978T-10,São Paulo,3550308,True,,889,,,-23.5265025,-46.6722305,,,,1,2023-06-17T16:13:37+00:00
SAO_978T-10,São Paulo,3550308,True,,889,,,-23.4595325,-46.6976875,,,,1,2023-06-17T16:13:32+00:00
SAO_978T-10,São Paulo,3550308,True,,889,,,-23.526267500000003,-46.667531499999996,,,,1,2023-06-17T16:13:59+00:00
SAO_978T-10,São Paulo,3550308,True,,889,,,-23.5238395,-46.699349749999996,,,,1,2023-06-17T16:13:33+00:00
SAO_978T-10,São Paulo,3550308,True,,889,,,-23.477207,-46.691008499999995,,,,1,2023-06-17T16:13:28+00:00
SAO_978T-10,São Paulo,3550308,True,,889,,,-23.460974999999998,-46.688215,,,,1,2023-06-17T16:13:40+00:00
SAO_978T-10,São Paulo,3550308,True,,889,,,-23.488384250000003,-46.69350525,,,,1,2023-06-17T16:13:23+00:00
SAO_3004-10,São Paulo,3550308,True,,34566,,,-23.4816565,-46.4096135,,,,2,2023-06-17T16:10:13+00:00
SAO_745M-10,São Paulo,3550308,True,,782,,,-23.676291499999998,-46.7495555,,,,1,2023-06-17T16:13:26+00:00
SAO_745M-10,São Paulo,3550308,True,,782,,,-23.629057500000002,-46.7660915,,,,1,2023-06-17T16:13:48+00:00
SAO_745M-10,São Paulo,3550308,True,,782,,,-23.668846,-46.704012750000004,,,,1,2023-06-17T16:13:43+00:00
SAO_745M-10,São Paulo,3550308,True,,782,,,-23.6739685,-46.7846615,,,,1,2023-06-17T16:13:43+00:00
SAO_745M-10,São Paulo,3550308,True,,782,,,-23.674629624999998,-46.700361625,,,,1,2023-06-17T16:13:56+00:00
SAO_745M-10,São Paulo,3550308,True,,782,,,-23.681756125,-46.69138975,,,,1,2023-06-17T16:13:48+00:00
SAO_745M-10,São Paulo,3550308,True,,782,,,-23.650111250000002,-46.7792905,,,,1,2023-06-17T16:13:45+00:00
SAO_745M-10,São Paulo,3550308,True,,782,,,-23.630615499999998,-46.768413,,,,1,2023-06-17T16:13:33+00:00
SAO_745M-10,São Paulo,3550308,True,,782,,,-23.630615499999998,-46.768413,,,,1,2023-06-17T16:14:00+00:00
SAO_745M-10,São Paulo,3550308,True,,782,,,-23.672914499999997,-46.743935,,,,1,2023-06-17T16:13:58+00:00
SAO_1034-10,São Paulo,3550308,True,,35220,,,-23.470665500000003,-46.7103375,,,,2,2023-06-17T16:14:00+00:00
SAO_1034-10,São Paulo,3550308,True,,35220,,,-23.4724455,-46.702169,,,,2,2023-06-17T16:13:42+00:00
SAO_874T-10,São Paulo,3550308,True,EMTU,307,https://moovitapp.com/index/pt-br/transporte_p%C3%BAblico-line-307-Sao_Paulo-242-2038937-36419399-0,5.2,-23.5191555,-46.7078565,,,,1,2023-06-17T16:13:38+00:00
SAO_874T-10,São Paulo,3550308,True,EMTU,307,https://moovitapp.com/index/pt-br/transporte_p%C3%BAblico-line-307-Sao_Paulo-242-2038937-36419399-0,5.2,-23.56431225,-46.62206825,,,,1,2023-06-17T16:13:29+00:00
SAO_874T-10,São Paulo,3550308,True,EMTU,307,https://moovitapp.com/index/pt-br/transporte_p%C3%BAblico-line-307-Sao_Paulo-242-2038937-36419399-0,5.2,-23.552204875,-46.66093425,,,,1,2023-06-17T16:13:36+00:00
SAO_502J-10,São Paulo,3550308,True,,34043,,,-23.706264,-46.688098,,,,2,2023-06-17T16:13:24+00:00
SAO_502J-10,São Paulo,3550308,True,,34043,,,-23.636231000000002,-46.650964,,,,2,2023-06-17T16:13:36+00:00
SAO_502J-10,São Paulo,3550308,True,,34043,,,-23.6903485,-46.669776999999996,,,,2,2023-06-17T16:14:00+00:00
SAO_502J-10,São Paulo,3550308,True,,34043,,,-23.7058085,-46.6886045,,,,2,2023-06-17T16:13:38+00:00
SAO_3791-10,São Paulo,3550308,True,,33837,,,-23.540392,-46.485367499999995,,,,2,2023-06-17T16:13:26+00:00
SAO_3791-10,São Paulo,3550308,True,,33837,,,-23.5414835,-46.4843695,,,,2,2023-06-17T16:13:24+00:00
SAO_3791-10,São Paulo,3550308,True,,33837,,,-23.5491,-46.503552,,,,2,2023-06-17T16:13:56+00:00
SAO_3791-10,São Paulo,3550308,True,,33837,,,-23.549162,-46.503254999999996,,,,2,2023-06-17T16:13:39+00:00
SAO_3791-10,São Paulo,3550308,True,,33837,,,-23.566259000000002,-46.507381,,,,2,2023-06-17T16:13:41+00:00
SAO_3791-10,São Paulo,3550308,True,,33837,,,-23.5414835,-46.4843695,,,,2,2023-06-17T16:13:29+00:00
SAO_6031-10,São Paulo,3550308,True,,92,,,-23.7380895,-46.6977955,,,,1,2023-06-17T16:14:07+00:00
SAO_6031-10,São Paulo,3550308,True,,92,,,-23.7379375,-46.697804500000004,,,,1,2023-06-17T16:13:56+00:00
SAO_6031-10,São Paulo,3550308,True,,92,,,-23.744752499999997,-46.6995175,,,,1,2023-06-17T16:13:29+00:00
SAO_6031-10,São Paulo,3550308,True,,92,,,-23.7544845,-46.708985999999996,,,,1,2023-06-17T16:14:05+00:00
SAO_118Y-10,São Paulo,3550308,True,EMTU,841,https://moovitapp.com/index/pt-br/transporte_p%C3%BAblico-line-841-Sao_Paulo-242-2038937-36419604-0,5.15,-23.471871999999998,-46.6346485,,,,1,2023-06-17T16:13:56+00:00
SAO_118Y-10,São Paulo,3550308,True,EMTU,841,https://moovitapp.com/index/pt-br/transporte_p%C3%BAblico-line-841-Sao_Paulo-242-2038937-36419604-0,5.15,-23.508564375,-46.687383125000004,,,,1,2023-06-17T16:13:59+00:00
SAO_118Y-10,São Paulo,3550308,True,EMTU,841,https://moovitapp.com/index/pt-br/transporte_p%C3%BAblico-line-841-Sao_Paulo-242-2038937-36419604-0,5.15,-23.478611,-46.650835,,,,1,2023-06-17T16:13:34+00:00
SAO_118Y-10,São Paulo,3550308,True,EMTU,841,https://moovitapp.com/index/pt-br/transporte_p%C3%BAblico-line-841-Sao_Paulo-242-2038937-36419604-0,5.15,-23.48179775,-46.66905975,,,,1,2023-06-17T16:13:50+00:00
SAO_118Y-10,São Paulo,3550308,True,EMTU,841,https://moovitapp.com/index/pt-br/transporte_p%C3%BAblico-line-841-Sao_Paulo-242-2038937-36419604-0,5.15,-23.473557,-46.63605,,,,1,2023-06-17T16:13:34+00:00
SAO_118Y-10,São Paulo,3550308,True,EMTU,841,https://moovitapp.com/index/pt-br/transporte_p%C3%BAblico-line-841-Sao_Paulo-242-2038937-36419604-0,5.15,-23.503732,-46.675767500000006,,,,1,2023-06-17T16:13:21+00:00
SAO_3902-10,São Paulo,3550308,True,,34238,,,-23.485104,-46.384288999999995,,,,2,2023-06-17T16:11:43+00:00
SAO_3902-10,São Paulo,3550308,True,,34238,,,-23.505108,-46.384598,,,,2,2023-06-17T16:14:08+00:00
SAO_3902-10,São Paulo,3550308,True,,34238,,,-23.532747,-46.4075555,,,,2,2023-06-17T16:13:35+00:00
SAO_3902-10,São Paulo,3550308,True,,34238,,,-23.506026375,-46.38575625,,,,2,2023-06-17T16:13:27+00:00
SAO_3729-10,São Paulo,3550308,True,,1026,,,-23.568596624999998,-46.50931175000001,,,,1,2023-06-17T16:13:32+00:00
SAO_3729-10,São Paulo,3550308,True,,1026,,,-23.573217749999998,-46.54101425,,,,1,2023-06-17T16:13:40+00:00
SAO_3729-10,São Paulo,3550308,True,,1026,,,-23.538457,-46.5637265,,,,1,2023-06-17T16:13:59+00:00
SAO_3729-10,São Paulo,3550308,True,,1026,,,-23.5849855,-46.524962,,,,1,2023-06-17T16:14:04+00:00
SAO_3729-10,São Paulo,3550308,True,,1026,,,-23.559187,-46.5607965,,,,1,2023-06-17T16:13:57+00:00
SAO_877T-10,São Paulo,3550308,True,,34149,,,-23.522756625,-46.692119812499996,,,,2,2023-06-17T16:13:45+00:00
SAO_877T-10,São Paulo,3550308,True,,34149,,,-23.51331475,-46.72147137500001,,,,2,2023-06-17T16:13:53+00:00
SAO_877T-10,São Paulo,3550308,True,,34149,,,-23.5724545,-46.642869,,,,2,2023-06-17T16:13:51+00:00
SAO_2721-10,São Paulo,3550308,True,,33702,,,-23.519723499999998,-46.4094305,,,,2,2023-06-17T16:13:25+00:00
SAO_2721-10,São Paulo,3550308,True,,33702,,,-23.503203499999998,-46.4398125,,,,2,2023-06-17T16:14:02+00:00
SAO_2721-10,São Paulo,3550308,True,,33702,,,-23.5105085,-46.404484499999995,,,,2,2023-06-17T16:13:42+00:00
SAO_2721-10,São Paulo,3550308,True,,33702,,,-23.519786,-46.409297,,,,2,2023-06-17T16:13:29+00:00
SAO_2721-10,São Paulo,3550308,True,,33702,,,-23.523635,-46.44404775,,,,2,2023-06-17T16:13:28+00:00
SAO_2721-10,São Paulo,3550308,True,,33702,,,-23.4951735,-46.43424225,,,,2,2023-06-17T16:13:38+00:00
SAO_5021-10,São Paulo,3550308,True,,1667,,,-23.63406425,-46.616068,,,,1,2023-06-17T16:13:28+00:00
SAO_809P-10,São Paulo,3550308,True,,34659,,,-23.596510374999998,-46.739776500000005,,,,2,2023-06-17T16:13:32+00:00
SAO_809P-10,São Paulo,3550308,True,,34659,,,-23.631508,-46.7726,,,,2,2023-06-17T16:13:34+00:00
SAO_809P-10,São Paulo,3550308,True,,34659,,,-23.631218,-46.773197499999995,,,,2,2023-06-17T16:13:54+00:00
SAO_809P-10,São Paulo,3550308,True,,34659,,,-23.6313825,-46.77286,,,,2,2023-06-17T16:13:26+00:00
SAO_809P-10,São Paulo,3550308,True,,34659,,,-23.567631125000002,-46.6971725,,,,2,2023-06-17T16:13:47+00:00
SAO_809P-10,São Paulo,3550308,True,,34659,,,-23.6133695,-46.755263,,,,2,2023-06-17T16:14:03+00:00
SAO_809P-10,São Paulo,3550308,True,,34659,,,-23.572976750000002,-46.705288499999995,,,,2,2023-06-17T16:13:34+00:00
SAO_5391-10,São Paulo,3550308,True,,32939,,,-23.553761,-46.636821499999996,,,,2,2023-06-17T16:13:40+00:00
SAO_5391-10,São Paulo,3550308,True,,32939,,,-23.617873,-46.675702,,,,2,2023-06-17T16:13:49+00:00
SAO_5391-10,São Paulo,3550308,True,,32939,,,-23.692826,-46.7782155,,,,2,2023-06-17T16:13:23+00:00
SAO_5391-10,São Paulo,3550308,True,,32939,,,-23.65128825,-46.709048499999994,,,,2,2023-06-17T16:13:31+00:00
SAO_5391-10,São Paulo,3550308,True,,32939,,,-23.692718499999998,-46.778041,,,,2,2023-06-17T16:13:56+00:00
SAO_5391-10,São Paulo,3550308,True,,32939,,,-23.692922000000003,-46.7783795,,,,2,2023-06-17T16:13:56+00:00
SAO_5391-10,São Paulo,3550308,True,,32939,,,-23.666430249999998,-46.720004625,,,,2,2023-06-17T16:13:11+00:00
SAO_5391-10,São Paulo,3550308,True,,32939,,,-23.692922000000003,-46.7783795,,,,2,2023-06-17T16:13:45+00:00
SAO_3762-10,São Paulo,3550308,True,,1053,,,-23.54093,-46.5763015,,,,1,2023-06-17T16:13:46+00:00
SAO_3762-10,São Paulo,3550308,True,,1053,,,-23.5473985,-46.54942475,,,,1,2023-06-17T16:14:04+00:00
SAO_3762-10,São Paulo,3550308,True,,1053,,,-23.54299225,-46.563773749999996,,,,1,2023-06-17T16:13:43+00:00
SAO_3762-10,São Paulo,3550308,True,,1053,,,-23.556752,-46.55083025,,,,1,2023-06-17T16:14:05+00:00
SAO_3762-10,São Paulo,3550308,True,,1053,,,-23.576138,-46.519878000000006,,,,1,2023-06-17T16:13:45+00:00
SAO_2363-10,São Paulo,3550308,True,,32903,,,-23.498963500000002,-46.501861500000004,,,,2,2023-06-17T16:13:31+00:00
SAO_2363-10,São Paulo,3550308,True,,32903,,,-23.498963500000002,-46.501861500000004,,,,2,2023-06-17T16:13:47+00:00
SAO_2363-10,São Paulo,3550308,True,,32903,,,-23.53682375,-46.59018575,,,,2,2023-06-17T16:13:51+00:00
SAO_2363-10,São Paulo,3550308,True,,32903,,,-23.51379325,-46.545879875,,,,2,2023-06-17T16:13:52+00:00
SAO_2363-10,São Paulo,3550308,True,,32903,,,-23.5330105,-46.563687,,,,2,2023-06-17T16:09:34+00:00
SAO_3686-10,São Paulo,3550308,True,,32934,,,-23.535805,-46.45599,,,,2,2023-06-17T16:13:49+00:00
SAO_3686-10,São Paulo,3550308,True,,32934,,,-23.559947,-46.4038685,,,,2,2023-06-17T16:13:57+00:00
SAO_3686-10,São Paulo,3550308,True,,32934,,,-23.559947,-46.4038685,,,,2,2023-06-17T16:13:51+00:00
SAO_3686-10,São Paulo,3550308,True,,32934,,,-23.559804749999998,-46.40321525,,,,2,2023-06-17T16:13:24+00:00
SAO_3686-10,São Paulo,3550308,True,,32934,,,-23.559947,-46.4038685,,,,2,2023-06-17T16:13:40+00:00
SAO_3686-10,São Paulo,3550308,True,,32934,,,-23.53722525,-46.4273905,,,,2,2023-06-17T16:13:34+00:00
SAO_2019-10,São Paulo,3550308,True,,33673,,,-23.529183500000002,-46.478623999999996,,,,2,2023-06-17T16:14:02+00:00
SAO_2019-10,São Paulo,3550308,True,,33673,,,-23.529691999999997,-46.47905,,,,2,2023-06-17T16:13:41+00:00
SAO_2019-10,São Paulo,3550308,True,,33673,,,-23.527548000000003,-46.5403975,,,,2,2023-06-17T16:13:59+00:00
SAO_2019-10,São Paulo,3550308,True,,33673,,,-23.53363,-46.48060649999999,,,,2,2023-06-17T16:13:02+00:00
SAO_2019-10,São Paulo,3550308,True,,33673,,,-23.524316,-46.5077245,,,,2,2023-06-17T16:13:36+00:00
SAO_177Y-10,São Paulo,3550308,True,,33635,,,-23.558247,-46.681833499999996,,,,2,2023-06-17T16:12:48+00:00
SAO_177Y-10,São Paulo,3550308,True,,33635,,,-23.526683,-46.667058,,,,2,2023-06-17T16:14:03+00:00
SAO_177Y-10,São Paulo,3550308,True,,33635,,,-23.5269075,-46.66671425,,,,2,2023-06-17T16:13:36+00:00
SAO_177Y-10,São Paulo,3550308,True,,33635,,,-23.567739,-46.700444000000005,,,,2,2023-06-17T16:13:59+00:00
SAO_4315-10,São Paulo,3550308,True,,34943,,,-23.55812,-46.523185999999995,,,,2,2023-06-17T16:13:26+00:00
SAO_4315-10,São Paulo,3550308,True,,34943,,,-23.5388755,-46.568101,,,,2,2023-06-17T16:13:39+00:00
SAO_4315-10,São Paulo,3550308,True,,34943,,,-23.557597,-46.523596,,,,2,2023-06-17T16:14:04+00:00
SAO_575A-10,São Paulo,3550308,True,,34406,,,-23.573828499999998,-46.580383999999995,,,,2,2023-06-17T16:13:58+00:00
SAO_575A-10,São Paulo,3550308,True,,34406,,,-23.581295,-46.585907500000005,,,,2,2023-06-17T16:09:08+00:00
SAO_575A-10,São Paulo,3550308,True,,34406,,,-23.548781625,-46.58578250000001,,,,2,2023-06-17T16:13:47+00:00
SAO_575A-10,São Paulo,3550308,True,,34406,,,-23.5780965,-46.57807325,,,,2,2023-06-17T16:13:31+00:00
SAO_273L-10,São Paulo,3550308,True,,224,,,-23.534010000000002,-46.458168,,,,1,2023-06-17T16:14:05+00:00
SAO_273L-10,São Paulo,3550308,True,,224,,,-23.5387855,-46.423891999999995,,,,1,2023-06-17T16:13:07+00:00
SAO_775N-10,São Paulo,3550308,True,,33242,,,-23.576906,-46.7658355,,,,2,2023-06-17T16:13:36+00:00
SAO_775N-10,São Paulo,3550308,True,,33242,,,-23.535861500000003,-46.710173499999996,,,,2,2023-06-17T16:14:05+00:00
SAO_775N-10,São Paulo,3550308,True,,33242,,,-23.5765195,-46.765648,,,,2,2023-06-17T16:13:38+00:00
SAO_519M-10,São Paulo,3550308,True,,34979,,,-23.613173500000002,-46.482603499999996,,,,2,2023-06-17T16:13:51+00:00
SAO_519M-10,São Paulo,3550308,True,,34979,,,-23.5931145,-46.5599365,,,,2,2023-06-17T16:14:00+00:00
SAO_519M-10,São Paulo,3550308,True,,34979,,,-23.6014815,-46.5327255,,,,2,2023-06-17T16:13:28+00:00
SAO_938P-10,São Paulo,3550308,True,,33656,,,-23.506533875000002,-46.689030375,,,,2,2023-06-17T16:12:57+00:00
SAO_938P-10,São Paulo,3550308,True,,33656,,,-23.523056500000003,-46.68789162499999,,,,2,2023-06-17T16:14:01+00:00
SAO_938P-10,São Paulo,3550308,True,,33656,,,-23.463069,-46.6814145,,,,2,2023-06-17T16:13:37+00:00
SAO_938P-10,São Paulo,3550308,True,,33656,,,-23.4636965,-46.6817285,,,,2,2023-06-17T16:13:59+00:00
SAO_938P-10,São Paulo,3550308,True,,33656,,,-23.463751000000002,-46.681982500000004,,,,2,2023-06-17T16:13:39+00:00
SAO_648P-10,São Paulo,3550308,True,,32834,,,-23.654559499999998,-46.761131500000005,,,,2,2023-06-17T16:13:59+00:00
SAO_648P-10,São Paulo,3550308,True,,32834,,,-23.6550385,-46.761806,,,,2,2023-06-17T16:13:50+00:00
SAO_648P-10,São Paulo,3550308,True,,32834,,,-23.566234,-46.7020095,,,,2,2023-06-17T16:13:55+00:00
SAO_648P-10,São Paulo,3550308,True,,32834,,,-23.5933485,-46.689348,,,,2,2023-06-17T16:13:39+00:00
SAO_6063-41,São Paulo,3550308,True,,1773,,,-23.77154,-46.711777999999995,,,,1,2023-06-17T16:13:54+00:00
SAO_2552-10,São Paulo,3550308,True,,32910,,,-23.49346225,-46.442254500000004,,,,2,2023-06-17T16:13:50+00:00
SAO_2552-10,São Paulo,3550308,True,,32910,,,-23.54116475,-46.61372874999999,,,,2,2023-06-17T16:13:21+00:00
SAO_2552-10,São Paulo,3550308,True,,32910,,,-23.492127,-46.440456499999996,,,,2,2023-06-17T16:13:46+00:00
SAO_2552-10,São Paulo,3550308,True,,32910,,,-23.52422,-46.548732,,,,2,2023-06-17T16:13:48+00:00
SAO_2552-10,São Paulo,3550308,True,,32910,,,-23.4889485,-46.420966500000006,,,,2,2023-06-17T16:13:45+00:00
SAO_2552-10,São Paulo,3550308,True,,32910,,,-23.515611,-46.5204235,,,,2,2023-06-17T16:13:52+00:00
SAO_2552-10,São Paulo,3550308,True,,32910,,,-23.488757999999997,-46.420981,,,,2,2023-06-17T16:13:45+00:00
SAO_1206-10,São Paulo,3550308,True,,33610,,,-23.52584775,-46.58258975,,,,2,2023-06-17T16:13:45+00:00
SAO_1206-10,São Paulo,3550308,True,,33610,,,-23.534526,-46.6005005,,,,2,2023-06-17T16:13:31+00:00
SAO_1206-10,São Paulo,3550308,True,,33610,,,-23.52630525,-46.5828125,,,,2,2023-06-17T16:13:55+00:00
SAO_1206-10,São Paulo,3550308,True,,33610,,,-23.52606925,-46.58249925,,,,2,2023-06-17T16:13:54+00:00
SAO_2714-10,São Paulo,3550308,True,,927,,,-23.510109999999997,-46.523756999999996,,,,1,2023-06-17T16:13:37+00:00
SAO_2714-10,São Paulo,3550308,True,,927,,,-23.5313415,-46.529821,,,,1,2023-06-17T16:13:51+00:00
SAO_2714-10,São Paulo,3550308,True,,927,,,-23.512057,-46.527947,,,,1,2023-06-17T16:13:27+00:00
SAO_2714-10,São Paulo,3550308,True,,927,,,-23.531301,-46.5301575,,,,1,2023-06-17T16:13:25+00:00
SAO_1720-10,São Paulo,3550308,True,,863,,,-23.491342250000002,-46.574462,,,,1,2023-06-17T16:13:53+00:00
SAO_1720-10,São Paulo,3550308,True,,863,,,-23.481502,-46.6031965,,,,1,2023-06-17T16:13:51+00:00
SAO_1720-10,São Paulo,3550308,True,,863,,,-23.485481,-46.565073,,,,1,2023-06-17T16:12:42+00:00
SAO_1720-10,São Paulo,3550308,True,,863,,,-23.4675765,-46.616537,,,,1,2023-06-17T16:10:57+00:00
SAO_1720-10,São Paulo,3550308,True,,863,,,-23.446601,-46.613535999999996,,,,1,2023-06-17T16:11:53+00:00
SAO_1720-10,São Paulo,3550308,True,,863,,,-23.48244625,-46.58923675,,,,1,2023-06-17T16:13:55+00:00
SAO_736G-10,São Paulo,3550308,True,,780,,,-23.6402955,-46.747759,,,,1,2023-06-17T16:13:38+00:00
SAO_736G-10,São Paulo,3550308,True,,780,,,-23.618498,-46.6995595,,,,1,2023-06-17T16:13:24+00:00
SAO_736G-10,São Paulo,3550308,True,,780,,,-23.618506,-46.699464,,,,1,2023-06-17T16:13:36+00:00
SAO_3725-41,São Paulo,3550308,True,,34299,,,-23.532943000000003,-46.53074,,,,2,2023-06-17T16:13:40+00:00
SAO_701A-10,São Paulo,3550308,True,,689,,,-23.553458,-46.690446124999994,,,,1,2023-06-17T16:13:32+00:00
SAO_701A-10,São Paulo,3550308,True,,689,,,-23.5044625,-46.591875,,,,1,2023-06-17T16:13:30+00:00
SAO_701A-10,São Paulo,3550308,True,,689,,,-23.535456625000002,-46.617948375,,,,1,2023-06-17T16:10:57+00:00
SAO_701A-10,São Paulo,3550308,True,,689,,,-23.47548775,-46.56948725,,,,1,2023-06-17T16:13:37+00:00
SAO_701A-10,São Paulo,3550308,True,,689,,,-23.554876,-46.662072499999994,,,,1,2023-06-17T16:13:25+00:00
SAO_6000-10,São Paulo,3550308,True,,33908,,,-23.801012999999998,-46.7339515,,,,2,2023-06-17T16:13:53+00:00
SAO_6000-10,São Paulo,3550308,True,,33908,,,-23.710615500000003,-46.71140025,,,,2,2023-06-17T16:13:45+00:00
SAO_6000-10,São Paulo,3550308,True,,33908,,,-23.668036,-46.7120825,,,,2,2023-06-17T16:13:54+00:00
SAO_6000-10,São Paulo,3550308,True,,33908,,,-23.769605,-46.7179785,,,,2,2023-06-17T16:08:47+00:00
SAO_6000-10,São Paulo,3550308,True,,33908,,,-23.8284605,-46.7271145,,,,2,2023-06-17T16:13:59+00:00
SAO_6000-10,São Paulo,3550308,True,,33908,,,-23.7471885,-46.708067,,,,2,2023-06-17T16:13:34+00:00
SAO_6000-10,São Paulo,3550308,True,,33908,,,-23.827983,-46.727349000000004,,,,2,2023-06-17T16:13:33+00:00
SAO_6000-10,São Paulo,3550308,True,,33908,,,-23.827945999999997,-46.727483500000005,,,,2,2023-06-17T16:13:32+00:00
SAO_958P-10,São Paulo,3550308,True,,33233,,,-23.538159,-46.719521,,,,2,2023-06-17T16:13:51+00:00
SAO_958P-10,São Paulo,3550308,True,,33233,,,-23.4891325,-46.7392525,,,,2,2023-06-17T16:13:31+00:00
SAO_1705-10,São Paulo,3550308,True,,33617,,,-23.4452475,-46.5899275,,,,2,2023-06-17T16:13:48+00:00
SAO_1705-10,São Paulo,3550308,True,,33617,,,-23.479800500000003,-46.6022105,,,,2,2023-06-17T16:13:38+00:00
SAO_1705-10,São Paulo,3550308,True,,33617,,,-23.442104999999998,-46.5884335,,,,2,2023-06-17T16:13:55+00:00
SAO_1705-10,São Paulo,3550308,True,,33617,,,-23.434339,-46.58389525,,,,2,2023-06-17T16:12:39+00:00
SAO_1705-10,São Paulo,3550308,True,,33617,,,-23.4347015,-46.584086,,,,2,2023-06-17T16:13:19+00:00
SAO_1705-10,São Paulo,3550308,True,,33617,,,-23.472426,-46.5999015,,,,2,2023-06-17T16:13:21+00:00
SAO_1705-10,São Paulo,3550308,True,,33617,,,-23.434339,-46.58389525,,,,2,2023-06-17T16:13:30+00:00
SAO_675K-10,São Paulo,3550308,True,EMTU,198,https://moovitapp.com/index/pt-br/transporte_p%C3%BAblico-line-198-Sao_Paulo-242-2038937-59811937-0,6.35,-23.690517,-46.7737425,,,,1,2023-06-17T16:13:58+00:00
SAO_675K-10,São Paulo,3550308,True,EMTU,198,https://moovitapp.com/index/pt-br/transporte_p%C3%BAblico-line-198-Sao_Paulo-242-2038937-59811937-0,6.35,-23.690517,-46.7737425,,,,1,2023-06-17T16:13:59+00:00
SAO_675K-10,São Paulo,3550308,True,EMTU,198,https://moovitapp.com/index/pt-br/transporte_p%C3%BAblico-line-198-Sao_Paulo-242-2038937-59811937-0,6.35,-23.665875,-46.7128965,,,,1,2023-06-17T16:10:42+00:00
SAO_675K-10,São Paulo,3550308,True,EMTU,198,https://moovitapp.com/index/pt-br/transporte_p%C3%BAblico-line-198-Sao_Paulo-242-2038937-59811937-0,6.35,-23.6677405,-46.73030275,,,,1,2023-06-17T16:12:46+00:00
SAO_675K-10,São Paulo,3550308,True,EMTU,198,https://moovitapp.com/index/pt-br/transporte_p%C3%BAblico-line-198-Sao_Paulo-242-2038937-59811937-0,6.35,-23.690922,-46.774371,,,,1,2023-06-17T16:13:36+00:00
SAO_675K-10,São Paulo,3550308,True,EMTU,198,https://moovitapp.com/index/pt-br/transporte_p%C3%BAblico-line-198-Sao_Paulo-242-2038937-59811937-0,6.35,-23.690517,-46.7737425,,,,1,2023-06-17T16:13:21+00:00
SAO_675K-10,São Paulo,3550308,True,EMTU,198,https://moovitapp.com/index/pt-br/transporte_p%C3%BAblico-line-198-Sao_Paulo-242-2038937-59811937-0,6.35,-23.620468375,-46.678004,,,,1,2023-06-17T16:13:58+00:00
SAO_675K-10,São Paulo,3550308,True,EMTU,198,https://moovitapp.com/index/pt-br/transporte_p%C3%BAblico-line-198-Sao_Paulo-242-2038937-59811937-0,6.35,-23.597188,-46.64177725,,,,1,2023-06-17T16:13:56+00:00
SAO_675K-10,São Paulo,3550308,True,EMTU,198,https://moovitapp.com/index/pt-br/transporte_p%C3%BAblico-line-198-Sao_Paulo-242-2038937-59811937-0,6.35,-23.59716,-46.64210875,,,,1,2023-06-17T16:13:58+00:00
SAO_675K-10,São Paulo,3550308,True,EMTU,198,https://moovitapp.com/index/pt-br/transporte_p%C3%BAblico-line-198-Sao_Paulo-242-2038937-59811937-0,6.35,-23.690517,-46.7737425,,,,1,2023-06-17T16:13:42+00:00
SAO_675K-10,São Paulo,3550308,True,EMTU,198,https://moovitapp.com/index/pt-br/transporte_p%C3%BAblico-line-198-Sao_Paulo-242-2038937-59811937-0,6.35,-23.625454750000003,-46.68264325,,,,1,2023-06-17T16:13:34+00:00
SAO_675K-10,São Paulo,3550308,True,EMTU,198,https://moovitapp.com/index/pt-br/transporte_p%C3%BAblico-line-198-Sao_Paulo-242-2038937-59811937-0,6.35,-23.6772705,-46.7589355,,,,1,2023-06-17T16:13:56+00:00
SAO_2728-10,São Paulo,3550308,True,,33711,,,-23.533340000000003,-46.5445025,,,,2,2023-06-17T16:13:57+00:00
SAO_2728-10,São Paulo,3550308,True,,33711,,,-23.5066925,-46.532425,,,,2,2023-06-17T16:13:44+00:00
SAO_2728-10,São Paulo,3550308,True,,33711,,,-23.5015605,-46.512554,,,,2,2023-06-17T16:13:45+00:00
SAO_2728-10,São Paulo,3550308,True,,33711,,,-23.517317,-46.5460395,,,,2,2023-06-17T16:13:54+00:00
SAO_2728-10,São Paulo,3550308,True,,33711,,,-23.50133,-46.5125285,,,,2,2023-06-17T16:13:33+00:00
SAO_1785-10,São Paulo,3550308,True,,34584,,,-23.476934,-46.622496,,,,2,2023-06-17T16:11:56+00:00
SAO_1785-10,São Paulo,3550308,True,,34584,,,-23.477968500000003,-46.622819,,,,2,2023-06-17T16:13:29+00:00
SAO_7011-31,São Paulo,3550308,True,,34722,,,-23.6905325,-46.774566500000006,,,,2,2023-06-17T16:13:25+00:00
SAO_7011-31,São Paulo,3550308,True,,34722,,,-23.7075705,-46.7917315,,,,2,2023-06-17T16:13:29+00:00
SAO_7055-10,São Paulo,3550308,True,,1888,,,-23.659843375,-46.77347900000001,,,,1,2023-06-17T16:13:52+00:00
SAO_7055-10,São Paulo,3550308,True,,1888,,,-23.675430499999997,-46.773945,,,,1,2023-06-17T16:13:43+00:00
SAO_7055-10,São Paulo,3550308,True,,1888,,,-23.689348000000003,-46.78965725,,,,1,2023-06-17T16:13:32+00:00
SAO_7055-10,São Paulo,3550308,True,,1888,,,-23.6919635,-46.7907745,,,,1,2023-06-17T16:14:08+00:00
SAO_7055-10,São Paulo,3550308,True,,1888,,,-23.6919635,-46.7907745,,,,1,2023-06-17T16:14:01+00:00
SAO_7055-10,São Paulo,3550308,True,,1888,,,-23.6313825,-46.77286,,,,1,2023-06-17T16:13:49+00:00
SAO_7055-10,São Paulo,3550308,True,,1888,,,-23.6817735,-46.7840325,,,,1,2023-06-17T16:13:53+00:00
SAO_6071-10,São Paulo,3550308,True,,1156,,,-23.707739500000002,-46.688419499999995,,,,1,2023-06-17T16:14:08+00:00
SAO_6071-10,São Paulo,3550308,True,,1156,,,-23.653856875,-46.71128025,,,,1,2023-06-17T16:13:55+00:00
SAO_6071-10,São Paulo,3550308,True,,1156,,,-23.65632475,-46.700395625,,,,1,2023-06-17T16:13:33+00:00
SAO_372F-10,São Paulo,3550308,True,,33783,,,-23.551867,-46.599465,,,,2,2023-06-17T16:13:26+00:00
SAO_372F-10,São Paulo,3550308,True,,33783,,,-23.552103000000002,-46.598889,,,,2,2023-06-17T16:13:29+00:00
SAO_9785-10,São Paulo,3550308,True,,33596,,,-23.508091,-46.68981599999999,,,,2,2023-06-17T16:12:13+00:00
SAO_9785-10,São Paulo,3550308,True,,33596,,,-23.4567625,-46.6990585,,,,2,2023-06-17T16:13:41+00:00
SAO_9785-10,São Paulo,3550308,True,,33596,,,-23.527942,-46.674893499999996,,,,2,2023-06-17T16:13:44+00:00
SAO_9785-10,São Paulo,3550308,True,,33596,,,-23.4602285,-46.699382,,,,2,2023-06-17T16:13:51+00:00
SAO_9785-10,São Paulo,3550308,True,,33596,,,-23.456477,-46.699,,,,2,2023-06-17T16:13:39+00:00
SAO_1701-10,São Paulo,3550308,True,,33613,,,-23.447695250000002,-46.576127125,,,,2,2023-06-17T16:13:52+00:00
SAO_1701-10,São Paulo,3550308,True,,33613,,,-23.447903750000002,-46.57596337499999,,,,2,2023-06-17T16:13:55+00:00
SAO_1701-10,São Paulo,3550308,True,,33613,,,-23.447903750000002,-46.57596337499999,,,,2,2023-06-17T16:13:44+00:00
SAO_1701-10,São Paulo,3550308,True,,33613,,,-23.476570000000002,-46.595698,,,,2,2023-06-17T16:12:06+00:00
SAO_4030-10,São Paulo,3550308,True,,1100,,,-23.612826,-46.479245,,,,1,2023-06-17T16:13:32+00:00
SAO_4030-10,São Paulo,3550308,True,,1100,,,-23.618775,-46.4863785,,,,1,2023-06-17T16:13:37+00:00
SAO_4030-10,São Paulo,3550308,True,,1100,,,-23.60428225,-46.48109225,,,,1,2023-06-17T16:13:39+00:00
SAO_4030-10,São Paulo,3550308,True,,1100,,,-23.5631475,-46.501079000000004,,,,1,2023-06-17T16:14:05+00:00
SAO_4030-10,São Paulo,3550308,True,,1100,,,-23.5808785,-46.499258999999995,,,,1,2023-06-17T16:13:48+00:00
SAO_5123-10,São Paulo,3550308,True,,33893,,,-23.6569355,-46.6363205,,,,2,2023-06-17T16:14:04+00:00
SAO_5123-10,São Paulo,3550308,True,,33893,,,-23.6009261875,-46.636768625,,,,2,2023-06-17T16:13:32+00:00
SAO_5123-10,São Paulo,3550308,True,,33893,,,-23.671929249999998,-46.64406475,,,,2,2023-06-17T16:13:30+00:00
SAO_5123-10,São Paulo,3550308,True,,33893,,,-23.6105415,-46.6379735,,,,2,2023-06-17T16:13:31+00:00
SAO_5123-10,São Paulo,3550308,True,,33893,,,-23.643800749999997,-46.641321,,,,2,2023-06-17T16:13:51+00:00
SAO_5123-10,São Paulo,3550308,True,,33893,,,-23.678922999999998,-46.630571,,,,2,2023-06-17T16:13:39+00:00
SAO_4706-10,São Paulo,3550308,True,,33067,,,-23.653293500000004,-46.602455000000006,,,,2,2023-06-17T16:13:49+00:00
SAO_4706-10,São Paulo,3550308,True,,33067,,,-23.617961,-46.610545,,,,2,2023-06-17T16:13:31+00:00
SAO_4706-10,São Paulo,3550308,True,,33067,,,-23.632268250000003,-46.60479375,,,,2,2023-06-17T16:14:04+00:00
SAO_647A-10,São Paulo,3550308,True,,1315,,,-23.643586,-46.747794,,,,1,2023-06-17T16:13:28+00:00
SAO_647A-10,São Paulo,3550308,True,,1315,,,-23.6945095,-46.7940355,,,,1,2023-06-17T16:13:36+00:00
SAO_647A-10,São Paulo,3550308,True,,1315,,,-23.671027000000002,-46.778129,,,,1,2023-06-17T16:14:08+00:00
SAO_647A-10,São Paulo,3550308,True,,1315,,,-23.5656265,-46.69294549999999,,,,1,2023-06-17T16:13:29+00:00
SAO_647A-10,São Paulo,3550308,True,,1315,,,-23.596078,-46.7082345,,,,1,2023-06-17T16:13:24+00:00
SAO_6039-21,São Paulo,3550308,True,,35261,,,-23.6541265,-46.7631545,,,,2,2023-06-17T16:13:23+00:00
SAO_6039-21,São Paulo,3550308,True,,35261,,,-23.660277999999998,-46.768888000000004,,,,2,2023-06-17T16:13:26+00:00
SAO_3761-10,São Paulo,3550308,True,,33819,,,-23.61803925,-46.42337725,,,,2,2023-06-17T16:13:56+00:00
SAO_3761-10,São Paulo,3550308,True,,33819,,,-23.5541725,-46.518260500000004,,,,2,2023-06-17T16:13:54+00:00
SAO_3761-10,São Paulo,3550308,True,,33819,,,-23.614127500000002,-46.4232595,,,,2,2023-06-17T16:14:07+00:00
SAO_3761-10,São Paulo,3550308,True,,33819,,,-23.61839375,-46.42342575,,,,2,2023-06-17T16:13:25+00:00
SAO_3761-10,São Paulo,3550308,True,,33819,,,-23.61839375,-46.42342575,,,,2,2023-06-17T16:13:37+00:00
SAO_3761-10,São Paulo,3550308,True,,33819,,,-23.5979825,-46.47094425,,,,2,2023-06-17T16:13:32+00:00
SAO_5107-10,São Paulo,3550308,True,,1659,,,-23.571181875,-46.611043625,,,,1,2023-06-17T16:13:26+00:00
SAO_5107-10,São Paulo,3550308,True,,1659,,,-23.6034085,-46.6026285,,,,1,2023-06-17T16:13:46+00:00
SAO_4056-10,São Paulo,3550308,True,,35005,,,-23.612665,-46.476373499999994,,,,2,2023-06-17T16:13:32+00:00
SAO_4056-10,São Paulo,3550308,True,,35005,,,-23.6089335,-46.459225,,,,2,2023-06-17T16:13:42+00:00
SAO_271A-10,São Paulo,3550308,True,,33470,,,-23.526955,-46.55424925,,,,2,2023-06-17T16:14:01+00:00
SAO_271A-10,São Paulo,3550308,True,,33470,,,-23.519194,-46.5470295,,,,2,2023-06-17T16:14:00+00:00
SAO_271A-10,São Paulo,3550308,True,,33470,,,-23.519723125,-46.546817625,,,,2,2023-06-17T16:13:28+00:00
SAO_271A-10,São Paulo,3550308,True,,33470,,,-23.507738500000002,-46.585215000000005,,,,2,2023-06-17T16:13:56+00:00
SAO_8019-10,São Paulo,3550308,True,,34839,,,-23.544992,-46.7471585,,,,2,2023-06-17T16:13:23+00:00
SAO_8019-10,São Paulo,3550308,True,,34839,,,-23.5724905,-46.70814,,,,2,2023-06-17T16:14:05+00:00
SAO_8019-10,São Paulo,3550308,True,,34839,,,-23.545102,-46.7468905,,,,2,2023-06-17T16:13:25+00:00
SAO_8019-10,São Paulo,3550308,True,,34839,,,-23.544992,-46.7471585,,,,2,2023-06-17T16:13:49+00:00
SAO_3743-10,São Paulo,3550308,True,,33811,,,-23.5926885625,-46.4887616875,,,,2,2023-06-17T16:13:47+00:00
SAO_3743-10,São Paulo,3550308,True,,33811,,,-23.608555,-46.477866999999996,,,,2,2023-06-17T16:13:52+00:00
SAO_3743-10,São Paulo,3550308,True,,33811,,,-23.5425095,-46.470524,,,,2,2023-06-17T16:13:25+00:00
SAO_3743-10,São Paulo,3550308,True,,33811,,,-23.544428,-46.4659185,,,,2,2023-06-17T16:13:36+00:00
SAO_6069-10,São Paulo,3550308,True,,33922,,,-23.7345575,-46.6991105,,,,2,2023-06-17T16:13:35+00:00
SAO_6069-10,São Paulo,3550308,True,,33922,,,-23.757181,-46.7086005,,,,2,2023-06-17T16:13:23+00:00
SAO_6069-10,São Paulo,3550308,True,,33922,,,-23.66800075,-46.713389,,,,2,2023-06-17T16:13:33+00:00
SAO_6069-10,São Paulo,3550308,True,,33922,,,-23.7451965,-46.6944955,,,,2,2023-06-17T16:13:31+00:00
SAO_6078-10,São Paulo,3550308,True,,33934,,,-23.753667,-46.6810455,,,,2,2023-06-17T16:13:28+00:00
SAO_6078-10,São Paulo,3550308,True,,33934,,,-23.741188,-46.6605715,,,,2,2023-06-17T16:13:26+00:00
SAO_6078-10,São Paulo,3550308,True,,33934,,,-23.669902999999998,-46.679694,,,,2,2023-06-17T16:13:55+00:00
SAO_6078-10,São Paulo,3550308,True,,33934,,,-23.741188,-46.6605715,,,,2,2023-06-17T16:13:41+00:00
SAO_6078-10,São Paulo,3550308,True,,33934,,,-23.692401500000003,-46.6984845,,,,2,2023-06-17T16:14:02+00:00
SAO_6078-10,São Paulo,3550308,True,,33934,,,-23.7409095,-46.6607815,,,,2,2023-06-17T16:14:02+00:00
SAO_6078-10,São Paulo,3550308,True,,33934,,,-23.741188,-46.6605715,,,,2,2023-06-17T16:13:45+00:00
SAO_6078-10,São Paulo,3550308,True,,33934,,,-23.741339,-46.6604465,,,,2,2023-06-17T16:13:42+00:00
SAO_5011-10,São Paulo,3550308,True,,1115,,,-23.673218,-46.686553,,,,1,2023-06-17T16:13:57+00:00
SAO_5011-10,São Paulo,3550308,True,,1115,,,-23.695213000000003,-46.6539025,,,,1,2023-06-17T16:13:00+00:00
SAO_5011-10,São Paulo,3550308,True,,1115,,,-23.673218,-46.686553,,,,1,2023-06-17T16:13:38+00:00
SAO_5011-10,São Paulo,3550308,True,,1115,,,-23.716333,-46.6288005,,,,1,2023-06-17T16:07:53+00:00
SAO_5011-10,São Paulo,3550308,True,,1115,,,-23.654514,-46.7036375,,,,1,2023-06-17T16:13:37+00:00
SAO_2582-10,São Paulo,3550308,True,,33142,,,-23.51908225,-46.42337275,,,,2,2023-06-17T16:13:48+00:00
SAO_2582-10,São Paulo,3550308,True,,33142,,,-23.5499195,-46.628721,,,,2,2023-06-17T16:14:05+00:00
SAO_2582-10,São Paulo,3550308,True,,33142,,,-23.493598499999997,-46.443783499999995,,,,2,2023-06-17T16:13:44+00:00
SAO_2582-10,São Paulo,3550308,True,,33142,,,-23.514493,-46.424934,,,,2,2023-06-17T16:13:30+00:00
SAO_2582-10,São Paulo,3550308,True,,33142,,,-23.4976615,-46.468014,,,,2,2023-06-17T16:13:49+00:00
SAO_2582-10,São Paulo,3550308,True,,33142,,,-23.518318,-46.5488475,,,,2,2023-06-17T16:14:02+00:00
SAO_2582-10,São Paulo,3550308,True,,33142,,,-23.5191709375,-46.42302318749999,,,,2,2023-06-17T16:13:41+00:00
SAO_9162-10,São Paulo,3550308,True,,1365,,,-23.4862565,-46.662121,,,,1,2023-06-17T16:13:52+00:00
SAO_702C-10,São Paulo,3550308,True,,33253,,,-23.571505000000002,-46.748618750000006,,,,2,2023-06-17T16:13:44+00:00
SAO_702C-10,São Paulo,3550308,True,,33253,,,-23.5772865,-46.7136335,,,,2,2023-06-17T16:14:07+00:00
SAO_702C-10,São Paulo,3550308,True,,33253,,,-23.5716855,-46.748519,,,,2,2023-06-17T16:13:49+00:00
SAO_702C-10,São Paulo,3550308,True,,33253,,,-23.539747,-46.636518499999994,,,,2,2023-06-17T16:13:58+00:00
SAO_702C-10,São Paulo,3550308,True,,33253,,,-23.543506375,-46.600409125,,,,2,2023-06-17T16:14:00+00:00
SAO_702C-10,São Paulo,3550308,True,,33253,,,-23.571233,-46.74876825,,,,2,2023-06-17T16:13:59+00:00
SAO_271A-10,São Paulo,3550308,True,STT,702,https://moovitapp.com/index/pt-br/transporte_p%C3%BAblico-line-702-Sao_Paulo-242-850661-641780-0,5.3,-23.502589,-46.623686500000005,,,,1,2023-06-17T16:13:39+00:00
SAO_271A-10,São Paulo,3550308,True,STT,702,https://moovitapp.com/index/pt-br/transporte_p%C3%BAblico-line-702-Sao_Paulo-242-850661-641780-0,5.3,-23.505284500000002,-46.575205499999996,,,,1,2023-06-17T16:13:52+00:00
SAO_271A-10,São Paulo,3550308,True,STT,702,https://moovitapp.com/index/pt-br/transporte_p%C3%BAblico-line-702-Sao_Paulo-242-850661-641780-0,5.3,-23.518916500000003,-46.546872500000006,,,,1,2023-06-17T16:14:00+00:00
SAO_6061-10,São Paulo,3550308,True,,1150,,,-23.786886,-46.684788,,,,1,2023-06-17T16:14:01+00:00
SAO_6061-10,São Paulo,3550308,True,,1150,,,-23.7817615,-46.681180499999996,,,,1,2023-06-17T16:13:44+00:00
SAO_6061-10,São Paulo,3550308,True,,1150,,,-23.737187499999997,-46.6971815,,,,1,2023-06-17T16:14:02+00:00
SAO_6061-10,São Paulo,3550308,True,,1150,,,-23.7546245,-46.6877975,,,,1,2023-06-17T16:13:40+00:00
SAO_3026-10,São Paulo,3550308,True,,962,,,-23.542544,-46.4158275,,,,1,2023-06-17T16:13:29+00:00
SAO_3026-10,São Paulo,3550308,True,,962,,,-23.566841,-46.4017525,,,,1,2023-06-17T16:14:00+00:00
SAO_3026-10,São Paulo,3550308,True,,962,,,-23.5879275,-46.3812475,,,,1,2023-06-17T16:12:56+00:00
SAO_3026-10,São Paulo,3550308,True,,962,,,-23.5711865,-46.395934,,,,1,2023-06-17T16:13:53+00:00
SAO_3026-10,São Paulo,3550308,True,,962,,,-23.542544,-46.4158275,,,,1,2023-06-17T16:12:39+00:00
SAO_3026-10,São Paulo,3550308,True,,962,,,-23.5827675,-46.386084,,,,1,2023-06-17T16:11:50+00:00
SAO_6062-51,São Paulo,3550308,True,,1739,,,-23.7419465,-46.681698499999996,,,,1,2023-06-17T16:13:52+00:00
SAO_6062-51,São Paulo,3550308,True,,1739,,,-23.742703,-46.683705,,,,1,2023-06-17T16:13:35+00:00
SAO_6062-51,São Paulo,3550308,True,,1739,,,-23.710868125,-46.699293624999996,,,,1,2023-06-17T16:14:01+00:00
SAO_513L-10,São Paulo,3550308,True,,1655,,,-23.6033435,-46.602573,,,,1,2023-06-17T16:14:06+00:00
SAO_513L-10,São Paulo,3550308,True,,1655,,,-23.538408500000003,-46.59583875,,,,1,2023-06-17T16:14:06+00:00
SAO_857P-10,São Paulo,3550308,True,,34694,,,-23.56761925,-46.684419000000005,,,,2,2023-06-17T16:14:04+00:00
SAO_857P-10,São Paulo,3550308,True,,34694,,,-23.575689500000003,-46.642773500000004,,,,2,2023-06-17T16:13:47+00:00
SAO_857P-10,São Paulo,3550308,True,,34694,,,-23.6316405,-46.772316,,,,2,2023-06-17T16:13:54+00:00
SAO_857P-10,São Paulo,3550308,True,,34694,,,-23.611639500000003,-46.754252,,,,2,2023-06-17T16:13:25+00:00
SAO_857P-10,São Paulo,3550308,True,,34694,,,-23.6316405,-46.772316,,,,2,2023-06-17T16:13:49+00:00
SAO_857P-10,São Paulo,3550308,True,,34694,,,-23.59484,-46.738093,,,,2,2023-06-17T16:13:33+00:00
SAO_857P-10,São Paulo,3550308,True,,34694,,,-23.5643580625,-46.652892375,,,,2,2023-06-17T16:14:04+00:00
SAO_7060-10,São Paulo,3550308,True,,1889,,,-23.653073499999998,-46.7778225,,,,1,2023-06-17T16:13:30+00:00
SAO_7060-10,São Paulo,3550308,True,,1889,,,-23.6819385,-46.796949,,,,1,2023-06-17T16:13:50+00:00
SAO_7060-10,São Paulo,3550308,True,,1889,,,-23.6854875,-46.801269500000004,,,,1,2023-06-17T16:13:55+00:00
SAO_809P-10,São Paulo,3550308,True,,1891,,,-23.605309,-46.7462445,,,,1,2023-06-17T16:13:33+00:00
SAO_809P-10,São Paulo,3550308,True,,1891,,,-23.620606,-46.757688,,,,1,2023-06-17T16:14:07+00:00
SAO_809P-10,São Paulo,3550308,True,,1891,,,-23.5831225,-46.714537,,,,1,2023-06-17T16:14:07+00:00
SAO_809P-10,São Paulo,3550308,True,,1891,,,-23.5681875,-46.696842000000004,,,,1,2023-06-17T16:13:51+00:00
SAO_978J-10,São Paulo,3550308,True,,33359,,,-23.4488545,-46.7338295,,,,2,2023-06-17T16:13:45+00:00
SAO_978J-10,São Paulo,3550308,True,,33359,,,-23.53587225,-46.645671500000006,,,,2,2023-06-17T16:13:56+00:00
SAO_978J-10,São Paulo,3550308,True,,33359,,,-23.437067499999998,-46.740057500000006,,,,2,2023-06-17T16:13:21+00:00
SAO_3063-10,São Paulo,3550308,True,EMTU,253,https://moovitapp.com/index/pt-br/transporte_p%C3%BAblico-line-253-Sao_Paulo-242-2038937-36419364-0,5.4,-23.5469235,-46.4089805,,,,1,2023-06-17T16:13:57+00:00
SAO_3063-10,São Paulo,3550308,True,EMTU,253,https://moovitapp.com/index/pt-br/transporte_p%C3%BAblico-line-253-Sao_Paulo-242-2038937-36419364-0,5.4,-23.5945175,-46.447933,,,,1,2023-06-17T16:13:22+00:00
SAO_5018-31,São Paulo,3550308,True,,34629,,,-23.677683000000002,-46.6444575,,,,2,2023-06-17T16:13:26+00:00
SAO_5018-31,São Paulo,3550308,True,,34629,,,-23.6451075,-46.64268,,,,2,2023-06-17T16:13:49+00:00
SAO_5018-31,São Paulo,3550308,True,,34629,,,-23.675471,-46.6729985,,,,2,2023-06-17T16:13:31+00:00
SAO_5018-31,São Paulo,3550308,True,,34629,,,-23.6735445,-46.6773635,,,,2,2023-06-17T16:13:37+00:00
SAO_6262-10,São Paulo,3550308,True,,1371,,,-23.580629000000002,-46.6799365,,,,1,2023-06-17T16:13:59+00:00
SAO_6262-10,São Paulo,3550308,True,,1371,,,-23.527790250000002,-46.73385175,,,,1,2023-06-17T16:13:27+00:00
SAO_6262-10,São Paulo,3550308,True,,1371,,,-23.529834,-46.732059500000005,,,,1,2023-06-17T16:14:03+00:00
SAO_1730-10,São Paulo,3550308,True,,33633,,,-23.502720500000002,-46.623693,,,,2,2023-06-17T16:13:51+00:00
SAO_1730-10,São Paulo,3550308,True,,33633,,,-23.516859500000002,-46.6164705,,,,2,2023-06-17T16:14:05+00:00
SAO_342M-10,São Paulo,3550308,True,,747,,,-23.531755500000003,-46.55994225,,,,1,2023-06-17T16:13:44+00:00
SAO_342M-10,São Paulo,3550308,True,,747,,,-23.519973375,-46.547058875,,,,1,2023-06-17T16:13:44+00:00
SAO_342M-10,São Paulo,3550308,True,,747,,,-23.583665,-46.494313500000004,,,,1,2023-06-17T16:13:35+00:00
SAO_342M-10,São Paulo,3550308,True,,747,,,-23.5580635,-46.522337500000006,,,,1,2023-06-17T16:14:03+00:00
SAO_342M-10,São Paulo,3550308,True,,747,,,-23.5188135,-46.5469595,,,,1,2023-06-17T16:13:46+00:00
SAO_342M-10,São Paulo,3550308,True,,747,,,-23.570583,-46.507211625,,,,1,2023-06-17T16:13:28+00:00
SAO_342M-10,São Paulo,3550308,True,,747,,,-23.60457275,-46.48084675,,,,1,2023-06-17T16:13:36+00:00
SAO_342M-10,São Paulo,3550308,True,,747,,,-23.518709,-46.546899499999995,,,,1,2023-06-17T16:13:38+00:00
SAO_342M-10,São Paulo,3550308,True,,747,,,-23.5626435,-46.515698,,,,1,2023-06-17T16:13:45+00:00
SAO_342M-10,São Paulo,3550308,True,,747,,,-23.527554000000002,-46.554968,,,,1,2023-06-17T16:13:55+00:00
SAO_8548-10,São Paulo,3550308,True,,33346,,,-23.5047815,-46.686839,,,,2,2023-06-17T16:13:24+00:00
SAO_8548-10,São Paulo,3550308,True,,33346,,,-23.446378875,-46.71538712499999,,,,2,2023-06-17T16:13:38+00:00
SAO_719R-10,São Paulo,3550308,True,EMTU,469,https://moovitapp.com/index/pt-br/transporte_p%C3%BAblico-line-469-Sao_Paulo-242-2038937-36419507-0,5.4,-23.555152749999998,-46.66852925,,,,1,2023-06-17T16:13:47+00:00
SAO_719R-10,São Paulo,3550308,True,EMTU,469,https://moovitapp.com/index/pt-br/transporte_p%C3%BAblico-line-469-Sao_Paulo-242-2038937-36419507-0,5.4,-23.5263675,-46.666242999999994,,,,1,2023-06-17T16:13:23+00:00
SAO_719R-10,São Paulo,3550308,True,EMTU,469,https://moovitapp.com/index/pt-br/transporte_p%C3%BAblico-line-469-Sao_Paulo-242-2038937-36419507-0,5.4,-23.565846,-46.7442515,,,,1,2023-06-17T16:13:58+00:00
SAO_3761-10,São Paulo,3550308,True,,1051,,,-23.596679,-46.435494000000006,,,,1,2023-06-17T16:13:53+00:00
SAO_3761-10,São Paulo,3550308,True,,1051,,,-23.537869125,-46.563317375000004,,,,1,2023-06-17T16:13:27+00:00
SAO_3761-10,São Paulo,3550308,True,,1051,,,-23.544107750000002,-46.52996075,,,,1,2023-06-17T16:13:58+00:00
SAO_3761-10,São Paulo,3550308,True,,1051,,,-23.589235000000002,-46.4879695,,,,1,2023-06-17T16:13:45+00:00
SAO_4029-10,São Paulo,3550308,True,,33867,,,-23.59685175,-46.523332749999994,,,,2,2023-06-17T16:13:59+00:00
SAO_4029-10,São Paulo,3550308,True,,33867,,,-23.581889,-46.585524,,,,2,2023-06-17T16:13:32+00:00
SAO_4029-10,São Paulo,3550308,True,,33867,,,-23.6105855,-46.4805655,,,,2,2023-06-17T16:13:26+00:00
SAO_4029-10,São Paulo,3550308,True,,33867,,,-23.60994525,-46.47948125,,,,2,2023-06-17T16:13:46+00:00
SAO_4029-10,São Paulo,3550308,True,,33867,,,-23.614854,-46.501445000000004,,,,2,2023-06-17T16:13:48+00:00
SAO_4029-10,São Paulo,3550308,True,,33867,,,-23.6105855,-46.4805655,,,,2,2023-06-17T16:13:46+00:00
SAO_4029-10,São Paulo,3550308,True,,33867,,,-23.580124499999997,-46.56957,,,,2,2023-06-17T16:13:25+00:00
SAO_6084-10,São Paulo,3550308,True,,33937,,,-23.774065999999998,-46.706472000000005,,,,2,2023-06-17T16:13:32+00:00
SAO_6084-10,São Paulo,3550308,True,,33937,,,-23.7812805,-46.67209375,,,,2,2023-06-17T16:13:56+00:00
SAO_6084-10,São Paulo,3550308,True,,33937,,,-23.7812805,-46.67209375,,,,2,2023-06-17T16:13:58+00:00
SAO_6084-10,São Paulo,3550308,True,,33937,,,-23.7804005,-46.6732885,,,,2,2023-06-17T16:13:34+00:00
SAO_6084-10,São Paulo,3550308,True,,33937,,,-23.7812805,-46.67209375,,,,2,2023-06-17T16:13:30+00:00
SAO_6084-10,São Paulo,3550308,True,,33937,,,-23.7812805,-46.67209375,,,,2,2023-06-17T16:13:34+00:00
SAO_6084-10,São Paulo,3550308,True,,33937,,,-23.7812805,-46.67209375,,,,2,2023-06-17T16:13:57+00:00
SAO_6084-10,São Paulo,3550308,True,,33937,,,-23.768786,-46.716157499999994,,,,2,2023-06-17T16:13:31+00:00
SAO_6084-10,São Paulo,3550308,True,,33937,,,-23.7812805,-46.67209375,,,,2,2023-06-17T16:13:46+00:00
SAO_6084-10,São Paulo,3550308,True,,33937,,,-23.7791195,-46.6757895,,,,2,2023-06-17T16:14:03+00:00
SAO_6084-10,São Paulo,3550308,True,,33937,,,-23.7812805,-46.67209375,,,,2,2023-06-17T16:13:52+00:00
SAO_PAEC-10,São Paulo,3550308,True,,34190,,,-23.5361185,-46.632417000000004,,,,2,2023-06-17T16:14:01+00:00
SAO_PAEC-10,São Paulo,3550308,True,,34190,,,-23.5216,-46.4253885,,,,2,2023-06-17T16:13:40+00:00
SAO_PAEC-10,São Paulo,3550308,True,,34190,,,-23.5216,-46.4253885,,,,2,2023-06-17T16:13:24+00:00
SAO_PAEC-10,São Paulo,3550308,True,,34190,,,-23.5216,-46.4253885,,,,2,2023-06-17T16:14:03+00:00
SAO_PAEC-10,São Paulo,3550308,True,,34190,,,-23.5216,-46.4253885,,,,2,2023-06-17T16:13:46+00:00
SAO_PAEC-10,São Paulo,3550308,True,,34190,,,-23.613302,-46.4764105,,,,2,2023-06-17T16:13:50+00:00
SAO_PAEC-10,São Paulo,3550308,True,,34190,,,-23.5216,-46.4253885,,,,2,2023-06-17T16:13:18+00:00
SAO_PAEC-10,São Paulo,3550308,True,,34190,,,-23.5361185,-46.632417000000004,,,,2,2023-06-17T16:13:48+00:00
SAO_PAEC-10,São Paulo,3550308,True,,34190,,,-23.613302,-46.4764105,,,,2,2023-06-17T16:13:52+00:00
SAO_PAEC-10,São Paulo,3550308,True,,34190,,,-23.613302,-46.4764105,,,,2,2023-06-17T16:11:12+00:00
SAO_2727-10,São Paulo,3550308,True,,942,,,-23.540153,-46.483096,,,,1,2023-06-17T16:13:53+00:00
SAO_2727-10,São Paulo,3550308,True,,942,,,-23.540153,-46.483096,,,,1,2023-06-17T16:13:52+00:00
SAO_2727-10,São Paulo,3550308,True,,942,,,-23.5314905,-46.4667925,,,,1,2023-06-17T16:13:44+00:00
SAO_2727-10,São Paulo,3550308,True,,942,,,-23.540153,-46.483096,,,,1,2023-06-17T16:13:48+00:00
SAO_2727-10,São Paulo,3550308,True,,942,,,-23.528943374999997,-46.46580125,,,,1,2023-06-17T16:14:02+00:00
SAO_2727-10,São Paulo,3550308,True,,942,,,-23.540153,-46.483096,,,,1,2023-06-17T16:13:43+00:00
SAO_2727-10,São Paulo,3550308,True,,942,,,-23.540153,-46.483096,,,,1,2023-06-17T16:13:55+00:00
SAO_2727-10,São Paulo,3550308,True,,942,,,-23.540153,-46.483096,,,,1,2023-06-17T16:13:43+00:00
SAO_6063-43,São Paulo,3550308,True,,35248,,,-23.783077,-46.689949,,,,2,2023-06-17T16:13:42+00:00
SAO_4031-10,São Paulo,3550308,True,,1101,,,-23.59086825,-46.588631500000005,,,,1,2023-06-17T16:13:31+00:00
SAO_4031-10,São Paulo,3550308,True,,1101,,,-23.57976125,-46.57095175,,,,1,2023-06-17T16:13:31+00:00
SAO_4031-10,São Paulo,3550308,True,,1101,,,-23.61408,-46.517419000000004,,,,1,2023-06-17T16:13:24+00:00
SAO_4031-10,São Paulo,3550308,True,,1101,,,-23.61408,-46.517419000000004,,,,1,2023-06-17T16:13:51+00:00
SAO_4031-10,São Paulo,3550308,True,,1101,,,-23.6014815,-46.5327255,,,,1,2023-06-17T16:13:52+00:00
SAO_263C-10,São Paulo,3550308,True,EMTU,252,https://moovitapp.com/index/pt-br/transporte_p%C3%BAblico-line-252-Sao_Paulo-242-2038937-36419363-0,6.8,-23.49619,-46.41505375,,,,1,2023-06-17T16:13:29+00:00
SAO_263C-10,São Paulo,3550308,True,EMTU,252,https://moovitapp.com/index/pt-br/transporte_p%C3%BAblico-line-252-Sao_Paulo-242-2038937-36419363-0,6.8,-23.539473,-46.439434500000004,,,,1,2023-06-17T16:13:40+00:00
SAO_263C-10,São Paulo,3550308,True,EMTU,252,https://moovitapp.com/index/pt-br/transporte_p%C3%BAblico-line-252-Sao_Paulo-242-2038937-36419363-0,6.8,-23.53967,-46.439659,,,,1,2023-06-17T16:10:09+00:00
SAO_263C-10,São Paulo,3550308,True,EMTU,252,https://moovitapp.com/index/pt-br/transporte_p%C3%BAblico-line-252-Sao_Paulo-242-2038937-36419363-0,6.8,-23.53939075,-46.4398695,,,,1,2023-06-17T16:13:21+00:00
SAO_627J-10,São Paulo,3550308,True,,2056,,,-23.682060999999997,-46.633000499999994,,,,1,2023-06-17T16:13:39+00:00
SAO_627J-10,São Paulo,3550308,True,,2056,,,-23.673662,-46.6319965,,,,1,2023-06-17T16:13:29+00:00
SAO_627J-10,São Paulo,3550308,True,,2056,,,-23.633386750000003,-46.644197625000004,,,,1,2023-06-17T16:13:48+00:00
SAO_1178-10,São Paulo,3550308,True,,32900,,,-23.504152499999996,-46.432775,,,,2,2023-06-17T16:13:28+00:00
SAO_1178-10,São Paulo,3550308,True,,32900,,,-23.504139000000002,-46.4331075,,,,2,2023-06-17T16:13:46+00:00
SAO_1178-10,São Paulo,3550308,True,,32900,,,-23.49835175,-46.431243499999994,,,,2,2023-06-17T16:13:55+00:00
SAO_1178-10,São Paulo,3550308,True,,32900,,,-23.520126,-46.624500999999995,,,,2,2023-06-17T16:12:30+00:00
SAO_1178-10,São Paulo,3550308,True,,32900,,,-23.527605,-46.5693985,,,,2,2023-06-17T16:13:40+00:00
SAO_1178-10,São Paulo,3550308,True,,32900,,,-23.5041765,-46.433013,,,,2,2023-06-17T16:09:03+00:00
SAO_1178-10,São Paulo,3550308,True,,32900,,,-23.504057500000002,-46.4338255,,,,2,2023-06-17T16:13:38+00:00
SAO_1178-10,São Paulo,3550308,True,,32900,,,-23.5272485,-46.5652695,,,,2,2023-06-17T16:12:58+00:00
SAO_2666-10,São Paulo,3550308,True,EMTU,378,https://moovitapp.com/index/pt-br/transporte_p%C3%BAblico-line-378-Sao_Paulo-242-2038937-36419452-0,12.1,-23.53119025,-46.55830350000001,,,,1,2023-06-17T16:11:43+00:00
SAO_2666-10,São Paulo,3550308,True,EMTU,378,https://moovitapp.com/index/pt-br/transporte_p%C3%BAblico-line-378-Sao_Paulo-242-2038937-36419452-0,12.1,-23.498868,-46.466928,,,,1,2023-06-17T16:13:44+00:00
SAO_2666-10,São Paulo,3550308,True,EMTU,378,https://moovitapp.com/index/pt-br/transporte_p%C3%BAblico-line-378-Sao_Paulo-242-2038937-36419452-0,12.1,-23.546727,-46.629723999999996,,,,1,2023-06-17T16:14:03+00:00
SAO_2666-10,São Paulo,3550308,True,EMTU,378,https://moovitapp.com/index/pt-br/transporte_p%C3%BAblico-line-378-Sao_Paulo-242-2038937-36419452-0,12.1,-23.5289675,-46.552871499999995,,,,1,2023-06-17T16:13:45+00:00
SAO_2666-10,São Paulo,3550308,True,EMTU,378,https://moovitapp.com/index/pt-br/transporte_p%C3%BAblico-line-378-Sao_Paulo-242-2038937-36419452-0,12.1,-23.49527875,-46.431802250000004,,,,1,2023-06-17T16:11:24+00:00
SAO_2666-10,São Paulo,3550308,True,EMTU,378,https://moovitapp.com/index/pt-br/transporte_p%C3%BAblico-line-378-Sao_Paulo-242-2038937-36419452-0,12.1,-23.5186745,-46.387703,,,,1,2023-06-17T16:09:22+00:00
SAO_6835-31,São Paulo,3550308,True,,1407,,,-23.6879515,-46.800591,,,,1,2023-06-17T16:13:43+00:00
SAO_6835-31,São Paulo,3550308,True,,1407,,,-23.671551,-46.7731875,,,,1,2023-06-17T16:13:46+00:00
SAO_677V-10,São Paulo,3550308,True,,32880,,,-23.7443095,-46.709995500000005,,,,2,2023-06-17T16:13:48+00:00
SAO_677V-10,São Paulo,3550308,True,,32880,,,-23.7202445,-46.701018000000005,,,,2,2023-06-17T16:13:45+00:00
SAO_677V-10,São Paulo,3550308,True,,32880,,,-23.731384,-46.692489,,,,2,2023-06-17T16:13:53+00:00
SAO_7040-10,São Paulo,3550308,True,,33544,,,-23.588749749999998,-46.70028075,,,,2,2023-06-17T16:13:26+00:00
SAO_7040-10,São Paulo,3550308,True,,33544,,,-23.624252,-46.727573,,,,2,2023-06-17T16:14:02+00:00
SAO_7040-10,São Paulo,3550308,True,,33544,,,-23.5748475,-46.688497,,,,2,2023-06-17T16:13:18+00:00
SAO_7040-10,São Paulo,3550308,True,,33544,,,-23.6236665,-46.7280325,,,,2,2023-06-17T16:13:56+00:00
SAO_7040-10,São Paulo,3550308,True,,33544,,,-23.624252,-46.727573,,,,2,2023-06-17T16:13:30+00:00
SAO_7040-10,São Paulo,3550308,True,,33544,,,-23.623783500000002,-46.727943999999994,,,,2,2023-06-17T16:13:52+00:00
SAO_8020-10,São Paulo,3550308,True,,34494,,,-23.62225875,-46.69404875000001,,,,2,2023-06-17T16:13:39+00:00
SAO_8020-10,São Paulo,3550308,True,,34494,,,-23.584768500000003,-46.739224,,,,2,2023-06-17T16:13:27+00:00
SAO_8020-10,São Paulo,3550308,True,,34494,,,-23.584768500000003,-46.739224,,,,2,2023-06-17T16:13:55+00:00
SAO_6200-10,São Paulo,3550308,True,,33123,,,-23.566357625000002,-46.658474749999996,,,,2,2023-06-17T16:14:04+00:00
SAO_6200-10,São Paulo,3550308,True,,33123,,,-23.639212,-46.725384500000004,,,,2,2023-06-17T16:13:41+00:00
SAO_6200-10,São Paulo,3550308,True,,33123,,,-23.584230249999997,-46.68749774999999,,,,2,2023-06-17T16:13:35+00:00
SAO_6200-10,São Paulo,3550308,True,,33123,,,-23.6240725,-46.7103355,,,,2,2023-06-17T16:13:30+00:00
SAO_6200-10,São Paulo,3550308,True,,33123,,,-23.654528,-46.7141635,,,,2,2023-06-17T16:13:42+00:00
SAO_6200-10,São Paulo,3550308,True,,33123,,,-23.574096625,-46.6673885,,,,2,2023-06-17T16:13:42+00:00
SAO_6913-10,São Paulo,3550308,True,,1465,,,-23.755088,-46.712449,,,,1,2023-06-17T16:13:33+00:00
SAO_6913-10,São Paulo,3550308,True,,1465,,,-23.6669665,-46.7119285,,,,1,2023-06-17T16:13:46+00:00
SAO_6913-10,São Paulo,3550308,True,,1465,,,-23.616493749999997,-46.68038525,,,,1,2023-06-17T16:14:04+00:00
SAO_6913-10,São Paulo,3550308,True,,1465,,,-23.767560000000003,-46.7161905,,,,1,2023-06-17T16:13:51+00:00
SAO_6913-10,São Paulo,3550308,True,,1465,,,-23.767560000000003,-46.7161905,,,,1,2023-06-17T16:13:58+00:00
SAO_6913-10,São Paulo,3550308,True,,1465,,,-23.61499175,-46.6793665,,,,1,2023-06-17T16:13:40+00:00
SAO_6913-10,São Paulo,3550308,True,,1465,,,-23.724211500000003,-46.6991145,,,,1,2023-06-17T16:13:52+00:00
SAO_6913-10,São Paulo,3550308,True,,1465,,,-23.767968,-46.7163805,,,,1,2023-06-17T16:13:33+00:00
SAO_6913-10,São Paulo,3550308,True,,1465,,,-23.767560000000003,-46.7161905,,,,1,2023-06-17T16:13:55+00:00
SAO_6913-10,São Paulo,3550308,True,,1465,,,-23.652827,-46.70607525,,,,1,2023-06-17T16:13:55+00:00
SAO_6913-10,São Paulo,3550308,True,,1465,,,-23.767560000000003,-46.7161905,,,,1,2023-06-17T16:13:53+00:00
SAO_5022-10,São Paulo,3550308,True,,33888,,,-23.6720685,-46.638756,,,,2,2023-06-17T16:13:45+00:00
SAO_5022-10,São Paulo,3550308,True,,33888,,,-23.6721505,-46.638467,,,,2,2023-06-17T16:13:37+00:00
SAO_5022-10,São Paulo,3550308,True,,33888,,,-23.6720685,-46.638756,,,,2,2023-06-17T16:14:03+00:00
SAO_5022-10,São Paulo,3550308,True,,33888,,,-23.658716,-46.643186,,,,2,2023-06-17T16:13:36+00:00
SAO_5022-10,São Paulo,3550308,True,,33888,,,-23.66549,-46.647715500000004,,,,2,2023-06-17T16:13:38+00:00
SAO_407T-10,São Paulo,3550308,True,,2202,,,-23.537168,-46.449311124999994,,,,1,2023-06-17T16:13:51+00:00
SAO_407T-10,São Paulo,3550308,True,,2202,,,-23.5384515,-46.44110425,,,,1,2023-06-17T16:12:07+00:00
SAO_407T-10,São Paulo,3550308,True,,2202,,,-23.542544499999998,-46.4716805,,,,1,2023-06-17T16:13:26+00:00
SAO_675G-10,São Paulo,3550308,True,ETT,106,https://moovitapp.com/index/pt-br/transporte_p%C3%BAblico-line-106-Sao_Paulo-242-876373-496508-0,5.3,-23.643219375,-46.651292,,,,1,2023-06-17T16:13:55+00:00
SAO_675G-10,São Paulo,3550308,True,ETT,106,https://moovitapp.com/index/pt-br/transporte_p%C3%BAblico-line-106-Sao_Paulo-242-876373-496508-0,5.3,-23.748769,-46.665272,,,,1,2023-06-17T16:10:56+00:00
SAO_675G-10,São Paulo,3550308,True,ETT,106,https://moovitapp.com/index/pt-br/transporte_p%C3%BAblico-line-106-Sao_Paulo-242-876373-496508-0,5.3,-23.7327515,-46.697051,,,,1,2023-06-17T16:13:49+00:00
SAO_675G-10,São Paulo,3550308,True,ETT,106,https://moovitapp.com/index/pt-br/transporte_p%C3%BAblico-line-106-Sao_Paulo-242-876373-496508-0,5.3,-23.667166,-46.677718999999996,,,,1,2023-06-17T16:13:49+00:00
SAO_807M-10,São Paulo,3550308,True,,34684,,,-23.622873249999998,-46.6942745,,,,2,2023-06-17T16:13:42+00:00
SAO_807M-10,São Paulo,3550308,True,,34684,,,-23.6261525,-46.757764,,,,2,2023-06-17T16:13:24+00:00
SAO_807M-10,São Paulo,3550308,True,,34684,,,-23.6041485,-46.7089245,,,,2,2023-06-17T16:13:39+00:00
SAO_807M-10,São Paulo,3550308,True,,34684,,,-23.613233,-46.741668000000004,,,,2,2023-06-17T16:13:36+00:00
SAO_807M-10,São Paulo,3550308,True,,34684,,,-23.631797499999998,-46.7719915,,,,2,2023-06-17T16:14:01+00:00
SAO_807M-10,São Paulo,3550308,True,,34684,,,-23.618614,-46.698895,,,,2,2023-06-17T16:14:06+00:00
SAO_807M-10,São Paulo,3550308,True,,34684,,,-23.6316405,-46.772316,,,,2,2023-06-17T16:14:06+00:00
SAO_807M-10,São Paulo,3550308,True,,34684,,,-23.6170555,-46.7367345,,,,2,2023-06-17T16:13:37+00:00
SAO_273X-10,São Paulo,3550308,True,EMTU,392,https://moovitapp.com/index/pt-br/transporte_p%C3%BAblico-line-392-Sao_Paulo-242-2038937-36419460-0,5.8,-23.49277325,-46.388580125000004,,,,1,2023-06-17T16:13:50+00:00
SAO_273X-10,São Paulo,3550308,True,EMTU,392,https://moovitapp.com/index/pt-br/transporte_p%C3%BAblico-line-392-Sao_Paulo-242-2038937-36419460-0,5.8,-23.53987,-46.4833455,,,,1,2023-06-17T16:13:33+00:00
SAO_273X-10,São Paulo,3550308,True,EMTU,392,https://moovitapp.com/index/pt-br/transporte_p%C3%BAblico-line-392-Sao_Paulo-242-2038937-36419460-0,5.8,-23.5062365,-46.476693999999995,,,,1,2023-06-17T16:13:33+00:00
SAO_273X-10,São Paulo,3550308,True,EMTU,392,https://moovitapp.com/index/pt-br/transporte_p%C3%BAblico-line-392-Sao_Paulo-242-2038937-36419460-0,5.8,-23.495206,-46.451998,,,,1,2023-06-17T16:13:57+00:00
SAO_273X-10,São Paulo,3550308,True,EMTU,392,https://moovitapp.com/index/pt-br/transporte_p%C3%BAblico-line-392-Sao_Paulo-242-2038937-36419460-0,5.8,-23.497397499999998,-46.39919425,,,,1,2023-06-17T16:13:51+00:00
SAO_1788-10,São Paulo,3550308,True,,33421,,,-23.479192250000004,-46.609387500000004,,,,2,2023-06-17T16:13:33+00:00
SAO_1788-10,São Paulo,3550308,True,,33421,,,-23.4308,-46.5751545,,,,2,2023-06-17T16:13:39+00:00
SAO_1788-10,São Paulo,3550308,True,,33421,,,-23.433542,-46.5782875,,,,2,2023-06-17T16:13:44+00:00
SAO_1788-10,São Paulo,3550308,True,,33421,,,-23.430746499999998,-46.574617,,,,2,2023-06-17T16:13:31+00:00
SAO_2088-10,São Paulo,3550308,True,,33140,,,-23.5038615,-46.3797665,,,,2,2023-06-17T16:13:32+00:00
SAO_2088-10,São Paulo,3550308,True,,33140,,,-23.494584,-46.425981500000006,,,,2,2023-06-17T16:13:30+00:00
SAO_2088-10,São Paulo,3550308,True,,33140,,,-23.4873265,-46.377306250000004,,,,2,2023-06-17T16:13:45+00:00
SAO_407J-10,São Paulo,3550308,True,,34966,,,-23.55371425,-46.40418275,,,,2,2023-06-17T16:13:55+00:00
SAO_407J-10,São Paulo,3550308,True,,34966,,,-23.535165499999998,-46.452004,,,,2,2023-06-17T16:13:48+00:00
SAO_407J-10,São Paulo,3550308,True,,34966,,,-23.560143,-46.47443200000001,,,,2,2023-06-17T16:13:34+00:00
SAO_407J-10,São Paulo,3550308,True,,34966,,,-23.548418749999996,-46.53788350000001,,,,2,2023-06-17T16:13:52+00:00
SAO_407J-10,São Paulo,3550308,True,,34966,,,-23.560143,-46.47443200000001,,,,2,2023-06-17T16:13:41+00:00
SAO_407J-10,São Paulo,3550308,True,,34966,,,-23.552803,-46.399612000000005,,,,2,2023-06-17T16:13:28+00:00
SAO_407J-10,São Paulo,3550308,True,,34966,,,-23.55275125,-46.403627625,,,,2,2023-06-17T16:13:43+00:00
SAO_407J-10,São Paulo,3550308,True,,34966,,,-23.552803,-46.399612000000005,,,,2,2023-06-17T16:13:10+00:00
SAO_407J-10,São Paulo,3550308,True,,34966,,,-23.5428845,-46.557755625,,,,2,2023-06-17T16:14:02+00:00
SAO_407J-10,São Paulo,3550308,True,,34966,,,-23.553976,-46.403709,,,,2,2023-06-17T16:14:00+00:00
SAO_407J-10,São Paulo,3550308,True,,34966,,,-23.541229,-46.5766665,,,,2,2023-06-17T16:13:45+00:00
SAO_407J-10,São Paulo,3550308,True,,34966,,,-23.5540335,-46.403518000000005,,,,2,2023-06-17T16:00:55+00:00
SAO_407J-10,São Paulo,3550308,True,,34966,,,-23.5722175,-46.50602175,,,,2,2023-06-17T16:14:00+00:00
SAO_407J-10,São Paulo,3550308,True,,34966,,,-23.534399999999998,-46.45086025,,,,2,2023-06-17T16:13:30+00:00
SAO_407J-10,São Paulo,3550308,True,,34966,,,-23.55256375,-46.403938875,,,,2,2023-06-17T16:13:30+00:00
SAO_5164-41,São Paulo,3550308,True,,1617,,,-23.6461105,-46.6469465,,,,1,2023-06-17T16:13:45+00:00
SAO_5164-41,São Paulo,3550308,True,,1617,,,-23.643406,-46.634367,,,,1,2023-06-17T16:13:49+00:00
SAO_3001-10,São Paulo,3550308,True,,34418,,,-23.491597,-46.435370000000006,,,,2,2023-06-17T16:13:12+00:00
SAO_3001-10,São Paulo,3550308,True,,34418,,,-23.51173,-46.379023000000004,,,,2,2023-06-17T16:13:58+00:00
SAO_209P-1,São Paulo,3550308,True,,2301,,,-23.47180475,-46.67047275,,,,1,2023-06-17T16:13:57+00:00
SAO_209P-1,São Paulo,3550308,True,,2301,,,-23.475245,-46.6706715,,,,1,2023-06-17T16:13:55+00:00
SAO_209P-1,São Paulo,3550308,True,,2301,,,-23.47120975,-46.67053275,,,,1,2023-06-17T16:13:52+00:00
SAO_209P-1,São Paulo,3550308,True,,2301,,,-23.559149499999997,-46.684149250000004,,,,1,2023-06-17T16:14:02+00:00
SAO_209P-1,São Paulo,3550308,True,,2301,,,-23.528945,-46.676366,,,,1,2023-06-17T16:14:06+00:00
SAO_6110-10,São Paulo,3550308,True,,33952,,,-23.64488625,-46.67334525,,,,2,2023-06-17T16:14:08+00:00
SAO_6110-10,São Paulo,3550308,True,,33952,,,-23.75785775,-46.707078749999994,,,,2,2023-06-17T16:13:41+00:00
SAO_6110-10,São Paulo,3550308,True,,33952,,,-23.757168999999998,-46.705417499999996,,,,2,2023-06-17T16:13:55+00:00
SAO_6110-10,São Paulo,3550308,True,,33952,,,-23.740881,-46.707511,,,,2,2023-06-17T16:13:23+00:00
SAO_6110-10,São Paulo,3550308,True,,33952,,,-23.7471885,-46.708067,,,,2,2023-06-17T16:13:53+00:00
SAO_6110-10,São Paulo,3550308,True,,33952,,,-23.64514875,-46.67355775,,,,2,2023-06-17T16:13:44+00:00
SAO_6110-10,São Paulo,3550308,True,,33952,,,-23.6547755,-46.67989125,,,,2,2023-06-17T16:13:40+00:00
SAO_6110-10,São Paulo,3550308,True,,33952,,,-23.710868125,-46.699293624999996,,,,2,2023-06-17T16:13:35+00:00
SAO_475M-10,São Paulo,3550308,True,,33111,,,-23.57899775,-46.640049250000004,,,,2,2023-06-17T16:13:40+00:00
SAO_8542-21,São Paulo,3550308,True,,1361,,,-23.4735895,-46.7026745,,,,1,2023-06-17T16:13:54+00:00
SAO_8542-21,São Paulo,3550308,True,,1361,,,-23.47589425,-46.69906725,,,,1,2023-06-17T16:13:41+00:00
SAO_8542-21,São Paulo,3550308,True,,1361,,,-23.470839499999997,-46.677373,,,,1,2023-06-17T16:13:25+00:00
SAO_8542-21,São Paulo,3550308,True,,1361,,,-23.5197335,-46.700115,,,,1,2023-06-17T16:14:08+00:00
SAO_875A-10,São Paulo,3550308,True,,33377,,,-23.6431975,-46.6622785,,,,2,2023-06-17T16:13:48+00:00
SAO_875A-10,São Paulo,3550308,True,,33377,,,-23.535831,-46.6731015,,,,2,2023-06-17T16:13:25+00:00
SAO_875A-10,São Paulo,3550308,True,,33377,,,-23.613044000000002,-46.657546249999996,,,,2,2023-06-17T16:13:38+00:00
SAO_875A-10,São Paulo,3550308,True,,33377,,,-23.642954500000002,-46.6617585,,,,2,2023-06-17T16:13:25+00:00
SAO_875A-10,São Paulo,3550308,True,,33377,,,-23.603400875,-46.636806500000006,,,,2,2023-06-17T16:13:52+00:00
SAO_875A-10,São Paulo,3550308,True,,33377,,,-23.55472,-46.6618795,,,,2,2023-06-17T16:13:36+00:00
SAO_6840-10,São Paulo,3550308,True,,32969,,,-23.7307125,-46.785826,,,,2,2023-06-17T16:13:27+00:00
SAO_6840-10,São Paulo,3550308,True,,32969,,,-23.7317975,-46.7861475,,,,2,2023-06-17T16:13:55+00:00
SAO_6840-10,São Paulo,3550308,True,,32969,,,-23.692594,-46.777992,,,,2,2023-06-17T16:14:06+00:00
SAO_6840-10,São Paulo,3550308,True,,32969,,,-23.7424915,-46.80109975,,,,2,2023-06-17T16:13:45+00:00
SAO_6840-10,São Paulo,3550308,True,,32969,,,-23.741951999999998,-46.8009785,,,,2,2023-06-17T16:13:59+00:00
SAO_6840-10,São Paulo,3550308,True,,32969,,,-23.741885,-46.8007335,,,,2,2023-06-17T16:13:44+00:00
SAO_6840-10,São Paulo,3550308,True,,32969,,,-23.7424915,-46.80109975,,,,2,2023-06-17T16:13:43+00:00
SAO_6840-10,São Paulo,3550308,True,,32969,,,-23.7420195,-46.800329000000005,,,,2,2023-06-17T16:13:38+00:00
SAO_6840-10,São Paulo,3550308,True,,32969,,,-23.672487500000003,-46.7733955,,,,2,2023-06-17T16:14:04+00:00
SAO_6840-10,São Paulo,3550308,True,,32969,,,-23.688845375,-46.77301675,,,,2,2023-06-17T16:13:24+00:00
SAO_6840-10,São Paulo,3550308,True,,32969,,,-23.6549965,-46.762482000000006,,,,2,2023-06-17T16:14:04+00:00
SAO_6840-10,São Paulo,3550308,True,,32969,,,-23.742005499999998,-46.80109,,,,2,2023-06-17T16:13:52+00:00
SAO_2017-10,São Paulo,3550308,True,,903,,,-23.49667375,-46.4197835,,,,1,2023-06-17T16:14:04+00:00
SAO_2017-10,São Paulo,3550308,True,,903,,,-23.517814,-46.41346,,,,1,2023-06-17T16:14:04+00:00
SAO_2017-10,São Paulo,3550308,True,,903,,,-23.4949755,-46.42823975,,,,1,2023-06-17T16:08:45+00:00
SAO_407G-10,São Paulo,3550308,True,,2196,,,-23.593412875000002,-46.488488499999995,,,,1,2023-06-17T16:13:31+00:00
SAO_407G-10,São Paulo,3550308,True,,2196,,,-23.5628645,-46.5088905,,,,1,2023-06-17T16:13:39+00:00
SAO_407G-10,São Paulo,3550308,True,,2196,,,-23.537625999999996,-46.56210568750001,,,,1,2023-06-17T16:13:30+00:00
SAO_407G-10,São Paulo,3550308,True,,2196,,,-23.6112775,-46.475717,,,,1,2023-06-17T16:13:46+00:00
SAO_407G-10,São Paulo,3550308,True,,2196,,,-23.6084665,-46.4349565,,,,1,2023-06-17T16:13:50+00:00
SAO_407G-10,São Paulo,3550308,True,,2196,,,-23.610073999999997,-46.4532655,,,,1,2023-06-17T16:13:55+00:00
SAO_5632-10,São Paulo,3550308,True,,32849,,,-23.73809,-46.709101000000004,,,,2,2023-06-17T16:13:48+00:00
SAO_5632-10,São Paulo,3550308,True,,32849,,,-23.63947625,-46.696091,,,,2,2023-06-17T16:13:46+00:00
SAO_5632-10,São Paulo,3550308,True,,32849,,,-23.7171235,-46.70471,,,,2,2023-06-17T16:14:00+00:00
SAO_5632-10,São Paulo,3550308,True,,32849,,,-23.738264,-46.7090185,,,,2,2023-06-17T16:13:35+00:00
SAO_5632-10,São Paulo,3550308,True,,32849,,,-23.7379495,-46.7091505,,,,2,2023-06-17T16:14:02+00:00
SAO_5632-10,São Paulo,3550308,True,,32849,,,-23.650951499999998,-46.708732,,,,2,2023-06-17T16:13:26+00:00
SAO_695T-10,São Paulo,3550308,True,,1322,,,-23.644859875,-46.722269874999995,,,,1,2023-06-17T16:13:47+00:00
SAO_695T-10,São Paulo,3550308,True,,1322,,,-23.597188,-46.64177725,,,,1,2023-06-17T16:13:42+00:00
SAO_695T-10,São Paulo,3550308,True,,1322,,,-23.620666625,-46.67819,,,,1,2023-06-17T16:13:35+00:00
SAO_695T-10,São Paulo,3550308,True,,1322,,,-23.654826,-46.761785,,,,1,2023-06-17T16:13:50+00:00
SAO_4210-10,São Paulo,3550308,True,,2170,,,-23.5833395,-46.407216,,,,1,2023-06-17T16:13:26+00:00
SAO_4210-10,São Paulo,3550308,True,,2170,,,-23.540057500000003,-46.541174,,,,1,2023-06-17T16:14:01+00:00
SAO_4210-10,São Paulo,3550308,True,,2170,,,-23.566954,-46.5062365,,,,1,2023-06-17T16:13:51+00:00
SAO_4210-10,São Paulo,3550308,True,,2170,,,-23.5946305,-46.446485249999995,,,,1,2023-06-17T16:13:41+00:00
SAO_4210-10,São Paulo,3550308,True,,2170,,,-23.538731,-46.6048935,,,,1,2023-06-17T16:13:54+00:00
SAO_2006-10,São Paulo,3550308,True,,33663,,,-23.496740374999998,-46.40107975,,,,2,2023-06-17T16:13:43+00:00
SAO_2006-10,São Paulo,3550308,True,,33663,,,-23.489597500000002,-46.377613,,,,2,2023-06-17T16:13:58+00:00
SAO_2006-10,São Paulo,3550308,True,,33663,,,-23.494194,-46.400918,,,,2,2023-06-17T16:13:29+00:00
SAO_2006-10,São Paulo,3550308,True,,33663,,,-23.5003825,-46.3692295,,,,2,2023-06-17T16:14:00+00:00
SAO_7051-10,São Paulo,3550308,True,,1885,,,-23.652745,-46.785092,,,,1,2023-06-17T16:13:29+00:00
SAO_7051-10,São Paulo,3550308,True,,1885,,,-23.650630999999997,-46.7838455,,,,1,2023-06-17T16:13:46+00:00
SAO_7051-10,São Paulo,3550308,True,,1885,,,-23.655096,-46.7838845,,,,1,2023-06-17T16:13:37+00:00
SAO_7051-10,São Paulo,3550308,True,,1885,,,-23.6316405,-46.772316,,,,1,2023-06-17T16:14:03+00:00
SAO_425E-10,São Paulo,3550308,True,,34404,,,-23.614496,-46.500415000000004,,,,2,2023-06-17T16:13:23+00:00
SAO_425E-10,São Paulo,3550308,True,,34404,,,-23.6218445,-46.465783,,,,2,2023-06-17T16:13:37+00:00
SAO_748R-10,São Paulo,3550308,True,,33269,,,-23.5805345,-46.76063525000001,,,,2,2023-06-17T16:13:57+00:00
SAO_748R-10,São Paulo,3550308,True,,33269,,,-23.594984500000002,-46.7875925,,,,2,2023-06-17T16:13:45+00:00
SAO_748R-10,São Paulo,3550308,True,,33269,,,-23.600459999999998,-46.784138999999996,,,,2,2023-06-17T16:13:46+00:00
SAO_748R-10,São Paulo,3550308,True,,33269,,,-23.5227545,-46.700604125,,,,2,2023-06-17T16:13:38+00:00
SAO_778R-10,São Paulo,3550308,True,EMTU,509,https://moovitapp.com/index/pt-br/transporte_p%C3%BAblico-line-509-Sao_Paulo-242-2038937-36419531-0,4.95,-23.585718,-46.805552500000005,,,,1,2023-06-17T16:13:28+00:00
SAO_778R-10,São Paulo,3550308,True,EMTU,509,https://moovitapp.com/index/pt-br/transporte_p%C3%BAblico-line-509-Sao_Paulo-242-2038937-36419531-0,4.95,-23.583630749999998,-46.77901275000001,,,,1,2023-06-17T16:13:47+00:00
SAO_778R-10,São Paulo,3550308,True,EMTU,509,https://moovitapp.com/index/pt-br/transporte_p%C3%BAblico-line-509-Sao_Paulo-242-2038937-36419531-0,4.95,-23.585532999999998,-46.8056635,,,,1,2023-06-17T16:13:41+00:00
SAO_778R-10,São Paulo,3550308,True,EMTU,509,https://moovitapp.com/index/pt-br/transporte_p%C3%BAblico-line-509-Sao_Paulo-242-2038937-36419531-0,4.95,-23.568870625000002,-46.68645575,,,,1,2023-06-17T16:13:55+00:00
SAO_778R-10,São Paulo,3550308,True,EMTU,509,https://moovitapp.com/index/pt-br/transporte_p%C3%BAblico-line-509-Sao_Paulo-242-2038937-36419531-0,4.95,-23.585532999999998,-46.8056635,,,,1,2023-06-17T16:14:04+00:00
SAO_1023-10,São Paulo,3550308,True,,35327,,,-23.476845,-46.7428625,,,,2,2023-06-17T16:13:41+00:00
SAO_709A-10,São Paulo,3550308,True,,34860,,,-23.5854599375,-46.6367169375,,,,2,2023-06-17T16:13:24+00:00
SAO_709A-10,São Paulo,3550308,True,,34860,,,-23.582193500000002,-46.638338000000005,,,,2,2023-06-17T16:13:52+00:00
SAO_709A-10,São Paulo,3550308,True,,34860,,,-23.5931855,-46.6892985,,,,2,2023-06-17T16:13:58+00:00
SAO_7053-22,São Paulo,3550308,True,,1896,,,-23.642704000000002,-46.786391249999994,,,,1,2023-06-17T16:13:59+00:00
SAO_7053-22,São Paulo,3550308,True,,1896,,,-23.645486499999997,-46.789591,,,,1,2023-06-17T16:13:57+00:00
SAO_7053-22,São Paulo,3550308,True,,1896,,,-23.642522,-46.786126499999995,,,,1,2023-06-17T16:13:30+00:00
SAO_7053-22,São Paulo,3550308,True,,1896,,,-23.6325105,-46.7723915,,,,1,2023-06-17T16:13:48+00:00
SAO_7053-22,São Paulo,3550308,True,,1896,,,-23.642704000000002,-46.786391249999994,,,,1,2023-06-17T16:13:35+00:00
SAO_5752-10,São Paulo,3550308,True,,34055,,,-23.649072750000002,-46.64640525,,,,2,2023-06-17T16:13:54+00:00
SAO_5752-10,São Paulo,3550308,True,,34055,,,-23.675475249999998,-46.6608835,,,,2,2023-06-17T16:14:04+00:00
SAO_5752-10,São Paulo,3550308,True,,34055,,,-23.690883999999997,-46.6502995,,,,2,2023-06-17T16:13:52+00:00
SAO_5752-10,São Paulo,3550308,True,,34055,,,-23.690854,-46.649566,,,,2,2023-06-17T16:13:21+00:00
SAO_677Y-10,São Paulo,3550308,True,,34008,,,-23.62285775,-46.707308999999995,,,,2,2023-06-17T16:13:45+00:00
SAO_677Y-10,São Paulo,3550308,True,,34008,,,-23.666964,-46.77318075,,,,2,2023-06-17T16:13:26+00:00
SAO_677Y-10,São Paulo,3550308,True,,34008,,,-23.683731,-46.789654999999996,,,,2,2023-06-17T16:13:43+00:00
SAO_677Y-10,São Paulo,3550308,True,,34008,,,-23.6946285,-46.7966585,,,,2,2023-06-17T16:13:38+00:00
SAO_677Y-10,São Paulo,3550308,True,,34008,,,-23.68357,-46.7894015,,,,2,2023-06-17T16:13:50+00:00
SAO_8605-10,São Paulo,3550308,True,,34685,,,-23.6316405,-46.772316,,,,2,2023-06-17T16:13:51+00:00
SAO_8605-10,São Paulo,3550308,True,,34685,,,-23.585249750000003,-46.699271499999995,,,,2,2023-06-17T16:14:03+00:00
SAO_8605-10,São Paulo,3550308,True,,34685,,,-23.631587000000003,-46.771556000000004,,,,2,2023-06-17T16:13:46+00:00
SAO_8605-10,São Paulo,3550308,True,,34685,,,-23.612340000000003,-46.754549,,,,2,2023-06-17T16:14:07+00:00
SAO_3008-10,São Paulo,3550308,True,,35283,,,-23.52351625,-46.39590125,,,,2,2023-06-17T16:13:44+00:00
SAO_3008-10,São Paulo,3550308,True,,35283,,,-23.5005345,-46.398664499999995,,,,2,2023-06-17T16:12:25+00:00
SAO_1016-10,São Paulo,3550308,True,EMTU,831,https://moovitapp.com/index/pt-br/transporte_p%C3%BAblico-line-831-Sao_Paulo-242-2038937-36419598-0,5.7,-23.4505645,-46.6075825,,,,1,2023-06-17T16:07:57+00:00
SAO_1016-10,São Paulo,3550308,True,EMTU,831,https://moovitapp.com/index/pt-br/transporte_p%C3%BAblico-line-831-Sao_Paulo-242-2038937-36419598-0,5.7,-23.446718,-46.611903,,,,1,2023-06-17T16:13:57+00:00
SAO_1016-10,São Paulo,3550308,True,EMTU,831,https://moovitapp.com/index/pt-br/transporte_p%C3%BAblico-line-831-Sao_Paulo-242-2038937-36419598-0,5.7,-23.467792000000003,-46.607018,,,,1,2023-06-17T16:13:42+00:00
SAO_1016-10,São Paulo,3550308,True,EMTU,831,https://moovitapp.com/index/pt-br/transporte_p%C3%BAblico-line-831-Sao_Paulo-242-2038937-36419598-0,5.7,-23.4924015,-46.611404,,,,1,2023-06-17T16:13:53+00:00
SAO_2730-10,São Paulo,3550308,True,,33713,,,-23.5243065,-46.47496075,,,,2,2023-06-17T16:13:40+00:00
SAO_2730-10,São Paulo,3550308,True,,33713,,,-23.510495499999998,-46.4462745,,,,2,2023-06-17T16:13:42+00:00
SAO_2730-10,São Paulo,3550308,True,,33713,,,-23.514512,-46.462617,,,,2,2023-06-17T16:13:41+00:00
SAO_2730-10,São Paulo,3550308,True,,33713,,,-23.510537499999998,-46.4468945,,,,2,2023-06-17T16:13:42+00:00
SAO_2730-10,São Paulo,3550308,True,,33713,,,-23.510449,-46.445596,,,,2,2023-06-17T16:13:53+00:00
SAO_2730-10,São Paulo,3550308,True,,33713,,,-23.510537499999998,-46.4468945,,,,2,2023-06-17T16:13:51+00:00
SAO_7903-10,São Paulo,3550308,True,,33280,,,-23.60026,-46.7842455,,,,2,2023-06-17T16:13:51+00:00
SAO_7903-10,São Paulo,3550308,True,,33280,,,-23.5550435,-46.662276500000004,,,,2,2023-06-17T16:13:50+00:00
SAO_7903-10,São Paulo,3550308,True,,33280,,,-23.5477705,-46.641587,,,,2,2023-06-17T16:13:33+00:00
SAO_7903-10,São Paulo,3550308,True,,33280,,,-23.5477705,-46.641587,,,,2,2023-06-17T16:13:33+00:00
SAO_7903-10,São Paulo,3550308,True,,33280,,,-23.583462750000002,-46.778765500000006,,,,2,2023-06-17T16:13:30+00:00
SAO_4005-10,São Paulo,3550308,True,,34947,,,-23.596607499999998,-46.39569325,,,,2,2023-06-17T16:13:50+00:00
SAO_4005-10,São Paulo,3550308,True,,34947,,,-23.58888925,-46.394664,,,,2,2023-06-17T16:13:56+00:00
SAO_6063-41,São Paulo,3550308,True,,34541,,,-23.787911,-46.680079,,,,2,2023-06-17T16:13:29+00:00
SAO_6063-41,São Paulo,3550308,True,,34541,,,-23.787911,-46.680079,,,,2,2023-06-17T16:13:39+00:00
SAO_6063-41,São Paulo,3550308,True,,34541,,,-23.7878735,-46.680537,,,,2,2023-06-17T16:13:57+00:00
SAO_6063-41,São Paulo,3550308,True,,34541,,,-23.766307,-46.7160825,,,,2,2023-06-17T16:13:49+00:00
SAO_6063-41,São Paulo,3550308,True,,34541,,,-23.787596999999998,-46.679432,,,,2,2023-06-17T16:13:34+00:00
SAO_407P-10,São Paulo,3550308,True,,34968,,,-23.5317785,-46.5225855,,,,2,2023-06-17T16:13:38+00:00
SAO_407P-10,São Paulo,3550308,True,,34968,,,-23.525832,-46.43288025,,,,2,2023-06-17T16:13:40+00:00
SAO_407P-10,São Paulo,3550308,True,,34968,,,-23.555493499999997,-46.4126505,,,,2,2023-06-17T16:13:42+00:00
SAO_407P-10,São Paulo,3550308,True,,34968,,,-23.583131,-46.4090595,,,,2,2023-06-17T16:13:47+00:00
SAO_407P-10,São Paulo,3550308,True,,34968,,,-23.541269,-46.5768465,,,,2,2023-06-17T16:13:19+00:00
SAO_407P-10,São Paulo,3550308,True,,34968,,,-23.541269,-46.5768465,,,,2,2023-06-17T16:13:48+00:00
SAO_407P-10,São Paulo,3550308,True,,34968,,,-23.541269,-46.5768465,,,,2,2023-06-17T16:13:34+00:00
SAO_407P-10,São Paulo,3550308,True,,34968,,,-23.583137,-46.4079365,,,,2,2023-06-17T16:13:22+00:00
SAO_407P-10,São Paulo,3550308,True,,34968,,,-23.541269,-46.5768465,,,,2,2023-06-17T16:14:02+00:00
SAO_9011-21,São Paulo,3550308,True,,34536,,,-23.445465,-46.729099000000005,,,,2,2023-06-17T16:13:34+00:00
SAO_3734-10,São Paulo,3550308,True,,33802,,,-23.549149,-46.483338,,,,2,2023-06-17T16:14:04+00:00
SAO_3734-10,São Paulo,3550308,True,,33802,,,-23.552827,-46.472971,,,,2,2023-06-17T16:13:56+00:00
SAO_3734-10,São Paulo,3550308,True,,33802,,,-23.552791499999998,-46.473403000000005,,,,2,2023-06-17T16:13:36+00:00
SAO_3734-10,São Paulo,3550308,True,,33802,,,-23.5570895,-46.471954499999995,,,,2,2023-06-17T16:13:57+00:00
SAO_3734-10,São Paulo,3550308,True,,33802,,,-23.552933,-46.4727225,,,,2,2023-06-17T16:13:39+00:00
SAO_4001-10,São Paulo,3550308,True,,2176,,,-23.5580635,-46.522337500000006,,,,1,2023-06-17T16:13:24+00:00
SAO_4001-10,São Paulo,3550308,True,,2176,,,-23.538644249999997,-46.4455165,,,,1,2023-06-17T16:13:29+00:00
SAO_5119-10,São Paulo,3550308,True,,1,,,-23.55238875,-46.63715675,,,,1,2023-06-17T16:13:30+00:00
SAO_5119-10,São Paulo,3550308,True,,1,,,-23.594258,-46.7061815,,,,1,2023-06-17T16:14:03+00:00
SAO_5119-10,São Paulo,3550308,True,,1,,,-23.6355385,-46.7369865,,,,1,2023-06-17T16:14:02+00:00
SAO_5119-10,São Paulo,3550308,True,,1,,,-23.583426000000003,-46.670066,,,,1,2023-06-17T16:14:03+00:00
SAO_5119-10,São Paulo,3550308,True,,1,,,-23.654442500000002,-46.7623235,,,,1,2023-06-17T16:13:51+00:00
SAO_8528-10,São Paulo,3550308,True,,33343,,,-23.5305655,-46.659712999999996,,,,2,2023-06-17T16:13:48+00:00
SAO_8528-10,São Paulo,3550308,True,,33343,,,-23.4621605,-46.7010785,,,,2,2023-06-17T16:13:38+00:00
SAO_8528-10,São Paulo,3550308,True,,33343,,,-23.504650499999997,-46.686648000000005,,,,2,2023-06-17T16:13:24+00:00
SAO_6451-10,São Paulo,3550308,True,,32829,,,-23.654408500000002,-46.762060999999996,,,,2,2023-06-17T16:13:46+00:00
SAO_6451-10,São Paulo,3550308,True,,32829,,,-23.58401475,-46.687271249999995,,,,2,2023-06-17T16:14:03+00:00
SAO_6451-10,São Paulo,3550308,True,,32829,,,-23.64505,-46.7459375,,,,2,2023-06-17T16:13:58+00:00
SAO_6451-10,São Paulo,3550308,True,,32829,,,-23.654408500000002,-46.762060999999996,,,,2,2023-06-17T16:13:29+00:00
SAO_6451-10,São Paulo,3550308,True,,32829,,,-23.549774749999997,-46.642553250000006,,,,2,2023-06-17T16:13:48+00:00
SAO_778J-41,São Paulo,3550308,True,,1486,,,-23.55070475,-46.67728725,,,,1,2023-06-17T16:13:24+00:00
SAO_778J-41,São Paulo,3550308,True,,1486,,,-23.585532999999998,-46.8056635,,,,1,2023-06-17T16:13:35+00:00
SAO_778J-41,São Paulo,3550308,True,,1486,,,-23.59180475,-46.7997535,,,,1,2023-06-17T16:13:50+00:00
SAO_2721-10,São Paulo,3550308,True,,934,,,-23.495123,-46.435414,,,,1,2023-06-17T16:13:28+00:00
SAO_2721-10,São Paulo,3550308,True,,934,,,-23.496972999999997,-46.44163775,,,,1,2023-06-17T16:13:36+00:00
SAO_2721-10,São Paulo,3550308,True,,934,,,-23.520301,-46.4005855,,,,1,2023-06-17T16:13:31+00:00
SAO_2721-10,São Paulo,3550308,True,,934,,,-23.54223,-46.4724785,,,,1,2023-06-17T16:13:44+00:00
SAO_2721-10,São Paulo,3550308,True,,934,,,-23.5329215,-46.4539365,,,,1,2023-06-17T16:13:27+00:00
SAO_2721-10,São Paulo,3550308,True,,934,,,-23.505433,-46.411343,,,,1,2023-06-17T16:13:54+00:00
SAO_6037-10,São Paulo,3550308,True,,33983,,,-23.64887075,-46.78563725,,,,2,2023-06-17T16:13:52+00:00
SAO_6037-10,São Paulo,3550308,True,,33983,,,-23.650639499999997,-46.782415,,,,2,2023-06-17T16:14:00+00:00
SAO_6037-10,São Paulo,3550308,True,,33983,,,-23.64835625,-46.78649075,,,,2,2023-06-17T16:13:56+00:00
SAO_6037-10,São Paulo,3550308,True,,33983,,,-23.63941225,-46.72009775,,,,2,2023-06-17T16:14:00+00:00
SAO_6037-10,São Paulo,3550308,True,,33983,,,-23.648520750000003,-46.78621425,,,,2,2023-06-17T16:13:45+00:00
SAO_6037-10,São Paulo,3550308,True,,33983,,,-23.64887075,-46.78563725,,,,2,2023-06-17T16:13:24+00:00
SAO_6037-10,São Paulo,3550308,True,,33983,,,-23.64887075,-46.78563725,,,,2,2023-06-17T16:13:55+00:00
SAO_6010-10,São Paulo,3550308,True,,1202,,,-23.669177,-46.741378,,,,1,2023-06-17T16:13:33+00:00
SAO_6010-10,São Paulo,3550308,True,,1202,,,-23.676274499999998,-46.790270500000005,,,,1,2023-06-17T16:13:26+00:00
SAO_6010-10,São Paulo,3550308,True,,1202,,,-23.6622405,-46.749418,,,,1,2023-06-17T16:13:43+00:00
SAO_6010-10,São Paulo,3550308,True,,1202,,,-23.6629365,-46.76280075,,,,1,2023-06-17T16:13:39+00:00
SAO_1758-10,São Paulo,3550308,True,,33320,,,-23.454469,-46.6620805,,,,2,2023-06-17T16:13:57+00:00
SAO_1758-10,São Paulo,3550308,True,,33320,,,-23.459014,-46.648468,,,,2,2023-06-17T16:13:35+00:00
SAO_1758-10,São Paulo,3550308,True,,33320,,,-23.499046,-46.6248055,,,,2,2023-06-17T16:13:46+00:00
SAO_1758-10,São Paulo,3550308,True,,33320,,,-23.454469,-46.6620805,,,,2,2023-06-17T16:13:55+00:00
SAO_311C-10,São Paulo,3550308,True,,33077,,,-23.594777,-46.5478045,,,,2,2023-06-17T16:13:36+00:00
SAO_311C-10,São Paulo,3550308,True,,33077,,,-23.594777,-46.5478045,,,,2,2023-06-17T16:13:27+00:00
SAO_311C-10,São Paulo,3550308,True,,33077,,,-23.538811,-46.608152000000004,,,,2,2023-06-17T16:13:52+00:00
SAO_311C-10,São Paulo,3550308,True,,33077,,,-23.535606,-46.626139,,,,2,2023-06-17T16:13:52+00:00
SAO_1896-10,São Paulo,3550308,True,,35288,,,-23.4961375,-46.7288515,,,,2,2023-06-17T16:13:46+00:00
SAO_1896-10,São Paulo,3550308,True,,35288,,,-23.446508,-46.749205,,,,2,2023-06-17T16:13:37+00:00
SAO_6017-10,São Paulo,3550308,True,,33974,,,-23.6971455,-46.7609475,,,,2,2023-06-17T16:13:48+00:00
SAO_6017-10,São Paulo,3550308,True,,33974,,,-23.6675375,-46.730432,,,,2,2023-06-17T16:14:08+00:00
SAO_6017-10,São Paulo,3550308,True,,33974,,,-23.6755615,-46.75482325,,,,2,2023-06-17T16:13:56+00:00
SAO_6017-10,São Paulo,3550308,True,,33974,,,-23.696951,-46.761001,,,,2,2023-06-17T16:13:51+00:00
SAO_971T-10,São Paulo,3550308,True,,618,,,-23.488135,-46.6471175,,,,1,2023-06-17T16:13:39+00:00
SAO_971T-10,São Paulo,3550308,True,,618,,,-23.502011500000002,-46.625002499999994,,,,1,2023-06-17T16:13:26+00:00
SAO_971T-10,São Paulo,3550308,True,,618,,,-23.493399,-46.6757375,,,,1,2023-06-17T16:13:49+00:00
SAO_971T-10,São Paulo,3550308,True,,618,,,-23.492844,-46.672395,,,,1,2023-06-17T16:13:53+00:00
SAO_9020-10,São Paulo,3550308,True,,34202,,,-23.472040749999998,-46.716882,,,,2,2023-06-17T16:13:30+00:00
SAO_9020-10,São Paulo,3550308,True,,34202,,,-23.468928499999997,-46.7213345,,,,2,2023-06-17T16:13:53+00:00
SAO_8199-10,São Paulo,3550308,True,EMTU,807,https://moovitapp.com/index/pt-br/transporte_p%C3%BAblico-line-807-Sao_Paulo-242-2038937-36419583-0,7.8,-23.47161925,-46.75063325,,,,1,2023-06-17T16:13:27+00:00
SAO_8199-10,São Paulo,3550308,True,EMTU,807,https://moovitapp.com/index/pt-br/transporte_p%C3%BAblico-line-807-Sao_Paulo-242-2038937-36419583-0,7.8,-23.49896,-46.698201499999996,,,,1,2023-06-17T16:13:25+00:00
SAO_8199-10,São Paulo,3550308,True,EMTU,807,https://moovitapp.com/index/pt-br/transporte_p%C3%BAblico-line-807-Sao_Paulo-242-2038937-36419583-0,7.8,-23.4860235,-46.739406,,,,1,2023-06-17T16:13:33+00:00
SAO_8199-10,São Paulo,3550308,True,EMTU,807,https://moovitapp.com/index/pt-br/transporte_p%C3%BAblico-line-807-Sao_Paulo-242-2038937-36419583-0,7.8,-23.494035,-46.714658,,,,1,2023-06-17T16:13:46+00:00
SAO_8199-10,São Paulo,3550308,True,EMTU,807,https://moovitapp.com/index/pt-br/transporte_p%C3%BAblico-line-807-Sao_Paulo-242-2038937-36419583-0,7.8,-23.469164499999998,-46.751718,,,,1,2023-06-17T16:13:51+00:00
SAO_8199-10,São Paulo,3550308,True,EMTU,807,https://moovitapp.com/index/pt-br/transporte_p%C3%BAblico-line-807-Sao_Paulo-242-2038937-36419583-0,7.8,-23.4983185,-46.698107,,,,1,2023-06-17T16:13:50+00:00
SAO_8199-10,São Paulo,3550308,True,EMTU,807,https://moovitapp.com/index/pt-br/transporte_p%C3%BAblico-line-807-Sao_Paulo-242-2038937-36419583-0,7.8,-23.476384000000003,-46.667850375,,,,1,2023-06-17T16:13:39+00:00
SAO_517J-10,São Paulo,3550308,True,,1129,,,-23.6254245,-46.692361000000005,,,,1,2023-06-17T16:13:54+00:00
SAO_517J-10,São Paulo,3550308,True,,1129,,,-23.687173,-46.6559285,,,,1,2023-06-17T16:10:47+00:00
SAO_517J-10,São Paulo,3550308,True,,1129,,,-23.613653999999997,-46.695603,,,,1,2023-06-17T16:13:28+00:00
SAO_517J-10,São Paulo,3550308,True,,1129,,,-23.667644,-46.673683499999996,,,,1,2023-06-17T16:13:26+00:00
SAO_517J-10,São Paulo,3550308,True,,1129,,,-23.690821999999997,-46.655268,,,,1,2023-06-17T16:13:42+00:00
SAO_517J-10,São Paulo,3550308,True,,1129,,,-23.690821999999997,-46.655268,,,,1,2023-06-17T16:13:29+00:00
SAO_517J-10,São Paulo,3550308,True,,1129,,,-23.6774235,-46.65841775,,,,1,2023-06-17T16:13:29+00:00
SAO_4210-10,São Paulo,3550308,True,,34938,,,-23.583263,-46.407486,,,,2,2023-06-17T16:14:03+00:00
SAO_4210-10,São Paulo,3550308,True,,34938,,,-23.5469065,-46.623822125000004,,,,2,2023-06-17T16:13:58+00:00
SAO_4210-10,São Paulo,3550308,True,,34938,,,-23.58308,-46.408871000000005,,,,2,2023-06-17T16:13:27+00:00
SAO_4210-10,São Paulo,3550308,True,,34938,,,-23.5340685,-46.56680475,,,,2,2023-06-17T16:14:04+00:00
SAO_4210-10,São Paulo,3550308,True,,34938,,,-23.5830695,-46.408172,,,,2,2023-06-17T16:13:46+00:00
SAO_4210-10,São Paulo,3550308,True,,34938,,,-23.587125,-46.486276000000004,,,,2,2023-06-17T16:13:25+00:00
SAO_4210-10,São Paulo,3550308,True,,34938,,,-23.53838775,-46.557846874999996,,,,2,2023-06-17T16:13:25+00:00
SAO_4210-10,São Paulo,3550308,True,,34938,,,-23.547062,-46.630193000000006,,,,2,2023-06-17T16:14:06+00:00
SAO_4210-10,São Paulo,3550308,True,,34938,,,-23.561965,-46.5110705,,,,2,2023-06-17T16:13:52+00:00
SAO_7004-10,São Paulo,3550308,True,,34760,,,-23.7312905,-46.7859135,,,,2,2023-06-17T16:13:45+00:00
SAO_7004-10,São Paulo,3550308,True,,34760,,,-23.742814499999998,-46.80108325,,,,2,2023-06-17T16:13:26+00:00
SAO_7004-10,São Paulo,3550308,True,,34760,,,-23.7431825,-46.80108,,,,2,2023-06-17T16:14:03+00:00
SAO_7004-10,São Paulo,3550308,True,,34760,,,-23.7305335,-46.7858295,,,,2,2023-06-17T16:14:02+00:00
SAO_7004-10,São Paulo,3550308,True,,34760,,,-23.7317975,-46.7861475,,,,2,2023-06-17T16:13:48+00:00
SAO_7004-10,São Paulo,3550308,True,,34760,,,-23.7317975,-46.7861475,,,,2,2023-06-17T16:13:39+00:00
SAO_7004-10,São Paulo,3550308,True,,34760,,,-23.685343250000003,-46.7438605,,,,2,2023-06-17T16:14:01+00:00
SAO_7004-10,São Paulo,3550308,True,,34760,,,-23.663169,-46.726586999999995,,,,2,2023-06-17T16:13:59+00:00
SAO_7004-10,São Paulo,3550308,True,,34760,,,-23.683931,-46.7586845,,,,2,2023-06-17T16:11:13+00:00
SAO_7004-10,São Paulo,3550308,True,,34760,,,-23.7317975,-46.7861475,,,,2,2023-06-17T16:13:52+00:00
SAO_7004-10,São Paulo,3550308,True,,34760,,,-23.741885,-46.8007335,,,,2,2023-06-17T16:13:42+00:00
SAO_233A-10,São Paulo,3550308,True,EMTU,249,https://moovitapp.com/index/pt-br/transporte_p%C3%BAblico-line-249-Sao_Paulo-242-2038937-58093193-0,5.4,-23.525421,-46.445522499999996,,,,1,2023-06-17T16:13:45+00:00
SAO_233A-10,São Paulo,3550308,True,EMTU,249,https://moovitapp.com/index/pt-br/transporte_p%C3%BAblico-line-249-Sao_Paulo-242-2038937-58093193-0,5.4,-23.550252999999998,-46.510763,,,,1,2023-06-17T16:11:40+00:00
SAO_514T-10,São Paulo,3550308,True,,1671,,,-23.58377325,-46.57549725,,,,1,2023-06-17T16:14:00+00:00
SAO_514T-10,São Paulo,3550308,True,,1671,,,-23.593101500000003,-46.498408749999996,,,,1,2023-06-17T16:14:07+00:00
SAO_514T-10,São Paulo,3550308,True,,1671,,,-23.5952485,-46.5183105,,,,1,2023-06-17T16:13:28+00:00
SAO_514T-10,São Paulo,3550308,True,,1671,,,-23.593101500000003,-46.498408749999996,,,,1,2023-06-17T16:13:47+00:00
SAO_514T-10,São Paulo,3550308,True,,1671,,,-23.579953000000003,-46.6072845,,,,1,2023-06-17T16:13:56+00:00
SAO_514T-10,São Paulo,3550308,True,,1671,,,-23.5807845,-46.55884325,,,,1,2023-06-17T16:13:27+00:00
SAO_514T-10,São Paulo,3550308,True,,1671,,,-23.600106000000004,-46.60451499999999,,,,1,2023-06-17T16:13:52+00:00
SAO_514T-10,São Paulo,3550308,True,,1671,,,-23.592294000000003,-46.5292885,,,,1,2023-06-17T16:13:44+00:00
SAO_6970-10,São Paulo,3550308,True,,34273,,,-23.683953,-46.71453,,,,2,2023-06-17T16:13:44+00:00
SAO_6970-10,São Paulo,3550308,True,,34273,,,-23.728532,-46.699191,,,,2,2023-06-17T16:14:04+00:00
SAO_6970-10,São Paulo,3550308,True,,34273,,,-23.658436000000002,-46.706519,,,,2,2023-06-17T16:14:01+00:00
SAO_746C-10,São Paulo,3550308,True,,33551,,,-23.608888999999998,-46.750856,,,,2,2023-06-17T16:13:28+00:00
SAO_746C-10,São Paulo,3550308,True,,33551,,,-23.6118265,-46.74371525,,,,2,2023-06-17T16:13:49+00:00
SAO_746C-10,São Paulo,3550308,True,,33551,,,-23.641782874999997,-46.713958875,,,,2,2023-06-17T16:14:02+00:00
SAO_746C-10,São Paulo,3550308,True,,33551,,,-23.650399,-46.7076415,,,,2,2023-06-17T16:13:59+00:00
SAO_746C-10,São Paulo,3550308,True,,33551,,,-23.608888999999998,-46.750856,,,,2,2023-06-17T16:13:53+00:00
SAO_746C-10,São Paulo,3550308,True,,33551,,,-23.63488975,-46.7370035,,,,2,2023-06-17T16:13:21+00:00
SAO_746C-10,São Paulo,3550308,True,,33551,,,-23.6225375,-46.7388185,,,,2,2023-06-17T16:13:49+00:00
SAO_746C-10,São Paulo,3550308,True,,33551,,,-23.608864,-46.7509105,,,,2,2023-06-17T16:13:46+00:00
SAO_199D-10,São Paulo,3550308,True,,34903,,,-23.4860915,-46.7106525,,,,2,2023-06-17T16:13:56+00:00
SAO_199D-10,São Paulo,3550308,True,,34903,,,-23.55857125,-46.679182374999996,,,,2,2023-06-17T16:13:22+00:00
SAO_199D-10,São Paulo,3550308,True,,34903,,,-23.486155500000002,-46.710619,,,,2,2023-06-17T16:13:31+00:00
SAO_199D-10,São Paulo,3550308,True,,34903,,,-23.529847375000003,-46.697957125,,,,2,2023-06-17T16:13:44+00:00
SAO_199D-10,São Paulo,3550308,True,,34903,,,-23.4863165,-46.710657499999996,,,,2,2023-06-17T16:13:49+00:00
SAO_8028-10,São Paulo,3550308,True,,35300,,,-23.622413,-46.727976,,,,2,2023-06-17T16:14:05+00:00
SAO_8028-10,São Paulo,3550308,True,,35300,,,-23.616713500000003,-46.705724000000004,,,,2,2023-06-17T16:13:41+00:00
SAO_8028-10,São Paulo,3550308,True,,35300,,,-23.6222185,-46.7278965,,,,2,2023-06-17T16:13:45+00:00
SAO_8028-10,São Paulo,3550308,True,,35300,,,-23.585691,-46.724018,,,,2,2023-06-17T16:13:31+00:00
SAO_8028-10,São Paulo,3550308,True,,35300,,,-23.6220775,-46.7278395,,,,2,2023-06-17T16:13:34+00:00
SAO_342M-10,São Paulo,3550308,True,,33515,,,-23.60364525,-46.4816365,,,,2,2023-06-17T16:13:24+00:00
SAO_342M-10,São Paulo,3550308,True,,33515,,,-23.518709,-46.546899499999995,,,,2,2023-06-17T16:13:53+00:00
SAO_342M-10,São Paulo,3550308,True,,33515,,,-23.613857,-46.476304,,,,2,2023-06-17T16:14:03+00:00
SAO_342M-10,São Paulo,3550308,True,,33515,,,-23.518709,-46.546899499999995,,,,2,2023-06-17T16:13:56+00:00
SAO_342M-10,São Paulo,3550308,True,,33515,,,-23.5314755,-46.5591195,,,,2,2023-06-17T16:14:07+00:00
SAO_342M-10,São Paulo,3550308,True,,33515,,,-23.60686225,-46.478975250000005,,,,2,2023-06-17T16:14:04+00:00
SAO_342M-10,São Paulo,3550308,True,,33515,,,-23.584042,-46.4926035,,,,2,2023-06-17T16:13:54+00:00
SAO_342M-10,São Paulo,3550308,True,,33515,,,-23.5415875,-46.549929,,,,2,2023-06-17T16:13:50+00:00
SAO_342M-10,São Paulo,3550308,True,,33515,,,-23.5838655,-46.4935355,,,,2,2023-06-17T16:14:02+00:00
SAO_342M-10,São Paulo,3550308,True,,33515,,,-23.5504945,-46.533274500000005,,,,2,2023-06-17T16:13:51+00:00
SAO_342M-10,São Paulo,3550308,True,,33515,,,-23.5301775,-46.55544449999999,,,,2,2023-06-17T16:13:48+00:00
SAO_342M-10,São Paulo,3550308,True,,33515,,,-23.570831,-46.506951875,,,,2,2023-06-17T16:07:44+00:00
SAO_342M-10,São Paulo,3550308,True,,33515,,,-23.518709,-46.546899499999995,,,,2,2023-06-17T16:13:46+00:00
SAO_342M-10,São Paulo,3550308,True,,33515,,,-23.603975,-46.4813555,,,,2,2023-06-17T16:13:51+00:00
SAO_8610-10,São Paulo,3550308,True,,34831,,,-23.6032175,-46.780919,,,,2,2023-06-17T16:13:34+00:00
SAO_8610-10,São Paulo,3550308,True,,34831,,,-23.573234875,-46.666225875,,,,2,2023-06-17T16:14:03+00:00
SAO_8610-10,São Paulo,3550308,True,,34831,,,-23.586304,-46.748797999999994,,,,2,2023-06-17T16:13:37+00:00
SAO_6099-10,São Paulo,3550308,True,,34355,,,-23.811533750000002,-46.73621675,,,,2,2023-06-17T16:13:52+00:00
SAO_6099-10,São Paulo,3550308,True,,34355,,,-23.736596499999997,-46.6971045,,,,2,2023-06-17T16:14:00+00:00
SAO_6099-10,São Paulo,3550308,True,,34355,,,-23.765424,-46.7168155,,,,2,2023-06-17T16:13:42+00:00
SAO_4314-10,São Paulo,3550308,True,,2174,,,-23.542487,-46.583454,,,,1,2023-06-17T16:12:47+00:00
SAO_4314-10,São Paulo,3550308,True,,2174,,,-23.5491905,-46.6049595,,,,1,2023-06-17T16:13:57+00:00
SAO_4314-10,São Paulo,3550308,True,,2174,,,-23.557115500000002,-46.422688125,,,,1,2023-06-17T16:11:10+00:00
SAO_4314-10,São Paulo,3550308,True,,2174,,,-23.552892999999997,-46.4368755,,,,1,2023-06-17T16:10:07+00:00
SAO_3161-10,São Paulo,3550308,True,,33852,,,-23.573069,-46.5813145,,,,2,2023-06-17T16:14:03+00:00
SAO_3161-10,São Paulo,3550308,True,,33852,,,-23.583499250000003,-46.5254795,,,,2,2023-06-17T16:13:43+00:00
SAO_3161-10,São Paulo,3550308,True,,33852,,,-23.553189,-46.613107,,,,2,2023-06-17T16:13:24+00:00
SAO_6035-10,São Paulo,3550308,True,,33981,,,-23.6657155,-46.712301499999995,,,,2,2023-06-17T16:13:56+00:00
SAO_6035-10,São Paulo,3550308,True,,33981,,,-23.6453730625,-46.70219924999999,,,,2,2023-06-17T16:14:01+00:00
SAO_6035-10,São Paulo,3550308,True,,33981,,,-23.675371,-46.75579225,,,,2,2023-06-17T16:13:56+00:00
SAO_6035-10,São Paulo,3550308,True,,33981,,,-23.7203095,-46.7557755,,,,2,2023-06-17T16:14:06+00:00
SAO_6035-10,São Paulo,3550308,True,,33981,,,-23.714239499999998,-46.7770455,,,,2,2023-06-17T16:13:44+00:00
SAO_1757-10,São Paulo,3550308,True,,33316,,,-23.4788195,-46.632714,,,,2,2023-06-17T16:13:39+00:00
SAO_1757-10,São Paulo,3550308,True,,33316,,,-23.4668555,-46.6397955,,,,2,2023-06-17T16:13:23+00:00
SAO_1757-10,São Paulo,3550308,True,,33316,,,-23.497677,-46.627808,,,,2,2023-06-17T16:13:28+00:00
SAO_677Y-10,São Paulo,3550308,True,,1240,,,-23.643682,-46.7423945,,,,1,2023-06-17T16:13:56+00:00
SAO_677Y-10,São Paulo,3550308,True,,1240,,,-23.6836685,-46.7890555,,,,1,2023-06-17T16:13:38+00:00
SAO_677Y-10,São Paulo,3550308,True,,1240,,,-23.68599675,-46.8012415,,,,1,2023-06-17T16:13:31+00:00
SAO_677Y-10,São Paulo,3550308,True,,1240,,,-23.658478000000002,-46.765071,,,,1,2023-06-17T16:14:05+00:00
SAO_3736-10,São Paulo,3550308,True,,33804,,,-23.5758665,-46.4834185,,,,2,2023-06-17T16:13:32+00:00
SAO_3736-10,São Paulo,3550308,True,,33804,,,-23.5761605,-46.48341425,,,,2,2023-06-17T16:13:24+00:00
SAO_3736-10,São Paulo,3550308,True,,33804,,,-23.5693245,-46.47815,,,,2,2023-06-17T16:13:55+00:00
SAO_3736-10,São Paulo,3550308,True,,33804,,,-23.5504155,-46.481447,,,,2,2023-06-17T16:13:30+00:00
SAO_3736-10,São Paulo,3550308,True,,33804,,,-23.5761605,-46.48341425,,,,2,2023-06-17T16:13:36+00:00
SAO_2626-10,São Paulo,3550308,True,,33144,,,-23.523301,-46.4105365,,,,2,2023-06-17T16:13:57+00:00
SAO_2626-10,São Paulo,3550308,True,,33144,,,-23.5338145,-46.566121,,,,2,2023-06-17T16:13:49+00:00
SAO_2626-10,São Paulo,3550308,True,,33144,,,-23.52324325,-46.54482,,,,2,2023-06-17T16:11:05+00:00
SAO_2626-10,São Paulo,3550308,True,,33144,,,-23.523301,-46.4105365,,,,2,2023-06-17T16:13:25+00:00
SAO_2626-10,São Paulo,3550308,True,,33144,,,-23.522739,-46.41046625,,,,2,2023-06-17T16:13:41+00:00
SAO_6038-10,São Paulo,3550308,True,,33984,,,-23.6582735,-46.7893885,,,,2,2023-06-17T16:13:46+00:00
SAO_6038-10,São Paulo,3550308,True,,33984,,,-23.6582735,-46.7893885,,,,2,2023-06-17T16:13:34+00:00
SAO_6038-10,São Paulo,3550308,True,,33984,,,-23.66133225,-46.791074375,,,,2,2023-06-17T16:14:00+00:00
SAO_6038-10,São Paulo,3550308,True,,33984,,,-23.665846000000002,-46.788559,,,,2,2023-06-17T16:13:42+00:00
SAO_6038-10,São Paulo,3550308,True,,33984,,,-23.6438595,-46.731730999999996,,,,2,2023-06-17T16:13:55+00:00
SAO_6038-10,São Paulo,3550308,True,,33984,,,-23.658400999999998,-46.78931475,,,,2,2023-06-17T16:13:51+00:00
SAO_1741-10,São Paulo,3550308,True,,33307,,,-23.4647525,-46.6632075,,,,2,2023-06-17T16:13:44+00:00
SAO_1741-10,São Paulo,3550308,True,,33307,,,-23.494397,-46.631893500000004,,,,2,2023-06-17T16:13:27+00:00
SAO_7011-10,São Paulo,3550308,True,,1952,,,-23.683084,-46.7686295,,,,1,2023-06-17T16:13:46+00:00
SAO_7011-10,São Paulo,3550308,True,,1952,,,-23.702106,-46.791202,,,,1,2023-06-17T16:13:34+00:00
SAO_2018-10,São Paulo,3550308,True,,904,,,-23.491375499999997,-46.443605500000004,,,,1,2023-06-17T16:11:27+00:00
SAO_2018-10,São Paulo,3550308,True,,904,,,-23.500392374999997,-46.420705125,,,,1,2023-06-17T16:13:51+00:00
SAO_2018-10,São Paulo,3550308,True,,904,,,-23.5098955,-46.408569,,,,1,2023-06-17T16:14:03+00:00
SAO_4086-10,São Paulo,3550308,True,,35018,,,-23.582958499999997,-46.408029,,,,2,2023-06-17T16:13:44+00:00
SAO_4310-10,São Paulo,3550308,True,,34928,,,-23.552935249999997,-46.616192999999996,,,,2,2023-06-17T16:14:00+00:00
SAO_4310-10,São Paulo,3550308,True,,34928,,,-23.533886250000002,-46.54195325,,,,2,2023-06-17T16:14:06+00:00
SAO_4310-10,São Paulo,3550308,True,,34928,,,-23.534565999999998,-46.4530625,,,,2,2023-06-17T16:13:36+00:00
SAO_4310-10,São Paulo,3550308,True,,34928,,,-23.534565999999998,-46.4530625,,,,2,2023-06-17T16:14:00+00:00
SAO_4310-10,São Paulo,3550308,True,,34928,,,-23.534565999999998,-46.4530625,,,,2,2023-06-17T16:13:36+00:00
SAO_4310-10,São Paulo,3550308,True,,34928,,,-23.530545875,-46.5186255,,,,2,2023-06-17T16:13:36+00:00
SAO_4310-10,São Paulo,3550308,True,,34928,,,-23.534565999999998,-46.4530625,,,,2,2023-06-17T16:13:43+00:00
SAO_4310-10,São Paulo,3550308,True,,34928,,,-23.534565999999998,-46.4530625,,,,2,2023-06-17T16:13:41+00:00
SAO_4310-10,São Paulo,3550308,True,,34928,,,-23.538682,-46.565627500000005,,,,2,2023-06-17T16:13:51+00:00
SAO_4310-10,São Paulo,3550308,True,,34928,,,-23.530721,-46.502793499999996,,,,2,2023-06-17T16:11:08+00:00
SAO_4310-10,São Paulo,3550308,True,,34928,,,-23.534565999999998,-46.4530625,,,,2,2023-06-17T16:13:42+00:00
SAO_3901-10,São Paulo,3550308,True,,34237,,,-23.521750750000002,-46.527384999999995,,,,2,2023-06-17T16:14:06+00:00
SAO_3901-10,São Paulo,3550308,True,,34237,,,-23.4987395,-46.50209475,,,,2,2023-06-17T16:13:50+00:00
SAO_274P-10,São Paulo,3550308,True,Grupo Vida,232,https://moovitapp.com/index/pt-br/transporte_p%C3%BAblico-line-232-Sao_Paulo-242-887112-748347-0,5.3,-23.53860475,-46.60404375,,,,1,2023-06-17T16:13:41+00:00
SAO_6037-10,São Paulo,3550308,True,,1215,,,-23.649607000000003,-46.707680499999995,,,,1,2023-06-17T16:13:46+00:00
SAO_6037-10,São Paulo,3550308,True,,1215,,,-23.6433645,-46.742222999999996,,,,1,2023-06-17T16:13:34+00:00
SAO_6037-10,São Paulo,3550308,True,,1215,,,-23.6493575,-46.7848365,,,,1,2023-06-17T16:13:24+00:00
SAO_6037-10,São Paulo,3550308,True,,1215,,,-23.6591795,-46.77471250000001,,,,1,2023-06-17T16:14:06+00:00
SAO_3008-10,São Paulo,3550308,True,,2515,,,-23.494181,-46.400715500000004,,,,1,2023-06-17T16:13:54+00:00
SAO_3008-10,São Paulo,3550308,True,,2515,,,-23.5240525,-46.396012,,,,1,2023-06-17T16:13:41+00:00
SAO_3008-10,São Paulo,3550308,True,,2515,,,-23.5240525,-46.396012,,,,1,2023-06-17T16:13:39+00:00
SAO_3008-10,São Paulo,3550308,True,,2515,,,-23.518062,-46.395802,,,,1,2023-06-17T16:13:08+00:00
SAO_3686-10,São Paulo,3550308,True,EMTU,166,https://moovitapp.com/index/pt-br/transporte_p%C3%BAblico-line-166-Sao_Paulo-242-2038937-36419307-0,7.8,-23.53091275,-46.504336,,,,1,2023-06-17T16:13:58+00:00
SAO_3686-10,São Paulo,3550308,True,EMTU,166,https://moovitapp.com/index/pt-br/transporte_p%C3%BAblico-line-166-Sao_Paulo-242-2038937-36419307-0,7.8,-23.5473415,-46.629296499999995,,,,1,2023-06-17T16:13:56+00:00
SAO_3686-10,São Paulo,3550308,True,EMTU,166,https://moovitapp.com/index/pt-br/transporte_p%C3%BAblico-line-166-Sao_Paulo-242-2038937-36419307-0,7.8,-23.535514499999998,-46.428148500000006,,,,1,2023-06-17T16:13:46+00:00
SAO_3686-10,São Paulo,3550308,True,EMTU,166,https://moovitapp.com/index/pt-br/transporte_p%C3%BAblico-line-166-Sao_Paulo-242-2038937-36419307-0,7.8,-23.559966,-46.404123,,,,1,2023-06-17T16:14:04+00:00
SAO_3686-10,São Paulo,3550308,True,EMTU,166,https://moovitapp.com/index/pt-br/transporte_p%C3%BAblico-line-166-Sao_Paulo-242-2038937-36419307-0,7.8,-23.5404725,-46.5751875,,,,1,2023-06-17T16:14:07+00:00
SAO_3686-10,São Paulo,3550308,True,EMTU,166,https://moovitapp.com/index/pt-br/transporte_p%C3%BAblico-line-166-Sao_Paulo-242-2038937-36419307-0,7.8,-23.552018000000004,-46.621163375,,,,1,2023-06-17T16:13:16+00:00
SAO_7051-10,São Paulo,3550308,True,,34653,,,-23.65463675,-46.78451475,,,,2,2023-06-17T16:13:36+00:00
SAO_7051-10,São Paulo,3550308,True,,34653,,,-23.654968500000003,-46.784118,,,,2,2023-06-17T16:13:23+00:00
SAO_3766-51,São Paulo,3550308,True,,2575,,,-23.5385695,-46.438833,,,,1,2023-06-17T16:14:04+00:00
SAO_3766-51,São Paulo,3550308,True,,2575,,,-23.53482375,-46.452111,,,,1,2023-06-17T16:13:34+00:00
SAO_3766-51,São Paulo,3550308,True,,2575,,,-23.552046,-46.4277055,,,,1,2023-06-17T16:14:03+00:00
SAO_3766-51,São Paulo,3550308,True,,2575,,,-23.54940475,-46.4286065,,,,1,2023-06-17T16:13:34+00:00
SAO_695X-10,São Paulo,3550308,True,,34209,,,-23.766890250000003,-46.7169705,,,,2,2023-06-17T16:13:53+00:00
SAO_695X-10,São Paulo,3550308,True,,34209,,,-23.6714015,-46.67781975,,,,2,2023-06-17T16:13:49+00:00
SAO_695X-10,São Paulo,3550308,True,,34209,,,-23.706274999999998,-46.70078,,,,2,2023-06-17T16:13:41+00:00
SAO_695X-10,São Paulo,3550308,True,,34209,,,-23.647087499999998,-46.63931,,,,2,2023-06-17T16:12:45+00:00
SAO_695X-10,São Paulo,3550308,True,,34209,,,-23.6430055,-46.656865499999995,,,,2,2023-06-17T16:13:32+00:00
SAO_695X-10,São Paulo,3550308,True,,34209,,,-23.73891,-46.701184999999995,,,,2,2023-06-17T16:14:06+00:00
SAO_695X-10,São Paulo,3550308,True,,34209,,,-23.767454999999998,-46.716910999999996,,,,2,2023-06-17T16:13:45+00:00
SAO_695X-10,São Paulo,3550308,True,,34209,,,-23.658493749999998,-46.679638499999996,,,,2,2023-06-17T16:13:49+00:00
SAO_695X-10,São Paulo,3550308,True,,34209,,,-23.6667985,-46.677833500000006,,,,2,2023-06-17T16:13:33+00:00
SAO_695X-10,São Paulo,3550308,True,,34209,,,-23.6462925,-46.6451105,,,,2,2023-06-17T16:13:34+00:00
SAO_695X-10,São Paulo,3550308,True,,34209,,,-23.647087499999998,-46.63931,,,,2,2023-06-17T15:59:14+00:00
SAO_695X-10,São Paulo,3550308,True,,34209,,,-23.7056105,-46.7017865,,,,2,2023-06-17T16:13:47+00:00
SAO_5108-10,São Paulo,3550308,True,,1675,,,-23.562807,-46.62085925,,,,1,2023-06-17T16:13:59+00:00
SAO_5108-10,São Paulo,3550308,True,,1675,,,-23.662393375,-46.618782874999994,,,,1,2023-06-17T16:13:37+00:00
SAO_5108-10,São Paulo,3550308,True,,1675,,,-23.630297249999998,-46.6180205,,,,1,2023-06-17T16:13:33+00:00
SAO_3722-10,São Paulo,3550308,True,,33788,,,-23.546276,-46.435839,,,,2,2023-06-17T16:13:30+00:00
SAO_3722-10,São Paulo,3550308,True,,33788,,,-23.550385,-46.510815,,,,2,2023-06-17T16:14:06+00:00
SAO_179X-10,São Paulo,3550308,True,,33448,,,-23.432215,-46.571414000000004,,,,2,2023-06-17T16:13:25+00:00
SAO_179X-10,São Paulo,3550308,True,,33448,,,-23.432215,-46.571414000000004,,,,2,2023-06-17T16:13:29+00:00
SAO_179X-10,São Paulo,3550308,True,,33448,,,-23.4751065,-46.592967,,,,2,2023-06-17T16:13:56+00:00
SAO_179X-10,São Paulo,3550308,True,,33448,,,-23.432761749999997,-46.57149675,,,,2,2023-06-17T16:13:27+00:00
SAO_179X-10,São Paulo,3550308,True,,33448,,,-23.529371500000003,-46.636503000000005,,,,2,2023-06-17T16:13:49+00:00
SAO_179X-10,São Paulo,3550308,True,,33448,,,-23.5264125,-46.667292,,,,2,2023-06-17T16:13:33+00:00
SAO_179X-10,São Paulo,3550308,True,,33448,,,-23.5275045,-46.6628265,,,,2,2023-06-17T16:13:49+00:00
SAO_179X-10,São Paulo,3550308,True,,33448,,,-23.440253,-46.5875695,,,,2,2023-06-17T16:13:47+00:00
SAO_179X-10,São Paulo,3550308,True,,33448,,,-23.50798675,-46.624788499999994,,,,2,2023-06-17T16:13:53+00:00
SAO_179X-10,São Paulo,3550308,True,,33448,,,-23.451564,-46.588915,,,,2,2023-06-17T16:13:39+00:00
SAO_3739-10,São Paulo,3550308,True,,33807,,,-23.61229,-46.416155,,,,2,2023-06-17T16:14:04+00:00
SAO_3739-10,São Paulo,3550308,True,,33807,,,-23.5459,-46.460999,,,,2,2023-06-17T16:13:49+00:00
SAO_3739-10,São Paulo,3550308,True,,33807,,,-23.6091635,-46.426361,,,,2,2023-06-17T16:13:27+00:00
SAO_3739-10,São Paulo,3550308,True,,33807,,,-23.6121585,-46.416186499999995,,,,2,2023-06-17T16:13:43+00:00
SAO_3739-10,São Paulo,3550308,True,,33807,,,-23.5906175,-46.4434605,,,,2,2023-06-17T16:13:59+00:00
SAO_546J-31,São Paulo,3550308,True,,34783,,,-23.688448,-46.6592945,,,,2,2023-06-17T16:13:37+00:00
SAO_546J-31,São Paulo,3550308,True,,34783,,,-23.6742275,-46.663416999999995,,,,2,2023-06-17T16:13:29+00:00
SAO_546J-31,São Paulo,3550308,True,,34783,,,-23.68778,-46.65928825,,,,2,2023-06-17T16:13:33+00:00
SAO_546J-31,São Paulo,3550308,True,,34783,,,-23.664019500000002,-46.680459,,,,2,2023-06-17T16:13:59+00:00
SAO_546J-31,São Paulo,3550308,True,,34783,,,-23.66331425,-46.682948249999995,,,,2,2023-06-17T16:13:38+00:00
SAO_2717-10,São Paulo,3550308,True,,33698,,,-23.518819125,-46.520295625,,,,2,2023-06-17T16:13:24+00:00
SAO_2717-10,São Paulo,3550308,True,,33698,,,-23.528868,-46.5167825,,,,2,2023-06-17T16:14:05+00:00
SAO_6057-10,São Paulo,3550308,True,,33916,,,-23.76584475,-46.708275875,,,,2,2023-06-17T16:13:57+00:00
SAO_6057-10,São Paulo,3550308,True,,33916,,,-23.7429865,-46.706905500000005,,,,2,2023-06-17T16:13:23+00:00
SAO_4027-41,São Paulo,3550308,True,,35077,,,-23.638209500000002,-46.437941,,,,2,2023-06-17T16:14:00+00:00
SAO_4027-41,São Paulo,3550308,True,,35077,,,-23.632198,-46.4394325,,,,2,2023-06-17T16:13:43+00:00
SAO_7017-10,São Paulo,3550308,True,,35270,,,-23.68005675,-46.781242625000004,,,,2,2023-06-17T16:13:55+00:00
SAO_7017-10,São Paulo,3550308,True,,35270,,,-23.6761405,-46.7750765,,,,2,2023-06-17T16:14:05+00:00
SAO_7017-10,São Paulo,3550308,True,,35270,,,-23.693227,-46.790786999999995,,,,2,2023-06-17T16:14:01+00:00
SAO_3459-10,São Paulo,3550308,True,EMTU,402,https://moovitapp.com/index/pt-br/transporte_p%C3%BAblico-line-402-Sao_Paulo-242-2038937-36419464-0,3.7,-23.535607624999997,-46.552115,,,,1,2023-06-17T16:13:33+00:00
SAO_3459-10,São Paulo,3550308,True,EMTU,402,https://moovitapp.com/index/pt-br/transporte_p%C3%BAblico-line-402-Sao_Paulo-242-2038937-36419464-0,3.7,-23.5165205,-46.385602000000006,,,,1,2023-06-17T16:13:33+00:00
SAO_3459-10,São Paulo,3550308,True,EMTU,402,https://moovitapp.com/index/pt-br/transporte_p%C3%BAblico-line-402-Sao_Paulo-242-2038937-36419464-0,3.7,-23.5165205,-46.385602000000006,,,,1,2023-06-17T16:13:42+00:00
SAO_3459-10,São Paulo,3550308,True,EMTU,402,https://moovitapp.com/index/pt-br/transporte_p%C3%BAblico-line-402-Sao_Paulo-242-2038937-36419464-0,3.7,-23.522708,-46.518773,,,,1,2023-06-17T16:14:01+00:00
SAO_3459-10,São Paulo,3550308,True,EMTU,402,https://moovitapp.com/index/pt-br/transporte_p%C3%BAblico-line-402-Sao_Paulo-242-2038937-36419464-0,3.7,-23.493809,-46.4436475,,,,1,2023-06-17T16:13:25+00:00
SAO_3459-10,São Paulo,3550308,True,EMTU,402,https://moovitapp.com/index/pt-br/transporte_p%C3%BAblico-line-402-Sao_Paulo-242-2038937-36419464-0,3.7,-23.5231385,-46.5208425,,,,1,2023-06-17T16:13:34+00:00
SAO_3459-10,São Paulo,3550308,True,EMTU,402,https://moovitapp.com/index/pt-br/transporte_p%C3%BAblico-line-402-Sao_Paulo-242-2038937-36419464-0,3.7,-23.491089000000002,-46.445749,,,,1,2023-06-17T16:13:21+00:00
SAO_3459-10,São Paulo,3550308,True,EMTU,402,https://moovitapp.com/index/pt-br/transporte_p%C3%BAblico-line-402-Sao_Paulo-242-2038937-36419464-0,3.7,-23.5473415,-46.629296499999995,,,,1,2023-06-17T16:13:55+00:00
SAO_3459-10,São Paulo,3550308,True,EMTU,402,https://moovitapp.com/index/pt-br/transporte_p%C3%BAblico-line-402-Sao_Paulo-242-2038937-36419464-0,3.7,-23.5511505,-46.6085935,,,,1,2023-06-17T16:13:42+00:00
SAO_3459-10,São Paulo,3550308,True,EMTU,402,https://moovitapp.com/index/pt-br/transporte_p%C3%BAblico-line-402-Sao_Paulo-242-2038937-36419464-0,3.7,-23.517077999999998,-46.475579499999995,,,,1,2023-06-17T16:14:02+00:00
SAO_3459-10,São Paulo,3550308,True,EMTU,402,https://moovitapp.com/index/pt-br/transporte_p%C3%BAblico-line-402-Sao_Paulo-242-2038937-36419464-0,3.7,-23.5165205,-46.385602000000006,,,,1,2023-06-17T16:07:50+00:00
SAO_1721-10,São Paulo,3550308,True,,666,,,-23.504288,-46.6151745,,,,1,2023-06-17T16:11:58+00:00
SAO_1721-10,São Paulo,3550308,True,,666,,,-23.494208999999998,-46.591966,,,,1,2023-06-17T16:13:30+00:00
SAO_2723-10,São Paulo,3550308,True,,33705,,,-23.541897,-46.470466,,,,2,2023-06-17T16:13:44+00:00
SAO_2723-10,São Paulo,3550308,True,,33705,,,-23.487882750000004,-46.462888500000005,,,,2,2023-06-17T16:13:59+00:00
SAO_2723-10,São Paulo,3550308,True,,33705,,,-23.534283,-46.4528295,,,,2,2023-06-17T16:14:06+00:00
SAO_2723-10,São Paulo,3550308,True,,33705,,,-23.4925745,-46.4526925,,,,2,2023-06-17T16:14:02+00:00
SAO_2723-10,São Paulo,3550308,True,,33705,,,-23.492538,-46.443638500000006,,,,2,2023-06-17T16:13:40+00:00
SAO_2723-10,São Paulo,3550308,True,,33705,,,-23.487481000000002,-46.463549,,,,2,2023-06-17T16:13:53+00:00
SAO_2723-10,São Paulo,3550308,True,,33705,,,-23.487226,-46.4637175,,,,2,2023-06-17T16:13:57+00:00
SAO_6072-23,São Paulo,3550308,True,,2004,,,-23.767591,-46.7163045,,,,1,2023-06-17T16:13:27+00:00
SAO_6072-23,São Paulo,3550308,True,,2004,,,-23.767591,-46.7163045,,,,1,2023-06-17T16:13:24+00:00
SAO_6072-23,São Paulo,3550308,True,,2004,,,-23.772029,-46.719725999999994,,,,1,2023-06-17T16:13:28+00:00
SAO_6072-23,São Paulo,3550308,True,,2004,,,-23.767591,-46.7163045,,,,1,2023-06-17T16:13:37+00:00
SAO_6072-23,São Paulo,3550308,True,,2004,,,-23.767591,-46.7163045,,,,1,2023-06-17T16:13:41+00:00
SAO_6072-23,São Paulo,3550308,True,,2004,,,-23.767242500000002,-46.7162575,,,,1,2023-06-17T16:13:32+00:00
SAO_6072-23,São Paulo,3550308,True,,2004,,,-23.767194,-46.716251,,,,1,2023-06-17T16:13:36+00:00
SAO_6072-23,São Paulo,3550308,True,,2004,,,-23.767591,-46.7163045,,,,1,2023-06-17T16:14:06+00:00
SAO_6072-23,São Paulo,3550308,True,,2004,,,-23.767591,-46.7163045,,,,1,2023-06-17T16:13:33+00:00
SAO_6072-23,São Paulo,3550308,True,,2004,,,-23.767591,-46.7163045,,,,1,2023-06-17T16:14:01+00:00
SAO_6072-23,São Paulo,3550308,True,,2004,,,-23.767299,-46.716265,,,,1,2023-06-17T16:13:30+00:00
SAO_6072-23,São Paulo,3550308,True,,2004,,,-23.767591,-46.7163045,,,,1,2023-06-17T16:14:02+00:00
SAO_6072-23,São Paulo,3550308,True,,2004,,,-23.767591,-46.7163045,,,,1,2023-06-17T16:14:07+00:00
SAO_6072-23,São Paulo,3550308,True,,2004,,,-23.767591,-46.7163045,,,,1,2023-06-17T16:13:44+00:00
SAO_6072-23,São Paulo,3550308,True,,2004,,,-23.767591,-46.7163045,,,,1,2023-06-17T16:13:25+00:00
SAO_6072-23,São Paulo,3550308,True,,2004,,,-23.767591,-46.7163045,,,,1,2023-06-17T16:13:50+00:00
SAO_6072-23,São Paulo,3550308,True,,2004,,,-23.767591,-46.7163045,,,,1,2023-06-17T16:13:45+00:00
SAO_6072-23,São Paulo,3550308,True,,2004,,,-23.767299,-46.716265,,,,1,2023-06-17T16:13:28+00:00
SAO_6072-23,São Paulo,3550308,True,,2004,,,-23.767591,-46.7163045,,,,1,2023-06-17T16:14:01+00:00
SAO_4709-10,São Paulo,3550308,True,,33101,,,-23.5894755,-46.633868,,,,2,2023-06-17T16:13:55+00:00
SAO_4709-10,São Paulo,3550308,True,,33101,,,-23.5894755,-46.633868,,,,2,2023-06-17T16:13:28+00:00
SAO_4709-10,São Paulo,3550308,True,,33101,,,-23.620055999999998,-46.60305137500001,,,,2,2023-06-17T16:13:29+00:00
SAO_4709-10,São Paulo,3550308,True,,33101,,,-23.5894755,-46.633868,,,,2,2023-06-17T16:14:02+00:00
SAO_4709-10,São Paulo,3550308,True,,33101,,,-23.653319500000002,-46.607946999999996,,,,2,2023-06-17T16:13:42+00:00
SAO_4709-10,São Paulo,3550308,True,,33101,,,-23.6537185,-46.608308,,,,2,2023-06-17T16:14:00+00:00
SAO_4709-10,São Paulo,3550308,True,,33101,,,-23.5894755,-46.633868,,,,2,2023-06-17T16:13:27+00:00
SAO_148P-10,São Paulo,3550308,True,,33302,,,-23.512814,-46.656655,,,,2,2023-06-17T16:13:43+00:00
SAO_148P-10,São Paulo,3550308,True,,33302,,,-23.459918000000002,-46.648571000000004,,,,2,2023-06-17T16:13:52+00:00
SAO_148P-10,São Paulo,3550308,True,,33302,,,-23.52708525,-46.664584500000004,,,,2,2023-06-17T16:13:58+00:00
SAO_148P-10,São Paulo,3550308,True,,33302,,,-23.457892,-46.642534,,,,2,2023-06-17T16:13:24+00:00
SAO_148P-10,São Paulo,3550308,True,,33302,,,-23.4580645,-46.6433105,,,,2,2023-06-17T16:13:45+00:00
SAO_148P-10,São Paulo,3550308,True,,33302,,,-23.4580515,-46.6428225,,,,2,2023-06-17T16:13:59+00:00
SAO_148P-10,São Paulo,3550308,True,,33302,,,-23.45929175,-46.648502500000006,,,,2,2023-06-17T16:13:37+00:00
SAO_746R-10,São Paulo,3550308,True,,790,,,-23.612257749999998,-46.70313425,,,,1,2023-06-17T16:13:24+00:00
SAO_746R-10,São Paulo,3550308,True,,790,,,-23.6103905,-46.7051065,,,,1,2023-06-17T16:13:32+00:00
SAO_746R-10,São Paulo,3550308,True,,790,,,-23.6103905,-46.7051065,,,,1,2023-06-17T16:13:48+00:00
SAO_746R-10,São Paulo,3550308,True,,790,,,-23.6103905,-46.7051065,,,,1,2023-06-17T16:14:08+00:00
SAO_8078-10,São Paulo,3550308,True,,2080,,,-23.6254505,-46.7479555,,,,1,2023-06-17T16:13:34+00:00
SAO_8078-10,São Paulo,3550308,True,,2080,,,-23.624746000000002,-46.76548475,,,,1,2023-06-17T16:13:39+00:00
SAO_8078-10,São Paulo,3550308,True,,2080,,,-23.6254505,-46.7479555,,,,1,2023-06-17T16:13:43+00:00
SAO_9717-10,São Paulo,3550308,True,,817,,,-23.466234,-46.6792545,,,,1,2023-06-17T16:13:40+00:00
SAO_9717-10,São Paulo,3550308,True,,817,,,-23.5049275,-46.689317,,,,1,2023-06-17T16:13:40+00:00
SAO_9717-10,São Paulo,3550308,True,,817,,,-23.50316325,-46.6230835,,,,1,2023-06-17T16:13:42+00:00
SAO_3459-10,São Paulo,3550308,True,,33170,,,-23.506883124999998,-46.388003499999996,,,,2,2023-06-17T16:13:46+00:00
SAO_3459-10,São Paulo,3550308,True,,33170,,,-23.516849999999998,-46.3847265,,,,2,2023-06-17T16:14:07+00:00
SAO_3459-10,São Paulo,3550308,True,,33170,,,-23.547625500000002,-46.629791499999996,,,,2,2023-06-17T16:13:40+00:00
SAO_3459-10,São Paulo,3550308,True,,33170,,,-23.516686749999998,-46.38517525,,,,2,2023-06-17T16:13:34+00:00
SAO_3459-10,São Paulo,3550308,True,,33170,,,-23.5166285,-46.4778085,,,,2,2023-06-17T16:13:13+00:00
SAO_3459-10,São Paulo,3550308,True,,33170,,,-23.5001055,-46.3933885,,,,2,2023-06-17T16:10:53+00:00
SAO_3459-10,São Paulo,3550308,True,,33170,,,-23.547625500000002,-46.629791499999996,,,,2,2023-06-17T16:13:48+00:00
SAO_3459-10,São Paulo,3550308,True,,33170,,,-23.543553875,-46.58819525,,,,2,2023-06-17T16:13:32+00:00
SAO_3459-10,São Paulo,3550308,True,,33170,,,-23.547625500000002,-46.629791499999996,,,,2,2023-06-17T16:13:59+00:00
SAO_3459-10,São Paulo,3550308,True,,33170,,,-23.49534425,-46.430323,,,,2,2023-06-17T16:14:04+00:00
SAO_3459-10,São Paulo,3550308,True,,33170,,,-23.547625500000002,-46.629791499999996,,,,2,2023-06-17T16:12:49+00:00
SAO_3459-10,São Paulo,3550308,True,,33170,,,-23.547625500000002,-46.629791499999996,,,,2,2023-06-17T16:13:12+00:00
SAO_3459-10,São Paulo,3550308,True,,33170,,,-23.547625500000002,-46.629791499999996,,,,2,2023-06-17T16:13:31+00:00
SAO_3459-10,São Paulo,3550308,True,,33170,,,-23.5139785,-46.449314,,,,2,2023-06-17T16:12:22+00:00
SAO_3459-10,São Paulo,3550308,True,,33170,,,-23.547625500000002,-46.629791499999996,,,,2,2023-06-17T16:13:34+00:00
SAO_3459-10,São Paulo,3550308,True,,33170,,,-23.507145375,-46.3877985,,,,2,2023-06-17T16:13:39+00:00
SAO_3459-10,São Paulo,3550308,True,,33170,,,-23.516686749999998,-46.38517525,,,,2,2023-06-17T16:13:44+00:00
SAO_3459-10,São Paulo,3550308,True,,33170,,,-23.516849999999998,-46.3847265,,,,2,2023-06-17T16:13:56+00:00
SAO_3459-10,São Paulo,3550308,True,,33170,,,-23.538682,-46.565627500000005,,,,2,2023-06-17T16:13:44+00:00
SAO_3459-10,São Paulo,3550308,True,,33170,,,-23.494294,-46.4433315,,,,2,2023-06-17T16:13:43+00:00
SAO_3459-10,São Paulo,3550308,True,,33170,,,-23.547625500000002,-46.629791499999996,,,,2,2023-06-17T16:13:26+00:00
SAO_5370-10,São Paulo,3550308,True,,1442,,,-23.7673145,-46.7161625,,,,1,2023-06-17T16:13:40+00:00
SAO_5370-10,São Paulo,3550308,True,,1442,,,-23.7673145,-46.7161625,,,,1,2023-06-17T16:13:59+00:00
SAO_5370-10,São Paulo,3550308,True,,1442,,,-23.63999525,-46.696571000000006,,,,1,2023-06-17T16:13:28+00:00
SAO_5370-10,São Paulo,3550308,True,,1442,,,-23.672685,-46.709894,,,,1,2023-06-17T16:14:08+00:00
SAO_5370-10,São Paulo,3550308,True,,1442,,,-23.76784525,-46.71674175,,,,1,2023-06-17T16:13:01+00:00
SAO_5370-10,São Paulo,3550308,True,,1442,,,-23.553065500000002,-46.6365605,,,,1,2023-06-17T16:13:38+00:00
SAO_5370-10,São Paulo,3550308,True,,1442,,,-23.7673145,-46.7161625,,,,1,2023-06-17T16:13:55+00:00
SAO_5370-10,São Paulo,3550308,True,,1442,,,-23.7245005,-46.6993105,,,,1,2023-06-17T16:13:52+00:00
SAO_5370-10,São Paulo,3550308,True,,1442,,,-23.573276,-46.6410445,,,,1,2023-06-17T16:13:51+00:00
SAO_5370-10,São Paulo,3550308,True,,1442,,,-23.6631295,-46.7072855,,,,1,2023-06-17T16:14:00+00:00
SAO_5370-10,São Paulo,3550308,True,,1442,,,-23.7673145,-46.7161625,,,,1,2023-06-17T16:14:01+00:00
SAO_3751-10,São Paulo,3550308,True,,33815,,,-23.564238250000002,-46.411227499999995,,,,2,2023-06-17T16:14:04+00:00
SAO_3751-10,São Paulo,3550308,True,,33815,,,-23.5573465,-46.422569375,,,,2,2023-06-17T16:13:58+00:00
SAO_3751-10,São Paulo,3550308,True,,33815,,,-23.5505255,-46.426240250000006,,,,2,2023-06-17T16:14:04+00:00
SAO_3751-10,São Paulo,3550308,True,,33815,,,-23.542298,-46.4702415,,,,2,2023-06-17T16:14:01+00:00
SAO_3751-10,São Paulo,3550308,True,,33815,,,-23.545689,-46.447748,,,,2,2023-06-17T16:14:07+00:00
SAO_3751-10,São Paulo,3550308,True,,33815,,,-23.569356,-46.4108985,,,,2,2023-06-17T16:14:01+00:00
SAO_3751-10,São Paulo,3550308,True,,33815,,,-23.56900575,-46.41153799999999,,,,2,2023-06-17T16:14:05+00:00
SAO_7054-10,São Paulo,3550308,True,,41,,,-23.631153500000003,-46.7733425,,,,1,2023-06-17T16:13:28+00:00
SAO_7054-10,São Paulo,3550308,True,,41,,,-23.6517055,-46.7906215,,,,1,2023-06-17T16:13:31+00:00
SAO_7054-10,São Paulo,3550308,True,,41,,,-23.647244,-46.789367999999996,,,,1,2023-06-17T16:13:47+00:00
SAO_2202-10,São Paulo,3550308,True,Urubupungá,910,https://moovitapp.com/index/pt-br/transporte_p%C3%BAblico-line-910-Sao_Paulo-242-873835-496471-0,4.6,-23.495800250000002,-46.399860000000004,,,,1,2023-06-17T16:11:21+00:00
SAO_2202-10,São Paulo,3550308,True,Urubupungá,910,https://moovitapp.com/index/pt-br/transporte_p%C3%BAblico-line-910-Sao_Paulo-242-873835-496471-0,4.6,-23.53283825,-46.398762500000004,,,,1,2023-06-17T16:13:57+00:00
SAO_2202-10,São Paulo,3550308,True,Urubupungá,910,https://moovitapp.com/index/pt-br/transporte_p%C3%BAblico-line-910-Sao_Paulo-242-873835-496471-0,4.6,-23.496440999999997,-46.392864,,,,1,2023-06-17T16:13:33+00:00
SAO_2202-10,São Paulo,3550308,True,Urubupungá,910,https://moovitapp.com/index/pt-br/transporte_p%C3%BAblico-line-910-Sao_Paulo-242-873835-496471-0,4.6,-23.5420445,-46.415096500000004,,,,1,2023-06-17T16:10:39+00:00
SAO_2202-10,São Paulo,3550308,True,Urubupungá,910,https://moovitapp.com/index/pt-br/transporte_p%C3%BAblico-line-910-Sao_Paulo-242-873835-496471-0,4.6,-23.514179,-46.402629,,,,1,2023-06-17T16:13:16+00:00
SAO_2202-10,São Paulo,3550308,True,Urubupungá,910,https://moovitapp.com/index/pt-br/transporte_p%C3%BAblico-line-910-Sao_Paulo-242-873835-496471-0,4.6,-23.5420445,-46.415096500000004,,,,1,2023-06-17T16:14:04+00:00
SAO_2202-10,São Paulo,3550308,True,Urubupungá,910,https://moovitapp.com/index/pt-br/transporte_p%C3%BAblico-line-910-Sao_Paulo-242-873835-496471-0,4.6,-23.541795,-46.415766,,,,1,2023-06-17T16:14:04+00:00
SAO_2202-10,São Paulo,3550308,True,Urubupungá,910,https://moovitapp.com/index/pt-br/transporte_p%C3%BAblico-line-910-Sao_Paulo-242-873835-496471-0,4.6,-23.537022999999998,-46.4048255,,,,1,2023-06-17T16:13:54+00:00
SAO_2202-10,São Paulo,3550308,True,Urubupungá,910,https://moovitapp.com/index/pt-br/transporte_p%C3%BAblico-line-910-Sao_Paulo-242-873835-496471-0,4.6,-23.4889425,-46.385472,,,,1,2023-06-17T16:13:19+00:00
SAO_917M-10,São Paulo,3550308,True,,34134,,,-23.584124000000003,-46.637303,,,,2,2023-06-17T16:13:57+00:00
SAO_917M-10,São Paulo,3550308,True,,34134,,,-23.558488500000003,-46.659698,,,,2,2023-06-17T16:13:17+00:00
SAO_917M-10,São Paulo,3550308,True,,34134,,,-23.4846885,-46.700373,,,,2,2023-06-17T16:13:55+00:00
SAO_8400-10,São Paulo,3550308,True,,1265,,,-23.487007,-46.726683,,,,1,2023-06-17T16:13:55+00:00
SAO_8400-10,São Paulo,3550308,True,,1265,,,-23.533510999999997,-46.6562195,,,,1,2023-06-17T16:13:57+00:00
SAO_8400-10,São Paulo,3550308,True,,1265,,,-23.515027500000002,-46.698626,,,,1,2023-06-17T16:13:43+00:00
SAO_8400-10,São Paulo,3550308,True,,1265,,,-23.486878500000003,-46.7265645,,,,1,2023-06-17T16:13:47+00:00
SAO_8400-10,São Paulo,3550308,True,,1265,,,-23.486878500000003,-46.7265645,,,,1,2023-06-17T16:13:42+00:00
SAO_8400-10,São Paulo,3550308,True,,1265,,,-23.482098,-46.718140000000005,,,,1,2023-06-17T16:13:38+00:00
SAO_2731-10,São Paulo,3550308,True,,33714,,,-23.523635,-46.44404775,,,,2,2023-06-17T16:13:57+00:00
SAO_2731-10,São Paulo,3550308,True,,33714,,,-23.518088249999998,-46.439505,,,,2,2023-06-17T16:13:52+00:00
SAO_2731-10,São Paulo,3550308,True,,33714,,,-23.518088249999998,-46.439505,,,,2,2023-06-17T16:14:01+00:00
SAO_4313-10,São Paulo,3550308,True,,2173,,,-23.567313499999997,-46.5057575,,,,1,2023-06-17T16:13:31+00:00
SAO_4313-10,São Paulo,3550308,True,,2173,,,-23.547401999999998,-46.629791999999995,,,,1,2023-06-17T16:13:50+00:00
SAO_4313-10,São Paulo,3550308,True,,2173,,,-23.5404725,-46.5751875,,,,1,2023-06-17T16:13:44+00:00
SAO_4313-10,São Paulo,3550308,True,,2173,,,-23.582475000000002,-46.4073165,,,,1,2023-06-17T16:13:56+00:00
SAO_4313-10,São Paulo,3550308,True,,2173,,,-23.544500499999998,-46.529371499999996,,,,1,2023-06-17T16:13:56+00:00
SAO_4313-10,São Paulo,3550308,True,,2173,,,-23.547058,-46.6300155,,,,1,2023-06-17T16:13:09+00:00
SAO_4313-10,São Paulo,3550308,True,,2173,,,-23.583754,-46.4150015,,,,1,2023-06-17T16:13:21+00:00
SAO_9018-10,São Paulo,3550308,True,,1271,,,-23.485637500000003,-46.7260535,,,,1,2023-06-17T16:13:56+00:00
SAO_8700-1,São Paulo,3550308,True,,35276,,,-23.6316405,-46.772316,,,,2,2023-06-17T16:13:41+00:00
SAO_8700-1,São Paulo,3550308,True,,35276,,,-23.63142725,-46.77140775,,,,2,2023-06-17T16:13:44+00:00
SAO_8700-1,São Paulo,3550308,True,,35276,,,-23.6114525,-46.7539355,,,,2,2023-06-17T16:13:32+00:00
SAO_1016-10,São Paulo,3550308,True,,33599,,,-23.511556249999998,-46.615776625,,,,2,2023-06-17T16:14:06+00:00
SAO_1016-10,São Paulo,3550308,True,,33599,,,-23.513872,-46.6160225,,,,2,2023-06-17T16:13:46+00:00
SAO_1016-10,São Paulo,3550308,True,,33599,,,-23.4583385,-46.6024095,,,,2,2023-06-17T16:12:16+00:00
SAO_1016-10,São Paulo,3550308,True,,33599,,,-23.464372875000002,-46.603658249999995,,,,2,2023-06-17T16:13:46+00:00
SAO_1016-10,São Paulo,3550308,True,,33599,,,-23.4812825,-46.609808,,,,2,2023-06-17T16:14:01+00:00
SAO_1016-10,São Paulo,3550308,True,,33599,,,-23.4467415,-46.611489000000006,,,,2,2023-06-17T16:13:36+00:00
SAO_1016-10,São Paulo,3550308,True,,33599,,,-23.513872,-46.6160225,,,,2,2023-06-17T16:13:58+00:00
SAO_1016-10,São Paulo,3550308,True,,33599,,,-23.513872,-46.6160225,,,,2,2023-06-17T16:14:04+00:00
SAO_408A-10,São Paulo,3550308,True,,766,,,-23.5440265,-46.67212325,,,,1,2023-06-17T16:13:29+00:00
SAO_408A-10,São Paulo,3550308,True,,766,,,-23.546018,-46.633512,,,,1,2023-06-17T16:13:42+00:00
SAO_576M-10,São Paulo,3550308,True,,33372,,,-23.618165124999997,-46.671346,,,,2,2023-06-17T16:14:04+00:00
SAO_576M-10,São Paulo,3550308,True,,33372,,,-23.635817,-46.650090500000005,,,,2,2023-06-17T16:13:49+00:00
SAO_576M-10,São Paulo,3550308,True,,33372,,,-23.6728425,-46.631443000000004,,,,2,2023-06-17T16:12:38+00:00
SAO_576M-10,São Paulo,3550308,True,,33372,,,-23.6776715,-46.640977,,,,2,2023-06-17T16:13:48+00:00
SAO_576M-10,São Paulo,3550308,True,,33372,,,-23.6774965,-46.6406015,,,,2,2023-06-17T16:13:37+00:00
SAO_576M-10,São Paulo,3550308,True,,33372,,,-23.577223,-46.687030500000006,,,,2,2023-06-17T16:13:58+00:00
SAO_6451-10,São Paulo,3550308,True,,61,,,-23.6063885,-46.696898125000004,,,,1,2023-06-17T16:13:55+00:00
SAO_6451-10,São Paulo,3550308,True,,61,,,-23.6544905,-46.761455,,,,1,2023-06-17T16:13:29+00:00
SAO_6451-10,São Paulo,3550308,True,,61,,,-23.6544905,-46.761455,,,,1,2023-06-17T16:13:32+00:00
SAO_6451-10,São Paulo,3550308,True,,61,,,-23.58251925,-46.685676,,,,1,2023-06-17T16:13:33+00:00
SAO_6451-10,São Paulo,3550308,True,,61,,,-23.6442355,-46.743252,,,,1,2023-06-17T16:14:02+00:00
SAO_6451-10,São Paulo,3550308,True,,61,,,-23.57470325,-46.66798862500001,,,,1,2023-06-17T16:14:05+00:00
SAO_875H-10,São Paulo,3550308,True,,1340,,,-23.519885000000002,-46.700064999999995,,,,1,2023-06-17T16:13:34+00:00
SAO_875H-10,São Paulo,3550308,True,,1340,,,-23.52501625,-46.685184250000006,,,,1,2023-06-17T16:13:53+00:00
SAO_875H-10,São Paulo,3550308,True,,1340,,,-23.589368999999998,-46.6338575,,,,1,2023-06-17T16:14:00+00:00
SAO_5630-10,São Paulo,3550308,True,,32846,,,-23.666612999999998,-46.677868000000004,,,,2,2023-06-17T16:13:57+00:00
SAO_5630-10,São Paulo,3550308,True,,32846,,,-23.55959,-46.639277500000006,,,,2,2023-06-17T16:14:02+00:00
SAO_5630-10,São Paulo,3550308,True,,32846,,,-23.625629,-46.6619115,,,,2,2023-06-17T16:14:03+00:00
SAO_5630-10,São Paulo,3550308,True,,32846,,,-23.727548499999997,-46.6993775,,,,2,2023-06-17T16:14:04+00:00
SAO_5630-10,São Paulo,3550308,True,,32846,,,-23.728037999999998,-46.69929475,,,,2,2023-06-17T16:14:03+00:00
SAO_5630-10,São Paulo,3550308,True,,32846,,,-23.657037625,-46.679739999999995,,,,2,2023-06-17T16:13:24+00:00
SAO_7023-10,São Paulo,3550308,True,,2152,,,-23.6899025,-46.7591965,,,,1,2023-06-17T16:13:36+00:00
SAO_7023-10,São Paulo,3550308,True,,2152,,,-23.654359,-46.7068095,,,,1,2023-06-17T16:14:02+00:00
SAO_7023-10,São Paulo,3550308,True,,2152,,,-23.667816000000002,-46.7312965,,,,1,2023-06-17T16:13:53+00:00
SAO_7023-10,São Paulo,3550308,True,,2152,,,-23.699025499999998,-46.762974,,,,1,2023-06-17T16:14:00+00:00
SAO_7023-10,São Paulo,3550308,True,,2152,,,-23.698786,-46.7627765,,,,1,2023-06-17T16:13:41+00:00
SAO_403A-10,São Paulo,3550308,True,,34960,,,-23.540297,-46.431876,,,,2,2023-06-17T16:14:02+00:00
SAO_403A-10,São Paulo,3550308,True,,34960,,,-23.5546505,-46.44058625,,,,2,2023-06-17T16:13:12+00:00
SAO_403A-10,São Paulo,3550308,True,,34960,,,-23.532265,-46.544365,,,,2,2023-06-17T16:13:53+00:00
SAO_403A-10,São Paulo,3550308,True,,34960,,,-23.5532265,-46.4931335,,,,2,2023-06-17T16:13:58+00:00
SAO_6913-10,São Paulo,3550308,True,,34233,,,-23.661774,-46.7064065,,,,2,2023-06-17T16:13:31+00:00
SAO_6913-10,São Paulo,3550308,True,,34233,,,-23.727758,-46.69934625,,,,2,2023-06-17T16:13:51+00:00
SAO_6913-10,São Paulo,3550308,True,,34233,,,-23.605469749999997,-46.675501249999996,,,,2,2023-06-17T16:14:01+00:00
SAO_6913-10,São Paulo,3550308,True,,34233,,,-23.7213755,-46.698032999999995,,,,2,2023-06-17T16:14:04+00:00
SAO_6913-10,São Paulo,3550308,True,,34233,,,-23.549266,-46.6401115,,,,2,2023-06-17T16:13:57+00:00
SAO_6913-10,São Paulo,3550308,True,,34233,,,-23.62236175,-46.684608999999995,,,,2,2023-06-17T16:13:46+00:00
SAO_6913-10,São Paulo,3550308,True,,34233,,,-23.767560000000003,-46.7161905,,,,2,2023-06-17T16:13:53+00:00
SAO_6913-10,São Paulo,3550308,True,,34233,,,-23.59112175,-46.6726545,,,,2,2023-06-17T16:13:47+00:00
SAO_6913-10,São Paulo,3550308,True,,34233,,,-23.6968015,-46.715058875,,,,2,2023-06-17T16:13:53+00:00
SAO_6913-10,São Paulo,3550308,True,,34233,,,-23.7444815,-46.707066499999996,,,,2,2023-06-17T16:13:52+00:00
SAO_4734-10,São Paulo,3550308,True,,33877,,,-23.6411645,-46.610744,,,,2,2023-06-17T16:13:54+00:00
SAO_4734-10,São Paulo,3550308,True,,33877,,,-23.622558,-46.635623249999995,,,,2,2023-06-17T16:13:42+00:00
SAO_4734-10,São Paulo,3550308,True,,33877,,,-23.6411645,-46.610744,,,,2,2023-06-17T16:13:45+00:00
SAO_4734-10,São Paulo,3550308,True,,33877,,,-23.646797499999998,-46.613813500000006,,,,2,2023-06-17T16:13:56+00:00
SAO_4734-10,São Paulo,3550308,True,,33877,,,-23.6411645,-46.610744,,,,2,2023-06-17T16:13:49+00:00
SAO_4734-10,São Paulo,3550308,True,,33877,,,-23.6419055,-46.608935,,,,2,2023-06-17T16:13:40+00:00
SAO_4734-10,São Paulo,3550308,True,,33877,,,-23.6406075,-46.6105505,,,,2,2023-06-17T16:13:48+00:00
SAO_8545-10,São Paulo,3550308,True,,34132,,,-23.486784999999998,-46.692744250000004,,,,2,2023-06-17T16:13:03+00:00
SAO_8545-10,São Paulo,3550308,True,,34132,,,-23.522478,-46.69588125,,,,2,2023-06-17T16:13:40+00:00
SAO_8545-10,São Paulo,3550308,True,,34132,,,-23.464785,-46.6959285,,,,2,2023-06-17T16:13:43+00:00
SAO_2014-10,São Paulo,3550308,True,Urubupungá,900,https://moovitapp.com/index/pt-br/transporte_p%C3%BAblico-line-900-Sao_Paulo-242-873835-496470-0,4.6,-23.457081000000002,-46.669748,,,,1,2023-06-17T16:13:43+00:00
SAO_2014-10,São Paulo,3550308,True,Urubupungá,900,https://moovitapp.com/index/pt-br/transporte_p%C3%BAblico-line-900-Sao_Paulo-242-873835-496470-0,4.6,-23.4542675,-46.673409500000005,,,,1,2023-06-17T16:13:36+00:00
SAO_2014-10,São Paulo,3550308,True,Urubupungá,900,https://moovitapp.com/index/pt-br/transporte_p%C3%BAblico-line-900-Sao_Paulo-242-873835-496470-0,4.6,-23.457081000000002,-46.669748,,,,1,2023-06-17T16:13:24+00:00
SAO_2014-10,São Paulo,3550308,True,Urubupungá,900,https://moovitapp.com/index/pt-br/transporte_p%C3%BAblico-line-900-Sao_Paulo-242-873835-496470-0,4.6,-23.457081000000002,-46.669748,,,,1,2023-06-17T16:13:28+00:00
SAO_2014-10,São Paulo,3550308,True,Urubupungá,900,https://moovitapp.com/index/pt-br/transporte_p%C3%BAblico-line-900-Sao_Paulo-242-873835-496470-0,4.6,-23.457081000000002,-46.669748,,,,1,2023-06-17T16:13:27+00:00
SAO_2014-10,São Paulo,3550308,True,Urubupungá,900,https://moovitapp.com/index/pt-br/transporte_p%C3%BAblico-line-900-Sao_Paulo-242-873835-496470-0,4.6,-23.457081000000002,-46.669748,,,,1,2023-06-17T16:13:55+00:00
SAO_2014-10,São Paulo,3550308,True,Urubupungá,900,https://moovitapp.com/index/pt-br/transporte_p%C3%BAblico-line-900-Sao_Paulo-242-873835-496470-0,4.6,-23.491612500000002,-46.66239775,,,,1,2023-06-17T16:13:47+00:00
SAO_2014-10,São Paulo,3550308,True,Urubupungá,900,https://moovitapp.com/index/pt-br/transporte_p%C3%BAblico-line-900-Sao_Paulo-242-873835-496470-0,4.6,-23.473617500000003,-46.6672885,,,,1,2023-06-17T16:13:51+00:00
SAO_2014-10,São Paulo,3550308,True,Urubupungá,900,https://moovitapp.com/index/pt-br/transporte_p%C3%BAblico-line-900-Sao_Paulo-242-873835-496470-0,4.6,-23.457081000000002,-46.669748,,,,1,2023-06-17T16:13:58+00:00
SAO_2014-10,São Paulo,3550308,True,Urubupungá,900,https://moovitapp.com/index/pt-br/transporte_p%C3%BAblico-line-900-Sao_Paulo-242-873835-496470-0,4.6,-23.506515,-46.6662905,,,,1,2023-06-17T16:13:29+00:00
SAO_2014-10,São Paulo,3550308,True,Urubupungá,900,https://moovitapp.com/index/pt-br/transporte_p%C3%BAblico-line-900-Sao_Paulo-242-873835-496470-0,4.6,-23.457081000000002,-46.669748,,,,1,2023-06-17T16:13:57+00:00
SAO_2014-10,São Paulo,3550308,True,Urubupungá,900,https://moovitapp.com/index/pt-br/transporte_p%C3%BAblico-line-900-Sao_Paulo-242-873835-496470-0,4.6,-23.4642805,-46.667988,,,,1,2023-06-17T16:13:36+00:00
SAO_2014-10,São Paulo,3550308,True,Urubupungá,900,https://moovitapp.com/index/pt-br/transporte_p%C3%BAblico-line-900-Sao_Paulo-242-873835-496470-0,4.6,-23.523983,-46.6702245,,,,1,2023-06-17T16:13:50+00:00
SAO_2014-10,São Paulo,3550308,True,Urubupungá,900,https://moovitapp.com/index/pt-br/transporte_p%C3%BAblico-line-900-Sao_Paulo-242-873835-496470-0,4.6,-23.457081000000002,-46.669748,,,,1,2023-06-17T16:13:31+00:00
SAO_7053-10,São Paulo,3550308,True,,34655,,,-23.6453225,-46.789393000000004,,,,2,2023-06-17T16:13:54+00:00
SAO_7053-10,São Paulo,3550308,True,,34655,,,-23.653941000000003,-46.78870825,,,,2,2023-06-17T16:13:31+00:00
SAO_7053-10,São Paulo,3550308,True,,34655,,,-23.631475000000002,-46.77217,,,,2,2023-06-17T16:13:55+00:00
SAO_7053-10,São Paulo,3550308,True,,34655,,,-23.653941000000003,-46.78870825,,,,2,2023-06-17T16:13:52+00:00
SAO_7053-10,São Paulo,3550308,True,,34655,,,-23.653941000000003,-46.78870825,,,,2,2023-06-17T16:13:44+00:00
SAO_7053-10,São Paulo,3550308,True,,34655,,,-23.653941000000003,-46.78870825,,,,2,2023-06-17T16:13:36+00:00
SAO_7053-10,São Paulo,3550308,True,,34655,,,-23.653941000000003,-46.78870825,,,,2,2023-06-17T16:13:53+00:00
SAO_746H-10,São Paulo,3550308,True,,33553,,,-23.6329445,-46.736995,,,,2,2023-06-17T16:13:36+00:00
SAO_746H-10,São Paulo,3550308,True,,33553,,,-23.587468625,-46.7237285,,,,2,2023-06-17T16:13:40+00:00
SAO_746H-10,São Paulo,3550308,True,,33553,,,-23.593532,-46.7529005,,,,2,2023-06-17T16:13:52+00:00
SAO_746H-10,São Paulo,3550308,True,,33553,,,-23.616446500000002,-46.731505,,,,2,2023-06-17T16:13:47+00:00
SAO_746H-10,São Paulo,3550308,True,,33553,,,-23.64209925,-46.710427499999994,,,,2,2023-06-17T16:13:50+00:00
SAO_746H-10,São Paulo,3550308,True,,33553,,,-23.593532,-46.7529005,,,,2,2023-06-17T16:13:54+00:00
SAO_746H-10,São Paulo,3550308,True,,33553,,,-23.594531250000003,-46.752536750000004,,,,2,2023-06-17T16:13:57+00:00
SAO_746H-10,São Paulo,3550308,True,,33553,,,-23.6492675,-46.7064685,,,,2,2023-06-17T16:14:03+00:00
SAO_746H-10,São Paulo,3550308,True,,33553,,,-23.584467250000003,-46.728015,,,,2,2023-06-17T16:13:59+00:00
SAO_9181-10,São Paulo,3550308,True,,33653,,,-23.4581985,-46.6975295,,,,2,2023-06-17T16:13:52+00:00
SAO_9181-10,São Paulo,3550308,True,,33653,,,-23.457015,-46.6970235,,,,2,2023-06-17T16:13:36+00:00
SAO_9181-10,São Paulo,3550308,True,,33653,,,-23.512514000000003,-46.690383499999996,,,,2,2023-06-17T16:13:47+00:00
SAO_9181-10,São Paulo,3550308,True,,33653,,,-23.497118,-46.692923500000006,,,,2,2023-06-17T16:13:56+00:00
SAO_9181-10,São Paulo,3550308,True,,33653,,,-23.523198,-46.701831999999996,,,,2,2023-06-17T16:13:54+00:00
SAO_9181-10,São Paulo,3550308,True,,33653,,,-23.4726575,-46.6832415,,,,2,2023-06-17T16:13:34+00:00
SAO_6017-10,São Paulo,3550308,True,,1206,,,-23.699899249999998,-46.7638045,,,,1,2023-06-17T16:13:51+00:00
SAO_6017-10,São Paulo,3550308,True,,1206,,,-23.665815000000002,-46.7117615,,,,1,2023-06-17T16:13:46+00:00
SAO_6017-10,São Paulo,3550308,True,,1206,,,-23.669815749999998,-46.73685449999999,,,,1,2023-06-17T16:13:48+00:00
SAO_6017-10,São Paulo,3550308,True,,1206,,,-23.68054525,-46.7652695,,,,1,2023-06-17T16:14:06+00:00
SAO_6017-10,São Paulo,3550308,True,,1206,,,-23.646524499999998,-46.704567999999995,,,,1,2023-06-17T16:13:36+00:00
SAO_4709-10,São Paulo,3550308,True,,333,,,-23.64546,-46.6068955,,,,1,2023-06-17T16:13:25+00:00
SAO_4709-10,São Paulo,3550308,True,,333,,,-23.5894045,-46.634211,,,,1,2023-06-17T16:13:40+00:00
SAO_917H-10,São Paulo,3550308,True,STT,456,https://moovitapp.com/index/pt-br/transporte_p%C3%BAblico-line-456-Sao_Paulo-242-850661-10416524-0,5.3,-23.486366500000003,-46.726082,,,,1,2023-06-17T16:13:28+00:00
SAO_917H-10,São Paulo,3550308,True,STT,456,https://moovitapp.com/index/pt-br/transporte_p%C3%BAblico-line-456-Sao_Paulo-242-850661-10416524-0,5.3,-23.486826,-46.737035,,,,1,2023-06-17T16:13:54+00:00
SAO_917H-10,São Paulo,3550308,True,STT,456,https://moovitapp.com/index/pt-br/transporte_p%C3%BAblico-line-456-Sao_Paulo-242-850661-10416524-0,5.3,-23.567867125,-46.648855749999996,,,,1,2023-06-17T16:13:25+00:00
SAO_917H-10,São Paulo,3550308,True,STT,456,https://moovitapp.com/index/pt-br/transporte_p%C3%BAblico-line-456-Sao_Paulo-242-850661-10416524-0,5.3,-23.5389025,-46.706404500000005,,,,1,2023-06-17T16:13:32+00:00
SAO_917H-10,São Paulo,3550308,True,STT,456,https://moovitapp.com/index/pt-br/transporte_p%C3%BAblico-line-456-Sao_Paulo-242-850661-10416524-0,5.3,-23.48629,-46.7260085,,,,1,2023-06-17T16:13:42+00:00
SAO_917H-10,São Paulo,3550308,True,STT,456,https://moovitapp.com/index/pt-br/transporte_p%C3%BAblico-line-456-Sao_Paulo-242-850661-10416524-0,5.3,-23.486014,-46.7257505,,,,1,2023-06-17T16:13:37+00:00
SAO_917H-10,São Paulo,3550308,True,STT,456,https://moovitapp.com/index/pt-br/transporte_p%C3%BAblico-line-456-Sao_Paulo-242-850661-10416524-0,5.3,-23.515711874999997,-46.753727,,,,1,2023-06-17T16:14:00+00:00
SAO_2772-10,São Paulo,3550308,True,,33166,,,-23.523087,-46.410531500000005,,,,2,2023-06-17T16:13:53+00:00
SAO_2772-10,São Paulo,3550308,True,,33166,,,-23.533080499999997,-46.543136,,,,2,2023-06-17T16:13:27+00:00
SAO_2772-10,São Paulo,3550308,True,,33166,,,-23.521398250000004,-46.524276,,,,2,2023-06-17T16:13:27+00:00
SAO_2772-10,São Paulo,3550308,True,,33166,,,-23.494407,-46.4240445,,,,2,2023-06-17T16:13:50+00:00
SAO_574C-10,São Paulo,3550308,True,,34407,,,-23.6111205,-46.4731355,,,,2,2023-06-17T16:14:06+00:00
SAO_574C-10,São Paulo,3550308,True,,34407,,,-23.5989185,-46.517005499999996,,,,2,2023-06-17T16:14:01+00:00
SAO_574C-10,São Paulo,3550308,True,,34407,,,-23.5957815,-46.5552225,,,,2,2023-06-17T16:13:42+00:00
SAO_574C-10,São Paulo,3550308,True,,34407,,,-23.6148725,-46.502408,,,,2,2023-06-17T16:13:44+00:00
SAO_2720-10,São Paulo,3550308,True,,933,,,-23.50896625,-46.4956785,,,,1,2023-06-17T16:13:41+00:00
SAO_2720-10,São Paulo,3550308,True,,933,,,-23.5136395,-46.5050995,,,,1,2023-06-17T16:13:25+00:00
SAO_2720-10,São Paulo,3550308,True,,933,,,-23.488698,-46.478612,,,,1,2023-06-17T16:13:48+00:00
SAO_2203-10,São Paulo,3550308,True,,911,,,-23.527137624999998,-46.50197575,,,,1,2023-06-17T16:13:58+00:00
SAO_2203-10,São Paulo,3550308,True,,911,,,-23.520712000000003,-46.484475,,,,1,2023-06-17T16:13:55+00:00
SAO_2203-10,São Paulo,3550308,True,,911,,,-23.520712000000003,-46.484475,,,,1,2023-06-17T16:13:59+00:00
SAO_7005-51,São Paulo,3550308,True,,1999,,,-23.683315,-46.7695055,,,,1,2023-06-17T16:13:49+00:00
SAO_7005-51,São Paulo,3550308,True,,1999,,,-23.699928,-46.7806655,,,,1,2023-06-17T16:14:03+00:00
SAO_7005-51,São Paulo,3550308,True,,1999,,,-23.736909500000003,-46.780494000000004,,,,1,2023-06-17T16:13:46+00:00
SAO_6062-51,São Paulo,3550308,True,,34507,,,-23.741882,-46.6813055,,,,2,2023-06-17T16:13:35+00:00
SAO_6062-51,São Paulo,3550308,True,,34507,,,-23.710868125,-46.699293624999996,,,,2,2023-06-17T16:13:29+00:00
SAO_6062-51,São Paulo,3550308,True,,34507,,,-23.741944,-46.681641,,,,2,2023-06-17T16:13:40+00:00
SAO_6062-51,São Paulo,3550308,True,,34507,,,-23.741882,-46.6813055,,,,2,2023-06-17T16:13:39+00:00
SAO_7021-10,São Paulo,3550308,True,,34757,,,-23.6706775,-46.767814,,,,2,2023-06-17T16:14:06+00:00
SAO_7021-10,São Paulo,3550308,True,,34757,,,-23.647256999999996,-46.73100425,,,,2,2023-06-17T16:13:37+00:00
SAO_7021-10,São Paulo,3550308,True,,34757,,,-23.6753275,-46.758846000000005,,,,2,2023-06-17T16:13:23+00:00
SAO_172R-10,São Paulo,3550308,True,,859,,,-23.465626,-46.58315225,,,,1,2023-06-17T16:13:33+00:00
SAO_172R-10,São Paulo,3550308,True,,859,,,-23.47390075,-46.5755765,,,,1,2023-06-17T16:13:58+00:00
SAO_172R-10,São Paulo,3550308,True,,859,,,-23.5128515,-46.5854645,,,,1,2023-06-17T16:14:02+00:00
SAO_172R-10,São Paulo,3550308,True,,859,,,-23.514446,-46.5822,,,,1,2023-06-17T16:13:52+00:00
SAO_172R-10,São Paulo,3550308,True,,859,,,-23.48840775,-46.569042249999995,,,,1,2023-06-17T16:12:36+00:00
SAO_172R-10,São Paulo,3550308,True,,859,,,-23.520242125,-46.591273375,,,,1,2023-06-17T16:09:56+00:00
SAO_172R-10,São Paulo,3550308,True,,859,,,-23.5423885,-46.590565,,,,1,2023-06-17T16:14:05+00:00
SAO_4726-10,São Paulo,3550308,True,,34448,,,-23.5633635,-46.591837500000004,,,,2,2023-06-17T16:13:51+00:00
SAO_4726-10,São Paulo,3550308,True,,34448,,,-23.55343775,-46.5830935,,,,2,2023-06-17T16:13:47+00:00
SAO_4726-10,São Paulo,3550308,True,,34448,,,-23.563243,-46.592068499999996,,,,2,2023-06-17T16:13:34+00:00
SAO_4726-10,São Paulo,3550308,True,,34448,,,-23.562987749999998,-46.590040125,,,,2,2023-06-17T16:13:26+00:00
SAO_8073-10,São Paulo,3550308,True,,2081,,,-23.598914999999998,-46.7661705,,,,1,2023-06-17T16:13:39+00:00
SAO_8073-10,São Paulo,3550308,True,,2081,,,-23.594909,-46.761022499999996,,,,1,2023-06-17T16:14:08+00:00
SAO_8073-10,São Paulo,3550308,True,,2081,,,-23.59203575,-46.735672,,,,1,2023-06-17T16:13:49+00:00
SAO_775V-10,São Paulo,3550308,True,,33243,,,-23.57609025,-46.76591425,,,,2,2023-06-17T16:13:39+00:00
SAO_775V-10,São Paulo,3550308,True,,33243,,,-23.565959,-46.6944145,,,,2,2023-06-17T16:14:02+00:00
SAO_775V-10,São Paulo,3550308,True,,33243,,,-23.575860749999997,-46.76582475,,,,2,2023-06-17T16:13:39+00:00
SAO_775V-10,São Paulo,3550308,True,,33243,,,-23.575860749999997,-46.76582475,,,,2,2023-06-17T16:13:54+00:00
SAO_271F-10,São Paulo,3550308,True,,33451,,,-23.529807625,-46.614624625000005,,,,2,2023-06-17T16:12:11+00:00
SAO_271F-10,São Paulo,3550308,True,,33451,,,-23.53856225,-46.60376325,,,,2,2023-06-17T16:13:26+00:00
SAO_271F-10,São Paulo,3550308,True,,33451,,,-23.5179425,-46.6163535,,,,2,2023-06-17T16:13:51+00:00
SAO_4717-10,São Paulo,3550308,True,,33103,,,-23.637105499999997,-46.595567,,,,2,2023-06-17T16:13:31+00:00
SAO_8200-10,São Paulo,3550308,True,,1263,,,-23.486106499999998,-46.726086499999994,,,,1,2023-06-17T16:13:55+00:00
SAO_807P-10,São Paulo,3550308,True,,2099,,,-23.6377275,-46.7270215,,,,1,2023-06-17T16:14:07+00:00
SAO_807P-10,São Paulo,3550308,True,,2099,,,-23.615980999999998,-46.721008499999996,,,,1,2023-06-17T16:14:06+00:00
SAO_5091-10,São Paulo,3550308,True,,1523,,,-23.6274845,-46.642675,,,,1,2023-06-17T16:13:55+00:00
SAO_5091-10,São Paulo,3550308,True,,1523,,,-23.6717235,-46.6318555,,,,1,2023-06-17T16:12:49+00:00
SAO_5091-10,São Paulo,3550308,True,,1523,,,-23.697120375,-46.670897375,,,,1,2023-06-17T16:13:55+00:00
SAO_7005-10,São Paulo,3550308,True,,34766,,,-23.695515,-46.779732499999994,,,,2,2023-06-17T16:13:35+00:00
SAO_7005-10,São Paulo,3550308,True,,34766,,,-23.684067,-46.769816500000005,,,,2,2023-06-17T16:13:33+00:00
SAO_7005-10,São Paulo,3550308,True,,34766,,,-23.684067,-46.769816500000005,,,,2,2023-06-17T16:13:44+00:00
SAO_702U-22,São Paulo,3550308,True,,35349,,,-23.5405765,-46.637819,,,,2,2023-06-17T16:14:04+00:00
SAO_702U-22,São Paulo,3550308,True,,35349,,,-23.5710085,-46.691238999999996,,,,2,2023-06-17T16:13:49+00:00
SAO_5127-10,São Paulo,3550308,True,,1127,,,-23.6894845,-46.6620215,,,,1,2023-06-17T16:14:05+00:00
SAO_5127-10,São Paulo,3550308,True,,1127,,,-23.7015515,-46.640887,,,,1,2023-06-17T16:13:43+00:00
SAO_5127-10,São Paulo,3550308,True,,1127,,,-23.681389250000002,-46.681366249999996,,,,1,2023-06-17T16:14:05+00:00
SAO_4016-10,São Paulo,3550308,True,,34957,,,-23.611961,-46.4750065,,,,2,2023-06-17T16:14:00+00:00
SAO_637G-10,São Paulo,3550308,True,,32869,,,-23.6377615,-46.696678500000004,,,,2,2023-06-17T16:13:40+00:00
SAO_637G-10,São Paulo,3550308,True,,32869,,,-23.7401655,-46.691473,,,,2,2023-06-17T16:13:43+00:00
SAO_637G-10,São Paulo,3550308,True,,32869,,,-23.6200775,-46.683304500000006,,,,2,2023-06-17T16:13:27+00:00
SAO_637G-10,São Paulo,3550308,True,,32869,,,-23.706274999999998,-46.70078,,,,2,2023-06-17T16:14:03+00:00
SAO_6803-10,São Paulo,3550308,True,BR7 Mobilidade,29,https://moovitapp.com/index/pt-br/transporte_p%C3%BAblico-line-29-Sao_Paulo-242-851856-500111-0,5.75,-23.643748000000002,-46.735154,,,,1,2023-06-17T16:14:01+00:00
SAO_6803-10,São Paulo,3550308,True,BR7 Mobilidade,29,https://moovitapp.com/index/pt-br/transporte_p%C3%BAblico-line-29-Sao_Paulo-242-851856-500111-0,5.75,-23.6610005,-46.7486895,,,,1,2023-06-17T16:13:55+00:00
SAO_5031-10,São Paulo,3550308,True,,1746,,,-23.60347625,-46.6025595,,,,1,2023-06-17T16:13:53+00:00
SAO_5031-10,São Paulo,3550308,True,,1746,,,-23.636098500000003,-46.5926605,,,,1,2023-06-17T16:13:54+00:00
SAO_5031-10,São Paulo,3550308,True,,1746,,,-23.637415,-46.592847500000005,,,,1,2023-06-17T16:13:39+00:00
SAO_5031-10,São Paulo,3550308,True,,1746,,,-23.615416500000002,-46.593607,,,,1,2023-06-17T16:13:47+00:00
SAO_5031-10,São Paulo,3550308,True,,1746,,,-23.612885,-46.594437,,,,1,2023-06-17T16:14:00+00:00
SAO_5031-10,São Paulo,3550308,True,,1746,,,-23.628792,-46.590241000000006,,,,1,2023-06-17T16:13:40+00:00
SAO_5031-10,São Paulo,3550308,True,,1746,,,-23.6189825,-46.59252075,,,,1,2023-06-17T16:13:48+00:00
SAO_208M-10,São Paulo,3550308,True,,35246,,,-23.502214000000002,-46.6235875,,,,2,2023-06-17T16:13:55+00:00
SAO_208M-10,São Paulo,3550308,True,,35246,,,-23.558130875000003,-46.678452875,,,,2,2023-06-17T16:13:38+00:00
SAO_208M-10,São Paulo,3550308,True,,35246,,,-23.501943500000003,-46.6235805,,,,2,2023-06-17T16:14:01+00:00
SAO_208M-10,São Paulo,3550308,True,,35246,,,-23.50162425,-46.62357300000001,,,,2,2023-06-17T16:14:01+00:00
SAO_208M-10,São Paulo,3550308,True,,35246,,,-23.566066,-46.701753499999995,,,,2,2023-06-17T16:13:38+00:00
SAO_208M-10,São Paulo,3550308,True,,35246,,,-23.518136,-46.653862000000004,,,,2,2023-06-17T16:14:02+00:00
SAO_208M-10,São Paulo,3550308,True,,35246,,,-23.5437075,-46.665243000000004,,,,2,2023-06-17T16:13:41+00:00
SAO_1785-10,São Paulo,3550308,True,,1816,,,-23.4882275,-46.624149,,,,1,2023-06-17T16:10:51+00:00
SAO_6804-10,São Paulo,3550308,True,BR7 Mobilidade,30,https://moovitapp.com/index/pt-br/transporte_p%C3%BAblico-line-30-Sao_Paulo-242-851856-500112-0,5.75,-23.640235,-46.748059999999995,,,,1,2023-06-17T16:13:57+00:00
SAO_8018-10,São Paulo,3550308,True,,34838,,,-23.5987205,-46.7366745,,,,2,2023-06-17T16:13:46+00:00
SAO_8018-10,São Paulo,3550308,True,,34838,,,-23.602695,-46.73938,,,,2,2023-06-17T16:14:07+00:00
SAO_8018-10,São Paulo,3550308,True,,34838,,,-23.5981165,-46.737362000000005,,,,2,2023-06-17T16:14:07+00:00
SAO_407F-10,São Paulo,3550308,True,,2167,,,-23.57869325,-46.50291525,,,,1,2023-06-17T16:13:59+00:00
SAO_407F-10,São Paulo,3550308,True,,2167,,,-23.56282625,-46.549973,,,,1,2023-06-17T16:13:56+00:00
SAO_407F-10,São Paulo,3550308,True,,2167,,,-23.593915375,-46.4882985,,,,1,2023-06-17T16:13:22+00:00
SAO_637A-10,São Paulo,3550308,True,,185,,,-23.690886,-46.774112,,,,1,2023-06-17T16:14:06+00:00
SAO_637A-10,São Paulo,3550308,True,,185,,,-23.5841835,-46.68321875,,,,1,2023-06-17T16:14:06+00:00
SAO_637A-10,São Paulo,3550308,True,,185,,,-23.565929,-46.701762,,,,1,2023-06-17T16:14:03+00:00
SAO_637A-10,São Paulo,3550308,True,,185,,,-23.63581,-46.719123499999995,,,,1,2023-06-17T16:13:37+00:00
SAO_637A-10,São Paulo,3550308,True,,185,,,-23.5735465,-46.689059375,,,,1,2023-06-17T16:14:02+00:00
SAO_637A-10,São Paulo,3550308,True,,185,,,-23.669815749999998,-46.73685449999999,,,,1,2023-06-17T16:13:37+00:00
SAO_637A-10,São Paulo,3550308,True,,185,,,-23.6624335625,-46.7259129375,,,,1,2023-06-17T16:13:01+00:00
SAO_637A-10,São Paulo,3550308,True,,185,,,-23.688184,-46.772277125,,,,1,2023-06-17T16:13:50+00:00
SAO_637A-10,São Paulo,3550308,True,,185,,,-23.690886,-46.774112,,,,1,2023-06-17T16:13:50+00:00
SAO_637A-10,São Paulo,3550308,True,,185,,,-23.61326,-46.698533,,,,1,2023-06-17T16:13:38+00:00
SAO_1034-10,São Paulo,3550308,True,,2452,,,-23.4706145,-46.709302,,,,1,2023-06-17T16:13:33+00:00
SAO_1034-10,São Paulo,3550308,True,,2452,,,-23.4831895,-46.708561,,,,1,2023-06-17T16:13:37+00:00
SAO_637A-10,São Paulo,3550308,True,,32953,,,-23.6903555,-46.7743995,,,,2,2023-06-17T16:13:27+00:00
SAO_637A-10,São Paulo,3550308,True,,32953,,,-23.6903555,-46.7743995,,,,2,2023-06-17T16:13:59+00:00
SAO_637A-10,São Paulo,3550308,True,,32953,,,-23.674632000000003,-46.747851499999996,,,,2,2023-06-17T16:13:34+00:00
SAO_637A-10,São Paulo,3550308,True,,32953,,,-23.6905325,-46.774566500000006,,,,2,2023-06-17T16:13:37+00:00
SAO_637A-10,São Paulo,3550308,True,,32953,,,-23.567490499999998,-46.6934075,,,,2,2023-06-17T16:13:59+00:00
SAO_637A-10,São Paulo,3550308,True,,32953,,,-23.667395499999998,-46.729535,,,,2,2023-06-17T16:12:56+00:00
SAO_637A-10,São Paulo,3550308,True,,32953,,,-23.6019365,-46.6979655,,,,2,2023-06-17T16:13:05+00:00
SAO_637A-10,São Paulo,3550308,True,,32953,,,-23.6812345,-46.7662805,,,,2,2023-06-17T16:12:25+00:00
SAO_637A-10,São Paulo,3550308,True,,32953,,,-23.689947,-46.7740025,,,,2,2023-06-17T16:13:23+00:00
SAO_637A-10,São Paulo,3550308,True,,32953,,,-23.566554,-46.701409999999996,,,,2,2023-06-17T16:13:46+00:00
SAO_637A-10,São Paulo,3550308,True,,32953,,,-23.684307500000003,-46.770112749999996,,,,2,2023-06-17T16:13:23+00:00
SAO_637A-10,São Paulo,3550308,True,,32953,,,-23.5729335,-46.6897095,,,,2,2023-06-17T16:13:28+00:00
SAO_2018-10,São Paulo,3550308,True,,33672,,,-23.510322000000002,-46.40719,,,,2,2023-06-17T16:09:49+00:00
SAO_2018-10,São Paulo,3550308,True,,33672,,,-23.510322000000002,-46.40719,,,,2,2023-06-17T16:13:10+00:00
SAO_2018-10,São Paulo,3550308,True,,33672,,,-23.506134000000003,-46.41877625,,,,2,2023-06-17T16:13:29+00:00
SAO_6046-10,São Paulo,3550308,True,,33991,,,-23.684154999999997,-46.7816525,,,,2,2023-06-17T16:13:29+00:00
SAO_6046-10,São Paulo,3550308,True,,33991,,,-23.65097275,-46.7572675,,,,2,2023-06-17T16:14:00+00:00
SAO_6046-10,São Paulo,3550308,True,,33991,,,-23.6843195,-46.781726500000005,,,,2,2023-06-17T16:13:52+00:00
SAO_6046-10,São Paulo,3550308,True,,33991,,,-23.642645124999998,-46.7095925,,,,2,2023-06-17T16:13:43+00:00
SAO_8400-10,São Paulo,3550308,True,,34033,,,-23.486277,-46.726815875,,,,2,2023-06-17T16:13:37+00:00
SAO_8400-10,São Paulo,3550308,True,,34033,,,-23.486457,-46.7270195,,,,2,2023-06-17T16:13:44+00:00
SAO_8400-10,São Paulo,3550308,True,,34033,,,-23.5145555,-46.7001075,,,,2,2023-06-17T16:13:50+00:00
SAO_8400-10,São Paulo,3550308,True,,34033,,,-23.543312,-46.638448999999994,,,,2,2023-06-17T16:13:57+00:00
SAO_8400-10,São Paulo,3550308,True,,34033,,,-23.535154499999997,-46.652924,,,,2,2023-06-17T16:13:57+00:00
SAO_9015-10,São Paulo,3550308,True,,1269,,,-23.4875885,-46.7127185,,,,1,2023-06-17T16:13:44+00:00
SAO_9015-10,São Paulo,3550308,True,,1269,,,-23.4712815,-46.713936000000004,,,,1,2023-06-17T16:13:21+00:00
SAO_9015-10,São Paulo,3550308,True,,1269,,,-23.4868005,-46.726985,,,,1,2023-06-17T16:13:53+00:00
SAO_6960-10,São Paulo,3550308,True,,34211,,,-23.660927,-46.707567499999996,,,,2,2023-06-17T16:13:37+00:00
SAO_6960-10,São Paulo,3550308,True,,34211,,,-23.6543295,-46.7121355,,,,2,2023-06-17T16:10:39+00:00
SAO_6960-10,São Paulo,3550308,True,,34211,,,-23.7406685,-46.7046835,,,,2,2023-06-17T16:13:21+00:00
SAO_6960-10,São Paulo,3550308,True,,34211,,,-23.766568499999998,-46.7173235,,,,2,2023-06-17T16:13:47+00:00
SAO_6960-10,São Paulo,3550308,True,,34211,,,-23.6543295,-46.7121355,,,,2,2023-06-17T16:11:19+00:00
SAO_6960-10,São Paulo,3550308,True,,34211,,,-23.717306,-46.704494499999996,,,,2,2023-06-17T16:13:54+00:00
SAO_6960-10,São Paulo,3550308,True,,34211,,,-23.6940715,-46.714929749999996,,,,2,2023-06-17T16:13:54+00:00
SAO_6960-10,São Paulo,3550308,True,,34211,,,-23.766346,-46.716555,,,,2,2023-06-17T16:13:30+00:00
SAO_4008-10,São Paulo,3550308,True,,2182,,,-23.5611575,-46.518677,,,,1,2023-06-17T16:13:45+00:00
SAO_4008-10,São Paulo,3550308,True,,2182,,,-23.56948975,-46.460775999999996,,,,1,2023-06-17T16:13:23+00:00
SAO_475M-10,São Paulo,3550308,True,EMTU,343,https://moovitapp.com/index/pt-br/transporte_p%C3%BAblico-line-343-Sao_Paulo-242-2038937-36419427-0,5.15,-23.60361725,-46.61469875,,,,1,2023-06-17T16:14:02+00:00
SAO_475M-10,São Paulo,3550308,True,EMTU,343,https://moovitapp.com/index/pt-br/transporte_p%C3%BAblico-line-343-Sao_Paulo-242-2038937-36419427-0,5.15,-23.618488499999998,-46.618344,,,,1,2023-06-17T16:14:05+00:00
SAO_475M-10,São Paulo,3550308,True,EMTU,343,https://moovitapp.com/index/pt-br/transporte_p%C3%BAblico-line-343-Sao_Paulo-242-2038937-36419427-0,5.15,-23.544498750000002,-46.6466005,,,,1,2023-06-17T16:14:04+00:00
SAO_1760-10,São Paulo,3550308,True,EMTU,557,https://moovitapp.com/index/pt-br/transporte_p%C3%BAblico-line-557-Sao_Paulo-242-2038937-36419558-0,6.2,-23.513889875,-46.61619675,,,,1,2023-06-17T16:13:27+00:00
SAO_1760-10,São Paulo,3550308,True,EMTU,557,https://moovitapp.com/index/pt-br/transporte_p%C3%BAblico-line-557-Sao_Paulo-242-2038937-36419558-0,6.2,-23.482402,-46.64702175,,,,1,2023-06-17T16:13:43+00:00
SAO_546J-10,São Paulo,3550308,True,,33901,,,-23.672731499999998,-46.6757675,,,,2,2023-06-17T16:13:59+00:00
SAO_546J-10,São Paulo,3550308,True,,33901,,,-23.687413749999997,-46.6586645,,,,2,2023-06-17T16:13:45+00:00
SAO_546J-10,São Paulo,3550308,True,,33901,,,-23.687589250000002,-46.6589635,,,,2,2023-06-17T16:13:54+00:00
SAO_3020-10,São Paulo,3550308,True,,958,,,-23.57244175,-46.502975750000004,,,,1,2023-06-17T16:13:46+00:00
SAO_3020-10,São Paulo,3550308,True,,958,,,-23.5347285,-46.4537885,,,,1,2023-06-17T16:14:02+00:00
SAO_3020-10,São Paulo,3550308,True,,958,,,-23.563811,-46.5022595,,,,1,2023-06-17T16:14:05+00:00
SAO_6036-10,São Paulo,3550308,True,,33982,,,-23.65385975,-46.79008575,,,,2,2023-06-17T16:13:58+00:00
SAO_6036-10,São Paulo,3550308,True,,33982,,,-23.6538115,-46.789655499999995,,,,2,2023-06-17T16:13:26+00:00
SAO_6036-10,São Paulo,3550308,True,,33982,,,-23.648953,-46.752862,,,,2,2023-06-17T16:14:07+00:00
SAO_6036-10,São Paulo,3550308,True,,33982,,,-23.643030500000002,-46.77970475,,,,2,2023-06-17T16:14:02+00:00
SAO_6036-10,São Paulo,3550308,True,,33982,,,-23.65385975,-46.79008575,,,,2,2023-06-17T16:13:46+00:00
SAO_6036-10,São Paulo,3550308,True,,33982,,,-23.65385975,-46.79008575,,,,2,2023-06-17T16:14:02+00:00
SAO_6036-10,São Paulo,3550308,True,,33982,,,-23.6497485,-46.7062485,,,,2,2023-06-17T16:14:05+00:00
SAO_9047-10,São Paulo,3550308,True,STT,883,https://moovitapp.com/index/pt-br/transporte_p%C3%BAblico-line-883-Sao_Paulo-242-850661-183365-0,5.3,-23.461319000000003,-46.7094535,,,,1,2023-06-17T16:13:59+00:00
SAO_9047-10,São Paulo,3550308,True,STT,883,https://moovitapp.com/index/pt-br/transporte_p%C3%BAblico-line-883-Sao_Paulo-242-850661-183365-0,5.3,-23.489645000000003,-46.694264000000004,,,,1,2023-06-17T16:13:31+00:00
SAO_9047-10,São Paulo,3550308,True,STT,883,https://moovitapp.com/index/pt-br/transporte_p%C3%BAblico-line-883-Sao_Paulo-242-850661-183365-0,5.3,-23.46414,-46.700824999999995,,,,1,2023-06-17T16:13:48+00:00
SAO_9047-10,São Paulo,3550308,True,STT,883,https://moovitapp.com/index/pt-br/transporte_p%C3%BAblico-line-883-Sao_Paulo-242-850661-183365-0,5.3,-23.5182955,-46.701809499999996,,,,1,2023-06-17T16:14:00+00:00
SAO_9047-10,São Paulo,3550308,True,STT,883,https://moovitapp.com/index/pt-br/transporte_p%C3%BAblico-line-883-Sao_Paulo-242-850661-183365-0,5.3,-23.490943,-46.694551000000004,,,,1,2023-06-17T16:12:36+00:00
SAO_9012-10,São Paulo,3550308,True,,34036,,,-23.4661715,-46.682623,,,,2,2023-06-17T16:13:41+00:00
SAO_807M-10,São Paulo,3550308,True,,1916,,,-23.631579000000002,-46.772447,,,,1,2023-06-17T16:13:50+00:00
SAO_807M-10,São Paulo,3550308,True,,1916,,,-23.615317500000003,-46.73419225,,,,1,2023-06-17T16:13:54+00:00
SAO_807M-10,São Paulo,3550308,True,,1916,,,-23.6180575,-46.751393,,,,1,2023-06-17T16:13:30+00:00
SAO_807M-10,São Paulo,3550308,True,,1916,,,-23.61605625,-46.705338499999996,,,,1,2023-06-17T16:14:06+00:00
SAO_807M-10,São Paulo,3550308,True,,1916,,,-23.631579000000002,-46.772447,,,,1,2023-06-17T16:13:35+00:00
SAO_4115-10,São Paulo,3550308,True,,33090,,,-23.56147,-46.6266415,,,,2,2023-06-17T16:14:06+00:00
SAO_4115-10,São Paulo,3550308,True,,33090,,,-23.62159825,-46.62854025,,,,2,2023-06-17T16:13:42+00:00
SAO_857R-10,São Paulo,3550308,True,,1892,,,-23.622368,-46.761258,,,,1,2023-06-17T16:14:06+00:00
SAO_857R-10,São Paulo,3550308,True,,1892,,,-23.6308255,-46.772924,,,,1,2023-06-17T16:13:52+00:00
SAO_857R-10,São Paulo,3550308,True,,1892,,,-23.55622725,-46.662549500000004,,,,1,2023-06-17T16:13:58+00:00
SAO_857R-10,São Paulo,3550308,True,,1892,,,-23.574398000000002,-46.631854,,,,1,2023-06-17T16:14:03+00:00
SAO_807J-10,São Paulo,3550308,True,,34826,,,-23.631797499999998,-46.7719915,,,,2,2023-06-17T16:13:35+00:00
SAO_807J-10,São Paulo,3550308,True,,34826,,,-23.598654500000002,-46.72051999999999,,,,2,2023-06-17T16:13:26+00:00
SAO_807J-10,São Paulo,3550308,True,,34826,,,-23.62714275,-46.766670250000004,,,,2,2023-06-17T16:13:51+00:00
SAO_807J-10,São Paulo,3550308,True,,34826,,,-23.61693075,-46.710515625,,,,2,2023-06-17T16:13:57+00:00
SAO_3033-10,São Paulo,3550308,True,,33736,,,-23.562205499999997,-46.416789,,,,2,2023-06-17T16:13:56+00:00
SAO_3033-10,São Paulo,3550308,True,,33736,,,-23.554381,-46.4016475,,,,2,2023-06-17T16:13:55+00:00
SAO_3033-10,São Paulo,3550308,True,,33736,,,-23.553319875,-46.4048305,,,,2,2023-06-17T16:13:58+00:00
SAO_3033-10,São Paulo,3550308,True,,33736,,,-23.545037999999998,-46.4108985,,,,2,2023-06-17T16:13:34+00:00
SAO_3033-10,São Paulo,3550308,True,,33736,,,-23.592452499999997,-46.417823625,,,,2,2023-06-17T16:13:31+00:00
SAO_3033-10,São Paulo,3550308,True,,33736,,,-23.5968,-46.4565125,,,,2,2023-06-17T16:14:04+00:00
SAO_6817-10,São Paulo,3550308,True,,27,,,-23.684818,-46.782738,,,,1,2023-06-17T16:14:00+00:00
SAO_6817-10,São Paulo,3550308,True,,27,,,-23.660608,-46.7679,,,,1,2023-06-17T16:14:02+00:00
SAO_527R-10,São Paulo,3550308,True,,271,,,-23.6756785,-46.6504555,,,,1,2023-06-17T16:13:48+00:00
SAO_527R-10,São Paulo,3550308,True,,271,,,-23.671319750000002,-46.6576505,,,,1,2023-06-17T16:13:37+00:00
SAO_527R-10,São Paulo,3550308,True,,271,,,-23.67768425,-46.682959,,,,1,2023-06-17T16:14:03+00:00
SAO_527R-10,São Paulo,3550308,True,,271,,,-23.653856875,-46.71128025,,,,1,2023-06-17T16:14:04+00:00
SAO_527R-10,São Paulo,3550308,True,,271,,,-23.662366249999998,-46.67011575,,,,1,2023-06-17T16:13:27+00:00
SAO_476G-10,São Paulo,3550308,True,,1111,,,-23.576973375,-46.605839625,,,,1,2023-06-17T16:13:48+00:00
SAO_476G-10,São Paulo,3550308,True,,1111,,,-23.60866225,-46.53589375,,,,1,2023-06-17T16:14:07+00:00
SAO_809V-10,São Paulo,3550308,True,,2243,,,-23.570977499999998,-46.690430000000006,,,,1,2023-06-17T16:13:53+00:00
SAO_607C-10,São Paulo,3550308,True,,34745,,,-23.658814,-46.663509,,,,2,2023-06-17T16:13:55+00:00
SAO_607C-10,São Paulo,3550308,True,,34745,,,-23.6857585,-46.633401500000005,,,,2,2023-06-17T16:13:48+00:00
SAO_607C-10,São Paulo,3550308,True,,34745,,,-23.6070655,-46.693619999999996,,,,2,2023-06-17T16:13:55+00:00
SAO_607C-10,São Paulo,3550308,True,,34745,,,-23.633191,-46.680735,,,,2,2023-06-17T16:13:41+00:00
SAO_607C-10,São Paulo,3550308,True,,34745,,,-23.689499,-46.635158000000004,,,,2,2023-06-17T16:13:47+00:00
SAO_607C-10,São Paulo,3550308,True,,34745,,,-23.5897885,-46.6880525,,,,2,2023-06-17T16:13:27+00:00
SAO_514T-10,São Paulo,3550308,True,,34439,,,-23.576850875,-46.604337125,,,,2,2023-06-17T16:13:49+00:00
SAO_514T-10,São Paulo,3550308,True,,34439,,,-23.596776,-46.5072115,,,,2,2023-06-17T16:13:27+00:00
SAO_514T-10,São Paulo,3550308,True,,34439,,,-23.5902005,-46.530609999999996,,,,2,2023-06-17T16:14:07+00:00
SAO_514T-10,São Paulo,3550308,True,,34439,,,-23.581880499999997,-46.5911655,,,,2,2023-06-17T16:13:41+00:00
SAO_514T-10,São Paulo,3550308,True,,34439,,,-23.58702725,-46.5444385,,,,2,2023-06-17T16:13:47+00:00
SAO_514T-10,São Paulo,3550308,True,,34439,,,-23.602595,-46.6026645,,,,2,2023-06-17T16:13:36+00:00
SAO_971V-10,São Paulo,3550308,True,,33387,,,-23.451501,-46.6912855,,,,2,2023-06-17T16:13:42+00:00
SAO_971V-10,São Paulo,3550308,True,,33387,,,-23.514200000000002,-46.616057,,,,2,2023-06-17T16:10:05+00:00
SAO_971V-10,São Paulo,3550308,True,,33387,,,-23.512323125,-46.61585575,,,,2,2023-06-17T16:13:47+00:00
SAO_971V-10,São Paulo,3550308,True,,33387,,,-23.490266,-46.66487325,,,,2,2023-06-17T16:13:56+00:00
SAO_971V-10,São Paulo,3550308,True,,33387,,,-23.4505385,-46.678732,,,,2,2023-06-17T16:14:06+00:00
SAO_971V-10,São Paulo,3550308,True,,33387,,,-23.50030225,-46.637009625000005,,,,2,2023-06-17T16:13:43+00:00
SAO_971V-10,São Paulo,3550308,True,,33387,,,-23.45167,-46.691542999999996,,,,2,2023-06-17T16:13:43+00:00
SAO_8004-10,São Paulo,3550308,True,,34022,,,-23.470457,-46.751476499999995,,,,2,2023-06-17T16:13:38+00:00
SAO_8004-10,São Paulo,3550308,True,,34022,,,-23.4990015,-46.747405,,,,2,2023-06-17T16:13:46+00:00
SAO_709A-10,São Paulo,3550308,True,,2092,,,-23.60925175,-46.694238,,,,1,2023-06-17T16:13:53+00:00
SAO_709A-10,São Paulo,3550308,True,,2092,,,-23.6132095,-46.696375,,,,1,2023-06-17T16:13:29+00:00
SAO_709A-10,São Paulo,3550308,True,,2092,,,-23.5843835,-46.67018725,,,,1,2023-06-17T16:13:39+00:00
SAO_5106-10,São Paulo,3550308,True,,34048,,,-23.620282312500002,-46.6396874375,,,,2,2023-06-17T16:13:42+00:00
SAO_5106-10,São Paulo,3550308,True,,34048,,,-23.6848065,-46.653604,,,,2,2023-06-17T16:14:03+00:00
SAO_5106-10,São Paulo,3550308,True,,34048,,,-23.678414500000002,-46.63006525,,,,2,2023-06-17T16:10:55+00:00
SAO_5106-10,São Paulo,3550308,True,,34048,,,-23.57056975,-46.6439075,,,,2,2023-06-17T16:13:46+00:00
SAO_5106-10,São Paulo,3550308,True,,34048,,,-23.622764625000002,-46.640228875,,,,2,2023-06-17T16:14:00+00:00
SAO_8000-10,São Paulo,3550308,True,,1273,,,-23.5259505,-46.6781165,,,,1,2023-06-17T16:13:30+00:00
SAO_8000-10,São Paulo,3550308,True,,1273,,,-23.524959000000003,-46.695377625000006,,,,1,2023-06-17T16:13:44+00:00
SAO_172X-10,São Paulo,3550308,True,,33629,,,-23.5190355,-46.558278,,,,2,2023-06-17T16:13:30+00:00
SAO_172X-10,São Paulo,3550308,True,,33629,,,-23.50426375,-46.565462249999996,,,,2,2023-06-17T16:11:50+00:00
SAO_172X-10,São Paulo,3550308,True,,33629,,,-23.509915499999998,-46.567760375,,,,2,2023-06-17T16:13:58+00:00
SAO_172X-10,São Paulo,3550308,True,,33629,,,-23.5190355,-46.558278,,,,2,2023-06-17T16:11:40+00:00
SAO_172X-10,São Paulo,3550308,True,,33629,,,-23.504231249999997,-46.56582875,,,,2,2023-06-17T16:13:56+00:00
SAO_172X-10,São Paulo,3550308,True,,33629,,,-23.50426375,-46.565462249999996,,,,2,2023-06-17T16:06:52+00:00
SAO_775N-10,São Paulo,3550308,True,,474,,,-23.55123175,-46.740238250000004,,,,1,2023-06-17T16:14:04+00:00
SAO_775N-10,São Paulo,3550308,True,,474,,,-23.566597,-46.753137,,,,1,2023-06-17T16:13:50+00:00
SAO_775N-10,São Paulo,3550308,True,,474,,,-23.55123175,-46.740238250000004,,,,1,2023-06-17T16:13:43+00:00
SAO_775N-10,São Paulo,3550308,True,,474,,,-23.576089,-46.765473,,,,1,2023-06-17T16:13:43+00:00
SAO_775N-10,São Paulo,3550308,True,,474,,,-23.5800615,-46.765647,,,,1,2023-06-17T16:13:40+00:00
SAO_9090-10,São Paulo,3550308,True,,884,,,-23.4878275,-46.672788,,,,1,2023-06-17T16:13:24+00:00
SAO_6118-10,São Paulo,3550308,True,,1188,,,-23.7496855,-46.701029000000005,,,,1,2023-06-17T16:13:31+00:00
SAO_6118-10,São Paulo,3550308,True,,1188,,,-23.653856875,-46.71128025,,,,1,2023-06-17T16:13:40+00:00
SAO_6118-10,São Paulo,3550308,True,,1188,,,-23.66985675,-46.711535999999995,,,,1,2023-06-17T16:14:08+00:00
SAO_6118-10,São Paulo,3550308,True,,1188,,,-23.721242,-46.706085,,,,1,2023-06-17T16:13:55+00:00
SAO_5178-10,São Paulo,3550308,True,,595,,,-23.669169500000002,-46.649176999999995,,,,1,2023-06-17T16:13:56+00:00
SAO_5178-10,São Paulo,3550308,True,,595,,,-23.569668,-46.6509615,,,,1,2023-06-17T16:13:45+00:00
SAO_5178-10,São Paulo,3550308,True,,595,,,-23.640317500000002,-46.673701,,,,1,2023-06-17T16:13:45+00:00
SAO_7001-10,São Paulo,3550308,True,,1722,,,-23.7247405,-46.7552985,,,,1,2023-06-17T16:13:55+00:00
SAO_7001-10,São Paulo,3550308,True,,1722,,,-23.721182499999998,-46.75901375,,,,1,2023-06-17T16:10:44+00:00
SAO_7001-10,São Paulo,3550308,True,,1722,,,-23.692511000000003,-46.7778525,,,,1,2023-06-17T16:13:34+00:00
SAO_2772-10,São Paulo,3550308,True,,398,,,-23.509573500000002,-46.4112845,,,,1,2023-06-17T16:13:42+00:00
SAO_2772-10,São Paulo,3550308,True,,398,,,-23.50896625,-46.4956785,,,,1,2023-06-17T16:14:03+00:00
SAO_374M-10,São Paulo,3550308,True,,1965,,,-23.48706975,-46.502017249999994,,,,1,2023-06-17T16:13:56+00:00
SAO_374M-10,São Paulo,3550308,True,,1965,,,-23.530697500000002,-46.4883455,,,,1,2023-06-17T16:13:23+00:00
SAO_575A-10,São Paulo,3550308,True,,1638,,,-23.54591425,-46.58486375,,,,1,2023-06-17T16:14:08+00:00
SAO_575A-10,São Paulo,3550308,True,,1638,,,-23.5910705,-46.581049,,,,1,2023-06-17T16:12:37+00:00
SAO_172J-10,São Paulo,3550308,True,,33624,,,-23.48940375,-46.57123325,,,,2,2023-06-17T16:13:26+00:00
SAO_172J-10,São Paulo,3550308,True,,33624,,,-23.5073825,-46.578048499999994,,,,2,2023-06-17T16:14:02+00:00
SAO_172J-10,São Paulo,3550308,True,,33624,,,-23.479189750000003,-46.56941425,,,,2,2023-06-17T16:13:50+00:00
SAO_172J-10,São Paulo,3550308,True,,33624,,,-23.47989875,-46.569837500000006,,,,2,2023-06-17T16:13:51+00:00
SAO_172J-10,São Paulo,3550308,True,,33624,,,-23.5400975,-46.5776415,,,,2,2023-06-17T16:14:03+00:00
SAO_172J-10,São Paulo,3550308,True,,33624,,,-23.5141215,-46.58303325,,,,2,2023-06-17T16:13:53+00:00
SAO_172J-10,São Paulo,3550308,True,,33624,,,-23.513438750000002,-46.58576475,,,,2,2023-06-17T16:14:04+00:00
SAO_172J-10,São Paulo,3550308,True,,33624,,,-23.479194,-46.5689705,,,,2,2023-06-17T16:13:47+00:00
SAO_172J-10,São Paulo,3550308,True,,33624,,,-23.479189750000003,-46.56941425,,,,2,2023-06-17T16:13:45+00:00
SAO_2626-10,São Paulo,3550308,True,EMTU,376,https://moovitapp.com/index/pt-br/transporte_p%C3%BAblico-line-376-Sao_Paulo-242-2038937-114744732-0,5.1,-23.538661,-46.6044205,,,,1,2023-06-17T16:13:59+00:00
SAO_2626-10,São Paulo,3550308,True,EMTU,376,https://moovitapp.com/index/pt-br/transporte_p%C3%BAblico-line-376-Sao_Paulo-242-2038937-114744732-0,5.1,-23.5091865,-46.4113015,,,,1,2023-06-17T16:13:54+00:00
SAO_2626-10,São Paulo,3550308,True,EMTU,376,https://moovitapp.com/index/pt-br/transporte_p%C3%BAblico-line-376-Sao_Paulo-242-2038937-114744732-0,5.1,-23.5477695,-46.629833000000005,,,,1,2023-06-17T16:13:30+00:00
SAO_2626-10,São Paulo,3550308,True,EMTU,376,https://moovitapp.com/index/pt-br/transporte_p%C3%BAblico-line-376-Sao_Paulo-242-2038937-114744732-0,5.1,-23.538246,-46.60124675,,,,1,2023-06-17T16:13:29+00:00
SAO_2626-10,São Paulo,3550308,True,EMTU,376,https://moovitapp.com/index/pt-br/transporte_p%C3%BAblico-line-376-Sao_Paulo-242-2038937-114744732-0,5.1,-23.513828125000003,-46.518165499999995,,,,1,2023-06-17T16:13:26+00:00
SAO_2626-10,São Paulo,3550308,True,EMTU,376,https://moovitapp.com/index/pt-br/transporte_p%C3%BAblico-line-376-Sao_Paulo-242-2038937-114744732-0,5.1,-23.491076,-46.4458105,,,,1,2023-06-17T16:13:57+00:00
SAO_175T-10,São Paulo,3550308,True,,33391,,,-23.638178,-46.656763,,,,2,2023-06-17T16:13:56+00:00
SAO_175T-10,São Paulo,3550308,True,,33391,,,-23.54306875,-46.63512075,,,,2,2023-06-17T16:13:57+00:00
SAO_175T-10,São Paulo,3550308,True,,33391,,,-23.6510425,-46.63951,,,,2,2023-06-17T16:13:52+00:00
SAO_175T-10,São Paulo,3550308,True,,33391,,,-23.572684,-46.640971,,,,2,2023-06-17T16:14:00+00:00
SAO_175T-10,São Paulo,3550308,True,,33391,,,-23.614325875,-46.6587515,,,,2,2023-06-17T16:13:41+00:00
SAO_172R-10,São Paulo,3550308,True,,33627,,,-23.489436750000003,-46.57227125,,,,2,2023-06-17T16:11:10+00:00
SAO_172R-10,São Paulo,3550308,True,,33627,,,-23.513438750000002,-46.58576475,,,,2,2023-06-17T16:13:29+00:00
SAO_172R-10,São Paulo,3550308,True,,33627,,,-23.5055275,-46.576886,,,,2,2023-06-17T16:13:24+00:00
SAO_172R-10,São Paulo,3550308,True,,33627,,,-23.49540375,-46.572509749999995,,,,2,2023-06-17T16:13:41+00:00
SAO_172R-10,São Paulo,3550308,True,,33627,,,-23.48425075,-46.5698125,,,,2,2023-06-17T16:13:31+00:00
SAO_172R-10,São Paulo,3550308,True,,33627,,,-23.540075,-46.593727,,,,2,2023-06-17T16:14:02+00:00
SAO_172R-10,São Paulo,3550308,True,,33627,,,-23.465826,-46.583746000000005,,,,2,2023-06-17T16:13:28+00:00
SAO_172R-10,São Paulo,3550308,True,,33627,,,-23.53805475,-46.598439,,,,2,2023-06-17T16:11:02+00:00
SAO_273N-10,São Paulo,3550308,True,EMTU,390,https://moovitapp.com/index/pt-br/transporte_p%C3%BAblico-line-390-Sao_Paulo-242-2038937-36419459-0,5.45,-23.4950075,-46.410849999999996,,,,1,2023-06-17T16:13:22+00:00
SAO_273N-10,São Paulo,3550308,True,EMTU,390,https://moovitapp.com/index/pt-br/transporte_p%C3%BAblico-line-390-Sao_Paulo-242-2038937-36419459-0,5.45,-23.515267,-46.4554825,,,,1,2023-06-17T16:14:01+00:00
SAO_7022-10,São Paulo,3550308,True,,2084,,,-23.6727695,-46.743559000000005,,,,1,2023-06-17T16:08:34+00:00
SAO_7022-10,São Paulo,3550308,True,,2084,,,-23.684780500000002,-46.7757505,,,,1,2023-06-17T16:13:59+00:00
SAO_7022-10,São Paulo,3550308,True,,2084,,,-23.654007,-46.710475,,,,1,2023-06-17T16:14:02+00:00
SAO_857A-10,São Paulo,3550308,True,,1925,,,-23.601923,-46.743632500000004,,,,1,2023-06-17T16:13:58+00:00
SAO_857A-10,São Paulo,3550308,True,,1925,,,-23.579249,-46.6857765,,,,1,2023-06-17T16:13:53+00:00
SAO_857A-10,São Paulo,3550308,True,,1925,,,-23.5936005,-46.65073825,,,,1,2023-06-17T16:14:07+00:00
SAO_5119-10,São Paulo,3550308,True,,32769,,,-23.57136625,-46.652798250000004,,,,2,2023-06-17T16:14:03+00:00
SAO_5119-10,São Paulo,3550308,True,,32769,,,-23.654559499999998,-46.761131500000005,,,,2,2023-06-17T16:13:40+00:00
SAO_5119-10,São Paulo,3550308,True,,32769,,,-23.630609,-46.7364855,,,,2,2023-06-17T16:13:47+00:00
SAO_5119-10,São Paulo,3550308,True,,32769,,,-23.551664000000002,-46.6372965,,,,2,2023-06-17T16:13:56+00:00
SAO_5119-10,São Paulo,3550308,True,,32769,,,-23.5917745,-46.704072999999994,,,,2,2023-06-17T16:13:43+00:00
SAO_5119-10,São Paulo,3550308,True,,32769,,,-23.607271,-46.725418000000005,,,,2,2023-06-17T16:14:04+00:00
SAO_5119-10,São Paulo,3550308,True,,32769,,,-23.6545265,-46.762821,,,,2,2023-06-17T16:14:07+00:00
SAO_5119-10,São Paulo,3550308,True,,32769,,,-23.654559499999998,-46.761131500000005,,,,2,2023-06-17T16:13:36+00:00
SAO_1783-10,São Paulo,3550308,True,,644,,,-23.477894499999998,-46.610661,,,,1,2023-06-17T16:13:40+00:00
SAO_1783-10,São Paulo,3550308,True,,644,,,-23.4089815,-46.5828745,,,,1,2023-06-17T16:13:55+00:00
SAO_1783-10,São Paulo,3550308,True,,644,,,-23.444349000000003,-46.5962965,,,,1,2023-06-17T16:13:56+00:00
SAO_6074-10,São Paulo,3550308,True,,1161,,,-23.675148,-46.699363000000005,,,,1,2023-06-17T16:13:51+00:00
SAO_6074-10,São Paulo,3550308,True,,1161,,,-23.702216375,-46.701288375,,,,1,2023-06-17T16:13:43+00:00
SAO_6074-10,São Paulo,3550308,True,,1161,,,-23.7561045,-46.670659,,,,1,2023-06-17T16:13:54+00:00
SAO_6074-10,São Paulo,3550308,False,,1161,,,-23.72962825,-46.691646250000005,,,,1,2023-06-17T16:14:03+00:00
SAO_6074-10,São Paulo,3550308,True,,1161,,,-23.736155,-46.6657675,,,,1,2023-06-17T16:13:46+00:00
SAO_2025-10,São Paulo,3550308,True,,35035,,,-23.502243999999997,-46.623825,,,,2,2023-06-17T16:13:52+00:00
SAO_2025-10,São Paulo,3550308,True,,35035,,,-23.486841,-46.6086565,,,,2,2023-06-17T16:13:44+00:00
SAO_2025-10,São Paulo,3550308,True,,35035,,,-23.502243999999997,-46.623825,,,,2,2023-06-17T16:13:35+00:00
SAO_2025-10,São Paulo,3550308,True,,35035,,,-23.4507355,-46.57235675,,,,2,2023-06-17T16:13:32+00:00
SAO_3099-10,São Paulo,3550308,True,,33847,,,-23.617521500000002,-46.468498999999994,,,,2,2023-06-17T16:13:49+00:00
SAO_3099-10,São Paulo,3550308,True,,33847,,,-23.613286000000002,-46.4441805,,,,2,2023-06-17T16:13:38+00:00
SAO_3099-10,São Paulo,3550308,True,,33847,,,-23.60563525,-46.47994,,,,2,2023-06-17T16:13:41+00:00
SAO_3099-10,São Paulo,3550308,True,,33847,,,-23.600215249999998,-46.48453775,,,,2,2023-06-17T16:13:40+00:00
SAO_3099-10,São Paulo,3550308,True,,33847,,,-23.609755375,-46.453646375000005,,,,2,2023-06-17T16:14:05+00:00
SAO_3099-10,São Paulo,3550308,True,,33847,,,-23.610905,-46.4446795,,,,2,2023-06-17T16:14:05+00:00
SAO_3539-10,São Paulo,3550308,True,,748,,,-23.54615475,-46.605053749999996,,,,1,2023-06-17T16:13:20+00:00
SAO_3539-10,São Paulo,3550308,True,,748,,,-23.587046,-46.442949999999996,,,,1,2023-06-17T16:13:42+00:00
SAO_3539-10,São Paulo,3550308,True,,748,,,-23.593941,-46.40614975,,,,1,2023-06-17T16:13:24+00:00
SAO_3539-10,São Paulo,3550308,True,,748,,,-23.543105,-46.46927075,,,,1,2023-06-17T16:13:32+00:00
SAO_3539-10,São Paulo,3550308,True,,748,,,-23.53215,-46.527902,,,,1,2023-06-17T16:13:31+00:00
SAO_4025-10,São Paulo,3550308,True,,1095,,,-23.540949375,-46.573049749999996,,,,1,2023-06-17T16:13:47+00:00
SAO_4025-10,São Paulo,3550308,True,,1095,,,-23.5841575,-46.583726999999996,,,,1,2023-06-17T16:14:01+00:00
SAO_4025-10,São Paulo,3550308,True,,1095,,,-23.593517875,-46.554052625000004,,,,1,2023-06-17T16:14:02+00:00
SAO_4025-10,São Paulo,3550308,True,,1095,,,-23.5838735,-46.584436999999994,,,,1,2023-06-17T16:13:41+00:00
SAO_1020-10,São Paulo,3550308,True,,2497,,,-23.485255000000002,-46.709973000000005,,,,1,2023-06-17T16:13:34+00:00
SAO_1020-10,São Paulo,3550308,True,,2497,,,-23.458368,-46.719010999999995,,,,1,2023-06-17T16:13:42+00:00
SAO_1020-10,São Paulo,3550308,True,,2497,,,-23.409117000000002,-46.7659575,,,,1,2023-06-17T16:13:32+00:00
SAO_9181-10,São Paulo,3550308,True,,885,,,-23.457559,-46.6963325,,,,1,2023-06-17T16:13:36+00:00
SAO_9181-10,São Paulo,3550308,True,,885,,,-23.52363175,-46.70185575,,,,1,2023-06-17T16:13:57+00:00
SAO_9181-10,São Paulo,3550308,True,,885,,,-23.469231,-46.6857915,,,,1,2023-06-17T16:13:25+00:00
SAO_9181-10,São Paulo,3550308,True,,885,,,-23.464635,-46.69461,,,,1,2023-06-17T16:13:20+00:00
SAO_9181-10,São Paulo,3550308,True,,885,,,-23.4954295,-46.692499,,,,1,2023-06-17T16:13:47+00:00
SAO_9181-10,São Paulo,3550308,True,,885,,,-23.500553,-46.6873165,,,,1,2023-06-17T16:11:30+00:00
SAO_9181-10,São Paulo,3550308,True,,885,,,-23.457559,-46.6963325,,,,1,2023-06-17T16:14:05+00:00
SAO_7005-51,São Paulo,3550308,True,,34767,,,-23.73646075,-46.776863250000005,,,,2,2023-06-17T16:13:37+00:00
SAO_7005-51,São Paulo,3550308,True,,34767,,,-23.73646075,-46.776863250000005,,,,2,2023-06-17T16:13:58+00:00
SAO_7005-51,São Paulo,3550308,True,,34767,,,-23.7215235,-46.785188,,,,2,2023-06-17T16:13:37+00:00
SAO_7005-51,São Paulo,3550308,True,,34767,,,-23.6922445,-46.7772405,,,,2,2023-06-17T16:14:04+00:00
SAO_7005-51,São Paulo,3550308,True,,34767,,,-23.6668415,-46.772450000000006,,,,2,2023-06-17T16:13:31+00:00
SAO_695H-10,São Paulo,3550308,True,,33964,,,-23.7724525,-46.7240235,,,,2,2023-06-17T16:09:13+00:00
SAO_695H-10,São Paulo,3550308,True,,33964,,,-23.713037999999997,-46.698539999999994,,,,2,2023-06-17T16:13:21+00:00
SAO_695H-10,São Paulo,3550308,True,,33964,,,-23.659177999999997,-46.6982385,,,,2,2023-06-17T16:14:01+00:00
SAO_695H-10,São Paulo,3550308,True,,33964,,,-23.7888855,-46.715402499999996,,,,2,2023-06-17T16:13:51+00:00
SAO_695H-10,São Paulo,3550308,True,,33964,,,-23.78837,-46.715108,,,,2,2023-06-17T16:13:37+00:00
SAO_5145-10,São Paulo,3550308,True,,34409,,,-23.613501499999998,-46.5016065,,,,2,2023-06-17T16:13:54+00:00
SAO_5145-10,São Paulo,3550308,True,,34409,,,-23.581889,-46.585524,,,,2,2023-06-17T16:13:55+00:00
SAO_5145-10,São Paulo,3550308,True,,34409,,,-23.6139405,-46.501206499999995,,,,2,2023-06-17T16:13:52+00:00
SAO_5129-10,São Paulo,3550308,True,,34049,,,-23.680594499999998,-46.6375585,,,,2,2023-06-17T16:13:43+00:00
SAO_5129-10,São Paulo,3550308,True,,34049,,,-23.648146750000002,-46.67058075,,,,2,2023-06-17T16:14:05+00:00
SAO_5129-10,São Paulo,3550308,True,,34049,,,-23.680194,-46.63726,,,,2,2023-06-17T16:13:40+00:00
SAO_5129-10,São Paulo,3550308,True,,34049,,,-23.679894,-46.6367245,,,,2,2023-06-17T16:13:26+00:00
SAO_5129-10,São Paulo,3550308,True,,34049,,,-23.677811749999996,-46.683129625,,,,2,2023-06-17T16:13:56+00:00
SAO_5129-10,São Paulo,3550308,True,,34049,,,-23.666204375,-46.716497874999995,,,,2,2023-06-17T16:13:36+00:00
SAO_3766-10,São Paulo,3550308,True,,1055,,,-23.553675499999997,-46.427672,,,,1,2023-06-17T16:13:26+00:00
SAO_3766-10,São Paulo,3550308,True,,1055,,,-23.553675499999997,-46.427672,,,,1,2023-06-17T16:13:25+00:00
SAO_3766-10,São Paulo,3550308,True,,1055,,,-23.553675499999997,-46.427672,,,,1,2023-06-17T16:13:34+00:00
SAO_6812-10,São Paulo,3550308,True,,1242,,,-23.670257,-46.738209499999996,,,,1,2023-06-17T16:13:46+00:00
SAO_6812-10,São Paulo,3550308,True,,1242,,,-23.68054525,-46.7652695,,,,1,2023-06-17T16:13:55+00:00
SAO_6812-10,São Paulo,3550308,True,,1242,,,-23.728308249999998,-46.786851,,,,1,2023-06-17T16:13:57+00:00
SAO_6812-10,São Paulo,3550308,True,,1242,,,-23.665815000000002,-46.7117615,,,,1,2023-06-17T16:13:42+00:00
SAO_6063-10,São Paulo,3550308,True,,33920,,,-23.766647,-46.716179,,,,2,2023-06-17T16:13:39+00:00
SAO_6063-10,São Paulo,3550308,True,,33920,,,-23.783673,-46.6827105,,,,2,2023-06-17T16:13:26+00:00
SAO_6063-10,São Paulo,3550308,True,,33920,,,-23.783673,-46.6827105,,,,2,2023-06-17T16:13:26+00:00
SAO_6063-10,São Paulo,3550308,True,,33920,,,-23.766647,-46.716179,,,,2,2023-06-17T16:13:49+00:00
SAO_6063-10,São Paulo,3550308,True,,33920,,,-23.783673,-46.6827105,,,,2,2023-06-17T16:13:54+00:00
SAO_6063-10,São Paulo,3550308,True,,33920,,,-23.783823750000003,-46.68278600000001,,,,2,2023-06-17T16:13:53+00:00
SAO_6063-10,São Paulo,3550308,True,,33920,,,-23.783673,-46.6827105,,,,2,2023-06-17T16:14:02+00:00
SAO_6063-10,São Paulo,3550308,True,,33920,,,-23.783673,-46.6827105,,,,2,2023-06-17T16:13:53+00:00
SAO_6063-10,São Paulo,3550308,True,,33920,,,-23.775857,-46.69730625,,,,2,2023-06-17T16:13:49+00:00
SAO_3027-10,São Paulo,3550308,True,,33731,,,-23.581545,-46.4919685,,,,2,2023-06-17T16:13:38+00:00
SAO_3027-10,São Paulo,3550308,True,,33731,,,-23.558577999999997,-46.4458485,,,,2,2023-06-17T16:14:01+00:00
SAO_477U-10,São Paulo,3550308,True,,33074,,,-23.6096095,-46.594561999999996,,,,2,2023-06-17T16:13:54+00:00
SAO_477U-10,São Paulo,3550308,True,,33074,,,-23.60934,-46.5948055,,,,2,2023-06-17T16:13:53+00:00
SAO_148L-10,São Paulo,3550308,True,,33299,,,-23.454971999999998,-46.6523675,,,,2,2023-06-17T16:13:52+00:00
SAO_148L-10,São Paulo,3550308,True,,33299,,,-23.455058,-46.652393,,,,2,2023-06-17T16:13:42+00:00
SAO_148L-10,São Paulo,3550308,True,,33299,,,-23.4551215,-46.652438000000004,,,,2,2023-06-17T16:13:50+00:00
SAO_148L-10,São Paulo,3550308,True,,33299,,,-23.501283,-46.6734845,,,,2,2023-06-17T16:13:27+00:00
SAO_148L-10,São Paulo,3550308,True,,33299,,,-23.465025999999998,-46.65187775,,,,2,2023-06-17T16:13:45+00:00
SAO_148L-10,São Paulo,3550308,True,,33299,,,-23.463601,-46.655761999999996,,,,2,2023-06-17T16:13:57+00:00
SAO_148L-10,São Paulo,3550308,True,,33299,,,-23.4548945,-46.652338,,,,2,2023-06-17T16:13:33+00:00
SAO_148L-10,São Paulo,3550308,True,,33299,,,-23.520004999999998,-46.701718,,,,2,2023-06-17T16:13:22+00:00
SAO_148L-10,São Paulo,3550308,True,,33299,,,-23.474617249999998,-46.66626375,,,,2,2023-06-17T16:13:21+00:00
SAO_148L-10,São Paulo,3550308,True,,33299,,,-23.464495499999998,-46.65211625,,,,2,2023-06-17T16:14:03+00:00
SAO_148L-10,São Paulo,3550308,True,,33299,,,-23.476272,-46.6602385,,,,2,2023-06-17T16:14:04+00:00
SAO_2762-10,São Paulo,3550308,True,,32912,,,-23.486390874999998,-46.477108375,,,,2,2023-06-17T16:14:01+00:00
SAO_2762-10,São Paulo,3550308,True,,32912,,,-23.486059500000003,-46.476583000000005,,,,2,2023-06-17T16:13:28+00:00
SAO_2762-10,São Paulo,3550308,True,,32912,,,-23.503518,-46.498983,,,,2,2023-06-17T16:13:22+00:00
SAO_2762-10,São Paulo,3550308,True,,32912,,,-23.4956295,-46.509212,,,,2,2023-06-17T16:13:53+00:00
SAO_2762-10,São Paulo,3550308,True,,32912,,,-23.486237625,-46.476904125000004,,,,2,2023-06-17T16:14:05+00:00
SAO_9300-10,São Paulo,3550308,True,EMTU,116,https://moovitapp.com/index/pt-br/transporte_p%C3%BAblico-line-116-Sao_Paulo-242-2038937-36419276-0,12.1,-23.503765,-46.6678115,,,,1,2023-06-17T16:13:46+00:00
SAO_9300-10,São Paulo,3550308,True,EMTU,116,https://moovitapp.com/index/pt-br/transporte_p%C3%BAblico-line-116-Sao_Paulo-242-2038937-36419276-0,12.1,-23.53906225,-46.640638,,,,1,2023-06-17T16:13:30+00:00
SAO_9300-10,São Paulo,3550308,True,EMTU,116,https://moovitapp.com/index/pt-br/transporte_p%C3%BAblico-line-116-Sao_Paulo-242-2038937-36419276-0,12.1,-23.546565,-46.630926,,,,1,2023-06-17T16:12:29+00:00
SAO_9300-10,São Paulo,3550308,True,EMTU,116,https://moovitapp.com/index/pt-br/transporte_p%C3%BAblico-line-116-Sao_Paulo-242-2038937-36419276-0,12.1,-23.5232455,-46.65593375,,,,1,2023-06-17T16:13:49+00:00
SAO_5630-10,São Paulo,3550308,True,,78,,,-23.7374635,-46.697805,,,,1,2023-06-17T16:13:23+00:00
SAO_5630-10,São Paulo,3550308,True,,78,,,-23.602714499999998,-46.651022999999995,,,,1,2023-06-17T16:13:39+00:00
SAO_5630-10,São Paulo,3550308,True,,78,,,-23.5469065,-46.623822125000004,,,,1,2023-06-17T16:13:21+00:00
SAO_5630-10,São Paulo,3550308,True,,78,,,-23.7374635,-46.697805,,,,1,2023-06-17T16:13:42+00:00
SAO_5630-10,São Paulo,3550308,True,,78,,,-23.7374635,-46.697805,,,,1,2023-06-17T16:13:33+00:00
SAO_5630-10,São Paulo,3550308,True,,78,,,-23.7374635,-46.697805,,,,1,2023-06-17T16:14:02+00:00
SAO_5630-10,São Paulo,3550308,True,,78,,,-23.545680249999997,-46.62105475,,,,1,2023-06-17T16:13:59+00:00
SAO_5630-10,São Paulo,3550308,True,,78,,,-23.7374635,-46.697805,,,,1,2023-06-17T16:13:54+00:00
SAO_5630-10,São Paulo,3550308,True,,78,,,-23.661078500000002,-46.6793775,,,,1,2023-06-17T16:14:03+00:00
SAO_5630-10,São Paulo,3550308,True,,78,,,-23.686279,-46.693618,,,,1,2023-06-17T16:13:47+00:00
SAO_5630-10,São Paulo,3550308,True,,78,,,-23.7374635,-46.697805,,,,1,2023-06-17T16:14:04+00:00
SAO_5630-10,São Paulo,3550308,True,,78,,,-23.7374635,-46.697805,,,,1,2023-06-17T16:09:29+00:00
SAO_546T-10,São Paulo,3550308,True,,272,,,-23.7036385,-46.627480000000006,,,,1,2023-06-17T16:13:44+00:00
SAO_546T-10,São Paulo,3550308,True,,272,,,-23.697448,-46.6487755,,,,1,2023-06-17T16:13:41+00:00
SAO_546T-10,São Paulo,3550308,True,,272,,,-23.678096500000002,-46.68508,,,,1,2023-06-17T16:13:40+00:00
SAO_546T-10,São Paulo,3550308,True,,272,,,-23.659117000000002,-46.698151,,,,1,2023-06-17T16:14:02+00:00
SAO_546T-10,São Paulo,3550308,True,,272,,,-23.6923805,-46.677769,,,,1,2023-06-17T16:13:32+00:00
SAO_546T-10,São Paulo,3550308,True,,272,,,-23.702141500000003,-46.6369115,,,,1,2023-06-17T16:14:02+00:00
SAO_546T-10,São Paulo,3550308,True,,272,,,-23.694747999999997,-46.666174,,,,1,2023-06-17T16:13:25+00:00
SAO_847P-10,São Paulo,3550308,True,,33191,,,-23.485637500000003,-46.7260535,,,,2,2023-06-17T16:13:52+00:00
SAO_847P-10,São Paulo,3550308,True,,33191,,,-23.4855005,-46.7258875,,,,2,2023-06-17T16:13:59+00:00
SAO_847P-10,São Paulo,3550308,True,,33191,,,-23.559747875,-46.6890535,,,,2,2023-06-17T16:13:25+00:00
SAO_847P-10,São Paulo,3550308,True,,33191,,,-23.528112999999998,-46.703617,,,,2,2023-06-17T16:14:04+00:00
SAO_847P-10,São Paulo,3550308,True,,33191,,,-23.490378,-46.7100265,,,,2,2023-06-17T16:13:38+00:00
SAO_847P-10,São Paulo,3550308,True,,33191,,,-23.59655,-46.6918595,,,,2,2023-06-17T16:14:02+00:00
SAO_9191-10,São Paulo,3550308,True,EMTU,810,https://moovitapp.com/index/pt-br/transporte_p%C3%BAblico-line-810-Sao_Paulo-242-2038937-36419585-0,5.4,-23.495641749999997,-46.68201625,,,,1,2023-06-17T16:13:41+00:00
SAO_9191-10,São Paulo,3550308,True,EMTU,810,https://moovitapp.com/index/pt-br/transporte_p%C3%BAblico-line-810-Sao_Paulo-242-2038937-36419585-0,5.4,-23.5244145,-46.6669005,,,,1,2023-06-17T16:14:04+00:00
SAO_9191-10,São Paulo,3550308,True,EMTU,810,https://moovitapp.com/index/pt-br/transporte_p%C3%BAblico-line-810-Sao_Paulo-242-2038937-36419585-0,5.4,-23.4682835,-46.668064,,,,1,2023-06-17T16:14:00+00:00
SAO_9191-10,São Paulo,3550308,True,EMTU,810,https://moovitapp.com/index/pt-br/transporte_p%C3%BAblico-line-810-Sao_Paulo-242-2038937-36419585-0,5.4,-23.4564875,-46.6821065,,,,1,2023-06-17T16:13:45+00:00
SAO_9191-10,São Paulo,3550308,True,EMTU,810,https://moovitapp.com/index/pt-br/transporte_p%C3%BAblico-line-810-Sao_Paulo-242-2038937-36419585-0,5.4,-23.527922250000003,-46.64215925,,,,1,2023-06-17T16:13:44+00:00
SAO_9191-10,São Paulo,3550308,True,EMTU,810,https://moovitapp.com/index/pt-br/transporte_p%C3%BAblico-line-810-Sao_Paulo-242-2038937-36419585-0,5.4,-23.472121,-46.666564750000006,,,,1,2023-06-17T16:13:32+00:00
SAO_8677-10,São Paulo,3550308,True,,33211,,,-23.487239000000002,-46.7323545,,,,2,2023-06-17T16:13:44+00:00
SAO_8677-10,São Paulo,3550308,True,,33211,,,-23.4867275,-46.7373635,,,,2,2023-06-17T16:12:49+00:00
SAO_8677-10,São Paulo,3550308,True,,33211,,,-23.520166,-46.710088,,,,2,2023-06-17T16:13:10+00:00
SAO_7049-10,São Paulo,3550308,True,,1912,,,-23.632000499999997,-46.771926,,,,1,2023-06-17T16:13:44+00:00
SAO_7049-10,São Paulo,3550308,True,,1912,,,-23.701573500000002,-46.7819745,,,,1,2023-06-17T16:13:55+00:00
SAO_7049-10,São Paulo,3550308,True,,1912,,,-23.7116535,-46.777972,,,,1,2023-06-17T16:13:52+00:00
SAO_7049-10,São Paulo,3550308,True,,1912,,,-23.7116535,-46.777972,,,,1,2023-06-17T16:13:27+00:00
SAO_7049-10,São Paulo,3550308,True,,1912,,,-23.654117499999998,-46.776975,,,,1,2023-06-17T16:14:03+00:00
SAO_7049-10,São Paulo,3550308,True,,1912,,,-23.6834485,-46.774193499999996,,,,1,2023-06-17T16:13:33+00:00
SAO_7049-10,São Paulo,3550308,True,,1912,,,-23.7116535,-46.777972,,,,1,2023-06-17T16:13:46+00:00
SAO_2711-10,São Paulo,3550308,True,,33693,,,-23.51266,-46.4940605,,,,2,2023-06-17T16:13:54+00:00
SAO_2711-10,São Paulo,3550308,True,,33693,,,-23.514456000000003,-46.48103125,,,,2,2023-06-17T16:13:58+00:00
SAO_605A-10,São Paulo,3550308,True,,2522,,,-23.64774,-46.631485999999995,,,,1,2023-06-17T16:13:59+00:00
SAO_233C-10,São Paulo,3550308,True,,32923,,,-23.5546255,-46.559779,,,,2,2023-06-17T16:13:42+00:00
SAO_233C-10,São Paulo,3550308,True,,32923,,,-23.518619375,-46.475986625,,,,2,2023-06-17T16:13:59+00:00
SAO_233C-10,São Paulo,3550308,True,,32923,,,-23.551472875,-46.490797125,,,,2,2023-06-17T16:13:28+00:00
SAO_233C-10,São Paulo,3550308,True,,32923,,,-23.519428875000003,-46.475841124999995,,,,2,2023-06-17T16:13:28+00:00
SAO_233C-10,São Paulo,3550308,True,,32923,,,-23.554475500000002,-46.515225,,,,2,2023-06-17T16:14:03+00:00
SAO_2732-10,São Paulo,3550308,True,,33715,,,-23.534012,-46.4580335,,,,2,2023-06-17T16:12:43+00:00
SAO_2732-10,São Paulo,3550308,True,,33715,,,-23.529743,-46.45955,,,,2,2023-06-17T16:13:41+00:00
SAO_2732-10,São Paulo,3550308,True,,33715,,,-23.540062499999998,-46.482594375,,,,2,2023-06-17T16:14:04+00:00
SAO_2732-10,São Paulo,3550308,True,,33715,,,-23.529743,-46.45955,,,,2,2023-06-17T16:13:38+00:00
SAO_1036-10,São Paulo,3550308,True,,2453,,,-23.48350925,-46.712898499999994,,,,1,2023-06-17T16:13:45+00:00
SAO_1036-10,São Paulo,3550308,True,,2453,,,-23.447775,-46.708842000000004,,,,1,2023-06-17T16:13:48+00:00
SAO_1036-10,São Paulo,3550308,True,,2453,,,-23.447775,-46.708842000000004,,,,1,2023-06-17T16:13:28+00:00
SAO_1036-10,São Paulo,3550308,True,,2453,,,-23.447775,-46.708842000000004,,,,1,2023-06-17T16:14:01+00:00
SAO_1036-10,São Paulo,3550308,True,,2453,,,-23.447921,-46.708813500000005,,,,1,2023-06-17T16:13:35+00:00
SAO_1036-10,São Paulo,3550308,True,,2453,,,-23.447775,-46.708842000000004,,,,1,2023-06-17T16:13:50+00:00
SAO_273X-10,São Paulo,3550308,True,,33160,,,-23.5396445,-46.483602,,,,2,2023-06-17T16:13:52+00:00
SAO_273X-10,São Paulo,3550308,True,,33160,,,-23.497997624999996,-46.376735124999996,,,,2,2023-06-17T16:13:40+00:00
SAO_273X-10,São Paulo,3550308,True,,33160,,,-23.497790875,-46.376857375,,,,2,2023-06-17T16:13:37+00:00
SAO_273X-10,São Paulo,3550308,True,,33160,,,-23.49821625,-46.45787275,,,,2,2023-06-17T16:13:47+00:00
SAO_273X-10,São Paulo,3550308,True,,33160,,,-23.4980715,-46.45881025,,,,2,2023-06-17T16:13:26+00:00
SAO_273X-10,São Paulo,3550308,True,,33160,,,-23.494315125,-46.388942875,,,,2,2023-06-17T16:14:05+00:00
SAO_273X-10,São Paulo,3550308,True,,33160,,,-23.500946,-46.39231,,,,2,2023-06-17T16:13:42+00:00
SAO_273X-10,São Paulo,3550308,True,,33160,,,-23.497997624999996,-46.376735124999996,,,,2,2023-06-17T16:14:01+00:00
SAO_273X-10,São Paulo,3550308,True,,33160,,,-23.497997624999996,-46.376735124999996,,,,2,2023-06-17T16:13:24+00:00
SAO_273X-10,São Paulo,3550308,True,,33160,,,-23.501221,-46.4703735,,,,2,2023-06-17T16:14:03+00:00
SAO_273X-10,São Paulo,3550308,True,,33160,,,-23.494562375,-46.388803625,,,,2,2023-06-17T16:13:58+00:00
SAO_4312-10,São Paulo,3550308,True,,2172,,,-23.54645675,-46.629903999999996,,,,1,2023-06-17T16:13:29+00:00
SAO_4312-10,São Paulo,3550308,True,,2172,,,-23.5321105,-46.521142,,,,1,2023-06-17T16:13:57+00:00
SAO_7016-10,São Paulo,3550308,True,,34886,,,-23.6886205,-46.77281625,,,,2,2023-06-17T16:13:19+00:00
SAO_7016-10,São Paulo,3550308,True,,34886,,,-23.688352000000002,-46.773396500000004,,,,2,2023-06-17T16:13:30+00:00
SAO_7016-10,São Paulo,3550308,True,,34886,,,-23.655545,-46.707713999999996,,,,2,2023-06-17T16:13:58+00:00
SAO_7016-10,São Paulo,3550308,True,,34886,,,-23.688619,-46.7735175,,,,2,2023-06-17T16:13:51+00:00
SAO_7016-10,São Paulo,3550308,True,,34886,,,-23.6675885,-46.730721,,,,2,2023-06-17T16:13:56+00:00
SAO_6258-31,São Paulo,3550308,True,,34551,,,-23.68321,-46.756378999999995,,,,2,2023-06-17T16:14:07+00:00
SAO_6258-31,São Paulo,3550308,True,,34551,,,-23.6660265,-46.7329205,,,,2,2023-06-17T16:13:42+00:00
SAO_414P-10,São Paulo,3550308,True,,33873,,,-23.583728,-46.534744,,,,2,2023-06-17T16:13:43+00:00
SAO_414P-10,São Paulo,3550308,True,,33873,,,-23.6105545,-46.529823500000006,,,,2,2023-06-17T16:13:59+00:00
SAO_414P-10,São Paulo,3550308,True,,33873,,,-23.544028250000004,-46.571846,,,,2,2023-06-17T16:13:30+00:00
SAO_414P-10,São Paulo,3550308,True,,33873,,,-23.5653845,-46.545204999999996,,,,2,2023-06-17T16:13:24+00:00
SAO_414P-10,São Paulo,3550308,True,,33873,,,-23.5369965,-46.563503,,,,2,2023-06-17T16:14:04+00:00
SAO_414P-10,São Paulo,3550308,True,,33873,,,-23.5853735,-46.5336215,,,,2,2023-06-17T16:13:50+00:00
SAO_273R-10,São Paulo,3550308,True,,32994,,,-23.515441,-46.45783275,,,,2,2023-06-17T16:13:28+00:00
SAO_273R-10,São Paulo,3550308,True,,32994,,,-23.52228,-46.4125755,,,,2,2023-06-17T16:13:46+00:00
SAO_273R-10,São Paulo,3550308,True,,32994,,,-23.517555125,-46.47618175,,,,2,2023-06-17T16:13:51+00:00
SAO_273R-10,São Paulo,3550308,True,,32994,,,-23.522662999999998,-46.41263875,,,,2,2023-06-17T16:14:03+00:00
SAO_273R-10,São Paulo,3550308,True,,32994,,,-23.5401805,-46.483284,,,,2,2023-06-17T16:13:20+00:00
SAO_8700-10,São Paulo,3550308,True,,1877,,,-23.582939500000002,-46.7141125,,,,1,2023-06-17T16:14:07+00:00
SAO_8700-10,São Paulo,3550308,True,,1877,,,-23.6304685,-46.773606,,,,1,2023-06-17T16:14:03+00:00
SAO_8700-10,São Paulo,3550308,True,,1877,,,-23.626731250000002,-46.766326,,,,1,2023-06-17T16:13:56+00:00
SAO_8700-10,São Paulo,3550308,True,,1877,,,-23.6214535,-46.7578205,,,,1,2023-06-17T16:13:31+00:00
SAO_8700-10,São Paulo,3550308,True,,1877,,,-23.5606465,-46.672118999999995,,,,1,2023-06-17T16:14:08+00:00
SAO_8700-10,São Paulo,3550308,True,,1877,,,-23.6304685,-46.773606,,,,1,2023-06-17T16:13:56+00:00
SAO_8700-10,São Paulo,3550308,True,,1877,,,-23.547560500000003,-46.640557,,,,1,2023-06-17T16:13:28+00:00
SAO_8700-10,São Paulo,3550308,True,,1877,,,-23.56103375,-46.67276375,,,,1,2023-06-17T16:13:59+00:00
SAO_8700-10,São Paulo,3550308,True,,1877,,,-23.584011500000003,-46.7167665,,,,1,2023-06-17T16:14:02+00:00
SAO_8700-10,São Paulo,3550308,True,,1877,,,-23.6081645,-46.751436,,,,1,2023-06-17T16:13:55+00:00
SAO_9191-10,São Paulo,3550308,True,,33578,,,-23.524628375,-46.65868225,,,,2,2023-06-17T16:13:40+00:00
SAO_9191-10,São Paulo,3550308,True,,33578,,,-23.5259165,-46.63162,,,,2,2023-06-17T16:13:58+00:00
SAO_9191-10,São Paulo,3550308,True,,33578,,,-23.456177500000003,-46.678882,,,,2,2023-06-17T16:14:00+00:00
SAO_9191-10,São Paulo,3550308,True,,33578,,,-23.52451,-46.668866,,,,2,2023-06-17T16:13:59+00:00
SAO_9191-10,São Paulo,3550308,True,,33578,,,-23.4953185,-46.677420999999995,,,,2,2023-06-17T16:13:54+00:00
SAO_9191-10,São Paulo,3550308,True,,33578,,,-23.456177500000003,-46.678882,,,,2,2023-06-17T16:13:41+00:00
SAO_9191-10,São Paulo,3550308,True,,33578,,,-23.525458125,-46.656226,,,,2,2023-06-17T16:13:32+00:00
SAO_9191-10,São Paulo,3550308,True,,33578,,,-23.4559915,-46.6784675,,,,2,2023-06-17T16:13:44+00:00
SAO_9191-10,São Paulo,3550308,True,,33578,,,-23.4942625,-46.67763675,,,,2,2023-06-17T16:14:03+00:00
SAO_9191-10,São Paulo,3550308,True,,33578,,,-23.4729635,-46.667052,,,,2,2023-06-17T16:13:28+00:00
SAO_6083-10,São Paulo,3550308,True,,34501,,,-23.7533765,-46.6701475,,,,2,2023-06-17T16:13:31+00:00
SAO_6083-10,São Paulo,3550308,True,,34501,,,-23.7401655,-46.691473,,,,2,2023-06-17T16:13:32+00:00
SAO_5031-10,São Paulo,3550308,True,,34514,,,-23.6369775,-46.591483000000004,,,,2,2023-06-17T16:13:51+00:00
SAO_5031-10,São Paulo,3550308,True,,34514,,,-23.636886500000003,-46.591195,,,,2,2023-06-17T16:14:01+00:00
SAO_5031-10,São Paulo,3550308,True,,34514,,,-23.636678,-46.5910435,,,,2,2023-06-17T16:13:35+00:00
SAO_5031-10,São Paulo,3550308,True,,34514,,,-23.636036750000002,-46.59084675,,,,2,2023-06-17T16:14:07+00:00
SAO_5031-10,São Paulo,3550308,True,,34514,,,-23.630733499999998,-46.58568725,,,,2,2023-06-17T16:13:55+00:00
SAO_5031-10,São Paulo,3550308,True,,34514,,,-23.636036750000002,-46.59084675,,,,2,2023-06-17T16:13:29+00:00
SAO_5031-10,São Paulo,3550308,True,,34514,,,-23.603051999999998,-46.602856,,,,2,2023-06-17T16:13:39+00:00
SAO_5031-10,São Paulo,3550308,True,,34514,,,-23.6060555,-46.598642,,,,2,2023-06-17T16:13:53+00:00
SAO_5031-10,São Paulo,3550308,True,,34514,,,-23.6369775,-46.591483000000004,,,,2,2023-06-17T16:13:23+00:00
SAO_2014-10,São Paulo,3550308,True,,33668,,,-23.4553625,-46.673901,,,,2,2023-06-17T16:13:50+00:00
SAO_2014-10,São Paulo,3550308,True,,33668,,,-23.4576965,-46.670289,,,,2,2023-06-17T16:13:30+00:00
SAO_2014-10,São Paulo,3550308,True,,33668,,,-23.457342,-46.669977,,,,2,2023-06-17T16:13:25+00:00
SAO_2014-10,São Paulo,3550308,True,,33668,,,-23.501284,-46.662718,,,,2,2023-06-17T16:13:41+00:00
SAO_2014-10,São Paulo,3550308,True,,33668,,,-23.481665,-46.667165,,,,2,2023-06-17T16:14:06+00:00
SAO_2014-10,São Paulo,3550308,True,,33668,,,-23.4933195,-46.661932500000006,,,,2,2023-06-17T16:13:58+00:00
SAO_2014-10,São Paulo,3550308,True,,33668,,,-23.457437,-46.670062,,,,2,2023-06-17T16:13:51+00:00
SAO_2014-10,São Paulo,3550308,True,,33668,,,-23.457437,-46.670062,,,,2,2023-06-17T16:13:39+00:00
SAO_2014-10,São Paulo,3550308,True,,33668,,,-23.5192275,-46.66725575,,,,2,2023-06-17T16:13:48+00:00
SAO_2014-10,São Paulo,3550308,True,,33668,,,-23.4535045,-46.670344,,,,2,2023-06-17T16:13:36+00:00
SAO_6450-10,São Paulo,3550308,True,,32827,,,-23.6540245,-46.762589000000006,,,,2,2023-06-17T16:13:43+00:00
SAO_6450-10,São Paulo,3550308,True,,32827,,,-23.654408500000002,-46.762060999999996,,,,2,2023-06-17T16:13:59+00:00
SAO_6450-10,São Paulo,3550308,True,,32827,,,-23.6448505,-46.7457245,,,,2,2023-06-17T16:13:53+00:00
SAO_6450-10,São Paulo,3550308,True,,32827,,,-23.654408500000002,-46.762060999999996,,,,2,2023-06-17T16:13:37+00:00
SAO_6450-10,São Paulo,3550308,True,,32827,,,-23.654660999999997,-46.7609705,,,,2,2023-06-17T16:13:39+00:00
SAO_6450-10,São Paulo,3550308,True,,32827,,,-23.625450375,-46.686779625,,,,2,2023-06-17T16:13:34+00:00
SAO_6450-10,São Paulo,3550308,True,,32827,,,-23.654127000000003,-46.762448000000006,,,,2,2023-06-17T16:13:26+00:00
SAO_6450-10,São Paulo,3550308,True,,32827,,,-23.5706045,-46.6626015,,,,2,2023-06-17T16:13:51+00:00
SAO_6450-10,São Paulo,3550308,True,,32827,,,-23.64481825,-46.71861725,,,,2,2023-06-17T16:13:59+00:00
SAO_6450-10,São Paulo,3550308,True,,32827,,,-23.6542305,-46.7623055,,,,2,2023-06-17T16:13:56+00:00
SAO_978T-10,São Paulo,3550308,True,,33657,,,-23.526267500000003,-46.667531499999996,,,,2,2023-06-17T16:13:35+00:00
SAO_978T-10,São Paulo,3550308,True,,33657,,,-23.461289,-46.6872475,,,,2,2023-06-17T16:14:03+00:00
SAO_978T-10,São Paulo,3550308,True,,33657,,,-23.487867,-46.6929715,,,,2,2023-06-17T16:13:42+00:00
SAO_978T-10,São Paulo,3550308,True,,33657,,,-23.481113,-46.691927,,,,2,2023-06-17T16:13:57+00:00
SAO_978T-10,São Paulo,3550308,True,,33657,,,-23.52920075,-46.67829925,,,,2,2023-06-17T16:13:45+00:00
SAO_978T-10,São Paulo,3550308,True,,33657,,,-23.4705945,-46.692738000000006,,,,2,2023-06-17T16:13:47+00:00
SAO_978T-10,São Paulo,3550308,True,,33657,,,-23.526267500000003,-46.667531499999996,,,,2,2023-06-17T16:14:02+00:00
SAO_978T-10,São Paulo,3550308,True,,33657,,,-23.461289,-46.6872475,,,,2,2023-06-17T16:13:40+00:00
SAO_978T-10,São Paulo,3550308,True,,33657,,,-23.490488499999998,-46.6945085,,,,2,2023-06-17T16:13:51+00:00
SAO_978T-10,São Paulo,3550308,True,,33657,,,-23.461289,-46.6872475,,,,2,2023-06-17T16:13:25+00:00
SAO_978T-10,São Paulo,3550308,True,,33657,,,-23.526267500000003,-46.667531499999996,,,,2,2023-06-17T16:13:44+00:00
SAO_978T-10,São Paulo,3550308,True,,33657,,,-23.522753375,-46.691829187500005,,,,2,2023-06-17T16:13:48+00:00
SAO_978T-10,São Paulo,3550308,True,,33657,,,-23.461289,-46.6872475,,,,2,2023-06-17T16:13:39+00:00
SAO_978T-10,São Paulo,3550308,True,,33657,,,-23.492423000000002,-46.696241,,,,2,2023-06-17T16:12:58+00:00
SAO_3098-10,São Paulo,3550308,True,,33846,,,-23.63146325,-46.456264,,,,2,2023-06-17T16:13:35+00:00
SAO_3098-10,São Paulo,3550308,True,,33846,,,-23.63146325,-46.456264,,,,2,2023-06-17T16:13:57+00:00
SAO_3098-10,São Paulo,3550308,True,,33846,,,-23.610467,-46.476589375,,,,2,2023-06-17T16:13:52+00:00
SAO_3098-10,São Paulo,3550308,True,,33846,,,-23.60103025,-46.48385275,,,,2,2023-06-17T16:13:38+00:00
SAO_3098-10,São Paulo,3550308,True,,33846,,,-23.6345635,-46.454616,,,,2,2023-06-17T16:14:08+00:00
SAO_3098-10,São Paulo,3550308,True,,33846,,,-23.631781750000002,-46.45626,,,,2,2023-06-17T16:14:03+00:00
SAO_3098-10,São Paulo,3550308,True,,33846,,,-23.566259000000002,-46.507381,,,,2,2023-06-17T16:13:25+00:00
SAO_4725-10,São Paulo,3550308,True,,33106,,,-23.6335525,-46.6141865,,,,2,2023-06-17T16:14:04+00:00
SAO_4725-10,São Paulo,3550308,True,,33106,,,-23.60695725,-46.6592775,,,,2,2023-06-17T16:13:39+00:00
SAO_3738-10,São Paulo,3550308,True,,33806,,,-23.565249,-46.39809475,,,,2,2023-06-17T16:13:29+00:00
SAO_3738-10,São Paulo,3550308,True,,33806,,,-23.55087175,-46.427358250000005,,,,2,2023-06-17T16:13:27+00:00
SAO_3738-10,São Paulo,3550308,True,,33806,,,-23.539525375,-46.4551265,,,,2,2023-06-17T16:13:47+00:00
SAO_3738-10,São Paulo,3550308,True,,33806,,,-23.5629515,-46.3946025,,,,2,2023-06-17T16:14:08+00:00
SAO_3738-10,São Paulo,3550308,True,,33806,,,-23.552051,-46.4447775,,,,2,2023-06-17T16:13:40+00:00
SAO_3738-10,São Paulo,3550308,True,,33806,,,-23.5629515,-46.3946025,,,,2,2023-06-17T16:13:27+00:00
SAO_3789-10,São Paulo,3550308,True,,1067,,,-23.5425595,-46.469581500000004,,,,1,2023-06-17T16:13:50+00:00
SAO_3789-10,São Paulo,3550308,True,,1067,,,-23.594637,-46.40578175,,,,1,2023-06-17T16:13:46+00:00
SAO_3789-10,São Paulo,3550308,True,,1067,,,-23.544472499999998,-46.463771,,,,1,2023-06-17T16:13:54+00:00
SAO_3789-10,São Paulo,3550308,True,,1067,,,-23.585396499999998,-46.414854500000004,,,,1,2023-06-17T16:13:49+00:00
SAO_3789-10,São Paulo,3550308,True,,1067,,,-23.611982,-46.3961475,,,,1,2023-06-17T16:13:30+00:00
SAO_3789-10,São Paulo,3550308,True,,1067,,,-23.5740275,-46.4453305,,,,1,2023-06-17T16:14:02+00:00
SAO_3725-41,São Paulo,3550308,True,,1531,,,-23.539541625000002,-46.531543375,,,,1,2023-06-17T16:13:47+00:00
SAO_3725-41,São Paulo,3550308,True,,1531,,,-23.533616,-46.534361,,,,1,2023-06-17T16:13:42+00:00
SAO_4002-10,São Paulo,3550308,True,,34945,,,-23.545655500000002,-46.4043215,,,,2,2023-06-17T16:12:46+00:00
SAO_4002-10,São Paulo,3550308,True,,34945,,,-23.568593,-46.46857925,,,,2,2023-06-17T16:13:58+00:00
SAO_4002-10,São Paulo,3550308,True,,34945,,,-23.551964500000004,-46.395255000000006,,,,2,2023-06-17T16:11:26+00:00
SAO_4002-10,São Paulo,3550308,True,,34945,,,-23.558238,-46.399558999999996,,,,2,2023-06-17T16:13:32+00:00
SAO_4002-10,São Paulo,3550308,True,,34945,,,-23.557927,-46.399613,,,,2,2023-06-17T16:14:03+00:00
SAO_4053-10,São Paulo,3550308,True,,2146,,,-23.544934,-46.408266,,,,1,2023-06-17T16:14:06+00:00
SAO_4053-10,São Paulo,3550308,True,,2146,,,-23.553117999999998,-46.394191,,,,1,2023-06-17T16:14:03+00:00
SAO_4053-10,São Paulo,3550308,True,,2146,,,-23.5590895,-46.399975,,,,1,2023-06-17T16:14:06+00:00
SAO_817C-10,São Paulo,3550308,True,,1337,,,-23.5217005,-46.700518,,,,1,2023-06-17T16:13:43+00:00
SAO_817C-10,São Paulo,3550308,True,,1337,,,-23.5217005,-46.700518,,,,1,2023-06-17T16:12:00+00:00
SAO_817C-10,São Paulo,3550308,True,,1337,,,-23.5473585,-46.6892985,,,,1,2023-06-17T16:13:49+00:00
SAO_1709-10,São Paulo,3550308,True,,33619,,,-23.479985,-46.603936000000004,,,,2,2023-06-17T16:13:46+00:00
SAO_1709-10,São Paulo,3550308,True,,33619,,,-23.44072075,-46.581562000000005,,,,2,2023-06-17T16:13:50+00:00
SAO_1709-10,São Paulo,3550308,True,,33619,,,-23.463499,-46.602832,,,,2,2023-06-17T16:13:29+00:00
SAO_1709-10,São Paulo,3550308,True,,33619,,,-23.44072075,-46.581562000000005,,,,2,2023-06-17T16:13:08+00:00
SAO_1709-10,São Paulo,3550308,True,,33619,,,-23.479985,-46.603936000000004,,,,2,2023-06-17T16:13:55+00:00
SAO_1709-10,São Paulo,3550308,True,,33619,,,-23.44072075,-46.581562000000005,,,,2,2023-06-17T16:13:32+00:00
SAO_1709-10,São Paulo,3550308,True,,33619,,,-23.44954,-46.594313,,,,2,2023-06-17T16:12:08+00:00
SAO_1709-10,São Paulo,3550308,True,,33619,,,-23.479985,-46.603936000000004,,,,2,2023-06-17T16:13:48+00:00
SAO_372U-10,São Paulo,3550308,True,,1016,,,-23.567309,-46.5407875,,,,1,2023-06-17T16:13:23+00:00
SAO_372U-10,São Paulo,3550308,True,,1016,,,-23.54132,-46.57769475,,,,1,2023-06-17T16:13:55+00:00
SAO_372U-10,São Paulo,3550308,True,,1016,,,-23.553342999999998,-46.5434925,,,,1,2023-06-17T16:13:26+00:00
SAO_372U-10,São Paulo,3550308,True,,1016,,,-23.5564715,-46.537433,,,,1,2023-06-17T16:13:26+00:00
SAO_372U-10,São Paulo,3550308,True,,1016,,,-23.5623905,-46.550664499999996,,,,1,2023-06-17T16:14:03+00:00
SAO_372U-10,São Paulo,3550308,True,,1016,,,-23.553693,-46.561251999999996,,,,1,2023-06-17T16:13:26+00:00
SAO_6072-10,São Paulo,3550308,True,,1588,,,-23.79605,-46.711231999999995,,,,1,2023-06-17T16:13:58+00:00
SAO_6072-10,São Paulo,3550308,True,,1588,,,-23.827404,-46.697334,,,,1,2023-06-17T16:13:54+00:00
SAO_6072-10,São Paulo,3550308,True,,1588,,,-23.7665845,-46.7163125,,,,1,2023-06-17T16:13:44+00:00
SAO_6072-10,São Paulo,3550308,True,,1588,,,-23.825627,-46.706753500000005,,,,1,2023-06-17T16:13:46+00:00
SAO_3539-10,São Paulo,3550308,True,,33516,,,-23.60109525,-46.39926,,,,2,2023-06-17T16:13:58+00:00
SAO_3539-10,São Paulo,3550308,True,,33516,,,-23.5956305,-46.43828325,,,,2,2023-06-17T16:14:03+00:00
SAO_3539-10,São Paulo,3550308,True,,33516,,,-23.6008165,-46.399510500000005,,,,2,2023-06-17T16:14:08+00:00
SAO_3539-10,São Paulo,3550308,True,,33516,,,-23.5355785,-46.494305499999996,,,,2,2023-06-17T16:13:51+00:00
SAO_3539-10,São Paulo,3550308,True,,33516,,,-23.545613,-46.59767175,,,,2,2023-06-17T16:13:47+00:00
SAO_3539-10,São Paulo,3550308,True,,33516,,,-23.567326,-46.463332,,,,2,2023-06-17T16:13:55+00:00
SAO_3539-10,São Paulo,3550308,True,,33516,,,-23.601313750000003,-46.399062,,,,2,2023-06-17T16:13:36+00:00
SAO_3539-10,São Paulo,3550308,True,,33516,,,-23.58055825,-46.413486750000004,,,,2,2023-06-17T16:13:59+00:00
SAO_273J-10,São Paulo,3550308,True,STT,389,https://moovitapp.com/index/pt-br/transporte_p%C3%BAblico-line-389-Sao_Paulo-242-850661-183299-0,5.3,-23.5175915,-46.4751235,,,,1,2023-06-17T16:13:55+00:00
SAO_273J-10,São Paulo,3550308,True,STT,389,https://moovitapp.com/index/pt-br/transporte_p%C3%BAblico-line-389-Sao_Paulo-242-850661-183299-0,5.3,-23.478862499999998,-46.3845735,,,,1,2023-06-17T16:13:56+00:00
SAO_273J-10,São Paulo,3550308,True,STT,389,https://moovitapp.com/index/pt-br/transporte_p%C3%BAblico-line-389-Sao_Paulo-242-850661-183299-0,5.3,-23.484522750000004,-46.425729125000004,,,,1,2023-06-17T16:13:51+00:00
SAO_1896-10,São Paulo,3550308,True,,2520,,,-23.4444145,-46.7533035,,,,1,2023-06-17T16:13:29+00:00
SAO_1896-10,São Paulo,3550308,True,,2520,,,-23.441404499999997,-46.752692,,,,1,2023-06-17T16:13:57+00:00
SAO_1896-10,São Paulo,3550308,True,,2520,,,-23.509892,-46.722094999999996,,,,1,2023-06-17T16:13:48+00:00
SAO_1896-10,São Paulo,3550308,True,,2520,,,-23.547871999999998,-46.642169499999994,,,,1,2023-06-17T16:14:03+00:00
SAO_4021-10,São Paulo,3550308,True,,35316,,,-23.56172575,-46.446333249999995,,,,2,2023-06-17T16:14:00+00:00
SAO_4021-10,São Paulo,3550308,True,,35316,,,-23.542792499999997,-46.470580999999996,,,,2,2023-06-17T16:13:35+00:00
SAO_4021-10,São Paulo,3550308,True,,35316,,,-23.553564625,-46.45630200000001,,,,2,2023-06-17T16:13:24+00:00
SAO_4021-10,São Paulo,3550308,True,,35316,,,-23.542766999999998,-46.470433,,,,2,2023-06-17T16:13:44+00:00
SAO_4021-10,São Paulo,3550308,True,,35316,,,-23.542792499999997,-46.470580999999996,,,,2,2023-06-17T16:13:26+00:00
SAO_4021-10,São Paulo,3550308,True,,35316,,,-23.542792499999997,-46.470580999999996,,,,2,2023-06-17T16:14:04+00:00
SAO_3763-10,São Paulo,3550308,True,,1054,,,-23.5673395,-46.541951,,,,1,2023-06-17T16:13:41+00:00
SAO_3763-10,São Paulo,3550308,True,,1054,,,-23.5449735,-46.573011750000006,,,,1,2023-06-17T16:13:42+00:00
SAO_3763-10,São Paulo,3550308,True,,1054,,,-23.568082750000002,-46.55362775,,,,1,2023-06-17T16:13:23+00:00
SAO_3763-10,São Paulo,3550308,True,,1054,,,-23.546034187500005,-46.5574125,,,,1,2023-06-17T16:13:32+00:00
SAO_3763-10,São Paulo,3550308,True,,1054,,,-23.5577635,-46.522865499999995,,,,1,2023-06-17T16:14:02+00:00
SAO_3763-10,São Paulo,3550308,True,,1054,,,-23.5577635,-46.522865499999995,,,,1,2023-06-17T16:13:26+00:00
SAO_675I-10,São Paulo,3550308,True,,32836,,,-23.643911000000003,-46.733135000000004,,,,2,2023-06-17T16:13:41+00:00
SAO_675I-10,São Paulo,3550308,True,,32836,,,-23.626585499999997,-46.663843,,,,2,2023-06-17T16:13:59+00:00
SAO_675I-10,São Paulo,3550308,True,,32836,,,-23.643900000000002,-46.733340999999996,,,,2,2023-06-17T16:13:58+00:00
SAO_675I-10,São Paulo,3550308,True,,32836,,,-23.64531,-46.7130375,,,,2,2023-06-17T16:14:01+00:00
SAO_746H-10,São Paulo,3550308,True,STT,785,https://moovitapp.com/index/pt-br/transporte_p%C3%BAblico-line-785-Sao_Paulo-242-850661-183353-0,5.3,-23.6491045,-46.7063595,,,,1,2023-06-17T16:13:27+00:00
SAO_746H-10,São Paulo,3550308,True,STT,785,https://moovitapp.com/index/pt-br/transporte_p%C3%BAblico-line-785-Sao_Paulo-242-850661-183353-0,5.3,-23.608549500000002,-46.72601325000001,,,,1,2023-06-17T16:13:27+00:00
SAO_746H-10,São Paulo,3550308,True,STT,785,https://moovitapp.com/index/pt-br/transporte_p%C3%BAblico-line-785-Sao_Paulo-242-850661-183353-0,5.3,-23.644886,-46.71169475,,,,1,2023-06-17T16:13:31+00:00
SAO_746H-10,São Paulo,3550308,True,STT,785,https://moovitapp.com/index/pt-br/transporte_p%C3%BAblico-line-785-Sao_Paulo-242-850661-183353-0,5.3,-23.5936725,-46.753572500000004,,,,1,2023-06-17T16:13:59+00:00
SAO_746H-10,São Paulo,3550308,True,STT,785,https://moovitapp.com/index/pt-br/transporte_p%C3%BAblico-line-785-Sao_Paulo-242-850661-183353-0,5.3,-23.5940625,-46.742419999999996,,,,1,2023-06-17T16:13:15+00:00
SAO_746H-10,São Paulo,3550308,True,STT,785,https://moovitapp.com/index/pt-br/transporte_p%C3%BAblico-line-785-Sao_Paulo-242-850661-183353-0,5.3,-23.5915055,-46.72180525,,,,1,2023-06-17T16:13:58+00:00
SAO_746H-10,São Paulo,3550308,True,STT,785,https://moovitapp.com/index/pt-br/transporte_p%C3%BAblico-line-785-Sao_Paulo-242-850661-183353-0,5.3,-23.6488435,-46.7061845,,,,1,2023-06-17T16:13:36+00:00
SAO_746H-10,São Paulo,3550308,True,STT,785,https://moovitapp.com/index/pt-br/transporte_p%C3%BAblico-line-785-Sao_Paulo-242-850661-183353-0,5.3,-23.641881499999997,-46.73664275,,,,1,2023-06-17T16:13:58+00:00
SAO_2720-10,São Paulo,3550308,True,,33701,,,-23.50730575,-46.485335750000004,,,,2,2023-06-17T16:14:08+00:00
SAO_2720-10,São Paulo,3550308,True,,33701,,,-23.493021,-46.470974,,,,2,2023-06-17T16:12:47+00:00
SAO_2720-10,São Paulo,3550308,True,,33701,,,-23.492872,-46.471083,,,,2,2023-06-17T16:13:27+00:00
SAO_2720-10,São Paulo,3550308,True,,33701,,,-23.493471,-46.470558,,,,2,2023-06-17T16:13:57+00:00
SAO_2720-10,São Paulo,3550308,True,,33701,,,-23.522538500000003,-46.5183175,,,,2,2023-06-17T16:13:38+00:00
SAO_407A-10,São Paulo,3550308,True,,34962,,,-23.5637455,-46.502182000000005,,,,2,2023-06-17T16:13:22+00:00
SAO_407A-10,São Paulo,3550308,True,,34962,,,-23.553181000000002,-46.578834125,,,,2,2023-06-17T16:13:30+00:00
SAO_407A-10,São Paulo,3550308,True,,34962,,,-23.54112875,-46.616783250000005,,,,2,2023-06-17T16:13:40+00:00
SAO_407A-10,São Paulo,3550308,True,,34962,,,-23.5633835,-46.501695,,,,2,2023-06-17T16:13:32+00:00
SAO_407A-10,São Paulo,3550308,True,,34962,,,-23.552443000000004,-46.57924287499999,,,,2,2023-06-17T16:13:40+00:00
SAO_407A-10,São Paulo,3550308,True,,34962,,,-23.53933275,-46.611677,,,,2,2023-06-17T16:13:53+00:00
SAO_6021-10,São Paulo,3550308,True,EMTU,177,https://moovitapp.com/index/pt-br/transporte_p%C3%BAblico-line-177-Sao_Paulo-242-2038937-36419313-0,5.2,-23.7668205,-46.716344500000005,,,,1,2023-06-17T16:13:30+00:00
SAO_6021-10,São Paulo,3550308,True,EMTU,177,https://moovitapp.com/index/pt-br/transporte_p%C3%BAblico-line-177-Sao_Paulo-242-2038937-36419313-0,5.2,-23.7668205,-46.716344500000005,,,,1,2023-06-17T16:13:51+00:00
SAO_6021-10,São Paulo,3550308,True,EMTU,177,https://moovitapp.com/index/pt-br/transporte_p%C3%BAblico-line-177-Sao_Paulo-242-2038937-36419313-0,5.2,-23.7668205,-46.716344500000005,,,,1,2023-06-17T16:13:45+00:00
SAO_6021-10,São Paulo,3550308,True,EMTU,177,https://moovitapp.com/index/pt-br/transporte_p%C3%BAblico-line-177-Sao_Paulo-242-2038937-36419313-0,5.2,-23.7668205,-46.716344500000005,,,,1,2023-06-17T16:13:29+00:00
SAO_6021-10,São Paulo,3550308,True,EMTU,177,https://moovitapp.com/index/pt-br/transporte_p%C3%BAblico-line-177-Sao_Paulo-242-2038937-36419313-0,5.2,-23.767062,-46.7161295,,,,1,2023-06-17T16:13:57+00:00
SAO_847J-10,São Paulo,3550308,True,,34110,,,-23.555694,-46.74268,,,,2,2023-06-17T16:13:42+00:00
SAO_847J-10,São Paulo,3550308,True,,34110,,,-23.446555500000002,-46.735462999999996,,,,2,2023-06-17T16:13:25+00:00
SAO_695X-10,São Paulo,3550308,True,,1441,,,-23.6424045,-46.6561205,,,,1,2023-06-17T16:13:51+00:00
SAO_695X-10,São Paulo,3550308,True,,1441,,,-23.665155499999997,-46.67816625,,,,1,2023-06-17T16:13:36+00:00
SAO_695X-10,São Paulo,3550308,True,,1441,,,-23.767062,-46.7161295,,,,1,2023-06-17T16:13:59+00:00
SAO_695X-10,São Paulo,3550308,True,,1441,,,-23.767062,-46.7161295,,,,1,2023-06-17T16:13:38+00:00
SAO_695X-10,São Paulo,3550308,True,,1441,,,-23.6465355,-46.639203499999994,,,,1,2023-06-17T16:13:30+00:00
SAO_695X-10,São Paulo,3550308,True,,1441,,,-23.745469,-46.70713275,,,,1,2023-06-17T16:12:50+00:00
SAO_695X-10,São Paulo,3550308,True,,1441,,,-23.693935,-46.698987,,,,1,2023-06-17T16:13:48+00:00
SAO_695X-10,São Paulo,3550308,True,,1441,,,-23.731859999999998,-46.6976735,,,,1,2023-06-17T16:14:02+00:00
SAO_695X-10,São Paulo,3550308,True,,1441,,,-23.76764575,-46.717001249999996,,,,1,2023-06-17T16:14:00+00:00
SAO_695X-10,São Paulo,3550308,True,,1441,,,-23.643197999999998,-46.665606,,,,1,2023-06-17T16:13:41+00:00
SAO_8707-10,São Paulo,3550308,True,,34832,,,-23.571071,-46.759823499999996,,,,2,2023-06-17T16:14:00+00:00
SAO_8707-10,São Paulo,3550308,True,,34832,,,-23.5422895,-46.640137499999994,,,,2,2023-06-17T16:13:41+00:00
SAO_8707-10,São Paulo,3550308,True,,34832,,,-23.567888,-46.742611,,,,2,2023-06-17T16:13:49+00:00
SAO_8707-10,São Paulo,3550308,True,,34832,,,-23.564365000000002,-46.6782645,,,,2,2023-06-17T16:13:49+00:00
SAO_8707-10,São Paulo,3550308,True,,34832,,,-23.534661999999997,-46.6444695,,,,2,2023-06-17T16:13:24+00:00
SAO_8707-10,São Paulo,3550308,True,,34832,,,-23.5829115,-46.762223,,,,2,2023-06-17T16:13:53+00:00
SAO_6041-10,São Paulo,3550308,True,,33986,,,-23.6899145,-46.7808755,,,,2,2023-06-17T16:13:52+00:00
SAO_6041-10,São Paulo,3550308,True,,33986,,,-23.6899145,-46.7808755,,,,2,2023-06-17T16:14:02+00:00
SAO_6041-10,São Paulo,3550308,True,,33986,,,-23.64639175,-46.71053475,,,,2,2023-06-17T16:13:54+00:00
SAO_6041-10,São Paulo,3550308,True,,33986,,,-23.6899145,-46.7808755,,,,2,2023-06-17T16:13:36+00:00
SAO_6041-10,São Paulo,3550308,True,,33986,,,-23.6901555,-46.7807875,,,,2,2023-06-17T16:13:44+00:00
SAO_6041-10,São Paulo,3550308,True,,33986,,,-23.6779205,-46.776494,,,,2,2023-06-17T16:13:57+00:00
SAO_2013-10,São Paulo,3550308,True,,899,,,-23.4699015,-46.654469000000006,,,,1,2023-06-17T16:13:48+00:00
SAO_2013-10,São Paulo,3550308,True,,899,,,-23.461574,-46.67058,,,,1,2023-06-17T16:13:51+00:00
SAO_2013-10,São Paulo,3550308,True,,899,,,-23.458247999999998,-46.656692250000006,,,,1,2023-06-17T16:13:43+00:00
SAO_2013-10,São Paulo,3550308,True,,899,,,-23.460373750000002,-46.6426505,,,,1,2023-06-17T16:13:56+00:00
SAO_736I-10,São Paulo,3550308,True,STT,781,https://moovitapp.com/index/pt-br/transporte_p%C3%BAblico-line-781-Sao_Paulo-242-850661-183349-0,5.3,-23.64951875,-46.70788325,,,,1,2023-06-17T16:13:27+00:00
SAO_736I-10,São Paulo,3550308,True,STT,781,https://moovitapp.com/index/pt-br/transporte_p%C3%BAblico-line-781-Sao_Paulo-242-850661-183349-0,5.3,-23.64927025,-46.70794375,,,,1,2023-06-17T16:13:29+00:00
SAO_736I-10,São Paulo,3550308,True,STT,781,https://moovitapp.com/index/pt-br/transporte_p%C3%BAblico-line-781-Sao_Paulo-242-850661-183349-0,5.3,-23.6498405,-46.707801,,,,1,2023-06-17T16:13:26+00:00
SAO_736I-10,São Paulo,3550308,True,STT,781,https://moovitapp.com/index/pt-br/transporte_p%C3%BAblico-line-781-Sao_Paulo-242-850661-183349-0,5.3,-23.64927025,-46.70794375,,,,1,2023-06-17T16:14:04+00:00
SAO_736I-10,São Paulo,3550308,True,STT,781,https://moovitapp.com/index/pt-br/transporte_p%C3%BAblico-line-781-Sao_Paulo-242-850661-183349-0,5.3,-23.64188625,-46.724348000000006,,,,1,2023-06-17T16:14:06+00:00
SAO_736I-10,São Paulo,3550308,True,STT,781,https://moovitapp.com/index/pt-br/transporte_p%C3%BAblico-line-781-Sao_Paulo-242-850661-183349-0,5.3,-23.638882000000002,-46.749854,,,,1,2023-06-17T16:13:23+00:00
SAO_3738-10,São Paulo,3550308,True,,1038,,,-23.5630765,-46.394354,,,,1,2023-06-17T16:13:50+00:00
SAO_3738-10,São Paulo,3550308,True,,1038,,,-23.5630765,-46.394354,,,,1,2023-06-17T16:13:37+00:00
SAO_3738-10,São Paulo,3550308,True,,1038,,,-23.537301499999998,-46.45370725000001,,,,1,2023-06-17T16:13:29+00:00
SAO_3738-10,São Paulo,3550308,True,,1038,,,-23.55225275,-46.431756,,,,1,2023-06-17T16:13:36+00:00
SAO_3738-10,São Paulo,3550308,True,,1038,,,-23.56751,-46.397960499999996,,,,1,2023-06-17T16:13:33+00:00
SAO_5652-22,São Paulo,3550308,True,,35284,,,-23.716404,-46.688548,,,,2,2023-06-17T16:13:52+00:00
SAO_5652-22,São Paulo,3550308,True,,35284,,,-23.7058085,-46.6886045,,,,2,2023-06-17T16:13:43+00:00
SAO_5652-22,São Paulo,3550308,True,,35284,,,-23.7058085,-46.6886045,,,,2,2023-06-17T16:14:05+00:00
SAO_5652-22,São Paulo,3550308,True,,35284,,,-23.66573175,-46.678098000000006,,,,2,2023-06-17T16:14:01+00:00
SAO_9789-10,São Paulo,3550308,True,,33597,,,-23.513776999999997,-46.6704315,,,,2,2023-06-17T16:12:57+00:00
SAO_9789-10,São Paulo,3550308,True,,33597,,,-23.4962745,-46.683161999999996,,,,2,2023-06-17T16:13:36+00:00
SAO_9789-10,São Paulo,3550308,True,,33597,,,-23.472665250000002,-46.69103375,,,,2,2023-06-17T16:13:18+00:00
SAO_172P-10,São Paulo,3550308,True,,33626,,,-23.5047755,-46.591693,,,,2,2023-06-17T16:12:53+00:00
SAO_172P-10,São Paulo,3550308,True,,33626,,,-23.4773085,-46.5744725,,,,2,2023-06-17T16:11:55+00:00
SAO_172P-10,São Paulo,3550308,True,,33626,,,-23.4424695,-46.589804,,,,2,2023-06-17T16:13:45+00:00
SAO_172P-10,São Paulo,3550308,True,,33626,,,-23.43757025,-46.56626125,,,,2,2023-06-17T16:13:37+00:00
SAO_172P-10,São Paulo,3550308,True,,33626,,,-23.4530495,-46.589155,,,,2,2023-06-17T16:13:46+00:00
SAO_172P-10,São Paulo,3550308,True,,33626,,,-23.479657,-46.581896,,,,2,2023-06-17T16:13:26+00:00
SAO_172P-10,São Paulo,3550308,True,,33626,,,-23.541961124999997,-46.589186749999996,,,,2,2023-06-17T16:13:51+00:00
SAO_172P-10,São Paulo,3550308,True,,33626,,,-23.529298,-46.598245000000006,,,,2,2023-06-17T16:13:43+00:00
SAO_172P-10,São Paulo,3550308,True,,33626,,,-23.4378765,-46.5662585,,,,2,2023-06-17T16:13:56+00:00
SAO_172P-10,São Paulo,3550308,True,,33626,,,-23.4418065,-46.5890285,,,,2,2023-06-17T16:13:56+00:00
SAO_172P-10,São Paulo,3550308,True,,33626,,,-23.43757025,-46.56626125,,,,2,2023-06-17T16:13:47+00:00
SAO_172P-10,São Paulo,3550308,True,,33626,,,-23.4424695,-46.589804,,,,2,2023-06-17T16:13:50+00:00
SAO_8199-10,São Paulo,3550308,True,,33575,,,-23.477278,-46.6812695,,,,2,2023-06-17T16:13:47+00:00
SAO_8199-10,São Paulo,3550308,True,,33575,,,-23.476190125,-46.664108125,,,,2,2023-06-17T16:13:36+00:00
SAO_8199-10,São Paulo,3550308,True,,33575,,,-23.4794995,-46.7471765,,,,2,2023-06-17T16:13:46+00:00
SAO_8199-10,São Paulo,3550308,True,,33575,,,-23.49746425,-46.697986,,,,2,2023-06-17T16:13:53+00:00
SAO_8199-10,São Paulo,3550308,True,,33575,,,-23.468643,-46.7512295,,,,2,2023-06-17T16:13:34+00:00
SAO_8199-10,São Paulo,3550308,True,,33575,,,-23.5012735,-46.700596000000004,,,,2,2023-06-17T16:14:05+00:00
SAO_8199-10,São Paulo,3550308,True,,33575,,,-23.487463499999997,-46.72110537499999,,,,2,2023-06-17T16:14:05+00:00
SAO_8199-10,São Paulo,3550308,True,,33575,,,-23.468757,-46.7514565,,,,2,2023-06-17T16:13:50+00:00
SAO_3032-10,São Paulo,3550308,True,STT,720,https://moovitapp.com/index/pt-br/transporte_p%C3%BAblico-line-720-Sao_Paulo-242-850661-183345-0,5.3,-23.558674,-46.522539,,,,1,2023-06-17T16:13:29+00:00
SAO_3032-10,São Paulo,3550308,True,STT,720,https://moovitapp.com/index/pt-br/transporte_p%C3%BAblico-line-720-Sao_Paulo-242-850661-183345-0,5.3,-23.567772124999998,-46.494083125,,,,1,2023-06-17T16:13:33+00:00
SAO_3032-10,São Paulo,3550308,True,STT,720,https://moovitapp.com/index/pt-br/transporte_p%C3%BAblico-line-720-Sao_Paulo-242-850661-183345-0,5.3,-23.558674,-46.522539,,,,1,2023-06-17T16:13:33+00:00
SAO_908T-10,São Paulo,3550308,True,,34884,,,-23.546217,-46.6305745,,,,2,2023-06-17T16:13:58+00:00
SAO_908T-10,São Paulo,3550308,True,,34884,,,-23.554956625000003,-46.656847375,,,,2,2023-06-17T16:13:51+00:00
SAO_908T-10,São Paulo,3550308,True,,34884,,,-23.5819665,-46.683908,,,,2,2023-06-17T16:13:26+00:00
SAO_908T-10,São Paulo,3550308,True,,34884,,,-23.546217,-46.6305745,,,,2,2023-06-17T16:13:30+00:00
SAO_1177-10,São Paulo,3550308,True,,32897,,,-23.5180825,-46.4756835,,,,2,2023-06-17T16:13:25+00:00
SAO_1177-10,São Paulo,3550308,True,,32897,,,-23.5361185,-46.632417000000004,,,,2,2023-06-17T16:13:54+00:00
SAO_1177-10,São Paulo,3550308,True,,32897,,,-23.517523,-46.480799000000005,,,,2,2023-06-17T16:14:02+00:00
SAO_1177-10,São Paulo,3550308,True,,32897,,,-23.518022000000002,-46.475695,,,,2,2023-06-17T16:13:56+00:00
SAO_1177-10,São Paulo,3550308,True,,32897,,,-23.52177,-46.5257795,,,,2,2023-06-17T16:14:01+00:00
SAO_139A-10,São Paulo,3550308,True,,35219,,,-23.486026000000003,-46.710671500000004,,,,2,2023-06-17T16:13:28+00:00
SAO_139A-10,São Paulo,3550308,True,,35219,,,-23.493809,-46.7018365,,,,2,2023-06-17T16:13:51+00:00
SAO_2127-10,São Paulo,3550308,True,,33461,,,-23.545775499999998,-46.63177,,,,2,2023-06-17T16:13:43+00:00
SAO_2127-10,São Paulo,3550308,True,,33461,,,-23.478293,-46.56974099999999,,,,2,2023-06-17T16:13:49+00:00
SAO_2127-10,São Paulo,3550308,True,,33461,,,-23.4991415,-46.59511875,,,,2,2023-06-17T16:13:35+00:00
SAO_2127-10,São Paulo,3550308,True,,33461,,,-23.478431,-46.570043,,,,2,2023-06-17T16:13:41+00:00
SAO_9011-10,São Paulo,3550308,True,,33646,,,-23.47494,-46.67014399999999,,,,2,2023-06-17T16:13:22+00:00
SAO_9011-10,São Paulo,3550308,True,,33646,,,-23.4544515,-46.7378035,,,,2,2023-06-17T16:14:02+00:00
SAO_9011-10,São Paulo,3550308,True,,33646,,,-23.47494,-46.67014399999999,,,,2,2023-06-17T16:13:45+00:00
SAO_9011-10,São Paulo,3550308,True,,33646,,,-23.467498,-46.6781805,,,,2,2023-06-17T16:13:24+00:00
SAO_9011-10,São Paulo,3550308,True,,33646,,,-23.4352575,-46.716595,,,,2,2023-06-17T16:13:26+00:00
SAO_9011-10,São Paulo,3550308,True,,33646,,,-23.450517,-46.728615500000004,,,,2,2023-06-17T16:13:35+00:00
SAO_477P-10,São Paulo,3550308,True,,33116,,,-23.619089250000002,-46.670711,,,,2,2023-06-17T16:13:23+00:00
SAO_477P-10,São Paulo,3550308,True,,33116,,,-23.6128265,-46.608872,,,,2,2023-06-17T16:13:28+00:00
SAO_477P-10,São Paulo,3550308,True,,33116,,,-23.6150525,-46.6806615,,,,2,2023-06-17T16:13:54+00:00
SAO_477P-10,São Paulo,3550308,True,,33116,,,-23.6128265,-46.608872,,,,2,2023-06-17T16:13:36+00:00
SAO_477P-10,São Paulo,3550308,True,,33116,,,-23.5853465,-46.738911,,,,2,2023-06-17T16:13:54+00:00
SAO_3739-10,São Paulo,3550308,True,,1039,,,-23.612183,-46.425065000000004,,,,1,2023-06-17T16:14:00+00:00
SAO_3739-10,São Paulo,3550308,True,,1039,,,-23.611822,-46.416231499999995,,,,1,2023-06-17T16:13:53+00:00
SAO_3739-10,São Paulo,3550308,True,,1039,,,-23.5426505,-46.471396999999996,,,,1,2023-06-17T16:13:44+00:00
SAO_3739-10,São Paulo,3550308,True,,1039,,,-23.5632265,-46.44612325,,,,1,2023-06-17T16:13:27+00:00
SAO_3739-10,São Paulo,3550308,True,,1039,,,-23.574809000000002,-46.4449745,,,,1,2023-06-17T16:13:25+00:00
SAO_3739-10,São Paulo,3550308,True,,1039,,,-23.594568000000002,-46.442451,,,,1,2023-06-17T16:13:31+00:00
SAO_3739-10,São Paulo,3550308,True,,1039,,,-23.542499499999998,-46.4704655,,,,1,2023-06-17T16:13:26+00:00
SAO_3766-51,São Paulo,3550308,True,,35343,,,-23.549351875,-46.427646,,,,2,2023-06-17T16:13:40+00:00
SAO_3766-51,São Paulo,3550308,True,,35343,,,-23.542686500000002,-46.472357,,,,2,2023-06-17T16:13:57+00:00
SAO_3766-51,São Paulo,3550308,True,,35343,,,-23.54856325,-46.43735375,,,,2,2023-06-17T16:13:46+00:00
SAO_3766-51,São Paulo,3550308,True,,35343,,,-23.537288750000002,-46.45072525,,,,2,2023-06-17T16:13:27+00:00
SAO_675I-10,São Paulo,3550308,True,BR7 Mobilidade,68,https://moovitapp.com/index/pt-br/transporte_p%C3%BAblico-line-68-Sao_Paulo-242-851856-560661-0,5.75,-23.6236595,-46.68536125,,,,1,2023-06-17T16:14:05+00:00
SAO_675I-10,São Paulo,3550308,True,BR7 Mobilidade,68,https://moovitapp.com/index/pt-br/transporte_p%C3%BAblico-line-68-Sao_Paulo-242-851856-560661-0,5.75,-23.614800625,-46.64985525,,,,1,2023-06-17T16:13:46+00:00
SAO_8016-10,São Paulo,3550308,True,,34114,,,-23.4435615,-46.735414500000005,,,,2,2023-06-17T16:13:40+00:00
SAO_8016-10,São Paulo,3550308,True,,34114,,,-23.445055125000003,-46.717170875,,,,2,2023-06-17T16:13:41+00:00
SAO_8016-10,São Paulo,3550308,True,,34114,,,-23.482476499999997,-46.7231825,,,,2,2023-06-17T16:13:56+00:00
SAO_8016-10,São Paulo,3550308,True,,34114,,,-23.443813499999997,-46.735476500000004,,,,2,2023-06-17T16:13:37+00:00
SAO_8016-10,São Paulo,3550308,True,,34114,,,-23.4329245,-46.727258,,,,2,2023-06-17T16:13:30+00:00
SAO_637V-10,São Paulo,3550308,True,,32872,,,-23.6542405,-46.710969,,,,2,2023-06-17T16:14:01+00:00
SAO_637V-10,São Paulo,3550308,True,,32872,,,-23.7282495,-46.6826885,,,,2,2023-06-17T16:13:53+00:00
SAO_637V-10,São Paulo,3550308,True,,32872,,,-23.7049335,-46.702473499999996,,,,2,2023-06-17T16:13:47+00:00
SAO_637V-10,São Paulo,3550308,True,,32872,,,-23.73839,-46.688661499999995,,,,2,2023-06-17T16:13:44+00:00
SAO_3787-10,São Paulo,3550308,True,,1612,,,-23.562721,-46.446076500000004,,,,1,2023-06-17T16:14:06+00:00
SAO_3787-10,São Paulo,3550308,True,,1612,,,-23.562426875,-46.446031,,,,1,2023-06-17T16:13:30+00:00
SAO_3787-10,São Paulo,3550308,True,,1612,,,-23.5443405,-46.4653265,,,,1,2023-06-17T16:13:24+00:00
SAO_3787-10,São Paulo,3550308,True,,1612,,,-23.5846065,-46.4089625,,,,1,2023-06-17T16:13:30+00:00
SAO_3787-10,São Paulo,3550308,True,,1612,,,-23.5629695,-46.44609975,,,,1,2023-06-17T16:13:46+00:00
SAO_3787-10,São Paulo,3550308,True,,1612,,,-23.542492,-46.470424,,,,1,2023-06-17T16:13:46+00:00
SAO_3787-10,São Paulo,3550308,True,,1612,,,-23.591983499999998,-46.444111500000005,,,,1,2023-06-17T16:13:49+00:00
SAO_107T-10,São Paulo,3550308,True,,33389,,,-23.4810725,-46.603761500000005,,,,2,2023-06-17T16:13:32+00:00
SAO_107T-10,São Paulo,3550308,True,,33389,,,-23.4810725,-46.603761500000005,,,,2,2023-06-17T16:13:38+00:00
SAO_107T-10,São Paulo,3550308,True,,33389,,,-23.515918624999998,-46.62500625,,,,2,2023-06-17T16:13:43+00:00
SAO_107T-10,São Paulo,3550308,True,,33389,,,-23.567010500000002,-46.7014225,,,,2,2023-06-17T16:13:52+00:00
SAO_107T-10,São Paulo,3550308,True,,33389,,,-23.5733325,-46.676092749999995,,,,2,2023-06-17T16:13:37+00:00
SAO_107T-10,São Paulo,3550308,True,,33389,,,-23.481503500000002,-46.60353,,,,2,2023-06-17T16:13:57+00:00
SAO_107T-10,São Paulo,3550308,True,,33389,,,-23.5661885,-46.702104000000006,,,,2,2023-06-17T16:14:00+00:00
SAO_107T-10,São Paulo,3550308,True,,33389,,,-23.509444000000002,-46.624838,,,,2,2023-06-17T16:13:22+00:00
SAO_2104-10,São Paulo,3550308,True,,35023,,,-23.546910500000003,-46.6306845,,,,2,2023-06-17T16:14:06+00:00
SAO_2104-10,São Paulo,3550308,True,,35023,,,-23.502574,-46.624022999999994,,,,2,2023-06-17T16:13:50+00:00
SAO_2104-10,São Paulo,3550308,True,,35023,,,-23.5318015,-46.6254675,,,,2,2023-06-17T16:13:41+00:00
SAO_2104-10,São Paulo,3550308,True,,35023,,,-23.503133,-46.624143000000004,,,,2,2023-06-17T16:13:50+00:00
SAO_8050-31,São Paulo,3550308,True,,33183,,,-23.446649,-46.7985095,,,,2,2023-06-17T16:13:55+00:00
SAO_5035-10,São Paulo,3550308,True,,1668,,,-23.629944000000002,-46.5885565,,,,1,2023-06-17T16:14:02+00:00
SAO_5035-10,São Paulo,3550308,True,,1668,,,-23.6074965,-46.5975975,,,,1,2023-06-17T16:13:40+00:00
SAO_5028-10,São Paulo,3550308,True,,1634,,,-23.57206,-46.606750375,,,,1,2023-06-17T16:13:26+00:00
SAO_1705-10,São Paulo,3550308,True,,849,,,-23.443365,-46.589582500000006,,,,1,2023-06-17T16:13:48+00:00
SAO_1705-10,São Paulo,3550308,True,,849,,,-23.4638295,-46.5956875,,,,1,2023-06-17T16:06:18+00:00
SAO_1705-10,São Paulo,3550308,True,,849,,,-23.443497,-46.5890665,,,,1,2023-06-17T16:13:50+00:00
SAO_1705-10,São Paulo,3550308,True,,849,,,-23.4458615,-46.589753,,,,1,2023-06-17T16:13:27+00:00
SAO_1705-10,São Paulo,3550308,True,,849,,,-23.441766,-46.588329,,,,1,2023-06-17T16:13:42+00:00
SAO_1705-10,São Paulo,3550308,True,,849,,,-23.44363225,-46.587055500000005,,,,1,2023-06-17T16:13:40+00:00
SAO_971R-10,São Paulo,3550308,True,,614,,,-23.473261,-46.67176,,,,1,2023-06-17T16:13:54+00:00
SAO_971R-10,São Paulo,3550308,True,,614,,,-23.454421500000002,-46.7374495,,,,1,2023-06-17T16:14:06+00:00
SAO_971R-10,São Paulo,3550308,True,,614,,,-23.43384825,-46.720632375,,,,1,2023-06-17T16:14:04+00:00
SAO_971R-10,São Paulo,3550308,True,,614,,,-23.449800500000002,-46.735158,,,,1,2023-06-17T16:14:05+00:00
SAO_971R-10,São Paulo,3550308,True,,614,,,-23.435499999999998,-46.71588675,,,,1,2023-06-17T16:13:30+00:00
SAO_971R-10,São Paulo,3550308,True,,614,,,-23.491898,-46.64937475,,,,1,2023-06-17T16:13:41+00:00
SAO_971R-10,São Paulo,3550308,True,,614,,,-23.454421500000002,-46.7374495,,,,1,2023-06-17T16:13:38+00:00
SAO_971R-10,São Paulo,3550308,True,,614,,,-23.454421500000002,-46.7374495,,,,1,2023-06-17T16:13:49+00:00
SAO_971R-10,São Paulo,3550308,True,,614,,,-23.4757485,-46.66410075,,,,1,2023-06-17T16:13:59+00:00
SAO_971R-10,São Paulo,3550308,True,,614,,,-23.459084,-46.687360999999996,,,,1,2023-06-17T16:14:01+00:00
SAO_971R-10,São Paulo,3550308,True,,614,,,-23.5020055,-46.625392000000005,,,,1,2023-06-17T16:13:26+00:00
SAO_971R-10,São Paulo,3550308,True,,614,,,-23.4371045,-46.7117925,,,,1,2023-06-17T16:13:45+00:00
SAO_573T-10,São Paulo,3550308,True,,34400,,,-23.570087,-46.50773112499999,,,,2,2023-06-17T16:13:57+00:00
SAO_573T-10,São Paulo,3550308,True,,34400,,,-23.613987,-46.5014315,,,,2,2023-06-17T16:09:41+00:00
SAO_573T-10,São Paulo,3550308,True,,34400,,,-23.54760875,-46.539715,,,,2,2023-06-17T16:13:32+00:00
SAO_573T-10,São Paulo,3550308,True,,34400,,,-23.614441499999998,-46.500118,,,,2,2023-06-17T16:13:41+00:00
SAO_573T-10,São Paulo,3550308,True,,34400,,,-23.603921999999997,-46.487112499999995,,,,2,2023-06-17T16:14:07+00:00
SAO_573T-10,São Paulo,3550308,True,,34400,,,-23.596638,-46.495346,,,,2,2023-06-17T16:14:05+00:00
SAO_6052-31,São Paulo,3550308,True,,34600,,,-23.775509999999997,-46.691679,,,,2,2023-06-17T16:13:58+00:00
SAO_6052-31,São Paulo,3550308,True,,34600,,,-23.775509999999997,-46.691679,,,,2,2023-06-17T16:13:34+00:00
SAO_4018-10,São Paulo,3550308,True,,2191,,,-23.583288000000003,-46.409053,,,,1,2023-06-17T16:13:24+00:00
SAO_4018-10,São Paulo,3550308,True,,2191,,,-23.613228499999998,-46.476530999999994,,,,1,2023-06-17T16:13:38+00:00
SAO_4018-10,São Paulo,3550308,True,,2191,,,-23.6011475,-46.399366,,,,1,2023-06-17T16:13:39+00:00
SAO_4018-10,São Paulo,3550308,True,,2191,,,-23.596497,-46.456201,,,,1,2023-06-17T16:13:19+00:00
SAO_4018-10,São Paulo,3550308,True,,2191,,,-23.6011475,-46.399366,,,,1,2023-06-17T16:13:32+00:00
SAO_6837-10,São Paulo,3550308,True,,6,,,-23.6161065,-46.739967,,,,1,2023-06-17T16:13:46+00:00
SAO_6837-10,São Paulo,3550308,True,,6,,,-23.654101,-46.763310000000004,,,,1,2023-06-17T16:13:49+00:00
SAO_6837-10,São Paulo,3550308,True,,6,,,-23.630844500000002,-46.7587345,,,,1,2023-06-17T16:13:31+00:00
SAO_6837-10,São Paulo,3550308,True,,6,,,-23.6161065,-46.739967,,,,1,2023-06-17T16:13:50+00:00
SAO_6837-10,São Paulo,3550308,True,,6,,,-23.6161065,-46.739967,,,,1,2023-06-17T16:13:24+00:00
SAO_6837-10,São Paulo,3550308,True,,6,,,-23.61848325,-46.74882275,,,,1,2023-06-17T16:14:03+00:00
SAO_6837-10,São Paulo,3550308,True,,6,,,-23.616293499999998,-46.73999,,,,1,2023-06-17T16:14:03+00:00
SAO_2028-10,São Paulo,3550308,True,,35031,,,-23.434402499999997,-46.5717385,,,,2,2023-06-17T16:13:54+00:00
SAO_2028-10,São Paulo,3550308,True,,35031,,,-23.4685,-46.593231,,,,2,2023-06-17T16:13:25+00:00
SAO_2028-10,São Paulo,3550308,True,,35031,,,-23.4341645,-46.5716975,,,,2,2023-06-17T16:13:57+00:00
SAO_5020-10,São Paulo,3550308,True,,34438,,,-23.5985955,-46.60525774999999,,,,2,2023-06-17T16:13:44+00:00
SAO_5020-10,São Paulo,3550308,True,,34438,,,-23.6102245,-46.59347325,,,,2,2023-06-17T16:14:04+00:00
SAO_2059-10,São Paulo,3550308,True,,33028,,,-23.491044000000002,-46.4416915,,,,2,2023-06-17T16:14:02+00:00
SAO_2059-10,São Paulo,3550308,True,,33028,,,-23.527441500000002,-46.417909,,,,2,2023-06-17T16:13:35+00:00
SAO_2059-10,São Paulo,3550308,True,,33028,,,-23.5151885,-46.424224249999995,,,,2,2023-06-17T16:13:45+00:00
SAO_2059-10,São Paulo,3550308,True,,33028,,,-23.542082999999998,-46.41141950000001,,,,2,2023-06-17T16:13:59+00:00
SAO_2059-10,São Paulo,3550308,True,,33028,,,-23.491025999999998,-46.441859,,,,2,2023-06-17T16:14:04+00:00
SAO_3745-10,São Paulo,3550308,True,,1044,,,-23.590568500000003,-46.505572375,,,,1,2023-06-17T16:13:38+00:00
SAO_3745-10,São Paulo,3550308,True,,1044,,,-23.553335500000003,-46.528827,,,,1,2023-06-17T16:13:38+00:00
SAO_3745-10,São Paulo,3550308,True,,1044,,,-23.574144500000003,-46.520179,,,,1,2023-06-17T16:13:53+00:00
SAO_3745-10,São Paulo,3550308,True,,1044,,,-23.541414000000003,-46.57794225,,,,1,2023-06-17T16:13:47+00:00
SAO_607C-10,São Paulo,3550308,True,,1977,,,-23.607378000000004,-46.6935535,,,,1,2023-06-17T16:14:04+00:00
SAO_607C-10,São Paulo,3550308,True,,1977,,,-23.678982,-46.640367,,,,1,2023-06-17T16:13:46+00:00
SAO_607C-10,São Paulo,3550308,True,,1977,,,-23.6896565,-46.635254,,,,1,2023-06-17T16:13:26+00:00
SAO_607C-10,São Paulo,3550308,True,,1977,,,-23.634184,-46.6792825,,,,1,2023-06-17T16:13:47+00:00
SAO_607C-10,São Paulo,3550308,True,,1977,,,-23.6659575,-46.656566999999995,,,,1,2023-06-17T16:13:41+00:00
SAO_172P-10,São Paulo,3550308,True,,858,,,-23.49406025,-46.597854,,,,1,2023-06-17T16:13:58+00:00
SAO_172P-10,São Paulo,3550308,True,,858,,,-23.441876999999998,-46.5883755,,,,1,2023-06-17T16:14:03+00:00
SAO_172P-10,São Paulo,3550308,True,,858,,,-23.441848999999998,-46.588781499999996,,,,1,2023-06-17T16:14:00+00:00
SAO_172P-10,São Paulo,3550308,True,,858,,,-23.44281925,-46.5898795,,,,1,2023-06-17T16:13:56+00:00
SAO_172P-10,São Paulo,3550308,True,,858,,,-23.43763,-46.566441999999995,,,,1,2023-06-17T16:14:03+00:00
SAO_172P-10,São Paulo,3550308,True,,858,,,-23.46398175,-46.58406825,,,,1,2023-06-17T16:11:23+00:00
SAO_172P-10,São Paulo,3550308,True,,858,,,-23.513305250000002,-46.585824625,,,,1,2023-06-17T16:14:00+00:00
SAO_172P-10,São Paulo,3550308,True,,858,,,-23.482828249999997,-46.590039000000004,,,,1,2023-06-17T16:13:39+00:00
SAO_172P-10,São Paulo,3550308,True,,858,,,-23.4383245,-46.567105999999995,,,,1,2023-06-17T16:11:53+00:00
SAO_715M-10,São Paulo,3550308,True,,33258,,,-23.57056975,-46.6439075,,,,2,2023-06-17T16:14:06+00:00
SAO_715M-10,São Paulo,3550308,True,,33258,,,-23.583236999999997,-46.761977,,,,2,2023-06-17T16:13:47+00:00
SAO_715M-10,São Paulo,3550308,True,,33258,,,-23.570012124999998,-46.712261874999996,,,,2,2023-06-17T16:13:56+00:00
SAO_715M-10,São Paulo,3550308,True,,33258,,,-23.583534999999998,-46.7620345,,,,2,2023-06-17T16:13:40+00:00
SAO_715M-10,São Paulo,3550308,True,,33258,,,-23.5566095,-46.634146,,,,2,2023-06-17T16:13:33+00:00
SAO_2080-10,São Paulo,3550308,True,,371,,,-23.5287765,-46.554375,,,,1,2023-06-17T16:13:29+00:00
SAO_2080-10,São Paulo,3550308,True,,371,,,-23.496196499999996,-46.4023325,,,,1,2023-06-17T16:13:26+00:00
SAO_2080-10,São Paulo,3550308,True,,371,,,-23.49469925,-46.4135045,,,,1,2023-06-17T16:14:05+00:00
SAO_2080-10,São Paulo,3550308,True,,371,,,-23.5105755,-46.3667395,,,,1,2023-06-17T16:13:53+00:00
SAO_4721-10,São Paulo,3550308,True,EMTU,337,https://moovitapp.com/index/pt-br/transporte_p%C3%BAblico-line-337-Sao_Paulo-242-2038937-36419422-0,6.35,-23.6450955,-46.64122625,,,,1,2023-06-17T16:13:27+00:00
SAO_6026-10,São Paulo,3550308,True,,87,,,-23.747842249999998,-46.705809,,,,1,2023-06-17T16:13:33+00:00
SAO_6026-10,São Paulo,3550308,True,,87,,,-23.675330625,-46.689764249999996,,,,1,2023-06-17T16:13:43+00:00
SAO_6026-10,São Paulo,3550308,True,,87,,,-23.709000500000002,-46.699838,,,,1,2023-06-17T16:13:55+00:00
SAO_2009-10,São Paulo,3550308,True,,898,,,-23.5099475,-46.413949,,,,1,2023-06-17T16:05:38+00:00
SAO_2009-10,São Paulo,3550308,True,,898,,,-23.515409499999997,-46.4132365,,,,1,2023-06-17T16:03:59+00:00
SAO_4030-10,São Paulo,3550308,True,,33868,,,-23.608943,-46.477615,,,,2,2023-06-17T16:13:34+00:00
SAO_4030-10,São Paulo,3550308,True,,33868,,,-23.615775499999998,-46.488022,,,,2,2023-06-17T16:13:38+00:00
SAO_4030-10,São Paulo,3550308,True,,33868,,,-23.619519,-46.493243,,,,2,2023-06-17T16:13:58+00:00
SAO_4030-10,São Paulo,3550308,True,,33868,,,-23.610467,-46.476589375,,,,2,2023-06-17T16:14:07+00:00
SAO_4030-10,São Paulo,3550308,True,,33868,,,-23.5926885625,-46.4887616875,,,,2,2023-06-17T16:13:24+00:00
SAO_3796-10,São Paulo,3550308,True,,33842,,,-23.564975,-46.4676125,,,,2,2023-06-17T16:14:06+00:00
SAO_3796-10,São Paulo,3550308,True,,33842,,,-23.58877925,-46.446368875,,,,2,2023-06-17T16:13:54+00:00
SAO_3796-10,São Paulo,3550308,True,,33842,,,-23.58877925,-46.446368875,,,,2,2023-06-17T16:13:56+00:00
SAO_5194-21,São Paulo,3550308,True,,2095,,,-23.688021,-46.663431,,,,1,2023-06-17T16:13:38+00:00
SAO_5194-21,São Paulo,3550308,True,,2095,,,-23.62491625,-46.661489,,,,1,2023-06-17T16:14:00+00:00
SAO_7281-10,São Paulo,3550308,True,,34102,,,-23.543159,-46.6949245,,,,2,2023-06-17T16:13:34+00:00
SAO_7281-10,São Paulo,3550308,True,,34102,,,-23.54262575,-46.640550625,,,,2,2023-06-17T16:13:47+00:00
SAO_7281-10,São Paulo,3550308,True,,34102,,,-23.52363175,-46.70185575,,,,2,2023-06-17T16:13:52+00:00
SAO_5164-10,São Paulo,3550308,True,,1283,,,-23.6431975,-46.6622785,,,,1,2023-06-17T16:13:38+00:00
SAO_5164-10,São Paulo,3550308,True,,1283,,,-23.6466305,-46.6450555,,,,1,2023-06-17T16:13:26+00:00
SAO_5164-10,São Paulo,3550308,True,,1283,,,-23.602343624999996,-46.6350005,,,,1,2023-06-17T16:13:57+00:00
SAO_5164-10,São Paulo,3550308,True,,1283,,,-23.646406,-46.644999,,,,1,2023-06-17T16:14:06+00:00
SAO_5164-10,São Paulo,3550308,True,,1283,,,-23.649483500000002,-46.646519,,,,1,2023-06-17T16:13:23+00:00
SAO_263J-10,São Paulo,3550308,True,EMTU,219,https://moovitapp.com/index/pt-br/transporte_p%C3%BAblico-line-219-Sao_Paulo-242-2038937-36419341-0,8.55,-23.5520285,-46.4343485,,,,1,2023-06-17T16:13:41+00:00
SAO_263J-10,São Paulo,3550308,True,EMTU,219,https://moovitapp.com/index/pt-br/transporte_p%C3%BAblico-line-219-Sao_Paulo-242-2038937-36419341-0,8.55,-23.549966249999997,-46.43092575,,,,1,2023-06-17T16:13:23+00:00
SAO_263J-10,São Paulo,3550308,True,EMTU,219,https://moovitapp.com/index/pt-br/transporte_p%C3%BAblico-line-219-Sao_Paulo-242-2038937-36419341-0,8.55,-23.54970875,-46.43107325,,,,1,2023-06-17T16:13:40+00:00
SAO_263J-10,São Paulo,3550308,True,EMTU,219,https://moovitapp.com/index/pt-br/transporte_p%C3%BAblico-line-219-Sao_Paulo-242-2038937-36419341-0,8.55,-23.53678,-46.452578,,,,1,2023-06-17T16:13:36+00:00
SAO_263J-10,São Paulo,3550308,True,EMTU,219,https://moovitapp.com/index/pt-br/transporte_p%C3%BAblico-line-219-Sao_Paulo-242-2038937-36419341-0,8.55,-23.5121195,-46.5013145,,,,1,2023-06-17T16:13:44+00:00
SAO_263J-10,São Paulo,3550308,True,EMTU,219,https://moovitapp.com/index/pt-br/transporte_p%C3%BAblico-line-219-Sao_Paulo-242-2038937-36419341-0,8.55,-23.54970875,-46.43107325,,,,1,2023-06-17T16:13:46+00:00
SAO_263J-10,São Paulo,3550308,True,EMTU,219,https://moovitapp.com/index/pt-br/transporte_p%C3%BAblico-line-219-Sao_Paulo-242-2038937-36419341-0,8.55,-23.522050999999998,-46.5265755,,,,1,2023-06-17T16:13:23+00:00
SAO_2755-10,São Paulo,3550308,True,,33001,,,-23.540091,-46.394296499999996,,,,2,2023-06-17T16:13:52+00:00
SAO_2755-10,São Paulo,3550308,True,,33001,,,-23.540091,-46.394296499999996,,,,2,2023-06-17T16:13:38+00:00
SAO_2755-10,São Paulo,3550308,True,,33001,,,-23.5163255,-46.4359195,,,,2,2023-06-17T16:11:45+00:00
SAO_1156-10,São Paulo,3550308,True,,659,,,-23.52450025,-46.6303805,,,,1,2023-06-17T16:13:58+00:00
SAO_1156-10,São Paulo,3550308,True,,659,,,-23.513948375,-46.586331125,,,,1,2023-06-17T16:13:35+00:00
SAO_1156-10,São Paulo,3550308,True,,659,,,-23.48918925,-46.569988249999994,,,,1,2023-06-17T16:11:46+00:00
SAO_1156-10,São Paulo,3550308,True,,659,,,-23.486708,-46.568445499999996,,,,1,2023-06-17T16:13:35+00:00
SAO_9023-10,São Paulo,3550308,True,,1437,,,-23.452354999999997,-46.7161835,,,,1,2023-06-17T16:13:34+00:00
SAO_9023-10,São Paulo,3550308,True,,1437,,,-23.4398635,-46.710856,,,,1,2023-06-17T16:13:31+00:00
SAO_9023-10,São Paulo,3550308,True,,1437,,,-23.423046,-46.7140995,,,,1,2023-06-17T16:14:02+00:00
SAO_8600-10,São Paulo,3550308,True,,34200,,,-23.486277,-46.726815875,,,,2,2023-06-17T16:13:40+00:00
SAO_8600-10,São Paulo,3550308,True,,34200,,,-23.486121,-46.726629624999994,,,,2,2023-06-17T16:13:37+00:00
SAO_8600-10,São Paulo,3550308,True,,34200,,,-23.518584124999997,-46.677176625,,,,2,2023-06-17T16:14:00+00:00
SAO_576C-10,São Paulo,3550308,True,,1290,,,-23.655224,-46.64815175,,,,1,2023-06-17T16:13:53+00:00
SAO_576C-10,São Paulo,3550308,True,,1290,,,-23.66546225,-46.69058325,,,,1,2023-06-17T16:13:32+00:00
SAO_576C-10,São Paulo,3550308,True,,1290,,,-23.660086,-46.67857075,,,,1,2023-06-17T16:14:06+00:00
SAO_576C-10,São Paulo,3550308,True,,1290,,,-23.6460055,-46.644996,,,,1,2023-06-17T16:13:46+00:00
SAO_576C-10,São Paulo,3550308,True,,1290,,,-23.638162,-46.6322935,,,,1,2023-06-17T16:13:54+00:00
SAO_2718-10,São Paulo,3550308,True,,931,,,-23.523522125,-46.549204875,,,,1,2023-06-17T16:14:00+00:00
SAO_2718-10,São Paulo,3550308,True,,931,,,-23.498852749999998,-46.5207295,,,,1,2023-06-17T16:13:47+00:00
SAO_546A-10,São Paulo,3550308,True,,1131,,,-23.654280999999997,-46.70443349999999,,,,1,2023-06-17T16:14:04+00:00
SAO_546A-10,São Paulo,3550308,True,,1131,,,-23.68950625,-46.67921375,,,,1,2023-06-17T16:13:35+00:00
SAO_546A-10,São Paulo,3550308,True,,1131,,,-23.6971935,-46.649187,,,,1,2023-06-17T16:13:41+00:00
SAO_6051-31,São Paulo,3550308,True,,34374,,,-23.7621455,-46.689133,,,,2,2023-06-17T16:13:24+00:00
SAO_6051-31,São Paulo,3550308,True,,34374,,,-23.7621455,-46.689133,,,,2,2023-06-17T16:14:07+00:00
SAO_6051-31,São Paulo,3550308,True,,34374,,,-23.7621455,-46.689133,,,,2,2023-06-17T16:14:01+00:00
SAO_3141-10,São Paulo,3550308,True,,734,,,-23.612431,-46.478824,,,,1,2023-06-17T16:13:42+00:00
SAO_3141-10,São Paulo,3550308,True,,734,,,-23.6123785,-46.482487,,,,1,2023-06-17T16:13:23+00:00
SAO_3141-10,São Paulo,3550308,True,,734,,,-23.5948865,-46.525108,,,,1,2023-06-17T16:13:42+00:00
SAO_3141-10,São Paulo,3550308,True,,734,,,-23.612431,-46.478824,,,,1,2023-06-17T16:13:38+00:00
SAO_3141-10,São Paulo,3550308,True,,734,,,-23.5514365,-46.57981,,,,1,2023-06-17T16:14:04+00:00
SAO_7006-51,São Paulo,3550308,True,,34765,,,-23.727213,-46.7863825,,,,2,2023-06-17T16:13:28+00:00
SAO_7006-51,São Paulo,3550308,True,,34765,,,-23.7491515,-46.783023,,,,2,2023-06-17T16:13:46+00:00
SAO_7006-51,São Paulo,3550308,True,,34765,,,-23.724632375,-46.785788249999996,,,,2,2023-06-17T16:13:55+00:00
SAO_7006-51,São Paulo,3550308,True,,34765,,,-23.737536749999997,-46.7806845,,,,2,2023-06-17T16:13:54+00:00
SAO_7006-51,São Paulo,3550308,True,,34765,,,-23.682834,-46.76948325,,,,2,2023-06-17T16:13:55+00:00
SAO_2708-10,São Paulo,3550308,True,,33689,,,-23.533179124999997,-46.40071425,,,,2,2023-06-17T16:13:34+00:00
SAO_2708-10,São Paulo,3550308,True,,33689,,,-23.533335875,-46.40048375,,,,2,2023-06-17T16:13:00+00:00
SAO_2708-10,São Paulo,3550308,True,,33689,,,-23.541932000000003,-46.470695,,,,2,2023-06-17T16:14:02+00:00
SAO_637P-10,São Paulo,3550308,True,,32815,,,-23.625450375,-46.686779625,,,,2,2023-06-17T16:13:55+00:00
SAO_637P-10,São Paulo,3550308,True,,32815,,,-23.5729335,-46.6897095,,,,2,2023-06-17T16:13:31+00:00
SAO_637P-10,São Paulo,3550308,True,,32815,,,-23.590801,-46.672607,,,,2,2023-06-17T16:14:08+00:00
SAO_637P-10,São Paulo,3550308,True,,32815,,,-23.566628,-46.701685499999996,,,,2,2023-06-17T16:13:50+00:00
SAO_637P-10,São Paulo,3550308,True,,32815,,,-23.64351,-46.7007675,,,,2,2023-06-17T16:13:59+00:00
SAO_3064-10,São Paulo,3550308,True,,33748,,,-23.6050105,-46.399430499999994,,,,2,2023-06-17T16:13:58+00:00
SAO_3064-10,São Paulo,3550308,True,,33748,,,-23.602252999999997,-46.3983735,,,,2,2023-06-17T16:13:48+00:00
SAO_3064-10,São Paulo,3550308,True,,33748,,,-23.602252999999997,-46.3983735,,,,2,2023-06-17T16:13:53+00:00
SAO_3064-10,São Paulo,3550308,True,,33748,,,-23.601957499999997,-46.3986365,,,,2,2023-06-17T16:13:44+00:00
SAO_3064-10,São Paulo,3550308,True,,33748,,,-23.590070500000003,-46.408122250000005,,,,2,2023-06-17T16:13:34+00:00
SAO_3064-10,São Paulo,3550308,True,,33748,,,-23.558312,-46.410526000000004,,,,2,2023-06-17T16:13:09+00:00
SAO_8007-10,São Paulo,3550308,True,,1257,,,-23.4881275,-46.7275635,,,,1,2023-06-17T16:14:03+00:00
SAO_5038-10,São Paulo,3550308,True,,1661,,,-23.628922,-46.601921,,,,1,2023-06-17T16:13:49+00:00
SAO_4016-10,São Paulo,3550308,True,,2189,,,-23.613115999999998,-46.476499,,,,1,2023-06-17T16:13:53+00:00
SAO_4016-10,São Paulo,3550308,True,,2189,,,-23.614572,-46.470805999999996,,,,1,2023-06-17T16:14:05+00:00
SAO_297A-10,São Paulo,3550308,True,,2133,,,-23.494899,-46.676648,,,,1,2023-06-17T16:13:32+00:00
SAO_9032-10,São Paulo,3550308,True,STT,880,https://moovitapp.com/index/pt-br/transporte_p%C3%BAblico-line-880-Sao_Paulo-242-850661-183362-0,5.3,-23.44625,-46.69209549999999,,,,1,2023-06-17T16:13:31+00:00
SAO_9032-10,São Paulo,3550308,True,STT,880,https://moovitapp.com/index/pt-br/transporte_p%C3%BAblico-line-880-Sao_Paulo-242-850661-183362-0,5.3,-23.4455,-46.69651399999999,,,,1,2023-06-17T16:13:43+00:00
SAO_9032-10,São Paulo,3550308,True,STT,880,https://moovitapp.com/index/pt-br/transporte_p%C3%BAblico-line-880-Sao_Paulo-242-850661-183362-0,5.3,-23.4462385,-46.692054,,,,1,2023-06-17T16:13:41+00:00
SAO_9032-10,São Paulo,3550308,True,STT,880,https://moovitapp.com/index/pt-br/transporte_p%C3%BAblico-line-880-Sao_Paulo-242-850661-183362-0,5.3,-23.446290750000003,-46.692449249999996,,,,1,2023-06-17T16:13:57+00:00
SAO_9032-10,São Paulo,3550308,True,STT,880,https://moovitapp.com/index/pt-br/transporte_p%C3%BAblico-line-880-Sao_Paulo-242-850661-183362-0,5.3,-23.459582750000003,-46.68836775,,,,1,2023-06-17T16:13:26+00:00
SAO_9032-10,São Paulo,3550308,True,STT,880,https://moovitapp.com/index/pt-br/transporte_p%C3%BAblico-line-880-Sao_Paulo-242-850661-183362-0,5.3,-23.448253,-46.7000765,,,,1,2023-06-17T16:13:56+00:00
SAO_9032-10,São Paulo,3550308,True,STT,880,https://moovitapp.com/index/pt-br/transporte_p%C3%BAblico-line-880-Sao_Paulo-242-850661-183362-0,5.3,-23.473095,-46.672063,,,,1,2023-06-17T16:13:55+00:00
SAO_1780-10,São Paulo,3550308,True,,869,,,-23.486397,-46.608689749999996,,,,1,2023-06-17T16:14:06+00:00
SAO_1780-10,São Paulo,3550308,True,,869,,,-23.4487695,-46.578835999999995,,,,1,2023-06-17T16:13:39+00:00
SAO_1780-10,São Paulo,3550308,True,,869,,,-23.447813,-46.5792565,,,,1,2023-06-17T16:13:51+00:00
SAO_1780-10,São Paulo,3550308,True,,869,,,-23.467654,-46.5942675,,,,1,2023-06-17T16:14:04+00:00
SAO_3064-10,São Paulo,3550308,True,Urubupungá,980,https://moovitapp.com/index/pt-br/transporte_p%C3%BAblico-line-980-Sao_Paulo-242-873835-76224585-0,4.6,-23.598107999999996,-46.40316675,,,,1,2023-06-17T16:13:31+00:00
SAO_3064-10,São Paulo,3550308,True,Urubupungá,980,https://moovitapp.com/index/pt-br/transporte_p%C3%BAblico-line-980-Sao_Paulo-242-873835-76224585-0,4.6,-23.5831885,-46.407001,,,,1,2023-06-17T16:13:56+00:00
SAO_3064-10,São Paulo,3550308,True,Urubupungá,980,https://moovitapp.com/index/pt-br/transporte_p%C3%BAblico-line-980-Sao_Paulo-242-873835-76224585-0,4.6,-23.542768,-46.41466525,,,,1,2023-06-17T16:13:52+00:00
SAO_3064-10,São Paulo,3550308,True,Urubupungá,980,https://moovitapp.com/index/pt-br/transporte_p%C3%BAblico-line-980-Sao_Paulo-242-873835-76224585-0,4.6,-23.565606000000002,-46.415722,,,,1,2023-06-17T16:13:07+00:00
SAO_8010-10,São Paulo,3550308,True,,798,,,-23.488314000000003,-46.7216245,,,,1,2023-06-17T16:13:48+00:00
SAO_8010-10,São Paulo,3550308,True,,798,,,-23.4068285,-46.75701625,,,,1,2023-06-17T16:13:58+00:00
SAO_8010-10,São Paulo,3550308,True,,798,,,-23.4164575,-46.747624,,,,1,2023-06-17T16:13:43+00:00
SAO_8010-10,São Paulo,3550308,True,,798,,,-23.4279175,-46.723665,,,,1,2023-06-17T16:13:34+00:00
SAO_8010-10,São Paulo,3550308,True,,798,,,-23.4573405,-46.719361,,,,1,2023-06-17T16:13:36+00:00
SAO_8010-10,São Paulo,3550308,True,,798,,,-23.51816525,-46.70211325,,,,1,2023-06-17T16:13:29+00:00
SAO_8010-10,São Paulo,3550308,True,,798,,,-23.5077015,-46.707500499999995,,,,1,2023-06-17T16:13:47+00:00
SAO_3728-10,São Paulo,3550308,True,,1025,,,-23.542420999999997,-46.4873125,,,,1,2023-06-17T16:13:59+00:00
SAO_3728-10,São Paulo,3550308,True,,1025,,,-23.573595,-46.490476,,,,1,2023-06-17T16:13:43+00:00
SAO_3728-10,São Paulo,3550308,True,,1025,,,-23.558905,-46.48922949999999,,,,1,2023-06-17T16:13:33+00:00
SAO_3728-41,São Paulo,3550308,True,,34756,,,-23.542556,-46.48409475,,,,2,2023-06-17T16:13:54+00:00
SAO_4288-10,São Paulo,3550308,True,Cidade de Caieiras,290,https://moovitapp.com/index/pt-br/transporte_p%C3%BAblico-line-290-Sao_Paulo-242-868761-496416-0,5.0,-23.610184,-46.5322215,,,,1,2023-06-17T16:13:48+00:00
SAO_4288-10,São Paulo,3550308,True,Cidade de Caieiras,290,https://moovitapp.com/index/pt-br/transporte_p%C3%BAblico-line-290-Sao_Paulo-242-868761-496416-0,5.0,-23.5685715,-46.594419125,,,,1,2023-06-17T16:13:24+00:00
SAO_2005-10,São Paulo,3550308,True,,33661,,,-23.4937995,-46.404846500000005,,,,2,2023-06-17T16:13:01+00:00
SAO_2005-10,São Paulo,3550308,True,,33661,,,-23.490944499999998,-46.445358,,,,2,2023-06-17T16:13:33+00:00
SAO_2021-10,São Paulo,3550308,True,,33674,,,-23.544535,-46.389844,,,,2,2023-06-17T16:13:28+00:00
SAO_2021-10,São Paulo,3550308,True,,33674,,,-23.5444625,-46.3895285,,,,2,2023-06-17T16:13:39+00:00
SAO_2021-10,São Paulo,3550308,True,,33674,,,-23.543597624999997,-46.40407975,,,,2,2023-06-17T16:12:40+00:00
SAO_3712-51,São Paulo,3550308,True,,2505,,,-23.56043375,-46.424766749999996,,,,1,2023-06-17T16:13:26+00:00
SAO_3712-51,São Paulo,3550308,True,,2505,,,-23.5406495,-46.447179000000006,,,,1,2023-06-17T16:13:58+00:00
SAO_3712-51,São Paulo,3550308,True,,2505,,,-23.5419105,-46.4705625,,,,1,2023-06-17T16:13:30+00:00
SAO_737A-10,São Paulo,3550308,True,,1730,,,-23.676166000000002,-46.7493245,,,,1,2023-06-17T16:13:45+00:00
SAO_737A-10,São Paulo,3550308,True,,1730,,,-23.6902125,-46.773815,,,,1,2023-06-17T16:13:39+00:00
SAO_737A-10,São Paulo,3550308,True,,1730,,,-23.6657555,-46.711549000000005,,,,1,2023-06-17T16:13:35+00:00
SAO_737A-10,São Paulo,3550308,True,,1730,,,-23.6902125,-46.773815,,,,1,2023-06-17T16:13:54+00:00
SAO_737A-10,São Paulo,3550308,True,,1730,,,-23.6902125,-46.773815,,,,1,2023-06-17T16:13:24+00:00
SAO_737A-10,São Paulo,3550308,True,,1730,,,-23.666610749999997,-46.720212499999995,,,,1,2023-06-17T16:13:55+00:00
SAO_737A-10,São Paulo,3550308,True,,1730,,,-23.654648,-46.706824999999995,,,,1,2023-06-17T16:14:04+00:00
SAO_737A-10,São Paulo,3550308,True,,1730,,,-23.684230499999998,-46.7698915,,,,1,2023-06-17T16:13:35+00:00
SAO_2722-10,São Paulo,3550308,True,Urubupungá,935,https://moovitapp.com/index/pt-br/transporte_p%C3%BAblico-line-935-Sao_Paulo-242-873835-76437456-0,4.6,-23.514212999999998,-46.5026445,,,,1,2023-06-17T16:13:45+00:00
SAO_2722-10,São Paulo,3550308,True,Urubupungá,935,https://moovitapp.com/index/pt-br/transporte_p%C3%BAblico-line-935-Sao_Paulo-242-873835-76437456-0,4.6,-23.48665025,-46.5026755,,,,1,2023-06-17T16:13:44+00:00
SAO_2722-10,São Paulo,3550308,True,Urubupungá,935,https://moovitapp.com/index/pt-br/transporte_p%C3%BAblico-line-935-Sao_Paulo-242-873835-76437456-0,4.6,-23.490014000000002,-46.490151,,,,1,2023-06-17T16:13:40+00:00
SAO_1744-10,São Paulo,3550308,True,,544,,,-23.503125,-46.6245765,,,,1,2023-06-17T16:13:40+00:00
SAO_1744-10,São Paulo,3550308,True,,544,,,-23.4920485,-46.634155,,,,1,2023-06-17T16:13:39+00:00
SAO_6822-10,São Paulo,3550308,True,Del Rey,22,https://moovitapp.com/index/pt-br/transporte_p%C3%BAblico-line-22-Sao_Paulo-242-868760-496394-0,4.5,-23.65279,-46.778128499999994,,,,1,2023-06-17T16:13:27+00:00
SAO_6822-10,São Paulo,3550308,True,Del Rey,22,https://moovitapp.com/index/pt-br/transporte_p%C3%BAblico-line-22-Sao_Paulo-242-868760-496394-0,4.5,-23.658918,-46.774775500000004,,,,1,2023-06-17T16:13:39+00:00
SAO_6118-10,São Paulo,3550308,True,,33956,,,-23.670498625,-46.7136055,,,,2,2023-06-17T16:14:05+00:00
SAO_6118-10,São Paulo,3550308,True,,33956,,,-23.74605025,-46.70415075,,,,2,2023-06-17T16:13:28+00:00
SAO_6118-10,São Paulo,3550308,True,,33956,,,-23.7435915,-46.70258525,,,,2,2023-06-17T16:14:07+00:00
SAO_6118-10,São Paulo,3550308,True,,33956,,,-23.717993,-46.705508,,,,2,2023-06-17T16:13:45+00:00
SAO_6970-10,São Paulo,3550308,True,,1505,,,-23.737581499999997,-46.697899500000005,,,,1,2023-06-17T16:13:38+00:00
SAO_6970-10,São Paulo,3550308,True,,1505,,,-23.737581499999997,-46.697899500000005,,,,1,2023-06-17T16:13:58+00:00
SAO_6970-10,São Paulo,3550308,True,,1505,,,-23.667343,-46.711971000000005,,,,1,2023-06-17T16:13:46+00:00
SAO_6970-10,São Paulo,3550308,True,,1505,,,-23.737581499999997,-46.697899500000005,,,,1,2023-06-17T16:13:57+00:00
SAO_6970-10,São Paulo,3550308,True,,1505,,,-23.737581499999997,-46.697899500000005,,,,1,2023-06-17T16:13:50+00:00
SAO_6970-10,São Paulo,3550308,True,,1505,,,-23.737581499999997,-46.697899500000005,,,,1,2023-06-17T16:13:11+00:00
SAO_6970-10,São Paulo,3550308,True,,1505,,,-23.737581499999997,-46.697899500000005,,,,1,2023-06-17T16:13:23+00:00
SAO_6970-10,São Paulo,3550308,True,,1505,,,-23.737581499999997,-46.697899500000005,,,,1,2023-06-17T16:13:52+00:00
SAO_516N-10,São Paulo,3550308,True,,33034,,,-23.6817,-46.6375505,,,,2,2023-06-17T16:12:42+00:00
SAO_516N-10,São Paulo,3550308,True,,33034,,,-23.690199749999998,-46.649609,,,,2,2023-06-17T16:13:26+00:00
SAO_516N-10,São Paulo,3550308,True,,33034,,,-23.6143905,-46.6791235,,,,2,2023-06-17T16:14:05+00:00
SAO_516N-10,São Paulo,3550308,True,,33034,,,-23.5887885,-46.675891,,,,2,2023-06-17T16:13:28+00:00
SAO_516N-10,São Paulo,3550308,True,,33034,,,-23.689736500000002,-46.6497535,,,,2,2023-06-17T16:13:57+00:00
SAO_516N-10,São Paulo,3550308,True,,33034,,,-23.659019,-46.663414,,,,2,2023-06-17T16:13:53+00:00
SAO_4085-10,São Paulo,3550308,True,,34924,,,-23.57041325,-46.42864425,,,,2,2023-06-17T16:12:00+00:00
SAO_4085-10,São Paulo,3550308,True,,34924,,,-23.57148,-46.4279995,,,,2,2023-06-17T16:10:41+00:00
SAO_4085-10,São Paulo,3550308,True,,34924,,,-23.558557999999998,-46.4461055,,,,2,2023-06-17T16:10:01+00:00
SAO_7545-10,São Paulo,3550308,True,,33272,,,-23.593673000000003,-46.776494,,,,2,2023-06-17T16:13:30+00:00
SAO_7545-10,São Paulo,3550308,True,,33272,,,-23.5476045,-46.640784,,,,2,2023-06-17T16:14:03+00:00
SAO_7545-10,São Paulo,3550308,True,,33272,,,-23.563919,-46.6774145,,,,2,2023-06-17T16:14:03+00:00
SAO_7545-10,São Paulo,3550308,True,,33272,,,-23.601537,-46.791821999999996,,,,2,2023-06-17T16:13:44+00:00
SAO_7545-10,São Paulo,3550308,True,,33272,,,-23.6016895,-46.791908,,,,2,2023-06-17T16:13:29+00:00
SAO_2715-10,São Paulo,3550308,True,,33696,,,-23.4981815,-46.502826,,,,2,2023-06-17T16:14:06+00:00
SAO_2715-10,São Paulo,3550308,True,,33696,,,-23.49561,-46.501599,,,,2,2023-06-17T16:13:40+00:00
SAO_2715-10,São Paulo,3550308,True,,33696,,,-23.51583125,-46.497559499999994,,,,2,2023-06-17T16:13:22+00:00
SAO_2715-10,São Paulo,3550308,True,,33696,,,-23.497541,-46.5026115,,,,2,2023-06-17T16:13:52+00:00
SAO_3773-10,São Paulo,3550308,True,,33827,,,-23.60428225,-46.48109225,,,,2,2023-06-17T16:13:49+00:00
SAO_3773-10,São Paulo,3550308,True,,33827,,,-23.5766055,-46.5020475,,,,2,2023-06-17T16:13:57+00:00
SAO_3773-10,São Paulo,3550308,True,,33827,,,-23.6118905,-46.466438,,,,2,2023-06-17T16:13:50+00:00
SAO_3773-10,São Paulo,3550308,True,,33827,,,-23.615998,-46.4650945,,,,2,2023-06-17T16:13:38+00:00
SAO_6012-10,São Paulo,3550308,True,,33972,,,-23.6869815,-46.7875065,,,,2,2023-06-17T16:13:27+00:00
SAO_6012-10,São Paulo,3550308,True,,33972,,,-23.6869815,-46.7875065,,,,2,2023-06-17T16:13:46+00:00
SAO_6012-10,São Paulo,3550308,True,,33972,,,-23.683644,-46.7697455,,,,2,2023-06-17T16:13:49+00:00
SAO_6012-10,São Paulo,3550308,True,,33972,,,-23.667395499999998,-46.729535,,,,2,2023-06-17T16:13:47+00:00
SAO_3099-10,São Paulo,3550308,True,,1079,,,-23.6129015,-46.444473,,,,1,2023-06-17T16:13:54+00:00
SAO_3099-10,São Paulo,3550308,True,,1079,,,-23.6123435,-46.4445015,,,,1,2023-06-17T16:13:51+00:00
SAO_3099-10,São Paulo,3550308,True,,1079,,,-23.593915375,-46.4882985,,,,1,2023-06-17T16:13:53+00:00
SAO_3099-10,São Paulo,3550308,True,,1079,,,-23.6112635,-46.4540455,,,,1,2023-06-17T16:13:51+00:00
SAO_3099-10,São Paulo,3550308,True,,1079,,,-23.60590275,-46.4797095,,,,1,2023-06-17T16:13:32+00:00
SAO_3099-10,São Paulo,3550308,True,,1079,,,-23.612089750000003,-46.45466925,,,,1,2023-06-17T16:13:42+00:00
SAO_5759-10,São Paulo,3550308,True,,33906,,,-23.6875955,-46.641424,,,,2,2023-06-17T16:13:46+00:00
SAO_5759-10,São Paulo,3550308,True,,33906,,,-23.6947445,-46.64808025,,,,2,2023-06-17T16:13:56+00:00
SAO_5759-10,São Paulo,3550308,True,,33906,,,-23.6948495,-46.64830975,,,,2,2023-06-17T16:13:44+00:00
SAO_5759-10,São Paulo,3550308,True,,33906,,,-23.659736000000002,-46.657371499999996,,,,2,2023-06-17T16:13:56+00:00
SAO_5145-10,São Paulo,3550308,True,,1641,,,-23.573541249999998,-46.55886325,,,,1,2023-06-17T16:13:57+00:00
SAO_5145-10,São Paulo,3550308,True,,1641,,,-23.5541348125,-46.63433831249999,,,,1,2023-06-17T16:13:48+00:00
SAO_971V-10,São Paulo,3550308,True,,619,,,-23.50979375,-46.61782475,,,,1,2023-06-17T16:11:27+00:00
SAO_971V-10,São Paulo,3550308,True,,619,,,-23.480584999999998,-46.674085500000004,,,,1,2023-06-17T16:14:03+00:00
SAO_971V-10,São Paulo,3550308,True,,619,,,-23.4931465,-46.671761000000004,,,,1,2023-06-17T16:13:23+00:00
SAO_971V-10,São Paulo,3550308,True,,619,,,-23.487457499999998,-46.672049,,,,1,2023-06-17T16:13:56+00:00
SAO_6049-10,São Paulo,3550308,True,,1309,,,-23.694253,-46.793887,,,,1,2023-06-17T16:13:46+00:00
SAO_6049-10,São Paulo,3550308,True,,1309,,,-23.6501515,-46.70813,,,,1,2023-06-17T16:13:52+00:00
SAO_6049-10,São Paulo,3550308,True,,1309,,,-23.660810249999997,-46.75779899999999,,,,1,2023-06-17T16:13:42+00:00
SAO_6049-10,São Paulo,3550308,True,,1309,,,-23.6930195,-46.7977425,,,,1,2023-06-17T16:13:23+00:00
SAO_475R-10,São Paulo,3550308,True,,33112,,,-23.5470345,-46.6298525,,,,2,2023-06-17T16:13:56+00:00
SAO_475R-10,São Paulo,3550308,True,,33112,,,-23.5470345,-46.6298525,,,,2,2023-06-17T16:13:46+00:00
SAO_475R-10,São Paulo,3550308,True,,33112,,,-23.5470345,-46.6298525,,,,2,2023-06-17T16:13:47+00:00
SAO_475R-10,São Paulo,3550308,True,,33112,,,-23.5470345,-46.6298525,,,,2,2023-06-17T16:14:00+00:00
SAO_475R-10,São Paulo,3550308,True,,33112,,,-23.5470345,-46.6298525,,,,2,2023-06-17T16:13:59+00:00
SAO_475R-10,São Paulo,3550308,True,,33112,,,-23.558980000000002,-46.642120500000004,,,,2,2023-06-17T16:13:23+00:00
SAO_475R-10,São Paulo,3550308,True,,33112,,,-23.5470345,-46.6298525,,,,2,2023-06-17T16:13:27+00:00
SAO_475R-10,São Paulo,3550308,True,,33112,,,-23.627414625,-46.629687625,,,,2,2023-06-17T16:13:52+00:00
SAO_475R-10,São Paulo,3550308,True,,33112,,,-23.5470345,-46.6298525,,,,2,2023-06-17T16:13:32+00:00
SAO_475R-10,São Paulo,3550308,True,,33112,,,-23.5470345,-46.6298525,,,,2,2023-06-17T16:13:49+00:00
SAO_475R-10,São Paulo,3550308,True,,33112,,,-23.5470345,-46.6298525,,,,2,2023-06-17T16:13:34+00:00
SAO_475R-10,São Paulo,3550308,True,,33112,,,-23.585344499999998,-46.64769975,,,,2,2023-06-17T16:13:29+00:00
SAO_475R-10,São Paulo,3550308,True,,33112,,,-23.653473499999997,-46.608090000000004,,,,2,2023-06-17T16:14:00+00:00
SAO_475R-10,São Paulo,3550308,True,,33112,,,-23.5470345,-46.6298525,,,,2,2023-06-17T16:13:54+00:00
SAO_475R-10,São Paulo,3550308,True,,33112,,,-23.5470345,-46.6298525,,,,2,2023-06-17T16:13:51+00:00
SAO_475R-10,São Paulo,3550308,True,,33112,,,-23.5470345,-46.6298525,,,,2,2023-06-17T16:14:05+00:00
SAO_475R-10,São Paulo,3550308,True,,33112,,,-23.5470345,-46.6298525,,,,2,2023-06-17T16:13:37+00:00
SAO_475R-10,São Paulo,3550308,True,,33112,,,-23.5470345,-46.6298525,,,,2,2023-06-17T16:13:45+00:00
SAO_737A-10,São Paulo,3550308,True,,34498,,,-23.6902125,-46.773815,,,,2,2023-06-17T16:14:02+00:00
SAO_737A-10,São Paulo,3550308,True,,34498,,,-23.6903555,-46.7743995,,,,2,2023-06-17T16:13:38+00:00
SAO_737A-10,São Paulo,3550308,True,,34498,,,-23.6902125,-46.773815,,,,2,2023-06-17T16:14:04+00:00
SAO_737A-10,São Paulo,3550308,True,,34498,,,-23.6902125,-46.773815,,,,2,2023-06-17T16:13:24+00:00
SAO_737A-10,São Paulo,3550308,True,,34498,,,-23.6902125,-46.773815,,,,2,2023-06-17T16:13:34+00:00
SAO_5015-10,São Paulo,3550308,True,,1119,,,-23.682921999999998,-46.651296,,,,1,2023-06-17T16:12:31+00:00
SAO_5015-10,São Paulo,3550308,True,,1119,,,-23.668819,-46.635290499999996,,,,1,2023-06-17T16:13:37+00:00
SAO_5015-10,São Paulo,3550308,True,,1119,,,-23.6924525,-46.659774999999996,,,,1,2023-06-17T16:14:02+00:00
SAO_5015-10,São Paulo,3550308,True,,1119,,,-23.6823725,-46.663645,,,,1,2023-06-17T16:14:01+00:00
SAO_695T-10,São Paulo,3550308,True,,34090,,,-23.651277,-46.757588999999996,,,,2,2023-06-17T16:14:05+00:00
SAO_695T-10,São Paulo,3550308,True,,34090,,,-23.60508725,-46.6637195,,,,2,2023-06-17T16:13:24+00:00
SAO_695T-10,São Paulo,3550308,True,,34090,,,-23.6545275,-46.76135549999999,,,,2,2023-06-17T16:14:07+00:00
SAO_695T-10,São Paulo,3550308,True,,34090,,,-23.598013,-46.636750750000004,,,,2,2023-06-17T16:13:26+00:00
SAO_5370-10,São Paulo,3550308,True,,34210,,,-23.6834875,-46.7035025,,,,2,2023-06-17T16:13:47+00:00
SAO_5370-10,São Paulo,3550308,True,,34210,,,-23.65156975,-46.703075999999996,,,,2,2023-06-17T16:13:48+00:00
SAO_5370-10,São Paulo,3550308,True,,34210,,,-23.7187535,-46.698841,,,,2,2023-06-17T16:13:34+00:00
SAO_5370-10,São Paulo,3550308,True,,34210,,,-23.665322,-46.71104,,,,2,2023-06-17T16:10:59+00:00
SAO_5370-10,São Paulo,3550308,True,,34210,,,-23.617413624999998,-46.67527975,,,,2,2023-06-17T16:13:47+00:00
SAO_5370-10,São Paulo,3550308,True,,34210,,,-23.767210499999997,-46.7163985,,,,2,2023-06-17T16:12:31+00:00
SAO_5370-10,São Paulo,3550308,True,,34210,,,-23.551258500000003,-46.6376415,,,,2,2023-06-17T16:13:43+00:00
SAO_174M-10,São Paulo,3550308,True,,33441,,,-23.49497975,-46.615755500000006,,,,2,2023-06-17T16:13:40+00:00
SAO_174M-10,São Paulo,3550308,True,,33441,,,-23.564892,-46.6115175,,,,2,2023-06-17T16:13:46+00:00
SAO_174M-10,São Paulo,3550308,True,,33441,,,-23.517211125,-46.62507725,,,,2,2023-06-17T16:13:36+00:00
SAO_174M-10,São Paulo,3550308,True,,33441,,,-23.53615925,-46.617763000000004,,,,2,2023-06-17T16:13:56+00:00
SAO_174M-10,São Paulo,3550308,True,,33441,,,-23.487747,-46.574346,,,,2,2023-06-17T16:13:44+00:00
SAO_174M-10,São Paulo,3550308,True,,33441,,,-23.487747,-46.574346,,,,2,2023-06-17T16:13:49+00:00
SAO_174M-10,São Paulo,3550308,True,,33441,,,-23.4880165,-46.574464500000005,,,,2,2023-06-17T16:13:31+00:00
SAO_2710-10,São Paulo,3550308,True,,33692,,,-23.528191749999998,-46.49966825,,,,2,2023-06-17T16:13:26+00:00
SAO_2710-10,São Paulo,3550308,True,,33692,,,-23.519194499999998,-46.4873135,,,,2,2023-06-17T16:13:44+00:00
SAO_2710-10,São Paulo,3550308,True,,33692,,,-23.5299515,-46.501272,,,,2,2023-06-17T16:13:41+00:00
SAO_2710-10,São Paulo,3550308,True,,33692,,,-23.529814000000002,-46.5011675,,,,2,2023-06-17T16:13:39+00:00
SAO_476A-10,São Paulo,3550308,True,,304,,,-23.654646999999997,-46.714907499999995,,,,1,2023-06-17T16:13:52+00:00
SAO_476A-10,São Paulo,3550308,True,,304,,,-23.599714249999998,-46.6273695,,,,1,2023-06-17T16:13:46+00:00
SAO_971R-10,São Paulo,3550308,True,,33382,,,-23.454124,-46.7375855,,,,2,2023-06-17T16:13:53+00:00
SAO_971R-10,São Paulo,3550308,True,,33382,,,-23.4809025,-46.656053,,,,2,2023-06-17T16:13:56+00:00
SAO_971R-10,São Paulo,3550308,True,,33382,,,-23.453497,-46.699073,,,,2,2023-06-17T16:13:23+00:00
SAO_971R-10,São Paulo,3550308,True,,33382,,,-23.4615145,-46.6841035,,,,2,2023-06-17T16:13:45+00:00
SAO_971R-10,São Paulo,3550308,True,,33382,,,-23.5023215,-46.6284895,,,,2,2023-06-17T16:13:33+00:00
SAO_971R-10,São Paulo,3550308,True,,33382,,,-23.496661,-46.637602,,,,2,2023-06-17T16:12:27+00:00
SAO_971R-10,São Paulo,3550308,True,,33382,,,-23.501995,-46.625974,,,,2,2023-06-17T16:14:04+00:00
SAO_971R-10,São Paulo,3550308,True,,33382,,,-23.4537555,-46.737453,,,,2,2023-06-17T16:13:29+00:00
SAO_971R-10,São Paulo,3550308,True,,33382,,,-23.473441,-46.66831725,,,,2,2023-06-17T16:13:45+00:00
SAO_971R-10,São Paulo,3550308,True,,33382,,,-23.4889455,-46.65128,,,,2,2023-06-17T16:13:36+00:00
SAO_971R-10,São Paulo,3550308,True,,33382,,,-23.454124,-46.7375855,,,,2,2023-06-17T16:13:37+00:00
SAO_971R-10,São Paulo,3550308,True,,33382,,,-23.432543,-46.724050500000004,,,,2,2023-06-17T16:13:34+00:00
SAO_971R-10,São Paulo,3550308,True,,33382,,,-23.432245,-46.724555,,,,2,2023-06-17T16:13:50+00:00
SAO_9020-10,São Paulo,3550308,True,,1434,,,-23.486429,-46.726637,,,,1,2023-06-17T16:13:44+00:00
SAO_9020-10,São Paulo,3550308,True,,1434,,,-23.467689,-46.719532,,,,1,2023-06-17T16:13:37+00:00
SAO_172U-10,São Paulo,3550308,True,,33628,,,-23.43716675,-46.56625975,,,,2,2023-06-17T16:13:26+00:00
SAO_172U-10,São Paulo,3550308,True,,33628,,,-23.4511975,-46.588793499999994,,,,2,2023-06-17T16:13:43+00:00
SAO_172U-10,São Paulo,3550308,True,,33628,,,-23.541868625,-46.616257250000004,,,,2,2023-06-17T16:14:07+00:00
SAO_172U-10,São Paulo,3550308,True,,33628,,,-23.575924,-46.5779345,,,,2,2023-06-17T16:13:49+00:00
SAO_172U-10,São Paulo,3550308,True,,33628,,,-23.53615925,-46.617763000000004,,,,2,2023-06-17T16:14:07+00:00
SAO_172U-10,São Paulo,3550308,True,,33628,,,-23.436823500000003,-46.566249,,,,2,2023-06-17T16:13:58+00:00
SAO_172U-10,São Paulo,3550308,True,,33628,,,-23.436823500000003,-46.566249,,,,2,2023-06-17T16:13:59+00:00
SAO_172U-10,São Paulo,3550308,True,,33628,,,-23.517211125,-46.62507725,,,,2,2023-06-17T16:13:45+00:00
SAO_172U-10,São Paulo,3550308,True,,33628,,,-23.51223775,-46.624915,,,,2,2023-06-17T16:13:56+00:00
SAO_172U-10,São Paulo,3550308,True,,33628,,,-23.4398965,-46.570756,,,,2,2023-06-17T16:14:04+00:00
SAO_172U-10,São Paulo,3550308,True,,33628,,,-23.555677062499996,-46.598502124999996,,,,2,2023-06-17T16:13:56+00:00
SAO_9653-10,São Paulo,3550308,True,,33356,,,-23.4580645,-46.6433105,,,,2,2023-06-17T16:13:25+00:00
SAO_9653-10,São Paulo,3550308,True,,33356,,,-23.4580645,-46.6433105,,,,2,2023-06-17T16:14:03+00:00
SAO_9653-10,São Paulo,3550308,True,,33356,,,-23.46433675,-46.65358325,,,,2,2023-06-17T16:13:51+00:00
SAO_9653-10,São Paulo,3550308,True,,33356,,,-23.472679499999998,-46.666908,,,,2,2023-06-17T16:13:53+00:00
SAO_9653-10,São Paulo,3550308,True,,33356,,,-23.5405765,-46.637819,,,,2,2023-06-17T16:13:33+00:00
SAO_9653-10,São Paulo,3550308,True,,33356,,,-23.504078999999997,-46.672608499999996,,,,2,2023-06-17T16:13:29+00:00
SAO_2726-10,São Paulo,3550308,True,Urubupungá,940,https://moovitapp.com/index/pt-br/transporte_p%C3%BAblico-line-940-Sao_Paulo-242-873835-496474-0,4.6,-23.520898250000002,-46.54341,,,,1,2023-06-17T16:13:39+00:00
SAO_2726-10,São Paulo,3550308,True,Urubupungá,940,https://moovitapp.com/index/pt-br/transporte_p%C3%BAblico-line-940-Sao_Paulo-242-873835-496474-0,4.6,-23.515029499999997,-46.468916500000006,,,,1,2023-06-17T16:13:54+00:00
SAO_2726-10,São Paulo,3550308,True,Urubupungá,940,https://moovitapp.com/index/pt-br/transporte_p%C3%BAblico-line-940-Sao_Paulo-242-873835-496474-0,4.6,-23.509591999999998,-46.468213999999996,,,,1,2023-06-17T16:13:41+00:00
SAO_2726-10,São Paulo,3550308,True,Urubupungá,940,https://moovitapp.com/index/pt-br/transporte_p%C3%BAblico-line-940-Sao_Paulo-242-873835-496474-0,4.6,-23.510440000000003,-46.50764,,,,1,2023-06-17T16:13:43+00:00
SAO_2726-10,São Paulo,3550308,True,Urubupungá,940,https://moovitapp.com/index/pt-br/transporte_p%C3%BAblico-line-940-Sao_Paulo-242-873835-496474-0,4.6,-23.526182749999997,-46.54635075,,,,1,2023-06-17T16:13:20+00:00
SAO_2726-10,São Paulo,3550308,True,Urubupungá,940,https://moovitapp.com/index/pt-br/transporte_p%C3%BAblico-line-940-Sao_Paulo-242-873835-496474-0,4.6,-23.5119695,-46.4873925,,,,1,2023-06-17T16:13:59+00:00
SAO_407L-10,São Paulo,3550308,True,,34967,,,-23.590822000000003,-46.3946785,,,,2,2023-06-17T16:13:36+00:00
SAO_407L-10,São Paulo,3550308,True,,34967,,,-23.590822000000003,-46.3946785,,,,2,2023-06-17T16:14:05+00:00
SAO_407L-10,São Paulo,3550308,True,,34967,,,-23.546764,-46.411688,,,,2,2023-06-17T16:13:30+00:00
SAO_407L-10,São Paulo,3550308,True,,34967,,,-23.590169500000002,-46.3950145,,,,2,2023-06-17T16:13:42+00:00
SAO_407L-10,São Paulo,3550308,True,,34967,,,-23.590415999999998,-46.394861500000005,,,,2,2023-06-17T16:13:54+00:00
SAO_407L-10,São Paulo,3550308,True,,34967,,,-23.529042,-46.5171655,,,,2,2023-06-17T16:13:28+00:00
SAO_407L-10,São Paulo,3550308,True,,34967,,,-23.5334755,-46.4785145,,,,2,2023-06-17T16:11:29+00:00
SAO_407L-10,São Paulo,3550308,True,,34967,,,-23.5355795,-46.4543135,,,,2,2023-06-17T16:14:07+00:00
SAO_407L-10,São Paulo,3550308,True,,34967,,,-23.590592,-46.3947795,,,,2,2023-06-17T16:13:54+00:00
SAO_407L-10,São Paulo,3550308,True,,34967,,,-23.58002175,-46.399840874999995,,,,2,2023-06-17T16:12:18+00:00
SAO_407L-10,São Paulo,3550308,True,,34967,,,-23.591207,-46.394471,,,,2,2023-06-17T16:13:29+00:00
SAO_407L-10,São Paulo,3550308,True,,34967,,,-23.5749465,-46.416008000000005,,,,2,2023-06-17T16:11:05+00:00
SAO_6050-10,São Paulo,3550308,True,,1225,,,-23.7489135,-46.678079,,,,1,2023-06-17T16:13:35+00:00
SAO_6050-10,São Paulo,3550308,True,,1225,,,-23.736796499999997,-46.696856,,,,1,2023-06-17T16:13:30+00:00
SAO_3718-10,São Paulo,3550308,True,,1013,,,-23.557025,-46.4865765,,,,1,2023-06-17T16:13:24+00:00
SAO_3718-10,São Paulo,3550308,True,,1013,,,-23.540547,-46.485232999999994,,,,1,2023-06-17T16:13:49+00:00
SAO_3718-10,São Paulo,3550308,True,,1013,,,-23.5460555,-46.48115,,,,1,2023-06-17T16:13:55+00:00
SAO_3718-10,São Paulo,3550308,True,,1013,,,-23.557025,-46.4865765,,,,1,2023-06-17T16:13:24+00:00
SAO_3718-10,São Paulo,3550308,True,,1013,,,-23.557025,-46.4865765,,,,1,2023-06-17T16:13:51+00:00
SAO_3718-10,São Paulo,3550308,True,,1013,,,-23.5553175,-46.4893455,,,,1,2023-06-17T16:14:05+00:00
SAO_778R-10,São Paulo,3550308,True,,33277,,,-23.547223000000002,-46.6471605,,,,2,2023-06-17T16:14:02+00:00
SAO_778R-10,São Paulo,3550308,True,,33277,,,-23.54145375,-46.64402875,,,,2,2023-06-17T16:13:30+00:00
SAO_8003-10,São Paulo,3550308,True,,1253,,,-23.5194305,-46.7532545,,,,1,2023-06-17T16:13:46+00:00
SAO_775P-10,São Paulo,3550308,True,,33275,,,-23.5969165,-46.7683385,,,,2,2023-06-17T16:13:43+00:00
SAO_775P-10,São Paulo,3550308,True,,33275,,,-23.595025,-46.7514975,,,,2,2023-06-17T16:13:50+00:00
SAO_4035-10,São Paulo,3550308,True,,2560,,,-23.56150425,-46.43484825,,,,1,2023-06-17T16:13:58+00:00
SAO_4035-10,São Paulo,3550308,True,,2560,,,-23.558587000000003,-46.399857999999995,,,,1,2023-06-17T16:13:50+00:00
SAO_4035-10,São Paulo,3550308,True,,2560,,,-23.549426,-46.398306000000005,,,,1,2023-06-17T16:13:35+00:00
SAO_6412-10,São Paulo,3550308,True,,33538,,,-23.5676645,-46.6490005,,,,2,2023-06-17T16:13:39+00:00
SAO_6412-10,São Paulo,3550308,True,,33538,,,-23.582893,-46.668045,,,,2,2023-06-17T16:13:46+00:00
SAO_6412-10,São Paulo,3550308,True,,33538,,,-23.6120155,-46.7217835,,,,2,2023-06-17T16:13:36+00:00
SAO_6412-10,São Paulo,3550308,True,,33538,,,-23.5986035,-46.674003,,,,2,2023-06-17T16:14:01+00:00
SAO_6412-10,São Paulo,3550308,True,,33538,,,-23.617432,-46.7210475,,,,2,2023-06-17T16:13:54+00:00
SAO_574J-10,São Paulo,3550308,True,,34453,,,-23.636083499999998,-46.641462,,,,2,2023-06-17T16:13:26+00:00
SAO_574J-10,São Paulo,3550308,True,,34453,,,-23.586961000000002,-46.601728875000006,,,,2,2023-06-17T16:13:46+00:00
SAO_574J-10,São Paulo,3550308,True,,34453,,,-23.6242715,-46.64021975,,,,2,2023-06-17T16:13:29+00:00
SAO_574J-10,São Paulo,3550308,True,,34453,,,-23.5706635,-46.560871500000005,,,,2,2023-06-17T16:13:58+00:00
SAO_574J-10,São Paulo,3550308,True,,34453,,,-23.5672625,-46.523503000000005,,,,2,2023-06-17T16:13:44+00:00
SAO_574J-10,São Paulo,3550308,True,,34453,,,-23.636083499999998,-46.641462,,,,2,2023-06-17T16:13:26+00:00
SAO_574J-10,São Paulo,3550308,True,,34453,,,-23.6250955,-46.6108075,,,,2,2023-06-17T16:13:38+00:00
SAO_574J-10,São Paulo,3550308,True,,34453,,,-23.636083499999998,-46.641462,,,,2,2023-06-17T16:13:27+00:00
SAO_574J-10,São Paulo,3550308,True,,34453,,,-23.636083499999998,-46.641462,,,,2,2023-06-17T16:13:29+00:00
SAO_573A-10,São Paulo,3550308,True,,1637,,,-23.6032585,-46.566306499999996,,,,1,2023-06-17T16:14:04+00:00
SAO_573A-10,São Paulo,3550308,True,,1637,,,-23.587434625,-46.585917625,,,,1,2023-06-17T16:13:52+00:00
SAO_573A-10,São Paulo,3550308,True,,1637,,,-23.572944999999997,-46.5876555,,,,1,2023-06-17T16:14:01+00:00
SAO_6075-10,São Paulo,3550308,True,,33930,,,-23.797590999999997,-46.738108499999996,,,,2,2023-06-17T16:13:42+00:00
SAO_6075-10,São Paulo,3550308,True,,33930,,,-23.797689499999997,-46.7382825,,,,2,2023-06-17T16:13:23+00:00
SAO_6075-10,São Paulo,3550308,True,,33930,,,-23.797689499999997,-46.7382825,,,,2,2023-06-17T16:13:28+00:00
SAO_6042-10,São Paulo,3550308,True,,33987,,,-23.673351500000003,-46.764967999999996,,,,2,2023-06-17T16:14:00+00:00
SAO_6042-10,São Paulo,3550308,True,,33987,,,-23.65,-46.708154500000006,,,,2,2023-06-17T16:13:34+00:00
SAO_6042-10,São Paulo,3550308,True,,33987,,,-23.672669,-46.7646945,,,,2,2023-06-17T16:13:24+00:00
SAO_6042-10,São Paulo,3550308,True,,33987,,,-23.645799250000003,-46.72271675,,,,2,2023-06-17T16:13:33+00:00
SAO_6042-10,São Paulo,3550308,True,,33987,,,-23.67882,-46.77142675,,,,2,2023-06-17T16:13:55+00:00
SAO_4031-10,São Paulo,3550308,True,,33869,,,-23.5783275,-46.578210999999996,,,,2,2023-06-17T16:13:26+00:00
SAO_4031-10,São Paulo,3550308,True,,33869,,,-23.591961750000003,-46.551289249999996,,,,2,2023-06-17T16:13:48+00:00
SAO_4031-10,São Paulo,3550308,True,,33869,,,-23.614278,-46.5171455,,,,2,2023-06-17T16:13:33+00:00
SAO_4031-10,São Paulo,3550308,True,,33869,,,-23.6018635,-46.530782,,,,2,2023-06-17T16:13:52+00:00
SAO_707A-10,São Paulo,3550308,True,,34758,,,-23.692594,-46.777992,,,,2,2023-06-17T16:13:48+00:00
SAO_707A-10,São Paulo,3550308,True,,34758,,,-23.692353500000003,-46.7775755,,,,2,2023-06-17T16:13:30+00:00
SAO_707A-10,São Paulo,3550308,True,,34758,,,-23.679211249999998,-46.763927249999995,,,,2,2023-06-17T16:13:51+00:00
SAO_707A-10,São Paulo,3550308,True,,34758,,,-23.639216750000003,-46.695851000000005,,,,2,2023-06-17T16:13:49+00:00
SAO_707A-10,São Paulo,3550308,True,,34758,,,-23.609473125,-46.667825625,,,,2,2023-06-17T16:13:48+00:00
SAO_707A-10,São Paulo,3550308,True,,34758,,,-23.692809,-46.778341,,,,2,2023-06-17T16:14:05+00:00
SAO_707A-10,São Paulo,3550308,True,,34758,,,-23.684060000000002,-46.770033,,,,2,2023-06-17T16:13:45+00:00
SAO_8040-10,São Paulo,3550308,True,,406,,,-23.46130375,-46.753395,,,,1,2023-06-17T16:13:57+00:00
SAO_8040-10,São Paulo,3550308,True,,406,,,-23.433686,-46.782641,,,,1,2023-06-17T16:13:19+00:00
SAO_8040-10,São Paulo,3550308,True,,406,,,-23.519485500000002,-46.701011,,,,1,2023-06-17T16:13:30+00:00
SAO_172U-10,São Paulo,3550308,True,,860,,,-23.575955999999998,-46.5786795,,,,1,2023-06-17T16:13:54+00:00
SAO_172U-10,São Paulo,3550308,True,,860,,,-23.569006,-46.5820135,,,,1,2023-06-17T16:13:57+00:00
SAO_172U-10,São Paulo,3550308,True,,860,,,-23.45636925,-46.592832,,,,1,2023-06-17T16:13:45+00:00
SAO_172U-10,São Paulo,3550308,True,,860,,,-23.493053000000003,-46.625555500000004,,,,1,2023-06-17T16:13:28+00:00
SAO_172U-10,São Paulo,3550308,True,,860,,,-23.539895,-46.61106075,,,,1,2023-06-17T16:13:55+00:00
SAO_172U-10,São Paulo,3550308,True,,860,,,-23.50217,-46.62488,,,,1,2023-06-17T16:13:49+00:00
SAO_172U-10,São Paulo,3550308,True,,860,,,-23.438865,-46.5692195,,,,1,2023-06-17T16:14:04+00:00
SAO_172U-10,São Paulo,3550308,True,,860,,,-23.438595499999998,-46.581321,,,,1,2023-06-17T16:13:41+00:00
SAO_172U-10,São Paulo,3550308,True,,860,,,-23.53933275,-46.611677,,,,1,2023-06-17T16:13:24+00:00
SAO_172U-10,São Paulo,3550308,True,,860,,,-23.465334,-46.5967595,,,,1,2023-06-17T16:13:49+00:00
SAO_8013-10,São Paulo,3550308,True,,33568,,,-23.519957625000004,-46.722116375,,,,2,2023-06-17T16:13:37+00:00
SAO_8013-10,São Paulo,3550308,True,,33568,,,-23.508588500000002,-46.731703499999995,,,,2,2023-06-17T16:13:12+00:00
SAO_8013-10,São Paulo,3550308,True,,33568,,,-23.432118687499997,-46.786837625000004,,,,2,2023-06-17T16:13:58+00:00
SAO_8013-10,São Paulo,3550308,True,,33568,,,-23.479020000000002,-46.7702925,,,,2,2023-06-17T16:13:36+00:00
SAO_8013-10,São Paulo,3550308,True,,33568,,,-23.4231945,-46.789344,,,,2,2023-06-17T16:14:00+00:00
SAO_6016-41,São Paulo,3550308,True,,1706,,,-23.766745999999998,-46.681858500000004,,,,1,2023-06-17T16:13:31+00:00
SAO_6016-41,São Paulo,3550308,True,,1706,,,-23.7403345,-46.691452999999996,,,,1,2023-06-17T16:13:31+00:00
SAO_5144-10,São Paulo,3550308,True,,34395,,,-23.5884785,-46.532263,,,,2,2023-06-17T16:13:47+00:00
SAO_5144-10,São Paulo,3550308,True,,34395,,,-23.613924,-46.5010425,,,,2,2023-06-17T16:13:30+00:00
SAO_5144-10,São Paulo,3550308,True,,34395,,,-23.5378745,-46.617122124999995,,,,2,2023-06-17T16:13:35+00:00
SAO_5144-10,São Paulo,3550308,True,,34395,,,-23.613987,-46.5014315,,,,2,2023-06-17T16:14:05+00:00
SAO_5144-10,São Paulo,3550308,True,,34395,,,-23.57330725,-46.55962674999999,,,,2,2023-06-17T16:13:37+00:00
SAO_6006-10,São Paulo,3550308,True,EMTU,175,https://moovitapp.com/index/pt-br/transporte_p%C3%BAblico-line-175-Sao_Paulo-242-2038937-36419312-0,6.25,-23.661797999999997,-46.6934765,,,,1,2023-06-17T16:14:00+00:00
SAO_6006-10,São Paulo,3550308,True,EMTU,175,https://moovitapp.com/index/pt-br/transporte_p%C3%BAblico-line-175-Sao_Paulo-242-2038937-36419312-0,6.25,-23.6922335,-46.757836499999996,,,,1,2023-06-17T16:13:55+00:00
SAO_6006-10,São Paulo,3550308,True,EMTU,175,https://moovitapp.com/index/pt-br/transporte_p%C3%BAblico-line-175-Sao_Paulo-242-2038937-36419312-0,6.25,-23.67699675,-46.68555524999999,,,,1,2023-06-17T16:14:05+00:00
SAO_6006-10,São Paulo,3550308,True,EMTU,175,https://moovitapp.com/index/pt-br/transporte_p%C3%BAblico-line-175-Sao_Paulo-242-2038937-36419312-0,6.25,-23.6922335,-46.757836499999996,,,,1,2023-06-17T16:13:37+00:00
SAO_8100-10,São Paulo,3550308,True,,34030,,,-23.5066725,-46.713722000000004,,,,2,2023-06-17T16:13:40+00:00
SAO_2724-10,São Paulo,3550308,True,,938,,,-23.5396445,-46.483602,,,,1,2023-06-17T16:13:27+00:00
SAO_2724-10,São Paulo,3550308,True,,938,,,-23.5396445,-46.483602,,,,1,2023-06-17T16:14:02+00:00
SAO_2724-10,São Paulo,3550308,True,,938,,,-23.5396445,-46.483602,,,,1,2023-06-17T16:13:27+00:00
SAO_2724-10,São Paulo,3550308,True,,938,,,-23.52673125,-46.46953625,,,,1,2023-06-17T16:13:56+00:00
SAO_2724-10,São Paulo,3550308,True,,938,,,-23.5396445,-46.483602,,,,1,2023-06-17T16:13:59+00:00
SAO_2724-10,São Paulo,3550308,True,,938,,,-23.5396445,-46.483602,,,,1,2023-06-17T16:13:42+00:00
SAO_2724-10,São Paulo,3550308,True,,938,,,-23.5396445,-46.483602,,,,1,2023-06-17T16:13:40+00:00
SAO_2724-10,São Paulo,3550308,True,,938,,,-23.5396445,-46.483602,,,,1,2023-06-17T16:13:25+00:00
SAO_2724-10,São Paulo,3550308,True,,938,,,-23.5396445,-46.483602,,,,1,2023-06-17T16:14:03+00:00
SAO_2709-10,São Paulo,3550308,True,,33690,,,-23.529587499999998,-46.5004265,,,,2,2023-06-17T16:13:48+00:00
SAO_2709-10,São Paulo,3550308,True,,33690,,,-23.5202155,-46.480222999999995,,,,2,2023-06-17T16:13:37+00:00
SAO_2709-10,São Paulo,3550308,True,,33690,,,-23.5202155,-46.480222999999995,,,,2,2023-06-17T16:13:32+00:00
SAO_2709-10,São Paulo,3550308,True,,33690,,,-23.53434875,-46.49193925,,,,2,2023-06-17T16:13:34+00:00
SAO_715M-10,São Paulo,3550308,True,EMTU,490,https://moovitapp.com/index/pt-br/transporte_p%C3%BAblico-line-490-Sao_Paulo-242-2038937-36419517-0,5.15,-23.5679185,-46.684665249999995,,,,1,2023-06-17T16:14:01+00:00
SAO_715M-10,São Paulo,3550308,True,EMTU,490,https://moovitapp.com/index/pt-br/transporte_p%C3%BAblico-line-490-Sao_Paulo-242-2038937-36419517-0,5.15,-23.578629499999998,-46.7493435,,,,1,2023-06-17T16:13:33+00:00
SAO_715M-10,São Paulo,3550308,True,EMTU,490,https://moovitapp.com/index/pt-br/transporte_p%C3%BAblico-line-490-Sao_Paulo-242-2038937-36419517-0,5.15,-23.558431499999998,-46.64136225,,,,1,2023-06-17T16:14:06+00:00
SAO_573H-10,São Paulo,3550308,True,,1630,,,-23.5648185,-46.5896415,,,,1,2023-06-17T16:14:04+00:00
SAO_573H-10,São Paulo,3550308,True,,1630,,,-23.573631499999998,-46.5585705,,,,1,2023-06-17T16:13:55+00:00
SAO_573H-10,São Paulo,3550308,True,,1630,,,-23.55292775,-46.60596174999999,,,,1,2023-06-17T16:14:03+00:00
SAO_573H-10,São Paulo,3550308,True,,1630,,,-23.585614,-46.5190085,,,,1,2023-06-17T16:13:29+00:00
SAO_573H-10,São Paulo,3550308,True,,1630,,,-23.597476999999998,-46.50051325,,,,1,2023-06-17T16:13:43+00:00
SAO_8029-10,São Paulo,3550308,True,,35308,,,-23.615398,-46.746458000000004,,,,2,2023-06-17T16:13:26+00:00
SAO_8029-10,São Paulo,3550308,True,,35308,,,-23.6156275,-46.746594,,,,2,2023-06-17T16:14:08+00:00
SAO_8029-10,São Paulo,3550308,True,,35308,,,-23.601644999999998,-46.724325,,,,2,2023-06-17T16:13:46+00:00
SAO_857C-10,São Paulo,3550308,True,,1901,,,-23.6366535,-46.6414695,,,,1,2023-06-17T16:13:31+00:00
SAO_857C-10,São Paulo,3550308,True,,1901,,,-23.646128,-46.70930075,,,,1,2023-06-17T16:13:40+00:00
SAO_857C-10,São Paulo,3550308,True,,1901,,,-23.635838125,-46.76981000000001,,,,1,2023-06-17T16:13:39+00:00
SAO_3054-10,São Paulo,3550308,True,,33743,,,-23.609412,-46.40823,,,,2,2023-06-17T16:13:44+00:00
SAO_3054-10,São Paulo,3550308,True,,33743,,,-23.60562025,-46.4903795,,,,2,2023-06-17T16:13:49+00:00
SAO_3054-10,São Paulo,3550308,True,,33743,,,-23.594965,-46.42368075,,,,2,2023-06-17T16:13:56+00:00
SAO_3054-10,São Paulo,3550308,True,,33743,,,-23.603718125,-46.470752250000004,,,,2,2023-06-17T16:13:29+00:00
SAO_507T-10,São Paulo,3550308,True,,34976,,,-23.57428475,-46.5134755,,,,2,2023-06-17T16:13:58+00:00
SAO_507T-10,São Paulo,3550308,True,,34976,,,-23.610244125,-46.50135375000001,,,,2,2023-06-17T16:14:03+00:00
SAO_507T-10,São Paulo,3550308,True,,34976,,,-23.6139405,-46.501206499999995,,,,2,2023-06-17T16:13:50+00:00
SAO_5105-10,São Paulo,3550308,True,,1651,,,-23.5643345,-46.611185500000005,,,,1,2023-06-17T16:13:52+00:00
SAO_5105-10,São Paulo,3550308,True,,1651,,,-23.60158425,-46.599048749999994,,,,1,2023-06-17T16:14:02+00:00
SAO_5105-10,São Paulo,3550308,True,,1651,,,-23.5474295,-46.628690000000006,,,,1,2023-06-17T16:13:26+00:00
SAO_263J-10,São Paulo,3550308,True,,32987,,,-23.540322250000003,-46.436933749999994,,,,2,2023-06-17T16:14:04+00:00
SAO_263J-10,São Paulo,3550308,True,,32987,,,-23.522456,-46.531176,,,,2,2023-06-17T16:13:38+00:00
SAO_263J-10,São Paulo,3550308,True,,32987,,,-23.5367475,-46.4718595,,,,2,2023-06-17T16:11:47+00:00
SAO_9004-10,São Paulo,3550308,True,,33639,,,-23.4757875,-46.6708945,,,,2,2023-06-17T16:13:41+00:00
SAO_9004-10,São Paulo,3550308,True,,33639,,,-23.459937249999996,-46.676996,,,,2,2023-06-17T16:13:49+00:00
SAO_9004-10,São Paulo,3550308,True,,33639,,,-23.4551455,-46.6821975,,,,2,2023-06-17T16:13:29+00:00
SAO_9004-10,São Paulo,3550308,True,,33639,,,-23.4567555,-46.6849275,,,,2,2023-06-17T16:13:33+00:00
SAO_9004-10,São Paulo,3550308,True,,33639,,,-23.4658205,-46.670758,,,,2,2023-06-17T16:14:04+00:00
SAO_607A-10,São Paulo,3550308,True,,2139,,,-23.660861000000004,-46.71707725,,,,1,2023-06-17T16:13:56+00:00
SAO_607A-10,São Paulo,3550308,True,,2139,,,-23.68657825,-46.68080775,,,,1,2023-06-17T16:13:59+00:00
SAO_607A-10,São Paulo,3550308,True,,2139,,,-23.6971935,-46.649187,,,,1,2023-06-17T16:13:36+00:00
SAO_129F-10,São Paulo,3550308,True,,2304,,,-23.5199865,-46.701155,,,,1,2023-06-17T16:13:23+00:00
SAO_129F-10,São Paulo,3550308,True,,2304,,,-23.505304000000002,-46.7063525,,,,1,2023-06-17T16:13:55+00:00
SAO_7012-10,São Paulo,3550308,True,,34811,,,-23.689074125,-46.77322225,,,,2,2023-06-17T16:13:41+00:00
SAO_7012-10,São Paulo,3550308,True,,34811,,,-23.7101355,-46.77553675,,,,2,2023-06-17T16:13:42+00:00
SAO_7012-10,São Paulo,3550308,True,,34811,,,-23.7103945,-46.77583224999999,,,,2,2023-06-17T16:13:25+00:00
SAO_7012-10,São Paulo,3550308,True,,34811,,,-23.713689000000002,-46.7779005,,,,2,2023-06-17T16:13:58+00:00
SAO_575C-10,São Paulo,3550308,True,,1686,,,-23.5780355,-46.602048499999995,,,,1,2023-06-17T16:13:42+00:00
SAO_509J-10,São Paulo,3550308,True,,33032,,,-23.59297275,-46.664934,,,,2,2023-06-17T16:13:56+00:00
SAO_509J-10,São Paulo,3550308,True,,33032,,,-23.6875885,-46.654850499999995,,,,2,2023-06-17T16:14:04+00:00
SAO_509J-10,São Paulo,3550308,True,,33032,,,-23.6875885,-46.654850499999995,,,,2,2023-06-17T16:13:52+00:00
SAO_509J-10,São Paulo,3550308,True,,33032,,,-23.6875885,-46.654850499999995,,,,2,2023-06-17T16:14:03+00:00
SAO_509J-10,São Paulo,3550308,True,,33032,,,-23.6430315,-46.672696,,,,2,2023-06-17T16:13:54+00:00
SAO_9014-10,São Paulo,3550308,True,,34193,,,-23.483494,-46.700612,,,,2,2023-06-17T16:13:35+00:00
SAO_9014-10,São Paulo,3550308,True,,34193,,,-23.504945,-46.6872255,,,,2,2023-06-17T16:13:35+00:00
SAO_1743-10,São Paulo,3550308,True,,33311,,,-23.517943875,-46.625096750000004,,,,2,2023-06-17T16:14:06+00:00
SAO_1743-10,São Paulo,3550308,True,,33311,,,-23.456415,-46.667734499999995,,,,2,2023-06-17T16:13:45+00:00
SAO_1743-10,São Paulo,3550308,True,,33311,,,-23.474412,-46.6491555,,,,2,2023-06-17T16:13:56+00:00
SAO_1743-10,São Paulo,3550308,True,,33311,,,-23.456415,-46.667734499999995,,,,2,2023-06-17T16:13:46+00:00
SAO_1743-10,São Paulo,3550308,True,,33311,,,-23.456181,-46.667799,,,,2,2023-06-17T16:13:48+00:00
SAO_1743-10,São Paulo,3550308,True,,33311,,,-23.4838895,-46.642311500000005,,,,2,2023-06-17T16:12:40+00:00
SAO_5012-10,São Paulo,3550308,True,,33884,,,-23.6459105,-46.6397875,,,,2,2023-06-17T16:13:42+00:00
SAO_5012-10,São Paulo,3550308,True,,33884,,,-23.6459105,-46.6397875,,,,2,2023-06-17T16:13:42+00:00
SAO_5012-10,São Paulo,3550308,True,,33884,,,-23.67167775,-46.644180250000005,,,,2,2023-06-17T16:13:23+00:00
SAO_5012-10,São Paulo,3550308,True,,33884,,,-23.707485499999997,-46.629538,,,,2,2023-06-17T16:13:52+00:00
SAO_5012-10,São Paulo,3550308,True,,33884,,,-23.6459105,-46.6397875,,,,2,2023-06-17T16:13:47+00:00
SAO_5012-10,São Paulo,3550308,True,,33884,,,-23.7028125,-46.6248025,,,,2,2023-06-17T16:11:28+00:00
SAO_5012-10,São Paulo,3550308,True,,33884,,,-23.696703499999998,-46.635645999999994,,,,2,2023-06-17T16:12:42+00:00
SAO_5012-10,São Paulo,3550308,True,,33884,,,-23.6459105,-46.6397875,,,,2,2023-06-17T16:14:00+00:00
SAO_5012-10,São Paulo,3550308,True,,33884,,,-23.6459105,-46.6397875,,,,2,2023-06-17T16:13:25+00:00
SAO_5012-10,São Paulo,3550308,True,,33884,,,-23.668959,-46.635709500000004,,,,2,2023-06-17T16:13:30+00:00
SAO_5012-10,São Paulo,3550308,True,,33884,,,-23.6459105,-46.6397875,,,,2,2023-06-17T16:13:19+00:00
SAO_3741-10,São Paulo,3550308,True,,33809,,,-23.542377000000002,-46.449023749999995,,,,2,2023-06-17T16:13:33+00:00
SAO_3741-10,São Paulo,3550308,True,,33809,,,-23.5424215,-46.470960500000004,,,,2,2023-06-17T16:13:28+00:00
SAO_3741-10,São Paulo,3550308,True,,33809,,,-23.54970575,-46.449575875,,,,2,2023-06-17T16:13:55+00:00
SAO_3741-10,São Paulo,3550308,True,,33809,,,-23.55033925,-46.4622555,,,,2,2023-06-17T16:13:32+00:00
SAO_6455-10,São Paulo,3550308,True,,63,,,-23.557504625,-46.63795987499999,,,,1,2023-06-17T16:14:01+00:00
SAO_6455-10,São Paulo,3550308,True,,63,,,-23.6490365,-46.753328499999995,,,,1,2023-06-17T16:14:06+00:00
SAO_6455-10,São Paulo,3550308,True,,63,,,-23.626064,-46.683265,,,,1,2023-06-17T16:13:40+00:00
SAO_172X-10,São Paulo,3550308,True,,861,,,-23.5043195,-46.56510075,,,,1,2023-06-17T16:12:34+00:00
SAO_172X-10,São Paulo,3550308,True,,861,,,-23.539852500000002,-46.5770135,,,,1,2023-06-17T16:13:32+00:00
SAO_172X-10,São Paulo,3550308,True,,861,,,-23.527744,-46.5854385,,,,1,2023-06-17T16:10:40+00:00
SAO_172X-10,São Paulo,3550308,True,,861,,,-23.520123874999996,-46.5682355,,,,1,2023-06-17T16:13:46+00:00
SAO_172X-10,São Paulo,3550308,True,,861,,,-23.5043985,-46.56474425,,,,1,2023-06-17T16:14:00+00:00
SAO_9300-10,São Paulo,3550308,True,,32884,,,-23.540920625,-46.638602875000004,,,,2,2023-06-17T16:13:28+00:00
SAO_9300-10,São Paulo,3550308,True,,32884,,,-23.496948500000002,-46.66255175,,,,2,2023-06-17T16:14:01+00:00
SAO_9300-10,São Paulo,3550308,True,,32884,,,-23.4966235,-46.66229725,,,,2,2023-06-17T16:13:26+00:00
SAO_2713-10,São Paulo,3550308,True,,32988,,,-23.532977,-46.54357,,,,2,2023-06-17T16:13:31+00:00
SAO_6812-10,São Paulo,3550308,True,,34010,,,-23.73195075,-46.790341,,,,2,2023-06-17T16:13:34+00:00
SAO_6812-10,São Paulo,3550308,True,,34010,,,-23.717097250000002,-46.78380975,,,,2,2023-06-17T16:13:47+00:00
SAO_6812-10,São Paulo,3550308,True,,34010,,,-23.672006000000003,-46.742043,,,,2,2023-06-17T16:13:55+00:00
SAO_746K-10,São Paulo,3550308,True,STT,787,https://moovitapp.com/index/pt-br/transporte_p%C3%BAblico-line-787-Sao_Paulo-242-850661-183355-0,5.3,-23.618436000000003,-46.721787500000005,,,,1,2023-06-17T16:13:59+00:00
SAO_746K-10,São Paulo,3550308,True,STT,787,https://moovitapp.com/index/pt-br/transporte_p%C3%BAblico-line-787-Sao_Paulo-242-850661-183355-0,5.3,-23.613718249999998,-46.68331875,,,,1,2023-06-17T16:13:53+00:00
SAO_746K-10,São Paulo,3550308,True,STT,787,https://moovitapp.com/index/pt-br/transporte_p%C3%BAblico-line-787-Sao_Paulo-242-850661-183355-0,5.3,-23.6190105,-46.722972999999996,,,,1,2023-06-17T16:14:03+00:00
SAO_8014-10,São Paulo,3550308,True,,33569,,,-23.431488,-46.793163,,,,2,2023-06-17T16:13:34+00:00
SAO_8014-10,São Paulo,3550308,True,,33569,,,-23.404799500000003,-46.7535185,,,,2,2023-06-17T16:13:40+00:00
SAO_8014-10,São Paulo,3550308,True,,33569,,,-23.446309499999998,-46.789116,,,,2,2023-06-17T16:13:53+00:00
SAO_8014-10,São Paulo,3550308,True,,33569,,,-23.4047485,-46.740904,,,,2,2023-06-17T16:13:24+00:00
SAO_8014-10,São Paulo,3550308,True,,33569,,,-23.44624,-46.7890905,,,,2,2023-06-17T16:13:55+00:00
SAO_8014-10,São Paulo,3550308,True,,33569,,,-23.446309499999998,-46.789116,,,,2,2023-06-17T16:13:30+00:00
SAO_9005-10,São Paulo,3550308,True,,872,,,-23.4516785,-46.675883999999996,,,,1,2023-06-17T16:13:45+00:00
SAO_9005-10,São Paulo,3550308,True,,872,,,-23.454094750000003,-46.692645999999996,,,,1,2023-06-17T16:13:58+00:00
SAO_9005-10,São Paulo,3550308,True,,872,,,-23.459359999999997,-46.674609000000004,,,,1,2023-06-17T16:13:39+00:00
SAO_9005-10,São Paulo,3550308,True,,872,,,-23.45372225,-46.69251,,,,1,2023-06-17T16:14:04+00:00
SAO_9005-10,São Paulo,3550308,True,,872,,,-23.4503535,-46.683854999999994,,,,1,2023-06-17T16:13:37+00:00
SAO_6084-10,São Paulo,3550308,True,,1169,,,-23.7781725,-46.68171425,,,,1,2023-06-17T16:14:08+00:00
SAO_2031-10,São Paulo,3550308,True,,33135,,,-23.4950085,-46.409661,,,,2,2023-06-17T16:13:31+00:00
SAO_2031-10,São Paulo,3550308,True,,33135,,,-23.50574925,-46.37263675,,,,2,2023-06-17T16:14:01+00:00
SAO_2031-10,São Paulo,3550308,True,,33135,,,-23.51543675,-46.456217499999994,,,,2,2023-06-17T16:14:03+00:00
SAO_2031-10,São Paulo,3550308,True,,33135,,,-23.50609025,-46.37290125,,,,2,2023-06-17T16:13:54+00:00
SAO_2031-10,São Paulo,3550308,True,,33135,,,-23.50574925,-46.37263675,,,,2,2023-06-17T16:13:44+00:00
SAO_2523-10,São Paulo,3550308,True,Cidade de Caieiras,250,https://moovitapp.com/index/pt-br/transporte_p%C3%BAblico-line-250-Sao_Paulo-242-868761-752902-0,5.0,-23.5182095,-46.475659,,,,1,2023-06-17T16:13:24+00:00
SAO_2523-10,São Paulo,3550308,True,Cidade de Caieiras,250,https://moovitapp.com/index/pt-br/transporte_p%C3%BAblico-line-250-Sao_Paulo-242-868761-752902-0,5.0,-23.517178,-46.4754515,,,,1,2023-06-17T16:13:39+00:00
SAO_6047-10,São Paulo,3550308,True,,33992,,,-23.6621115,-46.7623265,,,,2,2023-06-17T16:13:36+00:00
SAO_6047-10,São Paulo,3550308,True,,33992,,,-23.668284,-46.763536,,,,2,2023-06-17T16:13:59+00:00
SAO_6047-10,São Paulo,3550308,True,,33992,,,-23.6532175,-46.74036099999999,,,,2,2023-06-17T16:14:02+00:00
SAO_9008-10,São Paulo,3550308,True,,33643,,,-23.427988,-46.71467975,,,,2,2023-06-17T16:13:34+00:00
SAO_9008-10,São Paulo,3550308,True,,33643,,,-23.427988,-46.71467975,,,,2,2023-06-17T16:13:36+00:00
SAO_9008-10,São Paulo,3550308,True,,33643,,,-23.4593045,-46.687814,,,,2,2023-06-17T16:13:54+00:00
SAO_9008-10,São Paulo,3550308,True,,33643,,,-23.474202,-46.669375,,,,2,2023-06-17T16:13:27+00:00
SAO_9008-10,São Paulo,3550308,True,,33643,,,-23.432154,-46.712711,,,,2,2023-06-17T16:13:54+00:00
SAO_9008-10,São Paulo,3550308,True,,33643,,,-23.475020999999998,-46.670199,,,,2,2023-06-17T16:13:42+00:00
SAO_5391-10,São Paulo,3550308,True,EMTU,171,https://moovitapp.com/index/pt-br/transporte_p%C3%BAblico-line-171-Sao_Paulo-242-2038937-36419310-0,4.8,-23.692995500000002,-46.7785065,,,,1,2023-06-17T16:13:48+00:00
SAO_5391-10,São Paulo,3550308,True,EMTU,171,https://moovitapp.com/index/pt-br/transporte_p%C3%BAblico-line-171-Sao_Paulo-242-2038937-36419310-0,4.8,-23.665815000000002,-46.7117615,,,,1,2023-06-17T16:11:17+00:00
SAO_5391-10,São Paulo,3550308,True,EMTU,171,https://moovitapp.com/index/pt-br/transporte_p%C3%BAblico-line-171-Sao_Paulo-242-2038937-36419310-0,4.8,-23.692922000000003,-46.7783795,,,,1,2023-06-17T16:13:44+00:00
SAO_5391-10,São Paulo,3550308,True,EMTU,171,https://moovitapp.com/index/pt-br/transporte_p%C3%BAblico-line-171-Sao_Paulo-242-2038937-36419310-0,4.8,-23.669815749999998,-46.73685449999999,,,,1,2023-06-17T16:13:48+00:00
SAO_5391-10,São Paulo,3550308,True,EMTU,171,https://moovitapp.com/index/pt-br/transporte_p%C3%BAblico-line-171-Sao_Paulo-242-2038937-36419310-0,4.8,-23.5515285,-46.6371985,,,,1,2023-06-17T16:13:47+00:00
SAO_5391-10,São Paulo,3550308,True,EMTU,171,https://moovitapp.com/index/pt-br/transporte_p%C3%BAblico-line-171-Sao_Paulo-242-2038937-36419310-0,4.8,-23.6579375,-46.7060355,,,,1,2023-06-17T16:13:37+00:00
SAO_5391-10,São Paulo,3550308,True,EMTU,171,https://moovitapp.com/index/pt-br/transporte_p%C3%BAblico-line-171-Sao_Paulo-242-2038937-36419310-0,4.8,-23.609559062499997,-46.667714375,,,,1,2023-06-17T16:13:29+00:00
SAO_8615-10,São Paulo,3550308,True,,1339,,,-23.52576,-46.714065500000004,,,,1,2023-06-17T16:13:35+00:00
SAO_8615-10,São Paulo,3550308,True,,1339,,,-23.552137000000002,-46.634062,,,,1,2023-06-17T16:13:03+00:00
SAO_8615-10,São Paulo,3550308,True,,1339,,,-23.5489825,-46.6375515,,,,1,2023-06-17T16:13:46+00:00
SAO_5034-10,São Paulo,3550308,True,,1663,,,-23.653462500000003,-46.6025525,,,,1,2023-06-17T16:14:04+00:00
SAO_5034-10,São Paulo,3550308,True,,1663,,,-23.642007,-46.5968465,,,,1,2023-06-17T16:13:29+00:00
SAO_390E-10,São Paulo,3550308,True,,34650,,,-23.540104,-46.611777249999996,,,,2,2023-06-17T16:13:44+00:00
SAO_390E-10,São Paulo,3550308,True,,34650,,,-23.518947,-46.547036000000006,,,,2,2023-06-17T16:13:50+00:00
SAO_390E-10,São Paulo,3550308,True,,34650,,,-23.5278475,-46.554873,,,,2,2023-06-17T16:14:00+00:00
SAO_6475-10,São Paulo,3550308,True,,34085,,,-23.670895,-46.75936299999999,,,,2,2023-06-17T16:13:58+00:00
SAO_6475-10,São Paulo,3550308,True,,34085,,,-23.573234875,-46.666225875,,,,2,2023-06-17T16:14:07+00:00
SAO_6475-10,São Paulo,3550308,True,,34085,,,-23.670895,-46.75936299999999,,,,2,2023-06-17T16:13:28+00:00
SAO_6475-10,São Paulo,3550308,True,,34085,,,-23.670895,-46.75936299999999,,,,2,2023-06-17T16:14:02+00:00
SAO_6475-10,São Paulo,3550308,True,,34085,,,-23.639885999999997,-46.746287,,,,2,2023-06-17T16:13:30+00:00
SAO_6825-10,São Paulo,3550308,True,,32782,,,-23.685214000000002,-46.800338999999994,,,,2,2023-06-17T16:14:07+00:00
SAO_6825-10,São Paulo,3550308,True,,32782,,,-23.659925625,-46.773087000000004,,,,2,2023-06-17T16:14:01+00:00
SAO_5024-10,São Paulo,3550308,True,,33890,,,-23.657572,-46.701373875,,,,2,2023-06-17T16:13:47+00:00
SAO_5024-10,São Paulo,3550308,True,,33890,,,-23.67548925,-46.685847499999994,,,,2,2023-06-17T16:13:39+00:00
SAO_5024-10,São Paulo,3550308,True,,33890,,,-23.689408999999998,-46.6492585,,,,2,2023-06-17T16:13:27+00:00
SAO_5024-10,São Paulo,3550308,True,,33890,,,-23.689080750000002,-46.64931275,,,,2,2023-06-17T16:13:59+00:00
SAO_5024-10,São Paulo,3550308,True,,33890,,,-23.6854065,-46.6640635,,,,2,2023-06-17T16:13:26+00:00
SAO_175P-10,São Paulo,3550308,True,,33443,,,-23.555644,-46.662802,,,,2,2023-06-17T16:14:06+00:00
SAO_175P-10,São Paulo,3550308,True,,33443,,,-23.506206,-46.6547955,,,,2,2023-06-17T16:13:24+00:00
SAO_175P-10,São Paulo,3550308,True,,33443,,,-23.5852253125,-46.636866312500004,,,,2,2023-06-17T16:13:27+00:00
SAO_175P-10,São Paulo,3550308,True,,33443,,,-23.51324925,-46.65818225,,,,2,2023-06-17T16:14:05+00:00
SAO_175P-10,São Paulo,3550308,True,,33443,,,-23.5863984375,-46.6361194375,,,,2,2023-06-17T16:13:31+00:00
SAO_175P-10,São Paulo,3550308,True,,33443,,,-23.528005999999998,-46.661822,,,,2,2023-06-17T16:14:05+00:00
SAO_175P-10,São Paulo,3550308,True,,33443,,,-23.502966999999998,-46.6260415,,,,2,2023-06-17T16:13:38+00:00
SAO_5143-10,São Paulo,3550308,True,,34396,,,-23.6069285,-46.507994499999995,,,,2,2023-06-17T16:12:03+00:00
SAO_5143-10,São Paulo,3550308,True,,34396,,,-23.614552,-46.500257000000005,,,,2,2023-06-17T16:13:52+00:00
SAO_5018-10,São Paulo,3550308,True,,1492,,,-23.692825499999998,-46.660027,,,,1,2023-06-17T16:14:05+00:00
SAO_5018-10,São Paulo,3550308,True,,1492,,,-23.680420499999997,-46.6748625,,,,1,2023-06-17T16:14:00+00:00
SAO_5018-10,São Paulo,3550308,True,,1492,,,-23.667998,-46.651894999999996,,,,1,2023-06-17T16:14:00+00:00
SAO_5018-10,São Paulo,3550308,True,,1492,,,-23.648597,-46.6415825,,,,1,2023-06-17T16:13:27+00:00
SAO_272N-10,São Paulo,3550308,True,,33473,,,-23.511872,-46.563117500000004,,,,2,2023-06-17T16:13:27+00:00
SAO_272N-10,São Paulo,3550308,True,,33473,,,-23.513526249999998,-46.56788775,,,,2,2023-06-17T16:13:44+00:00
SAO_7021-10,São Paulo,3550308,True,,1989,,,-23.67017575,-46.7656575,,,,1,2023-06-17T16:13:21+00:00
SAO_7021-10,São Paulo,3550308,True,,1989,,,-23.65415875,-46.73539475,,,,1,2023-06-17T16:13:44+00:00
SAO_809V-10,São Paulo,3550308,True,,35011,,,-23.5763605,-46.732949500000004,,,,2,2023-06-17T16:13:55+00:00
SAO_809V-10,São Paulo,3550308,True,,35011,,,-23.570704875,-46.710043375,,,,2,2023-06-17T16:14:06+00:00
SAO_8078-10,São Paulo,3550308,True,,34848,,,-23.625425999999997,-46.7482945,,,,2,2023-06-17T16:13:49+00:00
SAO_8078-10,São Paulo,3550308,True,,34848,,,-23.6490245,-46.7526565,,,,2,2023-06-17T16:13:45+00:00
SAO_627J-10,São Paulo,3550308,True,,34824,,,-23.6812385,-46.633822499999994,,,,2,2023-06-17T16:13:48+00:00
SAO_627J-10,São Paulo,3550308,True,,34824,,,-23.627035499999998,-46.6421515,,,,2,2023-06-17T16:13:49+00:00
SAO_627J-10,São Paulo,3550308,True,,34824,,,-23.680498999999998,-46.6375295,,,,2,2023-06-17T16:14:02+00:00
SAO_627J-10,São Paulo,3550308,True,,34824,,,-23.68177525,-46.63360275,,,,2,2023-06-17T16:13:50+00:00
SAO_627J-10,São Paulo,3550308,True,,34824,,,-23.627035499999998,-46.6421515,,,,2,2023-06-17T16:13:59+00:00
SAO_407J-10,São Paulo,3550308,True,,2198,,,-23.537851125000003,-46.455333,,,,1,2023-06-17T16:14:03+00:00
SAO_407J-10,São Paulo,3550308,True,,2198,,,-23.571637000000003,-46.5062955,,,,1,2023-06-17T16:13:38+00:00
SAO_407J-10,São Paulo,3550308,True,,2198,,,-23.545313,-46.544859,,,,1,2023-06-17T16:13:20+00:00
SAO_407J-10,São Paulo,3550308,True,,2198,,,-23.553449999999998,-46.465931499999996,,,,1,2023-06-17T16:13:53+00:00
SAO_719R-10,São Paulo,3550308,True,,33237,,,-23.560952874999998,-46.687199125,,,,2,2023-06-17T16:13:34+00:00
SAO_719R-10,São Paulo,3550308,True,,33237,,,-23.56718275,-46.75784924999999,,,,2,2023-06-17T16:14:04+00:00
SAO_719R-10,São Paulo,3550308,True,,33237,,,-23.562170000000002,-46.764854125,,,,2,2023-06-17T16:13:32+00:00
SAO_2182-10,São Paulo,3550308,True,,33468,,,-23.48941525,-46.571597749999995,,,,2,2023-06-17T16:08:31+00:00
SAO_2182-10,São Paulo,3550308,True,,33468,,,-23.4819775,-46.571059500000004,,,,2,2023-06-17T16:13:24+00:00
SAO_2182-10,São Paulo,3550308,True,,33468,,,-23.538557875000002,-46.598858750000005,,,,2,2023-06-17T16:13:37+00:00
SAO_2182-10,São Paulo,3550308,True,,33468,,,-23.4819775,-46.571059500000004,,,,2,2023-06-17T16:13:36+00:00
SAO_2182-10,São Paulo,3550308,True,,33468,,,-23.490992750000004,-46.574451999999994,,,,2,2023-06-17T16:13:45+00:00
SAO_2182-10,São Paulo,3550308,True,,33468,,,-23.540186,-46.629397,,,,2,2023-06-17T16:13:48+00:00
SAO_5015-10,São Paulo,3550308,True,,33887,,,-23.6785845,-46.663495499999996,,,,2,2023-06-17T16:13:25+00:00
SAO_5015-10,São Paulo,3550308,True,,33887,,,-23.689674,-46.661702000000005,,,,2,2023-06-17T16:13:35+00:00
SAO_5015-10,São Paulo,3550308,True,,33887,,,-23.691779,-46.65973,,,,2,2023-06-17T16:13:53+00:00
SAO_5015-10,São Paulo,3550308,True,,33887,,,-23.6813945,-46.6423845,,,,2,2023-06-17T16:12:08+00:00
SAO_5015-10,São Paulo,3550308,True,,33887,,,-23.666792,-46.637185,,,,2,2023-06-17T16:13:43+00:00
SAO_4007-10,São Paulo,3550308,True,,34949,,,-23.565266,-46.396473,,,,2,2023-06-17T16:13:42+00:00
SAO_4007-10,São Paulo,3550308,True,,34949,,,-23.56198,-46.407819,,,,2,2023-06-17T16:13:52+00:00
SAO_4007-10,São Paulo,3550308,True,,34949,,,-23.565188,-46.396632,,,,2,2023-06-17T16:13:54+00:00
SAO_4007-10,São Paulo,3550308,True,,34949,,,-23.551554,-46.4361985,,,,2,2023-06-17T16:13:51+00:00
SAO_4007-10,São Paulo,3550308,True,,34949,,,-23.565188,-46.396632,,,,2,2023-06-17T16:13:36+00:00
SAO_4007-10,São Paulo,3550308,True,,34949,,,-23.553493000000003,-46.5136935,,,,2,2023-06-17T16:14:05+00:00
SAO_8008-10,São Paulo,3550308,True,,34026,,,-23.470457,-46.751476499999995,,,,2,2023-06-17T16:13:23+00:00
SAO_8008-10,São Paulo,3550308,True,,34026,,,-23.47043,-46.752005999999994,,,,2,2023-06-17T16:14:03+00:00
SAO_8008-10,São Paulo,3550308,True,,34026,,,-23.4877275,-46.7565695,,,,2,2023-06-17T16:13:54+00:00
SAO_6093-10,São Paulo,3550308,True,,1585,,,-23.747792,-46.708254499999995,,,,1,2023-06-17T16:13:52+00:00
SAO_6093-10,São Paulo,3550308,True,,1585,,,-23.8390405,-46.7196755,,,,1,2023-06-17T16:13:48+00:00
SAO_6093-10,São Paulo,3550308,True,,1585,,,-23.8093345,-46.7371645,,,,1,2023-06-17T16:13:56+00:00
SAO_2717-10,São Paulo,3550308,True,Urubupungá,930,https://moovitapp.com/index/pt-br/transporte_p%C3%BAblico-line-930-Sao_Paulo-242-873835-496473-0,4.6,-23.515908000000003,-46.517748999999995,,,,1,2023-06-17T16:12:53+00:00
SAO_2717-10,São Paulo,3550308,True,Urubupungá,930,https://moovitapp.com/index/pt-br/transporte_p%C3%BAblico-line-930-Sao_Paulo-242-873835-496473-0,4.6,-23.499864625,-46.510157250000006,,,,1,2023-06-17T16:13:46+00:00
SAO_2717-10,São Paulo,3550308,True,Urubupungá,930,https://moovitapp.com/index/pt-br/transporte_p%C3%BAblico-line-930-Sao_Paulo-242-873835-496473-0,4.6,-23.49838775,-46.509420500000004,,,,1,2023-06-17T16:13:45+00:00
SAO_374V-10,São Paulo,3550308,True,,1647,,,-23.511004999999997,-46.4543005,,,,1,2023-06-17T16:13:38+00:00
SAO_374V-10,São Paulo,3550308,True,,1647,,,-23.526107250000003,-46.4522605,,,,1,2023-06-17T16:13:55+00:00
SAO_374V-10,São Paulo,3550308,True,,1647,,,-23.542684,-46.4693915,,,,1,2023-06-17T16:13:56+00:00
SAO_374V-10,São Paulo,3550308,True,,1647,,,-23.524656,-46.4522665,,,,1,2023-06-17T16:13:47+00:00
SAO_2021-10,São Paulo,3550308,True,,906,,,-23.536696624999998,-46.396877375,,,,1,2023-06-17T16:13:53+00:00
SAO_2021-10,São Paulo,3550308,True,,906,,,-23.544384,-46.389341,,,,1,2023-06-17T16:14:04+00:00
SAO_2021-10,São Paulo,3550308,True,,906,,,-23.5443145,-46.389241999999996,,,,1,2023-06-17T16:13:09+00:00
SAO_2021-10,São Paulo,3550308,True,,906,,,-23.5435625,-46.40560875,,,,1,2023-06-17T16:13:20+00:00
SAO_2021-10,São Paulo,3550308,True,,906,,,-23.5443145,-46.389241999999996,,,,1,2023-06-17T16:12:07+00:00
SAO_2021-10,São Paulo,3550308,True,,906,,,-23.5443145,-46.389241999999996,,,,1,2023-06-17T16:12:35+00:00
SAO_575C-10,São Paulo,3550308,True,,34454,,,-23.580758250000002,-46.5259895,,,,2,2023-06-17T16:13:29+00:00
SAO_575C-10,São Paulo,3550308,True,,34454,,,-23.569325,-46.5565725,,,,2,2023-06-17T16:13:36+00:00
SAO_5034-31,São Paulo,3550308,True,,1664,,,-23.641870875000002,-46.58858562499999,,,,1,2023-06-17T16:13:45+00:00
SAO_5034-31,São Paulo,3550308,True,,1664,,,-23.602796499999997,-46.603177,,,,1,2023-06-17T16:13:27+00:00
SAO_809H-10,São Paulo,3550308,True,,35013,,,-23.58059175,-46.73650825,,,,2,2023-06-17T16:13:46+00:00
SAO_809H-10,São Paulo,3550308,True,,35013,,,-23.566681000000003,-46.7537455,,,,2,2023-06-17T16:13:52+00:00
SAO_809H-10,São Paulo,3550308,True,,35013,,,-23.5806105,-46.793718,,,,2,2023-06-17T16:14:06+00:00
SAO_6835-10,São Paulo,3550308,True,BR7 Mobilidade,12,https://moovitapp.com/index/pt-br/transporte_p%C3%BAblico-line-12-Sao_Paulo-242-851856-542340-0,5.75,-23.6699305,-46.7730935,,,,1,2023-06-17T16:13:51+00:00
SAO_971D-10,São Paulo,3550308,True,,709,,,-23.484707999999998,-46.6373155,,,,1,2023-06-17T16:13:59+00:00
SAO_971D-10,São Paulo,3550308,True,,709,,,-23.4861135,-46.628057874999996,,,,1,2023-06-17T16:13:55+00:00
SAO_971D-10,São Paulo,3550308,True,,709,,,-23.453462,-46.697958,,,,1,2023-06-17T16:13:41+00:00
SAO_971D-10,São Paulo,3550308,True,,709,,,-23.5131826875,-46.6161215,,,,1,2023-06-17T16:13:42+00:00
SAO_971D-10,São Paulo,3550308,True,,709,,,-23.447513,-46.696985,,,,1,2023-06-17T16:13:59+00:00
SAO_809D-10,São Paulo,3550308,True,,34836,,,-23.6032175,-46.780919,,,,2,2023-06-17T16:14:04+00:00
SAO_809D-10,São Paulo,3550308,True,,34836,,,-23.5939745,-46.784715000000006,,,,2,2023-06-17T16:13:43+00:00
SAO_809D-10,São Paulo,3550308,True,,34836,,,-23.603028000000002,-46.7815375,,,,2,2023-06-17T16:14:01+00:00
SAO_809D-10,São Paulo,3550308,True,,34836,,,-23.5723945,-46.7089645,,,,2,2023-06-17T16:14:08+00:00
SAO_7050-10,São Paulo,3550308,True,,1884,,,-23.6316405,-46.772316,,,,1,2023-06-17T16:13:59+00:00
SAO_7050-10,São Paulo,3550308,True,,1884,,,-23.666551499999997,-46.7883685,,,,1,2023-06-17T16:13:36+00:00
SAO_7050-10,São Paulo,3550308,True,,1884,,,-23.6565075,-46.7763865,,,,1,2023-06-17T16:13:43+00:00
SAO_7050-10,São Paulo,3550308,True,,1884,,,-23.6566405,-46.776344,,,,1,2023-06-17T16:14:01+00:00
SAO_7050-10,São Paulo,3550308,True,,1884,,,-23.6566405,-46.776344,,,,1,2023-06-17T16:13:53+00:00
SAO_7050-10,São Paulo,3550308,True,,1884,,,-23.631797499999998,-46.7719915,,,,1,2023-06-17T16:13:35+00:00
SAO_1024-10,São Paulo,3550308,True,,35070,,,-23.460870999999997,-46.708670999999995,,,,2,2023-06-17T16:13:48+00:00
SAO_1024-10,São Paulo,3550308,True,,35070,,,-23.488951999999998,-46.698082,,,,2,2023-06-17T16:13:42+00:00
SAO_1024-10,São Paulo,3550308,True,,35070,,,-23.45656625,-46.703027000000006,,,,2,2023-06-17T16:13:39+00:00
SAO_1024-10,São Paulo,3550308,True,,35070,,,-23.4611935,-46.70918,,,,2,2023-06-17T16:13:34+00:00
SAO_354M-10,São Paulo,3550308,True,,1619,,,-23.597754000000002,-46.4582305,,,,1,2023-06-17T16:13:57+00:00
SAO_354M-10,São Paulo,3550308,True,,1619,,,-23.5074985,-46.456712499999995,,,,1,2023-06-17T16:13:51+00:00
SAO_172K-10,São Paulo,3550308,True,,33625,,,-23.456656000000002,-46.5947925,,,,2,2023-06-17T16:14:00+00:00
SAO_172K-10,São Paulo,3550308,True,,33625,,,-23.480119000000002,-46.607284,,,,2,2023-06-17T16:13:56+00:00
SAO_172K-10,São Paulo,3550308,True,,33625,,,-23.456809,-46.5950205,,,,2,2023-06-17T16:13:28+00:00
SAO_172K-10,São Paulo,3550308,True,,33625,,,-23.5278855,-46.597172,,,,2,2023-06-17T16:13:49+00:00
SAO_172K-10,São Paulo,3550308,True,,33625,,,-23.479499,-46.590447,,,,2,2023-06-17T16:14:02+00:00
SAO_172K-10,São Paulo,3550308,True,,33625,,,-23.456656000000002,-46.5947925,,,,2,2023-06-17T16:13:34+00:00
SAO_172K-10,São Paulo,3550308,True,,33625,,,-23.456327,-46.5947025,,,,2,2023-06-17T16:13:49+00:00
SAO_172K-10,São Paulo,3550308,True,,33625,,,-23.456327,-46.5947025,,,,2,2023-06-17T16:14:08+00:00
SAO_172K-10,São Paulo,3550308,True,,33625,,,-23.49848025,-46.5951195,,,,2,2023-06-17T16:13:40+00:00
SAO_4286-10,São Paulo,3550308,True,,33094,,,-23.6089275,-46.5286855,,,,2,2023-06-17T16:14:05+00:00
SAO_4286-10,São Paulo,3550308,True,,33094,,,-23.609526,-46.529048,,,,2,2023-06-17T16:13:46+00:00
SAO_971M-10,São Paulo,3550308,True,,33380,,,-23.490305,-46.6886595,,,,2,2023-06-17T16:13:55+00:00
SAO_971M-10,São Paulo,3550308,True,,33380,,,-23.49073525,-46.626096000000004,,,,2,2023-06-17T16:13:31+00:00
SAO_971M-10,São Paulo,3550308,True,,33380,,,-23.490531,-46.688970499999996,,,,2,2023-06-17T16:13:47+00:00
SAO_971M-10,São Paulo,3550308,True,,33380,,,-23.4900595,-46.6884795,,,,2,2023-06-17T16:13:23+00:00
SAO_971M-10,São Paulo,3550308,True,,33380,,,-23.4742985,-46.6843545,,,,2,2023-06-17T16:13:21+00:00
SAO_971M-10,São Paulo,3550308,True,,33380,,,-23.485034,-46.6531665,,,,2,2023-06-17T16:13:41+00:00
SAO_971M-10,São Paulo,3550308,True,,33380,,,-23.489984,-46.688449000000006,,,,2,2023-06-17T16:13:37+00:00
SAO_746C-10,São Paulo,3550308,True,STT,783,https://moovitapp.com/index/pt-br/transporte_p%C3%BAblico-line-783-Sao_Paulo-242-850661-183351-0,5.3,-23.6498405,-46.707801,,,,1,2023-06-17T16:13:26+00:00
SAO_746C-10,São Paulo,3550308,True,STT,783,https://moovitapp.com/index/pt-br/transporte_p%C3%BAblico-line-783-Sao_Paulo-242-850661-183351-0,5.3,-23.627645875,-46.736236625000004,,,,1,2023-06-17T16:13:34+00:00
SAO_746C-10,São Paulo,3550308,True,STT,783,https://moovitapp.com/index/pt-br/transporte_p%C3%BAblico-line-783-Sao_Paulo-242-850661-183351-0,5.3,-23.6497155,-46.708284,,,,1,2023-06-17T16:14:03+00:00
SAO_746C-10,São Paulo,3550308,True,STT,783,https://moovitapp.com/index/pt-br/transporte_p%C3%BAblico-line-783-Sao_Paulo-242-850661-183351-0,5.3,-23.608765249999998,-46.75000275,,,,1,2023-06-17T16:14:01+00:00
SAO_746C-10,São Paulo,3550308,True,STT,783,https://moovitapp.com/index/pt-br/transporte_p%C3%BAblico-line-783-Sao_Paulo-242-850661-183351-0,5.3,-23.637562250000002,-46.719127,,,,1,2023-06-17T16:13:39+00:00
SAO_9050-10,São Paulo,3550308,True,,34856,,,-23.55197225,-46.69728500000001,,,,2,2023-06-17T16:13:40+00:00
SAO_9050-10,São Paulo,3550308,True,,34856,,,-23.5205245,-46.7007655,,,,2,2023-06-17T16:13:53+00:00
SAO_6L01-10,São Paulo,3550308,True,,33939,,,-23.90679,-46.708217000000005,,,,2,2023-06-17T16:13:43+00:00
SAO_6L01-10,São Paulo,3550308,True,,33939,,,-23.853762,-46.7556535,,,,2,2023-06-17T16:13:08+00:00
SAO_6L01-10,São Paulo,3550308,True,,33939,,,-23.90679,-46.708217000000005,,,,2,2023-06-17T16:13:56+00:00
SAO_6L01-10,São Paulo,3550308,True,,33939,,,-23.90679,-46.708217000000005,,,,2,2023-06-17T16:14:01+00:00
SAO_6L01-10,São Paulo,3550308,True,,33939,,,-23.790612499999998,-46.72688050000001,,,,2,2023-06-17T16:14:08+00:00
SAO_6L01-10,São Paulo,3550308,True,,33939,,,-23.90679,-46.708217000000005,,,,2,2023-06-17T16:14:03+00:00
SAO_6L01-10,São Paulo,3550308,True,,33939,,,-23.771853,-46.719546,,,,2,2023-06-17T16:13:45+00:00
SAO_8548-10,São Paulo,3550308,True,EMTU,578,https://moovitapp.com/index/pt-br/transporte_p%C3%BAblico-line-578-Sao_Paulo-242-2038937-36419568-0,5.4,-23.475702,-46.684609,,,,1,2023-06-17T16:13:44+00:00
SAO_3754-10,São Paulo,3550308,True,,1049,,,-23.559081,-46.402304,,,,1,2023-06-17T16:13:49+00:00
SAO_3754-10,São Paulo,3550308,True,,1049,,,-23.5738885,-46.3986,,,,1,2023-06-17T16:13:44+00:00
SAO_3754-10,São Paulo,3550308,True,,1049,,,-23.5416295,-46.459747,,,,1,2023-06-17T16:13:45+00:00
SAO_3754-10,São Paulo,3550308,True,,1049,,,-23.532984499999998,-46.448578999999995,,,,1,2023-06-17T16:14:00+00:00
SAO_477U-10,São Paulo,3550308,True,,306,,,-23.5846735,-46.621396000000004,,,,1,2023-06-17T16:13:24+00:00
SAO_2756-10,São Paulo,3550308,True,EMTU,238,https://moovitapp.com/index/pt-br/transporte_p%C3%BAblico-line-238-Sao_Paulo-242-2038937-36419351-0,4.85,-23.5046085,-46.4277735,,,,1,2023-06-17T16:14:03+00:00
SAO_2756-10,São Paulo,3550308,True,EMTU,238,https://moovitapp.com/index/pt-br/transporte_p%C3%BAblico-line-238-Sao_Paulo-242-2038937-36419351-0,4.85,-23.535989999999998,-46.402924999999996,,,,1,2023-06-17T16:14:06+00:00
SAO_1758-10,São Paulo,3550308,True,EMTU,552,https://moovitapp.com/index/pt-br/transporte_p%C3%BAblico-line-552-Sao_Paulo-242-2038937-36419556-0,6.8,-23.454611749999998,-46.66173725,,,,1,2023-06-17T16:13:36+00:00
SAO_1758-10,São Paulo,3550308,True,EMTU,552,https://moovitapp.com/index/pt-br/transporte_p%C3%BAblico-line-552-Sao_Paulo-242-2038937-36419556-0,6.8,-23.484446625000004,-46.630247999999995,,,,1,2023-06-17T16:13:27+00:00
SAO_1758-10,São Paulo,3550308,True,EMTU,552,https://moovitapp.com/index/pt-br/transporte_p%C3%BAblico-line-552-Sao_Paulo-242-2038937-36419556-0,6.8,-23.464394,-46.6554045,,,,1,2023-06-17T16:13:58+00:00
SAO_4033-10,São Paulo,3550308,True,,1103,,,-23.600960999999998,-46.527261,,,,1,2023-06-17T16:13:51+00:00
SAO_4033-10,São Paulo,3550308,True,,1103,,,-23.619807,-46.461239000000006,,,,1,2023-06-17T16:13:27+00:00
SAO_4033-10,São Paulo,3550308,True,,1103,,,-23.6198505,-46.443889999999996,,,,1,2023-06-17T16:13:55+00:00
SAO_4033-10,São Paulo,3550308,True,,1103,,,-23.595152499999998,-46.503015500000004,,,,1,2023-06-17T16:13:48+00:00
SAO_4033-10,São Paulo,3550308,True,,1103,,,-23.6144385,-46.499078375,,,,1,2023-06-17T16:13:29+00:00
SAO_4033-10,São Paulo,3550308,True,,1103,,,-23.6198505,-46.443889999999996,,,,1,2023-06-17T16:14:05+00:00
SAO_2702-10,São Paulo,3550308,True,,914,,,-23.495964,-46.444634,,,,1,2023-06-17T16:12:58+00:00
SAO_2702-10,São Paulo,3550308,True,,914,,,-23.504633249999998,-46.473618875,,,,1,2023-06-17T16:13:30+00:00
SAO_2702-10,São Paulo,3550308,True,,914,,,-23.540062499999998,-46.482594375,,,,1,2023-06-17T16:12:39+00:00
SAO_2702-10,São Paulo,3550308,True,,914,,,-23.495477,-46.4449435,,,,1,2023-06-17T16:09:49+00:00
SAO_2702-10,São Paulo,3550308,True,,914,,,-23.495477,-46.4449435,,,,1,2023-06-17T16:12:21+00:00
SAO_3161-10,São Paulo,3550308,True,,1084,,,-23.55357025,-46.62173225,,,,1,2023-06-17T16:14:04+00:00
SAO_3161-10,São Paulo,3550308,True,,1084,,,-23.56338875,-46.59091725,,,,1,2023-06-17T16:13:50+00:00
SAO_3161-10,São Paulo,3550308,True,,1084,,,-23.5813405,-46.537292,,,,1,2023-06-17T16:13:29+00:00
SAO_3751-10,São Paulo,3550308,True,,1047,,,-23.569356,-46.4108985,,,,1,2023-06-17T16:14:05+00:00
SAO_3751-10,São Paulo,3550308,True,,1047,,,-23.569356,-46.4108985,,,,1,2023-06-17T16:13:38+00:00
SAO_3751-10,São Paulo,3550308,True,,1047,,,-23.569356,-46.4108985,,,,1,2023-06-17T16:13:44+00:00
SAO_148P-10,São Paulo,3550308,True,EMTU,534,https://moovitapp.com/index/pt-br/transporte_p%C3%BAblico-line-534-Sao_Paulo-242-2038937-36419546-0,6.3,-23.461464999999997,-46.65011075,,,,1,2023-06-17T16:13:39+00:00
SAO_148P-10,São Paulo,3550308,True,EMTU,534,https://moovitapp.com/index/pt-br/transporte_p%C3%BAblico-line-534-Sao_Paulo-242-2038937-36419546-0,6.3,-23.475366,-46.6648305,,,,1,2023-06-17T16:13:46+00:00
SAO_148P-10,São Paulo,3550308,True,EMTU,534,https://moovitapp.com/index/pt-br/transporte_p%C3%BAblico-line-534-Sao_Paulo-242-2038937-36419546-0,6.3,-23.4975785,-46.655953249999996,,,,1,2023-06-17T16:13:49+00:00
SAO_6007-10,São Paulo,3550308,True,,32944,,,-23.669655,-46.7366765,,,,2,2023-06-17T16:13:37+00:00
SAO_6007-10,São Paulo,3550308,True,,32944,,,-23.645328,-46.729937,,,,2,2023-06-17T16:13:33+00:00
SAO_6007-10,São Paulo,3550308,True,,32944,,,-23.654061499999997,-46.763393,,,,2,2023-06-17T16:13:57+00:00
SAO_6007-10,São Paulo,3550308,True,,32944,,,-23.6541735,-46.763611,,,,2,2023-06-17T16:13:54+00:00
SAO_6007-10,São Paulo,3550308,True,,32944,,,-23.6638605,-46.753215,,,,2,2023-06-17T16:13:47+00:00
SAO_809D-10,São Paulo,3550308,True,,2068,,,-23.582407,-46.732818,,,,1,2023-06-17T16:13:51+00:00
SAO_4008-10,São Paulo,3550308,True,,34950,,,-23.57446875,-46.458366749999996,,,,2,2023-06-17T16:13:32+00:00
SAO_4008-10,São Paulo,3550308,True,,34950,,,-23.5580685,-46.5228605,,,,2,2023-06-17T16:13:47+00:00
SAO_4008-10,São Paulo,3550308,True,,34950,,,-23.576923999999998,-46.437244,,,,2,2023-06-17T16:13:35+00:00
SAO_4008-10,São Paulo,3550308,True,,34950,,,-23.5692205,-46.508645,,,,2,2023-06-17T16:13:41+00:00
SAO_4008-10,São Paulo,3550308,True,,34950,,,-23.576923999999998,-46.437244,,,,2,2023-06-17T16:13:47+00:00
SAO_4008-10,São Paulo,3550308,True,,34950,,,-23.5580685,-46.5228605,,,,2,2023-06-17T16:13:19+00:00
SAO_5300-10,São Paulo,3550308,True,,33122,,,-23.572032375000003,-46.641120625,,,,2,2023-06-17T16:13:41+00:00
SAO_5300-10,São Paulo,3550308,True,,33122,,,-23.58435475,-46.6562165,,,,2,2023-06-17T16:13:49+00:00
SAO_5300-10,São Paulo,3550308,True,,33122,,,-23.650789000000003,-46.70815875,,,,2,2023-06-17T16:14:00+00:00
SAO_5300-10,São Paulo,3550308,True,,33122,,,-23.548016,-46.629820499999994,,,,2,2023-06-17T16:13:52+00:00
SAO_5300-10,São Paulo,3550308,True,,33122,,,-23.6271765,-46.684461,,,,2,2023-06-17T16:14:07+00:00
SAO_6099-10,São Paulo,3550308,True,,1587,,,-23.85472625,-46.7589965,,,,1,2023-06-17T16:13:24+00:00
SAO_6099-10,São Paulo,3550308,True,,1587,,,-23.736292,-46.696856499999996,,,,1,2023-06-17T16:13:49+00:00
SAO_6099-10,São Paulo,3550308,True,,1587,,,-23.741559000000002,-46.7069025,,,,1,2023-06-17T16:13:37+00:00
SAO_875P-10,São Paulo,3550308,True,,34109,,,-23.5736405,-46.642303625,,,,2,2023-06-17T16:13:45+00:00
SAO_3756-10,São Paulo,3550308,True,,33818,,,-23.5655915,-46.4159225,,,,2,2023-06-17T16:13:45+00:00
SAO_3756-10,São Paulo,3550308,True,,33818,,,-23.59088925,-46.38924275,,,,2,2023-06-17T16:14:02+00:00
SAO_3756-10,São Paulo,3550308,True,,33818,,,-23.59088925,-46.38924275,,,,2,2023-06-17T16:13:42+00:00
SAO_3756-10,São Paulo,3550308,True,,33818,,,-23.5904125,-46.389418125,,,,2,2023-06-17T16:13:31+00:00
SAO_3756-10,São Paulo,3550308,True,,33818,,,-23.552208625000002,-46.458646125,,,,2,2023-06-17T16:13:24+00:00
SAO_746P-10,São Paulo,3550308,True,,33556,,,-23.6172295,-46.720997,,,,2,2023-06-17T16:13:57+00:00
SAO_746P-10,São Paulo,3550308,True,,33556,,,-23.624795499999998,-46.734046500000005,,,,2,2023-06-17T16:13:39+00:00
SAO_746P-10,São Paulo,3550308,True,,33556,,,-23.627282,-46.735634000000005,,,,2,2023-06-17T16:13:49+00:00
SAO_746P-10,São Paulo,3550308,True,,33556,,,-23.6186035,-46.731608,,,,2,2023-06-17T16:14:02+00:00
SAO_746P-10,São Paulo,3550308,True,,33556,,,-23.649947,-46.7061525,,,,2,2023-06-17T16:13:39+00:00
SAO_746P-10,São Paulo,3550308,True,,33556,,,-23.650989,-46.718293,,,,2,2023-06-17T16:14:05+00:00
SAO_2725-10,São Paulo,3550308,True,,33707,,,-23.5083075,-46.4711215,,,,2,2023-06-17T16:13:53+00:00
SAO_2725-10,São Paulo,3550308,True,,33707,,,-23.512969499999997,-46.4736135,,,,2,2023-06-17T16:13:31+00:00
SAO_2725-10,São Paulo,3550308,True,,33707,,,-23.517615499999998,-46.468911000000006,,,,2,2023-06-17T16:13:31+00:00
SAO_2725-10,São Paulo,3550308,True,,33707,,,-23.531156000000003,-46.473783,,,,2,2023-06-17T16:12:11+00:00
SAO_1720-21,São Paulo,3550308,True,,34705,,,-23.4873335,-46.574318500000004,,,,2,2023-06-17T16:14:05+00:00
SAO_1720-21,São Paulo,3550308,True,,34705,,,-23.480821499999998,-46.6035315,,,,2,2023-06-17T16:13:49+00:00
SAO_1720-21,São Paulo,3550308,True,,34705,,,-23.487143500000002,-46.57385,,,,2,2023-06-17T16:13:32+00:00
SAO_6080-10,São Paulo,3550308,True,,33936,,,-23.7586485,-46.667677499999996,,,,2,2023-06-17T16:13:27+00:00
SAO_6080-10,São Paulo,3550308,True,,33936,,,-23.675214499999996,-46.67882875,,,,2,2023-06-17T16:13:52+00:00
SAO_6080-10,São Paulo,3550308,True,,33936,,,-23.7298985,-46.698599,,,,2,2023-06-17T16:13:29+00:00
SAO_6080-10,São Paulo,3550308,True,,33936,,,-23.7435615,-46.6914735,,,,2,2023-06-17T16:13:54+00:00
SAO_546J-10,São Paulo,3550308,True,,1133,,,-23.687824,-46.658593499999995,,,,1,2023-06-17T16:13:51+00:00
SAO_546J-10,São Paulo,3550308,True,,1133,,,-23.6857875,-46.6638175,,,,1,2023-06-17T16:13:51+00:00
SAO_546J-10,São Paulo,3550308,True,,1133,,,-23.6541985,-46.704713999999996,,,,1,2023-06-17T16:13:35+00:00
SAO_546J-10,São Paulo,3550308,True,,1133,,,-23.656631,-46.7000175,,,,1,2023-06-17T16:13:34+00:00
SAO_546J-10,São Paulo,3550308,True,,1133,,,-23.687824,-46.658593499999995,,,,1,2023-06-17T16:14:03+00:00
SAO_3006-10,São Paulo,3550308,True,,34633,,,-23.544321625,-46.406484125,,,,2,2023-06-17T16:13:16+00:00
SAO_3006-10,São Paulo,3550308,True,,34633,,,-23.547792,-46.390069,,,,2,2023-06-17T16:13:33+00:00
SAO_3006-10,São Paulo,3550308,True,,34633,,,-23.5476935,-46.390091,,,,2,2023-06-17T16:13:54+00:00
SAO_3006-10,São Paulo,3550308,True,,34633,,,-23.5476935,-46.390091,,,,2,2023-06-17T16:13:17+00:00
SAO_9162-10,São Paulo,3550308,True,,34133,,,-23.473983,-46.678315999999995,,,,2,2023-06-17T16:13:55+00:00
SAO_9162-10,São Paulo,3550308,True,,34133,,,-23.472202000000003,-46.6830555,,,,2,2023-06-17T16:14:04+00:00
SAO_577T-10,São Paulo,3550308,True,,1291,,,-23.59198725,-46.6414125,,,,1,2023-06-17T16:14:07+00:00
SAO_577T-10,São Paulo,3550308,True,,1291,,,-23.6488865,-46.646154499999994,,,,1,2023-06-17T16:13:23+00:00
SAO_577T-10,São Paulo,3550308,True,,1291,,,-23.619467,-46.63935575000001,,,,1,2023-06-17T16:13:32+00:00
SAO_577T-10,São Paulo,3550308,True,,1291,,,-23.671243,-46.6462665,,,,1,2023-06-17T16:14:01+00:00
SAO_2734-10,São Paulo,3550308,True,,1760,,,-23.503507499999998,-46.429643,,,,1,2023-06-17T16:13:32+00:00
SAO_2734-10,São Paulo,3550308,True,,1760,,,-23.511297499999998,-46.4098465,,,,1,2023-06-17T16:13:48+00:00
SAO_2734-10,São Paulo,3550308,True,,1760,,,-23.52581875,-46.4457,,,,1,2023-06-17T16:13:23+00:00
SAO_2734-10,São Paulo,3550308,True,,1760,,,-23.541961999999998,-46.470873,,,,1,2023-06-17T16:13:05+00:00
SAO_3069-10,São Paulo,3550308,True,,984,,,-23.621235,-46.4592345,,,,1,2023-06-17T16:13:31+00:00
SAO_3069-10,São Paulo,3550308,True,,984,,,-23.620547000000002,-46.457976,,,,1,2023-06-17T16:13:54+00:00
SAO_3069-10,São Paulo,3550308,True,,984,,,-23.623323,-46.432497,,,,1,2023-06-17T16:13:26+00:00
SAO_3069-10,São Paulo,3550308,True,,984,,,-23.61557925,-46.414035625,,,,1,2023-06-17T16:14:04+00:00
SAO_3069-10,São Paulo,3550308,True,,984,,,-23.6125085,-46.4160355,,,,1,2023-06-17T16:14:03+00:00
SAO_4025-10,São Paulo,3550308,True,,33863,,,-23.607989375000002,-46.553975375,,,,2,2023-06-17T16:13:26+00:00
SAO_4025-10,São Paulo,3550308,True,,33863,,,-23.607989375000002,-46.553975375,,,,2,2023-06-17T16:13:45+00:00
SAO_4025-10,São Paulo,3550308,True,,33863,,,-23.5470715,-46.58000775,,,,2,2023-06-17T16:13:33+00:00
SAO_4025-10,São Paulo,3550308,True,,33863,,,-23.578747749999998,-46.579165625,,,,2,2023-06-17T16:12:53+00:00
SAO_4025-10,São Paulo,3550308,True,,33863,,,-23.593766375,-46.56137925,,,,2,2023-06-17T16:13:23+00:00
SAO_4025-10,São Paulo,3550308,True,,33863,,,-23.607989375000002,-46.553975375,,,,2,2023-06-17T16:13:59+00:00
SAO_4732-10,São Paulo,3550308,True,,33070,,,-23.631967500000002,-46.610034,,,,2,2023-06-17T16:13:31+00:00
SAO_4732-10,São Paulo,3550308,True,,33070,,,-23.647517999999998,-46.6006515,,,,2,2023-06-17T16:13:54+00:00
SAO_6110-10,São Paulo,3550308,True,,1184,,,-23.733372000000003,-46.7128125,,,,1,2023-06-17T16:13:55+00:00
SAO_6110-10,São Paulo,3550308,True,,1184,,,-23.71159725,-46.699049,,,,1,2023-06-17T16:13:38+00:00
SAO_6110-10,São Paulo,3550308,True,,1184,,,-23.67970975,-46.68644525,,,,1,2023-06-17T16:13:42+00:00
SAO_856R-10,São Paulo,3550308,True,,1428,,,-23.523927999999998,-46.69564749999999,,,,1,2023-06-17T16:13:57+00:00
SAO_856R-10,São Paulo,3550308,True,,1428,,,-23.521862,-46.6976475,,,,1,2023-06-17T16:14:02+00:00
SAO_856R-10,São Paulo,3550308,True,,1428,,,-23.669865,-46.719399249999995,,,,1,2023-06-17T16:13:46+00:00
SAO_856R-10,São Paulo,3550308,True,,1428,,,-23.669865,-46.719399249999995,,,,1,2023-06-17T16:13:25+00:00
SAO_856R-10,São Paulo,3550308,True,,1428,,,-23.669694,-46.71912525,,,,1,2023-06-17T16:14:06+00:00
SAO_856R-10,São Paulo,3550308,True,,1428,,,-23.661628,-46.7066085,,,,1,2023-06-17T16:13:24+00:00
SAO_856R-10,São Paulo,3550308,True,,1428,,,-23.54366,-46.683238,,,,1,2023-06-17T16:13:42+00:00
SAO_856R-10,São Paulo,3550308,True,,1428,,,-23.585856999999997,-46.6826365,,,,1,2023-06-17T16:13:27+00:00
SAO_364A-10,São Paulo,3550308,True,,1246,,,-23.58266475,-46.564837749999995,,,,1,2023-06-17T16:14:03+00:00
SAO_364A-10,São Paulo,3550308,True,,1246,,,-23.615073,-46.501591,,,,1,2023-06-17T16:13:56+00:00
SAO_364A-10,São Paulo,3550308,True,,1246,,,-23.614800000000002,-46.5025895,,,,1,2023-06-17T16:13:41+00:00
SAO_364A-10,São Paulo,3550308,True,,1246,,,-23.5632085,-46.5012665,,,,1,2023-06-17T16:13:54+00:00
SAO_364A-10,São Paulo,3550308,True,,1246,,,-23.5632085,-46.5012665,,,,1,2023-06-17T16:13:26+00:00
SAO_364A-10,São Paulo,3550308,True,,1246,,,-23.5730655,-46.5043445,,,,1,2023-06-17T16:13:38+00:00
SAO_364A-10,São Paulo,3550308,True,,1246,,,-23.5754545,-46.5030275,,,,1,2023-06-17T16:13:59+00:00
SAO_364A-10,São Paulo,3550308,True,,1246,,,-23.5972805,-46.5328305,,,,1,2023-06-17T16:13:57+00:00
SAO_2076-10,São Paulo,3550308,True,,33136,,,-23.501832999999998,-46.3846645,,,,2,2023-06-17T16:13:31+00:00
SAO_2076-10,São Paulo,3550308,True,,33136,,,-23.5037935,-46.379870499999996,,,,2,2023-06-17T16:13:48+00:00
SAO_2076-10,São Paulo,3550308,True,,33136,,,-23.5039315,-46.3796915,,,,2,2023-06-17T16:13:54+00:00
SAO_2076-10,São Paulo,3550308,True,,33136,,,-23.494834500000003,-46.4515105,,,,2,2023-06-17T16:13:35+00:00
SAO_2076-10,São Paulo,3550308,True,,33136,,,-23.504168999999997,-46.379309,,,,2,2023-06-17T16:13:26+00:00
SAO_6073-10,São Paulo,3550308,True,,33928,,,-23.853313,-46.6956225,,,,2,2023-06-17T16:14:03+00:00
SAO_6073-10,São Paulo,3550308,True,,33928,,,-23.853313,-46.6956225,,,,2,2023-06-17T16:13:35+00:00
SAO_6073-10,São Paulo,3550308,True,,33928,,,-23.853313,-46.6956225,,,,2,2023-06-17T16:13:50+00:00
SAO_6073-10,São Paulo,3550308,True,,33928,,,-23.853313,-46.6956225,,,,2,2023-06-17T16:13:49+00:00
SAO_6073-10,São Paulo,3550308,True,,33928,,,-23.853313,-46.6956225,,,,2,2023-06-17T16:13:41+00:00
SAO_6073-10,São Paulo,3550308,True,,33928,,,-23.853313,-46.6956225,,,,2,2023-06-17T16:13:55+00:00
SAO_6073-10,São Paulo,3550308,True,,33928,,,-23.853313,-46.6956225,,,,2,2023-06-17T16:13:38+00:00
SAO_6073-10,São Paulo,3550308,True,,33928,,,-23.8288865,-46.7245655,,,,2,2023-06-17T16:13:57+00:00
SAO_6824-10,São Paulo,3550308,True,,32791,,,-23.65800325,-46.76487875,,,,2,2023-06-17T16:13:31+00:00
SAO_6824-10,São Paulo,3550308,True,,32791,,,-23.673696749999998,-46.79064525,,,,2,2023-06-17T16:13:39+00:00
SAO_1701-21,São Paulo,3550308,True,,35244,,,-23.447903750000002,-46.57596337499999,,,,2,2023-06-17T16:13:30+00:00
SAO_1701-21,São Paulo,3550308,True,,35244,,,-23.466430000000003,-46.5875515,,,,2,2023-06-17T16:13:52+00:00
SAO_407K-10,São Paulo,3550308,True,,34936,,,-23.613653,-46.4766475,,,,2,2023-06-17T16:14:02+00:00
SAO_407K-10,São Paulo,3550308,True,,34936,,,-23.613653,-46.4766475,,,,2,2023-06-17T16:14:01+00:00
SAO_407K-10,São Paulo,3550308,True,,34936,,,-23.602150625,-46.482904125,,,,2,2023-06-17T16:13:37+00:00
SAO_3741-10,São Paulo,3550308,True,,1041,,,-23.542240625,-46.450576,,,,1,2023-06-17T16:13:46+00:00
SAO_3741-10,São Paulo,3550308,True,,1041,,,-23.555749875,-46.463263500000004,,,,1,2023-06-17T16:13:25+00:00
SAO_3741-10,São Paulo,3550308,True,,1041,,,-23.5519955,-46.451149,,,,1,2023-06-17T16:13:28+00:00
SAO_4013-10,São Paulo,3550308,True,,34954,,,-23.634888,-46.4434555,,,,2,2023-06-17T16:13:48+00:00
SAO_4013-10,São Paulo,3550308,True,,34954,,,-23.635369500000003,-46.445468500000004,,,,2,2023-06-17T16:13:33+00:00
SAO_4013-10,São Paulo,3550308,True,,34954,,,-23.635369500000003,-46.445468500000004,,,,2,2023-06-17T16:13:54+00:00
SAO_4013-10,São Paulo,3550308,True,,34954,,,-23.612684,-46.472822,,,,2,2023-06-17T16:13:25+00:00
SAO_178T-10,São Paulo,3550308,True,EMTU,565,https://moovitapp.com/index/pt-br/transporte_p%C3%BAblico-line-565-Sao_Paulo-242-2038937-36419563-0,8.1,-23.5313455,-46.7346275,,,,1,2023-06-17T16:13:44+00:00
SAO_178T-10,São Paulo,3550308,True,EMTU,565,https://moovitapp.com/index/pt-br/transporte_p%C3%BAblico-line-565-Sao_Paulo-242-2038937-36419563-0,8.1,-23.5315425,-46.734446500000004,,,,1,2023-06-17T16:13:50+00:00
SAO_178T-10,São Paulo,3550308,True,EMTU,565,https://moovitapp.com/index/pt-br/transporte_p%C3%BAblico-line-565-Sao_Paulo-242-2038937-36419563-0,8.1,-23.52392,-46.717361,,,,1,2023-06-17T16:13:16+00:00
SAO_178T-10,São Paulo,3550308,True,EMTU,565,https://moovitapp.com/index/pt-br/transporte_p%C3%BAblico-line-565-Sao_Paulo-242-2038937-36419563-0,8.1,-23.52725,-46.734348999999995,,,,1,2023-06-17T16:14:07+00:00
SAO_178T-10,São Paulo,3550308,True,EMTU,565,https://moovitapp.com/index/pt-br/transporte_p%C3%BAblico-line-565-Sao_Paulo-242-2038937-36419563-0,8.1,-23.499177500000002,-46.698483499999995,,,,1,2023-06-17T16:13:53+00:00
SAO_178T-10,São Paulo,3550308,True,EMTU,565,https://moovitapp.com/index/pt-br/transporte_p%C3%BAblico-line-565-Sao_Paulo-242-2038937-36419563-0,8.1,-23.4877145,-46.647360500000005,,,,1,2023-06-17T16:13:39+00:00
SAO_675A-10,São Paulo,3550308,True,,1318,,,-23.66134,-46.753699,,,,1,2023-06-17T16:13:30+00:00
SAO_675A-10,São Paulo,3550308,True,,1318,,,-23.628152749999998,-46.685583,,,,1,2023-06-17T16:13:58+00:00
SAO_675A-10,São Paulo,3550308,True,,1318,,,-23.6274845,-46.642675,,,,1,2023-06-17T16:13:40+00:00
SAO_675A-10,São Paulo,3550308,True,,1318,,,-23.619234000000002,-46.66200875,,,,1,2023-06-17T16:13:25+00:00
SAO_875C-1,São Paulo,3550308,True,,2510,,,-23.5856675,-46.6819415,,,,1,2023-06-17T16:13:46+00:00
SAO_677A-10,São Paulo,3550308,True,,34007,,,-23.590987,-46.6876305,,,,2,2023-06-17T16:13:56+00:00
SAO_677A-10,São Paulo,3550308,True,,34007,,,-23.689751,-46.773829500000005,,,,2,2023-06-17T16:13:22+00:00
SAO_677A-10,São Paulo,3550308,True,,34007,,,-23.590987,-46.6876305,,,,2,2023-06-17T16:13:37+00:00
SAO_677A-10,São Paulo,3550308,True,,34007,,,-23.671447999999998,-46.74234,,,,2,2023-06-17T16:14:01+00:00
SAO_677A-10,São Paulo,3550308,True,,34007,,,-23.590987,-46.6876305,,,,2,2023-06-17T16:13:37+00:00
SAO_677A-10,São Paulo,3550308,True,,34007,,,-23.6447715,-46.72743125,,,,2,2023-06-17T16:14:02+00:00
SAO_6837-10,São Paulo,3550308,True,,32774,,,-23.6505515,-46.759669,,,,2,2023-06-17T16:14:07+00:00
SAO_6837-10,São Paulo,3550308,True,,32774,,,-23.616906,-46.7573915,,,,2,2023-06-17T16:14:05+00:00
SAO_8610-10,São Paulo,3550308,True,,2063,,,-23.58253675,-46.6866725,,,,1,2023-06-17T16:13:48+00:00
SAO_8610-10,São Paulo,3550308,True,,2063,,,-23.603227500000003,-46.7805135,,,,1,2023-06-17T16:13:51+00:00
SAO_8610-10,São Paulo,3550308,True,,2063,,,-23.58680925,-46.790856500000004,,,,1,2023-06-17T16:14:00+00:00
SAO_8610-10,São Paulo,3550308,True,,2063,,,-23.603227500000003,-46.7805135,,,,1,2023-06-17T16:13:24+00:00
SAO_3737-10,São Paulo,3550308,True,,1037,,,-23.558414,-46.506828999999996,,,,1,2023-06-17T16:13:23+00:00
SAO_3737-10,São Paulo,3550308,True,,1037,,,-23.530963999999997,-46.5181355,,,,1,2023-06-17T16:12:24+00:00
SAO_3737-10,São Paulo,3550308,True,,1037,,,-23.564117500000002,-46.505180499999994,,,,1,2023-06-17T16:13:24+00:00
SAO_3737-10,São Paulo,3550308,True,,1037,,,-23.530963999999997,-46.5181355,,,,1,2023-06-17T16:13:54+00:00
SAO_3737-10,São Paulo,3550308,True,,1037,,,-23.538782750000003,-46.51567075,,,,1,2023-06-17T16:13:16+00:00
SAO_3737-10,São Paulo,3550308,True,,1037,,,-23.5504195,-46.507943999999995,,,,1,2023-06-17T16:13:25+00:00
SAO_9008-10,São Paulo,3550308,True,,875,,,-23.46901225,-46.67716775,,,,1,2023-06-17T16:13:33+00:00
SAO_9008-10,São Paulo,3550308,True,,875,,,-23.453366,-46.6968985,,,,1,2023-06-17T16:13:40+00:00
SAO_9008-10,São Paulo,3550308,True,,875,,,-23.434218,-46.715734,,,,1,2023-06-17T16:13:45+00:00
SAO_9008-10,São Paulo,3550308,True,,875,,,-23.427475,-46.7146125,,,,1,2023-06-17T16:13:26+00:00
SAO_3768-10,São Paulo,3550308,True,,1056,,,-23.539736,-46.4314325,,,,1,2023-06-17T16:13:29+00:00
SAO_3768-10,São Paulo,3550308,True,,1056,,,-23.547577,-46.426424,,,,1,2023-06-17T16:13:45+00:00
SAO_3768-10,São Paulo,3550308,True,,1056,,,-23.570908,-46.3964135,,,,1,2023-06-17T16:13:51+00:00
SAO_3768-10,São Paulo,3550308,True,,1056,,,-23.589976999999998,-46.382441,,,,1,2023-06-17T16:13:34+00:00
SAO_2523-10,São Paulo,3550308,True,,33018,,,-23.515441,-46.45831225,,,,2,2023-06-17T16:09:55+00:00
SAO_2523-10,São Paulo,3550308,True,,33018,,,-23.5216,-46.4253885,,,,2,2023-06-17T16:13:25+00:00
SAO_2523-10,São Paulo,3550308,True,,33018,,,-23.521767500000003,-46.4247855,,,,2,2023-06-17T16:13:43+00:00
SAO_2523-10,São Paulo,3550308,True,,33018,,,-23.521937,-46.4241185,,,,2,2023-06-17T16:13:52+00:00
SAO_6076-41,São Paulo,3550308,True,,34754,,,-23.705064,-46.702547499999994,,,,2,2023-06-17T16:13:42+00:00
SAO_6007-10,São Paulo,3550308,True,,176,,,-23.655546,-46.762099500000005,,,,1,2023-06-17T16:13:52+00:00
SAO_6007-10,São Paulo,3550308,True,,176,,,-23.672414500000002,-46.748394000000005,,,,1,2023-06-17T16:13:28+00:00
SAO_6007-10,São Paulo,3550308,True,,176,,,-23.6648815,-46.7337545,,,,1,2023-06-17T16:09:24+00:00
SAO_8047-10,São Paulo,3550308,True,,33176,,,-23.475600999999997,-46.753474499999996,,,,2,2023-06-17T16:13:39+00:00
SAO_8047-10,São Paulo,3550308,True,,33176,,,-23.434307,-46.754795,,,,2,2023-06-17T16:13:35+00:00
SAO_8047-10,São Paulo,3550308,True,,33176,,,-23.434004,-46.754952,,,,2,2023-06-17T16:13:33+00:00
SAO_6047-10,São Paulo,3550308,True,,1224,,,-23.6686645,-46.763990500000006,,,,1,2023-06-17T16:14:07+00:00
SAO_6047-10,São Paulo,3550308,True,,1224,,,-23.649793,-46.708727499999995,,,,1,2023-06-17T16:13:56+00:00
SAO_6047-10,São Paulo,3550308,True,,1224,,,-23.661903000000002,-46.7520235,,,,1,2023-06-17T16:13:52+00:00
SAO_7040-10,São Paulo,3550308,True,,776,,,-23.615959500000002,-46.7209215,,,,1,2023-06-17T16:13:56+00:00
SAO_7040-10,São Paulo,3550308,True,,776,,,-23.5655225,-46.693991499999996,,,,1,2023-06-17T16:13:29+00:00
SAO_7040-10,São Paulo,3550308,True,,776,,,-23.58520275,-46.688413,,,,1,2023-06-17T16:13:23+00:00
SAO_7040-10,São Paulo,3550308,True,,776,,,-23.5758315,-46.687664999999996,,,,1,2023-06-17T16:13:23+00:00
SAO_7040-10,São Paulo,3550308,True,,776,,,-23.565738500000002,-46.6936375,,,,1,2023-06-17T16:13:40+00:00
SAO_233A-10,São Paulo,3550308,True,,33017,,,-23.555204,-46.5171275,,,,2,2023-06-17T16:13:29+00:00
SAO_233A-10,São Paulo,3550308,True,,33017,,,-23.484540250000002,-46.426031374999994,,,,2,2023-06-17T16:13:44+00:00
SAO_233A-10,São Paulo,3550308,True,,33017,,,-23.479201250000003,-46.42118275,,,,2,2023-06-17T16:13:52+00:00
SAO_1702-10,São Paulo,3550308,True,,33614,,,-23.463752999999997,-46.584382500000004,,,,2,2023-06-17T16:13:29+00:00
SAO_1702-10,São Paulo,3550308,True,,33614,,,-23.490913,-46.60860125000001,,,,2,2023-06-17T16:13:58+00:00
SAO_1702-10,São Paulo,3550308,True,,33614,,,-23.443305000000002,-46.5771705,,,,2,2023-06-17T16:14:02+00:00
SAO_1702-10,São Paulo,3550308,True,,33614,,,-23.443537,-46.577459000000005,,,,2,2023-06-17T16:14:05+00:00
SAO_1702-10,São Paulo,3550308,True,,33614,,,-23.51223775,-46.624915,,,,2,2023-06-17T16:14:03+00:00
SAO_1702-10,São Paulo,3550308,True,,33614,,,-23.443305000000002,-46.5771705,,,,2,2023-06-17T16:13:43+00:00
SAO_1702-10,São Paulo,3550308,True,,33614,,,-23.4725195,-46.58820025,,,,2,2023-06-17T16:13:56+00:00
SAO_1743-10,São Paulo,3550308,True,EMTU,543,https://moovitapp.com/index/pt-br/transporte_p%C3%BAblico-line-543-Sao_Paulo-242-2038937-36419552-0,5.15,-23.496862,-46.627975500000005,,,,1,2023-06-17T16:13:27+00:00
SAO_1743-10,São Paulo,3550308,True,EMTU,543,https://moovitapp.com/index/pt-br/transporte_p%C3%BAblico-line-543-Sao_Paulo-242-2038937-36419552-0,5.15,-23.470672,-46.65263,,,,1,2023-06-17T16:14:04+00:00
SAO_1743-10,São Paulo,3550308,True,EMTU,543,https://moovitapp.com/index/pt-br/transporte_p%C3%BAblico-line-543-Sao_Paulo-242-2038937-36419552-0,5.15,-23.455666,-46.6677895,,,,1,2023-06-17T16:13:50+00:00
SAO_971A-10,São Paulo,3550308,True,,658,,,-23.52263875,-46.625463499999995,,,,1,2023-06-17T16:14:01+00:00
SAO_971A-10,São Paulo,3550308,True,,658,,,-23.494384250000003,-46.665961249999995,,,,1,2023-06-17T16:13:59+00:00
SAO_3006-10,São Paulo,3550308,True,,1865,,,-23.548099999999998,-46.389815,,,,1,2023-06-17T16:13:56+00:00
SAO_3006-10,São Paulo,3550308,True,,1865,,,-23.543267125,-46.409600499999996,,,,1,2023-06-17T16:14:02+00:00
SAO_3006-10,São Paulo,3550308,True,,1865,,,-23.545839,-46.393084,,,,1,2023-06-17T16:13:33+00:00
SAO_3006-10,São Paulo,3550308,True,,1865,,,-23.548099999999998,-46.389815,,,,1,2023-06-17T16:12:28+00:00
SAO_7013-10,São Paulo,3550308,True,,33543,,,-23.5997605,-46.747480499999995,,,,2,2023-06-17T16:14:07+00:00
SAO_7013-10,São Paulo,3550308,True,,33543,,,-23.62975625,-46.754374999999996,,,,2,2023-06-17T16:14:03+00:00
SAO_7013-10,São Paulo,3550308,True,,33543,,,-23.6343615,-46.7582795,,,,2,2023-06-17T16:13:32+00:00
SAO_7013-10,São Paulo,3550308,True,,33543,,,-23.6397885,-46.7496145,,,,2,2023-06-17T16:13:41+00:00
SAO_7013-10,São Paulo,3550308,True,,33543,,,-23.6397885,-46.7496145,,,,2,2023-06-17T16:13:55+00:00
SAO_4726-10,São Paulo,3550308,True,,1680,,,-23.54938125,-46.58118675,,,,1,2023-06-17T16:13:23+00:00
SAO_4726-10,São Paulo,3550308,True,,1680,,,-23.5631045,-46.578466,,,,1,2023-06-17T16:14:00+00:00
SAO_4726-10,São Paulo,3550308,True,,1680,,,-23.563505,-46.591331499999995,,,,1,2023-06-17T16:13:41+00:00
SAO_273L-10,São Paulo,3550308,True,,32992,,,-23.539380375,-46.431489625,,,,2,2023-06-17T16:13:28+00:00
SAO_273L-10,São Paulo,3550308,True,,32992,,,-23.5111005,-46.4374385,,,,2,2023-06-17T16:13:43+00:00
SAO_6822-10,São Paulo,3550308,True,,32790,,,-23.65385975,-46.79008575,,,,2,2023-06-17T16:13:59+00:00
SAO_6822-10,São Paulo,3550308,True,,32790,,,-23.656190000000002,-46.776433,,,,2,2023-06-17T16:13:41+00:00
SAO_6822-10,São Paulo,3550308,True,,32790,,,-23.652406499999998,-46.7916995,,,,2,2023-06-17T16:13:37+00:00
SAO_6822-10,São Paulo,3550308,True,,32790,,,-23.65385975,-46.79008575,,,,2,2023-06-17T16:13:44+00:00
SAO_2725-10,São Paulo,3550308,True,,939,,,-23.540045,-46.483149499999996,,,,1,2023-06-17T16:14:04+00:00
SAO_2725-10,São Paulo,3550308,True,,939,,,-23.528841125,-46.4741135,,,,1,2023-06-17T16:13:33+00:00
SAO_2725-10,São Paulo,3550308,True,,939,,,-23.540045,-46.483149499999996,,,,1,2023-06-17T16:13:58+00:00
SAO_2725-10,São Paulo,3550308,True,,939,,,-23.506742,-46.467978,,,,1,2023-06-17T16:14:07+00:00
SAO_8677-10,São Paulo,3550308,True,EMTU,443,https://moovitapp.com/index/pt-br/transporte_p%C3%BAblico-line-443-Sao_Paulo-242-2038937-36419491-0,5.4,-23.4885395,-46.758933,,,,1,2023-06-17T16:14:06+00:00
SAO_8677-10,São Paulo,3550308,True,EMTU,443,https://moovitapp.com/index/pt-br/transporte_p%C3%BAblico-line-443-Sao_Paulo-242-2038937-36419491-0,5.4,-23.525718750000003,-46.67990475,,,,1,2023-06-17T16:14:05+00:00
SAO_8677-10,São Paulo,3550308,True,EMTU,443,https://moovitapp.com/index/pt-br/transporte_p%C3%BAblico-line-443-Sao_Paulo-242-2038937-36419491-0,5.4,-23.52559025,-46.6819255,,,,1,2023-06-17T16:14:03+00:00
SAO_2009-10,São Paulo,3550308,True,,33666,,,-23.510265500000003,-46.4141195,,,,2,2023-06-17T16:12:25+00:00
SAO_2009-10,São Paulo,3550308,True,,33666,,,-23.5104185,-46.413852500000004,,,,2,2023-06-17T16:13:34+00:00
SAO_2009-10,São Paulo,3550308,True,,33666,,,-23.543295999999998,-46.410864000000004,,,,2,2023-06-17T16:14:06+00:00
SAO_2009-10,São Paulo,3550308,True,,33666,,,-23.5097905,-46.414007999999995,,,,2,2023-06-17T16:13:37+00:00
SAO_2009-10,São Paulo,3550308,True,,33666,,,-23.520314999999997,-46.413413500000004,,,,2,2023-06-17T16:10:11+00:00
SAO_2009-10,São Paulo,3550308,True,,33666,,,-23.530049499999997,-46.415566,,,,2,2023-06-17T16:13:36+00:00
SAO_7022-10,São Paulo,3550308,True,,34852,,,-23.6852245,-46.7751985,,,,2,2023-06-17T16:13:56+00:00
SAO_7022-10,São Paulo,3550308,True,,34852,,,-23.685029999999998,-46.7754175,,,,2,2023-06-17T16:13:25+00:00
SAO_7022-10,São Paulo,3550308,True,,34852,,,-23.654007,-46.710475,,,,2,2023-06-17T16:14:00+00:00
SAO_3718-10,São Paulo,3550308,True,,33781,,,-23.541323,-46.4845135,,,,2,2023-06-17T16:13:53+00:00
SAO_3718-10,São Paulo,3550308,True,,33781,,,-23.541107,-46.4847105,,,,2,2023-06-17T16:13:50+00:00
SAO_3718-10,São Paulo,3550308,True,,33781,,,-23.554206999999998,-46.49043975,,,,2,2023-06-17T16:14:03+00:00
SAO_701A-10,São Paulo,3550308,True,,33457,,,-23.556485000000002,-46.66534,,,,2,2023-06-17T16:13:46+00:00
SAO_701A-10,São Paulo,3550308,True,,33457,,,-23.473826,-46.5661475,,,,2,2023-06-17T16:13:51+00:00
SAO_701A-10,São Paulo,3550308,True,,33457,,,-23.4736435,-46.565765999999996,,,,2,2023-06-17T16:14:01+00:00
SAO_701A-10,São Paulo,3550308,True,,33457,,,-23.47707175,-46.573971,,,,2,2023-06-17T16:13:29+00:00
SAO_701A-10,São Paulo,3550308,True,,33457,,,-23.53580675,-46.624911749999995,,,,2,2023-06-17T16:11:42+00:00
SAO_701A-10,São Paulo,3550308,True,,33457,,,-23.529571,-46.5984615,,,,2,2023-06-17T16:13:45+00:00
SAO_4311-10,São Paulo,3550308,True,,34939,,,-23.5931705,-46.467869500000006,,,,2,2023-06-17T16:13:51+00:00
SAO_4311-10,São Paulo,3550308,True,,34939,,,-23.612947,-46.476177500000006,,,,2,2023-06-17T16:13:33+00:00
SAO_4311-10,São Paulo,3550308,True,,34939,,,-23.5541725,-46.518260500000004,,,,2,2023-06-17T16:13:45+00:00
SAO_4311-10,São Paulo,3550308,True,,34939,,,-23.552935249999997,-46.616192999999996,,,,2,2023-06-17T16:14:07+00:00
SAO_6041-10,São Paulo,3550308,True,,1218,,,-23.6538065,-46.759575749999996,,,,1,2023-06-17T16:14:06+00:00
SAO_6041-10,São Paulo,3550308,True,,1218,,,-23.638214499999997,-46.717961375,,,,1,2023-06-17T16:13:41+00:00
SAO_6041-10,São Paulo,3550308,True,,1218,,,-23.6779205,-46.776494,,,,1,2023-06-17T16:13:32+00:00
SAO_1020-10,São Paulo,3550308,True,,35265,,,-23.405923,-46.755074,,,,2,2023-06-17T16:14:03+00:00
SAO_1020-10,São Paulo,3550308,True,,35265,,,-23.436256999999998,-46.7205955,,,,2,2023-06-17T16:13:30+00:00
SAO_1020-10,São Paulo,3550308,True,,35265,,,-23.410570999999997,-46.7636235,,,,2,2023-06-17T16:13:56+00:00
SAO_5614-21,São Paulo,3550308,True,,2464,,,-23.6186175,-46.6620645,,,,1,2023-06-17T16:13:37+00:00
SAO_5614-21,São Paulo,3550308,True,,2464,,,-23.62491625,-46.661489,,,,1,2023-06-17T16:14:05+00:00
SAO_5614-21,São Paulo,3550308,True,,2464,,,-23.6973495,-46.628032000000005,,,,1,2023-06-17T16:13:46+00:00
SAO_5614-21,São Paulo,3550308,True,,2464,,,-23.6877745,-46.6706635,,,,1,2023-06-17T16:13:59+00:00
SAO_5614-21,São Paulo,3550308,True,,2464,,,-23.6971195,-46.670246000000006,,,,1,2023-06-17T16:13:29+00:00
SAO_273J-10,São Paulo,3550308,True,,33157,,,-23.503303,-46.444709,,,,2,2023-06-17T16:11:57+00:00
SAO_273J-10,São Paulo,3550308,True,,33157,,,-23.530074499999998,-46.5287515,,,,2,2023-06-17T16:13:31+00:00
SAO_273J-10,São Paulo,3550308,True,,33157,,,-23.513874,-46.501478500000005,,,,2,2023-06-17T16:14:00+00:00
SAO_273J-10,São Paulo,3550308,True,,33157,,,-23.533164499999998,-46.5456245,,,,2,2023-06-17T16:13:47+00:00
SAO_273J-10,São Paulo,3550308,True,,33157,,,-23.4846465,-46.385453,,,,2,2023-06-17T16:12:23+00:00
SAO_273J-10,São Paulo,3550308,True,,33157,,,-23.478807,-46.3844435,,,,2,2023-06-17T16:14:00+00:00
SAO_273J-10,São Paulo,3550308,True,,33157,,,-23.48455775,-46.426333625,,,,2,2023-06-17T16:13:45+00:00
SAO_6052-10,São Paulo,3550308,True,,33912,,,-23.774666,-46.688460375,,,,2,2023-06-17T16:13:37+00:00
SAO_6052-10,São Paulo,3550308,True,,33912,,,-23.7757335,-46.691438500000004,,,,2,2023-06-17T16:13:46+00:00
SAO_6052-10,São Paulo,3550308,True,,33912,,,-23.775509999999997,-46.691679,,,,2,2023-06-17T16:13:43+00:00
SAO_6052-10,São Paulo,3550308,True,,33912,,,-23.775509999999997,-46.691679,,,,2,2023-06-17T16:14:04+00:00
SAO_6052-10,São Paulo,3550308,True,,33912,,,-23.7684595,-46.717510000000004,,,,2,2023-06-17T16:13:46+00:00
SAO_5111-10,São Paulo,3550308,True,,48,,,-23.6542935,-46.7114185,,,,1,2023-06-17T16:13:32+00:00
SAO_5111-10,São Paulo,3550308,True,,48,,,-23.5720795,-46.653583,,,,1,2023-06-17T16:13:31+00:00
SAO_5111-10,São Paulo,3550308,True,,48,,,-23.6542935,-46.7114185,,,,1,2023-06-17T16:13:58+00:00
SAO_5111-10,São Paulo,3550308,True,,48,,,-23.65389775,-46.7071655,,,,1,2023-06-17T16:13:24+00:00
SAO_5111-10,São Paulo,3550308,True,,48,,,-23.547648,-46.630084999999994,,,,1,2023-06-17T16:13:50+00:00
SAO_5111-10,São Paulo,3550308,True,,48,,,-23.6542935,-46.7114185,,,,1,2023-06-17T16:13:30+00:00
SAO_5111-10,São Paulo,3550308,True,,48,,,-23.6153995,-46.679636,,,,1,2023-06-17T16:14:05+00:00
SAO_3046-10,São Paulo,3550308,True,,33739,,,-23.544185,-46.5765985,,,,2,2023-06-17T16:13:35+00:00
SAO_3046-10,São Paulo,3550308,True,,33739,,,-23.576323,-46.550813500000004,,,,2,2023-06-17T16:13:47+00:00
SAO_3046-10,São Paulo,3550308,True,,33739,,,-23.579447000000002,-46.525166999999996,,,,2,2023-06-17T16:13:51+00:00
SAO_3046-10,São Paulo,3550308,True,,33739,,,-23.579227500000002,-46.534653,,,,2,2023-06-17T16:14:03+00:00
SAO_3046-10,São Paulo,3550308,True,,33739,,,-23.558743625,-46.573052000000004,,,,2,2023-06-17T16:13:56+00:00
SAO_3046-10,São Paulo,3550308,True,,33739,,,-23.581843499999998,-46.537116,,,,2,2023-06-17T16:13:26+00:00
SAO_3046-10,São Paulo,3550308,True,,33739,,,-23.5795625,-46.525234999999995,,,,2,2023-06-17T16:13:44+00:00
SAO_3098-10,São Paulo,3550308,True,,1078,,,-23.5636515,-46.50822475,,,,1,2023-06-17T16:14:02+00:00
SAO_3098-10,São Paulo,3550308,True,,1078,,,-23.611721000000003,-46.474964,,,,1,2023-06-17T16:13:26+00:00
SAO_3098-10,São Paulo,3550308,True,,1078,,,-23.633163,-46.462014499999995,,,,1,2023-06-17T16:13:32+00:00
SAO_3098-10,São Paulo,3550308,True,,1078,,,-23.630959375000003,-46.456264125000004,,,,1,2023-06-17T16:13:55+00:00
SAO_3098-10,São Paulo,3550308,True,,1078,,,-23.581943000000003,-46.490476,,,,1,2023-06-17T16:14:06+00:00
SAO_209P-10,São Paulo,3550308,True,,2216,,,-23.4705675,-46.6705775,,,,1,2023-06-17T16:13:45+00:00
SAO_209P-10,São Paulo,3550308,True,,2216,,,-23.491115999999998,-46.685500000000005,,,,1,2023-06-17T16:13:28+00:00
SAO_209P-10,São Paulo,3550308,True,,2216,,,-23.472319999999996,-46.6704065,,,,1,2023-06-17T16:13:54+00:00
SAO_209P-10,São Paulo,3550308,True,,2216,,,-23.470886,-46.670557,,,,1,2023-06-17T16:14:04+00:00
SAO_209P-10,São Paulo,3550308,True,,2216,,,-23.565970999999998,-46.702241,,,,1,2023-06-17T16:13:45+00:00
SAO_209P-10,São Paulo,3550308,True,,2216,,,-23.47120975,-46.67053275,,,,1,2023-06-17T16:13:42+00:00
SAO_574R-10,São Paulo,3550308,True,,1623,,,-23.5997585,-46.513968,,,,1,2023-06-17T16:13:59+00:00
SAO_574R-10,São Paulo,3550308,True,,1623,,,-23.61408,-46.5008325,,,,1,2023-06-17T16:13:55+00:00
SAO_574R-10,São Paulo,3550308,True,,1623,,,-23.5416595,-46.58983475,,,,1,2023-06-17T16:14:03+00:00
SAO_574R-10,São Paulo,3550308,True,,1623,,,-23.5770345,-46.5490545,,,,1,2023-06-17T16:13:36+00:00
SAO_2756-10,São Paulo,3550308,True,,33006,,,-23.5297945,-46.500789,,,,2,2023-06-17T16:11:07+00:00
SAO_2756-10,São Paulo,3550308,True,,33006,,,-23.5444265,-46.390927,,,,2,2023-06-17T16:13:41+00:00
SAO_875P-10,São Paulo,3550308,True,,1341,,,-23.5587165,-46.659662874999995,,,,1,2023-06-17T16:13:35+00:00
SAO_875P-10,São Paulo,3550308,True,,1341,,,-23.533906,-46.6622135,,,,1,2023-06-17T16:13:52+00:00
SAO_6403-10,São Paulo,3550308,True,,58,,,-23.64376,-46.732783999999995,,,,1,2023-06-17T16:13:42+00:00
SAO_6403-10,São Paulo,3550308,True,,58,,,-23.63581,-46.719123499999995,,,,1,2023-06-17T16:13:36+00:00
SAO_6403-10,São Paulo,3550308,True,,58,,,-23.576580999999997,-46.670604499999996,,,,1,2023-06-17T16:13:44+00:00
SAO_857C-10,São Paulo,3550308,True,,34669,,,-23.6337315,-46.773357000000004,,,,2,2023-06-17T16:13:55+00:00
SAO_857C-10,São Paulo,3550308,True,,34669,,,-23.646112000000002,-46.755938,,,,2,2023-06-17T16:13:59+00:00
SAO_857C-10,São Paulo,3550308,True,,34669,,,-23.631508,-46.7726,,,,2,2023-06-17T16:14:08+00:00
SAO_857C-10,São Paulo,3550308,True,,34669,,,-23.615032,-46.679569,,,,2,2023-06-17T16:14:08+00:00
SAO_857C-10,São Paulo,3550308,True,,34669,,,-23.6313825,-46.77286,,,,2,2023-06-17T16:13:56+00:00
SAO_7016-10,São Paulo,3550308,True,,2118,,,-23.687335,-46.756710999999996,,,,1,2023-06-17T16:13:56+00:00
SAO_7016-10,São Paulo,3550308,True,,2118,,,-23.667369,-46.728165,,,,1,2023-06-17T16:14:01+00:00
SAO_888P-10,São Paulo,3550308,True,EMTU,454,https://moovitapp.com/index/pt-br/transporte_p%C3%BAblico-line-454-Sao_Paulo-242-2038937-36419497-0,5.25,-23.450284,-46.7425585,,,,1,2023-06-17T16:13:47+00:00
SAO_888P-10,São Paulo,3550308,True,EMTU,454,https://moovitapp.com/index/pt-br/transporte_p%C3%BAblico-line-454-Sao_Paulo-242-2038937-36419497-0,5.25,-23.4430245,-46.7488775,,,,1,2023-06-17T16:13:36+00:00
SAO_888P-10,São Paulo,3550308,True,EMTU,454,https://moovitapp.com/index/pt-br/transporte_p%C3%BAblico-line-454-Sao_Paulo-242-2038937-36419497-0,5.25,-23.4433565,-46.706323,,,,1,2023-06-17T16:14:03+00:00
SAO_524M-10,São Paulo,3550308,True,,1631,,,-23.619445,-46.495205,,,,1,2023-06-17T16:13:52+00:00
SAO_524M-10,São Paulo,3550308,True,,1631,,,-23.5702565,-46.508983125,,,,1,2023-06-17T16:13:49+00:00
SAO_524M-10,São Paulo,3550308,True,,1631,,,-23.5641745,-46.505159,,,,1,2023-06-17T16:13:26+00:00
SAO_524M-10,São Paulo,3550308,True,,1631,,,-23.587147,-46.515763500000006,,,,1,2023-06-17T16:13:34+00:00
SAO_524M-10,São Paulo,3550308,True,,1631,,,-23.5987845,-46.499454,,,,1,2023-06-17T16:13:30+00:00
SAO_524M-10,São Paulo,3550308,True,,1631,,,-23.6139405,-46.501206499999995,,,,1,2023-06-17T16:14:07+00:00
SAO_2583-10,São Paulo,3550308,True,,33143,,,-23.50024475,-46.42326325,,,,2,2023-06-17T16:13:58+00:00
SAO_2583-10,São Paulo,3550308,True,,33143,,,-23.5075325,-46.489591250000004,,,,2,2023-06-17T16:13:47+00:00
SAO_2583-10,São Paulo,3550308,True,,33143,,,-23.510439249999997,-46.42165275,,,,2,2023-06-17T16:13:55+00:00
SAO_2723-10,São Paulo,3550308,True,,937,,,-23.54223,-46.4724785,,,,1,2023-06-17T16:13:39+00:00
SAO_2723-10,São Paulo,3550308,True,,937,,,-23.488923,-46.454624499999994,,,,1,2023-06-17T16:14:02+00:00
SAO_2723-10,São Paulo,3550308,True,,937,,,-23.522345,-46.4433325,,,,1,2023-06-17T16:13:54+00:00
SAO_2723-10,São Paulo,3550308,True,,937,,,-23.494294,-46.4433315,,,,1,2023-06-17T16:13:45+00:00
SAO_4052-10,São Paulo,3550308,True,,34913,,,-23.5371195,-46.4554485,,,,2,2023-06-17T16:13:24+00:00
SAO_4052-10,São Paulo,3550308,True,,34913,,,-23.5353135,-46.4277885,,,,2,2023-06-17T16:14:01+00:00
SAO_4052-10,São Paulo,3550308,True,,34913,,,-23.542564499999997,-46.41676,,,,2,2023-06-17T16:13:35+00:00
SAO_4052-10,São Paulo,3550308,True,,34913,,,-23.542564499999997,-46.41676,,,,2,2023-06-17T16:12:51+00:00
SAO_6022-10,São Paulo,3550308,True,,33975,,,-23.71689475,-46.783696250000006,,,,2,2023-06-17T16:14:01+00:00
SAO_6022-10,São Paulo,3550308,True,,33975,,,-23.728424,-46.7823315,,,,2,2023-06-17T16:14:01+00:00
SAO_6022-10,São Paulo,3550308,True,,33975,,,-23.6905325,-46.774566500000006,,,,2,2023-06-17T16:14:08+00:00
SAO_546L-10,São Paulo,3550308,True,,34053,,,-23.6542245,-46.710728,,,,2,2023-06-17T16:13:35+00:00
SAO_546L-10,São Paulo,3550308,True,,34053,,,-23.689251,-46.637806,,,,2,2023-06-17T16:13:54+00:00
SAO_546L-10,São Paulo,3550308,True,,34053,,,-23.689283749999998,-46.63762525,,,,2,2023-06-17T16:13:54+00:00
SAO_546L-10,São Paulo,3550308,True,,34053,,,-23.689283749999998,-46.63762525,,,,2,2023-06-17T16:14:06+00:00
SAO_546L-10,São Paulo,3550308,True,,34053,,,-23.6727925,-46.666112999999996,,,,2,2023-06-17T16:13:43+00:00
SAO_5185-10,São Paulo,3550308,True,,1308,,,-23.66655375,-46.719686499999995,,,,1,2023-06-17T16:13:30+00:00
SAO_5185-10,São Paulo,3550308,True,,1308,,,-23.6175445,-46.661736000000005,,,,1,2023-06-17T16:13:52+00:00
SAO_5185-10,São Paulo,3550308,True,,1308,,,-23.6677575,-46.7351975,,,,1,2023-06-17T16:13:49+00:00
SAO_5185-10,São Paulo,3550308,True,,1308,,,-23.546979,-46.63057,,,,1,2023-06-17T16:13:58+00:00
SAO_5185-10,São Paulo,3550308,True,,1308,,,-23.569668,-46.6509615,,,,1,2023-06-17T16:13:36+00:00
SAO_917M-10,São Paulo,3550308,True,,1366,,,-23.579513499999997,-46.63972375,,,,1,2023-06-17T16:14:00+00:00
SAO_917M-10,São Paulo,3550308,True,,1366,,,-23.471259500000002,-46.706211499999995,,,,1,2023-06-17T16:13:24+00:00
SAO_917M-10,São Paulo,3550308,True,,1366,,,-23.5036415,-46.6783905,,,,1,2023-06-17T16:13:38+00:00
SAO_875A-10,São Paulo,3550308,True,,609,,,-23.625695,-46.6461445,,,,1,2023-06-17T16:13:43+00:00
SAO_875A-10,São Paulo,3550308,True,,609,,,-23.5325575,-46.6575695,,,,1,2023-06-17T16:13:43+00:00
SAO_875A-10,São Paulo,3550308,True,,609,,,-23.566753687499997,-46.6499989375,,,,1,2023-06-17T16:13:58+00:00
SAO_875A-10,São Paulo,3550308,True,,609,,,-23.639167,-46.660844,,,,1,2023-06-17T16:13:44+00:00
SAO_6L07-10,São Paulo,3550308,True,,34313,,,-23.831447124999997,-46.712339625,,,,2,2023-06-17T16:14:01+00:00
SAO_6L07-10,São Paulo,3550308,True,,34313,,,-23.77712675,-46.717968,,,,2,2023-06-17T16:13:49+00:00
SAO_6L07-10,São Paulo,3550308,True,,34313,,,-23.8313465,-46.711774500000004,,,,2,2023-06-17T16:13:36+00:00
SAO_6093-10,São Paulo,3550308,True,,34353,,,-23.859626249999998,-46.703897375,,,,2,2023-06-17T16:09:20+00:00
SAO_6093-10,São Paulo,3550308,True,,34353,,,-23.736168499999998,-46.6967525,,,,2,2023-06-17T16:13:47+00:00
SAO_6093-10,São Paulo,3550308,True,,34353,,,-23.7505585,-46.7104225,,,,2,2023-06-17T16:13:54+00:00
SAO_6093-10,São Paulo,3550308,True,,34353,,,-23.824503,-46.734706,,,,2,2023-06-17T16:13:29+00:00
SAO_6093-10,São Paulo,3550308,True,,34353,,,-23.8364635,-46.720957999999996,,,,2,2023-06-17T16:14:07+00:00
SAO_6042-10,São Paulo,3550308,True,,1219,,,-23.672669,-46.7646945,,,,1,2023-06-17T16:13:43+00:00
SAO_6042-10,São Paulo,3550308,True,,1219,,,-23.6692775,-46.7731525,,,,1,2023-06-17T16:13:52+00:00
SAO_6042-10,São Paulo,3550308,True,,1219,,,-23.642553499999998,-46.739124000000004,,,,1,2023-06-17T16:13:49+00:00
SAO_4727-10,São Paulo,3550308,True,,33108,,,-23.611656625,-46.632747625,,,,2,2023-06-17T16:13:31+00:00
SAO_4727-10,São Paulo,3550308,True,,33108,,,-23.637493499999998,-46.6082675,,,,2,2023-06-17T16:13:46+00:00
SAO_8047-10,São Paulo,3550308,True,EMTU,408,https://moovitapp.com/index/pt-br/transporte_p%C3%BAblico-line-408-Sao_Paulo-242-2038937-36419468-0,7.55,-23.5208515,-46.7036495,,,,1,2023-06-17T16:14:02+00:00
SAO_8047-10,São Paulo,3550308,True,EMTU,408,https://moovitapp.com/index/pt-br/transporte_p%C3%BAblico-line-408-Sao_Paulo-242-2038937-36419468-0,7.55,-23.4870605,-46.756816,,,,1,2023-06-17T16:13:38+00:00
SAO_6500-10,São Paulo,3550308,True,,32814,,,-23.570276999999997,-46.662268,,,,2,2023-06-17T16:13:44+00:00
SAO_6500-10,São Paulo,3550308,True,,32814,,,-23.6541295,-46.712835999999996,,,,2,2023-06-17T16:13:39+00:00
SAO_6500-10,São Paulo,3550308,True,,32814,,,-23.61896,-46.682627,,,,2,2023-06-17T16:13:26+00:00
SAO_6500-10,São Paulo,3550308,True,,32814,,,-23.6511035,-46.7090995,,,,2,2023-06-17T16:14:08+00:00
SAO_4014-10,São Paulo,3550308,True,,34955,,,-23.59992,-46.4706715,,,,2,2023-06-17T16:13:28+00:00
SAO_4014-10,São Paulo,3550308,True,,34955,,,-23.612962500000002,-46.4565635,,,,2,2023-06-17T16:13:53+00:00
SAO_709M-10,São Paulo,3550308,True,,35230,,,-23.653924375,-46.71180125000001,,,,2,2023-06-17T16:13:32+00:00
SAO_709M-10,São Paulo,3550308,True,,35230,,,-23.584650000000003,-46.683251999999996,,,,2,2023-06-17T16:14:02+00:00
SAO_709M-10,São Paulo,3550308,True,,35230,,,-23.633460499999998,-46.693062999999995,,,,2,2023-06-17T16:14:06+00:00
SAO_373L-10,São Paulo,3550308,True,,33795,,,-23.6224955,-46.4141075,,,,2,2023-06-17T16:13:31+00:00
SAO_373L-10,São Paulo,3550308,True,,33795,,,-23.595814750000002,-46.43762475,,,,2,2023-06-17T16:13:53+00:00
SAO_373L-10,São Paulo,3550308,True,,33795,,,-23.54632,-46.468813,,,,2,2023-06-17T16:13:52+00:00
SAO_390E-10,São Paulo,3550308,True,,1882,,,-23.5461575,-46.6309005,,,,1,2023-06-17T16:13:49+00:00
SAO_390E-10,São Paulo,3550308,True,,1882,,,-23.518709,-46.546899499999995,,,,1,2023-06-17T16:13:06+00:00
SAO_695D-10,São Paulo,3550308,True,,32882,,,-23.659834,-46.67790575,,,,2,2023-06-17T16:13:57+00:00
SAO_695D-10,São Paulo,3550308,True,,32882,,,-23.732850999999997,-46.6761405,,,,2,2023-06-17T16:10:02+00:00
SAO_695D-10,São Paulo,3550308,True,,32882,,,-23.6472555,-46.640461,,,,2,2023-06-17T16:13:32+00:00
SAO_695D-10,São Paulo,3550308,True,,32882,,,-23.70568,-46.7016225,,,,2,2023-06-17T16:14:07+00:00
SAO_278A-10,São Paulo,3550308,True,,706,,,-23.535124,-46.5762615,,,,1,2023-06-17T16:13:56+00:00
SAO_278A-10,São Paulo,3550308,True,,706,,,-23.5077785,-46.525954999999996,,,,1,2023-06-17T16:13:27+00:00
SAO_278A-10,São Paulo,3550308,True,,706,,,-23.5077475,-46.525870999999995,,,,1,2023-06-17T16:14:03+00:00
SAO_2007-10,São Paulo,3550308,True,,33664,,,-23.5098355,-46.370437249999995,,,,2,2023-06-17T16:14:05+00:00
SAO_2007-10,São Paulo,3550308,True,,33664,,,-23.508926,-46.37522125,,,,2,2023-06-17T16:13:27+00:00
SAO_2007-10,São Paulo,3550308,True,,33664,,,-23.510008749999997,-46.3703235,,,,2,2023-06-17T16:12:23+00:00
SAO_2007-10,São Paulo,3550308,True,,33664,,,-23.51009825,-46.370076499999996,,,,2,2023-06-17T16:13:30+00:00
SAO_2007-10,São Paulo,3550308,True,,33664,,,-23.495033499999998,-46.402933000000004,,,,2,2023-06-17T16:14:07+00:00
SAO_4113-10,São Paulo,3550308,True,,768,,,-23.60155975,-46.612840250000005,,,,1,2023-06-17T16:13:29+00:00
SAO_4113-10,São Paulo,3550308,True,,768,,,-23.60155975,-46.612840250000005,,,,1,2023-06-17T16:13:48+00:00
SAO_4113-10,São Paulo,3550308,True,,768,,,-23.60155975,-46.612840250000005,,,,1,2023-06-17T16:13:33+00:00
SAO_4113-10,São Paulo,3550308,True,,768,,,-23.57228275,-46.622696250000004,,,,1,2023-06-17T16:13:51+00:00
SAO_4113-10,São Paulo,3550308,True,,768,,,-23.60155975,-46.612840250000005,,,,1,2023-06-17T16:13:52+00:00
SAO_4113-10,São Paulo,3550308,True,,768,,,-23.556521500000002,-46.633036000000004,,,,1,2023-06-17T16:14:00+00:00
SAO_4113-10,São Paulo,3550308,True,,768,,,-23.60155975,-46.612840250000005,,,,1,2023-06-17T16:14:04+00:00
SAO_4113-10,São Paulo,3550308,True,,768,,,-23.59430475,-46.60996525,,,,1,2023-06-17T16:13:24+00:00
SAO_7057-10,São Paulo,3550308,True,,34665,,,-23.64922775,-46.78505225,,,,2,2023-06-17T16:14:05+00:00
SAO_7057-10,São Paulo,3550308,True,,34665,,,-23.64922775,-46.78505225,,,,2,2023-06-17T16:13:56+00:00
SAO_7057-10,São Paulo,3550308,True,,34665,,,-23.64922775,-46.78505225,,,,2,2023-06-17T16:13:53+00:00
SAO_7057-10,São Paulo,3550308,True,,34665,,,-23.6453225,-46.789393000000004,,,,2,2023-06-17T16:14:01+00:00
SAO_9785-10,São Paulo,3550308,True,,828,,,-23.5279395,-46.674833,,,,1,2023-06-17T16:13:47+00:00
SAO_9785-10,São Paulo,3550308,True,,828,,,-23.504914499999998,-46.6900215,,,,1,2023-06-17T16:13:39+00:00
SAO_9785-10,São Paulo,3550308,True,,828,,,-23.471965,-46.6916,,,,1,2023-06-17T16:14:00+00:00
SAO_9785-10,São Paulo,3550308,True,,828,,,-23.4561785,-46.698985,,,,1,2023-06-17T16:14:06+00:00
SAO_2016-10,São Paulo,3550308,True,,902,,,-23.49606,-46.37753925,,,,1,2023-06-17T16:13:44+00:00
SAO_2016-10,São Paulo,3550308,True,,902,,,-23.494236,-46.4016385,,,,1,2023-06-17T16:13:44+00:00
SAO_2016-10,São Paulo,3550308,True,,902,,,-23.4952525,-46.43242,,,,1,2023-06-17T16:13:25+00:00
SAO_6063-42,São Paulo,3550308,True,,2002,,,-23.809403,-46.6612485,,,,1,2023-06-17T16:13:34+00:00
SAO_6063-42,São Paulo,3550308,True,,2002,,,-23.776369,-46.696589,,,,1,2023-06-17T16:13:37+00:00
SAO_6063-42,São Paulo,3550308,True,,2002,,,-23.811515999999997,-46.6651935,,,,1,2023-06-17T16:13:54+00:00
SAO_7004-10,São Paulo,3550308,True,,1992,,,-23.6853285,-46.7484295,,,,1,2023-06-17T16:13:31+00:00
SAO_7004-10,São Paulo,3550308,True,,1992,,,-23.6681175,-46.732420000000005,,,,1,2023-06-17T16:13:52+00:00
SAO_7004-10,São Paulo,3550308,True,,1992,,,-23.685398,-46.748864,,,,1,2023-06-17T16:13:27+00:00
SAO_7004-10,São Paulo,3550308,True,,1992,,,-23.719359750000002,-46.784958749999994,,,,1,2023-06-17T16:13:28+00:00
SAO_7004-10,São Paulo,3550308,True,,1992,,,-23.7312905,-46.7859135,,,,1,2023-06-17T16:13:50+00:00
SAO_7004-10,São Paulo,3550308,True,,1992,,,-23.741947500000002,-46.801043,,,,1,2023-06-17T16:14:06+00:00
SAO_7004-10,São Paulo,3550308,True,,1992,,,-23.6951705,-46.779768,,,,1,2023-06-17T16:14:03+00:00
SAO_9789-10,São Paulo,3550308,True,,829,,,-23.4790215,-46.6910145,,,,1,2023-06-17T16:13:58+00:00
SAO_9789-10,São Paulo,3550308,True,,829,,,-23.46145575,-46.706664625,,,,1,2023-06-17T16:13:42+00:00
SAO_9789-10,São Paulo,3550308,True,,829,,,-23.460588,-46.70847,,,,1,2023-06-17T16:13:33+00:00
SAO_9789-10,São Paulo,3550308,True,,829,,,-23.460804500000002,-46.7086025,,,,1,2023-06-17T16:13:30+00:00
SAO_9789-10,São Paulo,3550308,True,,829,,,-23.49476375,-46.6834525,,,,1,2023-06-17T16:14:04+00:00
SAO_9789-10,São Paulo,3550308,True,,829,,,-23.5156395,-46.6668855,,,,1,2023-06-17T16:13:31+00:00
SAO_675M-10,São Paulo,3550308,True,ETT,108,https://moovitapp.com/index/pt-br/transporte_p%C3%BAblico-line-108-Sao_Paulo-242-876373-496510-0,5.3,-23.65448,-46.667337,,,,1,2023-06-17T16:14:03+00:00
SAO_675M-10,São Paulo,3550308,True,ETT,108,https://moovitapp.com/index/pt-br/transporte_p%C3%BAblico-line-108-Sao_Paulo-242-876373-496510-0,5.3,-23.7221975,-46.688697250000004,,,,1,2023-06-17T16:13:40+00:00
SAO_1024-10,São Paulo,3550308,True,,2302,,,-23.463704749999998,-46.701147000000006,,,,1,2023-06-17T16:13:34+00:00
SAO_1024-10,São Paulo,3550308,True,,2302,,,-23.461427,-46.709677,,,,1,2023-06-17T16:14:02+00:00
SAO_1024-10,São Paulo,3550308,True,,2302,,,-23.486397750000002,-46.696726500000004,,,,1,2023-06-17T16:13:58+00:00
SAO_9301-10,São Paulo,3550308,True,,33226,,,-23.4959565,-46.6621375,,,,2,2023-06-17T16:13:58+00:00
SAO_9301-10,São Paulo,3550308,True,,33226,,,-23.537172499999997,-46.6418485,,,,2,2023-06-17T16:13:53+00:00
SAO_9301-10,São Paulo,3550308,True,,33226,,,-23.495991,-46.662211,,,,2,2023-06-17T16:14:04+00:00
SAO_2582-10,São Paulo,3550308,True,EMTU,374,https://moovitapp.com/index/pt-br/transporte_p%C3%BAblico-line-374-Sao_Paulo-242-2038937-36419448-0,3.7,-23.538731,-46.6048935,,,,1,2023-06-17T16:13:53+00:00
SAO_2582-10,São Paulo,3550308,True,EMTU,374,https://moovitapp.com/index/pt-br/transporte_p%C3%BAblico-line-374-Sao_Paulo-242-2038937-36419448-0,3.7,-23.512112000000002,-46.432283,,,,1,2023-06-17T16:12:21+00:00
SAO_2582-10,São Paulo,3550308,True,EMTU,374,https://moovitapp.com/index/pt-br/transporte_p%C3%BAblico-line-374-Sao_Paulo-242-2038937-36419448-0,3.7,-23.535374,-46.57487775,,,,1,2023-06-17T16:13:48+00:00
SAO_2582-10,São Paulo,3550308,True,EMTU,374,https://moovitapp.com/index/pt-br/transporte_p%C3%BAblico-line-374-Sao_Paulo-242-2038937-36419448-0,3.7,-23.4944475,-46.50800875,,,,1,2023-06-17T16:13:24+00:00
SAO_524M-10,São Paulo,3550308,True,,34399,,,-23.586764,-46.5133915,,,,2,2023-06-17T16:13:33+00:00
SAO_524M-10,São Paulo,3550308,True,,34399,,,-23.61694775,-46.49507475,,,,2,2023-06-17T16:13:39+00:00
SAO_524M-10,São Paulo,3550308,True,,34399,,,-23.619122750000002,-46.4958135,,,,2,2023-06-17T16:13:44+00:00
SAO_524M-10,São Paulo,3550308,True,,34399,,,-23.619122750000002,-46.4958135,,,,2,2023-06-17T16:13:33+00:00
SAO_524M-10,São Paulo,3550308,True,,34399,,,-23.57464975,-46.5138855,,,,2,2023-06-17T16:13:47+00:00
SAO_524M-10,São Paulo,3550308,True,,34399,,,-23.613501499999998,-46.5016065,,,,2,2023-06-17T16:13:52+00:00
SAO_N535-11,São Paulo,3550308,True,,35155,,,-23.603310999999998,-46.6028315,,,,2,2023-06-17T16:13:39+00:00
SAO_971M-10,São Paulo,3550308,True,,612,,,-23.50091275,-46.625249875,,,,1,2023-06-17T16:14:00+00:00
SAO_971M-10,São Paulo,3550308,True,,612,,,-23.473908,-46.670291,,,,1,2023-06-17T16:14:02+00:00
SAO_971M-10,São Paulo,3550308,True,,612,,,-23.480617000000002,-46.6864675,,,,1,2023-06-17T16:13:39+00:00
SAO_971M-10,São Paulo,3550308,True,,612,,,-23.4767905,-46.636381,,,,1,2023-06-17T16:14:02+00:00
SAO_875C-10,São Paulo,3550308,True,,33246,,,-23.585765000000002,-46.681469,,,,2,2023-06-17T16:13:50+00:00
SAO_875C-10,São Paulo,3550308,True,,33246,,,-23.5199905,-46.699798,,,,2,2023-06-17T16:13:34+00:00
SAO_875C-10,São Paulo,3550308,True,,33246,,,-23.529049,-46.710982,,,,2,2023-06-17T16:13:30+00:00
SAO_875C-10,São Paulo,3550308,True,,33246,,,-23.520992749999998,-46.699836,,,,2,2023-06-17T16:13:29+00:00
SAO_4017-10,São Paulo,3550308,True,,2190,,,-23.580640000000002,-46.382213,,,,1,2023-06-17T16:09:28+00:00
SAO_5611-10,São Paulo,3550308,True,EMTU,598,https://moovitapp.com/index/pt-br/transporte_p%C3%BAblico-line-598-Sao_Paulo-242-2038937-36419579-0,7.05,-23.661581999999996,-46.67929025,,,,1,2023-06-17T16:14:03+00:00
SAO_5611-10,São Paulo,3550308,True,EMTU,598,https://moovitapp.com/index/pt-br/transporte_p%C3%BAblico-line-598-Sao_Paulo-242-2038937-36419579-0,7.05,-23.553468000000002,-46.636179,,,,1,2023-06-17T16:13:22+00:00
SAO_5611-10,São Paulo,3550308,True,EMTU,598,https://moovitapp.com/index/pt-br/transporte_p%C3%BAblico-line-598-Sao_Paulo-242-2038937-36419579-0,7.05,-23.714001,-46.6347455,,,,1,2023-06-17T16:14:02+00:00
SAO_5611-10,São Paulo,3550308,True,EMTU,598,https://moovitapp.com/index/pt-br/transporte_p%C3%BAblico-line-598-Sao_Paulo-242-2038937-36419579-0,7.05,-23.715806999999998,-46.626348500000006,,,,1,2023-06-17T16:13:24+00:00
SAO_6825-10,São Paulo,3550308,True,BR7 Mobilidade,14,https://moovitapp.com/index/pt-br/transporte_p%C3%BAblico-line-14-Sao_Paulo-242-851856-183465-0,5.75,-23.653897,-46.7629255,,,,1,2023-06-17T16:14:06+00:00
SAO_6825-10,São Paulo,3550308,True,BR7 Mobilidade,14,https://moovitapp.com/index/pt-br/transporte_p%C3%BAblico-line-14-Sao_Paulo-242-851856-183465-0,5.75,-23.685346,-46.800567,,,,1,2023-06-17T16:13:32+00:00
SAO_5791-21,São Paulo,3550308,True,,2463,,,-23.6685145,-46.6357555,,,,1,2023-06-17T16:13:52+00:00
SAO_5791-21,São Paulo,3550308,True,,2463,,,-23.7092995,-46.6274855,,,,1,2023-06-17T16:13:40+00:00
SAO_5791-21,São Paulo,3550308,True,,2463,,,-23.71619,-46.62593,,,,1,2023-06-17T16:13:58+00:00
SAO_5791-21,São Paulo,3550308,True,,2463,,,-23.688044,-46.63901275,,,,1,2023-06-17T16:13:40+00:00
SAO_5791-21,São Paulo,3550308,True,,2463,,,-23.71619,-46.62593,,,,1,2023-06-17T16:13:46+00:00
SAO_5791-21,São Paulo,3550308,True,,2463,,,-23.71619,-46.62593,,,,1,2023-06-17T16:13:23+00:00
SAO_129F-10,São Paulo,3550308,True,,35072,,,-23.5263085,-46.6738405,,,,2,2023-06-17T16:13:58+00:00
SAO_129F-10,São Paulo,3550308,True,,35072,,,-23.489989,-46.698513500000004,,,,2,2023-06-17T16:13:40+00:00
SAO_129F-10,São Paulo,3550308,True,,35072,,,-23.4900875,-46.6986255,,,,2,2023-06-17T16:13:25+00:00
SAO_1745-10,São Paulo,3550308,True,,33314,,,-23.472619,-46.665865,,,,2,2023-06-17T16:14:05+00:00
SAO_1745-10,São Paulo,3550308,True,,33314,,,-23.473171,-46.665481,,,,2,2023-06-17T16:14:02+00:00
SAO_1745-10,São Paulo,3550308,True,,33314,,,-23.47483325,-46.6519165,,,,2,2023-06-17T16:14:07+00:00
SAO_1745-10,São Paulo,3550308,True,,33314,,,-23.50035825,-46.62624075,,,,2,2023-06-17T16:13:52+00:00
SAO_6455-10,São Paulo,3550308,True,,32831,,,-23.642334499999997,-46.740688000000006,,,,2,2023-06-17T16:13:50+00:00
SAO_6455-10,São Paulo,3550308,True,,32831,,,-23.612731000000004,-46.67087775,,,,2,2023-06-17T16:13:44+00:00
SAO_6455-10,São Paulo,3550308,True,,32831,,,-23.654408500000002,-46.762060999999996,,,,2,2023-06-17T16:13:51+00:00
SAO_576C-10,São Paulo,3550308,True,,34058,,,-23.638040500000002,-46.632286,,,,2,2023-06-17T16:13:46+00:00
SAO_576C-10,São Paulo,3550308,True,,34058,,,-23.6542205,-46.710612,,,,2,2023-06-17T16:14:00+00:00
SAO_576C-10,São Paulo,3550308,True,,34058,,,-23.67699675,-46.68555524999999,,,,2,2023-06-17T16:13:48+00:00
SAO_576C-10,São Paulo,3550308,True,,34058,,,-23.6377235,-46.63196,,,,2,2023-06-17T16:14:02+00:00
SAO_576C-10,São Paulo,3550308,True,,34058,,,-23.6447565,-46.6424575,,,,2,2023-06-17T16:14:04+00:00
SAO_576C-10,São Paulo,3550308,True,,34058,,,-23.6379595,-46.632494,,,,2,2023-06-17T16:13:30+00:00
SAO_576C-10,São Paulo,3550308,True,,34058,,,-23.655344499999998,-46.668757,,,,2,2023-06-17T16:13:42+00:00
SAO_576C-10,São Paulo,3550308,True,,34058,,,-23.6377235,-46.63196,,,,2,2023-06-17T16:13:52+00:00
SAO_3902-10,São Paulo,3550308,True,,1470,,,-23.5325505,-46.408956,,,,1,2023-06-17T16:13:59+00:00
SAO_3902-10,São Paulo,3550308,True,,1470,,,-23.511478375000003,-46.39659962500001,,,,1,2023-06-17T16:11:40+00:00
SAO_3902-10,São Paulo,3550308,True,,1470,,,-23.504907,-46.37739675,,,,1,2023-06-17T16:14:07+00:00
SAO_2715-10,São Paulo,3550308,True,,928,,,-23.529503249999998,-46.503232499999996,,,,1,2023-06-17T16:14:03+00:00
SAO_2715-10,São Paulo,3550308,True,,928,,,-23.52479625,-46.501290499999996,,,,1,2023-06-17T16:13:23+00:00
SAO_2715-10,São Paulo,3550308,True,,928,,,-23.502686750000002,-46.502819,,,,1,2023-06-17T16:13:58+00:00
SAO_2023-10,São Paulo,3550308,True,,35028,,,-23.398296000000002,-46.577902,,,,2,2023-06-17T16:13:42+00:00
SAO_2023-10,São Paulo,3550308,True,,35028,,,-23.4234995,-46.5898145,,,,2,2023-06-17T16:13:43+00:00
SAO_2023-10,São Paulo,3550308,True,,35028,,,-23.473736000000002,-46.6079115,,,,2,2023-06-17T16:13:49+00:00
SAO_2023-10,São Paulo,3550308,True,,35028,,,-23.398296000000002,-46.577902,,,,2,2023-06-17T16:13:31+00:00
SAO_748A-41,São Paulo,3550308,True,EMTU,499,https://moovitapp.com/index/pt-br/transporte_p%C3%BAblico-line-499-Sao_Paulo-242-2038937-36419524-0,5.4,-23.578021,-46.741507,,,,1,2023-06-17T16:13:55+00:00
SAO_2104-10,São Paulo,3550308,True,,2255,,,-23.54208175,-46.630193500000004,,,,1,2023-06-17T16:13:47+00:00
SAO_2104-10,São Paulo,3550308,True,,2255,,,-23.502027,-46.624094,,,,1,2023-06-17T16:13:51+00:00
SAO_675P-10,São Paulo,3550308,True,,33043,,,-23.677098,-46.701800500000004,,,,2,2023-06-17T16:14:01+00:00
SAO_675P-10,São Paulo,3550308,True,,33043,,,-23.635831,-46.64012,,,,2,2023-06-17T16:13:52+00:00
SAO_675P-10,São Paulo,3550308,True,,33043,,,-23.651837999999998,-46.68702425,,,,2,2023-06-17T16:14:03+00:00
SAO_118C-10,São Paulo,3550308,True,,519,,,-23.4988015,-46.6265425,,,,1,2023-06-17T16:13:59+00:00
SAO_118C-10,São Paulo,3550308,True,,519,,,-23.5321635,-46.633992,,,,1,2023-06-17T16:13:43+00:00
SAO_118C-10,São Paulo,3550308,True,,519,,,-23.469281000000002,-46.655507,,,,1,2023-06-17T16:13:41+00:00
SAO_118C-10,São Paulo,3550308,True,,519,,,-23.459633,-46.66623,,,,1,2023-06-17T16:13:41+00:00
SAO_118C-10,São Paulo,3550308,True,,519,,,-23.52972075,-46.641563500000004,,,,1,2023-06-17T16:14:03+00:00
SAO_118C-10,São Paulo,3550308,True,,519,,,-23.479913000000003,-46.632439500000004,,,,1,2023-06-17T16:13:51+00:00
SAO_179X-10,São Paulo,3550308,True,STT,680,https://moovitapp.com/index/pt-br/transporte_p%C3%BAblico-line-680-Sao_Paulo-242-850661-183334-0,5.3,-23.49993775,-46.621663749999996,,,,1,2023-06-17T16:14:01+00:00
SAO_179X-10,São Paulo,3550308,True,STT,680,https://moovitapp.com/index/pt-br/transporte_p%C3%BAblico-line-680-Sao_Paulo-242-850661-183334-0,5.3,-23.5270995,-46.663540499999996,,,,1,2023-06-17T16:13:58+00:00
SAO_179X-10,São Paulo,3550308,True,STT,680,https://moovitapp.com/index/pt-br/transporte_p%C3%BAblico-line-680-Sao_Paulo-242-850661-183334-0,5.3,-23.48577325,-46.60059675,,,,1,2023-06-17T16:13:56+00:00
SAO_179X-10,São Paulo,3550308,True,STT,680,https://moovitapp.com/index/pt-br/transporte_p%C3%BAblico-line-680-Sao_Paulo-242-850661-183334-0,5.3,-23.4511975,-46.588793499999994,,,,1,2023-06-17T16:14:07+00:00
SAO_4015-10,São Paulo,3550308,True,,2188,,,-23.613228499999998,-46.476530999999994,,,,1,2023-06-17T16:13:51+00:00
SAO_4015-10,São Paulo,3550308,True,,2188,,,-23.612175999999998,-46.475071,,,,1,2023-06-17T16:13:36+00:00
SAO_4015-10,São Paulo,3550308,True,,2188,,,-23.6329195,-46.4725295,,,,1,2023-06-17T16:12:07+00:00
SAO_3063-10,São Paulo,3550308,True,,33021,,,-23.558008,-46.3996015,,,,2,2023-06-17T16:13:59+00:00
SAO_3063-10,São Paulo,3550308,True,,33021,,,-23.609278,-46.472927,,,,2,2023-06-17T16:13:56+00:00
SAO_3063-10,São Paulo,3550308,True,,33021,,,-23.595419,-46.433481,,,,2,2023-06-17T16:13:38+00:00
SAO_6056-10,São Paulo,3550308,True,,1147,,,-23.737344,-46.697708500000005,,,,1,2023-06-17T16:14:03+00:00
SAO_6056-10,São Paulo,3550308,True,,1147,,,-23.7575345,-46.706884,,,,1,2023-06-17T16:13:53+00:00
SAO_6091-10,São Paulo,3550308,True,,33943,,,-23.7471885,-46.708067,,,,2,2023-06-17T16:13:57+00:00
SAO_6091-10,São Paulo,3550308,True,,33943,,,-23.654218999999998,-46.709126,,,,2,2023-06-17T16:13:24+00:00
SAO_6091-10,São Paulo,3550308,True,,33943,,,-23.8623475,-46.7127275,,,,2,2023-06-17T16:13:50+00:00
SAO_6091-10,São Paulo,3550308,True,,33943,,,-23.826211875,-46.7326355,,,,2,2023-06-17T16:14:03+00:00
SAO_6091-10,São Paulo,3550308,True,,33943,,,-23.862347500000002,-46.712974,,,,2,2023-06-17T16:14:02+00:00
SAO_6091-10,São Paulo,3550308,True,,33943,,,-23.654212,-46.711248999999995,,,,2,2023-06-17T16:13:45+00:00
SAO_6091-10,São Paulo,3550308,True,,33943,,,-23.862347500000002,-46.712974,,,,2,2023-06-17T16:09:04+00:00
SAO_6091-10,São Paulo,3550308,True,,33943,,,-23.769605,-46.7179785,,,,2,2023-06-17T16:10:56+00:00
SAO_6091-10,São Paulo,3550308,True,,33943,,,-23.7187535,-46.698841,,,,2,2023-06-17T16:13:24+00:00
SAO_1745-10,São Paulo,3550308,True,,546,,,-23.50882225,-46.62505362500001,,,,1,2023-06-17T16:13:49+00:00
SAO_1745-10,São Paulo,3550308,True,,546,,,-23.4734045,-46.65930025,,,,1,2023-06-17T16:13:58+00:00
SAO_6078-10,São Paulo,3550308,True,,1166,,,-23.677811749999996,-46.683129625,,,,1,2023-06-17T16:13:36+00:00
SAO_6078-10,São Paulo,3550308,True,,1166,,,-23.749776500000003,-46.66539025,,,,1,2023-06-17T16:13:43+00:00
SAO_6078-10,São Paulo,3550308,True,,1166,,,-23.732933,-46.696845499999995,,,,1,2023-06-17T16:13:37+00:00
SAO_6078-10,São Paulo,3550308,True,,1166,,,-23.741594499999998,-46.660188500000004,,,,1,2023-06-17T16:14:07+00:00
SAO_6078-10,São Paulo,3550308,True,,1166,,,-23.747614,-46.6877085,,,,1,2023-06-17T16:13:57+00:00
SAO_6043-10,São Paulo,3550308,True,,33988,,,-23.65732275,-46.747001749999995,,,,2,2023-06-17T16:13:47+00:00
SAO_6043-10,São Paulo,3550308,True,,33988,,,-23.65985575,-46.754189,,,,2,2023-06-17T16:13:37+00:00
SAO_6043-10,São Paulo,3550308,True,,33988,,,-23.660189250000002,-46.754117,,,,2,2023-06-17T16:13:38+00:00
SAO_6043-10,São Paulo,3550308,True,,33988,,,-23.6590305,-46.74605,,,,2,2023-06-17T16:14:01+00:00
SAO_6043-10,São Paulo,3550308,True,,33988,,,-23.6605705,-46.754376,,,,2,2023-06-17T16:14:01+00:00
SAO_775A-10,São Paulo,3550308,True,EMTU,473,https://moovitapp.com/index/pt-br/transporte_p%C3%BAblico-line-473-Sao_Paulo-242-2038937-36419509-0,7.55,-23.567543,-46.693689500000005,,,,1,2023-06-17T16:13:30+00:00
SAO_775A-10,São Paulo,3550308,True,EMTU,473,https://moovitapp.com/index/pt-br/transporte_p%C3%BAblico-line-473-Sao_Paulo-242-2038937-36419509-0,7.55,-23.562497999999998,-46.764742999999996,,,,1,2023-06-17T16:13:28+00:00
SAO_2201-10,São Paulo,3550308,True,,33677,,,-23.532773499999998,-46.394621,,,,2,2023-06-17T16:13:39+00:00
SAO_2201-10,São Paulo,3550308,True,,33677,,,-23.541739999999997,-46.4162575,,,,2,2023-06-17T16:13:39+00:00
SAO_2201-10,São Paulo,3550308,True,,33677,,,-23.533054999999997,-46.39453999999999,,,,2,2023-06-17T16:12:58+00:00
SAO_4114-10,São Paulo,3550308,True,EMTU,321,https://moovitapp.com/index/pt-br/transporte_p%C3%BAblico-line-321-Sao_Paulo-242-2038937-36419411-0,5.4,-23.58560575,-46.6197205,,,,1,2023-06-17T16:13:35+00:00
SAO_778J-41,São Paulo,3550308,True,,34254,,,-23.5654775,-46.6991655,,,,2,2023-06-17T16:13:30+00:00
SAO_778J-41,São Paulo,3550308,True,,34254,,,-23.5856145,-46.8057505,,,,2,2023-06-17T16:13:51+00:00
SAO_778J-41,São Paulo,3550308,True,,34254,,,-23.5521475,-46.678421,,,,2,2023-06-17T16:14:08+00:00
SAO_6030-10,São Paulo,3550308,True,,33910,,,-23.69414275,-46.699196,,,,2,2023-06-17T16:13:28+00:00
SAO_6030-10,São Paulo,3550308,True,,33910,,,-23.687599,-46.695929,,,,2,2023-06-17T16:13:25+00:00
SAO_6030-10,São Paulo,3550308,True,,33910,,,-23.654173,-46.708154,,,,2,2023-06-17T16:13:55+00:00
SAO_6030-10,São Paulo,3550308,True,,33910,,,-23.717411,-46.6993415,,,,2,2023-06-17T16:13:30+00:00
SAO_6030-10,São Paulo,3550308,True,,33910,,,-23.730683,-46.707691499999996,,,,2,2023-06-17T16:13:29+00:00
SAO_6030-10,São Paulo,3550308,True,,33910,,,-23.653945999999998,-46.711372,,,,2,2023-06-17T16:14:04+00:00
SAO_6030-10,São Paulo,3550308,True,,33910,,,-23.653945999999998,-46.711372,,,,2,2023-06-17T16:14:08+00:00
SAO_6030-10,São Paulo,3550308,True,,33910,,,-23.73318525,-46.705743,,,,2,2023-06-17T16:13:47+00:00
SAO_6030-10,São Paulo,3550308,True,,33910,,,-23.718687125000002,-46.699647375,,,,2,2023-06-17T16:13:25+00:00
SAO_9004-10,São Paulo,3550308,True,,871,,,-23.457195499999997,-46.685354,,,,1,2023-06-17T16:13:48+00:00
SAO_9004-10,São Paulo,3550308,True,,871,,,-23.4563575,-46.684391,,,,1,2023-06-17T16:13:41+00:00
SAO_9004-10,São Paulo,3550308,True,,871,,,-23.457959,-46.681827,,,,1,2023-06-17T16:14:04+00:00
SAO_9004-10,São Paulo,3550308,True,,871,,,-23.457195499999997,-46.685354,,,,1,2023-06-17T16:13:46+00:00
SAO_9004-10,São Paulo,3550308,True,,871,,,-23.467093,-46.670384,,,,1,2023-06-17T16:13:40+00:00
SAO_2076-10,São Paulo,3550308,True,,368,,,-23.4940365,-46.4196,,,,1,2023-06-17T16:13:24+00:00
SAO_2076-10,São Paulo,3550308,True,,368,,,-23.519315499999998,-46.5471005,,,,1,2023-06-17T16:14:01+00:00
SAO_2076-10,São Paulo,3550308,True,,368,,,-23.490980999999998,-46.3865,,,,1,2023-06-17T16:13:27+00:00
SAO_2076-10,São Paulo,3550308,True,,368,,,-23.488670499999998,-46.479459,,,,1,2023-06-17T16:13:40+00:00
SAO_5106-21,São Paulo,3550308,True,,1972,,,-23.688044,-46.63901275,,,,1,2023-06-17T16:13:29+00:00
SAO_5106-21,São Paulo,3550308,True,,1972,,,-23.6152455,-46.649546375,,,,1,2023-06-17T16:13:23+00:00
SAO_5106-21,São Paulo,3550308,True,,1972,,,-23.601341375000004,-46.679436249999995,,,,1,2023-06-17T16:13:50+00:00
SAO_5106-21,São Paulo,3550308,True,,1972,,,-23.650971,-46.63968,,,,1,2023-06-17T16:13:57+00:00
SAO_6820-31,São Paulo,3550308,True,,1406,,,-23.653654500000002,-46.762669,,,,1,2023-06-17T16:14:01+00:00
SAO_6820-31,São Paulo,3550308,True,,1406,,,-23.6541265,-46.7631545,,,,1,2023-06-17T16:13:25+00:00
SAO_6820-31,São Paulo,3550308,True,,1406,,,-23.6613545,-46.7854765,,,,1,2023-06-17T16:13:43+00:00
SAO_9500-10,São Paulo,3550308,True,EMTU,461,https://moovitapp.com/index/pt-br/transporte_p%C3%BAblico-line-461-Sao_Paulo-242-2038937-36419501-0,5.1,-23.523186125,-46.653801875000006,,,,1,2023-06-17T16:14:07+00:00
SAO_9500-10,São Paulo,3550308,True,EMTU,461,https://moovitapp.com/index/pt-br/transporte_p%C3%BAblico-line-461-Sao_Paulo-242-2038937-36419501-0,5.1,-23.491632,-46.67654125,,,,1,2023-06-17T16:14:01+00:00
SAO_847P-10,São Paulo,3550308,True,,423,,,-23.565274000000002,-46.694334999999995,,,,1,2023-06-17T16:13:47+00:00
SAO_847P-10,São Paulo,3550308,True,,423,,,-23.5152455,-46.698344000000006,,,,1,2023-06-17T16:14:05+00:00
SAO_847P-10,São Paulo,3550308,True,,423,,,-23.485906,-46.724909,,,,1,2023-06-17T16:14:06+00:00
SAO_847P-10,São Paulo,3550308,True,,423,,,-23.486517,-46.7262255,,,,1,2023-06-17T16:13:41+00:00
SAO_1786-10,São Paulo,3550308,True,,649,,,-23.48877925,-46.62417,,,,1,2023-06-17T16:13:03+00:00
SAO_1786-10,São Paulo,3550308,True,,649,,,-23.463245,-46.616490999999996,,,,1,2023-06-17T16:13:31+00:00
SAO_7282-10,São Paulo,3550308,True,,33239,,,-23.54584725,-46.755364,,,,2,2023-06-17T16:13:56+00:00
SAO_7282-10,São Paulo,3550308,True,,33239,,,-23.555425,-46.663049,,,,2,2023-06-17T16:13:23+00:00
SAO_2013-10,São Paulo,3550308,True,,33667,,,-23.466927,-46.663698,,,,2,2023-06-17T16:13:39+00:00
SAO_2013-10,São Paulo,3550308,True,,33667,,,-23.454283,-46.658618,,,,2,2023-06-17T16:13:46+00:00
SAO_2013-10,São Paulo,3550308,True,,33667,,,-23.454400999999997,-46.658887,,,,2,2023-06-17T16:13:44+00:00
SAO_2013-10,São Paulo,3550308,True,,33667,,,-23.458961000000002,-46.6477895,,,,2,2023-06-17T16:14:08+00:00
SAO_2013-10,São Paulo,3550308,True,,33667,,,-23.454400999999997,-46.658887,,,,2,2023-06-17T16:13:54+00:00
SAO_2013-10,São Paulo,3550308,True,,33667,,,-23.466209,-46.6705465,,,,2,2023-06-17T16:13:58+00:00
SAO_2013-10,São Paulo,3550308,True,,33667,,,-23.463556250000003,-46.65331575,,,,2,2023-06-17T16:13:50+00:00
SAO_2013-10,São Paulo,3550308,True,,33667,,,-23.4552945,-46.659262,,,,2,2023-06-17T16:13:48+00:00
SAO_507T-10,São Paulo,3550308,True,,2208,,,-23.548418749999996,-46.53788350000001,,,,1,2023-06-17T16:13:56+00:00
SAO_507T-10,São Paulo,3550308,True,,2208,,,-23.58754975,-46.51205875,,,,1,2023-06-17T16:13:25+00:00
SAO_507T-10,São Paulo,3550308,True,,2208,,,-23.541450499999996,-46.56572225,,,,1,2023-06-17T16:13:33+00:00
SAO_507T-10,São Paulo,3550308,True,,2208,,,-23.5748345,-46.514091375,,,,1,2023-06-17T16:13:41+00:00
SAO_507T-10,São Paulo,3550308,True,,2208,,,-23.610653,-46.501200749999995,,,,1,2023-06-17T16:13:37+00:00
SAO_507T-10,São Paulo,3550308,True,,2208,,,-23.5659271875,-46.5121084375,,,,1,2023-06-17T16:13:40+00:00
SAO_507T-10,São Paulo,3550308,True,,2208,,,-23.61236475,-46.501211749999996,,,,1,2023-06-17T16:12:03+00:00
SAO_3735-41,São Paulo,3550308,True,,34688,,,-23.541107,-46.4847105,,,,2,2023-06-17T16:14:01+00:00
SAO_7903-10,São Paulo,3550308,True,,512,,,-23.5682005,-46.68521025,,,,1,2023-06-17T16:14:08+00:00
SAO_7903-10,São Paulo,3550308,True,,512,,,-23.592184500000002,-46.7836955,,,,1,2023-06-17T16:13:31+00:00
SAO_5105-10,São Paulo,3550308,True,,34419,,,-23.602994000000002,-46.602816000000004,,,,2,2023-06-17T16:13:42+00:00
SAO_5105-10,São Paulo,3550308,True,,34419,,,-23.5504855,-46.626986,,,,2,2023-06-17T16:14:01+00:00
SAO_5105-10,São Paulo,3550308,True,,34419,,,-23.5472265,-46.6288135,,,,2,2023-06-17T16:13:47+00:00
SAO_5105-10,São Paulo,3550308,True,,34419,,,-23.5792785,-46.599883500000004,,,,2,2023-06-17T16:13:53+00:00
SAO_5105-10,São Paulo,3550308,True,,34419,,,-23.6034985,-46.601729000000006,,,,2,2023-06-17T16:13:50+00:00
SAO_5105-10,São Paulo,3550308,True,,34419,,,-23.603226749999997,-46.60239175,,,,2,2023-06-17T16:13:34+00:00
SAO_1720-10,São Paulo,3550308,True,,33631,,,-23.457237,-46.614664000000005,,,,2,2023-06-17T16:14:07+00:00
SAO_1720-10,São Paulo,3550308,True,,33631,,,-23.494107,-46.568782999999996,,,,2,2023-06-17T16:14:07+00:00
SAO_1720-10,São Paulo,3550308,True,,33631,,,-23.48205325,-46.573220250000006,,,,2,2023-06-17T16:12:08+00:00
SAO_1720-10,São Paulo,3550308,True,,33631,,,-23.48056,-46.606139999999996,,,,2,2023-06-17T16:13:57+00:00
SAO_1720-10,São Paulo,3550308,True,,33631,,,-23.446737,-46.611729,,,,2,2023-06-17T16:13:23+00:00
SAO_1720-10,São Paulo,3550308,True,,33631,,,-23.479936374999998,-46.580044,,,,2,2023-06-17T16:13:43+00:00
SAO_1720-10,São Paulo,3550308,True,,33631,,,-23.494107,-46.568782999999996,,,,2,2023-06-17T16:13:37+00:00
SAO_5108-10,São Paulo,3550308,True,,34443,,,-23.662163624999998,-46.618522125,,,,2,2023-06-17T16:13:58+00:00
SAO_5108-10,São Paulo,3550308,True,,34443,,,-23.55779825,-46.62884375,,,,2,2023-06-17T16:13:46+00:00
SAO_5108-10,São Paulo,3550308,True,,34443,,,-23.6264355,-46.6191595,,,,2,2023-06-17T16:13:30+00:00
SAO_5108-10,São Paulo,3550308,True,,34443,,,-23.66288575,-46.6199235,,,,2,2023-06-17T16:13:37+00:00
SAO_6058-10,São Paulo,3550308,True,,33917,,,-23.769750000000002,-46.714714,,,,2,2023-06-17T16:13:29+00:00
SAO_6058-10,São Paulo,3550308,True,,33917,,,-23.769380499999997,-46.67707625,,,,2,2023-06-17T16:13:42+00:00
SAO_6058-10,São Paulo,3550308,True,,33917,,,-23.7732915,-46.703404,,,,2,2023-06-17T16:13:48+00:00
SAO_6058-10,São Paulo,3550308,True,,33917,,,-23.769851000000003,-46.676743,,,,2,2023-06-17T16:13:56+00:00
SAO_4735-10,São Paulo,3550308,True,,1110,,,-23.612544,-46.4763325,,,,1,2023-06-17T16:13:34+00:00
SAO_4735-10,São Paulo,3550308,True,,1110,,,-23.6191365,-46.472797,,,,1,2023-06-17T16:13:33+00:00
SAO_1780-10,São Paulo,3550308,True,,33637,,,-23.4483715,-46.5789425,,,,2,2023-06-17T16:13:57+00:00
SAO_1780-10,São Paulo,3550308,True,,33637,,,-23.464659,-46.5833935,,,,2,2023-06-17T16:11:44+00:00
SAO_2732-10,São Paulo,3550308,True,,947,,,-23.540282,-46.482984,,,,1,2023-06-17T16:13:20+00:00
SAO_2732-10,São Paulo,3550308,True,,947,,,-23.534290499999997,-46.456349,,,,1,2023-06-17T16:13:58+00:00
SAO_271A-51,São Paulo,3550308,True,,703,,,-23.5120035,-46.545176999999995,,,,1,2023-06-17T16:13:41+00:00
SAO_271A-51,São Paulo,3550308,True,,703,,,-23.500428,-46.6053885,,,,1,2023-06-17T16:13:55+00:00
SAO_271A-51,São Paulo,3550308,True,,703,,,-23.4985705,-46.51483,,,,1,2023-06-17T16:13:38+00:00
SAO_637R-10,São Paulo,3550308,True,,32964,,,-23.71969,-46.7694645,,,,2,2023-06-17T16:13:52+00:00
SAO_637R-10,São Paulo,3550308,True,,32964,,,-23.6675885,-46.730721,,,,2,2023-06-17T16:13:21+00:00
SAO_637R-10,São Paulo,3550308,True,,32964,,,-23.6922445,-46.7772405,,,,2,2023-06-17T16:13:45+00:00
SAO_637R-10,São Paulo,3550308,True,,32964,,,-23.719981500000003,-46.769767374999994,,,,2,2023-06-17T16:13:45+00:00
SAO_4032-10,São Paulo,3550308,True,,1102,,,-23.625022,-46.601842500000004,,,,1,2023-06-17T16:13:51+00:00
SAO_4032-10,São Paulo,3550308,True,,1102,,,-23.598511000000002,-46.639717000000005,,,,1,2023-06-17T16:13:49+00:00
SAO_4032-10,São Paulo,3550308,True,,1102,,,-23.598511000000002,-46.639717000000005,,,,1,2023-06-17T16:14:04+00:00
SAO_4032-10,São Paulo,3550308,True,,1102,,,-23.6109875,-46.637339499999996,,,,1,2023-06-17T16:13:54+00:00
SAO_971X-10,São Paulo,3550308,True,,1695,,,-23.475507999999998,-46.664567500000004,,,,1,2023-06-17T16:13:49+00:00
SAO_971X-10,São Paulo,3550308,True,,1695,,,-23.4747695,-46.669715,,,,1,2023-06-17T16:13:38+00:00
SAO_971X-10,São Paulo,3550308,True,,1695,,,-23.488525000000003,-46.651576,,,,1,2023-06-17T16:13:28+00:00
SAO_971X-10,São Paulo,3550308,True,,1695,,,-23.499474,-46.637527500000004,,,,1,2023-06-17T16:13:59+00:00
SAO_6048-10,São Paulo,3550308,True,,32824,,,-23.660064,-46.767101,,,,2,2023-06-17T16:13:57+00:00
SAO_6055-10,São Paulo,3550308,True,,33914,,,-23.757572,-46.705327,,,,2,2023-06-17T16:14:03+00:00
SAO_6055-10,São Paulo,3550308,True,,33914,,,-23.754374,-46.7089455,,,,2,2023-06-17T16:13:35+00:00
SAO_6055-10,São Paulo,3550308,True,,33914,,,-23.754978,-46.709182999999996,,,,2,2023-06-17T16:13:55+00:00
SAO_6055-10,São Paulo,3550308,True,,33914,,,-23.706483,-46.700525999999996,,,,2,2023-06-17T16:13:55+00:00
SAO_1786-10,São Paulo,3550308,True,,33417,,,-23.45376775,-46.607023,,,,2,2023-06-17T16:13:22+00:00
SAO_1786-10,São Paulo,3550308,True,,33417,,,-23.446737,-46.611729,,,,2,2023-06-17T16:13:30+00:00
SAO_1786-10,São Paulo,3550308,True,,33417,,,-23.459029,-46.615214,,,,2,2023-06-17T16:12:06+00:00
SAO_1786-10,São Paulo,3550308,True,,33417,,,-23.45376775,-46.607023,,,,2,2023-06-17T16:13:46+00:00
SAO_9500-10,São Paulo,3550308,True,,33229,,,-23.531972,-46.64564425,,,,2,2023-06-17T16:14:02+00:00
SAO_9500-10,São Paulo,3550308,True,,33229,,,-23.474438499999998,-46.669928999999996,,,,2,2023-06-17T16:13:48+00:00
SAO_9500-10,São Paulo,3550308,True,,33229,,,-23.499324,-46.675132500000004,,,,2,2023-06-17T16:14:05+00:00
SAO_9500-10,São Paulo,3550308,True,,33229,,,-23.4742495,-46.669781,,,,2,2023-06-17T16:13:55+00:00
SAO_9500-10,São Paulo,3550308,True,,33229,,,-23.4742495,-46.669781,,,,2,2023-06-17T16:13:24+00:00
SAO_351F-10,São Paulo,3550308,True,,33455,,,-23.54623625,-46.558406125000005,,,,2,2023-06-17T16:13:42+00:00
SAO_351F-10,São Paulo,3550308,True,,33455,,,-23.525111250000002,-46.59492825,,,,2,2023-06-17T16:13:59+00:00
SAO_351F-10,São Paulo,3550308,True,,33455,,,-23.492779499999997,-46.574065000000004,,,,2,2023-06-17T16:13:56+00:00
SAO_351F-10,São Paulo,3550308,True,,33455,,,-23.560264,-46.5196105,,,,2,2023-06-17T16:11:52+00:00
SAO_351F-10,São Paulo,3550308,True,,33455,,,-23.4607885,-46.5831555,,,,2,2023-06-17T16:13:54+00:00
SAO_8040-10,São Paulo,3550308,True,,33174,,,-23.435226,-46.783001,,,,2,2023-06-17T16:13:41+00:00
SAO_8040-10,São Paulo,3550308,True,,33174,,,-23.4379315,-46.779346000000004,,,,2,2023-06-17T16:13:40+00:00
SAO_8040-10,São Paulo,3550308,True,,33174,,,-23.468497499999998,-46.754258,,,,2,2023-06-17T16:13:42+00:00
SAO_573T-10,São Paulo,3550308,True,,1632,,,-23.6032375,-46.489014499999996,,,,1,2023-06-17T16:13:32+00:00
SAO_573T-10,São Paulo,3550308,True,,1632,,,-23.614199499999998,-46.5007885,,,,1,2023-06-17T16:13:43+00:00
SAO_573T-10,São Paulo,3550308,True,,1632,,,-23.557613500000002,-46.5234665,,,,1,2023-06-17T16:13:48+00:00
SAO_573T-10,São Paulo,3550308,True,,1632,,,-23.541242,-46.549708499999994,,,,1,2023-06-17T16:13:42+00:00
SAO_573T-10,São Paulo,3550308,True,,1632,,,-23.614199499999998,-46.5007885,,,,1,2023-06-17T16:13:31+00:00
SAO_573T-10,São Paulo,3550308,True,,1632,,,-23.58151525,-46.49824875,,,,1,2023-06-17T16:13:37+00:00
SAO_573T-10,São Paulo,3550308,True,,1632,,,-23.5431195,-46.564417,,,,1,2023-06-17T16:13:58+00:00
SAO_2033-10,São Paulo,3550308,True,,2499,,,-23.500964500000002,-46.587034,,,,1,2023-06-17T16:13:59+00:00
SAO_2033-10,São Paulo,3550308,True,,2499,,,-23.515521874999997,-46.61171924999999,,,,1,2023-06-17T16:13:23+00:00
SAO_2363-10,São Paulo,3550308,True,,135,,,-23.533744,-46.565806,,,,1,2023-06-17T16:13:42+00:00
SAO_2363-10,São Paulo,3550308,True,,135,,,-23.538661,-46.6044205,,,,1,2023-06-17T16:13:26+00:00
SAO_2363-10,São Paulo,3550308,True,,135,,,-23.518918499999998,-46.546471,,,,1,2023-06-17T16:13:59+00:00
SAO_2363-10,São Paulo,3550308,True,,135,,,-23.5053635,-46.5214475,,,,1,2023-06-17T16:13:27+00:00
SAO_5154-10,São Paulo,3550308,True,EMTU,353,https://moovitapp.com/index/pt-br/transporte_p%C3%BAblico-line-353-Sao_Paulo-242-2038937-36419436-0,5.1,-23.539814999999997,-46.63375725,,,,1,2023-06-17T16:13:54+00:00
SAO_5154-10,São Paulo,3550308,True,EMTU,353,https://moovitapp.com/index/pt-br/transporte_p%C3%BAblico-line-353-Sao_Paulo-242-2038937-36419436-0,5.1,-23.608210999999997,-46.67136175,,,,1,2023-06-17T16:13:24+00:00
SAO_5154-10,São Paulo,3550308,True,EMTU,353,https://moovitapp.com/index/pt-br/transporte_p%C3%BAblico-line-353-Sao_Paulo-242-2038937-36419436-0,5.1,-23.643118,-46.69930375,,,,1,2023-06-17T16:13:23+00:00
SAO_5154-10,São Paulo,3550308,True,EMTU,353,https://moovitapp.com/index/pt-br/transporte_p%C3%BAblico-line-353-Sao_Paulo-242-2038937-36419436-0,5.1,-23.601053,-46.659721875,,,,1,2023-06-17T16:14:06+00:00
SAO_5154-10,São Paulo,3550308,True,EMTU,353,https://moovitapp.com/index/pt-br/transporte_p%C3%BAblico-line-353-Sao_Paulo-242-2038937-36419436-0,5.1,-23.557875125000002,-46.641175249999996,,,,1,2023-06-17T16:13:28+00:00
SAO_8004-10,São Paulo,3550308,True,,1254,,,-23.484752999999998,-46.749884,,,,1,2023-06-17T16:14:02+00:00
SAO_8004-10,São Paulo,3550308,True,,1254,,,-23.525233125,-46.71046925,,,,1,2023-06-17T16:13:29+00:00
SAO_271M-10,São Paulo,3550308,True,,33452,,,-23.5051215,-46.6081875,,,,2,2023-06-17T16:10:24+00:00
SAO_271M-10,São Paulo,3550308,True,,33452,,,-23.512393250000002,-46.56326850000001,,,,2,2023-06-17T16:14:06+00:00
SAO_271M-10,São Paulo,3550308,True,,33452,,,-23.5175875,-46.565055125,,,,2,2023-06-17T16:13:59+00:00
SAO_5129-41,São Paulo,3550308,True,,34742,,,-23.680335,-46.6363855,,,,2,2023-06-17T16:13:56+00:00
SAO_5129-41,São Paulo,3550308,True,,34742,,,-23.68053825,-46.63576575,,,,2,2023-06-17T16:13:52+00:00
SAO_5129-41,São Paulo,3550308,True,,34742,,,-23.653194,-46.668872,,,,2,2023-06-17T16:13:31+00:00
SAO_5129-41,São Paulo,3550308,True,,34742,,,-23.680424000000002,-46.636534,,,,2,2023-06-17T16:13:37+00:00
SAO_2552-10,São Paulo,3550308,True,,142,,,-23.544316000000002,-46.621978,,,,1,2023-06-17T16:13:39+00:00
SAO_2552-10,São Paulo,3550308,True,,142,,,-23.5143955,-46.519346999999996,,,,1,2023-06-17T16:14:03+00:00
SAO_2552-10,São Paulo,3550308,True,,142,,,-23.535182374999998,-46.58226225,,,,1,2023-06-17T16:13:52+00:00
SAO_2552-10,São Paulo,3550308,True,,142,,,-23.485105312499996,-46.4347855625,,,,1,2023-06-17T16:13:26+00:00
SAO_5020-10,São Paulo,3550308,True,,1670,,,-23.60024325,-46.60212225,,,,1,2023-06-17T16:14:08+00:00
SAO_5020-10,São Paulo,3550308,True,,1670,,,-23.610079,-46.59373050000001,,,,1,2023-06-17T16:13:52+00:00
SAO_675A-10,São Paulo,3550308,True,,34086,,,-23.61756225,-46.6740645,,,,2,2023-06-17T16:13:58+00:00
SAO_675A-10,São Paulo,3550308,True,,34086,,,-23.643844625,-46.71626450000001,,,,2,2023-06-17T16:14:06+00:00
SAO_675A-10,São Paulo,3550308,True,,34086,,,-23.6619785,-46.755653,,,,2,2023-06-17T16:13:28+00:00
SAO_675A-10,São Paulo,3550308,True,,34086,,,-23.661958499999997,-46.755533,,,,2,2023-06-17T16:13:32+00:00
SAO_3301-10,São Paulo,3550308,True,,1618,,,-23.491511000000003,-46.435198,,,,1,2023-06-17T16:13:21+00:00
SAO_3301-10,São Paulo,3550308,True,,1618,,,-23.5055965,-46.475289000000004,,,,1,2023-06-17T16:13:56+00:00
SAO_3301-10,São Paulo,3550308,True,,1618,,,-23.523282875,-46.548980125,,,,1,2023-06-17T16:13:43+00:00
SAO_3301-10,São Paulo,3550308,True,,1618,,,-23.5301775,-46.55544449999999,,,,1,2023-06-17T16:13:26+00:00
SAO_3301-10,São Paulo,3550308,True,,1618,,,-23.545441,-46.630475000000004,,,,1,2023-06-17T16:13:28+00:00
SAO_5032-10,São Paulo,3550308,True,,34430,,,-23.610088,-46.595924,,,,2,2023-06-17T16:13:55+00:00
SAO_5032-10,São Paulo,3550308,True,,34430,,,-23.636195999999998,-46.5934805,,,,2,2023-06-17T16:13:34+00:00
SAO_5032-10,São Paulo,3550308,True,,34430,,,-23.6361275,-46.5934485,,,,2,2023-06-17T16:13:44+00:00
SAO_5032-10,São Paulo,3550308,True,,34430,,,-23.594427500000002,-46.5954425,,,,2,2023-06-17T16:13:58+00:00
SAO_5164-21,São Paulo,3550308,True,,1616,,,-23.5996435,-46.636989,,,,1,2023-06-17T16:13:48+00:00
SAO_5164-21,São Paulo,3550308,True,,1616,,,-23.646229499999997,-46.646701500000006,,,,1,2023-06-17T16:14:02+00:00
SAO_5164-21,São Paulo,3550308,True,,1616,,,-23.6457805,-46.647411500000004,,,,1,2023-06-17T16:13:33+00:00
SAO_5362-10,São Paulo,3550308,True,BR7 Mobilidade,70,https://moovitapp.com/index/pt-br/transporte_p%C3%BAblico-line-70-Sao_Paulo-242-851856-2250296-0,5.75,-23.638472875,-46.69510575,,,,1,2023-06-17T16:13:51+00:00
SAO_5362-10,São Paulo,3550308,True,BR7 Mobilidade,70,https://moovitapp.com/index/pt-br/transporte_p%C3%BAblico-line-70-Sao_Paulo-242-851856-2250296-0,5.75,-23.74858225,-46.665585,,,,1,2023-06-17T16:10:27+00:00
SAO_5362-10,São Paulo,3550308,True,BR7 Mobilidade,70,https://moovitapp.com/index/pt-br/transporte_p%C3%BAblico-line-70-Sao_Paulo-242-851856-2250296-0,5.75,-23.73539075,-46.695391875,,,,1,2023-06-17T16:13:28+00:00
SAO_5362-10,São Paulo,3550308,True,BR7 Mobilidade,70,https://moovitapp.com/index/pt-br/transporte_p%C3%BAblico-line-70-Sao_Paulo-242-851856-2250296-0,5.75,-23.7445215,-46.670979,,,,1,2023-06-17T16:13:56+00:00
SAO_5362-10,São Paulo,3550308,True,BR7 Mobilidade,70,https://moovitapp.com/index/pt-br/transporte_p%C3%BAblico-line-70-Sao_Paulo-242-851856-2250296-0,5.75,-23.7445215,-46.670979,,,,1,2023-06-17T16:13:42+00:00
SAO_5362-10,São Paulo,3550308,True,BR7 Mobilidade,70,https://moovitapp.com/index/pt-br/transporte_p%C3%BAblico-line-70-Sao_Paulo-242-851856-2250296-0,5.75,-23.5493325,-46.637739499999995,,,,1,2023-06-17T16:13:54+00:00
SAO_8528-10,São Paulo,3550308,True,,575,,,-23.538199249999998,-46.64478,,,,1,2023-06-17T16:13:47+00:00
SAO_8528-10,São Paulo,3550308,True,,575,,,-23.5179345,-46.680298,,,,1,2023-06-17T16:13:59+00:00
SAO_8528-10,São Paulo,3550308,True,,575,,,-23.461451,-46.689819,,,,1,2023-06-17T16:13:42+00:00
SAO_8528-10,São Paulo,3550308,True,,575,,,-23.46479325,-46.70028475,,,,1,2023-06-17T16:13:27+00:00
SAO_8528-10,São Paulo,3550308,True,,575,,,-23.461451,-46.689819,,,,1,2023-06-17T16:14:00+00:00
SAO_407H-10,São Paulo,3550308,True,,2197,,,-23.544691750000002,-46.46327125,,,,1,2023-06-17T16:10:52+00:00
SAO_407H-10,São Paulo,3550308,True,,2197,,,-23.630965500000002,-46.4467205,,,,1,2023-06-17T16:13:54+00:00
SAO_407H-10,São Paulo,3550308,True,,2197,,,-23.595101,-46.4507045,,,,1,2023-06-17T16:13:24+00:00
SAO_407H-10,São Paulo,3550308,True,,2197,,,-23.630965500000002,-46.4467205,,,,1,2023-06-17T16:13:42+00:00
SAO_407H-10,São Paulo,3550308,True,,2197,,,-23.59652925,-46.453657,,,,1,2023-06-17T16:13:38+00:00
SAO_407H-10,São Paulo,3550308,True,,2197,,,-23.6199385,-46.4553875,,,,1,2023-06-17T16:14:05+00:00
SAO_407H-10,São Paulo,3550308,True,,2197,,,-23.630965500000002,-46.4467205,,,,1,2023-06-17T16:13:22+00:00
SAO_407R-10,São Paulo,3550308,True,,34969,,,-23.552689,-46.579106624999994,,,,2,2023-06-17T16:13:29+00:00
SAO_407R-10,São Paulo,3550308,True,,34969,,,-23.557861,-46.522673,,,,2,2023-06-17T16:14:00+00:00
SAO_407R-10,São Paulo,3550308,True,,34969,,,-23.557735,-46.5230065,,,,2,2023-06-17T16:13:44+00:00
SAO_5128-10,São Paulo,3550308,True,,1128,,,-23.691687375,-46.6440985,,,,1,2023-06-17T16:13:52+00:00
SAO_5128-10,São Paulo,3550308,True,,1128,,,-23.7122905,-46.651968499999995,,,,1,2023-06-17T16:13:42+00:00
SAO_5128-10,São Paulo,3550308,True,,1128,,,-23.711432000000002,-46.651697,,,,1,2023-06-17T16:07:12+00:00
SAO_5128-10,São Paulo,3550308,True,,1128,,,-23.667503500000002,-46.650174,,,,1,2023-06-17T16:13:50+00:00
SAO_5128-10,São Paulo,3550308,True,,1128,,,-23.666863,-46.65187,,,,1,2023-06-17T16:14:00+00:00
SAO_5128-10,São Paulo,3550308,True,,1128,,,-23.660702125,-46.636904375,,,,1,2023-06-17T16:13:46+00:00
SAO_8006-10,São Paulo,3550308,True,,34024,,,-23.433157,-46.7297415,,,,2,2023-06-17T16:13:59+00:00
SAO_8006-10,São Paulo,3550308,True,,34024,,,-23.446051,-46.7358695,,,,2,2023-06-17T16:13:49+00:00
SAO_8006-10,São Paulo,3550308,True,,34024,,,-23.432887,-46.7297695,,,,2,2023-06-17T16:13:48+00:00
SAO_6115-10,São Paulo,3550308,True,,1185,,,-23.743607000000004,-46.665051375000004,,,,1,2023-06-17T16:13:27+00:00
SAO_6115-10,São Paulo,3550308,True,,1185,,,-23.746920000000003,-46.687894,,,,1,2023-06-17T16:13:32+00:00
SAO_6115-10,São Paulo,3550308,True,,1185,,,-23.7559325,-46.671024,,,,1,2023-06-17T16:13:50+00:00
SAO_6115-10,São Paulo,3550308,True,,1185,,,-23.7428035,-46.658500000000004,,,,1,2023-06-17T16:13:58+00:00
SAO_2059-10,São Paulo,3550308,True,Cidade de Caieiras,260,https://moovitapp.com/index/pt-br/transporte_p%C3%BAblico-line-260-Sao_Paulo-242-868761-496413-0,5.0,-23.502167999999998,-46.43990975,,,,1,2023-06-17T16:10:03+00:00
SAO_2059-10,São Paulo,3550308,True,Cidade de Caieiras,260,https://moovitapp.com/index/pt-br/transporte_p%C3%BAblico-line-260-Sao_Paulo-242-868761-496413-0,5.0,-23.4909655,-46.442477499999995,,,,1,2023-06-17T16:13:51+00:00
SAO_2059-10,São Paulo,3550308,True,Cidade de Caieiras,260,https://moovitapp.com/index/pt-br/transporte_p%C3%BAblico-line-260-Sao_Paulo-242-868761-496413-0,5.0,-23.497287,-46.44143325,,,,1,2023-06-17T16:13:28+00:00
SAO_2059-10,São Paulo,3550308,True,Cidade de Caieiras,260,https://moovitapp.com/index/pt-br/transporte_p%C3%BAblico-line-260-Sao_Paulo-242-868761-496413-0,5.0,-23.514681,-46.424789000000004,,,,1,2023-06-17T16:13:24+00:00
SAO_2059-10,São Paulo,3550308,True,Cidade de Caieiras,260,https://moovitapp.com/index/pt-br/transporte_p%C3%BAblico-line-260-Sao_Paulo-242-868761-496413-0,5.0,-23.5385265,-46.414816,,,,1,2023-06-17T16:14:00+00:00
SAO_9005-10,São Paulo,3550308,True,,33640,,,-23.45410675,-46.694542500000004,,,,2,2023-06-17T16:13:29+00:00
SAO_9005-10,São Paulo,3550308,True,,33640,,,-23.4543195,-46.6936435,,,,2,2023-06-17T16:13:29+00:00
SAO_9005-10,São Paulo,3550308,True,,33640,,,-23.4511275,-46.689165,,,,2,2023-06-17T16:13:28+00:00
SAO_9005-10,São Paulo,3550308,True,,33640,,,-23.467416,-46.670148499999996,,,,2,2023-06-17T16:12:57+00:00
SAO_9005-10,São Paulo,3550308,True,,33640,,,-23.4748455,-46.669852500000005,,,,2,2023-06-17T16:13:44+00:00
SAO_9005-10,São Paulo,3550308,True,,33640,,,-23.4543195,-46.6936435,,,,2,2023-06-17T16:13:55+00:00
SAO_6015-10,São Paulo,3550308,True,,1205,,,-23.7256285,-46.7860595,,,,1,2023-06-17T16:13:47+00:00
SAO_6015-10,São Paulo,3550308,True,,1205,,,-23.676291499999998,-46.7495555,,,,1,2023-06-17T16:13:35+00:00
SAO_6015-10,São Paulo,3550308,True,,1205,,,-23.734715,-46.7945555,,,,1,2023-06-17T16:14:04+00:00
SAO_6015-10,São Paulo,3550308,True,,1205,,,-23.665875,-46.7128965,,,,1,2023-06-17T16:14:03+00:00
SAO_6015-10,São Paulo,3550308,True,,1205,,,-23.689673,-46.773585499999996,,,,1,2023-06-17T16:14:00+00:00
SAO_6015-10,São Paulo,3550308,True,,1205,,,-23.718654,-46.7846245,,,,1,2023-06-17T16:13:30+00:00
SAO_6015-10,São Paulo,3550308,True,,1205,,,-23.667369,-46.728165,,,,1,2023-06-17T16:13:52+00:00
SAO_6015-10,São Paulo,3550308,True,,1205,,,-23.698281,-46.7793485,,,,1,2023-06-17T16:14:06+00:00
SAO_6015-10,São Paulo,3550308,True,,1205,,,-23.646046,-46.704235,,,,1,2023-06-17T16:14:07+00:00
SAO_6015-10,São Paulo,3550308,True,,1205,,,-23.734715,-46.7945555,,,,1,2023-06-17T16:14:03+00:00
SAO_2080-10,São Paulo,3550308,True,,33139,,,-23.5010415,-46.4701965,,,,2,2023-06-17T16:13:55+00:00
SAO_2080-10,São Paulo,3550308,True,,33139,,,-23.509847875,-46.36656325,,,,2,2023-06-17T16:13:22+00:00
SAO_2080-10,São Paulo,3550308,True,,33139,,,-23.510422374999997,-46.36670225,,,,2,2023-06-17T16:13:49+00:00
SAO_2080-10,São Paulo,3550308,False,,33139,,,-23.493734,-46.440037000000004,,,,2,2023-06-17T16:10:25+00:00
SAO_2080-10,São Paulo,3550308,True,,33139,,,-23.494855875,-46.412183625,,,,2,2023-06-17T16:13:44+00:00
SAO_2080-10,São Paulo,3550308,True,,33139,,,-23.484951000000002,-46.38398325,,,,2,2023-06-17T16:13:42+00:00
SAO_1732-10,São Paulo,3550308,True,,671,,,-23.487852,-46.5743735,,,,1,2023-06-17T16:14:04+00:00
SAO_1732-10,São Paulo,3550308,True,,671,,,-23.53435325,-46.644056,,,,1,2023-06-17T16:13:40+00:00
SAO_1732-10,São Paulo,3550308,True,,671,,,-23.486217,-46.571906999999996,,,,1,2023-06-17T16:11:48+00:00
SAO_1732-10,São Paulo,3550308,True,,671,,,-23.48845,-46.607698,,,,1,2023-06-17T16:12:16+00:00
SAO_8705-10,São Paulo,3550308,True,,2072,,,-23.5473665,-46.7605345,,,,1,2023-06-17T16:13:24+00:00
SAO_8705-10,São Paulo,3550308,True,,2072,,,-23.5716875,-46.70734949999999,,,,1,2023-06-17T16:13:58+00:00
SAO_8705-10,São Paulo,3550308,True,,2072,,,-23.547646999999998,-46.760248000000004,,,,1,2023-06-17T16:13:42+00:00
SAO_8705-10,São Paulo,3550308,True,,2072,,,-23.56663,-46.7436225,,,,1,2023-06-17T16:14:02+00:00
SAO_8705-10,São Paulo,3550308,True,,2072,,,-23.547646999999998,-46.760248000000004,,,,1,2023-06-17T16:13:50+00:00
SAO_8705-10,São Paulo,3550308,True,,2072,,,-23.5467645,-46.761089999999996,,,,1,2023-06-17T16:14:06+00:00
SAO_8705-10,São Paulo,3550308,True,,2072,,,-23.5473665,-46.7605345,,,,1,2023-06-17T16:13:46+00:00
SAO_647P-10,São Paulo,3550308,True,,1316,,,-23.6250425,-46.7341295,,,,1,2023-06-17T16:13:31+00:00
SAO_647P-10,São Paulo,3550308,True,,1316,,,-23.661609,-46.7549175,,,,1,2023-06-17T16:13:56+00:00
SAO_274P-10,São Paulo,3550308,True,,33000,,,-23.512558,-46.530508,,,,2,2023-06-17T16:13:54+00:00
SAO_274P-10,São Paulo,3550308,True,,33000,,,-23.551809,-46.6253425,,,,2,2023-06-17T16:14:03+00:00
SAO_407L-10,São Paulo,3550308,True,,2199,,,-23.582672,-46.392193500000005,,,,1,2023-06-17T16:08:08+00:00
SAO_407L-10,São Paulo,3550308,True,,2199,,,-23.524316,-46.5077245,,,,1,2023-06-17T16:11:02+00:00
SAO_407L-10,São Paulo,3550308,True,,2199,,,-23.55348175,-46.413412750000006,,,,1,2023-06-17T16:13:59+00:00
SAO_407L-10,São Paulo,3550308,True,,2199,,,-23.530976000000003,-46.44533225,,,,1,2023-06-17T16:13:53+00:00
SAO_407L-10,São Paulo,3550308,True,,2199,,,-23.581818249999998,-46.410364125,,,,1,2023-06-17T16:14:03+00:00
SAO_407L-10,São Paulo,3550308,True,,2199,,,-23.536870999999998,-46.4703665,,,,1,2023-06-17T16:14:00+00:00
SAO_407L-10,São Paulo,3550308,True,,2199,,,-23.5328285,-46.44833125,,,,1,2023-06-17T16:13:56+00:00
SAO_407L-10,São Paulo,3550308,True,,2199,,,-23.588434,-46.39254,,,,1,2023-06-17T16:13:43+00:00
SAO_6414-10,São Paulo,3550308,True,EMTU,360,https://moovitapp.com/index/pt-br/transporte_p%C3%BAblico-line-360-Sao_Paulo-242-2038937-36419441-0,5.2,-23.5648935,-46.6570955,,,,1,2023-06-17T16:13:39+00:00
SAO_6414-10,São Paulo,3550308,True,EMTU,360,https://moovitapp.com/index/pt-br/transporte_p%C3%BAblico-line-360-Sao_Paulo-242-2038937-36419441-0,5.2,-23.640705124999997,-46.697613875,,,,1,2023-06-17T16:14:01+00:00
SAO_6414-10,São Paulo,3550308,True,EMTU,360,https://moovitapp.com/index/pt-br/transporte_p%C3%BAblico-line-360-Sao_Paulo-242-2038937-36419441-0,5.2,-23.619498,-46.697923,,,,1,2023-06-17T16:13:45+00:00
SAO_2709-31,São Paulo,3550308,True,,33691,,,-23.529722,-46.500626,,,,2,2023-06-17T16:13:36+00:00
SAO_2709-31,São Paulo,3550308,True,,33691,,,-23.529382,-46.50029325,,,,2,2023-06-17T16:13:47+00:00
SAO_809L-10,São Paulo,3550308,True,,34717,,,-23.621927499999998,-46.7582665,,,,2,2023-06-17T16:13:44+00:00
SAO_809L-10,São Paulo,3550308,True,,34717,,,-23.5303555,-46.706253000000004,,,,2,2023-06-17T16:13:53+00:00
SAO_809L-10,São Paulo,3550308,True,,34717,,,-23.5791355,-46.719696,,,,2,2023-06-17T16:13:43+00:00
SAO_809L-10,São Paulo,3550308,True,,34717,,,-23.631954,-46.7723235,,,,2,2023-06-17T16:13:56+00:00
SAO_809L-10,São Paulo,3550308,True,,34717,,,-23.6317515,-46.7727405,,,,2,2023-06-17T16:13:26+00:00
SAO_809L-10,São Paulo,3550308,True,,34717,,,-23.632016,-46.772219500000006,,,,2,2023-06-17T16:14:05+00:00
SAO_809L-10,São Paulo,3550308,True,,34717,,,-23.586165,-46.7312055,,,,2,2023-06-17T16:13:41+00:00
SAO_809L-10,São Paulo,3550308,True,,34717,,,-23.631868500000003,-46.772482,,,,2,2023-06-17T16:13:49+00:00
SAO_476A-10,São Paulo,3550308,True,,33072,,,-23.578396750000003,-46.6022665,,,,2,2023-06-17T16:14:01+00:00
SAO_476A-10,São Paulo,3550308,True,,33072,,,-23.578396750000003,-46.6022665,,,,2,2023-06-17T16:13:34+00:00
SAO_476A-10,São Paulo,3550308,True,,33072,,,-23.616594874999997,-46.663204500000006,,,,2,2023-06-17T16:13:38+00:00
SAO_476A-10,São Paulo,3550308,True,,33072,,,-23.603154500000002,-46.603531000000004,,,,2,2023-06-17T16:13:37+00:00
SAO_2709-10,São Paulo,3550308,True,,922,,,-23.525628,-46.483047,,,,1,2023-06-17T16:13:47+00:00
SAO_6076-10,São Paulo,3550308,True,,33933,,,-23.705073,-46.702496499999995,,,,2,2023-06-17T16:13:48+00:00
SAO_6076-10,São Paulo,3550308,True,,33933,,,-23.656105,-46.7076225,,,,2,2023-06-17T16:14:01+00:00
SAO_6076-10,São Paulo,3550308,True,,33933,,,-23.726396,-46.691004,,,,2,2023-06-17T16:13:29+00:00
SAO_6076-10,São Paulo,3550308,True,,33933,,,-23.733666,-46.6772885,,,,2,2023-06-17T16:13:18+00:00
SAO_5129-41,São Paulo,3550308,True,,1974,,,-23.6535685,-46.703556,,,,1,2023-06-17T16:13:56+00:00
SAO_5129-41,São Paulo,3550308,True,,1974,,,-23.6574645,-46.664508,,,,1,2023-06-17T16:13:24+00:00
SAO_971A-10,São Paulo,3550308,True,,33426,,,-23.495753,-46.677302,,,,2,2023-06-17T16:14:06+00:00
SAO_971A-10,São Paulo,3550308,True,,33426,,,-23.486307,-46.680385,,,,2,2023-06-17T16:13:43+00:00
SAO_971A-10,São Paulo,3550308,True,,33426,,,-23.4947995,-46.66153425,,,,2,2023-06-17T16:13:45+00:00
SAO_971A-10,São Paulo,3550308,True,,33426,,,-23.486307,-46.680385,,,,2,2023-06-17T16:13:54+00:00
SAO_888P-10,São Paulo,3550308,True,,33222,,,-23.408328,-46.741003,,,,2,2023-06-17T16:13:53+00:00
SAO_888P-10,São Paulo,3550308,True,,33222,,,-23.408456,-46.7408545,,,,2,2023-06-17T16:13:36+00:00
SAO_8029-10,São Paulo,3550308,True,,2540,,,-23.588779,-46.722904875,,,,1,2023-06-17T16:13:33+00:00
SAO_8029-10,São Paulo,3550308,True,,2540,,,-23.616052,-46.747223500000004,,,,1,2023-06-17T16:14:05+00:00
SAO_208V-10,São Paulo,3550308,True,Rápido Campinas,207,https://moovitapp.com/index/pt-br/transporte_p%C3%BAblico-line-207-Sao_Paulo-242-858660-638984-0,5.3,-23.517753,-46.475941500000005,,,,1,2023-06-17T16:13:48+00:00
SAO_208V-10,São Paulo,3550308,True,Rápido Campinas,207,https://moovitapp.com/index/pt-br/transporte_p%C3%BAblico-line-207-Sao_Paulo-242-858660-638984-0,5.3,-23.5382745,-46.601580999999996,,,,1,2023-06-17T16:13:31+00:00
SAO_208V-10,São Paulo,3550308,True,Rápido Campinas,207,https://moovitapp.com/index/pt-br/transporte_p%C3%BAblico-line-207-Sao_Paulo-242-858660-638984-0,5.3,-23.547219,-46.6295935,,,,1,2023-06-17T16:13:35+00:00
SAO_208V-10,São Paulo,3550308,True,Rápido Campinas,207,https://moovitapp.com/index/pt-br/transporte_p%C3%BAblico-line-207-Sao_Paulo-242-858660-638984-0,5.3,-23.517753,-46.475941500000005,,,,1,2023-06-17T16:14:00+00:00
SAO_208V-10,São Paulo,3550308,True,Rápido Campinas,207,https://moovitapp.com/index/pt-br/transporte_p%C3%BAblico-line-207-Sao_Paulo-242-858660-638984-0,5.3,-23.5231735,-46.533573000000004,,,,1,2023-06-17T16:13:54+00:00
SAO_208V-10,São Paulo,3550308,True,Rápido Campinas,207,https://moovitapp.com/index/pt-br/transporte_p%C3%BAblico-line-207-Sao_Paulo-242-858660-638984-0,5.3,-23.517753,-46.475941500000005,,,,1,2023-06-17T16:13:34+00:00
SAO_208V-10,São Paulo,3550308,True,Rápido Campinas,207,https://moovitapp.com/index/pt-br/transporte_p%C3%BAblico-line-207-Sao_Paulo-242-858660-638984-0,5.3,-23.535142625,-46.58197975,,,,1,2023-06-17T16:13:53+00:00
SAO_208V-10,São Paulo,3550308,True,Rápido Campinas,207,https://moovitapp.com/index/pt-br/transporte_p%C3%BAblico-line-207-Sao_Paulo-242-858660-638984-0,5.3,-23.517753,-46.475941500000005,,,,1,2023-06-17T16:13:31+00:00
SAO_573H-10,São Paulo,3550308,True,,34398,,,-23.612196500000003,-46.493525500000004,,,,2,2023-06-17T16:14:01+00:00
SAO_573H-10,São Paulo,3550308,True,,34398,,,-23.595152499999998,-46.503015500000004,,,,2,2023-06-17T16:14:08+00:00
SAO_573H-10,São Paulo,3550308,True,,34398,,,-23.5685215,-46.584399499999996,,,,2,2023-06-17T16:14:04+00:00
SAO_573H-10,São Paulo,3550308,True,,34398,,,-23.612962500000002,-46.4946835,,,,2,2023-06-17T16:13:44+00:00
SAO_573H-10,São Paulo,3550308,True,,34398,,,-23.579301,-46.54119575,,,,2,2023-06-17T16:13:44+00:00
SAO_573H-10,São Paulo,3550308,True,,34398,,,-23.5525255,-46.6113275,,,,2,2023-06-17T16:13:42+00:00
SAO_573H-10,São Paulo,3550308,True,,34398,,,-23.603939500000003,-46.5038615,,,,2,2023-06-17T16:13:29+00:00
SAO_573H-10,São Paulo,3550308,True,,34398,,,-23.612196500000003,-46.493525500000004,,,,2,2023-06-17T16:13:31+00:00
SAO_6083-10,São Paulo,3550308,True,,1733,,,-23.7379235,-46.6925615,,,,1,2023-06-17T16:13:55+00:00
SAO_6083-10,São Paulo,3550308,True,,1733,,,-23.753087999999998,-46.6704845,,,,1,2023-06-17T16:13:56+00:00
SAO_6056-10,São Paulo,3550308,True,,33915,,,-23.763157749999998,-46.698090500000006,,,,2,2023-06-17T16:13:23+00:00
SAO_6056-10,São Paulo,3550308,True,,33915,,,-23.7435925,-46.7066275,,,,2,2023-06-17T16:14:07+00:00
SAO_6056-10,São Paulo,3550308,True,,33915,,,-23.7632185,-46.697809,,,,2,2023-06-17T16:13:52+00:00
SAO_6056-10,São Paulo,3550308,True,,33915,,,-23.7632185,-46.697809,,,,2,2023-06-17T16:13:59+00:00
SAO_6056-10,São Paulo,3550308,True,,33915,,,-23.757825250000003,-46.70939825,,,,2,2023-06-17T16:13:35+00:00
SAO_3795-10,São Paulo,3550308,True,,1073,,,-23.554957,-46.44733275,,,,1,2023-06-17T16:13:42+00:00
SAO_3795-10,São Paulo,3550308,True,,1073,,,-23.559945,-46.415017750000004,,,,1,2023-06-17T16:13:32+00:00
SAO_3795-10,São Paulo,3550308,True,,1073,,,-23.559945,-46.415017750000004,,,,1,2023-06-17T16:13:41+00:00
SAO_3795-10,São Paulo,3550308,True,,1073,,,-23.565520499999998,-46.4174935,,,,1,2023-06-17T16:11:27+00:00
SAO_3004-10,São Paulo,3550308,True,,1798,,,-23.490641250000003,-46.432228249999994,,,,1,2023-06-17T16:13:40+00:00
SAO_5757-51,São Paulo,3550308,True,,34744,,,-23.70636,-46.64149,,,,2,2023-06-17T16:13:53+00:00
SAO_5757-51,São Paulo,3550308,True,,34744,,,-23.635112499999998,-46.640995000000004,,,,2,2023-06-17T16:13:38+00:00
SAO_5757-51,São Paulo,3550308,True,,34744,,,-23.691687375,-46.6440985,,,,2,2023-06-17T16:13:49+00:00
SAO_5757-51,São Paulo,3550308,True,,34744,,,-23.635112499999998,-46.640995000000004,,,,2,2023-06-17T16:13:29+00:00
SAO_5757-51,São Paulo,3550308,True,,34744,,,-23.635112499999998,-46.640995000000004,,,,2,2023-06-17T16:14:00+00:00
SAO_5757-51,São Paulo,3550308,True,,34744,,,-23.635112499999998,-46.640995000000004,,,,2,2023-06-17T16:13:19+00:00
SAO_5757-51,São Paulo,3550308,True,,34744,,,-23.707572,-46.641307,,,,2,2023-06-17T16:13:27+00:00
SAO_5757-51,São Paulo,3550308,True,,34744,,,-23.7074865,-46.641363999999996,,,,2,2023-06-17T16:13:49+00:00
SAO_5757-51,São Paulo,3550308,True,,34744,,,-23.635112499999998,-46.640995000000004,,,,2,2023-06-17T16:14:05+00:00
SAO_5757-51,São Paulo,3550308,True,,34744,,,-23.688044,-46.63901275,,,,2,2023-06-17T16:13:25+00:00
SAO_5757-51,São Paulo,3550308,True,,34744,,,-23.638527500000002,-46.642257,,,,2,2023-06-17T16:13:31+00:00
SAO_5757-51,São Paulo,3550308,True,,34744,,,-23.635112499999998,-46.640995000000004,,,,2,2023-06-17T16:13:30+00:00
SAO_6049-10,São Paulo,3550308,True,,34077,,,-23.659761125,-46.773871,,,,2,2023-06-17T16:13:48+00:00
SAO_6049-10,São Paulo,3550308,True,,34077,,,-23.6945095,-46.7940355,,,,2,2023-06-17T16:13:50+00:00
SAO_6049-10,São Paulo,3550308,True,,34077,,,-23.646588,-46.7304135,,,,2,2023-06-17T16:14:06+00:00
SAO_3112-10,São Paulo,3550308,True,,33848,,,-23.60993,-46.529356,,,,2,2023-06-17T16:13:36+00:00
SAO_3112-10,São Paulo,3550308,True,,33848,,,-23.57912225,-46.57301325,,,,2,2023-06-17T16:13:34+00:00
SAO_3112-10,São Paulo,3550308,True,,33848,,,-23.547205624999997,-46.5966635,,,,2,2023-06-17T16:14:07+00:00
SAO_3112-10,São Paulo,3550308,True,,33848,,,-23.610093499999998,-46.5294835,,,,2,2023-06-17T16:13:49+00:00
SAO_3112-10,São Paulo,3550308,True,,33848,,,-23.610093499999998,-46.5294835,,,,2,2023-06-17T16:13:50+00:00
SAO_3112-10,São Paulo,3550308,True,,33848,,,-23.609757000000002,-46.529221,,,,2,2023-06-17T16:14:02+00:00
SAO_3112-10,São Paulo,3550308,True,,33848,,,-23.572944999999997,-46.5876555,,,,2,2023-06-17T16:13:34+00:00
SAO_3112-10,São Paulo,3550308,True,,33848,,,-23.5891005,-46.5443705,,,,2,2023-06-17T16:14:02+00:00
SAO_4007-10,São Paulo,3550308,True,,2181,,,-23.565137,-46.3967705,,,,1,2023-06-17T16:14:00+00:00
SAO_4007-10,São Paulo,3550308,True,,2181,,,-23.558199000000002,-46.522121,,,,1,2023-06-17T16:13:40+00:00
SAO_4007-10,São Paulo,3550308,True,,2181,,,-23.548436375,-46.460986000000005,,,,1,2023-06-17T16:13:40+00:00
SAO_4007-10,São Paulo,3550308,True,,2181,,,-23.556205,-46.4697835,,,,1,2023-06-17T16:13:59+00:00
SAO_351F-10,São Paulo,3550308,True,,687,,,-23.56216375,-46.52138637499999,,,,1,2023-06-17T16:14:00+00:00
SAO_351F-10,São Paulo,3550308,True,,687,,,-23.5409805,-46.576847,,,,1,2023-06-17T16:14:05+00:00
SAO_351F-10,São Paulo,3550308,True,,687,,,-23.5068205,-46.5895455,,,,1,2023-06-17T16:13:23+00:00
SAO_775F-10,São Paulo,3550308,True,,33564,,,-23.625425999999997,-46.7482945,,,,2,2023-06-17T16:13:44+00:00
SAO_775F-10,São Paulo,3550308,True,,33564,,,-23.6068745,-46.7253665,,,,2,2023-06-17T16:14:01+00:00
SAO_775F-10,São Paulo,3550308,True,,33564,,,-23.5845875,-46.690644,,,,2,2023-06-17T16:14:04+00:00
SAO_775F-10,São Paulo,3550308,True,,33564,,,-23.6254505,-46.7479555,,,,2,2023-06-17T16:13:31+00:00
SAO_775F-10,São Paulo,3550308,True,,33564,,,-23.61633075,-46.7383825,,,,2,2023-06-17T16:13:43+00:00
SAO_5154-10,São Paulo,3550308,True,,33121,,,-23.54995325,-46.6389305,,,,2,2023-06-17T16:13:41+00:00
SAO_5154-10,São Paulo,3550308,True,,33121,,,-23.618018499999998,-46.697607375000004,,,,2,2023-06-17T16:14:00+00:00
SAO_5154-10,São Paulo,3550308,True,,33121,,,-23.6431665,-46.700297250000006,,,,2,2023-06-17T16:13:29+00:00
SAO_5154-10,São Paulo,3550308,True,,33121,,,-23.650007000000002,-46.7059785,,,,2,2023-06-17T16:13:54+00:00
SAO_6076-10,São Paulo,3550308,True,,1165,,,-23.734005500000002,-46.6768495,,,,1,2023-06-17T16:13:35+00:00
SAO_6076-10,São Paulo,3550308,True,,1165,,,-23.67209175,-46.7110925,,,,1,2023-06-17T16:14:05+00:00
SAO_6076-10,São Paulo,3550308,True,,1165,,,-23.720467499999998,-46.697398,,,,1,2023-06-17T16:14:01+00:00
SAO_2719-10,São Paulo,3550308,True,,932,,,-23.494344749999996,-46.47102725,,,,1,2023-06-17T16:13:49+00:00
SAO_2719-10,São Paulo,3550308,True,,932,,,-23.506212499999997,-46.488517,,,,1,2023-06-17T16:14:05+00:00
SAO_2719-10,São Paulo,3550308,True,,932,,,-23.512327499999998,-46.514167,,,,1,2023-06-17T16:13:30+00:00
SAO_2719-10,São Paulo,3550308,True,,932,,,-23.4951015,-46.468767,,,,1,2023-06-17T16:13:36+00:00
SAO_2719-10,São Paulo,3550308,True,,932,,,-23.531444999999998,-46.5293925,,,,1,2023-06-17T16:13:38+00:00
SAO_5021-10,São Paulo,3550308,True,,34435,,,-23.602472249999998,-46.61305475,,,,2,2023-06-17T16:14:01+00:00
SAO_2678-10,São Paulo,3550308,True,STT,383,https://moovitapp.com/index/pt-br/transporte_p%C3%BAblico-line-383-Sao_Paulo-242-850661-183294-0,5.3,-23.521616,-46.529561,,,,1,2023-06-17T16:13:44+00:00
SAO_2678-10,São Paulo,3550308,True,STT,383,https://moovitapp.com/index/pt-br/transporte_p%C3%BAblico-line-383-Sao_Paulo-242-850661-183294-0,5.3,-23.547011,-46.62953,,,,1,2023-06-17T16:13:30+00:00
SAO_2678-10,São Paulo,3550308,True,STT,383,https://moovitapp.com/index/pt-br/transporte_p%C3%BAblico-line-383-Sao_Paulo-242-850661-183294-0,5.3,-23.507372125000003,-46.488834374999996,,,,1,2023-06-17T16:14:01+00:00
SAO_2678-10,São Paulo,3550308,True,STT,383,https://moovitapp.com/index/pt-br/transporte_p%C3%BAblico-line-383-Sao_Paulo-242-850661-183294-0,5.3,-23.546727,-46.629723999999996,,,,1,2023-06-17T16:13:30+00:00
SAO_2678-10,São Paulo,3550308,True,STT,383,https://moovitapp.com/index/pt-br/transporte_p%C3%BAblico-line-383-Sao_Paulo-242-850661-183294-0,5.3,-23.49414625,-46.415775,,,,1,2023-06-17T16:13:45+00:00
SAO_2678-10,São Paulo,3550308,True,STT,383,https://moovitapp.com/index/pt-br/transporte_p%C3%BAblico-line-383-Sao_Paulo-242-850661-183294-0,5.3,-23.5011215,-46.38508,,,,1,2023-06-17T16:13:55+00:00
SAO_2678-10,São Paulo,3550308,True,STT,383,https://moovitapp.com/index/pt-br/transporte_p%C3%BAblico-line-383-Sao_Paulo-242-850661-183294-0,5.3,-23.497328500000002,-46.39943675,,,,1,2023-06-17T16:14:00+00:00
SAO_5317-10,São Paulo,3550308,True,,69,,,-23.6876405,-46.695801,,,,1,2023-06-17T16:13:40+00:00
SAO_5317-10,São Paulo,3550308,True,,69,,,-23.65080475,-46.70303475,,,,1,2023-06-17T16:13:52+00:00
SAO_5317-10,São Paulo,3550308,True,,69,,,-23.7212425,-46.6767315,,,,1,2023-06-17T16:10:33+00:00
SAO_5317-10,São Paulo,3550308,True,,69,,,-23.541339999999998,-46.6340785,,,,1,2023-06-17T16:13:50+00:00
SAO_5757-51,São Paulo,3550308,True,,1976,,,-23.7079895,-46.641386499999996,,,,1,2023-06-17T16:14:02+00:00
SAO_5757-51,São Paulo,3550308,True,,1976,,,-23.646406,-46.644999,,,,1,2023-06-17T16:13:37+00:00
SAO_5757-51,São Paulo,3550308,True,,1976,,,-23.6946395,-46.64785075,,,,1,2023-06-17T16:13:36+00:00
SAO_5757-51,São Paulo,3550308,True,,1976,,,-23.7079895,-46.641386499999996,,,,1,2023-06-17T16:13:42+00:00
SAO_5757-51,São Paulo,3550308,True,,1976,,,-23.6753735,-46.642289500000004,,,,1,2023-06-17T16:13:30+00:00
SAO_5025-10,São Paulo,3550308,True,,1564,,,-23.6032955,-46.5422345,,,,1,2023-06-17T16:13:31+00:00
SAO_5025-10,São Paulo,3550308,True,,1564,,,-23.603224250000004,-46.541937499999996,,,,1,2023-06-17T16:13:52+00:00
SAO_5025-10,São Paulo,3550308,True,,1564,,,-23.594417625,-46.577687125000004,,,,1,2023-06-17T16:14:06+00:00
SAO_6505-10,São Paulo,3550308,True,,34218,,,-23.5986035,-46.674003,,,,2,2023-06-17T16:13:55+00:00
SAO_6505-10,São Paulo,3550308,True,,34218,,,-23.669123750000004,-46.7350165,,,,2,2023-06-17T16:14:06+00:00
SAO_6505-10,São Paulo,3550308,True,,34218,,,-23.650007000000002,-46.7059785,,,,2,2023-06-17T16:13:24+00:00
SAO_6505-10,São Paulo,3550308,True,,34218,,,-23.5585095,-46.65380475,,,,2,2023-06-17T16:14:07+00:00
SAO_5110-10,São Paulo,3550308,True,,34977,,,-23.58297475,-46.5681515,,,,2,2023-06-17T16:13:50+00:00
SAO_5110-10,São Paulo,3550308,True,,34977,,,-23.5585835,-46.615415,,,,2,2023-06-17T16:14:03+00:00
SAO_5110-10,São Paulo,3550308,True,,34977,,,-23.604448499999997,-46.510915499999996,,,,2,2023-06-17T16:13:48+00:00
SAO_6116-10,São Paulo,3550308,True,,33954,,,-23.7554115,-46.659749500000004,,,,2,2023-06-17T16:13:37+00:00
SAO_6116-10,São Paulo,3550308,True,,33954,,,-23.737090000000002,-46.697100000000006,,,,2,2023-06-17T16:13:33+00:00
SAO_6116-10,São Paulo,3550308,True,,33954,,,-23.755624,-46.657882,,,,2,2023-06-17T16:14:04+00:00
SAO_373T-10,São Paulo,3550308,True,,1091,,,-23.5951435,-46.518399,,,,1,2023-06-17T16:13:42+00:00
SAO_373T-10,São Paulo,3550308,True,,1091,,,-23.555865500000003,-46.600069000000005,,,,1,2023-06-17T16:13:34+00:00
SAO_373T-10,São Paulo,3550308,True,,1091,,,-23.579503000000003,-46.586858,,,,1,2023-06-17T16:13:56+00:00
SAO_373T-10,São Paulo,3550308,True,,1091,,,-23.58511375,-46.538698875,,,,1,2023-06-17T16:14:07+00:00
SAO_373T-10,São Paulo,3550308,True,,1091,,,-23.593679,-46.498469,,,,1,2023-06-17T16:13:34+00:00
SAO_373T-10,São Paulo,3550308,True,,1091,,,-23.593679,-46.498469,,,,1,2023-06-17T16:13:35+00:00
SAO_3725-10,São Paulo,3550308,True,,1022,,,-23.545781125,-46.516925375,,,,1,2023-06-17T16:13:42+00:00
SAO_3725-10,São Paulo,3550308,True,,1022,,,-23.54804575,-46.51874425,,,,1,2023-06-17T16:13:39+00:00
SAO_3725-10,São Paulo,3550308,True,,1022,,,-23.53748025,-46.52916625,,,,1,2023-06-17T16:13:39+00:00
SAO_2765-10,São Paulo,3550308,True,EMTU,145,https://moovitapp.com/index/pt-br/transporte_p%C3%BAblico-line-145-Sao_Paulo-242-2038937-36419293-0,5.35,-23.511796,-46.5448265,,,,1,2023-06-17T16:13:54+00:00
SAO_2765-10,São Paulo,3550308,True,EMTU,145,https://moovitapp.com/index/pt-br/transporte_p%C3%BAblico-line-145-Sao_Paulo-242-2038937-36419293-0,5.35,-23.514964,-46.5458845,,,,1,2023-06-17T16:13:29+00:00
SAO_2765-10,São Paulo,3550308,True,EMTU,145,https://moovitapp.com/index/pt-br/transporte_p%C3%BAblico-line-145-Sao_Paulo-242-2038937-36419293-0,5.35,-23.535121250000003,-46.569548749999996,,,,1,2023-06-17T16:13:28+00:00
SAO_675L-10,São Paulo,3550308,True,,1478,,,-23.653993,-46.710736499999996,,,,1,2023-06-17T16:14:04+00:00
SAO_675L-10,São Paulo,3550308,True,,1478,,,-23.644948375,-46.700573000000006,,,,1,2023-06-17T16:13:53+00:00
SAO_675L-10,São Paulo,3550308,True,,1478,,,-23.653993,-46.710736499999996,,,,1,2023-06-17T16:14:03+00:00
SAO_524L-10,São Paulo,3550308,True,,34483,,,-23.54203175,-46.575152,,,,2,2023-06-17T16:13:57+00:00
SAO_524L-10,São Paulo,3550308,True,,34483,,,-23.595245499999997,-46.543268,,,,2,2023-06-17T16:13:47+00:00
SAO_524L-10,São Paulo,3550308,True,,34483,,,-23.541379,-46.574191,,,,2,2023-06-17T16:14:01+00:00
SAO_9050-10,São Paulo,3550308,True,,2088,,,-23.5536355,-46.6980365,,,,1,2023-06-17T16:13:55+00:00
SAO_4018-10,São Paulo,3550308,True,,34959,,,-23.6008165,-46.399510500000005,,,,2,2023-06-17T16:14:01+00:00
SAO_4018-10,São Paulo,3550308,True,,34959,,,-23.6008165,-46.399510500000005,,,,2,2023-06-17T16:13:48+00:00
SAO_4018-10,São Paulo,3550308,True,,34959,,,-23.60263625,-46.470555000000004,,,,2,2023-06-17T16:13:35+00:00
SAO_4018-10,São Paulo,3550308,True,,34959,,,-23.583129,-46.4092945,,,,2,2023-06-17T16:13:58+00:00
SAO_8010-10,São Paulo,3550308,True,,33566,,,-23.438611,-46.7214735,,,,2,2023-06-17T16:13:48+00:00
SAO_8010-10,São Paulo,3550308,True,,33566,,,-23.405855625,-46.757426,,,,2,2023-06-17T16:13:34+00:00
SAO_8010-10,São Paulo,3550308,True,,33566,,,-23.4188695,-46.748881499999996,,,,2,2023-06-17T16:13:45+00:00
SAO_8010-10,São Paulo,3550308,True,,33566,,,-23.411627000000003,-46.7479935,,,,2,2023-06-17T16:13:26+00:00
SAO_8010-10,São Paulo,3550308,True,,33566,,,-23.4174655,-46.747969999999995,,,,2,2023-06-17T16:13:46+00:00
SAO_8010-10,São Paulo,3550308,True,,33566,,,-23.419446,-46.7493745,,,,2,2023-06-17T16:13:33+00:00
SAO_8010-10,São Paulo,3550308,True,,33566,,,-23.419567999999998,-46.749461499999995,,,,2,2023-06-17T16:13:55+00:00
SAO_8010-10,São Paulo,3550308,True,,33566,,,-23.4188695,-46.748881499999996,,,,2,2023-06-17T16:13:55+00:00
SAO_8010-10,São Paulo,3550308,True,,33566,,,-23.468704000000002,-46.724962000000005,,,,2,2023-06-17T16:13:56+00:00
SAO_8010-10,São Paulo,3550308,True,,33566,,,-23.500931,-46.7108835,,,,2,2023-06-17T16:13:50+00:00
SAO_6013-10,São Paulo,3550308,True,,32954,,,-23.65399525,-46.716798999999995,,,,2,2023-06-17T16:13:47+00:00
SAO_6013-10,São Paulo,3550308,True,,32954,,,-23.699361,-46.7632355,,,,2,2023-06-17T16:13:48+00:00
SAO_6013-10,São Paulo,3550308,True,,32954,,,-23.671832000000002,-46.741647,,,,2,2023-06-17T16:13:41+00:00
SAO_8025-10,São Paulo,3550308,True,,2076,,,-23.59203575,-46.735672,,,,1,2023-06-17T16:13:25+00:00
SAO_8025-10,São Paulo,3550308,True,,2076,,,-23.5914875,-46.735569999999996,,,,1,2023-06-17T16:13:47+00:00
SAO_8025-10,São Paulo,3550308,True,,2076,,,-23.5929245,-46.761113,,,,1,2023-06-17T16:13:29+00:00
SAO_1744-10,São Paulo,3550308,True,,33312,,,-23.472376,-46.64149449999999,,,,2,2023-06-17T16:13:50+00:00
SAO_1744-10,São Paulo,3550308,True,,33312,,,-23.4760675,-46.6417145,,,,2,2023-06-17T16:14:04+00:00
SAO_1744-10,São Paulo,3550308,True,,33312,,,-23.47218025,-46.641837624999994,,,,2,2023-06-17T16:13:50+00:00
SAO_1744-10,São Paulo,3550308,True,,33312,,,-23.47261175,-46.641650999999996,,,,2,2023-06-17T16:13:28+00:00
SAO_6338-10,São Paulo,3550308,True,,34061,,,-23.679894,-46.6367245,,,,2,2023-06-17T16:13:57+00:00
SAO_6338-10,São Paulo,3550308,True,,34061,,,-23.6787895,-46.6407645,,,,2,2023-06-17T16:13:26+00:00
SAO_6338-10,São Paulo,3550308,True,,34061,,,-23.6802855,-46.637386,,,,2,2023-06-17T16:13:47+00:00
SAO_3742-10,São Paulo,3550308,True,,33810,,,-23.604736000000003,-46.4346285,,,,2,2023-06-17T16:13:47+00:00
SAO_3742-10,São Paulo,3550308,True,,33810,,,-23.6044225,-46.434561,,,,2,2023-06-17T16:13:33+00:00
SAO_3742-10,São Paulo,3550308,True,,33810,,,-23.56549825,-46.4465533125,,,,2,2023-06-17T16:13:47+00:00
SAO_373T-10,São Paulo,3550308,True,,33859,,,-23.56610575,-46.593838,,,,2,2023-06-17T16:13:55+00:00
SAO_373T-10,São Paulo,3550308,True,,33859,,,-23.58537275,-46.538046375,,,,2,2023-06-17T16:13:46+00:00
SAO_373T-10,São Paulo,3550308,True,,33859,,,-23.5469055,-46.6063945,,,,2,2023-06-17T16:14:06+00:00
SAO_373T-10,São Paulo,3550308,True,,33859,,,-23.5941885,-46.498267,,,,2,2023-06-17T16:13:39+00:00
SAO_373T-10,São Paulo,3550308,True,,33859,,,-23.582553,-46.563639249999994,,,,2,2023-06-17T16:13:34+00:00
SAO_373T-10,São Paulo,3550308,True,,33859,,,-23.5941885,-46.498267,,,,2,2023-06-17T16:13:45+00:00
SAO_373T-10,São Paulo,3550308,True,,33859,,,-23.5947215,-46.505426,,,,2,2023-06-17T16:13:49+00:00
SAO_3054-10,São Paulo,3550308,True,,975,,,-23.6105395,-46.474952,,,,1,2023-06-17T16:13:35+00:00
SAO_3054-10,São Paulo,3550308,True,,975,,,-23.600014,-46.4218325,,,,1,2023-06-17T16:13:30+00:00
SAO_3054-10,São Paulo,3550308,True,,975,,,-23.5945345,-46.493936000000005,,,,1,2023-06-17T16:13:45+00:00
SAO_778J-10,São Paulo,3550308,True,EMTU,508,https://moovitapp.com/index/pt-br/transporte_p%C3%BAblico-line-508-Sao_Paulo-242-2038937-36419530-0,5.65,-23.588594,-46.786489,,,,1,2023-06-17T16:13:34+00:00
SAO_607M-10,São Paulo,3550308,True,,34804,,,-23.677653999999997,-46.7072885,,,,2,2023-06-17T16:13:53+00:00
SAO_607M-10,São Paulo,3550308,True,,34804,,,-23.7351155,-46.695655,,,,2,2023-06-17T16:14:06+00:00
SAO_607M-10,São Paulo,3550308,True,,34804,,,-23.623366250000004,-46.6997995,,,,2,2023-06-17T16:13:36+00:00
SAO_607M-10,São Paulo,3550308,True,,34804,,,-23.7358595,-46.6960365,,,,2,2023-06-17T16:14:01+00:00
SAO_8003-10,São Paulo,3550308,True,,34021,,,-23.520992749999998,-46.699836,,,,2,2023-06-17T16:13:27+00:00
SAO_8003-10,São Paulo,3550308,True,,34021,,,-23.511964,-46.756433,,,,2,2023-06-17T16:13:57+00:00
SAO_407I-10,São Paulo,3550308,True,,2222,,,-23.54634425,-46.60539125,,,,1,2023-06-17T16:13:28+00:00
SAO_407I-10,São Paulo,3550308,True,,2222,,,-23.549756,-46.4861565,,,,1,2023-06-17T16:13:54+00:00
SAO_5035-10,São Paulo,3550308,True,,34436,,,-23.6217235,-46.594804999999994,,,,2,2023-06-17T16:13:44+00:00
SAO_5035-10,São Paulo,3550308,True,,34436,,,-23.637237,-46.5923005,,,,2,2023-06-17T16:13:30+00:00
SAO_5035-10,São Paulo,3550308,True,,34436,,,-23.637159500000003,-46.592059,,,,2,2023-06-17T16:13:56+00:00
SAO_5035-10,São Paulo,3550308,True,,34436,,,-23.636036750000002,-46.59084675,,,,2,2023-06-17T16:13:49+00:00
SAO_273G-10,São Paulo,3550308,True,EMTU,223,https://moovitapp.com/index/pt-br/transporte_p%C3%BAblico-line-223-Sao_Paulo-242-2038937-36419342-0,5.2,-23.516960500000003,-46.4763955,,,,1,2023-06-17T16:13:38+00:00
SAO_273G-10,São Paulo,3550308,True,EMTU,223,https://moovitapp.com/index/pt-br/transporte_p%C3%BAblico-line-223-Sao_Paulo-242-2038937-36419342-0,5.2,-23.498885,-46.46669425,,,,1,2023-06-17T16:13:23+00:00
SAO_273G-10,São Paulo,3550308,True,EMTU,223,https://moovitapp.com/index/pt-br/transporte_p%C3%BAblico-line-223-Sao_Paulo-242-2038937-36419342-0,5.2,-23.5000315,-46.469297,,,,1,2023-06-17T16:14:01+00:00
SAO_273G-10,São Paulo,3550308,True,EMTU,223,https://moovitapp.com/index/pt-br/transporte_p%C3%BAblico-line-223-Sao_Paulo-242-2038937-36419342-0,5.2,-23.5399795,-46.4833685,,,,1,2023-06-17T16:13:44+00:00
SAO_312N-10,São Paulo,3550308,True,,990,,,-23.49527875,-46.431802250000004,,,,1,2023-06-17T16:13:18+00:00
SAO_312N-10,São Paulo,3550308,True,,990,,,-23.4910945,-46.441233999999994,,,,1,2023-06-17T16:13:58+00:00
SAO_312N-10,São Paulo,3550308,True,,990,,,-23.51831325,-46.41325525,,,,1,2023-06-17T16:13:36+00:00
SAO_312N-10,São Paulo,3550308,True,,990,,,-23.561412500000003,-46.4085755,,,,1,2023-06-17T16:13:54+00:00
SAO_312N-10,São Paulo,3550308,True,,990,,,-23.542768,-46.41466525,,,,1,2023-06-17T16:13:49+00:00
SAO_312N-10,São Paulo,3550308,True,,990,,,-23.53409,-46.3995865,,,,1,2023-06-17T16:13:21+00:00
SAO_312N-10,São Paulo,3550308,True,,990,,,-23.5193715,-46.4123445,,,,1,2023-06-17T16:14:00+00:00
SAO_312N-10,São Paulo,3550308,True,,990,,,-23.570652000000003,-46.403886,,,,1,2023-06-17T16:13:36+00:00
SAO_476G-41,São Paulo,3550308,True,,1112,,,-23.581739125,-46.594242375,,,,1,2023-06-17T16:13:31+00:00
SAO_476G-41,São Paulo,3550308,True,,1112,,,-23.58110825,-46.6384875,,,,1,2023-06-17T16:13:29+00:00
SAO_119C-10,São Paulo,3550308,True,,33429,,,-23.507951,-46.580232499999994,,,,2,2023-06-17T16:13:31+00:00
SAO_119C-10,São Paulo,3550308,True,,33429,,,-23.5318015,-46.6254675,,,,2,2023-06-17T16:14:02+00:00
SAO_119C-10,São Paulo,3550308,True,,33429,,,-23.4788315,-46.5691755,,,,2,2023-06-17T16:13:28+00:00
SAO_3462-10,São Paulo,3550308,True,,33015,,,-23.527654749999996,-46.4550565,,,,2,2023-06-17T16:13:50+00:00
SAO_3462-10,São Paulo,3550308,True,,33015,,,-23.531562375,-46.469359625,,,,2,2023-06-17T16:13:45+00:00
SAO_3462-10,São Paulo,3550308,True,,33015,,,-23.527414,-46.4551295,,,,2,2023-06-17T16:13:54+00:00
SAO_6291-10,São Paulo,3550308,True,EMTU,358,https://moovitapp.com/index/pt-br/transporte_p%C3%BAblico-line-358-Sao_Paulo-242-2038937-36419439-0,4.8,-23.646295000000002,-46.7731415,,,,1,2023-06-17T16:14:03+00:00
SAO_6291-10,São Paulo,3550308,True,EMTU,358,https://moovitapp.com/index/pt-br/transporte_p%C3%BAblico-line-358-Sao_Paulo-242-2038937-36419439-0,4.8,-23.586808,-46.69116699999999,,,,1,2023-06-17T16:13:47+00:00
SAO_6291-10,São Paulo,3550308,True,EMTU,358,https://moovitapp.com/index/pt-br/transporte_p%C3%BAblico-line-358-Sao_Paulo-242-2038937-36419439-0,4.8,-23.643303500000002,-46.7766185,,,,1,2023-06-17T16:13:53+00:00
SAO_6291-10,São Paulo,3550308,True,EMTU,358,https://moovitapp.com/index/pt-br/transporte_p%C3%BAblico-line-358-Sao_Paulo-242-2038937-36419439-0,4.8,-23.615971000000002,-46.712937,,,,1,2023-06-17T16:13:33+00:00
SAO_9354-10,São Paulo,3550308,True,,708,,,-23.542899,-46.636358,,,,1,2023-06-17T16:14:07+00:00
SAO_9354-10,São Paulo,3550308,True,,708,,,-23.493035,-46.655694499999996,,,,1,2023-06-17T16:13:30+00:00
SAO_6120-10,São Paulo,3550308,True,,33957,,,-23.76019175,-46.677102749999996,,,,2,2023-06-17T16:13:25+00:00
SAO_6120-10,São Paulo,3550308,True,,33957,,,-23.76019175,-46.677102749999996,,,,2,2023-06-17T16:13:50+00:00
SAO_6120-10,São Paulo,3550308,True,,33957,,,-23.7435615,-46.6914735,,,,2,2023-06-17T16:14:04+00:00
SAO_748A-10,São Paulo,3550308,True,,33266,,,-23.5505625625,-46.739762625,,,,2,2023-06-17T16:14:05+00:00
SAO_748A-10,São Paulo,3550308,True,,33266,,,-23.5757895,-46.7796515,,,,2,2023-06-17T16:13:48+00:00
SAO_748A-10,São Paulo,3550308,True,,33266,,,-23.575184,-46.7754385,,,,2,2023-06-17T16:13:53+00:00
SAO_1759-10,São Paulo,3550308,True,,33321,,,-23.462498500000002,-46.659318999999996,,,,2,2023-06-17T16:13:51+00:00
SAO_1759-10,São Paulo,3550308,True,,33321,,,-23.4944455,-46.625870500000005,,,,2,2023-06-17T16:13:55+00:00
SAO_1759-10,São Paulo,3550308,True,,33321,,,-23.463556250000003,-46.65331575,,,,2,2023-06-17T16:14:00+00:00
SAO_1759-10,São Paulo,3550308,True,,33321,,,-23.462308999999998,-46.659564,,,,2,2023-06-17T16:13:45+00:00
SAO_1759-10,São Paulo,3550308,True,,33321,,,-23.462498500000002,-46.659318999999996,,,,2,2023-06-17T16:13:23+00:00
SAO_8016-10,São Paulo,3550308,True,,1346,,,-23.485447999999998,-46.725504,,,,1,2023-06-17T16:13:58+00:00
SAO_8016-10,São Paulo,3550308,True,,1346,,,-23.437568,-46.728502,,,,1,2023-06-17T16:13:58+00:00
SAO_8016-10,São Paulo,3550308,True,,1346,,,-23.436998,-46.717544375,,,,1,2023-06-17T16:13:45+00:00
SAO_8016-10,São Paulo,3550308,True,,1346,,,-23.458368,-46.719010999999995,,,,1,2023-06-17T16:13:52+00:00
SAO_5611-10,São Paulo,3550308,True,,33366,,,-23.71611,-46.6251865,,,,2,2023-06-17T16:13:30+00:00
SAO_5611-10,São Paulo,3550308,True,,33366,,,-23.62172475,-46.661924,,,,2,2023-06-17T16:13:52+00:00
SAO_5611-10,São Paulo,3550308,True,,33366,,,-23.6006175,-46.651394499999995,,,,2,2023-06-17T16:13:55+00:00
SAO_5611-10,São Paulo,3550308,True,,33366,,,-23.7022495,-46.6452355,,,,2,2023-06-17T16:13:30+00:00
SAO_6028-10,São Paulo,3550308,True,,1211,,,-23.6672905,-46.727228,,,,1,2023-06-17T16:14:02+00:00
SAO_6028-10,São Paulo,3550308,True,,1211,,,-23.6853555,-46.7411545,,,,1,2023-06-17T16:13:27+00:00
SAO_6028-10,São Paulo,3550308,True,,1211,,,-23.695243,-46.755932,,,,1,2023-06-17T16:13:35+00:00
SAO_6028-10,São Paulo,3550308,True,,1211,,,-23.684821499999998,-46.736639499999995,,,,1,2023-06-17T16:14:03+00:00
SAO_6027-10,São Paulo,3550308,True,,90,,,-23.7093575,-46.699754999999996,,,,1,2023-06-17T16:13:31+00:00
SAO_6027-10,São Paulo,3550308,True,,90,,,-23.7210675,-46.672234,,,,1,2023-06-17T16:13:53+00:00
SAO_6027-10,São Paulo,3550308,True,,90,,,-23.67898675,-46.70671325,,,,1,2023-06-17T16:13:24+00:00
SAO_6027-10,São Paulo,3550308,True,,90,,,-23.66397925,-46.709865750000006,,,,1,2023-06-17T16:14:04+00:00
SAO_3728-10,São Paulo,3550308,True,,33793,,,-23.5599445,-46.4858825,,,,2,2023-06-17T16:13:46+00:00
SAO_3728-10,São Paulo,3550308,True,,33793,,,-23.542378,-46.48379425,,,,2,2023-06-17T16:14:03+00:00
SAO_3728-10,São Paulo,3550308,True,,33793,,,-23.5433355,-46.48539675000001,,,,2,2023-06-17T16:13:45+00:00
SAO_3728-10,São Paulo,3550308,True,,33793,,,-23.5737035,-46.4903705,,,,2,2023-06-17T16:13:38+00:00
SAO_3787-10,São Paulo,3550308,True,,34380,,,-23.6022125,-46.404243,,,,2,2023-06-17T16:14:04+00:00
SAO_3787-10,São Paulo,3550308,True,,34380,,,-23.60156875,-46.398831,,,,2,2023-06-17T16:13:35+00:00
SAO_3787-10,São Paulo,3550308,True,,34380,,,-23.60186025,-46.398567,,,,2,2023-06-17T16:13:30+00:00
SAO_3787-10,São Paulo,3550308,True,,34380,,,-23.5934825,-46.4185905,,,,2,2023-06-17T16:13:30+00:00
SAO_3787-10,São Paulo,3550308,True,,34380,,,-23.60156875,-46.398831,,,,2,2023-06-17T16:13:58+00:00
SAO_3787-10,São Paulo,3550308,True,,34380,,,-23.556516,-46.446722,,,,2,2023-06-17T16:13:39+00:00
SAO_6L01-10,São Paulo,3550308,True,,1171,,,-23.881138999999997,-46.741502499999996,,,,1,2023-06-17T16:13:52+00:00
SAO_6L01-10,São Paulo,3550308,True,,1171,,,-23.791891999999997,-46.7274115,,,,1,2023-06-17T16:14:04+00:00
SAO_177Y-10,São Paulo,3550308,True,,867,,,-23.561231375,-46.687664625,,,,1,2023-06-17T16:13:48+00:00
SAO_177Y-10,São Paulo,3550308,True,,867,,,-23.528135,-46.675162,,,,1,2023-06-17T16:14:00+00:00
SAO_857A-10,São Paulo,3550308,True,,34693,,,-23.584733,-46.718515999999994,,,,2,2023-06-17T16:13:45+00:00
SAO_857A-10,São Paulo,3550308,True,,34693,,,-23.585667,-46.6529695,,,,2,2023-06-17T16:13:29+00:00
SAO_857A-10,São Paulo,3550308,True,,34693,,,-23.6312955,-46.773033999999996,,,,2,2023-06-17T16:13:41+00:00
SAO_857A-10,São Paulo,3550308,True,,34693,,,-23.631153500000003,-46.7733425,,,,2,2023-06-17T16:13:41+00:00
SAO_857A-10,São Paulo,3550308,True,,34693,,,-23.6313825,-46.77286,,,,2,2023-06-17T16:13:54+00:00
SAO_857A-10,São Paulo,3550308,True,,34693,,,-23.631173750000002,-46.77117525,,,,2,2023-06-17T16:13:52+00:00
SAO_6L11-10,São Paulo,3550308,True,,1167,,,-23.7345775,-46.694962000000004,,,,1,2023-06-17T16:13:59+00:00
SAO_6L11-10,São Paulo,3550308,True,,1167,,,-23.795744,-46.6391445,,,,1,2023-06-17T16:13:45+00:00
SAO_6L11-10,São Paulo,3550308,True,,1167,,,-23.7535935,-46.6877865,,,,1,2023-06-17T16:13:35+00:00
SAO_6038-10,São Paulo,3550308,True,,1216,,,-23.665846000000002,-46.788559,,,,1,2023-06-17T16:13:37+00:00
SAO_6038-10,São Paulo,3550308,True,,1216,,,-23.644828000000004,-46.709053250000004,,,,1,2023-06-17T16:13:59+00:00
SAO_6038-10,São Paulo,3550308,True,,1216,,,-23.660277999999998,-46.768888000000004,,,,1,2023-06-17T16:13:38+00:00
SAO_6038-10,São Paulo,3550308,True,,1216,,,-23.665846000000002,-46.788559,,,,1,2023-06-17T16:13:42+00:00
SAO_6038-10,São Paulo,3550308,True,,1216,,,-23.6578735,-46.7897725,,,,1,2023-06-17T16:13:47+00:00
SAO_6038-10,São Paulo,3550308,True,,1216,,,-23.648463,-46.7491555,,,,1,2023-06-17T16:13:52+00:00
SAO_9019-10,São Paulo,3550308,True,,1433,,,-23.4545785,-46.7102915,,,,1,2023-06-17T16:13:49+00:00
SAO_9019-10,São Paulo,3550308,True,,1433,,,-23.4829765,-46.72141825,,,,1,2023-06-17T16:13:47+00:00
SAO_9019-10,São Paulo,3550308,True,,1433,,,-23.479875,-46.713833750000006,,,,1,2023-06-17T16:13:55+00:00
SAO_9019-10,São Paulo,3550308,True,,1433,,,-23.4866665,-46.7276625,,,,1,2023-06-17T16:13:42+00:00
SAO_6232-10,São Paulo,3550308,True,STT,483,https://moovitapp.com/index/pt-br/transporte_p%C3%BAblico-line-483-Sao_Paulo-242-850661-183322-0,5.3,-23.5443185,-46.6649685,,,,1,2023-06-17T16:14:05+00:00
SAO_8594-10,São Paulo,3550308,True,,33200,,,-23.5477505,-46.641476,,,,2,2023-06-17T16:13:23+00:00
SAO_8594-10,São Paulo,3550308,True,,33200,,,-23.451815,-46.7463895,,,,2,2023-06-17T16:13:26+00:00
SAO_8594-10,São Paulo,3550308,True,,33200,,,-23.451815,-46.7463895,,,,2,2023-06-17T16:13:59+00:00
SAO_8594-10,São Paulo,3550308,True,,33200,,,-23.4488545,-46.7338295,,,,2,2023-06-17T16:13:40+00:00
SAO_8594-10,São Paulo,3550308,True,,33200,,,-23.5168675,-46.6987555,,,,2,2023-06-17T16:13:58+00:00
SAO_8594-10,São Paulo,3550308,True,,33200,,,-23.485979999999998,-46.7155745,,,,2,2023-06-17T16:13:26+00:00
SAO_121G-10,São Paulo,3550308,True,,33459,,,-23.4914625,-46.585111999999995,,,,2,2023-06-17T16:13:52+00:00
SAO_121G-10,São Paulo,3550308,True,,33459,,,-23.4810685,-46.603014,,,,2,2023-06-17T16:11:56+00:00
SAO_121G-10,São Paulo,3550308,True,,33459,,,-23.4810685,-46.603014,,,,2,2023-06-17T16:13:42+00:00
SAO_121G-10,São Paulo,3550308,True,,33459,,,-23.481364,-46.597455249999996,,,,2,2023-06-17T16:13:51+00:00
SAO_3069-10,São Paulo,3550308,True,,33752,,,-23.60662525,-46.41692075,,,,2,2023-06-17T16:13:49+00:00
SAO_3069-10,São Paulo,3550308,True,,33752,,,-23.606299749999998,-46.41697025,,,,2,2023-06-17T16:11:53+00:00
SAO_3069-10,São Paulo,3550308,True,,33752,,,-23.620041999999998,-46.438567500000005,,,,2,2023-06-17T16:13:43+00:00
SAO_3069-10,São Paulo,3550308,True,,33752,,,-23.60662525,-46.41692075,,,,2,2023-06-17T16:13:33+00:00
SAO_3069-10,São Paulo,3550308,True,,33752,,,-23.61471125,-46.470661750000005,,,,2,2023-06-17T16:13:34+00:00
SAO_3069-10,São Paulo,3550308,True,,33752,,,-23.60662525,-46.41692075,,,,2,2023-06-17T16:13:47+00:00
SAO_6L05-10,São Paulo,3550308,True,,33941,,,-23.832611,-46.7228125,,,,2,2023-06-17T16:13:32+00:00
SAO_6L05-10,São Paulo,3550308,True,,33941,,,-23.870922999999998,-46.660081000000005,,,,2,2023-06-17T16:13:20+00:00
SAO_6039-10,São Paulo,3550308,True,,1217,,,-23.642044249999998,-46.712233499999996,,,,1,2023-06-17T16:13:59+00:00
SAO_6039-10,São Paulo,3550308,True,,1217,,,-23.6860325,-46.8009515,,,,1,2023-06-17T16:13:39+00:00
SAO_6039-10,São Paulo,3550308,True,,1217,,,-23.6860325,-46.8009515,,,,1,2023-06-17T16:13:30+00:00
SAO_6039-10,São Paulo,3550308,True,,1217,,,-23.6517585,-46.75778675,,,,1,2023-06-17T16:13:53+00:00
SAO_3027-10,São Paulo,3550308,True,,963,,,-23.5431935,-46.4152505,,,,1,2023-06-17T16:13:39+00:00
SAO_3027-10,São Paulo,3550308,True,,963,,,-23.5431935,-46.4152505,,,,1,2023-06-17T16:13:38+00:00
SAO_3027-10,São Paulo,3550308,True,,963,,,-23.5431935,-46.4152505,,,,1,2023-06-17T16:13:56+00:00
SAO_3027-10,São Paulo,3550308,True,,963,,,-23.5431935,-46.4152505,,,,1,2023-06-17T16:13:55+00:00
SAO_3027-10,São Paulo,3550308,True,,963,,,-23.574316875,-46.47612875,,,,1,2023-06-17T16:13:56+00:00
SAO_3027-10,São Paulo,3550308,True,,963,,,-23.5431935,-46.4152505,,,,1,2023-06-17T16:13:36+00:00
SAO_3027-10,São Paulo,3550308,True,,963,,,-23.563701000000002,-46.505339,,,,1,2023-06-17T16:13:27+00:00
SAO_3027-10,São Paulo,3550308,True,,963,,,-23.555035,-46.442637,,,,1,2023-06-17T16:13:36+00:00
SAO_7002-10,São Paulo,3550308,True,,772,,,-23.5900615,-46.770019500000004,,,,1,2023-06-17T16:13:26+00:00
SAO_7002-10,São Paulo,3550308,True,,772,,,-23.594915,-46.760886,,,,1,2023-06-17T16:13:37+00:00
SAO_7002-10,São Paulo,3550308,True,,772,,,-23.57961625,-46.728486000000004,,,,1,2023-06-17T16:13:58+00:00
SAO_7002-10,São Paulo,3550308,True,,772,,,-23.5664515,-46.69234125,,,,1,2023-06-17T16:14:02+00:00
SAO_3002-10,São Paulo,3550308,True,,1808,,,-23.514332500000002,-46.3800935,,,,1,2023-06-17T16:13:42+00:00
SAO_3002-10,São Paulo,3550308,True,,1808,,,-23.510468,-46.378808,,,,1,2023-06-17T16:13:29+00:00
SAO_3002-10,São Paulo,3550308,True,,1808,,,-23.49796775,-46.43229475,,,,1,2023-06-17T16:12:23+00:00
SAO_3002-10,São Paulo,3550308,True,,1808,,,-23.4950305,-46.410520500000004,,,,1,2023-06-17T16:13:59+00:00
SAO_2767-10,São Paulo,3550308,True,EMTU,241,https://moovitapp.com/index/pt-br/transporte_p%C3%BAblico-line-241-Sao_Paulo-242-2038937-36419354-0,5.15,-23.498193625000003,-46.479074749999995,,,,1,2023-06-17T16:14:05+00:00
SAO_374M-10,São Paulo,3550308,True,,34733,,,-23.51850825,-46.511503250000004,,,,2,2023-06-17T16:14:06+00:00
SAO_374M-10,São Paulo,3550308,True,,34733,,,-23.50224,-46.49399625,,,,2,2023-06-17T16:13:00+00:00
SAO_374M-10,São Paulo,3550308,True,,34733,,,-23.48555,-46.48161125,,,,2,2023-06-17T16:13:22+00:00
SAO_8043-10,São Paulo,3550308,True,,407,,,-23.47551,-46.756638499999994,,,,1,2023-06-17T16:14:03+00:00
SAO_8043-10,São Paulo,3550308,True,,407,,,-23.5224075,-46.706997,,,,1,2023-06-17T16:13:50+00:00
SAO_5109-10,São Paulo,3550308,True,,34619,,,-23.585876,-46.598912999999996,,,,2,2023-06-17T16:13:58+00:00
SAO_5109-10,São Paulo,3550308,True,,34619,,,-23.547353,-46.6287365,,,,2,2023-06-17T16:13:38+00:00
SAO_5109-10,São Paulo,3550308,True,,34619,,,-23.584915000000002,-46.5832275,,,,2,2023-06-17T16:13:38+00:00
SAO_5109-10,São Paulo,3550308,True,,34619,,,-23.547353,-46.6287365,,,,2,2023-06-17T16:13:51+00:00
SAO_2012-10,São Paulo,3550308,True,,35049,,,-23.4886805,-46.582163,,,,2,2023-06-17T16:13:54+00:00
SAO_407P-10,São Paulo,3550308,True,,2200,,,-23.5329355,-46.4989975,,,,1,2023-06-17T16:13:37+00:00
SAO_407P-10,São Paulo,3550308,True,,2200,,,-23.542913,-46.410281999999995,,,,1,2023-06-17T16:13:46+00:00
SAO_407P-10,São Paulo,3550308,True,,2200,,,-23.5279765,-46.4463045,,,,1,2023-06-17T16:14:00+00:00
SAO_574W-10,São Paulo,3550308,True,,34397,,,-23.5806235,-46.518245500000006,,,,2,2023-06-17T16:13:59+00:00
SAO_574W-10,São Paulo,3550308,True,,34397,,,-23.5460925,-46.586459500000004,,,,2,2023-06-17T16:13:55+00:00
SAO_574W-10,São Paulo,3550308,True,,34397,,,-23.56428,-46.548119,,,,2,2023-06-17T16:13:39+00:00
SAO_574W-10,São Paulo,3550308,True,,34397,,,-23.615775499999998,-46.488022,,,,2,2023-06-17T16:13:45+00:00
SAO_574W-10,São Paulo,3550308,True,,34397,,,-23.6141375,-46.4959975,,,,2,2023-06-17T16:14:08+00:00
SAO_574W-10,São Paulo,3550308,True,,34397,,,-23.58862275,-46.5200435,,,,2,2023-06-17T16:13:50+00:00
SAO_4020-10,São Paulo,3550308,True,,35298,,,-23.534503,-46.453302,,,,2,2023-06-17T16:13:33+00:00
SAO_4020-10,São Paulo,3550308,True,,35298,,,-23.5531365,-46.445943,,,,2,2023-06-17T16:13:26+00:00
SAO_8030-10,São Paulo,3550308,True,,35330,,,-23.6091875,-46.7349495,,,,2,2023-06-17T16:13:36+00:00
SAO_8030-10,São Paulo,3550308,True,,35330,,,-23.598322000000003,-46.733048,,,,2,2023-06-17T16:13:32+00:00
SAO_4028-10,São Paulo,3550308,True,,1098,,,-23.644063,-46.446558499999995,,,,1,2023-06-17T16:13:30+00:00
SAO_4028-10,São Paulo,3550308,True,,1098,,,-23.611480999999998,-46.476130999999995,,,,1,2023-06-17T16:13:33+00:00
SAO_6035-21,São Paulo,3550308,True,,1795,,,-23.727862000000002,-46.7633135,,,,1,2023-06-17T16:13:59+00:00
SAO_6035-21,São Paulo,3550308,True,,1795,,,-23.720715499999997,-46.755851,,,,1,2023-06-17T16:13:57+00:00
SAO_6035-21,São Paulo,3550308,True,,1795,,,-23.674203249999998,-46.73731925,,,,1,2023-06-17T16:14:00+00:00
SAO_6035-21,São Paulo,3550308,True,,1795,,,-23.693534999999997,-46.762225,,,,1,2023-06-17T16:13:26+00:00
SAO_1756-10,São Paulo,3550308,True,,33315,,,-23.497078000000002,-46.6273925,,,,2,2023-06-17T16:13:36+00:00
SAO_1756-10,São Paulo,3550308,True,,33315,,,-23.466049875,-46.651393500000005,,,,2,2023-06-17T16:13:37+00:00
SAO_1756-10,São Paulo,3550308,True,,33315,,,-23.458094,-46.642975500000006,,,,2,2023-06-17T16:14:03+00:00
SAO_1756-10,São Paulo,3550308,True,,33315,,,-23.4580645,-46.6433105,,,,2,2023-06-17T16:13:29+00:00
SAO_3029-10,São Paulo,3550308,True,,966,,,-23.580184,-46.5082405,,,,1,2023-06-17T16:12:50+00:00
SAO_3029-10,São Paulo,3550308,True,,966,,,-23.542620499999998,-46.5481845,,,,1,2023-06-17T16:13:52+00:00
SAO_3029-10,São Paulo,3550308,True,,966,,,-23.544090500000003,-46.572159,,,,1,2023-06-17T16:13:59+00:00
SAO_342N-10,São Paulo,3550308,True,,33771,,,-23.5611935,-46.416945,,,,2,2023-06-17T16:13:36+00:00
SAO_342N-10,São Paulo,3550308,True,,33771,,,-23.564736,-46.3972185,,,,2,2023-06-17T16:13:43+00:00
SAO_342N-10,São Paulo,3550308,True,,33771,,,-23.5629515,-46.3946025,,,,2,2023-06-17T16:13:41+00:00
SAO_342N-10,São Paulo,3550308,True,,33771,,,-23.5628445,-46.3949135,,,,2,2023-06-17T16:13:48+00:00
SAO_6006-10,São Paulo,3550308,True,,32943,,,-23.664663500000003,-46.69089700000001,,,,2,2023-06-17T16:13:58+00:00
SAO_6006-10,São Paulo,3550308,True,,32943,,,-23.6797465,-46.7529795,,,,2,2023-06-17T16:13:59+00:00
SAO_6006-10,São Paulo,3550308,True,,32943,,,-23.667364,-46.680078,,,,2,2023-06-17T16:13:51+00:00
SAO_6006-10,São Paulo,3550308,True,,32943,,,-23.685114499999997,-46.752061499999996,,,,2,2023-06-17T16:11:10+00:00
SAO_6006-10,São Paulo,3550308,True,,32943,,,-23.662539625,-46.706812,,,,2,2023-06-17T16:13:43+00:00
SAO_6258-10,São Paulo,3550308,True,,1232,,,-23.671987,-46.73451,,,,1,2023-06-17T16:13:55+00:00
SAO_6258-10,São Paulo,3550308,True,,1232,,,-23.660970499999998,-46.7048475,,,,1,2023-06-17T16:13:27+00:00
SAO_6258-10,São Paulo,3550308,True,,1232,,,-23.691460499999998,-46.746868500000005,,,,1,2023-06-17T16:13:41+00:00
SAO_6258-10,São Paulo,3550308,True,,1232,,,-23.691460499999998,-46.746868500000005,,,,1,2023-06-17T16:14:00+00:00
SAO_4286-10,São Paulo,3550308,True,,326,,,-23.587025999999998,-46.58331225,,,,1,2023-06-17T16:13:50+00:00
SAO_342C-10,São Paulo,3550308,True,,1002,,,-23.542735,-46.4976915,,,,1,2023-06-17T16:13:26+00:00
SAO_342C-10,São Paulo,3550308,True,,1002,,,-23.527199500000002,-46.526608124999996,,,,1,2023-06-17T16:13:28+00:00
SAO_2730-10,São Paulo,3550308,True,Urubupungá,945,https://moovitapp.com/index/pt-br/transporte_p%C3%BAblico-line-945-Sao_Paulo-242-873835-75841138-0,4.6,-23.506411,-46.449318500000004,,,,1,2023-06-17T16:13:55+00:00
SAO_2730-10,São Paulo,3550308,True,Urubupungá,945,https://moovitapp.com/index/pt-br/transporte_p%C3%BAblico-line-945-Sao_Paulo-242-873835-75841138-0,4.6,-23.5401805,-46.483284,,,,1,2023-06-17T16:13:53+00:00
SAO_2730-10,São Paulo,3550308,True,Urubupungá,945,https://moovitapp.com/index/pt-br/transporte_p%C3%BAblico-line-945-Sao_Paulo-242-873835-75841138-0,4.6,-23.527811999999997,-46.4744165,,,,1,2023-06-17T16:13:23+00:00
SAO_2730-10,São Paulo,3550308,True,Urubupungá,945,https://moovitapp.com/index/pt-br/transporte_p%C3%BAblico-line-945-Sao_Paulo-242-873835-75841138-0,4.6,-23.5108695,-46.4620195,,,,1,2023-06-17T16:14:03+00:00
SAO_1156-10,São Paulo,3550308,True,,33427,,,-23.48941525,-46.571597749999995,,,,2,2023-06-17T16:12:47+00:00
SAO_1156-10,São Paulo,3550308,True,,33427,,,-23.486996,-46.568324000000004,,,,2,2023-06-17T16:13:36+00:00
SAO_1156-10,São Paulo,3550308,True,,33427,,,-23.487218,-46.568332,,,,2,2023-06-17T16:09:00+00:00
SAO_1156-10,São Paulo,3550308,True,,33427,,,-23.5261585,-46.629774,,,,2,2023-06-17T16:13:28+00:00
SAO_1156-10,São Paulo,3550308,True,,33427,,,-23.5254275,-46.626132,,,,2,2023-06-17T16:13:10+00:00
SAO_5141-10,São Paulo,3550308,True,,34393,,,-23.606095500000002,-46.5080715,,,,2,2023-06-17T16:14:00+00:00
SAO_5141-10,São Paulo,3550308,True,,34393,,,-23.54878825,-46.58959825,,,,2,2023-06-17T16:13:33+00:00
SAO_5141-10,São Paulo,3550308,True,,34393,,,-23.614544,-46.500679,,,,2,2023-06-17T16:13:53+00:00
SAO_809H-10,São Paulo,3550308,True,,2245,,,-23.52336325,-46.70184125,,,,1,2023-06-17T16:13:58+00:00
SAO_809H-10,São Paulo,3550308,True,,2245,,,-23.550092562499998,-46.7390546875,,,,1,2023-06-17T16:13:58+00:00
SAO_809H-10,São Paulo,3550308,True,,2245,,,-23.583437500000002,-46.78411199999999,,,,1,2023-06-17T16:13:49+00:00
SAO_2019-10,São Paulo,3550308,True,,905,,,-23.530656,-46.4955115,,,,1,2023-06-17T16:14:04+00:00
SAO_5111-10,São Paulo,3550308,True,,32816,,,-23.6541295,-46.712835999999996,,,,2,2023-06-17T16:13:30+00:00
SAO_5111-10,São Paulo,3550308,True,,32816,,,-23.560762,-46.643633625,,,,2,2023-06-17T16:13:27+00:00
SAO_5111-10,São Paulo,3550308,True,,32816,,,-23.5973915,-46.6739855,,,,2,2023-06-17T16:14:07+00:00
SAO_6014-10,São Paulo,3550308,True,,188,,,-23.667133,-46.724996,,,,1,2023-06-17T16:13:44+00:00
SAO_6014-10,São Paulo,3550308,True,,188,,,-23.7420645,-46.8001675,,,,1,2023-06-17T16:13:47+00:00
SAO_6014-10,São Paulo,3550308,True,,188,,,-23.6997605,-46.7805055,,,,1,2023-06-17T16:13:59+00:00
SAO_6014-10,São Paulo,3550308,True,,188,,,-23.74382475,-46.801067,,,,1,2023-06-17T16:13:49+00:00
SAO_6014-10,São Paulo,3550308,True,,188,,,-23.677301,-46.7595535,,,,1,2023-06-17T16:14:03+00:00
SAO_6014-10,São Paulo,3550308,True,,188,,,-23.69138175,-46.77535775,,,,1,2023-06-17T16:13:36+00:00
SAO_6045-10,São Paulo,3550308,True,,1222,,,-23.69435,-46.794564,,,,1,2023-06-17T16:13:47+00:00
SAO_6045-10,São Paulo,3550308,True,,1222,,,-23.685538,-46.8005675,,,,1,2023-06-17T16:13:57+00:00
SAO_6045-10,São Paulo,3550308,True,,1222,,,-23.672192000000003,-46.773357000000004,,,,1,2023-06-17T16:13:40+00:00
SAO_6045-10,São Paulo,3550308,True,,1222,,,-23.6990275,-46.7964265,,,,1,2023-06-17T16:13:50+00:00
SAO_6045-10,São Paulo,3550308,True,,1222,,,-23.6517585,-46.75778675,,,,1,2023-06-17T16:13:38+00:00
SAO_6045-10,São Paulo,3550308,True,,1222,,,-23.64171,-46.714648,,,,1,2023-06-17T16:13:38+00:00
SAO_6045-10,São Paulo,3550308,True,,1222,,,-23.697025,-46.793467,,,,1,2023-06-17T16:13:58+00:00
SAO_6045-10,São Paulo,3550308,True,,1222,,,-23.6498405,-46.707801,,,,1,2023-06-17T16:13:57+00:00
SAO_6045-10,São Paulo,3550308,True,,1222,,,-23.69435,-46.794564,,,,1,2023-06-17T16:14:01+00:00
SAO_6045-10,São Paulo,3550308,True,,1222,,,-23.6945445,-46.794182,,,,1,2023-06-17T16:13:38+00:00
SAO_1012-10,São Paulo,3550308,True,,35254,,,-23.4324985,-46.7870395,,,,2,2023-06-17T16:13:31+00:00
SAO_1012-10,São Paulo,3550308,True,,35254,,,-23.444295,-46.799409,,,,2,2023-06-17T16:13:29+00:00
SAO_1012-10,São Paulo,3550308,True,,35254,,,-23.4300815,-46.79488875,,,,2,2023-06-17T16:13:28+00:00
SAO_477P-10,São Paulo,3550308,True,EMTU,348,https://moovitapp.com/index/pt-br/transporte_p%C3%BAblico-line-348-Sao_Paulo-242-2038937-36419431-0,5.1,-23.602872875000003,-46.625501375,,,,1,2023-06-17T16:14:05+00:00
SAO_477P-10,São Paulo,3550308,True,EMTU,348,https://moovitapp.com/index/pt-br/transporte_p%C3%BAblico-line-348-Sao_Paulo-242-2038937-36419431-0,5.1,-23.5773965,-46.7651975,,,,1,2023-06-17T16:13:42+00:00
SAO_477P-10,São Paulo,3550308,True,EMTU,348,https://moovitapp.com/index/pt-br/transporte_p%C3%BAblico-line-348-Sao_Paulo-242-2038937-36419431-0,5.1,-23.6096285,-46.663302375,,,,1,2023-06-17T16:13:35+00:00
SAO_5106-21,São Paulo,3550308,True,,34740,,,-23.6271395,-46.6420205,,,,2,2023-06-17T16:13:53+00:00
SAO_5106-21,São Paulo,3550308,True,,34740,,,-23.693209500000002,-46.658558,,,,2,2023-06-17T16:13:48+00:00
SAO_5106-21,São Paulo,3550308,True,,34740,,,-23.6852145,-46.653948,,,,2,2023-06-17T16:13:54+00:00
SAO_5106-21,São Paulo,3550308,True,,34740,,,-23.609797,-46.669374499999996,,,,2,2023-06-17T16:14:04+00:00
SAO_5106-21,São Paulo,3550308,True,,34740,,,-23.6848065,-46.653604,,,,2,2023-06-17T16:13:51+00:00
SAO_5106-21,São Paulo,3550308,True,,34740,,,-23.60643825,-46.693220499999995,,,,2,2023-06-17T16:13:33+00:00
SAO_5106-21,São Paulo,3550308,True,,34740,,,-23.669418,-46.6333425,,,,2,2023-06-17T16:11:05+00:00
SAO_6035-10,São Paulo,3550308,True,,1213,,,-23.703879,-46.7838305,,,,1,2023-06-17T16:13:42+00:00
SAO_6035-10,São Paulo,3550308,True,,1213,,,-23.7275195,-46.760801,,,,1,2023-06-17T16:13:46+00:00
SAO_6035-10,São Paulo,3550308,True,,1213,,,-23.694651,-46.779804999999996,,,,1,2023-06-17T16:13:25+00:00
SAO_6035-10,São Paulo,3550308,True,,1213,,,-23.667816000000002,-46.7312965,,,,1,2023-06-17T16:13:43+00:00
SAO_6035-10,São Paulo,3550308,True,,1213,,,-23.670257,-46.738209499999996,,,,1,2023-06-17T16:14:00+00:00
SAO_8055-10,São Paulo,3550308,True,,414,,,-23.404514499999998,-46.750399,,,,1,2023-06-17T16:14:05+00:00
SAO_8055-10,São Paulo,3550308,True,,414,,,-23.5196365,-46.723121,,,,1,2023-06-17T16:13:30+00:00
SAO_8055-10,São Paulo,3550308,True,,414,,,-23.408895,-46.74034,,,,1,2023-06-17T16:13:58+00:00
SAO_2032-10,São Paulo,3550308,True,,2266,,,-23.4842545,-46.573038499999996,,,,1,2023-06-17T16:13:31+00:00
SAO_2032-10,São Paulo,3550308,True,,2266,,,-23.4842545,-46.573038499999996,,,,1,2023-06-17T16:14:06+00:00
SAO_2032-10,São Paulo,3550308,True,,2266,,,-23.501680999999998,-46.6125295,,,,1,2023-06-17T16:13:36+00:00
SAO_707A-10,São Paulo,3550308,True,,1990,,,-23.642437375,-46.698828999999996,,,,1,2023-06-17T16:13:42+00:00
SAO_707A-10,São Paulo,3550308,True,,1990,,,-23.604546875,-46.66206725,,,,1,2023-06-17T16:14:02+00:00
SAO_707A-10,São Paulo,3550308,True,,1990,,,-23.680186499999998,-46.7648305,,,,1,2023-06-17T16:13:35+00:00
SAO_707A-10,São Paulo,3550308,True,,1990,,,-23.610462,-46.6455585,,,,1,2023-06-17T16:13:50+00:00
SAO_707A-10,São Paulo,3550308,True,,1990,,,-23.67732,-46.7599855,,,,1,2023-06-17T16:10:14+00:00
SAO_273D-10,São Paulo,3550308,True,,32990,,,-23.523424125,-46.4093115,,,,2,2023-06-17T16:13:47+00:00
SAO_273D-10,São Paulo,3550308,True,,32990,,,-23.521214999999998,-46.41099,,,,2,2023-06-17T16:13:38+00:00
SAO_273D-10,São Paulo,3550308,True,,32990,,,-23.51396125,-46.4490805,,,,2,2023-06-17T16:12:37+00:00
SAO_273D-10,São Paulo,3550308,True,,32990,,,-23.5093165,-46.411480499999996,,,,2,2023-06-17T16:13:35+00:00
SAO_6805-31,São Paulo,3550308,True,,1788,,,-23.66001575,-46.74514225,,,,1,2023-06-17T16:13:33+00:00
SAO_6805-31,São Paulo,3550308,True,,1788,,,-23.6438925,-46.733481999999995,,,,1,2023-06-17T16:13:33+00:00
SAO_3736-10,São Paulo,3550308,True,,1036,,,-23.575533,-46.4834125,,,,1,2023-06-17T16:13:57+00:00
SAO_3736-10,São Paulo,3550308,True,,1036,,,-23.553718,-46.4843295,,,,1,2023-06-17T16:13:51+00:00
SAO_3736-10,São Paulo,3550308,True,,1036,,,-23.575533,-46.4834125,,,,1,2023-06-17T16:13:45+00:00
SAO_3736-10,São Paulo,3550308,True,,1036,,,-23.575533,-46.4834125,,,,1,2023-06-17T16:14:01+00:00
SAO_3736-10,São Paulo,3550308,True,,1036,,,-23.575533,-46.4834125,,,,1,2023-06-17T16:13:25+00:00
SAO_3736-10,São Paulo,3550308,True,,1036,,,-23.5610385,-46.47443675,,,,1,2023-06-17T16:13:52+00:00
SAO_3736-10,São Paulo,3550308,True,,1036,,,-23.542085,-46.483832,,,,1,2023-06-17T16:13:49+00:00
SAO_3736-10,São Paulo,3550308,True,,1036,,,-23.575533,-46.4834125,,,,1,2023-06-17T16:13:52+00:00
SAO_5759-10,São Paulo,3550308,True,,1138,,,-23.6357005,-46.6410195,,,,1,2023-06-17T16:13:59+00:00
SAO_5759-10,São Paulo,3550308,True,,1138,,,-23.676630250000002,-46.65940825,,,,1,2023-06-17T16:14:01+00:00
SAO_5759-10,São Paulo,3550308,True,,1138,,,-23.659557,-46.6617575,,,,1,2023-06-17T16:13:58+00:00
SAO_5759-10,São Paulo,3550308,True,,1138,,,-23.691144875,-46.6439405,,,,1,2023-06-17T16:13:49+00:00
SAO_314V-10,São Paulo,3550308,True,,33079,,,-23.5784735,-46.609536,,,,2,2023-06-17T16:14:06+00:00
SAO_314V-10,São Paulo,3550308,True,,33079,,,-23.584495,-46.546667,,,,2,2023-06-17T16:13:56+00:00
SAO_314V-10,São Paulo,3550308,True,,33079,,,-23.587554,-46.54402975,,,,2,2023-06-17T16:13:41+00:00
SAO_5318-10,São Paulo,3550308,True,,32813,,,-23.6646575,-46.753386,,,,2,2023-06-17T16:13:29+00:00
SAO_5318-10,São Paulo,3550308,True,,32813,,,-23.664060499999998,-46.737145,,,,2,2023-06-17T16:13:48+00:00
SAO_5318-10,São Paulo,3550308,True,,32813,,,-23.664981,-46.753156000000004,,,,2,2023-06-17T16:13:48+00:00
SAO_5318-10,São Paulo,3550308,True,,32813,,,-23.6053345,-46.663955,,,,2,2023-06-17T16:13:46+00:00
SAO_5318-10,São Paulo,3550308,True,,32813,,,-23.664875000000002,-46.753225,,,,2,2023-06-17T16:13:54+00:00
SAO_2016-10,São Paulo,3550308,True,,33670,,,-23.50372375,-46.376094249999994,,,,2,2023-06-17T16:13:46+00:00
SAO_2016-10,São Paulo,3550308,True,,33670,,,-23.503359250000003,-46.375994750000004,,,,2,2023-06-17T16:09:36+00:00
SAO_2016-10,São Paulo,3550308,True,,33670,,,-23.49488375,-46.4401655,,,,2,2023-06-17T16:12:50+00:00
SAO_2016-10,São Paulo,3550308,True,,33670,,,-23.49551025,-46.37769125,,,,2,2023-06-17T16:14:05+00:00
SAO_2016-10,São Paulo,3550308,True,,33670,,,-23.495561000000002,-46.403802999999996,,,,2,2023-06-17T16:13:31+00:00
SAO_4027-10,São Paulo,3550308,True,,33865,,,-23.602150625,-46.482904125,,,,2,2023-06-17T16:13:41+00:00
SAO_4027-10,São Paulo,3550308,True,,33865,,,-23.590531374999998,-46.4879575,,,,2,2023-06-17T16:13:31+00:00
SAO_4027-10,São Paulo,3550308,True,,33865,,,-23.626632999999998,-46.446732499999996,,,,2,2023-06-17T16:14:07+00:00
SAO_4027-10,São Paulo,3550308,True,,33865,,,-23.6209245,-46.453725500000004,,,,2,2023-06-17T16:13:31+00:00
SAO_4027-10,São Paulo,3550308,True,,33865,,,-23.608188,-46.478106499999996,,,,2,2023-06-17T16:13:40+00:00
SAO_6061-10,São Paulo,3550308,True,,33918,,,-23.7822775,-46.681824,,,,2,2023-06-17T16:13:50+00:00
SAO_6061-10,São Paulo,3550308,True,,33918,,,-23.762890499999997,-46.6953845,,,,2,2023-06-17T16:13:49+00:00
SAO_4708-10,São Paulo,3550308,True,EMTU,332,https://moovitapp.com/index/pt-br/transporte_p%C3%BAblico-line-332-Sao_Paulo-242-2038937-36419418-0,4.5,-23.59388825,-46.629123,,,,1,2023-06-17T16:14:06+00:00
SAO_211V-10,São Paulo,3550308,True,EMTU,154,https://moovitapp.com/index/pt-br/transporte_p%C3%BAblico-line-154-Sao_Paulo-242-2038937-36419300-0,6.8,-23.486941625,-46.470838375,,,,1,2023-06-17T16:13:14+00:00
SAO_702U-22,São Paulo,3550308,True,,2581,,,-23.564203250000002,-46.677643,,,,1,2023-06-17T16:14:02+00:00
SAO_702U-22,São Paulo,3550308,True,,2581,,,-23.571887,-46.7083135,,,,1,2023-06-17T16:13:41+00:00
SAO_702U-22,São Paulo,3550308,True,,2581,,,-23.571887,-46.7083135,,,,1,2023-06-17T16:13:45+00:00
SAO_702U-22,São Paulo,3550308,True,,2581,,,-23.551023999999998,-46.6345835,,,,1,2023-06-17T16:13:42+00:00
SAO_6048-10,São Paulo,3550308,True,BR7 Mobilidade,56,https://moovitapp.com/index/pt-br/transporte_p%C3%BAblico-line-56-Sao_Paulo-242-851856-518592-0,5.75,-23.6805215,-46.769168500000006,,,,1,2023-06-17T16:13:27+00:00
SAO_6048-10,São Paulo,3550308,True,BR7 Mobilidade,56,https://moovitapp.com/index/pt-br/transporte_p%C3%BAblico-line-56-Sao_Paulo-242-851856-518592-0,5.75,-23.64951,-46.7071935,,,,1,2023-06-17T16:13:54+00:00
SAO_6048-10,São Paulo,3550308,True,BR7 Mobilidade,56,https://moovitapp.com/index/pt-br/transporte_p%C3%BAblico-line-56-Sao_Paulo-242-851856-518592-0,5.75,-23.6637095,-46.76981,,,,1,2023-06-17T16:14:07+00:00
SAO_8549-10,São Paulo,3550308,True,,33348,,,-23.436301125,-46.716888125,,,,2,2023-06-17T16:13:52+00:00
SAO_8549-10,São Paulo,3550308,True,,33348,,,-23.436301125,-46.716888125,,,,2,2023-06-17T16:13:48+00:00
SAO_8549-10,São Paulo,3550308,True,,33348,,,-23.5364965,-46.650567249999995,,,,2,2023-06-17T16:13:33+00:00
SAO_8549-10,São Paulo,3550308,True,,33348,,,-23.539440749999997,-46.645388249999996,,,,2,2023-06-17T16:13:49+00:00
SAO_8549-10,São Paulo,3550308,True,,33348,,,-23.453288999999998,-46.696926,,,,2,2023-06-17T16:13:59+00:00
SAO_178Y-10,São Paulo,3550308,True,,33636,,,-23.4632345,-46.641206999999994,,,,2,2023-06-17T16:13:25+00:00
SAO_178Y-10,São Paulo,3550308,True,,33636,,,-23.4632755,-46.6415015,,,,2,2023-06-17T16:13:54+00:00
SAO_178Y-10,São Paulo,3550308,True,,33636,,,-23.491414,-46.617603,,,,2,2023-06-17T16:13:37+00:00
SAO_178Y-10,São Paulo,3550308,True,,33636,,,-23.474215,-46.6366125,,,,2,2023-06-17T16:13:35+00:00
SAO_178Y-10,São Paulo,3550308,True,,33636,,,-23.4815495,-46.627254,,,,2,2023-06-17T16:14:04+00:00
SAO_1730-10,São Paulo,3550308,True,,865,,,-23.518098,-46.61848275,,,,1,2023-06-17T16:13:47+00:00
SAO_8194-10,São Paulo,3550308,True,,33573,,,-23.414789,-46.7535685,,,,2,2023-06-17T16:13:31+00:00
SAO_8194-10,São Paulo,3550308,True,,33573,,,-23.4359765,-46.714293999999995,,,,2,2023-06-17T16:13:47+00:00
SAO_8194-10,São Paulo,3550308,True,,33573,,,-23.4746105,-46.669987000000006,,,,2,2023-06-17T16:13:56+00:00
SAO_8194-10,São Paulo,3550308,True,,33573,,,-23.4132605,-46.7545275,,,,2,2023-06-17T16:13:45+00:00
SAO_8194-10,São Paulo,3550308,True,,33573,,,-23.453497,-46.699073,,,,2,2023-06-17T16:13:47+00:00
SAO_8194-10,São Paulo,3550308,True,,33573,,,-23.4746105,-46.669987000000006,,,,2,2023-06-17T16:13:25+00:00
SAO_8194-10,São Paulo,3550308,True,,33573,,,-23.4746105,-46.669987000000006,,,,2,2023-06-17T16:13:22+00:00
SAO_8194-10,São Paulo,3550308,True,,33573,,,-23.463973,-46.68045425,,,,2,2023-06-17T16:13:49+00:00
SAO_6039-10,São Paulo,3550308,True,,33985,,,-23.6521395,-46.707904,,,,2,2023-06-17T16:13:47+00:00
SAO_6039-10,São Paulo,3550308,True,,33985,,,-23.685768,-46.8012385,,,,2,2023-06-17T16:14:08+00:00
SAO_6039-10,São Paulo,3550308,True,,33985,,,-23.64552775,-46.722734249999995,,,,2,2023-06-17T16:13:46+00:00
SAO_809L-10,São Paulo,3550308,True,,1949,,,-23.625841,-46.765586,,,,1,2023-06-17T16:13:55+00:00
SAO_809L-10,São Paulo,3550308,True,,1949,,,-23.6323625,-46.7722555,,,,1,2023-06-17T16:13:52+00:00
SAO_809L-10,São Paulo,3550308,True,,1949,,,-23.6131625,-46.7551425,,,,1,2023-06-17T16:14:05+00:00
SAO_809L-10,São Paulo,3550308,True,,1949,,,-23.574474,-46.710913500000004,,,,1,2023-06-17T16:14:04+00:00
SAO_809L-10,São Paulo,3550308,True,,1949,,,-23.540110499999997,-46.705622500000004,,,,1,2023-06-17T16:13:48+00:00
SAO_4221-10,São Paulo,3550308,True,,33093,,,-23.576575624999997,-46.592876499999996,,,,2,2023-06-17T16:14:05+00:00
SAO_4221-10,São Paulo,3550308,True,,33093,,,-23.563609999999997,-46.612081,,,,2,2023-06-17T16:14:07+00:00
SAO_374V-10,São Paulo,3550308,True,,34415,,,-23.5110345,-46.4547195,,,,2,2023-06-17T16:13:43+00:00
SAO_374V-10,São Paulo,3550308,True,,34415,,,-23.5116805,-46.454798749999995,,,,2,2023-06-17T16:13:33+00:00
SAO_374V-10,São Paulo,3550308,True,,34415,,,-23.527654749999996,-46.4550565,,,,2,2023-06-17T16:13:29+00:00
SAO_4012-10,São Paulo,3550308,True,,2185,,,-23.618890999999998,-46.4608595,,,,1,2023-06-17T16:14:04+00:00
SAO_6042-21,São Paulo,3550308,True,,1775,,,-23.67380325,-46.7689855,,,,1,2023-06-17T16:13:57+00:00
SAO_3031-10,São Paulo,3550308,True,,33735,,,-23.57804675,-46.44340625,,,,2,2023-06-17T16:13:42+00:00
SAO_3031-10,São Paulo,3550308,True,,33735,,,-23.6126845,-46.4445915,,,,2,2023-06-17T16:13:54+00:00
SAO_3031-10,São Paulo,3550308,True,,33735,,,-23.607758,-46.4477575,,,,2,2023-06-17T16:13:40+00:00
SAO_3031-10,São Paulo,3550308,True,,33735,,,-23.6126845,-46.4445915,,,,2,2023-06-17T16:13:39+00:00
SAO_6836-10,São Paulo,3550308,True,BR7 Mobilidade,13,https://moovitapp.com/index/pt-br/transporte_p%C3%BAblico-line-13-Sao_Paulo-242-851856-705937-0,5.75,-23.669992999999998,-46.756699499999996,,,,1,2023-06-17T16:13:57+00:00
SAO_4092-10,São Paulo,3550308,True,,34644,,,-23.580721500000003,-46.4170975,,,,2,2023-06-17T16:13:49+00:00
SAO_4092-10,São Paulo,3550308,True,,34644,,,-23.5830225,-46.4086875,,,,2,2023-06-17T16:13:39+00:00
SAO_957T-10,São Paulo,3550308,True,,464,,,-23.504914499999998,-46.6900215,,,,1,2023-06-17T16:14:04+00:00
SAO_957T-10,São Paulo,3550308,True,,464,,,-23.59600375,-46.691593,,,,1,2023-06-17T16:14:00+00:00
SAO_178Y-10,São Paulo,3550308,True,,868,,,-23.471645000000002,-46.6345525,,,,1,2023-06-17T16:13:41+00:00
SAO_178Y-10,São Paulo,3550308,True,,868,,,-23.464938,-46.636599000000004,,,,1,2023-06-17T16:13:33+00:00
SAO_178Y-10,São Paulo,3550308,True,,868,,,-23.484934125000002,-46.626127249999996,,,,1,2023-06-17T16:13:28+00:00
SAO_273D-10,São Paulo,3550308,True,,222,,,-23.4960715,-46.411206,,,,1,2023-06-17T16:13:36+00:00
SAO_273D-10,São Paulo,3550308,True,,222,,,-23.539938499999998,-46.482815,,,,1,2023-06-17T16:13:52+00:00
SAO_5036-10,São Paulo,3550308,True,,34434,,,-23.603310999999998,-46.6028315,,,,2,2023-06-17T16:13:19+00:00
SAO_5036-10,São Paulo,3550308,True,,34434,,,-23.6571055,-46.613468999999995,,,,2,2023-06-17T16:14:00+00:00
SAO_9653-10,São Paulo,3550308,True,EMTU,588,https://moovitapp.com/index/pt-br/transporte_p%C3%BAblico-line-588-Sao_Paulo-242-2038937-36419575-0,7.55,-23.511584,-46.666284499999996,,,,1,2023-06-17T16:13:54+00:00
SAO_9653-10,São Paulo,3550308,True,EMTU,588,https://moovitapp.com/index/pt-br/transporte_p%C3%BAblico-line-588-Sao_Paulo-242-2038937-36419575-0,7.55,-23.4570955,-46.647456500000004,,,,1,2023-06-17T16:13:32+00:00
SAO_9653-10,São Paulo,3550308,True,EMTU,588,https://moovitapp.com/index/pt-br/transporte_p%C3%BAblico-line-588-Sao_Paulo-242-2038937-36419575-0,7.55,-23.4696635,-46.658934,,,,1,2023-06-17T16:13:34+00:00
SAO_695D-10,São Paulo,3550308,True,EMTU,114,https://moovitapp.com/index/pt-br/transporte_p%C3%BAblico-line-114-Sao_Paulo-242-2038937-36419274-0,6.4,-23.65051875,-46.65808875,,,,1,2023-06-17T16:13:45+00:00
SAO_695D-10,São Paulo,3550308,True,EMTU,114,https://moovitapp.com/index/pt-br/transporte_p%C3%BAblico-line-114-Sao_Paulo-242-2038937-36419274-0,6.4,-23.729471500000002,-46.688721,,,,1,2023-06-17T16:13:51+00:00
SAO_695D-10,São Paulo,3550308,True,EMTU,114,https://moovitapp.com/index/pt-br/transporte_p%C3%BAblico-line-114-Sao_Paulo-242-2038937-36419274-0,6.4,-23.695474,-46.6997525,,,,1,2023-06-17T16:13:33+00:00
SAO_695D-10,São Paulo,3550308,True,EMTU,114,https://moovitapp.com/index/pt-br/transporte_p%C3%BAblico-line-114-Sao_Paulo-242-2038937-36419274-0,6.4,-23.7329935,-46.676147,,,,1,2023-06-17T16:12:46+00:00
SAO_7017-10,São Paulo,3550308,True,,2502,,,-23.6728305,-46.7597945,,,,1,2023-06-17T16:14:05+00:00
SAO_7017-10,São Paulo,3550308,True,,2502,,,-23.681485000000002,-46.7862615,,,,1,2023-06-17T16:13:25+00:00
SAO_7017-10,São Paulo,3550308,True,,2502,,,-23.668476,-46.735507,,,,1,2023-06-17T16:13:51+00:00
SAO_2007-10,São Paulo,3550308,True,,896,,,-23.503263249999996,-46.38436850000001,,,,1,2023-06-17T16:13:28+00:00
SAO_2007-10,São Paulo,3550308,True,,896,,,-23.494778625000002,-46.4035085,,,,1,2023-06-17T16:13:25+00:00
SAO_2007-10,São Paulo,3550308,True,,896,,,-23.508447,-46.372622500000006,,,,1,2023-06-17T16:11:28+00:00
SAO_2007-10,São Paulo,3550308,True,,896,,,-23.505239500000002,-46.38475,,,,1,2023-06-17T16:13:19+00:00
SAO_519M-10,São Paulo,3550308,True,,2211,,,-23.6039985,-46.5240785,,,,1,2023-06-17T16:14:05+00:00
SAO_519M-10,São Paulo,3550308,True,,2211,,,-23.578880124999998,-46.607136999999994,,,,1,2023-06-17T16:13:54+00:00
SAO_546L-10,São Paulo,3550308,True,,1285,,,-23.654266,-46.711191,,,,1,2023-06-17T16:13:28+00:00
SAO_546L-10,São Paulo,3550308,True,,1285,,,-23.67482,-46.661744,,,,1,2023-06-17T16:13:46+00:00
SAO_546L-10,São Paulo,3550308,True,,1285,,,-23.6654965,-46.708102249999996,,,,1,2023-06-17T16:13:35+00:00
SAO_546L-10,São Paulo,3550308,True,,1285,,,-23.6806785,-46.687863500000006,,,,1,2023-06-17T16:13:39+00:00
SAO_6010-10,São Paulo,3550308,True,,33970,,,-23.6938785,-46.7945825,,,,2,2023-06-17T16:13:35+00:00
SAO_6010-10,São Paulo,3550308,True,,33970,,,-23.659925625,-46.773087000000004,,,,2,2023-06-17T16:13:58+00:00
SAO_6010-10,São Paulo,3550308,True,,33970,,,-23.67899,-46.795347,,,,2,2023-06-17T16:13:46+00:00
SAO_6010-10,São Paulo,3550308,True,,33970,,,-23.693805,-46.7944445,,,,2,2023-06-17T16:14:00+00:00
SAO_6010-10,São Paulo,3550308,True,,33970,,,-23.6934315,-46.794145,,,,2,2023-06-17T16:13:21+00:00
SAO_6010-10,São Paulo,3550308,True,,33970,,,-23.672288,-46.742709000000005,,,,2,2023-06-17T16:13:26+00:00
SAO_6010-10,São Paulo,3550308,True,,33970,,,-23.667592,-46.7354985,,,,2,2023-06-17T16:14:04+00:00
SAO_6010-10,São Paulo,3550308,True,,33970,,,-23.693499,-46.7941555,,,,2,2023-06-17T16:13:32+00:00
SAO_6010-10,São Paulo,3550308,True,,33970,,,-23.671030000000002,-46.758897,,,,2,2023-06-17T16:13:42+00:00
SAO_6010-10,São Paulo,3550308,True,,33970,,,-23.693631500000002,-46.7942325,,,,2,2023-06-17T16:13:32+00:00
SAO_364A-10,São Paulo,3550308,True,,34014,,,-23.59644925,-46.523623,,,,2,2023-06-17T16:13:29+00:00
SAO_364A-10,São Paulo,3550308,True,,34014,,,-23.612729,-46.5040555,,,,2,2023-06-17T16:13:26+00:00
SAO_364A-10,São Paulo,3550308,True,,34014,,,-23.59178775,-46.50189075,,,,2,2023-06-17T16:13:26+00:00
SAO_364A-10,São Paulo,3550308,True,,34014,,,-23.5847285,-46.611627500000004,,,,2,2023-06-17T16:13:42+00:00
SAO_364A-10,São Paulo,3550308,True,,34014,,,-23.581855249999997,-46.5914535,,,,2,2023-06-17T16:13:37+00:00
SAO_5131-10,São Paulo,3550308,True,,34050,,,-23.662461999999998,-46.669380000000004,,,,2,2023-06-17T16:13:27+00:00
SAO_5131-10,São Paulo,3550308,True,,34050,,,-23.565850625,-46.647883750000005,,,,2,2023-06-17T16:13:41+00:00
SAO_5131-10,São Paulo,3550308,True,,34050,,,-23.620888,-46.683673,,,,2,2023-06-17T16:14:00+00:00
SAO_527R-10,São Paulo,3550308,True,,33039,,,-23.665186,-46.65854475,,,,2,2023-06-17T16:13:44+00:00
SAO_527R-10,São Paulo,3550308,True,,33039,,,-23.674795500000002,-46.678436500000004,,,,2,2023-06-17T16:13:45+00:00
SAO_527R-10,São Paulo,3550308,True,,33039,,,-23.659789,-46.670451,,,,2,2023-06-17T16:13:51+00:00
SAO_527R-10,São Paulo,3550308,True,,33039,,,-23.657572,-46.701373875,,,,2,2023-06-17T16:14:05+00:00
SAO_527R-10,São Paulo,3550308,True,,33039,,,-23.6541005,-46.710821,,,,2,2023-06-17T16:13:57+00:00
SAO_2161-10,São Paulo,3550308,True,,33462,,,-23.474255499999998,-46.56712,,,,2,2023-06-17T16:13:52+00:00
SAO_2161-10,São Paulo,3550308,True,,33462,,,-23.538141125000003,-46.631504375,,,,2,2023-06-17T16:14:06+00:00
SAO_2161-10,São Paulo,3550308,True,,33462,,,-23.527047500000002,-46.605649,,,,2,2023-06-17T16:10:35+00:00
SAO_2161-10,São Paulo,3550308,True,,33462,,,-23.474255499999998,-46.56712,,,,2,2023-06-17T16:13:32+00:00
SAO_6057-10,São Paulo,3550308,True,,1148,,,-23.766551999999997,-46.7091615,,,,1,2023-06-17T16:13:55+00:00
SAO_6057-10,São Paulo,3550308,True,,1148,,,-23.766551999999997,-46.7091615,,,,1,2023-06-17T16:13:41+00:00
SAO_6057-10,São Paulo,3550308,True,,1148,,,-23.76225225,-46.709450000000004,,,,1,2023-06-17T16:13:43+00:00
SAO_6057-10,São Paulo,3550308,True,,1148,,,-23.73850375,-46.69805125,,,,1,2023-06-17T16:13:49+00:00
SAO_4491-10,São Paulo,3550308,True,EMTU,327,https://moovitapp.com/index/pt-br/transporte_p%C3%BAblico-line-327-Sao_Paulo-242-2038937-36419415-0,5.35,-23.564892,-46.6115175,,,,1,2023-06-17T16:13:42+00:00
SAO_8030-10,São Paulo,3550308,True,,2562,,,-23.59203575,-46.735672,,,,1,2023-06-17T16:14:05+00:00
SAO_8030-10,São Paulo,3550308,True,,2562,,,-23.6228935,-46.7287175,,,,1,2023-06-17T16:13:33+00:00
SAO_8030-10,São Paulo,3550308,True,,2562,,,-23.6199115,-46.731393,,,,1,2023-06-17T16:13:51+00:00
SAO_4716-10,São Paulo,3550308,True,,1106,,,-23.6043545,-46.6263235,,,,1,2023-06-17T16:13:45+00:00
SAO_4716-10,São Paulo,3550308,True,,1106,,,-23.617012375,-46.6110005,,,,1,2023-06-17T16:13:23+00:00
SAO_4716-10,São Paulo,3550308,True,,1106,,,-23.601743,-46.601547,,,,1,2023-06-17T16:13:28+00:00
SAO_4716-10,São Paulo,3550308,True,,1106,,,-23.601743,-46.601547,,,,1,2023-06-17T16:13:31+00:00
SAO_4035-10,São Paulo,3550308,True,,35328,,,-23.559675499999997,-46.412636500000005,,,,2,2023-06-17T16:13:57+00:00
SAO_5752-10,São Paulo,3550308,True,,1287,,,-23.6358015,-46.6410555,,,,1,2023-06-17T16:13:54+00:00
SAO_5752-10,São Paulo,3550308,True,,1287,,,-23.665414499999997,-46.6672275,,,,1,2023-06-17T16:14:06+00:00
SAO_5752-10,São Paulo,3550308,True,,1287,,,-23.6908785,-46.6505535,,,,1,2023-06-17T16:13:50+00:00
SAO_5752-10,São Paulo,3550308,True,,1287,,,-23.6358015,-46.6410555,,,,1,2023-06-17T16:13:31+00:00
SAO_5752-10,São Paulo,3550308,True,,1287,,,-23.6887665,-46.6485045,,,,1,2023-06-17T16:13:45+00:00
SAO_5752-10,São Paulo,3550308,True,,1287,,,-23.660951,-46.663951,,,,1,2023-06-17T16:13:36+00:00
SAO_2765-10,São Paulo,3550308,True,,32913,,,-23.493647,-46.493299,,,,2,2023-06-17T16:13:31+00:00
SAO_2765-10,São Paulo,3550308,True,,32913,,,-23.504025,-46.502660000000006,,,,2,2023-06-17T16:10:40+00:00
SAO_2765-10,São Paulo,3550308,True,,32913,,,-23.52422,-46.548732,,,,2,2023-06-17T16:13:16+00:00
SAO_2765-10,São Paulo,3550308,True,,32913,,,-23.508127,-46.5348405,,,,2,2023-06-17T16:13:48+00:00
SAO_2765-10,São Paulo,3550308,True,,32913,,,-23.4927115,-46.494384249999996,,,,2,2023-06-17T16:12:19+00:00
SAO_2765-10,São Paulo,3550308,True,,32913,,,-23.505013499999997,-46.5154045,,,,2,2023-06-17T16:13:25+00:00
SAO_2765-10,São Paulo,3550308,True,,32913,,,-23.5338145,-46.566121,,,,2,2023-06-17T16:13:31+00:00
SAO_809U-21,São Paulo,3550308,True,,2307,,,-23.5466355,-46.69045,,,,1,2023-06-17T16:13:34+00:00
SAO_809U-21,São Paulo,3550308,True,,2307,,,-23.5468295,-46.6903115,,,,1,2023-06-17T16:13:51+00:00
SAO_6008-10,São Paulo,3550308,True,,33968,,,-23.6853285,-46.7484295,,,,2,2023-06-17T16:13:24+00:00
SAO_6008-10,São Paulo,3550308,True,,33968,,,-23.68727,-46.7629345,,,,2,2023-06-17T16:13:44+00:00
SAO_6008-10,São Paulo,3550308,True,,33968,,,-23.68727,-46.7629345,,,,2,2023-06-17T16:13:44+00:00
SAO_6008-10,São Paulo,3550308,True,,33968,,,-23.6873755,-46.763414499999996,,,,2,2023-06-17T16:13:28+00:00
SAO_8705-10,São Paulo,3550308,True,,34840,,,-23.555431249999998,-46.7541665,,,,2,2023-06-17T16:14:06+00:00
SAO_8705-10,São Paulo,3550308,True,,34840,,,-23.570704875,-46.710043375,,,,2,2023-06-17T16:13:56+00:00
SAO_8705-10,São Paulo,3550308,True,,34840,,,-23.547628500000002,-46.6409075,,,,2,2023-06-17T16:14:01+00:00
SAO_8705-10,São Paulo,3550308,True,,34840,,,-23.5621635,-46.674863,,,,2,2023-06-17T16:13:42+00:00
SAO_8705-10,São Paulo,3550308,True,,34840,,,-23.547974500000002,-46.649455875,,,,2,2023-06-17T16:13:35+00:00
SAO_189L-10,São Paulo,3550308,True,,2450,,,-23.486610499999998,-46.710868000000005,,,,1,2023-06-17T16:13:54+00:00
SAO_189L-10,São Paulo,3550308,True,,2450,,,-23.490379,-46.710350250000005,,,,1,2023-06-17T16:13:42+00:00
SAO_819A-10,São Paulo,3550308,True,,33571,,,-23.4387105,-46.748492,,,,2,2023-06-17T16:13:41+00:00
SAO_819A-10,São Paulo,3550308,True,,33571,,,-23.438522749999997,-46.749052,,,,2,2023-06-17T16:13:45+00:00
SAO_819A-10,São Paulo,3550308,True,,33571,,,-23.487828999999998,-46.674853999999996,,,,2,2023-06-17T16:13:41+00:00
SAO_819A-10,São Paulo,3550308,True,,33571,,,-23.4386675,-46.748738,,,,2,2023-06-17T16:14:05+00:00
SAO_819A-10,São Paulo,3550308,True,,33571,,,-23.4640755,-46.680258499999994,,,,2,2023-06-17T16:13:31+00:00
SAO_819A-10,São Paulo,3550308,True,,33571,,,-23.454738,-46.740838999999994,,,,2,2023-06-17T16:13:32+00:00
SAO_819A-10,São Paulo,3550308,True,,33571,,,-23.43866725,-46.729525249999995,,,,2,2023-06-17T16:14:00+00:00
SAO_819A-10,São Paulo,3550308,True,,33571,,,-23.4351795,-46.717514,,,,2,2023-06-17T16:13:28+00:00
SAO_2728-10,São Paulo,3550308,True,,943,,,-23.5014245,-46.512783,,,,1,2023-06-17T16:13:52+00:00
SAO_2728-10,São Paulo,3550308,True,,943,,,-23.5214985,-46.5498885,,,,1,2023-06-17T16:13:42+00:00
SAO_2728-10,São Paulo,3550308,True,,943,,,-23.501793999999997,-46.514333,,,,1,2023-06-17T16:13:25+00:00
SAO_2728-10,São Paulo,3550308,True,,943,,,-23.505990500000003,-46.5292295,,,,1,2023-06-17T16:13:47+00:00
SAO_6358-10,São Paulo,3550308,True,,1294,,,-23.6822825,-46.6363235,,,,1,2023-06-17T16:14:05+00:00
SAO_6358-10,São Paulo,3550308,True,,1294,,,-23.559058999999998,-46.654014000000004,,,,1,2023-06-17T16:13:29+00:00
SAO_6358-10,São Paulo,3550308,True,,1294,,,-23.61276225,-46.6707505,,,,1,2023-06-17T16:13:26+00:00
SAO_8017-10,São Paulo,3550308,True,,1261,,,-23.4570205,-46.7203085,,,,1,2023-06-17T16:11:12+00:00
SAO_8017-10,São Paulo,3550308,True,,1261,,,-23.4478355,-46.7355865,,,,1,2023-06-17T16:13:49+00:00
SAO_8017-10,São Paulo,3550308,True,,1261,,,-23.438237,-46.746818000000005,,,,1,2023-06-17T16:14:05+00:00
SAO_546A-31,São Paulo,3550308,True,,1132,,,-23.6987815,-46.647917,,,,1,2023-06-17T16:14:02+00:00
SAO_546A-31,São Paulo,3550308,True,,1132,,,-23.673218,-46.686553,,,,1,2023-06-17T16:13:28+00:00
SAO_546A-31,São Paulo,3550308,True,,1132,,,-23.673444,-46.686408,,,,1,2023-06-17T16:13:51+00:00
SAO_546A-31,São Paulo,3550308,True,,1132,,,-23.6544305,-46.703920499999995,,,,1,2023-06-17T16:13:26+00:00
SAO_3763-10,São Paulo,3550308,True,,33822,,,-23.540888000000002,-46.576099,,,,2,2023-06-17T16:13:59+00:00
SAO_3763-10,São Paulo,3550308,True,,33822,,,-23.558019,-46.522945,,,,2,2023-06-17T16:13:56+00:00
SAO_3763-10,São Paulo,3550308,True,,33822,,,-23.567519500000003,-46.54024375,,,,2,2023-06-17T16:13:37+00:00
SAO_3763-10,São Paulo,3550308,True,,33822,,,-23.5633775,-46.532748,,,,2,2023-06-17T16:13:32+00:00
SAO_3763-10,São Paulo,3550308,True,,33822,,,-23.564873499999997,-46.549932999999996,,,,2,2023-06-17T16:14:03+00:00
SAO_3763-10,São Paulo,3550308,True,,33822,,,-23.5576555,-46.523450499999996,,,,2,2023-06-17T16:13:56+00:00
SAO_3763-10,São Paulo,3550308,True,,33822,,,-23.549973,-46.5719275,,,,2,2023-06-17T16:13:30+00:00
SAO_3763-10,São Paulo,3550308,True,,33822,,,-23.546888125,-46.55617775,,,,2,2023-06-17T16:13:47+00:00
SAO_3763-10,São Paulo,3550308,True,,33822,,,-23.55576425,-46.52587175,,,,2,2023-06-17T16:13:42+00:00
SAO_8014-10,São Paulo,3550308,True,,801,,,-23.406772,-46.7566645,,,,1,2023-06-17T16:13:25+00:00
SAO_8014-10,São Paulo,3550308,True,,801,,,-23.434838,-46.786431125,,,,1,2023-06-17T16:13:37+00:00
SAO_8014-10,São Paulo,3550308,True,,801,,,-23.4435705,-46.791591499999996,,,,1,2023-06-17T16:13:36+00:00
SAO_6008-10,São Paulo,3550308,True,,1200,,,-23.687883499999998,-46.7635035,,,,1,2023-06-17T16:13:42+00:00
SAO_6008-10,São Paulo,3550308,True,,1200,,,-23.6866445,-46.754375499999995,,,,1,2023-06-17T16:13:55+00:00
SAO_6008-10,São Paulo,3550308,True,,1200,,,-23.665815000000002,-46.7117615,,,,1,2023-06-17T16:13:43+00:00
SAO_6008-10,São Paulo,3550308,True,,1200,,,-23.680467999999998,-46.734706,,,,1,2023-06-17T16:13:32+00:00
SAO_3160-10,São Paulo,3550308,True,EMTU,125,https://moovitapp.com/index/pt-br/transporte_p%C3%BAblico-line-125-Sao_Paulo-242-2038937-36419283-0,5.15,-23.5838375,-46.584777,,,,1,2023-06-17T16:14:06+00:00
SAO_3160-10,São Paulo,3550308,True,EMTU,125,https://moovitapp.com/index/pt-br/transporte_p%C3%BAblico-line-125-Sao_Paulo-242-2038937-36419283-0,5.15,-23.55699025,-46.602821000000006,,,,1,2023-06-17T16:13:53+00:00
SAO_3160-10,São Paulo,3550308,True,EMTU,125,https://moovitapp.com/index/pt-br/transporte_p%C3%BAblico-line-125-Sao_Paulo-242-2038937-36419283-0,5.15,-23.5838375,-46.584777,,,,1,2023-06-17T16:13:23+00:00
SAO_3160-10,São Paulo,3550308,True,EMTU,125,https://moovitapp.com/index/pt-br/transporte_p%C3%BAblico-line-125-Sao_Paulo-242-2038937-36419283-0,5.15,-23.5465215,-46.630083,,,,1,2023-06-17T16:14:02+00:00
SAO_8700-10,São Paulo,3550308,True,,34645,,,-23.6310935,-46.773485,,,,2,2023-06-17T16:13:30+00:00
SAO_8700-10,São Paulo,3550308,True,,34645,,,-23.6139045,-46.7554935,,,,2,2023-06-17T16:14:03+00:00
SAO_8700-10,São Paulo,3550308,True,,34645,,,-23.543258,-46.638545,,,,2,2023-06-17T16:14:02+00:00
SAO_8700-10,São Paulo,3550308,True,,34645,,,-23.6309525,-46.773810499999996,,,,2,2023-06-17T16:13:51+00:00
SAO_8700-10,São Paulo,3550308,True,,34645,,,-23.596510374999998,-46.739776500000005,,,,2,2023-06-17T16:13:52+00:00
SAO_8700-10,São Paulo,3550308,True,,34645,,,-23.631797499999998,-46.7719915,,,,2,2023-06-17T16:13:26+00:00
SAO_8700-10,São Paulo,3550308,True,,34645,,,-23.584695,-46.718325,,,,2,2023-06-17T16:13:47+00:00
SAO_8700-10,São Paulo,3550308,True,,34645,,,-23.580540499999998,-46.711329750000004,,,,2,2023-06-17T16:14:08+00:00
SAO_8700-10,São Paulo,3550308,True,,34645,,,-23.631173750000002,-46.77117525,,,,2,2023-06-17T16:13:41+00:00
SAO_8700-10,São Paulo,3550308,True,,34645,,,-23.6312955,-46.773033999999996,,,,2,2023-06-17T16:13:42+00:00
SAO_809A-10,São Paulo,3550308,True,,34837,,,-23.5856755,-46.76116025,,,,2,2023-06-17T16:13:45+00:00
SAO_809A-10,São Paulo,3550308,True,,34837,,,-23.5745985,-46.779953500000005,,,,2,2023-06-17T16:13:41+00:00
SAO_809A-10,São Paulo,3550308,True,,34837,,,-23.576978,-46.722523499999994,,,,2,2023-06-17T16:14:06+00:00
SAO_119L-10,São Paulo,3550308,True,,2273,,,-23.4800995,-46.770947500000005,,,,1,2023-06-17T16:13:31+00:00
SAO_6092-10,São Paulo,3550308,True,,1177,,,-23.754277000000002,-46.6875835,,,,1,2023-06-17T16:13:28+00:00
SAO_6092-10,São Paulo,3550308,True,,1177,,,-23.736779,-46.69382425,,,,1,2023-06-17T16:13:38+00:00
SAO_675N-10,São Paulo,3550308,True,EMTU,362,https://moovitapp.com/index/pt-br/transporte_p%C3%BAblico-line-362-Sao_Paulo-242-2038937-36419443-0,6.25,-23.654486499999997,-46.7150675,,,,1,2023-06-17T16:13:53+00:00
SAO_1773-10,São Paulo,3550308,True,,637,,,-23.4362795,-46.5663955,,,,1,2023-06-17T16:13:49+00:00
SAO_1773-10,São Paulo,3550308,True,,637,,,-23.4528015,-46.598979,,,,1,2023-06-17T16:12:57+00:00
SAO_1773-10,São Paulo,3550308,True,,637,,,-23.4918945,-46.6256235,,,,1,2023-06-17T16:12:06+00:00
SAO_4002-10,São Paulo,3550308,True,,2177,,,-23.558199000000002,-46.522121,,,,1,2023-06-17T16:13:24+00:00
SAO_4002-10,São Paulo,3550308,True,,2177,,,-23.5488905,-46.398354,,,,1,2023-06-17T16:11:25+00:00
SAO_4002-10,São Paulo,3550308,True,,2177,,,-23.555665625,-46.464837125,,,,1,2023-06-17T16:13:34+00:00
SAO_2704-10,São Paulo,3550308,True,,33684,,,-23.521507749999998,-46.418754,,,,2,2023-06-17T16:08:17+00:00
SAO_2704-10,São Paulo,3550308,True,,33684,,,-23.533876499999998,-46.4543015,,,,2,2023-06-17T16:12:29+00:00
SAO_9354-10,São Paulo,3550308,True,,33476,,,-23.4742495,-46.669781,,,,2,2023-06-17T16:14:07+00:00
SAO_9354-10,São Paulo,3550308,True,,33476,,,-23.4752765,-46.6688805,,,,2,2023-06-17T16:13:38+00:00
SAO_9354-10,São Paulo,3550308,True,,33476,,,-23.4886965,-46.651422499999995,,,,2,2023-06-17T16:13:31+00:00
SAO_9354-10,São Paulo,3550308,True,,33476,,,-23.4798945,-46.658268500000005,,,,2,2023-06-17T16:13:42+00:00
SAO_9354-10,São Paulo,3550308,True,,33476,,,-23.4742495,-46.669781,,,,2,2023-06-17T16:13:58+00:00
SAO_9354-10,São Paulo,3550308,True,,33476,,,-23.502938,-46.653896,,,,2,2023-06-17T16:13:38+00:00
SAO_1783-10,São Paulo,3550308,True,,33412,,,-23.3980705,-46.57777,,,,2,2023-06-17T16:13:38+00:00
SAO_1783-10,São Paulo,3550308,True,,33412,,,-23.447898000000002,-46.599212,,,,2,2023-06-17T16:13:31+00:00
SAO_1783-10,São Paulo,3550308,True,,33412,,,-23.39794325,-46.57746425,,,,2,2023-06-17T16:13:50+00:00
SAO_1783-10,São Paulo,3550308,True,,33412,,,-23.5020465,-46.62336450000001,,,,2,2023-06-17T16:13:27+00:00
SAO_1783-10,São Paulo,3550308,True,,33412,,,-23.398296000000002,-46.577902,,,,2,2023-06-17T16:13:54+00:00
SAO_8038-10,São Paulo,3550308,True,,797,,,-23.524935999999997,-46.716297,,,,1,2023-06-17T16:14:02+00:00
SAO_8038-10,São Paulo,3550308,True,,797,,,-23.544686499999997,-46.751336,,,,1,2023-06-17T16:13:50+00:00
SAO_8038-10,São Paulo,3550308,True,,797,,,-23.550904625,-46.7404143125,,,,1,2023-06-17T16:13:42+00:00
SAO_7062-10,São Paulo,3550308,True,,34666,,,-23.633612499999998,-46.7712775,,,,2,2023-06-17T16:13:53+00:00
SAO_7062-10,São Paulo,3550308,True,,34666,,,-23.646132,-46.7723025,,,,2,2023-06-17T16:14:08+00:00
SAO_6059-10,São Paulo,3550308,True,,1226,,,-23.642786,-46.724813,,,,1,2023-06-17T16:13:46+00:00
SAO_6059-10,São Paulo,3550308,True,,1226,,,-23.6787505,-46.739982999999995,,,,1,2023-06-17T16:14:06+00:00
SAO_6059-10,São Paulo,3550308,True,,1226,,,-23.65173375,-46.702795,,,,1,2023-06-17T16:13:50+00:00
SAO_8622-10,São Paulo,3550308,True,EMTU,438,https://moovitapp.com/index/pt-br/transporte_p%C3%BAblico-line-438-Sao_Paulo-242-2038937-36419488-0,7.65,-23.4765005,-46.7705145,,,,1,2023-06-17T16:13:42+00:00
SAO_8622-10,São Paulo,3550308,True,EMTU,438,https://moovitapp.com/index/pt-br/transporte_p%C3%BAblico-line-438-Sao_Paulo-242-2038937-36419488-0,7.65,-23.5249775,-46.69016524999999,,,,1,2023-06-17T16:13:28+00:00
SAO_8622-10,São Paulo,3550308,True,EMTU,438,https://moovitapp.com/index/pt-br/transporte_p%C3%BAblico-line-438-Sao_Paulo-242-2038937-36419488-0,7.65,-23.5426,-46.643028,,,,1,2023-06-17T16:13:34+00:00
SAO_4093-10,São Paulo,3550308,True,,35216,,,-23.5829095,-46.408221499999996,,,,2,2023-06-17T16:13:59+00:00
SAO_4093-10,São Paulo,3550308,True,,35216,,,-23.589463375,-46.398782125,,,,2,2023-06-17T16:13:08+00:00
SAO_8024-10,São Paulo,3550308,True,,34843,,,-23.59988525,-46.7419835,,,,2,2023-06-17T16:13:42+00:00
SAO_8024-10,São Paulo,3550308,True,,34843,,,-23.597096,-46.7681435,,,,2,2023-06-17T16:13:51+00:00
SAO_8024-10,São Paulo,3550308,True,,34843,,,-23.597096,-46.7681435,,,,2,2023-06-17T16:13:30+00:00
SAO_5128-10,São Paulo,3550308,True,,33896,,,-23.660956749999997,-46.639903625,,,,2,2023-06-17T16:13:57+00:00
SAO_5128-10,São Paulo,3550308,True,,33896,,,-23.7122905,-46.651968499999995,,,,2,2023-06-17T16:13:45+00:00
SAO_5128-10,São Paulo,3550308,True,,33896,,,-23.699939999999998,-46.641423,,,,2,2023-06-17T16:13:59+00:00
SAO_5128-10,São Paulo,3550308,True,,33896,,,-23.712902,-46.6521715,,,,2,2023-06-17T16:13:45+00:00
SAO_5128-10,São Paulo,3550308,True,,33896,,,-23.6731705,-46.6439035,,,,2,2023-06-17T16:13:57+00:00
SAO_2720-31,São Paulo,3550308,True,,34610,,,-23.491690375,-46.465865875000006,,,,2,2023-06-17T16:13:32+00:00
SAO_6726-10,São Paulo,3550308,True,,33961,,,-23.736856875,-46.69666475,,,,2,2023-06-17T16:13:53+00:00
SAO_6726-10,São Paulo,3550308,True,,33961,,,-23.735992,-46.665695,,,,2,2023-06-17T16:13:53+00:00
SAO_6726-10,São Paulo,3550308,True,,33961,,,-23.734681375,-46.694479375,,,,2,2023-06-17T16:13:26+00:00
SAO_6726-10,São Paulo,3550308,True,,33961,,,-23.7558315,-46.671191,,,,2,2023-06-17T16:13:33+00:00
SAO_4006-10,São Paulo,3550308,True,,2180,,,-23.6016495,-46.438372,,,,1,2023-06-17T16:13:34+00:00
SAO_4006-10,São Paulo,3550308,True,,2180,,,-23.596856,-46.436479,,,,1,2023-06-17T16:13:39+00:00
SAO_3785-10,São Paulo,3550308,True,,1063,,,-23.5632265,-46.44612325,,,,1,2023-06-17T16:13:57+00:00
SAO_3785-10,São Paulo,3550308,True,,1063,,,-23.582577,-46.408426,,,,1,2023-06-17T16:13:51+00:00
SAO_3785-10,São Paulo,3550308,True,,1063,,,-23.563545,-46.446155,,,,1,2023-06-17T16:14:06+00:00
SAO_3785-10,São Paulo,3550308,True,,1063,,,-23.548584124999998,-46.460736,,,,1,2023-06-17T16:13:54+00:00
SAO_3785-10,São Paulo,3550308,True,,1063,,,-23.563545,-46.446155,,,,1,2023-06-17T16:13:45+00:00
SAO_3785-10,São Paulo,3550308,True,,1063,,,-23.594592,-46.443457,,,,1,2023-06-17T16:13:54+00:00
SAO_3785-10,São Paulo,3550308,True,,1063,,,-23.5425225,-46.470603999999994,,,,1,2023-06-17T16:14:06+00:00
SAO_675X-10,São Paulo,3550308,True,,32879,,,-23.596426,-46.650729999999996,,,,2,2023-06-17T16:14:00+00:00
SAO_675X-10,São Paulo,3550308,True,,32879,,,-23.596426,-46.650729999999996,,,,2,2023-06-17T16:14:03+00:00
SAO_675X-10,São Paulo,3550308,True,,32879,,,-23.7087255,-46.6999,,,,2,2023-06-17T16:10:03+00:00
SAO_675X-10,São Paulo,3550308,True,,32879,,,-23.7379835,-46.6979615,,,,2,2023-06-17T16:14:05+00:00
SAO_675X-10,São Paulo,3550308,True,,32879,,,-23.633492750000002,-46.690376,,,,2,2023-06-17T16:13:26+00:00
SAO_675X-10,São Paulo,3550308,True,,32879,,,-23.596426,-46.650729999999996,,,,2,2023-06-17T16:14:06+00:00
SAO_6016-10,São Paulo,3550308,True,,84,,,-23.7661435,-46.683991500000005,,,,1,2023-06-17T16:14:06+00:00
SAO_6016-10,São Paulo,3550308,True,,84,,,-23.7716985,-46.6731285,,,,1,2023-06-17T16:13:30+00:00
SAO_6016-10,São Paulo,3550308,True,,84,,,-23.7716985,-46.6731285,,,,1,2023-06-17T16:13:46+00:00
SAO_6016-10,São Paulo,3550308,True,,84,,,-23.73702,-46.6935555,,,,1,2023-06-17T16:13:51+00:00
SAO_509M-10,São Paulo,3550308,True,,34045,,,-23.679968000000002,-46.636858000000004,,,,2,2023-06-17T16:13:41+00:00
SAO_509M-10,São Paulo,3550308,True,,34045,,,-23.598519875,-46.6575076875,,,,2,2023-06-17T16:14:04+00:00
SAO_509M-10,São Paulo,3550308,True,,34045,,,-23.6801235,-46.637139000000005,,,,2,2023-06-17T16:13:38+00:00
SAO_509M-10,São Paulo,3550308,True,,34045,,,-23.660193,-46.663337,,,,2,2023-06-17T16:13:26+00:00
SAO_172J-10,São Paulo,3550308,True,,856,,,-23.4797715,-46.568705,,,,1,2023-06-17T16:13:03+00:00
SAO_172J-10,São Paulo,3550308,True,,856,,,-23.4797715,-46.568705,,,,1,2023-06-17T16:13:39+00:00
SAO_172J-10,São Paulo,3550308,True,,856,,,-23.53035225,-46.593815,,,,1,2023-06-17T16:13:48+00:00
SAO_172J-10,São Paulo,3550308,True,,856,,,-23.486444,-46.568592499999994,,,,1,2023-06-17T16:11:16+00:00
SAO_172J-10,São Paulo,3550308,True,,856,,,-23.53875525,-46.575541,,,,1,2023-06-17T16:13:59+00:00
SAO_3010-10,São Paulo,3550308,True,,2543,,,-23.515267,-46.4554825,,,,1,2023-06-17T16:11:11+00:00
SAO_8060-10,São Paulo,3550308,True,,33186,,,-23.50283475,-46.760608500000004,,,,2,2023-06-17T16:13:56+00:00
SAO_8060-10,São Paulo,3550308,True,,33186,,,-23.508705999999997,-46.75760875,,,,2,2023-06-17T16:13:50+00:00
SAO_4718-10,São Paulo,3550308,True,EMTU,336,https://moovitapp.com/index/pt-br/transporte_p%C3%BAblico-line-336-Sao_Paulo-242-2038937-36419421-0,4.8,-23.657176,-46.613479999999996,,,,1,2023-06-17T16:13:46+00:00
SAO_2029-10,São Paulo,3550308,True,,2270,,,-23.430882500000003,-46.574838,,,,1,2023-06-17T16:13:56+00:00
SAO_2029-10,São Paulo,3550308,True,,2270,,,-23.4800385,-46.602105,,,,1,2023-06-17T16:13:44+00:00
SAO_2029-10,São Paulo,3550308,True,,2270,,,-23.4541585,-46.589425500000004,,,,1,2023-06-17T16:13:54+00:00
SAO_3023-10,São Paulo,3550308,True,Urubupungá,960,https://moovitapp.com/index/pt-br/transporte_p%C3%BAblico-line-960-Sao_Paulo-242-873835-31663702-0,4.6,-23.6269815,-46.470782,,,,1,2023-06-17T16:13:30+00:00
SAO_3023-10,São Paulo,3550308,True,Urubupungá,960,https://moovitapp.com/index/pt-br/transporte_p%C3%BAblico-line-960-Sao_Paulo-242-873835-31663702-0,4.6,-23.602433875,-46.482662375,,,,1,2023-06-17T16:13:37+00:00
SAO_3023-10,São Paulo,3550308,True,Urubupungá,960,https://moovitapp.com/index/pt-br/transporte_p%C3%BAblico-line-960-Sao_Paulo-242-873835-31663702-0,4.6,-23.580305250000002,-46.501073749999996,,,,1,2023-06-17T16:13:36+00:00
SAO_3023-10,São Paulo,3550308,True,Urubupungá,960,https://moovitapp.com/index/pt-br/transporte_p%C3%BAblico-line-960-Sao_Paulo-242-873835-31663702-0,4.6,-23.633084500000002,-46.472952250000006,,,,1,2023-06-17T16:14:03+00:00
SAO_7006-10,São Paulo,3550308,True,,1995,,,-23.7160765,-46.78321925,,,,1,2023-06-17T16:13:51+00:00
SAO_7006-10,São Paulo,3550308,True,,1995,,,-23.684230499999998,-46.7698915,,,,1,2023-06-17T16:13:36+00:00
SAO_7006-10,São Paulo,3550308,True,,1995,,,-23.7468695,-46.7784165,,,,1,2023-06-17T16:13:59+00:00
SAO_7006-10,São Paulo,3550308,True,,1995,,,-23.698998,-46.7798875,,,,1,2023-06-17T16:14:01+00:00
SAO_775F-31,São Paulo,3550308,True,,35256,,,-23.586838999999998,-46.691779749999995,,,,2,2023-06-17T16:14:06+00:00
SAO_775F-31,São Paulo,3550308,True,,35256,,,-23.62332725,-46.733875749999996,,,,2,2023-06-17T16:13:38+00:00
SAO_775F-31,São Paulo,3550308,True,,35256,,,-23.625424,-46.748162,,,,2,2023-06-17T16:13:33+00:00
SAO_8015-10,São Paulo,3550308,True,,1345,,,-23.433005,-46.720014,,,,1,2023-06-17T16:13:34+00:00
SAO_8015-10,São Paulo,3550308,True,,1345,,,-23.4050645,-46.751902,,,,1,2023-06-17T16:13:56+00:00
SAO_8015-10,São Paulo,3550308,True,,1345,,,-23.480689625,-46.71604175,,,,1,2023-06-17T16:13:48+00:00
SAO_1772-10,São Paulo,3550308,True,,33403,,,-23.451010500000002,-46.588708999999994,,,,2,2023-06-17T16:13:24+00:00
SAO_1772-10,São Paulo,3550308,True,,33403,,,-23.434998,-46.5813665,,,,2,2023-06-17T16:13:52+00:00
SAO_1772-10,São Paulo,3550308,True,,33403,,,-23.4400605,-46.576306,,,,2,2023-06-17T16:11:37+00:00
SAO_1772-10,São Paulo,3550308,True,,33403,,,-23.4349075,-46.581235,,,,2,2023-06-17T16:13:57+00:00
SAO_7053-10,São Paulo,3550308,True,,1887,,,-23.640528,-46.7818175,,,,1,2023-06-17T16:13:39+00:00
SAO_7053-10,São Paulo,3550308,True,,1887,,,-23.634906,-46.7754925,,,,1,2023-06-17T16:13:57+00:00
SAO_7053-10,São Paulo,3550308,True,,1887,,,-23.640779000000002,-46.7825665,,,,1,2023-06-17T16:13:40+00:00
SAO_7053-10,São Paulo,3550308,True,,1887,,,-23.647449,-46.790492,,,,1,2023-06-17T16:14:02+00:00
SAO_3745-10,São Paulo,3550308,True,,33812,,,-23.560993,-46.535607999999996,,,,2,2023-06-17T16:13:56+00:00
SAO_3745-10,São Paulo,3550308,True,,33812,,,-23.57156225,-46.52436,,,,2,2023-06-17T16:13:22+00:00
SAO_3745-10,São Paulo,3550308,True,,33812,,,-23.543338499999997,-46.554552,,,,2,2023-06-17T16:13:38+00:00
SAO_3745-10,São Paulo,3550308,True,,33812,,,-23.58958175,-46.50089925,,,,2,2023-06-17T16:14:00+00:00
SAO_3745-10,São Paulo,3550308,True,,33812,,,-23.5893515,-46.500806,,,,2,2023-06-17T16:13:59+00:00
SAO_107T-10,São Paulo,3550308,True,,621,,,-23.49191325,-46.618136,,,,1,2023-06-17T16:13:50+00:00
SAO_107T-10,São Paulo,3550308,True,,621,,,-23.550206000000003,-46.646883,,,,1,2023-06-17T16:13:48+00:00
SAO_107T-10,São Paulo,3550308,True,,621,,,-23.523128749999998,-46.63078325,,,,1,2023-06-17T16:13:34+00:00
SAO_6059-10,São Paulo,3550308,True,,33994,,,-23.6783035,-46.7402085,,,,2,2023-06-17T16:13:55+00:00
SAO_6059-10,São Paulo,3550308,True,,33994,,,-23.64450025,-46.7264155,,,,2,2023-06-17T16:14:00+00:00
SAO_6059-10,São Paulo,3550308,True,,33994,,,-23.6802505,-46.7430045,,,,2,2023-06-17T16:13:36+00:00
SAO_6001-10,São Paulo,3550308,True,,32820,,,-23.647837000000003,-46.7480295,,,,2,2023-06-17T16:13:33+00:00
SAO_6001-10,São Paulo,3550308,True,,32820,,,-23.652429937500003,-46.710015999999996,,,,2,2023-06-17T16:13:27+00:00
SAO_5164-21,São Paulo,3550308,True,,34384,,,-23.6526215,-46.6461985,,,,2,2023-06-17T16:13:56+00:00
SAO_5164-21,São Paulo,3550308,True,,34384,,,-23.6526215,-46.6461985,,,,2,2023-06-17T16:14:01+00:00
SAO_5164-21,São Paulo,3550308,True,,34384,,,-23.612827250000002,-46.63807025,,,,2,2023-06-17T16:13:25+00:00
SAO_7049-10,São Paulo,3550308,True,,34680,,,-23.6761405,-46.7750765,,,,2,2023-06-17T16:13:53+00:00
SAO_7049-10,São Paulo,3550308,True,,34680,,,-23.711143749999998,-46.778219750000005,,,,2,2023-06-17T16:13:41+00:00
SAO_7049-10,São Paulo,3550308,True,,34680,,,-23.6315095,-46.772093,,,,2,2023-06-17T16:13:29+00:00
SAO_7049-10,São Paulo,3550308,True,,34680,,,-23.711614,-46.7822575,,,,2,2023-06-17T16:13:29+00:00
SAO_7049-10,São Paulo,3550308,True,,34680,,,-23.656190000000002,-46.776433,,,,2,2023-06-17T16:13:25+00:00
SAO_5103-10,São Paulo,3550308,True,,1646,,,-23.599667,-46.634393,,,,1,2023-06-17T16:14:01+00:00
SAO_5103-10,São Paulo,3550308,True,,1646,,,-23.6032445,-46.602611499999995,,,,1,2023-06-17T16:13:56+00:00
SAO_5103-10,São Paulo,3550308,True,,1646,,,-23.6032445,-46.602611499999995,,,,1,2023-06-17T16:13:29+00:00
SAO_709P-10,São Paulo,3550308,True,,34761,,,-23.6556375,-46.7219395,,,,2,2023-06-17T16:13:50+00:00
SAO_709P-10,São Paulo,3550308,True,,34761,,,-23.5720645,-46.690287999999995,,,,2,2023-06-17T16:13:24+00:00
SAO_709P-10,São Paulo,3550308,True,,34761,,,-23.632651875,-46.71946375,,,,2,2023-06-17T16:13:44+00:00
SAO_6816-10,São Paulo,3550308,True,BR7 Mobilidade,26,https://moovitapp.com/index/pt-br/transporte_p%C3%BAblico-line-26-Sao_Paulo-242-851856-577923-0,5.75,-23.653212,-46.7764515,,,,1,2023-06-17T16:13:54+00:00
SAO_6816-10,São Paulo,3550308,True,BR7 Mobilidade,26,https://moovitapp.com/index/pt-br/transporte_p%C3%BAblico-line-26-Sao_Paulo-242-851856-577923-0,5.75,-23.651349,-46.77457,,,,1,2023-06-17T16:14:08+00:00
SAO_5757-10,São Paulo,3550308,True,,1288,,,-23.68527075,-46.6332995,,,,1,2023-06-17T16:13:35+00:00
SAO_5757-10,São Paulo,3550308,True,,1288,,,-23.6907885,-46.638878000000005,,,,1,2023-06-17T16:13:44+00:00
SAO_5757-10,São Paulo,3550308,True,,1288,,,-23.65955075,-46.6437505,,,,1,2023-06-17T16:13:56+00:00
SAO_5317-10,São Paulo,3550308,True,,32837,,,-23.659551,-46.6979045,,,,2,2023-06-17T16:13:30+00:00
SAO_5317-10,São Paulo,3550308,True,,32837,,,-23.719587,-46.6769515,,,,2,2023-06-17T16:13:51+00:00
SAO_5317-10,São Paulo,3550308,True,,32837,,,-23.622491750000002,-46.680071999999996,,,,2,2023-06-17T16:13:30+00:00
SAO_513C-10,São Paulo,3550308,True,,35303,,,-23.59712125,-46.52314425,,,,2,2023-06-17T16:14:04+00:00
SAO_513C-10,São Paulo,3550308,True,,35303,,,-23.612157500000002,-46.477629,,,,2,2023-06-17T16:13:39+00:00
SAO_8686-10,São Paulo,3550308,True,EMTU,446,https://moovitapp.com/index/pt-br/transporte_p%C3%BAblico-line-446-Sao_Paulo-242-2038937-36419492-0,4.8,-23.4885235,-46.742399,,,,1,2023-06-17T16:13:31+00:00
SAO_8686-10,São Paulo,3550308,True,EMTU,446,https://moovitapp.com/index/pt-br/transporte_p%C3%BAblico-line-446-Sao_Paulo-242-2038937-36419492-0,4.8,-23.52559025,-46.6819255,,,,1,2023-06-17T16:14:06+00:00
SAO_5103-10,São Paulo,3550308,True,,34414,,,-23.604605499999998,-46.615392,,,,2,2023-06-17T16:14:00+00:00
SAO_5103-10,São Paulo,3550308,True,,34414,,,-23.601406500000003,-46.654028499999995,,,,2,2023-06-17T16:13:54+00:00
SAO_5013-10,São Paulo,3550308,True,,1117,,,-23.687024,-46.6385275,,,,1,2023-06-17T16:13:32+00:00
SAO_5013-10,São Paulo,3550308,True,,1117,,,-23.654280999999997,-46.70443349999999,,,,1,2023-06-17T16:13:38+00:00
SAO_5013-10,São Paulo,3550308,True,,1117,,,-23.682060999999997,-46.633000499999994,,,,1,2023-06-17T16:13:45+00:00
SAO_5013-10,São Paulo,3550308,True,,1117,,,-23.654280999999997,-46.70443349999999,,,,1,2023-06-17T16:13:23+00:00
SAO_5013-10,São Paulo,3550308,True,,1117,,,-23.6818265,-46.6429165,,,,1,2023-06-17T16:10:51+00:00
SAO_5013-10,São Paulo,3550308,True,,1117,,,-23.68201,-46.632758749999994,,,,1,2023-06-17T16:13:43+00:00
SAO_5013-10,São Paulo,3550308,True,,1117,,,-23.672249,-46.677648500000004,,,,1,2023-06-17T16:13:52+00:00
SAO_5013-10,São Paulo,3550308,True,,1117,,,-23.675214499999996,-46.67882875,,,,1,2023-06-17T16:13:30+00:00
SAO_2716-10,São Paulo,3550308,True,,33697,,,-23.508369000000002,-46.5314175,,,,2,2023-06-17T16:13:50+00:00
SAO_2716-10,São Paulo,3550308,True,,33697,,,-23.508288,-46.53148349999999,,,,2,2023-06-17T16:13:22+00:00
SAO_2716-10,São Paulo,3550308,True,,33697,,,-23.51906,-46.535388499999996,,,,2,2023-06-17T16:14:04+00:00
SAO_5144-10,São Paulo,3550308,True,,1627,,,-23.5853735,-46.5336215,,,,1,2023-06-17T16:13:55+00:00
SAO_5144-10,São Paulo,3550308,True,,1627,,,-23.540104,-46.611777249999996,,,,1,2023-06-17T16:13:30+00:00
SAO_5144-10,São Paulo,3550308,True,,1627,,,-23.535363750000002,-46.61912875,,,,1,2023-06-17T16:10:22+00:00
SAO_756A-10,São Paulo,3550308,True,,33561,,,-23.598059624999998,-46.755907125,,,,2,2023-06-17T16:13:25+00:00
SAO_756A-10,São Paulo,3550308,True,,33561,,,-23.590560749999998,-46.721864749999995,,,,2,2023-06-17T16:14:06+00:00
SAO_756A-10,São Paulo,3550308,True,,33561,,,-23.598115999999997,-46.7961385,,,,2,2023-06-17T16:13:46+00:00
SAO_756A-10,São Paulo,3550308,True,,33561,,,-23.616062625,-46.694370250000006,,,,2,2023-06-17T16:13:40+00:00
SAO_756A-10,São Paulo,3550308,True,,33561,,,-23.598115999999997,-46.7961385,,,,2,2023-06-17T16:13:58+00:00
SAO_756A-10,São Paulo,3550308,True,,33561,,,-23.5981675,-46.7963465,,,,2,2023-06-17T16:14:02+00:00
SAO_8002-10,São Paulo,3550308,True,,1252,,,-23.48608,-46.7258125,,,,1,2023-06-17T16:13:24+00:00
SAO_8002-10,São Paulo,3550308,True,,1252,,,-23.520041499999998,-46.700201,,,,1,2023-06-17T16:13:43+00:00
SAO_342C-10,São Paulo,3550308,True,,33770,,,-23.535318,-46.50708375000001,,,,2,2023-06-17T16:13:35+00:00
SAO_342C-10,São Paulo,3550308,True,,33770,,,-23.523137249999998,-46.5333235,,,,2,2023-06-17T16:13:46+00:00
SAO_342C-10,São Paulo,3550308,True,,33770,,,-23.560966,-46.4920555,,,,2,2023-06-17T16:13:35+00:00
SAO_2127-10,São Paulo,3550308,True,,693,,,-23.5568165,-46.626815,,,,1,2023-06-17T16:13:52+00:00
SAO_2127-10,São Paulo,3550308,True,,693,,,-23.50786625,-46.598168,,,,1,2023-06-17T16:12:25+00:00
SAO_2127-10,São Paulo,3550308,True,,693,,,-23.478544999999997,-46.569419999999994,,,,1,2023-06-17T16:14:06+00:00
SAO_2127-10,São Paulo,3550308,True,,693,,,-23.544771750000002,-46.625674249999996,,,,1,2023-06-17T16:14:05+00:00
SAO_5702-10,São Paulo,3550308,True,,1137,,,-23.64721,-46.6405965,,,,1,2023-06-17T16:13:24+00:00
SAO_5702-10,São Paulo,3550308,True,,1137,,,-23.679908500000003,-46.63957275,,,,1,2023-06-17T16:13:32+00:00
SAO_5702-10,São Paulo,3550308,True,,1137,,,-23.69483,-46.642526000000004,,,,1,2023-06-17T16:13:34+00:00
SAO_3112-10,São Paulo,3550308,True,,1080,,,-23.553220000000003,-46.5997775,,,,1,2023-06-17T16:13:57+00:00
SAO_3112-10,São Paulo,3550308,True,,1080,,,-23.581393,-46.5642285,,,,1,2023-06-17T16:13:26+00:00
SAO_3112-10,São Paulo,3550308,True,,1080,,,-23.542462,-46.590803,,,,1,2023-06-17T16:13:34+00:00
SAO_3112-10,São Paulo,3550308,True,,1080,,,-23.598073125,-46.53989825,,,,1,2023-06-17T16:13:43+00:00
SAO_3112-10,São Paulo,3550308,True,,1080,,,-23.5837635,-46.5844805,,,,1,2023-06-17T16:13:29+00:00
SAO_312N-10,São Paulo,3550308,True,,33758,,,-23.51918,-46.412904,,,,2,2023-06-17T16:13:37+00:00
SAO_312N-10,São Paulo,3550308,True,,33758,,,-23.497709,-46.411232749999996,,,,2,2023-06-17T16:13:44+00:00
SAO_312N-10,São Paulo,3550308,True,,33758,,,-23.536617,-46.40406525,,,,2,2023-06-17T16:13:44+00:00
SAO_312N-10,São Paulo,3550308,True,,33758,,,-23.570022,-46.40780475,,,,2,2023-06-17T16:13:51+00:00
SAO_312N-10,São Paulo,3550308,True,,33758,,,-23.57366775,-46.401686,,,,2,2023-06-17T16:13:55+00:00
SAO_312N-10,São Paulo,3550308,True,,33758,,,-23.491016,-46.441969,,,,2,2023-06-17T16:14:02+00:00
SAO_312N-10,São Paulo,3550308,True,,33758,,,-23.54406,-46.410737999999995,,,,2,2023-06-17T16:13:42+00:00
SAO_312N-10,São Paulo,3550308,True,,33758,,,-23.5682465,-46.4135365,,,,2,2023-06-17T16:14:00+00:00
SAO_312N-10,São Paulo,3550308,True,,33758,,,-23.493502749999998,-46.4426755,,,,2,2023-06-17T16:13:49+00:00
SAO_312N-10,São Paulo,3550308,True,,33758,,,-23.491016,-46.441969,,,,2,2023-06-17T16:13:40+00:00
SAO_2522-10,São Paulo,3550308,True,,32908,,,-23.5429455,-46.46791075,,,,2,2023-06-17T16:14:02+00:00
SAO_2522-10,São Paulo,3550308,True,,32908,,,-23.516617500000002,-46.4262835,,,,2,2023-06-17T16:13:58+00:00
SAO_2522-10,São Paulo,3550308,True,,32908,,,-23.516551999999997,-46.426590250000004,,,,2,2023-06-17T16:13:50+00:00
SAO_148L-10,São Paulo,3550308,True,EMTU,531,https://moovitapp.com/index/pt-br/transporte_p%C3%BAblico-line-531-Sao_Paulo-242-2038937-36419543-0,4.4,-23.4770405,-46.67100925,,,,1,2023-06-17T16:13:54+00:00
SAO_148L-10,São Paulo,3550308,True,EMTU,531,https://moovitapp.com/index/pt-br/transporte_p%C3%BAblico-line-531-Sao_Paulo-242-2038937-36419543-0,4.4,-23.463092000000003,-46.6564195,,,,1,2023-06-17T16:13:29+00:00
SAO_148L-10,São Paulo,3550308,True,EMTU,531,https://moovitapp.com/index/pt-br/transporte_p%C3%BAblico-line-531-Sao_Paulo-242-2038937-36419543-0,4.4,-23.4543245,-46.656844,,,,1,2023-06-17T16:13:38+00:00
SAO_148L-10,São Paulo,3550308,True,EMTU,531,https://moovitapp.com/index/pt-br/transporte_p%C3%BAblico-line-531-Sao_Paulo-242-2038937-36419543-0,4.4,-23.516446000000002,-46.698726,,,,1,2023-06-17T16:13:48+00:00
SAO_148L-10,São Paulo,3550308,True,EMTU,531,https://moovitapp.com/index/pt-br/transporte_p%C3%BAblico-line-531-Sao_Paulo-242-2038937-36419543-0,4.4,-23.4744025,-46.649811,,,,1,2023-06-17T16:14:03+00:00
SAO_148L-10,São Paulo,3550308,True,EMTU,531,https://moovitapp.com/index/pt-br/transporte_p%C3%BAblico-line-531-Sao_Paulo-242-2038937-36419543-0,4.4,-23.5036595,-46.67783675,,,,1,2023-06-17T16:14:01+00:00
SAO_352A-10,São Paulo,3550308,True,,164,,,-23.49081,-46.4376295,,,,1,2023-06-17T16:14:05+00:00
SAO_352A-10,São Paulo,3550308,True,,164,,,-23.584156,-46.4923815,,,,1,2023-06-17T16:13:38+00:00
SAO_8544-10,São Paulo,3550308,True,,33198,,,-23.542485499999998,-46.635850500000004,,,,2,2023-06-17T16:14:01+00:00
SAO_8544-10,São Paulo,3550308,True,,33198,,,-23.489499000000002,-46.7101635,,,,2,2023-06-17T16:13:48+00:00
SAO_8544-10,São Paulo,3550308,True,,33198,,,-23.542485499999998,-46.635850500000004,,,,2,2023-06-17T16:13:57+00:00
SAO_707K-10,São Paulo,3550308,True,,2503,,,-23.6422415,-46.655913500000004,,,,1,2023-06-17T16:14:05+00:00
SAO_707K-10,São Paulo,3550308,True,,2503,,,-23.6548905,-46.691625375,,,,1,2023-06-17T16:13:54+00:00
SAO_2767-10,São Paulo,3550308,True,,33009,,,-23.537054499999996,-46.578075749999996,,,,2,2023-06-17T16:13:24+00:00
SAO_2767-10,São Paulo,3550308,True,,33009,,,-23.507822,-46.491599,,,,2,2023-06-17T16:13:35+00:00
SAO_2767-10,São Paulo,3550308,True,,33009,,,-23.506508250000003,-46.4585765,,,,2,2023-06-17T16:13:54+00:00
SAO_775V-10,São Paulo,3550308,True,,475,,,-23.5765195,-46.765648,,,,1,2023-06-17T16:14:00+00:00
SAO_775V-10,São Paulo,3550308,True,,475,,,-23.5765195,-46.765648,,,,1,2023-06-17T16:14:04+00:00
SAO_775V-10,São Paulo,3550308,True,,475,,,-23.5630635,-46.7464525,,,,1,2023-06-17T16:14:04+00:00
SAO_4010-10,São Paulo,3550308,True,,34951,,,-23.569259000000002,-46.47780625,,,,2,2023-06-17T16:10:42+00:00
SAO_4010-10,São Paulo,3550308,True,,34951,,,-23.5578605,-46.4667275,,,,2,2023-06-17T16:13:44+00:00
SAO_4010-10,São Paulo,3550308,True,,34951,,,-23.583575500000002,-46.4946405,,,,2,2023-06-17T16:14:00+00:00
SAO_4010-10,São Paulo,3550308,True,,34951,,,-23.55797,-46.523029,,,,2,2023-06-17T16:13:45+00:00
SAO_4010-10,São Paulo,3550308,True,,34951,,,-23.557868,-46.4672915,,,,2,2023-06-17T16:13:43+00:00
SAO_3732-10,São Paulo,3550308,True,,1029,,,-23.540618,-46.4382965,,,,1,2023-06-17T16:13:33+00:00
SAO_3732-10,São Paulo,3550308,True,,1029,,,-23.537301499999998,-46.45370725000001,,,,1,2023-06-17T16:13:33+00:00
SAO_3732-10,São Paulo,3550308,True,,1029,,,-23.539538,-46.4317025,,,,1,2023-06-17T16:14:08+00:00
SAO_3732-10,São Paulo,3550308,True,,1029,,,-23.55450775,-46.439258,,,,1,2023-06-17T16:13:30+00:00
SAO_3732-10,São Paulo,3550308,True,,1029,,,-23.539538,-46.4317025,,,,1,2023-06-17T16:13:24+00:00
SAO_695Y-10,São Paulo,3550308,True,,33966,,,-23.8278345,-46.7279345,,,,2,2023-06-17T16:13:36+00:00
SAO_695Y-10,São Paulo,3550308,True,,33966,,,-23.6865655,-46.694117,,,,2,2023-06-17T16:11:20+00:00
SAO_695Y-10,São Paulo,3550308,True,,33966,,,-23.827945999999997,-46.727483500000005,,,,2,2023-06-17T16:13:35+00:00
SAO_695Y-10,São Paulo,3550308,True,,33966,,,-23.650246250000002,-46.705337,,,,2,2023-06-17T16:10:10+00:00
SAO_695Y-10,São Paulo,3550308,True,,33966,,,-23.8279045,-46.727655,,,,2,2023-06-17T16:14:04+00:00
SAO_695Y-10,São Paulo,3550308,True,,33966,,,-23.682050250000003,-46.694036,,,,2,2023-06-17T16:13:58+00:00
SAO_695Y-10,São Paulo,3550308,True,,33966,,,-23.679933625,-46.695846,,,,2,2023-06-17T16:13:31+00:00
SAO_695Y-10,São Paulo,3550308,True,,33966,,,-23.827845500000002,-46.7306005,,,,2,2023-06-17T16:14:00+00:00
SAO_695Y-10,São Paulo,3550308,True,,33966,,,-23.589460000000003,-46.633678,,,,2,2023-06-17T16:13:36+00:00
SAO_695Y-10,São Paulo,3550308,True,,33966,,,-23.609473125,-46.667825625,,,,2,2023-06-17T16:13:56+00:00
SAO_178L-10,São Paulo,3550308,True,EMTU,560,https://moovitapp.com/index/pt-br/transporte_p%C3%BAblico-line-560-Sao_Paulo-242-2038937-36419561-0,6.2,-23.5407455,-46.648196999999996,,,,1,2023-06-17T16:13:29+00:00
SAO_178L-10,São Paulo,3550308,True,EMTU,560,https://moovitapp.com/index/pt-br/transporte_p%C3%BAblico-line-560-Sao_Paulo-242-2038937-36419561-0,6.2,-23.4751125,-46.64319,,,,1,2023-06-17T16:13:40+00:00
SAO_178L-10,São Paulo,3550308,True,EMTU,560,https://moovitapp.com/index/pt-br/transporte_p%C3%BAblico-line-560-Sao_Paulo-242-2038937-36419561-0,6.2,-23.524625999999998,-46.649809000000005,,,,1,2023-06-17T16:13:22+00:00
SAO_178L-10,São Paulo,3550308,True,EMTU,560,https://moovitapp.com/index/pt-br/transporte_p%C3%BAblico-line-560-Sao_Paulo-242-2038937-36419561-0,6.2,-23.5496345,-46.682542,,,,1,2023-06-17T16:13:59+00:00
SAO_178L-10,São Paulo,3550308,True,EMTU,560,https://moovitapp.com/index/pt-br/transporte_p%C3%BAblico-line-560-Sao_Paulo-242-2038937-36419561-0,6.2,-23.495110500000003,-46.63257,,,,1,2023-06-17T16:13:37+00:00
SAO_8043-10,São Paulo,3550308,True,,33175,,,-23.475357,-46.7562935,,,,2,2023-06-17T16:13:25+00:00
SAO_3721-41,São Paulo,3550308,True,,34461,,,-23.5631595,-46.500921000000005,,,,2,2023-06-17T16:13:45+00:00
SAO_3721-41,São Paulo,3550308,True,,34461,,,-23.5632565,-46.500804,,,,2,2023-06-17T16:13:35+00:00
SAO_3721-41,São Paulo,3550308,True,,34461,,,-23.560907,-46.492784,,,,2,2023-06-17T16:13:44+00:00
SAO_3721-41,São Paulo,3550308,True,,34461,,,-23.5399115,-46.485800999999995,,,,2,2023-06-17T16:13:56+00:00
SAO_3721-41,São Paulo,3550308,True,,34461,,,-23.563325499999998,-46.5007915,,,,2,2023-06-17T16:13:38+00:00
SAO_5791-21,São Paulo,3550308,True,,35231,,,-23.715794,-46.624167,,,,2,2023-06-17T16:13:34+00:00
SAO_5791-21,São Paulo,3550308,True,,35231,,,-23.673136,-46.6312695,,,,2,2023-06-17T16:14:06+00:00
SAO_5791-21,São Paulo,3550308,True,,35231,,,-23.699619749999997,-46.642281,,,,2,2023-06-17T16:13:54+00:00
SAO_701H-10,São Paulo,3550308,True,,2558,,,-23.700599,-46.75105275,,,,1,2023-06-17T16:13:55+00:00
SAO_4312-10,São Paulo,3550308,True,,34940,,,-23.570552125,-46.489686875,,,,2,2023-06-17T16:13:53+00:00
SAO_4312-10,São Paulo,3550308,True,,34940,,,-23.56096,-46.490867,,,,2,2023-06-17T16:09:19+00:00
SAO_4312-10,São Paulo,3550308,True,,34940,,,-23.570552125,-46.489686875,,,,2,2023-06-17T16:13:25+00:00
SAO_4312-10,São Paulo,3550308,True,,34940,,,-23.570552125,-46.489686875,,,,2,2023-06-17T16:13:27+00:00
SAO_6053-10,São Paulo,3550308,True,,1145,,,-23.7667985,-46.676410000000004,,,,1,2023-06-17T16:13:44+00:00
SAO_7245-21,São Paulo,3550308,True,,2538,,,-23.633794,-46.711484,,,,1,2023-06-17T16:14:07+00:00
SAO_7245-21,São Paulo,3550308,True,,2538,,,-23.654266,-46.711191,,,,1,2023-06-17T16:13:31+00:00
SAO_637V-10,São Paulo,3550308,True,EMTU,104,https://moovitapp.com/index/pt-br/transporte_p%C3%BAblico-line-104-Sao_Paulo-242-2038937-36419267-0,5.1,-23.72281,-46.688559,,,,1,2023-06-17T16:14:02+00:00
SAO_637V-10,São Paulo,3550308,True,EMTU,104,https://moovitapp.com/index/pt-br/transporte_p%C3%BAblico-line-104-Sao_Paulo-242-2038937-36419267-0,5.1,-23.6740335,-46.7122325,,,,1,2023-06-17T16:13:27+00:00
SAO_2011-10,São Paulo,3550308,True,,34904,,,-23.490397,-46.5710545,,,,2,2023-06-17T16:13:53+00:00
SAO_2011-10,São Paulo,3550308,True,,34904,,,-23.4900685,-46.5707825,,,,2,2023-06-17T16:13:51+00:00
SAO_2011-10,São Paulo,3550308,True,,34904,,,-23.488168,-46.565489750000005,,,,2,2023-06-17T16:13:41+00:00
SAO_2011-10,São Paulo,3550308,True,,34904,,,-23.472383999999998,-46.5880595,,,,2,2023-06-17T16:10:55+00:00
SAO_476G-10,São Paulo,3550308,True,,33879,,,-23.6151385,-46.504729,,,,2,2023-06-17T16:13:23+00:00
SAO_476G-10,São Paulo,3550308,True,,33879,,,-23.587725374999998,-46.635538375,,,,2,2023-06-17T16:13:54+00:00
SAO_476G-10,São Paulo,3550308,True,,33879,,,-23.614908999999997,-46.5049135,,,,2,2023-06-17T16:13:22+00:00
SAO_476G-10,São Paulo,3550308,True,,33879,,,-23.6111395,-46.529911,,,,2,2023-06-17T16:13:31+00:00
SAO_3020-10,São Paulo,3550308,True,,33726,,,-23.572495,-46.5007365,,,,2,2023-06-17T16:13:37+00:00
SAO_3020-10,São Paulo,3550308,True,,33726,,,-23.535165499999998,-46.452004,,,,2,2023-06-17T16:13:37+00:00
SAO_3712-51,São Paulo,3550308,True,,35273,,,-23.559599749999997,-46.422165625000005,,,,2,2023-06-17T16:13:45+00:00
SAO_3712-51,São Paulo,3550308,True,,35273,,,-23.535862125,-46.450436874999994,,,,2,2023-06-17T16:14:05+00:00
SAO_1756-10,São Paulo,3550308,True,,547,,,-23.4631585,-46.652715,,,,1,2023-06-17T16:14:05+00:00
SAO_1756-10,São Paulo,3550308,True,,547,,,-23.491550500000002,-46.626484000000005,,,,1,2023-06-17T16:12:06+00:00
SAO_6412-10,São Paulo,3550308,True,,770,,,-23.6206535,-46.699377,,,,1,2023-06-17T16:13:57+00:00
SAO_6412-10,São Paulo,3550308,True,,770,,,-23.617671,-46.7210095,,,,1,2023-06-17T16:13:57+00:00
SAO_6412-10,São Paulo,3550308,True,,770,,,-23.617671,-46.7210095,,,,1,2023-06-17T16:13:29+00:00
SAO_5757-10,São Paulo,3550308,True,,34056,,,-23.6913305,-46.639309999999995,,,,2,2023-06-17T16:13:22+00:00
SAO_5757-10,São Paulo,3550308,True,,34056,,,-23.6910975,-46.6391145,,,,2,2023-06-17T16:13:42+00:00
SAO_5757-10,São Paulo,3550308,True,,34056,,,-23.636796,-46.641320500000006,,,,2,2023-06-17T16:13:25+00:00
SAO_5757-10,São Paulo,3550308,True,,34056,,,-23.6830815,-46.63522275,,,,2,2023-06-17T16:13:30+00:00
SAO_5757-10,São Paulo,3550308,True,,34056,,,-23.670111499999997,-46.64802925,,,,2,2023-06-17T16:13:25+00:00
SAO_5757-10,São Paulo,3550308,True,,34056,,,-23.677957499999998,-46.641321000000005,,,,2,2023-06-17T16:13:54+00:00
SAO_8500-10,São Paulo,3550308,True,,34035,,,-23.486277,-46.726815875,,,,2,2023-06-17T16:13:45+00:00
SAO_8500-10,São Paulo,3550308,True,,34035,,,-23.485965,-46.726443374999995,,,,2,2023-06-17T16:13:28+00:00
SAO_8500-10,São Paulo,3550308,True,,34035,,,-23.5151965,-46.696749,,,,2,2023-06-17T16:13:48+00:00
SAO_8500-10,São Paulo,3550308,True,,34035,,,-23.485965,-46.726443374999995,,,,2,2023-06-17T16:13:34+00:00
SAO_253F-10,São Paulo,3550308,True,,32926,,,-23.579616,-46.4530305,,,,2,2023-06-17T16:08:39+00:00
SAO_253F-10,São Paulo,3550308,True,,32926,,,-23.6002855,-46.469928499999995,,,,2,2023-06-17T16:13:54+00:00
SAO_253F-10,São Paulo,3550308,True,,32926,,,-23.526315375000003,-46.4549725,,,,2,2023-06-17T16:14:04+00:00
SAO_253F-10,São Paulo,3550308,True,,32926,,,-23.5188595,-46.4743185,,,,2,2023-06-17T16:14:03+00:00
SAO_6092-10,São Paulo,3550308,True,,33945,,,-23.778464,-46.68450625,,,,2,2023-06-17T16:13:29+00:00
SAO_6092-10,São Paulo,3550308,True,,33945,,,-23.763927,-46.689744000000005,,,,2,2023-06-17T16:13:34+00:00
SAO_7009-10,São Paulo,3550308,True,,1951,,,-23.7063245,-46.784868,,,,1,2023-06-17T16:13:50+00:00
SAO_7009-10,São Paulo,3550308,True,,1951,,,-23.7041605,-46.787671,,,,1,2023-06-17T16:14:00+00:00
SAO_5107-10,São Paulo,3550308,True,,34427,,,-23.541404999999997,-46.634397500000006,,,,2,2023-06-17T16:13:29+00:00
SAO_5107-10,São Paulo,3550308,True,,34427,,,-23.541756499999998,-46.6345775,,,,2,2023-06-17T16:13:33+00:00
SAO_5300-10,São Paulo,3550308,True,EMTU,354,https://moovitapp.com/index/pt-br/transporte_p%C3%BAblico-line-354-Sao_Paulo-242-2038937-36419437-0,7.55,-23.654195,-46.711744499999995,,,,1,2023-06-17T16:14:05+00:00
SAO_5300-10,São Paulo,3550308,True,EMTU,354,https://moovitapp.com/index/pt-br/transporte_p%C3%BAblico-line-354-Sao_Paulo-242-2038937-36419437-0,7.55,-23.556035,-46.6373805,,,,1,2023-06-17T16:13:41+00:00
SAO_5300-10,São Paulo,3550308,True,EMTU,354,https://moovitapp.com/index/pt-br/transporte_p%C3%BAblico-line-354-Sao_Paulo-242-2038937-36419437-0,7.55,-23.642777125,-46.699068999999994,,,,1,2023-06-17T16:13:37+00:00
SAO_5300-10,São Paulo,3550308,True,EMTU,354,https://moovitapp.com/index/pt-br/transporte_p%C3%BAblico-line-354-Sao_Paulo-242-2038937-36419437-0,7.55,-23.573276,-46.6410445,,,,1,2023-06-17T16:14:03+00:00
SAO_5300-10,São Paulo,3550308,True,EMTU,354,https://moovitapp.com/index/pt-br/transporte_p%C3%BAblico-line-354-Sao_Paulo-242-2038937-36419437-0,7.55,-23.623647499999997,-46.681008375000005,,,,1,2023-06-17T16:13:55+00:00
SAO_5300-10,São Paulo,3550308,True,EMTU,354,https://moovitapp.com/index/pt-br/transporte_p%C3%BAblico-line-354-Sao_Paulo-242-2038937-36419437-0,7.55,-23.65397075,-46.7077515,,,,1,2023-06-17T16:13:57+00:00
SAO_2733-10,São Paulo,3550308,True,,33716,,,-23.5162355,-46.4623365,,,,2,2023-06-17T16:13:56+00:00
SAO_2733-10,São Paulo,3550308,True,,33716,,,-23.5164935,-46.460998000000004,,,,2,2023-06-17T16:13:31+00:00
SAO_2733-10,São Paulo,3550308,True,,33716,,,-23.52150925,-46.4630845,,,,2,2023-06-17T16:14:06+00:00
SAO_2733-10,São Paulo,3550308,True,,33716,,,-23.535919749999998,-46.45466487499999,,,,2,2023-06-17T16:13:57+00:00
SAO_719P-10,São Paulo,3550308,True,,34140,,,-23.535085375,-46.648428249999995,,,,2,2023-06-17T16:13:33+00:00
SAO_719P-10,São Paulo,3550308,True,,34140,,,-23.5658305,-46.701625500000006,,,,2,2023-06-17T16:13:32+00:00
SAO_719P-10,São Paulo,3550308,True,,34140,,,-23.564463,-46.6930125,,,,2,2023-06-17T16:13:47+00:00
SAO_3712-10,São Paulo,3550308,True,,1009,,,-23.541867500000002,-46.47029,,,,1,2023-06-17T16:14:02+00:00
SAO_3712-10,São Paulo,3550308,True,,1009,,,-23.5525595,-46.4257145,,,,1,2023-06-17T16:13:35+00:00
SAO_3712-10,São Paulo,3550308,True,,1009,,,-23.5525595,-46.4257145,,,,1,2023-06-17T16:14:00+00:00
SAO_3712-10,São Paulo,3550308,True,,1009,,,-23.543174999999998,-46.446732,,,,1,2023-06-17T16:13:38+00:00
SAO_3712-10,São Paulo,3550308,True,,1009,,,-23.5525595,-46.4257145,,,,1,2023-06-17T16:13:39+00:00
SAO_6805-31,São Paulo,3550308,True,,34556,,,-23.654267,-46.763731,,,,2,2023-06-17T16:13:52+00:00
SAO_6805-31,São Paulo,3550308,True,,34556,,,-23.654132,-46.7632315,,,,2,2023-06-17T16:13:26+00:00
SAO_3025-10,São Paulo,3550308,True,,961,,,-23.569178,-46.410258999999996,,,,1,2023-06-17T16:13:53+00:00
SAO_3025-10,São Paulo,3550308,True,,961,,,-23.542768,-46.41466525,,,,1,2023-06-17T16:14:07+00:00
SAO_6012-10,São Paulo,3550308,True,,1204,,,-23.686561,-46.7870745,,,,1,2023-06-17T16:13:42+00:00
SAO_6012-10,São Paulo,3550308,True,,1204,,,-23.669815749999998,-46.73685449999999,,,,1,2023-06-17T16:13:56+00:00
SAO_6012-10,São Paulo,3550308,True,,1204,,,-23.686436999999998,-46.7873475,,,,1,2023-06-17T16:13:45+00:00
SAO_6012-10,São Paulo,3550308,True,,1204,,,-23.65192725,-46.702461,,,,1,2023-06-17T16:13:42+00:00
SAO_6012-10,São Paulo,3550308,True,,1204,,,-23.6865015,-46.7875165,,,,1,2023-06-17T16:13:51+00:00
SAO_6012-10,São Paulo,3550308,True,,1204,,,-23.686561,-46.7870745,,,,1,2023-06-17T16:13:54+00:00
SAO_119L-10,São Paulo,3550308,True,,35041,,,-23.445461,-46.7844485,,,,2,2023-06-17T16:13:42+00:00
SAO_119L-10,São Paulo,3550308,True,,35041,,,-23.4975925,-46.7545055,,,,2,2023-06-17T16:13:30+00:00
SAO_7063-10,São Paulo,3550308,True,,1899,,,-23.651991000000002,-46.789846499999996,,,,1,2023-06-17T16:14:00+00:00
SAO_7063-10,São Paulo,3550308,True,,1899,,,-23.651991000000002,-46.789846499999996,,,,1,2023-06-17T16:13:38+00:00
SAO_7063-10,São Paulo,3550308,True,,1899,,,-23.651636500000002,-46.779235,,,,1,2023-06-17T16:13:50+00:00
SAO_7063-10,São Paulo,3550308,True,,1899,,,-23.651991000000002,-46.789846499999996,,,,1,2023-06-17T16:13:05+00:00
SAO_7063-10,São Paulo,3550308,True,,1899,,,-23.651991000000002,-46.789846499999996,,,,1,2023-06-17T16:14:01+00:00
SAO_7063-10,São Paulo,3550308,True,,1899,,,-23.631508,-46.7726,,,,1,2023-06-17T16:13:57+00:00
SAO_809T-10,São Paulo,3550308,True,,2246,,,-23.5508550625,-46.73984618750001,,,,1,2023-06-17T16:13:26+00:00
SAO_809T-10,São Paulo,3550308,True,,2246,,,-23.5508550625,-46.73984618750001,,,,1,2023-06-17T16:13:51+00:00
SAO_809T-10,São Paulo,3550308,True,,2246,,,-23.577629,-46.7554025,,,,1,2023-06-17T16:13:57+00:00
SAO_6L02-10,São Paulo,3550308,True,,1178,,,-23.880873,-46.7416255,,,,1,2023-06-17T16:13:53+00:00
SAO_172N-10,São Paulo,3550308,True,,33432,,,-23.51559625,-46.61637925,,,,2,2023-06-17T16:13:57+00:00
SAO_172N-10,São Paulo,3550308,True,,33432,,,-23.515946749999998,-46.61641775,,,,2,2023-06-17T16:13:42+00:00
SAO_172N-10,São Paulo,3550308,True,,33432,,,-23.515946749999998,-46.61641775,,,,2,2023-06-17T16:13:47+00:00
SAO_172N-10,São Paulo,3550308,True,,33432,,,-23.5098715,-46.587644,,,,2,2023-06-17T16:12:52+00:00
SAO_172Y-10,São Paulo,3550308,True,,33630,,,-23.47473425,-46.58000975,,,,2,2023-06-17T16:13:48+00:00
SAO_172Y-10,São Paulo,3550308,True,,33630,,,-23.47473425,-46.58000975,,,,2,2023-06-17T16:13:56+00:00
SAO_172Y-10,São Paulo,3550308,True,,33630,,,-23.54139425,-46.590866000000005,,,,2,2023-06-17T16:14:02+00:00
SAO_172Y-10,São Paulo,3550308,True,,33630,,,-23.493318125000002,-46.585879625000004,,,,2,2023-06-17T16:13:58+00:00
SAO_3721-10,São Paulo,3550308,True,,33787,,,-23.563564,-46.5053905,,,,2,2023-06-17T16:13:55+00:00
SAO_3721-10,São Paulo,3550308,True,,33787,,,-23.5621455,-46.493424000000005,,,,2,2023-06-17T16:13:40+00:00
SAO_4706-10,São Paulo,3550308,True,,299,,,-23.5903165,-46.61034825,,,,1,2023-06-17T16:13:42+00:00
SAO_2033-10,São Paulo,3550308,True,,35267,,,-23.486996,-46.568324000000004,,,,2,2023-06-17T16:13:49+00:00
SAO_2033-10,São Paulo,3550308,True,,35267,,,-23.489983000000002,-46.565546499999996,,,,2,2023-06-17T16:13:56+00:00
SAO_4284-10,São Paulo,3550308,True,,33057,,,-23.608877999999997,-46.555645999999996,,,,2,2023-06-17T16:13:58+00:00
SAO_5290-10,São Paulo,3550308,True,,33365,,,-23.5755465,-46.6408475,,,,2,2023-06-17T16:13:30+00:00
SAO_5290-10,São Paulo,3550308,True,,33365,,,-23.680734,-46.635801,,,,2,2023-06-17T16:13:31+00:00
SAO_5290-10,São Paulo,3550308,True,,33365,,,-23.620282312500002,-46.6396874375,,,,2,2023-06-17T16:14:04+00:00
SAO_5290-10,São Paulo,3550308,True,,33365,,,-23.6636745,-46.63802325,,,,2,2023-06-17T16:13:54+00:00
SAO_3064-41,São Paulo,3550308,True,,34701,,,-23.581291,-46.4146645,,,,2,2023-06-17T16:13:43+00:00
SAO_719P-10,São Paulo,3550308,True,,1372,,,-23.555808499999998,-46.6669775,,,,1,2023-06-17T16:13:40+00:00
SAO_5129-10,São Paulo,3550308,True,,1281,,,-23.667029749999998,-46.6542505,,,,1,2023-06-17T16:13:41+00:00
SAO_5129-10,São Paulo,3550308,True,,1281,,,-23.657037625,-46.679739999999995,,,,1,2023-06-17T16:13:44+00:00
SAO_5129-10,São Paulo,3550308,True,,1281,,,-23.663510000000002,-46.707170250000004,,,,1,2023-06-17T16:13:32+00:00
SAO_5018-31,São Paulo,3550308,True,,1861,,,-23.6685145,-46.6506355,,,,1,2023-06-17T16:13:22+00:00
SAO_5018-31,São Paulo,3550308,True,,1861,,,-23.692935,-46.660601,,,,1,2023-06-17T16:13:48+00:00
SAO_6016-10,São Paulo,3550308,True,,32852,,,-23.745497,-46.68922375,,,,2,2023-06-17T16:14:08+00:00
SAO_6016-10,São Paulo,3550308,True,,32852,,,-23.768645875,-46.679225375,,,,2,2023-06-17T16:13:33+00:00
SAO_874C-10,São Paulo,3550308,True,,33245,,,-23.5469285,-46.7609265,,,,2,2023-06-17T16:13:21+00:00
SAO_874C-10,São Paulo,3550308,True,,33245,,,-23.5400435,-46.70487,,,,2,2023-06-17T16:13:48+00:00
SAO_874C-10,São Paulo,3550308,True,,33245,,,-23.546825,-46.7609525,,,,2,2023-06-17T16:13:42+00:00
SAO_874C-10,São Paulo,3550308,True,,33245,,,-23.550369500000002,-46.7485975,,,,2,2023-06-17T16:13:22+00:00
SAO_2060-10,São Paulo,3550308,True,,32902,,,-23.518244625,-46.47605475,,,,2,2023-06-17T16:13:28+00:00
SAO_2060-10,São Paulo,3550308,True,,32902,,,-23.53501225,-46.467536124999995,,,,2,2023-06-17T16:13:42+00:00
SAO_2060-10,São Paulo,3550308,True,,32902,,,-23.519024125,-46.475913874999996,,,,2,2023-06-17T16:13:54+00:00
SAO_6262-10,São Paulo,3550308,True,,34139,,,-23.5500985,-46.639879,,,,2,2023-06-17T16:13:46+00:00
SAO_6262-10,São Paulo,3550308,True,,34139,,,-23.52968025,-46.732086375,,,,2,2023-06-17T16:13:44+00:00
SAO_6262-10,São Paulo,3550308,True,,34139,,,-23.527790250000002,-46.73385175,,,,2,2023-06-17T16:14:03+00:00
SAO_6262-10,São Paulo,3550308,True,,34139,,,-23.577004000000002,-46.6724405,,,,2,2023-06-17T16:13:34+00:00
SAO_5705-10,São Paulo,3550308,True,,34425,,,-23.580652375,-46.639004375,,,,2,2023-06-17T16:13:55+00:00
SAO_5705-10,São Paulo,3550308,True,,34425,,,-23.60209725,-46.6083965,,,,2,2023-06-17T16:13:50+00:00
SAO_6L04-10,São Paulo,3550308,True,,1180,,,-23.8641885,-46.7525025,,,,1,2023-06-17T16:08:55+00:00
SAO_675L-10,São Paulo,3550308,True,,34246,,,-23.598398125,-46.642908750000004,,,,2,2023-06-17T16:13:43+00:00
SAO_6015-10,São Paulo,3550308,True,,33973,,,-23.668467999999997,-46.733347,,,,2,2023-06-17T16:13:43+00:00
SAO_6015-10,São Paulo,3550308,True,,33973,,,-23.686505,-46.770951,,,,2,2023-06-17T16:13:34+00:00
SAO_6015-10,São Paulo,3550308,True,,33973,,,-23.7259755,-46.7861695,,,,2,2023-06-17T16:13:53+00:00
SAO_6015-10,São Paulo,3550308,True,,33973,,,-23.718152,-46.7843545,,,,2,2023-06-17T16:14:03+00:00
SAO_233C-10,São Paulo,3550308,True,,155,,,-23.543997750000003,-46.489855250000005,,,,1,2023-06-17T16:13:25+00:00
SAO_233C-10,São Paulo,3550308,True,,155,,,-23.521121,-46.4756413125,,,,1,2023-06-17T16:14:07+00:00
SAO_233C-10,São Paulo,3550308,True,,155,,,-23.5491345,-46.5069445,,,,1,2023-06-17T16:14:05+00:00
SAO_233C-10,São Paulo,3550308,True,,155,,,-23.518438,-46.4758375,,,,1,2023-06-17T16:13:35+00:00
SAO_5024-10,São Paulo,3550308,True,,1122,,,-23.662496,-46.692569500000005,,,,1,2023-06-17T16:13:26+00:00
SAO_5024-10,São Paulo,3550308,True,,1122,,,-23.6914695,-46.6605785,,,,1,2023-06-17T16:14:03+00:00
SAO_5024-10,São Paulo,3550308,True,,1122,,,-23.68530525,-46.668268499999996,,,,1,2023-06-17T16:13:39+00:00
SAO_3390-10,São Paulo,3550308,True,,33506,,,-23.595909,-46.5257315,,,,2,2023-06-17T16:14:00+00:00
SAO_3390-10,São Paulo,3550308,True,,33506,,,-23.5843545,-46.5898885,,,,2,2023-06-17T16:14:06+00:00
SAO_3390-10,São Paulo,3550308,True,,33506,,,-23.606095500000002,-46.5080715,,,,2,2023-06-17T16:12:27+00:00
SAO_637P-10,São Paulo,3550308,True,,47,,,-23.61499175,-46.6793665,,,,1,2023-06-17T16:13:48+00:00
SAO_637P-10,São Paulo,3550308,True,,47,,,-23.584655374999997,-46.674867125,,,,1,2023-06-17T16:14:00+00:00
SAO_637P-10,São Paulo,3550308,True,,47,,,-23.644948375,-46.700573000000006,,,,1,2023-06-17T16:13:51+00:00
SAO_637P-10,São Paulo,3550308,True,,47,,,-23.578105,-46.68626825,,,,1,2023-06-17T16:13:49+00:00
SAO_637P-10,São Paulo,3550308,True,,47,,,-23.6541465,-46.711351,,,,1,2023-06-17T16:13:29+00:00
SAO_637P-10,São Paulo,3550308,True,,47,,,-23.566262000000002,-46.7019875,,,,1,2023-06-17T16:13:43+00:00
SAO_3033-10,São Paulo,3550308,True,,968,,,-23.54334725,-46.413296,,,,1,2023-06-17T16:13:54+00:00
SAO_3033-10,São Paulo,3550308,True,,968,,,-23.5970055,-46.45687275,,,,1,2023-06-17T16:13:52+00:00
SAO_3033-10,São Paulo,3550308,True,,968,,,-23.554762,-46.401109500000004,,,,1,2023-06-17T16:14:03+00:00
SAO_3033-10,São Paulo,3550308,True,,968,,,-23.563206,-46.416537999999996,,,,1,2023-06-17T16:13:56+00:00
SAO_3033-10,São Paulo,3550308,True,,968,,,-23.595719125000002,-46.437332874999996,,,,1,2023-06-17T16:13:33+00:00
SAO_3033-10,São Paulo,3550308,True,,968,,,-23.610867499999998,-46.4746765,,,,1,2023-06-17T16:13:21+00:00
SAO_675G-10,São Paulo,3550308,True,,32874,,,-23.720642499999997,-46.698266,,,,2,2023-06-17T16:14:03+00:00
SAO_675G-10,São Paulo,3550308,True,,32874,,,-23.743473,-46.670099,,,,2,2023-06-17T16:13:42+00:00
SAO_675G-10,São Paulo,3550308,True,,32874,,,-23.74478675,-46.66521975,,,,2,2023-06-17T16:13:59+00:00
SAO_675G-10,São Paulo,3550308,True,,32874,,,-23.661293,-46.679432000000006,,,,2,2023-06-17T16:13:28+00:00
SAO_675G-10,São Paulo,3550308,True,,32874,,,-23.6424045,-46.6561205,,,,2,2023-06-17T16:13:45+00:00
SAO_675G-10,São Paulo,3550308,True,,32874,,,-23.74296,-46.669814,,,,2,2023-06-17T16:13:47+00:00
SAO_675G-10,São Paulo,3550308,True,,32874,,,-23.743226,-46.669959500000004,,,,2,2023-06-17T16:14:01+00:00
SAO_7006-51,São Paulo,3550308,True,,1997,,,-23.73270375,-46.7843855,,,,1,2023-06-17T16:13:30+00:00
SAO_7006-51,São Paulo,3550308,True,,1997,,,-23.672831000000002,-46.7734025,,,,1,2023-06-17T16:13:57+00:00
SAO_7006-51,São Paulo,3550308,True,,1997,,,-23.699194,-46.7801025,,,,1,2023-06-17T16:13:43+00:00
SAO_6801-10,São Paulo,3550308,True,,5,,,-23.650372500000003,-46.733407,,,,1,2023-06-17T16:14:01+00:00
SAO_8050-10,São Paulo,3550308,True,,33180,,,-23.480159,-46.77049175,,,,2,2023-06-17T16:12:10+00:00
SAO_8050-10,São Paulo,3550308,True,,33180,,,-23.442098,-46.791021,,,,2,2023-06-17T16:14:00+00:00
SAO_174M-10,São Paulo,3550308,True,,673,,,-23.579950750000002,-46.60480425,,,,1,2023-06-17T16:13:53+00:00
SAO_174M-10,São Paulo,3550308,True,,673,,,-23.492599,-46.617811,,,,1,2023-06-17T16:14:06+00:00
SAO_174M-10,São Paulo,3550308,True,,673,,,-23.482008,-46.590454,,,,1,2023-06-17T16:13:31+00:00
SAO_174M-10,São Paulo,3550308,True,,673,,,-23.535606,-46.626139,,,,1,2023-06-17T16:09:22+00:00
SAO_809T-10,São Paulo,3550308,True,,35014,,,-23.5656215,-46.751583499999995,,,,2,2023-06-17T16:13:31+00:00
SAO_809T-10,São Paulo,3550308,True,,35014,,,-23.585870999999997,-46.8051445,,,,2,2023-06-17T16:13:44+00:00
SAO_809T-10,São Paulo,3550308,True,,35014,,,-23.522599999999997,-46.697702,,,,2,2023-06-17T16:13:37+00:00
SAO_809T-10,São Paulo,3550308,True,,35014,,,-23.5507539375,-46.739962375000005,,,,2,2023-06-17T16:13:53+00:00
SAO_4006-10,São Paulo,3550308,True,,34948,,,-23.616049500000003,-46.431677,,,,2,2023-06-17T16:11:17+00:00
SAO_4006-10,São Paulo,3550308,True,,34948,,,-23.597508125,-46.43578525,,,,2,2023-06-17T16:13:36+00:00
SAO_6003-10,São Paulo,3550308,True,,34240,,,-23.7377555,-46.6976535,,,,2,2023-06-17T16:13:36+00:00
SAO_2551-10,São Paulo,3550308,True,EMTU,141,https://moovitapp.com/index/pt-br/transporte_p%C3%BAblico-line-141-Sao_Paulo-242-2038937-36419292-0,8.15,-23.490598,-46.4780835,,,,1,2023-06-17T16:13:56+00:00
SAO_2551-10,São Paulo,3550308,True,EMTU,141,https://moovitapp.com/index/pt-br/transporte_p%C3%BAblico-line-141-Sao_Paulo-242-2038937-36419292-0,8.15,-23.53699725,-46.59209275,,,,1,2023-06-17T16:13:47+00:00
SAO_546J-31,São Paulo,3550308,True,,2015,,,-23.6914695,-46.6605785,,,,1,2023-06-17T16:13:38+00:00
SAO_546J-31,São Paulo,3550308,True,,2015,,,-23.674671,-46.661978500000004,,,,1,2023-06-17T16:13:22+00:00
SAO_546J-31,São Paulo,3550308,True,,2015,,,-23.687824,-46.658593499999995,,,,1,2023-06-17T16:14:04+00:00
SAO_8073-10,São Paulo,3550308,True,,34849,,,-23.5934595,-46.7599745,,,,2,2023-06-17T16:13:51+00:00
SAO_8001-10,São Paulo,3550308,True,,34019,,,-23.502658,-46.760932499999996,,,,2,2023-06-17T16:13:57+00:00
SAO_8001-10,São Paulo,3550308,True,,34019,,,-23.520992749999998,-46.699836,,,,2,2023-06-17T16:13:32+00:00
SAO_6258-10,São Paulo,3550308,True,,34000,,,-23.6781565,-46.73426550000001,,,,2,2023-06-17T16:13:43+00:00
SAO_6258-10,São Paulo,3550308,True,,34000,,,-23.666981,-46.7245005,,,,2,2023-06-17T16:14:00+00:00
SAO_6258-10,São Paulo,3550308,True,,34000,,,-23.6540965,-46.710578999999996,,,,2,2023-06-17T16:13:32+00:00
SAO_9784-10,São Paulo,3550308,True,,33595,,,-23.450547,-46.6835995,,,,2,2023-06-17T16:13:53+00:00
SAO_9784-10,São Paulo,3550308,True,,33595,,,-23.4799555,-46.6604905,,,,2,2023-06-17T16:13:27+00:00
SAO_9784-10,São Paulo,3550308,True,,33595,,,-23.4507675,-46.683319374999996,,,,2,2023-06-17T16:13:36+00:00
SAO_9784-10,São Paulo,3550308,True,,33595,,,-23.49819325,-46.663467499999996,,,,2,2023-06-17T16:13:28+00:00
SAO_9784-10,São Paulo,3550308,True,,33595,,,-23.470896500000002,-46.665808,,,,2,2023-06-17T16:13:44+00:00
SAO_4011-10,São Paulo,3550308,True,,2184,,,-23.5954505,-46.451570000000004,,,,1,2023-06-17T16:13:32+00:00
SAO_4011-10,São Paulo,3550308,True,,2184,,,-23.622194,-46.413724,,,,1,2023-06-17T16:10:13+00:00
SAO_6021-10,São Paulo,3550308,True,,32945,,,-23.791151499999998,-46.727039500000004,,,,2,2023-06-17T16:13:28+00:00
SAO_172Y-10,São Paulo,3550308,True,,862,,,-23.492166500000003,-46.58465699999999,,,,1,2023-06-17T16:13:33+00:00
SAO_172Y-10,São Paulo,3550308,True,,862,,,-23.515564249999997,-46.587599999999995,,,,1,2023-06-17T16:13:56+00:00
SAO_2024-10,São Paulo,3550308,True,,35029,,,-23.3978455,-46.577652,,,,2,2023-06-17T16:14:04+00:00
SAO_2024-10,São Paulo,3550308,True,,35029,,,-23.3978455,-46.577652,,,,2,2023-06-17T16:13:35+00:00
SAO_875H-10,São Paulo,3550308,True,,34108,,,-23.52722,-46.6812985,,,,2,2023-06-17T16:13:37+00:00
SAO_875H-10,São Paulo,3550308,True,,34108,,,-23.55339225,-46.672321999999994,,,,2,2023-06-17T16:13:49+00:00
SAO_675R-10,São Paulo,3550308,True,,32877,,,-23.672249,-46.677648500000004,,,,2,2023-06-17T16:14:04+00:00
SAO_675R-10,São Paulo,3550308,True,,32877,,,-23.7533995,-46.6813815,,,,2,2023-06-17T16:14:04+00:00
SAO_675R-10,São Paulo,3550308,True,,32877,,,-23.7542595,-46.680344,,,,2,2023-06-17T16:13:20+00:00
SAO_675R-10,São Paulo,3550308,True,,32877,,,-23.6411535,-46.654319,,,,2,2023-06-17T16:13:32+00:00
SAO_609F-10,São Paulo,3550308,True,,32805,,,-23.668056,-46.7488465,,,,2,2023-06-17T16:13:39+00:00
SAO_609F-10,São Paulo,3550308,True,,32805,,,-23.534974,-46.6443435,,,,2,2023-06-17T16:13:36+00:00
SAO_609F-10,São Paulo,3550308,True,,32805,,,-23.6617355,-46.752981500000004,,,,2,2023-06-17T16:14:00+00:00
SAO_609F-10,São Paulo,3550308,True,,32805,,,-23.6673265,-46.749638000000004,,,,2,2023-06-17T16:13:37+00:00
SAO_609F-10,São Paulo,3550308,True,,32805,,,-23.581996750000002,-46.685235625,,,,2,2023-06-17T16:13:38+00:00
SAO_7052-10,São Paulo,3550308,True,,1886,,,-23.631508,-46.7726,,,,1,2023-06-17T16:13:38+00:00
SAO_7052-10,São Paulo,3550308,True,,1886,,,-23.651281,-46.775431,,,,1,2023-06-17T16:13:58+00:00
SAO_7052-10,São Paulo,3550308,True,,1886,,,-23.6529745,-46.773157999999995,,,,1,2023-06-17T16:13:44+00:00
SAO_4055-10,São Paulo,3550308,True,,35215,,,-23.548416500000002,-46.42153425,,,,2,2023-06-17T16:13:51+00:00
SAO_372U-10,São Paulo,3550308,True,,33784,,,-23.5568485,-46.537368,,,,2,2023-06-17T16:13:43+00:00
SAO_372U-10,São Paulo,3550308,True,,33784,,,-23.5568485,-46.537368,,,,2,2023-06-17T16:13:53+00:00
SAO_372U-10,São Paulo,3550308,True,,33784,,,-23.5409625,-46.5764615,,,,2,2023-06-17T16:13:51+00:00
SAO_372U-10,São Paulo,3550308,True,,33784,,,-23.54990025,-46.571566000000004,,,,2,2023-06-17T16:13:48+00:00
SAO_372U-10,São Paulo,3550308,True,,33784,,,-23.568046000000002,-46.540943999999996,,,,2,2023-06-17T16:13:28+00:00
SAO_372U-10,São Paulo,3550308,True,,33784,,,-23.558691,-46.560616499999995,,,,2,2023-06-17T16:13:36+00:00
SAO_372U-10,São Paulo,3550308,True,,33784,,,-23.555246500000003,-46.545382000000004,,,,2,2023-06-17T16:13:23+00:00
SAO_4093-10,São Paulo,3550308,True,,2448,,,-23.5830225,-46.4086875,,,,1,2023-06-17T16:14:04+00:00
SAO_4093-10,São Paulo,3550308,True,,2448,,,-23.588952,-46.395677,,,,1,2023-06-17T16:13:23+00:00
SAO_4093-10,São Paulo,3550308,True,,2448,,,-23.588952,-46.395677,,,,1,2023-06-17T16:13:46+00:00
SAO_5318-10,São Paulo,3550308,True,,45,,,-23.61276225,-46.6707505,,,,1,2023-06-17T16:13:24+00:00
SAO_5318-10,São Paulo,3550308,True,,45,,,-23.556327,-46.63749625,,,,1,2023-06-17T16:13:52+00:00
SAO_5318-10,São Paulo,3550308,True,,45,,,-23.670436,-46.740786,,,,1,2023-06-17T16:13:25+00:00
SAO_2722-10,São Paulo,3550308,True,,33703,,,-23.52448925,-46.512992999999994,,,,2,2023-06-17T16:13:58+00:00
SAO_2722-10,São Paulo,3550308,True,,33703,,,-23.4905365,-46.49019025,,,,2,2023-06-17T16:13:33+00:00
SAO_2722-10,São Paulo,3550308,True,,33703,,,-23.4907925,-46.498247500000005,,,,2,2023-06-17T16:13:30+00:00
SAO_2722-10,São Paulo,3550308,True,,33703,,,-23.5072015,-46.494156000000004,,,,2,2023-06-17T16:13:40+00:00
SAO_957T-10,São Paulo,3550308,True,,33232,,,-23.436427374999997,-46.716528374999996,,,,2,2023-06-17T16:14:00+00:00
SAO_957T-10,São Paulo,3550308,True,,33232,,,-23.5245325,-46.7055015,,,,2,2023-06-17T16:13:27+00:00
SAO_957T-10,São Paulo,3550308,True,,33232,,,-23.436427374999997,-46.716528374999996,,,,2,2023-06-17T16:13:51+00:00
SAO_4005-10,São Paulo,3550308,True,,2179,,,-23.5833585,-46.4077735,,,,1,2023-06-17T16:13:58+00:00
SAO_5175-10,São Paulo,3550308,True,,593,,,-23.661351,-46.679339999999996,,,,1,2023-06-17T16:14:01+00:00
SAO_5175-10,São Paulo,3550308,True,,593,,,-23.702023,-46.646105500000004,,,,1,2023-06-17T16:13:44+00:00
SAO_5175-10,São Paulo,3550308,True,,593,,,-23.619234000000002,-46.66200875,,,,1,2023-06-17T16:13:46+00:00
SAO_5175-10,São Paulo,3550308,True,,593,,,-23.682413500000003,-46.63824150000001,,,,1,2023-06-17T16:14:07+00:00
SAO_5175-10,São Paulo,3550308,True,,593,,,-23.572267,-46.6537905,,,,1,2023-06-17T16:14:06+00:00
SAO_8622-10,São Paulo,3550308,True,,33206,,,-23.446649,-46.7985095,,,,2,2023-06-17T16:13:30+00:00
SAO_8622-10,São Paulo,3550308,True,,33206,,,-23.53275275,-46.65722375,,,,2,2023-06-17T16:13:30+00:00
SAO_8622-10,São Paulo,3550308,True,,33206,,,-23.4780765,-46.77005475,,,,2,2023-06-17T16:13:41+00:00
SAO_4113-10,São Paulo,3550308,True,,33536,,,-23.551361749999998,-46.640548499999994,,,,2,2023-06-17T16:13:34+00:00
SAO_4113-10,São Paulo,3550308,True,,33536,,,-23.551361749999998,-46.640548499999994,,,,2,2023-06-17T16:13:36+00:00
SAO_4113-10,São Paulo,3550308,True,,33536,,,-23.551361749999998,-46.640548499999994,,,,2,2023-06-17T16:13:34+00:00
SAO_4113-10,São Paulo,3550308,True,,33536,,,-23.5518445,-46.6351665,,,,2,2023-06-17T16:13:41+00:00
SAO_4113-10,São Paulo,3550308,True,,33536,,,-23.59431825,-46.61009625,,,,2,2023-06-17T16:14:04+00:00
SAO_4113-10,São Paulo,3550308,True,,33536,,,-23.551674999999996,-46.6398785,,,,2,2023-06-17T16:14:00+00:00
SAO_2710-10,São Paulo,3550308,True,,924,,,-23.520111999999997,-46.496934249999995,,,,1,2023-06-17T16:13:51+00:00
SAO_5030-10,São Paulo,3550308,True,,34437,,,-23.633547999999998,-46.605335875,,,,2,2023-06-17T16:13:49+00:00
SAO_5030-10,São Paulo,3550308,True,,34437,,,-23.637185000000002,-46.5953235,,,,2,2023-06-17T16:13:40+00:00
SAO_5030-10,São Paulo,3550308,True,,1669,,,-23.625593875,-46.606824625,,,,1,2023-06-17T16:13:28+00:00
SAO_2708-10,São Paulo,3550308,True,,921,,,-23.523204749999998,-46.429665,,,,1,2023-06-17T16:14:04+00:00
SAO_2708-10,São Paulo,3550308,True,,921,,,-23.5338625,-46.399665999999996,,,,1,2023-06-17T16:13:53+00:00
SAO_2708-10,São Paulo,3550308,True,,921,,,-23.5336605,-46.4000015,,,,1,2023-06-17T16:14:04+00:00
SAO_2708-10,São Paulo,3550308,True,,921,,,-23.5211035,-46.4279465,,,,1,2023-06-17T16:13:43+00:00
SAO_2708-10,São Paulo,3550308,True,,921,,,-23.534772750000002,-46.451460999999995,,,,1,2023-06-17T16:13:30+00:00
SAO_8600-10,São Paulo,3550308,True,,1432,,,-23.52321775,-46.654750500000006,,,,1,2023-06-17T16:13:59+00:00
SAO_8600-10,São Paulo,3550308,True,,1432,,,-23.486922,-46.7261875,,,,1,2023-06-17T16:13:47+00:00
SAO_877T-10,São Paulo,3550308,True,,1381,,,-23.532039249999997,-46.6605625,,,,1,2023-06-17T16:14:04+00:00
SAO_7023-10,São Paulo,3550308,True,,34920,,,-23.6995785,-46.763411500000004,,,,2,2023-06-17T16:12:55+00:00
SAO_7023-10,São Paulo,3550308,True,,34920,,,-23.692293999999997,-46.762299999999996,,,,2,2023-06-17T16:13:51+00:00
SAO_7023-10,São Paulo,3550308,True,,34920,,,-23.655545,-46.707713999999996,,,,2,2023-06-17T16:14:03+00:00
SAO_8549-10,São Paulo,3550308,True,EMTU,580,https://moovitapp.com/index/pt-br/transporte_p%C3%BAblico-line-580-Sao_Paulo-242-2038937-36419570-0,7.55,-23.501570875,-46.694356125,,,,1,2023-06-17T16:14:02+00:00
SAO_8549-10,São Paulo,3550308,True,EMTU,580,https://moovitapp.com/index/pt-br/transporte_p%C3%BAblico-line-580-Sao_Paulo-242-2038937-36419570-0,7.55,-23.439127,-46.708471,,,,1,2023-06-17T16:13:22+00:00
SAO_8549-10,São Paulo,3550308,True,EMTU,580,https://moovitapp.com/index/pt-br/transporte_p%C3%BAblico-line-580-Sao_Paulo-242-2038937-36419570-0,7.55,-23.537624,-46.643964,,,,1,2023-06-17T16:13:43+00:00
SAO_938V-10,São Paulo,3550308,True,STT,813,https://moovitapp.com/index/pt-br/transporte_p%C3%BAblico-line-813-Sao_Paulo-242-850661-183360-0,5.3,-23.473155,-46.678529499999996,,,,1,2023-06-17T16:13:57+00:00
SAO_938V-10,São Paulo,3550308,True,STT,813,https://moovitapp.com/index/pt-br/transporte_p%C3%BAblico-line-813-Sao_Paulo-242-850661-183360-0,5.3,-23.525709,-46.67127325,,,,1,2023-06-17T16:13:50+00:00
SAO_938V-10,São Paulo,3550308,True,STT,813,https://moovitapp.com/index/pt-br/transporte_p%C3%BAblico-line-813-Sao_Paulo-242-850661-183360-0,5.3,-23.46045675,-46.677351,,,,1,2023-06-17T16:13:57+00:00
SAO_938V-10,São Paulo,3550308,True,STT,813,https://moovitapp.com/index/pt-br/transporte_p%C3%BAblico-line-813-Sao_Paulo-242-850661-183360-0,5.3,-23.452041,-46.686868000000004,,,,1,2023-06-17T16:13:55+00:00
SAO_938V-10,São Paulo,3550308,True,STT,813,https://moovitapp.com/index/pt-br/transporte_p%C3%BAblico-line-813-Sao_Paulo-242-850661-183360-0,5.3,-23.517795125,-46.699339875,,,,1,2023-06-17T16:14:00+00:00
SAO_938V-10,São Paulo,3550308,True,STT,813,https://moovitapp.com/index/pt-br/transporte_p%C3%BAblico-line-813-Sao_Paulo-242-850661-183360-0,5.3,-23.5308065,-46.677728,,,,1,2023-06-17T16:13:45+00:00
SAO_948A-10,São Paulo,3550308,True,,34191,,,-23.525452,-46.681762,,,,2,2023-06-17T16:13:45+00:00
SAO_948A-10,São Paulo,3550308,True,,34191,,,-23.4694535,-46.7135935,,,,2,2023-06-17T16:13:25+00:00
SAO_6818-10,São Paulo,3550308,True,BR7 Mobilidade,28,https://moovitapp.com/index/pt-br/transporte_p%C3%BAblico-line-28-Sao_Paulo-242-851856-596008-0,5.75,-23.648502999999998,-46.773611,,,,1,2023-06-17T16:13:43+00:00
SAO_6818-10,São Paulo,3550308,True,BR7 Mobilidade,28,https://moovitapp.com/index/pt-br/transporte_p%C3%BAblico-line-28-Sao_Paulo-242-851856-596008-0,5.75,-23.655842999999997,-46.7727765,,,,1,2023-06-17T16:13:51+00:00
SAO_6818-10,São Paulo,3550308,True,BR7 Mobilidade,28,https://moovitapp.com/index/pt-br/transporte_p%C3%BAblico-line-28-Sao_Paulo-242-851856-596008-0,5.75,-23.655842999999997,-46.7727765,,,,1,2023-06-17T16:14:06+00:00
SAO_6818-10,São Paulo,3550308,True,BR7 Mobilidade,28,https://moovitapp.com/index/pt-br/transporte_p%C3%BAblico-line-28-Sao_Paulo-242-851856-596008-0,5.75,-23.655842999999997,-46.7727765,,,,1,2023-06-17T16:14:01+00:00
SAO_1764-10,São Paulo,3550308,True,,33393,,,-23.430141,-46.5840675,,,,2,2023-06-17T16:11:39+00:00
SAO_1764-10,São Paulo,3550308,True,,33393,,,-23.50031125,-46.622367999999994,,,,2,2023-06-17T16:13:57+00:00
SAO_1764-10,São Paulo,3550308,True,,33393,,,-23.4686935,-46.606162,,,,2,2023-06-17T16:13:45+00:00
SAO_1764-10,São Paulo,3550308,True,,33393,,,-23.4257975,-46.581669500000004,,,,2,2023-06-17T16:13:39+00:00
SAO_1764-10,São Paulo,3550308,True,,33393,,,-23.4485405,-46.591280999999995,,,,2,2023-06-17T16:13:37+00:00
SAO_574J-10,São Paulo,3550308,True,,1685,,,-23.568864,-46.545805,,,,1,2023-06-17T16:13:41+00:00
SAO_574J-10,São Paulo,3550308,True,,1685,,,-23.618278500000002,-46.60171425,,,,1,2023-06-17T16:13:44+00:00
SAO_574J-10,São Paulo,3550308,True,,1685,,,-23.626553,-46.6295375,,,,1,2023-06-17T16:13:57+00:00
SAO_574J-10,São Paulo,3550308,True,,1685,,,-23.59981425,-46.6017255,,,,1,2023-06-17T16:13:46+00:00
SAO_8072-10,São Paulo,3550308,True,,34847,,,-23.6423545,-46.7659975,,,,2,2023-06-17T16:13:42+00:00
SAO_8072-10,São Paulo,3550308,True,,34847,,,-23.642632499999998,-46.7658355,,,,2,2023-06-17T16:13:43+00:00
SAO_8072-10,São Paulo,3550308,True,,34847,,,-23.632402499999998,-46.7588265,,,,2,2023-06-17T16:14:03+00:00
SAO_8072-10,São Paulo,3550308,True,,34847,,,-23.5857665,-46.723943,,,,2,2023-06-17T16:13:53+00:00
SAO_8072-10,São Paulo,3550308,True,,34847,,,-23.642163,-46.766020499999996,,,,2,2023-06-17T16:14:02+00:00
SAO_5759-31,São Paulo,3550308,True,,33907,,,-23.636175,-46.64056825,,,,2,2023-06-17T16:14:04+00:00
SAO_5759-31,São Paulo,3550308,True,,33907,,,-23.6947445,-46.64808025,,,,2,2023-06-17T16:13:51+00:00
SAO_5759-31,São Paulo,3550308,True,,33907,,,-23.666031874999998,-46.65678737500001,,,,2,2023-06-17T16:13:36+00:00
SAO_5759-31,São Paulo,3550308,True,,33907,,,-23.642576750000003,-46.65633875,,,,2,2023-06-17T16:13:32+00:00
SAO_5759-31,São Paulo,3550308,True,,33907,,,-23.6948495,-46.64830975,,,,2,2023-06-17T16:14:00+00:00
SAO_5759-31,São Paulo,3550308,True,,33907,,,-23.694451,-46.647383500000004,,,,2,2023-06-17T16:13:37+00:00
SAO_6801-10,São Paulo,3550308,True,,32773,,,-23.660584,-46.7336095,,,,2,2023-06-17T16:13:26+00:00
SAO_6801-10,São Paulo,3550308,True,,32773,,,-23.6520225,-46.73388525,,,,2,2023-06-17T16:13:31+00:00
SAO_2551-10,São Paulo,3550308,True,,32909,,,-23.5173865,-46.47583825,,,,2,2023-06-17T16:13:43+00:00
SAO_2551-10,São Paulo,3550308,True,,32909,,,-23.53906475,-46.6071805,,,,2,2023-06-17T16:13:51+00:00
SAO_2551-10,São Paulo,3550308,True,,32909,,,-23.517572,-46.475783,,,,2,2023-06-17T16:13:33+00:00
SAO_746P-10,São Paulo,3550308,True,,788,,,-23.6236665,-46.7280325,,,,1,2023-06-17T16:14:07+00:00
SAO_746P-10,São Paulo,3550308,True,,788,,,-23.64467875,-46.726809,,,,1,2023-06-17T16:14:07+00:00
SAO_746P-10,São Paulo,3550308,True,,788,,,-23.622393000000002,-46.733672999999996,,,,1,2023-06-17T16:13:34+00:00
SAO_5036-10,São Paulo,3550308,True,,1666,,,-23.6571055,-46.613468999999995,,,,1,2023-06-17T16:13:53+00:00
SAO_5036-10,São Paulo,3550308,True,,1666,,,-23.65569525,-46.61347550000001,,,,1,2023-06-17T16:13:33+00:00
SAO_3001-10,São Paulo,3550308,True,,1650,,,-23.491863000000002,-46.433612,,,,1,2023-06-17T16:13:35+00:00
SAO_3001-10,São Paulo,3550308,True,,1650,,,-23.4950305,-46.410520500000004,,,,1,2023-06-17T16:13:40+00:00
SAO_9012-10,São Paulo,3550308,True,,1268,,,-23.5196905,-46.7002195,,,,1,2023-06-17T16:13:24+00:00
SAO_9012-10,São Paulo,3550308,True,,1268,,,-23.473307499999997,-46.6835035,,,,1,2023-06-17T16:13:36+00:00
SAO_178L-10,São Paulo,3550308,True,,33328,,,-23.474617000000002,-46.6435345,,,,2,2023-06-17T16:14:03+00:00
SAO_178L-10,São Paulo,3550308,True,,33328,,,-23.550093500000003,-46.682230000000004,,,,2,2023-06-17T16:14:02+00:00
SAO_178L-10,São Paulo,3550308,True,,33328,,,-23.5456565,-46.646638499999995,,,,2,2023-06-17T16:13:29+00:00
SAO_178L-10,São Paulo,3550308,True,,33328,,,-23.484537500000002,-46.641888,,,,2,2023-06-17T16:13:45+00:00
SAO_178L-10,São Paulo,3550308,True,,33328,,,-23.501071500000002,-46.624572,,,,2,2023-06-17T16:13:31+00:00
SAO_178L-10,São Paulo,3550308,True,,33328,,,-23.550532,-46.682537499999995,,,,2,2023-06-17T16:13:59+00:00
SAO_5026-10,São Paulo,3550308,True,,34403,,,-23.625421,-46.5043765,,,,2,2023-06-17T16:13:49+00:00
SAO_3023-10,São Paulo,3550308,True,,33728,,,-23.564069,-46.5051995,,,,2,2023-06-17T16:13:55+00:00
SAO_3023-10,São Paulo,3550308,True,,33728,,,-23.569687000000002,-46.5081625,,,,2,2023-06-17T16:13:59+00:00
SAO_3023-10,São Paulo,3550308,True,,33728,,,-23.622574,-46.472314499999996,,,,2,2023-06-17T16:13:59+00:00
SAO_3023-10,São Paulo,3550308,True,,33728,,,-23.60364525,-46.4816365,,,,2,2023-06-17T16:13:52+00:00
SAO_573A-10,São Paulo,3550308,True,,34405,,,-23.5469055,-46.6063945,,,,2,2023-06-17T16:13:52+00:00
SAO_573A-10,São Paulo,3550308,True,,34405,,,-23.556246,-46.600106499999995,,,,2,2023-06-17T16:14:00+00:00
SAO_573A-10,São Paulo,3550308,True,,34405,,,-23.575276000000002,-46.5872385,,,,2,2023-06-17T16:14:02+00:00
SAO_573A-10,São Paulo,3550308,True,,34405,,,-23.5471265,-46.60678849999999,,,,2,2023-06-17T16:14:02+00:00
SAO_573A-10,São Paulo,3550308,True,,34405,,,-23.596563,-46.5587515,,,,2,2023-06-17T16:13:31+00:00
SAO_647P-10,São Paulo,3550308,True,,34084,,,-23.675173,-46.784257,,,,2,2023-06-17T16:14:01+00:00
SAO_647P-10,São Paulo,3550308,True,,34084,,,-23.674748,-46.78398249999999,,,,2,2023-06-17T16:14:05+00:00
SAO_647P-10,São Paulo,3550308,True,,34084,,,-23.63033325,-46.73643025,,,,2,2023-06-17T16:13:58+00:00
SAO_647P-10,São Paulo,3550308,True,,34084,,,-23.576054,-46.687749,,,,2,2023-06-17T16:13:55+00:00
SAO_647P-10,São Paulo,3550308,True,,34084,,,-23.6597115,-46.766908,,,,2,2023-06-17T16:14:02+00:00
SAO_647P-10,São Paulo,3550308,True,,34084,,,-23.6749685,-46.784116,,,,2,2023-06-17T16:13:49+00:00
SAO_647P-10,São Paulo,3550308,True,,34084,,,-23.674748,-46.78398249999999,,,,2,2023-06-17T16:13:53+00:00
SAO_3301-10,São Paulo,3550308,True,,34386,,,-23.491525000000003,-46.434801500000006,,,,2,2023-06-17T16:14:03+00:00
SAO_3301-10,São Paulo,3550308,True,,34386,,,-23.518178,-46.54903,,,,2,2023-06-17T16:13:58+00:00
SAO_3301-10,São Paulo,3550308,True,,34386,,,-23.53362875,-46.56546,,,,2,2023-06-17T16:13:56+00:00
SAO_3301-10,São Paulo,3550308,True,,34386,,,-23.51252925,-46.514734250000004,,,,2,2023-06-17T16:13:22+00:00
SAO_6824-10,São Paulo,3550308,True,BR7 Mobilidade,23,https://moovitapp.com/index/pt-br/transporte_p%C3%BAblico-line-23-Sao_Paulo-242-851856-518590-0,5.75,-23.661,-46.7783035,,,,1,2023-06-17T16:14:06+00:00
SAO_6824-10,São Paulo,3550308,True,BR7 Mobilidade,23,https://moovitapp.com/index/pt-br/transporte_p%C3%BAblico-line-23-Sao_Paulo-242-851856-518590-0,5.75,-23.673658500000002,-46.791049,,,,1,2023-06-17T16:13:33+00:00
SAO_3737-10,São Paulo,3550308,True,,33805,,,-23.539384,-46.515429499999996,,,,2,2023-06-17T16:13:25+00:00
SAO_3737-10,São Paulo,3550308,True,,33805,,,-23.54758,-46.50970625000001,,,,2,2023-06-17T16:13:42+00:00
SAO_3737-10,São Paulo,3550308,True,,33805,,,-23.5421435,-46.511653249999995,,,,2,2023-06-17T16:13:43+00:00
SAO_3737-10,São Paulo,3550308,True,,33805,,,-23.557834,-46.5097855,,,,2,2023-06-17T16:13:58+00:00
SAO_3737-10,São Paulo,3550308,True,,33805,,,-23.5612445,-46.509851,,,,2,2023-06-17T16:13:33+00:00
SAO_178A-10,São Paulo,3550308,True,EMTU,558,https://moovitapp.com/index/pt-br/transporte_p%C3%BAblico-line-558-Sao_Paulo-242-2038937-36419559-0,4.4,-23.532182499999998,-46.63375,,,,1,2023-06-17T16:13:22+00:00
SAO_178A-10,São Paulo,3550308,True,EMTU,558,https://moovitapp.com/index/pt-br/transporte_p%C3%BAblico-line-558-Sao_Paulo-242-2038937-36419559-0,4.4,-23.521546,-46.6982285,,,,1,2023-06-17T16:14:06+00:00
SAO_848L-10,São Paulo,3550308,True,EMTU,808,https://moovitapp.com/index/pt-br/transporte_p%C3%BAblico-line-808-Sao_Paulo-242-2038937-36419584-0,4.8,-23.4054765,-46.75257525,,,,1,2023-06-17T16:14:06+00:00
SAO_848L-10,São Paulo,3550308,True,EMTU,808,https://moovitapp.com/index/pt-br/transporte_p%C3%BAblico-line-808-Sao_Paulo-242-2038937-36419584-0,4.8,-23.413953499999998,-46.750866,,,,1,2023-06-17T16:14:08+00:00
SAO_848L-10,São Paulo,3550308,True,EMTU,808,https://moovitapp.com/index/pt-br/transporte_p%C3%BAblico-line-808-Sao_Paulo-242-2038937-36419584-0,4.8,-23.433868750000002,-46.720385125,,,,1,2023-06-17T16:13:27+00:00
SAO_848L-10,São Paulo,3550308,True,EMTU,808,https://moovitapp.com/index/pt-br/transporte_p%C3%BAblico-line-808-Sao_Paulo-242-2038937-36419584-0,4.8,-23.4432575,-46.7217335,,,,1,2023-06-17T16:13:38+00:00
SAO_6027-10,São Paulo,3550308,True,,32858,,,-23.72318425,-46.670979,,,,2,2023-06-17T16:13:45+00:00
SAO_6027-10,São Paulo,3550308,True,,32858,,,-23.702490625,-46.701837375,,,,2,2023-06-17T16:13:32+00:00
SAO_6027-10,São Paulo,3550308,True,,32858,,,-23.721588500000003,-46.6900635,,,,2,2023-06-17T16:13:49+00:00
SAO_6027-10,São Paulo,3550308,True,,32858,,,-23.72318425,-46.670979,,,,2,2023-06-17T16:14:02+00:00
SAO_6027-10,São Paulo,3550308,True,,32858,,,-23.655170249999998,-46.70783675,,,,2,2023-06-17T16:13:24+00:00
SAO_502J-10,São Paulo,3550308,True,,1275,,,-23.59849425,-46.63818525,,,,1,2023-06-17T16:13:30+00:00
SAO_502J-10,São Paulo,3550308,True,,1275,,,-23.639346500000002,-46.659690749999996,,,,1,2023-06-17T16:13:57+00:00
SAO_502J-10,São Paulo,3550308,True,,1275,,,-23.675714,-46.6625515,,,,1,2023-06-17T16:13:01+00:00
SAO_3762-10,São Paulo,3550308,True,,33821,,,-23.543156,-46.559120500000006,,,,2,2023-06-17T16:13:34+00:00
SAO_3762-10,São Paulo,3550308,True,,33821,,,-23.5909755,-46.5166185,,,,2,2023-06-17T16:13:38+00:00
SAO_3762-10,São Paulo,3550308,True,,33821,,,-23.5730085,-46.5334985,,,,2,2023-06-17T16:13:47+00:00
SAO_3762-10,São Paulo,3550308,True,,33821,,,-23.5766245,-46.5170915,,,,2,2023-06-17T16:13:25+00:00
SAO_3762-10,São Paulo,3550308,True,,33821,,,-23.560747,-46.5478495,,,,2,2023-06-17T16:13:55+00:00
SAO_3742-10,São Paulo,3550308,True,,1042,,,-23.542569999999998,-46.46953499999999,,,,1,2023-06-17T16:13:32+00:00
SAO_3742-10,São Paulo,3550308,True,,1042,,,-23.537851125000003,-46.455333,,,,1,2023-06-17T16:13:45+00:00
SAO_3742-10,São Paulo,3550308,True,,1042,,,-23.6050545,-46.434651,,,,1,2023-06-17T16:13:26+00:00
SAO_3742-10,São Paulo,3550308,True,,1042,,,-23.571699000000002,-46.446363500000004,,,,1,2023-06-17T16:13:27+00:00
SAO_5652-22,São Paulo,3550308,True,,2516,,,-23.645631,-46.6735345,,,,1,2023-06-17T16:13:35+00:00
SAO_5652-22,São Paulo,3550308,True,,2516,,,-23.7178855,-46.6988305,,,,1,2023-06-17T16:14:02+00:00
SAO_5652-22,São Paulo,3550308,True,,2516,,,-23.59499075,-46.6503635,,,,1,2023-06-17T16:13:33+00:00
SAO_5652-22,São Paulo,3550308,True,,2516,,,-23.6550135,-46.6797735,,,,1,2023-06-17T16:14:04+00:00
SAO_847P-42,São Paulo,3550308,True,,34192,,,-23.596588,-46.691509499999995,,,,2,2023-06-17T16:13:44+00:00
SAO_7059-10,São Paulo,3550308,True,,34692,,,-23.658301,-46.7819395,,,,2,2023-06-17T16:13:30+00:00
SAO_7059-10,São Paulo,3550308,True,,34692,,,-23.635415000000002,-46.776247,,,,2,2023-06-17T16:14:03+00:00
SAO_7059-10,São Paulo,3550308,True,,34692,,,-23.659351,-46.7833245,,,,2,2023-06-17T16:13:53+00:00
SAO_748R-10,São Paulo,3550308,True,EMTU,501,https://moovitapp.com/index/pt-br/transporte_p%C3%BAblico-line-501-Sao_Paulo-242-2038937-36419526-0,7.55,-23.5631055,-46.747722499999995,,,,1,2023-06-17T16:13:42+00:00
SAO_748R-10,São Paulo,3550308,True,EMTU,501,https://moovitapp.com/index/pt-br/transporte_p%C3%BAblico-line-501-Sao_Paulo-242-2038937-36419526-0,7.55,-23.5249765,-46.69043675,,,,1,2023-06-17T16:13:34+00:00
SAO_748R-10,São Paulo,3550308,True,EMTU,501,https://moovitapp.com/index/pt-br/transporte_p%C3%BAblico-line-501-Sao_Paulo-242-2038937-36419526-0,7.55,-23.5510456875,-46.740044062500004,,,,1,2023-06-17T16:14:06+00:00
SAO_748R-10,São Paulo,3550308,True,EMTU,501,https://moovitapp.com/index/pt-br/transporte_p%C3%BAblico-line-501-Sao_Paulo-242-2038937-36419526-0,7.55,-23.5502831875,-46.7392525625,,,,1,2023-06-17T16:13:37+00:00
SAO_748R-10,São Paulo,3550308,True,EMTU,501,https://moovitapp.com/index/pt-br/transporte_p%C3%BAblico-line-501-Sao_Paulo-242-2038937-36419526-0,7.55,-23.596007,-46.789506,,,,1,2023-06-17T16:14:06+00:00
SAO_407K-10,São Paulo,3550308,True,,2168,,,-23.559109999999997,-46.513171,,,,1,2023-06-17T16:13:31+00:00
SAO_407K-10,São Paulo,3550308,True,,2168,,,-23.54220625,-46.5339075,,,,1,2023-06-17T16:13:23+00:00
SAO_407K-10,São Paulo,3550308,True,,2168,,,-23.603975,-46.4813555,,,,1,2023-06-17T16:13:55+00:00
SAO_5185-10,São Paulo,3550308,True,,34076,,,-23.668242,-46.7355055,,,,2,2023-06-17T16:13:50+00:00
SAO_5185-10,São Paulo,3550308,True,,34076,,,-23.633499,-46.669164,,,,2,2023-06-17T16:13:49+00:00
SAO_5185-10,São Paulo,3550308,True,,34076,,,-23.667807,-46.7355005,,,,2,2023-06-17T16:13:46+00:00
SAO_5185-10,São Paulo,3550308,True,,34076,,,-23.582401500000003,-46.657236,,,,2,2023-06-17T16:13:25+00:00
SAO_6014-10,São Paulo,3550308,True,,32956,,,-23.73374225,-46.792535,,,,2,2023-06-17T16:13:50+00:00
SAO_6014-10,São Paulo,3550308,True,,32956,,,-23.6671625,-46.727432,,,,2,2023-06-17T16:13:38+00:00
SAO_6014-10,São Paulo,3550308,True,,32956,,,-23.654016,-46.710308999999995,,,,2,2023-06-17T16:13:33+00:00
SAO_6014-10,São Paulo,3550308,True,,32956,,,-23.742814499999998,-46.80108325,,,,2,2023-06-17T16:13:45+00:00
SAO_6014-10,São Paulo,3550308,True,,32956,,,-23.742814499999998,-46.80108325,,,,2,2023-06-17T16:13:52+00:00
SAO_509J-10,São Paulo,3550308,True,EMTU,264,https://moovitapp.com/index/pt-br/transporte_p%C3%BAblico-line-264-Sao_Paulo-242-2038937-36419374-0,6.2,-23.692509,-46.6604035,,,,1,2023-06-17T16:12:59+00:00
SAO_509J-10,São Paulo,3550308,True,EMTU,264,https://moovitapp.com/index/pt-br/transporte_p%C3%BAblico-line-264-Sao_Paulo-242-2038937-36419374-0,6.2,-23.639591499999998,-46.673327,,,,1,2023-06-17T16:13:31+00:00
SAO_509J-10,São Paulo,3550308,True,EMTU,264,https://moovitapp.com/index/pt-br/transporte_p%C3%BAblico-line-264-Sao_Paulo-242-2038937-36419374-0,6.2,-23.6081445,-46.66040075,,,,1,2023-06-17T16:13:40+00:00
SAO_1775-10,São Paulo,3550308,True,,33406,,,-23.4524855,-46.614638,,,,2,2023-06-17T16:13:46+00:00
SAO_1775-10,São Paulo,3550308,True,,33406,,,-23.50798675,-46.624788499999994,,,,2,2023-06-17T16:13:48+00:00
SAO_1775-10,São Paulo,3550308,True,,33406,,,-23.447411000000002,-46.6097415,,,,2,2023-06-17T16:13:57+00:00
SAO_6063-42,São Paulo,3550308,True,,34770,,,-23.809403,-46.6612485,,,,2,2023-06-17T16:13:48+00:00
SAO_6063-42,São Paulo,3550308,True,,34770,,,-23.80216625,-46.67915325,,,,2,2023-06-17T16:14:05+00:00
SAO_6063-42,São Paulo,3550308,True,,34770,,,-23.809403,-46.6612485,,,,2,2023-06-17T16:13:54+00:00
SAO_3051-10,São Paulo,3550308,True,,35214,,,-23.514493,-46.4689845,,,,2,2023-06-17T16:13:57+00:00
SAO_3051-10,São Paulo,3550308,True,,35214,,,-23.48905675,-46.47815825000001,,,,2,2023-06-17T16:13:52+00:00
SAO_807A-10,São Paulo,3550308,True,,1900,,,-23.6366205,-46.7695205,,,,1,2023-06-17T16:14:01+00:00
SAO_807A-10,São Paulo,3550308,True,,1900,,,-23.652657750000003,-46.70861875,,,,1,2023-06-17T16:13:46+00:00
SAO_2123-10,São Paulo,3550308,True,,33460,,,-23.54076025,-46.61705775,,,,2,2023-06-17T16:11:47+00:00
SAO_2123-10,São Paulo,3550308,True,,33460,,,-23.496263749999997,-46.58603050000001,,,,2,2023-06-17T16:13:43+00:00
SAO_2123-10,São Paulo,3550308,True,,33460,,,-23.4884535,-46.582411,,,,2,2023-06-17T16:13:29+00:00
SAO_938P-10,São Paulo,3550308,True,,888,,,-23.5266425,-46.66785350000001,,,,1,2023-06-17T16:13:43+00:00
SAO_938P-10,São Paulo,3550308,True,,888,,,-23.468326249999997,-46.68026225,,,,1,2023-06-17T16:13:44+00:00
SAO_938P-10,São Paulo,3550308,True,,888,,,-23.498821999999997,-46.694343,,,,1,2023-06-17T16:13:49+00:00
SAO_938P-10,São Paulo,3550308,True,,888,,,-23.530333374999998,-46.6814435,,,,1,2023-06-17T16:13:38+00:00
SAO_407F-10,São Paulo,3550308,True,,34935,,,-23.5767205,-46.523028999999994,,,,2,2023-06-17T16:13:48+00:00
SAO_407F-10,São Paulo,3550308,True,,34935,,,-23.542249499999997,-46.589866,,,,2,2023-06-17T16:13:49+00:00
SAO_407F-10,São Paulo,3550308,True,,34935,,,-23.6122695,-46.4762145,,,,2,2023-06-17T16:13:43+00:00
SAO_407F-10,São Paulo,3550308,True,,34935,,,-23.542249499999997,-46.589866,,,,2,2023-06-17T16:13:56+00:00
SAO_5290-10,São Paulo,3550308,True,,597,,,-23.6816055,-46.6367515,,,,1,2023-06-17T16:13:32+00:00
SAO_5290-10,São Paulo,3550308,True,,597,,,-23.628226125,-46.643981375,,,,1,2023-06-17T16:13:22+00:00
SAO_5290-10,São Paulo,3550308,True,,597,,,-23.5465655,-46.630341,,,,1,2023-06-17T16:13:27+00:00
SAO_5290-10,São Paulo,3550308,True,,597,,,-23.678641499999998,-46.63029575,,,,1,2023-06-17T16:12:25+00:00
SAO_5290-10,São Paulo,3550308,True,,597,,,-23.5527845,-46.6345825,,,,1,2023-06-17T16:13:56+00:00
SAO_5290-10,São Paulo,3550308,True,,597,,,-23.591474499999997,-46.6357215,,,,1,2023-06-17T16:13:42+00:00
SAO_2002-10,São Paulo,3550308,True,,33479,,,-23.552137000000002,-46.634062,,,,2,2023-06-17T16:14:00+00:00
SAO_2002-10,São Paulo,3550308,True,,33479,,,-23.5463875,-46.630173,,,,2,2023-06-17T16:13:31+00:00
SAO_2002-10,São Paulo,3550308,True,,33479,,,-23.5465215,-46.630083,,,,2,2023-06-17T16:14:03+00:00
SAO_809J-10,São Paulo,3550308,True,,34834,,,-23.5941975,-46.731233,,,,2,2023-06-17T16:14:02+00:00
SAO_809J-10,São Paulo,3550308,True,,34834,,,-23.5941975,-46.731233,,,,2,2023-06-17T16:13:47+00:00
SAO_407M-10,São Paulo,3550308,True,,318,,,-23.5851285,-46.6195335,,,,1,2023-06-17T16:13:41+00:00
SAO_8544-10,São Paulo,3550308,True,EMTU,430,https://moovitapp.com/index/pt-br/transporte_p%C3%BAblico-line-430-Sao_Paulo-242-2038937-36584270-0,5.2,-23.518904,-46.6765535,,,,1,2023-06-17T16:14:06+00:00
SAO_695V-10,São Paulo,3550308,True,,8,,,-23.587968,-46.652131,,,,1,2023-06-17T16:13:51+00:00
SAO_695V-10,São Paulo,3550308,True,,8,,,-23.6517585,-46.75778675,,,,1,2023-06-17T16:13:58+00:00
SAO_273V-10,São Paulo,3550308,True,EMTU,231,https://moovitapp.com/index/pt-br/transporte_p%C3%BAblico-line-231-Sao_Paulo-242-2038937-36419348-0,6.2,-23.534185,-46.456308500000006,,,,1,2023-06-17T16:13:31+00:00
SAO_273V-10,São Paulo,3550308,True,EMTU,231,https://moovitapp.com/index/pt-br/transporte_p%C3%BAblico-line-231-Sao_Paulo-242-2038937-36419348-0,6.2,-23.531382,-46.5305395,,,,1,2023-06-17T16:14:06+00:00
SAO_2727-10,São Paulo,3550308,True,,33710,,,-23.521929,-46.4574135,,,,2,2023-06-17T16:13:36+00:00
SAO_2727-10,São Paulo,3550308,True,,33710,,,-23.540062499999998,-46.482594375,,,,2,2023-06-17T16:14:00+00:00
SAO_2727-10,São Paulo,3550308,True,,33710,,,-23.540062499999998,-46.482594375,,,,2,2023-06-17T16:14:02+00:00
SAO_5038-10,São Paulo,3550308,True,,34429,,,-23.6530245,-46.602299,,,,2,2023-06-17T16:13:37+00:00
SAO_5038-10,São Paulo,3550308,True,,34429,,,-23.653293500000004,-46.602455000000006,,,,2,2023-06-17T16:13:28+00:00
SAO_5038-10,São Paulo,3550308,True,,34429,,,-23.654944999999998,-46.6054465,,,,2,2023-06-17T16:13:38+00:00
SAO_5038-10,São Paulo,3550308,True,,34429,,,-23.6141315,-46.6010235,,,,2,2023-06-17T16:14:00+00:00
SAO_5705-10,São Paulo,3550308,True,,1657,,,-23.6026645,-46.60273,,,,1,2023-06-17T16:14:03+00:00
SAO_5705-10,São Paulo,3550308,True,,1657,,,-23.5841275,-46.63652525,,,,1,2023-06-17T16:13:25+00:00
SAO_978A-10,São Paulo,3550308,True,,34137,,,-23.515228,-46.68981025,,,,2,2023-06-17T16:13:55+00:00
SAO_5106-31,São Paulo,3550308,True,,1305,,,-23.616718,-46.6441755,,,,1,2023-06-17T16:12:31+00:00
SAO_5106-31,São Paulo,3550308,True,,1305,,,-23.68274925,-46.6331345,,,,1,2023-06-17T16:13:29+00:00
SAO_7012-10,São Paulo,3550308,True,,2043,,,-23.6759545,-46.7530775,,,,1,2023-06-17T16:13:29+00:00
SAO_7012-10,São Paulo,3550308,True,,2043,,,-23.668242,-46.7355055,,,,1,2023-06-17T16:13:34+00:00
SAO_4222-10,São Paulo,3550308,True,,33056,,,-23.5802415,-46.569306,,,,2,2023-06-17T16:13:56+00:00
SAO_4222-10,São Paulo,3550308,True,,33056,,,-23.6143715,-46.512184000000005,,,,2,2023-06-17T16:13:38+00:00
SAO_4222-10,São Paulo,3550308,True,,33056,,,-23.6143715,-46.512184000000005,,,,2,2023-06-17T16:13:33+00:00
SAO_6071-10,São Paulo,3550308,True,,33924,,,-23.66265025,-46.69258024999999,,,,2,2023-06-17T16:13:31+00:00
SAO_6071-10,São Paulo,3550308,True,,33924,,,-23.7189085,-46.679475,,,,2,2023-06-17T16:13:26+00:00
SAO_6071-10,São Paulo,3550308,True,,33924,,,-23.7190325,-46.689988,,,,2,2023-06-17T16:13:27+00:00
SAO_6071-10,São Paulo,3550308,True,,33924,,,-23.69477775,-46.6946695,,,,2,2023-06-17T16:14:00+00:00
SAO_4011-10,São Paulo,3550308,True,,34952,,,-23.6227125,-46.414294,,,,2,2023-06-17T16:13:22+00:00
SAO_4011-10,São Paulo,3550308,True,,34952,,,-23.602997,-46.430473,,,,2,2023-06-17T16:13:27+00:00
SAO_4011-10,São Paulo,3550308,True,,34952,,,-23.6226765,-46.416636999999994,,,,2,2023-06-17T16:14:01+00:00
SAO_4011-10,São Paulo,3550308,True,,34952,,,-23.622307,-46.4139265,,,,2,2023-06-17T16:08:11+00:00
SAO_4011-10,São Paulo,3550308,True,,34952,,,-23.606507999999998,-46.471641250000005,,,,2,2023-06-17T16:14:03+00:00
SAO_1722-10,São Paulo,3550308,True,,864,,,-23.467438,-46.594452000000004,,,,1,2023-06-17T16:13:42+00:00
SAO_1722-10,São Paulo,3550308,True,,864,,,-23.457922,-46.603652249999996,,,,1,2023-06-17T16:12:29+00:00
SAO_1722-10,São Paulo,3550308,True,,864,,,-23.479046500000003,-46.6015705,,,,1,2023-06-17T16:13:50+00:00
SAO_1722-10,São Paulo,3550308,True,,864,,,-23.4709815,-46.65066,,,,1,2023-06-17T16:13:39+00:00
SAO_1722-10,São Paulo,3550308,True,,864,,,-23.4816705,-46.6731425,,,,1,2023-06-17T16:13:42+00:00
SAO_1722-10,São Paulo,3550308,True,,864,,,-23.4662625,-46.6319465,,,,1,2023-06-17T16:13:06+00:00
SAO_477A-10,São Paulo,3550308,True,,33114,,,-23.579624000000003,-46.603175,,,,2,2023-06-17T16:13:56+00:00
SAO_477A-10,São Paulo,3550308,True,,33114,,,-23.5726825,-46.6898945,,,,2,2023-06-17T16:13:44+00:00
SAO_477A-10,São Paulo,3550308,True,,33114,,,-23.60439075,-46.60359,,,,2,2023-06-17T16:13:33+00:00
SAO_477A-10,São Paulo,3550308,True,,33114,,,-23.5781975,-46.640555,,,,2,2023-06-17T16:13:27+00:00
SAO_477A-10,São Paulo,3550308,True,,33114,,,-23.604847,-46.604936,,,,2,2023-06-17T16:13:53+00:00
SAO_2734-10,São Paulo,3550308,True,,34528,,,-23.504152499999996,-46.432775,,,,2,2023-06-17T16:13:57+00:00
SAO_2734-10,São Paulo,3550308,True,,34528,,,-23.52829725,-46.446426,,,,2,2023-06-17T16:14:05+00:00
SAO_273G-10,São Paulo,3550308,True,,32991,,,-23.481525249999997,-46.41659775,,,,2,2023-06-17T16:14:01+00:00
SAO_273G-10,São Paulo,3550308,True,,32991,,,-23.49173,-46.44601225,,,,2,2023-06-17T16:13:30+00:00
SAO_273G-10,São Paulo,3550308,True,,32991,,,-23.498019999999997,-46.461729875,,,,2,2023-06-17T16:13:44+00:00
SAO_2755-10,São Paulo,3550308,True,STT,233,https://moovitapp.com/index/pt-br/transporte_p%C3%BAblico-line-233-Sao_Paulo-242-850661-183266-0,5.3,-23.517461,-46.4810315,,,,1,2023-06-17T16:13:47+00:00
SAO_2755-10,São Paulo,3550308,True,STT,233,https://moovitapp.com/index/pt-br/transporte_p%C3%BAblico-line-233-Sao_Paulo-242-850661-183266-0,5.3,-23.532943500000002,-46.5433115,,,,1,2023-06-17T16:14:05+00:00
SAO_2755-10,São Paulo,3550308,True,STT,233,https://moovitapp.com/index/pt-br/transporte_p%C3%BAblico-line-233-Sao_Paulo-242-850661-183266-0,5.3,-23.52137775,-46.54647,,,,1,2023-06-17T16:13:29+00:00
SAO_2755-10,São Paulo,3550308,True,STT,233,https://moovitapp.com/index/pt-br/transporte_p%C3%BAblico-line-233-Sao_Paulo-242-850661-183266-0,5.3,-23.536396875,-46.397093125,,,,1,2023-06-17T16:13:47+00:00
SAO_3791-10,São Paulo,3550308,True,,1069,,,-23.5425025,-46.484374625,,,,1,2023-06-17T16:13:32+00:00
SAO_3791-10,São Paulo,3550308,True,,1069,,,-23.563410499999996,-46.50840425,,,,1,2023-06-17T16:13:47+00:00
SAO_4732-31,São Paulo,3550308,True,,2127,,,-23.629752000000003,-46.604234874999996,,,,1,2023-06-17T16:13:55+00:00
SAO_2023-10,São Paulo,3550308,True,,2260,,,-23.3999025,-46.5774335,,,,1,2023-06-17T16:13:57+00:00
SAO_2023-10,São Paulo,3550308,True,,2260,,,-23.445602,-46.5969175,,,,1,2023-06-17T16:13:51+00:00
SAO_2023-10,São Paulo,3550308,True,,2260,,,-23.476387250000002,-46.60958375,,,,1,2023-06-17T16:13:31+00:00
SAO_807A-10,São Paulo,3550308,True,,34668,,,-23.6336875,-46.772041,,,,2,2023-06-17T16:13:24+00:00
SAO_807A-10,São Paulo,3550308,True,,34668,,,-23.64481825,-46.71861725,,,,2,2023-06-17T16:13:54+00:00
SAO_807A-10,São Paulo,3550308,True,,34668,,,-23.630661,-46.773396000000005,,,,2,2023-06-17T16:13:50+00:00
SAO_938V-10,São Paulo,3550308,True,,33581,,,-23.4527645,-46.6849925,,,,2,2023-06-17T16:14:02+00:00
SAO_938V-10,São Paulo,3550308,True,,33581,,,-23.498008874999996,-46.6975575,,,,2,2023-06-17T16:13:41+00:00
SAO_938V-10,São Paulo,3550308,True,,33581,,,-23.515392,-46.693663625,,,,2,2023-06-17T16:13:33+00:00
SAO_938V-10,São Paulo,3550308,True,,33581,,,-23.49344925,-46.696834249999995,,,,2,2023-06-17T16:13:25+00:00
SAO_938V-10,São Paulo,3550308,True,,33581,,,-23.452824999999997,-46.6848085,,,,2,2023-06-17T16:13:26+00:00
SAO_938V-10,São Paulo,3550308,True,,33581,,,-23.4844985,-46.6881535,,,,2,2023-06-17T16:13:50+00:00
SAO_938V-10,São Paulo,3550308,True,,33581,,,-23.4527645,-46.6849925,,,,2,2023-06-17T16:13:23+00:00
SAO_938V-10,São Paulo,3550308,True,,33581,,,-23.452434,-46.68628,,,,2,2023-06-17T16:13:39+00:00
SAO_938V-10,São Paulo,3550308,True,,33581,,,-23.4747755,-46.678951,,,,2,2023-06-17T16:13:54+00:00
SAO_342N-10,São Paulo,3550308,True,,1003,,,-23.542113,-46.418746,,,,1,2023-06-17T16:13:59+00:00
SAO_342N-10,São Paulo,3550308,True,,1003,,,-23.53482375,-46.452111,,,,1,2023-06-17T16:13:41+00:00
SAO_342N-10,São Paulo,3550308,True,,1003,,,-23.56751,-46.397960499999996,,,,1,2023-06-17T16:13:28+00:00
SAO_9006-10,São Paulo,3550308,True,,33642,,,-23.471304500000002,-46.68156275,,,,2,2023-06-17T16:14:04+00:00
SAO_9006-10,São Paulo,3550308,True,,33642,,,-23.464864,-46.6906185,,,,2,2023-06-17T16:13:42+00:00
SAO_9006-10,São Paulo,3550308,True,,33642,,,-23.4650015,-46.690522,,,,2,2023-06-17T16:13:41+00:00
SAO_908T-10,São Paulo,3550308,True,,2116,,,-23.546264,-46.633482,,,,1,2023-06-17T16:13:28+00:00
SAO_908T-10,São Paulo,3550308,True,,2116,,,-23.5737265,-46.67650175,,,,1,2023-06-17T16:13:27+00:00
SAO_5091-10,São Paulo,3550308,True,,34291,,,-23.68224575,-46.6769735,,,,2,2023-06-17T16:13:53+00:00
SAO_5091-10,São Paulo,3550308,True,,34291,,,-23.68224575,-46.6769735,,,,2,2023-06-17T16:13:41+00:00
SAO_5091-10,São Paulo,3550308,True,,34291,,,-23.6925105,-46.6651105,,,,2,2023-06-17T16:14:08+00:00
SAO_5091-10,São Paulo,3550308,True,,34291,,,-23.6699235,-46.6329715,,,,2,2023-06-17T16:13:26+00:00
SAO_4024-10,São Paulo,3550308,True,,34926,,,-23.55700525,-46.43138775,,,,2,2023-06-17T16:11:34+00:00
SAO_4024-10,São Paulo,3550308,True,,34926,,,-23.567211,-46.42397750000001,,,,2,2023-06-17T16:13:27+00:00
SAO_2020-10,São Paulo,3550308,True,,35030,,,-23.4593665,-46.632753,,,,2,2023-06-17T16:13:37+00:00
SAO_2020-10,São Paulo,3550308,True,,35030,,,-23.470777249999998,-46.6057885,,,,2,2023-06-17T16:13:25+00:00
SAO_199D-10,São Paulo,3550308,True,,2135,,,-23.563143,-46.690856,,,,1,2023-06-17T16:13:40+00:00
SAO_199D-10,São Paulo,3550308,True,,2135,,,-23.53037125,-46.690591999999995,,,,1,2023-06-17T16:13:24+00:00
SAO_5141-10,São Paulo,3550308,True,,1625,,,-23.614004,-46.501168500000006,,,,1,2023-06-17T16:13:39+00:00
SAO_5141-10,São Paulo,3550308,True,,1625,,,-23.5463055,-46.6263785,,,,1,2023-06-17T16:13:52+00:00
SAO_5141-10,São Paulo,3550308,True,,1625,,,-23.577434,-46.548098249999995,,,,1,2023-06-17T16:13:43+00:00
SAO_4708-10,São Paulo,3550308,True,,33100,,,-23.639317499999997,-46.607468,,,,2,2023-06-17T16:13:38+00:00
SAO_4708-10,São Paulo,3550308,True,,33100,,,-23.595192500000003,-46.623934000000006,,,,2,2023-06-17T16:13:42+00:00
SAO_8019-31,São Paulo,3550308,True,,35342,,,-23.545079,-46.74755450000001,,,,2,2023-06-17T16:13:32+00:00
SAO_7062-10,São Paulo,3550308,True,,1898,,,-23.6414165,-46.76647749999999,,,,1,2023-06-17T16:14:08+00:00
SAO_7062-10,São Paulo,3550308,True,,1898,,,-23.645670000000003,-46.7712555,,,,1,2023-06-17T16:13:34+00:00
SAO_2011-10,São Paulo,3550308,True,,2136,,,-23.473627,-46.570961999999994,,,,1,2023-06-17T16:13:38+00:00
SAO_2011-10,São Paulo,3550308,True,,2136,,,-23.489418,-46.5703855,,,,1,2023-06-17T16:14:04+00:00
SAO_2011-10,São Paulo,3550308,True,,2136,,,-23.48877925,-46.62417,,,,1,2023-06-17T16:10:01+00:00
SAO_2011-10,São Paulo,3550308,True,,2136,,,-23.480266,-46.6069955,,,,1,2023-06-17T16:12:14+00:00
SAO_3721-10,São Paulo,3550308,True,,1019,,,-23.5404345,-46.48488075,,,,1,2023-06-17T16:13:44+00:00
SAO_3721-10,São Paulo,3550308,True,,1019,,,-23.5630785,-46.5055855,,,,1,2023-06-17T16:13:48+00:00
SAO_3721-10,São Paulo,3550308,True,,1019,,,-23.5674285,-46.494727499999996,,,,1,2023-06-17T16:13:25+00:00
SAO_8009-31,São Paulo,3550308,True,,34028,,,-23.451887,-46.75358,,,,2,2023-06-17T16:14:00+00:00
SAO_8009-31,São Paulo,3550308,True,,34028,,,-23.433639499999998,-46.751054999999994,,,,2,2023-06-17T16:10:39+00:00
SAO_8686-10,São Paulo,3550308,True,,33214,,,-23.53382225,-46.655302125000006,,,,2,2023-06-17T16:13:37+00:00
SAO_8686-10,São Paulo,3550308,True,,33214,,,-23.48884275,-46.74307775,,,,2,2023-06-17T16:13:54+00:00
SAO_3743-10,São Paulo,3550308,True,,1043,,,-23.571361,-46.470567,,,,1,2023-06-17T16:13:43+00:00
SAO_3743-10,São Paulo,3550308,True,,1043,,,-23.607496,-46.4785605,,,,1,2023-06-17T16:13:55+00:00
SAO_8013-10,São Paulo,3550308,True,,800,,,-23.481033,-46.7709835,,,,1,2023-06-17T16:13:57+00:00
SAO_8013-10,São Paulo,3550308,True,,800,,,-23.524159875,-46.70616875,,,,1,2023-06-17T16:13:25+00:00
SAO_8013-10,São Paulo,3550308,True,,800,,,-23.4325754375,-46.786764125000005,,,,1,2023-06-17T16:13:45+00:00
SAO_8013-10,São Paulo,3550308,True,,800,,,-23.519903499999998,-46.722532,,,,1,2023-06-17T16:13:44+00:00
SAO_8013-10,São Paulo,3550308,True,,800,,,-23.4323470625,-46.786800875,,,,1,2023-06-17T16:13:45+00:00
SAO_8013-10,São Paulo,3550308,True,,800,,,-23.4323470625,-46.786800875,,,,1,2023-06-17T16:13:38+00:00
SAO_8013-10,São Paulo,3550308,True,,800,,,-23.431413,-46.7872125,,,,1,2023-06-17T16:13:39+00:00
SAO_8013-10,São Paulo,3550308,True,,800,,,-23.502367,-46.7545875,,,,1,2023-06-17T16:13:50+00:00
SAO_675R-10,São Paulo,3550308,True,,109,,,-23.65008675,-46.66242975,,,,1,2023-06-17T16:13:44+00:00
SAO_675R-10,São Paulo,3550308,True,,109,,,-23.735000999999997,-46.6832435,,,,1,2023-06-17T16:12:47+00:00
SAO_675R-10,São Paulo,3550308,True,,109,,,-23.754641,-46.679715,,,,1,2023-06-17T16:13:40+00:00
SAO_6L04-10,São Paulo,3550308,True,,33948,,,-23.843864,-46.7435405,,,,2,2023-06-17T16:09:07+00:00
SAO_6L04-10,São Paulo,3550308,True,,33948,,,-23.8714265,-46.7696465,,,,2,2023-06-17T16:14:03+00:00
SAO_6L04-10,São Paulo,3550308,True,,33948,,,-23.8716915,-46.769601,,,,2,2023-06-17T16:13:43+00:00
SAO_574W-10,São Paulo,3550308,True,,1629,,,-23.5948835,-46.5186135,,,,1,2023-06-17T16:13:39+00:00
SAO_574W-10,São Paulo,3550308,True,,1629,,,-23.573705,-46.532381,,,,1,2023-06-17T16:13:58+00:00
SAO_574W-10,São Paulo,3550308,True,,1629,,,-23.614509499999997,-46.502765,,,,1,2023-06-17T16:14:07+00:00
SAO_574W-10,São Paulo,3550308,True,,1629,,,-23.619152,-46.486464999999995,,,,1,2023-06-17T16:14:08+00:00
SAO_574W-10,São Paulo,3550308,True,,1629,,,-23.614937249999997,-46.487799249999995,,,,1,2023-06-17T16:13:35+00:00
SAO_574W-10,São Paulo,3550308,True,,1629,,,-23.564413000000002,-46.547603,,,,1,2023-06-17T16:13:24+00:00
SAO_5143-10,São Paulo,3550308,True,,1628,,,-23.6124845,-46.5041885,,,,1,2023-06-17T16:13:20+00:00
SAO_5143-10,São Paulo,3550308,True,,1628,,,-23.54645675,-46.629903999999996,,,,1,2023-06-17T16:13:48+00:00
SAO_4085-10,São Paulo,3550308,True,,2156,,,-23.542599000000003,-46.4710815,,,,1,2023-06-17T16:14:05+00:00
SAO_4085-10,São Paulo,3550308,True,,2156,,,-23.563477499999998,-46.434394,,,,1,2023-06-17T16:14:01+00:00
SAO_4085-10,São Paulo,3550308,True,,2156,,,-23.545136499999998,-46.46244475,,,,1,2023-06-17T16:13:20+00:00
SAO_307C-10,São Paulo,3550308,True,,34882,,,-23.494798375000002,-46.41267512500001,,,,2,2023-06-17T16:14:05+00:00
SAO_307C-10,São Paulo,3550308,True,,34882,,,-23.511333999999998,-46.379008999999996,,,,2,2023-06-17T16:13:41+00:00
SAO_930P-10,São Paulo,3550308,True,,2115,,,-23.557371625000002,-46.65941925,,,,1,2023-06-17T16:13:32+00:00
SAO_930P-10,São Paulo,3550308,True,,2115,,,-23.5788935,-46.682139500000005,,,,1,2023-06-17T16:14:03+00:00
SAO_930P-10,São Paulo,3550308,True,,2115,,,-23.545286249999997,-46.63817075,,,,1,2023-06-17T16:13:22+00:00
SAO_1721-10,São Paulo,3550308,True,,33434,,,-23.49271625,-46.59091425,,,,2,2023-06-17T16:13:29+00:00
SAO_1721-10,São Paulo,3550308,True,,33434,,,-23.48941525,-46.571597749999995,,,,2,2023-06-17T16:13:31+00:00
SAO_1721-10,São Paulo,3550308,True,,33434,,,-23.48941525,-46.571597749999995,,,,2,2023-06-17T16:13:31+00:00
SAO_1721-10,São Paulo,3550308,True,,33434,,,-23.4897535,-46.570575500000004,,,,2,2023-06-17T16:13:52+00:00
SAO_1721-10,São Paulo,3550308,True,,33434,,,-23.50825675,-46.60117975,,,,2,2023-06-17T16:11:10+00:00
SAO_6804-10,São Paulo,3550308,True,,32798,,,-23.635806000000002,-46.748086,,,,2,2023-06-17T16:13:29+00:00
SAO_6804-10,São Paulo,3550308,True,,32798,,,-23.635654000000002,-46.747935999999996,,,,2,2023-06-17T16:13:44+00:00
SAO_6804-10,São Paulo,3550308,True,,32798,,,-23.6415175,-46.744009500000004,,,,2,2023-06-17T16:13:24+00:00
SAO_4742-10,São Paulo,3550308,True,,33110,,,-23.644903499999998,-46.6063005,,,,2,2023-06-17T16:13:59+00:00
SAO_6044-10,São Paulo,3550308,True,,1221,,,-23.6510345,-46.7091115,,,,1,2023-06-17T16:13:32+00:00
SAO_6044-10,São Paulo,3550308,True,,1221,,,-23.642553499999998,-46.739124000000004,,,,1,2023-06-17T16:13:35+00:00
SAO_6044-10,São Paulo,3550308,True,,1221,,,-23.676944,-46.7986715,,,,1,2023-06-17T16:13:48+00:00
SAO_6044-10,São Paulo,3550308,True,,1221,,,-23.659893500000003,-46.7761195,,,,1,2023-06-17T16:14:06+00:00
SAO_2202-10,São Paulo,3550308,True,,33678,,,-23.511663499999997,-46.401204,,,,2,2023-06-17T16:13:52+00:00
SAO_2202-10,São Paulo,3550308,True,,33678,,,-23.4875525,-46.3821995,,,,2,2023-06-17T16:13:33+00:00
SAO_2202-10,São Paulo,3550308,True,,33678,,,-23.505934,-46.403650999999996,,,,2,2023-06-17T16:14:01+00:00
SAO_2202-10,São Paulo,3550308,True,,33678,,,-23.4959585,-46.402874499999996,,,,2,2023-06-17T16:13:21+00:00
SAO_2202-10,São Paulo,3550308,True,,33678,,,-23.5324415,-46.398193,,,,2,2023-06-17T16:14:02+00:00
SAO_2202-10,São Paulo,3550308,True,,33678,,,-23.487855,-46.384170999999995,,,,2,2023-06-17T16:13:57+00:00
SAO_2202-10,São Paulo,3550308,True,,33678,,,-23.488027000000002,-46.3826605,,,,2,2023-06-17T16:12:34+00:00
SAO_2202-10,São Paulo,3550308,True,,33678,,,-23.497544,-46.398714749999996,,,,2,2023-06-17T16:11:16+00:00
SAO_2202-10,São Paulo,3550308,True,,33678,,,-23.48792525,-46.382452,,,,2,2023-06-17T16:13:23+00:00
SAO_2202-10,São Paulo,3550308,True,,33678,,,-23.542456,-46.409522499999994,,,,2,2023-06-17T16:12:07+00:00
SAO_2202-10,São Paulo,3550308,True,,33678,,,-23.48792525,-46.382452,,,,2,2023-06-17T16:14:02+00:00
SAO_4032-10,São Paulo,3550308,True,,33870,,,-23.62781275,-46.600421,,,,2,2023-06-17T16:13:49+00:00
SAO_273V-10,São Paulo,3550308,True,,32999,,,-23.5243415,-46.431731,,,,2,2023-06-17T16:11:44+00:00
SAO_4491-10,São Paulo,3550308,True,,33095,,,-23.6479855,-46.600024000000005,,,,2,2023-06-17T16:13:38+00:00
SAO_4491-10,São Paulo,3550308,True,,33095,,,-23.657349,-46.6170535,,,,2,2023-06-17T16:13:57+00:00
SAO_4491-10,São Paulo,3550308,True,,33095,,,-23.6321735,-46.6274145,,,,2,2023-06-17T16:13:45+00:00
SAO_4491-10,São Paulo,3550308,True,,33095,,,-23.6477715,-46.599855500000004,,,,2,2023-06-17T16:13:05+00:00
SAO_1782-10,São Paulo,3550308,True,,643,,,-23.450515,-46.5724465,,,,1,2023-06-17T16:13:30+00:00
SAO_1782-10,São Paulo,3550308,True,,643,,,-23.450515,-46.5724465,,,,1,2023-06-17T16:13:30+00:00
SAO_807P-10,São Paulo,3550308,True,,34867,,,-23.652429937500003,-46.710015999999996,,,,2,2023-06-17T16:13:51+00:00
SAO_807P-10,São Paulo,3550308,True,,34867,,,-23.616477500000002,-46.7208605,,,,2,2023-06-17T16:14:06+00:00
SAO_807P-10,São Paulo,3550308,True,,34867,,,-23.616477500000002,-46.7208605,,,,2,2023-06-17T16:14:07+00:00
SAO_807P-10,São Paulo,3550308,True,,34867,,,-23.641368999999997,-46.7272605,,,,2,2023-06-17T16:13:25+00:00
SAO_8009-10,São Paulo,3550308,True,,34027,,,-23.4861075,-46.726333499999996,,,,2,2023-06-17T16:13:41+00:00
SAO_3773-10,São Paulo,3550308,True,,1059,,,-23.537936375,-46.563649125,,,,1,2023-06-17T16:14:00+00:00
SAO_3773-10,São Paulo,3550308,True,,1059,,,-23.578528,-46.49681425,,,,1,2023-06-17T16:13:31+00:00
SAO_3773-10,São Paulo,3550308,True,,1059,,,-23.5399025,-46.5415365,,,,1,2023-06-17T16:13:41+00:00
SAO_3773-10,São Paulo,3550308,True,,1059,,,-23.615941999999997,-46.464735000000005,,,,1,2023-06-17T16:13:40+00:00
SAO_3773-10,São Paulo,3550308,True,,1059,,,-23.615941999999997,-46.464735000000005,,,,1,2023-06-17T16:13:46+00:00
SAO_407H-10,São Paulo,3550308,True,,34965,,,-23.5850425,-46.4429985,,,,2,2023-06-17T16:13:25+00:00
SAO_407H-10,São Paulo,3550308,True,,34965,,,-23.630965500000002,-46.4467205,,,,2,2023-06-17T16:13:32+00:00
SAO_407H-10,São Paulo,3550308,True,,34965,,,-23.551387,-46.4625745,,,,2,2023-06-17T16:14:02+00:00
SAO_407H-10,São Paulo,3550308,True,,34965,,,-23.630965500000002,-46.4467205,,,,2,2023-06-17T16:13:29+00:00
SAO_407H-10,São Paulo,3550308,True,,34965,,,-23.6225475,-46.447390999999996,,,,2,2023-06-17T16:14:04+00:00
SAO_407H-10,São Paulo,3550308,True,,34965,,,-23.593293,-46.4452175,,,,2,2023-06-17T16:13:37+00:00
SAO_407H-10,São Paulo,3550308,True,,34965,,,-23.542444,-46.471092999999996,,,,2,2023-06-17T16:13:43+00:00
SAO_2722-31,São Paulo,3550308,True,,33704,,,-23.486069,-46.502661,,,,2,2023-06-17T16:10:30+00:00
SAO_2722-31,São Paulo,3550308,True,,33704,,,-23.528868,-46.5167825,,,,2,2023-06-17T16:13:45+00:00
SAO_2722-31,São Paulo,3550308,True,,33704,,,-23.508155000000002,-46.493489,,,,2,2023-06-17T16:13:37+00:00
SAO_2722-31,São Paulo,3550308,True,,33704,,,-23.528868,-46.5167825,,,,2,2023-06-17T16:13:32+00:00
SAO_414P-10,São Paulo,3550308,True,,1105,,,-23.6082785,-46.532297,,,,1,2023-06-17T16:13:49+00:00
SAO_414P-10,São Paulo,3550308,True,,1105,,,-23.573899,-46.5411965,,,,1,2023-06-17T16:13:31+00:00
SAO_414P-10,São Paulo,3550308,True,,1105,,,-23.53671875,-46.5716745,,,,1,2023-06-17T16:13:36+00:00
SAO_5759-31,São Paulo,3550308,True,,1139,,,-23.687369500000003,-46.6398795,,,,1,2023-06-17T16:13:24+00:00
SAO_5759-31,São Paulo,3550308,True,,1139,,,-23.644400500000003,-46.65818900000001,,,,1,2023-06-17T16:13:39+00:00
SAO_5759-31,São Paulo,3550308,True,,1139,,,-23.6682125,-46.6563725,,,,1,2023-06-17T16:13:54+00:00
SAO_4019-10,São Paulo,3550308,True,,2524,,,-23.546705000000003,-46.47281125,,,,1,2023-06-17T16:13:39+00:00
SAO_971X-10,São Paulo,3550308,True,,34463,,,-23.474438499999998,-46.669928999999996,,,,2,2023-06-17T16:13:21+00:00
SAO_971X-10,São Paulo,3550308,True,,34463,,,-23.50034475,-46.626573750000006,,,,2,2023-06-17T16:13:59+00:00
SAO_971X-10,São Paulo,3550308,True,,34463,,,-23.50308,-46.6253845,,,,2,2023-06-17T16:13:53+00:00
SAO_971X-10,São Paulo,3550308,True,,34463,,,-23.477634000000002,-46.671601499999994,,,,2,2023-06-17T16:13:41+00:00
SAO_971X-10,São Paulo,3550308,True,,34463,,,-23.475020999999998,-46.670199,,,,2,2023-06-17T16:13:57+00:00
SAO_971X-10,São Paulo,3550308,True,,34463,,,-23.493166000000002,-46.648062499999995,,,,2,2023-06-17T16:13:59+00:00
SAO_8000-1,São Paulo,3550308,True,,2506,,,-23.520449499999998,-46.6996115,,,,1,2023-06-17T16:13:53+00:00
SAO_8000-1,São Paulo,3550308,True,,2506,,,-23.520449499999998,-46.6996115,,,,1,2023-06-17T16:13:55+00:00
SAO_8000-1,São Paulo,3550308,True,,2506,,,-23.520449499999998,-46.6996115,,,,1,2023-06-17T16:14:04+00:00
SAO_8000-1,São Paulo,3550308,True,,2506,,,-23.520449499999998,-46.6996115,,,,1,2023-06-17T16:13:35+00:00
SAO_8000-1,São Paulo,3550308,True,,2506,,,-23.520449499999998,-46.6996115,,,,1,2023-06-17T16:13:35+00:00
SAO_8000-1,São Paulo,3550308,True,,2506,,,-23.540161750000003,-46.64419375,,,,1,2023-06-17T16:14:04+00:00
SAO_958P-10,São Paulo,3550308,True,,465,,,-23.59616325,-46.691351,,,,1,2023-06-17T16:13:48+00:00
SAO_958P-10,São Paulo,3550308,True,,465,,,-23.483241,-46.74168,,,,1,2023-06-17T16:13:44+00:00
SAO_271C-10,São Paulo,3550308,True,,33450,,,-23.522991875000002,-46.583517375,,,,2,2023-06-17T16:13:55+00:00
SAO_271C-10,São Paulo,3550308,True,,33450,,,-23.4948485,-46.583794499999996,,,,2,2023-06-17T16:13:56+00:00
SAO_271C-10,São Paulo,3550308,True,,33450,,,-23.523229999999998,-46.583715,,,,2,2023-06-17T16:13:47+00:00
SAO_271C-10,São Paulo,3550308,True,,33450,,,-23.5319615,-46.634851499999996,,,,2,2023-06-17T16:13:34+00:00
SAO_121G-10,São Paulo,3550308,True,,691,,,-23.481246499999997,-46.59447875,,,,1,2023-06-17T16:13:42+00:00
SAO_121G-10,São Paulo,3550308,True,,691,,,-23.5035325,-46.5729025,,,,1,2023-06-17T16:11:23+00:00
SAO_2719-10,São Paulo,3550308,True,,33700,,,-23.503802125,-46.488130875,,,,2,2023-06-17T16:13:51+00:00
SAO_2719-10,São Paulo,3550308,True,,33700,,,-23.49567425,-46.484954875,,,,2,2023-06-17T16:14:00+00:00
SAO_2719-10,São Paulo,3550308,True,,33700,,,-23.4948325,-46.469304,,,,2,2023-06-17T16:13:45+00:00
SAO_2719-10,São Paulo,3550308,True,,33700,,,-23.510972000000002,-46.508841000000004,,,,2,2023-06-17T16:13:38+00:00
SAO_2719-10,São Paulo,3550308,True,,33700,,,-23.531342000000002,-46.5303805,,,,2,2023-06-17T16:13:29+00:00
SAO_2719-10,São Paulo,3550308,True,,33700,,,-23.529996,-46.528062000000006,,,,2,2023-06-17T16:13:33+00:00
SAO_6805-10,São Paulo,3550308,True,,31,,,-23.6506245,-46.733541,,,,1,2023-06-17T16:13:47+00:00
SAO_6805-10,São Paulo,3550308,True,,31,,,-23.6552405,-46.762154499999994,,,,1,2023-06-17T16:13:39+00:00
SAO_2712-10,São Paulo,3550308,True,,33694,,,-23.53869275,-46.4829835,,,,2,2023-06-17T16:13:45+00:00
SAO_2712-10,São Paulo,3550308,True,,33694,,,-23.525675,-46.47941675,,,,2,2023-06-17T16:14:07+00:00
SAO_775A-10,São Paulo,3550308,True,,33241,,,-23.5623195,-46.7647105,,,,2,2023-06-17T16:13:23+00:00
SAO_775A-10,São Paulo,3550308,True,,33241,,,-23.563185,-46.763143,,,,2,2023-06-17T16:13:47+00:00
SAO_971C-10,São Paulo,3550308,True,,571,,,-23.436,-46.714423,,,,1,2023-06-17T16:13:27+00:00
SAO_971C-10,São Paulo,3550308,True,,571,,,-23.4642505,-46.680042,,,,1,2023-06-17T16:13:34+00:00
SAO_971C-10,São Paulo,3550308,True,,571,,,-23.488525000000003,-46.651576,,,,1,2023-06-17T16:13:31+00:00
SAO_971C-10,São Paulo,3550308,True,,571,,,-23.43821325,-46.709458999999995,,,,1,2023-06-17T16:13:33+00:00
SAO_1025-10,São Paulo,3550308,True,,35071,,,-23.4739615,-46.69811,,,,2,2023-06-17T16:13:44+00:00
SAO_2451-10,São Paulo,3550308,True,EMTU,213,https://moovitapp.com/index/pt-br/transporte_p%C3%BAblico-line-213-Sao_Paulo-242-2038937-36419335-0,6.7,-23.522122,-46.53909925,,,,1,2023-06-17T16:13:52+00:00
SAO_5106-10,São Paulo,3550308,True,,1280,,,-23.55957,-46.642619499999995,,,,1,2023-06-17T16:13:59+00:00
SAO_5106-10,São Paulo,3550308,True,,1280,,,-23.595464125,-46.64108725,,,,1,2023-06-17T16:13:25+00:00
SAO_5106-10,São Paulo,3550308,True,,1280,,,-23.6426085,-46.6413205,,,,1,2023-06-17T16:13:36+00:00
SAO_6L07-10,São Paulo,3550308,True,,1545,,,-23.7667025,-46.7163285,,,,1,2023-06-17T16:13:56+00:00
SAO_6L07-10,São Paulo,3550308,True,,1545,,,-23.823667,-46.7063555,,,,1,2023-06-17T16:13:28+00:00
SAO_677V-10,São Paulo,3550308,True,EMTU,112,https://moovitapp.com/index/pt-br/transporte_p%C3%BAblico-line-112-Sao_Paulo-242-2038937-36419272-0,5.7,-23.744489,-46.7097325,,,,1,2023-06-17T16:13:45+00:00
SAO_677V-10,São Paulo,3550308,True,EMTU,112,https://moovitapp.com/index/pt-br/transporte_p%C3%BAblico-line-112-Sao_Paulo-242-2038937-36419272-0,5.7,-23.7281375,-46.704094,,,,1,2023-06-17T16:14:07+00:00
SAO_8022-10,São Paulo,3550308,True,,34853,,,-23.5714945,-46.708181499999995,,,,2,2023-06-17T16:14:01+00:00
SAO_271P-10,São Paulo,3550308,True,,33472,,,-23.5338145,-46.566121,,,,2,2023-06-17T16:13:40+00:00
SAO_271P-10,São Paulo,3550308,True,,33472,,,-23.4979085,-46.514503000000005,,,,2,2023-06-17T16:13:43+00:00
SAO_271P-10,São Paulo,3550308,True,,33472,,,-23.5421585,-46.6357505,,,,2,2023-06-17T16:14:02+00:00
SAO_271P-10,São Paulo,3550308,True,,33472,,,-23.4979085,-46.514503000000005,,,,2,2023-06-17T16:13:49+00:00
SAO_271P-10,São Paulo,3550308,True,,33472,,,-23.541629999999998,-46.634266499999995,,,,2,2023-06-17T16:13:24+00:00
SAO_7005-10,São Paulo,3550308,True,,1998,,,-23.70775575,-46.784370499999994,,,,1,2023-06-17T16:13:59+00:00
SAO_7005-10,São Paulo,3550308,True,,1998,,,-23.7368285,-46.776495999999995,,,,1,2023-06-17T16:13:43+00:00
SAO_6051-10,São Paulo,3550308,True,,1143,,,-23.767376,-46.716275499999995,,,,1,2023-06-17T16:13:42+00:00
SAO_6051-10,São Paulo,3550308,True,,1143,,,-23.7692035,-46.715246500000006,,,,1,2023-06-17T16:13:29+00:00
SAO_4003-10,São Paulo,3550308,True,,34927,,,-23.574084,-46.39846300000001,,,,2,2023-06-17T16:13:41+00:00
SAO_4003-10,São Paulo,3550308,True,,34927,,,-23.532546,-46.4342115,,,,2,2023-06-17T16:08:40+00:00
SAO_4311-10,São Paulo,3550308,True,,2171,,,-23.571948,-46.503983500000004,,,,1,2023-06-17T16:13:30+00:00
SAO_4311-10,São Paulo,3550308,True,,2171,,,-23.608168499999998,-46.47244975,,,,1,2023-06-17T16:13:24+00:00
SAO_4311-10,São Paulo,3550308,True,,2171,,,-23.6130195,-46.476082,,,,1,2023-06-17T16:13:25+00:00
SAO_4311-10,São Paulo,3550308,True,,2171,,,-23.5404725,-46.5751875,,,,1,2023-06-17T16:13:50+00:00
SAO_2770-10,São Paulo,3550308,True,,33011,,,-23.507589250000002,-46.41852625,,,,2,2023-06-17T16:13:58+00:00
SAO_2770-10,São Paulo,3550308,True,,33011,,,-23.5416465,-46.416104000000004,,,,2,2023-06-17T16:13:28+00:00
SAO_2770-10,São Paulo,3550308,True,,33011,,,-23.531274500000002,-46.5303835,,,,2,2023-06-17T16:13:44+00:00
SAO_2770-10,São Paulo,3550308,True,,33011,,,-23.538865,-46.431186499999995,,,,2,2023-06-17T16:13:34+00:00
SAO_3414-10,São Paulo,3550308,True,,746,,,-23.5461345,-46.630341,,,,1,2023-06-17T16:14:00+00:00
SAO_3414-10,São Paulo,3550308,True,,746,,,-23.543065062500002,-46.586476062500005,,,,1,2023-06-17T16:13:49+00:00
SAO_3414-10,São Paulo,3550308,True,,746,,,-23.5323125,-46.535538,,,,1,2023-06-17T16:13:43+00:00
SAO_1767-10,São Paulo,3550308,True,,33396,,,-23.480206250000002,-46.567296999999996,,,,2,2023-06-17T16:13:44+00:00
SAO_1767-10,São Paulo,3550308,True,,33396,,,-23.481203,-46.602722375,,,,2,2023-06-17T16:13:51+00:00
SAO_1767-10,São Paulo,3550308,True,,33396,,,-23.4735285,-46.5655225,,,,2,2023-06-17T16:13:33+00:00
SAO_1767-10,São Paulo,3550308,True,,33396,,,-23.4737385,-46.565966,,,,2,2023-06-17T16:13:34+00:00
SAO_9032-10,São Paulo,3550308,True,,33648,,,-23.470599999999997,-46.676241,,,,2,2023-06-17T16:14:05+00:00
SAO_9032-10,São Paulo,3550308,True,,33648,,,-23.449341500000003,-46.69552925000001,,,,2,2023-06-17T16:13:52+00:00
SAO_9032-10,São Paulo,3550308,True,,33648,,,-23.4456745,-46.69967,,,,2,2023-06-17T16:13:33+00:00
SAO_128Y-10,São Paulo,3550308,True,EMTU,843,https://moovitapp.com/index/pt-br/transporte_p%C3%BAblico-line-843-Sao_Paulo-242-2038937-36419606-0,4.1,-23.468608,-46.6676505,,,,1,2023-06-17T16:13:43+00:00
SAO_128Y-10,São Paulo,3550308,True,EMTU,843,https://moovitapp.com/index/pt-br/transporte_p%C3%BAblico-line-843-Sao_Paulo-242-2038937-36419606-0,4.1,-23.475507999999998,-46.664567500000004,,,,1,2023-06-17T16:13:53+00:00
SAO_128Y-10,São Paulo,3550308,True,EMTU,843,https://moovitapp.com/index/pt-br/transporte_p%C3%BAblico-line-843-Sao_Paulo-242-2038937-36419606-0,4.1,-23.508339,-46.68482,,,,1,2023-06-17T16:13:25+00:00
SAO_3712-10,São Paulo,3550308,True,,33777,,,-23.55296125,-46.42555625,,,,2,2023-06-17T16:13:40+00:00
SAO_3712-10,São Paulo,3550308,True,,33777,,,-23.5413525,-46.44689975,,,,2,2023-06-17T16:13:39+00:00
SAO_3712-10,São Paulo,3550308,True,,33777,,,-23.551931500000002,-46.4251575,,,,2,2023-06-17T16:13:43+00:00
SAO_3722-10,São Paulo,3550308,True,,1020,,,-23.554990500000002,-46.443373,,,,1,2023-06-17T16:13:46+00:00
SAO_3722-10,São Paulo,3550308,True,,1020,,,-23.5513455,-46.495875,,,,1,2023-06-17T16:13:57+00:00
SAO_307C-10,São Paulo,3550308,True,,2114,,,-23.4950085,-46.409661,,,,1,2023-06-17T16:13:25+00:00
SAO_307C-10,São Paulo,3550308,True,,2114,,,-23.531156000000003,-46.473783,,,,1,2023-06-17T16:14:04+00:00
SAO_307C-10,São Paulo,3550308,True,,2114,,,-23.503643,-46.380181,,,,1,2023-06-17T16:13:47+00:00
SAO_5142-10,São Paulo,3550308,True,,1626,,,-23.6153445,-46.515502999999995,,,,1,2023-06-17T16:08:56+00:00
SAO_5142-10,São Paulo,3550308,True,,1626,,,-23.613964,-46.500782,,,,1,2023-06-17T16:14:03+00:00
SAO_5142-10,São Paulo,3550308,True,,1626,,,-23.54620025,-46.63007,,,,1,2023-06-17T16:14:04+00:00
SAO_5142-10,São Paulo,3550308,True,,1626,,,-23.6139845,-46.5009785,,,,1,2023-06-17T16:13:55+00:00
SAO_5142-10,São Paulo,3550308,True,,1626,,,-23.613964,-46.500782,,,,1,2023-06-17T16:13:52+00:00
SAO_5142-10,São Paulo,3550308,True,,1626,,,-23.6014515,-46.5363235,,,,1,2023-06-17T16:13:24+00:00
SAO_5142-10,São Paulo,3550308,True,,1626,,,-23.545886,-46.6302635,,,,1,2023-06-17T16:13:31+00:00
SAO_2766-10,São Paulo,3550308,True,EMTU,405,https://moovitapp.com/index/pt-br/transporte_p%C3%BAblico-line-405-Sao_Paulo-242-2038937-36419467-0,5.35,-23.5388555,-46.456513,,,,1,2023-06-17T16:13:42+00:00
SAO_2766-10,São Paulo,3550308,True,EMTU,405,https://moovitapp.com/index/pt-br/transporte_p%C3%BAblico-line-405-Sao_Paulo-242-2038937-36419467-0,5.35,-23.494658,-46.426776000000004,,,,1,2023-06-17T16:13:27+00:00
SAO_2766-10,São Paulo,3550308,True,EMTU,405,https://moovitapp.com/index/pt-br/transporte_p%C3%BAblico-line-405-Sao_Paulo-242-2038937-36419467-0,5.35,-23.5185215,-46.387811,,,,1,2023-06-17T16:13:46+00:00
SAO_2004-10,São Paulo,3550308,True,,892,,,-23.519621,-46.383444499999996,,,,1,2023-06-17T16:13:36+00:00
SAO_2004-10,São Paulo,3550308,True,,892,,,-23.519621,-46.383444499999996,,,,1,2023-06-17T16:13:48+00:00
SAO_2004-10,São Paulo,3550308,True,,892,,,-23.53283825,-46.398762500000004,,,,1,2023-06-17T16:10:40+00:00
SAO_2004-10,São Paulo,3550308,True,,892,,,-23.519806250000002,-46.38485625,,,,1,2023-06-17T16:13:55+00:00
SAO_1726-10,São Paulo,3550308,True,,34171,,,-23.4365295,-46.566240500000006,,,,2,2023-06-17T16:13:38+00:00
SAO_1726-10,São Paulo,3550308,True,,34171,,,-23.45015225,-46.589508,,,,2,2023-06-17T16:14:07+00:00
SAO_1726-10,São Paulo,3550308,True,,34171,,,-23.435372,-46.566209,,,,2,2023-06-17T16:14:05+00:00
SAO_1726-10,São Paulo,3550308,True,,34171,,,-23.478549125,-46.60900637499999,,,,2,2023-06-17T16:14:05+00:00
SAO_2769-10,São Paulo,3550308,True,,33165,,,-23.4822575,-46.380671,,,,2,2023-06-17T16:13:41+00:00
SAO_2769-10,São Paulo,3550308,True,,33165,,,-23.499526250000002,-46.468301249999996,,,,2,2023-06-17T16:14:04+00:00
SAO_2769-10,São Paulo,3550308,True,,33165,,,-23.523795749999998,-46.5478295,,,,2,2023-06-17T16:13:25+00:00
SAO_2769-10,São Paulo,3550308,True,,33165,,,-23.527441500000002,-46.551878,,,,2,2023-06-17T16:14:06+00:00
SAO_8700-1,São Paulo,3550308,True,,2508,,,-23.5947775,-46.737686,,,,1,2023-06-17T16:13:52+00:00
SAO_875C-10,São Paulo,3550308,True,EMTU,478,https://moovitapp.com/index/pt-br/transporte_p%C3%BAblico-line-478-Sao_Paulo-242-2038937-36419510-0,6.25,-23.599803125,-46.667980625,,,,1,2023-06-17T16:14:03+00:00
SAO_875C-10,São Paulo,3550308,True,EMTU,478,https://moovitapp.com/index/pt-br/transporte_p%C3%BAblico-line-478-Sao_Paulo-242-2038937-36419510-0,6.25,-23.599600000000002,-46.6372275,,,,1,2023-06-17T16:13:44+00:00
SAO_875C-10,São Paulo,3550308,True,EMTU,478,https://moovitapp.com/index/pt-br/transporte_p%C3%BAblico-line-478-Sao_Paulo-242-2038937-36419510-0,6.25,-23.541490500000002,-46.716663499999996,,,,1,2023-06-17T16:14:01+00:00
SAO_875C-10,São Paulo,3550308,True,EMTU,478,https://moovitapp.com/index/pt-br/transporte_p%C3%BAblico-line-478-Sao_Paulo-242-2038937-36419510-0,6.25,-23.5201835,-46.699305499999994,,,,1,2023-06-17T16:13:39+00:00
SAO_1012-10,São Paulo,3550308,True,,2486,,,-23.441478500000002,-46.80618075,,,,1,2023-06-17T16:14:00+00:00
SAO_1012-10,São Paulo,3550308,True,,2486,,,-23.432145,-46.787099999999995,,,,1,2023-06-17T16:13:55+00:00
SAO_1012-10,São Paulo,3550308,True,,2486,,,-23.432145,-46.787099999999995,,,,1,2023-06-17T16:14:05+00:00
SAO_1012-10,São Paulo,3550308,True,,2486,,,-23.43079575,-46.800475750000004,,,,1,2023-06-17T16:13:46+00:00
SAO_7062-31,São Paulo,3550308,True,,1914,,,-23.646552,-46.7725675,,,,1,2023-06-17T16:13:48+00:00
SAO_7062-31,São Paulo,3550308,True,,1914,,,-23.635415000000002,-46.776247,,,,1,2023-06-17T16:14:07+00:00
SAO_1732-10,São Paulo,3550308,True,,33439,,,-23.4873135,-46.574124499999996,,,,2,2023-06-17T16:13:59+00:00
SAO_1732-10,São Paulo,3550308,True,,33439,,,-23.523972125,-46.649961125000004,,,,2,2023-06-17T16:14:05+00:00
SAO_1732-10,São Paulo,3550308,True,,33439,,,-23.486714499999998,-46.60597075,,,,2,2023-06-17T16:14:04+00:00
SAO_8055-10,São Paulo,3550308,True,,33182,,,-23.408456,-46.7408545,,,,2,2023-06-17T16:13:50+00:00
SAO_8055-10,São Paulo,3550308,True,,33182,,,-23.4640625,-46.778584499999994,,,,2,2023-06-17T16:13:32+00:00
SAO_7052-10,São Paulo,3550308,True,,34654,,,-23.6525575,-46.773193,,,,2,2023-06-17T16:13:40+00:00
SAO_7052-10,São Paulo,3550308,True,,34654,,,-23.6525575,-46.773193,,,,2,2023-06-17T16:13:46+00:00
SAO_9014-10,São Paulo,3550308,True,,1425,,,-23.481793,-46.701432499999996,,,,1,2023-06-17T16:13:41+00:00
SAO_9014-10,São Paulo,3550308,True,,1425,,,-23.520208500000003,-46.699785000000006,,,,1,2023-06-17T16:13:35+00:00
SAO_9014-10,São Paulo,3550308,True,,1425,,,-23.504904,-46.6898445,,,,1,2023-06-17T16:13:59+00:00
SAO_9014-10,São Paulo,3550308,True,,1425,,,-23.5200685,-46.700133,,,,1,2023-06-17T16:13:39+00:00
SAO_513C-10,São Paulo,3550308,True,,2535,,,-23.597994999999997,-46.55969925,,,,1,2023-06-17T16:13:38+00:00
SAO_513C-10,São Paulo,3550308,True,,2535,,,-23.606816,-46.5630875,,,,1,2023-06-17T16:13:59+00:00
SAO_513C-10,São Paulo,3550308,True,,2535,,,-23.614786000000002,-46.501096000000004,,,,1,2023-06-17T16:13:41+00:00
SAO_1787-10,São Paulo,3550308,True,,33418,,,-23.451676,-46.6229,,,,2,2023-06-17T16:14:00+00:00
SAO_1787-10,São Paulo,3550308,True,,33418,,,-23.4512035,-46.622924499999996,,,,2,2023-06-17T16:13:28+00:00
SAO_1787-10,São Paulo,3550308,True,,33418,,,-23.458327,-46.619606000000005,,,,2,2023-06-17T16:13:33+00:00
SAO_8028-10,São Paulo,3550308,True,,2532,,,-23.6050975,-46.708637749999994,,,,1,2023-06-17T16:13:30+00:00
SAO_3462-10,São Paulo,3550308,True,EMTU,247,https://moovitapp.com/index/pt-br/transporte_p%C3%BAblico-line-247-Sao_Paulo-242-2038937-36419359-0,6.55,-23.540662312500004,-46.5761359375,,,,1,2023-06-17T16:13:37+00:00
SAO_3462-10,São Paulo,3550308,True,EMTU,247,https://moovitapp.com/index/pt-br/transporte_p%C3%BAblico-line-247-Sao_Paulo-242-2038937-36419359-0,6.55,-23.533914,-46.457460499999996,,,,1,2023-06-17T16:13:26+00:00
SAO_736I-10,São Paulo,3550308,True,,33549,,,-23.6307145,-46.749394,,,,2,2023-06-17T16:13:39+00:00
SAO_736I-10,São Paulo,3550308,True,,33549,,,-23.6324355,-46.748238,,,,2,2023-06-17T16:13:35+00:00
SAO_736I-10,São Paulo,3550308,True,,33549,,,-23.64450025,-46.7264155,,,,2,2023-06-17T16:13:55+00:00
SAO_736I-10,São Paulo,3550308,True,,33549,,,-23.6324355,-46.748238,,,,2,2023-06-17T16:13:58+00:00
SAO_2726-10,São Paulo,3550308,True,,33708,,,-23.519432000000002,-46.4717545,,,,2,2023-06-17T16:13:53+00:00
SAO_2726-10,São Paulo,3550308,True,,33708,,,-23.507579,-46.4903475,,,,2,2023-06-17T16:13:58+00:00
SAO_2726-10,São Paulo,3550308,True,,33708,,,-23.508325499999998,-46.4684905,,,,2,2023-06-17T16:13:39+00:00
SAO_2726-10,São Paulo,3550308,True,,33708,,,-23.523795749999998,-46.5478295,,,,2,2023-06-17T16:14:01+00:00
SAO_2726-10,São Paulo,3550308,True,,33708,,,-23.521471499999997,-46.528538499999996,,,,2,2023-06-17T16:13:58+00:00
SAO_574A-21,São Paulo,3550308,True,,1690,,,-23.6683785,-46.642662,,,,1,2023-06-17T16:13:38+00:00
SAO_574A-21,São Paulo,3550308,True,,1690,,,-23.6683785,-46.642662,,,,1,2023-06-17T16:13:35+00:00
SAO_574A-21,São Paulo,3550308,True,,1690,,,-23.6274845,-46.642675,,,,1,2023-06-17T16:14:05+00:00
SAO_6820-10,São Paulo,3550308,True,,32787,,,-23.6575565,-46.764503,,,,2,2023-06-17T16:13:40+00:00
SAO_6820-10,São Paulo,3550308,True,,32787,,,-23.6539115,-46.762288,,,,2,2023-06-17T16:13:44+00:00
SAO_6820-10,São Paulo,3550308,True,,32787,,,-23.658400999999998,-46.78931475,,,,2,2023-06-17T16:13:52+00:00
SAO_3754-10,São Paulo,3550308,True,,33817,,,-23.573977,-46.398133,,,,2,2023-06-17T16:13:35+00:00
SAO_3754-10,São Paulo,3550308,True,,33817,,,-23.542686500000002,-46.472357,,,,2,2023-06-17T16:13:39+00:00
SAO_3754-10,São Paulo,3550308,True,,33817,,,-23.570152999999998,-46.399163,,,,2,2023-06-17T16:13:34+00:00
SAO_3754-10,São Paulo,3550308,True,,33817,,,-23.5736485,-46.3986825,,,,2,2023-06-17T16:13:36+00:00
SAO_3754-10,São Paulo,3550308,True,,33817,,,-23.573559000000003,-46.3988215,,,,2,2023-06-17T16:14:01+00:00
SAO_3754-10,São Paulo,3550308,True,,33817,,,-23.572236500000002,-46.399409500000004,,,,2,2023-06-17T16:13:48+00:00
SAO_3754-10,São Paulo,3550308,True,,33817,,,-23.530773500000002,-46.445034,,,,2,2023-06-17T16:13:53+00:00
SAO_9717-10,São Paulo,3550308,True,,33585,,,-23.474500499999998,-46.678909250000004,,,,2,2023-06-17T16:13:59+00:00
SAO_9717-10,São Paulo,3550308,True,,33585,,,-23.513066124999998,-46.659516374999995,,,,2,2023-06-17T16:13:27+00:00
SAO_9717-10,São Paulo,3550308,True,,33585,,,-23.463628,-46.6811755,,,,2,2023-06-17T16:13:28+00:00
SAO_857R-10,São Paulo,3550308,True,,34660,,,-23.577835,-46.639436,,,,2,2023-06-17T16:14:02+00:00
SAO_857R-10,São Paulo,3550308,True,,34660,,,-23.567417749999997,-46.684039,,,,2,2023-06-17T16:14:01+00:00
SAO_857R-10,São Paulo,3550308,True,,34660,,,-23.6139045,-46.7554935,,,,2,2023-06-17T16:13:33+00:00
SAO_857R-10,São Paulo,3550308,True,,34660,,,-23.631153500000003,-46.7733425,,,,2,2023-06-17T16:13:47+00:00
SAO_2175-10,São Paulo,3550308,True,,33465,,,-23.538557875000002,-46.598858750000005,,,,2,2023-06-17T16:13:58+00:00
SAO_2105-10,São Paulo,3550308,True,,35015,,,-23.4416005,-46.576291,,,,2,2023-06-17T16:11:29+00:00
SAO_2105-10,São Paulo,3550308,True,,35015,,,-23.484765000000003,-46.615406500000006,,,,2,2023-06-17T16:12:03+00:00
SAO_2105-10,São Paulo,3550308,True,,35015,,,-23.458576,-46.6023755,,,,2,2023-06-17T16:12:45+00:00
SAO_2105-10,São Paulo,3550308,True,,35015,,,-23.450471,-46.588668,,,,2,2023-06-17T16:14:04+00:00
SAO_978L-10,São Paulo,3550308,True,,33234,,,-23.53461325,-46.653628125,,,,2,2023-06-17T16:14:02+00:00
SAO_978L-10,São Paulo,3550308,True,,33234,,,-23.49671325,-46.67643925,,,,2,2023-06-17T16:13:50+00:00
SAO_8050-10,São Paulo,3550308,True,,412,,,-23.43779,-46.793281,,,,1,2023-06-17T16:13:41+00:00
SAO_8050-10,São Paulo,3550308,True,,412,,,-23.5214025,-46.7047665,,,,1,2023-06-17T16:14:05+00:00
SAO_648P-10,São Paulo,3550308,True,,66,,,-23.614546375,-46.696338999999995,,,,1,2023-06-17T16:13:50+00:00
SAO_648P-10,São Paulo,3550308,True,,66,,,-23.565859,-46.7013775,,,,1,2023-06-17T16:14:04+00:00
SAO_3139-10,São Paulo,3550308,True,,995,,,-23.5560355,-46.58481775,,,,1,2023-06-17T16:14:05+00:00
SAO_609J-10,São Paulo,3550308,True,,2242,,,-23.625792125000004,-46.649198125,,,,1,2023-06-17T16:13:40+00:00
SAO_8015-10,São Paulo,3550308,True,,34113,,,-23.455265,-46.7126435,,,,2,2023-06-17T16:13:28+00:00
SAO_8015-10,São Paulo,3550308,True,,34113,,,-23.388643000000002,-46.73530100000001,,,,2,2023-06-17T16:13:44+00:00
SAO_8015-10,São Paulo,3550308,True,,34113,,,-23.388901,-46.735036,,,,2,2023-06-17T16:13:37+00:00
SAO_8015-10,São Paulo,3550308,True,,34113,,,-23.388643000000002,-46.73530100000001,,,,2,2023-06-17T16:13:55+00:00
SAO_8015-10,São Paulo,3550308,True,,34113,,,-23.4868015,-46.726492,,,,2,2023-06-17T16:13:56+00:00
SAO_8015-10,São Paulo,3550308,True,,34113,,,-23.442724,-46.717219,,,,2,2023-06-17T16:14:01+00:00
SAO_4027-41,São Paulo,3550308,True,,2309,,,-23.610021500000002,-46.4803985,,,,1,2023-06-17T16:13:51+00:00
SAO_3053-10,São Paulo,3550308,True,,973,,,-23.574664499999997,-46.542012,,,,1,2023-06-17T16:13:39+00:00
SAO_3053-10,São Paulo,3550308,True,,973,,,-23.591944,-46.501512000000005,,,,1,2023-06-17T16:13:44+00:00
SAO_3053-10,São Paulo,3550308,True,,973,,,-23.556038,-46.57167724999999,,,,1,2023-06-17T16:13:56+00:00
SAO_938L-10,São Paulo,3550308,True,,34136,,,-23.485224,-46.6804425,,,,2,2023-06-17T16:13:48+00:00
SAO_938L-10,São Paulo,3550308,True,,34136,,,-23.475757,-46.6712,,,,2,2023-06-17T16:13:33+00:00
SAO_938L-10,São Paulo,3550308,True,,34136,,,-23.517713999999998,-46.7031655,,,,2,2023-06-17T16:14:03+00:00
SAO_4729-10,São Paulo,3550308,True,,1108,,,-23.592361,-46.5136425,,,,1,2023-06-17T16:13:45+00:00
SAO_4729-10,São Paulo,3550308,True,,1108,,,-23.5733495,-46.563548499999996,,,,1,2023-06-17T16:13:53+00:00
SAO_1742-10,São Paulo,3550308,True,,33310,,,-23.477407499999998,-46.63344175,,,,2,2023-06-17T16:13:34+00:00
SAO_1742-10,São Paulo,3550308,True,,33310,,,-23.457126,-46.65923775,,,,2,2023-06-17T16:13:24+00:00
SAO_1742-10,São Paulo,3550308,True,,33310,,,-23.457126,-46.65923775,,,,2,2023-06-17T16:13:35+00:00
SAO_1742-10,São Paulo,3550308,True,,33310,,,-23.4645705,-46.65405375,,,,2,2023-06-17T16:13:41+00:00
SAO_4021-10,São Paulo,3550308,True,,2548,,,-23.561562000000002,-46.446068749999995,,,,1,2023-06-17T16:13:48+00:00
SAO_4021-10,São Paulo,3550308,True,,2548,,,-23.55135125,-46.457230499999994,,,,1,2023-06-17T16:13:27+00:00
SAO_4021-10,São Paulo,3550308,True,,2548,,,-23.54712525,-46.45567575,,,,1,2023-06-17T16:13:33+00:00
SAO_7006-10,São Paulo,3550308,True,,34763,,,-23.700074,-46.780868,,,,2,2023-06-17T16:13:42+00:00
SAO_7006-10,São Paulo,3550308,True,,34763,,,-23.750601,-46.777545,,,,2,2023-06-17T16:14:01+00:00
SAO_7006-10,São Paulo,3550308,True,,34763,,,-23.7335845,-46.7828385,,,,2,2023-06-17T16:13:24+00:00
SAO_675X-10,São Paulo,3550308,True,EMTU,111,https://moovitapp.com/index/pt-br/transporte_p%C3%BAblico-line-111-Sao_Paulo-242-2038937-36419271-0,5.1,-23.670022,-46.7114045,,,,1,2023-06-17T16:14:02+00:00
SAO_675X-10,São Paulo,3550308,True,EMTU,111,https://moovitapp.com/index/pt-br/transporte_p%C3%BAblico-line-111-Sao_Paulo-242-2038937-36419271-0,5.1,-23.737689500000002,-46.697986,,,,1,2023-06-17T16:13:44+00:00
SAO_675X-10,São Paulo,3550308,True,EMTU,111,https://moovitapp.com/index/pt-br/transporte_p%C3%BAblico-line-111-Sao_Paulo-242-2038937-36419271-0,5.1,-23.737689500000002,-46.697986,,,,1,2023-06-17T16:13:38+00:00
SAO_8075-21,São Paulo,3550308,True,,2537,,,-23.631003999999997,-46.772597000000005,,,,1,2023-06-17T16:13:49+00:00
SAO_8075-21,São Paulo,3550308,True,,2537,,,-23.631003999999997,-46.772597000000005,,,,1,2023-06-17T16:13:34+00:00
SAO_8075-21,São Paulo,3550308,True,,2537,,,-23.59685225,-46.739891875,,,,1,2023-06-17T16:13:52+00:00
SAO_3901-10,São Paulo,3550308,True,,1469,,,-23.5231735,-46.533573000000004,,,,1,2023-06-17T16:13:39+00:00
SAO_5010-10,São Paulo,3550308,True,,1114,,,-23.654280999999997,-46.70443349999999,,,,1,2023-06-17T16:13:54+00:00
SAO_5010-10,São Paulo,3550308,True,,1114,,,-23.662679500000003,-46.6311435,,,,1,2023-06-17T16:13:57+00:00
SAO_5010-10,São Paulo,3550308,True,,1114,,,-23.652605,-46.679535,,,,1,2023-06-17T16:13:41+00:00
SAO_5010-10,São Paulo,3550308,True,,1114,,,-23.642576750000003,-46.65633875,,,,1,2023-06-17T16:13:30+00:00
SAO_5010-10,São Paulo,3550308,True,,1114,,,-23.6658425,-46.6378355,,,,1,2023-06-17T16:13:51+00:00
SAO_2006-10,São Paulo,3550308,True,,895,,,-23.510832999999998,-46.366727,,,,1,2023-06-17T16:13:58+00:00
SAO_2006-10,São Paulo,3550308,True,,895,,,-23.489892250000004,-46.3859015,,,,1,2023-06-17T16:13:15+00:00
SAO_2006-10,São Paulo,3550308,True,,895,,,-23.510832999999998,-46.366727,,,,1,2023-06-17T16:13:25+00:00
SAO_2006-10,São Paulo,3550308,True,,895,,,-23.48916475,-46.378097999999994,,,,1,2023-06-17T16:13:34+00:00
SAO_2006-10,São Paulo,3550308,True,,895,,,-23.496939,-46.400448999999995,,,,1,2023-06-17T16:14:03+00:00
SAO_2006-10,São Paulo,3550308,True,,895,,,-23.4996185,-46.37004,,,,1,2023-06-17T16:14:00+00:00
SAO_2006-10,São Paulo,3550308,True,,895,,,-23.510832999999998,-46.366727,,,,1,2023-06-17T16:13:23+00:00
SAO_4114-10,São Paulo,3550308,True,,33089,,,-23.611413,-46.62290675,,,,2,2023-06-17T16:13:30+00:00
SAO_9188-10,São Paulo,3550308,True,,33577,,,-23.454276,-46.7289815,,,,2,2023-06-17T16:13:19+00:00
SAO_9188-10,São Paulo,3550308,True,,33577,,,-23.454276,-46.7289815,,,,2,2023-06-17T16:13:26+00:00
SAO_9188-10,São Paulo,3550308,True,,33577,,,-23.450701000000002,-46.728078499999995,,,,2,2023-06-17T16:13:42+00:00
SAO_6L05-10,São Paulo,3550308,True,,1173,,,-23.8436935,-46.716950499999996,,,,1,2023-06-17T16:14:04+00:00
SAO_6L05-10,São Paulo,3550308,True,,1173,,,-23.828203,-46.726499000000004,,,,1,2023-06-17T16:14:00+00:00
SAO_6055-10,São Paulo,3550308,True,,1146,,,-23.7458025,-46.699363,,,,1,2023-06-17T16:13:45+00:00
SAO_6055-10,São Paulo,3550308,True,,1146,,,-23.716451499999998,-46.699146999999996,,,,1,2023-06-17T16:13:44+00:00
SAO_6055-10,São Paulo,3550308,True,,1146,,,-23.67430325,-46.6781245,,,,1,2023-06-17T16:13:59+00:00
SAO_4727-10,São Paulo,3550308,True,Cidade de Caieiras,340,https://moovitapp.com/index/pt-br/transporte_p%C3%BAblico-line-340-Sao_Paulo-242-868761-101563062-0,5.0,-23.63370075,-46.616271999999995,,,,1,2023-06-17T16:13:31+00:00
SAO_1018-10,São Paulo,3550308,True,,33600,,,-23.495017500000003,-46.622479,,,,2,2023-06-17T16:13:29+00:00
SAO_1018-10,São Paulo,3550308,True,,33600,,,-23.460175624999998,-46.623294375,,,,2,2023-06-17T16:13:46+00:00
SAO_263C-10,São Paulo,3550308,True,,33020,,,-23.533029,-46.4163305,,,,2,2023-06-17T16:13:53+00:00
SAO_263C-10,São Paulo,3550308,True,,33020,,,-23.47940875,-46.420387,,,,2,2023-06-17T16:13:55+00:00
SAO_263C-10,São Paulo,3550308,True,,33020,,,-23.51882525,-46.413051249999995,,,,2,2023-06-17T16:13:54+00:00
SAO_6835-31,São Paulo,3550308,True,,34175,,,-23.688617999999998,-46.8001245,,,,2,2023-06-17T16:13:44+00:00
SAO_6835-31,São Paulo,3550308,True,,34175,,,-23.674898,-46.773841499999996,,,,2,2023-06-17T16:13:47+00:00
SAO_846M-10,São Paulo,3550308,True,,33190,,,-23.531625,-46.713402,,,,2,2023-06-17T16:13:38+00:00
SAO_846M-10,São Paulo,3550308,True,,33190,,,-23.50283475,-46.760608500000004,,,,2,2023-06-17T16:13:49+00:00
SAO_8027-10,São Paulo,3550308,True,,2162,,,-23.5736395,-46.73643625,,,,1,2023-06-17T16:14:07+00:00
SAO_8215-10,São Paulo,3550308,True,,574,,,-23.461478,-46.7084365,,,,1,2023-06-17T16:13:27+00:00
SAO_8215-10,São Paulo,3550308,True,,574,,,-23.5407535,-46.6393585,,,,1,2023-06-17T16:14:00+00:00
SAO_8215-10,São Paulo,3550308,True,,574,,,-23.461478,-46.7084365,,,,1,2023-06-17T16:13:51+00:00
SAO_8215-10,São Paulo,3550308,True,,574,,,-23.484447,-46.691374999999994,,,,1,2023-06-17T16:12:16+00:00
SAO_2203-10,São Paulo,3550308,True,,33679,,,-23.5306115,-46.5354605,,,,2,2023-06-17T16:13:08+00:00
SAO_2203-10,São Paulo,3550308,True,,33679,,,-23.520574500000002,-46.484283500000004,,,,2,2023-06-17T16:14:02+00:00
SAO_2203-10,São Paulo,3550308,True,,33679,,,-23.5202455,-46.4958305,,,,2,2023-06-17T16:13:31+00:00
SAO_5701-10,São Paulo,3550308,True,,1136,,,-23.62037,-46.69263975,,,,1,2023-06-17T16:13:41+00:00
SAO_5701-10,São Paulo,3550308,True,,1136,,,-23.64461825,-46.644951,,,,1,2023-06-17T16:13:17+00:00
SAO_5701-10,São Paulo,3550308,True,,1136,,,-23.63653025,-46.669010125,,,,1,2023-06-17T16:13:33+00:00
SAO_2707-10,São Paulo,3550308,True,,919,,,-23.525353,-46.4059125,,,,1,2023-06-17T16:13:25+00:00
SAO_2707-10,São Paulo,3550308,True,,919,,,-23.542697,-46.424818,,,,1,2023-06-17T16:13:57+00:00
SAO_2707-10,São Paulo,3550308,True,,919,,,-23.5326615,-46.44805375,,,,1,2023-06-17T16:12:17+00:00
SAO_5702-10,São Paulo,3550308,True,,33905,,,-23.691416124999996,-46.6440195,,,,2,2023-06-17T16:13:59+00:00
SAO_5702-10,São Paulo,3550308,True,,33905,,,-23.666606,-46.6391495,,,,2,2023-06-17T16:13:39+00:00
SAO_5702-10,São Paulo,3550308,True,,33905,,,-23.6876025,-46.639643,,,,2,2023-06-17T16:14:05+00:00
SAO_546A-31,São Paulo,3550308,True,,33900,,,-23.7136645,-46.656892,,,,2,2023-06-17T16:13:55+00:00
SAO_546A-31,São Paulo,3550308,True,,33900,,,-23.697118625,-46.671195625,,,,2,2023-06-17T16:13:46+00:00
SAO_9501-10,São Paulo,3550308,True,,33230,,,-23.543206,-46.6386375,,,,2,2023-06-17T16:13:44+00:00
SAO_9501-10,São Paulo,3550308,True,,33230,,,-23.5195945,-46.67352125,,,,2,2023-06-17T16:13:57+00:00
SAO_9501-10,São Paulo,3550308,True,,33230,,,-23.474438499999998,-46.669928999999996,,,,2,2023-06-17T16:14:03+00:00
SAO_9501-10,São Paulo,3550308,True,,33230,,,-23.474486,-46.66942825,,,,2,2023-06-17T16:13:28+00:00
SAO_9501-10,São Paulo,3550308,True,,33230,,,-23.4742495,-46.669781,,,,2,2023-06-17T16:13:23+00:00
SAO_9501-10,São Paulo,3550308,True,,33230,,,-23.4754695,-46.6707,,,,2,2023-06-17T16:13:55+00:00
SAO_1702-10,São Paulo,3550308,True,,846,,,-23.500748,-46.6135675,,,,1,2023-06-17T16:13:48+00:00
SAO_1702-10,São Paulo,3550308,True,,846,,,-23.4771445,-46.5972415,,,,1,2023-06-17T16:13:40+00:00
SAO_1702-10,São Paulo,3550308,True,,846,,,-23.454158,-46.5803515,,,,1,2023-06-17T16:13:50+00:00
SAO_1702-10,São Paulo,3550308,True,,846,,,-23.504054125000003,-46.624669499999996,,,,1,2023-06-17T16:13:57+00:00
SAO_1702-10,São Paulo,3550308,True,,846,,,-23.442846,-46.57655,,,,1,2023-06-17T16:13:56+00:00
SAO_1702-10,São Paulo,3550308,True,,846,,,-23.52299825,-46.625476500000005,,,,1,2023-06-17T16:14:01+00:00
SAO_1702-10,São Paulo,3550308,True,,846,,,-23.527362500000002,-46.6269225,,,,1,2023-06-17T16:13:56+00:00
SAO_3721-41,São Paulo,3550308,True,,1693,,,-23.542863,-46.469320249999996,,,,1,2023-06-17T16:14:04+00:00
SAO_3721-41,São Paulo,3550308,True,,1693,,,-23.56180325,-46.49978075,,,,1,2023-06-17T16:13:58+00:00
SAO_3721-41,São Paulo,3550308,True,,1693,,,-23.55420325,-46.491747000000004,,,,1,2023-06-17T16:13:30+00:00
SAO_9501-10,São Paulo,3550308,True,EMTU,462,https://moovitapp.com/index/pt-br/transporte_p%C3%BAblico-line-462-Sao_Paulo-242-2038937-36419502-0,7.4,-23.522335125,-46.6619535,,,,1,2023-06-17T16:13:44+00:00
SAO_9501-10,São Paulo,3550308,True,EMTU,462,https://moovitapp.com/index/pt-br/transporte_p%C3%BAblico-line-462-Sao_Paulo-242-2038937-36419502-0,7.4,-23.483924,-46.679664,,,,1,2023-06-17T16:14:05+00:00
SAO_2008-10,São Paulo,3550308,True,,33665,,,-23.52114525,-46.38738525,,,,2,2023-06-17T16:13:29+00:00
SAO_2008-10,São Paulo,3550308,True,,33665,,,-23.52118775,-46.38765975,,,,2,2023-06-17T16:14:01+00:00
SAO_1018-10,São Paulo,3550308,True,,832,,,-23.4799035,-46.611354000000006,,,,1,2023-06-17T16:13:51+00:00
SAO_1018-10,São Paulo,3550308,True,,832,,,-23.458133,-46.615718,,,,1,2023-06-17T16:13:24+00:00
SAO_2705-10,São Paulo,3550308,True,,917,,,-23.542768,-46.41466525,,,,1,2023-06-17T16:05:39+00:00
SAO_2705-10,São Paulo,3550308,True,,917,,,-23.540489,-46.4053485,,,,1,2023-06-17T16:14:02+00:00
SAO_2705-10,São Paulo,3550308,True,,917,,,-23.547278,-46.391322,,,,1,2023-06-17T16:14:02+00:00
SAO_7272-10,São Paulo,3550308,True,,1333,,,-23.5183185,-46.706914499999996,,,,1,2023-06-17T16:13:22+00:00
SAO_971T-10,São Paulo,3550308,True,,33386,,,-23.493746,-46.674699000000004,,,,2,2023-06-17T16:13:42+00:00
SAO_971T-10,São Paulo,3550308,True,,33386,,,-23.489380500000003,-46.66572875,,,,2,2023-06-17T16:14:02+00:00
SAO_1741-10,São Paulo,3550308,True,,539,,,-23.4645255,-46.663880000000006,,,,1,2023-06-17T16:14:03+00:00
SAO_1741-10,São Paulo,3550308,True,,539,,,-23.503125,-46.6245765,,,,1,2023-06-17T16:13:56+00:00
SAO_1741-10,São Paulo,3550308,True,,539,,,-23.4882385,-46.6380885,,,,1,2023-06-17T16:13:24+00:00
SAO_1206-10,São Paulo,3550308,True,EMTU,842,https://moovitapp.com/index/pt-br/transporte_p%C3%BAblico-line-842-Sao_Paulo-242-2038937-36419605-0,7.15,-23.518504375,-46.57922524999999,,,,1,2023-06-17T16:14:04+00:00
SAO_1206-10,São Paulo,3550308,True,EMTU,842,https://moovitapp.com/index/pt-br/transporte_p%C3%BAblico-line-842-Sao_Paulo-242-2038937-36419605-0,7.15,-23.541659,-46.636741,,,,1,2023-06-17T16:13:49+00:00
SAO_1206-10,São Paulo,3550308,True,EMTU,842,https://moovitapp.com/index/pt-br/transporte_p%C3%BAblico-line-842-Sao_Paulo-242-2038937-36419605-0,7.15,-23.54486,-46.6262115,,,,1,2023-06-17T16:13:55+00:00
SAO_978L-10,São Paulo,3550308,True,EMTU,466,https://moovitapp.com/index/pt-br/transporte_p%C3%BAblico-line-466-Sao_Paulo-242-2038937-72712754-0,5.4,-23.506715,-46.6690395,,,,1,2023-06-17T16:14:03+00:00
SAO_978L-10,São Paulo,3550308,True,EMTU,466,https://moovitapp.com/index/pt-br/transporte_p%C3%BAblico-line-466-Sao_Paulo-242-2038937-72712754-0,5.4,-23.474202,-46.669375,,,,1,2023-06-17T16:13:43+00:00
SAO_574C-10,São Paulo,3550308,True,,1639,,,-23.6018545,-46.57027,,,,1,2023-06-17T16:14:06+00:00
SAO_574C-10,São Paulo,3550308,True,,1639,,,-23.5982,-46.522324,,,,1,2023-06-17T16:13:12+00:00
SAO_8594-10,São Paulo,3550308,True,EMTU,432,https://moovitapp.com/index/pt-br/transporte_p%C3%BAblico-line-432-Sao_Paulo-242-2038937-36419486-0,4.8,-23.454593,-46.7421475,,,,1,2023-06-17T16:13:24+00:00
SAO_8594-10,São Paulo,3550308,True,EMTU,432,https://moovitapp.com/index/pt-br/transporte_p%C3%BAblico-line-432-Sao_Paulo-242-2038937-36419486-0,4.8,-23.525008999999997,-46.687031,,,,1,2023-06-17T16:13:43+00:00
SAO_8594-10,São Paulo,3550308,True,EMTU,432,https://moovitapp.com/index/pt-br/transporte_p%C3%BAblico-line-432-Sao_Paulo-242-2038937-36419486-0,4.8,-23.479386499999997,-46.7200265,,,,1,2023-06-17T16:14:04+00:00
SAO_8027-10,São Paulo,3550308,True,,34930,,,-23.568452999999998,-46.765302,,,,2,2023-06-17T16:13:40+00:00
SAO_8027-10,São Paulo,3550308,True,,34930,,,-23.568452999999998,-46.765302,,,,2,2023-06-17T16:13:57+00:00
SAO_9015-10,São Paulo,3550308,True,,34037,,,-23.479321249999998,-46.71280375,,,,2,2023-06-17T16:13:28+00:00
SAO_9015-10,São Paulo,3550308,True,,34037,,,-23.4694535,-46.7135935,,,,2,2023-06-17T16:13:27+00:00
SAO_9015-10,São Paulo,3550308,True,,34037,,,-23.4694535,-46.7135935,,,,2,2023-06-17T16:13:40+00:00
SAO_6075-10,São Paulo,3550308,True,,1162,,,-23.767886500000003,-46.7165485,,,,1,2023-06-17T16:14:05+00:00
SAO_6075-10,São Paulo,3550308,True,,1162,,,-23.792320500000002,-46.7350775,,,,1,2023-06-17T16:13:30+00:00
SAO_9002-10,São Paulo,3550308,True,,870,,,-23.4579405,-46.6705775,,,,1,2023-06-17T16:13:32+00:00
SAO_9002-10,São Paulo,3550308,True,,870,,,-23.45342375,-46.67121625,,,,1,2023-06-17T16:13:25+00:00
SAO_9002-10,São Paulo,3550308,True,,870,,,-23.46623,-46.668721,,,,1,2023-06-17T16:13:39+00:00
SAO_9002-10,São Paulo,3550308,True,,870,,,-23.474822500000002,-46.670317999999995,,,,1,2023-06-17T16:13:44+00:00
SAO_3746-10,São Paulo,3550308,True,EMTU,283,https://moovitapp.com/index/pt-br/transporte_p%C3%BAblico-line-283-Sao_Paulo-242-2038937-36419384-0,5.2,-23.5428375,-46.587731000000005,,,,1,2023-06-17T16:13:40+00:00
SAO_3746-10,São Paulo,3550308,True,EMTU,283,https://moovitapp.com/index/pt-br/transporte_p%C3%BAblico-line-283-Sao_Paulo-242-2038937-36419384-0,5.2,-23.57743575,-46.540026875,,,,1,2023-06-17T16:13:50+00:00
SAO_5701-10,São Paulo,3550308,True,,33904,,,-23.635565,-46.641472,,,,2,2023-06-17T16:13:31+00:00
SAO_5701-10,São Paulo,3550308,True,,33904,,,-23.6405745,-46.66779325,,,,2,2023-06-17T16:13:49+00:00
SAO_5701-10,São Paulo,3550308,True,,33904,,,-23.6245765,-46.68305049999999,,,,2,2023-06-17T16:14:00+00:00
SAO_4086-10,São Paulo,3550308,True,,2250,,,-23.598398500000002,-46.392297,,,,1,2023-06-17T16:11:14+00:00
SAO_746R-10,São Paulo,3550308,True,,33558,,,-23.654375,-46.714551,,,,2,2023-06-17T16:13:24+00:00
SAO_746R-10,São Paulo,3550308,True,,33558,,,-23.61644,-46.70556,,,,2,2023-06-17T16:14:05+00:00
SAO_746R-10,São Paulo,3550308,True,,33558,,,-23.654880499999997,-46.716874000000004,,,,2,2023-06-17T16:13:34+00:00
SAO_978J-10,São Paulo,3550308,True,EMTU,591,https://moovitapp.com/index/pt-br/transporte_p%C3%BAblico-line-591-Sao_Paulo-242-2038937-36419577-0,5.4,-23.50033275,-46.70682,,,,1,2023-06-17T16:14:00+00:00
SAO_5025-10,São Paulo,3550308,True,,34332,,,-23.600791,-46.5496975,,,,2,2023-06-17T16:13:32+00:00
SAO_5025-10,São Paulo,3550308,True,,34332,,,-23.59935775,-46.58558375,,,,2,2023-06-17T16:13:45+00:00
SAO_5025-10,São Paulo,3550308,True,,34332,,,-23.60857425,-46.54131325,,,,2,2023-06-17T16:13:55+00:00
SAO_1782-10,São Paulo,3550308,True,,33411,,,-23.4507355,-46.57235675,,,,2,2023-06-17T16:13:22+00:00
SAO_3735-10,São Paulo,3550308,True,,33803,,,-23.5460205,-46.501273499999996,,,,2,2023-06-17T16:13:33+00:00
SAO_3735-10,São Paulo,3550308,True,,33803,,,-23.541323,-46.4845135,,,,2,2023-06-17T16:14:02+00:00
SAO_669A-10,São Paulo,3550308,True,,4,,,-23.582893,-46.668045,,,,1,2023-06-17T16:13:37+00:00
SAO_669A-10,São Paulo,3550308,True,,4,,,-23.646330562499998,-46.701522062500004,,,,1,2023-06-17T16:13:54+00:00
SAO_669A-10,São Paulo,3550308,True,,4,,,-23.654157,-46.7105825,,,,1,2023-06-17T16:13:27+00:00
SAO_669A-10,São Paulo,3550308,True,,4,,,-23.559489125,-46.658570499999996,,,,1,2023-06-17T16:14:00+00:00
SAO_2029-10,São Paulo,3550308,True,,35038,,,-23.4308,-46.5751545,,,,2,2023-06-17T16:13:29+00:00
SAO_2029-10,São Paulo,3550308,True,,35038,,,-23.479921500000003,-46.602290499999995,,,,2,2023-06-17T16:13:35+00:00
SAO_5011-10,São Paulo,3550308,True,,33883,,,-23.7103285,-46.62034,,,,2,2023-06-17T16:13:41+00:00
SAO_5011-10,São Paulo,3550308,True,,33883,,,-23.6733205,-46.686609000000004,,,,2,2023-06-17T16:13:55+00:00
SAO_5011-10,São Paulo,3550308,True,,33883,,,-23.7103285,-46.62034,,,,2,2023-06-17T16:13:59+00:00
SAO_5011-10,São Paulo,3550308,True,,33883,,,-23.7103285,-46.62034,,,,2,2023-06-17T16:13:56+00:00
SAO_5011-10,São Paulo,3550308,True,,33883,,,-23.697120375,-46.670897375,,,,2,2023-06-17T16:13:39+00:00
SAO_874C-10,São Paulo,3550308,True,,477,,,-23.54262475,-46.73122875,,,,1,2023-06-17T16:13:34+00:00
SAO_5018-10,São Paulo,3550308,True,,34260,,,-23.6693775,-46.649161500000005,,,,2,2023-06-17T16:13:52+00:00
SAO_5018-10,São Paulo,3550308,True,,34260,,,-23.675342999999998,-46.673078000000004,,,,2,2023-06-17T16:13:52+00:00
SAO_5018-10,São Paulo,3550308,True,,34260,,,-23.64662525,-46.64058625,,,,2,2023-06-17T16:13:55+00:00
SAO_5018-10,São Paulo,3550308,True,,34260,,,-23.6757020625,-46.674052437499995,,,,2,2023-06-17T16:13:53+00:00
SAO_PAEC-10,São Paulo,3550308,True,,1422,,,-23.5182095,-46.475659,,,,1,2023-06-17T16:13:46+00:00
SAO_PAEC-10,São Paulo,3550308,True,,1422,,,-23.5182095,-46.475659,,,,1,2023-06-17T16:13:26+00:00
SAO_PAEC-10,São Paulo,3550308,True,,1422,,,-23.5185795,-46.475586,,,,1,2023-06-17T16:13:24+00:00
SAO_PAEC-10,São Paulo,3550308,True,,1422,,,-23.5185795,-46.475586,,,,1,2023-06-17T16:13:54+00:00
SAO_1019-10,São Paulo,3550308,True,,2495,,,-23.4866745,-46.725972999999996,,,,1,2023-06-17T16:13:43+00:00
SAO_8605-10,São Paulo,3550308,True,,1917,,,-23.5806215,-46.6796815,,,,1,2023-06-17T16:13:33+00:00
SAO_8605-10,São Paulo,3550308,True,,1917,,,-23.549253,-46.641041,,,,1,2023-06-17T16:13:37+00:00
SAO_8605-10,São Paulo,3550308,True,,1917,,,-23.608782,-46.75186875,,,,1,2023-06-17T16:14:02+00:00
SAO_8012-10,São Paulo,3550308,True,,2023,,,-23.565798,-46.7111515,,,,1,2023-06-17T16:14:01+00:00
SAO_2002-10,São Paulo,3550308,True,STT,711,https://moovitapp.com/index/pt-br/transporte_p%C3%BAblico-line-711-Sao_Paulo-242-850661-183340-0,5.3,-23.55004,-46.642128,,,,1,2023-06-17T16:13:56+00:00
SAO_2002-10,São Paulo,3550308,True,STT,711,https://moovitapp.com/index/pt-br/transporte_p%C3%BAblico-line-711-Sao_Paulo-242-850661-183340-0,5.3,-23.549056999999998,-46.6330855,,,,1,2023-06-17T16:13:29+00:00
SAO_2002-10,São Paulo,3550308,True,STT,711,https://moovitapp.com/index/pt-br/transporte_p%C3%BAblico-line-711-Sao_Paulo-242-850661-183340-0,5.3,-23.543550500000002,-46.638123500000006,,,,1,2023-06-17T16:13:25+00:00
SAO_1765-10,São Paulo,3550308,True,,1782,,,-23.473675875,-46.58939,,,,1,2023-06-17T16:13:56+00:00
SAO_1765-10,São Paulo,3550308,True,,1782,,,-23.466963,-46.5690415,,,,1,2023-06-17T16:14:02+00:00
SAO_1765-10,São Paulo,3550308,True,,1782,,,-23.466963,-46.5690415,,,,1,2023-06-17T16:13:46+00:00
SAO_1765-10,São Paulo,3550308,True,,1782,,,-23.466963,-46.5690415,,,,1,2023-06-17T16:13:24+00:00
SAO_3002-10,São Paulo,3550308,True,,34576,,,-23.514367,-46.380974374999994,,,,2,2023-06-17T16:13:33+00:00
SAO_3002-10,São Paulo,3550308,True,,34576,,,-23.5108465,-46.3788725,,,,2,2023-06-17T16:13:31+00:00
SAO_3002-10,São Paulo,3550308,True,,34576,,,-23.494093,-46.420404250000004,,,,2,2023-06-17T16:14:03+00:00
SAO_3002-10,São Paulo,3550308,True,,34576,,,-23.5108465,-46.3788725,,,,2,2023-06-17T16:13:14+00:00
SAO_3002-10,São Paulo,3550308,True,,34576,,,-23.498163124999998,-46.396673750000005,,,,2,2023-06-17T16:13:30+00:00
SAO_2008-10,São Paulo,3550308,True,,897,,,-23.5144425,-46.3903165,,,,1,2023-06-17T16:13:41+00:00
SAO_2008-10,São Paulo,3550308,True,,897,,,-23.51937975,-46.38735174999999,,,,1,2023-06-17T16:14:04+00:00
SAO_2008-10,São Paulo,3550308,True,,897,,,-23.499179249999997,-46.39961125,,,,1,2023-06-17T16:13:45+00:00
SAO_2008-10,São Paulo,3550308,True,,897,,,-23.50740625,-46.395645,,,,1,2023-06-17T16:11:29+00:00
SAO_2008-10,São Paulo,3550308,True,,897,,,-23.503021,-46.3971805,,,,1,2023-06-17T16:13:30+00:00
SAO_4003-10,São Paulo,3550308,True,,2159,,,-23.531448750000003,-46.44202425,,,,1,2023-06-17T16:13:38+00:00
SAO_4003-10,São Paulo,3550308,True,,2159,,,-23.567685,-46.402966,,,,1,2023-06-17T16:13:22+00:00
SAO_8300-10,São Paulo,3550308,True,,34032,,,-23.485965,-46.726443374999995,,,,2,2023-06-17T16:13:32+00:00
SAO_1778-10,São Paulo,3550308,True,,34557,,,-23.459446,-46.5718605,,,,2,2023-06-17T16:11:26+00:00
SAO_1778-10,São Paulo,3550308,True,,34557,,,-23.467172,-46.56877125,,,,2,2023-06-17T16:13:22+00:00
SAO_2058-10,São Paulo,3550308,True,,33027,,,-23.491651,-46.434374500000004,,,,2,2023-06-17T16:12:07+00:00
SAO_2058-10,São Paulo,3550308,True,,33027,,,-23.491651,-46.434374500000004,,,,2,2023-06-17T16:13:25+00:00
SAO_2058-10,São Paulo,3550308,True,,33027,,,-23.511828,-46.401517,,,,2,2023-06-17T16:14:07+00:00
SAO_848L-10,São Paulo,3550308,True,,33576,,,-23.446334999999998,-46.722477,,,,2,2023-06-17T16:13:32+00:00
SAO_848L-10,São Paulo,3550308,True,,33576,,,-23.431569,-46.725807,,,,2,2023-06-17T16:13:35+00:00
SAO_848L-10,São Paulo,3550308,True,,33576,,,-23.4859685,-46.7262025,,,,2,2023-06-17T16:13:56+00:00
SAO_848L-10,São Paulo,3550308,True,,33576,,,-23.4859685,-46.7262025,,,,2,2023-06-17T16:13:36+00:00
SAO_208M-10,São Paulo,3550308,True,,2478,,,-23.521961249999997,-46.659125,,,,1,2023-06-17T16:13:55+00:00
SAO_709M-10,São Paulo,3550308,True,,2462,,,-23.6254245,-46.692361000000005,,,,1,2023-06-17T16:13:59+00:00
SAO_709M-10,São Paulo,3550308,True,,2462,,,-23.588213,-46.6848185,,,,1,2023-06-17T16:13:32+00:00
SAO_709M-10,São Paulo,3550308,True,,2462,,,-23.5662285,-46.7018525,,,,1,2023-06-17T16:13:51+00:00
SAO_2711-10,São Paulo,3550308,True,,925,,,-23.5296685,-46.500479,,,,1,2023-06-17T16:13:32+00:00
SAO_2711-10,São Paulo,3550308,True,,925,,,-23.5108225,-46.494567,,,,1,2023-06-17T16:14:06+00:00
SAO_509M-10,São Paulo,3550308,True,,1277,,,-23.6558755,-46.666036500000004,,,,1,2023-06-17T16:14:04+00:00
SAO_509M-10,São Paulo,3550308,True,,1277,,,-23.606327,-46.66468075,,,,1,2023-06-17T16:13:41+00:00
SAO_509M-10,São Paulo,3550308,True,,1277,,,-23.53471425,-46.64500699999999,,,,1,2023-06-17T16:13:47+00:00
SAO_6073-10,São Paulo,3550308,True,,1160,,,-23.791592,-46.727247500000004,,,,1,2023-06-17T16:14:03+00:00
SAO_4014-10,São Paulo,3550308,True,,2187,,,-23.5580635,-46.522337500000006,,,,1,2023-06-17T16:13:27+00:00
SAO_4014-10,São Paulo,3550308,True,,2187,,,-23.610802375,-46.4648605,,,,1,2023-06-17T16:14:02+00:00
SAO_1021-10,São Paulo,3550308,True,EMTU,833,https://moovitapp.com/index/pt-br/transporte_p%C3%BAblico-line-833-Sao_Paulo-242-2038937-36419599-0,5.4,-23.486697,-46.726888,,,,1,2023-06-17T16:14:03+00:00
SAO_775P-10,São Paulo,3550308,True,EMTU,507,https://moovitapp.com/index/pt-br/transporte_p%C3%BAblico-line-507-Sao_Paulo-242-2038937-36419529-0,5.65,-23.567117125000003,-46.649771375,,,,1,2023-06-17T16:14:02+00:00
SAO_775P-10,São Paulo,3550308,True,EMTU,507,https://moovitapp.com/index/pt-br/transporte_p%C3%BAblico-line-507-Sao_Paulo-242-2038937-36419529-0,5.65,-23.592202875,-46.742618875,,,,1,2023-06-17T16:13:45+00:00
SAO_2005-10,São Paulo,3550308,True,,893,,,-23.493300249999997,-46.41251175,,,,1,2023-06-17T16:13:45+00:00
SAO_2005-10,São Paulo,3550308,True,,893,,,-23.48170725,-46.379062250000004,,,,1,2023-06-17T16:13:41+00:00
SAO_2005-10,São Paulo,3550308,True,,893,,,-23.494115,-46.43924975,,,,1,2023-06-17T16:13:37+00:00
SAO_809A-10,São Paulo,3550308,True,,2069,,,-23.565896,-46.7011235,,,,1,2023-06-17T16:13:32+00:00
SAO_809A-10,São Paulo,3550308,True,,2069,,,-23.585051,-46.743649,,,,1,2023-06-17T16:13:48+00:00
SAO_809A-10,São Paulo,3550308,True,,2069,,,-23.575936499999997,-46.775704000000005,,,,1,2023-06-17T16:13:26+00:00
SAO_809A-10,São Paulo,3550308,True,,2069,,,-23.575720750000002,-46.77557075,,,,1,2023-06-17T16:13:36+00:00
SAO_809A-10,São Paulo,3550308,True,,2069,,,-23.570849000000003,-46.77822275,,,,1,2023-06-17T16:13:29+00:00
SAO_675M-10,São Paulo,3550308,True,,32876,,,-23.6430055,-46.656865499999995,,,,2,2023-06-17T16:14:03+00:00
SAO_675M-10,São Paulo,3550308,True,,32876,,,-23.707207250000003,-46.688587999999996,,,,2,2023-06-17T16:13:49+00:00
SAO_675M-10,São Paulo,3550308,True,,32876,,,-23.720467499999998,-46.676809000000006,,,,2,2023-06-17T16:14:04+00:00
SAO_675P-10,São Paulo,3550308,True,STT,275,https://moovitapp.com/index/pt-br/transporte_p%C3%BAblico-line-275-Sao_Paulo-242-850661-183275-0,5.3,-23.67049,-46.70302675,,,,1,2023-06-17T16:13:31+00:00
SAO_675P-10,São Paulo,3550308,True,STT,275,https://moovitapp.com/index/pt-br/transporte_p%C3%BAblico-line-275-Sao_Paulo-242-850661-183275-0,5.3,-23.6363215,-46.641154,,,,1,2023-06-17T16:13:39+00:00
SAO_6475-10,São Paulo,3550308,True,,1317,,,-23.573410250000002,-46.6661795,,,,1,2023-06-17T16:13:40+00:00
SAO_6475-10,São Paulo,3550308,True,,1317,,,-23.643586,-46.747794,,,,1,2023-06-17T16:13:35+00:00
SAO_805L-10,São Paulo,3550308,True,EMTU,124,https://moovitapp.com/index/pt-br/transporte_p%C3%BAblico-line-124-Sao_Paulo-242-2038937-36419282-0,5.15,-23.551510999999998,-46.6402315,,,,1,2023-06-17T16:13:37+00:00
SAO_3141-10,São Paulo,3550308,True,,33502,,,-23.552734,-46.6271135,,,,2,2023-06-17T16:14:03+00:00
SAO_3141-10,São Paulo,3550308,True,,33502,,,-23.609343250000002,-46.5052805,,,,2,2023-06-17T16:13:40+00:00
SAO_3141-10,São Paulo,3550308,True,,33502,,,-23.57409275,-46.557143499999995,,,,2,2023-06-17T16:13:52+00:00
SAO_4012-10,São Paulo,3550308,True,,34953,,,-23.598281999999998,-46.440941249999995,,,,2,2023-06-17T16:13:25+00:00
SAO_4012-10,São Paulo,3550308,True,,34953,,,-23.602895,-46.443481500000004,,,,2,2023-06-17T16:14:05+00:00
SAO_4012-10,São Paulo,3550308,True,,34953,,,-23.598281999999998,-46.440941249999995,,,,2,2023-06-17T16:13:38+00:00
SAO_4012-10,São Paulo,3550308,True,,34953,,,-23.617535,-46.4685755,,,,2,2023-06-17T16:14:01+00:00
SAO_6052-10,São Paulo,3550308,True,,1144,,,-23.7717325,-46.694515,,,,1,2023-06-17T16:13:43+00:00
SAO_6001-10,São Paulo,3550308,True,,52,,,-23.6517585,-46.75778675,,,,1,2023-06-17T16:13:36+00:00
SAO_6001-10,São Paulo,3550308,True,,52,,,-23.645379125,-46.71325375,,,,1,2023-06-17T16:14:08+00:00
SAO_1015-10,São Paulo,3550308,True,,2230,,,-23.423815,-46.789154499999995,,,,1,2023-06-17T16:13:24+00:00
SAO_2025-10,São Paulo,3550308,True,,2267,,,-23.47126,-46.586546625,,,,1,2023-06-17T16:13:44+00:00
SAO_2025-10,São Paulo,3550308,True,,2267,,,-23.4507355,-46.57235675,,,,1,2023-06-17T16:11:33+00:00
SAO_2025-10,São Paulo,3550308,True,,2267,,,-23.502817,-46.6238575,,,,1,2023-06-17T16:13:59+00:00
SAO_2451-10,São Paulo,3550308,True,,32981,,,-23.5223365,-46.5178795,,,,2,2023-06-17T16:13:36+00:00
SAO_2451-10,São Paulo,3550308,True,,32981,,,-23.516976999999997,-46.489253000000005,,,,2,2023-06-17T16:13:49+00:00
SAO_403A-10,São Paulo,3550308,True,,2192,,,-23.54100375,-46.439520875,,,,1,2023-06-17T16:12:16+00:00
SAO_403A-10,São Paulo,3550308,True,,2192,,,-23.552701250000002,-46.493739500000004,,,,1,2023-06-17T16:13:33+00:00
SAO_403A-10,São Paulo,3550308,True,,2192,,,-23.5398865,-46.431905,,,,1,2023-06-17T16:13:51+00:00
SAO_403A-10,São Paulo,3550308,True,,2192,,,-23.52989525,-46.527190250000004,,,,1,2023-06-17T16:13:30+00:00
SAO_478P-10,São Paulo,3550308,True,EMTU,349,https://moovitapp.com/index/pt-br/transporte_p%C3%BAblico-line-349-Sao_Paulo-242-2038937-36419432-0,5.1,-23.59731125,-46.609683875,,,,1,2023-06-17T16:13:32+00:00
SAO_478P-10,São Paulo,3550308,True,EMTU,349,https://moovitapp.com/index/pt-br/transporte_p%C3%BAblico-line-349-Sao_Paulo-242-2038937-36419432-0,5.1,-23.53080675,-46.683999375,,,,1,2023-06-17T16:13:36+00:00
SAO_478P-10,São Paulo,3550308,True,EMTU,349,https://moovitapp.com/index/pt-br/transporte_p%C3%BAblico-line-349-Sao_Paulo-242-2038937-36419432-0,5.1,-23.554006,-46.6708855,,,,1,2023-06-17T16:13:39+00:00
SAO_6063-10,São Paulo,3550308,True,,1152,,,-23.767094999999998,-46.716237500000005,,,,1,2023-06-17T16:14:02+00:00
SAO_6063-10,São Paulo,3550308,True,,1152,,,-23.772777249999997,-46.7016495,,,,1,2023-06-17T16:13:49+00:00
SAO_6063-10,São Paulo,3550308,True,,1152,,,-23.7727505,-46.708956,,,,1,2023-06-17T16:14:02+00:00
SAO_178A-10,São Paulo,3550308,True,,33326,,,-23.518422,-46.7045445,,,,2,2023-06-17T16:13:32+00:00
SAO_178A-10,São Paulo,3550308,True,,33326,,,-23.515357125,-46.62499125,,,,2,2023-06-17T16:13:41+00:00
SAO_178A-10,São Paulo,3550308,True,,33326,,,-23.5279956875,-46.639413437500004,,,,2,2023-06-17T16:13:25+00:00
SAO_4056-10,São Paulo,3550308,True,,2237,,,-23.598788499999998,-46.463606999999996,,,,1,2023-06-17T16:13:17+00:00
SAO_4056-10,São Paulo,3550308,True,,2237,,,-23.613528000000002,-46.46996125,,,,1,2023-06-17T16:13:44+00:00
SAO_8072-10,São Paulo,3550308,True,,2079,,,-23.6370915,-46.761708,,,,1,2023-06-17T16:13:46+00:00
SAO_8072-10,São Paulo,3550308,True,,2079,,,-23.6423545,-46.7659975,,,,1,2023-06-17T16:13:52+00:00
SAO_8072-10,São Paulo,3550308,True,,2079,,,-23.6126525,-46.754761,,,,1,2023-06-17T16:13:47+00:00
SAO_5029-10,São Paulo,3550308,True,,34440,,,-23.620595,-46.592406499999996,,,,2,2023-06-17T16:10:31+00:00
SAO_5029-10,São Paulo,3550308,True,,34440,,,-23.628492,-46.5859155,,,,2,2023-06-17T16:13:35+00:00
SAO_5034-10,São Paulo,3550308,True,,34431,,,-23.647877,-46.5934465,,,,2,2023-06-17T16:13:44+00:00
SAO_5034-10,São Paulo,3550308,True,,34431,,,-23.602919,-46.60221,,,,2,2023-06-17T16:13:50+00:00
SAO_407R-10,São Paulo,3550308,True,,2201,,,-23.561864,-46.5618535,,,,1,2023-06-17T16:13:28+00:00
SAO_407R-10,São Paulo,3550308,True,,2201,,,-23.558462,-46.5226175,,,,1,2023-06-17T16:13:27+00:00
SAO_6816-31,São Paulo,3550308,True,,1748,,,-23.652680500000002,-46.778238,,,,1,2023-06-17T16:14:02+00:00
SAO_6051-10,São Paulo,3550308,True,,33911,,,-23.7628215,-46.688933500000005,,,,2,2023-06-17T16:14:05+00:00
SAO_6051-10,São Paulo,3550308,True,,33911,,,-23.7621455,-46.689133,,,,2,2023-06-17T16:13:33+00:00
SAO_6051-10,São Paulo,3550308,True,,33911,,,-23.7621455,-46.689133,,,,2,2023-06-17T16:13:56+00:00
SAO_6051-10,São Paulo,3550308,True,,33911,,,-23.762576000000003,-46.689004,,,,2,2023-06-17T16:13:42+00:00
SAO_8000-1,São Paulo,3550308,True,,35274,,,-23.520332500000002,-46.699903,,,,2,2023-06-17T16:14:01+00:00
SAO_8000-1,São Paulo,3550308,True,,35274,,,-23.53715575,-46.649408,,,,2,2023-06-17T16:13:39+00:00
SAO_6403-10,São Paulo,3550308,True,,32826,,,-23.542074,-46.627536,,,,2,2023-06-17T16:14:00+00:00
SAO_6403-10,São Paulo,3550308,True,,32826,,,-23.64356875,-46.7324565,,,,2,2023-06-17T16:13:38+00:00
SAO_6403-10,São Paulo,3550308,True,,32826,,,-23.64353475,-46.73348675,,,,2,2023-06-17T16:13:56+00:00
SAO_6403-10,São Paulo,3550308,True,,32826,,,-23.58401475,-46.687271249999995,,,,2,2023-06-17T16:13:40+00:00
SAO_408A-10,São Paulo,3550308,True,,33534,,,-23.579829,-46.6329,,,,2,2023-06-17T16:13:26+00:00
SAO_408A-10,São Paulo,3550308,True,,33534,,,-23.567655000000002,-46.633491500000005,,,,2,2023-06-17T16:14:00+00:00
SAO_6034-10,São Paulo,3550308,True,,32863,,,-23.7401655,-46.691473,,,,2,2023-06-17T16:13:54+00:00
SAO_6034-10,São Paulo,3550308,True,,32863,,,-23.744470874999998,-46.66471975,,,,2,2023-06-17T16:13:32+00:00
SAO_6034-10,São Paulo,3550308,True,,32863,,,-23.747656499999998,-46.6691325,,,,2,2023-06-17T16:13:33+00:00
SAO_6003-21,São Paulo,3550308,True,,35344,,,-23.7667585,-46.71704,,,,2,2023-06-17T16:13:46+00:00
SAO_2123-10,São Paulo,3550308,True,,692,,,-23.53641175,-46.619004000000004,,,,1,2023-06-17T16:06:33+00:00
SAO_2123-10,São Paulo,3550308,True,,692,,,-23.4880315,-46.5828975,,,,1,2023-06-17T16:13:38+00:00
SAO_2123-10,São Paulo,3550308,True,,692,,,-23.50777275,-46.598431,,,,1,2023-06-17T16:12:22+00:00
SAO_6045-10,São Paulo,3550308,True,,33990,,,-23.646858125,-46.707122125,,,,2,2023-06-17T16:13:29+00:00
SAO_6045-10,São Paulo,3550308,True,,33990,,,-23.68619975,-46.79998275,,,,2,2023-06-17T16:14:07+00:00
SAO_6045-10,São Paulo,3550308,True,,33990,,,-23.68591225,-46.80148225000001,,,,2,2023-06-17T16:14:08+00:00
SAO_314V-10,São Paulo,3550308,True,EMTU,311,https://moovitapp.com/index/pt-br/transporte_p%C3%BAblico-line-311-Sao_Paulo-242-2038937-36419403-0,7.9,-23.563597,-46.619397500000005,,,,1,2023-06-17T16:13:36+00:00
SAO_847P-42,São Paulo,3550308,True,,1424,,,-23.468989,-46.696481500000004,,,,1,2023-06-17T16:13:33+00:00
SAO_477A-10,São Paulo,3550308,True,EMTU,346,https://moovitapp.com/index/pt-br/transporte_p%C3%BAblico-line-346-Sao_Paulo-242-2038937-36419429-0,6.3,-23.60465225,-46.603868000000006,,,,1,2023-06-17T16:13:34+00:00
SAO_477A-10,São Paulo,3550308,True,EMTU,346,https://moovitapp.com/index/pt-br/transporte_p%C3%BAblico-line-346-Sao_Paulo-242-2038937-36419429-0,6.3,-23.5802735,-46.625918,,,,1,2023-06-17T16:13:52+00:00
SAO_477A-10,São Paulo,3550308,True,EMTU,346,https://moovitapp.com/index/pt-br/transporte_p%C3%BAblico-line-346-Sao_Paulo-242-2038937-36419429-0,6.3,-23.5739305,-46.655609,,,,1,2023-06-17T16:13:47+00:00
SAO_6003-10,São Paulo,3550308,True,,1472,,,-23.7377555,-46.6976535,,,,1,2023-06-17T16:13:51+00:00
SAO_6003-10,São Paulo,3550308,True,,1472,,,-23.7377555,-46.6976535,,,,1,2023-06-17T16:13:38+00:00
SAO_605A-10,São Paulo,3550308,True,,35290,,,-23.6494365,-46.6320625,,,,2,2023-06-17T16:13:52+00:00
SAO_2712-10,São Paulo,3550308,True,,926,,,-23.5407195,-46.482772499999996,,,,1,2023-06-17T16:13:33+00:00
SAO_2712-10,São Paulo,3550308,True,,926,,,-23.52289475,-46.48046600000001,,,,1,2023-06-17T16:13:43+00:00
SAO_6034-10,São Paulo,3550308,True,,95,,,-23.745298,-46.6711215,,,,1,2023-06-17T16:14:06+00:00
SAO_6034-10,São Paulo,3550308,True,,95,,,-23.747837,-46.687671,,,,1,2023-06-17T16:13:35+00:00
SAO_546A-10,São Paulo,3550308,True,,33899,,,-23.6917605,-46.6718595,,,,2,2023-06-17T16:13:37+00:00
SAO_546A-10,São Paulo,3550308,True,,33899,,,-23.677236999999998,-46.685503499999996,,,,2,2023-06-17T16:13:43+00:00
SAO_546A-10,São Paulo,3550308,True,,33899,,,-23.7136645,-46.656892,,,,2,2023-06-17T16:08:54+00:00
SAO_2088-10,São Paulo,3550308,True,EMTU,372,https://moovitapp.com/index/pt-br/transporte_p%C3%BAblico-line-372-Sao_Paulo-242-2038937-36419447-0,4.9,-23.494798375000002,-46.41267512500001,,,,1,2023-06-17T16:13:41+00:00
SAO_2088-10,São Paulo,3550308,True,EMTU,372,https://moovitapp.com/index/pt-br/transporte_p%C3%BAblico-line-372-Sao_Paulo-242-2038937-36419447-0,4.9,-23.518140000000002,-46.4756725,,,,1,2023-06-17T16:13:53+00:00
SAO_8006-10,São Paulo,3550308,True,,1256,,,-23.48087975,-46.724658000000005,,,,1,2023-06-17T16:13:54+00:00
SAO_211V-10,São Paulo,3550308,True,,32922,,,-23.5069825,-46.5329195,,,,2,2023-06-17T16:13:55+00:00
SAO_211V-10,São Paulo,3550308,True,,32922,,,-23.4943225,-46.470273,,,,2,2023-06-17T16:14:02+00:00
SAO_8017-10,São Paulo,3550308,True,,34029,,,-23.48550325,-46.724250999999995,,,,2,2023-06-17T16:14:00+00:00
SAO_8017-10,São Paulo,3550308,True,,34029,,,-23.43846075,-46.7467815,,,,2,2023-06-17T16:13:52+00:00
SAO_8017-10,São Paulo,3550308,True,,34029,,,-23.4402695,-46.7233015,,,,2,2023-06-17T16:13:52+00:00
SAO_8022-10,São Paulo,3550308,True,,2085,,,-23.568271,-46.739903,,,,1,2023-06-17T16:13:32+00:00
SAO_8022-10,São Paulo,3550308,True,,2085,,,-23.571876500000002,-46.7088805,,,,1,2023-06-17T16:13:43+00:00
SAO_2004-10,São Paulo,3550308,True,,33660,,,-23.5379315,-46.406484500000005,,,,2,2023-06-17T16:13:50+00:00
SAO_2004-10,São Paulo,3550308,True,,33660,,,-23.519621,-46.383444499999996,,,,2,2023-06-17T16:13:54+00:00
SAO_2004-10,São Paulo,3550308,True,,33660,,,-23.52091625,-46.38684225,,,,2,2023-06-17T16:12:20+00:00
SAO_2004-10,São Paulo,3550308,True,,33660,,,-23.5199755,-46.384038000000004,,,,2,2023-06-17T16:13:40+00:00
SAO_7060-10,São Paulo,3550308,True,,34657,,,-23.631557,-46.771986999999996,,,,2,2023-06-17T16:14:06+00:00
SAO_4222-10,São Paulo,3550308,True,EMTU,288,https://moovitapp.com/index/pt-br/transporte_p%C3%BAblico-line-288-Sao_Paulo-242-2038937-36419389-0,5.1,-23.57984575,-46.57058525,,,,1,2023-06-17T16:13:42+00:00
SAO_508L-10,São Paulo,3550308,True,EMTU,117,https://moovitapp.com/index/pt-br/transporte_p%C3%BAblico-line-117-Sao_Paulo-242-2038937-36419277-0,4.8,-23.579385,-46.635663,,,,1,2023-06-17T16:13:27+00:00
SAO_508L-10,São Paulo,3550308,True,EMTU,117,https://moovitapp.com/index/pt-br/transporte_p%C3%BAblico-line-117-Sao_Paulo-242-2038937-36419277-0,4.8,-23.549653,-46.65517225000001,,,,1,2023-06-17T16:13:43+00:00
SAO_508L-10,São Paulo,3550308,True,EMTU,117,https://moovitapp.com/index/pt-br/transporte_p%C3%BAblico-line-117-Sao_Paulo-242-2038937-36419277-0,4.8,-23.534772,-46.644349,,,,1,2023-06-17T16:13:33+00:00
SAO_702C-10,São Paulo,3550308,True,STT,485,https://moovitapp.com/index/pt-br/transporte_p%C3%BAblico-line-485-Sao_Paulo-242-850661-183324-0,5.3,-23.556232,-46.6636055,,,,1,2023-06-17T16:13:26+00:00
SAO_702C-10,São Paulo,3550308,True,STT,485,https://moovitapp.com/index/pt-br/transporte_p%C3%BAblico-line-485-Sao_Paulo-242-850661-183324-0,5.3,-23.5822335,-46.7338915,,,,1,2023-06-17T16:14:03+00:00
SAO_702C-10,São Paulo,3550308,True,STT,485,https://moovitapp.com/index/pt-br/transporte_p%C3%BAblico-line-485-Sao_Paulo-242-850661-183324-0,5.3,-23.541687,-46.5937295,,,,1,2023-06-17T16:13:58+00:00
SAO_702C-10,São Paulo,3550308,True,STT,485,https://moovitapp.com/index/pt-br/transporte_p%C3%BAblico-line-485-Sao_Paulo-242-850661-183324-0,5.3,-23.5499195,-46.63486399999999,,,,1,2023-06-17T16:13:55+00:00
SAO_9006-10,São Paulo,3550308,True,,874,,,-23.469589499999998,-46.678726999999995,,,,1,2023-06-17T16:13:25+00:00
SAO_775F-31,São Paulo,3550308,True,,2488,,,-23.62777075,-46.73582825,,,,1,2023-06-17T16:13:50+00:00
SAO_775F-31,São Paulo,3550308,True,,2488,,,-23.6254505,-46.7479555,,,,1,2023-06-17T16:13:45+00:00
SAO_6450-10,São Paulo,3550308,True,,59,,,-23.649115000000002,-46.752907,,,,1,2023-06-17T16:14:07+00:00
SAO_6450-10,São Paulo,3550308,True,,59,,,-23.564640500000003,-46.6570085,,,,1,2023-06-17T16:13:32+00:00
SAO_6450-10,São Paulo,3550308,True,,59,,,-23.63470675,-46.693451875,,,,1,2023-06-17T16:14:00+00:00
SAO_6450-10,São Paulo,3550308,True,,59,,,-23.6131125,-46.678164,,,,1,2023-06-17T16:14:08+00:00
SAO_6450-10,São Paulo,3550308,True,,59,,,-23.645292625000003,-46.71380275,,,,1,2023-06-17T16:14:08+00:00
SAO_8026-10,São Paulo,3550308,True,,2083,,,-23.62274625,-46.754206999999994,,,,1,2023-06-17T16:13:25+00:00
SAO_8026-10,São Paulo,3550308,True,,2083,,,-23.59203575,-46.735672,,,,1,2023-06-17T16:13:55+00:00
SAO_8026-10,São Paulo,3550308,True,,2083,,,-23.59181125,-46.73579,,,,1,2023-06-17T16:13:42+00:00
SAO_8026-10,São Paulo,3550308,True,,2083,,,-23.6328585,-46.747187,,,,1,2023-06-17T16:13:46+00:00
SAO_975A-10,São Paulo,3550308,True,,33357,,,-23.468571,-46.6963775,,,,2,2023-06-17T16:13:52+00:00
SAO_975A-10,São Paulo,3550308,True,,33357,,,-23.5036505,-46.67814425,,,,2,2023-06-17T16:13:42+00:00
SAO_975A-10,São Paulo,3550308,True,,33357,,,-23.566753687499997,-46.6499989375,,,,2,2023-06-17T16:14:01+00:00
SAO_9301-10,São Paulo,3550308,True,,458,,,-23.503255,-46.658032,,,,1,2023-06-17T16:13:17+00:00
SAO_7062-41,São Paulo,3550308,True,,2271,,,-23.650104,-46.7700335,,,,1,2023-06-17T16:14:08+00:00
SAO_3768-10,São Paulo,3550308,True,,33824,,,-23.586175500000003,-46.3863525,,,,2,2023-06-17T16:13:22+00:00
SAO_3768-10,São Paulo,3550308,True,,33824,,,-23.586175500000003,-46.3863525,,,,2,2023-06-17T16:13:53+00:00
SAO_3768-10,São Paulo,3550308,True,,33824,,,-23.5638605,-46.4166465,,,,2,2023-06-17T16:13:34+00:00
SAO_5024-31,São Paulo,3550308,True,,33891,,,-23.6886935,-46.649224000000004,,,,2,2023-06-17T16:13:39+00:00
SAO_5024-31,São Paulo,3550308,True,,33891,,,-23.673115,-46.6867435,,,,2,2023-06-17T16:14:03+00:00
SAO_1026-10,São Paulo,3550308,True,,2306,,,-23.4701175,-46.702779500000005,,,,1,2023-06-17T16:14:02+00:00
SAO_1026-10,São Paulo,3550308,True,,2306,,,-23.4757675,-46.695800000000006,,,,1,2023-06-17T16:13:39+00:00
SAO_6046-10,São Paulo,3550308,True,,1223,,,-23.675172,-46.7738925,,,,1,2023-06-17T16:13:59+00:00
SAO_6046-10,São Paulo,3550308,True,,1223,,,-23.6442355,-46.743252,,,,1,2023-06-17T16:13:52+00:00
SAO_7013-10,São Paulo,3550308,True,,775,,,-23.594611750000002,-46.7436385,,,,1,2023-06-17T16:13:41+00:00
SAO_7013-10,São Paulo,3550308,True,,775,,,-23.60472425,-46.74559625,,,,1,2023-06-17T16:13:53+00:00
SAO_8319-10,São Paulo,3550308,True,,476,,,-23.552873750000003,-46.756598,,,,1,2023-06-17T16:13:55+00:00
SAO_8319-10,São Paulo,3550308,True,,476,,,-23.526429750000002,-46.7021045,,,,1,2023-06-17T16:13:23+00:00
SAO_6043-10,São Paulo,3550308,True,,1220,,,-23.654097,-46.7106305,,,,1,2023-06-17T16:13:55+00:00
SAO_373M-10,São Paulo,3550308,True,EMTU,281,https://moovitapp.com/index/pt-br/transporte_p%C3%BAblico-line-281-Sao_Paulo-242-2038937-36419383-0,6.25,-23.585697250000003,-46.5617275,,,,1,2023-06-17T16:13:52+00:00
SAO_2704-10,São Paulo,3550308,True,,916,,,-23.526659000000002,-46.409887999999995,,,,1,2023-06-17T16:13:35+00:00
SAO_2704-10,São Paulo,3550308,True,,916,,,-23.526659000000002,-46.409887999999995,,,,1,2023-06-17T16:13:31+00:00
SAO_2704-10,São Paulo,3550308,True,,916,,,-23.5198535,-46.41966,,,,1,2023-06-17T16:13:49+00:00
SAO_2704-10,São Paulo,3550308,True,,916,,,-23.539099999999998,-46.457626000000005,,,,1,2023-06-17T16:13:31+00:00
SAO_2704-10,São Paulo,3550308,True,,916,,,-23.542153499999998,-46.4720245,,,,1,2023-06-17T16:13:34+00:00
SAO_2704-10,São Paulo,3550308,True,,916,,,-23.52068275,-46.412412,,,,1,2023-06-17T16:12:53+00:00
SAO_2704-10,São Paulo,3550308,True,,916,,,-23.526659000000002,-46.409887999999995,,,,1,2023-06-17T16:13:02+00:00
SAO_2704-10,São Paulo,3550308,True,,916,,,-23.526386,-46.4459665,,,,1,2023-06-17T16:13:58+00:00
SAO_314J-10,São Paulo,3550308,True,Cidade de Caieiras,310,https://moovitapp.com/index/pt-br/transporte_p%C3%BAblico-line-310-Sao_Paulo-242-868761-496418-0,5.0,-23.6141705,-46.51755300000001,,,,1,2023-06-17T16:13:55+00:00
SAO_314J-10,São Paulo,3550308,True,Cidade de Caieiras,310,https://moovitapp.com/index/pt-br/transporte_p%C3%BAblico-line-310-Sao_Paulo-242-868761-496418-0,5.0,-23.557059,-46.633474,,,,1,2023-06-17T16:13:46+00:00
SAO_314J-10,São Paulo,3550308,True,Cidade de Caieiras,310,https://moovitapp.com/index/pt-br/transporte_p%C3%BAblico-line-310-Sao_Paulo-242-868761-496418-0,5.0,-23.597179,-46.5662025,,,,1,2023-06-17T16:13:43+00:00
SAO_3903-10,São Paulo,3550308,True,,1471,,,-23.5225175,-46.460607499999995,,,,1,2023-06-17T16:13:26+00:00
SAO_3903-10,São Paulo,3550308,True,,1471,,,-23.5165735,-46.51654775,,,,1,2023-06-17T16:13:24+00:00
SAO_407E-10,São Paulo,3550308,True,,34983,,,-23.62263875,-46.44855675,,,,2,2023-06-17T16:13:23+00:00
SAO_407E-10,São Paulo,3550308,True,,34983,,,-23.549459249999998,-46.524922000000004,,,,2,2023-06-17T16:13:58+00:00
SAO_407E-10,São Paulo,3550308,True,,34983,,,-23.633248000000002,-46.4428945,,,,2,2023-06-17T16:14:01+00:00
SAO_6816-10,São Paulo,3550308,True,,32794,,,-23.648315,-46.7848285,,,,2,2023-06-17T16:13:59+00:00
SAO_6816-10,São Paulo,3550308,True,,32794,,,-23.6550385,-46.761806,,,,2,2023-06-17T16:14:06+00:00
SAO_6816-10,São Paulo,3550308,True,,32794,,,-23.648725,-46.784729,,,,2,2023-06-17T16:13:23+00:00
SAO_8050-31,São Paulo,3550308,True,EMTU,415,https://moovitapp.com/index/pt-br/transporte_p%C3%BAblico-line-415-Sao_Paulo-242-2038937-36419472-0,5.0,-23.522331125,-46.706129625,,,,1,2023-06-17T16:13:59+00:00
SAO_809N-10,São Paulo,3550308,True,,35012,,,-23.5372185,-46.7214335,,,,2,2023-06-17T16:13:32+00:00
SAO_809N-10,São Paulo,3550308,True,,35012,,,-23.5688545,-46.7650485,,,,2,2023-06-17T16:13:45+00:00
SAO_971C-10,São Paulo,3550308,True,,33339,,,-23.448803499999997,-46.710332,,,,2,2023-06-17T16:13:38+00:00
SAO_971C-10,São Paulo,3550308,True,,33339,,,-23.4757485,-46.66410075,,,,2,2023-06-17T16:13:56+00:00
SAO_971C-10,São Paulo,3550308,True,,33339,,,-23.4767995,-46.662966,,,,2,2023-06-17T16:13:49+00:00
SAO_971C-10,São Paulo,3550308,True,,33339,,,-23.448566,-46.710387999999995,,,,2,2023-06-17T16:13:22+00:00
SAO_971C-10,São Paulo,3550308,True,,33339,,,-23.44162525,-46.71696825,,,,2,2023-06-17T16:13:08+00:00
SAO_971C-10,São Paulo,3550308,True,,33339,,,-23.5019955,-46.6256295,,,,2,2023-06-17T16:13:27+00:00
SAO_746V-10,São Paulo,3550308,True,,33560,,,-23.6490245,-46.7526565,,,,2,2023-06-17T16:13:40+00:00
SAO_746V-10,São Paulo,3550308,True,,33560,,,-23.63973,-46.7666165,,,,2,2023-06-17T16:13:46+00:00
SAO_746V-10,São Paulo,3550308,True,,33560,,,-23.62274625,-46.754206999999994,,,,2,2023-06-17T16:13:25+00:00
SAO_746V-10,São Paulo,3550308,True,,33560,,,-23.62274625,-46.754206999999994,,,,2,2023-06-17T16:13:28+00:00
SAO_1703-10,São Paulo,3550308,True,,33615,,,-23.440253,-46.5875695,,,,2,2023-06-17T16:13:34+00:00
SAO_1703-10,São Paulo,3550308,True,,33615,,,-23.430699500000003,-46.573944499999996,,,,2,2023-06-17T16:14:02+00:00
SAO_1703-10,São Paulo,3550308,True,,33615,,,-23.430699500000003,-46.573944499999996,,,,2,2023-06-17T16:14:05+00:00
SAO_938L-10,São Paulo,3550308,True,,1368,,,-23.499673,-46.6862235,,,,1,2023-06-17T16:13:51+00:00
SAO_938L-10,São Paulo,3550308,True,,1368,,,-23.475696,-46.670624000000004,,,,1,2023-06-17T16:13:58+00:00
SAO_4721-10,São Paulo,3550308,True,,33105,,,-23.621927499999998,-46.6287995,,,,2,2023-06-17T16:13:38+00:00
SAO_6358-10,São Paulo,3550308,True,,34062,,,-23.5728798125,-46.667980687500005,,,,2,2023-06-17T16:13:34+00:00
SAO_6358-10,São Paulo,3550308,True,,34062,,,-23.686289000000002,-46.6379425,,,,2,2023-06-17T16:13:43+00:00
SAO_6358-10,São Paulo,3550308,True,,34062,,,-23.64849625,-46.670482250000006,,,,2,2023-06-17T16:13:30+00:00
SAO_6358-10,São Paulo,3550308,True,,34062,,,-23.681403,-46.638069,,,,2,2023-06-17T16:13:41+00:00
SAO_3046-10,São Paulo,3550308,True,,971,,,-23.56533575,-46.569920249999996,,,,1,2023-06-17T16:13:58+00:00
SAO_3046-10,São Paulo,3550308,True,,971,,,-23.580204000000002,-46.5255565,,,,1,2023-06-17T16:13:52+00:00
SAO_3046-10,São Paulo,3550308,True,,971,,,-23.558999375000003,-46.573188,,,,1,2023-06-17T16:13:32+00:00
SAO_3046-10,São Paulo,3550308,True,,971,,,-23.580204000000002,-46.5255565,,,,1,2023-06-17T16:12:51+00:00
SAO_3046-10,São Paulo,3550308,True,,971,,,-23.58209775,-46.53490049999999,,,,1,2023-06-17T16:13:34+00:00
SAO_1767-10,São Paulo,3550308,True,,628,,,-23.4806955,-46.562788999999995,,,,1,2023-06-17T16:11:11+00:00
SAO_6803-10,São Paulo,3550308,True,,32797,,,-23.6548925,-46.753122,,,,2,2023-06-17T16:14:06+00:00
SAO_4718-10,São Paulo,3550308,True,,33104,,,-23.605570999999998,-46.638456000000005,,,,2,2023-06-17T16:13:26+00:00
SAO_607A-10,São Paulo,3550308,True,,34907,,,-23.7050285,-46.6514095,,,,2,2023-06-17T16:12:33+00:00
SAO_607A-10,São Paulo,3550308,True,,34907,,,-23.6959,-46.676129,,,,2,2023-06-17T16:14:05+00:00
SAO_607A-10,São Paulo,3550308,True,,34907,,,-23.664807,-46.70573,,,,2,2023-06-17T16:13:38+00:00
SAO_7458-10,São Paulo,3550308,True,,33264,,,-23.585929125,-46.73738425,,,,2,2023-06-17T16:13:54+00:00
SAO_7458-10,São Paulo,3550308,True,,33264,,,-23.5804865,-46.7941175,,,,2,2023-06-17T16:14:07+00:00
SAO_7458-10,São Paulo,3550308,True,,33264,,,-23.5810835,-46.791610500000004,,,,2,2023-06-17T16:13:49+00:00
SAO_6053-10,São Paulo,3550308,True,,33913,,,-23.768563999999998,-46.661648,,,,2,2023-06-17T16:13:37+00:00
SAO_6053-10,São Paulo,3550308,True,,33913,,,-23.7431225,-46.6917315,,,,2,2023-06-17T16:14:04+00:00
SAO_7267-10,São Paulo,3550308,True,,34195,,,-23.554561375,-46.661684,,,,2,2023-06-17T16:13:25+00:00
SAO_7267-10,São Paulo,3550308,True,,34195,,,-23.536394,-46.6778235,,,,2,2023-06-17T16:13:48+00:00
SAO_271F-10,São Paulo,3550308,True,,683,,,-23.5367155,-46.619012999999995,,,,1,2023-06-17T16:07:46+00:00
SAO_271F-10,São Paulo,3550308,True,,683,,,-23.5092905,-46.6155445,,,,1,2023-06-17T16:14:06+00:00
SAO_4111-10,São Paulo,3550308,True,Cidade de Caieiras,320,https://moovitapp.com/index/pt-br/transporte_p%C3%BAblico-line-320-Sao_Paulo-242-868761-752903-0,5.0,-23.575562249999997,-46.62123775,,,,1,2023-06-17T16:13:30+00:00
SAO_4111-10,São Paulo,3550308,True,Cidade de Caieiras,320,https://moovitapp.com/index/pt-br/transporte_p%C3%BAblico-line-320-Sao_Paulo-242-868761-752903-0,5.0,-23.5755675,-46.613721999999996,,,,1,2023-06-17T16:13:47+00:00
SAO_4111-10,São Paulo,3550308,True,Cidade de Caieiras,320,https://moovitapp.com/index/pt-br/transporte_p%C3%BAblico-line-320-Sao_Paulo-242-868761-752903-0,5.0,-23.542782250000002,-46.640742375,,,,1,2023-06-17T16:13:33+00:00
SAO_3725-10,São Paulo,3550308,True,,33790,,,-23.533086,-46.530659,,,,2,2023-06-17T16:14:03+00:00
SAO_3725-10,São Paulo,3550308,True,,33790,,,-23.533086,-46.530659,,,,2,2023-06-17T16:13:40+00:00
SAO_2724-10,São Paulo,3550308,True,,33706,,,-23.52438525,-46.475050749999994,,,,2,2023-06-17T16:13:59+00:00
SAO_271M-10,São Paulo,3550308,True,,684,,,-23.499660625000004,-46.579246749999996,,,,1,2023-06-17T16:13:46+00:00
SAO_271M-10,São Paulo,3550308,True,,684,,,-23.50777275,-46.598431,,,,1,2023-06-17T16:12:16+00:00
SAO_271M-10,São Paulo,3550308,True,,684,,,-23.512560999999998,-46.563621499999996,,,,1,2023-06-17T16:13:53+00:00
SAO_1778-10,São Paulo,3550308,True,,1789,,,-23.459995624999998,-46.60255875,,,,1,2023-06-17T16:14:08+00:00
SAO_1778-10,São Paulo,3550308,True,,1789,,,-23.466824000000003,-46.569223,,,,1,2023-06-17T16:11:36+00:00
SAO_1787-10,São Paulo,3550308,True,,650,,,-23.502214000000002,-46.6235875,,,,1,2023-06-17T16:13:50+00:00
SAO_1787-10,São Paulo,3550308,True,,650,,,-23.463760999999998,-46.616621499999994,,,,1,2023-06-17T16:13:30+00:00
SAO_746K-10,São Paulo,3550308,True,,33555,,,-23.6187375,-46.722241,,,,2,2023-06-17T16:13:33+00:00
SAO_746K-10,São Paulo,3550308,True,,33555,,,-23.625676499999997,-46.721900000000005,,,,2,2023-06-17T16:13:43+00:00
SAO_6291-10,São Paulo,3550308,True,,33126,,,-23.6477965,-46.7632585,,,,2,2023-06-17T16:13:24+00:00
SAO_6291-10,São Paulo,3550308,True,,33126,,,-23.577004000000002,-46.6724405,,,,2,2023-06-17T16:13:50+00:00
SAO_6291-10,São Paulo,3550308,True,,33126,,,-23.5600355,-46.654938,,,,2,2023-06-17T16:14:06+00:00
SAO_875C-1,São Paulo,3550308,True,,35278,,,-23.5672905,-46.6933745,,,,2,2023-06-17T16:12:40+00:00
SAO_875C-1,São Paulo,3550308,True,,35278,,,-23.60009075,-46.66414424999999,,,,2,2023-06-17T16:13:26+00:00
SAO_8545-10,São Paulo,3550308,True,,1364,,,-23.4691075,-46.6862615,,,,1,2023-06-17T16:13:43+00:00
SAO_8545-10,São Paulo,3550308,True,,1364,,,-23.490488499999998,-46.6945085,,,,1,2023-06-17T16:13:46+00:00
SAO_7011-10,São Paulo,3550308,True,,34720,,,-23.708266000000002,-46.7919705,,,,2,2023-06-17T16:13:56+00:00
SAO_7011-10,São Paulo,3550308,True,,34720,,,-23.6933975,-46.78508275,,,,2,2023-06-17T16:13:27+00:00
SAO_7011-10,São Paulo,3550308,True,,34720,,,-23.698975,-46.7862425,,,,2,2023-06-17T16:13:54+00:00
SAO_4729-10,São Paulo,3550308,True,,33876,,,-23.591147,-46.507459999999995,,,,2,2023-06-17T16:14:04+00:00
SAO_4729-10,São Paulo,3550308,True,,33876,,,-23.587367,-46.53311175,,,,2,2023-06-17T16:13:41+00:00
SAO_4729-10,São Paulo,3550308,True,,33876,,,-23.591147,-46.507459999999995,,,,2,2023-06-17T16:13:27+00:00
SAO_4729-10,São Paulo,3550308,True,,33876,,,-23.546959375,-46.59089725,,,,2,2023-06-17T16:13:46+00:00
SAO_6813-10,São Paulo,3550308,True,,32801,,,-23.668012249999997,-46.764174,,,,2,2023-06-17T16:13:52+00:00
SAO_3756-10,São Paulo,3550308,True,,1050,,,-23.5703375,-46.39778,,,,1,2023-06-17T16:14:03+00:00
SAO_3756-10,São Paulo,3550308,True,,1050,,,-23.5607435,-46.420251,,,,1,2023-06-17T16:11:14+00:00
SAO_3756-10,São Paulo,3550308,True,,1050,,,-23.59088925,-46.38924275,,,,1,2023-06-17T16:13:46+00:00
SAO_3756-10,São Paulo,3550308,True,,1050,,,-23.546550250000003,-46.461182,,,,1,2023-06-17T16:12:43+00:00
SAO_2175-10,São Paulo,3550308,True,,697,,,-23.473947,-46.5664555,,,,1,2023-06-17T16:14:05+00:00
SAO_2175-10,São Paulo,3550308,True,,697,,,-23.497763749999997,-46.568584,,,,1,2023-06-17T16:09:25+00:00
SAO_6L08-10,São Paulo,3550308,True,,1182,,,-23.826048,-46.7037595,,,,1,2023-06-17T16:13:40+00:00
SAO_1788-10,São Paulo,3550308,True,,653,,,-23.4457755,-46.589755999999994,,,,1,2023-06-17T16:13:33+00:00
SAO_1788-10,São Paulo,3550308,True,,653,,,-23.462693,-46.603227000000004,,,,1,2023-06-17T16:13:46+00:00
SAO_709P-10,São Paulo,3550308,True,,1993,,,-23.58797525,-46.683934,,,,1,2023-06-17T16:14:01+00:00
SAO_709P-10,São Paulo,3550308,True,,1993,,,-23.6518095,-46.7210655,,,,1,2023-06-17T16:13:31+00:00
SAO_709P-10,São Paulo,3550308,True,,1993,,,-23.5660455,-46.7021505,,,,1,2023-06-17T16:13:28+00:00
SAO_669A-10,São Paulo,3550308,True,,32772,,,-23.5341755,-46.6447165,,,,2,2023-06-17T16:13:41+00:00
SAO_669A-10,São Paulo,3550308,True,,32772,,,-23.558933500000002,-46.659415624999994,,,,2,2023-06-17T16:14:07+00:00
SAO_669A-10,São Paulo,3550308,True,,32772,,,-23.62236175,-46.684608999999995,,,,2,2023-06-17T16:14:08+00:00
SAO_669A-10,São Paulo,3550308,True,,32772,,,-23.5341755,-46.6447165,,,,2,2023-06-17T16:13:41+00:00
SAO_669A-10,São Paulo,3550308,True,,32772,,,-23.53610075,-46.6460565,,,,2,2023-06-17T16:14:00+00:00
SAO_3021-10,São Paulo,3550308,True,STT,276,https://moovitapp.com/index/pt-br/transporte_p%C3%BAblico-line-276-Sao_Paulo-242-850661-183276-0,5.3,-23.5892045,-46.5428335,,,,1,2023-06-17T16:13:47+00:00
SAO_407M-10,São Paulo,3550308,True,,33086,,,-23.5755675,-46.613721999999996,,,,2,2023-06-17T16:14:01+00:00
SAO_373M-10,São Paulo,3550308,True,,33049,,,-23.591729,-46.54858075,,,,2,2023-06-17T16:13:23+00:00
SAO_373M-10,São Paulo,3550308,True,,33049,,,-23.545001000000003,-46.575950999999996,,,,2,2023-06-17T16:13:38+00:00
SAO_5194-21,São Paulo,3550308,True,,34863,,,-23.686149,-46.680914,,,,2,2023-06-17T16:13:30+00:00
SAO_5194-21,São Paulo,3550308,True,,34863,,,-23.704997,-46.651302,,,,2,2023-06-17T16:08:22+00:00
SAO_847J-10,São Paulo,3550308,True,,1342,,,-23.555193,-46.742694,,,,1,2023-06-17T16:14:00+00:00
SAO_6115-10,São Paulo,3550308,True,,33953,,,-23.735712499999998,-46.69611125,,,,2,2023-06-17T16:13:32+00:00
SAO_6115-10,São Paulo,3550308,True,,33953,,,-23.7550985,-46.678349499999996,,,,2,2023-06-17T16:13:43+00:00
SAO_6115-10,São Paulo,3550308,True,,33953,,,-23.742829,-46.658407499999996,,,,2,2023-06-17T16:13:36+00:00
SAO_6115-10,São Paulo,3550308,True,,33953,,,-23.7427695,-46.6586195,,,,2,2023-06-17T16:13:37+00:00
SAO_314J-10,São Paulo,3550308,True,,33078,,,-23.614278,-46.5171455,,,,2,2023-06-17T16:10:02+00:00
SAO_314J-10,São Paulo,3550308,True,,33078,,,-23.592405999999997,-46.54717125,,,,2,2023-06-17T16:13:40+00:00
SAO_314J-10,São Paulo,3550308,True,,33078,,,-23.5772435,-46.610499000000004,,,,2,2023-06-17T16:13:45+00:00
SAO_6836-10,São Paulo,3550308,True,,32781,,,-23.683948,-46.7815925,,,,2,2023-06-17T16:13:35+00:00
SAO_6836-10,São Paulo,3550308,True,,32781,,,-23.653301499999998,-46.7366885,,,,2,2023-06-17T16:13:28+00:00
SAO_6836-10,São Paulo,3550308,True,,32781,,,-23.683948,-46.7815925,,,,2,2023-06-17T16:13:24+00:00
SAO_4221-10,São Paulo,3550308,True,,325,,,-23.582251,-46.585388,,,,1,2023-06-17T16:13:46+00:00
SAO_4221-10,São Paulo,3550308,True,,325,,,-23.60308325,-46.52735025,,,,1,2023-06-17T16:10:03+00:00
SAO_4004-10,São Paulo,3550308,True,,34946,,,-23.5829575,-46.4066125,,,,2,2023-06-17T16:13:49+00:00
SAO_4004-10,São Paulo,3550308,True,,34946,,,-23.5833765,-46.407704499999994,,,,2,2023-06-17T16:13:33+00:00
SAO_7267-10,São Paulo,3550308,True,,1427,,,-23.55002025,-46.65390725,,,,1,2023-06-17T16:14:07+00:00
SAO_4052-10,São Paulo,3550308,True,,2145,,,-23.540117,-46.45989,,,,1,2023-06-17T16:12:01+00:00
SAO_4052-10,São Paulo,3550308,True,,2145,,,-23.529669,-46.430745,,,,1,2023-06-17T16:13:40+00:00
SAO_8075-21,São Paulo,3550308,True,,35305,,,-23.631508,-46.7726,,,,2,2023-06-17T16:13:24+00:00
SAO_8075-21,São Paulo,3550308,True,,35305,,,-23.591,-46.7362035,,,,2,2023-06-17T16:13:38+00:00
SAO_6022-10,São Paulo,3550308,True,,1207,,,-23.7259915,-46.783308,,,,1,2023-06-17T16:14:08+00:00
SAO_9002-10,São Paulo,3550308,True,,33638,,,-23.458088500000002,-46.6717525,,,,2,2023-06-17T16:13:40+00:00
SAO_9002-10,São Paulo,3550308,True,,33638,,,-23.453947499999998,-46.669285,,,,2,2023-06-17T16:13:57+00:00
SAO_9002-10,São Paulo,3550308,True,,33638,,,-23.458088500000002,-46.6717525,,,,2,2023-06-17T16:13:41+00:00
SAO_7059-10,São Paulo,3550308,True,,1924,,,-23.6591795,-46.77471250000001,,,,1,2023-06-17T16:14:01+00:00
SAO_7059-10,São Paulo,3550308,True,,1924,,,-23.653551,-46.777357,,,,1,2023-06-17T16:13:34+00:00
SAO_1178-10,São Paulo,3550308,True,,132,,,-23.519413375,-46.547896,,,,1,2023-06-17T16:13:39+00:00
SAO_1178-10,São Paulo,3550308,True,,132,,,-23.5054685,-46.521738,,,,1,2023-06-17T16:10:01+00:00
SAO_1178-10,São Paulo,3550308,True,,132,,,-23.504206500000002,-46.43311799999999,,,,1,2023-06-17T16:13:33+00:00
SAO_1178-10,São Paulo,3550308,True,,132,,,-23.518228,-46.629009499999995,,,,1,2023-06-17T16:13:57+00:00
SAO_1178-10,São Paulo,3550308,True,,132,,,-23.498885,-46.46669425,,,,1,2023-06-17T16:11:31+00:00
SAO_1178-10,São Paulo,3550308,True,,132,,,-23.498266,-46.4572045,,,,1,2023-06-17T16:14:00+00:00
SAO_1701-10,São Paulo,3550308,True,EMTU,845,https://moovitapp.com/index/pt-br/transporte_p%C3%BAblico-line-845-Sao_Paulo-242-2038937-36419607-0,5.15,-23.46763325,-46.5940195,,,,1,2023-06-17T16:14:00+00:00
SAO_1701-10,São Paulo,3550308,True,EMTU,845,https://moovitapp.com/index/pt-br/transporte_p%C3%BAblico-line-845-Sao_Paulo-242-2038937-36419607-0,5.15,-23.502566,-46.618261000000004,,,,1,2023-06-17T16:12:55+00:00
SAO_807J-10,São Paulo,3550308,True,,2058,,,-23.6126525,-46.754761,,,,1,2023-06-17T16:13:52+00:00
SAO_807J-10,São Paulo,3550308,True,,2058,,,-23.607081,-46.725389500000006,,,,1,2023-06-17T16:13:30+00:00
SAO_5032-10,São Paulo,3550308,True,,1662,,,-23.5997145,-46.6005205,,,,1,2023-06-17T16:13:48+00:00
SAO_5032-10,São Paulo,3550308,True,,1662,,,-23.603996249999998,-46.587357624999996,,,,1,2023-06-17T16:13:36+00:00
SAO_609F-10,São Paulo,3550308,True,BR7 Mobilidade,37,https://moovitapp.com/index/pt-br/transporte_p%C3%BAblico-line-37-Sao_Paulo-242-851856-596010-0,5.75,-23.6514005,-46.733765500000004,,,,1,2023-06-17T16:13:40+00:00
SAO_609F-10,São Paulo,3550308,True,BR7 Mobilidade,37,https://moovitapp.com/index/pt-br/transporte_p%C3%BAblico-line-37-Sao_Paulo-242-851856-596010-0,5.75,-23.579705,-46.677246499999995,,,,1,2023-06-17T16:13:49+00:00
SAO_809J-10,São Paulo,3550308,True,,2066,,,-23.5901005,-46.7154785,,,,1,2023-06-17T16:13:40+00:00
SAO_508L-10,São Paulo,3550308,True,,32885,,,-23.545286249999997,-46.63817075,,,,2,2023-06-17T16:13:38+00:00
SAO_4001-10,São Paulo,3550308,True,,34944,,,-23.5324585,-46.4411255,,,,2,2023-06-17T16:14:03+00:00
SAO_4001-10,São Paulo,3550308,True,,34944,,,-23.536640124999998,-46.4471275,,,,2,2023-06-17T16:13:40+00:00
SAO_3796-10,São Paulo,3550308,True,,1074,,,-23.541973499999997,-46.470946999999995,,,,1,2023-06-17T16:13:24+00:00
SAO_3796-10,São Paulo,3550308,True,,1074,,,-23.55495,-46.464417499999996,,,,1,2023-06-17T16:13:35+00:00
SAO_3796-10,São Paulo,3550308,True,,1074,,,-23.5845135,-46.448685499999996,,,,1,2023-06-17T16:13:04+00:00
SAO_771P-10,São Paulo,3550308,True,,33274,,,-23.602404,-46.795141,,,,2,2023-06-17T16:13:46+00:00
SAO_771P-10,São Paulo,3550308,True,,33274,,,-23.602404,-46.795141,,,,2,2023-06-17T16:13:53+00:00
SAO_3019-10,São Paulo,3550308,True,,33725,,,-23.576980499999998,-46.405121,,,,2,2023-06-17T16:14:01+00:00
SAO_1021-10,São Paulo,3550308,True,,33601,,,-23.4477075,-46.708862499999995,,,,2,2023-06-17T16:13:57+00:00
SAO_1021-10,São Paulo,3550308,True,,33601,,,-23.4443355,-46.712196000000006,,,,2,2023-06-17T16:13:29+00:00
SAO_9090-10,São Paulo,3550308,True,,33652,,,-23.49002925,-46.673137,,,,2,2023-06-17T16:13:44+00:00
SAO_9090-10,São Paulo,3550308,True,,33652,,,-23.462758625,-46.676424874999995,,,,2,2023-06-17T16:13:57+00:00
SAO_9090-10,São Paulo,3550308,True,,33652,,,-23.462843874999997,-46.676674625000004,,,,2,2023-06-17T16:14:04+00:00
SAO_809R-10,São Paulo,3550308,True,,34835,,,-23.567306000000002,-46.74307949999999,,,,2,2023-06-17T16:13:43+00:00
SAO_809R-10,São Paulo,3550308,True,,34835,,,-23.5661625,-46.701485500000004,,,,2,2023-06-17T16:14:06+00:00
SAO_809R-10,São Paulo,3550308,True,,34835,,,-23.574688000000002,-46.728376,,,,2,2023-06-17T16:13:43+00:00
SAO_211L-10,São Paulo,3550308,True,,35033,,,-23.4826065,-46.6307425,,,,2,2023-06-17T16:13:51+00:00
SAO_211L-10,São Paulo,3550308,True,,35033,,,-23.4825085,-46.630541,,,,2,2023-06-17T16:13:36+00:00
SAO_211L-10,São Paulo,3550308,True,,35033,,,-23.4750395,-46.6685415,,,,2,2023-06-17T16:13:33+00:00
SAO_1703-10,São Paulo,3550308,True,,847,,,-23.513889875,-46.61619675,,,,1,2023-06-17T16:13:39+00:00
SAO_1703-10,São Paulo,3550308,True,,847,,,-23.440253,-46.5875695,,,,1,2023-06-17T16:14:00+00:00
SAO_1703-10,São Paulo,3550308,True,,847,,,-23.478503500000002,-46.5985795,,,,1,2023-06-17T16:13:54+00:00
SAO_2590-10,São Paulo,3550308,True,,33680,,,-23.48327475,-46.466404999999995,,,,2,2023-06-17T16:13:57+00:00
SAO_2590-10,São Paulo,3550308,True,,33680,,,-23.483154250000002,-46.466711000000004,,,,2,2023-06-17T16:13:26+00:00
SAO_2590-10,São Paulo,3550308,True,,33680,,,-23.530500500000002,-46.55643875,,,,2,2023-06-17T16:13:25+00:00
SAO_2590-10,São Paulo,3550308,True,,33680,,,-23.53906475,-46.6071805,,,,2,2023-06-17T16:13:46+00:00
SAO_3139-10,São Paulo,3550308,True,,33763,,,-23.553189875,-46.600944375,,,,2,2023-06-17T16:13:53+00:00
SAO_3139-10,São Paulo,3550308,True,,33763,,,-23.567994,-46.523497,,,,2,2023-06-17T16:13:57+00:00
SAO_775F-10,São Paulo,3550308,True,,796,,,-23.57706,-46.68690575,,,,1,2023-06-17T16:13:43+00:00
SAO_775F-10,São Paulo,3550308,True,,796,,,-23.610787000000002,-46.7448585,,,,1,2023-06-17T16:13:43+00:00
SAO_775F-10,São Paulo,3550308,True,,796,,,-23.6254505,-46.7479555,,,,1,2023-06-17T16:13:24+00:00
SAO_775F-10,São Paulo,3550308,True,,796,,,-23.6254505,-46.7479555,,,,1,2023-06-17T16:13:54+00:00
SAO_6821-10,São Paulo,3550308,True,,32789,,,-23.667064,-46.772805000000005,,,,2,2023-06-17T16:13:31+00:00
SAO_6821-10,São Paulo,3550308,True,,32789,,,-23.686324,-46.7810235,,,,2,2023-06-17T16:13:59+00:00
SAO_6821-10,São Paulo,3550308,True,,32789,,,-23.68647525,-46.78068725,,,,2,2023-06-17T16:13:32+00:00
SAO_938C-10,São Paulo,3550308,True,,33354,,,-23.4435605,-46.7129695,,,,2,2023-06-17T16:13:44+00:00
SAO_938C-10,São Paulo,3550308,True,,33354,,,-23.4527165,-46.7170375,,,,2,2023-06-17T16:13:28+00:00
SAO_938C-10,São Paulo,3550308,True,,33354,,,-23.521546,-46.6982285,,,,2,2023-06-17T16:13:43+00:00
SAO_857P-10,São Paulo,3550308,True,,1926,,,-23.562667,-46.675276,,,,1,2023-06-17T16:13:51+00:00
SAO_857P-10,São Paulo,3550308,True,,1926,,,-23.5952105,-46.738663,,,,1,2023-06-17T16:13:36+00:00
SAO_857P-10,São Paulo,3550308,True,,1926,,,-23.569720375,-46.646419375,,,,1,2023-06-17T16:13:47+00:00
SAO_857P-10,São Paulo,3550308,True,,1926,,,-23.626731250000002,-46.766326,,,,1,2023-06-17T16:13:49+00:00
SAO_4732-10,São Paulo,3550308,True,Rápido Campinas,302,https://moovitapp.com/index/pt-br/transporte_p%C3%BAblico-line-302-Sao_Paulo-242-858660-23262913-0,5.3,-23.630584499999998,-46.6041045,,,,1,2023-06-17T16:13:40+00:00
SAO_516N-10,São Paulo,3550308,True,EMTU,266,https://moovitapp.com/index/pt-br/transporte_p%C3%BAblico-line-266-Sao_Paulo-242-2038937-36419376-0,6.8,-23.6923805,-46.6447745,,,,1,2023-06-17T16:13:35+00:00
SAO_516N-10,São Paulo,3550308,True,EMTU,266,https://moovitapp.com/index/pt-br/transporte_p%C3%BAblico-line-266-Sao_Paulo-242-2038937-36419376-0,6.8,-23.667029749999998,-46.6542505,,,,1,2023-06-17T16:13:48+00:00
SAO_516N-10,São Paulo,3550308,True,EMTU,266,https://moovitapp.com/index/pt-br/transporte_p%C3%BAblico-line-266-Sao_Paulo-242-2038937-36419376-0,6.8,-23.61499175,-46.6793665,,,,1,2023-06-17T16:13:58+00:00
SAO_7011-31,São Paulo,3550308,True,,1954,,,-23.7083255,-46.7920035,,,,1,2023-06-17T16:13:40+00:00
SAO_7011-31,São Paulo,3550308,True,,1954,,,-23.694651,-46.779804999999996,,,,1,2023-06-17T16:13:50+00:00
SAO_8194-10,São Paulo,3550308,True,,805,,,-23.399631874999997,-46.74878575,,,,1,2023-06-17T16:13:45+00:00
SAO_3026-10,São Paulo,3550308,True,,33730,,,-23.577024625,-46.392849749999996,,,,2,2023-06-17T16:12:42+00:00
SAO_3026-10,São Paulo,3550308,True,,33730,,,-23.582224,-46.386779,,,,2,2023-06-17T16:13:36+00:00
SAO_3026-10,São Paulo,3550308,True,,33730,,,-23.5823965,-46.3866155,,,,2,2023-06-17T16:13:47+00:00
SAO_5029-10,São Paulo,3550308,True,,1672,,,-23.607611499999997,-46.597441,,,,1,2023-06-17T16:13:52+00:00
SAO_2780-10,São Paulo,3550308,True,EMTU,399,https://moovitapp.com/index/pt-br/transporte_p%C3%BAblico-line-399-Sao_Paulo-242-2038937-36419463-0,6.45,-23.494798375000002,-46.41267512500001,,,,1,2023-06-17T16:13:53+00:00
SAO_2780-10,São Paulo,3550308,True,EMTU,399,https://moovitapp.com/index/pt-br/transporte_p%C3%BAblico-line-399-Sao_Paulo-242-2038937-36419463-0,6.45,-23.543429,-46.464350499999995,,,,1,2023-06-17T16:11:06+00:00
SAO_2780-10,São Paulo,3550308,True,EMTU,399,https://moovitapp.com/index/pt-br/transporte_p%C3%BAblico-line-399-Sao_Paulo-242-2038937-36419463-0,6.45,-23.507662500000002,-46.3716095,,,,1,2023-06-17T16:13:38+00:00
SAO_6806-10,São Paulo,3550308,True,,32800,,,-23.6421585,-46.7535845,,,,2,2023-06-17T16:13:30+00:00
SAO_6806-10,São Paulo,3550308,True,,32800,,,-23.633952,-46.757903,,,,2,2023-06-17T16:13:46+00:00
SAO_6232-10,São Paulo,3550308,True,,33251,,,-23.54590575,-46.708266,,,,2,2023-06-17T16:13:57+00:00
SAO_7062-41,São Paulo,3550308,True,,35039,,,-23.650688625,-46.770039874999995,,,,2,2023-06-17T16:13:53+00:00
SAO_7062-41,São Paulo,3550308,True,,35039,,,-23.649511,-46.759609499999996,,,,2,2023-06-17T16:13:39+00:00
SAO_172N-10,São Paulo,3550308,True,,664,,,-23.5092805,-46.59564,,,,1,2023-06-17T16:13:51+00:00
SAO_172N-10,São Paulo,3550308,True,,664,,,-23.516242,-46.616273,,,,1,2023-06-17T16:13:29+00:00
SAO_172N-10,São Paulo,3550308,True,,664,,,-23.5383115,-46.601995,,,,1,2023-06-17T16:13:58+00:00
SAO_172N-10,São Paulo,3550308,True,,664,,,-23.542346000000002,-46.5896795,,,,1,2023-06-17T16:13:58+00:00
SAO_756A-10,São Paulo,3550308,True,,793,,,-23.601011,-46.715873,,,,1,2023-06-17T16:14:08+00:00
SAO_756A-10,São Paulo,3550308,True,,793,,,-23.6010445,-46.7954175,,,,1,2023-06-17T16:13:52+00:00
SAO_756A-10,São Paulo,3550308,True,,793,,,-23.5985705,-46.754676,,,,1,2023-06-17T16:13:33+00:00
SAO_6003-21,São Paulo,3550308,True,,2576,,,-23.766613,-46.71643,,,,1,2023-06-17T16:13:59+00:00
SAO_6003-21,São Paulo,3550308,True,,2576,,,-23.766613,-46.71643,,,,1,2023-06-17T16:13:32+00:00
SAO_6003-21,São Paulo,3550308,True,,2576,,,-23.766613,-46.71643,,,,1,2023-06-17T16:13:57+00:00
SAO_3903-10,São Paulo,3550308,True,,34239,,,-23.521532999999998,-46.457263,,,,2,2023-06-17T16:13:24+00:00
SAO_3903-10,São Paulo,3550308,True,,34239,,,-23.521306,-46.457174,,,,2,2023-06-17T16:13:34+00:00
SAO_9188-10,São Paulo,3550308,True,EMTU,809,https://moovitapp.com/index/pt-br/transporte_p%C3%BAblico-line-809-Sao_Paulo-242-2038937-119858519-0,5.2,-23.517166000000003,-46.704471875,,,,1,2023-06-17T16:14:05+00:00
SAO_9188-10,São Paulo,3550308,True,EMTU,809,https://moovitapp.com/index/pt-br/transporte_p%C3%BAblico-line-809-Sao_Paulo-242-2038937-119858519-0,5.2,-23.454766,-46.728925,,,,1,2023-06-17T16:13:23+00:00
SAO_9188-10,São Paulo,3550308,True,EMTU,809,https://moovitapp.com/index/pt-br/transporte_p%C3%BAblico-line-809-Sao_Paulo-242-2038937-119858519-0,5.2,-23.454766,-46.728925,,,,1,2023-06-17T16:13:42+00:00
SAO_9188-10,São Paulo,3550308,True,EMTU,809,https://moovitapp.com/index/pt-br/transporte_p%C3%BAblico-line-809-Sao_Paulo-242-2038937-119858519-0,5.2,-23.446507500000003,-46.722618,,,,1,2023-06-17T16:13:48+00:00
SAO_9188-10,São Paulo,3550308,True,EMTU,809,https://moovitapp.com/index/pt-br/transporte_p%C3%BAblico-line-809-Sao_Paulo-242-2038937-119858519-0,5.2,-23.4756105,-46.724118250000004,,,,1,2023-06-17T16:13:38+00:00
SAO_4732-31,São Paulo,3550308,True,,34895,,,-23.64933575,-46.59450675,,,,2,2023-06-17T16:13:51+00:00
SAO_4732-31,São Paulo,3550308,True,,34895,,,-23.6288365,-46.614719,,,,2,2023-06-17T16:13:55+00:00
SAO_8215-10,São Paulo,3550308,True,,33342,,,-23.50372,-46.6761305,,,,2,2023-06-17T16:13:53+00:00
SAO_8215-10,São Paulo,3550308,True,,33342,,,-23.46319425,-46.702998750000006,,,,2,2023-06-17T16:11:55+00:00
SAO_8012-10,São Paulo,3550308,True,,34791,,,-23.564829000000003,-46.713539499999996,,,,2,2023-06-17T16:14:07+00:00
SAO_3134-10,São Paulo,3550308,True,,993,,,-23.574833374999997,-46.554781,,,,1,2023-06-17T16:14:03+00:00
SAO_3134-10,São Paulo,3550308,True,,993,,,-23.58321475,-46.519161499999996,,,,1,2023-06-17T16:13:49+00:00
SAO_8065-10,São Paulo,3550308,True,,33189,,,-23.50929725,-46.71242275,,,,2,2023-06-17T16:14:04+00:00
SAO_8065-10,São Paulo,3550308,True,,33189,,,-23.4692815,-46.75179850000001,,,,2,2023-06-17T16:14:03+00:00
SAO_2435-10,São Paulo,3550308,True,,32978,,,-23.522862,-46.5321525,,,,2,2023-06-17T16:13:54+00:00
SAO_372F-10,São Paulo,3550308,True,,1015,,,-23.547569000000003,-46.597342874999995,,,,1,2023-06-17T16:14:03+00:00
SAO_6058-10,São Paulo,3550308,True,,1149,,,-23.7691445,-46.6987515,,,,1,2023-06-17T16:13:45+00:00
SAO_6058-10,São Paulo,3550308,True,,1149,,,-23.769851000000003,-46.676743,,,,1,2023-06-17T16:13:29+00:00
SAO_3024-10,São Paulo,3550308,True,,33045,,,-23.585037999999997,-46.582788,,,,2,2023-06-17T16:13:32+00:00
SAO_3024-10,São Paulo,3550308,True,,33045,,,-23.609526,-46.529048,,,,2,2023-06-17T16:13:59+00:00
SAO_3024-10,São Paulo,3550308,True,,33045,,,-23.597137,-46.541412,,,,2,2023-06-17T16:13:32+00:00
SAO_2010-10,São Paulo,3550308,True,,34872,,,-23.499297249999998,-46.603756,,,,2,2023-06-17T16:13:31+00:00
SAO_2010-10,São Paulo,3550308,True,,34872,,,-23.477741875,-46.564192125,,,,2,2023-06-17T16:13:36+00:00
SAO_2010-10,São Paulo,3550308,True,,34872,,,-23.477516625,-46.564321375,,,,2,2023-06-17T16:14:05+00:00
SAO_211L-10,São Paulo,3550308,True,,2265,,,-23.503671,-46.6774875,,,,1,2023-06-17T16:13:36+00:00
SAO_524L-10,São Paulo,3550308,True,,1715,,,-23.600910499999998,-46.5333125,,,,1,2023-06-17T16:14:00+00:00
SAO_524L-10,São Paulo,3550308,True,,1715,,,-23.5493575,-46.565411375,,,,1,2023-06-17T16:13:55+00:00
SAO_746V-10,São Paulo,3550308,True,,792,,,-23.6224415,-46.75465,,,,1,2023-06-17T16:14:04+00:00
SAO_746V-10,São Paulo,3550308,True,,792,,,-23.63702525,-46.763191500000005,,,,1,2023-06-17T16:13:47+00:00
SAO_8008-10,São Paulo,3550308,True,,1258,,,-23.487392,-46.7353445,,,,1,2023-06-17T16:13:41+00:00
SAO_373L-10,São Paulo,3550308,True,,1027,,,-23.622663,-46.416179,,,,1,2023-06-17T16:13:51+00:00
SAO_373L-10,São Paulo,3550308,True,,1027,,,-23.586368999999998,-46.443051,,,,1,2023-06-17T16:13:51+00:00
SAO_373L-10,São Paulo,3550308,True,,1027,,,-23.546550250000003,-46.461182,,,,1,2023-06-17T16:13:59+00:00
SAO_6031-10,São Paulo,3550308,True,,32860,,,-23.7432595,-46.70004,,,,2,2023-06-17T16:14:06+00:00
SAO_6031-10,São Paulo,3550308,True,,32860,,,-23.753878,-46.708732499999996,,,,2,2023-06-17T16:14:07+00:00
SAO_4716-10,São Paulo,3550308,True,,33874,,,-23.603035,-46.6034365,,,,2,2023-06-17T16:13:51+00:00
SAO_4716-10,São Paulo,3550308,True,,33874,,,-23.6009261875,-46.636768625,,,,2,2023-06-17T16:13:56+00:00
SAO_4716-10,São Paulo,3550308,True,,33874,,,-23.613037,-46.617622499999996,,,,2,2023-06-17T16:13:50+00:00
SAO_3737-31,São Paulo,3550308,True,,1354,,,-23.535318,-46.50708375000001,,,,1,2023-06-17T16:13:46+00:00
SAO_5033-10,São Paulo,3550308,True,,1665,,,-23.61279,-46.610592999999994,,,,1,2023-06-17T16:13:52+00:00
SAO_5024-31,São Paulo,3550308,True,,1123,,,-23.6857875,-46.6638175,,,,1,2023-06-17T16:14:02+00:00
SAO_5024-31,São Paulo,3550308,True,,1123,,,-23.693239,-46.6589885,,,,1,2023-06-17T16:11:59+00:00
SAO_2161-10,São Paulo,3550308,True,,694,,,-23.504466,-46.59407075,,,,1,2023-06-17T16:10:41+00:00
SAO_4004-10,São Paulo,3550308,True,,2178,,,-23.590415999999998,-46.394861500000005,,,,1,2023-06-17T16:14:02+00:00
SAO_8055-51,São Paulo,3550308,True,EMTU,417,https://moovitapp.com/index/pt-br/transporte_p%C3%BAblico-line-417-Sao_Paulo-242-2038937-36419474-0,5.2,-23.452135,-46.78685525,,,,1,2023-06-17T16:13:40+00:00
SAO_4284-10,São Paulo,3550308,True,EMTU,289,https://moovitapp.com/index/pt-br/transporte_p%C3%BAblico-line-289-Sao_Paulo-242-2038937-36419390-0,5.1,-23.596601999999997,-46.55869,,,,1,2023-06-17T16:14:00+00:00
SAO_6821-10,São Paulo,3550308,True,BR7 Mobilidade,21,https://moovitapp.com/index/pt-br/transporte_p%C3%BAblico-line-21-Sao_Paulo-242-851856-707765-0,5.75,-23.656841999999997,-46.763562,,,,1,2023-06-17T16:13:40+00:00
SAO_4053-10,São Paulo,3550308,True,,34914,,,-23.559117,-46.399842,,,,2,2023-06-17T16:13:55+00:00
SAO_4053-10,São Paulo,3550308,True,,34914,,,-23.544966000000002,-46.408003,,,,2,2023-06-17T16:13:40+00:00
SAO_297A-10,São Paulo,3550308,True,,34901,,,-23.5251275,-46.6660255,,,,2,2023-06-17T16:14:03+00:00
SAO_4051-10,São Paulo,3550308,True,,34912,,,-23.55352275,-46.40449225,,,,2,2023-06-17T16:13:54+00:00
SAO_714C-10,São Paulo,3550308,True,,33255,,,-23.59577325,-46.78307875,,,,2,2023-06-17T16:13:52+00:00
SAO_714C-10,São Paulo,3550308,True,,33255,,,-23.599901000000003,-46.7844635,,,,2,2023-06-17T16:13:31+00:00
SAO_917H-10,São Paulo,3550308,True,,33224,,,-23.494866000000002,-46.747812499999995,,,,2,2023-06-17T16:13:43+00:00
SAO_917H-10,São Paulo,3550308,True,,33224,,,-23.5730915,-46.642564,,,,2,2023-06-17T16:13:30+00:00
SAO_917H-10,São Paulo,3550308,True,,33224,,,-23.545281000000003,-46.692449499999995,,,,2,2023-06-17T16:14:06+00:00
SAO_917H-10,São Paulo,3550308,True,,33224,,,-23.5369545,-46.7233155,,,,2,2023-06-17T16:13:46+00:00
SAO_917H-10,São Paulo,3550308,True,,33224,,,-23.486156,-46.74695,,,,2,2023-06-17T16:13:26+00:00
SAO_3206-10,São Paulo,3550308,True,,34880,,,-23.533479,-46.545751499999994,,,,2,2023-06-17T16:14:00+00:00
SAO_6258-31,São Paulo,3550308,True,,1783,,,-23.680175374999997,-46.747024124999996,,,,1,2023-06-17T16:13:58+00:00
SAO_574A-21,São Paulo,3550308,True,,34458,,,-23.58961075,-46.633766249999994,,,,2,2023-06-17T16:13:32+00:00
SAO_574A-21,São Paulo,3550308,True,,34458,,,-23.61845,-46.6392775,,,,2,2023-06-17T16:13:26+00:00
SAO_271A-51,São Paulo,3550308,True,,33471,,,-23.491795,-46.5783725,,,,2,2023-06-17T16:13:23+00:00
SAO_271A-51,São Paulo,3550308,True,,33471,,,-23.4979085,-46.514503000000005,,,,2,2023-06-17T16:13:37+00:00
SAO_271A-51,São Paulo,3550308,True,,33471,,,-23.497569499999997,-46.5148905,,,,2,2023-06-17T16:13:51+00:00
SAO_6823-10,São Paulo,3550308,True,,32802,,,-23.6919635,-46.7907745,,,,2,2023-06-17T16:13:23+00:00
SAO_6823-10,São Paulo,3550308,True,,32802,,,-23.6921555,-46.7909265,,,,2,2023-06-17T16:13:29+00:00
SAO_2720-31,São Paulo,3550308,True,,1842,,,-23.493471,-46.470558,,,,1,2023-06-17T16:13:58+00:00
SAO_2720-31,São Paulo,3550308,True,,1842,,,-23.5286075,-46.517815,,,,1,2023-06-17T16:14:06+00:00
SAO_8200-10,São Paulo,3550308,True,,34031,,,-23.49569725,-46.71346825,,,,2,2023-06-17T16:13:38+00:00
SAO_4315-10,São Paulo,3550308,True,,2175,,,-23.537465875,-46.558094125000004,,,,1,2023-06-17T16:13:40+00:00
SAO_4315-10,São Paulo,3550308,True,,2175,,,-23.54645675,-46.629903999999996,,,,1,2023-06-17T16:14:04+00:00
SAO_9018-10,São Paulo,3550308,True,,34039,,,-23.470133500000003,-46.7216755,,,,2,2023-06-17T16:13:26+00:00
SAO_9018-10,São Paulo,3550308,True,,34039,,,-23.4698875,-46.721775,,,,2,2023-06-17T16:13:39+00:00
SAO_8009-31,São Paulo,3550308,True,,1260,,,-23.447286,-46.722277500000004,,,,1,2023-06-17T16:13:38+00:00
SAO_1036-10,São Paulo,3550308,True,,35221,,,-23.4527205,-46.7120745,,,,2,2023-06-17T16:14:04+00:00
SAO_1036-10,São Paulo,3550308,True,,35221,,,-23.444925750000003,-46.70967975,,,,2,2023-06-17T16:13:33+00:00
SAO_1036-10,São Paulo,3550308,True,,35221,,,-23.4768605,-46.714798,,,,2,2023-06-17T16:13:23+00:00
SAO_6019-10,São Paulo,3550308,True,,1490,,,-23.668028999999997,-46.7352055,,,,1,2023-06-17T16:13:45+00:00
SAO_874T-10,São Paulo,3550308,True,,33075,,,-23.55472,-46.6618795,,,,2,2023-06-17T16:13:58+00:00
SAO_874T-10,São Paulo,3550308,True,,33075,,,-23.540916000000003,-46.655556499999996,,,,2,2023-06-17T16:09:04+00:00
SAO_874T-10,São Paulo,3550308,True,,33075,,,-23.577496,-46.600854,,,,2,2023-06-17T16:13:22+00:00
SAO_2705-10,São Paulo,3550308,True,,33685,,,-23.543839,-46.4216205,,,,2,2023-06-17T16:13:25+00:00
SAO_2705-10,São Paulo,3550308,True,,33685,,,-23.543436,-46.4701685,,,,2,2023-06-17T16:13:54+00:00
SAO_2705-10,São Paulo,3550308,True,,33685,,,-23.5456135,-46.3931195,,,,2,2023-06-17T16:13:45+00:00
SAO_3728-41,São Paulo,3550308,True,,1988,,,-23.557136,-46.491691,,,,1,2023-06-17T16:13:38+00:00
SAO_3728-41,São Paulo,3550308,True,,1988,,,-23.5607995,-46.483093,,,,1,2023-06-17T16:13:59+00:00
SAO_1773-10,São Paulo,3550308,True,,33405,,,-23.4490305,-46.591025,,,,2,2023-06-17T16:13:59+00:00
SAO_1773-10,São Paulo,3550308,True,,33405,,,-23.4821475,-46.6301225,,,,2,2023-06-17T16:13:37+00:00
SAO_8300-10,São Paulo,3550308,True,,1264,,,-23.485881499999998,-46.725865,,,,1,2023-06-17T16:13:29+00:00
SAO_8300-10,São Paulo,3550308,True,,1264,,,-23.485881499999998,-46.725865,,,,1,2023-06-17T16:13:21+00:00
SAO_4019-10,São Paulo,3550308,True,,35292,,,-23.548913,-46.473406499999996,,,,2,2023-06-17T16:13:51+00:00
SAO_3732-10,São Paulo,3550308,True,,33797,,,-23.542009,-46.448923750000006,,,,2,2023-06-17T16:13:43+00:00
SAO_3732-10,São Paulo,3550308,True,,33797,,,-23.542634,-46.4712945,,,,2,2023-06-17T16:13:59+00:00
SAO_714C-10,São Paulo,3550308,True,,487,,,-23.5859545,-46.747255499999994,,,,1,2023-06-17T16:13:26+00:00
SAO_2770-10,São Paulo,3550308,True,,243,,,-23.5316515,-46.52857349999999,,,,1,2023-06-17T16:13:38+00:00
SAO_2770-10,São Paulo,3550308,True,,243,,,-23.522662999999998,-46.41263875,,,,1,2023-06-17T16:13:52+00:00
SAO_2770-10,São Paulo,3550308,True,,243,,,-23.51097875,-46.509129,,,,1,2023-06-17T16:14:05+00:00
SAO_748A-10,São Paulo,3550308,True,EMTU,498,https://moovitapp.com/index/pt-br/transporte_p%C3%BAblico-line-498-Sao_Paulo-242-2038937-36419523-0,5.4,-23.562664375,-46.74664975,,,,1,2023-06-17T16:13:48+00:00
SAO_2435-10,São Paulo,3550308,True,Cidade de Caieiras,210,https://moovitapp.com/index/pt-br/transporte_p%C3%BAblico-line-210-Sao_Paulo-242-868761-496408-0,5.0,-23.531321,-46.495141000000004,,,,1,2023-06-17T16:13:57+00:00
SAO_5026-10,São Paulo,3550308,True,,1635,,,-23.6059165,-46.496885500000005,,,,1,2023-06-17T16:13:56+00:00
SAO_7057-10,São Paulo,3550308,True,,1897,,,-23.640528,-46.7818175,,,,1,2023-06-17T16:14:04+00:00
SAO_2709-31,São Paulo,3550308,True,,923,,,-23.52548875,-46.48752275,,,,1,2023-06-17T16:13:51+00:00
SAO_513L-10,São Paulo,3550308,True,,34423,,,-23.6022485,-46.602692,,,,2,2023-06-17T16:13:49+00:00
SAO_2583-10,São Paulo,3550308,True,EMTU,375,https://moovitapp.com/index/pt-br/transporte_p%C3%BAblico-line-375-Sao_Paulo-242-2038937-36419449-0,11.7,-23.5142675,-46.519064,,,,1,2023-06-17T16:13:24+00:00
SAO_7545-10,São Paulo,3550308,True,,504,,,-23.5749125,-46.707219,,,,1,2023-06-17T16:13:53+00:00
SAO_2031-10,São Paulo,3550308,True,EMTU,367,https://moovitapp.com/index/pt-br/transporte_p%C3%BAblico-line-367-Sao_Paulo-242-2038937-36419446-0,4.9,-23.494880000000002,-46.405544,,,,1,2023-06-17T16:13:54+00:00
SAO_5142-10,São Paulo,3550308,True,,34394,,,-23.611202,-46.509007,,,,2,2023-06-17T16:10:43+00:00
SAO_5142-10,São Paulo,3550308,True,,34394,,,-23.584740500000002,-46.579657,,,,2,2023-06-17T16:13:31+00:00
SAO_6817-10,São Paulo,3550308,True,,32795,,,-23.6758855,-46.7741065,,,,2,2023-06-17T16:14:07+00:00
SAO_7053-22,São Paulo,3550308,True,,34664,,,-23.645042500000002,-46.789187999999996,,,,2,2023-06-17T16:13:55+00:00
SAO_7053-22,São Paulo,3550308,True,,34664,,,-23.644881,-46.78898075,,,,2,2023-06-17T16:13:34+00:00
SAO_7053-22,São Paulo,3550308,True,,34664,,,-23.645042500000002,-46.789187999999996,,,,2,2023-06-17T16:13:56+00:00
SAO_8019-31,São Paulo,3550308,True,,2574,,,-23.591378499999998,-46.7356265,,,,1,2023-06-17T16:13:39+00:00
SAO_8019-31,São Paulo,3550308,True,,2574,,,-23.5581185,-46.7481625,,,,1,2023-06-17T16:13:37+00:00
SAO_5034-31,São Paulo,3550308,True,,34432,,,-23.62501425,-46.601678250000006,,,,2,2023-06-17T16:13:29+00:00
SAO_2182-10,São Paulo,3550308,True,STT,700,https://moovitapp.com/index/pt-br/transporte_p%C3%BAblico-line-700-Sao_Paulo-242-850661-183337-0,5.3,-23.524987,-46.594998000000004,,,,1,2023-06-17T16:12:48+00:00
SAO_2182-10,São Paulo,3550308,True,STT,700,https://moovitapp.com/index/pt-br/transporte_p%C3%BAblico-line-700-Sao_Paulo-242-850661-183337-0,5.3,-23.491689,-46.5744715,,,,1,2023-06-17T16:13:51+00:00
SAO_2182-10,São Paulo,3550308,True,STT,700,https://moovitapp.com/index/pt-br/transporte_p%C3%BAblico-line-700-Sao_Paulo-242-850661-183337-0,5.3,-23.54482325,-46.62596275,,,,1,2023-06-17T16:13:40+00:00
SAO_1759-10,São Paulo,3550308,True,,553,,,-23.493661000000003,-46.626228999999995,,,,1,2023-06-17T16:10:40+00:00
SAO_1759-10,São Paulo,3550308,True,,553,,,-23.4643905,-46.654526,,,,1,2023-06-17T16:13:52+00:00
SAO_8319-10,São Paulo,3550308,True,,33244,,,-23.5470875,-46.7607205,,,,2,2023-06-17T16:13:33+00:00
SAO_8319-10,São Paulo,3550308,True,,33244,,,-23.5372185,-46.7214335,,,,2,2023-06-17T16:13:47+00:00
SAO_805L-10,São Paulo,3550308,True,,32892,,,-23.541676875,-46.655810375,,,,2,2023-06-17T16:13:28+00:00
SAO_805L-10,São Paulo,3550308,True,,32892,,,-23.53506275,-46.644746999999995,,,,2,2023-06-17T16:13:22+00:00
SAO_805L-10,São Paulo,3550308,True,,32892,,,-23.5341425,-46.6442885,,,,2,2023-06-17T16:13:58+00:00
SAO_2740-10,São Paulo,3550308,True,,34560,,,-23.4941015,-46.6228895,,,,2,2023-06-17T16:13:57+00:00
SAO_2740-10,São Paulo,3550308,True,,34560,,,-23.457949125,-46.6165115,,,,2,2023-06-17T16:13:57+00:00
SAO_2740-10,São Paulo,3550308,True,,34560,,,-23.4579845,-46.642551999999995,,,,2,2023-06-17T16:13:37+00:00
SAO_278A-10,São Paulo,3550308,True,,33474,,,-23.531038000000002,-46.557862,,,,2,2023-06-17T16:12:54+00:00
SAO_278A-10,São Paulo,3550308,True,,33474,,,-23.504613,-46.623662375,,,,2,2023-06-17T16:13:35+00:00
SAO_4024-10,São Paulo,3550308,True,,2158,,,-23.5346945,-46.4535035,,,,1,2023-06-17T16:13:22+00:00
SAO_4024-10,São Paulo,3550308,True,,2158,,,-23.566142499999998,-46.424344500000004,,,,1,2023-06-17T16:04:21+00:00
SAO_6805-10,São Paulo,3550308,True,,32799,,,-23.654,-46.762946,,,,2,2023-06-17T16:13:41+00:00
SAO_7245-21,São Paulo,3550308,True,,35306,,,-23.620571750000003,-46.698548,,,,2,2023-06-17T16:13:43+00:00
SAO_6820-31,São Paulo,3550308,True,,34174,,,-23.660007875,-46.772695,,,,2,2023-06-17T16:13:33+00:00
SAO_6050-10,São Paulo,3550308,True,,33993,,,-23.754743,-46.679211,,,,2,2023-06-17T16:14:00+00:00
SAO_8062-10,São Paulo,3550308,True,,33188,,,-23.518856,-46.703469,,,,2,2023-06-17T16:14:03+00:00
SAO_8062-10,São Paulo,3550308,True,,33188,,,-23.51945,-46.711819750000004,,,,2,2023-06-17T16:13:52+00:00
SAO_2020-10,São Paulo,3550308,True,,2262,,,-23.458434500000003,-46.608059499999996,,,,1,2023-06-17T16:14:04+00:00
SAO_817C-10,São Paulo,3550308,True,,34105,,,-23.551383,-46.676852999999994,,,,2,2023-06-17T16:13:52+00:00
SAO_4717-10,São Paulo,3550308,True,EMTU,335,https://moovitapp.com/index/pt-br/transporte_p%C3%BAblico-line-335-Sao_Paulo-242-2038937-36419420-0,5.35,-23.619807,-46.63824137500001,,,,1,2023-06-17T16:13:25+00:00
SAO_6835-10,São Paulo,3550308,True,,32780,,,-23.6875135,-46.800892000000005,,,,2,2023-06-17T16:13:27+00:00
SAO_6835-10,São Paulo,3550308,True,,32780,,,-23.686753500000002,-46.7968745,,,,2,2023-06-17T16:13:38+00:00
SAO_6076-41,São Paulo,3550308,True,,1986,,,-23.706224875000004,-46.700448625,,,,1,2023-06-17T16:14:04+00:00
SAO_6062-10,São Paulo,3550308,True,,1151,,,-23.737047,-46.697469,,,,1,2023-06-17T16:13:42+00:00
SAO_6062-10,São Paulo,3550308,True,,1151,,,-23.737876,-46.697753500000005,,,,1,2023-06-17T16:13:50+00:00
SAO_4092-10,São Paulo,3550308,True,,1876,,,-23.581097,-46.414367500000004,,,,1,2023-06-17T16:13:26+00:00
SAO_8009-10,São Paulo,3550308,True,,1259,,,-23.470480000000002,-46.7445315,,,,1,2023-06-17T16:13:51+00:00
SAO_476G-41,São Paulo,3550308,True,,33880,,,-23.60993,-46.529356,,,,2,2023-06-17T16:13:44+00:00
SAO_476G-41,São Paulo,3550308,True,,33880,,,-23.591859999999997,-46.566537999999994,,,,2,2023-06-17T16:13:34+00:00
SAO_476G-41,São Paulo,3550308,True,,33880,,,-23.578455124999998,-46.606539875,,,,2,2023-06-17T16:13:37+00:00
SAO_139A-10,São Paulo,3550308,True,,2451,,,-23.516321500000004,-46.704797,,,,1,2023-06-17T16:13:52+00:00
SAO_139A-10,São Paulo,3550308,True,,2451,,,-23.4845285,-46.709875,,,,1,2023-06-17T16:13:22+00:00
SAO_3414-10,São Paulo,3550308,True,,33514,,,-23.5444565,-46.521542,,,,2,2023-06-17T16:13:31+00:00
SAO_3414-10,São Paulo,3550308,True,,33514,,,-23.53387575,-46.5422565,,,,2,2023-06-17T16:13:55+00:00
SAO_7050-10,São Paulo,3550308,True,,34652,,,-23.647452,-46.779009,,,,2,2023-06-17T16:13:44+00:00
SAO_7050-10,São Paulo,3550308,True,,34652,,,-23.645547999999998,-46.779407500000005,,,,2,2023-06-17T16:13:48+00:00
SAO_5028-10,São Paulo,3550308,True,,34402,,,-23.6108005,-46.580852500000006,,,,2,2023-06-17T16:13:48+00:00
SAO_5028-10,São Paulo,3550308,True,,34402,,,-23.597061250000003,-46.600766875000005,,,,2,2023-06-17T16:13:46+00:00
SAO_6120-10,São Paulo,3550308,True,,1189,,,-23.734681375,-46.694479375,,,,1,2023-06-17T16:13:39+00:00
SAO_8060-10,São Paulo,3550308,True,EMTU,418,https://moovitapp.com/index/pt-br/transporte_p%C3%BAblico-line-418-Sao_Paulo-242-2038937-36419475-0,6.55,-23.505810500000003,-46.759228,,,,1,2023-06-17T16:13:23+00:00
SAO_8060-10,São Paulo,3550308,True,EMTU,418,https://moovitapp.com/index/pt-br/transporte_p%C3%BAblico-line-418-Sao_Paulo-242-2038937-36419475-0,6.55,-23.520046,-46.7017855,,,,1,2023-06-17T16:13:56+00:00
SAO_3746-31,São Paulo,3550308,True,,34865,,,-23.542912,-46.588283000000004,,,,2,2023-06-17T16:13:36+00:00
SAO_3735-41,São Paulo,3550308,True,,1920,,,-23.540658999999998,-46.4851245,,,,1,2023-06-17T16:13:55+00:00
SAO_8007-10,São Paulo,3550308,True,,34025,,,-23.475496999999997,-46.7565585,,,,2,2023-06-17T16:13:48+00:00
SAO_3003-10,São Paulo,3550308,True,,34565,,,-23.479100875,-46.421538125,,,,2,2023-06-17T16:14:04+00:00
SAO_9019-10,São Paulo,3550308,True,,34201,,,-23.457268625,-46.711772375,,,,2,2023-06-17T16:13:39+00:00
SAO_9019-10,São Paulo,3550308,True,,34201,,,-23.45509475,-46.7101755,,,,2,2023-06-17T16:13:23+00:00
SAO_9019-10,São Paulo,3550308,True,,34201,,,-23.479321249999998,-46.71280375,,,,2,2023-06-17T16:13:37+00:00
SAO_4314-10,São Paulo,3550308,True,,34942,,,-23.5736485,-46.3986825,,,,2,2023-06-17T16:13:30+00:00
SAO_4314-10,São Paulo,3550308,True,,34942,,,-23.573559000000003,-46.3988215,,,,2,2023-06-17T16:13:56+00:00
SAO_4314-10,São Paulo,3550308,True,,34942,,,-23.553160374999997,-46.45698,,,,2,2023-06-17T16:13:53+00:00
SAO_4314-10,São Paulo,3550308,True,,34942,,,-23.552665750000003,-46.49403075,,,,2,2023-06-17T16:14:06+00:00
SAO_3013-10,São Paulo,3550308,True,,954,,,-23.582969,-46.407816499999996,,,,1,2023-06-17T16:13:36+00:00
SAO_1765-10,São Paulo,3550308,True,,34550,,,-23.4720225,-46.582679,,,,2,2023-06-17T16:13:39+00:00
SAO_6019-10,São Paulo,3550308,True,,34258,,,-23.668594499999998,-46.7355085,,,,2,2023-06-17T16:13:23+00:00
SAO_4725-10,São Paulo,3550308,True,,338,,,-23.612591000000002,-46.6190555,,,,1,2023-06-17T16:13:58+00:00
SAO_177H-21,São Paulo,3550308,True,,631,,,-23.549818375,-46.65974075,,,,1,2023-06-17T16:13:34+00:00
SAO_177H-21,São Paulo,3550308,True,,631,,,-23.50226975,-46.65346925,,,,1,2023-06-17T16:13:59+00:00
SAO_6L10-41,São Paulo,3550308,True,,34773,,,-23.7880685,-46.765596,,,,2,2023-06-17T16:14:03+00:00
SAO_6L10-41,São Paulo,3550308,True,,34773,,,-23.7828835,-46.75673999999999,,,,2,2023-06-17T16:13:49+00:00
SAO_6L10-41,São Paulo,3550308,True,,34773,,,-23.7880685,-46.765596,,,,2,2023-06-17T16:13:42+00:00
SAO_476L-10,São Paulo,3550308,True,,33030,,,-23.589263,-46.634504,,,,2,2023-06-17T16:13:32+00:00
SAO_2010-10,São Paulo,3550308,True,,2104,,,-23.5223225,-46.625451749999996,,,,1,2023-06-17T16:14:02+00:00
SAO_2010-10,São Paulo,3550308,True,,2104,,,-23.476959,-46.5640815,,,,1,2023-06-17T16:13:42+00:00
SAO_2010-10,São Paulo,3550308,True,,2104,,,-23.48263075,-46.589717,,,,1,2023-06-17T16:13:49+00:00
SAO_7009-10,São Paulo,3550308,True,,34719,,,-23.693933,-46.7796675,,,,2,2023-06-17T16:13:45+00:00
SAO_2780-10,São Paulo,3550308,True,,33167,,,-23.496086249999998,-46.42861075,,,,2,2023-06-17T16:13:55+00:00
SAO_2780-10,São Paulo,3550308,True,,33167,,,-23.5023505,-46.38101625,,,,2,2023-06-17T16:14:04+00:00
SAO_1025-10,São Paulo,3550308,True,,2303,,,-23.462208,-46.701299500000005,,,,1,2023-06-17T16:13:25+00:00
SAO_1025-10,São Paulo,3550308,True,,2303,,,-23.453190499999998,-46.707206,,,,1,2023-06-17T16:13:47+00:00
SAO_119C-10,São Paulo,3550308,True,,661,,,-23.533740375,-46.626852375,,,,1,2023-06-17T16:13:36+00:00
SAO_119C-10,São Paulo,3550308,True,,661,,,-23.5069105,-46.595426,,,,1,2023-06-17T16:14:05+00:00
SAO_6L03-10,São Paulo,3550308,True,,34333,,,-23.84413325,-46.744074499999996,,,,2,2023-06-17T16:09:38+00:00
SAO_6026-10,São Paulo,3550308,True,,32855,,,-23.748841,-46.703187,,,,2,2023-06-17T16:13:53+00:00
SAO_6026-10,São Paulo,3550308,True,,32855,,,-23.709693,-46.69967,,,,2,2023-06-17T16:13:26+00:00
SAO_6026-10,São Paulo,3550308,True,,32855,,,-23.659551,-46.6979045,,,,2,2023-06-17T16:13:42+00:00
SAO_778J-10,São Paulo,3550308,True,,33276,,,-23.530684,-46.6773795,,,,2,2023-06-17T16:13:46+00:00
SAO_778J-10,São Paulo,3550308,True,,33276,,,-23.559278499999998,-46.68436775,,,,2,2023-06-17T16:13:24+00:00
SAO_7062-31,São Paulo,3550308,True,,34682,,,-23.6463475,-46.7730035,,,,2,2023-06-17T16:13:33+00:00
SAO_3032-10,São Paulo,3550308,True,,33488,,,-23.56465375,-46.505956,,,,2,2023-06-17T16:13:52+00:00
SAO_1720-21,São Paulo,3550308,True,,1937,,,-23.486421,-46.572385499999996,,,,1,2023-06-17T16:13:40+00:00
SAO_1720-21,São Paulo,3550308,True,,1937,,,-23.48181,-46.58838,,,,1,2023-06-17T16:13:40+00:00
SAO_1019-10,São Paulo,3550308,True,,35263,,,-23.4379315,-46.779346000000004,,,,2,2023-06-17T16:13:26+00:00
SAO_1775-10,São Paulo,3550308,True,,638,,,-23.461810999999997,-46.629177,,,,1,2023-06-17T16:11:15+00:00
SAO_106A-10,São Paulo,3550308,True,,33284,,,-23.568426000000002,-46.6602445625,,,,2,2023-06-17T16:14:00+00:00
SAO_106A-10,São Paulo,3550308,True,,33284,,,-23.506771,-46.62625275,,,,2,2023-06-17T16:14:02+00:00
SAO_6806-10,São Paulo,3550308,True,BR7 Mobilidade,32,https://moovitapp.com/index/pt-br/transporte_p%C3%BAblico-line-32-Sao_Paulo-242-851856-586488-0,5.75,-23.640328,-46.74752075,,,,1,2023-06-17T16:14:06+00:00
SAO_5033-10,São Paulo,3550308,True,,34433,,,-23.6334285,-46.614411000000004,,,,2,2023-06-17T16:13:22+00:00
SAO_7272-10,São Paulo,3550308,True,,34101,,,-23.517837749999998,-46.70744575,,,,2,2023-06-17T16:13:34+00:00
SAO_7272-10,São Paulo,3550308,True,,34101,,,-23.554876,-46.662072499999994,,,,2,2023-06-17T16:13:55+00:00
SAO_6823-10,São Paulo,3550308,True,,34,,,-23.654173,-46.762701500000006,,,,1,2023-06-17T16:13:25+00:00
SAO_2026-10,São Paulo,3550308,True,,35037,,,-23.4614865,-46.5829255,,,,2,2023-06-17T16:13:38+00:00
SAO_2026-10,São Paulo,3550308,True,,35037,,,-23.504217,-46.57328,,,,2,2023-06-17T16:13:23+00:00
SAO_6820-10,São Paulo,3550308,True,BR7 Mobilidade,19,https://moovitapp.com/index/pt-br/transporte_p%C3%BAblico-line-19-Sao_Paulo-242-851856-516833-0,5.75,-23.66024025,-46.769326250000006,,,,1,2023-06-17T16:13:34+00:00
SAO_6813-10,São Paulo,3550308,True,BR7 Mobilidade,33,https://moovitapp.com/index/pt-br/transporte_p%C3%BAblico-line-33-Sao_Paulo-242-851856-529134-0,5.75,-23.654132,-46.7632315,,,,1,2023-06-17T16:13:56+00:00
SAO_189L-10,São Paulo,3550308,True,,35218,,,-23.50260925,-46.7062425,,,,2,2023-06-17T16:13:52+00:00
SAO_1771-10,São Paulo,3550308,True,,33402,,,-23.430882500000003,-46.574838,,,,2,2023-06-17T16:13:40+00:00
SAO_1771-10,São Paulo,3550308,True,,33402,,,-23.468087500000003,-46.594458,,,,2,2023-06-17T16:13:39+00:00
SAO_7063-10,São Paulo,3550308,True,,34667,,,-23.65037,-46.791385500000004,,,,2,2023-06-17T16:14:03+00:00
SAO_6116-10,São Paulo,3550308,True,,1186,,,-23.756027500000002,-46.6708475,,,,1,2023-06-17T16:13:25+00:00
SAO_6116-10,São Paulo,3550308,True,,1186,,,-23.736701500000002,-46.696777499999996,,,,1,2023-06-17T16:13:50+00:00
SAO_5022-10,São Paulo,3550308,True,,1120,,,-23.6488115,-46.641737500000005,,,,1,2023-06-17T16:13:33+00:00
SAO_748A-41,São Paulo,3550308,True,,33267,,,-23.597152,-46.756195500000004,,,,2,2023-06-17T16:14:00+00:00
SAO_809U-21,São Paulo,3550308,True,,35075,,,-23.526926,-46.665777500000004,,,,2,2023-06-17T16:14:03+00:00
SAO_938C-10,São Paulo,3550308,True,,586,,,-23.51374175,-46.702937000000006,,,,1,2023-06-17T16:13:47+00:00
SAO_7282-10,São Paulo,3550308,True,,471,,,-23.54262475,-46.73122875,,,,1,2023-06-17T16:13:55+00:00
SAO_1701-21,São Paulo,3550308,True,,2476,,,-23.447538,-46.576252999999994,,,,1,2023-06-17T16:13:56+00:00
SAO_1701-21,São Paulo,3550308,True,,2476,,,-23.46734,-46.591199,,,,1,2023-06-17T16:13:28+00:00
SAO_8026-10,São Paulo,3550308,True,,34851,,,-23.615917,-46.755348,,,,2,2023-06-17T16:13:39+00:00
SAO_6L03-10,São Paulo,3550308,True,,1565,,,-23.8798615,-46.748457,,,,1,2023-06-17T16:13:27+00:00
SAO_513C-31,São Paulo,3550308,True,,35304,,,-23.59712125,-46.52314425,,,,2,2023-06-17T16:13:47+00:00
SAO_513C-31,São Paulo,3550308,True,,35304,,,-23.606419000000002,-46.5629485,,,,2,2023-06-17T16:14:07+00:00
SAO_2722-31,São Paulo,3550308,True,,936,,,-23.516019,-46.5055575,,,,1,2023-06-17T16:13:39+00:00
SAO_3009-10,São Paulo,3550308,True,,2526,,,-23.4971185,-46.400493,,,,1,2023-06-17T16:13:30+00:00
SAO_7281-10,São Paulo,3550308,True,,1334,,,-23.552126125,-46.657847875,,,,1,2023-06-17T16:13:55+00:00
SAO_4115-10,São Paulo,3550308,True,EMTU,322,https://moovitapp.com/index/pt-br/transporte_p%C3%BAblico-line-322-Sao_Paulo-242-2038937-36419412-0,6.2,-23.5795035,-46.6241905,,,,1,2023-06-17T16:13:39+00:00
SAO_7458-10,São Paulo,3550308,True,EMTU,496,https://moovitapp.com/index/pt-br/transporte_p%C3%BAblico-line-496-Sao_Paulo-242-2038937-36419521-0,5.4,-23.57958025,-46.79153425,,,,1,2023-06-17T16:13:57+00:00
SAO_8013-41,São Paulo,3550308,True,,2011,,,-23.432446499999998,-46.787048,,,,1,2023-06-17T16:13:26+00:00
SAO_2201-10,São Paulo,3550308,True,,909,,,-23.541525,-46.409591500000005,,,,1,2023-06-17T16:12:09+00:00
SAO_3737-31,São Paulo,3550308,True,,34122,,,-23.5302815,-46.5166185,,,,2,2023-06-17T16:14:00+00:00
SAO_3009-10,São Paulo,3550308,True,,35294,,,-23.5176535,-46.399403500000005,,,,2,2023-06-17T16:13:32+00:00
SAO_271C-10,São Paulo,3550308,True,STT,682,https://moovitapp.com/index/pt-br/transporte_p%C3%BAblico-line-682-Sao_Paulo-242-850661-183336-0,5.3,-23.50217,-46.62488,,,,1,2023-06-17T16:13:49+00:00
SAO_5131-10,São Paulo,3550308,True,,1282,,,-23.641015000000003,-46.67569,,,,1,2023-06-17T16:13:57+00:00
SAO_5131-10,São Paulo,3550308,True,,1282,,,-23.550302000000002,-46.6316285,,,,1,2023-06-17T16:13:34+00:00
SAO_2740-10,São Paulo,3550308,True,,1792,,,-23.454601750000002,-46.6452425,,,,1,2023-06-17T16:13:36+00:00
SAO_2012-10,São Paulo,3550308,True,,2281,,,-23.515762625,-46.61184575,,,,1,2023-06-17T16:14:00+00:00
SAO_2714-10,São Paulo,3550308,True,,33695,,,-23.5317065,-46.528416,,,,2,2023-06-17T16:13:58+00:00
SAO_2028-10,São Paulo,3550308,True,,2263,,,-23.4664485,-46.595971,,,,1,2023-06-17T16:13:42+00:00
SAO_1742-10,São Paulo,3550308,True,EMTU,542,https://moovitapp.com/index/pt-br/transporte_p%C3%BAblico-line-542-Sao_Paulo-242-2038937-59914572-0,5.4,-23.503025,-46.6242335,,,,1,2023-06-17T16:13:40+00:00
SAO_6L08-10,São Paulo,3550308,True,,33950,,,-23.830301499999997,-46.71955,,,,2,2023-06-17T16:13:48+00:00
SAO_253F-10,São Paulo,3550308,True,EMTU,158,https://moovitapp.com/index/pt-br/transporte_p%C3%BAblico-line-158-Sao_Paulo-242-2038937-36419303-0,7.45,-23.51544025,-46.4568925,,,,1,2023-06-17T16:10:01+00:00
SAO_253F-10,São Paulo,3550308,True,EMTU,158,https://moovitapp.com/index/pt-br/transporte_p%C3%BAblico-line-158-Sao_Paulo-242-2038937-36419303-0,7.45,-23.5185795,-46.475586,,,,1,2023-06-17T16:13:53+00:00
SAO_6L10-10,São Paulo,3550308,True,,33927,,,-23.777438500000002,-46.723049,,,,2,2023-06-17T16:13:50+00:00
SAO_1738-10,São Paulo,3550308,True,,672,,,-23.481823,-46.60253925,,,,1,2023-06-17T16:13:47+00:00
SAO_271P-10,São Paulo,3550308,True,,704,,,-23.534530750000002,-46.603919499999996,,,,1,2023-06-17T16:13:30+00:00
SAO_6L10-41,São Paulo,3550308,True,,2005,,,-23.7745795,-46.721787000000006,,,,1,2023-06-17T16:14:01+00:00
SAO_4013-10,São Paulo,3550308,True,,2186,,,-23.6124765,-46.472958,,,,1,2023-06-17T16:14:07+00:00
SAO_407T-10,São Paulo,3550308,True,,34970,,,-23.5384515,-46.44110425,,,,2,2023-06-17T16:14:02+00:00
SAO_6072-23,São Paulo,3550308,True,,34772,,,-23.7662805,-46.717397500000004,,,,2,2023-06-17T16:14:02+00:00
SAO_2026-10,São Paulo,3550308,True,,2269,,,-23.495413499999998,-46.5759495,,,,1,2023-06-17T16:14:00+00:00
SAO_6042-21,São Paulo,3550308,True,,34543,,,-23.654173,-46.762701500000006,,,,2,2023-06-17T16:13:58+00:00
