bus_id,city,city_code,adapted,agency,line_code,line_url,line_fare,latitude,longitude,bus_speed,is_eletric,bus_type,bus_direction,updated_at
SAO_6041-10,São Paulo,3550308,True,,33986,,,-23.65115025,-46.7574565,,,,2,2023-06-19T03:09:53+00:00
SAO_6041-10,São Paulo,3550308,True,,33986,,,-23.6899145,-46.7808755,,,,2,2023-06-19T03:09:35+00:00
SAO_6041-10,São Paulo,3550308,True,,33986,,,-23.6899145,-46.7808755,,,,2,2023-06-19T03:09:23+00:00
SAO_6041-10,São Paulo,3550308,True,,33986,,,-23.6899145,-46.7808755,,,,2,2023-06-19T03:09:22+00:00
SAO_1156-10,São Paulo,3550308,True,,33427,,,-23.486996,-46.568324000000004,,,,2,2023-06-19T03:09:13+00:00
SAO_1156-10,São Paulo,3550308,True,,33427,,,-23.52387975,-46.62526075,,,,2,2023-06-19T03:09:24+00:00
SAO_1156-10,São Paulo,3550308,True,,33427,,,-23.4874285,-46.568459749999995,,,,2,2023-06-19T03:09:30+00:00
SAO_3745-10,São Paulo,3550308,True,,33812,,,-23.58958175,-46.50089925,,,,2,2023-06-19T03:09:34+00:00
SAO_3745-10,São Paulo,3550308,True,,33812,,,-23.5756095,-46.52034075,,,,2,2023-06-19T03:09:27+00:00
SAO_6414-10,São Paulo,3550308,True,,33128,,,-23.646549812499998,-46.70300625,,,,2,2023-06-19T03:09:24+00:00
SAO_6414-10,São Paulo,3550308,True,,33128,,,-23.593024874999998,-46.67293325,,,,2,2023-06-19T03:09:39+00:00
SAO_6414-10,São Paulo,3550308,True,,33128,,,-23.670013,-46.712187,,,,2,2023-06-19T03:09:27+00:00
SAO_4113-10,São Paulo,3550308,True,,33536,,,-23.60148425,-46.613501125,,,,2,2023-06-19T03:09:14+00:00
SAO_4113-10,São Paulo,3550308,True,,33536,,,-23.57777825,-46.625369375000005,,,,2,2023-06-19T03:09:35+00:00
SAO_4729-10,São Paulo,3550308,True,,1108,,,-23.5427345,-46.591100999999995,,,,1,2023-06-19T03:07:32+00:00
SAO_4729-10,São Paulo,3550308,True,,1108,,,-23.583784,-46.5421775,,,,1,2023-06-19T03:09:52+00:00
SAO_172P-10,São Paulo,3550308,True,,33626,,,-23.517713625,-46.589127,,,,2,2023-06-19T03:09:43+00:00
SAO_172P-10,São Paulo,3550308,True,,33626,,,-23.44310575,-46.5899405,,,,2,2023-06-19T03:09:32+00:00
SAO_172P-10,São Paulo,3550308,True,,33626,,,-23.441848999999998,-46.588781499999996,,,,2,2023-06-19T03:09:44+00:00
SAO_172P-10,São Paulo,3550308,True,,33626,,,-23.4563865,-46.5903875,,,,2,2023-06-19T03:09:48+00:00
SAO_172P-10,São Paulo,3550308,True,,33626,,,-23.472487,-46.5715875,,,,2,2023-06-19T03:09:12+00:00
SAO_172P-10,São Paulo,3550308,True,,33626,,,-23.4378765,-46.5662585,,,,2,2023-06-19T03:09:28+00:00
SAO_172P-10,São Paulo,3550308,True,,33626,,,-23.4378765,-46.5662585,,,,2,2023-06-19T03:05:59+00:00
SAO_172P-10,São Paulo,3550308,True,,33626,,,-23.4419105,-46.588513500000005,,,,2,2023-06-19T03:09:46+00:00
SAO_172P-10,São Paulo,3550308,True,,33626,,,-23.438867000000002,-46.580635,,,,2,2023-06-19T03:09:10+00:00
SAO_172P-10,São Paulo,3550308,True,,33626,,,-23.43757025,-46.56626125,,,,2,2023-06-19T03:09:24+00:00
SAO_573H-10,São Paulo,3550308,True,,34398,,,-23.585039000000002,-46.524774,,,,2,2023-06-19T03:09:39+00:00
SAO_573H-10,São Paulo,3550308,True,,34398,,,-23.6120265,-46.493421,,,,2,2023-06-19T03:09:38+00:00
SAO_573H-10,São Paulo,3550308,True,,34398,,,-23.612581,-46.493817500000006,,,,2,2023-06-19T03:09:52+00:00
SAO_573H-10,São Paulo,3550308,True,,34398,,,-23.552679499999996,-46.611855250000005,,,,2,2023-06-19T03:09:50+00:00
SAO_2755-10,São Paulo,3550308,True,STT,233,https://moovitapp.com/index/pt-br/transporte_p%C3%BAblico-line-233-Sao_Paulo-242-850661-183266-0,5.3,-23.534603500000003,-46.4003365,,,,1,2023-06-19T03:09:33+00:00
SAO_2755-10,São Paulo,3550308,True,STT,233,https://moovitapp.com/index/pt-br/transporte_p%C3%BAblico-line-233-Sao_Paulo-242-850661-183266-0,5.3,-23.519318,-46.5129675,,,,1,2023-06-19T03:09:49+00:00
SAO_1722-10,São Paulo,3550308,True,,33632,,,-23.46098,-46.6280955,,,,2,2023-06-19T03:09:47+00:00
SAO_1722-10,São Paulo,3550308,True,,33632,,,-23.482122250000003,-46.671637000000004,,,,2,2023-06-19T03:09:34+00:00
SAO_1722-10,São Paulo,3550308,True,,33632,,,-23.4787385,-46.5999395,,,,2,2023-06-19T03:09:06+00:00
SAO_1722-10,São Paulo,3550308,True,,33632,,,-23.4709815,-46.65066,,,,2,2023-06-19T03:09:52+00:00
SAO_5123-10,São Paulo,3550308,True,,33893,,,-23.5972565,-46.63935,,,,2,2023-06-19T03:09:25+00:00
SAO_5123-10,São Paulo,3550308,True,,33893,,,-23.669516,-46.636447000000004,,,,2,2023-06-19T03:09:28+00:00
SAO_5123-10,São Paulo,3550308,True,,33893,,,-23.681323,-46.635135000000005,,,,2,2023-06-19T03:07:57+00:00
SAO_5123-10,São Paulo,3550308,True,,33893,,,-23.597332,-46.636736,,,,2,2023-06-19T03:09:44+00:00
SAO_273N-10,São Paulo,3550308,True,,33158,,,-23.496636125,-46.40131925,,,,2,2023-06-19T03:09:20+00:00
SAO_273N-10,São Paulo,3550308,True,,33158,,,-23.5047085,-46.3668095,,,,2,2023-06-19T03:09:17+00:00
SAO_6091-10,São Paulo,3550308,True,,33943,,,-23.832269500000002,-46.7228895,,,,2,2023-06-19T03:09:34+00:00
SAO_6091-10,São Paulo,3550308,True,,33943,,,-23.66834775,-46.7054795,,,,2,2023-06-19T03:09:49+00:00
SAO_6091-10,São Paulo,3550308,True,,33943,,,-23.862347500000002,-46.712974,,,,2,2023-06-19T03:09:08+00:00
SAO_6091-10,São Paulo,3550308,True,,33943,,,-23.862347500000002,-46.712974,,,,2,2023-06-19T03:09:07+00:00
SAO_6091-10,São Paulo,3550308,True,,33943,,,-23.7669095,-46.7173155,,,,2,2023-06-19T03:09:42+00:00
SAO_6091-10,São Paulo,3550308,True,,33943,,,-23.862347500000002,-46.712974,,,,2,2023-06-19T03:09:16+00:00
SAO_6091-10,São Paulo,3550308,True,,33943,,,-23.7997585,-46.733076,,,,2,2023-06-19T03:09:22+00:00
SAO_6091-10,São Paulo,3550308,True,,33943,,,-23.862347500000002,-46.712974,,,,2,2023-06-19T03:08:12+00:00
SAO_4288-10,São Paulo,3550308,True,,33058,,,-23.611155,-46.519178499999995,,,,2,2023-06-19T03:09:14+00:00
SAO_4288-10,São Paulo,3550308,True,,33058,,,-23.584868999999998,-46.5833485,,,,2,2023-06-19T03:09:48+00:00
SAO_2029-10,São Paulo,3550308,True,,2270,,,-23.430882500000003,-46.574838,,,,1,2023-06-19T03:08:52+00:00
SAO_2029-10,São Paulo,3550308,True,,2270,,,-23.430882500000003,-46.574838,,,,1,2023-06-19T03:09:34+00:00
SAO_2029-10,São Paulo,3550308,True,,2270,,,-23.4810615,-46.6028965,,,,1,2023-06-19T03:09:45+00:00
SAO_2029-10,São Paulo,3550308,True,,2270,,,-23.430882500000003,-46.574838,,,,1,2023-06-19T03:09:02+00:00
SAO_4056-10,São Paulo,3550308,True,,35005,,,-23.6054775,-46.449507499999996,,,,2,2023-06-19T03:09:26+00:00
SAO_4056-10,São Paulo,3550308,True,,35005,,,-23.612262,-46.462734499999996,,,,2,2023-06-19T03:09:12+00:00
SAO_4016-10,São Paulo,3550308,True,,2189,,,-23.61345925,-46.4761955,,,,1,2023-06-19T03:09:49+00:00
SAO_4016-10,São Paulo,3550308,True,,2189,,,-23.617158,-46.468715,,,,1,2023-06-19T03:09:43+00:00
SAO_407G-10,São Paulo,3550308,True,,2196,,,-23.603975,-46.4813555,,,,1,2023-06-19T03:09:40+00:00
SAO_407G-10,São Paulo,3550308,True,,2196,,,-23.5785145,-46.495988499999996,,,,1,2023-06-19T03:09:21+00:00
SAO_407G-10,São Paulo,3550308,True,,2196,,,-23.5384935,-46.5633695,,,,1,2023-06-19T03:09:24+00:00
SAO_407G-10,São Paulo,3550308,True,,2196,,,-23.540302,-46.540602,,,,1,2023-06-19T03:09:47+00:00
SAO_407G-10,São Paulo,3550308,True,,2196,,,-23.601549499999997,-46.4427565,,,,1,2023-06-19T03:09:10+00:00
SAO_971V-10,São Paulo,3550308,True,,33387,,,-23.4513575,-46.691139,,,,2,2023-06-19T03:09:51+00:00
SAO_971V-10,São Paulo,3550308,True,,33387,,,-23.466349,-46.679257,,,,2,2023-06-19T03:09:41+00:00
SAO_971V-10,São Paulo,3550308,True,,33387,,,-23.49589675,-46.660531875000004,,,,2,2023-06-19T03:09:26+00:00
SAO_971V-10,São Paulo,3550308,True,,33387,,,-23.4513575,-46.691139,,,,2,2023-06-19T03:09:37+00:00
SAO_4051-10,São Paulo,3550308,True,,34912,,,-23.542982000000002,-46.415397,,,,2,2023-06-19T03:09:31+00:00
SAO_4051-10,São Paulo,3550308,True,,34912,,,-23.561855,-46.4014265,,,,2,2023-06-19T03:09:49+00:00
SAO_7016-10,São Paulo,3550308,True,,34886,,,-23.6886205,-46.77281625,,,,2,2023-06-19T03:09:21+00:00
SAO_7016-10,São Paulo,3550308,True,,34886,,,-23.6658605,-46.71429475,,,,2,2023-06-19T03:09:32+00:00
SAO_7016-10,São Paulo,3550308,True,,34886,,,-23.688352000000002,-46.773396500000004,,,,2,2023-06-19T03:09:42+00:00
SAO_7016-10,São Paulo,3550308,True,,34886,,,-23.688736499999997,-46.773533,,,,2,2023-06-19T03:09:20+00:00
SAO_7016-10,São Paulo,3550308,True,,34886,,,-23.685643,-46.7522605,,,,2,2023-06-19T03:09:23+00:00
SAO_7016-10,São Paulo,3550308,True,,34886,,,-23.6886205,-46.77281625,,,,2,2023-06-19T03:09:41+00:00
SAO_6045-10,São Paulo,3550308,True,,33990,,,-23.69435,-46.794564,,,,2,2023-06-19T03:09:16+00:00
SAO_6045-10,São Paulo,3550308,True,,33990,,,-23.64474175,-46.708640875,,,,2,2023-06-19T03:09:54+00:00
SAO_6045-10,São Paulo,3550308,True,,33990,,,-23.648877499999998,-46.753294499999996,,,,2,2023-06-19T03:09:41+00:00
SAO_6045-10,São Paulo,3550308,True,,33990,,,-23.666631,-46.771947,,,,2,2023-06-19T03:09:09+00:00
SAO_6045-10,São Paulo,3550308,True,,33990,,,-23.6990275,-46.7964265,,,,2,2023-06-19T03:09:49+00:00
SAO_971D-10,São Paulo,3550308,True,,709,,,-23.459438249999998,-46.688077250000006,,,,1,2023-06-19T03:09:14+00:00
SAO_971D-10,São Paulo,3550308,True,,709,,,-23.487619000000002,-46.626462000000004,,,,1,2023-06-19T03:09:24+00:00
SAO_971D-10,São Paulo,3550308,True,,709,,,-23.4490585,-46.69573375,,,,1,2023-06-19T03:09:23+00:00
SAO_9188-10,São Paulo,3550308,True,,33577,,,-23.5185195,-46.701293,,,,2,2023-06-19T03:04:29+00:00
SAO_9188-10,São Paulo,3550308,True,,33577,,,-23.451563,-46.7350485,,,,2,2023-06-19T03:09:39+00:00
SAO_9188-10,São Paulo,3550308,True,,33577,,,-23.4674045,-46.7244125,,,,2,2023-06-19T03:09:24+00:00
SAO_9050-10,São Paulo,3550308,True,,2088,,,-23.586721125,-46.682555750000006,,,,1,2023-06-19T03:09:16+00:00
SAO_9050-10,São Paulo,3550308,True,,2088,,,-23.5518615,-46.704357,,,,1,2023-06-19T03:09:20+00:00
SAO_7017-10,São Paulo,3550308,True,,2502,,,-23.671774,-46.7412225,,,,1,2023-06-19T03:09:45+00:00
SAO_5757-10,São Paulo,3550308,True,,34056,,,-23.675799499999997,-46.642252,,,,2,2023-06-19T03:09:44+00:00
SAO_5757-10,São Paulo,3550308,True,,34056,,,-23.6913305,-46.639309999999995,,,,2,2023-06-19T03:09:43+00:00
SAO_5757-10,São Paulo,3550308,True,,34056,,,-23.6835835,-46.634378999999996,,,,2,2023-06-19T03:09:26+00:00
SAO_5757-10,São Paulo,3550308,True,,34056,,,-23.6913305,-46.639309999999995,,,,2,2023-06-19T03:09:20+00:00
SAO_5757-10,São Paulo,3550308,True,,34056,,,-23.6838965,-46.633866999999995,,,,2,2023-06-19T03:09:37+00:00
SAO_5757-10,São Paulo,3550308,True,,34056,,,-23.653928,-46.6460365,,,,2,2023-06-19T03:09:23+00:00
SAO_5757-10,São Paulo,3550308,True,,34056,,,-23.691199500000003,-46.639219499999996,,,,2,2023-06-19T03:09:49+00:00
SAO_4708-10,São Paulo,3550308,True,,33100,,,-23.589377499999998,-46.633944,,,,2,2023-06-19T03:09:11+00:00
SAO_4708-10,São Paulo,3550308,True,,33100,,,-23.639317499999997,-46.607468,,,,2,2023-06-19T03:09:10+00:00
SAO_2730-10,São Paulo,3550308,True,,33713,,,-23.519662500000003,-46.469243000000006,,,,2,2023-06-19T03:09:22+00:00
SAO_2730-10,São Paulo,3550308,True,,33713,,,-23.508653125,-46.44959475,,,,2,2023-06-19T03:09:17+00:00
SAO_2730-10,São Paulo,3550308,True,,33713,,,-23.5062605,-46.457139999999995,,,,2,2023-06-19T03:09:17+00:00
SAO_2730-10,São Paulo,3550308,True,,33713,,,-23.5105165,-46.446583499999996,,,,2,2023-06-19T03:09:24+00:00
SAO_6L11-10,São Paulo,3550308,True,,1167,,,-23.73643225,-46.69632274999999,,,,1,2023-06-19T03:09:16+00:00
SAO_6L11-10,São Paulo,3550308,True,,1167,,,-23.7668425,-46.650896625,,,,1,2023-06-19T03:09:44+00:00
SAO_6L11-10,São Paulo,3550308,True,,1167,,,-23.7665875,-46.651020875,,,,1,2023-06-19T03:09:35+00:00
SAO_208V-10,São Paulo,3550308,True,,32975,,,-23.5476865,-46.6292585,,,,2,2023-06-19T03:09:28+00:00
SAO_208V-10,São Paulo,3550308,True,,32975,,,-23.5178825,-46.475722000000005,,,,2,2023-06-19T03:09:18+00:00
SAO_208V-10,São Paulo,3550308,True,,32975,,,-23.518140000000002,-46.4756725,,,,2,2023-06-19T03:09:23+00:00
SAO_208V-10,São Paulo,3550308,True,,32975,,,-23.5476865,-46.6292585,,,,2,2023-06-19T03:09:12+00:00
SAO_208V-10,São Paulo,3550308,True,,32975,,,-23.5184535,-46.475611,,,,2,2023-06-19T03:09:25+00:00
SAO_208V-10,São Paulo,3550308,True,,32975,,,-23.517572,-46.475783,,,,2,2023-06-19T03:09:47+00:00
SAO_208V-10,São Paulo,3550308,True,,32975,,,-23.534955000000004,-46.5795315,,,,2,2023-06-19T03:09:35+00:00
SAO_208V-10,São Paulo,3550308,True,,32975,,,-23.517815499999998,-46.475735,,,,2,2023-06-19T03:09:51+00:00
SAO_208V-10,São Paulo,3550308,True,,32975,,,-23.5476865,-46.6292585,,,,2,2023-06-19T03:09:21+00:00
SAO_208V-10,São Paulo,3550308,True,,32975,,,-23.5476865,-46.6292585,,,,2,2023-06-19T03:09:12+00:00
SAO_208V-10,São Paulo,3550308,True,,32975,,,-23.517678,-46.475762,,,,2,2023-06-19T03:09:23+00:00
SAO_208V-10,São Paulo,3550308,True,,32975,,,-23.5476865,-46.6292585,,,,2,2023-06-19T03:09:38+00:00
SAO_208V-10,São Paulo,3550308,True,,32975,,,-23.5185185,-46.475598,,,,2,2023-06-19T03:09:40+00:00
SAO_208V-10,São Paulo,3550308,True,,32975,,,-23.5476865,-46.6292585,,,,2,2023-06-19T03:09:13+00:00
SAO_208V-10,São Paulo,3550308,True,,32975,,,-23.518385000000002,-46.475624499999995,,,,2,2023-06-19T03:09:42+00:00
SAO_208V-10,São Paulo,3550308,True,,32975,,,-23.5476865,-46.6292585,,,,2,2023-06-19T03:09:14+00:00
SAO_5652-22,São Paulo,3550308,True,,2516,,,-23.716158,-46.688435999999996,,,,1,2023-06-19T03:09:32+00:00
SAO_5652-22,São Paulo,3550308,True,,2516,,,-23.705498499999997,-46.688502,,,,1,2023-06-19T03:09:52+00:00
SAO_5652-22,São Paulo,3550308,True,,2516,,,-23.645371,-46.67331825000001,,,,1,2023-06-19T03:09:50+00:00
SAO_342M-10,São Paulo,3550308,True,,33515,,,-23.547039,-46.540972374999996,,,,2,2023-06-19T03:09:48+00:00
SAO_342M-10,São Paulo,3550308,True,,33515,,,-23.5991515,-46.485439875,,,,2,2023-06-19T03:09:43+00:00
SAO_342M-10,São Paulo,3550308,True,,33515,,,-23.518709,-46.546899499999995,,,,2,2023-06-19T03:09:35+00:00
SAO_342M-10,São Paulo,3550308,True,,33515,,,-23.5991515,-46.485439875,,,,2,2023-06-19T03:09:46+00:00
SAO_342M-10,São Paulo,3550308,True,,33515,,,-23.519413375,-46.547896,,,,2,2023-06-19T03:09:11+00:00
SAO_342M-10,São Paulo,3550308,True,,33515,,,-23.5214985,-46.5498885,,,,2,2023-06-19T03:09:21+00:00
SAO_342M-10,São Paulo,3550308,True,,33515,,,-23.518709,-46.546899499999995,,,,2,2023-06-19T03:09:17+00:00
SAO_5391-10,São Paulo,3550308,True,EMTU,171,https://moovitapp.com/index/pt-br/transporte_p%C3%BAblico-line-171-Sao_Paulo-242-2038937-36419310-0,4.8,-23.679529374999998,-46.764053375,,,,1,2023-06-19T03:07:55+00:00
SAO_5391-10,São Paulo,3550308,True,EMTU,171,https://moovitapp.com/index/pt-br/transporte_p%C3%BAblico-line-171-Sao_Paulo-242-2038937-36419310-0,4.8,-23.630059375000002,-46.68707825,,,,1,2023-06-19T03:09:50+00:00
SAO_5391-10,São Paulo,3550308,True,EMTU,171,https://moovitapp.com/index/pt-br/transporte_p%C3%BAblico-line-171-Sao_Paulo-242-2038937-36419310-0,4.8,-23.6024045,-46.6609895,,,,1,2023-06-19T03:09:43+00:00
SAO_6115-10,São Paulo,3550308,True,,33953,,,-23.753796,-46.687579,,,,2,2023-06-19T03:09:43+00:00
SAO_6115-10,São Paulo,3550308,True,,33953,,,-23.73655,-46.697067000000004,,,,2,2023-06-19T03:09:24+00:00
SAO_6115-10,São Paulo,3550308,True,,33953,,,-23.74273625,-46.65895075,,,,2,2023-06-19T03:09:18+00:00
SAO_6115-10,São Paulo,3550308,True,,33953,,,-23.742504,-46.662045500000005,,,,2,2023-06-19T03:09:39+00:00
SAO_407M-10,São Paulo,3550308,True,,33086,,,-23.5757655,-46.6136105,,,,2,2023-06-19T03:09:41+00:00
SAO_3754-10,São Paulo,3550308,True,,33817,,,-23.5403225,-46.426030875,,,,2,2023-06-19T03:09:13+00:00
SAO_3754-10,São Paulo,3550308,True,,33817,,,-23.551628,-46.40665875,,,,2,2023-06-19T03:09:51+00:00
SAO_3754-10,São Paulo,3550308,True,,33817,,,-23.5738885,-46.3986,,,,2,2023-06-19T03:09:12+00:00
SAO_3754-10,São Paulo,3550308,True,,33817,,,-23.542998,-46.4711105,,,,2,2023-06-19T03:09:41+00:00
SAO_3754-10,São Paulo,3550308,True,,33817,,,-23.572236500000002,-46.399409500000004,,,,2,2023-06-19T03:09:26+00:00
SAO_174M-10,São Paulo,3550308,True,,33441,,,-23.487555999999998,-46.5742625,,,,2,2023-06-19T03:09:34+00:00
SAO_174M-10,São Paulo,3550308,True,,33441,,,-23.4811315,-46.5952465,,,,2,2023-06-19T03:09:29+00:00
SAO_174M-10,São Paulo,3550308,True,,33441,,,-23.524798750000002,-46.62529075,,,,2,2023-06-19T03:09:31+00:00
SAO_174M-10,São Paulo,3550308,True,,33441,,,-23.4880165,-46.574464500000005,,,,2,2023-06-19T03:09:10+00:00
SAO_6003-10,São Paulo,3550308,True,,34240,,,-23.737090000000002,-46.697100000000006,,,,2,2023-06-19T03:09:51+00:00
SAO_6835-10,São Paulo,3550308,True,BR7 Mobilidade,12,https://moovitapp.com/index/pt-br/transporte_p%C3%BAblico-line-12-Sao_Paulo-242-851856-542340-0,5.75,-23.66215,-46.7691005,,,,1,2023-06-19T03:09:15+00:00
SAO_6835-10,São Paulo,3550308,True,BR7 Mobilidade,12,https://moovitapp.com/index/pt-br/transporte_p%C3%BAblico-line-12-Sao_Paulo-242-851856-542340-0,5.75,-23.6879515,-46.800591,,,,1,2023-06-19T03:09:50+00:00
SAO_5362-10,São Paulo,3550308,True,BR7 Mobilidade,70,https://moovitapp.com/index/pt-br/transporte_p%C3%BAblico-line-70-Sao_Paulo-242-851856-2250296-0,5.75,-23.717627,-46.699844,,,,1,2023-06-19T03:09:30+00:00
SAO_5362-10,São Paulo,3550308,True,BR7 Mobilidade,70,https://moovitapp.com/index/pt-br/transporte_p%C3%BAblico-line-70-Sao_Paulo-242-851856-2250296-0,5.75,-23.756238500000002,-46.669761,,,,1,2023-06-19T03:09:24+00:00
SAO_5362-10,São Paulo,3550308,True,BR7 Mobilidade,70,https://moovitapp.com/index/pt-br/transporte_p%C3%BAblico-line-70-Sao_Paulo-242-851856-2250296-0,5.75,-23.65647825,-46.700205874999995,,,,1,2023-06-19T03:09:15+00:00
SAO_5362-10,São Paulo,3550308,True,BR7 Mobilidade,70,https://moovitapp.com/index/pt-br/transporte_p%C3%BAblico-line-70-Sao_Paulo-242-851856-2250296-0,5.75,-23.7445215,-46.670979,,,,1,2023-06-19T03:09:36+00:00
SAO_5362-10,São Paulo,3550308,True,BR7 Mobilidade,70,https://moovitapp.com/index/pt-br/transporte_p%C3%BAblico-line-70-Sao_Paulo-242-851856-2250296-0,5.75,-23.558108125,-46.638202375000006,,,,1,2023-06-19T03:09:18+00:00
SAO_233A-10,São Paulo,3550308,True,EMTU,249,https://moovitapp.com/index/pt-br/transporte_p%C3%BAblico-line-249-Sao_Paulo-242-2038937-58093193-0,5.4,-23.5337215,-46.4633,,,,1,2023-06-19T03:09:13+00:00
SAO_233A-10,São Paulo,3550308,True,EMTU,249,https://moovitapp.com/index/pt-br/transporte_p%C3%BAblico-line-249-Sao_Paulo-242-2038937-58093193-0,5.4,-23.558199000000002,-46.522121,,,,1,2023-06-19T03:09:36+00:00
SAO_233A-10,São Paulo,3550308,True,EMTU,249,https://moovitapp.com/index/pt-br/transporte_p%C3%BAblico-line-249-Sao_Paulo-242-2038937-58093193-0,5.4,-23.47955875,-46.422571250000004,,,,1,2023-06-19T03:08:26+00:00
SAO_5154-10,São Paulo,3550308,True,,33121,,,-23.628553249999996,-46.708149750000004,,,,2,2023-06-19T03:09:40+00:00
SAO_5154-10,São Paulo,3550308,True,,33121,,,-23.57699025,-46.656779,,,,2,2023-06-19T03:09:54+00:00
SAO_957T-10,São Paulo,3550308,True,,33232,,,-23.522880999999998,-46.735932250000005,,,,2,2023-06-19T03:09:10+00:00
SAO_957T-10,São Paulo,3550308,True,,33232,,,-23.596265125000002,-46.680960625000004,,,,2,2023-06-19T03:09:34+00:00
SAO_6805-10,São Paulo,3550308,True,,32799,,,-23.6616255,-46.7499585,,,,2,2023-06-19T03:09:39+00:00
SAO_6805-10,São Paulo,3550308,True,,32799,,,-23.6541735,-46.763611,,,,2,2023-06-19T03:09:13+00:00
SAO_6805-10,São Paulo,3550308,True,,32799,,,-23.6540545,-46.763478,,,,2,2023-06-19T03:09:41+00:00
SAO_6837-10,São Paulo,3550308,True,,32774,,,-23.636105999999998,-46.75953475,,,,2,2023-06-19T03:09:41+00:00
SAO_6837-10,São Paulo,3550308,True,,32774,,,-23.615714,-46.740030000000004,,,,2,2023-06-19T03:09:32+00:00
SAO_6055-10,São Paulo,3550308,True,,33914,,,-23.757628,-46.706243,,,,2,2023-06-19T03:09:26+00:00
SAO_6055-10,São Paulo,3550308,True,,33914,,,-23.6975755,-46.700532125,,,,2,2023-06-19T03:09:09+00:00
SAO_2290-10,São Paulo,3550308,True,,718,,,-23.6131955,-46.476123,,,,1,2023-06-19T03:09:26+00:00
SAO_2290-10,São Paulo,3550308,True,,718,,,-23.5829775,-46.4962375,,,,1,2023-06-19T03:09:18+00:00
SAO_2290-10,São Paulo,3550308,True,,718,,,-23.550228,-46.6422055,,,,1,2023-06-19T03:09:47+00:00
SAO_2290-10,São Paulo,3550308,True,,718,,,-23.535142625,-46.58197975,,,,1,2023-06-19T03:09:41+00:00
SAO_2290-10,São Paulo,3550308,True,,718,,,-23.5504945,-46.533274500000005,,,,1,2023-06-19T03:09:14+00:00
SAO_2290-10,São Paulo,3550308,True,,718,,,-23.6124515,-46.475421999999995,,,,1,2023-06-19T03:09:16+00:00
SAO_2290-10,São Paulo,3550308,True,,718,,,-23.546634500000003,-46.6300045,,,,1,2023-06-19T03:09:48+00:00
SAO_2290-10,São Paulo,3550308,True,,718,,,-23.546634500000003,-46.6300045,,,,1,2023-06-19T03:09:37+00:00
SAO_2290-10,São Paulo,3550308,True,,718,,,-23.541223625,-46.62856075,,,,1,2023-06-19T03:09:23+00:00
SAO_5129-41,São Paulo,3550308,True,,34742,,,-23.662676,-46.6622165,,,,2,2023-06-19T03:09:44+00:00
SAO_5129-41,São Paulo,3550308,True,,34742,,,-23.6807545,-46.636931000000004,,,,2,2023-06-19T03:09:38+00:00
SAO_5129-41,São Paulo,3550308,True,,34742,,,-23.680512,-46.636660000000006,,,,2,2023-06-19T03:09:43+00:00
SAO_351F-10,São Paulo,3550308,True,,33455,,,-23.4607885,-46.5831555,,,,2,2023-06-19T03:09:26+00:00
SAO_351F-10,São Paulo,3550308,True,,33455,,,-23.4953085,-46.577716,,,,2,2023-06-19T03:09:26+00:00
SAO_6083-10,São Paulo,3550308,True,,34501,,,-23.7532605,-46.670314,,,,2,2023-06-19T03:09:41+00:00
SAO_6083-10,São Paulo,3550308,True,,34501,,,-23.7533765,-46.6701475,,,,2,2023-06-19T03:09:44+00:00
SAO_6083-10,São Paulo,3550308,True,,34501,,,-23.754600250000003,-46.667077250000006,,,,2,2023-06-19T03:09:44+00:00
SAO_4032-10,São Paulo,3550308,True,,1102,,,-23.6251855,-46.615260500000005,,,,1,2023-06-19T03:09:38+00:00
SAO_4032-10,São Paulo,3550308,True,,1102,,,-23.628401,-46.6002985,,,,1,2023-06-19T03:09:26+00:00
SAO_4032-10,São Paulo,3550308,True,,1102,,,-23.60390875,-46.649165249999996,,,,1,2023-06-19T03:09:19+00:00
SAO_2014-10,São Paulo,3550308,True,Urubupungá,900,https://moovitapp.com/index/pt-br/transporte_p%C3%BAblico-line-900-Sao_Paulo-242-873835-496470-0,4.6,-23.457081000000002,-46.669748,,,,1,2023-06-19T03:09:30+00:00
SAO_2014-10,São Paulo,3550308,True,Urubupungá,900,https://moovitapp.com/index/pt-br/transporte_p%C3%BAblico-line-900-Sao_Paulo-242-873835-496470-0,4.6,-23.457081000000002,-46.669748,,,,1,2023-06-19T03:09:35+00:00
SAO_2014-10,São Paulo,3550308,True,Urubupungá,900,https://moovitapp.com/index/pt-br/transporte_p%C3%BAblico-line-900-Sao_Paulo-242-873835-496470-0,4.6,-23.457081000000002,-46.669748,,,,1,2023-06-19T03:09:45+00:00
SAO_2014-10,São Paulo,3550308,True,Urubupungá,900,https://moovitapp.com/index/pt-br/transporte_p%C3%BAblico-line-900-Sao_Paulo-242-873835-496470-0,4.6,-23.5267555,-46.6662685,,,,1,2023-06-19T03:09:22+00:00
SAO_2014-10,São Paulo,3550308,True,Urubupungá,900,https://moovitapp.com/index/pt-br/transporte_p%C3%BAblico-line-900-Sao_Paulo-242-873835-496470-0,4.6,-23.457081000000002,-46.669748,,,,1,2023-06-19T03:09:13+00:00
SAO_2014-10,São Paulo,3550308,True,Urubupungá,900,https://moovitapp.com/index/pt-br/transporte_p%C3%BAblico-line-900-Sao_Paulo-242-873835-496470-0,4.6,-23.457081000000002,-46.669748,,,,1,2023-06-19T03:09:34+00:00
SAO_2014-10,São Paulo,3550308,True,Urubupungá,900,https://moovitapp.com/index/pt-br/transporte_p%C3%BAblico-line-900-Sao_Paulo-242-873835-496470-0,4.6,-23.457081000000002,-46.669748,,,,1,2023-06-19T03:09:53+00:00
SAO_2014-10,São Paulo,3550308,True,Urubupungá,900,https://moovitapp.com/index/pt-br/transporte_p%C3%BAblico-line-900-Sao_Paulo-242-873835-496470-0,4.6,-23.457081000000002,-46.669748,,,,1,2023-06-19T03:09:35+00:00
SAO_2014-10,São Paulo,3550308,True,Urubupungá,900,https://moovitapp.com/index/pt-br/transporte_p%C3%BAblico-line-900-Sao_Paulo-242-873835-496470-0,4.6,-23.494426500000003,-46.661634750000005,,,,1,2023-06-19T03:09:19+00:00
SAO_2014-10,São Paulo,3550308,True,Urubupungá,900,https://moovitapp.com/index/pt-br/transporte_p%C3%BAblico-line-900-Sao_Paulo-242-873835-496470-0,4.6,-23.457081000000002,-46.669748,,,,1,2023-06-19T03:09:53+00:00
SAO_2014-10,São Paulo,3550308,True,Urubupungá,900,https://moovitapp.com/index/pt-br/transporte_p%C3%BAblico-line-900-Sao_Paulo-242-873835-496470-0,4.6,-23.457081000000002,-46.669748,,,,1,2023-06-19T03:09:11+00:00
SAO_2014-10,São Paulo,3550308,True,Urubupungá,900,https://moovitapp.com/index/pt-br/transporte_p%C3%BAblico-line-900-Sao_Paulo-242-873835-496470-0,4.6,-23.457081000000002,-46.669748,,,,1,2023-06-19T03:09:42+00:00
SAO_2014-10,São Paulo,3550308,True,Urubupungá,900,https://moovitapp.com/index/pt-br/transporte_p%C3%BAblico-line-900-Sao_Paulo-242-873835-496470-0,4.6,-23.457081000000002,-46.669748,,,,1,2023-06-19T03:09:26+00:00
SAO_2014-10,São Paulo,3550308,True,Urubupungá,900,https://moovitapp.com/index/pt-br/transporte_p%C3%BAblico-line-900-Sao_Paulo-242-873835-496470-0,4.6,-23.457081000000002,-46.669748,,,,1,2023-06-19T03:09:47+00:00
SAO_2014-10,São Paulo,3550308,True,Urubupungá,900,https://moovitapp.com/index/pt-br/transporte_p%C3%BAblico-line-900-Sao_Paulo-242-873835-496470-0,4.6,-23.457081000000002,-46.669748,,,,1,2023-06-19T03:09:18+00:00
SAO_2014-10,São Paulo,3550308,True,Urubupungá,900,https://moovitapp.com/index/pt-br/transporte_p%C3%BAblico-line-900-Sao_Paulo-242-873835-496470-0,4.6,-23.457081000000002,-46.669748,,,,1,2023-06-19T03:09:29+00:00
SAO_4027-10,São Paulo,3550308,True,,1097,,,-23.641898,-46.438882500000005,,,,1,2023-06-19T03:09:40+00:00
SAO_4027-10,São Paulo,3550308,True,,1097,,,-23.593209,-46.4896265,,,,1,2023-06-19T03:09:48+00:00
SAO_4027-10,São Paulo,3550308,True,,1097,,,-23.641877,-46.439374,,,,1,2023-06-19T03:09:20+00:00
SAO_4027-10,São Paulo,3550308,True,,1097,,,-23.6417645,-46.439601,,,,1,2023-06-19T03:04:41+00:00
SAO_3539-10,São Paulo,3550308,True,,33516,,,-23.602446,-46.39808,,,,2,2023-06-19T03:09:15+00:00
SAO_3539-10,São Paulo,3550308,True,,33516,,,-23.532520750000003,-46.53608475,,,,2,2023-06-19T03:09:29+00:00
SAO_3539-10,São Paulo,3550308,True,,33516,,,-23.568934749999997,-46.461384249999995,,,,2,2023-06-19T03:08:57+00:00
SAO_3539-10,São Paulo,3550308,True,,33516,,,-23.592865250000003,-46.40673075000001,,,,2,2023-06-19T03:09:17+00:00
SAO_637A-10,São Paulo,3550308,True,,32953,,,-23.690812,-46.77459,,,,2,2023-06-19T03:09:22+00:00
SAO_637A-10,São Paulo,3550308,True,,32953,,,-23.690684,-46.774680000000004,,,,2,2023-06-19T03:09:48+00:00
SAO_637A-10,São Paulo,3550308,True,,32953,,,-23.6901525,-46.774198999999996,,,,2,2023-06-19T03:09:22+00:00
SAO_637A-10,São Paulo,3550308,True,,32953,,,-23.5809395,-46.684903250000005,,,,2,2023-06-19T03:09:48+00:00
SAO_637A-10,São Paulo,3550308,True,,32953,,,-23.689751,-46.773829500000005,,,,2,2023-06-19T03:09:51+00:00
SAO_647A-10,São Paulo,3550308,True,,34083,,,-23.686614499999997,-46.7998645,,,,2,2023-06-19T03:09:21+00:00
SAO_647A-10,São Paulo,3550308,True,,34083,,,-23.63488975,-46.7370035,,,,2,2023-06-19T03:09:38+00:00
SAO_647A-10,São Paulo,3550308,True,,34083,,,-23.5672275,-46.693839499999996,,,,2,2023-06-19T03:09:30+00:00
SAO_647A-10,São Paulo,3550308,True,,34083,,,-23.6945095,-46.7940355,,,,2,2023-06-19T03:09:53+00:00
SAO_6451-10,São Paulo,3550308,True,,61,,,-23.5806045,-46.6807885,,,,1,2023-06-19T03:09:12+00:00
SAO_6451-10,São Paulo,3550308,True,,61,,,-23.6440495,-46.7252575,,,,1,2023-06-19T03:09:12+00:00
SAO_3160-10,São Paulo,3550308,True,EMTU,125,https://moovitapp.com/index/pt-br/transporte_p%C3%BAblico-line-125-Sao_Paulo-242-2038937-36419283-0,5.15,-23.5838375,-46.584777,,,,1,2023-06-19T03:09:50+00:00
SAO_3160-10,São Paulo,3550308,True,EMTU,125,https://moovitapp.com/index/pt-br/transporte_p%C3%BAblico-line-125-Sao_Paulo-242-2038937-36419283-0,5.15,-23.554962375000002,-46.60574425,,,,1,2023-06-19T03:09:53+00:00
SAO_3160-10,São Paulo,3550308,True,EMTU,125,https://moovitapp.com/index/pt-br/transporte_p%C3%BAblico-line-125-Sao_Paulo-242-2038937-36419283-0,5.15,-23.5838375,-46.584777,,,,1,2023-06-19T03:09:30+00:00
SAO_4051-10,São Paulo,3550308,True,,2144,,,-23.5591695,-46.3996545,,,,1,2023-06-19T03:08:03+00:00
SAO_4051-10,São Paulo,3550308,True,,2144,,,-23.5586415,-46.3999075,,,,1,2023-06-19T03:09:47+00:00
SAO_4051-10,São Paulo,3550308,True,,2144,,,-23.561616,-46.401831,,,,1,2023-06-19T03:09:20+00:00
SAO_4051-10,São Paulo,3550308,True,,2144,,,-23.561616,-46.401831,,,,1,2023-06-19T03:09:37+00:00
SAO_2014-10,São Paulo,3550308,True,,33668,,,-23.528572500000003,-46.6758365,,,,2,2023-06-19T03:09:45+00:00
SAO_2014-10,São Paulo,3550308,True,,33668,,,-23.5025255,-46.6589465,,,,2,2023-06-19T03:09:13+00:00
SAO_2014-10,São Paulo,3550308,True,,33668,,,-23.457437,-46.670062,,,,2,2023-06-19T03:09:27+00:00
SAO_2014-10,São Paulo,3550308,True,,33668,,,-23.4688205,-46.6674365,,,,2,2023-06-19T03:09:13+00:00
SAO_2014-10,São Paulo,3550308,True,,33668,,,-23.457518,-46.670135,,,,2,2023-06-19T03:09:17+00:00
SAO_5164-21,São Paulo,3550308,True,,34384,,,-23.59718625,-46.6373885,,,,2,2023-06-19T03:09:40+00:00
SAO_5164-21,São Paulo,3550308,True,,34384,,,-23.646586749999997,-46.645936000000006,,,,2,2023-06-19T03:09:42+00:00
SAO_5164-21,São Paulo,3550308,True,,34384,,,-23.6526215,-46.6461985,,,,2,2023-06-19T03:09:29+00:00
SAO_7053-10,São Paulo,3550308,True,,34655,,,-23.653941000000003,-46.78870825,,,,2,2023-06-19T03:09:43+00:00
SAO_7053-10,São Paulo,3550308,True,,34655,,,-23.653941000000003,-46.78870825,,,,2,2023-06-19T03:08:45+00:00
SAO_7053-10,São Paulo,3550308,True,,34655,,,-23.653941000000003,-46.78870825,,,,2,2023-06-19T03:09:47+00:00
SAO_7053-10,São Paulo,3550308,True,,34655,,,-23.653821999999998,-46.789015000000006,,,,2,2023-06-19T03:09:29+00:00
SAO_7053-10,São Paulo,3550308,True,,34655,,,-23.653821999999998,-46.789015000000006,,,,2,2023-06-19T03:09:30+00:00
SAO_3751-10,São Paulo,3550308,True,,33815,,,-23.5695605,-46.4102685,,,,2,2023-06-19T03:09:31+00:00
SAO_3751-10,São Paulo,3550308,True,,33815,,,-23.5670345,-46.418606499999996,,,,2,2023-06-19T03:09:15+00:00
SAO_3751-10,São Paulo,3550308,True,,33815,,,-23.552286000000002,-46.4420335,,,,2,2023-06-19T03:09:50+00:00
SAO_971C-10,São Paulo,3550308,True,,571,,,-23.446482000000003,-46.7042455,,,,1,2023-06-19T03:07:29+00:00
SAO_971C-10,São Paulo,3550308,True,,571,,,-23.501604,-46.624865,,,,1,2023-06-19T03:09:40+00:00
SAO_971C-10,São Paulo,3550308,True,,571,,,-23.4437535,-46.7127525,,,,1,2023-06-19T03:09:14+00:00
SAO_7005-51,São Paulo,3550308,True,,1999,,,-23.728915,-46.78610225,,,,1,2023-06-19T03:09:26+00:00
SAO_7005-51,São Paulo,3550308,True,,1999,,,-23.673824,-46.7736285,,,,1,2023-06-19T03:09:23+00:00
SAO_7005-51,São Paulo,3550308,True,,1999,,,-23.718654,-46.7846245,,,,1,2023-06-19T03:09:22+00:00
SAO_7005-51,São Paulo,3550308,True,,1999,,,-23.718654,-46.7846245,,,,1,2023-06-19T03:09:16+00:00
SAO_9789-10,São Paulo,3550308,True,,829,,,-23.471452499999998,-46.691846,,,,1,2023-06-19T03:09:35+00:00
SAO_9789-10,São Paulo,3550308,True,,829,,,-23.51759475,-46.66717575,,,,1,2023-06-19T03:09:18+00:00
SAO_573A-10,São Paulo,3550308,True,,34405,,,-23.5579055,-46.600278,,,,2,2023-06-19T03:08:54+00:00
SAO_573A-10,São Paulo,3550308,True,,34405,,,-23.58658225,-46.58115075,,,,2,2023-06-19T03:09:20+00:00
SAO_875C-10,São Paulo,3550308,True,,33246,,,-23.599600000000002,-46.6372275,,,,2,2023-06-19T03:09:35+00:00
SAO_875C-10,São Paulo,3550308,True,,33246,,,-23.5241635,-46.701959,,,,2,2023-06-19T03:09:13+00:00
SAO_875C-10,São Paulo,3550308,True,,33246,,,-23.584395875,-46.673928625,,,,2,2023-06-19T03:09:51+00:00
SAO_6047-10,São Paulo,3550308,True,,1224,,,-23.6686645,-46.763990500000006,,,,1,2023-06-19T03:09:33+00:00
SAO_6047-10,São Paulo,3550308,True,,1224,,,-23.638312125000002,-46.720681375,,,,1,2023-06-19T03:09:35+00:00
SAO_6047-10,São Paulo,3550308,True,,1224,,,-23.6689225,-46.764298999999994,,,,1,2023-06-19T03:09:46+00:00
SAO_8549-10,São Paulo,3550308,True,EMTU,580,https://moovitapp.com/index/pt-br/transporte_p%C3%BAblico-line-580-Sao_Paulo-242-2038937-36419570-0,7.55,-23.493916,-46.6919285,,,,1,2023-06-19T03:09:42+00:00
SAO_8549-10,São Paulo,3550308,True,EMTU,580,https://moovitapp.com/index/pt-br/transporte_p%C3%BAblico-line-580-Sao_Paulo-242-2038937-36419570-0,7.55,-23.542703,-46.636098,,,,1,2023-06-19T03:09:17+00:00
SAO_3731-10,São Paulo,3550308,True,,1028,,,-23.539874,-46.516463,,,,1,2023-06-19T03:09:14+00:00
SAO_3731-10,São Paulo,3550308,True,,1028,,,-23.53588175,-46.520120500000004,,,,1,2023-06-19T03:08:06+00:00
SAO_3731-10,São Paulo,3550308,True,,1028,,,-23.54011525,-46.51618425,,,,1,2023-06-19T03:09:21+00:00
SAO_3731-10,São Paulo,3550308,True,,1028,,,-23.5548115,-46.5151905,,,,1,2023-06-19T03:07:44+00:00
SAO_3731-10,São Paulo,3550308,True,,1028,,,-23.549888,-46.513354,,,,1,2023-06-19T03:09:12+00:00
SAO_3731-10,São Paulo,3550308,True,,1028,,,-23.539437,-46.5168635,,,,1,2023-06-19T03:09:29+00:00
SAO_3731-10,São Paulo,3550308,True,,1028,,,-23.539611999999998,-46.516724999999994,,,,1,2023-06-19T03:09:31+00:00
SAO_3731-10,São Paulo,3550308,True,,1028,,,-23.54011525,-46.51618425,,,,1,2023-06-19T03:09:47+00:00
SAO_372F-10,São Paulo,3550308,True,,33783,,,-23.552103000000002,-46.598889,,,,2,2023-06-19T03:09:16+00:00
SAO_372F-10,São Paulo,3550308,True,,33783,,,-23.552103000000002,-46.598889,,,,2,2023-06-19T03:09:23+00:00
SAO_573A-10,São Paulo,3550308,True,,1637,,,-23.590500499999997,-46.5817555,,,,1,2023-06-19T03:09:39+00:00
SAO_573A-10,São Paulo,3550308,True,,1637,,,-23.56362,-46.5971825,,,,1,2023-06-19T03:09:27+00:00
SAO_746R-10,São Paulo,3550308,True,,790,,,-23.640268250000002,-46.72611225,,,,1,2023-06-19T03:09:52+00:00
SAO_6913-10,São Paulo,3550308,True,,34233,,,-23.7666665,-46.717319,,,,2,2023-06-19T03:09:14+00:00
SAO_6913-10,São Paulo,3550308,True,,34233,,,-23.6304305,-46.690352000000004,,,,2,2023-06-19T03:09:19+00:00
SAO_6913-10,São Paulo,3550308,True,,34233,,,-23.76728,-46.716530500000005,,,,2,2023-06-19T03:09:07+00:00
SAO_6913-10,São Paulo,3550308,True,,34233,,,-23.76714475,-46.71695750000001,,,,2,2023-06-19T03:09:29+00:00
SAO_6913-10,São Paulo,3550308,True,,34233,,,-23.74022625,-46.703695999999994,,,,2,2023-06-19T03:09:34+00:00
SAO_6913-10,São Paulo,3550308,True,,34233,,,-23.58729175,-46.67156075,,,,2,2023-06-19T03:09:24+00:00
SAO_271C-10,São Paulo,3550308,True,STT,682,https://moovitapp.com/index/pt-br/transporte_p%C3%BAblico-line-682-Sao_Paulo-242-850661-183336-0,5.3,-23.523525499999998,-46.583436500000005,,,,1,2023-06-19T03:09:08+00:00
SAO_271C-10,São Paulo,3550308,True,STT,682,https://moovitapp.com/index/pt-br/transporte_p%C3%BAblico-line-682-Sao_Paulo-242-850661-183336-0,5.3,-23.524208375,-46.627973125000004,,,,1,2023-06-19T03:09:52+00:00
SAO_4029-10,São Paulo,3550308,True,,1099,,,-23.5796845,-46.571298999999996,,,,1,2023-06-19T03:09:25+00:00
SAO_4029-10,São Paulo,3550308,True,,1099,,,-23.5989185,-46.517005499999996,,,,1,2023-06-19T03:09:43+00:00
SAO_2731-10,São Paulo,3550308,True,,946,,,-23.515141,-46.433831,,,,1,2023-06-19T03:08:59+00:00
SAO_2731-10,São Paulo,3550308,True,,946,,,-23.517191500000003,-46.438682,,,,1,2023-06-19T03:09:34+00:00
SAO_2731-10,São Paulo,3550308,True,,946,,,-23.541947,-46.470782,,,,1,2023-06-19T03:09:27+00:00
SAO_2731-10,São Paulo,3550308,True,,946,,,-23.518249,-46.439041,,,,1,2023-06-19T03:09:45+00:00
SAO_8600-10,São Paulo,3550308,True,,1432,,,-23.540457500000002,-46.6395815,,,,1,2023-06-19T03:09:46+00:00
SAO_8600-10,São Paulo,3550308,True,,1432,,,-23.494314,-46.7092325,,,,1,2023-06-19T03:09:24+00:00
SAO_5791-21,São Paulo,3550308,True,,35231,,,-23.71619,-46.62593,,,,2,2023-06-19T03:09:49+00:00
SAO_5791-21,São Paulo,3550308,True,,35231,,,-23.654085875,-46.63703100000001,,,,2,2023-06-19T03:09:39+00:00
SAO_5791-21,São Paulo,3550308,True,,35231,,,-23.6974855,-46.628835,,,,2,2023-06-19T03:09:01+00:00
SAO_5791-21,São Paulo,3550308,True,,35231,,,-23.71619,-46.62593,,,,2,2023-06-19T03:09:45+00:00
SAO_5791-21,São Paulo,3550308,True,,35231,,,-23.71619,-46.62593,,,,2,2023-06-19T03:09:30+00:00
SAO_5791-21,São Paulo,3550308,True,,35231,,,-23.71619,-46.62593,,,,2,2023-06-19T03:09:16+00:00
SAO_5791-21,São Paulo,3550308,True,,35231,,,-23.71619,-46.62593,,,,2,2023-06-19T03:09:20+00:00
SAO_5791-21,São Paulo,3550308,True,,35231,,,-23.71619,-46.62593,,,,2,2023-06-19T03:09:11+00:00
SAO_2703-10,São Paulo,3550308,True,,33683,,,-23.529125,-46.4206985,,,,2,2023-06-19T03:09:43+00:00
SAO_2703-10,São Paulo,3550308,True,,33683,,,-23.52829725,-46.446426,,,,2,2023-06-19T03:09:41+00:00
SAO_2703-10,São Paulo,3550308,True,,33683,,,-23.52367125,-46.42940175,,,,2,2023-06-19T03:09:43+00:00
SAO_2703-10,São Paulo,3550308,True,,33683,,,-23.542535,-46.472616,,,,2,2023-06-19T03:09:52+00:00
SAO_5032-10,São Paulo,3550308,True,,34430,,,-23.636254,-46.5934965,,,,2,2023-06-19T03:09:47+00:00
SAO_5032-10,São Paulo,3550308,True,,34430,,,-23.604837,-46.5944245,,,,2,2023-06-19T03:09:27+00:00
SAO_253F-10,São Paulo,3550308,True,,32926,,,-23.613302,-46.4764105,,,,2,2023-06-19T03:09:11+00:00
SAO_253F-10,São Paulo,3550308,True,,32926,,,-23.5993135,-46.4690495,,,,2,2023-06-19T03:09:22+00:00
SAO_253F-10,São Paulo,3550308,True,,32926,,,-23.518140000000002,-46.4756725,,,,2,2023-06-19T03:09:15+00:00
SAO_253F-10,São Paulo,3550308,True,,32926,,,-23.613302,-46.4764105,,,,2,2023-06-19T03:09:39+00:00
SAO_253F-10,São Paulo,3550308,True,,32926,,,-23.575048499999998,-46.450953625,,,,2,2023-06-19T03:08:43+00:00
SAO_253F-10,São Paulo,3550308,True,,32926,,,-23.515639125,-46.46539025,,,,2,2023-06-19T03:09:34+00:00
SAO_253F-10,São Paulo,3550308,True,,32926,,,-23.5180825,-46.4756835,,,,2,2023-06-19T03:09:14+00:00
SAO_253F-10,São Paulo,3550308,True,,32926,,,-23.613302,-46.4764105,,,,2,2023-06-19T03:09:51+00:00
SAO_253F-10,São Paulo,3550308,True,,32926,,,-23.613302,-46.4764105,,,,2,2023-06-19T03:09:49+00:00
SAO_6037-10,São Paulo,3550308,True,,33983,,,-23.64887075,-46.78563725,,,,2,2023-06-19T03:09:51+00:00
SAO_6037-10,São Paulo,3550308,True,,33983,,,-23.64904925,-46.78534475,,,,2,2023-06-19T03:09:29+00:00
SAO_6037-10,São Paulo,3550308,True,,33983,,,-23.64904925,-46.78534475,,,,2,2023-06-19T03:09:39+00:00
SAO_6037-10,São Paulo,3550308,True,,33983,,,-23.64835625,-46.78649075,,,,2,2023-06-19T03:09:48+00:00
SAO_6037-10,São Paulo,3550308,True,,33983,,,-23.6488675,-46.7535655,,,,2,2023-06-19T03:09:36+00:00
SAO_6037-10,São Paulo,3550308,True,,33983,,,-23.649529,-46.707288000000005,,,,2,2023-06-19T03:09:36+00:00
SAO_6037-10,São Paulo,3550308,True,,33983,,,-23.64887075,-46.78563725,,,,2,2023-06-19T03:09:19+00:00
SAO_6037-10,São Paulo,3550308,True,,33983,,,-23.64887075,-46.78563725,,,,2,2023-06-19T03:09:31+00:00
SAO_778R-10,São Paulo,3550308,True,,33277,,,-23.563919,-46.6774145,,,,2,2023-06-19T03:09:49+00:00
SAO_778R-10,São Paulo,3550308,True,,33277,,,-23.585752,-46.80545,,,,2,2023-06-19T03:09:47+00:00
SAO_778R-10,São Paulo,3550308,True,,33277,,,-23.56096925,-46.672933,,,,2,2023-06-19T03:09:52+00:00
SAO_746H-10,São Paulo,3550308,True,STT,785,https://moovitapp.com/index/pt-br/transporte_p%C3%BAblico-line-785-Sao_Paulo-242-850661-183353-0,5.3,-23.6491045,-46.7063595,,,,1,2023-06-19T03:09:43+00:00
SAO_746H-10,São Paulo,3550308,True,STT,785,https://moovitapp.com/index/pt-br/transporte_p%C3%BAblico-line-785-Sao_Paulo-242-850661-183353-0,5.3,-23.63488975,-46.7370035,,,,1,2023-06-19T03:09:45+00:00
SAO_746H-10,São Paulo,3550308,True,STT,785,https://moovitapp.com/index/pt-br/transporte_p%C3%BAblico-line-785-Sao_Paulo-242-850661-183353-0,5.3,-23.5936725,-46.753572500000004,,,,1,2023-06-19T03:09:22+00:00
SAO_746H-10,São Paulo,3550308,True,STT,785,https://moovitapp.com/index/pt-br/transporte_p%C3%BAblico-line-785-Sao_Paulo-242-850661-183353-0,5.3,-23.6492675,-46.7064685,,,,1,2023-06-19T03:09:51+00:00
SAO_5021-10,São Paulo,3550308,True,,34435,,,-23.63149525,-46.623358749999994,,,,2,2023-06-19T03:09:19+00:00
SAO_737A-10,São Paulo,3550308,True,,1730,,,-23.669687500000002,-46.736403499999994,,,,1,2023-06-19T03:09:16+00:00
SAO_737A-10,São Paulo,3550308,True,,1730,,,-23.68714725,-46.77138625,,,,1,2023-06-19T03:09:27+00:00
SAO_737A-10,São Paulo,3550308,True,,1730,,,-23.666048124999996,-46.714824750000005,,,,1,2023-06-19T03:09:46+00:00
SAO_737A-10,São Paulo,3550308,True,,1730,,,-23.654031,-46.708998,,,,1,2023-06-19T03:09:13+00:00
SAO_737A-10,São Paulo,3550308,True,,1730,,,-23.6541015,-46.7120065,,,,1,2023-06-19T03:09:45+00:00
SAO_4085-10,São Paulo,3550308,True,,2156,,,-23.5423965,-46.469851,,,,1,2023-06-19T03:09:44+00:00
SAO_7002-10,São Paulo,3550308,True,,772,,,-23.5900615,-46.770019500000004,,,,1,2023-06-19T03:04:24+00:00
SAO_7002-10,São Paulo,3550308,True,,772,,,-23.570155,-46.697888250000005,,,,1,2023-06-19T03:09:36+00:00
SAO_7002-10,São Paulo,3550308,True,,772,,,-23.5938665,-46.763686,,,,1,2023-06-19T03:09:14+00:00
SAO_372U-10,São Paulo,3550308,True,,1016,,,-23.555517000000002,-46.560852999999994,,,,1,2023-06-19T03:09:33+00:00
SAO_372U-10,São Paulo,3550308,True,,1016,,,-23.564648,-46.5464445,,,,1,2023-06-19T03:09:27+00:00
SAO_372U-10,São Paulo,3550308,True,,1016,,,-23.5410925,-46.577089,,,,1,2023-06-19T03:09:47+00:00
SAO_948A-10,São Paulo,3550308,True,,1423,,,-23.506747,-46.7131555,,,,1,2023-06-19T03:09:51+00:00
SAO_476G-10,São Paulo,3550308,True,,1111,,,-23.589088249999996,-46.6202105,,,,1,2023-06-19T03:09:49+00:00
SAO_476G-10,São Paulo,3550308,True,,1111,,,-23.614385,-46.50312649999999,,,,1,2023-06-19T03:09:23+00:00
SAO_9785-10,São Paulo,3550308,True,,828,,,-23.4561785,-46.698985,,,,1,2023-06-19T03:09:42+00:00
SAO_9785-10,São Paulo,3550308,True,,828,,,-23.505005750000002,-46.69241025,,,,1,2023-06-19T03:09:24+00:00
SAO_9785-10,São Paulo,3550308,True,,828,,,-23.4561785,-46.698985,,,,1,2023-06-19T03:09:16+00:00
SAO_9785-10,São Paulo,3550308,True,,828,,,-23.5263985,-46.665847,,,,1,2023-06-19T03:09:37+00:00
SAO_9032-10,São Paulo,3550308,True,STT,880,https://moovitapp.com/index/pt-br/transporte_p%C3%BAblico-line-880-Sao_Paulo-242-850661-183362-0,5.3,-23.4462385,-46.692054,,,,1,2023-06-19T03:09:21+00:00
SAO_9032-10,São Paulo,3550308,True,STT,880,https://moovitapp.com/index/pt-br/transporte_p%C3%BAblico-line-880-Sao_Paulo-242-850661-183362-0,5.3,-23.473550250000002,-46.670976249999995,,,,1,2023-06-19T03:09:19+00:00
SAO_233C-10,São Paulo,3550308,True,,32923,,,-23.519024125,-46.475913874999996,,,,2,2023-06-19T03:09:30+00:00
SAO_233C-10,São Paulo,3550308,True,,32923,,,-23.519428875000003,-46.475841124999995,,,,2,2023-06-19T03:09:44+00:00
SAO_233C-10,São Paulo,3550308,True,,32923,,,-23.569039,-46.540398999999994,,,,2,2023-06-19T03:09:16+00:00
SAO_6006-10,São Paulo,3550308,True,EMTU,175,https://moovitapp.com/index/pt-br/transporte_p%C3%BAblico-line-175-Sao_Paulo-242-2038937-36419312-0,6.25,-23.6922335,-46.757836499999996,,,,1,2023-06-19T03:09:38+00:00
SAO_6006-10,São Paulo,3550308,True,EMTU,175,https://moovitapp.com/index/pt-br/transporte_p%C3%BAblico-line-175-Sao_Paulo-242-2038937-36419312-0,6.25,-23.6849995,-46.751832500000006,,,,1,2023-06-19T03:09:42+00:00
SAO_6006-10,São Paulo,3550308,True,EMTU,175,https://moovitapp.com/index/pt-br/transporte_p%C3%BAblico-line-175-Sao_Paulo-242-2038937-36419312-0,6.25,-23.677397499999998,-46.6854505,,,,1,2023-06-19T03:09:42+00:00
SAO_6084-10,São Paulo,3550308,True,,33937,,,-23.7812805,-46.67209375,,,,2,2023-06-19T03:04:36+00:00
SAO_6084-10,São Paulo,3550308,True,,33937,,,-23.7812805,-46.67209375,,,,2,2023-06-19T03:09:40+00:00
SAO_6084-10,São Paulo,3550308,True,,33937,,,-23.7812805,-46.67209375,,,,2,2023-06-19T03:09:21+00:00
SAO_6084-10,São Paulo,3550308,True,,33937,,,-23.7812805,-46.67209375,,,,2,2023-06-19T03:09:12+00:00
SAO_6084-10,São Paulo,3550308,True,,33937,,,-23.7812805,-46.67209375,,,,2,2023-06-19T03:09:40+00:00
SAO_6084-10,São Paulo,3550308,True,,33937,,,-23.7812805,-46.67209375,,,,2,2023-06-19T03:09:45+00:00
SAO_6084-10,São Paulo,3550308,True,,33937,,,-23.7803325,-46.673494500000004,,,,2,2023-06-19T03:09:20+00:00
SAO_6084-10,São Paulo,3550308,True,,33937,,,-23.7812805,-46.67209375,,,,2,2023-06-19T03:09:25+00:00
SAO_6084-10,São Paulo,3550308,True,,33937,,,-23.7804115,-46.6731975,,,,2,2023-06-19T03:09:23+00:00
SAO_6084-10,São Paulo,3550308,True,,33937,,,-23.7812805,-46.67209375,,,,2,2023-06-19T03:09:49+00:00
SAO_6084-10,São Paulo,3550308,True,,33937,,,-23.7812805,-46.67209375,,,,2,2023-06-19T03:09:51+00:00
SAO_128Y-10,São Paulo,3550308,True,,33611,,,-23.458520999999998,-46.667616499999994,,,,2,2023-06-19T03:09:21+00:00
SAO_128Y-10,São Paulo,3550308,True,,33611,,,-23.509054999999996,-46.689615374999995,,,,2,2023-06-19T03:08:29+00:00
SAO_128Y-10,São Paulo,3550308,True,,33611,,,-23.457234,-46.673289,,,,2,2023-06-19T03:07:10+00:00
SAO_128Y-10,São Paulo,3550308,True,,33611,,,-23.457234,-46.673289,,,,2,2023-06-19T03:09:29+00:00
SAO_128Y-10,São Paulo,3550308,True,,33611,,,-23.457446,-46.673119,,,,2,2023-06-19T03:09:26+00:00
SAO_5105-10,São Paulo,3550308,True,,34419,,,-23.602994000000002,-46.602816000000004,,,,2,2023-06-19T03:09:19+00:00
SAO_5105-10,São Paulo,3550308,True,,34419,,,-23.5472265,-46.6288135,,,,2,2023-06-19T03:09:15+00:00
SAO_5105-10,São Paulo,3550308,True,,34419,,,-23.602994000000002,-46.602816000000004,,,,2,2023-06-19T03:09:20+00:00
SAO_5105-10,São Paulo,3550308,True,,34419,,,-23.6034985,-46.601729000000006,,,,2,2023-06-19T03:09:26+00:00
SAO_5105-10,São Paulo,3550308,True,,34419,,,-23.602994000000002,-46.602816000000004,,,,2,2023-06-19T03:09:07+00:00
SAO_5105-10,São Paulo,3550308,True,,34419,,,-23.603226749999997,-46.60239175,,,,2,2023-06-19T03:09:28+00:00
SAO_5105-10,São Paulo,3550308,True,,34419,,,-23.6034985,-46.601729000000006,,,,2,2023-06-19T03:09:47+00:00
SAO_5105-10,São Paulo,3550308,True,,34419,,,-23.571071500000002,-46.604524999999995,,,,2,2023-06-19T03:09:31+00:00
SAO_5105-10,São Paulo,3550308,True,,34419,,,-23.603226749999997,-46.60239175,,,,2,2023-06-19T03:09:18+00:00
SAO_5105-10,São Paulo,3550308,True,,34419,,,-23.547292,-46.6287735,,,,2,2023-06-19T03:09:50+00:00
SAO_172P-10,São Paulo,3550308,True,,858,,,-23.517969,-46.589489625,,,,1,2023-06-19T03:09:24+00:00
SAO_172P-10,São Paulo,3550308,True,,858,,,-23.438549000000002,-46.584046,,,,1,2023-06-19T03:09:41+00:00
SAO_172P-10,São Paulo,3550308,True,,858,,,-23.54145325,-46.594382249999995,,,,1,2023-06-19T03:09:11+00:00
SAO_172P-10,São Paulo,3550308,True,,858,,,-23.441848999999998,-46.588781499999996,,,,1,2023-06-19T03:09:26+00:00
SAO_172P-10,São Paulo,3550308,True,,858,,,-23.441766,-46.588329,,,,1,2023-06-19T03:09:26+00:00
SAO_172P-10,São Paulo,3550308,True,,858,,,-23.47898025,-46.58248075,,,,1,2023-06-19T03:09:23+00:00
SAO_6505-10,São Paulo,3550308,True,,34218,,,-23.59568,-46.6732835,,,,2,2023-06-19T03:09:51+00:00
SAO_6505-10,São Paulo,3550308,True,,34218,,,-23.646549812499998,-46.70300625,,,,2,2023-06-19T03:09:33+00:00
SAO_6505-10,São Paulo,3550308,True,,34218,,,-23.668594499999998,-46.7355085,,,,2,2023-06-19T03:09:23+00:00
SAO_5030-10,São Paulo,3550308,True,,34437,,,-23.637185000000002,-46.5953235,,,,2,2023-06-19T03:09:16+00:00
SAO_5030-10,São Paulo,3550308,True,,34437,,,-23.637222,-46.595223000000004,,,,2,2023-06-19T03:09:47+00:00
SAO_2590-10,São Paulo,3550308,True,,33680,,,-23.5344855,-46.567983,,,,2,2023-06-19T03:09:34+00:00
SAO_2590-10,São Paulo,3550308,True,,33680,,,-23.510334,-46.5507585,,,,2,2023-06-19T03:09:26+00:00
SAO_5129-10,São Paulo,3550308,True,,1281,,,-23.68175025,-46.689241249999995,,,,1,2023-06-19T03:09:11+00:00
SAO_5129-10,São Paulo,3550308,True,,1281,,,-23.658049249999998,-46.6796695,,,,1,2023-06-19T03:09:52+00:00
SAO_5129-10,São Paulo,3550308,True,,1281,,,-23.679666500000003,-46.6363,,,,1,2023-06-19T03:09:08+00:00
SAO_3064-10,São Paulo,3550308,True,,33748,,,-23.60499,-46.4032055,,,,2,2023-06-19T03:09:09+00:00
SAO_3064-10,São Paulo,3550308,True,,33748,,,-23.580627999999997,-46.411226,,,,2,2023-06-19T03:09:33+00:00
SAO_3064-10,São Paulo,3550308,True,,33748,,,-23.5430265,-46.4157135,,,,2,2023-06-19T03:09:05+00:00
SAO_4726-10,São Paulo,3550308,True,,34448,,,-23.560441,-46.58593225,,,,2,2023-06-19T03:09:27+00:00
SAO_4726-10,São Paulo,3550308,True,,34448,,,-23.563520500000003,-46.5915385,,,,2,2023-06-19T03:09:37+00:00
SAO_209P-10,São Paulo,3550308,True,,2216,,,-23.47180475,-46.67047275,,,,1,2023-06-19T03:09:31+00:00
SAO_209P-10,São Paulo,3550308,True,,2216,,,-23.4897105,-46.6849755,,,,1,2023-06-19T03:09:47+00:00
SAO_209P-10,São Paulo,3550308,True,,2216,,,-23.524542750000002,-46.66534625,,,,1,2023-06-19T03:05:45+00:00
SAO_1016-10,São Paulo,3550308,True,EMTU,831,https://moovitapp.com/index/pt-br/transporte_p%C3%BAblico-line-831-Sao_Paulo-242-2038937-36419598-0,5.7,-23.4539295,-46.6063195,,,,1,2023-06-19T03:08:58+00:00
SAO_1016-10,São Paulo,3550308,True,EMTU,831,https://moovitapp.com/index/pt-br/transporte_p%C3%BAblico-line-831-Sao_Paulo-242-2038937-36419598-0,5.7,-23.499627500000003,-46.61417125,,,,1,2023-06-19T03:09:14+00:00
SAO_1016-10,São Paulo,3550308,True,EMTU,831,https://moovitapp.com/index/pt-br/transporte_p%C3%BAblico-line-831-Sao_Paulo-242-2038937-36419598-0,5.7,-23.4467025,-46.612065,,,,1,2023-06-19T03:09:37+00:00
SAO_2765-10,São Paulo,3550308,True,EMTU,145,https://moovitapp.com/index/pt-br/transporte_p%C3%BAblico-line-145-Sao_Paulo-242-2038937-36419293-0,5.35,-23.537915750000003,-46.57550675,,,,1,2023-06-19T03:09:43+00:00
SAO_2765-10,São Paulo,3550308,True,EMTU,145,https://moovitapp.com/index/pt-br/transporte_p%C3%BAblico-line-145-Sao_Paulo-242-2038937-36419293-0,5.35,-23.5051265,-46.515527000000006,,,,1,2023-06-19T03:09:18+00:00
SAO_8007-10,São Paulo,3550308,True,,1257,,,-23.4754055,-46.7569235,,,,1,2023-06-19T03:09:23+00:00
SAO_8007-10,São Paulo,3550308,True,,1257,,,-23.4754055,-46.7569235,,,,1,2023-06-19T03:08:03+00:00
SAO_1709-10,São Paulo,3550308,True,,851,,,-23.4765345,-46.6041345,,,,1,2023-06-19T03:09:24+00:00
SAO_1709-10,São Paulo,3550308,True,,851,,,-23.4412375,-46.5814765,,,,1,2023-06-19T03:09:27+00:00
SAO_1709-10,São Paulo,3550308,True,,851,,,-23.4412375,-46.5814765,,,,1,2023-06-19T03:09:52+00:00
SAO_1709-10,São Paulo,3550308,True,,851,,,-23.4412375,-46.5814765,,,,1,2023-06-19T03:08:11+00:00
SAO_1709-10,São Paulo,3550308,True,,851,,,-23.4412375,-46.5814765,,,,1,2023-06-19T03:09:15+00:00
SAO_1709-10,São Paulo,3550308,True,,851,,,-23.4412375,-46.5814765,,,,1,2023-06-19T03:09:49+00:00
SAO_1709-10,São Paulo,3550308,True,,851,,,-23.4412375,-46.5814765,,,,1,2023-06-19T03:09:13+00:00
SAO_1709-10,São Paulo,3550308,True,,851,,,-23.4412375,-46.5814765,,,,1,2023-06-19T03:09:20+00:00
SAO_1709-10,São Paulo,3550308,True,,851,,,-23.4482125,-46.594264499999994,,,,1,2023-06-19T03:09:52+00:00
SAO_1709-10,São Paulo,3550308,True,,851,,,-23.4412375,-46.5814765,,,,1,2023-06-19T03:09:35+00:00
SAO_1709-10,São Paulo,3550308,True,,851,,,-23.4412375,-46.5814765,,,,1,2023-06-19T03:09:19+00:00
SAO_1709-10,São Paulo,3550308,True,,851,,,-23.4412375,-46.5814765,,,,1,2023-06-19T03:09:45+00:00
SAO_1709-10,São Paulo,3550308,True,,851,,,-23.4412375,-46.5814765,,,,1,2023-06-19T02:57:26+00:00
SAO_1709-10,São Paulo,3550308,True,,851,,,-23.4412375,-46.5814765,,,,1,2023-06-19T03:09:32+00:00
SAO_8050-10,São Paulo,3550308,True,,33180,,,-23.472859125000003,-46.774437875,,,,2,2023-06-19T03:09:22+00:00
SAO_8050-10,São Paulo,3550308,True,,33180,,,-23.442098,-46.791021,,,,2,2023-06-19T03:09:20+00:00
SAO_8050-10,São Paulo,3550308,True,,33180,,,-23.442286,-46.791363000000004,,,,2,2023-06-19T03:09:31+00:00
SAO_6052-10,São Paulo,3550308,True,,33912,,,-23.775509999999997,-46.691679,,,,2,2023-06-19T03:09:51+00:00
SAO_6052-10,São Paulo,3550308,True,,33912,,,-23.775509999999997,-46.691679,,,,2,2023-06-19T03:09:33+00:00
SAO_6052-10,São Paulo,3550308,True,,33912,,,-23.775509999999997,-46.691679,,,,2,2023-06-19T03:09:35+00:00
SAO_6052-10,São Paulo,3550308,True,,33912,,,-23.773679,-46.7075815,,,,2,2023-06-19T03:09:27+00:00
SAO_6052-10,São Paulo,3550308,True,,33912,,,-23.775509999999997,-46.691679,,,,2,2023-06-19T03:09:45+00:00
SAO_6052-10,São Paulo,3550308,True,,33912,,,-23.775509999999997,-46.691679,,,,2,2023-06-19T03:09:14+00:00
SAO_5759-10,São Paulo,3550308,True,,33906,,,-23.6921045,-46.6443005,,,,2,2023-06-19T03:09:45+00:00
SAO_5759-10,São Paulo,3550308,True,,33906,,,-23.676828,-46.65915525,,,,2,2023-06-19T03:06:43+00:00
SAO_5759-10,São Paulo,3550308,True,,33906,,,-23.65017525,-46.64708525,,,,2,2023-06-19T03:09:46+00:00
SAO_5012-10,São Paulo,3550308,True,,1116,,,-23.703284,-46.634654,,,,1,2023-06-19T03:09:49+00:00
SAO_5012-10,São Paulo,3550308,True,,1116,,,-23.7097155,-46.6354455,,,,1,2023-06-19T03:08:54+00:00
SAO_5012-10,São Paulo,3550308,True,,1116,,,-23.7097155,-46.6354455,,,,1,2023-06-19T03:09:39+00:00
SAO_5012-10,São Paulo,3550308,True,,1116,,,-23.7097155,-46.6354455,,,,1,2023-06-19T03:09:43+00:00
SAO_5012-10,São Paulo,3550308,True,,1116,,,-23.679215,-46.640164,,,,1,2023-06-19T03:09:24+00:00
SAO_5012-10,São Paulo,3550308,True,,1116,,,-23.7097155,-46.6354455,,,,1,2023-06-19T03:09:42+00:00
SAO_5012-10,São Paulo,3550308,True,,1116,,,-23.7097155,-46.6354455,,,,1,2023-06-19T03:09:22+00:00
SAO_5012-10,São Paulo,3550308,True,,1116,,,-23.7097155,-46.6354455,,,,1,2023-06-19T03:09:29+00:00
SAO_5012-10,São Paulo,3550308,True,,1116,,,-23.660490875,-46.636798625,,,,1,2023-06-19T03:09:37+00:00
SAO_5012-10,São Paulo,3550308,True,,1116,,,-23.7097155,-46.6354455,,,,1,2023-06-19T03:09:53+00:00
SAO_2735-10,São Paulo,3550308,True,,1921,,,-23.498832,-46.526880500000004,,,,1,2023-06-19T03:09:36+00:00
SAO_2735-10,São Paulo,3550308,True,,1921,,,-23.49643925,-46.5226435,,,,1,2023-06-19T03:09:47+00:00
SAO_574J-10,São Paulo,3550308,True,,1685,,,-23.573117500000002,-46.562084999999996,,,,1,2023-06-19T03:09:20+00:00
SAO_574J-10,São Paulo,3550308,True,,1685,,,-23.603277,-46.5993365,,,,1,2023-06-19T03:09:30+00:00
SAO_574J-10,São Paulo,3550308,True,,1685,,,-23.633249250000002,-46.64442137499999,,,,1,2023-06-19T03:09:52+00:00
SAO_574J-10,São Paulo,3550308,True,,1685,,,-23.5579695,-46.522496000000004,,,,1,2023-06-19T03:09:49+00:00
SAO_6L01-10,São Paulo,3550308,True,,33939,,,-23.90679,-46.708217000000005,,,,2,2023-06-19T03:09:43+00:00
SAO_6L01-10,São Paulo,3550308,True,,33939,,,-23.90679,-46.708217000000005,,,,2,2023-06-19T03:09:28+00:00
SAO_6L01-10,São Paulo,3550308,True,,33939,,,-23.90679,-46.708217000000005,,,,2,2023-06-19T03:09:48+00:00
SAO_6L01-10,São Paulo,3550308,True,,33939,,,-23.7667025,-46.7163285,,,,2,2023-06-19T03:09:50+00:00
SAO_6L01-10,São Paulo,3550308,True,,33939,,,-23.900024000000002,-46.719541,,,,2,2023-06-19T03:09:54+00:00
SAO_6L01-10,São Paulo,3550308,True,,33939,,,-23.90679,-46.708217000000005,,,,2,2023-06-19T03:09:12+00:00
SAO_6L01-10,São Paulo,3550308,True,,33939,,,-23.826211875,-46.7326355,,,,2,2023-06-19T03:09:48+00:00
SAO_6L01-10,São Paulo,3550308,True,,33939,,,-23.90679,-46.708217000000005,,,,2,2023-06-19T03:09:24+00:00
SAO_8600-10,São Paulo,3550308,True,,34200,,,-23.5063935,-46.705843,,,,2,2023-06-19T03:09:48+00:00
SAO_8600-10,São Paulo,3550308,True,,34200,,,-23.485637500000003,-46.7260535,,,,2,2023-06-19T03:09:31+00:00
SAO_8600-10,São Paulo,3550308,True,,34200,,,-23.486121,-46.726629624999994,,,,2,2023-06-19T03:09:49+00:00
SAO_6110-10,São Paulo,3550308,True,,1184,,,-23.7183425,-46.698665000000005,,,,1,2023-06-19T03:09:53+00:00
SAO_6110-10,São Paulo,3550308,True,,1184,,,-23.757465,-46.7053555,,,,1,2023-06-19T03:09:23+00:00
SAO_4314-21,São Paulo,3550308,True,,35260,,,-23.558422999999998,-46.5229205,,,,2,2023-06-19T03:09:43+00:00
SAO_4314-21,São Paulo,3550308,True,,35260,,,-23.558422999999998,-46.5229205,,,,2,2023-06-19T03:09:24+00:00
SAO_4314-21,São Paulo,3550308,True,,35260,,,-23.56097375,-46.420145500000004,,,,2,2023-06-19T03:09:17+00:00
SAO_4314-21,São Paulo,3550308,True,,35260,,,-23.55453925,-46.439656,,,,2,2023-06-19T03:09:37+00:00
SAO_4314-21,São Paulo,3550308,True,,35260,,,-23.573843,-46.398298,,,,2,2023-06-19T03:09:49+00:00
SAO_1767-10,São Paulo,3550308,True,,628,,,-23.481398,-46.601732999999996,,,,1,2023-06-19T03:09:49+00:00
SAO_172R-10,São Paulo,3550308,True,,859,,,-23.47644375,-46.5741525,,,,1,2023-06-19T03:09:41+00:00
SAO_172R-10,São Paulo,3550308,True,,859,,,-23.51949775,-46.59069025,,,,1,2023-06-19T03:08:26+00:00
SAO_4002-10,São Paulo,3550308,True,,2177,,,-23.534235000000002,-46.452625999999995,,,,1,2023-06-19T03:09:21+00:00
SAO_4002-10,São Paulo,3550308,True,,2177,,,-23.558199000000002,-46.522121,,,,1,2023-06-19T03:09:09+00:00
SAO_4002-10,São Paulo,3550308,True,,2177,,,-23.5655445,-46.467878999999996,,,,1,2023-06-19T03:09:29+00:00
SAO_573T-10,São Paulo,3550308,True,,1632,,,-23.541976249999998,-46.55863275,,,,1,2023-06-19T03:09:23+00:00
SAO_573T-10,São Paulo,3550308,True,,1632,,,-23.614199499999998,-46.5007885,,,,1,2023-06-19T03:09:13+00:00
SAO_573T-10,São Paulo,3550308,True,,1632,,,-23.570831,-46.506951875,,,,1,2023-06-19T03:09:35+00:00
SAO_573T-10,São Paulo,3550308,True,,1632,,,-23.538545499999998,-46.564205,,,,1,2023-06-19T03:09:51+00:00
SAO_9784-10,São Paulo,3550308,True,EMTU,827,https://moovitapp.com/index/pt-br/transporte_p%C3%BAblico-line-827-Sao_Paulo-242-2038937-36419596-0,12.1,-23.50106675,-46.665522499999994,,,,1,2023-06-19T03:09:14+00:00
SAO_9784-10,São Paulo,3550308,True,EMTU,827,https://moovitapp.com/index/pt-br/transporte_p%C3%BAblico-line-827-Sao_Paulo-242-2038937-36419596-0,12.1,-23.469845999999997,-46.666391,,,,1,2023-06-19T03:09:35+00:00
SAO_6L10-41,São Paulo,3550308,True,,34773,,,-23.7878855,-46.765459,,,,2,2023-06-19T03:09:20+00:00
SAO_6L10-41,São Paulo,3550308,True,,34773,,,-23.7880685,-46.765596,,,,2,2023-06-19T03:09:50+00:00
SAO_6L10-41,São Paulo,3550308,True,,34773,,,-23.7880685,-46.765596,,,,2,2023-06-19T03:09:49+00:00
SAO_748A-10,São Paulo,3550308,True,,33266,,,-23.560122500000002,-46.747219125,,,,2,2023-06-19T03:09:17+00:00
SAO_748A-10,São Paulo,3550308,True,,33266,,,-23.526702999999998,-46.7086525,,,,2,2023-06-19T03:09:09+00:00
SAO_2727-10,São Paulo,3550308,True,,33710,,,-23.521929,-46.4574135,,,,2,2023-06-19T03:09:27+00:00
SAO_2727-10,São Paulo,3550308,True,,33710,,,-23.540062499999998,-46.482594375,,,,2,2023-06-19T03:09:32+00:00
SAO_2727-10,São Paulo,3550308,True,,33710,,,-23.5365385,-46.473466,,,,2,2023-06-19T03:09:36+00:00
SAO_971D-10,São Paulo,3550308,True,,33477,,,-23.44795,-46.697022000000004,,,,2,2023-06-19T03:09:24+00:00
SAO_971D-10,São Paulo,3550308,True,,33477,,,-23.447985,-46.697056,,,,2,2023-06-19T03:09:27+00:00
SAO_971D-10,São Paulo,3550308,True,,33477,,,-23.5110495,-46.6209235,,,,2,2023-06-19T03:09:51+00:00
SAO_6043-10,São Paulo,3550308,True,,33988,,,-23.6546585,-46.752727,,,,2,2023-06-19T03:09:48+00:00
SAO_6043-10,São Paulo,3550308,True,,33988,,,-23.650396999999998,-46.718665,,,,2,2023-06-19T03:09:54+00:00
SAO_5034-31,São Paulo,3550308,True,,1664,,,-23.602796499999997,-46.603177,,,,1,2023-06-19T03:09:17+00:00
SAO_5034-31,São Paulo,3550308,True,,1664,,,-23.641870875000002,-46.58858562499999,,,,1,2023-06-19T03:09:22+00:00
SAO_5038-10,São Paulo,3550308,True,,1661,,,-23.651166500000002,-46.6143845,,,,1,2023-06-19T03:09:13+00:00
SAO_5038-10,São Paulo,3550308,True,,1661,,,-23.65083,-46.6142375,,,,1,2023-06-19T03:09:23+00:00
SAO_5038-10,São Paulo,3550308,True,,1661,,,-23.622329375,-46.604202,,,,1,2023-06-19T03:09:13+00:00
SAO_2522-10,São Paulo,3550308,True,,32908,,,-23.516617500000002,-46.4262835,,,,2,2023-06-19T03:09:18+00:00
SAO_2522-10,São Paulo,3550308,True,,32908,,,-23.5158285,-46.4345275,,,,2,2023-06-19T03:08:13+00:00
SAO_675M-10,São Paulo,3550308,True,,32876,,,-23.725233,-46.682785,,,,2,2023-06-19T03:06:58+00:00
SAO_675M-10,São Paulo,3550308,True,,32876,,,-23.685003000000002,-46.692727000000005,,,,2,2023-06-19T03:09:49+00:00
SAO_675M-10,São Paulo,3550308,True,,32876,,,-23.720968,-46.6765125,,,,2,2023-06-19T03:09:50+00:00
SAO_7053-10,São Paulo,3550308,True,,1887,,,-23.631258,-46.773112999999995,,,,1,2023-06-19T03:09:54+00:00
SAO_7053-10,São Paulo,3550308,True,,1887,,,-23.65385975,-46.79008575,,,,1,2023-06-19T03:09:19+00:00
SAO_7053-10,São Paulo,3550308,True,,1887,,,-23.640894,-46.782884,,,,1,2023-06-19T03:09:25+00:00
SAO_7053-10,São Paulo,3550308,True,,1887,,,-23.65385975,-46.79008575,,,,1,2023-06-19T03:09:45+00:00
SAO_7053-10,São Paulo,3550308,True,,1887,,,-23.640779000000002,-46.7825665,,,,1,2023-06-19T03:09:21+00:00
SAO_7053-10,São Paulo,3550308,True,,1887,,,-23.6456645,-46.789207000000005,,,,1,2023-06-19T03:09:16+00:00
SAO_172N-10,São Paulo,3550308,True,,664,,,-23.5376941875,-46.602273,,,,1,2023-06-19T03:09:53+00:00
SAO_172N-10,São Paulo,3550308,True,,664,,,-23.511137749999996,-46.594883,,,,1,2023-06-19T03:09:31+00:00
SAO_6358-10,São Paulo,3550308,True,,34062,,,-23.550396499999998,-46.64387225,,,,2,2023-06-19T03:09:53+00:00
SAO_6358-10,São Paulo,3550308,True,,34062,,,-23.685989,-46.637835,,,,2,2023-06-19T03:09:21+00:00
SAO_6358-10,São Paulo,3550308,True,,34062,,,-23.667364,-46.65388874999999,,,,2,2023-06-19T03:09:20+00:00
SAO_6358-10,São Paulo,3550308,True,,34062,,,-23.579522,-46.661527500000005,,,,2,2023-06-19T03:09:09+00:00
SAO_1726-10,São Paulo,3550308,True,,1403,,,-23.4485405,-46.591280999999995,,,,1,2023-06-19T03:09:29+00:00
SAO_314J-10,São Paulo,3550308,True,Cidade de Caieiras,310,https://moovitapp.com/index/pt-br/transporte_p%C3%BAblico-line-310-Sao_Paulo-242-868761-496418-0,5.0,-23.6141705,-46.51755300000001,,,,1,2023-06-19T03:09:20+00:00
SAO_314J-10,São Paulo,3550308,True,Cidade de Caieiras,310,https://moovitapp.com/index/pt-br/transporte_p%C3%BAblico-line-310-Sao_Paulo-242-868761-496418-0,5.0,-23.5901755,-46.5521255,,,,1,2023-06-19T03:09:45+00:00
SAO_314J-10,São Paulo,3550308,True,Cidade de Caieiras,310,https://moovitapp.com/index/pt-br/transporte_p%C3%BAblico-line-310-Sao_Paulo-242-868761-496418-0,5.0,-23.560403625,-46.62176275,,,,1,2023-06-19T03:09:50+00:00
SAO_5145-10,São Paulo,3550308,True,,34409,,,-23.6139405,-46.501206499999995,,,,2,2023-06-19T03:09:45+00:00
SAO_5145-10,São Paulo,3550308,True,,34409,,,-23.57723,-46.549233,,,,2,2023-06-19T03:07:28+00:00
SAO_1743-10,São Paulo,3550308,True,EMTU,543,https://moovitapp.com/index/pt-br/transporte_p%C3%BAblico-line-543-Sao_Paulo-242-2038937-36419552-0,5.15,-23.455666,-46.6677895,,,,1,2023-06-19T03:09:47+00:00
SAO_1743-10,São Paulo,3550308,True,EMTU,543,https://moovitapp.com/index/pt-br/transporte_p%C3%BAblico-line-543-Sao_Paulo-242-2038937-36419552-0,5.15,-23.522855,-46.623938,,,,1,2023-06-19T03:09:20+00:00
SAO_1743-10,São Paulo,3550308,True,EMTU,543,https://moovitapp.com/index/pt-br/transporte_p%C3%BAblico-line-543-Sao_Paulo-242-2038937-36419552-0,5.15,-23.4710435,-46.651995,,,,1,2023-06-19T03:09:39+00:00
SAO_9032-10,São Paulo,3550308,True,,33648,,,-23.4464135,-46.697669000000005,,,,2,2023-06-19T03:09:22+00:00
SAO_9032-10,São Paulo,3550308,True,,33648,,,-23.4463425,-46.6933265,,,,2,2023-06-19T03:09:16+00:00
SAO_9032-10,São Paulo,3550308,True,,33648,,,-23.454430000000002,-46.696312500000005,,,,2,2023-06-19T03:09:18+00:00
SAO_938C-21,São Paulo,3550308,True,,33355,,,-23.5171405,-46.6989305,,,,2,2023-06-19T03:09:50+00:00
SAO_938C-21,São Paulo,3550308,True,,33355,,,-23.4438805,-46.713807,,,,2,2023-06-19T03:09:45+00:00
SAO_938C-21,São Paulo,3550308,True,,33355,,,-23.444175,-46.7138765,,,,2,2023-06-19T03:09:45+00:00
SAO_6008-10,São Paulo,3550308,True,,1200,,,-23.6696185,-46.734093,,,,1,2023-06-19T03:09:28+00:00
SAO_407R-10,São Paulo,3550308,True,,2201,,,-23.562012,-46.561507,,,,1,2023-06-19T03:08:33+00:00
SAO_407R-10,São Paulo,3550308,True,,2201,,,-23.558462,-46.5226175,,,,1,2023-06-19T03:09:33+00:00
SAO_407R-10,São Paulo,3550308,True,,2201,,,-23.558462,-46.5226175,,,,1,2023-06-19T03:09:39+00:00
SAO_5110-10,São Paulo,3550308,True,,34977,,,-23.59104525,-46.543185124999994,,,,2,2023-06-19T03:09:22+00:00
SAO_5110-10,São Paulo,3550308,True,,34977,,,-23.547036,-46.628932,,,,2,2023-06-19T03:09:43+00:00
SAO_5110-10,São Paulo,3550308,True,,34977,,,-23.574356,-46.603252499999996,,,,2,2023-06-19T03:09:45+00:00
SAO_5110-10,São Paulo,3550308,True,,34977,,,-23.606329000000002,-46.507915,,,,2,2023-06-19T03:05:39+00:00
SAO_5110-10,São Paulo,3550308,True,,34977,,,-23.6132505,-46.476259999999996,,,,2,2023-06-19T03:09:40+00:00
SAO_675R-10,São Paulo,3550308,True,,32877,,,-23.72392825,-46.6879975,,,,2,2023-06-19T03:09:22+00:00
SAO_675R-10,São Paulo,3550308,True,,32877,,,-23.6434425,-46.657386,,,,2,2023-06-19T03:09:47+00:00
SAO_675R-10,São Paulo,3550308,True,,32877,,,-23.7391755,-46.69092175,,,,2,2023-06-19T03:09:37+00:00
SAO_509M-10,São Paulo,3550308,True,,34045,,,-23.681403,-46.638069,,,,2,2023-06-19T03:09:48+00:00
SAO_509M-10,São Paulo,3550308,True,,34045,,,-23.679968000000002,-46.636858000000004,,,,2,2023-06-19T03:09:12+00:00
SAO_509M-10,São Paulo,3550308,True,,34045,,,-23.60336625,-46.6620935,,,,2,2023-06-19T03:09:27+00:00
SAO_3763-10,São Paulo,3550308,True,,33822,,,-23.544244499999998,-46.57462675,,,,2,2023-06-19T03:09:17+00:00
SAO_3763-10,São Paulo,3550308,True,,33822,,,-23.56830025,-46.55353775,,,,2,2023-06-19T03:09:38+00:00
SAO_3763-10,São Paulo,3550308,True,,33822,,,-23.55797,-46.523029,,,,2,2023-06-19T03:09:22+00:00
SAO_3763-10,São Paulo,3550308,True,,33822,,,-23.556587999999998,-46.5293805,,,,2,2023-06-19T03:09:52+00:00
SAO_2769-10,São Paulo,3550308,True,,33165,,,-23.494137000000002,-46.45074150000001,,,,2,2023-06-19T03:09:42+00:00
SAO_2769-10,São Paulo,3550308,True,,33165,,,-23.5399995,-46.5774715,,,,2,2023-06-19T03:09:50+00:00
SAO_2769-10,São Paulo,3550308,True,,33165,,,-23.49101625,-46.394614,,,,2,2023-06-19T03:09:11+00:00
SAO_1015-10,São Paulo,3550308,True,,2230,,,-23.40904475,-46.82052575,,,,1,2023-06-19T03:09:19+00:00
SAO_2590-10,São Paulo,3550308,True,,912,,,-23.53911325,-46.6075235,,,,1,2023-06-19T03:09:46+00:00
SAO_2590-10,São Paulo,3550308,True,,912,,,-23.545338,-46.6313335,,,,1,2023-06-19T03:09:22+00:00
SAO_2590-10,São Paulo,3550308,True,,912,,,-23.4829785,-46.467121,,,,1,2023-06-19T03:08:55+00:00
SAO_8027-10,São Paulo,3550308,True,,34930,,,-23.568452999999998,-46.765302,,,,2,2023-06-19T03:09:11+00:00
SAO_8027-10,São Paulo,3550308,True,,34930,,,-23.565873,-46.761922999999996,,,,2,2023-06-19T03:09:36+00:00
SAO_4210-10,São Paulo,3550308,True,,34938,,,-23.596052999999998,-46.453267,,,,2,2023-06-19T03:09:25+00:00
SAO_4210-10,São Paulo,3550308,True,,34938,,,-23.583026,-46.408417,,,,2,2023-06-19T03:09:28+00:00
SAO_4210-10,São Paulo,3550308,True,,34938,,,-23.583026,-46.408417,,,,2,2023-06-19T03:09:38+00:00
SAO_4210-10,São Paulo,3550308,True,,34938,,,-23.5987345,-46.4667425,,,,2,2023-06-19T03:09:36+00:00
SAO_4210-10,São Paulo,3550308,True,,34938,,,-23.5366235,-46.557567750000004,,,,2,2023-06-19T03:09:51+00:00
SAO_4210-10,São Paulo,3550308,True,,34938,,,-23.547062,-46.630193000000006,,,,2,2023-06-19T03:09:19+00:00
SAO_4210-10,São Paulo,3550308,True,,34938,,,-23.542585000000003,-46.6159675,,,,2,2023-06-19T03:09:26+00:00
SAO_677Y-10,São Paulo,3550308,True,,34008,,,-23.6939725,-46.7947725,,,,2,2023-06-19T03:09:33+00:00
SAO_677Y-10,São Paulo,3550308,True,,34008,,,-23.662007000000003,-46.776771749999995,,,,2,2023-06-19T03:09:21+00:00
SAO_677Y-10,São Paulo,3550308,True,,34008,,,-23.666732000000003,-46.7743995,,,,2,2023-06-19T03:09:33+00:00
SAO_3738-10,São Paulo,3550308,True,,33806,,,-23.5629515,-46.3946025,,,,2,2023-06-19T03:09:53+00:00
SAO_3738-10,São Paulo,3550308,True,,33806,,,-23.551814999999998,-46.440454,,,,2,2023-06-19T03:09:15+00:00
SAO_3738-10,São Paulo,3550308,True,,33806,,,-23.5629515,-46.3946025,,,,2,2023-06-19T03:09:22+00:00
SAO_3738-10,São Paulo,3550308,True,,33806,,,-23.5645095,-46.406006000000005,,,,2,2023-06-19T03:09:17+00:00
SAO_573H-10,São Paulo,3550308,True,,1630,,,-23.56362025,-46.590709749999995,,,,1,2023-06-19T03:09:54+00:00
SAO_573H-10,São Paulo,3550308,True,,1630,,,-23.560669750000002,-46.603113500000006,,,,1,2023-06-19T03:09:52+00:00
SAO_573H-10,São Paulo,3550308,True,,1630,,,-23.5945005,-46.5028085,,,,1,2023-06-19T03:09:10+00:00
SAO_573H-10,São Paulo,3550308,True,,1630,,,-23.5766975,-46.5496675,,,,1,2023-06-19T03:09:52+00:00
SAO_4312-21,São Paulo,3550308,True,,35259,,,-23.570552125,-46.489686875,,,,2,2023-06-19T03:09:13+00:00
SAO_4312-21,São Paulo,3550308,True,,35259,,,-23.570552125,-46.489686875,,,,2,2023-06-19T03:09:42+00:00
SAO_4312-21,São Paulo,3550308,True,,35259,,,-23.539001250000002,-46.56878025,,,,2,2023-06-19T03:09:27+00:00
SAO_2721-10,São Paulo,3550308,True,,33702,,,-23.494093,-46.420404250000004,,,,2,2023-06-19T03:09:31+00:00
SAO_2721-10,São Paulo,3550308,True,,33702,,,-23.527627000000003,-46.446813500000005,,,,2,2023-06-19T03:09:39+00:00
SAO_2721-10,São Paulo,3550308,True,,33702,,,-23.514452,-46.402689499999994,,,,2,2023-06-19T03:09:34+00:00
SAO_5119-10,São Paulo,3550308,True,,1,,,-23.642553499999998,-46.739124000000004,,,,1,2023-06-19T03:09:43+00:00
SAO_5119-10,São Paulo,3550308,True,,1,,,-23.553086874999998,-46.6380745,,,,1,2023-06-19T03:09:36+00:00
SAO_5119-10,São Paulo,3550308,True,,1,,,-23.59921775,-46.721178375,,,,1,2023-06-19T03:09:30+00:00
SAO_5119-10,São Paulo,3550308,True,,1,,,-23.561348,-46.6441315,,,,1,2023-06-19T03:09:22+00:00
SAO_514T-10,São Paulo,3550308,True,,34439,,,-23.586242,-46.545132,,,,2,2023-06-19T03:09:18+00:00
SAO_514T-10,São Paulo,3550308,True,,34439,,,-23.596716999999998,-46.5135925,,,,2,2023-06-19T03:09:52+00:00
SAO_514T-10,São Paulo,3550308,True,,34439,,,-23.57707725,-46.607179875,,,,2,2023-06-19T03:09:50+00:00
SAO_273R-10,São Paulo,3550308,True,,32994,,,-23.522662999999998,-46.41263875,,,,2,2023-06-19T03:09:40+00:00
SAO_273R-10,São Paulo,3550308,True,,32994,,,-23.522662999999998,-46.41263875,,,,2,2023-06-19T03:09:36+00:00
SAO_273R-10,São Paulo,3550308,True,,32994,,,-23.52228,-46.4125755,,,,2,2023-06-19T03:09:47+00:00
SAO_273R-10,São Paulo,3550308,True,,32994,,,-23.5257245,-46.474695749999995,,,,2,2023-06-19T03:09:23+00:00
SAO_273R-10,São Paulo,3550308,True,,32994,,,-23.515455,-46.461558499999995,,,,2,2023-06-19T03:09:50+00:00
SAO_6062-10,São Paulo,3550308,True,,1151,,,-23.741882,-46.6813055,,,,1,2023-06-19T03:09:41+00:00
SAO_6062-10,São Paulo,3550308,True,,1151,,,-23.736681,-46.6952685,,,,1,2023-06-19T03:09:16+00:00
SAO_1765-10,São Paulo,3550308,True,,34550,,,-23.481203,-46.602722375,,,,2,2023-06-19T03:09:25+00:00
SAO_1765-10,São Paulo,3550308,True,,34550,,,-23.464985,-46.57860625,,,,2,2023-06-19T03:05:34+00:00
SAO_1765-10,São Paulo,3550308,True,,34550,,,-23.467372,-46.568509750000004,,,,2,2023-06-19T03:09:13+00:00
SAO_128Y-10,São Paulo,3550308,True,EMTU,843,https://moovitapp.com/index/pt-br/transporte_p%C3%BAblico-line-843-Sao_Paulo-242-2038937-36419606-0,4.1,-23.4577015,-46.6729265,,,,1,2023-06-19T03:09:30+00:00
SAO_128Y-10,São Paulo,3550308,True,EMTU,843,https://moovitapp.com/index/pt-br/transporte_p%C3%BAblico-line-843-Sao_Paulo-242-2038937-36419606-0,4.1,-23.49423675,-46.6598315,,,,1,2023-06-19T03:09:38+00:00
SAO_8542-21,São Paulo,3550308,True,,34129,,,-23.4726875,-46.7023155,,,,2,2023-06-19T03:09:24+00:00
SAO_8542-21,São Paulo,3550308,True,,34129,,,-23.472423,-46.702316499999995,,,,2,2023-06-19T03:09:51+00:00
SAO_8542-21,São Paulo,3550308,True,,34129,,,-23.4680235,-46.689833,,,,2,2023-06-19T03:09:46+00:00
SAO_8542-21,São Paulo,3550308,True,,34129,,,-23.471162,-46.6982345,,,,2,2023-06-19T03:09:45+00:00
SAO_8542-21,São Paulo,3550308,True,,34129,,,-23.5198355,-46.6998665,,,,2,2023-06-19T03:09:36+00:00
SAO_6970-10,São Paulo,3550308,True,,1505,,,-23.672530875,-46.712163125,,,,1,2023-06-19T03:09:12+00:00
SAO_6970-10,São Paulo,3550308,True,,1505,,,-23.737581499999997,-46.697899500000005,,,,1,2023-06-19T03:09:51+00:00
SAO_6970-10,São Paulo,3550308,True,,1505,,,-23.737581499999997,-46.697899500000005,,,,1,2023-06-19T03:09:13+00:00
SAO_6970-10,São Paulo,3550308,True,,1505,,,-23.737581499999997,-46.697899500000005,,,,1,2023-06-19T03:09:40+00:00
SAO_6970-10,São Paulo,3550308,True,,1505,,,-23.732633999999997,-46.697177999999994,,,,1,2023-06-19T03:09:41+00:00
SAO_7545-10,São Paulo,3550308,True,,33272,,,-23.5864425625,-46.754773375,,,,2,2023-06-19T03:09:19+00:00
SAO_7545-10,São Paulo,3550308,True,,33272,,,-23.601537,-46.791821999999996,,,,2,2023-06-19T03:09:32+00:00
SAO_7545-10,São Paulo,3550308,True,,33272,,,-23.5692045,-46.687413500000005,,,,2,2023-06-19T03:09:54+00:00
SAO_7545-10,São Paulo,3550308,True,,33272,,,-23.601478,-46.791829,,,,2,2023-06-19T03:09:25+00:00
SAO_7545-10,São Paulo,3550308,True,,33272,,,-23.601478,-46.791829,,,,2,2023-06-19T03:09:41+00:00
SAO_3004-10,São Paulo,3550308,True,,1798,,,-23.4787225,-46.4204685,,,,1,2023-06-19T03:09:49+00:00
SAO_3004-10,São Paulo,3550308,True,,1798,,,-23.48989375,-46.423550750000004,,,,1,2023-06-19T03:09:52+00:00
SAO_2005-10,São Paulo,3550308,True,,33661,,,-23.490944499999998,-46.445358,,,,2,2023-06-19T03:09:12+00:00
SAO_2005-10,São Paulo,3550308,True,,33661,,,-23.493602625,-46.40164875,,,,2,2023-06-19T03:09:23+00:00
SAO_2005-10,São Paulo,3550308,True,,33661,,,-23.4951735,-46.43424225,,,,2,2023-06-19T03:09:49+00:00
SAO_2005-10,São Paulo,3550308,True,,33661,,,-23.49352125,-46.400352,,,,2,2023-06-19T03:06:51+00:00
SAO_6960-10,São Paulo,3550308,True,,1443,,,-23.762157000000002,-46.71555,,,,1,2023-06-19T03:09:47+00:00
SAO_6960-10,São Paulo,3550308,True,,1443,,,-23.680831374999997,-46.713291874999996,,,,1,2023-06-19T03:09:33+00:00
SAO_695Y-10,São Paulo,3550308,True,,33966,,,-23.589713,-46.6346825,,,,2,2023-06-19T03:09:52+00:00
SAO_695Y-10,São Paulo,3550308,True,,33966,,,-23.69373425,-46.698994,,,,2,2023-06-19T03:08:04+00:00
SAO_695Y-10,São Paulo,3550308,True,,33966,,,-23.828025500000003,-46.7271865,,,,2,2023-06-19T03:09:45+00:00
SAO_695Y-10,São Paulo,3550308,True,,33966,,,-23.608873875,-46.667271375,,,,2,2023-06-19T03:09:32+00:00
SAO_695Y-10,São Paulo,3550308,True,,33966,,,-23.589460000000003,-46.633678,,,,2,2023-06-19T03:09:49+00:00
SAO_695Y-10,São Paulo,3550308,True,,33966,,,-23.81221275,-46.735948375,,,,2,2023-06-19T03:09:49+00:00
SAO_695Y-10,São Paulo,3550308,True,,33966,,,-23.597199500000002,-46.6562685,,,,2,2023-06-19T03:09:34+00:00
SAO_4284-10,São Paulo,3550308,True,,33057,,,-23.597361499999998,-46.565003125000004,,,,2,2023-06-19T03:09:08+00:00
SAO_6L11-10,São Paulo,3550308,True,,33935,,,-23.8015015,-46.62784,,,,2,2023-06-19T03:09:49+00:00
SAO_6L11-10,São Paulo,3550308,True,,33935,,,-23.762112000000002,-46.655372,,,,2,2023-06-19T03:09:15+00:00
SAO_637A-10,São Paulo,3550308,True,,185,,,-23.673204499999997,-46.744687,,,,1,2023-06-19T03:09:36+00:00
SAO_637A-10,São Paulo,3550308,True,,185,,,-23.59891425,-46.693739750000006,,,,1,2023-06-19T03:09:24+00:00
SAO_637A-10,São Paulo,3550308,True,,185,,,-23.565236,-46.69948275,,,,1,2023-06-19T03:09:48+00:00
SAO_8700-10,São Paulo,3550308,True,,34645,,,-23.547223000000002,-46.6471605,,,,2,2023-06-19T03:09:40+00:00
SAO_8700-10,São Paulo,3550308,True,,34645,,,-23.6309525,-46.773810499999996,,,,2,2023-06-19T03:09:43+00:00
SAO_8700-10,São Paulo,3550308,True,,34645,,,-23.563702499999998,-46.677017,,,,2,2023-06-19T03:09:47+00:00
SAO_8700-10,São Paulo,3550308,True,,34645,,,-23.6310935,-46.773485,,,,2,2023-06-19T03:09:53+00:00
SAO_8700-10,São Paulo,3550308,True,,34645,,,-23.62733425,-46.76683075,,,,2,2023-06-19T03:09:29+00:00
SAO_8700-10,São Paulo,3550308,True,,34645,,,-23.5695475,-46.688102,,,,2,2023-06-19T03:09:33+00:00
SAO_8700-10,São Paulo,3550308,True,,34645,,,-23.631026499999997,-46.773642,,,,2,2023-06-19T03:09:48+00:00
SAO_8700-10,São Paulo,3550308,True,,34645,,,-23.542782250000002,-46.640742375,,,,2,2023-06-19T03:09:34+00:00
SAO_857A-10,São Paulo,3550308,True,,34693,,,-23.607095,-46.751127,,,,2,2023-06-19T03:09:37+00:00
SAO_857A-10,São Paulo,3550308,True,,34693,,,-23.6312955,-46.773033999999996,,,,2,2023-06-19T03:09:27+00:00
SAO_857A-10,São Paulo,3550308,True,,34693,,,-23.6307725,-46.7731845,,,,2,2023-06-19T03:09:24+00:00
SAO_736G-10,São Paulo,3550308,True,,33548,,,-23.6304595,-46.750901,,,,2,2023-06-19T03:09:11+00:00
SAO_736G-10,São Paulo,3550308,True,,33548,,,-23.629779,-46.70478975,,,,2,2023-06-19T03:09:52+00:00
SAO_4004-10,São Paulo,3550308,True,,2178,,,-23.5831885,-46.407001,,,,1,2023-06-19T03:09:40+00:00
SAO_4004-10,São Paulo,3550308,True,,2178,,,-23.597514750000002,-46.396797500000005,,,,1,2023-06-19T03:09:51+00:00
SAO_746V-10,São Paulo,3550308,True,,33560,,,-23.644130500000003,-46.75717175,,,,2,2023-06-19T03:09:30+00:00
SAO_746V-10,São Paulo,3550308,True,,33560,,,-23.62274625,-46.754206999999994,,,,2,2023-06-19T03:09:36+00:00
SAO_746V-10,São Paulo,3550308,True,,33560,,,-23.62274625,-46.754206999999994,,,,2,2023-06-19T03:09:53+00:00
SAO_9014-10,São Paulo,3550308,True,,1425,,,-23.47469,-46.7083305,,,,1,2023-06-19T03:09:15+00:00
SAO_9014-10,São Paulo,3550308,True,,1425,,,-23.512507999999997,-46.690535,,,,1,2023-06-19T03:09:48+00:00
SAO_3741-10,São Paulo,3550308,True,,33809,,,-23.5430055,-46.47176,,,,2,2023-06-19T03:07:43+00:00
SAO_3741-10,São Paulo,3550308,True,,33809,,,-23.5425125,-46.4488915,,,,2,2023-06-19T03:09:17+00:00
SAO_3741-10,São Paulo,3550308,True,,33809,,,-23.564846,-46.4573605,,,,2,2023-06-19T03:09:45+00:00
SAO_6835-10,São Paulo,3550308,True,,32780,,,-23.6875135,-46.800892000000005,,,,2,2023-06-19T03:09:50+00:00
SAO_6835-10,São Paulo,3550308,True,,32780,,,-23.678566749999998,-46.77804375,,,,2,2023-06-19T03:09:34+00:00
SAO_6000-10,São Paulo,3550308,True,,33908,,,-23.827945999999997,-46.727483500000005,,,,2,2023-06-19T03:09:26+00:00
SAO_6000-10,São Paulo,3550308,True,,33908,,,-23.7644455,-46.7166115,,,,2,2023-06-19T03:09:13+00:00
SAO_6000-10,São Paulo,3550308,True,,33908,,,-23.724954,-46.699712000000005,,,,2,2023-06-19T03:09:47+00:00
SAO_6000-10,São Paulo,3550308,True,,33908,,,-23.828090500000002,-46.7269385,,,,2,2023-06-19T03:09:41+00:00
SAO_6000-10,São Paulo,3550308,True,,33908,,,-23.661175,-46.7072285,,,,2,2023-06-19T03:09:50+00:00
SAO_6000-10,São Paulo,3550308,True,,33908,,,-23.801012999999998,-46.7339515,,,,2,2023-06-19T03:09:45+00:00
SAO_6000-10,São Paulo,3550308,True,,33908,,,-23.828025500000003,-46.7271865,,,,2,2023-06-19T03:09:12+00:00
SAO_5035-10,São Paulo,3550308,True,,1668,,,-23.6318025,-46.5854695,,,,1,2023-06-19T03:09:42+00:00
SAO_5035-10,São Paulo,3550308,True,,1668,,,-23.602926,-46.6020545,,,,1,2023-06-19T03:09:10+00:00
SAO_2711-10,São Paulo,3550308,True,,925,,,-23.509784500000002,-46.49340925,,,,1,2023-06-19T03:09:23+00:00
SAO_3002-10,São Paulo,3550308,True,,1808,,,-23.510468,-46.378808,,,,1,2023-06-19T03:09:09+00:00
SAO_3002-10,São Paulo,3550308,True,,1808,,,-23.496955,-46.437329,,,,1,2023-06-19T03:09:51+00:00
SAO_3002-10,São Paulo,3550308,True,,1808,,,-23.510468,-46.378808,,,,1,2023-06-19T03:08:02+00:00
SAO_3002-10,São Paulo,3550308,True,,1808,,,-23.5053865,-46.37902575,,,,1,2023-06-19T03:09:36+00:00
SAO_3002-10,São Paulo,3550308,True,,1808,,,-23.510468,-46.378808,,,,1,2023-06-19T03:09:32+00:00
SAO_3002-10,São Paulo,3550308,True,,1808,,,-23.494554,-46.42565275,,,,1,2023-06-19T03:08:58+00:00
SAO_2704-10,São Paulo,3550308,True,,916,,,-23.532367,-46.45353425,,,,1,2023-06-19T03:09:43+00:00
SAO_2704-10,São Paulo,3550308,True,,916,,,-23.5198535,-46.41966,,,,1,2023-06-19T03:09:26+00:00
SAO_6030-10,São Paulo,3550308,True,,1142,,,-23.741073,-46.707885000000005,,,,1,2023-06-19T03:09:41+00:00
SAO_6030-10,São Paulo,3550308,True,,1142,,,-23.741073,-46.707885000000005,,,,1,2023-06-19T03:09:23+00:00
SAO_6030-10,São Paulo,3550308,True,,1142,,,-23.653856875,-46.71128025,,,,1,2023-06-19T03:09:46+00:00
SAO_6030-10,São Paulo,3550308,True,,1142,,,-23.741073,-46.707885000000005,,,,1,2023-06-19T03:09:39+00:00
SAO_6030-10,São Paulo,3550308,True,,1142,,,-23.698259999999998,-46.700607500000004,,,,1,2023-06-19T03:09:09+00:00
SAO_6030-10,São Paulo,3550308,True,,1142,,,-23.741073,-46.707885000000005,,,,1,2023-06-19T03:09:32+00:00
SAO_8010-10,São Paulo,3550308,True,,33566,,,-23.411019,-46.748174500000005,,,,2,2023-06-19T03:09:26+00:00
SAO_8010-10,São Paulo,3550308,True,,33566,,,-23.422178000000002,-46.72852125,,,,2,2023-06-19T03:09:35+00:00
SAO_8010-10,São Paulo,3550308,True,,33566,,,-23.468704000000002,-46.724962000000005,,,,2,2023-06-19T03:09:36+00:00
SAO_574C-10,São Paulo,3550308,True,,1639,,,-23.6127315,-46.491023999999996,,,,1,2023-06-19T03:09:27+00:00
SAO_574C-10,São Paulo,3550308,True,,1639,,,-23.6018545,-46.57027,,,,1,2023-06-19T03:09:35+00:00
SAO_5128-10,São Paulo,3550308,True,,33896,,,-23.685989,-46.637835,,,,2,2023-06-19T03:09:47+00:00
SAO_5128-10,São Paulo,3550308,True,,33896,,,-23.7122905,-46.651968499999995,,,,2,2023-06-19T03:09:43+00:00
SAO_5128-10,São Paulo,3550308,True,,33896,,,-23.707199,-46.6550235,,,,2,2023-06-19T03:04:40+00:00
SAO_5128-10,São Paulo,3550308,True,,33896,,,-23.681072,-46.638621,,,,2,2023-06-19T03:09:38+00:00
SAO_819A-10,São Paulo,3550308,True,Rápido Campinas,803,https://moovitapp.com/index/pt-br/transporte_p%C3%BAblico-line-803-Sao_Paulo-242-858660-544941-0,5.3,-23.442826500000002,-46.749123499999996,,,,1,2023-06-19T03:09:37+00:00
SAO_819A-10,São Paulo,3550308,True,Rápido Campinas,803,https://moovitapp.com/index/pt-br/transporte_p%C3%BAblico-line-803-Sao_Paulo-242-858660-544941-0,5.3,-23.449328,-46.74234975,,,,1,2023-06-19T03:09:39+00:00
SAO_819A-10,São Paulo,3550308,True,Rápido Campinas,803,https://moovitapp.com/index/pt-br/transporte_p%C3%BAblico-line-803-Sao_Paulo-242-858660-544941-0,5.3,-23.436,-46.714423,,,,1,2023-06-19T03:09:17+00:00
SAO_819A-10,São Paulo,3550308,True,Rápido Campinas,803,https://moovitapp.com/index/pt-br/transporte_p%C3%BAblico-line-803-Sao_Paulo-242-858660-544941-0,5.3,-23.488441875,-46.675133875,,,,1,2023-06-19T03:09:36+00:00
SAO_819A-10,São Paulo,3550308,True,Rápido Campinas,803,https://moovitapp.com/index/pt-br/transporte_p%C3%BAblico-line-803-Sao_Paulo-242-858660-544941-0,5.3,-23.457655000000003,-46.690698,,,,1,2023-06-19T03:09:12+00:00
SAO_6821-10,São Paulo,3550308,True,BR7 Mobilidade,21,https://moovitapp.com/index/pt-br/transporte_p%C3%BAblico-line-21-Sao_Paulo-242-851856-707765-0,5.75,-23.6762565,-46.7753185,,,,1,2023-06-19T03:09:30+00:00
SAO_6821-10,São Paulo,3550308,True,BR7 Mobilidade,21,https://moovitapp.com/index/pt-br/transporte_p%C3%BAblico-line-21-Sao_Paulo-242-851856-707765-0,5.75,-23.654274,-46.7625595,,,,1,2023-06-19T03:09:25+00:00
SAO_3459-10,São Paulo,3550308,True,EMTU,402,https://moovitapp.com/index/pt-br/transporte_p%C3%BAblico-line-402-Sao_Paulo-242-2038937-36419464-0,3.7,-23.494052500000002,-46.419838999999996,,,,1,2023-06-19T03:09:41+00:00
SAO_3459-10,São Paulo,3550308,True,EMTU,402,https://moovitapp.com/index/pt-br/transporte_p%C3%BAblico-line-402-Sao_Paulo-242-2038937-36419464-0,3.7,-23.5165205,-46.385602000000006,,,,1,2023-06-19T03:09:11+00:00
SAO_3459-10,São Paulo,3550308,True,EMTU,402,https://moovitapp.com/index/pt-br/transporte_p%C3%BAblico-line-402-Sao_Paulo-242-2038937-36419464-0,3.7,-23.5165205,-46.385602000000006,,,,1,2023-06-19T03:01:10+00:00
SAO_3459-10,São Paulo,3550308,True,EMTU,402,https://moovitapp.com/index/pt-br/transporte_p%C3%BAblico-line-402-Sao_Paulo-242-2038937-36419464-0,3.7,-23.5122285,-46.502694500000004,,,,1,2023-06-19T03:09:14+00:00
SAO_3459-10,São Paulo,3550308,True,EMTU,402,https://moovitapp.com/index/pt-br/transporte_p%C3%BAblico-line-402-Sao_Paulo-242-2038937-36419464-0,3.7,-23.5515695,-46.624459,,,,1,2023-06-19T03:09:49+00:00
SAO_3459-10,São Paulo,3550308,True,EMTU,402,https://moovitapp.com/index/pt-br/transporte_p%C3%BAblico-line-402-Sao_Paulo-242-2038937-36419464-0,3.7,-23.5165205,-46.385602000000006,,,,1,2023-06-19T03:09:32+00:00
SAO_3459-10,São Paulo,3550308,True,EMTU,402,https://moovitapp.com/index/pt-br/transporte_p%C3%BAblico-line-402-Sao_Paulo-242-2038937-36419464-0,3.7,-23.5165205,-46.385602000000006,,,,1,2023-06-19T03:09:30+00:00
SAO_3459-10,São Paulo,3550308,True,EMTU,402,https://moovitapp.com/index/pt-br/transporte_p%C3%BAblico-line-402-Sao_Paulo-242-2038937-36419464-0,3.7,-23.5165205,-46.385602000000006,,,,1,2023-06-19T03:06:44+00:00
SAO_971M-10,São Paulo,3550308,True,,33380,,,-23.504109875,-46.62510475,,,,2,2023-06-19T03:09:47+00:00
SAO_971M-10,São Paulo,3550308,True,,33380,,,-23.474342,-46.667032000000006,,,,2,2023-06-19T03:09:27+00:00
SAO_971M-10,São Paulo,3550308,True,,33380,,,-23.490305,-46.6886595,,,,2,2023-06-19T03:09:47+00:00
SAO_971M-10,São Paulo,3550308,True,,33380,,,-23.490170499999998,-46.688534000000004,,,,2,2023-06-19T03:09:36+00:00
SAO_5759-31,São Paulo,3550308,True,,33907,,,-23.6948495,-46.64830975,,,,2,2023-06-19T03:09:21+00:00
SAO_5759-31,São Paulo,3550308,True,,33907,,,-23.678134,-46.651056,,,,2,2023-06-19T03:08:19+00:00
SAO_5759-31,São Paulo,3550308,True,,33907,,,-23.650084,-46.663842125,,,,2,2023-06-19T03:09:43+00:00
SAO_5759-31,São Paulo,3550308,True,,33907,,,-23.6947445,-46.64808025,,,,2,2023-06-19T03:09:27+00:00
SAO_2666-10,São Paulo,3550308,True,EMTU,378,https://moovitapp.com/index/pt-br/transporte_p%C3%BAblico-line-378-Sao_Paulo-242-2038937-36419452-0,12.1,-23.510869999999997,-46.500040999999996,,,,1,2023-06-19T03:09:48+00:00
SAO_2666-10,São Paulo,3550308,True,EMTU,378,https://moovitapp.com/index/pt-br/transporte_p%C3%BAblico-line-378-Sao_Paulo-242-2038937-36419452-0,12.1,-23.546727,-46.629723999999996,,,,1,2023-06-19T03:09:25+00:00
SAO_2666-10,São Paulo,3550308,True,EMTU,378,https://moovitapp.com/index/pt-br/transporte_p%C3%BAblico-line-378-Sao_Paulo-242-2038937-36419452-0,12.1,-23.5185215,-46.387811,,,,1,2023-06-19T03:09:36+00:00
SAO_2666-10,São Paulo,3550308,True,EMTU,378,https://moovitapp.com/index/pt-br/transporte_p%C3%BAblico-line-378-Sao_Paulo-242-2038937-36419452-0,12.1,-23.5183915,-46.39161300000001,,,,1,2023-06-19T03:09:17+00:00
SAO_2666-10,São Paulo,3550308,True,EMTU,378,https://moovitapp.com/index/pt-br/transporte_p%C3%BAblico-line-378-Sao_Paulo-242-2038937-36419452-0,12.1,-23.51828025,-46.3879975,,,,1,2023-06-19T03:00:53+00:00
SAO_6824-10,São Paulo,3550308,True,BR7 Mobilidade,23,https://moovitapp.com/index/pt-br/transporte_p%C3%BAblico-line-23-Sao_Paulo-242-851856-518590-0,5.75,-23.66701925,-46.789919,,,,1,2023-06-19T03:09:46+00:00
SAO_3768-10,São Paulo,3550308,True,,1056,,,-23.539736,-46.4314325,,,,1,2023-06-19T03:09:15+00:00
SAO_3768-10,São Paulo,3550308,True,,1056,,,-23.577595000000002,-46.391234999999995,,,,1,2023-06-19T03:09:50+00:00
SAO_576M-10,São Paulo,3550308,True,,33372,,,-23.6590995,-46.6363495,,,,2,2023-06-19T03:09:21+00:00
SAO_576M-10,São Paulo,3550308,True,,33372,,,-23.617773624999998,-46.67097,,,,2,2023-06-19T03:09:19+00:00
SAO_576M-10,São Paulo,3550308,True,,33372,,,-23.634312,-46.642042,,,,2,2023-06-19T03:09:35+00:00
SAO_576M-10,São Paulo,3550308,True,,33372,,,-23.67728575,-46.63985375,,,,2,2023-06-19T03:09:13+00:00
SAO_847P-10,São Paulo,3550308,True,,33191,,,-23.484282999999998,-46.7219425,,,,2,2023-06-19T03:09:31+00:00
SAO_847P-10,São Paulo,3550308,True,,33191,,,-23.4895,-46.7174565,,,,2,2023-06-19T03:09:09+00:00
SAO_847P-10,São Paulo,3550308,True,,33191,,,-23.544463999999998,-46.693616000000006,,,,2,2023-06-19T03:09:08+00:00
SAO_847P-10,São Paulo,3550308,True,,33191,,,-23.595371,-46.6830755,,,,2,2023-06-19T03:09:48+00:00
SAO_5791-21,São Paulo,3550308,True,,2463,,,-23.69389425,-46.64531675,,,,1,2023-06-19T03:09:13+00:00
SAO_5791-21,São Paulo,3550308,True,,2463,,,-23.71619,-46.62593,,,,1,2023-06-19T03:09:10+00:00
SAO_2583-10,São Paulo,3550308,True,,33143,,,-23.510439249999997,-46.42165275,,,,2,2023-06-19T03:09:51+00:00
SAO_2583-10,São Paulo,3550308,True,,33143,,,-23.510611750000002,-46.42148025,,,,2,2023-06-19T03:09:43+00:00
SAO_8026-10,São Paulo,3550308,True,,34851,,,-23.623129,-46.75365,,,,2,2023-06-19T03:09:33+00:00
SAO_8026-10,São Paulo,3550308,True,,34851,,,-23.6328665,-46.747763,,,,2,2023-06-19T03:09:43+00:00
SAO_4028-10,São Paulo,3550308,True,,1098,,,-23.6418875,-46.439175500000005,,,,1,2023-06-19T03:09:53+00:00
SAO_4028-10,São Paulo,3550308,True,,1098,,,-23.611567,-46.47621,,,,1,2023-06-19T03:09:50+00:00
SAO_4028-10,São Paulo,3550308,True,,1098,,,-23.641898,-46.438882500000005,,,,1,2023-06-19T03:09:23+00:00
SAO_609J-10,São Paulo,3550308,True,,35010,,,-23.62553725,-46.6404665,,,,2,2023-06-19T03:09:10+00:00
SAO_675K-10,São Paulo,3550308,True,,32966,,,-23.667188,-46.72773325,,,,2,2023-06-19T03:09:19+00:00
SAO_675K-10,São Paulo,3550308,True,,32966,,,-23.609473125,-46.667825625,,,,2,2023-06-19T03:09:43+00:00
SAO_675K-10,São Paulo,3550308,True,,32966,,,-23.6901525,-46.774198999999996,,,,2,2023-06-19T03:09:36+00:00
SAO_675K-10,São Paulo,3550308,True,,32966,,,-23.6903555,-46.7743995,,,,2,2023-06-19T03:09:38+00:00
SAO_675K-10,São Paulo,3550308,True,,32966,,,-23.6903555,-46.7743995,,,,2,2023-06-19T03:09:21+00:00
SAO_5630-10,São Paulo,3550308,True,,78,,,-23.546961500000002,-46.616868499999995,,,,1,2023-06-19T03:09:39+00:00
SAO_5630-10,São Paulo,3550308,True,,78,,,-23.7374635,-46.697805,,,,1,2023-06-19T03:09:04+00:00
SAO_5630-10,São Paulo,3550308,True,,78,,,-23.7374635,-46.697805,,,,1,2023-06-19T03:09:19+00:00
SAO_5630-10,São Paulo,3550308,True,,78,,,-23.69789625,-46.700514999999996,,,,1,2023-06-19T03:08:17+00:00
SAO_5630-10,São Paulo,3550308,True,,78,,,-23.7374635,-46.697805,,,,1,2023-06-19T03:09:37+00:00
SAO_5630-10,São Paulo,3550308,True,,78,,,-23.617344,-46.6616035,,,,1,2023-06-19T03:09:45+00:00
SAO_5630-10,São Paulo,3550308,True,,78,,,-23.7374635,-46.697805,,,,1,2023-06-19T03:09:11+00:00
SAO_5630-10,São Paulo,3550308,True,,78,,,-23.7374635,-46.697805,,,,1,2023-06-19T03:09:40+00:00
SAO_5630-10,São Paulo,3550308,True,,78,,,-23.735961500000002,-46.69631975,,,,1,2023-06-19T03:09:47+00:00
SAO_857R-10,São Paulo,3550308,True,,34660,,,-23.6312955,-46.773033999999996,,,,2,2023-06-19T03:09:47+00:00
SAO_857R-10,São Paulo,3550308,True,,34660,,,-23.6305435,-46.773462499999994,,,,2,2023-06-19T03:09:35+00:00
SAO_857R-10,São Paulo,3550308,True,,34660,,,-23.620606,-46.757688,,,,2,2023-06-19T03:09:53+00:00
SAO_857R-10,São Paulo,3550308,True,,34660,,,-23.6317985,-46.771744,,,,2,2023-06-19T03:09:21+00:00
SAO_978J-10,São Paulo,3550308,True,EMTU,591,https://moovitapp.com/index/pt-br/transporte_p%C3%BAblico-line-591-Sao_Paulo-242-2038937-36419577-0,5.4,-23.490379,-46.710350250000005,,,,1,2023-06-19T03:09:24+00:00
SAO_978J-10,São Paulo,3550308,True,EMTU,591,https://moovitapp.com/index/pt-br/transporte_p%C3%BAblico-line-591-Sao_Paulo-242-2038937-36419577-0,5.4,-23.5355075,-46.644417000000004,,,,1,2023-06-19T03:09:51+00:00
SAO_1778-10,São Paulo,3550308,True,,1789,,,-23.465622,-46.6035715,,,,1,2023-06-19T03:09:50+00:00
SAO_1778-10,São Paulo,3550308,True,,1789,,,-23.466824000000003,-46.569223,,,,1,2023-06-19T03:09:19+00:00
SAO_1778-10,São Paulo,3550308,True,,1789,,,-23.4620695,-46.571163,,,,1,2023-06-19T03:09:37+00:00
SAO_8000-1,São Paulo,3550308,True,,35274,,,-23.520992749999998,-46.699836,,,,2,2023-06-19T03:09:28+00:00
SAO_8000-1,São Paulo,3550308,True,,35274,,,-23.52202075,-46.6973265,,,,2,2023-06-19T03:09:52+00:00
SAO_8000-1,São Paulo,3550308,True,,35274,,,-23.53482175,-46.65352250000001,,,,2,2023-06-19T03:09:47+00:00
SAO_8000-1,São Paulo,3550308,True,,35274,,,-23.520332500000002,-46.699903,,,,2,2023-06-19T03:09:32+00:00
SAO_8000-1,São Paulo,3550308,True,,35274,,,-23.520256,-46.7000975,,,,2,2023-06-19T03:09:20+00:00
SAO_8000-1,São Paulo,3550308,True,,35274,,,-23.545885499999997,-46.638711,,,,2,2023-06-19T03:09:21+00:00
SAO_2721-10,São Paulo,3550308,True,,934,,,-23.5193225,-46.409525,,,,1,2023-06-19T03:09:36+00:00
SAO_2721-10,São Paulo,3550308,True,,934,,,-23.5077135,-46.4414615,,,,1,2023-06-19T03:09:13+00:00
SAO_2721-10,São Paulo,3550308,True,,934,,,-23.5193225,-46.409525,,,,1,2023-06-19T03:09:29+00:00
SAO_2721-10,São Paulo,3550308,True,,934,,,-23.497112,-46.41122625,,,,1,2023-06-19T03:09:10+00:00
SAO_7049-10,São Paulo,3550308,True,,1912,,,-23.6597325,-46.7753295,,,,1,2023-06-19T03:09:16+00:00
SAO_7049-10,São Paulo,3550308,True,,1912,,,-23.7116535,-46.777972,,,,1,2023-06-19T03:09:28+00:00
SAO_7049-10,São Paulo,3550308,True,,1912,,,-23.71189,-46.777949500000005,,,,1,2023-06-19T03:09:53+00:00
SAO_7049-10,São Paulo,3550308,True,,1912,,,-23.7116535,-46.777972,,,,1,2023-06-19T03:09:33+00:00
SAO_7049-10,São Paulo,3550308,True,,1912,,,-23.7116535,-46.777972,,,,1,2023-06-19T03:09:28+00:00
SAO_7049-10,São Paulo,3550308,True,,1912,,,-23.7116535,-46.777972,,,,1,2023-06-19T03:09:20+00:00
SAO_7049-10,São Paulo,3550308,True,,1912,,,-23.7116535,-46.777972,,,,1,2023-06-19T03:09:31+00:00
SAO_7049-10,São Paulo,3550308,True,,1912,,,-23.713568000000002,-46.777723,,,,1,2023-06-19T03:09:33+00:00
SAO_6726-10,São Paulo,3550308,True,,1193,,,-23.736596499999997,-46.6971045,,,,1,2023-06-19T03:09:24+00:00
SAO_6726-10,São Paulo,3550308,True,,1193,,,-23.7387765,-46.6917775,,,,1,2023-06-19T03:09:28+00:00
SAO_6726-10,São Paulo,3550308,True,,1193,,,-23.736596499999997,-46.6971045,,,,1,2023-06-19T03:09:30+00:00
SAO_6726-10,São Paulo,3550308,True,,1193,,,-23.7563975,-46.6678165,,,,1,2023-06-19T03:09:21+00:00
SAO_756A-10,São Paulo,3550308,True,,33561,,,-23.594774375,-46.72035675,,,,2,2023-06-19T03:09:41+00:00
SAO_756A-10,São Paulo,3550308,True,,33561,,,-23.598115999999997,-46.7961385,,,,2,2023-06-19T03:09:24+00:00
SAO_756A-10,São Paulo,3550308,True,,33561,,,-23.6030995,-46.789063999999996,,,,2,2023-06-19T03:09:29+00:00
SAO_756A-10,São Paulo,3550308,True,,33561,,,-23.598115999999997,-46.7961385,,,,2,2023-06-19T03:09:12+00:00
SAO_756A-10,São Paulo,3550308,True,,33561,,,-23.5995135,-46.75403275,,,,2,2023-06-19T03:09:19+00:00
SAO_756A-10,São Paulo,3550308,True,,33561,,,-23.598115999999997,-46.7961385,,,,2,2023-06-19T03:09:17+00:00
SAO_1177-10,São Paulo,3550308,True,,32897,,,-23.5361185,-46.632417000000004,,,,2,2023-06-19T03:09:38+00:00
SAO_1177-10,São Paulo,3550308,True,,32897,,,-23.51775,-46.4757475,,,,2,2023-06-19T03:08:25+00:00
SAO_1177-10,São Paulo,3550308,True,,32897,,,-23.5361185,-46.632417000000004,,,,2,2023-06-19T03:09:27+00:00
SAO_1177-10,São Paulo,3550308,True,,32897,,,-23.5361185,-46.632417000000004,,,,2,2023-06-19T03:09:32+00:00
SAO_1177-10,São Paulo,3550308,True,,32897,,,-23.50760375,-46.47799125,,,,2,2023-06-19T03:09:18+00:00
SAO_1177-10,São Paulo,3550308,True,,32897,,,-23.517678,-46.475762,,,,2,2023-06-19T03:09:19+00:00
SAO_847P-10,São Paulo,3550308,True,,423,,,-23.4861505,-46.7258785,,,,1,2023-06-19T03:09:31+00:00
SAO_847P-10,São Paulo,3550308,True,,423,,,-23.579497,-46.6856415,,,,1,2023-06-19T03:09:16+00:00
SAO_847P-10,São Paulo,3550308,True,,423,,,-23.541019249999998,-46.699289750000005,,,,1,2023-06-19T03:09:51+00:00
SAO_3099-10,São Paulo,3550308,True,,33847,,,-23.616138499999998,-46.4612235,,,,2,2023-06-19T03:09:54+00:00
SAO_3099-10,São Paulo,3550308,True,,33847,,,-23.593412875000002,-46.488488499999995,,,,2,2023-06-19T03:09:49+00:00
SAO_3099-10,São Paulo,3550308,True,,33847,,,-23.593412875000002,-46.488488499999995,,,,2,2023-06-19T03:09:12+00:00
SAO_874C-10,São Paulo,3550308,True,,33245,,,-23.550539999999998,-46.678081,,,,2,2023-06-19T03:09:42+00:00
SAO_874C-10,São Paulo,3550308,True,,33245,,,-23.549813625000002,-46.7416328125,,,,2,2023-06-19T03:09:14+00:00
SAO_874C-10,São Paulo,3550308,True,,33245,,,-23.546825,-46.7609525,,,,2,2023-06-19T03:09:43+00:00
SAO_848L-10,São Paulo,3550308,True,,33576,,,-23.414156,-46.75083600000001,,,,2,2023-06-19T03:09:19+00:00
SAO_848L-10,São Paulo,3550308,True,,33576,,,-23.4126245,-46.7385975,,,,2,2023-06-19T03:09:27+00:00
SAO_848L-10,São Paulo,3550308,True,,33576,,,-23.4144305,-46.7510005,,,,2,2023-06-19T03:09:32+00:00
SAO_848L-10,São Paulo,3550308,True,,33576,,,-23.448586374999998,-46.72172475000001,,,,2,2023-06-19T03:09:36+00:00
SAO_3729-10,São Paulo,3550308,True,,33794,,,-23.561736500000002,-46.56283375,,,,2,2023-06-19T03:09:21+00:00
SAO_5024-10,São Paulo,3550308,True,,1122,,,-23.686236,-46.672179,,,,1,2023-06-19T03:09:21+00:00
SAO_3069-10,São Paulo,3550308,True,,984,,,-23.6146805,-46.470593,,,,1,2023-06-19T03:09:08+00:00
SAO_3069-10,São Paulo,3550308,True,,984,,,-23.6138865,-46.420142,,,,1,2023-06-19T03:09:48+00:00
SAO_4017-10,São Paulo,3550308,True,,34958,,,-23.586068500000003,-46.4092865,,,,2,2023-06-19T03:08:08+00:00
SAO_1756-10,São Paulo,3550308,True,,33315,,,-23.4580645,-46.6433105,,,,2,2023-06-19T03:09:50+00:00
SAO_1756-10,São Paulo,3550308,True,,33315,,,-23.461689,-46.65046425,,,,2,2023-06-19T03:09:14+00:00
SAO_695X-10,São Paulo,3550308,True,,34209,,,-23.76728,-46.716530500000005,,,,2,2023-06-19T03:09:37+00:00
SAO_695X-10,São Paulo,3550308,True,,34209,,,-23.73999275,-46.70314275,,,,2,2023-06-19T03:09:29+00:00
SAO_695X-10,São Paulo,3550308,True,,34209,,,-23.686216,-46.693711,,,,2,2023-06-19T03:05:44+00:00
SAO_695X-10,São Paulo,3550308,True,,34209,,,-23.66573175,-46.678098000000006,,,,2,2023-06-19T03:09:27+00:00
SAO_695X-10,São Paulo,3550308,True,,34209,,,-23.6417785,-46.666379000000006,,,,2,2023-06-19T03:09:41+00:00
SAO_695X-10,São Paulo,3550308,True,,34209,,,-23.6434425,-46.657386,,,,2,2023-06-19T03:09:33+00:00
SAO_695X-10,São Paulo,3550308,True,,34209,,,-23.647087499999998,-46.63931,,,,2,2023-06-19T03:09:18+00:00
SAO_695X-10,São Paulo,3550308,True,,34209,,,-23.76714475,-46.71695750000001,,,,2,2023-06-19T03:09:43+00:00
SAO_6L10-10,São Paulo,3550308,True,,33927,,,-23.7773025,-46.723008,,,,2,2023-06-19T03:09:15+00:00
SAO_7001-10,São Paulo,3550308,True,,34490,,,-23.699194,-46.7801025,,,,2,2023-06-19T03:06:57+00:00
SAO_6813-10,São Paulo,3550308,True,,32801,,,-23.66809,-46.76330299999999,,,,2,2023-06-19T03:09:32+00:00
SAO_6813-10,São Paulo,3550308,True,,32801,,,-23.6545445,-46.763089,,,,2,2023-06-19T03:09:18+00:00
SAO_178L-10,São Paulo,3550308,True,EMTU,560,https://moovitapp.com/index/pt-br/transporte_p%C3%BAblico-line-560-Sao_Paulo-242-2038937-36419561-0,6.2,-23.4751125,-46.64319,,,,1,2023-06-19T03:09:42+00:00
SAO_178L-10,São Paulo,3550308,True,EMTU,560,https://moovitapp.com/index/pt-br/transporte_p%C3%BAblico-line-560-Sao_Paulo-242-2038937-36419561-0,6.2,-23.540424,-46.6484015,,,,1,2023-06-19T03:09:42+00:00
SAO_675X-10,São Paulo,3550308,True,EMTU,111,https://moovitapp.com/index/pt-br/transporte_p%C3%BAblico-line-111-Sao_Paulo-242-2038937-36419271-0,5.1,-23.66985675,-46.711535999999995,,,,1,2023-06-19T03:09:16+00:00
SAO_675X-10,São Paulo,3550308,True,EMTU,111,https://moovitapp.com/index/pt-br/transporte_p%C3%BAblico-line-111-Sao_Paulo-242-2038937-36419271-0,5.1,-23.606327,-46.66468075,,,,1,2023-06-19T03:09:38+00:00
SAO_675X-10,São Paulo,3550308,True,EMTU,111,https://moovitapp.com/index/pt-br/transporte_p%C3%BAblico-line-111-Sao_Paulo-242-2038937-36419271-0,5.1,-23.737689500000002,-46.697986,,,,1,2023-06-19T03:09:34+00:00
SAO_675X-10,São Paulo,3550308,True,EMTU,111,https://moovitapp.com/index/pt-br/transporte_p%C3%BAblico-line-111-Sao_Paulo-242-2038937-36419271-0,5.1,-23.735712499999998,-46.69611125,,,,1,2023-06-19T03:09:50+00:00
SAO_675X-10,São Paulo,3550308,True,EMTU,111,https://moovitapp.com/index/pt-br/transporte_p%C3%BAblico-line-111-Sao_Paulo-242-2038937-36419271-0,5.1,-23.631498125,-46.688434125,,,,1,2023-06-19T03:09:52+00:00
SAO_475R-10,São Paulo,3550308,True,,33112,,,-23.646091,-46.625460000000004,,,,2,2023-06-19T03:09:49+00:00
SAO_475R-10,São Paulo,3550308,True,,33112,,,-23.5470345,-46.6298525,,,,2,2023-06-19T03:09:53+00:00
SAO_475R-10,São Paulo,3550308,True,,33112,,,-23.5470345,-46.6298525,,,,2,2023-06-19T03:09:16+00:00
SAO_475R-10,São Paulo,3550308,True,,33112,,,-23.5470345,-46.6298525,,,,2,2023-06-19T03:09:28+00:00
SAO_475R-10,São Paulo,3550308,True,,33112,,,-23.5470345,-46.6298525,,,,2,2023-06-19T03:09:03+00:00
SAO_475R-10,São Paulo,3550308,True,,33112,,,-23.561073999999998,-46.643897875,,,,2,2023-06-19T03:09:14+00:00
SAO_475R-10,São Paulo,3550308,True,,33112,,,-23.5470345,-46.6298525,,,,2,2023-06-19T03:09:25+00:00
SAO_475R-10,São Paulo,3550308,True,,33112,,,-23.5470345,-46.6298525,,,,2,2023-06-19T03:09:37+00:00
SAO_475R-10,São Paulo,3550308,True,,33112,,,-23.5470345,-46.6298525,,,,2,2023-06-19T03:09:13+00:00
SAO_475R-10,São Paulo,3550308,True,,33112,,,-23.5470345,-46.6298525,,,,2,2023-06-19T03:09:42+00:00
SAO_475R-10,São Paulo,3550308,True,,33112,,,-23.5470345,-46.6298525,,,,2,2023-06-19T03:09:44+00:00
SAO_475R-10,São Paulo,3550308,True,,33112,,,-23.5470345,-46.6298525,,,,2,2023-06-19T03:08:56+00:00
SAO_475R-10,São Paulo,3550308,True,,33112,,,-23.5470345,-46.6298525,,,,2,2023-06-19T03:09:44+00:00
SAO_475R-10,São Paulo,3550308,True,,33112,,,-23.5470345,-46.6298525,,,,2,2023-06-19T03:09:32+00:00
SAO_475R-10,São Paulo,3550308,True,,33112,,,-23.5470345,-46.6298525,,,,2,2023-06-19T03:09:33+00:00
SAO_475R-10,São Paulo,3550308,True,,33112,,,-23.5470345,-46.6298525,,,,2,2023-06-19T03:09:16+00:00
SAO_475R-10,São Paulo,3550308,True,,33112,,,-23.5470345,-46.6298525,,,,2,2023-06-19T03:09:21+00:00
SAO_475R-10,São Paulo,3550308,True,,33112,,,-23.5470345,-46.6298525,,,,2,2023-06-19T03:09:09+00:00
SAO_7053-22,São Paulo,3550308,True,,1896,,,-23.642704000000002,-46.786391249999994,,,,1,2023-06-19T03:09:50+00:00
SAO_7053-22,São Paulo,3550308,True,,1896,,,-23.642898,-46.78666975,,,,1,2023-06-19T03:09:32+00:00
SAO_7053-22,São Paulo,3550308,True,,1896,,,-23.645486499999997,-46.789591,,,,1,2023-06-19T03:09:22+00:00
SAO_7053-22,São Paulo,3550308,True,,1896,,,-23.6404155,-46.781168,,,,1,2023-06-19T03:09:13+00:00
SAO_7053-22,São Paulo,3550308,True,,1896,,,-23.645486499999997,-46.789591,,,,1,2023-06-19T03:09:39+00:00
SAO_5110-10,São Paulo,3550308,True,,2209,,,-23.597916499999997,-46.5341065,,,,1,2023-06-19T03:09:23+00:00
SAO_5110-10,São Paulo,3550308,True,,2209,,,-23.577758875,-46.600583375,,,,1,2023-06-19T03:09:45+00:00
SAO_5110-10,São Paulo,3550308,True,,2209,,,-23.6141145,-46.476496999999995,,,,1,2023-06-19T03:09:41+00:00
SAO_576C-10,São Paulo,3550308,True,,1290,,,-23.6765865,-46.6799975,,,,1,2023-06-19T03:09:43+00:00
SAO_576C-10,São Paulo,3550308,True,,1290,,,-23.646105499999997,-46.6450805,,,,1,2023-06-19T03:09:12+00:00
SAO_576C-10,São Paulo,3550308,True,,1290,,,-23.6460055,-46.644996,,,,1,2023-06-19T03:09:40+00:00
SAO_576C-10,São Paulo,3550308,True,,1290,,,-23.6460055,-46.644996,,,,1,2023-06-19T03:09:15+00:00
SAO_476A-10,São Paulo,3550308,True,,304,,,-23.577993499999998,-46.6019005,,,,1,2023-06-19T03:09:24+00:00
SAO_476A-10,São Paulo,3550308,True,,304,,,-23.650863,-46.70841825,,,,1,2023-06-19T03:09:41+00:00
SAO_476A-10,São Paulo,3550308,True,,304,,,-23.599726250000003,-46.630669,,,,1,2023-06-19T03:09:42+00:00
SAO_3789-10,São Paulo,3550308,True,,33835,,,-23.60918725,-46.398064,,,,2,2023-06-19T03:09:37+00:00
SAO_3789-10,São Paulo,3550308,True,,33835,,,-23.59524125,-46.4396145,,,,2,2023-06-19T03:09:54+00:00
SAO_3789-10,São Paulo,3550308,True,,33835,,,-23.568934749999997,-46.461384249999995,,,,2,2023-06-19T03:09:18+00:00
SAO_3789-10,São Paulo,3550308,True,,33835,,,-23.611663,-46.3964115,,,,2,2023-06-19T03:09:27+00:00
SAO_9653-10,São Paulo,3550308,True,,33356,,,-23.4580645,-46.6433105,,,,2,2023-06-19T03:09:26+00:00
SAO_9653-10,São Paulo,3550308,True,,33356,,,-23.523719125,-46.655451,,,,2,2023-06-19T03:09:14+00:00
SAO_9653-10,São Paulo,3550308,True,,33356,,,-23.4580645,-46.6433105,,,,2,2023-06-19T03:09:38+00:00
SAO_9653-10,São Paulo,3550308,True,,33356,,,-23.4698565,-46.654622,,,,2,2023-06-19T03:09:22+00:00
SAO_9301-10,São Paulo,3550308,True,,33226,,,-23.495945,-46.662106,,,,2,2023-06-19T03:09:33+00:00
SAO_9301-10,São Paulo,3550308,True,,33226,,,-23.496061249999997,-46.660341125,,,,2,2023-06-19T03:09:52+00:00
SAO_2100-21,São Paulo,3550308,True,,2528,,,-23.5546345,-46.593145,,,,1,2023-06-19T03:09:11+00:00
SAO_2100-21,São Paulo,3550308,True,,2528,,,-23.5461345,-46.630341,,,,1,2023-06-19T03:09:50+00:00
SAO_2100-21,São Paulo,3550308,True,,2528,,,-23.5587215,-46.522659000000004,,,,1,2023-06-19T03:09:52+00:00
SAO_2100-21,São Paulo,3550308,True,,2528,,,-23.560541125,-46.565458,,,,1,2023-06-19T03:09:44+00:00
SAO_6057-10,São Paulo,3550308,True,,33916,,,-23.752316,-46.710665500000005,,,,2,2023-06-19T03:09:16+00:00
SAO_6057-10,São Paulo,3550308,True,,33916,,,-23.766202,-46.7087025,,,,2,2023-06-19T03:09:18+00:00
SAO_4030-10,São Paulo,3550308,True,,1100,,,-23.6146185,-46.487648,,,,1,2023-06-19T03:09:19+00:00
SAO_4030-10,São Paulo,3550308,True,,1100,,,-23.593915375,-46.4882985,,,,1,2023-06-19T03:09:52+00:00
SAO_4030-10,São Paulo,3550308,True,,1100,,,-23.620106999999997,-46.486779999999996,,,,1,2023-06-19T03:09:49+00:00
SAO_4313-10,São Paulo,3550308,True,,34941,,,-23.58308,-46.408871000000005,,,,2,2023-06-19T03:09:48+00:00
SAO_4313-10,São Paulo,3550308,True,,34941,,,-23.583026,-46.408417,,,,2,2023-06-19T03:09:36+00:00
SAO_4313-10,São Paulo,3550308,True,,34941,,,-23.5831765,-46.407794499999994,,,,2,2023-06-19T03:09:45+00:00
SAO_4313-10,São Paulo,3550308,True,,34941,,,-23.5479245,-46.629473,,,,2,2023-06-19T03:09:44+00:00
SAO_4313-10,São Paulo,3550308,True,,34941,,,-23.583026,-46.408417,,,,2,2023-06-19T03:09:52+00:00
SAO_4313-10,São Paulo,3550308,True,,34941,,,-23.5479245,-46.629473,,,,2,2023-06-19T03:09:46+00:00
SAO_4313-10,São Paulo,3550308,True,,34941,,,-23.595904250000004,-46.43729625,,,,2,2023-06-19T03:09:42+00:00
SAO_4313-10,São Paulo,3550308,True,,34941,,,-23.555702500000002,-46.51713475,,,,2,2023-06-19T03:09:17+00:00
SAO_4313-10,São Paulo,3550308,True,,34941,,,-23.551777625,-46.609177875,,,,2,2023-06-19T03:09:50+00:00
SAO_354M-10,São Paulo,3550308,True,,1619,,,-23.5398345,-46.450053749999995,,,,1,2023-06-19T03:09:09+00:00
SAO_354M-10,São Paulo,3550308,True,,1619,,,-23.58058775,-46.4426565,,,,1,2023-06-19T03:09:30+00:00
SAO_354M-10,São Paulo,3550308,True,,1619,,,-23.4917525,-46.4349545,,,,1,2023-06-19T03:09:09+00:00
SAO_354M-10,São Paulo,3550308,True,,1619,,,-23.493849,-46.439762,,,,1,2023-06-19T03:09:39+00:00
SAO_675K-10,São Paulo,3550308,True,EMTU,198,https://moovitapp.com/index/pt-br/transporte_p%C3%BAblico-line-198-Sao_Paulo-242-2038937-59811937-0,6.35,-23.654359,-46.7068095,,,,1,2023-06-19T03:09:50+00:00
SAO_675K-10,São Paulo,3550308,True,EMTU,198,https://moovitapp.com/index/pt-br/transporte_p%C3%BAblico-line-198-Sao_Paulo-242-2038937-59811937-0,6.35,-23.669815749999998,-46.73685449999999,,,,1,2023-06-19T03:09:52+00:00
SAO_675K-10,São Paulo,3550308,True,EMTU,198,https://moovitapp.com/index/pt-br/transporte_p%C3%BAblico-line-198-Sao_Paulo-242-2038937-59811937-0,6.35,-23.600260249999998,-46.65896574999999,,,,1,2023-06-19T03:09:34+00:00
SAO_675K-10,São Paulo,3550308,True,EMTU,198,https://moovitapp.com/index/pt-br/transporte_p%C3%BAblico-line-198-Sao_Paulo-242-2038937-59811937-0,6.35,-23.609952812499998,-46.668088875,,,,1,2023-06-19T03:09:50+00:00
SAO_675K-10,São Paulo,3550308,True,EMTU,198,https://moovitapp.com/index/pt-br/transporte_p%C3%BAblico-line-198-Sao_Paulo-242-2038937-59811937-0,6.35,-23.68714725,-46.77138625,,,,1,2023-06-19T03:08:30+00:00
SAO_172J-10,São Paulo,3550308,True,,33624,,,-23.479194,-46.5689705,,,,2,2023-06-19T03:09:18+00:00
SAO_172J-10,São Paulo,3550308,True,,33624,,,-23.4893875,-46.570685,,,,2,2023-06-19T03:07:00+00:00
SAO_172J-10,São Paulo,3550308,True,,33624,,,-23.522991875000002,-46.583517375,,,,2,2023-06-19T03:09:27+00:00
SAO_172J-10,São Paulo,3550308,True,,33624,,,-23.5021635,-46.5749665,,,,2,2023-06-19T03:08:57+00:00
SAO_172J-10,São Paulo,3550308,True,,33624,,,-23.479189750000003,-46.56941425,,,,2,2023-06-19T03:09:34+00:00
SAO_172J-10,São Paulo,3550308,True,,33624,,,-23.519617250000003,-46.59061775,,,,2,2023-06-19T03:09:40+00:00
SAO_875H-10,São Paulo,3550308,True,,34108,,,-23.525404,-46.682494000000005,,,,2,2023-06-19T03:09:33+00:00
SAO_875H-10,São Paulo,3550308,True,,34108,,,-23.55339225,-46.672321999999994,,,,2,2023-06-19T03:09:24+00:00
SAO_875H-10,São Paulo,3550308,True,,34108,,,-23.520992749999998,-46.699836,,,,2,2023-06-19T03:09:19+00:00
SAO_875H-10,São Paulo,3550308,True,,34108,,,-23.5198375,-46.7006815,,,,2,2023-06-19T03:09:24+00:00
SAO_3539-10,São Paulo,3550308,True,,748,,,-23.57085,-46.4495735,,,,1,2023-06-19T03:06:13+00:00
SAO_3539-10,São Paulo,3550308,True,,748,,,-23.54615475,-46.605053749999996,,,,1,2023-06-19T03:09:17+00:00
SAO_3539-10,São Paulo,3550308,True,,748,,,-23.5398735,-46.4852915,,,,1,2023-06-19T03:09:10+00:00
SAO_6258-10,São Paulo,3550308,True,,34000,,,-23.668761,-46.7334665,,,,2,2023-06-19T03:09:46+00:00
SAO_7057-10,São Paulo,3550308,True,,34665,,,-23.64922775,-46.78505225,,,,2,2023-06-19T03:09:16+00:00
SAO_7057-10,São Paulo,3550308,True,,34665,,,-23.64904925,-46.78534475,,,,2,2023-06-19T03:09:19+00:00
SAO_7057-10,São Paulo,3550308,True,,34665,,,-23.64922775,-46.78505225,,,,2,2023-06-19T03:09:24+00:00
SAO_5103-10,São Paulo,3550308,True,,34414,,,-23.6038575,-46.6031485,,,,2,2023-06-19T03:09:44+00:00
SAO_5103-10,São Paulo,3550308,True,,34414,,,-23.6003755,-46.6224695,,,,2,2023-06-19T03:09:09+00:00
SAO_3795-10,São Paulo,3550308,True,,1073,,,-23.55833075,-46.44061075,,,,1,2023-06-19T03:09:07+00:00
SAO_3795-10,São Paulo,3550308,True,,1073,,,-23.542476999999998,-46.4712795,,,,1,2023-06-19T03:09:18+00:00
SAO_4056-10,São Paulo,3550308,True,,2237,,,-23.612699499999998,-46.472691499999996,,,,1,2023-06-19T03:08:51+00:00
SAO_4056-10,São Paulo,3550308,True,,2237,,,-23.59976525,-46.46336675,,,,1,2023-06-19T03:09:44+00:00
SAO_4056-10,São Paulo,3550308,True,,2237,,,-23.607075000000002,-46.4513815,,,,1,2023-06-19T03:09:19+00:00
SAO_8677-10,São Paulo,3550308,True,EMTU,443,https://moovitapp.com/index/pt-br/transporte_p%C3%BAblico-line-443-Sao_Paulo-242-2038937-36419491-0,5.4,-23.5157495,-46.726202,,,,1,2023-06-19T03:09:09+00:00
SAO_8677-10,São Paulo,3550308,True,EMTU,443,https://moovitapp.com/index/pt-br/transporte_p%C3%BAblico-line-443-Sao_Paulo-242-2038937-36419491-0,5.4,-23.5463265,-46.639084,,,,1,2023-06-19T03:09:31+00:00
SAO_6007-10,São Paulo,3550308,True,,32944,,,-23.64628225,-46.722688500000004,,,,2,2023-06-19T03:09:52+00:00
SAO_6007-10,São Paulo,3550308,True,,32944,,,-23.663089,-46.7360925,,,,2,2023-06-19T03:09:00+00:00
SAO_6007-10,São Paulo,3550308,True,,32944,,,-23.656809000000003,-46.761884,,,,2,2023-06-19T03:09:15+00:00
SAO_6007-10,São Paulo,3550308,True,,32944,,,-23.65401725,-46.76189925,,,,2,2023-06-19T03:09:37+00:00
SAO_5145-10,São Paulo,3550308,True,,1641,,,-23.5764595,-46.550095,,,,1,2023-06-19T03:09:16+00:00
SAO_5145-10,São Paulo,3550308,True,,1641,,,-23.5549001875,-46.6342846875,,,,1,2023-06-19T03:09:52+00:00
SAO_2088-10,São Paulo,3550308,True,EMTU,372,https://moovitapp.com/index/pt-br/transporte_p%C3%BAblico-line-372-Sao_Paulo-242-2038937-36419447-0,4.9,-23.489919625,-46.375207,,,,1,2023-06-19T03:09:09+00:00
SAO_2080-10,São Paulo,3550308,True,,33139,,,-23.515137250000002,-46.5334485,,,,2,2023-06-19T03:09:33+00:00
SAO_2080-10,São Paulo,3550308,True,,33139,,,-23.499227,-46.370151,,,,2,2023-06-19T03:09:43+00:00
SAO_2080-10,São Paulo,3550308,True,,33139,,,-23.495135,-46.4351205,,,,2,2023-06-19T03:09:28+00:00
SAO_2080-10,São Paulo,3550308,True,,33139,,,-23.494379,-46.4237335,,,,2,2023-06-19T03:09:31+00:00
SAO_4315-10,São Paulo,3550308,True,,2175,,,-23.550130125,-46.606697499999996,,,,1,2023-06-19T03:09:45+00:00
SAO_7052-10,São Paulo,3550308,True,,1886,,,-23.647712,-46.7719345,,,,1,2023-06-19T03:09:28+00:00
SAO_2719-10,São Paulo,3550308,True,,33700,,,-23.494729,-46.4696005,,,,2,2023-06-19T03:09:32+00:00
SAO_2719-10,São Paulo,3550308,True,,33700,,,-23.50536275,-46.488382,,,,2,2023-06-19T03:09:52+00:00
SAO_2719-10,São Paulo,3550308,True,,33700,,,-23.494729,-46.4696005,,,,2,2023-06-19T03:09:32+00:00
SAO_2719-10,São Paulo,3550308,True,,33700,,,-23.531304,-46.530634,,,,2,2023-06-19T03:09:41+00:00
SAO_2719-10,São Paulo,3550308,True,,33700,,,-23.5206855,-46.525093,,,,2,2023-06-19T03:09:20+00:00
SAO_5194-21,São Paulo,3550308,True,,2095,,,-23.7004025,-46.6461855,,,,1,2023-06-19T03:09:45+00:00
SAO_5194-21,São Paulo,3550308,True,,2095,,,-23.6793045,-46.6639455,,,,1,2023-06-19T03:09:50+00:00
SAO_1741-10,São Paulo,3550308,True,,539,,,-23.464032,-46.662706,,,,1,2023-06-19T03:09:28+00:00
SAO_1741-10,São Paulo,3550308,True,,539,,,-23.499584,-46.632241125,,,,1,2023-06-19T03:09:25+00:00
SAO_701A-10,São Paulo,3550308,True,,689,,,-23.482562,-46.5803035,,,,1,2023-06-19T03:09:19+00:00
SAO_701A-10,São Paulo,3550308,True,,689,,,-23.55165475,-46.657360749999995,,,,1,2023-06-19T03:08:37+00:00
SAO_425E-10,São Paulo,3550308,True,,34404,,,-23.6139655,-46.5015435,,,,2,2023-06-19T03:09:24+00:00
SAO_5391-10,São Paulo,3550308,True,,32939,,,-23.58114725,-46.6574995,,,,2,2023-06-19T03:09:40+00:00
SAO_5391-10,São Paulo,3550308,True,,32939,,,-23.692995500000002,-46.7785065,,,,2,2023-06-19T03:09:50+00:00
SAO_5391-10,São Paulo,3550308,True,,32939,,,-23.692826,-46.7782155,,,,2,2023-06-19T03:09:12+00:00
SAO_5391-10,São Paulo,3550308,True,,32939,,,-23.67566,-46.756951,,,,2,2023-06-19T03:09:45+00:00
SAO_5391-10,São Paulo,3550308,True,,32939,,,-23.692718499999998,-46.778041,,,,2,2023-06-19T03:09:29+00:00
SAO_5391-10,São Paulo,3550308,True,,32939,,,-23.692826,-46.7782155,,,,2,2023-06-19T03:09:10+00:00
SAO_4727-10,São Paulo,3550308,True,,33108,,,-23.638341,-46.6080665,,,,2,2023-06-19T03:09:37+00:00
SAO_7051-10,São Paulo,3550308,True,,1885,,,-23.655096,-46.7838845,,,,1,2023-06-19T03:09:17+00:00
SAO_7051-10,São Paulo,3550308,True,,1885,,,-23.655096,-46.7838845,,,,1,2023-06-19T03:09:47+00:00
SAO_7051-10,São Paulo,3550308,True,,1885,,,-23.631508,-46.7726,,,,1,2023-06-19T03:09:17+00:00
SAO_5107-10,São Paulo,3550308,True,,34427,,,-23.541404999999997,-46.634397500000006,,,,2,2023-06-19T03:09:33+00:00
SAO_5107-10,São Paulo,3550308,True,,34427,,,-23.56187525,-46.62336825,,,,2,2023-06-19T03:09:36+00:00
SAO_2730-10,São Paulo,3550308,True,Urubupungá,945,https://moovitapp.com/index/pt-br/transporte_p%C3%BAblico-line-945-Sao_Paulo-242-873835-75841138-0,4.6,-23.506411,-46.449318500000004,,,,1,2023-06-19T03:09:07+00:00
SAO_2730-10,São Paulo,3550308,True,Urubupungá,945,https://moovitapp.com/index/pt-br/transporte_p%C3%BAblico-line-945-Sao_Paulo-242-873835-75841138-0,4.6,-23.540062499999998,-46.482594375,,,,1,2023-06-19T03:09:15+00:00
SAO_2730-10,São Paulo,3550308,True,Urubupungá,945,https://moovitapp.com/index/pt-br/transporte_p%C3%BAblico-line-945-Sao_Paulo-242-873835-75841138-0,4.6,-23.515909750000002,-46.46708712499999,,,,1,2023-06-19T03:09:26+00:00
SAO_6505-10,São Paulo,3550308,True,,1450,,,-23.59107125,-46.672537500000004,,,,1,2023-06-19T03:09:50+00:00
SAO_6505-10,São Paulo,3550308,True,,1450,,,-23.549404,-46.639666,,,,1,2023-06-19T03:09:10+00:00
SAO_6505-10,São Paulo,3550308,True,,1450,,,-23.60327675,-46.674589375,,,,1,2023-06-19T03:09:34+00:00
SAO_6505-10,São Paulo,3550308,True,,1450,,,-23.668707,-46.7352225,,,,1,2023-06-19T03:09:27+00:00
SAO_1034-10,São Paulo,3550308,True,,35220,,,-23.470623000000003,-46.7104055,,,,2,2023-06-19T03:09:27+00:00
SAO_1034-10,São Paulo,3550308,True,,35220,,,-23.472454,-46.7090385,,,,2,2023-06-19T03:09:30+00:00
SAO_6291-10,São Paulo,3550308,True,EMTU,358,https://moovitapp.com/index/pt-br/transporte_p%C3%BAblico-line-358-Sao_Paulo-242-2038937-36419439-0,4.8,-23.647589500000002,-46.7579135,,,,1,2023-06-19T03:09:29+00:00
SAO_6291-10,São Paulo,3550308,True,EMTU,358,https://moovitapp.com/index/pt-br/transporte_p%C3%BAblico-line-358-Sao_Paulo-242-2038937-36419439-0,4.8,-23.549846,-46.6390715,,,,1,2023-06-19T03:09:20+00:00
SAO_6291-10,São Paulo,3550308,True,EMTU,358,https://moovitapp.com/index/pt-br/transporte_p%C3%BAblico-line-358-Sao_Paulo-242-2038937-36419439-0,4.8,-23.5806215,-46.6796815,,,,1,2023-06-19T03:09:16+00:00
SAO_3026-10,São Paulo,3550308,True,,962,,,-23.565720875,-46.402854125000005,,,,1,2023-06-19T03:09:24+00:00
SAO_3026-10,São Paulo,3550308,True,,962,,,-23.580293,-46.385636250000005,,,,1,2023-06-19T03:09:48+00:00
SAO_3026-10,São Paulo,3550308,True,,962,,,-23.5803485,-46.383485,,,,1,2023-06-19T03:09:45+00:00
SAO_3026-10,São Paulo,3550308,True,,962,,,-23.542544,-46.4158275,,,,1,2023-06-19T03:09:14+00:00
SAO_3026-10,São Paulo,3550308,True,,962,,,-23.5449815,-46.41078,,,,1,2023-06-19T03:09:05+00:00
SAO_6812-10,São Paulo,3550308,True,,34010,,,-23.677212500000003,-46.760749000000004,,,,2,2023-06-19T03:09:45+00:00
SAO_6812-10,São Paulo,3550308,True,,34010,,,-23.73195075,-46.790341,,,,2,2023-06-19T03:09:26+00:00
SAO_6812-10,São Paulo,3550308,True,,34010,,,-23.73195075,-46.790341,,,,2,2023-06-19T03:09:25+00:00
SAO_8549-10,São Paulo,3550308,True,,33348,,,-23.542353,-46.6356995,,,,2,2023-06-19T03:09:24+00:00
SAO_8549-10,São Paulo,3550308,True,,33348,,,-23.507982625,-46.690299749999994,,,,2,2023-06-19T03:09:14+00:00
SAO_8549-10,São Paulo,3550308,True,,33348,,,-23.542353,-46.6356995,,,,2,2023-06-19T03:09:31+00:00
SAO_8549-10,São Paulo,3550308,True,,33348,,,-23.4362225,-46.717113499999996,,,,2,2023-06-19T03:09:51+00:00
SAO_8549-10,São Paulo,3550308,True,,33348,,,-23.453412,-46.699248499999996,,,,2,2023-06-19T03:09:15+00:00
SAO_7023-10,São Paulo,3550308,True,,34920,,,-23.666430249999998,-46.720004625,,,,2,2023-06-19T03:09:37+00:00
SAO_7023-10,São Paulo,3550308,True,,34920,,,-23.699185,-46.7630965,,,,2,2023-06-19T03:09:43+00:00
SAO_263C-10,São Paulo,3550308,True,,33020,,,-23.543839,-46.4216205,,,,2,2023-06-19T03:09:14+00:00
SAO_3766-51,São Paulo,3550308,True,,35343,,,-23.55134275,-46.42555625,,,,2,2023-06-19T03:09:46+00:00
SAO_3766-51,São Paulo,3550308,True,,35343,,,-23.5413245,-46.45708075,,,,2,2023-06-19T03:09:20+00:00
SAO_3766-51,São Paulo,3550308,True,,35343,,,-23.554652500000003,-46.4355385,,,,2,2023-06-19T03:09:52+00:00
SAO_3766-51,São Paulo,3550308,True,,35343,,,-23.550511,-46.430435,,,,2,2023-06-19T03:09:35+00:00
SAO_2725-10,São Paulo,3550308,True,,33707,,,-23.540062499999998,-46.482594375,,,,2,2023-06-19T03:09:41+00:00
SAO_2725-10,São Paulo,3550308,True,,33707,,,-23.512969499999997,-46.4736135,,,,2,2023-06-19T03:09:31+00:00
SAO_5127-10,São Paulo,3550308,True,,33895,,,-23.677825,-46.701614500000005,,,,2,2023-06-19T03:09:36+00:00
SAO_5127-10,São Paulo,3550308,True,,33895,,,-23.677825,-46.701614500000005,,,,2,2023-06-19T03:09:22+00:00
SAO_5127-10,São Paulo,3550308,True,,33895,,,-23.677825,-46.701614500000005,,,,2,2023-06-19T03:09:50+00:00
SAO_5127-10,São Paulo,3550308,True,,33895,,,-23.677825,-46.701614500000005,,,,2,2023-06-19T03:09:26+00:00
SAO_5127-10,São Paulo,3550308,True,,33895,,,-23.677825,-46.701614500000005,,,,2,2023-06-19T03:09:49+00:00
SAO_5127-10,São Paulo,3550308,True,,33895,,,-23.677825,-46.701614500000005,,,,2,2023-06-19T03:09:04+00:00
SAO_5127-10,São Paulo,3550308,True,,33895,,,-23.702263000000002,-46.639984,,,,2,2023-06-19T03:09:33+00:00
SAO_5127-10,São Paulo,3550308,True,,33895,,,-23.677825,-46.701614500000005,,,,2,2023-06-19T03:09:50+00:00
SAO_5127-10,São Paulo,3550308,True,,33895,,,-23.6880095,-46.664153999999996,,,,2,2023-06-19T03:09:18+00:00
SAO_5127-10,São Paulo,3550308,True,,33895,,,-23.697448,-46.6487755,,,,2,2023-06-19T03:09:32+00:00
SAO_5127-10,São Paulo,3550308,True,,33895,,,-23.677825,-46.701614500000005,,,,2,2023-06-19T03:09:20+00:00
SAO_5127-10,São Paulo,3550308,True,,33895,,,-23.70211425,-46.640169,,,,2,2023-06-19T03:09:39+00:00
SAO_5127-10,São Paulo,3550308,True,,33895,,,-23.677825,-46.701614500000005,,,,2,2023-06-19T03:07:50+00:00
SAO_514T-10,São Paulo,3550308,True,,1671,,,-23.602792,-46.6023785,,,,1,2023-06-19T03:09:53+00:00
SAO_514T-10,São Paulo,3550308,True,,1671,,,-23.594797,-46.503833,,,,1,2023-06-19T03:09:27+00:00
SAO_514T-10,São Paulo,3550308,True,,1671,,,-23.5851185,-46.5459695,,,,1,2023-06-19T03:09:34+00:00
SAO_514T-10,São Paulo,3550308,True,,1671,,,-23.580523999999997,-46.60801825,,,,1,2023-06-19T03:09:27+00:00
SAO_9500-10,São Paulo,3550308,True,EMTU,461,https://moovitapp.com/index/pt-br/transporte_p%C3%BAblico-line-461-Sao_Paulo-242-2038937-36419501-0,5.1,-23.474427,-46.669637,,,,1,2023-06-19T03:09:42+00:00
SAO_9500-10,São Paulo,3550308,True,EMTU,461,https://moovitapp.com/index/pt-br/transporte_p%C3%BAblico-line-461-Sao_Paulo-242-2038937-36419501-0,5.1,-23.498357,-46.6756685,,,,1,2023-06-19T03:09:35+00:00
SAO_407N-10,São Paulo,3550308,True,,34937,,,-23.534,-46.5424035,,,,2,2023-06-19T03:09:34+00:00
SAO_407N-10,São Paulo,3550308,True,,34937,,,-23.541336,-46.539277,,,,2,2023-06-19T03:09:24+00:00
SAO_407N-10,São Paulo,3550308,True,,34937,,,-23.595937,-46.4524155,,,,2,2023-06-19T03:09:41+00:00
SAO_407N-10,São Paulo,3550308,True,,34937,,,-23.58308,-46.408871000000005,,,,2,2023-06-19T03:09:24+00:00
SAO_407N-10,São Paulo,3550308,True,,34937,,,-23.534,-46.5424035,,,,2,2023-06-19T03:09:51+00:00
SAO_407N-10,São Paulo,3550308,True,,34937,,,-23.534,-46.5424035,,,,2,2023-06-19T03:09:25+00:00
SAO_6026-10,São Paulo,3550308,True,,87,,,-23.65466625,-46.714012499999995,,,,1,2023-06-19T03:09:44+00:00
SAO_6026-10,São Paulo,3550308,True,,87,,,-23.71159725,-46.699049,,,,1,2023-06-19T03:09:48+00:00
SAO_4024-10,São Paulo,3550308,True,,2158,,,-23.53539925,-46.45077575,,,,1,2023-06-19T03:09:17+00:00
SAO_4024-10,São Paulo,3550308,True,,2158,,,-23.566412999999997,-46.4195225,,,,1,2023-06-19T03:01:27+00:00
SAO_2582-10,São Paulo,3550308,True,,33142,,,-23.5191709375,-46.42302318749999,,,,2,2023-06-19T03:09:18+00:00
SAO_2582-10,São Paulo,3550308,True,,33142,,,-23.51891675,-46.423640250000005,,,,2,2023-06-19T03:09:10+00:00
SAO_2582-10,São Paulo,3550308,True,,33142,,,-23.53362875,-46.56546,,,,2,2023-06-19T03:07:46+00:00
SAO_2582-10,São Paulo,3550308,True,,33142,,,-23.498481999999996,-46.4678465,,,,2,2023-06-19T03:09:46+00:00
SAO_2582-10,São Paulo,3550308,True,,33142,,,-23.51908225,-46.42337275,,,,2,2023-06-19T03:09:44+00:00
SAO_6825-10,São Paulo,3550308,True,BR7 Mobilidade,14,https://moovitapp.com/index/pt-br/transporte_p%C3%BAblico-line-14-Sao_Paulo-242-851856-183465-0,5.75,-23.653725,-46.762792000000005,,,,1,2023-06-19T03:09:32+00:00
SAO_6825-10,São Paulo,3550308,True,BR7 Mobilidade,14,https://moovitapp.com/index/pt-br/transporte_p%C3%BAblico-line-14-Sao_Paulo-242-851856-183465-0,5.75,-23.685346,-46.800567,,,,1,2023-06-19T03:09:43+00:00
SAO_6008-10,São Paulo,3550308,True,,33968,,,-23.68727,-46.7629345,,,,2,2023-06-19T03:09:23+00:00
SAO_6008-10,São Paulo,3550308,True,,33968,,,-23.68727,-46.7629345,,,,2,2023-06-19T03:09:47+00:00
SAO_6008-10,São Paulo,3550308,True,,33968,,,-23.6675375,-46.730432,,,,2,2023-06-19T03:09:33+00:00
SAO_6008-10,São Paulo,3550308,True,,33968,,,-23.68727,-46.7629345,,,,2,2023-06-19T03:09:41+00:00
SAO_5020-10,São Paulo,3550308,True,,34438,,,-23.596961999999998,-46.601231874999996,,,,2,2023-06-19T03:09:48+00:00
SAO_5020-10,São Paulo,3550308,True,,34438,,,-23.610409500000003,-46.593145750000005,,,,2,2023-06-19T03:09:23+00:00
SAO_5020-10,São Paulo,3550308,True,,34438,,,-23.6102245,-46.59347325,,,,2,2023-06-19T03:09:19+00:00
SAO_5034-10,São Paulo,3550308,True,,1663,,,-23.627879,-46.601390499999994,,,,1,2023-06-19T03:09:18+00:00
SAO_975A-10,São Paulo,3550308,True,EMTU,589,https://moovitapp.com/index/pt-br/transporte_p%C3%BAblico-line-589-Sao_Paulo-242-2038937-36419576-0,5.35,-23.476029,-46.6907585,,,,1,2023-06-19T03:09:24+00:00
SAO_975A-10,São Paulo,3550308,True,EMTU,589,https://moovitapp.com/index/pt-br/transporte_p%C3%BAblico-line-589-Sao_Paulo-242-2038937-36419576-0,5.35,-23.4690525,-46.696217000000004,,,,1,2023-06-19T03:09:13+00:00
SAO_975A-10,São Paulo,3550308,True,EMTU,589,https://moovitapp.com/index/pt-br/transporte_p%C3%BAblico-line-589-Sao_Paulo-242-2038937-36419576-0,5.35,-23.540378250000003,-46.67020375,,,,1,2023-06-19T03:09:43+00:00
SAO_4729-10,São Paulo,3550308,True,,33876,,,-23.552443000000004,-46.57924287499999,,,,2,2023-06-19T03:09:51+00:00
SAO_4729-10,São Paulo,3550308,True,,33876,,,-23.5425015,-46.5902345,,,,2,2023-06-19T03:09:21+00:00
SAO_4729-10,São Paulo,3550308,True,,33876,,,-23.59712125,-46.52314425,,,,2,2023-06-19T03:09:15+00:00
SAO_4729-10,São Paulo,3550308,True,,33876,,,-23.5910195,-46.5073555,,,,2,2023-06-19T03:09:40+00:00
SAO_509J-10,São Paulo,3550308,True,,33032,,,-23.6875885,-46.654850499999995,,,,2,2023-06-19T03:09:39+00:00
SAO_509J-10,São Paulo,3550308,True,,33032,,,-23.5831455,-46.663601,,,,2,2023-06-19T03:09:31+00:00
SAO_509J-10,São Paulo,3550308,True,,33032,,,-23.66470475,-46.679210749999996,,,,2,2023-06-19T03:09:24+00:00
SAO_938V-10,São Paulo,3550308,True,STT,813,https://moovitapp.com/index/pt-br/transporte_p%C3%BAblico-line-813-Sao_Paulo-242-850661-183360-0,5.3,-23.452962,-46.684575499999994,,,,1,2023-06-19T03:09:39+00:00
SAO_938V-10,São Paulo,3550308,True,STT,813,https://moovitapp.com/index/pt-br/transporte_p%C3%BAblico-line-813-Sao_Paulo-242-850661-183360-0,5.3,-23.4735055,-46.678642999999994,,,,1,2023-06-19T03:09:09+00:00
SAO_938V-10,São Paulo,3550308,True,STT,813,https://moovitapp.com/index/pt-br/transporte_p%C3%BAblico-line-813-Sao_Paulo-242-850661-183360-0,5.3,-23.5220355,-46.703774,,,,1,2023-06-19T03:09:06+00:00
SAO_938V-10,São Paulo,3550308,True,STT,813,https://moovitapp.com/index/pt-br/transporte_p%C3%BAblico-line-813-Sao_Paulo-242-850661-183360-0,5.3,-23.452962,-46.684575499999994,,,,1,2023-06-19T03:09:27+00:00
SAO_576M-10,São Paulo,3550308,True,,604,,,-23.566271,-46.694345,,,,1,2023-06-19T03:09:43+00:00
SAO_6058-10,São Paulo,3550308,True,,33917,,,-23.769588,-46.6772535,,,,2,2023-06-19T03:09:52+00:00
SAO_6058-10,São Paulo,3550308,True,,33917,,,-23.767194,-46.716251,,,,2,2023-06-19T03:09:52+00:00
SAO_6058-10,São Paulo,3550308,True,,33917,,,-23.769851000000003,-46.676743,,,,2,2023-06-19T03:09:12+00:00
SAO_6058-10,São Paulo,3550308,True,,33917,,,-23.769851000000003,-46.676743,,,,2,2023-06-19T03:09:26+00:00
SAO_6038-10,São Paulo,3550308,True,,1216,,,-23.66147575,-46.790868625,,,,1,2023-06-19T03:09:16+00:00
SAO_6038-10,São Paulo,3550308,True,,1216,,,-23.661773,-46.7904515,,,,1,2023-06-19T03:09:11+00:00
SAO_6038-10,São Paulo,3550308,True,,1216,,,-23.665846000000002,-46.788559,,,,1,2023-06-19T03:09:50+00:00
SAO_6038-10,São Paulo,3550308,True,,1216,,,-23.666168,-46.788377999999994,,,,1,2023-06-19T03:09:39+00:00
SAO_6038-10,São Paulo,3550308,True,,1216,,,-23.6578735,-46.7897725,,,,1,2023-06-19T03:09:43+00:00
SAO_6038-10,São Paulo,3550308,True,,1216,,,-23.642909500000002,-46.7371725,,,,1,2023-06-19T03:09:30+00:00
SAO_6038-10,São Paulo,3550308,True,,1216,,,-23.6578735,-46.7897725,,,,1,2023-06-19T03:09:23+00:00
SAO_971R-10,São Paulo,3550308,True,,614,,,-23.4538115,-46.7372725,,,,1,2023-06-19T03:09:51+00:00
SAO_971R-10,São Paulo,3550308,True,,614,,,-23.502011500000002,-46.625002499999994,,,,1,2023-06-19T03:09:10+00:00
SAO_971R-10,São Paulo,3550308,True,,614,,,-23.454421500000002,-46.7374495,,,,1,2023-06-19T03:09:30+00:00
SAO_971R-10,São Paulo,3550308,True,,614,,,-23.454421500000002,-46.7374495,,,,1,2023-06-19T03:09:48+00:00
SAO_971R-10,São Paulo,3550308,True,,614,,,-23.445667,-46.705163999999996,,,,1,2023-06-19T03:09:34+00:00
SAO_971R-10,São Paulo,3550308,True,,614,,,-23.474483,-46.666517999999996,,,,1,2023-06-19T03:09:45+00:00
SAO_971R-10,São Paulo,3550308,True,,614,,,-23.454421500000002,-46.7374495,,,,1,2023-06-19T03:09:12+00:00
SAO_6078-10,São Paulo,3550308,True,,33934,,,-23.734577,-46.696059000000005,,,,2,2023-06-19T03:09:21+00:00
SAO_6078-10,São Paulo,3550308,True,,33934,,,-23.6995285,-46.7010475,,,,2,2023-06-19T03:09:48+00:00
SAO_6078-10,São Paulo,3550308,True,,33934,,,-23.669902999999998,-46.679694,,,,2,2023-06-19T03:09:10+00:00
SAO_2724-10,São Paulo,3550308,True,,938,,,-23.524318,-46.467209249999996,,,,1,2023-06-19T03:09:37+00:00
SAO_2724-10,São Paulo,3550308,True,,938,,,-23.5396445,-46.483602,,,,1,2023-06-19T03:09:19+00:00
SAO_2724-10,São Paulo,3550308,True,,938,,,-23.5396445,-46.483602,,,,1,2023-06-19T03:09:48+00:00
SAO_2724-10,São Paulo,3550308,True,,938,,,-23.5396445,-46.483602,,,,1,2023-06-19T03:09:32+00:00
SAO_2724-10,São Paulo,3550308,True,,938,,,-23.5396445,-46.483602,,,,1,2023-06-19T03:09:19+00:00
SAO_2724-10,São Paulo,3550308,True,,938,,,-23.5396445,-46.483602,,,,1,2023-06-19T03:09:35+00:00
SAO_2724-10,São Paulo,3550308,True,,938,,,-23.5396445,-46.483602,,,,1,2023-06-19T03:09:11+00:00
SAO_2582-10,São Paulo,3550308,True,EMTU,374,https://moovitapp.com/index/pt-br/transporte_p%C3%BAblico-line-374-Sao_Paulo-242-2038937-36419448-0,3.7,-23.519955,-46.5484595,,,,1,2023-06-19T03:09:39+00:00
SAO_2582-10,São Paulo,3550308,True,EMTU,374,https://moovitapp.com/index/pt-br/transporte_p%C3%BAblico-line-374-Sao_Paulo-242-2038937-36419448-0,3.7,-23.4981695,-46.46781675,,,,1,2023-06-19T03:09:06+00:00
SAO_2582-10,São Paulo,3550308,True,EMTU,374,https://moovitapp.com/index/pt-br/transporte_p%C3%BAblico-line-374-Sao_Paulo-242-2038937-36419448-0,3.7,-23.544771750000002,-46.625674249999996,,,,1,2023-06-19T03:09:10+00:00
SAO_8622-10,São Paulo,3550308,True,,33206,,,-23.4463025,-46.7983075,,,,2,2023-06-19T03:03:58+00:00
SAO_8622-10,São Paulo,3550308,True,,33206,,,-23.4300815,-46.79488875,,,,2,2023-06-19T03:06:32+00:00
SAO_8622-10,São Paulo,3550308,True,,33206,,,-23.437489,-46.792981,,,,2,2023-06-19T03:09:17+00:00
SAO_8622-10,São Paulo,3550308,True,,33206,,,-23.5474995,-46.640241,,,,2,2023-06-19T03:09:43+00:00
SAO_8622-10,São Paulo,3550308,True,,33206,,,-23.518145500000003,-46.7036745,,,,2,2023-06-19T03:09:52+00:00
SAO_3751-10,São Paulo,3550308,True,,1047,,,-23.569356,-46.4108985,,,,1,2023-06-19T03:09:30+00:00
SAO_3751-10,São Paulo,3550308,True,,1047,,,-23.570445,-46.4103425,,,,1,2023-06-19T03:09:50+00:00
SAO_3751-10,São Paulo,3550308,True,,1047,,,-23.569356,-46.4108985,,,,1,2023-06-19T03:09:46+00:00
SAO_3751-10,São Paulo,3550308,True,,1047,,,-23.542397,-46.469636,,,,1,2023-06-19T03:09:38+00:00
SAO_3751-10,São Paulo,3550308,True,,1047,,,-23.551849750000002,-46.430483,,,,1,2023-06-19T03:09:47+00:00
SAO_3751-10,São Paulo,3550308,True,,1047,,,-23.569356,-46.4108985,,,,1,2023-06-19T03:09:32+00:00
SAO_5119-10,São Paulo,3550308,True,,32769,,,-23.6423055,-46.740426,,,,2,2023-06-19T03:09:52+00:00
SAO_5119-10,São Paulo,3550308,True,,32769,,,-23.654660999999997,-46.7609705,,,,2,2023-06-19T03:09:31+00:00
SAO_5119-10,São Paulo,3550308,True,,32769,,,-23.64251,-46.736504,,,,2,2023-06-19T03:09:44+00:00
SAO_5119-10,São Paulo,3550308,True,,32769,,,-23.6545125,-46.761236499999995,,,,2,2023-06-19T03:09:34+00:00
SAO_5119-10,São Paulo,3550308,True,,32769,,,-23.625769249999998,-46.7345635,,,,2,2023-06-19T03:09:45+00:00
SAO_5127-10,São Paulo,3550308,True,,1127,,,-23.675262000000004,-46.69923575,,,,1,2023-06-19T03:09:10+00:00
SAO_5127-10,São Paulo,3550308,True,,1127,,,-23.7015515,-46.640887,,,,1,2023-06-19T03:09:14+00:00
SAO_5127-10,São Paulo,3550308,True,,1127,,,-23.7015515,-46.640887,,,,1,2023-06-19T03:09:13+00:00
SAO_5127-10,São Paulo,3550308,True,,1127,,,-23.699324499999996,-46.647161,,,,1,2023-06-19T03:09:33+00:00
SAO_856R-10,São Paulo,3550308,True,,1428,,,-23.5238175,-46.70002075000001,,,,1,2023-06-19T03:09:52+00:00
SAO_856R-10,São Paulo,3550308,True,,1428,,,-23.646549812499998,-46.70300625,,,,1,2023-06-19T03:09:29+00:00
SAO_856R-10,São Paulo,3550308,True,,1428,,,-23.669865,-46.719399249999995,,,,1,2023-06-19T03:09:17+00:00
SAO_856R-10,São Paulo,3550308,True,,1428,,,-23.553594500000003,-46.674957500000005,,,,1,2023-06-19T03:09:33+00:00
SAO_856R-10,São Paulo,3550308,True,,1428,,,-23.521862,-46.6976475,,,,1,2023-06-19T03:09:45+00:00
SAO_5142-10,São Paulo,3550308,True,,1626,,,-23.613964,-46.500782,,,,1,2023-06-19T03:09:24+00:00
SAO_5142-10,São Paulo,3550308,True,,1626,,,-23.54620025,-46.63007,,,,1,2023-06-19T03:09:46+00:00
SAO_5142-10,São Paulo,3550308,True,,1626,,,-23.604115,-46.524492,,,,1,2023-06-19T03:09:35+00:00
SAO_5142-10,São Paulo,3550308,True,,1626,,,-23.584921,-46.58737475,,,,1,2023-06-19T03:08:08+00:00
SAO_6072-23,São Paulo,3550308,True,,2004,,,-23.767591,-46.7163045,,,,1,2023-06-19T03:09:38+00:00
SAO_6072-23,São Paulo,3550308,True,,2004,,,-23.767591,-46.7163045,,,,1,2023-06-19T03:09:35+00:00
SAO_6072-23,São Paulo,3550308,True,,2004,,,-23.767591,-46.7163045,,,,1,2023-06-19T03:09:30+00:00
SAO_6072-23,São Paulo,3550308,True,,2004,,,-23.767591,-46.7163045,,,,1,2023-06-19T03:09:43+00:00
SAO_6072-23,São Paulo,3550308,True,,2004,,,-23.767591,-46.7163045,,,,1,2023-06-19T03:09:18+00:00
SAO_6072-23,São Paulo,3550308,True,,2004,,,-23.767591,-46.7163045,,,,1,2023-06-19T03:09:27+00:00
SAO_6072-23,São Paulo,3550308,True,,2004,,,-23.767591,-46.7163045,,,,1,2023-06-19T03:09:32+00:00
SAO_6072-23,São Paulo,3550308,True,,2004,,,-23.767591,-46.7163045,,,,1,2023-06-19T03:09:43+00:00
SAO_6072-23,São Paulo,3550308,True,,2004,,,-23.767591,-46.7163045,,,,1,2023-06-19T03:09:11+00:00
SAO_6072-23,São Paulo,3550308,True,,2004,,,-23.767591,-46.7163045,,,,1,2023-06-19T03:09:38+00:00
SAO_6072-23,São Paulo,3550308,True,,2004,,,-23.767591,-46.7163045,,,,1,2023-06-19T03:09:44+00:00
SAO_6072-23,São Paulo,3550308,True,,2004,,,-23.767591,-46.7163045,,,,1,2023-06-19T03:09:47+00:00
SAO_6072-23,São Paulo,3550308,True,,2004,,,-23.767591,-46.7163045,,,,1,2023-06-19T03:09:10+00:00
SAO_6072-23,São Paulo,3550308,True,,2004,,,-23.766963,-46.71622,,,,1,2023-06-19T03:09:19+00:00
SAO_6072-23,São Paulo,3550308,True,,2004,,,-23.767299,-46.716265,,,,1,2023-06-19T03:09:34+00:00
SAO_6072-23,São Paulo,3550308,True,,2004,,,-23.767591,-46.7163045,,,,1,2023-06-19T03:09:43+00:00
SAO_6072-23,São Paulo,3550308,True,,2004,,,-23.767591,-46.7163045,,,,1,2023-06-19T03:09:36+00:00
SAO_6072-23,São Paulo,3550308,True,,2004,,,-23.7671445,-46.716244,,,,1,2023-06-19T03:09:29+00:00
SAO_6072-23,São Paulo,3550308,True,,2004,,,-23.767591,-46.7163045,,,,1,2023-06-19T03:09:14+00:00
SAO_6072-23,São Paulo,3550308,True,,2004,,,-23.771853,-46.719546,,,,1,2023-06-19T03:09:35+00:00
SAO_6072-23,São Paulo,3550308,True,,2004,,,-23.767591,-46.7163045,,,,1,2023-06-19T03:09:18+00:00
SAO_6072-23,São Paulo,3550308,True,,2004,,,-23.77103975,-46.723756,,,,1,2023-06-19T03:09:50+00:00
SAO_6072-23,São Paulo,3550308,True,,2004,,,-23.766712,-46.716187500000004,,,,1,2023-06-19T03:09:32+00:00
SAO_6072-23,São Paulo,3550308,True,,2004,,,-23.767591,-46.7163045,,,,1,2023-06-19T03:09:23+00:00
SAO_6072-23,São Paulo,3550308,True,,2004,,,-23.767428000000002,-46.7162825,,,,1,2023-06-19T03:09:37+00:00
SAO_6072-23,São Paulo,3550308,True,,2004,,,-23.767591,-46.7163045,,,,1,2023-06-19T03:09:41+00:00
SAO_6072-23,São Paulo,3550308,True,,2004,,,-23.767591,-46.7163045,,,,1,2023-06-19T03:09:23+00:00
SAO_6072-23,São Paulo,3550308,True,,2004,,,-23.767591,-46.7163045,,,,1,2023-06-19T03:09:14+00:00
SAO_6072-23,São Paulo,3550308,True,,2004,,,-23.7668745,-46.716208,,,,1,2023-06-19T03:09:35+00:00
SAO_6072-23,São Paulo,3550308,True,,2004,,,-23.767591,-46.7163045,,,,1,2023-06-19T03:09:27+00:00
SAO_1721-10,São Paulo,3550308,True,,666,,,-23.4880315,-46.5828975,,,,1,2023-06-19T03:05:23+00:00
SAO_3098-10,São Paulo,3550308,True,,33846,,,-23.631781750000002,-46.45626,,,,2,2023-06-19T03:09:11+00:00
SAO_3098-10,São Paulo,3550308,True,,33846,,,-23.60136275,-46.483574250000004,,,,2,2023-06-19T03:09:45+00:00
SAO_3098-10,São Paulo,3550308,True,,33846,,,-23.63146325,-46.456264,,,,2,2023-06-19T03:09:52+00:00
SAO_271A-51,São Paulo,3550308,True,,33471,,,-23.4985585,-46.514556999999996,,,,2,2023-06-19T03:09:09+00:00
SAO_271A-51,São Paulo,3550308,True,,33471,,,-23.490987250000003,-46.57958575000001,,,,2,2023-06-19T03:09:50+00:00
SAO_737A-10,São Paulo,3550308,True,,34498,,,-23.6902125,-46.773815,,,,2,2023-06-19T03:09:18+00:00
SAO_737A-10,São Paulo,3550308,True,,34498,,,-23.662539625,-46.706812,,,,2,2023-06-19T03:09:45+00:00
SAO_737A-10,São Paulo,3550308,True,,34498,,,-23.6901525,-46.774198999999996,,,,2,2023-06-19T03:09:36+00:00
SAO_737A-10,São Paulo,3550308,True,,34498,,,-23.6902125,-46.773815,,,,2,2023-06-19T03:09:12+00:00
SAO_4025-10,São Paulo,3550308,True,,33863,,,-23.553705,-46.57709,,,,2,2023-06-19T03:09:43+00:00
SAO_4025-10,São Paulo,3550308,True,,33863,,,-23.599863874999997,-46.561820625,,,,2,2023-06-19T03:09:38+00:00
SAO_4025-10,São Paulo,3550308,True,,33863,,,-23.607989375000002,-46.553975375,,,,2,2023-06-19T03:09:12+00:00
SAO_7063-10,São Paulo,3550308,True,,1899,,,-23.651991000000002,-46.789846499999996,,,,1,2023-06-19T03:09:25+00:00
SAO_7063-10,São Paulo,3550308,True,,1899,,,-23.651991000000002,-46.789846499999996,,,,1,2023-06-19T03:09:28+00:00
SAO_7063-10,São Paulo,3550308,True,,1899,,,-23.651991000000002,-46.789846499999996,,,,1,2023-06-19T03:09:19+00:00
SAO_7063-10,São Paulo,3550308,True,,1899,,,-23.651991000000002,-46.789846499999996,,,,1,2023-06-19T03:09:27+00:00
SAO_7063-10,São Paulo,3550308,True,,1899,,,-23.651991000000002,-46.789846499999996,,,,1,2023-06-19T03:09:37+00:00
SAO_7063-10,São Paulo,3550308,True,,1899,,,-23.651991000000002,-46.789846499999996,,,,1,2023-06-19T03:09:49+00:00
SAO_7063-10,São Paulo,3550308,True,,1899,,,-23.651991000000002,-46.789846499999996,,,,1,2023-06-19T03:09:12+00:00
SAO_7063-10,São Paulo,3550308,True,,1899,,,-23.631579000000002,-46.772447,,,,1,2023-06-19T03:09:41+00:00
SAO_7281-10,São Paulo,3550308,True,,1334,,,-23.541019249999998,-46.699289750000005,,,,1,2023-06-19T03:09:41+00:00
SAO_263J-10,São Paulo,3550308,True,EMTU,219,https://moovitapp.com/index/pt-br/transporte_p%C3%BAblico-line-219-Sao_Paulo-242-2038937-36419341-0,8.55,-23.549966249999997,-46.43092575,,,,1,2023-06-19T03:09:50+00:00
SAO_263J-10,São Paulo,3550308,True,EMTU,219,https://moovitapp.com/index/pt-br/transporte_p%C3%BAblico-line-219-Sao_Paulo-242-2038937-36419341-0,8.55,-23.51252925,-46.514734250000004,,,,1,2023-06-19T03:09:44+00:00
SAO_263J-10,São Paulo,3550308,True,EMTU,219,https://moovitapp.com/index/pt-br/transporte_p%C3%BAblico-line-219-Sao_Paulo-242-2038937-36419341-0,8.55,-23.54970875,-46.43107325,,,,1,2023-06-19T03:09:21+00:00
SAO_178Y-10,São Paulo,3550308,True,,33636,,,-23.491414,-46.617603,,,,2,2023-06-19T03:09:45+00:00
SAO_178Y-10,São Paulo,3550308,True,,33636,,,-23.467225499999998,-46.639269999999996,,,,2,2023-06-19T03:04:46+00:00
SAO_1709-10,São Paulo,3550308,True,,33619,,,-23.479985,-46.603936000000004,,,,2,2023-06-19T03:09:46+00:00
SAO_1709-10,São Paulo,3550308,True,,33619,,,-23.4597075,-46.602514,,,,2,2023-06-19T03:09:46+00:00
SAO_1709-10,São Paulo,3550308,True,,33619,,,-23.440870500000003,-46.58797199999999,,,,2,2023-06-19T03:09:09+00:00
SAO_1709-10,São Paulo,3550308,True,,33619,,,-23.479985,-46.603936000000004,,,,2,2023-06-19T03:09:11+00:00
SAO_888P-10,São Paulo,3550308,True,,33222,,,-23.408456,-46.7408545,,,,2,2023-06-19T03:09:26+00:00
SAO_888P-10,São Paulo,3550308,True,,33222,,,-23.4046795,-46.747930499999995,,,,2,2023-06-19T03:09:17+00:00
SAO_888P-10,São Paulo,3550308,True,,33222,,,-23.4410405,-46.7324435,,,,2,2023-06-19T03:09:10+00:00
SAO_888P-10,São Paulo,3550308,True,,33222,,,-23.408178,-46.7411865,,,,2,2023-06-19T03:09:39+00:00
SAO_888P-10,São Paulo,3550308,True,,33222,,,-23.408132000000002,-46.741365,,,,2,2023-06-19T03:09:36+00:00
SAO_4093-10,São Paulo,3550308,True,,35216,,,-23.589771499999998,-46.395229,,,,2,2023-06-19T03:09:50+00:00
SAO_4093-10,São Paulo,3550308,True,,35216,,,-23.591675000000002,-46.4035715,,,,2,2023-06-19T03:09:25+00:00
SAO_4033-10,São Paulo,3550308,True,,33871,,,-23.604306,-46.5384965,,,,2,2023-06-19T03:09:26+00:00
SAO_4033-10,São Paulo,3550308,True,,33871,,,-23.603224,-46.542550750000004,,,,2,2023-06-19T03:09:49+00:00
SAO_4033-10,São Paulo,3550308,True,,33871,,,-23.611874999999998,-46.474662,,,,2,2023-06-19T03:09:18+00:00
SAO_4033-10,São Paulo,3550308,True,,33871,,,-23.617627,-46.457224,,,,2,2023-06-19T03:09:48+00:00
SAO_4033-10,São Paulo,3550308,True,,33871,,,-23.601045,-46.5367575,,,,2,2023-06-19T03:09:22+00:00
SAO_4033-10,São Paulo,3550308,True,,33871,,,-23.604238000000002,-46.503246,,,,2,2023-06-19T03:09:15+00:00
SAO_342N-10,São Paulo,3550308,True,,1003,,,-23.532605,-46.4339375,,,,1,2023-06-19T03:09:53+00:00
SAO_1743-10,São Paulo,3550308,True,,33311,,,-23.4679605,-46.6687125,,,,2,2023-06-19T03:09:40+00:00
SAO_637R-10,São Paulo,3550308,True,EMTU,196,https://moovitapp.com/index/pt-br/transporte_p%C3%BAblico-line-196-Sao_Paulo-242-2038937-36419323-0,4.85,-23.665581,-46.711209749999995,,,,1,2023-06-19T03:09:30+00:00
SAO_637R-10,São Paulo,3550308,True,EMTU,196,https://moovitapp.com/index/pt-br/transporte_p%C3%BAblico-line-196-Sao_Paulo-242-2038937-36419323-0,4.85,-23.70742125,-46.7843955,,,,1,2023-06-19T03:09:48+00:00
SAO_5106-10,São Paulo,3550308,True,,34048,,,-23.579183,-46.6511505,,,,2,2023-06-19T03:09:20+00:00
SAO_5106-10,São Paulo,3550308,True,,34048,,,-23.643800749999997,-46.641321,,,,2,2023-06-19T03:09:48+00:00
SAO_5106-10,São Paulo,3550308,True,,34048,,,-23.688147999999998,-46.6552325,,,,2,2023-06-19T03:09:39+00:00
SAO_5106-10,São Paulo,3550308,True,,34048,,,-23.64599175,-46.64096275,,,,2,2023-06-19T03:09:33+00:00
SAO_6037-10,São Paulo,3550308,True,,1215,,,-23.6493575,-46.7848365,,,,1,2023-06-19T03:09:15+00:00
SAO_6037-10,São Paulo,3550308,True,,1215,,,-23.6493575,-46.7848365,,,,1,2023-06-19T03:09:41+00:00
SAO_6037-10,São Paulo,3550308,True,,1215,,,-23.641656750000003,-46.724222,,,,1,2023-06-19T03:09:53+00:00
SAO_475M-10,São Paulo,3550308,True,,33111,,,-23.540424,-46.6484015,,,,2,2023-06-19T03:09:30+00:00
SAO_475M-10,São Paulo,3550308,True,,33111,,,-23.5939385,-46.619986,,,,2,2023-06-19T03:09:08+00:00
SAO_6036-10,São Paulo,3550308,True,,1214,,,-23.653378,-46.7591835,,,,1,2023-06-19T03:09:30+00:00
SAO_6036-10,São Paulo,3550308,True,,1214,,,-23.6538115,-46.789655499999995,,,,1,2023-06-19T03:09:09+00:00
SAO_6036-10,São Paulo,3550308,True,,1214,,,-23.6538115,-46.789655499999995,,,,1,2023-06-19T03:09:09+00:00
SAO_707A-10,São Paulo,3550308,True,,34758,,,-23.650007000000002,-46.7059785,,,,2,2023-06-19T03:09:42+00:00
SAO_707A-10,São Paulo,3550308,True,,34758,,,-23.6926835,-46.778135500000005,,,,2,2023-06-19T03:09:35+00:00
SAO_707A-10,São Paulo,3550308,True,,34758,,,-23.603113375,-46.657151,,,,2,2023-06-19T03:09:08+00:00
SAO_707A-10,São Paulo,3550308,True,,34758,,,-23.692809,-46.778341,,,,2,2023-06-19T03:09:31+00:00
SAO_707A-10,São Paulo,3550308,True,,34758,,,-23.692511000000003,-46.7778525,,,,2,2023-06-19T03:09:21+00:00
SAO_707A-10,São Paulo,3550308,True,,34758,,,-23.692594,-46.777992,,,,2,2023-06-19T03:09:40+00:00
SAO_715M-10,São Paulo,3550308,True,,33258,,,-23.562565499999998,-46.67539575,,,,2,2023-06-19T03:09:46+00:00
SAO_715M-10,São Paulo,3550308,True,,33258,,,-23.5828845,-46.7617605,,,,2,2023-06-19T03:09:11+00:00
SAO_715M-10,São Paulo,3550308,True,,33258,,,-23.558980000000002,-46.642120500000004,,,,2,2023-06-19T03:09:26+00:00
SAO_8038-10,São Paulo,3550308,True,,33565,,,-23.53488225,-46.76081775,,,,2,2023-06-19T03:09:45+00:00
SAO_8038-10,São Paulo,3550308,True,,33565,,,-23.5210115,-46.72166,,,,2,2023-06-19T03:07:54+00:00
SAO_8038-10,São Paulo,3550308,True,,33565,,,-23.545798,-46.75076975,,,,2,2023-06-19T03:09:16+00:00
SAO_8038-10,São Paulo,3550308,True,,33565,,,-23.5192465,-46.7041905,,,,2,2023-06-19T03:09:38+00:00
SAO_3761-10,São Paulo,3550308,True,,1051,,,-23.537936375,-46.563649125,,,,1,2023-06-19T03:09:29+00:00
SAO_3761-10,São Paulo,3550308,True,,1051,,,-23.559109999999997,-46.513171,,,,1,2023-06-19T03:09:36+00:00
SAO_3761-10,São Paulo,3550308,True,,1051,,,-23.594517500000002,-46.447731,,,,1,2023-06-19T03:09:12+00:00
SAO_3761-10,São Paulo,3550308,True,,1051,,,-23.616551,-46.42312750000001,,,,1,2023-06-19T03:09:18+00:00
SAO_5107-10,São Paulo,3550308,True,,1659,,,-23.555680375,-46.6268855,,,,1,2023-06-19T03:09:16+00:00
SAO_5107-10,São Paulo,3550308,True,,1659,,,-23.603439,-46.602865,,,,1,2023-06-19T03:09:25+00:00
SAO_6118-10,São Paulo,3550308,True,,33956,,,-23.726843000000002,-46.713171,,,,2,2023-06-19T03:09:11+00:00
SAO_6118-10,São Paulo,3550308,True,,33956,,,-23.752540500000002,-46.7027275,,,,2,2023-06-19T03:09:42+00:00
SAO_5036-10,São Paulo,3550308,True,,1666,,,-23.651016,-46.6143215,,,,1,2023-06-19T03:09:42+00:00
SAO_5036-10,São Paulo,3550308,True,,1666,,,-23.6370615,-46.60746,,,,1,2023-06-19T03:09:28+00:00
SAO_5036-10,São Paulo,3550308,True,,1666,,,-23.6571055,-46.613468999999995,,,,1,2023-06-19T03:09:22+00:00
SAO_2708-10,São Paulo,3550308,True,,921,,,-23.5304715,-46.44456,,,,1,2023-06-19T03:09:22+00:00
SAO_2708-10,São Paulo,3550308,True,,921,,,-23.5320325,-46.402381500000004,,,,1,2023-06-19T03:09:04+00:00
SAO_2708-10,São Paulo,3550308,True,,921,,,-23.542153499999998,-46.4720245,,,,1,2023-06-19T03:09:46+00:00
SAO_807A-10,São Paulo,3550308,True,,1900,,,-23.644859875,-46.722269874999995,,,,1,2023-06-19T03:09:38+00:00
SAO_807A-10,São Paulo,3550308,True,,1900,,,-23.654322,-46.711614,,,,1,2023-06-19T03:09:13+00:00
SAO_807A-10,São Paulo,3550308,True,,1900,,,-23.6315435,-46.771726,,,,1,2023-06-19T03:09:52+00:00
SAO_5318-10,São Paulo,3550308,True,,45,,,-23.572684,-46.640971,,,,1,2023-06-19T03:09:12+00:00
SAO_5318-10,São Paulo,3550308,True,,45,,,-23.6349845,-46.701767249999996,,,,1,2023-06-19T03:09:21+00:00
SAO_1744-10,São Paulo,3550308,True,,544,,,-23.504151125,-46.62617125,,,,1,2023-06-19T03:09:18+00:00
SAO_9011-10,São Paulo,3550308,True,,878,,,-23.45467,-46.738116000000005,,,,1,2023-06-19T03:09:37+00:00
SAO_9011-10,São Paulo,3550308,True,,878,,,-23.449800500000002,-46.735158,,,,1,2023-06-19T03:09:17+00:00
SAO_9011-10,São Paulo,3550308,True,,878,,,-23.45467,-46.738116000000005,,,,1,2023-06-19T03:09:28+00:00
SAO_9011-10,São Paulo,3550308,True,,878,,,-23.45467,-46.738116000000005,,,,1,2023-06-19T03:09:39+00:00
SAO_9011-10,São Paulo,3550308,True,,878,,,-23.45467,-46.738116000000005,,,,1,2023-06-19T03:09:39+00:00
SAO_9011-10,São Paulo,3550308,True,,878,,,-23.45467,-46.738116000000005,,,,1,2023-06-19T03:09:31+00:00
SAO_9011-10,São Paulo,3550308,True,,878,,,-23.45467,-46.738116000000005,,,,1,2023-06-19T03:09:19+00:00
SAO_9011-10,São Paulo,3550308,True,,878,,,-23.45467,-46.738116000000005,,,,1,2023-06-19T03:09:21+00:00
SAO_2626-10,São Paulo,3550308,True,EMTU,376,https://moovitapp.com/index/pt-br/transporte_p%C3%BAblico-line-376-Sao_Paulo-242-2038937-114744732-0,5.1,-23.536963749999998,-46.59174825,,,,1,2023-06-19T03:09:37+00:00
SAO_2626-10,São Paulo,3550308,True,EMTU,376,https://moovitapp.com/index/pt-br/transporte_p%C3%BAblico-line-376-Sao_Paulo-242-2038937-114744732-0,5.1,-23.546727,-46.629723999999996,,,,1,2023-06-19T03:09:09+00:00
SAO_3051-10,São Paulo,3550308,True,,35214,,,-23.5161555,-46.46792,,,,2,2023-06-19T03:09:48+00:00
SAO_3051-10,São Paulo,3550308,True,,35214,,,-23.4866635,-46.482709,,,,2,2023-06-19T03:09:30+00:00
SAO_3051-10,São Paulo,3550308,True,,35214,,,-23.51774125,-46.46879725,,,,2,2023-06-19T03:09:20+00:00
SAO_407H-10,São Paulo,3550308,True,,2197,,,-23.59481075,-46.449171500000006,,,,1,2023-06-19T03:09:31+00:00
SAO_407H-10,São Paulo,3550308,True,,2197,,,-23.571707,-46.450969,,,,1,2023-06-19T03:05:15+00:00
SAO_407H-10,São Paulo,3550308,True,,2197,,,-23.6335585,-46.4430015,,,,1,2023-06-19T03:09:43+00:00
SAO_2666-10,São Paulo,3550308,True,,33146,,,-23.518412250000004,-46.391846125,,,,2,2023-06-19T03:09:30+00:00
SAO_2666-10,São Paulo,3550308,True,,33146,,,-23.497982,-46.4593225,,,,2,2023-06-19T03:09:32+00:00
SAO_2666-10,São Paulo,3550308,True,,33146,,,-23.546655,-46.630598,,,,2,2023-06-19T03:09:40+00:00
SAO_2666-10,São Paulo,3550308,True,,33146,,,-23.535017500000002,-46.5693435,,,,2,2023-06-19T03:09:21+00:00
SAO_2666-10,São Paulo,3550308,True,,33146,,,-23.498171499999998,-46.401257,,,,2,2023-06-19T03:09:45+00:00
SAO_2666-10,São Paulo,3550308,True,,33146,,,-23.546655,-46.630598,,,,2,2023-06-19T03:09:28+00:00
SAO_2666-10,São Paulo,3550308,True,,33146,,,-23.546655,-46.630598,,,,2,2023-06-19T03:09:49+00:00
SAO_2666-10,São Paulo,3550308,True,,33146,,,-23.546655,-46.630598,,,,2,2023-06-19T03:09:04+00:00
SAO_2666-10,São Paulo,3550308,True,,33146,,,-23.518412250000004,-46.391846125,,,,2,2023-06-19T03:09:35+00:00
SAO_745M-10,São Paulo,3550308,True,,33550,,,-23.630817,-46.767892,,,,2,2023-06-19T03:09:14+00:00
SAO_745M-10,São Paulo,3550308,True,,33550,,,-23.630615499999998,-46.768413,,,,2,2023-06-19T03:09:49+00:00
SAO_745M-10,São Paulo,3550308,True,,33550,,,-23.630817,-46.767892,,,,2,2023-06-19T03:09:22+00:00
SAO_745M-10,São Paulo,3550308,True,,33550,,,-23.673821,-46.7849995,,,,2,2023-06-19T03:09:20+00:00
SAO_745M-10,São Paulo,3550308,True,,33550,,,-23.6384965,-46.779754499999996,,,,2,2023-06-19T03:09:21+00:00
SAO_745M-10,São Paulo,3550308,True,,33550,,,-23.667775,-46.7842915,,,,2,2023-06-19T03:09:53+00:00
SAO_745M-10,São Paulo,3550308,True,,33550,,,-23.670930499999997,-46.760254,,,,2,2023-06-19T03:09:32+00:00
SAO_745M-10,São Paulo,3550308,True,,33550,,,-23.666517499999998,-46.705885,,,,2,2023-06-19T03:09:22+00:00
SAO_745M-10,São Paulo,3550308,True,,33550,,,-23.630817,-46.767892,,,,2,2023-06-19T03:09:13+00:00
SAO_407H-10,São Paulo,3550308,True,,34965,,,-23.6209355,-46.458462499999996,,,,2,2023-06-19T03:09:36+00:00
SAO_407H-10,São Paulo,3550308,True,,34965,,,-23.564975,-46.4676125,,,,2,2023-06-19T03:09:36+00:00
SAO_407H-10,São Paulo,3550308,True,,34965,,,-23.631496499999997,-46.447165,,,,2,2023-06-19T03:09:44+00:00
SAO_407H-10,São Paulo,3550308,True,,34965,,,-23.5959875,-46.453278,,,,2,2023-06-19T03:09:24+00:00
SAO_5362-10,São Paulo,3550308,True,,32838,,,-23.7444965,-46.670638499999995,,,,2,2023-06-19T03:09:40+00:00
SAO_5362-10,São Paulo,3550308,True,,32838,,,-23.7444975,-46.670542499999996,,,,2,2023-06-19T03:09:29+00:00
SAO_5362-10,São Paulo,3550308,True,,32838,,,-23.69331475,-46.71491,,,,2,2023-06-19T03:09:11+00:00
SAO_5362-10,São Paulo,3550308,True,,32838,,,-23.745153875,-46.666516875,,,,2,2023-06-19T03:09:28+00:00
SAO_5362-10,São Paulo,3550308,True,,32838,,,-23.612411,-46.670573250000004,,,,2,2023-06-19T03:09:51+00:00
SAO_5362-10,São Paulo,3550308,True,,32838,,,-23.750414,-46.6881355,,,,2,2023-06-19T03:09:52+00:00
SAO_7062-31,São Paulo,3550308,True,,1914,,,-23.646552,-46.7725675,,,,1,2023-06-19T03:09:22+00:00
SAO_6073-10,São Paulo,3550308,True,,33928,,,-23.853313,-46.6956225,,,,2,2023-06-19T03:09:21+00:00
SAO_6073-10,São Paulo,3550308,True,,33928,,,-23.853313,-46.6956225,,,,2,2023-06-19T03:09:14+00:00
SAO_6073-10,São Paulo,3550308,True,,33928,,,-23.853313,-46.6956225,,,,2,2023-06-19T03:09:21+00:00
SAO_6073-10,São Paulo,3550308,True,,33928,,,-23.795531,-46.730115,,,,2,2023-06-19T03:09:48+00:00
SAO_6073-10,São Paulo,3550308,True,,33928,,,-23.853313,-46.6956225,,,,2,2023-06-19T03:09:19+00:00
SAO_6073-10,São Paulo,3550308,True,,33928,,,-23.853313,-46.6956225,,,,2,2023-06-19T03:09:14+00:00
SAO_6073-10,São Paulo,3550308,True,,33928,,,-23.853313,-46.6956225,,,,2,2023-06-19T03:09:44+00:00
SAO_6073-10,São Paulo,3550308,True,,33928,,,-23.853313,-46.6956225,,,,2,2023-06-19T03:09:25+00:00
SAO_4085-10,São Paulo,3550308,True,,34924,,,-23.557952,-46.44235225,,,,2,2023-06-19T03:09:31+00:00
SAO_4085-10,São Paulo,3550308,True,,34924,,,-23.542686,-46.4716125,,,,2,2023-06-19T03:09:32+00:00
SAO_4085-10,São Paulo,3550308,True,,34924,,,-23.559863,-46.435469999999995,,,,2,2023-06-19T02:54:56+00:00
SAO_2551-10,São Paulo,3550308,True,,32909,,,-23.546832000000002,-46.6301665,,,,2,2023-06-19T03:09:14+00:00
SAO_2551-10,São Paulo,3550308,True,,32909,,,-23.535095,-46.5766945,,,,2,2023-06-19T03:09:39+00:00
SAO_2551-10,São Paulo,3550308,True,,32909,,,-23.546832000000002,-46.6301665,,,,2,2023-06-19T03:09:12+00:00
SAO_2551-10,São Paulo,3550308,True,,32909,,,-23.517523,-46.480799000000005,,,,2,2023-06-19T03:09:22+00:00
SAO_5024-10,São Paulo,3550308,True,,33890,,,-23.6543535,-46.701634625,,,,2,2023-06-19T03:09:29+00:00
SAO_5024-10,São Paulo,3550308,True,,33890,,,-23.6941195,-46.65682925,,,,2,2023-06-19T03:09:11+00:00
SAO_5024-10,São Paulo,3550308,True,,33890,,,-23.689080750000002,-46.64931275,,,,2,2023-06-19T03:09:48+00:00
SAO_5024-10,São Paulo,3550308,True,,33890,,,-23.679727,-46.665569500000004,,,,2,2023-06-19T03:09:28+00:00
SAO_7022-10,São Paulo,3550308,True,,2084,,,-23.67163175,-46.7409715,,,,1,2023-06-19T03:09:17+00:00
SAO_7022-10,São Paulo,3550308,True,,2084,,,-23.685382500000003,-46.775007,,,,1,2023-06-19T03:09:50+00:00
SAO_7022-10,São Paulo,3550308,True,,2084,,,-23.653948,-46.71043675,,,,1,2023-06-19T03:09:35+00:00
SAO_1016-10,São Paulo,3550308,True,,33599,,,-23.513872,-46.6160225,,,,2,2023-06-19T03:09:29+00:00
SAO_1016-10,São Paulo,3550308,True,,33599,,,-23.48256075,-46.60813375,,,,2,2023-06-19T03:09:35+00:00
SAO_1016-10,São Paulo,3550308,True,,33599,,,-23.513872,-46.6160225,,,,2,2023-06-19T03:09:18+00:00
SAO_1016-10,São Paulo,3550308,True,,33599,,,-23.452763500000003,-46.607663,,,,2,2023-06-19T03:09:43+00:00
SAO_695H-10,São Paulo,3550308,True,,33964,,,-23.78837,-46.715108,,,,2,2023-06-19T03:09:25+00:00
SAO_695H-10,São Paulo,3550308,True,,33964,,,-23.78837,-46.715108,,,,2,2023-06-19T03:09:12+00:00
SAO_695H-10,São Paulo,3550308,True,,33964,,,-23.74034425,-46.70397575,,,,2,2023-06-19T03:09:49+00:00
SAO_695H-10,São Paulo,3550308,True,,33964,,,-23.660215,-46.7023855,,,,2,2023-06-19T03:09:43+00:00
SAO_8003-21,São Paulo,3550308,True,,2582,,,-23.5200685,-46.700133,,,,1,2023-06-19T03:09:24+00:00
SAO_8003-21,São Paulo,3550308,True,,2582,,,-23.520611,-46.699345,,,,1,2023-06-19T03:09:39+00:00
SAO_8003-21,São Paulo,3550308,True,,2582,,,-23.51397,-46.754827500000005,,,,1,2023-06-19T03:09:36+00:00
SAO_7004-10,São Paulo,3550308,True,,34760,,,-23.742065,-46.8005655,,,,2,2023-06-19T03:09:44+00:00
SAO_7004-10,São Paulo,3550308,True,,34760,,,-23.7305335,-46.7858295,,,,2,2023-06-19T03:09:24+00:00
SAO_7004-10,São Paulo,3550308,True,,34760,,,-23.742005499999998,-46.80109,,,,2,2023-06-19T03:09:34+00:00
SAO_7004-10,São Paulo,3550308,True,,34760,,,-23.7302945,-46.7858455,,,,2,2023-06-19T03:09:30+00:00
SAO_7004-10,São Paulo,3550308,True,,34760,,,-23.6901525,-46.774198999999996,,,,2,2023-06-19T03:07:11+00:00
SAO_7004-10,São Paulo,3550308,True,,34760,,,-23.742127,-46.8004705,,,,2,2023-06-19T03:09:21+00:00
SAO_7004-10,São Paulo,3550308,True,,34760,,,-23.7418915,-46.800889,,,,2,2023-06-19T03:09:28+00:00
SAO_7004-10,São Paulo,3550308,True,,34760,,,-23.7317975,-46.7861475,,,,2,2023-06-19T03:09:26+00:00
SAO_7004-10,São Paulo,3550308,True,,34760,,,-23.7302945,-46.7858455,,,,2,2023-06-19T03:09:17+00:00
SAO_7004-10,São Paulo,3550308,True,,34760,,,-23.7305335,-46.7858295,,,,2,2023-06-19T03:07:49+00:00
SAO_7004-10,São Paulo,3550308,True,,34760,,,-23.7317975,-46.7861475,,,,2,2023-06-19T03:09:17+00:00
SAO_7004-10,São Paulo,3550308,True,,34760,,,-23.667488,-46.73012,,,,2,2023-06-19T03:09:32+00:00
SAO_2021-10,São Paulo,3550308,True,,906,,,-23.544384,-46.389341,,,,1,2023-06-19T03:09:42+00:00
SAO_2021-10,São Paulo,3550308,True,,906,,,-23.5443145,-46.389241999999996,,,,1,2023-06-19T03:08:47+00:00
SAO_2021-10,São Paulo,3550308,True,,906,,,-23.5443145,-46.389241999999996,,,,1,2023-06-19T03:09:20+00:00
SAO_2021-10,São Paulo,3550308,True,,906,,,-23.5443145,-46.389241999999996,,,,1,2023-06-19T03:09:22+00:00
SAO_407A-21,São Paulo,3550308,True,,2501,,,-23.5688125,-46.5082295,,,,1,2023-06-19T03:09:08+00:00
SAO_407A-21,São Paulo,3550308,True,,2501,,,-23.554279,-46.578238,,,,1,2023-06-19T03:09:07+00:00
SAO_8542-21,São Paulo,3550308,True,,1361,,,-23.5149045,-46.698296,,,,1,2023-06-19T03:09:31+00:00
SAO_8016-10,São Paulo,3550308,True,,1346,,,-23.451037,-46.7186715,,,,1,2023-06-19T03:09:45+00:00
SAO_7281-10,São Paulo,3550308,True,,34102,,,-23.555425,-46.663049,,,,2,2023-06-19T03:09:27+00:00
SAO_7281-10,São Paulo,3550308,True,,34102,,,-23.545989,-46.6388205,,,,2,2023-06-19T03:09:26+00:00
SAO_7281-10,São Paulo,3550308,True,,34102,,,-23.521662,-46.701854,,,,2,2023-06-19T03:09:33+00:00
SAO_3112-10,São Paulo,3550308,True,,1080,,,-23.542626,-46.593327875,,,,1,2023-06-19T03:09:27+00:00
SAO_3112-10,São Paulo,3550308,True,,1080,,,-23.584286,-46.5815445,,,,1,2023-06-19T03:09:51+00:00
SAO_3112-10,São Paulo,3550308,True,,1080,,,-23.599205249999997,-46.53805525,,,,1,2023-06-19T03:09:45+00:00
SAO_1701-10,São Paulo,3550308,True,,33613,,,-23.447903750000002,-46.57596337499999,,,,2,2023-06-19T03:09:40+00:00
SAO_1701-10,São Paulo,3550308,True,,33613,,,-23.4996975,-46.613971750000005,,,,2,2023-06-19T03:09:52+00:00
SAO_1701-10,São Paulo,3550308,True,,33613,,,-23.447903750000002,-46.57596337499999,,,,2,2023-06-19T03:09:37+00:00
SAO_3013-10,São Paulo,3550308,True,,33722,,,-23.582943,-46.408454,,,,2,2023-06-19T03:09:26+00:00
SAO_179X-10,São Paulo,3550308,True,,33448,,,-23.4383045,-46.5756665,,,,2,2023-06-19T03:09:40+00:00
SAO_179X-10,São Paulo,3550308,True,,33448,,,-23.530757,-46.634438,,,,2,2023-06-19T03:09:27+00:00
SAO_179X-10,São Paulo,3550308,True,,33448,,,-23.526212,-46.6527775,,,,2,2023-06-19T03:09:42+00:00
SAO_3139-10,São Paulo,3550308,True,,33763,,,-23.557136999999997,-46.57299175,,,,2,2023-06-19T03:09:20+00:00
SAO_2009-10,São Paulo,3550308,True,,898,,,-23.541795,-46.415766,,,,1,2023-06-19T03:09:42+00:00
SAO_2009-10,São Paulo,3550308,True,,898,,,-23.51882525,-46.413051249999995,,,,1,2023-06-19T03:09:03+00:00
SAO_3731-10,São Paulo,3550308,True,,33796,,,-23.539182500000003,-46.51704,,,,2,2023-06-19T03:09:22+00:00
SAO_3731-10,São Paulo,3550308,True,,33796,,,-23.538997000000002,-46.5171695,,,,2,2023-06-19T03:09:11+00:00
SAO_3731-10,São Paulo,3550308,True,,33796,,,-23.532009,-46.522776,,,,2,2023-06-19T03:09:46+00:00
SAO_3731-10,São Paulo,3550308,True,,33796,,,-23.5558945,-46.51371475,,,,2,2023-06-19T03:09:49+00:00
SAO_3731-10,São Paulo,3550308,True,,33796,,,-23.538657999999998,-46.517447,,,,2,2023-06-19T03:08:10+00:00
SAO_3731-10,São Paulo,3550308,True,,33796,,,-23.5393245,-46.516946000000004,,,,2,2023-06-19T03:09:42+00:00
SAO_546A-31,São Paulo,3550308,True,,1132,,,-23.7139475,-46.6571055,,,,1,2023-06-19T03:09:45+00:00
SAO_546A-31,São Paulo,3550308,True,,1132,,,-23.7139475,-46.6571055,,,,1,2023-06-19T03:04:44+00:00
SAO_546A-31,São Paulo,3550308,True,,1132,,,-23.65617125,-46.700585375,,,,1,2023-06-19T03:09:32+00:00
SAO_307C-10,São Paulo,3550308,True,,34882,,,-23.49448,-46.414542499999996,,,,2,2023-06-19T03:09:51+00:00
SAO_307C-10,São Paulo,3550308,True,,34882,,,-23.50001375,-46.4690895,,,,2,2023-06-19T03:09:12+00:00
SAO_307C-10,São Paulo,3550308,True,,34882,,,-23.5038615,-46.3797665,,,,2,2023-06-19T03:09:09+00:00
SAO_307C-10,São Paulo,3550308,True,,34882,,,-23.50869475,-46.375088,,,,2,2023-06-19T03:06:43+00:00
SAO_7050-10,São Paulo,3550308,True,,1884,,,-23.6559205,-46.776455,,,,1,2023-06-19T03:09:24+00:00
SAO_7050-10,São Paulo,3550308,True,,1884,,,-23.631508,-46.7726,,,,1,2023-06-19T03:09:20+00:00
SAO_7050-10,São Paulo,3550308,True,,1884,,,-23.6316405,-46.772316,,,,1,2023-06-19T03:09:39+00:00
SAO_1780-10,São Paulo,3550308,True,,33637,,,-23.458005999999997,-46.58475,,,,2,2023-06-19T03:08:54+00:00
SAO_1780-10,São Paulo,3550308,True,,33637,,,-23.4483715,-46.5789425,,,,2,2023-06-19T03:09:18+00:00
SAO_1780-10,São Paulo,3550308,True,,33637,,,-23.448106,-46.5790305,,,,2,2023-06-19T03:09:09+00:00
SAO_6063-10,São Paulo,3550308,True,,33920,,,-23.783673,-46.6827105,,,,2,2023-06-19T03:09:35+00:00
SAO_6063-10,São Paulo,3550308,True,,33920,,,-23.766647,-46.716179,,,,2,2023-06-19T03:09:37+00:00
SAO_6063-10,São Paulo,3550308,True,,33920,,,-23.783673,-46.6827105,,,,2,2023-06-19T03:09:14+00:00
SAO_6063-10,São Paulo,3550308,True,,33920,,,-23.783673,-46.6827105,,,,2,2023-06-19T03:09:21+00:00
SAO_6063-10,São Paulo,3550308,True,,33920,,,-23.766647,-46.716179,,,,2,2023-06-19T03:09:26+00:00
SAO_6063-10,São Paulo,3550308,True,,33920,,,-23.766647,-46.716179,,,,2,2023-06-19T03:09:26+00:00
SAO_6063-10,São Paulo,3550308,True,,33920,,,-23.783673,-46.6827105,,,,2,2023-06-19T03:09:23+00:00
SAO_6063-10,São Paulo,3550308,True,,33920,,,-23.783673,-46.6827105,,,,2,2023-06-19T03:09:44+00:00
SAO_6063-10,São Paulo,3550308,True,,33920,,,-23.766647,-46.716179,,,,2,2023-06-19T03:09:20+00:00
SAO_6063-10,São Paulo,3550308,True,,33920,,,-23.766647,-46.716179,,,,2,2023-06-19T03:09:20+00:00
SAO_6063-10,São Paulo,3550308,True,,33920,,,-23.783673,-46.6827105,,,,2,2023-06-19T03:09:17+00:00
SAO_2766-10,São Paulo,3550308,True,,33173,,,-23.5425775,-46.4719335,,,,2,2023-06-19T03:09:25+00:00
SAO_2766-10,São Paulo,3550308,True,,33173,,,-23.520834,-46.3890395,,,,2,2023-06-19T03:09:22+00:00
SAO_2766-10,São Paulo,3550308,True,,33173,,,-23.536076875,-46.450280125000006,,,,2,2023-06-19T03:09:49+00:00
SAO_2766-10,São Paulo,3550308,True,,33173,,,-23.5425775,-46.4719335,,,,2,2023-06-19T03:09:16+00:00
SAO_2766-10,São Paulo,3550308,True,,33173,,,-23.520543500000002,-46.389382499999996,,,,2,2023-06-19T03:09:09+00:00
SAO_2766-10,São Paulo,3550308,True,,33173,,,-23.5425775,-46.4719335,,,,2,2023-06-19T03:09:33+00:00
SAO_3737-31,São Paulo,3550308,True,,1354,,,-23.541713,-46.5095305,,,,1,2023-06-19T03:09:16+00:00
SAO_263J-10,São Paulo,3550308,True,,32987,,,-23.517210374999998,-46.476245250000005,,,,2,2023-06-19T03:09:09+00:00
SAO_5757-51,São Paulo,3550308,True,,1976,,,-23.639613,-46.64291,,,,1,2023-06-19T03:09:35+00:00
SAO_5757-51,São Paulo,3550308,True,,1976,,,-23.7079895,-46.641386499999996,,,,1,2023-06-19T03:08:41+00:00
SAO_5757-51,São Paulo,3550308,True,,1976,,,-23.70693,-46.6414515,,,,1,2023-06-19T03:09:09+00:00
SAO_5757-51,São Paulo,3550308,True,,1976,,,-23.7079895,-46.641386499999996,,,,1,2023-06-19T03:09:20+00:00
SAO_5757-51,São Paulo,3550308,True,,1976,,,-23.6961285,-46.6500865,,,,1,2023-06-19T03:09:24+00:00
SAO_5757-51,São Paulo,3550308,True,,1976,,,-23.67020325,-46.64765,,,,1,2023-06-19T03:09:19+00:00
SAO_5757-51,São Paulo,3550308,True,,1976,,,-23.7079895,-46.641386499999996,,,,1,2023-06-19T03:09:04+00:00
SAO_6075-10,São Paulo,3550308,True,,33930,,,-23.790612499999998,-46.72688050000001,,,,2,2023-06-19T03:09:11+00:00
SAO_6075-10,São Paulo,3550308,True,,33930,,,-23.797590999999997,-46.738108499999996,,,,2,2023-06-19T03:09:31+00:00
SAO_6075-10,São Paulo,3550308,True,,33930,,,-23.797689499999997,-46.7382825,,,,2,2023-06-19T03:09:24+00:00
SAO_6075-10,São Paulo,3550308,True,,33930,,,-23.7971525,-46.7376385,,,,2,2023-06-19T03:09:39+00:00
SAO_6075-10,São Paulo,3550308,True,,33930,,,-23.797689499999997,-46.7382825,,,,2,2023-06-19T03:09:14+00:00
SAO_4033-10,São Paulo,3550308,True,,1103,,,-23.594908,-46.505531,,,,1,2023-06-19T03:09:29+00:00
SAO_4033-10,São Paulo,3550308,True,,1103,,,-23.617627,-46.457224,,,,1,2023-06-19T03:09:49+00:00
SAO_4033-10,São Paulo,3550308,True,,1103,,,-23.61466325,-46.50040425,,,,1,2023-06-19T03:09:45+00:00
SAO_4033-10,São Paulo,3550308,True,,1103,,,-23.6032955,-46.5422345,,,,1,2023-06-19T03:09:16+00:00
SAO_5108-10,São Paulo,3550308,True,,34443,,,-23.66302925,-46.6197265,,,,2,2023-06-19T03:09:25+00:00
SAO_5108-10,São Paulo,3550308,True,,34443,,,-23.618551,-46.619001499999996,,,,2,2023-06-19T03:09:31+00:00
SAO_5108-10,São Paulo,3550308,True,,34443,,,-23.66288575,-46.6199235,,,,2,2023-06-19T03:09:23+00:00
SAO_5108-10,São Paulo,3550308,True,,34443,,,-23.560561,-46.6293675,,,,2,2023-06-19T03:09:32+00:00
SAO_9014-10,São Paulo,3550308,True,,34193,,,-23.5203805,-46.699357,,,,2,2023-06-19T03:09:38+00:00
SAO_9014-10,São Paulo,3550308,True,,34193,,,-23.520236,-46.6997165,,,,2,2023-06-19T03:09:44+00:00
SAO_9014-10,São Paulo,3550308,True,,34193,,,-23.507077375,-46.689163875000006,,,,2,2023-06-19T03:09:28+00:00
SAO_5012-10,São Paulo,3550308,True,,33884,,,-23.6459105,-46.6397875,,,,2,2023-06-19T03:09:47+00:00
SAO_5012-10,São Paulo,3550308,True,,33884,,,-23.6889705,-46.63420825,,,,2,2023-06-19T03:09:35+00:00
SAO_5012-10,São Paulo,3550308,True,,33884,,,-23.6459105,-46.6397875,,,,2,2023-06-19T03:06:19+00:00
SAO_5012-10,São Paulo,3550308,True,,33884,,,-23.6459105,-46.6397875,,,,2,2023-06-19T03:09:10+00:00
SAO_5012-10,São Paulo,3550308,True,,33884,,,-23.70650375,-46.628839,,,,2,2023-06-19T03:05:21+00:00
SAO_5012-10,São Paulo,3550308,True,,33884,,,-23.680958,-46.638784,,,,2,2023-06-19T03:09:36+00:00
SAO_374V-10,São Paulo,3550308,True,,1647,,,-23.511004999999997,-46.4543005,,,,1,2023-06-19T03:09:24+00:00
SAO_374V-10,São Paulo,3550308,True,,1647,,,-23.5175915,-46.453903499999996,,,,1,2023-06-19T03:09:12+00:00
SAO_6L07-10,São Paulo,3550308,True,,34313,,,-23.8313465,-46.711774500000004,,,,2,2023-06-19T03:09:25+00:00
SAO_4007-10,São Paulo,3550308,True,,34949,,,-23.5600345,-46.4156875,,,,2,2023-06-19T03:09:38+00:00
SAO_4007-10,São Paulo,3550308,True,,34949,,,-23.558581500000003,-46.522422,,,,2,2023-06-19T03:09:12+00:00
SAO_4007-10,São Paulo,3550308,True,,34949,,,-23.551032,-46.4372195,,,,2,2023-06-19T03:09:26+00:00
SAO_5105-10,São Paulo,3550308,True,,1651,,,-23.602994000000002,-46.602816000000004,,,,1,2023-06-19T03:09:20+00:00
SAO_5105-10,São Paulo,3550308,True,,1651,,,-23.603084250000002,-46.60265125,,,,1,2023-06-19T03:09:36+00:00
SAO_5105-10,São Paulo,3550308,True,,1651,,,-23.602994000000002,-46.602816000000004,,,,1,2023-06-19T03:09:32+00:00
SAO_6051-10,São Paulo,3550308,True,,33911,,,-23.7621455,-46.689133,,,,2,2023-06-19T03:09:15+00:00
SAO_6051-10,São Paulo,3550308,True,,33911,,,-23.7621455,-46.689133,,,,2,2023-06-19T03:09:34+00:00
SAO_6051-10,São Paulo,3550308,True,,33911,,,-23.7621455,-46.689133,,,,2,2023-06-19T03:09:22+00:00
SAO_6051-10,São Paulo,3550308,True,,33911,,,-23.7621455,-46.689133,,,,2,2023-06-19T03:09:46+00:00
SAO_6051-10,São Paulo,3550308,True,,33911,,,-23.7621455,-46.689133,,,,2,2023-06-19T03:09:39+00:00
SAO_6051-10,São Paulo,3550308,True,,33911,,,-23.7621455,-46.689133,,,,2,2023-06-19T03:09:30+00:00
SAO_6051-10,São Paulo,3550308,True,,33911,,,-23.766712,-46.716187500000004,,,,2,2023-06-19T03:09:18+00:00
SAO_6051-10,São Paulo,3550308,True,,33911,,,-23.7664665,-46.716038499999996,,,,2,2023-06-19T03:09:19+00:00
SAO_6051-10,São Paulo,3550308,True,,33911,,,-23.7621455,-46.689133,,,,2,2023-06-19T03:09:30+00:00
SAO_6051-10,São Paulo,3550308,True,,33911,,,-23.767376,-46.716275499999995,,,,2,2023-06-19T03:09:52+00:00
SAO_6051-10,São Paulo,3550308,True,,33911,,,-23.7621455,-46.689133,,,,2,2023-06-19T03:09:09+00:00
SAO_6051-10,São Paulo,3550308,True,,33911,,,-23.7628215,-46.688933500000005,,,,2,2023-06-19T03:09:51+00:00
SAO_6051-10,São Paulo,3550308,True,,33911,,,-23.7621455,-46.689133,,,,2,2023-06-19T03:09:50+00:00
SAO_6051-10,São Paulo,3550308,True,,33911,,,-23.7692035,-46.715246500000006,,,,2,2023-06-19T03:09:29+00:00
SAO_1738-10,São Paulo,3550308,True,,33440,,,-23.4735475,-46.581099,,,,2,2023-06-19T03:09:40+00:00
SAO_1738-10,São Paulo,3550308,True,,33440,,,-23.482003499999998,-46.6035885,,,,2,2023-06-19T03:09:51+00:00
SAO_1738-10,São Paulo,3550308,True,,33440,,,-23.4735475,-46.581099,,,,2,2023-06-19T03:09:48+00:00
SAO_8610-10,São Paulo,3550308,True,,2063,,,-23.5696595,-46.697385,,,,1,2023-06-19T03:09:50+00:00
SAO_1025-10,São Paulo,3550308,True,,35071,,,-23.4695215,-46.697924,,,,2,2023-06-19T03:09:23+00:00
SAO_1025-10,São Paulo,3550308,True,,35071,,,-23.453629,-46.706905500000005,,,,2,2023-06-19T03:09:25+00:00
SAO_6801-10,São Paulo,3550308,True,,32773,,,-23.660584,-46.7336095,,,,2,2023-06-19T03:09:40+00:00
SAO_3459-10,São Paulo,3550308,True,,33170,,,-23.547625500000002,-46.629791499999996,,,,2,2023-06-19T03:07:29+00:00
SAO_3459-10,São Paulo,3550308,True,,33170,,,-23.547625500000002,-46.629791499999996,,,,2,2023-06-19T03:09:09+00:00
SAO_3459-10,São Paulo,3550308,True,,33170,,,-23.547625500000002,-46.629791499999996,,,,2,2023-06-19T03:09:09+00:00
SAO_3459-10,São Paulo,3550308,True,,33170,,,-23.547625500000002,-46.629791499999996,,,,2,2023-06-19T03:09:53+00:00
SAO_3459-10,São Paulo,3550308,True,,33170,,,-23.547625500000002,-46.629791499999996,,,,2,2023-06-19T03:09:30+00:00
SAO_3459-10,São Paulo,3550308,True,,33170,,,-23.547625500000002,-46.629791499999996,,,,2,2023-06-19T03:09:07+00:00
SAO_3459-10,São Paulo,3550308,True,,33170,,,-23.547625500000002,-46.629791499999996,,,,2,2023-06-19T03:06:43+00:00
SAO_3459-10,São Paulo,3550308,True,,33170,,,-23.547625500000002,-46.629791499999996,,,,2,2023-06-19T03:09:52+00:00
SAO_3459-10,São Paulo,3550308,True,,33170,,,-23.495901,-46.404917499999996,,,,2,2023-06-19T03:09:18+00:00
SAO_3459-10,São Paulo,3550308,True,,33170,,,-23.532681500000002,-46.536804000000004,,,,2,2023-06-19T03:09:43+00:00
SAO_3459-10,São Paulo,3550308,True,,33170,,,-23.547625500000002,-46.629791499999996,,,,2,2023-06-19T03:09:17+00:00
SAO_3459-10,São Paulo,3550308,True,,33170,,,-23.547625500000002,-46.629791499999996,,,,2,2023-06-19T03:09:38+00:00
SAO_3459-10,São Paulo,3550308,True,,33170,,,-23.547625500000002,-46.629791499999996,,,,2,2023-06-19T03:09:38+00:00
SAO_3459-10,São Paulo,3550308,True,,33170,,,-23.547625500000002,-46.629791499999996,,,,2,2023-06-19T03:09:49+00:00
SAO_3459-10,São Paulo,3550308,True,,33170,,,-23.547625500000002,-46.629791499999996,,,,2,2023-06-19T03:06:29+00:00
SAO_3459-10,São Paulo,3550308,True,,33170,,,-23.516762,-46.384977500000005,,,,2,2023-06-19T03:09:49+00:00
SAO_3459-10,São Paulo,3550308,True,,33170,,,-23.547625500000002,-46.629791499999996,,,,2,2023-06-19T03:09:35+00:00
SAO_3459-10,São Paulo,3550308,True,,33170,,,-23.518864999999998,-46.4695675,,,,2,2023-06-19T03:06:16+00:00
SAO_3459-10,São Paulo,3550308,True,,33170,,,-23.547625500000002,-46.629791499999996,,,,2,2023-06-19T03:09:39+00:00
SAO_3459-10,São Paulo,3550308,True,,33170,,,-23.5002815,-46.393823499999996,,,,2,2023-06-19T03:07:05+00:00
SAO_3459-10,São Paulo,3550308,True,,33170,,,-23.547625500000002,-46.629791499999996,,,,2,2023-06-19T03:09:19+00:00
SAO_5034-10,São Paulo,3550308,True,,34431,,,-23.652755499999998,-46.602143,,,,2,2023-06-19T03:09:30+00:00
SAO_5034-10,São Paulo,3550308,True,,34431,,,-23.652486500000002,-46.601986999999994,,,,2,2023-06-19T03:09:14+00:00
SAO_6001-10,São Paulo,3550308,True,,32820,,,-23.6523910625,-46.709732,,,,2,2023-06-19T03:09:35+00:00
SAO_6001-10,São Paulo,3550308,True,,32820,,,-23.645891,-46.7467405,,,,2,2023-06-19T03:09:39+00:00
SAO_6028-10,São Paulo,3550308,True,,33979,,,-23.702140999999997,-46.744587499999994,,,,2,2023-06-19T03:09:48+00:00
SAO_6028-10,São Paulo,3550308,True,,33979,,,-23.702326,-46.744178000000005,,,,2,2023-06-19T03:09:39+00:00
SAO_6028-10,São Paulo,3550308,True,,33979,,,-23.7025195,-46.744177,,,,2,2023-06-19T03:09:38+00:00
SAO_6028-10,São Paulo,3550308,True,,33979,,,-23.702140999999997,-46.744587499999994,,,,2,2023-06-19T03:09:40+00:00
SAO_6028-10,São Paulo,3550308,True,,33979,,,-23.702151,-46.7444065,,,,2,2023-06-19T03:09:39+00:00
SAO_6028-10,São Paulo,3550308,True,,33979,,,-23.68472175,-46.746064000000004,,,,2,2023-06-19T03:09:20+00:00
SAO_6028-10,São Paulo,3550308,True,,33979,,,-23.70207,-46.744642,,,,2,2023-06-19T03:09:47+00:00
SAO_3686-21,São Paulo,3550308,True,,35272,,,-23.55986625,-46.40348975,,,,2,2023-06-19T03:09:42+00:00
SAO_3686-21,São Paulo,3550308,True,,35272,,,-23.5299285,-46.506974,,,,2,2023-06-19T03:09:22+00:00
SAO_3686-21,São Paulo,3550308,True,,35272,,,-23.559947,-46.4038685,,,,2,2023-06-19T03:09:23+00:00
SAO_3686-21,São Paulo,3550308,True,,35272,,,-23.544998,-46.40981275,,,,2,2023-06-19T03:09:43+00:00
SAO_3736-10,São Paulo,3550308,True,,1036,,,-23.575533,-46.4834125,,,,1,2023-06-19T03:09:14+00:00
SAO_3736-10,São Paulo,3550308,True,,1036,,,-23.575533,-46.4834125,,,,1,2023-06-19T03:09:30+00:00
SAO_3736-10,São Paulo,3550308,True,,1036,,,-23.542085,-46.483832,,,,1,2023-06-19T03:09:09+00:00
SAO_3736-10,São Paulo,3550308,True,,1036,,,-23.575533,-46.4834125,,,,1,2023-06-19T03:09:25+00:00
SAO_3736-10,São Paulo,3550308,True,,1036,,,-23.575533,-46.4834125,,,,1,2023-06-19T03:09:19+00:00
SAO_3736-10,São Paulo,3550308,True,,1036,,,-23.575533,-46.4834125,,,,1,2023-06-19T03:09:31+00:00
SAO_3736-10,São Paulo,3550308,True,,1036,,,-23.575533,-46.4834125,,,,1,2023-06-19T03:09:41+00:00
SAO_5015-10,São Paulo,3550308,True,,33887,,,-23.691779,-46.65973,,,,2,2023-06-19T03:05:34+00:00
SAO_5015-10,São Paulo,3550308,True,,33887,,,-23.67647675,-46.662813,,,,2,2023-06-19T03:09:11+00:00
SAO_407J-10,São Paulo,3550308,True,,34966,,,-23.540291125000003,-46.55549825,,,,2,2023-06-19T03:09:33+00:00
SAO_407J-10,São Paulo,3550308,True,,34966,,,-23.542001499999998,-46.4253025,,,,2,2023-06-19T03:09:32+00:00
SAO_407J-10,São Paulo,3550308,True,,34966,,,-23.558874125000003,-46.474936375,,,,2,2023-06-19T03:09:42+00:00
SAO_407J-10,São Paulo,3550308,True,,34966,,,-23.541229,-46.5766665,,,,2,2023-06-19T03:09:33+00:00
SAO_407J-10,São Paulo,3550308,True,,34966,,,-23.5540335,-46.403518000000005,,,,2,2023-06-19T03:09:20+00:00
SAO_407J-10,São Paulo,3550308,True,,34966,,,-23.5538775,-46.403907,,,,2,2023-06-19T03:09:37+00:00
SAO_4114-10,São Paulo,3550308,True,,33089,,,-23.582496499999998,-46.6298775,,,,2,2023-06-19T03:09:23+00:00
SAO_4114-10,São Paulo,3550308,True,,33089,,,-23.611413,-46.62290675,,,,2,2023-06-19T03:09:18+00:00
SAO_8008-10,São Paulo,3550308,True,,34026,,,-23.470457,-46.751476499999995,,,,2,2023-06-19T03:09:24+00:00
SAO_8008-10,São Paulo,3550308,True,,34026,,,-23.485873499999997,-46.7256145,,,,2,2023-06-19T03:09:44+00:00
SAO_4706-10,São Paulo,3550308,True,,299,,,-23.5951895,-46.62615725,,,,1,2023-06-19T03:09:12+00:00
SAO_3032-10,São Paulo,3550308,True,STT,720,https://moovitapp.com/index/pt-br/transporte_p%C3%BAblico-line-720-Sao_Paulo-242-850661-183345-0,5.3,-23.558674,-46.522539,,,,1,2023-06-19T03:09:23+00:00
SAO_4093-10,São Paulo,3550308,True,,2448,,,-23.5830225,-46.4086875,,,,1,2023-06-19T03:09:32+00:00
SAO_4093-10,São Paulo,3550308,True,,2448,,,-23.588952,-46.395677,,,,1,2023-06-19T03:09:30+00:00
SAO_4093-10,São Paulo,3550308,True,,2448,,,-23.596573999999997,-46.3998165,,,,1,2023-06-19T03:08:04+00:00
SAO_4093-10,São Paulo,3550308,True,,2448,,,-23.582922,-46.4081745,,,,1,2023-06-19T03:09:27+00:00
SAO_4008-10,São Paulo,3550308,True,,2182,,,-23.569175,-46.47737275,,,,1,2023-06-19T03:09:15+00:00
SAO_2720-10,São Paulo,3550308,True,,33701,,,-23.499871,-46.477692000000005,,,,2,2023-06-19T03:09:52+00:00
SAO_2720-10,São Paulo,3550308,True,,33701,,,-23.5288095,-46.517675499999996,,,,2,2023-06-19T03:09:33+00:00
SAO_2720-10,São Paulo,3550308,True,,33701,,,-23.493021,-46.470974,,,,2,2023-06-19T03:09:06+00:00
SAO_2009-10,São Paulo,3550308,True,,33666,,,-23.52228,-46.4125755,,,,2,2023-06-19T03:09:29+00:00
SAO_736I-10,São Paulo,3550308,True,STT,781,https://moovitapp.com/index/pt-br/transporte_p%C3%BAblico-line-781-Sao_Paulo-242-850661-183349-0,5.3,-23.6498405,-46.707801,,,,1,2023-06-19T03:09:50+00:00
SAO_736I-10,São Paulo,3550308,True,STT,781,https://moovitapp.com/index/pt-br/transporte_p%C3%BAblico-line-781-Sao_Paulo-242-850661-183349-0,5.3,-23.64199775,-46.7100025,,,,1,2023-06-19T03:08:36+00:00
SAO_1177-10,São Paulo,3550308,True,,129,,,-23.5123885,-46.514519,,,,1,2023-06-19T03:09:47+00:00
SAO_1177-10,São Paulo,3550308,True,,129,,,-23.518318999999998,-46.4758545,,,,1,2023-06-19T03:09:12+00:00
SAO_1177-10,São Paulo,3550308,True,,129,,,-23.518318999999998,-46.4758545,,,,1,2023-06-19T03:09:37+00:00
SAO_7006-51,São Paulo,3550308,True,,1997,,,-23.720634,-46.785305,,,,1,2023-06-19T03:09:53+00:00
SAO_7006-51,São Paulo,3550308,True,,1997,,,-23.741728000000002,-46.782376,,,,1,2023-06-19T03:09:52+00:00
SAO_7006-51,São Paulo,3550308,True,,1997,,,-23.6699305,-46.7730935,,,,1,2023-06-19T03:09:20+00:00
SAO_695D-10,São Paulo,3550308,True,EMTU,114,https://moovitapp.com/index/pt-br/transporte_p%C3%BAblico-line-114-Sao_Paulo-242-2038937-36419274-0,6.4,-23.686279,-46.693618,,,,1,2023-06-19T03:09:37+00:00
SAO_695D-10,São Paulo,3550308,True,EMTU,114,https://moovitapp.com/index/pt-br/transporte_p%C3%BAblico-line-114-Sao_Paulo-242-2038937-36419274-0,6.4,-23.7329935,-46.676147,,,,1,2023-06-19T03:09:30+00:00
SAO_695D-10,São Paulo,3550308,True,EMTU,114,https://moovitapp.com/index/pt-br/transporte_p%C3%BAblico-line-114-Sao_Paulo-242-2038937-36419274-0,6.4,-23.733559500000002,-46.6761855,,,,1,2023-06-19T03:08:56+00:00
SAO_3787-10,São Paulo,3550308,True,,1612,,,-23.570649500000002,-46.446809,,,,1,2023-06-19T03:09:42+00:00
SAO_3787-10,São Paulo,3550308,True,,1612,,,-23.592042499999998,-46.407144,,,,1,2023-06-19T03:09:33+00:00
SAO_3787-10,São Paulo,3550308,True,,1612,,,-23.5629695,-46.44609975,,,,1,2023-06-19T03:09:37+00:00
SAO_3787-10,São Paulo,3550308,True,,1612,,,-23.5629695,-46.44609975,,,,1,2023-06-19T03:09:17+00:00
SAO_3787-10,São Paulo,3550308,True,,1612,,,-23.563545,-46.446155,,,,1,2023-06-19T03:09:17+00:00
SAO_675M-10,São Paulo,3550308,True,ETT,108,https://moovitapp.com/index/pt-br/transporte_p%C3%BAblico-line-108-Sao_Paulo-242-876373-496510-0,5.3,-23.646469,-46.6393615,,,,1,2023-06-19T03:09:11+00:00
SAO_675M-10,São Paulo,3550308,True,ETT,108,https://moovitapp.com/index/pt-br/transporte_p%C3%BAblico-line-108-Sao_Paulo-242-876373-496510-0,5.3,-23.6463425,-46.64646425,,,,1,2023-06-19T03:09:35+00:00
SAO_675M-10,São Paulo,3550308,True,ETT,108,https://moovitapp.com/index/pt-br/transporte_p%C3%BAblico-line-108-Sao_Paulo-242-876373-496510-0,5.3,-23.646586749999997,-46.645936000000006,,,,1,2023-06-19T03:09:45+00:00
SAO_675M-10,São Paulo,3550308,True,ETT,108,https://moovitapp.com/index/pt-br/transporte_p%C3%BAblico-line-108-Sao_Paulo-242-876373-496510-0,5.3,-23.720964000000002,-46.676227,,,,1,2023-06-19T03:09:38+00:00
SAO_675M-10,São Paulo,3550308,True,ETT,108,https://moovitapp.com/index/pt-br/transporte_p%C3%BAblico-line-108-Sao_Paulo-242-876373-496510-0,5.3,-23.67450975,-46.6782595,,,,1,2023-06-19T03:09:48+00:00
SAO_3746-10,São Paulo,3550308,True,,33051,,,-23.542912,-46.588283000000004,,,,2,2023-06-19T03:09:28+00:00
SAO_3746-10,São Paulo,3550308,True,,33051,,,-23.542912,-46.588283000000004,,,,2,2023-06-19T02:31:00+00:00
SAO_3746-10,São Paulo,3550308,True,,33051,,,-23.542912,-46.588283000000004,,,,2,2023-06-19T03:09:08+00:00
SAO_3746-10,São Paulo,3550308,True,,33051,,,-23.552689,-46.579106624999994,,,,2,2023-06-19T03:09:20+00:00
SAO_3746-10,São Paulo,3550308,True,,33051,,,-23.542912,-46.588283000000004,,,,2,2023-06-19T03:09:10+00:00
SAO_3746-10,São Paulo,3550308,True,,33051,,,-23.542912,-46.588283000000004,,,,2,2023-06-19T03:09:21+00:00
SAO_3746-10,São Paulo,3550308,True,,33051,,,-23.585039000000002,-46.524774,,,,2,2023-06-19T03:09:43+00:00
SAO_3746-10,São Paulo,3550308,True,,33051,,,-23.542912,-46.588283000000004,,,,2,2023-06-19T03:09:24+00:00
SAO_3746-10,São Paulo,3550308,True,,33051,,,-23.542912,-46.588283000000004,,,,2,2023-06-19T03:09:16+00:00
SAO_3746-10,São Paulo,3550308,True,,33051,,,-23.542912,-46.588283000000004,,,,2,2023-06-19T03:09:02+00:00
SAO_3746-10,São Paulo,3550308,True,,33051,,,-23.542912,-46.588283000000004,,,,2,2023-06-19T03:09:11+00:00
SAO_3746-10,São Paulo,3550308,True,,33051,,,-23.542912,-46.588283000000004,,,,2,2023-06-19T03:09:16+00:00
SAO_3746-10,São Paulo,3550308,True,,33051,,,-23.542912,-46.588283000000004,,,,2,2023-06-19T03:09:02+00:00
SAO_3728-10,São Paulo,3550308,True,,1025,,,-23.547623875,-46.4862225,,,,1,2023-06-19T03:09:27+00:00
SAO_3728-10,São Paulo,3550308,True,,1025,,,-23.573595,-46.490476,,,,1,2023-06-19T03:09:37+00:00
SAO_3728-10,São Paulo,3550308,True,,1025,,,-23.5420065,-46.483900500000004,,,,1,2023-06-19T03:09:29+00:00
SAO_3728-10,São Paulo,3550308,True,,1025,,,-23.573595,-46.490476,,,,1,2023-06-19T03:09:51+00:00
SAO_3721-41,São Paulo,3550308,True,,34461,,,-23.5580845,-46.4977705,,,,2,2023-06-19T03:09:25+00:00
SAO_3721-41,São Paulo,3550308,True,,34461,,,-23.563069,-46.500958499999996,,,,2,2023-06-19T03:09:25+00:00
SAO_3721-41,São Paulo,3550308,True,,34461,,,-23.563325499999998,-46.5007915,,,,2,2023-06-19T03:09:43+00:00
SAO_3721-41,São Paulo,3550308,True,,34461,,,-23.5479055,-46.484438499999996,,,,2,2023-06-19T03:09:36+00:00
SAO_2008-10,São Paulo,3550308,True,,897,,,-23.497591749999998,-46.400847999999996,,,,1,2023-06-19T03:09:17+00:00
SAO_2008-10,São Paulo,3550308,True,,897,,,-23.5144425,-46.3903165,,,,1,2023-06-19T03:09:47+00:00
SAO_407L-10,São Paulo,3550308,True,,34967,,,-23.5902495,-46.394968500000004,,,,2,2023-06-19T03:09:27+00:00
SAO_407L-10,São Paulo,3550308,True,,34967,,,-23.563516,-46.416466,,,,2,2023-06-19T03:09:12+00:00
SAO_407L-10,São Paulo,3550308,True,,34967,,,-23.584015,-46.390671999999995,,,,2,2023-06-19T03:09:15+00:00
SAO_407L-10,São Paulo,3550308,True,,34967,,,-23.590592,-46.3947795,,,,2,2023-06-19T03:09:10+00:00
SAO_407L-10,São Paulo,3550308,True,,34967,,,-23.5320245,-46.4948815,,,,2,2023-06-19T03:09:45+00:00
SAO_407L-10,São Paulo,3550308,True,,34967,,,-23.53124375,-46.445772375000004,,,,2,2023-06-19T03:09:48+00:00
SAO_407L-10,São Paulo,3550308,True,,34967,,,-23.590822000000003,-46.3946785,,,,2,2023-06-19T03:09:17+00:00
SAO_3736-10,São Paulo,3550308,True,,33804,,,-23.546227000000002,-46.483521999999994,,,,2,2023-06-19T03:09:17+00:00
SAO_3736-10,São Paulo,3550308,True,,33804,,,-23.5761605,-46.48341425,,,,2,2023-06-19T03:09:47+00:00
SAO_3736-10,São Paulo,3550308,True,,33804,,,-23.5761605,-46.48341425,,,,2,2023-06-19T03:09:27+00:00
SAO_748R-10,São Paulo,3550308,True,,33269,,,-23.597268,-46.7912835,,,,2,2023-06-19T03:09:26+00:00
SAO_748R-10,São Paulo,3550308,True,,33269,,,-23.5390905,-46.7139195,,,,2,2023-06-19T03:09:23+00:00
SAO_748R-10,São Paulo,3550308,True,,33269,,,-23.600666,-46.784031999999996,,,,2,2023-06-19T03:09:13+00:00
SAO_4491-10,São Paulo,3550308,True,,33095,,,-23.647584000000002,-46.6004335,,,,2,2023-06-19T03:08:18+00:00
SAO_4491-10,São Paulo,3550308,True,,33095,,,-23.6208175,-46.628106,,,,2,2023-06-19T03:09:12+00:00
SAO_4491-10,São Paulo,3550308,True,,33095,,,-23.647584000000002,-46.6004335,,,,2,2023-06-19T03:09:51+00:00
SAO_4491-10,São Paulo,3550308,True,,33095,,,-23.575512,-46.6108135,,,,2,2023-06-19T03:09:18+00:00
SAO_857P-10,São Paulo,3550308,True,,34694,,,-23.564511187500003,-46.652707125,,,,2,2023-06-19T03:09:12+00:00
SAO_857P-10,São Paulo,3550308,True,,34694,,,-23.61934475,-46.758154000000005,,,,2,2023-06-19T03:09:35+00:00
SAO_857P-10,São Paulo,3550308,True,,34694,,,-23.567417749999997,-46.684039,,,,2,2023-06-19T03:09:32+00:00
SAO_9047-10,São Paulo,3550308,True,,33651,,,-23.461492999999997,-46.713212999999996,,,,2,2023-06-19T03:09:16+00:00
SAO_9047-10,São Paulo,3550308,True,,33651,,,-23.461492999999997,-46.713212999999996,,,,2,2023-06-19T03:09:18+00:00
SAO_9047-10,São Paulo,3550308,True,,33651,,,-23.50592075,-46.68885625,,,,2,2023-06-19T03:09:14+00:00
SAO_9047-10,São Paulo,3550308,True,,33651,,,-23.461630999999997,-46.707753,,,,2,2023-06-19T03:09:49+00:00
SAO_857C-10,São Paulo,3550308,True,,1901,,,-23.644312499999998,-46.700385,,,,1,2023-06-19T03:09:50+00:00
SAO_3033-10,São Paulo,3550308,True,,33736,,,-23.545263,-46.4111475,,,,2,2023-06-19T03:08:59+00:00
SAO_3033-10,São Paulo,3550308,True,,33736,,,-23.554381,-46.4016475,,,,2,2023-06-19T03:09:14+00:00
SAO_3033-10,São Paulo,3550308,True,,33736,,,-23.59485475,-46.4414265,,,,2,2023-06-19T03:09:20+00:00
SAO_3033-10,São Paulo,3550308,True,,33736,,,-23.598442,-46.462849,,,,2,2023-06-19T03:09:35+00:00
SAO_2732-10,São Paulo,3550308,True,,33715,,,-23.5364515,-46.473638,,,,2,2023-06-19T03:09:20+00:00
SAO_2732-10,São Paulo,3550308,True,,33715,,,-23.539792249999998,-46.48148475,,,,2,2023-06-19T03:09:49+00:00
SAO_2732-10,São Paulo,3550308,True,,33715,,,-23.529743,-46.45955,,,,2,2023-06-19T03:09:29+00:00
SAO_775F-31,São Paulo,3550308,True,,2488,,,-23.6254505,-46.7479555,,,,1,2023-06-19T03:09:27+00:00
SAO_775F-31,São Paulo,3550308,True,,2488,,,-23.629428249999997,-46.742309750000004,,,,1,2023-06-19T03:09:47+00:00
SAO_3762-10,São Paulo,3550308,True,,33821,,,-23.570710249999998,-46.53923125,,,,2,2023-06-19T03:09:23+00:00
SAO_3762-10,São Paulo,3550308,True,,33821,,,-23.54470325,-46.567026500000004,,,,2,2023-06-19T03:09:34+00:00
SAO_3762-10,São Paulo,3550308,True,,33821,,,-23.591227,-46.516443499999994,,,,2,2023-06-19T03:09:13+00:00
SAO_3762-10,São Paulo,3550308,True,,33821,,,-23.572488500000002,-46.5349860625,,,,2,2023-06-19T03:09:47+00:00
SAO_647P-10,São Paulo,3550308,True,,34084,,,-23.5918785,-46.704156499999996,,,,2,2023-06-19T03:09:10+00:00
SAO_647P-10,São Paulo,3550308,True,,34084,,,-23.644213999999998,-46.7340625,,,,2,2023-06-19T03:09:27+00:00
SAO_647P-10,São Paulo,3550308,True,,34084,,,-23.656809000000003,-46.761884,,,,2,2023-06-19T03:09:22+00:00
SAO_6200-10,São Paulo,3550308,True,,33123,,,-23.654320499999997,-46.7129215,,,,2,2023-06-19T03:09:48+00:00
SAO_6200-10,São Paulo,3550308,True,,33123,,,-23.6200835,-46.702670499999996,,,,2,2023-06-19T03:09:28+00:00
SAO_6200-10,São Paulo,3550308,True,,33123,,,-23.5790805,-46.67680300000001,,,,2,2023-06-19T03:09:30+00:00
SAO_775N-10,São Paulo,3550308,True,,474,,,-23.55123175,-46.740238250000004,,,,1,2023-06-19T03:09:34+00:00
SAO_775N-10,São Paulo,3550308,True,,474,,,-23.550092562499998,-46.7390546875,,,,1,2023-06-19T03:09:35+00:00
SAO_775N-10,São Paulo,3550308,True,,474,,,-23.576089,-46.765473,,,,1,2023-06-19T03:09:47+00:00
SAO_775N-10,São Paulo,3550308,True,,474,,,-23.5378135,-46.726153499999995,,,,1,2023-06-19T03:09:10+00:00
SAO_775N-10,São Paulo,3550308,True,,474,,,-23.55123175,-46.740238250000004,,,,1,2023-06-19T03:09:10+00:00
SAO_2718-10,São Paulo,3550308,True,,33699,,,-23.4930925,-46.49988925,,,,2,2023-06-19T03:09:46+00:00
SAO_2718-10,São Paulo,3550308,True,,33699,,,-23.4930925,-46.49988925,,,,2,2023-06-19T03:09:48+00:00
SAO_2718-10,São Paulo,3550308,True,,33699,,,-23.5185405,-46.5484945,,,,2,2023-06-19T03:09:14+00:00
SAO_938L-10,São Paulo,3550308,True,,34136,,,-23.518870999999997,-46.7005015,,,,2,2023-06-19T03:08:47+00:00
SAO_6062-51,São Paulo,3550308,True,,34507,,,-23.719648499999998,-46.698655,,,,2,2023-06-19T03:09:11+00:00
SAO_6062-51,São Paulo,3550308,True,,34507,,,-23.7433685,-46.682570999999996,,,,2,2023-06-19T03:09:51+00:00
SAO_3712-51,São Paulo,3550308,True,,2505,,,-23.551687,-46.435559,,,,1,2023-06-19T03:09:20+00:00
SAO_3712-51,São Paulo,3550308,True,,2505,,,-23.541897,-46.470466,,,,1,2023-06-19T03:09:15+00:00
SAO_1702-10,São Paulo,3550308,True,,33614,,,-23.4432505,-46.577110000000005,,,,2,2023-06-19T03:09:33+00:00
SAO_1702-10,São Paulo,3550308,True,,33614,,,-23.4610315,-46.585725000000004,,,,2,2023-06-19T03:09:12+00:00
SAO_1702-10,São Paulo,3550308,True,,33614,,,-23.4432505,-46.577110000000005,,,,2,2023-06-19T03:09:17+00:00
SAO_1702-10,São Paulo,3550308,True,,33614,,,-23.5034415,-46.620090000000005,,,,2,2023-06-19T03:09:10+00:00
SAO_1702-10,São Paulo,3550308,True,,33614,,,-23.443305000000002,-46.5771705,,,,2,2023-06-19T03:09:12+00:00
SAO_2772-10,São Paulo,3550308,True,,33166,,,-23.50146575,-46.41292425,,,,2,2023-06-19T03:09:10+00:00
SAO_2772-10,São Paulo,3550308,True,,33166,,,-23.523301,-46.4105365,,,,2,2023-06-19T03:09:11+00:00
SAO_2772-10,São Paulo,3550308,True,,33166,,,-23.497035250000003,-46.41394575,,,,2,2023-06-19T03:09:46+00:00
SAO_2724-10,São Paulo,3550308,True,,33706,,,-23.539782000000002,-46.482977500000004,,,,2,2023-06-19T03:09:25+00:00
SAO_2724-10,São Paulo,3550308,True,,33706,,,-23.537606500000003,-46.4764375,,,,2,2023-06-19T03:09:17+00:00
SAO_2724-10,São Paulo,3550308,True,,33706,,,-23.5401805,-46.483284,,,,2,2023-06-19T03:09:27+00:00
SAO_775N-10,São Paulo,3550308,True,,33242,,,-23.54392475,-46.732822999999996,,,,2,2023-06-19T03:09:40+00:00
SAO_3134-10,São Paulo,3550308,True,,993,,,-23.563519,-46.5054075,,,,1,2023-06-19T03:09:29+00:00
SAO_3134-10,São Paulo,3550308,True,,993,,,-23.5762975,-46.5157215,,,,1,2023-06-19T03:09:45+00:00
SAO_3134-10,São Paulo,3550308,True,,993,,,-23.583663,-46.582224,,,,1,2023-06-19T03:09:14+00:00
SAO_3134-10,São Paulo,3550308,True,,993,,,-23.590992999999997,-46.5887705,,,,1,2023-06-19T03:09:08+00:00
SAO_6046-10,São Paulo,3550308,True,,33991,,,-23.654061749999997,-46.76002575,,,,2,2023-06-19T03:09:42+00:00
SAO_6046-10,São Paulo,3550308,True,,33991,,,-23.684154999999997,-46.7816525,,,,2,2023-06-19T03:09:17+00:00
SAO_5759-10,São Paulo,3550308,True,,1138,,,-23.646406,-46.644999,,,,1,2023-06-19T03:09:21+00:00
SAO_5759-10,São Paulo,3550308,True,,1138,,,-23.6950395,-46.6487305,,,,1,2023-06-19T03:09:13+00:00
SAO_5759-10,São Paulo,3550308,True,,1138,,,-23.6836445,-46.6410645,,,,1,2023-06-19T03:03:56+00:00
SAO_978T-10,São Paulo,3550308,True,,33657,,,-23.493143,-46.6965835,,,,2,2023-06-19T03:09:30+00:00
SAO_978T-10,São Paulo,3550308,True,,33657,,,-23.459813750000002,-46.698836,,,,2,2023-06-19T03:09:27+00:00
SAO_978T-10,São Paulo,3550308,True,,33657,,,-23.500822375,-46.694364625,,,,2,2023-06-19T03:09:42+00:00
SAO_978T-10,São Paulo,3550308,True,,33657,,,-23.467734999999998,-46.697888000000006,,,,2,2023-06-19T03:09:43+00:00
SAO_978T-10,São Paulo,3550308,True,,33657,,,-23.4608575,-46.687422,,,,2,2023-06-19T03:09:42+00:00
SAO_6110-10,São Paulo,3550308,True,,33952,,,-23.715232,-46.699111,,,,2,2023-06-19T03:09:39+00:00
SAO_6110-10,São Paulo,3550308,True,,33952,,,-23.692401500000003,-46.6984845,,,,2,2023-06-19T03:09:52+00:00
SAO_6110-10,São Paulo,3550308,True,,33952,,,-23.64488625,-46.67334525,,,,2,2023-06-19T03:09:09+00:00
SAO_6012-10,São Paulo,3550308,True,,1204,,,-23.686561,-46.7870745,,,,1,2023-06-19T03:09:22+00:00
SAO_6012-10,São Paulo,3550308,True,,1204,,,-23.669815749999998,-46.73685449999999,,,,1,2023-06-19T03:09:31+00:00
SAO_7060-10,São Paulo,3550308,True,,34657,,,-23.685482999999998,-46.800789249999994,,,,2,2023-06-19T03:09:49+00:00
SAO_7060-10,São Paulo,3550308,True,,34657,,,-23.677115,-46.793302499999996,,,,2,2023-06-19T03:09:51+00:00
SAO_719R-10,São Paulo,3550308,True,,33237,,,-23.562883999999997,-46.764980875000006,,,,2,2023-06-19T03:09:39+00:00
SAO_719R-10,São Paulo,3550308,True,,33237,,,-23.5691565,-46.715317999999996,,,,2,2023-06-19T03:09:43+00:00
SAO_719R-10,São Paulo,3550308,True,,33237,,,-23.562170000000002,-46.764854125,,,,2,2023-06-19T03:09:39+00:00
SAO_6041-10,São Paulo,3550308,True,,1218,,,-23.6761975,-46.775214,,,,1,2023-06-19T03:09:22+00:00
SAO_6041-10,São Paulo,3550308,True,,1218,,,-23.676056,-46.774791,,,,1,2023-06-19T03:09:44+00:00
SAO_6041-10,São Paulo,3550308,True,,1218,,,-23.644786,-46.725396,,,,1,2023-06-19T03:09:18+00:00
SAO_709A-10,São Paulo,3550308,True,,34860,,,-23.5918565,-46.689164000000005,,,,2,2023-06-19T03:09:35+00:00
SAO_5035-10,São Paulo,3550308,True,,34436,,,-23.637068499999998,-46.591771,,,,2,2023-06-19T03:09:27+00:00
SAO_5035-10,São Paulo,3550308,True,,34436,,,-23.637068499999998,-46.591771,,,,2,2023-06-19T03:09:42+00:00
SAO_2725-10,São Paulo,3550308,True,,939,,,-23.537207,-46.4755325,,,,1,2023-06-19T03:06:03+00:00
SAO_2725-10,São Paulo,3550308,True,,939,,,-23.540045,-46.483149499999996,,,,1,2023-06-19T03:09:31+00:00
SAO_2725-10,São Paulo,3550308,True,,939,,,-23.540045,-46.483149499999996,,,,1,2023-06-19T03:09:12+00:00
SAO_2725-10,São Paulo,3550308,True,,939,,,-23.540045,-46.483149499999996,,,,1,2023-06-19T03:09:41+00:00
SAO_2725-10,São Paulo,3550308,True,,939,,,-23.540045,-46.483149499999996,,,,1,2023-06-19T03:09:38+00:00
SAO_2725-10,São Paulo,3550308,True,,939,,,-23.540045,-46.483149499999996,,,,1,2023-06-19T03:09:15+00:00
SAO_2725-10,São Paulo,3550308,True,,939,,,-23.540045,-46.483149499999996,,,,1,2023-06-19T03:09:35+00:00
SAO_2725-10,São Paulo,3550308,True,,939,,,-23.540045,-46.483149499999996,,,,1,2023-06-19T03:09:20+00:00
SAO_2725-10,São Paulo,3550308,True,,939,,,-23.510109,-46.4726065,,,,1,2023-06-19T03:09:48+00:00
SAO_8009-10,São Paulo,3550308,True,,34027,,,-23.434297,-46.751111,,,,2,2023-06-19T03:09:45+00:00
SAO_702U-22,São Paulo,3550308,True,,2581,,,-23.571887,-46.7083135,,,,1,2023-06-19T03:09:29+00:00
SAO_702U-22,São Paulo,3550308,True,,2581,,,-23.571887,-46.7083135,,,,1,2023-06-19T03:09:22+00:00
SAO_702U-22,São Paulo,3550308,True,,2581,,,-23.5473055,-46.6461455,,,,1,2023-06-19T03:09:36+00:00
SAO_702U-22,São Paulo,3550308,True,,2581,,,-23.54670525,-46.63772975,,,,1,2023-06-19T03:09:48+00:00
SAO_172X-10,São Paulo,3550308,True,,33629,,,-23.537826,-46.5661205,,,,2,2023-06-19T03:09:23+00:00
SAO_172X-10,São Paulo,3550308,True,,33629,,,-23.50426375,-46.565462249999996,,,,2,2023-06-19T03:09:48+00:00
SAO_172X-10,São Paulo,3550308,True,,33629,,,-23.504231249999997,-46.56582875,,,,2,2023-06-19T03:09:24+00:00
SAO_172X-10,São Paulo,3550308,True,,33629,,,-23.504231249999997,-46.56582875,,,,2,2023-06-19T03:09:50+00:00
SAO_172X-10,São Paulo,3550308,True,,33629,,,-23.504231249999997,-46.56582875,,,,2,2023-06-19T03:09:25+00:00
SAO_809H-10,São Paulo,3550308,True,,2245,,,-23.521501999999998,-46.7192165,,,,1,2023-06-19T03:09:17+00:00
SAO_809H-10,São Paulo,3550308,True,,2245,,,-23.538038875,-46.7263945,,,,1,2023-06-19T03:09:16+00:00
SAO_4732-10,São Paulo,3550308,True,Rápido Campinas,302,https://moovitapp.com/index/pt-br/transporte_p%C3%BAblico-line-302-Sao_Paulo-242-858660-23262913-0,5.3,-23.618575749999998,-46.637992499999996,,,,1,2023-06-19T03:09:28+00:00
SAO_695X-10,São Paulo,3550308,True,,1441,,,-23.767062,-46.7161295,,,,1,2023-06-19T03:09:38+00:00
SAO_695X-10,São Paulo,3550308,True,,1441,,,-23.68831,-46.6968375,,,,1,2023-06-19T03:09:35+00:00
SAO_695X-10,São Paulo,3550308,True,,1441,,,-23.767062,-46.7161295,,,,1,2023-06-19T03:09:49+00:00
SAO_695X-10,São Paulo,3550308,True,,1441,,,-23.643853,-46.657783499999994,,,,1,2023-06-19T03:09:35+00:00
SAO_6455-10,São Paulo,3550308,True,,63,,,-23.644312499999998,-46.700385,,,,1,2023-06-19T03:09:25+00:00
SAO_6455-10,São Paulo,3550308,True,,63,,,-23.572684,-46.640971,,,,1,2023-06-19T03:09:49+00:00
SAO_3742-10,São Paulo,3550308,True,,1042,,,-23.569995,-46.446952499999995,,,,1,2023-06-19T03:09:38+00:00
SAO_3742-10,São Paulo,3550308,True,,1042,,,-23.542603999999997,-46.469476,,,,1,2023-06-19T03:09:27+00:00
SAO_3742-10,São Paulo,3550308,True,,1042,,,-23.6050545,-46.434651,,,,1,2023-06-19T03:09:15+00:00
SAO_647A-10,São Paulo,3550308,True,,1315,,,-23.6945095,-46.7940355,,,,1,2023-06-19T03:09:23+00:00
SAO_647A-10,São Paulo,3550308,True,,1315,,,-23.6398405,-46.7460545,,,,1,2023-06-19T03:09:18+00:00
SAO_647A-10,São Paulo,3550308,True,,1315,,,-23.601173,-46.718354500000004,,,,1,2023-06-19T03:09:41+00:00
SAO_647A-10,São Paulo,3550308,True,,1315,,,-23.679043999999998,-46.783718,,,,1,2023-06-19T03:09:17+00:00
SAO_2731-10,São Paulo,3550308,True,,33714,,,-23.517041499999998,-46.4384565,,,,2,2023-06-19T03:09:44+00:00
SAO_5010-10,São Paulo,3550308,True,,33882,,,-23.662,-46.631691,,,,2,2023-06-19T03:09:48+00:00
SAO_5010-10,São Paulo,3550308,True,,33882,,,-23.64963,-46.66207300000001,,,,2,2023-06-19T03:09:16+00:00
SAO_5010-10,São Paulo,3550308,True,,33882,,,-23.6658215,-46.6381825,,,,2,2023-06-19T03:09:31+00:00
SAO_5010-10,São Paulo,3550308,True,,33882,,,-23.662217,-46.631516500000004,,,,2,2023-06-19T03:09:13+00:00
SAO_7049-10,São Paulo,3550308,True,,34680,,,-23.711143749999998,-46.778219750000005,,,,2,2023-06-19T03:09:24+00:00
SAO_7049-10,São Paulo,3550308,True,,34680,,,-23.71138725,-46.77812725,,,,2,2023-06-19T03:09:38+00:00
SAO_7049-10,São Paulo,3550308,True,,34680,,,-23.6738485,-46.7871405,,,,2,2023-06-19T03:09:45+00:00
SAO_7049-10,São Paulo,3550308,True,,34680,,,-23.694872,-46.7797925,,,,2,2023-06-19T03:09:51+00:00
SAO_7049-10,São Paulo,3550308,True,,34680,,,-23.7116535,-46.777972,,,,2,2023-06-19T03:09:23+00:00
SAO_7049-10,São Paulo,3550308,True,,34680,,,-23.71138725,-46.77812725,,,,2,2023-06-19T03:09:32+00:00
SAO_6L07-10,São Paulo,3550308,True,,1545,,,-23.7667025,-46.7163285,,,,1,2023-06-19T03:09:50+00:00
SAO_2201-10,São Paulo,3550308,True,,33677,,,-23.533054999999997,-46.39453999999999,,,,2,2023-06-19T03:08:49+00:00
SAO_2201-10,São Paulo,3550308,True,,33677,,,-23.543271500000003,-46.4105165,,,,2,2023-06-19T03:09:19+00:00
SAO_2552-10,São Paulo,3550308,True,,142,,,-23.522057,-46.5395755,,,,1,2023-06-19T03:09:32+00:00
SAO_2552-10,São Paulo,3550308,True,,142,,,-23.48767475,-46.417190000000005,,,,1,2023-06-19T03:06:23+00:00
SAO_2552-10,São Paulo,3550308,True,,142,,,-23.5124685,-46.5148195,,,,1,2023-06-19T03:09:38+00:00
SAO_2552-10,São Paulo,3550308,True,,142,,,-23.545886,-46.6302635,,,,1,2023-06-19T03:09:22+00:00
SAO_2552-10,São Paulo,3550308,True,,142,,,-23.53906475,-46.6071805,,,,1,2023-06-19T03:09:27+00:00
SAO_478P-10,São Paulo,3550308,True,,33117,,,-23.619402,-46.603479625000006,,,,2,2023-06-19T03:09:07+00:00
SAO_478P-10,São Paulo,3550308,True,,33117,,,-23.58925,-46.63376375,,,,2,2023-06-19T03:09:27+00:00
SAO_709P-10,São Paulo,3550308,True,,1993,,,-23.645172,-46.725449999999995,,,,1,2023-06-19T03:09:38+00:00
SAO_709P-10,São Paulo,3550308,True,,1993,,,-23.5660455,-46.7021505,,,,1,2023-06-19T03:09:49+00:00
SAO_709P-10,São Paulo,3550308,True,,1993,,,-23.5735465,-46.689059375,,,,1,2023-06-19T03:09:44+00:00
SAO_517J-10,São Paulo,3550308,True,,33897,,,-23.664165500000003,-46.680182,,,,2,2023-06-19T03:09:37+00:00
SAO_517J-10,São Paulo,3550308,True,,33897,,,-23.678892,-46.6565135,,,,2,2023-06-19T03:05:14+00:00
SAO_517J-10,São Paulo,3550308,True,,33897,,,-23.691030499999997,-46.656783000000004,,,,2,2023-06-19T03:09:19+00:00
SAO_517J-10,São Paulo,3550308,True,,33897,,,-23.623651000000002,-46.696252,,,,2,2023-06-19T03:05:17+00:00
SAO_5178-10,São Paulo,3550308,True,,33363,,,-23.62455,-46.661809500000004,,,,2,2023-06-19T03:09:52+00:00
SAO_5178-10,São Paulo,3550308,True,,33363,,,-23.555790000000002,-46.639568,,,,2,2023-06-19T03:09:48+00:00
SAO_3739-10,São Paulo,3550308,True,,33807,,,-23.61229,-46.416155,,,,2,2023-06-19T03:09:26+00:00
SAO_3739-10,São Paulo,3550308,True,,33807,,,-23.61229,-46.416155,,,,2,2023-06-19T03:09:43+00:00
SAO_3739-10,São Paulo,3550308,True,,33807,,,-23.593768500000003,-46.4447755,,,,2,2023-06-19T03:09:24+00:00
SAO_3739-10,São Paulo,3550308,True,,33807,,,-23.61835125,-46.415145,,,,2,2023-06-19T03:09:48+00:00
SAO_9501-10,São Paulo,3550308,True,EMTU,462,https://moovitapp.com/index/pt-br/transporte_p%C3%BAblico-line-462-Sao_Paulo-242-2038937-36419502-0,7.4,-23.49527175,-46.684850999999995,,,,1,2023-06-19T03:09:37+00:00
SAO_6820-31,São Paulo,3550308,True,,1406,,,-23.654061499999997,-46.763393,,,,1,2023-06-19T03:09:43+00:00
SAO_4113-10,São Paulo,3550308,True,,768,,,-23.567558499999997,-46.629301,,,,1,2023-06-19T03:09:40+00:00
SAO_4113-10,São Paulo,3550308,True,,768,,,-23.60155975,-46.612840250000005,,,,1,2023-06-19T03:09:46+00:00
SAO_4113-10,São Paulo,3550308,True,,768,,,-23.575655124999997,-46.62339075,,,,1,2023-06-19T03:09:37+00:00
SAO_4113-10,São Paulo,3550308,True,,768,,,-23.553599,-46.63323275,,,,1,2023-06-19T03:09:40+00:00
SAO_4113-10,São Paulo,3550308,True,,768,,,-23.60155975,-46.612840250000005,,,,1,2023-06-19T03:09:52+00:00
SAO_4113-10,São Paulo,3550308,True,,768,,,-23.60155975,-46.612840250000005,,,,1,2023-06-19T03:09:37+00:00
SAO_4113-10,São Paulo,3550308,True,,768,,,-23.60226325,-46.610352750000004,,,,1,2023-06-19T03:09:09+00:00
SAO_6820-31,São Paulo,3550308,True,,34174,,,-23.6550385,-46.761806,,,,2,2023-06-19T03:09:29+00:00
SAO_6820-31,São Paulo,3550308,True,,34174,,,-23.658400999999998,-46.78931475,,,,2,2023-06-19T03:09:22+00:00
SAO_746H-10,São Paulo,3550308,True,,33553,,,-23.595085,-46.7450195,,,,2,2023-06-19T03:09:50+00:00
SAO_746H-10,São Paulo,3550308,True,,33553,,,-23.607081,-46.725389500000006,,,,2,2023-06-19T03:09:26+00:00
SAO_746H-10,São Paulo,3550308,True,,33553,,,-23.593502,-46.7526985,,,,2,2023-06-19T03:09:20+00:00
SAO_746H-10,São Paulo,3550308,True,,33553,,,-23.640162,-46.736765500000004,,,,2,2023-06-19T03:09:34+00:00
SAO_637P-10,São Paulo,3550308,True,,32815,,,-23.6453730625,-46.70219924999999,,,,2,2023-06-19T03:09:12+00:00
SAO_637P-10,São Paulo,3550308,True,,32815,,,-23.566628,-46.701685499999996,,,,2,2023-06-19T03:09:43+00:00
SAO_637P-10,São Paulo,3550308,True,,32815,,,-23.595443500000002,-46.6732535,,,,2,2023-06-19T03:09:50+00:00
SAO_637P-10,São Paulo,3550308,True,,32815,,,-23.567809,-46.699926500000004,,,,2,2023-06-19T03:09:14+00:00
SAO_1764-10,São Paulo,3550308,True,,625,,,-23.44281925,-46.5898795,,,,1,2023-06-19T03:09:24+00:00
SAO_477P-10,São Paulo,3550308,True,,33116,,,-23.612551,-46.60875125,,,,2,2023-06-19T03:09:32+00:00
SAO_477P-10,São Paulo,3550308,True,,33116,,,-23.614879000000002,-46.638340125,,,,2,2023-06-19T03:09:34+00:00
SAO_477P-10,São Paulo,3550308,True,,33116,,,-23.612551,-46.60875125,,,,2,2023-06-19T03:09:21+00:00
SAO_477P-10,São Paulo,3550308,True,,33116,,,-23.589909,-46.68170125,,,,2,2023-06-19T03:09:11+00:00
SAO_9023-10,São Paulo,3550308,True,,1437,,,-23.448962,-46.717008,,,,1,2023-06-19T03:09:20+00:00
SAO_9023-10,São Paulo,3550308,True,,1437,,,-23.485637500000003,-46.7260535,,,,1,2023-06-19T03:09:39+00:00
SAO_745M-10,São Paulo,3550308,True,,782,,,-23.669522,-46.735257,,,,1,2023-06-19T03:09:42+00:00
SAO_745M-10,São Paulo,3550308,True,,782,,,-23.6670765,-46.7837045,,,,1,2023-06-19T03:09:21+00:00
SAO_745M-10,São Paulo,3550308,True,,782,,,-23.628223499999997,-46.767238500000005,,,,1,2023-06-19T03:09:18+00:00
SAO_745M-10,São Paulo,3550308,True,,782,,,-23.669522,-46.735257,,,,1,2023-06-19T03:09:37+00:00
SAO_745M-10,São Paulo,3550308,True,,782,,,-23.6637095,-46.76981,,,,1,2023-06-19T03:09:49+00:00
SAO_745M-10,São Paulo,3550308,True,,782,,,-23.681940875000002,-46.69123225,,,,1,2023-06-19T03:09:45+00:00
SAO_4727-10,São Paulo,3550308,True,Cidade de Caieiras,340,https://moovitapp.com/index/pt-br/transporte_p%C3%BAblico-line-340-Sao_Paulo-242-868761-101563062-0,5.0,-23.61246,-46.626862,,,,1,2023-06-19T03:09:29+00:00
SAO_8686-21,São Paulo,3550308,True,,2485,,,-23.520303499999997,-46.7110705,,,,1,2023-06-19T03:09:50+00:00
SAO_8686-21,São Paulo,3550308,True,,2485,,,-23.520121500000002,-46.7000015,,,,1,2023-06-19T03:09:33+00:00
SAO_106A-10,São Paulo,3550308,True,,516,,,-23.58926625,-46.68188325,,,,1,2023-06-19T03:09:42+00:00
SAO_675I-10,São Paulo,3550308,True,,32836,,,-23.6438335,-46.734375,,,,2,2023-06-19T03:09:49+00:00
SAO_675I-10,São Paulo,3550308,True,,32836,,,-23.643877,-46.733764,,,,2,2023-06-19T03:09:20+00:00
SAO_675I-10,São Paulo,3550308,True,,32836,,,-23.614057,-46.678441500000005,,,,2,2023-06-19T03:09:29+00:00
SAO_354M-10,São Paulo,3550308,True,,34387,,,-23.599062,-46.468776000000005,,,,2,2023-06-19T03:09:20+00:00
SAO_354M-10,São Paulo,3550308,True,,34387,,,-23.491775,-46.434236999999996,,,,2,2023-06-19T03:09:33+00:00
SAO_273J-10,São Paulo,3550308,True,STT,389,https://moovitapp.com/index/pt-br/transporte_p%C3%BAblico-line-389-Sao_Paulo-242-850661-183299-0,5.3,-23.51850825,-46.511503250000004,,,,1,2023-06-19T03:09:22+00:00
SAO_273J-10,São Paulo,3550308,True,STT,389,https://moovitapp.com/index/pt-br/transporte_p%C3%BAblico-line-389-Sao_Paulo-242-850661-183299-0,5.3,-23.4847065,-46.428673374999995,,,,1,2023-06-19T03:09:39+00:00
SAO_273J-10,São Paulo,3550308,True,STT,389,https://moovitapp.com/index/pt-br/transporte_p%C3%BAblico-line-389-Sao_Paulo-242-850661-183299-0,5.3,-23.478862499999998,-46.3845735,,,,1,2023-06-19T03:07:43+00:00
SAO_6071-10,São Paulo,3550308,True,,1156,,,-23.718808,-46.6797785,,,,1,2023-06-19T03:09:11+00:00
SAO_6071-10,São Paulo,3550308,True,,1156,,,-23.706569,-46.6875705,,,,1,2023-06-19T03:09:21+00:00
SAO_6071-10,São Paulo,3550308,True,,1156,,,-23.65490625,-46.702261750000005,,,,1,2023-06-19T03:09:10+00:00
SAO_701A-10,São Paulo,3550308,True,,33457,,,-23.541876000000002,-46.634409500000004,,,,2,2023-06-19T03:09:53+00:00
SAO_701A-10,São Paulo,3550308,True,,33457,,,-23.4737385,-46.565966,,,,2,2023-06-19T03:09:29+00:00
SAO_701A-10,São Paulo,3550308,True,,33457,,,-23.489511,-46.57539,,,,2,2023-06-19T03:09:28+00:00
SAO_1759-10,São Paulo,3550308,True,,33321,,,-23.462498500000002,-46.659318999999996,,,,2,2023-06-19T03:09:31+00:00
SAO_1759-10,São Paulo,3550308,True,,33321,,,-23.462308999999998,-46.659564,,,,2,2023-06-19T03:09:40+00:00
SAO_1759-10,São Paulo,3550308,True,,33321,,,-23.49199,-46.625986000000005,,,,2,2023-06-19T03:09:35+00:00
SAO_5029-10,São Paulo,3550308,True,,1672,,,-23.6285055,-46.5855145,,,,1,2023-06-19T03:09:30+00:00
SAO_7040-10,São Paulo,3550308,True,,33544,,,-23.623783500000002,-46.727943999999994,,,,2,2023-06-19T03:09:17+00:00
SAO_7040-10,São Paulo,3550308,True,,33544,,,-23.61299475,-46.7213885,,,,2,2023-06-19T03:09:36+00:00
SAO_7040-10,São Paulo,3550308,True,,33544,,,-23.565354999999997,-46.693373,,,,2,2023-06-19T03:09:41+00:00
SAO_7040-10,São Paulo,3550308,True,,33544,,,-23.583768499999998,-46.689496500000004,,,,2,2023-06-19T03:09:37+00:00
SAO_6358-10,São Paulo,3550308,True,,1294,,,-23.6454235,-46.6716755,,,,1,2023-06-19T03:09:23+00:00
SAO_6358-10,São Paulo,3550308,True,,1294,,,-23.570479,-46.662225500000005,,,,1,2023-06-19T03:09:47+00:00
SAO_407F-10,São Paulo,3550308,True,,2167,,,-23.5716525,-46.536777,,,,1,2023-06-19T03:09:40+00:00
SAO_407F-10,São Paulo,3550308,True,,2167,,,-23.612665,-46.476373499999994,,,,1,2023-06-19T03:09:39+00:00
SAO_8545-10,São Paulo,3550308,True,,1364,,,-23.4750855,-46.6790585,,,,1,2023-06-19T03:09:45+00:00
SAO_8545-10,São Paulo,3550308,True,,1364,,,-23.5149045,-46.698296,,,,1,2023-06-19T03:09:45+00:00
SAO_6200-10,São Paulo,3550308,True,,355,,,-23.580629000000002,-46.6799365,,,,1,2023-06-19T03:09:34+00:00
SAO_6200-10,São Paulo,3550308,True,,355,,,-23.5491125,-46.640139500000004,,,,1,2023-06-19T03:09:43+00:00
SAO_6200-10,São Paulo,3550308,True,,355,,,-23.654486499999997,-46.7150675,,,,1,2023-06-19T03:09:29+00:00
SAO_6200-10,São Paulo,3550308,True,,355,,,-23.65423,-46.7120225,,,,1,2023-06-19T03:09:16+00:00
SAO_6200-10,São Paulo,3550308,True,,355,,,-23.654486499999997,-46.7150675,,,,1,2023-06-19T03:09:13+00:00
SAO_476G-41,São Paulo,3550308,True,,1112,,,-23.5864925,-46.634418,,,,1,2023-06-19T03:09:52+00:00
SAO_476G-41,São Paulo,3550308,True,,1112,,,-23.602214500000002,-46.538412,,,,1,2023-06-19T03:07:10+00:00
SAO_3743-10,São Paulo,3550308,True,,33811,,,-23.564975,-46.4676125,,,,2,2023-06-19T03:09:15+00:00
SAO_3743-10,São Paulo,3550308,True,,33811,,,-23.609576250000003,-46.4755425,,,,2,2023-06-19T03:09:45+00:00
SAO_6003-10,São Paulo,3550308,True,,1472,,,-23.737982,-46.697884,,,,1,2023-06-19T03:09:33+00:00
SAO_6003-10,São Paulo,3550308,True,,1472,,,-23.76583,-46.717698,,,,1,2023-06-19T03:09:18+00:00
SAO_6003-10,São Paulo,3550308,True,,1472,,,-23.7377555,-46.6976535,,,,1,2023-06-19T03:09:09+00:00
SAO_271F-10,São Paulo,3550308,True,,33451,,,-23.5174605,-46.6164065,,,,2,2023-06-19T03:09:46+00:00
SAO_271F-10,São Paulo,3550308,True,,33451,,,-23.538731,-46.6048935,,,,2,2023-06-19T03:09:27+00:00
SAO_5111-10,São Paulo,3550308,True,,48,,,-23.546979,-46.63057,,,,1,2023-06-19T03:09:39+00:00
SAO_5111-10,São Paulo,3550308,True,,48,,,-23.61628125,-46.680235749999994,,,,1,2023-06-19T03:09:13+00:00
SAO_5111-10,São Paulo,3550308,True,,48,,,-23.6542935,-46.7114185,,,,1,2023-06-19T03:09:53+00:00
SAO_5111-10,São Paulo,3550308,True,,48,,,-23.573643750000002,-46.65529775,,,,1,2023-06-19T03:09:10+00:00
SAO_N301-11,São Paulo,3550308,True,,35103,,,-23.5469355,-46.630097,,,,2,2023-06-19T03:09:08+00:00
SAO_1017-10,São Paulo,3550308,True,,34909,,,-23.413953499999998,-46.750866,,,,2,2023-06-19T03:09:11+00:00
SAO_1017-10,São Paulo,3550308,True,,34909,,,-23.4136605,-46.750937,,,,2,2023-06-19T03:09:16+00:00
SAO_1017-10,São Paulo,3550308,True,,34909,,,-23.462889,-46.714138500000004,,,,2,2023-06-19T03:09:24+00:00
SAO_1017-10,São Paulo,3550308,True,,34909,,,-23.436723999999998,-46.717591125,,,,2,2023-06-19T03:09:20+00:00
SAO_6451-10,São Paulo,3550308,True,,32829,,,-23.574347875,-46.66773549999999,,,,2,2023-06-19T03:09:47+00:00
SAO_6451-10,São Paulo,3550308,True,,32829,,,-23.654501,-46.76131049999999,,,,2,2023-06-19T03:09:50+00:00
SAO_6451-10,São Paulo,3550308,True,,32829,,,-23.6542305,-46.7623055,,,,2,2023-06-19T03:09:38+00:00
SAO_6451-10,São Paulo,3550308,True,,32829,,,-23.549545000000002,-46.639877,,,,2,2023-06-19T03:09:10+00:00
SAO_6451-10,São Paulo,3550308,True,,32829,,,-23.63569975,-46.721984750000004,,,,2,2023-06-19T03:09:37+00:00
SAO_5111-10,São Paulo,3550308,True,,32816,,,-23.54805,-46.629795,,,,2,2023-06-19T03:09:42+00:00
SAO_5111-10,São Paulo,3550308,True,,32816,,,-23.54805,-46.629795,,,,2,2023-06-19T03:09:33+00:00
SAO_5111-10,São Paulo,3550308,True,,32816,,,-23.56742725,-46.648875000000004,,,,2,2023-06-19T03:09:51+00:00
SAO_5111-10,São Paulo,3550308,True,,32816,,,-23.597257,-46.673953999999995,,,,2,2023-06-19T03:09:53+00:00
SAO_5026-10,São Paulo,3550308,True,,34403,,,-23.6207255,-46.509049,,,,2,2023-06-19T03:09:30+00:00
SAO_5026-10,São Paulo,3550308,True,,34403,,,-23.60629775,-46.496979,,,,2,2023-06-19T03:09:17+00:00
SAO_5022-10,São Paulo,3550308,True,,1120,,,-23.672228,-46.638205,,,,1,2023-06-19T03:09:48+00:00
SAO_5022-10,São Paulo,3550308,True,,1120,,,-23.6510135,-46.643955000000005,,,,1,2023-06-19T03:09:15+00:00
SAO_5022-10,São Paulo,3550308,True,,1120,,,-23.672228,-46.638205,,,,1,2023-06-19T03:09:24+00:00
SAO_9191-10,São Paulo,3550308,True,EMTU,810,https://moovitapp.com/index/pt-br/transporte_p%C3%BAblico-line-810-Sao_Paulo-242-2038937-36419585-0,5.4,-23.504385749999997,-46.67271925,,,,1,2023-06-19T03:09:52+00:00
SAO_9191-10,São Paulo,3550308,True,EMTU,810,https://moovitapp.com/index/pt-br/transporte_p%C3%BAblico-line-810-Sao_Paulo-242-2038937-36419585-0,5.4,-23.4598465,-46.6751205,,,,1,2023-06-19T03:09:35+00:00
SAO_9191-10,São Paulo,3550308,True,EMTU,810,https://moovitapp.com/index/pt-br/transporte_p%C3%BAblico-line-810-Sao_Paulo-242-2038937-36419585-0,5.4,-23.5260155,-46.645165375000005,,,,1,2023-06-19T03:09:40+00:00
SAO_8013-10,São Paulo,3550308,True,,800,,,-23.476179000000002,-46.770596999999995,,,,1,2023-06-19T03:09:50+00:00
SAO_273D-10,São Paulo,3550308,True,,222,,,-23.520804,-46.4114145,,,,1,2023-06-19T03:09:35+00:00
SAO_273D-10,São Paulo,3550308,True,,222,,,-23.5215,-46.412476,,,,1,2023-06-19T03:09:09+00:00
SAO_771P-10,São Paulo,3550308,True,,33274,,,-23.602404,-46.795141,,,,2,2023-06-19T03:09:17+00:00
SAO_771P-10,São Paulo,3550308,True,,33274,,,-23.602230499999997,-46.795042499999994,,,,2,2023-06-19T03:09:37+00:00
SAO_3046-10,São Paulo,3550308,True,,971,,,-23.546098999999998,-46.5778495,,,,1,2023-06-19T03:09:44+00:00
SAO_3046-10,São Paulo,3550308,True,,971,,,-23.58059825,-46.5335245,,,,1,2023-06-19T03:09:08+00:00
SAO_8002-10,São Paulo,3550308,True,,34020,,,-23.498997,-46.7381865,,,,2,2023-06-19T03:09:37+00:00
SAO_414P-10,São Paulo,3550308,True,,1105,,,-23.548760375,-46.57192525,,,,1,2023-06-19T03:09:41+00:00
SAO_414P-10,São Paulo,3550308,True,,1105,,,-23.610801000000002,-46.5299455,,,,1,2023-06-19T03:09:39+00:00
SAO_414P-10,São Paulo,3550308,True,,1105,,,-23.600794999999998,-46.5274895,,,,1,2023-06-19T03:09:32+00:00
SAO_4027-41,São Paulo,3550308,True,,2309,,,-23.6374595,-46.4383365,,,,1,2023-06-19T03:09:25+00:00
SAO_4027-41,São Paulo,3550308,True,,2309,,,-23.610021500000002,-46.4803985,,,,1,2023-06-19T03:09:30+00:00
SAO_211V-10,São Paulo,3550308,True,,32922,,,-23.486941625,-46.470838375,,,,2,2023-06-19T03:07:43+00:00
SAO_211V-10,São Paulo,3550308,True,,32922,,,-23.4944855,-46.470219,,,,2,2023-06-19T03:09:21+00:00
SAO_6010-10,São Paulo,3550308,True,,33970,,,-23.67899,-46.795347,,,,2,2023-06-19T03:09:15+00:00
SAO_6010-10,São Paulo,3550308,True,,33970,,,-23.693805,-46.7944445,,,,2,2023-06-19T03:09:51+00:00
SAO_6010-10,São Paulo,3550308,True,,33970,,,-23.667592,-46.7354985,,,,2,2023-06-19T03:09:50+00:00
SAO_6010-10,São Paulo,3550308,True,,33970,,,-23.667592,-46.7354985,,,,2,2023-06-19T03:09:35+00:00
SAO_6010-10,São Paulo,3550308,True,,33970,,,-23.693805,-46.7944445,,,,2,2023-06-19T03:09:54+00:00
SAO_6010-10,São Paulo,3550308,True,,33970,,,-23.693499,-46.7941555,,,,2,2023-06-19T03:09:10+00:00
SAO_6010-10,São Paulo,3550308,True,,33970,,,-23.6934315,-46.794145,,,,2,2023-06-19T03:09:51+00:00
SAO_3789-10,São Paulo,3550308,True,,1067,,,-23.574173000000002,-46.4535315,,,,1,2023-06-19T03:09:16+00:00
SAO_3789-10,São Paulo,3550308,True,,1067,,,-23.5425565,-46.4708155,,,,1,2023-06-19T03:09:13+00:00
SAO_3789-10,São Paulo,3550308,True,,1067,,,-23.581291,-46.4146645,,,,1,2023-06-19T03:09:26+00:00
SAO_4732-31,São Paulo,3550308,True,,2127,,,-23.61897725,-46.637902249999996,,,,1,2023-06-19T03:09:29+00:00
SAO_4732-31,São Paulo,3550308,True,,2127,,,-23.645097874999998,-46.593111375,,,,1,2023-06-19T03:09:19+00:00
SAO_119C-10,São Paulo,3550308,True,,33429,,,-23.4786885,-46.5694165,,,,2,2023-06-19T03:09:22+00:00
SAO_119C-10,São Paulo,3550308,True,,33429,,,-23.509652,-46.5804445,,,,2,2023-06-19T03:09:16+00:00
SAO_971T-10,São Paulo,3550308,True,,618,,,-23.492844,-46.672395,,,,1,2023-06-19T03:09:47+00:00
SAO_524L-10,São Paulo,3550308,True,,1715,,,-23.541552,-46.574095,,,,1,2023-06-19T03:09:49+00:00
SAO_3023-10,São Paulo,3550308,True,Urubupungá,960,https://moovitapp.com/index/pt-br/transporte_p%C3%BAblico-line-960-Sao_Paulo-242-873835-31663702-0,4.6,-23.6273935,-46.470782,,,,1,2023-06-19T03:09:19+00:00
SAO_3023-10,São Paulo,3550308,True,Urubupungá,960,https://moovitapp.com/index/pt-br/transporte_p%C3%BAblico-line-960-Sao_Paulo-242-873835-31663702-0,4.6,-23.5808785,-46.499258999999995,,,,1,2023-06-19T03:09:20+00:00
SAO_978L-10,São Paulo,3550308,True,,33234,,,-23.502302,-46.6728475,,,,2,2023-06-19T03:09:25+00:00
SAO_978L-10,São Paulo,3550308,True,,33234,,,-23.4742495,-46.669781,,,,2,2023-06-19T03:09:49+00:00
SAO_8009-31,São Paulo,3550308,True,,34028,,,-23.43443,-46.7510335,,,,2,2023-06-19T03:09:27+00:00
SAO_8009-31,São Paulo,3550308,True,,34028,,,-23.452482,-46.7364105,,,,2,2023-06-19T03:06:41+00:00
SAO_2028-10,São Paulo,3550308,True,,35031,,,-23.464785,-46.583571,,,,2,2023-06-19T03:07:33+00:00
SAO_978T-10,São Paulo,3550308,True,,889,,,-23.4678525,-46.69779,,,,1,2023-06-19T03:09:47+00:00
SAO_978T-10,São Paulo,3550308,True,,889,,,-23.526072,-46.6883395,,,,1,2023-06-19T03:09:11+00:00
SAO_978T-10,São Paulo,3550308,True,,889,,,-23.501416,-46.6952765,,,,1,2023-06-19T03:09:21+00:00
SAO_5175-10,São Paulo,3550308,True,,33361,,,-23.702581000000002,-46.6501255,,,,2,2023-06-19T03:09:09+00:00
SAO_5175-10,São Paulo,3550308,True,,33361,,,-23.575095249999997,-46.65687425,,,,2,2023-06-19T03:09:24+00:00
SAO_5175-10,São Paulo,3550308,True,,33361,,,-23.5505945,-46.635301,,,,2,2023-06-19T03:09:33+00:00
SAO_5175-10,São Paulo,3550308,True,,33361,,,-23.5505945,-46.635301,,,,2,2023-06-19T03:08:28+00:00
SAO_5175-10,São Paulo,3550308,True,,33361,,,-23.5505945,-46.635301,,,,2,2023-06-19T03:07:20+00:00
SAO_5175-10,São Paulo,3550308,True,,33361,,,-23.6621145,-46.68021900000001,,,,2,2023-06-19T03:09:35+00:00
SAO_5175-10,São Paulo,3550308,True,,33361,,,-23.5505945,-46.635301,,,,2,2023-06-19T03:09:49+00:00
SAO_5175-10,São Paulo,3550308,True,,33361,,,-23.5505945,-46.635301,,,,2,2023-06-19T03:09:23+00:00
SAO_5175-10,São Paulo,3550308,True,,33361,,,-23.5505945,-46.635301,,,,2,2023-06-19T03:02:47+00:00
SAO_5175-10,São Paulo,3550308,True,,33361,,,-23.5505945,-46.635301,,,,2,2023-06-19T03:09:32+00:00
SAO_5175-10,São Paulo,3550308,True,,33361,,,-23.5505945,-46.635301,,,,2,2023-06-19T03:09:35+00:00
SAO_5175-10,São Paulo,3550308,True,,33361,,,-23.5505945,-46.635301,,,,2,2023-06-19T03:08:45+00:00
SAO_5175-10,São Paulo,3550308,True,,33361,,,-23.5505945,-46.635301,,,,2,2023-06-19T03:07:03+00:00
SAO_5175-10,São Paulo,3550308,True,,33361,,,-23.682696,-46.651596,,,,2,2023-06-19T03:04:27+00:00
SAO_5175-10,São Paulo,3550308,True,,33361,,,-23.5505945,-46.635301,,,,2,2023-06-19T03:09:31+00:00
SAO_5175-10,São Paulo,3550308,True,,33361,,,-23.5505945,-46.635301,,,,2,2023-06-19T03:09:50+00:00
SAO_5175-10,São Paulo,3550308,True,,33361,,,-23.5505945,-46.635301,,,,2,2023-06-19T03:07:26+00:00
SAO_5175-10,São Paulo,3550308,True,,33361,,,-23.5505945,-46.635301,,,,2,2023-06-19T03:08:30+00:00
SAO_709A-10,São Paulo,3550308,True,,2092,,,-23.612959500000002,-46.6955875,,,,1,2023-06-19T03:09:35+00:00
SAO_709A-10,São Paulo,3550308,True,,2092,,,-23.5915295,-46.68668099999999,,,,1,2023-06-19T03:09:48+00:00
SAO_709A-10,São Paulo,3550308,True,,2092,,,-23.581969,-46.638467500000004,,,,1,2023-06-19T03:09:35+00:00
SAO_546J-10,São Paulo,3550308,True,,1133,,,-23.670259,-46.669787,,,,1,2023-06-19T03:09:44+00:00
SAO_546J-10,São Paulo,3550308,True,,1133,,,-23.687824,-46.658593499999995,,,,1,2023-06-19T03:09:09+00:00
SAO_546J-10,São Paulo,3550308,True,,1133,,,-23.65479725,-46.70264225,,,,1,2023-06-19T03:09:13+00:00
SAO_477P-10,São Paulo,3550308,True,EMTU,348,https://moovitapp.com/index/pt-br/transporte_p%C3%BAblico-line-348-Sao_Paulo-242-2038937-36419431-0,5.1,-23.61721825,-46.648734125000004,,,,1,2023-06-19T03:09:36+00:00
SAO_477P-10,São Paulo,3550308,True,EMTU,348,https://moovitapp.com/index/pt-br/transporte_p%C3%BAblico-line-348-Sao_Paulo-242-2038937-36419431-0,5.1,-23.5864695,-46.750701500000005,,,,1,2023-06-19T03:09:24+00:00
SAO_546T-10,São Paulo,3550308,True,,33040,,,-23.67548925,-46.685847499999994,,,,2,2023-06-19T03:09:11+00:00
SAO_546T-10,São Paulo,3550308,True,,33040,,,-23.703992,-46.627071,,,,2,2023-06-19T03:09:40+00:00
SAO_546T-10,São Paulo,3550308,True,,33040,,,-23.7020185,-46.625605,,,,2,2023-06-19T03:06:36+00:00
SAO_342N-10,São Paulo,3550308,True,,33771,,,-23.5629515,-46.3946025,,,,2,2023-06-19T03:09:40+00:00
SAO_342N-10,São Paulo,3550308,True,,33771,,,-23.5426185,-46.416027,,,,2,2023-06-19T03:09:19+00:00
SAO_2002-10,São Paulo,3550308,True,,33479,,,-23.549335499999998,-46.639822499999994,,,,2,2023-06-19T03:09:39+00:00
SAO_2002-10,São Paulo,3550308,True,,33479,,,-23.546762,-46.629915499999996,,,,2,2023-06-19T03:09:19+00:00
SAO_407G-10,São Paulo,3550308,True,,34964,,,-23.623067,-46.461839999999995,,,,2,2023-06-19T03:09:50+00:00
SAO_407G-10,São Paulo,3550308,True,,34964,,,-23.6084355,-46.451368,,,,2,2023-06-19T03:09:18+00:00
SAO_407G-10,São Paulo,3550308,True,,34964,,,-23.547926,-46.526332,,,,2,2023-06-19T03:08:56+00:00
SAO_407G-10,São Paulo,3550308,True,,34964,,,-23.609581499999997,-46.434909,,,,2,2023-06-19T03:06:46+00:00
SAO_407G-10,São Paulo,3550308,True,,34964,,,-23.5968595,-46.487162,,,,2,2023-06-19T03:09:15+00:00
SAO_407G-10,São Paulo,3550308,True,,34964,,,-23.611635,-46.433651,,,,2,2023-06-19T03:08:39+00:00
SAO_8038-10,São Paulo,3550308,True,,797,,,-23.5384795,-46.7303,,,,1,2023-06-19T03:09:20+00:00
SAO_312N-10,São Paulo,3550308,True,,990,,,-23.546570000000003,-46.4091035,,,,1,2023-06-19T03:09:25+00:00
SAO_312N-10,São Paulo,3550308,True,,990,,,-23.4910945,-46.441233999999994,,,,1,2023-06-19T03:09:29+00:00
SAO_312N-10,São Paulo,3550308,True,,990,,,-23.519186,-46.412028750000005,,,,1,2023-06-19T03:09:37+00:00
SAO_2201-10,São Paulo,3550308,True,,909,,,-23.5324795,-46.3946915,,,,1,2023-06-19T03:09:12+00:00
SAO_2201-10,São Paulo,3550308,True,,909,,,-23.542219000000003,-46.414599,,,,1,2023-06-19T03:09:51+00:00
SAO_5752-10,São Paulo,3550308,True,,34055,,,-23.690879,-46.649802,,,,2,2023-06-19T03:09:50+00:00
SAO_5752-10,São Paulo,3550308,True,,34055,,,-23.661213500000002,-46.6602415,,,,2,2023-06-19T03:09:22+00:00
SAO_5752-10,São Paulo,3550308,True,,34055,,,-23.6908875,-46.650045000000006,,,,2,2023-06-19T03:09:23+00:00
SAO_6045-10,São Paulo,3550308,True,,1222,,,-23.694454,-46.794375,,,,1,2023-06-19T03:09:49+00:00
SAO_6045-10,São Paulo,3550308,True,,1222,,,-23.6945995,-46.794075500000005,,,,1,2023-06-19T03:09:19+00:00
SAO_6045-10,São Paulo,3550308,True,,1222,,,-23.694454,-46.794375,,,,1,2023-06-19T03:09:22+00:00
SAO_6045-10,São Paulo,3550308,True,,1222,,,-23.643456999999998,-46.7356385,,,,1,2023-06-19T03:09:39+00:00
SAO_6045-10,São Paulo,3550308,True,,1222,,,-23.6945995,-46.794075500000005,,,,1,2023-06-19T03:07:59+00:00
SAO_6045-10,São Paulo,3550308,True,,1222,,,-23.6945995,-46.794075500000005,,,,1,2023-06-19T03:09:19+00:00
SAO_6045-10,São Paulo,3550308,True,,1222,,,-23.6498405,-46.707801,,,,1,2023-06-19T03:09:41+00:00
SAO_6045-10,São Paulo,3550308,True,,1222,,,-23.694674999999997,-46.793941000000004,,,,1,2023-06-19T03:09:43+00:00
SAO_6045-10,São Paulo,3550308,True,,1222,,,-23.67105,-46.772944499999994,,,,1,2023-06-19T03:09:52+00:00
SAO_6045-10,São Paulo,3550308,True,,1222,,,-23.694674999999997,-46.793941000000004,,,,1,2023-06-19T03:09:17+00:00
SAO_6045-10,São Paulo,3550308,True,,1222,,,-23.694674999999997,-46.793941000000004,,,,1,2023-06-19T03:09:18+00:00
SAO_6045-10,São Paulo,3550308,True,,1222,,,-23.6945445,-46.794182,,,,1,2023-06-19T03:09:36+00:00
SAO_6045-10,São Paulo,3550308,True,,1222,,,-23.6945445,-46.794182,,,,1,2023-06-19T03:09:23+00:00
SAO_1782-10,São Paulo,3550308,True,,33411,,,-23.502214000000002,-46.6235875,,,,2,2023-06-19T03:09:13+00:00
SAO_1782-10,São Paulo,3550308,True,,33411,,,-23.492759,-46.6236425,,,,2,2023-06-19T03:09:23+00:00
SAO_6063-41,São Paulo,3550308,True,,34541,,,-23.787596999999998,-46.679432,,,,2,2023-06-19T03:09:35+00:00
SAO_6063-41,São Paulo,3550308,True,,34541,,,-23.76811025,-46.717556,,,,2,2023-06-19T03:09:26+00:00
SAO_6063-41,São Paulo,3550308,True,,34541,,,-23.787596999999998,-46.679432,,,,2,2023-06-19T03:09:40+00:00
SAO_6063-41,São Paulo,3550308,True,,34541,,,-23.787596999999998,-46.679432,,,,2,2023-06-19T03:09:14+00:00
SAO_6063-41,São Paulo,3550308,True,,34541,,,-23.787596999999998,-46.679432,,,,2,2023-06-19T03:09:09+00:00
SAO_6063-41,São Paulo,3550308,True,,34541,,,-23.787596999999998,-46.679432,,,,2,2023-06-19T03:09:15+00:00
SAO_6063-41,São Paulo,3550308,True,,34541,,,-23.787596999999998,-46.679432,,,,2,2023-06-19T03:09:11+00:00
SAO_6063-41,São Paulo,3550308,True,,34541,,,-23.7880545,-46.680126,,,,2,2023-06-19T03:09:42+00:00
SAO_6063-41,São Paulo,3550308,True,,34541,,,-23.787596999999998,-46.679432,,,,2,2023-06-19T03:09:48+00:00
SAO_6063-41,São Paulo,3550308,True,,34541,,,-23.787596999999998,-46.679432,,,,2,2023-06-19T03:09:36+00:00
SAO_6063-41,São Paulo,3550308,True,,34541,,,-23.787551999999998,-46.679802,,,,2,2023-06-19T03:09:43+00:00
SAO_373L-10,São Paulo,3550308,True,,33795,,,-23.6227125,-46.414294,,,,2,2023-06-19T03:09:14+00:00
SAO_373L-10,São Paulo,3550308,True,,33795,,,-23.570425,-46.4471245,,,,2,2023-06-19T03:09:48+00:00
SAO_373L-10,São Paulo,3550308,True,,33795,,,-23.6224955,-46.4141075,,,,2,2023-06-19T03:09:46+00:00
SAO_373L-10,São Paulo,3550308,True,,33795,,,-23.622307,-46.4139265,,,,2,2023-06-19T03:09:18+00:00
SAO_647P-10,São Paulo,3550308,True,,1316,,,-23.577859,-46.68641674999999,,,,1,2023-06-19T03:09:15+00:00
SAO_647P-10,São Paulo,3550308,True,,1316,,,-23.675376999999997,-46.7844185,,,,1,2023-06-19T03:09:19+00:00
SAO_647P-10,São Paulo,3550308,True,,1316,,,-23.675376999999997,-46.7844185,,,,1,2023-06-19T03:09:22+00:00
SAO_647P-10,São Paulo,3550308,True,,1316,,,-23.62374375,-46.73390525,,,,1,2023-06-19T03:09:51+00:00
SAO_647P-10,São Paulo,3550308,True,,1316,,,-23.6662345,-46.771350999999996,,,,1,2023-06-19T03:09:20+00:00
SAO_975A-10,São Paulo,3550308,True,,33357,,,-23.56053225,-46.657398,,,,2,2023-06-19T03:09:36+00:00
SAO_975A-10,São Paulo,3550308,True,,33357,,,-23.501903249999998,-46.686383500000005,,,,2,2023-06-19T03:09:28+00:00
SAO_975A-10,São Paulo,3550308,True,,33357,,,-23.468571,-46.6963775,,,,2,2023-06-19T03:09:16+00:00
SAO_6801-10,São Paulo,3550308,True,,5,,,-23.643927,-46.7328295,,,,1,2023-06-19T03:09:25+00:00
SAO_9011-21,São Paulo,3550308,True,,34536,,,-23.4461845,-46.7308075,,,,2,2023-06-19T03:09:31+00:00
SAO_9011-21,São Paulo,3550308,True,,34536,,,-23.45467,-46.738116000000005,,,,2,2023-06-19T03:09:38+00:00
SAO_407P-10,São Paulo,3550308,True,,2200,,,-23.5321085,-46.5343335,,,,1,2023-06-19T03:09:51+00:00
SAO_407P-10,São Paulo,3550308,True,,2200,,,-23.542173499999997,-46.4140575,,,,1,2023-06-19T03:08:54+00:00
SAO_6262-10,São Paulo,3550308,True,,1371,,,-23.55892875,-46.698054,,,,1,2023-06-19T03:09:38+00:00
SAO_6262-10,São Paulo,3550308,True,,1371,,,-23.5496865,-46.6401735,,,,1,2023-06-19T03:09:34+00:00
SAO_7004-10,São Paulo,3550308,True,,1992,,,-23.703879,-46.7838305,,,,1,2023-06-19T03:09:49+00:00
SAO_7004-10,São Paulo,3550308,True,,1992,,,-23.731476999999998,-46.7859925,,,,1,2023-06-19T03:09:42+00:00
SAO_7004-10,São Paulo,3550308,True,,1992,,,-23.7320815,-46.786311,,,,1,2023-06-19T03:09:07+00:00
SAO_7004-10,São Paulo,3550308,True,,1992,,,-23.7312905,-46.7859135,,,,1,2023-06-19T03:09:49+00:00
SAO_7004-10,São Paulo,3550308,True,,1992,,,-23.7317975,-46.7861475,,,,1,2023-06-19T03:08:17+00:00
SAO_7004-10,São Paulo,3550308,True,,1992,,,-23.7317975,-46.7861475,,,,1,2023-06-19T03:09:26+00:00
SAO_7004-10,São Paulo,3550308,True,,1992,,,-23.731476999999998,-46.7859925,,,,1,2023-06-19T03:08:46+00:00
SAO_1026-10,São Paulo,3550308,True,,2306,,,-23.471893,-46.708855,,,,1,2023-06-19T03:09:27+00:00
SAO_8707-21,São Paulo,3550308,True,,34833,,,-23.582619875,-46.759946125,,,,2,2023-06-19T03:09:52+00:00
SAO_8707-21,São Paulo,3550308,True,,34833,,,-23.577174749999998,-46.765108875,,,,2,2023-06-19T03:09:52+00:00
SAO_6012-10,São Paulo,3550308,True,,33972,,,-23.6628155,-46.707258625,,,,2,2023-06-19T03:09:50+00:00
SAO_6012-10,São Paulo,3550308,True,,33972,,,-23.6869815,-46.7875065,,,,2,2023-06-19T03:09:39+00:00
SAO_6012-10,São Paulo,3550308,True,,33972,,,-23.6925125,-46.784657499999994,,,,2,2023-06-19T03:09:13+00:00
SAO_6012-10,São Paulo,3550308,True,,33972,,,-23.65084425,-46.7014805,,,,2,2023-06-19T03:09:41+00:00
SAO_4031-10,São Paulo,3550308,True,,1101,,,-23.58315125,-46.58266450000001,,,,1,2023-06-19T03:09:51+00:00
SAO_4031-10,São Paulo,3550308,True,,1101,,,-23.606042000000002,-46.521659,,,,1,2023-06-19T03:09:41+00:00
SAO_6061-10,São Paulo,3550308,True,,33918,,,-23.7822775,-46.681824,,,,2,2023-06-19T03:09:41+00:00
SAO_6061-10,São Paulo,3550308,True,,33918,,,-23.779586000000002,-46.691423,,,,2,2023-06-19T03:09:53+00:00
SAO_6001-10,São Paulo,3550308,True,,52,,,-23.645789999999998,-46.7465015,,,,1,2023-06-19T03:09:39+00:00
SAO_809U-21,São Paulo,3550308,True,,35075,,,-23.527382,-46.673319,,,,2,2023-06-19T03:09:46+00:00
SAO_809U-21,São Paulo,3550308,True,,35075,,,-23.52753,-46.673462,,,,2,2023-06-19T03:09:37+00:00
SAO_809U-21,São Paulo,3550308,True,,35075,,,-23.537929499999997,-46.690433,,,,2,2023-06-19T03:09:46+00:00
SAO_3008-10,São Paulo,3550308,True,,2515,,,-23.518062,-46.395802,,,,1,2023-06-19T03:09:32+00:00
SAO_3008-10,São Paulo,3550308,True,,2515,,,-23.4941885,-46.400822,,,,1,2023-06-19T03:09:00+00:00
SAO_4008-10,São Paulo,3550308,True,,34950,,,-23.562264499999998,-46.516679,,,,2,2023-06-19T03:09:15+00:00
SAO_4008-10,São Paulo,3550308,True,,34950,,,-23.576923999999998,-46.437244,,,,2,2023-06-19T03:09:25+00:00
SAO_4008-10,São Paulo,3550308,True,,34950,,,-23.577126999999997,-46.43735,,,,2,2023-06-19T03:09:48+00:00
SAO_2735-10,São Paulo,3550308,True,,34689,,,-23.525952,-46.548964999999995,,,,2,2023-06-19T03:09:47+00:00
SAO_2735-10,São Paulo,3550308,True,,34689,,,-23.480837,-46.494515,,,,2,2023-06-19T03:09:36+00:00
SAO_7040-10,São Paulo,3550308,True,,776,,,-23.613948999999998,-46.714635,,,,1,2023-06-19T03:09:43+00:00
SAO_7040-10,São Paulo,3550308,True,,776,,,-23.567141499999998,-46.693627,,,,1,2023-06-19T03:09:44+00:00
SAO_4310-10,São Paulo,3550308,True,,2160,,,-23.5355525,-46.4944955,,,,1,2023-06-19T03:07:55+00:00
SAO_4310-10,São Paulo,3550308,True,,2160,,,-23.5488585,-46.6043695,,,,1,2023-06-19T03:09:35+00:00
SAO_4310-10,São Paulo,3550308,True,,2160,,,-23.535216,-46.4541105,,,,1,2023-06-19T03:09:33+00:00
SAO_4310-10,São Paulo,3550308,True,,2160,,,-23.534413,-46.4526755,,,,1,2023-06-19T03:09:28+00:00
SAO_3029-10,São Paulo,3550308,True,,966,,,-23.576328,-46.5209105,,,,1,2023-06-19T03:09:40+00:00
SAO_3029-10,São Paulo,3550308,True,,966,,,-23.541129750000003,-46.55422,,,,1,2023-06-19T03:09:45+00:00
SAO_3029-10,São Paulo,3550308,True,,966,,,-23.5868545,-46.505971,,,,1,2023-06-19T03:09:24+00:00
SAO_4734-10,São Paulo,3550308,True,,1109,,,-23.647022999999997,-46.613755499999996,,,,1,2023-06-19T03:09:25+00:00
SAO_4734-10,São Paulo,3550308,True,,1109,,,-23.6293945,-46.6185375,,,,1,2023-06-19T03:09:49+00:00
SAO_4734-10,São Paulo,3550308,True,,1109,,,-23.621605,-46.6313605,,,,1,2023-06-19T03:09:36+00:00
SAO_263C-10,São Paulo,3550308,True,EMTU,252,https://moovitapp.com/index/pt-br/transporte_p%C3%BAblico-line-252-Sao_Paulo-242-2038937-36419363-0,6.8,-23.47896875,-46.4178625,,,,1,2023-06-19T03:06:07+00:00
SAO_263C-10,São Paulo,3550308,True,EMTU,252,https://moovitapp.com/index/pt-br/transporte_p%C3%BAblico-line-252-Sao_Paulo-242-2038937-36419363-0,6.8,-23.543654500000002,-46.4110235,,,,1,2023-06-19T03:09:45+00:00
SAO_2076-10,São Paulo,3550308,True,,368,,,-23.5115195,-46.51065,,,,1,2023-06-19T03:09:09+00:00
SAO_2076-10,São Paulo,3550308,True,,368,,,-23.505614875,-46.385231250000004,,,,1,2023-06-19T03:09:29+00:00
SAO_2076-10,São Paulo,3550308,True,,368,,,-23.519537999999997,-46.546806000000004,,,,1,2023-06-19T03:09:27+00:00
SAO_407N-10,São Paulo,3550308,True,,2169,,,-23.595607875,-46.437750124999994,,,,1,2023-06-19T03:09:32+00:00
SAO_407N-10,São Paulo,3550308,True,,2169,,,-23.54220625,-46.5339075,,,,1,2023-06-19T03:09:45+00:00
SAO_9008-10,São Paulo,3550308,True,,875,,,-23.45949,-46.6858405,,,,1,2023-06-19T03:09:31+00:00
SAO_9008-10,São Paulo,3550308,True,,875,,,-23.427475,-46.7146125,,,,1,2023-06-19T03:09:46+00:00
SAO_8073-10,São Paulo,3550308,True,,2081,,,-23.595763249999997,-46.768464,,,,1,2023-06-19T03:09:47+00:00
SAO_677A-10,São Paulo,3550308,True,,34007,,,-23.6458,-46.727531,,,,2,2023-06-19T03:09:52+00:00
SAO_677A-10,São Paulo,3550308,True,,34007,,,-23.689947,-46.7740025,,,,2,2023-06-19T03:09:24+00:00
SAO_677A-10,São Paulo,3550308,True,,34007,,,-23.6753675,-46.7561915,,,,2,2023-06-19T03:09:34+00:00
SAO_677A-10,São Paulo,3550308,True,,34007,,,-23.6901525,-46.774198999999996,,,,2,2023-06-19T03:09:31+00:00
SAO_6017-10,São Paulo,3550308,True,,1206,,,-23.679985875,-46.764589875,,,,1,2023-06-19T03:09:11+00:00
SAO_6017-10,São Paulo,3550308,True,,1206,,,-23.696863,-46.760326500000005,,,,1,2023-06-19T03:09:21+00:00
SAO_6017-10,São Paulo,3550308,True,,1206,,,-23.6677875,-46.730561,,,,1,2023-06-19T03:09:52+00:00
SAO_6017-10,São Paulo,3550308,True,,1206,,,-23.700378999999998,-46.765409500000004,,,,1,2023-06-19T03:09:41+00:00
SAO_5300-10,São Paulo,3550308,True,,33122,,,-23.654038,-46.708869500000006,,,,2,2023-06-19T03:09:51+00:00
SAO_5300-10,São Paulo,3550308,True,,33122,,,-23.547731,-46.6300275,,,,2,2023-06-19T03:09:24+00:00
SAO_5300-10,São Paulo,3550308,True,,33122,,,-23.547731,-46.6300275,,,,2,2023-06-19T03:09:49+00:00
SAO_5300-10,São Paulo,3550308,True,,33122,,,-23.58906,-46.652420500000005,,,,2,2023-06-19T03:09:44+00:00
SAO_5300-10,São Paulo,3550308,True,,33122,,,-23.547731,-46.6300275,,,,2,2023-06-19T03:09:40+00:00
SAO_6913-10,São Paulo,3550308,True,,1465,,,-23.767560000000003,-46.7161905,,,,1,2023-06-19T03:09:23+00:00
SAO_6913-10,São Paulo,3550308,True,,1465,,,-23.5495145,-46.641785999999996,,,,1,2023-06-19T03:09:44+00:00
SAO_6913-10,São Paulo,3550308,True,,1465,,,-23.676349000000002,-46.712336750000006,,,,1,2023-06-19T03:09:35+00:00
SAO_6913-10,São Paulo,3550308,True,,1465,,,-23.6497811875,-46.70390193750001,,,,1,2023-06-19T03:09:31+00:00
SAO_6913-10,São Paulo,3550308,True,,1465,,,-23.767560000000003,-46.7161905,,,,1,2023-06-19T03:09:50+00:00
SAO_6913-10,São Paulo,3550308,True,,1465,,,-23.767560000000003,-46.7161905,,,,1,2023-06-19T03:06:56+00:00
SAO_6913-10,São Paulo,3550308,True,,1465,,,-23.767560000000003,-46.7161905,,,,1,2023-06-19T02:53:25+00:00
SAO_9300-10,São Paulo,3550308,True,,32884,,,-23.4966235,-46.66229725,,,,2,2023-06-19T03:09:28+00:00
SAO_9300-10,São Paulo,3550308,True,,32884,,,-23.4966235,-46.66229725,,,,2,2023-06-19T03:09:40+00:00
SAO_5025-10,São Paulo,3550308,True,,34332,,,-23.609267,-46.5418475,,,,2,2023-06-19T03:09:46+00:00
SAO_5025-10,São Paulo,3550308,True,,34332,,,-23.60857425,-46.54131325,,,,2,2023-06-19T03:09:23+00:00
SAO_121G-10,São Paulo,3550308,True,,33459,,,-23.4810685,-46.603014,,,,2,2023-06-19T03:09:38+00:00
SAO_121G-10,São Paulo,3550308,True,,33459,,,-23.4810685,-46.603014,,,,2,2023-06-19T03:09:47+00:00
SAO_121G-10,São Paulo,3550308,True,,33459,,,-23.4810685,-46.603014,,,,2,2023-06-19T03:09:31+00:00
SAO_121G-10,São Paulo,3550308,True,,33459,,,-23.482158,-46.590494,,,,2,2023-06-19T03:09:25+00:00
SAO_1732-10,São Paulo,3550308,True,,671,,,-23.517316625,-46.6541004375,,,,1,2023-06-19T03:09:52+00:00
SAO_1732-10,São Paulo,3550308,True,,671,,,-23.487852,-46.5743735,,,,1,2023-06-19T03:09:39+00:00
SAO_2059-10,São Paulo,3550308,True,,33028,,,-23.491016,-46.441969,,,,2,2023-06-19T03:09:23+00:00
SAO_2059-10,São Paulo,3550308,True,,33028,,,-23.512355,-46.432567500000005,,,,2,2023-06-19T03:08:58+00:00
SAO_2059-10,São Paulo,3550308,True,,33028,,,-23.5385265,-46.414816,,,,2,2023-06-19T03:07:45+00:00
SAO_2059-10,São Paulo,3550308,True,,33028,,,-23.4910545,-46.441593999999995,,,,2,2023-06-19T03:09:37+00:00
SAO_5164-10,São Paulo,3550308,True,,34051,,,-23.6462925,-46.6451105,,,,2,2023-06-19T03:09:43+00:00
SAO_5164-10,São Paulo,3550308,True,,34051,,,-23.585917000000002,-46.6549985,,,,2,2023-06-19T03:09:32+00:00
SAO_5164-10,São Paulo,3550308,True,,34051,,,-23.6388605,-46.642497,,,,2,2023-06-19T03:09:49+00:00
SAO_5164-10,São Paulo,3550308,True,,34051,,,-23.64649975,-46.64515875,,,,2,2023-06-19T03:09:24+00:00
SAO_5164-10,São Paulo,3550308,True,,34051,,,-23.64676125,-46.64523025,,,,2,2023-06-19T03:09:42+00:00
SAO_5164-10,São Paulo,3550308,True,,34051,,,-23.6431185,-46.662103,,,,2,2023-06-19T03:09:13+00:00
SAO_6840-10,São Paulo,3550308,True,,32969,,,-23.7424915,-46.80109975,,,,2,2023-06-19T03:09:46+00:00
SAO_6840-10,São Paulo,3550308,True,,32969,,,-23.7317975,-46.7861475,,,,2,2023-06-19T03:08:32+00:00
SAO_6840-10,São Paulo,3550308,True,,32969,,,-23.7309495,-46.785837,,,,2,2023-06-19T03:09:52+00:00
SAO_6840-10,São Paulo,3550308,True,,32969,,,-23.7317975,-46.7861475,,,,2,2023-06-19T03:09:35+00:00
SAO_6840-10,São Paulo,3550308,True,,32969,,,-23.742814499999998,-46.80108325,,,,2,2023-06-19T03:09:50+00:00
SAO_6840-10,São Paulo,3550308,True,,32969,,,-23.741925000000002,-46.800694,,,,2,2023-06-19T03:09:45+00:00
SAO_6840-10,São Paulo,3550308,True,,32969,,,-23.7317975,-46.7861475,,,,2,2023-06-19T03:09:25+00:00
SAO_6840-10,São Paulo,3550308,True,,32969,,,-23.745966000000003,-46.797347,,,,2,2023-06-19T03:09:23+00:00
SAO_6840-10,São Paulo,3550308,True,,32969,,,-23.7317975,-46.7861475,,,,2,2023-06-19T03:09:07+00:00
SAO_6840-10,São Paulo,3550308,True,,32969,,,-23.742814499999998,-46.80108325,,,,2,2023-06-19T03:09:37+00:00
SAO_6840-10,São Paulo,3550308,True,,32969,,,-23.7317975,-46.7861475,,,,2,2023-06-19T03:09:17+00:00
SAO_6840-10,São Paulo,3550308,True,,32969,,,-23.7309495,-46.785837,,,,2,2023-06-19T03:09:18+00:00
SAO_3033-10,São Paulo,3550308,True,,968,,,-23.551606,-46.413109000000006,,,,1,2023-06-19T03:09:40+00:00
SAO_3033-10,São Paulo,3550308,True,,968,,,-23.554762,-46.401109500000004,,,,1,2023-06-19T03:09:21+00:00
SAO_3033-10,São Paulo,3550308,True,,968,,,-23.594952874999997,-46.428407,,,,1,2023-06-19T03:09:31+00:00
SAO_3033-10,São Paulo,3550308,True,,968,,,-23.5950855,-46.43151725,,,,1,2023-06-19T03:09:16+00:00
SAO_3033-10,São Paulo,3550308,True,,968,,,-23.5551915,-46.412872,,,,1,2023-06-19T03:09:16+00:00
SAO_524M-10,São Paulo,3550308,True,,34399,,,-23.613987,-46.5014315,,,,2,2023-06-19T03:09:41+00:00
SAO_524M-10,São Paulo,3550308,True,,34399,,,-23.619122750000002,-46.4958135,,,,2,2023-06-19T03:09:26+00:00
SAO_524M-10,São Paulo,3550308,True,,34399,,,-23.619495,-46.495613,,,,2,2023-06-19T03:09:36+00:00
SAO_524M-10,São Paulo,3550308,True,,34399,,,-23.584784499999998,-46.51971825,,,,2,2023-06-19T03:09:35+00:00
SAO_1756-10,São Paulo,3550308,True,,547,,,-23.49199,-46.625986000000005,,,,1,2023-06-19T03:09:09+00:00
SAO_2756-10,São Paulo,3550308,True,EMTU,238,https://moovitapp.com/index/pt-br/transporte_p%C3%BAblico-line-238-Sao_Paulo-242-2038937-36419351-0,4.85,-23.5443955,-46.390488,,,,1,2023-06-19T03:07:34+00:00
SAO_2756-10,São Paulo,3550308,True,EMTU,238,https://moovitapp.com/index/pt-br/transporte_p%C3%BAblico-line-238-Sao_Paulo-242-2038937-36419351-0,4.85,-23.544459500000002,-46.390429999999995,,,,1,2023-06-19T03:09:43+00:00
SAO_2756-10,São Paulo,3550308,True,EMTU,238,https://moovitapp.com/index/pt-br/transporte_p%C3%BAblico-line-238-Sao_Paulo-242-2038937-36419351-0,4.85,-23.5170485,-46.4892505,,,,1,2023-06-19T03:09:19+00:00
SAO_2722-10,São Paulo,3550308,True,Urubupungá,935,https://moovitapp.com/index/pt-br/transporte_p%C3%BAblico-line-935-Sao_Paulo-242-873835-76437456-0,4.6,-23.518463500000003,-46.511203,,,,1,2023-06-19T03:09:24+00:00
SAO_2722-10,São Paulo,3550308,True,Urubupungá,935,https://moovitapp.com/index/pt-br/transporte_p%C3%BAblico-line-935-Sao_Paulo-242-873835-76437456-0,4.6,-23.4878095,-46.5021815,,,,1,2023-06-19T03:09:36+00:00
SAO_4742-10,São Paulo,3550308,True,,33110,,,-23.6263295,-46.6320755,,,,2,2023-06-19T03:09:20+00:00
SAO_4742-10,São Paulo,3550308,True,,33110,,,-23.650326,-46.614008999999996,,,,2,2023-06-19T03:09:35+00:00
SAO_4742-10,São Paulo,3550308,True,,33110,,,-23.651166500000002,-46.6143845,,,,2,2023-06-19T03:09:42+00:00
SAO_809J-10,São Paulo,3550308,True,,34834,,,-23.5941975,-46.731233,,,,2,2023-06-19T03:09:23+00:00
SAO_407P-10,São Paulo,3550308,True,,34968,,,-23.5381725,-46.563,,,,2,2023-06-19T03:09:20+00:00
SAO_407P-10,São Paulo,3550308,True,,34968,,,-23.569121000000003,-46.41598925,,,,2,2023-06-19T03:09:10+00:00
SAO_407P-10,São Paulo,3550308,True,,34968,,,-23.583137,-46.4079365,,,,2,2023-06-19T03:09:21+00:00
SAO_407P-10,São Paulo,3550308,True,,34968,,,-23.533701375,-46.4520175,,,,2,2023-06-19T03:09:28+00:00
SAO_407P-10,São Paulo,3550308,True,,34968,,,-23.541269,-46.5768465,,,,2,2023-06-19T03:09:30+00:00
SAO_407P-10,São Paulo,3550308,True,,34968,,,-23.541269,-46.5768465,,,,2,2023-06-19T03:09:44+00:00
SAO_1012-10,São Paulo,3550308,True,,2486,,,-23.4447585,-46.799499999999995,,,,1,2023-06-19T03:09:51+00:00
SAO_1012-10,São Paulo,3550308,True,,2486,,,-23.435907999999998,-46.787555499999996,,,,1,2023-06-19T03:09:19+00:00
SAO_3712-10,São Paulo,3550308,True,,1009,,,-23.5525595,-46.4257145,,,,1,2023-06-19T03:09:17+00:00
SAO_3712-10,São Paulo,3550308,True,,1009,,,-23.5525595,-46.4257145,,,,1,2023-06-19T03:09:12+00:00
SAO_3712-10,São Paulo,3550308,True,,1009,,,-23.542637,-46.4663745,,,,1,2023-06-19T03:09:14+00:00
SAO_3712-10,São Paulo,3550308,True,,1009,,,-23.5525595,-46.4257145,,,,1,2023-06-19T03:09:23+00:00
SAO_3712-10,São Paulo,3550308,True,,1009,,,-23.5525595,-46.4257145,,,,1,2023-06-19T03:09:16+00:00
SAO_3712-10,São Paulo,3550308,True,,1009,,,-23.5525595,-46.4257145,,,,1,2023-06-19T03:09:34+00:00
SAO_3712-10,São Paulo,3550308,True,,1009,,,-23.5525595,-46.4257145,,,,1,2023-06-19T03:09:46+00:00
SAO_5144-10,São Paulo,3550308,True,,1627,,,-23.538731,-46.6048935,,,,1,2023-06-19T03:09:30+00:00
SAO_5144-10,São Paulo,3550308,True,,1627,,,-23.613897,-46.50077,,,,1,2023-06-19T03:09:11+00:00
SAO_129F-10,São Paulo,3550308,True,,2304,,,-23.5263275,-46.668921499999996,,,,1,2023-06-19T03:09:24+00:00
SAO_129F-10,São Paulo,3550308,True,,2304,,,-23.514029999999998,-46.702380500000004,,,,1,2023-06-19T03:09:31+00:00
SAO_2013-10,São Paulo,3550308,True,,33667,,,-23.463036,-46.6579325,,,,2,2023-06-19T03:09:30+00:00
SAO_2013-10,São Paulo,3550308,True,,33667,,,-23.454235500000003,-46.6584485,,,,2,2023-06-19T03:09:18+00:00
SAO_2013-10,São Paulo,3550308,True,,33667,,,-23.4552945,-46.659262,,,,2,2023-06-19T03:09:33+00:00
SAO_2013-10,São Paulo,3550308,True,,33667,,,-23.466927,-46.663698,,,,2,2023-06-19T03:09:49+00:00
SAO_6822-10,São Paulo,3550308,True,,32790,,,-23.65385975,-46.79008575,,,,2,2023-06-19T03:09:17+00:00
SAO_6822-10,São Paulo,3550308,True,,32790,,,-23.646486,-46.77920075,,,,2,2023-06-19T03:09:14+00:00
SAO_6822-10,São Paulo,3550308,True,,32790,,,-23.65385975,-46.79008575,,,,2,2023-06-19T03:09:29+00:00
SAO_775F-10,São Paulo,3550308,True,,33564,,,-23.621088999999998,-46.745958,,,,2,2023-06-19T03:09:26+00:00
SAO_775F-10,São Paulo,3550308,True,,33564,,,-23.562957625000003,-46.690546499999996,,,,2,2023-06-19T03:09:37+00:00
SAO_775F-10,São Paulo,3550308,True,,33564,,,-23.6254385,-46.7483815,,,,2,2023-06-19T03:09:19+00:00
SAO_775F-10,São Paulo,3550308,True,,33564,,,-23.6254385,-46.7483815,,,,2,2023-06-19T03:09:24+00:00
SAO_172Y-10,São Paulo,3550308,True,,33630,,,-23.541068499999998,-46.595891124999994,,,,2,2023-06-19T03:09:23+00:00
SAO_172Y-10,São Paulo,3550308,True,,33630,,,-23.492712875000002,-46.585235374999996,,,,2,2023-06-19T03:08:59+00:00
SAO_172Y-10,São Paulo,3550308,True,,33630,,,-23.47473425,-46.58000975,,,,2,2023-06-19T03:09:31+00:00
SAO_407R-10,São Paulo,3550308,True,,34969,,,-23.554344,-46.5772535,,,,2,2023-06-19T03:09:44+00:00
SAO_7013-10,São Paulo,3550308,True,,775,,,-23.634566,-46.758003,,,,1,2023-06-19T03:09:37+00:00
SAO_9011-10,São Paulo,3550308,True,,33646,,,-23.439020375,-46.735595375,,,,2,2023-06-19T03:09:34+00:00
SAO_9011-10,São Paulo,3550308,True,,33646,,,-23.47494,-46.67014399999999,,,,2,2023-06-19T03:09:51+00:00
SAO_9011-10,São Paulo,3550308,True,,33646,,,-23.47494,-46.67014399999999,,,,2,2023-06-19T03:09:44+00:00
SAO_9011-10,São Paulo,3550308,True,,33646,,,-23.454522500000003,-46.737875,,,,2,2023-06-19T03:09:05+00:00
SAO_9011-10,São Paulo,3550308,True,,33646,,,-23.47494,-46.67014399999999,,,,2,2023-06-19T03:09:39+00:00
SAO_9011-10,São Paulo,3550308,True,,33646,,,-23.46107025,-46.684215,,,,2,2023-06-19T03:09:17+00:00
SAO_9011-10,São Paulo,3550308,True,,33646,,,-23.448916500000003,-46.701747499999996,,,,2,2023-06-19T03:09:41+00:00
SAO_1760-10,São Paulo,3550308,True,,33325,,,-23.468081,-46.661008499999994,,,,2,2023-06-19T03:09:44+00:00
SAO_1760-10,São Paulo,3550308,True,,33325,,,-23.457126,-46.65923775,,,,2,2023-06-19T03:09:22+00:00
SAO_7062-10,São Paulo,3550308,True,,34666,,,-23.6309525,-46.7732975,,,,2,2023-06-19T03:09:21+00:00
SAO_7062-10,São Paulo,3550308,True,,34666,,,-23.6459325,-46.7703315,,,,2,2023-06-19T03:09:32+00:00
SAO_7062-10,São Paulo,3550308,True,,34666,,,-23.6431385,-46.768058499999995,,,,2,2023-06-19T03:09:31+00:00
SAO_7062-10,São Paulo,3550308,True,,34666,,,-23.646132,-46.7723025,,,,2,2023-06-19T03:09:33+00:00
SAO_7062-10,São Paulo,3550308,True,,34666,,,-23.646199000000003,-46.772373,,,,2,2023-06-19T03:09:35+00:00
SAO_2023-10,São Paulo,3550308,True,,35028,,,-23.3990705,-46.577631,,,,2,2023-06-19T03:09:34+00:00
SAO_2023-10,São Paulo,3550308,True,,35028,,,-23.398296000000002,-46.577902,,,,2,2023-06-19T03:08:30+00:00
SAO_2023-10,São Paulo,3550308,True,,35028,,,-23.4498375,-46.599084500000004,,,,2,2023-06-19T03:09:04+00:00
SAO_477A-10,São Paulo,3550308,True,,33114,,,-23.580375,-46.6637115,,,,2,2023-06-19T03:09:12+00:00
SAO_477A-10,São Paulo,3550308,True,,33114,,,-23.604625,-46.604929750000004,,,,2,2023-06-19T03:09:23+00:00
SAO_477A-10,São Paulo,3550308,True,,33114,,,-23.581196499999997,-46.60227,,,,2,2023-06-19T03:09:48+00:00
SAO_746V-10,São Paulo,3550308,True,,792,,,-23.625623249999997,-46.765403,,,,1,2023-06-19T03:09:23+00:00
SAO_1742-10,São Paulo,3550308,True,,33310,,,-23.4571605,-46.6597545,,,,2,2023-06-19T03:09:18+00:00
SAO_1742-10,São Paulo,3550308,True,,33310,,,-23.469245875,-46.649792875,,,,2,2023-06-19T03:09:45+00:00
SAO_189L-10,São Paulo,3550308,True,,35218,,,-23.486798999999998,-46.7106505,,,,2,2023-06-19T03:09:44+00:00
SAO_189L-10,São Paulo,3550308,True,,35218,,,-23.4869675,-46.710637,,,,2,2023-06-19T03:09:18+00:00
SAO_189L-10,São Paulo,3550308,True,,35218,,,-23.512865500000004,-46.7043625,,,,2,2023-06-19T03:09:27+00:00
SAO_6970-10,São Paulo,3550308,True,,34273,,,-23.7250655,-46.699728500000006,,,,2,2023-06-19T03:09:46+00:00
SAO_6970-10,São Paulo,3550308,True,,34273,,,-23.7167085,-46.70520675,,,,2,2023-06-19T03:08:22+00:00
SAO_6970-10,São Paulo,3550308,True,,34273,,,-23.6555915,-46.7078725,,,,2,2023-06-19T03:09:28+00:00
SAO_3134-10,São Paulo,3550308,True,,33761,,,-23.563608000000002,-46.5053735,,,,2,2023-06-19T03:09:51+00:00
SAO_3134-10,São Paulo,3550308,True,,33761,,,-23.56899925,-46.508286749999996,,,,2,2023-06-19T03:09:40+00:00
SAO_3134-10,São Paulo,3550308,True,,33761,,,-23.582534,-46.535691,,,,2,2023-06-19T03:09:14+00:00
SAO_675P-10,São Paulo,3550308,True,,33043,,,-23.669436625,-46.7019155,,,,2,2023-06-19T03:09:18+00:00
SAO_675P-10,São Paulo,3550308,True,,33043,,,-23.64649975,-46.64515875,,,,2,2023-06-19T03:09:35+00:00
SAO_1206-10,São Paulo,3550308,True,,33610,,,-23.52606925,-46.58249925,,,,2,2023-06-19T03:09:33+00:00
SAO_1206-10,São Paulo,3550308,True,,33610,,,-23.526392,-46.58306725,,,,2,2023-06-19T03:09:15+00:00
SAO_1206-10,São Paulo,3550308,True,,33610,,,-23.528331,-46.59752075,,,,2,2023-06-19T03:09:53+00:00
SAO_1206-10,São Paulo,3550308,True,EMTU,842,https://moovitapp.com/index/pt-br/transporte_p%C3%BAblico-line-842-Sao_Paulo-242-2038937-36419605-0,7.15,-23.51725875,-46.583224,,,,1,2023-06-19T03:09:18+00:00
SAO_148L-10,São Paulo,3550308,True,,33299,,,-23.46481,-46.65197525,,,,2,2023-06-19T03:09:31+00:00
SAO_148L-10,São Paulo,3550308,True,,33299,,,-23.465820625,-46.6515105,,,,2,2023-06-19T03:09:32+00:00
SAO_148L-10,São Paulo,3550308,True,,33299,,,-23.5009845,-46.6735555,,,,2,2023-06-19T03:09:05+00:00
SAO_148L-10,São Paulo,3550308,True,,33299,,,-23.4653245,-46.6517335,,,,2,2023-06-19T03:09:22+00:00
SAO_148L-10,São Paulo,3550308,True,,33299,,,-23.4653245,-46.6517335,,,,2,2023-06-19T03:09:40+00:00
SAO_148L-10,São Paulo,3550308,True,,33299,,,-23.455160499999998,-46.6525175,,,,2,2023-06-19T03:09:36+00:00
SAO_3390-10,São Paulo,3550308,True,,33506,,,-23.605445500000002,-46.508540749999995,,,,2,2023-06-19T03:08:06+00:00
SAO_3390-10,São Paulo,3550308,True,,33506,,,-23.584287,-46.584342,,,,2,2023-06-19T03:09:48+00:00
SAO_118Y-10,São Paulo,3550308,True,,33609,,,-23.5196005,-46.7024955,,,,2,2023-06-19T03:09:23+00:00
SAO_118Y-10,São Paulo,3550308,True,,33609,,,-23.471871999999998,-46.6346485,,,,2,2023-06-19T03:09:44+00:00
SAO_118Y-10,São Paulo,3550308,True,,33609,,,-23.472693,-46.63499025,,,,2,2023-06-19T03:09:18+00:00
SAO_118Y-10,São Paulo,3550308,True,,33609,,,-23.504205499999998,-46.6722885,,,,2,2023-06-19T03:09:14+00:00
SAO_118Y-10,São Paulo,3550308,True,,33609,,,-23.472693,-46.63499025,,,,2,2023-06-19T03:09:49+00:00
SAO_209P-10,São Paulo,3550308,True,,34984,,,-23.48263725,-46.67702325,,,,2,2023-06-19T03:09:40+00:00
SAO_209P-10,São Paulo,3550308,True,,34984,,,-23.5661175,-46.691790250000004,,,,2,2023-06-19T03:09:11+00:00
SAO_4013-10,São Paulo,3550308,True,,34954,,,-23.63586375,-46.445139999999995,,,,2,2023-06-19T03:09:19+00:00
SAO_4013-10,São Paulo,3550308,True,,34954,,,-23.621048,-46.4566515,,,,2,2023-06-19T03:09:34+00:00
SAO_4017-10,São Paulo,3550308,True,,2190,,,-23.5902125,-46.3823955,,,,1,2023-06-19T03:09:40+00:00
SAO_4017-10,São Paulo,3550308,True,,2190,,,-23.59092,-46.407697625,,,,1,2023-06-19T03:09:38+00:00
SAO_8015-10,São Paulo,3550308,True,,1345,,,-23.45588,-46.7133865,,,,1,2023-06-19T03:09:23+00:00
SAO_8015-10,São Paulo,3550308,True,,1345,,,-23.3901995,-46.740477,,,,1,2023-06-19T03:09:11+00:00
SAO_8004-10,São Paulo,3550308,True,,1254,,,-23.475894500000003,-46.7481205,,,,1,2023-06-19T03:09:15+00:00
SAO_8004-10,São Paulo,3550308,True,,1254,,,-23.519987,-46.7029965,,,,1,2023-06-19T03:09:42+00:00
SAO_6072-10,São Paulo,3550308,True,,34356,,,-23.827348,-46.69764012499999,,,,2,2023-06-19T03:09:16+00:00
SAO_6072-10,São Paulo,3550308,True,,34356,,,-23.8274015,-46.69739250000001,,,,2,2023-06-19T03:09:30+00:00
SAO_6072-10,São Paulo,3550308,True,,34356,,,-23.8274015,-46.69739250000001,,,,2,2023-06-19T03:09:34+00:00
SAO_6072-10,São Paulo,3550308,True,,34356,,,-23.8274015,-46.69739250000001,,,,2,2023-06-19T03:09:12+00:00
SAO_6072-10,São Paulo,3550308,True,,34356,,,-23.8274015,-46.69739250000001,,,,2,2023-06-19T03:09:40+00:00
SAO_6072-10,São Paulo,3550308,True,,34356,,,-23.8274015,-46.69739250000001,,,,2,2023-06-19T03:09:53+00:00
SAO_6072-10,São Paulo,3550308,True,,34356,,,-23.825851,-46.7034265,,,,2,2023-06-19T03:08:59+00:00
SAO_6072-10,São Paulo,3550308,True,,34356,,,-23.8274015,-46.69739250000001,,,,2,2023-06-19T03:09:20+00:00
SAO_6072-10,São Paulo,3550308,True,,34356,,,-23.781588499999998,-46.713930000000005,,,,2,2023-06-19T03:09:33+00:00
SAO_6072-10,São Paulo,3550308,True,,34356,,,-23.8274015,-46.69739250000001,,,,2,2023-06-19T03:09:21+00:00
SAO_6072-10,São Paulo,3550308,True,,34356,,,-23.8274015,-46.69739250000001,,,,2,2023-06-19T03:09:42+00:00
SAO_6072-10,São Paulo,3550308,True,,34356,,,-23.8274015,-46.69739250000001,,,,2,2023-06-19T03:09:21+00:00
SAO_1026-10,São Paulo,3550308,True,,35074,,,-23.4715135,-46.700987,,,,2,2023-06-19T03:09:21+00:00
SAO_3796-10,São Paulo,3550308,True,,33842,,,-23.5813,-46.453654,,,,2,2023-06-19T03:05:32+00:00
SAO_6038-10,São Paulo,3550308,True,,33984,,,-23.658400999999998,-46.78931475,,,,2,2023-06-19T03:09:20+00:00
SAO_6038-10,São Paulo,3550308,True,,33984,,,-23.6580875,-46.789572,,,,2,2023-06-19T03:09:18+00:00
SAO_6038-10,São Paulo,3550308,True,,33984,,,-23.650038625,-46.75614575,,,,2,2023-06-19T03:09:17+00:00
SAO_6038-10,São Paulo,3550308,True,,33984,,,-23.664891500000003,-46.790621,,,,2,2023-06-19T03:09:42+00:00
SAO_8215-10,São Paulo,3550308,True,,33342,,,-23.523042250000003,-46.65956725,,,,2,2023-06-19T03:09:48+00:00
SAO_8215-10,São Paulo,3550308,True,,33342,,,-23.469110999999998,-46.6955215,,,,2,2023-06-19T03:09:26+00:00
SAO_5141-10,São Paulo,3550308,True,,34393,,,-23.6151375,-46.5001625,,,,2,2023-06-19T03:09:53+00:00
SAO_5141-10,São Paulo,3550308,True,,34393,,,-23.572844,-46.569243,,,,2,2023-06-19T03:09:36+00:00
SAO_9500-10,São Paulo,3550308,True,,33229,,,-23.474438499999998,-46.669928999999996,,,,2,2023-06-19T03:09:31+00:00
SAO_9500-10,São Paulo,3550308,True,,33229,,,-23.4938855,-46.67772025,,,,2,2023-06-19T03:09:49+00:00
SAO_9500-10,São Paulo,3550308,True,,33229,,,-23.541863499999998,-46.635971749999996,,,,2,2023-06-19T03:09:37+00:00
SAO_8615-10,São Paulo,3550308,True,,1339,,,-23.536467000000002,-46.7242705,,,,1,2023-06-19T03:09:27+00:00
SAO_8615-10,São Paulo,3550308,True,,1339,,,-23.5366565,-46.725761000000006,,,,1,2023-06-19T03:09:34+00:00
SAO_8615-10,São Paulo,3550308,True,,1339,,,-23.546505,-46.630880000000005,,,,1,2023-06-19T03:09:22+00:00
SAO_8319-10,São Paulo,3550308,True,,476,,,-23.5473665,-46.7605345,,,,1,2023-06-19T03:09:47+00:00
SAO_8319-10,São Paulo,3550308,True,,476,,,-23.526429750000002,-46.7021045,,,,1,2023-06-19T03:09:39+00:00
SAO_1780-10,São Paulo,3550308,True,,869,,,-23.485229625000002,-46.608100500000006,,,,1,2023-06-19T03:09:27+00:00
SAO_3027-10,São Paulo,3550308,True,,963,,,-23.563912000000002,-46.5052585,,,,1,2023-06-19T03:09:47+00:00
SAO_3027-10,São Paulo,3550308,True,,963,,,-23.5431935,-46.4152505,,,,1,2023-06-19T03:09:47+00:00
SAO_3027-10,São Paulo,3550308,True,,963,,,-23.55450775,-46.439258,,,,1,2023-06-19T03:09:53+00:00
SAO_3027-10,São Paulo,3550308,True,,963,,,-23.5431935,-46.4152505,,,,1,2023-06-19T03:09:46+00:00
SAO_3027-10,São Paulo,3550308,True,,963,,,-23.5431935,-46.4152505,,,,1,2023-06-19T03:09:25+00:00
SAO_6L10-41,São Paulo,3550308,True,,2005,,,-23.7675415,-46.716446000000005,,,,1,2023-06-19T03:09:11+00:00
SAO_PAEC-10,São Paulo,3550308,True,,34190,,,-23.48940375,-46.57123325,,,,2,2023-06-19T03:09:13+00:00
SAO_PAEC-10,São Paulo,3550308,True,,34190,,,-23.5031265,-46.624462,,,,2,2023-06-19T03:09:18+00:00
SAO_PAEC-10,São Paulo,3550308,True,,34190,,,-23.4350765,-46.581492999999995,,,,2,2023-06-19T03:09:25+00:00
SAO_PAEC-10,São Paulo,3550308,True,,34190,,,-23.48941525,-46.571597749999995,,,,2,2023-06-19T03:08:15+00:00
SAO_574W-10,São Paulo,3550308,True,,34397,,,-23.554834,-46.576623,,,,2,2023-06-19T03:09:51+00:00
SAO_574W-10,São Paulo,3550308,True,,34397,,,-23.5948835,-46.5186135,,,,2,2023-06-19T03:09:14+00:00
SAO_574W-10,São Paulo,3550308,True,,34397,,,-23.613259499999998,-46.495098,,,,2,2023-06-19T03:09:26+00:00
SAO_574W-10,São Paulo,3550308,True,,34397,,,-23.61519175,-46.48790975,,,,2,2023-06-19T03:09:50+00:00
SAO_208M-10,São Paulo,3550308,True,,35246,,,-23.5623425,-46.685475,,,,2,2023-06-19T03:09:28+00:00
SAO_208M-10,São Paulo,3550308,True,,35246,,,-23.50117875,-46.623563000000004,,,,2,2023-06-19T03:09:31+00:00
SAO_208M-10,São Paulo,3550308,True,,35246,,,-23.5274075,-46.6626945,,,,2,2023-06-19T03:09:40+00:00
SAO_2715-10,São Paulo,3550308,True,,33696,,,-23.4980505,-46.503099,,,,2,2023-06-19T03:09:16+00:00
SAO_2715-10,São Paulo,3550308,True,,33696,,,-23.5213375,-46.503482500000004,,,,2,2023-06-19T03:09:38+00:00
SAO_172K-10,São Paulo,3550308,True,,33625,,,-23.469242,-46.6041575,,,,2,2023-06-19T03:09:25+00:00
SAO_172K-10,São Paulo,3550308,True,,33625,,,-23.541785625,-46.591997375000005,,,,2,2023-06-19T03:09:53+00:00
SAO_172K-10,São Paulo,3550308,True,,33625,,,-23.456574500000002,-46.5947105,,,,2,2023-06-19T03:09:19+00:00
SAO_172K-10,São Paulo,3550308,True,,33625,,,-23.509325,-46.591716000000005,,,,2,2023-06-19T03:09:13+00:00
SAO_172K-10,São Paulo,3550308,True,,33625,,,-23.51375625,-46.58601625,,,,2,2023-06-19T03:09:51+00:00
SAO_4310-10,São Paulo,3550308,True,,34928,,,-23.552198500000003,-46.6225435,,,,2,2023-06-19T03:09:48+00:00
SAO_4310-10,São Paulo,3550308,True,,34928,,,-23.534565999999998,-46.4530625,,,,2,2023-06-19T03:09:36+00:00
SAO_4310-10,São Paulo,3550308,True,,34928,,,-23.534565999999998,-46.4530625,,,,2,2023-06-19T03:09:21+00:00
SAO_4310-10,São Paulo,3550308,True,,34928,,,-23.534565999999998,-46.4530625,,,,2,2023-06-19T03:09:46+00:00
SAO_6093-10,São Paulo,3550308,True,,34353,,,-23.854031,-46.7133085,,,,2,2023-06-19T03:09:53+00:00
SAO_6093-10,São Paulo,3550308,True,,34353,,,-23.821648,-46.736267,,,,2,2023-06-19T03:08:26+00:00
SAO_6093-10,São Paulo,3550308,True,,34353,,,-23.74224925,-46.7011045,,,,2,2023-06-19T03:09:09+00:00
SAO_6093-10,São Paulo,3550308,True,,34353,,,-23.832611,-46.7228125,,,,2,2023-06-19T03:09:44+00:00
SAO_917H-10,São Paulo,3550308,True,STT,456,https://moovitapp.com/index/pt-br/transporte_p%C3%BAblico-line-456-Sao_Paulo-242-850661-10416524-0,5.3,-23.487007,-46.726683,,,,1,2023-06-19T03:09:37+00:00
SAO_917H-10,São Paulo,3550308,True,STT,456,https://moovitapp.com/index/pt-br/transporte_p%C3%BAblico-line-456-Sao_Paulo-242-850661-10416524-0,5.3,-23.520348,-46.7460365,,,,1,2023-06-19T03:09:47+00:00
SAO_917H-10,São Paulo,3550308,True,STT,456,https://moovitapp.com/index/pt-br/transporte_p%C3%BAblico-line-456-Sao_Paulo-242-850661-10416524-0,5.3,-23.486517,-46.7262255,,,,1,2023-06-19T03:09:21+00:00
SAO_917H-10,São Paulo,3550308,True,STT,456,https://moovitapp.com/index/pt-br/transporte_p%C3%BAblico-line-456-Sao_Paulo-242-850661-10416524-0,5.3,-23.5639891875,-46.653543562500005,,,,1,2023-06-19T03:09:17+00:00
SAO_917H-10,São Paulo,3550308,True,STT,456,https://moovitapp.com/index/pt-br/transporte_p%C3%BAblico-line-456-Sao_Paulo-242-850661-10416524-0,5.3,-23.540671500000002,-46.70205575,,,,1,2023-06-19T03:09:29+00:00
SAO_273L-10,São Paulo,3550308,True,,224,,,-23.5401805,-46.483284,,,,1,2023-06-19T03:09:13+00:00
SAO_4055-10,São Paulo,3550308,True,,2447,,,-23.549401,-46.4202565,,,,1,2023-06-19T03:09:35+00:00
SAO_4055-10,São Paulo,3550308,True,,2447,,,-23.5430895,-46.416463,,,,1,2023-06-19T03:09:43+00:00
SAO_573T-10,São Paulo,3550308,True,,34400,,,-23.612904,-46.4949105,,,,2,2023-06-19T03:09:33+00:00
SAO_573T-10,São Paulo,3550308,True,,34400,,,-23.561977875,-46.5172335,,,,2,2023-06-19T03:09:17+00:00
SAO_809H-10,São Paulo,3550308,True,,35013,,,-23.5806105,-46.793718,,,,2,2023-06-19T03:09:27+00:00
SAO_809H-10,São Paulo,3550308,True,,35013,,,-23.5806105,-46.793718,,,,2,2023-06-19T03:09:27+00:00
SAO_4717-10,São Paulo,3550308,True,,33103,,,-23.61677075,-46.62936925,,,,2,2023-06-19T03:09:29+00:00
SAO_4717-10,São Paulo,3550308,True,,33103,,,-23.6371605,-46.595395999999994,,,,2,2023-06-19T03:09:14+00:00
SAO_3787-10,São Paulo,3550308,True,,34380,,,-23.5941015,-46.420638499999995,,,,2,2023-06-19T03:09:16+00:00
SAO_3787-10,São Paulo,3550308,True,,34380,,,-23.5425565,-46.4708155,,,,2,2023-06-19T03:09:09+00:00
SAO_3787-10,São Paulo,3550308,True,,34380,,,-23.6008165,-46.399510500000005,,,,2,2023-06-19T03:09:40+00:00
SAO_3787-10,São Paulo,3550308,True,,34380,,,-23.603904999999997,-46.404867875,,,,2,2023-06-19T03:09:18+00:00
SAO_2709-31,São Paulo,3550308,True,,33691,,,-23.5200645,-46.4798915,,,,2,2023-06-19T03:09:46+00:00
SAO_2709-31,São Paulo,3550308,True,,33691,,,-23.5318905,-46.4864685,,,,2,2023-06-19T03:09:22+00:00
SAO_1896-10,São Paulo,3550308,True,,35288,,,-23.534146,-46.6547235,,,,2,2023-06-19T03:09:11+00:00
SAO_1896-10,São Paulo,3550308,True,,35288,,,-23.45887,-46.7554035,,,,2,2023-06-19T03:09:26+00:00
SAO_1896-10,São Paulo,3550308,True,,35288,,,-23.488142,-46.731524,,,,2,2023-06-19T03:09:33+00:00
SAO_148P-10,São Paulo,3550308,True,,33302,,,-23.458094,-46.642975500000006,,,,2,2023-06-19T03:09:11+00:00
SAO_148P-10,São Paulo,3550308,True,,33302,,,-23.470757499999998,-46.6525355,,,,2,2023-06-19T03:09:28+00:00
SAO_148P-10,São Paulo,3550308,True,,33302,,,-23.48671075,-46.66485425,,,,2,2023-06-19T03:09:37+00:00
SAO_148P-10,São Paulo,3550308,True,,33302,,,-23.4580645,-46.6433105,,,,2,2023-06-19T03:09:23+00:00
SAO_148P-10,São Paulo,3550308,True,,33302,,,-23.4580515,-46.6428225,,,,2,2023-06-19T03:09:35+00:00
SAO_2451-10,São Paulo,3550308,True,,32981,,,-23.516843,-46.489267999999996,,,,2,2023-06-19T03:09:38+00:00
SAO_2451-10,São Paulo,3550308,True,,32981,,,-23.52422,-46.548732,,,,2,2023-06-19T03:09:27+00:00
SAO_6806-10,São Paulo,3550308,True,BR7 Mobilidade,32,https://moovitapp.com/index/pt-br/transporte_p%C3%BAblico-line-32-Sao_Paulo-242-851856-586488-0,5.75,-23.6420645,-46.739935,,,,1,2023-06-19T03:09:54+00:00
SAO_695D-10,São Paulo,3550308,True,,32882,,,-23.7329935,-46.676147,,,,2,2023-06-19T03:09:48+00:00
SAO_695D-10,São Paulo,3550308,True,,32882,,,-23.650265375,-46.663811624999994,,,,2,2023-06-19T03:09:24+00:00
SAO_695D-10,São Paulo,3550308,True,,32882,,,-23.7218735,-46.69100025,,,,2,2023-06-19T03:09:27+00:00
SAO_4032-10,São Paulo,3550308,True,,33870,,,-23.610132,-46.6389045,,,,2,2023-06-19T03:09:16+00:00
SAO_607C-10,São Paulo,3550308,True,,1977,,,-23.6896565,-46.635254,,,,1,2023-06-19T03:09:06+00:00
SAO_607C-10,São Paulo,3550308,True,,1977,,,-23.6199225,-46.698101,,,,1,2023-06-19T03:09:43+00:00
SAO_607C-10,São Paulo,3550308,True,,1977,,,-23.67221775,-46.6449425,,,,1,2023-06-19T03:09:42+00:00
SAO_9717-10,São Paulo,3550308,True,,33585,,,-23.463628,-46.6811755,,,,2,2023-06-19T03:09:16+00:00
SAO_9717-10,São Paulo,3550308,True,,33585,,,-23.493127,-46.6916555,,,,2,2023-06-19T03:09:39+00:00
SAO_9717-10,São Paulo,3550308,True,,33585,,,-23.506302249999997,-46.62408525,,,,2,2023-06-19T03:09:25+00:00
SAO_477A-10,São Paulo,3550308,True,EMTU,346,https://moovitapp.com/index/pt-br/transporte_p%C3%BAblico-line-346-Sao_Paulo-242-2038937-36419429-0,6.3,-23.568316250000002,-46.69236525,,,,1,2023-06-19T03:09:18+00:00
SAO_477A-10,São Paulo,3550308,True,EMTU,346,https://moovitapp.com/index/pt-br/transporte_p%C3%BAblico-line-346-Sao_Paulo-242-2038937-36419429-0,6.3,-23.581864500000002,-46.6058315,,,,1,2023-06-19T03:09:50+00:00
SAO_477A-10,São Paulo,3550308,True,EMTU,346,https://moovitapp.com/index/pt-br/transporte_p%C3%BAblico-line-346-Sao_Paulo-242-2038937-36419429-0,6.3,-23.603806499999997,-46.603359499999996,,,,1,2023-06-19T03:09:26+00:00
SAO_477A-10,São Paulo,3550308,True,EMTU,346,https://moovitapp.com/index/pt-br/transporte_p%C3%BAblico-line-346-Sao_Paulo-242-2038937-36419429-0,6.3,-23.574421,-46.641919,,,,1,2023-06-19T03:09:23+00:00
SAO_8017-10,São Paulo,3550308,True,,1261,,,-23.481223,-46.7182495,,,,1,2023-06-19T03:09:49+00:00
SAO_8017-10,São Paulo,3550308,True,,1261,,,-23.438237,-46.746818000000005,,,,1,2023-06-19T03:09:37+00:00
SAO_8017-10,São Paulo,3550308,True,,1261,,,-23.4365345,-46.7402465,,,,1,2023-06-19T03:09:38+00:00
SAO_8010-10,São Paulo,3550308,True,,798,,,-23.51816525,-46.70211325,,,,1,2023-06-19T03:09:43+00:00
SAO_8010-10,São Paulo,3550308,True,,798,,,-23.4570205,-46.7203085,,,,1,2023-06-19T03:06:58+00:00
SAO_8010-10,São Paulo,3550308,True,,798,,,-23.407032,-46.758294,,,,1,2023-06-19T03:09:32+00:00
SAO_5038-10,São Paulo,3550308,True,,34429,,,-23.653293500000004,-46.602455000000006,,,,2,2023-06-19T03:09:31+00:00
SAO_5038-10,São Paulo,3550308,True,,34429,,,-23.653293500000004,-46.602455000000006,,,,2,2023-06-19T03:09:17+00:00
SAO_5038-10,São Paulo,3550308,True,,34429,,,-23.622339,-46.60181,,,,2,2023-06-19T03:09:09+00:00
SAO_7011-10,São Paulo,3550308,True,,1952,,,-23.7087205,-46.792103499999996,,,,1,2023-06-19T03:09:37+00:00
SAO_7011-10,São Paulo,3550308,True,,1952,,,-23.683546999999997,-46.7694185,,,,1,2023-06-19T03:09:28+00:00
SAO_2722-10,São Paulo,3550308,True,,33703,,,-23.4905365,-46.49019025,,,,2,2023-06-19T03:09:50+00:00
SAO_2722-10,São Paulo,3550308,True,,33703,,,-23.514394000000003,-46.5029465,,,,2,2023-06-19T03:09:24+00:00
SAO_2722-10,São Paulo,3550308,True,,33703,,,-23.49297825,-46.497193499999995,,,,2,2023-06-19T03:09:40+00:00
SAO_4019-10,São Paulo,3550308,True,,35292,,,-23.548913,-46.473406499999996,,,,2,2023-06-19T03:09:31+00:00
SAO_875A-10,São Paulo,3550308,True,,33377,,,-23.642858500000003,-46.661073,,,,2,2023-06-19T03:09:29+00:00
SAO_875A-10,São Paulo,3550308,True,,33377,,,-23.568305875,-46.648278250000004,,,,2,2023-06-19T03:09:46+00:00
SAO_875A-10,São Paulo,3550308,True,,33377,,,-23.617801999999998,-46.65105775,,,,2,2023-06-19T03:09:25+00:00
SAO_875A-10,São Paulo,3550308,True,,33377,,,-23.6431975,-46.6622785,,,,2,2023-06-19T03:09:28+00:00
SAO_875A-10,São Paulo,3550308,True,,33377,,,-23.54862,-46.65147,,,,2,2023-06-19T03:09:49+00:00
SAO_7267-10,São Paulo,3550308,True,,34195,,,-23.5448285,-46.6433995,,,,2,2023-06-19T03:09:32+00:00
SAO_7267-10,São Paulo,3550308,True,,34195,,,-23.536394,-46.6778235,,,,2,2023-06-19T03:09:31+00:00
SAO_6115-10,São Paulo,3550308,True,,1185,,,-23.75514825,-46.66720275,,,,1,2023-06-19T03:09:49+00:00
SAO_297A-10,São Paulo,3550308,True,,34901,,,-23.517923500000002,-46.678512749999996,,,,2,2023-06-19T03:09:40+00:00
SAO_297A-10,São Paulo,3550308,True,,34901,,,-23.5251275,-46.6660255,,,,2,2023-06-19T03:09:14+00:00
SAO_809D-10,São Paulo,3550308,True,,34836,,,-23.5857775,-46.7604585,,,,2,2023-06-19T03:09:51+00:00
SAO_809D-10,São Paulo,3550308,True,,34836,,,-23.6031195,-46.781302,,,,2,2023-06-19T03:09:15+00:00
SAO_917H-10,São Paulo,3550308,True,,33224,,,-23.5015565,-46.7465335,,,,2,2023-06-19T03:09:38+00:00
SAO_917H-10,São Paulo,3550308,True,,33224,,,-23.48692225,-46.726247,,,,2,2023-06-19T03:09:27+00:00
SAO_917H-10,São Paulo,3550308,True,,33224,,,-23.5305975,-46.737309499999995,,,,2,2023-06-19T03:09:42+00:00
SAO_917H-10,São Paulo,3550308,True,,33224,,,-23.5460535,-46.69134,,,,2,2023-06-19T03:09:43+00:00
SAO_917H-10,São Paulo,3550308,True,,33224,,,-23.5703665,-46.645350875000005,,,,2,2023-06-19T03:09:41+00:00
SAO_917H-10,São Paulo,3550308,True,,33224,,,-23.48722275,-46.726573,,,,2,2023-06-19T03:09:36+00:00
SAO_2712-10,São Paulo,3550308,True,,926,,,-23.540146,-46.4828645,,,,1,2023-06-19T03:09:44+00:00
SAO_2712-10,São Paulo,3550308,True,,926,,,-23.5407195,-46.482772499999996,,,,1,2023-06-19T03:09:46+00:00
SAO_2712-10,São Paulo,3550308,True,,926,,,-23.539928500000002,-46.482043874999995,,,,1,2023-06-19T03:09:15+00:00
SAO_957T-10,São Paulo,3550308,True,,464,,,-23.440492,-46.7082695,,,,1,2023-06-19T03:09:48+00:00
SAO_957T-10,São Paulo,3550308,True,,464,,,-23.53771,-46.731426500000005,,,,1,2023-06-19T03:09:08+00:00
SAO_957T-10,São Paulo,3550308,True,,464,,,-23.436998,-46.717544375,,,,1,2023-06-19T03:09:45+00:00
SAO_4221-10,São Paulo,3550308,True,,33093,,,-23.60308325,-46.52735025,,,,2,2023-06-19T03:09:13+00:00
SAO_4221-10,São Paulo,3550308,True,,33093,,,-23.60887425,-46.514239,,,,2,2023-06-19T03:09:08+00:00
SAO_4020-10,São Paulo,3550308,True,,2530,,,-23.543294500000002,-46.44825175,,,,1,2023-06-19T03:09:17+00:00
SAO_342C-10,São Paulo,3550308,True,,33770,,,-23.560966,-46.4920555,,,,2,2023-06-19T03:09:26+00:00
SAO_342C-10,São Paulo,3550308,True,,33770,,,-23.5426775,-46.4987725,,,,2,2023-06-19T03:09:22+00:00
SAO_1705-10,São Paulo,3550308,True,,849,,,-23.442104999999998,-46.5884335,,,,1,2023-06-19T03:09:10+00:00
SAO_1705-10,São Paulo,3550308,True,,849,,,-23.443863999999998,-46.5901045,,,,1,2023-06-19T03:09:22+00:00
SAO_1705-10,São Paulo,3550308,True,,849,,,-23.4810685,-46.603014,,,,1,2023-06-19T03:09:37+00:00
SAO_1705-10,São Paulo,3550308,True,,849,,,-23.434117999999998,-46.5843315,,,,1,2023-06-19T03:00:43+00:00
SAO_1705-10,São Paulo,3550308,True,,849,,,-23.443433499999998,-46.589321,,,,1,2023-06-19T03:09:47+00:00
SAO_1705-10,São Paulo,3550308,True,,849,,,-23.434117999999998,-46.5843315,,,,1,2023-06-19T03:09:13+00:00
SAO_8194-10,São Paulo,3550308,True,,33573,,,-23.4140175,-46.750341500000005,,,,2,2023-06-19T03:09:47+00:00
SAO_8194-10,São Paulo,3550308,True,,33573,,,-23.412292,-46.7508115,,,,2,2023-06-19T03:09:46+00:00
SAO_8194-10,São Paulo,3550308,True,,33573,,,-23.426400375,-46.724796125,,,,2,2023-06-19T03:09:25+00:00
SAO_8194-10,São Paulo,3550308,True,,33573,,,-23.470343999999997,-46.6764595,,,,2,2023-06-19T03:09:30+00:00
SAO_2766-10,São Paulo,3550308,True,EMTU,405,https://moovitapp.com/index/pt-br/transporte_p%C3%BAblico-line-405-Sao_Paulo-242-2038937-36419467-0,5.35,-23.542588000000002,-46.46839,,,,1,2023-06-19T03:08:46+00:00
SAO_2766-10,São Paulo,3550308,True,EMTU,405,https://moovitapp.com/index/pt-br/transporte_p%C3%BAblico-line-405-Sao_Paulo-242-2038937-36419467-0,5.35,-23.494658,-46.426776000000004,,,,1,2023-06-19T03:09:22+00:00
SAO_2019-10,São Paulo,3550308,True,,905,,,-23.524735999999997,-46.545161,,,,1,2023-06-19T03:08:45+00:00
SAO_2019-10,São Paulo,3550308,True,,905,,,-23.5315505,-46.484952,,,,1,2023-06-19T03:09:47+00:00
SAO_8677-10,São Paulo,3550308,True,,33211,,,-23.487239000000002,-46.7323545,,,,2,2023-06-19T03:09:46+00:00
SAO_8677-10,São Paulo,3550308,True,,33211,,,-23.483183,-46.764822499999994,,,,2,2023-06-19T03:09:38+00:00
SAO_8677-10,São Paulo,3550308,True,,33211,,,-23.487080499999998,-46.731964500000004,,,,2,2023-06-19T03:09:43+00:00
SAO_8677-10,São Paulo,3550308,True,,33211,,,-23.487239000000002,-46.7323545,,,,2,2023-06-19T03:09:13+00:00
SAO_8677-10,São Paulo,3550308,True,,33211,,,-23.5180455,-46.70389725,,,,2,2023-06-19T03:07:40+00:00
SAO_7055-10,São Paulo,3550308,True,,34656,,,-23.65193875,-46.77850025,,,,2,2023-06-19T03:09:25+00:00
SAO_7055-10,São Paulo,3550308,True,,34656,,,-23.683218,-46.7892375,,,,2,2023-06-19T03:09:52+00:00
SAO_7055-10,São Paulo,3550308,True,,34656,,,-23.6923765,-46.7911055,,,,2,2023-06-19T03:09:24+00:00
SAO_7055-10,São Paulo,3550308,True,,34656,,,-23.692973,-46.7912575,,,,2,2023-06-19T03:09:27+00:00
SAO_4015-10,São Paulo,3550308,True,,2188,,,-23.6138775,-46.476696000000004,,,,1,2023-06-19T03:09:10+00:00
SAO_178T-10,São Paulo,3550308,True,EMTU,565,https://moovitapp.com/index/pt-br/transporte_p%C3%BAblico-line-565-Sao_Paulo-242-2038937-36419563-0,8.1,-23.53174025,-46.734263999999996,,,,1,2023-06-19T03:09:16+00:00
SAO_178T-10,São Paulo,3550308,True,EMTU,565,https://moovitapp.com/index/pt-br/transporte_p%C3%BAblico-line-565-Sao_Paulo-242-2038937-36419563-0,8.1,-23.5315425,-46.734446500000004,,,,1,2023-06-19T03:09:16+00:00
SAO_178T-10,São Paulo,3550308,True,EMTU,565,https://moovitapp.com/index/pt-br/transporte_p%C3%BAblico-line-565-Sao_Paulo-242-2038937-36419563-0,8.1,-23.525317,-46.724331,,,,1,2023-06-19T03:09:17+00:00
SAO_875C-1,São Paulo,3550308,True,,35278,,,-23.52087225,-46.70017,,,,2,2023-06-19T03:09:38+00:00
SAO_875C-1,São Paulo,3550308,True,,35278,,,-23.52087225,-46.70017,,,,2,2023-06-19T03:09:48+00:00
SAO_875C-1,São Paulo,3550308,True,,35278,,,-23.531084,-46.715227999999996,,,,2,2023-06-19T03:09:41+00:00
SAO_118Y-10,São Paulo,3550308,True,EMTU,841,https://moovitapp.com/index/pt-br/transporte_p%C3%BAblico-line-841-Sao_Paulo-242-2038937-36419604-0,5.15,-23.482121499999998,-46.661686,,,,1,2023-06-19T03:09:45+00:00
SAO_509M-10,São Paulo,3550308,True,,1277,,,-23.53747,-46.64374475,,,,1,2023-06-19T03:09:25+00:00
SAO_509M-10,São Paulo,3550308,True,,1277,,,-23.6277595,-46.6846565,,,,1,2023-06-19T03:09:15+00:00
SAO_373L-10,São Paulo,3550308,True,,1027,,,-23.615178999999998,-46.423012,,,,1,2023-06-19T03:09:15+00:00
SAO_373L-10,São Paulo,3550308,True,,1027,,,-23.615178999999998,-46.423012,,,,1,2023-06-19T03:09:47+00:00
SAO_373L-10,São Paulo,3550308,True,,1027,,,-23.5746405,-46.4543305,,,,1,2023-06-19T03:09:30+00:00
SAO_574J-10,São Paulo,3550308,True,,34453,,,-23.566192,-46.558794,,,,2,2023-06-19T03:09:48+00:00
SAO_574J-10,São Paulo,3550308,True,,34453,,,-23.636083499999998,-46.641462,,,,2,2023-06-19T03:09:38+00:00
SAO_574J-10,São Paulo,3550308,True,,34453,,,-23.6252955,-46.62470625,,,,2,2023-06-19T03:09:25+00:00
SAO_574J-10,São Paulo,3550308,True,,34453,,,-23.602499,-46.602281000000005,,,,2,2023-06-19T03:09:45+00:00
SAO_574J-10,São Paulo,3550308,True,,34453,,,-23.558235500000002,-46.522756,,,,2,2023-06-19T03:09:16+00:00
SAO_2127-10,São Paulo,3550308,True,,33461,,,-23.52864125,-46.613524500000004,,,,2,2023-06-19T03:08:01+00:00
SAO_2127-10,São Paulo,3550308,True,,33461,,,-23.4849295,-46.5694385,,,,2,2023-06-19T03:08:45+00:00
SAO_2714-10,São Paulo,3550308,True,,33695,,,-23.531503,-46.5289355,,,,2,2023-06-19T03:09:43+00:00
SAO_2714-10,São Paulo,3550308,True,,33695,,,-23.51703725,-46.531507000000005,,,,2,2023-06-19T03:09:12+00:00
SAO_414P-10,São Paulo,3550308,True,,33873,,,-23.592294000000003,-46.5292885,,,,2,2023-06-19T03:09:45+00:00
SAO_414P-10,São Paulo,3550308,True,,33873,,,-23.535292,-46.575307249999994,,,,2,2023-06-19T03:09:36+00:00
SAO_7009-10,São Paulo,3550308,True,,34719,,,-23.6870885,-46.7715025,,,,2,2023-06-19T03:09:28+00:00
SAO_2523-10,São Paulo,3550308,True,Cidade de Caieiras,250,https://moovitapp.com/index/pt-br/transporte_p%C3%BAblico-line-250-Sao_Paulo-242-868761-752902-0,5.0,-23.5182095,-46.475659,,,,1,2023-06-19T03:09:21+00:00
SAO_2523-10,São Paulo,3550308,True,Cidade de Caieiras,250,https://moovitapp.com/index/pt-br/transporte_p%C3%BAblico-line-250-Sao_Paulo-242-868761-752902-0,5.0,-23.5182095,-46.475659,,,,1,2023-06-19T03:09:33+00:00
SAO_2523-10,São Paulo,3550308,True,Cidade de Caieiras,250,https://moovitapp.com/index/pt-br/transporte_p%C3%BAblico-line-250-Sao_Paulo-242-868761-752902-0,5.0,-23.5182095,-46.475659,,,,1,2023-06-19T03:09:24+00:00
SAO_2523-10,São Paulo,3550308,True,Cidade de Caieiras,250,https://moovitapp.com/index/pt-br/transporte_p%C3%BAblico-line-250-Sao_Paulo-242-868761-752902-0,5.0,-23.5182095,-46.475659,,,,1,2023-06-19T03:09:42+00:00
SAO_2523-10,São Paulo,3550308,True,Cidade de Caieiras,250,https://moovitapp.com/index/pt-br/transporte_p%C3%BAblico-line-250-Sao_Paulo-242-868761-752902-0,5.0,-23.517572,-46.475783,,,,1,2023-06-19T03:09:45+00:00
SAO_2523-10,São Paulo,3550308,True,Cidade de Caieiras,250,https://moovitapp.com/index/pt-br/transporte_p%C3%BAblico-line-250-Sao_Paulo-242-868761-752902-0,5.0,-23.5182095,-46.475659,,,,1,2023-06-19T03:09:11+00:00
SAO_2523-10,São Paulo,3550308,True,Cidade de Caieiras,250,https://moovitapp.com/index/pt-br/transporte_p%C3%BAblico-line-250-Sao_Paulo-242-868761-752902-0,5.0,-23.5153125,-46.462316,,,,1,2023-06-19T03:09:48+00:00
SAO_8055-10,São Paulo,3550308,True,,33182,,,-23.408328,-46.741003,,,,2,2023-06-19T03:09:35+00:00
SAO_8055-10,São Paulo,3550308,True,,33182,,,-23.407069999999997,-46.759097,,,,2,2023-06-19T03:09:43+00:00
SAO_8055-10,São Paulo,3550308,True,,33182,,,-23.408178,-46.7411865,,,,2,2023-06-19T03:09:40+00:00
SAO_8055-10,São Paulo,3550308,True,,33182,,,-23.5198795,-46.701719999999995,,,,2,2023-06-19T03:09:35+00:00
SAO_8199-10,São Paulo,3550308,True,,33575,,,-23.49471425,-46.6975085,,,,2,2023-06-19T03:09:39+00:00
SAO_8199-10,São Paulo,3550308,True,,33575,,,-23.468757,-46.7514565,,,,2,2023-06-19T03:09:18+00:00
SAO_8199-10,São Paulo,3550308,True,,33575,,,-23.4823835,-46.745261,,,,2,2023-06-19T03:09:43+00:00
SAO_5290-10,São Paulo,3550308,True,,33365,,,-23.674934999999998,-46.630636499999994,,,,2,2023-06-19T03:09:52+00:00
SAO_5290-10,São Paulo,3550308,True,,33365,,,-23.680734,-46.635801,,,,2,2023-06-19T03:09:16+00:00
SAO_5290-10,São Paulo,3550308,True,,33365,,,-23.580851125,-46.638879125,,,,2,2023-06-19T03:09:38+00:00
SAO_5290-10,São Paulo,3550308,True,,33365,,,-23.5479245,-46.629473,,,,2,2023-06-19T03:09:47+00:00
SAO_6063-10,São Paulo,3550308,True,,1152,,,-23.783673,-46.6827105,,,,1,2023-06-19T03:09:10+00:00
SAO_6063-10,São Paulo,3550308,True,,1152,,,-23.783673,-46.6827105,,,,1,2023-06-19T03:09:11+00:00
SAO_2765-10,São Paulo,3550308,True,,32913,,,-23.5119435,-46.5450915,,,,2,2023-06-19T03:09:48+00:00
SAO_2765-10,São Paulo,3550308,True,,32913,,,-23.49302575,-46.493033749999995,,,,2,2023-06-19T03:03:10+00:00
SAO_2765-10,São Paulo,3550308,True,,32913,,,-23.49302575,-46.493033749999995,,,,2,2023-06-19T02:57:56+00:00
SAO_809V-10,São Paulo,3550308,True,,2243,,,-23.570878999999998,-46.709908375,,,,1,2023-06-19T03:09:54+00:00
SAO_8028-10,São Paulo,3550308,True,,2532,,,-23.6220775,-46.7278395,,,,1,2023-06-19T03:09:09+00:00
SAO_8028-10,São Paulo,3550308,True,,2532,,,-23.613827,-46.7210345,,,,1,2023-06-19T03:09:52+00:00
SAO_2202-10,São Paulo,3550308,True,Urubupungá,910,https://moovitapp.com/index/pt-br/transporte_p%C3%BAblico-line-910-Sao_Paulo-242-873835-496471-0,4.6,-23.488076999999997,-46.3817875,,,,1,2023-06-19T03:09:23+00:00
SAO_2202-10,São Paulo,3550308,True,Urubupungá,910,https://moovitapp.com/index/pt-br/transporte_p%C3%BAblico-line-910-Sao_Paulo-242-873835-496471-0,4.6,-23.4974775,-46.405567250000004,,,,1,2023-06-19T03:09:45+00:00
SAO_2202-10,São Paulo,3550308,True,Urubupungá,910,https://moovitapp.com/index/pt-br/transporte_p%C3%BAblico-line-910-Sao_Paulo-242-873835-496471-0,4.6,-23.542133,-46.4148525,,,,1,2023-06-19T03:09:23+00:00
SAO_2202-10,São Paulo,3550308,True,Urubupungá,910,https://moovitapp.com/index/pt-br/transporte_p%C3%BAblico-line-910-Sao_Paulo-242-873835-496471-0,4.6,-23.503116499999997,-46.4049215,,,,1,2023-06-19T03:09:37+00:00
SAO_2202-10,São Paulo,3550308,True,Urubupungá,910,https://moovitapp.com/index/pt-br/transporte_p%C3%BAblico-line-910-Sao_Paulo-242-873835-496471-0,4.6,-23.4942705,-46.390076500000006,,,,1,2023-06-19T03:09:14+00:00
SAO_273J-10,São Paulo,3550308,True,,33157,,,-23.4789165,-46.384702000000004,,,,2,2023-06-19T03:09:38+00:00
SAO_273J-10,São Paulo,3550308,True,,33157,,,-23.479516375,-46.385100625,,,,2,2023-06-19T03:09:31+00:00
SAO_273J-10,São Paulo,3550308,True,,33157,,,-23.479516375,-46.385100625,,,,2,2023-06-19T03:07:39+00:00
SAO_273J-10,São Paulo,3550308,True,,33157,,,-23.479107999999997,-46.385157,,,,2,2023-06-19T03:09:45+00:00
SAO_273J-10,São Paulo,3550308,True,,33157,,,-23.4789165,-46.384702000000004,,,,2,2023-06-19T03:09:34+00:00
SAO_3063-10,São Paulo,3550308,True,,33021,,,-23.558082,-46.3995945,,,,2,2023-06-19T03:09:23+00:00
SAO_3063-10,São Paulo,3550308,True,,33021,,,-23.5541475,-46.402835499999995,,,,2,2023-06-19T03:09:08+00:00
SAO_3063-10,São Paulo,3550308,True,,33021,,,-23.557927,-46.399613,,,,2,2023-06-19T03:09:21+00:00
SAO_3063-10,São Paulo,3550308,True,,33021,,,-23.594403999999997,-46.4249155,,,,2,2023-06-19T03:09:28+00:00
SAO_1036-10,São Paulo,3550308,True,,35221,,,-23.444919,-46.7110945,,,,2,2023-06-19T03:09:48+00:00
SAO_178L-10,São Paulo,3550308,True,,33328,,,-23.4747265,-46.64295,,,,2,2023-06-19T03:09:28+00:00
SAO_178L-10,São Paulo,3550308,True,,33328,,,-23.5560535,-46.6633055,,,,2,2023-06-19T03:09:24+00:00
SAO_178L-10,São Paulo,3550308,True,,33328,,,-23.4747265,-46.64295,,,,2,2023-06-19T03:09:10+00:00
SAO_178L-10,São Paulo,3550308,True,,33328,,,-23.483399,-46.6426895,,,,2,2023-06-19T03:09:44+00:00
SAO_746C-10,São Paulo,3550308,True,STT,783,https://moovitapp.com/index/pt-br/transporte_p%C3%BAblico-line-783-Sao_Paulo-242-850661-183351-0,5.3,-23.6091595,-46.7512945,,,,1,2023-06-19T03:09:28+00:00
SAO_746C-10,São Paulo,3550308,True,STT,783,https://moovitapp.com/index/pt-br/transporte_p%C3%BAblico-line-783-Sao_Paulo-242-850661-183351-0,5.3,-23.6498405,-46.707801,,,,1,2023-06-19T03:09:44+00:00
SAO_978L-10,São Paulo,3550308,True,EMTU,466,https://moovitapp.com/index/pt-br/transporte_p%C3%BAblico-line-466-Sao_Paulo-242-2038937-72712754-0,5.4,-23.479428,-46.6726635,,,,1,2023-06-19T03:09:10+00:00
SAO_978L-10,São Paulo,3550308,True,EMTU,466,https://moovitapp.com/index/pt-br/transporte_p%C3%BAblico-line-466-Sao_Paulo-242-2038937-72712754-0,5.4,-23.53471425,-46.64500699999999,,,,1,2023-06-19T03:09:32+00:00
SAO_7009-10,São Paulo,3550308,True,,1951,,,-23.704196500000002,-46.787588,,,,1,2023-06-19T03:09:42+00:00
SAO_2717-10,São Paulo,3550308,True,,33698,,,-23.528868,-46.5167825,,,,2,2023-06-19T03:09:38+00:00
SAO_2717-10,São Paulo,3550308,True,,33698,,,-23.498666,-46.506645,,,,2,2023-06-19T03:09:28+00:00
SAO_5300-10,São Paulo,3550308,True,EMTU,354,https://moovitapp.com/index/pt-br/transporte_p%C3%BAblico-line-354-Sao_Paulo-242-2038937-36419437-0,7.55,-23.654195,-46.711744499999995,,,,1,2023-06-19T03:09:32+00:00
SAO_5300-10,São Paulo,3550308,True,EMTU,354,https://moovitapp.com/index/pt-br/transporte_p%C3%BAblico-line-354-Sao_Paulo-242-2038937-36419437-0,7.55,-23.654195,-46.711744499999995,,,,1,2023-06-19T03:09:52+00:00
SAO_5300-10,São Paulo,3550308,True,EMTU,354,https://moovitapp.com/index/pt-br/transporte_p%C3%BAblico-line-354-Sao_Paulo-242-2038937-36419437-0,7.55,-23.62561,-46.682781000000006,,,,1,2023-06-19T03:09:46+00:00
SAO_5300-10,São Paulo,3550308,True,EMTU,354,https://moovitapp.com/index/pt-br/transporte_p%C3%BAblico-line-354-Sao_Paulo-242-2038937-36419437-0,7.55,-23.5471955,-46.630402000000004,,,,1,2023-06-19T03:09:39+00:00
SAO_5300-10,São Paulo,3550308,True,EMTU,354,https://moovitapp.com/index/pt-br/transporte_p%C3%BAblico-line-354-Sao_Paulo-242-2038937-36419437-0,7.55,-23.591693,-46.6505155,,,,1,2023-06-19T03:09:51+00:00
SAO_5300-10,São Paulo,3550308,True,EMTU,354,https://moovitapp.com/index/pt-br/transporte_p%C3%BAblico-line-354-Sao_Paulo-242-2038937-36419437-0,7.55,-23.654195,-46.711744499999995,,,,1,2023-06-19T03:09:27+00:00
SAO_5300-10,São Paulo,3550308,True,EMTU,354,https://moovitapp.com/index/pt-br/transporte_p%C3%BAblico-line-354-Sao_Paulo-242-2038937-36419437-0,7.55,-23.654195,-46.711744499999995,,,,1,2023-06-19T03:09:16+00:00
SAO_476G-10,São Paulo,3550308,True,,33879,,,-23.594837,-46.6277175,,,,2,2023-06-19T03:08:15+00:00
SAO_476G-10,São Paulo,3550308,True,,33879,,,-23.60992025,-46.53431625,,,,2,2023-06-19T03:09:32+00:00
SAO_476G-10,São Paulo,3550308,True,,33879,,,-23.6055755,-46.513704000000004,,,,2,2023-06-19T03:09:15+00:00
SAO_707K-10,São Paulo,3550308,True,,2503,,,-23.6477145,-46.6385,,,,1,2023-06-19T03:09:47+00:00
SAO_707K-10,São Paulo,3550308,True,,2503,,,-23.6610355,-46.70470025,,,,1,2023-06-19T03:09:47+00:00
SAO_675G-10,São Paulo,3550308,True,,32874,,,-23.66573175,-46.678098000000006,,,,2,2023-06-19T03:09:28+00:00
SAO_675G-10,São Paulo,3550308,True,,32874,,,-23.752498000000003,-46.666678250000004,,,,2,2023-06-19T03:05:56+00:00
SAO_675G-10,São Paulo,3550308,True,,32874,,,-23.743226,-46.669959500000004,,,,2,2023-06-19T03:09:24+00:00
SAO_675G-10,São Paulo,3550308,True,,32874,,,-23.6430315,-46.672696,,,,2,2023-06-19T03:09:50+00:00
SAO_675G-10,São Paulo,3550308,True,,32874,,,-23.6922225,-46.698435,,,,2,2023-06-19T03:09:10+00:00
SAO_675G-10,São Paulo,3550308,True,,32874,,,-23.747397499999998,-46.687747,,,,2,2023-06-19T03:09:14+00:00
SAO_675G-10,São Paulo,3550308,True,,32874,,,-23.743226,-46.669959500000004,,,,2,2023-06-19T03:09:48+00:00
SAO_675G-10,São Paulo,3550308,True,,32874,,,-23.741635000000002,-46.6917615,,,,2,2023-06-19T03:09:20+00:00
SAO_4726-10,São Paulo,3550308,True,,1680,,,-23.5409625,-46.5764615,,,,1,2023-06-19T03:09:35+00:00
SAO_4726-10,São Paulo,3550308,True,,1680,,,-23.56180175,-46.581333,,,,1,2023-06-19T03:09:35+00:00
SAO_5154-10,São Paulo,3550308,True,EMTU,353,https://moovitapp.com/index/pt-br/transporte_p%C3%BAblico-line-353-Sao_Paulo-242-2038937-36419436-0,5.1,-23.654157,-46.710629,,,,1,2023-06-19T03:09:52+00:00
SAO_5154-10,São Paulo,3550308,True,EMTU,353,https://moovitapp.com/index/pt-br/transporte_p%C3%BAblico-line-353-Sao_Paulo-242-2038937-36419436-0,5.1,-23.613583499999997,-46.697348000000005,,,,1,2023-06-19T03:09:33+00:00
SAO_5154-10,São Paulo,3550308,True,EMTU,353,https://moovitapp.com/index/pt-br/transporte_p%C3%BAblico-line-353-Sao_Paulo-242-2038937-36419436-0,5.1,-23.535300999999997,-46.64457,,,,1,2023-06-19T03:09:32+00:00
SAO_5154-10,São Paulo,3550308,True,EMTU,353,https://moovitapp.com/index/pt-br/transporte_p%C3%BAblico-line-353-Sao_Paulo-242-2038937-36419436-0,5.1,-23.573643750000002,-46.65529775,,,,1,2023-06-19T03:09:34+00:00
SAO_5154-10,São Paulo,3550308,True,EMTU,353,https://moovitapp.com/index/pt-br/transporte_p%C3%BAblico-line-353-Sao_Paulo-242-2038937-36419436-0,5.1,-23.654157,-46.710629,,,,1,2023-06-19T03:09:41+00:00
SAO_5154-10,São Paulo,3550308,True,EMTU,353,https://moovitapp.com/index/pt-br/transporte_p%C3%BAblico-line-353-Sao_Paulo-242-2038937-36419436-0,5.1,-23.654157,-46.710629,,,,1,2023-06-19T03:09:36+00:00
SAO_577T-10,São Paulo,3550308,True,,34059,,,-23.686289000000002,-46.6379425,,,,2,2023-06-19T03:09:40+00:00
SAO_577T-10,São Paulo,3550308,True,,34059,,,-23.6857585,-46.633401500000005,,,,2,2023-06-19T03:09:26+00:00
SAO_577T-10,São Paulo,3550308,True,,34059,,,-23.591557,-46.6406825,,,,2,2023-06-19T03:09:46+00:00
SAO_577T-10,São Paulo,3550308,True,,34059,,,-23.635889,-46.6414665,,,,2,2023-06-19T03:09:16+00:00
SAO_8075-21,São Paulo,3550308,True,,2537,,,-23.613624,-46.755384500000005,,,,1,2023-06-19T03:09:17+00:00
SAO_177Y-10,São Paulo,3550308,True,,867,,,-23.55846925,-46.683035000000004,,,,1,2023-06-19T03:09:33+00:00
SAO_4086-10,São Paulo,3550308,True,,35018,,,-23.5830095,-46.4078305,,,,2,2023-06-19T03:09:23+00:00
SAO_8047-10,São Paulo,3550308,True,EMTU,408,https://moovitapp.com/index/pt-br/transporte_p%C3%BAblico-line-408-Sao_Paulo-242-2038937-36419468-0,7.55,-23.476177,-46.7532825,,,,1,2023-06-19T03:09:52+00:00
SAO_8047-10,São Paulo,3550308,True,EMTU,408,https://moovitapp.com/index/pt-br/transporte_p%C3%BAblico-line-408-Sao_Paulo-242-2038937-36419468-0,7.55,-23.4368545,-46.752804499999996,,,,1,2023-06-19T03:09:38+00:00
SAO_807M-10,São Paulo,3550308,True,,34684,,,-23.631797499999998,-46.7719915,,,,2,2023-06-19T03:09:51+00:00
SAO_807M-10,São Paulo,3550308,True,,34684,,,-23.614564,-46.75580375,,,,2,2023-06-19T03:09:16+00:00
SAO_807M-10,São Paulo,3550308,True,,34684,,,-23.631797499999998,-46.7719915,,,,2,2023-06-19T03:09:27+00:00
SAO_807M-10,São Paulo,3550308,True,,34684,,,-23.61074325,-46.727450000000005,,,,2,2023-06-19T03:09:54+00:00
SAO_9789-10,São Paulo,3550308,True,,33597,,,-23.46538975,-46.69978175,,,,2,2023-06-19T03:09:36+00:00
SAO_9789-10,São Paulo,3550308,True,,33597,,,-23.4897955,-46.6860575,,,,2,2023-06-19T03:09:07+00:00
SAO_746P-10,São Paulo,3550308,True,,33556,,,-23.649947,-46.7061525,,,,2,2023-06-19T03:09:37+00:00
SAO_746P-10,São Paulo,3550308,True,,33556,,,-23.64331675,-46.734660000000005,,,,2,2023-06-19T03:09:35+00:00
SAO_746P-10,São Paulo,3550308,True,,33556,,,-23.617432,-46.7210475,,,,2,2023-06-19T03:09:26+00:00
SAO_746P-10,São Paulo,3550308,True,,33556,,,-23.615108,-46.721340999999995,,,,2,2023-06-19T03:09:36+00:00
SAO_7060-10,São Paulo,3550308,True,,1889,,,-23.652286250000003,-46.778394750000004,,,,1,2023-06-19T03:09:49+00:00
SAO_7060-10,São Paulo,3550308,True,,1889,,,-23.653551,-46.777357,,,,1,2023-06-19T03:09:27+00:00
SAO_3301-10,São Paulo,3550308,True,,1618,,,-23.5115195,-46.51065,,,,1,2023-06-19T03:09:19+00:00
SAO_3301-10,São Paulo,3550308,True,,1618,,,-23.538661,-46.6044205,,,,1,2023-06-19T03:09:31+00:00
SAO_3301-10,São Paulo,3550308,True,,1618,,,-23.54620025,-46.63007,,,,1,2023-06-19T03:09:10+00:00
SAO_1178-10,São Paulo,3550308,True,,32900,,,-23.536324,-46.633472999999995,,,,2,2023-06-19T03:09:24+00:00
SAO_1178-10,São Paulo,3550308,True,,32900,,,-23.52699225,-46.57335175,,,,2,2023-06-19T03:09:31+00:00
SAO_1178-10,São Paulo,3550308,True,,32900,,,-23.504152499999996,-46.432775,,,,2,2023-06-19T03:09:15+00:00
SAO_1178-10,São Paulo,3550308,True,,32900,,,-23.5059675,-46.526740000000004,,,,2,2023-06-19T03:09:04+00:00
SAO_1178-10,São Paulo,3550308,True,,32900,,,-23.494543999999998,-46.438418999999996,,,,2,2023-06-19T03:09:28+00:00
SAO_5129-10,São Paulo,3550308,True,,34049,,,-23.6628505,-46.706552,,,,2,2023-06-19T03:08:37+00:00
SAO_5129-10,São Paulo,3550308,True,,34049,,,-23.676837,-46.680361500000004,,,,2,2023-06-19T03:09:16+00:00
SAO_5129-10,São Paulo,3550308,True,,34049,,,-23.6721485,-46.645281999999995,,,,2,2023-06-19T03:09:19+00:00
SAO_5129-10,São Paulo,3550308,True,,34049,,,-23.680194,-46.63726,,,,2,2023-06-19T03:09:09+00:00
SAO_6021-10,São Paulo,3550308,True,EMTU,177,https://moovitapp.com/index/pt-br/transporte_p%C3%BAblico-line-177-Sao_Paulo-242-2038937-36419313-0,5.2,-23.791592,-46.727247500000004,,,,1,2023-06-19T03:09:46+00:00
SAO_6021-10,São Paulo,3550308,True,EMTU,177,https://moovitapp.com/index/pt-br/transporte_p%C3%BAblico-line-177-Sao_Paulo-242-2038937-36419313-0,5.2,-23.7668205,-46.716344500000005,,,,1,2023-06-19T03:09:13+00:00
SAO_6021-10,São Paulo,3550308,True,EMTU,177,https://moovitapp.com/index/pt-br/transporte_p%C3%BAblico-line-177-Sao_Paulo-242-2038937-36419313-0,5.2,-23.7668205,-46.716344500000005,,,,1,2023-06-19T03:09:15+00:00
SAO_6021-10,São Paulo,3550308,True,EMTU,177,https://moovitapp.com/index/pt-br/transporte_p%C3%BAblico-line-177-Sao_Paulo-242-2038937-36419313-0,5.2,-23.77216,-46.719817,,,,1,2023-06-19T03:09:32+00:00
SAO_627J-10,São Paulo,3550308,True,,2056,,,-23.681029375,-46.63345662500001,,,,1,2023-06-19T03:09:12+00:00
SAO_627J-10,São Paulo,3550308,True,,2056,,,-23.6486495,-46.640259,,,,1,2023-06-19T03:09:11+00:00
SAO_6L05-10,São Paulo,3550308,True,,33941,,,-23.86863,-46.679596000000004,,,,2,2023-06-19T03:05:03+00:00
SAO_6L05-10,São Paulo,3550308,True,,33941,,,-23.828234000000002,-46.7270185,,,,2,2023-06-19T03:09:35+00:00
SAO_2033-10,São Paulo,3550308,True,,35267,,,-23.496311,-46.5722805,,,,2,2023-06-19T03:08:52+00:00
SAO_2033-10,São Paulo,3550308,True,,35267,,,-23.505366000000002,-46.586974749999996,,,,2,2023-06-19T03:09:36+00:00
SAO_5013-10,São Paulo,3550308,True,,1117,,,-23.659224000000002,-46.698091000000005,,,,1,2023-06-19T03:09:32+00:00
SAO_5013-10,São Paulo,3550308,True,,1117,,,-23.672999,-46.686725,,,,1,2023-06-19T03:09:38+00:00
SAO_5013-10,São Paulo,3550308,True,,1117,,,-23.681199999999997,-46.632358249999996,,,,1,2023-06-19T03:09:21+00:00
SAO_5013-10,São Paulo,3550308,True,,1117,,,-23.68321425,-46.6333805,,,,1,2023-06-19T03:09:24+00:00
SAO_709M-10,São Paulo,3550308,True,,2462,,,-23.654158,-46.710677000000004,,,,1,2023-06-19T03:09:29+00:00
SAO_709M-10,São Paulo,3550308,True,,2462,,,-23.654158,-46.710677000000004,,,,1,2023-06-19T03:09:13+00:00
SAO_709M-10,São Paulo,3550308,True,,2462,,,-23.654158,-46.710677000000004,,,,1,2023-06-19T03:09:52+00:00
SAO_709M-10,São Paulo,3550308,True,,2462,,,-23.6196645,-46.6979995,,,,1,2023-06-19T03:09:45+00:00
SAO_118C-10,São Paulo,3550308,True,,519,,,-23.536179250000004,-46.651818,,,,1,2023-06-19T03:09:48+00:00
SAO_118C-10,São Paulo,3550308,True,,519,,,-23.471135,-46.6512265,,,,1,2023-06-19T03:09:51+00:00
SAO_118C-10,São Paulo,3550308,True,,519,,,-23.5104885,-46.62510475,,,,1,2023-06-19T03:09:22+00:00
SAO_199D-10,São Paulo,3550308,True,,34903,,,-23.5543195,-46.672089875,,,,2,2023-06-19T03:09:18+00:00
SAO_199D-10,São Paulo,3550308,True,,34903,,,-23.486155500000002,-46.710619,,,,2,2023-06-19T03:09:52+00:00
SAO_199D-10,São Paulo,3550308,True,,34903,,,-23.492577,-46.7096535,,,,2,2023-06-19T03:09:40+00:00
SAO_648P-10,São Paulo,3550308,True,,32834,,,-23.5805475,-46.6851035,,,,2,2023-06-19T03:09:33+00:00
SAO_648P-10,São Paulo,3550308,True,,32834,,,-23.645891,-46.7467405,,,,2,2023-06-19T03:09:43+00:00
SAO_648P-10,São Paulo,3550308,True,,32834,,,-23.654791000000003,-46.762459,,,,2,2023-06-19T03:09:25+00:00
SAO_809L-10,São Paulo,3550308,True,,1949,,,-23.575918,-46.712624,,,,1,2023-06-19T03:09:10+00:00
SAO_809L-10,São Paulo,3550308,True,,1949,,,-23.632188,-46.772097,,,,1,2023-06-19T03:09:51+00:00
SAO_809L-10,São Paulo,3550308,True,,1949,,,-23.524549625000002,-46.699218625,,,,1,2023-06-19T03:09:45+00:00
SAO_2678-10,São Paulo,3550308,True,,33151,,,-23.51262775,-46.515058749999994,,,,2,2023-06-19T03:09:26+00:00
SAO_2678-10,São Paulo,3550308,True,,33151,,,-23.547307,-46.630022,,,,2,2023-06-19T03:09:36+00:00
SAO_2678-10,São Paulo,3550308,True,,33151,,,-23.506049,-46.388675000000006,,,,2,2023-06-19T03:09:27+00:00
SAO_2678-10,São Paulo,3550308,True,,33151,,,-23.4938845,-46.37678150000001,,,,2,2023-06-19T03:09:03+00:00
SAO_2678-10,São Paulo,3550308,True,,33151,,,-23.498154749999998,-46.45824425,,,,2,2023-06-19T03:09:53+00:00
SAO_2678-10,São Paulo,3550308,True,,33151,,,-23.5354965,-46.5703025,,,,2,2023-06-19T03:09:24+00:00
SAO_6099-10,São Paulo,3550308,True,,34355,,,-23.799326999999998,-46.7314595,,,,2,2023-06-19T03:09:12+00:00
SAO_6840-10,São Paulo,3550308,True,EMTU,201,https://moovitapp.com/index/pt-br/transporte_p%C3%BAblico-line-201-Sao_Paulo-242-2038937-58093160-0,20.4,-23.718654,-46.7846245,,,,1,2023-06-19T03:09:14+00:00
SAO_6840-10,São Paulo,3550308,True,EMTU,201,https://moovitapp.com/index/pt-br/transporte_p%C3%BAblico-line-201-Sao_Paulo-242-2038937-58093160-0,20.4,-23.6690045,-46.7731115,,,,1,2023-06-19T03:09:47+00:00
SAO_6840-10,São Paulo,3550308,True,EMTU,201,https://moovitapp.com/index/pt-br/transporte_p%C3%BAblico-line-201-Sao_Paulo-242-2038937-58093160-0,20.4,-23.7420195,-46.800329000000005,,,,1,2023-06-19T03:09:16+00:00
SAO_7011-10,São Paulo,3550308,True,,34720,,,-23.7075705,-46.7917315,,,,2,2023-06-19T03:09:18+00:00
SAO_7011-10,São Paulo,3550308,True,,34720,,,-23.707812,-46.7918005,,,,2,2023-06-19T03:09:36+00:00
SAO_6L05-10,São Paulo,3550308,True,,1173,,,-23.866244000000002,-46.6840975,,,,1,2023-06-19T03:03:19+00:00
SAO_271M-10,São Paulo,3550308,True,,33452,,,-23.5120595,-46.5631845,,,,2,2023-06-19T03:09:16+00:00
SAO_271M-10,São Paulo,3550308,True,,33452,,,-23.512827,-46.563369,,,,2,2023-06-19T03:09:20+00:00
SAO_8060-10,São Paulo,3550308,True,,33186,,,-23.523156999999998,-46.73630675,,,,2,2023-06-19T03:09:13+00:00
SAO_8060-10,São Paulo,3550308,True,,33186,,,-23.502658,-46.760932499999996,,,,2,2023-06-19T03:09:48+00:00
SAO_6258-10,São Paulo,3550308,True,,1232,,,-23.691460499999998,-46.746868500000005,,,,1,2023-06-19T03:09:26+00:00
SAO_6258-10,São Paulo,3550308,True,,1232,,,-23.654559999999996,-46.7073605,,,,1,2023-06-19T03:09:28+00:00
SAO_3766-51,São Paulo,3550308,True,,2575,,,-23.54940475,-46.4286065,,,,1,2023-06-19T03:09:37+00:00
SAO_3766-51,São Paulo,3550308,True,,2575,,,-23.54940475,-46.4286065,,,,1,2023-06-19T03:09:20+00:00
SAO_3766-51,São Paulo,3550308,True,,2575,,,-23.5536365,-46.4321555,,,,1,2023-06-19T03:09:31+00:00
SAO_3766-51,São Paulo,3550308,True,,2575,,,-23.542716,-46.469168499999995,,,,1,2023-06-19T03:09:52+00:00
SAO_3725-41,São Paulo,3550308,True,,34299,,,-23.541123,-46.5278345,,,,2,2023-06-19T03:09:20+00:00
SAO_5106-10,São Paulo,3550308,True,,1280,,,-23.65705775,-46.636056249999996,,,,1,2023-06-19T03:09:45+00:00
SAO_5106-10,São Paulo,3550308,True,,1280,,,-23.594549999999998,-46.6409845,,,,1,2023-06-19T03:09:46+00:00
SAO_5630-10,São Paulo,3550308,True,,32846,,,-23.70754675,-46.7001865,,,,2,2023-06-19T03:09:45+00:00
SAO_5630-10,São Paulo,3550308,True,,32846,,,-23.7379855,-46.697920999999994,,,,2,2023-06-19T03:09:31+00:00
SAO_5630-10,São Paulo,3550308,True,,32846,,,-23.633863,-46.6691535,,,,2,2023-06-19T03:09:29+00:00
SAO_677A-10,São Paulo,3550308,True,,1239,,,-23.61465175,-46.698792999999995,,,,1,2023-06-19T03:09:45+00:00
SAO_677A-10,São Paulo,3550308,True,,1239,,,-23.672885,-46.7448165,,,,1,2023-06-19T03:09:46+00:00
SAO_677A-10,São Paulo,3550308,True,,1239,,,-23.690559,-46.774157,,,,1,2023-06-19T03:09:29+00:00
SAO_6051-31,São Paulo,3550308,True,,34374,,,-23.7621455,-46.689133,,,,2,2023-06-19T03:09:09+00:00
SAO_6051-31,São Paulo,3550308,True,,34374,,,-23.7621455,-46.689133,,,,2,2023-06-19T03:09:42+00:00
SAO_9004-10,São Paulo,3550308,True,,33639,,,-23.456852,-46.6850795,,,,2,2023-06-19T03:09:45+00:00
SAO_9004-10,São Paulo,3550308,True,,33639,,,-23.456984,-46.6852645,,,,2,2023-06-19T03:09:28+00:00
SAO_9004-10,São Paulo,3550308,True,,33639,,,-23.462976,-46.672544,,,,2,2023-06-19T03:09:31+00:00
SAO_253F-10,São Paulo,3550308,True,EMTU,158,https://moovitapp.com/index/pt-br/transporte_p%C3%BAblico-line-158-Sao_Paulo-242-2038937-36419303-0,7.45,-23.555729499999998,-46.447340499999996,,,,1,2023-06-19T03:09:12+00:00
SAO_253F-10,São Paulo,3550308,True,EMTU,158,https://moovitapp.com/index/pt-br/transporte_p%C3%BAblico-line-158-Sao_Paulo-242-2038937-36419303-0,7.45,-23.5185795,-46.475586,,,,1,2023-06-19T03:09:18+00:00
SAO_5031-10,São Paulo,3550308,True,,34514,,,-23.636886500000003,-46.591195,,,,2,2023-06-19T03:09:23+00:00
SAO_5031-10,São Paulo,3550308,True,,34514,,,-23.6343115,-46.5886045,,,,2,2023-06-19T03:09:33+00:00
SAO_5031-10,São Paulo,3550308,True,,34514,,,-23.608896,-46.596655999999996,,,,2,2023-06-19T03:09:10+00:00
SAO_5031-10,São Paulo,3550308,True,,34514,,,-23.637068499999998,-46.591771,,,,2,2023-06-19T03:09:27+00:00
SAO_5031-10,São Paulo,3550308,True,,34514,,,-23.6369775,-46.591483000000004,,,,2,2023-06-19T03:09:44+00:00
SAO_5031-10,São Paulo,3550308,True,,34514,,,-23.6029265,-46.603229,,,,2,2023-06-19T03:09:16+00:00
SAO_5031-10,São Paulo,3550308,True,,34514,,,-23.603051999999998,-46.602856,,,,2,2023-06-19T03:09:13+00:00
SAO_5031-10,São Paulo,3550308,True,,34514,,,-23.636886500000003,-46.591195,,,,2,2023-06-19T03:09:24+00:00
SAO_476G-41,São Paulo,3550308,True,,33880,,,-23.582212,-46.638061,,,,2,2023-06-19T03:09:31+00:00
SAO_476G-41,São Paulo,3550308,True,,33880,,,-23.5889285,-46.585804499999995,,,,2,2023-06-19T03:09:17+00:00
SAO_6013-10,São Paulo,3550308,True,,32954,,,-23.654,-46.7111995,,,,2,2023-06-19T03:09:36+00:00
SAO_6013-10,São Paulo,3550308,True,,32954,,,-23.674493750000003,-46.74761649999999,,,,2,2023-06-19T03:09:42+00:00
SAO_6013-10,São Paulo,3550308,True,,32954,,,-23.6995785,-46.763411500000004,,,,2,2023-06-19T03:07:31+00:00
SAO_6013-10,São Paulo,3550308,True,,32954,,,-23.693828500000002,-46.77947,,,,2,2023-06-19T03:08:26+00:00
SAO_6013-10,São Paulo,3550308,True,,32954,,,-23.654573,-46.7154675,,,,2,2023-06-19T03:09:44+00:00
SAO_2100-21,São Paulo,3550308,True,,35296,,,-23.55844875,-46.590383249999995,,,,2,2023-06-19T03:09:15+00:00
SAO_2100-21,São Paulo,3550308,True,,35296,,,-23.5580635,-46.522337500000006,,,,2,2023-06-19T03:09:17+00:00
SAO_2100-21,São Paulo,3550308,True,,35296,,,-23.572488500000002,-46.5349860625,,,,2,2023-06-19T03:09:15+00:00
SAO_2100-21,São Paulo,3550308,True,,35296,,,-23.558113,-46.5233375,,,,2,2023-06-19T03:09:47+00:00
SAO_2100-21,São Paulo,3550308,True,,35296,,,-23.557861,-46.522673,,,,2,2023-06-19T03:09:30+00:00
SAO_756A-10,São Paulo,3550308,True,,793,,,-23.60068325,-46.71870237499999,,,,1,2023-06-19T03:09:29+00:00
SAO_756A-10,São Paulo,3550308,True,,793,,,-23.617114125,-46.70895575,,,,1,2023-06-19T03:09:40+00:00
SAO_756A-10,São Paulo,3550308,True,,793,,,-23.596609,-46.7807995,,,,1,2023-06-19T03:09:16+00:00
SAO_1701-21,São Paulo,3550308,True,,35244,,,-23.473529499999998,-46.598242,,,,2,2023-06-19T03:09:38+00:00
SAO_1701-21,São Paulo,3550308,True,,35244,,,-23.447903750000002,-46.57596337499999,,,,2,2023-06-19T03:09:50+00:00
SAO_6044-10,São Paulo,3550308,True,,33989,,,-23.669317999999997,-46.7852455,,,,2,2023-06-19T03:09:40+00:00
SAO_6044-10,São Paulo,3550308,True,,33989,,,-23.6767725,-46.798547,,,,2,2023-06-19T03:09:53+00:00
SAO_6044-10,São Paulo,3550308,True,,33989,,,-23.6422125,-46.711051,,,,2,2023-06-19T03:09:16+00:00
SAO_6044-10,São Paulo,3550308,True,,33989,,,-23.676944,-46.7986715,,,,2,2023-06-19T03:09:39+00:00
SAO_172U-10,São Paulo,3550308,True,,33628,,,-23.43716675,-46.56625975,,,,2,2023-06-19T03:09:50+00:00
SAO_172U-10,São Paulo,3550308,True,,33628,,,-23.5351175,-46.62163175,,,,2,2023-06-19T03:09:42+00:00
SAO_172U-10,São Paulo,3550308,True,,33628,,,-23.4483255,-46.588280999999995,,,,2,2023-06-19T03:09:31+00:00
SAO_172U-10,São Paulo,3550308,True,,33628,,,-23.569796500000002,-46.5813395,,,,2,2023-06-19T03:09:14+00:00
SAO_856R-10,São Paulo,3550308,True,,34196,,,-23.673513375,-46.716926,,,,2,2023-06-19T03:09:41+00:00
SAO_856R-10,São Paulo,3550308,True,,34196,,,-23.547040000000003,-46.681233000000006,,,,2,2023-06-19T03:09:23+00:00
SAO_856R-10,São Paulo,3550308,True,,34196,,,-23.629392,-46.689461875,,,,2,2023-06-19T03:09:50+00:00
SAO_856R-10,São Paulo,3550308,True,,34196,,,-23.5224215,-46.697696,,,,2,2023-06-19T03:09:50+00:00
SAO_4115-10,São Paulo,3550308,True,EMTU,322,https://moovitapp.com/index/pt-br/transporte_p%C3%BAblico-line-322-Sao_Paulo-242-2038937-36419412-0,6.2,-23.553131,-46.633187500000005,,,,1,2023-06-19T03:09:34+00:00
SAO_2767-10,São Paulo,3550308,True,,33009,,,-23.506508250000003,-46.4585765,,,,2,2023-06-19T03:09:28+00:00
SAO_2767-10,São Paulo,3550308,True,,33009,,,-23.533472250000003,-46.565054,,,,2,2023-06-19T03:09:47+00:00
SAO_8073-10,São Paulo,3550308,True,,34849,,,-23.591,-46.7362035,,,,2,2023-06-19T03:09:11+00:00
SAO_8073-10,São Paulo,3550308,True,,34849,,,-23.599168,-46.766690999999994,,,,2,2023-06-19T03:09:47+00:00
SAO_3053-10,São Paulo,3550308,True,,973,,,-23.558369,-46.5680265,,,,1,2023-06-19T03:07:49+00:00
SAO_3053-10,São Paulo,3550308,True,,973,,,-23.584845,-46.5229395,,,,1,2023-06-19T03:09:39+00:00
SAO_3053-10,São Paulo,3550308,True,,973,,,-23.542912,-46.588283000000004,,,,1,2023-06-19T03:09:17+00:00
SAO_7050-10,São Paulo,3550308,True,,34652,,,-23.6365825,-46.7782305,,,,2,2023-06-19T03:09:13+00:00
SAO_7050-10,São Paulo,3550308,True,,34652,,,-23.658609,-46.78921425,,,,2,2023-06-19T03:09:30+00:00
SAO_5702-10,São Paulo,3550308,True,,33905,,,-23.698087,-46.646107,,,,2,2023-06-19T03:09:53+00:00
SAO_5702-10,São Paulo,3550308,True,,33905,,,-23.671036,-46.643576749999994,,,,2,2023-06-19T03:09:43+00:00
SAO_179X-10,São Paulo,3550308,True,STT,680,https://moovitapp.com/index/pt-br/transporte_p%C3%BAblico-line-680-Sao_Paulo-242-850661-183334-0,5.3,-23.490858875,-46.599119,,,,1,2023-06-19T03:09:36+00:00
SAO_179X-10,São Paulo,3550308,True,STT,680,https://moovitapp.com/index/pt-br/transporte_p%C3%BAblico-line-680-Sao_Paulo-242-850661-183334-0,5.3,-23.528867750000003,-46.634105250000005,,,,1,2023-06-19T03:09:16+00:00
SAO_8199-10,São Paulo,3550308,True,EMTU,807,https://moovitapp.com/index/pt-br/transporte_p%C3%BAblico-line-807-Sao_Paulo-242-2038937-36419583-0,7.8,-23.4938985,-46.714724000000004,,,,1,2023-06-19T03:09:44+00:00
SAO_8199-10,São Paulo,3550308,True,EMTU,807,https://moovitapp.com/index/pt-br/transporte_p%C3%BAblico-line-807-Sao_Paulo-242-2038937-36419583-0,7.8,-23.4763665,-46.667559,,,,1,2023-06-19T03:09:33+00:00
SAO_7059-10,São Paulo,3550308,True,,34692,,,-23.658105,-46.7818715,,,,2,2023-06-19T03:09:50+00:00
SAO_7059-10,São Paulo,3550308,True,,34692,,,-23.637245999999998,-46.779332,,,,2,2023-06-19T03:09:21+00:00
SAO_978J-10,São Paulo,3550308,True,,33359,,,-23.436899500000003,-46.739963,,,,2,2023-06-19T03:09:25+00:00
SAO_978J-10,São Paulo,3550308,True,,33359,,,-23.436899500000003,-46.739963,,,,2,2023-06-19T03:09:42+00:00
SAO_978J-10,São Paulo,3550308,True,,33359,,,-23.4940865,-46.70895350000001,,,,2,2023-06-19T03:09:46+00:00
SAO_2010-10,São Paulo,3550308,True,,2104,,,-23.502481,-46.6248825,,,,1,2023-06-19T03:08:43+00:00
SAO_971R-10,São Paulo,3550308,True,,33382,,,-23.496557,-46.637510500000005,,,,2,2023-06-19T03:08:52+00:00
SAO_971R-10,São Paulo,3550308,True,,33382,,,-23.453908499999997,-46.7375045,,,,2,2023-06-19T03:09:16+00:00
SAO_971R-10,São Paulo,3550308,True,,33382,,,-23.4361435,-46.713632000000004,,,,2,2023-06-19T03:09:43+00:00
SAO_971R-10,São Paulo,3550308,True,,33382,,,-23.4592335,-46.686509,,,,2,2023-06-19T03:09:41+00:00
SAO_971R-10,São Paulo,3550308,True,,33382,,,-23.454124,-46.7375855,,,,2,2023-06-19T03:09:29+00:00
SAO_971R-10,São Paulo,3550308,True,,33382,,,-23.4536885,-46.73741,,,,2,2023-06-19T03:09:29+00:00
SAO_3023-10,São Paulo,3550308,True,,33728,,,-23.6296225,-46.470399,,,,2,2023-06-19T03:09:40+00:00
SAO_3023-10,São Paulo,3550308,True,,33728,,,-23.574454000000003,-46.50493375,,,,2,2023-06-19T03:09:38+00:00
SAO_3023-10,São Paulo,3550308,True,,33728,,,-23.563912000000002,-46.5052585,,,,2,2023-06-19T03:09:34+00:00
SAO_3023-10,São Paulo,3550308,True,,33728,,,-23.563608000000002,-46.5053735,,,,2,2023-06-19T03:09:39+00:00
SAO_6039-10,São Paulo,3550308,True,,33985,,,-23.65115025,-46.7574565,,,,2,2023-06-19T03:09:54+00:00
SAO_6039-10,São Paulo,3550308,True,,33985,,,-23.685625,-46.80100575,,,,2,2023-06-19T03:09:38+00:00
SAO_6039-10,São Paulo,3550308,True,,33985,,,-23.685625,-46.80100575,,,,2,2023-06-19T03:09:34+00:00
SAO_6014-10,São Paulo,3550308,True,,32956,,,-23.742814499999998,-46.80108325,,,,2,2023-06-19T03:09:43+00:00
SAO_6014-10,São Paulo,3550308,True,,32956,,,-23.742399,-46.793861,,,,2,2023-06-19T03:09:13+00:00
SAO_6014-10,São Paulo,3550308,True,,32956,,,-23.672169,-46.742421,,,,2,2023-06-19T03:09:02+00:00
SAO_938V-10,São Paulo,3550308,True,,33581,,,-23.468709,-46.6772595,,,,2,2023-06-19T03:09:52+00:00
SAO_938V-10,São Paulo,3550308,True,,33581,,,-23.493143,-46.6965835,,,,2,2023-06-19T03:09:21+00:00
SAO_938V-10,São Paulo,3550308,True,,33581,,,-23.522807999999998,-46.6986065,,,,2,2023-06-19T03:09:33+00:00
SAO_819A-10,São Paulo,3550308,True,,33571,,,-23.439236,-46.750571,,,,2,2023-06-19T03:09:34+00:00
SAO_819A-10,São Paulo,3550308,True,,33571,,,-23.4319225,-46.725139,,,,2,2023-06-19T03:09:33+00:00
SAO_819A-10,São Paulo,3550308,True,,33571,,,-23.4386675,-46.748738,,,,2,2023-06-19T03:09:25+00:00
SAO_819A-10,São Paulo,3550308,True,,33571,,,-23.4655835,-46.6794295,,,,2,2023-06-19T03:09:16+00:00
SAO_948A-10,São Paulo,3550308,True,,34191,,,-23.4694535,-46.7135935,,,,2,2023-06-19T03:09:38+00:00
SAO_948A-10,São Paulo,3550308,True,,34191,,,-23.5073705,-46.710374,,,,2,2023-06-19T03:09:24+00:00
SAO_6812-10,São Paulo,3550308,True,,1242,,,-23.7302295,-46.790921499999996,,,,1,2023-06-19T03:09:26+00:00
SAO_6812-10,São Paulo,3550308,True,,1242,,,-23.718654,-46.7846245,,,,1,2023-06-19T03:09:27+00:00
SAO_271P-10,São Paulo,3550308,True,,33472,,,-23.498553,-46.5144385,,,,2,2023-06-19T03:09:33+00:00
SAO_271P-10,São Paulo,3550308,True,,33472,,,-23.534944000000003,-46.5797545,,,,2,2023-06-19T03:09:08+00:00
SAO_8100-10,São Paulo,3550308,True,,34030,,,-23.5032875,-46.719518,,,,2,2023-06-19T03:09:44+00:00
SAO_2060-10,São Paulo,3550308,True,,32902,,,-23.517899874999998,-46.47611825,,,,2,2023-06-19T03:09:38+00:00
SAO_1896-10,São Paulo,3550308,True,,2520,,,-23.4705265,-46.74737025,,,,1,2023-06-19T03:09:19+00:00
SAO_1896-10,São Paulo,3550308,True,,2520,,,-23.4444145,-46.7533035,,,,1,2023-06-19T03:09:16+00:00
SAO_1896-10,São Paulo,3550308,True,,2520,,,-23.544864625,-46.64364537499999,,,,1,2023-06-19T03:09:20+00:00
SAO_172X-10,São Paulo,3550308,True,,861,,,-23.52575,-46.578098,,,,1,2023-06-19T03:09:31+00:00
SAO_172X-10,São Paulo,3550308,True,,861,,,-23.539852500000002,-46.5770135,,,,1,2023-06-19T03:09:12+00:00
SAO_607C-10,São Paulo,3550308,True,,34745,,,-23.6893455,-46.635084,,,,2,2023-06-19T03:09:20+00:00
SAO_607C-10,São Paulo,3550308,True,,34745,,,-23.672483,-46.644825999999995,,,,2,2023-06-19T03:09:30+00:00
SAO_607C-10,São Paulo,3550308,True,,34745,,,-23.620571750000003,-46.698548,,,,2,2023-06-19T03:09:25+00:00
SAO_607C-10,São Paulo,3550308,True,,34745,,,-23.5897885,-46.6880525,,,,2,2023-06-19T03:09:35+00:00
SAO_607C-10,São Paulo,3550308,True,,34745,,,-23.689011999999998,-46.6349485,,,,2,2023-06-19T03:09:44+00:00
SAO_607C-10,São Paulo,3550308,True,,34745,,,-23.689499,-46.635158000000004,,,,2,2023-06-19T03:09:15+00:00
SAO_364A-10,São Paulo,3550308,True,,34014,,,-23.5837645,-46.5758365,,,,2,2023-06-19T03:09:13+00:00
SAO_364A-10,São Paulo,3550308,True,,34014,,,-23.586264,-46.500305499999996,,,,2,2023-06-19T03:09:27+00:00
SAO_364A-10,São Paulo,3550308,True,,34014,,,-23.5846835,-46.6112045,,,,2,2023-06-19T03:09:53+00:00
SAO_364A-10,São Paulo,3550308,True,,34014,,,-23.5633995,-46.5007685,,,,2,2023-06-19T03:09:22+00:00
SAO_177H-21,São Paulo,3550308,True,,33399,,,-23.5662845,-46.692065750000005,,,,2,2023-06-19T03:09:10+00:00
SAO_177H-21,São Paulo,3550308,True,,33399,,,-23.522828750000002,-46.65947175,,,,2,2023-06-19T03:09:51+00:00
SAO_177H-21,São Paulo,3550308,True,,33399,,,-23.503129,-46.6243705,,,,2,2023-06-19T03:09:22+00:00
SAO_177H-21,São Paulo,3550308,True,,33399,,,-23.499638374999996,-46.648248,,,,2,2023-06-19T03:09:42+00:00
SAO_5194-21,São Paulo,3550308,True,,34863,,,-23.6941195,-46.65682925,,,,2,2023-06-19T03:09:43+00:00
SAO_5194-21,São Paulo,3550308,True,,34863,,,-23.642449,-46.6728445,,,,2,2023-06-19T03:09:39+00:00
SAO_6L10-10,São Paulo,3550308,True,,1159,,,-23.770802,-46.7186405,,,,1,2023-06-19T03:09:38+00:00
SAO_6L10-10,São Paulo,3550308,True,,1159,,,-23.767440999999998,-46.716431,,,,1,2023-06-19T03:09:32+00:00
SAO_6L03-10,São Paulo,3550308,True,,1565,,,-23.827983,-46.727349000000004,,,,1,2023-06-19T03:09:33+00:00
SAO_6078-10,São Paulo,3550308,True,,1166,,,-23.7502675,-46.6656285,,,,1,2023-06-19T03:09:17+00:00
SAO_6078-10,São Paulo,3550308,True,,1166,,,-23.670293,-46.6792455,,,,1,2023-06-19T03:09:09+00:00
SAO_6078-10,São Paulo,3550308,True,,1166,,,-23.741339,-46.6604465,,,,1,2023-06-19T03:09:32+00:00
SAO_2016-10,São Paulo,3550308,True,,33670,,,-23.4955055,-46.3911215,,,,2,2023-06-19T03:09:37+00:00
SAO_312N-10,São Paulo,3550308,True,,33758,,,-23.564707,-46.408784999999995,,,,2,2023-06-19T03:09:13+00:00
SAO_312N-10,São Paulo,3550308,True,,33758,,,-23.545251999999998,-46.409628250000004,,,,2,2023-06-19T03:09:27+00:00
SAO_312N-10,São Paulo,3550308,True,,33758,,,-23.583026,-46.408417,,,,2,2023-06-19T03:09:32+00:00
SAO_312N-10,São Paulo,3550308,True,,33758,,,-23.518567750000003,-46.41315374999999,,,,2,2023-06-19T03:09:16+00:00
SAO_312N-10,São Paulo,3550308,True,,33758,,,-23.491016,-46.441969,,,,2,2023-06-19T03:09:19+00:00
SAO_4029-10,São Paulo,3550308,True,,33867,,,-23.588981875,-46.543000750000004,,,,2,2023-06-19T03:09:45+00:00
SAO_4029-10,São Paulo,3550308,True,,33867,,,-23.6105855,-46.4805655,,,,2,2023-06-19T03:09:23+00:00
SAO_4029-10,São Paulo,3550308,True,,33867,,,-23.6136995,-46.50368,,,,2,2023-06-19T03:09:43+00:00
SAO_4029-10,São Paulo,3550308,True,,33867,,,-23.581467500000002,-46.5852565,,,,2,2023-06-19T03:09:16+00:00
SAO_4029-10,São Paulo,3550308,True,,33867,,,-23.6105855,-46.4805655,,,,2,2023-06-19T03:09:15+00:00
SAO_1703-10,São Paulo,3550308,True,,33615,,,-23.438535,-46.5823975,,,,2,2023-06-19T03:07:15+00:00
SAO_1703-10,São Paulo,3550308,True,,33615,,,-23.5080595,-46.615427499999996,,,,2,2023-06-19T03:08:37+00:00
SAO_1703-10,São Paulo,3550308,True,,33615,,,-23.430702,-46.574294,,,,2,2023-06-19T03:09:21+00:00
SAO_5614-21,São Paulo,3550308,True,,2464,,,-23.695090999999998,-46.666537000000005,,,,1,2023-06-19T03:09:30+00:00
SAO_5614-21,São Paulo,3550308,True,,2464,,,-23.698219,-46.6479925,,,,1,2023-06-19T03:09:27+00:00
SAO_5614-21,São Paulo,3550308,True,,2464,,,-23.639591499999998,-46.673327,,,,1,2023-06-19T03:09:20+00:00
SAO_4052-10,São Paulo,3550308,True,,2145,,,-23.5424555,-46.471157500000004,,,,1,2023-06-19T03:09:10+00:00
SAO_4052-10,São Paulo,3550308,True,,2145,,,-23.538573749999998,-46.425582500000004,,,,1,2023-06-19T03:09:30+00:00
SAO_9009-10,São Paulo,3550308,True,,877,,,-23.4538725,-46.696835500000006,,,,1,2023-06-19T03:09:42+00:00
SAO_9009-10,São Paulo,3550308,True,,877,,,-23.447619500000002,-46.7088905,,,,1,2023-06-19T03:09:48+00:00
SAO_6027-10,São Paulo,3550308,True,,32858,,,-23.72348275,-46.670784999999995,,,,2,2023-06-19T03:09:30+00:00
SAO_6027-10,São Paulo,3550308,True,,32858,,,-23.716895,-46.699312750000004,,,,2,2023-06-19T03:09:17+00:00
SAO_6027-10,São Paulo,3550308,True,,32858,,,-23.72318425,-46.670979,,,,2,2023-06-19T03:09:47+00:00
SAO_6049-10,São Paulo,3550308,True,,34077,,,-23.6497915,-46.708183500000004,,,,2,2023-06-19T03:09:48+00:00
SAO_6049-10,São Paulo,3550308,True,,34077,,,-23.674666000000002,-46.788159,,,,2,2023-06-19T03:09:44+00:00
SAO_148L-10,São Paulo,3550308,True,EMTU,531,https://moovitapp.com/index/pt-br/transporte_p%C3%BAblico-line-531-Sao_Paulo-242-2038937-36419543-0,4.4,-23.455652999999998,-46.6541135,,,,1,2023-06-19T03:09:45+00:00
SAO_148L-10,São Paulo,3550308,True,EMTU,531,https://moovitapp.com/index/pt-br/transporte_p%C3%BAblico-line-531-Sao_Paulo-242-2038937-36419543-0,4.4,-23.481119999999997,-46.6731495,,,,1,2023-06-19T03:09:41+00:00
SAO_148L-10,São Paulo,3550308,True,EMTU,531,https://moovitapp.com/index/pt-br/transporte_p%C3%BAblico-line-531-Sao_Paulo-242-2038937-36419543-0,4.4,-23.519864499999997,-46.700969,,,,1,2023-06-19T03:09:46+00:00
SAO_3462-10,São Paulo,3550308,True,,33015,,,-23.53257825,-46.536374249999994,,,,2,2023-06-19T03:09:33+00:00
SAO_3462-10,São Paulo,3550308,True,,33015,,,-23.5337835,-46.456813499999996,,,,2,2023-06-19T03:09:24+00:00
SAO_3462-10,São Paulo,3550308,True,,33015,,,-23.528205749999998,-46.4548745,,,,2,2023-06-19T03:09:20+00:00
SAO_1701-10,São Paulo,3550308,True,EMTU,845,https://moovitapp.com/index/pt-br/transporte_p%C3%BAblico-line-845-Sao_Paulo-242-2038937-36419607-0,5.15,-23.4481685,-46.574013,,,,1,2023-06-19T03:07:36+00:00
SAO_6091-10,São Paulo,3550308,True,,1175,,,-23.6587945,-46.705681999999996,,,,1,2023-06-19T03:09:16+00:00
SAO_6091-10,São Paulo,3550308,True,,1175,,,-23.848943,-46.713415,,,,1,2023-06-19T03:09:35+00:00
SAO_6091-10,São Paulo,3550308,True,,1175,,,-23.747792,-46.708254499999995,,,,1,2023-06-19T03:08:43+00:00
SAO_3762-10,São Paulo,3550308,True,,1053,,,-23.541065,-46.576965,,,,1,2023-06-19T03:09:24+00:00
SAO_3762-10,São Paulo,3550308,True,,1053,,,-23.5563285,-46.550618,,,,1,2023-06-19T03:09:15+00:00
SAO_6039-10,São Paulo,3550308,True,,1217,,,-23.648301,-46.7487645,,,,1,2023-06-19T03:09:54+00:00
SAO_9006-10,São Paulo,3550308,True,,874,,,-23.468148499999998,-46.68421825,,,,1,2023-06-19T03:09:43+00:00
SAO_2290-10,São Paulo,3550308,True,,33486,,,-23.6135545,-46.476344499999996,,,,2,2023-06-19T03:09:33+00:00
SAO_2290-10,São Paulo,3550308,True,,33486,,,-23.537057,-46.5928495,,,,2,2023-06-19T03:09:53+00:00
SAO_2290-10,São Paulo,3550308,True,,33486,,,-23.54444625,-46.54590225,,,,2,2023-06-19T03:09:26+00:00
SAO_2290-10,São Paulo,3550308,True,,33486,,,-23.542944499999997,-46.54846175,,,,2,2023-06-19T03:09:11+00:00
SAO_2290-10,São Paulo,3550308,True,,33486,,,-23.600215249999998,-46.48453775,,,,2,2023-06-19T03:09:36+00:00
SAO_2290-10,São Paulo,3550308,True,,33486,,,-23.535464,-46.574429,,,,2,2023-06-19T03:09:20+00:00
SAO_9300-10,São Paulo,3550308,True,EMTU,116,https://moovitapp.com/index/pt-br/transporte_p%C3%BAblico-line-116-Sao_Paulo-242-2038937-36419276-0,12.1,-23.55022025,-46.631459750000005,,,,1,2023-06-19T03:09:23+00:00
SAO_2702-10,São Paulo,3550308,True,,33682,,,-23.498965,-46.466875,,,,2,2023-06-19T03:09:07+00:00
SAO_2702-10,São Paulo,3550308,True,,33682,,,-23.495196,-46.444438000000005,,,,2,2023-06-19T03:09:52+00:00
SAO_2702-10,São Paulo,3550308,True,,33682,,,-23.4953915,-46.444759000000005,,,,2,2023-06-19T03:08:48+00:00
SAO_6063-42,São Paulo,3550308,True,,34770,,,-23.809403,-46.6612485,,,,2,2023-06-19T03:09:17+00:00
SAO_6063-42,São Paulo,3550308,True,,34770,,,-23.817071499999997,-46.671034,,,,2,2023-06-19T03:09:43+00:00
SAO_6063-42,São Paulo,3550308,True,,34770,,,-23.795613,-46.681886,,,,2,2023-06-19T03:09:00+00:00
SAO_857C-10,São Paulo,3550308,True,,34669,,,-23.6312955,-46.773033999999996,,,,2,2023-06-19T03:09:24+00:00
SAO_857C-10,São Paulo,3550308,True,,34669,,,-23.61975975,-46.67585424999999,,,,2,2023-06-19T03:09:43+00:00
SAO_857C-10,São Paulo,3550308,True,,34669,,,-23.631508,-46.7726,,,,2,2023-06-19T03:09:35+00:00
SAO_271A-10,São Paulo,3550308,True,,33470,,,-23.527673999999998,-46.58515375,,,,2,2023-06-19T03:09:27+00:00
SAO_271A-10,São Paulo,3550308,True,,33470,,,-23.503065999999997,-46.621279,,,,2,2023-06-19T03:09:45+00:00
SAO_746C-10,São Paulo,3550308,True,,33551,,,-23.6089785,-46.750411,,,,2,2023-06-19T03:09:22+00:00
SAO_746C-10,São Paulo,3550308,True,,33551,,,-23.650399,-46.7076415,,,,2,2023-06-19T03:09:25+00:00
SAO_8016-10,São Paulo,3550308,True,,34114,,,-23.4314825,-46.725972,,,,2,2023-06-19T03:09:38+00:00
SAO_8016-10,São Paulo,3550308,True,,34114,,,-23.485832000000002,-46.7260735,,,,2,2023-06-19T03:09:46+00:00
SAO_6052-31,São Paulo,3550308,True,,34600,,,-23.775509999999997,-46.691679,,,,2,2023-06-19T03:09:35+00:00
SAO_4709-10,São Paulo,3550308,True,,333,,,-23.59646,-46.63496925,,,,1,2023-06-19T03:09:17+00:00
SAO_4709-10,São Paulo,3550308,True,,333,,,-23.653377,-46.6069295,,,,1,2023-06-19T03:09:11+00:00
SAO_4709-10,São Paulo,3550308,True,,333,,,-23.653377,-46.6069295,,,,1,2023-06-19T03:09:34+00:00
SAO_4709-10,São Paulo,3550308,True,,333,,,-23.653557749999997,-46.610783999999995,,,,1,2023-06-19T03:09:50+00:00
SAO_4311-10,São Paulo,3550308,True,,34939,,,-23.5469335,-46.6304035,,,,2,2023-06-19T03:09:23+00:00
SAO_4311-10,São Paulo,3550308,True,,34939,,,-23.5469335,-46.6304035,,,,2,2023-06-19T03:09:21+00:00
SAO_4311-10,São Paulo,3550308,True,,34939,,,-23.5407045,-46.541008000000005,,,,2,2023-06-19T03:09:13+00:00
SAO_4311-10,São Paulo,3550308,True,,34939,,,-23.6124625,-46.4761625,,,,2,2023-06-19T03:09:35+00:00
SAO_2780-10,São Paulo,3550308,True,EMTU,399,https://moovitapp.com/index/pt-br/transporte_p%C3%BAblico-line-399-Sao_Paulo-242-2038937-36419463-0,6.45,-23.508926,-46.37522125,,,,1,2023-06-19T03:05:27+00:00
SAO_748R-10,São Paulo,3550308,True,EMTU,501,https://moovitapp.com/index/pt-br/transporte_p%C3%BAblico-line-501-Sao_Paulo-242-2038937-36419526-0,7.55,-23.52543325,-46.7021685,,,,1,2023-06-19T03:09:16+00:00
SAO_748R-10,São Paulo,3550308,True,EMTU,501,https://moovitapp.com/index/pt-br/transporte_p%C3%BAblico-line-501-Sao_Paulo-242-2038937-36419526-0,7.55,-23.564917125,-46.750587375,,,,1,2023-06-19T03:09:48+00:00
SAO_6072-10,São Paulo,3550308,True,,1588,,,-23.767210499999997,-46.7163985,,,,1,2023-06-19T03:09:35+00:00
SAO_6072-10,São Paulo,3550308,True,,1588,,,-23.822035,-46.7058095,,,,1,2023-06-19T03:09:51+00:00
SAO_373T-10,São Paulo,3550308,True,,33859,,,-23.5941885,-46.498267,,,,2,2023-06-19T03:09:47+00:00
SAO_373T-10,São Paulo,3550308,True,,33859,,,-23.59756575,-46.51347225,,,,2,2023-06-19T03:09:09+00:00
SAO_373T-10,São Paulo,3550308,True,,33859,,,-23.5469055,-46.6063945,,,,2,2023-06-19T03:09:16+00:00
SAO_373T-10,São Paulo,3550308,True,,33859,,,-23.552715,-46.602740499999996,,,,2,2023-06-19T03:09:44+00:00
SAO_373T-10,São Paulo,3550308,True,,33859,,,-23.58768275,-46.54337675,,,,2,2023-06-19T03:09:50+00:00
SAO_6824-10,São Paulo,3550308,True,,32791,,,-23.673696749999998,-46.79064525,,,,2,2023-06-19T03:09:24+00:00
SAO_6824-10,São Paulo,3550308,True,,32791,,,-23.6602495,-46.7684605,,,,2,2023-06-19T03:09:38+00:00
SAO_6824-10,São Paulo,3550308,True,,32791,,,-23.673696749999998,-46.79064525,,,,2,2023-06-19T03:09:13+00:00
SAO_6034-10,São Paulo,3550308,True,,95,,,-23.755179249999998,-46.676708500000004,,,,1,2023-06-19T03:09:38+00:00
SAO_775F-31,São Paulo,3550308,True,,35256,,,-23.625424,-46.748162,,,,2,2023-06-19T03:09:36+00:00
SAO_374V-10,São Paulo,3550308,True,,34415,,,-23.511004999999997,-46.4543005,,,,2,2023-06-19T03:08:54+00:00
SAO_374V-10,São Paulo,3550308,True,,34415,,,-23.52312525,-46.4515185,,,,2,2023-06-19T03:09:24+00:00
SAO_374V-10,São Paulo,3550308,True,,34415,,,-23.5263255,-46.452581,,,,2,2023-06-19T03:09:15+00:00
SAO_9090-10,São Paulo,3550308,True,,884,,,-23.481932999999998,-46.673136,,,,1,2023-06-19T03:09:49+00:00
SAO_6034-10,São Paulo,3550308,True,,32863,,,-23.747656499999998,-46.6691325,,,,2,2023-06-19T03:09:31+00:00
SAO_6034-10,São Paulo,3550308,True,,32863,,,-23.7536805,-46.688084,,,,2,2023-06-19T03:09:42+00:00
SAO_775A-10,São Paulo,3550308,True,EMTU,473,https://moovitapp.com/index/pt-br/transporte_p%C3%BAblico-line-473-Sao_Paulo-242-2038937-36419509-0,7.55,-23.5626215,-46.764761,,,,1,2023-06-19T03:09:34+00:00
SAO_6080-10,São Paulo,3550308,True,,33936,,,-23.753734,-46.680966,,,,2,2023-06-19T03:09:53+00:00
SAO_3902-10,São Paulo,3550308,True,,34238,,,-23.485104,-46.384288999999995,,,,2,2023-06-19T03:09:49+00:00
SAO_3902-10,São Paulo,3550308,True,,34238,,,-23.484951000000002,-46.38398325,,,,2,2023-06-19T03:09:21+00:00
SAO_3902-10,São Paulo,3550308,True,,34238,,,-23.532747,-46.4075555,,,,2,2023-06-19T03:09:17+00:00
SAO_605A-10,São Paulo,3550308,True,,2522,,,-23.646283500000003,-46.640574,,,,1,2023-06-19T03:09:29+00:00
SAO_9784-10,São Paulo,3550308,True,,33595,,,-23.4507675,-46.683319374999996,,,,2,2023-06-19T03:09:47+00:00
SAO_9784-10,São Paulo,3550308,True,,33595,,,-23.51834125,-46.667137249999996,,,,2,2023-06-19T03:09:26+00:00
SAO_9784-10,São Paulo,3550308,True,,33595,,,-23.450547,-46.6835995,,,,2,2023-06-19T03:09:51+00:00
SAO_9784-10,São Paulo,3550308,True,,33595,,,-23.481506,-46.6556245,,,,2,2023-06-19T03:09:30+00:00
SAO_3054-10,São Paulo,3550308,True,,975,,,-23.5946925,-46.441441999999995,,,,1,2023-06-19T03:09:20+00:00
SAO_3054-10,São Paulo,3550308,True,,975,,,-23.609925,-46.407969,,,,1,2023-06-19T03:09:53+00:00
SAO_3054-10,São Paulo,3550308,True,,975,,,-23.609925,-46.407969,,,,1,2023-06-19T03:09:23+00:00
SAO_3054-10,São Paulo,3550308,True,,975,,,-23.61071875,-46.49325225,,,,1,2023-06-19T03:09:26+00:00
SAO_3054-10,São Paulo,3550308,True,,33743,,,-23.6114825,-46.475153000000006,,,,2,2023-06-19T03:09:42+00:00
SAO_3054-10,São Paulo,3550308,True,,33743,,,-23.609925,-46.407969,,,,2,2023-06-19T03:09:45+00:00
SAO_3054-10,São Paulo,3550308,True,,33743,,,-23.5944645,-46.4191055,,,,2,2023-06-19T03:09:33+00:00
SAO_5702-10,São Paulo,3550308,True,,1137,,,-23.6472555,-46.640461,,,,1,2023-06-19T03:09:34+00:00
SAO_5702-10,São Paulo,3550308,True,,1137,,,-23.686934,-46.633491,,,,1,2023-06-19T03:09:23+00:00
SAO_809P-10,São Paulo,3550308,True,,1891,,,-23.6081645,-46.751436,,,,1,2023-06-19T03:09:28+00:00
SAO_809P-10,São Paulo,3550308,True,,1891,,,-23.565287249999997,-46.69664375000001,,,,1,2023-06-19T03:09:53+00:00
SAO_9047-10,São Paulo,3550308,True,STT,883,https://moovitapp.com/index/pt-br/transporte_p%C3%BAblico-line-883-Sao_Paulo-242-850661-183365-0,5.3,-23.49181,-46.695848,,,,1,2023-06-19T03:09:39+00:00
SAO_7458-10,São Paulo,3550308,True,EMTU,496,https://moovitapp.com/index/pt-br/transporte_p%C3%BAblico-line-496-Sao_Paulo-242-2038937-36419521-0,5.4,-23.580585,-46.7940725,,,,1,2023-06-19T03:09:20+00:00
SAO_778R-10,São Paulo,3550308,True,EMTU,509,https://moovitapp.com/index/pt-br/transporte_p%C3%BAblico-line-509-Sao_Paulo-242-2038937-36419531-0,4.95,-23.585484,-46.805596,,,,1,2023-06-19T03:09:27+00:00
SAO_778R-10,São Paulo,3550308,True,EMTU,509,https://moovitapp.com/index/pt-br/transporte_p%C3%BAblico-line-509-Sao_Paulo-242-2038937-36419531-0,4.95,-23.5476795,-46.6480115,,,,1,2023-06-19T03:09:29+00:00
SAO_778R-10,São Paulo,3550308,True,EMTU,509,https://moovitapp.com/index/pt-br/transporte_p%C3%BAblico-line-509-Sao_Paulo-242-2038937-36419531-0,4.95,-23.586578125000003,-46.753012125,,,,1,2023-06-19T03:09:32+00:00
SAO_778R-10,São Paulo,3550308,True,EMTU,509,https://moovitapp.com/index/pt-br/transporte_p%C3%BAblico-line-509-Sao_Paulo-242-2038937-36419531-0,4.95,-23.585718,-46.805552500000005,,,,1,2023-06-19T03:09:37+00:00
SAO_5024-31,São Paulo,3550308,True,,1123,,,-23.672789,-46.68689075,,,,1,2023-06-19T03:09:18+00:00
SAO_5024-31,São Paulo,3550308,True,,1123,,,-23.692142500000003,-46.652705,,,,1,2023-06-19T03:08:46+00:00
SAO_8700-1,São Paulo,3550308,True,,35276,,,-23.6040105,-46.745131,,,,2,2023-06-19T03:09:33+00:00
SAO_8700-1,São Paulo,3550308,True,,35276,,,-23.62428525,-46.764425,,,,2,2023-06-19T03:09:14+00:00
SAO_118C-10,São Paulo,3550308,True,,33287,,,-23.499703,-46.624505,,,,2,2023-06-19T03:09:12+00:00
SAO_118C-10,São Paulo,3550308,True,,33287,,,-23.458088500000002,-46.6717525,,,,2,2023-06-19T03:09:39+00:00
SAO_118C-10,São Paulo,3550308,True,,33287,,,-23.46731275,-46.6654925,,,,2,2023-06-19T03:09:42+00:00
SAO_118C-10,São Paulo,3550308,True,,33287,,,-23.4579625,-46.67248,,,,2,2023-06-19T03:09:07+00:00
SAO_118C-10,São Paulo,3550308,True,,33287,,,-23.4555195,-46.673906,,,,2,2023-06-19T03:09:05+00:00
SAO_118C-10,São Paulo,3550308,True,,33287,,,-23.4579625,-46.67248,,,,2,2023-06-19T03:09:48+00:00
SAO_6092-10,São Paulo,3550308,True,,33945,,,-23.778011,-46.68426,,,,2,2023-06-19T03:09:48+00:00
SAO_6092-10,São Paulo,3550308,True,,33945,,,-23.778464,-46.68450625,,,,2,2023-06-19T03:09:32+00:00
SAO_9181-10,São Paulo,3550308,True,,885,,,-23.5220355,-46.703774,,,,1,2023-06-19T03:09:26+00:00
SAO_9181-10,São Paulo,3550308,True,,885,,,-23.469307375,-46.6840715,,,,1,2023-06-19T03:09:21+00:00
SAO_809P-10,São Paulo,3550308,True,,34659,,,-23.6313825,-46.77286,,,,2,2023-06-19T03:09:45+00:00
SAO_809P-10,São Paulo,3550308,True,,34659,,,-23.584733,-46.718515999999994,,,,2,2023-06-19T03:09:54+00:00
SAO_809P-10,São Paulo,3550308,True,,34659,,,-23.631153500000003,-46.7733425,,,,2,2023-06-19T03:09:49+00:00
SAO_809P-10,São Paulo,3550308,True,,34659,,,-23.62714275,-46.766670250000004,,,,2,2023-06-19T03:09:52+00:00
SAO_8605-10,São Paulo,3550308,True,,1917,,,-23.625841,-46.765586,,,,1,2023-06-19T03:09:45+00:00
SAO_8605-10,São Paulo,3550308,True,,1917,,,-23.581658,-46.68468475,,,,1,2023-06-19T03:09:10+00:00
SAO_8013-10,São Paulo,3550308,True,,33568,,,-23.519316000000003,-46.70403,,,,2,2023-06-19T03:09:30+00:00
SAO_8013-10,São Paulo,3550308,True,,33568,,,-23.4941015,-46.76275925,,,,2,2023-06-19T03:09:18+00:00
SAO_8013-10,São Paulo,3550308,True,,33568,,,-23.4315405,-46.7867875,,,,2,2023-06-19T03:09:17+00:00
SAO_6450-10,São Paulo,3550308,True,,59,,,-23.551287000000002,-46.6459355,,,,1,2023-06-19T03:09:46+00:00
SAO_6450-10,São Paulo,3550308,True,,59,,,-23.6236595,-46.68536125,,,,1,2023-06-19T03:09:51+00:00
SAO_6450-10,São Paulo,3550308,True,,59,,,-23.59134725,-46.67257425,,,,1,2023-06-19T03:09:53+00:00
SAO_6450-10,São Paulo,3550308,True,,59,,,-23.6440045,-46.7426525,,,,1,2023-06-19T03:09:53+00:00
SAO_978A-10,São Paulo,3550308,True,,34137,,,-23.521480750000002,-46.666559,,,,2,2023-06-19T03:09:30+00:00
SAO_2004-10,São Paulo,3550308,True,,33660,,,-23.530777999999998,-46.396762499999994,,,,2,2023-06-19T03:08:54+00:00
SAO_2004-10,São Paulo,3550308,True,,33660,,,-23.519818,-46.383840000000006,,,,2,2023-06-19T03:08:56+00:00
SAO_2004-10,São Paulo,3550308,True,,33660,,,-23.519621,-46.383444499999996,,,,2,2023-06-19T03:09:28+00:00
SAO_2004-10,São Paulo,3550308,True,,33660,,,-23.542050500000002,-46.415461,,,,2,2023-06-19T03:09:47+00:00
SAO_736I-10,São Paulo,3550308,True,,33549,,,-23.6324355,-46.748238,,,,2,2023-06-19T03:09:18+00:00
SAO_736I-10,São Paulo,3550308,True,,33549,,,-23.6324805,-46.7479005,,,,2,2023-06-19T03:09:48+00:00
SAO_736I-10,São Paulo,3550308,True,,33549,,,-23.64639175,-46.71053475,,,,2,2023-06-19T03:09:12+00:00
SAO_736I-10,São Paulo,3550308,True,,33549,,,-23.631811499999998,-46.75145125,,,,2,2023-06-19T03:09:24+00:00
SAO_175T-10,São Paulo,3550308,True,,623,,,-23.5824535,-46.652125,,,,1,2023-06-19T03:09:23+00:00
SAO_175T-10,São Paulo,3550308,True,,623,,,-23.643800749999997,-46.641321,,,,1,2023-06-19T03:09:42+00:00
SAO_175T-10,São Paulo,3550308,True,,623,,,-23.653689999999997,-46.6379405,,,,1,2023-06-19T03:09:08+00:00
SAO_175T-10,São Paulo,3550308,True,,623,,,-23.5031455,-46.6236635,,,,1,2023-06-19T03:09:12+00:00
SAO_175T-10,São Paulo,3550308,True,,623,,,-23.572032375000003,-46.641120625,,,,1,2023-06-19T03:09:45+00:00
SAO_175T-10,São Paulo,3550308,True,,623,,,-23.653973,-46.6379265,,,,1,2023-06-19T03:09:16+00:00
SAO_6028-10,São Paulo,3550308,True,,1211,,,-23.6853775,-46.7425265,,,,1,2023-06-19T03:09:31+00:00
SAO_9023-10,São Paulo,3550308,True,,34205,,,-23.441704,-46.7126485,,,,2,2023-06-19T03:09:44+00:00
SAO_9023-10,São Paulo,3550308,True,,34205,,,-23.419681500000003,-46.716796,,,,2,2023-06-19T03:09:11+00:00
SAO_7059-10,São Paulo,3550308,True,,1924,,,-23.648337499999997,-46.779033,,,,1,2023-06-19T03:09:31+00:00
SAO_7059-10,São Paulo,3550308,True,,1924,,,-23.653073499999998,-46.7778225,,,,1,2023-06-19T03:09:19+00:00
SAO_3686-21,São Paulo,3550308,True,,2504,,,-23.5425525,-46.4250465,,,,1,2023-06-19T03:07:23+00:00
SAO_2734-10,São Paulo,3550308,True,,34528,,,-23.5132665,-46.433095,,,,2,2023-06-19T03:09:32+00:00
SAO_2734-10,São Paulo,3550308,True,,34528,,,-23.53293925,-46.450978000000006,,,,2,2023-06-19T03:09:50+00:00
SAO_2734-10,São Paulo,3550308,True,,34528,,,-23.541961999999998,-46.470873,,,,2,2023-06-19T03:09:12+00:00
SAO_6455-10,São Paulo,3550308,True,,32831,,,-23.6542305,-46.7623055,,,,2,2023-06-19T03:09:15+00:00
SAO_6455-10,São Paulo,3550308,True,,32831,,,-23.55959,-46.639277500000006,,,,2,2023-06-19T03:09:36+00:00
SAO_6455-10,São Paulo,3550308,True,,32831,,,-23.654127000000003,-46.762448000000006,,,,2,2023-06-19T03:09:18+00:00
SAO_6455-10,São Paulo,3550308,True,,32831,,,-23.6546575,-46.761719,,,,2,2023-06-19T03:09:42+00:00
SAO_6455-10,São Paulo,3550308,True,,32831,,,-23.64531,-46.7130375,,,,2,2023-06-19T03:09:20+00:00
SAO_175P-10,São Paulo,3550308,True,,33443,,,-23.5321885,-46.6619675,,,,2,2023-06-19T03:09:52+00:00
SAO_175P-10,São Paulo,3550308,True,,33443,,,-23.50252225,-46.626307,,,,2,2023-06-19T03:09:16+00:00
SAO_175P-10,São Paulo,3550308,True,,33443,,,-23.5029325,-46.6262295,,,,2,2023-06-19T03:09:12+00:00
SAO_175P-10,São Paulo,3550308,True,,33443,,,-23.5852253125,-46.636866312500004,,,,2,2023-06-19T03:09:26+00:00
SAO_5185-10,São Paulo,3550308,True,,34076,,,-23.668024000000003,-46.735501,,,,2,2023-06-19T03:09:24+00:00
SAO_5185-10,São Paulo,3550308,True,,34076,,,-23.667807,-46.7355005,,,,2,2023-06-19T03:09:47+00:00
SAO_5185-10,São Paulo,3550308,True,,34076,,,-23.642864,-46.672678000000005,,,,2,2023-06-19T03:09:25+00:00
SAO_2203-10,São Paulo,3550308,True,,33679,,,-23.52949575,-46.540100249999995,,,,2,2023-06-19T03:09:25+00:00
SAO_5028-10,São Paulo,3550308,True,,34402,,,-23.608837625,-46.590776874999996,,,,2,2023-06-19T03:09:12+00:00
SAO_637P-10,São Paulo,3550308,True,,47,,,-23.5852035,-46.6768855,,,,1,2023-06-19T03:09:37+00:00
SAO_637P-10,São Paulo,3550308,True,,47,,,-23.6541465,-46.711351,,,,1,2023-06-19T03:09:18+00:00
SAO_637P-10,São Paulo,3550308,True,,47,,,-23.6541465,-46.711351,,,,1,2023-06-19T03:09:31+00:00
SAO_8001-10,São Paulo,3550308,True,,34019,,,-23.50283475,-46.760608500000004,,,,2,2023-06-19T03:09:09+00:00
SAO_8001-10,São Paulo,3550308,True,,34019,,,-23.5200125,-46.70027399999999,,,,2,2023-06-19T03:09:42+00:00
SAO_513L-10,São Paulo,3550308,True,,1655,,,-23.603196500000003,-46.602447999999995,,,,1,2023-06-19T03:09:24+00:00
SAO_513L-10,São Paulo,3550308,True,,1655,,,-23.549209187499997,-46.595557312500006,,,,1,2023-06-19T03:09:38+00:00
SAO_746K-10,São Paulo,3550308,True,STT,787,https://moovitapp.com/index/pt-br/transporte_p%C3%BAblico-line-787-Sao_Paulo-242-850661-183355-0,5.3,-23.6206535,-46.699377,,,,1,2023-06-19T03:09:52+00:00
SAO_746K-10,São Paulo,3550308,True,STT,787,https://moovitapp.com/index/pt-br/transporte_p%C3%BAblico-line-787-Sao_Paulo-242-850661-183355-0,5.3,-23.618436000000003,-46.721787500000005,,,,1,2023-06-19T03:09:42+00:00
SAO_6031-10,São Paulo,3550308,True,,92,,,-23.7544845,-46.708985999999996,,,,1,2023-06-19T03:09:50+00:00
SAO_6031-10,São Paulo,3550308,True,,92,,,-23.7542585,-46.699595,,,,1,2023-06-19T03:09:16+00:00
SAO_6031-10,São Paulo,3550308,True,,92,,,-23.73824725,-46.69784775,,,,1,2023-06-19T03:09:19+00:00
SAO_6031-10,São Paulo,3550308,True,,92,,,-23.7379375,-46.697804500000004,,,,1,2023-06-19T03:09:40+00:00
SAO_403A-10,São Paulo,3550308,True,,34960,,,-23.540503,-46.431996,,,,2,2023-06-19T03:09:49+00:00
SAO_403A-10,São Paulo,3550308,True,,34960,,,-23.540715499999997,-46.4321255,,,,2,2023-06-19T03:09:35+00:00
SAO_403A-10,São Paulo,3550308,True,,34960,,,-23.540503,-46.431996,,,,2,2023-06-19T03:09:20+00:00
SAO_403A-10,São Paulo,3550308,True,,34960,,,-23.5482665,-46.4379235,,,,2,2023-06-19T03:08:56+00:00
SAO_403A-10,São Paulo,3550308,True,,34960,,,-23.53780825,-46.518872,,,,2,2023-06-19T03:09:07+00:00
SAO_6L08-10,São Paulo,3550308,True,,33950,,,-23.827337999999997,-46.697942375,,,,2,2023-06-19T03:09:46+00:00
SAO_8078-10,São Paulo,3550308,True,,2080,,,-23.6254505,-46.7479555,,,,1,2023-06-19T03:09:29+00:00
SAO_8078-10,São Paulo,3550308,True,,2080,,,-23.6295025,-46.7597645,,,,1,2023-06-19T03:09:14+00:00
SAO_9191-10,São Paulo,3550308,True,,33578,,,-23.4816705,-46.6731425,,,,2,2023-06-19T03:09:36+00:00
SAO_9191-10,São Paulo,3550308,True,,33578,,,-23.50375825,-46.675058,,,,2,2023-06-19T03:09:20+00:00
SAO_9191-10,São Paulo,3550308,True,,33578,,,-23.456177500000003,-46.678882,,,,2,2023-06-19T03:09:28+00:00
SAO_9191-10,São Paulo,3550308,True,,33578,,,-23.52353,-46.6686665,,,,2,2023-06-19T03:09:40+00:00
SAO_2017-10,São Paulo,3550308,True,,903,,,-23.499538,-46.4151365,,,,1,2023-06-19T03:09:50+00:00
SAO_1732-10,São Paulo,3550308,True,,33439,,,-23.4827825,-46.5835875,,,,2,2023-06-19T03:09:27+00:00
SAO_1732-10,São Paulo,3550308,True,,33439,,,-23.536424500000003,-46.648903625,,,,2,2023-06-19T03:09:23+00:00
SAO_6099-10,São Paulo,3550308,True,,1587,,,-23.801012999999998,-46.7339515,,,,1,2023-06-19T03:09:31+00:00
SAO_6099-10,São Paulo,3550308,True,,1587,,,-23.73824725,-46.69784775,,,,1,2023-06-19T03:09:33+00:00
SAO_3010-10,São Paulo,3550308,True,,35311,,,-23.5105165,-46.446583499999996,,,,2,2023-06-19T03:09:36+00:00
SAO_3010-10,São Paulo,3550308,True,,35311,,,-23.518810000000002,-46.450409500000006,,,,2,2023-06-19T03:09:38+00:00
SAO_172U-10,São Paulo,3550308,True,,860,,,-23.4385185,-46.581874,,,,1,2023-06-19T03:09:32+00:00
SAO_172U-10,São Paulo,3550308,True,,860,,,-23.464100000000002,-46.59585,,,,1,2023-06-19T03:09:11+00:00
SAO_172U-10,São Paulo,3550308,True,,860,,,-23.53937725,-46.608977749999994,,,,1,2023-06-19T03:09:53+00:00
SAO_3003-10,São Paulo,3550308,True,,34565,,,-23.491232625000002,-46.429531125,,,,2,2023-06-19T03:09:31+00:00
SAO_3003-10,São Paulo,3550308,True,,34565,,,-23.479100875,-46.421538125,,,,2,2023-06-19T03:08:35+00:00
SAO_5614-21,São Paulo,3550308,True,,35232,,,-23.7160135,-46.624853,,,,2,2023-06-19T03:09:48+00:00
SAO_5614-21,São Paulo,3550308,True,,35232,,,-23.716158999999998,-46.626090500000004,,,,2,2023-06-19T03:09:18+00:00
SAO_2626-10,São Paulo,3550308,True,,33144,,,-23.4976665,-46.454432999999995,,,,2,2023-06-19T03:09:12+00:00
SAO_2626-10,São Paulo,3550308,True,,33144,,,-23.523301,-46.4105365,,,,2,2023-06-19T03:09:46+00:00
SAO_2626-10,São Paulo,3550308,True,,33144,,,-23.5235135,-46.410546499999995,,,,2,2023-06-19T03:09:33+00:00
SAO_2626-10,São Paulo,3550308,True,,33144,,,-23.5342095,-46.567218249999996,,,,2,2023-06-19T03:09:47+00:00
SAO_2626-10,São Paulo,3550308,True,,33144,,,-23.498297,-46.457488,,,,2,2023-06-19T03:09:11+00:00
SAO_930P-10,São Paulo,3550308,True,,34883,,,-23.56758325,-46.6950595,,,,2,2023-06-19T03:09:13+00:00
SAO_930P-10,São Paulo,3550308,True,,34883,,,-23.546217,-46.6305745,,,,2,2023-06-19T03:09:12+00:00
SAO_2716-10,São Paulo,3550308,True,,33697,,,-23.533121,-46.544351500000005,,,,2,2023-06-19T03:09:50+00:00
SAO_2716-10,São Paulo,3550308,True,,33697,,,-23.522307249999997,-46.534929625000004,,,,2,2023-06-19T03:09:39+00:00
SAO_2716-10,São Paulo,3550308,True,,33697,,,-23.533230500000002,-46.5456285,,,,2,2023-06-19T03:09:24+00:00
SAO_5106-21,São Paulo,3550308,True,,34740,,,-23.689184,-46.655855,,,,2,2023-06-19T03:04:10+00:00
SAO_5106-21,São Paulo,3550308,True,,34740,,,-23.611378124999998,-46.651295875,,,,2,2023-06-19T03:09:46+00:00
SAO_5106-21,São Paulo,3550308,True,,34740,,,-23.6664445,-46.637702000000004,,,,2,2023-06-19T03:09:09+00:00
SAO_5106-21,São Paulo,3550308,True,,34740,,,-23.675425250000004,-46.63027325,,,,2,2023-06-19T03:09:44+00:00
SAO_4724-10,São Paulo,3550308,True,,34828,,,-23.530963,-46.502753,,,,2,2023-06-19T03:09:28+00:00
SAO_817C-10,São Paulo,3550308,True,,1337,,,-23.554876999999998,-46.675872999999996,,,,1,2023-06-19T03:09:30+00:00
SAO_817C-10,São Paulo,3550308,True,,1337,,,-23.5217005,-46.700518,,,,1,2023-06-19T03:09:50+00:00
SAO_857A-10,São Paulo,3550308,True,,1925,,,-23.575829249999998,-46.70725125,,,,1,2023-06-19T03:09:43+00:00
SAO_4013-10,São Paulo,3550308,True,,2186,,,-23.612406,-46.476185,,,,1,2023-06-19T03:09:44+00:00
SAO_2734-10,São Paulo,3550308,True,,1760,,,-23.508617,-46.423031,,,,1,2023-06-19T03:09:44+00:00
SAO_2734-10,São Paulo,3550308,True,,1760,,,-23.512009,-46.40866,,,,1,2023-06-19T03:09:39+00:00
SAO_2734-10,São Paulo,3550308,True,,1760,,,-23.523270500000002,-46.4434765,,,,1,2023-06-19T03:09:45+00:00
SAO_2734-10,São Paulo,3550308,True,,1760,,,-23.512009,-46.40866,,,,1,2023-06-19T03:07:01+00:00
SAO_2732-10,São Paulo,3550308,True,,947,,,-23.540282,-46.482984,,,,1,2023-06-19T03:09:26+00:00
SAO_2732-10,São Paulo,3550308,True,,947,,,-23.5402155,-46.483134,,,,1,2023-06-19T03:09:33+00:00
SAO_2732-10,São Paulo,3550308,True,,947,,,-23.536119499999998,-46.465230500000004,,,,1,2023-06-19T03:09:39+00:00
SAO_311C-10,São Paulo,3550308,True,EMTU,309,https://moovitapp.com/index/pt-br/transporte_p%C3%BAblico-line-309-Sao_Paulo-242-2038937-36419401-0,7.5,-23.597361499999998,-46.565003125000004,,,,1,2023-06-19T03:09:34+00:00
SAO_311C-10,São Paulo,3550308,True,EMTU,309,https://moovitapp.com/index/pt-br/transporte_p%C3%BAblico-line-309-Sao_Paulo-242-2038937-36419401-0,7.5,-23.53450275,-46.609419,,,,1,2023-06-19T03:09:33+00:00
SAO_208V-10,São Paulo,3550308,True,Rápido Campinas,207,https://moovitapp.com/index/pt-br/transporte_p%C3%BAblico-line-207-Sao_Paulo-242-858660-638984-0,5.3,-23.517753,-46.475941500000005,,,,1,2023-06-19T03:09:41+00:00
SAO_208V-10,São Paulo,3550308,True,Rápido Campinas,207,https://moovitapp.com/index/pt-br/transporte_p%C3%BAblico-line-207-Sao_Paulo-242-858660-638984-0,5.3,-23.517753,-46.475941500000005,,,,1,2023-06-19T03:09:26+00:00
SAO_208V-10,São Paulo,3550308,True,Rápido Campinas,207,https://moovitapp.com/index/pt-br/transporte_p%C3%BAblico-line-207-Sao_Paulo-242-858660-638984-0,5.3,-23.517753,-46.475941500000005,,,,1,2023-06-19T03:09:51+00:00
SAO_208V-10,São Paulo,3550308,True,Rápido Campinas,207,https://moovitapp.com/index/pt-br/transporte_p%C3%BAblico-line-207-Sao_Paulo-242-858660-638984-0,5.3,-23.523241,-46.534898,,,,1,2023-06-19T03:08:33+00:00
SAO_208V-10,São Paulo,3550308,True,Rápido Campinas,207,https://moovitapp.com/index/pt-br/transporte_p%C3%BAblico-line-207-Sao_Paulo-242-858660-638984-0,5.3,-23.517753,-46.475941500000005,,,,1,2023-06-19T03:09:26+00:00
SAO_208V-10,São Paulo,3550308,True,Rápido Campinas,207,https://moovitapp.com/index/pt-br/transporte_p%C3%BAblico-line-207-Sao_Paulo-242-858660-638984-0,5.3,-23.517753,-46.475941500000005,,,,1,2023-06-19T03:09:45+00:00
SAO_208V-10,São Paulo,3550308,True,Rápido Campinas,207,https://moovitapp.com/index/pt-br/transporte_p%C3%BAblico-line-207-Sao_Paulo-242-858660-638984-0,5.3,-23.517753,-46.475941500000005,,,,1,2023-06-19T03:09:42+00:00
SAO_475R-10,São Paulo,3550308,True,,344,,,-23.65282,-46.607729000000006,,,,1,2023-06-19T03:09:42+00:00
SAO_475R-10,São Paulo,3550308,True,,344,,,-23.554430500000002,-46.638824125,,,,1,2023-06-19T03:09:26+00:00
SAO_475R-10,São Paulo,3550308,True,,344,,,-23.628356500000002,-46.6280735,,,,1,2023-06-19T03:09:36+00:00
SAO_475R-10,São Paulo,3550308,True,,344,,,-23.65282,-46.607729000000006,,,,1,2023-06-19T03:09:36+00:00
SAO_5370-10,São Paulo,3550308,True,,1442,,,-23.65979825,-46.7043375,,,,1,2023-06-19T03:09:16+00:00
SAO_5370-10,São Paulo,3550308,True,,1442,,,-23.7209205,-46.6978535,,,,1,2023-06-19T03:09:28+00:00
SAO_5370-10,São Paulo,3550308,True,,1442,,,-23.7673145,-46.7161625,,,,1,2023-06-19T03:09:35+00:00
SAO_5370-10,São Paulo,3550308,True,,1442,,,-23.6050065,-46.663439625,,,,1,2023-06-19T03:09:42+00:00
SAO_546L-10,São Paulo,3550308,True,,34053,,,-23.6666435,-46.706509499999996,,,,2,2023-06-19T03:09:35+00:00
SAO_546L-10,São Paulo,3550308,True,,34053,,,-23.673735999999998,-46.6777995,,,,2,2023-06-19T03:09:28+00:00
SAO_546L-10,São Paulo,3550308,True,,34053,,,-23.681904,-46.638852,,,,2,2023-06-19T03:09:48+00:00
SAO_546L-10,São Paulo,3550308,True,,34053,,,-23.689283749999998,-46.63762525,,,,2,2023-06-19T03:09:27+00:00
SAO_2018-10,São Paulo,3550308,True,,904,,,-23.5098955,-46.408569,,,,1,2023-06-19T03:09:19+00:00
SAO_2007-10,São Paulo,3550308,True,,33664,,,-23.5095785,-46.37041775,,,,2,2023-06-19T03:09:27+00:00
SAO_2007-10,São Paulo,3550308,True,,33664,,,-23.505239500000002,-46.38475,,,,2,2023-06-19T03:09:10+00:00
SAO_2007-10,São Paulo,3550308,True,,33664,,,-23.5072485,-46.376303,,,,2,2023-06-19T03:08:54+00:00
SAO_2007-10,São Paulo,3550308,True,,33664,,,-23.510008749999997,-46.3703235,,,,2,2023-06-19T03:09:42+00:00
SAO_2007-10,São Paulo,3550308,True,,33664,,,-23.5095785,-46.37041775,,,,2,2023-06-19T03:09:31+00:00
SAO_4709-10,São Paulo,3550308,True,,33101,,,-23.5894755,-46.633868,,,,2,2023-06-19T03:09:31+00:00
SAO_4709-10,São Paulo,3550308,True,,33101,,,-23.653473499999997,-46.608090000000004,,,,2,2023-06-19T03:09:33+00:00
SAO_4709-10,São Paulo,3550308,True,,33101,,,-23.5894755,-46.633868,,,,2,2023-06-19T03:09:37+00:00
SAO_4709-10,São Paulo,3550308,True,,33101,,,-23.5894755,-46.633868,,,,2,2023-06-19T03:09:49+00:00
SAO_4709-10,São Paulo,3550308,True,,33101,,,-23.5894755,-46.633868,,,,2,2023-06-19T03:09:38+00:00
SAO_4709-10,São Paulo,3550308,True,,33101,,,-23.5894755,-46.633868,,,,2,2023-06-19T03:09:33+00:00
SAO_4709-10,São Paulo,3550308,True,,33101,,,-23.5894755,-46.633868,,,,2,2023-06-19T03:09:31+00:00
SAO_4709-10,São Paulo,3550308,True,,33101,,,-23.5894755,-46.633868,,,,2,2023-06-19T03:09:45+00:00
SAO_4709-10,São Paulo,3550308,True,,33101,,,-23.5894755,-46.633868,,,,2,2023-06-19T03:09:24+00:00
SAO_4709-10,São Paulo,3550308,True,,33101,,,-23.5894755,-46.633868,,,,2,2023-06-19T03:09:51+00:00
SAO_524L-10,São Paulo,3550308,True,,34483,,,-23.544746625,-46.563821499999996,,,,2,2023-06-19T03:09:16+00:00
SAO_524L-10,São Paulo,3550308,True,,34483,,,-23.598761,-46.5339095,,,,2,2023-06-19T03:09:50+00:00
SAO_524L-10,São Paulo,3550308,True,,34483,,,-23.598761,-46.5339095,,,,2,2023-06-19T03:09:17+00:00
SAO_8215-10,São Paulo,3550308,True,,574,,,-23.461478,-46.7084365,,,,1,2023-06-19T03:09:28+00:00
SAO_8215-10,São Paulo,3550308,True,,574,,,-23.461478,-46.7084365,,,,1,2023-06-19T03:09:48+00:00
SAO_8215-10,São Paulo,3550308,True,,574,,,-23.537411499999997,-46.641876999999994,,,,1,2023-06-19T03:09:40+00:00
SAO_2755-10,São Paulo,3550308,True,,33001,,,-23.532943500000002,-46.5433115,,,,2,2023-06-19T03:09:51+00:00
SAO_2755-10,São Paulo,3550308,True,,33001,,,-23.51526125,-46.498729,,,,2,2023-06-19T03:09:20+00:00
SAO_2755-10,São Paulo,3550308,True,,33001,,,-23.532943500000002,-46.5433115,,,,2,2023-06-19T03:09:39+00:00
SAO_2755-10,São Paulo,3550308,True,,33001,,,-23.532943500000002,-46.5433115,,,,2,2023-06-19T03:09:40+00:00
SAO_407A-21,São Paulo,3550308,True,,35269,,,-23.57862425,-46.54116675,,,,2,2023-06-19T03:09:28+00:00
SAO_407A-21,São Paulo,3550308,True,,35269,,,-23.5635905,-46.50201199999999,,,,2,2023-06-19T03:03:52+00:00
SAO_6076-10,São Paulo,3550308,True,,1165,,,-23.731807,-46.688297500000004,,,,1,2023-06-19T03:09:42+00:00
SAO_6076-10,São Paulo,3550308,True,,1165,,,-23.6561605,-46.70651425,,,,1,2023-06-19T03:09:42+00:00
SAO_6076-10,São Paulo,3550308,True,,1165,,,-23.734817,-46.67690225,,,,1,2023-06-19T03:09:14+00:00
SAO_9354-10,São Paulo,3550308,True,,708,,,-23.4748585,-46.670092,,,,1,2023-06-19T03:09:40+00:00
SAO_3729-10,São Paulo,3550308,True,,1026,,,-23.553709124999997,-46.563193125000005,,,,1,2023-06-19T03:09:16+00:00
SAO_3729-10,São Paulo,3550308,True,,1026,,,-23.564021500000003,-46.5052175,,,,1,2023-06-19T03:09:39+00:00
SAO_3729-10,São Paulo,3550308,True,,1026,,,-23.538485,-46.563877000000005,,,,1,2023-06-19T03:07:02+00:00
SAO_3729-10,São Paulo,3550308,True,,1026,,,-23.582701,-46.518981249999996,,,,1,2023-06-19T03:09:19+00:00
SAO_3729-10,São Paulo,3550308,True,,1026,,,-23.564846,-46.5073905,,,,1,2023-06-19T03:09:48+00:00
SAO_2017-10,São Paulo,3550308,True,,33671,,,-23.51918,-46.412904,,,,2,2023-06-19T03:09:42+00:00
SAO_2017-10,São Paulo,3550308,True,,33671,,,-23.498514,-46.422962749999996,,,,2,2023-06-19T03:09:39+00:00
SAO_2762-10,São Paulo,3550308,True,,32912,,,-23.4903765,-46.47811925,,,,2,2023-06-19T03:09:28+00:00
SAO_2762-10,São Paulo,3550308,True,,32912,,,-23.486438749999998,-46.47584725,,,,2,2023-06-19T03:09:23+00:00
SAO_2762-10,São Paulo,3550308,True,,32912,,,-23.486438749999998,-46.47584725,,,,2,2023-06-19T03:09:40+00:00
SAO_2762-10,São Paulo,3550308,True,,32912,,,-23.486390874999998,-46.477108375,,,,2,2023-06-19T03:05:51+00:00
SAO_3791-10,São Paulo,3550308,True,,33837,,,-23.5502975,-46.51098,,,,2,2023-06-19T03:09:20+00:00
SAO_3791-10,São Paulo,3550308,True,,33837,,,-23.5641745,-46.505159,,,,2,2023-06-19T03:09:42+00:00
SAO_3791-10,São Paulo,3550308,True,,33837,,,-23.539121875,-46.490645875,,,,2,2023-06-19T03:09:21+00:00
SAO_8075-21,São Paulo,3550308,True,,35305,,,-23.607010375,-46.750833875,,,,2,2023-06-19T03:09:29+00:00
SAO_938L-10,São Paulo,3550308,True,,1368,,,-23.483924,-46.679664,,,,1,2023-06-19T03:09:49+00:00
SAO_938L-10,São Paulo,3550308,True,,1368,,,-23.475696,-46.670624000000004,,,,1,2023-06-19T03:09:09+00:00
SAO_3754-10,São Paulo,3550308,True,,1049,,,-23.558973625,-46.4007445,,,,1,2023-06-19T03:09:34+00:00
SAO_3754-10,São Paulo,3550308,True,,1049,,,-23.5427145,-46.4149935,,,,1,2023-06-19T03:09:31+00:00
SAO_4716-10,São Paulo,3550308,True,,33874,,,-23.601309,-46.602029875,,,,2,2023-06-19T03:09:35+00:00
SAO_4716-10,São Paulo,3550308,True,,33874,,,-23.6065994375,-46.621798562500004,,,,2,2023-06-19T03:09:25+00:00
SAO_4716-10,São Paulo,3550308,True,,33874,,,-23.599436,-46.6383915,,,,2,2023-06-19T03:09:36+00:00
SAO_5031-10,São Paulo,3550308,True,,1746,,,-23.624632,-46.5909915,,,,1,2023-06-19T03:09:10+00:00
SAO_5031-10,São Paulo,3550308,True,,1746,,,-23.610830749999998,-46.59545625,,,,1,2023-06-19T03:09:10+00:00
SAO_6016-41,São Paulo,3550308,True,,1706,,,-23.775072,-46.675598,,,,1,2023-06-19T03:09:32+00:00
SAO_6016-41,São Paulo,3550308,True,,1706,,,-23.737362,-46.6973265,,,,1,2023-06-19T03:09:51+00:00
SAO_677Y-10,São Paulo,3550308,True,,1240,,,-23.693685000000002,-46.794277,,,,1,2023-06-19T03:09:17+00:00
SAO_677Y-10,São Paulo,3550308,True,,1240,,,-23.6836685,-46.7890555,,,,1,2023-06-19T03:09:50+00:00
SAO_677Y-10,São Paulo,3550308,True,,1240,,,-23.689728000000002,-46.795007,,,,1,2023-06-19T03:09:37+00:00
SAO_677Y-10,São Paulo,3550308,True,,1240,,,-23.6836685,-46.7890555,,,,1,2023-06-19T03:09:28+00:00
SAO_677Y-10,São Paulo,3550308,True,,1240,,,-23.6836685,-46.7890555,,,,1,2023-06-19T03:09:27+00:00
SAO_1788-10,São Paulo,3550308,True,,653,,,-23.430702,-46.574294,,,,1,2023-06-19T03:09:00+00:00
SAO_1788-10,São Paulo,3550308,True,,653,,,-23.496112500000002,-46.615278,,,,1,2023-06-19T03:09:47+00:00
SAO_888P-10,São Paulo,3550308,True,EMTU,454,https://moovitapp.com/index/pt-br/transporte_p%C3%BAblico-line-454-Sao_Paulo-242-2038937-36419497-0,5.25,-23.44113,-46.7118225,,,,1,2023-06-19T03:09:32+00:00
SAO_875C-10,São Paulo,3550308,True,EMTU,478,https://moovitapp.com/index/pt-br/transporte_p%C3%BAblico-line-478-Sao_Paulo-242-2038937-36419510-0,6.25,-23.52012,-46.6994665,,,,1,2023-06-19T03:09:21+00:00
SAO_875C-10,São Paulo,3550308,True,EMTU,478,https://moovitapp.com/index/pt-br/transporte_p%C3%BAblico-line-478-Sao_Paulo-242-2038937-36419510-0,6.25,-23.5201835,-46.699305499999994,,,,1,2023-06-19T03:09:50+00:00
SAO_875C-10,São Paulo,3550308,True,EMTU,478,https://moovitapp.com/index/pt-br/transporte_p%C3%BAblico-line-478-Sao_Paulo-242-2038937-36419510-0,6.25,-23.601504375,-46.665866875,,,,1,2023-06-19T03:09:29+00:00
SAO_875C-10,São Paulo,3550308,True,EMTU,478,https://moovitapp.com/index/pt-br/transporte_p%C3%BAblico-line-478-Sao_Paulo-242-2038937-36419510-0,6.25,-23.52012,-46.6994665,,,,1,2023-06-19T03:09:09+00:00
SAO_875C-10,São Paulo,3550308,True,EMTU,478,https://moovitapp.com/index/pt-br/transporte_p%C3%BAblico-line-478-Sao_Paulo-242-2038937-36419510-0,6.25,-23.522785499999998,-46.704229,,,,1,2023-06-19T03:09:27+00:00
SAO_9009-10,São Paulo,3550308,True,,33645,,,-23.448099499999998,-46.716244,,,,2,2023-06-19T03:09:00+00:00
SAO_9009-10,São Paulo,3550308,True,,33645,,,-23.447998,-46.708507,,,,2,2023-06-19T03:09:35+00:00
SAO_9009-10,São Paulo,3550308,True,,33645,,,-23.468709,-46.6772595,,,,2,2023-06-19T03:09:27+00:00
SAO_9009-10,São Paulo,3550308,True,,33645,,,-23.447404,-46.709366,,,,2,2023-06-19T03:09:51+00:00
SAO_8500-10,São Paulo,3550308,True,,1267,,,-23.486662000000003,-46.726361,,,,1,2023-06-19T03:09:40+00:00
SAO_8500-10,São Paulo,3550308,True,,1267,,,-23.48629,-46.7260085,,,,1,2023-06-19T03:09:40+00:00
SAO_8500-10,São Paulo,3550308,True,,1267,,,-23.484783,-46.723133,,,,1,2023-06-19T03:09:11+00:00
SAO_6015-10,São Paulo,3550308,True,,33973,,,-23.6628155,-46.707258625,,,,2,2023-06-19T03:09:39+00:00
SAO_6015-10,São Paulo,3550308,True,,33973,,,-23.736071250000002,-46.7887135,,,,2,2023-06-19T03:09:17+00:00
SAO_6015-10,São Paulo,3550308,True,,33973,,,-23.6873035,-46.7716925,,,,2,2023-06-19T03:09:29+00:00
SAO_809T-10,São Paulo,3550308,True,,2246,,,-23.52335375,-46.69772725,,,,1,2023-06-19T03:09:53+00:00
SAO_3756-10,São Paulo,3550308,True,,1050,,,-23.543105,-46.46927075,,,,1,2023-06-19T03:09:31+00:00
SAO_TREI-10,São Paulo,3550308,True,,2489,,,-23.593945437499997,-46.402114499999996,,,,1,2023-06-19T03:09:41+00:00
SAO_9011-21,São Paulo,3550308,True,,1768,,,-23.4547945,-46.738510500000004,,,,1,2023-06-19T03:09:49+00:00
SAO_9011-21,São Paulo,3550308,True,,1768,,,-23.454421500000002,-46.7374495,,,,1,2023-06-19T03:09:45+00:00
SAO_9011-21,São Paulo,3550308,True,,1768,,,-23.4547945,-46.738510500000004,,,,1,2023-06-19T03:09:11+00:00
SAO_9011-21,São Paulo,3550308,True,,1768,,,-23.4547945,-46.738510500000004,,,,1,2023-06-19T03:09:01+00:00
SAO_9011-21,São Paulo,3550308,True,,1768,,,-23.4547945,-46.738510500000004,,,,1,2023-06-19T03:09:21+00:00
SAO_373T-10,São Paulo,3550308,True,,1091,,,-23.5942955,-46.504968000000005,,,,1,2023-06-19T03:09:44+00:00
SAO_373T-10,São Paulo,3550308,True,,1091,,,-23.578319999999998,-46.586929999999995,,,,1,2023-06-19T03:09:28+00:00
SAO_971X-10,São Paulo,3550308,True,,34463,,,-23.4752765,-46.6688805,,,,2,2023-06-19T03:09:44+00:00
SAO_971X-10,São Paulo,3550308,True,,34463,,,-23.483583250000002,-46.65385925,,,,2,2023-06-19T03:09:30+00:00
SAO_971X-10,São Paulo,3550308,True,,34463,,,-23.4752765,-46.6688805,,,,2,2023-06-19T03:09:14+00:00
SAO_403A-10,São Paulo,3550308,True,,2192,,,-23.5219655,-46.5469565,,,,1,2023-06-19T03:09:45+00:00
SAO_403A-10,São Paulo,3550308,True,,2192,,,-23.554643499999997,-46.480227,,,,1,2023-06-19T03:09:39+00:00
SAO_3746-10,São Paulo,3550308,True,EMTU,283,https://moovitapp.com/index/pt-br/transporte_p%C3%BAblico-line-283-Sao_Paulo-242-2038937-36419384-0,5.2,-23.594817,-46.5027665,,,,1,2023-06-19T03:09:42+00:00
SAO_3746-10,São Paulo,3550308,True,EMTU,283,https://moovitapp.com/index/pt-br/transporte_p%C3%BAblico-line-283-Sao_Paulo-242-2038937-36419384-0,5.2,-23.562012,-46.561507,,,,1,2023-06-19T03:08:18+00:00
SAO_3746-10,São Paulo,3550308,True,EMTU,283,https://moovitapp.com/index/pt-br/transporte_p%C3%BAblico-line-283-Sao_Paulo-242-2038937-36419384-0,5.2,-23.594817,-46.5027665,,,,1,2023-06-19T03:09:09+00:00
SAO_7023-10,São Paulo,3550308,True,,2152,,,-23.66646825,-46.7188975,,,,1,2023-06-19T03:09:48+00:00
SAO_2726-10,São Paulo,3550308,True,,33708,,,-23.508325499999998,-46.4684905,,,,2,2023-06-19T03:09:47+00:00
SAO_2726-10,São Paulo,3550308,True,,33708,,,-23.514241,-46.47722875,,,,2,2023-06-19T03:09:29+00:00
SAO_2726-10,São Paulo,3550308,True,,33708,,,-23.508325499999998,-46.4684905,,,,2,2023-06-19T03:09:08+00:00
SAO_2726-10,São Paulo,3550308,True,,33708,,,-23.5246445,-46.549759375,,,,2,2023-06-19T03:09:17+00:00
SAO_2703-10,São Paulo,3550308,True,Urubupungá,915,https://moovitapp.com/index/pt-br/transporte_p%C3%BAblico-line-915-Sao_Paulo-242-873835-75841134-0,4.6,-23.5372685,-46.455660249999994,,,,1,2023-06-19T03:09:41+00:00
SAO_2703-10,São Paulo,3550308,True,Urubupungá,915,https://moovitapp.com/index/pt-br/transporte_p%C3%BAblico-line-915-Sao_Paulo-242-873835-75841134-0,4.6,-23.529542499999998,-46.420608,,,,1,2023-06-19T03:09:17+00:00
SAO_2703-10,São Paulo,3550308,True,Urubupungá,915,https://moovitapp.com/index/pt-br/transporte_p%C3%BAblico-line-915-Sao_Paulo-242-873835-75841134-0,4.6,-23.529542499999998,-46.420608,,,,1,2023-06-19T03:09:14+00:00
SAO_2703-10,São Paulo,3550308,True,Urubupungá,915,https://moovitapp.com/index/pt-br/transporte_p%C3%BAblico-line-915-Sao_Paulo-242-873835-75841134-0,4.6,-23.542895,-46.471161,,,,1,2023-06-19T03:09:29+00:00
SAO_2703-10,São Paulo,3550308,True,Urubupungá,915,https://moovitapp.com/index/pt-br/transporte_p%C3%BAblico-line-915-Sao_Paulo-242-873835-75841134-0,4.6,-23.5238395,-46.42994,,,,1,2023-06-19T03:09:47+00:00
SAO_2703-10,São Paulo,3550308,True,Urubupungá,915,https://moovitapp.com/index/pt-br/transporte_p%C3%BAblico-line-915-Sao_Paulo-242-873835-75841134-0,4.6,-23.529542499999998,-46.420608,,,,1,2023-06-19T03:09:13+00:00
SAO_2703-10,São Paulo,3550308,True,Urubupungá,915,https://moovitapp.com/index/pt-br/transporte_p%C3%BAblico-line-915-Sao_Paulo-242-873835-75841134-0,4.6,-23.529542499999998,-46.420608,,,,1,2023-06-19T03:05:28+00:00
SAO_2703-10,São Paulo,3550308,True,Urubupungá,915,https://moovitapp.com/index/pt-br/transporte_p%C3%BAblico-line-915-Sao_Paulo-242-873835-75841134-0,4.6,-23.525544250000003,-46.41958675,,,,1,2023-06-19T03:08:30+00:00
SAO_1017-10,São Paulo,3550308,True,,2141,,,-23.408027500000003,-46.7584705,,,,1,2023-06-19T03:09:32+00:00
SAO_1017-10,São Paulo,3550308,True,,2141,,,-23.47061325,-46.71386375,,,,1,2023-06-19T03:09:10+00:00
SAO_1017-10,São Paulo,3550308,True,,2141,,,-23.445864625,-46.717133375,,,,1,2023-06-19T03:09:43+00:00
SAO_9004-10,São Paulo,3550308,True,,871,,,-23.460067,-46.67636525,,,,1,2023-06-19T03:09:11+00:00
SAO_675G-10,São Paulo,3550308,True,ETT,106,https://moovitapp.com/index/pt-br/transporte_p%C3%BAblico-line-106-Sao_Paulo-242-876373-496508-0,5.3,-23.650729625,-46.663131375000006,,,,1,2023-06-19T03:09:51+00:00
SAO_575C-10,São Paulo,3550308,True,,34454,,,-23.573321375,-46.539719875,,,,2,2023-06-19T03:09:42+00:00
SAO_575C-10,São Paulo,3550308,True,,34454,,,-23.578396750000003,-46.6022665,,,,2,2023-06-19T03:09:37+00:00
SAO_8030-10,São Paulo,3550308,True,,2562,,,-23.6050275,-46.73617125,,,,1,2023-06-19T03:09:50+00:00
SAO_273N-10,São Paulo,3550308,True,EMTU,390,https://moovitapp.com/index/pt-br/transporte_p%C3%BAblico-line-390-Sao_Paulo-242-2038937-36419459-0,5.45,-23.5043555,-46.36771400000001,,,,1,2023-06-19T03:09:29+00:00
SAO_273N-10,São Paulo,3550308,True,EMTU,390,https://moovitapp.com/index/pt-br/transporte_p%C3%BAblico-line-390-Sao_Paulo-242-2038937-36419459-0,5.45,-23.499293,-46.424768,,,,1,2023-06-19T03:09:12+00:00
SAO_938P-10,São Paulo,3550308,True,,33656,,,-23.463069,-46.6814145,,,,2,2023-06-19T03:09:11+00:00
SAO_938P-10,São Paulo,3550308,True,,33656,,,-23.513153,-46.6905325,,,,2,2023-06-19T03:09:45+00:00
SAO_938P-10,São Paulo,3550308,True,,33656,,,-23.462844,-46.6814335,,,,2,2023-06-19T03:09:36+00:00
SAO_273L-10,São Paulo,3550308,True,,32992,,,-23.539111,-46.4313315,,,,2,2023-06-19T03:09:27+00:00
SAO_273L-10,São Paulo,3550308,True,,32992,,,-23.539111,-46.4313315,,,,2,2023-06-19T03:09:35+00:00
SAO_273L-10,São Paulo,3550308,True,,32992,,,-23.539380375,-46.431489625,,,,2,2023-06-19T03:09:23+00:00
SAO_3069-10,São Paulo,3550308,True,,33752,,,-23.60662525,-46.41692075,,,,2,2023-06-19T03:09:49+00:00
SAO_3069-10,São Paulo,3550308,True,,33752,,,-23.606299749999998,-46.41697025,,,,2,2023-06-19T03:09:24+00:00
SAO_3069-10,São Paulo,3550308,True,,33752,,,-23.6178555,-46.416141999999994,,,,2,2023-06-19T03:09:34+00:00
SAO_3069-10,São Paulo,3550308,True,,33752,,,-23.6255375,-46.463149,,,,2,2023-06-19T03:09:38+00:00
SAO_3069-10,São Paulo,3550308,True,,33752,,,-23.606985,-46.416852500000005,,,,2,2023-06-19T03:09:22+00:00
SAO_3069-10,São Paulo,3550308,True,,33752,,,-23.606299749999998,-46.41697025,,,,2,2023-06-19T03:09:33+00:00
SAO_3069-10,São Paulo,3550308,True,,33752,,,-23.606299749999998,-46.41697025,,,,2,2023-06-19T03:09:50+00:00
SAO_3069-10,São Paulo,3550308,True,,33752,,,-23.61349,-46.4158675,,,,2,2023-06-19T03:09:21+00:00
SAO_6500-10,São Paulo,3550308,True,,32814,,,-23.582962,-46.670267,,,,2,2023-06-19T03:09:48+00:00
SAO_6500-10,São Paulo,3550308,True,,32814,,,-23.636039,-46.6954255,,,,2,2023-06-19T03:09:52+00:00
SAO_3737-10,São Paulo,3550308,True,,33805,,,-23.5630785,-46.5055855,,,,2,2023-06-19T03:09:27+00:00
SAO_3737-10,São Paulo,3550308,True,,33805,,,-23.544892,-46.5084585,,,,2,2023-06-19T03:09:30+00:00
SAO_3737-10,São Paulo,3550308,True,,33805,,,-23.5561205,-46.506425,,,,2,2023-06-19T03:09:27+00:00
SAO_3031-10,São Paulo,3550308,True,,967,,,-23.6129015,-46.444473,,,,1,2023-06-19T03:09:21+00:00
SAO_3031-10,São Paulo,3550308,True,,967,,,-23.542298,-46.4702415,,,,1,2023-06-19T03:09:13+00:00
SAO_3031-10,São Paulo,3550308,True,,967,,,-23.5692505,-46.448161999999996,,,,1,2023-06-19T03:09:44+00:00
SAO_2709-10,São Paulo,3550308,True,,922,,,-23.529814000000002,-46.5011675,,,,1,2023-06-19T03:09:51+00:00
SAO_2709-10,São Paulo,3550308,True,,922,,,-23.52446425,-46.47863675000001,,,,1,2023-06-19T03:09:37+00:00
SAO_476A-10,São Paulo,3550308,True,,33072,,,-23.585009874999997,-46.60312125,,,,2,2023-06-19T03:09:41+00:00
SAO_476A-10,São Paulo,3550308,True,,33072,,,-23.63147775,-46.66889449999999,,,,2,2023-06-19T03:09:15+00:00
SAO_2076-10,São Paulo,3550308,True,,33136,,,-23.5039315,-46.3796915,,,,2,2023-06-19T03:09:18+00:00
SAO_2076-10,São Paulo,3550308,True,,33136,,,-23.504168999999997,-46.379309,,,,2,2023-06-19T03:09:37+00:00
SAO_2076-10,São Paulo,3550308,True,,33136,,,-23.4921795,-46.381153499999996,,,,2,2023-06-19T03:09:10+00:00
SAO_2076-10,São Paulo,3550308,True,,33136,,,-23.5037935,-46.379870499999996,,,,2,2023-06-19T03:09:42+00:00
SAO_1772-10,São Paulo,3550308,True,,33403,,,-23.448763999999997,-46.582931,,,,2,2023-06-19T03:09:38+00:00
SAO_1772-10,São Paulo,3550308,True,,33403,,,-23.435150999999998,-46.581629,,,,2,2023-06-19T03:09:48+00:00
SAO_7013-10,São Paulo,3550308,True,,33543,,,-23.6397885,-46.7496145,,,,2,2023-06-19T03:09:19+00:00
SAO_7013-10,São Paulo,3550308,True,,33543,,,-23.614125,-46.755568499999995,,,,2,2023-06-19T03:09:25+00:00
SAO_7013-10,São Paulo,3550308,True,,33543,,,-23.639699999999998,-46.7497905,,,,2,2023-06-19T03:09:36+00:00
SAO_6084-10,São Paulo,3550308,True,,1169,,,-23.7675415,-46.716446000000005,,,,1,2023-06-19T03:09:30+00:00
SAO_2705-10,São Paulo,3550308,True,,917,,,-23.54549725,-46.40164,,,,1,2023-06-19T02:57:33+00:00
SAO_2705-10,São Paulo,3550308,True,,917,,,-23.54549725,-46.40164,,,,1,2023-06-19T03:09:49+00:00
SAO_2705-10,São Paulo,3550308,True,,917,,,-23.545738,-46.393099500000005,,,,1,2023-06-19T03:09:17+00:00
SAO_2705-10,São Paulo,3550308,True,,917,,,-23.542243,-46.4699735,,,,1,2023-06-19T03:09:38+00:00
SAO_2705-10,São Paulo,3550308,True,,917,,,-23.545738,-46.393099500000005,,,,1,2023-06-19T03:09:34+00:00
SAO_6069-10,São Paulo,3550308,True,,33922,,,-23.67116175,-46.712397249999995,,,,2,2023-06-19T03:09:53+00:00
SAO_3031-10,São Paulo,3550308,True,,33735,,,-23.577679500000002,-46.44357625000001,,,,2,2023-06-19T03:09:53+00:00
SAO_3031-10,São Paulo,3550308,True,,33735,,,-23.6126845,-46.4445915,,,,2,2023-06-19T03:09:18+00:00
SAO_3031-10,São Paulo,3550308,True,,33735,,,-23.542333999999997,-46.470445999999995,,,,2,2023-06-19T03:09:44+00:00
SAO_736G-10,São Paulo,3550308,True,,780,,,-23.618506,-46.699464,,,,1,2023-06-19T03:09:45+00:00
SAO_736G-10,São Paulo,3550308,True,,780,,,-23.633858500000002,-46.75126025,,,,1,2023-06-19T03:09:39+00:00
SAO_273X-10,São Paulo,3550308,True,,33160,,,-23.49209975,-46.44760375,,,,2,2023-06-19T03:09:28+00:00
SAO_273X-10,São Paulo,3550308,True,,33160,,,-23.49332075,-46.389150875,,,,2,2023-06-19T03:09:37+00:00
SAO_273X-10,São Paulo,3550308,True,,33160,,,-23.506026375,-46.38575625,,,,2,2023-06-19T03:09:28+00:00
SAO_273X-10,São Paulo,3550308,True,,33160,,,-23.495778,-46.377619749999994,,,,2,2023-06-19T03:09:33+00:00
SAO_273X-10,São Paulo,3550308,True,,33160,,,-23.497997624999996,-46.376735124999996,,,,2,2023-06-19T03:09:26+00:00
SAO_273X-10,São Paulo,3550308,True,,33160,,,-23.497790875,-46.376857375,,,,2,2023-06-19T03:09:32+00:00
SAO_3763-10,São Paulo,3550308,True,,1054,,,-23.5409625,-46.5764615,,,,1,2023-06-19T03:09:16+00:00
SAO_3763-10,São Paulo,3550308,True,,1054,,,-23.55217325,-46.55404525,,,,1,2023-06-19T03:09:27+00:00
SAO_3763-10,São Paulo,3550308,True,,1054,,,-23.562353,-46.532944,,,,1,2023-06-19T03:09:14+00:00
SAO_3763-10,São Paulo,3550308,True,,1054,,,-23.557687,-46.52319850000001,,,,1,2023-06-19T03:09:28+00:00
SAO_3763-10,São Paulo,3550308,True,,1054,,,-23.5577635,-46.522865499999995,,,,1,2023-06-19T03:09:22+00:00
SAO_3763-10,São Paulo,3550308,True,,1054,,,-23.5577635,-46.522865499999995,,,,1,2023-06-19T03:09:50+00:00
SAO_6080-10,São Paulo,3550308,True,,1168,,,-23.759982,-46.6777045,,,,1,2023-06-19T03:09:42+00:00
SAO_6080-10,São Paulo,3550308,True,,1168,,,-23.674128,-46.6736505,,,,1,2023-06-19T03:09:49+00:00
SAO_3001-10,São Paulo,3550308,True,,1650,,,-23.491646000000003,-46.434507499999995,,,,1,2023-06-19T03:09:35+00:00
SAO_3001-10,São Paulo,3550308,True,,1650,,,-23.491646000000003,-46.434507499999995,,,,1,2023-06-19T03:09:40+00:00
SAO_3001-10,São Paulo,3550308,True,,1650,,,-23.4983815,-46.395984,,,,1,2023-06-19T03:09:41+00:00
SAO_2727-10,São Paulo,3550308,True,,942,,,-23.526343500000003,-46.464237,,,,1,2023-06-19T03:09:35+00:00
SAO_2727-10,São Paulo,3550308,True,,942,,,-23.540153,-46.483096,,,,1,2023-06-19T03:09:48+00:00
SAO_2727-10,São Paulo,3550308,True,,942,,,-23.540153,-46.483096,,,,1,2023-06-19T03:09:22+00:00
SAO_2727-10,São Paulo,3550308,True,,942,,,-23.540153,-46.483096,,,,1,2023-06-19T03:09:09+00:00
SAO_2727-10,São Paulo,3550308,True,,942,,,-23.540153,-46.483096,,,,1,2023-06-19T03:09:45+00:00
SAO_2727-10,São Paulo,3550308,True,,942,,,-23.540153,-46.483096,,,,1,2023-06-19T03:09:27+00:00
SAO_2727-10,São Paulo,3550308,True,,942,,,-23.540153,-46.483096,,,,1,2023-06-19T03:09:43+00:00
SAO_2727-10,São Paulo,3550308,True,,942,,,-23.540153,-46.483096,,,,1,2023-06-19T03:09:44+00:00
SAO_2727-10,São Paulo,3550308,True,,942,,,-23.540153,-46.483096,,,,1,2023-06-19T03:09:29+00:00
SAO_2727-10,São Paulo,3550308,True,,942,,,-23.540153,-46.483096,,,,1,2023-06-19T03:09:39+00:00
SAO_4053-10,São Paulo,3550308,True,,34914,,,-23.55280925,-46.3944755,,,,2,2023-06-19T03:09:40+00:00
SAO_746K-10,São Paulo,3550308,True,,33555,,,-23.61833975,-46.699723875000004,,,,2,2023-06-19T03:09:52+00:00
SAO_746K-10,São Paulo,3550308,True,,33555,,,-23.6187375,-46.722241,,,,2,2023-06-19T03:09:32+00:00
SAO_8615-10,São Paulo,3550308,True,,34107,,,-23.534314000000002,-46.7209645,,,,2,2023-06-19T03:09:14+00:00
SAO_8615-10,São Paulo,3550308,True,,34107,,,-23.522753375,-46.691829187500005,,,,2,2023-06-19T03:09:46+00:00
SAO_8615-10,São Paulo,3550308,True,,34107,,,-23.5361915,-46.725013000000004,,,,2,2023-06-19T03:09:14+00:00
SAO_4315-10,São Paulo,3550308,True,,34943,,,-23.53726475,-46.559556375,,,,2,2023-06-19T03:06:02+00:00
SAO_4315-10,São Paulo,3550308,True,,34943,,,-23.557597,-46.523596,,,,2,2023-06-19T03:09:12+00:00
SAO_4315-10,São Paulo,3550308,True,,34943,,,-23.5578405,-46.523186499999994,,,,2,2023-06-19T03:09:45+00:00
SAO_2710-10,São Paulo,3550308,True,,924,,,-23.518847875,-46.48040949999999,,,,1,2023-06-19T03:09:32+00:00
SAO_5652-22,São Paulo,3550308,True,,35284,,,-23.7135125,-46.699449,,,,2,2023-06-19T03:09:30+00:00
SAO_5652-22,São Paulo,3550308,True,,35284,,,-23.678064999999997,-46.6840695,,,,2,2023-06-19T03:09:34+00:00
SAO_5652-22,São Paulo,3550308,True,,35284,,,-23.7058085,-46.6886045,,,,2,2023-06-19T03:07:14+00:00
SAO_2104-10,São Paulo,3550308,True,,35023,,,-23.503036,-46.624043,,,,2,2023-06-19T03:09:33+00:00
SAO_3773-10,São Paulo,3550308,True,,33827,,,-23.602150625,-46.482904125,,,,2,2023-06-19T03:09:19+00:00
SAO_3773-10,São Paulo,3550308,True,,33827,,,-23.538655499999997,-46.564793,,,,2,2023-06-19T03:09:26+00:00
SAO_3773-10,São Paulo,3550308,True,,33827,,,-23.6157045,-46.465323999999995,,,,2,2023-06-19T03:09:52+00:00
SAO_6093-10,São Paulo,3550308,True,,1585,,,-23.747792,-46.708254499999995,,,,1,2023-06-19T03:09:10+00:00
SAO_6093-10,São Paulo,3550308,True,,1585,,,-23.799326999999998,-46.7314595,,,,1,2023-06-19T03:09:42+00:00
SAO_677V-10,São Paulo,3550308,True,,32880,,,-23.7443095,-46.709995500000005,,,,2,2023-06-19T03:09:32+00:00
SAO_677V-10,São Paulo,3550308,True,,32880,,,-23.736681,-46.6952685,,,,2,2023-06-19T03:09:10+00:00
SAO_352A-10,São Paulo,3550308,True,,32932,,,-23.5280235,-46.4477285,,,,2,2023-06-19T03:09:45+00:00
SAO_352A-10,São Paulo,3550308,True,,32932,,,-23.4945855,-46.443143,,,,2,2023-06-19T03:09:23+00:00
SAO_352A-10,São Paulo,3550308,True,,32932,,,-23.479100875,-46.421538125,,,,2,2023-06-19T03:09:48+00:00
SAO_6960-10,São Paulo,3550308,True,,34211,,,-23.766492,-46.716403,,,,2,2023-06-19T03:09:22+00:00
SAO_6960-10,São Paulo,3550308,True,,34211,,,-23.7471885,-46.708067,,,,2,2023-06-19T03:09:38+00:00
SAO_6960-10,São Paulo,3550308,True,,34211,,,-23.69331475,-46.71491,,,,2,2023-06-19T03:09:38+00:00
SAO_6960-10,São Paulo,3550308,True,,34211,,,-23.6543295,-46.7121355,,,,2,2023-06-19T03:09:29+00:00
SAO_6960-10,São Paulo,3550308,True,,34211,,,-23.6543295,-46.7121355,,,,2,2023-06-19T03:09:49+00:00
SAO_6006-10,São Paulo,3550308,True,,32943,,,-23.667364,-46.680078,,,,2,2023-06-19T03:09:21+00:00
SAO_6006-10,São Paulo,3550308,True,,32943,,,-23.672999,-46.686725,,,,2,2023-06-19T03:09:25+00:00
SAO_6006-10,São Paulo,3550308,True,,32943,,,-23.677407375,-46.75377175,,,,2,2023-06-19T03:08:05+00:00
SAO_8548-10,São Paulo,3550308,True,EMTU,578,https://moovitapp.com/index/pt-br/transporte_p%C3%BAblico-line-578-Sao_Paulo-242-2038937-36419568-0,5.4,-23.505019500000003,-46.691104499999994,,,,1,2023-06-19T03:09:49+00:00
SAO_175P-10,São Paulo,3550308,True,,675,,,-23.50035825,-46.62624075,,,,1,2023-06-19T03:09:07+00:00
SAO_175P-10,São Paulo,3550308,True,,675,,,-23.57146675,-46.64418725,,,,1,2023-06-19T03:09:18+00:00
SAO_175P-10,São Paulo,3550308,True,,675,,,-23.534665625,-46.66586575,,,,1,2023-06-19T03:09:12+00:00
SAO_4721-10,São Paulo,3550308,True,,33105,,,-23.62516875,-46.640617,,,,2,2023-06-19T03:09:51+00:00
SAO_805L-10,São Paulo,3550308,True,,32892,,,-23.5341425,-46.6442885,,,,2,2023-06-19T03:09:29+00:00
SAO_805L-10,São Paulo,3550308,True,,32892,,,-23.5703665,-46.645350875000005,,,,2,2023-06-19T03:09:09+00:00
SAO_513C-10,São Paulo,3550308,True,,2535,,,-23.600336999999996,-46.5506065,,,,1,2023-06-19T03:08:16+00:00
SAO_5144-10,São Paulo,3550308,True,,34395,,,-23.5463825,-46.591800500000005,,,,2,2023-06-19T03:09:30+00:00
SAO_5144-10,São Paulo,3550308,True,,34395,,,-23.6148725,-46.502408,,,,2,2023-06-19T03:09:49+00:00
SAO_8015-10,São Paulo,3550308,True,,34113,,,-23.388763,-46.735237,,,,2,2023-06-19T03:09:17+00:00
SAO_8015-10,São Paulo,3550308,True,,34113,,,-23.4350455,-46.7180285,,,,2,2023-06-19T03:09:27+00:00
SAO_4734-10,São Paulo,3550308,True,,33877,,,-23.626011374999997,-46.625563625000005,,,,2,2023-06-19T03:09:53+00:00
SAO_4734-10,São Paulo,3550308,True,,33877,,,-23.6435665,-46.6054645,,,,2,2023-06-19T03:09:47+00:00
SAO_4734-10,São Paulo,3550308,True,,33877,,,-23.6411645,-46.610744,,,,2,2023-06-19T03:08:43+00:00
SAO_8024-10,São Paulo,3550308,True,,2075,,,-23.5965655,-46.744001749999995,,,,1,2023-06-19T03:09:53+00:00
SAO_648P-10,São Paulo,3550308,True,,66,,,-23.58797525,-46.683934,,,,1,2023-06-19T03:09:27+00:00
SAO_648P-10,São Paulo,3550308,True,,66,,,-23.646914,-46.74704625,,,,1,2023-06-19T03:09:54+00:00
SAO_2031-10,São Paulo,3550308,True,EMTU,367,https://moovitapp.com/index/pt-br/transporte_p%C3%BAblico-line-367-Sao_Paulo-242-2038937-36419446-0,4.9,-23.4997725,-46.4424485,,,,1,2023-06-19T03:09:10+00:00
SAO_2031-10,São Paulo,3550308,True,EMTU,367,https://moovitapp.com/index/pt-br/transporte_p%C3%BAblico-line-367-Sao_Paulo-242-2038937-36419446-0,4.9,-23.518273,-46.475646499999996,,,,1,2023-06-19T03:09:30+00:00
SAO_669A-10,São Paulo,3550308,True,,32772,,,-23.559713875,-46.658542000000004,,,,2,2023-06-19T03:09:46+00:00
SAO_6412-10,São Paulo,3550308,True,,770,,,-23.58138925,-46.665473,,,,1,2023-06-19T03:09:50+00:00
SAO_6412-10,São Paulo,3550308,True,,770,,,-23.617671,-46.7210095,,,,1,2023-06-19T03:09:21+00:00
SAO_6412-10,São Paulo,3550308,True,,770,,,-23.617671,-46.7210095,,,,1,2023-06-19T03:09:52+00:00
SAO_6L01-10,São Paulo,3550308,True,,1171,,,-23.786048,-46.72607525,,,,1,2023-06-19T03:09:22+00:00
SAO_6L01-10,São Paulo,3550308,True,,1171,,,-23.87178625,-46.737877999999995,,,,1,2023-06-19T03:09:40+00:00
SAO_5757-51,São Paulo,3550308,True,,34744,,,-23.635112499999998,-46.640995000000004,,,,2,2023-06-19T03:09:40+00:00
SAO_5757-51,São Paulo,3550308,True,,34744,,,-23.635112499999998,-46.640995000000004,,,,2,2023-06-19T03:08:58+00:00
SAO_5757-51,São Paulo,3550308,True,,34744,,,-23.635112499999998,-46.640995000000004,,,,2,2023-06-19T03:09:33+00:00
SAO_5757-51,São Paulo,3550308,True,,34744,,,-23.695354000000002,-46.649383,,,,2,2023-06-19T03:09:19+00:00
SAO_5757-51,São Paulo,3550308,True,,34744,,,-23.635112499999998,-46.640995000000004,,,,2,2023-06-19T03:08:47+00:00
SAO_5757-51,São Paulo,3550308,True,,34744,,,-23.635112499999998,-46.640995000000004,,,,2,2023-06-19T03:09:30+00:00
SAO_5757-51,São Paulo,3550308,True,,34744,,,-23.635112499999998,-46.640995000000004,,,,2,2023-06-19T03:09:29+00:00
SAO_5757-51,São Paulo,3550308,True,,34744,,,-23.707351,-46.641422000000006,,,,2,2023-06-19T03:07:36+00:00
SAO_6338-10,São Paulo,3550308,True,,1293,,,-23.667046999999997,-46.65295675,,,,1,2023-06-19T03:09:52+00:00
SAO_6338-10,São Paulo,3550308,True,,1293,,,-23.616099000000002,-46.638611374999996,,,,1,2023-06-19T03:09:50+00:00
SAO_4706-10,São Paulo,3550308,True,,33067,,,-23.6369715,-46.59973024999999,,,,2,2023-06-19T03:09:13+00:00
SAO_4706-10,São Paulo,3550308,True,,33067,,,-23.653293500000004,-46.602455000000006,,,,2,2023-06-19T03:09:49+00:00
SAO_6042-10,São Paulo,3550308,True,,1219,,,-23.6767715,-46.766473875,,,,1,2023-06-19T03:09:10+00:00
SAO_508L-10,São Paulo,3550308,True,,32885,,,-23.5340575,-46.644261,,,,2,2023-06-19T03:09:47+00:00
SAO_508L-10,São Paulo,3550308,True,,32885,,,-23.5340575,-46.644261,,,,2,2023-06-19T03:09:27+00:00
SAO_8072-10,São Paulo,3550308,True,,2079,,,-23.642163,-46.766020499999996,,,,1,2023-06-19T03:09:35+00:00
SAO_8072-10,São Paulo,3550308,True,,2079,,,-23.582818500000002,-46.725421,,,,1,2023-06-19T03:09:40+00:00
SAO_6073-10,São Paulo,3550308,True,,1160,,,-23.7676985,-46.716468500000005,,,,1,2023-06-19T03:09:11+00:00
SAO_4028-10,São Paulo,3550308,True,,33866,,,-23.603975,-46.4813555,,,,2,2023-06-19T03:09:30+00:00
SAO_715M-10,São Paulo,3550308,True,EMTU,490,https://moovitapp.com/index/pt-br/transporte_p%C3%BAblico-line-490-Sao_Paulo-242-2038937-36419517-0,5.15,-23.580449,-46.7497435,,,,1,2023-06-19T03:09:15+00:00
SAO_715M-10,São Paulo,3550308,True,EMTU,490,https://moovitapp.com/index/pt-br/transporte_p%C3%BAblico-line-490-Sao_Paulo-242-2038937-36419517-0,5.15,-23.556050499999998,-46.6631305,,,,1,2023-06-19T03:09:24+00:00
SAO_6816-10,São Paulo,3550308,True,,32794,,,-23.652935499999998,-46.776088,,,,2,2023-06-19T03:09:19+00:00
SAO_6816-10,São Paulo,3550308,True,,32794,,,-23.647065750000003,-46.78637175,,,,2,2023-06-19T03:09:31+00:00
SAO_172N-10,São Paulo,3550308,True,,33432,,,-23.505999250000002,-46.603623,,,,2,2023-06-19T03:08:21+00:00
SAO_172N-10,São Paulo,3550308,True,,33432,,,-23.515946749999998,-46.61641775,,,,2,2023-06-19T03:09:22+00:00
SAO_9018-10,São Paulo,3550308,True,,34039,,,-23.486429,-46.726637,,,,2,2023-06-19T03:09:48+00:00
SAO_9018-10,São Paulo,3550308,True,,34039,,,-23.469386,-46.721635500000005,,,,2,2023-06-19T03:09:42+00:00
SAO_527R-10,São Paulo,3550308,True,,33039,,,-23.666031874999998,-46.65678737500001,,,,2,2023-06-19T03:09:32+00:00
SAO_527R-10,São Paulo,3550308,True,,33039,,,-23.6581035,-46.7019995,,,,2,2023-06-19T03:09:30+00:00
SAO_527R-10,São Paulo,3550308,True,,33039,,,-23.675624499999998,-46.651423,,,,2,2023-06-19T03:09:14+00:00
SAO_1722-10,São Paulo,3550308,True,,864,,,-23.46938875,-46.645715,,,,1,2023-06-19T03:07:38+00:00
SAO_1722-10,São Paulo,3550308,True,,864,,,-23.474343,-46.652933000000004,,,,1,2023-06-19T03:09:13+00:00
SAO_1722-10,São Paulo,3550308,True,,864,,,-23.471512750000002,-46.5961325,,,,1,2023-06-19T03:09:50+00:00
SAO_1722-10,São Paulo,3550308,True,,864,,,-23.46398175,-46.58406825,,,,1,2023-06-19T03:09:28+00:00
SAO_1722-10,São Paulo,3550308,True,,864,,,-23.479046500000003,-46.6015705,,,,1,2023-06-19T03:09:51+00:00
SAO_1722-10,São Paulo,3550308,True,,864,,,-23.465218999999998,-46.629864,,,,1,2023-06-19T03:09:37+00:00
SAO_8200-10,São Paulo,3550308,True,,34031,,,-23.486429,-46.7263995,,,,2,2023-06-19T03:09:45+00:00
SAO_8200-10,São Paulo,3550308,True,,34031,,,-23.5201365,-46.700402999999994,,,,2,2023-06-19T03:09:36+00:00
SAO_3785-10,São Paulo,3550308,True,,33831,,,-23.591703000000003,-46.3941935,,,,2,2023-06-19T03:09:19+00:00
SAO_3785-10,São Paulo,3550308,True,,33831,,,-23.583131,-46.4090595,,,,2,2023-06-19T03:09:49+00:00
SAO_3785-10,São Paulo,3550308,True,,33831,,,-23.591703000000003,-46.3941935,,,,2,2023-06-19T03:09:45+00:00
SAO_3785-10,São Paulo,3550308,True,,33831,,,-23.58058775,-46.4426565,,,,2,2023-06-19T03:09:48+00:00
SAO_9090-10,São Paulo,3550308,True,,33652,,,-23.48376475,-46.66996675,,,,2,2023-06-19T03:09:48+00:00
SAO_9090-10,São Paulo,3550308,True,,33652,,,-23.462843874999997,-46.676674625000004,,,,2,2023-06-19T03:09:25+00:00
SAO_874T-10,São Paulo,3550308,True,EMTU,307,https://moovitapp.com/index/pt-br/transporte_p%C3%BAblico-line-307-Sao_Paulo-242-2038937-36419399-0,5.2,-23.540498,-46.6554255,,,,1,2023-06-19T03:09:39+00:00
SAO_3734-10,São Paulo,3550308,True,,33802,,,-23.552470749999998,-46.470431,,,,2,2023-06-19T03:09:23+00:00
SAO_3734-10,São Paulo,3550308,True,,33802,,,-23.5507125,-46.480841999999996,,,,2,2023-06-19T03:09:09+00:00
SAO_3734-10,São Paulo,3550308,True,,33802,,,-23.552886,-46.472831,,,,2,2023-06-19T03:09:53+00:00
SAO_3734-10,São Paulo,3550308,True,,33802,,,-23.552729,-46.473189500000004,,,,2,2023-06-19T03:09:47+00:00
SAO_2008-10,São Paulo,3550308,True,,33665,,,-23.513456125,-46.39201975,,,,2,2023-06-19T03:09:08+00:00
SAO_2008-10,São Paulo,3550308,True,,33665,,,-23.52114525,-46.38738525,,,,2,2023-06-19T03:09:37+00:00
SAO_2008-10,São Paulo,3550308,True,,33665,,,-23.496409,-46.4013475,,,,2,2023-06-19T03:09:40+00:00
SAO_5164-21,São Paulo,3550308,True,,1616,,,-23.6463425,-46.64646425,,,,1,2023-06-19T03:09:51+00:00
SAO_5164-21,São Paulo,3550308,True,,1616,,,-23.646017,-46.6471265,,,,1,2023-06-19T03:09:22+00:00
SAO_5164-21,São Paulo,3550308,True,,1616,,,-23.61768525,-46.638971,,,,1,2023-06-19T03:09:12+00:00
SAO_8047-10,São Paulo,3550308,True,,33176,,,-23.507599562500005,-46.7397545,,,,2,2023-06-19T03:09:44+00:00
SAO_8047-10,São Paulo,3550308,True,,33176,,,-23.434162999999998,-46.754868,,,,2,2023-06-19T03:09:46+00:00
SAO_8047-10,São Paulo,3550308,True,,33176,,,-23.434162999999998,-46.754868,,,,2,2023-06-19T03:09:43+00:00
SAO_3735-10,São Paulo,3550308,True,,1035,,,-23.540855999999998,-46.4849405,,,,1,2023-06-19T03:09:30+00:00
SAO_3735-10,São Paulo,3550308,True,,1035,,,-23.540855999999998,-46.4849405,,,,1,2023-06-19T03:09:33+00:00
SAO_1012-10,São Paulo,3550308,True,,35254,,,-23.437933,-46.8025715,,,,2,2023-06-19T03:09:17+00:00
SAO_5018-31,São Paulo,3550308,True,,1861,,,-23.682553499999997,-46.670128,,,,1,2023-06-19T03:09:18+00:00
SAO_5018-31,São Paulo,3550308,True,,1861,,,-23.6765715,-46.643291250000004,,,,1,2023-06-19T03:09:35+00:00
SAO_874C-10,São Paulo,3550308,True,,477,,,-23.5497113125,-46.738658937500006,,,,1,2023-06-19T03:09:13+00:00
SAO_874C-10,São Paulo,3550308,True,,477,,,-23.5483695,-46.7494305,,,,1,2023-06-19T03:09:46+00:00
SAO_8686-21,São Paulo,3550308,True,,35253,,,-23.5157495,-46.726202,,,,2,2023-06-19T03:09:37+00:00
SAO_5123-10,São Paulo,3550308,True,,1125,,,-23.678448500000002,-46.630771499999994,,,,1,2023-06-19T03:09:24+00:00
SAO_5123-10,São Paulo,3550308,True,,1125,,,-23.605085000000003,-46.636889499999995,,,,1,2023-06-19T03:09:16+00:00
SAO_5123-10,São Paulo,3550308,True,,1125,,,-23.671324,-46.643936249999996,,,,1,2023-06-19T03:09:41+00:00
SAO_5123-10,São Paulo,3550308,True,,1125,,,-23.6524285,-46.637200500000006,,,,1,2023-06-19T03:09:23+00:00
SAO_6822-10,São Paulo,3550308,True,Del Rey,22,https://moovitapp.com/index/pt-br/transporte_p%C3%BAblico-line-22-Sao_Paulo-242-868760-496394-0,4.5,-23.654044,-46.7630505,,,,1,2023-06-19T03:09:42+00:00
SAO_6822-10,São Paulo,3550308,True,Del Rey,22,https://moovitapp.com/index/pt-br/transporte_p%C3%BAblico-line-22-Sao_Paulo-242-868760-496394-0,4.5,-23.65279,-46.778128499999994,,,,1,2023-06-19T03:09:13+00:00
SAO_8050-10,São Paulo,3550308,True,,412,,,-23.508969999999998,-46.73848,,,,1,2023-06-19T03:09:18+00:00
SAO_2010-10,São Paulo,3550308,True,,34872,,,-23.479467749999998,-46.579054500000005,,,,2,2023-06-19T03:06:47+00:00
SAO_1760-10,São Paulo,3550308,True,EMTU,557,https://moovitapp.com/index/pt-br/transporte_p%C3%BAblico-line-557-Sao_Paulo-242-2038937-36419558-0,6.2,-23.513889875,-46.61619675,,,,1,2023-06-19T03:09:37+00:00
SAO_1760-10,São Paulo,3550308,True,EMTU,557,https://moovitapp.com/index/pt-br/transporte_p%C3%BAblico-line-557-Sao_Paulo-242-2038937-36419558-0,6.2,-23.456333,-46.659075,,,,1,2023-06-19T03:09:47+00:00
SAO_875C-1,São Paulo,3550308,True,,2510,,,-23.5829056875,-46.674949125000005,,,,1,2023-06-19T03:09:16+00:00
SAO_7006-51,São Paulo,3550308,True,,34765,,,-23.7491515,-46.783023,,,,2,2023-06-19T03:09:14+00:00
SAO_7006-51,São Paulo,3550308,True,,34765,,,-23.682405,-46.769456500000004,,,,2,2023-06-19T03:09:33+00:00
SAO_7006-51,São Paulo,3550308,True,,34765,,,-23.7488905,-46.7831885,,,,2,2023-06-19T03:09:15+00:00
SAO_8012-10,São Paulo,3550308,True,,34791,,,-23.571924000000003,-46.7087345,,,,2,2023-06-19T03:09:08+00:00
SAO_5318-10,São Paulo,3550308,True,,32813,,,-23.585917000000002,-46.6549985,,,,2,2023-06-19T03:09:31+00:00
SAO_5318-10,São Paulo,3550308,True,,32813,,,-23.6646575,-46.753386,,,,2,2023-06-19T03:09:29+00:00
SAO_5318-10,São Paulo,3550308,True,,32813,,,-23.665154625,-46.753176499999995,,,,2,2023-06-19T03:09:47+00:00
SAO_5318-10,São Paulo,3550308,True,,32813,,,-23.6333485,-46.711490749999996,,,,2,2023-06-19T03:09:44+00:00
SAO_5318-10,São Paulo,3550308,True,,32813,,,-23.665154625,-46.753176499999995,,,,2,2023-06-19T03:09:32+00:00
SAO_7062-41,São Paulo,3550308,True,,35039,,,-23.650688625,-46.770039874999995,,,,2,2023-06-19T03:09:50+00:00
SAO_7062-41,São Paulo,3550308,True,,35039,,,-23.650915875,-46.770043625,,,,2,2023-06-19T03:09:50+00:00
SAO_7062-41,São Paulo,3550308,True,,35039,,,-23.650688625,-46.770039874999995,,,,2,2023-06-19T03:09:23+00:00
SAO_875A-10,São Paulo,3550308,True,,609,,,-23.533734,-46.662614500000004,,,,1,2023-06-19T03:09:44+00:00
SAO_875A-10,São Paulo,3550308,True,,609,,,-23.627033,-46.6418775,,,,1,2023-06-19T03:09:52+00:00
SAO_875A-10,São Paulo,3550308,True,,609,,,-23.5703665,-46.645350875000005,,,,1,2023-06-19T03:09:33+00:00
SAO_5091-10,São Paulo,3550308,True,,34291,,,-23.665281999999998,-46.63812299999999,,,,2,2023-06-19T03:09:41+00:00
SAO_5091-10,São Paulo,3550308,True,,34291,,,-23.692240749999996,-46.64788125,,,,2,2023-06-19T03:08:11+00:00
SAO_5091-10,São Paulo,3550308,True,,34291,,,-23.68224575,-46.6769735,,,,2,2023-06-19T03:09:23+00:00
SAO_6061-10,São Paulo,3550308,True,,1150,,,-23.737187499999997,-46.6971815,,,,1,2023-06-19T03:09:46+00:00
SAO_6061-10,São Paulo,3550308,True,,1150,,,-23.775406,-46.691789,,,,1,2023-06-19T03:09:23+00:00
SAO_5759-31,São Paulo,3550308,True,,1139,,,-23.6788525,-46.651647249999996,,,,1,2023-06-19T03:07:45+00:00
SAO_8014-10,São Paulo,3550308,True,,33569,,,-23.434336000000002,-46.7923445,,,,2,2023-06-19T03:09:22+00:00
SAO_8014-10,São Paulo,3550308,True,,33569,,,-23.404968500000003,-46.7450015,,,,2,2023-06-19T03:09:47+00:00
SAO_8014-10,São Paulo,3550308,True,,33569,,,-23.4465085,-46.7892325,,,,2,2023-06-19T03:09:07+00:00
SAO_4025-10,São Paulo,3550308,True,,1095,,,-23.552825750000004,-46.576333500000004,,,,1,2023-06-19T03:09:26+00:00
SAO_4025-10,São Paulo,3550308,True,,1095,,,-23.596563,-46.5587515,,,,1,2023-06-19T03:09:28+00:00
SAO_719P-10,São Paulo,3550308,True,,34140,,,-23.565859,-46.7013775,,,,2,2023-06-19T03:09:29+00:00
SAO_719P-10,São Paulo,3550308,True,,34140,,,-23.534283000000002,-46.6443985,,,,2,2023-06-19T03:09:38+00:00
SAO_719P-10,São Paulo,3550308,True,,34140,,,-23.5658305,-46.701625500000006,,,,2,2023-06-19T03:09:37+00:00
SAO_233C-10,São Paulo,3550308,True,,155,,,-23.5547225,-46.516175000000004,,,,1,2023-06-19T03:09:26+00:00
SAO_5024-31,São Paulo,3550308,True,,33891,,,-23.689080750000002,-46.64931275,,,,2,2023-06-19T03:09:09+00:00
SAO_5024-31,São Paulo,3550308,True,,33891,,,-23.679797999999998,-46.6653565,,,,2,2023-06-19T03:09:50+00:00
SAO_8528-10,São Paulo,3550308,True,,33343,,,-23.498972000000002,-46.696377749999996,,,,2,2023-06-19T03:09:24+00:00
SAO_8528-10,São Paulo,3550308,True,,33343,,,-23.522828750000002,-46.65947175,,,,2,2023-06-19T03:09:47+00:00
SAO_8528-10,São Paulo,3550308,True,,33343,,,-23.4615645,-46.69032075,,,,2,2023-06-19T03:09:16+00:00
SAO_5164-10,São Paulo,3550308,True,,1283,,,-23.6461565,-46.644951,,,,1,2023-06-19T03:09:35+00:00
SAO_5032-10,São Paulo,3550308,True,,1662,,,-23.6165525,-46.5932585,,,,1,2023-06-19T03:09:21+00:00
SAO_5032-10,São Paulo,3550308,True,,1662,,,-23.602233,-46.602855,,,,1,2023-06-19T03:09:17+00:00
SAO_N633-11,São Paulo,3550308,True,,2398,,,-23.646105499999997,-46.6450805,,,,1,2023-06-19T03:09:16+00:00
SAO_6063-43,São Paulo,3550308,True,,35248,,,-23.8149625,-46.669669,,,,2,2023-06-19T03:09:11+00:00
SAO_6063-43,São Paulo,3550308,True,,35248,,,-23.776175000000002,-46.69686,,,,2,2023-06-19T03:09:54+00:00
SAO_8705-51,São Paulo,3550308,True,,34858,,,-23.551243749999998,-46.757667999999995,,,,2,2023-06-19T03:09:38+00:00
SAO_8705-51,São Paulo,3550308,True,,34858,,,-23.544992,-46.7471585,,,,2,2023-06-19T03:09:19+00:00
SAO_8705-51,São Paulo,3550308,True,,34858,,,-23.569195999999998,-46.7148105,,,,2,2023-06-19T03:09:52+00:00
SAO_8705-51,São Paulo,3550308,True,,34858,,,-23.544992,-46.7471585,,,,2,2023-06-19T03:09:11+00:00
SAO_307C-10,São Paulo,3550308,True,,2114,,,-23.5403095,-46.483497,,,,1,2023-06-19T03:09:41+00:00
SAO_307C-10,São Paulo,3550308,True,,2114,,,-23.498873500000002,-46.467158999999995,,,,1,2023-06-19T03:09:28+00:00
SAO_3029-10,São Paulo,3550308,True,,33734,,,-23.539001250000002,-46.56878025,,,,2,2023-06-19T03:09:22+00:00
SAO_3029-10,São Paulo,3550308,True,,33734,,,-23.579853749999998,-46.510245499999996,,,,2,2023-06-19T03:09:21+00:00
SAO_3029-10,São Paulo,3550308,True,,33734,,,-23.585338999999998,-46.507191,,,,2,2023-06-19T03:09:28+00:00
SAO_3029-10,São Paulo,3550308,True,,33734,,,-23.5677895,-46.541187,,,,2,2023-06-19T03:09:49+00:00
SAO_3029-10,São Paulo,3550308,True,,33734,,,-23.585295,-46.5067185,,,,2,2023-06-19T03:09:31+00:00
SAO_695T-51,São Paulo,3550308,True,,34627,,,-23.654501,-46.76131049999999,,,,2,2023-06-19T03:09:09+00:00
SAO_695T-51,São Paulo,3550308,True,,34627,,,-23.6540245,-46.762589000000006,,,,2,2023-06-19T03:09:22+00:00
SAO_695T-51,São Paulo,3550308,True,,34627,,,-23.6293215,-46.686449999999994,,,,2,2023-06-19T03:09:53+00:00
SAO_3725-10,São Paulo,3550308,True,,33790,,,-23.533086,-46.530659,,,,2,2023-06-19T03:09:15+00:00
SAO_3051-10,São Paulo,3550308,True,,2446,,,-23.486919999999998,-46.482906,,,,1,2023-06-19T03:09:39+00:00
SAO_3732-10,São Paulo,3550308,True,,1029,,,-23.5498125,-46.436327500000004,,,,1,2023-06-19T03:09:39+00:00
SAO_3732-10,São Paulo,3550308,True,,1029,,,-23.539538,-46.4317025,,,,1,2023-06-19T03:09:30+00:00
SAO_3732-10,São Paulo,3550308,True,,1029,,,-23.5388555,-46.456513,,,,1,2023-06-19T03:09:13+00:00
SAO_3741-10,São Paulo,3550308,True,,1041,,,-23.551269625,-46.450650375,,,,1,2023-06-19T03:09:17+00:00
SAO_3741-10,São Paulo,3550308,True,,1041,,,-23.542065,-46.449332,,,,1,2023-06-19T03:09:24+00:00
SAO_3741-10,São Paulo,3550308,True,,1041,,,-23.551487375,-46.450802625,,,,1,2023-06-19T03:09:13+00:00
SAO_3741-10,São Paulo,3550308,True,,1041,,,-23.5464535,-46.448221,,,,1,2023-06-19T03:09:50+00:00
SAO_5108-10,São Paulo,3550308,True,,1675,,,-23.619120000000002,-46.6196675,,,,1,2023-06-19T03:09:44+00:00
SAO_6804-10,São Paulo,3550308,True,,32798,,,-23.6438405,-46.734286999999995,,,,2,2023-06-19T03:09:52+00:00
SAO_6804-10,São Paulo,3550308,True,,32798,,,-23.635654000000002,-46.747935999999996,,,,2,2023-06-19T03:09:14+00:00
SAO_6804-10,São Paulo,3550308,True,,32798,,,-23.641763750000003,-46.741470250000006,,,,2,2023-06-19T03:09:50+00:00
SAO_408A-10,São Paulo,3550308,True,,33534,,,-23.565851375,-46.632399375000006,,,,2,2023-06-19T03:09:26+00:00
SAO_408A-10,São Paulo,3550308,True,,33534,,,-23.56054725,-46.632771625000004,,,,2,2023-06-19T03:09:26+00:00
SAO_408A-10,São Paulo,3550308,True,,33534,,,-23.579829,-46.6329,,,,2,2023-06-19T03:09:42+00:00
SAO_364A-10,São Paulo,3550308,True,,1246,,,-23.5631475,-46.501079000000004,,,,1,2023-06-19T03:09:10+00:00
SAO_364A-10,São Paulo,3550308,True,,1246,,,-23.61236475,-46.501211749999996,,,,1,2023-06-19T03:09:15+00:00
SAO_364A-10,São Paulo,3550308,True,,1246,,,-23.58096,-46.561204000000004,,,,1,2023-06-19T03:09:10+00:00
SAO_364A-10,São Paulo,3550308,True,,1246,,,-23.6003265,-46.512518,,,,1,2023-06-19T03:09:34+00:00
SAO_7051-10,São Paulo,3550308,True,,34653,,,-23.6548705,-46.7842895,,,,2,2023-06-19T03:09:44+00:00
SAO_7051-10,São Paulo,3550308,True,,34653,,,-23.654968500000003,-46.784118,,,,2,2023-06-19T03:09:52+00:00
SAO_8400-10,São Paulo,3550308,True,,34033,,,-23.486277,-46.726815875,,,,2,2023-06-19T03:09:33+00:00
SAO_8400-10,São Paulo,3550308,True,,34033,,,-23.525633624999998,-46.679458375,,,,2,2023-06-19T03:09:43+00:00
SAO_8400-10,São Paulo,3550308,True,,34033,,,-23.486457,-46.7270195,,,,2,2023-06-19T03:09:12+00:00
SAO_8400-10,São Paulo,3550308,True,,34033,,,-23.49131775,-46.70986,,,,2,2023-06-19T03:09:39+00:00
SAO_8400-10,São Paulo,3550308,True,,34033,,,-23.4855005,-46.7258875,,,,2,2023-06-19T03:09:44+00:00
SAO_8400-10,São Paulo,3550308,True,,34033,,,-23.482115999999998,-46.718284,,,,2,2023-06-19T03:09:52+00:00
SAO_8400-10,São Paulo,3550308,True,,34033,,,-23.538497375,-46.647045625000004,,,,2,2023-06-19T03:09:50+00:00
SAO_4011-10,São Paulo,3550308,True,,2184,,,-23.622307,-46.4139265,,,,1,2023-06-19T03:09:21+00:00
SAO_4011-10,São Paulo,3550308,True,,2184,,,-23.598791499999997,-46.468892,,,,1,2023-06-19T03:09:36+00:00
SAO_139A-10,São Paulo,3550308,True,,2451,,,-23.510699,-46.705584,,,,1,2023-06-19T03:09:10+00:00
SAO_3112-10,São Paulo,3550308,True,,33848,,,-23.5885605,-46.5447815,,,,2,2023-06-19T03:09:38+00:00
SAO_3112-10,São Paulo,3550308,True,,33848,,,-23.5442665,-46.593436,,,,2,2023-06-19T03:09:43+00:00
SAO_3112-10,São Paulo,3550308,True,,33848,,,-23.610093499999998,-46.5294835,,,,2,2023-06-19T03:09:53+00:00
SAO_3112-10,São Paulo,3550308,True,,33848,,,-23.58010175,-46.58220025,,,,2,2023-06-19T03:09:30+00:00
SAO_2723-10,São Paulo,3550308,True,,33705,,,-23.514104500000002,-46.443832,,,,2,2023-06-19T03:09:35+00:00
SAO_2723-10,São Paulo,3550308,True,,33705,,,-23.4873525,-46.463664,,,,2,2023-06-19T03:09:27+00:00
SAO_2723-10,São Paulo,3550308,True,,33705,,,-23.4937895,-46.450446,,,,2,2023-06-19T03:09:21+00:00
SAO_576C-10,São Paulo,3550308,True,,34058,,,-23.650712374999998,-46.664342500000004,,,,2,2023-06-19T03:09:23+00:00
SAO_576C-10,São Paulo,3550308,True,,34058,,,-23.6542205,-46.710612,,,,2,2023-06-19T03:09:20+00:00
SAO_576C-10,São Paulo,3550308,True,,34058,,,-23.637947,-46.632115999999996,,,,2,2023-06-19T03:06:08+00:00
SAO_576C-10,São Paulo,3550308,True,,34058,,,-23.6377235,-46.63196,,,,2,2023-06-19T03:09:50+00:00
SAO_576C-10,São Paulo,3550308,True,,34058,,,-23.6468385,-46.645112,,,,2,2023-06-19T03:09:36+00:00
SAO_2704-10,São Paulo,3550308,True,,33684,,,-23.53944,-46.468723499999996,,,,2,2023-06-19T03:09:39+00:00
SAO_2704-10,São Paulo,3550308,True,,33684,,,-23.516465,-46.435456,,,,2,2023-06-19T03:09:20+00:00
SAO_2704-10,São Paulo,3550308,True,,33684,,,-23.526239,-46.409855500000006,,,,2,2023-06-19T03:09:17+00:00
SAO_2363-10,São Paulo,3550308,True,,135,,,-23.534750250000002,-46.56879275,,,,1,2023-06-19T03:09:12+00:00
SAO_273G-10,São Paulo,3550308,True,,32991,,,-23.481525249999997,-46.41659775,,,,2,2023-06-19T03:09:23+00:00
SAO_273G-10,São Paulo,3550308,True,,32991,,,-23.48150775,-46.41633925,,,,2,2023-06-19T03:09:45+00:00
SAO_273G-10,São Paulo,3550308,True,,32991,,,-23.506502125,-46.477052750000006,,,,2,2023-06-19T03:09:49+00:00
SAO_2016-10,São Paulo,3550308,True,,902,,,-23.496955,-46.437329,,,,1,2023-06-19T03:09:46+00:00
SAO_2016-10,São Paulo,3550308,True,,902,,,-23.4920125,-46.3877055,,,,1,2023-06-19T03:09:06+00:00
SAO_2016-10,São Paulo,3550308,True,,902,,,-23.496955,-46.437329,,,,1,2023-06-19T03:09:23+00:00
SAO_3025-10,São Paulo,3550308,True,,33729,,,-23.576728250000002,-46.3977455,,,,2,2023-06-19T03:09:18+00:00
SAO_3025-10,São Paulo,3550308,True,,33729,,,-23.559344000000003,-46.411618000000004,,,,2,2023-06-19T03:09:18+00:00
SAO_9020-10,São Paulo,3550308,True,,1434,,,-23.4866665,-46.7276625,,,,1,2023-06-19T03:09:12+00:00
SAO_775V-10,São Paulo,3550308,True,,33243,,,-23.566626,-46.753339,,,,2,2023-06-19T03:09:19+00:00
SAO_775V-10,São Paulo,3550308,True,,33243,,,-23.571330625,-46.708110749999996,,,,2,2023-06-19T03:09:24+00:00
SAO_775V-10,São Paulo,3550308,True,,33243,,,-23.568810999999997,-46.75665,,,,2,2023-06-19T03:09:21+00:00
SAO_7458-10,São Paulo,3550308,True,,33264,,,-23.579282749999997,-46.791520750000004,,,,2,2023-06-19T03:09:53+00:00
SAO_7001-10,São Paulo,3550308,True,,1722,,,-23.7280565,-46.7610345,,,,1,2023-06-19T03:07:10+00:00
SAO_7001-10,São Paulo,3550308,True,,1722,,,-23.7247405,-46.7552985,,,,1,2023-06-19T03:09:15+00:00
SAO_7001-10,São Paulo,3550308,True,,1722,,,-23.6894615,-46.77340325,,,,1,2023-06-19T03:09:40+00:00
SAO_7001-10,São Paulo,3550308,True,,1722,,,-23.7247405,-46.7552985,,,,1,2023-06-19T03:09:24+00:00
SAO_9785-10,São Paulo,3550308,True,,33596,,,-23.508477874999997,-46.6791045625,,,,2,2023-06-19T03:09:14+00:00
SAO_9785-10,São Paulo,3550308,True,,33596,,,-23.471965,-46.6916,,,,2,2023-06-19T03:09:35+00:00
SAO_6017-10,São Paulo,3550308,True,,33974,,,-23.683030000000002,-46.7687525,,,,2,2023-06-19T03:09:31+00:00
SAO_6092-10,São Paulo,3550308,True,,1177,,,-23.737362,-46.6973265,,,,1,2023-06-19T03:09:43+00:00
SAO_3001-10,São Paulo,3550308,True,,34418,,,-23.4950835,-46.436251999999996,,,,2,2023-06-19T03:09:47+00:00
SAO_513C-10,São Paulo,3550308,True,,35303,,,-23.6115,-46.4733145,,,,2,2023-06-19T03:09:36+00:00
SAO_372F-10,São Paulo,3550308,True,,1015,,,-23.546568,-46.605794,,,,1,2023-06-19T03:09:41+00:00
SAO_1036-10,São Paulo,3550308,True,,2453,,,-23.455265,-46.7126435,,,,1,2023-06-19T03:09:15+00:00
SAO_1036-10,São Paulo,3550308,True,,2453,,,-23.447775,-46.708842000000004,,,,1,2023-06-19T03:09:32+00:00
SAO_1036-10,São Paulo,3550308,True,,2453,,,-23.485937,-46.710612499999996,,,,1,2023-06-19T03:09:11+00:00
SAO_2031-10,São Paulo,3550308,True,,33135,,,-23.50574925,-46.37263675,,,,2,2023-06-19T03:09:23+00:00
SAO_2031-10,São Paulo,3550308,True,,33135,,,-23.50584575,-46.37234624999999,,,,2,2023-06-19T03:09:28+00:00
SAO_208M-10,São Paulo,3550308,True,,2478,,,-23.501627499999998,-46.6245885,,,,1,2023-06-19T03:09:15+00:00
SAO_637R-10,São Paulo,3550308,True,,32964,,,-23.71969,-46.7694645,,,,2,2023-06-19T03:09:34+00:00
SAO_637R-10,São Paulo,3550308,True,,32964,,,-23.7003635,-46.781335,,,,2,2023-06-19T03:09:48+00:00
SAO_637R-10,São Paulo,3550308,True,,32964,,,-23.720212500000002,-46.769873624999995,,,,2,2023-06-19T03:09:51+00:00
SAO_637R-10,São Paulo,3550308,True,,32964,,,-23.719981500000003,-46.769767374999994,,,,2,2023-06-19T03:09:19+00:00
SAO_637R-10,São Paulo,3550308,True,,32964,,,-23.669746,-46.73697725,,,,2,2023-06-19T03:09:39+00:00
SAO_407F-10,São Paulo,3550308,True,,34935,,,-23.612371,-46.47622,,,,2,2023-06-19T03:09:25+00:00
SAO_407F-10,São Paulo,3550308,True,,34935,,,-23.546163749999998,-46.586824750000005,,,,2,2023-06-19T03:09:45+00:00
SAO_407F-10,São Paulo,3550308,True,,34935,,,-23.579436875,-46.503225375,,,,2,2023-06-19T03:09:13+00:00
SAO_5091-10,São Paulo,3550308,True,,1523,,,-23.693848,-46.657178,,,,1,2023-06-19T03:09:31+00:00
SAO_5091-10,São Paulo,3550308,True,,1523,,,-23.6473705,-46.640046999999996,,,,1,2023-06-19T03:09:18+00:00
SAO_129F-10,São Paulo,3550308,True,,35072,,,-23.4900875,-46.6986255,,,,2,2023-06-19T03:09:51+00:00
SAO_129F-10,São Paulo,3550308,True,,35072,,,-23.490185,-46.698744500000004,,,,2,2023-06-19T03:09:39+00:00
SAO_129F-10,São Paulo,3550308,True,,35072,,,-23.490247500000002,-46.698889,,,,2,2023-06-19T03:09:34+00:00
SAO_7022-10,São Paulo,3550308,True,,34852,,,-23.6852245,-46.7751985,,,,2,2023-06-19T03:09:46+00:00
SAO_7022-10,São Paulo,3550308,True,,34852,,,-23.670181999999997,-46.764212,,,,2,2023-06-19T03:09:34+00:00
SAO_857P-10,São Paulo,3550308,True,,1926,,,-23.5649485,-46.679060250000006,,,,1,2023-06-19T03:09:49+00:00
SAO_857P-10,São Paulo,3550308,True,,1926,,,-23.59685225,-46.739891875,,,,1,2023-06-19T03:09:42+00:00
SAO_857P-10,São Paulo,3550308,True,,1926,,,-23.6312955,-46.773033999999996,,,,1,2023-06-19T03:09:29+00:00
SAO_1742-10,São Paulo,3550308,True,EMTU,542,https://moovitapp.com/index/pt-br/transporte_p%C3%BAblico-line-542-Sao_Paulo-242-2038937-59914572-0,5.4,-23.4568285,-46.658956,,,,1,2023-06-19T03:09:45+00:00
SAO_1742-10,São Paulo,3550308,True,EMTU,542,https://moovitapp.com/index/pt-br/transporte_p%C3%BAblico-line-542-Sao_Paulo-242-2038937-59914572-0,5.4,-23.457141,-46.661782,,,,1,2023-06-19T03:09:43+00:00
SAO_3901-10,São Paulo,3550308,True,,34237,,,-23.5223415,-46.537504,,,,2,2023-06-19T03:09:28+00:00
SAO_3901-10,São Paulo,3550308,True,,34237,,,-23.4987395,-46.50209475,,,,2,2023-06-19T03:09:14+00:00
SAO_8594-10,São Paulo,3550308,True,,33200,,,-23.5463265,-46.639084,,,,2,2023-06-19T03:09:24+00:00
SAO_8594-10,São Paulo,3550308,True,,33200,,,-23.5011145,-46.7063615,,,,2,2023-06-19T03:09:17+00:00
SAO_8594-10,São Paulo,3550308,True,,33200,,,-23.451815,-46.7463895,,,,2,2023-06-19T03:09:09+00:00
SAO_8594-10,São Paulo,3550308,True,,33200,,,-23.448747,-46.734024500000004,,,,2,2023-06-19T03:09:19+00:00
SAO_8594-10,São Paulo,3550308,True,,33200,,,-23.45461375,-46.74151975,,,,2,2023-06-19T03:09:48+00:00
SAO_8594-10,São Paulo,3550308,True,,33200,,,-23.4805955,-46.718516,,,,2,2023-06-19T03:09:16+00:00
SAO_8594-10,São Paulo,3550308,True,,33200,,,-23.451815,-46.7463895,,,,2,2023-06-19T03:09:14+00:00
SAO_6074-10,São Paulo,3550308,True,,33929,,,-23.745153875,-46.666516875,,,,2,2023-06-19T03:09:32+00:00
SAO_6074-10,São Paulo,3550308,True,,33929,,,-23.722078,-46.692443499999996,,,,2,2023-06-19T03:09:50+00:00
SAO_6074-10,São Paulo,3550308,True,,33929,,,-23.74473,-46.6902285,,,,2,2023-06-19T03:09:45+00:00
SAO_6059-10,São Paulo,3550308,True,,33994,,,-23.678835499999998,-46.741802,,,,2,2023-06-19T03:09:14+00:00
SAO_1745-10,São Paulo,3550308,True,,546,,,-23.4976185,-46.642165250000005,,,,1,2023-06-19T03:09:47+00:00
SAO_5175-10,São Paulo,3550308,True,,593,,,-23.57539775,-46.657210750000004,,,,1,2023-06-19T03:09:26+00:00
SAO_5175-10,São Paulo,3550308,True,,593,,,-23.6602855,-46.679439,,,,1,2023-06-19T03:09:17+00:00
SAO_5175-10,São Paulo,3550308,True,,593,,,-23.6931965,-46.6449845,,,,1,2023-06-19T03:09:16+00:00
SAO_5011-10,São Paulo,3550308,True,,33883,,,-23.697807,-46.648238500000005,,,,2,2023-06-19T03:09:42+00:00
SAO_5011-10,São Paulo,3550308,True,,33883,,,-23.706204,-46.641568,,,,2,2023-06-19T03:08:21+00:00
SAO_6820-10,São Paulo,3550308,True,,32787,,,-23.6539115,-46.762288,,,,2,2023-06-19T03:09:47+00:00
SAO_6820-10,São Paulo,3550308,True,,32787,,,-23.658609,-46.78921425,,,,2,2023-06-19T03:09:17+00:00
SAO_148P-10,São Paulo,3550308,True,EMTU,534,https://moovitapp.com/index/pt-br/transporte_p%C3%BAblico-line-534-Sao_Paulo-242-2038937-36419546-0,6.3,-23.514358375,-46.655521625000006,,,,1,2023-06-19T03:09:35+00:00
SAO_148P-10,São Paulo,3550308,True,EMTU,534,https://moovitapp.com/index/pt-br/transporte_p%C3%BAblico-line-534-Sao_Paulo-242-2038937-36419546-0,6.3,-23.47627,-46.663216500000004,,,,1,2023-06-19T03:09:36+00:00
SAO_607A-10,São Paulo,3550308,True,,2139,,,-23.660861000000004,-46.71707725,,,,1,2023-06-19T03:09:35+00:00
SAO_607A-10,São Paulo,3550308,True,,2139,,,-23.6966135,-46.6691505,,,,1,2023-06-19T03:09:20+00:00
SAO_5164-41,São Paulo,3550308,True,,34385,,,-23.64478225,-46.6356205,,,,2,2023-06-19T03:09:16+00:00
SAO_3390-10,São Paulo,3550308,True,,738,,,-23.547011,-46.62953,,,,1,2023-06-19T03:09:48+00:00
SAO_3390-10,São Paulo,3550308,True,,738,,,-23.562254,-46.6215545,,,,1,2023-06-19T03:09:09+00:00
SAO_609F-10,São Paulo,3550308,True,BR7 Mobilidade,37,https://moovitapp.com/index/pt-br/transporte_p%C3%BAblico-line-37-Sao_Paulo-242-851856-596010-0,5.75,-23.6680755,-46.748797,,,,1,2023-06-19T03:09:46+00:00
SAO_609F-10,São Paulo,3550308,True,BR7 Mobilidade,37,https://moovitapp.com/index/pt-br/transporte_p%C3%BAblico-line-37-Sao_Paulo-242-851856-596010-0,5.75,-23.644361,-46.72532150000001,,,,1,2023-06-19T03:09:25+00:00
SAO_609F-10,São Paulo,3550308,True,BR7 Mobilidade,37,https://moovitapp.com/index/pt-br/transporte_p%C3%BAblico-line-37-Sao_Paulo-242-851856-596010-0,5.75,-23.54242725,-46.634733,,,,1,2023-06-19T03:09:53+00:00
SAO_3768-10,São Paulo,3550308,True,,33824,,,-23.586175500000003,-46.3863525,,,,2,2023-06-19T03:09:37+00:00
SAO_3768-10,São Paulo,3550308,True,,33824,,,-23.56441925,-46.4069975,,,,2,2023-06-19T03:09:11+00:00
SAO_3768-10,São Paulo,3550308,True,,33824,,,-23.540713,-46.4322815,,,,2,2023-06-19T03:09:39+00:00
SAO_5752-10,São Paulo,3550308,True,,1287,,,-23.6350185,-46.6409525,,,,1,2023-06-19T03:09:08+00:00
SAO_5752-10,São Paulo,3550308,True,,1287,,,-23.6908765,-46.650728,,,,1,2023-06-19T03:09:41+00:00
SAO_5752-10,São Paulo,3550308,True,,1287,,,-23.668149999999997,-46.6675735,,,,1,2023-06-19T03:09:27+00:00
SAO_874T-10,São Paulo,3550308,True,,33075,,,-23.577496,-46.600854,,,,2,2023-06-19T03:09:14+00:00
SAO_874T-10,São Paulo,3550308,True,,33075,,,-23.53208,-46.661072000000004,,,,2,2023-06-19T03:09:42+00:00
SAO_874T-10,São Paulo,3550308,True,,33075,,,-23.577717375,-46.60089,,,,2,2023-06-19T03:09:43+00:00
SAO_2004-10,São Paulo,3550308,True,,892,,,-23.53008775,-46.3952355,,,,1,2023-06-19T03:08:25+00:00
SAO_778J-10,São Paulo,3550308,True,,33276,,,-23.5686565,-46.7501675,,,,2,2023-06-19T03:09:28+00:00
SAO_778J-10,São Paulo,3550308,True,,33276,,,-23.571224,-46.700306,,,,2,2023-06-19T03:09:41+00:00
SAO_778J-10,São Paulo,3550308,True,,33276,,,-23.586923,-46.7897105,,,,2,2023-06-19T03:09:28+00:00
SAO_3735-41,São Paulo,3550308,True,,34688,,,-23.5479385,-46.490737499999994,,,,2,2023-06-19T03:09:31+00:00
SAO_574W-10,São Paulo,3550308,True,,1629,,,-23.5901275,-46.519707999999994,,,,1,2023-06-19T03:09:31+00:00
SAO_574W-10,São Paulo,3550308,True,,1629,,,-23.616037749999997,-46.4815865,,,,1,2023-06-19T03:09:21+00:00
SAO_574W-10,São Paulo,3550308,True,,1629,,,-23.553452749999998,-46.578683,,,,1,2023-06-19T03:09:15+00:00
SAO_8055-51,São Paulo,3550308,True,EMTU,417,https://moovitapp.com/index/pt-br/transporte_p%C3%BAblico-line-417-Sao_Paulo-242-2038937-36419474-0,5.2,-23.4053045,-46.7525755,,,,1,2023-06-19T03:09:40+00:00
SAO_8055-51,São Paulo,3550308,True,EMTU,417,https://moovitapp.com/index/pt-br/transporte_p%C3%BAblico-line-417-Sao_Paulo-242-2038937-36419474-0,5.2,-23.526571,-46.668458,,,,1,2023-06-19T03:09:06+00:00
SAO_3742-10,São Paulo,3550308,True,,33810,,,-23.6009285,-46.437212,,,,2,2023-06-19T03:09:42+00:00
SAO_3742-10,São Paulo,3550308,True,,33810,,,-23.541641750000004,-46.4576865,,,,2,2023-06-19T03:09:44+00:00
SAO_3032-10,São Paulo,3550308,True,,33488,,,-23.554796500000002,-46.497187499999995,,,,2,2023-06-19T03:09:34+00:00
SAO_675R-10,São Paulo,3550308,True,,109,,,-23.73857125,-46.68591525,,,,1,2023-06-19T03:09:51+00:00
SAO_675R-10,São Paulo,3550308,True,,109,,,-23.676523,-46.6797635,,,,1,2023-06-19T03:09:14+00:00
SAO_271C-10,São Paulo,3550308,True,,33450,,,-23.523229999999998,-46.583715,,,,2,2023-06-19T03:09:24+00:00
SAO_271C-10,São Paulo,3550308,True,,33450,,,-23.505000000000003,-46.572804000000005,,,,2,2023-06-19T03:09:36+00:00
SAO_6042-22,São Paulo,3550308,True,,35258,,,-23.671030000000002,-46.758897,,,,2,2023-06-19T03:09:33+00:00
SAO_6042-22,São Paulo,3550308,True,,35258,,,-23.668397,-46.7730955,,,,2,2023-06-19T03:09:52+00:00
SAO_5701-10,São Paulo,3550308,True,,1136,,,-23.6205615,-46.6972745,,,,1,2023-06-19T03:09:49+00:00
SAO_5701-10,São Paulo,3550308,True,,1136,,,-23.651205875000002,-46.65279925,,,,1,2023-06-19T03:09:14+00:00
SAO_2726-10,São Paulo,3550308,True,Urubupungá,940,https://moovitapp.com/index/pt-br/transporte_p%C3%BAblico-line-940-Sao_Paulo-242-873835-496474-0,4.6,-23.510348,-46.504578,,,,1,2023-06-19T03:09:40+00:00
SAO_2726-10,São Paulo,3550308,True,Urubupungá,940,https://moovitapp.com/index/pt-br/transporte_p%C3%BAblico-line-940-Sao_Paulo-242-873835-496474-0,4.6,-23.52491,-46.54586,,,,1,2023-06-19T03:09:24+00:00
SAO_3743-10,São Paulo,3550308,True,,1043,,,-23.591037875,-46.48938375,,,,1,2023-06-19T03:09:46+00:00
SAO_3743-10,São Paulo,3550308,True,,1043,,,-23.5424675,-46.470273500000005,,,,1,2023-06-19T03:09:38+00:00
SAO_3099-10,São Paulo,3550308,True,,1079,,,-23.614688,-46.458029749999994,,,,1,2023-06-19T03:09:47+00:00
SAO_3099-10,São Paulo,3550308,True,,1079,,,-23.6126845,-46.4445915,,,,1,2023-06-19T03:09:47+00:00
SAO_2023-10,São Paulo,3550308,True,,2260,,,-23.418993999999998,-46.5864655,,,,1,2023-06-19T03:09:18+00:00
SAO_2023-10,São Paulo,3550308,True,,2260,,,-23.457352999999998,-46.602538499999994,,,,1,2023-06-19T03:09:49+00:00
SAO_6039-21,São Paulo,3550308,True,,35261,,,-23.654369000000003,-46.762426500000004,,,,2,2023-06-19T03:09:35+00:00
SAO_6036-10,São Paulo,3550308,True,,33982,,,-23.65385975,-46.79008575,,,,2,2023-06-19T03:09:28+00:00
SAO_6036-10,São Paulo,3550308,True,,33982,,,-23.64483,-46.779506500000004,,,,2,2023-06-19T03:09:47+00:00
SAO_6036-10,São Paulo,3550308,True,,33982,,,-23.65385975,-46.79008575,,,,2,2023-06-19T03:09:39+00:00
SAO_6036-10,São Paulo,3550308,True,,33982,,,-23.65385975,-46.79008575,,,,2,2023-06-19T03:09:31+00:00
SAO_6036-10,São Paulo,3550308,True,,33982,,,-23.6497485,-46.7062485,,,,2,2023-06-19T03:09:39+00:00
SAO_6036-10,São Paulo,3550308,True,,33982,,,-23.652019250000002,-46.717053,,,,2,2023-06-19T03:09:41+00:00
SAO_6036-10,São Paulo,3550308,True,,33982,,,-23.6497485,-46.7062485,,,,2,2023-06-19T03:09:12+00:00
SAO_6036-10,São Paulo,3550308,True,,33982,,,-23.65385975,-46.79008575,,,,2,2023-06-19T03:09:24+00:00
SAO_7053-22,São Paulo,3550308,True,,34664,,,-23.640479,-46.781559,,,,2,2023-06-19T03:09:16+00:00
SAO_3019-10,São Paulo,3550308,True,,957,,,-23.57862575,-46.4069535,,,,1,2023-06-19T03:09:48+00:00
SAO_5029-10,São Paulo,3550308,True,,34440,,,-23.6284755,-46.5863025,,,,2,2023-06-19T03:09:52+00:00
SAO_407I-21,São Paulo,3550308,True,,2519,,,-23.542726000000002,-46.485018999999994,,,,1,2023-06-19T03:09:15+00:00
SAO_407I-21,São Paulo,3550308,True,,2519,,,-23.540302,-46.540602,,,,1,2023-06-19T03:09:37+00:00
SAO_775A-10,São Paulo,3550308,True,,33241,,,-23.571717875,-46.706899500000006,,,,2,2023-06-19T03:09:32+00:00
SAO_775A-10,São Paulo,3550308,True,,33241,,,-23.581154499999997,-46.68479375,,,,2,2023-06-19T03:09:42+00:00
SAO_2551-10,São Paulo,3550308,True,EMTU,141,https://moovitapp.com/index/pt-br/transporte_p%C3%BAblico-line-141-Sao_Paulo-242-2038937-36419292-0,8.15,-23.5342615,-46.567837,,,,1,2023-06-19T03:09:44+00:00
SAO_2182-10,São Paulo,3550308,True,,33468,,,-23.543393625,-46.617332250000004,,,,2,2023-06-19T03:09:34+00:00
SAO_2182-10,São Paulo,3550308,True,,33468,,,-23.4819775,-46.571059500000004,,,,2,2023-06-19T03:09:32+00:00
SAO_675I-10,São Paulo,3550308,True,BR7 Mobilidade,68,https://moovitapp.com/index/pt-br/transporte_p%C3%BAblico-line-68-Sao_Paulo-242-851856-560661-0,5.75,-23.618480625,-46.64832787500001,,,,1,2023-06-19T03:09:18+00:00
SAO_675I-10,São Paulo,3550308,True,BR7 Mobilidade,68,https://moovitapp.com/index/pt-br/transporte_p%C3%BAblico-line-68-Sao_Paulo-242-851856-560661-0,5.75,-23.629392,-46.689461875,,,,1,2023-06-19T03:09:53+00:00
SAO_1738-10,São Paulo,3550308,True,,672,,,-23.498307,-46.611515,,,,1,2023-06-19T03:09:41+00:00
SAO_6120-10,São Paulo,3550308,True,,1189,,,-23.737678250000002,-46.692834,,,,1,2023-06-19T03:09:32+00:00
SAO_373M-10,São Paulo,3550308,True,EMTU,281,https://moovitapp.com/index/pt-br/transporte_p%C3%BAblico-line-281-Sao_Paulo-242-2038937-36419383-0,6.25,-23.601646000000002,-46.539491,,,,1,2023-06-19T03:09:52+00:00
SAO_373M-10,São Paulo,3550308,True,EMTU,281,https://moovitapp.com/index/pt-br/transporte_p%C3%BAblico-line-281-Sao_Paulo-242-2038937-36419383-0,6.25,-23.590151249999998,-46.574535499999996,,,,1,2023-06-19T03:09:15+00:00
SAO_9181-10,São Paulo,3550308,True,,33653,,,-23.457219000000002,-46.696751,,,,2,2023-06-19T03:09:28+00:00
SAO_9181-10,São Paulo,3550308,True,,33653,,,-23.470041625,-46.68390050000001,,,,2,2023-06-19T03:09:22+00:00
SAO_9181-10,São Paulo,3550308,True,,33653,,,-23.506533875000002,-46.689030375,,,,2,2023-06-19T03:09:27+00:00
SAO_1024-10,São Paulo,3550308,True,,2302,,,-23.48888,-46.698154,,,,1,2023-06-19T03:09:42+00:00
SAO_1024-10,São Paulo,3550308,True,,2302,,,-23.4574625,-46.69961,,,,1,2023-06-19T03:09:39+00:00
SAO_2740-10,São Paulo,3550308,True,,1792,,,-23.458323999999998,-46.609674,,,,1,2023-06-19T03:09:51+00:00
SAO_5028-10,São Paulo,3550308,True,,1634,,,-23.597907375,-46.60974925,,,,1,2023-06-19T03:09:26+00:00
SAO_695Y-10,São Paulo,3550308,True,,1198,,,-23.765209499999997,-46.71674,,,,1,2023-06-19T03:09:13+00:00
SAO_695Y-10,São Paulo,3550308,True,,1198,,,-23.716451499999998,-46.699146999999996,,,,1,2023-06-19T03:09:37+00:00
SAO_695Y-10,São Paulo,3550308,True,,1198,,,-23.637275250000002,-46.693982500000004,,,,1,2023-06-19T03:09:35+00:00
SAO_695Y-10,São Paulo,3550308,True,,1198,,,-23.7740245,-46.72119075,,,,1,2023-06-19T03:09:41+00:00
SAO_695Y-10,São Paulo,3550308,True,,1198,,,-23.827535500000003,-46.7273075,,,,1,2023-06-19T03:09:49+00:00
SAO_4718-10,São Paulo,3550308,True,,33104,,,-23.6365795,-46.6143965,,,,2,2023-06-19T03:09:34+00:00
SAO_847J-21,São Paulo,3550308,True,,2487,,,-23.444015999999998,-46.735533000000004,,,,1,2023-06-19T03:09:33+00:00
SAO_847J-21,São Paulo,3550308,True,,2487,,,-23.5197615,-46.7000465,,,,1,2023-06-19T03:09:23+00:00
SAO_847J-21,São Paulo,3550308,True,,2487,,,-23.520361,-46.699228,,,,1,2023-06-19T03:09:25+00:00
SAO_6035-10,São Paulo,3550308,True,,1213,,,-23.72062,-46.7558005,,,,1,2023-06-19T03:09:31+00:00
SAO_6035-10,São Paulo,3550308,True,,1213,,,-23.665815000000002,-46.7117615,,,,1,2023-06-19T03:09:19+00:00
SAO_6035-10,São Paulo,3550308,True,,1213,,,-23.72062,-46.7558005,,,,1,2023-06-19T03:09:35+00:00
SAO_4053-10,São Paulo,3550308,True,,2146,,,-23.5590895,-46.399975,,,,1,2023-06-19T03:09:53+00:00
SAO_4053-10,São Paulo,3550308,True,,2146,,,-23.5590895,-46.399975,,,,1,2023-06-19T03:08:34+00:00
SAO_4053-10,São Paulo,3550308,True,,2146,,,-23.5529695,-46.3943265,,,,1,2023-06-19T03:09:08+00:00
SAO_314J-10,São Paulo,3550308,True,,33078,,,-23.6141705,-46.51755300000001,,,,2,2023-06-19T03:09:24+00:00
SAO_314J-10,São Paulo,3550308,True,,33078,,,-23.596648000000002,-46.567818,,,,2,2023-06-19T03:09:17+00:00
SAO_517J-10,São Paulo,3550308,True,,1129,,,-23.6743265,-46.6630485,,,,1,2023-06-19T03:09:32+00:00
SAO_517J-10,São Paulo,3550308,True,,1129,,,-23.690821999999997,-46.655268,,,,1,2023-06-19T03:09:33+00:00
SAO_517J-10,São Paulo,3550308,True,,1129,,,-23.686838,-46.6560775,,,,1,2023-06-19T03:01:00+00:00
SAO_8400-10,São Paulo,3550308,True,,1265,,,-23.5065825,-46.7060185,,,,1,2023-06-19T03:09:49+00:00
SAO_8400-10,São Paulo,3550308,True,,1265,,,-23.486825,-46.7261205,,,,1,2023-06-19T03:09:38+00:00
SAO_2702-10,São Paulo,3550308,True,,914,,,-23.495735500000002,-46.4447775,,,,1,2023-06-19T03:09:18+00:00
SAO_2702-10,São Paulo,3550308,True,,914,,,-23.539938499999998,-46.482815,,,,1,2023-06-19T03:09:09+00:00
SAO_971X-10,São Paulo,3550308,True,,1695,,,-23.50032625,-46.62695925,,,,1,2023-06-19T03:09:09+00:00
SAO_6836-10,São Paulo,3550308,True,,32781,,,-23.653187625,-46.73823987499999,,,,2,2023-06-19T03:09:37+00:00
SAO_6836-10,São Paulo,3550308,True,,32781,,,-23.6436575,-46.734001,,,,2,2023-06-19T03:09:52+00:00
SAO_2363-10,São Paulo,3550308,True,,32903,,,-23.498963500000002,-46.501861500000004,,,,2,2023-06-19T03:09:48+00:00
SAO_2363-10,São Paulo,3550308,True,,32903,,,-23.498963500000002,-46.501861500000004,,,,2,2023-06-19T03:08:38+00:00
SAO_2363-10,São Paulo,3550308,True,,32903,,,-23.5352075,-46.575731000000005,,,,2,2023-06-19T03:09:49+00:00
SAO_2363-10,São Paulo,3550308,True,,32903,,,-23.4987395,-46.50209475,,,,2,2023-06-19T03:09:20+00:00
SAO_509J-10,São Paulo,3550308,True,EMTU,264,https://moovitapp.com/index/pt-br/transporte_p%C3%BAblico-line-264-Sao_Paulo-242-2038937-36419374-0,6.2,-23.602688999999998,-46.660934749999996,,,,1,2023-06-19T03:09:43+00:00
SAO_509J-10,São Paulo,3550308,True,EMTU,264,https://moovitapp.com/index/pt-br/transporte_p%C3%BAblico-line-264-Sao_Paulo-242-2038937-36419374-0,6.2,-23.6673895,-46.674060499999996,,,,1,2023-06-19T03:09:41+00:00
SAO_211L-10,São Paulo,3550308,True,,2265,,,-23.5199865,-46.701155,,,,1,2023-06-19T03:09:46+00:00
SAO_211L-10,São Paulo,3550308,True,,2265,,,-23.4793105,-46.627995,,,,1,2023-06-19T03:09:45+00:00
SAO_4742-10,São Paulo,3550308,True,EMTU,342,https://moovitapp.com/index/pt-br/transporte_p%C3%BAblico-line-342-Sao_Paulo-242-2038937-36419426-0,7.55,-23.6469275,-46.6113675,,,,1,2023-06-19T03:09:26+00:00
SAO_2740-10,São Paulo,3550308,True,,34560,,,-23.458359,-46.606503000000004,,,,2,2023-06-19T03:09:13+00:00
SAO_2740-10,São Paulo,3550308,True,,34560,,,-23.4580645,-46.6433105,,,,2,2023-06-19T03:09:39+00:00
SAO_2740-10,São Paulo,3550308,True,,34560,,,-23.4762675,-46.6090345,,,,2,2023-06-19T03:09:47+00:00
SAO_6010-10,São Paulo,3550308,False,,1202,,,-23.693805,-46.7944445,,,,1,2023-06-19T03:09:50+00:00
SAO_6010-10,São Paulo,3550308,True,,1202,,,-23.660277999999998,-46.768888000000004,,,,1,2023-06-19T03:09:11+00:00
SAO_6010-10,São Paulo,3550308,True,,1202,,,-23.6938785,-46.7945825,,,,1,2023-06-19T03:09:36+00:00
SAO_6010-10,São Paulo,3550308,True,,1202,,,-23.66411325,-46.748219,,,,1,2023-06-19T03:09:13+00:00
SAO_6262-10,São Paulo,3550308,True,,34139,,,-23.530085375,-46.731711000000004,,,,2,2023-06-19T03:09:09+00:00
SAO_6262-10,São Paulo,3550308,True,,34139,,,-23.530733,-46.7311055,,,,2,2023-06-19T03:07:44+00:00
SAO_1178-10,São Paulo,3550308,True,,132,,,-23.504322000000002,-46.433214,,,,1,2023-06-19T03:09:37+00:00
SAO_1178-10,São Paulo,3550308,True,,132,,,-23.4999415,-46.519906000000006,,,,1,2023-06-19T03:09:53+00:00
SAO_1178-10,São Paulo,3550308,True,,132,,,-23.5033495,-46.471968000000004,,,,1,2023-06-19T03:09:46+00:00
SAO_1178-10,São Paulo,3550308,True,,132,,,-23.497683249999998,-46.43229025,,,,1,2023-06-19T03:07:39+00:00
SAO_775F-10,São Paulo,3550308,True,,796,,,-23.6090035,-46.747795249999996,,,,1,2023-06-19T03:09:44+00:00
SAO_775F-10,São Paulo,3550308,True,,796,,,-23.6254505,-46.7479555,,,,1,2023-06-19T03:09:15+00:00
SAO_6076-10,São Paulo,3550308,True,,33933,,,-23.7373145,-46.6878895,,,,2,2023-06-19T03:09:53+00:00
SAO_6076-10,São Paulo,3550308,True,,33933,,,-23.674288625,-46.715904625,,,,2,2023-06-19T03:09:38+00:00
SAO_2722-31,São Paulo,3550308,True,,33704,,,-23.49674925,-46.49165375,,,,2,2023-06-19T03:09:48+00:00
SAO_2722-31,São Paulo,3550308,True,,33704,,,-23.529042,-46.5171655,,,,2,2023-06-19T03:09:16+00:00
SAO_7017-10,São Paulo,3550308,True,,35270,,,-23.671259499999998,-46.7730185,,,,2,2023-06-19T03:09:20+00:00
SAO_5611-10,São Paulo,3550308,True,EMTU,598,https://moovitapp.com/index/pt-br/transporte_p%C3%BAblico-line-598-Sao_Paulo-242-2038937-36419579-0,7.05,-23.6956535,-46.651086,,,,1,2023-06-19T03:09:29+00:00
SAO_5611-10,São Paulo,3550308,True,EMTU,598,https://moovitapp.com/index/pt-br/transporte_p%C3%BAblico-line-598-Sao_Paulo-242-2038937-36419579-0,7.05,-23.644821,-46.672793999999996,,,,1,2023-06-19T03:09:38+00:00
SAO_5611-10,São Paulo,3550308,True,EMTU,598,https://moovitapp.com/index/pt-br/transporte_p%C3%BAblico-line-598-Sao_Paulo-242-2038937-36419579-0,7.05,-23.702534,-46.645044999999996,,,,1,2023-06-19T03:09:12+00:00
SAO_507T-10,São Paulo,3550308,True,,34976,,,-23.6139655,-46.5015435,,,,2,2023-06-19T03:09:29+00:00
SAO_507T-10,São Paulo,3550308,True,,34976,,,-23.587030499999997,-46.5169335,,,,2,2023-06-19T03:09:52+00:00
SAO_3795-10,São Paulo,3550308,True,,33841,,,-23.558577999999997,-46.4458485,,,,2,2023-06-19T03:09:50+00:00
SAO_3795-10,São Paulo,3550308,True,,33841,,,-23.560135000000002,-46.4161655,,,,2,2023-06-19T03:09:10+00:00
SAO_3795-10,São Paulo,3550308,True,,33841,,,-23.560135000000002,-46.4161655,,,,2,2023-06-19T03:09:32+00:00
SAO_8002-10,São Paulo,3550308,True,,1252,,,-23.485778,-46.725765,,,,1,2023-06-19T03:09:09+00:00
SAO_8002-10,São Paulo,3550308,True,,1252,,,-23.49942275,-46.738819750000005,,,,1,2023-06-19T03:09:21+00:00
SAO_373M-10,São Paulo,3550308,True,,33049,,,-23.583471000000003,-46.586447,,,,2,2023-06-19T03:09:37+00:00
SAO_5010-10,São Paulo,3550308,True,,1114,,,-23.6430315,-46.672696,,,,1,2023-06-19T03:09:52+00:00
SAO_5010-10,São Paulo,3550308,True,,1114,,,-23.653077500000002,-46.688741500000006,,,,1,2023-06-19T03:04:41+00:00
SAO_5010-10,São Paulo,3550308,True,,1114,,,-23.6472645,-46.6398295,,,,1,2023-06-19T03:09:46+00:00
SAO_5705-10,São Paulo,3550308,True,,1657,,,-23.602926,-46.6020545,,,,1,2023-06-19T03:09:52+00:00
SAO_5705-10,São Paulo,3550308,True,,1657,,,-23.567341125,-46.63987575,,,,1,2023-06-19T03:09:13+00:00
SAO_8622-10,São Paulo,3550308,True,EMTU,438,https://moovitapp.com/index/pt-br/transporte_p%C3%BAblico-line-438-Sao_Paulo-242-2038937-36419488-0,7.65,-23.52577625,-46.67950425,,,,1,2023-06-19T03:09:42+00:00
SAO_8622-10,São Paulo,3550308,True,EMTU,438,https://moovitapp.com/index/pt-br/transporte_p%C3%BAblico-line-438-Sao_Paulo-242-2038937-36419488-0,7.65,-23.444212999999998,-46.7870985,,,,1,2023-06-19T03:09:20+00:00
SAO_3141-10,São Paulo,3550308,True,,33502,,,-23.614938000000002,-46.5020905,,,,2,2023-06-19T03:09:32+00:00
SAO_3141-10,São Paulo,3550308,True,,33502,,,-23.576090375,-46.55089925,,,,2,2023-06-19T03:09:11+00:00
SAO_2203-10,São Paulo,3550308,True,,911,,,-23.5209925,-46.494529,,,,1,2023-06-19T03:09:43+00:00
SAO_3785-10,São Paulo,3550308,True,,1063,,,-23.593911,-46.419008500000004,,,,1,2023-06-19T03:09:21+00:00
SAO_3785-10,São Paulo,3550308,True,,1063,,,-23.591207,-46.394471,,,,1,2023-06-19T03:09:29+00:00
SAO_3785-10,São Paulo,3550308,True,,1063,,,-23.5632265,-46.44612325,,,,1,2023-06-19T03:09:40+00:00
SAO_3785-10,São Paulo,3550308,True,,1063,,,-23.563545,-46.446155,,,,1,2023-06-19T03:09:29+00:00
SAO_3785-10,São Paulo,3550308,True,,1063,,,-23.591108,-46.3945285,,,,1,2023-06-19T03:09:38+00:00
SAO_3785-10,São Paulo,3550308,True,,1063,,,-23.54254,-46.4707135,,,,1,2023-06-19T03:09:29+00:00
SAO_809V-10,São Paulo,3550308,True,,35011,,,-23.5763605,-46.732949500000004,,,,2,2023-06-19T03:09:37+00:00
SAO_809V-10,São Paulo,3550308,True,,35011,,,-23.5685755,-46.686229499999996,,,,2,2023-06-19T03:09:09+00:00
SAO_2710-10,São Paulo,3550308,True,,33692,,,-23.52483075,-46.490063750000004,,,,2,2023-06-19T03:09:48+00:00
SAO_2710-10,São Paulo,3550308,True,,33692,,,-23.52841375,-46.49966325,,,,2,2023-06-19T03:09:31+00:00
SAO_5021-10,São Paulo,3550308,True,,1667,,,-23.6356325,-46.6202725,,,,1,2023-06-19T03:09:19+00:00
SAO_7002-10,São Paulo,3550308,True,,33540,,,-23.590518,-46.76971475,,,,2,2023-06-19T03:09:07+00:00
SAO_7002-10,São Paulo,3550308,True,,33540,,,-23.590518,-46.76971475,,,,2,2023-06-19T03:09:42+00:00
SAO_7002-10,São Paulo,3550308,True,,33540,,,-23.59287625,-46.75818675,,,,2,2023-06-19T03:09:36+00:00
SAO_7903-10,São Paulo,3550308,True,,512,,,-23.566275125,-46.681574375,,,,1,2023-06-19T03:09:53+00:00
SAO_7903-10,São Paulo,3550308,True,,512,,,-23.6003325,-46.784207,,,,1,2023-06-19T03:09:35+00:00
SAO_513L-10,São Paulo,3550308,True,,34423,,,-23.5641800625,-46.6001838125,,,,2,2023-06-19T03:09:38+00:00
SAO_4001-10,São Paulo,3550308,True,,34944,,,-23.548983749999998,-46.45562425,,,,2,2023-06-19T03:09:48+00:00
SAO_4001-10,São Paulo,3550308,True,,34944,,,-23.549156,-46.506631999999996,,,,2,2023-06-19T03:09:11+00:00
SAO_513C-31,São Paulo,3550308,True,,2536,,,-23.5349475,-46.454305500000004,,,,1,2023-06-19T03:09:50+00:00
SAO_513C-31,São Paulo,3550308,True,,2536,,,-23.535213,-46.4545445,,,,1,2023-06-19T03:08:57+00:00
SAO_8012-10,São Paulo,3550308,True,,2023,,,-23.566474,-46.7384865,,,,1,2023-06-19T03:09:41+00:00
SAO_5106-21,São Paulo,3550308,True,,1972,,,-23.607416,-46.670615,,,,1,2023-06-19T03:09:27+00:00
SAO_5106-21,São Paulo,3550308,True,,1972,,,-23.61381,-46.696107,,,,1,2023-06-19T03:09:51+00:00
SAO_4005-10,São Paulo,3550308,True,,34947,,,-23.5830225,-46.4086875,,,,2,2023-06-19T03:09:20+00:00
SAO_4005-10,São Paulo,3550308,True,,34947,,,-23.58888925,-46.394664,,,,2,2023-06-19T03:04:58+00:00
SAO_1720-21,São Paulo,3550308,True,,34705,,,-23.481024124999998,-46.587092625,,,,2,2023-06-19T03:09:16+00:00
SAO_4002-10,São Paulo,3550308,True,,34945,,,-23.5326615,-46.44805375,,,,2,2023-06-19T03:09:44+00:00
SAO_4002-10,São Paulo,3550308,True,,34945,,,-23.545542500000003,-46.4047665,,,,2,2023-06-19T03:09:42+00:00
SAO_9653-10,São Paulo,3550308,True,EMTU,588,https://moovitapp.com/index/pt-br/transporte_p%C3%BAblico-line-588-Sao_Paulo-242-2038937-36419575-0,7.55,-23.458481,-46.6484915,,,,1,2023-06-19T03:09:46+00:00
SAO_9653-10,São Paulo,3550308,True,EMTU,588,https://moovitapp.com/index/pt-br/transporte_p%C3%BAblico-line-588-Sao_Paulo-242-2038937-36419575-0,7.55,-23.520459000000002,-46.6677205,,,,1,2023-06-19T03:09:19+00:00
SAO_1783-10,São Paulo,3550308,True,,644,,,-23.4277975,-46.5939525,,,,1,2023-06-19T03:09:04+00:00
SAO_575C-10,São Paulo,3550308,True,,1686,,,-23.574265999999998,-46.53352675,,,,1,2023-06-19T03:06:09+00:00
SAO_971V-10,São Paulo,3550308,True,,619,,,-23.48819,-46.6733855,,,,1,2023-06-19T03:09:11+00:00
SAO_971V-10,São Paulo,3550308,True,,619,,,-23.5131826875,-46.6161215,,,,1,2023-06-19T03:09:25+00:00
SAO_2552-10,São Paulo,3550308,True,,32910,,,-23.513284499999997,-46.516854,,,,2,2023-06-19T03:09:25+00:00
SAO_2552-10,São Paulo,3550308,True,,32910,,,-23.53911325,-46.6075235,,,,2,2023-06-19T03:09:28+00:00
SAO_2552-10,São Paulo,3550308,True,,32910,,,-23.49970675,-46.468605749999995,,,,2,2023-06-19T03:09:41+00:00
SAO_6026-10,São Paulo,3550308,True,,32855,,,-23.719117500000003,-46.701543,,,,2,2023-06-19T03:09:31+00:00
SAO_6026-10,São Paulo,3550308,True,,32855,,,-23.743922500000004,-46.70287775,,,,2,2023-06-19T03:09:11+00:00
SAO_6026-10,São Paulo,3550308,True,,32855,,,-23.748356,-46.703650999999994,,,,2,2023-06-19T03:09:27+00:00
SAO_8705-51,São Paulo,3550308,True,,2090,,,-23.547649,-46.641011500000005,,,,1,2023-06-19T03:09:42+00:00
SAO_8705-51,São Paulo,3550308,True,,2090,,,-23.574403750000002,-46.727431249999995,,,,1,2023-06-19T03:09:10+00:00
SAO_817C-10,São Paulo,3550308,True,,34105,,,-23.52335375,-46.69772725,,,,2,2023-06-19T03:09:24+00:00
SAO_6825-10,São Paulo,3550308,True,,32782,,,-23.685482999999998,-46.800789249999994,,,,2,2023-06-19T03:09:45+00:00
SAO_5103-10,São Paulo,3550308,True,,1646,,,-23.6032445,-46.602611499999995,,,,1,2023-06-19T03:09:49+00:00
SAO_5103-10,São Paulo,3550308,True,,1646,,,-23.6032445,-46.602611499999995,,,,1,2023-06-19T03:09:40+00:00
SAO_5103-10,São Paulo,3550308,True,,1646,,,-23.598510750000003,-46.6406175,,,,1,2023-06-19T03:09:25+00:00
SAO_3020-10,São Paulo,3550308,True,,958,,,-23.563811,-46.5022595,,,,1,2023-06-19T03:09:44+00:00
SAO_3020-10,São Paulo,3550308,True,,958,,,-23.550668,-46.462807999999995,,,,1,2023-06-19T03:09:53+00:00
SAO_3020-10,São Paulo,3550308,True,,958,,,-23.553390999999998,-46.432116,,,,1,2023-06-19T03:09:18+00:00
SAO_3721-10,São Paulo,3550308,True,,33787,,,-23.563519,-46.5054075,,,,2,2023-06-19T03:09:30+00:00
SAO_3721-10,São Paulo,3550308,True,,33787,,,-23.5659715,-46.495481999999996,,,,2,2023-06-19T03:09:24+00:00
SAO_3721-10,São Paulo,3550308,True,,33787,,,-23.5409355,-46.4844415,,,,2,2023-06-19T03:09:16+00:00
SAO_8019-31,São Paulo,3550308,True,,35342,,,-23.541710625,-46.759912125,,,,2,2023-06-19T03:09:52+00:00
SAO_3737-10,São Paulo,3550308,True,,1037,,,-23.538782750000003,-46.51567075,,,,1,2023-06-19T03:09:50+00:00
SAO_3737-10,São Paulo,3550308,True,,1037,,,-23.532178000000002,-46.5196205,,,,1,2023-06-19T03:09:39+00:00
SAO_3737-10,São Paulo,3550308,True,,1037,,,-23.559947,-46.5073365,,,,1,2023-06-19T03:09:25+00:00
SAO_6035-10,São Paulo,3550308,True,,33981,,,-23.72520975,-46.7640545,,,,2,2023-06-19T03:09:23+00:00
SAO_695H-10,São Paulo,3550308,True,,1196,,,-23.678341000000003,-46.696609249999995,,,,1,2023-06-19T03:09:17+00:00
SAO_695H-10,São Paulo,3550308,True,,1196,,,-23.753992,-46.7115295,,,,1,2023-06-19T03:09:47+00:00
SAO_407E-10,São Paulo,3550308,True,,2215,,,-23.549256,-46.52444,,,,1,2023-06-19T03:09:11+00:00
SAO_407E-10,São Paulo,3550308,True,,2215,,,-23.621029,-46.4587315,,,,1,2023-06-19T03:09:37+00:00
SAO_407E-10,São Paulo,3550308,True,,2215,,,-23.6335585,-46.4430015,,,,1,2023-06-19T03:09:30+00:00
SAO_407E-10,São Paulo,3550308,True,,2215,,,-23.6309905,-46.443051,,,,1,2023-06-19T03:09:05+00:00
SAO_6803-10,São Paulo,3550308,True,,32797,,,-23.6577795,-46.7420685,,,,2,2023-06-19T03:09:13+00:00
SAO_390E-10,São Paulo,3550308,True,,34650,,,-23.5188135,-46.5469595,,,,2,2023-06-19T03:09:44+00:00
SAO_390E-10,São Paulo,3550308,True,,34650,,,-23.540104,-46.611777249999996,,,,2,2023-06-19T03:09:31+00:00
SAO_390E-10,São Paulo,3550308,True,,34650,,,-23.5371585,-46.593795125,,,,2,2023-06-19T03:09:28+00:00
SAO_5142-10,São Paulo,3550308,True,,34394,,,-23.614544,-46.500679,,,,2,2023-06-19T03:09:39+00:00
SAO_5142-10,São Paulo,3550308,True,,34394,,,-23.5872935,-46.556336,,,,2,2023-06-19T03:09:44+00:00
SAO_2021-10,São Paulo,3550308,True,,33674,,,-23.542038,-46.4155205,,,,2,2023-06-19T03:09:21+00:00
SAO_695T-51,São Paulo,3550308,True,,1859,,,-23.597088,-46.643025875000006,,,,1,2023-06-19T03:09:47+00:00
SAO_4015-10,São Paulo,3550308,True,,34956,,,-23.612146,-46.4762395,,,,2,2023-06-19T03:09:08+00:00
SAO_8006-10,São Paulo,3550308,True,,34024,,,-23.432887,-46.7297695,,,,2,2023-06-19T03:09:10+00:00
SAO_8006-10,São Paulo,3550308,True,,34024,,,-23.4471515,-46.724704,,,,2,2023-06-19T03:09:49+00:00
SAO_669A-10,São Paulo,3550308,True,,4,,,-23.654157,-46.7105825,,,,1,2023-06-19T03:09:49+00:00
SAO_669A-10,São Paulo,3550308,True,,4,,,-23.654157,-46.7105825,,,,1,2023-06-19T03:09:11+00:00
SAO_669A-10,São Paulo,3550308,True,,4,,,-23.654157,-46.7105825,,,,1,2023-06-19T03:09:10+00:00
SAO_669A-10,São Paulo,3550308,True,,4,,,-23.54486775,-46.64772175,,,,1,2023-06-19T03:09:52+00:00
SAO_669A-10,São Paulo,3550308,True,,4,,,-23.5843835,-46.67018725,,,,1,2023-06-19T03:09:37+00:00
SAO_669A-10,São Paulo,3550308,True,,4,,,-23.654157,-46.7105825,,,,1,2023-06-19T03:09:39+00:00
SAO_2127-10,São Paulo,3550308,True,,693,,,-23.478544999999997,-46.569419999999994,,,,1,2023-06-19T03:09:41+00:00
SAO_2127-10,São Paulo,3550308,True,,693,,,-23.546639,-46.631005,,,,1,2023-06-19T03:09:22+00:00
SAO_6116-10,São Paulo,3550308,True,,1186,,,-23.75533,-46.6630505,,,,1,2023-06-19T03:09:16+00:00
SAO_6116-10,São Paulo,3550308,True,,1186,,,-23.755032999999997,-46.6613305,,,,1,2023-06-19T03:09:19+00:00
SAO_6L04-10,São Paulo,3550308,True,,33948,,,-23.829518750000002,-46.73104625,,,,2,2023-06-19T03:09:45+00:00
SAO_6L04-10,São Paulo,3550308,True,,33948,,,-23.869590000000002,-46.7699715,,,,2,2023-06-19T03:09:50+00:00
SAO_6L04-10,São Paulo,3550308,True,,33948,,,-23.8716915,-46.769601,,,,2,2023-06-19T03:09:46+00:00
SAO_971M-10,São Paulo,3550308,True,,612,,,-23.485832000000002,-46.65184325,,,,1,2023-06-19T03:07:42+00:00
SAO_1745-10,São Paulo,3550308,True,,33314,,,-23.473011999999997,-46.665725,,,,2,2023-06-19T03:09:31+00:00
SAO_1745-10,São Paulo,3550308,True,,33314,,,-23.473171,-46.665481,,,,2,2023-06-19T03:09:24+00:00
SAO_1745-10,São Paulo,3550308,True,,33314,,,-23.496239000000003,-46.636847,,,,2,2023-06-19T03:09:34+00:00
SAO_273X-10,São Paulo,3550308,True,EMTU,392,https://moovitapp.com/index/pt-br/transporte_p%C3%BAblico-line-392-Sao_Paulo-242-2038937-36419460-0,5.8,-23.498898,-46.465948999999995,,,,1,2023-06-19T03:09:45+00:00
SAO_273X-10,São Paulo,3550308,True,EMTU,392,https://moovitapp.com/index/pt-br/transporte_p%C3%BAblico-line-392-Sao_Paulo-242-2038937-36419460-0,5.8,-23.5403095,-46.483497,,,,1,2023-06-19T03:09:22+00:00
SAO_4092-10,São Paulo,3550308,True,,34644,,,-23.58338225,-46.415035,,,,2,2023-06-19T03:09:49+00:00
SAO_4092-10,São Paulo,3550308,True,,34644,,,-23.582958499999997,-46.408029,,,,2,2023-06-19T03:09:37+00:00
SAO_971C-10,São Paulo,3550308,True,,33339,,,-23.4966665,-46.636452,,,,2,2023-06-19T03:07:59+00:00
SAO_971C-10,São Paulo,3550308,True,,33339,,,-23.43645,-46.71763787500001,,,,2,2023-06-19T03:09:17+00:00
SAO_1020-10,São Paulo,3550308,True,,2497,,,-23.487794,-46.7209255,,,,1,2023-06-19T03:09:47+00:00
SAO_1020-10,São Paulo,3550308,True,,2497,,,-23.406497,-46.766047,,,,1,2023-06-19T03:09:43+00:00
SAO_6000-10,São Paulo,3550308,True,,1140,,,-23.7934825,-46.729563999999996,,,,1,2023-06-19T03:09:51+00:00
SAO_6000-10,São Paulo,3550308,True,,1140,,,-23.658605,-46.705811499999996,,,,1,2023-06-19T03:09:30+00:00
SAO_6000-10,São Paulo,3550308,True,,1140,,,-23.828304,-46.7273545,,,,1,2023-06-19T03:09:30+00:00
SAO_6000-10,São Paulo,3550308,True,,1140,,,-23.728143000000003,-46.699055,,,,1,2023-06-19T03:09:30+00:00
SAO_119C-10,São Paulo,3550308,True,,661,,,-23.478573500000003,-46.569734499999996,,,,1,2023-06-19T03:09:52+00:00
SAO_119C-10,São Paulo,3550308,True,,661,,,-23.532083999999998,-46.6345485,,,,1,2023-06-19T03:09:17+00:00
SAO_4311-10,São Paulo,3550308,True,,2171,,,-23.6106775,-46.4748235,,,,1,2023-06-19T03:09:43+00:00
SAO_4311-10,São Paulo,3550308,True,,2171,,,-23.6137635,-46.4764045,,,,1,2023-06-19T03:09:06+00:00
SAO_4311-10,São Paulo,3550308,True,,2171,,,-23.609278,-46.472927,,,,1,2023-06-19T03:09:18+00:00
SAO_8009-10,São Paulo,3550308,True,,1259,,,-23.4596305,-46.7419305,,,,1,2023-06-19T03:07:16+00:00
SAO_8026-10,São Paulo,3550308,True,,2083,,,-23.626548,-46.750873,,,,1,2023-06-19T03:09:42+00:00
SAO_8026-10,São Paulo,3550308,True,,2083,,,-23.59181125,-46.73579,,,,1,2023-06-19T03:09:35+00:00
SAO_2728-10,São Paulo,3550308,True,,33711,,,-23.51439,-46.54587,,,,2,2023-06-19T03:09:24+00:00
SAO_2728-10,São Paulo,3550308,True,,33711,,,-23.533340000000003,-46.5445025,,,,2,2023-06-19T03:09:11+00:00
SAO_2728-10,São Paulo,3550308,True,,33711,,,-23.500265499999998,-46.5130935,,,,2,2023-06-19T03:09:20+00:00
SAO_2728-10,São Paulo,3550308,True,,33711,,,-23.511227499999997,-46.543594,,,,2,2023-06-19T03:09:53+00:00
SAO_9002-10,São Paulo,3550308,True,,33638,,,-23.4580655,-46.671398499999995,,,,2,2023-06-19T03:09:46+00:00
SAO_9002-10,São Paulo,3550308,True,,33638,,,-23.45455425,-46.6684075,,,,2,2023-06-19T03:09:43+00:00
SAO_9002-10,São Paulo,3550308,True,,33638,,,-23.458007000000002,-46.6708255,,,,2,2023-06-19T03:09:49+00:00
SAO_2011-10,São Paulo,3550308,True,,2136,,,-23.473675875,-46.58939,,,,1,2023-06-19T03:09:34+00:00
SAO_2011-10,São Paulo,3550308,True,,2136,,,-23.4897535,-46.570575500000004,,,,1,2023-06-19T03:09:33+00:00
SAO_8030-10,São Paulo,3550308,True,,35330,,,-23.592308875,-46.735138375000005,,,,2,2023-06-19T03:09:44+00:00
SAO_8030-10,São Paulo,3550308,True,,35330,,,-23.615108,-46.721340999999995,,,,2,2023-06-19T03:09:50+00:00
SAO_3712-10,São Paulo,3550308,True,,33777,,,-23.55296125,-46.42555625,,,,2,2023-06-19T03:09:51+00:00
SAO_3712-10,São Paulo,3550308,True,,33777,,,-23.540847,-46.4491725,,,,2,2023-06-19T03:09:35+00:00
SAO_1726-10,São Paulo,3550308,True,,34171,,,-23.438535,-46.5823975,,,,2,2023-06-19T03:08:15+00:00
SAO_1726-10,São Paulo,3550308,True,,34171,,,-23.439880000000002,-46.576078499999994,,,,2,2023-06-19T03:09:40+00:00
SAO_1726-10,São Paulo,3550308,True,,34171,,,-23.489323499999998,-46.62424,,,,2,2023-06-19T03:07:13+00:00
SAO_6007-10,São Paulo,3550308,True,,176,,,-23.6725115,-46.749073499999994,,,,1,2023-06-19T03:09:40+00:00
SAO_6007-10,São Paulo,3550308,True,,176,,,-23.65752525,-46.733122,,,,1,2023-06-19T03:09:29+00:00
SAO_6007-10,São Paulo,3550308,True,,176,,,-23.654448000000002,-46.763219500000005,,,,1,2023-06-19T03:09:09+00:00
SAO_6048-10,São Paulo,3550308,True,BR7 Mobilidade,56,https://moovitapp.com/index/pt-br/transporte_p%C3%BAblico-line-56-Sao_Paulo-242-851856-518592-0,5.75,-23.6805215,-46.769168500000006,,,,1,2023-06-19T03:09:15+00:00
SAO_6048-10,São Paulo,3550308,True,BR7 Mobilidade,56,https://moovitapp.com/index/pt-br/transporte_p%C3%BAblico-line-56-Sao_Paulo-242-851856-518592-0,5.75,-23.644859875,-46.722269874999995,,,,1,2023-06-19T03:09:42+00:00
SAO_1024-10,São Paulo,3550308,True,,35070,,,-23.460804500000002,-46.7086025,,,,2,2023-06-19T03:09:33+00:00
SAO_1024-10,São Paulo,3550308,True,,35070,,,-23.460365,-46.7083665,,,,2,2023-06-19T03:09:24+00:00
SAO_1024-10,São Paulo,3550308,True,,35070,,,-23.469817,-46.698198500000004,,,,2,2023-06-19T03:09:22+00:00
SAO_9006-10,São Paulo,3550308,True,,33642,,,-23.4680295,-46.6775685,,,,2,2023-06-19T03:09:33+00:00
SAO_9006-10,São Paulo,3550308,True,,33642,,,-23.464864,-46.6906185,,,,2,2023-06-19T03:09:32+00:00
SAO_6069-10,São Paulo,3550308,True,,1154,,,-23.7542585,-46.699595,,,,1,2023-06-19T03:09:33+00:00
SAO_6069-10,São Paulo,3550308,True,,1154,,,-23.659002,-46.705525,,,,1,2023-06-19T03:09:17+00:00
SAO_5129-41,São Paulo,3550308,True,,1974,,,-23.6547475,-46.69139762500001,,,,1,2023-06-19T03:09:33+00:00
SAO_3006-10,São Paulo,3550308,True,,34633,,,-23.548099999999998,-46.389815,,,,2,2023-06-19T03:09:38+00:00
SAO_3006-10,São Paulo,3550308,True,,34633,,,-23.5476935,-46.390091,,,,2,2023-06-19T03:08:30+00:00
SAO_3006-10,São Paulo,3550308,True,,34633,,,-23.5476935,-46.390091,,,,2,2023-06-19T03:08:14+00:00
SAO_3006-10,São Paulo,3550308,True,,34633,,,-23.548177000000003,-46.3898935,,,,2,2023-06-19T03:09:19+00:00
SAO_6047-10,São Paulo,3550308,True,,33992,,,-23.6623875,-46.762390499999995,,,,2,2023-06-19T03:09:43+00:00
SAO_6062-51,São Paulo,3550308,True,,1739,,,-23.7419465,-46.681698499999996,,,,1,2023-06-19T03:09:43+00:00
SAO_6062-51,São Paulo,3550308,True,,1739,,,-23.673541125,-46.700689125,,,,1,2023-06-19T03:09:13+00:00
SAO_6062-51,São Paulo,3550308,True,,1739,,,-23.7449645,-46.682214,,,,1,2023-06-19T03:09:50+00:00
SAO_4732-10,São Paulo,3550308,True,,33070,,,-23.647584000000002,-46.6004335,,,,2,2023-06-19T03:09:16+00:00
SAO_807M-10,São Paulo,3550308,True,,1916,,,-23.623566,-46.749682500000006,,,,1,2023-06-19T03:09:22+00:00
SAO_807M-10,São Paulo,3550308,True,,1916,,,-23.618586,-46.698989,,,,1,2023-06-19T03:09:48+00:00
SAO_807M-10,São Paulo,3550308,True,,1916,,,-23.615178,-46.7406775,,,,1,2023-06-19T03:09:31+00:00
SAO_807M-10,São Paulo,3550308,True,,1916,,,-23.631579000000002,-46.772447,,,,1,2023-06-19T03:09:45+00:00
SAO_7245-21,São Paulo,3550308,True,,35306,,,-23.637434,-46.7117335,,,,2,2023-06-19T03:09:18+00:00
SAO_3738-10,São Paulo,3550308,True,,1038,,,-23.5630765,-46.394354,,,,1,2023-06-19T03:09:35+00:00
SAO_3738-10,São Paulo,3550308,True,,1038,,,-23.5422665,-46.470055,,,,1,2023-06-19T03:09:27+00:00
SAO_3738-10,São Paulo,3550308,True,,1038,,,-23.5425595,-46.469581500000004,,,,1,2023-06-19T03:09:22+00:00
SAO_3738-10,São Paulo,3550308,True,,1038,,,-23.5666615,-46.401938,,,,1,2023-06-19T03:09:39+00:00
SAO_2006-10,São Paulo,3550308,True,,895,,,-23.492955749999997,-46.38877037500001,,,,1,2023-06-19T03:09:50+00:00
SAO_2006-10,São Paulo,3550308,True,,895,,,-23.510832999999998,-46.366727,,,,1,2023-06-19T03:09:42+00:00
SAO_2006-10,São Paulo,3550308,True,,895,,,-23.510832999999998,-46.366727,,,,1,2023-06-19T03:09:12+00:00
SAO_2006-10,São Paulo,3550308,True,,895,,,-23.510832999999998,-46.366727,,,,1,2023-06-19T03:09:30+00:00
SAO_6118-10,São Paulo,3550308,True,,1188,,,-23.653856875,-46.71128025,,,,1,2023-06-19T03:09:43+00:00
SAO_6118-10,São Paulo,3550308,True,,1188,,,-23.7178275,-46.705374500000005,,,,1,2023-06-19T03:09:12+00:00
SAO_516N-10,São Paulo,3550308,True,EMTU,266,https://moovitapp.com/index/pt-br/transporte_p%C3%BAblico-line-266-Sao_Paulo-242-2038937-36419376-0,6.8,-23.6490225,-46.670104499999994,,,,1,2023-06-19T03:09:12+00:00
SAO_807P-10,São Paulo,3550308,True,,34867,,,-23.6496435,-46.721695624999995,,,,2,2023-06-19T03:09:17+00:00
SAO_4035-10,São Paulo,3550308,True,,35328,,,-23.545263,-46.4111475,,,,2,2023-06-19T03:09:11+00:00
SAO_4035-10,São Paulo,3550308,True,,35328,,,-23.558008,-46.3996015,,,,2,2023-06-19T03:09:44+00:00
SAO_2059-10,São Paulo,3550308,True,Cidade de Caieiras,260,https://moovitapp.com/index/pt-br/transporte_p%C3%BAblico-line-260-Sao_Paulo-242-868761-496413-0,5.0,-23.501838499999998,-46.439941000000005,,,,1,2023-06-19T03:06:24+00:00
SAO_3718-10,São Paulo,3550308,True,,1013,,,-23.55296825,-46.488269,,,,1,2023-06-19T03:09:49+00:00
SAO_3718-10,São Paulo,3550308,True,,1013,,,-23.5536655,-46.4905825,,,,1,2023-06-19T03:09:31+00:00
SAO_3718-10,São Paulo,3550308,True,,1013,,,-23.540547,-46.485232999999994,,,,1,2023-06-19T03:09:39+00:00
SAO_3718-10,São Paulo,3550308,True,,1013,,,-23.557025,-46.4865765,,,,1,2023-06-19T03:09:39+00:00
SAO_9005-10,São Paulo,3550308,True,,872,,,-23.450547,-46.6835995,,,,1,2023-06-19T03:09:46+00:00
SAO_9005-10,São Paulo,3550308,True,,872,,,-23.454378499999997,-46.693401,,,,1,2023-06-19T03:09:24+00:00
SAO_607A-10,São Paulo,3550308,True,,34907,,,-23.6930735,-46.65947,,,,2,2023-06-19T03:06:53+00:00
SAO_607A-10,São Paulo,3550308,True,,34907,,,-23.6975695,-46.648551,,,,2,2023-06-19T03:09:27+00:00
SAO_702U-22,São Paulo,3550308,True,,35349,,,-23.54862,-46.65147,,,,2,2023-06-19T03:09:49+00:00
SAO_3006-10,São Paulo,3550308,True,,1865,,,-23.548099999999998,-46.389815,,,,1,2023-06-19T03:09:22+00:00
SAO_3006-10,São Paulo,3550308,True,,1865,,,-23.548099999999998,-46.389815,,,,1,2023-06-19T03:08:39+00:00
SAO_3006-10,São Paulo,3550308,True,,1865,,,-23.5474655,-46.392737,,,,1,2023-06-19T03:09:09+00:00
SAO_3006-10,São Paulo,3550308,True,,1865,,,-23.545839,-46.393084,,,,1,2023-06-19T03:09:46+00:00
SAO_6500-10,São Paulo,3550308,True,,46,,,-23.654395,-46.7121185,,,,1,2023-06-19T03:09:41+00:00
SAO_6500-10,São Paulo,3550308,True,,46,,,-23.56725,-46.6591068125,,,,1,2023-06-19T03:09:52+00:00
SAO_6500-10,São Paulo,3550308,True,,46,,,-23.6269675,-46.6877395,,,,1,2023-06-19T03:09:51+00:00
SAO_6500-10,São Paulo,3550308,True,,46,,,-23.654395,-46.7121185,,,,1,2023-06-19T03:09:51+00:00
SAO_311C-10,São Paulo,3550308,True,,33077,,,-23.58211625,-46.586631749999995,,,,2,2023-06-19T03:09:32+00:00
SAO_3761-10,São Paulo,3550308,True,,33819,,,-23.5956305,-46.43828325,,,,2,2023-06-19T03:09:16+00:00
SAO_3761-10,São Paulo,3550308,True,,33819,,,-23.5885705,-46.488424625,,,,2,2023-06-19T03:09:11+00:00
SAO_3761-10,São Paulo,3550308,True,,33819,,,-23.61803925,-46.42337725,,,,2,2023-06-19T03:09:51+00:00
SAO_6072-23,São Paulo,3550308,True,,34772,,,-23.7710675,-46.723504750000004,,,,2,2023-06-19T03:09:31+00:00
SAO_9050-10,São Paulo,3550308,True,,34856,,,-23.520992749999998,-46.699836,,,,2,2023-06-19T03:09:22+00:00
SAO_9015-10,São Paulo,3550308,True,,1269,,,-23.48894675,-46.724845,,,,1,2023-06-19T03:09:26+00:00
SAO_6016-10,São Paulo,3550308,True,,84,,,-23.768808999999997,-46.676252500000004,,,,1,2023-06-19T03:09:46+00:00
SAO_6016-10,São Paulo,3550308,True,,84,,,-23.7716985,-46.6731285,,,,1,2023-06-19T03:09:38+00:00
SAO_637V-10,São Paulo,3550308,True,,32872,,,-23.6698115,-46.71456012499999,,,,2,2023-06-19T03:09:55+00:00
SAO_637V-10,São Paulo,3550308,True,,32872,,,-23.7383965,-46.6864375,,,,2,2023-06-19T03:09:52+00:00
SAO_637V-10,São Paulo,3550308,True,,32872,,,-23.73839,-46.688661499999995,,,,2,2023-06-19T03:09:40+00:00
SAO_1758-10,São Paulo,3550308,True,,33320,,,-23.4540025,-46.6616765,,,,2,2023-06-19T03:09:24+00:00
SAO_1758-10,São Paulo,3550308,True,,33320,,,-23.49199,-46.625986000000005,,,,2,2023-06-19T03:09:43+00:00
SAO_4030-10,São Paulo,3550308,True,,33868,,,-23.566834749999998,-46.5102355,,,,2,2023-06-19T03:09:20+00:00
SAO_4030-10,São Paulo,3550308,True,,33868,,,-23.6127315,-46.491023999999996,,,,2,2023-06-19T03:09:28+00:00
SAO_4030-10,São Paulo,3550308,True,,33868,,,-23.6142945,-46.48500475,,,,2,2023-06-19T03:09:46+00:00
SAO_4030-10,São Paulo,3550308,True,,33868,,,-23.615775499999998,-46.488022,,,,2,2023-06-19T03:09:17+00:00
SAO_627J-10,São Paulo,3550308,True,,34824,,,-23.625583499999998,-46.63892,,,,2,2023-06-19T03:09:40+00:00
SAO_627J-10,São Paulo,3550308,True,,34824,,,-23.68177525,-46.63360275,,,,2,2023-06-19T03:09:08+00:00
SAO_273G-10,São Paulo,3550308,True,EMTU,223,https://moovitapp.com/index/pt-br/transporte_p%C3%BAblico-line-223-Sao_Paulo-242-2038937-36419342-0,5.2,-23.4989695,-46.467532,,,,1,2023-06-19T03:09:25+00:00
SAO_1786-10,São Paulo,3550308,True,,33417,,,-23.5020595,-46.6229275,,,,2,2023-06-19T03:09:16+00:00
SAO_1786-10,São Paulo,3550308,True,,33417,,,-23.45368525,-46.607387,,,,2,2023-06-19T03:09:18+00:00
SAO_1783-10,São Paulo,3550308,True,,33412,,,-23.3990705,-46.577631,,,,2,2023-06-19T03:09:53+00:00
SAO_1783-10,São Paulo,3550308,True,,33412,,,-23.398296000000002,-46.577902,,,,2,2023-06-19T03:08:19+00:00
SAO_1783-10,São Paulo,3550308,True,,33412,,,-23.4667195,-46.603587000000005,,,,2,2023-06-19T03:09:36+00:00
SAO_6048-10,São Paulo,3550308,True,,32824,,,-23.651277,-46.757588999999996,,,,2,2023-06-19T03:09:29+00:00
SAO_3721-41,São Paulo,3550308,True,,1693,,,-23.54917025,-46.48439,,,,1,2023-06-19T03:09:45+00:00
SAO_3721-41,São Paulo,3550308,True,,1693,,,-23.542482,-46.470364,,,,1,2023-06-19T03:09:20+00:00
SAO_8025-10,São Paulo,3550308,True,,34844,,,-23.5949645,-46.760652500000006,,,,2,2023-06-19T03:05:11+00:00
SAO_8025-10,São Paulo,3550308,True,,34844,,,-23.590518,-46.76971475,,,,2,2023-06-19T03:09:40+00:00
SAO_1720-10,São Paulo,3550308,True,,863,,,-23.4806015,-46.604085,,,,1,2023-06-19T03:09:10+00:00
SAO_1720-10,São Paulo,3550308,True,,863,,,-23.48097825,-46.566867,,,,1,2023-06-19T03:09:23+00:00
SAO_1720-10,São Paulo,3550308,True,,863,,,-23.450523999999998,-46.61116475,,,,1,2023-06-19T03:09:40+00:00
SAO_746R-10,São Paulo,3550308,True,,33558,,,-23.613583499999997,-46.697348000000005,,,,2,2023-06-19T03:09:30+00:00
SAO_746R-10,São Paulo,3550308,True,,33558,,,-23.6104675,-46.7058285,,,,2,2023-06-19T03:09:23+00:00
SAO_8040-10,São Paulo,3550308,True,,33174,,,-23.510827,-46.72779625,,,,2,2023-06-19T03:09:12+00:00
SAO_8040-10,São Paulo,3550308,True,,33174,,,-23.4637175,-46.7537085,,,,2,2023-06-19T03:08:33+00:00
SAO_2105-10,São Paulo,3550308,True,,35015,,,-23.449711999999998,-46.5851155,,,,2,2023-06-19T03:09:19+00:00
SAO_2105-10,São Paulo,3550308,True,,35015,,,-23.435150999999998,-46.581629,,,,2,2023-06-19T03:09:13+00:00
SAO_5018-10,São Paulo,3550308,True,,34260,,,-23.6794965,-46.6455835,,,,2,2023-06-19T03:09:19+00:00
SAO_5018-10,São Paulo,3550308,True,,34260,,,-23.688282,-46.6711595,,,,2,2023-06-19T03:09:31+00:00
SAO_3053-10,São Paulo,3550308,True,,33741,,,-23.584741,-46.495041,,,,2,2023-06-19T03:09:20+00:00
SAO_3053-10,São Paulo,3550308,True,,33741,,,-23.585147999999997,-46.494602,,,,2,2023-06-19T03:09:24+00:00
SAO_3053-10,São Paulo,3550308,True,,33741,,,-23.5826475,-46.535585,,,,2,2023-06-19T03:09:32+00:00
SAO_6818-10,São Paulo,3550308,True,,32796,,,-23.655496999999997,-46.7724535,,,,2,2023-06-19T03:09:21+00:00
SAO_6818-10,São Paulo,3550308,True,,32796,,,-23.65396775,-46.763541000000004,,,,2,2023-06-19T03:09:39+00:00
SAO_6818-10,São Paulo,3550308,True,,32796,,,-23.655496999999997,-46.7724535,,,,2,2023-06-19T03:09:49+00:00
SAO_4011-10,São Paulo,3550308,True,,34952,,,-23.599988,-46.469717,,,,2,2023-06-19T03:09:07+00:00
SAO_4011-10,São Paulo,3550308,True,,34952,,,-23.622524249999998,-46.417644499999994,,,,2,2023-06-19T03:09:38+00:00
SAO_809U-21,São Paulo,3550308,True,,2307,,,-23.533613250000002,-46.68748599999999,,,,1,2023-06-19T03:09:43+00:00
SAO_8319-10,São Paulo,3550308,True,,33244,,,-23.5470875,-46.7607205,,,,2,2023-06-19T03:09:50+00:00
SAO_5036-10,São Paulo,3550308,True,,34434,,,-23.601038875,-46.609465125,,,,2,2023-06-19T03:09:43+00:00
SAO_8029-10,São Paulo,3550308,True,,35308,,,-23.5855945,-46.724115,,,,2,2023-06-19T03:09:42+00:00
SAO_8029-10,São Paulo,3550308,True,,35308,,,-23.6150470625,-46.7443058125,,,,2,2023-06-19T03:09:11+00:00
SAO_8028-10,São Paulo,3550308,True,,35300,,,-23.6088365,-46.708972,,,,2,2023-06-19T03:09:25+00:00
SAO_2033-10,São Paulo,3550308,True,,2499,,,-23.5000735,-46.5836125,,,,1,2023-06-19T03:09:52+00:00
SAO_546T-10,São Paulo,3550308,True,,272,,,-23.655836,-46.7059445,,,,1,2023-06-19T03:09:10+00:00
SAO_546T-10,São Paulo,3550308,True,,272,,,-23.699939999999998,-46.641423,,,,1,2023-06-19T03:08:17+00:00
SAO_546T-10,São Paulo,3550308,True,,272,,,-23.668531,-46.689319499999996,,,,1,2023-06-19T03:09:06+00:00
SAO_2733-10,São Paulo,3550308,True,,33716,,,-23.5162355,-46.4623365,,,,2,2023-06-19T03:09:18+00:00
SAO_2733-10,São Paulo,3550308,True,,33716,,,-23.518922,-46.4569585,,,,2,2023-06-19T03:09:44+00:00
SAO_2733-10,São Paulo,3550308,True,,33716,,,-23.5430545,-46.470682999999994,,,,2,2023-06-19T03:04:50+00:00
SAO_6059-10,São Paulo,3550308,True,,1226,,,-23.671774,-46.7412225,,,,1,2023-06-19T03:09:13+00:00
SAO_177Y-10,São Paulo,3550308,True,,33635,,,-23.5280615,-46.6738055,,,,2,2023-06-19T03:09:19+00:00
SAO_177Y-10,São Paulo,3550308,True,,33635,,,-23.5269075,-46.66671425,,,,2,2023-06-19T03:09:50+00:00
SAO_6816-10,São Paulo,3550308,True,BR7 Mobilidade,26,https://moovitapp.com/index/pt-br/transporte_p%C3%BAblico-line-26-Sao_Paulo-242-851856-577923-0,5.75,-23.652935499999998,-46.776088,,,,1,2023-06-19T03:09:11+00:00
SAO_6816-10,São Paulo,3550308,True,BR7 Mobilidade,26,https://moovitapp.com/index/pt-br/transporte_p%C3%BAblico-line-26-Sao_Paulo-242-851856-577923-0,5.75,-23.6545645,-46.76404599999999,,,,1,2023-06-19T03:09:50+00:00
SAO_6816-10,São Paulo,3550308,True,BR7 Mobilidade,26,https://moovitapp.com/index/pt-br/transporte_p%C3%BAblico-line-26-Sao_Paulo-242-851856-577923-0,5.75,-23.653454,-46.776790500000004,,,,1,2023-06-19T03:09:19+00:00
SAO_6816-10,São Paulo,3550308,True,BR7 Mobilidade,26,https://moovitapp.com/index/pt-br/transporte_p%C3%BAblico-line-26-Sao_Paulo-242-851856-577923-0,5.75,-23.6488825,-46.784435,,,,1,2023-06-19T03:09:34+00:00
SAO_3745-10,São Paulo,3550308,True,,1044,,,-23.541414000000003,-46.57794225,,,,1,2023-06-19T03:09:50+00:00
SAO_3745-10,São Paulo,3550308,True,,1044,,,-23.57055875,-46.52865875,,,,1,2023-06-19T03:09:11+00:00
SAO_172R-10,São Paulo,3550308,True,,33627,,,-23.507701500000003,-46.578309000000004,,,,2,2023-06-19T03:09:29+00:00
SAO_172R-10,São Paulo,3550308,True,,33627,,,-23.540139,-46.594167,,,,2,2023-06-19T03:09:52+00:00
SAO_172R-10,São Paulo,3550308,True,,33627,,,-23.4817665,-46.57117050000001,,,,2,2023-06-19T03:09:36+00:00
SAO_172R-10,São Paulo,3550308,True,,33627,,,-23.465826,-46.583746000000005,,,,2,2023-06-19T03:09:43+00:00
SAO_4114-10,São Paulo,3550308,True,EMTU,321,https://moovitapp.com/index/pt-br/transporte_p%C3%BAblico-line-321-Sao_Paulo-242-2038937-36419411-0,5.4,-23.568062625000003,-46.637632875,,,,1,2023-06-19T03:09:19+00:00
SAO_3773-10,São Paulo,3550308,True,,1059,,,-23.615941999999997,-46.464735000000005,,,,1,2023-06-19T03:09:20+00:00
SAO_3773-10,São Paulo,3550308,True,,1059,,,-23.577084,-46.500837,,,,1,2023-06-19T03:09:53+00:00
SAO_6L03-10,São Paulo,3550308,True,,34333,,,-23.87984825,-46.777814750000005,,,,2,2023-06-19T03:09:14+00:00
SAO_3796-10,São Paulo,3550308,True,,1074,,,-23.5419225,-46.4706365,,,,1,2023-06-19T03:09:31+00:00
SAO_3796-10,São Paulo,3550308,True,,1074,,,-23.5848635,-46.448643,,,,1,2023-06-19T03:09:48+00:00
SAO_3796-10,São Paulo,3550308,True,,1074,,,-23.589194,-46.446603999999994,,,,1,2023-06-19T03:09:53+00:00
SAO_6803-10,São Paulo,3550308,True,BR7 Mobilidade,29,https://moovitapp.com/index/pt-br/transporte_p%C3%BAblico-line-29-Sao_Paulo-242-851856-500111-0,5.75,-23.664077499999998,-46.741699499999996,,,,1,2023-06-19T03:09:12+00:00
SAO_6803-10,São Paulo,3550308,True,BR7 Mobilidade,29,https://moovitapp.com/index/pt-br/transporte_p%C3%BAblico-line-29-Sao_Paulo-242-851856-500111-0,5.75,-23.6551405,-46.754138999999995,,,,1,2023-06-19T03:09:48+00:00
SAO_4021-10,São Paulo,3550308,True,,35316,,,-23.542726000000002,-46.470186999999996,,,,2,2023-06-19T03:09:50+00:00
SAO_4021-10,São Paulo,3550308,True,,35316,,,-23.542792499999997,-46.470580999999996,,,,2,2023-06-19T03:09:30+00:00
SAO_4021-10,São Paulo,3550308,True,,35316,,,-23.542792499999997,-46.470580999999996,,,,2,2023-06-19T03:09:24+00:00
SAO_4021-10,São Paulo,3550308,True,,35316,,,-23.542792499999997,-46.470580999999996,,,,2,2023-06-19T03:09:21+00:00
SAO_4021-10,São Paulo,3550308,True,,35316,,,-23.543105,-46.46927075,,,,2,2023-06-19T03:09:35+00:00
SAO_4021-10,São Paulo,3550308,True,,35316,,,-23.542792499999997,-46.470580999999996,,,,2,2023-06-19T03:09:31+00:00
SAO_4021-10,São Paulo,3550308,True,,35316,,,-23.542792499999997,-46.470580999999996,,,,2,2023-06-19T03:09:42+00:00
SAO_4021-10,São Paulo,3550308,True,,35316,,,-23.542792499999997,-46.470580999999996,,,,2,2023-06-19T03:09:52+00:00
SAO_4021-10,São Paulo,3550308,True,,35316,,,-23.542792499999997,-46.470580999999996,,,,2,2023-06-19T03:09:21+00:00
SAO_5178-10,São Paulo,3550308,True,,595,,,-23.6802155,-46.64096825,,,,1,2023-06-19T03:09:24+00:00
SAO_5178-10,São Paulo,3550308,True,,595,,,-23.5641185,-46.646494499999996,,,,1,2023-06-19T03:09:47+00:00
SAO_8605-10,São Paulo,3550308,True,,34685,,,-23.5600355,-46.654938,,,,2,2023-06-19T03:09:53+00:00
SAO_8605-10,São Paulo,3550308,True,,34685,,,-23.6313825,-46.77286,,,,2,2023-06-19T03:03:47+00:00
SAO_8605-10,São Paulo,3550308,True,,34685,,,-23.5861895,-46.7233995,,,,2,2023-06-19T03:09:42+00:00
SAO_5030-10,São Paulo,3550308,True,,1669,,,-23.635759,-46.600299500000006,,,,1,2023-06-19T03:09:23+00:00
SAO_106A-10,São Paulo,3550308,True,,33284,,,-23.549253,-46.641041,,,,2,2023-06-19T03:09:52+00:00
SAO_106A-10,São Paulo,3550308,True,,33284,,,-23.504054125000003,-46.624669499999996,,,,2,2023-06-19T03:09:28+00:00
SAO_106A-10,São Paulo,3550308,True,,33284,,,-23.5026995,-46.624219,,,,2,2023-06-19T03:09:42+00:00
SAO_516N-10,São Paulo,3550308,True,,33034,,,-23.588418625000003,-46.676629750000004,,,,2,2023-06-19T03:09:16+00:00
SAO_516N-10,São Paulo,3550308,True,,33034,,,-23.668311875,-46.65157825,,,,2,2023-06-19T03:06:07+00:00
SAO_516N-10,São Paulo,3550308,True,,33034,,,-23.689736500000002,-46.6497535,,,,2,2023-06-19T03:09:32+00:00
SAO_516N-10,São Paulo,3550308,True,,33034,,,-23.689736500000002,-46.6497535,,,,2,2023-06-19T03:09:23+00:00
SAO_372U-10,São Paulo,3550308,True,,33784,,,-23.5570765,-46.53751749999999,,,,2,2023-06-19T03:09:16+00:00
SAO_372U-10,São Paulo,3550308,True,,33784,,,-23.5608145,-46.5620405,,,,2,2023-06-19T03:09:24+00:00
SAO_372U-10,São Paulo,3550308,True,,33784,,,-23.5494725,-46.569411,,,,2,2023-06-19T03:09:34+00:00
SAO_372U-10,São Paulo,3550308,True,,33784,,,-23.552844375000003,-46.543708374999994,,,,2,2023-06-19T03:09:35+00:00
SAO_372U-10,São Paulo,3550308,True,,33784,,,-23.5568485,-46.537368,,,,2,2023-06-19T03:09:49+00:00
SAO_2769-10,São Paulo,3550308,True,,397,,,-23.4818615,-46.379605999999995,,,,1,2023-06-19T03:09:10+00:00
SAO_2769-10,São Paulo,3550308,True,,397,,,-23.4818615,-46.379605999999995,,,,1,2023-06-19T03:09:15+00:00
SAO_809A-10,São Paulo,3550308,True,,34837,,,-23.57543225,-46.77549825,,,,2,2023-06-19T03:09:13+00:00
SAO_809A-10,São Paulo,3550308,True,,34837,,,-23.565809,-46.701959,,,,2,2023-06-19T03:09:49+00:00
SAO_209P-1,São Paulo,3550308,True,,35069,,,-23.5377805,-46.674307,,,,2,2023-06-19T03:09:20+00:00
SAO_209P-1,São Paulo,3550308,True,,35069,,,-23.515444,-46.688474,,,,2,2023-06-19T03:09:49+00:00
SAO_6071-10,São Paulo,3550308,True,,33924,,,-23.7189085,-46.679475,,,,2,2023-06-19T03:09:37+00:00
SAO_6071-10,São Paulo,3550308,True,,33924,,,-23.715863,-46.683076,,,,2,2023-06-19T03:09:37+00:00
SAO_6071-10,São Paulo,3550308,True,,33924,,,-23.674765,-46.698727,,,,2,2023-06-19T03:09:49+00:00
SAO_6019-10,São Paulo,3550308,True,,34258,,,-23.668594499999998,-46.7355085,,,,2,2023-06-19T03:09:18+00:00
SAO_6019-10,São Paulo,3550308,True,,34258,,,-23.669038,-46.735601,,,,2,2023-06-19T03:09:46+00:00
SAO_407T-10,São Paulo,3550308,True,,2202,,,-23.542527,-46.4715645,,,,1,2023-06-19T03:09:41+00:00
SAO_407T-10,São Paulo,3550308,True,,2202,,,-23.5347285,-46.4537885,,,,1,2023-06-19T03:09:46+00:00
SAO_407T-10,São Paulo,3550308,True,,2202,,,-23.538669499999997,-46.4415705,,,,1,2023-06-19T03:09:07+00:00
SAO_407E-10,São Paulo,3550308,True,,34983,,,-23.5384935,-46.5633695,,,,2,2023-06-19T03:09:43+00:00
SAO_407E-10,São Paulo,3550308,True,,34983,,,-23.592406500000003,-46.474950500000006,,,,2,2023-06-19T03:09:09+00:00
SAO_407E-10,São Paulo,3550308,True,,34983,,,-23.624773250000004,-46.446379500000006,,,,2,2023-06-19T03:09:46+00:00
SAO_574A-21,São Paulo,3550308,True,,1690,,,-23.6079275,-46.6377185,,,,1,2023-06-19T03:09:39+00:00
SAO_574A-21,São Paulo,3550308,True,,1690,,,-23.6683785,-46.642662,,,,1,2023-06-19T03:09:32+00:00
SAO_1773-10,São Paulo,3550308,True,,637,,,-23.4826065,-46.6307425,,,,1,2023-06-19T03:09:26+00:00
SAO_502J-23,São Paulo,3550308,True,,35286,,,-23.6392555,-46.659699,,,,2,2023-06-19T03:09:24+00:00
SAO_502J-23,São Paulo,3550308,True,,35286,,,-23.705745,-46.687827999999996,,,,2,2023-06-19T03:09:17+00:00
SAO_502J-23,São Paulo,3550308,True,,35286,,,-23.6942645,-46.683394500000006,,,,2,2023-06-19T03:09:43+00:00
SAO_407I-21,São Paulo,3550308,True,,35287,,,-23.5528535,-46.49373275,,,,2,2023-06-19T03:09:09+00:00
SAO_407I-21,São Paulo,3550308,True,,35287,,,-23.5431125,-46.48502825,,,,2,2023-06-19T03:07:34+00:00
SAO_4210-10,São Paulo,3550308,True,,2170,,,-23.595160125,-46.439397125,,,,1,2023-06-19T03:09:19+00:00
SAO_4210-10,São Paulo,3550308,True,,2170,,,-23.53362875,-46.56546,,,,1,2023-06-19T03:09:09+00:00
SAO_N139-11,São Paulo,3550308,True,,35063,,,-23.454788999999998,-46.7104675,,,,2,2023-06-19T03:09:34+00:00
SAO_8300-10,São Paulo,3550308,True,,34032,,,-23.520215999999998,-46.700196000000005,,,,2,2023-06-19T03:09:16+00:00
SAO_1720-10,São Paulo,3550308,True,,33631,,,-23.4918955,-46.574477,,,,2,2023-06-19T03:07:46+00:00
SAO_1720-10,São Paulo,3550308,True,,33631,,,-23.494107,-46.568782999999996,,,,2,2023-06-19T03:09:39+00:00
SAO_1720-10,São Paulo,3550308,True,,33631,,,-23.4809225,-46.603260500000005,,,,2,2023-06-19T03:09:39+00:00
SAO_1720-10,São Paulo,3550308,True,,33631,,,-23.453083499999998,-46.6146945,,,,2,2023-06-19T03:09:27+00:00
SAO_8004-10,São Paulo,3550308,True,,34022,,,-23.508016625,-46.73587975,,,,2,2023-06-19T03:09:37+00:00
SAO_8025-10,São Paulo,3550308,True,,2076,,,-23.59203575,-46.735672,,,,1,2023-06-19T03:09:44+00:00
SAO_8025-10,São Paulo,3550308,True,,2076,,,-23.592925,-46.764641999999995,,,,1,2023-06-19T03:07:50+00:00
SAO_5370-10,São Paulo,3550308,True,,34210,,,-23.655223499999998,-46.701553000000004,,,,2,2023-06-19T03:09:39+00:00
SAO_5370-10,São Paulo,3550308,True,,34210,,,-23.752014250000002,-46.710977,,,,2,2023-06-19T03:09:21+00:00
SAO_5370-10,São Paulo,3550308,True,,34210,,,-23.615201,-46.6732125,,,,2,2023-06-19T03:09:25+00:00
SAO_5370-10,São Paulo,3550308,True,,34210,,,-23.767727999999998,-46.7167135,,,,2,2023-06-19T03:07:41+00:00
SAO_273R-10,São Paulo,3550308,True,EMTU,226,https://moovitapp.com/index/pt-br/transporte_p%C3%BAblico-line-226-Sao_Paulo-242-2038937-36419343-0,5.05,-23.5153105,-46.46291,,,,1,2023-06-19T03:09:17+00:00
SAO_6021-10,São Paulo,3550308,True,,32945,,,-23.768084,-46.716452,,,,2,2023-06-19T03:09:52+00:00
SAO_172K-10,São Paulo,3550308,True,,857,,,-23.4771445,-46.5972415,,,,1,2023-06-19T03:09:51+00:00
SAO_172K-10,São Paulo,3550308,True,,857,,,-23.505431,-46.597910999999996,,,,1,2023-06-19T03:09:17+00:00
SAO_5011-10,São Paulo,3550308,True,,1115,,,-23.716517000000003,-46.6290355,,,,1,2023-06-19T03:08:01+00:00
SAO_5011-10,São Paulo,3550308,True,,1115,,,-23.664663500000003,-46.69089700000001,,,,1,2023-06-19T03:09:16+00:00
SAO_5011-10,São Paulo,3550308,True,,1115,,,-23.715296000000002,-46.6278925,,,,1,2023-06-19T03:08:26+00:00
SAO_709P-10,São Paulo,3550308,True,,34761,,,-23.591065999999998,-46.6888745,,,,2,2023-06-19T03:09:51+00:00
SAO_709P-10,São Paulo,3550308,True,,34761,,,-23.6555325,-46.7221545,,,,2,2023-06-19T03:09:29+00:00
SAO_4018-10,São Paulo,3550308,True,,34959,,,-23.600949999999997,-46.399390499999996,,,,2,2023-06-19T03:09:21+00:00
SAO_4018-10,São Paulo,3550308,True,,34959,,,-23.60109525,-46.39926,,,,2,2023-06-19T03:09:33+00:00
SAO_4018-10,São Paulo,3550308,True,,34959,,,-23.5950855,-46.43151725,,,,2,2023-06-19T03:09:26+00:00
SAO_4018-10,São Paulo,3550308,True,,34959,,,-23.5969185,-46.4045095,,,,2,2023-06-19T03:09:34+00:00
SAO_2026-10,São Paulo,3550308,True,,2269,,,-23.519777249999997,-46.5659895,,,,1,2023-06-19T03:09:21+00:00
SAO_2026-10,São Paulo,3550308,True,,2269,,,-23.461732,-46.5828865,,,,1,2023-06-19T03:09:51+00:00
SAO_2104-10,São Paulo,3550308,True,,2255,,,-23.533332,-46.626497,,,,1,2023-06-19T03:09:21+00:00
SAO_233A-10,São Paulo,3550308,True,,33017,,,-23.47938825,-46.420079,,,,2,2023-06-19T03:09:10+00:00
SAO_233A-10,São Paulo,3550308,True,,33017,,,-23.5282755,-46.4487675,,,,2,2023-06-19T03:09:42+00:00
SAO_3739-10,São Paulo,3550308,True,,1039,,,-23.5425825,-46.4709825,,,,1,2023-06-19T03:09:44+00:00
SAO_3739-10,São Paulo,3550308,True,,1039,,,-23.542533499999998,-46.47067,,,,1,2023-06-19T03:09:42+00:00
SAO_3739-10,São Paulo,3550308,True,,1039,,,-23.613243,-46.422848,,,,1,2023-06-19T03:09:38+00:00
SAO_6826-10,São Paulo,3550308,True,BR7 Mobilidade,16,https://moovitapp.com/index/pt-br/transporte_p%C3%BAblico-line-16-Sao_Paulo-242-851856-513215-0,5.75,-23.668042999999997,-46.7750105,,,,1,2023-06-19T03:09:54+00:00
SAO_6826-10,São Paulo,3550308,True,BR7 Mobilidade,16,https://moovitapp.com/index/pt-br/transporte_p%C3%BAblico-line-16-Sao_Paulo-242-851856-513215-0,5.75,-23.673604,-46.7972985,,,,1,2023-06-19T03:09:25+00:00
SAO_7006-10,São Paulo,3550308,True,,1995,,,-23.718654,-46.7846245,,,,1,2023-06-19T03:09:22+00:00
SAO_7006-10,São Paulo,3550308,True,,1995,,,-23.750491500000003,-46.7783395,,,,1,2023-06-19T03:09:16+00:00
SAO_8060-10,São Paulo,3550308,True,EMTU,418,https://moovitapp.com/index/pt-br/transporte_p%C3%BAblico-line-418-Sao_Paulo-242-2038937-36419475-0,6.55,-23.521440499999997,-46.719474000000005,,,,1,2023-06-19T03:09:34+00:00
SAO_178T-10,São Paulo,3550308,True,,33333,,,-23.530177625,-46.728134625,,,,2,2023-06-19T03:09:12+00:00
SAO_178T-10,São Paulo,3550308,True,,33333,,,-23.503125,-46.6245765,,,,2,2023-06-19T03:09:39+00:00
SAO_546J-10,São Paulo,3550308,True,,33901,,,-23.687986000000002,-46.65963875,,,,2,2023-06-19T03:09:21+00:00
SAO_3725-10,São Paulo,3550308,True,,1022,,,-23.5465885,-46.521675,,,,1,2023-06-19T03:09:43+00:00
SAO_3725-10,São Paulo,3550308,True,,1022,,,-23.532561,-46.531842999999995,,,,1,2023-06-19T03:09:39+00:00
SAO_958P-10,São Paulo,3550308,True,,33233,,,-23.525965499999998,-46.740913500000005,,,,2,2023-06-19T03:09:21+00:00
SAO_507T-10,São Paulo,3550308,True,,2208,,,-23.543605250000002,-46.55593675,,,,1,2023-06-19T03:09:49+00:00
SAO_507T-10,São Paulo,3550308,True,,2208,,,-23.571915125,-46.510825625,,,,1,2023-06-19T03:09:09+00:00
SAO_507T-10,São Paulo,3550308,True,,2208,,,-23.6141215,-46.501234,,,,1,2023-06-19T03:09:46+00:00
SAO_507T-10,São Paulo,3550308,True,,2208,,,-23.6078125,-46.501167,,,,1,2023-06-19T03:04:13+00:00
SAO_2002-10,São Paulo,3550308,True,STT,711,https://moovitapp.com/index/pt-br/transporte_p%C3%BAblico-line-711-Sao_Paulo-242-850661-183340-0,5.3,-23.544144125,-46.638290875,,,,1,2023-06-19T03:09:48+00:00
SAO_2002-10,São Paulo,3550308,True,STT,711,https://moovitapp.com/index/pt-br/transporte_p%C3%BAblico-line-711-Sao_Paulo-242-850661-183340-0,5.3,-23.547219,-46.6295935,,,,1,2023-06-19T03:09:15+00:00
SAO_6050-10,São Paulo,3550308,True,,1225,,,-23.734681375,-46.694479375,,,,1,2023-06-19T03:09:19+00:00
SAO_7055-10,São Paulo,3550308,True,,1888,,,-23.6919635,-46.7907745,,,,1,2023-06-19T03:09:28+00:00
SAO_7055-10,São Paulo,3550308,True,,1888,,,-23.6919635,-46.7907745,,,,1,2023-06-19T03:09:10+00:00
SAO_7055-10,São Paulo,3550308,True,,1888,,,-23.6782085,-46.776639,,,,1,2023-06-19T03:09:42+00:00
SAO_6027-10,São Paulo,3550308,True,,90,,,-23.654132,-46.712552,,,,1,2023-06-19T03:09:47+00:00
SAO_6027-10,São Paulo,3550308,True,,90,,,-23.721093000000003,-46.696782,,,,1,2023-06-19T03:09:41+00:00
SAO_6030-10,São Paulo,3550308,True,,33910,,,-23.713037999999997,-46.698539999999994,,,,2,2023-06-19T03:09:23+00:00
SAO_2020-10,São Paulo,3550308,True,,35030,,,-23.458521,-46.606969500000005,,,,2,2023-06-19T03:09:34+00:00
SAO_2020-10,São Paulo,3550308,True,,35030,,,-23.4593665,-46.632753,,,,2,2023-06-19T03:09:19+00:00
SAO_3728-10,São Paulo,3550308,True,,33793,,,-23.56696725,-46.484367999999996,,,,2,2023-06-19T03:09:48+00:00
SAO_3728-10,São Paulo,3550308,True,,33793,,,-23.542378,-46.48379425,,,,2,2023-06-19T03:09:35+00:00
SAO_1701-21,São Paulo,3550308,True,,2476,,,-23.447538,-46.576252999999994,,,,1,2023-06-19T03:09:36+00:00
SAO_938P-10,São Paulo,3550308,True,,888,,,-23.522469,-46.704066,,,,1,2023-06-19T03:09:46+00:00
SAO_5701-10,São Paulo,3550308,True,,33904,,,-23.635368,-46.641498,,,,2,2023-06-19T03:09:11+00:00
SAO_5701-10,São Paulo,3550308,True,,33904,,,-23.63902225,-46.67292475,,,,2,2023-06-19T03:09:31+00:00
SAO_5701-10,São Paulo,3550308,True,,33904,,,-23.635565,-46.641472,,,,2,2023-06-19T03:09:34+00:00
SAO_3734-10,São Paulo,3550308,True,,1034,,,-23.551329000000003,-46.482457,,,,1,2023-06-19T03:09:40+00:00
SAO_719R-10,São Paulo,3550308,True,EMTU,469,https://moovitapp.com/index/pt-br/transporte_p%C3%BAblico-line-469-Sao_Paulo-242-2038937-36419507-0,5.4,-23.5339835,-46.652835499999995,,,,1,2023-06-19T03:09:29+00:00
SAO_3025-10,São Paulo,3550308,True,,961,,,-23.570952,-46.3990675,,,,1,2023-06-19T03:09:12+00:00
SAO_3025-10,São Paulo,3550308,True,,961,,,-23.542768,-46.41466525,,,,1,2023-06-19T03:09:44+00:00
SAO_524M-10,São Paulo,3550308,True,,1631,,,-23.5641745,-46.505159,,,,1,2023-06-19T03:09:13+00:00
SAO_524M-10,São Paulo,3550308,True,,1631,,,-23.614266,-46.501662499999995,,,,1,2023-06-19T03:09:14+00:00
SAO_524M-10,São Paulo,3550308,True,,1631,,,-23.585614,-46.5190085,,,,1,2023-06-19T03:09:34+00:00
SAO_8528-10,São Paulo,3550308,True,,575,,,-23.504936999999998,-46.6902465,,,,1,2023-06-19T03:09:47+00:00
SAO_8528-10,São Paulo,3550308,True,,575,,,-23.461451,-46.689819,,,,1,2023-06-19T03:09:36+00:00
SAO_6055-10,São Paulo,3550308,True,,1146,,,-23.726964000000002,-46.6992625,,,,1,2023-06-19T03:09:27+00:00
SAO_6055-10,São Paulo,3550308,True,,1146,,,-23.75413,-46.708843,,,,1,2023-06-19T03:09:32+00:00
SAO_4221-10,São Paulo,3550308,True,,325,,,-23.5460165,-46.6301705,,,,1,2023-06-19T03:09:10+00:00
SAO_4718-10,São Paulo,3550308,True,EMTU,336,https://moovitapp.com/index/pt-br/transporte_p%C3%BAblico-line-336-Sao_Paulo-242-2038937-36419421-0,4.8,-23.6295305,-46.6236705,,,,1,2023-06-19T03:09:24+00:00
SAO_809J-10,São Paulo,3550308,True,,2066,,,-23.5879805,-46.7227115,,,,1,2023-06-19T03:09:48+00:00
SAO_2707-10,São Paulo,3550308,True,,919,,,-23.527810000000002,-46.4078515,,,,1,2023-06-19T03:09:00+00:00
SAO_2707-10,São Paulo,3550308,True,,919,,,-23.530247000000003,-46.444227,,,,1,2023-06-19T03:09:30+00:00
SAO_2707-10,São Paulo,3550308,True,,919,,,-23.537851125000003,-46.455333,,,,1,2023-06-19T03:09:48+00:00
SAO_8700-10,São Paulo,3550308,True,,1877,,,-23.629269,-46.769253500000005,,,,1,2023-06-19T03:09:22+00:00
SAO_8700-10,São Paulo,3550308,True,,1877,,,-23.562667,-46.675276,,,,1,2023-06-19T03:09:53+00:00
SAO_4725-10,São Paulo,3550308,True,,33106,,,-23.6334285,-46.614411000000004,,,,2,2023-06-19T03:09:21+00:00
SAO_4725-10,São Paulo,3550308,True,,33106,,,-23.629593999999997,-46.614602,,,,2,2023-06-19T03:09:35+00:00
SAO_1020-10,São Paulo,3550308,True,,35265,,,-23.4106675,-46.763892,,,,2,2023-06-19T03:09:47+00:00
SAO_1020-10,São Paulo,3550308,True,,35265,,,-23.4723645,-46.725731499999995,,,,2,2023-06-19T03:09:51+00:00
SAO_1020-10,São Paulo,3550308,True,,35265,,,-23.4106675,-46.763892,,,,2,2023-06-19T03:09:42+00:00
SAO_6823-10,São Paulo,3550308,True,,32802,,,-23.6710125,-46.786587999999995,,,,2,2023-06-19T03:09:42+00:00
SAO_6823-10,São Paulo,3550308,True,,32802,,,-23.6921555,-46.7909265,,,,2,2023-06-19T03:09:14+00:00
SAO_407L-10,São Paulo,3550308,True,,2199,,,-23.5427145,-46.4149935,,,,1,2023-06-19T03:09:42+00:00
SAO_407L-10,São Paulo,3550308,True,,2199,,,-23.53683975,-46.471162,,,,1,2023-06-19T03:09:17+00:00
SAO_407L-10,São Paulo,3550308,True,,2199,,,-23.528529,-46.5160515,,,,1,2023-06-19T03:09:15+00:00
SAO_407L-10,São Paulo,3550308,True,,2199,,,-23.579957,-46.4152845,,,,1,2023-06-19T03:08:19+00:00
SAO_3064-41,São Paulo,3550308,True,,1933,,,-23.580005125,-46.4126035,,,,1,2023-06-19T03:08:23+00:00
SAO_3002-10,São Paulo,3550308,True,,34576,,,-23.495415,-46.404151,,,,2,2023-06-19T03:09:16+00:00
SAO_2722-31,São Paulo,3550308,True,,936,,,-23.528614,-46.5162345,,,,1,2023-06-19T03:09:31+00:00
SAO_2722-31,São Paulo,3550308,True,,936,,,-23.511943000000002,-46.501031,,,,1,2023-06-19T03:09:30+00:00
SAO_3008-10,São Paulo,3550308,True,,35283,,,-23.509545,-46.39806175,,,,2,2023-06-19T03:08:15+00:00
SAO_3008-10,São Paulo,3550308,True,,35283,,,-23.52351625,-46.39590125,,,,2,2023-06-19T03:09:44+00:00
SAO_809T-10,São Paulo,3550308,True,,35014,,,-23.58294125,-46.7710935,,,,2,2023-06-19T03:09:51+00:00
SAO_809T-10,São Paulo,3550308,True,,35014,,,-23.585870999999997,-46.8051445,,,,2,2023-06-19T03:09:36+00:00
SAO_342M-10,São Paulo,3550308,True,,747,,,-23.585833875,-46.49137,,,,1,2023-06-19T03:09:15+00:00
SAO_342M-10,São Paulo,3550308,True,,747,,,-23.612083499999997,-46.475029,,,,1,2023-06-19T03:09:37+00:00
SAO_4020-10,São Paulo,3550308,True,,35298,,,-23.53674975,-46.4506235,,,,2,2023-06-19T03:09:51+00:00
SAO_5128-10,São Paulo,3550308,True,,1128,,,-23.6618865,-46.638827,,,,1,2023-06-19T03:09:23+00:00
SAO_5128-10,São Paulo,3550308,True,,1128,,,-23.647145000000002,-46.640127,,,,1,2023-06-19T03:09:17+00:00
SAO_5018-10,São Paulo,3550308,True,,1492,,,-23.676326000000003,-46.643024499999996,,,,1,2023-06-19T03:09:48+00:00
SAO_5018-10,São Paulo,3550308,True,,1492,,,-23.6898345,-46.665865499999995,,,,1,2023-06-19T03:09:18+00:00
SAO_1787-10,São Paulo,3550308,True,,650,,,-23.458133,-46.615718,,,,1,2023-06-19T03:09:21+00:00
SAO_546L-10,São Paulo,3550308,True,,1285,,,-23.67837375,-46.684760749999995,,,,1,2023-06-19T03:09:41+00:00
SAO_546L-10,São Paulo,3550308,True,,1285,,,-23.654868999999998,-46.715183874999994,,,,1,2023-06-19T03:09:37+00:00
SAO_3139-10,São Paulo,3550308,True,,995,,,-23.5672625,-46.523503000000005,,,,1,2023-06-19T03:09:44+00:00
SAO_709M-10,São Paulo,3550308,True,,35230,,,-23.588508750000003,-46.682098125,,,,2,2023-06-19T03:09:54+00:00
SAO_709M-10,São Paulo,3550308,True,,35230,,,-23.566688,-46.701549,,,,2,2023-06-19T03:09:45+00:00
SAO_709M-10,São Paulo,3550308,True,,35230,,,-23.637452,-46.696471,,,,2,2023-06-19T03:09:11+00:00
SAO_2088-10,São Paulo,3550308,True,,33140,,,-23.5037935,-46.379870499999996,,,,2,2023-06-19T03:09:23+00:00
SAO_2088-10,São Paulo,3550308,True,,33140,,,-23.491332,-46.386855,,,,2,2023-06-19T03:09:53+00:00
SAO_2025-10,São Paulo,3550308,True,,35035,,,-23.486841,-46.6086565,,,,2,2023-06-19T03:07:05+00:00
SAO_2025-10,São Paulo,3550308,True,,35035,,,-23.4507355,-46.57235675,,,,2,2023-06-19T03:09:33+00:00
SAO_2025-10,São Paulo,3550308,True,,35035,,,-23.502243999999997,-46.623825,,,,2,2023-06-19T03:09:48+00:00
SAO_2713-10,São Paulo,3550308,True,,32988,,,-23.5224635,-46.559351,,,,2,2023-06-19T03:07:55+00:00
SAO_7267-10,São Paulo,3550308,True,,1427,,,-23.550205249999998,-46.6790995,,,,1,2023-06-19T03:09:15+00:00
SAO_3756-10,São Paulo,3550308,True,,33818,,,-23.5661415,-46.404565749999996,,,,2,2023-06-19T03:09:48+00:00
SAO_6805-10,São Paulo,3550308,True,,31,,,-23.643911000000003,-46.733135000000004,,,,1,2023-06-19T03:09:47+00:00
SAO_3020-10,São Paulo,3550308,True,,33726,,,-23.53496625,-46.451767000000004,,,,2,2023-06-19T03:09:12+00:00
SAO_6116-10,São Paulo,3550308,True,,33954,,,-23.7536805,-46.688084,,,,2,2023-06-19T03:09:20+00:00
SAO_7005-51,São Paulo,3550308,True,,34767,,,-23.73646075,-46.776863250000005,,,,2,2023-06-19T03:09:43+00:00
SAO_7005-51,São Paulo,3550308,True,,34767,,,-23.682668,-46.7694715,,,,2,2023-06-19T03:09:24+00:00
SAO_3010-10,São Paulo,3550308,True,,2543,,,-23.518321,-46.475637,,,,1,2023-06-19T03:09:36+00:00
SAO_352A-10,São Paulo,3550308,True,,164,,,-23.597168500000002,-46.4870035,,,,1,2023-06-19T03:09:25+00:00
SAO_352A-10,São Paulo,3550308,True,,164,,,-23.5005265,-46.442524500000005,,,,1,2023-06-19T03:08:53+00:00
SAO_3141-10,São Paulo,3550308,True,,734,,,-23.60913025,-46.505324,,,,1,2023-06-19T03:08:05+00:00
SAO_3141-10,São Paulo,3550308,True,,734,,,-23.612288,-46.482754,,,,1,2023-06-19T03:09:33+00:00
SAO_3141-10,São Paulo,3550308,True,,734,,,-23.5428375,-46.587731000000005,,,,1,2023-06-19T03:09:48+00:00
SAO_3141-10,São Paulo,3550308,True,,734,,,-23.612288,-46.482754,,,,1,2023-06-19T03:09:30+00:00
SAO_3141-10,São Paulo,3550308,True,,734,,,-23.61291475,-46.4921825,,,,1,2023-06-19T03:09:50+00:00
SAO_9020-10,São Paulo,3550308,True,,34202,,,-23.468928499999997,-46.7213345,,,,2,2023-06-19T03:09:51+00:00
SAO_546A-10,São Paulo,3550308,True,,33899,,,-23.679679,-46.684530499999994,,,,2,2023-06-19T03:09:29+00:00
SAO_7903-10,São Paulo,3550308,True,,33280,,,-23.584702999999998,-46.76706825,,,,2,2023-06-19T03:09:50+00:00
SAO_7903-10,São Paulo,3550308,True,,33280,,,-23.60026,-46.7842455,,,,2,2023-06-19T03:09:44+00:00
SAO_7245-21,São Paulo,3550308,True,,2538,,,-23.654266,-46.711191,,,,1,2023-06-19T03:09:39+00:00
SAO_7245-21,São Paulo,3550308,True,,2538,,,-23.654266,-46.711191,,,,1,2023-06-19T03:09:38+00:00
SAO_7245-21,São Paulo,3550308,True,,2538,,,-23.6381305,-46.711729500000004,,,,1,2023-06-19T03:09:16+00:00
SAO_407M-10,São Paulo,3550308,True,,318,,,-23.5748065,-46.615851,,,,1,2023-06-19T03:09:24+00:00
SAO_8000-1,São Paulo,3550308,True,,2506,,,-23.54337975,-46.643962,,,,1,2023-06-19T03:09:47+00:00
SAO_8000-1,São Paulo,3550308,True,,2506,,,-23.525216,-46.683388875,,,,1,2023-06-19T03:09:48+00:00
SAO_6016-41,São Paulo,3550308,True,,34474,,,-23.7745565,-46.675799,,,,2,2023-06-19T03:09:26+00:00
SAO_6015-10,São Paulo,3550308,True,,1205,,,-23.69138175,-46.77535775,,,,1,2023-06-19T03:09:17+00:00
SAO_6015-10,São Paulo,3550308,True,,1205,,,-23.739275,-46.793328,,,,1,2023-06-19T03:09:45+00:00
SAO_6015-10,São Paulo,3550308,True,,1205,,,-23.734715,-46.7945555,,,,1,2023-06-19T03:09:14+00:00
SAO_6015-10,São Paulo,3550308,True,,1205,,,-23.734715,-46.7945555,,,,1,2023-06-19T03:09:39+00:00
SAO_8548-10,São Paulo,3550308,True,,33346,,,-23.446378875,-46.71538712499999,,,,2,2023-06-19T03:09:31+00:00
SAO_8548-10,São Paulo,3550308,True,,33346,,,-23.441991875,-46.707130375,,,,2,2023-06-19T03:09:34+00:00
SAO_1730-10,São Paulo,3550308,True,,865,,,-23.502498000000003,-46.62359549999999,,,,1,2023-06-19T03:09:31+00:00
SAO_1730-10,São Paulo,3550308,True,,865,,,-23.515809499999996,-46.6162245,,,,1,2023-06-19T03:09:24+00:00
SAO_6726-10,São Paulo,3550308,True,,33961,,,-23.744145,-46.6908525,,,,2,2023-06-19T03:09:51+00:00
SAO_6726-10,São Paulo,3550308,True,,33961,,,-23.7495415,-46.66525275000001,,,,2,2023-06-19T03:09:46+00:00
SAO_2707-10,São Paulo,3550308,True,,33687,,,-23.542055,-46.471434,,,,2,2023-06-19T03:09:08+00:00
SAO_2707-10,São Paulo,3550308,True,,33687,,,-23.526398,-46.405373499999996,,,,2,2023-06-19T03:09:34+00:00
SAO_2707-10,São Paulo,3550308,True,,33687,,,-23.541566,-46.409347999999994,,,,2,2023-06-19T03:08:32+00:00
SAO_2707-10,São Paulo,3550308,True,,33687,,,-23.534399999999998,-46.45086025,,,,2,2023-06-19T03:09:13+00:00
SAO_6053-10,São Paulo,3550308,True,,33913,,,-23.747397499999998,-46.687747,,,,2,2023-06-19T03:09:54+00:00
SAO_5611-10,São Paulo,3550308,True,,33366,,,-23.55340175,-46.634876,,,,2,2023-06-19T03:09:21+00:00
SAO_5611-10,São Paulo,3550308,True,,33366,,,-23.6941195,-46.65682925,,,,2,2023-06-19T03:08:19+00:00
SAO_5611-10,São Paulo,3550308,True,,33366,,,-23.651404,-46.67854975,,,,2,2023-06-19T03:09:11+00:00
SAO_5611-10,São Paulo,3550308,True,,33366,,,-23.702413,-46.6451445,,,,2,2023-06-19T03:09:47+00:00
SAO_5611-10,São Paulo,3550308,True,,33366,,,-23.7160135,-46.624853,,,,2,2023-06-19T03:09:06+00:00
SAO_3098-10,São Paulo,3550308,True,,1078,,,-23.5813125,-46.491349,,,,1,2023-06-19T03:09:29+00:00
SAO_3098-10,São Paulo,3550308,True,,1078,,,-23.63781975,-46.463296,,,,1,2023-06-19T03:09:53+00:00
SAO_3301-10,São Paulo,3550308,True,,34386,,,-23.498639000000004,-46.464862,,,,2,2023-06-19T03:09:22+00:00
SAO_701H-10,São Paulo,3550308,True,,35326,,,-23.705281749999997,-46.742294,,,,2,2023-06-19T03:09:10+00:00
SAO_475M-10,São Paulo,3550308,True,EMTU,343,https://moovitapp.com/index/pt-br/transporte_p%C3%BAblico-line-343-Sao_Paulo-242-2038937-36419427-0,5.15,-23.594653,-46.6193535,,,,1,2023-06-19T03:09:10+00:00
SAO_8100-10,São Paulo,3550308,True,,1262,,,-23.4859945,-46.7259765,,,,1,2023-06-19T03:09:33+00:00
SAO_8100-10,São Paulo,3550308,True,,1262,,,-23.5201505,-46.69993,,,,1,2023-06-19T03:09:22+00:00
SAO_8100-10,São Paulo,3550308,True,,1262,,,-23.487007,-46.726683,,,,1,2023-06-19T03:09:28+00:00
SAO_2711-10,São Paulo,3550308,True,,33693,,,-23.514456000000003,-46.48103125,,,,2,2023-06-19T03:09:16+00:00
SAO_2711-10,São Paulo,3550308,True,,33693,,,-23.5176135,-46.4967915,,,,2,2023-06-19T03:09:31+00:00
SAO_807P-10,São Paulo,3550308,True,,2099,,,-23.618883500000003,-46.722800500000005,,,,1,2023-06-19T03:09:13+00:00
SAO_271A-51,São Paulo,3550308,True,,703,,,-23.5164585,-46.568206,,,,1,2023-06-19T03:09:31+00:00
SAO_6412-10,São Paulo,3550308,True,,33538,,,-23.58769125,-46.67168025,,,,2,2023-06-19T03:09:29+00:00
SAO_6412-10,São Paulo,3550308,True,,33538,,,-23.6115255,-46.7218435,,,,2,2023-06-19T03:09:15+00:00
SAO_6014-10,São Paulo,3550308,True,,188,,,-23.6825795,-46.767716500000006,,,,1,2023-06-19T03:07:09+00:00
SAO_6014-10,São Paulo,3550308,True,,188,,,-23.701573500000002,-46.7819745,,,,1,2023-06-19T03:09:08+00:00
SAO_8022-10,São Paulo,3550308,True,,34853,,,-23.571965,-46.708397500000004,,,,2,2023-06-19T03:09:21+00:00
SAO_6049-10,São Paulo,3550308,True,,1309,,,-23.6935165,-46.797576500000005,,,,1,2023-06-19T03:09:22+00:00
SAO_6049-10,São Paulo,3550308,True,,1309,,,-23.694253,-46.793887,,,,1,2023-06-19T03:09:40+00:00
SAO_2718-10,São Paulo,3550308,True,,931,,,-23.493621250000004,-46.49971024999999,,,,1,2023-06-19T03:09:23+00:00
SAO_5020-10,São Paulo,3550308,True,,1670,,,-23.601851,-46.602715,,,,1,2023-06-19T03:09:39+00:00
SAO_1023-10,São Paulo,3550308,True,,35327,,,-23.486845000000002,-46.7270285,,,,2,2023-06-19T03:09:33+00:00
SAO_9008-10,São Paulo,3550308,True,,33643,,,-23.43804975,-46.709863,,,,2,2023-06-19T03:09:31+00:00
SAO_9008-10,São Paulo,3550308,True,,33643,,,-23.474202,-46.669375,,,,2,2023-06-19T03:08:51+00:00
SAO_8019-31,São Paulo,3550308,True,,2574,,,-23.57717,-46.7503235,,,,1,2023-06-19T03:09:20+00:00
SAO_6120-10,São Paulo,3550308,True,,33957,,,-23.7620335,-46.671406000000005,,,,2,2023-06-19T03:09:26+00:00
SAO_930P-10,São Paulo,3550308,True,,2115,,,-23.545286249999997,-46.63817075,,,,1,2023-06-19T03:09:14+00:00
SAO_930P-10,São Paulo,3550308,True,,2115,,,-23.5465655,-46.630341,,,,1,2023-06-19T03:09:20+00:00
SAO_8014-10,São Paulo,3550308,True,,801,,,-23.432118687499997,-46.786837625000004,,,,1,2023-06-19T03:09:35+00:00
SAO_574A-21,São Paulo,3550308,True,,34458,,,-23.667493999999998,-46.6420775,,,,2,2023-06-19T03:09:36+00:00
SAO_6063-42,São Paulo,3550308,True,,2002,,,-23.796153500000003,-46.680753499999994,,,,1,2023-06-19T03:08:56+00:00
SAO_178Y-10,São Paulo,3550308,True,,868,,,-23.473557,-46.63605,,,,1,2023-06-19T03:09:43+00:00
SAO_2202-10,São Paulo,3550308,True,,33678,,,-23.5213175,-46.399682999999996,,,,2,2023-06-19T03:09:46+00:00
SAO_2202-10,São Paulo,3550308,True,,33678,,,-23.48792525,-46.382452,,,,2,2023-06-19T03:09:31+00:00
SAO_2202-10,São Paulo,3550308,True,,33678,,,-23.506185000000002,-46.403538,,,,2,2023-06-19T03:09:45+00:00
SAO_2202-10,São Paulo,3550308,True,,33678,,,-23.48792525,-46.382452,,,,2,2023-06-19T03:04:27+00:00
SAO_2202-10,São Paulo,3550308,True,,33678,,,-23.535185,-46.401478,,,,2,2023-06-19T03:09:48+00:00
SAO_675P-10,São Paulo,3550308,True,STT,275,https://moovitapp.com/index/pt-br/transporte_p%C3%BAblico-line-275-Sao_Paulo-242-850661-183275-0,5.3,-23.6468385,-46.645112,,,,1,2023-06-19T03:09:10+00:00
SAO_675P-10,São Paulo,3550308,True,STT,275,https://moovitapp.com/index/pt-br/transporte_p%C3%BAblico-line-275-Sao_Paulo-242-850661-183275-0,5.3,-23.6635655,-46.706256,,,,1,2023-06-19T03:09:30+00:00
SAO_675P-10,São Paulo,3550308,True,STT,275,https://moovitapp.com/index/pt-br/transporte_p%C3%BAblico-line-275-Sao_Paulo-242-850661-183275-0,5.3,-23.646406,-46.644999,,,,1,2023-06-19T03:09:35+00:00
SAO_5018-31,São Paulo,3550308,True,,34629,,,-23.675471,-46.6729985,,,,2,2023-06-19T03:09:41+00:00
SAO_4012-10,São Paulo,3550308,True,,2185,,,-23.619597499999998,-46.4606595,,,,1,2023-06-19T03:09:40+00:00
SAO_7012-10,São Paulo,3550308,True,,2043,,,-23.698029,-46.778752999999995,,,,1,2023-06-19T03:09:35+00:00
SAO_4732-31,São Paulo,3550308,True,,34895,,,-23.632131,-46.614126,,,,2,2023-06-19T03:09:40+00:00
SAO_4284-10,São Paulo,3550308,True,EMTU,289,https://moovitapp.com/index/pt-br/transporte_p%C3%BAblico-line-289-Sao_Paulo-242-2038937-36419390-0,5.1,-23.608691,-46.555031,,,,1,2023-06-19T03:09:36+00:00
SAO_3735-10,São Paulo,3550308,True,,33803,,,-23.541323,-46.4845135,,,,2,2023-06-19T03:09:30+00:00
SAO_3735-10,São Paulo,3550308,True,,33803,,,-23.5462415,-46.49565175,,,,2,2023-06-19T03:09:25+00:00
SAO_6052-10,São Paulo,3550308,True,,1144,,,-23.775509999999997,-46.691679,,,,1,2023-06-19T03:09:14+00:00
SAO_174M-10,São Paulo,3550308,True,,673,,,-23.5768865,-46.610588,,,,1,2023-06-19T03:09:35+00:00
SAO_174M-10,São Paulo,3550308,True,,673,,,-23.487883500000002,-46.574864500000004,,,,1,2023-06-19T03:09:47+00:00
SAO_174M-10,São Paulo,3550308,True,,673,,,-23.5003675,-46.615280999999996,,,,1,2023-06-19T03:08:57+00:00
SAO_5290-10,São Paulo,3550308,True,,597,,,-23.664088,-46.637847,,,,1,2023-06-19T03:09:41+00:00
SAO_5290-10,São Paulo,3550308,True,,597,,,-23.575619250000003,-46.640598499999996,,,,1,2023-06-19T03:09:27+00:00
SAO_6823-10,São Paulo,3550308,True,,34,,,-23.6600855,-46.772391,,,,1,2023-06-19T03:09:35+00:00
SAO_2723-10,São Paulo,3550308,True,,937,,,-23.491958,-46.44579875,,,,1,2023-06-19T03:09:19+00:00
SAO_2723-10,São Paulo,3550308,True,,937,,,-23.5397045,-46.4625705,,,,1,2023-06-19T03:09:46+00:00
SAO_707K-10,São Paulo,3550308,True,,35271,,,-23.66813,-46.735502499999996,,,,2,2023-06-19T03:09:48+00:00
SAO_707K-10,São Paulo,3550308,True,,35271,,,-23.668594499999998,-46.7355085,,,,2,2023-06-19T03:09:29+00:00
SAO_6074-10,São Paulo,3550308,True,,1161,,,-23.75512775,-46.67639150000001,,,,1,2023-06-19T03:09:20+00:00
SAO_6074-10,São Paulo,3550308,True,,1161,,,-23.686279,-46.693618,,,,1,2023-06-19T03:09:17+00:00
SAO_6074-10,São Paulo,3550308,True,,1161,,,-23.7552135,-46.6770055,,,,1,2023-06-19T03:09:41+00:00
SAO_6074-10,São Paulo,3550308,True,,1161,,,-23.734544,-46.664035999999996,,,,1,2023-06-19T03:09:37+00:00
SAO_4007-10,São Paulo,3550308,True,,2181,,,-23.551885,-46.445453,,,,1,2023-06-19T03:09:25+00:00
SAO_4007-10,São Paulo,3550308,True,,2181,,,-23.554587124999998,-46.46730775,,,,1,2023-06-19T03:09:28+00:00
SAO_4007-10,São Paulo,3550308,True,,2181,,,-23.56226875,-46.406988750000004,,,,1,2023-06-19T03:09:50+00:00
SAO_374M-10,São Paulo,3550308,True,,34733,,,-23.48555,-46.48161125,,,,2,2023-06-19T03:09:50+00:00
SAO_6042-22,São Paulo,3550308,True,,2490,,,-23.673127,-46.764875,,,,1,2023-06-19T03:09:48+00:00
SAO_502J-23,São Paulo,3550308,True,,2518,,,-23.6798925,-46.665064,,,,1,2023-06-19T03:09:47+00:00
SAO_6022-10,São Paulo,3550308,True,,33975,,,-23.725673999999998,-46.7836975,,,,2,2023-06-19T03:09:25+00:00
SAO_6053-10,São Paulo,3550308,True,,1145,,,-23.768573500000002,-46.6644725,,,,1,2023-06-19T03:09:09+00:00
SAO_139A-10,São Paulo,3550308,True,,35219,,,-23.4861205,-46.710727500000004,,,,2,2023-06-19T03:09:21+00:00
SAO_6821-10,São Paulo,3550308,True,,32789,,,-23.686469000000002,-46.780176,,,,2,2023-06-19T03:09:16+00:00
SAO_3721-10,São Paulo,3550308,True,,1019,,,-23.5623535,-46.493435,,,,1,2023-06-19T03:09:19+00:00
SAO_3721-10,São Paulo,3550308,True,,1019,,,-23.56713875,-46.49416425,,,,1,2023-06-19T03:09:16+00:00
SAO_6338-10,São Paulo,3550308,True,,34061,,,-23.642826,-46.644572499999995,,,,2,2023-06-19T03:04:43+00:00
SAO_6338-10,São Paulo,3550308,True,,34061,,,-23.608994,-46.63794125,,,,2,2023-06-19T03:09:25+00:00
SAO_209P-1,São Paulo,3550308,True,,2301,,,-23.5660535,-46.7022045,,,,1,2023-06-19T03:09:22+00:00
SAO_1775-10,São Paulo,3550308,True,,33406,,,-23.454431,-46.614748500000005,,,,2,2023-06-19T03:09:50+00:00
SAO_4005-10,São Paulo,3550308,True,,2179,,,-23.5833585,-46.4077735,,,,1,2023-06-19T03:09:37+00:00
SAO_8707-21,São Paulo,3550308,True,,2065,,,-23.569597,-46.716044749999995,,,,1,2023-06-19T03:09:54+00:00
SAO_6820-10,São Paulo,3550308,True,BR7 Mobilidade,19,https://moovitapp.com/index/pt-br/transporte_p%C3%BAblico-line-19-Sao_Paulo-242-851856-516833-0,5.75,-23.653719000000002,-46.762564,,,,1,2023-06-19T03:09:52+00:00
SAO_390E-10,São Paulo,3550308,True,,1882,,,-23.5314755,-46.5591195,,,,1,2023-06-19T03:08:52+00:00
SAO_390E-10,São Paulo,3550308,True,,1882,,,-23.539987,-46.61139225,,,,1,2023-06-19T03:09:23+00:00
SAO_702C-10,São Paulo,3550308,True,STT,485,https://moovitapp.com/index/pt-br/transporte_p%C3%BAblico-line-485-Sao_Paulo-242-850661-183324-0,5.3,-23.5478925,-46.642341,,,,1,2023-06-19T03:09:47+00:00
SAO_3735-41,São Paulo,3550308,True,,1920,,,-23.5497695,-46.4928965,,,,1,2023-06-19T03:09:46+00:00
SAO_407J-10,São Paulo,3550308,True,,2198,,,-23.548792,-46.4011005,,,,1,2023-06-19T03:09:50+00:00
SAO_407J-10,São Paulo,3550308,True,,2198,,,-23.553845,-46.527522000000005,,,,1,2023-06-19T03:09:30+00:00
SAO_407J-10,São Paulo,3550308,True,,2198,,,-23.556331,-46.470169,,,,1,2023-06-19T03:09:09+00:00
SAO_2712-10,São Paulo,3550308,True,,33694,,,-23.5268035,-46.478916999999996,,,,2,2023-06-19T03:09:47+00:00
SAO_2712-10,São Paulo,3550308,True,,33694,,,-23.52446425,-46.47863675000001,,,,2,2023-06-19T03:09:33+00:00
SAO_9015-10,São Paulo,3550308,True,,34037,,,-23.4697465,-46.71376,,,,2,2023-06-19T03:09:47+00:00
SAO_3046-10,São Paulo,3550308,True,,33739,,,-23.57926775,-46.525281875000005,,,,2,2023-06-19T03:09:11+00:00
SAO_3046-10,São Paulo,3550308,True,,33739,,,-23.579447000000002,-46.525166999999996,,,,2,2023-06-19T03:09:10+00:00
SAO_3046-10,São Paulo,3550308,True,,33739,,,-23.5820655,-46.537505499999995,,,,2,2023-06-19T03:09:52+00:00
SAO_637V-10,São Paulo,3550308,True,EMTU,104,https://moovitapp.com/index/pt-br/transporte_p%C3%BAblico-line-104-Sao_Paulo-242-2038937-36419267-0,5.1,-23.701860125000003,-46.701362125,,,,1,2023-06-19T03:09:35+00:00
SAO_575A-10,São Paulo,3550308,True,,34406,,,-23.601847499999998,-46.570496000000006,,,,2,2023-06-19T03:09:15+00:00
SAO_575A-10,São Paulo,3550308,True,,34406,,,-23.549815000000002,-46.5852105,,,,2,2023-06-19T03:09:27+00:00
SAO_575A-10,São Paulo,3550308,True,,34406,,,-23.5607845,-46.585155,,,,2,2023-06-19T03:09:16+00:00
SAO_1786-10,São Paulo,3550308,True,,649,,,-23.45376775,-46.607023,,,,1,2023-06-19T03:09:48+00:00
SAO_1786-10,São Paulo,3550308,True,,649,,,-23.45376775,-46.607023,,,,1,2023-06-19T03:05:42+00:00
SAO_577T-10,São Paulo,3550308,True,,1291,,,-23.601483749999996,-46.639343874999994,,,,1,2023-06-19T03:09:40+00:00
SAO_577T-10,São Paulo,3550308,True,,1291,,,-23.662898499999997,-46.66141399999999,,,,1,2023-06-19T03:09:38+00:00
SAO_6L02-10,São Paulo,3550308,True,,33946,,,-23.910714499999997,-46.766179,,,,2,2023-06-19T03:09:17+00:00
SAO_4024-10,São Paulo,3550308,True,,34926,,,-23.542775,-46.446355249999996,,,,2,2023-06-19T03:09:13+00:00
SAO_7006-10,São Paulo,3550308,True,,34763,,,-23.750601,-46.777545,,,,2,2023-06-19T03:09:30+00:00
SAO_7006-10,São Paulo,3550308,True,,34763,,,-23.6922445,-46.7772405,,,,2,2023-06-19T03:09:28+00:00
SAO_8500-10,São Paulo,3550308,True,,34035,,,-23.521480750000002,-46.666559,,,,2,2023-06-19T03:09:45+00:00
SAO_478P-10,São Paulo,3550308,True,EMTU,349,https://moovitapp.com/index/pt-br/transporte_p%C3%BAblico-line-349-Sao_Paulo-242-2038937-36419432-0,5.1,-23.598944125000003,-46.60954325,,,,1,2023-06-19T03:09:14+00:00
SAO_478P-10,São Paulo,3550308,True,EMTU,349,https://moovitapp.com/index/pt-br/transporte_p%C3%BAblico-line-349-Sao_Paulo-242-2038937-36419432-0,5.1,-23.52795775,-46.68832825,,,,1,2023-06-19T03:09:30+00:00
SAO_8545-10,São Paulo,3550308,True,,34132,,,-23.4673575,-46.678393,,,,2,2023-06-19T03:09:43+00:00
SAO_2715-10,São Paulo,3550308,True,,928,,,-23.511367,-46.500653,,,,1,2023-06-19T03:09:46+00:00
SAO_4027-10,São Paulo,3550308,True,,33865,,,-23.5931925,-46.489129500000004,,,,2,2023-06-19T03:09:30+00:00
SAO_4027-10,São Paulo,3550308,True,,33865,,,-23.622688250000003,-46.44883225,,,,2,2023-06-19T03:09:35+00:00
SAO_6291-10,São Paulo,3550308,True,,33126,,,-23.574599125,-46.6680825,,,,2,2023-06-19T03:09:42+00:00
SAO_6291-10,São Paulo,3550308,True,,33126,,,-23.64456,-46.776529999999994,,,,2,2023-06-19T03:09:29+00:00
SAO_6291-10,São Paulo,3550308,True,,33126,,,-23.602723500000003,-46.712022,,,,2,2023-06-19T03:09:26+00:00
SAO_2020-10,São Paulo,3550308,True,,2262,,,-23.460305374999997,-46.623050625,,,,1,2023-06-19T03:09:42+00:00
SAO_8029-10,São Paulo,3550308,True,,2540,,,-23.6166355,-46.735458,,,,1,2023-06-19T03:09:52+00:00
SAO_3778-10,São Paulo,3550308,True,,1062,,,-23.5563895,-46.525339,,,,1,2023-06-19T03:08:01+00:00
SAO_3778-10,São Paulo,3550308,True,,1062,,,-23.538515,-46.56404,,,,1,2023-06-19T03:09:36+00:00
SAO_3778-10,São Paulo,3550308,True,,1062,,,-23.57241125,-46.490596999999994,,,,1,2023-06-19T03:09:18+00:00
SAO_3778-10,São Paulo,3550308,True,,1062,,,-23.569554,-46.486423,,,,1,2023-06-19T03:09:38+00:00
SAO_6050-10,São Paulo,3550308,True,,33993,,,-23.74736625,-46.6766655,,,,2,2023-06-19T03:09:28+00:00
SAO_707A-10,São Paulo,3550308,True,,1990,,,-23.611075999999997,-46.669148,,,,1,2023-06-19T03:09:41+00:00
SAO_707A-10,São Paulo,3550308,True,,1990,,,-23.611536,-46.6362865,,,,1,2023-06-19T03:09:43+00:00
SAO_6450-10,São Paulo,3550308,True,,32827,,,-23.598398500000002,-46.6740135,,,,2,2023-06-19T03:09:31+00:00
SAO_6450-10,São Paulo,3550308,True,,32827,,,-23.6542305,-46.7623055,,,,2,2023-06-19T03:09:51+00:00
SAO_6450-10,São Paulo,3550308,True,,32827,,,-23.567678875000002,-46.659757,,,,2,2023-06-19T03:09:33+00:00
SAO_6450-10,São Paulo,3550308,True,,32827,,,-23.647837000000003,-46.7480295,,,,2,2023-06-19T03:09:48+00:00
SAO_6450-10,São Paulo,3550308,True,,32827,,,-23.634339500000003,-46.694065249999994,,,,2,2023-06-19T03:09:17+00:00
SAO_1730-10,São Paulo,3550308,True,,33633,,,-23.515316,-46.6163495,,,,2,2023-06-19T03:09:30+00:00
SAO_2719-10,São Paulo,3550308,True,,932,,,-23.531444999999998,-46.5293925,,,,1,2023-06-19T03:09:17+00:00
SAO_408A-10,São Paulo,3550308,True,,766,,,-23.579777,-46.632999,,,,1,2023-06-19T03:09:51+00:00
SAO_971A-10,São Paulo,3550308,True,,33426,,,-23.486307,-46.680385,,,,2,2023-06-19T03:09:09+00:00
SAO_971A-10,São Paulo,3550308,True,,33426,,,-23.4990955,-46.662316,,,,2,2023-06-19T03:09:39+00:00
SAO_6836-10,São Paulo,3550308,True,BR7 Mobilidade,13,https://moovitapp.com/index/pt-br/transporte_p%C3%BAblico-line-13-Sao_Paulo-242-851856-705937-0,5.75,-23.660197,-46.746239,,,,1,2023-06-19T03:09:36+00:00
SAO_9501-10,São Paulo,3550308,True,,33230,,,-23.542786,-46.6384895,,,,2,2023-06-19T03:09:25+00:00
SAO_9501-10,São Paulo,3550308,True,,33230,,,-23.474486,-46.66942825,,,,2,2023-06-19T03:09:16+00:00
SAO_9501-10,São Paulo,3550308,True,,33230,,,-23.5002135,-46.686167,,,,2,2023-06-19T03:09:31+00:00
SAO_1705-10,São Paulo,3550308,True,,33617,,,-23.4347015,-46.584086,,,,2,2023-06-19T03:09:22+00:00
SAO_1705-10,São Paulo,3550308,True,,33617,,,-23.445498,-46.58982,,,,2,2023-06-19T03:09:11+00:00
SAO_2060-10,São Paulo,3550308,True,EMTU,134,https://moovitapp.com/index/pt-br/transporte_p%C3%BAblico-line-134-Sao_Paulo-242-2038937-36419287-0,5.2,-23.518321,-46.475637,,,,1,2023-06-19T03:09:39+00:00
SAO_2060-10,São Paulo,3550308,True,EMTU,134,https://moovitapp.com/index/pt-br/transporte_p%C3%BAblico-line-134-Sao_Paulo-242-2038937-36419287-0,5.2,-23.523774000000003,-46.475010499999996,,,,1,2023-06-19T03:09:14+00:00
SAO_5109-10,São Paulo,3550308,True,,34619,,,-23.547036,-46.628932,,,,2,2023-06-19T03:09:42+00:00
SAO_5109-10,São Paulo,3550308,True,,34619,,,-23.547353,-46.6287365,,,,2,2023-06-19T03:09:44+00:00
SAO_8006-10,São Paulo,3550308,True,,1256,,,-23.447325499999998,-46.73523,,,,1,2023-06-19T03:09:48+00:00
SAO_978A-10,São Paulo,3550308,True,,1369,,,-23.4756295,-46.6704885,,,,1,2023-06-19T03:09:47+00:00
SAO_978A-10,São Paulo,3550308,True,,1369,,,-23.49493225,-46.684929,,,,1,2023-06-19T03:09:41+00:00
SAO_978A-10,São Paulo,3550308,True,,1369,,,-23.4756295,-46.6704885,,,,1,2023-06-19T03:09:28+00:00
SAO_5164-41,São Paulo,3550308,True,,1617,,,-23.646586749999997,-46.645936000000006,,,,1,2023-06-19T03:09:26+00:00
SAO_5164-41,São Paulo,3550308,True,,1617,,,-23.6464495,-46.646234750000005,,,,1,2023-06-19T03:09:46+00:00
SAO_5164-41,São Paulo,3550308,True,,1617,,,-23.6463975,-46.651689000000005,,,,1,2023-06-19T03:09:35+00:00
SAO_6806-10,São Paulo,3550308,True,,32800,,,-23.64320075,-46.75297975,,,,2,2023-06-19T03:09:29+00:00
SAO_8018-10,São Paulo,3550308,True,,2070,,,-23.603143749999997,-46.738738,,,,1,2023-06-19T03:09:35+00:00
SAO_6057-10,São Paulo,3550308,True,,1148,,,-23.7637085,-46.7074395,,,,1,2023-06-19T03:09:43+00:00
SAO_6837-10,São Paulo,3550308,True,,6,,,-23.6161065,-46.739967,,,,1,2023-06-19T03:09:18+00:00
SAO_6837-10,São Paulo,3550308,True,,6,,,-23.630844500000002,-46.7587345,,,,1,2023-06-19T03:09:46+00:00
SAO_3791-10,São Paulo,3550308,True,,1069,,,-23.5432925,-46.4937455,,,,1,2023-06-19T03:09:31+00:00
SAO_3791-10,São Paulo,3550308,True,,1069,,,-23.55470775,-46.5134515,,,,1,2023-06-19T03:09:30+00:00
SAO_719P-10,São Paulo,3550308,True,,1372,,,-23.549818375,-46.65974075,,,,1,2023-06-19T03:09:12+00:00
SAO_2019-10,São Paulo,3550308,True,,33673,,,-23.532400000000003,-46.482676,,,,2,2023-06-19T03:09:35+00:00
SAO_2019-10,São Paulo,3550308,True,,33673,,,-23.53107,-46.538336,,,,2,2023-06-19T03:09:09+00:00
SAO_807A-10,São Paulo,3550308,True,,34668,,,-23.648557625000002,-46.75664075,,,,2,2023-06-19T03:09:23+00:00
SAO_807A-10,São Paulo,3550308,True,,34668,,,-23.630661,-46.773396000000005,,,,2,2023-06-19T03:09:24+00:00
SAO_2709-10,São Paulo,3550308,True,,33690,,,-23.529722,-46.500626,,,,2,2023-06-19T03:09:30+00:00
SAO_2709-10,São Paulo,3550308,True,,33690,,,-23.52831975,-46.49943450000001,,,,2,2023-06-19T03:09:18+00:00
SAO_7550-10,São Paulo,3550308,True,,2093,,,-23.654166500000002,-46.711513,,,,1,2023-06-19T03:09:21+00:00
SAO_4001-10,São Paulo,3550308,True,,2176,,,-23.553358000000003,-46.492377,,,,1,2023-06-19T03:09:44+00:00
SAO_4001-10,São Paulo,3550308,True,,2176,,,-23.557517,-46.520212,,,,1,2023-06-19T03:09:20+00:00
SAO_4001-10,São Paulo,3550308,True,,2176,,,-23.5332195,-46.440936,,,,1,2023-06-19T03:09:16+00:00
SAO_748A-10,São Paulo,3550308,True,EMTU,498,https://moovitapp.com/index/pt-br/transporte_p%C3%BAblico-line-498-Sao_Paulo-242-2038937-36419523-0,5.4,-23.5510456875,-46.740044062500004,,,,1,2023-06-19T03:09:43+00:00
SAO_342C-10,São Paulo,3550308,True,,1002,,,-23.5232615,-46.545676,,,,1,2023-06-19T03:09:11+00:00
SAO_342C-10,São Paulo,3550308,True,,1002,,,-23.543342000000003,-46.493451500000006,,,,1,2023-06-19T03:09:48+00:00
SAO_1785-10,São Paulo,3550308,True,,34584,,,-23.477968500000003,-46.622819,,,,2,2023-06-19T03:09:44+00:00
SAO_3746-31,São Paulo,3550308,True,,34865,,,-23.542912,-46.588283000000004,,,,2,2023-06-19T03:09:40+00:00
SAO_775V-10,São Paulo,3550308,True,,475,,,-23.57028475,-46.74066549999999,,,,1,2023-06-19T03:09:21+00:00
SAO_702C-10,São Paulo,3550308,True,,33253,,,-23.54176,-46.639487,,,,2,2023-06-19T03:09:52+00:00
SAO_702C-10,São Paulo,3550308,True,,33253,,,-23.5704535,-46.749197499999994,,,,2,2023-06-19T03:09:40+00:00
SAO_4031-10,São Paulo,3550308,True,,33869,,,-23.614917,-46.5134325,,,,2,2023-06-19T03:09:21+00:00
SAO_4031-10,São Paulo,3550308,True,,33869,,,-23.5833985,-46.568815,,,,2,2023-06-19T03:09:45+00:00
SAO_4031-10,São Paulo,3550308,True,,33869,,,-23.614278,-46.5171455,,,,2,2023-06-19T03:09:50+00:00
SAO_9717-10,São Paulo,3550308,True,,817,,,-23.463303,-46.6814685,,,,1,2023-06-19T03:09:09+00:00
SAO_2728-10,São Paulo,3550308,True,,943,,,-23.504063000000002,-46.515358500000005,,,,1,2023-06-19T03:08:51+00:00
SAO_4036-10,São Paulo,3550308,True,,2561,,,-23.5580635,-46.522337500000006,,,,1,2023-06-19T03:09:10+00:00
SAO_778J-10,São Paulo,3550308,True,EMTU,508,https://moovitapp.com/index/pt-br/transporte_p%C3%BAblico-line-508-Sao_Paulo-242-2038937-36419530-0,5.65,-23.57364725,-46.73229125,,,,1,2023-06-19T03:09:39+00:00
SAO_778J-10,São Paulo,3550308,True,EMTU,508,https://moovitapp.com/index/pt-br/transporte_p%C3%BAblico-line-508-Sao_Paulo-242-2038937-36419530-0,5.65,-23.575041,-46.728943,,,,1,2023-06-19T03:09:14+00:00
SAO_8072-10,São Paulo,3550308,True,,34847,,,-23.6423545,-46.7659975,,,,2,2023-06-19T03:09:33+00:00
SAO_8072-10,São Paulo,3550308,True,,34847,,,-23.605016,-46.746038999999996,,,,2,2023-06-19T03:09:27+00:00
SAO_EVEN-10,São Paulo,3550308,True,,34358,,,-23.457892,-46.642534,,,,2,2023-06-19T03:09:50+00:00
SAO_EVEN-10,São Paulo,3550308,True,,34358,,,-23.5216,-46.4253885,,,,2,2023-06-19T03:09:36+00:00
SAO_2029-10,São Paulo,3550308,True,,35038,,,-23.433265,-46.578378,,,,2,2023-06-19T03:09:09+00:00
SAO_8017-10,São Paulo,3550308,True,,34029,,,-23.445828499999998,-46.722476,,,,2,2023-06-19T03:09:41+00:00
SAO_857R-10,São Paulo,3550308,True,,1892,,,-23.578859,-46.635529500000004,,,,1,2023-06-19T03:09:11+00:00
SAO_374M-10,São Paulo,3550308,True,,1965,,,-23.503409750000003,-46.496862375000006,,,,1,2023-06-19T03:05:59+00:00
SAO_374M-10,São Paulo,3550308,True,,1965,,,-23.488357,-46.500054,,,,1,2023-06-19T03:09:47+00:00
SAO_574C-10,São Paulo,3550308,True,,34407,,,-23.611402,-46.473266,,,,2,2023-06-19T03:09:20+00:00
SAO_574R-10,São Paulo,3550308,True,,1623,,,-23.599586000000002,-46.5143935,,,,1,2023-06-19T03:09:11+00:00
SAO_574R-10,São Paulo,3550308,True,,1623,,,-23.61408,-46.5008325,,,,1,2023-06-19T03:09:26+00:00
SAO_8594-10,São Paulo,3550308,True,EMTU,432,https://moovitapp.com/index/pt-br/transporte_p%C3%BAblico-line-432-Sao_Paulo-242-2038937-36419486-0,4.8,-23.457138,-46.719500499999995,,,,1,2023-06-19T03:07:30+00:00
SAO_6816-31,São Paulo,3550308,True,,1748,,,-23.652935499999998,-46.776088,,,,1,2023-06-19T03:09:13+00:00
SAO_6816-31,São Paulo,3550308,True,,1748,,,-23.653212,-46.7764515,,,,1,2023-06-19T03:09:35+00:00
SAO_9002-10,São Paulo,3550308,True,,870,,,-23.459633,-46.66623,,,,1,2023-06-19T03:09:13+00:00
SAO_8194-10,São Paulo,3550308,True,,805,,,-23.4361435,-46.713632000000004,,,,1,2023-06-19T03:09:16+00:00
SAO_8194-10,São Paulo,3550308,True,,805,,,-23.408027500000003,-46.7584705,,,,1,2023-06-19T03:09:40+00:00
SAO_8610-10,São Paulo,3550308,True,,34831,,,-23.6031905,-46.781071999999995,,,,2,2023-06-19T03:09:38+00:00
SAO_8610-10,São Paulo,3550308,True,,34831,,,-23.5603275,-46.6551405,,,,2,2023-06-19T03:09:36+00:00
SAO_8610-10,São Paulo,3550308,True,,34831,,,-23.587673000000002,-46.79304075,,,,2,2023-06-19T03:09:11+00:00
SAO_8023-10,São Paulo,3550308,True,,34842,,,-23.590418624999998,-46.802857625,,,,2,2023-06-19T03:09:48+00:00
SAO_7054-10,São Paulo,3550308,True,,41,,,-23.6517055,-46.7906215,,,,1,2023-06-19T03:09:15+00:00
SAO_7054-10,São Paulo,3550308,True,,41,,,-23.6517055,-46.7906215,,,,1,2023-06-19T03:09:29+00:00
SAO_3064-10,São Paulo,3550308,True,Urubupungá,980,https://moovitapp.com/index/pt-br/transporte_p%C3%BAblico-line-980-Sao_Paulo-242-873835-76224585-0,4.6,-23.5427145,-46.4149935,,,,1,2023-06-19T03:09:34+00:00
SAO_3064-10,São Paulo,3550308,True,Urubupungá,980,https://moovitapp.com/index/pt-br/transporte_p%C3%BAblico-line-980-Sao_Paulo-242-873835-76224585-0,4.6,-23.5835525,-46.408947,,,,1,2023-06-19T03:09:29+00:00
SAO_848L-10,São Paulo,3550308,True,EMTU,808,https://moovitapp.com/index/pt-br/transporte_p%C3%BAblico-line-808-Sao_Paulo-242-2038937-36419584-0,4.8,-23.454447000000002,-46.720135,,,,1,2023-06-19T03:09:47+00:00
SAO_848L-10,São Paulo,3550308,True,EMTU,808,https://moovitapp.com/index/pt-br/transporte_p%C3%BAblico-line-808-Sao_Paulo-242-2038937-36419584-0,4.8,-23.411632,-46.746584999999996,,,,1,2023-06-19T03:09:37+00:00
SAO_4724-10,São Paulo,3550308,True,,2060,,,-23.54126,-46.495264,,,,1,2023-06-19T03:09:45+00:00
SAO_6414-10,São Paulo,3550308,True,EMTU,360,https://moovitapp.com/index/pt-br/transporte_p%C3%BAblico-line-360-Sao_Paulo-242-2038937-36419441-0,5.2,-23.575407875,-46.668967,,,,1,2023-06-19T03:09:49+00:00
SAO_6414-10,São Paulo,3550308,True,EMTU,360,https://moovitapp.com/index/pt-br/transporte_p%C3%BAblico-line-360-Sao_Paulo-242-2038937-36419441-0,5.2,-23.625837500000003,-46.687904,,,,1,2023-06-19T03:09:31+00:00
SAO_875H-10,São Paulo,3550308,True,,1340,,,-23.5561035,-46.66256025,,,,1,2023-06-19T03:09:35+00:00
SAO_605A-10,São Paulo,3550308,True,,35290,,,-23.6494365,-46.6320625,,,,2,2023-06-19T03:09:35+00:00
SAO_4716-10,São Paulo,3550308,True,,1106,,,-23.613084,-46.621373500000004,,,,1,2023-06-19T03:09:51+00:00
SAO_N535-11,São Paulo,3550308,True,,35155,,,-23.603310999999998,-46.6028315,,,,2,2023-06-19T03:09:05+00:00
SAO_6003-21,São Paulo,3550308,True,,35344,,,-23.7669475,-46.7164815,,,,2,2023-06-19T03:09:08+00:00
SAO_N502-11,São Paulo,3550308,True,,35144,,,-23.603656,-46.6035635,,,,2,2023-06-19T03:09:52+00:00
SAO_211V-10,São Paulo,3550308,True,EMTU,154,https://moovitapp.com/index/pt-br/transporte_p%C3%BAblico-line-154-Sao_Paulo-242-2038937-36419300-0,6.8,-23.505204499999998,-46.51569550000001,,,,1,2023-06-19T03:09:34+00:00
SAO_971T-10,São Paulo,3550308,True,,33386,,,-23.4885375,-46.651092250000005,,,,2,2023-06-19T03:09:51+00:00
SAO_8040-10,São Paulo,3550308,True,,406,,,-23.494131250000002,-46.7643805,,,,1,2023-06-19T03:09:51+00:00
SAO_6051-10,São Paulo,3550308,True,,1143,,,-23.771461000000002,-46.712061500000004,,,,1,2023-06-19T03:09:21+00:00
SAO_8078-10,São Paulo,3550308,True,,34848,,,-23.636105999999998,-46.75953475,,,,2,2023-06-19T03:09:24+00:00
SAO_6013-10,São Paulo,3550308,True,,186,,,-23.672914499999997,-46.743935,,,,1,2023-06-19T03:09:26+00:00
SAO_9354-10,São Paulo,3550308,True,,33476,,,-23.542068,-46.635954,,,,2,2023-06-19T03:09:45+00:00
SAO_9354-10,São Paulo,3550308,True,,33476,,,-23.474333,-46.667280500000004,,,,2,2023-06-19T03:09:17+00:00
SAO_8062-10,São Paulo,3550308,True,,33188,,,-23.5106655,-46.7477475,,,,2,2023-06-19T03:09:19+00:00
SAO_9019-10,São Paulo,3550308,True,,1433,,,-23.4560515,-46.7109525,,,,1,2023-06-19T03:09:24+00:00
SAO_9019-10,São Paulo,3550308,True,,1433,,,-23.486933,-46.727391499999996,,,,1,2023-06-19T03:09:18+00:00
SAO_9019-10,São Paulo,3550308,True,,1433,,,-23.4545785,-46.7102915,,,,1,2023-06-19T03:09:40+00:00
SAO_7012-10,São Paulo,3550308,True,,34811,,,-23.7114665,-46.7780055,,,,2,2023-06-19T03:09:38+00:00
SAO_7012-10,São Paulo,3550308,True,,34811,,,-23.678634000000002,-46.76326,,,,2,2023-06-19T03:09:30+00:00
SAO_574R-10,São Paulo,3550308,True,,34391,,,-23.552443000000004,-46.57924287499999,,,,2,2023-06-19T03:09:27+00:00
SAO_351F-10,São Paulo,3550308,True,,687,,,-23.549704499999997,-46.5547045,,,,1,2023-06-19T03:09:42+00:00
SAO_351F-10,São Paulo,3550308,True,,687,,,-23.47573775,-46.57109224999999,,,,1,2023-06-19T03:09:46+00:00
SAO_175T-10,São Paulo,3550308,True,,33391,,,-23.51043775,-46.62622125,,,,2,2023-06-19T03:09:07+00:00
SAO_4012-10,São Paulo,3550308,True,,34953,,,-23.622237,-46.462159,,,,2,2023-06-19T03:09:27+00:00
SAO_4012-10,São Paulo,3550308,True,,34953,,,-23.598488,-46.44115775,,,,2,2023-06-19T03:09:23+00:00
SAO_1764-10,São Paulo,3550308,True,,33393,,,-23.4257975,-46.581669500000004,,,,2,2023-06-19T03:09:42+00:00
SAO_1764-10,São Paulo,3550308,True,,33393,,,-23.49165,-46.624853,,,,2,2023-06-19T03:07:58+00:00
SAO_172Y-10,São Paulo,3550308,True,,862,,,-23.509272000000003,-46.593276,,,,1,2023-06-19T03:07:16+00:00
SAO_1019-10,São Paulo,3550308,True,,35263,,,-23.480001,-46.747878,,,,2,2023-06-19T03:09:01+00:00
SAO_1019-10,São Paulo,3550308,True,,35263,,,-23.437884,-46.779548500000004,,,,2,2023-06-19T03:09:16+00:00
SAO_9301-10,São Paulo,3550308,True,,458,,,-23.516607875,-46.654003312499995,,,,1,2023-06-19T03:09:07+00:00
SAO_8023-10,São Paulo,3550308,True,,2074,,,-23.5844035,-46.786010000000005,,,,1,2023-06-19T03:09:31+00:00
SAO_6826-10,São Paulo,3550308,True,,32784,,,-23.66934625,-46.776300625,,,,2,2023-06-19T03:09:23+00:00
SAO_6031-10,São Paulo,3550308,True,,32860,,,-23.75503275,-46.699954000000005,,,,2,2023-06-19T03:09:33+00:00
SAO_809L-10,São Paulo,3550308,True,,34717,,,-23.624658,-46.7646215,,,,2,2023-06-19T03:09:22+00:00
SAO_809L-10,São Paulo,3550308,True,,34717,,,-23.582473,-46.72555575,,,,2,2023-06-19T03:09:27+00:00
SAO_746P-10,São Paulo,3550308,True,,788,,,-23.623018000000002,-46.7338395,,,,1,2023-06-19T03:09:40+00:00
SAO_2733-10,São Paulo,3550308,True,,948,,,-23.51529375,-46.45478475,,,,1,2023-06-19T03:09:31+00:00
SAO_3732-10,São Paulo,3550308,True,,33797,,,-23.54218975,-46.438449250000005,,,,2,2023-06-19T03:09:42+00:00
SAO_3732-10,São Paulo,3550308,True,,33797,,,-23.542998,-46.4711105,,,,2,2023-06-19T03:09:26+00:00
SAO_809A-10,São Paulo,3550308,True,,2069,,,-23.575936499999997,-46.775704000000005,,,,1,2023-06-19T03:09:53+00:00
SAO_5141-10,São Paulo,3550308,True,,1625,,,-23.599153,-46.515468999999996,,,,1,2023-06-19T03:09:13+00:00
SAO_5141-10,São Paulo,3550308,True,,1625,,,-23.54167475,-46.6280045,,,,1,2023-06-19T03:09:18+00:00
SAO_199D-10,São Paulo,3550308,True,,2135,,,-23.549567000000003,-46.683327000000006,,,,1,2023-06-19T03:09:25+00:00
SAO_199D-10,São Paulo,3550308,True,,2135,,,-23.485856,-46.71054650000001,,,,1,2023-06-19T03:09:18+00:00
SAO_5013-10,São Paulo,3550308,True,,33885,,,-23.6812385,-46.633822499999994,,,,2,2023-06-19T03:09:38+00:00
SAO_6022-10,São Paulo,3550308,True,,1207,,,-23.718654,-46.7846245,,,,1,2023-06-19T03:09:25+00:00
SAO_4035-10,São Paulo,3550308,True,,2560,,,-23.563322,-46.4185005,,,,1,2023-06-19T03:09:43+00:00
SAO_107T-10,São Paulo,3550308,True,,621,,,-23.571728999999998,-46.69021325,,,,1,2023-06-19T03:09:13+00:00
SAO_107T-10,São Paulo,3550308,True,,621,,,-23.527998,-46.6315865,,,,1,2023-06-19T03:09:14+00:00
SAO_2006-10,São Paulo,3550308,True,,33663,,,-23.49503275,-46.40105174999999,,,,2,2023-06-19T03:09:17+00:00
SAO_2006-10,São Paulo,3550308,True,,33663,,,-23.494194,-46.400918,,,,2,2023-06-19T02:49:02+00:00
SAO_2006-10,São Paulo,3550308,True,,33663,,,-23.487300250000004,-46.383183,,,,2,2023-06-19T03:09:09+00:00
SAO_7057-10,São Paulo,3550308,True,,1897,,,-23.6404155,-46.781168,,,,1,2023-06-19T03:09:54+00:00
SAO_675X-10,São Paulo,3550308,True,,32879,,,-23.732609,-46.6981145,,,,2,2023-06-19T03:09:24+00:00
SAO_5185-10,São Paulo,3550308,True,,1308,,,-23.546979,-46.63057,,,,1,2023-06-19T03:09:40+00:00
SAO_5185-10,São Paulo,3550308,True,,1308,,,-23.6054945,-46.65132275,,,,1,2023-06-19T03:09:17+00:00
SAO_4052-10,São Paulo,3550308,True,,34913,,,-23.540009,-46.472531000000004,,,,2,2023-06-19T03:09:12+00:00
SAO_2523-10,São Paulo,3550308,True,,33018,,,-23.5216,-46.4253885,,,,2,2023-06-19T03:09:51+00:00
SAO_8022-10,São Paulo,3550308,True,,2085,,,-23.56494225,-46.72407724999999,,,,1,2023-06-19T03:09:35+00:00
SAO_8000-10,São Paulo,3550308,True,,1273,,,-23.520449499999998,-46.6996115,,,,1,2023-06-19T03:09:10+00:00
SAO_4018-10,São Paulo,3550308,True,,2191,,,-23.613228499999998,-46.476530999999994,,,,1,2023-06-19T03:09:41+00:00
SAO_4018-10,São Paulo,3550308,True,,2191,,,-23.595160125,-46.439397125,,,,1,2023-06-19T03:09:10+00:00
SAO_4721-10,São Paulo,3550308,True,EMTU,337,https://moovitapp.com/index/pt-br/transporte_p%C3%BAblico-line-337-Sao_Paulo-242-2038937-36419422-0,6.35,-23.612827250000002,-46.63807025,,,,1,2023-06-19T03:09:14+00:00
SAO_107T-10,São Paulo,3550308,True,,33389,,,-23.52528375,-46.62766825,,,,2,2023-06-19T03:09:15+00:00
SAO_107T-10,São Paulo,3550308,True,,33389,,,-23.4810725,-46.603761500000005,,,,2,2023-06-19T03:09:37+00:00
SAO_107T-10,São Paulo,3550308,True,,33389,,,-23.4810725,-46.603761500000005,,,,2,2023-06-19T03:09:29+00:00
SAO_6003-21,São Paulo,3550308,True,,2576,,,-23.7564985,-46.7136505,,,,1,2023-06-19T03:09:39+00:00
SAO_2583-10,São Paulo,3550308,True,EMTU,375,https://moovitapp.com/index/pt-br/transporte_p%C3%BAblico-line-375-Sao_Paulo-242-2038937-36419449-0,11.7,-23.529283,-46.5540615,,,,1,2023-06-19T03:09:32+00:00
SAO_2767-10,São Paulo,3550308,True,EMTU,241,https://moovitapp.com/index/pt-br/transporte_p%C3%BAblico-line-241-Sao_Paulo-242-2038937-36419354-0,5.15,-23.521750750000002,-46.527384999999995,,,,1,2023-06-19T03:09:43+00:00
SAO_2720-10,São Paulo,3550308,True,,933,,,-23.509859,-46.497431250000005,,,,1,2023-06-19T03:09:12+00:00
SAO_2720-10,São Paulo,3550308,True,,933,,,-23.493471,-46.470558,,,,1,2023-06-19T03:09:41+00:00
SAO_8055-10,São Paulo,3550308,True,,414,,,-23.416909500000003,-46.781654,,,,1,2023-06-19T03:08:29+00:00
SAO_211L-10,São Paulo,3550308,True,,35033,,,-23.4825085,-46.630541,,,,2,2023-06-19T03:09:16+00:00
SAO_1787-10,São Paulo,3550308,True,,33418,,,-23.460677,-46.6218025,,,,2,2023-06-19T03:09:42+00:00
SAO_1787-10,São Paulo,3550308,True,,33418,,,-23.4511155,-46.62305775,,,,2,2023-06-19T03:09:07+00:00
SAO_1702-10,São Paulo,3550308,True,,846,,,-23.455470499999997,-46.583312,,,,1,2023-06-19T03:09:21+00:00
SAO_1702-10,São Paulo,3550308,True,,846,,,-23.506921,-46.62476025,,,,1,2023-06-19T03:09:47+00:00
SAO_4312-21,São Paulo,3550308,True,,2491,,,-23.532709250000003,-46.52083725,,,,1,2023-06-19T03:09:19+00:00
SAO_172J-10,São Paulo,3550308,True,,856,,,-23.529876,-46.57652950000001,,,,1,2023-06-19T03:09:02+00:00
SAO_172J-10,São Paulo,3550308,True,,856,,,-23.48088125,-46.57073475,,,,1,2023-06-19T03:06:32+00:00
SAO_3712-51,São Paulo,3550308,True,,35273,,,-23.558252250000002,-46.42336,,,,2,2023-06-19T03:09:39+00:00
SAO_1758-10,São Paulo,3550308,True,EMTU,552,https://moovitapp.com/index/pt-br/transporte_p%C3%BAblico-line-552-Sao_Paulo-242-2038937-36419556-0,6.8,-23.4584315,-46.659037,,,,1,2023-06-19T03:09:13+00:00
SAO_2025-10,São Paulo,3550308,True,,2267,,,-23.501134,-46.615305500000005,,,,1,2023-06-19T03:08:14+00:00
SAO_3021-10,São Paulo,3550308,True,,33044,,,-23.583897,-46.5757425,,,,2,2023-06-19T03:09:21+00:00
SAO_609F-10,São Paulo,3550308,True,,32805,,,-23.53775925,-46.6416155,,,,2,2023-06-19T03:09:18+00:00
SAO_609F-10,São Paulo,3550308,True,,32805,,,-23.6446285,-46.729835,,,,2,2023-06-19T03:09:53+00:00
SAO_4725-10,São Paulo,3550308,True,,338,,,-23.6013485,-46.655346,,,,1,2023-06-19T03:09:17+00:00
SAO_8024-10,São Paulo,3550308,True,,34843,,,-23.592217750000003,-46.76220375,,,,2,2023-06-19T03:09:29+00:00
SAO_7062-31,São Paulo,3550308,True,,34682,,,-23.6463475,-46.7730035,,,,2,2023-06-19T03:09:22+00:00
SAO_809D-10,São Paulo,3550308,True,,2068,,,-23.591607500000002,-46.774572,,,,1,2023-06-19T03:09:19+00:00
SAO_189L-10,São Paulo,3550308,True,,2450,,,-23.496749,-46.7075485,,,,1,2023-06-19T03:09:35+00:00
SAO_425E-10,São Paulo,3550308,True,,1636,,,-23.614058,-46.5006185,,,,1,2023-06-19T03:09:35+00:00
SAO_513C-31,São Paulo,3550308,True,,35304,,,-23.597566999999998,-46.522822500000004,,,,2,2023-06-19T03:09:42+00:00
SAO_6016-10,São Paulo,3550308,True,,32852,,,-23.7413045,-46.69165425,,,,2,2023-06-19T03:09:45+00:00
SAO_3778-10,São Paulo,3550308,True,,33830,,,-23.558028999999998,-46.522641500000006,,,,2,2023-06-19T03:09:47+00:00
SAO_527R-10,São Paulo,3550308,True,,271,,,-23.672789,-46.68689075,,,,1,2023-06-19T03:09:33+00:00
SAO_4086-10,São Paulo,3550308,True,,2250,,,-23.593611,-46.40632925,,,,1,2023-06-19T03:09:33+00:00
SAO_2780-10,São Paulo,3550308,True,,33167,,,-23.494612,-46.4263205,,,,2,2023-06-19T03:09:27+00:00
SAO_2780-10,São Paulo,3550308,True,,33167,,,-23.5083085,-46.372563,,,,2,2023-06-19T03:09:05+00:00
SAO_3027-10,São Paulo,3550308,True,,33731,,,-23.55072,-46.461853125,,,,2,2023-06-19T03:09:15+00:00
SAO_2024-10,São Paulo,3550308,True,,35029,,,-23.3978455,-46.577652,,,,2,2023-06-19T03:09:20+00:00
SAO_6818-10,São Paulo,3550308,True,BR7 Mobilidade,28,https://moovitapp.com/index/pt-br/transporte_p%C3%BAblico-line-28-Sao_Paulo-242-851856-596008-0,5.75,-23.655842999999997,-46.7727765,,,,1,2023-06-19T03:09:10+00:00
SAO_8300-10,São Paulo,3550308,True,,1264,,,-23.486878500000003,-46.7265645,,,,1,2023-06-19T03:09:37+00:00
SAO_8300-10,São Paulo,3550308,True,,1264,,,-23.486517,-46.7262255,,,,1,2023-06-19T03:09:22+00:00
SAO_1773-10,São Paulo,3550308,True,,33405,,,-23.467554,-46.6065065,,,,2,2023-06-19T03:09:41+00:00
SAO_1773-10,São Paulo,3550308,True,,33405,,,-23.436823500000003,-46.566249,,,,2,2023-06-19T03:07:27+00:00
SAO_508L-10,São Paulo,3550308,True,EMTU,117,https://moovitapp.com/index/pt-br/transporte_p%C3%BAblico-line-117-Sao_Paulo-242-2038937-36419277-0,4.8,-23.557209,-46.661433,,,,1,2023-06-19T03:09:11+00:00
SAO_4313-10,São Paulo,3550308,True,,2173,,,-23.54324275,-46.58892125,,,,1,2023-06-19T03:09:11+00:00
SAO_273D-10,São Paulo,3550308,True,,32990,,,-23.521957125,-46.475387749999996,,,,2,2023-06-19T03:09:48+00:00
SAO_546A-10,São Paulo,3550308,True,,1131,,,-23.655835375,-46.70096025,,,,1,2023-06-19T03:09:53+00:00
SAO_546A-10,São Paulo,3550308,True,,1131,,,-23.6980635,-46.6480815,,,,1,2023-06-19T03:09:15+00:00
SAO_2161-10,São Paulo,3550308,True,,694,,,-23.4967695,-46.5863285,,,,1,2023-06-19T03:09:19+00:00
SAO_8055-51,São Paulo,3550308,True,,33185,,,-23.408328,-46.741003,,,,2,2023-06-19T03:09:35+00:00
SAO_278A-10,São Paulo,3550308,True,,706,,,-23.5077785,-46.525954999999996,,,,1,2023-06-19T03:09:51+00:00
SAO_278A-10,São Paulo,3550308,True,,706,,,-23.5077475,-46.525870999999995,,,,1,2023-06-19T03:09:25+00:00
SAO_1034-10,São Paulo,3550308,True,,2452,,,-23.47755375,-46.706472,,,,1,2023-06-19T03:09:07+00:00
SAO_6046-10,São Paulo,3550308,True,,1223,,,-23.64471425,-46.726479,,,,1,2023-06-19T03:09:51+00:00
SAO_6044-10,São Paulo,3550308,True,,1221,,,-23.6762815,-46.7904975,,,,1,2023-06-19T03:09:11+00:00
SAO_4004-10,São Paulo,3550308,True,,34946,,,-23.5826245,-46.406865499999995,,,,2,2023-06-19T03:09:14+00:00
SAO_4288-10,São Paulo,3550308,True,Cidade de Caieiras,290,https://moovitapp.com/index/pt-br/transporte_p%C3%BAblico-line-290-Sao_Paulo-242-868761-496416-0,5.0,-23.592926,-46.546525,,,,1,2023-06-19T03:09:32+00:00
SAO_4115-10,São Paulo,3550308,True,,33090,,,-23.62159825,-46.62854025,,,,2,2023-06-19T03:09:23+00:00
SAO_8700-1,São Paulo,3550308,True,,2508,,,-23.572395,-46.7021205,,,,1,2023-06-19T03:09:31+00:00
SAO_958P-10,São Paulo,3550308,True,,465,,,-23.50070625,-46.739026499999994,,,,1,2023-06-19T03:09:42+00:00
SAO_1785-10,São Paulo,3550308,True,,1816,,,-23.4805165,-46.624569,,,,1,2023-06-19T03:07:51+00:00
SAO_178A-10,São Paulo,3550308,True,,33326,,,-23.523241,-46.6561645,,,,2,2023-06-19T03:09:08+00:00
SAO_9005-10,São Paulo,3550308,True,,33640,,,-23.450038,-46.68515825,,,,2,2023-06-19T03:09:29+00:00
SAO_9005-10,São Paulo,3550308,True,,33640,,,-23.47103275,-46.670381750000004,,,,2,2023-06-19T03:09:15+00:00
SAO_2708-10,São Paulo,3550308,True,,33689,,,-23.539525375,-46.4551265,,,,2,2023-06-19T03:08:59+00:00
SAO_2080-10,São Paulo,3550308,True,,371,,,-23.512298,-46.513902,,,,1,2023-06-19T03:09:50+00:00
SAO_1767-10,São Paulo,3550308,True,,33396,,,-23.4736435,-46.565765999999996,,,,2,2023-06-19T03:09:52+00:00
SAO_1741-10,São Paulo,3550308,True,,33307,,,-23.474665,-46.652291000000005,,,,2,2023-06-19T03:09:46+00:00
SAO_1788-10,São Paulo,3550308,True,,33421,,,-23.468632749999998,-46.604006375,,,,2,2023-06-19T03:09:08+00:00
SAO_1788-10,São Paulo,3550308,True,,33421,,,-23.430906,-46.574909,,,,2,2023-06-19T03:09:32+00:00
SAO_1788-10,São Paulo,3550308,True,,33421,,,-23.4308,-46.5751545,,,,2,2023-06-19T03:09:31+00:00
SAO_1788-10,São Paulo,3550308,True,,33421,,,-23.4308935,-46.575003499999994,,,,2,2023-06-19T03:09:41+00:00
SAO_2717-10,São Paulo,3550308,True,Urubupungá,930,https://moovitapp.com/index/pt-br/transporte_p%C3%BAblico-line-930-Sao_Paulo-242-873835-496473-0,4.6,-23.5150845,-46.519489500000006,,,,1,2023-06-19T03:09:35+00:00
SAO_5015-10,São Paulo,3550308,True,,1119,,,-23.646787,-46.638737,,,,1,2023-06-19T03:09:25+00:00
SAO_1018-10,São Paulo,3550308,True,,832,,,-23.4578395,-46.6184155,,,,1,2023-06-19T03:09:50+00:00
SAO_3725-41,São Paulo,3550308,True,,1531,,,-23.534715875,-46.537458750000006,,,,1,2023-06-19T03:09:21+00:00
SAO_2161-10,São Paulo,3550308,True,,33462,,,-23.473947,-46.5664555,,,,2,2023-06-19T03:09:46+00:00
SAO_2161-10,São Paulo,3550308,True,,33462,,,-23.48105475,-46.58188825,,,,2,2023-06-19T03:09:48+00:00
SAO_2714-10,São Paulo,3550308,True,,927,,,-23.508246,-46.52653599999999,,,,1,2023-06-19T03:09:37+00:00
SAO_121G-10,São Paulo,3550308,True,,691,,,-23.5027625,-46.5720745,,,,1,2023-06-19T03:09:01+00:00
SAO_N241-11,São Paulo,3550308,True,,35098,,,-23.45368525,-46.607387,,,,2,2023-06-19T03:09:40+00:00
SAO_178A-10,São Paulo,3550308,True,EMTU,558,https://moovitapp.com/index/pt-br/transporte_p%C3%BAblico-line-558-Sao_Paulo-242-2038937-36419559-0,4.4,-23.525747375,-46.654240875,,,,1,2023-06-19T03:09:16+00:00
SAO_2182-10,São Paulo,3550308,True,STT,700,https://moovitapp.com/index/pt-br/transporte_p%C3%BAblico-line-700-Sao_Paulo-242-850661-183337-0,5.3,-23.53906475,-46.6071805,,,,1,2023-06-19T03:09:30+00:00
SAO_2028-10,São Paulo,3550308,True,,2263,,,-23.4660595,-46.59673050000001,,,,1,2023-06-19T03:09:33+00:00
SAO_177H-21,São Paulo,3550308,True,,631,,,-23.49458325,-46.657338249999995,,,,1,2023-06-19T03:09:38+00:00
SAO_1744-10,São Paulo,3550308,True,,33312,,,-23.47214175,-46.642127375,,,,2,2023-06-19T03:09:17+00:00
SAO_1772-10,São Paulo,3550308,True,,635,,,-23.4487285,-46.5827775,,,,1,2023-06-19T03:09:31+00:00
SAO_2678-10,São Paulo,3550308,True,STT,383,https://moovitapp.com/index/pt-br/transporte_p%C3%BAblico-line-383-Sao_Paulo-242-850661-183294-0,5.3,-23.496325,-46.387809000000004,,,,1,2023-06-19T03:09:43+00:00
SAO_1703-10,São Paulo,3550308,True,,847,,,-23.47141,-46.586765875,,,,1,2023-06-19T03:09:19+00:00
SAO_9188-10,São Paulo,3550308,True,EMTU,809,https://moovitapp.com/index/pt-br/transporte_p%C3%BAblico-line-809-Sao_Paulo-242-2038937-119858519-0,5.2,-23.4795165,-46.7199875,,,,1,2023-06-19T03:09:11+00:00
SAO_1018-10,São Paulo,3550308,True,,33600,,,-23.492492,-46.624010999999996,,,,2,2023-06-19T03:09:18+00:00
SAO_1775-10,São Paulo,3550308,True,,638,,,-23.504806125,-46.624947625000004,,,,1,2023-06-19T03:09:20+00:00
SAO_4314-21,São Paulo,3550308,True,,2492,,,-23.55804225,-46.52107075,,,,1,2023-06-19T03:09:49+00:00
SAO_7052-10,São Paulo,3550308,True,,34654,,,-23.652754,-46.773064500000004,,,,2,2023-06-19T03:09:26+00:00
SAO_7052-10,São Paulo,3550308,True,,34654,,,-23.6408135,-46.771901,,,,2,2023-06-19T03:09:35+00:00
SAO_278A-10,São Paulo,3550308,True,,33474,,,-23.53490475,-46.569110249999994,,,,2,2023-06-19T03:09:14+00:00
SAO_271P-10,São Paulo,3550308,True,,704,,,-23.53091,-46.55751575,,,,1,2023-06-19T03:09:10+00:00
SAO_2011-10,São Paulo,3550308,True,,34904,,,-23.477003500000002,-46.5968805,,,,2,2023-06-19T03:09:48+00:00
SAO_6042-21,São Paulo,3550308,True,,1775,,,-23.674391999999997,-46.769508,,,,1,2023-06-19T03:09:53+00:00
