bus_id,city,city_code,adapted,agency,line_code,line_url,line_fare,latitude,longitude,bus_speed,is_eletric,bus_type,bus_direction,updated_at
SAO_675I-10,São Paulo,3550308,True,BR7 Mobilidade,68,https://moovitapp.com/index/pt-br/transporte_p%C3%BAblico-line-68-Sao_Paulo-242-851856-560661-0,5.75,-23.644859875,-46.722269874999995,,,,1,2023-06-15T01:17:32+00:00
SAO_675I-10,São Paulo,3550308,True,BR7 Mobilidade,68,https://moovitapp.com/index/pt-br/transporte_p%C3%BAblico-line-68-Sao_Paulo-242-851856-560661-0,5.75,-23.643719,-46.733278999999996,,,,1,2023-06-15T01:17:11+00:00
SAO_675I-10,São Paulo,3550308,True,BR7 Mobilidade,68,https://moovitapp.com/index/pt-br/transporte_p%C3%BAblico-line-68-Sao_Paulo-242-851856-560661-0,5.75,-23.621932625,-46.6720665,,,,1,2023-06-15T01:17:04+00:00
SAO_675I-10,São Paulo,3550308,True,BR7 Mobilidade,68,https://moovitapp.com/index/pt-br/transporte_p%C3%BAblico-line-68-Sao_Paulo-242-851856-560661-0,5.75,-23.621406625,-46.647121625,,,,1,2023-06-15T01:17:25+00:00
SAO_675I-10,São Paulo,3550308,True,BR7 Mobilidade,68,https://moovitapp.com/index/pt-br/transporte_p%C3%BAblico-line-68-Sao_Paulo-242-851856-560661-0,5.75,-23.612108624999998,-46.650991375000004,,,,1,2023-06-15T01:17:10+00:00
SAO_172R-10,São Paulo,3550308,True,,859,,,-23.5423885,-46.590565,,,,1,2023-06-15T01:17:08+00:00
SAO_172R-10,São Paulo,3550308,True,,859,,,-23.465965,-46.584261999999995,,,,1,2023-06-15T01:17:35+00:00
SAO_172R-10,São Paulo,3550308,True,,859,,,-23.497451,-46.574927875,,,,1,2023-06-15T01:14:15+00:00
SAO_172R-10,São Paulo,3550308,True,,859,,,-23.5423885,-46.590565,,,,1,2023-06-15T01:13:10+00:00
SAO_172R-10,São Paulo,3550308,True,,859,,,-23.5272625,-46.596712249999996,,,,1,2023-06-15T01:15:55+00:00
SAO_172R-10,São Paulo,3550308,True,,859,,,-23.483724000000002,-46.57009575,,,,1,2023-06-15T01:17:11+00:00
SAO_172R-10,São Paulo,3550308,True,,859,,,-23.465965,-46.584261999999995,,,,1,2023-06-15T01:17:22+00:00
SAO_172R-10,São Paulo,3550308,True,,859,,,-23.47644375,-46.5741525,,,,1,2023-06-15T01:17:23+00:00
SAO_172R-10,São Paulo,3550308,True,,859,,,-23.521937125,-46.592614375,,,,1,2023-06-15T01:17:11+00:00
SAO_172R-10,São Paulo,3550308,True,,859,,,-23.4976665,-46.574697,,,,1,2023-06-15T01:13:56+00:00
SAO_677V-10,São Paulo,3550308,True,,32880,,,-23.72530225,-46.691129000000004,,,,2,2023-06-15T01:17:23+00:00
SAO_677V-10,São Paulo,3550308,True,,32880,,,-23.736516,-46.710827,,,,2,2023-06-15T01:17:33+00:00
SAO_677V-10,São Paulo,3550308,True,,32880,,,-23.7444275,-46.710010499999996,,,,2,2023-06-15T01:17:21+00:00
SAO_5129-10,São Paulo,3550308,True,,1281,,,-23.6790175,-46.68572,,,,1,2023-06-15T01:17:21+00:00
SAO_5129-10,São Paulo,3550308,True,,1281,,,-23.6438675,-46.672344,,,,1,2023-06-15T01:17:35+00:00
SAO_5129-10,São Paulo,3550308,True,,1281,,,-23.673783874999998,-46.700475874999995,,,,1,2023-06-15T01:17:30+00:00
SAO_5129-10,São Paulo,3550308,True,,1281,,,-23.668340999999998,-46.7331165,,,,1,2023-06-15T01:17:27+00:00
SAO_5129-10,São Paulo,3550308,True,,1281,,,-23.668476,-46.735507,,,,1,2023-06-15T01:17:29+00:00
SAO_5129-10,São Paulo,3550308,True,,1281,,,-23.679908500000003,-46.63957275,,,,1,2023-06-15T01:17:09+00:00
SAO_5129-10,São Paulo,3550308,True,,1281,,,-23.6673325,-46.677828000000005,,,,1,2023-06-15T01:17:36+00:00
SAO_5129-10,São Paulo,3550308,True,,1281,,,-23.64803825,-46.67577475,,,,1,2023-06-15T01:17:06+00:00
SAO_4310-10,São Paulo,3550308,True,,34928,,,-23.535216,-46.4541105,,,,2,2023-06-15T01:17:13+00:00
SAO_4310-10,São Paulo,3550308,True,,34928,,,-23.53178775,-46.5229345,,,,2,2023-06-15T01:17:28+00:00
SAO_4310-10,São Paulo,3550308,True,,34928,,,-23.543874125,-46.589819250000005,,,,2,2023-06-15T01:17:18+00:00
SAO_4310-10,São Paulo,3550308,True,,34928,,,-23.532215,-46.5312815,,,,2,2023-06-15T01:17:08+00:00
SAO_4310-10,São Paulo,3550308,True,,34928,,,-23.530393,-46.51831425,,,,2,2023-06-15T01:17:38+00:00
SAO_4310-10,São Paulo,3550308,True,,34928,,,-23.534565999999998,-46.4530625,,,,2,2023-06-15T01:17:18+00:00
SAO_4310-10,São Paulo,3550308,True,,34928,,,-23.536262,-46.487854,,,,2,2023-06-15T01:14:08+00:00
SAO_4310-10,São Paulo,3550308,True,,34928,,,-23.538015,-46.456162,,,,2,2023-06-15T01:17:03+00:00
SAO_4310-10,São Paulo,3550308,True,,34928,,,-23.538682,-46.565627500000005,,,,2,2023-06-15T01:14:49+00:00
SAO_4310-10,São Paulo,3550308,True,,34928,,,-23.538698,-46.565755,,,,2,2023-06-15T01:17:36+00:00
SAO_4310-10,São Paulo,3550308,True,,34928,,,-23.534565999999998,-46.4530625,,,,2,2023-06-15T01:17:39+00:00
SAO_4310-10,São Paulo,3550308,True,,34928,,,-23.54956025,-46.605112000000005,,,,2,2023-06-15T01:17:27+00:00
SAO_4310-10,São Paulo,3550308,True,,34928,,,-23.543355124999998,-46.587194749999995,,,,2,2023-06-15T01:15:35+00:00
SAO_4310-10,São Paulo,3550308,True,,34928,,,-23.551979375000002,-46.609561125,,,,2,2023-06-15T01:17:20+00:00
SAO_4310-10,São Paulo,3550308,True,,34928,,,-23.5434725,-46.47247725,,,,2,2023-06-15T01:15:38+00:00
SAO_4310-10,São Paulo,3550308,True,,34928,,,-23.534565999999998,-46.4530625,,,,2,2023-06-15T01:17:15+00:00
SAO_4310-10,São Paulo,3550308,True,,34928,,,-23.533886250000002,-46.54195325,,,,2,2023-06-15T01:17:21+00:00
SAO_4310-10,São Paulo,3550308,True,,34928,,,-23.53178775,-46.5229345,,,,2,2023-06-15T01:17:35+00:00
SAO_4310-10,São Paulo,3550308,True,,34928,,,-23.54023625,-46.485081625,,,,2,2023-06-15T01:17:19+00:00
SAO_4310-10,São Paulo,3550308,True,,34928,,,-23.539922500000003,-46.462526,,,,2,2023-06-15T01:17:23+00:00
SAO_4310-10,São Paulo,3550308,True,,34928,,,-23.534565999999998,-46.4530625,,,,2,2023-06-15T01:17:17+00:00
SAO_4310-10,São Paulo,3550308,True,,34928,,,-23.534565999999998,-46.4530625,,,,2,2023-06-15T01:17:12+00:00
SAO_4310-10,São Paulo,3550308,True,,34928,,,-23.552232500000002,-46.622265999999996,,,,2,2023-06-15T01:17:27+00:00
SAO_4310-10,São Paulo,3550308,True,,34928,,,-23.535671999999998,-46.4544545,,,,2,2023-06-15T01:16:33+00:00
SAO_4310-10,São Paulo,3550308,True,,34928,,,-23.543388,-46.469908000000004,,,,2,2023-06-15T01:16:48+00:00
SAO_4310-10,São Paulo,3550308,True,,34928,,,-23.5388755,-46.568101,,,,2,2023-06-15T01:17:30+00:00
SAO_4310-10,São Paulo,3550308,True,,34928,,,-23.547625,-46.630348,,,,2,2023-06-15T01:17:21+00:00
SAO_8400-10,São Paulo,3550308,True,,1265,,,-23.526246,-46.674440000000004,,,,1,2023-06-15T01:17:25+00:00
SAO_8400-10,São Paulo,3550308,True,,1265,,,-23.486878500000003,-46.7265645,,,,1,2023-06-15T01:17:34+00:00
SAO_8400-10,São Paulo,3550308,True,,1265,,,-23.53482675,-46.653853,,,,1,2023-06-15T01:17:32+00:00
SAO_8400-10,São Paulo,3550308,True,,1265,,,-23.534374125000003,-46.654653249999996,,,,1,2023-06-15T01:17:26+00:00
SAO_8400-10,São Paulo,3550308,True,,1265,,,-23.547560500000003,-46.640557,,,,1,2023-06-15T01:17:24+00:00
SAO_8400-10,São Paulo,3550308,True,,1265,,,-23.524959000000003,-46.695377625000006,,,,1,2023-06-15T01:16:57+00:00
SAO_8400-10,São Paulo,3550308,True,,1265,,,-23.515027500000002,-46.698626,,,,1,2023-06-15T01:17:36+00:00
SAO_8400-10,São Paulo,3550308,True,,1265,,,-23.487007,-46.726683,,,,1,2023-06-15T01:17:20+00:00
SAO_8400-10,São Paulo,3550308,True,,1265,,,-23.48723,-46.726447,,,,1,2023-06-15T01:17:30+00:00
SAO_8400-10,São Paulo,3550308,True,,1265,,,-23.4976375,-46.7069665,,,,1,2023-06-15T01:17:33+00:00
SAO_7055-10,São Paulo,3550308,True,,1888,,,-23.681823,-46.78384,,,,1,2023-06-15T01:17:19+00:00
SAO_7055-10,São Paulo,3550308,True,,1888,,,-23.6664815,-46.771662,,,,1,2023-06-15T01:17:16+00:00
SAO_7055-10,São Paulo,3550308,True,,1888,,,-23.631153500000003,-46.7733425,,,,1,2023-06-15T01:16:58+00:00
SAO_7055-10,São Paulo,3550308,True,,1888,,,-23.655604,-46.776497500000005,,,,1,2023-06-15T01:17:23+00:00
SAO_7055-10,São Paulo,3550308,True,,1888,,,-23.6919635,-46.7907745,,,,1,2023-06-15T01:17:17+00:00
SAO_7055-10,São Paulo,3550308,True,,1888,,,-23.634623,-46.775131,,,,1,2023-06-15T01:17:01+00:00
SAO_7055-10,São Paulo,3550308,True,,1888,,,-23.6603505,-46.7680555,,,,1,2023-06-15T01:17:01+00:00
SAO_7055-10,São Paulo,3550308,True,,1888,,,-23.6919635,-46.7907745,,,,1,2023-06-15T01:17:04+00:00
SAO_7055-10,São Paulo,3550308,True,,1888,,,-23.6919635,-46.7907745,,,,1,2023-06-15T01:17:08+00:00
SAO_7055-10,São Paulo,3550308,True,,1888,,,-23.67434825,-46.77373575,,,,1,2023-06-15T01:17:21+00:00
SAO_9009-10,São Paulo,3550308,True,,33645,,,-23.465833500000002,-46.679323,,,,2,2023-06-15T01:17:14+00:00
SAO_9009-10,São Paulo,3550308,True,,33645,,,-23.43748,-46.711075,,,,2,2023-06-15T01:17:35+00:00
SAO_9009-10,São Paulo,3550308,True,,33645,,,-23.447998,-46.708507,,,,2,2023-06-15T01:17:00+00:00
SAO_9009-10,São Paulo,3550308,True,,33645,,,-23.464514,-46.679869,,,,2,2023-06-15T01:17:02+00:00
SAO_9009-10,São Paulo,3550308,True,,33645,,,-23.441991875,-46.707130375,,,,2,2023-06-15T01:17:17+00:00
SAO_9009-10,São Paulo,3550308,True,,33645,,,-23.447655,-46.7088785,,,,2,2023-06-15T01:17:01+00:00
SAO_9009-10,São Paulo,3550308,True,,33645,,,-23.4480615,-46.715460500000006,,,,2,2023-06-15T01:17:14+00:00
SAO_9009-10,São Paulo,3550308,True,,33645,,,-23.447404,-46.709366,,,,2,2023-06-15T01:17:13+00:00
SAO_9009-10,São Paulo,3550308,True,,33645,,,-23.45949,-46.6858405,,,,2,2023-06-15T01:16:24+00:00
SAO_9009-10,São Paulo,3550308,True,,33645,,,-23.447453250000002,-46.7096505,,,,2,2023-06-15T01:17:14+00:00
SAO_9009-10,São Paulo,3550308,True,,33645,,,-23.442541,-46.71719,,,,2,2023-06-15T01:16:57+00:00
SAO_5185-10,São Paulo,3550308,True,,34076,,,-23.547648,-46.630084999999994,,,,2,2023-06-15T01:17:09+00:00
SAO_5185-10,São Paulo,3550308,True,,34076,,,-23.668242,-46.7355055,,,,2,2023-06-15T01:17:41+00:00
SAO_5185-10,São Paulo,3550308,True,,34076,,,-23.63902225,-46.67292475,,,,2,2023-06-15T01:17:03+00:00
SAO_5185-10,São Paulo,3550308,True,,34076,,,-23.6579525,-46.6972875,,,,2,2023-06-15T01:17:38+00:00
SAO_5185-10,São Paulo,3550308,True,,34076,,,-23.612597,-46.657310499999994,,,,2,2023-06-15T01:17:01+00:00
SAO_5185-10,São Paulo,3550308,True,,34076,,,-23.638357749999997,-46.672299249999995,,,,2,2023-06-15T01:17:39+00:00
SAO_5185-10,São Paulo,3550308,True,,34076,,,-23.655942,-46.693335999999995,,,,2,2023-06-15T01:17:00+00:00
SAO_5185-10,São Paulo,3550308,True,,34076,,,-23.5938515,-46.650758749999994,,,,2,2023-06-15T01:17:36+00:00
SAO_5185-10,São Paulo,3550308,True,,34076,,,-23.6578199375,-46.69702149999999,,,,2,2023-06-15T01:17:07+00:00
SAO_5185-10,São Paulo,3550308,True,,34076,,,-23.6568831875,-46.69519149999999,,,,2,2023-06-15T01:17:23+00:00
SAO_5185-10,São Paulo,3550308,True,,34076,,,-23.564806125,-46.647083,,,,2,2023-06-15T01:17:01+00:00
SAO_5185-10,São Paulo,3550308,True,,34076,,,-23.6683575,-46.7355065,,,,2,2023-06-15T01:17:02+00:00
SAO_5185-10,São Paulo,3550308,True,,34076,,,-23.65208425,-46.6873595,,,,2,2023-06-15T01:17:36+00:00
SAO_5370-21,São Paulo,3550308,True,,1551,,,-23.754340749999997,-46.711805,,,,1,2023-06-15T01:17:18+00:00
SAO_364A-10,São Paulo,3550308,True,,34014,,,-23.5909755,-46.50156575,,,,2,2023-06-15T01:17:02+00:00
SAO_364A-10,São Paulo,3550308,True,,34014,,,-23.5974435,-46.532321499999995,,,,2,2023-06-15T01:17:26+00:00
SAO_364A-10,São Paulo,3550308,True,,34014,,,-23.5946305,-46.503217500000005,,,,2,2023-06-15T01:17:27+00:00
SAO_364A-10,São Paulo,3550308,True,,34014,,,-23.601991374999997,-46.511055,,,,2,2023-06-15T01:17:20+00:00
SAO_364A-10,São Paulo,3550308,True,,34014,,,-23.566259000000002,-46.507381,,,,2,2023-06-15T01:17:41+00:00
SAO_364A-10,São Paulo,3550308,True,,34014,,,-23.582836,-46.57349325,,,,2,2023-06-15T01:17:40+00:00
SAO_364A-10,São Paulo,3550308,True,,34014,,,-23.581156,-46.498736,,,,2,2023-06-15T01:17:39+00:00
SAO_314J-10,São Paulo,3550308,True,,33078,,,-23.6082865,-46.5105,,,,2,2023-06-15T01:13:41+00:00
SAO_314J-10,São Paulo,3550308,True,,33078,,,-23.55388475,-46.635124,,,,2,2023-06-15T01:17:39+00:00
SAO_314J-10,São Paulo,3550308,True,,33078,,,-23.5834895,-46.59028775,,,,2,2023-06-15T01:17:14+00:00
SAO_314J-10,São Paulo,3550308,True,,33078,,,-23.595831500000003,-46.542939000000004,,,,2,2023-06-15T01:14:30+00:00
SAO_314J-10,São Paulo,3550308,True,,33078,,,-23.605551499999997,-46.521150750000004,,,,2,2023-06-15T01:16:57+00:00
SAO_314J-10,São Paulo,3550308,True,,33078,,,-23.605828000000002,-46.513298,,,,2,2023-06-15T01:17:10+00:00
SAO_314J-10,São Paulo,3550308,True,,33078,,,-23.5729565,-46.610952,,,,2,2023-06-15T01:16:59+00:00
SAO_5752-10,São Paulo,3550308,True,,34055,,,-23.676828,-46.65915525,,,,2,2023-06-15T01:16:40+00:00
SAO_5752-10,São Paulo,3550308,True,,34055,,,-23.653471000000003,-46.651315499999995,,,,2,2023-06-15T01:17:35+00:00
SAO_5752-10,São Paulo,3550308,True,,34055,,,-23.63451,-46.6409605,,,,2,2023-06-15T01:17:08+00:00
SAO_5752-10,São Paulo,3550308,True,,34055,,,-23.6601195,-46.662659,,,,2,2023-06-15T01:17:11+00:00
SAO_5752-10,São Paulo,3550308,True,,34055,,,-23.659557,-46.6617575,,,,2,2023-06-15T01:17:07+00:00
SAO_5752-10,São Paulo,3550308,True,,34055,,,-23.6688265,-46.6681515,,,,2,2023-06-15T01:14:55+00:00
SAO_5752-10,São Paulo,3550308,True,,34055,,,-23.6908875,-46.650045000000006,,,,2,2023-06-15T01:17:03+00:00
SAO_5752-10,São Paulo,3550308,True,,34055,,,-23.661029,-46.664362999999994,,,,2,2023-06-15T01:17:39+00:00
SAO_5752-10,São Paulo,3550308,True,,34055,,,-23.6552045,-46.65231125,,,,2,2023-06-15T01:17:31+00:00
SAO_5752-10,São Paulo,3550308,True,,34055,,,-23.679603999999998,-46.655588374999994,,,,2,2023-06-15T01:17:24+00:00
SAO_5752-10,São Paulo,3550308,True,,34055,,,-23.6761135,-46.6600825,,,,2,2023-06-15T01:15:41+00:00
SAO_5752-10,São Paulo,3550308,True,,34055,,,-23.67531375,-46.661088500000005,,,,2,2023-06-15T01:10:31+00:00
SAO_3539-10,São Paulo,3550308,True,,33516,,,-23.5833395,-46.407216,,,,2,2023-06-15T01:17:18+00:00
SAO_3539-10,São Paulo,3550308,True,,33516,,,-23.54006675,-46.5734365,,,,2,2023-06-15T01:17:18+00:00
SAO_3539-10,São Paulo,3550308,True,,33516,,,-23.5371325,-46.558893999999995,,,,2,2023-06-15T01:16:56+00:00
SAO_3539-10,São Paulo,3550308,True,,33516,,,-23.543067999999998,-46.477669,,,,2,2023-06-15T01:16:45+00:00
SAO_3539-10,São Paulo,3550308,True,,33516,,,-23.5949145,-46.4410185,,,,2,2023-06-15T01:17:21+00:00
SAO_3539-10,São Paulo,3550308,True,,33516,,,-23.555415375,-46.464689875000005,,,,2,2023-06-15T01:17:13+00:00
SAO_3539-10,São Paulo,3550308,True,,33516,,,-23.59485475,-46.4414265,,,,2,2023-06-15T01:17:26+00:00
SAO_3539-10,São Paulo,3550308,True,,33516,,,-23.595723500000002,-46.437953750000005,,,,2,2023-06-15T01:17:28+00:00
SAO_3539-10,São Paulo,3550308,True,,33516,,,-23.548295125000003,-46.606493125,,,,2,2023-06-15T01:17:38+00:00
SAO_3539-10,São Paulo,3550308,True,,33516,,,-23.546485,-46.605644,,,,2,2023-06-15T01:17:13+00:00
SAO_3539-10,São Paulo,3550308,True,,33516,,,-23.5878485,-46.415043999999995,,,,2,2023-06-15T01:17:20+00:00
SAO_3539-10,São Paulo,3550308,True,,33516,,,-23.560872500000002,-46.4658875,,,,2,2023-06-15T01:17:12+00:00
SAO_199D-10,São Paulo,3550308,True,,2135,,,-23.536144,-46.68660575,,,,1,2023-06-15T01:17:25+00:00
SAO_199D-10,São Paulo,3550308,True,,2135,,,-23.5522855,-46.675430500000004,,,,1,2023-06-15T01:17:25+00:00
SAO_199D-10,São Paulo,3550308,True,,2135,,,-23.51358125,-46.703233,,,,1,2023-06-15T01:17:34+00:00
SAO_199D-10,São Paulo,3550308,True,,2135,,,-23.485856,-46.71054650000001,,,,1,2023-06-15T01:16:58+00:00
SAO_199D-10,São Paulo,3550308,True,,2135,,,-23.550205249999998,-46.6790995,,,,1,2023-06-15T01:17:10+00:00
SAO_2712-10,São Paulo,3550308,True,,33694,,,-23.52786,-46.478528749999995,,,,2,2023-06-15T01:17:27+00:00
SAO_2712-10,São Paulo,3550308,True,,33694,,,-23.530868124999998,-46.478264499999995,,,,2,2023-06-15T01:16:54+00:00
SAO_2712-10,São Paulo,3550308,True,,33694,,,-23.538475249999998,-46.479699249999996,,,,2,2023-06-15T01:17:17+00:00
SAO_2712-10,São Paulo,3550308,True,,33694,,,-23.539832125,-46.476494249999995,,,,2,2023-06-15T01:16:48+00:00
SAO_3778-10,São Paulo,3550308,True,,33830,,,-23.569056125000003,-46.50882075,,,,2,2023-06-15T01:17:39+00:00
SAO_3778-10,São Paulo,3550308,True,,33830,,,-23.570103,-46.486686,,,,2,2023-06-15T01:17:31+00:00
SAO_3778-10,São Paulo,3550308,True,,33830,,,-23.576272000000003,-46.4936675,,,,2,2023-06-15T01:16:59+00:00
SAO_3778-10,São Paulo,3550308,True,,33830,,,-23.540649000000002,-46.55063225000001,,,,2,2023-06-15T01:17:08+00:00
SAO_3778-10,São Paulo,3550308,True,,33830,,,-23.572761,-46.505643000000006,,,,2,2023-06-15T01:16:46+00:00
SAO_3778-10,São Paulo,3550308,True,,33830,,,-23.553221999999998,-46.528059,,,,2,2023-06-15T01:17:09+00:00
SAO_3778-10,São Paulo,3550308,True,,33830,,,-23.5711595,-46.49019,,,,2,2023-06-15T01:17:41+00:00
SAO_3778-10,São Paulo,3550308,True,,33830,,,-23.574752500000002,-46.489652,,,,2,2023-06-15T01:17:33+00:00
SAO_3778-10,São Paulo,3550308,True,,33830,,,-23.546167,-46.542931,,,,2,2023-06-15T01:17:14+00:00
SAO_3778-10,São Paulo,3550308,True,,33830,,,-23.575791,-46.5027715,,,,2,2023-06-15T01:17:34+00:00
SAO_5300-10,São Paulo,3550308,True,,33122,,,-23.547731,-46.6300275,,,,2,2023-06-15T01:17:29+00:00
SAO_5300-10,São Paulo,3550308,True,,33122,,,-23.547731,-46.6300275,,,,2,2023-06-15T01:17:36+00:00
SAO_5300-10,São Paulo,3550308,True,,33122,,,-23.615453875,-46.673448875,,,,2,2023-06-15T01:17:08+00:00
SAO_5300-10,São Paulo,3550308,True,,33122,,,-23.640416000000002,-46.6982995,,,,2,2023-06-15T01:17:28+00:00
SAO_5300-10,São Paulo,3550308,True,,33122,,,-23.62885825,-46.686011500000006,,,,2,2023-06-15T01:17:31+00:00
SAO_5300-10,São Paulo,3550308,True,,33122,,,-23.5850545,-46.655889,,,,2,2023-06-15T01:17:33+00:00
SAO_5300-10,São Paulo,3550308,True,,33122,,,-23.642477624999998,-46.699582625000005,,,,2,2023-06-15T01:17:08+00:00
SAO_5300-10,São Paulo,3550308,True,,33122,,,-23.6540525,-46.712609,,,,2,2023-06-15T01:17:37+00:00
SAO_5300-10,São Paulo,3550308,True,,33122,,,-23.62440625,-46.6818555,,,,2,2023-06-15T01:17:35+00:00
SAO_5300-10,São Paulo,3550308,True,,33122,,,-23.551664000000002,-46.6372965,,,,2,2023-06-15T01:17:41+00:00
SAO_5300-10,São Paulo,3550308,True,,33122,,,-23.547731,-46.6300275,,,,2,2023-06-15T01:17:24+00:00
SAO_5300-10,São Paulo,3550308,True,,33122,,,-23.650700999999998,-46.707818,,,,2,2023-06-15T01:17:26+00:00
SAO_5300-10,São Paulo,3550308,True,,33122,,,-23.6216535,-46.679291000000006,,,,2,2023-06-15T01:17:38+00:00
SAO_978J-10,São Paulo,3550308,True,EMTU,591,https://moovitapp.com/index/pt-br/transporte_p%C3%BAblico-line-591-Sao_Paulo-242-2038937-36419577-0,5.4,-23.470966750000002,-46.72480525,,,,1,2023-06-15T01:17:03+00:00
SAO_978J-10,São Paulo,3550308,True,EMTU,591,https://moovitapp.com/index/pt-br/transporte_p%C3%BAblico-line-591-Sao_Paulo-242-2038937-36419577-0,5.4,-23.539676,-46.645218,,,,1,2023-06-15T01:17:04+00:00
SAO_978J-10,São Paulo,3550308,True,EMTU,591,https://moovitapp.com/index/pt-br/transporte_p%C3%BAblico-line-591-Sao_Paulo-242-2038937-36419577-0,5.4,-23.523934750000002,-46.687574375,,,,1,2023-06-15T01:17:00+00:00
SAO_5362-41,São Paulo,3550308,True,,32840,,,-23.65908975,-46.7012395,,,,2,2023-06-15T01:17:34+00:00
SAO_5362-41,São Paulo,3550308,True,,32840,,,-23.65045875,-46.704966999999996,,,,2,2023-06-15T01:17:32+00:00
SAO_5362-41,São Paulo,3550308,True,,32840,,,-23.640843,-46.6985765,,,,2,2023-06-15T01:17:31+00:00
SAO_5362-41,São Paulo,3550308,True,,32840,,,-23.638222125000002,-46.69485025,,,,2,2023-06-15T01:17:24+00:00
SAO_5362-41,São Paulo,3550308,True,,32840,,,-23.582072,-46.65597475,,,,2,2023-06-15T01:16:56+00:00
SAO_5024-10,São Paulo,3550308,True,,33890,,,-23.694916,-46.6557425,,,,2,2023-06-15T01:14:51+00:00
SAO_5024-10,São Paulo,3550308,True,,33890,,,-23.6808655,-46.683137,,,,2,2023-06-15T01:17:38+00:00
SAO_5024-10,São Paulo,3550308,True,,33890,,,-23.658395499999997,-46.7017755,,,,2,2023-06-15T01:16:58+00:00
SAO_5024-10,São Paulo,3550308,True,,33890,,,-23.672673500000002,-46.687075750000005,,,,2,2023-06-15T01:17:06+00:00
SAO_5024-10,São Paulo,3550308,True,,33890,,,-23.689080750000002,-46.64931275,,,,2,2023-06-15T01:17:03+00:00
SAO_5024-10,São Paulo,3550308,True,,33890,,,-23.6854065,-46.6640635,,,,2,2023-06-15T01:17:27+00:00
SAO_5022-10,São Paulo,3550308,True,,33888,,,-23.6721505,-46.638467,,,,2,2023-06-15T01:17:25+00:00
SAO_5022-10,São Paulo,3550308,True,,33888,,,-23.652393500000002,-46.6374895,,,,2,2023-06-15T01:17:29+00:00
SAO_5022-10,São Paulo,3550308,True,,33888,,,-23.6721505,-46.638467,,,,2,2023-06-15T01:17:32+00:00
SAO_5022-10,São Paulo,3550308,True,,33888,,,-23.663096875,-46.644645,,,,2,2023-06-15T01:16:47+00:00
SAO_5022-10,São Paulo,3550308,True,,33888,,,-23.668487,-46.646861,,,,2,2023-06-15T01:16:59+00:00
SAO_5022-10,São Paulo,3550308,True,,33888,,,-23.671324,-46.643936249999996,,,,2,2023-06-15T01:17:26+00:00
SAO_5022-10,São Paulo,3550308,True,,33888,,,-23.6643695,-46.6454265,,,,2,2023-06-15T01:17:07+00:00
SAO_5022-10,São Paulo,3550308,True,,33888,,,-23.659473499999997,-46.63652975,,,,2,2023-06-15T01:17:34+00:00
SAO_6030-10,São Paulo,3550308,True,,33910,,,-23.6758905,-46.699286,,,,2,2023-06-15T01:17:05+00:00
SAO_6030-10,São Paulo,3550308,True,,33910,,,-23.653964000000002,-46.710128250000004,,,,2,2023-06-15T01:17:10+00:00
SAO_6030-10,São Paulo,3550308,True,,33910,,,-23.732557,-46.7065485,,,,2,2023-06-15T01:17:01+00:00
SAO_6030-10,São Paulo,3550308,True,,33910,,,-23.721375000000002,-46.70633,,,,2,2023-06-15T01:17:20+00:00
SAO_6030-10,São Paulo,3550308,True,,33910,,,-23.66309575,-46.710493,,,,2,2023-06-15T01:17:13+00:00
SAO_6030-10,São Paulo,3550308,True,,33910,,,-23.680145875,-46.69566400000001,,,,2,2023-06-15T01:17:24+00:00
SAO_6030-10,São Paulo,3550308,True,,33910,,,-23.702490625,-46.701837375,,,,2,2023-06-15T01:17:04+00:00
SAO_6030-10,São Paulo,3550308,True,,33910,,,-23.653907,-46.711011,,,,2,2023-06-15T01:17:36+00:00
SAO_6030-10,São Paulo,3550308,True,,33910,,,-23.720087,-46.706171499999996,,,,2,2023-06-15T01:16:58+00:00
SAO_6030-10,São Paulo,3550308,True,,33910,,,-23.659702,-46.7050855,,,,2,2023-06-15T01:17:23+00:00
SAO_477P-10,São Paulo,3550308,True,EMTU,348,https://moovitapp.com/index/pt-br/transporte_p%C3%BAblico-line-348-Sao_Paulo-242-2038937-36419431-0,5.1,-23.6024965,-46.6800715,,,,1,2023-06-15T01:17:40+00:00
SAO_477P-10,São Paulo,3550308,True,EMTU,348,https://moovitapp.com/index/pt-br/transporte_p%C3%BAblico-line-348-Sao_Paulo-242-2038937-36419431-0,5.1,-23.613981375,-46.66741125,,,,1,2023-06-15T01:17:17+00:00
SAO_477P-10,São Paulo,3550308,True,EMTU,348,https://moovitapp.com/index/pt-br/transporte_p%C3%BAblico-line-348-Sao_Paulo-242-2038937-36419431-0,5.1,-23.577193,-46.609338,,,,1,2023-06-15T01:17:27+00:00
SAO_477P-10,São Paulo,3550308,True,EMTU,348,https://moovitapp.com/index/pt-br/transporte_p%C3%BAblico-line-348-Sao_Paulo-242-2038937-36419431-0,5.1,-23.57200775,-46.7079945,,,,1,2023-06-15T01:17:30+00:00
SAO_477P-10,São Paulo,3550308,True,EMTU,348,https://moovitapp.com/index/pt-br/transporte_p%C3%BAblico-line-348-Sao_Paulo-242-2038937-36419431-0,5.1,-23.572917,-46.711085,,,,1,2023-06-15T01:17:37+00:00
SAO_477P-10,São Paulo,3550308,True,EMTU,348,https://moovitapp.com/index/pt-br/transporte_p%C3%BAblico-line-348-Sao_Paulo-242-2038937-36419431-0,5.1,-23.594464875,-46.676896875000004,,,,1,2023-06-15T01:17:34+00:00
SAO_477P-10,São Paulo,3550308,True,EMTU,348,https://moovitapp.com/index/pt-br/transporte_p%C3%BAblico-line-348-Sao_Paulo-242-2038937-36419431-0,5.1,-23.5855505,-46.68270875,,,,1,2023-06-15T01:17:03+00:00
SAO_477P-10,São Paulo,3550308,True,EMTU,348,https://moovitapp.com/index/pt-br/transporte_p%C3%BAblico-line-348-Sao_Paulo-242-2038937-36419431-0,5.1,-23.5837755,-46.6175,,,,1,2023-06-15T01:16:59+00:00
SAO_477P-10,São Paulo,3550308,True,EMTU,348,https://moovitapp.com/index/pt-br/transporte_p%C3%BAblico-line-348-Sao_Paulo-242-2038937-36419431-0,5.1,-23.6255895,-46.64091,,,,1,2023-06-15T01:17:02+00:00
SAO_6041-10,São Paulo,3550308,True,,33986,,,-23.64431275,-46.728536500000004,,,,2,2023-06-15T01:17:34+00:00
SAO_6041-10,São Paulo,3550308,True,,33986,,,-23.6899145,-46.7808755,,,,2,2023-06-15T01:17:18+00:00
SAO_6041-10,São Paulo,3550308,True,,33986,,,-23.6657115,-46.7709265,,,,2,2023-06-15T01:17:26+00:00
SAO_6041-10,São Paulo,3550308,True,,33986,,,-23.6651925,-46.7706295,,,,2,2023-06-15T01:17:22+00:00
SAO_6041-10,São Paulo,3550308,True,,33986,,,-23.673530999999997,-46.773515,,,,2,2023-06-15T01:17:28+00:00
SAO_6041-10,São Paulo,3550308,True,,33986,,,-23.684610749999997,-46.779183,,,,2,2023-06-15T01:17:38+00:00
SAO_6041-10,São Paulo,3550308,True,,33986,,,-23.6821960625,-46.77786181250001,,,,2,2023-06-15T01:16:59+00:00
SAO_6041-10,São Paulo,3550308,True,,33986,,,-23.656692999999997,-46.7636335,,,,2,2023-06-15T01:17:05+00:00
SAO_6041-10,São Paulo,3550308,True,,33986,,,-23.6899145,-46.7808755,,,,2,2023-06-15T01:17:37+00:00
SAO_6041-10,São Paulo,3550308,True,,33986,,,-23.6634395,-46.7696465,,,,2,2023-06-15T01:15:45+00:00
SAO_6041-10,São Paulo,3550308,True,,33986,,,-23.64166925,-46.71504912499999,,,,2,2023-06-15T01:17:35+00:00
SAO_6041-10,São Paulo,3550308,True,,33986,,,-23.6645605,-46.770251,,,,2,2023-06-15T01:17:21+00:00
SAO_6041-10,São Paulo,3550308,True,,33986,,,-23.64268725,-46.74172575,,,,2,2023-06-15T01:17:07+00:00
SAO_6041-10,São Paulo,3550308,True,,33986,,,-23.644305,-46.744851499999996,,,,2,2023-06-15T01:17:19+00:00
SAO_6041-10,São Paulo,3550308,True,,33986,,,-23.64002575,-46.721254,,,,2,2023-06-15T01:17:09+00:00
SAO_354M-10,São Paulo,3550308,True,,34387,,,-23.6011285,-46.470281,,,,2,2023-06-15T01:17:34+00:00
SAO_354M-10,São Paulo,3550308,True,,34387,,,-23.493579750000002,-46.44058475,,,,2,2023-06-15T01:17:21+00:00
SAO_354M-10,São Paulo,3550308,True,,34387,,,-23.5022775,-46.45289525,,,,2,2023-06-15T01:16:55+00:00
SAO_354M-10,São Paulo,3550308,True,,34387,,,-23.541565249999998,-46.4486793125,,,,2,2023-06-15T01:17:06+00:00
SAO_354M-10,São Paulo,3550308,True,,34387,,,-23.49346225,-46.442254500000004,,,,2,2023-06-15T01:17:32+00:00
SAO_354M-10,São Paulo,3550308,True,,34387,,,-23.4917705,-46.4343875,,,,2,2023-06-15T01:16:59+00:00
SAO_354M-10,São Paulo,3550308,True,,34387,,,-23.590266,-46.443014000000005,,,,2,2023-06-15T01:15:51+00:00
SAO_8014-10,São Paulo,3550308,True,,801,,,-23.406409500000002,-46.768144500000005,,,,1,2023-06-15T01:17:01+00:00
SAO_8014-10,São Paulo,3550308,True,,801,,,-23.4318903125,-46.786874375,,,,1,2023-06-15T01:17:11+00:00
SAO_8014-10,São Paulo,3550308,True,,801,,,-23.406951999999997,-46.757836,,,,1,2023-06-15T01:17:05+00:00
SAO_8014-10,São Paulo,3550308,True,,801,,,-23.448998500000002,-46.7935255,,,,1,2023-06-15T01:17:18+00:00
SAO_8014-10,São Paulo,3550308,True,,801,,,-23.404693,-46.73866,,,,1,2023-06-15T01:17:38+00:00
SAO_352A-10,São Paulo,3550308,True,,32932,,,-23.5106265,-46.443504,,,,2,2023-06-15T01:17:32+00:00
SAO_352A-10,São Paulo,3550308,True,,32932,,,-23.478446124999998,-46.422054875,,,,2,2023-06-15T01:15:33+00:00
SAO_352A-10,São Paulo,3550308,True,,32932,,,-23.479100875,-46.421538125,,,,2,2023-06-15T01:17:32+00:00
SAO_352A-10,São Paulo,3550308,True,,32932,,,-23.479201250000003,-46.42118275,,,,2,2023-06-15T01:17:03+00:00
SAO_352A-10,São Paulo,3550308,True,,32932,,,-23.603000375,-46.482178875,,,,2,2023-06-15T01:17:27+00:00
SAO_352A-10,São Paulo,3550308,True,,32932,,,-23.565778,-46.467827,,,,2,2023-06-15T01:17:35+00:00
SAO_352A-10,São Paulo,3550308,True,,32932,,,-23.548706375,-46.46178975,,,,2,2023-06-15T01:17:30+00:00
SAO_1783-10,São Paulo,3550308,True,,644,,,-23.455307,-46.602386249999995,,,,1,2023-06-15T01:17:29+00:00
SAO_1783-10,São Paulo,3550308,True,,644,,,-23.421597,-46.589521500000004,,,,1,2023-06-15T01:17:37+00:00
SAO_1783-10,São Paulo,3550308,True,,644,,,-23.4879935,-46.624123999999995,,,,1,2023-06-15T01:16:30+00:00
SAO_8605-10,São Paulo,3550308,True,,34685,,,-23.60110375,-46.74300050000001,,,,2,2023-06-15T01:17:36+00:00
SAO_8605-10,São Paulo,3550308,True,,34685,,,-23.63142725,-46.77140775,,,,2,2023-06-15T01:17:13+00:00
SAO_8605-10,São Paulo,3550308,True,,34685,,,-23.549426,-46.639907,,,,2,2023-06-15T01:17:32+00:00
SAO_8605-10,São Paulo,3550308,True,,34685,,,-23.6316405,-46.772316,,,,2,2023-06-15T01:17:02+00:00
SAO_8605-10,São Paulo,3550308,True,,34685,,,-23.5863455,-46.69585125,,,,2,2023-06-15T01:17:24+00:00
SAO_8605-10,São Paulo,3550308,True,,34685,,,-23.580540499999998,-46.711329750000004,,,,2,2023-06-15T01:17:41+00:00
SAO_8605-10,São Paulo,3550308,True,,34685,,,-23.584733,-46.718515999999994,,,,2,2023-06-15T01:17:32+00:00
SAO_8605-10,São Paulo,3550308,True,,34685,,,-23.592548374999996,-46.73287125,,,,2,2023-06-15T01:17:01+00:00
SAO_8605-10,São Paulo,3550308,True,,34685,,,-23.58077,-46.711467,,,,2,2023-06-15T01:17:42+00:00
SAO_6262-10,São Paulo,3550308,True,,34139,,,-23.551484375,-46.71115775,,,,2,2023-06-15T01:17:40+00:00
SAO_6262-10,São Paulo,3550308,True,,34139,,,-23.571728999999998,-46.69021325,,,,2,2023-06-15T01:17:30+00:00
SAO_6262-10,São Paulo,3550308,True,,34139,,,-23.5600355,-46.654938,,,,2,2023-06-15T01:17:40+00:00
SAO_6262-10,São Paulo,3550308,True,,34139,,,-23.53244175,-46.72951625,,,,2,2023-06-15T01:16:57+00:00
SAO_6262-10,São Paulo,3550308,True,,34139,,,-23.5589715,-46.6974695,,,,2,2023-06-15T01:17:26+00:00
SAO_6262-10,São Paulo,3550308,True,,34139,,,-23.548014875,-46.714994125,,,,2,2023-06-15T01:17:19+00:00
SAO_6262-10,São Paulo,3550308,True,,34139,,,-23.5603275,-46.6551405,,,,2,2023-06-15T01:17:27+00:00
SAO_6262-10,São Paulo,3550308,True,,34139,,,-23.551484375,-46.71115775,,,,2,2023-06-15T01:17:35+00:00
SAO_6262-10,São Paulo,3550308,True,,34139,,,-23.529883124999998,-46.731899,,,,2,2023-06-15T01:17:23+00:00
SAO_6262-10,São Paulo,3550308,True,,34139,,,-23.58074525,-46.68468825,,,,2,2023-06-15T01:17:21+00:00
SAO_8073-10,São Paulo,3550308,True,,34849,,,-23.599075499999998,-46.766103,,,,2,2023-06-15T01:17:39+00:00
SAO_8073-10,São Paulo,3550308,True,,34849,,,-23.599168,-46.766690999999994,,,,2,2023-06-15T01:17:38+00:00
SAO_8073-10,São Paulo,3550308,True,,34849,,,-23.599168,-46.766690999999994,,,,2,2023-06-15T01:17:07+00:00
SAO_8073-10,São Paulo,3550308,True,,34849,,,-23.5847965,-46.7448565,,,,2,2023-06-15T01:17:10+00:00
SAO_2006-10,São Paulo,3550308,True,,33663,,,-23.4940625,-46.3898925,,,,2,2023-06-15T01:17:32+00:00
SAO_2006-10,São Paulo,3550308,True,,33663,,,-23.494473999999997,-46.37281875,,,,2,2023-06-15T01:16:56+00:00
SAO_2006-10,São Paulo,3550308,True,,33663,,,-23.496644500000002,-46.393260999999995,,,,2,2023-06-15T01:17:28+00:00
SAO_2006-10,São Paulo,3550308,True,,33663,,,-23.489018625,-46.379085,,,,2,2023-06-15T01:17:24+00:00
SAO_2006-10,São Paulo,3550308,True,,33663,,,-23.510422374999997,-46.36670225,,,,2,2023-06-15T01:04:08+00:00
SAO_2006-10,São Paulo,3550308,True,,33663,,,-23.495845,-46.371767500000004,,,,2,2023-06-15T01:17:16+00:00
SAO_2006-10,São Paulo,3550308,True,,33663,,,-23.491642499999998,-46.387237999999996,,,,2,2023-06-15T01:17:23+00:00
SAO_1702-10,São Paulo,3550308,True,,846,,,-23.506515,-46.62475275,,,,1,2023-06-15T01:17:05+00:00
SAO_1702-10,São Paulo,3550308,True,,846,,,-23.50565825,-46.624722750000004,,,,1,2023-06-15T01:17:28+00:00
SAO_1702-10,São Paulo,3550308,True,,846,,,-23.525280000000002,-46.62555375,,,,1,2023-06-15T01:17:34+00:00
SAO_1702-10,São Paulo,3550308,True,,846,,,-23.469675000000002,-46.584624,,,,1,2023-06-15T01:17:14+00:00
SAO_1702-10,São Paulo,3550308,True,,846,,,-23.500619999999998,-46.6133235,,,,1,2023-06-15T01:17:37+00:00
SAO_1702-10,São Paulo,3550308,True,,846,,,-23.480483999999997,-46.6003535,,,,1,2023-06-15T01:17:11+00:00
SAO_1702-10,São Paulo,3550308,True,,846,,,-23.525280000000002,-46.62555375,,,,1,2023-06-15T01:16:20+00:00
SAO_1702-10,São Paulo,3550308,True,,846,,,-23.47141,-46.586765875,,,,1,2023-06-15T01:17:29+00:00
SAO_1702-10,São Paulo,3550308,True,,846,,,-23.520755375,-46.62540800000001,,,,1,2023-06-15T01:17:19+00:00
SAO_1702-10,São Paulo,3550308,True,,846,,,-23.455544500000002,-46.584674,,,,1,2023-06-15T01:17:04+00:00
SAO_1702-10,São Paulo,3550308,True,,846,,,-23.4433975,-46.5772815,,,,1,2023-06-15T01:17:02+00:00
SAO_407G-10,São Paulo,3550308,True,,34964,,,-23.607639499999998,-46.4471185,,,,2,2023-06-15T01:16:15+00:00
SAO_407G-10,São Paulo,3550308,True,,34964,,,-23.5761295,-46.502480500000004,,,,2,2023-06-15T01:16:55+00:00
SAO_407G-10,São Paulo,3550308,True,,34964,,,-23.5706305,-46.504504499999996,,,,2,2023-06-15T01:17:19+00:00
SAO_407G-10,São Paulo,3550308,True,,34964,,,-23.5834325,-46.4923725,,,,2,2023-06-15T01:17:38+00:00
SAO_407G-10,São Paulo,3550308,True,,34964,,,-23.61114025,-46.43407825,,,,2,2023-06-15T01:17:34+00:00
SAO_407G-10,São Paulo,3550308,True,,34964,,,-23.611837,-46.4334745,,,,2,2023-06-15T01:17:26+00:00
SAO_407G-10,São Paulo,3550308,True,,34964,,,-23.609524125,-46.453543124999996,,,,2,2023-06-15T01:16:53+00:00
SAO_407G-10,São Paulo,3550308,True,,34964,,,-23.566259000000002,-46.507381,,,,2,2023-06-15T01:17:30+00:00
SAO_407G-10,São Paulo,3550308,True,,34964,,,-23.6122415,-46.4733945,,,,2,2023-06-15T01:17:14+00:00
SAO_407G-10,São Paulo,3550308,True,,34964,,,-23.6150615,-46.470304999999996,,,,2,2023-06-15T01:17:13+00:00
SAO_407G-10,São Paulo,3550308,True,,34964,,,-23.539747875,-46.543512875,,,,2,2023-06-15T01:17:13+00:00
SAO_407G-10,São Paulo,3550308,True,,34964,,,-23.6135575,-46.471833000000004,,,,2,2023-06-15T01:17:32+00:00
SAO_407G-10,São Paulo,3550308,True,,34964,,,-23.6119185,-46.476276999999996,,,,2,2023-06-15T01:17:12+00:00
SAO_407G-10,São Paulo,3550308,True,,34964,,,-23.552165,-46.520863500000004,,,,2,2023-06-15T01:17:36+00:00
SAO_407G-10,São Paulo,3550308,True,,34964,,,-23.562649,-46.509988,,,,2,2023-06-15T01:16:57+00:00
SAO_407G-10,São Paulo,3550308,True,,34964,,,-23.600956500000002,-46.439428,,,,2,2023-06-15T01:17:08+00:00
SAO_407G-10,São Paulo,3550308,True,,34964,,,-23.536297500000003,-46.5544565,,,,2,2023-06-15T01:16:56+00:00
SAO_407G-10,São Paulo,3550308,True,,34964,,,-23.601860000000002,-46.438239,,,,2,2023-06-15T01:16:57+00:00
SAO_407G-10,São Paulo,3550308,True,,34964,,,-23.60762625,-46.435817,,,,2,2023-06-15T01:16:57+00:00
SAO_7062-41,São Paulo,3550308,True,,2271,,,-23.6499715,-46.758806,,,,1,2023-06-15T01:17:29+00:00
SAO_7062-41,São Paulo,3550308,True,,2271,,,-23.649918749999998,-46.76834075,,,,1,2023-06-15T01:17:37+00:00
SAO_647A-10,São Paulo,3550308,True,,34083,,,-23.665391,-46.7707355,,,,2,2023-06-15T01:17:07+00:00
SAO_647A-10,São Paulo,3550308,True,,34083,,,-23.6475595,-46.7579695,,,,2,2023-06-15T01:17:22+00:00
SAO_647A-10,São Paulo,3550308,True,,34083,,,-23.5732,-46.6895245,,,,2,2023-06-15T01:17:26+00:00
SAO_647A-10,São Paulo,3550308,True,,34083,,,-23.616648,-46.7315265,,,,2,2023-06-15T01:17:16+00:00
SAO_647A-10,São Paulo,3550308,True,,34083,,,-23.633803,-46.737025,,,,2,2023-06-15T01:17:28+00:00
SAO_647A-10,São Paulo,3550308,True,,34083,,,-23.6945095,-46.7940355,,,,2,2023-06-15T01:17:36+00:00
SAO_647A-10,São Paulo,3550308,True,,34083,,,-23.694454,-46.794375,,,,2,2023-06-15T01:17:41+00:00
SAO_647A-10,São Paulo,3550308,True,,34083,,,-23.672499000000002,-46.782287,,,,2,2023-06-15T01:17:10+00:00
SAO_647A-10,São Paulo,3550308,True,,34083,,,-23.602548,-46.7251895,,,,2,2023-06-15T01:17:37+00:00
SAO_647A-10,São Paulo,3550308,True,,34083,,,-23.6668415,-46.772450000000006,,,,2,2023-06-15T01:17:01+00:00
SAO_574W-10,São Paulo,3550308,True,,34397,,,-23.609143500000002,-46.5055415,,,,2,2023-06-15T01:17:03+00:00
SAO_574W-10,São Paulo,3550308,True,,34397,,,-23.5553185,-46.575342000000006,,,,2,2023-06-15T01:17:34+00:00
SAO_574W-10,São Paulo,3550308,True,,34397,,,-23.615775499999998,-46.488022,,,,2,2023-06-15T01:17:39+00:00
SAO_574W-10,São Paulo,3550308,True,,34397,,,-23.616993125,-46.48532900000001,,,,2,2023-06-15T01:17:35+00:00
SAO_574W-10,São Paulo,3550308,True,,34397,,,-23.598685500000002,-46.513247,,,,2,2023-06-15T01:17:04+00:00
SAO_574W-10,São Paulo,3550308,True,,34397,,,-23.5673605,-46.542109999999994,,,,2,2023-06-15T01:17:13+00:00
SAO_574W-10,São Paulo,3550308,True,,34397,,,-23.615348,-46.4847155,,,,2,2023-06-15T01:17:30+00:00
SAO_574W-10,São Paulo,3550308,True,,34397,,,-23.576477500000003,-46.520476,,,,2,2023-06-15T01:17:25+00:00
SAO_574W-10,São Paulo,3550308,True,,34397,,,-23.6149275,-46.501881,,,,2,2023-06-15T01:16:58+00:00
SAO_857P-10,São Paulo,3550308,True,,1926,,,-23.576441250000002,-46.64343825,,,,1,2023-06-15T01:17:13+00:00
SAO_857P-10,São Paulo,3550308,True,,1926,,,-23.571223,-46.691788,,,,1,2023-06-15T01:17:16+00:00
SAO_857P-10,São Paulo,3550308,True,,1926,,,-23.569887125,-46.646200125,,,,1,2023-06-15T01:17:41+00:00
SAO_857P-10,São Paulo,3550308,True,,1926,,,-23.631026499999997,-46.773642,,,,1,2023-06-15T01:17:05+00:00
SAO_857P-10,São Paulo,3550308,True,,1926,,,-23.614564,-46.75580375,,,,1,2023-06-15T01:17:19+00:00
SAO_857P-10,São Paulo,3550308,True,,1926,,,-23.6312955,-46.773033999999996,,,,1,2023-06-15T01:17:06+00:00
SAO_857P-10,São Paulo,3550308,True,,1926,,,-23.584879,-46.718874,,,,1,2023-06-15T01:17:33+00:00
SAO_857P-10,São Paulo,3550308,True,,1926,,,-23.55649175,-46.6622505,,,,1,2023-06-15T01:17:10+00:00
SAO_407I-10,São Paulo,3550308,True,,34990,,,-23.5496535,-46.507453,,,,2,2023-06-15T01:17:19+00:00
SAO_407I-10,São Paulo,3550308,True,,34990,,,-23.546372499999997,-46.4811035,,,,2,2023-06-15T01:17:14+00:00
SAO_407I-10,São Paulo,3550308,True,,34990,,,-23.542912,-46.484694250000004,,,,2,2023-06-15T01:16:57+00:00
SAO_407I-10,São Paulo,3550308,True,,34990,,,-23.540562,-46.541367750000006,,,,2,2023-06-15T01:17:14+00:00
SAO_407I-10,São Paulo,3550308,True,,34990,,,-23.5409805,-46.576847,,,,2,2023-06-15T01:17:21+00:00
SAO_407I-10,São Paulo,3550308,True,,34990,,,-23.5433355,-46.48539675000001,,,,2,2023-06-15T01:16:23+00:00
SAO_407I-10,São Paulo,3550308,True,,34990,,,-23.542912,-46.484694250000004,,,,2,2023-06-15T01:17:33+00:00
SAO_3743-10,São Paulo,3550308,True,,33811,,,-23.5952735,-46.487778999999996,,,,2,2023-06-15T01:16:59+00:00
SAO_3743-10,São Paulo,3550308,True,,33811,,,-23.57554125,-46.478301,,,,2,2023-06-15T01:17:23+00:00
SAO_3743-10,São Paulo,3550308,True,,33811,,,-23.584945124999997,-46.491730000000004,,,,2,2023-06-15T01:17:24+00:00
SAO_3743-10,São Paulo,3550308,True,,33811,,,-23.609576250000003,-46.4755425,,,,2,2023-06-15T01:17:01+00:00
SAO_3743-10,São Paulo,3550308,True,,33811,,,-23.5425095,-46.470524,,,,2,2023-06-15T01:11:41+00:00
SAO_3743-10,São Paulo,3550308,True,,33811,,,-23.609576250000003,-46.4755425,,,,2,2023-06-15T01:17:35+00:00
SAO_3743-10,São Paulo,3550308,True,,33811,,,-23.551387,-46.4625745,,,,2,2023-06-15T01:17:17+00:00
SAO_908T-10,São Paulo,3550308,True,,34884,,,-23.5793985,-46.682894000000005,,,,2,2023-06-15T01:16:59+00:00
SAO_908T-10,São Paulo,3550308,True,,34884,,,-23.558281125,-46.6603935,,,,2,2023-06-15T01:17:03+00:00
SAO_908T-10,São Paulo,3550308,True,,34884,,,-23.548937375,-46.643940125,,,,2,2023-06-15T01:17:22+00:00
SAO_2552-10,São Paulo,3550308,True,,142,,,-23.52015825,-46.52482325,,,,1,2023-06-15T01:17:12+00:00
SAO_2552-10,São Paulo,3550308,True,,142,,,-23.489387,-46.420932500000006,,,,1,2023-06-15T01:15:04+00:00
SAO_2552-10,São Paulo,3550308,True,,142,,,-23.5142675,-46.519064,,,,1,2023-06-15T01:17:13+00:00
SAO_2552-10,São Paulo,3550308,True,,142,,,-23.53642875,-46.5880015,,,,1,2023-06-15T01:17:17+00:00
SAO_2552-10,São Paulo,3550308,True,,142,,,-23.49783775,-46.46054675,,,,1,2023-06-15T01:17:10+00:00
SAO_2552-10,São Paulo,3550308,True,,142,,,-23.4912585,-46.4461335,,,,1,2023-06-15T01:17:27+00:00
SAO_2552-10,São Paulo,3550308,True,,142,,,-23.523043625,-46.548755375,,,,1,2023-06-15T01:17:00+00:00
SAO_2552-10,São Paulo,3550308,True,,142,,,-23.538157499999997,-46.599945500000004,,,,1,2023-06-15T01:17:32+00:00
SAO_1760-10,São Paulo,3550308,True,,33325,,,-23.505131125,-46.624702875,,,,2,2023-06-15T01:17:12+00:00
SAO_1760-10,São Paulo,3550308,True,,33325,,,-23.4964985,-46.6292115,,,,2,2023-06-15T01:17:01+00:00
SAO_1760-10,São Paulo,3550308,True,,33325,,,-23.4875005,-46.638571999999996,,,,2,2023-06-15T01:17:39+00:00
SAO_1760-10,São Paulo,3550308,True,,33325,,,-23.49901,-46.6255125,,,,2,2023-06-15T01:17:28+00:00
SAO_1760-10,São Paulo,3550308,True,,33325,,,-23.4670375,-46.663279,,,,2,2023-06-15T01:17:16+00:00
SAO_1760-10,São Paulo,3550308,True,,33325,,,-23.483822,-46.6431135,,,,2,2023-06-15T01:17:00+00:00
SAO_971C-10,São Paulo,3550308,True,,33339,,,-23.444249749999997,-46.70532125,,,,2,2023-06-15T01:16:38+00:00
SAO_971C-10,São Paulo,3550308,True,,33339,,,-23.444535000000002,-46.7139585,,,,2,2023-06-15T01:17:40+00:00
SAO_971C-10,São Paulo,3550308,True,,33339,,,-23.4490045,-46.7102105,,,,2,2023-06-15T01:17:35+00:00
SAO_971C-10,São Paulo,3550308,True,,33339,,,-23.4437895,-46.71723525,,,,2,2023-06-15T01:17:35+00:00
SAO_971C-10,São Paulo,3550308,True,,33339,,,-23.473861499999998,-46.667732,,,,2,2023-06-15T01:17:29+00:00
SAO_971C-10,São Paulo,3550308,True,,33339,,,-23.4604925,-46.68437,,,,2,2023-06-15T01:17:31+00:00
SAO_971C-10,São Paulo,3550308,True,,33339,,,-23.473833999999997,-46.669099,,,,2,2023-06-15T01:17:37+00:00
SAO_695Y-10,São Paulo,3550308,True,,33966,,,-23.826211875,-46.7326355,,,,2,2023-06-15T01:17:06+00:00
SAO_695Y-10,São Paulo,3550308,True,,33966,,,-23.67588525,-46.698717875,,,,2,2023-06-15T01:17:10+00:00
SAO_695Y-10,São Paulo,3550308,True,,33966,,,-23.748482,-46.7089725,,,,2,2023-06-15T01:15:42+00:00
SAO_695Y-10,São Paulo,3550308,True,,33966,,,-23.81769525,-46.734309624999995,,,,2,2023-06-15T01:16:58+00:00
SAO_695Y-10,São Paulo,3550308,True,,33966,,,-23.827945999999997,-46.727483500000005,,,,2,2023-06-15T01:17:38+00:00
SAO_695Y-10,São Paulo,3550308,True,,33966,,,-23.60476975,-46.663418500000006,,,,2,2023-06-15T01:17:18+00:00
SAO_695Y-10,São Paulo,3550308,True,,33966,,,-23.827945999999997,-46.727483500000005,,,,2,2023-06-15T01:17:05+00:00
SAO_695Y-10,São Paulo,3550308,True,,33966,,,-23.6509235,-46.704172,,,,2,2023-06-15T01:17:11+00:00
SAO_695Y-10,São Paulo,3550308,True,,33966,,,-23.609273375,-46.667640875,,,,2,2023-06-15T01:16:56+00:00
SAO_695Y-10,São Paulo,3550308,True,,33966,,,-23.65045875,-46.704966999999996,,,,2,2023-06-15T01:16:57+00:00
SAO_695Y-10,São Paulo,3550308,True,,33966,,,-23.598585,-46.648036000000005,,,,2,2023-06-15T01:17:39+00:00
SAO_695Y-10,São Paulo,3550308,True,,33966,,,-23.828025500000003,-46.7271865,,,,2,2023-06-15T01:17:34+00:00
SAO_695Y-10,São Paulo,3550308,True,,33966,,,-23.617609875,-46.675457249999994,,,,2,2023-06-15T01:17:34+00:00
SAO_695Y-10,São Paulo,3550308,True,,33966,,,-23.661797999999997,-46.6934765,,,,2,2023-06-15T01:17:27+00:00
SAO_271A-51,São Paulo,3550308,True,,703,,,-23.521195,-46.549595999999994,,,,1,2023-06-15T01:17:19+00:00
SAO_271A-51,São Paulo,3550308,True,,703,,,-23.507360499999997,-46.5711955,,,,1,2023-06-15T01:17:02+00:00
SAO_271A-51,São Paulo,3550308,True,,703,,,-23.502815,-46.623698,,,,1,2023-06-15T01:17:16+00:00
SAO_271A-51,São Paulo,3550308,True,,703,,,-23.498877999999998,-46.519452,,,,1,2023-06-15T01:17:16+00:00
SAO_271A-51,São Paulo,3550308,True,,703,,,-23.499913,-46.5914415,,,,1,2023-06-15T01:16:58+00:00
SAO_342C-10,São Paulo,3550308,True,,1002,,,-23.560944,-46.4918265,,,,1,2023-06-15T01:17:39+00:00
SAO_342C-10,São Paulo,3550308,True,,1002,,,-23.5425265,-46.498612,,,,1,2023-06-15T01:14:18+00:00
SAO_342C-10,São Paulo,3550308,True,,1002,,,-23.534536,-46.525394000000006,,,,1,2023-06-15T01:17:38+00:00
SAO_342C-10,São Paulo,3550308,True,,1002,,,-23.52355925,-46.5462585,,,,1,2023-06-15T01:17:36+00:00
SAO_342C-10,São Paulo,3550308,True,,1002,,,-23.560944,-46.4918265,,,,1,2023-06-15T01:17:02+00:00
SAO_513C-10,São Paulo,3550308,True,,35303,,,-23.603079125,-46.5591625,,,,2,2023-06-15T01:17:31+00:00
SAO_513C-10,São Paulo,3550308,True,,35303,,,-23.606419000000002,-46.5629485,,,,2,2023-06-15T01:17:16+00:00
SAO_513C-10,São Paulo,3550308,True,,35303,,,-23.614496,-46.500415000000004,,,,2,2023-06-15T01:16:38+00:00
SAO_513C-10,São Paulo,3550308,True,,35303,,,-23.598334,-46.528966499999996,,,,2,2023-06-15T01:16:25+00:00
SAO_6072-10,São Paulo,3550308,True,,34356,,,-23.827348,-46.69764012499999,,,,2,2023-06-15T01:17:24+00:00
SAO_6072-10,São Paulo,3550308,True,,34356,,,-23.7727445,-46.720183,,,,2,2023-06-15T01:17:23+00:00
SAO_6072-10,São Paulo,3550308,True,,34356,,,-23.786526000000002,-46.714192,,,,2,2023-06-15T01:17:33+00:00
SAO_6072-10,São Paulo,3550308,True,,34356,,,-23.8198705,-46.704251,,,,2,2023-06-15T01:17:06+00:00
SAO_6072-10,São Paulo,3550308,True,,34356,,,-23.827348,-46.69764012499999,,,,2,2023-06-15T01:17:25+00:00
SAO_6072-10,São Paulo,3550308,True,,34356,,,-23.776742749999997,-46.718868,,,,2,2023-06-15T01:17:00+00:00
SAO_6072-10,São Paulo,3550308,True,,34356,,,-23.8274015,-46.69739250000001,,,,2,2023-06-15T01:17:13+00:00
SAO_6072-10,São Paulo,3550308,True,,34356,,,-23.8274015,-46.69739250000001,,,,2,2023-06-15T01:17:15+00:00
SAO_6072-10,São Paulo,3550308,True,,34356,,,-23.805996999999998,-46.713722000000004,,,,2,2023-06-15T01:15:11+00:00
SAO_3141-10,São Paulo,3550308,True,,33502,,,-23.574795,-46.56579925,,,,2,2023-06-15T01:17:37+00:00
SAO_3141-10,São Paulo,3550308,True,,33502,,,-23.5850905,-46.533749,,,,2,2023-06-15T01:17:25+00:00
SAO_3141-10,São Paulo,3550308,True,,33502,,,-23.612791,-46.478922,,,,2,2023-06-15T01:17:03+00:00
SAO_3141-10,São Paulo,3550308,True,,33502,,,-23.612826,-46.479245,,,,2,2023-06-15T01:17:21+00:00
SAO_3141-10,São Paulo,3550308,True,,33502,,,-23.553181000000002,-46.578834125,,,,2,2023-06-15T01:15:47+00:00
SAO_3141-10,São Paulo,3550308,True,,33502,,,-23.5940805,-46.5274165,,,,2,2023-06-15T01:17:14+00:00
SAO_3141-10,São Paulo,3550308,True,,33502,,,-23.6129955,-46.4895395,,,,2,2023-06-15T01:16:05+00:00
SAO_7005-51,São Paulo,3550308,True,,1999,,,-23.670794,-46.772879,,,,1,2023-06-15T01:17:06+00:00
SAO_7005-51,São Paulo,3550308,True,,1999,,,-23.728915,-46.78610225,,,,1,2023-06-15T01:17:09+00:00
SAO_7005-51,São Paulo,3550308,True,,1999,,,-23.682405,-46.769456500000004,,,,1,2023-06-15T01:17:39+00:00
SAO_7005-51,São Paulo,3550308,True,,1999,,,-23.718654,-46.7846245,,,,1,2023-06-15T01:17:19+00:00
SAO_4017-10,São Paulo,3550308,True,,2190,,,-23.580689999999997,-46.388988999999995,,,,1,2023-06-15T01:16:44+00:00
SAO_4017-10,São Paulo,3550308,True,,2190,,,-23.57981325,-46.38960625,,,,1,2023-06-15T01:12:26+00:00
SAO_4017-10,São Paulo,3550308,True,,2190,,,-23.584918375,-46.38410425,,,,1,2023-06-15T01:17:12+00:00
SAO_4017-10,São Paulo,3550308,True,,2190,,,-23.583026,-46.408417,,,,1,2023-06-15T01:15:46+00:00
SAO_4017-10,São Paulo,3550308,True,,2190,,,-23.586068500000003,-46.4092865,,,,1,2023-06-15T01:17:17+00:00
SAO_4017-10,São Paulo,3550308,True,,2190,,,-23.60327775,-46.40242375,,,,1,2023-06-15T01:17:06+00:00
SAO_707K-10,São Paulo,3550308,True,,2503,,,-23.647544,-46.6624805,,,,1,2023-06-15T01:17:24+00:00
SAO_707K-10,São Paulo,3550308,True,,2503,,,-23.6477145,-46.6385,,,,1,2023-06-15T01:17:22+00:00
SAO_707K-10,São Paulo,3550308,True,,2503,,,-23.666710000000002,-46.7212555,,,,1,2023-06-15T01:17:15+00:00
SAO_707K-10,São Paulo,3550308,True,,2503,,,-23.6548905,-46.691625375,,,,1,2023-06-15T01:17:02+00:00
SAO_5757-10,São Paulo,3550308,True,,34056,,,-23.6910975,-46.6391145,,,,2,2023-06-15T01:17:40+00:00
SAO_5757-10,São Paulo,3550308,True,,34056,,,-23.6461035,-46.6444255,,,,2,2023-06-15T01:17:30+00:00
SAO_5757-10,São Paulo,3550308,True,,34056,,,-23.6932255,-46.640126,,,,2,2023-06-15T01:17:10+00:00
SAO_5757-10,São Paulo,3550308,True,,34056,,,-23.688736499999997,-46.63798,,,,2,2023-06-15T01:17:15+00:00
SAO_5757-10,São Paulo,3550308,True,,34056,,,-23.677957499999998,-46.641321000000005,,,,2,2023-06-15T01:17:22+00:00
SAO_5757-10,São Paulo,3550308,True,,34056,,,-23.6450955,-46.64122625,,,,2,2023-06-15T01:17:38+00:00
SAO_5757-10,São Paulo,3550308,True,,34056,,,-23.6346265,-46.6397755,,,,2,2023-06-15T01:17:00+00:00
SAO_5757-10,São Paulo,3550308,True,,34056,,,-23.681212000000002,-46.638399500000006,,,,2,2023-06-15T01:17:25+00:00
SAO_6805-10,São Paulo,3550308,True,,32799,,,-23.6541425,-46.7410215,,,,2,2023-06-15T01:17:33+00:00
SAO_6805-10,São Paulo,3550308,True,,32799,,,-23.6545965,-46.7621075,,,,2,2023-06-15T01:17:25+00:00
SAO_6036-10,São Paulo,3550308,True,,33982,,,-23.656924,-46.7639025,,,,2,2023-06-15T01:17:35+00:00
SAO_6036-10,São Paulo,3550308,True,,33982,,,-23.654117499999998,-46.776975,,,,2,2023-06-15T01:17:20+00:00
SAO_6036-10,São Paulo,3550308,True,,33982,,,-23.6603275,-46.767788499999995,,,,2,2023-06-15T01:17:01+00:00
SAO_6036-10,São Paulo,3550308,True,,33982,,,-23.644634,-46.725238000000004,,,,2,2023-06-15T01:17:15+00:00
SAO_6036-10,São Paulo,3550308,True,,33982,,,-23.65385975,-46.79008575,,,,2,2023-06-15T01:16:59+00:00
SAO_6036-10,São Paulo,3550308,True,,33982,,,-23.6603035,-46.767695,,,,2,2023-06-15T01:17:14+00:00
SAO_6036-10,São Paulo,3550308,True,,33982,,,-23.65385975,-46.79008575,,,,2,2023-06-15T01:17:08+00:00
SAO_6036-10,São Paulo,3550308,True,,33982,,,-23.650240000000004,-46.756395999999995,,,,2,2023-06-15T01:17:09+00:00
SAO_3721-10,São Paulo,3550308,True,,33787,,,-23.565102500000002,-46.494727999999995,,,,2,2023-06-15T01:17:10+00:00
SAO_3721-10,São Paulo,3550308,True,,33787,,,-23.5647825,-46.49722,,,,2,2023-06-15T01:17:27+00:00
SAO_3721-10,São Paulo,3550308,True,,33787,,,-23.5655605,-46.4925195,,,,2,2023-06-15T01:17:12+00:00
SAO_3721-10,São Paulo,3550308,True,,33787,,,-23.557325,-46.491631,,,,2,2023-06-15T01:17:27+00:00
SAO_3721-10,São Paulo,3550308,True,,33787,,,-23.5409355,-46.4844415,,,,2,2023-06-15T01:17:08+00:00
SAO_3721-10,São Paulo,3550308,True,,33787,,,-23.542741,-46.482468,,,,2,2023-06-15T01:17:18+00:00
SAO_3721-10,São Paulo,3550308,True,,33787,,,-23.563564,-46.5053905,,,,2,2023-06-15T01:17:29+00:00
SAO_6074-10,São Paulo,3550308,True,,1161,,,-23.7431225,-46.6917315,,,,1,2023-06-15T01:17:21+00:00
SAO_6074-10,São Paulo,3550308,True,,1161,,,-23.734544,-46.664035999999996,,,,1,2023-06-15T01:17:05+00:00
SAO_6074-10,São Paulo,3550308,True,,1161,,,-23.684160499999997,-46.692072499999995,,,,1,2023-06-15T01:17:30+00:00
SAO_6074-10,São Paulo,3550308,True,,1161,,,-23.74296,-46.669814,,,,1,2023-06-15T01:17:22+00:00
SAO_6074-10,São Paulo,3550308,True,,1161,,,-23.753162,-46.6850315,,,,1,2023-06-15T01:17:09+00:00
SAO_6074-10,São Paulo,3550308,True,,1161,,,-23.722877500000003,-46.6915535,,,,1,2023-06-15T01:17:36+00:00
SAO_1705-10,São Paulo,3550308,True,,849,,,-23.480106,-46.604046499999995,,,,1,2023-06-15T01:17:15+00:00
SAO_1705-10,São Paulo,3550308,True,,849,,,-23.479800500000003,-46.6022105,,,,1,2023-06-15T01:17:21+00:00
SAO_1705-10,São Paulo,3550308,True,,849,,,-23.4695825,-46.597597,,,,1,2023-06-15T01:14:45+00:00
SAO_1705-10,São Paulo,3550308,True,,849,,,-23.436253999999998,-46.5851845,,,,1,2023-06-15T01:17:17+00:00
SAO_1705-10,São Paulo,3550308,True,,849,,,-23.480738000000002,-46.603746,,,,1,2023-06-15T01:17:00+00:00
SAO_1705-10,São Paulo,3550308,True,,849,,,-23.480691,-46.6038635,,,,1,2023-06-15T01:17:09+00:00
SAO_372F-10,São Paulo,3550308,True,,33783,,,-23.551867,-46.599465,,,,2,2023-06-15T01:17:00+00:00
SAO_372F-10,São Paulo,3550308,True,,33783,,,-23.55199125,-46.60264225,,,,2,2023-06-15T01:17:17+00:00
SAO_372F-10,São Paulo,3550308,True,,33783,,,-23.546568,-46.605794,,,,2,2023-06-15T01:17:32+00:00
SAO_6422-10,São Paulo,3550308,True,,33129,,,-23.629555500000002,-46.7085125,,,,2,2023-06-15T01:17:00+00:00
SAO_6422-10,São Paulo,3550308,True,,33129,,,-23.62884175,-46.70638025,,,,2,2023-06-15T01:17:24+00:00
SAO_6422-10,São Paulo,3550308,True,,33129,,,-23.58769125,-46.67168025,,,,2,2023-06-15T01:17:09+00:00
SAO_6422-10,São Paulo,3550308,True,,33129,,,-23.61593575,-46.680177,,,,2,2023-06-15T01:17:41+00:00
SAO_5154-10,São Paulo,3550308,True,,33121,,,-23.646549812499998,-46.70300625,,,,2,2023-06-15T01:17:14+00:00
SAO_5154-10,São Paulo,3550308,True,,33121,,,-23.604777249999998,-46.69017925,,,,2,2023-06-15T01:17:01+00:00
SAO_5154-10,São Paulo,3550308,True,,33121,,,-23.5492665,-46.6388755,,,,2,2023-06-15T01:17:39+00:00
SAO_5154-10,São Paulo,3550308,True,,33121,,,-23.594691625000003,-46.653908,,,,2,2023-06-15T01:17:09+00:00
SAO_5154-10,São Paulo,3550308,True,,33121,,,-23.654528,-46.7141635,,,,2,2023-06-15T01:17:05+00:00
SAO_5154-10,São Paulo,3550308,True,,33121,,,-23.58828525,-46.652705999999995,,,,2,2023-06-15T01:17:06+00:00
SAO_5154-10,São Paulo,3550308,True,,33121,,,-23.643697500000002,-46.700987999999995,,,,2,2023-06-15T01:17:38+00:00
SAO_5154-10,São Paulo,3550308,True,,33121,,,-23.6510995,-46.709233,,,,2,2023-06-15T01:17:14+00:00
SAO_3004-10,São Paulo,3550308,True,,34566,,,-23.48827425,-46.407615625,,,,2,2023-06-15T01:17:38+00:00
SAO_3004-10,São Paulo,3550308,True,,34566,,,-23.479422,-46.4206095,,,,2,2023-06-15T01:16:57+00:00
SAO_9653-10,São Paulo,3550308,True,EMTU,588,https://moovitapp.com/index/pt-br/transporte_p%C3%BAblico-line-588-Sao_Paulo-242-2038937-36419575-0,7.55,-23.46288075,-46.65228175,,,,1,2023-06-15T01:17:36+00:00
SAO_9653-10,São Paulo,3550308,True,EMTU,588,https://moovitapp.com/index/pt-br/transporte_p%C3%BAblico-line-588-Sao_Paulo-242-2038937-36419575-0,7.55,-23.532615375,-46.6453315,,,,1,2023-06-15T01:17:16+00:00
SAO_9653-10,São Paulo,3550308,True,EMTU,588,https://moovitapp.com/index/pt-br/transporte_p%C3%BAblico-line-588-Sao_Paulo-242-2038937-36419575-0,7.55,-23.5070355,-46.667086,,,,1,2023-06-15T01:17:37+00:00
SAO_9653-10,São Paulo,3550308,True,EMTU,588,https://moovitapp.com/index/pt-br/transporte_p%C3%BAblico-line-588-Sao_Paulo-242-2038937-36419575-0,7.55,-23.542817999999997,-46.635973,,,,1,2023-06-15T01:17:39+00:00
SAO_9653-10,São Paulo,3550308,True,EMTU,588,https://moovitapp.com/index/pt-br/transporte_p%C3%BAblico-line-588-Sao_Paulo-242-2038937-36419575-0,7.55,-23.483288,-46.673646,,,,1,2023-06-15T01:17:12+00:00
SAO_5110-10,São Paulo,3550308,True,,2209,,,-23.57484325,-46.6027775,,,,1,2023-06-15T01:17:38+00:00
SAO_5110-10,São Paulo,3550308,True,,2209,,,-23.57466575,-46.6029505,,,,1,2023-06-15T01:17:01+00:00
SAO_5110-10,São Paulo,3550308,True,,2209,,,-23.6141145,-46.476496999999995,,,,1,2023-06-15T01:17:36+00:00
SAO_5110-10,São Paulo,3550308,True,,2209,,,-23.601843,-46.524501,,,,1,2023-06-15T01:17:24+00:00
SAO_5110-10,São Paulo,3550308,True,,2209,,,-23.6123785,-46.482487,,,,1,2023-06-15T01:17:14+00:00
SAO_5110-10,São Paulo,3550308,True,,2209,,,-23.589549,-46.5440295,,,,1,2023-06-15T01:17:16+00:00
SAO_5110-10,São Paulo,3550308,True,,2209,,,-23.547036,-46.628932,,,,1,2023-06-15T01:17:21+00:00
SAO_5110-10,São Paulo,3550308,True,,2209,,,-23.57484325,-46.6027775,,,,1,2023-06-15T01:17:35+00:00
SAO_5110-10,São Paulo,3550308,True,,2209,,,-23.614496,-46.500415000000004,,,,1,2023-06-15T01:17:05+00:00
SAO_5110-10,São Paulo,3550308,True,,2209,,,-23.613221375000002,-46.503759375,,,,1,2023-06-15T01:17:26+00:00
SAO_5110-10,São Paulo,3550308,True,,2209,,,-23.610245499999998,-46.4856875,,,,1,2023-06-15T01:17:08+00:00
SAO_5110-10,São Paulo,3550308,True,,2209,,,-23.5818495,-46.55778,,,,1,2023-06-15T01:17:17+00:00
SAO_5110-10,São Paulo,3550308,True,,2209,,,-23.61259,-46.479862999999995,,,,1,2023-06-15T01:15:33+00:00
SAO_5110-10,São Paulo,3550308,True,,2209,,,-23.614441499999998,-46.500118,,,,1,2023-06-15T01:17:32+00:00
SAO_5110-10,São Paulo,3550308,True,,2209,,,-23.601402,-46.526181,,,,1,2023-06-15T01:17:26+00:00
SAO_3739-10,São Paulo,3550308,True,,1039,,,-23.5605615,-46.445660000000004,,,,1,2023-06-15T01:17:00+00:00
SAO_3739-10,São Paulo,3550308,True,,1039,,,-23.594569999999997,-46.443041,,,,1,2023-06-15T01:16:56+00:00
SAO_3739-10,São Paulo,3550308,True,,1039,,,-23.595719125000002,-46.437332874999996,,,,1,2023-06-15T01:17:09+00:00
SAO_3739-10,São Paulo,3550308,True,,1039,,,-23.611866499999998,-46.425213,,,,1,2023-06-15T01:17:33+00:00
SAO_3739-10,São Paulo,3550308,True,,1039,,,-23.5423925,-46.4697755,,,,1,2023-06-15T01:16:00+00:00
SAO_3739-10,São Paulo,3550308,True,,1039,,,-23.562078624999998,-46.445963,,,,1,2023-06-15T01:17:28+00:00
SAO_3739-10,São Paulo,3550308,True,,1039,,,-23.55848975,-46.4454635,,,,1,2023-06-15T01:17:11+00:00
SAO_8022-10,São Paulo,3550308,True,,2085,,,-23.55562125,-46.722942,,,,1,2023-06-15T01:17:00+00:00
SAO_8022-10,São Paulo,3550308,True,,2085,,,-23.568271,-46.739903,,,,1,2023-06-15T01:16:58+00:00
SAO_8022-10,São Paulo,3550308,True,,2085,,,-23.5686075,-46.7392665,,,,1,2023-06-15T01:12:23+00:00
SAO_8022-10,São Paulo,3550308,True,,2085,,,-23.558154000000002,-46.7321855,,,,1,2023-06-15T01:16:56+00:00
SAO_846M-10,São Paulo,3550308,True,,33190,,,-23.527544,-46.7404365,,,,2,2023-06-15T01:16:59+00:00
SAO_846M-10,São Paulo,3550308,True,,33190,,,-23.5064845,-46.7598885,,,,2,2023-06-15T01:17:37+00:00
SAO_846M-10,São Paulo,3550308,True,,33190,,,-23.559456875000002,-46.688574875,,,,2,2023-06-15T01:17:04+00:00
SAO_6062-51,São Paulo,3550308,True,,34507,,,-23.660075499999998,-46.7049445,,,,2,2023-06-15T01:17:15+00:00
SAO_6062-51,São Paulo,3550308,True,,34507,,,-23.72173175,-46.69587825,,,,2,2023-06-15T01:17:33+00:00
SAO_6062-51,São Paulo,3550308,True,,34507,,,-23.72155525,-46.69622075,,,,2,2023-06-15T01:17:36+00:00
SAO_6062-51,São Paulo,3550308,True,,34507,,,-23.7220535,-46.6926835,,,,2,2023-06-15T01:17:31+00:00
SAO_6062-51,São Paulo,3550308,True,,34507,,,-23.741882,-46.6813055,,,,2,2023-06-15T01:17:29+00:00
SAO_6062-51,São Paulo,3550308,True,,34507,,,-23.702490625,-46.701837375,,,,2,2023-06-15T01:17:19+00:00
SAO_6062-51,São Paulo,3550308,True,,34507,,,-23.722092500000002,-46.694744,,,,2,2023-06-15T01:17:23+00:00
SAO_6062-51,São Paulo,3550308,True,,34507,,,-23.6720265,-46.702595,,,,2,2023-06-15T01:17:39+00:00
SAO_6062-51,São Paulo,3550308,True,,34507,,,-23.6541835,-46.7090685,,,,2,2023-06-15T01:17:13+00:00
SAO_6062-51,São Paulo,3550308,True,,34507,,,-23.695022249999997,-46.699627875,,,,2,2023-06-15T01:17:27+00:00
SAO_6062-51,São Paulo,3550308,True,,34507,,,-23.739732,-46.685892749999994,,,,2,2023-06-15T01:17:05+00:00
SAO_9004-10,São Paulo,3550308,True,,33639,,,-23.475167499999998,-46.6699895,,,,2,2023-06-15T01:17:14+00:00
SAO_9004-10,São Paulo,3550308,True,,33639,,,-23.455263000000002,-46.6827045,,,,2,2023-06-15T01:17:36+00:00
SAO_9004-10,São Paulo,3550308,True,,33639,,,-23.456984,-46.6852645,,,,2,2023-06-15T01:16:55+00:00
SAO_9004-10,São Paulo,3550308,True,,33639,,,-23.4596165,-46.6746275,,,,2,2023-06-15T01:17:20+00:00
SAO_9004-10,São Paulo,3550308,True,,33639,,,-23.467685,-46.6701185,,,,2,2023-06-15T01:17:23+00:00
SAO_9004-10,São Paulo,3550308,True,,33639,,,-23.45619,-46.681721499999995,,,,2,2023-06-15T01:17:35+00:00
SAO_9004-10,São Paulo,3550308,True,,33639,,,-23.4586455,-46.6794345,,,,2,2023-06-15T01:17:04+00:00
SAO_9004-10,São Paulo,3550308,True,,33639,,,-23.474805500000002,-46.670182,,,,2,2023-06-15T01:17:28+00:00
SAO_9004-10,São Paulo,3550308,True,,33639,,,-23.4596085,-46.6743715,,,,2,2023-06-15T01:17:13+00:00
SAO_9004-10,São Paulo,3550308,True,,33639,,,-23.469566999999998,-46.670336500000005,,,,2,2023-06-15T01:17:00+00:00
SAO_607M-10,São Paulo,3550308,True,,34804,,,-23.6431665,-46.700297250000006,,,,2,2023-06-15T01:17:40+00:00
SAO_607M-10,São Paulo,3550308,True,,34804,,,-23.6183215,-46.697711125,,,,2,2023-06-15T01:17:03+00:00
SAO_607M-10,São Paulo,3550308,True,,34804,,,-23.652938749999997,-46.701730749999996,,,,2,2023-06-15T01:17:05+00:00
SAO_607M-10,São Paulo,3550308,True,,34804,,,-23.7358915,-46.6961075,,,,2,2023-06-15T01:16:59+00:00
SAO_607M-10,São Paulo,3550308,True,,34804,,,-23.733714499999998,-46.696325,,,,2,2023-06-15T01:17:31+00:00
SAO_573H-10,São Paulo,3550308,True,,34398,,,-23.55182775,-46.609817,,,,2,2023-06-15T01:17:13+00:00
SAO_573H-10,São Paulo,3550308,True,,34398,,,-23.561819999999997,-46.59682875,,,,2,2023-06-15T01:17:05+00:00
SAO_573H-10,São Paulo,3550308,True,,34398,,,-23.608580500000002,-46.5013905,,,,2,2023-06-15T01:17:32+00:00
SAO_573H-10,São Paulo,3550308,True,,34398,,,-23.5766975,-46.5496675,,,,2,2023-06-15T01:17:26+00:00
SAO_573H-10,São Paulo,3550308,True,,34398,,,-23.5642875,-46.590112500000004,,,,2,2023-06-15T01:17:40+00:00
SAO_573H-10,São Paulo,3550308,True,,34398,,,-23.604340999999998,-46.503721999999996,,,,2,2023-06-15T01:17:26+00:00
SAO_573H-10,São Paulo,3550308,True,,34398,,,-23.584699,-46.5209445,,,,2,2023-06-15T01:17:16+00:00
SAO_573H-10,São Paulo,3550308,True,,34398,,,-23.579007,-46.54229825,,,,2,2023-06-15T01:17:31+00:00
SAO_573H-10,São Paulo,3550308,True,,34398,,,-23.574357,-46.5671915,,,,2,2023-06-15T01:17:27+00:00
SAO_573H-10,São Paulo,3550308,True,,34398,,,-23.554652500000003,-46.60976049999999,,,,2,2023-06-15T01:17:11+00:00
SAO_573H-10,São Paulo,3550308,True,,34398,,,-23.591844000000002,-46.502582000000004,,,,2,2023-06-15T01:17:31+00:00
SAO_573H-10,São Paulo,3550308,True,,34398,,,-23.583397249999997,-46.53500275,,,,2,2023-06-15T01:17:09+00:00
SAO_573H-10,São Paulo,3550308,True,,34398,,,-23.576985,-46.578658499999996,,,,2,2023-06-15T01:17:02+00:00
SAO_573H-10,São Paulo,3550308,True,,34398,,,-23.5842765,-46.528354,,,,2,2023-06-15T01:16:58+00:00
SAO_9181-10,São Paulo,3550308,True,,885,,,-23.512912999999998,-46.690622000000005,,,,1,2023-06-15T01:17:25+00:00
SAO_9181-10,São Paulo,3550308,True,,885,,,-23.52075175,-46.702160125000006,,,,1,2023-06-15T01:17:29+00:00
SAO_9181-10,São Paulo,3550308,True,,885,,,-23.457559,-46.6963325,,,,1,2023-06-15T01:17:25+00:00
SAO_9181-10,São Paulo,3550308,True,,885,,,-23.485774,-46.687580999999994,,,,1,2023-06-15T01:17:00+00:00
SAO_9181-10,São Paulo,3550308,True,,885,,,-23.457559,-46.6963325,,,,1,2023-06-15T01:16:58+00:00
SAO_9181-10,São Paulo,3550308,True,,885,,,-23.4691985,-46.689001000000005,,,,1,2023-06-15T01:17:35+00:00
SAO_9181-10,São Paulo,3550308,True,,885,,,-23.499577,-46.693115000000006,,,,1,2023-06-15T01:16:54+00:00
SAO_9181-10,São Paulo,3550308,True,,885,,,-23.4974915,-46.693849375000006,,,,1,2023-06-15T01:16:58+00:00
SAO_9181-10,São Paulo,3550308,True,,885,,,-23.457559,-46.6963325,,,,1,2023-06-15T01:17:19+00:00
SAO_9181-10,São Paulo,3550308,True,,885,,,-23.457559,-46.6963325,,,,1,2023-06-15T01:17:13+00:00
SAO_1034-10,São Paulo,3550308,True,,35220,,,-23.482392,-46.708175,,,,2,2023-06-15T01:17:24+00:00
SAO_1034-10,São Paulo,3550308,True,,35220,,,-23.47083525,-46.71026325,,,,2,2023-06-15T01:16:56+00:00
SAO_1034-10,São Paulo,3550308,True,,35220,,,-23.4707695,-46.701952500000004,,,,2,2023-06-15T01:17:27+00:00
SAO_1034-10,São Paulo,3550308,True,,35220,,,-23.470665500000003,-46.7103375,,,,2,2023-06-15T01:17:09+00:00
SAO_1034-10,São Paulo,3550308,True,,35220,,,-23.471886,-46.706306,,,,2,2023-06-15T01:16:54+00:00
SAO_1034-10,São Paulo,3550308,True,,35220,,,-23.47083525,-46.71026325,,,,2,2023-06-15T01:16:55+00:00
SAO_719R-10,São Paulo,3550308,True,,33237,,,-23.557004,-46.680627375,,,,2,2023-06-15T01:17:14+00:00
SAO_719R-10,São Paulo,3550308,True,,33237,,,-23.568327000000004,-46.742257875,,,,2,2023-06-15T01:17:30+00:00
SAO_719R-10,São Paulo,3550308,True,,33237,,,-23.567857500000002,-46.75559,,,,2,2023-06-15T01:17:35+00:00
SAO_719R-10,São Paulo,3550308,True,,33237,,,-23.531478,-46.6591815,,,,2,2023-06-15T01:17:34+00:00
SAO_719R-10,São Paulo,3550308,True,,33237,,,-23.5622305,-46.764066,,,,2,2023-06-15T01:17:37+00:00
SAO_719R-10,São Paulo,3550308,True,,33237,,,-23.5541215,-46.670616249999995,,,,2,2023-06-15T01:17:06+00:00
SAO_273J-10,São Paulo,3550308,True,,33157,,,-23.516790999999998,-46.476572000000004,,,,2,2023-06-15T01:17:38+00:00
SAO_273J-10,São Paulo,3550308,True,,33157,,,-23.52349625,-46.525154375,,,,2,2023-06-15T01:17:29+00:00
SAO_273J-10,São Paulo,3550308,True,,33157,,,-23.49050125,-46.42068775,,,,2,2023-06-15T01:17:34+00:00
SAO_273J-10,São Paulo,3550308,True,,33157,,,-23.511772,-46.4624035,,,,2,2023-06-15T01:17:28+00:00
SAO_273J-10,São Paulo,3550308,True,,33157,,,-23.479516375,-46.385100625,,,,2,2023-06-15T01:17:07+00:00
SAO_273J-10,São Paulo,3550308,True,,33157,,,-23.5311785,-46.539098499999994,,,,2,2023-06-15T01:17:15+00:00
SAO_3161-10,São Paulo,3550308,True,,1084,,,-23.55358475,-46.621446750000004,,,,1,2023-06-15T01:15:42+00:00
SAO_3161-10,São Paulo,3550308,True,,1084,,,-23.55991125,-46.597946,,,,1,2023-06-15T01:17:32+00:00
SAO_3161-10,São Paulo,3550308,True,,1084,,,-23.574279750000002,-46.55650175,,,,1,2023-06-15T01:17:35+00:00
SAO_971X-10,São Paulo,3550308,True,,34463,,,-23.474981,-46.67017,,,,2,2023-06-15T01:17:27+00:00
SAO_971X-10,São Paulo,3550308,True,,34463,,,-23.500283875,-46.627802,,,,2,2023-06-15T01:17:22+00:00
SAO_971X-10,São Paulo,3550308,True,,34463,,,-23.4752765,-46.6688805,,,,2,2023-06-15T01:17:05+00:00
SAO_971X-10,São Paulo,3550308,True,,34463,,,-23.50308,-46.6253845,,,,2,2023-06-15T01:17:22+00:00
SAO_971X-10,São Paulo,3550308,True,,34463,,,-23.4752765,-46.6688805,,,,2,2023-06-15T01:17:38+00:00
SAO_971X-10,São Paulo,3550308,True,,34463,,,-23.4752765,-46.6688805,,,,2,2023-06-15T01:17:00+00:00
SAO_971X-10,São Paulo,3550308,True,,34463,,,-23.4752765,-46.6688805,,,,2,2023-06-15T01:17:29+00:00
SAO_971X-10,São Paulo,3550308,True,,34463,,,-23.500196000000003,-46.63084,,,,2,2023-06-15T01:17:36+00:00
SAO_971X-10,São Paulo,3550308,True,,34463,,,-23.489259,-46.651163499999996,,,,2,2023-06-15T01:17:31+00:00
SAO_971X-10,São Paulo,3550308,True,,34463,,,-23.4775785,-46.671356249999995,,,,2,2023-06-15T01:17:22+00:00
SAO_971X-10,São Paulo,3550308,True,,34463,,,-23.491898,-46.64937475,,,,2,2023-06-15T01:17:32+00:00
SAO_7053-10,São Paulo,3550308,True,,1887,,,-23.6312955,-46.773033999999996,,,,1,2023-06-15T01:17:37+00:00
SAO_7053-10,São Paulo,3550308,True,,1887,,,-23.6371005,-46.779114500000006,,,,1,2023-06-15T01:17:05+00:00
SAO_7053-10,São Paulo,3550308,True,,1887,,,-23.65066,-46.791231499999995,,,,1,2023-06-15T01:17:27+00:00
SAO_7053-10,São Paulo,3550308,True,,1887,,,-23.631153500000003,-46.7733425,,,,1,2023-06-15T01:17:33+00:00
SAO_172K-10,São Paulo,3550308,True,,33625,,,-23.53502475,-46.6002785,,,,2,2023-06-15T01:17:05+00:00
SAO_172K-10,São Paulo,3550308,True,,33625,,,-23.51989375,-46.59083925,,,,2,2023-06-15T01:17:37+00:00
SAO_172K-10,São Paulo,3550308,True,,33625,,,-23.456100499999998,-46.59466,,,,2,2023-06-15T01:17:13+00:00
SAO_172K-10,São Paulo,3550308,True,,33625,,,-23.486397500000002,-46.592768500000005,,,,2,2023-06-15T01:17:31+00:00
SAO_172K-10,São Paulo,3550308,True,,33625,,,-23.456574500000002,-46.5947105,,,,2,2023-06-15T01:16:58+00:00
SAO_172K-10,São Paulo,3550308,True,,33625,,,-23.540700125,-46.588453875,,,,2,2023-06-15T01:17:21+00:00
SAO_172K-10,São Paulo,3550308,True,,33625,,,-23.517978874999997,-46.589335,,,,2,2023-06-15T01:17:27+00:00
SAO_172K-10,São Paulo,3550308,True,,33625,,,-23.456327,-46.5947025,,,,2,2023-06-15T01:17:26+00:00
SAO_172K-10,São Paulo,3550308,True,,33625,,,-23.483145,-46.5905035,,,,2,2023-06-15T01:17:12+00:00
SAO_172K-10,São Paulo,3550308,True,,33625,,,-23.48419925,-46.591285875,,,,2,2023-06-15T01:17:00+00:00
SAO_172K-10,São Paulo,3550308,True,,33625,,,-23.509353,-46.592318500000005,,,,2,2023-06-15T01:17:34+00:00
SAO_172K-10,São Paulo,3550308,True,,33625,,,-23.460226874999996,-46.60259225,,,,2,2023-06-15T01:17:08+00:00
SAO_6825-10,São Paulo,3550308,True,,32782,,,-23.65474,-46.761515,,,,2,2023-06-15T01:17:39+00:00
SAO_6825-10,São Paulo,3550308,True,,32782,,,-23.656349,-46.7631455,,,,2,2023-06-15T01:17:01+00:00
SAO_6825-10,São Paulo,3550308,True,,32782,,,-23.673364,-46.787792499999995,,,,2,2023-06-15T01:17:25+00:00
SAO_6825-10,São Paulo,3550308,True,,32782,,,-23.6594025,-46.766595499999994,,,,2,2023-06-15T01:17:05+00:00
SAO_6825-10,São Paulo,3550308,True,,32782,,,-23.6817585,-46.79681975,,,,2,2023-06-15T01:17:03+00:00
SAO_2740-10,São Paulo,3550308,True,,34560,,,-23.4580645,-46.6433105,,,,2,2023-06-15T01:17:22+00:00
SAO_2740-10,São Paulo,3550308,True,,34560,,,-23.458285500000002,-46.61039675,,,,2,2023-06-15T01:17:40+00:00
SAO_2740-10,São Paulo,3550308,True,,34560,,,-23.458576,-46.6023755,,,,2,2023-06-15T01:17:36+00:00
SAO_2740-10,São Paulo,3550308,True,,34560,,,-23.4901515,-46.624446,,,,2,2023-06-15T01:17:33+00:00
SAO_2740-10,São Paulo,3550308,True,,34560,,,-23.4580645,-46.6433105,,,,2,2023-06-15T01:17:32+00:00
SAO_2202-10,São Paulo,3550308,True,,33678,,,-23.49629925,-46.392557999999994,,,,2,2023-06-15T01:16:57+00:00
SAO_2202-10,São Paulo,3550308,True,,33678,,,-23.4875525,-46.3821995,,,,2,2023-06-15T01:16:47+00:00
SAO_2202-10,São Paulo,3550308,True,,33678,,,-23.48792525,-46.382452,,,,2,2023-06-15T01:17:05+00:00
SAO_2202-10,São Paulo,3550308,True,,33678,,,-23.48792525,-46.382452,,,,2,2023-06-15T01:16:52+00:00
SAO_2202-10,São Paulo,3550308,True,,33678,,,-23.5324415,-46.398193,,,,2,2023-06-15T01:17:33+00:00
SAO_2202-10,São Paulo,3550308,True,,33678,,,-23.542303500000003,-46.41437775,,,,2,2023-06-15T01:17:30+00:00
SAO_2202-10,São Paulo,3550308,True,,33678,,,-23.537285,-46.405343,,,,2,2023-06-15T01:16:53+00:00
SAO_2202-10,São Paulo,3550308,True,,33678,,,-23.4965635,-46.393099,,,,2,2023-06-15T01:17:13+00:00
SAO_2202-10,São Paulo,3550308,True,,33678,,,-23.488201,-46.382996500000004,,,,2,2023-06-15T01:16:56+00:00
SAO_2202-10,São Paulo,3550308,True,,33678,,,-23.534992,-46.401114500000006,,,,2,2023-06-15T01:11:45+00:00
SAO_2202-10,São Paulo,3550308,True,,33678,,,-23.500910249999997,-46.406121999999996,,,,2,2023-06-15T01:17:33+00:00
SAO_2202-10,São Paulo,3550308,True,,33678,,,-23.4875525,-46.3821995,,,,2,2023-06-15T01:17:30+00:00
SAO_2202-10,São Paulo,3550308,True,,33678,,,-23.502766,-46.4054295,,,,2,2023-06-15T01:16:51+00:00
SAO_2202-10,São Paulo,3550308,True,,33678,,,-23.541988,-46.4152385,,,,2,2023-06-15T01:16:43+00:00
SAO_2202-10,São Paulo,3550308,True,,33678,,,-23.541742499999998,-46.415893499999996,,,,2,2023-06-15T01:16:59+00:00
SAO_9008-10,São Paulo,3550308,True,,33643,,,-23.427559,-46.7145905,,,,2,2023-06-15T01:17:07+00:00
SAO_9008-10,São Paulo,3550308,True,,33643,,,-23.4301805,-46.713991500000006,,,,2,2023-06-15T01:17:39+00:00
SAO_9008-10,São Paulo,3550308,True,,33643,,,-23.474202,-46.669375,,,,2,2023-06-15T01:17:39+00:00
SAO_9008-10,São Paulo,3550308,True,,33643,,,-23.4276895,-46.714623,,,,2,2023-06-15T01:16:57+00:00
SAO_9008-10,São Paulo,3550308,True,,33643,,,-23.459422,-46.6894975,,,,2,2023-06-15T01:17:27+00:00
SAO_9008-10,São Paulo,3550308,True,,33643,,,-23.447474999999997,-46.702932000000004,,,,2,2023-06-15T01:17:18+00:00
SAO_9008-10,São Paulo,3550308,True,,33643,,,-23.427988,-46.71467975,,,,2,2023-06-15T01:17:07+00:00
SAO_9008-10,São Paulo,3550308,True,,33643,,,-23.435616,-46.71562025,,,,2,2023-06-15T01:17:10+00:00
SAO_9008-10,São Paulo,3550308,True,,33643,,,-23.46107025,-46.684215,,,,2,2023-06-15T01:16:07+00:00
SAO_9008-10,São Paulo,3550308,True,,33643,,,-23.4659805,-46.679275000000004,,,,2,2023-06-15T01:17:34+00:00
SAO_9008-10,São Paulo,3550308,True,,33643,,,-23.445667,-46.705163999999996,,,,2,2023-06-15T01:16:26+00:00
SAO_9008-10,São Paulo,3550308,True,,33643,,,-23.446786250000002,-46.70377925,,,,2,2023-06-15T01:17:11+00:00
SAO_3098-10,São Paulo,3550308,True,,1078,,,-23.63781975,-46.463296,,,,1,2023-06-15T01:16:57+00:00
SAO_3098-10,São Paulo,3550308,True,,1078,,,-23.570301999999998,-46.5039455,,,,1,2023-06-15T01:17:32+00:00
SAO_3098-10,São Paulo,3550308,True,,1078,,,-23.597877875,-46.486518000000004,,,,1,2023-06-15T01:16:58+00:00
SAO_3098-10,São Paulo,3550308,True,,1078,,,-23.6218445,-46.465783,,,,1,2023-06-15T01:17:31+00:00
SAO_3098-10,São Paulo,3550308,True,,1078,,,-23.593412875000002,-46.488488499999995,,,,1,2023-06-15T01:16:59+00:00
SAO_675X-10,São Paulo,3550308,True,,32879,,,-23.62885825,-46.686011500000006,,,,2,2023-06-15T01:17:23+00:00
SAO_675X-10,São Paulo,3550308,True,,32879,,,-23.597697,-46.6512355,,,,2,2023-06-15T01:17:08+00:00
SAO_675X-10,São Paulo,3550308,True,,32879,,,-23.737689500000002,-46.697986,,,,2,2023-06-15T01:17:34+00:00
SAO_675X-10,São Paulo,3550308,True,,32879,,,-23.7375585,-46.69749,,,,2,2023-06-15T01:17:32+00:00
SAO_675X-10,São Paulo,3550308,True,,32879,,,-23.7087255,-46.6999,,,,2,2023-06-15T01:16:18+00:00
SAO_675X-10,São Paulo,3550308,True,,32879,,,-23.6508135,-46.704359,,,,2,2023-06-15T01:17:06+00:00
SAO_675X-10,São Paulo,3550308,True,,32879,,,-23.693003500000003,-46.701562249999995,,,,2,2023-06-15T01:17:36+00:00
SAO_675X-10,São Paulo,3550308,True,,32879,,,-23.657904,-46.70194037499999,,,,2,2023-06-15T01:17:04+00:00
SAO_6500-10,São Paulo,3550308,True,,46,,,-23.59134725,-46.67257425,,,,1,2023-06-15T01:17:02+00:00
SAO_6500-10,São Paulo,3550308,True,,46,,,-23.57027475,-46.66202125,,,,1,2023-06-15T01:17:18+00:00
SAO_6500-10,São Paulo,3550308,True,,46,,,-23.597623,-46.673852,,,,1,2023-06-15T01:17:25+00:00
SAO_6500-10,São Paulo,3550308,True,,46,,,-23.5648935,-46.6570955,,,,1,2023-06-15T01:17:34+00:00
SAO_6500-10,São Paulo,3550308,True,,46,,,-23.585545000000003,-46.670801999999995,,,,1,2023-06-15T01:17:41+00:00
SAO_233A-10,São Paulo,3550308,True,,33017,,,-23.478868,-46.420681,,,,2,2023-06-15T01:17:06+00:00
SAO_233A-10,São Paulo,3550308,True,,33017,,,-23.5496535,-46.507453,,,,2,2023-06-15T01:16:58+00:00
SAO_233A-10,São Paulo,3550308,True,,33017,,,-23.479422,-46.4206095,,,,2,2023-06-15T01:17:22+00:00
SAO_233A-10,São Paulo,3550308,True,,33017,,,-23.5167915,-46.4437185,,,,2,2023-06-15T01:17:33+00:00
SAO_7062-31,São Paulo,3550308,True,,1914,,,-23.6341555,-46.774440999999996,,,,1,2023-06-15T01:17:02+00:00
SAO_7062-31,São Paulo,3550308,True,,1914,,,-23.646552,-46.7725675,,,,1,2023-06-15T01:17:24+00:00
SAO_5791-10,São Paulo,3550308,True,,607,,,-23.6943365,-46.647119,,,,1,2023-06-15T01:17:02+00:00
SAO_5791-10,São Paulo,3550308,True,,607,,,-23.68321425,-46.6333805,,,,1,2023-06-15T01:15:44+00:00
SAO_5791-10,São Paulo,3550308,True,,607,,,-23.71619,-46.62593,,,,1,2023-06-15T01:17:16+00:00
SAO_5791-10,São Paulo,3550308,True,,607,,,-23.7061695,-46.6266275,,,,1,2023-06-15T01:15:01+00:00
SAO_5791-10,São Paulo,3550308,True,,607,,,-23.6890775,-46.637954,,,,1,2023-06-15T01:17:18+00:00
SAO_5791-10,São Paulo,3550308,True,,607,,,-23.586046875,-46.635233,,,,1,2023-06-15T01:17:35+00:00
SAO_5791-10,São Paulo,3550308,True,,607,,,-23.71619,-46.62593,,,,1,2023-06-15T01:17:12+00:00
SAO_5791-10,São Paulo,3550308,True,,607,,,-23.6274845,-46.642675,,,,1,2023-06-15T01:17:01+00:00
SAO_5791-10,São Paulo,3550308,True,,607,,,-23.591289,-46.6355605,,,,1,2023-06-15T01:16:53+00:00
SAO_407P-10,São Paulo,3550308,True,,34968,,,-23.53178775,-46.5229345,,,,2,2023-06-15T01:17:32+00:00
SAO_407P-10,São Paulo,3550308,True,,34968,,,-23.5378095,-46.455976,,,,2,2023-06-15T01:16:56+00:00
SAO_407P-10,São Paulo,3550308,True,,34968,,,-23.540324499999997,-46.421543,,,,2,2023-06-15T01:17:12+00:00
SAO_407P-10,São Paulo,3550308,True,,34968,,,-23.559616499999997,-46.412313,,,,2,2023-06-15T01:16:57+00:00
SAO_407P-10,São Paulo,3550308,True,,34968,,,-23.550961,-46.413092,,,,2,2023-06-15T01:17:25+00:00
SAO_407P-10,São Paulo,3550308,True,,34968,,,-23.531138499999997,-46.519875,,,,2,2023-06-15T01:17:19+00:00
SAO_407P-10,São Paulo,3550308,True,,34968,,,-23.5830225,-46.4086875,,,,2,2023-06-15T01:17:21+00:00
SAO_407P-10,São Paulo,3550308,True,,34968,,,-23.539395999999996,-46.4579205,,,,2,2023-06-15T01:17:29+00:00
SAO_407P-10,São Paulo,3550308,True,,34968,,,-23.547549500000002,-46.411983,,,,2,2023-06-15T01:17:27+00:00
SAO_407P-10,São Paulo,3550308,True,,34968,,,-23.583129,-46.4092945,,,,2,2023-06-15T01:17:14+00:00
SAO_407P-10,São Paulo,3550308,True,,34968,,,-23.538698,-46.565755,,,,2,2023-06-15T01:17:12+00:00
SAO_407P-10,São Paulo,3550308,True,,34968,,,-23.541372250000002,-46.417901,,,,2,2023-06-15T01:17:22+00:00
SAO_407P-10,São Paulo,3550308,True,,34968,,,-23.541269,-46.5768465,,,,2,2023-06-15T01:17:01+00:00
SAO_407P-10,São Paulo,3550308,True,,34968,,,-23.53434775,-46.544651,,,,2,2023-06-15T01:16:57+00:00
SAO_407P-10,São Paulo,3550308,True,,34968,,,-23.527856749999998,-46.431729,,,,2,2023-06-15T01:14:25+00:00
SAO_407P-10,São Paulo,3550308,True,,34968,,,-23.540028749999998,-46.485300875,,,,2,2023-06-15T01:17:21+00:00
SAO_1756-10,São Paulo,3550308,True,,33315,,,-23.4700785,-46.64462575,,,,2,2023-06-15T01:17:14+00:00
SAO_1756-10,São Paulo,3550308,True,,33315,,,-23.457892,-46.642534,,,,2,2023-06-15T01:17:40+00:00
SAO_1756-10,São Paulo,3550308,True,,33315,,,-23.5022335,-46.624007,,,,2,2023-06-15T01:17:17+00:00
SAO_1756-10,São Paulo,3550308,True,,33315,,,-23.4849575,-46.633264499999996,,,,2,2023-06-15T01:16:57+00:00
SAO_1756-10,São Paulo,3550308,True,,33315,,,-23.46421,-46.65332975,,,,2,2023-06-15T01:17:18+00:00
SAO_1756-10,São Paulo,3550308,True,,33315,,,-23.49449225,-46.62656725,,,,2,2023-06-15T01:17:36+00:00
SAO_1756-10,São Paulo,3550308,True,,33315,,,-23.4581125,-46.6430685,,,,2,2023-06-15T01:17:10+00:00
SAO_2710-31,São Paulo,3550308,True,,34422,,,-23.519909999999996,-46.496812750000004,,,,2,2023-06-15T01:17:21+00:00
SAO_3739-10,São Paulo,3550308,True,,33807,,,-23.596156,-46.436382,,,,2,2023-06-15T01:17:18+00:00
SAO_3739-10,São Paulo,3550308,True,,33807,,,-23.553295124999998,-46.456754000000004,,,,2,2023-06-15T01:17:09+00:00
SAO_3739-10,São Paulo,3550308,True,,33807,,,-23.595036,-46.440376,,,,2,2023-06-15T01:17:03+00:00
SAO_3739-10,São Paulo,3550308,True,,33807,,,-23.612344,-46.416132000000005,,,,2,2023-06-15T01:17:11+00:00
SAO_3739-10,São Paulo,3550308,True,,33807,,,-23.618755999999998,-46.410954000000004,,,,2,2023-06-15T01:17:41+00:00
SAO_3739-10,São Paulo,3550308,True,,33807,,,-23.60855775,-46.426596125,,,,2,2023-06-15T01:17:02+00:00
SAO_3739-10,São Paulo,3550308,True,,33807,,,-23.6121585,-46.416186499999995,,,,2,2023-06-15T01:17:10+00:00
SAO_3739-10,São Paulo,3550308,True,,33807,,,-23.5459,-46.460999,,,,2,2023-06-15T01:17:27+00:00
SAO_3739-10,São Paulo,3550308,True,,33807,,,-23.578657999999997,-46.4431635,,,,2,2023-06-15T01:17:25+00:00
SAO_3739-10,São Paulo,3550308,True,,33807,,,-23.612344,-46.416132000000005,,,,2,2023-06-15T01:17:37+00:00
SAO_3739-10,São Paulo,3550308,True,,33807,,,-23.6193285,-46.4129095,,,,2,2023-06-15T01:17:14+00:00
SAO_3739-10,São Paulo,3550308,True,,33807,,,-23.6121585,-46.416186499999995,,,,2,2023-06-15T01:17:14+00:00
SAO_3739-10,São Paulo,3550308,True,,33807,,,-23.559689,-46.4460775,,,,2,2023-06-15T01:17:02+00:00
SAO_6038-10,São Paulo,3550308,True,,1216,,,-23.649607000000003,-46.707680499999995,,,,1,2023-06-15T01:17:12+00:00
SAO_6038-10,São Paulo,3550308,True,,1216,,,-23.642044249999998,-46.712233499999996,,,,1,2023-06-15T01:17:09+00:00
SAO_6038-10,São Paulo,3550308,True,,1216,,,-23.647579,-46.7473995,,,,1,2023-06-15T01:17:14+00:00
SAO_273R-10,São Paulo,3550308,True,,32994,,,-23.51529375,-46.45478475,,,,2,2023-06-15T01:15:38+00:00
SAO_273R-10,São Paulo,3550308,True,,32994,,,-23.5384885,-46.47931125,,,,2,2023-06-15T01:17:19+00:00
SAO_273R-10,São Paulo,3550308,True,,32994,,,-23.52228,-46.4125755,,,,2,2023-06-15T01:17:11+00:00
SAO_273R-10,São Paulo,3550308,True,,32994,,,-23.518573500000002,-46.47466,,,,2,2023-06-15T01:17:39+00:00
SAO_273R-10,São Paulo,3550308,True,,32994,,,-23.5126095,-46.433842,,,,2,2023-06-15T01:14:30+00:00
SAO_273R-10,São Paulo,3550308,True,,32994,,,-23.5155075,-46.4635385,,,,2,2023-06-15T01:16:54+00:00
SAO_273R-10,São Paulo,3550308,True,,32994,,,-23.509469375000002,-46.435375375,,,,2,2023-06-15T01:15:23+00:00
SAO_273R-10,São Paulo,3550308,True,,32994,,,-23.522662999999998,-46.41263875,,,,2,2023-06-15T01:17:35+00:00
SAO_273R-10,São Paulo,3550308,True,,32994,,,-23.522662999999998,-46.41263875,,,,2,2023-06-15T01:17:35+00:00
SAO_273R-10,São Paulo,3550308,True,,32994,,,-23.51827025,-46.469123749999994,,,,2,2023-06-15T01:15:34+00:00
SAO_574J-10,São Paulo,3550308,True,,34453,,,-23.610288500000003,-46.600054,,,,2,2023-06-15T01:16:59+00:00
SAO_574J-10,São Paulo,3550308,True,,34453,,,-23.6348625,-46.64138,,,,2,2023-06-15T01:17:37+00:00
SAO_574J-10,São Paulo,3550308,True,,34453,,,-23.558235500000002,-46.522756,,,,2,2023-06-15T01:17:35+00:00
SAO_574J-10,São Paulo,3550308,True,,34453,,,-23.609274125,-46.59980675,,,,2,2023-06-15T01:17:24+00:00
SAO_574J-10,São Paulo,3550308,True,,34453,,,-23.59599725,-46.600873,,,,2,2023-06-15T01:17:24+00:00
SAO_574J-10,São Paulo,3550308,True,,34453,,,-23.636083499999998,-46.641462,,,,2,2023-06-15T01:17:16+00:00
SAO_574J-10,São Paulo,3550308,True,,34453,,,-23.636083499999998,-46.641462,,,,2,2023-06-15T01:17:13+00:00
SAO_574J-10,São Paulo,3550308,True,,34453,,,-23.567342,-46.541645,,,,2,2023-06-15T01:16:58+00:00
SAO_574J-10,São Paulo,3550308,True,,34453,,,-23.5814345,-46.586363500000004,,,,2,2023-06-15T01:13:26+00:00
SAO_574J-10,São Paulo,3550308,True,,34453,,,-23.558235500000002,-46.522756,,,,2,2023-06-15T01:17:28+00:00
SAO_574J-10,São Paulo,3550308,True,,34453,,,-23.624907,-46.619226,,,,2,2023-06-15T01:17:23+00:00
SAO_2290-10,São Paulo,3550308,True,,718,,,-23.593664125,-46.488393499999994,,,,1,2023-06-15T01:17:00+00:00
SAO_2290-10,São Paulo,3550308,True,,718,,,-23.539589,-46.6365155,,,,1,2023-06-15T01:17:10+00:00
SAO_2290-10,São Paulo,3550308,True,,718,,,-23.540582750000002,-46.61279999999999,,,,1,2023-06-15T01:17:32+00:00
SAO_2290-10,São Paulo,3550308,True,,718,,,-23.53532,-46.583233750000005,,,,1,2023-06-15T01:17:23+00:00
SAO_2290-10,São Paulo,3550308,True,,718,,,-23.539589,-46.6365155,,,,1,2023-06-15T01:17:01+00:00
SAO_2290-10,São Paulo,3550308,True,,718,,,-23.535376499999998,-46.558717,,,,1,2023-06-15T01:17:37+00:00
SAO_2290-10,São Paulo,3550308,True,,718,,,-23.533635500000003,-46.559470000000005,,,,1,2023-06-15T01:17:03+00:00
SAO_2290-10,São Paulo,3550308,True,,718,,,-23.539589,-46.6365155,,,,1,2023-06-15T01:17:39+00:00
SAO_2290-10,São Paulo,3550308,True,,718,,,-23.5540825,-46.52731525,,,,1,2023-06-15T01:17:28+00:00
SAO_2290-10,São Paulo,3550308,True,,718,,,-23.6130195,-46.476082,,,,1,2023-06-15T01:17:15+00:00
SAO_2290-10,São Paulo,3550308,True,,718,,,-23.542948000000003,-46.547712250000004,,,,1,2023-06-15T01:17:22+00:00
SAO_2290-10,São Paulo,3550308,True,,718,,,-23.539764750000003,-46.55244999999999,,,,1,2023-06-15T01:17:12+00:00
SAO_2290-10,São Paulo,3550308,True,,718,,,-23.563111,-46.515100000000004,,,,1,2023-06-15T01:17:41+00:00
SAO_2290-10,São Paulo,3550308,True,,718,,,-23.5390335,-46.63554,,,,1,2023-06-15T01:17:11+00:00
SAO_2290-10,São Paulo,3550308,True,,718,,,-23.603975,-46.4813555,,,,1,2023-06-15T01:17:15+00:00
SAO_2290-10,São Paulo,3550308,True,,718,,,-23.608943,-46.477615,,,,1,2023-06-15T01:17:23+00:00
SAO_2290-10,São Paulo,3550308,True,,718,,,-23.547155,-46.54071462500001,,,,1,2023-06-15T01:17:13+00:00
SAO_2290-10,São Paulo,3550308,True,,718,,,-23.54188225,-46.627759499999996,,,,1,2023-06-15T01:17:22+00:00
SAO_2290-10,São Paulo,3550308,True,,718,,,-23.53916175,-46.6078665,,,,1,2023-06-15T01:17:40+00:00
SAO_2290-10,São Paulo,3550308,True,,718,,,-23.541223625,-46.62856075,,,,1,2023-06-15T01:17:37+00:00
SAO_2290-10,São Paulo,3550308,True,,718,,,-23.546634500000003,-46.6300045,,,,1,2023-06-15T01:17:31+00:00
SAO_2290-10,São Paulo,3550308,True,,718,,,-23.552298999999998,-46.529227,,,,1,2023-06-15T01:17:04+00:00
SAO_4312-10,São Paulo,3550308,True,,34940,,,-23.570552125,-46.489686875,,,,2,2023-06-15T01:17:15+00:00
SAO_4312-10,São Paulo,3550308,True,,34940,,,-23.543553875,-46.58819525,,,,2,2023-06-15T01:17:27+00:00
SAO_4312-10,São Paulo,3550308,True,,34940,,,-23.5578525,-46.4913355,,,,2,2023-06-15T01:17:25+00:00
SAO_4312-10,São Paulo,3550308,True,,34940,,,-23.556669499999998,-46.4961715,,,,2,2023-06-15T01:12:00+00:00
SAO_4312-10,São Paulo,3550308,True,,34940,,,-23.5702925,-46.489608000000004,,,,2,2023-06-15T01:17:16+00:00
SAO_4312-10,São Paulo,3550308,True,,34940,,,-23.570552125,-46.489686875,,,,2,2023-06-15T01:17:28+00:00
SAO_4312-10,São Paulo,3550308,True,,34940,,,-23.531829000000002,-46.5216745,,,,2,2023-06-15T01:17:19+00:00
SAO_4312-10,São Paulo,3550308,True,,34940,,,-23.556531,-46.491842500000004,,,,2,2023-06-15T01:16:57+00:00
SAO_4312-10,São Paulo,3550308,True,,34940,,,-23.570552125,-46.489686875,,,,2,2023-06-15T01:17:30+00:00
SAO_4312-10,São Paulo,3550308,True,,34940,,,-23.551464000000003,-46.6277155,,,,2,2023-06-15T01:17:08+00:00
SAO_4312-10,São Paulo,3550308,True,,34940,,,-23.538771,-46.567375999999996,,,,2,2023-06-15T01:17:32+00:00
SAO_175T-10,São Paulo,3550308,True,,33391,,,-23.570991624999998,-46.64078825,,,,2,2023-06-15T01:17:34+00:00
SAO_175T-10,São Paulo,3550308,True,,33391,,,-23.526656375,-46.63091825000001,,,,2,2023-06-15T01:17:05+00:00
SAO_175T-10,São Paulo,3550308,True,,33391,,,-23.6539315,-46.637958,,,,2,2023-06-15T01:17:39+00:00
SAO_175T-10,São Paulo,3550308,True,,33391,,,-23.62902225,-46.66515575,,,,2,2023-06-15T01:17:17+00:00
SAO_175T-10,São Paulo,3550308,True,,33391,,,-23.564628,-46.6403935,,,,2,2023-06-15T01:17:21+00:00
SAO_175T-10,São Paulo,3550308,True,,33391,,,-23.63035475,-46.664984624999995,,,,2,2023-06-15T01:17:31+00:00
SAO_175T-10,São Paulo,3550308,True,,33391,,,-23.503522625000002,-46.6246515,,,,2,2023-06-15T01:17:15+00:00
SAO_175T-10,São Paulo,3550308,True,,33391,,,-23.503125,-46.6245765,,,,2,2023-06-15T01:17:20+00:00
SAO_175T-10,São Paulo,3550308,True,,33391,,,-23.51043775,-46.62622125,,,,2,2023-06-15T01:16:54+00:00
SAO_175T-10,São Paulo,3550308,True,,33391,,,-23.504861374999997,-46.624694625000004,,,,2,2023-06-15T01:17:30+00:00
SAO_175T-10,São Paulo,3550308,True,,33391,,,-23.6539315,-46.637958,,,,2,2023-06-15T01:17:07+00:00
SAO_175T-10,São Paulo,3550308,True,,33391,,,-23.531793999999998,-46.632211,,,,2,2023-06-15T01:17:27+00:00
SAO_175T-10,São Paulo,3550308,True,,33391,,,-23.640931000000002,-46.6413955,,,,2,2023-06-15T01:17:18+00:00
SAO_175T-10,São Paulo,3550308,True,,33391,,,-23.529593249999998,-46.631542625,,,,2,2023-06-15T01:15:25+00:00
SAO_175T-10,São Paulo,3550308,True,,33391,,,-23.5143965,-46.6283415,,,,2,2023-06-15T01:17:32+00:00
SAO_1012-10,São Paulo,3550308,True,,2486,,,-23.436392,-46.804010500000004,,,,1,2023-06-15T01:17:19+00:00
SAO_1012-10,São Paulo,3550308,True,,2486,,,-23.435354000000004,-46.786363625,,,,1,2023-06-15T01:17:11+00:00
SAO_1012-10,São Paulo,3550308,True,,2486,,,-23.429398499999998,-46.795209125,,,,1,2023-06-15T01:17:22+00:00
SAO_1012-10,São Paulo,3550308,True,,2486,,,-23.436321749999998,-46.80521,,,,1,2023-06-15T01:17:04+00:00
SAO_1012-10,São Paulo,3550308,True,,2486,,,-23.4355785,-46.8022345,,,,1,2023-06-15T01:17:16+00:00
SAO_576C-10,São Paulo,3550308,True,,1290,,,-23.659697,-46.69745399999999,,,,1,2023-06-15T01:17:36+00:00
SAO_576C-10,São Paulo,3550308,True,,1290,,,-23.649486,-46.702664,,,,1,2023-06-15T01:17:23+00:00
SAO_576C-10,São Paulo,3550308,True,,1290,,,-23.6622935,-46.69279,,,,1,2023-06-15T01:17:09+00:00
SAO_576C-10,São Paulo,3550308,True,,1290,,,-23.65448,-46.667337,,,,1,2023-06-15T01:16:56+00:00
SAO_576C-10,São Paulo,3550308,True,,1290,,,-23.6541105,-46.711012499999995,,,,1,2023-06-15T01:17:30+00:00
SAO_576C-10,São Paulo,3550308,True,,1290,,,-23.6576565,-46.653606749999994,,,,1,2023-06-15T01:17:19+00:00
SAO_576C-10,São Paulo,3550308,True,,1290,,,-23.647767,-46.6382935,,,,1,2023-06-15T01:17:41+00:00
SAO_576C-10,São Paulo,3550308,True,,1290,,,-23.65791,-46.65335025,,,,1,2023-06-15T01:17:05+00:00
SAO_576C-10,São Paulo,3550308,True,,1290,,,-23.637044500000002,-46.6324705,,,,1,2023-06-15T01:17:27+00:00
SAO_576C-10,São Paulo,3550308,True,,1290,,,-23.647767,-46.6382935,,,,1,2023-06-15T01:16:56+00:00
SAO_3721-10,São Paulo,3550308,True,,1019,,,-23.55012575,-46.4871625,,,,1,2023-06-15T01:17:40+00:00
SAO_3721-10,São Paulo,3550308,True,,1019,,,-23.5404345,-46.48488075,,,,1,2023-06-15T01:17:27+00:00
SAO_3721-10,São Paulo,3550308,True,,1019,,,-23.543062,-46.487488,,,,1,2023-06-15T01:17:06+00:00
SAO_3721-10,São Paulo,3550308,True,,1019,,,-23.53961375,-46.485739375,,,,1,2023-06-15T01:17:17+00:00
SAO_3721-10,São Paulo,3550308,True,,1019,,,-23.5641785,-46.5039335,,,,1,2023-06-15T01:17:34+00:00
SAO_5034-31,São Paulo,3550308,True,,1664,,,-23.608460375,-46.599628499999994,,,,1,2023-06-15T01:17:35+00:00
SAO_5034-31,São Paulo,3550308,True,,1664,,,-23.6317755,-46.59665662500001,,,,1,2023-06-15T01:17:22+00:00
SAO_5034-31,São Paulo,3550308,True,,1664,,,-23.641870875000002,-46.58858562499999,,,,1,2023-06-15T01:17:16+00:00
SAO_5034-31,São Paulo,3550308,True,,1664,,,-23.603051,-46.603314,,,,1,2023-06-15T01:17:38+00:00
SAO_5034-31,São Paulo,3550308,True,,1664,,,-23.641870875000002,-46.58858562499999,,,,1,2023-06-15T01:17:28+00:00
SAO_373T-10,São Paulo,3550308,True,,1091,,,-23.551879999999997,-46.5999135,,,,1,2023-06-15T01:17:29+00:00
SAO_373T-10,São Paulo,3550308,True,,1091,,,-23.5963955,-46.5068245,,,,1,2023-06-15T01:16:58+00:00
SAO_373T-10,São Paulo,3550308,True,,1091,,,-23.587762,-46.54388925,,,,1,2023-06-15T01:17:22+00:00
SAO_373T-10,São Paulo,3550308,True,,1091,,,-23.58714625,-46.5286735,,,,1,2023-06-15T01:17:01+00:00
SAO_373T-10,São Paulo,3550308,True,,1091,,,-23.5981755,-46.513453999999996,,,,1,2023-06-15T01:17:32+00:00
SAO_373T-10,São Paulo,3550308,True,,1091,,,-23.581541,-46.5641285,,,,1,2023-06-15T01:17:27+00:00
SAO_373T-10,São Paulo,3550308,True,,1091,,,-23.5814625,-46.554261249999996,,,,1,2023-06-15T01:17:04+00:00
SAO_373T-10,São Paulo,3550308,True,,1091,,,-23.5808755,-46.56085325,,,,1,2023-06-15T01:17:12+00:00
SAO_373T-10,São Paulo,3550308,True,,1091,,,-23.5929595,-46.5197495,,,,1,2023-06-15T01:17:29+00:00
SAO_373T-10,São Paulo,3550308,True,,1091,,,-23.593679,-46.498469,,,,1,2023-06-15T01:17:39+00:00
SAO_373T-10,São Paulo,3550308,True,,1091,,,-23.5742285,-46.5873485,,,,1,2023-06-15T01:17:10+00:00
SAO_3686-10,São Paulo,3550308,True,EMTU,166,https://moovitapp.com/index/pt-br/transporte_p%C3%BAblico-line-166-Sao_Paulo-242-2038937-36419307-0,7.8,-23.541995999999997,-46.5808335,,,,1,2023-06-15T01:17:21+00:00
SAO_3686-10,São Paulo,3550308,True,EMTU,166,https://moovitapp.com/index/pt-br/transporte_p%C3%BAblico-line-166-Sao_Paulo-242-2038937-36419307-0,7.8,-23.535937,-46.49779625,,,,1,2023-06-15T01:17:27+00:00
SAO_637G-10,São Paulo,3550308,True,,32869,,,-23.5920885,-46.6727805,,,,2,2023-06-15T01:17:13+00:00
SAO_637G-10,São Paulo,3550308,True,,32869,,,-23.735234,-46.695545,,,,2,2023-06-15T01:16:58+00:00
SAO_637G-10,São Paulo,3550308,True,,32869,,,-23.615729,-46.680028500000006,,,,2,2023-06-15T01:17:32+00:00
SAO_637G-10,São Paulo,3550308,True,,32869,,,-23.634146,-46.693737,,,,2,2023-06-15T01:17:41+00:00
SAO_637G-10,São Paulo,3550308,True,,32869,,,-23.662735375000004,-46.706996000000004,,,,2,2023-06-15T01:15:58+00:00
SAO_637G-10,São Paulo,3550308,True,,32869,,,-23.5831045,-46.673923,,,,2,2023-06-15T01:17:34+00:00
SAO_637G-10,São Paulo,3550308,True,,32869,,,-23.584966,-46.68315199999999,,,,2,2023-06-15T01:17:25+00:00
SAO_707K-10,São Paulo,3550308,True,,35271,,,-23.667807,-46.7355005,,,,2,2023-06-15T01:17:37+00:00
SAO_707K-10,São Paulo,3550308,True,,35271,,,-23.6593375,-46.700141,,,,2,2023-06-15T01:17:27+00:00
SAO_707K-10,São Paulo,3550308,True,,35271,,,-23.659736000000002,-46.7010905,,,,2,2023-06-15T01:17:27+00:00
SAO_707K-10,São Paulo,3550308,True,,35271,,,-23.667807,-46.7355005,,,,2,2023-06-15T01:17:37+00:00
SAO_707K-10,São Paulo,3550308,True,,35271,,,-23.661215,-46.705838,,,,2,2023-06-15T01:17:38+00:00
SAO_707K-10,São Paulo,3550308,True,,35271,,,-23.667807,-46.7355005,,,,2,2023-06-15T01:17:01+00:00
SAO_707K-10,São Paulo,3550308,True,,35271,,,-23.651333,-46.684878,,,,2,2023-06-15T01:17:30+00:00
SAO_707K-10,São Paulo,3550308,True,,35271,,,-23.665825499999997,-46.713950249999996,,,,2,2023-06-15T01:17:04+00:00
SAO_707K-10,São Paulo,3550308,True,,35271,,,-23.6585,-46.698352,,,,2,2023-06-15T01:17:15+00:00
SAO_707K-10,São Paulo,3550308,True,,35271,,,-23.6471245,-46.6627625,,,,2,2023-06-15T01:16:57+00:00
SAO_707K-10,São Paulo,3550308,True,,35271,,,-23.642553999999997,-46.6508685,,,,2,2023-06-15T01:17:06+00:00
SAO_707K-10,São Paulo,3550308,True,,35271,,,-23.63902225,-46.67292475,,,,2,2023-06-15T01:17:08+00:00
SAO_707K-10,São Paulo,3550308,True,,35271,,,-23.667625,-46.7351955,,,,2,2023-06-15T01:17:30+00:00
SAO_707K-10,São Paulo,3550308,True,,35271,,,-23.64616975,-46.644012000000004,,,,2,2023-06-15T01:17:09+00:00
SAO_6093-10,São Paulo,3550308,True,,34353,,,-23.789986,-46.726765125,,,,2,2023-06-15T01:13:16+00:00
SAO_6093-10,São Paulo,3550308,True,,34353,,,-23.779829,-46.724846,,,,2,2023-06-15T01:17:41+00:00
SAO_6093-10,São Paulo,3550308,True,,34353,,,-23.769605,-46.7179785,,,,2,2023-06-15T01:17:08+00:00
SAO_6093-10,São Paulo,3550308,True,,34353,,,-23.750782,-46.710551,,,,2,2023-06-15T01:17:12+00:00
SAO_6093-10,São Paulo,3550308,True,,34353,,,-23.8418845,-46.717929,,,,2,2023-06-15T01:17:39+00:00
SAO_6093-10,São Paulo,3550308,True,,34353,,,-23.84744,-46.7156095,,,,2,2023-06-15T01:17:24+00:00
SAO_6093-10,São Paulo,3550308,True,,34353,,,-23.855598,-46.714831000000004,,,,2,2023-06-15T01:14:57+00:00
SAO_6093-10,São Paulo,3550308,True,,34353,,,-23.743804,-46.7064815,,,,2,2023-06-15T01:17:31+00:00
SAO_6093-10,São Paulo,3550308,True,,34353,,,-23.826017625,-46.732854499999995,,,,2,2023-06-15T01:17:03+00:00
SAO_4310-10,São Paulo,3550308,True,,2160,,,-23.534623,-46.4529845,,,,1,2023-06-15T01:17:24+00:00
SAO_4310-10,São Paulo,3550308,True,,2160,,,-23.5402265,-46.4640795,,,,1,2023-06-15T01:14:56+00:00
SAO_4310-10,São Paulo,3550308,True,,2160,,,-23.548701625,-46.604091749999995,,,,1,2023-06-15T01:17:36+00:00
SAO_4310-10,São Paulo,3550308,True,,2160,,,-23.546901,-46.630836,,,,1,2023-06-15T01:17:19+00:00
SAO_4310-10,São Paulo,3550308,True,,2160,,,-23.5369425,-46.455622,,,,1,2023-06-15T01:17:01+00:00
SAO_4310-10,São Paulo,3550308,True,,2160,,,-23.549492,-46.625503,,,,1,2023-06-15T01:17:32+00:00
SAO_4310-10,São Paulo,3550308,True,,2160,,,-23.535216,-46.4541105,,,,1,2023-06-15T01:16:15+00:00
SAO_4310-10,São Paulo,3550308,True,,2160,,,-23.547027,-46.630752,,,,1,2023-06-15T01:17:27+00:00
SAO_4310-10,São Paulo,3550308,True,,2160,,,-23.5319705,-46.533536,,,,1,2023-06-15T01:17:39+00:00
SAO_4310-10,São Paulo,3550308,True,,2160,,,-23.5337,-46.541993500000004,,,,1,2023-06-15T01:17:16+00:00
SAO_4310-10,São Paulo,3550308,True,,2160,,,-23.5453665,-46.631118,,,,1,2023-06-15T01:17:31+00:00
SAO_4310-10,São Paulo,3550308,True,,2160,,,-23.5346725,-46.453050000000005,,,,1,2023-06-15T01:17:32+00:00
SAO_4310-10,São Paulo,3550308,True,,2160,,,-23.5404725,-46.5751875,,,,1,2023-06-15T01:17:04+00:00
SAO_4310-10,São Paulo,3550308,True,,2160,,,-23.534564500000002,-46.4529065,,,,1,2023-06-15T01:17:09+00:00
SAO_4310-10,São Paulo,3550308,True,,2160,,,-23.5343295,-46.545606875,,,,1,2023-06-15T01:16:59+00:00
SAO_7022-10,São Paulo,3550308,True,,2084,,,-23.653948,-46.71043675,,,,1,2023-06-15T01:17:26+00:00
SAO_7022-10,São Paulo,3550308,True,,2084,,,-23.667133,-46.724996,,,,1,2023-06-15T01:17:26+00:00
SAO_7022-10,São Paulo,3550308,True,,2084,,,-23.669014499999996,-46.734237750000005,,,,1,2023-06-15T01:17:10+00:00
SAO_2666-10,São Paulo,3550308,True,EMTU,378,https://moovitapp.com/index/pt-br/transporte_p%C3%BAblico-line-378-Sao_Paulo-242-2038937-36419452-0,12.1,-23.4918055,-46.444323,,,,1,2023-06-15T01:17:40+00:00
SAO_2666-10,São Paulo,3550308,True,EMTU,378,https://moovitapp.com/index/pt-br/transporte_p%C3%BAblico-line-378-Sao_Paulo-242-2038937-36419452-0,12.1,-23.546727,-46.629723999999996,,,,1,2023-06-15T01:17:17+00:00
SAO_2666-10,São Paulo,3550308,True,EMTU,378,https://moovitapp.com/index/pt-br/transporte_p%C3%BAblico-line-378-Sao_Paulo-242-2038937-36419452-0,12.1,-23.521893,-46.5270465,,,,1,2023-06-15T01:17:01+00:00
SAO_2666-10,São Paulo,3550308,True,EMTU,378,https://moovitapp.com/index/pt-br/transporte_p%C3%BAblico-line-378-Sao_Paulo-242-2038937-36419452-0,12.1,-23.538131999999997,-46.599534750000004,,,,1,2023-06-15T01:16:59+00:00
SAO_2666-10,São Paulo,3550308,True,EMTU,378,https://moovitapp.com/index/pt-br/transporte_p%C3%BAblico-line-378-Sao_Paulo-242-2038937-36419452-0,12.1,-23.533209999999997,-46.56429575,,,,1,2023-06-15T01:17:15+00:00
SAO_5109-10,São Paulo,3550308,True,,1851,,,-23.5866,-46.598372,,,,1,2023-06-15T01:17:17+00:00
SAO_5109-10,São Paulo,3550308,True,,1851,,,-23.585085499999998,-46.582558500000005,,,,1,2023-06-15T01:17:24+00:00
SAO_5109-10,São Paulo,3550308,True,,1851,,,-23.585085499999998,-46.582558500000005,,,,1,2023-06-15T01:17:08+00:00
SAO_607C-10,São Paulo,3550308,True,,34745,,,-23.622933250000003,-46.69693624999999,,,,2,2023-06-15T01:17:06+00:00
SAO_607C-10,São Paulo,3550308,True,,34745,,,-23.59030275,-46.68859425,,,,2,2023-06-15T01:17:18+00:00
SAO_607C-10,São Paulo,3550308,True,,34745,,,-23.6139795,-46.696125499999994,,,,2,2023-06-15T01:17:02+00:00
SAO_607C-10,São Paulo,3550308,True,,34745,,,-23.5897885,-46.6880525,,,,2,2023-06-15T01:17:37+00:00
SAO_607C-10,São Paulo,3550308,True,,34745,,,-23.6744245,-46.642954,,,,2,2023-06-15T01:17:16+00:00
SAO_607C-10,São Paulo,3550308,True,,34745,,,-23.596595,-46.691214,,,,2,2023-06-15T01:17:28+00:00
SAO_607C-10,São Paulo,3550308,True,,34745,,,-23.6741295,-46.6431195,,,,2,2023-06-15T01:16:56+00:00
SAO_607C-10,São Paulo,3550308,True,,34745,,,-23.674775,-46.642773000000005,,,,2,2023-06-15T01:17:21+00:00
SAO_607C-10,São Paulo,3550308,True,,34745,,,-23.6835835,-46.634378999999996,,,,2,2023-06-15T01:17:36+00:00
SAO_607C-10,São Paulo,3550308,True,,34745,,,-23.6896565,-46.635254,,,,2,2023-06-15T01:17:16+00:00
SAO_607C-10,São Paulo,3550308,True,,34745,,,-23.6545895,-46.667321,,,,2,2023-06-15T01:17:37+00:00
SAO_607C-10,São Paulo,3550308,True,,34745,,,-23.6258375,-46.6915765,,,,2,2023-06-15T01:17:11+00:00
SAO_607C-10,São Paulo,3550308,True,,34745,,,-23.599569000000002,-46.690966,,,,2,2023-06-15T01:17:37+00:00
SAO_607C-10,São Paulo,3550308,True,,34745,,,-23.667242,-46.65416825,,,,2,2023-06-15T01:17:03+00:00
SAO_607C-10,São Paulo,3550308,True,,34745,,,-23.6196075,-46.698184,,,,2,2023-06-15T01:16:29+00:00
SAO_607C-10,São Paulo,3550308,True,,34745,,,-23.610583875000003,-46.694892124999996,,,,2,2023-06-15T01:17:11+00:00
SAO_607C-10,São Paulo,3550308,True,,34745,,,-23.669097999999998,-46.649691000000004,,,,2,2023-06-15T01:16:55+00:00
SAO_607C-10,São Paulo,3550308,True,,34745,,,-23.617068500000002,-46.697275,,,,2,2023-06-15T01:17:38+00:00
SAO_607C-10,São Paulo,3550308,True,,34745,,,-23.602501500000002,-46.691953999999996,,,,2,2023-06-15T01:16:59+00:00
SAO_5035-10,São Paulo,3550308,True,,34436,,,-23.607378000000004,-46.59777425,,,,2,2023-06-15T01:17:07+00:00
SAO_5035-10,São Paulo,3550308,True,,34436,,,-23.61819375,-46.596407,,,,2,2023-06-15T01:17:20+00:00
SAO_5035-10,São Paulo,3550308,True,,34436,,,-23.63493675,-46.592667000000006,,,,2,2023-06-15T01:17:31+00:00
SAO_5035-10,São Paulo,3550308,True,,34436,,,-23.602815,-46.602648,,,,2,2023-06-15T01:17:31+00:00
SAO_5035-10,São Paulo,3550308,True,,34436,,,-23.627796,-46.593931999999995,,,,2,2023-06-15T01:17:21+00:00
SAO_5035-10,São Paulo,3550308,True,,34436,,,-23.637159500000003,-46.592059,,,,2,2023-06-15T01:16:57+00:00
SAO_2002-10,São Paulo,3550308,True,STT,711,https://moovitapp.com/index/pt-br/transporte_p%C3%BAblico-line-711-Sao_Paulo-242-850661-183340-0,5.3,-23.545648,-46.63579824999999,,,,1,2023-06-15T01:17:19+00:00
SAO_2002-10,São Paulo,3550308,True,STT,711,https://moovitapp.com/index/pt-br/transporte_p%C3%BAblico-line-711-Sao_Paulo-242-850661-183340-0,5.3,-23.542453000000002,-46.642850499999994,,,,1,2023-06-15T01:17:05+00:00
SAO_2002-10,São Paulo,3550308,True,STT,711,https://moovitapp.com/index/pt-br/transporte_p%C3%BAblico-line-711-Sao_Paulo-242-850661-183340-0,5.3,-23.545817500000002,-46.64306474999999,,,,1,2023-06-15T01:17:16+00:00
SAO_2002-10,São Paulo,3550308,True,STT,711,https://moovitapp.com/index/pt-br/transporte_p%C3%BAblico-line-711-Sao_Paulo-242-850661-183340-0,5.3,-23.550061,-46.6314055,,,,1,2023-06-15T01:17:36+00:00
SAO_5111-10,São Paulo,3550308,True,,32816,,,-23.6120785,-46.677924,,,,2,2023-06-15T01:17:42+00:00
SAO_5111-10,São Paulo,3550308,True,,32816,,,-23.573071,-46.6546745,,,,2,2023-06-15T01:17:09+00:00
SAO_5111-10,São Paulo,3550308,True,,32816,,,-23.625871874999998,-46.687094125,,,,2,2023-06-15T01:17:32+00:00
SAO_5111-10,São Paulo,3550308,True,,32816,,,-23.550523499999997,-46.635397,,,,2,2023-06-15T01:17:18+00:00
SAO_5111-10,São Paulo,3550308,True,,32816,,,-23.550024999999998,-46.634035,,,,2,2023-06-15T01:17:38+00:00
SAO_5111-10,São Paulo,3550308,True,,32816,,,-23.6459614375,-46.70260275,,,,2,2023-06-15T01:17:09+00:00
SAO_5111-10,São Paulo,3550308,True,,32816,,,-23.64864325,-46.70446325,,,,2,2023-06-15T01:16:56+00:00
SAO_5111-10,São Paulo,3550308,True,,32816,,,-23.654434000000002,-46.712402499999996,,,,2,2023-06-15T01:17:24+00:00
SAO_5111-10,São Paulo,3550308,True,,32816,,,-23.645131,-46.702029874999994,,,,2,2023-06-15T01:17:30+00:00
SAO_5111-10,São Paulo,3550308,True,,32816,,,-23.54805,-46.629795,,,,2,2023-06-15T01:17:33+00:00
SAO_2127-10,São Paulo,3550308,True,,693,,,-23.558313750000003,-46.634154124999995,,,,1,2023-06-15T01:16:57+00:00
SAO_2127-10,São Paulo,3550308,True,,693,,,-23.491342250000002,-46.574462,,,,1,2023-06-15T01:17:27+00:00
SAO_8594-10,São Paulo,3550308,True,,33200,,,-23.53728725,-46.649178,,,,2,2023-06-15T01:16:57+00:00
SAO_8594-10,São Paulo,3550308,True,,33200,,,-23.454738,-46.740838999999994,,,,2,2023-06-15T01:17:38+00:00
SAO_8594-10,São Paulo,3550308,True,,33200,,,-23.521136249999998,-46.699423249999995,,,,2,2023-06-15T01:17:20+00:00
SAO_8594-10,São Paulo,3550308,True,,33200,,,-23.4486815,-46.734170000000006,,,,2,2023-06-15T01:17:04+00:00
SAO_8594-10,São Paulo,3550308,True,,33200,,,-23.447148499999997,-46.726848000000004,,,,2,2023-06-15T01:17:23+00:00
SAO_8594-10,São Paulo,3550308,True,,33200,,,-23.45461375,-46.74151975,,,,2,2023-06-15T01:17:34+00:00
SAO_8594-10,São Paulo,3550308,True,,33200,,,-23.451932499999998,-46.735077000000004,,,,2,2023-06-15T01:17:41+00:00
SAO_8594-10,São Paulo,3550308,True,,33200,,,-23.540161750000003,-46.64419375,,,,2,2023-06-15T01:17:40+00:00
SAO_8594-10,São Paulo,3550308,True,,33200,,,-23.494436999999998,-46.708714,,,,2,2023-06-15T01:16:56+00:00
SAO_8594-10,São Paulo,3550308,True,,33200,,,-23.4629355,-46.721095500000004,,,,2,2023-06-15T01:17:38+00:00
SAO_8594-10,São Paulo,3550308,True,,33200,,,-23.451815,-46.7463895,,,,2,2023-06-15T01:17:19+00:00
SAO_8594-10,São Paulo,3550308,True,,33200,,,-23.451815,-46.7463895,,,,2,2023-06-15T01:17:11+00:00
SAO_8594-10,São Paulo,3550308,True,,33200,,,-23.482421000000002,-46.717359,,,,2,2023-06-15T01:17:20+00:00
SAO_6822-10,São Paulo,3550308,True,Del Rey,22,https://moovitapp.com/index/pt-br/transporte_p%C3%BAblico-line-22-Sao_Paulo-242-868760-496394-0,4.5,-23.640573000000003,-46.780058,,,,1,2023-06-15T01:17:39+00:00
SAO_6822-10,São Paulo,3550308,True,Del Rey,22,https://moovitapp.com/index/pt-br/transporte_p%C3%BAblico-line-22-Sao_Paulo-242-868760-496394-0,4.5,-23.651257,-46.7909195,,,,1,2023-06-15T01:17:24+00:00
SAO_6822-10,São Paulo,3550308,True,Del Rey,22,https://moovitapp.com/index/pt-br/transporte_p%C3%BAblico-line-22-Sao_Paulo-242-868760-496394-0,4.5,-23.65193875,-46.77850025,,,,1,2023-06-15T01:16:57+00:00
SAO_6822-10,São Paulo,3550308,True,Del Rey,22,https://moovitapp.com/index/pt-br/transporte_p%C3%BAblico-line-22-Sao_Paulo-242-868760-496394-0,4.5,-23.654044,-46.7630505,,,,1,2023-06-15T01:17:08+00:00
SAO_5012-10,São Paulo,3550308,True,,33884,,,-23.670056000000002,-46.6420005,,,,2,2023-06-15T01:17:14+00:00
SAO_5012-10,São Paulo,3550308,True,,33884,,,-23.7026545,-46.624683,,,,2,2023-06-15T01:09:05+00:00
SAO_5012-10,São Paulo,3550308,True,,33884,,,-23.7100595,-46.636144,,,,2,2023-06-15T01:17:24+00:00
SAO_5012-10,São Paulo,3550308,True,,33884,,,-23.7100645,-46.6359875,,,,2,2023-06-15T01:14:33+00:00
SAO_5012-10,São Paulo,3550308,True,,33884,,,-23.701917,-46.639164,,,,2,2023-06-15T01:17:27+00:00
SAO_5012-10,São Paulo,3550308,True,,33884,,,-23.675997,-46.642168,,,,2,2023-06-15T01:16:55+00:00
SAO_5012-10,São Paulo,3550308,True,,33884,,,-23.709882999999998,-46.6356035,,,,2,2023-06-15T01:17:17+00:00
SAO_5012-10,São Paulo,3550308,True,,33884,,,-23.6457135,-46.638921249999996,,,,2,2023-06-15T01:17:09+00:00
SAO_5012-10,São Paulo,3550308,True,,33884,,,-23.6632935,-46.63796775,,,,2,2023-06-15T01:17:09+00:00
SAO_5012-10,São Paulo,3550308,True,,33884,,,-23.709564999999998,-46.63530575,,,,2,2023-06-15T01:17:29+00:00
SAO_5012-10,São Paulo,3550308,True,,33884,,,-23.7100645,-46.6359875,,,,2,2023-06-15T01:17:14+00:00
SAO_5012-10,São Paulo,3550308,True,,33884,,,-23.710001,-46.6357225,,,,2,2023-06-15T01:17:23+00:00
SAO_5012-10,São Paulo,3550308,True,,33884,,,-23.6459105,-46.6397875,,,,2,2023-06-15T01:17:10+00:00
SAO_5012-10,São Paulo,3550308,True,,33884,,,-23.6459105,-46.6397875,,,,2,2023-06-15T01:17:33+00:00
SAO_5012-10,São Paulo,3550308,True,,33884,,,-23.699301,-46.6408915,,,,2,2023-06-15T01:17:00+00:00
SAO_5029-10,São Paulo,3550308,True,,1672,,,-23.6193815,-46.584900000000005,,,,1,2023-06-15T01:17:34+00:00
SAO_5029-10,São Paulo,3550308,True,,1672,,,-23.6244325,-46.586421125,,,,1,2023-06-15T01:17:17+00:00
SAO_5029-10,São Paulo,3550308,True,,1672,,,-23.6028795,-46.601814000000005,,,,1,2023-06-15T01:17:34+00:00
SAO_6006-10,São Paulo,3550308,True,,32943,,,-23.6753815,-46.748957,,,,2,2023-06-15T01:16:56+00:00
SAO_6006-10,São Paulo,3550308,True,,32943,,,-23.69176175,-46.75760375,,,,2,2023-06-15T01:17:38+00:00
SAO_6006-10,São Paulo,3550308,True,,32943,,,-23.65887,-46.6982735,,,,2,2023-06-15T01:17:20+00:00
SAO_6006-10,São Paulo,3550308,True,,32943,,,-23.6599615,-46.7017845,,,,2,2023-06-15T01:17:17+00:00
SAO_6006-10,São Paulo,3550308,True,,32943,,,-23.677407375,-46.75377175,,,,2,2023-06-15T01:14:14+00:00
SAO_6006-10,São Paulo,3550308,True,,32943,,,-23.667364,-46.680078,,,,2,2023-06-15T01:13:20+00:00
SAO_6006-10,São Paulo,3550308,True,,32943,,,-23.6670375,-46.72527425,,,,2,2023-06-15T01:16:44+00:00
SAO_6006-10,São Paulo,3550308,True,,32943,,,-23.675214499999996,-46.67882875,,,,2,2023-06-15T01:17:34+00:00
SAO_6006-10,São Paulo,3550308,True,,32943,,,-23.686948,-46.7559995,,,,2,2023-06-15T01:16:58+00:00
SAO_6006-10,São Paulo,3550308,True,,32943,,,-23.66546225,-46.69058325,,,,2,2023-06-15T01:17:10+00:00
SAO_809P-10,São Paulo,3550308,True,,34659,,,-23.594511625,-46.737342875,,,,2,2023-06-15T01:17:25+00:00
SAO_809P-10,São Paulo,3550308,True,,34659,,,-23.631508,-46.7726,,,,2,2023-06-15T01:17:11+00:00
SAO_809P-10,São Paulo,3550308,True,,34659,,,-23.572976750000002,-46.705288499999995,,,,2,2023-06-15T01:17:18+00:00
SAO_809P-10,São Paulo,3550308,True,,34659,,,-23.566692500000002,-46.701378500000004,,,,2,2023-06-15T01:17:11+00:00
SAO_809P-10,São Paulo,3550308,True,,34659,,,-23.598357,-46.740983,,,,2,2023-06-15T01:17:36+00:00
SAO_809P-10,São Paulo,3550308,True,,34659,,,-23.5930865,-46.7343645,,,,2,2023-06-15T01:17:06+00:00
SAO_809P-10,São Paulo,3550308,True,,34659,,,-23.6150565,-46.7561945,,,,2,2023-06-15T01:17:07+00:00
SAO_809P-10,São Paulo,3550308,True,,34659,,,-23.570447,-46.691294,,,,2,2023-06-15T01:17:26+00:00
SAO_809P-10,São Paulo,3550308,True,,34659,,,-23.598648750000002,-46.7411545,,,,2,2023-06-15T01:17:41+00:00
SAO_809P-10,São Paulo,3550308,True,,34659,,,-23.631173750000002,-46.77117525,,,,2,2023-06-15T01:17:24+00:00
SAO_809P-10,São Paulo,3550308,True,,34659,,,-23.598126999999998,-46.740849,,,,2,2023-06-15T01:17:42+00:00
SAO_271M-10,São Paulo,3550308,True,,684,,,-23.501604,-46.577447,,,,1,2023-06-15T01:16:59+00:00
SAO_271M-10,São Paulo,3550308,True,,684,,,-23.50796475,-46.59789,,,,1,2023-06-15T01:16:04+00:00
SAO_271M-10,São Paulo,3550308,True,,684,,,-23.5080755,-46.566720249999996,,,,1,2023-06-15T01:17:37+00:00
SAO_4732-31,São Paulo,3550308,True,,2127,,,-23.631027000000003,-46.604395499999995,,,,1,2023-06-15T01:14:37+00:00
SAO_4732-31,São Paulo,3550308,True,,2127,,,-23.61897725,-46.637902249999996,,,,1,2023-06-15T01:17:35+00:00
SAO_4732-31,São Paulo,3550308,True,,2127,,,-23.6476435,-46.593331,,,,1,2023-06-15T01:17:22+00:00
SAO_6358-10,São Paulo,3550308,True,,1294,,,-23.601641,-46.660279125,,,,1,2023-06-15T01:17:37+00:00
SAO_6358-10,São Paulo,3550308,True,,1294,,,-23.681603000000003,-46.6374495,,,,1,2023-06-15T01:17:23+00:00
SAO_6358-10,São Paulo,3550308,True,,1294,,,-23.581059000000003,-46.659037125,,,,1,2023-06-15T01:17:18+00:00
SAO_6358-10,São Paulo,3550308,True,,1294,,,-23.559824499999998,-46.6545525,,,,1,2023-06-15T01:17:31+00:00
SAO_6358-10,São Paulo,3550308,True,,1294,,,-23.569152000000003,-46.660947500000006,,,,1,2023-06-15T01:17:29+00:00
SAO_6358-10,São Paulo,3550308,True,,1294,,,-23.6659575,-46.656566999999995,,,,1,2023-06-15T01:17:23+00:00
SAO_6358-10,São Paulo,3550308,True,,1294,,,-23.662898499999997,-46.66141399999999,,,,1,2023-06-15T01:17:28+00:00
SAO_4085-10,São Paulo,3550308,True,,2156,,,-23.553966375,-46.455607125,,,,1,2023-06-15T01:17:15+00:00
SAO_4085-10,São Paulo,3550308,True,,2156,,,-23.562948,-46.432987,,,,1,2023-06-15T01:13:48+00:00
SAO_527R-10,São Paulo,3550308,True,,271,,,-23.667894,-46.65621025,,,,1,2023-06-15T01:17:13+00:00
SAO_527R-10,São Paulo,3550308,True,,271,,,-23.662022999999998,-46.6792555,,,,1,2023-06-15T01:17:34+00:00
SAO_527R-10,São Paulo,3550308,True,,271,,,-23.6587575,-46.703402,,,,1,2023-06-15T01:17:17+00:00
SAO_527R-10,São Paulo,3550308,True,,271,,,-23.65968,-46.675868,,,,1,2023-06-15T01:17:37+00:00
SAO_527R-10,São Paulo,3550308,True,,271,,,-23.664137750000002,-46.691106500000004,,,,1,2023-06-15T01:17:12+00:00
SAO_695V-10,São Paulo,3550308,True,,32776,,,-23.63323025,-46.690116,,,,2,2023-06-15T01:17:01+00:00
SAO_695V-10,São Paulo,3550308,True,,32776,,,-23.65474,-46.761515,,,,2,2023-06-15T01:14:35+00:00
SAO_695V-10,São Paulo,3550308,True,,32776,,,-23.6546255,-46.761425,,,,2,2023-06-15T01:17:25+00:00
SAO_695V-10,São Paulo,3550308,True,,32776,,,-23.5929575,-46.65226325,,,,2,2023-06-15T01:17:02+00:00
SAO_695V-10,São Paulo,3550308,True,,32776,,,-23.650038625,-46.75614575,,,,2,2023-06-15T01:17:09+00:00
SAO_695V-10,São Paulo,3550308,True,,32776,,,-23.582805,-46.6376355,,,,2,2023-06-15T01:12:45+00:00
SAO_695V-10,São Paulo,3550308,True,,32776,,,-23.584124000000003,-46.637303,,,,2,2023-06-15T01:17:30+00:00
SAO_6091-10,São Paulo,3550308,True,,33943,,,-23.862353499999998,-46.712526,,,,2,2023-06-15T01:17:41+00:00
SAO_6091-10,São Paulo,3550308,True,,33943,,,-23.670174875,-46.704153999999996,,,,2,2023-06-15T01:17:14+00:00
SAO_6091-10,São Paulo,3550308,True,,33943,,,-23.690795,-46.6979945,,,,2,2023-06-15T01:14:40+00:00
SAO_6091-10,São Paulo,3550308,True,,33943,,,-23.7188875,-46.698814999999996,,,,2,2023-06-15T01:16:04+00:00
SAO_6091-10,São Paulo,3550308,True,,33943,,,-23.8623725,-46.713284,,,,2,2023-06-15T01:17:29+00:00
SAO_6091-10,São Paulo,3550308,True,,33943,,,-23.696054500000002,-46.700105,,,,2,2023-06-15T01:15:13+00:00
SAO_6091-10,São Paulo,3550308,True,,33943,,,-23.840653500000002,-46.719466499999996,,,,2,2023-06-15T01:12:09+00:00
SAO_6091-10,São Paulo,3550308,True,,33943,,,-23.759792,-46.71536075,,,,2,2023-06-15T01:17:33+00:00
SAO_6091-10,São Paulo,3550308,True,,33943,,,-23.862347500000002,-46.712974,,,,2,2023-06-15T01:17:18+00:00
SAO_6091-10,São Paulo,3550308,True,,33943,,,-23.770527,-46.718466500000005,,,,2,2023-06-15T01:17:25+00:00
SAO_6091-10,São Paulo,3550308,True,,33943,,,-23.841442,-46.718729499999995,,,,2,2023-06-15T01:14:30+00:00
SAO_675K-10,São Paulo,3550308,True,EMTU,198,https://moovitapp.com/index/pt-br/transporte_p%C3%BAblico-line-198-Sao_Paulo-242-2038937-59811937-0,6.35,-23.682178,-46.76720775,,,,1,2023-06-15T01:16:17+00:00
SAO_675K-10,São Paulo,3550308,True,EMTU,198,https://moovitapp.com/index/pt-br/transporte_p%C3%BAblico-line-198-Sao_Paulo-242-2038937-59811937-0,6.35,-23.597932999999998,-46.639908250000005,,,,1,2023-06-15T01:17:26+00:00
SAO_675K-10,São Paulo,3550308,True,EMTU,198,https://moovitapp.com/index/pt-br/transporte_p%C3%BAblico-line-198-Sao_Paulo-242-2038937-59811937-0,6.35,-23.6364375,-46.693218,,,,1,2023-06-15T01:17:08+00:00
SAO_675K-10,São Paulo,3550308,True,EMTU,198,https://moovitapp.com/index/pt-br/transporte_p%C3%BAblico-line-198-Sao_Paulo-242-2038937-59811937-0,6.35,-23.5986175,-46.637634000000006,,,,1,2023-06-15T01:17:14+00:00
SAO_675K-10,São Paulo,3550308,True,EMTU,198,https://moovitapp.com/index/pt-br/transporte_p%C3%BAblico-line-198-Sao_Paulo-242-2038937-59811937-0,6.35,-23.690517,-46.7737425,,,,1,2023-06-15T01:17:30+00:00
SAO_675K-10,São Paulo,3550308,True,EMTU,198,https://moovitapp.com/index/pt-br/transporte_p%C3%BAblico-line-198-Sao_Paulo-242-2038937-59811937-0,6.35,-23.597701,-46.63991075,,,,1,2023-06-15T01:17:18+00:00
SAO_675K-10,São Paulo,3550308,True,EMTU,198,https://moovitapp.com/index/pt-br/transporte_p%C3%BAblico-line-198-Sao_Paulo-242-2038937-59811937-0,6.35,-23.669137499999998,-46.73461125,,,,1,2023-06-15T01:17:19+00:00
SAO_675K-10,São Paulo,3550308,True,EMTU,198,https://moovitapp.com/index/pt-br/transporte_p%C3%BAblico-line-198-Sao_Paulo-242-2038937-59811937-0,6.35,-23.642437375,-46.698828999999996,,,,1,2023-06-15T01:17:38+00:00
SAO_675K-10,São Paulo,3550308,True,EMTU,198,https://moovitapp.com/index/pt-br/transporte_p%C3%BAblico-line-198-Sao_Paulo-242-2038937-59811937-0,6.35,-23.662343874999998,-46.706628,,,,1,2023-06-15T01:14:11+00:00
SAO_675K-10,São Paulo,3550308,True,EMTU,198,https://moovitapp.com/index/pt-br/transporte_p%C3%BAblico-line-198-Sao_Paulo-242-2038937-59811937-0,6.35,-23.6672905,-46.727228,,,,1,2023-06-15T01:17:03+00:00
SAO_675K-10,São Paulo,3550308,True,EMTU,198,https://moovitapp.com/index/pt-br/transporte_p%C3%BAblico-line-198-Sao_Paulo-242-2038937-59811937-0,6.35,-23.6672905,-46.727228,,,,1,2023-06-15T01:16:52+00:00
SAO_675K-10,São Paulo,3550308,True,EMTU,198,https://moovitapp.com/index/pt-br/transporte_p%C3%BAblico-line-198-Sao_Paulo-242-2038937-59811937-0,6.35,-23.619052749999998,-46.676687125,,,,1,2023-06-15T01:17:07+00:00
SAO_4313-10,São Paulo,3550308,True,,34941,,,-23.58045275,-46.49285725,,,,2,2023-06-15T01:17:17+00:00
SAO_4313-10,São Paulo,3550308,True,,34941,,,-23.53978575,-46.5726295,,,,2,2023-06-15T01:17:15+00:00
SAO_4313-10,São Paulo,3550308,True,,34941,,,-23.5428645,-46.584634124999994,,,,2,2023-06-15T01:17:09+00:00
SAO_4313-10,São Paulo,3550308,True,,34941,,,-23.5479245,-46.629473,,,,2,2023-06-15T01:17:27+00:00
SAO_4313-10,São Paulo,3550308,True,,34941,,,-23.580379,-46.4113845,,,,2,2023-06-15T01:17:31+00:00
SAO_4313-10,São Paulo,3550308,True,,34941,,,-23.58308,-46.408871000000005,,,,2,2023-06-15T01:17:37+00:00
SAO_4313-10,São Paulo,3550308,True,,34941,,,-23.5831585,-46.407859,,,,2,2023-06-15T01:17:31+00:00
SAO_4313-10,São Paulo,3550308,True,,34941,,,-23.557732,-46.5154505,,,,2,2023-06-15T01:13:59+00:00
SAO_4313-10,São Paulo,3550308,True,,34941,,,-23.5946735,-46.426711125,,,,2,2023-06-15T01:17:19+00:00
SAO_4313-10,São Paulo,3550308,True,,34941,,,-23.561965,-46.5110705,,,,2,2023-06-15T01:17:38+00:00
SAO_4313-10,São Paulo,3550308,True,,34941,,,-23.550840625,-46.607437499999996,,,,2,2023-06-15T01:17:32+00:00
SAO_4313-10,São Paulo,3550308,True,,34941,,,-23.583026,-46.408417,,,,2,2023-06-15T01:17:05+00:00
SAO_4313-10,São Paulo,3550308,True,,34941,,,-23.56121675,-46.511927625,,,,2,2023-06-15T01:17:35+00:00
SAO_4313-10,São Paulo,3550308,True,,34941,,,-23.540271,-46.542129,,,,2,2023-06-15T01:16:55+00:00
SAO_4313-10,São Paulo,3550308,True,,34941,,,-23.5947275,-46.442482999999996,,,,2,2023-06-15T01:17:03+00:00
SAO_4313-10,São Paulo,3550308,True,,34941,,,-23.598839625,-46.46588199999999,,,,2,2023-06-15T01:17:19+00:00
SAO_4313-10,São Paulo,3550308,True,,34941,,,-23.538682,-46.565627500000005,,,,2,2023-06-15T01:17:29+00:00
SAO_4313-10,São Paulo,3550308,True,,34941,,,-23.596264875000003,-46.45482750000001,,,,2,2023-06-15T01:13:28+00:00
SAO_4313-10,São Paulo,3550308,True,,34941,,,-23.5395395,-46.544082,,,,2,2023-06-15T01:17:07+00:00
SAO_4313-10,São Paulo,3550308,True,,34941,,,-23.591896,-46.417415,,,,2,2023-06-15T01:16:42+00:00
SAO_4313-10,São Paulo,3550308,True,,34941,,,-23.543809,-46.5318865,,,,2,2023-06-15T01:17:22+00:00
SAO_4725-10,São Paulo,3550308,True,,338,,,-23.605480999999997,-46.65938625,,,,1,2023-06-15T01:17:10+00:00
SAO_4725-10,São Paulo,3550308,True,,338,,,-23.6115265,-46.632037,,,,1,2023-06-15T01:17:30+00:00
SAO_8545-10,São Paulo,3550308,True,,34132,,,-23.4647875,-46.6958485,,,,2,2023-06-15T01:16:59+00:00
SAO_8545-10,São Paulo,3550308,True,,34132,,,-23.525771,-46.669731999999996,,,,2,2023-06-15T01:17:26+00:00
SAO_8545-10,São Paulo,3550308,True,,34132,,,-23.46781,-46.691037,,,,2,2023-06-15T01:17:02+00:00
SAO_8545-10,São Paulo,3550308,True,,34132,,,-23.522999499999997,-46.688287875,,,,2,2023-06-15T01:17:41+00:00
SAO_8545-10,São Paulo,3550308,True,,34132,,,-23.495298,-46.697667499999994,,,,2,2023-06-15T01:17:19+00:00
SAO_746C-10,São Paulo,3550308,True,STT,783,https://moovitapp.com/index/pt-br/transporte_p%C3%BAblico-line-783-Sao_Paulo-242-850661-183351-0,5.3,-23.649793,-46.708727499999995,,,,1,2023-06-15T01:17:34+00:00
SAO_746C-10,São Paulo,3550308,True,STT,783,https://moovitapp.com/index/pt-br/transporte_p%C3%BAblico-line-783-Sao_Paulo-242-850661-183351-0,5.3,-23.610989,-46.74456,,,,1,2023-06-15T01:17:11+00:00
SAO_746C-10,São Paulo,3550308,True,STT,783,https://moovitapp.com/index/pt-br/transporte_p%C3%BAblico-line-783-Sao_Paulo-242-850661-183351-0,5.3,-23.614911499999998,-46.74246975,,,,1,2023-06-15T01:17:03+00:00
SAO_746C-10,São Paulo,3550308,True,STT,783,https://moovitapp.com/index/pt-br/transporte_p%C3%BAblico-line-783-Sao_Paulo-242-850661-183351-0,5.3,-23.6498405,-46.707801,,,,1,2023-06-15T01:17:12+00:00
SAO_746C-10,São Paulo,3550308,True,STT,783,https://moovitapp.com/index/pt-br/transporte_p%C3%BAblico-line-783-Sao_Paulo-242-850661-183351-0,5.3,-23.609668,-46.748464,,,,1,2023-06-15T01:17:08+00:00
SAO_746C-10,São Paulo,3550308,True,STT,783,https://moovitapp.com/index/pt-br/transporte_p%C3%BAblico-line-783-Sao_Paulo-242-850661-183351-0,5.3,-23.641039625,-46.71706575,,,,1,2023-06-15T01:17:24+00:00
SAO_746C-10,São Paulo,3550308,True,STT,783,https://moovitapp.com/index/pt-br/transporte_p%C3%BAblico-line-783-Sao_Paulo-242-850661-183351-0,5.3,-23.631286875,-46.736650625,,,,1,2023-06-15T01:17:33+00:00
SAO_6055-10,São Paulo,3550308,True,,33914,,,-23.705064,-46.702547499999994,,,,2,2023-06-15T01:17:22+00:00
SAO_6055-10,São Paulo,3550308,True,,33914,,,-23.754374,-46.7089455,,,,2,2023-06-15T01:17:21+00:00
SAO_6055-10,São Paulo,3550308,True,,33914,,,-23.735566249999998,-46.695197625000006,,,,2,2023-06-15T01:17:28+00:00
SAO_6055-10,São Paulo,3550308,True,,33914,,,-23.7444865,-46.699613,,,,2,2023-06-15T01:17:29+00:00
SAO_6055-10,São Paulo,3550308,True,,33914,,,-23.678064999999997,-46.6840695,,,,2,2023-06-15T01:17:36+00:00
SAO_6055-10,São Paulo,3550308,True,,33914,,,-23.710644875,-46.69937337499999,,,,2,2023-06-15T01:17:30+00:00
SAO_6055-10,São Paulo,3550308,True,,33914,,,-23.669074,-46.677240499999996,,,,2,2023-06-15T01:17:33+00:00
SAO_6055-10,São Paulo,3550308,True,,33914,,,-23.754704,-46.709073000000004,,,,2,2023-06-15T01:17:34+00:00
SAO_6055-10,São Paulo,3550308,True,,33914,,,-23.735566249999998,-46.695197625000006,,,,2,2023-06-15T01:17:37+00:00
SAO_5029-10,São Paulo,3550308,True,,34440,,,-23.6284755,-46.5863025,,,,2,2023-06-15T01:17:17+00:00
SAO_5029-10,São Paulo,3550308,True,,34440,,,-23.621432,-46.594185249999995,,,,2,2023-06-15T01:16:58+00:00
SAO_5029-10,São Paulo,3550308,True,,34440,,,-23.621376625000003,-46.587261874999996,,,,2,2023-06-15T01:17:08+00:00
SAO_5029-10,São Paulo,3550308,True,,34440,,,-23.628492,-46.5859155,,,,2,2023-06-15T01:17:17+00:00
SAO_5029-10,São Paulo,3550308,True,,34440,,,-23.6026455,-46.603128999999996,,,,2,2023-06-15T01:17:31+00:00
SAO_311C-10,São Paulo,3550308,True,EMTU,309,https://moovitapp.com/index/pt-br/transporte_p%C3%BAblico-line-309-Sao_Paulo-242-2038937-36419401-0,7.5,-23.539615249999997,-46.60654975,,,,1,2023-06-15T01:17:38+00:00
SAO_311C-10,São Paulo,3550308,True,EMTU,309,https://moovitapp.com/index/pt-br/transporte_p%C3%BAblico-line-309-Sao_Paulo-242-2038937-36419401-0,7.5,-23.529207375,-46.638867375000004,,,,1,2023-06-15T01:17:14+00:00
SAO_311C-10,São Paulo,3550308,True,EMTU,309,https://moovitapp.com/index/pt-br/transporte_p%C3%BAblico-line-309-Sao_Paulo-242-2038937-36419401-0,7.5,-23.5186695,-46.6481295,,,,1,2023-06-15T01:17:25+00:00
SAO_172Y-10,São Paulo,3550308,True,,33630,,,-23.51237975,-46.58563975,,,,2,2023-06-15T01:14:28+00:00
SAO_172Y-10,São Paulo,3550308,True,,33630,,,-23.513438750000002,-46.58576475,,,,2,2023-06-15T01:17:00+00:00
SAO_172Y-10,São Paulo,3550308,True,,33630,,,-23.47473425,-46.58000975,,,,2,2023-06-15T01:16:06+00:00
SAO_172Y-10,São Paulo,3550308,True,,33630,,,-23.492914624999997,-46.585450124999994,,,,2,2023-06-15T01:17:32+00:00
SAO_172Y-10,São Paulo,3550308,True,,33630,,,-23.511201000000003,-46.587425,,,,2,2023-06-15T01:17:06+00:00
SAO_172Y-10,São Paulo,3550308,True,,33630,,,-23.5410465,-46.5898715,,,,2,2023-06-15T01:17:38+00:00
SAO_172Y-10,São Paulo,3550308,True,,33630,,,-23.49444025,-46.58704875,,,,2,2023-06-15T01:16:56+00:00
SAO_172Y-10,São Paulo,3550308,True,,33630,,,-23.529847,-46.598688499999994,,,,2,2023-06-15T01:16:11+00:00
SAO_7060-10,São Paulo,3550308,True,,1889,,,-23.646844,-46.779120250000005,,,,1,2023-06-15T01:16:57+00:00
SAO_7060-10,São Paulo,3550308,True,,1889,,,-23.67830725,-46.794576750000004,,,,1,2023-06-15T01:17:18+00:00
SAO_9354-10,São Paulo,3550308,True,,708,,,-23.4750175,-46.6697745,,,,1,2023-06-15T01:17:37+00:00
SAO_9354-10,São Paulo,3550308,True,,708,,,-23.495458125,-46.64603687499999,,,,1,2023-06-15T01:14:50+00:00
SAO_9354-10,São Paulo,3550308,True,,708,,,-23.4743105,-46.667728,,,,1,2023-06-15T01:17:20+00:00
SAO_9354-10,São Paulo,3550308,True,,708,,,-23.523899,-46.650216,,,,1,2023-06-15T01:17:26+00:00
SAO_9354-10,São Paulo,3550308,True,,708,,,-23.542727499999998,-46.637761499999996,,,,1,2023-06-15T01:17:18+00:00
SAO_707A-10,São Paulo,3550308,True,,34758,,,-23.692511000000003,-46.7778525,,,,2,2023-06-15T01:17:15+00:00
SAO_707A-10,São Paulo,3550308,True,,34758,,,-23.6496535,-46.7052775,,,,2,2023-06-15T01:17:27+00:00
SAO_707A-10,São Paulo,3550308,True,,34758,,,-23.661062,-46.7073855,,,,2,2023-06-15T01:17:14+00:00
SAO_707A-10,São Paulo,3550308,True,,34758,,,-23.692809,-46.778341,,,,2,2023-06-15T01:17:12+00:00
SAO_707A-10,São Paulo,3550308,True,,34758,,,-23.666025750000003,-46.715770500000005,,,,2,2023-06-15T01:17:19+00:00
SAO_707A-10,São Paulo,3550308,True,,34758,,,-23.6848575,-46.7702205,,,,2,2023-06-15T01:17:19+00:00
SAO_707A-10,São Paulo,3550308,True,,34758,,,-23.692594,-46.777992,,,,2,2023-06-15T01:17:29+00:00
SAO_707A-10,São Paulo,3550308,True,,34758,,,-23.604693374999997,-46.658641,,,,2,2023-06-15T01:17:16+00:00
SAO_707A-10,São Paulo,3550308,True,,34758,,,-23.64756325,-46.70371025,,,,2,2023-06-15T01:17:40+00:00
SAO_707A-10,São Paulo,3550308,True,,34758,,,-23.666391750000003,-46.719602374999994,,,,2,2023-06-15T01:16:48+00:00
SAO_707A-10,São Paulo,3550308,True,,34758,,,-23.643697500000002,-46.700987999999995,,,,2,2023-06-15T01:17:13+00:00
SAO_707A-10,São Paulo,3550308,True,,34758,,,-23.692809,-46.778341,,,,2,2023-06-15T01:17:11+00:00
SAO_707A-10,São Paulo,3550308,True,,34758,,,-23.641780124999997,-46.699149125000005,,,,2,2023-06-15T01:17:22+00:00
SAO_707A-10,São Paulo,3550308,True,,34758,,,-23.6658115,-46.713567,,,,2,2023-06-15T01:17:22+00:00
SAO_707A-10,São Paulo,3550308,True,,34758,,,-23.607257875000002,-46.661063375000005,,,,2,2023-06-15T01:17:21+00:00
SAO_707A-10,São Paulo,3550308,True,,34758,,,-23.649859499999998,-46.705637,,,,2,2023-06-15T01:17:37+00:00
SAO_707A-10,São Paulo,3550308,True,,34758,,,-23.65023975,-46.706578750000006,,,,2,2023-06-15T01:17:26+00:00
SAO_3762-10,São Paulo,3550308,True,,1053,,,-23.5619365,-46.543341999999996,,,,1,2023-06-15T01:17:24+00:00
SAO_3762-10,São Paulo,3550308,True,,1053,,,-23.54292375,-46.56343075,,,,1,2023-06-15T01:17:14+00:00
SAO_3762-10,São Paulo,3550308,True,,1053,,,-23.55934525,-46.545656,,,,1,2023-06-15T01:17:28+00:00
SAO_3762-10,São Paulo,3550308,True,,1053,,,-23.545092,-46.573637500000004,,,,1,2023-06-15T01:17:30+00:00
SAO_3762-10,São Paulo,3550308,True,,1053,,,-23.543729,-46.570289,,,,1,2023-06-15T01:17:34+00:00
SAO_3762-10,São Paulo,3550308,True,,1053,,,-23.591546,-46.5161705,,,,1,2023-06-15T01:16:57+00:00
SAO_3762-10,São Paulo,3550308,True,,1053,,,-23.57060475,-46.53953175,,,,1,2023-06-15T01:15:28+00:00
SAO_3762-10,São Paulo,3550308,True,,1053,,,-23.541065,-46.576965,,,,1,2023-06-15T01:17:18+00:00
SAO_3762-10,São Paulo,3550308,True,,1053,,,-23.576368000000002,-46.517998,,,,1,2023-06-15T01:17:08+00:00
SAO_3762-10,São Paulo,3550308,True,,1053,,,-23.550147000000003,-46.5501595,,,,1,2023-06-15T01:17:31+00:00
SAO_3762-10,São Paulo,3550308,True,,1053,,,-23.5549585,-46.5531615,,,,1,2023-06-15T01:17:33+00:00
SAO_273X-10,São Paulo,3550308,True,,33160,,,-23.495266,-46.432126,,,,2,2023-06-15T01:17:19+00:00
SAO_273X-10,São Paulo,3550308,True,,33160,,,-23.4959585,-46.402874499999996,,,,2,2023-06-15T01:17:28+00:00
SAO_273X-10,São Paulo,3550308,True,,33160,,,-23.4981065,-46.45855675,,,,2,2023-06-15T01:17:32+00:00
SAO_273X-10,São Paulo,3550308,True,,33160,,,-23.510705,-46.477252,,,,2,2023-06-15T01:17:28+00:00
SAO_273X-10,São Paulo,3550308,True,,33160,,,-23.492062249999996,-46.444908999999996,,,,2,2023-06-15T01:17:03+00:00
SAO_273X-10,São Paulo,3550308,True,,33160,,,-23.494808,-46.3886665,,,,2,2023-06-15T01:17:08+00:00
SAO_273X-10,São Paulo,3550308,True,,33160,,,-23.5001465,-46.469282,,,,2,2023-06-15T01:17:05+00:00
SAO_273X-10,São Paulo,3550308,True,,33160,,,-23.496948875,-46.400600749999995,,,,2,2023-06-15T01:17:37+00:00
SAO_273X-10,São Paulo,3550308,True,,33160,,,-23.494067875,-46.389082125,,,,2,2023-06-15T01:17:07+00:00
SAO_5100-10,São Paulo,3550308,True,,1370,,,-23.567631125000002,-46.6971725,,,,1,2023-06-15T01:17:40+00:00
SAO_5100-10,São Paulo,3550308,True,,1370,,,-23.5725515,-46.65410525,,,,1,2023-06-15T01:17:32+00:00
SAO_6084-10,São Paulo,3550308,True,,33937,,,-23.778053,-46.678759,,,,2,2023-06-15T01:17:16+00:00
SAO_6084-10,São Paulo,3550308,True,,33937,,,-23.7804005,-46.6732885,,,,2,2023-06-15T01:17:29+00:00
SAO_6084-10,São Paulo,3550308,True,,33937,,,-23.7812805,-46.67209375,,,,2,2023-06-15T01:17:04+00:00
SAO_6084-10,São Paulo,3550308,True,,33937,,,-23.767257999999998,-46.6981265,,,,2,2023-06-15T01:17:21+00:00
SAO_6084-10,São Paulo,3550308,True,,33937,,,-23.7804005,-46.6732885,,,,2,2023-06-15T01:17:12+00:00
SAO_6084-10,São Paulo,3550308,True,,33937,,,-23.7804115,-46.6731975,,,,2,2023-06-15T01:17:09+00:00
SAO_6084-10,São Paulo,3550308,True,,33937,,,-23.767103,-46.7163835,,,,2,2023-06-15T01:17:37+00:00
SAO_6034-10,São Paulo,3550308,True,,95,,,-23.745268375000002,-46.66581537500001,,,,1,2023-06-15T01:17:12+00:00
SAO_6034-10,São Paulo,3550308,True,,95,,,-23.7379235,-46.6925615,,,,1,2023-06-15T01:16:58+00:00
SAO_6034-10,São Paulo,3550308,True,,95,,,-23.736897499999998,-46.69694,,,,1,2023-06-15T01:16:12+00:00
SAO_8528-10,São Paulo,3550308,True,,575,,,-23.53312475,-46.65691925,,,,1,2023-06-15T01:17:11+00:00
SAO_8528-10,São Paulo,3550308,True,,575,,,-23.461451,-46.689819,,,,1,2023-06-15T01:17:10+00:00
SAO_8528-10,São Paulo,3550308,True,,575,,,-23.506587875,-46.68920250000001,,,,1,2023-06-15T01:17:02+00:00
SAO_8528-10,São Paulo,3550308,True,,575,,,-23.4694835,-46.694140000000004,,,,1,2023-06-15T01:17:31+00:00
SAO_8528-10,São Paulo,3550308,True,,575,,,-23.53747,-46.64374475,,,,1,2023-06-15T01:17:18+00:00
SAO_8528-10,São Paulo,3550308,True,,575,,,-23.528299500000003,-46.661776,,,,1,2023-06-15T01:15:13+00:00
SAO_5025-10,São Paulo,3550308,True,,34332,,,-23.594353,-46.578869499999996,,,,2,2023-06-15T01:17:09+00:00
SAO_5025-10,São Paulo,3550308,True,,34332,,,-23.594353,-46.578869499999996,,,,2,2023-06-15T01:17:34+00:00
SAO_5025-10,São Paulo,3550308,True,,34332,,,-23.6088605,-46.5415495,,,,2,2023-06-15T01:17:02+00:00
SAO_5025-10,São Paulo,3550308,True,,34332,,,-23.605088000000002,-46.581061000000005,,,,2,2023-06-15T01:17:37+00:00
SAO_5025-10,São Paulo,3550308,True,,34332,,,-23.60094,-46.577026,,,,2,2023-06-15T01:17:28+00:00
SAO_5025-10,São Paulo,3550308,True,,34332,,,-23.60857425,-46.54131325,,,,2,2023-06-15T01:17:08+00:00
SAO_4729-10,São Paulo,3550308,True,,33876,,,-23.552689,-46.579106624999994,,,,2,2023-06-15T01:17:42+00:00
SAO_4729-10,São Paulo,3550308,True,,33876,,,-23.5830365,-46.543982,,,,2,2023-06-15T01:17:41+00:00
SAO_4729-10,São Paulo,3550308,True,,33876,,,-23.58511375,-46.538698875,,,,2,2023-06-15T01:17:28+00:00
SAO_4729-10,São Paulo,3550308,True,,33876,,,-23.573284,-46.5629815,,,,2,2023-06-15T01:17:34+00:00
SAO_4729-10,São Paulo,3550308,True,,33876,,,-23.5906655,-46.5316285,,,,2,2023-06-15T01:17:22+00:00
SAO_4729-10,São Paulo,3550308,True,,33876,,,-23.542153125,-46.5911005,,,,2,2023-06-15T01:17:12+00:00
SAO_8020-10,São Paulo,3550308,True,,1726,,,-23.5861565,-46.724461000000005,,,,1,2023-06-15T01:17:10+00:00
SAO_856R-10,São Paulo,3550308,True,,1428,,,-23.585207500000003,-46.673255499999996,,,,1,2023-06-15T01:17:30+00:00
SAO_856R-10,São Paulo,3550308,True,,1428,,,-23.537637,-46.684136,,,,1,2023-06-15T01:17:03+00:00
SAO_856R-10,São Paulo,3550308,True,,1428,,,-23.6002625,-46.673983,,,,1,2023-06-15T01:17:29+00:00
SAO_856R-10,São Paulo,3550308,True,,1428,,,-23.533297750000003,-46.687259999999995,,,,1,2023-06-15T01:17:32+00:00
SAO_856R-10,São Paulo,3550308,True,,1428,,,-23.671058625,-46.71586375,,,,1,2023-06-15T01:17:25+00:00
SAO_856R-10,São Paulo,3550308,True,,1428,,,-23.537435000000002,-46.68446925000001,,,,1,2023-06-15T01:17:25+00:00
SAO_856R-10,São Paulo,3550308,True,,1428,,,-23.5831145625,-46.675710375,,,,1,2023-06-15T01:16:58+00:00
SAO_856R-10,São Paulo,3550308,True,,1428,,,-23.669865,-46.719399249999995,,,,1,2023-06-15T01:14:15+00:00
SAO_856R-10,São Paulo,3550308,True,,1428,,,-23.585649,-46.6715685,,,,1,2023-06-15T01:17:18+00:00
SAO_856R-10,São Paulo,3550308,True,,1428,,,-23.585707,-46.671751,,,,1,2023-06-15T01:17:33+00:00
SAO_856R-10,São Paulo,3550308,True,,1428,,,-23.593270625,-46.67295975,,,,1,2023-06-15T01:17:39+00:00
SAO_856R-10,São Paulo,3550308,True,,1428,,,-23.586064999999998,-46.6726465,,,,1,2023-06-15T01:16:58+00:00
SAO_856R-10,São Paulo,3550308,True,,1428,,,-23.541619500000003,-46.682095000000004,,,,1,2023-06-15T01:17:39+00:00
SAO_856R-10,São Paulo,3550308,True,,1428,,,-23.64694675,-46.70327974999999,,,,1,2023-06-15T01:17:28+00:00
SAO_856R-10,São Paulo,3550308,True,,1428,,,-23.65023975,-46.706578750000006,,,,1,2023-06-15T01:16:56+00:00
SAO_856R-10,São Paulo,3550308,True,,1428,,,-23.669865,-46.719399249999995,,,,1,2023-06-15T01:17:28+00:00
SAO_856R-10,São Paulo,3550308,True,,1428,,,-23.665322,-46.71104,,,,1,2023-06-15T01:15:35+00:00
SAO_856R-10,São Paulo,3550308,True,,1428,,,-23.521862,-46.6976475,,,,1,2023-06-15T01:17:20+00:00
SAO_1720-21,São Paulo,3550308,True,,1937,,,-23.484484000000002,-46.573143,,,,1,2023-06-15T01:17:17+00:00
SAO_1720-21,São Paulo,3550308,True,,1937,,,-23.4811685,-46.5956015,,,,1,2023-06-15T01:17:30+00:00
SAO_3745-10,São Paulo,3550308,True,,33812,,,-23.542604125,-46.55067925,,,,2,2023-06-15T01:16:55+00:00
SAO_3745-10,São Paulo,3550308,True,,33812,,,-23.55523075,-46.532461749999996,,,,2,2023-06-15T01:17:10+00:00
SAO_3745-10,São Paulo,3550308,True,,33812,,,-23.538642000000003,-46.5653865,,,,2,2023-06-15T01:13:14+00:00
SAO_3745-10,São Paulo,3550308,True,,33812,,,-23.571345,-46.532441,,,,2,2023-06-15T01:17:29+00:00
SAO_3745-10,São Paulo,3550308,True,,33812,,,-23.538515,-46.56404,,,,2,2023-06-15T01:16:42+00:00
SAO_3745-10,São Paulo,3550308,True,,33812,,,-23.586764,-46.5133915,,,,2,2023-06-15T01:17:39+00:00
SAO_971M-10,São Paulo,3550308,True,,33380,,,-23.487874,-46.687963374999995,,,,2,2023-06-15T01:17:20+00:00
SAO_971M-10,São Paulo,3550308,True,,33380,,,-23.502718,-46.6245835,,,,2,2023-06-15T01:17:35+00:00
SAO_971M-10,São Paulo,3550308,True,,33380,,,-23.48394775,-46.65360575,,,,2,2023-06-15T01:17:09+00:00
SAO_971M-10,São Paulo,3550308,True,,33380,,,-23.4764995,-46.636905999999996,,,,2,2023-06-15T01:17:39+00:00
SAO_971M-10,São Paulo,3550308,True,,33380,,,-23.504123625000002,-46.625460249999996,,,,2,2023-06-15T01:17:12+00:00
SAO_971M-10,São Paulo,3550308,True,,33380,,,-23.475571,-46.67008575,,,,2,2023-06-15T01:17:00+00:00
SAO_971M-10,São Paulo,3550308,True,,33380,,,-23.490531,-46.688970499999996,,,,2,2023-06-15T01:17:17+00:00
SAO_971M-10,São Paulo,3550308,True,,33380,,,-23.472690999999998,-46.672483,,,,2,2023-06-15T01:17:35+00:00
SAO_971M-10,São Paulo,3550308,True,,33380,,,-23.476006875,-46.66992125,,,,2,2023-06-15T01:17:17+00:00
SAO_6035-10,São Paulo,3550308,True,,33981,,,-23.64715225,-46.70342325,,,,2,2023-06-15T01:17:22+00:00
SAO_6035-10,São Paulo,3550308,True,,33981,,,-23.651578750000002,-46.7089575,,,,2,2023-06-15T01:17:10+00:00
SAO_6035-10,São Paulo,3550308,True,,33981,,,-23.7163055,-46.7675665,,,,2,2023-06-15T01:17:02+00:00
SAO_6035-10,São Paulo,3550308,True,,33981,,,-23.644843,-46.701825625,,,,2,2023-06-15T01:17:36+00:00
SAO_6035-10,São Paulo,3550308,True,,33981,,,-23.724396,-46.7642115,,,,2,2023-06-15T01:17:14+00:00
SAO_6035-10,São Paulo,3550308,True,,33981,,,-23.6635425,-46.7080505,,,,2,2023-06-15T01:17:32+00:00
SAO_6035-10,São Paulo,3550308,True,,33981,,,-23.7201285,-46.756192,,,,2,2023-06-15T01:17:22+00:00
SAO_6035-10,São Paulo,3550308,True,,33981,,,-23.6728545,-46.74413925,,,,2,2023-06-15T01:17:14+00:00
SAO_6035-10,São Paulo,3550308,True,,33981,,,-23.694651,-46.779804999999996,,,,2,2023-06-15T01:17:29+00:00
SAO_6035-10,São Paulo,3550308,True,,33981,,,-23.656717625,-46.7073455,,,,2,2023-06-15T01:17:19+00:00
SAO_6035-10,São Paulo,3550308,True,,33981,,,-23.711851,-46.781596,,,,2,2023-06-15T01:17:03+00:00
SAO_425E-10,São Paulo,3550308,True,,1636,,,-23.6130335,-46.49193075,,,,1,2023-06-15T01:15:44+00:00
SAO_3728-10,São Paulo,3550308,True,,33793,,,-23.55962975,-46.48692525,,,,2,2023-06-15T01:17:27+00:00
SAO_3728-10,São Paulo,3550308,True,,33793,,,-23.551172125,-46.489981875,,,,2,2023-06-15T01:17:10+00:00
SAO_3728-10,São Paulo,3550308,True,,33793,,,-23.5510705,-46.489706,,,,2,2023-06-15T01:17:08+00:00
SAO_3728-10,São Paulo,3550308,True,,33793,,,-23.542378,-46.48379425,,,,2,2023-06-15T01:17:03+00:00
SAO_3728-10,São Paulo,3550308,True,,33793,,,-23.560734250000003,-46.483436,,,,2,2023-06-15T01:17:41+00:00
SAO_3728-10,São Paulo,3550308,True,,33793,,,-23.5486655,-46.4867065,,,,2,2023-06-15T01:17:02+00:00
SAO_3728-10,São Paulo,3550308,True,,33793,,,-23.542378,-46.48379425,,,,2,2023-06-15T01:17:19+00:00
SAO_3728-10,São Paulo,3550308,True,,33793,,,-23.542378,-46.48379425,,,,2,2023-06-15T01:17:39+00:00
SAO_3063-10,São Paulo,3550308,True,EMTU,253,https://moovitapp.com/index/pt-br/transporte_p%C3%BAblico-line-253-Sao_Paulo-242-2038937-36419364-0,5.4,-23.571773999999998,-46.415555,,,,1,2023-06-15T01:16:57+00:00
SAO_3063-10,São Paulo,3550308,True,EMTU,253,https://moovitapp.com/index/pt-br/transporte_p%C3%BAblico-line-253-Sao_Paulo-242-2038937-36419364-0,5.4,-23.595830375,-46.436915625,,,,1,2023-06-15T01:17:13+00:00
SAO_3063-10,São Paulo,3550308,True,EMTU,253,https://moovitapp.com/index/pt-br/transporte_p%C3%BAblico-line-253-Sao_Paulo-242-2038937-36419364-0,5.4,-23.598681749999997,-46.46435325,,,,1,2023-06-15T01:17:14+00:00
SAO_3063-10,São Paulo,3550308,True,EMTU,253,https://moovitapp.com/index/pt-br/transporte_p%C3%BAblico-line-253-Sao_Paulo-242-2038937-36419364-0,5.4,-23.542667,-46.415261,,,,1,2023-06-15T01:16:18+00:00
SAO_8605-10,São Paulo,3550308,True,,1917,,,-23.549173,-46.640448,,,,1,2023-06-15T01:17:40+00:00
SAO_8605-10,São Paulo,3550308,True,,1917,,,-23.5806045,-46.6807885,,,,1,2023-06-15T01:17:40+00:00
SAO_8605-10,São Paulo,3550308,True,,1917,,,-23.630668,-46.77072,,,,1,2023-06-15T01:17:19+00:00
SAO_8605-10,São Paulo,3550308,True,,1917,,,-23.568033999999997,-46.659865312499996,,,,1,2023-06-15T01:17:00+00:00
SAO_8605-10,São Paulo,3550308,True,,1917,,,-23.59685225,-46.739891875,,,,1,2023-06-15T01:17:00+00:00
SAO_8605-10,São Paulo,3550308,True,,1917,,,-23.581322,-46.711684500000004,,,,1,2023-06-15T01:17:03+00:00
SAO_8009-31,São Paulo,3550308,True,,1260,,,-23.453236250000003,-46.737245,,,,1,2023-06-15T01:16:57+00:00
SAO_8009-31,São Paulo,3550308,True,,1260,,,-23.486821,-46.726783499999996,,,,1,2023-06-15T01:17:23+00:00
SAO_2707-10,São Paulo,3550308,True,,33687,,,-23.5328285,-46.44833125,,,,2,2023-06-15T01:16:42+00:00
SAO_2707-10,São Paulo,3550308,True,,33687,,,-23.532261249999998,-46.44741775,,,,2,2023-06-15T01:17:01+00:00
SAO_2707-10,São Paulo,3550308,True,,33687,,,-23.543305375,-46.423442625,,,,2,2023-06-15T01:17:11+00:00
SAO_2707-10,São Paulo,3550308,True,,33687,,,-23.542303,-46.425173,,,,2,2023-06-15T01:17:17+00:00
SAO_2707-10,São Paulo,3550308,True,,33687,,,-23.532747,-46.4075555,,,,2,2023-06-15T01:16:45+00:00
SAO_2707-10,São Paulo,3550308,True,,33687,,,-23.526104,-46.4052965,,,,2,2023-06-15T01:17:15+00:00
SAO_2707-10,São Paulo,3550308,True,,33687,,,-23.533508625000003,-46.405551125,,,,2,2023-06-15T01:16:08+00:00
SAO_2707-10,São Paulo,3550308,True,,33687,,,-23.53188,-46.446804,,,,2,2023-06-15T01:17:17+00:00
SAO_2707-10,São Paulo,3550308,True,,33687,,,-23.525353,-46.4059125,,,,2,2023-06-15T01:12:12+00:00
SAO_2707-10,São Paulo,3550308,True,,33687,,,-23.536624,-46.453191,,,,2,2023-06-15T01:16:58+00:00
SAO_2707-10,São Paulo,3550308,True,,33687,,,-23.533508625000003,-46.405551125,,,,2,2023-06-15T01:17:22+00:00
SAO_2707-10,São Paulo,3550308,True,,33687,,,-23.526104,-46.4052965,,,,2,2023-06-15T01:17:29+00:00
SAO_971V-10,São Paulo,3550308,True,,33387,,,-23.50030975,-46.637405375,,,,2,2023-06-15T01:17:17+00:00
SAO_971V-10,São Paulo,3550308,True,,33387,,,-23.509007500000003,-46.6155115,,,,2,2023-06-15T01:17:02+00:00
SAO_971V-10,São Paulo,3550308,True,,33387,,,-23.49037175,-46.672919,,,,2,2023-06-15T01:15:47+00:00
SAO_971V-10,São Paulo,3550308,True,,33387,,,-23.4949865,-46.6577645,,,,2,2023-06-15T01:17:18+00:00
SAO_971V-10,São Paulo,3550308,True,,33387,,,-23.5005765,-46.624988,,,,2,2023-06-15T01:17:15+00:00
SAO_971V-10,São Paulo,3550308,True,,33387,,,-23.500283875,-46.627802,,,,2,2023-06-15T01:17:14+00:00
SAO_5106-21,São Paulo,3550308,True,,34740,,,-23.615788625,-46.649456625,,,,2,2023-06-15T01:17:09+00:00
SAO_5106-21,São Paulo,3550308,True,,34740,,,-23.692269500000002,-46.6445845,,,,2,2023-06-15T01:17:09+00:00
SAO_5106-21,São Paulo,3550308,True,,34740,,,-23.60672075,-46.653211500000005,,,,2,2023-06-15T01:17:23+00:00
SAO_5106-21,São Paulo,3550308,True,,34740,,,-23.6848065,-46.653604,,,,2,2023-06-15T01:17:22+00:00
SAO_5106-21,São Paulo,3550308,True,,34740,,,-23.605618,-46.674601625,,,,2,2023-06-15T01:17:22+00:00
SAO_5106-21,São Paulo,3550308,True,,34740,,,-23.695213000000003,-46.6539025,,,,2,2023-06-15T01:17:37+00:00
SAO_5106-21,São Paulo,3550308,True,,34740,,,-23.6929535,-46.6450975,,,,2,2023-06-15T01:17:30+00:00
SAO_5106-21,São Paulo,3550308,True,,34740,,,-23.645675250000004,-46.64110625,,,,2,2023-06-15T01:16:55+00:00
SAO_5106-21,São Paulo,3550308,True,,34740,,,-23.685052499999998,-46.653792499999994,,,,2,2023-06-15T01:17:09+00:00
SAO_5106-21,São Paulo,3550308,True,,34740,,,-23.601141125,-46.65830625,,,,2,2023-06-15T01:17:39+00:00
SAO_5106-21,São Paulo,3550308,True,,34740,,,-23.689819999999997,-46.656373,,,,2,2023-06-15T01:17:34+00:00
SAO_5106-21,São Paulo,3550308,True,,34740,,,-23.642439250000002,-46.641422750000004,,,,2,2023-06-15T01:16:44+00:00
SAO_5106-21,São Paulo,3550308,True,,34740,,,-23.59568175,-46.688218625000005,,,,2,2023-06-15T01:17:27+00:00
SAO_5106-21,São Paulo,3550308,True,,34740,,,-23.67556175,-46.63006575,,,,2,2023-06-15T01:17:16+00:00
SAO_5106-21,São Paulo,3550308,True,,34740,,,-23.611378124999998,-46.651295875,,,,2,2023-06-15T01:17:36+00:00
SAO_3761-10,São Paulo,3550308,True,,33819,,,-23.5996445,-46.470645000000005,,,,2,2023-06-15T01:17:18+00:00
SAO_3761-10,São Paulo,3550308,True,,33819,,,-23.552569,-46.520155,,,,2,2023-06-15T01:17:19+00:00
SAO_3761-10,São Paulo,3550308,True,,33819,,,-23.592840000000002,-46.485181499999996,,,,2,2023-06-15T01:17:30+00:00
SAO_3761-10,São Paulo,3550308,True,,33819,,,-23.535425500000002,-46.548753500000004,,,,2,2023-06-15T01:17:04+00:00
SAO_3761-10,São Paulo,3550308,True,,33819,,,-23.594714250000003,-46.4486965,,,,2,2023-06-15T01:17:11+00:00
SAO_3761-10,São Paulo,3550308,True,,33819,,,-23.598233999999998,-46.459329499999996,,,,2,2023-06-15T01:17:10+00:00
SAO_3761-10,São Paulo,3550308,True,,33819,,,-23.571313500000002,-46.50451175,,,,2,2023-06-15T01:17:41+00:00
SAO_3761-10,São Paulo,3550308,True,,33819,,,-23.59956175,-46.433214375,,,,2,2023-06-15T01:17:12+00:00
SAO_3761-10,São Paulo,3550308,True,,33819,,,-23.5986575,-46.467709,,,,2,2023-06-15T01:17:18+00:00
SAO_8100-10,São Paulo,3550308,True,,34030,,,-23.520326,-46.699492500000005,,,,2,2023-06-15T01:16:59+00:00
SAO_8100-10,São Paulo,3550308,True,,34030,,,-23.5063615,-46.7170445,,,,2,2023-06-15T01:17:23+00:00
SAO_8100-10,São Paulo,3550308,True,,34030,,,-23.5104285,-46.704933999999994,,,,2,2023-06-15T01:17:32+00:00
SAO_8100-10,São Paulo,3550308,True,,34030,,,-23.497257500000003,-46.727208000000005,,,,2,2023-06-15T01:17:08+00:00
SAO_8100-10,São Paulo,3550308,True,,34030,,,-23.51843975,-46.708361499999995,,,,2,2023-06-15T01:15:24+00:00
SAO_3729-10,São Paulo,3550308,True,,1026,,,-23.564021500000003,-46.5052175,,,,1,2023-06-15T01:17:14+00:00
SAO_3729-10,São Paulo,3550308,True,,1026,,,-23.538545499999998,-46.564205,,,,1,2023-06-15T01:11:29+00:00
SAO_3729-10,São Paulo,3550308,True,,1026,,,-23.541859000000002,-46.566674,,,,1,2023-06-15T01:17:26+00:00
SAO_3729-10,São Paulo,3550308,True,,1026,,,-23.557810000000003,-46.559629,,,,1,2023-06-15T01:17:01+00:00
SAO_3729-10,São Paulo,3550308,True,,1026,,,-23.5761115,-46.51551475,,,,1,2023-06-15T01:16:57+00:00
SAO_3729-10,São Paulo,3550308,True,,1026,,,-23.574865,-46.5414665,,,,1,2023-06-15T01:17:27+00:00
SAO_3729-10,São Paulo,3550308,True,,1026,,,-23.538702999999998,-46.565937000000005,,,,1,2023-06-15T01:17:39+00:00
SAO_3729-10,São Paulo,3550308,True,,1026,,,-23.5664125,-46.50999675,,,,1,2023-06-15T01:17:37+00:00
SAO_3729-10,São Paulo,3550308,True,,1026,,,-23.5673605,-46.542109999999994,,,,1,2023-06-15T01:17:03+00:00
SAO_3729-10,São Paulo,3550308,True,,1026,,,-23.560119,-46.561347,,,,1,2023-06-15T01:17:26+00:00
SAO_3729-10,São Paulo,3550308,True,,1026,,,-23.5848875,-46.523315499999995,,,,1,2023-06-15T01:17:29+00:00
SAO_3729-10,São Paulo,3550308,True,,1026,,,-23.57594225,-46.54103725,,,,1,2023-06-15T01:17:00+00:00
SAO_2080-10,São Paulo,3550308,True,,371,,,-23.506819874999998,-46.366454125,,,,1,2023-06-15T01:14:44+00:00
SAO_2080-10,São Paulo,3550308,True,,371,,,-23.4943025,-46.451074000000006,,,,1,2023-06-15T01:17:31+00:00
SAO_2080-10,São Paulo,3550308,True,,371,,,-23.5148795,-46.549588,,,,1,2023-06-15T01:16:00+00:00
SAO_2080-10,São Paulo,3550308,True,,371,,,-23.5288685,-46.554319,,,,1,2023-06-15T01:17:19+00:00
SAO_2080-10,São Paulo,3550308,True,,371,,,-23.4950305,-46.410520500000004,,,,1,2023-06-15T01:17:33+00:00
SAO_2080-10,São Paulo,3550308,True,,371,,,-23.514499999999998,-46.520125,,,,1,2023-06-15T01:17:20+00:00
SAO_2080-10,São Paulo,3550308,True,,371,,,-23.489892250000004,-46.3859015,,,,1,2023-06-15T01:16:59+00:00
SAO_4018-10,São Paulo,3550308,True,,2191,,,-23.587325,-46.414944250000005,,,,1,2023-06-15T01:17:33+00:00
SAO_4018-10,São Paulo,3550308,True,,2191,,,-23.597203999999998,-46.404201,,,,1,2023-06-15T01:17:11+00:00
SAO_4018-10,São Paulo,3550308,True,,2191,,,-23.595284499999998,-46.451296,,,,1,2023-06-15T01:17:11+00:00
SAO_4018-10,São Paulo,3550308,True,,2191,,,-23.5946305,-46.446485249999995,,,,1,2023-06-15T01:17:37+00:00
SAO_4018-10,São Paulo,3550308,True,,2191,,,-23.594977874999998,-46.405601125000004,,,,1,2023-06-15T01:16:25+00:00
SAO_4018-10,São Paulo,3550308,True,,2191,,,-23.6011475,-46.399366,,,,1,2023-06-15T01:17:10+00:00
SAO_4018-10,São Paulo,3550308,True,,2191,,,-23.594618,-46.443891,,,,1,2023-06-15T01:17:12+00:00
SAO_3766-10,São Paulo,3550308,True,,33823,,,-23.53338,-46.449224,,,,2,2023-06-15T01:17:06+00:00
SAO_3766-10,São Paulo,3550308,True,,33823,,,-23.553821499999998,-46.428109,,,,2,2023-06-15T01:17:20+00:00
SAO_3766-10,São Paulo,3550308,True,,33823,,,-23.542498000000002,-46.471391499999996,,,,2,2023-06-15T01:16:02+00:00
SAO_3766-10,São Paulo,3550308,True,,33823,,,-23.556283999999998,-46.43110125,,,,2,2023-06-15T01:17:13+00:00
SAO_3766-10,São Paulo,3550308,True,,33823,,,-23.5324585,-46.4411255,,,,2,2023-06-15T01:17:15+00:00
SAO_3766-10,São Paulo,3550308,True,,33823,,,-23.553821499999998,-46.428109,,,,2,2023-06-15T01:17:14+00:00
SAO_3766-10,São Paulo,3550308,True,,33823,,,-23.553821499999998,-46.428109,,,,2,2023-06-15T01:17:18+00:00
SAO_3766-10,São Paulo,3550308,True,,33823,,,-23.548721999999998,-46.43702775,,,,2,2023-06-15T01:17:28+00:00
SAO_7006-10,São Paulo,3550308,True,,34763,,,-23.738334000000002,-46.7810255,,,,2,2023-06-15T01:17:16+00:00
SAO_7006-10,São Paulo,3550308,True,,34763,,,-23.7065485,-46.7843755,,,,2,2023-06-15T01:17:18+00:00
SAO_7006-10,São Paulo,3550308,True,,34763,,,-23.750601,-46.777545,,,,2,2023-06-15T01:17:35+00:00
SAO_7006-10,São Paulo,3550308,True,,34763,,,-23.694872,-46.7797925,,,,2,2023-06-15T01:17:24+00:00
SAO_7006-10,São Paulo,3550308,True,,34763,,,-23.712547999999998,-46.7819985,,,,2,2023-06-15T01:16:59+00:00
SAO_7006-10,São Paulo,3550308,True,,34763,,,-23.743930499999998,-46.780912,,,,2,2023-06-15T01:17:32+00:00
SAO_7006-10,São Paulo,3550308,True,,34763,,,-23.710544499999997,-46.7830785,,,,2,2023-06-15T01:17:24+00:00
SAO_307C-10,São Paulo,3550308,True,,2114,,,-23.509445499999998,-46.375510000000006,,,,1,2023-06-15T01:15:54+00:00
SAO_307C-10,São Paulo,3550308,True,,2114,,,-23.539783999999997,-46.483161,,,,1,2023-06-15T01:17:40+00:00
SAO_307C-10,São Paulo,3550308,True,,2114,,,-23.494838,-46.437851499999994,,,,1,2023-06-15T01:14:59+00:00
SAO_307C-10,São Paulo,3550308,True,,2114,,,-23.5053375,-46.474740749999995,,,,1,2023-06-15T01:17:06+00:00
SAO_8300-1,São Paulo,3550308,True,,35275,,,-23.520215999999998,-46.700196000000005,,,,2,2023-06-15T01:17:13+00:00
SAO_8300-1,São Paulo,3550308,True,,35275,,,-23.485174,-46.724116499999994,,,,2,2023-06-15T01:17:23+00:00
SAO_702C-10,São Paulo,3550308,True,,33253,,,-23.571505000000002,-46.748618750000006,,,,2,2023-06-15T01:17:28+00:00
SAO_702C-10,São Paulo,3550308,True,,33253,,,-23.571505000000002,-46.748618750000006,,,,2,2023-06-15T01:17:00+00:00
SAO_702C-10,São Paulo,3550308,True,,33253,,,-23.571754625,-46.697914125,,,,2,2023-06-15T01:17:29+00:00
SAO_702C-10,São Paulo,3550308,True,,33253,,,-23.579310749999998,-46.71989525000001,,,,2,2023-06-15T01:17:29+00:00
SAO_702C-10,São Paulo,3550308,True,,33253,,,-23.564365000000002,-46.6782645,,,,2,2023-06-15T01:17:41+00:00
SAO_702C-10,São Paulo,3550308,True,,33253,,,-23.5658985,-46.681169499999996,,,,2,2023-06-15T01:17:41+00:00
SAO_702C-10,São Paulo,3550308,True,,33253,,,-23.5658345,-46.751884000000004,,,,2,2023-06-15T01:17:01+00:00
SAO_4311-10,São Paulo,3550308,True,,2171,,,-23.5383675,-46.56581425,,,,1,2023-06-15T01:15:57+00:00
SAO_4311-10,São Paulo,3550308,True,,2171,,,-23.603718125,-46.470752250000004,,,,1,2023-06-15T01:17:35+00:00
SAO_4311-10,São Paulo,3550308,True,,2171,,,-23.5515695,-46.624459,,,,1,2023-06-15T01:17:09+00:00
SAO_4311-10,São Paulo,3550308,True,,2171,,,-23.555835375,-46.516417125000004,,,,1,2023-06-15T01:17:30+00:00
SAO_4311-10,São Paulo,3550308,True,,2171,,,-23.6131955,-46.476123,,,,1,2023-06-15T01:17:06+00:00
SAO_4311-10,São Paulo,3550308,True,,2171,,,-23.538725499999998,-46.5680915,,,,1,2023-06-15T01:17:37+00:00
SAO_701A-10,São Paulo,3550308,True,,689,,,-23.48674525,-46.57785475,,,,1,2023-06-15T01:17:04+00:00
SAO_701A-10,São Paulo,3550308,True,,689,,,-23.557296,-46.681111875,,,,1,2023-06-15T01:17:30+00:00
SAO_701A-10,São Paulo,3550308,True,,689,,,-23.547131999999998,-46.6902575,,,,1,2023-06-15T01:17:33+00:00
SAO_701A-10,São Paulo,3550308,True,,689,,,-23.54594225,-46.644734,,,,1,2023-06-15T01:17:32+00:00
SAO_7017-10,São Paulo,3550308,True,,2502,,,-23.675495249999997,-46.755779000000004,,,,1,2023-06-15T01:17:26+00:00
SAO_7017-10,São Paulo,3550308,True,,2502,,,-23.670257,-46.738209499999996,,,,1,2023-06-15T01:17:20+00:00
SAO_7017-10,São Paulo,3550308,True,,2502,,,-23.692575499999997,-46.791239,,,,1,2023-06-15T01:17:08+00:00
SAO_7017-10,São Paulo,3550308,True,,2502,,,-23.681337,-46.78544825,,,,1,2023-06-15T01:17:30+00:00
SAO_7017-10,São Paulo,3550308,True,,2502,,,-23.6931665,-46.791157,,,,1,2023-06-15T01:17:15+00:00
SAO_7017-10,São Paulo,3550308,True,,2502,,,-23.669901,-46.7351965,,,,1,2023-06-15T01:17:04+00:00
SAO_7017-10,São Paulo,3550308,True,,2502,,,-23.67407275,-46.77368725,,,,1,2023-06-15T01:17:23+00:00
SAO_4113-10,São Paulo,3550308,True,,33536,,,-23.5656645,-46.6318205,,,,2,2023-06-15T01:17:41+00:00
SAO_4113-10,São Paulo,3550308,True,,33536,,,-23.6024155,-46.612331,,,,2,2023-06-15T01:17:36+00:00
SAO_4113-10,São Paulo,3550308,True,,33536,,,-23.60146375,-46.613241875,,,,2,2023-06-15T01:17:28+00:00
SAO_4113-10,São Paulo,3550308,True,,33536,,,-23.59947925,-46.60959925,,,,2,2023-06-15T01:17:20+00:00
SAO_4113-10,São Paulo,3550308,True,,33536,,,-23.602308625,-46.610921000000005,,,,2,2023-06-15T01:17:41+00:00
SAO_4113-10,São Paulo,3550308,True,,33536,,,-23.602308625,-46.610921000000005,,,,2,2023-06-15T01:17:32+00:00
SAO_4113-10,São Paulo,3550308,True,,33536,,,-23.5686645,-46.6273985,,,,2,2023-06-15T01:17:10+00:00
SAO_4113-10,São Paulo,3550308,True,,33536,,,-23.597380875,-46.60980225,,,,2,2023-06-15T01:17:18+00:00
SAO_4113-10,São Paulo,3550308,True,,33536,,,-23.565400124999996,-46.632430125,,,,2,2023-06-15T01:17:35+00:00
SAO_4113-10,São Paulo,3550308,True,,33536,,,-23.5694545,-46.62651375,,,,2,2023-06-15T01:17:22+00:00
SAO_6041-21,São Paulo,3550308,True,,1749,,,-23.649161499999998,-46.7391565,,,,1,2023-06-15T01:17:33+00:00
SAO_8677-10,São Paulo,3550308,True,,33211,,,-23.485604,-46.732372,,,,2,2023-06-15T01:17:29+00:00
SAO_8677-10,São Paulo,3550308,True,,33211,,,-23.54028725,-46.64398725,,,,2,2023-06-15T01:17:37+00:00
SAO_8677-10,São Paulo,3550308,True,,33211,,,-23.487239000000002,-46.7323545,,,,2,2023-06-15T01:17:03+00:00
SAO_8677-10,São Paulo,3550308,True,,33211,,,-23.487239000000002,-46.7323545,,,,2,2023-06-15T01:17:06+00:00
SAO_8677-10,São Paulo,3550308,True,,33211,,,-23.487239000000002,-46.7323545,,,,2,2023-06-15T01:17:06+00:00
SAO_8677-10,São Paulo,3550308,True,,33211,,,-23.4904245,-46.7606145,,,,2,2023-06-15T01:17:34+00:00
SAO_8677-10,São Paulo,3550308,True,,33211,,,-23.4824075,-46.756795999999994,,,,2,2023-06-15T01:17:30+00:00
SAO_8677-10,São Paulo,3550308,True,,33211,,,-23.505299,-46.747097499999995,,,,2,2023-06-15T01:17:23+00:00
SAO_8677-10,São Paulo,3550308,True,,33211,,,-23.488332,-46.75866499999999,,,,2,2023-06-15T01:17:03+00:00
SAO_8677-10,São Paulo,3550308,True,,33211,,,-23.538644124999998,-46.646784874999994,,,,2,2023-06-15T01:17:32+00:00
SAO_8677-10,São Paulo,3550308,True,,33211,,,-23.483722999999998,-46.752863500000004,,,,2,2023-06-15T01:17:34+00:00
SAO_746R-10,São Paulo,3550308,True,,790,,,-23.6105695,-46.703619,,,,1,2023-06-15T01:17:38+00:00
SAO_746R-10,São Paulo,3550308,True,,790,,,-23.6491985,-46.727306,,,,1,2023-06-15T01:17:26+00:00
SAO_2727-10,São Paulo,3550308,True,,942,,,-23.539938499999998,-46.482815,,,,1,2023-06-15T01:17:35+00:00
SAO_2727-10,São Paulo,3550308,True,,942,,,-23.540153,-46.483096,,,,1,2023-06-15T01:17:40+00:00
SAO_2727-10,São Paulo,3550308,True,,942,,,-23.540153,-46.483096,,,,1,2023-06-15T01:17:33+00:00
SAO_2727-10,São Paulo,3550308,True,,942,,,-23.5364445,-46.469063,,,,1,2023-06-15T01:17:22+00:00
SAO_2727-10,São Paulo,3550308,True,,942,,,-23.52415275,-46.461254,,,,1,2023-06-15T01:17:12+00:00
SAO_2727-10,São Paulo,3550308,True,,942,,,-23.529253625000003,-46.465978750000005,,,,1,2023-06-15T01:17:37+00:00
SAO_2727-10,São Paulo,3550308,True,,942,,,-23.525759,-46.463285,,,,1,2023-06-15T01:17:15+00:00
SAO_2727-10,São Paulo,3550308,True,,942,,,-23.5282305,-46.46015175,,,,1,2023-06-15T01:17:09+00:00
SAO_647P-10,São Paulo,3550308,True,,1316,,,-23.565287249999997,-46.69664375000001,,,,1,2023-06-15T01:17:33+00:00
SAO_647P-10,São Paulo,3550308,True,,1316,,,-23.5850935,-46.682998,,,,1,2023-06-15T01:16:59+00:00
SAO_647P-10,São Paulo,3550308,True,,1316,,,-23.62803225,-46.73590874999999,,,,1,2023-06-15T01:17:21+00:00
SAO_647P-10,São Paulo,3550308,True,,1316,,,-23.661903000000002,-46.7520235,,,,1,2023-06-15T01:17:41+00:00
SAO_647P-10,São Paulo,3550308,True,,1316,,,-23.565859,-46.7013775,,,,1,2023-06-15T01:17:26+00:00
SAO_647P-10,São Paulo,3550308,True,,1316,,,-23.603157250000002,-46.71284575,,,,1,2023-06-15T01:17:07+00:00
SAO_647P-10,São Paulo,3550308,True,,1316,,,-23.611121750000002,-46.72770800000001,,,,1,2023-06-15T01:17:35+00:00
SAO_647P-10,São Paulo,3550308,True,,1316,,,-23.5656375,-46.694454,,,,1,2023-06-15T01:17:25+00:00
SAO_647P-10,São Paulo,3550308,True,,1316,,,-23.565214249999997,-46.7010625,,,,1,2023-06-15T01:17:23+00:00
SAO_647P-10,São Paulo,3550308,True,,1316,,,-23.668265749999996,-46.775140750000006,,,,1,2023-06-15T01:17:18+00:00
SAO_647P-10,São Paulo,3550308,True,,1316,,,-23.675376999999997,-46.7844185,,,,1,2023-06-15T01:16:56+00:00
SAO_6039-10,São Paulo,3550308,True,,1217,,,-23.675387999999998,-46.788501499999995,,,,1,2023-06-15T01:17:31+00:00
SAO_6039-10,São Paulo,3550308,True,,1217,,,-23.64471425,-46.726479,,,,1,2023-06-15T01:17:16+00:00
SAO_6039-10,São Paulo,3550308,True,,1217,,,-23.644886,-46.71169475,,,,1,2023-06-15T01:17:26+00:00
SAO_6039-10,São Paulo,3550308,True,,1217,,,-23.659836,-46.7703075,,,,1,2023-06-15T01:17:34+00:00
SAO_6039-10,São Paulo,3550308,True,,1217,,,-23.685302999999998,-46.8002495,,,,1,2023-06-15T01:17:41+00:00
SAO_9015-10,São Paulo,3550308,True,,34037,,,-23.486025249999997,-46.711288749999994,,,,2,2023-06-15T01:17:27+00:00
SAO_9015-10,São Paulo,3550308,True,,34037,,,-23.487232249999998,-46.712256,,,,2,2023-06-15T01:16:55+00:00
SAO_9015-10,São Paulo,3550308,True,,34037,,,-23.480457,-46.7131015,,,,2,2023-06-15T01:17:08+00:00
SAO_9015-10,São Paulo,3550308,True,,34037,,,-23.4697465,-46.71376,,,,2,2023-06-15T01:16:56+00:00
SAO_2202-10,São Paulo,3550308,True,Urubupungá,910,https://moovitapp.com/index/pt-br/transporte_p%C3%BAblico-line-910-Sao_Paulo-242-873835-496471-0,4.6,-23.4903885,-46.386106999999996,,,,1,2023-06-15T01:17:28+00:00
SAO_2202-10,São Paulo,3550308,True,Urubupungá,910,https://moovitapp.com/index/pt-br/transporte_p%C3%BAblico-line-910-Sao_Paulo-242-873835-496471-0,4.6,-23.4976325,-46.395881,,,,1,2023-06-15T01:17:25+00:00
SAO_2202-10,São Paulo,3550308,True,Urubupungá,910,https://moovitapp.com/index/pt-br/transporte_p%C3%BAblico-line-910-Sao_Paulo-242-873835-496471-0,4.6,-23.4944085,-46.390192,,,,1,2023-06-15T01:16:55+00:00
SAO_2202-10,São Paulo,3550308,True,Urubupungá,910,https://moovitapp.com/index/pt-br/transporte_p%C3%BAblico-line-910-Sao_Paulo-242-873835-496471-0,4.6,-23.541795,-46.415766,,,,1,2023-06-15T01:17:04+00:00
SAO_2202-10,São Paulo,3550308,True,Urubupungá,910,https://moovitapp.com/index/pt-br/transporte_p%C3%BAblico-line-910-Sao_Paulo-242-873835-496471-0,4.6,-23.542219000000003,-46.414599,,,,1,2023-06-15T01:17:08+00:00
SAO_2202-10,São Paulo,3550308,True,Urubupungá,910,https://moovitapp.com/index/pt-br/transporte_p%C3%BAblico-line-910-Sao_Paulo-242-873835-496471-0,4.6,-23.5133555,-46.40245825,,,,1,2023-06-15T01:17:18+00:00
SAO_2202-10,São Paulo,3550308,True,Urubupungá,910,https://moovitapp.com/index/pt-br/transporte_p%C3%BAblico-line-910-Sao_Paulo-242-873835-496471-0,4.6,-23.5344805,-46.4000855,,,,1,2023-06-15T01:17:31+00:00
SAO_2202-10,São Paulo,3550308,True,Urubupungá,910,https://moovitapp.com/index/pt-br/transporte_p%C3%BAblico-line-910-Sao_Paulo-242-873835-496471-0,4.6,-23.5296835,-46.396757,,,,1,2023-06-15T01:17:02+00:00
SAO_2202-10,São Paulo,3550308,True,Urubupungá,910,https://moovitapp.com/index/pt-br/transporte_p%C3%BAblico-line-910-Sao_Paulo-242-873835-496471-0,4.6,-23.5420445,-46.415096500000004,,,,1,2023-06-15T01:16:49+00:00
SAO_2202-10,São Paulo,3550308,True,Urubupungá,910,https://moovitapp.com/index/pt-br/transporte_p%C3%BAblico-line-910-Sao_Paulo-242-873835-496471-0,4.6,-23.503116499999997,-46.4049215,,,,1,2023-06-15T01:17:05+00:00
SAO_2202-10,São Paulo,3550308,True,Urubupungá,910,https://moovitapp.com/index/pt-br/transporte_p%C3%BAblico-line-910-Sao_Paulo-242-873835-496471-0,4.6,-23.495372,-46.404897500000004,,,,1,2023-06-15T01:17:00+00:00
SAO_2202-10,São Paulo,3550308,True,Urubupungá,910,https://moovitapp.com/index/pt-br/transporte_p%C3%BAblico-line-910-Sao_Paulo-242-873835-496471-0,4.6,-23.5416465,-46.416104000000004,,,,1,2023-06-15T01:15:00+00:00
SAO_2202-10,São Paulo,3550308,True,Urubupungá,910,https://moovitapp.com/index/pt-br/transporte_p%C3%BAblico-line-910-Sao_Paulo-242-873835-496471-0,4.6,-23.542704,-46.413382,,,,1,2023-06-15T01:17:23+00:00
SAO_2202-10,São Paulo,3550308,True,Urubupungá,910,https://moovitapp.com/index/pt-br/transporte_p%C3%BAblico-line-910-Sao_Paulo-242-873835-496471-0,4.6,-23.541898500000002,-46.4154965,,,,1,2023-06-15T01:16:11+00:00
SAO_746H-10,São Paulo,3550308,True,STT,785,https://moovitapp.com/index/pt-br/transporte_p%C3%BAblico-line-785-Sao_Paulo-242-850661-183353-0,5.3,-23.59578475,-46.746834625,,,,1,2023-06-15T01:16:53+00:00
SAO_746H-10,São Paulo,3550308,True,STT,785,https://moovitapp.com/index/pt-br/transporte_p%C3%BAblico-line-785-Sao_Paulo-242-850661-183353-0,5.3,-23.60904825,-46.726342,,,,1,2023-06-15T01:17:29+00:00
SAO_746H-10,São Paulo,3550308,True,STT,785,https://moovitapp.com/index/pt-br/transporte_p%C3%BAblico-line-785-Sao_Paulo-242-850661-183353-0,5.3,-23.640761375,-46.71703425,,,,1,2023-06-15T01:17:33+00:00
SAO_746H-10,São Paulo,3550308,True,STT,785,https://moovitapp.com/index/pt-br/transporte_p%C3%BAblico-line-785-Sao_Paulo-242-850661-183353-0,5.3,-23.6293565,-46.7362355,,,,1,2023-06-15T01:17:25+00:00
SAO_746H-10,São Paulo,3550308,True,STT,785,https://moovitapp.com/index/pt-br/transporte_p%C3%BAblico-line-785-Sao_Paulo-242-850661-183353-0,5.3,-23.598654500000002,-46.72051999999999,,,,1,2023-06-15T01:16:34+00:00
SAO_746H-10,São Paulo,3550308,True,STT,785,https://moovitapp.com/index/pt-br/transporte_p%C3%BAblico-line-785-Sao_Paulo-242-850661-183353-0,5.3,-23.6493255,-46.7064985,,,,1,2023-06-15T01:17:04+00:00
SAO_746H-10,São Paulo,3550308,True,STT,785,https://moovitapp.com/index/pt-br/transporte_p%C3%BAblico-line-785-Sao_Paulo-242-850661-183353-0,5.3,-23.6293565,-46.7362355,,,,1,2023-06-15T01:17:01+00:00
SAO_746H-10,São Paulo,3550308,True,STT,785,https://moovitapp.com/index/pt-br/transporte_p%C3%BAblico-line-785-Sao_Paulo-242-850661-183353-0,5.3,-23.604368,-46.725131,,,,1,2023-06-15T01:17:10+00:00
SAO_746H-10,São Paulo,3550308,True,STT,785,https://moovitapp.com/index/pt-br/transporte_p%C3%BAblico-line-785-Sao_Paulo-242-850661-183353-0,5.3,-23.643456999999998,-46.7356385,,,,1,2023-06-15T01:16:55+00:00
SAO_746H-10,São Paulo,3550308,True,STT,785,https://moovitapp.com/index/pt-br/transporte_p%C3%BAblico-line-785-Sao_Paulo-242-850661-183353-0,5.3,-23.5909415,-46.737688,,,,1,2023-06-15T01:17:33+00:00
SAO_6008-41,São Paulo,3550308,True,,34304,,,-23.6901525,-46.774198999999996,,,,2,2023-06-15T01:17:41+00:00
SAO_938V-10,São Paulo,3550308,True,,33581,,,-23.4499285,-46.6870075,,,,2,2023-06-15T01:17:18+00:00
SAO_938V-10,São Paulo,3550308,True,,33581,,,-23.452688,-46.6852305,,,,2,2023-06-15T01:17:29+00:00
SAO_938V-10,São Paulo,3550308,True,,33581,,,-23.497198750000003,-46.697934,,,,2,2023-06-15T01:17:38+00:00
SAO_938V-10,São Paulo,3550308,True,,33581,,,-23.5095,-46.6897155,,,,2,2023-06-15T01:17:30+00:00
SAO_938V-10,São Paulo,3550308,True,,33581,,,-23.52722,-46.6812985,,,,2,2023-06-15T01:17:29+00:00
SAO_938V-10,São Paulo,3550308,True,,33581,,,-23.4527645,-46.6849925,,,,2,2023-06-15T01:17:09+00:00
SAO_938V-10,São Paulo,3550308,True,,33581,,,-23.452688,-46.6852305,,,,2,2023-06-15T01:17:12+00:00
SAO_938V-10,São Paulo,3550308,True,,33581,,,-23.515318,-46.6971335,,,,2,2023-06-15T01:17:06+00:00
SAO_938V-10,São Paulo,3550308,True,,33581,,,-23.498972000000002,-46.696377749999996,,,,2,2023-06-15T01:17:11+00:00
SAO_938V-10,São Paulo,3550308,True,,33581,,,-23.525404,-46.682494000000005,,,,2,2023-06-15T01:17:30+00:00
SAO_938V-10,São Paulo,3550308,True,,33581,,,-23.4805925,-46.6820995,,,,2,2023-06-15T01:17:22+00:00
SAO_938V-10,São Paulo,3550308,True,,33581,,,-23.515963,-46.698021,,,,2,2023-06-15T01:17:19+00:00
SAO_938V-10,São Paulo,3550308,True,,33581,,,-23.5120335,-46.6902695,,,,2,2023-06-15T01:17:10+00:00
SAO_938V-10,São Paulo,3550308,True,,33581,,,-23.488384250000003,-46.69350525,,,,2,2023-06-15T01:17:26+00:00
SAO_5110-10,São Paulo,3550308,True,,34977,,,-23.6135545,-46.476344499999996,,,,2,2023-06-15T01:16:59+00:00
SAO_5110-10,São Paulo,3550308,True,,34977,,,-23.6141145,-46.476496999999995,,,,2,2023-06-15T01:17:17+00:00
SAO_5110-10,São Paulo,3550308,True,,34977,,,-23.612465999999998,-46.4774605,,,,2,2023-06-15T01:17:00+00:00
SAO_5110-10,São Paulo,3550308,True,,34977,,,-23.602649,-46.5181625,,,,2,2023-06-15T01:16:55+00:00
SAO_5110-10,São Paulo,3550308,True,,34977,,,-23.58297475,-46.5681515,,,,2,2023-06-15T01:17:28+00:00
SAO_5110-10,São Paulo,3550308,True,,34977,,,-23.585113,-46.582381,,,,2,2023-06-15T01:17:18+00:00
SAO_5110-10,São Paulo,3550308,True,,34977,,,-23.549823500000002,-46.6273335,,,,2,2023-06-15T01:14:07+00:00
SAO_5110-10,São Paulo,3550308,True,,34977,,,-23.606329000000002,-46.507915,,,,2,2023-06-15T01:16:46+00:00
SAO_5110-10,São Paulo,3550308,True,,34977,,,-23.582553,-46.563639249999994,,,,2,2023-06-15T01:17:07+00:00
SAO_5110-10,São Paulo,3550308,True,,34977,,,-23.612947,-46.476177500000006,,,,2,2023-06-15T01:17:29+00:00
SAO_5110-10,São Paulo,3550308,True,,34977,,,-23.6050985,-46.50879825,,,,2,2023-06-15T01:16:10+00:00
SAO_5110-10,São Paulo,3550308,True,,34977,,,-23.6142295,-46.503281,,,,2,2023-06-15T01:14:32+00:00
SAO_5110-10,São Paulo,3550308,True,,34977,,,-23.6128915,-46.4908875,,,,2,2023-06-15T01:16:56+00:00
SAO_5110-10,São Paulo,3550308,True,,34977,,,-23.583302,-46.574507,,,,2,2023-06-15T01:17:08+00:00
SAO_5110-10,São Paulo,3550308,True,,34977,,,-23.5883605,-46.594663999999995,,,,2,2023-06-15T01:17:30+00:00
SAO_5110-10,São Paulo,3550308,True,,34977,,,-23.5640605,-46.611354500000004,,,,2,2023-06-15T01:17:30+00:00
SAO_5110-10,São Paulo,3550308,True,,34977,,,-23.5472265,-46.6288135,,,,2,2023-06-15T01:17:22+00:00
SAO_5110-10,São Paulo,3550308,True,,34977,,,-23.6137635,-46.4764045,,,,2,2023-06-15T01:17:03+00:00
SAO_5110-10,São Paulo,3550308,True,,34977,,,-23.613985,-46.4764645,,,,2,2023-06-15T01:16:56+00:00
SAO_5013-31,São Paulo,3550308,True,,2236,,,-23.667644,-46.673683499999996,,,,1,2023-06-15T01:16:34+00:00
SAO_5013-31,São Paulo,3550308,True,,2236,,,-23.680918874999996,-46.632875125,,,,1,2023-06-15T01:16:41+00:00
SAO_5013-31,São Paulo,3550308,True,,2236,,,-23.655624125,-46.70114075,,,,1,2023-06-15T01:17:16+00:00
SAO_1020-10,São Paulo,3550308,True,,2497,,,-23.404792,-46.75062,,,,1,2023-06-15T01:17:15+00:00
SAO_1020-10,São Paulo,3550308,True,,2497,,,-23.406387000000002,-46.7635005,,,,1,2023-06-15T01:17:12+00:00
SAO_1020-10,São Paulo,3550308,True,,2497,,,-23.487985000000002,-46.719577,,,,1,2023-06-15T01:17:30+00:00
SAO_1020-10,São Paulo,3550308,True,,2497,,,-23.481085,-46.724149,,,,1,2023-06-15T01:17:27+00:00
SAO_178A-10,São Paulo,3550308,True,,33326,,,-23.502214000000002,-46.6235875,,,,2,2023-06-15T01:16:58+00:00
SAO_178A-10,São Paulo,3550308,True,,33326,,,-23.50618125,-46.62474375000001,,,,2,2023-06-15T01:17:31+00:00
SAO_178A-10,São Paulo,3550308,True,,33326,,,-23.529593249999998,-46.631542625,,,,2,2023-06-15T01:15:38+00:00
SAO_178A-10,São Paulo,3550308,True,,33326,,,-23.519709499999998,-46.70518975,,,,2,2023-06-15T01:17:31+00:00
SAO_178A-10,São Paulo,3550308,True,,33326,,,-23.526964375,-46.649703875,,,,2,2023-06-15T01:17:24+00:00
SAO_178A-10,São Paulo,3550308,True,,33326,,,-23.5285145,-46.631174,,,,2,2023-06-15T01:15:21+00:00
SAO_5175-10,São Paulo,3550308,True,,33361,,,-23.60432375,-46.65171425,,,,2,2023-06-15T01:17:35+00:00
SAO_5175-10,São Paulo,3550308,True,,33361,,,-23.6926985,-46.6452105,,,,2,2023-06-15T01:15:05+00:00
SAO_5175-10,São Paulo,3550308,True,,33361,,,-23.57163975,-46.653099749999996,,,,2,2023-06-15T01:17:15+00:00
SAO_5175-10,São Paulo,3550308,True,,33361,,,-23.5505945,-46.635301,,,,2,2023-06-15T01:17:16+00:00
SAO_5175-10,São Paulo,3550308,True,,33361,,,-23.664019500000002,-46.680459,,,,2,2023-06-15T01:17:08+00:00
SAO_5175-10,São Paulo,3550308,True,,33361,,,-23.5885595,-46.652583,,,,2,2023-06-15T01:17:28+00:00
SAO_5175-10,São Paulo,3550308,True,,33361,,,-23.702181500000002,-46.650177,,,,2,2023-06-15T01:17:12+00:00
SAO_5175-10,São Paulo,3550308,True,,33361,,,-23.5505945,-46.635301,,,,2,2023-06-15T01:17:01+00:00
SAO_5175-10,São Paulo,3550308,True,,33361,,,-23.642147,-46.673009750000006,,,,2,2023-06-15T01:17:40+00:00
SAO_5175-10,São Paulo,3550308,True,,33361,,,-23.678459500000002,-46.657086,,,,2,2023-06-15T01:13:01+00:00
SAO_5175-10,São Paulo,3550308,True,,33361,,,-23.6132595,-46.657935,,,,2,2023-06-15T01:17:21+00:00
SAO_5175-10,São Paulo,3550308,True,,33361,,,-23.561584,-46.6443345,,,,2,2023-06-15T01:17:21+00:00
SAO_5175-10,São Paulo,3550308,True,,33361,,,-23.614042249999997,-46.65866425,,,,2,2023-06-15T01:17:07+00:00
SAO_5175-10,São Paulo,3550308,True,,33361,,,-23.664019500000002,-46.680459,,,,2,2023-06-15T01:17:24+00:00
SAO_5175-10,São Paulo,3550308,True,,33361,,,-23.7013505,-46.650159,,,,2,2023-06-15T01:15:13+00:00
SAO_5175-10,São Paulo,3550308,True,,33361,,,-23.663623,-46.68134525,,,,2,2023-06-15T01:17:19+00:00
SAO_5175-10,São Paulo,3550308,True,,33361,,,-23.5872915,-46.653276,,,,2,2023-06-15T01:17:38+00:00
SAO_5175-10,São Paulo,3550308,True,,33361,,,-23.63902225,-46.67292475,,,,2,2023-06-15T01:17:37+00:00
SAO_5175-10,São Paulo,3550308,True,,33361,,,-23.664165500000003,-46.680182,,,,2,2023-06-15T01:17:00+00:00
SAO_5175-10,São Paulo,3550308,True,,33361,,,-23.702581000000002,-46.6501255,,,,2,2023-06-15T01:17:38+00:00
SAO_5175-10,São Paulo,3550308,True,,33361,,,-23.574786500000002,-46.656538,,,,2,2023-06-15T01:16:56+00:00
SAO_677Y-10,São Paulo,3550308,True,,1240,,,-23.6836685,-46.7890555,,,,1,2023-06-15T01:17:17+00:00
SAO_677Y-10,São Paulo,3550308,True,,1240,,,-23.613852,-46.698305500000004,,,,1,2023-06-15T01:17:27+00:00
SAO_677Y-10,São Paulo,3550308,True,,1240,,,-23.6137345,-46.695820499999996,,,,1,2023-06-15T01:17:36+00:00
SAO_677Y-10,São Paulo,3550308,True,,1240,,,-23.6262285,-46.709826,,,,1,2023-06-15T01:16:58+00:00
SAO_677Y-10,São Paulo,3550308,True,,1240,,,-23.6607035,-46.7779355,,,,1,2023-06-15T01:17:06+00:00
SAO_677Y-10,São Paulo,3550308,True,,1240,,,-23.6514915,-46.757566249999996,,,,1,2023-06-15T01:17:12+00:00
SAO_677Y-10,São Paulo,3550308,True,,1240,,,-23.676274499999998,-46.790270500000005,,,,1,2023-06-15T01:17:37+00:00
SAO_9050-10,São Paulo,3550308,True,,2088,,,-23.5859485,-46.682868,,,,1,2023-06-15T01:17:16+00:00
SAO_9050-10,São Paulo,3550308,True,,2088,,,-23.527487999999998,-46.703462,,,,1,2023-06-15T01:17:24+00:00
SAO_9050-10,São Paulo,3550308,True,,2088,,,-23.585600999999997,-46.683010499999995,,,,1,2023-06-15T01:17:08+00:00
SAO_9050-10,São Paulo,3550308,True,,2088,,,-23.5745605,-46.688671,,,,1,2023-06-15T01:17:35+00:00
SAO_9050-10,São Paulo,3550308,True,,2088,,,-23.552721499999997,-46.698541,,,,1,2023-06-15T01:17:32+00:00
SAO_5759-10,São Paulo,3550308,True,,33906,,,-23.645426,-46.645011499999995,,,,2,2023-06-15T01:15:32+00:00
SAO_5759-10,São Paulo,3550308,True,,33906,,,-23.68056525,-46.654345250000006,,,,2,2023-06-15T01:14:19+00:00
SAO_5759-10,São Paulo,3550308,True,,33906,,,-23.6346865,-46.641058,,,,2,2023-06-15T01:17:33+00:00
SAO_5759-10,São Paulo,3550308,True,,33906,,,-23.6947445,-46.64808025,,,,2,2023-06-15T01:17:31+00:00
SAO_5759-10,São Paulo,3550308,True,,33906,,,-23.660992,-46.663206,,,,2,2023-06-15T01:17:31+00:00
SAO_6016-10,São Paulo,3550308,True,,32852,,,-23.737647000000003,-46.6975635,,,,2,2023-06-15T01:16:26+00:00
SAO_6016-10,São Paulo,3550308,True,,32852,,,-23.7724505,-46.67160975,,,,2,2023-06-15T01:17:15+00:00
SAO_6016-10,São Paulo,3550308,True,,32852,,,-23.7410455,-46.69155675,,,,2,2023-06-15T01:17:18+00:00
SAO_6016-10,São Paulo,3550308,True,,32852,,,-23.7668205,-46.68414,,,,2,2023-06-15T01:17:04+00:00
SAO_6016-10,São Paulo,3550308,True,,32852,,,-23.7724505,-46.67160975,,,,2,2023-06-15T01:17:08+00:00
SAO_8549-10,São Paulo,3550308,True,,33348,,,-23.503647,-46.6938405,,,,2,2023-06-15T01:17:28+00:00
SAO_8549-10,São Paulo,3550308,True,,33348,,,-23.542353,-46.6356995,,,,2,2023-06-15T01:16:57+00:00
SAO_8549-10,São Paulo,3550308,True,,33348,,,-23.4555595,-46.693365,,,,2,2023-06-15T01:17:11+00:00
SAO_8549-10,São Paulo,3550308,True,,33348,,,-23.5318675,-46.660607,,,,2,2023-06-15T01:17:24+00:00
SAO_8549-10,São Paulo,3550308,True,,33348,,,-23.436173500000002,-46.7172835,,,,2,2023-06-15T01:16:57+00:00
SAO_8549-10,São Paulo,3550308,True,,33348,,,-23.4560315,-46.69215199999999,,,,2,2023-06-15T01:17:34+00:00
SAO_8549-10,São Paulo,3550308,True,,33348,,,-23.448099499999998,-46.716244,,,,2,2023-06-15T01:17:33+00:00
SAO_8549-10,São Paulo,3550308,True,,33348,,,-23.507703,-46.6885155,,,,2,2023-06-15T01:17:32+00:00
SAO_8549-10,São Paulo,3550308,True,,33348,,,-23.436301125,-46.716888125,,,,2,2023-06-15T01:17:39+00:00
SAO_8549-10,São Paulo,3550308,True,,33348,,,-23.436301125,-46.716888125,,,,2,2023-06-15T01:17:07+00:00
SAO_8549-10,São Paulo,3550308,True,,33348,,,-23.481829,-46.685006,,,,2,2023-06-15T01:17:23+00:00
SAO_5362-10,São Paulo,3550308,True,,32838,,,-23.7448975,-46.6722405,,,,2,2023-06-15T01:17:37+00:00
SAO_5362-10,São Paulo,3550308,True,,32838,,,-23.7180945,-46.7026025,,,,2,2023-06-15T01:17:23+00:00
SAO_5362-10,São Paulo,3550308,True,,32838,,,-23.7444975,-46.670542499999996,,,,2,2023-06-15T01:17:36+00:00
SAO_5362-10,São Paulo,3550308,True,,32838,,,-23.616825875,-46.674743875,,,,2,2023-06-15T01:17:16+00:00
SAO_5362-10,São Paulo,3550308,True,,32838,,,-23.650723,-46.704518,,,,2,2023-06-15T01:16:56+00:00
SAO_5362-10,São Paulo,3550308,True,,32838,,,-23.65126925,-46.70358575,,,,2,2023-06-15T01:17:37+00:00
SAO_5362-10,São Paulo,3550308,True,,32838,,,-23.65173375,-46.702795,,,,2,2023-06-15T01:17:30+00:00
SAO_5362-10,São Paulo,3550308,True,,32838,,,-23.594432875000003,-46.65365799999999,,,,2,2023-06-15T01:17:17+00:00
SAO_5362-10,São Paulo,3550308,True,,32838,,,-23.591874,-46.6517115,,,,2,2023-06-15T01:17:35+00:00
SAO_5362-10,São Paulo,3550308,True,,32838,,,-23.7335565,-46.696443,,,,2,2023-06-15T01:16:55+00:00
SAO_403A-10,São Paulo,3550308,True,,2192,,,-23.541245250000003,-46.439464625,,,,1,2023-06-15T01:17:05+00:00
SAO_403A-10,São Paulo,3550308,True,,2192,,,-23.53148375,-46.52976975,,,,1,2023-06-15T01:16:56+00:00
SAO_403A-10,São Paulo,3550308,True,,2192,,,-23.550255,-46.497581499999995,,,,1,2023-06-15T01:16:57+00:00
SAO_3735-10,São Paulo,3550308,True,,33803,,,-23.545170499999998,-46.500431500000005,,,,2,2023-06-15T01:17:07+00:00
SAO_3735-10,São Paulo,3550308,True,,33803,,,-23.542734,-46.48439475,,,,2,2023-06-15T01:17:22+00:00
SAO_3735-10,São Paulo,3550308,True,,33803,,,-23.54395425,-46.490114750000004,,,,2,2023-06-15T01:16:58+00:00
SAO_3735-10,São Paulo,3550308,True,,33803,,,-23.548967,-46.494036,,,,2,2023-06-15T01:17:41+00:00
SAO_971D-10,São Paulo,3550308,True,,709,,,-23.511228,-46.625122250000004,,,,1,2023-06-15T01:17:28+00:00
SAO_971D-10,São Paulo,3550308,True,,709,,,-23.447513,-46.696985,,,,1,2023-06-15T01:17:31+00:00
SAO_971D-10,São Paulo,3550308,True,,709,,,-23.486019125,-46.63889225,,,,1,2023-06-15T01:17:17+00:00
SAO_971D-10,São Paulo,3550308,True,,709,,,-23.451418,-46.697481499999995,,,,1,2023-06-15T01:16:55+00:00
SAO_971D-10,São Paulo,3550308,True,,709,,,-23.469845999999997,-46.666391,,,,1,2023-06-15T01:17:06+00:00
SAO_273J-10,São Paulo,3550308,True,STT,389,https://moovitapp.com/index/pt-br/transporte_p%C3%BAblico-line-389-Sao_Paulo-242-850661-183299-0,5.3,-23.503688500000003,-46.456329749999995,,,,1,2023-06-15T01:17:29+00:00
SAO_273J-10,São Paulo,3550308,True,STT,389,https://moovitapp.com/index/pt-br/transporte_p%C3%BAblico-line-389-Sao_Paulo-242-850661-183299-0,5.3,-23.531018500000002,-46.537980250000004,,,,1,2023-06-15T01:17:15+00:00
SAO_273J-10,São Paulo,3550308,True,STT,389,https://moovitapp.com/index/pt-br/transporte_p%C3%BAblico-line-389-Sao_Paulo-242-850661-183299-0,5.3,-23.515239,-46.504303750000005,,,,1,2023-06-15T01:17:07+00:00
SAO_273J-10,São Paulo,3550308,True,STT,389,https://moovitapp.com/index/pt-br/transporte_p%C3%BAblico-line-389-Sao_Paulo-242-850661-183299-0,5.3,-23.51404975,-46.495282,,,,1,2023-06-15T01:16:20+00:00
SAO_273J-10,São Paulo,3550308,True,STT,389,https://moovitapp.com/index/pt-br/transporte_p%C3%BAblico-line-389-Sao_Paulo-242-850661-183299-0,5.3,-23.486706124999998,-46.4211365,,,,1,2023-06-15T01:17:17+00:00
SAO_273J-10,São Paulo,3550308,True,STT,389,https://moovitapp.com/index/pt-br/transporte_p%C3%BAblico-line-389-Sao_Paulo-242-850661-183299-0,5.3,-23.501912,-46.4524355,,,,1,2023-06-15T01:17:04+00:00
SAO_273J-10,São Paulo,3550308,True,STT,389,https://moovitapp.com/index/pt-br/transporte_p%C3%BAblico-line-389-Sao_Paulo-242-850661-183299-0,5.3,-23.515909750000002,-46.46708712499999,,,,1,2023-06-15T01:17:28+00:00
SAO_172N-10,São Paulo,3550308,True,,664,,,-23.542389999999997,-46.5898445,,,,1,2023-06-15T01:16:56+00:00
SAO_172N-10,São Paulo,3550308,True,,664,,,-23.517061125,-46.588775999999996,,,,1,2023-06-15T01:17:22+00:00
SAO_172N-10,São Paulo,3550308,True,,664,,,-23.5422145,-46.589565,,,,1,2023-06-15T01:17:12+00:00
SAO_172N-10,São Paulo,3550308,True,,664,,,-23.514952562500003,-46.597783125,,,,1,2023-06-15T01:16:58+00:00
SAO_4093-10,São Paulo,3550308,True,,2448,,,-23.5830225,-46.4086875,,,,1,2023-06-15T01:17:04+00:00
SAO_4093-10,São Paulo,3550308,True,,2448,,,-23.588952,-46.395677,,,,1,2023-06-15T01:17:21+00:00
SAO_4093-10,São Paulo,3550308,True,,2448,,,-23.588952,-46.395677,,,,1,2023-06-15T01:17:09+00:00
SAO_4093-10,São Paulo,3550308,True,,2448,,,-23.588952,-46.395677,,,,1,2023-06-15T01:16:58+00:00
SAO_4093-10,São Paulo,3550308,True,,2448,,,-23.596011500000003,-46.400578,,,,1,2023-06-15T01:14:29+00:00
SAO_4093-10,São Paulo,3550308,True,,2448,,,-23.590147875,-46.398539625,,,,1,2023-06-15T01:15:48+00:00
SAO_9014-10,São Paulo,3550308,True,,34193,,,-23.481793,-46.701432499999996,,,,2,2023-06-15T01:17:13+00:00
SAO_9014-10,São Paulo,3550308,True,,34193,,,-23.520004,-46.701091500000004,,,,2,2023-06-15T01:17:07+00:00
SAO_9014-10,São Paulo,3550308,True,,34193,,,-23.4887345,-46.697461,,,,2,2023-06-15T01:17:03+00:00
SAO_9014-10,São Paulo,3550308,True,,34193,,,-23.50161425,-46.68802025,,,,2,2023-06-15T01:17:02+00:00
SAO_9014-10,São Paulo,3550308,True,,34193,,,-23.502781249999998,-46.685883000000004,,,,2,2023-06-15T01:16:56+00:00
SAO_6120-10,São Paulo,3550308,True,,1189,,,-23.73484475,-46.695252249999996,,,,1,2023-06-15T01:17:20+00:00
SAO_6120-10,São Paulo,3550308,True,,1189,,,-23.7433635,-46.6916115,,,,1,2023-06-15T01:17:40+00:00
SAO_6120-10,São Paulo,3550308,True,,1189,,,-23.736897499999998,-46.69694,,,,1,2023-06-15T01:16:51+00:00
SAO_6120-10,São Paulo,3550308,True,,1189,,,-23.736617,-46.696708,,,,1,2023-06-15T01:17:38+00:00
SAO_6035-21,São Paulo,3550308,True,,1795,,,-23.726661999999997,-46.760748,,,,1,2023-06-15T01:17:18+00:00
SAO_6035-21,São Paulo,3550308,True,,1795,,,-23.716393500000002,-46.767261500000004,,,,1,2023-06-15T01:17:29+00:00
SAO_6035-21,São Paulo,3550308,True,,1795,,,-23.689616,-46.75904,,,,1,2023-06-15T01:17:17+00:00
SAO_4011-10,São Paulo,3550308,True,,34952,,,-23.6224175,-46.414038500000004,,,,2,2023-06-15T01:17:00+00:00
SAO_4011-10,São Paulo,3550308,True,,34952,,,-23.599667,-46.4694265,,,,2,2023-06-15T01:17:13+00:00
SAO_4011-10,São Paulo,3550308,True,,34952,,,-23.602113000000003,-46.431226875,,,,2,2023-06-15T01:17:16+00:00
SAO_4011-10,São Paulo,3550308,True,,34952,,,-23.595407124999998,-46.439041125,,,,2,2023-06-15T01:17:09+00:00
SAO_4011-10,São Paulo,3550308,True,,34952,,,-23.596176375,-46.454201499999996,,,,2,2023-06-15T01:15:11+00:00
SAO_4011-10,São Paulo,3550308,True,,34952,,,-23.594886,-46.449557500000004,,,,2,2023-06-15T01:17:33+00:00
SAO_4011-10,São Paulo,3550308,True,,34952,,,-23.598684249999998,-46.4338305,,,,2,2023-06-15T01:17:04+00:00
SAO_2016-10,São Paulo,3550308,True,,902,,,-23.494884624999997,-46.41193787499999,,,,1,2023-06-15T01:17:04+00:00
SAO_2016-10,São Paulo,3550308,True,,902,,,-23.49629925,-46.392557999999994,,,,1,2023-06-15T01:17:26+00:00
SAO_209P-10,São Paulo,3550308,True,,34984,,,-23.518918375,-46.675976000000006,,,,2,2023-06-15T01:16:43+00:00
SAO_209P-10,São Paulo,3550308,True,,34984,,,-23.516328625,-46.685307625,,,,2,2023-06-15T01:17:40+00:00
SAO_209P-10,São Paulo,3550308,True,,34984,,,-23.509054999999996,-46.689615374999995,,,,2,2023-06-15T01:17:09+00:00
SAO_209P-10,São Paulo,3550308,True,,34984,,,-23.52287925,-46.669068,,,,2,2023-06-15T01:15:40+00:00
SAO_209P-10,São Paulo,3550308,True,,34984,,,-23.5662845,-46.692065750000005,,,,2,2023-06-15T01:17:25+00:00
SAO_209P-10,São Paulo,3550308,True,,34984,,,-23.481902249999997,-46.67546025,,,,2,2023-06-15T01:16:20+00:00
SAO_209P-10,São Paulo,3550308,True,,34984,,,-23.4805165,-46.673632,,,,2,2023-06-15T01:17:26+00:00
SAO_209P-10,São Paulo,3550308,True,,34984,,,-23.472988,-46.670319000000006,,,,2,2023-06-15T01:17:25+00:00
SAO_209P-10,São Paulo,3550308,True,,34984,,,-23.53092875,-46.677090750000005,,,,2,2023-06-15T01:17:31+00:00
SAO_209P-10,São Paulo,3550308,True,,34984,,,-23.515244000000003,-46.68955475,,,,2,2023-06-15T01:17:28+00:00
SAO_737A-10,São Paulo,3550308,True,,1730,,,-23.6541015,-46.7120065,,,,1,2023-06-15T01:17:30+00:00
SAO_737A-10,São Paulo,3550308,True,,1730,,,-23.6858575,-46.7702995,,,,1,2023-06-15T01:15:04+00:00
SAO_737A-10,São Paulo,3550308,True,,1730,,,-23.6857005,-46.7702335,,,,1,2023-06-15T01:13:12+00:00
SAO_737A-10,São Paulo,3550308,True,,1730,,,-23.666804875000004,-46.7222095,,,,1,2023-06-15T01:17:36+00:00
SAO_2722-10,São Paulo,3550308,True,,33703,,,-23.512731,-46.503159999999994,,,,2,2023-06-15T01:16:53+00:00
SAO_2722-10,São Paulo,3550308,True,,33703,,,-23.4928125,-46.503521500000005,,,,2,2023-06-15T01:15:22+00:00
SAO_2722-10,São Paulo,3550308,True,,33703,,,-23.52382025,-46.512840999999995,,,,2,2023-06-15T01:17:02+00:00
SAO_2722-10,São Paulo,3550308,True,,33703,,,-23.4928125,-46.503521500000005,,,,2,2023-06-15T01:17:19+00:00
SAO_2722-10,São Paulo,3550308,True,,33703,,,-23.52856,-46.5161185,,,,2,2023-06-15T01:17:01+00:00
SAO_2722-10,São Paulo,3550308,True,,33703,,,-23.4994855,-46.494345499999994,,,,2,2023-06-15T01:15:20+00:00
SAO_273V-10,São Paulo,3550308,True,,32999,,,-23.521850999999998,-46.4244515,,,,2,2023-06-15T01:17:40+00:00
SAO_273V-10,São Paulo,3550308,True,,32999,,,-23.530189,-46.529557875,,,,2,2023-06-15T01:17:07+00:00
SAO_273V-10,São Paulo,3550308,True,,32999,,,-23.523190999999997,-46.427895500000005,,,,2,2023-06-15T01:16:54+00:00
SAO_4716-10,São Paulo,3550308,True,,1106,,,-23.611842000000003,-46.621995999999996,,,,1,2023-06-15T01:17:03+00:00
SAO_4716-10,São Paulo,3550308,True,,1106,,,-23.61218875,-46.62194675,,,,1,2023-06-15T01:17:31+00:00
SAO_4716-10,São Paulo,3550308,True,,1106,,,-23.6045165,-46.60786,,,,1,2023-06-15T01:17:03+00:00
SAO_4716-10,São Paulo,3550308,True,,1106,,,-23.604621,-46.625132,,,,1,2023-06-15T01:16:57+00:00
SAO_4716-10,São Paulo,3550308,True,,1106,,,-23.617160249999998,-46.617979500000004,,,,1,2023-06-15T01:17:21+00:00
SAO_4716-10,São Paulo,3550308,True,,1106,,,-23.616221,-46.610636,,,,1,2023-06-15T01:17:21+00:00
SAO_4716-10,São Paulo,3550308,True,,1106,,,-23.603506000000003,-46.602009499999994,,,,1,2023-06-15T01:16:59+00:00
SAO_6110-10,São Paulo,3550308,True,,33952,,,-23.757312,-46.7053825,,,,2,2023-06-15T01:17:14+00:00
SAO_6110-10,São Paulo,3550308,True,,33952,,,-23.757789250000002,-46.70678425,,,,2,2023-06-15T01:17:24+00:00
SAO_6110-10,São Paulo,3550308,True,,33952,,,-23.7570805,-46.705787,,,,2,2023-06-15T01:17:00+00:00
SAO_6110-10,São Paulo,3550308,True,,33952,,,-23.637447625,-46.67142925,,,,2,2023-06-15T01:16:57+00:00
SAO_6110-10,São Paulo,3550308,True,,33952,,,-23.741073,-46.707885000000005,,,,2,2023-06-15T01:17:26+00:00
SAO_6110-10,São Paulo,3550308,True,,33952,,,-23.675214499999996,-46.67882875,,,,2,2023-06-15T01:17:23+00:00
SAO_6110-10,São Paulo,3550308,True,,33952,,,-23.641748999999997,-46.67322725,,,,2,2023-06-15T01:17:20+00:00
SAO_6110-10,São Paulo,3550308,True,,33952,,,-23.709693,-46.69967,,,,2,2023-06-15T01:17:13+00:00
SAO_6110-10,São Paulo,3550308,True,,33952,,,-23.731271,-46.7164145,,,,2,2023-06-15T01:17:39+00:00
SAO_6110-10,São Paulo,3550308,True,,33952,,,-23.65186225,-46.678931750000004,,,,2,2023-06-15T01:17:23+00:00
SAO_6110-10,São Paulo,3550308,True,,33952,,,-23.701327749999997,-46.70153175,,,,2,2023-06-15T01:17:19+00:00
SAO_4006-10,São Paulo,3550308,True,,2180,,,-23.596856,-46.436479,,,,1,2023-06-15T01:17:10+00:00
SAO_4006-10,São Paulo,3550308,True,,2180,,,-23.605051875,-46.437833875,,,,1,2023-06-15T01:17:21+00:00
SAO_4006-10,São Paulo,3550308,True,,2180,,,-23.596856,-46.436479,,,,1,2023-06-15T01:17:21+00:00
SAO_4006-10,São Paulo,3550308,True,,2180,,,-23.596856,-46.436479,,,,1,2023-06-15T01:17:26+00:00
SAO_148P-10,São Paulo,3550308,True,,33302,,,-23.5118305,-46.653274999999994,,,,2,2023-06-15T01:17:40+00:00
SAO_148P-10,São Paulo,3550308,True,,33302,,,-23.46421,-46.65332975,,,,2,2023-06-15T01:17:27+00:00
SAO_148P-10,São Paulo,3550308,True,,33302,,,-23.4580645,-46.6433105,,,,2,2023-06-15T01:17:06+00:00
SAO_148P-10,São Paulo,3550308,True,,33302,,,-23.46421,-46.65332975,,,,2,2023-06-15T01:17:33+00:00
SAO_148P-10,São Paulo,3550308,True,,33302,,,-23.461689,-46.65046425,,,,2,2023-06-15T01:16:58+00:00
SAO_148P-10,São Paulo,3550308,True,,33302,,,-23.4744175,-46.666683,,,,2,2023-06-15T01:17:03+00:00
SAO_148P-10,São Paulo,3550308,True,,33302,,,-23.514661500000003,-46.65359975,,,,2,2023-06-15T01:17:11+00:00
SAO_148P-10,São Paulo,3550308,True,,33302,,,-23.5271725,-46.6636845,,,,2,2023-06-15T01:17:17+00:00
SAO_148P-10,São Paulo,3550308,True,,33302,,,-23.470221,-46.653708,,,,2,2023-06-15T01:17:37+00:00
SAO_148P-10,São Paulo,3550308,True,,33302,,,-23.458094,-46.642975500000006,,,,2,2023-06-15T01:16:58+00:00
SAO_148P-10,São Paulo,3550308,True,,33302,,,-23.4701875,-46.653816500000005,,,,2,2023-06-15T01:17:31+00:00
SAO_148P-10,São Paulo,3550308,True,,33302,,,-23.5096895,-46.6545875,,,,2,2023-06-15T01:17:01+00:00
SAO_148P-10,São Paulo,3550308,True,,33302,,,-23.458014499999997,-46.642661000000004,,,,2,2023-06-15T01:17:36+00:00
SAO_2755-10,São Paulo,3550308,True,,33001,,,-23.539911,-46.394,,,,2,2023-06-15T01:17:38+00:00
SAO_2755-10,São Paulo,3550308,True,,33001,,,-23.515449,-46.4605195,,,,2,2023-06-15T01:17:11+00:00
SAO_2755-10,São Paulo,3550308,True,,33001,,,-23.5137505,-46.446309375,,,,2,2023-06-15T01:17:21+00:00
SAO_2755-10,São Paulo,3550308,True,,33001,,,-23.53185225,-46.548420500000006,,,,2,2023-06-15T01:17:16+00:00
SAO_2755-10,São Paulo,3550308,True,,33001,,,-23.515603249999998,-46.43426875,,,,2,2023-06-15T01:14:38+00:00
SAO_2755-10,São Paulo,3550308,True,,33001,,,-23.52161625,-46.527673,,,,2,2023-06-15T01:17:19+00:00
SAO_3738-10,São Paulo,3550308,True,,33806,,,-23.5629515,-46.3946025,,,,2,2023-06-15T01:17:16+00:00
SAO_3738-10,São Paulo,3550308,True,,33806,,,-23.564069,-46.395373500000005,,,,2,2023-06-15T01:17:40+00:00
SAO_3738-10,São Paulo,3550308,True,,33806,,,-23.5629515,-46.3946025,,,,2,2023-06-15T01:17:38+00:00
SAO_3738-10,São Paulo,3550308,True,,33806,,,-23.5628445,-46.3949135,,,,2,2023-06-15T01:17:24+00:00
SAO_3738-10,São Paulo,3550308,True,,33806,,,-23.5628445,-46.3949135,,,,2,2023-06-15T01:17:28+00:00
SAO_3738-10,São Paulo,3550308,True,,33806,,,-23.5629515,-46.3946025,,,,2,2023-06-15T01:17:13+00:00
SAO_3738-10,São Paulo,3550308,True,,33806,,,-23.5406595,-46.451032,,,,2,2023-06-15T01:17:27+00:00
SAO_3738-10,São Paulo,3550308,True,,33806,,,-23.555452000000002,-46.423545000000004,,,,2,2023-06-15T01:17:19+00:00
SAO_3738-10,São Paulo,3550308,True,,33806,,,-23.551814999999998,-46.440454,,,,2,2023-06-15T01:17:31+00:00
SAO_3738-10,São Paulo,3550308,True,,33806,,,-23.5665205,-46.416188000000005,,,,2,2023-06-15T01:17:14+00:00
SAO_3738-10,São Paulo,3550308,True,,33806,,,-23.543512999999997,-46.4644215,,,,2,2023-06-15T01:17:19+00:00
SAO_857R-10,São Paulo,3550308,True,,34660,,,-23.592976,-46.734052500000004,,,,2,2023-06-15T01:17:18+00:00
SAO_857R-10,São Paulo,3550308,True,,34660,,,-23.55769425,-46.6674515,,,,2,2023-06-15T01:17:17+00:00
SAO_857R-10,São Paulo,3550308,True,,34660,,,-23.5692045,-46.687413500000005,,,,2,2023-06-15T01:17:39+00:00
SAO_857R-10,São Paulo,3550308,True,,34660,,,-23.6312955,-46.773033999999996,,,,2,2023-06-15T01:17:29+00:00
SAO_857R-10,São Paulo,3550308,True,,34660,,,-23.6126525,-46.754761,,,,2,2023-06-15T01:17:07+00:00
SAO_857R-10,São Paulo,3550308,True,,34660,,,-23.577937,-46.6401535,,,,2,2023-06-15T01:17:29+00:00
SAO_857R-10,São Paulo,3550308,True,,34660,,,-23.57014975,-46.645631,,,,2,2023-06-15T01:17:38+00:00
SAO_857R-10,São Paulo,3550308,True,,34660,,,-23.6313825,-46.77286,,,,2,2023-06-15T01:17:28+00:00
SAO_857R-10,São Paulo,3550308,True,,34660,,,-23.631153500000003,-46.7733425,,,,2,2023-06-15T01:17:35+00:00
SAO_857R-10,São Paulo,3550308,True,,34660,,,-23.56761925,-46.684419000000005,,,,2,2023-06-15T01:17:39+00:00
SAO_857R-10,São Paulo,3550308,True,,34660,,,-23.631508,-46.7726,,,,2,2023-06-15T01:17:26+00:00
SAO_857R-10,São Paulo,3550308,True,,34660,,,-23.58077,-46.711467,,,,2,2023-06-15T01:17:13+00:00
SAO_407N-10,São Paulo,3550308,True,,2169,,,-23.537608,-46.546503,,,,1,2023-06-15T01:17:22+00:00
SAO_407N-10,São Paulo,3550308,True,,2169,,,-23.5958445,-46.434946499999995,,,,1,2023-06-15T01:17:33+00:00
SAO_407N-10,São Paulo,3550308,True,,2169,,,-23.545596500000002,-46.528292,,,,1,2023-06-15T01:17:40+00:00
SAO_407N-10,São Paulo,3550308,True,,2169,,,-23.595830375,-46.436915625,,,,1,2023-06-15T01:17:26+00:00
SAO_407N-10,São Paulo,3550308,True,,2169,,,-23.595453499999998,-46.4340395,,,,1,2023-06-15T01:16:56+00:00
SAO_407N-10,São Paulo,3550308,True,,2169,,,-23.565707500000002,-46.507183999999995,,,,1,2023-06-15T01:17:05+00:00
SAO_407N-10,São Paulo,3550308,True,,2169,,,-23.577623000000003,-46.5000985,,,,1,2023-06-15T01:16:56+00:00
SAO_407N-10,São Paulo,3550308,True,,2169,,,-23.53406,-46.5427015,,,,1,2023-06-15T01:17:07+00:00
SAO_6913-10,São Paulo,3550308,True,,34233,,,-23.6763835,-46.7125005,,,,2,2023-06-15T01:16:47+00:00
SAO_6913-10,São Paulo,3550308,True,,34233,,,-23.642727999999998,-46.699756,,,,2,2023-06-15T01:17:17+00:00
SAO_6913-10,São Paulo,3550308,True,,34233,,,-23.6237595,-46.685583,,,,2,2023-06-15T01:17:40+00:00
SAO_6913-10,São Paulo,3550308,True,,34233,,,-23.5801795,-46.67078075,,,,2,2023-06-15T01:17:21+00:00
SAO_6913-10,São Paulo,3550308,True,,34233,,,-23.767727999999998,-46.7167135,,,,2,2023-06-15T01:17:20+00:00
SAO_6913-10,São Paulo,3550308,True,,34233,,,-23.55969475,-46.654689,,,,2,2023-06-15T01:17:25+00:00
SAO_6913-10,São Paulo,3550308,True,,34233,,,-23.646353687500003,-46.70287175,,,,2,2023-06-15T01:17:31+00:00
SAO_6913-10,São Paulo,3550308,True,,34233,,,-23.7182575,-46.6989945,,,,2,2023-06-15T01:17:11+00:00
SAO_6913-10,São Paulo,3550308,True,,34233,,,-23.749937,-46.7099945,,,,2,2023-06-15T01:17:07+00:00
SAO_6913-10,São Paulo,3550308,True,,34233,,,-23.767727999999998,-46.7167135,,,,2,2023-06-15T01:15:18+00:00
SAO_6913-10,São Paulo,3550308,True,,34233,,,-23.650370000000002,-46.7069175,,,,2,2023-06-15T01:17:09+00:00
SAO_6913-10,São Paulo,3550308,True,,34233,,,-23.649859499999998,-46.705637,,,,2,2023-06-15T01:17:11+00:00
SAO_6913-10,São Paulo,3550308,True,,34233,,,-23.7655,-46.717863,,,,2,2023-06-15T01:17:01+00:00
SAO_6913-10,São Paulo,3550308,True,,34233,,,-23.6173675,-46.681235,,,,2,2023-06-15T01:17:36+00:00
SAO_6913-10,São Paulo,3550308,True,,34233,,,-23.599674,-46.67394875,,,,2,2023-06-15T01:17:31+00:00
SAO_6913-10,São Paulo,3550308,True,,34233,,,-23.653876500000003,-46.708245500000004,,,,2,2023-06-15T01:17:40+00:00
SAO_374M-10,São Paulo,3550308,True,,1965,,,-23.5425845,-46.4728035,,,,1,2023-06-15T01:12:28+00:00
SAO_374M-10,São Paulo,3550308,True,,1965,,,-23.5034835,-46.5011415,,,,1,2023-06-15T01:15:46+00:00
SAO_374M-10,São Paulo,3550308,True,,1965,,,-23.4853065,-46.4811105,,,,1,2023-06-15T01:17:14+00:00
SAO_211L-10,São Paulo,3550308,True,,2265,,,-23.5024575,-46.68765775,,,,1,2023-06-15T01:17:10+00:00
SAO_211L-10,São Paulo,3550308,True,,2265,,,-23.467497,-46.638971999999995,,,,1,2023-06-15T01:17:15+00:00
SAO_211L-10,São Paulo,3550308,True,,2265,,,-23.46981925,-46.648324625,,,,1,2023-06-15T01:17:17+00:00
SAO_2031-10,São Paulo,3550308,True,,33135,,,-23.50574925,-46.37263675,,,,2,2023-06-15T01:17:26+00:00
SAO_2031-10,São Paulo,3550308,True,,33135,,,-23.495649,-46.44248375000001,,,,2,2023-06-15T01:17:12+00:00
SAO_2031-10,São Paulo,3550308,True,,33135,,,-23.5025185,-46.380162999999996,,,,2,2023-06-15T01:16:58+00:00
SAO_2031-10,São Paulo,3550308,True,,33135,,,-23.496322499999998,-46.40204725,,,,2,2023-06-15T01:17:24+00:00
SAO_2031-10,São Paulo,3550308,True,,33135,,,-23.515727,-46.46498425,,,,2,2023-06-15T01:17:27+00:00
SAO_2059-10,São Paulo,3550308,True,Cidade de Caieiras,260,https://moovitapp.com/index/pt-br/transporte_p%C3%BAblico-line-260-Sao_Paulo-242-868761-496413-0,5.0,-23.503881,-46.439747,,,,1,2023-06-15T01:17:33+00:00
SAO_2059-10,São Paulo,3550308,True,Cidade de Caieiras,260,https://moovitapp.com/index/pt-br/transporte_p%C3%BAblico-line-260-Sao_Paulo-242-868761-496413-0,5.0,-23.5385265,-46.414816,,,,1,2023-06-15T01:12:57+00:00
SAO_2059-10,São Paulo,3550308,True,Cidade de Caieiras,260,https://moovitapp.com/index/pt-br/transporte_p%C3%BAblico-line-260-Sao_Paulo-242-868761-496413-0,5.0,-23.491375499999997,-46.443605500000004,,,,1,2023-06-15T01:17:15+00:00
SAO_2059-10,São Paulo,3550308,True,Cidade de Caieiras,260,https://moovitapp.com/index/pt-br/transporte_p%C3%BAblico-line-260-Sao_Paulo-242-868761-496413-0,5.0,-23.510914,-46.428909000000004,,,,1,2023-06-15T01:15:37+00:00
SAO_2059-10,São Paulo,3550308,True,Cidade de Caieiras,260,https://moovitapp.com/index/pt-br/transporte_p%C3%BAblico-line-260-Sao_Paulo-242-868761-496413-0,5.0,-23.5323855,-46.415636500000005,,,,1,2023-06-15T01:16:25+00:00
SAO_3046-10,São Paulo,3550308,True,,971,,,-23.541215,-46.5774215,,,,1,2023-06-15T01:17:10+00:00
SAO_3046-10,São Paulo,3550308,True,,971,,,-23.575243375,-46.55349275,,,,1,2023-06-15T01:17:08+00:00
SAO_3046-10,São Paulo,3550308,True,,971,,,-23.58511375,-46.538698875,,,,1,2023-06-15T01:17:33+00:00
SAO_3046-10,São Paulo,3550308,True,,971,,,-23.580204000000002,-46.5255565,,,,1,2023-06-15T01:17:26+00:00
SAO_3046-10,São Paulo,3550308,True,,971,,,-23.5821295,-46.5362375,,,,1,2023-06-15T01:17:30+00:00
SAO_3046-10,São Paulo,3550308,True,,971,,,-23.580204000000002,-46.5255565,,,,1,2023-06-15T01:17:36+00:00
SAO_3046-10,São Paulo,3550308,True,,971,,,-23.567276125,-46.569139250000006,,,,1,2023-06-15T01:17:14+00:00
SAO_3046-10,São Paulo,3550308,True,,971,,,-23.580204000000002,-46.5255565,,,,1,2023-06-15T01:16:57+00:00
SAO_3046-10,São Paulo,3550308,True,,971,,,-23.542261250000003,-46.577360999999996,,,,1,2023-06-15T01:17:05+00:00
SAO_3046-10,São Paulo,3550308,True,,971,,,-23.57389375,-46.557759250000004,,,,1,2023-06-15T01:17:33+00:00
SAO_3046-10,São Paulo,3550308,True,,971,,,-23.5801625,-46.5256245,,,,1,2023-06-15T01:17:27+00:00
SAO_3046-10,São Paulo,3550308,True,,971,,,-23.567276125,-46.569139250000006,,,,1,2023-06-15T01:17:00+00:00
SAO_6358-10,São Paulo,3550308,True,,34062,,,-23.688633000000003,-46.638399750000005,,,,2,2023-06-15T01:17:22+00:00
SAO_6358-10,São Paulo,3550308,True,,34062,,,-23.662676,-46.6622165,,,,2,2023-06-15T01:17:41+00:00
SAO_6358-10,São Paulo,3550308,True,,34062,,,-23.639654750000002,-46.676725000000005,,,,2,2023-06-15T01:17:17+00:00
SAO_6358-10,São Paulo,3550308,True,,34062,,,-23.56972175,-46.661716,,,,2,2023-06-15T01:17:37+00:00
SAO_6358-10,São Paulo,3550308,True,,34062,,,-23.686289000000002,-46.6379425,,,,2,2023-06-15T01:17:26+00:00
SAO_6358-10,São Paulo,3550308,True,,34062,,,-23.6857025,-46.637755999999996,,,,2,2023-06-15T01:17:13+00:00
SAO_6358-10,São Paulo,3550308,True,,34062,,,-23.65374,-46.668417500000004,,,,2,2023-06-15T01:16:58+00:00
SAO_6358-10,São Paulo,3550308,True,,34062,,,-23.5776265,-46.663349499999995,,,,2,2023-06-15T01:17:31+00:00
SAO_6358-10,São Paulo,3550308,True,,34062,,,-23.60508725,-46.6637195,,,,2,2023-06-15T01:17:39+00:00
SAO_6358-10,São Paulo,3550308,True,,34062,,,-23.617217375000003,-46.675102249999995,,,,2,2023-06-15T01:17:26+00:00
SAO_6358-10,São Paulo,3550308,True,,34062,,,-23.688341,-46.63870525,,,,2,2023-06-15T01:17:28+00:00
SAO_1726-10,São Paulo,3550308,True,,34171,,,-23.467192125,-46.603699500000005,,,,2,2023-06-15T01:17:28+00:00
SAO_1726-10,São Paulo,3550308,True,,34171,,,-23.447426,-46.589282999999995,,,,2,2023-06-15T01:17:35+00:00
SAO_1726-10,São Paulo,3550308,True,,34171,,,-23.492759,-46.6236425,,,,2,2023-06-15T01:16:01+00:00
SAO_1726-10,São Paulo,3550308,True,,34171,,,-23.4762675,-46.6090345,,,,2,2023-06-15T01:17:16+00:00
SAO_1726-10,São Paulo,3550308,True,,34171,,,-23.438375,-46.5745275,,,,2,2023-06-15T01:15:40+00:00
SAO_1726-10,São Paulo,3550308,True,,34171,,,-23.450131,-46.590283,,,,2,2023-06-15T01:17:07+00:00
SAO_1726-10,São Paulo,3550308,True,,34171,,,-23.438251,-46.57418,,,,2,2023-06-15T01:15:38+00:00
SAO_1726-10,São Paulo,3550308,True,,34171,,,-23.444283499999997,-46.590194,,,,2,2023-06-15T01:17:30+00:00
SAO_475R-10,São Paulo,3550308,True,,33112,,,-23.653319500000002,-46.607946999999996,,,,2,2023-06-15T01:17:26+00:00
SAO_475R-10,São Paulo,3550308,True,,33112,,,-23.63485025,-46.6273435,,,,2,2023-06-15T01:16:58+00:00
SAO_475R-10,São Paulo,3550308,True,,33112,,,-23.58382875,-46.64825475000001,,,,2,2023-06-15T01:17:06+00:00
SAO_475R-10,São Paulo,3550308,True,,33112,,,-23.54946,-46.6331165,,,,2,2023-06-15T01:17:02+00:00
SAO_475R-10,São Paulo,3550308,True,,33112,,,-23.626292,-46.6317215,,,,2,2023-06-15T01:17:07+00:00
SAO_475R-10,São Paulo,3550308,True,,33112,,,-23.619031,-46.639412,,,,2,2023-06-15T01:17:25+00:00
SAO_475R-10,São Paulo,3550308,True,,33112,,,-23.576826750000002,-46.656953,,,,2,2023-06-15T01:17:21+00:00
SAO_475R-10,São Paulo,3550308,True,,33112,,,-23.626381000000002,-46.641269,,,,2,2023-06-15T01:15:53+00:00
SAO_475R-10,São Paulo,3550308,True,,33112,,,-23.6354765,-46.627224749999996,,,,2,2023-06-15T01:13:36+00:00
SAO_475R-10,São Paulo,3550308,True,,33112,,,-23.60416,-46.636821499999996,,,,2,2023-06-15T01:17:07+00:00
SAO_475R-10,São Paulo,3550308,True,,33112,,,-23.5470345,-46.6298525,,,,2,2023-06-15T01:17:06+00:00
SAO_475R-10,São Paulo,3550308,True,,33112,,,-23.5470345,-46.6298525,,,,2,2023-06-15T01:17:15+00:00
SAO_475R-10,São Paulo,3550308,True,,33112,,,-23.653594,-46.6082155,,,,2,2023-06-15T01:17:22+00:00
SAO_475R-10,São Paulo,3550308,True,,33112,,,-23.579051874999998,-46.653893,,,,2,2023-06-15T01:17:24+00:00
SAO_407I-10,São Paulo,3550308,True,,2222,,,-23.546651,-46.6059415,,,,1,2023-06-15T01:17:05+00:00
SAO_6063-10,São Paulo,3550308,True,,33920,,,-23.783673,-46.6827105,,,,2,2023-06-15T01:17:00+00:00
SAO_6063-10,São Paulo,3550308,True,,33920,,,-23.783673,-46.6827105,,,,2,2023-06-15T01:17:01+00:00
SAO_6063-10,São Paulo,3550308,True,,33920,,,-23.783673,-46.6827105,,,,2,2023-06-15T01:17:00+00:00
SAO_6063-10,São Paulo,3550308,True,,33920,,,-23.783673,-46.6827105,,,,2,2023-06-15T01:17:14+00:00
SAO_6063-10,São Paulo,3550308,True,,33920,,,-23.7666735,-46.7160755,,,,2,2023-06-15T01:17:02+00:00
SAO_6063-10,São Paulo,3550308,True,,33920,,,-23.785052,-46.6836195,,,,2,2023-06-15T01:17:32+00:00
SAO_6063-10,São Paulo,3550308,True,,33920,,,-23.783673,-46.6827105,,,,2,2023-06-15T01:17:40+00:00
SAO_6063-10,São Paulo,3550308,True,,33920,,,-23.7834155,-46.682601000000005,,,,2,2023-06-15T01:17:04+00:00
SAO_6063-10,São Paulo,3550308,True,,33920,,,-23.783673,-46.6827105,,,,2,2023-06-15T01:17:22+00:00
SAO_6063-10,São Paulo,3550308,True,,33920,,,-23.7720085,-46.710469,,,,2,2023-06-15T01:17:31+00:00
SAO_6063-10,São Paulo,3550308,True,,33920,,,-23.783673,-46.6827105,,,,2,2023-06-15T01:17:09+00:00
SAO_6063-10,São Paulo,3550308,True,,33920,,,-23.766647,-46.716179,,,,2,2023-06-15T01:17:21+00:00
SAO_6063-10,São Paulo,3550308,True,,33920,,,-23.783673,-46.6827105,,,,2,2023-06-15T01:17:10+00:00
SAO_6063-10,São Paulo,3550308,True,,33920,,,-23.7736105,-46.7001355,,,,2,2023-06-15T01:17:32+00:00
SAO_7002-10,São Paulo,3550308,True,,33540,,,-23.571492,-46.707775999999996,,,,2,2023-06-15T01:16:58+00:00
SAO_7002-10,São Paulo,3550308,True,,33540,,,-23.586468,-46.750264,,,,2,2023-06-15T01:17:20+00:00
SAO_7002-10,São Paulo,3550308,True,,33540,,,-23.571023,-46.706986,,,,2,2023-06-15T01:17:28+00:00
SAO_7002-10,São Paulo,3550308,True,,33540,,,-23.590836,-46.76973625,,,,2,2023-06-15T01:17:12+00:00
SAO_7002-10,São Paulo,3550308,True,,33540,,,-23.5533935,-46.6746325,,,,2,2023-06-15T01:17:36+00:00
SAO_7002-10,São Paulo,3550308,True,,33540,,,-23.590286,-46.75371799999999,,,,2,2023-06-15T01:17:31+00:00
SAO_7002-10,São Paulo,3550308,True,,33540,,,-23.572155000000002,-46.70553525,,,,2,2023-06-15T01:17:30+00:00
SAO_7002-10,São Paulo,3550308,True,,33540,,,-23.588838000000003,-46.7540305,,,,2,2023-06-15T01:17:29+00:00
SAO_7002-10,São Paulo,3550308,True,,33540,,,-23.558176250000002,-46.68256675,,,,2,2023-06-15T01:16:58+00:00
SAO_7002-10,São Paulo,3550308,True,,33540,,,-23.571257,-46.707392,,,,2,2023-06-15T01:17:08+00:00
SAO_7002-10,São Paulo,3550308,True,,33540,,,-23.590518,-46.76971475,,,,2,2023-06-15T01:17:35+00:00
SAO_7002-10,São Paulo,3550308,True,,33540,,,-23.58335825,-46.73472775,,,,2,2023-06-15T01:17:10+00:00
SAO_2765-10,São Paulo,3550308,True,,32913,,,-23.504594500000003,-46.506299,,,,2,2023-06-15T01:17:23+00:00
SAO_2765-10,São Paulo,3550308,True,,32913,,,-23.532722,-46.562822,,,,2,2023-06-15T01:14:34+00:00
SAO_2765-10,São Paulo,3550308,True,,32913,,,-23.49302575,-46.493033749999995,,,,2,2023-06-15T01:17:34+00:00
SAO_2765-10,São Paulo,3550308,True,,32913,,,-23.52700825,-46.551814,,,,2,2023-06-15T01:15:29+00:00
SAO_2765-10,São Paulo,3550308,True,,32913,,,-23.5069825,-46.5329195,,,,2,2023-06-15T01:17:08+00:00
SAO_2765-10,São Paulo,3550308,True,,32913,,,-23.5084565,-46.5381285,,,,2,2023-06-15T01:17:23+00:00
SAO_2765-10,São Paulo,3550308,True,,32913,,,-23.5179185,-46.546169,,,,2,2023-06-15T01:17:30+00:00
SAO_5164-10,São Paulo,3550308,True,,1283,,,-23.63269225,-46.644922750000006,,,,1,2023-06-15T01:17:21+00:00
SAO_5164-10,São Paulo,3550308,True,,1283,,,-23.614879000000002,-46.638340125,,,,1,2023-06-15T01:17:07+00:00
SAO_5164-10,São Paulo,3550308,True,,1283,,,-23.605085000000003,-46.636889499999995,,,,1,2023-06-15T01:16:55+00:00
SAO_5164-10,São Paulo,3550308,True,,1283,,,-23.64786775,-46.64553125,,,,1,2023-06-15T01:16:15+00:00
SAO_5164-10,São Paulo,3550308,True,,1283,,,-23.6471245,-46.6627625,,,,1,2023-06-15T01:17:18+00:00
SAO_4734-10,São Paulo,3550308,True,,1109,,,-23.62133275,-46.632115,,,,1,2023-06-15T01:17:06+00:00
SAO_4734-10,São Paulo,3550308,True,,1109,,,-23.62145425,-46.63175699999999,,,,1,2023-06-15T01:17:07+00:00
SAO_4734-10,São Paulo,3550308,True,,1109,,,-23.647253,-46.6125115,,,,1,2023-06-15T01:17:14+00:00
SAO_4734-10,São Paulo,3550308,True,,1109,,,-23.6414715,-46.610838,,,,1,2023-06-15T01:17:38+00:00
SAO_4734-10,São Paulo,3550308,True,,1109,,,-23.6414715,-46.610838,,,,1,2023-06-15T01:17:28+00:00
SAO_4734-10,São Paulo,3550308,True,,1109,,,-23.644987,-46.613166,,,,1,2023-06-15T01:13:31+00:00
SAO_4734-10,São Paulo,3550308,True,,1109,,,-23.6184455,-46.638504499999996,,,,1,2023-06-15T01:17:23+00:00
SAO_4734-10,São Paulo,3550308,True,,1109,,,-23.641257,-46.607996,,,,1,2023-06-15T01:17:21+00:00
SAO_209P-1,São Paulo,3550308,True,,35069,,,-23.50563025,-46.68877474999999,,,,2,2023-06-15T01:17:08+00:00
SAO_209P-1,São Paulo,3550308,True,,35069,,,-23.481600999999998,-46.674812,,,,2,2023-06-15T01:17:25+00:00
SAO_209P-1,São Paulo,3550308,True,,35069,,,-23.559044,-46.681418,,,,2,2023-06-15T01:17:25+00:00
SAO_209P-1,São Paulo,3550308,True,,35069,,,-23.4787655,-46.6731185,,,,2,2023-06-15T01:17:12+00:00
SAO_209P-1,São Paulo,3550308,True,,35069,,,-23.4752525,-46.670541,,,,2,2023-06-15T01:17:37+00:00
SAO_6008-10,São Paulo,3550308,True,,33968,,,-23.684799249999998,-46.745796,,,,2,2023-06-15T01:17:28+00:00
SAO_6008-10,São Paulo,3550308,True,,33968,,,-23.68727,-46.7629345,,,,2,2023-06-15T01:17:06+00:00
SAO_6008-10,São Paulo,3550308,True,,33968,,,-23.657059375,-46.7071945,,,,2,2023-06-15T01:17:08+00:00
SAO_6008-10,São Paulo,3550308,True,,33968,,,-23.654097999999998,-46.710685,,,,2,2023-06-15T01:17:29+00:00
SAO_6008-10,São Paulo,3550308,True,,33968,,,-23.660473,-46.704977,,,,2,2023-06-15T01:17:35+00:00
SAO_6008-10,São Paulo,3550308,True,,33968,,,-23.654097999999998,-46.710685,,,,2,2023-06-15T01:16:58+00:00
SAO_6008-10,São Paulo,3550308,True,,33968,,,-23.68727,-46.7629345,,,,2,2023-06-15T01:17:29+00:00
SAO_6008-10,São Paulo,3550308,True,,33968,,,-23.666430249999998,-46.720004625,,,,2,2023-06-15T01:17:38+00:00
SAO_6008-10,São Paulo,3550308,True,,33968,,,-23.680833749999998,-46.734853,,,,2,2023-06-15T01:17:06+00:00
SAO_5164-41,São Paulo,3550308,True,,34385,,,-23.652772499999998,-46.64590575,,,,2,2023-06-15T01:16:57+00:00
SAO_5164-41,São Paulo,3550308,True,,34385,,,-23.643123,-46.6339205,,,,2,2023-06-15T01:17:20+00:00
SAO_5164-41,São Paulo,3550308,True,,34385,,,-23.64383875,-46.6351795,,,,2,2023-06-15T01:17:06+00:00
SAO_5370-10,São Paulo,3550308,True,,1442,,,-23.5747065,-46.641215,,,,1,2023-06-15T01:17:11+00:00
SAO_5370-10,São Paulo,3550308,True,,1442,,,-23.6861015,-46.7023595,,,,1,2023-06-15T01:17:38+00:00
SAO_5370-10,São Paulo,3550308,True,,1442,,,-23.6467238125,-46.701789312500004,,,,1,2023-06-15T01:17:00+00:00
SAO_5370-10,São Paulo,3550308,True,,1442,,,-23.7673145,-46.7161625,,,,1,2023-06-15T01:17:37+00:00
SAO_5370-10,São Paulo,3550308,True,,1442,,,-23.578492250000004,-46.64594699999999,,,,1,2023-06-15T01:17:21+00:00
SAO_5370-10,São Paulo,3550308,True,,1442,,,-23.633492750000002,-46.690376,,,,1,2023-06-15T01:17:23+00:00
SAO_5370-10,São Paulo,3550308,True,,1442,,,-23.596312250000004,-46.655273750000006,,,,1,2023-06-15T01:17:36+00:00
SAO_5370-10,São Paulo,3550308,True,,1442,,,-23.765209499999997,-46.71674,,,,1,2023-06-15T01:17:28+00:00
SAO_5370-10,São Paulo,3550308,True,,1442,,,-23.577712249999998,-46.644850500000004,,,,1,2023-06-15T01:17:22+00:00
SAO_5370-10,São Paulo,3550308,True,,1442,,,-23.701369999999997,-46.7013965,,,,1,2023-06-15T01:17:17+00:00
SAO_6258-10,São Paulo,3550308,True,,34000,,,-23.6540965,-46.710578999999996,,,,2,2023-06-15T01:17:33+00:00
SAO_6258-10,São Paulo,3550308,True,,34000,,,-23.660339,-46.704888,,,,2,2023-06-15T01:16:58+00:00
SAO_6258-10,São Paulo,3550308,True,,34000,,,-23.680833749999998,-46.734853,,,,2,2023-06-15T01:17:20+00:00
SAO_6258-10,São Paulo,3550308,True,,34000,,,-23.654165499999998,-46.709278999999995,,,,2,2023-06-15T01:17:30+00:00
SAO_6258-10,São Paulo,3550308,True,,34000,,,-23.691460499999998,-46.746868500000005,,,,2,2023-06-15T01:17:30+00:00
SAO_3139-10,São Paulo,3550308,True,,995,,,-23.554746,-46.627392,,,,1,2023-06-15T01:17:15+00:00
SAO_9009-10,São Paulo,3550308,True,,877,,,-23.444249749999997,-46.70532125,,,,1,2023-06-15T01:17:12+00:00
SAO_9009-10,São Paulo,3550308,True,,877,,,-23.436723999999998,-46.717591125,,,,1,2023-06-15T01:17:30+00:00
SAO_9009-10,São Paulo,3550308,True,,877,,,-23.464762999999998,-46.6797545,,,,1,2023-06-15T01:16:57+00:00
SAO_9009-10,São Paulo,3550308,True,,877,,,-23.44598125,-46.714508,,,,1,2023-06-15T01:17:30+00:00
SAO_9009-10,São Paulo,3550308,True,,877,,,-23.4733095,-46.6716335,,,,1,2023-06-15T01:17:07+00:00
SAO_9009-10,São Paulo,3550308,True,,877,,,-23.450783,-46.700252,,,,1,2023-06-15T01:17:19+00:00
SAO_9009-10,São Paulo,3550308,True,,877,,,-23.4413925,-46.7078645,,,,1,2023-06-15T01:17:32+00:00
SAO_9009-10,São Paulo,3550308,True,,877,,,-23.459582750000003,-46.68836775,,,,1,2023-06-15T01:17:06+00:00
SAO_5129-10,São Paulo,3550308,True,,34049,,,-23.645371,-46.67331825000001,,,,2,2023-06-15T01:17:02+00:00
SAO_5129-10,São Paulo,3550308,True,,34049,,,-23.681586,-46.637748,,,,2,2023-06-15T01:17:28+00:00
SAO_5129-10,São Paulo,3550308,True,,34049,,,-23.657365,-46.6648205,,,,2,2023-06-15T01:17:21+00:00
SAO_5129-10,São Paulo,3550308,True,,34049,,,-23.663378,-46.707454999999996,,,,2,2023-06-15T01:17:16+00:00
SAO_5129-10,São Paulo,3550308,True,,34049,,,-23.6672905,-46.727228,,,,2,2023-06-15T01:17:13+00:00
SAO_5129-10,São Paulo,3550308,True,,34049,,,-23.680498999999998,-46.6375295,,,,2,2023-06-15T01:17:06+00:00
SAO_5129-10,São Paulo,3550308,True,,34049,,,-23.67450975,-46.6782595,,,,2,2023-06-15T01:17:35+00:00
SAO_8038-10,São Paulo,3550308,True,,797,,,-23.5474125,-46.7444545,,,,1,2023-06-15T01:17:17+00:00
SAO_8038-10,São Paulo,3550308,True,,797,,,-23.548434999999998,-46.757598,,,,1,2023-06-15T01:17:36+00:00
SAO_8038-10,São Paulo,3550308,True,,797,,,-23.524083750000003,-46.73727425,,,,1,2023-06-15T01:17:01+00:00
SAO_8038-10,São Paulo,3550308,True,,797,,,-23.541359999999997,-46.742851,,,,1,2023-06-15T01:17:18+00:00
SAO_8038-10,São Paulo,3550308,True,,797,,,-23.524976000000002,-46.73644375000001,,,,1,2023-06-15T01:17:23+00:00
SAO_8038-10,São Paulo,3550308,True,,797,,,-23.546301749999998,-46.75584512500001,,,,1,2023-06-15T01:15:29+00:00
SAO_8038-10,São Paulo,3550308,True,,797,,,-23.51957075,-46.703840375,,,,1,2023-06-15T01:17:10+00:00
SAO_8038-10,São Paulo,3550308,True,,797,,,-23.524589499999998,-46.71670949999999,,,,1,2023-06-15T01:16:56+00:00
SAO_971A-10,São Paulo,3550308,True,,33426,,,-23.4947995,-46.66153425,,,,2,2023-06-15T01:17:34+00:00
SAO_971A-10,São Paulo,3550308,True,,33426,,,-23.50591975,-46.624733250000006,,,,2,2023-06-15T01:17:22+00:00
SAO_971A-10,São Paulo,3550308,True,,33426,,,-23.5002,-46.630133,,,,2,2023-06-15T01:17:29+00:00
SAO_971A-10,São Paulo,3550308,True,,33426,,,-23.5040325,-46.67317,,,,2,2023-06-15T01:17:26+00:00
SAO_971A-10,São Paulo,3550308,True,,33426,,,-23.4976745,-46.6672325,,,,2,2023-06-15T01:17:12+00:00
SAO_971A-10,São Paulo,3550308,True,,33426,,,-23.494291750000002,-46.6652515,,,,2,2023-06-15T01:17:36+00:00
SAO_775N-10,São Paulo,3550308,True,,33242,,,-23.5316505,-46.7164095,,,,2,2023-06-15T01:17:40+00:00
SAO_775N-10,São Paulo,3550308,True,,33242,,,-23.577069,-46.7659285,,,,2,2023-06-15T01:17:37+00:00
SAO_775N-10,São Paulo,3550308,True,,33242,,,-23.580254,-46.76079250000001,,,,2,2023-06-15T01:17:32+00:00
SAO_3751-10,São Paulo,3550308,True,,33815,,,-23.569356,-46.4108985,,,,2,2023-06-15T01:12:40+00:00
SAO_3751-10,São Paulo,3550308,True,,33815,,,-23.57032725,-46.412445250000005,,,,2,2023-06-15T01:17:07+00:00
SAO_3751-10,São Paulo,3550308,True,,33815,,,-23.5695605,-46.4102685,,,,2,2023-06-15T01:17:06+00:00
SAO_3751-10,São Paulo,3550308,True,,33815,,,-23.551851,-46.446431000000004,,,,2,2023-06-15T01:17:15+00:00
SAO_3751-10,São Paulo,3550308,True,,33815,,,-23.569725,-46.412234999999995,,,,2,2023-06-15T01:17:37+00:00
SAO_3751-10,São Paulo,3550308,True,,33815,,,-23.5695605,-46.4102685,,,,2,2023-06-15T01:17:27+00:00
SAO_3751-10,São Paulo,3550308,True,,33815,,,-23.550763500000002,-46.42701125000001,,,,2,2023-06-15T01:17:38+00:00
SAO_3751-10,São Paulo,3550308,True,,33815,,,-23.5654685,-46.415849,,,,2,2023-06-15T01:17:23+00:00
SAO_3751-10,São Paulo,3550308,True,,33815,,,-23.5695605,-46.4102685,,,,2,2023-06-15T01:17:19+00:00
SAO_3751-10,São Paulo,3550308,True,,33815,,,-23.562077875,-46.419486625000005,,,,2,2023-06-15T01:17:28+00:00
SAO_3751-10,São Paulo,3550308,True,,33815,,,-23.5415275,-46.45673425,,,,2,2023-06-15T01:17:33+00:00
SAO_2705-10,São Paulo,3550308,True,,917,,,-23.54564175,-46.401308,,,,1,2023-06-15T01:17:31+00:00
SAO_2705-10,São Paulo,3550308,True,,917,,,-23.545839,-46.393084,,,,1,2023-06-15T01:16:51+00:00
SAO_2705-10,São Paulo,3550308,True,,917,,,-23.538381,-46.45576,,,,1,2023-06-15T01:16:26+00:00
SAO_2705-10,São Paulo,3550308,True,,917,,,-23.542759,-46.424683,,,,1,2023-06-15T01:16:24+00:00
SAO_5194-10,São Paulo,3550308,True,,33037,,,-23.585697000000003,-46.6553,,,,2,2023-06-15T01:17:31+00:00
SAO_5194-10,São Paulo,3550308,True,,33037,,,-23.699324499999996,-46.647161,,,,2,2023-06-15T01:17:18+00:00
SAO_5194-10,São Paulo,3550308,True,,33037,,,-23.7050285,-46.6514095,,,,2,2023-06-15T01:15:42+00:00
SAO_5194-10,São Paulo,3550308,True,,33037,,,-23.687144500000002,-46.68091,,,,2,2023-06-15T01:16:58+00:00
SAO_3712-10,São Paulo,3550308,True,,33777,,,-23.55296125,-46.42555625,,,,2,2023-06-15T01:17:13+00:00
SAO_3712-10,São Paulo,3550308,True,,33777,,,-23.5413525,-46.44689975,,,,2,2023-06-15T01:17:02+00:00
SAO_3712-10,São Paulo,3550308,True,,33777,,,-23.55333575,-46.42540475,,,,2,2023-06-15T01:17:05+00:00
SAO_3712-10,São Paulo,3550308,True,,33777,,,-23.551032,-46.4372195,,,,2,2023-06-15T01:17:39+00:00
SAO_414P-10,São Paulo,3550308,True,,33873,,,-23.54391975,-46.571295500000005,,,,2,2023-06-15T01:17:01+00:00
SAO_414P-10,São Paulo,3550308,True,,33873,,,-23.584126249999997,-46.5344075,,,,2,2023-06-15T01:17:22+00:00
SAO_414P-10,São Paulo,3550308,True,,33873,,,-23.54279175,-46.570645999999996,,,,2,2023-06-15T01:17:40+00:00
SAO_414P-10,São Paulo,3550308,True,,33873,,,-23.600617999999997,-46.5277345,,,,2,2023-06-15T01:17:01+00:00
SAO_414P-10,São Paulo,3550308,True,,33873,,,-23.599167,-46.529581,,,,2,2023-06-15T01:17:06+00:00
SAO_414P-10,São Paulo,3550308,True,,33873,,,-23.5586515,-46.553091,,,,2,2023-06-15T01:16:59+00:00
SAO_374V-10,São Paulo,3550308,True,,34415,,,-23.5116805,-46.454798749999995,,,,2,2023-06-15T01:17:14+00:00
SAO_374V-10,São Paulo,3550308,True,,34415,,,-23.524656,-46.4522665,,,,2,2023-06-15T01:15:41+00:00
SAO_374V-10,São Paulo,3550308,True,,34415,,,-23.519501749999996,-46.448285500000004,,,,2,2023-06-15T01:16:59+00:00
SAO_374V-10,São Paulo,3550308,True,,34415,,,-23.5110345,-46.4547195,,,,2,2023-06-15T01:17:25+00:00
SAO_374V-10,São Paulo,3550308,True,,34415,,,-23.542998,-46.4711105,,,,2,2023-06-15T01:16:59+00:00
SAO_374V-10,São Paulo,3550308,True,,34415,,,-23.5112555,-46.45482425,,,,2,2023-06-15T01:13:38+00:00
SAO_374V-10,São Paulo,3550308,True,,34415,,,-23.5286795,-46.454719999999995,,,,2,2023-06-15T01:17:35+00:00
SAO_374V-10,São Paulo,3550308,True,,34415,,,-23.5116805,-46.454798749999995,,,,2,2023-06-15T01:17:30+00:00
SAO_139A-10,São Paulo,3550308,True,,35219,,,-23.517342,-46.701902249999996,,,,2,2023-06-15T01:17:25+00:00
SAO_139A-10,São Paulo,3550308,True,,35219,,,-23.489114,-46.703209,,,,2,2023-06-15T01:17:37+00:00
SAO_139A-10,São Paulo,3550308,True,,35219,,,-23.4861205,-46.710727500000004,,,,2,2023-06-15T01:17:10+00:00
SAO_139A-10,São Paulo,3550308,True,,35219,,,-23.485937,-46.710612499999996,,,,2,2023-06-15T01:17:07+00:00
SAO_669A-10,São Paulo,3550308,True,,4,,,-23.5671329375,-46.649541187500006,,,,1,2023-06-15T01:17:38+00:00
SAO_669A-10,São Paulo,3550308,True,,4,,,-23.56962275,-46.6486345,,,,1,2023-06-15T01:17:23+00:00
SAO_669A-10,São Paulo,3550308,True,,4,,,-23.59082175,-46.6725005,,,,1,2023-06-15T01:17:04+00:00
SAO_669A-10,São Paulo,3550308,True,,4,,,-23.53471425,-46.64500699999999,,,,1,2023-06-15T01:17:02+00:00
SAO_669A-10,São Paulo,3550308,True,,4,,,-23.603747750000004,-46.674754875,,,,1,2023-06-15T01:17:42+00:00
SAO_669A-10,São Paulo,3550308,True,,4,,,-23.580375,-46.6637115,,,,1,2023-06-15T01:17:19+00:00
SAO_669A-10,São Paulo,3550308,True,,4,,,-23.653152499999997,-46.706320749999996,,,,1,2023-06-15T01:17:35+00:00
SAO_669A-10,São Paulo,3550308,True,,4,,,-23.5590385,-46.659078,,,,1,2023-06-15T01:17:02+00:00
SAO_6035-10,São Paulo,3550308,True,,1213,,,-23.6636725,-46.7077935,,,,1,2023-06-15T01:17:03+00:00
SAO_6035-10,São Paulo,3550308,True,,1213,,,-23.6808705,-46.76568425,,,,1,2023-06-15T01:17:10+00:00
SAO_6035-10,São Paulo,3550308,True,,1213,,,-23.692511000000003,-46.7778525,,,,1,2023-06-15T01:17:37+00:00
SAO_6035-10,São Paulo,3550308,True,,1213,,,-23.717170000000003,-46.7656045,,,,1,2023-06-15T01:17:27+00:00
SAO_8548-10,São Paulo,3550308,True,EMTU,578,https://moovitapp.com/index/pt-br/transporte_p%C3%BAblico-line-578-Sao_Paulo-242-2038937-36419568-0,5.4,-23.482994,-46.68727925,,,,1,2023-06-15T01:17:24+00:00
SAO_8548-10,São Paulo,3550308,True,EMTU,578,https://moovitapp.com/index/pt-br/transporte_p%C3%BAblico-line-578-Sao_Paulo-242-2038937-36419568-0,5.4,-23.446490249999997,-46.714673250000004,,,,1,2023-06-15T01:17:18+00:00
SAO_5129-41,São Paulo,3550308,True,,1974,,,-23.680507499999997,-46.639044,,,,1,2023-06-15T01:17:29+00:00
SAO_5129-41,São Paulo,3550308,True,,1974,,,-23.656727062500003,-46.694886499999996,,,,1,2023-06-15T01:17:01+00:00
SAO_877T-10,São Paulo,3550308,True,,34149,,,-23.5703665,-46.645350875000005,,,,2,2023-06-15T01:17:31+00:00
SAO_877T-10,São Paulo,3550308,True,,34149,,,-23.559697874999998,-46.65833550000001,,,,2,2023-06-15T01:17:37+00:00
SAO_877T-10,São Paulo,3550308,True,,34149,,,-23.51331475,-46.72147137500001,,,,2,2023-06-15T01:17:22+00:00
SAO_877T-10,São Paulo,3550308,True,,34149,,,-23.521557,-46.718848,,,,2,2023-06-15T01:17:32+00:00
SAO_877T-10,São Paulo,3550308,True,,34149,,,-23.546972250000003,-46.658325250000004,,,,2,2023-06-15T01:17:36+00:00
SAO_6400-10,São Paulo,3550308,True,,32825,,,-23.5860225,-46.6711035,,,,2,2023-06-15T01:17:16+00:00
SAO_6400-10,São Paulo,3550308,True,,32825,,,-23.6436085,-46.70109,,,,2,2023-06-15T01:17:04+00:00
SAO_6400-10,São Paulo,3550308,True,,32825,,,-23.595443500000002,-46.6732535,,,,2,2023-06-15T01:17:40+00:00
SAO_6200-10,São Paulo,3550308,True,,33123,,,-23.6168605,-46.70167549999999,,,,2,2023-06-15T01:17:39+00:00
SAO_6200-10,São Paulo,3550308,True,,33123,,,-23.5790805,-46.67680300000001,,,,2,2023-06-15T01:17:12+00:00
SAO_6200-10,São Paulo,3550308,True,,33123,,,-23.61394075,-46.70106375,,,,2,2023-06-15T01:17:38+00:00
SAO_6200-10,São Paulo,3550308,True,,33123,,,-23.625722500000002,-46.7125575,,,,2,2023-06-15T01:17:23+00:00
SAO_6200-10,São Paulo,3550308,True,,33123,,,-23.643397750000002,-46.72724825,,,,2,2023-06-15T01:17:16+00:00
SAO_6200-10,São Paulo,3550308,True,,33123,,,-23.594845,-46.6952845,,,,2,2023-06-15T01:17:18+00:00
SAO_6200-10,São Paulo,3550308,True,,33123,,,-23.5825705,-46.68577625,,,,2,2023-06-15T01:17:03+00:00
SAO_6200-10,São Paulo,3550308,True,,33123,,,-23.63656925,-46.722849,,,,2,2023-06-15T01:16:59+00:00
SAO_6200-10,São Paulo,3550308,True,,33123,,,-23.654528,-46.7141635,,,,2,2023-06-15T01:17:25+00:00
SAO_6200-10,São Paulo,3550308,True,,33123,,,-23.60246325,-46.698175250000006,,,,2,2023-06-15T01:17:29+00:00
SAO_6200-10,São Paulo,3550308,True,,33123,,,-23.645472,-46.727497,,,,2,2023-06-15T01:17:10+00:00
SAO_6200-10,São Paulo,3550308,True,,33123,,,-23.549066000000003,-46.6409855,,,,2,2023-06-15T01:17:42+00:00
SAO_6200-10,São Paulo,3550308,True,,33123,,,-23.6482865,-46.727451,,,,2,2023-06-15T01:17:29+00:00
SAO_6200-10,São Paulo,3550308,True,,33123,,,-23.618963,-46.702375,,,,2,2023-06-15T01:17:12+00:00
SAO_6200-10,São Paulo,3550308,True,,33123,,,-23.576207500000002,-46.670314,,,,2,2023-06-15T01:17:31+00:00
SAO_6200-10,São Paulo,3550308,True,,33123,,,-23.586142000000002,-46.693146999999996,,,,2,2023-06-15T01:17:36+00:00
SAO_819A-10,São Paulo,3550308,True,Rápido Campinas,803,https://moovitapp.com/index/pt-br/transporte_p%C3%BAblico-line-803-Sao_Paulo-242-858660-544941-0,5.3,-23.475635500000003,-46.66432425000001,,,,1,2023-06-15T01:17:16+00:00
SAO_819A-10,São Paulo,3550308,True,Rápido Campinas,803,https://moovitapp.com/index/pt-br/transporte_p%C3%BAblico-line-803-Sao_Paulo-242-858660-544941-0,5.3,-23.476402,-46.668205125,,,,1,2023-06-15T01:17:26+00:00
SAO_819A-10,São Paulo,3550308,True,Rápido Campinas,803,https://moovitapp.com/index/pt-br/transporte_p%C3%BAblico-line-803-Sao_Paulo-242-858660-544941-0,5.3,-23.435724,-46.753557,,,,1,2023-06-15T01:17:34+00:00
SAO_819A-10,São Paulo,3550308,True,Rápido Campinas,803,https://moovitapp.com/index/pt-br/transporte_p%C3%BAblico-line-803-Sao_Paulo-242-858660-544941-0,5.3,-23.482777750000004,-46.673474999999996,,,,1,2023-06-15T01:17:08+00:00
SAO_819A-10,São Paulo,3550308,True,Rápido Campinas,803,https://moovitapp.com/index/pt-br/transporte_p%C3%BAblico-line-803-Sao_Paulo-242-858660-544941-0,5.3,-23.471585,-46.674722,,,,1,2023-06-15T01:17:37+00:00
SAO_819A-10,São Paulo,3550308,True,Rápido Campinas,803,https://moovitapp.com/index/pt-br/transporte_p%C3%BAblico-line-803-Sao_Paulo-242-858660-544941-0,5.3,-23.450623999999998,-46.735321,,,,1,2023-06-15T01:17:36+00:00
SAO_819A-10,São Paulo,3550308,True,Rápido Campinas,803,https://moovitapp.com/index/pt-br/transporte_p%C3%BAblico-line-803-Sao_Paulo-242-858660-544941-0,5.3,-23.437200500000003,-46.711664999999996,,,,1,2023-06-15T01:16:57+00:00
SAO_819A-10,São Paulo,3550308,True,Rápido Campinas,803,https://moovitapp.com/index/pt-br/transporte_p%C3%BAblico-line-803-Sao_Paulo-242-858660-544941-0,5.3,-23.45335875,-46.74297775,,,,1,2023-06-15T01:17:05+00:00
SAO_819A-10,São Paulo,3550308,True,Rápido Campinas,803,https://moovitapp.com/index/pt-br/transporte_p%C3%BAblico-line-803-Sao_Paulo-242-858660-544941-0,5.3,-23.438405,-46.748092,,,,1,2023-06-15T01:17:22+00:00
SAO_819A-10,São Paulo,3550308,True,Rápido Campinas,803,https://moovitapp.com/index/pt-br/transporte_p%C3%BAblico-line-803-Sao_Paulo-242-858660-544941-0,5.3,-23.483288,-46.673646,,,,1,2023-06-15T01:17:34+00:00
SAO_819A-10,São Paulo,3550308,True,Rápido Campinas,803,https://moovitapp.com/index/pt-br/transporte_p%C3%BAblico-line-803-Sao_Paulo-242-858660-544941-0,5.3,-23.438405,-46.748092,,,,1,2023-06-15T01:17:17+00:00
SAO_819A-10,São Paulo,3550308,True,Rápido Campinas,803,https://moovitapp.com/index/pt-br/transporte_p%C3%BAblico-line-803-Sao_Paulo-242-858660-544941-0,5.3,-23.438405,-46.748092,,,,1,2023-06-15T01:17:20+00:00
SAO_819A-10,São Paulo,3550308,True,Rápido Campinas,803,https://moovitapp.com/index/pt-br/transporte_p%C3%BAblico-line-803-Sao_Paulo-242-858660-544941-0,5.3,-23.459349,-46.686189999999996,,,,1,2023-06-15T01:16:59+00:00
SAO_819A-10,São Paulo,3550308,True,Rápido Campinas,803,https://moovitapp.com/index/pt-br/transporte_p%C3%BAblico-line-803-Sao_Paulo-242-858660-544941-0,5.3,-23.4352905,-46.728440000000006,,,,1,2023-06-15T01:17:16+00:00
SAO_819A-10,São Paulo,3550308,True,Rápido Campinas,803,https://moovitapp.com/index/pt-br/transporte_p%C3%BAblico-line-803-Sao_Paulo-242-858660-544941-0,5.3,-23.44268675,-46.706289999999996,,,,1,2023-06-15T01:17:23+00:00
SAO_575A-10,São Paulo,3550308,True,,1638,,,-23.5698285,-46.5778495,,,,1,2023-06-15T01:17:07+00:00
SAO_575A-10,São Paulo,3550308,True,,1638,,,-23.5410235,-46.577115500000005,,,,1,2023-06-15T01:17:40+00:00
SAO_575A-10,São Paulo,3550308,True,,1638,,,-23.5853995,-46.5804505,,,,1,2023-06-15T01:16:16+00:00
SAO_575A-10,São Paulo,3550308,True,,1638,,,-23.5410235,-46.577115500000005,,,,1,2023-06-15T01:16:37+00:00
SAO_5144-10,São Paulo,3550308,True,,34395,,,-23.592040000000004,-46.5295815,,,,2,2023-06-15T01:16:59+00:00
SAO_5144-10,São Paulo,3550308,True,,34395,,,-23.6139405,-46.501206499999995,,,,2,2023-06-15T01:15:49+00:00
SAO_5144-10,São Paulo,3550308,True,,34395,,,-23.5623565,-46.573597125,,,,2,2023-06-15T01:17:11+00:00
SAO_5144-10,São Paulo,3550308,True,,34395,,,-23.53893275,-46.60626775,,,,2,2023-06-15T01:17:26+00:00
SAO_5144-10,São Paulo,3550308,True,,34395,,,-23.586420250000003,-46.53305075,,,,2,2023-06-15T01:16:51+00:00
SAO_5144-10,São Paulo,3550308,True,,34395,,,-23.537765,-46.614636000000004,,,,2,2023-06-15T01:17:19+00:00
SAO_5144-10,São Paulo,3550308,True,,34395,,,-23.58125,-46.537955,,,,2,2023-06-15T01:17:38+00:00
SAO_5144-10,São Paulo,3550308,True,,34395,,,-23.6139405,-46.501206499999995,,,,2,2023-06-15T01:17:37+00:00
SAO_5144-10,São Paulo,3550308,True,,34395,,,-23.575611625,-46.55232725,,,,2,2023-06-15T01:17:21+00:00
SAO_3051-10,São Paulo,3550308,True,,35214,,,-23.49466475,-46.478463250000004,,,,2,2023-06-15T01:13:46+00:00
SAO_3051-10,São Paulo,3550308,True,,35214,,,-23.51209175,-46.468632,,,,2,2023-06-15T01:17:12+00:00
SAO_3051-10,São Paulo,3550308,True,,35214,,,-23.4866635,-46.482709,,,,2,2023-06-15T01:17:15+00:00
SAO_407A-10,São Paulo,3550308,True,,34962,,,-23.582096,-46.536333,,,,2,2023-06-15T01:17:25+00:00
SAO_407A-10,São Paulo,3550308,True,,34962,,,-23.5635905,-46.50201199999999,,,,2,2023-06-15T01:17:33+00:00
SAO_407A-10,São Paulo,3550308,True,,34962,,,-23.57446725,-46.51368049999999,,,,2,2023-06-15T01:17:01+00:00
SAO_407A-10,São Paulo,3550308,True,,34962,,,-23.5650915,-46.5085165,,,,2,2023-06-15T01:17:05+00:00
SAO_407A-10,São Paulo,3550308,True,,34962,,,-23.547663625,-46.58288575,,,,2,2023-06-15T01:17:14+00:00
SAO_407A-10,São Paulo,3550308,True,,34962,,,-23.539895,-46.61106075,,,,2,2023-06-15T01:16:56+00:00
SAO_5110-24,São Paulo,3550308,True,,2459,,,-23.61259,-46.479862999999995,,,,1,2023-06-15T01:17:01+00:00
SAO_5110-24,São Paulo,3550308,True,,2459,,,-23.612395,-46.4823855,,,,1,2023-06-15T01:15:54+00:00
SAO_5110-24,São Paulo,3550308,True,,2459,,,-23.5995575,-46.529061999999996,,,,1,2023-06-15T01:17:10+00:00
SAO_5110-24,São Paulo,3550308,True,,2459,,,-23.583047,-46.5743205,,,,1,2023-06-15T01:17:31+00:00
SAO_609F-10,São Paulo,3550308,True,BR7 Mobilidade,37,https://moovitapp.com/index/pt-br/transporte_p%C3%BAblico-line-37-Sao_Paulo-242-851856-596010-0,5.75,-23.667381499999998,-46.752379499999996,,,,1,2023-06-15T01:17:29+00:00
SAO_609F-10,São Paulo,3550308,True,BR7 Mobilidade,37,https://moovitapp.com/index/pt-br/transporte_p%C3%BAblico-line-37-Sao_Paulo-242-851856-596010-0,5.75,-23.627581,-46.7113815,,,,1,2023-06-15T01:17:08+00:00
SAO_609F-10,São Paulo,3550308,True,BR7 Mobilidade,37,https://moovitapp.com/index/pt-br/transporte_p%C3%BAblico-line-37-Sao_Paulo-242-851856-596010-0,5.75,-23.601517,-46.695186,,,,1,2023-06-15T01:17:13+00:00
SAO_609F-10,São Paulo,3550308,True,BR7 Mobilidade,37,https://moovitapp.com/index/pt-br/transporte_p%C3%BAblico-line-37-Sao_Paulo-242-851856-596010-0,5.75,-23.6053365,-46.6965245,,,,1,2023-06-15T01:17:27+00:00
SAO_609F-10,São Paulo,3550308,True,BR7 Mobilidade,37,https://moovitapp.com/index/pt-br/transporte_p%C3%BAblico-line-37-Sao_Paulo-242-851856-596010-0,5.75,-23.613592,-46.6986005,,,,1,2023-06-15T01:17:22+00:00
SAO_609F-10,São Paulo,3550308,True,BR7 Mobilidade,37,https://moovitapp.com/index/pt-br/transporte_p%C3%BAblico-line-37-Sao_Paulo-242-851856-596010-0,5.75,-23.560104,-46.6547515,,,,1,2023-06-15T01:17:14+00:00
SAO_609F-10,São Paulo,3550308,True,BR7 Mobilidade,37,https://moovitapp.com/index/pt-br/transporte_p%C3%BAblico-line-37-Sao_Paulo-242-851856-596010-0,5.75,-23.6680755,-46.748797,,,,1,2023-06-15T01:17:24+00:00
SAO_178Y-10,São Paulo,3550308,True,,33636,,,-23.477407499999998,-46.63344175,,,,2,2023-06-15T01:17:07+00:00
SAO_178Y-10,São Paulo,3550308,True,,33636,,,-23.470895499999997,-46.63541775,,,,2,2023-06-15T01:17:09+00:00
SAO_178Y-10,São Paulo,3550308,True,,33636,,,-23.48124575,-46.627605,,,,2,2023-06-15T01:17:37+00:00
SAO_178Y-10,São Paulo,3550308,True,,33636,,,-23.468403,-46.638752999999994,,,,2,2023-06-15T01:14:30+00:00
SAO_178Y-10,São Paulo,3550308,True,,33636,,,-23.491414,-46.617603,,,,2,2023-06-15T01:17:38+00:00
SAO_178Y-10,São Paulo,3550308,True,,33636,,,-23.464775500000002,-46.636678,,,,2,2023-06-15T01:15:05+00:00
SAO_6805-10,São Paulo,3550308,True,,31,,,-23.653259499999997,-46.735073,,,,1,2023-06-15T01:17:04+00:00
SAO_6805-10,São Paulo,3550308,True,,31,,,-23.6552405,-46.762154499999994,,,,1,2023-06-15T01:17:30+00:00
SAO_5091-10,São Paulo,3550308,True,,34291,,,-23.624298500000002,-46.63984725,,,,2,2023-06-15T01:17:30+00:00
SAO_5091-10,São Paulo,3550308,True,,34291,,,-23.652393500000002,-46.6374895,,,,2,2023-06-15T01:17:41+00:00
SAO_5091-10,São Paulo,3550308,True,,34291,,,-23.684965,-46.6746925,,,,2,2023-06-15T01:17:33+00:00
SAO_5091-10,São Paulo,3550308,True,,34291,,,-23.6462045,-46.6408615,,,,2,2023-06-15T01:17:32+00:00
SAO_5091-10,São Paulo,3550308,True,,34291,,,-23.675141500000002,-46.63053549999999,,,,2,2023-06-15T01:17:04+00:00
SAO_8215-10,São Paulo,3550308,True,,33342,,,-23.46993425,-46.693619,,,,2,2023-06-15T01:17:07+00:00
SAO_8215-10,São Paulo,3550308,True,,33342,,,-23.495513,-46.69769,,,,2,2023-06-15T01:15:29+00:00
SAO_8215-10,São Paulo,3550308,True,,33342,,,-23.5016225,-46.687653,,,,2,2023-06-15T01:17:25+00:00
SAO_8215-10,São Paulo,3550308,True,,33342,,,-23.50497125,-46.67291575,,,,2,2023-06-15T01:17:04+00:00
SAO_8215-10,São Paulo,3550308,True,,33342,,,-23.4625845,-46.704222,,,,2,2023-06-15T01:13:52+00:00
SAO_8215-10,São Paulo,3550308,True,,33342,,,-23.53772425,-46.6484115,,,,2,2023-06-15T01:17:38+00:00
SAO_4025-10,São Paulo,3550308,True,,1095,,,-23.60919925,-46.55669775,,,,1,2023-06-15T01:17:08+00:00
SAO_4025-10,São Paulo,3550308,True,,1095,,,-23.566110000000002,-46.575766,,,,1,2023-06-15T01:17:19+00:00
SAO_4025-10,São Paulo,3550308,True,,1095,,,-23.58466525,-46.580554875000004,,,,1,2023-06-15T01:17:33+00:00
SAO_4025-10,São Paulo,3550308,True,,1095,,,-23.5916455,-46.5665255,,,,1,2023-06-15T01:17:39+00:00
SAO_4025-10,São Paulo,3550308,True,,1095,,,-23.566341,-46.575886,,,,1,2023-06-15T01:17:16+00:00
SAO_4025-10,São Paulo,3550308,True,,1095,,,-23.568997500000002,-46.5780775,,,,1,2023-06-15T01:17:09+00:00
SAO_4025-10,São Paulo,3550308,True,,1095,,,-23.57716825,-46.5769955,,,,1,2023-06-15T01:17:11+00:00
SAO_4025-10,São Paulo,3550308,True,,1095,,,-23.577922,-46.57730275,,,,1,2023-06-15T01:17:21+00:00
SAO_4025-10,São Paulo,3550308,True,,1095,,,-23.54179175,-46.5786415,,,,1,2023-06-15T01:17:17+00:00
SAO_5108-10,São Paulo,3550308,True,,1675,,,-23.662393375,-46.618782874999994,,,,1,2023-06-15T01:17:20+00:00
SAO_5108-10,São Paulo,3550308,True,,1675,,,-23.547219,-46.6295935,,,,1,2023-06-15T01:17:13+00:00
SAO_5108-10,São Paulo,3550308,True,,1675,,,-23.613037,-46.617622499999996,,,,1,2023-06-15T01:17:17+00:00
SAO_5108-10,São Paulo,3550308,True,,1675,,,-23.661933875000003,-46.618261375,,,,1,2023-06-15T01:12:46+00:00
SAO_5108-10,São Paulo,3550308,True,,1675,,,-23.662470499999998,-46.619994999999996,,,,1,2023-06-15T01:16:12+00:00
SAO_5108-10,São Paulo,3550308,True,,1675,,,-23.576327,-46.610554,,,,1,2023-06-15T01:17:16+00:00
SAO_5108-10,São Paulo,3550308,True,,1675,,,-23.655412499999997,-46.6141425,,,,1,2023-06-15T01:17:21+00:00
SAO_9019-10,São Paulo,3550308,True,,34201,,,-23.46870325,-46.713320499999995,,,,2,2023-06-15T01:16:59+00:00
SAO_9019-10,São Paulo,3550308,True,,34201,,,-23.4821925,-46.7173765,,,,2,2023-06-15T01:17:15+00:00
SAO_9019-10,São Paulo,3550308,True,,34201,,,-23.48399775,-46.722451250000006,,,,2,2023-06-15T01:17:34+00:00
SAO_9019-10,São Paulo,3550308,True,,34201,,,-23.463715,-46.713826999999995,,,,2,2023-06-15T01:17:19+00:00
SAO_9019-10,São Paulo,3550308,True,,34201,,,-23.45509475,-46.7101755,,,,2,2023-06-15T01:17:00+00:00
SAO_9019-10,São Paulo,3550308,True,,34201,,,-23.480367,-46.713134,,,,2,2023-06-15T01:17:35+00:00
SAO_1177-10,São Paulo,3550308,True,,32897,,,-23.525817500000002,-46.630778,,,,2,2023-06-15T01:13:41+00:00
SAO_1177-10,São Paulo,3550308,True,,32897,,,-23.5361185,-46.632417000000004,,,,2,2023-06-15T01:17:08+00:00
SAO_1177-10,São Paulo,3550308,True,,32897,,,-23.517523,-46.480799000000005,,,,2,2023-06-15T01:17:13+00:00
SAO_1177-10,São Paulo,3550308,True,,32897,,,-23.5127235,-46.515349,,,,2,2023-06-15T01:17:40+00:00
SAO_1177-10,São Paulo,3550308,True,,32897,,,-23.5077375,-46.4912295,,,,2,2023-06-15T01:17:29+00:00
SAO_1177-10,São Paulo,3550308,True,,32897,,,-23.52926525,-46.585956,,,,2,2023-06-15T01:16:59+00:00
SAO_1177-10,São Paulo,3550308,True,,32897,,,-23.522164,-46.53876775,,,,2,2023-06-15T01:17:33+00:00
SAO_1177-10,São Paulo,3550308,True,,32897,,,-23.507530000000003,-46.4797125,,,,2,2023-06-15T01:17:23+00:00
SAO_6821-10,São Paulo,3550308,True,BR7 Mobilidade,21,https://moovitapp.com/index/pt-br/transporte_p%C3%BAblico-line-21-Sao_Paulo-242-851856-707765-0,5.75,-23.676349000000002,-46.775425,,,,1,2023-06-15T01:17:25+00:00
SAO_6821-10,São Paulo,3550308,True,BR7 Mobilidade,21,https://moovitapp.com/index/pt-br/transporte_p%C3%BAblico-line-21-Sao_Paulo-242-851856-707765-0,5.75,-23.685882499999998,-46.7807575,,,,1,2023-06-15T01:17:40+00:00
SAO_2678-10,São Paulo,3550308,True,,33151,,,-23.5159155,-46.520616000000004,,,,2,2023-06-15T01:17:39+00:00
SAO_2678-10,São Paulo,3550308,True,,33151,,,-23.4952725,-46.4319715,,,,2,2023-06-15T01:17:27+00:00
SAO_2678-10,São Paulo,3550308,True,,33151,,,-23.49332075,-46.389150875,,,,2,2023-06-15T01:17:37+00:00
SAO_2678-10,São Paulo,3550308,True,,33151,,,-23.522760249999997,-46.53187375,,,,2,2023-06-15T01:17:04+00:00
SAO_2678-10,São Paulo,3550308,True,,33151,,,-23.500183,-46.3932305,,,,2,2023-06-15T01:16:36+00:00
SAO_2678-10,São Paulo,3550308,True,,33151,,,-23.542247500000002,-46.61546725,,,,2,2023-06-15T01:16:57+00:00
SAO_2678-10,São Paulo,3550308,True,,33151,,,-23.493381749999998,-46.376870124999996,,,,2,2023-06-15T01:17:34+00:00
SAO_2678-10,São Paulo,3550308,True,,33151,,,-23.547307,-46.630022,,,,2,2023-06-15T01:17:22+00:00
SAO_2678-10,São Paulo,3550308,True,,33151,,,-23.535778625,-46.58531575,,,,2,2023-06-15T01:17:28+00:00
SAO_2678-10,São Paulo,3550308,True,,33151,,,-23.5073265,-46.478872499999994,,,,2,2023-06-15T01:17:20+00:00
SAO_917H-10,São Paulo,3550308,True,STT,456,https://moovitapp.com/index/pt-br/transporte_p%C3%BAblico-line-456-Sao_Paulo-242-850661-10416524-0,5.3,-23.58924,-46.63493750000001,,,,1,2023-06-15T01:16:59+00:00
SAO_917H-10,São Paulo,3550308,True,STT,456,https://moovitapp.com/index/pt-br/transporte_p%C3%BAblico-line-456-Sao_Paulo-242-850661-10416524-0,5.3,-23.548931500000002,-46.684773,,,,1,2023-06-15T01:17:26+00:00
SAO_917H-10,São Paulo,3550308,True,STT,456,https://moovitapp.com/index/pt-br/transporte_p%C3%BAblico-line-456-Sao_Paulo-242-850661-10416524-0,5.3,-23.5755175,-46.641569,,,,1,2023-06-15T01:17:31+00:00
SAO_917H-10,São Paulo,3550308,True,STT,456,https://moovitapp.com/index/pt-br/transporte_p%C3%BAblico-line-456-Sao_Paulo-242-850661-10416524-0,5.3,-23.588063625000004,-46.635466625,,,,1,2023-06-15T01:17:09+00:00
SAO_917H-10,São Paulo,3550308,True,STT,456,https://moovitapp.com/index/pt-br/transporte_p%C3%BAblico-line-456-Sao_Paulo-242-850661-10416524-0,5.3,-23.530219375,-46.738044625,,,,1,2023-06-15T01:17:33+00:00
SAO_917H-10,São Paulo,3550308,True,STT,456,https://moovitapp.com/index/pt-br/transporte_p%C3%BAblico-line-456-Sao_Paulo-242-850661-10416524-0,5.3,-23.549252,-46.684446,,,,1,2023-06-15T01:17:23+00:00
SAO_917H-10,São Paulo,3550308,True,STT,456,https://moovitapp.com/index/pt-br/transporte_p%C3%BAblico-line-456-Sao_Paulo-242-850661-10416524-0,5.3,-23.583523999999997,-46.637173250000004,,,,1,2023-06-15T01:16:55+00:00
SAO_917H-10,São Paulo,3550308,True,STT,456,https://moovitapp.com/index/pt-br/transporte_p%C3%BAblico-line-456-Sao_Paulo-242-850661-10416524-0,5.3,-23.58924,-46.63493750000001,,,,1,2023-06-15T01:17:04+00:00
SAO_917H-10,São Paulo,3550308,True,STT,456,https://moovitapp.com/index/pt-br/transporte_p%C3%BAblico-line-456-Sao_Paulo-242-850661-10416524-0,5.3,-23.485501,-46.745875999999996,,,,1,2023-06-15T01:17:34+00:00
SAO_917H-10,São Paulo,3550308,True,STT,456,https://moovitapp.com/index/pt-br/transporte_p%C3%BAblico-line-456-Sao_Paulo-242-850661-10416524-0,5.3,-23.486014,-46.7257505,,,,1,2023-06-15T01:17:19+00:00
SAO_917H-10,São Paulo,3550308,True,STT,456,https://moovitapp.com/index/pt-br/transporte_p%C3%BAblico-line-456-Sao_Paulo-242-850661-10416524-0,5.3,-23.580851125,-46.638879125,,,,1,2023-06-15T01:16:58+00:00
SAO_917H-10,São Paulo,3550308,True,STT,456,https://moovitapp.com/index/pt-br/transporte_p%C3%BAblico-line-456-Sao_Paulo-242-850661-10416524-0,5.3,-23.485485500000003,-46.7254255,,,,1,2023-06-15T01:17:19+00:00
SAO_917H-10,São Paulo,3550308,True,STT,456,https://moovitapp.com/index/pt-br/transporte_p%C3%BAblico-line-456-Sao_Paulo-242-850661-10416524-0,5.3,-23.589214499999997,-46.634663,,,,1,2023-06-15T01:17:15+00:00
SAO_917H-10,São Paulo,3550308,True,STT,456,https://moovitapp.com/index/pt-br/transporte_p%C3%BAblico-line-456-Sao_Paulo-242-850661-10416524-0,5.3,-23.563342874999996,-46.654325625,,,,1,2023-06-15T01:17:38+00:00
SAO_917H-10,São Paulo,3550308,True,STT,456,https://moovitapp.com/index/pt-br/transporte_p%C3%BAblico-line-456-Sao_Paulo-242-850661-10416524-0,5.3,-23.486221999999998,-46.725944999999996,,,,1,2023-06-15T01:17:00+00:00
SAO_917H-10,São Paulo,3550308,True,STT,456,https://moovitapp.com/index/pt-br/transporte_p%C3%BAblico-line-456-Sao_Paulo-242-850661-10416524-0,5.3,-23.5439475,-46.6941375,,,,1,2023-06-15T01:17:33+00:00
SAO_917H-10,São Paulo,3550308,True,STT,456,https://moovitapp.com/index/pt-br/transporte_p%C3%BAblico-line-456-Sao_Paulo-242-850661-10416524-0,5.3,-23.486014,-46.7257505,,,,1,2023-06-15T01:17:23+00:00
SAO_408A-10,São Paulo,3550308,True,,33534,,,-23.543692999999998,-46.672401,,,,2,2023-06-15T01:17:07+00:00
SAO_408A-10,São Paulo,3550308,True,,33534,,,-23.5458465,-46.662351,,,,2,2023-06-15T01:17:20+00:00
SAO_408A-10,São Paulo,3550308,True,,33534,,,-23.552137000000002,-46.634062,,,,2,2023-06-15T01:17:40+00:00
SAO_408A-10,São Paulo,3550308,True,,33534,,,-23.551361749999998,-46.640548499999994,,,,2,2023-06-15T01:16:59+00:00
SAO_408A-10,São Paulo,3550308,True,,33534,,,-23.579777,-46.632999,,,,2,2023-06-15T01:17:10+00:00
SAO_408A-10,São Paulo,3550308,True,,33534,,,-23.5455175,-46.6442955,,,,2,2023-06-15T01:17:31+00:00
SAO_8013-10,São Paulo,3550308,True,,800,,,-23.435096,-46.786397375,,,,1,2023-06-15T01:17:34+00:00
SAO_8013-10,São Paulo,3550308,True,,800,,,-23.4318903125,-46.786874375,,,,1,2023-06-15T01:17:24+00:00
SAO_8013-10,São Paulo,3550308,True,,800,,,-23.434838,-46.786431125,,,,1,2023-06-15T01:17:21+00:00
SAO_8013-10,São Paulo,3550308,True,,800,,,-23.523029,-46.717975499999994,,,,1,2023-06-15T01:17:11+00:00
SAO_8013-10,São Paulo,3550308,True,,800,,,-23.525247,-46.71580525,,,,1,2023-06-15T01:16:52+00:00
SAO_273L-10,São Paulo,3550308,True,,32992,,,-23.528577499999997,-46.450015,,,,2,2023-06-15T01:17:21+00:00
SAO_273L-10,São Paulo,3550308,True,,32992,,,-23.523044,-46.418287,,,,2,2023-06-15T01:17:21+00:00
SAO_273L-10,São Paulo,3550308,True,,32992,,,-23.533893,-46.4226755,,,,2,2023-06-15T01:16:36+00:00
SAO_273L-10,São Paulo,3550308,True,,32992,,,-23.5350535,-46.4535555,,,,2,2023-06-15T01:17:13+00:00
SAO_707A-10,São Paulo,3550308,True,,1990,,,-23.683546999999997,-46.7694185,,,,1,2023-06-15T01:17:35+00:00
SAO_707A-10,São Paulo,3550308,True,,1990,,,-23.63973575,-46.696331,,,,1,2023-06-15T01:17:16+00:00
SAO_707A-10,São Paulo,3550308,True,,1990,,,-23.6677405,-46.73030275,,,,1,2023-06-15T01:17:18+00:00
SAO_707A-10,São Paulo,3550308,True,,1990,,,-23.693058,-46.7786105,,,,1,2023-06-15T01:16:56+00:00
SAO_707A-10,São Paulo,3550308,True,,1990,,,-23.615630250000002,-46.6436285,,,,1,2023-06-15T01:17:20+00:00
SAO_707A-10,São Paulo,3550308,True,,1990,,,-23.601406500000003,-46.654028499999995,,,,1,2023-06-15T01:17:35+00:00
SAO_707A-10,São Paulo,3550308,True,,1990,,,-23.611536,-46.6362865,,,,1,2023-06-15T01:17:15+00:00
SAO_707A-10,São Paulo,3550308,True,,1990,,,-23.60575,-46.649143499999994,,,,1,2023-06-15T01:17:29+00:00
SAO_707A-10,São Paulo,3550308,True,,1990,,,-23.61605075,-46.6435655,,,,1,2023-06-15T01:17:04+00:00
SAO_707A-10,São Paulo,3550308,True,,1990,,,-23.613378875,-46.671331374999994,,,,1,2023-06-15T01:16:55+00:00
SAO_8610-10,São Paulo,3550308,True,,2063,,,-23.58253675,-46.6866725,,,,1,2023-06-15T01:17:21+00:00
SAO_8610-10,São Paulo,3550308,True,,2063,,,-23.584203000000002,-46.784999,,,,1,2023-06-15T01:17:38+00:00
SAO_8610-10,São Paulo,3550308,True,,2063,,,-23.6021575,-46.78351025,,,,1,2023-06-15T01:17:14+00:00
SAO_8610-10,São Paulo,3550308,True,,2063,,,-23.58347475,-46.7774235,,,,1,2023-06-15T01:17:27+00:00
SAO_8610-10,São Paulo,3550308,True,,2063,,,-23.551287000000002,-46.6459355,,,,1,2023-06-15T01:17:14+00:00
SAO_877T-10,São Paulo,3550308,True,,1381,,,-23.516197499999997,-46.7254385,,,,1,2023-06-15T01:17:08+00:00
SAO_877T-10,São Paulo,3550308,True,,1381,,,-23.545588000000002,-46.657639,,,,1,2023-06-15T01:17:38+00:00
SAO_877T-10,São Paulo,3550308,True,,1381,,,-23.559982625000004,-46.658242,,,,1,2023-06-15T01:17:33+00:00
SAO_1705-10,São Paulo,3550308,True,,33617,,,-23.443514,-46.587173,,,,2,2023-06-15T01:17:24+00:00
SAO_1705-10,São Paulo,3550308,True,,33617,,,-23.4563785,-46.59083275,,,,2,2023-06-15T01:17:22+00:00
SAO_1705-10,São Paulo,3550308,True,,33617,,,-23.4338605,-46.584293,,,,2,2023-06-15T01:17:14+00:00
SAO_1705-10,São Paulo,3550308,True,,33617,,,-23.434339,-46.58389525,,,,2,2023-06-15T01:17:40+00:00
SAO_1705-10,São Paulo,3550308,True,,33617,,,-23.4344995,-46.5839375,,,,2,2023-06-15T01:13:56+00:00
SAO_1705-10,São Paulo,3550308,True,,33617,,,-23.453883499999996,-46.5893845,,,,2,2023-06-15T01:17:22+00:00
SAO_1705-10,São Paulo,3550308,True,,33617,,,-23.475611999999998,-46.602992,,,,2,2023-06-15T01:17:05+00:00
SAO_1705-10,São Paulo,3550308,True,,33617,,,-23.447069499999998,-46.589728,,,,2,2023-06-15T01:17:11+00:00
SAO_1705-10,São Paulo,3550308,True,,33617,,,-23.479800500000003,-46.6022105,,,,2,2023-06-15T01:17:33+00:00
SAO_1705-10,São Paulo,3550308,True,,33617,,,-23.464100000000002,-46.59585,,,,2,2023-06-15T01:16:00+00:00
SAO_1705-10,São Paulo,3550308,True,,33617,,,-23.444602500000002,-46.586064,,,,2,2023-06-15T01:17:07+00:00
SAO_1705-10,São Paulo,3550308,True,,33617,,,-23.4338605,-46.584293,,,,2,2023-06-15T01:17:14+00:00
SAO_3025-10,São Paulo,3550308,True,,961,,,-23.54247075,-46.41617375,,,,1,2023-06-15T01:17:24+00:00
SAO_3025-10,São Paulo,3550308,True,,961,,,-23.5427145,-46.4149935,,,,1,2023-06-15T01:17:23+00:00
SAO_3025-10,São Paulo,3550308,True,,961,,,-23.542544,-46.4158275,,,,1,2023-06-15T01:17:14+00:00
SAO_3025-10,São Paulo,3550308,True,,961,,,-23.542544,-46.4158275,,,,1,2023-06-15T01:17:18+00:00
SAO_3025-10,São Paulo,3550308,True,,961,,,-23.5730795,-46.3996365,,,,1,2023-06-15T01:17:13+00:00
SAO_3025-10,São Paulo,3550308,True,,961,,,-23.568737499999997,-46.410149000000004,,,,1,2023-06-15T01:17:18+00:00
SAO_3025-10,São Paulo,3550308,True,,961,,,-23.564352999999997,-46.4149565,,,,1,2023-06-15T01:17:19+00:00
SAO_917H-10,São Paulo,3550308,True,,33224,,,-23.568155187499997,-46.648246687500006,,,,2,2023-06-15T01:17:07+00:00
SAO_917H-10,São Paulo,3550308,True,,33224,,,-23.5407465,-46.7154805,,,,2,2023-06-15T01:17:05+00:00
SAO_917H-10,São Paulo,3550308,True,,33224,,,-23.55631475,-46.66207025,,,,2,2023-06-15T01:17:23+00:00
SAO_917H-10,São Paulo,3550308,True,,33224,,,-23.4866745,-46.725972999999996,,,,2,2023-06-15T01:17:21+00:00
SAO_917H-10,São Paulo,3550308,True,,33224,,,-23.5204135,-46.752174499999995,,,,2,2023-06-15T01:16:56+00:00
SAO_917H-10,São Paulo,3550308,True,,33224,,,-23.486492,-46.725708499999996,,,,2,2023-06-15T01:17:16+00:00
SAO_917H-10,São Paulo,3550308,True,,33224,,,-23.542171,-46.696355,,,,2,2023-06-15T01:17:15+00:00
SAO_917H-10,São Paulo,3550308,True,,33224,,,-23.4854445,-46.7258095,,,,2,2023-06-15T01:17:29+00:00
SAO_917H-10,São Paulo,3550308,True,,33224,,,-23.485809000000003,-46.726257125,,,,2,2023-06-15T01:17:22+00:00
SAO_917H-10,São Paulo,3550308,True,,33224,,,-23.509071,-46.7535765,,,,2,2023-06-15T01:16:53+00:00
SAO_917H-10,São Paulo,3550308,True,,33224,,,-23.4863135,-46.725455,,,,2,2023-06-15T01:16:58+00:00
SAO_917H-10,São Paulo,3550308,True,,33224,,,-23.4881485,-46.731331499999996,,,,2,2023-06-15T01:17:20+00:00
SAO_917H-10,São Paulo,3550308,False,,33224,,,-23.507877999999998,-46.74822,,,,2,2023-06-15T01:17:19+00:00
SAO_917H-10,São Paulo,3550308,True,,33224,,,-23.508263499999998,-46.751936,,,,2,2023-06-15T01:17:17+00:00
SAO_917H-10,São Paulo,3550308,True,,33224,,,-23.4881355,-46.731741,,,,2,2023-06-15T01:16:59+00:00
SAO_9023-10,São Paulo,3550308,True,,34205,,,-23.4262795,-46.7143045,,,,2,2023-06-15T01:17:38+00:00
SAO_9023-10,São Paulo,3550308,True,,34205,,,-23.435848,-46.71495075,,,,2,2023-06-15T01:16:55+00:00
SAO_9023-10,São Paulo,3550308,True,,34205,,,-23.436388,-46.713037,,,,2,2023-06-15T01:17:09+00:00
SAO_9023-10,São Paulo,3550308,True,,34205,,,-23.423986,-46.713820999999996,,,,2,2023-06-15T01:17:19+00:00
SAO_9023-10,São Paulo,3550308,True,,34205,,,-23.419693000000002,-46.716714,,,,2,2023-06-15T01:17:36+00:00
SAO_9023-10,São Paulo,3550308,True,,34205,,,-23.419681500000003,-46.716796,,,,2,2023-06-15T01:11:07+00:00
SAO_9023-10,São Paulo,3550308,True,,34205,,,-23.454539,-46.71625,,,,2,2023-06-15T01:17:02+00:00
SAO_9023-10,São Paulo,3550308,True,,34205,,,-23.458222,-46.717801,,,,2,2023-06-15T01:17:03+00:00
SAO_9023-10,São Paulo,3550308,True,,34205,,,-23.4541015,-46.715813999999995,,,,2,2023-06-15T01:16:59+00:00
SAO_9023-10,São Paulo,3550308,True,,34205,,,-23.486371,-46.7265815,,,,2,2023-06-15T01:17:11+00:00
SAO_9023-10,São Paulo,3550308,True,,34205,,,-23.453994,-46.7163565,,,,2,2023-06-15T01:17:06+00:00
SAO_9023-10,São Paulo,3550308,True,,34205,,,-23.487007,-46.726683,,,,2,2023-06-15T01:17:27+00:00
SAO_3743-10,São Paulo,3550308,True,,1043,,,-23.5424255,-46.470012,,,,1,2023-06-15T01:13:29+00:00
SAO_3743-10,São Paulo,3550308,True,,1043,,,-23.55074725,-46.4623715,,,,1,2023-06-15T01:17:24+00:00
SAO_3743-10,São Paulo,3550308,True,,1043,,,-23.568247999999997,-46.468511500000005,,,,1,2023-06-15T01:17:31+00:00
SAO_3743-10,São Paulo,3550308,True,,1043,,,-23.600742500000003,-46.4840935,,,,1,2023-06-15T01:17:32+00:00
SAO_637A-10,São Paulo,3550308,True,,32953,,,-23.61434825,-46.70116125,,,,2,2023-06-15T01:17:37+00:00
SAO_637A-10,São Paulo,3550308,True,,32953,,,-23.617912,-46.701939499999995,,,,2,2023-06-15T01:17:20+00:00
SAO_637A-10,São Paulo,3550308,True,,32953,,,-23.604275375,-46.69879125,,,,2,2023-06-15T01:17:34+00:00
SAO_637A-10,São Paulo,3550308,True,,32953,,,-23.5956415,-46.6960695,,,,2,2023-06-15T01:17:03+00:00
SAO_637A-10,São Paulo,3550308,True,,32953,,,-23.58477775,-46.688068,,,,2,2023-06-15T01:17:09+00:00
SAO_637A-10,São Paulo,3550308,True,,32953,,,-23.644076,-46.727351,,,,2,2023-06-15T01:17:18+00:00
SAO_637A-10,São Paulo,3550308,True,,32953,,,-23.6716965,-46.741363,,,,2,2023-06-15T01:17:22+00:00
SAO_637A-10,São Paulo,3550308,True,,32953,,,-23.690684,-46.774680000000004,,,,2,2023-06-15T01:17:23+00:00
SAO_637A-10,São Paulo,3550308,True,,32953,,,-23.616605749999998,-46.70163674999999,,,,2,2023-06-15T01:17:01+00:00
SAO_637A-10,São Paulo,3550308,True,,32953,,,-23.6901525,-46.774198999999996,,,,2,2023-06-15T01:17:04+00:00
SAO_637A-10,São Paulo,3550308,True,,32953,,,-23.6447715,-46.72743125,,,,2,2023-06-15T01:17:17+00:00
SAO_637A-10,São Paulo,3550308,True,,32953,,,-23.566554,-46.701409999999996,,,,2,2023-06-15T01:17:31+00:00
SAO_637A-10,São Paulo,3550308,True,,32953,,,-23.6526135,-46.7253625,,,,2,2023-06-15T01:17:40+00:00
SAO_637A-10,São Paulo,3550308,True,,32953,,,-23.6675375,-46.730432,,,,2,2023-06-15T01:17:22+00:00
SAO_637A-10,São Paulo,3550308,True,,32953,,,-23.623425,-46.70894525,,,,2,2023-06-15T01:17:28+00:00
SAO_637A-10,São Paulo,3550308,True,,32953,,,-23.567622999999998,-46.695747,,,,2,2023-06-15T01:17:17+00:00
SAO_637A-10,São Paulo,3550308,True,,32953,,,-23.567616375,-46.6967335,,,,2,2023-06-15T01:17:37+00:00
SAO_637A-10,São Paulo,3550308,True,,32953,,,-23.629877,-46.71685825,,,,2,2023-06-15T01:17:00+00:00
SAO_637A-10,São Paulo,3550308,True,,32953,,,-23.64995825,-46.726795,,,,2,2023-06-15T01:17:19+00:00
SAO_637A-10,São Paulo,3550308,True,,32953,,,-23.6903555,-46.7743995,,,,2,2023-06-15T01:17:20+00:00
SAO_637A-10,São Paulo,3550308,True,,32953,,,-23.574119250000003,-46.688941375,,,,2,2023-06-15T01:17:25+00:00
SAO_637A-10,São Paulo,3550308,True,,32953,,,-23.61065825,-46.70034925,,,,2,2023-06-15T01:17:11+00:00
SAO_6L02-10,São Paulo,3550308,True,,1178,,,-23.869058000000003,-46.741215,,,,1,2023-06-15T01:17:36+00:00
SAO_5031-10,São Paulo,3550308,True,,34514,,,-23.608896,-46.596655999999996,,,,2,2023-06-15T01:17:16+00:00
SAO_5031-10,São Paulo,3550308,True,,34514,,,-23.612885,-46.594437,,,,2,2023-06-15T01:17:03+00:00
SAO_5031-10,São Paulo,3550308,True,,34514,,,-23.63630825,-46.590938249999994,,,,2,2023-06-15T01:17:23+00:00
SAO_5031-10,São Paulo,3550308,True,,34514,,,-23.603051999999998,-46.602856,,,,2,2023-06-15T01:17:19+00:00
SAO_5031-10,São Paulo,3550308,True,,34514,,,-23.609894500000003,-46.5960605,,,,2,2023-06-15T01:16:57+00:00
SAO_5031-10,São Paulo,3550308,True,,34514,,,-23.63630825,-46.590938249999994,,,,2,2023-06-15T01:17:13+00:00
SAO_5031-10,São Paulo,3550308,True,,34514,,,-23.606493,-46.598534,,,,2,2023-06-15T01:17:11+00:00
SAO_5031-10,São Paulo,3550308,True,,34514,,,-23.6038,-46.6003015,,,,2,2023-06-15T01:17:41+00:00
SAO_5031-10,São Paulo,3550308,True,,34514,,,-23.609894500000003,-46.5960605,,,,2,2023-06-15T01:17:00+00:00
SAO_5031-10,São Paulo,3550308,True,,34514,,,-23.617731499999998,-46.5928955,,,,2,2023-06-15T01:17:40+00:00
SAO_5031-10,São Paulo,3550308,True,,34514,,,-23.63630825,-46.590938249999994,,,,2,2023-06-15T01:17:04+00:00
SAO_5031-10,São Paulo,3550308,True,,34514,,,-23.614716,-46.593813499999996,,,,2,2023-06-15T01:17:29+00:00
SAO_5031-10,São Paulo,3550308,True,,34514,,,-23.622613125,-46.591575250000005,,,,2,2023-06-15T01:17:02+00:00
SAO_5031-10,São Paulo,3550308,True,,34514,,,-23.6360655,-46.593399000000005,,,,2,2023-06-15T01:17:14+00:00
SAO_775F-31,São Paulo,3550308,True,,35256,,,-23.605064999999996,-46.7251735,,,,2,2023-06-15T01:17:04+00:00
SAO_775F-31,São Paulo,3550308,True,,35256,,,-23.586217,-46.698084,,,,2,2023-06-15T01:17:40+00:00
SAO_775F-31,São Paulo,3550308,True,,35256,,,-23.5892205,-46.688227499999996,,,,2,2023-06-15T01:17:23+00:00
SAO_775F-31,São Paulo,3550308,True,,35256,,,-23.625424,-46.748162,,,,2,2023-06-15T01:17:41+00:00
SAO_775F-31,São Paulo,3550308,True,,35256,,,-23.631332,-46.738528,,,,2,2023-06-15T01:17:20+00:00
SAO_948A-10,São Paulo,3550308,True,,1423,,,-23.525014,-46.68632125,,,,1,2023-06-15T01:17:23+00:00
SAO_948A-10,São Paulo,3550308,True,,1423,,,-23.4985285,-46.72534424999999,,,,1,2023-06-15T01:17:19+00:00
SAO_948A-10,São Paulo,3550308,True,,1423,,,-23.525031499999997,-46.683977999999996,,,,1,2023-06-15T01:16:59+00:00
SAO_3736-10,São Paulo,3550308,True,,1036,,,-23.577151875000002,-46.483989625,,,,1,2023-06-15T01:17:21+00:00
SAO_3736-10,São Paulo,3550308,True,,1036,,,-23.5421635,-46.4837615,,,,1,2023-06-15T01:17:20+00:00
SAO_3736-10,São Paulo,3550308,True,,1036,,,-23.542244,-46.483686,,,,1,2023-06-15T01:17:21+00:00
SAO_3736-10,São Paulo,3550308,True,,1036,,,-23.575533,-46.4834125,,,,1,2023-06-15T01:17:11+00:00
SAO_3736-10,São Paulo,3550308,True,,1036,,,-23.5663055,-46.475056249999994,,,,1,2023-06-15T01:17:23+00:00
SAO_3736-10,São Paulo,3550308,True,,1036,,,-23.5508795,-46.48185025,,,,1,2023-06-15T01:17:34+00:00
SAO_3736-10,São Paulo,3550308,True,,1036,,,-23.542085,-46.483832,,,,1,2023-06-15T01:17:15+00:00
SAO_3736-10,São Paulo,3550308,True,,1036,,,-23.554534,-46.4810545,,,,1,2023-06-15T01:17:16+00:00
SAO_3736-10,São Paulo,3550308,True,,1036,,,-23.5699695,-46.4796545,,,,1,2023-06-15T01:17:12+00:00
SAO_148L-10,São Paulo,3550308,True,EMTU,531,https://moovitapp.com/index/pt-br/transporte_p%C3%BAblico-line-531-Sao_Paulo-242-2038937-36419543-0,4.4,-23.454537,-46.6522975,,,,1,2023-06-15T01:16:56+00:00
SAO_148L-10,São Paulo,3550308,True,EMTU,531,https://moovitapp.com/index/pt-br/transporte_p%C3%BAblico-line-531-Sao_Paulo-242-2038937-36419543-0,4.4,-23.4805725,-46.6731805,,,,1,2023-06-15T01:14:04+00:00
SAO_148L-10,São Paulo,3550308,True,EMTU,531,https://moovitapp.com/index/pt-br/transporte_p%C3%BAblico-line-531-Sao_Paulo-242-2038937-36419543-0,4.4,-23.470734999999998,-46.650088999999994,,,,1,2023-06-15T01:17:12+00:00
SAO_148L-10,São Paulo,3550308,True,EMTU,531,https://moovitapp.com/index/pt-br/transporte_p%C3%BAblico-line-531-Sao_Paulo-242-2038937-36419543-0,4.4,-23.515252500000003,-46.695087,,,,1,2023-06-15T01:17:01+00:00
SAO_148L-10,São Paulo,3550308,True,EMTU,531,https://moovitapp.com/index/pt-br/transporte_p%C3%BAblico-line-531-Sao_Paulo-242-2038937-36419543-0,4.4,-23.45868825,-46.65771875,,,,1,2023-06-15T01:16:57+00:00
SAO_148L-10,São Paulo,3550308,True,EMTU,531,https://moovitapp.com/index/pt-br/transporte_p%C3%BAblico-line-531-Sao_Paulo-242-2038937-36419543-0,4.4,-23.46433675,-46.65358325,,,,1,2023-06-15T01:17:12+00:00
SAO_148L-10,São Paulo,3550308,True,EMTU,531,https://moovitapp.com/index/pt-br/transporte_p%C3%BAblico-line-531-Sao_Paulo-242-2038937-36419543-0,4.4,-23.50318,-46.6723615,,,,1,2023-06-15T01:17:35+00:00
SAO_148L-10,São Paulo,3550308,True,EMTU,531,https://moovitapp.com/index/pt-br/transporte_p%C3%BAblico-line-531-Sao_Paulo-242-2038937-36419543-0,4.4,-23.454537,-46.6522975,,,,1,2023-06-15T01:17:34+00:00
SAO_8055-10,São Paulo,3550308,True,,33182,,,-23.404925499999997,-46.7511505,,,,2,2023-06-15T01:17:14+00:00
SAO_8055-10,São Paulo,3550308,True,,33182,,,-23.4315405,-46.7867875,,,,2,2023-06-15T01:17:37+00:00
SAO_8055-10,São Paulo,3550308,True,,33182,,,-23.4086475,-46.740632500000004,,,,2,2023-06-15T01:17:13+00:00
SAO_8055-10,São Paulo,3550308,True,,33182,,,-23.504536,-46.752384,,,,2,2023-06-15T01:16:57+00:00
SAO_8055-10,São Paulo,3550308,True,,33182,,,-23.504867,-46.7521245,,,,2,2023-06-15T01:17:33+00:00
SAO_8055-10,São Paulo,3550308,True,,33182,,,-23.408178,-46.7411865,,,,2,2023-06-15T01:17:31+00:00
SAO_8055-10,São Paulo,3550308,True,,33182,,,-23.436648375,-46.7860225,,,,2,2023-06-15T01:17:27+00:00
SAO_8055-10,São Paulo,3550308,True,,33182,,,-23.4067495,-46.775187,,,,2,2023-06-15T01:17:35+00:00
SAO_8055-10,São Paulo,3550308,True,,33182,,,-23.51828,-46.7033565,,,,2,2023-06-15T01:17:36+00:00
SAO_8055-10,São Paulo,3550308,True,,33182,,,-23.435961875,-46.7861245,,,,2,2023-06-15T01:17:02+00:00
SAO_4706-10,São Paulo,3550308,True,,33067,,,-23.637962,-46.595342,,,,2,2023-06-15T01:17:02+00:00
SAO_4706-10,São Paulo,3550308,True,,33067,,,-23.623963500000002,-46.607318,,,,2,2023-06-15T01:17:16+00:00
SAO_4706-10,São Paulo,3550308,True,,33067,,,-23.5931425,-46.634645500000005,,,,2,2023-06-15T01:17:05+00:00
SAO_4706-10,São Paulo,3550308,True,,33067,,,-23.602352125000003,-46.611489000000006,,,,2,2023-06-15T01:17:23+00:00
SAO_5035-10,São Paulo,3550308,True,,1668,,,-23.6074965,-46.5975975,,,,1,2023-06-15T01:17:37+00:00
SAO_5035-10,São Paulo,3550308,True,,1668,,,-23.63559925,-46.5928035,,,,1,2023-06-15T01:17:23+00:00
SAO_5035-10,São Paulo,3550308,True,,1668,,,-23.625549,-46.594055,,,,1,2023-06-15T01:17:19+00:00
SAO_4018-10,São Paulo,3550308,True,,34959,,,-23.596007999999998,-46.4529145,,,,2,2023-06-15T01:16:40+00:00
SAO_4018-10,São Paulo,3550308,True,,34959,,,-23.6006425,-46.3996595,,,,2,2023-06-15T01:17:37+00:00
SAO_4018-10,São Paulo,3550308,True,,34959,,,-23.581097,-46.414367500000004,,,,2,2023-06-15T01:17:38+00:00
SAO_4018-10,São Paulo,3550308,True,,34959,,,-23.582728,-46.4150995,,,,2,2023-06-15T01:17:04+00:00
SAO_4018-10,São Paulo,3550308,True,,34959,,,-23.59524125,-46.4396145,,,,2,2023-06-15T01:17:10+00:00
SAO_4018-10,São Paulo,3550308,True,,34959,,,-23.5830225,-46.4086875,,,,2,2023-06-15T01:17:34+00:00
SAO_4018-10,São Paulo,3550308,True,,34959,,,-23.581291,-46.4146645,,,,2,2023-06-15T01:17:14+00:00
SAO_4018-10,São Paulo,3550308,True,,34959,,,-23.595212,-46.432807499999996,,,,2,2023-06-15T01:17:28+00:00
SAO_4018-10,São Paulo,3550308,True,,34959,,,-23.6008165,-46.399510500000005,,,,2,2023-06-15T01:17:14+00:00
SAO_4018-10,São Paulo,3550308,True,,34959,,,-23.595138125,-46.429589,,,,2,2023-06-15T01:17:30+00:00
SAO_4018-10,São Paulo,3550308,True,,34959,,,-23.595904250000004,-46.43729625,,,,2,2023-06-15T01:17:33+00:00
SAO_4018-10,São Paulo,3550308,True,,34959,,,-23.601313750000003,-46.399062,,,,2,2023-06-15T01:17:01+00:00
SAO_4018-10,São Paulo,3550308,True,,34959,,,-23.612474499999998,-46.475511499999996,,,,2,2023-06-15T01:17:20+00:00
SAO_4018-10,São Paulo,3550308,True,,34959,,,-23.6008165,-46.399510500000005,,,,2,2023-06-15T01:17:31+00:00
SAO_4018-10,São Paulo,3550308,True,,34959,,,-23.580378625,-46.4131895,,,,2,2023-06-15T01:16:59+00:00
SAO_5290-10,São Paulo,3550308,True,,33365,,,-23.59562375,-46.63670275,,,,2,2023-06-15T01:17:36+00:00
SAO_5290-10,São Paulo,3550308,True,,33365,,,-23.680734,-46.635801,,,,2,2023-06-15T01:17:38+00:00
SAO_5290-10,São Paulo,3550308,True,,33365,,,-23.6278265,-46.643551,,,,2,2023-06-15T01:17:37+00:00
SAO_5290-10,São Paulo,3550308,True,,33365,,,-23.5805365,-46.639079499999994,,,,2,2023-06-15T01:17:18+00:00
SAO_5290-10,São Paulo,3550308,True,,33365,,,-23.6756655,-46.6298825,,,,2,2023-06-15T01:15:34+00:00
SAO_5290-10,São Paulo,3550308,True,,33365,,,-23.6810605,-46.6363105,,,,2,2023-06-15T01:17:13+00:00
SAO_5290-10,São Paulo,3550308,True,,33365,,,-23.658382,-46.6360325,,,,2,2023-06-15T01:17:26+00:00
SAO_5290-10,São Paulo,3550308,True,,33365,,,-23.6810605,-46.6363105,,,,2,2023-06-15T01:17:15+00:00
SAO_5290-10,São Paulo,3550308,True,,33365,,,-23.680852,-46.636013000000005,,,,2,2023-06-15T01:17:37+00:00
SAO_5290-10,São Paulo,3550308,True,,33365,,,-23.64599175,-46.64096275,,,,2,2023-06-15T01:17:34+00:00
SAO_5290-10,São Paulo,3550308,True,,33365,,,-23.6346335,-46.641412,,,,2,2023-06-15T01:17:05+00:00
SAO_5391-10,São Paulo,3550308,True,,32939,,,-23.667395499999998,-46.729535,,,,2,2023-06-15T01:17:34+00:00
SAO_5391-10,São Paulo,3550308,True,,32939,,,-23.648953749999997,-46.70467775,,,,2,2023-06-15T01:17:23+00:00
SAO_5391-10,São Paulo,3550308,True,,32939,,,-23.6496535,-46.7052775,,,,2,2023-06-15T01:16:12+00:00
SAO_5391-10,São Paulo,3550308,True,,32939,,,-23.684307500000003,-46.770112749999996,,,,2,2023-06-15T01:16:57+00:00
SAO_5391-10,São Paulo,3550308,True,,32939,,,-23.5517905,-46.6373745,,,,2,2023-06-15T01:17:32+00:00
SAO_5391-10,São Paulo,3550308,True,,32939,,,-23.659254750000002,-46.706582999999995,,,,2,2023-06-15T01:17:01+00:00
SAO_5391-10,São Paulo,3550308,True,,32939,,,-23.551664000000002,-46.6372965,,,,2,2023-06-15T01:17:33+00:00
SAO_5391-10,São Paulo,3550308,True,,32939,,,-23.6216535,-46.679291000000006,,,,2,2023-06-15T01:17:18+00:00
SAO_5391-10,São Paulo,3550308,True,,32939,,,-23.58160625,-46.65627475,,,,2,2023-06-15T01:17:14+00:00
SAO_5391-10,São Paulo,3550308,True,,32939,,,-23.641780124999997,-46.699149125000005,,,,2,2023-06-15T01:17:31+00:00
SAO_5391-10,São Paulo,3550308,True,,32939,,,-23.635838749999998,-46.692663249999995,,,,2,2023-06-15T01:17:25+00:00
SAO_5391-10,São Paulo,3550308,True,,32939,,,-23.6496535,-46.7052775,,,,2,2023-06-15T01:17:30+00:00
SAO_5391-10,São Paulo,3550308,True,,32939,,,-23.677204500000002,-46.75976,,,,2,2023-06-15T01:17:13+00:00
SAO_5391-10,São Paulo,3550308,True,,32939,,,-23.572406125,-46.641142875,,,,2,2023-06-15T01:17:29+00:00
SAO_607M-10,São Paulo,3550308,True,,2036,,,-23.613912,-46.6959415,,,,1,2023-06-15T01:17:21+00:00
SAO_175T-10,São Paulo,3550308,True,,623,,,-23.6006175,-46.651394499999995,,,,1,2023-06-15T01:15:38+00:00
SAO_175T-10,São Paulo,3550308,True,,623,,,-23.59490325,-46.65085,,,,1,2023-06-15T01:17:17+00:00
SAO_175T-10,São Paulo,3550308,True,,623,,,-23.516329,-46.625257500000004,,,,1,2023-06-15T01:17:18+00:00
SAO_175T-10,São Paulo,3550308,True,,623,,,-23.6311,-46.6634445,,,,1,2023-06-15T01:17:18+00:00
SAO_175T-10,São Paulo,3550308,True,,623,,,-23.653881,-46.6379745,,,,1,2023-06-15T01:17:20+00:00
SAO_175T-10,São Paulo,3550308,True,,623,,,-23.5369434375,-46.6343083125,,,,1,2023-06-15T01:17:22+00:00
SAO_175T-10,São Paulo,3550308,True,,623,,,-23.5366815625,-46.634228687500006,,,,1,2023-06-15T01:17:28+00:00
SAO_175T-10,São Paulo,3550308,True,,623,,,-23.63816225,-46.65638725,,,,1,2023-06-15T01:17:28+00:00
SAO_175T-10,São Paulo,3550308,True,,623,,,-23.5063115,-46.6237475,,,,1,2023-06-15T01:16:56+00:00
SAO_175T-10,São Paulo,3550308,True,,623,,,-23.634011,-46.6431895,,,,1,2023-06-15T01:17:03+00:00
SAO_175T-10,São Paulo,3550308,True,,623,,,-23.629403,-46.667378,,,,1,2023-06-15T01:17:18+00:00
SAO_175T-10,São Paulo,3550308,True,,623,,,-23.5366815625,-46.634228687500006,,,,1,2023-06-15T01:17:31+00:00
SAO_3778-10,São Paulo,3550308,True,,1062,,,-23.5727115,-46.505411375,,,,1,2023-06-15T01:17:13+00:00
SAO_3778-10,São Paulo,3550308,True,,1062,,,-23.55036275,-46.533575,,,,1,2023-06-15T01:17:04+00:00
SAO_3778-10,São Paulo,3550308,True,,1062,,,-23.5391935,-46.566613000000004,,,,1,2023-06-15T01:17:31+00:00
SAO_3778-10,São Paulo,3550308,True,,1062,,,-23.542819,-46.548100500000004,,,,1,2023-06-15T01:17:10+00:00
SAO_3778-10,São Paulo,3550308,True,,1062,,,-23.538515,-46.56404,,,,1,2023-06-15T01:17:41+00:00
SAO_3778-10,São Paulo,3550308,True,,1062,,,-23.575792,-46.4933515,,,,1,2023-06-15T01:17:26+00:00
SAO_3778-10,São Paulo,3550308,True,,1062,,,-23.5386545,-46.565125,,,,1,2023-06-15T01:17:16+00:00
SAO_1025-10,São Paulo,3550308,True,,35071,,,-23.4708355,-46.698254000000006,,,,2,2023-06-15T01:17:36+00:00
SAO_1025-10,São Paulo,3550308,True,,35071,,,-23.457365,-46.703833,,,,2,2023-06-15T01:17:20+00:00
SAO_637V-10,São Paulo,3550308,True,,32872,,,-23.68741675,-46.702746250000004,,,,2,2023-06-15T01:17:31+00:00
SAO_637V-10,São Paulo,3550308,True,,32872,,,-23.7382055,-46.6893095,,,,2,2023-06-15T01:17:38+00:00
SAO_637V-10,São Paulo,3550308,True,,32872,,,-23.7259935,-46.68622875,,,,2,2023-06-15T01:17:16+00:00
SAO_637V-10,São Paulo,3550308,True,,32872,,,-23.713659749999998,-46.68957625,,,,2,2023-06-15T01:17:37+00:00
SAO_637V-10,São Paulo,3550308,True,,32872,,,-23.664896875,-46.710180125,,,,2,2023-06-15T01:17:34+00:00
SAO_5791-10,São Paulo,3550308,True,,33375,,,-23.648086499999998,-46.6402415,,,,2,2023-06-15T01:17:17+00:00
SAO_5791-10,São Paulo,3550308,True,,33375,,,-23.704591,-46.626906000000005,,,,2,2023-06-15T01:17:31+00:00
SAO_5791-10,São Paulo,3550308,True,,33375,,,-23.6254345,-46.640848,,,,2,2023-06-15T01:17:09+00:00
SAO_5791-10,São Paulo,3550308,True,,33375,,,-23.699709249999998,-46.642551,,,,2,2023-06-15T01:17:39+00:00
SAO_5791-10,São Paulo,3550308,True,,33375,,,-23.630232999999997,-46.6468435,,,,2,2023-06-15T01:17:00+00:00
SAO_5791-10,São Paulo,3550308,True,,33375,,,-23.568047999999997,-46.639975,,,,2,2023-06-15T01:17:01+00:00
SAO_5791-10,São Paulo,3550308,True,,33375,,,-23.634299,-46.6424875,,,,2,2023-06-15T01:17:34+00:00
SAO_5791-10,São Paulo,3550308,True,,33375,,,-23.689773,-46.6435305,,,,2,2023-06-15T01:17:01+00:00
SAO_5791-10,São Paulo,3550308,True,,33375,,,-23.64643375,-46.64072075,,,,2,2023-06-15T01:17:27+00:00
SAO_5791-10,São Paulo,3550308,True,,33375,,,-23.638773,-46.6413235,,,,2,2023-06-15T01:17:02+00:00
SAO_575A-10,São Paulo,3550308,True,,34406,,,-23.569391500000002,-46.578728,,,,2,2023-06-15T01:17:30+00:00
SAO_575A-10,São Paulo,3550308,True,,34406,,,-23.596653500000002,-46.577309,,,,2,2023-06-15T01:17:29+00:00
SAO_575A-10,São Paulo,3550308,True,,34406,,,-23.602311375,-46.5706325,,,,2,2023-06-15T01:17:25+00:00
SAO_575A-10,São Paulo,3550308,True,,34406,,,-23.556874999999998,-46.585266000000004,,,,2,2023-06-15T01:17:17+00:00
SAO_2590-10,São Paulo,3550308,True,,33680,,,-23.4887373125,-46.46473175,,,,2,2023-06-15T01:14:56+00:00
SAO_2590-10,São Paulo,3550308,True,,33680,,,-23.544275374999998,-46.61878887500001,,,,2,2023-06-15T01:16:48+00:00
SAO_2590-10,São Paulo,3550308,True,,33680,,,-23.483483,-46.4655195,,,,2,2023-06-15T01:17:32+00:00
SAO_2590-10,São Paulo,3550308,True,,33680,,,-23.521151500000002,-46.54670075,,,,2,2023-06-15T01:17:15+00:00
SAO_2590-10,São Paulo,3550308,True,,33680,,,-23.5321845,-46.561195,,,,2,2023-06-15T01:17:31+00:00
SAO_2590-10,São Paulo,3550308,True,,33680,,,-23.534668,-46.568568,,,,2,2023-06-15T01:17:37+00:00
SAO_2590-10,São Paulo,3550308,True,,33680,,,-23.502458625000003,-46.534803124999996,,,,2,2023-06-15T01:16:31+00:00
SAO_2590-10,São Paulo,3550308,True,,33680,,,-23.4960855,-46.510296999999994,,,,2,2023-06-15T01:17:16+00:00
SAO_5652-10,São Paulo,3550308,True,,33042,,,-23.7037525,-46.6880615,,,,2,2023-06-15T01:17:23+00:00
SAO_5652-10,São Paulo,3550308,True,,33042,,,-23.7220875,-46.695124,,,,2,2023-06-15T01:17:27+00:00
SAO_5652-10,São Paulo,3550308,True,,33042,,,-23.677051499999997,-46.681109000000006,,,,2,2023-06-15T01:17:34+00:00
SAO_5652-10,São Paulo,3550308,True,,33042,,,-23.704033000000003,-46.688122,,,,2,2023-06-15T01:17:11+00:00
SAO_5652-10,São Paulo,3550308,True,,33042,,,-23.629791500000003,-46.668077,,,,2,2023-06-15T01:17:22+00:00
SAO_5652-10,São Paulo,3550308,True,,33042,,,-23.721588500000003,-46.6900635,,,,2,2023-06-15T01:16:57+00:00
SAO_5652-10,São Paulo,3550308,True,,33042,,,-23.59529375,-46.650884,,,,2,2023-06-15T01:17:21+00:00
SAO_5652-10,São Paulo,3550308,True,,33042,,,-23.686216,-46.693711,,,,2,2023-06-15T01:13:50+00:00
SAO_5652-10,São Paulo,3550308,True,,33042,,,-23.662667499999998,-46.679049500000005,,,,2,2023-06-15T01:17:04+00:00
SAO_9191-10,São Paulo,3550308,True,EMTU,810,https://moovitapp.com/index/pt-br/transporte_p%C3%BAblico-line-810-Sao_Paulo-242-2038937-36419585-0,5.4,-23.525041,-46.6603935,,,,1,2023-06-15T01:17:29+00:00
SAO_9191-10,São Paulo,3550308,True,EMTU,810,https://moovitapp.com/index/pt-br/transporte_p%C3%BAblico-line-810-Sao_Paulo-242-2038937-36419585-0,5.4,-23.525756875,-46.654796375000004,,,,1,2023-06-15T01:17:11+00:00
SAO_9191-10,São Paulo,3550308,True,EMTU,810,https://moovitapp.com/index/pt-br/transporte_p%C3%BAblico-line-810-Sao_Paulo-242-2038937-36419585-0,5.4,-23.516701250000004,-46.6670465,,,,1,2023-06-15T01:17:40+00:00
SAO_9191-10,São Paulo,3550308,True,EMTU,810,https://moovitapp.com/index/pt-br/transporte_p%C3%BAblico-line-810-Sao_Paulo-242-2038937-36419585-0,5.4,-23.51922,-46.667441,,,,1,2023-06-15T01:17:10+00:00
SAO_9191-10,São Paulo,3550308,True,EMTU,810,https://moovitapp.com/index/pt-br/transporte_p%C3%BAblico-line-810-Sao_Paulo-242-2038937-36419585-0,5.4,-23.4597255,-46.673644499999995,,,,1,2023-06-15T01:17:37+00:00
SAO_9191-10,São Paulo,3550308,True,EMTU,810,https://moovitapp.com/index/pt-br/transporte_p%C3%BAblico-line-810-Sao_Paulo-242-2038937-36419585-0,5.4,-23.46045675,-46.677351,,,,1,2023-06-15T01:17:05+00:00
SAO_9191-10,São Paulo,3550308,True,EMTU,810,https://moovitapp.com/index/pt-br/transporte_p%C3%BAblico-line-810-Sao_Paulo-242-2038937-36419585-0,5.4,-23.480251,-46.673195500000006,,,,1,2023-06-15T01:17:22+00:00
SAO_9191-10,São Paulo,3550308,True,EMTU,810,https://moovitapp.com/index/pt-br/transporte_p%C3%BAblico-line-810-Sao_Paulo-242-2038937-36419585-0,5.4,-23.525847937499996,-46.631858750000006,,,,1,2023-06-15T01:17:19+00:00
SAO_9191-10,São Paulo,3550308,True,EMTU,810,https://moovitapp.com/index/pt-br/transporte_p%C3%BAblico-line-810-Sao_Paulo-242-2038937-36419585-0,5.4,-23.5257458125,-46.63221625,,,,1,2023-06-15T01:17:27+00:00
SAO_9191-10,São Paulo,3550308,True,EMTU,810,https://moovitapp.com/index/pt-br/transporte_p%C3%BAblico-line-810-Sao_Paulo-242-2038937-36419585-0,5.4,-23.472409,-46.66674225,,,,1,2023-06-15T01:17:09+00:00
SAO_5013-10,São Paulo,3550308,True,,33885,,,-23.653772500000002,-46.704392,,,,2,2023-06-15T01:17:08+00:00
SAO_5013-10,São Paulo,3550308,True,,33885,,,-23.6836895,-46.633624,,,,2,2023-06-15T01:14:53+00:00
SAO_5013-10,São Paulo,3550308,True,,33885,,,-23.661797999999997,-46.6934765,,,,2,2023-06-15T01:17:17+00:00
SAO_5013-10,São Paulo,3550308,True,,33885,,,-23.679383,-46.631049625,,,,2,2023-06-15T01:17:02+00:00
SAO_5013-10,São Paulo,3550308,True,,33885,,,-23.683602875,-46.650417125,,,,2,2023-06-15T01:12:59+00:00
SAO_5013-10,São Paulo,3550308,True,,33885,,,-23.674839,-46.685976999999994,,,,2,2023-06-15T01:17:27+00:00
SAO_5013-10,São Paulo,3550308,True,,33885,,,-23.67548925,-46.685847499999994,,,,2,2023-06-15T01:17:06+00:00
SAO_5013-10,São Paulo,3550308,True,,33885,,,-23.674795500000002,-46.678436500000004,,,,2,2023-06-15T01:17:39+00:00
SAO_5013-10,São Paulo,3550308,True,,33885,,,-23.677236999999998,-46.685503499999996,,,,2,2023-06-15T01:17:00+00:00
SAO_2732-10,São Paulo,3550308,True,,947,,,-23.536271499999998,-46.466714499999995,,,,1,2023-06-15T01:15:03+00:00
SAO_2732-10,São Paulo,3550308,True,,947,,,-23.5369655,-46.4752435,,,,1,2023-06-15T01:17:15+00:00
SAO_2732-10,São Paulo,3550308,True,,947,,,-23.5402155,-46.483134,,,,1,2023-06-15T01:17:12+00:00
SAO_6056-10,São Paulo,3550308,True,,33915,,,-23.736947,-46.697388000000004,,,,2,2023-06-15T01:17:14+00:00
SAO_6056-10,São Paulo,3550308,True,,33915,,,-23.736292,-46.696856499999996,,,,2,2023-06-15T01:17:09+00:00
SAO_6056-10,São Paulo,3550308,True,,33915,,,-23.736947,-46.697388000000004,,,,2,2023-06-15T01:17:07+00:00
SAO_6056-10,São Paulo,3550308,True,,33915,,,-23.763256499999997,-46.697663,,,,2,2023-06-15T01:17:02+00:00
SAO_6056-10,São Paulo,3550308,True,,33915,,,-23.763256499999997,-46.697663,,,,2,2023-06-15T01:17:10+00:00
SAO_971V-10,São Paulo,3550308,True,,619,,,-23.516318499999997,-46.616457999999994,,,,1,2023-06-15T01:17:33+00:00
SAO_971V-10,São Paulo,3550308,True,,619,,,-23.513510625000002,-46.616156249999996,,,,1,2023-06-15T01:17:18+00:00
SAO_971V-10,São Paulo,3550308,True,,619,,,-23.50025125,-46.63437975,,,,1,2023-06-15T01:17:14+00:00
SAO_971V-10,São Paulo,3550308,True,,619,,,-23.512406249999998,-46.6256385,,,,1,2023-06-15T01:17:22+00:00
SAO_971V-10,São Paulo,3550308,True,,619,,,-23.482450749999998,-46.67278175,,,,1,2023-06-15T01:16:56+00:00
SAO_971V-10,São Paulo,3550308,True,,619,,,-23.491743,-46.672334,,,,1,2023-06-15T01:17:03+00:00
SAO_971V-10,São Paulo,3550308,True,,619,,,-23.451717000000002,-46.6916545,,,,1,2023-06-15T01:17:11+00:00
SAO_2018-10,São Paulo,3550308,True,,904,,,-23.50222675,-46.4189705,,,,1,2023-06-15T01:15:34+00:00
SAO_2018-10,São Paulo,3550308,True,,904,,,-23.509726500000003,-46.4129855,,,,1,2023-06-15T01:16:17+00:00
SAO_2018-10,São Paulo,3550308,True,,904,,,-23.495422750000003,-46.423273249999994,,,,1,2023-06-15T01:17:28+00:00
SAO_2018-10,São Paulo,3550308,True,,904,,,-23.492287,-46.4407255,,,,1,2023-06-15T01:17:26+00:00
SAO_2018-10,São Paulo,3550308,True,,904,,,-23.510486999999998,-46.406726500000005,,,,1,2023-06-15T01:17:21+00:00
SAO_807A-10,São Paulo,3550308,True,,34668,,,-23.638002,-46.7677385,,,,2,2023-06-15T01:17:08+00:00
SAO_807A-10,São Paulo,3550308,True,,34668,,,-23.633649,-46.771744,,,,2,2023-06-15T01:17:21+00:00
SAO_807A-10,São Paulo,3550308,True,,34668,,,-23.630661,-46.773396000000005,,,,2,2023-06-15T01:17:15+00:00
SAO_807A-10,São Paulo,3550308,True,,34668,,,-23.64531,-46.7130375,,,,2,2023-06-15T01:17:09+00:00
SAO_807A-10,São Paulo,3550308,True,,34668,,,-23.6497811875,-46.70390193750001,,,,2,2023-06-15T01:17:17+00:00
SAO_807A-10,São Paulo,3550308,True,,34668,,,-23.64481825,-46.71861725,,,,2,2023-06-15T01:17:26+00:00
SAO_807A-10,São Paulo,3550308,True,,34668,,,-23.635552875,-46.769846,,,,2,2023-06-15T01:17:17+00:00
SAO_807A-10,São Paulo,3550308,True,,34668,,,-23.6493095,-46.7519875,,,,2,2023-06-15T01:17:35+00:00
SAO_5131-10,São Paulo,3550308,True,,1282,,,-23.662131,-46.669439,,,,1,2023-06-15T01:17:39+00:00
SAO_5131-10,São Paulo,3550308,True,,1282,,,-23.554430500000002,-46.638824125,,,,1,2023-06-15T01:17:39+00:00
SAO_5131-10,São Paulo,3550308,True,,1282,,,-23.59641125,-46.67341025,,,,1,2023-06-15T01:17:33+00:00
SAO_5032-10,São Paulo,3550308,True,,34430,,,-23.6023425,-46.6026925,,,,2,2023-06-15T01:17:24+00:00
SAO_5032-10,São Paulo,3550308,True,,34430,,,-23.634148,-46.587728999999996,,,,2,2023-06-15T01:17:38+00:00
SAO_5032-10,São Paulo,3550308,True,,34430,,,-23.59363125,-46.59337,,,,2,2023-06-15T01:17:36+00:00
SAO_5032-10,São Paulo,3550308,True,,34430,,,-23.6291995,-46.589616500000005,,,,2,2023-06-15T01:17:02+00:00
SAO_5032-10,São Paulo,3550308,True,,34430,,,-23.630733499999998,-46.58568725,,,,2,2023-06-15T01:17:35+00:00
SAO_5032-10,São Paulo,3550308,True,,34430,,,-23.6044825,-46.5935365,,,,2,2023-06-15T01:17:33+00:00
SAO_5032-10,São Paulo,3550308,True,,34430,,,-23.623826,-46.591074000000006,,,,2,2023-06-15T01:16:58+00:00
SAO_5032-10,São Paulo,3550308,True,,34430,,,-23.593387749999998,-46.59357975,,,,2,2023-06-15T01:16:57+00:00
SAO_5032-10,São Paulo,3550308,True,,34430,,,-23.60436,-46.59319575,,,,2,2023-06-15T01:16:59+00:00
SAO_5032-10,São Paulo,3550308,True,,34430,,,-23.61600225,-46.593427250000005,,,,2,2023-06-15T01:17:42+00:00
SAO_4052-10,São Paulo,3550308,True,,2145,,,-23.528577,-46.446772,,,,1,2023-06-15T01:16:41+00:00
SAO_4052-10,São Paulo,3550308,True,,2145,,,-23.542396,-46.4708055,,,,1,2023-06-15T01:17:41+00:00
SAO_476A-10,São Paulo,3550308,True,,304,,,-23.644267,-46.701417125000006,,,,1,2023-06-15T01:11:30+00:00
SAO_476A-10,São Paulo,3550308,True,,304,,,-23.643996,-46.7012325,,,,1,2023-06-15T01:17:33+00:00
SAO_476A-10,São Paulo,3550308,True,,304,,,-23.617947875,-46.673585375,,,,1,2023-06-15T01:17:11+00:00
SAO_476A-10,São Paulo,3550308,True,,304,,,-23.6023735,-46.611771000000005,,,,1,2023-06-15T01:17:07+00:00
SAO_573A-10,São Paulo,3550308,True,,1637,,,-23.597714500000002,-46.5606205,,,,1,2023-06-15T01:17:40+00:00
SAO_573A-10,São Paulo,3550308,True,,1637,,,-23.597714500000002,-46.5606205,,,,1,2023-06-15T01:17:21+00:00
SAO_573A-10,São Paulo,3550308,True,,1637,,,-23.600944749999996,-46.56331075,,,,1,2023-06-15T01:17:39+00:00
SAO_573A-10,São Paulo,3550308,True,,1637,,,-23.5846995,-46.583796,,,,1,2023-06-15T01:14:25+00:00
SAO_573A-10,São Paulo,3550308,True,,1637,,,-23.552159375000002,-46.603219625,,,,1,2023-06-15T01:17:13+00:00
SAO_573A-10,São Paulo,3550308,True,,1637,,,-23.565542,-46.594721,,,,1,2023-06-15T01:13:38+00:00
SAO_4210-10,São Paulo,3550308,True,,2170,,,-23.595284,-46.4336225,,,,1,2023-06-15T01:17:05+00:00
SAO_4210-10,São Paulo,3550308,True,,2170,,,-23.53916175,-46.6078665,,,,1,2023-06-15T01:17:41+00:00
SAO_4210-10,São Paulo,3550308,True,,2170,,,-23.546727,-46.629723999999996,,,,1,2023-06-15T01:17:23+00:00
SAO_4210-10,São Paulo,3550308,True,,2170,,,-23.5864985,-46.48677,,,,1,2023-06-15T01:17:25+00:00
SAO_4210-10,São Paulo,3550308,True,,2170,,,-23.594598,-46.4421435,,,,1,2023-06-15T01:17:17+00:00
SAO_4210-10,São Paulo,3550308,True,,2170,,,-23.594517500000002,-46.447731,,,,1,2023-06-15T01:17:20+00:00
SAO_4210-10,São Paulo,3550308,True,,2170,,,-23.585396499999998,-46.414854500000004,,,,1,2023-06-15T01:14:59+00:00
SAO_4210-10,São Paulo,3550308,True,,2170,,,-23.5358395,-46.572618,,,,1,2023-06-15T01:17:10+00:00
SAO_4210-10,São Paulo,3550308,True,,2170,,,-23.531905000000002,-46.56037025,,,,1,2023-06-15T01:17:25+00:00
SAO_4210-10,São Paulo,3550308,True,,2170,,,-23.598612000000003,-46.463833,,,,1,2023-06-15T01:17:17+00:00
SAO_1738-10,São Paulo,3550308,True,,672,,,-23.4876045,-46.6004505,,,,1,2023-06-15T01:17:09+00:00
SAO_1738-10,São Paulo,3550308,True,,672,,,-23.474033,-46.581053499999996,,,,1,2023-06-15T01:17:06+00:00
SAO_1738-10,São Paulo,3550308,True,,672,,,-23.50142,-46.615621000000004,,,,1,2023-06-15T01:17:22+00:00
SAO_1738-10,São Paulo,3550308,True,,672,,,-23.481823,-46.60253925,,,,1,2023-06-15T01:17:33+00:00
SAO_1738-10,São Paulo,3550308,True,,672,,,-23.474033,-46.581053499999996,,,,1,2023-06-15T01:17:03+00:00
SAO_407M-10,São Paulo,3550308,True,,33086,,,-23.579321,-46.6215445,,,,2,2023-06-15T01:17:38+00:00
SAO_5107-10,São Paulo,3550308,True,,34427,,,-23.541404999999997,-46.634397500000006,,,,2,2023-06-15T01:17:30+00:00
SAO_5107-10,São Paulo,3550308,True,,34427,,,-23.541756499999998,-46.6345775,,,,2,2023-06-15T01:17:27+00:00
SAO_5107-10,São Paulo,3550308,True,,34427,,,-23.579744875000003,-46.604672375,,,,2,2023-06-15T01:17:38+00:00
SAO_2008-10,São Paulo,3550308,True,,897,,,-23.499359,-46.399491,,,,1,2023-06-15T01:12:55+00:00
SAO_2008-10,São Paulo,3550308,True,,897,,,-23.51828025,-46.3879975,,,,1,2023-06-15T01:17:21+00:00
SAO_2008-10,São Paulo,3550308,True,,897,,,-23.513673375,-46.39163925,,,,1,2023-06-15T01:17:03+00:00
SAO_407P-10,São Paulo,3550308,True,,2200,,,-23.52804625,-46.512514,,,,1,2023-06-15T01:17:06+00:00
SAO_407P-10,São Paulo,3550308,True,,2200,,,-23.531958,-46.531627,,,,1,2023-06-15T01:17:22+00:00
SAO_407P-10,São Paulo,3550308,True,,2200,,,-23.58277,-46.4067025,,,,1,2023-06-15T01:17:32+00:00
SAO_407P-10,São Paulo,3550308,True,,2200,,,-23.540724437500003,-46.5764383125,,,,1,2023-06-15T01:17:17+00:00
SAO_407P-10,São Paulo,3550308,True,,2200,,,-23.5704055,-46.4156715,,,,1,2023-06-15T01:16:59+00:00
SAO_407P-10,São Paulo,3550308,True,,2200,,,-23.5294125,-46.430867000000006,,,,1,2023-06-15T01:17:18+00:00
SAO_407P-10,São Paulo,3550308,True,,2200,,,-23.569708,-46.415813,,,,1,2023-06-15T01:17:18+00:00
SAO_407P-10,São Paulo,3550308,True,,2200,,,-23.535892750000002,-46.4547915,,,,1,2023-06-15T01:15:51+00:00
SAO_3023-10,São Paulo,3550308,True,Urubupungá,960,https://moovitapp.com/index/pt-br/transporte_p%C3%BAblico-line-960-Sao_Paulo-242-873835-31663702-0,4.6,-23.60103025,-46.48385275,,,,1,2023-06-15T01:17:02+00:00
SAO_3023-10,São Paulo,3550308,True,Urubupungá,960,https://moovitapp.com/index/pt-br/transporte_p%C3%BAblico-line-960-Sao_Paulo-242-873835-31663702-0,4.6,-23.566526500000002,-46.507262499999996,,,,1,2023-06-15T01:17:01+00:00
SAO_3023-10,São Paulo,3550308,True,Urubupungá,960,https://moovitapp.com/index/pt-br/transporte_p%C3%BAblico-line-960-Sao_Paulo-242-873835-31663702-0,4.6,-23.616836499999998,-46.4774135,,,,1,2023-06-15T01:17:08+00:00
SAO_3023-10,São Paulo,3550308,True,Urubupungá,960,https://moovitapp.com/index/pt-br/transporte_p%C3%BAblico-line-960-Sao_Paulo-242-873835-31663702-0,4.6,-23.581359499999998,-46.498451,,,,1,2023-06-15T01:17:12+00:00
SAO_3023-10,São Paulo,3550308,True,Urubupungá,960,https://moovitapp.com/index/pt-br/transporte_p%C3%BAblico-line-960-Sao_Paulo-242-873835-31663702-0,4.6,-23.6245155,-46.471406,,,,1,2023-06-15T01:17:41+00:00
SAO_3023-10,São Paulo,3550308,True,Urubupungá,960,https://moovitapp.com/index/pt-br/transporte_p%C3%BAblico-line-960-Sao_Paulo-242-873835-31663702-0,4.6,-23.63368825,-46.472753250000004,,,,1,2023-06-15T01:16:22+00:00
SAO_3023-10,São Paulo,3550308,True,Urubupungá,960,https://moovitapp.com/index/pt-br/transporte_p%C3%BAblico-line-960-Sao_Paulo-242-873835-31663702-0,4.6,-23.633410750000003,-46.47284775,,,,1,2023-06-15T01:16:58+00:00
SAO_3023-10,São Paulo,3550308,True,Urubupungá,960,https://moovitapp.com/index/pt-br/transporte_p%C3%BAblico-line-960-Sao_Paulo-242-873835-31663702-0,4.6,-23.614957500000003,-46.476722499999994,,,,1,2023-06-15T01:17:13+00:00
SAO_9005-10,São Paulo,3550308,True,,872,,,-23.454378499999997,-46.693401,,,,1,2023-06-15T01:16:57+00:00
SAO_9005-10,São Paulo,3550308,True,,872,,,-23.454378499999997,-46.693401,,,,1,2023-06-15T01:17:35+00:00
SAO_9005-10,São Paulo,3550308,True,,872,,,-23.4522585,-46.6923585,,,,1,2023-06-15T01:17:06+00:00
SAO_9005-10,São Paulo,3550308,True,,872,,,-23.455579,-46.675582750000004,,,,1,2023-06-15T01:17:23+00:00
SAO_9005-10,São Paulo,3550308,True,,872,,,-23.4626305,-46.672816499999996,,,,1,2023-06-15T01:17:15+00:00
SAO_3134-10,São Paulo,3550308,True,,33761,,,-23.575851874999998,-46.55160425,,,,2,2023-06-15T01:17:09+00:00
SAO_3134-10,São Paulo,3550308,True,,33761,,,-23.575243375,-46.55349275,,,,2,2023-06-15T01:16:58+00:00
SAO_3134-10,São Paulo,3550308,True,,33761,,,-23.573724,-46.564665500000004,,,,2,2023-06-15T01:17:27+00:00
SAO_3134-10,São Paulo,3550308,True,,33761,,,-23.5685935,-46.505149,,,,2,2023-06-15T01:17:28+00:00
SAO_3134-10,São Paulo,3550308,True,,33761,,,-23.583382,-46.531384,,,,2,2023-06-15T01:17:38+00:00
SAO_3134-10,São Paulo,3550308,True,,33761,,,-23.576090375,-46.55089925,,,,2,2023-06-15T01:17:14+00:00
SAO_3134-10,São Paulo,3550308,True,,33761,,,-23.57776025,-46.51689075,,,,2,2023-06-15T01:17:11+00:00
SAO_3134-10,São Paulo,3550308,True,,33761,,,-23.5630785,-46.5055855,,,,2,2023-06-15T01:17:23+00:00
SAO_3134-10,São Paulo,3550308,True,,33761,,,-23.581736499999998,-46.5373225,,,,2,2023-06-15T01:17:05+00:00
SAO_3134-10,São Paulo,3550308,True,,33761,,,-23.5634105,-46.5054495,,,,2,2023-06-15T01:17:14+00:00
SAO_4003-10,São Paulo,3550308,True,,34927,,,-23.5351835,-46.454012000000006,,,,2,2023-06-15T01:16:53+00:00
SAO_4003-10,São Paulo,3550308,True,,34927,,,-23.574084,-46.39846300000001,,,,2,2023-06-15T01:17:24+00:00
SAO_4003-10,São Paulo,3550308,True,,34927,,,-23.574084,-46.39846300000001,,,,2,2023-06-15T01:16:58+00:00
SAO_4003-10,São Paulo,3550308,True,,34927,,,-23.5632425,-46.418611,,,,2,2023-06-15T01:16:19+00:00
SAO_4003-10,São Paulo,3550308,True,,34927,,,-23.5307775,-46.437583000000004,,,,2,2023-06-15T01:15:46+00:00
SAO_4003-10,São Paulo,3550308,True,,34927,,,-23.574481499999997,-46.3981815,,,,2,2023-06-15T01:17:36+00:00
SAO_4003-10,São Paulo,3550308,True,,34927,,,-23.573558,-46.3990645,,,,2,2023-06-15T01:17:39+00:00
SAO_6012-31,São Paulo,3550308,True,,34544,,,-23.694482,-46.7798025,,,,2,2023-06-15T01:17:14+00:00
SAO_8622-10,São Paulo,3550308,True,,33206,,,-23.4460745,-46.78734525,,,,2,2023-06-15T01:17:28+00:00
SAO_8622-10,São Paulo,3550308,True,,33206,,,-23.49042775,-46.766471375,,,,2,2023-06-15T01:17:30+00:00
SAO_8622-10,São Paulo,3550308,True,,33206,,,-23.4457195,-46.7977255,,,,2,2023-06-15T01:17:05+00:00
SAO_8622-10,São Paulo,3550308,True,,33206,,,-23.4341735,-46.786262,,,,2,2023-06-15T01:14:58+00:00
SAO_8622-10,São Paulo,3550308,True,,33206,,,-23.435215,-46.7861015,,,,2,2023-06-15T01:17:35+00:00
SAO_8622-10,São Paulo,3550308,True,,33206,,,-23.422985500000003,-46.7896785,,,,2,2023-06-15T01:17:04+00:00
SAO_8622-10,São Paulo,3550308,True,,33206,,,-23.422817000000002,-46.789981,,,,2,2023-06-15T01:17:20+00:00
SAO_8622-10,São Paulo,3550308,True,,33206,,,-23.524610000000003,-46.68315825,,,,2,2023-06-15T01:17:28+00:00
SAO_8622-10,São Paulo,3550308,True,,33206,,,-23.534146,-46.6547235,,,,2,2023-06-15T01:17:34+00:00
SAO_8622-10,São Paulo,3550308,True,,33206,,,-23.529849374999998,-46.667376624999996,,,,2,2023-06-15T01:17:35+00:00
SAO_8622-10,São Paulo,3550308,True,,33206,,,-23.54220325,-46.64060875,,,,2,2023-06-15T01:17:37+00:00
SAO_8622-10,São Paulo,3550308,True,,33206,,,-23.4805925,-46.770524,,,,2,2023-06-15T01:17:05+00:00
SAO_8622-10,São Paulo,3550308,True,,33206,,,-23.513661499999998,-46.726237,,,,2,2023-06-15T01:16:55+00:00
SAO_807P-10,São Paulo,3550308,True,,34867,,,-23.653017249999998,-46.717151125,,,,2,2023-06-15T01:17:20+00:00
SAO_807P-10,São Paulo,3550308,True,,34867,,,-23.6207255,-46.723673,,,,2,2023-06-15T01:17:36+00:00
SAO_807P-10,São Paulo,3550308,True,,34867,,,-23.6166155,-46.7208725,,,,2,2023-06-15T01:17:23+00:00
SAO_807P-10,São Paulo,3550308,True,,34867,,,-23.6163415,-46.720850999999996,,,,2,2023-06-15T01:17:27+00:00
SAO_807P-10,São Paulo,3550308,True,,34867,,,-23.634724499999997,-46.72457,,,,2,2023-06-15T01:17:16+00:00
SAO_807P-10,São Paulo,3550308,True,,34867,,,-23.644084499999998,-46.7308075,,,,2,2023-06-15T01:17:30+00:00
SAO_8610-10,São Paulo,3550308,True,,34831,,,-23.599658499999997,-46.7911875,,,,2,2023-06-15T01:17:35+00:00
SAO_8610-10,São Paulo,3550308,True,,34831,,,-23.593265,-46.79990574999999,,,,2,2023-06-15T01:17:04+00:00
SAO_8610-10,São Paulo,3550308,True,,34831,,,-23.584975,-46.740498,,,,2,2023-06-15T01:17:19+00:00
SAO_8610-10,São Paulo,3550308,True,,34831,,,-23.6031905,-46.781071999999995,,,,2,2023-06-15T01:17:28+00:00
SAO_8610-10,São Paulo,3550308,True,,34831,,,-23.572927999999997,-46.706774499999995,,,,2,2023-06-15T01:17:39+00:00
SAO_8610-10,São Paulo,3550308,True,,34831,,,-23.58074525,-46.68468825,,,,2,2023-06-15T01:17:14+00:00
SAO_1757-10,São Paulo,3550308,True,,33316,,,-23.485428,-46.633323000000004,,,,2,2023-06-15T01:17:29+00:00
SAO_1757-10,São Paulo,3550308,True,,33316,,,-23.470247999999998,-46.630407000000005,,,,2,2023-06-15T01:17:23+00:00
SAO_1757-10,São Paulo,3550308,True,,33316,,,-23.471618499999998,-46.6369145,,,,2,2023-06-15T01:17:02+00:00
SAO_1757-10,São Paulo,3550308,True,,33316,,,-23.498108000000002,-46.627443,,,,2,2023-06-15T01:16:59+00:00
SAO_2732-10,São Paulo,3550308,True,,33715,,,-23.540062499999998,-46.482594375,,,,2,2023-06-15T01:17:11+00:00
SAO_2732-10,São Paulo,3550308,True,,33715,,,-23.530851,-46.45499325,,,,2,2023-06-15T01:17:37+00:00
SAO_2732-10,São Paulo,3550308,True,,33715,,,-23.536307,-46.465948499999996,,,,2,2023-06-15T01:13:02+00:00
SAO_2732-10,São Paulo,3550308,True,,33715,,,-23.534425499999998,-46.456415500000006,,,,2,2023-06-15T01:17:25+00:00
SAO_2732-10,São Paulo,3550308,True,,33715,,,-23.5289625,-46.4575215,,,,2,2023-06-15T01:17:38+00:00
SAO_6804-10,São Paulo,3550308,True,,32798,,,-23.638762,-46.749959000000004,,,,2,2023-06-15T01:17:17+00:00
SAO_6804-10,São Paulo,3550308,True,,32798,,,-23.641861499999997,-46.7426555,,,,2,2023-06-15T01:17:03+00:00
SAO_6804-10,São Paulo,3550308,True,,32798,,,-23.63264275,-46.751281000000006,,,,2,2023-06-15T01:17:28+00:00
SAO_509J-10,São Paulo,3550308,True,EMTU,264,https://moovitapp.com/index/pt-br/transporte_p%C3%BAblico-line-264-Sao_Paulo-242-2038937-36419374-0,6.2,-23.664852500000002,-46.67826275,,,,1,2023-06-15T01:17:15+00:00
SAO_509J-10,São Paulo,3550308,True,EMTU,264,https://moovitapp.com/index/pt-br/transporte_p%C3%BAblico-line-264-Sao_Paulo-242-2038937-36419374-0,6.2,-23.690593999999997,-46.6572405,,,,1,2023-06-15T01:17:26+00:00
SAO_509J-10,São Paulo,3550308,True,EMTU,264,https://moovitapp.com/index/pt-br/transporte_p%C3%BAblico-line-264-Sao_Paulo-242-2038937-36419374-0,6.2,-23.595717,-46.664018999999996,,,,1,2023-06-15T01:17:15+00:00
SAO_6450-10,São Paulo,3550308,True,,59,,,-23.560675500000002,-46.655144,,,,1,2023-06-15T01:17:25+00:00
SAO_6450-10,São Paulo,3550308,True,,59,,,-23.644049000000003,-46.701765,,,,1,2023-06-15T01:17:29+00:00
SAO_6450-10,São Paulo,3550308,True,,59,,,-23.649198,-46.7526175,,,,1,2023-06-15T01:16:59+00:00
SAO_6450-10,São Paulo,3550308,True,,59,,,-23.5957665,-46.673165,,,,1,2023-06-15T01:17:29+00:00
SAO_6450-10,São Paulo,3550308,True,,59,,,-23.5648935,-46.6570955,,,,1,2023-06-15T01:17:06+00:00
SAO_6450-10,São Paulo,3550308,True,,59,,,-23.65436375,-46.760079499999996,,,,1,2023-06-15T01:12:04+00:00
SAO_6450-10,São Paulo,3550308,True,,59,,,-23.6444805,-46.7449555,,,,1,2023-06-15T01:17:22+00:00
SAO_6913-10,São Paulo,3550308,True,,1465,,,-23.746581,-46.7074585,,,,1,2023-06-15T01:15:31+00:00
SAO_6913-10,São Paulo,3550308,True,,1465,,,-23.74073,-46.70446725,,,,1,2023-06-15T01:17:35+00:00
SAO_6913-10,São Paulo,3550308,True,,1465,,,-23.715574500000002,-46.706303000000005,,,,1,2023-06-15T01:17:32+00:00
SAO_6913-10,São Paulo,3550308,True,,1465,,,-23.67981125,-46.712841624999996,,,,1,2023-06-15T01:17:19+00:00
SAO_6913-10,São Paulo,3550308,True,,1465,,,-23.569926000000002,-46.66168987500001,,,,1,2023-06-15T01:17:15+00:00
SAO_6913-10,São Paulo,3550308,True,,1465,,,-23.567838000000002,-46.6596756875,,,,1,2023-06-15T01:17:20+00:00
SAO_6913-10,São Paulo,3550308,True,,1465,,,-23.5960915,-46.6732855,,,,1,2023-06-15T01:17:34+00:00
SAO_6913-10,São Paulo,3550308,True,,1465,,,-23.734133,-46.6986615,,,,1,2023-06-15T01:17:29+00:00
SAO_6913-10,São Paulo,3550308,True,,1465,,,-23.5708275,-46.662628,,,,1,2023-06-15T01:17:31+00:00
SAO_6913-10,São Paulo,3550308,True,,1465,,,-23.646330562499998,-46.701522062500004,,,,1,2023-06-15T01:17:31+00:00
SAO_6913-10,São Paulo,3550308,True,,1465,,,-23.622559250000002,-46.684604500000006,,,,1,2023-06-15T01:17:06+00:00
SAO_6913-10,São Paulo,3550308,True,,1465,,,-23.592695499999998,-46.6727295,,,,1,2023-06-15T01:17:07+00:00
SAO_3763-10,São Paulo,3550308,True,,33822,,,-23.5544535,-46.5280615,,,,2,2023-06-15T01:16:49+00:00
SAO_3763-10,São Paulo,3550308,True,,33822,,,-23.549973,-46.5719275,,,,2,2023-06-15T01:17:08+00:00
SAO_3763-10,São Paulo,3550308,True,,33822,,,-23.5515715,-46.554207749999996,,,,2,2023-06-15T01:17:02+00:00
SAO_3763-10,São Paulo,3550308,True,,33822,,,-23.54830225,-46.563432500000005,,,,2,2023-06-15T01:15:05+00:00
SAO_3763-10,São Paulo,3550308,True,,33822,,,-23.55551175,-46.5287175,,,,2,2023-06-15T01:15:40+00:00
SAO_3763-10,São Paulo,3550308,True,,33822,,,-23.548027249999997,-46.562057499999995,,,,2,2023-06-15T01:17:20+00:00
SAO_3763-10,São Paulo,3550308,True,,33822,,,-23.55490325,-46.52660075,,,,2,2023-06-15T01:16:57+00:00
SAO_3763-10,São Paulo,3550308,True,,33822,,,-23.547719,-46.5603935,,,,2,2023-06-15T01:17:00+00:00
SAO_3763-10,São Paulo,3550308,True,,33822,,,-23.556385249999998,-46.553884249999996,,,,2,2023-06-15T01:17:27+00:00
SAO_3763-10,São Paulo,3550308,True,,33822,,,-23.557536749999997,-46.523783249999994,,,,2,2023-06-15T01:17:04+00:00
SAO_3763-10,São Paulo,3550308,True,,33822,,,-23.54830225,-46.563432500000005,,,,2,2023-06-15T01:13:06+00:00
SAO_3763-10,São Paulo,3550308,True,,33822,,,-23.5444895,-46.574569,,,,2,2023-06-15T01:17:03+00:00
SAO_3763-10,São Paulo,3550308,True,,33822,,,-23.549798250000002,-46.571056999999996,,,,2,2023-06-15T01:16:59+00:00
SAO_3763-10,São Paulo,3550308,True,,33822,,,-23.553248125000003,-46.553898000000004,,,,2,2023-06-15T01:17:10+00:00
SAO_3763-10,São Paulo,3550308,True,,33822,,,-23.5426195,-46.575008499999996,,,,2,2023-06-15T01:17:38+00:00
SAO_3763-10,São Paulo,3550308,True,,33822,,,-23.548175,-46.562782,,,,2,2023-06-15T01:17:25+00:00
SAO_3763-10,São Paulo,3550308,True,,33822,,,-23.55551175,-46.5287175,,,,2,2023-06-15T01:17:32+00:00
SAO_3763-10,São Paulo,3550308,True,,33822,,,-23.5592325,-46.531015,,,,2,2023-06-15T01:17:31+00:00
SAO_4313-10,São Paulo,3550308,True,,2173,,,-23.5513675,-46.624814,,,,1,2023-06-15T01:17:06+00:00
SAO_4313-10,São Paulo,3550308,True,,2173,,,-23.595142,-46.433182,,,,1,2023-06-15T01:17:24+00:00
SAO_4313-10,São Paulo,3550308,True,,2173,,,-23.5438925,-46.530433,,,,1,2023-06-15T01:17:15+00:00
SAO_4313-10,São Paulo,3550308,True,,2173,,,-23.5380945,-46.564400750000004,,,,1,2023-06-15T01:17:38+00:00
SAO_4313-10,São Paulo,3550308,True,,2173,,,-23.594637,-46.4449125,,,,1,2023-06-15T01:17:36+00:00
SAO_4313-10,São Paulo,3550308,True,,2173,,,-23.594605,-46.4263055,,,,1,2023-06-15T01:16:19+00:00
SAO_4313-10,São Paulo,3550308,True,,2173,,,-23.538302,-46.545559499999996,,,,1,2023-06-15T01:17:10+00:00
SAO_4313-10,São Paulo,3550308,True,,2173,,,-23.552565,-46.6169315,,,,1,2023-06-15T01:17:02+00:00
SAO_4313-10,São Paulo,3550308,True,,2173,,,-23.5985315,-46.463437,,,,1,2023-06-15T01:15:13+00:00
SAO_4313-10,São Paulo,3550308,True,,2173,,,-23.583056749999997,-46.415069,,,,1,2023-06-15T01:17:20+00:00
SAO_4313-10,São Paulo,3550308,True,,2173,,,-23.5463055,-46.6263785,,,,1,2023-06-15T01:17:09+00:00
SAO_4313-10,São Paulo,3550308,True,,2173,,,-23.5863405,-46.4871115,,,,1,2023-06-15T01:17:26+00:00
SAO_4313-10,São Paulo,3550308,True,,2173,,,-23.57354,-46.503673500000005,,,,1,2023-06-15T01:17:06+00:00
SAO_4313-10,São Paulo,3550308,True,,2173,,,-23.594535,-46.447323499999996,,,,1,2023-06-15T01:17:08+00:00
SAO_4313-10,São Paulo,3550308,True,,2173,,,-23.594973,-46.440048000000004,,,,1,2023-06-15T01:17:14+00:00
SAO_847P-10,São Paulo,3550308,True,,33191,,,-23.564226875,-46.688621250000004,,,,2,2023-06-15T01:16:59+00:00
SAO_847P-10,São Paulo,3550308,True,,33191,,,-23.516236999999997,-46.698377,,,,2,2023-06-15T01:17:11+00:00
SAO_847P-10,São Paulo,3550308,True,,33191,,,-23.486457,-46.7270195,,,,2,2023-06-15T01:14:44+00:00
SAO_847P-10,São Paulo,3550308,True,,33191,,,-23.595371,-46.6830755,,,,2,2023-06-15T01:17:13+00:00
SAO_847P-10,São Paulo,3550308,True,,33191,,,-23.485637500000003,-46.7260535,,,,2,2023-06-15T01:17:32+00:00
SAO_847P-10,São Paulo,3550308,True,,33191,,,-23.586877125,-46.682329624999994,,,,2,2023-06-15T01:17:19+00:00
SAO_847P-10,São Paulo,3550308,True,,33191,,,-23.5611575,-46.689241124999995,,,,2,2023-06-15T01:17:21+00:00
SAO_847P-10,São Paulo,3550308,True,,33191,,,-23.485637500000003,-46.7260535,,,,2,2023-06-15T01:17:26+00:00
SAO_847P-10,São Paulo,3550308,True,,33191,,,-23.57504275,-46.688142,,,,2,2023-06-15T01:17:24+00:00
SAO_847P-10,São Paulo,3550308,True,,33191,,,-23.55629575,-46.68996625,,,,2,2023-06-15T01:17:13+00:00
SAO_847P-10,São Paulo,3550308,True,,33191,,,-23.571728999999998,-46.69021325,,,,2,2023-06-15T01:17:04+00:00
SAO_847P-10,São Paulo,3550308,True,,33191,,,-23.573808749999998,-46.6889005,,,,2,2023-06-15T01:17:29+00:00
SAO_847P-10,São Paulo,3550308,True,,33191,,,-23.486277,-46.726815875,,,,2,2023-06-15T01:17:27+00:00
SAO_847P-10,São Paulo,3550308,True,,33191,,,-23.484282999999998,-46.7219425,,,,2,2023-06-15T01:17:27+00:00
SAO_847P-10,São Paulo,3550308,True,,33191,,,-23.4865305,-46.721605624999995,,,,2,2023-06-15T01:17:36+00:00
SAO_807M-10,São Paulo,3550308,True,,34684,,,-23.61833175,-46.74912025,,,,2,2023-06-15T01:17:10+00:00
SAO_807M-10,São Paulo,3550308,True,,34684,,,-23.61833175,-46.74912025,,,,2,2023-06-15T01:17:39+00:00
SAO_807M-10,São Paulo,3550308,True,,34684,,,-23.6124085,-46.734772,,,,2,2023-06-15T01:17:18+00:00
SAO_807M-10,São Paulo,3550308,True,,34684,,,-23.631797499999998,-46.7719915,,,,2,2023-06-15T01:17:23+00:00
SAO_807M-10,São Paulo,3550308,True,,34684,,,-23.618614,-46.698895,,,,2,2023-06-15T01:17:09+00:00
SAO_807M-10,São Paulo,3550308,True,,34684,,,-23.601644999999998,-46.724325,,,,2,2023-06-15T01:16:58+00:00
SAO_807M-10,São Paulo,3550308,True,,34684,,,-23.609323500000002,-46.704632000000004,,,,2,2023-06-15T01:17:08+00:00
SAO_807M-10,São Paulo,3550308,True,,34684,,,-23.618614,-46.698895,,,,2,2023-06-15T01:17:34+00:00
SAO_807M-10,São Paulo,3550308,True,,34684,,,-23.608664,-46.7471565,,,,2,2023-06-15T01:17:36+00:00
SAO_807M-10,São Paulo,3550308,True,,34684,,,-23.631701,-46.7721875,,,,2,2023-06-15T01:17:18+00:00
SAO_807M-10,São Paulo,3550308,True,,34684,,,-23.631797499999998,-46.7719915,,,,2,2023-06-15T01:17:39+00:00
SAO_807M-10,São Paulo,3550308,True,,34684,,,-23.6204915,-46.6933885,,,,2,2023-06-15T01:17:10+00:00
SAO_2766-10,São Paulo,3550308,True,EMTU,405,https://moovitapp.com/index/pt-br/transporte_p%C3%BAblico-line-405-Sao_Paulo-242-2038937-36419467-0,5.35,-23.4953015,-46.4312885,,,,1,2023-06-15T01:17:10+00:00
SAO_2766-10,São Paulo,3550308,True,EMTU,405,https://moovitapp.com/index/pt-br/transporte_p%C3%BAblico-line-405-Sao_Paulo-242-2038937-36419467-0,5.35,-23.49898175,-46.39974575,,,,1,2023-06-15T01:17:20+00:00
SAO_2766-10,São Paulo,3550308,True,EMTU,405,https://moovitapp.com/index/pt-br/transporte_p%C3%BAblico-line-405-Sao_Paulo-242-2038937-36419467-0,5.35,-23.496949375,-46.44214875,,,,1,2023-06-15T01:16:55+00:00
SAO_2766-10,São Paulo,3550308,True,EMTU,405,https://moovitapp.com/index/pt-br/transporte_p%C3%BAblico-line-405-Sao_Paulo-242-2038937-36419467-0,5.35,-23.51828025,-46.3879975,,,,1,2023-06-15T01:17:09+00:00
SAO_2766-10,São Paulo,3550308,True,EMTU,405,https://moovitapp.com/index/pt-br/transporte_p%C3%BAblico-line-405-Sao_Paulo-242-2038937-36419467-0,5.35,-23.5242365,-46.4449125,,,,1,2023-06-15T01:17:17+00:00
SAO_2766-10,São Paulo,3550308,True,EMTU,405,https://moovitapp.com/index/pt-br/transporte_p%C3%BAblico-line-405-Sao_Paulo-242-2038937-36419467-0,5.35,-23.493128249999998,-46.442384000000004,,,,1,2023-06-15T01:17:25+00:00
SAO_2766-10,São Paulo,3550308,True,EMTU,405,https://moovitapp.com/index/pt-br/transporte_p%C3%BAblico-line-405-Sao_Paulo-242-2038937-36419467-0,5.35,-23.513238875000003,-46.39240025000001,,,,1,2023-06-15T01:14:53+00:00
SAO_2766-10,São Paulo,3550308,True,EMTU,405,https://moovitapp.com/index/pt-br/transporte_p%C3%BAblico-line-405-Sao_Paulo-242-2038937-36419467-0,5.35,-23.49945475,-46.442415749999995,,,,1,2023-06-15T01:17:09+00:00
SAO_5020-10,São Paulo,3550308,True,,34438,,,-23.610409500000003,-46.593145750000005,,,,2,2023-06-15T01:17:10+00:00
SAO_5020-10,São Paulo,3550308,True,,34438,,,-23.596986,-46.601533125,,,,2,2023-06-15T01:17:32+00:00
SAO_5020-10,São Paulo,3550308,True,,34438,,,-23.60864475,-46.5912515,,,,2,2023-06-15T01:17:26+00:00
SAO_5020-10,São Paulo,3550308,True,,34438,,,-23.6102245,-46.59347325,,,,2,2023-06-15T01:17:22+00:00
SAO_5020-10,São Paulo,3550308,True,,34438,,,-23.6102245,-46.59347325,,,,2,2023-06-15T01:17:24+00:00
SAO_9784-10,São Paulo,3550308,True,,33595,,,-23.453249999999997,-46.6753465,,,,2,2023-06-15T01:16:56+00:00
SAO_9784-10,São Paulo,3550308,True,,33595,,,-23.4885805,-46.651360749999995,,,,2,2023-06-15T01:17:01+00:00
SAO_9784-10,São Paulo,3550308,True,,33595,,,-23.463361499999998,-46.6695895,,,,2,2023-06-15T01:17:09+00:00
SAO_9784-10,São Paulo,3550308,True,,33595,,,-23.490522499999997,-46.655308250000004,,,,2,2023-06-15T01:17:27+00:00
SAO_9784-10,São Paulo,3550308,True,,33595,,,-23.50617325,-46.667454125,,,,2,2023-06-15T01:17:35+00:00
SAO_9784-10,São Paulo,3550308,True,,33595,,,-23.47955025,-46.661982249999994,,,,2,2023-06-15T01:17:27+00:00
SAO_9784-10,São Paulo,3550308,True,,33595,,,-23.49913175,-46.66397675,,,,2,2023-06-15T01:16:57+00:00
SAO_9784-10,São Paulo,3550308,True,,33595,,,-23.5244255,-46.666776999999996,,,,2,2023-06-15T01:17:35+00:00
SAO_9784-10,São Paulo,3550308,True,,33595,,,-23.4507675,-46.683319374999996,,,,2,2023-06-15T01:17:13+00:00
SAO_9784-10,São Paulo,3550308,True,,33595,,,-23.506892999999998,-46.666450749999996,,,,2,2023-06-15T01:17:33+00:00
SAO_9784-10,São Paulo,3550308,True,,33595,,,-23.521528500000002,-46.666227,,,,2,2023-06-15T01:17:40+00:00
SAO_9784-10,São Paulo,3550308,True,,33595,,,-23.467713500000002,-46.6688845,,,,2,2023-06-15T01:17:00+00:00
SAO_9784-10,São Paulo,3550308,True,,33595,,,-23.450476000000002,-46.677816500000006,,,,2,2023-06-15T01:17:02+00:00
SAO_9784-10,São Paulo,3550308,True,,33595,,,-23.455579,-46.675582750000004,,,,2,2023-06-15T01:17:33+00:00
SAO_9784-10,São Paulo,3550308,True,,33595,,,-23.450547,-46.6835995,,,,2,2023-06-15T01:17:09+00:00
SAO_3718-10,São Paulo,3550308,True,,1013,,,-23.54865,-46.48319,,,,1,2023-06-15T01:17:26+00:00
SAO_3718-10,São Paulo,3550308,True,,1013,,,-23.541553,-46.483686750000004,,,,1,2023-06-15T01:17:18+00:00
SAO_3718-10,São Paulo,3550308,True,,1013,,,-23.550147250000002,-46.48212975,,,,1,2023-06-15T01:17:35+00:00
SAO_3718-10,São Paulo,3550308,True,,1013,,,-23.55289525,-46.49262025,,,,1,2023-06-15T01:17:07+00:00
SAO_3718-10,São Paulo,3550308,True,,1013,,,-23.544840125,-46.4813455,,,,1,2023-06-15T01:17:07+00:00
SAO_3718-10,São Paulo,3550308,True,,1013,,,-23.540547,-46.485232999999994,,,,1,2023-06-15T01:17:31+00:00
SAO_4004-10,São Paulo,3550308,True,,34946,,,-23.5833935,-46.4076395,,,,2,2023-06-15T01:17:39+00:00
SAO_4004-10,São Paulo,3550308,True,,34946,,,-23.581533,-46.39443525,,,,2,2023-06-15T01:15:08+00:00
SAO_4004-10,São Paulo,3550308,True,,34946,,,-23.582416000000002,-46.408199999999994,,,,2,2023-06-15T01:17:34+00:00
SAO_4004-10,São Paulo,3550308,True,,34946,,,-23.5826245,-46.406865499999995,,,,2,2023-06-15T01:17:29+00:00
SAO_938C-10,São Paulo,3550308,True,,586,,,-23.53506275,-46.644746999999995,,,,1,2023-06-15T01:16:57+00:00
SAO_938C-10,São Paulo,3550308,True,,586,,,-23.478384,-46.727853499999995,,,,1,2023-06-15T01:17:29+00:00
SAO_938C-10,São Paulo,3550308,True,,586,,,-23.52490925,-46.6994055,,,,1,2023-06-15T01:17:19+00:00
SAO_6063-10,São Paulo,3550308,True,,1152,,,-23.774587750000002,-46.6990375,,,,1,2023-06-15T01:17:37+00:00
SAO_6063-10,São Paulo,3550308,True,,1152,,,-23.783673,-46.6827105,,,,1,2023-06-15T01:17:26+00:00
SAO_6063-10,São Paulo,3550308,True,,1152,,,-23.7882205,-46.685370500000005,,,,1,2023-06-15T01:17:20+00:00
SAO_2722-31,São Paulo,3550308,True,,33704,,,-23.528868,-46.5167825,,,,2,2023-06-15T01:17:31+00:00
SAO_2722-31,São Paulo,3550308,True,,33704,,,-23.516363499999997,-46.505863500000004,,,,2,2023-06-15T01:17:17+00:00
SAO_2722-31,São Paulo,3550308,True,,33704,,,-23.518463500000003,-46.511203,,,,2,2023-06-15T01:17:19+00:00
SAO_2722-31,São Paulo,3550308,True,,33704,,,-23.485841999999998,-46.501749000000004,,,,2,2023-06-15T01:16:28+00:00
SAO_2722-31,São Paulo,3550308,True,,33704,,,-23.489552,-46.4946725,,,,2,2023-06-15T01:17:29+00:00
SAO_107T-10,São Paulo,3550308,True,,621,,,-23.565970999999998,-46.702241,,,,1,2023-06-15T01:17:35+00:00
SAO_107T-10,São Paulo,3550308,True,,621,,,-23.4803195,-46.603912,,,,1,2023-06-15T01:17:25+00:00
SAO_107T-10,São Paulo,3550308,True,,621,,,-23.557371625000002,-46.65941925,,,,1,2023-06-15T01:17:09+00:00
SAO_107T-10,São Paulo,3550308,True,,621,,,-23.5297485,-46.632039999999996,,,,1,2023-06-15T01:17:35+00:00
SAO_107T-10,São Paulo,3550308,True,,621,,,-23.557371625000002,-46.65941925,,,,1,2023-06-15T01:16:58+00:00
SAO_107T-10,São Paulo,3550308,True,,621,,,-23.558281125,-46.6603935,,,,1,2023-06-15T01:17:18+00:00
SAO_107T-10,São Paulo,3550308,True,,621,,,-23.565054,-46.6955605,,,,1,2023-06-15T01:17:33+00:00
SAO_107T-10,São Paulo,3550308,True,,621,,,-23.575620999999998,-46.6877935,,,,1,2023-06-15T01:17:05+00:00
SAO_8040-10,São Paulo,3550308,True,,33174,,,-23.437884,-46.779548500000004,,,,2,2023-06-15T01:17:15+00:00
SAO_8040-10,São Paulo,3550308,True,,33174,,,-23.511554500000003,-46.7272315,,,,2,2023-06-15T01:17:38+00:00
SAO_8040-10,São Paulo,3550308,True,,33174,,,-23.437510500000002,-46.779852,,,,2,2023-06-15T01:17:11+00:00
SAO_8040-10,São Paulo,3550308,True,,33174,,,-23.4342205,-46.782573,,,,2,2023-06-15T01:17:35+00:00
SAO_8040-10,São Paulo,3550308,True,,33174,,,-23.480923,-46.754748,,,,2,2023-06-15T01:17:29+00:00
SAO_8040-10,São Paulo,3550308,True,,33174,,,-23.4726575,-46.754608,,,,2,2023-06-15T01:16:57+00:00
SAO_8040-10,São Paulo,3550308,True,,33174,,,-23.4941015,-46.76275925,,,,2,2023-06-15T01:17:28+00:00
SAO_8040-10,São Paulo,3550308,True,,33174,,,-23.4342205,-46.782573,,,,2,2023-06-15T01:17:11+00:00
SAO_675G-10,São Paulo,3550308,True,,32874,,,-23.743226,-46.669959500000004,,,,2,2023-06-15T01:17:03+00:00
SAO_675G-10,São Paulo,3550308,True,,32874,,,-23.744429,-46.6706435,,,,2,2023-06-15T01:17:36+00:00
SAO_675G-10,São Paulo,3550308,True,,32874,,,-23.74296,-46.669814,,,,2,2023-06-15T01:17:16+00:00
SAO_675G-10,São Paulo,3550308,True,,32874,,,-23.643606,-46.650788750000004,,,,2,2023-06-15T01:17:06+00:00
SAO_675G-10,São Paulo,3550308,True,,32874,,,-23.637176875,-46.671169750000004,,,,2,2023-06-15T01:16:58+00:00
SAO_675G-10,São Paulo,3550308,True,,32874,,,-23.7545765,-46.679976499999995,,,,2,2023-06-15T01:16:38+00:00
SAO_675G-10,São Paulo,3550308,True,,32874,,,-23.744429,-46.6706435,,,,2,2023-06-15T01:17:38+00:00
SAO_675G-10,São Paulo,3550308,True,,32874,,,-23.647284499999998,-46.6395415,,,,2,2023-06-15T01:17:17+00:00
SAO_675G-10,São Paulo,3550308,True,,32874,,,-23.677566499999998,-46.682621,,,,2,2023-06-15T01:17:19+00:00
SAO_675G-10,São Paulo,3550308,True,,32874,,,-23.743473,-46.670099,,,,2,2023-06-15T01:17:11+00:00
SAO_311C-10,São Paulo,3550308,True,,33077,,,-23.558965,-46.600353999999996,,,,2,2023-06-15T01:17:01+00:00
SAO_311C-10,São Paulo,3550308,True,,33077,,,-23.537156250000002,-46.6136245,,,,2,2023-06-15T01:17:12+00:00
SAO_311C-10,São Paulo,3550308,True,,33077,,,-23.594777,-46.5478045,,,,2,2023-06-15T01:17:13+00:00
SAO_311C-10,São Paulo,3550308,True,,33077,,,-23.5416625,-46.6073565,,,,2,2023-06-15T01:17:25+00:00
SAO_311C-10,São Paulo,3550308,True,,33077,,,-23.536787375000003,-46.63784775,,,,2,2023-06-15T01:14:55+00:00
SAO_311C-10,São Paulo,3550308,True,,33077,,,-23.556777,-46.600241499999996,,,,2,2023-06-15T01:17:32+00:00
SAO_311C-10,São Paulo,3550308,True,,33077,,,-23.594777,-46.5478045,,,,2,2023-06-15T01:17:16+00:00
SAO_5123-10,São Paulo,3550308,True,,33893,,,-23.6519745,-46.637874,,,,2,2023-06-15T01:17:26+00:00
SAO_5123-10,São Paulo,3550308,True,,33893,,,-23.6384045,-46.641318,,,,2,2023-06-15T01:17:16+00:00
SAO_5123-10,São Paulo,3550308,True,,33893,,,-23.681586,-46.637748,,,,2,2023-06-15T01:16:57+00:00
SAO_5123-10,São Paulo,3550308,True,,33893,,,-23.678448500000002,-46.630771499999994,,,,2,2023-06-15T01:17:06+00:00
SAO_5123-10,São Paulo,3550308,True,,33893,,,-23.670244500000003,-46.642504,,,,2,2023-06-15T01:16:57+00:00
SAO_5123-10,São Paulo,3550308,True,,33893,,,-23.61246775,-46.63803075,,,,2,2023-06-15T01:17:12+00:00
SAO_5123-10,São Paulo,3550308,True,,33893,,,-23.6479445,-46.6402095,,,,2,2023-06-15T01:17:01+00:00
SAO_5123-10,São Paulo,3550308,True,,33893,,,-23.681841,-46.6377285,,,,2,2023-06-15T01:17:13+00:00
SAO_3761-10,São Paulo,3550308,True,,1051,,,-23.536792374999997,-46.557858875,,,,1,2023-06-15T01:17:37+00:00
SAO_3761-10,São Paulo,3550308,True,,1051,,,-23.618599,-46.4234555,,,,1,2023-06-15T01:17:12+00:00
SAO_3761-10,São Paulo,3550308,True,,1051,,,-23.5386545,-46.565125,,,,1,2023-06-15T01:17:20+00:00
SAO_3761-10,São Paulo,3550308,True,,1051,,,-23.5947635,-46.440972,,,,1,2023-06-15T01:17:20+00:00
SAO_3761-10,São Paulo,3550308,True,,1051,,,-23.596887000000002,-46.4352085,,,,1,2023-06-15T01:17:16+00:00
SAO_3761-10,São Paulo,3550308,True,,1051,,,-23.5983855,-46.461158,,,,1,2023-06-15T01:16:56+00:00
SAO_3761-10,São Paulo,3550308,True,,1051,,,-23.54821175,-46.525225,,,,1,2023-06-15T01:17:28+00:00
SAO_3761-10,São Paulo,3550308,True,,1051,,,-23.5945835,-46.48145925,,,,1,2023-06-15T01:17:23+00:00
SAO_3761-10,São Paulo,3550308,True,,1051,,,-23.537936375,-46.563649125,,,,1,2023-06-15T01:16:53+00:00
SAO_6047-10,São Paulo,3550308,True,,33992,,,-23.668464,-46.7637515,,,,2,2023-06-15T01:17:26+00:00
SAO_6047-10,São Paulo,3550308,True,,33992,,,-23.6629365,-46.76280075,,,,2,2023-06-15T01:17:36+00:00
SAO_6047-10,São Paulo,3550308,True,,33992,,,-23.64457675,-46.72574899999999,,,,2,2023-06-15T01:17:13+00:00
SAO_6047-10,São Paulo,3550308,True,,33992,,,-23.644084,-46.7283505,,,,2,2023-06-15T01:17:24+00:00
SAO_6047-10,São Paulo,3550308,True,,33992,,,-23.6532175,-46.74036099999999,,,,2,2023-06-15T01:17:39+00:00
SAO_6047-10,São Paulo,3550308,True,,33992,,,-23.647247375,-46.706458125,,,,2,2023-06-15T01:17:01+00:00
SAO_576M-10,São Paulo,3550308,True,,33372,,,-23.584650000000003,-46.683251999999996,,,,2,2023-06-15T01:17:37+00:00
SAO_576M-10,São Paulo,3550308,True,,33372,,,-23.6352275,-46.6415195,,,,2,2023-06-15T01:17:27+00:00
SAO_576M-10,São Paulo,3550308,True,,33372,,,-23.6779695,-46.6404855,,,,2,2023-06-15T01:17:13+00:00
SAO_576M-10,São Paulo,3550308,True,,33372,,,-23.6774965,-46.6406015,,,,2,2023-06-15T01:17:22+00:00
SAO_576M-10,São Paulo,3550308,True,,33372,,,-23.6357415,-46.6414705,,,,2,2023-06-15T01:17:32+00:00
SAO_576M-10,São Paulo,3550308,True,,33372,,,-23.58926625,-46.68188325,,,,2,2023-06-15T01:17:03+00:00
SAO_576M-10,São Paulo,3550308,True,,33372,,,-23.6216085,-46.670081249999996,,,,2,2023-06-15T01:17:09+00:00
SAO_576M-10,São Paulo,3550308,True,,33372,,,-23.5980955,-46.6772045,,,,2,2023-06-15T01:17:23+00:00
SAO_576M-10,São Paulo,3550308,True,,33372,,,-23.585794999999997,-46.68294,,,,2,2023-06-15T01:17:26+00:00
SAO_8038-10,São Paulo,3550308,True,,33565,,,-23.549813625000002,-46.7416328125,,,,2,2023-06-15T01:17:22+00:00
SAO_8038-10,São Paulo,3550308,True,,33565,,,-23.548225,-46.7435,,,,2,2023-06-15T01:17:11+00:00
SAO_8038-10,São Paulo,3550308,True,,33565,,,-23.53488225,-46.76081775,,,,2,2023-06-15T01:17:05+00:00
SAO_8038-10,São Paulo,3550308,True,,33565,,,-23.518920125,-46.704944499999996,,,,2,2023-06-15T01:15:45+00:00
SAO_8038-10,São Paulo,3550308,True,,33565,,,-23.547470499999996,-46.7498785,,,,2,2023-06-15T01:17:31+00:00
SAO_8038-10,São Paulo,3550308,True,,33565,,,-23.54795,-46.7546215,,,,2,2023-06-15T01:17:16+00:00
SAO_8038-10,São Paulo,3550308,True,,33565,,,-23.5281765,-46.739478500000004,,,,2,2023-06-15T01:17:37+00:00
SAO_8038-10,São Paulo,3550308,True,,33565,,,-23.522360874999997,-46.735230125,,,,2,2023-06-15T01:17:35+00:00
SAO_8038-10,São Paulo,3550308,True,,33565,,,-23.531885000000003,-46.759618,,,,2,2023-06-15T01:15:54+00:00
SAO_8038-10,São Paulo,3550308,True,,33565,,,-23.54800225,-46.75345900000001,,,,2,2023-06-15T01:17:25+00:00
SAO_8038-10,São Paulo,3550308,True,,33565,,,-23.540940499999998,-46.7299165,,,,2,2023-06-15T01:17:01+00:00
SAO_6913-21,São Paulo,3550308,True,,34317,,,-23.641431374999996,-46.698932375,,,,2,2023-06-15T01:16:59+00:00
SAO_6913-21,São Paulo,3550308,True,,34317,,,-23.76714475,-46.71695750000001,,,,2,2023-06-15T01:17:16+00:00
SAO_6913-21,São Paulo,3550308,True,,34317,,,-23.632466,-46.692088375000004,,,,2,2023-06-15T01:17:16+00:00
SAO_6913-21,São Paulo,3550308,True,,34317,,,-23.6518805,-46.708862999999994,,,,2,2023-06-15T01:17:33+00:00
SAO_6913-21,São Paulo,3550308,True,,34317,,,-23.644267,-46.701417125000006,,,,2,2023-06-15T01:16:57+00:00
SAO_6913-21,São Paulo,3550308,True,,34317,,,-23.596951,-46.6738295,,,,2,2023-06-15T01:17:34+00:00
SAO_6913-21,São Paulo,3550308,True,,34317,,,-23.645131,-46.702029874999994,,,,2,2023-06-15T01:17:23+00:00
SAO_746P-10,São Paulo,3550308,True,,33556,,,-23.649947,-46.7061525,,,,2,2023-06-15T01:17:00+00:00
SAO_746P-10,São Paulo,3550308,True,,33556,,,-23.649947,-46.7061525,,,,2,2023-06-15T01:17:11+00:00
SAO_746P-10,São Paulo,3550308,True,,33556,,,-23.6172295,-46.720997,,,,2,2023-06-15T01:17:25+00:00
SAO_746P-10,São Paulo,3550308,True,,33556,,,-23.644606500000002,-46.725491500000004,,,,2,2023-06-15T01:17:40+00:00
SAO_746P-10,São Paulo,3550308,True,,33556,,,-23.64605075,-46.7227015,,,,2,2023-06-15T01:17:36+00:00
SAO_746P-10,São Paulo,3550308,True,,33556,,,-23.61699275,-46.720967,,,,2,2023-06-15T01:17:11+00:00
SAO_746P-10,São Paulo,3550308,True,,33556,,,-23.6117884375,-46.725051,,,,2,2023-06-15T01:17:19+00:00
SAO_746P-10,São Paulo,3550308,True,,33556,,,-23.6438595,-46.731730999999996,,,,2,2023-06-15T01:17:40+00:00
SAO_746P-10,São Paulo,3550308,True,,33556,,,-23.643719,-46.732490999999996,,,,2,2023-06-15T01:17:02+00:00
SAO_746P-10,São Paulo,3550308,True,,33556,,,-23.6437825,-46.732147,,,,2,2023-06-15T01:17:16+00:00
SAO_746P-10,São Paulo,3550308,True,,33556,,,-23.617432,-46.7210475,,,,2,2023-06-15T01:17:15+00:00
SAO_5123-10,São Paulo,3550308,True,,1125,,,-23.599658124999998,-46.643381625,,,,1,2023-06-15T01:17:01+00:00
SAO_5123-10,São Paulo,3550308,True,,1125,,,-23.678448500000002,-46.630771499999994,,,,1,2023-06-15T01:17:35+00:00
SAO_5123-10,São Paulo,3550308,True,,1125,,,-23.627574000000003,-46.641186000000005,,,,1,2023-06-15T01:16:57+00:00
SAO_5123-10,São Paulo,3550308,True,,1125,,,-23.678448500000002,-46.630771499999994,,,,1,2023-06-15T01:16:22+00:00
SAO_5123-10,São Paulo,3550308,True,,1125,,,-23.669434000000003,-46.6360575,,,,1,2023-06-15T01:17:36+00:00
SAO_5123-10,São Paulo,3550308,True,,1125,,,-23.616099000000002,-46.638611374999996,,,,1,2023-06-15T01:17:18+00:00
SAO_5123-10,São Paulo,3550308,True,,1125,,,-23.6727275,-46.6436485,,,,1,2023-06-15T01:16:57+00:00
SAO_778J-41,São Paulo,3550308,True,,1486,,,-23.5429925,-46.6763945,,,,1,2023-06-15T01:17:03+00:00
SAO_778J-41,São Paulo,3550308,True,,1486,,,-23.559575499999998,-46.68085475,,,,1,2023-06-15T01:17:01+00:00
SAO_778J-41,São Paulo,3550308,True,,1486,,,-23.585532999999998,-46.8056635,,,,1,2023-06-15T01:17:25+00:00
SAO_778J-41,São Paulo,3550308,True,,1486,,,-23.5840755,-46.810328999999996,,,,1,2023-06-15T01:16:59+00:00
SAO_778J-41,São Paulo,3550308,True,,1486,,,-23.571145375,-46.709069125,,,,1,2023-06-15T01:16:57+00:00
SAO_809P-10,São Paulo,3550308,True,,1891,,,-23.6310935,-46.773485,,,,1,2023-06-15T01:17:28+00:00
SAO_809P-10,São Paulo,3550308,True,,1891,,,-23.584919,-46.719221000000005,,,,1,2023-06-15T01:17:33+00:00
SAO_809P-10,São Paulo,3550308,True,,1891,,,-23.6068815,-46.750004000000004,,,,1,2023-06-15T01:17:31+00:00
SAO_809P-10,São Paulo,3550308,True,,1891,,,-23.566305999999997,-46.7016105,,,,1,2023-06-15T01:17:26+00:00
SAO_809P-10,São Paulo,3550308,True,,1891,,,-23.571101,-46.698893999999996,,,,1,2023-06-15T01:17:20+00:00
SAO_809P-10,São Paulo,3550308,True,,1891,,,-23.626072999999998,-46.765776,,,,1,2023-06-15T01:17:42+00:00
SAO_407L-10,São Paulo,3550308,True,,34967,,,-23.542444,-46.416917999999995,,,,2,2023-06-15T01:16:58+00:00
SAO_407L-10,São Paulo,3550308,True,,34967,,,-23.590822000000003,-46.3946785,,,,2,2023-06-15T01:17:08+00:00
SAO_407L-10,São Paulo,3550308,True,,34967,,,-23.5240775,-46.50899,,,,2,2023-06-15T01:17:29+00:00
SAO_407L-10,São Paulo,3550308,True,,34967,,,-23.582594,-46.3928595,,,,2,2023-06-15T01:17:38+00:00
SAO_407L-10,São Paulo,3550308,True,,34967,,,-23.5556415,-46.4125245,,,,2,2023-06-15T01:17:23+00:00
SAO_407L-10,São Paulo,3550308,True,,34967,,,-23.5920095,-46.39401775,,,,2,2023-06-15T01:16:59+00:00
SAO_407L-10,São Paulo,3550308,True,,34967,,,-23.530976000000003,-46.44533225,,,,2,2023-06-15T01:17:11+00:00
SAO_407L-10,São Paulo,3550308,True,,34967,,,-23.58173075,-46.415283,,,,2,2023-06-15T01:17:25+00:00
SAO_407L-10,São Paulo,3550308,True,,34967,,,-23.5711175,-46.415583999999996,,,,2,2023-06-15T01:17:12+00:00
SAO_407L-10,São Paulo,3550308,True,,34967,,,-23.52723925,-46.518798000000004,,,,2,2023-06-15T01:17:17+00:00
SAO_407L-10,São Paulo,3550308,True,,34967,,,-23.5825665,-46.405511000000004,,,,2,2023-06-15T01:17:28+00:00
SAO_407L-10,São Paulo,3550308,True,,34967,,,-23.590592,-46.3947795,,,,2,2023-06-15T01:17:34+00:00
SAO_407L-10,São Paulo,3550308,True,,34967,,,-23.54434925,-46.41144,,,,2,2023-06-15T01:17:36+00:00
SAO_407L-10,São Paulo,3550308,True,,34967,,,-23.5365045,-46.44996825,,,,2,2023-06-15T01:17:05+00:00
SAO_407L-10,São Paulo,3550308,True,,34967,,,-23.5822535,-46.392880500000004,,,,2,2023-06-15T01:17:04+00:00
SAO_407L-10,São Paulo,3550308,True,,34967,,,-23.534197,-46.450534,,,,2,2023-06-15T01:17:14+00:00
SAO_407L-10,São Paulo,3550308,True,,34967,,,-23.5729015,-46.4158005,,,,2,2023-06-15T01:17:31+00:00
SAO_4031-10,São Paulo,3550308,True,,1101,,,-23.592814,-46.54563,,,,1,2023-06-15T01:17:04+00:00
SAO_4031-10,São Paulo,3550308,True,,1101,,,-23.5885095,-46.5877335,,,,1,2023-06-15T01:17:22+00:00
SAO_4031-10,São Paulo,3550308,True,,1101,,,-23.583394,-46.582493,,,,1,2023-06-15T01:17:39+00:00
SAO_4031-10,São Paulo,3550308,True,,1101,,,-23.6018635,-46.530782,,,,1,2023-06-15T01:17:05+00:00
SAO_4031-10,São Paulo,3550308,True,,1101,,,-23.6126495,-46.510928,,,,1,2023-06-15T01:17:39+00:00
SAO_4031-10,São Paulo,3550308,True,,1101,,,-23.61408,-46.517419000000004,,,,1,2023-06-15T01:17:41+00:00
SAO_4031-10,São Paulo,3550308,True,,1101,,,-23.583861249999998,-46.5688235,,,,1,2023-06-15T01:17:14+00:00
SAO_4031-10,São Paulo,3550308,True,,1101,,,-23.59086825,-46.588631500000005,,,,1,2023-06-15T01:17:08+00:00
SAO_6048-10,São Paulo,3550308,True,,32824,,,-23.668397,-46.7730955,,,,2,2023-06-15T01:17:20+00:00
SAO_6048-10,São Paulo,3550308,True,,32824,,,-23.6591095,-46.766191,,,,2,2023-06-15T01:17:00+00:00
SAO_6048-10,São Paulo,3550308,True,,32824,,,-23.64505,-46.7459375,,,,2,2023-06-15T01:17:39+00:00
SAO_6048-10,São Paulo,3550308,True,,32824,,,-23.680662499999997,-46.76965250000001,,,,2,2023-06-15T01:17:13+00:00
SAO_6048-10,São Paulo,3550308,True,,32824,,,-23.646382000000003,-46.7069345,,,,2,2023-06-15T01:17:38+00:00
SAO_6048-10,São Paulo,3550308,True,,32824,,,-23.648122,-46.748729499999996,,,,2,2023-06-15T01:17:22+00:00
SAO_4032-10,São Paulo,3550308,True,,33870,,,-23.613651,-46.63822,,,,2,2023-06-15T01:17:09+00:00
SAO_4032-10,São Paulo,3550308,True,,33870,,,-23.609929,-46.63855825,,,,2,2023-06-15T01:17:06+00:00
SAO_4032-10,São Paulo,3550308,True,,33870,,,-23.59815025,-46.645907750000006,,,,2,2023-06-15T01:17:02+00:00
SAO_4032-10,São Paulo,3550308,True,,33870,,,-23.62702375,-46.60710175,,,,2,2023-06-15T01:17:10+00:00
SAO_6078-10,São Paulo,3550308,True,,33934,,,-23.709925,-46.699603999999994,,,,2,2023-06-15T01:17:20+00:00
SAO_6078-10,São Paulo,3550308,True,,33934,,,-23.7425925,-46.662287500000005,,,,2,2023-06-15T01:17:28+00:00
SAO_6078-10,São Paulo,3550308,True,,33934,,,-23.755401874999997,-46.671728875,,,,2,2023-06-15T01:17:33+00:00
SAO_6078-10,São Paulo,3550308,True,,33934,,,-23.7414065,-46.6603845,,,,2,2023-06-15T01:17:03+00:00
SAO_6078-10,São Paulo,3550308,True,,33934,,,-23.710868125,-46.699293624999996,,,,2,2023-06-15T01:17:38+00:00
SAO_6078-10,São Paulo,3550308,True,,33934,,,-23.73591725,-46.694809125000006,,,,2,2023-06-15T01:17:23+00:00
SAO_6078-10,São Paulo,3550308,True,,33934,,,-23.68299,-46.6905625,,,,2,2023-06-15T01:17:25+00:00
SAO_6078-10,São Paulo,3550308,True,,33934,,,-23.7410455,-46.69155675,,,,2,2023-06-15T01:17:14+00:00
SAO_6078-10,São Paulo,3550308,True,,33934,,,-23.728766999999998,-46.699123,,,,2,2023-06-15T01:17:07+00:00
SAO_6078-10,São Paulo,3550308,True,,33934,,,-23.73591725,-46.694809125000006,,,,2,2023-06-15T01:17:09+00:00
SAO_971C-10,São Paulo,3550308,True,,571,,,-23.463523000000002,-46.68139,,,,1,2023-06-15T01:17:19+00:00
SAO_971C-10,São Paulo,3550308,True,,571,,,-23.447555,-46.711548,,,,1,2023-06-15T01:17:07+00:00
SAO_971C-10,São Paulo,3550308,True,,571,,,-23.500237875,-46.633570750000004,,,,1,2023-06-15T01:17:16+00:00
SAO_971C-10,São Paulo,3550308,True,,571,,,-23.473550250000002,-46.670976249999995,,,,1,2023-06-15T01:17:28+00:00
SAO_971C-10,São Paulo,3550308,True,,571,,,-23.501332,-46.624855,,,,1,2023-06-15T01:17:38+00:00
SAO_971C-10,São Paulo,3550308,True,,571,,,-23.4900695,-46.6507735,,,,1,2023-06-15T01:17:11+00:00
SAO_2714-10,São Paulo,3550308,True,,927,,,-23.512057,-46.527947,,,,1,2023-06-15T01:17:04+00:00
SAO_2714-10,São Paulo,3550308,True,,927,,,-23.512057,-46.527947,,,,1,2023-06-15T01:17:14+00:00
SAO_2714-10,São Paulo,3550308,True,,927,,,-23.5146385,-46.5303575,,,,1,2023-06-15T01:16:59+00:00
SAO_2714-10,São Paulo,3550308,True,,927,,,-23.5313415,-46.529821,,,,1,2023-06-15T01:17:27+00:00
SAO_2714-10,São Paulo,3550308,True,,927,,,-23.5313415,-46.529821,,,,1,2023-06-15T01:17:02+00:00
SAO_2714-10,São Paulo,3550308,True,,927,,,-23.5313415,-46.529821,,,,1,2023-06-15T01:17:24+00:00
SAO_2714-10,São Paulo,3550308,True,,927,,,-23.5312535,-46.530562,,,,1,2023-06-15T01:17:28+00:00
SAO_5013-10,São Paulo,3550308,True,,1117,,,-23.6689565,-46.6773375,,,,1,2023-06-15T01:17:39+00:00
SAO_5013-10,São Paulo,3550308,True,,1117,,,-23.6849845,-46.633231,,,,1,2023-06-15T01:17:00+00:00
SAO_5013-10,São Paulo,3550308,True,,1117,,,-23.679189,-46.6308415,,,,1,2023-06-15T01:15:13+00:00
SAO_5013-10,São Paulo,3550308,True,,1117,,,-23.66546225,-46.69058325,,,,1,2023-06-15T01:17:23+00:00
SAO_5013-10,São Paulo,3550308,True,,1117,,,-23.6804665,-46.64072475,,,,1,2023-06-15T01:16:49+00:00
SAO_4732-10,São Paulo,3550308,True,,33070,,,-23.631579,-46.6047535,,,,2,2023-06-15T01:17:04+00:00
SAO_4732-10,São Paulo,3550308,True,,33070,,,-23.621427500000003,-46.63441375000001,,,,2,2023-06-15T01:17:29+00:00
SAO_4732-10,São Paulo,3550308,True,,33070,,,-23.62758675,-46.614903749999996,,,,2,2023-06-15T01:17:24+00:00
SAO_4732-10,São Paulo,3550308,True,,33070,,,-23.6387885,-46.607684000000006,,,,2,2023-06-15T01:17:12+00:00
SAO_736G-10,São Paulo,3550308,True,,780,,,-23.618506,-46.699464,,,,1,2023-06-15T01:17:22+00:00
SAO_736G-10,São Paulo,3550308,True,,780,,,-23.620959,-46.70060049999999,,,,1,2023-06-15T01:17:35+00:00
SAO_736G-10,São Paulo,3550308,True,,780,,,-23.640328,-46.74752075,,,,1,2023-06-15T01:17:21+00:00
SAO_736G-10,São Paulo,3550308,True,,780,,,-23.6347315,-46.747842000000006,,,,1,2023-06-15T01:17:07+00:00
SAO_875C-10,São Paulo,3550308,True,EMTU,478,https://moovitapp.com/index/pt-br/transporte_p%C3%BAblico-line-478-Sao_Paulo-242-2038937-36419510-0,6.25,-23.601333125,-46.666076625,,,,1,2023-06-15T01:17:13+00:00
SAO_875C-10,São Paulo,3550308,True,EMTU,478,https://moovitapp.com/index/pt-br/transporte_p%C3%BAblico-line-478-Sao_Paulo-242-2038937-36419510-0,6.25,-23.543490124999998,-46.715588,,,,1,2023-06-15T01:16:58+00:00
SAO_875C-10,São Paulo,3550308,True,EMTU,478,https://moovitapp.com/index/pt-br/transporte_p%C3%BAblico-line-478-Sao_Paulo-242-2038937-36419510-0,6.25,-23.5827815,-46.6840725,,,,1,2023-06-15T01:16:59+00:00
SAO_875C-10,São Paulo,3550308,True,EMTU,478,https://moovitapp.com/index/pt-br/transporte_p%C3%BAblico-line-478-Sao_Paulo-242-2038937-36419510-0,6.25,-23.601504375,-46.665866875,,,,1,2023-06-15T01:17:41+00:00
SAO_875C-10,São Paulo,3550308,True,EMTU,478,https://moovitapp.com/index/pt-br/transporte_p%C3%BAblico-line-478-Sao_Paulo-242-2038937-36419510-0,6.25,-23.59679825,-46.646377125,,,,1,2023-06-15T01:17:14+00:00
SAO_875C-10,São Paulo,3550308,True,EMTU,478,https://moovitapp.com/index/pt-br/transporte_p%C3%BAblico-line-478-Sao_Paulo-242-2038937-36419510-0,6.25,-23.601504375,-46.665866875,,,,1,2023-06-15T01:17:30+00:00
SAO_875C-10,São Paulo,3550308,True,EMTU,478,https://moovitapp.com/index/pt-br/transporte_p%C3%BAblico-line-478-Sao_Paulo-242-2038937-36419510-0,6.25,-23.5227365,-46.701160625,,,,1,2023-06-15T01:17:03+00:00
SAO_6960-10,São Paulo,3550308,True,,1443,,,-23.6555745,-46.71831350000001,,,,1,2023-06-15T01:17:26+00:00
SAO_6960-10,São Paulo,3550308,True,,1443,,,-23.76784525,-46.71674175,,,,1,2023-06-15T01:17:37+00:00
SAO_6960-10,São Paulo,3550308,True,,1443,,,-23.680831374999997,-46.713291874999996,,,,1,2023-06-15T01:17:12+00:00
SAO_6960-10,São Paulo,3550308,True,,1443,,,-23.716108499999997,-46.70567,,,,1,2023-06-15T01:16:19+00:00
SAO_5143-10,São Paulo,3550308,True,,1628,,,-23.54620025,-46.63007,,,,1,2023-06-15T01:17:00+00:00
SAO_5143-10,São Paulo,3550308,True,,1628,,,-23.582786,-46.5713775,,,,1,2023-06-15T01:17:16+00:00
SAO_2626-10,São Paulo,3550308,True,,33144,,,-23.5349755,-46.580614499999996,,,,2,2023-06-15T01:16:57+00:00
SAO_2626-10,São Paulo,3550308,True,,33144,,,-23.494142,-46.421000125,,,,2,2023-06-15T01:16:59+00:00
SAO_2626-10,São Paulo,3550308,True,,33144,,,-23.5235135,-46.410546499999995,,,,2,2023-06-15T01:16:55+00:00
SAO_2626-10,São Paulo,3550308,True,,33144,,,-23.5164355,-46.5211235,,,,2,2023-06-15T01:17:20+00:00
SAO_2626-10,São Paulo,3550308,True,,33144,,,-23.507900499999998,-46.41143575,,,,2,2023-06-15T01:17:36+00:00
SAO_2626-10,São Paulo,3550308,True,,33144,,,-23.49247875,-46.4483235,,,,2,2023-06-15T01:17:35+00:00
SAO_2626-10,São Paulo,3550308,True,,33144,,,-23.5219545,-46.410014000000004,,,,2,2023-06-15T01:17:38+00:00
SAO_2626-10,São Paulo,3550308,True,,33144,,,-23.54209775,-46.61522575,,,,2,2023-06-15T01:17:08+00:00
SAO_314V-10,São Paulo,3550308,True,,33079,,,-23.583273499999997,-46.6010005,,,,2,2023-06-15T01:16:56+00:00
SAO_314V-10,São Paulo,3550308,True,,33079,,,-23.5903485,-46.5381825,,,,2,2023-06-15T01:17:00+00:00
SAO_314V-10,São Paulo,3550308,True,,33079,,,-23.5787035,-46.573828250000005,,,,2,2023-06-15T01:17:00+00:00
SAO_314V-10,São Paulo,3550308,True,,33079,,,-23.587295750000003,-46.5442235,,,,2,2023-06-15T01:17:10+00:00
SAO_2720-10,São Paulo,3550308,True,,33701,,,-23.4880555,-46.46989375,,,,2,2023-06-15T01:17:39+00:00
SAO_2720-10,São Paulo,3550308,True,,33701,,,-23.502148875,-46.4803045,,,,2,2023-06-15T01:17:21+00:00
SAO_2720-10,São Paulo,3550308,True,,33701,,,-23.493021,-46.470974,,,,2,2023-06-15T01:17:39+00:00
SAO_2720-10,São Paulo,3550308,True,,33701,,,-23.5222145,-46.517661000000004,,,,2,2023-06-15T01:17:33+00:00
SAO_2720-10,São Paulo,3550308,True,,33701,,,-23.5129275,-46.5041515,,,,2,2023-06-15T01:17:38+00:00
SAO_2720-10,São Paulo,3550308,True,,33701,,,-23.493021,-46.470974,,,,2,2023-06-15T01:17:16+00:00
SAO_2720-10,São Paulo,3550308,True,,33701,,,-23.502362625,-46.4804335,,,,2,2023-06-15T01:17:17+00:00
SAO_2720-10,São Paulo,3550308,True,,33701,,,-23.493471,-46.470558,,,,2,2023-06-15T01:17:12+00:00
SAO_2720-10,São Paulo,3550308,True,,33701,,,-23.509086,-46.4956995,,,,2,2023-06-15T01:17:26+00:00
SAO_2720-10,São Paulo,3550308,True,,33701,,,-23.52753775,-46.51859400000001,,,,2,2023-06-15T01:17:01+00:00
SAO_2720-10,São Paulo,3550308,True,,33701,,,-23.49102075,-46.4712405,,,,2,2023-06-15T01:17:04+00:00
SAO_9717-10,São Paulo,3550308,True,,33585,,,-23.505549000000002,-46.673102,,,,2,2023-06-15T01:17:10+00:00
SAO_9717-10,São Paulo,3550308,True,,33585,,,-23.50622625,-46.67333725,,,,2,2023-06-15T01:17:35+00:00
SAO_9717-10,São Paulo,3550308,True,,33585,,,-23.514857499999998,-46.64042625,,,,2,2023-06-15T01:17:14+00:00
SAO_9717-10,São Paulo,3550308,True,,33585,,,-23.4997915,-46.693145,,,,2,2023-06-15T01:17:21+00:00
SAO_9717-10,São Paulo,3550308,True,,33585,,,-23.506302249999997,-46.62408525,,,,2,2023-06-15T01:17:05+00:00
SAO_9717-10,São Paulo,3550308,True,,33585,,,-23.509356500000003,-46.66496,,,,2,2023-06-15T01:17:37+00:00
SAO_809A-10,São Paulo,3550308,True,,34837,,,-23.5758385,-46.7757245,,,,2,2023-06-15T01:17:31+00:00
SAO_809A-10,São Paulo,3550308,True,,34837,,,-23.578004,-46.779188,,,,2,2023-06-15T01:17:11+00:00
SAO_809A-10,São Paulo,3550308,True,,34837,,,-23.57751775,-46.7245525,,,,2,2023-06-15T01:17:41+00:00
SAO_809A-10,São Paulo,3550308,True,,34837,,,-23.586464437500002,-46.75255262500001,,,,2,2023-06-15T01:17:20+00:00
SAO_809A-10,São Paulo,3550308,True,,34837,,,-23.57543225,-46.77549825,,,,2,2023-06-15T01:17:26+00:00
SAO_2101-41,São Paulo,3550308,True,,33483,,,-23.57616525,-46.587126749999996,,,,2,2023-06-15T01:17:32+00:00
SAO_5178-10,São Paulo,3550308,True,,595,,,-23.553067749999997,-46.63509125,,,,1,2023-06-15T01:17:38+00:00
SAO_5178-10,São Paulo,3550308,True,,595,,,-23.676204,-46.6419445,,,,1,2023-06-15T01:17:16+00:00
SAO_5178-10,São Paulo,3550308,True,,595,,,-23.57191325,-46.65340125,,,,1,2023-06-15T01:17:28+00:00
SAO_5178-10,São Paulo,3550308,True,,595,,,-23.58877,-46.651790500000004,,,,1,2023-06-15T01:17:18+00:00
SAO_5178-10,São Paulo,3550308,True,,595,,,-23.634524,-46.669036500000004,,,,1,2023-06-15T01:17:18+00:00
SAO_4035-10,São Paulo,3550308,True,,2560,,,-23.562688,-46.4309435,,,,1,2023-06-15T01:17:13+00:00
SAO_4035-10,São Paulo,3550308,True,,2560,,,-23.553889749999996,-46.447311,,,,1,2023-06-15T01:12:15+00:00
SAO_4035-10,São Paulo,3550308,True,,2560,,,-23.5427145,-46.4149935,,,,1,2023-06-15T01:16:58+00:00
SAO_9501-10,São Paulo,3550308,True,,33230,,,-23.4794135,-46.673311999999996,,,,2,2023-06-15T01:17:30+00:00
SAO_9501-10,São Paulo,3550308,True,,33230,,,-23.4742495,-46.669781,,,,2,2023-06-15T01:17:32+00:00
SAO_9501-10,São Paulo,3550308,True,,33230,,,-23.5173575,-46.6815965,,,,2,2023-06-15T01:17:15+00:00
SAO_9501-10,São Paulo,3550308,True,,33230,,,-23.474486,-46.66942825,,,,2,2023-06-15T01:17:17+00:00
SAO_9501-10,São Paulo,3550308,True,,33230,,,-23.537661500000002,-46.64148875,,,,2,2023-06-15T01:17:15+00:00
SAO_9501-10,São Paulo,3550308,True,,33230,,,-23.543206,-46.6386375,,,,2,2023-06-15T01:17:31+00:00
SAO_9501-10,São Paulo,3550308,True,,33230,,,-23.4747275,-46.670029,,,,2,2023-06-15T01:17:25+00:00
SAO_9501-10,São Paulo,3550308,True,,33230,,,-23.481364,-46.674343,,,,2,2023-06-15T01:17:40+00:00
SAO_9501-10,São Paulo,3550308,True,,33230,,,-23.505319,-46.6886865,,,,2,2023-06-15T01:17:12+00:00
SAO_9501-10,São Paulo,3550308,True,,33230,,,-23.485504,-46.680702,,,,2,2023-06-15T01:16:57+00:00
SAO_9501-10,São Paulo,3550308,True,,33230,,,-23.509054999999996,-46.689615374999995,,,,2,2023-06-15T01:17:00+00:00
SAO_9501-10,São Paulo,3550308,True,,33230,,,-23.4840915,-46.679384,,,,2,2023-06-15T01:17:15+00:00
SAO_9501-10,São Paulo,3550308,True,,33230,,,-23.527924,-46.648139,,,,2,2023-06-15T01:17:02+00:00
SAO_9501-10,São Paulo,3550308,True,,33230,,,-23.520782500000003,-46.667924,,,,2,2023-06-15T01:17:28+00:00
SAO_2105-10,São Paulo,3550308,True,,2247,,,-23.516329,-46.625257500000004,,,,1,2023-06-15T01:17:31+00:00
SAO_2105-10,São Paulo,3550308,True,,2247,,,-23.4394965,-46.5756425,,,,1,2023-06-15T01:15:19+00:00
SAO_2105-10,São Paulo,3550308,True,,2247,,,-23.4875095,-46.621339500000005,,,,1,2023-06-15T01:17:06+00:00
SAO_2105-10,São Paulo,3550308,True,,2247,,,-23.435150999999998,-46.581629,,,,1,2023-06-15T01:17:27+00:00
SAO_2105-10,São Paulo,3550308,True,,2247,,,-23.512245,-46.62514875,,,,1,2023-06-15T01:17:07+00:00
SAO_208M-10,São Paulo,3550308,True,,2478,,,-23.562668125000002,-46.6900645,,,,1,2023-06-15T01:17:29+00:00
SAO_208M-10,São Paulo,3550308,True,,2478,,,-23.548239,-46.67303750000001,,,,1,2023-06-15T01:17:03+00:00
SAO_208M-10,São Paulo,3550308,True,,2478,,,-23.56467225,-46.69334775,,,,1,2023-06-15T01:17:24+00:00
SAO_2058-10,São Paulo,3550308,True,,33027,,,-23.535325,-46.401736,,,,2,2023-06-15T01:17:27+00:00
SAO_2058-10,São Paulo,3550308,True,,33027,,,-23.543284,-46.411506,,,,2,2023-06-15T01:17:11+00:00
SAO_2058-10,São Paulo,3550308,True,,33027,,,-23.494194,-46.421617625,,,,2,2023-06-15T01:17:05+00:00
SAO_9301-10,São Paulo,3550308,True,,458,,,-23.543011,-46.637326,,,,1,2023-06-15T01:17:33+00:00
SAO_9301-10,São Paulo,3550308,True,,458,,,-23.502744,-46.659666,,,,1,2023-06-15T01:17:28+00:00
SAO_4025-10,São Paulo,3550308,True,,33863,,,-23.593766375,-46.56137925,,,,2,2023-06-15T01:17:41+00:00
SAO_4025-10,São Paulo,3550308,True,,33863,,,-23.593766375,-46.56137925,,,,2,2023-06-15T01:17:11+00:00
SAO_4025-10,São Paulo,3550308,True,,33863,,,-23.582998250000003,-46.570857000000004,,,,2,2023-06-15T01:16:58+00:00
SAO_4025-10,São Paulo,3550308,True,,33863,,,-23.591710999999997,-46.566732,,,,2,2023-06-15T01:17:32+00:00
SAO_4025-10,São Paulo,3550308,True,,33863,,,-23.5896265,-46.567689,,,,2,2023-06-15T01:17:20+00:00
SAO_4025-10,São Paulo,3550308,True,,33863,,,-23.590249,-46.5674625,,,,2,2023-06-15T01:16:58+00:00
SAO_4025-10,São Paulo,3550308,True,,33863,,,-23.561125499999996,-46.576721,,,,2,2023-06-15T01:17:17+00:00
SAO_4025-10,São Paulo,3550308,True,,33863,,,-23.607989375000002,-46.553975375,,,,2,2023-06-15T01:17:30+00:00
SAO_4732-10,São Paulo,3550308,True,Rápido Campinas,302,https://moovitapp.com/index/pt-br/transporte_p%C3%BAblico-line-302-Sao_Paulo-242-858660-23262913-0,5.3,-23.632804,-46.605017125,,,,1,2023-06-15T01:17:32+00:00
SAO_4732-10,São Paulo,3550308,True,Rápido Campinas,302,https://moovitapp.com/index/pt-br/transporte_p%C3%BAblico-line-302-Sao_Paulo-242-858660-23262913-0,5.3,-23.618575749999998,-46.637992499999996,,,,1,2023-06-15T01:17:07+00:00
SAO_6008-10,São Paulo,3550308,True,,1200,,,-23.663378,-46.707454999999996,,,,1,2023-06-15T01:17:35+00:00
SAO_6008-10,São Paulo,3550308,True,,1200,,,-23.68383,-46.759794,,,,1,2023-06-15T01:17:09+00:00
SAO_6008-10,São Paulo,3550308,True,,1200,,,-23.667369,-46.728165,,,,1,2023-06-15T01:17:39+00:00
SAO_6008-10,São Paulo,3550308,True,,1200,,,-23.654007,-46.710475,,,,1,2023-06-15T01:17:21+00:00
SAO_807J-10,São Paulo,3550308,True,,34826,,,-23.6317985,-46.771744,,,,2,2023-06-15T01:17:33+00:00
SAO_807J-10,São Paulo,3550308,True,,34826,,,-23.618586,-46.698989,,,,2,2023-06-15T01:17:13+00:00
SAO_807J-10,São Paulo,3550308,True,,34826,,,-23.615524,-46.7132745,,,,2,2023-06-15T01:17:31+00:00
SAO_807J-10,São Paulo,3550308,True,,34826,,,-23.618586,-46.698989,,,,2,2023-06-15T01:16:58+00:00
SAO_807J-10,São Paulo,3550308,True,,34826,,,-23.6200105,-46.69833199999999,,,,2,2023-06-15T01:17:31+00:00
SAO_807J-10,São Paulo,3550308,True,,34826,,,-23.614690000000003,-46.74092225,,,,2,2023-06-15T01:17:11+00:00
SAO_807J-10,São Paulo,3550308,True,,34826,,,-23.631797499999998,-46.7719915,,,,2,2023-06-15T01:17:40+00:00
SAO_807J-10,São Paulo,3550308,True,,34826,,,-23.622176500000002,-46.759738999999996,,,,2,2023-06-15T01:17:26+00:00
SAO_807J-10,São Paulo,3550308,True,,34826,,,-23.617787999999997,-46.702797000000004,,,,2,2023-06-15T01:17:00+00:00
SAO_807J-10,São Paulo,3550308,True,,34826,,,-23.61994025,-46.69403425,,,,2,2023-06-15T01:17:16+00:00
SAO_516N-10,São Paulo,3550308,True,,33034,,,-23.689484,-46.6498415,,,,2,2023-06-15T01:17:38+00:00
SAO_516N-10,São Paulo,3550308,True,,33034,,,-23.643190249999996,-46.6735595,,,,2,2023-06-15T01:17:20+00:00
SAO_516N-10,São Paulo,3550308,True,,33034,,,-23.625871874999998,-46.687094125,,,,2,2023-06-15T01:17:35+00:00
SAO_516N-10,São Paulo,3550308,True,,33034,,,-23.6892245,-46.643369,,,,2,2023-06-15T01:17:24+00:00
SAO_516N-10,São Paulo,3550308,True,,33034,,,-23.663895,-46.661038000000005,,,,2,2023-06-15T01:16:58+00:00
SAO_516N-10,São Paulo,3550308,True,,33034,,,-23.633191,-46.680735,,,,2,2023-06-15T01:17:34+00:00
SAO_516N-10,São Paulo,3550308,True,,33034,,,-23.6730035,-46.644122499999995,,,,2,2023-06-15T01:17:10+00:00
SAO_516N-10,São Paulo,3550308,True,,33034,,,-23.689736500000002,-46.6497535,,,,2,2023-06-15T01:17:04+00:00
SAO_516N-10,São Paulo,3550308,True,,33034,,,-23.603969375,-46.674927374999996,,,,2,2023-06-15T01:17:36+00:00
SAO_516N-10,São Paulo,3550308,True,,33034,,,-23.643190249999996,-46.6735595,,,,2,2023-06-15T01:17:38+00:00
SAO_516N-10,São Paulo,3550308,True,,33034,,,-23.5860225,-46.6711035,,,,2,2023-06-15T01:17:02+00:00
SAO_516N-10,São Paulo,3550308,True,,33034,,,-23.58729175,-46.67156075,,,,2,2023-06-15T01:17:24+00:00
SAO_516N-10,São Paulo,3550308,True,,33034,,,-23.6876195,-46.641799500000005,,,,2,2023-06-15T01:17:33+00:00
SAO_675P-10,São Paulo,3550308,True,,33043,,,-23.661213500000002,-46.6602415,,,,2,2023-06-15T01:17:16+00:00
SAO_675P-10,São Paulo,3550308,True,,33043,,,-23.6583245,-46.7026635,,,,2,2023-06-15T01:17:29+00:00
SAO_675P-10,São Paulo,3550308,True,,33043,,,-23.659373,-46.6631615,,,,2,2023-06-15T01:17:33+00:00
SAO_675P-10,São Paulo,3550308,True,,33043,,,-23.666731499999997,-46.706370500000006,,,,2,2023-06-15T01:16:07+00:00
SAO_675P-10,São Paulo,3550308,True,,33043,,,-23.6423405,-46.6393655,,,,2,2023-06-15T01:17:29+00:00
SAO_675P-10,São Paulo,3550308,True,,33043,,,-23.659385,-46.70405825,,,,2,2023-06-15T01:16:59+00:00
SAO_6092-10,São Paulo,3550308,True,,1177,,,-23.750700000000002,-46.688210999999995,,,,1,2023-06-15T01:17:35+00:00
SAO_6092-10,São Paulo,3550308,True,,1177,,,-23.737362,-46.6973265,,,,1,2023-06-15T01:16:59+00:00
SAO_6092-10,São Paulo,3550308,True,,1177,,,-23.77248,-46.684292,,,,1,2023-06-15T01:17:11+00:00
SAO_6092-10,São Paulo,3550308,True,,1177,,,-23.750869,-46.688227,,,,1,2023-06-15T01:17:41+00:00
SAO_8194-10,São Paulo,3550308,True,,805,,,-23.406951999999997,-46.757836,,,,1,2023-06-15T01:17:08+00:00
SAO_8194-10,São Paulo,3550308,True,,805,,,-23.412819499999998,-46.750868499999996,,,,1,2023-06-15T01:17:02+00:00
SAO_8194-10,São Paulo,3550308,True,,805,,,-23.438336,-46.7091475,,,,1,2023-06-15T01:16:58+00:00
SAO_8194-10,São Paulo,3550308,True,,805,,,-23.449666999999998,-46.700716,,,,1,2023-06-15T01:17:24+00:00
SAO_8194-10,São Paulo,3550308,True,,805,,,-23.405151500000002,-46.751794000000004,,,,1,2023-06-15T01:16:59+00:00
SAO_8194-10,São Paulo,3550308,True,,805,,,-23.404296374999998,-46.73852875,,,,1,2023-06-15T01:17:23+00:00
SAO_8194-10,São Paulo,3550308,True,,805,,,-23.473550250000002,-46.670976249999995,,,,1,2023-06-15T01:17:30+00:00
SAO_2711-10,São Paulo,3550308,True,,33693,,,-23.5132035,-46.4946575,,,,2,2023-06-15T01:17:34+00:00
SAO_2711-10,São Paulo,3550308,True,,33693,,,-23.5265985,-46.499814,,,,2,2023-06-15T01:17:07+00:00
SAO_2711-10,São Paulo,3550308,True,,33693,,,-23.514456000000003,-46.48103125,,,,2,2023-06-15T01:17:19+00:00
SAO_2711-10,São Paulo,3550308,True,,33693,,,-23.5123085,-46.4941585,,,,2,2023-06-15T01:17:05+00:00
SAO_2711-10,São Paulo,3550308,True,,33693,,,-23.5300235,-46.50095,,,,2,2023-06-15T01:17:33+00:00
SAO_2711-10,São Paulo,3550308,True,,33693,,,-23.514456000000003,-46.48103125,,,,2,2023-06-15T01:17:11+00:00
SAO_2161-10,São Paulo,3550308,True,,33462,,,-23.53700425,-46.614102,,,,2,2023-06-15T01:16:59+00:00
SAO_2161-10,São Paulo,3550308,True,,33462,,,-23.493116375,-46.585664875000006,,,,2,2023-06-15T01:16:41+00:00
SAO_2161-10,São Paulo,3550308,True,,33462,,,-23.4740875,-46.566756999999996,,,,2,2023-06-15T01:17:39+00:00
SAO_2161-10,São Paulo,3550308,True,,33462,,,-23.474255499999998,-46.56712,,,,2,2023-06-15T01:17:08+00:00
SAO_2161-10,São Paulo,3550308,True,,33462,,,-23.474233499999997,-46.5668295,,,,2,2023-06-15T01:17:26+00:00
SAO_2161-10,São Paulo,3550308,True,,33462,,,-23.5359305,-46.6140435,,,,2,2023-06-15T01:17:14+00:00
SAO_2666-10,São Paulo,3550308,True,,33146,,,-23.5366255,-46.589150000000004,,,,2,2023-06-15T01:17:17+00:00
SAO_2666-10,São Paulo,3550308,True,,33146,,,-23.518412250000004,-46.391846125,,,,2,2023-06-15T01:17:25+00:00
SAO_2666-10,São Paulo,3550308,True,,33146,,,-23.49986925,-46.4688685,,,,2,2023-06-15T01:17:38+00:00
SAO_2666-10,São Paulo,3550308,True,,33146,,,-23.518412250000004,-46.391846125,,,,2,2023-06-15T01:17:12+00:00
SAO_2666-10,São Paulo,3550308,True,,33146,,,-23.495147000000003,-46.4347765,,,,2,2023-06-15T01:17:27+00:00
SAO_2666-10,São Paulo,3550308,True,,33146,,,-23.5200405,-46.38843,,,,2,2023-06-15T01:17:23+00:00
SAO_2666-10,São Paulo,3550308,True,,33146,,,-23.512286500000002,-46.393762,,,,2,2023-06-15T01:09:37+00:00
SAO_2666-10,São Paulo,3550308,True,,33146,,,-23.522232,-46.538058,,,,2,2023-06-15T01:16:57+00:00
SAO_2666-10,São Paulo,3550308,True,,33146,,,-23.50101325,-46.39833675,,,,2,2023-06-15T01:17:24+00:00
SAO_2666-10,São Paulo,3550308,True,,33146,,,-23.5160585,-46.520732,,,,2,2023-06-15T01:17:27+00:00
SAO_2666-10,São Paulo,3550308,True,,33146,,,-23.5114965,-46.500350499999996,,,,2,2023-06-15T01:17:39+00:00
SAO_2666-10,São Paulo,3550308,True,,33146,,,-23.53593,-46.571818,,,,2,2023-06-15T01:17:25+00:00
SAO_5142-10,São Paulo,3550308,True,,34394,,,-23.6148035,-46.5002005,,,,2,2023-06-15T01:17:14+00:00
SAO_5142-10,São Paulo,3550308,True,,34394,,,-23.6016895,-46.534328,,,,2,2023-06-15T01:15:26+00:00
SAO_5142-10,São Paulo,3550308,True,,34394,,,-23.583323874999998,-46.558675125,,,,2,2023-06-15T01:17:34+00:00
SAO_5142-10,São Paulo,3550308,True,,34394,,,-23.581785500000002,-46.6022125,,,,2,2023-06-15T01:17:39+00:00
SAO_5142-10,São Paulo,3550308,True,,34394,,,-23.60819,-46.510558,,,,2,2023-06-15T01:17:20+00:00
SAO_5142-10,São Paulo,3550308,True,,34394,,,-23.601728,-46.531013,,,,2,2023-06-15T01:16:52+00:00
SAO_5142-10,São Paulo,3550308,True,,34394,,,-23.6202105,-46.50994075,,,,2,2023-06-15T01:16:36+00:00
SAO_5142-10,São Paulo,3550308,True,,34394,,,-23.554506,-46.627272000000005,,,,2,2023-06-15T01:17:10+00:00
SAO_5142-10,São Paulo,3550308,True,,34394,,,-23.5616675,-46.6276875,,,,2,2023-06-15T01:17:10+00:00
SAO_5142-10,São Paulo,3550308,True,,34394,,,-23.585113,-46.582381,,,,2,2023-06-15T01:17:30+00:00
SAO_5142-10,São Paulo,3550308,True,,34394,,,-23.592894,-46.545981,,,,2,2023-06-15T01:17:19+00:00
SAO_118C-10,São Paulo,3550308,True,,33287,,,-23.4579625,-46.67248,,,,2,2023-06-15T01:16:57+00:00
SAO_118C-10,São Paulo,3550308,True,,33287,,,-23.4694905,-46.646887,,,,2,2023-06-15T01:17:01+00:00
SAO_118C-10,São Paulo,3550308,True,,33287,,,-23.4579625,-46.67248,,,,2,2023-06-15T01:17:10+00:00
SAO_118C-10,São Paulo,3550308,True,,33287,,,-23.471168499999997,-46.651476,,,,2,2023-06-15T01:17:17+00:00
SAO_118C-10,São Paulo,3550308,True,,33287,,,-23.484717875,-46.629884,,,,2,2023-06-15T01:17:11+00:00
SAO_118C-10,São Paulo,3550308,True,,33287,,,-23.470734999999998,-46.650088999999994,,,,2,2023-06-15T01:17:35+00:00
SAO_118C-10,São Paulo,3550308,True,,33287,,,-23.540725,-46.6477225,,,,2,2023-06-15T01:17:24+00:00
SAO_118C-10,São Paulo,3550308,True,,33287,,,-23.456187,-46.673824749999994,,,,2,2023-06-15T01:17:22+00:00
SAO_118C-10,São Paulo,3550308,True,,33287,,,-23.540057,-46.648011,,,,2,2023-06-15T01:17:38+00:00
SAO_118C-10,São Paulo,3550308,True,,33287,,,-23.453662,-46.66986275,,,,2,2023-06-15T01:17:00+00:00
SAO_118C-10,São Paulo,3550308,True,,33287,,,-23.517,-46.625068999999996,,,,2,2023-06-15T01:16:58+00:00
SAO_118C-10,São Paulo,3550308,True,,33287,,,-23.470672,-46.65263,,,,2,2023-06-15T01:17:39+00:00
SAO_118C-10,São Paulo,3550308,True,,33287,,,-23.5312675,-46.6320495,,,,2,2023-06-15T01:17:03+00:00
SAO_6115-10,São Paulo,3550308,True,,1185,,,-23.7557945,-46.6673025,,,,1,2023-06-15T01:17:07+00:00
SAO_6115-10,São Paulo,3550308,True,,1185,,,-23.74616025,-46.66538525,,,,1,2023-06-15T01:17:19+00:00
SAO_6115-10,São Paulo,3550308,True,,1185,,,-23.7426745,-46.659672,,,,1,2023-06-15T01:17:04+00:00
SAO_6115-10,São Paulo,3550308,True,,1185,,,-23.734505125,-46.69468512500001,,,,1,2023-06-15T01:17:19+00:00
SAO_6115-10,São Paulo,3550308,True,,1185,,,-23.735919,-46.6961635,,,,1,2023-06-15T01:17:37+00:00
SAO_6115-10,São Paulo,3550308,True,,1185,,,-23.743281000000003,-46.665178125,,,,1,2023-06-15T01:17:04+00:00
SAO_6115-10,São Paulo,3550308,True,,1185,,,-23.735965,-46.696236999999996,,,,1,2023-06-15T01:16:57+00:00
SAO_6115-10,São Paulo,3550308,True,,1185,,,-23.742955000000002,-46.665304875000004,,,,1,2023-06-15T01:17:03+00:00
SAO_6820-10,São Paulo,3550308,True,BR7 Mobilidade,19,https://moovitapp.com/index/pt-br/transporte_p%C3%BAblico-line-19-Sao_Paulo-242-851856-516833-0,5.75,-23.660220000000002,-46.776787,,,,1,2023-06-15T01:17:16+00:00
SAO_6820-10,São Paulo,3550308,True,BR7 Mobilidade,19,https://moovitapp.com/index/pt-br/transporte_p%C3%BAblico-line-19-Sao_Paulo-242-851856-516833-0,5.75,-23.660809999999998,-46.791848,,,,1,2023-06-15T01:16:57+00:00
SAO_6120-10,São Paulo,3550308,True,,33957,,,-23.76008125,-46.67663625,,,,2,2023-06-15T01:17:34+00:00
SAO_6120-10,São Paulo,3550308,True,,33957,,,-23.76019175,-46.677102749999996,,,,2,2023-06-15T01:17:32+00:00
SAO_6120-10,São Paulo,3550308,True,,33957,,,-23.748864500000003,-46.687486,,,,2,2023-06-15T01:17:11+00:00
SAO_7006-51,São Paulo,3550308,True,,1997,,,-23.661485499999998,-46.769889000000006,,,,1,2023-06-15T01:11:51+00:00
SAO_7006-51,São Paulo,3550308,True,,1997,,,-23.667064,-46.772805000000005,,,,1,2023-06-15T01:17:03+00:00
SAO_7006-51,São Paulo,3550308,True,,1997,,,-23.675759499999998,-46.7739805,,,,1,2023-06-15T01:17:14+00:00
SAO_7006-51,São Paulo,3550308,True,,1997,,,-23.681235,-46.7693535,,,,1,2023-06-15T01:17:23+00:00
SAO_7006-51,São Paulo,3550308,True,,1997,,,-23.701735499999998,-46.782061999999996,,,,1,2023-06-15T01:17:07+00:00
SAO_8615-10,São Paulo,3550308,True,,1339,,,-23.536467000000002,-46.7242705,,,,1,2023-06-15T01:17:22+00:00
SAO_8615-10,São Paulo,3550308,True,,1339,,,-23.549484999999997,-46.6372565,,,,1,2023-06-15T01:17:31+00:00
SAO_8615-10,São Paulo,3550308,True,,1339,,,-23.546077500000003,-46.631047,,,,1,2023-06-15T01:17:18+00:00
SAO_8615-10,São Paulo,3550308,True,,1339,,,-23.5265065,-46.6737185,,,,1,2023-06-15T01:17:41+00:00
SAO_8615-10,São Paulo,3550308,True,,1339,,,-23.526391,-46.673964,,,,1,2023-06-15T01:17:31+00:00
SAO_8615-10,São Paulo,3550308,True,,1339,,,-23.5249775,-46.69016524999999,,,,1,2023-06-15T01:17:10+00:00
SAO_8615-10,São Paulo,3550308,True,,1339,,,-23.5237795,-46.718078500000004,,,,1,2023-06-15T01:17:11+00:00
SAO_8615-10,São Paulo,3550308,True,,1339,,,-23.535731000000002,-46.724318499999995,,,,1,2023-06-15T01:17:25+00:00
SAO_8615-10,São Paulo,3550308,True,,1339,,,-23.526246,-46.674440000000004,,,,1,2023-06-15T01:17:22+00:00
SAO_2702-10,São Paulo,3550308,True,,914,,,-23.498401,-46.456555,,,,1,2023-06-15T01:17:31+00:00
SAO_2702-10,São Paulo,3550308,True,,914,,,-23.540062499999998,-46.482594375,,,,1,2023-06-15T01:17:28+00:00
SAO_2702-10,São Paulo,3550308,True,,914,,,-23.539938499999998,-46.482815,,,,1,2023-06-15T01:15:33+00:00
SAO_2702-10,São Paulo,3550308,True,,914,,,-23.515658000000002,-46.476588750000005,,,,1,2023-06-15T01:17:29+00:00
SAO_2582-10,São Paulo,3550308,True,,33142,,,-23.5191709375,-46.42302318749999,,,,2,2023-06-15T01:16:56+00:00
SAO_2582-10,São Paulo,3550308,True,,33142,,,-23.492895,-46.4490715,,,,2,2023-06-15T01:17:12+00:00
SAO_2582-10,São Paulo,3550308,True,,33142,,,-23.5082995,-46.5429855,,,,2,2023-06-15T01:15:25+00:00
SAO_2582-10,São Paulo,3550308,True,,33142,,,-23.53490475,-46.569110249999994,,,,2,2023-06-15T01:17:13+00:00
SAO_2582-10,São Paulo,3550308,True,,33142,,,-23.51908225,-46.42337275,,,,2,2023-06-15T01:17:00+00:00
SAO_2582-10,São Paulo,3550308,True,,33142,,,-23.524850999999998,-46.550219,,,,2,2023-06-15T01:17:12+00:00
SAO_2582-10,São Paulo,3550308,True,,33142,,,-23.5191709375,-46.42302318749999,,,,2,2023-06-15T01:17:15+00:00
SAO_2582-10,São Paulo,3550308,True,,33142,,,-23.51908225,-46.42337275,,,,2,2023-06-15T01:17:04+00:00
SAO_2582-10,São Paulo,3550308,True,,33142,,,-23.529491999999998,-46.553540999999996,,,,2,2023-06-15T01:17:18+00:00
SAO_2582-10,São Paulo,3550308,True,,33142,,,-23.5106695,-46.550867,,,,2,2023-06-15T01:17:13+00:00
SAO_809L-10,São Paulo,3550308,True,,1949,,,-23.5718015,-46.709463,,,,1,2023-06-15T01:17:23+00:00
SAO_809L-10,São Paulo,3550308,True,,1949,,,-23.52543325,-46.7021685,,,,1,2023-06-15T01:17:14+00:00
SAO_809L-10,São Paulo,3550308,True,,1949,,,-23.6315005,-46.773324,,,,1,2023-06-15T01:17:32+00:00
SAO_809L-10,São Paulo,3550308,True,,1949,,,-23.5919345,-46.739471375,,,,1,2023-06-15T01:17:04+00:00
SAO_809L-10,São Paulo,3550308,True,,1949,,,-23.6323625,-46.7722555,,,,1,2023-06-15T01:17:18+00:00
SAO_809L-10,São Paulo,3550308,True,,1949,,,-23.625841,-46.765586,,,,1,2023-06-15T01:17:09+00:00
SAO_809L-10,São Paulo,3550308,True,,1949,,,-23.5374895,-46.7077615,,,,1,2023-06-15T01:17:36+00:00
SAO_199D-10,São Paulo,3550308,True,,34903,,,-23.5433915,-46.681442000000004,,,,2,2023-06-15T01:16:58+00:00
SAO_199D-10,São Paulo,3550308,True,,34903,,,-23.562507375,-46.685750875,,,,2,2023-06-15T01:17:39+00:00
SAO_199D-10,São Paulo,3550308,True,,34903,,,-23.54196,-46.6819305,,,,2,2023-06-15T01:17:10+00:00
SAO_199D-10,São Paulo,3550308,True,,34903,,,-23.5665885,-46.701569500000005,,,,2,2023-06-15T01:17:13+00:00
SAO_199D-10,São Paulo,3550308,True,,34903,,,-23.494436999999998,-46.708714,,,,2,2023-06-15T01:17:29+00:00
SAO_199D-10,São Paulo,3550308,True,,34903,,,-23.4863165,-46.710657499999996,,,,2,2023-06-15T01:17:04+00:00
SAO_199D-10,São Paulo,3550308,True,,34903,,,-23.55223,-46.675166125,,,,2,2023-06-15T01:16:56+00:00
SAO_199D-10,São Paulo,3550308,True,,34903,,,-23.525890375000003,-46.697814875000006,,,,2,2023-06-15T01:17:22+00:00
SAO_199D-10,São Paulo,3550308,True,,34903,,,-23.567622999999998,-46.695747,,,,2,2023-06-15T01:17:08+00:00
SAO_199D-10,São Paulo,3550308,True,,34903,,,-23.5224215,-46.697696,,,,2,2023-06-15T01:17:14+00:00
SAO_199D-10,São Paulo,3550308,True,,34903,,,-23.486155500000002,-46.710619,,,,2,2023-06-15T01:17:22+00:00
SAO_573H-10,São Paulo,3550308,True,,1630,,,-23.612904,-46.4949105,,,,1,2023-06-15T01:17:22+00:00
SAO_573H-10,São Paulo,3550308,True,,1630,,,-23.61236475,-46.501211749999996,,,,1,2023-06-15T01:17:30+00:00
SAO_573H-10,São Paulo,3550308,True,,1630,,,-23.559037,-46.6036755,,,,1,2023-06-15T01:17:04+00:00
SAO_573H-10,São Paulo,3550308,True,,1630,,,-23.573033,-46.568549000000004,,,,1,2023-06-15T01:17:30+00:00
SAO_573H-10,São Paulo,3550308,True,,1630,,,-23.589185999999998,-46.509955000000005,,,,1,2023-06-15T01:16:58+00:00
SAO_573H-10,São Paulo,3550308,True,,1630,,,-23.614496,-46.500415000000004,,,,1,2023-06-15T01:17:07+00:00
SAO_573H-10,São Paulo,3550308,True,,1630,,,-23.55985175,-46.597692,,,,1,2023-06-15T01:17:36+00:00
SAO_573H-10,São Paulo,3550308,True,,1630,,,-23.575752,-46.5779145,,,,1,2023-06-15T01:17:11+00:00
SAO_573H-10,São Paulo,3550308,True,,1630,,,-23.575243375,-46.55349275,,,,1,2023-06-15T01:17:40+00:00
SAO_3734-10,São Paulo,3550308,True,,1034,,,-23.5503475,-46.481605,,,,1,2023-06-15T01:17:23+00:00
SAO_3734-10,São Paulo,3550308,True,,1034,,,-23.551674,-46.466792999999996,,,,1,2023-06-15T01:16:58+00:00
SAO_3734-10,São Paulo,3550308,True,,1034,,,-23.540658999999998,-46.4851245,,,,1,2023-06-15T01:17:07+00:00
SAO_3734-10,São Paulo,3550308,True,,1034,,,-23.5568825,-46.4717795,,,,1,2023-06-15T01:17:29+00:00
SAO_5131-10,São Paulo,3550308,True,,34050,,,-23.554767500000004,-46.639010375000005,,,,2,2023-06-15T01:16:58+00:00
SAO_5131-10,São Paulo,3550308,True,,34050,,,-23.6411,-46.675894,,,,2,2023-06-15T01:17:35+00:00
SAO_5131-10,São Paulo,3550308,True,,34050,,,-23.6411,-46.675894,,,,2,2023-06-15T01:17:34+00:00
SAO_5131-10,São Paulo,3550308,True,,34050,,,-23.5520365,-46.6375055,,,,2,2023-06-15T01:17:34+00:00
SAO_2728-10,São Paulo,3550308,True,,33711,,,-23.5015605,-46.512554,,,,2,2023-06-15T01:17:10+00:00
SAO_2728-10,São Paulo,3550308,True,,33711,,,-23.519182999999998,-46.546476999999996,,,,2,2023-06-15T01:17:07+00:00
SAO_2728-10,São Paulo,3550308,True,,33711,,,-23.50627625,-46.53124875,,,,2,2023-06-15T01:17:04+00:00
SAO_2728-10,São Paulo,3550308,True,,33711,,,-23.528242,-46.55196175,,,,2,2023-06-15T01:17:13+00:00
SAO_2728-10,São Paulo,3550308,True,,33711,,,-23.5015605,-46.512554,,,,2,2023-06-15T01:17:17+00:00
SAO_2728-10,São Paulo,3550308,True,,33711,,,-23.5010325,-46.5124385,,,,2,2023-06-15T01:17:32+00:00
SAO_2728-10,São Paulo,3550308,True,,33711,,,-23.50133,-46.5125285,,,,2,2023-06-15T01:17:02+00:00
SAO_2728-10,São Paulo,3550308,True,,33711,,,-23.50133,-46.5125285,,,,2,2023-06-15T01:17:18+00:00
SAO_2728-10,São Paulo,3550308,True,,33711,,,-23.50582,-46.51703,,,,2,2023-06-15T01:17:15+00:00
SAO_2728-10,São Paulo,3550308,True,,33711,,,-23.5015605,-46.512554,,,,2,2023-06-15T01:16:59+00:00
SAO_2728-10,São Paulo,3550308,True,,33711,,,-23.505739,-46.5166185,,,,2,2023-06-15T01:17:04+00:00
SAO_2728-10,São Paulo,3550308,True,,33711,,,-23.508626,-46.5385615,,,,2,2023-06-15T01:17:29+00:00
SAO_2728-10,São Paulo,3550308,True,,33711,,,-23.5333545,-46.544622000000004,,,,2,2023-06-15T01:17:11+00:00
SAO_2728-10,São Paulo,3550308,True,,33711,,,-23.5015605,-46.512554,,,,2,2023-06-15T01:17:40+00:00
SAO_9011-10,São Paulo,3550308,True,,878,,,-23.441021499999998,-46.7081045,,,,1,2023-06-15T01:17:08+00:00
SAO_9011-10,São Paulo,3550308,True,,878,,,-23.45467,-46.738116000000005,,,,1,2023-06-15T01:17:04+00:00
SAO_9011-10,São Paulo,3550308,True,,878,,,-23.45467,-46.738116000000005,,,,1,2023-06-15T01:17:15+00:00
SAO_9011-10,São Paulo,3550308,True,,878,,,-23.4392385,-46.734076,,,,1,2023-06-15T01:17:16+00:00
SAO_9011-10,São Paulo,3550308,True,,878,,,-23.459349,-46.686189999999996,,,,1,2023-06-15T01:17:16+00:00
SAO_9011-10,São Paulo,3550308,True,,878,,,-23.45467,-46.738116000000005,,,,1,2023-06-15T01:17:22+00:00
SAO_9011-10,São Paulo,3550308,True,,878,,,-23.45467,-46.738116000000005,,,,1,2023-06-15T01:17:07+00:00
SAO_9011-10,São Paulo,3550308,True,,878,,,-23.444248,-46.732913999999994,,,,1,2023-06-15T01:17:21+00:00
SAO_9011-10,São Paulo,3550308,True,,878,,,-23.449891,-46.735252,,,,1,2023-06-15T01:16:59+00:00
SAO_9011-10,São Paulo,3550308,True,,878,,,-23.4441035,-46.718990500000004,,,,1,2023-06-15T01:17:05+00:00
SAO_637J-10,São Paulo,3550308,True,,32871,,,-23.5849185,-46.673345499999996,,,,2,2023-06-15T01:17:29+00:00
SAO_637J-10,São Paulo,3550308,True,,32871,,,-23.5967945,-46.6737665,,,,2,2023-06-15T01:17:26+00:00
SAO_637J-10,São Paulo,3550308,True,,32871,,,-23.632056,-46.691751,,,,2,2023-06-15T01:17:09+00:00
SAO_637J-10,São Paulo,3550308,True,,32871,,,-23.625450375,-46.686779625,,,,2,2023-06-15T01:17:08+00:00
SAO_637J-10,São Paulo,3550308,True,,32871,,,-23.722653,-46.708172,,,,2,2023-06-15T01:15:40+00:00
SAO_637J-10,São Paulo,3550308,True,,32871,,,-23.6508135,-46.704359,,,,2,2023-06-15T01:17:13+00:00
SAO_637J-10,São Paulo,3550308,True,,32871,,,-23.7260725,-46.7134615,,,,2,2023-06-15T01:16:16+00:00
SAO_637J-10,São Paulo,3550308,True,,32871,,,-23.567490499999998,-46.6934075,,,,2,2023-06-15T01:17:38+00:00
SAO_637J-10,São Paulo,3550308,True,,32871,,,-23.6623935,-46.6928575,,,,2,2023-06-15T01:17:03+00:00
SAO_6000-10,São Paulo,3550308,True,,1140,,,-23.747792,-46.708254499999995,,,,1,2023-06-15T01:17:33+00:00
SAO_6000-10,São Paulo,3550308,True,,1140,,,-23.654395,-46.7121185,,,,1,2023-06-15T01:16:56+00:00
SAO_6000-10,São Paulo,3550308,True,,1140,,,-23.747792,-46.708254499999995,,,,1,2023-06-15T01:17:11+00:00
SAO_6000-10,São Paulo,3550308,True,,1140,,,-23.686492,-46.7144655,,,,1,2023-06-15T01:17:34+00:00
SAO_6000-10,São Paulo,3550308,True,,1140,,,-23.8284425,-46.72717900000001,,,,1,2023-06-15T01:17:30+00:00
SAO_6000-10,São Paulo,3550308,True,,1140,,,-23.724725,-46.6994275,,,,1,2023-06-15T01:17:27+00:00
SAO_6000-10,São Paulo,3550308,True,,1140,,,-23.732641,-46.6978805,,,,1,2023-06-15T01:11:28+00:00
SAO_6000-10,São Paulo,3550308,True,,1140,,,-23.8284425,-46.72717900000001,,,,1,2023-06-15T01:17:38+00:00
SAO_6000-10,São Paulo,3550308,True,,1140,,,-23.7933225,-46.7292295,,,,1,2023-06-15T01:17:27+00:00
SAO_6000-10,São Paulo,3550308,True,,1140,,,-23.672530875,-46.712163125,,,,1,2023-06-15T01:17:20+00:00
SAO_6000-10,São Paulo,3550308,True,,1140,,,-23.8284425,-46.72717900000001,,,,1,2023-06-15T01:17:37+00:00
SAO_6000-10,São Paulo,3550308,True,,1140,,,-23.815130874999998,-46.735255875,,,,1,2023-06-15T01:17:39+00:00
SAO_775F-10,São Paulo,3550308,True,,796,,,-23.6254505,-46.7479555,,,,1,2023-06-15T01:17:18+00:00
SAO_775F-10,São Paulo,3550308,True,,796,,,-23.5822815,-46.6852115,,,,1,2023-06-15T01:17:39+00:00
SAO_775F-10,São Paulo,3550308,True,,796,,,-23.6254505,-46.7479555,,,,1,2023-06-15T01:17:14+00:00
SAO_775F-10,São Paulo,3550308,True,,796,,,-23.5593425,-46.68047825,,,,1,2023-06-15T01:17:08+00:00
SAO_775F-10,São Paulo,3550308,True,,796,,,-23.616933500000002,-46.753187,,,,1,2023-06-15T01:17:41+00:00
SAO_775F-10,São Paulo,3550308,True,,796,,,-23.5558305,-46.674604875,,,,1,2023-06-15T01:17:30+00:00
SAO_775F-10,São Paulo,3550308,True,,796,,,-23.61074325,-46.727450000000005,,,,1,2023-06-15T01:17:09+00:00
SAO_775F-10,São Paulo,3550308,True,,796,,,-23.614710000000002,-46.7327535,,,,1,2023-06-15T01:17:06+00:00
SAO_775F-10,São Paulo,3550308,True,,796,,,-23.57410625,-46.688723499999995,,,,1,2023-06-15T01:16:57+00:00
SAO_3725-10,São Paulo,3550308,True,,1022,,,-23.541942499999998,-46.5232755,,,,1,2023-06-15T01:17:09+00:00
SAO_3725-10,São Paulo,3550308,True,,1022,,,-23.54822875,-46.5223855,,,,1,2023-06-15T01:17:33+00:00
SAO_3725-10,São Paulo,3550308,True,,1022,,,-23.547909500000003,-46.518995000000004,,,,1,2023-06-15T01:16:57+00:00
SAO_3725-10,São Paulo,3550308,True,,1022,,,-23.543877000000002,-46.5178695,,,,1,2023-06-15T01:17:41+00:00
SAO_6822-10,São Paulo,3550308,True,,32790,,,-23.65385975,-46.79008575,,,,2,2023-06-15T01:17:19+00:00
SAO_6822-10,São Paulo,3550308,True,,32790,,,-23.652525500000003,-46.77832,,,,2,2023-06-15T01:17:39+00:00
SAO_6822-10,São Paulo,3550308,True,,32790,,,-23.647449,-46.790492,,,,2,2023-06-15T01:17:22+00:00
SAO_6822-10,São Paulo,3550308,True,,32790,,,-23.65040575,-46.7791615,,,,2,2023-06-15T01:17:35+00:00
SAO_6822-10,São Paulo,3550308,True,,32790,,,-23.6592755,-46.766434,,,,2,2023-06-15T01:17:04+00:00
SAO_607A-10,São Paulo,3550308,True,,34907,,,-23.699271000000003,-46.648211,,,,2,2023-06-15T01:16:58+00:00
SAO_607A-10,São Paulo,3550308,True,,34907,,,-23.679509125000003,-46.696209999999994,,,,2,2023-06-15T01:17:26+00:00
SAO_607A-10,São Paulo,3550308,True,,34907,,,-23.676733,-46.698553000000004,,,,2,2023-06-15T01:17:29+00:00
SAO_607A-10,São Paulo,3550308,True,,34907,,,-23.701469,-46.6501755,,,,2,2023-06-15T01:16:54+00:00
SAO_607A-10,São Paulo,3550308,True,,34907,,,-23.674253125,-46.700677125,,,,2,2023-06-15T01:17:22+00:00
SAO_5370-21,São Paulo,3550308,True,,34319,,,-23.62358375,-46.681081250000005,,,,2,2023-06-15T01:17:21+00:00
SAO_5370-21,São Paulo,3550308,True,,34319,,,-23.649684999999998,-46.705203,,,,2,2023-06-15T01:17:09+00:00
SAO_5370-21,São Paulo,3550308,True,,34319,,,-23.713037999999997,-46.698539999999994,,,,2,2023-06-15T01:15:35+00:00
SAO_5370-21,São Paulo,3550308,True,,34319,,,-23.7496505,-46.7097925,,,,2,2023-06-15T01:17:09+00:00
SAO_5370-21,São Paulo,3550308,True,,34319,,,-23.625115,-46.6826055,,,,2,2023-06-15T01:17:37+00:00
SAO_6815-10,São Paulo,3550308,True,,32793,,,-23.6614595,-46.768571,,,,2,2023-06-15T01:17:26+00:00
SAO_6815-10,São Paulo,3550308,True,,32793,,,-23.6760165,-46.7830075,,,,2,2023-06-15T01:17:13+00:00
SAO_6001-10,São Paulo,3550308,True,,52,,,-23.65436375,-46.760079499999996,,,,1,2023-06-15T01:17:10+00:00
SAO_6001-10,São Paulo,3550308,True,,52,,,-23.64511875,-46.715324249999995,,,,1,2023-06-15T01:17:39+00:00
SAO_775A-10,São Paulo,3550308,True,EMTU,473,https://moovitapp.com/index/pt-br/transporte_p%C3%BAblico-line-473-Sao_Paulo-242-2038937-36419509-0,7.55,-23.5626215,-46.764761,,,,1,2023-06-15T01:17:29+00:00
SAO_775A-10,São Paulo,3550308,True,EMTU,473,https://moovitapp.com/index/pt-br/transporte_p%C3%BAblico-line-473-Sao_Paulo-242-2038937-36419509-0,7.55,-23.578884000000002,-46.749541,,,,1,2023-06-15T01:17:40+00:00
SAO_5103-10,São Paulo,3550308,True,,1646,,,-23.59967925,-46.633170500000006,,,,1,2023-06-15T01:16:58+00:00
SAO_5103-10,São Paulo,3550308,True,,1646,,,-23.602436500000003,-46.612611,,,,1,2023-06-15T01:17:20+00:00
SAO_5103-10,São Paulo,3550308,True,,1646,,,-23.6032445,-46.602611499999995,,,,1,2023-06-15T01:17:24+00:00
SAO_971T-10,São Paulo,3550308,True,,618,,,-23.501332,-46.624855,,,,1,2023-06-15T01:17:19+00:00
SAO_971T-10,São Paulo,3550308,True,,618,,,-23.4882915,-46.648309749999996,,,,1,2023-06-15T01:17:07+00:00
SAO_971T-10,São Paulo,3550308,True,,618,,,-23.501332,-46.624855,,,,1,2023-06-15T01:17:27+00:00
SAO_971T-10,São Paulo,3550308,True,,618,,,-23.500294750000002,-46.636613874999995,,,,1,2023-06-15T01:16:55+00:00
SAO_971T-10,São Paulo,3550308,True,,618,,,-23.489136875,-46.644616,,,,1,2023-06-15T01:17:29+00:00
SAO_971T-10,São Paulo,3550308,True,,618,,,-23.49192075,-46.6688365,,,,1,2023-06-15T01:17:15+00:00
SAO_7903-10,São Paulo,3550308,True,,33280,,,-23.5477705,-46.641587,,,,2,2023-06-15T01:17:22+00:00
SAO_7903-10,São Paulo,3550308,True,,33280,,,-23.601211999999997,-46.792822,,,,2,2023-06-15T01:17:32+00:00
SAO_7903-10,São Paulo,3550308,True,,33280,,,-23.5477705,-46.641587,,,,2,2023-06-15T01:17:41+00:00
SAO_7903-10,São Paulo,3550308,True,,33280,,,-23.60026,-46.7842455,,,,2,2023-06-15T01:17:19+00:00
SAO_7903-10,São Paulo,3550308,True,,33280,,,-23.56761925,-46.684419000000005,,,,2,2023-06-15T01:17:39+00:00
SAO_7903-10,São Paulo,3550308,True,,33280,,,-23.5829375,-46.7722435,,,,2,2023-06-15T01:17:13+00:00
SAO_7903-10,São Paulo,3550308,True,,33280,,,-23.5477705,-46.641587,,,,2,2023-06-15T01:17:01+00:00
SAO_6069-10,São Paulo,3550308,True,,33922,,,-23.7451965,-46.6944955,,,,2,2023-06-15T01:17:09+00:00
SAO_6069-10,São Paulo,3550308,True,,33922,,,-23.7159665,-46.6992685,,,,2,2023-06-15T01:17:39+00:00
SAO_6069-10,São Paulo,3550308,True,,33922,,,-23.753766,-46.7101975,,,,2,2023-06-15T01:17:41+00:00
SAO_6069-10,São Paulo,3550308,True,,33922,,,-23.6541835,-46.7090685,,,,2,2023-06-15T01:17:27+00:00
SAO_6069-10,São Paulo,3550308,True,,33922,,,-23.661870999999998,-46.7063535,,,,2,2023-06-15T01:17:09+00:00
SAO_6069-10,São Paulo,3550308,True,,33922,,,-23.738153,-46.700427000000005,,,,2,2023-06-15T01:17:34+00:00
SAO_6069-10,São Paulo,3550308,True,,33922,,,-23.692554,-46.701564000000005,,,,2,2023-06-15T01:17:28+00:00
SAO_6069-10,São Paulo,3550308,True,,33922,,,-23.748219,-46.697638,,,,2,2023-06-15T01:16:57+00:00
SAO_2719-10,São Paulo,3550308,True,,33700,,,-23.494729,-46.4696005,,,,2,2023-06-15T01:17:28+00:00
SAO_2719-10,São Paulo,3550308,True,,33700,,,-23.52322675,-46.525051125000005,,,,2,2023-06-15T01:17:16+00:00
SAO_2719-10,São Paulo,3550308,True,,33700,,,-23.508071,-46.4926935,,,,2,2023-06-15T01:17:34+00:00
SAO_2719-10,São Paulo,3550308,True,,33700,,,-23.494554,-46.47027,,,,2,2023-06-15T01:17:12+00:00
SAO_2719-10,São Paulo,3550308,True,,33700,,,-23.494197624999998,-46.4716175,,,,2,2023-06-15T01:17:19+00:00
SAO_2719-10,São Paulo,3550308,True,,33700,,,-23.5120485,-46.5011855,,,,2,2023-06-15T01:17:11+00:00
SAO_2719-10,São Paulo,3550308,True,,33700,,,-23.529068,-46.527353,,,,2,2023-06-15T01:17:23+00:00
SAO_2719-10,São Paulo,3550308,True,,33700,,,-23.5103675,-46.5071485,,,,2,2023-06-15T01:17:04+00:00
SAO_2719-10,São Paulo,3550308,True,,33700,,,-23.494799999999998,-46.4693685,,,,2,2023-06-15T01:17:27+00:00
SAO_2719-10,São Paulo,3550308,True,,33700,,,-23.4925925,-46.479817499999996,,,,2,2023-06-15T01:17:30+00:00
SAO_2719-10,São Paulo,3550308,True,,33700,,,-23.503802125,-46.488130875,,,,2,2023-06-15T01:17:23+00:00
SAO_2719-10,São Paulo,3550308,True,,33700,,,-23.494764500000002,-46.4694635,,,,2,2023-06-15T01:17:19+00:00
SAO_2719-10,São Paulo,3550308,True,,33700,,,-23.515611,-46.5204235,,,,2,2023-06-15T01:17:15+00:00
SAO_2719-10,São Paulo,3550308,True,,33700,,,-23.4948325,-46.469304,,,,2,2023-06-15T01:17:17+00:00
SAO_3756-10,São Paulo,3550308,True,,33818,,,-23.542569,-46.471864499999995,,,,2,2023-06-15T01:16:58+00:00
SAO_3756-10,São Paulo,3550308,True,,33818,,,-23.590653500000002,-46.389331375,,,,2,2023-06-15T01:17:38+00:00
SAO_3756-10,São Paulo,3550308,True,,33818,,,-23.5651035,-46.41571,,,,2,2023-06-15T01:17:38+00:00
SAO_3756-10,São Paulo,3550308,True,,33818,,,-23.565231500000003,-46.415726,,,,2,2023-06-15T01:17:14+00:00
SAO_3756-10,São Paulo,3550308,True,,33818,,,-23.591324,-46.389072,,,,2,2023-06-15T01:11:01+00:00
SAO_3756-10,São Paulo,3550308,True,,33818,,,-23.552346375000003,-46.458406874999994,,,,2,2023-06-15T01:17:04+00:00
SAO_3756-10,São Paulo,3550308,True,,33818,,,-23.575257999999998,-46.3925675,,,,2,2023-06-15T01:17:02+00:00
SAO_3756-10,São Paulo,3550308,True,,33818,,,-23.5563915,-46.4500565,,,,2,2023-06-15T01:10:35+00:00
SAO_3756-10,São Paulo,3550308,True,,33818,,,-23.590653500000002,-46.389331375,,,,2,2023-06-15T01:16:41+00:00
SAO_3756-10,São Paulo,3550308,True,,33818,,,-23.5823685,-46.391154,,,,2,2023-06-15T01:17:28+00:00
SAO_3756-10,São Paulo,3550308,True,,33818,,,-23.582721,-46.3923575,,,,2,2023-06-15T01:16:48+00:00
SAO_1702-10,São Paulo,3550308,True,,33614,,,-23.4517755,-46.577626,,,,2,2023-06-15T01:17:20+00:00
SAO_1702-10,São Paulo,3550308,True,,33614,,,-23.447903750000002,-46.57596337499999,,,,2,2023-06-15T01:17:25+00:00
SAO_1702-10,São Paulo,3550308,True,,33614,,,-23.482623500000003,-46.602115999999995,,,,2,2023-06-15T01:17:25+00:00
SAO_1702-10,São Paulo,3550308,True,,33614,,,-23.443537,-46.577459000000005,,,,2,2023-06-15T01:17:26+00:00
SAO_1702-10,São Paulo,3550308,True,,33614,,,-23.480852,-46.6008145,,,,2,2023-06-15T01:17:33+00:00
SAO_1702-10,São Paulo,3550308,True,,33614,,,-23.506921,-46.62476025,,,,2,2023-06-15T01:17:15+00:00
SAO_1702-10,São Paulo,3550308,True,,33614,,,-23.470723,-46.585755000000006,,,,2,2023-06-15T01:17:11+00:00
SAO_1702-10,São Paulo,3550308,True,,33614,,,-23.4433975,-46.5772815,,,,2,2023-06-15T01:17:25+00:00
SAO_1702-10,São Paulo,3550308,True,,33614,,,-23.50345,-46.621289000000004,,,,2,2023-06-15T01:17:18+00:00
SAO_1702-10,São Paulo,3550308,True,,33614,,,-23.464869,-46.583492,,,,2,2023-06-15T01:17:14+00:00
SAO_1702-10,São Paulo,3550308,True,,33614,,,-23.443147,-46.5770005,,,,2,2023-06-15T01:17:08+00:00
SAO_1702-10,São Paulo,3550308,True,,33614,,,-23.447903750000002,-46.57596337499999,,,,2,2023-06-15T01:17:10+00:00
SAO_6115-10,São Paulo,3550308,True,,33953,,,-23.742504,-46.662045500000005,,,,2,2023-06-15T01:17:33+00:00
SAO_6115-10,São Paulo,3550308,True,,33953,,,-23.74273275,-46.65923025000001,,,,2,2023-06-15T01:17:29+00:00
SAO_6115-10,São Paulo,3550308,True,,33953,,,-23.7537125,-46.6878195,,,,2,2023-06-15T01:17:22+00:00
SAO_857A-10,São Paulo,3550308,True,,1925,,,-23.6285345,-46.7679945,,,,1,2023-06-15T01:17:39+00:00
SAO_857A-10,São Paulo,3550308,True,,1925,,,-23.582347249999998,-46.67043650000001,,,,1,2023-06-15T01:16:59+00:00
SAO_857A-10,São Paulo,3550308,True,,1925,,,-23.5730805,-46.705319,,,,1,2023-06-15T01:17:36+00:00
SAO_857A-10,São Paulo,3550308,True,,1925,,,-23.601738750000003,-46.74346475,,,,1,2023-06-15T01:17:32+00:00
SAO_857A-10,São Paulo,3550308,True,,1925,,,-23.5857885,-46.6823865,,,,1,2023-06-15T01:17:35+00:00
SAO_2009-10,São Paulo,3550308,True,,898,,,-23.53185,-46.4155045,,,,1,2023-06-15T01:17:17+00:00
SAO_2009-10,São Paulo,3550308,True,,898,,,-23.541795,-46.415766,,,,1,2023-06-15T01:17:24+00:00
SAO_2009-10,São Paulo,3550308,True,,898,,,-23.542133,-46.4148525,,,,1,2023-06-15T01:14:02+00:00
SAO_2009-10,São Paulo,3550308,True,,898,,,-23.5099475,-46.413949,,,,1,2023-06-15T01:14:06+00:00
SAO_2009-10,São Paulo,3550308,True,,898,,,-23.51411025,-46.412219875000005,,,,1,2023-06-15T01:11:47+00:00
SAO_2009-10,São Paulo,3550308,True,,898,,,-23.541999750000002,-46.412657749999994,,,,1,2023-06-15T01:15:11+00:00
SAO_2009-10,São Paulo,3550308,True,,898,,,-23.5373595,-46.415318,,,,1,2023-06-15T01:13:51+00:00
SAO_2678-10,São Paulo,3550308,True,STT,383,https://moovitapp.com/index/pt-br/transporte_p%C3%BAblico-line-383-Sao_Paulo-242-850661-183294-0,5.3,-23.547011,-46.62953,,,,1,2023-06-15T01:17:35+00:00
SAO_2678-10,São Paulo,3550308,True,STT,383,https://moovitapp.com/index/pt-br/transporte_p%C3%BAblico-line-383-Sao_Paulo-242-850661-183294-0,5.3,-23.5071655,-46.485879,,,,1,2023-06-15T01:17:38+00:00
SAO_2678-10,São Paulo,3550308,True,STT,383,https://moovitapp.com/index/pt-br/transporte_p%C3%BAblico-line-383-Sao_Paulo-242-850661-183294-0,5.3,-23.538157499999997,-46.599945500000004,,,,1,2023-06-15T01:17:40+00:00
SAO_2678-10,São Paulo,3550308,True,STT,383,https://moovitapp.com/index/pt-br/transporte_p%C3%BAblico-line-383-Sao_Paulo-242-850661-183294-0,5.3,-23.539212,-46.608181,,,,1,2023-06-15T01:17:22+00:00
SAO_2678-10,São Paulo,3550308,True,STT,383,https://moovitapp.com/index/pt-br/transporte_p%C3%BAblico-line-383-Sao_Paulo-242-850661-183294-0,5.3,-23.5073025,-46.484692,,,,1,2023-06-15T01:17:40+00:00
SAO_2678-10,São Paulo,3550308,True,STT,383,https://moovitapp.com/index/pt-br/transporte_p%C3%BAblico-line-383-Sao_Paulo-242-850661-183294-0,5.3,-23.505239500000002,-46.38475,,,,1,2023-06-15T01:17:37+00:00
SAO_2678-10,São Paulo,3550308,True,STT,383,https://moovitapp.com/index/pt-br/transporte_p%C3%BAblico-line-383-Sao_Paulo-242-850661-183294-0,5.3,-23.521616,-46.529561,,,,1,2023-06-15T01:16:58+00:00
SAO_2678-10,São Paulo,3550308,True,STT,383,https://moovitapp.com/index/pt-br/transporte_p%C3%BAblico-line-383-Sao_Paulo-242-850661-183294-0,5.3,-23.5314755,-46.5591195,,,,1,2023-06-15T01:16:26+00:00
SAO_2678-10,São Paulo,3550308,True,STT,383,https://moovitapp.com/index/pt-br/transporte_p%C3%BAblico-line-383-Sao_Paulo-242-850661-183294-0,5.3,-23.49206775,-46.447616249999996,,,,1,2023-06-15T01:17:20+00:00
SAO_2678-10,São Paulo,3550308,True,STT,383,https://moovitapp.com/index/pt-br/transporte_p%C3%BAblico-line-383-Sao_Paulo-242-850661-183294-0,5.3,-23.494404,-46.4148335,,,,1,2023-06-15T01:17:36+00:00
SAO_2678-10,São Paulo,3550308,True,STT,383,https://moovitapp.com/index/pt-br/transporte_p%C3%BAblico-line-383-Sao_Paulo-242-850661-183294-0,5.3,-23.5113895,-46.502336,,,,1,2023-06-15T01:17:32+00:00
SAO_2678-10,São Paulo,3550308,True,STT,383,https://moovitapp.com/index/pt-br/transporte_p%C3%BAblico-line-383-Sao_Paulo-242-850661-183294-0,5.3,-23.539987,-46.61139225,,,,1,2023-06-15T01:17:14+00:00
SAO_2678-10,São Paulo,3550308,True,STT,383,https://moovitapp.com/index/pt-br/transporte_p%C3%BAblico-line-383-Sao_Paulo-242-850661-183294-0,5.3,-23.506232125,-46.386018750000005,,,,1,2023-06-15T01:16:54+00:00
SAO_2678-10,São Paulo,3550308,True,STT,383,https://moovitapp.com/index/pt-br/transporte_p%C3%BAblico-line-383-Sao_Paulo-242-850661-183294-0,5.3,-23.501715500000003,-46.3847405,,,,1,2023-06-15T01:17:20+00:00
SAO_6073-10,São Paulo,3550308,True,,33928,,,-23.849078,-46.713025,,,,2,2023-06-15T01:11:17+00:00
SAO_6073-10,São Paulo,3550308,True,,33928,,,-23.77306925,-46.720437,,,,2,2023-06-15T01:17:04+00:00
SAO_6073-10,São Paulo,3550308,True,,33928,,,-23.806536,-46.736369499999995,,,,2,2023-06-15T01:17:36+00:00
SAO_3112-10,São Paulo,3550308,True,,1080,,,-23.603074499999998,-46.5292025,,,,1,2023-06-15T01:17:03+00:00
SAO_3112-10,São Paulo,3550308,True,,1080,,,-23.58131325,-46.565987,,,,1,2023-06-15T01:17:21+00:00
SAO_3112-10,São Paulo,3550308,True,,1080,,,-23.554064875,-46.5998675,,,,1,2023-06-15T01:17:36+00:00
SAO_3112-10,São Paulo,3550308,True,,1080,,,-23.542616,-46.5909995,,,,1,2023-06-15T01:17:15+00:00
SAO_3112-10,São Paulo,3550308,True,,1080,,,-23.6105545,-46.529823500000006,,,,1,2023-06-15T01:17:15+00:00
SAO_3112-10,São Paulo,3550308,True,,1080,,,-23.573725,-46.5874805,,,,1,2023-06-15T01:17:19+00:00
SAO_3112-10,São Paulo,3550308,True,,1080,,,-23.578747749999998,-46.579165625,,,,1,2023-06-15T01:17:29+00:00
SAO_3112-10,São Paulo,3550308,True,,1080,,,-23.587554,-46.54402975,,,,1,2023-06-15T01:17:41+00:00
SAO_6073-10,São Paulo,3550308,True,,1160,,,-23.8093345,-46.7371645,,,,1,2023-06-15T01:17:40+00:00
SAO_6073-10,São Paulo,3550308,True,,1160,,,-23.773351875,-46.720543375000005,,,,1,2023-06-15T01:17:17+00:00
SAO_6073-10,São Paulo,3550308,True,,1160,,,-23.811533750000002,-46.73621675,,,,1,2023-06-15T01:17:41+00:00
SAO_6073-10,São Paulo,3550308,True,,1160,,,-23.767210499999997,-46.7163985,,,,1,2023-06-15T01:17:10+00:00
SAO_6073-10,São Paulo,3550308,True,,1160,,,-23.7676985,-46.716468500000005,,,,1,2023-06-15T01:17:07+00:00
SAO_6L05-10,São Paulo,3550308,True,,33941,,,-23.856974,-46.6936185,,,,2,2023-06-15T01:13:41+00:00
SAO_6L05-10,São Paulo,3550308,True,,33941,,,-23.8517425,-46.694641000000004,,,,2,2023-06-15T00:39:37+00:00
SAO_2766-10,São Paulo,3550308,True,,33173,,,-23.5185215,-46.387811,,,,2,2023-06-15T01:15:54+00:00
SAO_2766-10,São Paulo,3550308,True,,33173,,,-23.49447,-46.424763250000005,,,,2,2023-06-15T01:17:25+00:00
SAO_2766-10,São Paulo,3550308,True,,33173,,,-23.514104500000002,-46.443832,,,,2,2023-06-15T01:17:01+00:00
SAO_2766-10,São Paulo,3550308,True,,33173,,,-23.494168,-46.421308875,,,,2,2023-06-15T01:17:11+00:00
SAO_2766-10,São Paulo,3550308,True,,33173,,,-23.508553,-46.395246,,,,2,2023-06-15T01:12:39+00:00
SAO_263J-10,São Paulo,3550308,True,EMTU,219,https://moovitapp.com/index/pt-br/transporte_p%C3%BAblico-line-219-Sao_Paulo-242-2038937-36419341-0,8.55,-23.5405395,-46.44862125,,,,1,2023-06-15T01:17:31+00:00
SAO_263J-10,São Paulo,3550308,True,EMTU,219,https://moovitapp.com/index/pt-br/transporte_p%C3%BAblico-line-219-Sao_Paulo-242-2038937-36419341-0,8.55,-23.549966249999997,-46.43092575,,,,1,2023-06-15T01:17:33+00:00
SAO_263J-10,São Paulo,3550308,True,EMTU,219,https://moovitapp.com/index/pt-br/transporte_p%C3%BAblico-line-219-Sao_Paulo-242-2038937-36419341-0,8.55,-23.50721325,-46.478616,,,,1,2023-06-15T01:17:11+00:00
SAO_263J-10,São Paulo,3550308,True,EMTU,219,https://moovitapp.com/index/pt-br/transporte_p%C3%BAblico-line-219-Sao_Paulo-242-2038937-36419341-0,8.55,-23.534727,-46.473905,,,,1,2023-06-15T01:17:17+00:00
SAO_263J-10,São Paulo,3550308,True,EMTU,219,https://moovitapp.com/index/pt-br/transporte_p%C3%BAblico-line-219-Sao_Paulo-242-2038937-36419341-0,8.55,-23.507331,-46.48329575,,,,1,2023-06-15T01:17:13+00:00
SAO_263J-10,São Paulo,3550308,True,EMTU,219,https://moovitapp.com/index/pt-br/transporte_p%C3%BAblico-line-219-Sao_Paulo-242-2038937-36419341-0,8.55,-23.5218475,-46.530193999999995,,,,1,2023-06-15T01:17:13+00:00
SAO_263J-10,São Paulo,3550308,True,EMTU,219,https://moovitapp.com/index/pt-br/transporte_p%C3%BAblico-line-219-Sao_Paulo-242-2038937-36419341-0,8.55,-23.5120485,-46.5011855,,,,1,2023-06-15T01:17:21+00:00
SAO_263J-10,São Paulo,3550308,True,EMTU,219,https://moovitapp.com/index/pt-br/transporte_p%C3%BAblico-line-219-Sao_Paulo-242-2038937-36419341-0,8.55,-23.539989499999997,-46.43962,,,,1,2023-06-15T01:16:38+00:00
SAO_8528-10,São Paulo,3550308,True,,33343,,,-23.53741875,-46.648948,,,,2,2023-06-15T01:17:24+00:00
SAO_8528-10,São Paulo,3550308,True,,33343,,,-23.501903249999998,-46.686383500000005,,,,2,2023-06-15T01:17:06+00:00
SAO_8528-10,São Paulo,3550308,True,,33343,,,-23.4705945,-46.692738000000006,,,,2,2023-06-15T01:17:12+00:00
SAO_8528-10,São Paulo,3550308,True,,33343,,,-23.4615645,-46.69032075,,,,2,2023-06-15T01:16:56+00:00
SAO_8528-10,São Paulo,3550308,True,,33343,,,-23.50161425,-46.68802025,,,,2,2023-06-15T01:17:25+00:00
SAO_8528-10,São Paulo,3550308,True,,33343,,,-23.4615785,-46.69076725,,,,2,2023-06-15T01:17:30+00:00
SAO_8528-10,São Paulo,3550308,True,,33343,,,-23.4615645,-46.69032075,,,,2,2023-06-15T01:17:16+00:00
SAO_8528-10,São Paulo,3550308,True,,33343,,,-23.46414,-46.700824999999995,,,,2,2023-06-15T01:16:56+00:00
SAO_8528-10,São Paulo,3550308,True,,33343,,,-23.5366935,-46.650225750000004,,,,2,2023-06-15T01:16:55+00:00
SAO_8528-10,São Paulo,3550308,True,,33343,,,-23.467943499999997,-46.697711,,,,2,2023-06-15T01:17:22+00:00
SAO_4012-10,São Paulo,3550308,True,,2185,,,-23.620321500000003,-46.467113499999996,,,,1,2023-06-15T01:17:31+00:00
SAO_4012-10,São Paulo,3550308,True,,2185,,,-23.624011,-46.46157650000001,,,,1,2023-06-15T01:17:23+00:00
SAO_4012-10,São Paulo,3550308,True,,2185,,,-23.598098999999998,-46.4409325,,,,1,2023-06-15T01:17:07+00:00
SAO_4012-10,São Paulo,3550308,True,,2185,,,-23.598098999999998,-46.4409325,,,,1,2023-06-15T01:17:13+00:00
SAO_4012-10,São Paulo,3550308,True,,2185,,,-23.598098999999998,-46.4409325,,,,1,2023-06-15T01:16:54+00:00
SAO_4012-10,São Paulo,3550308,True,,2185,,,-23.6197545,-46.46780875,,,,1,2023-06-15T01:17:39+00:00
SAO_4012-10,São Paulo,3550308,True,,2185,,,-23.604257499999996,-46.443991375,,,,1,2023-06-15T01:15:09+00:00
SAO_4012-10,São Paulo,3550308,True,,2185,,,-23.6120385,-46.4736475,,,,1,2023-06-15T01:17:17+00:00
SAO_746H-10,São Paulo,3550308,True,,33553,,,-23.593679,-46.7525775,,,,2,2023-06-15T01:17:07+00:00
SAO_746H-10,São Paulo,3550308,True,,33553,,,-23.64337025,-46.734382,,,,2,2023-06-15T01:17:30+00:00
SAO_746H-10,São Paulo,3550308,True,,33553,,,-23.640162,-46.736765500000004,,,,2,2023-06-15T01:17:09+00:00
SAO_746H-10,São Paulo,3550308,True,,33553,,,-23.5891515,-46.73379075,,,,2,2023-06-15T01:16:56+00:00
SAO_746H-10,São Paulo,3550308,True,,33553,,,-23.589807999999998,-46.7354385,,,,2,2023-06-15T01:17:35+00:00
SAO_746H-10,São Paulo,3550308,True,,33553,,,-23.595216,-46.7452745,,,,2,2023-06-15T01:17:13+00:00
SAO_746H-10,São Paulo,3550308,True,,33553,,,-23.589506999999998,-46.722443375,,,,2,2023-06-15T01:17:10+00:00
SAO_746H-10,São Paulo,3550308,True,,33553,,,-23.612278,-46.728778000000005,,,,2,2023-06-15T01:17:19+00:00
SAO_746H-10,São Paulo,3550308,True,,33553,,,-23.6488435,-46.7061845,,,,2,2023-06-15T01:17:35+00:00
SAO_746H-10,São Paulo,3550308,True,,33553,,,-23.598654500000002,-46.72051999999999,,,,2,2023-06-15T01:16:53+00:00
SAO_746H-10,São Paulo,3550308,True,,33553,,,-23.62332725,-46.733875749999996,,,,2,2023-06-15T01:17:15+00:00
SAO_746H-10,São Paulo,3550308,True,,33553,,,-23.641811624999995,-46.713689625,,,,2,2023-06-15T01:17:26+00:00
SAO_746H-10,São Paulo,3550308,True,,33553,,,-23.634460750000002,-46.73701175,,,,2,2023-06-15T01:17:22+00:00
SAO_746H-10,São Paulo,3550308,True,,33553,,,-23.64389075,-46.7233335,,,,2,2023-06-15T01:17:33+00:00
SAO_746H-10,São Paulo,3550308,True,,33553,,,-23.594656625,-46.753111875,,,,2,2023-06-15T01:17:10+00:00
SAO_6045-10,São Paulo,3550308,True,,33990,,,-23.64268725,-46.74172575,,,,2,2023-06-15T01:17:20+00:00
SAO_6045-10,São Paulo,3550308,True,,33990,,,-23.648512,-46.749661,,,,2,2023-06-15T01:17:20+00:00
SAO_6045-10,São Paulo,3550308,True,,33990,,,-23.6759635,-46.774329,,,,2,2023-06-15T01:17:02+00:00
SAO_6045-10,São Paulo,3550308,True,,33990,,,-23.698768,-46.796265500000004,,,,2,2023-06-15T01:14:46+00:00
SAO_6045-10,São Paulo,3550308,True,,33990,,,-23.650330500000003,-46.708101,,,,2,2023-06-15T01:17:09+00:00
SAO_6045-10,São Paulo,3550308,True,,33990,,,-23.689213000000002,-46.7997115,,,,2,2023-06-15T01:17:14+00:00
SAO_6045-10,São Paulo,3550308,True,,33990,,,-23.6599165,-46.767001,,,,2,2023-06-15T01:17:35+00:00
SAO_6045-10,São Paulo,3550308,True,,33990,,,-23.649475000000002,-46.70701,,,,2,2023-06-15T01:17:22+00:00
SAO_6045-10,São Paulo,3550308,True,,33990,,,-23.6645605,-46.770251,,,,2,2023-06-15T01:17:10+00:00
SAO_6045-10,São Paulo,3550308,True,,33990,,,-23.67105,-46.772944499999994,,,,2,2023-06-15T01:17:09+00:00
SAO_6045-10,São Paulo,3550308,True,,33990,,,-23.64268,-46.723417999999995,,,,2,2023-06-15T01:17:40+00:00
SAO_8030-10,São Paulo,3550308,True,,2562,,,-23.6228935,-46.7287175,,,,1,2023-06-15T01:17:30+00:00
SAO_8030-10,São Paulo,3550308,True,,2562,,,-23.606087375,-46.7371115,,,,1,2023-06-15T01:17:36+00:00
SAO_8030-10,São Paulo,3550308,True,,2562,,,-23.6228935,-46.7287175,,,,1,2023-06-15T01:17:14+00:00
SAO_8030-10,São Paulo,3550308,True,,2562,,,-23.6001695,-46.7350495,,,,1,2023-06-15T01:17:36+00:00
SAO_8030-10,São Paulo,3550308,True,,2562,,,-23.6228935,-46.7287175,,,,1,2023-06-15T01:17:14+00:00
SAO_7023-10,São Paulo,3550308,True,,34920,,,-23.685786,-46.752863000000005,,,,2,2023-06-15T01:15:58+00:00
SAO_7023-10,São Paulo,3550308,True,,34920,,,-23.6628155,-46.707258625,,,,2,2023-06-15T01:16:50+00:00
SAO_7023-10,São Paulo,3550308,True,,34920,,,-23.6995785,-46.763411500000004,,,,2,2023-06-15T01:17:17+00:00
SAO_7023-10,São Paulo,3550308,True,,34920,,,-23.699361,-46.7632355,,,,2,2023-06-15T01:17:32+00:00
SAO_7023-10,São Paulo,3550308,True,,34920,,,-23.694431,-46.76274050000001,,,,2,2023-06-15T01:17:20+00:00
SAO_7023-10,São Paulo,3550308,True,,34920,,,-23.6860055,-46.73888775,,,,2,2023-06-15T01:16:41+00:00
SAO_5630-10,São Paulo,3550308,True,,78,,,-23.642775999999998,-46.672351,,,,1,2023-06-15T01:17:31+00:00
SAO_5630-10,São Paulo,3550308,True,,78,,,-23.5470685,-46.617057,,,,1,2023-06-15T01:15:10+00:00
SAO_5630-10,São Paulo,3550308,True,,78,,,-23.5973295,-46.650565,,,,1,2023-06-15T01:17:08+00:00
SAO_5630-10,São Paulo,3550308,True,,78,,,-23.7374635,-46.697805,,,,1,2023-06-15T01:17:32+00:00
SAO_5630-10,São Paulo,3550308,True,,78,,,-23.691787749999996,-46.69818975,,,,1,2023-06-15T01:17:38+00:00
SAO_5630-10,São Paulo,3550308,True,,78,,,-23.5470685,-46.617057,,,,1,2023-06-15T01:15:27+00:00
SAO_5630-10,São Paulo,3550308,True,,78,,,-23.7374635,-46.697805,,,,1,2023-06-15T01:17:06+00:00
SAO_5630-10,São Paulo,3550308,True,,78,,,-23.644821,-46.672793999999996,,,,1,2023-06-15T01:17:01+00:00
SAO_5630-10,São Paulo,3550308,True,,78,,,-23.7374635,-46.697805,,,,1,2023-06-15T01:16:59+00:00
SAO_5630-10,São Paulo,3550308,True,,78,,,-23.598867249999998,-46.65066,,,,1,2023-06-15T01:17:38+00:00
SAO_6016-41,São Paulo,3550308,True,,1706,,,-23.737090000000002,-46.697100000000006,,,,1,2023-06-15T01:17:17+00:00
SAO_6016-41,São Paulo,3550308,True,,1706,,,-23.77194525,-46.6784995,,,,1,2023-06-15T01:17:11+00:00
SAO_6016-41,São Paulo,3550308,True,,1706,,,-23.746654499999998,-46.6880575,,,,1,2023-06-15T01:17:15+00:00
SAO_6016-41,São Paulo,3550308,True,,1706,,,-23.736994000000003,-46.69702,,,,1,2023-06-15T01:17:29+00:00
SAO_9090-10,São Paulo,3550308,True,,884,,,-23.491621000000002,-46.672302,,,,1,2023-06-15T01:17:11+00:00
SAO_9090-10,São Paulo,3550308,True,,884,,,-23.475352,-46.670823999999996,,,,1,2023-06-15T01:17:05+00:00
SAO_8019-31,São Paulo,3550308,True,,35342,,,-23.541984,-46.75706525,,,,2,2023-06-15T01:17:05+00:00
SAO_8019-31,São Paulo,3550308,True,,35342,,,-23.5450735,-46.7477165,,,,2,2023-06-15T01:17:24+00:00
SAO_2008-10,São Paulo,3550308,True,,33665,,,-23.496409,-46.4013475,,,,2,2023-06-15T01:17:16+00:00
SAO_2008-10,São Paulo,3550308,True,,33665,,,-23.5188675,-46.3875915,,,,2,2023-06-15T01:17:20+00:00
SAO_2008-10,São Paulo,3550308,True,,33665,,,-23.494247,-46.401821999999996,,,,2,2023-06-15T01:17:08+00:00
SAO_2008-10,São Paulo,3550308,True,,33665,,,-23.494217,-46.401328500000005,,,,2,2023-06-15T01:17:01+00:00
SAO_2008-10,São Paulo,3550308,True,,33665,,,-23.5164305,-46.389429,,,,2,2023-06-15T01:17:33+00:00
SAO_2008-10,São Paulo,3550308,True,,33665,,,-23.506824,-46.3958545,,,,2,2023-06-15T01:17:04+00:00
SAO_2008-10,São Paulo,3550308,True,,33665,,,-23.515072,-46.3898515,,,,2,2023-06-15T01:17:06+00:00
SAO_2008-10,São Paulo,3550308,True,,33665,,,-23.509999,-46.3947395,,,,2,2023-06-15T01:17:37+00:00
SAO_2731-10,São Paulo,3550308,True,,33714,,,-23.525634,-46.4456145,,,,2,2023-06-15T01:16:01+00:00
SAO_2731-10,São Paulo,3550308,True,,33714,,,-23.5429995,-46.470884999999996,,,,2,2023-06-15T01:16:57+00:00
SAO_2731-10,São Paulo,3550308,True,,33714,,,-23.53482375,-46.452111,,,,2,2023-06-15T01:17:33+00:00
SAO_2731-10,São Paulo,3550308,True,,33714,,,-23.542544499999998,-46.4716805,,,,2,2023-06-15T01:16:06+00:00
SAO_2731-10,São Paulo,3550308,True,,33714,,,-23.5279305,-46.447353,,,,2,2023-06-15T01:16:54+00:00
SAO_2731-10,São Paulo,3550308,True,,33714,,,-23.533876499999998,-46.4543015,,,,2,2023-06-15T01:16:15+00:00
SAO_2731-10,São Paulo,3550308,True,,33714,,,-23.541932000000003,-46.470695,,,,2,2023-06-15T01:17:36+00:00
SAO_6026-10,São Paulo,3550308,True,,87,,,-23.648574,-46.704207,,,,1,2023-06-15T01:17:31+00:00
SAO_6026-10,São Paulo,3550308,True,,87,,,-23.706712500000002,-46.688986,,,,1,2023-06-15T01:17:16+00:00
SAO_6026-10,São Paulo,3550308,True,,87,,,-23.740730499999998,-46.707061499999995,,,,1,2023-06-15T01:17:42+00:00
SAO_6026-10,São Paulo,3550308,True,,87,,,-23.648763,-46.703888500000005,,,,1,2023-06-15T01:17:36+00:00
SAO_2718-10,São Paulo,3550308,True,,33699,,,-23.4930065,-46.4991965,,,,2,2023-06-15T01:17:04+00:00
SAO_2718-10,São Paulo,3550308,True,,33699,,,-23.52638925,-46.54930425,,,,2,2023-06-15T01:17:16+00:00
SAO_2718-10,São Paulo,3550308,True,,33699,,,-23.493039500000002,-46.49946175,,,,2,2023-06-15T01:17:36+00:00
SAO_2718-10,São Paulo,3550308,True,,33699,,,-23.4931245,-46.500213,,,,2,2023-06-15T01:17:30+00:00
SAO_2718-10,São Paulo,3550308,True,,33699,,,-23.4930925,-46.49988925,,,,2,2023-06-15T01:16:59+00:00
SAO_2718-10,São Paulo,3550308,True,,33699,,,-23.510334,-46.5507585,,,,2,2023-06-15T01:17:40+00:00
SAO_2718-10,São Paulo,3550308,True,,33699,,,-23.5016585,-46.533415,,,,2,2023-06-15T01:17:37+00:00
SAO_2718-10,São Paulo,3550308,True,,33699,,,-23.52017275,-46.546484750000005,,,,2,2023-06-15T01:17:39+00:00
SAO_2718-10,São Paulo,3550308,True,,33699,,,-23.494857500000002,-46.502258999999995,,,,2,2023-06-15T01:17:28+00:00
SAO_2718-10,São Paulo,3550308,True,,33699,,,-23.4956295,-46.509212,,,,2,2023-06-15T01:17:11+00:00
SAO_2718-10,São Paulo,3550308,True,,33699,,,-23.4930925,-46.49988925,,,,2,2023-06-15T01:16:59+00:00
SAO_695D-10,São Paulo,3550308,True,,32882,,,-23.7049335,-46.702473499999996,,,,2,2023-06-15T01:17:26+00:00
SAO_695D-10,São Paulo,3550308,True,,32882,,,-23.721690000000002,-46.690383,,,,2,2023-06-15T01:17:38+00:00
SAO_695D-10,São Paulo,3550308,True,,32882,,,-23.7329935,-46.676147,,,,2,2023-06-15T01:11:26+00:00
SAO_695D-10,São Paulo,3550308,True,,32882,,,-23.7196305,-46.6897605,,,,2,2023-06-15T01:17:29+00:00
SAO_695D-10,São Paulo,3550308,True,,32882,,,-23.646328000000004,-46.643005,,,,2,2023-06-15T01:17:21+00:00
SAO_875H-10,São Paulo,3550308,True,,1340,,,-23.519885000000002,-46.700064999999995,,,,1,2023-06-15T01:17:11+00:00
SAO_875H-10,São Paulo,3550308,True,,1340,,,-23.588063625000004,-46.635466625,,,,1,2023-06-15T01:17:22+00:00
SAO_875H-10,São Paulo,3550308,True,,1340,,,-23.5644515625,-46.652986687500004,,,,1,2023-06-15T01:17:32+00:00
SAO_875H-10,São Paulo,3550308,True,,1340,,,-23.5221425,-46.700432,,,,1,2023-06-15T01:17:14+00:00
SAO_875H-10,São Paulo,3550308,True,,1340,,,-23.550652499999998,-46.677495,,,,1,2023-06-15T01:17:14+00:00
SAO_875H-10,São Paulo,3550308,True,,1340,,,-23.571849,-46.64370825,,,,1,2023-06-15T01:17:23+00:00
SAO_1758-10,São Paulo,3550308,True,,33320,,,-23.499056500000002,-46.62465,,,,2,2023-06-15T01:16:55+00:00
SAO_1758-10,São Paulo,3550308,True,,33320,,,-23.486632999999998,-46.6274265,,,,2,2023-06-15T01:17:35+00:00
SAO_1758-10,São Paulo,3550308,True,,33320,,,-23.45473725,-46.661429749999996,,,,2,2023-06-15T01:17:14+00:00
SAO_1758-10,São Paulo,3550308,True,,33320,,,-23.463556250000003,-46.65331575,,,,2,2023-06-15T01:17:13+00:00
SAO_1758-10,São Paulo,3550308,True,,33320,,,-23.48400425,-46.630812500000005,,,,2,2023-06-15T01:17:36+00:00
SAO_1758-10,São Paulo,3550308,True,,33320,,,-23.454469,-46.6620805,,,,2,2023-06-15T01:17:05+00:00
SAO_1758-10,São Paulo,3550308,True,,33320,,,-23.467950000000002,-46.630759499999996,,,,2,2023-06-15T01:17:33+00:00
SAO_9002-10,São Paulo,3550308,True,,870,,,-23.463907,-46.6663285,,,,1,2023-06-15T01:17:37+00:00
SAO_9002-10,São Paulo,3550308,True,,870,,,-23.4579405,-46.6705775,,,,1,2023-06-15T01:17:16+00:00
SAO_9002-10,São Paulo,3550308,True,,870,,,-23.474822500000002,-46.670317999999995,,,,1,2023-06-15T01:17:01+00:00
SAO_3789-10,São Paulo,3550308,True,,33835,,,-23.5430025,-46.47133650000001,,,,2,2023-06-15T01:17:21+00:00
SAO_3789-10,São Paulo,3550308,True,,33835,,,-23.5692315,-46.448002,,,,2,2023-06-15T01:17:31+00:00
SAO_3789-10,São Paulo,3550308,True,,33835,,,-23.583754,-46.4150015,,,,2,2023-06-15T01:17:31+00:00
SAO_3789-10,São Paulo,3550308,True,,33835,,,-23.5947445,-46.427139374999996,,,,2,2023-06-15T01:17:38+00:00
SAO_3789-10,São Paulo,3550308,True,,33835,,,-23.577679500000002,-46.44357625000001,,,,2,2023-06-15T01:17:33+00:00
SAO_3789-10,São Paulo,3550308,True,,33835,,,-23.611663,-46.3964115,,,,2,2023-06-15T01:17:33+00:00
SAO_3789-10,São Paulo,3550308,True,,33835,,,-23.548450624999997,-46.46171825,,,,2,2023-06-15T01:17:03+00:00
SAO_3789-10,São Paulo,3550308,True,,33835,,,-23.5949785,-46.4406365,,,,2,2023-06-15T01:17:21+00:00
SAO_3789-10,São Paulo,3550308,True,,33835,,,-23.542599000000003,-46.4710815,,,,2,2023-06-15T01:17:03+00:00
SAO_3789-10,São Paulo,3550308,True,,33835,,,-23.561189,-46.4658165,,,,2,2023-06-15T01:17:20+00:00
SAO_3789-10,São Paulo,3550308,True,,33835,,,-23.608194,-46.399615,,,,2,2023-06-15T01:17:30+00:00
SAO_3789-10,São Paulo,3550308,True,,33835,,,-23.5839935,-46.409062000000006,,,,2,2023-06-15T01:17:07+00:00
SAO_6046-10,São Paulo,3550308,True,,33991,,,-23.673530999999997,-46.773515,,,,2,2023-06-15T01:17:06+00:00
SAO_6046-10,São Paulo,3550308,True,,33991,,,-23.647973,-46.7483545,,,,2,2023-06-15T01:17:23+00:00
SAO_6046-10,São Paulo,3550308,True,,33991,,,-23.6457115,-46.746607,,,,2,2023-06-15T01:17:21+00:00
SAO_6046-10,São Paulo,3550308,True,,33991,,,-23.675430499999997,-46.773945,,,,2,2023-06-15T01:17:22+00:00
SAO_6046-10,São Paulo,3550308,True,,33991,,,-23.6786875,-46.77878275,,,,2,2023-06-15T01:17:13+00:00
SAO_6046-10,São Paulo,3550308,True,,33991,,,-23.643432499999996,-46.72336775,,,,2,2023-06-15T01:16:58+00:00
SAO_7063-10,São Paulo,3550308,True,,1899,,,-23.6316405,-46.772316,,,,1,2023-06-15T01:17:39+00:00
SAO_7063-10,São Paulo,3550308,True,,1899,,,-23.651991000000002,-46.789846499999996,,,,1,2023-06-15T01:16:57+00:00
SAO_7063-10,São Paulo,3550308,True,,1899,,,-23.651991000000002,-46.789846499999996,,,,1,2023-06-15T01:17:17+00:00
SAO_7063-10,São Paulo,3550308,True,,1899,,,-23.651991000000002,-46.789846499999996,,,,1,2023-06-15T01:17:15+00:00
SAO_7063-10,São Paulo,3550308,True,,1899,,,-23.651991000000002,-46.789846499999996,,,,1,2023-06-15T01:17:08+00:00
SAO_118Y-10,São Paulo,3550308,True,EMTU,841,https://moovitapp.com/index/pt-br/transporte_p%C3%BAblico-line-841-Sao_Paulo-242-2038937-36419604-0,5.15,-23.4838405,-46.6500585,,,,1,2023-06-15T01:17:31+00:00
SAO_118Y-10,São Paulo,3550308,True,EMTU,841,https://moovitapp.com/index/pt-br/transporte_p%C3%BAblico-line-841-Sao_Paulo-242-2038937-36419604-0,5.15,-23.5081445,-46.68955925,,,,1,2023-06-15T01:15:39+00:00
SAO_118Y-10,São Paulo,3550308,True,EMTU,841,https://moovitapp.com/index/pt-br/transporte_p%C3%BAblico-line-841-Sao_Paulo-242-2038937-36419604-0,5.15,-23.519759999999998,-46.7028805,,,,1,2023-06-15T01:17:23+00:00
SAO_118Y-10,São Paulo,3550308,True,EMTU,841,https://moovitapp.com/index/pt-br/transporte_p%C3%BAblico-line-841-Sao_Paulo-242-2038937-36419604-0,5.15,-23.4824745,-46.66213875,,,,1,2023-06-15T01:17:13+00:00
SAO_118Y-10,São Paulo,3550308,True,EMTU,841,https://moovitapp.com/index/pt-br/transporte_p%C3%BAblico-line-841-Sao_Paulo-242-2038937-36419604-0,5.15,-23.496628,-46.673495,,,,1,2023-06-15T01:17:13+00:00
SAO_118Y-10,São Paulo,3550308,True,EMTU,841,https://moovitapp.com/index/pt-br/transporte_p%C3%BAblico-line-841-Sao_Paulo-242-2038937-36419604-0,5.15,-23.475894500000003,-46.641337,,,,1,2023-06-15T01:17:01+00:00
SAO_909T-10,São Paulo,3550308,True,,35024,,,-23.54009,-46.6370545,,,,2,2023-06-15T01:17:21+00:00
SAO_909T-10,São Paulo,3550308,True,,35024,,,-23.5501595,-46.6545185,,,,2,2023-06-15T01:17:31+00:00
SAO_909T-10,São Paulo,3550308,True,,35024,,,-23.5657815,-46.7010925,,,,2,2023-06-15T01:17:35+00:00
SAO_9047-10,São Paulo,3550308,True,,33651,,,-23.5088235,-46.696659,,,,2,2023-06-15T01:16:16+00:00
SAO_9047-10,São Paulo,3550308,True,,33651,,,-23.516183875000003,-46.704573,,,,2,2023-06-15T01:17:35+00:00
SAO_9047-10,São Paulo,3550308,True,,33651,,,-23.4613235,-46.713106499999995,,,,2,2023-06-15T01:17:09+00:00
SAO_9047-10,São Paulo,3550308,True,,33651,,,-23.4672475,-46.6982195,,,,2,2023-06-15T01:17:12+00:00
SAO_9047-10,São Paulo,3550308,True,,33651,,,-23.475637,-46.690592249999995,,,,2,2023-06-15T01:16:57+00:00
SAO_9047-10,São Paulo,3550308,True,,33651,,,-23.4613235,-46.713106499999995,,,,2,2023-06-15T01:17:12+00:00
SAO_9047-10,São Paulo,3550308,True,,33651,,,-23.461492999999997,-46.713212999999996,,,,2,2023-06-15T01:17:22+00:00
SAO_9047-10,São Paulo,3550308,True,,33651,,,-23.469084000000002,-46.6953355,,,,2,2023-06-15T01:17:26+00:00
SAO_9047-10,São Paulo,3550308,True,,33651,,,-23.5017375,-46.694931499999996,,,,2,2023-06-15T01:17:38+00:00
SAO_9047-10,São Paulo,3550308,True,,33651,,,-23.4613235,-46.713106499999995,,,,2,2023-06-15T01:17:35+00:00
SAO_9047-10,São Paulo,3550308,True,,33651,,,-23.500208999999998,-46.6931365,,,,2,2023-06-15T01:17:15+00:00
SAO_9047-10,São Paulo,3550308,True,,33651,,,-23.498554125,-46.6968825,,,,2,2023-06-15T01:16:53+00:00
SAO_9047-10,São Paulo,3550308,True,,33651,,,-23.49471425,-46.6975085,,,,2,2023-06-15T01:17:14+00:00
SAO_118C-10,São Paulo,3550308,True,,519,,,-23.45345125,-46.67086875,,,,1,2023-06-15T01:17:29+00:00
SAO_118C-10,São Paulo,3550308,True,,519,,,-23.47034875,-46.6493545,,,,1,2023-06-15T01:16:50+00:00
SAO_118C-10,São Paulo,3550308,True,,519,,,-23.518059,-46.625771,,,,1,2023-06-15T01:17:14+00:00
SAO_118C-10,São Paulo,3550308,True,,519,,,-23.4675205,-46.66035875,,,,1,2023-06-15T01:17:40+00:00
SAO_118C-10,São Paulo,3550308,True,,519,,,-23.49238875,-46.626027,,,,1,2023-06-15T01:17:34+00:00
SAO_118C-10,São Paulo,3550308,True,,519,,,-23.4901315,-46.6261765,,,,1,2023-06-15T01:17:03+00:00
SAO_407N-10,São Paulo,3550308,True,,34937,,,-23.584367375,-46.489724124999995,,,,2,2023-06-15T01:16:57+00:00
SAO_407N-10,São Paulo,3550308,True,,34937,,,-23.5747305,-46.503548,,,,2,2023-06-15T01:16:00+00:00
SAO_407N-10,São Paulo,3550308,True,,34937,,,-23.5881725,-46.415104,,,,2,2023-06-15T01:17:22+00:00
SAO_407N-10,São Paulo,3550308,True,,34937,,,-23.566259000000002,-46.507381,,,,2,2023-06-15T01:16:53+00:00
SAO_407N-10,São Paulo,3550308,True,,34937,,,-23.5832485,-46.408196000000004,,,,2,2023-06-15T01:17:01+00:00
SAO_407N-10,São Paulo,3550308,True,,34937,,,-23.5987515,-46.4645435,,,,2,2023-06-15T01:17:32+00:00
SAO_407N-10,São Paulo,3550308,True,,34937,,,-23.596272999999997,-46.435561500000006,,,,2,2023-06-15T01:17:03+00:00
SAO_407N-10,São Paulo,3550308,True,,34937,,,-23.590642250000002,-46.416775,,,,2,2023-06-15T01:16:56+00:00
SAO_407N-10,São Paulo,3550308,True,,34937,,,-23.5947445,-46.427139374999996,,,,2,2023-06-15T01:14:54+00:00
SAO_407N-10,São Paulo,3550308,True,,34937,,,-23.541418999999998,-46.538380000000004,,,,2,2023-06-15T01:17:32+00:00
SAO_407N-10,São Paulo,3550308,True,,34937,,,-23.534,-46.5424035,,,,2,2023-06-15T01:17:05+00:00
SAO_407N-10,São Paulo,3550308,True,,34937,,,-23.59480025,-46.4417815,,,,2,2023-06-15T01:17:32+00:00
SAO_407N-10,São Paulo,3550308,True,,34937,,,-23.55295375,-46.519494249999994,,,,2,2023-06-15T01:17:25+00:00
SAO_407N-10,São Paulo,3550308,True,,34937,,,-23.552763249999998,-46.51981875,,,,2,2023-06-15T01:17:16+00:00
SAO_407N-10,São Paulo,3550308,True,,34937,,,-23.595904250000004,-46.43729625,,,,2,2023-06-15T01:17:00+00:00
SAO_407N-10,São Paulo,3550308,True,,34937,,,-23.5685935,-46.505149,,,,2,2023-06-15T01:17:06+00:00
SAO_8199-10,São Paulo,3550308,True,,33575,,,-23.496911500000003,-46.697875749999994,,,,2,2023-06-15T01:17:17+00:00
SAO_8199-10,São Paulo,3550308,True,,33575,,,-23.468643,-46.7512295,,,,2,2023-06-15T01:17:07+00:00
SAO_8199-10,São Paulo,3550308,True,,33575,,,-23.484793,-46.7235355,,,,2,2023-06-15T01:17:38+00:00
SAO_8199-10,São Paulo,3550308,True,,33575,,,-23.4843435,-46.7227915,,,,2,2023-06-15T01:17:28+00:00
SAO_8199-10,São Paulo,3550308,True,,33575,,,-23.5022055,-46.703604,,,,2,2023-06-15T01:17:09+00:00
SAO_8199-10,São Paulo,3550308,True,,33575,,,-23.486826,-46.737035,,,,2,2023-06-15T01:17:21+00:00
SAO_8199-10,São Paulo,3550308,True,,33575,,,-23.469364499999998,-46.750752250000005,,,,2,2023-06-15T01:17:07+00:00
SAO_8199-10,São Paulo,3550308,True,,33575,,,-23.47520075,-46.665144,,,,2,2023-06-15T01:17:14+00:00
SAO_8199-10,São Paulo,3550308,True,,33575,,,-23.5018995,-46.702711,,,,2,2023-06-15T01:16:53+00:00
SAO_8199-10,São Paulo,3550308,True,,33575,,,-23.4855315,-46.724675500000004,,,,2,2023-06-15T01:17:27+00:00
SAO_3390-10,São Paulo,3550308,True,,738,,,-23.5456715,-46.630392,,,,1,2023-06-15T01:17:35+00:00
SAO_3390-10,São Paulo,3550308,True,,738,,,-23.552261,-46.625423,,,,1,2023-06-15T01:17:22+00:00
SAO_3390-10,São Paulo,3550308,True,,738,,,-23.61259,-46.479862999999995,,,,1,2023-06-15T01:15:21+00:00
SAO_3390-10,São Paulo,3550308,True,,738,,,-23.57008725,-46.595667,,,,1,2023-06-15T01:17:09+00:00
SAO_3390-10,São Paulo,3550308,True,,738,,,-23.5781735,-46.577866,,,,1,2023-06-15T01:17:38+00:00
SAO_3390-10,São Paulo,3550308,True,,738,,,-23.612506,-46.479178,,,,1,2023-06-15T01:17:17+00:00
SAO_3390-10,São Paulo,3550308,True,,738,,,-23.5997585,-46.513968,,,,1,2023-06-15T01:17:29+00:00
SAO_737A-10,São Paulo,3550308,True,,34498,,,-23.6902125,-46.773815,,,,2,2023-06-15T01:17:25+00:00
SAO_737A-10,São Paulo,3550308,True,,34498,,,-23.6901525,-46.774198999999996,,,,2,2023-06-15T01:17:37+00:00
SAO_737A-10,São Paulo,3550308,True,,34498,,,-23.667442,-46.729826,,,,2,2023-06-15T01:17:29+00:00
SAO_737A-10,São Paulo,3550308,True,,34498,,,-23.6902125,-46.773815,,,,2,2023-06-15T01:17:33+00:00
SAO_737A-10,São Paulo,3550308,True,,34498,,,-23.666391750000003,-46.719602374999994,,,,2,2023-06-15T01:17:21+00:00
SAO_737A-10,São Paulo,3550308,True,,34498,,,-23.6902125,-46.773815,,,,2,2023-06-15T01:17:22+00:00
SAO_737A-10,São Paulo,3550308,True,,34498,,,-23.657401125,-46.707043500000005,,,,2,2023-06-15T01:17:00+00:00
SAO_737A-10,São Paulo,3550308,True,,34498,,,-23.671832000000002,-46.741647,,,,2,2023-06-15T01:17:11+00:00
SAO_737A-10,São Paulo,3550308,True,,34498,,,-23.6902125,-46.773815,,,,2,2023-06-15T01:17:28+00:00
SAO_737A-10,São Paulo,3550308,True,,34498,,,-23.6902125,-46.773815,,,,2,2023-06-15T01:17:37+00:00
SAO_737A-10,São Paulo,3550308,True,,34498,,,-23.66598725,-46.7154595,,,,2,2023-06-15T01:17:28+00:00
SAO_737A-10,São Paulo,3550308,True,,34498,,,-23.6902125,-46.773815,,,,2,2023-06-15T01:17:03+00:00
SAO_737A-10,São Paulo,3550308,True,,34498,,,-23.6902125,-46.773815,,,,2,2023-06-15T01:17:25+00:00
SAO_737A-10,São Paulo,3550308,True,,34498,,,-23.6902125,-46.773815,,,,2,2023-06-15T01:17:39+00:00
SAO_737A-10,São Paulo,3550308,True,,34498,,,-23.655545,-46.707713999999996,,,,2,2023-06-15T01:17:31+00:00
SAO_6805-31,São Paulo,3550308,True,,1788,,,-23.660863499999998,-46.740069500000004,,,,1,2023-06-15T01:17:41+00:00
SAO_6805-31,São Paulo,3550308,True,,1788,,,-23.6551175,-46.762319500000004,,,,1,2023-06-15T01:17:11+00:00
SAO_372U-10,São Paulo,3550308,True,,33784,,,-23.5528075,-46.5665985,,,,2,2023-06-15T01:14:14+00:00
SAO_372U-10,São Paulo,3550308,True,,33784,,,-23.561893500000004,-46.56246725,,,,2,2023-06-15T01:15:23+00:00
SAO_372U-10,São Paulo,3550308,True,,33784,,,-23.553889125,-46.5434495,,,,2,2023-06-15T01:17:37+00:00
SAO_372U-10,São Paulo,3550308,True,,33784,,,-23.5563335,-46.5601735,,,,2,2023-06-15T01:17:36+00:00
SAO_372U-10,São Paulo,3550308,True,,33784,,,-23.5409625,-46.5764615,,,,2,2023-06-15T01:17:13+00:00
SAO_372U-10,São Paulo,3550308,True,,33784,,,-23.551053500000002,-46.56769,,,,2,2023-06-15T01:17:14+00:00
SAO_372U-10,São Paulo,3550308,True,,33784,,,-23.55384475,-46.56102975,,,,2,2023-06-15T01:16:54+00:00
SAO_372U-10,São Paulo,3550308,True,,33784,,,-23.54472475,-46.57451425,,,,2,2023-06-15T01:17:22+00:00
SAO_372U-10,São Paulo,3550308,True,,33784,,,-23.5409625,-46.5764615,,,,2,2023-06-15T01:17:26+00:00
SAO_372U-10,São Paulo,3550308,True,,33784,,,-23.552243750000002,-46.567416249999994,,,,2,2023-06-15T01:14:02+00:00
SAO_372U-10,São Paulo,3550308,True,,33784,,,-23.550114,-46.567912625000005,,,,2,2023-06-15T01:16:56+00:00
SAO_1788-10,São Paulo,3550308,True,,33421,,,-23.4385065,-46.582041000000004,,,,2,2023-06-15T01:14:19+00:00
SAO_1788-10,São Paulo,3550308,True,,33421,,,-23.430521499999998,-46.575607,,,,2,2023-06-15T01:17:38+00:00
SAO_1788-10,São Paulo,3550308,True,,33421,,,-23.4308,-46.5751545,,,,2,2023-06-15T01:17:35+00:00
SAO_1788-10,São Paulo,3550308,True,,33421,,,-23.4889595,-46.619086499999995,,,,2,2023-06-15T01:15:05+00:00
SAO_1788-10,São Paulo,3550308,True,,33421,,,-23.443562,-46.5900395,,,,2,2023-06-15T01:17:30+00:00
SAO_1788-10,São Paulo,3550308,True,,33421,,,-23.479325000000003,-46.609796,,,,2,2023-06-15T01:17:07+00:00
SAO_1788-10,São Paulo,3550308,True,,33421,,,-23.431675750000004,-46.5774935,,,,2,2023-06-15T01:14:30+00:00
SAO_1788-10,São Paulo,3550308,True,,33421,,,-23.479074750000002,-46.6090205,,,,2,2023-06-15T01:15:13+00:00
SAO_2730-10,São Paulo,3550308,True,,33713,,,-23.5054235,-46.456627499999996,,,,2,2023-06-15T01:17:14+00:00
SAO_2730-10,São Paulo,3550308,True,,33713,,,-23.5389105,-46.481078,,,,2,2023-06-15T01:16:56+00:00
SAO_2730-10,São Paulo,3550308,True,,33713,,,-23.51198675,-46.462543249999996,,,,2,2023-06-15T01:17:37+00:00
SAO_2730-10,São Paulo,3550308,True,,33713,,,-23.50695875,-46.457976375,,,,2,2023-06-15T01:16:58+00:00
SAO_2730-10,São Paulo,3550308,True,,33713,,,-23.510495499999998,-46.4462745,,,,2,2023-06-15T01:17:33+00:00
SAO_2730-10,São Paulo,3550308,True,,33713,,,-23.51220625,-46.462701749999994,,,,2,2023-06-15T01:16:59+00:00
SAO_2730-10,São Paulo,3550308,True,,33713,,,-23.531116625000003,-46.473692375,,,,2,2023-06-15T01:17:16+00:00
SAO_2730-10,São Paulo,3550308,True,,33713,,,-23.5105165,-46.446583499999996,,,,2,2023-06-15T01:17:01+00:00
SAO_2730-10,São Paulo,3550308,True,,33713,,,-23.50266475,-46.454888249999996,,,,2,2023-06-15T01:17:19+00:00
SAO_2730-10,São Paulo,3550308,True,,33713,,,-23.501611625000002,-46.451235624999995,,,,2,2023-06-15T01:17:10+00:00
SAO_2730-10,São Paulo,3550308,True,,33713,,,-23.5198635,-46.468929,,,,2,2023-06-15T01:17:22+00:00
SAO_2730-10,São Paulo,3550308,True,,33713,,,-23.510537499999998,-46.4468945,,,,2,2023-06-15T01:17:03+00:00
SAO_312N-10,São Paulo,3550308,True,,33758,,,-23.491016,-46.441969,,,,2,2023-06-15T01:17:31+00:00
SAO_312N-10,São Paulo,3550308,True,,33758,,,-23.497709,-46.411232749999996,,,,2,2023-06-15T01:15:13+00:00
SAO_312N-10,São Paulo,3550308,True,,33758,,,-23.51493575,-46.4146485,,,,2,2023-06-15T01:17:04+00:00
SAO_312N-10,São Paulo,3550308,True,,33758,,,-23.491016,-46.441969,,,,2,2023-06-15T01:17:36+00:00
SAO_312N-10,São Paulo,3550308,True,,33758,,,-23.542544,-46.4158275,,,,2,2023-06-15T01:17:08+00:00
SAO_312N-10,São Paulo,3550308,True,,33758,,,-23.571377499999997,-46.399178000000006,,,,2,2023-06-15T01:17:33+00:00
SAO_312N-10,São Paulo,3550308,True,,33758,,,-23.534726499999998,-46.4005875,,,,2,2023-06-15T01:17:36+00:00
SAO_312N-10,São Paulo,3550308,True,,33758,,,-23.583026,-46.408417,,,,2,2023-06-15T01:17:23+00:00
SAO_312N-10,São Paulo,3550308,True,,33758,,,-23.4943805,-46.438734499999995,,,,2,2023-06-15T01:16:55+00:00
SAO_312N-10,São Paulo,3550308,True,,33758,,,-23.5704615,-46.4040185,,,,2,2023-06-15T01:16:59+00:00
SAO_312N-10,São Paulo,3550308,True,,33758,,,-23.52012875,-46.405300000000004,,,,2,2023-06-15T01:08:01+00:00
SAO_312N-10,São Paulo,3550308,True,,33758,,,-23.560029375,-46.407024875000005,,,,2,2023-06-15T01:17:40+00:00
SAO_312N-10,São Paulo,3550308,True,,33758,,,-23.572236500000002,-46.399409500000004,,,,2,2023-06-15T01:17:03+00:00
SAO_312N-10,São Paulo,3550308,True,,33758,,,-23.495103,-46.435818,,,,2,2023-06-15T01:17:06+00:00
SAO_312N-10,São Paulo,3550308,True,,33758,,,-23.5730795,-46.3996365,,,,2,2023-06-15T01:17:33+00:00
SAO_312N-10,São Paulo,3550308,True,,33758,,,-23.5213175,-46.399682999999996,,,,2,2023-06-15T01:17:04+00:00
SAO_2076-10,São Paulo,3550308,True,,368,,,-23.4945065,-46.489965,,,,1,2023-06-15T01:15:45+00:00
SAO_2076-10,São Paulo,3550308,True,,368,,,-23.49183,-46.460546,,,,1,2023-06-15T01:17:26+00:00
SAO_2076-10,São Paulo,3550308,True,,368,,,-23.49474575,-46.4130995,,,,1,2023-06-15T01:17:24+00:00
SAO_2076-10,São Paulo,3550308,True,,368,,,-23.5142675,-46.519064,,,,1,2023-06-15T01:17:03+00:00
SAO_2076-10,São Paulo,3550308,True,,368,,,-23.492049,-46.38438425,,,,1,2023-06-15T01:17:22+00:00
SAO_2076-10,São Paulo,3550308,True,,368,,,-23.5032615,-46.380213499999996,,,,1,2023-06-15T01:17:41+00:00
SAO_6063-42,São Paulo,3550308,True,,34770,,,-23.809403,-46.6612485,,,,2,2023-06-15T01:16:58+00:00
SAO_6063-42,São Paulo,3550308,True,,34770,,,-23.820702,-46.673617,,,,2,2023-06-15T01:17:33+00:00
SAO_6063-42,São Paulo,3550308,True,,34770,,,-23.7692035,-46.715246500000006,,,,2,2023-06-15T01:16:57+00:00
SAO_6063-42,São Paulo,3550308,True,,34770,,,-23.809403,-46.6612485,,,,2,2023-06-15T01:17:34+00:00
SAO_6026-10,São Paulo,3550308,True,,32855,,,-23.67597575,-46.695347375,,,,2,2023-06-15T01:17:25+00:00
SAO_6026-10,São Paulo,3550308,True,,32855,,,-23.70666,-46.69487825,,,,2,2023-06-15T01:17:23+00:00
SAO_6026-10,São Paulo,3550308,True,,32855,,,-23.65397075,-46.7077515,,,,2,2023-06-15T01:17:10+00:00
SAO_6026-10,São Paulo,3550308,True,,32855,,,-23.66265025,-46.69258024999999,,,,2,2023-06-15T01:17:25+00:00
SAO_6026-10,São Paulo,3550308,True,,32855,,,-23.707207250000003,-46.688587999999996,,,,2,2023-06-15T01:17:08+00:00
SAO_6026-10,São Paulo,3550308,True,,32855,,,-23.748841,-46.703187,,,,2,2023-06-15T01:17:03+00:00
SAO_6026-10,São Paulo,3550308,True,,32855,,,-23.654720499999996,-46.701610875,,,,2,2023-06-15T01:17:24+00:00
SAO_5630-10,São Paulo,3550308,True,,32846,,,-23.606552,-46.652087,,,,2,2023-06-15T01:16:55+00:00
SAO_5630-10,São Paulo,3550308,True,,32846,,,-23.67948225,-46.6863145,,,,2,2023-06-15T01:17:21+00:00
SAO_5630-10,São Paulo,3550308,True,,32846,,,-23.54756425,-46.638352749999996,,,,2,2023-06-15T01:17:36+00:00
SAO_5630-10,São Paulo,3550308,True,,32846,,,-23.664404750000003,-46.67850775,,,,2,2023-06-15T01:17:31+00:00
SAO_5630-10,São Paulo,3550308,True,,32846,,,-23.706274999999998,-46.70078,,,,2,2023-06-15T01:17:28+00:00
SAO_5630-10,São Paulo,3550308,True,,32846,,,-23.7066535,-46.7003785,,,,2,2023-06-15T01:17:10+00:00
SAO_5630-10,São Paulo,3550308,True,,32846,,,-23.628905500000002,-46.665217,,,,2,2023-06-15T01:17:04+00:00
SAO_5630-10,São Paulo,3550308,True,,32846,,,-23.667003,-46.677811500000004,,,,2,2023-06-15T01:16:58+00:00
SAO_5630-10,São Paulo,3550308,True,,32846,,,-23.54756425,-46.638352749999996,,,,2,2023-06-15T01:17:25+00:00
SAO_5630-10,São Paulo,3550308,True,,32846,,,-23.677566499999998,-46.682621,,,,2,2023-06-15T01:17:06+00:00
SAO_5630-10,São Paulo,3550308,True,,32846,,,-23.628905500000002,-46.665217,,,,2,2023-06-15T01:16:43+00:00
SAO_5630-10,São Paulo,3550308,True,,32846,,,-23.706274999999998,-46.70078,,,,2,2023-06-15T01:16:40+00:00
SAO_5630-10,São Paulo,3550308,True,,32846,,,-23.6266425,-46.6616315,,,,2,2023-06-15T01:17:21+00:00
SAO_5630-10,São Paulo,3550308,True,,32846,,,-23.6282705,-46.662718999999996,,,,2,2023-06-15T01:17:27+00:00
SAO_4019-10,São Paulo,3550308,True,,35292,,,-23.542814,-46.470709,,,,2,2023-06-15T01:17:01+00:00
SAO_342C-10,São Paulo,3550308,True,,33770,,,-23.5430105,-46.498183,,,,2,2023-06-15T01:17:26+00:00
SAO_342C-10,São Paulo,3550308,True,,33770,,,-23.522862,-46.5321525,,,,2,2023-06-15T01:17:37+00:00
SAO_342C-10,São Paulo,3550308,True,,33770,,,-23.5479055,-46.484438499999996,,,,2,2023-06-15T01:17:12+00:00
SAO_342C-10,São Paulo,3550308,True,,33770,,,-23.54011525,-46.51618425,,,,2,2023-06-15T01:17:32+00:00
SAO_3734-10,São Paulo,3550308,True,,33802,,,-23.552827,-46.472971,,,,2,2023-06-15T01:17:04+00:00
SAO_3734-10,São Paulo,3550308,True,,33802,,,-23.551455,-46.465111,,,,2,2023-06-15T01:16:59+00:00
SAO_3734-10,São Paulo,3550308,True,,33802,,,-23.553628,-46.480272,,,,2,2023-06-15T01:17:23+00:00
SAO_3734-10,São Paulo,3550308,True,,33802,,,-23.5485045,-46.483041,,,,2,2023-06-15T01:17:01+00:00
SAO_3734-10,São Paulo,3550308,True,,33802,,,-23.552827,-46.472971,,,,2,2023-06-15T01:17:21+00:00
SAO_3734-10,São Paulo,3550308,True,,33802,,,-23.5488365,-46.4832945,,,,2,2023-06-15T01:17:36+00:00
SAO_3734-10,São Paulo,3550308,True,,33802,,,-23.552171,-46.46996,,,,2,2023-06-15T01:17:15+00:00
SAO_3734-10,São Paulo,3550308,True,,33802,,,-23.5410875,-46.4842785,,,,2,2023-06-15T01:17:25+00:00
SAO_3734-10,São Paulo,3550308,True,,33802,,,-23.551389,-46.463671500000004,,,,2,2023-06-15T01:17:25+00:00
SAO_128Y-10,São Paulo,3550308,True,,33611,,,-23.50481575,-46.67702675,,,,2,2023-06-15T01:17:07+00:00
SAO_128Y-10,São Paulo,3550308,True,,33611,,,-23.4682475,-46.6681925,,,,2,2023-06-15T01:17:08+00:00
SAO_128Y-10,São Paulo,3550308,True,,33611,,,-23.4881165,-46.653673,,,,2,2023-06-15T01:17:31+00:00
SAO_128Y-10,São Paulo,3550308,True,,33611,,,-23.457446,-46.673119,,,,2,2023-06-15T01:17:38+00:00
SAO_128Y-10,São Paulo,3550308,True,,33611,,,-23.515374,-46.6919465,,,,2,2023-06-15T01:17:17+00:00
SAO_128Y-10,São Paulo,3550308,True,,33611,,,-23.457446,-46.673119,,,,2,2023-06-15T01:16:59+00:00
SAO_848L-10,São Paulo,3550308,True,,33576,,,-23.4144305,-46.7510005,,,,2,2023-06-15T01:17:20+00:00
SAO_848L-10,São Paulo,3550308,True,,33576,,,-23.461774,-46.720701,,,,2,2023-06-15T01:17:33+00:00
SAO_848L-10,São Paulo,3550308,True,,33576,,,-23.464513500000002,-46.721270000000004,,,,2,2023-06-15T01:17:02+00:00
SAO_848L-10,São Paulo,3550308,True,,33576,,,-23.408721,-46.75821,,,,2,2023-06-15T01:17:30+00:00
SAO_848L-10,São Paulo,3550308,True,,33576,,,-23.481229,-46.723877,,,,2,2023-06-15T01:16:59+00:00
SAO_848L-10,São Paulo,3550308,True,,33576,,,-23.419185,-46.753147,,,,2,2023-06-15T01:17:38+00:00
SAO_848L-10,São Paulo,3550308,True,,33576,,,-23.408721,-46.75821,,,,2,2023-06-15T01:17:28+00:00
SAO_2705-10,São Paulo,3550308,True,,33685,,,-23.548008000000003,-46.390071,,,,2,2023-06-15T01:17:19+00:00
SAO_2705-10,São Paulo,3550308,True,,33685,,,-23.543201125,-46.423678875,,,,2,2023-06-15T01:17:26+00:00
SAO_2705-10,São Paulo,3550308,True,,33685,,,-23.54306125,-46.42399625,,,,2,2023-06-15T01:17:14+00:00
SAO_2705-10,São Paulo,3550308,True,,33685,,,-23.54251,-46.471456,,,,2,2023-06-15T01:09:04+00:00
SAO_2705-10,São Paulo,3550308,True,,33685,,,-23.5420225,-46.471230000000006,,,,2,2023-06-15T01:04:44+00:00
SAO_6836-10,São Paulo,3550308,True,,32781,,,-23.666895750000002,-46.75493725,,,,2,2023-06-15T01:17:23+00:00
SAO_6836-10,São Paulo,3550308,True,,32781,,,-23.65332575,-46.74067475,,,,2,2023-06-15T01:16:58+00:00
SAO_6836-10,São Paulo,3550308,True,,32781,,,-23.676502499999998,-46.775547,,,,2,2023-06-15T01:17:05+00:00
SAO_2182-10,São Paulo,3550308,True,,33468,,,-23.497226249999997,-46.5749995,,,,2,2023-06-15T01:17:40+00:00
SAO_2182-10,São Paulo,3550308,True,,33468,,,-23.4819775,-46.571059500000004,,,,2,2023-06-15T01:17:10+00:00
SAO_2182-10,São Paulo,3550308,True,,33468,,,-23.4817665,-46.57117050000001,,,,2,2023-06-15T01:17:31+00:00
SAO_2182-10,São Paulo,3550308,True,,33468,,,-23.4819775,-46.571059500000004,,,,2,2023-06-15T01:17:22+00:00
SAO_2182-10,São Paulo,3550308,True,,33468,,,-23.538793124999998,-46.59877125,,,,2,2023-06-15T01:17:13+00:00
SAO_2182-10,São Paulo,3550308,True,,33468,,,-23.489365,-46.56996025,,,,2,2023-06-15T01:13:27+00:00
SAO_2182-10,São Paulo,3550308,True,,33468,,,-23.508029,-46.579211,,,,2,2023-06-15T01:17:23+00:00
SAO_2182-10,São Paulo,3550308,True,,33468,,,-23.481361999999997,-46.5713935,,,,2,2023-06-15T01:17:18+00:00
SAO_2182-10,São Paulo,3550308,True,,33468,,,-23.50222,-46.5766965,,,,2,2023-06-15T01:14:37+00:00
SAO_2182-10,São Paulo,3550308,True,,33468,,,-23.481508499999997,-46.571411,,,,2,2023-06-15T01:17:14+00:00
SAO_2182-10,São Paulo,3550308,True,,33468,,,-23.51375625,-46.58601625,,,,2,2023-06-15T01:17:37+00:00
SAO_2182-10,São Paulo,3550308,True,,33468,,,-23.542901,-46.6355615,,,,2,2023-06-15T01:17:24+00:00
SAO_2182-10,São Paulo,3550308,True,,33468,,,-23.486624499999998,-46.5684925,,,,2,2023-06-15T01:16:48+00:00
SAO_1178-31,São Paulo,3550308,True,,34580,,,-23.522761125,-46.549735874999996,,,,2,2023-06-15T01:17:32+00:00
SAO_1178-31,São Paulo,3550308,True,,34580,,,-23.48340375,-46.47313425,,,,2,2023-06-15T01:17:00+00:00
SAO_1178-31,São Paulo,3550308,True,,34580,,,-23.53720575,-46.633585,,,,2,2023-06-15T01:17:05+00:00
SAO_1178-31,São Paulo,3550308,True,,34580,,,-23.499527,-46.519795,,,,2,2023-06-15T01:17:28+00:00
SAO_1178-31,São Paulo,3550308,True,,34580,,,-23.5263735,-46.6308815,,,,2,2023-06-15T01:17:06+00:00
SAO_1178-31,São Paulo,3550308,True,,34580,,,-23.4931675,-46.449455,,,,2,2023-06-15T01:17:26+00:00
SAO_1178-31,São Paulo,3550308,True,,34580,,,-23.528734500000002,-46.5970985,,,,2,2023-06-15T01:16:54+00:00
SAO_8012-10,São Paulo,3550308,True,,2023,,,-23.55804625,-46.73607187500001,,,,1,2023-06-15T01:17:14+00:00
SAO_8012-10,São Paulo,3550308,True,,2023,,,-23.571716,-46.709317999999996,,,,1,2023-06-15T01:17:06+00:00
SAO_8012-10,São Paulo,3550308,True,,2023,,,-23.5666545,-46.709402999999995,,,,1,2023-06-15T01:17:35+00:00
SAO_514T-10,São Paulo,3550308,True,,1671,,,-23.592040000000004,-46.5295815,,,,1,2023-06-15T01:17:14+00:00
SAO_514T-10,São Paulo,3550308,True,,1671,,,-23.602792,-46.6023785,,,,1,2023-06-15T01:17:34+00:00
SAO_514T-10,São Paulo,3550308,True,,1671,,,-23.5849575,-46.5830825,,,,1,2023-06-15T01:17:23+00:00
SAO_514T-10,São Paulo,3550308,True,,1671,,,-23.59657,-46.5156885,,,,1,2023-06-15T01:16:56+00:00
SAO_514T-10,São Paulo,3550308,True,,1671,,,-23.58525975,-46.5894495,,,,1,2023-06-15T01:17:41+00:00
SAO_514T-10,São Paulo,3550308,True,,1671,,,-23.5981755,-46.513453999999996,,,,1,2023-06-15T01:17:28+00:00
SAO_514T-10,São Paulo,3550308,True,,1671,,,-23.597968125,-46.608947,,,,1,2023-06-15T01:16:59+00:00
SAO_514T-10,São Paulo,3550308,True,,1671,,,-23.58525975,-46.5894495,,,,1,2023-06-15T01:17:07+00:00
SAO_514T-10,São Paulo,3550308,True,,1671,,,-23.5882765,-46.5196415,,,,1,2023-06-15T01:17:38+00:00
SAO_514T-10,São Paulo,3550308,True,,1671,,,-23.584364,-46.577090999999996,,,,1,2023-06-15T01:17:06+00:00
SAO_514T-10,São Paulo,3550308,True,,1671,,,-23.5854285,-46.5195045,,,,1,2023-06-15T01:16:57+00:00
SAO_121G-10,São Paulo,3550308,True,,33459,,,-23.489909,-46.5852005,,,,2,2023-06-15T01:17:23+00:00
SAO_121G-10,São Paulo,3550308,True,,33459,,,-23.4832875,-46.585381,,,,2,2023-06-15T01:16:58+00:00
SAO_121G-10,São Paulo,3550308,True,,33459,,,-23.4810685,-46.603014,,,,2,2023-06-15T01:17:33+00:00
SAO_121G-10,São Paulo,3550308,True,,33459,,,-23.489909,-46.5852005,,,,2,2023-06-15T01:17:18+00:00
SAO_1701-21,São Paulo,3550308,True,,2476,,,-23.447903750000002,-46.57596337499999,,,,1,2023-06-15T01:17:25+00:00
SAO_5119-10,São Paulo,3550308,True,,1,,,-23.6029725,-46.712074,,,,1,2023-06-15T01:17:32+00:00
SAO_5119-10,São Paulo,3550308,True,,1,,,-23.563104,-46.645597499999994,,,,1,2023-06-15T01:17:00+00:00
SAO_5119-10,São Paulo,3550308,True,,1,,,-23.561584,-46.6443345,,,,1,2023-06-15T01:17:13+00:00
SAO_5119-10,São Paulo,3550308,True,,1,,,-23.6517585,-46.75778675,,,,1,2023-06-15T01:17:17+00:00
SAO_5119-10,São Paulo,3550308,True,,1,,,-23.648463,-46.7491555,,,,1,2023-06-15T01:17:34+00:00
SAO_5119-10,São Paulo,3550308,True,,1,,,-23.586530000000003,-46.695387999999994,,,,1,2023-06-15T01:16:58+00:00
SAO_5119-10,São Paulo,3550308,True,,1,,,-23.583426000000003,-46.670066,,,,1,2023-06-15T01:17:37+00:00
SAO_5119-10,São Paulo,3550308,True,,1,,,-23.583665125,-46.677761625,,,,1,2023-06-15T01:17:22+00:00
SAO_5119-10,São Paulo,3550308,True,,1,,,-23.570861,-46.6522435,,,,1,2023-06-15T01:17:41+00:00
SAO_5119-10,São Paulo,3550308,True,,1,,,-23.6270625,-46.735526,,,,1,2023-06-15T01:17:32+00:00
SAO_574R-10,São Paulo,3550308,True,,34391,,,-23.540903500000002,-46.5894725,,,,2,2023-06-15T01:11:28+00:00
SAO_574R-10,São Paulo,3550308,True,,34391,,,-23.6158085,-46.500614999999996,,,,2,2023-06-15T01:17:37+00:00
SAO_574R-10,São Paulo,3550308,True,,34391,,,-23.56533575,-46.569920249999996,,,,2,2023-06-15T01:16:40+00:00
SAO_574R-10,São Paulo,3550308,True,,34391,,,-23.5826475,-46.535585,,,,2,2023-06-15T01:17:36+00:00
SAO_574R-10,São Paulo,3550308,True,,34391,,,-23.555985749999998,-46.578010750000004,,,,2,2023-06-15T01:16:26+00:00
SAO_2014-10,São Paulo,3550308,True,,33668,,,-23.4816705,-46.6731425,,,,2,2023-06-15T01:17:07+00:00
SAO_2014-10,São Paulo,3550308,True,,33668,,,-23.497189249999998,-46.660090999999994,,,,2,2023-06-15T01:17:10+00:00
SAO_2014-10,São Paulo,3550308,True,,33668,,,-23.5043395,-46.66208399999999,,,,2,2023-06-15T01:17:04+00:00
SAO_2014-10,São Paulo,3550308,True,,33668,,,-23.4919175,-46.66231725,,,,2,2023-06-15T01:17:28+00:00
SAO_2014-10,São Paulo,3550308,True,,33668,,,-23.5262215,-46.6723845,,,,2,2023-06-15T01:17:01+00:00
SAO_2014-10,São Paulo,3550308,True,,33668,,,-23.5043395,-46.66208399999999,,,,2,2023-06-15T01:17:07+00:00
SAO_2014-10,São Paulo,3550308,True,,33668,,,-23.4821795,-46.672185999999996,,,,2,2023-06-15T01:17:01+00:00
SAO_2014-10,São Paulo,3550308,True,,33668,,,-23.490266,-46.66487325,,,,2,2023-06-15T01:17:30+00:00
SAO_2014-10,São Paulo,3550308,True,,33668,,,-23.457582000000002,-46.670192,,,,2,2023-06-15T01:17:17+00:00
SAO_2014-10,São Paulo,3550308,True,,33668,,,-23.4621695,-46.670120999999995,,,,2,2023-06-15T01:17:41+00:00
SAO_2014-10,São Paulo,3550308,True,,33668,,,-23.49224725,-46.66222975,,,,2,2023-06-15T01:17:39+00:00
SAO_2014-10,São Paulo,3550308,True,,33668,,,-23.5096835,-46.665897,,,,2,2023-06-15T01:17:26+00:00
SAO_2014-10,São Paulo,3550308,True,,33668,,,-23.468349,-46.667956000000004,,,,2,2023-06-15T01:17:00+00:00
SAO_2014-10,São Paulo,3550308,True,,33668,,,-23.457582000000002,-46.670192,,,,2,2023-06-15T01:17:07+00:00
SAO_2014-10,São Paulo,3550308,True,,33668,,,-23.45956225,-46.66866,,,,2,2023-06-15T01:17:12+00:00
SAO_2014-10,São Paulo,3550308,True,,33668,,,-23.457342,-46.669977,,,,2,2023-06-15T01:17:03+00:00
SAO_2014-10,São Paulo,3550308,True,,33668,,,-23.457081000000002,-46.669748,,,,2,2023-06-15T01:17:32+00:00
SAO_1017-10,São Paulo,3550308,True,,34909,,,-23.418483000000002,-46.7311485,,,,2,2023-06-15T01:17:01+00:00
SAO_1017-10,São Paulo,3550308,True,,34909,,,-23.4855545,-46.710256,,,,2,2023-06-15T01:16:59+00:00
SAO_1017-10,São Paulo,3550308,True,,34909,,,-23.404906750000002,-46.743017249999994,,,,2,2023-06-15T01:17:24+00:00
SAO_1017-10,São Paulo,3550308,True,,34909,,,-23.485255000000002,-46.709973000000005,,,,2,2023-06-15T01:17:17+00:00
SAO_1017-10,São Paulo,3550308,True,,34909,,,-23.411244500000002,-46.757484000000005,,,,2,2023-06-15T01:17:00+00:00
SAO_1017-10,São Paulo,3550308,True,,34909,,,-23.487550499999998,-46.712489500000004,,,,2,2023-06-15T01:17:31+00:00
SAO_1017-10,São Paulo,3550308,True,,34909,,,-23.462889,-46.714138500000004,,,,2,2023-06-15T01:17:29+00:00
SAO_1017-10,São Paulo,3550308,True,,34909,,,-23.436998,-46.717544375,,,,2,2023-06-15T01:17:09+00:00
SAO_1017-10,São Paulo,3550308,True,,34909,,,-23.4607715,-46.715323,,,,2,2023-06-15T01:17:33+00:00
SAO_1017-10,São Paulo,3550308,True,,34909,,,-23.4102785,-46.750538750000004,,,,2,2023-06-15T01:17:10+00:00
SAO_1017-10,São Paulo,3550308,True,,34909,,,-23.4133795,-46.752835437499996,,,,2,2023-06-15T01:17:22+00:00
SAO_938V-10,São Paulo,3550308,True,STT,813,https://moovitapp.com/index/pt-br/transporte_p%C3%BAblico-line-813-Sao_Paulo-242-850661-183360-0,5.3,-23.4966025,-46.69781125,,,,1,2023-06-15T01:17:15+00:00
SAO_938V-10,São Paulo,3550308,True,STT,813,https://moovitapp.com/index/pt-br/transporte_p%C3%BAblico-line-813-Sao_Paulo-242-850661-183360-0,5.3,-23.452575000000003,-46.684833999999995,,,,1,2023-06-15T01:17:30+00:00
SAO_938V-10,São Paulo,3550308,True,STT,813,https://moovitapp.com/index/pt-br/transporte_p%C3%BAblico-line-813-Sao_Paulo-242-850661-183360-0,5.3,-23.528405499999998,-46.684611125,,,,1,2023-06-15T01:17:22+00:00
SAO_938V-10,São Paulo,3550308,True,STT,813,https://moovitapp.com/index/pt-br/transporte_p%C3%BAblico-line-813-Sao_Paulo-242-850661-183360-0,5.3,-23.450291,-46.685747500000005,,,,1,2023-06-15T01:17:09+00:00
SAO_938V-10,São Paulo,3550308,True,STT,813,https://moovitapp.com/index/pt-br/transporte_p%C3%BAblico-line-813-Sao_Paulo-242-850661-183360-0,5.3,-23.5276885,-46.6735945,,,,1,2023-06-15T01:17:16+00:00
SAO_938V-10,São Paulo,3550308,True,STT,813,https://moovitapp.com/index/pt-br/transporte_p%C3%BAblico-line-813-Sao_Paulo-242-850661-183360-0,5.3,-23.463386999999997,-46.6785445,,,,1,2023-06-15T01:17:16+00:00
SAO_938V-10,São Paulo,3550308,True,STT,813,https://moovitapp.com/index/pt-br/transporte_p%C3%BAblico-line-813-Sao_Paulo-242-850661-183360-0,5.3,-23.484766,-46.688537,,,,1,2023-06-15T01:17:03+00:00
SAO_938V-10,São Paulo,3550308,True,STT,813,https://moovitapp.com/index/pt-br/transporte_p%C3%BAblico-line-813-Sao_Paulo-242-850661-183360-0,5.3,-23.527382,-46.673319,,,,1,2023-06-15T01:17:23+00:00
SAO_938V-10,São Paulo,3550308,True,STT,813,https://moovitapp.com/index/pt-br/transporte_p%C3%BAblico-line-813-Sao_Paulo-242-850661-183360-0,5.3,-23.4887585,-46.693923,,,,1,2023-06-15T01:17:36+00:00
SAO_938V-10,São Paulo,3550308,True,STT,813,https://moovitapp.com/index/pt-br/transporte_p%C3%BAblico-line-813-Sao_Paulo-242-850661-183360-0,5.3,-23.530041875000002,-46.6819175,,,,1,2023-06-15T01:17:14+00:00
SAO_938V-10,São Paulo,3550308,True,STT,813,https://moovitapp.com/index/pt-br/transporte_p%C3%BAblico-line-813-Sao_Paulo-242-850661-183360-0,5.3,-23.463638500000002,-46.678621500000006,,,,1,2023-06-15T01:17:32+00:00
SAO_1720-10,São Paulo,3550308,True,,33631,,,-23.482158,-46.590494,,,,2,2023-06-15T01:17:14+00:00
SAO_1720-10,São Paulo,3550308,True,,33631,,,-23.482073999999997,-46.603697,,,,2,2023-06-15T01:17:11+00:00
SAO_1720-10,São Paulo,3550308,True,,33631,,,-23.479467749999998,-46.579054500000005,,,,2,2023-06-15T01:12:34+00:00
SAO_1720-10,São Paulo,3550308,True,,33631,,,-23.4835345,-46.584977249999994,,,,2,2023-06-15T01:17:29+00:00
SAO_1720-10,São Paulo,3550308,True,,33631,,,-23.4942895,-46.568806,,,,2,2023-06-15T01:17:22+00:00
SAO_1720-10,São Paulo,3550308,True,,33631,,,-23.463760999999998,-46.616621499999994,,,,2,2023-06-15T01:17:14+00:00
SAO_1720-10,São Paulo,3550308,True,,33631,,,-23.484215499999998,-46.565069,,,,2,2023-06-15T01:17:02+00:00
SAO_1720-10,São Paulo,3550308,True,,33631,,,-23.480738000000002,-46.603746,,,,2,2023-06-15T01:17:06+00:00
SAO_1720-10,São Paulo,3550308,True,,33631,,,-23.441626,-46.616757,,,,2,2023-06-15T00:38:47+00:00
SAO_1785-10,São Paulo,3550308,True,,1816,,,-23.4783895,-46.623251499999995,,,,1,2023-06-15T01:17:37+00:00
SAO_1785-10,São Paulo,3550308,True,,1816,,,-23.495586,-46.6240705,,,,1,2023-06-15T01:17:29+00:00
SAO_677Y-10,São Paulo,3550308,True,,34008,,,-23.64842525,-46.749457,,,,2,2023-06-15T01:17:18+00:00
SAO_677Y-10,São Paulo,3550308,True,,34008,,,-23.68357,-46.7894015,,,,2,2023-06-15T01:17:41+00:00
SAO_677Y-10,São Paulo,3550308,True,,34008,,,-23.6598085,-46.766954999999996,,,,2,2023-06-15T01:17:11+00:00
SAO_677Y-10,São Paulo,3550308,True,,34008,,,-23.656692999999997,-46.7636335,,,,2,2023-06-15T01:17:38+00:00
SAO_677Y-10,São Paulo,3550308,True,,34008,,,-23.689581,-46.794878499999996,,,,2,2023-06-15T01:17:05+00:00
SAO_677Y-10,São Paulo,3550308,True,,34008,,,-23.693731,-46.797508,,,,2,2023-06-15T01:16:55+00:00
SAO_677Y-10,São Paulo,3550308,True,,34008,,,-23.61833975,-46.699723875000004,,,,2,2023-06-15T01:17:39+00:00
SAO_847P-10,São Paulo,3550308,True,,423,,,-23.58538,-46.683055499999995,,,,1,2023-06-15T01:17:25+00:00
SAO_847P-10,São Paulo,3550308,True,,423,,,-23.519864499999997,-46.700969,,,,1,2023-06-15T01:17:29+00:00
SAO_847P-10,São Paulo,3550308,True,,423,,,-23.5745605,-46.688671,,,,1,2023-06-15T01:17:11+00:00
SAO_847P-10,São Paulo,3550308,True,,423,,,-23.4866745,-46.725972999999996,,,,1,2023-06-15T01:17:02+00:00
SAO_847P-10,São Paulo,3550308,True,,423,,,-23.595624625,-46.68554962500001,,,,1,2023-06-15T01:17:10+00:00
SAO_847P-10,São Paulo,3550308,True,,423,,,-23.59503875,-46.682021625000004,,,,1,2023-06-15T01:17:37+00:00
SAO_847P-10,São Paulo,3550308,True,,423,,,-23.587193625,-46.68243875,,,,1,2023-06-15T01:17:07+00:00
SAO_847P-10,São Paulo,3550308,True,,423,,,-23.541019249999998,-46.699289750000005,,,,1,2023-06-15T01:16:56+00:00
SAO_847P-10,São Paulo,3550308,True,,423,,,-23.590966125,-46.68138481249999,,,,1,2023-06-15T01:17:19+00:00
SAO_847P-10,São Paulo,3550308,True,,423,,,-23.486662000000003,-46.726361,,,,1,2023-06-15T01:17:17+00:00
SAO_847P-10,São Paulo,3550308,True,,423,,,-23.4849325,-46.7233555,,,,1,2023-06-15T01:17:28+00:00
SAO_695Y-10,São Paulo,3550308,True,,1198,,,-23.609559062499997,-46.667714375,,,,1,2023-06-15T01:17:14+00:00
SAO_695Y-10,São Paulo,3550308,True,,1198,,,-23.8283035,-46.727239999999995,,,,1,2023-06-15T01:17:09+00:00
SAO_695Y-10,São Paulo,3550308,True,,1198,,,-23.686279,-46.693618,,,,1,2023-06-15T01:17:17+00:00
SAO_695Y-10,São Paulo,3550308,True,,1198,,,-23.659577499999997,-46.697698,,,,1,2023-06-15T01:16:59+00:00
SAO_695Y-10,São Paulo,3550308,True,,1198,,,-23.716451499999998,-46.699146999999996,,,,1,2023-06-15T01:17:28+00:00
SAO_695Y-10,São Paulo,3550308,True,,1198,,,-23.63999525,-46.696571000000006,,,,1,2023-06-15T01:17:28+00:00
SAO_695Y-10,São Paulo,3550308,True,,1198,,,-23.589377499999998,-46.633944,,,,1,2023-06-15T01:17:36+00:00
SAO_695Y-10,São Paulo,3550308,True,,1198,,,-23.59659775,-46.64867662499999,,,,1,2023-06-15T01:17:31+00:00
SAO_695Y-10,São Paulo,3550308,True,,1198,,,-23.7767835,-46.723025500000006,,,,1,2023-06-15T01:16:56+00:00
SAO_5105-10,São Paulo,3550308,True,,1651,,,-23.5866,-46.598372,,,,1,2023-06-15T01:17:26+00:00
SAO_5105-10,São Paulo,3550308,True,,1651,,,-23.557588312500002,-46.61829387499999,,,,1,2023-06-15T01:17:38+00:00
SAO_8600-22,São Paulo,3550308,True,,34822,,,-23.542727499999998,-46.637761499999996,,,,2,2023-06-15T01:16:59+00:00
SAO_8600-22,São Paulo,3550308,True,,34822,,,-23.5432715,-46.6377405,,,,2,2023-06-15T01:17:02+00:00
SAO_1709-10,São Paulo,3550308,True,,33619,,,-23.479985,-46.603936000000004,,,,2,2023-06-15T01:17:02+00:00
SAO_1709-10,São Paulo,3550308,True,,33619,,,-23.479985,-46.603936000000004,,,,2,2023-06-15T01:17:36+00:00
SAO_1709-10,São Paulo,3550308,True,,33619,,,-23.4702785,-46.5980515,,,,2,2023-06-15T01:14:50+00:00
SAO_1709-10,São Paulo,3550308,True,,33619,,,-23.467356375,-46.597308625,,,,2,2023-06-15T01:17:33+00:00
SAO_1709-10,São Paulo,3550308,True,,33619,,,-23.479985,-46.603936000000004,,,,2,2023-06-15T01:12:20+00:00
SAO_1709-10,São Paulo,3550308,True,,33619,,,-23.445357,-46.593290999999994,,,,2,2023-06-15T01:17:13+00:00
SAO_1709-10,São Paulo,3550308,True,,33619,,,-23.44072075,-46.581562000000005,,,,2,2023-06-15T01:17:02+00:00
SAO_1709-10,São Paulo,3550308,True,,33619,,,-23.4765345,-46.6041345,,,,2,2023-06-15T01:17:13+00:00
SAO_1709-10,São Paulo,3550308,True,,33619,,,-23.464608499999997,-46.599997,,,,2,2023-06-15T01:16:55+00:00
SAO_1709-10,São Paulo,3550308,True,,33619,,,-23.469061,-46.5974275,,,,2,2023-06-15T01:17:02+00:00
SAO_1709-10,São Paulo,3550308,True,,33619,,,-23.461714,-46.60282599999999,,,,2,2023-06-15T01:16:04+00:00
SAO_1709-10,São Paulo,3550308,True,,33619,,,-23.440907,-46.5816925,,,,2,2023-06-15T01:17:15+00:00
SAO_8594-10,São Paulo,3550308,True,EMTU,432,https://moovitapp.com/index/pt-br/transporte_p%C3%BAblico-line-432-Sao_Paulo-242-2038937-36419486-0,4.8,-23.453236250000003,-46.737245,,,,1,2023-06-15T01:17:38+00:00
SAO_8594-10,São Paulo,3550308,True,EMTU,432,https://moovitapp.com/index/pt-br/transporte_p%C3%BAblico-line-432-Sao_Paulo-242-2038937-36419486-0,4.8,-23.473211750000004,-46.725556499999996,,,,1,2023-06-15T01:17:33+00:00
SAO_8594-10,São Paulo,3550308,True,EMTU,432,https://moovitapp.com/index/pt-br/transporte_p%C3%BAblico-line-432-Sao_Paulo-242-2038937-36419486-0,4.8,-23.447023,-46.725087,,,,1,2023-06-15T01:17:20+00:00
SAO_8594-10,São Paulo,3550308,True,EMTU,432,https://moovitapp.com/index/pt-br/transporte_p%C3%BAblico-line-432-Sao_Paulo-242-2038937-36419486-0,4.8,-23.451252,-46.745963,,,,1,2023-06-15T01:17:19+00:00
SAO_8594-10,São Paulo,3550308,True,EMTU,432,https://moovitapp.com/index/pt-br/transporte_p%C3%BAblico-line-432-Sao_Paulo-242-2038937-36419486-0,4.8,-23.5407225,-46.64493,,,,1,2023-06-15T01:17:05+00:00
SAO_8594-10,São Paulo,3550308,True,EMTU,432,https://moovitapp.com/index/pt-br/transporte_p%C3%BAblico-line-432-Sao_Paulo-242-2038937-36419486-0,4.8,-23.526304500000002,-46.6742105,,,,1,2023-06-15T01:17:40+00:00
SAO_4113-10,São Paulo,3550308,True,,768,,,-23.6024155,-46.612331,,,,1,2023-06-15T01:17:23+00:00
SAO_4113-10,São Paulo,3550308,True,,768,,,-23.58919625,-46.61045225,,,,1,2023-06-15T01:17:26+00:00
SAO_4113-10,São Paulo,3550308,True,,768,,,-23.575957875,-46.62345525,,,,1,2023-06-15T01:17:09+00:00
SAO_4113-10,São Paulo,3550308,True,,768,,,-23.596523374999997,-46.60975325,,,,1,2023-06-15T01:17:35+00:00
SAO_4113-10,São Paulo,3550308,True,,768,,,-23.58949475,-46.61041875,,,,1,2023-06-15T01:17:21+00:00
SAO_4113-10,São Paulo,3550308,True,,768,,,-23.60155975,-46.612840250000005,,,,1,2023-06-15T01:17:05+00:00
SAO_4113-10,São Paulo,3550308,True,,768,,,-23.60155975,-46.612840250000005,,,,1,2023-06-15T01:17:12+00:00
SAO_4113-10,São Paulo,3550308,True,,768,,,-23.581366,-46.6150035,,,,1,2023-06-15T01:17:01+00:00
SAO_4113-10,São Paulo,3550308,True,,768,,,-23.576887499999998,-46.61989525,,,,1,2023-06-15T01:17:14+00:00
SAO_4113-10,São Paulo,3550308,True,,768,,,-23.60155975,-46.612840250000005,,,,1,2023-06-15T01:17:31+00:00
SAO_4113-10,São Paulo,3550308,True,,768,,,-23.557492250000003,-46.63297925,,,,1,2023-06-15T01:17:23+00:00
SAO_4113-10,São Paulo,3550308,True,,768,,,-23.60181325,-46.61281475,,,,1,2023-06-15T01:17:22+00:00
SAO_8538-10,São Paulo,3550308,True,,1359,,,-23.50709825,-46.67171075,,,,1,2023-06-15T01:17:00+00:00
SAO_748A-41,São Paulo,3550308,True,,33267,,,-23.5966235,-46.7616345,,,,2,2023-06-15T01:17:04+00:00
SAO_748A-41,São Paulo,3550308,True,,33267,,,-23.558222999999998,-46.747820000000004,,,,2,2023-06-15T01:17:40+00:00
SAO_748A-41,São Paulo,3550308,True,,33267,,,-23.597096,-46.7681435,,,,2,2023-06-15T01:17:35+00:00
SAO_6475-10,São Paulo,3550308,True,,34085,,,-23.670193249999997,-46.7653705,,,,2,2023-06-15T01:17:25+00:00
SAO_6475-10,São Paulo,3550308,True,,34085,,,-23.58045625,-46.679579000000004,,,,2,2023-06-15T01:17:28+00:00
SAO_6475-10,São Paulo,3550308,True,,34085,,,-23.662800500000003,-46.769311,,,,2,2023-06-15T01:17:15+00:00
SAO_6475-10,São Paulo,3550308,True,,34085,,,-23.637290625,-46.723592499999995,,,,2,2023-06-15T01:17:12+00:00
SAO_6475-10,São Paulo,3550308,True,,34085,,,-23.6559915,-46.762865500000004,,,,2,2023-06-15T01:16:30+00:00
SAO_6475-10,São Paulo,3550308,True,,34085,,,-23.616024,-46.701516,,,,2,2023-06-15T01:17:29+00:00
SAO_4314-10,São Paulo,3550308,True,,2174,,,-23.552465249999997,-46.61710575,,,,1,2023-06-15T01:17:11+00:00
SAO_4314-10,São Paulo,3550308,True,,2174,,,-23.536211,-46.547247,,,,1,2023-06-15T01:17:36+00:00
SAO_4314-10,São Paulo,3550308,True,,2174,,,-23.564294500000003,-46.414345,,,,1,2023-06-15T01:17:21+00:00
SAO_4314-10,São Paulo,3550308,True,,2174,,,-23.553903,-46.488510500000004,,,,1,2023-06-15T01:17:07+00:00
SAO_4314-10,São Paulo,3550308,True,,2174,,,-23.5546975,-46.423931749999994,,,,1,2023-06-15T01:15:55+00:00
SAO_3795-10,São Paulo,3550308,True,,1073,,,-23.56022275,-46.4351255,,,,1,2023-06-15T01:10:54+00:00
SAO_8060-10,São Paulo,3550308,True,EMTU,418,https://moovitapp.com/index/pt-br/transporte_p%C3%BAblico-line-418-Sao_Paulo-242-2038937-36419475-0,6.55,-23.5247235,-46.73667875,,,,1,2023-06-15T01:17:08+00:00
SAO_8060-10,São Paulo,3550308,True,EMTU,418,https://moovitapp.com/index/pt-br/transporte_p%C3%BAblico-line-418-Sao_Paulo-242-2038937-36419475-0,6.55,-23.504039249999998,-46.758019000000004,,,,1,2023-06-15T01:17:23+00:00
SAO_3785-10,São Paulo,3550308,True,,33831,,,-23.595458999999998,-46.44516350000001,,,,2,2023-06-15T01:17:38+00:00
SAO_3785-10,São Paulo,3550308,True,,33831,,,-23.5820385,-46.415217999999996,,,,2,2023-06-15T01:17:13+00:00
SAO_3785-10,São Paulo,3550308,True,,33831,,,-23.5948155,-46.427567624999995,,,,2,2023-06-15T01:17:14+00:00
SAO_3785-10,São Paulo,3550308,True,,33831,,,-23.556459625000002,-46.448355,,,,2,2023-06-15T01:17:08+00:00
SAO_3785-10,São Paulo,3550308,True,,33831,,,-23.595598000000003,-46.433959,,,,2,2023-06-15T01:17:12+00:00
SAO_3785-10,São Paulo,3550308,True,,33831,,,-23.584844750000002,-46.4429035,,,,2,2023-06-15T01:17:38+00:00
SAO_3785-10,São Paulo,3550308,True,,33831,,,-23.5830225,-46.4086875,,,,2,2023-06-15T01:17:23+00:00
SAO_2721-10,São Paulo,3550308,True,,934,,,-23.5084425,-46.40723,,,,1,2023-06-15T01:17:27+00:00
SAO_2721-10,São Paulo,3550308,True,,934,,,-23.54223,-46.4724785,,,,1,2023-06-15T01:17:23+00:00
SAO_2721-10,São Paulo,3550308,True,,934,,,-23.496972999999997,-46.44163775,,,,1,2023-06-15T01:17:00+00:00
SAO_2721-10,São Paulo,3550308,True,,934,,,-23.505139125,-46.439634999999996,,,,1,2023-06-15T01:15:40+00:00
SAO_2721-10,São Paulo,3550308,True,,934,,,-23.526386,-46.4459665,,,,1,2023-06-15T01:17:19+00:00
SAO_2721-10,São Paulo,3550308,True,,934,,,-23.4909655,-46.442477499999995,,,,1,2023-06-15T01:17:01+00:00
SAO_2721-10,São Paulo,3550308,True,,934,,,-23.536724999999997,-46.4554755,,,,1,2023-06-15T01:17:29+00:00
SAO_2721-10,São Paulo,3550308,True,,934,,,-23.531095625,-46.453025000000004,,,,1,2023-06-15T01:17:27+00:00
SAO_2721-10,São Paulo,3550308,True,,934,,,-23.521879,-46.40828275,,,,1,2023-06-15T01:17:06+00:00
SAO_6052-10,São Paulo,3550308,True,,1144,,,-23.774023375,-46.705367,,,,1,2023-06-15T01:16:59+00:00
SAO_6052-10,São Paulo,3550308,True,,1144,,,-23.770372000000002,-46.6952445,,,,1,2023-06-15T01:17:04+00:00
SAO_6052-10,São Paulo,3550308,True,,1144,,,-23.775509999999997,-46.691679,,,,1,2023-06-15T01:17:24+00:00
SAO_6052-10,São Paulo,3550308,True,,1144,,,-23.7677755,-46.716359499999996,,,,1,2023-06-15T01:17:08+00:00
SAO_3008-10,São Paulo,3550308,True,,35283,,,-23.494205,-46.401126000000005,,,,2,2023-06-15T01:16:57+00:00
SAO_3008-10,São Paulo,3550308,True,,35283,,,-23.513523,-46.395977,,,,2,2023-06-15T01:16:51+00:00
SAO_3008-10,São Paulo,3550308,True,,35283,,,-23.498171499999998,-46.401257,,,,2,2023-06-15T01:15:34+00:00
SAO_3008-10,São Paulo,3550308,True,,35283,,,-23.5149385,-46.395832999999996,,,,2,2023-06-15T01:17:30+00:00
SAO_3008-10,São Paulo,3550308,True,,35283,,,-23.521555,-46.394975,,,,2,2023-06-15T01:17:09+00:00
SAO_3008-10,São Paulo,3550308,True,,35283,,,-23.52384875,-46.39582775,,,,2,2023-06-15T01:17:00+00:00
SAO_3006-10,São Paulo,3550308,True,,1865,,,-23.541988,-46.4152385,,,,1,2023-06-15T01:17:24+00:00
SAO_3006-10,São Paulo,3550308,True,,1865,,,-23.548099999999998,-46.389815,,,,1,2023-06-15T01:17:39+00:00
SAO_8544-10,São Paulo,3550308,True,EMTU,430,https://moovitapp.com/index/pt-br/transporte_p%C3%BAblico-line-430-Sao_Paulo-242-2038937-36584270-0,5.2,-23.532355125000002,-46.6455225,,,,1,2023-06-15T01:17:22+00:00
SAO_8544-10,São Paulo,3550308,True,EMTU,430,https://moovitapp.com/index/pt-br/transporte_p%C3%BAblico-line-430-Sao_Paulo-242-2038937-36584270-0,5.2,-23.439199000000002,-46.7476485,,,,1,2023-06-15T01:17:05+00:00
SAO_8544-10,São Paulo,3550308,True,EMTU,430,https://moovitapp.com/index/pt-br/transporte_p%C3%BAblico-line-430-Sao_Paulo-242-2038937-36584270-0,5.2,-23.4337315,-46.751121,,,,1,2023-06-15T01:17:22+00:00
SAO_6053-10,São Paulo,3550308,True,,33913,,,-23.7684675,-46.6615645,,,,2,2023-06-15T01:17:05+00:00
SAO_6053-10,São Paulo,3550308,True,,33913,,,-23.7504855,-46.688162500000004,,,,2,2023-06-15T01:17:29+00:00
SAO_6053-10,São Paulo,3550308,True,,33913,,,-23.7657425,-46.670283,,,,2,2023-06-15T01:17:04+00:00
SAO_637P-10,São Paulo,3550308,True,,32815,,,-23.566628,-46.701685499999996,,,,2,2023-06-15T01:16:59+00:00
SAO_637P-10,São Paulo,3550308,True,,32815,,,-23.62351475,-46.685408,,,,2,2023-06-15T01:17:30+00:00
SAO_637P-10,São Paulo,3550308,True,,32815,,,-23.6043425,-46.6750015,,,,2,2023-06-15T01:17:28+00:00
SAO_637P-10,São Paulo,3550308,True,,32815,,,-23.583665125,-46.677761625,,,,2,2023-06-15T01:17:12+00:00
SAO_637P-10,São Paulo,3550308,True,,32815,,,-23.58769125,-46.67168025,,,,2,2023-06-15T01:17:38+00:00
SAO_637P-10,São Paulo,3550308,True,,32815,,,-23.5861565,-46.672830000000005,,,,2,2023-06-15T01:17:01+00:00
SAO_637P-10,São Paulo,3550308,True,,32815,,,-23.59240175,-46.6728285,,,,2,2023-06-15T01:17:36+00:00
SAO_637P-10,São Paulo,3550308,True,,32815,,,-23.653856875,-46.71128025,,,,2,2023-06-15T01:16:58+00:00
SAO_637P-10,São Paulo,3550308,True,,32815,,,-23.644267,-46.701417125000006,,,,2,2023-06-15T01:17:19+00:00
SAO_637P-10,São Paulo,3550308,True,,32815,,,-23.580095999999998,-46.685331500000004,,,,2,2023-06-15T01:17:33+00:00
SAO_637P-10,São Paulo,3550308,True,,32815,,,-23.567612,-46.6964465,,,,2,2023-06-15T01:17:15+00:00
SAO_407J-10,São Paulo,3550308,True,,34966,,,-23.557147,-46.4726745,,,,2,2023-06-15T01:17:11+00:00
SAO_407J-10,São Paulo,3550308,True,,34966,,,-23.541229,-46.5766665,,,,2,2023-06-15T01:17:40+00:00
SAO_407J-10,São Paulo,3550308,True,,34966,,,-23.579377,-46.4817605,,,,2,2023-06-15T01:16:54+00:00
SAO_407J-10,São Paulo,3550308,True,,34966,,,-23.5426185,-46.416027,,,,2,2023-06-15T01:17:14+00:00
SAO_407J-10,São Paulo,3550308,True,,34966,,,-23.543201125,-46.423678875,,,,2,2023-06-15T01:17:09+00:00
SAO_407J-10,São Paulo,3550308,True,,34966,,,-23.574072,-46.50512525,,,,2,2023-06-15T01:17:26+00:00
SAO_407J-10,São Paulo,3550308,True,,34966,,,-23.5412515,-46.5767645,,,,2,2023-06-15T01:17:38+00:00
SAO_407J-10,São Paulo,3550308,True,,34966,,,-23.55215925,-46.52953775,,,,2,2023-06-15T01:17:04+00:00
SAO_407J-10,São Paulo,3550308,True,,34966,,,-23.53124375,-46.445772375000004,,,,2,2023-06-15T01:16:27+00:00
SAO_407J-10,São Paulo,3550308,True,,34966,,,-23.55668825,-46.47069125,,,,2,2023-06-15T01:17:28+00:00
SAO_407J-10,São Paulo,3550308,True,,34966,,,-23.534772750000002,-46.451460999999995,,,,2,2023-06-15T01:17:15+00:00
SAO_407J-10,São Paulo,3550308,True,,34966,,,-23.55198775,-46.529923249999996,,,,2,2023-06-15T01:17:23+00:00
SAO_407J-10,São Paulo,3550308,True,,34966,,,-23.57873875,-46.481561875,,,,2,2023-06-15T01:17:26+00:00
SAO_407J-10,São Paulo,3550308,True,,34966,,,-23.5520715,-46.46436,,,,2,2023-06-15T01:17:18+00:00
SAO_407J-10,São Paulo,3550308,True,,34966,,,-23.5451565,-46.569291500000006,,,,2,2023-06-15T01:17:03+00:00
SAO_407J-10,São Paulo,3550308,True,,34966,,,-23.5426185,-46.416027,,,,2,2023-06-15T01:15:27+00:00
SAO_7060-10,São Paulo,3550308,True,,34657,,,-23.6326575,-46.772532,,,,2,2023-06-15T01:17:18+00:00
SAO_7060-10,São Paulo,3550308,True,,34657,,,-23.66162,-46.7787955,,,,2,2023-06-15T01:17:03+00:00
SAO_7055-10,São Paulo,3550308,True,,34656,,,-23.681700999999997,-46.7867235,,,,2,2023-06-15T01:17:33+00:00
SAO_7055-10,São Paulo,3550308,True,,34656,,,-23.6921555,-46.7909265,,,,2,2023-06-15T01:16:58+00:00
SAO_7055-10,São Paulo,3550308,True,,34656,,,-23.65279,-46.778128499999994,,,,2,2023-06-15T01:17:03+00:00
SAO_7055-10,São Paulo,3550308,True,,34656,,,-23.6923765,-46.7911055,,,,2,2023-06-15T01:17:00+00:00
SAO_7055-10,São Paulo,3550308,True,,34656,,,-23.660277999999998,-46.768888000000004,,,,2,2023-06-15T01:17:06+00:00
SAO_7055-10,São Paulo,3550308,True,,34656,,,-23.633889500000002,-46.7741105,,,,2,2023-06-15T01:17:36+00:00
SAO_7055-10,São Paulo,3550308,True,,34656,,,-23.670794,-46.772879,,,,2,2023-06-15T01:17:16+00:00
SAO_7055-10,São Paulo,3550308,True,,34656,,,-23.671551,-46.7731875,,,,2,2023-06-15T01:17:15+00:00
SAO_7055-10,São Paulo,3550308,True,,34656,,,-23.631028999999998,-46.7731495,,,,2,2023-06-15T01:17:04+00:00
SAO_874T-10,São Paulo,3550308,True,EMTU,307,https://moovitapp.com/index/pt-br/transporte_p%C3%BAblico-line-307-Sao_Paulo-242-2038937-36419399-0,5.2,-23.5191865,-46.707478,,,,1,2023-06-15T01:17:29+00:00
SAO_874T-10,São Paulo,3550308,True,EMTU,307,https://moovitapp.com/index/pt-br/transporte_p%C3%BAblico-line-307-Sao_Paulo-242-2038937-36419399-0,5.2,-23.559906624999996,-46.6581005,,,,1,2023-06-15T01:17:32+00:00
SAO_874T-10,São Paulo,3550308,True,EMTU,307,https://moovitapp.com/index/pt-br/transporte_p%C3%BAblico-line-307-Sao_Paulo-242-2038937-36419399-0,5.2,-23.583332,-46.627576749999996,,,,1,2023-06-15T01:17:13+00:00
SAO_874T-10,São Paulo,3550308,True,EMTU,307,https://moovitapp.com/index/pt-br/transporte_p%C3%BAblico-line-307-Sao_Paulo-242-2038937-36419399-0,5.2,-23.5327810625,-46.669097875,,,,1,2023-06-15T01:17:17+00:00
SAO_6044-10,São Paulo,3550308,True,,33989,,,-23.6603565,-46.7770965,,,,2,2023-06-15T01:17:20+00:00
SAO_6044-10,São Paulo,3550308,True,,33989,,,-23.6438595,-46.731730999999996,,,,2,2023-06-15T01:17:13+00:00
SAO_6044-10,São Paulo,3550308,True,,33989,,,-23.6550665,-46.7610545,,,,2,2023-06-15T01:17:14+00:00
SAO_6044-10,São Paulo,3550308,True,,33989,,,-23.650330500000003,-46.708101,,,,2,2023-06-15T01:17:14+00:00
SAO_6044-10,São Paulo,3550308,True,,33989,,,-23.674988,-46.79714975,,,,2,2023-06-15T01:17:38+00:00
SAO_6044-10,São Paulo,3550308,True,,33989,,,-23.641754125,-46.714228125000005,,,,2,2023-06-15T01:17:38+00:00
SAO_6044-10,São Paulo,3550308,True,,33989,,,-23.676271,-46.792041,,,,2,2023-06-15T01:17:34+00:00
SAO_6044-10,São Paulo,3550308,True,,33989,,,-23.65826975,-46.76510825,,,,2,2023-06-15T01:17:37+00:00
SAO_6044-10,São Paulo,3550308,True,,33989,,,-23.6559925,-46.76256875,,,,2,2023-06-15T01:17:14+00:00
SAO_2029-10,São Paulo,3550308,True,,35038,,,-23.4308,-46.5751545,,,,2,2023-06-15T01:16:59+00:00
SAO_2029-10,São Paulo,3550308,True,,35038,,,-23.466518625,-46.597228375,,,,2,2023-06-15T01:17:28+00:00
SAO_2029-10,São Paulo,3550308,True,,35038,,,-23.479108749999998,-46.6055815,,,,2,2023-06-15T01:17:32+00:00
SAO_2029-10,São Paulo,3550308,True,,35038,,,-23.4308,-46.5751545,,,,2,2023-06-15T01:16:59+00:00
SAO_2029-10,São Paulo,3550308,True,,35038,,,-23.4458615,-46.589753,,,,2,2023-06-15T01:17:35+00:00
SAO_5024-31,São Paulo,3550308,True,,1123,,,-23.693528,-46.653060499999995,,,,1,2023-06-15T01:14:03+00:00
SAO_5024-31,São Paulo,3550308,True,,1123,,,-23.691078500000003,-46.67552525,,,,1,2023-06-15T01:17:33+00:00
SAO_5024-31,São Paulo,3550308,True,,1123,,,-23.690661,-46.673531,,,,1,2023-06-15T01:17:33+00:00
SAO_8026-10,São Paulo,3550308,True,,2083,,,-23.6239435,-46.749432999999996,,,,1,2023-06-15T01:16:02+00:00
SAO_8026-10,São Paulo,3550308,True,,2083,,,-23.592765,-46.735299749999996,,,,1,2023-06-15T01:17:15+00:00
SAO_8026-10,São Paulo,3550308,True,,2083,,,-23.592912375,-46.736917125000005,,,,1,2023-06-15T01:17:17+00:00
SAO_8026-10,São Paulo,3550308,True,,2083,,,-23.611385,-46.74154299999999,,,,1,2023-06-15T01:16:54+00:00
SAO_2523-10,São Paulo,3550308,True,,33018,,,-23.521850999999998,-46.4244515,,,,2,2023-06-15T01:17:31+00:00
SAO_2523-10,São Paulo,3550308,True,,33018,,,-23.5163255,-46.4359195,,,,2,2023-06-15T01:16:53+00:00
SAO_2523-10,São Paulo,3550308,True,,33018,,,-23.521733,-46.424921499999996,,,,2,2023-06-15T01:17:31+00:00
SAO_2523-10,São Paulo,3550308,True,,33018,,,-23.5182095,-46.475659,,,,2,2023-06-15T01:17:01+00:00
SAO_2523-10,São Paulo,3550308,True,,33018,,,-23.521767500000003,-46.4247855,,,,2,2023-06-15T01:16:59+00:00
SAO_6960-21,São Paulo,3550308,True,,1810,,,-23.76714475,-46.71695750000001,,,,1,2023-06-15T01:17:28+00:00
SAO_2522-10,São Paulo,3550308,True,,32908,,,-23.5294375,-46.451582125,,,,2,2023-06-15T01:17:17+00:00
SAO_2522-10,São Paulo,3550308,True,,32908,,,-23.516506,-46.426846749999996,,,,2,2023-06-15T01:17:17+00:00
SAO_4024-10,São Paulo,3550308,True,,2158,,,-23.55311225,-46.44498575,,,,1,2023-06-15T01:16:52+00:00
SAO_4024-10,São Paulo,3550308,True,,2158,,,-23.567259875,-46.421143625,,,,1,2023-06-15T01:17:00+00:00
SAO_4724-10,São Paulo,3550308,True,,34828,,,-23.5311655,-46.503547,,,,2,2023-06-15T01:17:14+00:00
SAO_4724-10,São Paulo,3550308,True,,34828,,,-23.530963,-46.502753,,,,2,2023-06-15T01:17:24+00:00
SAO_546T-10,São Paulo,3550308,True,,33040,,,-23.673482,-46.686518,,,,2,2023-06-15T01:17:30+00:00
SAO_546T-10,São Paulo,3550308,True,,33040,,,-23.692204500000003,-46.663799749999995,,,,2,2023-06-15T01:16:57+00:00
SAO_546T-10,São Paulo,3550308,True,,33040,,,-23.696001,-46.66804175,,,,2,2023-06-15T01:17:18+00:00
SAO_546T-10,São Paulo,3550308,True,,33040,,,-23.65610775,-46.701289,,,,2,2023-06-15T01:17:25+00:00
SAO_546T-10,São Paulo,3550308,True,,33040,,,-23.701839749999998,-46.635155000000005,,,,2,2023-06-15T01:17:33+00:00
SAO_546T-10,São Paulo,3550308,True,,33040,,,-23.693526,-46.677879000000004,,,,2,2023-06-15T01:17:19+00:00
SAO_546T-10,São Paulo,3550308,True,,33040,,,-23.661956500000002,-46.693298,,,,2,2023-06-15T01:17:04+00:00
SAO_546T-10,São Paulo,3550308,True,,33040,,,-23.6541455,-46.709371000000004,,,,2,2023-06-15T01:17:27+00:00
SAO_546T-10,São Paulo,3550308,True,,33040,,,-23.699143499999998,-46.647383000000005,,,,2,2023-06-15T01:16:58+00:00
SAO_546T-10,São Paulo,3550308,True,,33040,,,-23.704088499999997,-46.6266995,,,,2,2023-06-15T01:17:27+00:00
SAO_546T-10,São Paulo,3550308,True,,33040,,,-23.702285250000003,-46.627648125,,,,2,2023-06-15T01:16:17+00:00
SAO_546T-10,São Paulo,3550308,True,,33040,,,-23.6543535,-46.701634625,,,,2,2023-06-15T01:17:19+00:00
SAO_546T-10,São Paulo,3550308,True,,33040,,,-23.702670750000003,-46.628278875,,,,2,2023-06-15T01:17:31+00:00
SAO_5370-10,São Paulo,3550308,True,,34210,,,-23.7496505,-46.7097925,,,,2,2023-06-15T01:16:52+00:00
SAO_5370-10,São Paulo,3550308,True,,34210,,,-23.6216535,-46.679291000000006,,,,2,2023-06-15T01:17:23+00:00
SAO_5370-10,São Paulo,3550308,True,,34210,,,-23.64864325,-46.70446325,,,,2,2023-06-15T01:17:19+00:00
SAO_5370-10,São Paulo,3550308,True,,34210,,,-23.65257425,-46.70175025,,,,2,2023-06-15T01:17:30+00:00
SAO_5370-10,São Paulo,3550308,True,,34210,,,-23.677031125,-46.70759425,,,,2,2023-06-15T01:16:13+00:00
SAO_5370-10,São Paulo,3550308,True,,34210,,,-23.64756325,-46.70371025,,,,2,2023-06-15T01:17:15+00:00
SAO_5370-10,São Paulo,3550308,True,,34210,,,-23.677031125,-46.70759425,,,,2,2023-06-15T01:17:25+00:00
SAO_5370-10,São Paulo,3550308,True,,34210,,,-23.650246250000002,-46.705337,,,,2,2023-06-15T01:17:27+00:00
SAO_5370-10,São Paulo,3550308,True,,34210,,,-23.713037999999997,-46.698539999999994,,,,2,2023-06-15T01:15:13+00:00
SAO_5370-10,São Paulo,3550308,True,,34210,,,-23.574672,-46.641337,,,,2,2023-06-15T01:17:38+00:00
SAO_5370-10,São Paulo,3550308,True,,34210,,,-23.665841999999998,-46.7124065,,,,2,2023-06-15T01:17:19+00:00
SAO_3787-10,São Paulo,3550308,True,,34380,,,-23.542998,-46.4711105,,,,2,2023-06-15T01:17:06+00:00
SAO_3787-10,São Paulo,3550308,True,,34380,,,-23.587881,-46.409731,,,,2,2023-06-15T01:17:06+00:00
SAO_3787-10,São Paulo,3550308,True,,34380,,,-23.595294,-46.43306825,,,,2,2023-06-15T01:17:30+00:00
SAO_3787-10,São Paulo,3550308,True,,34380,,,-23.584630250000004,-46.4427905,,,,2,2023-06-15T01:17:07+00:00
SAO_3787-10,São Paulo,3550308,True,,34380,,,-23.5564045,-46.4495915,,,,2,2023-06-15T01:17:16+00:00
SAO_5142-10,São Paulo,3550308,True,,1626,,,-23.6140135,-46.501264500000005,,,,1,2023-06-15T01:17:38+00:00
SAO_5142-10,São Paulo,3550308,True,,1626,,,-23.584921,-46.58737475,,,,1,2023-06-15T01:15:08+00:00
SAO_5142-10,São Paulo,3550308,True,,1626,,,-23.581944749999998,-46.59000575,,,,1,2023-06-15T01:17:37+00:00
SAO_5142-10,São Paulo,3550308,True,,1626,,,-23.5577185,-46.62682125,,,,1,2023-06-15T01:17:00+00:00
SAO_5142-10,São Paulo,3550308,True,,1626,,,-23.60566225,-46.51238325,,,,1,2023-06-15T01:17:22+00:00
SAO_5142-10,São Paulo,3550308,True,,1626,,,-23.600135,-46.537366,,,,1,2023-06-15T01:16:55+00:00
SAO_3112-10,São Paulo,3550308,True,,33848,,,-23.552926874999997,-46.597066375,,,,2,2023-06-15T01:17:21+00:00
SAO_3112-10,São Paulo,3550308,True,,33848,,,-23.57795575,-46.575274500000006,,,,2,2023-06-15T01:17:14+00:00
SAO_3112-10,São Paulo,3550308,True,,33848,,,-23.588361499999998,-46.5436915,,,,2,2023-06-15T01:17:34+00:00
SAO_3112-10,São Paulo,3550308,True,,33848,,,-23.542390374999997,-46.5910035,,,,2,2023-06-15T01:17:36+00:00
SAO_3112-10,São Paulo,3550308,True,,33848,,,-23.582125,-46.5516885,,,,2,2023-06-15T01:17:07+00:00
SAO_3112-10,São Paulo,3550308,True,,33848,,,-23.610093499999998,-46.5294835,,,,2,2023-06-15T01:17:39+00:00
SAO_3112-10,São Paulo,3550308,True,,33848,,,-23.581540250000003,-46.55393675,,,,2,2023-06-15T01:17:09+00:00
SAO_3112-10,São Paulo,3550308,True,,33848,,,-23.579641,-46.586913499999994,,,,2,2023-06-15T01:17:04+00:00
SAO_3112-10,São Paulo,3550308,True,,33848,,,-23.6051345,-46.5275435,,,,2,2023-06-15T01:16:04+00:00
SAO_3025-10,São Paulo,3550308,True,,33729,,,-23.545553499999997,-46.411281,,,,2,2023-06-15T01:17:37+00:00
SAO_3025-10,São Paulo,3550308,True,,33729,,,-23.5536585,-46.413514500000005,,,,2,2023-06-15T01:17:10+00:00
SAO_3025-10,São Paulo,3550308,True,,33729,,,-23.56914975,-46.4064345,,,,2,2023-06-15T01:16:58+00:00
SAO_3025-10,São Paulo,3550308,True,,33729,,,-23.5770275,-46.397946000000005,,,,2,2023-06-15T01:17:30+00:00
SAO_3025-10,São Paulo,3550308,True,,33729,,,-23.573131375000003,-46.3946085,,,,2,2023-06-15T01:17:19+00:00
SAO_3025-10,São Paulo,3550308,True,,33729,,,-23.577849999999998,-46.3980125,,,,2,2023-06-15T01:17:37+00:00
SAO_6422-10,São Paulo,3550308,True,EMTU,361,https://moovitapp.com/index/pt-br/transporte_p%C3%BAblico-line-361-Sao_Paulo-242-2038937-36419442-0,7.9,-23.594559125,-46.67292775,,,,1,2023-06-15T01:17:15+00:00
SAO_6422-10,São Paulo,3550308,True,EMTU,361,https://moovitapp.com/index/pt-br/transporte_p%C3%BAblico-line-361-Sao_Paulo-242-2038937-36419442-0,7.9,-23.641443000000002,-46.717309,,,,1,2023-06-15T01:16:59+00:00
SAO_6422-10,São Paulo,3550308,True,EMTU,361,https://moovitapp.com/index/pt-br/transporte_p%C3%BAblico-line-361-Sao_Paulo-242-2038937-36419442-0,7.9,-23.573410250000002,-46.6661795,,,,1,2023-06-15T01:17:16+00:00
SAO_271F-10,São Paulo,3550308,True,,33451,,,-23.517652,-46.6164195,,,,2,2023-06-15T01:17:16+00:00
SAO_271F-10,São Paulo,3550308,True,,33451,,,-23.54076025,-46.61705775,,,,2,2023-06-15T01:15:32+00:00
SAO_271F-10,São Paulo,3550308,True,,33451,,,-23.5174605,-46.6164065,,,,2,2023-06-15T01:15:55+00:00
SAO_271F-10,São Paulo,3550308,True,,33451,,,-23.5170495,-46.6163615,,,,2,2023-06-15T01:17:35+00:00
SAO_271F-10,São Paulo,3550308,True,,33451,,,-23.53906475,-46.6071805,,,,2,2023-06-15T01:17:37+00:00
SAO_271F-10,São Paulo,3550308,True,,33451,,,-23.516676500000003,-46.6163205,,,,2,2023-06-15T01:17:19+00:00
SAO_172U-10,São Paulo,3550308,True,,33628,,,-23.485959,-46.616648749999996,,,,2,2023-06-15T01:17:31+00:00
SAO_172U-10,São Paulo,3550308,True,,33628,,,-23.489045,-46.624126000000004,,,,2,2023-06-15T01:17:17+00:00
SAO_172U-10,São Paulo,3550308,True,,33628,,,-23.56542375,-46.58911525,,,,2,2023-06-15T01:17:33+00:00
SAO_172U-10,São Paulo,3550308,True,,33628,,,-23.441848999999998,-46.588781499999996,,,,2,2023-06-15T01:17:31+00:00
SAO_172U-10,São Paulo,3550308,True,,33628,,,-23.5736215,-46.58066475,,,,2,2023-06-15T01:17:01+00:00
SAO_172U-10,São Paulo,3550308,True,,33628,,,-23.4452475,-46.5899275,,,,2,2023-06-15T01:17:29+00:00
SAO_172U-10,São Paulo,3550308,True,,33628,,,-23.446809000000002,-46.5898955,,,,2,2023-06-15T01:17:36+00:00
SAO_172U-10,São Paulo,3550308,True,,33628,,,-23.436823500000003,-46.566249,,,,2,2023-06-15T01:17:20+00:00
SAO_172U-10,São Paulo,3550308,True,,33628,,,-23.467872500000002,-46.59734525,,,,2,2023-06-15T01:17:24+00:00
SAO_172U-10,São Paulo,3550308,True,,33628,,,-23.43716675,-46.56625975,,,,2,2023-06-15T01:17:29+00:00
SAO_172U-10,São Paulo,3550308,True,,33628,,,-23.45636925,-46.592832,,,,2,2023-06-15T01:17:01+00:00
SAO_172U-10,São Paulo,3550308,True,,33628,,,-23.504861374999997,-46.624694625000004,,,,2,2023-06-15T01:17:16+00:00
SAO_172U-10,São Paulo,3550308,True,,33628,,,-23.541868625,-46.616257250000004,,,,2,2023-06-15T01:17:33+00:00
SAO_809U-21,São Paulo,3550308,True,,2307,,,-23.528301624999997,-46.683682624999996,,,,1,2023-06-15T01:17:31+00:00
SAO_809U-21,São Paulo,3550308,True,,2307,,,-23.54645025,-46.690705,,,,1,2023-06-15T01:17:30+00:00
SAO_809U-21,São Paulo,3550308,True,,2307,,,-23.538082250000002,-46.69064675,,,,1,2023-06-15T01:17:06+00:00
SAO_809U-21,São Paulo,3550308,True,,2307,,,-23.534547250000003,-46.688149625,,,,1,2023-06-15T01:17:01+00:00
SAO_8015-10,São Paulo,3550308,True,,34113,,,-23.457661,-46.7146355,,,,2,2023-06-15T01:17:34+00:00
SAO_8015-10,São Paulo,3550308,True,,34113,,,-23.400585999999997,-46.751718,,,,2,2023-06-15T01:17:36+00:00
SAO_8015-10,São Paulo,3550308,True,,34113,,,-23.431948499999997,-46.720337,,,,2,2023-06-15T01:17:15+00:00
SAO_8015-10,São Paulo,3550308,True,,34113,,,-23.388817000000003,-46.7351745,,,,2,2023-06-15T01:17:00+00:00
SAO_8015-10,São Paulo,3550308,True,,34113,,,-23.484783,-46.723133,,,,2,2023-06-15T01:17:39+00:00
SAO_8015-10,São Paulo,3550308,True,,34113,,,-23.4178375,-46.7315265,,,,2,2023-06-15T01:16:59+00:00
SAO_8015-10,São Paulo,3550308,True,,34113,,,-23.3890515,-46.734941,,,,2,2023-06-15T01:17:16+00:00
SAO_5317-10,São Paulo,3550308,True,,32837,,,-23.58114725,-46.6574995,,,,2,2023-06-15T01:14:25+00:00
SAO_5317-10,São Paulo,3550308,True,,32837,,,-23.551625,-46.637268500000005,,,,2,2023-06-15T01:17:08+00:00
SAO_5317-10,São Paulo,3550308,True,,32837,,,-23.60476975,-46.663418500000006,,,,2,2023-06-15T01:17:08+00:00
SAO_5317-10,São Paulo,3550308,True,,32837,,,-23.6499865,-46.705413500000006,,,,2,2023-06-15T01:17:14+00:00
SAO_5317-10,São Paulo,3550308,True,,32837,,,-23.65156975,-46.703075999999996,,,,2,2023-06-15T01:17:14+00:00
SAO_5317-10,São Paulo,3550308,True,,32837,,,-23.713659749999998,-46.68957625,,,,2,2023-06-15T01:17:39+00:00
SAO_6080-10,São Paulo,3550308,True,,33936,,,-23.750571,-46.6881895,,,,2,2023-06-15T01:17:22+00:00
SAO_6080-10,São Paulo,3550308,True,,33936,,,-23.705064,-46.702547499999994,,,,2,2023-06-15T01:17:11+00:00
SAO_6080-10,São Paulo,3550308,True,,33936,,,-23.692994,-46.698670500000006,,,,2,2023-06-15T01:17:05+00:00
SAO_6080-10,São Paulo,3550308,True,,33936,,,-23.7261575,-46.69960275,,,,2,2023-06-15T01:17:17+00:00
SAO_6080-10,São Paulo,3550308,True,,33936,,,-23.710868125,-46.699293624999996,,,,2,2023-06-15T01:17:02+00:00
SAO_6080-10,São Paulo,3550308,True,,33936,,,-23.761411,-46.669959000000006,,,,2,2023-06-15T01:17:10+00:00
SAO_6080-10,São Paulo,3550308,True,,33936,,,-23.7334495,-46.696561,,,,2,2023-06-15T01:17:02+00:00
SAO_9008-10,São Paulo,3550308,True,,875,,,-23.474266999999998,-46.6694825,,,,1,2023-06-15T01:17:27+00:00
SAO_9008-10,São Paulo,3550308,True,,875,,,-23.427475,-46.7146125,,,,1,2023-06-15T01:17:08+00:00
SAO_9008-10,São Paulo,3550308,True,,875,,,-23.427475,-46.7146125,,,,1,2023-06-15T01:17:15+00:00
SAO_9008-10,São Paulo,3550308,True,,875,,,-23.473402749999998,-46.67138274999999,,,,1,2023-06-15T01:17:32+00:00
SAO_9008-10,São Paulo,3550308,True,,875,,,-23.435616,-46.71562025,,,,1,2023-06-15T01:16:57+00:00
SAO_6012-10,São Paulo,3550308,True,,33972,,,-23.6869815,-46.7875065,,,,2,2023-06-15T01:17:14+00:00
SAO_6012-10,São Paulo,3550308,True,,33972,,,-23.6869815,-46.7875065,,,,2,2023-06-15T01:17:37+00:00
SAO_6012-10,São Paulo,3550308,True,,33972,,,-23.65149975,-46.7019275,,,,2,2023-06-15T01:17:35+00:00
SAO_6012-10,São Paulo,3550308,True,,33972,,,-23.649885249999997,-46.702398,,,,2,2023-06-15T01:17:28+00:00
SAO_6012-10,São Paulo,3550308,True,,33972,,,-23.666430249999998,-46.720004625,,,,2,2023-06-15T01:17:09+00:00
SAO_971R-10,São Paulo,3550308,True,,614,,,-23.454430000000002,-46.696312500000005,,,,1,2023-06-15T01:17:02+00:00
SAO_971R-10,São Paulo,3550308,True,,614,,,-23.4415635,-46.707708,,,,1,2023-06-15T01:17:10+00:00
SAO_971R-10,São Paulo,3550308,True,,614,,,-23.4733095,-46.6716335,,,,1,2023-06-15T01:17:06+00:00
SAO_971R-10,São Paulo,3550308,True,,614,,,-23.489081,-46.651231499999994,,,,1,2023-06-15T01:17:01+00:00
SAO_971R-10,São Paulo,3550308,True,,614,,,-23.454271499999997,-46.737378500000005,,,,1,2023-06-15T01:17:30+00:00
SAO_971R-10,São Paulo,3550308,True,,614,,,-23.500229625,-46.63319625,,,,1,2023-06-15T01:17:34+00:00
SAO_971R-10,São Paulo,3550308,True,,614,,,-23.475635500000003,-46.66432425000001,,,,1,2023-06-15T01:17:38+00:00
SAO_971R-10,São Paulo,3550308,True,,614,,,-23.4943105,-46.646121,,,,1,2023-06-15T01:17:23+00:00
SAO_971R-10,São Paulo,3550308,True,,614,,,-23.4976185,-46.642165250000005,,,,1,2023-06-15T01:16:11+00:00
SAO_971R-10,São Paulo,3550308,True,,614,,,-23.439471,-46.7320665,,,,1,2023-06-15T01:17:30+00:00
SAO_971R-10,São Paulo,3550308,True,,614,,,-23.5019955,-46.6256295,,,,1,2023-06-15T01:17:36+00:00
SAO_253F-10,São Paulo,3550308,True,EMTU,158,https://moovitapp.com/index/pt-br/transporte_p%C3%BAblico-line-158-Sao_Paulo-242-2038937-36419303-0,7.45,-23.596768500000003,-46.4565665,,,,1,2023-06-15T01:17:05+00:00
SAO_253F-10,São Paulo,3550308,True,EMTU,158,https://moovitapp.com/index/pt-br/transporte_p%C3%BAblico-line-158-Sao_Paulo-242-2038937-36419303-0,7.45,-23.5185795,-46.475586,,,,1,2023-06-15T01:17:35+00:00
SAO_253F-10,São Paulo,3550308,True,EMTU,158,https://moovitapp.com/index/pt-br/transporte_p%C3%BAblico-line-158-Sao_Paulo-242-2038937-36419303-0,7.45,-23.517118,-46.475767000000005,,,,1,2023-06-15T01:17:27+00:00
SAO_253F-10,São Paulo,3550308,True,EMTU,158,https://moovitapp.com/index/pt-br/transporte_p%C3%BAblico-line-158-Sao_Paulo-242-2038937-36419303-0,7.45,-23.516798,-46.4540085,,,,1,2023-06-15T01:17:03+00:00
SAO_2710-31,São Paulo,3550308,True,,1654,,,-23.51649025,-46.48603775,,,,1,2023-06-15T01:16:57+00:00
SAO_8707-10,São Paulo,3550308,True,,2064,,,-23.5818105,-46.760456500000004,,,,1,2023-06-15T01:17:03+00:00
SAO_8707-10,São Paulo,3550308,True,,2064,,,-23.5705265,-46.759085999999996,,,,1,2023-06-15T01:17:20+00:00
SAO_8707-10,São Paulo,3550308,True,,2064,,,-23.550684750000002,-46.65510125,,,,1,2023-06-15T01:17:34+00:00
SAO_756A-10,São Paulo,3550308,True,,793,,,-23.6136575,-46.6956995,,,,1,2023-06-15T01:17:00+00:00
SAO_756A-10,São Paulo,3550308,True,,793,,,-23.61726625,-46.70762475,,,,1,2023-06-15T01:17:03+00:00
SAO_756A-10,São Paulo,3550308,True,,793,,,-23.590218999999998,-46.767524,,,,1,2023-06-15T01:17:39+00:00
SAO_756A-10,São Paulo,3550308,True,,793,,,-23.603113,-46.750778,,,,1,2023-06-15T01:17:31+00:00
SAO_756A-10,São Paulo,3550308,True,,793,,,-23.584531499999997,-46.724258500000005,,,,1,2023-06-15T01:17:21+00:00
SAO_756A-10,São Paulo,3550308,True,,793,,,-23.613852,-46.698305500000004,,,,1,2023-06-15T01:17:10+00:00
SAO_756A-10,São Paulo,3550308,True,,793,,,-23.604200499999997,-46.712517500000004,,,,1,2023-06-15T01:17:19+00:00
SAO_7281-10,São Paulo,3550308,True,,1334,,,-23.5479225,-46.6430335,,,,1,2023-06-15T01:17:26+00:00
SAO_7281-10,São Paulo,3550308,True,,1334,,,-23.547528,-46.687618,,,,1,2023-06-15T01:17:33+00:00
SAO_701H-10,São Paulo,3550308,True,,35326,,,-23.705015250000002,-46.742442,,,,2,2023-06-15T01:17:40+00:00
SAO_1156-10,São Paulo,3550308,True,,659,,,-23.5183045,-46.617329999999995,,,,1,2023-06-15T01:16:58+00:00
SAO_1156-10,São Paulo,3550308,True,,659,,,-23.486708,-46.568445499999996,,,,1,2023-06-15T01:14:21+00:00
SAO_1156-10,São Paulo,3550308,True,,659,,,-23.52432825,-46.625517,,,,1,2023-06-15T01:17:13+00:00
SAO_5011-10,São Paulo,3550308,True,,33883,,,-23.65648875,-46.7011785,,,,2,2023-06-15T01:16:55+00:00
SAO_5011-10,São Paulo,3550308,True,,33883,,,-23.701442,-46.6454205,,,,2,2023-06-15T01:17:18+00:00
SAO_5011-10,São Paulo,3550308,True,,33883,,,-23.6733205,-46.686609000000004,,,,2,2023-06-15T01:17:24+00:00
SAO_5011-10,São Paulo,3550308,True,,33883,,,-23.677691000000003,-46.685349,,,,2,2023-06-15T01:17:16+00:00
SAO_5011-10,São Paulo,3550308,True,,33883,,,-23.7103285,-46.62034,,,,2,2023-06-15T01:17:15+00:00
SAO_5011-10,São Paulo,3550308,True,,33883,,,-23.677236999999998,-46.685503499999996,,,,2,2023-06-15T01:17:29+00:00
SAO_5011-10,São Paulo,3550308,True,,33883,,,-23.6971195,-46.670246000000006,,,,2,2023-06-15T01:17:39+00:00
SAO_5011-10,São Paulo,3550308,True,,33883,,,-23.6543535,-46.701634625,,,,2,2023-06-15T01:14:52+00:00
SAO_5011-10,São Paulo,3550308,True,,33883,,,-23.7071975,-46.641467500000005,,,,2,2023-06-15T01:15:55+00:00
SAO_1018-10,São Paulo,3550308,True,,33600,,,-23.476818,-46.6106765,,,,2,2023-06-15T01:15:47+00:00
SAO_1018-10,São Paulo,3550308,True,,33600,,,-23.485959,-46.616648749999996,,,,2,2023-06-15T01:17:37+00:00
SAO_1018-10,São Paulo,3550308,True,,33600,,,-23.46098,-46.6280955,,,,2,2023-06-15T01:17:15+00:00
SAO_1018-10,São Paulo,3550308,True,,33600,,,-23.4592605,-46.615241,,,,2,2023-06-15T01:17:19+00:00
SAO_5757-10,São Paulo,3550308,True,,1288,,,-23.692957999999997,-46.641451,,,,1,2023-06-15T01:17:31+00:00
SAO_5757-10,São Paulo,3550308,True,,1288,,,-23.66124825,-46.64503625,,,,1,2023-06-15T01:17:01+00:00
SAO_5757-10,São Paulo,3550308,True,,1288,,,-23.6892415,-46.6358475,,,,1,2023-06-15T01:17:25+00:00
SAO_5757-10,São Paulo,3550308,True,,1288,,,-23.6741,-46.642935,,,,1,2023-06-15T01:17:01+00:00
SAO_5757-10,São Paulo,3550308,True,,1288,,,-23.6907885,-46.638878000000005,,,,1,2023-06-15T01:17:29+00:00
SAO_373T-10,São Paulo,3550308,True,,33859,,,-23.556552,-46.600267,,,,2,2023-06-15T01:17:29+00:00
SAO_373T-10,São Paulo,3550308,True,,33859,,,-23.5854285,-46.5195045,,,,2,2023-06-15T01:17:06+00:00
SAO_373T-10,São Paulo,3550308,True,,33859,,,-23.582743999999998,-46.565706000000006,,,,2,2023-06-15T01:17:02+00:00
SAO_373T-10,São Paulo,3550308,True,,33859,,,-23.584192,-46.5417675,,,,2,2023-06-15T01:17:29+00:00
SAO_373T-10,São Paulo,3550308,True,,33859,,,-23.5940805,-46.5274165,,,,2,2023-06-15T01:17:13+00:00
SAO_373T-10,São Paulo,3550308,True,,33859,,,-23.594797,-46.503833,,,,2,2023-06-15T01:17:14+00:00
SAO_373T-10,São Paulo,3550308,True,,33859,,,-23.584868999999998,-46.5833485,,,,2,2023-06-15T01:17:02+00:00
SAO_373T-10,São Paulo,3550308,True,,33859,,,-23.596668,-46.500474499999996,,,,2,2023-06-15T01:17:12+00:00
SAO_373T-10,São Paulo,3550308,True,,33859,,,-23.586758500000002,-46.544669,,,,2,2023-06-15T01:17:01+00:00
SAO_373T-10,São Paulo,3550308,True,,33859,,,-23.592294000000003,-46.5292885,,,,2,2023-06-15T01:17:32+00:00
SAO_373T-10,São Paulo,3550308,True,,33859,,,-23.5941885,-46.498267,,,,2,2023-06-15T01:17:34+00:00
SAO_373T-10,São Paulo,3550308,True,,33859,,,-23.5540335,-46.60001750000001,,,,2,2023-06-15T01:17:21+00:00
SAO_1780-10,São Paulo,3550308,True,,869,,,-23.467788499999997,-46.594107,,,,1,2023-06-15T01:17:11+00:00
SAO_1780-10,São Paulo,3550308,True,,869,,,-23.447813,-46.5792565,,,,1,2023-06-15T01:17:06+00:00
SAO_1780-10,São Paulo,3550308,True,,869,,,-23.486397,-46.608689749999996,,,,1,2023-06-15T01:17:27+00:00
SAO_1780-10,São Paulo,3550308,True,,869,,,-23.480106,-46.604046499999995,,,,1,2023-06-15T01:17:12+00:00
SAO_106A-10,São Paulo,3550308,True,,516,,,-23.595794374999997,-46.686162624999994,,,,1,2023-06-15T01:16:59+00:00
SAO_106A-10,São Paulo,3550308,True,,516,,,-23.517827,-46.630041,,,,1,2023-06-15T01:17:34+00:00
SAO_106A-10,São Paulo,3550308,True,,516,,,-23.54115375,-46.63517375,,,,1,2023-06-15T01:17:23+00:00
SAO_106A-10,São Paulo,3550308,True,,516,,,-23.551130999999998,-46.645861999999994,,,,1,2023-06-15T01:17:09+00:00
SAO_106A-10,São Paulo,3550308,True,,516,,,-23.595423125000003,-46.684800125,,,,1,2023-06-15T01:16:55+00:00
SAO_106A-10,São Paulo,3550308,True,,516,,,-23.579074375,-46.675207750000006,,,,1,2023-06-15T01:17:19+00:00
SAO_106A-10,São Paulo,3550308,True,,516,,,-23.58654025,-46.674275,,,,1,2023-06-15T01:17:30+00:00
SAO_106A-10,São Paulo,3550308,True,,516,,,-23.595939875,-46.686701125,,,,1,2023-06-15T01:17:18+00:00
SAO_106A-10,São Paulo,3550308,True,,516,,,-23.58963425,-46.688204,,,,1,2023-06-15T01:17:28+00:00
SAO_106A-10,São Paulo,3550308,True,,516,,,-23.526423,-46.631283499999995,,,,1,2023-06-15T00:44:30+00:00
SAO_6412-10,São Paulo,3550308,True,,770,,,-23.612948,-46.68808925,,,,1,2023-06-15T01:17:37+00:00
SAO_6412-10,São Paulo,3550308,True,,770,,,-23.604938125000004,-46.680549375,,,,1,2023-06-15T01:17:38+00:00
SAO_6412-10,São Paulo,3550308,True,,770,,,-23.611041874999998,-46.68630025,,,,1,2023-06-15T01:17:19+00:00
SAO_6412-10,São Paulo,3550308,True,,770,,,-23.597225,-46.673752,,,,1,2023-06-15T01:17:26+00:00
SAO_675K-10,São Paulo,3550308,True,,32966,,,-23.67941175,-46.76413775,,,,2,2023-06-15T01:17:38+00:00
SAO_675K-10,São Paulo,3550308,True,,32966,,,-23.667954,-46.732462,,,,2,2023-06-15T01:16:59+00:00
SAO_675K-10,São Paulo,3550308,True,,32966,,,-23.689947,-46.7740025,,,,2,2023-06-15T01:17:40+00:00
SAO_675K-10,São Paulo,3550308,True,,32966,,,-23.59850275,-46.63896425,,,,2,2023-06-15T01:17:19+00:00
SAO_675K-10,São Paulo,3550308,True,,32966,,,-23.6902125,-46.773815,,,,2,2023-06-15T01:17:10+00:00
SAO_675K-10,São Paulo,3550308,True,,32966,,,-23.6320625,-46.68896825,,,,2,2023-06-15T01:17:04+00:00
SAO_675K-10,São Paulo,3550308,True,,32966,,,-23.6496535,-46.7052775,,,,2,2023-06-15T01:17:29+00:00
SAO_675K-10,São Paulo,3550308,True,,32966,,,-23.638723625,-46.695361250000005,,,,2,2023-06-15T01:17:19+00:00
SAO_675K-10,São Paulo,3550308,True,,32966,,,-23.649859499999998,-46.705637,,,,2,2023-06-15T01:16:58+00:00
SAO_675K-10,São Paulo,3550308,True,,32966,,,-23.688845375,-46.77301675,,,,2,2023-06-15T01:17:23+00:00
SAO_675K-10,São Paulo,3550308,True,,32966,,,-23.6903555,-46.7743995,,,,2,2023-06-15T01:17:35+00:00
SAO_675K-10,São Paulo,3550308,True,,32966,,,-23.656149,-46.7075705,,,,2,2023-06-15T01:17:39+00:00
SAO_675K-10,São Paulo,3550308,True,,32966,,,-23.650863,-46.70841825,,,,2,2023-06-15T01:17:27+00:00
SAO_675K-10,São Paulo,3550308,True,,32966,,,-23.6511035,-46.7090995,,,,2,2023-06-15T01:16:57+00:00
SAO_675K-10,São Paulo,3550308,True,,32966,,,-23.597957,-46.648168,,,,2,2023-06-15T01:17:03+00:00
SAO_675K-10,São Paulo,3550308,True,,32966,,,-23.650700999999998,-46.707818,,,,2,2023-06-15T01:17:25+00:00
SAO_675K-10,São Paulo,3550308,True,,32966,,,-23.609473125,-46.667825625,,,,2,2023-06-15T01:17:11+00:00
SAO_675K-10,São Paulo,3550308,True,,32966,,,-23.64817975,-46.70414074999999,,,,2,2023-06-15T01:16:59+00:00
SAO_675K-10,São Paulo,3550308,True,,32966,,,-23.625414499999998,-46.682889,,,,2,2023-06-15T01:17:25+00:00
SAO_675K-10,São Paulo,3550308,True,,32966,,,-23.687833,-46.7721405,,,,2,2023-06-15T01:16:45+00:00
SAO_675K-10,São Paulo,3550308,True,,32966,,,-23.648953749999997,-46.70467775,,,,2,2023-06-15T01:17:31+00:00
SAO_675K-10,São Paulo,3550308,True,,32966,,,-23.661628,-46.7066085,,,,2,2023-06-15T01:16:18+00:00
SAO_675K-10,São Paulo,3550308,True,,32966,,,-23.650789000000003,-46.70815875,,,,2,2023-06-15T01:17:35+00:00
SAO_675K-10,São Paulo,3550308,True,,32966,,,-23.6905325,-46.774566500000006,,,,2,2023-06-15T01:17:23+00:00
SAO_129F-41,São Paulo,3550308,True,,2305,,,-23.527588,-46.648296125,,,,1,2023-06-15T01:17:36+00:00
SAO_6041-10,São Paulo,3550308,True,,1218,,,-23.64939225,-46.709610999999995,,,,1,2023-06-15T01:17:15+00:00
SAO_6041-10,São Paulo,3550308,True,,1218,,,-23.690493500000002,-46.780443,,,,1,2023-06-15T01:17:41+00:00
SAO_6041-10,São Paulo,3550308,True,,1218,,,-23.690493500000002,-46.780443,,,,1,2023-06-15T01:17:07+00:00
SAO_6041-10,São Paulo,3550308,True,,1218,,,-23.65217175,-46.708138,,,,1,2023-06-15T01:17:37+00:00
SAO_8215-10,São Paulo,3550308,True,,574,,,-23.5407455,-46.648196999999996,,,,1,2023-06-15T01:17:15+00:00
SAO_8215-10,São Paulo,3550308,True,,574,,,-23.539908250000003,-46.64632675,,,,1,2023-06-15T01:17:06+00:00
SAO_8215-10,São Paulo,3550308,True,,574,,,-23.504461999999997,-46.686379,,,,1,2023-06-15T01:17:09+00:00
SAO_8215-10,São Paulo,3550308,True,,574,,,-23.51328875,-46.666535249999995,,,,1,2023-06-15T01:17:16+00:00
SAO_8215-10,São Paulo,3550308,True,,574,,,-23.4744605,-46.690138000000005,,,,1,2023-06-15T01:17:29+00:00
SAO_8215-10,São Paulo,3550308,True,,574,,,-23.461478,-46.7084365,,,,1,2023-06-15T01:17:22+00:00
SAO_271M-10,São Paulo,3550308,True,,33452,,,-23.512393250000002,-46.56326850000001,,,,2,2023-06-15T01:17:34+00:00
SAO_271M-10,São Paulo,3550308,True,,33452,,,-23.5094645,-46.598459000000005,,,,2,2023-06-15T01:17:20+00:00
SAO_271M-10,São Paulo,3550308,True,,33452,,,-23.507183125,-46.60357450000001,,,,2,2023-06-15T01:17:31+00:00
SAO_271M-10,São Paulo,3550308,True,,33452,,,-23.5088355,-46.5677245,,,,2,2023-06-15T01:17:22+00:00
SAO_271M-10,São Paulo,3550308,True,,33452,,,-23.502086499999997,-46.623816500000004,,,,2,2023-06-15T01:17:24+00:00
SAO_271M-10,São Paulo,3550308,True,,33452,,,-23.512393250000002,-46.56326850000001,,,,2,2023-06-15T01:17:26+00:00
SAO_271M-10,São Paulo,3550308,True,,33452,,,-23.504350000000002,-46.5731785,,,,2,2023-06-15T01:17:04+00:00
SAO_971M-10,São Paulo,3550308,True,,612,,,-23.475711750000002,-46.63789025,,,,1,2023-06-15T01:17:19+00:00
SAO_971M-10,São Paulo,3550308,True,,612,,,-23.490409,-46.6888085,,,,1,2023-06-15T01:17:06+00:00
SAO_971M-10,São Paulo,3550308,True,,612,,,-23.50091275,-46.625249875,,,,1,2023-06-15T01:17:32+00:00
SAO_971M-10,São Paulo,3550308,True,,612,,,-23.4790085,-46.662338500000004,,,,1,2023-06-15T01:17:01+00:00
SAO_971M-10,São Paulo,3550308,True,,612,,,-23.4764445,-46.684829,,,,1,2023-06-15T01:17:16+00:00
SAO_2704-10,São Paulo,3550308,True,,916,,,-23.514255,-46.425095999999996,,,,1,2023-06-15T01:17:34+00:00
SAO_2704-10,São Paulo,3550308,True,,916,,,-23.5131075,-46.4331005,,,,1,2023-06-15T01:16:00+00:00
SAO_2704-10,São Paulo,3550308,True,,916,,,-23.521566999999997,-46.410721499999994,,,,1,2023-06-15T01:16:38+00:00
SAO_2704-10,São Paulo,3550308,True,,916,,,-23.526659000000002,-46.409887999999995,,,,1,2023-06-15T01:17:26+00:00
SAO_2704-10,São Paulo,3550308,True,,916,,,-23.5402265,-46.4640795,,,,1,2023-06-15T01:09:48+00:00
SAO_2704-10,São Paulo,3550308,True,,916,,,-23.519289,-46.440655500000005,,,,1,2023-06-15T01:17:31+00:00
SAO_2704-10,São Paulo,3550308,True,,916,,,-23.542467000000002,-46.4712235,,,,1,2023-06-15T01:15:20+00:00
SAO_4288-10,São Paulo,3550308,True,,33058,,,-23.592565,-46.55182925,,,,2,2023-06-15T01:17:16+00:00
SAO_4288-10,São Paulo,3550308,True,,33058,,,-23.551726000000002,-46.627584999999996,,,,2,2023-06-15T01:17:38+00:00
SAO_4288-10,São Paulo,3550308,True,,33058,,,-23.6083455,-46.515636,,,,2,2023-06-15T01:17:37+00:00
SAO_6022-10,São Paulo,3550308,True,,1207,,,-23.729324,-46.782303,,,,1,2023-06-15T01:13:58+00:00
SAO_6022-10,São Paulo,3550308,True,,1207,,,-23.688371999999998,-46.77244137500001,,,,1,2023-06-15T01:17:31+00:00
SAO_6022-10,São Paulo,3550308,True,,1207,,,-23.7211845,-46.7852395,,,,1,2023-06-15T01:17:31+00:00
SAO_576M-10,São Paulo,3550308,True,,604,,,-23.645613500000003,-46.640926500000006,,,,1,2023-06-15T01:16:56+00:00
SAO_576M-10,São Paulo,3550308,True,,604,,,-23.6083415,-46.66058825,,,,1,2023-06-15T01:17:16+00:00
SAO_576M-10,São Paulo,3550308,True,,604,,,-23.588183375,-46.681967625,,,,1,2023-06-15T01:17:24+00:00
SAO_576M-10,São Paulo,3550308,True,,604,,,-23.57665025,-46.6871635,,,,1,2023-06-15T01:17:11+00:00
SAO_576M-10,São Paulo,3550308,True,,604,,,-23.634791999999997,-46.659898999999996,,,,1,2023-06-15T01:17:38+00:00
SAO_307C-10,São Paulo,3550308,True,,34882,,,-23.515519,-46.3897665,,,,2,2023-06-15T01:13:15+00:00
SAO_307C-10,São Paulo,3550308,True,,34882,,,-23.494194,-46.421617625,,,,2,2023-06-15T01:17:20+00:00
SAO_307C-10,São Paulo,3550308,True,,34882,,,-23.5398895,-46.483771000000004,,,,2,2023-06-15T01:16:29+00:00
SAO_307C-10,São Paulo,3550308,True,,34882,,,-23.509381,-46.394958,,,,2,2023-06-15T01:17:09+00:00
SAO_307C-10,São Paulo,3550308,True,,34882,,,-23.51201,-46.393969,,,,2,2023-06-15T01:12:47+00:00
SAO_702U-10,São Paulo,3550308,True,,34098,,,-23.5662455,-46.726518,,,,2,2023-06-15T01:17:12+00:00
SAO_702U-10,São Paulo,3550308,True,,34098,,,-23.570569499999998,-46.690006999999994,,,,2,2023-06-15T01:17:22+00:00
SAO_702U-10,São Paulo,3550308,True,,34098,,,-23.539253000000002,-46.6341395,,,,2,2023-06-15T01:17:13+00:00
SAO_702U-10,São Paulo,3550308,True,,34098,,,-23.547899,-46.6492035,,,,2,2023-06-15T01:17:34+00:00
SAO_702U-10,São Paulo,3550308,True,,34098,,,-23.571233874999997,-46.70841025,,,,2,2023-06-15T01:17:29+00:00
SAO_702U-10,São Paulo,3550308,True,,34098,,,-23.5414,-46.639028249999996,,,,2,2023-06-15T01:17:10+00:00
SAO_702U-10,São Paulo,3550308,True,,34098,,,-23.553131125,-46.65982025,,,,2,2023-06-15T01:17:19+00:00
SAO_2123-10,São Paulo,3550308,True,,33460,,,-23.491242,-46.579304,,,,2,2023-06-15T01:17:38+00:00
SAO_2123-10,São Paulo,3550308,True,,33460,,,-23.4991415,-46.59511875,,,,2,2023-06-15T01:17:18+00:00
SAO_2123-10,São Paulo,3550308,True,,33460,,,-23.532123749999997,-46.6160445,,,,2,2023-06-15T01:17:19+00:00
SAO_2123-10,São Paulo,3550308,True,,33460,,,-23.5072555,-46.5961085,,,,2,2023-06-15T01:14:59+00:00
SAO_2123-10,São Paulo,3550308,True,,33460,,,-23.4927265,-46.580667500000004,,,,2,2023-06-15T01:17:19+00:00
SAO_2123-10,São Paulo,3550308,True,,33460,,,-23.5466925,-46.623303625000005,,,,2,2023-06-15T01:17:29+00:00
SAO_476G-10,São Paulo,3550308,True,,1111,,,-23.5842515,-46.617917,,,,1,2023-06-15T01:17:35+00:00
SAO_476G-10,São Paulo,3550308,True,,1111,,,-23.6055,-46.5153185,,,,1,2023-06-15T01:17:16+00:00
SAO_476G-10,São Paulo,3550308,True,,1111,,,-23.596139,-46.556452,,,,1,2023-06-15T01:17:14+00:00
SAO_476G-10,São Paulo,3550308,True,,1111,,,-23.6143955,-46.504852,,,,1,2023-06-15T01:17:18+00:00
SAO_476G-10,São Paulo,3550308,True,,1111,,,-23.5960975,-46.5701145,,,,1,2023-06-15T01:16:08+00:00
SAO_6052-10,São Paulo,3550308,True,,33912,,,-23.7741865,-46.69212775,,,,2,2023-06-15T01:17:06+00:00
SAO_6052-10,São Paulo,3550308,True,,33912,,,-23.773679,-46.7075815,,,,2,2023-06-15T01:17:24+00:00
SAO_6052-10,São Paulo,3550308,True,,33912,,,-23.7760525,-46.691014499999994,,,,2,2023-06-15T01:17:04+00:00
SAO_2765-10,São Paulo,3550308,True,EMTU,145,https://moovitapp.com/index/pt-br/transporte_p%C3%BAblico-line-145-Sao_Paulo-242-2038937-36419293-0,5.35,-23.493289,-46.493515,,,,1,2023-06-15T01:17:32+00:00
SAO_2765-10,São Paulo,3550308,True,EMTU,145,https://moovitapp.com/index/pt-br/transporte_p%C3%BAblico-line-145-Sao_Paulo-242-2038937-36419293-0,5.35,-23.503567500000003,-46.49976975,,,,1,2023-06-15T01:16:41+00:00
SAO_2765-10,São Paulo,3550308,True,EMTU,145,https://moovitapp.com/index/pt-br/transporte_p%C3%BAblico-line-145-Sao_Paulo-242-2038937-36419293-0,5.35,-23.5306115,-46.556734250000005,,,,1,2023-06-15T01:17:20+00:00
SAO_2765-10,São Paulo,3550308,True,EMTU,145,https://moovitapp.com/index/pt-br/transporte_p%C3%BAblico-line-145-Sao_Paulo-242-2038937-36419293-0,5.35,-23.53525775,-46.56981025,,,,1,2023-06-15T01:16:58+00:00
SAO_2765-10,São Paulo,3550308,True,EMTU,145,https://moovitapp.com/index/pt-br/transporte_p%C3%BAblico-line-145-Sao_Paulo-242-2038937-36419293-0,5.35,-23.519865875,-46.548324,,,,1,2023-06-15T01:17:41+00:00
SAO_2765-10,São Paulo,3550308,True,EMTU,145,https://moovitapp.com/index/pt-br/transporte_p%C3%BAblico-line-145-Sao_Paulo-242-2038937-36419293-0,5.35,-23.539759,-46.576280499999996,,,,1,2023-06-15T01:14:24+00:00
SAO_2765-10,São Paulo,3550308,True,EMTU,145,https://moovitapp.com/index/pt-br/transporte_p%C3%BAblico-line-145-Sao_Paulo-242-2038937-36419293-0,5.35,-23.506241,-46.524266499999996,,,,1,2023-06-15T01:16:53+00:00
SAO_546A-10,São Paulo,3550308,True,,1131,,,-23.68221675,-46.68206025,,,,1,2023-06-15T01:17:05+00:00
SAO_546A-10,São Paulo,3550308,True,,1131,,,-23.659224000000002,-46.698091000000005,,,,1,2023-06-15T01:17:18+00:00
SAO_546A-10,São Paulo,3550308,True,,1131,,,-23.68291775,-46.6816995,,,,1,2023-06-15T01:17:07+00:00
SAO_546A-10,São Paulo,3550308,True,,1131,,,-23.69599325,-46.650322,,,,1,2023-06-15T01:13:14+00:00
SAO_273R-10,São Paulo,3550308,True,EMTU,226,https://moovitapp.com/index/pt-br/transporte_p%C3%BAblico-line-226-Sao_Paulo-242-2038937-36419343-0,5.05,-23.5358255,-46.474388000000005,,,,1,2023-06-15T01:17:18+00:00
SAO_273R-10,São Paulo,3550308,True,EMTU,226,https://moovitapp.com/index/pt-br/transporte_p%C3%BAblico-line-226-Sao_Paulo-242-2038937-36419343-0,5.05,-23.519233,-46.4704825,,,,1,2023-06-15T01:17:07+00:00
SAO_273R-10,São Paulo,3550308,True,EMTU,226,https://moovitapp.com/index/pt-br/transporte_p%C3%BAblico-line-226-Sao_Paulo-242-2038937-36419343-0,5.05,-23.540062499999998,-46.482594375,,,,1,2023-06-15T01:17:18+00:00
SAO_273R-10,São Paulo,3550308,True,EMTU,226,https://moovitapp.com/index/pt-br/transporte_p%C3%BAblico-line-226-Sao_Paulo-242-2038937-36419343-0,5.05,-23.521997499999998,-46.412527999999995,,,,1,2023-06-15T01:17:33+00:00
SAO_273R-10,São Paulo,3550308,True,EMTU,226,https://moovitapp.com/index/pt-br/transporte_p%C3%BAblico-line-226-Sao_Paulo-242-2038937-36419343-0,5.05,-23.511577,-46.44304174999999,,,,1,2023-06-15T01:17:38+00:00
SAO_273R-10,São Paulo,3550308,True,EMTU,226,https://moovitapp.com/index/pt-br/transporte_p%C3%BAblico-line-226-Sao_Paulo-242-2038937-36419343-0,5.05,-23.538537749999996,-46.47995775,,,,1,2023-06-15T01:17:25+00:00
SAO_507T-10,São Paulo,3550308,True,,34976,,,-23.54422675,-46.54606475,,,,2,2023-06-15T01:17:33+00:00
SAO_507T-10,São Paulo,3550308,True,,34976,,,-23.6139655,-46.5015435,,,,2,2023-06-15T01:17:16+00:00
SAO_507T-10,São Paulo,3550308,True,,34976,,,-23.5966275,-46.501168,,,,2,2023-06-15T01:17:28+00:00
SAO_507T-10,São Paulo,3550308,True,,34976,,,-23.5371325,-46.558893999999995,,,,2,2023-06-15T01:17:17+00:00
SAO_507T-10,São Paulo,3550308,True,,34976,,,-23.5844045,-46.519586000000004,,,,2,2023-06-15T01:17:27+00:00
SAO_507T-10,São Paulo,3550308,True,,34976,,,-23.589563249999998,-46.508385000000004,,,,2,2023-06-15T01:17:19+00:00
SAO_507T-10,São Paulo,3550308,True,,34976,,,-23.589563249999998,-46.508385000000004,,,,2,2023-06-15T01:16:30+00:00
SAO_507T-10,São Paulo,3550308,True,,34976,,,-23.5903785,-46.506029875,,,,2,2023-06-15T01:17:01+00:00
SAO_507T-10,São Paulo,3550308,True,,34976,,,-23.6139405,-46.501206499999995,,,,2,2023-06-15T01:17:16+00:00
SAO_507T-10,São Paulo,3550308,True,,34976,,,-23.565191,-46.51288475,,,,2,2023-06-15T01:17:00+00:00
SAO_507T-10,São Paulo,3550308,True,,34976,,,-23.538406000000002,-46.562954,,,,2,2023-06-15T01:17:22+00:00
SAO_507T-10,São Paulo,3550308,True,,34976,,,-23.577268,-46.516579,,,,2,2023-06-15T01:17:36+00:00
SAO_507T-10,São Paulo,3550308,True,,34976,,,-23.6139655,-46.5015435,,,,2,2023-06-15T01:17:14+00:00
SAO_507T-10,São Paulo,3550308,True,,34976,,,-23.566781562499997,-46.511205312499996,,,,2,2023-06-15T01:17:00+00:00
SAO_507T-10,São Paulo,3550308,True,,34976,,,-23.6139405,-46.501206499999995,,,,2,2023-06-15T01:16:57+00:00
SAO_507T-10,São Paulo,3550308,True,,34976,,,-23.584784499999998,-46.51971825,,,,2,2023-06-15T01:17:23+00:00
SAO_507T-10,São Paulo,3550308,True,,34976,,,-23.613898499999998,-46.5016255,,,,2,2023-06-15T01:17:07+00:00
SAO_507T-10,São Paulo,3550308,True,,34976,,,-23.538406000000002,-46.562954,,,,2,2023-06-15T01:14:47+00:00
SAO_2058-10,São Paulo,3550308,True,,259,,,-23.494379,-46.4237335,,,,1,2023-06-15T01:17:14+00:00
SAO_2058-10,São Paulo,3550308,True,,259,,,-23.491623500000003,-46.4352035,,,,1,2023-06-15T01:17:39+00:00
SAO_2058-10,São Paulo,3550308,True,,259,,,-23.5424345,-46.414053249999995,,,,1,2023-06-15T01:16:04+00:00
SAO_2033-10,São Paulo,3550308,True,,2499,,,-23.4869505,-46.568163,,,,1,2023-06-15T01:15:27+00:00
SAO_2033-10,São Paulo,3550308,True,,2499,,,-23.516846375,-46.604868124999996,,,,1,2023-06-15T01:17:17+00:00
SAO_715M-10,São Paulo,3550308,True,,33258,,,-23.5714815,-46.707621,,,,2,2023-06-15T01:17:29+00:00
SAO_715M-10,São Paulo,3550308,True,,33258,,,-23.55769425,-46.6674515,,,,2,2023-06-15T01:17:24+00:00
SAO_715M-10,São Paulo,3550308,True,,33258,,,-23.57544125,-46.74043225,,,,2,2023-06-15T01:17:33+00:00
SAO_715M-10,São Paulo,3550308,True,,33258,,,-23.5857745,-46.759489,,,,2,2023-06-15T01:16:58+00:00
SAO_715M-10,São Paulo,3550308,True,,33258,,,-23.586309999999997,-46.7582515,,,,2,2023-06-15T01:17:17+00:00
SAO_715M-10,São Paulo,3550308,True,,33258,,,-23.5673225625,-46.6493123125,,,,2,2023-06-15T01:17:13+00:00
SAO_715M-10,São Paulo,3550308,True,,33258,,,-23.570433,-46.689798249999996,,,,2,2023-06-15T01:17:08+00:00
SAO_715M-10,São Paulo,3550308,True,,33258,,,-23.55834825,-46.634922875,,,,2,2023-06-15T01:17:06+00:00
SAO_715M-10,São Paulo,3550308,True,,33258,,,-23.569049500000002,-46.6871225,,,,2,2023-06-15T01:17:42+00:00
SAO_3032-10,São Paulo,3550308,True,STT,720,https://moovitapp.com/index/pt-br/transporte_p%C3%BAblico-line-720-Sao_Paulo-242-850661-183345-0,5.3,-23.566962,-46.493964250000005,,,,1,2023-06-15T01:17:42+00:00
SAO_3032-10,São Paulo,3550308,True,STT,720,https://moovitapp.com/index/pt-br/transporte_p%C3%BAblico-line-720-Sao_Paulo-242-850661-183345-0,5.3,-23.563287375,-46.496113,,,,1,2023-06-15T01:17:08+00:00
SAO_4036-10,São Paulo,3550308,True,,35329,,,-23.542585000000003,-46.469752,,,,2,2023-06-15T01:17:06+00:00
SAO_4036-10,São Paulo,3550308,True,,35329,,,-23.554168,-46.514493,,,,2,2023-06-15T01:14:40+00:00
SAO_4036-10,São Paulo,3550308,True,,35329,,,-23.54344725,-46.4692095,,,,2,2023-06-15T01:13:17+00:00
SAO_3459-10,São Paulo,3550308,True,,33170,,,-23.5042555,-46.442893,,,,2,2023-06-15T01:12:27+00:00
SAO_3459-10,São Paulo,3550308,True,,33170,,,-23.515375,-46.455008,,,,2,2023-06-15T01:17:29+00:00
SAO_3459-10,São Paulo,3550308,True,,33170,,,-23.547625500000002,-46.629791499999996,,,,2,2023-06-15T01:17:22+00:00
SAO_3459-10,São Paulo,3550308,True,,33170,,,-23.533824000000003,-46.541942,,,,2,2023-06-15T01:17:39+00:00
SAO_3459-10,São Paulo,3550308,True,,33170,,,-23.4943285,-46.42319,,,,2,2023-06-15T01:17:10+00:00
SAO_3459-10,São Paulo,3550308,True,,33170,,,-23.54092525,-46.57657175,,,,2,2023-06-15T01:17:18+00:00
SAO_3459-10,São Paulo,3550308,True,,33170,,,-23.516686749999998,-46.38517525,,,,2,2023-06-15T01:13:51+00:00
SAO_3459-10,São Paulo,3550308,True,,33170,,,-23.547625500000002,-46.629791499999996,,,,2,2023-06-15T01:15:02+00:00
SAO_3459-10,São Paulo,3550308,True,,33170,,,-23.516686749999998,-46.38517525,,,,2,2023-06-15T01:17:18+00:00
SAO_3459-10,São Paulo,3550308,True,,33170,,,-23.5131325,-46.50151125,,,,2,2023-06-15T01:17:26+00:00
SAO_3459-10,São Paulo,3550308,True,,33170,,,-23.517279000000002,-46.475508500000004,,,,2,2023-06-15T01:17:36+00:00
SAO_3459-10,São Paulo,3550308,True,,33170,,,-23.522969,-46.522627,,,,2,2023-06-15T01:16:56+00:00
SAO_3459-10,São Paulo,3550308,True,,33170,,,-23.547625500000002,-46.629791499999996,,,,2,2023-06-15T01:17:13+00:00
SAO_3459-10,São Paulo,3550308,True,,33170,,,-23.49406675,-46.416063,,,,2,2023-06-15T01:17:38+00:00
SAO_3459-10,São Paulo,3550308,True,,33170,,,-23.52309475,-46.521407249999996,,,,2,2023-06-15T01:13:48+00:00
SAO_3459-10,São Paulo,3550308,True,,33170,,,-23.51551,-46.38248575,,,,2,2023-06-15T01:16:58+00:00
SAO_3459-10,São Paulo,3550308,True,,33170,,,-23.504057875,-46.39025925,,,,2,2023-06-15T01:17:24+00:00
SAO_3459-10,São Paulo,3550308,True,,33170,,,-23.5153995,-46.4550745,,,,2,2023-06-15T01:17:36+00:00
SAO_3459-10,São Paulo,3550308,True,,33170,,,-23.534408999999997,-46.544985499999996,,,,2,2023-06-15T01:17:34+00:00
SAO_3459-10,São Paulo,3550308,True,,33170,,,-23.551777625,-46.609177875,,,,2,2023-06-15T01:17:16+00:00
SAO_695Y-21,São Paulo,3550308,True,,1622,,,-23.74073,-46.70446725,,,,1,2023-06-15T01:17:18+00:00
SAO_695Y-21,São Paulo,3550308,True,,1622,,,-23.7578345,-46.714565,,,,1,2023-06-15T01:17:21+00:00
SAO_3728-41,São Paulo,3550308,True,,1988,,,-23.558476499999998,-46.490443,,,,1,2023-06-15T01:17:23+00:00
SAO_3729-10,São Paulo,3550308,True,,33794,,,-23.565583,-46.50906925,,,,2,2023-06-15T01:16:56+00:00
SAO_3729-10,São Paulo,3550308,True,,33794,,,-23.563157,-46.552479000000005,,,,2,2023-06-15T01:17:37+00:00
SAO_3729-10,São Paulo,3550308,True,,33794,,,-23.584690000000002,-46.5214445,,,,2,2023-06-15T01:17:26+00:00
SAO_3729-10,São Paulo,3550308,True,,33794,,,-23.584834124999997,-46.527495,,,,2,2023-06-15T01:17:17+00:00
SAO_3729-10,São Paulo,3550308,True,,33794,,,-23.564287,-46.50465749999999,,,,2,2023-06-15T01:17:05+00:00
SAO_3729-10,São Paulo,3550308,True,,33794,,,-23.5699055,-46.5406025,,,,2,2023-06-15T01:17:26+00:00
SAO_3729-10,São Paulo,3550308,True,,33794,,,-23.551105999999997,-46.562325,,,,2,2023-06-15T01:17:27+00:00
SAO_3729-10,São Paulo,3550308,True,,33794,,,-23.569288,-46.5403325,,,,2,2023-06-15T01:17:15+00:00
SAO_3729-10,São Paulo,3550308,True,,33794,,,-23.585148,-46.526704499999994,,,,2,2023-06-15T01:16:55+00:00
SAO_3729-10,São Paulo,3550308,True,,33794,,,-23.57421175,-46.541283750000005,,,,2,2023-06-15T01:17:37+00:00
SAO_647P-10,São Paulo,3550308,True,,34084,,,-23.608549500000002,-46.72601325000001,,,,2,2023-06-15T01:17:12+00:00
SAO_647P-10,São Paulo,3550308,True,,34084,,,-23.62374375,-46.73390525,,,,2,2023-06-15T01:17:07+00:00
SAO_647P-10,São Paulo,3550308,True,,34084,,,-23.57172775,-46.69049175,,,,2,2023-06-15T01:16:57+00:00
SAO_647P-10,São Paulo,3550308,True,,34084,,,-23.6317895,-46.7367685,,,,2,2023-06-15T01:17:24+00:00
SAO_647P-10,São Paulo,3550308,True,,34084,,,-23.674748,-46.78398249999999,,,,2,2023-06-15T01:17:27+00:00
SAO_647P-10,São Paulo,3550308,True,,34084,,,-23.656517,-46.763396,,,,2,2023-06-15T01:13:22+00:00
SAO_647P-10,São Paulo,3550308,True,,34084,,,-23.674748,-46.78398249999999,,,,2,2023-06-15T01:17:20+00:00
SAO_647P-10,São Paulo,3550308,True,,34084,,,-23.6612605,-46.748577,,,,2,2023-06-15T01:17:13+00:00
SAO_1722-10,São Paulo,3550308,True,,33632,,,-23.477947999999998,-46.5992575,,,,2,2023-06-15T01:16:55+00:00
SAO_1722-10,São Paulo,3550308,True,,33632,,,-23.4816705,-46.6731425,,,,2,2023-06-15T01:14:51+00:00
SAO_1722-10,São Paulo,3550308,True,,33632,,,-23.4607985,-46.585685,,,,2,2023-06-15T01:15:42+00:00
SAO_1722-10,São Paulo,3550308,True,,33632,,,-23.46737825,-46.58645075,,,,2,2023-06-15T01:17:27+00:00
SAO_1722-10,São Paulo,3550308,True,,33632,,,-23.458237875000002,-46.613899,,,,2,2023-06-15T01:17:06+00:00
SAO_1722-10,São Paulo,3550308,True,,33632,,,-23.474018,-46.654799499999996,,,,2,2023-06-15T01:17:09+00:00
SAO_1722-10,São Paulo,3550308,True,,33632,,,-23.4660955,-46.630022,,,,2,2023-06-15T01:12:13+00:00
SAO_1722-10,São Paulo,3550308,True,,33632,,,-23.466655000000003,-46.630661,,,,2,2023-06-15T01:16:32+00:00
SAO_1722-10,São Paulo,3550308,True,,33632,,,-23.457732749999998,-46.603072999999995,,,,2,2023-06-15T01:14:16+00:00
SAO_1722-10,São Paulo,3550308,True,,33632,,,-23.460305374999997,-46.623050625,,,,2,2023-06-15T01:17:16+00:00
SAO_1722-10,São Paulo,3550308,True,,33632,,,-23.482091500000003,-46.671369,,,,2,2023-06-15T01:17:23+00:00
SAO_1722-10,São Paulo,3550308,True,,33632,,,-23.474655,-46.649848000000006,,,,2,2023-06-15T01:14:44+00:00
SAO_3735-10,São Paulo,3550308,True,,1035,,,-23.540855999999998,-46.4849405,,,,1,2023-06-15T01:16:59+00:00
SAO_3735-10,São Paulo,3550308,True,,1035,,,-23.5484715,-46.493903,,,,1,2023-06-15T01:17:02+00:00
SAO_3735-10,São Paulo,3550308,True,,1035,,,-23.540855999999998,-46.4849405,,,,1,2023-06-15T01:17:40+00:00
SAO_3735-10,São Paulo,3550308,True,,1035,,,-23.540855999999998,-46.4849405,,,,1,2023-06-15T01:17:24+00:00
SAO_3735-10,São Paulo,3550308,True,,1035,,,-23.5426215,-46.487373000000005,,,,1,2023-06-15T01:16:58+00:00
SAO_373L-10,São Paulo,3550308,True,,1027,,,-23.5422995,-46.4696955,,,,1,2023-06-15T01:17:27+00:00
SAO_373L-10,São Paulo,3550308,True,,1027,,,-23.571998999999998,-46.4462325,,,,1,2023-06-15T01:17:16+00:00
SAO_373L-10,São Paulo,3550308,True,,1027,,,-23.597969,-46.4343255,,,,1,2023-06-15T01:17:12+00:00
SAO_373L-10,São Paulo,3550308,True,,1027,,,-23.622793,-46.417176999999995,,,,1,2023-06-15T01:17:31+00:00
SAO_373L-10,São Paulo,3550308,True,,1027,,,-23.562819125,-46.465247875,,,,1,2023-06-15T01:17:29+00:00
SAO_4028-10,São Paulo,3550308,True,,1098,,,-23.643853999999997,-46.4445825,,,,1,2023-06-15T01:17:19+00:00
SAO_4028-10,São Paulo,3550308,True,,1098,,,-23.5956145,-46.487649,,,,1,2023-06-15T01:17:25+00:00
SAO_4028-10,São Paulo,3550308,True,,1098,,,-23.619729999999997,-46.467951,,,,1,2023-06-15T01:17:18+00:00
SAO_4028-10,São Paulo,3550308,True,,1098,,,-23.6399385,-46.450488500000006,,,,1,2023-06-15T01:17:29+00:00
SAO_4028-10,São Paulo,3550308,True,,1098,,,-23.60136275,-46.483574250000004,,,,1,2023-06-15T01:16:58+00:00
SAO_4028-10,São Paulo,3550308,True,,1098,,,-23.610467,-46.476589375,,,,1,2023-06-15T01:17:30+00:00
SAO_4052-10,São Paulo,3550308,True,,34913,,,-23.537129999999998,-46.425227,,,,2,2023-06-15T01:16:04+00:00
SAO_4052-10,São Paulo,3550308,True,,34913,,,-23.5421205,-46.471834,,,,2,2023-06-15T01:17:32+00:00
SAO_4052-10,São Paulo,3550308,True,,34913,,,-23.539844499999997,-46.426242375,,,,2,2023-06-15T01:16:00+00:00
SAO_4052-10,São Paulo,3550308,True,,34913,,,-23.542613,-46.4721415,,,,2,2023-06-15T01:17:29+00:00
SAO_4052-10,São Paulo,3550308,True,,34913,,,-23.542894500000003,-46.416357000000005,,,,2,2023-06-15T01:15:21+00:00
SAO_4052-10,São Paulo,3550308,True,,34913,,,-23.542409499999998,-46.417221,,,,2,2023-06-15T01:11:51+00:00
SAO_4030-10,São Paulo,3550308,True,,33868,,,-23.593412875000002,-46.488488499999995,,,,2,2023-06-15T01:17:18+00:00
SAO_4030-10,São Paulo,3550308,True,,33868,,,-23.5822165,-46.497344,,,,2,2023-06-15T01:17:40+00:00
SAO_4030-10,São Paulo,3550308,True,,33868,,,-23.5630995,-46.501211999999995,,,,2,2023-06-15T01:17:36+00:00
SAO_4030-10,São Paulo,3550308,True,,33868,,,-23.568472749999998,-46.508522,,,,2,2023-06-15T01:17:27+00:00
SAO_4030-10,São Paulo,3550308,True,,33868,,,-23.615775499999998,-46.488022,,,,2,2023-06-15T01:17:03+00:00
SAO_4030-10,São Paulo,3550308,True,,33868,,,-23.571637000000003,-46.5062955,,,,2,2023-06-15T01:17:24+00:00
SAO_948A-10,São Paulo,3550308,True,,34191,,,-23.486086,-46.7251615,,,,2,2023-06-15T01:17:00+00:00
SAO_948A-10,São Paulo,3550308,True,,34191,,,-23.521625,-46.6979975,,,,2,2023-06-15T01:17:35+00:00
SAO_948A-10,São Paulo,3550308,True,,34191,,,-23.4694535,-46.7135935,,,,2,2023-06-15T01:17:01+00:00
SAO_948A-10,São Paulo,3550308,True,,34191,,,-23.4694535,-46.7135935,,,,2,2023-06-15T01:17:38+00:00
SAO_5018-10,São Paulo,3550308,True,,34260,,,-23.679266249999998,-46.6456855,,,,2,2023-06-15T01:17:04+00:00
SAO_5018-10,São Paulo,3550308,True,,34260,,,-23.675765,-46.673557,,,,2,2023-06-15T01:17:09+00:00
SAO_5018-10,São Paulo,3550308,True,,34260,,,-23.666684,-46.652631,,,,2,2023-06-15T01:17:40+00:00
SAO_5018-10,São Paulo,3550308,True,,34260,,,-23.651587499999998,-46.644385,,,,2,2023-06-15T01:15:07+00:00
SAO_5018-10,São Paulo,3550308,True,,34260,,,-23.686449,-46.6478555,,,,2,2023-06-15T01:15:34+00:00
SAO_5018-10,São Paulo,3550308,True,,34260,,,-23.644662124999996,-46.641911375,,,,2,2023-06-15T01:17:23+00:00
SAO_5018-10,São Paulo,3550308,True,,34260,,,-23.651860499999998,-46.6477045,,,,2,2023-06-15T01:17:33+00:00
SAO_5018-10,São Paulo,3550308,True,,34260,,,-23.675765,-46.673557,,,,2,2023-06-15T01:17:29+00:00
SAO_9789-10,São Paulo,3550308,True,,829,,,-23.461024000000002,-46.708865,,,,1,2023-06-15T01:17:14+00:00
SAO_9789-10,São Paulo,3550308,True,,829,,,-23.4651875,-46.69995350000001,,,,1,2023-06-15T01:17:23+00:00
SAO_9789-10,São Paulo,3550308,True,,829,,,-23.4790215,-46.6910145,,,,1,2023-06-15T01:17:35+00:00
SAO_9789-10,São Paulo,3550308,True,,829,,,-23.4865455,-46.6860335,,,,1,2023-06-15T01:17:32+00:00
SAO_9789-10,São Paulo,3550308,True,,829,,,-23.460588,-46.70847,,,,1,2023-06-15T01:17:33+00:00
SAO_9789-10,São Paulo,3550308,True,,829,,,-23.460588,-46.70847,,,,1,2023-06-15T01:17:25+00:00
SAO_9789-10,São Paulo,3550308,True,,829,,,-23.4747,-46.690113499999995,,,,1,2023-06-15T01:17:37+00:00
SAO_2725-10,São Paulo,3550308,True,,33707,,,-23.539928500000002,-46.482043874999995,,,,2,2023-06-15T01:17:25+00:00
SAO_2725-10,São Paulo,3550308,True,,33707,,,-23.510109,-46.4726065,,,,2,2023-06-15T01:17:11+00:00
SAO_2725-10,São Paulo,3550308,True,,33707,,,-23.538537749999996,-46.47995775,,,,2,2023-06-15T01:17:21+00:00
SAO_2725-10,São Paulo,3550308,True,,33707,,,-23.533987000000003,-46.473724000000004,,,,2,2023-06-15T01:17:17+00:00
SAO_2725-10,São Paulo,3550308,True,,33707,,,-23.512969499999997,-46.4736135,,,,2,2023-06-15T01:17:32+00:00
SAO_2725-10,São Paulo,3550308,True,,33707,,,-23.511140625,-46.472899999999996,,,,2,2023-06-15T01:17:30+00:00
SAO_8028-10,São Paulo,3550308,True,,35300,,,-23.5963895,-46.720296000000005,,,,2,2023-06-15T01:17:34+00:00
SAO_8028-10,São Paulo,3550308,True,,35300,,,-23.585691,-46.724018,,,,2,2023-06-15T01:17:02+00:00
SAO_8028-10,São Paulo,3550308,True,,35300,,,-23.5963895,-46.720296000000005,,,,2,2023-06-15T01:17:31+00:00
SAO_8028-10,São Paulo,3550308,True,,35300,,,-23.6200275,-46.7234975,,,,2,2023-06-15T01:17:08+00:00
SAO_8028-10,São Paulo,3550308,True,,35300,,,-23.612257749999998,-46.70313425,,,,2,2023-06-15T01:17:08+00:00
SAO_8028-10,São Paulo,3550308,True,,35300,,,-23.585691,-46.724018,,,,2,2023-06-15T01:16:59+00:00
SAO_8028-10,São Paulo,3550308,True,,35300,,,-23.585691,-46.724018,,,,2,2023-06-15T01:17:27+00:00
SAO_8028-10,São Paulo,3550308,True,,35300,,,-23.609730875000004,-46.707565375,,,,2,2023-06-15T01:17:32+00:00
SAO_5290-10,São Paulo,3550308,True,,597,,,-23.575281750000002,-46.640565499999994,,,,1,2023-06-15T01:17:38+00:00
SAO_5290-10,São Paulo,3550308,True,,597,,,-23.546433999999998,-46.630430000000004,,,,1,2023-06-15T01:17:28+00:00
SAO_5290-10,São Paulo,3550308,True,,597,,,-23.6274845,-46.642675,,,,1,2023-06-15T01:16:55+00:00
SAO_5290-10,São Paulo,3550308,True,,597,,,-23.599110500000002,-46.636593500000004,,,,1,2023-06-15T01:17:39+00:00
SAO_5290-10,São Paulo,3550308,True,,597,,,-23.660490875,-46.636798625,,,,1,2023-06-15T01:17:02+00:00
SAO_4724-10,São Paulo,3550308,True,,2060,,,-23.5312595,-46.502293,,,,1,2023-06-15T01:15:10+00:00
SAO_4724-10,São Paulo,3550308,True,,2060,,,-23.541392249999998,-46.502033999999995,,,,1,2023-06-15T01:17:30+00:00
SAO_233C-10,São Paulo,3550308,True,,155,,,-23.556135750000003,-46.56021375,,,,1,2023-06-15T01:17:27+00:00
SAO_233C-10,São Paulo,3550308,True,,155,,,-23.537906,-46.490438999999995,,,,1,2023-06-15T01:17:33+00:00
SAO_233C-10,São Paulo,3550308,True,,155,,,-23.567232,-46.5405605,,,,1,2023-06-15T01:17:33+00:00
SAO_233C-10,São Paulo,3550308,True,,155,,,-23.566226,-46.526328500000005,,,,1,2023-06-15T01:17:14+00:00
SAO_390E-10,São Paulo,3550308,True,,34650,,,-23.548865,-46.627127,,,,2,2023-06-15T01:17:20+00:00
SAO_390E-10,São Paulo,3550308,True,,34650,,,-23.53608525,-46.5864905,,,,2,2023-06-15T01:17:14+00:00
SAO_390E-10,São Paulo,3550308,True,,34650,,,-23.5190655,-46.5471045,,,,2,2023-06-15T01:17:24+00:00
SAO_390E-10,São Paulo,3550308,True,,34650,,,-23.527119499999998,-46.55454125,,,,2,2023-06-15T01:17:05+00:00
SAO_1178-31,São Paulo,3550308,True,,1812,,,-23.506162500000002,-46.522897,,,,1,2023-06-15T01:13:40+00:00
SAO_1178-31,São Paulo,3550308,True,,1812,,,-23.52935425,-46.631918,,,,1,2023-06-15T01:17:29+00:00
SAO_1178-31,São Paulo,3550308,True,,1812,,,-23.54171975,-46.63517325,,,,1,2023-06-15T01:17:36+00:00
SAO_1178-31,São Paulo,3550308,True,,1812,,,-23.49933925,-46.5226735,,,,1,2023-06-15T01:17:36+00:00
SAO_1178-31,São Paulo,3550308,True,,1812,,,-23.504262,-46.433165,,,,1,2023-06-15T01:17:33+00:00
SAO_3134-10,São Paulo,3550308,True,,993,,,-23.568192,-46.50748725,,,,1,2023-06-15T01:17:17+00:00
SAO_3134-10,São Paulo,3550308,True,,993,,,-23.578526125000003,-46.543659250000005,,,,1,2023-06-15T01:17:20+00:00
SAO_3134-10,São Paulo,3550308,True,,993,,,-23.583663,-46.582224,,,,1,2023-06-15T01:17:28+00:00
SAO_3134-10,São Paulo,3550308,True,,993,,,-23.575147,-46.553805499999996,,,,1,2023-06-15T01:17:02+00:00
SAO_3134-10,São Paulo,3550308,True,,993,,,-23.591107,-46.586836875,,,,1,2023-06-15T01:17:35+00:00
SAO_3134-10,São Paulo,3550308,True,,993,,,-23.59141175,-46.58658025,,,,1,2023-06-15T01:16:58+00:00
SAO_3134-10,São Paulo,3550308,True,,993,,,-23.585039000000002,-46.524774,,,,1,2023-06-15T01:17:38+00:00
SAO_3134-10,São Paulo,3550308,True,,993,,,-23.572844,-46.5686695,,,,1,2023-06-15T01:17:36+00:00
SAO_3134-10,São Paulo,3550308,True,,993,,,-23.574279750000002,-46.55650175,,,,1,2023-06-15T01:17:13+00:00
SAO_6057-10,São Paulo,3550308,True,,1148,,,-23.766551999999997,-46.7091615,,,,1,2023-06-15T01:16:59+00:00
SAO_6057-10,São Paulo,3550308,True,,1148,,,-23.7367155,-46.697201,,,,1,2023-06-15T01:17:32+00:00
SAO_6057-10,São Paulo,3550308,True,,1148,,,-23.7617349375,-46.709908437500005,,,,1,2023-06-15T01:17:02+00:00
SAO_6057-10,São Paulo,3550308,True,,1148,,,-23.7380895,-46.6977955,,,,1,2023-06-15T01:16:55+00:00
SAO_6057-10,São Paulo,3550308,True,,1148,,,-23.766551999999997,-46.7091615,,,,1,2023-06-15T01:16:59+00:00
SAO_6057-10,São Paulo,3550308,True,,1148,,,-23.762780499999998,-46.7033795,,,,1,2023-06-15T01:17:40+00:00
SAO_6057-10,São Paulo,3550308,True,,1148,,,-23.766551999999997,-46.7091615,,,,1,2023-06-15T01:17:04+00:00
SAO_6057-10,São Paulo,3550308,True,,1148,,,-23.766551999999997,-46.7091615,,,,1,2023-06-15T01:17:37+00:00
SAO_6057-10,São Paulo,3550308,True,,1148,,,-23.766551999999997,-46.7091615,,,,1,2023-06-15T01:17:15+00:00
SAO_8047-10,São Paulo,3550308,True,,33176,,,-23.48679,-46.7567745,,,,2,2023-06-15T01:17:34+00:00
SAO_8047-10,São Paulo,3550308,True,,33176,,,-23.5058565,-46.751275250000006,,,,2,2023-06-15T01:17:07+00:00
SAO_8047-10,São Paulo,3550308,True,,33176,,,-23.434162999999998,-46.754868,,,,2,2023-06-15T01:17:10+00:00
SAO_8047-10,São Paulo,3550308,True,,33176,,,-23.5197615,-46.7018215,,,,2,2023-06-15T01:17:27+00:00
SAO_8047-10,São Paulo,3550308,True,,33176,,,-23.434162999999998,-46.754868,,,,2,2023-06-15T01:17:07+00:00
SAO_8047-10,São Paulo,3550308,True,,33176,,,-23.47541,-46.753567000000004,,,,2,2023-06-15T01:17:30+00:00
SAO_8047-10,São Paulo,3550308,True,,33176,,,-23.513861,-46.726166,,,,2,2023-06-15T01:17:03+00:00
SAO_8047-10,São Paulo,3550308,True,,33176,,,-23.4791295,-46.7538475,,,,2,2023-06-15T01:17:03+00:00
SAO_2004-10,São Paulo,3550308,True,,892,,,-23.538890000000002,-46.4078155,,,,1,2023-06-15T01:16:08+00:00
SAO_2004-10,São Paulo,3550308,True,,892,,,-23.5416465,-46.416104000000004,,,,1,2023-06-15T01:17:18+00:00
SAO_2004-10,São Paulo,3550308,True,,892,,,-23.5384355,-46.407349499999995,,,,1,2023-06-15T01:15:45+00:00
SAO_2004-10,São Paulo,3550308,True,,892,,,-23.5243775,-46.38866125,,,,1,2023-06-15T01:17:08+00:00
SAO_7001-10,São Paulo,3550308,True,,34490,,,-23.7243085,-46.754826,,,,2,2023-06-15T01:17:37+00:00
SAO_7001-10,São Paulo,3550308,True,,34490,,,-23.72096925,-46.76488725,,,,2,2023-06-15T01:17:17+00:00
SAO_7001-10,São Paulo,3550308,True,,34490,,,-23.682834,-46.76948325,,,,2,2023-06-15T01:16:55+00:00
SAO_7001-10,São Paulo,3550308,True,,34490,,,-23.7274155,-46.763633,,,,2,2023-06-15T01:17:25+00:00
SAO_7001-10,São Paulo,3550308,True,,34490,,,-23.723874875,-46.76432,,,,2,2023-06-15T01:17:12+00:00
SAO_7001-10,São Paulo,3550308,True,,34490,,,-23.69639275,-46.779560000000004,,,,2,2023-06-15T01:17:19+00:00
SAO_7001-10,São Paulo,3550308,True,,34490,,,-23.72062,-46.7558005,,,,2,2023-06-15T01:17:10+00:00
SAO_7001-10,São Paulo,3550308,True,,34490,,,-23.6797945,-46.768844,,,,2,2023-06-15T01:17:25+00:00
SAO_7001-10,São Paulo,3550308,True,,34490,,,-23.7237105,-46.7553985,,,,2,2023-06-15T01:16:33+00:00
SAO_7001-10,São Paulo,3550308,True,,34490,,,-23.71483,-46.7741185,,,,2,2023-06-15T01:17:23+00:00
SAO_7001-10,São Paulo,3550308,True,,34490,,,-23.6873035,-46.7716925,,,,2,2023-06-15T01:17:36+00:00
SAO_7001-10,São Paulo,3550308,True,,34490,,,-23.702687,-46.7833245,,,,2,2023-06-15T01:14:08+00:00
SAO_3785-10,São Paulo,3550308,True,,1063,,,-23.55638,-46.450983375,,,,1,2023-06-15T01:16:57+00:00
SAO_3785-10,São Paulo,3550308,True,,1063,,,-23.564302750000003,-46.4462245,,,,1,2023-06-15T01:17:07+00:00
SAO_3785-10,São Paulo,3550308,True,,1063,,,-23.5950085,-46.4326515,,,,1,2023-06-15T01:17:34+00:00
SAO_3785-10,São Paulo,3550308,True,,1063,,,-23.5424255,-46.470012,,,,1,2023-06-15T01:17:31+00:00
SAO_3785-10,São Paulo,3550308,True,,1063,,,-23.5572845,-46.44540225,,,,1,2023-06-15T01:17:08+00:00
SAO_6414-10,São Paulo,3550308,True,,33128,,,-23.576207500000002,-46.670314,,,,2,2023-06-15T01:17:36+00:00
SAO_6414-10,São Paulo,3550308,True,,33128,,,-23.61368975,-46.696019,,,,2,2023-06-15T01:17:06+00:00
SAO_6414-10,São Paulo,3550308,True,,33128,,,-23.618018499999998,-46.697607375000004,,,,2,2023-06-15T01:16:18+00:00
SAO_6414-10,São Paulo,3550308,True,,33128,,,-23.603969499999998,-46.6911895,,,,2,2023-06-15T01:17:20+00:00
SAO_6414-10,São Paulo,3550308,True,,33128,,,-23.646549812499998,-46.70300625,,,,2,2023-06-15T01:17:13+00:00
SAO_6414-10,São Paulo,3550308,True,,33128,,,-23.595443500000002,-46.6732535,,,,2,2023-06-15T01:17:32+00:00
SAO_938C-10,São Paulo,3550308,True,,33354,,,-23.44336525,-46.713192250000006,,,,2,2023-06-15T01:17:00+00:00
SAO_938C-10,São Paulo,3550308,True,,33354,,,-23.4909245,-46.715559999999996,,,,2,2023-06-15T01:17:07+00:00
SAO_938C-10,São Paulo,3550308,True,,33354,,,-23.44336525,-46.713192250000006,,,,2,2023-06-15T01:17:24+00:00
SAO_938C-10,São Paulo,3550308,True,,33354,,,-23.461248,-46.720963499999996,,,,2,2023-06-15T01:15:15+00:00
SAO_938C-10,São Paulo,3550308,True,,33354,,,-23.522756625,-46.692119812499996,,,,2,2023-06-15T01:17:19+00:00
SAO_4726-10,São Paulo,3550308,True,,34448,,,-23.563243,-46.592068499999996,,,,2,2023-06-15T01:17:14+00:00
SAO_4726-10,São Paulo,3550308,True,,34448,,,-23.541197500000003,-46.576529,,,,2,2023-06-15T01:17:39+00:00
SAO_4726-10,São Paulo,3550308,True,,34448,,,-23.541269,-46.5768465,,,,2,2023-06-15T01:17:14+00:00
SAO_4726-10,São Paulo,3550308,True,,34448,,,-23.5576165,-46.585663,,,,2,2023-06-15T01:17:28+00:00
SAO_4726-10,São Paulo,3550308,True,,34448,,,-23.56198225,-46.59304,,,,2,2023-06-15T01:17:12+00:00
SAO_4726-10,São Paulo,3550308,True,,34448,,,-23.55069975,-46.5785055,,,,2,2023-06-15T01:17:22+00:00
SAO_4726-10,São Paulo,3550308,True,,34448,,,-23.550873250000002,-46.58012975,,,,2,2023-06-15T01:17:18+00:00
SAO_4726-10,São Paulo,3550308,True,,34448,,,-23.563701249999998,-46.58846275,,,,2,2023-06-15T01:17:03+00:00
SAO_4726-10,São Paulo,3550308,True,,34448,,,-23.56406775,-46.587662,,,,2,2023-06-15T01:17:26+00:00
SAO_4726-10,São Paulo,3550308,True,,34448,,,-23.5673195,-46.582275499999994,,,,2,2023-06-15T01:17:28+00:00
SAO_3069-10,São Paulo,3550308,True,,984,,,-23.611272,-46.475627,,,,1,2023-06-15T01:17:33+00:00
SAO_3069-10,São Paulo,3550308,True,,984,,,-23.621373,-46.443372,,,,1,2023-06-15T01:17:38+00:00
SAO_3069-10,São Paulo,3550308,True,,984,,,-23.61634375,-46.46902275,,,,1,2023-06-15T01:17:17+00:00
SAO_6418-10,São Paulo,3550308,True,,33539,,,-23.61845175,-46.69627975,,,,2,2023-06-15T01:17:41+00:00
SAO_6418-10,São Paulo,3550308,True,,33539,,,-23.617686,-46.695666,,,,2,2023-06-15T01:17:35+00:00
SAO_3738-10,São Paulo,3550308,True,,1038,,,-23.5645475,-46.4063895,,,,1,2023-06-15T01:16:58+00:00
SAO_3738-10,São Paulo,3550308,True,,1038,,,-23.566772999999998,-46.394554,,,,1,2023-06-15T01:17:13+00:00
SAO_3738-10,São Paulo,3550308,True,,1038,,,-23.556653500000003,-46.422925625,,,,1,2023-06-15T01:17:30+00:00
SAO_3738-10,São Paulo,3550308,True,,1038,,,-23.55197675,-46.44396725,,,,1,2023-06-15T01:17:27+00:00
SAO_3738-10,São Paulo,3550308,True,,1038,,,-23.5422665,-46.470055,,,,1,2023-06-15T01:17:08+00:00
SAO_3738-10,São Paulo,3550308,True,,1038,,,-23.538381,-46.45576,,,,1,2023-06-15T01:17:27+00:00
SAO_3738-10,São Paulo,3550308,True,,1038,,,-23.542603999999997,-46.469476,,,,1,2023-06-15T01:16:57+00:00
SAO_175P-10,São Paulo,3550308,True,,33443,,,-23.512112000000002,-46.655290375,,,,2,2023-06-15T01:16:56+00:00
SAO_175P-10,São Paulo,3550308,True,,33443,,,-23.50030225,-46.637009625000005,,,,2,2023-06-15T01:17:02+00:00
SAO_175P-10,São Paulo,3550308,True,,33443,,,-23.5816105,-46.6381645,,,,2,2023-06-15T01:17:09+00:00
SAO_175P-10,São Paulo,3550308,True,,33443,,,-23.5868676875,-46.6358206875,,,,2,2023-06-15T01:17:30+00:00
SAO_175P-10,São Paulo,3550308,True,,33443,,,-23.519671250000002,-46.6551575,,,,2,2023-06-15T01:17:26+00:00
SAO_175P-10,São Paulo,3550308,True,,33443,,,-23.5852253125,-46.636866312500004,,,,2,2023-06-15T01:17:11+00:00
SAO_175P-10,São Paulo,3550308,True,,33443,,,-23.50252225,-46.626307,,,,2,2023-06-15T01:17:11+00:00
SAO_175P-10,São Paulo,3550308,True,,33443,,,-23.5590385,-46.659078,,,,2,2023-06-15T01:17:21+00:00
SAO_175P-10,São Paulo,3550308,True,,33443,,,-23.5663744375,-46.6504566875,,,,2,2023-06-15T01:17:41+00:00
SAO_175P-10,São Paulo,3550308,True,,33443,,,-23.544390749999998,-46.673417,,,,2,2023-06-15T01:17:17+00:00
SAO_175P-10,São Paulo,3550308,True,,33443,,,-23.5852253125,-46.636866312500004,,,,2,2023-06-15T01:16:58+00:00
SAO_175P-10,São Paulo,3550308,True,,33443,,,-23.5313735,-46.660951,,,,2,2023-06-15T01:17:36+00:00
SAO_175P-10,São Paulo,3550308,True,,33443,,,-23.5118305,-46.653274999999994,,,,2,2023-06-15T01:17:26+00:00
SAO_5362-10,São Paulo,3550308,True,BR7 Mobilidade,70,https://moovitapp.com/index/pt-br/transporte_p%C3%BAblico-line-70-Sao_Paulo-242-851856-2250296-0,5.75,-23.549413,-46.637629000000004,,,,1,2023-06-15T01:17:11+00:00
SAO_5362-10,São Paulo,3550308,True,BR7 Mobilidade,70,https://moovitapp.com/index/pt-br/transporte_p%C3%BAblico-line-70-Sao_Paulo-242-851856-2250296-0,5.75,-23.580498562499997,-46.64867112499999,,,,1,2023-06-15T01:17:11+00:00
SAO_5362-10,São Paulo,3550308,True,BR7 Mobilidade,70,https://moovitapp.com/index/pt-br/transporte_p%C3%BAblico-line-70-Sao_Paulo-242-851856-2250296-0,5.75,-23.686492,-46.7144655,,,,1,2023-06-15T01:17:38+00:00
SAO_5362-10,São Paulo,3550308,True,BR7 Mobilidade,70,https://moovitapp.com/index/pt-br/transporte_p%C3%BAblico-line-70-Sao_Paulo-242-851856-2250296-0,5.75,-23.7304805,-46.698091500000004,,,,1,2023-06-15T01:17:41+00:00
SAO_5362-10,São Paulo,3550308,True,BR7 Mobilidade,70,https://moovitapp.com/index/pt-br/transporte_p%C3%BAblico-line-70-Sao_Paulo-242-851856-2250296-0,5.75,-23.661396500000002,-46.705166,,,,1,2023-06-15T01:17:07+00:00
SAO_5362-10,São Paulo,3550308,True,BR7 Mobilidade,70,https://moovitapp.com/index/pt-br/transporte_p%C3%BAblico-line-70-Sao_Paulo-242-851856-2250296-0,5.75,-23.6615745,-46.705359,,,,1,2023-06-15T01:17:09+00:00
SAO_5362-10,São Paulo,3550308,True,BR7 Mobilidade,70,https://moovitapp.com/index/pt-br/transporte_p%C3%BAblico-line-70-Sao_Paulo-242-851856-2250296-0,5.75,-23.711123,-46.7109855,,,,1,2023-06-15T01:17:14+00:00
SAO_5362-10,São Paulo,3550308,True,BR7 Mobilidade,70,https://moovitapp.com/index/pt-br/transporte_p%C3%BAblico-line-70-Sao_Paulo-242-851856-2250296-0,5.75,-23.7445215,-46.670979,,,,1,2023-06-15T01:17:40+00:00
SAO_819A-10,São Paulo,3550308,True,,33571,,,-23.4865695,-46.6753735,,,,2,2023-06-15T01:17:20+00:00
SAO_819A-10,São Paulo,3550308,True,,33571,,,-23.4389495,-46.7307735,,,,2,2023-06-15T01:17:36+00:00
SAO_819A-10,São Paulo,3550308,True,,33571,,,-23.4386675,-46.748738,,,,2,2023-06-15T01:17:23+00:00
SAO_819A-10,São Paulo,3550308,True,,33571,,,-23.481119999999997,-46.6731495,,,,2,2023-06-15T01:17:26+00:00
SAO_819A-10,São Paulo,3550308,True,,33571,,,-23.4361265,-46.7533595,,,,2,2023-06-15T01:17:36+00:00
SAO_819A-10,São Paulo,3550308,True,,33571,,,-23.4351505,-46.7177835,,,,2,2023-06-15T01:17:30+00:00
SAO_819A-10,São Paulo,3550308,True,,33571,,,-23.452408499999997,-46.6998515,,,,2,2023-06-15T01:17:36+00:00
SAO_819A-10,São Paulo,3550308,True,,33571,,,-23.452331,-46.735573,,,,2,2023-06-15T01:17:32+00:00
SAO_819A-10,São Paulo,3550308,True,,33571,,,-23.452482,-46.7364105,,,,2,2023-06-15T01:16:53+00:00
SAO_819A-10,São Paulo,3550308,True,,33571,,,-23.435080999999997,-46.751767,,,,2,2023-06-15T01:17:00+00:00
SAO_819A-10,São Paulo,3550308,True,,33571,,,-23.473703999999998,-46.669427,,,,2,2023-06-15T01:17:30+00:00
SAO_819A-10,São Paulo,3550308,True,,33571,,,-23.441991875,-46.707130375,,,,2,2023-06-15T01:17:18+00:00
SAO_5652-10,São Paulo,3550308,True,STT,274,https://moovitapp.com/index/pt-br/transporte_p%C3%BAblico-line-274-Sao_Paulo-242-850661-183274-0,5.3,-23.57180025,-46.640876500000005,,,,1,2023-06-15T01:17:38+00:00
SAO_5652-10,São Paulo,3550308,True,STT,274,https://moovitapp.com/index/pt-br/transporte_p%C3%BAblico-line-274-Sao_Paulo-242-850661-183274-0,5.3,-23.549821,-46.6353555,,,,1,2023-06-15T01:17:13+00:00
SAO_5652-10,São Paulo,3550308,True,STT,274,https://moovitapp.com/index/pt-br/transporte_p%C3%BAblico-line-274-Sao_Paulo-242-850661-183274-0,5.3,-23.615941,-46.660298499999996,,,,1,2023-06-15T01:17:28+00:00
SAO_978T-10,São Paulo,3550308,True,,889,,,-23.4863115,-46.692451500000004,,,,1,2023-06-15T01:17:24+00:00
SAO_978T-10,São Paulo,3550308,True,,889,,,-23.467943499999997,-46.697711,,,,1,2023-06-15T01:17:11+00:00
SAO_978T-10,São Paulo,3550308,True,,889,,,-23.5266615,-46.6675825,,,,1,2023-06-15T01:16:32+00:00
SAO_978T-10,São Paulo,3550308,True,,889,,,-23.470693500000003,-46.6925345,,,,1,2023-06-15T01:17:12+00:00
SAO_978T-10,São Paulo,3550308,True,,889,,,-23.49143875,-46.6951185,,,,1,2023-06-15T01:17:23+00:00
SAO_978T-10,São Paulo,3550308,True,,889,,,-23.461125000000003,-46.6902875,,,,1,2023-06-15T01:17:05+00:00
SAO_978T-10,São Paulo,3550308,True,,889,,,-23.4817435,-46.6920845,,,,1,2023-06-15T01:17:33+00:00
SAO_978T-10,São Paulo,3550308,True,,889,,,-23.492621,-46.6962925,,,,1,2023-06-15T01:17:22+00:00
SAO_978T-10,São Paulo,3550308,True,,889,,,-23.52606975,-46.688676875,,,,1,2023-06-15T01:17:38+00:00
SAO_978T-10,São Paulo,3550308,True,,889,,,-23.5149045,-46.698296,,,,1,2023-06-15T01:17:29+00:00
SAO_978T-10,São Paulo,3550308,True,,889,,,-23.525927000000003,-46.669558499999994,,,,1,2023-06-15T01:17:03+00:00
SAO_978T-10,São Paulo,3550308,True,,889,,,-23.5257705,-46.6701875,,,,1,2023-06-15T01:17:04+00:00
SAO_978T-10,São Paulo,3550308,True,,889,,,-23.4630325,-46.7013225,,,,1,2023-06-15T01:17:20+00:00
SAO_978T-10,São Paulo,3550308,True,,889,,,-23.45843275,-46.697115,,,,1,2023-06-15T01:17:25+00:00
SAO_407L-10,São Paulo,3550308,True,,2199,,,-23.536217,-46.4669085,,,,1,2023-06-15T01:17:40+00:00
SAO_407L-10,São Paulo,3550308,True,,2199,,,-23.53482375,-46.452111,,,,1,2023-06-15T01:17:22+00:00
SAO_407L-10,São Paulo,3550308,True,,2199,,,-23.5365385,-46.473466,,,,1,2023-06-15T01:10:30+00:00
SAO_407L-10,São Paulo,3550308,True,,2199,,,-23.590169500000002,-46.3950145,,,,1,2023-06-15T01:16:57+00:00
SAO_407L-10,São Paulo,3550308,True,,2199,,,-23.5333405,-46.479867,,,,1,2023-06-15T01:16:06+00:00
SAO_407L-10,São Paulo,3550308,True,,2199,,,-23.530656,-46.4955115,,,,1,2023-06-15T01:17:38+00:00
SAO_407L-10,São Paulo,3550308,True,,2199,,,-23.5421065,-46.419275999999996,,,,1,2023-06-15T01:17:11+00:00
SAO_407L-10,São Paulo,3550308,True,,2199,,,-23.590169500000002,-46.3950145,,,,1,2023-06-15T01:17:12+00:00
SAO_709A-10,São Paulo,3550308,True,,34860,,,-23.613308,-46.6959645,,,,2,2023-06-15T01:17:39+00:00
SAO_709A-10,São Paulo,3550308,True,,34860,,,-23.595342375,-46.69060025,,,,2,2023-06-15T01:16:55+00:00
SAO_709A-10,São Paulo,3550308,True,,34860,,,-23.587401749999998,-46.6749285,,,,2,2023-06-15T01:15:53+00:00
SAO_709A-10,São Paulo,3550308,True,,34860,,,-23.607668750000002,-46.69383725,,,,2,2023-06-15T01:17:28+00:00
SAO_546J-31,São Paulo,3550308,True,,2015,,,-23.687824,-46.658593499999995,,,,1,2023-06-15T01:17:17+00:00
SAO_546J-31,São Paulo,3550308,True,,2015,,,-23.661091499999998,-46.6941185,,,,1,2023-06-15T01:17:34+00:00
SAO_546J-31,São Paulo,3550308,True,,2015,,,-23.667644,-46.673683499999996,,,,1,2023-06-15T01:16:56+00:00
SAO_546J-31,São Paulo,3550308,True,,2015,,,-23.6929245,-46.659800000000004,,,,1,2023-06-15T01:17:06+00:00
SAO_546J-31,São Paulo,3550308,True,,2015,,,-23.6541305,-46.7049545,,,,1,2023-06-15T01:17:05+00:00
SAO_9191-10,São Paulo,3550308,True,,33578,,,-23.45617325,-46.680612249999996,,,,2,2023-06-15T01:17:05+00:00
SAO_9191-10,São Paulo,3550308,True,,33578,,,-23.530159,-46.6342585,,,,2,2023-06-15T01:17:05+00:00
SAO_9191-10,São Paulo,3550308,True,,33578,,,-23.520799,-46.6677885,,,,2,2023-06-15T01:17:19+00:00
SAO_9191-10,São Paulo,3550308,True,,33578,,,-23.4559915,-46.6784675,,,,2,2023-06-15T01:17:34+00:00
SAO_9191-10,São Paulo,3550308,True,,33578,,,-23.52587975,-46.6431255,,,,2,2023-06-15T01:17:34+00:00
SAO_9191-10,São Paulo,3550308,True,,33578,,,-23.4589265,-46.680364,,,,2,2023-06-15T01:17:16+00:00
SAO_9191-10,São Paulo,3550308,True,,33578,,,-23.4718545,-46.666402500000004,,,,2,2023-06-15T01:16:56+00:00
SAO_9191-10,São Paulo,3550308,True,,33578,,,-23.492182999999997,-46.67715,,,,2,2023-06-15T01:17:26+00:00
SAO_9191-10,São Paulo,3550308,True,,33578,,,-23.507984,-46.6737575,,,,2,2023-06-15T01:17:26+00:00
SAO_9191-10,São Paulo,3550308,True,,33578,,,-23.524917875,-46.65784725,,,,2,2023-06-15T01:17:19+00:00
SAO_9191-10,São Paulo,3550308,True,,33578,,,-23.45839075,-46.680952500000004,,,,2,2023-06-15T01:17:38+00:00
SAO_9191-10,São Paulo,3550308,True,,33578,,,-23.5040555,-46.683237500000004,,,,2,2023-06-15T01:17:38+00:00
SAO_9191-10,São Paulo,3550308,True,,33578,,,-23.456059500000002,-46.678576,,,,2,2023-06-15T01:17:20+00:00
SAO_3054-10,São Paulo,3550308,True,,975,,,-23.59835325,-46.462719750000005,,,,1,2023-06-15T01:17:00+00:00
SAO_3054-10,São Paulo,3550308,True,,975,,,-23.59419625,-46.42337975,,,,1,2023-06-15T01:17:30+00:00
SAO_3054-10,São Paulo,3550308,True,,975,,,-23.595320625,-46.438813624999995,,,,1,2023-06-15T01:17:09+00:00
SAO_3054-10,São Paulo,3550308,True,,975,,,-23.59388,-46.493421,,,,1,2023-06-15T01:17:08+00:00
SAO_3054-10,São Paulo,3550308,True,,975,,,-23.609925,-46.407969,,,,1,2023-06-15T01:17:25+00:00
SAO_3054-10,São Paulo,3550308,True,,975,,,-23.6112775,-46.475717,,,,1,2023-06-15T01:17:32+00:00
SAO_9785-10,São Paulo,3550308,True,,33596,,,-23.5262215,-46.6723845,,,,2,2023-06-15T01:17:15+00:00
SAO_9785-10,São Paulo,3550308,True,,33596,,,-23.456933,-46.69915625,,,,2,2023-06-15T01:17:10+00:00
SAO_9785-10,São Paulo,3550308,True,,33596,,,-23.474922499999998,-46.6888615,,,,2,2023-06-15T01:17:14+00:00
SAO_9785-10,São Paulo,3550308,True,,33596,,,-23.508347999999998,-46.68850475,,,,2,2023-06-15T01:15:14+00:00
SAO_9785-10,São Paulo,3550308,True,,33596,,,-23.50774575,-46.69139200000001,,,,2,2023-06-15T01:16:26+00:00
SAO_9785-10,São Paulo,3550308,True,,33596,,,-23.5074275,-46.6827485,,,,2,2023-06-15T01:16:57+00:00
SAO_9785-10,São Paulo,3550308,True,,33596,,,-23.508072499999997,-46.684437,,,,2,2023-06-15T01:17:05+00:00
SAO_9785-10,São Paulo,3550308,True,,33596,,,-23.47296,-46.690507,,,,2,2023-06-15T01:17:17+00:00
SAO_9785-10,São Paulo,3550308,True,,33596,,,-23.52315175,-46.66931,,,,2,2023-06-15T01:17:34+00:00
SAO_407E-10,São Paulo,3550308,True,,2215,,,-23.550654,-46.522548,,,,1,2023-06-15T01:17:19+00:00
SAO_407E-10,São Paulo,3550308,True,,2215,,,-23.5399025,-46.5415365,,,,1,2023-06-15T01:17:32+00:00
SAO_407E-10,São Paulo,3550308,True,,2215,,,-23.5732925,-46.503786500000004,,,,1,2023-06-15T01:16:58+00:00
SAO_407E-10,São Paulo,3550308,True,,2215,,,-23.6235405,-46.446826,,,,1,2023-06-15T01:17:24+00:00
SAO_407E-10,São Paulo,3550308,True,,2215,,,-23.60921125,-46.464186749999996,,,,1,2023-06-15T01:17:21+00:00
SAO_407E-10,São Paulo,3550308,True,,2215,,,-23.536740625,-46.557596124999996,,,,1,2023-06-15T01:16:34+00:00
SAO_407E-10,São Paulo,3550308,True,,2215,,,-23.5383015,-46.565284,,,,1,2023-06-15T01:16:54+00:00
SAO_6200-10,São Paulo,3550308,True,,355,,,-23.6115255,-46.698155125,,,,1,2023-06-15T01:17:05+00:00
SAO_6200-10,São Paulo,3550308,True,,355,,,-23.654486499999997,-46.7150675,,,,1,2023-06-15T01:16:59+00:00
SAO_6200-10,São Paulo,3550308,True,,355,,,-23.60824025,-46.6974405,,,,1,2023-06-15T01:17:09+00:00
SAO_6200-10,São Paulo,3550308,True,,355,,,-23.5832955,-46.6864085,,,,1,2023-06-15T01:17:12+00:00
SAO_6200-10,São Paulo,3550308,True,,355,,,-23.65423,-46.7120225,,,,1,2023-06-15T01:17:26+00:00
SAO_6200-10,São Paulo,3550308,True,,355,,,-23.624718625,-46.706378625,,,,1,2023-06-15T01:17:11+00:00
SAO_6200-10,São Paulo,3550308,True,,355,,,-23.593559,-46.692246999999995,,,,1,2023-06-15T01:17:38+00:00
SAO_6200-10,São Paulo,3550308,True,,355,,,-23.605002,-46.696405,,,,1,2023-06-15T01:17:35+00:00
SAO_6200-10,São Paulo,3550308,True,,355,,,-23.65423,-46.7120225,,,,1,2023-06-15T01:17:39+00:00
SAO_6200-10,São Paulo,3550308,True,,355,,,-23.612657499999997,-46.698394500000006,,,,1,2023-06-15T01:17:06+00:00
SAO_6200-10,São Paulo,3550308,True,,355,,,-23.59001725,-46.69107149999999,,,,1,2023-06-15T01:17:38+00:00
SAO_6200-10,São Paulo,3550308,True,,355,,,-23.6541255,-46.711158,,,,1,2023-06-15T01:17:34+00:00
SAO_8700-1,São Paulo,3550308,True,,35276,,,-23.631797499999998,-46.7719915,,,,2,2023-06-15T01:17:02+00:00
SAO_8700-1,São Paulo,3550308,True,,35276,,,-23.543536500000002,-46.641743500000004,,,,2,2023-06-15T01:17:02+00:00
SAO_8700-1,São Paulo,3550308,True,,35276,,,-23.59349675,-46.735322999999994,,,,2,2023-06-15T01:17:10+00:00
SAO_8700-1,São Paulo,3550308,True,,35276,,,-23.6310935,-46.773485,,,,2,2023-06-15T01:17:21+00:00
SAO_178T-10,São Paulo,3550308,True,EMTU,565,https://moovitapp.com/index/pt-br/transporte_p%C3%BAblico-line-565-Sao_Paulo-242-2038937-36419563-0,8.1,-23.5056725,-46.706314,,,,1,2023-06-15T01:14:01+00:00
SAO_178T-10,São Paulo,3550308,True,EMTU,565,https://moovitapp.com/index/pt-br/transporte_p%C3%BAblico-line-565-Sao_Paulo-242-2038937-36419563-0,8.1,-23.486641,-46.639146,,,,1,2023-06-15T01:17:24+00:00
SAO_178T-10,São Paulo,3550308,True,EMTU,565,https://moovitapp.com/index/pt-br/transporte_p%C3%BAblico-line-565-Sao_Paulo-242-2038937-36419563-0,8.1,-23.496862,-46.627975500000005,,,,1,2023-06-15T01:17:16+00:00
SAO_178T-10,São Paulo,3550308,True,EMTU,565,https://moovitapp.com/index/pt-br/transporte_p%C3%BAblico-line-565-Sao_Paulo-242-2038937-36419563-0,8.1,-23.486649999999997,-46.6420415,,,,1,2023-06-15T01:17:10+00:00
SAO_178T-10,São Paulo,3550308,True,EMTU,565,https://moovitapp.com/index/pt-br/transporte_p%C3%BAblico-line-565-Sao_Paulo-242-2038937-36419563-0,8.1,-23.5040325,-46.67317,,,,1,2023-06-15T01:17:00+00:00
SAO_178T-10,São Paulo,3550308,True,EMTU,565,https://moovitapp.com/index/pt-br/transporte_p%C3%BAblico-line-565-Sao_Paulo-242-2038937-36419563-0,8.1,-23.501570875,-46.694356125,,,,1,2023-06-15T01:17:13+00:00
SAO_178T-10,São Paulo,3550308,True,EMTU,565,https://moovitapp.com/index/pt-br/transporte_p%C3%BAblico-line-565-Sao_Paulo-242-2038937-36419563-0,8.1,-23.5313455,-46.7346275,,,,1,2023-06-15T01:16:55+00:00
SAO_6021-10,São Paulo,3550308,True,EMTU,177,https://moovitapp.com/index/pt-br/transporte_p%C3%BAblico-line-177-Sao_Paulo-242-2038937-36419313-0,5.2,-23.792986,-46.730963,,,,1,2023-06-15T01:17:34+00:00
SAO_6021-10,São Paulo,3550308,True,EMTU,177,https://moovitapp.com/index/pt-br/transporte_p%C3%BAblico-line-177-Sao_Paulo-242-2038937-36419313-0,5.2,-23.7668205,-46.716344500000005,,,,1,2023-06-15T01:17:06+00:00
SAO_6021-10,São Paulo,3550308,True,EMTU,177,https://moovitapp.com/index/pt-br/transporte_p%C3%BAblico-line-177-Sao_Paulo-242-2038937-36419313-0,5.2,-23.7668205,-46.716344500000005,,,,1,2023-06-15T01:17:19+00:00
SAO_8073-10,São Paulo,3550308,True,,2081,,,-23.588442999999998,-46.736321375,,,,1,2023-06-15T01:17:08+00:00
SAO_8073-10,São Paulo,3550308,True,,2081,,,-23.598914999999998,-46.7661705,,,,1,2023-06-15T01:17:35+00:00
SAO_8073-10,São Paulo,3550308,True,,2081,,,-23.59181125,-46.73579,,,,1,2023-06-15T01:17:03+00:00
SAO_2734-10,São Paulo,3550308,True,,1760,,,-23.51641,-46.435668500000006,,,,1,2023-06-15T01:14:45+00:00
SAO_2734-10,São Paulo,3550308,True,,1760,,,-23.542138,-46.471932499999994,,,,1,2023-06-15T01:17:40+00:00
SAO_2734-10,São Paulo,3550308,True,,1760,,,-23.53980175,-46.463246000000005,,,,1,2023-06-15T01:17:37+00:00
SAO_2734-10,São Paulo,3550308,True,,1760,,,-23.509226124999998,-46.435460125,,,,1,2023-06-15T01:17:23+00:00
SAO_2734-10,São Paulo,3550308,True,,1760,,,-23.5394575,-46.458197999999996,,,,1,2023-06-15T01:14:21+00:00
SAO_701U-10,São Paulo,3550308,True,,657,,,-23.563521,-46.7157825,,,,1,2023-06-15T01:17:31+00:00
SAO_701U-10,São Paulo,3550308,True,,657,,,-23.5034445,-46.6236255,,,,1,2023-06-15T01:17:18+00:00
SAO_701U-10,São Paulo,3550308,True,,657,,,-23.5521175,-46.7315415,,,,1,2023-06-15T01:17:38+00:00
SAO_364A-10,São Paulo,3550308,True,,1246,,,-23.582998250000003,-46.570857000000004,,,,1,2023-06-15T01:17:33+00:00
SAO_364A-10,São Paulo,3550308,True,,1246,,,-23.5839275,-46.59008675,,,,1,2023-06-15T01:17:25+00:00
SAO_364A-10,São Paulo,3550308,True,,1246,,,-23.582583,-46.56397975,,,,1,2023-06-15T01:17:41+00:00
SAO_364A-10,São Paulo,3550308,True,,1246,,,-23.5960185,-46.526118,,,,1,2023-06-15T01:17:17+00:00
SAO_364A-10,São Paulo,3550308,True,,1246,,,-23.594797,-46.503833,,,,1,2023-06-15T01:17:36+00:00
SAO_364A-10,São Paulo,3550308,True,,1246,,,-23.601165875000003,-46.50451175,,,,1,2023-06-15T01:17:26+00:00
SAO_364A-10,São Paulo,3550308,True,,1246,,,-23.595695499999998,-46.5249735,,,,1,2023-06-15T01:17:37+00:00
SAO_364A-10,São Paulo,3550308,True,,1246,,,-23.609343250000002,-46.5052805,,,,1,2023-06-15T01:17:13+00:00
SAO_364A-10,São Paulo,3550308,True,,1246,,,-23.5905515,-46.5417815,,,,1,2023-06-15T01:17:31+00:00
SAO_364A-10,São Paulo,3550308,True,,1246,,,-23.563899,-46.502674999999996,,,,1,2023-06-15T01:17:29+00:00
SAO_364A-10,São Paulo,3550308,True,,1246,,,-23.584756,-46.61188,,,,1,2023-06-15T01:17:38+00:00
SAO_364A-10,São Paulo,3550308,True,,1246,,,-23.6149045,-46.501684999999995,,,,1,2023-06-15T01:17:03+00:00
SAO_364A-10,São Paulo,3550308,True,,1246,,,-23.582854124999997,-46.590602000000004,,,,1,2023-06-15T01:17:17+00:00
SAO_364A-10,São Paulo,3550308,True,,1246,,,-23.566633000000003,-46.506377,,,,1,2023-06-15T01:17:42+00:00
SAO_364A-10,São Paulo,3550308,True,,1246,,,-23.58839,-46.6105175,,,,1,2023-06-15T01:17:13+00:00
SAO_2080-10,São Paulo,3550308,True,,33139,,,-23.5081625,-46.3661455,,,,2,2023-06-15T01:15:14+00:00
SAO_2080-10,São Paulo,3550308,True,,33139,,,-23.49227825,-46.4479485,,,,2,2023-06-15T01:17:14+00:00
SAO_2080-10,São Paulo,3550308,True,,33139,,,-23.510135124999998,-46.366632749999994,,,,2,2023-06-15T01:17:11+00:00
SAO_2080-10,São Paulo,3550308,True,,33139,,,-23.501457000000002,-46.3678165,,,,2,2023-06-15T01:17:34+00:00
SAO_2080-10,São Paulo,3550308,True,,33139,,,-23.507331,-46.48329575,,,,2,2023-06-15T01:17:08+00:00
SAO_2080-10,São Paulo,3550308,True,,33139,,,-23.494611749999997,-46.414021250000005,,,,2,2023-06-15T01:17:30+00:00
SAO_2080-10,São Paulo,3550308,True,,33139,,,-23.51422525,-46.5259035,,,,2,2023-06-15T01:17:24+00:00
SAO_407K-10,São Paulo,3550308,True,,2168,,,-23.593412875000002,-46.488488499999995,,,,1,2023-06-15T01:17:14+00:00
SAO_407K-10,São Paulo,3550308,True,,2168,,,-23.536553875000003,-46.55657725,,,,1,2023-06-15T01:14:31+00:00
SAO_407K-10,São Paulo,3550308,True,,2168,,,-23.6113085,-46.476020500000004,,,,1,2023-06-15T01:17:40+00:00
SAO_6016-41,São Paulo,3550308,True,,34474,,,-23.774839999999998,-46.675741,,,,2,2023-06-15T01:16:59+00:00
SAO_6016-41,São Paulo,3550308,True,,34474,,,-23.772101749999997,-46.6781575,,,,2,2023-06-15T01:17:21+00:00
SAO_6016-41,São Paulo,3550308,True,,34474,,,-23.7745565,-46.675799,,,,2,2023-06-15T01:17:14+00:00
SAO_6016-41,São Paulo,3550308,True,,34474,,,-23.774729,-46.675773500000005,,,,2,2023-06-15T01:17:16+00:00
SAO_509M-10,São Paulo,3550308,True,,34045,,,-23.594691625000003,-46.653908,,,,2,2023-06-15T01:17:08+00:00
SAO_509M-10,São Paulo,3550308,True,,34045,,,-23.679894,-46.6367245,,,,2,2023-06-15T01:17:35+00:00
SAO_509M-10,São Paulo,3550308,True,,34045,,,-23.5525745,-46.6368265,,,,2,2023-06-15T01:17:23+00:00
SAO_509M-10,São Paulo,3550308,True,,34045,,,-23.6354895,-46.678484749999996,,,,2,2023-06-15T01:17:13+00:00
SAO_509M-10,São Paulo,3550308,True,,34045,,,-23.679181,-46.640398000000005,,,,2,2023-06-15T01:17:08+00:00
SAO_509M-10,São Paulo,3550308,True,,34045,,,-23.640228999999998,-46.67658,,,,2,2023-06-15T01:17:39+00:00
SAO_746K-10,São Paulo,3550308,True,STT,787,https://moovitapp.com/index/pt-br/transporte_p%C3%BAblico-line-787-Sao_Paulo-242-850661-183355-0,5.3,-23.617183625000003,-46.708372749999995,,,,1,2023-06-15T01:17:30+00:00
SAO_746K-10,São Paulo,3550308,True,STT,787,https://moovitapp.com/index/pt-br/transporte_p%C3%BAblico-line-787-Sao_Paulo-242-850661-183355-0,5.3,-23.622202,-46.687854,,,,1,2023-06-15T01:17:35+00:00
SAO_746K-10,São Paulo,3550308,True,STT,787,https://moovitapp.com/index/pt-br/transporte_p%C3%BAblico-line-787-Sao_Paulo-242-850661-183355-0,5.3,-23.61336325,-46.682782,,,,1,2023-06-15T01:17:12+00:00
SAO_746K-10,São Paulo,3550308,True,STT,787,https://moovitapp.com/index/pt-br/transporte_p%C3%BAblico-line-787-Sao_Paulo-242-850661-183355-0,5.3,-23.625848,-46.7191125,,,,1,2023-06-15T01:17:13+00:00
SAO_746K-10,São Paulo,3550308,True,STT,787,https://moovitapp.com/index/pt-br/transporte_p%C3%BAblico-line-787-Sao_Paulo-242-850661-183355-0,5.3,-23.62107775,-46.69360675,,,,1,2023-06-15T01:17:00+00:00
SAO_6118-10,São Paulo,3550308,True,,33956,,,-23.7437265,-46.7057055,,,,2,2023-06-15T01:17:42+00:00
SAO_6118-10,São Paulo,3550308,True,,33956,,,-23.655372,-46.707835,,,,2,2023-06-15T01:17:19+00:00
SAO_6118-10,São Paulo,3550308,True,,33956,,,-23.752415999999997,-46.70257425,,,,2,2023-06-15T01:17:41+00:00
SAO_6118-10,São Paulo,3550308,True,,33956,,,-23.7087785,-46.702757500000004,,,,2,2023-06-15T01:17:30+00:00
SAO_6118-10,São Paulo,3550308,True,,33956,,,-23.670868374999998,-46.7129125,,,,2,2023-06-15T01:17:41+00:00
SAO_6118-10,São Paulo,3550308,True,,33956,,,-23.752415999999997,-46.70257425,,,,2,2023-06-15T01:17:40+00:00
SAO_6118-10,São Paulo,3550308,True,,33956,,,-23.6539735,-46.71161549999999,,,,2,2023-06-15T01:17:00+00:00
SAO_6118-10,São Paulo,3550308,True,,33956,,,-23.7148675,-46.7067225,,,,2,2023-06-15T01:17:37+00:00
SAO_8700-10,São Paulo,3550308,True,,34645,,,-23.61119875,-46.753526,,,,2,2023-06-15T01:17:39+00:00
SAO_8700-10,São Paulo,3550308,True,,34645,,,-23.6317985,-46.771744,,,,2,2023-06-15T01:17:13+00:00
SAO_8700-10,São Paulo,3550308,True,,34645,,,-23.5550435,-46.662276500000004,,,,2,2023-06-15T01:17:26+00:00
SAO_8700-10,São Paulo,3550308,True,,34645,,,-23.631508,-46.7726,,,,2,2023-06-15T01:17:05+00:00
SAO_8700-10,São Paulo,3550308,True,,34645,,,-23.5708715,-46.6905385,,,,2,2023-06-15T01:17:32+00:00
SAO_8700-10,São Paulo,3550308,True,,34645,,,-23.5868335,-46.725097500000004,,,,2,2023-06-15T01:17:21+00:00
SAO_8700-10,São Paulo,3550308,True,,34645,,,-23.572165499999997,-46.702522,,,,2,2023-06-15T01:17:21+00:00
SAO_8700-10,São Paulo,3550308,True,,34645,,,-23.631026499999997,-46.773642,,,,2,2023-06-15T01:17:34+00:00
SAO_8700-10,São Paulo,3550308,True,,34645,,,-23.567041,-46.68332100000001,,,,2,2023-06-15T01:17:23+00:00
SAO_8700-10,São Paulo,3550308,True,,34645,,,-23.5861895,-46.7233995,,,,2,2023-06-15T01:17:31+00:00
SAO_8700-10,São Paulo,3550308,True,,34645,,,-23.547223000000002,-46.6471605,,,,2,2023-06-15T01:17:25+00:00
SAO_8700-10,São Paulo,3550308,True,,34645,,,-23.572976750000002,-46.705288499999995,,,,2,2023-06-15T01:17:30+00:00
SAO_8700-10,São Paulo,3550308,True,,34645,,,-23.547899,-46.6492035,,,,2,2023-06-15T01:17:38+00:00
SAO_8700-10,São Paulo,3550308,True,,34645,,,-23.5602905,-46.671777500000005,,,,2,2023-06-15T01:17:15+00:00
SAO_8700-10,São Paulo,3550308,True,,34645,,,-23.601551,-46.7434305,,,,2,2023-06-15T01:17:25+00:00
SAO_8700-10,São Paulo,3550308,True,,34645,,,-23.61898825,-46.758286,,,,2,2023-06-15T01:17:26+00:00
SAO_8700-10,São Paulo,3550308,True,,34645,,,-23.6309525,-46.773810499999996,,,,2,2023-06-15T01:17:37+00:00
SAO_7049-10,São Paulo,3550308,True,,1912,,,-23.631508,-46.7726,,,,1,2023-06-15T01:17:18+00:00
SAO_7049-10,São Paulo,3550308,True,,1912,,,-23.638101499999998,-46.779722500000005,,,,1,2023-06-15T01:16:58+00:00
SAO_7049-10,São Paulo,3550308,True,,1912,,,-23.6767875,-46.773955,,,,1,2023-06-15T01:17:20+00:00
SAO_7049-10,São Paulo,3550308,True,,1912,,,-23.6740135,-46.7873975,,,,1,2023-06-15T01:17:15+00:00
SAO_7049-10,São Paulo,3550308,True,,1912,,,-23.631797499999998,-46.7719915,,,,1,2023-06-15T01:17:39+00:00
SAO_7049-10,São Paulo,3550308,True,,1912,,,-23.67379,-46.786891499999996,,,,1,2023-06-15T01:17:39+00:00
SAO_7049-10,São Paulo,3550308,True,,1912,,,-23.705963,-46.784294,,,,1,2023-06-15T01:17:30+00:00
SAO_4734-10,São Paulo,3550308,True,,33877,,,-23.6426745,-46.6060585,,,,2,2023-06-15T01:17:25+00:00
SAO_4734-10,São Paulo,3550308,True,,33877,,,-23.646933500000003,-46.6117685,,,,2,2023-06-15T01:17:21+00:00
SAO_4734-10,São Paulo,3550308,True,,33877,,,-23.637309000000002,-46.614281000000005,,,,2,2023-06-15T01:17:02+00:00
SAO_4734-10,São Paulo,3550308,True,,33877,,,-23.6396495,-46.6134845,,,,2,2023-06-15T01:16:58+00:00
SAO_4734-10,São Paulo,3550308,True,,33877,,,-23.642933,-46.605658500000004,,,,2,2023-06-15T01:17:26+00:00
SAO_4734-10,São Paulo,3550308,True,,33877,,,-23.6183335,-46.6389475,,,,2,2023-06-15T01:17:36+00:00
SAO_4734-10,São Paulo,3550308,True,,33877,,,-23.6183335,-46.6389475,,,,2,2023-06-15T01:17:11+00:00
SAO_4734-10,São Paulo,3550308,True,,33877,,,-23.640511,-46.607997999999995,,,,2,2023-06-15T01:17:09+00:00
SAO_4734-10,São Paulo,3550308,True,,33877,,,-23.6246475,-46.62937375,,,,2,2023-06-15T01:17:09+00:00
SAO_4734-10,São Paulo,3550308,True,,33877,,,-23.6183335,-46.6389475,,,,2,2023-06-15T01:16:57+00:00
SAO_4734-10,São Paulo,3550308,True,,33877,,,-23.639317499999997,-46.607468,,,,2,2023-06-15T01:17:30+00:00
SAO_4734-10,São Paulo,3550308,True,,33877,,,-23.6278965,-46.61908,,,,2,2023-06-15T01:17:05+00:00
SAO_4734-10,São Paulo,3550308,True,,33877,,,-23.62030175,-46.63470062500001,,,,2,2023-06-15T01:17:00+00:00
SAO_4734-10,São Paulo,3550308,True,,33877,,,-23.63001175,-46.6181895,,,,2,2023-06-15T01:17:07+00:00
SAO_677A-10,São Paulo,3550308,True,,1239,,,-23.6136555,-46.696734500000005,,,,1,2023-06-15T01:15:06+00:00
SAO_677A-10,São Paulo,3550308,True,,1239,,,-23.6529365,-46.7238595,,,,1,2023-06-15T01:17:28+00:00
SAO_677A-10,São Paulo,3550308,True,,1239,,,-23.68714725,-46.77138625,,,,1,2023-06-15T01:16:50+00:00
SAO_677A-10,São Paulo,3550308,True,,1239,,,-23.615141,-46.698925,,,,1,2023-06-15T01:17:37+00:00
SAO_677A-10,São Paulo,3550308,True,,1239,,,-23.595882,-46.6906685,,,,1,2023-06-15T01:17:18+00:00
SAO_3008-10,São Paulo,3550308,True,,2515,,,-23.5240525,-46.396012,,,,1,2023-06-15T01:17:25+00:00
SAO_3008-10,São Paulo,3550308,True,,2515,,,-23.515324,-46.395787,,,,1,2023-06-15T01:17:12+00:00
SAO_3008-10,São Paulo,3550308,True,,2515,,,-23.4941615,-46.400386,,,,1,2023-06-15T01:16:23+00:00
SAO_1721-10,São Paulo,3550308,True,,33434,,,-23.506028999999998,-46.606139999999996,,,,2,2023-06-15T01:14:24+00:00
SAO_1721-10,São Paulo,3550308,True,,33434,,,-23.48941525,-46.571597749999995,,,,2,2023-06-15T01:09:33+00:00
SAO_1721-10,São Paulo,3550308,True,,33434,,,-23.49848025,-46.5951195,,,,2,2023-06-15T01:17:39+00:00
SAO_1721-10,São Paulo,3550308,True,,33434,,,-23.48941525,-46.571597749999995,,,,2,2023-06-15T01:16:15+00:00
SAO_1721-10,São Paulo,3550308,True,,33434,,,-23.4897535,-46.570575500000004,,,,2,2023-06-15T01:17:36+00:00
SAO_1721-10,São Paulo,3550308,True,,33434,,,-23.48941525,-46.571597749999995,,,,2,2023-06-15T01:17:21+00:00
SAO_1721-10,São Paulo,3550308,True,,33434,,,-23.50641625,-46.623444500000005,,,,2,2023-06-15T01:17:01+00:00
SAO_5702-10,São Paulo,3550308,True,,33905,,,-23.68760825,-46.640651250000005,,,,2,2023-06-15T01:15:54+00:00
SAO_5702-10,São Paulo,3550308,True,,33905,,,-23.698087,-46.646107,,,,2,2023-06-15T01:17:39+00:00
SAO_5702-10,São Paulo,3550308,True,,33905,,,-23.688633000000003,-46.638399750000005,,,,2,2023-06-15T01:17:30+00:00
SAO_5702-10,São Paulo,3550308,True,,33905,,,-23.665639499999997,-46.638149,,,,2,2023-06-15T01:16:55+00:00
SAO_5702-10,São Paulo,3550308,True,,33905,,,-23.6977605,-46.6461665,,,,2,2023-06-15T01:15:29+00:00
SAO_5702-10,São Paulo,3550308,True,,33905,,,-23.670462999999998,-46.642861499999995,,,,2,2023-06-15T01:17:03+00:00
SAO_5702-10,São Paulo,3550308,True,,33905,,,-23.6658215,-46.6381825,,,,2,2023-06-15T01:17:32+00:00
SAO_5702-10,São Paulo,3550308,True,,33905,,,-23.6451075,-46.64268,,,,2,2023-06-15T01:15:43+00:00
SAO_2079-10,São Paulo,3550308,True,,370,,,-23.499680249999997,-46.393843000000004,,,,1,2023-06-15T01:17:06+00:00
SAO_2079-10,São Paulo,3550308,True,,370,,,-23.516762,-46.384977500000005,,,,1,2023-06-15T01:16:29+00:00
SAO_715M-10,São Paulo,3550308,True,EMTU,490,https://moovitapp.com/index/pt-br/transporte_p%C3%BAblico-line-490-Sao_Paulo-242-2038937-36419517-0,5.15,-23.578629499999998,-46.7493435,,,,1,2023-06-15T01:17:36+00:00
SAO_715M-10,São Paulo,3550308,True,EMTU,490,https://moovitapp.com/index/pt-br/transporte_p%C3%BAblico-line-490-Sao_Paulo-242-2038937-36419517-0,5.15,-23.558109249999998,-46.66754,,,,1,2023-06-15T01:17:42+00:00
SAO_715M-10,São Paulo,3550308,True,EMTU,490,https://moovitapp.com/index/pt-br/transporte_p%C3%BAblico-line-490-Sao_Paulo-242-2038937-36419517-0,5.15,-23.571202,-46.691386,,,,1,2023-06-15T01:17:40+00:00
SAO_715M-10,São Paulo,3550308,True,EMTU,490,https://moovitapp.com/index/pt-br/transporte_p%C3%BAblico-line-490-Sao_Paulo-242-2038937-36419517-0,5.15,-23.566491375000002,-46.68198112499999,,,,1,2023-06-15T01:17:31+00:00
SAO_715M-10,São Paulo,3550308,True,EMTU,490,https://moovitapp.com/index/pt-br/transporte_p%C3%BAblico-line-490-Sao_Paulo-242-2038937-36419517-0,5.15,-23.556131,-46.6633555,,,,1,2023-06-15T01:17:14+00:00
SAO_715M-10,São Paulo,3550308,True,EMTU,490,https://moovitapp.com/index/pt-br/transporte_p%C3%BAblico-line-490-Sao_Paulo-242-2038937-36419517-0,5.15,-23.583236999999997,-46.761977,,,,1,2023-06-15T01:17:38+00:00
SAO_2734-10,São Paulo,3550308,True,,34528,,,-23.510181,-46.4207975,,,,2,2023-06-15T01:17:16+00:00
SAO_2734-10,São Paulo,3550308,True,,34528,,,-23.510827749999997,-46.41021025,,,,2,2023-06-15T01:16:23+00:00
SAO_2734-10,São Paulo,3550308,True,,34528,,,-23.503868,-46.429005000000004,,,,2,2023-06-15T01:16:43+00:00
SAO_2734-10,São Paulo,3550308,True,,34528,,,-23.535671999999998,-46.4544545,,,,2,2023-06-15T01:17:40+00:00
SAO_2734-10,São Paulo,3550308,True,,34528,,,-23.527662499999998,-46.44594825,,,,2,2023-06-15T01:16:59+00:00
SAO_2734-10,São Paulo,3550308,True,,34528,,,-23.509715,-46.4352555,,,,2,2023-06-15T01:17:08+00:00
SAO_2734-10,São Paulo,3550308,True,,34528,,,-23.503914875,-46.430558,,,,2,2023-06-15T01:17:08+00:00
SAO_2734-10,São Paulo,3550308,True,,34528,,,-23.5076949375,-46.4182650625,,,,2,2023-06-15T01:17:08+00:00
SAO_2734-10,São Paulo,3550308,True,,34528,,,-23.5299635,-46.447697500000004,,,,2,2023-06-15T01:17:07+00:00
SAO_8003-10,São Paulo,3550308,True,,34021,,,-23.515877062499996,-46.730296124999995,,,,2,2023-06-15T01:16:47+00:00
SAO_8003-10,São Paulo,3550308,True,,34021,,,-23.512202000000002,-46.755182500000004,,,,2,2023-06-15T01:17:11+00:00
SAO_5110-24,São Paulo,3550308,True,,35227,,,-23.595899875,-46.537375749999995,,,,2,2023-06-15T01:17:02+00:00
SAO_5110-24,São Paulo,3550308,True,,35227,,,-23.5824915,-46.563059,,,,2,2023-06-15T01:17:31+00:00
SAO_775F-10,São Paulo,3550308,True,,33564,,,-23.622374,-46.746736,,,,2,2023-06-15T01:17:24+00:00
SAO_775F-10,São Paulo,3550308,True,,33564,,,-23.61363675,-46.7410815,,,,2,2023-06-15T01:17:05+00:00
SAO_775F-10,São Paulo,3550308,True,,33564,,,-23.618776500000003,-46.74826825,,,,2,2023-06-15T01:17:31+00:00
SAO_775F-10,São Paulo,3550308,True,,33564,,,-23.6020805,-46.7116495,,,,2,2023-06-15T01:17:05+00:00
SAO_775F-10,São Paulo,3550308,True,,33564,,,-23.5530785,-46.67411975,,,,2,2023-06-15T01:17:31+00:00
SAO_775F-10,São Paulo,3550308,True,,33564,,,-23.61363675,-46.7410815,,,,2,2023-06-15T01:17:01+00:00
SAO_775F-10,São Paulo,3550308,True,,33564,,,-23.6254505,-46.7479555,,,,2,2023-06-15T01:17:36+00:00
SAO_775F-10,São Paulo,3550308,True,,33564,,,-23.615903250000002,-46.734755500000006,,,,2,2023-06-15T01:17:21+00:00
SAO_775F-10,São Paulo,3550308,True,,33564,,,-23.581154499999997,-46.68479375,,,,2,2023-06-15T01:17:03+00:00
SAO_4030-10,São Paulo,3550308,True,,1100,,,-23.610959,-46.476257875,,,,1,2023-06-15T01:17:33+00:00
SAO_4030-10,São Paulo,3550308,True,,1100,,,-23.6128775,-46.476433,,,,1,2023-06-15T01:17:02+00:00
SAO_4030-10,São Paulo,3550308,True,,1100,,,-23.6125885,-46.4815175,,,,1,2023-06-15T01:17:38+00:00
SAO_4030-10,São Paulo,3550308,True,,1100,,,-23.5641785,-46.5039335,,,,1,2023-06-15T01:17:37+00:00
SAO_4030-10,São Paulo,3550308,True,,1100,,,-23.61368,-46.4847075,,,,1,2023-06-15T01:17:37+00:00
SAO_4030-10,São Paulo,3550308,True,,1100,,,-23.5680475,-46.505795500000005,,,,1,2023-06-15T01:17:18+00:00
SAO_3539-10,São Paulo,3550308,True,,748,,,-23.585396499999998,-46.414854500000004,,,,1,2023-06-15T01:14:19+00:00
SAO_3539-10,São Paulo,3550308,True,,748,,,-23.555915875,-46.464984375,,,,1,2023-06-15T01:17:20+00:00
SAO_3539-10,São Paulo,3550308,True,,748,,,-23.595953,-46.4364655,,,,1,2023-06-15T01:17:27+00:00
SAO_3539-10,São Paulo,3550308,True,,748,,,-23.568785,-46.447250499999996,,,,1,2023-06-15T01:16:57+00:00
SAO_3539-10,São Paulo,3550308,True,,748,,,-23.530538,-46.518772,,,,1,2023-06-15T01:17:26+00:00
SAO_3539-10,São Paulo,3550308,True,,748,,,-23.544971500000003,-46.46274225,,,,1,2023-06-15T01:15:47+00:00
SAO_3539-10,São Paulo,3550308,True,,748,,,-23.59791,-46.403389250000004,,,,1,2023-06-15T01:15:13+00:00
SAO_4020-10,São Paulo,3550308,True,,2530,,,-23.5850425,-46.4429985,,,,1,2023-06-15T01:17:29+00:00
SAO_4020-10,São Paulo,3550308,True,,2530,,,-23.58444,-46.437867499999996,,,,1,2023-06-15T01:17:22+00:00
SAO_4020-10,São Paulo,3550308,True,,2530,,,-23.59524125,-46.4396145,,,,1,2023-06-15T01:17:19+00:00
SAO_4020-10,São Paulo,3550308,True,,2530,,,-23.5915545,-46.444081,,,,1,2023-06-15T01:17:22+00:00
SAO_2076-10,São Paulo,3550308,True,,33136,,,-23.5038615,-46.3797665,,,,2,2023-06-15T01:17:23+00:00
SAO_2076-10,São Paulo,3550308,True,,33136,,,-23.49227825,-46.4479485,,,,2,2023-06-15T01:17:19+00:00
SAO_2076-10,São Paulo,3550308,True,,33136,,,-23.5238085,-46.548083500000004,,,,2,2023-06-15T01:17:20+00:00
SAO_2076-10,São Paulo,3550308,True,,33136,,,-23.4960775,-46.4026035,,,,2,2023-06-15T01:16:58+00:00
SAO_2076-10,São Paulo,3550308,True,,33136,,,-23.510711,-46.4993885,,,,2,2023-06-15T01:17:41+00:00
SAO_2076-10,São Paulo,3550308,True,,33136,,,-23.494315125,-46.388942875,,,,2,2023-06-15T01:17:30+00:00
SAO_2076-10,São Paulo,3550308,True,,33136,,,-23.516187000000002,-46.5208335,,,,2,2023-06-15T01:17:21+00:00
SAO_2076-10,São Paulo,3550308,True,,33136,,,-23.4906045,-46.4894525,,,,2,2023-06-15T01:17:20+00:00
SAO_3031-10,São Paulo,3550308,True,,33735,,,-23.5533165,-46.4634515,,,,2,2023-06-15T01:17:05+00:00
SAO_3031-10,São Paulo,3550308,True,,33735,,,-23.5821795,-46.4422505,,,,2,2023-06-15T01:17:05+00:00
SAO_3031-10,São Paulo,3550308,True,,33735,,,-23.611216499999998,-46.444525,,,,2,2023-06-15T01:17:29+00:00
SAO_3031-10,São Paulo,3550308,True,,33735,,,-23.6126845,-46.4445915,,,,2,2023-06-15T01:16:58+00:00
SAO_3031-10,São Paulo,3550308,True,,33735,,,-23.594361499999998,-46.4449015,,,,2,2023-06-15T01:17:28+00:00
SAO_3031-10,São Paulo,3550308,True,,33735,,,-23.610268749999996,-46.44770175,,,,2,2023-06-15T01:17:23+00:00
SAO_3031-10,São Paulo,3550308,True,,33735,,,-23.6072755,-46.4453055,,,,2,2023-06-15T01:17:36+00:00
SAO_3031-10,São Paulo,3550308,True,,33735,,,-23.5702175,-46.447207000000006,,,,2,2023-06-15T01:17:39+00:00
SAO_6840-10,São Paulo,3550308,True,,32969,,,-23.674898,-46.773841499999996,,,,2,2023-06-15T01:17:13+00:00
SAO_6840-10,São Paulo,3550308,True,,32969,,,-23.7424915,-46.80109975,,,,2,2023-06-15T01:15:34+00:00
SAO_6840-10,São Paulo,3550308,True,,32969,,,-23.69138175,-46.77535775,,,,2,2023-06-15T01:15:47+00:00
SAO_6840-10,São Paulo,3550308,True,,32969,,,-23.655759500000002,-46.76218025,,,,2,2023-06-15T01:17:05+00:00
SAO_6840-10,São Paulo,3550308,True,,32969,,,-23.741951999999998,-46.8009785,,,,2,2023-06-15T01:17:39+00:00
SAO_6840-10,São Paulo,3550308,True,,32969,,,-23.7121465,-46.782219,,,,2,2023-06-15T01:17:28+00:00
SAO_6840-10,São Paulo,3550308,True,,32969,,,-23.741992,-46.8006415,,,,2,2023-06-15T01:17:36+00:00
SAO_6840-10,São Paulo,3550308,True,,32969,,,-23.741951999999998,-46.8009785,,,,2,2023-06-15T01:16:57+00:00
SAO_6840-10,São Paulo,3550308,True,,32969,,,-23.67105,-46.772944499999994,,,,2,2023-06-15T01:17:10+00:00
SAO_6840-10,São Paulo,3550308,True,,32969,,,-23.6657115,-46.7709265,,,,2,2023-06-15T01:16:14+00:00
SAO_4732-31,São Paulo,3550308,True,,34895,,,-23.630584499999998,-46.6041045,,,,2,2023-06-15T01:17:25+00:00
SAO_4732-31,São Paulo,3550308,True,,34895,,,-23.6315325,-46.606277,,,,2,2023-06-15T01:17:33+00:00
SAO_4732-31,São Paulo,3550308,True,,34895,,,-23.648906500000002,-46.602100500000006,,,,2,2023-06-15T01:15:23+00:00
SAO_4732-31,São Paulo,3550308,True,,34895,,,-23.631579,-46.6047535,,,,2,2023-06-15T01:17:20+00:00
SAO_4732-31,São Paulo,3550308,True,,34895,,,-23.623308,-46.6299875,,,,2,2023-06-15T01:17:26+00:00
SAO_4732-31,São Paulo,3550308,True,,34895,,,-23.618304000000002,-46.63597625,,,,2,2023-06-15T01:17:29+00:00
SAO_4732-31,São Paulo,3550308,True,,34895,,,-23.637481,-46.598503,,,,2,2023-06-15T01:17:15+00:00
SAO_4732-31,São Paulo,3550308,True,,34895,,,-23.629593999999997,-46.614602,,,,2,2023-06-15T01:17:21+00:00
SAO_6038-10,São Paulo,3550308,True,,33984,,,-23.66744,-46.787550499999995,,,,2,2023-06-15T01:17:06+00:00
SAO_6038-10,São Paulo,3550308,True,,33984,,,-23.64450025,-46.7264155,,,,2,2023-06-15T01:17:13+00:00
SAO_6038-10,São Paulo,3550308,True,,33984,,,-23.656692999999997,-46.7636335,,,,2,2023-06-15T01:06:50+00:00
SAO_6038-10,São Paulo,3550308,True,,33984,,,-23.641695749999997,-46.714792375,,,,2,2023-06-15T01:17:32+00:00
SAO_6038-10,São Paulo,3550308,True,,33984,,,-23.657987499999997,-46.7896665,,,,2,2023-06-15T01:17:13+00:00
SAO_6038-10,São Paulo,3550308,True,,33984,,,-23.658400999999998,-46.78931475,,,,2,2023-06-15T01:17:17+00:00
SAO_6038-10,São Paulo,3550308,True,,33984,,,-23.6582,-46.7894615,,,,2,2023-06-15T01:17:06+00:00
SAO_6038-10,São Paulo,3550308,True,,33984,,,-23.658609,-46.78921425,,,,2,2023-06-15T01:17:08+00:00
SAO_6038-10,São Paulo,3550308,True,,33984,,,-23.654714,-46.760605,,,,2,2023-06-15T01:17:35+00:00
SAO_6038-10,São Paulo,3550308,True,,33984,,,-23.664891500000003,-46.790621,,,,2,2023-06-15T01:17:27+00:00
SAO_6038-10,São Paulo,3550308,True,,33984,,,-23.65994775,-46.7708045,,,,2,2023-06-15T01:17:24+00:00
SAO_6038-10,São Paulo,3550308,True,,33984,,,-23.6436125,-46.742528,,,,2,2023-06-15T01:17:30+00:00
SAO_695T-10,São Paulo,3550308,True,,1322,,,-23.611075999999997,-46.669148,,,,1,2023-06-15T01:17:06+00:00
SAO_695T-10,São Paulo,3550308,True,,1322,,,-23.589295999999997,-46.63421325,,,,1,2023-06-15T01:17:25+00:00
SAO_695T-10,São Paulo,3550308,True,,1322,,,-23.635838749999998,-46.692663249999995,,,,1,2023-06-15T01:17:19+00:00
SAO_695T-10,São Paulo,3550308,True,,1322,,,-23.6514915,-46.757566249999996,,,,1,2023-06-15T01:17:12+00:00
SAO_695T-10,São Paulo,3550308,True,,1322,,,-23.596826749999998,-46.646049375000004,,,,1,2023-06-15T01:17:19+00:00
SAO_695T-10,São Paulo,3550308,True,,1322,,,-23.5948095,-46.6365385,,,,1,2023-06-15T01:17:26+00:00
SAO_809N-10,São Paulo,3550308,True,,2244,,,-23.52543325,-46.7021685,,,,1,2023-06-15T01:17:31+00:00
SAO_809N-10,São Paulo,3550308,True,,2244,,,-23.571652,-46.761271,,,,1,2023-06-15T01:17:02+00:00
SAO_1741-10,São Paulo,3550308,True,,33307,,,-23.4647525,-46.6632075,,,,2,2023-06-15T01:17:02+00:00
SAO_1741-10,São Paulo,3550308,True,,33307,,,-23.493417,-46.63277050000001,,,,2,2023-06-15T01:17:37+00:00
SAO_1741-10,São Paulo,3550308,True,,33307,,,-23.502871,-46.624226,,,,2,2023-06-15T01:17:23+00:00
SAO_1741-10,São Paulo,3550308,True,,33307,,,-23.4951825,-46.631442,,,,2,2023-06-15T01:17:01+00:00
SAO_1741-10,São Paulo,3550308,True,,33307,,,-23.464362,-46.6638395,,,,2,2023-06-15T01:17:16+00:00
SAO_1741-10,São Paulo,3550308,True,,33307,,,-23.480969,-46.6488645,,,,2,2023-06-15T01:16:51+00:00
SAO_342N-10,São Paulo,3550308,True,,33771,,,-23.543305375,-46.423442625,,,,2,2023-06-15T01:17:35+00:00
SAO_342N-10,São Paulo,3550308,True,,33771,,,-23.565209000000003,-46.397782250000006,,,,2,2023-06-15T01:17:14+00:00
SAO_342N-10,São Paulo,3550308,True,,33771,,,-23.5629515,-46.3946025,,,,2,2023-06-15T01:17:25+00:00
SAO_342N-10,São Paulo,3550308,True,,33771,,,-23.5628445,-46.3949135,,,,2,2023-06-15T01:17:00+00:00
SAO_342N-10,São Paulo,3550308,True,,33771,,,-23.5520405,-46.413284000000004,,,,2,2023-06-15T01:17:21+00:00
SAO_342N-10,São Paulo,3550308,True,,33771,,,-23.5629515,-46.3946025,,,,2,2023-06-15T01:17:10+00:00
SAO_342N-10,São Paulo,3550308,True,,33771,,,-23.5629515,-46.3946025,,,,2,2023-06-15T01:17:15+00:00
SAO_342N-10,São Paulo,3550308,True,,33771,,,-23.5629515,-46.3946025,,,,2,2023-06-15T01:17:38+00:00
SAO_342N-10,São Paulo,3550308,True,,33771,,,-23.56376075,-46.39810825,,,,2,2023-06-15T01:17:17+00:00
SAO_1743-10,São Paulo,3550308,True,EMTU,543,https://moovitapp.com/index/pt-br/transporte_p%C3%BAblico-line-543-Sao_Paulo-242-2038937-36419552-0,5.15,-23.4998425,-46.62548925,,,,1,2023-06-15T01:17:23+00:00
SAO_1743-10,São Paulo,3550308,True,EMTU,543,https://moovitapp.com/index/pt-br/transporte_p%C3%BAblico-line-543-Sao_Paulo-242-2038937-36419552-0,5.15,-23.492328,-46.633688500000005,,,,1,2023-06-15T01:17:11+00:00
SAO_1743-10,São Paulo,3550308,True,EMTU,543,https://moovitapp.com/index/pt-br/transporte_p%C3%BAblico-line-543-Sao_Paulo-242-2038937-36419552-0,5.15,-23.467089,-46.668965,,,,1,2023-06-15T01:17:03+00:00
SAO_1743-10,São Paulo,3550308,True,EMTU,543,https://moovitapp.com/index/pt-br/transporte_p%C3%BAblico-line-543-Sao_Paulo-242-2038937-36419552-0,5.15,-23.4626405,-46.6661955,,,,1,2023-06-15T01:17:31+00:00
SAO_709M-10,São Paulo,3550308,True,,2462,,,-23.60674475,-46.693329500000004,,,,1,2023-06-15T01:17:00+00:00
SAO_709M-10,São Paulo,3550308,True,,2462,,,-23.566360500000002,-46.701766500000005,,,,1,2023-06-15T01:17:40+00:00
SAO_709M-10,São Paulo,3550308,True,,2462,,,-23.57410625,-46.688723499999995,,,,1,2023-06-15T01:17:21+00:00
SAO_709M-10,São Paulo,3550308,True,,2462,,,-23.654158,-46.710677000000004,,,,1,2023-06-15T01:16:57+00:00
SAO_709M-10,São Paulo,3550308,True,,2462,,,-23.587607750000004,-46.682576499999996,,,,1,2023-06-15T01:17:21+00:00
SAO_2007-10,São Paulo,3550308,True,,33664,,,-23.5095785,-46.37041775,,,,2,2023-06-15T01:17:26+00:00
SAO_2007-10,São Paulo,3550308,True,,33664,,,-23.5069355,-46.387418,,,,2,2023-06-15T01:16:38+00:00
SAO_2007-10,São Paulo,3550308,True,,33664,,,-23.510825,-46.3760255,,,,2,2023-06-15T01:17:12+00:00
SAO_2007-10,São Paulo,3550308,True,,33664,,,-23.510008749999997,-46.3703235,,,,2,2023-06-15T01:17:23+00:00
SAO_2007-10,São Paulo,3550308,True,,33664,,,-23.5070565,-46.369621875,,,,2,2023-06-15T01:17:16+00:00
SAO_527R-10,São Paulo,3550308,True,,33039,,,-23.65610775,-46.701289,,,,2,2023-06-15T01:17:09+00:00
SAO_527R-10,São Paulo,3550308,True,,33039,,,-23.659177999999997,-46.6982385,,,,2,2023-06-15T01:17:19+00:00
SAO_527R-10,São Paulo,3550308,True,,33039,,,-23.65389775,-46.7071655,,,,2,2023-06-15T01:17:25+00:00
SAO_407H-10,São Paulo,3550308,True,,2197,,,-23.55716425,-46.46541275,,,,1,2023-06-15T01:17:09+00:00
SAO_407H-10,São Paulo,3550308,True,,2197,,,-23.5713465,-46.446515000000005,,,,1,2023-06-15T01:17:04+00:00
SAO_407H-10,São Paulo,3550308,True,,2197,,,-23.613013249999998,-46.455366125,,,,1,2023-06-15T01:17:24+00:00
SAO_407H-10,São Paulo,3550308,True,,2197,,,-23.6196645,-46.459947,,,,1,2023-06-15T01:17:10+00:00
SAO_407H-10,São Paulo,3550308,True,,2197,,,-23.608716,-46.452736,,,,1,2023-06-15T01:17:22+00:00
SAO_407H-10,São Paulo,3550308,True,,2197,,,-23.546198500000003,-46.461079999999995,,,,1,2023-06-15T01:16:44+00:00
SAO_407H-10,São Paulo,3550308,True,,2197,,,-23.542569999999998,-46.46953499999999,,,,1,2023-06-15T01:14:26+00:00
SAO_5154-10,São Paulo,3550308,True,EMTU,353,https://moovitapp.com/index/pt-br/transporte_p%C3%BAblico-line-353-Sao_Paulo-242-2038937-36419436-0,5.1,-23.63185,-46.7046445,,,,1,2023-06-15T01:17:38+00:00
SAO_5154-10,São Paulo,3550308,True,EMTU,353,https://moovitapp.com/index/pt-br/transporte_p%C3%BAblico-line-353-Sao_Paulo-242-2038937-36419436-0,5.1,-23.654157,-46.710629,,,,1,2023-06-15T01:17:33+00:00
SAO_5154-10,São Paulo,3550308,True,EMTU,353,https://moovitapp.com/index/pt-br/transporte_p%C3%BAblico-line-353-Sao_Paulo-242-2038937-36419436-0,5.1,-23.558156375000003,-46.64141775,,,,1,2023-06-15T01:17:12+00:00
SAO_5154-10,São Paulo,3550308,True,EMTU,353,https://moovitapp.com/index/pt-br/transporte_p%C3%BAblico-line-353-Sao_Paulo-242-2038937-36419436-0,5.1,-23.56853625,-46.649782,,,,1,2023-06-15T01:17:23+00:00
SAO_5154-10,São Paulo,3550308,True,EMTU,353,https://moovitapp.com/index/pt-br/transporte_p%C3%BAblico-line-353-Sao_Paulo-242-2038937-36419436-0,5.1,-23.654157,-46.710629,,,,1,2023-06-15T01:17:07+00:00
SAO_5154-10,São Paulo,3550308,True,EMTU,353,https://moovitapp.com/index/pt-br/transporte_p%C3%BAblico-line-353-Sao_Paulo-242-2038937-36419436-0,5.1,-23.654157,-46.710629,,,,1,2023-06-15T01:17:01+00:00
SAO_5154-10,São Paulo,3550308,True,EMTU,353,https://moovitapp.com/index/pt-br/transporte_p%C3%BAblico-line-353-Sao_Paulo-242-2038937-36419436-0,5.1,-23.613583499999997,-46.697348000000005,,,,1,2023-06-15T01:17:23+00:00
SAO_1720-10,São Paulo,3550308,True,,863,,,-23.480929,-46.601011,,,,1,2023-06-15T01:17:12+00:00
SAO_1720-10,São Paulo,3550308,True,,863,,,-23.4810175,-46.604896999999994,,,,1,2023-06-15T01:17:18+00:00
SAO_1720-10,São Paulo,3550308,True,,863,,,-23.485252000000003,-46.564926,,,,1,2023-06-15T01:16:44+00:00
SAO_1720-10,São Paulo,3550308,True,,863,,,-23.4946575,-46.5690575,,,,1,2023-06-15T01:16:24+00:00
SAO_1720-10,São Paulo,3550308,True,,863,,,-23.441294499999998,-46.6162565,,,,1,2023-06-15T01:15:47+00:00
SAO_1720-10,São Paulo,3550308,True,,863,,,-23.483517749999997,-46.584340000000005,,,,1,2023-06-15T01:17:01+00:00
SAO_1720-10,São Paulo,3550308,True,,863,,,-23.451392,-46.614722,,,,1,2023-06-15T01:17:24+00:00
SAO_1720-10,São Paulo,3550308,True,,863,,,-23.4808475,-46.60323175,,,,1,2023-06-15T01:17:08+00:00
SAO_1720-10,São Paulo,3550308,True,,863,,,-23.4759035,-46.612088,,,,1,2023-06-15T01:14:54+00:00
SAO_1720-10,São Paulo,3550308,True,,863,,,-23.459029,-46.615214,,,,1,2023-06-15T01:17:00+00:00
SAO_8194-10,São Paulo,3550308,True,,33573,,,-23.4140175,-46.750341500000005,,,,2,2023-06-15T01:17:33+00:00
SAO_8194-10,São Paulo,3550308,True,,33573,,,-23.414789,-46.7535685,,,,2,2023-06-15T01:17:12+00:00
SAO_8194-10,São Paulo,3550308,True,,33573,,,-23.414144999999998,-46.7544815,,,,2,2023-06-15T01:17:17+00:00
SAO_8194-10,São Paulo,3550308,True,,33573,,,-23.473703999999998,-46.669427,,,,2,2023-06-15T01:17:34+00:00
SAO_8194-10,São Paulo,3550308,True,,33573,,,-23.401273,-46.744862,,,,2,2023-06-15T01:17:36+00:00
SAO_8194-10,São Paulo,3550308,True,,33573,,,-23.4141015,-46.750579,,,,2,2023-06-15T01:17:13+00:00
SAO_8194-10,São Paulo,3550308,True,,33573,,,-23.443126499999998,-46.705809,,,,2,2023-06-15T01:17:29+00:00
SAO_8194-10,São Paulo,3550308,True,,33573,,,-23.444840499999998,-46.705281,,,,2,2023-06-15T01:17:24+00:00
SAO_2551-10,São Paulo,3550308,True,,32909,,,-23.543221375,-46.61705175,,,,2,2023-06-15T01:16:58+00:00
SAO_2551-10,São Paulo,3550308,True,,32909,,,-23.486137,-46.5028165,,,,2,2023-06-15T01:12:07+00:00
SAO_2551-10,São Paulo,3550308,True,,32909,,,-23.517070750000002,-46.54967575,,,,2,2023-06-15T01:17:11+00:00
SAO_2551-10,São Paulo,3550308,True,,32909,,,-23.499399500000003,-46.478699500000005,,,,2,2023-06-15T01:17:03+00:00
SAO_2551-10,São Paulo,3550308,True,,32909,,,-23.517572,-46.475783,,,,2,2023-06-15T01:17:05+00:00
SAO_1020-10,São Paulo,3550308,True,,35265,,,-23.4106675,-46.763892,,,,2,2023-06-15T01:17:22+00:00
SAO_1020-10,São Paulo,3550308,True,,35265,,,-23.406180499999998,-46.735046,,,,2,2023-06-15T01:17:29+00:00
SAO_1020-10,São Paulo,3550308,True,,35265,,,-23.487410500000003,-46.7142185,,,,2,2023-06-15T01:17:13+00:00
SAO_1020-10,São Paulo,3550308,True,,35265,,,-23.4107685,-46.764154000000005,,,,2,2023-06-15T01:17:40+00:00
SAO_1020-10,São Paulo,3550308,True,,35265,,,-23.444824500000003,-46.7221975,,,,2,2023-06-15T01:17:15+00:00
SAO_1020-10,São Paulo,3550308,True,,35265,,,-23.4833265,-46.722404,,,,2,2023-06-15T01:17:17+00:00
SAO_1020-10,São Paulo,3550308,True,,35265,,,-23.4106675,-46.763892,,,,2,2023-06-15T01:17:17+00:00
SAO_1020-10,São Paulo,3550308,True,,35265,,,-23.410118,-46.765079,,,,2,2023-06-15T01:17:23+00:00
SAO_1732-10,São Paulo,3550308,True,,33439,,,-23.5401265,-46.6524565,,,,2,2023-06-15T01:17:01+00:00
SAO_1732-10,São Paulo,3550308,True,,33439,,,-23.48960875,-46.608134750000005,,,,2,2023-06-15T01:15:54+00:00
SAO_1732-10,São Paulo,3550308,True,,33439,,,-23.487230500000003,-46.574059500000004,,,,2,2023-06-15T01:17:05+00:00
SAO_1732-10,São Paulo,3550308,True,,33439,,,-23.481246249999998,-46.58206275,,,,2,2023-06-15T01:17:40+00:00
SAO_1732-10,São Paulo,3550308,True,,33439,,,-23.504143,-46.6289425,,,,2,2023-06-15T01:17:04+00:00
SAO_1732-10,São Paulo,3550308,True,,33439,,,-23.487555999999998,-46.5742625,,,,2,2023-06-15T01:17:21+00:00
SAO_1732-10,São Paulo,3550308,True,,33439,,,-23.51037475,-46.6529265,,,,2,2023-06-15T01:17:38+00:00
SAO_1732-10,São Paulo,3550308,True,,33439,,,-23.500944124999997,-46.624188625,,,,2,2023-06-15T01:17:26+00:00
SAO_5036-10,São Paulo,3550308,True,,34434,,,-23.60221225,-46.609783750000005,,,,2,2023-06-15T01:17:23+00:00
SAO_5036-10,São Paulo,3550308,True,,34434,,,-23.603310999999998,-46.6028315,,,,2,2023-06-15T01:17:29+00:00
SAO_5036-10,São Paulo,3550308,True,,34434,,,-23.61115,-46.6085675,,,,2,2023-06-15T01:17:29+00:00
SAO_5036-10,São Paulo,3550308,True,,34434,,,-23.62364675,-46.60181825,,,,2,2023-06-15T01:17:35+00:00
SAO_695X-10,São Paulo,3550308,True,,1441,,,-23.6447045,-46.64125675,,,,1,2023-06-15T01:17:26+00:00
SAO_695X-10,São Paulo,3550308,True,,1441,,,-23.747792,-46.708254499999995,,,,1,2023-06-15T01:16:53+00:00
SAO_695X-10,São Paulo,3550308,True,,1441,,,-23.7174195,-46.699020000000004,,,,1,2023-06-15T01:16:54+00:00
SAO_695X-10,São Paulo,3550308,True,,1441,,,-23.734923000000002,-46.698987,,,,1,2023-06-15T01:17:21+00:00
SAO_695X-10,São Paulo,3550308,True,,1441,,,-23.648678500000003,-46.661401,,,,1,2023-06-15T01:17:40+00:00
SAO_695X-10,São Paulo,3550308,True,,1441,,,-23.767062,-46.7161295,,,,1,2023-06-15T01:14:13+00:00
SAO_695X-10,São Paulo,3550308,True,,1441,,,-23.6739695,-46.677918,,,,1,2023-06-15T01:17:11+00:00
SAO_374M-10,São Paulo,3550308,True,,34733,,,-23.508750749999997,-46.499988,,,,2,2023-06-15T01:13:18+00:00
SAO_374M-10,São Paulo,3550308,True,,34733,,,-23.485485,-46.480675500000004,,,,2,2023-06-15T01:17:34+00:00
SAO_374M-10,São Paulo,3550308,True,,34733,,,-23.485612,-46.481991750000006,,,,2,2023-06-15T01:17:31+00:00
SAO_8000-10,São Paulo,3550308,True,,34041,,,-23.533700749999998,-46.655518375,,,,2,2023-06-15T01:17:35+00:00
SAO_8000-10,São Paulo,3550308,True,,34041,,,-23.542964499999997,-46.639151,,,,2,2023-06-15T01:17:39+00:00
SAO_7004-10,São Paulo,3550308,True,,34760,,,-23.741951999999998,-46.8009785,,,,2,2023-06-15T01:17:18+00:00
SAO_7004-10,São Paulo,3550308,True,,34760,,,-23.742814499999998,-46.80108325,,,,2,2023-06-15T01:17:18+00:00
SAO_7004-10,São Paulo,3550308,True,,34760,,,-23.698281,-46.7793485,,,,2,2023-06-15T01:17:26+00:00
SAO_7004-10,São Paulo,3550308,True,,34760,,,-23.666486499999998,-46.727189499999994,,,,2,2023-06-15T01:17:27+00:00
SAO_7004-10,São Paulo,3550308,True,,34760,,,-23.6905325,-46.774566500000006,,,,2,2023-06-15T01:17:38+00:00
SAO_7004-10,São Paulo,3550308,True,,34760,,,-23.7424915,-46.80109975,,,,2,2023-06-15T01:17:37+00:00
SAO_7004-10,São Paulo,3550308,True,,34760,,,-23.6853775,-46.7425265,,,,2,2023-06-15T01:17:06+00:00
SAO_7004-10,São Paulo,3550308,True,,34760,,,-23.684191749999997,-46.7573795,,,,2,2023-06-15T01:16:23+00:00
SAO_7004-10,São Paulo,3550308,True,,34760,,,-23.684191749999997,-46.7573795,,,,2,2023-06-15T01:11:49+00:00
SAO_7004-10,São Paulo,3550308,True,,34760,,,-23.703176499999998,-46.7836655,,,,2,2023-06-15T01:17:37+00:00
SAO_7004-10,São Paulo,3550308,True,,34760,,,-23.693652,-46.7795105,,,,2,2023-06-15T01:17:23+00:00
SAO_7004-10,São Paulo,3550308,True,,34760,,,-23.7431825,-46.80108,,,,2,2023-06-15T01:17:14+00:00
SAO_7004-10,São Paulo,3550308,True,,34760,,,-23.686544,-46.769907,,,,2,2023-06-15T01:17:09+00:00
SAO_407W-10,São Paulo,3550308,True,,2204,,,-23.5731085,-46.5330125,,,,1,2023-06-15T01:17:33+00:00
SAO_407W-10,São Paulo,3550308,True,,2204,,,-23.5386495,-46.5641825,,,,1,2023-06-15T01:15:17+00:00
SAO_407W-10,São Paulo,3550308,True,,2204,,,-23.579393500000002,-46.512121,,,,1,2023-06-15T01:17:09+00:00
SAO_407W-10,São Paulo,3550308,True,,2204,,,-23.5546035,-46.537193875,,,,1,2023-06-15T01:14:39+00:00
SAO_3712-51,São Paulo,3550308,True,,2505,,,-23.5428895,-46.471925,,,,1,2023-06-15T01:16:58+00:00
SAO_3712-51,São Paulo,3550308,True,,2505,,,-23.55513975,-46.423700749999995,,,,1,2023-06-15T01:17:26+00:00
SAO_3712-51,São Paulo,3550308,True,,2505,,,-23.549351875,-46.427646,,,,1,2023-06-15T01:17:41+00:00
SAO_3712-51,São Paulo,3550308,True,,2505,,,-23.5384625,-46.448530250000005,,,,1,2023-06-15T01:17:01+00:00
SAO_5632-10,São Paulo,3550308,True,,32849,,,-23.63323025,-46.690116,,,,2,2023-06-15T01:16:50+00:00
SAO_5632-10,São Paulo,3550308,True,,32849,,,-23.642128874999997,-46.699365875,,,,2,2023-06-15T01:17:16+00:00
SAO_5632-10,São Paulo,3550308,True,,32849,,,-23.713363125,-46.70920612500001,,,,2,2023-06-15T01:14:56+00:00
SAO_5632-10,São Paulo,3550308,True,,32849,,,-23.67322025,-46.712347750000006,,,,2,2023-06-15T01:17:36+00:00
SAO_5632-10,São Paulo,3550308,True,,32849,,,-23.661175,-46.7072285,,,,2,2023-06-15T01:17:04+00:00
SAO_5632-10,São Paulo,3550308,True,,32849,,,-23.719106,-46.70138,,,,2,2023-06-15T01:16:58+00:00
SAO_5632-10,São Paulo,3550308,True,,32849,,,-23.57718,-46.644397999999995,,,,2,2023-06-15T01:17:19+00:00
SAO_5632-10,São Paulo,3550308,True,,32849,,,-23.650700999999998,-46.707818,,,,2,2023-06-15T01:16:58+00:00
SAO_5632-10,São Paulo,3550308,True,,32849,,,-23.608873875,-46.667271375,,,,2,2023-06-15T01:17:13+00:00
SAO_6091-10,São Paulo,3550308,True,,1175,,,-23.715876,-46.6991065,,,,1,2023-06-15T01:17:25+00:00
SAO_6091-10,São Paulo,3550308,True,,1175,,,-23.684250499999997,-46.692014,,,,1,2023-06-15T01:17:00+00:00
SAO_6091-10,São Paulo,3550308,True,,1175,,,-23.654212,-46.711248999999995,,,,1,2023-06-15T01:17:19+00:00
SAO_6091-10,São Paulo,3550308,True,,1175,,,-23.7775805,-46.723104,,,,1,2023-06-15T01:16:39+00:00
SAO_6091-10,São Paulo,3550308,True,,1175,,,-23.749764,-46.7096515,,,,1,2023-06-15T01:17:10+00:00
SAO_6091-10,São Paulo,3550308,True,,1175,,,-23.82240775,-46.735719687499994,,,,1,2023-06-15T01:17:22+00:00
SAO_3773-10,São Paulo,3550308,True,,33827,,,-23.538576,-46.564368,,,,2,2023-06-15T01:17:37+00:00
SAO_3773-10,São Paulo,3550308,True,,33827,,,-23.542776500000002,-46.5339835,,,,2,2023-06-15T01:17:10+00:00
SAO_3773-10,São Paulo,3550308,True,,33827,,,-23.604081625,-46.479848375,,,,2,2023-06-15T01:17:38+00:00
SAO_3773-10,São Paulo,3550308,True,,33827,,,-23.571313500000002,-46.50451175,,,,2,2023-06-15T01:17:24+00:00
SAO_3773-10,São Paulo,3550308,True,,33827,,,-23.5981065,-46.4730835,,,,2,2023-06-15T01:17:04+00:00
SAO_3773-10,São Paulo,3550308,True,,33827,,,-23.5986935,-46.4637885,,,,2,2023-06-15T01:17:28+00:00
SAO_3773-10,São Paulo,3550308,True,,33827,,,-23.553147000000003,-46.5191935,,,,2,2023-06-15T01:17:27+00:00
SAO_3773-10,São Paulo,3550308,True,,33827,,,-23.606587875,-46.4634498125,,,,2,2023-06-15T01:17:19+00:00
SAO_3773-10,São Paulo,3550308,True,,33827,,,-23.5956145,-46.487649,,,,2,2023-06-15T01:17:35+00:00
SAO_3737-10,São Paulo,3550308,True,,33805,,,-23.535844,-46.519385,,,,2,2023-06-15T01:17:08+00:00
SAO_3737-10,São Paulo,3550308,True,,33805,,,-23.5645445,-46.508259,,,,2,2023-06-15T01:16:58+00:00
SAO_3737-10,São Paulo,3550308,True,,33805,,,-23.5655155,-46.5077565,,,,2,2023-06-15T01:17:21+00:00
SAO_3737-10,São Paulo,3550308,True,,33805,,,-23.556923500000003,-46.509973,,,,2,2023-06-15T01:17:40+00:00
SAO_3737-10,São Paulo,3550308,True,,33805,,,-23.560616,-46.5095735,,,,2,2023-06-15T01:17:00+00:00
SAO_3737-10,São Paulo,3550308,True,,33805,,,-23.564607000000002,-46.505224999999996,,,,2,2023-06-15T01:02:23+00:00
SAO_3737-10,São Paulo,3550308,True,,33805,,,-23.560037875,-46.50951537500001,,,,2,2023-06-15T01:17:33+00:00
SAO_3737-10,São Paulo,3550308,True,,33805,,,-23.552622,-46.5038395,,,,2,2023-06-15T01:17:20+00:00
SAO_3737-10,São Paulo,3550308,True,,33805,,,-23.56425175,-46.504156249999994,,,,2,2023-06-15T01:17:10+00:00
SAO_3737-10,São Paulo,3550308,True,,33805,,,-23.5589095,-46.50472225,,,,2,2023-06-15T01:17:12+00:00
SAO_8199-10,São Paulo,3550308,True,EMTU,807,https://moovitapp.com/index/pt-br/transporte_p%C3%BAblico-line-807-Sao_Paulo-242-2038937-36419583-0,7.8,-23.474243,-46.66870275000001,,,,1,2023-06-15T01:17:33+00:00
SAO_8199-10,São Paulo,3550308,True,EMTU,807,https://moovitapp.com/index/pt-br/transporte_p%C3%BAblico-line-807-Sao_Paulo-242-2038937-36419583-0,7.8,-23.4783885,-46.7478105,,,,1,2023-06-15T01:17:22+00:00
SAO_8199-10,São Paulo,3550308,True,EMTU,807,https://moovitapp.com/index/pt-br/transporte_p%C3%BAblico-line-807-Sao_Paulo-242-2038937-36419583-0,7.8,-23.497265499999997,-46.7079085,,,,1,2023-06-15T01:16:57+00:00
SAO_8199-10,São Paulo,3550308,True,EMTU,807,https://moovitapp.com/index/pt-br/transporte_p%C3%BAblico-line-807-Sao_Paulo-242-2038937-36419583-0,7.8,-23.501146,-46.6981265,,,,1,2023-06-15T01:17:10+00:00
SAO_8199-10,São Paulo,3550308,True,EMTU,807,https://moovitapp.com/index/pt-br/transporte_p%C3%BAblico-line-807-Sao_Paulo-242-2038937-36419583-0,7.8,-23.474202,-46.669375,,,,1,2023-06-15T01:17:07+00:00
SAO_8199-10,São Paulo,3550308,True,EMTU,807,https://moovitapp.com/index/pt-br/transporte_p%C3%BAblico-line-807-Sao_Paulo-242-2038937-36419583-0,7.8,-23.476869,-46.675604,,,,1,2023-06-15T01:17:36+00:00
SAO_8199-10,São Paulo,3550308,True,EMTU,807,https://moovitapp.com/index/pt-br/transporte_p%C3%BAblico-line-807-Sao_Paulo-242-2038937-36419583-0,7.8,-23.487537000000003,-46.692788,,,,1,2023-06-15T01:16:57+00:00
SAO_8199-10,São Paulo,3550308,True,EMTU,807,https://moovitapp.com/index/pt-br/transporte_p%C3%BAblico-line-807-Sao_Paulo-242-2038937-36419583-0,7.8,-23.4834665,-46.740757,,,,1,2023-06-15T01:17:24+00:00
SAO_8199-10,São Paulo,3550308,True,EMTU,807,https://moovitapp.com/index/pt-br/transporte_p%C3%BAblico-line-807-Sao_Paulo-242-2038937-36419583-0,7.8,-23.487867,-46.6929715,,,,1,2023-06-15T01:17:28+00:00
SAO_8199-10,São Paulo,3550308,True,EMTU,807,https://moovitapp.com/index/pt-br/transporte_p%C3%BAblico-line-807-Sao_Paulo-242-2038937-36419583-0,7.8,-23.4869535,-46.736667999999995,,,,1,2023-06-15T01:17:24+00:00
SAO_847J-10,São Paulo,3550308,True,,34110,,,-23.555694,-46.74268,,,,2,2023-06-15T01:17:17+00:00
SAO_847J-10,São Paulo,3550308,True,,34110,,,-23.447832,-46.732552999999996,,,,2,2023-06-15T01:17:01+00:00
SAO_847J-10,São Paulo,3550308,True,,34110,,,-23.4846255,-46.716025,,,,2,2023-06-15T01:17:25+00:00
SAO_847J-10,São Paulo,3550308,True,,34110,,,-23.524159875,-46.70616875,,,,2,2023-06-15T01:17:37+00:00
SAO_4314-10,São Paulo,3550308,True,,34942,,,-23.5651035,-46.41571,,,,2,2023-06-15T01:17:04+00:00
SAO_4314-10,São Paulo,3550308,True,,34942,,,-23.5736485,-46.3986825,,,,2,2023-06-15T01:17:39+00:00
SAO_4314-10,São Paulo,3550308,True,,34942,,,-23.56017775,-46.42042875,,,,2,2023-06-15T01:17:27+00:00
SAO_4314-10,São Paulo,3550308,True,,34942,,,-23.550883,-46.4633385,,,,2,2023-06-15T01:17:03+00:00
SAO_4314-10,São Paulo,3550308,True,,34942,,,-23.551509875,-46.43253787500001,,,,2,2023-06-15T01:17:13+00:00
SAO_4314-10,São Paulo,3550308,True,,34942,,,-23.5430394375,-46.585545749999994,,,,2,2023-06-15T01:17:08+00:00
SAO_4314-10,São Paulo,3550308,True,,34942,,,-23.573559000000003,-46.3988215,,,,2,2023-06-15T01:17:31+00:00
SAO_4314-10,São Paulo,3550308,True,,34942,,,-23.5381725,-46.563,,,,2,2023-06-15T01:16:28+00:00
SAO_4314-10,São Paulo,3550308,True,,34942,,,-23.5520715,-46.46436,,,,2,2023-06-15T01:17:38+00:00
SAO_4314-10,São Paulo,3550308,True,,34942,,,-23.548963999999998,-46.525281,,,,2,2023-06-15T01:17:04+00:00
SAO_4314-10,São Paulo,3550308,True,,34942,,,-23.555104,-46.445539499999995,,,,2,2023-06-15T01:17:24+00:00
SAO_4314-10,São Paulo,3550308,True,,34942,,,-23.554235249999998,-46.455140625,,,,2,2023-06-15T01:17:10+00:00
SAO_407R-10,São Paulo,3550308,True,,2201,,,-23.571716000000002,-46.5319875,,,,1,2023-06-15T01:17:16+00:00
SAO_407R-10,São Paulo,3550308,True,,2201,,,-23.5686495,-46.5278115,,,,1,2023-06-15T01:17:01+00:00
SAO_407R-10,São Paulo,3550308,True,,2201,,,-23.562192,-46.561119,,,,1,2023-06-15T01:17:20+00:00
SAO_407R-10,São Paulo,3550308,True,,2201,,,-23.558462,-46.5226175,,,,1,2023-06-15T01:17:38+00:00
SAO_189L-10,São Paulo,3550308,True,,35218,,,-23.49102025,-46.70991,,,,2,2023-06-15T01:17:40+00:00
SAO_189L-10,São Paulo,3550308,True,,35218,,,-23.487222250000002,-46.7106,,,,2,2023-06-15T01:17:20+00:00
SAO_189L-10,São Paulo,3550308,True,,35218,,,-23.518723,-46.700833,,,,2,2023-06-15T01:17:27+00:00
SAO_189L-10,São Paulo,3550308,True,,35218,,,-23.5011145,-46.7063615,,,,2,2023-06-15T01:17:27+00:00
SAO_609J-10,São Paulo,3550308,True,,35010,,,-23.625023,-46.638795,,,,2,2023-06-15T01:17:35+00:00
SAO_609J-10,São Paulo,3550308,True,,35010,,,-23.6155395,-46.6628525,,,,2,2023-06-15T01:17:36+00:00
SAO_7040-10,São Paulo,3550308,True,,33544,,,-23.6139155,-46.715056000000004,,,,2,2023-06-15T01:16:54+00:00
SAO_7040-10,São Paulo,3550308,True,,33544,,,-23.58653525,-46.69416725,,,,2,2023-06-15T01:17:09+00:00
SAO_7040-10,São Paulo,3550308,True,,33544,,,-23.565354999999997,-46.693373,,,,2,2023-06-15T01:17:34+00:00
SAO_7040-10,São Paulo,3550308,True,,33544,,,-23.623783500000002,-46.727943999999994,,,,2,2023-06-15T01:17:28+00:00
SAO_7040-10,São Paulo,3550308,True,,33544,,,-23.565354999999997,-46.693373,,,,2,2023-06-15T01:17:22+00:00
SAO_7040-10,São Paulo,3550308,True,,33544,,,-23.611344,-46.7188565,,,,2,2023-06-15T01:17:30+00:00
SAO_7040-10,São Paulo,3550308,True,,33544,,,-23.601733,-46.711171,,,,2,2023-06-15T01:17:00+00:00
SAO_7040-10,São Paulo,3550308,True,,33544,,,-23.565354999999997,-46.693373,,,,2,2023-06-15T01:17:11+00:00
SAO_7040-10,São Paulo,3550308,True,,33544,,,-23.586118,-46.6976655,,,,2,2023-06-15T01:17:15+00:00
SAO_7040-10,São Paulo,3550308,True,,33544,,,-23.6172295,-46.720997,,,,2,2023-06-15T01:17:17+00:00
SAO_675G-41,São Paulo,3550308,True,,34562,,,-23.637176875,-46.671169750000004,,,,2,2023-06-15T01:17:01+00:00
SAO_675G-41,São Paulo,3550308,True,,34562,,,-23.7220265,-46.693727,,,,2,2023-06-15T01:17:37+00:00
SAO_745M-10,São Paulo,3550308,True,,782,,,-23.658293999999998,-46.7752675,,,,1,2023-06-15T01:17:16+00:00
SAO_745M-10,São Paulo,3550308,True,,782,,,-23.641522000000002,-46.780113,,,,1,2023-06-15T01:17:36+00:00
SAO_745M-10,São Paulo,3550308,True,,782,,,-23.6291355,-46.769034500000004,,,,1,2023-06-15T01:17:32+00:00
SAO_745M-10,São Paulo,3550308,True,,782,,,-23.670742,-46.7778845,,,,1,2023-06-15T01:17:03+00:00
SAO_745M-10,São Paulo,3550308,True,,782,,,-23.661292375,-46.764638375000004,,,,1,2023-06-15T01:17:05+00:00
SAO_745M-10,São Paulo,3550308,True,,782,,,-23.668708000000002,-46.704702749999996,,,,1,2023-06-15T01:17:12+00:00
SAO_745M-10,São Paulo,3550308,True,,782,,,-23.6727695,-46.743559000000005,,,,1,2023-06-15T01:17:12+00:00
SAO_745M-10,São Paulo,3550308,True,,782,,,-23.630615499999998,-46.768413,,,,1,2023-06-15T01:17:31+00:00
SAO_745M-10,São Paulo,3550308,True,,782,,,-23.666980000000002,-46.773514250000005,,,,1,2023-06-15T01:17:04+00:00
SAO_6037-10,São Paulo,3550308,True,,33983,,,-23.643071499999998,-46.72339125,,,,2,2023-06-15T01:17:21+00:00
SAO_6037-10,São Paulo,3550308,True,,33983,,,-23.65994775,-46.7708045,,,,2,2023-06-15T01:17:19+00:00
SAO_6037-10,São Paulo,3550308,True,,33983,,,-23.6592755,-46.766434,,,,2,2023-06-15T01:16:34+00:00
SAO_6037-10,São Paulo,3550308,True,,33983,,,-23.6438595,-46.731730999999996,,,,2,2023-06-15T01:17:00+00:00
SAO_6037-10,São Paulo,3550308,True,,33983,,,-23.64922775,-46.78505225,,,,2,2023-06-15T01:17:21+00:00
SAO_6037-10,São Paulo,3550308,True,,33983,,,-23.647103625,-46.706703624999996,,,,2,2023-06-15T01:17:16+00:00
SAO_6037-10,São Paulo,3550308,True,,33983,,,-23.654714,-46.760605,,,,2,2023-06-15T01:17:12+00:00
SAO_6037-10,São Paulo,3550308,True,,33983,,,-23.64904925,-46.78534475,,,,2,2023-06-15T01:17:24+00:00
SAO_6037-10,São Paulo,3550308,True,,33983,,,-23.64904925,-46.78534475,,,,2,2023-06-15T01:17:41+00:00
SAO_2703-10,São Paulo,3550308,True,,33683,,,-23.527662499999998,-46.44594825,,,,2,2023-06-15T01:16:39+00:00
SAO_2703-10,São Paulo,3550308,True,,33683,,,-23.539395999999996,-46.4579205,,,,2,2023-06-15T01:16:42+00:00
SAO_2703-10,São Paulo,3550308,True,,33683,,,-23.52345425,-46.42871275,,,,2,2023-06-15T01:17:36+00:00
SAO_2703-10,São Paulo,3550308,True,,33683,,,-23.5403955,-46.463908,,,,2,2023-06-15T01:11:48+00:00
SAO_2703-10,São Paulo,3550308,True,,33683,,,-23.541984999999997,-46.4710195,,,,2,2023-06-15T01:17:12+00:00
SAO_2703-10,São Paulo,3550308,True,,33683,,,-23.528895,-46.420494250000004,,,,2,2023-06-15T01:16:56+00:00
SAO_2703-10,São Paulo,3550308,True,,33683,,,-23.5294885,-46.4206845,,,,2,2023-06-15T01:16:49+00:00
SAO_2703-10,São Paulo,3550308,True,,33683,,,-23.525544250000003,-46.41958675,,,,2,2023-06-15T01:17:31+00:00
SAO_2703-10,São Paulo,3550308,True,,33683,,,-23.525417500000003,-46.433241499999994,,,,2,2023-06-15T01:17:01+00:00
SAO_2703-10,São Paulo,3550308,True,,33683,,,-23.531442750000004,-46.41856275000001,,,,2,2023-06-15T01:15:40+00:00
SAO_2703-10,São Paulo,3550308,True,,33683,,,-23.524955249999998,-46.4188215,,,,2,2023-06-15T01:17:38+00:00
SAO_2703-10,São Paulo,3550308,True,,33683,,,-23.531442750000004,-46.41856275000001,,,,2,2023-06-15T01:16:56+00:00
SAO_2703-10,São Paulo,3550308,True,,33683,,,-23.5249925,-46.419036,,,,2,2023-06-15T01:16:57+00:00
SAO_2703-10,São Paulo,3550308,True,,33683,,,-23.542613,-46.4721415,,,,2,2023-06-15T01:09:28+00:00
SAO_2703-10,São Paulo,3550308,True,,33683,,,-23.5251395,-46.435331500000004,,,,2,2023-06-15T01:16:04+00:00
SAO_746V-10,São Paulo,3550308,True,,33560,,,-23.626072999999998,-46.765776,,,,2,2023-06-15T01:17:11+00:00
SAO_746V-10,São Paulo,3550308,True,,33560,,,-23.62274625,-46.754206999999994,,,,2,2023-06-15T01:17:29+00:00
SAO_746V-10,São Paulo,3550308,True,,33560,,,-23.63194,-46.7658135,,,,2,2023-06-15T01:17:22+00:00
SAO_746V-10,São Paulo,3550308,True,,33560,,,-23.6485585,-46.754745,,,,2,2023-06-15T01:17:26+00:00
SAO_746V-10,São Paulo,3550308,True,,33560,,,-23.632635,-46.765279750000005,,,,2,2023-06-15T01:17:38+00:00
SAO_746V-10,São Paulo,3550308,True,,33560,,,-23.6405125,-46.7558805,,,,2,2023-06-15T01:16:58+00:00
SAO_746V-10,São Paulo,3550308,True,,33560,,,-23.639460999999997,-46.758157,,,,2,2023-06-15T01:17:34+00:00
SAO_746V-10,São Paulo,3550308,True,,33560,,,-23.62771725,-46.76715175,,,,2,2023-06-15T01:17:37+00:00
SAO_3902-10,São Paulo,3550308,True,,34238,,,-23.485104,-46.384288999999995,,,,2,2023-06-15T01:15:50+00:00
SAO_3902-10,São Paulo,3550308,True,,34238,,,-23.501646,-46.3843165,,,,2,2023-06-15T01:17:18+00:00
SAO_3902-10,São Paulo,3550308,True,,34238,,,-23.508101500000002,-46.39816475,,,,2,2023-06-15T01:17:33+00:00
SAO_3902-10,São Paulo,3550308,True,,34238,,,-23.51798225,-46.410535125,,,,2,2023-06-15T01:17:01+00:00
SAO_3902-10,São Paulo,3550308,True,,34238,,,-23.5107455,-46.394482499999995,,,,2,2023-06-15T01:16:55+00:00
SAO_5038-10,São Paulo,3550308,True,,34429,,,-23.642094999999998,-46.6061095,,,,2,2023-06-15T01:17:18+00:00
SAO_5038-10,São Paulo,3550308,True,,34429,,,-23.6552735,-46.6069565,,,,2,2023-06-15T01:17:15+00:00
SAO_5038-10,São Paulo,3550308,True,,34429,,,-23.6276195,-46.6012845,,,,2,2023-06-15T01:17:14+00:00
SAO_5038-10,São Paulo,3550308,True,,34429,,,-23.610777,-46.60018325,,,,2,2023-06-15T01:17:21+00:00
SAO_5038-10,São Paulo,3550308,True,,34429,,,-23.606983,-46.5992995,,,,2,2023-06-15T01:17:18+00:00
SAO_5038-10,São Paulo,3550308,True,,34429,,,-23.653293500000004,-46.602455000000006,,,,2,2023-06-15T01:16:56+00:00
SAO_5038-10,São Paulo,3550308,True,,34429,,,-23.6283965,-46.6017205,,,,2,2023-06-15T01:17:33+00:00
SAO_5038-10,São Paulo,3550308,True,,34429,,,-23.653293500000004,-46.602455000000006,,,,2,2023-06-15T01:17:01+00:00
SAO_5038-10,São Paulo,3550308,True,,34429,,,-23.647874,-46.613088,,,,2,2023-06-15T01:17:28+00:00
SAO_6007-10,São Paulo,3550308,True,,32944,,,-23.644432249999998,-46.72704325,,,,2,2023-06-15T01:17:08+00:00
SAO_6007-10,São Paulo,3550308,True,,32944,,,-23.653982499999998,-46.7110365,,,,2,2023-06-15T01:16:58+00:00
SAO_6007-10,São Paulo,3550308,True,,32944,,,-23.646122499999997,-46.730146500000004,,,,2,2023-06-15T01:16:57+00:00
SAO_6007-10,São Paulo,3550308,True,,32944,,,-23.66858,-46.733577,,,,2,2023-06-15T01:17:25+00:00
SAO_6007-10,São Paulo,3550308,True,,32944,,,-23.672321,-46.744727749999996,,,,2,2023-06-15T01:17:34+00:00
SAO_6007-10,São Paulo,3550308,True,,32944,,,-23.65879825,-46.7598505,,,,2,2023-06-15T01:17:21+00:00
SAO_4716-10,São Paulo,3550308,True,,33874,,,-23.60477475,-46.607997749999996,,,,2,2023-06-15T01:17:12+00:00
SAO_4716-10,São Paulo,3550308,True,,33874,,,-23.602015,-46.603286999999995,,,,2,2023-06-15T01:17:26+00:00
SAO_4716-10,São Paulo,3550308,True,,33874,,,-23.601159312500002,-46.636772375,,,,2,2023-06-15T01:17:10+00:00
SAO_4716-10,São Paulo,3550308,True,,33874,,,-23.601669625,-46.63678125,,,,2,2023-06-15T01:17:05+00:00
SAO_4716-10,São Paulo,3550308,True,,33874,,,-23.604371,-46.607793,,,,2,2023-06-15T01:17:35+00:00
SAO_3459-23,São Paulo,3550308,True,EMTU,404,https://moovitapp.com/index/pt-br/transporte_p%C3%BAblico-line-404-Sao_Paulo-242-2038937-36419466-0,5.2,-23.521815,-46.516996750000004,,,,1,2023-06-15T01:17:37+00:00
SAO_3459-23,São Paulo,3550308,True,EMTU,404,https://moovitapp.com/index/pt-br/transporte_p%C3%BAblico-line-404-Sao_Paulo-242-2038937-36419466-0,5.2,-23.516789,-46.3843955,,,,1,2023-06-15T01:12:19+00:00
SAO_3459-23,São Paulo,3550308,True,EMTU,404,https://moovitapp.com/index/pt-br/transporte_p%C3%BAblico-line-404-Sao_Paulo-242-2038937-36419466-0,5.2,-23.51263375,-46.382541,,,,1,2023-06-15T01:16:58+00:00
SAO_3459-23,São Paulo,3550308,True,EMTU,404,https://moovitapp.com/index/pt-br/transporte_p%C3%BAblico-line-404-Sao_Paulo-242-2038937-36419466-0,5.2,-23.51701675,-46.468363999999994,,,,1,2023-06-15T01:16:45+00:00
SAO_3459-23,São Paulo,3550308,True,EMTU,404,https://moovitapp.com/index/pt-br/transporte_p%C3%BAblico-line-404-Sao_Paulo-242-2038937-36419466-0,5.2,-23.53225175,-46.53098425,,,,1,2023-06-15T01:17:09+00:00
SAO_3459-23,São Paulo,3550308,True,EMTU,404,https://moovitapp.com/index/pt-br/transporte_p%C3%BAblico-line-404-Sao_Paulo-242-2038937-36419466-0,5.2,-23.4945855,-46.443143,,,,1,2023-06-15T01:17:26+00:00
SAO_3459-23,São Paulo,3550308,True,EMTU,404,https://moovitapp.com/index/pt-br/transporte_p%C3%BAblico-line-404-Sao_Paulo-242-2038937-36419466-0,5.2,-23.493909000000002,-46.416891500000006,,,,1,2023-06-15T01:17:08+00:00
SAO_573T-10,São Paulo,3550308,True,,1632,,,-23.542064,-46.56548025,,,,1,2023-06-15T01:17:14+00:00
SAO_573T-10,São Paulo,3550308,True,,1632,,,-23.538545499999998,-46.564205,,,,1,2023-06-15T01:17:02+00:00
SAO_573T-10,São Paulo,3550308,True,,1632,,,-23.553845,-46.527522000000005,,,,1,2023-06-15T01:17:26+00:00
SAO_573T-10,São Paulo,3550308,True,,1632,,,-23.58171175,-46.49799425,,,,1,2023-06-15T01:17:01+00:00
SAO_573T-10,São Paulo,3550308,True,,1632,,,-23.55342375,-46.52788325,,,,1,2023-06-15T01:16:59+00:00
SAO_573T-10,São Paulo,3550308,True,,1632,,,-23.538655499999997,-46.564793,,,,1,2023-06-15T01:17:03+00:00
SAO_573T-10,São Paulo,3550308,True,,1632,,,-23.614199499999998,-46.5007885,,,,1,2023-06-15T01:17:16+00:00
SAO_573T-10,São Paulo,3550308,True,,1632,,,-23.542334,-46.56537375,,,,1,2023-06-15T01:17:03+00:00
SAO_573T-10,São Paulo,3550308,True,,1632,,,-23.547271000000002,-46.540456875000004,,,,1,2023-06-15T01:17:27+00:00
SAO_6451-10,São Paulo,3550308,True,,61,,,-23.59184725,-46.69175075,,,,1,2023-06-15T01:17:09+00:00
SAO_6451-10,São Paulo,3550308,True,,61,,,-23.5942275,-46.69227775,,,,1,2023-06-15T01:17:11+00:00
SAO_6451-10,São Paulo,3550308,True,,61,,,-23.6038655,-46.69600025,,,,1,2023-06-15T01:17:00+00:00
SAO_6451-10,São Paulo,3550308,True,,61,,,-23.6120835,-46.698271625000004,,,,1,2023-06-15T01:16:58+00:00
SAO_6451-10,São Paulo,3550308,True,,61,,,-23.589715249999998,-46.6909565,,,,1,2023-06-15T01:17:07+00:00
SAO_6451-10,São Paulo,3550308,True,,61,,,-23.615395,-46.698980250000005,,,,1,2023-06-15T01:17:39+00:00
SAO_6451-10,São Paulo,3550308,True,,61,,,-23.609954000000002,-46.697801,,,,1,2023-06-15T01:17:37+00:00
SAO_6451-10,São Paulo,3550308,True,,61,,,-23.5956325,-46.692371,,,,1,2023-06-15T01:17:41+00:00
SAO_6451-10,São Paulo,3550308,True,,61,,,-23.58497425,-46.688173,,,,1,2023-06-15T01:17:13+00:00
SAO_6451-10,São Paulo,3550308,True,,61,,,-23.648629999999997,-46.749562999999995,,,,1,2023-06-15T01:17:38+00:00
SAO_6072-10,São Paulo,3550308,True,,1588,,,-23.813377,-46.708622,,,,1,2023-06-15T01:16:12+00:00
SAO_6072-10,São Paulo,3550308,True,,1588,,,-23.773935,-46.7209955,,,,1,2023-06-15T01:17:41+00:00
SAO_6072-10,São Paulo,3550308,True,,1588,,,-23.7862775,-46.714113999999995,,,,1,2023-06-15T01:17:17+00:00
SAO_6072-10,São Paulo,3550308,True,,1588,,,-23.783839,-46.713581,,,,1,2023-06-15T01:17:17+00:00
SAO_6072-10,São Paulo,3550308,True,,1588,,,-23.767103,-46.7163835,,,,1,2023-06-15T01:17:05+00:00
SAO_6072-10,São Paulo,3550308,True,,1588,,,-23.827348,-46.69764012499999,,,,1,2023-06-15T01:17:19+00:00
SAO_5119-10,São Paulo,3550308,True,,32769,,,-23.6550385,-46.761806,,,,2,2023-06-15T01:17:35+00:00
SAO_5119-10,São Paulo,3550308,True,,32769,,,-23.585724,-46.689089499999994,,,,2,2023-06-15T01:17:09+00:00
SAO_5119-10,São Paulo,3550308,True,,32769,,,-23.654660999999997,-46.7609705,,,,2,2023-06-15T01:17:24+00:00
SAO_5119-10,São Paulo,3550308,True,,32769,,,-23.6293565,-46.7362355,,,,2,2023-06-15T01:17:12+00:00
SAO_5119-10,São Paulo,3550308,True,,32769,,,-23.604088,-46.725159,,,,2,2023-06-15T01:17:30+00:00
SAO_5119-10,São Paulo,3550308,True,,32769,,,-23.57163975,-46.653099749999996,,,,2,2023-06-15T01:17:18+00:00
SAO_5119-10,São Paulo,3550308,True,,32769,,,-23.551664000000002,-46.6372965,,,,2,2023-06-15T01:17:24+00:00
SAO_5119-10,São Paulo,3550308,True,,32769,,,-23.58464525,-46.68218475,,,,2,2023-06-15T01:17:26+00:00
SAO_5119-10,São Paulo,3550308,True,,32769,,,-23.585578374999997,-46.678266125,,,,2,2023-06-15T01:17:16+00:00
SAO_5119-10,São Paulo,3550308,True,,32769,,,-23.603759,-46.7252105,,,,2,2023-06-15T01:17:29+00:00
SAO_5119-10,São Paulo,3550308,True,,32769,,,-23.584395875,-46.673928625,,,,2,2023-06-15T01:16:57+00:00
SAO_5119-10,São Paulo,3550308,True,,32769,,,-23.6493095,-46.7519875,,,,2,2023-06-15T01:17:35+00:00
SAO_5119-10,São Paulo,3550308,True,,32769,,,-23.551664000000002,-46.6372965,,,,2,2023-06-15T01:17:00+00:00
SAO_5119-10,São Paulo,3550308,True,,32769,,,-23.581771250000003,-46.685005374999996,,,,2,2023-06-15T01:17:33+00:00
SAO_746K-10,São Paulo,3550308,True,,33555,,,-23.615886875,-46.68261275,,,,2,2023-06-15T01:17:09+00:00
SAO_746K-10,São Paulo,3550308,True,,33555,,,-23.62037,-46.69263975,,,,2,2023-06-15T01:17:23+00:00
SAO_746K-10,São Paulo,3550308,True,,33555,,,-23.620642,-46.723627,,,,2,2023-06-15T01:17:38+00:00
SAO_746K-10,São Paulo,3550308,True,,33555,,,-23.617596499999998,-46.704093,,,,2,2023-06-15T01:17:32+00:00
SAO_746K-10,São Paulo,3550308,True,,33555,,,-23.6187375,-46.722241,,,,2,2023-06-15T01:17:25+00:00
SAO_5100-10,São Paulo,3550308,True,,34138,,,-23.57730625,-46.6867535,,,,2,2023-06-15T01:17:16+00:00
SAO_5100-10,São Paulo,3550308,True,,34138,,,-23.55049425,-46.6366905,,,,2,2023-06-15T01:17:35+00:00
SAO_637J-10,São Paulo,3550308,True,EMTU,103,https://moovitapp.com/index/pt-br/transporte_p%C3%BAblico-line-103-Sao_Paulo-242-2038937-36419266-0,5.1,-23.664935,-46.69079225,,,,1,2023-06-15T01:17:13+00:00
SAO_637J-10,São Paulo,3550308,True,EMTU,103,https://moovitapp.com/index/pt-br/transporte_p%C3%BAblico-line-103-Sao_Paulo-242-2038937-36419266-0,5.1,-23.582663500000002,-46.6834225,,,,1,2023-06-15T01:17:28+00:00
SAO_637J-10,São Paulo,3550308,True,EMTU,103,https://moovitapp.com/index/pt-br/transporte_p%C3%BAblico-line-103-Sao_Paulo-242-2038937-36419266-0,5.1,-23.698259999999998,-46.700607500000004,,,,1,2023-06-15T01:15:16+00:00
SAO_637J-10,São Paulo,3550308,True,EMTU,103,https://moovitapp.com/index/pt-br/transporte_p%C3%BAblico-line-103-Sao_Paulo-242-2038937-36419266-0,5.1,-23.6051705,-46.6752465,,,,1,2023-06-15T01:17:19+00:00
SAO_637J-10,São Paulo,3550308,True,EMTU,103,https://moovitapp.com/index/pt-br/transporte_p%C3%BAblico-line-103-Sao_Paulo-242-2038937-36419266-0,5.1,-23.649636,-46.702405999999996,,,,1,2023-06-15T01:17:32+00:00
SAO_809H-10,São Paulo,3550308,True,,35013,,,-23.542752125,-46.731549875,,,,2,2023-06-15T01:17:19+00:00
SAO_809H-10,São Paulo,3550308,True,,35013,,,-23.521023999999997,-46.725408,,,,2,2023-06-15T01:17:37+00:00
SAO_809H-10,São Paulo,3550308,True,,35013,,,-23.584975,-46.740498,,,,2,2023-06-15T01:17:37+00:00
SAO_809H-10,São Paulo,3550308,True,,35013,,,-23.583724,-46.788507499999994,,,,2,2023-06-15T01:16:59+00:00
SAO_7051-10,São Paulo,3550308,True,,34653,,,-23.63986,-46.77989275,,,,2,2023-06-15T01:17:01+00:00
SAO_7051-10,São Paulo,3550308,True,,34653,,,-23.65160925,-46.7786245,,,,2,2023-06-15T01:17:34+00:00
SAO_7267-10,São Paulo,3550308,True,,34195,,,-23.5546425,-46.663935499999994,,,,2,2023-06-15T01:17:01+00:00
SAO_7267-10,São Paulo,3550308,True,,34195,,,-23.53661,-46.6775025,,,,2,2023-06-15T01:17:38+00:00
SAO_7267-10,São Paulo,3550308,True,,34195,,,-23.547223000000002,-46.6471605,,,,2,2023-06-15T01:17:04+00:00
SAO_6451-10,São Paulo,3550308,True,,32829,,,-23.62294425,-46.707565,,,,2,2023-06-15T01:17:05+00:00
SAO_6451-10,São Paulo,3550308,True,,32829,,,-23.598248124999998,-46.697151875,,,,2,2023-06-15T01:16:59+00:00
SAO_6451-10,São Paulo,3550308,True,,32829,,,-23.62277125,-46.707053,,,,2,2023-06-15T01:17:37+00:00
SAO_6451-10,São Paulo,3550308,True,,32829,,,-23.573024625000002,-46.665937625,,,,2,2023-06-15T01:17:08+00:00
SAO_6451-10,São Paulo,3550308,True,,32829,,,-23.654408500000002,-46.762060999999996,,,,2,2023-06-15T01:17:21+00:00
SAO_6451-10,São Paulo,3550308,True,,32829,,,-23.6547725,-46.760792499999994,,,,2,2023-06-15T01:17:02+00:00
SAO_6451-10,São Paulo,3550308,True,,32829,,,-23.654660999999997,-46.7609705,,,,2,2023-06-15T01:17:31+00:00
SAO_6451-10,São Paulo,3550308,True,,32829,,,-23.61394075,-46.70106375,,,,2,2023-06-15T01:16:54+00:00
SAO_6451-10,São Paulo,3550308,True,,32829,,,-23.63569975,-46.721984750000004,,,,2,2023-06-15T01:17:26+00:00
SAO_6451-10,São Paulo,3550308,True,,32829,,,-23.642476000000002,-46.738743,,,,2,2023-06-15T01:17:30+00:00
SAO_6451-10,São Paulo,3550308,True,,32829,,,-23.6409005,-46.72660375,,,,2,2023-06-15T01:17:35+00:00
SAO_6451-10,São Paulo,3550308,True,,32829,,,-23.637042375,-46.723335500000005,,,,2,2023-06-15T01:17:31+00:00
SAO_3763-10,São Paulo,3550308,True,,1054,,,-23.541038999999998,-46.576837,,,,1,2023-06-15T01:17:24+00:00
SAO_3763-10,São Paulo,3550308,True,,1054,,,-23.548009,-46.567463000000004,,,,1,2023-06-15T01:17:25+00:00
SAO_3763-10,São Paulo,3550308,True,,1054,,,-23.557687,-46.52319850000001,,,,1,2023-06-15T01:17:38+00:00
SAO_3763-10,São Paulo,3550308,True,,1054,,,-23.563404,-46.532424,,,,1,2023-06-15T01:17:24+00:00
SAO_3763-10,São Paulo,3550308,True,,1054,,,-23.56653825,-46.539587,,,,1,2023-06-15T01:17:37+00:00
SAO_3763-10,São Paulo,3550308,True,,1054,,,-23.548817375000002,-46.571528875,,,,1,2023-06-15T01:17:15+00:00
SAO_3763-10,São Paulo,3550308,True,,1054,,,-23.5559455,-46.528983999999994,,,,1,2023-06-15T01:17:29+00:00
SAO_3763-10,São Paulo,3550308,True,,1054,,,-23.568890500000002,-46.546052,,,,1,2023-06-15T01:17:30+00:00
SAO_3763-10,São Paulo,3550308,True,,1054,,,-23.568890500000002,-46.546052,,,,1,2023-06-15T01:17:15+00:00
SAO_3763-10,São Paulo,3550308,True,,1054,,,-23.566335000000002,-46.5393615,,,,1,2023-06-15T01:17:40+00:00
SAO_3763-10,São Paulo,3550308,True,,1054,,,-23.558262,-46.522529000000006,,,,1,2023-06-15T01:17:16+00:00
SAO_3763-10,São Paulo,3550308,True,,1054,,,-23.541020500000002,-46.576741999999996,,,,1,2023-06-15T01:17:18+00:00
SAO_3763-10,São Paulo,3550308,True,,1054,,,-23.557861,-46.522673,,,,1,2023-06-15T01:17:11+00:00
SAO_3763-10,São Paulo,3550308,True,,1054,,,-23.564884,-46.53655500000001,,,,1,2023-06-15T01:16:59+00:00
SAO_5757-51,São Paulo,3550308,True,,1976,,,-23.68926525,-46.63648,,,,1,2023-06-15T01:17:22+00:00
SAO_5757-51,São Paulo,3550308,True,,1976,,,-23.7079895,-46.641386499999996,,,,1,2023-06-15T01:17:34+00:00
SAO_5757-51,São Paulo,3550308,True,,1976,,,-23.7079895,-46.641386499999996,,,,1,2023-06-15T01:17:00+00:00
SAO_5757-51,São Paulo,3550308,True,,1976,,,-23.664075,-46.6543955,,,,1,2023-06-15T01:17:03+00:00
SAO_5757-51,São Paulo,3550308,True,,1976,,,-23.7079895,-46.641386499999996,,,,1,2023-06-15T01:17:25+00:00
SAO_5757-51,São Paulo,3550308,True,,1976,,,-23.635112499999998,-46.640995000000004,,,,1,2023-06-15T01:17:19+00:00
SAO_5757-51,São Paulo,3550308,True,,1976,,,-23.663271,-46.652949,,,,1,2023-06-15T01:17:36+00:00
SAO_3063-10,São Paulo,3550308,True,,33021,,,-23.5458365,-46.409215,,,,2,2023-06-15T01:16:56+00:00
SAO_3063-10,São Paulo,3550308,True,,33021,,,-23.595138125,-46.429589,,,,2,2023-06-15T01:17:06+00:00
SAO_3063-10,São Paulo,3550308,True,,33021,,,-23.5577225,-46.399697,,,,2,2023-06-15T01:17:19+00:00
SAO_3063-10,São Paulo,3550308,True,,33021,,,-23.595477874999997,-46.438803875000005,,,,2,2023-06-15T01:16:58+00:00
SAO_3063-10,São Paulo,3550308,True,,33021,,,-23.547549500000002,-46.411983,,,,2,2023-06-15T01:17:13+00:00
SAO_3063-10,São Paulo,3550308,True,,33021,,,-23.613538,-46.476616,,,,2,2023-06-15T01:17:22+00:00
SAO_3063-10,São Paulo,3550308,True,,33021,,,-23.582728,-46.4150995,,,,2,2023-06-15T01:17:37+00:00
SAO_3063-10,São Paulo,3550308,True,,33021,,,-23.594739,-46.4462135,,,,2,2023-06-15T01:16:59+00:00
SAO_3063-10,São Paulo,3550308,True,,33021,,,-23.576933500000003,-46.4163105,,,,2,2023-06-15T01:12:39+00:00
SAO_3787-10,São Paulo,3550308,True,,1612,,,-23.59139375,-46.41675024999999,,,,1,2023-06-15T01:17:02+00:00
SAO_3787-10,São Paulo,3550308,True,,1612,,,-23.595305625,-46.405425375,,,,1,2023-06-15T01:17:16+00:00
SAO_3787-10,São Paulo,3550308,True,,1612,,,-23.578772,-46.442948375,,,,1,2023-06-15T01:17:28+00:00
SAO_3787-10,São Paulo,3550308,True,,1612,,,-23.594966499999998,-46.432245,,,,1,2023-06-15T01:17:33+00:00
SAO_3787-10,São Paulo,3550308,True,,1612,,,-23.54388975,-46.4691365,,,,1,2023-06-15T01:17:32+00:00
SAO_3787-10,São Paulo,3550308,True,,1612,,,-23.542533499999998,-46.47067,,,,1,2023-06-15T01:17:24+00:00
SAO_3787-10,São Paulo,3550308,True,,1612,,,-23.55587225,-46.452326750000005,,,,1,2023-06-15T01:17:36+00:00
SAO_3787-10,São Paulo,3550308,True,,1612,,,-23.5629695,-46.44609975,,,,1,2023-06-15T01:17:27+00:00
SAO_3787-10,São Paulo,3550308,True,,1612,,,-23.5632265,-46.44612325,,,,1,2023-06-15T01:17:06+00:00
SAO_5127-10,São Paulo,3550308,True,,33895,,,-23.692935,-46.660601,,,,2,2023-06-15T01:15:40+00:00
SAO_5127-10,São Paulo,3550308,True,,33895,,,-23.677825,-46.701614500000005,,,,2,2023-06-15T01:16:07+00:00
SAO_5127-10,São Paulo,3550308,True,,33895,,,-23.6941195,-46.65682925,,,,2,2023-06-15T01:13:23+00:00
SAO_5127-10,São Paulo,3550308,True,,33895,,,-23.702229000000003,-46.639818500000004,,,,2,2023-06-15T01:17:39+00:00
SAO_5127-10,São Paulo,3550308,True,,33895,,,-23.702263000000002,-46.639984,,,,2,2023-06-15T01:17:18+00:00
SAO_4085-10,São Paulo,3550308,True,,34924,,,-23.55706475,-46.446175499999995,,,,2,2023-06-15T01:12:16+00:00
SAO_4085-10,São Paulo,3550308,True,,34924,,,-23.57348375,-46.4252655,,,,2,2023-06-15T01:16:55+00:00
SAO_4085-10,São Paulo,3550308,True,,34924,,,-23.5443775,-46.4641025,,,,2,2023-06-15T01:17:27+00:00
SAO_4085-10,São Paulo,3550308,True,,34924,,,-23.556477375,-46.447955,,,,2,2023-06-15T01:16:15+00:00
SAO_4085-10,São Paulo,3550308,True,,34924,,,-23.55005975,-46.4621805,,,,2,2023-06-15T01:17:34+00:00
SAO_4085-10,São Paulo,3550308,True,,34924,,,-23.57041325,-46.42864425,,,,2,2023-06-15T01:17:22+00:00
SAO_4085-10,São Paulo,3550308,True,,34924,,,-23.57522025,-46.42945725,,,,2,2023-06-15T01:12:58+00:00
SAO_1709-10,São Paulo,3550308,True,,851,,,-23.4412375,-46.5814765,,,,1,2023-06-15T01:17:00+00:00
SAO_1709-10,São Paulo,3550308,True,,851,,,-23.461203,-46.60227125,,,,1,2023-06-15T01:15:35+00:00
SAO_1709-10,São Paulo,3550308,True,,851,,,-23.4550455,-46.598689500000006,,,,1,2023-06-15T01:16:53+00:00
SAO_1709-10,São Paulo,3550308,True,,851,,,-23.441767,-46.589588000000006,,,,1,2023-06-15T01:17:20+00:00
SAO_1709-10,São Paulo,3550308,True,,851,,,-23.4412375,-46.5814765,,,,1,2023-06-15T01:17:24+00:00
SAO_1709-10,São Paulo,3550308,True,,851,,,-23.4507695,-46.597671500000004,,,,1,2023-06-15T01:17:16+00:00
SAO_809L-10,São Paulo,3550308,True,,34717,,,-23.589955250000003,-46.735795499999995,,,,2,2023-06-15T01:17:20+00:00
SAO_809L-10,São Paulo,3550308,True,,34717,,,-23.631868500000003,-46.772482,,,,2,2023-06-15T01:17:38+00:00
SAO_809L-10,São Paulo,3550308,True,,34717,,,-23.59007975,-46.736112500000004,,,,2,2023-06-15T01:17:31+00:00
SAO_809L-10,São Paulo,3550308,True,,34717,,,-23.632084499999998,-46.7720915,,,,2,2023-06-15T01:17:24+00:00
SAO_809L-10,São Paulo,3550308,True,,34717,,,-23.607010375,-46.750833875,,,,2,2023-06-15T01:17:04+00:00
SAO_809L-10,São Paulo,3550308,True,,34717,,,-23.632016,-46.772219500000006,,,,2,2023-06-15T01:17:33+00:00
SAO_809L-10,São Paulo,3550308,True,,34717,,,-23.631868500000003,-46.772482,,,,2,2023-06-15T01:17:31+00:00
SAO_809L-10,São Paulo,3550308,True,,34717,,,-23.550126374999998,-46.70817475,,,,2,2023-06-15T01:17:06+00:00
SAO_809L-10,São Paulo,3550308,True,,34717,,,-23.6317515,-46.7727405,,,,2,2023-06-15T01:17:29+00:00
SAO_809L-10,São Paulo,3550308,True,,34717,,,-23.55116,-46.7067435,,,,2,2023-06-15T01:17:07+00:00
SAO_809L-10,São Paulo,3550308,True,,34717,,,-23.5990835,-46.7473365,,,,2,2023-06-15T01:17:30+00:00
SAO_809L-10,São Paulo,3550308,True,,34717,,,-23.61608425,-46.75695325,,,,2,2023-06-15T01:17:39+00:00
SAO_809L-10,São Paulo,3550308,True,,34717,,,-23.6317515,-46.7727405,,,,2,2023-06-15T01:17:39+00:00
SAO_5185-10,São Paulo,3550308,True,,1308,,,-23.5625135,-46.6451265,,,,1,2023-06-15T01:17:28+00:00
SAO_5185-10,São Paulo,3550308,True,,1308,,,-23.645631,-46.6735345,,,,1,2023-06-15T01:17:34+00:00
SAO_5185-10,São Paulo,3550308,True,,1308,,,-23.666105625,-46.71542975,,,,1,2023-06-15T01:17:10+00:00
SAO_5185-10,São Paulo,3550308,True,,1308,,,-23.553086874999998,-46.6380745,,,,1,2023-06-15T01:17:23+00:00
SAO_5185-10,São Paulo,3550308,True,,1308,,,-23.6110145,-46.655598,,,,1,2023-06-15T01:17:35+00:00
SAO_5185-10,São Paulo,3550308,True,,1308,,,-23.568310750000002,-46.649578000000005,,,,1,2023-06-15T01:17:39+00:00
SAO_5362-23,São Paulo,3550308,True,,34628,,,-23.717887375,-46.700624625,,,,2,2023-06-15T01:17:36+00:00
SAO_5362-23,São Paulo,3550308,True,,34628,,,-23.650246250000002,-46.705337,,,,2,2023-06-15T01:17:08+00:00
SAO_5362-23,São Paulo,3550308,True,,34628,,,-23.6603405,-46.7032635,,,,2,2023-06-15T01:17:18+00:00
SAO_5362-23,São Paulo,3550308,True,,34628,,,-23.638472875,-46.69510575,,,,2,2023-06-15T01:17:00+00:00
SAO_5362-23,São Paulo,3550308,True,,34628,,,-23.73404675,-46.696197,,,,2,2023-06-15T01:17:10+00:00
SAO_5362-23,São Paulo,3550308,True,,34628,,,-23.6499865,-46.705413500000006,,,,2,2023-06-15T01:17:19+00:00
SAO_5362-23,São Paulo,3550308,True,,34628,,,-23.640843,-46.6985765,,,,2,2023-06-15T01:17:15+00:00
SAO_5362-23,São Paulo,3550308,True,,34628,,,-23.74435,-46.6720445,,,,2,2023-06-15T01:16:57+00:00
SAO_5362-23,São Paulo,3550308,True,,34628,,,-23.6494625,-46.705044,,,,2,2023-06-15T01:17:05+00:00
SAO_5362-23,São Paulo,3550308,True,,34628,,,-23.6600465,-46.702068,,,,2,2023-06-15T01:17:18+00:00
SAO_5362-23,São Paulo,3550308,True,,34628,,,-23.6603405,-46.7032635,,,,2,2023-06-15T01:16:59+00:00
SAO_5362-23,São Paulo,3550308,True,,34628,,,-23.65577325,-46.701387,,,,2,2023-06-15T01:17:33+00:00
SAO_3773-10,São Paulo,3550308,True,,1059,,,-23.602433875,-46.482662375,,,,1,2023-06-15T01:17:32+00:00
SAO_3773-10,São Paulo,3550308,True,,1059,,,-23.596332500000003,-46.487379625,,,,1,2023-06-15T01:17:14+00:00
SAO_3773-10,São Paulo,3550308,True,,1059,,,-23.5386545,-46.565125,,,,1,2023-06-15T01:17:41+00:00
SAO_3773-10,São Paulo,3550308,True,,1059,,,-23.537625999999996,-46.56210568750001,,,,1,2023-06-15T01:17:24+00:00
SAO_3773-10,São Paulo,3550308,True,,1059,,,-23.612581749999997,-46.4661935,,,,1,2023-06-15T01:17:26+00:00
SAO_3773-10,São Paulo,3550308,True,,1059,,,-23.538011500000003,-46.564010249999995,,,,1,2023-06-15T01:17:20+00:00
SAO_1178-10,São Paulo,3550308,True,,132,,,-23.504973,-46.475204,,,,1,2023-06-15T01:17:30+00:00
SAO_1178-10,São Paulo,3550308,True,,132,,,-23.505224,-46.519229499999994,,,,1,2023-06-15T01:17:29+00:00
SAO_1178-10,São Paulo,3550308,True,,132,,,-23.489188999999996,-46.50488625,,,,1,2023-06-15T01:17:05+00:00
SAO_1178-10,São Paulo,3550308,True,,132,,,-23.53148125,-46.632570125,,,,1,2023-06-15T01:16:58+00:00
SAO_1178-10,São Paulo,3550308,True,,132,,,-23.54147725,-46.63535375,,,,1,2023-06-15T01:17:02+00:00
SAO_4014-10,São Paulo,3550308,True,,34955,,,-23.608690250000002,-46.46415975000001,,,,2,2023-06-15T01:17:12+00:00
SAO_4014-10,São Paulo,3550308,True,,34955,,,-23.612562999999998,-46.45627825,,,,2,2023-06-15T01:17:12+00:00
SAO_4014-10,São Paulo,3550308,True,,34955,,,-23.5838655,-46.4935355,,,,2,2023-06-15T01:15:32+00:00
SAO_4014-10,São Paulo,3550308,True,,34955,,,-23.604464999999998,-46.463587875,,,,2,2023-06-15T01:17:31+00:00
SAO_4014-10,São Paulo,3550308,True,,34955,,,-23.5666106875,-46.5113859375,,,,2,2023-06-15T01:17:32+00:00
SAO_6010-10,São Paulo,3550308,True,,1202,,,-23.6779145,-46.7941925,,,,1,2023-06-15T01:17:14+00:00
SAO_6010-10,São Paulo,3550308,False,,1202,,,-23.6938785,-46.7945825,,,,1,2023-06-15T01:17:25+00:00
SAO_6010-10,São Paulo,3550308,True,,1202,,,-23.6684445,-46.735211500000005,,,,1,2023-06-15T01:17:36+00:00
SAO_6010-10,São Paulo,3550308,True,,1202,,,-23.6659,-46.750628,,,,1,2023-06-15T01:17:14+00:00
SAO_6010-10,São Paulo,3550308,True,,1202,,,-23.672202,-46.787373,,,,1,2023-06-15T01:17:03+00:00
SAO_6010-10,São Paulo,3550308,True,,1202,,,-23.660277999999998,-46.768888000000004,,,,1,2023-06-15T01:17:22+00:00
SAO_6010-10,São Paulo,3550308,True,,1202,,,-23.67613,-46.7896015,,,,1,2023-06-15T01:17:33+00:00
SAO_6010-10,São Paulo,3550308,True,,1202,,,-23.667592,-46.735935999999995,,,,1,2023-06-15T01:17:40+00:00
SAO_4033-10,São Paulo,3550308,True,,1103,,,-23.618427249999996,-46.45876025,,,,1,2023-06-15T01:17:37+00:00
SAO_4033-10,São Paulo,3550308,True,,1103,,,-23.60145225,-46.5305255,,,,1,2023-06-15T01:17:22+00:00
SAO_4033-10,São Paulo,3550308,True,,1103,,,-23.61795875,-46.45830875,,,,1,2023-06-15T01:17:26+00:00
SAO_4033-10,São Paulo,3550308,True,,1103,,,-23.5980775,-46.5109945,,,,1,2023-06-15T01:17:25+00:00
SAO_4033-10,São Paulo,3550308,True,,1103,,,-23.599266999999998,-46.514247,,,,1,2023-06-15T01:17:16+00:00
SAO_4033-10,São Paulo,3550308,True,,1103,,,-23.616099,-46.455704499999996,,,,1,2023-06-15T01:17:06+00:00
SAO_4033-10,São Paulo,3550308,True,,1103,,,-23.614441,-46.47093825,,,,1,2023-06-15T01:17:14+00:00
SAO_4033-10,São Paulo,3550308,True,,1103,,,-23.6120715,-46.487640999999996,,,,1,2023-06-15T01:17:28+00:00
SAO_4033-10,São Paulo,3550308,True,,1103,,,-23.6132725,-46.472132,,,,1,2023-06-15T01:16:56+00:00
SAO_4033-10,São Paulo,3550308,True,,1103,,,-23.605851,-46.5032225,,,,1,2023-06-15T01:17:07+00:00
SAO_6059-10,São Paulo,3550308,True,,33994,,,-23.648969,-46.70354950000001,,,,2,2023-06-15T01:17:06+00:00
SAO_6059-10,São Paulo,3550308,True,,33994,,,-23.6518665,-46.702183500000004,,,,2,2023-06-15T01:16:58+00:00
SAO_6059-10,São Paulo,3550308,True,,33994,,,-23.637434,-46.7117335,,,,2,2023-06-15T01:17:24+00:00
SAO_6059-10,São Paulo,3550308,True,,33994,,,-23.6802975,-46.743245,,,,2,2023-06-15T01:17:21+00:00
SAO_6059-10,São Paulo,3550308,True,,33994,,,-23.6520225,-46.73388525,,,,2,2023-06-15T01:17:33+00:00
SAO_6059-10,São Paulo,3550308,True,,33994,,,-23.6802505,-46.7430045,,,,2,2023-06-15T01:17:15+00:00
SAO_3069-10,São Paulo,3550308,True,,33752,,,-23.606985,-46.416852500000005,,,,2,2023-06-15T01:17:24+00:00
SAO_3069-10,São Paulo,3550308,True,,33752,,,-23.60662525,-46.41692075,,,,2,2023-06-15T01:17:38+00:00
SAO_3069-10,São Paulo,3550308,True,,33752,,,-23.620746,-46.4667065,,,,2,2023-06-15T01:17:35+00:00
SAO_3069-10,São Paulo,3550308,True,,33752,,,-23.614269,-46.4194315,,,,2,2023-06-15T01:17:03+00:00
SAO_3069-10,São Paulo,3550308,True,,33752,,,-23.60662525,-46.41692075,,,,2,2023-06-15T01:17:17+00:00
SAO_3069-10,São Paulo,3550308,True,,33752,,,-23.623012250000002,-46.4335425,,,,2,2023-06-15T01:17:28+00:00
SAO_3069-10,São Paulo,3550308,True,,33752,,,-23.614291,-46.4151125,,,,2,2023-06-15T01:17:30+00:00
SAO_3069-10,São Paulo,3550308,True,,33752,,,-23.605977,-46.417018999999996,,,,2,2023-06-15T01:17:17+00:00
SAO_3069-10,São Paulo,3550308,True,,33752,,,-23.6227905,-46.434059000000005,,,,2,2023-06-15T01:17:19+00:00
SAO_6017-10,São Paulo,3550308,True,,1206,,,-23.69717575,-46.7767415,,,,1,2023-06-15T01:17:26+00:00
SAO_6017-10,São Paulo,3550308,True,,1206,,,-23.6686015,-46.733251499999994,,,,1,2023-06-15T01:17:31+00:00
SAO_6017-10,São Paulo,3550308,True,,1206,,,-23.6539185,-46.7067565,,,,1,2023-06-15T01:17:34+00:00
SAO_6017-10,São Paulo,3550308,True,,1206,,,-23.68797225,-46.77209175,,,,1,2023-06-15T01:17:35+00:00
SAO_2014-10,São Paulo,3550308,True,Urubupungá,900,https://moovitapp.com/index/pt-br/transporte_p%C3%BAblico-line-900-Sao_Paulo-242-873835-496470-0,4.6,-23.457081000000002,-46.669748,,,,1,2023-06-15T01:17:19+00:00
SAO_2014-10,São Paulo,3550308,True,Urubupungá,900,https://moovitapp.com/index/pt-br/transporte_p%C3%BAblico-line-900-Sao_Paulo-242-873835-496470-0,4.6,-23.483006000000003,-46.664415,,,,1,2023-06-15T01:17:26+00:00
SAO_2014-10,São Paulo,3550308,True,Urubupungá,900,https://moovitapp.com/index/pt-br/transporte_p%C3%BAblico-line-900-Sao_Paulo-242-873835-496470-0,4.6,-23.457081000000002,-46.669748,,,,1,2023-06-15T01:17:09+00:00
SAO_2014-10,São Paulo,3550308,True,Urubupungá,900,https://moovitapp.com/index/pt-br/transporte_p%C3%BAblico-line-900-Sao_Paulo-242-873835-496470-0,4.6,-23.453629499999998,-46.6723765,,,,1,2023-06-15T01:17:30+00:00
SAO_2014-10,São Paulo,3550308,True,Urubupungá,900,https://moovitapp.com/index/pt-br/transporte_p%C3%BAblico-line-900-Sao_Paulo-242-873835-496470-0,4.6,-23.4796945,-46.6728645,,,,1,2023-06-15T01:17:16+00:00
SAO_2014-10,São Paulo,3550308,True,Urubupungá,900,https://moovitapp.com/index/pt-br/transporte_p%C3%BAblico-line-900-Sao_Paulo-242-873835-496470-0,4.6,-23.483189000000003,-46.663827999999995,,,,1,2023-06-15T01:17:14+00:00
SAO_2014-10,São Paulo,3550308,True,Urubupungá,900,https://moovitapp.com/index/pt-br/transporte_p%C3%BAblico-line-900-Sao_Paulo-242-873835-496470-0,4.6,-23.457081000000002,-46.669748,,,,1,2023-06-15T01:17:36+00:00
SAO_2014-10,São Paulo,3550308,True,Urubupungá,900,https://moovitapp.com/index/pt-br/transporte_p%C3%BAblico-line-900-Sao_Paulo-242-873835-496470-0,4.6,-23.4750395,-46.6685415,,,,1,2023-06-15T01:17:10+00:00
SAO_403A-10,São Paulo,3550308,True,,34960,,,-23.5523945,-46.464682,,,,2,2023-06-15T01:17:11+00:00
SAO_403A-10,São Paulo,3550308,True,,34960,,,-23.554920375,-46.453962000000004,,,,2,2023-06-15T01:17:07+00:00
SAO_403A-10,São Paulo,3550308,True,,34960,,,-23.530312000000002,-46.5334595,,,,2,2023-06-15T01:17:02+00:00
SAO_403A-10,São Paulo,3550308,True,,34960,,,-23.53801275,-46.51844,,,,2,2023-06-15T01:17:20+00:00
SAO_403A-10,São Paulo,3550308,True,,34960,,,-23.5507895,-46.496966750000006,,,,2,2023-06-15T01:17:12+00:00
SAO_403A-10,São Paulo,3550308,True,,34960,,,-23.546002,-46.513045000000005,,,,2,2023-06-15T01:17:02+00:00
SAO_403A-10,São Paulo,3550308,True,,34960,,,-23.549409,-46.436084,,,,2,2023-06-15T01:17:17+00:00
SAO_5164-10,São Paulo,3550308,True,,34051,,,-23.5809745,-46.6566785,,,,2,2023-06-15T01:17:41+00:00
SAO_5164-10,São Paulo,3550308,True,,34051,,,-23.6329345,-46.6449335,,,,2,2023-06-15T01:17:07+00:00
SAO_5164-10,São Paulo,3550308,True,,34051,,,-23.64068825,-46.66496975,,,,2,2023-06-15T01:16:57+00:00
SAO_5164-10,São Paulo,3550308,True,,34051,,,-23.5936005,-46.65073825,,,,2,2023-06-15T01:17:17+00:00
SAO_5164-10,São Paulo,3550308,True,,34051,,,-23.597332,-46.636736,,,,2,2023-06-15T01:16:52+00:00
SAO_5164-10,São Paulo,3550308,True,,34051,,,-23.6431185,-46.662103,,,,2,2023-06-15T01:17:21+00:00
SAO_3721-41,São Paulo,3550308,True,,1693,,,-23.5568925,-46.496725999999995,,,,1,2023-06-15T01:17:23+00:00
SAO_3721-41,São Paulo,3550308,True,,1693,,,-23.5636785,-46.5006755,,,,1,2023-06-15T01:17:40+00:00
SAO_3721-41,São Paulo,3550308,True,,1693,,,-23.541904000000002,-46.4839925,,,,1,2023-06-15T01:17:38+00:00
SAO_3721-41,São Paulo,3550308,True,,1693,,,-23.542482,-46.470364,,,,1,2023-06-15T01:14:59+00:00
SAO_3721-41,São Paulo,3550308,True,,1693,,,-23.5495685,-46.48489175,,,,1,2023-06-15T01:16:58+00:00
SAO_3721-41,São Paulo,3550308,True,,1693,,,-23.55978125,-46.49502925,,,,1,2023-06-15T01:17:04+00:00
SAO_3721-41,São Paulo,3550308,True,,1693,,,-23.544380750000002,-46.486051375,,,,1,2023-06-15T01:17:35+00:00
SAO_3721-41,São Paulo,3550308,True,,1693,,,-23.542863,-46.469320249999996,,,,1,2023-06-15T01:14:48+00:00
SAO_8200-10,São Paulo,3550308,True,,1263,,,-23.5068785,-46.7088245,,,,1,2023-06-15T01:17:27+00:00
SAO_8200-10,São Paulo,3550308,True,,1263,,,-23.482255,-46.7272585,,,,1,2023-06-15T01:17:35+00:00
SAO_8200-10,São Paulo,3550308,True,,1263,,,-23.519739,-46.7008255,,,,1,2023-06-15T01:17:12+00:00
SAO_875C-1,São Paulo,3550308,True,,35278,,,-23.519925999999998,-46.699962,,,,2,2023-06-15T01:17:05+00:00
SAO_875C-1,São Paulo,3550308,True,,35278,,,-23.602985,-46.66056625,,,,2,2023-06-15T01:17:35+00:00
SAO_875C-1,São Paulo,3550308,True,,35278,,,-23.602321125000003,-46.656401625,,,,2,2023-06-15T01:17:39+00:00
SAO_875C-1,São Paulo,3550308,True,,35278,,,-23.598088500000003,-46.646527000000006,,,,2,2023-06-15T01:17:28+00:00
SAO_875C-1,São Paulo,3550308,True,,35278,,,-23.5744145,-46.688534250000004,,,,2,2023-06-15T01:17:28+00:00
SAO_6726-10,São Paulo,3550308,True,,1193,,,-23.736596499999997,-46.6971045,,,,1,2023-06-15T01:16:36+00:00
SAO_6726-10,São Paulo,3550308,True,,1193,,,-23.736596499999997,-46.6971045,,,,1,2023-06-15T01:16:54+00:00
SAO_6726-10,São Paulo,3550308,True,,1193,,,-23.745268375000002,-46.66581537500001,,,,1,2023-06-15T01:17:41+00:00
SAO_6726-10,São Paulo,3550308,True,,1193,,,-23.736480999999998,-46.69416675,,,,1,2023-06-15T01:17:32+00:00
SAO_6726-10,São Paulo,3550308,True,,1193,,,-23.745667,-46.689012000000005,,,,1,2023-06-15T01:16:56+00:00
SAO_6726-10,São Paulo,3550308,True,,1193,,,-23.7450435,-46.667193499999996,,,,1,2023-06-15T01:17:18+00:00
SAO_6726-10,São Paulo,3550308,True,,1193,,,-23.745096625000002,-46.666867624999995,,,,1,2023-06-15T01:17:14+00:00
SAO_6726-10,São Paulo,3550308,True,,1193,,,-23.73467,-46.66268825,,,,1,2023-06-15T01:17:16+00:00
SAO_6726-10,São Paulo,3550308,True,,1193,,,-23.755181625,-46.671980624999996,,,,1,2023-06-15T01:17:27+00:00
SAO_273L-10,São Paulo,3550308,True,,224,,,-23.53523,-46.42859,,,,1,2023-06-15T01:15:55+00:00
SAO_273L-10,São Paulo,3550308,True,,224,,,-23.530376,-46.4527545,,,,1,2023-06-15T01:17:32+00:00
SAO_273L-10,São Paulo,3550308,True,,224,,,-23.516874,-46.42246025,,,,1,2023-06-15T01:17:27+00:00
SAO_273L-10,São Paulo,3550308,True,,224,,,-23.540347500000003,-46.4831805,,,,1,2023-06-15T01:17:13+00:00
SAO_273L-10,São Paulo,3550308,True,,224,,,-23.539371,-46.431256,,,,1,2023-06-15T01:17:07+00:00
SAO_2730-10,São Paulo,3550308,True,Urubupungá,945,https://moovitapp.com/index/pt-br/transporte_p%C3%BAblico-line-945-Sao_Paulo-242-873835-75841138-0,4.6,-23.5231775,-46.471551500000004,,,,1,2023-06-15T01:17:11+00:00
SAO_2730-10,São Paulo,3550308,True,Urubupungá,945,https://moovitapp.com/index/pt-br/transporte_p%C3%BAblico-line-945-Sao_Paulo-242-873835-75841138-0,4.6,-23.535243,-46.474087499999996,,,,1,2023-06-15T01:17:32+00:00
SAO_2730-10,São Paulo,3550308,True,Urubupungá,945,https://moovitapp.com/index/pt-br/transporte_p%C3%BAblico-line-945-Sao_Paulo-242-873835-75841138-0,4.6,-23.508934500000002,-46.447211249999995,,,,1,2023-06-15T01:16:39+00:00
SAO_2730-10,São Paulo,3550308,True,Urubupungá,945,https://moovitapp.com/index/pt-br/transporte_p%C3%BAblico-line-945-Sao_Paulo-242-873835-75841138-0,4.6,-23.52089125,-46.46828325,,,,1,2023-06-15T01:17:20+00:00
SAO_2730-10,São Paulo,3550308,True,Urubupungá,945,https://moovitapp.com/index/pt-br/transporte_p%C3%BAblico-line-945-Sao_Paulo-242-873835-75841138-0,4.6,-23.538683,-46.480537749999996,,,,1,2023-06-15T01:17:31+00:00
SAO_6058-10,São Paulo,3550308,True,,33917,,,-23.769588,-46.6772535,,,,2,2023-06-15T01:17:04+00:00
SAO_6058-10,São Paulo,3550308,True,,33917,,,-23.77025525,-46.6810555,,,,2,2023-06-15T01:17:37+00:00
SAO_6058-10,São Paulo,3550308,True,,33917,,,-23.769851000000003,-46.676743,,,,2,2023-06-15T01:16:59+00:00
SAO_6058-10,São Paulo,3550308,True,,33917,,,-23.77068775,-46.7134735,,,,2,2023-06-15T01:17:14+00:00
SAO_273G-10,São Paulo,3550308,True,EMTU,223,https://moovitapp.com/index/pt-br/transporte_p%C3%BAblico-line-223-Sao_Paulo-242-2038937-36419342-0,5.2,-23.52576275,-46.47479825,,,,1,2023-06-15T01:17:31+00:00
SAO_273G-10,São Paulo,3550308,True,EMTU,223,https://moovitapp.com/index/pt-br/transporte_p%C3%BAblico-line-223-Sao_Paulo-242-2038937-36419342-0,5.2,-23.4814825,-46.415851,,,,1,2023-06-15T01:13:07+00:00
SAO_273G-10,São Paulo,3550308,True,EMTU,223,https://moovitapp.com/index/pt-br/transporte_p%C3%BAblico-line-223-Sao_Paulo-242-2038937-36419342-0,5.2,-23.539805,-46.483291,,,,1,2023-06-15T01:17:16+00:00
SAO_273G-10,São Paulo,3550308,True,EMTU,223,https://moovitapp.com/index/pt-br/transporte_p%C3%BAblico-line-223-Sao_Paulo-242-2038937-36419342-0,5.2,-23.515887999999997,-46.47655725,,,,1,2023-06-15T01:17:29+00:00
SAO_273G-10,São Paulo,3550308,True,EMTU,223,https://moovitapp.com/index/pt-br/transporte_p%C3%BAblico-line-223-Sao_Paulo-242-2038937-36419342-0,5.2,-23.49206775,-46.447616249999996,,,,1,2023-06-15T01:17:00+00:00
SAO_273G-10,São Paulo,3550308,True,EMTU,223,https://moovitapp.com/index/pt-br/transporte_p%C3%BAblico-line-223-Sao_Paulo-242-2038937-36419342-0,5.2,-23.4909575,-46.4425615,,,,1,2023-06-15T01:17:25+00:00
SAO_273G-10,São Paulo,3550308,True,EMTU,223,https://moovitapp.com/index/pt-br/transporte_p%C3%BAblico-line-223-Sao_Paulo-242-2038937-36419342-0,5.2,-23.515887999999997,-46.47655725,,,,1,2023-06-15T01:17:30+00:00
SAO_273G-10,São Paulo,3550308,True,EMTU,223,https://moovitapp.com/index/pt-br/transporte_p%C3%BAblico-line-223-Sao_Paulo-242-2038937-36419342-0,5.2,-23.49206775,-46.447616249999996,,,,1,2023-06-15T01:17:30+00:00
SAO_4010-10,São Paulo,3550308,True,,34951,,,-23.560548,-46.519321500000004,,,,2,2023-06-15T01:17:17+00:00
SAO_4010-10,São Paulo,3550308,True,,34951,,,-23.583696500000002,-46.492101,,,,2,2023-06-15T01:17:31+00:00
SAO_4010-10,São Paulo,3550308,True,,34951,,,-23.551757000000002,-46.4640355,,,,2,2023-06-15T01:17:28+00:00
SAO_8077-10,São Paulo,3550308,True,,2050,,,-23.601596,-46.791070000000005,,,,1,2023-06-15T01:17:33+00:00
SAO_8077-10,São Paulo,3550308,True,,2050,,,-23.589444874999998,-46.735837125,,,,1,2023-06-15T01:17:02+00:00
SAO_574W-10,São Paulo,3550308,True,,1629,,,-23.606033250000003,-46.507858999999996,,,,1,2023-06-15T01:17:14+00:00
SAO_574W-10,São Paulo,3550308,True,,1629,,,-23.555372,-46.576878,,,,1,2023-06-15T01:17:11+00:00
SAO_574W-10,São Paulo,3550308,True,,1629,,,-23.5981755,-46.513453999999996,,,,1,2023-06-15T01:17:01+00:00
SAO_574W-10,São Paulo,3550308,True,,1629,,,-23.543033,-46.588872,,,,1,2023-06-15T01:17:40+00:00
SAO_574W-10,São Paulo,3550308,True,,1629,,,-23.565612,-46.5450165,,,,1,2023-06-15T01:17:28+00:00
SAO_574W-10,São Paulo,3550308,True,,1629,,,-23.614441499999998,-46.500118,,,,1,2023-06-15T01:17:27+00:00
SAO_6013-10,São Paulo,3550308,True,,32954,,,-23.644748,-46.722992500000004,,,,2,2023-06-15T01:17:27+00:00
SAO_6013-10,São Paulo,3550308,True,,32954,,,-23.6708995,-46.7403595,,,,2,2023-06-15T01:17:30+00:00
SAO_6013-10,São Paulo,3550308,True,,32954,,,-23.693067,-46.778766,,,,2,2023-06-15T01:17:22+00:00
SAO_6013-10,São Paulo,3550308,True,,32954,,,-23.6905325,-46.774566500000006,,,,2,2023-06-15T01:17:33+00:00
SAO_6013-10,São Paulo,3550308,True,,32954,,,-23.6995785,-46.763411500000004,,,,2,2023-06-15T01:17:32+00:00
SAO_6013-10,São Paulo,3550308,True,,32954,,,-23.654,-46.7111995,,,,2,2023-06-15T01:17:35+00:00
SAO_856R-10,São Paulo,3550308,True,,34196,,,-23.522759875000002,-46.6924104375,,,,2,2023-06-15T01:17:02+00:00
SAO_856R-10,São Paulo,3550308,True,,34196,,,-23.535999999999998,-46.686845250000005,,,,2,2023-06-15T01:17:35+00:00
SAO_856R-10,São Paulo,3550308,True,,34196,,,-23.63923275,-46.696598,,,,2,2023-06-15T01:17:35+00:00
SAO_856R-10,São Paulo,3550308,True,,34196,,,-23.53517125,-46.68711025,,,,2,2023-06-15T01:17:31+00:00
SAO_856R-10,São Paulo,3550308,True,,34196,,,-23.5759565,-46.68759,,,,2,2023-06-15T01:17:22+00:00
SAO_856R-10,São Paulo,3550308,True,,34196,,,-23.532723124999997,-46.686710875,,,,2,2023-06-15T01:17:14+00:00
SAO_856R-10,São Paulo,3550308,True,,34196,,,-23.5227815,-46.693587,,,,2,2023-06-15T01:17:31+00:00
SAO_856R-10,São Paulo,3550308,True,,34196,,,-23.572158,-46.689937,,,,2,2023-06-15T01:16:55+00:00
SAO_856R-10,São Paulo,3550308,True,,34196,,,-23.58413775,-46.672977249999995,,,,2,2023-06-15T01:17:18+00:00
SAO_5105-10,São Paulo,3550308,True,,34419,,,-23.5550285,-46.624151,,,,2,2023-06-15T01:17:17+00:00
SAO_5105-10,São Paulo,3550308,True,,34419,,,-23.603084250000002,-46.60265125,,,,2,2023-06-15T01:16:58+00:00
SAO_5105-10,São Paulo,3550308,True,,34419,,,-23.602994000000002,-46.602816000000004,,,,2,2023-06-15T01:17:03+00:00
SAO_5105-10,São Paulo,3550308,True,,34419,,,-23.6034215,-46.602013,,,,2,2023-06-15T01:17:09+00:00
SAO_5105-10,São Paulo,3550308,True,,34419,,,-23.5675645,-46.60940925,,,,2,2023-06-15T01:17:24+00:00
SAO_5105-10,São Paulo,3550308,True,,34419,,,-23.603226749999997,-46.60239175,,,,2,2023-06-15T01:17:08+00:00
SAO_5105-10,São Paulo,3550308,True,,34419,,,-23.5472265,-46.6288135,,,,2,2023-06-15T01:17:36+00:00
SAO_5105-10,São Paulo,3550308,True,,34419,,,-23.59536925,-46.597475812499994,,,,2,2023-06-15T01:17:22+00:00
SAO_172J-10,São Paulo,3550308,True,,856,,,-23.5399505,-46.576659,,,,1,2023-06-15T01:17:24+00:00
SAO_172J-10,São Paulo,3550308,True,,856,,,-23.490609499999998,-46.5744425,,,,1,2023-06-15T01:17:20+00:00
SAO_172J-10,São Paulo,3550308,True,,856,,,-23.497451,-46.574927875,,,,1,2023-06-15T01:13:52+00:00
SAO_172J-10,São Paulo,3550308,True,,856,,,-23.524451250000002,-46.59457875,,,,1,2023-06-15T01:13:02+00:00
SAO_172J-10,São Paulo,3550308,True,,856,,,-23.539852500000002,-46.5763,,,,1,2023-06-15T01:17:04+00:00
SAO_172J-10,São Paulo,3550308,True,,856,,,-23.5399505,-46.576659,,,,1,2023-06-15T01:17:08+00:00
SAO_172J-10,São Paulo,3550308,True,,856,,,-23.539852500000002,-46.5763,,,,1,2023-06-15T01:17:05+00:00
SAO_172J-10,São Paulo,3550308,True,,856,,,-23.48074675,-46.5704535,,,,1,2023-06-15T01:17:27+00:00
SAO_6338-10,São Paulo,3550308,True,,34061,,,-23.680194,-46.63726,,,,2,2023-06-15T01:17:17+00:00
SAO_6338-10,São Paulo,3550308,True,,34061,,,-23.65056375,-46.64732375,,,,2,2023-06-15T01:16:21+00:00
SAO_6338-10,São Paulo,3550308,True,,34061,,,-23.597227750000002,-46.6385615,,,,2,2023-06-15T01:16:55+00:00
SAO_6338-10,São Paulo,3550308,True,,34061,,,-23.655224,-46.64815175,,,,2,2023-06-15T01:17:18+00:00
SAO_8040-10,São Paulo,3550308,True,,406,,,-23.508729250000002,-46.736591000000004,,,,1,2023-06-15T01:16:57+00:00
SAO_8040-10,São Paulo,3550308,True,,406,,,-23.492415,-46.766329,,,,1,2023-06-15T01:17:35+00:00
SAO_8040-10,São Paulo,3550308,True,,406,,,-23.439498999999998,-46.760326,,,,1,2023-06-15T01:17:36+00:00
SAO_2723-10,São Paulo,3550308,True,,937,,,-23.54223,-46.4724785,,,,1,2023-06-15T01:17:02+00:00
SAO_2723-10,São Paulo,3550308,True,,937,,,-23.5390135,-46.470715999999996,,,,1,2023-06-15T01:17:22+00:00
SAO_2723-10,São Paulo,3550308,True,,937,,,-23.498023,-46.4550115,,,,1,2023-06-15T01:16:58+00:00
SAO_2723-10,São Paulo,3550308,True,,937,,,-23.541654,-46.4729895,,,,1,2023-06-15T01:14:44+00:00
SAO_2723-10,São Paulo,3550308,True,,937,,,-23.4910745,-46.4538655,,,,1,2023-06-15T01:17:16+00:00
SAO_2723-10,São Paulo,3550308,True,,937,,,-23.5115035,-46.4435925,,,,1,2023-06-15T01:17:38+00:00
SAO_2723-10,São Paulo,3550308,True,,937,,,-23.522345,-46.4433325,,,,1,2023-06-15T01:17:20+00:00
SAO_574R-10,São Paulo,3550308,True,,1623,,,-23.54487675,-46.58828375,,,,1,2023-06-15T01:15:28+00:00
SAO_574R-10,São Paulo,3550308,True,,1623,,,-23.5610755,-46.5751625,,,,1,2023-06-15T01:17:02+00:00
SAO_574R-10,São Paulo,3550308,True,,1623,,,-23.614382,-46.501851,,,,1,2023-06-15T01:17:30+00:00
SAO_574R-10,São Paulo,3550308,True,,1623,,,-23.6141215,-46.501234,,,,1,2023-06-15T01:17:17+00:00
SAO_574R-10,São Paulo,3550308,True,,1623,,,-23.5691965,-46.568589,,,,1,2023-06-15T01:17:28+00:00
SAO_574R-10,São Paulo,3550308,True,,1623,,,-23.5939195,-46.5270805,,,,1,2023-06-15T01:17:22+00:00
SAO_8014-10,São Paulo,3550308,True,,33569,,,-23.4457545,-46.789125999999996,,,,2,2023-06-15T01:17:09+00:00
SAO_8014-10,São Paulo,3550308,True,,33569,,,-23.446309499999998,-46.789116,,,,2,2023-06-15T01:17:31+00:00
SAO_8014-10,São Paulo,3550308,True,,33569,,,-23.434336000000002,-46.7923445,,,,2,2023-06-15T01:17:27+00:00
SAO_8014-10,São Paulo,3550308,True,,33569,,,-23.438830250000002,-46.79346075,,,,2,2023-06-15T01:17:29+00:00
SAO_8014-10,São Paulo,3550308,True,,33569,,,-23.405923,-46.755074,,,,2,2023-06-15T01:17:11+00:00
SAO_8014-10,São Paulo,3550308,True,,33569,,,-23.4318903125,-46.786874375,,,,2,2023-06-15T01:17:35+00:00
SAO_8014-10,São Paulo,3550308,True,,33569,,,-23.4043965,-46.7518015,,,,2,2023-06-15T01:17:12+00:00
SAO_6L05-10,São Paulo,3550308,True,,1173,,,-23.828203,-46.726499000000004,,,,1,2023-06-15T01:17:18+00:00
SAO_6L05-10,São Paulo,3550308,True,,1173,,,-23.828229999999998,-46.7267175,,,,1,2023-06-15T01:17:13+00:00
SAO_3725-10,São Paulo,3550308,True,,33790,,,-23.549874000000003,-46.5218445,,,,2,2023-06-15T01:17:01+00:00
SAO_3725-10,São Paulo,3550308,True,,33790,,,-23.5332225,-46.530609,,,,2,2023-06-15T01:17:13+00:00
SAO_3725-10,São Paulo,3550308,True,,33790,,,-23.533086,-46.530659,,,,2,2023-06-15T01:17:27+00:00
SAO_3725-10,São Paulo,3550308,True,,33790,,,-23.5440585,-46.518887,,,,2,2023-06-15T01:17:30+00:00
SAO_3725-10,São Paulo,3550308,True,,33790,,,-23.537144249999997,-46.52574575,,,,2,2023-06-15T01:17:27+00:00
SAO_3725-10,São Paulo,3550308,True,,33790,,,-23.533086,-46.530659,,,,2,2023-06-15T01:17:20+00:00
SAO_3725-10,São Paulo,3550308,True,,33790,,,-23.5440585,-46.518887,,,,2,2023-06-15T01:17:07+00:00
SAO_5018-31,São Paulo,3550308,True,,34629,,,-23.675342999999998,-46.673078000000004,,,,2,2023-06-15T01:17:23+00:00
SAO_5018-31,São Paulo,3550308,True,,34629,,,-23.6693775,-46.649161500000005,,,,2,2023-06-15T01:16:56+00:00
SAO_5018-31,São Paulo,3550308,True,,34629,,,-23.651860499999998,-46.6477045,,,,2,2023-06-15T01:17:25+00:00
SAO_5018-31,São Paulo,3550308,True,,34629,,,-23.671859,-46.6456785,,,,2,2023-06-15T01:17:20+00:00
SAO_5018-31,São Paulo,3550308,True,,34629,,,-23.6450955,-46.64122625,,,,2,2023-06-15T01:17:39+00:00
SAO_5018-31,São Paulo,3550308,True,,34629,,,-23.66241275,-46.64708125,,,,2,2023-06-15T01:17:20+00:00
SAO_5318-10,São Paulo,3550308,True,,32813,,,-23.644748,-46.722992500000004,,,,2,2023-06-15T01:17:29+00:00
SAO_5318-10,São Paulo,3550308,True,,32813,,,-23.6646575,-46.753386,,,,2,2023-06-15T01:17:21+00:00
SAO_5318-10,São Paulo,3550308,True,,32813,,,-23.6646575,-46.753386,,,,2,2023-06-15T01:17:05+00:00
SAO_5318-10,São Paulo,3550308,True,,32813,,,-23.551664000000002,-46.6372965,,,,2,2023-06-15T01:17:33+00:00
SAO_5318-10,São Paulo,3550308,True,,32813,,,-23.6646575,-46.753386,,,,2,2023-06-15T01:17:29+00:00
SAO_5318-10,São Paulo,3550308,True,,32813,,,-23.665397875000004,-46.7531855,,,,2,2023-06-15T01:17:15+00:00
SAO_5318-10,São Paulo,3550308,True,,32813,,,-23.572406125,-46.641142875,,,,2,2023-06-15T01:17:19+00:00
SAO_5318-10,São Paulo,3550308,True,,32813,,,-23.62885825,-46.686011500000006,,,,2,2023-06-15T01:17:40+00:00
SAO_5318-10,São Paulo,3550308,True,,32813,,,-23.591874,-46.6517115,,,,2,2023-06-15T01:17:29+00:00
SAO_5318-10,São Paulo,3550308,True,,32813,,,-23.635833124999998,-46.714596,,,,2,2023-06-15T01:17:40+00:00
SAO_5318-10,São Paulo,3550308,True,,32813,,,-23.652692000000002,-46.734041500000004,,,,2,2023-06-15T01:17:19+00:00
SAO_909T-1,São Paulo,3550308,True,,2512,,,-23.552126125,-46.657847875,,,,1,2023-06-15T01:17:23+00:00
SAO_909T-1,São Paulo,3550308,True,,2512,,,-23.546561500000003,-46.632306,,,,1,2023-06-15T01:17:27+00:00
SAO_3796-10,São Paulo,3550308,True,,1074,,,-23.544878,-46.4671205,,,,1,2023-06-15T01:17:32+00:00
SAO_3796-10,São Paulo,3550308,True,,1074,,,-23.5881005,-46.4466185,,,,1,2023-06-15T01:17:19+00:00
SAO_3796-10,São Paulo,3550308,True,,1074,,,-23.589194,-46.446603999999994,,,,1,2023-06-15T01:17:03+00:00
SAO_5034-31,São Paulo,3550308,True,,34432,,,-23.631802999999998,-46.604600500000004,,,,2,2023-06-15T01:17:04+00:00
SAO_5034-31,São Paulo,3550308,True,,34432,,,-23.647884,-46.60669875,,,,2,2023-06-15T01:17:17+00:00
SAO_5034-31,São Paulo,3550308,True,,34432,,,-23.623129749999997,-46.60181925,,,,2,2023-06-15T01:17:18+00:00
SAO_5034-31,São Paulo,3550308,True,,34432,,,-23.635531,-46.6062715,,,,2,2023-06-15T01:17:35+00:00
SAO_1036-10,São Paulo,3550308,True,,35221,,,-23.462889,-46.714138500000004,,,,2,2023-06-15T01:17:00+00:00
SAO_1036-10,São Paulo,3550308,True,,35221,,,-23.453353999999997,-46.711873499999996,,,,2,2023-06-15T01:17:02+00:00
SAO_1036-10,São Paulo,3550308,True,,35221,,,-23.464725,-46.714349,,,,2,2023-06-15T01:16:59+00:00
SAO_1036-10,São Paulo,3550308,True,,35221,,,-23.4818605,-46.711928,,,,2,2023-06-15T01:17:13+00:00
SAO_1036-10,São Paulo,3550308,True,,35221,,,-23.459375,-46.715323999999995,,,,2,2023-06-15T01:17:07+00:00
SAO_1036-10,São Paulo,3550308,True,,35221,,,-23.447404,-46.709366,,,,2,2023-06-15T01:17:01+00:00
SAO_1036-10,São Paulo,3550308,True,,35221,,,-23.447865999999998,-46.708386,,,,2,2023-06-15T01:16:59+00:00
SAO_1036-10,São Paulo,3550308,True,,35221,,,-23.453180500000002,-46.7118165,,,,2,2023-06-15T01:17:22+00:00
SAO_278A-10,São Paulo,3550308,True,,33474,,,-23.513728999999998,-46.536043250000006,,,,2,2023-06-15T01:17:03+00:00
SAO_278A-10,São Paulo,3550308,True,,33474,,,-23.5204315,-46.548862875,,,,2,2023-06-15T01:17:22+00:00
SAO_3741-10,São Paulo,3550308,True,,1041,,,-23.545589999999997,-46.4489845,,,,1,2023-06-15T01:17:15+00:00
SAO_3741-10,São Paulo,3550308,True,,1041,,,-23.5647385,-46.45692,,,,1,2023-06-15T01:17:19+00:00
SAO_3741-10,São Paulo,3550308,True,,1041,,,-23.542065,-46.449332,,,,1,2023-06-15T01:17:36+00:00
SAO_3741-10,São Paulo,3550308,True,,1041,,,-23.551051875,-46.450498125,,,,1,2023-06-15T01:17:25+00:00
SAO_3741-10,São Paulo,3550308,True,,1041,,,-23.542065,-46.449332,,,,1,2023-06-15T01:17:21+00:00
SAO_3741-10,São Paulo,3550308,True,,1041,,,-23.54688675,-46.461276,,,,1,2023-06-15T01:17:39+00:00
SAO_3741-10,São Paulo,3550308,True,,1041,,,-23.544235,-46.4490275,,,,1,2023-06-15T01:17:27+00:00
SAO_3741-10,São Paulo,3550308,True,,1041,,,-23.542065,-46.449332,,,,1,2023-06-15T01:17:28+00:00
SAO_3741-10,São Paulo,3550308,True,,1041,,,-23.5422855,-46.4701625,,,,1,2023-06-15T01:17:26+00:00
SAO_3741-10,São Paulo,3550308,True,,1041,,,-23.552771999999997,-46.4631605,,,,1,2023-06-15T01:17:23+00:00
SAO_8026-10,São Paulo,3550308,True,,34851,,,-23.630309500000003,-46.7467235,,,,2,2023-06-15T01:17:05+00:00
SAO_8026-10,São Paulo,3550308,True,,34851,,,-23.632875,-46.7479035,,,,2,2023-06-15T01:17:12+00:00
SAO_8026-10,São Paulo,3550308,True,,34851,,,-23.5910905,-46.735774500000005,,,,2,2023-06-15T01:17:27+00:00
SAO_8026-10,São Paulo,3550308,True,,34851,,,-23.62603725,-46.75045525,,,,2,2023-06-15T01:17:37+00:00
SAO_8026-10,São Paulo,3550308,True,,34851,,,-23.61723925,-46.75265625,,,,2,2023-06-15T01:17:09+00:00
SAO_5108-10,São Paulo,3550308,True,,34443,,,-23.547656500000002,-46.6294305,,,,2,2023-06-15T01:17:09+00:00
SAO_5108-10,São Paulo,3550308,True,,34443,,,-23.58362,-46.611073,,,,2,2023-06-15T01:17:10+00:00
SAO_5108-10,São Paulo,3550308,True,,34443,,,-23.6264355,-46.6191595,,,,2,2023-06-15T01:17:19+00:00
SAO_5108-10,São Paulo,3550308,True,,34443,,,-23.650326,-46.614008999999996,,,,2,2023-06-15T01:17:19+00:00
SAO_5108-10,São Paulo,3550308,True,,34443,,,-23.5791545,-46.6112025,,,,2,2023-06-15T01:17:20+00:00
SAO_5108-10,São Paulo,3550308,True,,34443,,,-23.604318,-46.615723,,,,2,2023-06-15T01:17:33+00:00
SAO_5108-10,São Paulo,3550308,True,,34443,,,-23.56187525,-46.62336825,,,,2,2023-06-15T01:17:10+00:00
SAO_5108-10,São Paulo,3550308,True,,34443,,,-23.631611,-46.6172765,,,,2,2023-06-15T01:17:35+00:00
SAO_5108-10,São Paulo,3550308,True,,34443,,,-23.63474325,-46.615694500000004,,,,2,2023-06-15T01:17:11+00:00
SAO_5108-10,São Paulo,3550308,True,,34443,,,-23.647619,-46.6135615,,,,2,2023-06-15T01:17:33+00:00
SAO_3732-10,São Paulo,3550308,True,,33797,,,-23.540217,-46.4511655,,,,2,2023-06-15T01:17:26+00:00
SAO_3732-10,São Paulo,3550308,True,,33797,,,-23.551608,-46.4464465,,,,2,2023-06-15T01:17:20+00:00
SAO_3732-10,São Paulo,3550308,True,,33797,,,-23.5434695,-46.4621935,,,,2,2023-06-15T01:16:58+00:00
SAO_3732-10,São Paulo,3550308,True,,33797,,,-23.5425405,-46.4360325,,,,2,2023-06-15T01:17:40+00:00
SAO_3732-10,São Paulo,3550308,True,,33797,,,-23.5481305,-46.435862,,,,2,2023-06-15T01:17:19+00:00
SAO_3732-10,São Paulo,3550308,True,,33797,,,-23.5550865,-46.444182999999995,,,,2,2023-06-15T01:16:58+00:00
SAO_8542-21,São Paulo,3550308,True,,34129,,,-23.470173000000003,-46.685679,,,,2,2023-06-15T01:17:40+00:00
SAO_8542-21,São Paulo,3550308,True,,34129,,,-23.4728725,-46.702325,,,,2,2023-06-15T01:17:00+00:00
SAO_8542-21,São Paulo,3550308,True,,34129,,,-23.48442,-46.687509,,,,2,2023-06-15T01:17:11+00:00
SAO_8542-21,São Paulo,3550308,True,,34129,,,-23.519739,-46.7008255,,,,2,2023-06-15T01:17:06+00:00
SAO_8542-21,São Paulo,3550308,True,,34129,,,-23.468484500000002,-46.696687999999995,,,,2,2023-06-15T01:17:22+00:00
SAO_8542-21,São Paulo,3550308,True,,34129,,,-23.468989,-46.69489,,,,2,2023-06-15T01:17:21+00:00
SAO_8542-21,São Paulo,3550308,True,,34129,,,-23.5128725,-46.6904695,,,,2,2023-06-15T01:17:06+00:00
SAO_8542-21,São Paulo,3550308,True,,34129,,,-23.504706,-46.68846,,,,2,2023-06-15T01:17:37+00:00
SAO_3762-10,São Paulo,3550308,True,,33821,,,-23.54472475,-46.57451425,,,,2,2023-06-15T01:17:13+00:00
SAO_3762-10,São Paulo,3550308,True,,33821,,,-23.546781625,-46.55560675,,,,2,2023-06-15T01:15:21+00:00
SAO_3762-10,São Paulo,3550308,True,,33821,,,-23.5750505,-46.5329065,,,,2,2023-06-15T01:17:01+00:00
SAO_3762-10,São Paulo,3550308,True,,33821,,,-23.5455445,-46.558326875000006,,,,2,2023-06-15T01:17:00+00:00
SAO_3762-10,São Paulo,3550308,True,,33821,,,-23.57635275,-46.52759725,,,,2,2023-06-15T01:17:37+00:00
SAO_3762-10,São Paulo,3550308,True,,33821,,,-23.5705025,-46.53982575,,,,2,2023-06-15T01:17:37+00:00
SAO_1742-10,São Paulo,3550308,True,,33310,,,-23.4646355,-46.6545445,,,,2,2023-06-15T01:17:29+00:00
SAO_1742-10,São Paulo,3550308,True,,33310,,,-23.4988015,-46.6265425,,,,2,2023-06-15T01:17:10+00:00
SAO_1742-10,São Paulo,3550308,True,,33310,,,-23.4538725,-46.6611165,,,,2,2023-06-15T01:17:26+00:00
SAO_1742-10,São Paulo,3550308,True,,33310,,,-23.484446625000004,-46.630247999999995,,,,2,2023-06-15T01:17:29+00:00
SAO_1742-10,São Paulo,3550308,True,,33310,,,-23.4709965,-46.636765,,,,2,2023-06-15T01:17:11+00:00
SAO_1742-10,São Paulo,3550308,True,,33310,,,-23.4584315,-46.659037,,,,2,2023-06-15T01:17:24+00:00
SAO_1742-10,São Paulo,3550308,True,,33310,,,-23.475074,-46.6357705,,,,2,2023-06-15T01:17:07+00:00
SAO_9354-10,São Paulo,3550308,True,,33476,,,-23.512185000000002,-46.6594065,,,,2,2023-06-15T01:17:24+00:00
SAO_9354-10,São Paulo,3550308,True,,33476,,,-23.475517375,-46.66922425,,,,2,2023-06-15T01:17:28+00:00
SAO_9354-10,São Paulo,3550308,True,,33476,,,-23.503047000000002,-46.655145,,,,2,2023-06-15T01:16:53+00:00
SAO_9354-10,São Paulo,3550308,True,,33476,,,-23.4968245,-46.647332000000006,,,,2,2023-06-15T01:16:58+00:00
SAO_9354-10,São Paulo,3550308,True,,33476,,,-23.512925000000003,-46.65340500000001,,,,2,2023-06-15T01:17:28+00:00
SAO_9354-10,São Paulo,3550308,True,,33476,,,-23.4742495,-46.669781,,,,2,2023-06-15T01:16:59+00:00
SAO_847P-42,São Paulo,3550308,True,,1424,,,-23.595939875,-46.686701125,,,,1,2023-06-15T01:17:04+00:00
SAO_847P-42,São Paulo,3550308,True,,1424,,,-23.468989,-46.696481500000004,,,,1,2023-06-15T01:17:10+00:00
SAO_847P-42,São Paulo,3550308,True,,1424,,,-23.56237925,-46.68958175,,,,1,2023-06-15T01:16:47+00:00
SAO_847P-42,São Paulo,3550308,True,,1424,,,-23.476029,-46.6907585,,,,1,2023-06-15T01:17:06+00:00
SAO_9050-10,São Paulo,3550308,True,,34856,,,-23.521814749999997,-46.699096,,,,2,2023-06-15T01:17:15+00:00
SAO_9050-10,São Paulo,3550308,True,,34856,,,-23.54231325,-46.700286500000004,,,,2,2023-06-15T01:17:34+00:00
SAO_9050-10,São Paulo,3550308,True,,34856,,,-23.5816995,-46.6840755,,,,2,2023-06-15T01:17:20+00:00
SAO_9050-10,São Paulo,3550308,True,,34856,,,-23.52066,-46.7006595,,,,2,2023-06-15T01:17:14+00:00
SAO_476A-10,São Paulo,3550308,True,,33072,,,-23.601406500000003,-46.654028499999995,,,,2,2023-06-15T01:17:02+00:00
SAO_476A-10,São Paulo,3550308,True,,33072,,,-23.59844725,-46.650623,,,,2,2023-06-15T01:17:27+00:00
SAO_476A-10,São Paulo,3550308,True,,33072,,,-23.600917250000002,-46.6514215,,,,2,2023-06-15T01:17:20+00:00
SAO_476A-10,São Paulo,3550308,True,,33072,,,-23.597132,-46.64244025,,,,2,2023-06-15T01:17:21+00:00
SAO_476A-10,São Paulo,3550308,True,,33072,,,-23.623707,-46.6776725,,,,2,2023-06-15T01:17:32+00:00
SAO_6960-10,São Paulo,3550308,True,,34211,,,-23.657059375,-46.7071945,,,,2,2023-06-15T01:17:02+00:00
SAO_6960-10,São Paulo,3550308,True,,34211,,,-23.74034425,-46.70397575,,,,2,2023-06-15T01:17:40+00:00
SAO_6960-10,São Paulo,3550308,True,,34211,,,-23.749348750000003,-46.70957975,,,,2,2023-06-15T01:17:23+00:00
SAO_6960-10,São Paulo,3550308,True,,34211,,,-23.6541685,-46.709889000000004,,,,2,2023-06-15T01:17:02+00:00
SAO_6960-10,São Paulo,3550308,True,,34211,,,-23.673454749999998,-46.71235725,,,,2,2023-06-15T01:17:34+00:00
SAO_6960-10,São Paulo,3550308,True,,34211,,,-23.7668155,-46.716097500000004,,,,2,2023-06-15T01:17:12+00:00
SAO_6960-10,São Paulo,3550308,True,,34211,,,-23.683669000000002,-46.714512,,,,2,2023-06-15T01:17:15+00:00
SAO_6049-10,São Paulo,3550308,True,,1309,,,-23.6533265,-46.736316,,,,1,2023-06-15T01:17:39+00:00
SAO_6049-10,São Paulo,3550308,True,,1309,,,-23.686210250000002,-46.8015605,,,,1,2023-06-15T01:16:57+00:00
SAO_6049-10,São Paulo,3550308,True,,1309,,,-23.6756365,-46.7887315,,,,1,2023-06-15T01:17:03+00:00
SAO_4093-10,São Paulo,3550308,True,,35216,,,-23.5831655,-46.4072265,,,,2,2023-06-15T01:17:23+00:00
SAO_4093-10,São Paulo,3550308,True,,35216,,,-23.587998499999998,-46.39670699999999,,,,2,2023-06-15T01:17:33+00:00
SAO_4093-10,São Paulo,3550308,True,,35216,,,-23.590045500000002,-46.3950825,,,,2,2023-06-15T01:17:35+00:00
SAO_4093-10,São Paulo,3550308,True,,35216,,,-23.5923015,-46.40333425,,,,2,2023-06-15T01:11:36+00:00
SAO_4093-10,São Paulo,3550308,True,,35216,,,-23.584181,-46.4084645,,,,2,2023-06-15T01:14:28+00:00
SAO_4093-10,São Paulo,3550308,True,,35216,,,-23.5902495,-46.394968500000004,,,,2,2023-06-15T01:17:31+00:00
SAO_6825-10,São Paulo,3550308,True,BR7 Mobilidade,14,https://moovitapp.com/index/pt-br/transporte_p%C3%BAblico-line-14-Sao_Paulo-242-851856-183465-0,5.75,-23.6762085,-46.791264,,,,1,2023-06-15T01:17:16+00:00
SAO_6825-10,São Paulo,3550308,True,BR7 Mobilidade,14,https://moovitapp.com/index/pt-br/transporte_p%C3%BAblico-line-14-Sao_Paulo-242-851856-183465-0,5.75,-23.660220000000002,-46.776787,,,,1,2023-06-15T01:17:00+00:00
SAO_938P-10,São Paulo,3550308,True,,888,,,-23.526079749999997,-46.6866695,,,,1,2023-06-15T01:17:20+00:00
SAO_938P-10,São Paulo,3550308,True,,888,,,-23.528111,-46.674906,,,,1,2023-06-15T01:16:55+00:00
SAO_938P-10,São Paulo,3550308,True,,888,,,-23.467967,-46.680683,,,,1,2023-06-15T01:17:18+00:00
SAO_938P-10,São Paulo,3550308,True,,888,,,-23.5024575,-46.68765775,,,,1,2023-06-15T01:17:28+00:00
SAO_314J-10,São Paulo,3550308,True,Cidade de Caieiras,310,https://moovitapp.com/index/pt-br/transporte_p%C3%BAblico-line-310-Sao_Paulo-242-868761-496418-0,5.0,-23.6141705,-46.51755300000001,,,,1,2023-06-15T01:17:27+00:00
SAO_314J-10,São Paulo,3550308,True,Cidade de Caieiras,310,https://moovitapp.com/index/pt-br/transporte_p%C3%BAblico-line-310-Sao_Paulo-242-868761-496418-0,5.0,-23.577178,-46.609864,,,,1,2023-06-15T01:17:37+00:00
SAO_314J-10,São Paulo,3550308,True,Cidade de Caieiras,310,https://moovitapp.com/index/pt-br/transporte_p%C3%BAblico-line-310-Sao_Paulo-242-868761-496418-0,5.0,-23.556521500000002,-46.633036000000004,,,,1,2023-06-15T01:17:12+00:00
SAO_5757-51,São Paulo,3550308,True,,34744,,,-23.635112499999998,-46.640995000000004,,,,2,2023-06-15T01:17:20+00:00
SAO_5757-51,São Paulo,3550308,True,,34744,,,-23.635112499999998,-46.640995000000004,,,,2,2023-06-15T01:17:30+00:00
SAO_5757-51,São Paulo,3550308,True,,34744,,,-23.707351,-46.641422000000006,,,,2,2023-06-15T01:17:20+00:00
SAO_5757-51,São Paulo,3550308,True,,34744,,,-23.672483,-46.644825999999995,,,,2,2023-06-15T01:17:38+00:00
SAO_5757-51,São Paulo,3550308,True,,34744,,,-23.691416124999996,-46.6440195,,,,2,2023-06-15T01:17:25+00:00
SAO_5757-51,São Paulo,3550308,True,,34744,,,-23.696801999999998,-46.649527,,,,2,2023-06-15T01:17:33+00:00
SAO_5757-51,São Paulo,3550308,True,,34744,,,-23.6721485,-46.645281999999995,,,,2,2023-06-15T01:17:12+00:00
SAO_5757-51,São Paulo,3550308,True,,34744,,,-23.70771575,-46.6411915,,,,2,2023-06-15T01:17:00+00:00
SAO_5757-51,São Paulo,3550308,True,,34744,,,-23.6388605,-46.642497,,,,2,2023-06-15T01:17:12+00:00
SAO_5757-51,São Paulo,3550308,True,,34744,,,-23.706456000000003,-46.64145,,,,2,2023-06-15T01:17:11+00:00
SAO_5757-51,São Paulo,3550308,True,,34744,,,-23.691144875,-46.6439405,,,,2,2023-06-15T01:17:18+00:00
SAO_5757-51,São Paulo,3550308,True,,34744,,,-23.635112499999998,-46.640995000000004,,,,2,2023-06-15T01:17:18+00:00
SAO_5757-51,São Paulo,3550308,True,,34744,,,-23.64461825,-46.644951,,,,2,2023-06-15T01:14:22+00:00
SAO_967A-10,São Paulo,3550308,True,,33336,,,-23.564463,-46.6930125,,,,2,2023-06-15T01:17:25+00:00
SAO_967A-10,São Paulo,3550308,True,,33336,,,-23.562707375000002,-46.64312875,,,,2,2023-06-15T01:17:11+00:00
SAO_967A-10,São Paulo,3550308,True,,33336,,,-23.5511755,-46.6457615,,,,2,2023-06-15T01:17:01+00:00
SAO_967A-10,São Paulo,3550308,True,,33336,,,-23.582347249999998,-46.67043650000001,,,,2,2023-06-15T01:17:37+00:00
SAO_967A-10,São Paulo,3550308,True,,33336,,,-23.490569875,-46.651145,,,,2,2023-06-15T01:17:12+00:00
SAO_967A-10,São Paulo,3550308,True,,33336,,,-23.490356624999997,-46.650845000000004,,,,2,2023-06-15T01:17:33+00:00
SAO_1177-10,São Paulo,3550308,True,,129,,,-23.527048,-46.5945315,,,,1,2023-06-15T01:17:25+00:00
SAO_2552-10,São Paulo,3550308,True,,32910,,,-23.527209499999998,-46.551856,,,,2,2023-06-15T01:16:58+00:00
SAO_2552-10,São Paulo,3550308,True,,32910,,,-23.493502749999998,-46.4426755,,,,2,2023-06-15T01:17:26+00:00
SAO_2552-10,São Paulo,3550308,True,,32910,,,-23.489174499999997,-46.420949500000006,,,,2,2023-06-15T01:17:14+00:00
SAO_2552-10,São Paulo,3550308,True,,32910,,,-23.546290499999998,-46.630688500000005,,,,2,2023-06-15T01:17:28+00:00
SAO_2552-10,São Paulo,3550308,True,,32910,,,-23.498499000000002,-46.46443599999999,,,,2,2023-06-15T01:17:19+00:00
SAO_2552-10,São Paulo,3550308,True,,32910,,,-23.5217465,-46.5299695,,,,2,2023-06-15T01:17:30+00:00
SAO_2552-10,São Paulo,3550308,True,,32910,,,-23.4892105,-46.422103500000006,,,,2,2023-06-15T01:14:13+00:00
SAO_2552-10,São Paulo,3550308,True,,32910,,,-23.5465065,-46.6305435,,,,2,2023-06-15T01:17:00+00:00
SAO_2552-10,São Paulo,3550308,True,,32910,,,-23.4889485,-46.420966500000006,,,,2,2023-06-15T01:17:21+00:00
SAO_2552-10,São Paulo,3550308,True,,32910,,,-23.523171750000003,-46.544194250000004,,,,2,2023-06-15T01:16:56+00:00
SAO_8013-10,São Paulo,3550308,True,,33568,,,-23.519316000000003,-46.70403,,,,2,2023-06-15T01:17:09+00:00
SAO_8013-10,São Paulo,3550308,True,,33568,,,-23.489837625,-46.76664975,,,,2,2023-06-15T01:17:15+00:00
SAO_8013-10,São Paulo,3550308,True,,33568,,,-23.4315405,-46.7867875,,,,2,2023-06-15T01:17:05+00:00
SAO_8013-10,São Paulo,3550308,True,,33568,,,-23.434616,-46.786322,,,,2,2023-06-15T01:17:21+00:00
SAO_8013-10,São Paulo,3550308,True,,33568,,,-23.50934575,-46.7298145,,,,2,2023-06-15T01:17:26+00:00
SAO_8013-10,São Paulo,3550308,True,,33568,,,-23.4276075,-46.787246249999995,,,,2,2023-06-15T01:17:14+00:00
SAO_8013-10,São Paulo,3550308,True,,33568,,,-23.443510125000003,-46.786767,,,,2,2023-06-15T01:16:55+00:00
SAO_8013-10,São Paulo,3550308,True,,33568,,,-23.434337499999998,-46.786362,,,,2,2023-06-15T01:17:31+00:00
SAO_8013-10,São Paulo,3550308,True,,33568,,,-23.520166,-46.710088,,,,2,2023-06-15T01:17:27+00:00
SAO_8013-10,São Paulo,3550308,True,,33568,,,-23.432624500000003,-46.78662475,,,,2,2023-06-15T01:17:26+00:00
SAO_8013-10,São Paulo,3550308,True,,33568,,,-23.4322595,-46.786679250000006,,,,2,2023-06-15T01:17:35+00:00
SAO_8013-10,São Paulo,3550308,True,,33568,,,-23.48476125,-46.76920375,,,,2,2023-06-15T01:17:23+00:00
SAO_8013-10,São Paulo,3550308,True,,33568,,,-23.428365624999998,-46.787174125,,,,2,2023-06-15T01:17:37+00:00
SAO_8013-10,São Paulo,3550308,True,,33568,,,-23.434337499999998,-46.786362,,,,2,2023-06-15T01:16:57+00:00
SAO_8013-10,São Paulo,3550308,True,,33568,,,-23.428131375,-46.787196875,,,,2,2023-06-15T01:17:15+00:00
SAO_8013-10,São Paulo,3550308,True,,33568,,,-23.521956000000003,-46.716938,,,,2,2023-06-15T01:17:08+00:00
SAO_8013-10,São Paulo,3550308,True,,33568,,,-23.426703000000003,-46.787310500000004,,,,2,2023-06-15T01:17:24+00:00
SAO_8013-10,São Paulo,3550308,True,,33568,,,-23.45059825,-46.78695775,,,,2,2023-06-15T01:17:11+00:00
SAO_517J-10,São Paulo,3550308,True,,1129,,,-23.6163285,-46.699158,,,,1,2023-06-15T01:17:34+00:00
SAO_517J-10,São Paulo,3550308,True,,1129,,,-23.617608375,-46.697134375000005,,,,1,2023-06-15T01:17:21+00:00
SAO_517J-10,São Paulo,3550308,True,,1129,,,-23.64641275,-46.674286,,,,1,2023-06-15T01:17:10+00:00
SAO_517J-10,São Paulo,3550308,True,,1129,,,-23.6908785,-46.6505535,,,,1,2023-06-15T01:17:09+00:00
SAO_517J-10,São Paulo,3550308,True,,1129,,,-23.6136245,-46.697028,,,,1,2023-06-15T01:17:26+00:00
SAO_4735-10,São Paulo,3550308,True,,1110,,,-23.6119035,-46.474137,,,,1,2023-06-15T01:17:36+00:00
SAO_4735-10,São Paulo,3550308,True,,1110,,,-23.612038499999997,-46.4762595,,,,1,2023-06-15T01:17:24+00:00
SAO_5018-31,São Paulo,3550308,True,,1861,,,-23.6664865,-46.6522415,,,,1,2023-06-15T01:16:58+00:00
SAO_5018-31,São Paulo,3550308,True,,1861,,,-23.686449,-46.6478555,,,,1,2023-06-15T01:15:10+00:00
SAO_3099-10,São Paulo,3550308,True,,33847,,,-23.6113915,-46.475266500000004,,,,2,2023-06-15T01:17:11+00:00
SAO_3099-10,São Paulo,3550308,True,,33847,,,-23.607496,-46.4785605,,,,2,2023-06-15T01:17:03+00:00
SAO_3099-10,São Paulo,3550308,True,,33847,,,-23.6121975,-46.444452,,,,2,2023-06-15T01:16:59+00:00
SAO_3099-10,São Paulo,3550308,True,,33847,,,-23.622393000000002,-46.46545475,,,,2,2023-06-15T01:17:29+00:00
SAO_3099-10,São Paulo,3550308,True,,33847,,,-23.6207645,-46.461904000000004,,,,2,2023-06-15T01:17:37+00:00
SAO_3099-10,São Paulo,3550308,True,,33847,,,-23.6250495,-46.461695500000005,,,,2,2023-06-15T01:17:37+00:00
SAO_3099-10,São Paulo,3550308,True,,33847,,,-23.613013249999998,-46.455366125,,,,2,2023-06-15T01:17:20+00:00
SAO_6000-10,São Paulo,3550308,True,,33908,,,-23.662931125,-46.70718,,,,2,2023-06-15T01:17:11+00:00
SAO_6000-10,São Paulo,3550308,True,,33908,,,-23.7169905,-46.704867,,,,2,2023-06-15T01:16:04+00:00
SAO_6000-10,São Paulo,3550308,True,,33908,,,-23.810993,-46.736776500000005,,,,2,2023-06-15T01:17:25+00:00
SAO_6000-10,São Paulo,3550308,True,,33908,,,-23.827757,-46.7282115,,,,2,2023-06-15T01:17:33+00:00
SAO_6000-10,São Paulo,3550308,True,,33908,,,-23.827289999999998,-46.7315785,,,,2,2023-06-15T01:17:16+00:00
SAO_6000-10,São Paulo,3550308,True,,33908,,,-23.7503355,-46.7102765,,,,2,2023-06-15T01:17:27+00:00
SAO_6000-10,São Paulo,3550308,True,,33908,,,-23.725250000000003,-46.699735000000004,,,,2,2023-06-15T01:17:33+00:00
SAO_6000-10,São Paulo,3550308,True,,33908,,,-23.7482595,-46.7088215,,,,2,2023-06-15T01:17:01+00:00
SAO_6000-10,São Paulo,3550308,True,,33908,,,-23.78223,-46.7260895,,,,2,2023-06-15T01:16:21+00:00
SAO_6000-10,São Paulo,3550308,True,,33908,,,-23.654218999999998,-46.709126,,,,2,2023-06-15T01:16:56+00:00
SAO_6000-10,São Paulo,3550308,True,,33908,,,-23.827945999999997,-46.727483500000005,,,,2,2023-06-15T01:17:38+00:00
SAO_6000-10,São Paulo,3550308,True,,33908,,,-23.701024250000003,-46.71515425,,,,2,2023-06-15T01:17:16+00:00
SAO_6000-10,São Paulo,3550308,True,,33908,,,-23.8284605,-46.7271145,,,,2,2023-06-15T01:17:25+00:00
SAO_6000-10,São Paulo,3550308,True,,33908,,,-23.828025500000003,-46.7271865,,,,2,2023-06-15T01:17:31+00:00
SAO_6000-10,São Paulo,3550308,True,,33908,,,-23.7444815,-46.707066499999996,,,,2,2023-06-15T01:17:13+00:00
SAO_6000-10,São Paulo,3550308,True,,33908,,,-23.6542185,-46.7095555,,,,2,2023-06-15T01:17:38+00:00
SAO_6000-10,São Paulo,3550308,True,,33908,,,-23.67847175,-46.7125835,,,,2,2023-06-15T01:17:13+00:00
SAO_6000-10,São Paulo,3550308,True,,33908,,,-23.6585225,-46.706396999999996,,,,2,2023-06-15T01:17:30+00:00
SAO_6000-10,São Paulo,3550308,True,,33908,,,-23.786048,-46.72607525,,,,2,2023-06-15T01:17:02+00:00
SAO_3390-10,São Paulo,3550308,True,,33506,,,-23.572518875,-46.593669,,,,2,2023-06-15T01:17:10+00:00
SAO_3390-10,São Paulo,3550308,True,,33506,,,-23.611138999999998,-46.48667775,,,,2,2023-06-15T01:16:47+00:00
SAO_3390-10,São Paulo,3550308,True,,33506,,,-23.5972875,-46.530699,,,,2,2023-06-15T01:17:17+00:00
SAO_3390-10,São Paulo,3550308,True,,33506,,,-23.5999205,-46.513554,,,,2,2023-06-15T01:17:17+00:00
SAO_3390-10,São Paulo,3550308,True,,33506,,,-23.58049025,-46.58305975,,,,2,2023-06-15T01:17:33+00:00
SAO_3390-10,São Paulo,3550308,True,,33506,,,-23.5949925,-46.537204,,,,2,2023-06-15T01:17:05+00:00
SAO_3390-10,São Paulo,3550308,True,,33506,,,-23.5828255,-46.5498335,,,,2,2023-06-15T01:17:05+00:00
SAO_3390-10,São Paulo,3550308,True,,33506,,,-23.584287,-46.584342,,,,2,2023-06-15T01:17:33+00:00
SAO_3390-10,São Paulo,3550308,True,,33506,,,-23.563609999999997,-46.612081,,,,2,2023-06-15T01:17:23+00:00
SAO_971D-10,São Paulo,3550308,True,,33477,,,-23.4486865,-46.697428,,,,2,2023-06-15T01:17:40+00:00
SAO_971D-10,São Paulo,3550308,True,,33477,,,-23.4857035,-46.628581374999996,,,,2,2023-06-15T01:17:22+00:00
SAO_971D-10,São Paulo,3550308,True,,33477,,,-23.483086999999998,-46.6354615,,,,2,2023-06-15T01:17:34+00:00
SAO_971D-10,São Paulo,3550308,True,,33477,,,-23.50539675,-46.62471225,,,,2,2023-06-15T01:17:04+00:00
SAO_971D-10,São Paulo,3550308,True,,33477,,,-23.459084,-46.687360999999996,,,,2,2023-06-15T01:17:16+00:00
SAO_971D-10,São Paulo,3550308,True,,33477,,,-23.448659,-46.700171999999995,,,,2,2023-06-15T01:17:22+00:00
SAO_971D-10,São Paulo,3550308,True,,33477,,,-23.4879485,-46.652222,,,,2,2023-06-15T01:16:57+00:00
SAO_971D-10,São Paulo,3550308,True,,33477,,,-23.44795,-46.697022000000004,,,,2,2023-06-15T01:17:37+00:00
SAO_971D-10,São Paulo,3550308,True,,33477,,,-23.448029,-46.6970745,,,,2,2023-06-15T01:17:28+00:00
SAO_971D-10,São Paulo,3550308,True,,33477,,,-23.492199999999997,-46.625976,,,,2,2023-06-15T01:15:13+00:00
SAO_2059-10,São Paulo,3550308,True,,33028,,,-23.4910635,-46.441517,,,,2,2023-06-15T01:17:40+00:00
SAO_2059-10,São Paulo,3550308,True,,33028,,,-23.529618,-46.415918500000004,,,,2,2023-06-15T01:17:11+00:00
SAO_2059-10,São Paulo,3550308,True,,33028,,,-23.4945855,-46.443143,,,,2,2023-06-15T01:17:21+00:00
SAO_2059-10,São Paulo,3550308,True,,33028,,,-23.543295999999998,-46.410864000000004,,,,2,2023-06-15T01:17:10+00:00
SAO_2059-10,São Paulo,3550308,True,,33028,,,-23.512560999999998,-46.427344,,,,2,2023-06-15T01:15:41+00:00
SAO_2059-10,São Paulo,3550308,True,,33028,,,-23.49346225,-46.442254500000004,,,,2,2023-06-15T01:17:18+00:00
SAO_9005-10,São Paulo,3550308,True,,33640,,,-23.45404025,-46.6948055,,,,2,2023-06-15T01:17:13+00:00
SAO_9005-10,São Paulo,3550308,True,,33640,,,-23.4501125,-46.6872975,,,,2,2023-06-15T01:17:11+00:00
SAO_9005-10,São Paulo,3550308,True,,33640,,,-23.469727,-46.6703635,,,,2,2023-06-15T01:17:15+00:00
SAO_9005-10,São Paulo,3550308,True,,33640,,,-23.449876,-46.686811500000005,,,,2,2023-06-15T01:17:22+00:00
SAO_9005-10,São Paulo,3550308,True,,33640,,,-23.453954749999998,-46.6753905,,,,2,2023-06-15T01:17:31+00:00
SAO_9005-10,São Paulo,3550308,True,,33640,,,-23.4515095,-46.675967,,,,2,2023-06-15T01:16:58+00:00
SAO_9005-10,São Paulo,3550308,True,,33640,,,-23.457054499999998,-46.675731,,,,2,2023-06-15T01:16:54+00:00
SAO_9005-10,São Paulo,3550308,True,,33640,,,-23.4748455,-46.669852500000005,,,,2,2023-06-15T01:17:01+00:00
SAO_9005-10,São Paulo,3550308,True,,33640,,,-23.4499285,-46.6870075,,,,2,2023-06-15T01:16:46+00:00
SAO_408A-10,São Paulo,3550308,True,,766,,,-23.5452495,-46.65403325,,,,1,2023-06-15T01:17:08+00:00
SAO_408A-10,São Paulo,3550308,True,,766,,,-23.5654545,-46.6315325,,,,1,2023-06-15T01:16:56+00:00
SAO_408A-10,São Paulo,3550308,True,,766,,,-23.542243749999997,-46.642191000000004,,,,1,2023-06-15T01:17:14+00:00
SAO_407Y-10,São Paulo,3550308,True,,2206,,,-23.5703855,-46.489906500000004,,,,1,2023-06-15T01:17:09+00:00
SAO_407Y-10,São Paulo,3550308,True,,2206,,,-23.573705,-46.532381,,,,1,2023-06-15T01:16:57+00:00
SAO_407Y-10,São Paulo,3550308,True,,2206,,,-23.570542250000003,-46.550554,,,,1,2023-06-15T01:17:05+00:00
SAO_407Y-10,São Paulo,3550308,True,,2206,,,-23.5703855,-46.489906500000004,,,,1,2023-06-15T01:16:59+00:00
SAO_736I-10,São Paulo,3550308,True,STT,781,https://moovitapp.com/index/pt-br/transporte_p%C3%BAblico-line-781-Sao_Paulo-242-850661-183349-0,5.3,-23.640328,-46.74752075,,,,1,2023-06-15T01:17:31+00:00
SAO_736I-10,São Paulo,3550308,True,STT,781,https://moovitapp.com/index/pt-br/transporte_p%C3%BAblico-line-781-Sao_Paulo-242-850661-183349-0,5.3,-23.64126,-46.744789999999995,,,,1,2023-06-15T01:17:19+00:00
SAO_736I-10,São Paulo,3550308,True,STT,781,https://moovitapp.com/index/pt-br/transporte_p%C3%BAblico-line-781-Sao_Paulo-242-850661-183349-0,5.3,-23.6399695,-46.7169985,,,,1,2023-06-15T01:16:58+00:00
SAO_736I-10,São Paulo,3550308,True,STT,781,https://moovitapp.com/index/pt-br/transporte_p%C3%BAblico-line-781-Sao_Paulo-242-850661-183349-0,5.3,-23.64927025,-46.70794375,,,,1,2023-06-15T01:17:14+00:00
SAO_736I-10,São Paulo,3550308,True,STT,781,https://moovitapp.com/index/pt-br/transporte_p%C3%BAblico-line-781-Sao_Paulo-242-850661-183349-0,5.3,-23.6498405,-46.707801,,,,1,2023-06-15T01:17:19+00:00
SAO_736I-10,São Paulo,3550308,True,STT,781,https://moovitapp.com/index/pt-br/transporte_p%C3%BAblico-line-781-Sao_Paulo-242-850661-183349-0,5.3,-23.6498405,-46.707801,,,,1,2023-06-15T01:17:09+00:00
SAO_736I-10,São Paulo,3550308,True,STT,781,https://moovitapp.com/index/pt-br/transporte_p%C3%BAblico-line-781-Sao_Paulo-242-850661-183349-0,5.3,-23.64927025,-46.70794375,,,,1,2023-06-15T01:17:07+00:00
SAO_517J-10,São Paulo,3550308,True,,33897,,,-23.682696,-46.651596,,,,2,2023-06-15T01:12:35+00:00
SAO_517J-10,São Paulo,3550308,True,,33897,,,-23.6175135,-46.695530500000004,,,,2,2023-06-15T01:17:30+00:00
SAO_517J-10,São Paulo,3550308,True,,33897,,,-23.6709815,-46.6689525,,,,2,2023-06-15T01:17:16+00:00
SAO_517J-10,São Paulo,3550308,True,,33897,,,-23.64929075,-46.676802374999994,,,,2,2023-06-15T01:17:28+00:00
SAO_517J-10,São Paulo,3550308,True,,33897,,,-23.6911755,-46.656424,,,,2,2023-06-15T01:17:11+00:00
SAO_517J-10,São Paulo,3550308,True,,33897,,,-23.6673215,-46.6741995,,,,2,2023-06-15T01:17:27+00:00
SAO_6118-10,São Paulo,3550308,True,,1188,,,-23.72003675,-46.706115499999996,,,,1,2023-06-15T01:17:12+00:00
SAO_6118-10,São Paulo,3550308,True,,1188,,,-23.6827,-46.704150999999996,,,,1,2023-06-15T01:17:33+00:00
SAO_6118-10,São Paulo,3550308,True,,1188,,,-23.747547375,-46.702788999999996,,,,1,2023-06-15T01:17:23+00:00
SAO_6118-10,São Paulo,3550308,True,,1188,,,-23.684085500000002,-46.703199,,,,1,2023-06-15T01:17:17+00:00
SAO_4029-10,São Paulo,3550308,True,,33867,,,-23.595695499999998,-46.5249735,,,,2,2023-06-15T01:17:00+00:00
SAO_4029-10,São Paulo,3550308,True,,33867,,,-23.608411,-46.478652999999994,,,,2,2023-06-15T01:17:20+00:00
SAO_4029-10,São Paulo,3550308,True,,33867,,,-23.584287,-46.584342,,,,2,2023-06-15T01:17:20+00:00
SAO_4029-10,São Paulo,3550308,True,,33867,,,-23.602894999999997,-46.510341499999996,,,,2,2023-06-15T01:17:03+00:00
SAO_4029-10,São Paulo,3550308,True,,33867,,,-23.581225500000002,-46.566506000000004,,,,2,2023-06-15T01:17:38+00:00
SAO_4029-10,São Paulo,3550308,True,,33867,,,-23.5783275,-46.578210999999996,,,,2,2023-06-15T01:17:11+00:00
SAO_4029-10,São Paulo,3550308,True,,33867,,,-23.608411,-46.478652999999994,,,,2,2023-06-15T01:17:34+00:00
SAO_4029-10,São Paulo,3550308,True,,33867,,,-23.5793845,-46.572454500000006,,,,2,2023-06-15T01:17:04+00:00
SAO_4029-10,São Paulo,3550308,True,,33867,,,-23.614938000000002,-46.5020905,,,,2,2023-06-15T01:17:07+00:00
SAO_546L-10,São Paulo,3550308,True,,34053,,,-23.689283749999998,-46.63762525,,,,2,2023-06-15T01:16:59+00:00
SAO_546L-10,São Paulo,3550308,True,,34053,,,-23.6628155,-46.707258625,,,,2,2023-06-15T01:17:04+00:00
SAO_546L-10,São Paulo,3550308,True,,34053,,,-23.656717625,-46.7073455,,,,2,2023-06-15T01:16:57+00:00
SAO_546L-10,São Paulo,3550308,True,,34053,,,-23.679245125,-46.6935300625,,,,2,2023-06-15T01:16:38+00:00
SAO_546L-10,São Paulo,3550308,True,,34053,,,-23.6743995,-46.6627655,,,,2,2023-06-15T01:17:31+00:00
SAO_546L-10,São Paulo,3550308,True,,34053,,,-23.666128,-46.677873,,,,2,2023-06-15T01:17:36+00:00
SAO_546L-10,São Paulo,3550308,True,,34053,,,-23.6888795,-46.6381435,,,,2,2023-06-15T01:17:00+00:00
SAO_546L-10,São Paulo,3550308,True,,34053,,,-23.6727925,-46.666112999999996,,,,2,2023-06-15T01:16:57+00:00
SAO_546L-10,São Paulo,3550308,True,,34053,,,-23.679886375000002,-46.6929806875,,,,2,2023-06-15T01:14:50+00:00
SAO_546L-10,São Paulo,3550308,True,,34053,,,-23.6881935,-46.6344615,,,,2,2023-06-15T01:17:04+00:00
SAO_4035-10,São Paulo,3550308,True,,35328,,,-23.559675499999997,-46.412636500000005,,,,2,2023-06-15T01:17:07+00:00
SAO_4035-10,São Paulo,3550308,True,,35328,,,-23.542544,-46.4158275,,,,2,2023-06-15T01:13:48+00:00
SAO_4035-10,São Paulo,3550308,True,,35328,,,-23.5542705,-46.394999,,,,2,2023-06-15T01:13:19+00:00
SAO_4035-10,São Paulo,3550308,True,,35328,,,-23.558557999999998,-46.4461055,,,,2,2023-06-15T01:17:19+00:00
SAO_3462-10,São Paulo,3550308,True,EMTU,247,https://moovitapp.com/index/pt-br/transporte_p%C3%BAblico-line-247-Sao_Paulo-242-2038937-36419359-0,6.55,-23.540724437500003,-46.5764383125,,,,1,2023-06-15T01:17:21+00:00
SAO_3462-10,São Paulo,3550308,True,EMTU,247,https://moovitapp.com/index/pt-br/transporte_p%C3%BAblico-line-247-Sao_Paulo-242-2038937-36419359-0,6.55,-23.531378250000003,-46.468104,,,,1,2023-06-15T01:17:23+00:00
SAO_9011-21,São Paulo,3550308,True,,1768,,,-23.435667000000002,-46.734828,,,,1,2023-06-15T01:17:33+00:00
SAO_9011-21,São Paulo,3550308,True,,1768,,,-23.4547945,-46.738510500000004,,,,1,2023-06-15T01:17:07+00:00
SAO_9011-21,São Paulo,3550308,True,,1768,,,-23.4425135,-46.735012,,,,1,2023-06-15T01:16:59+00:00
SAO_9011-21,São Paulo,3550308,True,,1768,,,-23.4547945,-46.738510500000004,,,,1,2023-06-15T01:17:14+00:00
SAO_9011-21,São Paulo,3550308,True,,1768,,,-23.44286625,-46.72470525,,,,1,2023-06-15T01:17:31+00:00
SAO_9011-21,São Paulo,3550308,True,,1768,,,-23.4425725,-46.724471,,,,1,2023-06-15T01:17:17+00:00
SAO_9011-21,São Paulo,3550308,True,,1768,,,-23.4517415,-46.735037,,,,1,2023-06-15T01:17:29+00:00
SAO_6450-10,São Paulo,3550308,True,,32827,,,-23.6390915,-46.69761200000001,,,,2,2023-06-15T01:17:35+00:00
SAO_6450-10,São Paulo,3550308,True,,32827,,,-23.5494755,-46.6392205,,,,2,2023-06-15T01:17:41+00:00
SAO_6450-10,São Paulo,3550308,True,,32827,,,-23.652109250000002,-46.758327,,,,2,2023-06-15T01:17:30+00:00
SAO_6450-10,São Paulo,3550308,True,,32827,,,-23.64300925,-46.7002665,,,,2,2023-06-15T01:17:18+00:00
SAO_6450-10,São Paulo,3550308,True,,32827,,,-23.551130999999998,-46.645861999999994,,,,2,2023-06-15T01:17:29+00:00
SAO_6450-10,São Paulo,3550308,True,,32827,,,-23.63882125,-46.69744475,,,,2,2023-06-15T01:17:41+00:00
SAO_6450-10,São Paulo,3550308,True,,32827,,,-23.605469749999997,-46.675501249999996,,,,2,2023-06-15T01:17:20+00:00
SAO_6450-10,São Paulo,3550308,True,,32827,,,-23.6546575,-46.761719,,,,2,2023-06-15T01:17:38+00:00
SAO_6450-10,São Paulo,3550308,True,,32827,,,-23.654660999999997,-46.7609705,,,,2,2023-06-15T01:17:13+00:00
SAO_6450-10,São Paulo,3550308,True,,32827,,,-23.6438595,-46.731730999999996,,,,2,2023-06-15T01:17:07+00:00
SAO_6450-10,São Paulo,3550308,True,,32827,,,-23.585707499999998,-46.670976499999995,,,,2,2023-06-15T01:16:58+00:00
SAO_6450-10,São Paulo,3550308,True,,32827,,,-23.599922499999998,-46.6739525,,,,2,2023-06-15T01:17:32+00:00
SAO_6450-10,São Paulo,3550308,True,,32827,,,-23.5986035,-46.674003,,,,2,2023-06-15T01:17:02+00:00
SAO_6450-10,São Paulo,3550308,True,,32827,,,-23.61896,-46.682627,,,,2,2023-06-15T01:17:14+00:00
SAO_6450-10,São Paulo,3550308,True,,32827,,,-23.62351475,-46.685408,,,,2,2023-06-15T01:17:25+00:00
SAO_172J-10,São Paulo,3550308,True,,33624,,,-23.514233750000002,-46.586386125,,,,2,2023-06-15T01:17:27+00:00
SAO_172J-10,São Paulo,3550308,True,,33624,,,-23.522463125,-46.583015625,,,,2,2023-06-15T01:17:05+00:00
SAO_172J-10,São Paulo,3550308,True,,33624,,,-23.52537075,-46.58059675,,,,2,2023-06-15T01:17:26+00:00
SAO_172J-10,São Paulo,3550308,True,,33624,,,-23.52537075,-46.58059675,,,,2,2023-06-15T01:17:08+00:00
SAO_172J-10,São Paulo,3550308,True,,33624,,,-23.503852000000002,-46.5764525,,,,2,2023-06-15T01:17:29+00:00
SAO_172J-10,São Paulo,3550308,True,,33624,,,-23.536333499999998,-46.578019499999996,,,,2,2023-06-15T01:16:57+00:00
SAO_172J-10,São Paulo,3550308,True,,33624,,,-23.4901925,-46.5744335,,,,2,2023-06-15T01:17:40+00:00
SAO_172J-10,São Paulo,3550308,True,,33624,,,-23.479189750000003,-46.56941425,,,,2,2023-06-15T01:17:06+00:00
SAO_172J-10,São Paulo,3550308,True,,33624,,,-23.498174249999998,-46.57399975,,,,2,2023-06-15T01:17:39+00:00
SAO_172J-10,São Paulo,3550308,True,,33624,,,-23.50571,-46.577004,,,,2,2023-06-15T01:17:01+00:00
SAO_172J-10,São Paulo,3550308,True,,33624,,,-23.490609499999998,-46.5744425,,,,2,2023-06-15T01:17:27+00:00
SAO_172J-10,São Paulo,3550308,True,,33624,,,-23.5316475,-46.579807,,,,2,2023-06-15T01:15:47+00:00
SAO_2769-10,São Paulo,3550308,True,,33165,,,-23.53254525,-46.562278250000006,,,,2,2023-06-15T01:17:06+00:00
SAO_2769-10,São Paulo,3550308,True,,33165,,,-23.492981,-46.396369,,,,2,2023-06-15T01:17:00+00:00
SAO_2769-10,São Paulo,3550308,True,,33165,,,-23.4822575,-46.380671,,,,2,2023-06-15T01:17:16+00:00
SAO_2769-10,São Paulo,3550308,True,,33165,,,-23.481961499999997,-46.379926,,,,2,2023-06-15T01:17:24+00:00
SAO_2769-10,São Paulo,3550308,True,,33165,,,-23.49970675,-46.468605749999995,,,,2,2023-06-15T01:17:10+00:00
SAO_2769-10,São Paulo,3550308,True,,33165,,,-23.498499000000002,-46.46443599999999,,,,2,2023-06-15T01:17:04+00:00
SAO_6970-10,São Paulo,3550308,True,,34273,,,-23.683669000000002,-46.714512,,,,2,2023-06-15T01:17:20+00:00
SAO_6970-10,São Paulo,3550308,True,,34273,,,-23.701024250000003,-46.71515425,,,,2,2023-06-15T01:17:21+00:00
SAO_6970-10,São Paulo,3550308,True,,34273,,,-23.7346935,-46.696020000000004,,,,2,2023-06-15T01:17:14+00:00
SAO_6970-10,São Paulo,3550308,True,,34273,,,-23.659254750000002,-46.706582999999995,,,,2,2023-06-15T01:17:30+00:00
SAO_6970-10,São Paulo,3550308,True,,34273,,,-23.654252,-46.711555000000004,,,,2,2023-06-15T01:17:04+00:00
SAO_2716-10,São Paulo,3550308,True,,33697,,,-23.511046999999998,-46.536212500000005,,,,2,2023-06-15T01:17:35+00:00
SAO_2716-10,São Paulo,3550308,True,,33697,,,-23.522164,-46.53876775,,,,2,2023-06-15T01:17:05+00:00
SAO_2716-10,São Paulo,3550308,True,,33697,,,-23.50824,-46.5316,,,,2,2023-06-15T01:17:36+00:00
SAO_2716-10,São Paulo,3550308,True,,33697,,,-23.508288,-46.53148349999999,,,,2,2023-06-15T01:17:25+00:00
SAO_2716-10,São Paulo,3550308,True,,33697,,,-23.524541499999998,-46.5419725,,,,2,2023-06-15T01:17:42+00:00
SAO_2716-10,São Paulo,3550308,True,,33697,,,-23.5145355,-46.535979,,,,2,2023-06-15T01:17:28+00:00
SAO_3046-10,São Paulo,3550308,True,,33739,,,-23.5810835,-46.53599,,,,2,2023-06-15T01:17:04+00:00
SAO_3046-10,São Paulo,3550308,True,,33739,,,-23.540841,-46.575876,,,,2,2023-06-15T01:17:27+00:00
SAO_3046-10,São Paulo,3550308,True,,33739,,,-23.579477750000002,-46.552344250000004,,,,2,2023-06-15T01:17:07+00:00
SAO_3046-10,São Paulo,3550308,True,,33739,,,-23.540888000000002,-46.576099,,,,2,2023-06-15T01:17:30+00:00
SAO_3046-10,São Paulo,3550308,True,,33739,,,-23.578905,-46.52842475,,,,2,2023-06-15T01:17:03+00:00
SAO_3046-10,São Paulo,3550308,True,,33739,,,-23.579447000000002,-46.525166999999996,,,,2,2023-06-15T01:17:17+00:00
SAO_3046-10,São Paulo,3550308,True,,33739,,,-23.584874375,-46.536809000000005,,,,2,2023-06-15T01:17:03+00:00
SAO_3046-10,São Paulo,3550308,True,,33739,,,-23.541020500000002,-46.576741999999996,,,,2,2023-06-15T01:17:35+00:00
SAO_3046-10,São Paulo,3550308,True,,33739,,,-23.55228675,-46.575444125000004,,,,2,2023-06-15T01:15:04+00:00
SAO_8705-10,São Paulo,3550308,True,,34840,,,-23.55743275,-46.6671105,,,,2,2023-06-15T01:17:42+00:00
SAO_8705-10,São Paulo,3550308,True,,34840,,,-23.570433,-46.689798249999996,,,,2,2023-06-15T01:17:33+00:00
SAO_8705-10,São Paulo,3550308,True,,34840,,,-23.571602375,-46.696492875000004,,,,2,2023-06-15T01:17:23+00:00
SAO_771P-10,São Paulo,3550308,True,,33274,,,-23.57169525,-46.7078775,,,,2,2023-06-15T01:17:36+00:00
SAO_771P-10,São Paulo,3550308,True,,33274,,,-23.602404,-46.795141,,,,2,2023-06-15T01:17:34+00:00
SAO_771P-10,São Paulo,3550308,True,,33274,,,-23.58554675,-46.76198875,,,,2,2023-06-15T01:17:08+00:00
SAO_174M-10,São Paulo,3550308,True,,673,,,-23.480636,-46.6059255,,,,1,2023-06-15T01:17:39+00:00
SAO_174M-10,São Paulo,3550308,True,,673,,,-23.48268975,-46.57415025,,,,1,2023-06-15T01:17:15+00:00
SAO_174M-10,São Paulo,3550308,True,,673,,,-23.579950750000002,-46.60480425,,,,1,2023-06-15T01:17:40+00:00
SAO_174M-10,São Paulo,3550308,True,,673,,,-23.503476,-46.6249045,,,,1,2023-06-15T01:17:24+00:00
SAO_174M-10,São Paulo,3550308,True,,673,,,-23.5464005,-46.62015649999999,,,,1,2023-06-15T01:17:15+00:00
SAO_372U-10,São Paulo,3550308,True,,1016,,,-23.5564715,-46.537433,,,,1,2023-06-15T01:16:57+00:00
SAO_372U-10,São Paulo,3550308,True,,1016,,,-23.567358499999997,-46.541426,,,,1,2023-06-15T01:17:12+00:00
SAO_372U-10,São Paulo,3550308,True,,1016,,,-23.541065,-46.576965,,,,1,2023-06-15T01:17:10+00:00
SAO_372U-10,São Paulo,3550308,True,,1016,,,-23.56107375,-46.543326,,,,1,2023-06-15T01:17:24+00:00
SAO_372U-10,São Paulo,3550308,True,,1016,,,-23.562594,-46.559721,,,,1,2023-06-15T01:17:26+00:00
SAO_372U-10,São Paulo,3550308,True,,1016,,,-23.5564715,-46.537433,,,,1,2023-06-15T01:17:25+00:00
SAO_372U-10,São Paulo,3550308,True,,1016,,,-23.541484500000003,-46.578182,,,,1,2023-06-15T01:17:37+00:00
SAO_372U-10,São Paulo,3550308,True,,1016,,,-23.553584999999998,-46.568862499999994,,,,1,2023-06-15T01:16:08+00:00
SAO_372U-10,São Paulo,3550308,True,,1016,,,-23.5564715,-46.537433,,,,1,2023-06-15T01:17:21+00:00
SAO_372U-10,São Paulo,3550308,True,,1016,,,-23.55319325,-46.562629,,,,1,2023-06-15T01:17:14+00:00
SAO_372U-10,São Paulo,3550308,True,,1016,,,-23.5564715,-46.537433,,,,1,2023-06-15T01:17:39+00:00
SAO_372U-10,São Paulo,3550308,True,,1016,,,-23.5625405,-46.558241499999994,,,,1,2023-06-15T01:17:00+00:00
SAO_372U-10,São Paulo,3550308,True,,1016,,,-23.556137,-46.54503975,,,,1,2023-06-15T01:17:25+00:00
SAO_2717-10,São Paulo,3550308,True,Urubupungá,930,https://moovitapp.com/index/pt-br/transporte_p%C3%BAblico-line-930-Sao_Paulo-242-873835-496473-0,4.6,-23.5129855,-46.516172999999995,,,,1,2023-06-15T01:16:12+00:00
SAO_2717-10,São Paulo,3550308,True,Urubupungá,930,https://moovitapp.com/index/pt-br/transporte_p%C3%BAblico-line-930-Sao_Paulo-242-873835-496473-0,4.6,-23.521932,-46.5218495,,,,1,2023-06-15T01:17:38+00:00
SAO_2717-10,São Paulo,3550308,True,Urubupungá,930,https://moovitapp.com/index/pt-br/transporte_p%C3%BAblico-line-930-Sao_Paulo-242-873835-496473-0,4.6,-23.529042,-46.5171655,,,,1,2023-06-15T01:16:56+00:00
SAO_2717-10,São Paulo,3550308,True,Urubupungá,930,https://moovitapp.com/index/pt-br/transporte_p%C3%BAblico-line-930-Sao_Paulo-242-873835-496473-0,4.6,-23.502305,-46.5081005,,,,1,2023-06-15T01:17:20+00:00
SAO_2717-10,São Paulo,3550308,True,Urubupungá,930,https://moovitapp.com/index/pt-br/transporte_p%C3%BAblico-line-930-Sao_Paulo-242-873835-496473-0,4.6,-23.499944499999998,-46.508896500000006,,,,1,2023-06-15T01:17:15+00:00
SAO_2105-10,São Paulo,3550308,True,,35015,,,-23.438993500000002,-46.574905,,,,2,2023-06-15T01:14:23+00:00
SAO_2105-10,São Paulo,3550308,True,,35015,,,-23.4352895,-46.5818785,,,,2,2023-06-15T01:17:22+00:00
SAO_2105-10,São Paulo,3550308,True,,35015,,,-23.5130495,-46.624937,,,,2,2023-06-15T01:17:22+00:00
SAO_2105-10,São Paulo,3550308,True,,35015,,,-23.435454,-46.582171,,,,2,2023-06-15T01:17:25+00:00
SAO_2105-10,São Paulo,3550308,True,,35015,,,-23.504861374999997,-46.624694625000004,,,,2,2023-06-15T01:17:34+00:00
SAO_2105-10,São Paulo,3550308,True,,35015,,,-23.4583385,-46.6024095,,,,2,2023-06-15T01:16:54+00:00
SAO_2105-10,São Paulo,3550308,True,,35015,,,-23.435150999999998,-46.581629,,,,2,2023-06-15T01:17:33+00:00
SAO_2105-10,São Paulo,3550308,True,,35015,,,-23.44991,-46.586657,,,,2,2023-06-15T01:17:32+00:00
SAO_8700-10,São Paulo,3550308,True,,1877,,,-23.550684750000002,-46.65510125,,,,1,2023-06-15T01:17:00+00:00
SAO_8700-10,São Paulo,3550308,True,,1877,,,-23.6065685,-46.748829,,,,1,2023-06-15T01:17:38+00:00
SAO_8700-10,São Paulo,3550308,True,,1877,,,-23.56079125,-46.67237325,,,,1,2023-06-15T01:17:13+00:00
SAO_8700-10,São Paulo,3550308,True,,1877,,,-23.5478925,-46.6425115,,,,1,2023-06-15T01:17:38+00:00
SAO_8700-10,São Paulo,3550308,True,,1877,,,-23.552248,-46.65809,,,,1,2023-06-15T01:17:27+00:00
SAO_8700-10,São Paulo,3550308,True,,1877,,,-23.601738750000003,-46.74346475,,,,1,2023-06-15T01:17:28+00:00
SAO_8700-10,São Paulo,3550308,True,,1877,,,-23.571202,-46.691386,,,,1,2023-06-15T01:17:29+00:00
SAO_8700-10,São Paulo,3550308,True,,1877,,,-23.591213500000002,-46.73084525,,,,1,2023-06-15T01:17:12+00:00
SAO_807M-10,São Paulo,3550308,True,,1916,,,-23.61074325,-46.727450000000005,,,,1,2023-06-15T01:17:13+00:00
SAO_807M-10,São Paulo,3550308,True,,1916,,,-23.620272999999997,-46.70062575,,,,1,2023-06-15T01:17:24+00:00
SAO_807M-10,São Paulo,3550308,True,,1916,,,-23.628000999999998,-46.767390000000006,,,,1,2023-06-15T01:17:09+00:00
SAO_807M-10,São Paulo,3550308,True,,1916,,,-23.6234725,-46.748600499999995,,,,1,2023-06-15T01:17:05+00:00
SAO_807M-10,São Paulo,3550308,True,,1916,,,-23.624584,-46.7569115,,,,1,2023-06-15T01:17:33+00:00
SAO_807M-10,São Paulo,3550308,True,,1916,,,-23.620524,-46.699798,,,,1,2023-06-15T01:17:41+00:00
SAO_807M-10,São Paulo,3550308,True,,1916,,,-23.620524,-46.699798,,,,1,2023-06-15T01:17:42+00:00
SAO_807M-10,São Paulo,3550308,True,,1916,,,-23.631579000000002,-46.772447,,,,1,2023-06-15T01:17:25+00:00
SAO_807M-10,São Paulo,3550308,True,,1916,,,-23.6151655,-46.741922,,,,1,2023-06-15T01:17:21+00:00
SAO_807M-10,São Paulo,3550308,True,,1916,,,-23.631579000000002,-46.772447,,,,1,2023-06-15T01:17:16+00:00
SAO_807M-10,São Paulo,3550308,True,,1916,,,-23.631579000000002,-46.772447,,,,1,2023-06-15T01:17:40+00:00
SAO_807M-10,São Paulo,3550308,True,,1916,,,-23.6090035,-46.747795249999996,,,,1,2023-06-15T01:17:35+00:00
SAO_9047-10,São Paulo,3550308,True,STT,883,https://moovitapp.com/index/pt-br/transporte_p%C3%BAblico-line-883-Sao_Paulo-242-850661-183365-0,5.3,-23.4704195,-46.6930155,,,,1,2023-06-15T01:17:19+00:00
SAO_9047-10,São Paulo,3550308,True,STT,883,https://moovitapp.com/index/pt-br/transporte_p%C3%BAblico-line-883-Sao_Paulo-242-850661-183365-0,5.3,-23.467788499999997,-46.697843500000005,,,,1,2023-06-15T01:17:25+00:00
SAO_9047-10,São Paulo,3550308,True,STT,883,https://moovitapp.com/index/pt-br/transporte_p%C3%BAblico-line-883-Sao_Paulo-242-850661-183365-0,5.3,-23.4611935,-46.70918,,,,1,2023-06-15T01:17:22+00:00
SAO_9047-10,São Paulo,3550308,True,STT,883,https://moovitapp.com/index/pt-br/transporte_p%C3%BAblico-line-883-Sao_Paulo-242-850661-183365-0,5.3,-23.46455375,-46.70048225,,,,1,2023-06-15T01:17:07+00:00
SAO_7021-10,São Paulo,3550308,True,,1989,,,-23.652333,-46.733948999999996,,,,1,2023-06-15T01:17:33+00:00
SAO_7021-10,São Paulo,3550308,True,,1989,,,-23.6756625,-46.748854,,,,1,2023-06-15T01:16:52+00:00
SAO_7021-10,São Paulo,3550308,True,,1989,,,-23.643877,-46.733764,,,,1,2023-06-15T01:17:06+00:00
SAO_807P-10,São Paulo,3550308,True,,2099,,,-23.639568,-46.727661,,,,1,2023-06-15T01:17:23+00:00
SAO_807P-10,São Paulo,3550308,True,,2099,,,-23.615980999999998,-46.721008499999996,,,,1,2023-06-15T01:17:13+00:00
SAO_807P-10,São Paulo,3550308,True,,2099,,,-23.635621999999998,-46.727202000000005,,,,1,2023-06-15T01:17:17+00:00
SAO_807P-10,São Paulo,3550308,True,,2099,,,-23.639568,-46.727661,,,,1,2023-06-15T01:17:15+00:00
SAO_807P-10,São Paulo,3550308,True,,2099,,,-23.619870499999998,-46.7234715,,,,1,2023-06-15T01:17:09+00:00
SAO_807P-10,São Paulo,3550308,True,,2099,,,-23.65128,-46.718128,,,,1,2023-06-15T01:17:06+00:00
SAO_807P-10,São Paulo,3550308,True,,2099,,,-23.621657499999998,-46.724713,,,,1,2023-06-15T01:17:34+00:00
SAO_807P-10,São Paulo,3550308,True,,2099,,,-23.6437935,-46.7305035,,,,1,2023-06-15T01:17:05+00:00
SAO_8016-10,São Paulo,3550308,True,,1346,,,-23.452075999999998,-46.7187065,,,,1,2023-06-15T01:17:30+00:00
SAO_8016-10,São Paulo,3550308,True,,1346,,,-23.445864625,-46.717133375,,,,1,2023-06-15T01:17:08+00:00
SAO_8016-10,São Paulo,3550308,True,,1346,,,-23.4441175,-46.735325,,,,1,2023-06-15T01:17:15+00:00
SAO_8016-10,São Paulo,3550308,True,,1346,,,-23.4854445,-46.7258095,,,,1,2023-06-15T01:17:03+00:00
SAO_8016-10,São Paulo,3550308,True,,1346,,,-23.4319375,-46.7268755,,,,1,2023-06-15T01:17:19+00:00
SAO_8016-10,São Paulo,3550308,True,,1346,,,-23.4676595,-46.724565,,,,1,2023-06-15T01:17:25+00:00
SAO_8016-10,São Paulo,3550308,True,,1346,,,-23.4441175,-46.735325,,,,1,2023-06-15T01:17:35+00:00
SAO_8016-10,São Paulo,3550308,True,,1346,,,-23.4441175,-46.735325,,,,1,2023-06-15T01:17:02+00:00
SAO_1773-10,São Paulo,3550308,True,,637,,,-23.455341500000003,-46.59865175,,,,1,2023-06-15T01:15:13+00:00
SAO_1773-10,São Paulo,3550308,True,,637,,,-23.4901315,-46.6261765,,,,1,2023-06-15T01:17:05+00:00
SAO_1773-10,São Paulo,3550308,True,,637,,,-23.4405095,-46.5770125,,,,1,2023-06-15T01:16:16+00:00
SAO_5110-41,São Paulo,3550308,True,,34978,,,-23.582743999999998,-46.565706000000006,,,,2,2023-06-15T01:17:37+00:00
SAO_5110-41,São Paulo,3550308,True,,34978,,,-23.604448499999997,-46.510915499999996,,,,2,2023-06-15T01:16:54+00:00
SAO_5110-41,São Paulo,3550308,True,,34978,,,-23.6142385,-46.497279,,,,2,2023-06-15T01:17:24+00:00
SAO_5110-41,São Paulo,3550308,True,,34978,,,-23.590692750000002,-46.5883865,,,,2,2023-06-15T01:15:05+00:00
SAO_3731-10,São Paulo,3550308,True,,33796,,,-23.563868499999998,-46.502337,,,,2,2023-06-15T01:17:23+00:00
SAO_3731-10,São Paulo,3550308,True,,33796,,,-23.539182500000003,-46.51704,,,,2,2023-06-15T01:17:11+00:00
SAO_3731-10,São Paulo,3550308,True,,33796,,,-23.539740000000002,-46.516619,,,,2,2023-06-15T01:17:04+00:00
SAO_3731-10,São Paulo,3550308,True,,33796,,,-23.563885499999998,-46.502797,,,,2,2023-06-15T01:16:48+00:00
SAO_3731-10,São Paulo,3550308,True,,33796,,,-23.540951375,-46.515050625,,,,2,2023-06-15T01:17:09+00:00
SAO_3731-10,São Paulo,3550308,True,,33796,,,-23.559461500000005,-46.510843124999994,,,,2,2023-06-15T01:17:32+00:00
SAO_1787-10,São Paulo,3550308,True,,650,,,-23.472262,-46.6180815,,,,1,2023-06-15T01:14:34+00:00
SAO_1787-10,São Paulo,3550308,True,,650,,,-23.487182750000002,-46.6237685,,,,1,2023-06-15T01:16:09+00:00
SAO_1787-10,São Paulo,3550308,True,,650,,,-23.4602775,-46.6154245,,,,1,2023-06-15T01:16:56+00:00
SAO_857P-10,São Paulo,3550308,True,,34694,,,-23.631508,-46.7726,,,,2,2023-06-15T01:17:37+00:00
SAO_857P-10,São Paulo,3550308,True,,34694,,,-23.6316405,-46.772316,,,,2,2023-06-15T01:17:27+00:00
SAO_857P-10,São Paulo,3550308,True,,34694,,,-23.5726905,-46.64275,,,,2,2023-06-15T01:17:39+00:00
SAO_857P-10,São Paulo,3550308,True,,34694,,,-23.60130325,-46.743193500000004,,,,2,2023-06-15T01:17:27+00:00
SAO_857P-10,São Paulo,3550308,True,,34694,,,-23.5698595,-46.688706374999995,,,,2,2023-06-15T01:17:31+00:00
SAO_857P-10,São Paulo,3550308,True,,34694,,,-23.568155187499997,-46.648246687500006,,,,2,2023-06-15T01:17:01+00:00
SAO_857P-10,São Paulo,3550308,True,,34694,,,-23.56211375,-46.65559825,,,,2,2023-06-15T01:17:20+00:00
SAO_857P-10,São Paulo,3550308,True,,34694,,,-23.566025500000002,-46.6814145,,,,2,2023-06-15T01:17:16+00:00
SAO_857P-10,São Paulo,3550308,True,,34694,,,-23.566753687499997,-46.6499989375,,,,2,2023-06-15T01:17:30+00:00
SAO_2724-10,São Paulo,3550308,True,,938,,,-23.52641375,-46.46918275,,,,1,2023-06-15T01:17:30+00:00
SAO_2724-10,São Paulo,3550308,True,,938,,,-23.538740500000003,-46.480374,,,,1,2023-06-15T01:17:12+00:00
SAO_2724-10,São Paulo,3550308,True,,938,,,-23.5314475,-46.473628500000004,,,,1,2023-06-15T01:17:11+00:00
SAO_2724-10,São Paulo,3550308,True,,938,,,-23.524739125,-46.469429875,,,,1,2023-06-15T01:17:40+00:00
SAO_5127-10,São Paulo,3550308,True,,1127,,,-23.6847845,-46.675277,,,,1,2023-06-15T01:17:13+00:00
SAO_5127-10,São Paulo,3550308,True,,1127,,,-23.674778,-46.6859035,,,,1,2023-06-15T01:17:33+00:00
SAO_5127-10,São Paulo,3550308,True,,1127,,,-23.677374,-46.7016945,,,,1,2023-06-15T01:16:50+00:00
SAO_5127-10,São Paulo,3550308,True,,1127,,,-23.70163275,-46.6341515,,,,1,2023-06-15T01:17:33+00:00
SAO_5127-10,São Paulo,3550308,True,,1127,,,-23.695213000000003,-46.6539025,,,,1,2023-06-15T01:16:32+00:00
SAO_5127-10,São Paulo,3550308,True,,1127,,,-23.675262000000004,-46.69923575,,,,1,2023-06-15T01:17:08+00:00
SAO_5127-10,São Paulo,3550308,True,,1127,,,-23.7015515,-46.640887,,,,1,2023-06-15T01:17:13+00:00
SAO_5127-10,São Paulo,3550308,True,,1127,,,-23.7015515,-46.640887,,,,1,2023-06-15T01:17:05+00:00
SAO_6475-10,São Paulo,3550308,True,,1317,,,-23.656632000000002,-46.7632865,,,,1,2023-06-15T01:17:00+00:00
SAO_6475-10,São Paulo,3550308,True,,1317,,,-23.669855,-46.7621475,,,,1,2023-06-15T01:17:40+00:00
SAO_6475-10,São Paulo,3550308,True,,1317,,,-23.609213750000002,-46.6976535,,,,1,2023-06-15T01:17:20+00:00
SAO_6475-10,São Paulo,3550308,True,,1317,,,-23.59001725,-46.69107149999999,,,,1,2023-06-15T01:17:06+00:00
SAO_6475-10,São Paulo,3550308,True,,1317,,,-23.614905999999998,-46.6988705,,,,1,2023-06-15T01:17:10+00:00
SAO_3013-10,São Paulo,3550308,True,,954,,,-23.591840374999997,-46.41204793749999,,,,1,2023-06-15T01:17:24+00:00
SAO_2016-10,São Paulo,3550308,True,,33670,,,-23.494543999999998,-46.438418999999996,,,,2,2023-06-15T01:17:14+00:00
SAO_2016-10,São Paulo,3550308,True,,33670,,,-23.491642499999998,-46.387237999999996,,,,2,2023-06-15T01:17:07+00:00
SAO_2016-10,São Paulo,3550308,True,,33670,,,-23.496740374999998,-46.40107975,,,,2,2023-06-15T01:17:29+00:00
SAO_2016-10,São Paulo,3550308,True,,33670,,,-23.495415,-46.404151,,,,2,2023-06-15T01:17:26+00:00
SAO_2016-10,São Paulo,3550308,True,,33670,,,-23.496794,-46.440057749999994,,,,2,2023-06-15T01:17:40+00:00
SAO_2016-10,São Paulo,3550308,True,,33670,,,-23.503359250000003,-46.375994750000004,,,,2,2023-06-15T01:17:06+00:00
SAO_6014-10,São Paulo,3550308,True,,32956,,,-23.7431825,-46.80108,,,,2,2023-06-15T01:17:23+00:00
SAO_6014-10,São Paulo,3550308,True,,32956,,,-23.742814499999998,-46.80108325,,,,2,2023-06-15T01:17:36+00:00
SAO_6014-10,São Paulo,3550308,True,,32956,,,-23.683030000000002,-46.7687525,,,,2,2023-06-15T01:16:59+00:00
SAO_6014-10,São Paulo,3550308,True,,32956,,,-23.744703125,-46.79321275,,,,2,2023-06-15T01:17:31+00:00
SAO_6014-10,São Paulo,3550308,True,,32956,,,-23.6917725,-46.775800000000004,,,,2,2023-06-15T01:16:31+00:00
SAO_6014-10,São Paulo,3550308,True,,32956,,,-23.74217,-46.800379,,,,2,2023-06-15T01:17:34+00:00
SAO_6014-10,São Paulo,3550308,True,,32956,,,-23.65811275,-46.70672275,,,,2,2023-06-15T01:17:39+00:00
SAO_6014-10,São Paulo,3550308,True,,32956,,,-23.667218,-46.72799975,,,,2,2023-06-15T01:17:19+00:00
SAO_6014-10,São Paulo,3550308,True,,32956,,,-23.6754575,-46.7490255,,,,2,2023-06-15T01:17:19+00:00
SAO_857A-10,São Paulo,3550308,True,,34693,,,-23.575069499999998,-46.707029500000004,,,,2,2023-06-15T01:17:32+00:00
SAO_857A-10,São Paulo,3550308,True,,34693,,,-23.58815525,-46.727400625,,,,2,2023-06-15T01:17:33+00:00
SAO_857A-10,São Paulo,3550308,True,,34693,,,-23.583526499999998,-46.67080075,,,,2,2023-06-15T01:17:10+00:00
SAO_857A-10,São Paulo,3550308,True,,34693,,,-23.585765000000002,-46.681469,,,,2,2023-06-15T01:17:10+00:00
SAO_857A-10,São Paulo,3550308,True,,34693,,,-23.576528000000003,-46.70771475,,,,2,2023-06-15T01:17:35+00:00
SAO_857A-10,São Paulo,3550308,True,,34693,,,-23.581258,-46.6636135,,,,2,2023-06-15T01:17:21+00:00
SAO_971A-10,São Paulo,3550308,True,,658,,,-23.501590999999998,-46.6480935,,,,1,2023-06-15T01:17:26+00:00
SAO_971A-10,São Paulo,3550308,True,,658,,,-23.51298225,-46.6251745,,,,1,2023-06-15T01:17:06+00:00
SAO_971A-10,São Paulo,3550308,True,,658,,,-23.50028175,-46.6361265,,,,1,2023-06-15T01:16:56+00:00
SAO_971A-10,São Paulo,3550308,True,,658,,,-23.503476,-46.6249045,,,,1,2023-06-15T01:17:13+00:00
SAO_971A-10,São Paulo,3550308,True,,658,,,-23.50318,-46.6723615,,,,1,2023-06-15T01:17:23+00:00
SAO_971A-10,São Paulo,3550308,True,,658,,,-23.486776499999998,-46.6808985,,,,1,2023-06-15T01:17:31+00:00
SAO_3029-10,São Paulo,3550308,True,,33734,,,-23.565612,-46.5450165,,,,2,2023-06-15T01:17:16+00:00
SAO_3029-10,São Paulo,3550308,True,,33734,,,-23.540385,-46.551184,,,,2,2023-06-15T01:17:00+00:00
SAO_3029-10,São Paulo,3550308,True,,33734,,,-23.570009,-46.5405905,,,,2,2023-06-15T01:17:13+00:00
SAO_3029-10,São Paulo,3550308,True,,33734,,,-23.585442,-46.508249500000005,,,,2,2023-06-15T01:17:04+00:00
SAO_3029-10,São Paulo,3550308,True,,33734,,,-23.585295,-46.5067185,,,,2,2023-06-15T01:17:20+00:00
SAO_3029-10,São Paulo,3550308,True,,33734,,,-23.5762125,-46.5190195,,,,2,2023-06-15T01:17:25+00:00
SAO_3029-10,São Paulo,3550308,True,,33734,,,-23.57624025,-46.52801975,,,,2,2023-06-15T01:17:33+00:00
SAO_3029-10,São Paulo,3550308,True,,33734,,,-23.5696245,-46.5404715,,,,2,2023-06-15T01:17:22+00:00
SAO_3029-10,São Paulo,3550308,True,,33734,,,-23.541,-46.576643000000004,,,,2,2023-06-15T01:13:34+00:00
SAO_3029-10,São Paulo,3550308,True,,33734,,,-23.543611749999997,-46.546510999999995,,,,2,2023-06-15T01:17:21+00:00
SAO_6063-41,São Paulo,3550308,True,,34541,,,-23.787667499999998,-46.6800415,,,,2,2023-06-15T01:17:18+00:00
SAO_6063-41,São Paulo,3550308,True,,34541,,,-23.788454,-46.683706,,,,2,2023-06-15T01:17:32+00:00
SAO_6063-41,São Paulo,3550308,True,,34541,,,-23.780654374999997,-46.69086325,,,,2,2023-06-15T01:17:31+00:00
SAO_6063-41,São Paulo,3550308,True,,34541,,,-23.787596999999998,-46.679432,,,,2,2023-06-15T01:17:01+00:00
SAO_8400-10,São Paulo,3550308,True,,34033,,,-23.5411785,-46.64243825,,,,2,2023-06-15T01:17:10+00:00
SAO_8400-10,São Paulo,3550308,True,,34033,,,-23.51377175,-46.7025705,,,,2,2023-06-15T01:17:07+00:00
SAO_8400-10,São Paulo,3550308,True,,34033,,,-23.544589625,-46.638573375,,,,2,2023-06-15T01:17:20+00:00
SAO_8400-10,São Paulo,3550308,True,,34033,,,-23.529716125,-46.667619875,,,,2,2023-06-15T01:17:13+00:00
SAO_8400-10,São Paulo,3550308,True,,34033,,,-23.484178999999997,-46.7163345,,,,2,2023-06-15T01:17:29+00:00
SAO_8400-10,São Paulo,3550308,True,,34033,,,-23.486457,-46.7270195,,,,2,2023-06-15T01:17:33+00:00
SAO_8400-10,São Paulo,3550308,True,,34033,,,-23.513319250000002,-46.70347975,,,,2,2023-06-15T01:17:17+00:00
SAO_8400-10,São Paulo,3550308,True,,34033,,,-23.547456,-46.6400205,,,,2,2023-06-15T01:17:32+00:00
SAO_8400-10,São Paulo,3550308,True,,34033,,,-23.53741875,-46.648948,,,,2,2023-06-15T01:17:24+00:00
SAO_8400-10,São Paulo,3550308,True,,34033,,,-23.4856405,-46.724887499999994,,,,2,2023-06-15T01:17:30+00:00
SAO_8400-10,São Paulo,3550308,True,,34033,,,-23.4842985,-46.7161955,,,,2,2023-06-15T01:17:26+00:00
SAO_8400-10,São Paulo,3550308,True,,34033,,,-23.485809000000003,-46.726257125,,,,2,2023-06-15T01:17:19+00:00
SAO_8400-10,São Paulo,3550308,True,,34033,,,-23.521546,-46.6982285,,,,2,2023-06-15T01:17:07+00:00
SAO_8400-10,São Paulo,3550308,True,,34033,,,-23.533700749999998,-46.655518375,,,,2,2023-06-15T01:17:28+00:00
SAO_177H-10,São Paulo,3550308,True,,630,,,-23.500697,-46.648617,,,,1,2023-06-15T01:17:17+00:00
SAO_177H-10,São Paulo,3550308,True,,630,,,-23.532761,-46.657568,,,,1,2023-06-15T01:17:13+00:00
SAO_177H-10,São Paulo,3550308,True,,630,,,-23.502436,-46.624016499999996,,,,1,2023-06-15T01:17:27+00:00
SAO_177H-10,São Paulo,3550308,True,,630,,,-23.520653,-46.657889,,,,1,2023-06-15T01:17:31+00:00
SAO_177H-10,São Paulo,3550308,True,,630,,,-23.528299500000003,-46.661776,,,,1,2023-06-15T01:17:15+00:00
SAO_177H-10,São Paulo,3550308,True,,630,,,-23.5529145,-46.7319765,,,,1,2023-06-15T01:17:11+00:00
SAO_2011-10,São Paulo,3550308,True,,2136,,,-23.46840425,-46.580487500000004,,,,1,2023-06-15T01:15:10+00:00
SAO_2011-10,São Paulo,3550308,True,,2136,,,-23.502214000000002,-46.6235875,,,,1,2023-06-15T01:17:26+00:00
SAO_2011-10,São Paulo,3550308,True,,2136,,,-23.4797655,-46.607712750000005,,,,1,2023-06-15T01:17:26+00:00
SAO_2011-10,São Paulo,3550308,True,,2136,,,-23.48142325,-46.603758125,,,,1,2023-06-15T01:17:15+00:00
SAO_2011-10,São Paulo,3550308,True,,2136,,,-23.48941525,-46.571597749999995,,,,1,2023-06-15T01:15:16+00:00
SAO_746C-10,São Paulo,3550308,True,,33551,,,-23.608888999999998,-46.750856,,,,2,2023-06-15T01:17:05+00:00
SAO_746C-10,São Paulo,3550308,True,,33551,,,-23.639794000000002,-46.7366705,,,,2,2023-06-15T01:17:17+00:00
SAO_746C-10,São Paulo,3550308,True,,33551,,,-23.608864,-46.7509105,,,,2,2023-06-15T01:17:30+00:00
SAO_746C-10,São Paulo,3550308,True,,33551,,,-23.614194000000005,-46.74099725,,,,2,2023-06-15T01:16:58+00:00
SAO_746C-10,São Paulo,3550308,True,,33551,,,-23.64415025,-46.7233165,,,,2,2023-06-15T01:17:34+00:00
SAO_746C-10,São Paulo,3550308,True,,33551,,,-23.621336,-46.741715,,,,2,2023-06-15T01:17:29+00:00
SAO_746C-10,São Paulo,3550308,True,,33551,,,-23.61995375,-46.742507,,,,2,2023-06-15T01:17:36+00:00
SAO_746C-10,São Paulo,3550308,True,,33551,,,-23.623863,-46.737422499999994,,,,2,2023-06-15T01:17:15+00:00
SAO_746C-10,São Paulo,3550308,True,,33551,,,-23.608888999999998,-46.750856,,,,2,2023-06-15T01:17:08+00:00
SAO_746C-10,São Paulo,3550308,True,,33551,,,-23.643432499999996,-46.72336775,,,,2,2023-06-15T01:17:16+00:00
SAO_746C-10,São Paulo,3550308,True,,33551,,,-23.6469295,-46.710373000000004,,,,2,2023-06-15T01:17:09+00:00
SAO_746C-10,São Paulo,3550308,True,,33551,,,-23.650399,-46.7076415,,,,2,2023-06-15T01:17:34+00:00
SAO_746C-10,São Paulo,3550308,True,,33551,,,-23.629582499999998,-46.735288,,,,2,2023-06-15T01:17:27+00:00
SAO_746C-10,São Paulo,3550308,True,,33551,,,-23.6437825,-46.732147,,,,2,2023-06-15T01:17:34+00:00
SAO_3795-10,São Paulo,3550308,True,,33841,,,-23.5635745,-46.426525,,,,2,2023-06-15T01:17:09+00:00
SAO_3795-10,São Paulo,3550308,True,,33841,,,-23.556508,-46.447144,,,,2,2023-06-15T01:17:10+00:00
SAO_3795-10,São Paulo,3550308,True,,33841,,,-23.563723500000002,-46.4169715,,,,2,2023-06-15T01:17:10+00:00
SAO_2711-10,São Paulo,3550308,True,,925,,,-23.51027075,-46.4935225,,,,1,2023-06-15T01:17:19+00:00
SAO_2711-10,São Paulo,3550308,True,,925,,,-23.5281795,-46.500829499999995,,,,1,2023-06-15T01:17:09+00:00
SAO_3746-10,São Paulo,3550308,True,EMTU,283,https://moovitapp.com/index/pt-br/transporte_p%C3%BAblico-line-283-Sao_Paulo-242-2038937-36419384-0,5.2,-23.569039,-46.540398999999994,,,,1,2023-06-15T01:17:09+00:00
SAO_3746-10,São Paulo,3550308,True,EMTU,283,https://moovitapp.com/index/pt-br/transporte_p%C3%BAblico-line-283-Sao_Paulo-242-2038937-36419384-0,5.2,-23.5428375,-46.587731000000005,,,,1,2023-06-15T01:17:06+00:00
SAO_3746-10,São Paulo,3550308,True,EMTU,283,https://moovitapp.com/index/pt-br/transporte_p%C3%BAblico-line-283-Sao_Paulo-242-2038937-36419384-0,5.2,-23.584467625,-46.527975,,,,1,2023-06-15T01:17:03+00:00
SAO_3746-10,São Paulo,3550308,True,EMTU,283,https://moovitapp.com/index/pt-br/transporte_p%C3%BAblico-line-283-Sao_Paulo-242-2038937-36419384-0,5.2,-23.594817,-46.5027665,,,,1,2023-06-15T01:17:37+00:00
SAO_778R-10,São Paulo,3550308,True,EMTU,509,https://moovitapp.com/index/pt-br/transporte_p%C3%BAblico-line-509-Sao_Paulo-242-2038937-36419531-0,4.95,-23.571467875,-46.694129625,,,,1,2023-06-15T01:17:17+00:00
SAO_778R-10,São Paulo,3550308,True,EMTU,509,https://moovitapp.com/index/pt-br/transporte_p%C3%BAblico-line-509-Sao_Paulo-242-2038937-36419531-0,4.95,-23.585532999999998,-46.8056635,,,,1,2023-06-15T01:17:33+00:00
SAO_778R-10,São Paulo,3550308,True,EMTU,509,https://moovitapp.com/index/pt-br/transporte_p%C3%BAblico-line-509-Sao_Paulo-242-2038937-36419531-0,4.95,-23.5841395,-46.784344000000004,,,,1,2023-06-15T01:17:21+00:00
SAO_778R-10,São Paulo,3550308,True,EMTU,509,https://moovitapp.com/index/pt-br/transporte_p%C3%BAblico-line-509-Sao_Paulo-242-2038937-36419531-0,4.95,-23.584765500000003,-46.8090545,,,,1,2023-06-15T01:17:10+00:00
SAO_778R-10,São Paulo,3550308,True,EMTU,509,https://moovitapp.com/index/pt-br/transporte_p%C3%BAblico-line-509-Sao_Paulo-242-2038937-36419531-0,4.95,-23.5884734375,-46.797815375,,,,1,2023-06-15T01:17:22+00:00
SAO_778R-10,São Paulo,3550308,True,EMTU,509,https://moovitapp.com/index/pt-br/transporte_p%C3%BAblico-line-509-Sao_Paulo-242-2038937-36419531-0,4.95,-23.548316375,-46.649981625,,,,1,2023-06-15T01:17:38+00:00
SAO_778R-10,São Paulo,3550308,True,EMTU,509,https://moovitapp.com/index/pt-br/transporte_p%C3%BAblico-line-509-Sao_Paulo-242-2038937-36419531-0,4.95,-23.585836999999998,-46.812393,,,,1,2023-06-15T01:17:17+00:00
SAO_778R-10,São Paulo,3550308,True,EMTU,509,https://moovitapp.com/index/pt-br/transporte_p%C3%BAblico-line-509-Sao_Paulo-242-2038937-36419531-0,4.95,-23.542655500000002,-46.64764925,,,,1,2023-06-15T01:17:13+00:00
SAO_778R-10,São Paulo,3550308,True,EMTU,509,https://moovitapp.com/index/pt-br/transporte_p%C3%BAblico-line-509-Sao_Paulo-242-2038937-36419531-0,4.95,-23.5856015,-46.80595925,,,,1,2023-06-15T01:17:15+00:00
SAO_778R-10,São Paulo,3550308,True,EMTU,509,https://moovitapp.com/index/pt-br/transporte_p%C3%BAblico-line-509-Sao_Paulo-242-2038937-36419531-0,4.95,-23.552126125,-46.657847875,,,,1,2023-06-15T01:17:15+00:00
SAO_778R-10,São Paulo,3550308,True,EMTU,509,https://moovitapp.com/index/pt-br/transporte_p%C3%BAblico-line-509-Sao_Paulo-242-2038937-36419531-0,4.95,-23.584934,-46.8069275,,,,1,2023-06-15T01:17:02+00:00
SAO_9032-10,São Paulo,3550308,True,,33648,,,-23.464365,-46.6799485,,,,2,2023-06-15T01:17:21+00:00
SAO_9032-10,São Paulo,3550308,True,,33648,,,-23.446328,-46.692974500000005,,,,2,2023-06-15T01:17:09+00:00
SAO_9032-10,São Paulo,3550308,True,,33648,,,-23.446335,-46.6934435,,,,2,2023-06-15T01:17:25+00:00
SAO_9032-10,São Paulo,3550308,True,,33648,,,-23.4512145,-46.697321,,,,2,2023-06-15T01:17:31+00:00
SAO_9032-10,São Paulo,3550308,True,,33648,,,-23.448679,-46.69803,,,,2,2023-06-15T01:17:31+00:00
SAO_9032-10,São Paulo,3550308,True,,33648,,,-23.459349,-46.686189999999996,,,,2,2023-06-15T01:16:36+00:00
SAO_9032-10,São Paulo,3550308,True,,33648,,,-23.472353124999998,-46.6730405,,,,2,2023-06-15T01:17:34+00:00
SAO_9032-10,São Paulo,3550308,True,,33648,,,-23.452069,-46.6985775,,,,2,2023-06-15T01:16:59+00:00
SAO_9032-10,São Paulo,3550308,True,,33648,,,-23.446861499999997,-46.698229,,,,2,2023-06-15T01:17:11+00:00
SAO_148L-10,São Paulo,3550308,True,,33299,,,-23.468975125,-46.649928125,,,,2,2023-06-15T01:17:08+00:00
SAO_148L-10,São Paulo,3550308,True,,33299,,,-23.504051249999996,-46.67993225000001,,,,2,2023-06-15T01:17:18+00:00
SAO_148L-10,São Paulo,3550308,True,,33299,,,-23.473689999999998,-46.649827,,,,2,2023-06-15T01:17:00+00:00
SAO_148L-10,São Paulo,3550308,True,,33299,,,-23.475334,-46.6509175,,,,2,2023-06-15T01:17:18+00:00
SAO_148L-10,São Paulo,3550308,True,,33299,,,-23.515375,-46.6922895,,,,2,2023-06-15T01:17:10+00:00
SAO_148L-10,São Paulo,3550308,True,,33299,,,-23.45483,-46.652328999999995,,,,2,2023-06-15T01:17:34+00:00
SAO_148L-10,São Paulo,3550308,True,,33299,,,-23.507077375,-46.689163875000006,,,,2,2023-06-15T01:17:12+00:00
SAO_148L-10,São Paulo,3550308,True,,33299,,,-23.5040325,-46.67317,,,,2,2023-06-15T01:17:37+00:00
SAO_148L-10,São Paulo,3550308,True,,33299,,,-23.455246000000002,-46.652735,,,,2,2023-06-15T01:16:53+00:00
SAO_148L-10,São Paulo,3550308,True,,33299,,,-23.5040325,-46.67317,,,,2,2023-06-15T01:17:38+00:00
SAO_148L-10,São Paulo,3550308,True,,33299,,,-23.455058,-46.652393,,,,2,2023-06-15T01:17:11+00:00
SAO_148L-10,São Paulo,3550308,True,,33299,,,-23.455058,-46.652393,,,,2,2023-06-15T01:17:24+00:00
SAO_148L-10,São Paulo,3550308,True,,33299,,,-23.481932999999998,-46.673136,,,,2,2023-06-15T01:15:15+00:00
SAO_476G-41,São Paulo,3550308,True,,1112,,,-23.582784124999996,-46.637398000000005,,,,1,2023-06-15T01:17:41+00:00
SAO_476G-41,São Paulo,3550308,True,,1112,,,-23.603922500000003,-46.5376195,,,,1,2023-06-15T01:17:20+00:00
SAO_476G-41,São Paulo,3550308,True,,1112,,,-23.581832499999997,-46.6380255,,,,1,2023-06-15T01:17:27+00:00
SAO_106A-10,São Paulo,3550308,True,,33284,,,-23.557319,-46.652217,,,,2,2023-06-15T01:16:58+00:00
SAO_106A-10,São Paulo,3550308,True,,33284,,,-23.505131125,-46.624702875,,,,2,2023-06-15T01:17:08+00:00
SAO_106A-10,São Paulo,3550308,True,,33284,,,-23.57470325,-46.66798862500001,,,,2,2023-06-15T01:17:36+00:00
SAO_106A-10,São Paulo,3550308,True,,33284,,,-23.581494375,-46.676643,,,,2,2023-06-15T01:16:59+00:00
SAO_106A-10,São Paulo,3550308,True,,33284,,,-23.560406,-46.6549565,,,,2,2023-06-15T01:17:40+00:00
SAO_106A-10,São Paulo,3550308,True,,33284,,,-23.5025625,-46.624213,,,,2,2023-06-15T01:17:29+00:00
SAO_106A-10,São Paulo,3550308,True,,33284,,,-23.583665125,-46.677761625,,,,2,2023-06-15T01:17:14+00:00
SAO_106A-10,São Paulo,3550308,True,,33284,,,-23.586542,-46.679427,,,,2,2023-06-15T01:17:24+00:00
SAO_106A-10,São Paulo,3550308,True,,33284,,,-23.559824499999998,-46.6545525,,,,2,2023-06-15T01:17:37+00:00
SAO_6L08-10,São Paulo,3550308,True,,33950,,,-23.826048,-46.7037595,,,,2,2023-06-15T01:16:42+00:00
SAO_609F-10,São Paulo,3550308,True,,32805,,,-23.595777,-46.69633225,,,,2,2023-06-15T01:17:08+00:00
SAO_609F-10,São Paulo,3550308,True,,32805,,,-23.580403,-46.683606999999995,,,,2,2023-06-15T01:16:59+00:00
SAO_609F-10,São Paulo,3550308,True,,32805,,,-23.5429635,-46.636864,,,,2,2023-06-15T01:17:25+00:00
SAO_609F-10,São Paulo,3550308,True,,32805,,,-23.60602025,-46.6992855,,,,2,2023-06-15T01:17:35+00:00
SAO_609F-10,São Paulo,3550308,True,,32805,,,-23.6428955,-46.7282105,,,,2,2023-06-15T01:17:34+00:00
SAO_609F-10,São Paulo,3550308,True,,32805,,,-23.6533485,-46.735894,,,,2,2023-06-15T01:17:23+00:00
SAO_9023-10,São Paulo,3550308,True,,1437,,,-23.41964,-46.717011,,,,1,2023-06-15T01:15:56+00:00
SAO_9023-10,São Paulo,3550308,True,,1437,,,-23.485637500000003,-46.7260535,,,,1,2023-06-15T01:17:29+00:00
SAO_9023-10,São Paulo,3550308,True,,1437,,,-23.4507915,-46.71589,,,,1,2023-06-15T01:17:23+00:00
SAO_514T-10,São Paulo,3550308,True,,34439,,,-23.584515500000002,-46.583197999999996,,,,2,2023-06-15T01:17:16+00:00
SAO_514T-10,São Paulo,3550308,True,,34439,,,-23.592693249999996,-46.51968625,,,,2,2023-06-15T01:17:26+00:00
SAO_514T-10,São Paulo,3550308,True,,34439,,,-23.593684500000002,-46.4983335,,,,2,2023-06-15T01:17:30+00:00
SAO_514T-10,São Paulo,3550308,True,,34439,,,-23.57964925,-46.611003499999995,,,,2,2023-06-15T01:16:59+00:00
SAO_514T-10,São Paulo,3550308,True,,34439,,,-23.5823121875,-46.5881516875,,,,2,2023-06-15T01:17:24+00:00
SAO_514T-10,São Paulo,3550308,True,,34439,,,-23.597431,-46.508551000000004,,,,2,2023-06-15T01:17:25+00:00
SAO_514T-10,São Paulo,3550308,True,,34439,,,-23.601038875,-46.609465125,,,,2,2023-06-15T01:17:10+00:00
SAO_514T-10,São Paulo,3550308,True,,34439,,,-23.59741,-46.510109,,,,2,2023-06-15T01:17:11+00:00
SAO_514T-10,São Paulo,3550308,True,,34439,,,-23.59947925,-46.60959925,,,,2,2023-06-15T01:17:07+00:00
SAO_514T-10,São Paulo,3550308,True,,34439,,,-23.600778624999997,-46.609487375,,,,2,2023-06-15T01:17:25+00:00
SAO_514T-10,São Paulo,3550308,True,,34439,,,-23.5826205,-46.550334,,,,2,2023-06-15T01:17:38+00:00
SAO_514T-10,São Paulo,3550308,True,,34439,,,-23.5946535,-46.5187935,,,,2,2023-06-15T01:17:14+00:00
SAO_514T-10,São Paulo,3550308,True,,34439,,,-23.591667875,-46.61034775,,,,2,2023-06-15T01:17:24+00:00
SAO_6291-10,São Paulo,3550308,True,EMTU,358,https://moovitapp.com/index/pt-br/transporte_p%C3%BAblico-line-358-Sao_Paulo-242-2038937-36419439-0,4.8,-23.597454,-46.708656500000004,,,,1,2023-06-15T01:17:03+00:00
SAO_6291-10,São Paulo,3550308,True,EMTU,358,https://moovitapp.com/index/pt-br/transporte_p%C3%BAblico-line-358-Sao_Paulo-242-2038937-36419439-0,4.8,-23.62636825,-46.723245500000004,,,,1,2023-06-15T01:17:04+00:00
SAO_6291-10,São Paulo,3550308,True,EMTU,358,https://moovitapp.com/index/pt-br/transporte_p%C3%BAblico-line-358-Sao_Paulo-242-2038937-36419439-0,4.8,-23.648836000000003,-46.759217,,,,1,2023-06-15T01:17:26+00:00
SAO_6291-10,São Paulo,3550308,True,EMTU,358,https://moovitapp.com/index/pt-br/transporte_p%C3%BAblico-line-358-Sao_Paulo-242-2038937-36419439-0,4.8,-23.5708275,-46.662628,,,,1,2023-06-15T01:17:28+00:00
SAO_3712-51,São Paulo,3550308,True,,35273,,,-23.543873750000003,-46.461260249999995,,,,2,2023-06-15T01:17:23+00:00
SAO_3712-51,São Paulo,3550308,True,,35273,,,-23.5422055,-46.446569499999995,,,,2,2023-06-15T01:17:35+00:00
SAO_3712-51,São Paulo,3550308,True,,35273,,,-23.550891,-46.431292,,,,2,2023-06-15T01:16:58+00:00
SAO_3712-51,São Paulo,3550308,True,,35273,,,-23.5520955,-46.44429575,,,,2,2023-06-15T01:17:16+00:00
SAO_3712-51,São Paulo,3550308,True,,35273,,,-23.55940725,-46.422336875,,,,2,2023-06-15T01:17:04+00:00
SAO_6500-10,São Paulo,3550308,True,,32814,,,-23.64838525,-46.70428425,,,,2,2023-06-15T01:17:04+00:00
SAO_6500-10,São Paulo,3550308,True,,32814,,,-23.61896,-46.682627,,,,2,2023-06-15T01:17:20+00:00
SAO_6500-10,São Paulo,3550308,True,,32814,,,-23.6123915,-46.678042,,,,2,2023-06-15T01:17:24+00:00
SAO_6500-10,São Paulo,3550308,True,,32814,,,-23.6540525,-46.712609,,,,2,2023-06-15T01:17:36+00:00
SAO_6500-10,São Paulo,3550308,True,,32814,,,-23.64351,-46.7007675,,,,2,2023-06-15T01:17:20+00:00
SAO_6500-10,São Paulo,3550308,True,,32814,,,-23.64735775,-46.70356674999999,,,,2,2023-06-15T01:17:17+00:00
SAO_6500-10,São Paulo,3550308,True,,32814,,,-23.650007000000002,-46.7059785,,,,2,2023-06-15T01:17:41+00:00
SAO_6500-10,São Paulo,3550308,True,,32814,,,-23.6002625,-46.673983,,,,2,2023-06-15T01:17:21+00:00
SAO_5015-10,São Paulo,3550308,True,,1119,,,-23.680574625,-46.663245499999995,,,,1,2023-06-15T01:17:30+00:00
SAO_5015-10,São Paulo,3550308,True,,1119,,,-23.6708165,-46.643302250000005,,,,1,2023-06-15T01:17:35+00:00
SAO_5015-10,São Paulo,3550308,True,,1119,,,-23.6924525,-46.659774999999996,,,,1,2023-06-15T01:17:01+00:00
SAO_5015-10,São Paulo,3550308,True,,1119,,,-23.678892,-46.6565135,,,,1,2023-06-15T01:13:47+00:00
SAO_5015-10,São Paulo,3550308,True,,1119,,,-23.671036,-46.643576749999994,,,,1,2023-06-15T01:17:05+00:00
SAO_857R-10,São Paulo,3550308,True,,1892,,,-23.5822675,-46.639917625,,,,1,2023-06-15T01:17:02+00:00
SAO_857R-10,São Paulo,3550308,True,,1892,,,-23.5644695,-46.678151,,,,1,2023-06-15T01:17:11+00:00
SAO_857R-10,São Paulo,3550308,True,,1892,,,-23.5642905,-46.62959549999999,,,,1,2023-06-15T01:17:31+00:00
SAO_857R-10,São Paulo,3550308,True,,1892,,,-23.577517,-46.640930999999995,,,,1,2023-06-15T01:17:29+00:00
SAO_975A-10,São Paulo,3550308,True,EMTU,589,https://moovitapp.com/index/pt-br/transporte_p%C3%BAblico-line-589-Sao_Paulo-242-2038937-36419576-0,5.35,-23.522263875,-46.6624225,,,,1,2023-06-15T01:16:59+00:00
SAO_975A-10,São Paulo,3550308,True,EMTU,589,https://moovitapp.com/index/pt-br/transporte_p%C3%BAblico-line-589-Sao_Paulo-242-2038937-36419576-0,5.35,-23.57254075,-46.64298825,,,,1,2023-06-15T01:17:33+00:00
SAO_975A-10,São Paulo,3550308,True,EMTU,589,https://moovitapp.com/index/pt-br/transporte_p%C3%BAblico-line-589-Sao_Paulo-242-2038937-36419576-0,5.35,-23.556052,-46.6627705,,,,1,2023-06-15T01:17:29+00:00
SAO_975A-10,São Paulo,3550308,True,EMTU,589,https://moovitapp.com/index/pt-br/transporte_p%C3%BAblico-line-589-Sao_Paulo-242-2038937-36419576-0,5.35,-23.479406500000003,-46.691171,,,,1,2023-06-15T01:17:39+00:00
SAO_2005-10,São Paulo,3550308,True,,893,,,-23.4815715,-46.378598499999995,,,,1,2023-06-15T01:17:10+00:00
SAO_2005-10,São Paulo,3550308,True,,893,,,-23.481623749999997,-46.37878275,,,,1,2023-06-15T01:17:18+00:00
SAO_2005-10,São Paulo,3550308,True,,893,,,-23.49066725,-46.416962999999996,,,,1,2023-06-15T01:17:10+00:00
SAO_2005-10,São Paulo,3550308,True,,893,,,-23.495123,-46.435414,,,,1,2023-06-15T01:12:28+00:00
SAO_2005-10,São Paulo,3550308,True,,893,,,-23.4820745,-46.380242,,,,1,2023-06-15T01:17:21+00:00
SAO_2100-10,São Paulo,3550308,True,,33481,,,-23.559198,-46.52102825,,,,2,2023-06-15T01:17:08+00:00
SAO_2100-10,São Paulo,3550308,True,,33481,,,-23.558624000000002,-46.581492999999995,,,,2,2023-06-15T01:17:05+00:00
SAO_2100-10,São Paulo,3550308,True,,33481,,,-23.551023999999998,-46.6345835,,,,2,2023-06-15T01:17:37+00:00
SAO_2100-10,São Paulo,3550308,True,,33481,,,-23.562866,-46.5225745,,,,2,2023-06-15T01:17:34+00:00
SAO_2100-10,São Paulo,3550308,True,,33481,,,-23.550512249999997,-46.61728425,,,,2,2023-06-15T01:17:05+00:00
SAO_2100-10,São Paulo,3550308,True,,33481,,,-23.572545,-46.5324905,,,,2,2023-06-15T01:17:18+00:00
SAO_2100-10,São Paulo,3550308,True,,33481,,,-23.557927,-46.523227500000004,,,,2,2023-06-15T01:16:59+00:00
SAO_2100-10,São Paulo,3550308,True,,33481,,,-23.562327500000002,-46.555274,,,,2,2023-06-15T01:17:12+00:00
SAO_2100-10,São Paulo,3550308,True,,33481,,,-23.562314999999998,-46.551222499999994,,,,2,2023-06-15T01:17:21+00:00
SAO_2100-10,São Paulo,3550308,True,,33481,,,-23.5583985,-46.523131,,,,2,2023-06-15T01:17:36+00:00
SAO_2100-10,São Paulo,3550308,True,,33481,,,-23.5580635,-46.522337500000006,,,,2,2023-06-15T01:17:14+00:00
SAO_2100-10,São Paulo,3550308,True,,33481,,,-23.5587215,-46.522659000000004,,,,2,2023-06-15T01:17:07+00:00
SAO_2100-10,São Paulo,3550308,True,,33481,,,-23.5625425,-46.551953,,,,2,2023-06-15T01:17:03+00:00
SAO_2100-10,São Paulo,3550308,True,,33481,,,-23.572988000000002,-46.533692,,,,2,2023-06-15T01:17:12+00:00
SAO_2100-10,São Paulo,3550308,True,,33481,,,-23.5580635,-46.522337500000006,,,,2,2023-06-15T01:17:12+00:00
SAO_2100-10,São Paulo,3550308,True,,33481,,,-23.552365,-46.610303,,,,2,2023-06-15T01:17:19+00:00
SAO_8300-10,São Paulo,3550308,True,,34032,,,-23.485485500000003,-46.7254255,,,,2,2023-06-15T01:17:15+00:00
SAO_8300-10,São Paulo,3550308,True,,34032,,,-23.485637500000003,-46.7260535,,,,2,2023-06-15T01:17:24+00:00
SAO_8300-10,São Paulo,3550308,True,,34032,,,-23.520215999999998,-46.700196000000005,,,,2,2023-06-15T01:17:07+00:00
SAO_8300-10,São Paulo,3550308,True,,34032,,,-23.514491,-46.700441,,,,2,2023-06-15T01:17:26+00:00
SAO_8300-10,São Paulo,3550308,True,,34032,,,-23.49102025,-46.70991,,,,2,2023-06-15T01:17:10+00:00
SAO_709M-10,São Paulo,3550308,True,,35230,,,-23.5889955,-46.6819615,,,,2,2023-06-15T01:17:16+00:00
SAO_709M-10,São Paulo,3550308,True,,35230,,,-23.621601,-46.6980435,,,,2,2023-06-15T01:17:36+00:00
SAO_709M-10,São Paulo,3550308,True,,35230,,,-23.6540525,-46.712609,,,,2,2023-06-15T01:17:38+00:00
SAO_709M-10,São Paulo,3550308,True,,35230,,,-23.5910965,-46.687158499999995,,,,2,2023-06-15T01:17:20+00:00
SAO_709M-10,São Paulo,3550308,True,,35230,,,-23.617715500000003,-46.697503624999996,,,,2,2023-06-15T01:17:09+00:00
SAO_709M-10,São Paulo,3550308,True,,35230,,,-23.64756325,-46.70371025,,,,2,2023-06-15T01:17:16+00:00
SAO_2175-10,São Paulo,3550308,True,,33465,,,-23.4842945,-46.5732505,,,,2,2023-06-15T01:17:16+00:00
SAO_2175-10,São Paulo,3550308,True,,33465,,,-23.502822000000002,-46.576372,,,,2,2023-06-15T01:16:49+00:00
SAO_2175-10,São Paulo,3550308,True,,33465,,,-23.474255499999998,-46.56712,,,,2,2023-06-15T01:17:34+00:00
SAO_2175-10,São Paulo,3550308,True,,33465,,,-23.538322625,-46.59894625,,,,2,2023-06-15T01:15:52+00:00
SAO_6044-10,São Paulo,3550308,True,,1221,,,-23.659604,-46.775132,,,,1,2023-06-15T01:17:06+00:00
SAO_6044-10,São Paulo,3550308,True,,1221,,,-23.653890625,-46.71154075,,,,1,2023-06-15T01:17:25+00:00
SAO_6044-10,São Paulo,3550308,True,,1221,,,-23.640483125,-46.717002750000006,,,,1,2023-06-15T01:17:32+00:00
SAO_6044-10,São Paulo,3550308,True,,1221,,,-23.645789999999998,-46.7465015,,,,1,2023-06-15T01:17:01+00:00
SAO_6044-10,São Paulo,3550308,True,,1221,,,-23.6763335,-46.792206500000006,,,,1,2023-06-15T01:16:59+00:00
SAO_6044-10,São Paulo,3550308,True,,1221,,,-23.652903000000002,-46.70854625,,,,1,2023-06-15T01:17:11+00:00
SAO_2004-10,São Paulo,3550308,True,,33660,,,-23.519621,-46.383444499999996,,,,2,2023-06-15T01:17:09+00:00
SAO_2004-10,São Paulo,3550308,True,,33660,,,-23.524452,-46.388876,,,,2,2023-06-15T01:17:29+00:00
SAO_2004-10,São Paulo,3550308,True,,33660,,,-23.52980125,-46.395112499999996,,,,2,2023-06-15T01:17:09+00:00
SAO_2004-10,São Paulo,3550308,True,,33660,,,-23.52492675,-46.38933325,,,,2,2023-06-15T01:16:58+00:00
SAO_2004-10,São Paulo,3550308,True,,33660,,,-23.525685,-46.3899595,,,,2,2023-06-15T01:13:27+00:00
SAO_2004-10,São Paulo,3550308,True,,33660,,,-23.53008775,-46.3952355,,,,2,2023-06-15T01:16:52+00:00
SAO_2004-10,São Paulo,3550308,True,,33660,,,-23.5427125,-46.4099635,,,,2,2023-06-15T01:16:17+00:00
SAO_6099-10,São Paulo,3550308,True,,1587,,,-23.854667,-46.765045,,,,1,2023-06-15T01:13:39+00:00
SAO_6099-10,São Paulo,3550308,True,,1587,,,-23.7578265,-46.714801,,,,1,2023-06-15T01:17:31+00:00
SAO_6099-10,São Paulo,3550308,True,,1587,,,-23.792789499999998,-46.7283305,,,,1,2023-06-15T01:17:17+00:00
SAO_6099-10,São Paulo,3550308,True,,1587,,,-23.7767835,-46.723025500000006,,,,1,2023-06-15T01:17:37+00:00
SAO_637G-51,São Paulo,3550308,True,,32870,,,-23.584650000000003,-46.683251999999996,,,,2,2023-06-15T01:17:31+00:00
SAO_637G-51,São Paulo,3550308,True,,32870,,,-23.75637075,-46.6682945,,,,2,2023-06-15T01:12:34+00:00
SAO_637G-51,São Paulo,3550308,True,,32870,,,-23.622114000000003,-46.684443,,,,2,2023-06-15T01:17:39+00:00
SAO_3766-10,São Paulo,3550308,True,,1055,,,-23.542361,-46.4705955,,,,1,2023-06-15T01:17:01+00:00
SAO_3766-10,São Paulo,3550308,True,,1055,,,-23.553675499999997,-46.427672,,,,1,2023-06-15T01:17:32+00:00
SAO_3766-10,São Paulo,3550308,True,,1055,,,-23.540125,-46.457967,,,,1,2023-06-15T01:17:18+00:00
SAO_3766-10,São Paulo,3550308,True,,1055,,,-23.5357615,-46.4382985,,,,1,2023-06-15T01:17:39+00:00
SAO_3766-10,São Paulo,3550308,True,,1055,,,-23.537956,-46.43841625,,,,1,2023-06-15T01:16:57+00:00
SAO_3766-10,São Paulo,3550308,True,,1055,,,-23.552189499999997,-46.428146,,,,1,2023-06-15T01:17:14+00:00
SAO_3766-10,São Paulo,3550308,True,,1055,,,-23.55267875,-46.4366695,,,,1,2023-06-15T01:17:22+00:00
SAO_4027-10,São Paulo,3550308,True,,33865,,,-23.620731,-46.458267500000005,,,,2,2023-06-15T01:17:25+00:00
SAO_4027-10,São Paulo,3550308,True,,33865,,,-23.5931925,-46.489129500000004,,,,2,2023-06-15T01:17:16+00:00
SAO_4027-10,São Paulo,3550308,True,,33865,,,-23.619839,-46.4569455,,,,2,2023-06-15T01:17:36+00:00
SAO_4027-10,São Paulo,3550308,True,,33865,,,-23.593152,-46.4890015,,,,2,2023-06-15T01:17:12+00:00
SAO_4027-10,São Paulo,3550308,True,,33865,,,-23.620103500000003,-46.45734675,,,,2,2023-06-15T01:17:13+00:00
SAO_4027-10,São Paulo,3550308,True,,33865,,,-23.592456937500003,-46.488848812499995,,,,2,2023-06-15T01:17:38+00:00
SAO_4027-10,São Paulo,3550308,True,,33865,,,-23.63848675,-46.4426305,,,,2,2023-06-15T01:17:24+00:00
SAO_4027-10,São Paulo,3550308,True,,33865,,,-23.627387,-46.44603,,,,2,2023-06-15T01:17:36+00:00
SAO_4017-10,São Paulo,3550308,True,,34958,,,-23.580644,-46.4041795,,,,2,2023-06-15T01:15:37+00:00
SAO_4017-10,São Paulo,3550308,True,,34958,,,-23.5831905,-46.406312,,,,2,2023-06-15T01:17:31+00:00
SAO_4017-10,São Paulo,3550308,True,,34958,,,-23.57445325,-46.393068,,,,2,2023-06-15T01:17:25+00:00
SAO_4017-10,São Paulo,3550308,True,,34958,,,-23.600949999999997,-46.399390499999996,,,,2,2023-06-15T01:17:17+00:00
SAO_6030-10,São Paulo,3550308,True,,1142,,,-23.653958125,-46.712061750000004,,,,1,2023-06-15T01:17:05+00:00
SAO_6030-10,São Paulo,3550308,True,,1142,,,-23.6539175,-46.710299500000005,,,,1,2023-06-15T01:17:22+00:00
SAO_6030-10,São Paulo,3550308,True,,1142,,,-23.70004375,-46.701075625,,,,1,2023-06-15T01:17:22+00:00
SAO_6030-10,São Paulo,3550308,True,,1142,,,-23.741073,-46.707885000000005,,,,1,2023-06-15T01:17:39+00:00
SAO_6030-10,São Paulo,3550308,True,,1142,,,-23.653856875,-46.71128025,,,,1,2023-06-15T01:17:23+00:00
SAO_6030-10,São Paulo,3550308,True,,1142,,,-23.6932205,-46.69864225,,,,1,2023-06-15T01:16:57+00:00
SAO_6030-10,São Paulo,3550308,True,,1142,,,-23.7093575,-46.699754999999996,,,,1,2023-06-15T01:17:41+00:00
SAO_6030-10,São Paulo,3550308,True,,1142,,,-23.72743325,-46.71354075000001,,,,1,2023-06-15T01:17:11+00:00
SAO_1156-10,São Paulo,3550308,True,,33427,,,-23.52702,-46.59906575,,,,2,2023-06-15T01:16:19+00:00
SAO_1156-10,São Paulo,3550308,True,,33427,,,-23.52744225,-46.59860475000001,,,,2,2023-06-15T01:12:24+00:00
SAO_1156-10,São Paulo,3550308,True,,33427,,,-23.52528375,-46.62766825,,,,2,2023-06-15T01:15:57+00:00
SAO_1156-10,São Paulo,3550308,True,,33427,,,-23.511423,-46.5865515,,,,2,2023-06-15T01:15:12+00:00
SAO_1156-10,São Paulo,3550308,True,,33427,,,-23.4874285,-46.568459749999995,,,,2,2023-06-15T01:17:16+00:00
SAO_1156-10,São Paulo,3550308,True,,33427,,,-23.49834025,-46.58669725,,,,2,2023-06-15T01:17:15+00:00
SAO_1156-10,São Paulo,3550308,True,,33427,,,-23.49523,-46.578210999999996,,,,2,2023-06-15T01:17:08+00:00
SAO_1156-10,São Paulo,3550308,True,,33427,,,-23.492534499999998,-46.574139,,,,2,2023-06-15T01:17:13+00:00
SAO_1156-10,São Paulo,3550308,True,,33427,,,-23.48941525,-46.571597749999995,,,,2,2023-06-15T01:15:54+00:00
SAO_8019-10,São Paulo,3550308,True,,34839,,,-23.54106225,-46.7598275,,,,2,2023-06-15T01:17:40+00:00
SAO_8019-10,São Paulo,3550308,True,,34839,,,-23.569272625,-46.715618375000005,,,,2,2023-06-15T01:16:58+00:00
SAO_4725-10,São Paulo,3550308,True,,33106,,,-23.618641750000002,-46.6191865,,,,2,2023-06-15T01:17:21+00:00
SAO_4725-10,São Paulo,3550308,True,,33106,,,-23.6335525,-46.6141865,,,,2,2023-06-15T01:17:25+00:00
SAO_4725-10,São Paulo,3550308,True,,33106,,,-23.611629,-46.6441945,,,,2,2023-06-15T01:17:12+00:00
SAO_637R-10,São Paulo,3550308,True,,32964,,,-23.677194,-46.759454,,,,2,2023-06-15T01:17:17+00:00
SAO_637R-10,São Paulo,3550308,True,,32964,,,-23.654109,-46.709678,,,,2,2023-06-15T01:17:11+00:00
SAO_637R-10,São Paulo,3550308,True,,32964,,,-23.6981015,-46.779298999999995,,,,2,2023-06-15T01:17:23+00:00
SAO_637R-10,São Paulo,3550308,True,,32964,,,-23.697619500000002,-46.77922,,,,2,2023-06-15T01:17:31+00:00
SAO_637R-10,São Paulo,3550308,True,,32964,,,-23.720212500000002,-46.769873624999995,,,,2,2023-06-15T01:17:24+00:00
SAO_637R-10,São Paulo,3550308,True,,32964,,,-23.677212500000003,-46.760749000000004,,,,2,2023-06-15T01:14:26+00:00
SAO_637R-10,São Paulo,3550308,True,,32964,,,-23.6675885,-46.730721,,,,2,2023-06-15T01:17:22+00:00
SAO_637R-10,São Paulo,3550308,True,,32964,,,-23.677204500000002,-46.75976,,,,2,2023-06-15T01:17:24+00:00
SAO_637R-10,São Paulo,3550308,True,,32964,,,-23.719981500000003,-46.769767374999994,,,,2,2023-06-15T01:17:05+00:00
SAO_637R-10,São Paulo,3550308,True,,32964,,,-23.7002325,-46.781121,,,,2,2023-06-15T01:16:01+00:00
SAO_637R-10,São Paulo,3550308,True,,32964,,,-23.667954,-46.732462,,,,2,2023-06-15T01:17:14+00:00
SAO_5141-10,São Paulo,3550308,True,,34393,,,-23.58616,-46.5332085,,,,2,2023-06-15T01:17:22+00:00
SAO_5141-10,São Paulo,3550308,True,,34393,,,-23.584126249999997,-46.5344075,,,,2,2023-06-15T01:16:59+00:00
SAO_5141-10,São Paulo,3550308,True,,34393,,,-23.6139405,-46.501206499999995,,,,2,2023-06-15T01:15:21+00:00
SAO_5141-10,São Paulo,3550308,True,,34393,,,-23.61459425,-46.500975,,,,2,2023-06-15T01:17:35+00:00
SAO_5141-10,São Paulo,3550308,True,,34393,,,-23.562537499999998,-46.573376374999995,,,,2,2023-06-15T01:17:03+00:00
SAO_5141-10,São Paulo,3550308,True,,34393,,,-23.553014500000003,-46.615337499999995,,,,2,2023-06-15T01:16:55+00:00
SAO_5141-10,São Paulo,3550308,True,,34393,,,-23.575366125000002,-46.55310425,,,,2,2023-06-15T01:17:12+00:00
SAO_3791-10,São Paulo,3550308,True,,33837,,,-23.5641745,-46.505159,,,,2,2023-06-15T01:17:09+00:00
SAO_3791-10,São Paulo,3550308,True,,33837,,,-23.548821,-46.5049185,,,,2,2023-06-15T01:17:35+00:00
SAO_3791-10,São Paulo,3550308,True,,33837,,,-23.5531515,-46.5130305,,,,2,2023-06-15T01:17:26+00:00
SAO_3791-10,São Paulo,3550308,True,,33837,,,-23.5414835,-46.4843695,,,,2,2023-06-15T01:17:08+00:00
SAO_3791-10,São Paulo,3550308,True,,33837,,,-23.541743500000003,-46.492151,,,,2,2023-06-15T01:17:02+00:00
SAO_3791-10,São Paulo,3550308,True,,33837,,,-23.5550325,-46.5135395,,,,2,2023-06-15T01:17:23+00:00
SAO_3791-10,São Paulo,3550308,True,,33837,,,-23.56468325,-46.50561075,,,,2,2023-06-15T01:17:28+00:00
SAO_3791-10,São Paulo,3550308,True,,33837,,,-23.5414835,-46.4843695,,,,2,2023-06-15T01:17:23+00:00
SAO_709A-10,São Paulo,3550308,True,,2092,,,-23.5880095,-46.672198249999994,,,,1,2023-06-15T01:17:33+00:00
SAO_709A-10,São Paulo,3550308,True,,2092,,,-23.6132095,-46.696375,,,,1,2023-06-15T01:17:30+00:00
SAO_709A-10,São Paulo,3550308,True,,2092,,,-23.60643825,-46.693220499999995,,,,1,2023-06-15T01:17:09+00:00
SAO_709A-10,São Paulo,3550308,True,,2092,,,-23.585711000000003,-46.64676287500001,,,,1,2023-06-15T01:17:26+00:00
SAO_502J-10,São Paulo,3550308,True,,34043,,,-23.653739875,-46.66676925,,,,2,2023-06-15T01:17:08+00:00
SAO_502J-10,São Paulo,3550308,True,,34043,,,-23.599649,-46.637840499999996,,,,2,2023-06-15T01:17:36+00:00
SAO_502J-10,São Paulo,3550308,True,,34043,,,-23.6742275,-46.663416999999995,,,,2,2023-06-15T01:17:00+00:00
SAO_502J-10,São Paulo,3550308,True,,34043,,,-23.706264,-46.688098,,,,2,2023-06-15T01:17:38+00:00
SAO_502J-10,São Paulo,3550308,True,,34043,,,-23.705,-46.688339,,,,2,2023-06-15T01:17:27+00:00
SAO_502J-10,São Paulo,3550308,True,,34043,,,-23.7060275,-46.6879755,,,,2,2023-06-15T01:17:02+00:00
SAO_502J-10,São Paulo,3550308,True,,34043,,,-23.675475249999998,-46.6608835,,,,2,2023-06-15T01:17:04+00:00
SAO_502J-10,São Paulo,3550308,True,,34043,,,-23.64570925,-46.66164775,,,,2,2023-06-15T01:17:34+00:00
SAO_502J-10,São Paulo,3550308,True,,34043,,,-23.6278265,-46.643551,,,,2,2023-06-15T01:17:17+00:00
SAO_502J-10,São Paulo,3550308,True,,34043,,,-23.6432155,-46.6597005,,,,2,2023-06-15T01:17:06+00:00
SAO_502J-10,São Paulo,3550308,True,,34043,,,-23.7060275,-46.6879755,,,,2,2023-06-15T01:17:29+00:00
SAO_502J-10,São Paulo,3550308,True,,34043,,,-23.705745,-46.687827999999996,,,,2,2023-06-15T01:16:56+00:00
SAO_675R-10,São Paulo,3550308,True,,109,,,-23.6499955,-46.6772475,,,,1,2023-06-15T01:17:34+00:00
SAO_675R-10,São Paulo,3550308,True,,109,,,-23.698259999999998,-46.700607500000004,,,,1,2023-06-15T01:17:38+00:00
SAO_675R-10,São Paulo,3550308,True,,109,,,-23.6553215,-46.6797525,,,,1,2023-06-15T01:17:35+00:00
SAO_675R-10,São Paulo,3550308,True,,109,,,-23.6469195,-46.662979500000006,,,,1,2023-06-15T01:17:31+00:00
SAO_8500-10,São Paulo,3550308,True,,34035,,,-23.484201,-46.721983,,,,2,2023-06-15T01:16:59+00:00
SAO_8500-10,São Paulo,3550308,True,,34035,,,-23.513319250000002,-46.70347975,,,,2,2023-06-15T01:17:14+00:00
SAO_8500-10,São Paulo,3550308,True,,34035,,,-23.485174,-46.724116499999994,,,,2,2023-06-15T01:17:20+00:00
SAO_8500-10,São Paulo,3550308,True,,34035,,,-23.502074999999998,-46.706272,,,,2,2023-06-15T01:17:24+00:00
SAO_8500-10,São Paulo,3550308,True,,34035,,,-23.521440249999998,-46.666835,,,,2,2023-06-15T01:17:20+00:00
SAO_8500-10,São Paulo,3550308,True,,34035,,,-23.523520249999997,-46.66461125000001,,,,2,2023-06-15T01:17:09+00:00
SAO_8500-10,São Paulo,3550308,True,,34035,,,-23.51377175,-46.7025705,,,,2,2023-06-15T01:17:40+00:00
SAO_8500-10,São Paulo,3550308,True,,34035,,,-23.4879175,-46.719041000000004,,,,2,2023-06-15T01:17:40+00:00
SAO_8500-10,São Paulo,3550308,True,,34035,,,-23.485965,-46.726443374999995,,,,2,2023-06-15T01:17:00+00:00
SAO_8072-10,São Paulo,3550308,True,,34847,,,-23.585890999999997,-46.730657,,,,2,2023-06-15T01:17:02+00:00
SAO_8072-10,São Paulo,3550308,True,,34847,,,-23.607095,-46.751127,,,,2,2023-06-15T01:17:28+00:00
SAO_8072-10,São Paulo,3550308,True,,34847,,,-23.6436085,-46.7634295,,,,2,2023-06-15T01:17:35+00:00
SAO_8072-10,São Paulo,3550308,True,,34847,,,-23.5999855,-46.747547499999996,,,,2,2023-06-15T01:17:41+00:00
SAO_8072-10,São Paulo,3550308,True,,34847,,,-23.61898825,-46.758286,,,,2,2023-06-15T01:17:39+00:00
SAO_8072-10,São Paulo,3550308,True,,34847,,,-23.635629,-46.759091,,,,2,2023-06-15T01:17:16+00:00
SAO_8072-10,São Paulo,3550308,True,,34847,,,-23.642163,-46.766020499999996,,,,2,2023-06-15T01:17:41+00:00
SAO_6076-10,São Paulo,3550308,True,,33933,,,-23.72155525,-46.69622075,,,,2,2023-06-15T01:17:16+00:00
SAO_6076-10,São Paulo,3550308,True,,33933,,,-23.718679,-46.699015,,,,2,2023-06-15T01:17:32+00:00
SAO_6076-10,São Paulo,3550308,True,,33933,,,-23.68741675,-46.702746250000004,,,,2,2023-06-15T01:17:06+00:00
SAO_6076-10,São Paulo,3550308,True,,33933,,,-23.661051999999998,-46.705649,,,,2,2023-06-15T01:17:03+00:00
SAO_6076-10,São Paulo,3550308,True,,33933,,,-23.734565500000002,-46.681527,,,,2,2023-06-15T01:17:18+00:00
SAO_6076-10,São Paulo,3550308,True,,33933,,,-23.722877500000003,-46.6915535,,,,2,2023-06-15T01:17:25+00:00
SAO_6076-10,São Paulo,3550308,True,,33933,,,-23.706274999999998,-46.70078,,,,2,2023-06-15T01:17:37+00:00
SAO_6076-10,São Paulo,3550308,True,,33933,,,-23.721926,-46.695498,,,,2,2023-06-15T01:17:10+00:00
SAO_6076-10,São Paulo,3550308,True,,33933,,,-23.721926,-46.695498,,,,2,2023-06-15T01:17:22+00:00
SAO_9011-10,São Paulo,3550308,True,,33646,,,-23.4680295,-46.6775685,,,,2,2023-06-15T01:17:31+00:00
SAO_9011-10,São Paulo,3550308,True,,33646,,,-23.4415015,-46.7334205,,,,2,2023-06-15T01:17:25+00:00
SAO_9011-10,São Paulo,3550308,True,,33646,,,-23.452272,-46.699917,,,,2,2023-06-15T01:17:35+00:00
SAO_9011-10,São Paulo,3550308,True,,33646,,,-23.45949,-46.6858405,,,,2,2023-06-15T01:16:59+00:00
SAO_9011-10,São Paulo,3550308,True,,33646,,,-23.4464295,-46.730996000000005,,,,2,2023-06-15T01:16:53+00:00
SAO_9011-10,São Paulo,3550308,True,,33646,,,-23.45467,-46.738116000000005,,,,2,2023-06-15T01:17:23+00:00
SAO_9011-10,São Paulo,3550308,True,,33646,,,-23.4421915,-46.732942,,,,2,2023-06-15T01:17:11+00:00
SAO_2060-10,São Paulo,3550308,True,,32902,,,-23.524318,-46.467209249999996,,,,2,2023-06-15T01:17:38+00:00
SAO_3736-10,São Paulo,3550308,True,,33804,,,-23.5448105,-46.484836,,,,2,2023-06-15T01:17:38+00:00
SAO_3736-10,São Paulo,3550308,True,,33804,,,-23.5514935,-46.478968,,,,2,2023-06-15T01:16:58+00:00
SAO_3736-10,São Paulo,3550308,True,,33804,,,-23.551332375,-46.47940787500001,,,,2,2023-06-15T01:17:10+00:00
SAO_3736-10,São Paulo,3550308,True,,33804,,,-23.559863999999997,-46.474433000000005,,,,2,2023-06-15T01:17:35+00:00
SAO_3736-10,São Paulo,3550308,True,,33804,,,-23.565630750000004,-46.4757065,,,,2,2023-06-15T01:17:12+00:00
SAO_3736-10,São Paulo,3550308,True,,33804,,,-23.5761605,-46.48341425,,,,2,2023-06-15T01:17:39+00:00
SAO_3736-10,São Paulo,3550308,True,,33804,,,-23.5750145,-46.481623,,,,2,2023-06-15T01:17:13+00:00
SAO_709P-10,São Paulo,3550308,True,,1993,,,-23.614905999999998,-46.6988705,,,,1,2023-06-15T01:17:10+00:00
SAO_709P-10,São Paulo,3550308,True,,1993,,,-23.588729999999998,-46.6875055,,,,1,2023-06-15T01:17:41+00:00
SAO_709P-10,São Paulo,3550308,True,,1993,,,-23.5830825,-46.6836435,,,,1,2023-06-15T01:17:02+00:00
SAO_709P-10,São Paulo,3550308,True,,1993,,,-23.656087,-46.723783499999996,,,,1,2023-06-15T01:17:20+00:00
SAO_3026-10,São Paulo,3550308,True,,962,,,-23.56026975,-46.411265,,,,1,2023-06-15T01:17:30+00:00
SAO_3026-10,São Paulo,3550308,True,,962,,,-23.58819475,-46.382870749999995,,,,1,2023-06-15T01:17:27+00:00
SAO_3026-10,São Paulo,3550308,True,,962,,,-23.56247725,-46.40630725,,,,1,2023-06-15T01:15:24+00:00
SAO_3026-10,São Paulo,3550308,True,,962,,,-23.586266000000002,-46.383145999999996,,,,1,2023-06-15T01:17:22+00:00
SAO_502J-22,São Paulo,3550308,True,,34875,,,-23.687965,-46.6639645,,,,2,2023-06-15T01:17:25+00:00
SAO_502J-22,São Paulo,3550308,True,,34875,,,-23.693212000000003,-46.674009,,,,2,2023-06-15T01:17:27+00:00
SAO_577T-10,São Paulo,3550308,True,,34059,,,-23.6532515,-46.649405,,,,2,2023-06-15T01:17:29+00:00
SAO_577T-10,São Paulo,3550308,True,,34059,,,-23.6833915,-46.634699499999996,,,,2,2023-06-15T01:17:14+00:00
SAO_577T-10,São Paulo,3550308,True,,34059,,,-23.600693062500003,-46.636764875,,,,2,2023-06-15T01:17:02+00:00
SAO_577T-10,São Paulo,3550308,True,,34059,,,-23.596467,-46.642531,,,,2,2023-06-15T01:17:27+00:00
SAO_577T-10,São Paulo,3550308,True,,34059,,,-23.6601455,-46.661299,,,,2,2023-06-15T01:16:49+00:00
SAO_577T-10,São Paulo,3550308,True,,34059,,,-23.61246775,-46.63803075,,,,2,2023-06-15T01:17:27+00:00
SAO_9500-10,São Paulo,3550308,True,,33229,,,-23.491877,-46.676823999999996,,,,2,2023-06-15T01:17:05+00:00
SAO_9500-10,São Paulo,3550308,True,,33229,,,-23.50554375,-46.669592249999994,,,,2,2023-06-15T01:16:16+00:00
SAO_9500-10,São Paulo,3550308,True,,33229,,,-23.5373795,-46.6416975,,,,2,2023-06-15T01:17:00+00:00
SAO_9500-10,São Paulo,3550308,True,,33229,,,-23.521440249999998,-46.666835,,,,2,2023-06-15T01:17:41+00:00
SAO_9500-10,São Paulo,3550308,True,,33229,,,-23.474438499999998,-46.669928999999996,,,,2,2023-06-15T01:16:52+00:00
SAO_9500-10,São Paulo,3550308,True,,33229,,,-23.4742495,-46.669781,,,,2,2023-06-15T01:17:37+00:00
SAO_9500-10,São Paulo,3550308,True,,33229,,,-23.48583225,-46.67501575,,,,2,2023-06-15T01:17:06+00:00
SAO_9500-10,São Paulo,3550308,True,,33229,,,-23.50628275,-46.666710875,,,,2,2023-06-15T01:17:39+00:00
SAO_9500-10,São Paulo,3550308,True,,33229,,,-23.481932999999998,-46.673136,,,,2,2023-06-15T01:17:04+00:00
SAO_1765-10,São Paulo,3550308,True,,34550,,,-23.4725195,-46.58820025,,,,2,2023-06-15T01:17:32+00:00
SAO_1765-10,São Paulo,3550308,True,,34550,,,-23.469286249999996,-46.57589425,,,,2,2023-06-15T01:17:05+00:00
SAO_1765-10,São Paulo,3550308,True,,34550,,,-23.46456725,-46.56879675,,,,2,2023-06-15T01:16:53+00:00
SAO_1765-10,São Paulo,3550308,True,,34550,,,-23.468558375,-46.567660000000004,,,,2,2023-06-15T01:16:06+00:00
SAO_1765-10,São Paulo,3550308,True,,34550,,,-23.467172,-46.56877125,,,,2,2023-06-15T01:17:11+00:00
SAO_1024-10,São Paulo,3550308,True,,2302,,,-23.48888,-46.698154,,,,1,2023-06-15T01:17:12+00:00
SAO_1024-10,São Paulo,3550308,True,,2302,,,-23.466738499999998,-46.6986495,,,,1,2023-06-15T01:17:21+00:00
SAO_1024-10,São Paulo,3550308,True,,2302,,,-23.459370999999997,-46.7081115,,,,1,2023-06-15T01:17:26+00:00
SAO_1024-10,São Paulo,3550308,True,,2302,,,-23.457783999999997,-46.705163,,,,1,2023-06-15T01:17:24+00:00
SAO_1024-10,São Paulo,3550308,True,,2302,,,-23.466172,-46.6990885,,,,1,2023-06-15T01:17:27+00:00
SAO_6837-10,São Paulo,3550308,True,,6,,,-23.61363675,-46.7410815,,,,1,2023-06-15T01:17:25+00:00
SAO_6837-10,São Paulo,3550308,True,,6,,,-23.648587499999998,-46.75938549999999,,,,1,2023-06-15T01:17:11+00:00
SAO_6837-10,São Paulo,3550308,True,,6,,,-23.623043,-46.763360000000006,,,,1,2023-06-15T01:16:58+00:00
SAO_6837-10,São Paulo,3550308,True,,6,,,-23.654061499999997,-46.763393,,,,1,2023-06-15T01:16:57+00:00
SAO_6837-10,São Paulo,3550308,True,,6,,,-23.62975625,-46.754374999999996,,,,1,2023-06-15T01:17:12+00:00
SAO_6837-10,São Paulo,3550308,True,,6,,,-23.6161065,-46.739967,,,,1,2023-06-15T01:17:39+00:00
SAO_6837-10,São Paulo,3550308,True,,6,,,-23.62691375,-46.7603345,,,,1,2023-06-15T01:17:31+00:00
SAO_6837-10,São Paulo,3550308,True,,6,,,-23.616613,-46.7572185,,,,1,2023-06-15T01:16:57+00:00
SAO_513C-10,São Paulo,3550308,True,,2535,,,-23.601392500000003,-46.5396365,,,,1,2023-06-15T01:17:28+00:00
SAO_513C-10,São Paulo,3550308,True,,2535,,,-23.612916,-46.4912505,,,,1,2023-06-15T01:17:14+00:00
SAO_513C-10,São Paulo,3550308,True,,2535,,,-23.606329000000002,-46.507915,,,,1,2023-06-15T01:17:29+00:00
SAO_2715-10,São Paulo,3550308,True,,33696,,,-23.528054875000002,-46.503378375,,,,2,2023-06-15T01:17:24+00:00
SAO_2715-10,São Paulo,3550308,True,,33696,,,-23.50654475,-46.500611875000004,,,,2,2023-06-15T01:17:39+00:00
SAO_2715-10,São Paulo,3550308,True,,33696,,,-23.530118,-46.501016500000006,,,,2,2023-06-15T01:17:42+00:00
SAO_2715-10,São Paulo,3550308,True,,33696,,,-23.520549000000003,-46.5031175,,,,2,2023-06-15T01:17:26+00:00
SAO_2715-10,São Paulo,3550308,True,,33696,,,-23.5034835,-46.5011415,,,,2,2023-06-15T01:17:07+00:00
SAO_2715-10,São Paulo,3550308,True,,33696,,,-23.529969375,-46.502511,,,,2,2023-06-15T01:17:24+00:00
SAO_4004-10,São Paulo,3550308,True,,2178,,,-23.5834605,-46.407391,,,,1,2023-06-15T01:17:28+00:00
SAO_4004-10,São Paulo,3550308,True,,2178,,,-23.5935375,-46.394116,,,,1,2023-06-15T01:17:21+00:00
SAO_4004-10,São Paulo,3550308,True,,2178,,,-23.5920095,-46.39401775,,,,1,2023-06-15T01:17:05+00:00
SAO_4004-10,São Paulo,3550308,True,,2178,,,-23.586943750000003,-46.406622999999996,,,,1,2023-06-15T01:16:23+00:00
SAO_6840-10,São Paulo,3550308,True,EMTU,201,https://moovitapp.com/index/pt-br/transporte_p%C3%BAblico-line-201-Sao_Paulo-242-2038937-58093160-0,20.4,-23.746769999999998,-46.796366250000005,,,,1,2023-06-15T01:17:33+00:00
SAO_6840-10,São Paulo,3550308,True,EMTU,201,https://moovitapp.com/index/pt-br/transporte_p%C3%BAblico-line-201-Sao_Paulo-242-2038937-58093160-0,20.4,-23.67780625,-46.77315425,,,,1,2023-06-15T01:17:01+00:00
SAO_6840-10,São Paulo,3550308,True,EMTU,201,https://moovitapp.com/index/pt-br/transporte_p%C3%BAblico-line-201-Sao_Paulo-242-2038937-58093160-0,20.4,-23.7035675,-46.783773499999995,,,,1,2023-06-15T01:17:35+00:00
SAO_6840-10,São Paulo,3550308,True,EMTU,201,https://moovitapp.com/index/pt-br/transporte_p%C3%BAblico-line-201-Sao_Paulo-242-2038937-58093160-0,20.4,-23.6549965,-46.762482000000006,,,,1,2023-06-15T01:17:25+00:00
SAO_6035-21,São Paulo,3550308,True,,34563,,,-23.720201000000003,-46.75602,,,,2,2023-06-15T01:17:06+00:00
SAO_6035-21,São Paulo,3550308,True,,34563,,,-23.7179085,-46.768158,,,,2,2023-06-15T01:17:16+00:00
SAO_6035-21,São Paulo,3550308,True,,34563,,,-23.708669,-46.771182249999995,,,,2,2023-06-15T01:17:06+00:00
SAO_6035-21,São Paulo,3550308,True,,34563,,,-23.694618,-46.762958749999996,,,,2,2023-06-15T01:17:26+00:00
SAO_573T-10,São Paulo,3550308,True,,34400,,,-23.574454000000003,-46.50493375,,,,2,2023-06-15T01:17:07+00:00
SAO_573T-10,São Paulo,3550308,True,,34400,,,-23.5935045,-46.4930725,,,,2,2023-06-15T01:17:08+00:00
SAO_573T-10,São Paulo,3550308,True,,34400,,,-23.557280499999997,-46.524401499999996,,,,2,2023-06-15T01:17:08+00:00
SAO_573T-10,São Paulo,3550308,True,,34400,,,-23.562568499999998,-46.515933000000004,,,,2,2023-06-15T01:17:34+00:00
SAO_573T-10,São Paulo,3550308,True,,34400,,,-23.545896,-46.543540500000006,,,,2,2023-06-15T01:17:40+00:00
SAO_573T-10,São Paulo,3550308,True,,34400,,,-23.61224325,-46.49385275,,,,2,2023-06-15T01:17:39+00:00
SAO_573T-10,São Paulo,3550308,True,,34400,,,-23.5838825,-46.493427499999996,,,,2,2023-06-15T01:17:12+00:00
SAO_573T-10,São Paulo,3550308,True,,34400,,,-23.614441499999998,-46.500118,,,,2,2023-06-15T01:17:33+00:00
SAO_573T-10,São Paulo,3550308,True,,34400,,,-23.61464675,-46.50130299999999,,,,2,2023-06-15T01:17:11+00:00
SAO_573T-10,São Paulo,3550308,True,,34400,,,-23.53745,-46.55661325,,,,2,2023-06-15T01:17:20+00:00
SAO_7057-10,São Paulo,3550308,True,,34665,,,-23.64904925,-46.78534475,,,,2,2023-06-15T01:17:19+00:00
SAO_7057-10,São Paulo,3550308,True,,34665,,,-23.64904925,-46.78534475,,,,2,2023-06-15T01:16:58+00:00
SAO_7057-10,São Paulo,3550308,True,,34665,,,-23.634623,-46.775131,,,,2,2023-06-15T01:17:36+00:00
SAO_6816-31,São Paulo,3550308,True,,1748,,,-23.652061,-46.773531000000006,,,,1,2023-06-15T01:17:12+00:00
SAO_971R-10,São Paulo,3550308,True,,33382,,,-23.4397915,-46.708363500000004,,,,2,2023-06-15T01:17:07+00:00
SAO_971R-10,São Paulo,3550308,True,,33382,,,-23.4536595,-46.737358,,,,2,2023-06-15T01:17:11+00:00
SAO_971R-10,São Paulo,3550308,True,,33382,,,-23.474617249999998,-46.66626375,,,,2,2023-06-15T01:17:08+00:00
SAO_971R-10,São Paulo,3550308,True,,33382,,,-23.4316975,-46.725563,,,,2,2023-06-15T01:16:48+00:00
SAO_971R-10,São Paulo,3550308,True,,33382,,,-23.501995,-46.625974,,,,2,2023-06-15T01:17:25+00:00
SAO_971R-10,São Paulo,3550308,True,,33382,,,-23.4629595,-46.682823,,,,2,2023-06-15T01:17:22+00:00
SAO_971R-10,São Paulo,3550308,True,,33382,,,-23.444501250000002,-46.70529775,,,,2,2023-06-15T01:17:24+00:00
SAO_971R-10,São Paulo,3550308,True,,33382,,,-23.4900695,-46.6507735,,,,2,2023-06-15T01:17:19+00:00
SAO_971R-10,São Paulo,3550308,True,,33382,,,-23.43866725,-46.729525249999995,,,,2,2023-06-15T01:17:15+00:00
SAO_971R-10,São Paulo,3550308,True,,33382,,,-23.43390975,-46.719890625,,,,2,2023-06-15T01:17:16+00:00
SAO_971R-10,São Paulo,3550308,True,,33382,,,-23.4947895,-46.64532025,,,,2,2023-06-15T01:17:34+00:00
SAO_971R-10,São Paulo,3550308,True,,33382,,,-23.468709,-46.6772595,,,,2,2023-06-15T01:17:14+00:00
SAO_971R-10,São Paulo,3550308,True,,33382,,,-23.463973,-46.68045425,,,,2,2023-06-15T01:17:36+00:00
SAO_971R-10,São Paulo,3550308,True,,33382,,,-23.4316975,-46.725563,,,,2,2023-06-15T01:15:08+00:00
SAO_971R-10,São Paulo,3550308,True,,33382,,,-23.454051,-46.737555,,,,2,2023-06-15T01:17:29+00:00
SAO_971R-10,São Paulo,3550308,True,,33382,,,-23.4536885,-46.73741,,,,2,2023-06-15T01:17:18+00:00
SAO_971R-10,São Paulo,3550308,True,,33382,,,-23.453908499999997,-46.7375045,,,,2,2023-06-15T01:16:56+00:00
SAO_857C-10,São Paulo,3550308,True,,34669,,,-23.638633249999998,-46.658302750000004,,,,2,2023-06-15T01:17:41+00:00
SAO_857C-10,São Paulo,3550308,True,,34669,,,-23.631797499999998,-46.7719915,,,,2,2023-06-15T01:17:07+00:00
SAO_857C-10,São Paulo,3550308,True,,34669,,,-23.6313825,-46.77286,,,,2,2023-06-15T01:17:37+00:00
SAO_857C-10,São Paulo,3550308,True,,34669,,,-23.62643125,-46.675810500000004,,,,2,2023-06-15T01:17:19+00:00
SAO_857C-10,São Paulo,3550308,True,,34669,,,-23.6476845,-46.763338000000005,,,,2,2023-06-15T01:17:17+00:00
SAO_857C-10,São Paulo,3550308,True,,34669,,,-23.6313825,-46.77286,,,,2,2023-06-15T01:17:10+00:00
SAO_857C-10,São Paulo,3550308,True,,34669,,,-23.640277,-46.746676,,,,2,2023-06-15T01:17:02+00:00
SAO_857C-10,São Paulo,3550308,True,,34669,,,-23.6313825,-46.77286,,,,2,2023-06-15T01:17:39+00:00
SAO_857C-10,São Paulo,3550308,True,,34669,,,-23.643703000000002,-46.701283000000004,,,,2,2023-06-15T01:17:15+00:00
SAO_2025-10,São Paulo,3550308,True,,2267,,,-23.486397,-46.608689749999996,,,,1,2023-06-15T01:17:03+00:00
SAO_2025-10,São Paulo,3550308,True,,2267,,,-23.4751065,-46.592967,,,,1,2023-06-15T01:17:16+00:00
SAO_2025-10,São Paulo,3550308,True,,2267,,,-23.4544635,-46.575821,,,,1,2023-06-15T01:17:09+00:00
SAO_702U-10,São Paulo,3550308,True,,1330,,,-23.552386499999997,-46.7320775,,,,1,2023-06-15T01:17:05+00:00
SAO_702U-10,São Paulo,3550308,True,,1330,,,-23.566491375000002,-46.68198112499999,,,,1,2023-06-15T01:17:09+00:00
SAO_702U-10,São Paulo,3550308,True,,1330,,,-23.5479645,-46.6488725,,,,1,2023-06-15T01:17:32+00:00
SAO_702U-10,São Paulo,3550308,True,,1330,,,-23.552137000000002,-46.634062,,,,1,2023-06-15T01:17:34+00:00
SAO_702U-10,São Paulo,3550308,True,,1330,,,-23.5725605,-46.704529,,,,1,2023-06-15T01:17:17+00:00
SAO_702U-10,São Paulo,3550308,True,,1330,,,-23.5660325,-46.738771,,,,1,2023-06-15T01:16:55+00:00
SAO_5010-10,São Paulo,3550308,True,,33882,,,-23.6578199375,-46.69702149999999,,,,2,2023-06-15T01:17:30+00:00
SAO_5010-10,São Paulo,3550308,True,,33882,,,-23.64322,-46.657120500000005,,,,2,2023-06-15T01:17:06+00:00
SAO_5010-10,São Paulo,3550308,True,,33882,,,-23.6554785,-46.701475,,,,2,2023-06-15T01:17:12+00:00
SAO_5010-10,São Paulo,3550308,True,,33882,,,-23.645137,-46.664572,,,,2,2023-06-15T01:17:14+00:00
SAO_5010-10,São Paulo,3550308,True,,33882,,,-23.645481,-46.664199999999994,,,,2,2023-06-15T01:17:12+00:00
SAO_5010-10,São Paulo,3550308,True,,33882,,,-23.65567875,-46.69288875,,,,2,2023-06-15T01:16:27+00:00
SAO_4011-10,São Paulo,3550308,True,,2184,,,-23.622194,-46.413724,,,,1,2023-06-15T01:16:51+00:00
SAO_4011-10,São Paulo,3550308,True,,2184,,,-23.595957,-46.452991250000004,,,,1,2023-06-15T01:17:28+00:00
SAO_4011-10,São Paulo,3550308,True,,2184,,,-23.6006985,-46.4703625,,,,1,2023-06-15T01:17:00+00:00
SAO_4011-10,São Paulo,3550308,True,,2184,,,-23.6091635,-46.426361,,,,1,2023-06-15T01:17:07+00:00
SAO_4011-10,São Paulo,3550308,True,,2184,,,-23.594598,-46.4421435,,,,1,2023-06-15T01:16:42+00:00
SAO_148P-10,São Paulo,3550308,True,EMTU,534,https://moovitapp.com/index/pt-br/transporte_p%C3%BAblico-line-534-Sao_Paulo-242-2038937-36419546-0,6.3,-23.46435,-46.650067,,,,1,2023-06-15T01:17:30+00:00
SAO_148P-10,São Paulo,3550308,True,EMTU,534,https://moovitapp.com/index/pt-br/transporte_p%C3%BAblico-line-534-Sao_Paulo-242-2038937-36419546-0,6.3,-23.4907135,-46.663463,,,,1,2023-06-15T01:17:18+00:00
SAO_148P-10,São Paulo,3550308,True,EMTU,534,https://moovitapp.com/index/pt-br/transporte_p%C3%BAblico-line-534-Sao_Paulo-242-2038937-36419546-0,6.3,-23.458786500000002,-46.6484685,,,,1,2023-06-15T01:17:16+00:00
SAO_148P-10,São Paulo,3550308,True,EMTU,534,https://moovitapp.com/index/pt-br/transporte_p%C3%BAblico-line-534-Sao_Paulo-242-2038937-36419546-0,6.3,-23.526382499999997,-46.6660375,,,,1,2023-06-15T01:17:12+00:00
SAO_4086-10,São Paulo,3550308,True,,35018,,,-23.597875,-46.392601,,,,2,2023-06-15T01:17:13+00:00
SAO_4086-10,São Paulo,3550308,True,,35018,,,-23.5829765,-46.40796,,,,2,2023-06-15T01:17:01+00:00
SAO_4086-10,São Paulo,3550308,True,,35018,,,-23.5835525,-46.408947,,,,2,2023-06-15T01:17:33+00:00
SAO_908T-10,São Paulo,3550308,True,,2116,,,-23.5733325,-46.676092749999995,,,,1,2023-06-15T01:16:17+00:00
SAO_908T-10,São Paulo,3550308,True,,2116,,,-23.573192,-46.704117499999995,,,,1,2023-06-15T01:16:41+00:00
SAO_908T-10,São Paulo,3550308,True,,2116,,,-23.566406625,-46.709893875,,,,1,2023-06-15T01:17:02+00:00
SAO_5143-10,São Paulo,3550308,True,,34396,,,-23.58485,-46.599600499999994,,,,2,2023-06-15T01:17:19+00:00
SAO_5143-10,São Paulo,3550308,True,,34396,,,-23.5849895,-46.582966,,,,2,2023-06-15T01:17:34+00:00
SAO_5143-10,São Paulo,3550308,True,,34396,,,-23.6069475,-46.509101,,,,2,2023-06-15T01:16:33+00:00
SAO_5143-10,São Paulo,3550308,True,,34396,,,-23.5873585,-46.59730275,,,,2,2023-06-15T01:17:15+00:00
SAO_5143-10,São Paulo,3550308,True,,34396,,,-23.614544,-46.500679,,,,2,2023-06-15T01:17:34+00:00
SAO_5024-10,São Paulo,3550308,True,,1122,,,-23.659697,-46.69745399999999,,,,1,2023-06-15T01:17:22+00:00
SAO_5024-10,São Paulo,3550308,True,,1122,,,-23.6870275,-46.6627535,,,,1,2023-06-15T01:17:34+00:00
SAO_5024-10,São Paulo,3550308,True,,1122,,,-23.654237000000002,-46.704584499999996,,,,1,2023-06-15T01:17:40+00:00
SAO_574A-10,São Paulo,3550308,True,,33370,,,-23.610191999999998,-46.637965,,,,2,2023-06-15T01:17:40+00:00
SAO_574A-10,São Paulo,3550308,True,,33370,,,-23.56448275,-46.6173095,,,,2,2023-06-15T01:17:25+00:00
SAO_574A-10,São Paulo,3550308,True,,33370,,,-23.58850975,-46.6346725,,,,2,2023-06-15T01:16:55+00:00
SAO_574A-10,São Paulo,3550308,True,,33370,,,-23.656443125000003,-46.636474500000006,,,,2,2023-06-15T01:17:32+00:00
SAO_574A-10,São Paulo,3550308,True,,33370,,,-23.664488249999998,-46.638079,,,,2,2023-06-15T01:17:30+00:00
SAO_574A-10,São Paulo,3550308,True,,33370,,,-23.668036,-46.642516,,,,2,2023-06-15T01:17:10+00:00
SAO_574A-10,São Paulo,3550308,True,,33370,,,-23.584331,-46.6276875,,,,2,2023-06-15T01:17:31+00:00
SAO_574A-10,São Paulo,3550308,True,,33370,,,-23.6462985,-46.64081,,,,2,2023-06-15T01:17:19+00:00
SAO_574A-10,São Paulo,3550308,True,,33370,,,-23.5825065,-46.627431,,,,2,2023-06-15T01:17:09+00:00
SAO_675G-10,São Paulo,3550308,True,ETT,106,https://moovitapp.com/index/pt-br/transporte_p%C3%BAblico-line-106-Sao_Paulo-242-876373-496508-0,5.3,-23.691787749999996,-46.69818975,,,,1,2023-06-15T01:17:33+00:00
SAO_675G-10,São Paulo,3550308,True,ETT,106,https://moovitapp.com/index/pt-br/transporte_p%C3%BAblico-line-106-Sao_Paulo-242-876373-496508-0,5.3,-23.744446,-46.6905335,,,,1,2023-06-15T01:17:28+00:00
SAO_675G-10,São Paulo,3550308,True,ETT,106,https://moovitapp.com/index/pt-br/transporte_p%C3%BAblico-line-106-Sao_Paulo-242-876373-496508-0,5.3,-23.6741185,-46.6780075,,,,1,2023-06-15T01:17:14+00:00
SAO_675G-10,São Paulo,3550308,True,ETT,106,https://moovitapp.com/index/pt-br/transporte_p%C3%BAblico-line-106-Sao_Paulo-242-876373-496508-0,5.3,-23.7427985,-46.6697255,,,,1,2023-06-15T01:16:00+00:00
SAO_675G-10,São Paulo,3550308,True,ETT,106,https://moovitapp.com/index/pt-br/transporte_p%C3%BAblico-line-106-Sao_Paulo-242-876373-496508-0,5.3,-23.639715125,-46.668864375,,,,1,2023-06-15T01:17:38+00:00
SAO_930P-10,São Paulo,3550308,True,,2115,,,-23.5659785,-46.702192499999995,,,,1,2023-06-15T01:17:14+00:00
SAO_930P-10,São Paulo,3550308,True,,2115,,,-23.543921375,-46.638149625,,,,1,2023-06-15T01:17:36+00:00
SAO_930P-10,São Paulo,3550308,True,,2115,,,-23.557089875000003,-46.659121750000004,,,,1,2023-06-15T01:17:09+00:00
SAO_930P-10,São Paulo,3550308,True,,2115,,,-23.565214249999997,-46.7010625,,,,1,2023-06-15T01:17:14+00:00
SAO_7550-10,São Paulo,3550308,True,,34861,,,-23.553257000000002,-46.640672,,,,2,2023-06-15T01:17:41+00:00
SAO_7550-10,São Paulo,3550308,True,,34861,,,-23.62236175,-46.684608999999995,,,,2,2023-06-15T01:17:28+00:00
SAO_7550-10,São Paulo,3550308,True,,34861,,,-23.5852155,-46.671037,,,,2,2023-06-15T01:17:35+00:00
SAO_7550-10,São Paulo,3550308,True,,34861,,,-23.641780124999997,-46.699149125000005,,,,2,2023-06-15T01:17:34+00:00
SAO_7550-10,São Paulo,3550308,True,,34861,,,-23.6171765,-46.681056999999996,,,,2,2023-06-15T01:17:40+00:00
SAO_7550-10,São Paulo,3550308,True,,34861,,,-23.643822999999998,-46.701106499999995,,,,2,2023-06-15T01:17:13+00:00
SAO_7550-10,São Paulo,3550308,True,,34861,,,-23.643996,-46.7012325,,,,2,2023-06-15T01:16:57+00:00
SAO_7550-10,São Paulo,3550308,True,,34861,,,-23.57136625,-46.652798250000004,,,,2,2023-06-15T01:17:40+00:00
SAO_3462-10,São Paulo,3550308,True,,33015,,,-23.522687749999996,-46.524844625,,,,2,2023-06-15T01:17:36+00:00
SAO_3462-10,São Paulo,3550308,True,,33015,,,-23.533555999999997,-46.48792625,,,,2,2023-06-15T01:16:04+00:00
SAO_3462-10,São Paulo,3550308,True,,33015,,,-23.533963,-46.457702,,,,2,2023-06-15T01:17:02+00:00
SAO_3462-10,São Paulo,3550308,True,,33015,,,-23.528605,-46.466348749999995,,,,2,2023-06-15T01:17:31+00:00
SAO_3462-10,São Paulo,3550308,True,,33015,,,-23.527654749999996,-46.4550565,,,,2,2023-06-15T01:17:02+00:00
SAO_745M-10,São Paulo,3550308,True,,33550,,,-23.66945775,-46.736089750000005,,,,2,2023-06-15T01:17:35+00:00
SAO_745M-10,São Paulo,3550308,True,,33550,,,-23.677987,-46.69691374999999,,,,2,2023-06-15T01:17:16+00:00
SAO_745M-10,São Paulo,3550308,True,,33550,,,-23.6740135,-46.7873975,,,,2,2023-06-15T01:17:35+00:00
SAO_745M-10,São Paulo,3550308,True,,33550,,,-23.6644105,-46.7067935,,,,2,2023-06-15T01:17:33+00:00
SAO_745M-10,São Paulo,3550308,True,,33550,,,-23.665126,-46.770593000000005,,,,2,2023-06-15T01:17:27+00:00
SAO_745M-10,São Paulo,3550308,True,,33550,,,-23.66959175,-46.776620375,,,,2,2023-06-15T01:17:19+00:00
SAO_745M-10,São Paulo,3550308,True,,33550,,,-23.630928500000003,-46.767601,,,,2,2023-06-15T01:17:02+00:00
SAO_745M-10,São Paulo,3550308,True,,33550,,,-23.6756205,-46.7574985,,,,2,2023-06-15T01:17:36+00:00
SAO_745M-10,São Paulo,3550308,True,,33550,,,-23.668899500000002,-46.734364,,,,2,2023-06-15T01:17:30+00:00
SAO_745M-10,São Paulo,3550308,True,,33550,,,-23.630699,-46.768204,,,,2,2023-06-15T01:17:15+00:00
SAO_745M-10,São Paulo,3550308,True,,33550,,,-23.660864375,-46.765167125000005,,,,2,2023-06-15T01:17:18+00:00
SAO_745M-10,São Paulo,3550308,True,,33550,,,-23.630817,-46.767892,,,,2,2023-06-15T01:17:11+00:00
SAO_745M-10,São Paulo,3550308,True,,33550,,,-23.630615499999998,-46.768413,,,,2,2023-06-15T01:17:12+00:00
SAO_7040-10,São Paulo,3550308,True,,776,,,-23.5758315,-46.687664999999996,,,,1,2023-06-15T01:17:04+00:00
SAO_7040-10,São Paulo,3550308,True,,776,,,-23.614402499999997,-46.721259,,,,1,2023-06-15T01:17:16+00:00
SAO_7040-10,São Paulo,3550308,True,,776,,,-23.5892665,-46.700748000000004,,,,1,2023-06-15T01:17:16+00:00
SAO_7040-10,São Paulo,3550308,True,,776,,,-23.597914,-46.7086635,,,,1,2023-06-15T01:17:17+00:00
SAO_7040-10,São Paulo,3550308,True,,776,,,-23.621796500000002,-46.727050500000004,,,,1,2023-06-15T01:17:08+00:00
SAO_7040-10,São Paulo,3550308,True,,776,,,-23.5656145,-46.6939165,,,,1,2023-06-15T01:17:18+00:00
SAO_7040-10,São Paulo,3550308,True,,776,,,-23.58474575,-46.68793075,,,,1,2023-06-15T01:12:05+00:00
SAO_7040-10,São Paulo,3550308,True,,776,,,-23.592136500000002,-46.704204000000004,,,,1,2023-06-15T01:17:08+00:00
SAO_7040-10,São Paulo,3550308,True,,776,,,-23.5747335,-46.68833275,,,,1,2023-06-15T01:17:32+00:00
SAO_7040-10,São Paulo,3550308,True,,776,,,-23.5730925,-46.689340875,,,,1,2023-06-15T01:16:59+00:00
SAO_6815-10,São Paulo,3550308,True,BR7 Mobilidade,25,https://moovitapp.com/index/pt-br/transporte_p%C3%BAblico-line-25-Sao_Paulo-242-851856-758720-0,5.75,-23.667395,-46.774474,,,,1,2023-06-15T01:17:14+00:00
SAO_6815-10,São Paulo,3550308,True,BR7 Mobilidade,25,https://moovitapp.com/index/pt-br/transporte_p%C3%BAblico-line-25-Sao_Paulo-242-851856-758720-0,5.75,-23.654274,-46.7625595,,,,1,2023-06-15T01:17:25+00:00
SAO_8100-10,São Paulo,3550308,True,,1262,,,-23.490551500000002,-46.731568,,,,1,2023-06-15T01:17:17+00:00
SAO_8100-10,São Paulo,3550308,True,,1262,,,-23.485745,-46.725733000000005,,,,1,2023-06-15T01:17:23+00:00
SAO_8100-10,São Paulo,3550308,True,,1262,,,-23.520094999999998,-46.700067000000004,,,,1,2023-06-15T01:17:02+00:00
SAO_8100-10,São Paulo,3550308,True,,1262,,,-23.494614249999998,-46.730642,,,,1,2023-06-15T01:17:33+00:00
SAO_637A-10,São Paulo,3550308,True,,185,,,-23.56614425,-46.70165525,,,,1,2023-06-15T01:17:27+00:00
SAO_637A-10,São Paulo,3550308,True,,185,,,-23.600743,-46.694897,,,,1,2023-06-15T01:16:02+00:00
SAO_637A-10,São Paulo,3550308,True,,185,,,-23.6759545,-46.7530775,,,,1,2023-06-15T01:17:19+00:00
SAO_637A-10,São Paulo,3550308,True,,185,,,-23.6759545,-46.7530775,,,,1,2023-06-15T01:17:15+00:00
SAO_637A-10,São Paulo,3550308,True,,185,,,-23.6112115,-46.6980975,,,,1,2023-06-15T01:17:09+00:00
SAO_637A-10,São Paulo,3550308,True,,185,,,-23.571013999999998,-46.690649,,,,1,2023-06-15T01:17:14+00:00
SAO_637A-10,São Paulo,3550308,True,,185,,,-23.6808705,-46.76568425,,,,1,2023-06-15T01:17:20+00:00
SAO_637A-10,São Paulo,3550308,True,,185,,,-23.603061500000003,-46.69571975,,,,1,2023-06-15T01:17:39+00:00
SAO_637A-10,São Paulo,3550308,True,,185,,,-23.59001725,-46.69107149999999,,,,1,2023-06-15T01:17:27+00:00
SAO_637A-10,São Paulo,3550308,True,,185,,,-23.6063885,-46.696898125000004,,,,1,2023-06-15T01:17:26+00:00
SAO_637A-10,São Paulo,3550308,True,,185,,,-23.610352499999998,-46.697885,,,,1,2023-06-15T01:17:19+00:00
SAO_637A-10,São Paulo,3550308,True,,185,,,-23.615395,-46.698980250000005,,,,1,2023-06-15T01:17:37+00:00
SAO_637A-10,São Paulo,3550308,True,,185,,,-23.6203225,-46.700261,,,,1,2023-06-15T01:17:08+00:00
SAO_5020-10,São Paulo,3550308,True,,1670,,,-23.600061,-46.599817,,,,1,2023-06-15T01:17:07+00:00
SAO_5020-10,São Paulo,3550308,True,,1670,,,-23.6026135,-46.602717,,,,1,2023-06-15T01:17:35+00:00
SAO_4029-10,São Paulo,3550308,True,,1099,,,-23.584286,-46.5815445,,,,1,2023-06-15T01:17:12+00:00
SAO_4029-10,São Paulo,3550308,True,,1099,,,-23.581540250000003,-46.55393675,,,,1,2023-06-15T01:17:03+00:00
SAO_4029-10,São Paulo,3550308,True,,1099,,,-23.57896075,-46.579645125,,,,1,2023-06-15T01:17:39+00:00
SAO_4029-10,São Paulo,3550308,True,,1099,,,-23.608943,-46.477615,,,,1,2023-06-15T01:17:05+00:00
SAO_4029-10,São Paulo,3550308,True,,1099,,,-23.581352,-46.565724,,,,1,2023-06-15T01:17:41+00:00
SAO_4029-10,São Paulo,3550308,True,,1099,,,-23.5857745,-46.580647,,,,1,2023-06-15T01:17:32+00:00
SAO_4029-10,São Paulo,3550308,True,,1099,,,-23.600597,-46.512117,,,,1,2023-06-15T01:17:24+00:00
SAO_4029-10,São Paulo,3550308,True,,1099,,,-23.597867,-46.5226035,,,,1,2023-06-15T01:17:19+00:00
SAO_4029-10,São Paulo,3550308,True,,1099,,,-23.611849250000002,-46.4877315,,,,1,2023-06-15T01:17:23+00:00
SAO_5015-10,São Paulo,3550308,True,,33887,,,-23.6701525,-46.642258,,,,2,2023-06-15T01:17:03+00:00
SAO_5015-10,São Paulo,3550308,True,,33887,,,-23.669967999999997,-46.641303,,,,2,2023-06-15T01:17:25+00:00
SAO_5015-10,São Paulo,3550308,True,,33887,,,-23.6809745,-46.642204,,,,2,2023-06-15T01:14:04+00:00
SAO_5015-10,São Paulo,3550308,True,,33887,,,-23.673295000000003,-46.6437625,,,,2,2023-06-15T01:17:30+00:00
SAO_5015-10,São Paulo,3550308,True,,33887,,,-23.650599,-46.640395,,,,2,2023-06-15T01:17:03+00:00
SAO_351F-10,São Paulo,3550308,True,,687,,,-23.4966375,-46.586422,,,,1,2023-06-15T01:14:31+00:00
SAO_351F-10,São Paulo,3550308,True,,687,,,-23.54988675,-46.573302999999996,,,,1,2023-06-15T01:17:33+00:00
SAO_351F-10,São Paulo,3550308,True,,687,,,-23.5484695,-46.564291499999996,,,,1,2023-06-15T01:14:46+00:00
SAO_351F-10,São Paulo,3550308,True,,687,,,-23.54671075,-46.58499875,,,,1,2023-06-15T01:17:27+00:00
SAO_351F-10,São Paulo,3550308,True,,687,,,-23.5602995,-46.521640000000005,,,,1,2023-06-15T01:17:05+00:00
SAO_9014-10,São Paulo,3550308,True,,1425,,,-23.5193815,-46.7004685,,,,1,2023-06-15T01:17:30+00:00
SAO_9014-10,São Paulo,3550308,True,,1425,,,-23.474323499999997,-46.7081875,,,,1,2023-06-15T01:17:19+00:00
SAO_9014-10,São Paulo,3550308,True,,1425,,,-23.496271999999998,-46.697748000000004,,,,1,2023-06-15T01:17:30+00:00
SAO_874C-10,São Paulo,3550308,True,,33245,,,-23.537047,-46.7249725,,,,2,2023-06-15T01:17:15+00:00
SAO_874C-10,São Paulo,3550308,True,,33245,,,-23.555764,-46.666589,,,,2,2023-06-15T01:17:33+00:00
SAO_874C-10,São Paulo,3550308,True,,33245,,,-23.5469285,-46.7609265,,,,2,2023-06-15T01:17:30+00:00
SAO_874C-10,São Paulo,3550308,True,,33245,,,-23.55351625,-46.672011,,,,2,2023-06-15T01:17:31+00:00
SAO_874C-10,São Paulo,3550308,True,,33245,,,-23.559489125,-46.658570499999996,,,,2,2023-06-15T01:17:36+00:00
SAO_874C-10,São Paulo,3550308,True,,33245,,,-23.552453999999997,-46.751202750000004,,,,2,2023-06-15T01:17:21+00:00
SAO_874C-10,São Paulo,3550308,True,,33245,,,-23.546825,-46.7609525,,,,2,2023-06-15T01:17:20+00:00
SAO_874C-10,São Paulo,3550308,True,,33245,,,-23.53707225,-46.72250775,,,,2,2023-06-15T01:17:34+00:00
SAO_7282-10,São Paulo,3550308,True,,33239,,,-23.5247235,-46.73667875,,,,2,2023-06-15T01:17:05+00:00
SAO_7282-10,São Paulo,3550308,True,,33239,,,-23.5454465,-46.692173999999994,,,,2,2023-06-15T01:17:11+00:00
SAO_7282-10,São Paulo,3550308,True,,33239,,,-23.5471235,-46.75737325,,,,2,2023-06-15T01:17:06+00:00
SAO_179X-10,São Paulo,3550308,True,STT,680,https://moovitapp.com/index/pt-br/transporte_p%C3%BAblico-line-680-Sao_Paulo-242-850661-183334-0,5.3,-23.432215,-46.571414000000004,,,,1,2023-06-15T01:17:18+00:00
SAO_179X-10,São Paulo,3550308,True,STT,680,https://moovitapp.com/index/pt-br/transporte_p%C3%BAblico-line-680-Sao_Paulo-242-850661-183334-0,5.3,-23.438595499999998,-46.581321,,,,1,2023-06-15T01:17:32+00:00
SAO_179X-10,São Paulo,3550308,True,STT,680,https://moovitapp.com/index/pt-br/transporte_p%C3%BAblico-line-680-Sao_Paulo-242-850661-183334-0,5.3,-23.5211915,-46.65701824999999,,,,1,2023-06-15T01:16:59+00:00
SAO_179X-10,São Paulo,3550308,True,STT,680,https://moovitapp.com/index/pt-br/transporte_p%C3%BAblico-line-680-Sao_Paulo-242-850661-183334-0,5.3,-23.4361655,-46.5769085,,,,1,2023-06-15T01:17:11+00:00
SAO_179X-10,São Paulo,3550308,True,STT,680,https://moovitapp.com/index/pt-br/transporte_p%C3%BAblico-line-680-Sao_Paulo-242-850661-183334-0,5.3,-23.4918165,-46.599834,,,,1,2023-06-15T01:17:11+00:00
SAO_179X-10,São Paulo,3550308,True,STT,680,https://moovitapp.com/index/pt-br/transporte_p%C3%BAblico-line-680-Sao_Paulo-242-850661-183334-0,5.3,-23.528343125,-46.635705,,,,1,2023-06-15T01:17:22+00:00
SAO_179X-10,São Paulo,3550308,True,STT,680,https://moovitapp.com/index/pt-br/transporte_p%C3%BAblico-line-680-Sao_Paulo-242-850661-183334-0,5.3,-23.4479325,-46.588702,,,,1,2023-06-15T01:17:05+00:00
SAO_2583-10,São Paulo,3550308,True,EMTU,375,https://moovitapp.com/index/pt-br/transporte_p%C3%BAblico-line-375-Sao_Paulo-242-2038937-36419449-0,11.7,-23.495649,-46.44248375000001,,,,1,2023-06-15T01:17:34+00:00
SAO_2583-10,São Paulo,3550308,True,EMTU,375,https://moovitapp.com/index/pt-br/transporte_p%C3%BAblico-line-375-Sao_Paulo-242-2038937-36419449-0,11.7,-23.5293885,-46.553996,,,,1,2023-06-15T01:17:16+00:00
SAO_5391-22,São Paulo,3550308,True,,1778,,,-23.643996,-46.7012325,,,,1,2023-06-15T01:16:05+00:00
SAO_5391-22,São Paulo,3550308,True,,1778,,,-23.65811275,-46.70672275,,,,1,2023-06-15T01:17:17+00:00
SAO_4005-10,São Paulo,3550308,True,,34947,,,-23.58888925,-46.394664,,,,2,2023-06-15T01:17:32+00:00
SAO_4005-10,São Paulo,3550308,True,,34947,,,-23.5934795,-46.40256325,,,,2,2023-06-15T01:17:35+00:00
SAO_4005-10,São Paulo,3550308,True,,34947,,,-23.58888925,-46.394664,,,,2,2023-06-15T01:17:39+00:00
SAO_4005-10,São Paulo,3550308,True,,34947,,,-23.58888925,-46.394664,,,,2,2023-06-15T01:16:56+00:00
SAO_4005-10,São Paulo,3550308,True,,34947,,,-23.593490250000002,-46.395737249999996,,,,2,2023-06-15T01:17:19+00:00
SAO_3001-10,São Paulo,3550308,True,,1650,,,-23.491656,-46.434244,,,,1,2023-06-15T01:17:31+00:00
SAO_3001-10,São Paulo,3550308,True,,1650,,,-23.494658,-46.426776000000004,,,,1,2023-06-15T01:17:03+00:00
SAO_3001-10,São Paulo,3550308,True,,1650,,,-23.513043500000002,-46.379485,,,,1,2023-06-15T01:11:54+00:00
SAO_6258-10,São Paulo,3550308,True,,1232,,,-23.653927,-46.710094,,,,1,2023-06-15T01:17:14+00:00
SAO_6258-10,São Paulo,3550308,True,,1232,,,-23.691460499999998,-46.746868500000005,,,,1,2023-06-15T01:17:02+00:00
SAO_6258-10,São Paulo,3550308,True,,1232,,,-23.6823905,-46.735449,,,,1,2023-06-15T01:17:22+00:00
SAO_6258-10,São Paulo,3550308,True,,1232,,,-23.667816000000002,-46.7312965,,,,1,2023-06-15T01:17:26+00:00
SAO_627J-10,São Paulo,3550308,True,,2056,,,-23.682060999999997,-46.633000499999994,,,,1,2023-06-15T01:17:14+00:00
SAO_627J-10,São Paulo,3550308,True,,2056,,,-23.681572000000003,-46.636480500000005,,,,1,2023-06-15T01:17:31+00:00
SAO_627J-10,São Paulo,3550308,True,,2056,,,-23.6283445,-46.6441835,,,,1,2023-06-15T01:17:12+00:00
SAO_627J-10,São Paulo,3550308,True,,2056,,,-23.63270675,-46.645305,,,,1,2023-06-15T01:16:56+00:00
SAO_627J-10,São Paulo,3550308,True,,2056,,,-23.6815025,-46.636117999999996,,,,1,2023-06-15T01:17:17+00:00
SAO_627J-10,São Paulo,3550308,True,,2056,,,-23.628226125,-46.643981375,,,,1,2023-06-15T01:16:28+00:00
SAO_208V-10,São Paulo,3550308,True,Rápido Campinas,207,https://moovitapp.com/index/pt-br/transporte_p%C3%BAblico-line-207-Sao_Paulo-242-858660-638984-0,5.3,-23.546762,-46.629915499999996,,,,1,2023-06-15T01:17:22+00:00
SAO_208V-10,São Paulo,3550308,True,Rápido Campinas,207,https://moovitapp.com/index/pt-br/transporte_p%C3%BAblico-line-207-Sao_Paulo-242-858660-638984-0,5.3,-23.517753,-46.475941500000005,,,,1,2023-06-15T01:17:33+00:00
SAO_208V-10,São Paulo,3550308,True,Rápido Campinas,207,https://moovitapp.com/index/pt-br/transporte_p%C3%BAblico-line-207-Sao_Paulo-242-858660-638984-0,5.3,-23.539987,-46.61139225,,,,1,2023-06-15T01:15:47+00:00
SAO_208V-10,São Paulo,3550308,True,Rápido Campinas,207,https://moovitapp.com/index/pt-br/transporte_p%C3%BAblico-line-207-Sao_Paulo-242-858660-638984-0,5.3,-23.5417405,-46.6146495,,,,1,2023-06-15T01:17:13+00:00
SAO_208V-10,São Paulo,3550308,True,Rápido Campinas,207,https://moovitapp.com/index/pt-br/transporte_p%C3%BAblico-line-207-Sao_Paulo-242-858660-638984-0,5.3,-23.5123885,-46.514519,,,,1,2023-06-15T01:17:21+00:00
SAO_208V-10,São Paulo,3550308,True,Rápido Campinas,207,https://moovitapp.com/index/pt-br/transporte_p%C3%BAblico-line-207-Sao_Paulo-242-858660-638984-0,5.3,-23.534973,-46.5792205,,,,1,2023-06-15T01:16:25+00:00
SAO_208V-10,São Paulo,3550308,True,Rápido Campinas,207,https://moovitapp.com/index/pt-br/transporte_p%C3%BAblico-line-207-Sao_Paulo-242-858660-638984-0,5.3,-23.517753,-46.475941500000005,,,,1,2023-06-15T01:17:30+00:00
SAO_1036-10,São Paulo,3550308,True,,2453,,,-23.448147,-46.708654499999994,,,,1,2023-06-15T01:17:04+00:00
SAO_1036-10,São Paulo,3550308,True,,2453,,,-23.483956499999998,-46.7107215,,,,1,2023-06-15T01:17:23+00:00
SAO_1036-10,São Paulo,3550308,True,,2453,,,-23.447775,-46.708842000000004,,,,1,2023-06-15T01:17:26+00:00
SAO_1036-10,São Paulo,3550308,True,,2453,,,-23.484478,-46.710665500000005,,,,1,2023-06-15T01:17:24+00:00
SAO_1036-10,São Paulo,3550308,True,,2453,,,-23.447775,-46.708842000000004,,,,1,2023-06-15T01:17:09+00:00
SAO_1036-10,São Paulo,3550308,True,,2453,,,-23.4664545,-46.714331,,,,1,2023-06-15T01:16:58+00:00
SAO_1036-10,São Paulo,3550308,True,,2453,,,-23.4837195,-46.7107265,,,,1,2023-06-15T01:17:13+00:00
SAO_8021-10,São Paulo,3550308,True,,34841,,,-23.5781675,-46.747704,,,,2,2023-06-15T01:17:33+00:00
SAO_3003-10,São Paulo,3550308,True,,1797,,,-23.4784465,-46.4200495,,,,1,2023-06-15T01:17:18+00:00
SAO_3003-10,São Paulo,3550308,True,,1797,,,-23.4857175,-46.40751625,,,,1,2023-06-15T01:17:38+00:00
SAO_2721-10,São Paulo,3550308,True,,33702,,,-23.50481475,-46.411331000000004,,,,2,2023-06-15T01:17:16+00:00
SAO_2721-10,São Paulo,3550308,True,,33702,,,-23.5271675,-46.446357,,,,2,2023-06-15T01:17:29+00:00
SAO_2721-10,São Paulo,3550308,True,,33702,,,-23.519723499999998,-46.4094305,,,,2,2023-06-15T01:17:22+00:00
SAO_2721-10,São Paulo,3550308,True,,33702,,,-23.507251,-46.40910825,,,,2,2023-06-15T01:17:27+00:00
SAO_2721-10,São Paulo,3550308,True,,33702,,,-23.503203499999998,-46.4398125,,,,2,2023-06-15T01:17:09+00:00
SAO_2721-10,São Paulo,3550308,True,,33702,,,-23.539161,-46.47103,,,,2,2023-06-15T01:17:31+00:00
SAO_2721-10,São Paulo,3550308,True,,33702,,,-23.535685,-46.454350000000005,,,,2,2023-06-15T01:17:36+00:00
SAO_2721-10,São Paulo,3550308,True,,33702,,,-23.541973499999997,-46.470946999999995,,,,2,2023-06-15T01:17:15+00:00
SAO_2721-10,São Paulo,3550308,True,,33702,,,-23.514179,-46.402629,,,,2,2023-06-15T01:17:11+00:00
SAO_2721-10,São Paulo,3550308,True,,33702,,,-23.496421499999997,-46.441998,,,,2,2023-06-15T01:17:13+00:00
SAO_2721-10,São Paulo,3550308,True,,33702,,,-23.510986000000003,-46.443539,,,,2,2023-06-15T01:17:04+00:00
SAO_695T-10,São Paulo,3550308,True,,34090,,,-23.597957,-46.648168,,,,2,2023-06-15T01:17:19+00:00
SAO_695T-10,São Paulo,3550308,True,,34090,,,-23.612098,-46.6702855,,,,2,2023-06-15T01:17:36+00:00
SAO_695T-10,São Paulo,3550308,True,,34090,,,-23.597293999999998,-46.6554255,,,,2,2023-06-15T01:17:05+00:00
SAO_695T-10,São Paulo,3550308,True,,34090,,,-23.654408500000002,-46.762060999999996,,,,2,2023-06-15T01:17:02+00:00
SAO_695T-10,São Paulo,3550308,True,,34090,,,-23.631871625000002,-46.688787625,,,,2,2023-06-15T01:17:07+00:00
SAO_695T-10,São Paulo,3550308,True,,34090,,,-23.6540245,-46.762589000000006,,,,2,2023-06-15T01:17:30+00:00
SAO_695T-10,São Paulo,3550308,True,,34090,,,-23.5948295,-46.636696,,,,2,2023-06-15T01:16:57+00:00
SAO_695T-10,São Paulo,3550308,True,,34090,,,-23.6545125,-46.761236499999995,,,,2,2023-06-15T01:16:58+00:00
SAO_695T-10,São Paulo,3550308,True,,34090,,,-23.64353475,-46.73348675,,,,2,2023-06-15T01:17:22+00:00
SAO_695T-10,São Paulo,3550308,True,,34090,,,-23.63706175,-46.6937715,,,,2,2023-06-15T01:17:42+00:00
SAO_695T-10,São Paulo,3550308,True,,34090,,,-23.651277,-46.757588999999996,,,,2,2023-06-15T01:17:22+00:00
SAO_695T-10,São Paulo,3550308,True,,34090,,,-23.64505,-46.7459375,,,,2,2023-06-15T01:17:10+00:00
SAO_6007-10,São Paulo,3550308,True,,176,,,-23.652874,-46.7341555,,,,1,2023-06-15T01:17:31+00:00
SAO_6007-10,São Paulo,3550308,True,,176,,,-23.66143125,-46.75717525,,,,1,2023-06-15T01:16:59+00:00
SAO_6007-10,São Paulo,3550308,True,,176,,,-23.654117499999998,-46.712132999999994,,,,1,2023-06-15T01:16:57+00:00
SAO_6007-10,São Paulo,3550308,True,,176,,,-23.67188625,-46.752508,,,,1,2023-06-15T01:17:23+00:00
SAO_6007-10,São Paulo,3550308,True,,176,,,-23.667810000000003,-46.731027499999996,,,,1,2023-06-15T01:17:10+00:00
SAO_967A-10,São Paulo,3550308,True,EMTU,568,https://moovitapp.com/index/pt-br/transporte_p%C3%BAblico-line-568-Sao_Paulo-242-2038937-36419565-0,7.8,-23.5852035,-46.6768855,,,,1,2023-06-15T01:17:09+00:00
SAO_967A-10,São Paulo,3550308,True,EMTU,568,https://moovitapp.com/index/pt-br/transporte_p%C3%BAblico-line-568-Sao_Paulo-242-2038937-36419565-0,7.8,-23.4804295,-46.656615,,,,1,2023-06-15T01:17:13+00:00
SAO_967A-10,São Paulo,3550308,True,EMTU,568,https://moovitapp.com/index/pt-br/transporte_p%C3%BAblico-line-568-Sao_Paulo-242-2038937-36419565-0,7.8,-23.570290999999997,-46.6516285,,,,1,2023-06-15T01:17:29+00:00
SAO_967A-10,São Paulo,3550308,True,EMTU,568,https://moovitapp.com/index/pt-br/transporte_p%C3%BAblico-line-568-Sao_Paulo-242-2038937-36419565-0,7.8,-23.5142025,-46.6546565,,,,1,2023-06-15T01:17:19+00:00
SAO_967A-10,São Paulo,3550308,True,EMTU,568,https://moovitapp.com/index/pt-br/transporte_p%C3%BAblico-line-568-Sao_Paulo-242-2038937-36419565-0,7.8,-23.4804295,-46.656615,,,,1,2023-06-15T01:17:27+00:00
SAO_967A-10,São Paulo,3550308,True,EMTU,568,https://moovitapp.com/index/pt-br/transporte_p%C3%BAblico-line-568-Sao_Paulo-242-2038937-36419565-0,7.8,-23.4804295,-46.656615,,,,1,2023-06-15T01:17:11+00:00
SAO_967A-10,São Paulo,3550308,True,EMTU,568,https://moovitapp.com/index/pt-br/transporte_p%C3%BAblico-line-568-Sao_Paulo-242-2038937-36419565-0,7.8,-23.4804295,-46.656615,,,,1,2023-06-15T01:17:37+00:00
SAO_967A-10,São Paulo,3550308,True,EMTU,568,https://moovitapp.com/index/pt-br/transporte_p%C3%BAblico-line-568-Sao_Paulo-242-2038937-36419565-0,7.8,-23.5850205,-46.68194475,,,,1,2023-06-15T01:17:29+00:00
SAO_967A-10,São Paulo,3550308,True,EMTU,568,https://moovitapp.com/index/pt-br/transporte_p%C3%BAblico-line-568-Sao_Paulo-242-2038937-36419565-0,7.8,-23.56998325,-46.691308250000006,,,,1,2023-06-15T01:17:23+00:00
SAO_778R-10,São Paulo,3550308,True,,33277,,,-23.572222,-46.700846999999996,,,,2,2023-06-15T01:17:16+00:00
SAO_778R-10,São Paulo,3550308,True,,33277,,,-23.571602375,-46.696492875000004,,,,2,2023-06-15T01:17:40+00:00
SAO_778R-10,São Paulo,3550308,True,,33277,,,-23.57169525,-46.7078775,,,,2,2023-06-15T01:17:32+00:00
SAO_1024-10,São Paulo,3550308,True,,35070,,,-23.460870999999997,-46.708670999999995,,,,2,2023-06-15T01:17:11+00:00
SAO_1024-10,São Paulo,3550308,True,,35070,,,-23.457365,-46.703833,,,,2,2023-06-15T01:17:00+00:00
SAO_1024-10,São Paulo,3550308,True,,35070,,,-23.484823,-46.6958055,,,,2,2023-06-15T01:17:24+00:00
SAO_1024-10,São Paulo,3550308,True,,35070,,,-23.461024000000002,-46.708865,,,,2,2023-06-15T01:17:00+00:00
SAO_1024-10,São Paulo,3550308,True,,35070,,,-23.458357,-46.706291500000006,,,,2,2023-06-15T01:17:23+00:00
SAO_1024-10,São Paulo,3550308,True,,35070,,,-23.457645499999998,-46.7053405,,,,2,2023-06-15T01:17:26+00:00
SAO_1024-10,São Paulo,3550308,True,,35070,,,-23.471162,-46.6982345,,,,2,2023-06-15T01:17:19+00:00
SAO_1024-10,São Paulo,3550308,True,,35070,,,-23.461102,-46.708983,,,,2,2023-06-15T01:17:08+00:00
SAO_1024-10,São Paulo,3550308,True,,35070,,,-23.4611935,-46.70918,,,,2,2023-06-15T01:17:26+00:00
SAO_1024-10,São Paulo,3550308,True,,35070,,,-23.4892355,-46.6982065,,,,2,2023-06-15T01:17:09+00:00
SAO_4008-10,São Paulo,3550308,True,,34950,,,-23.576923999999998,-46.437244,,,,2,2023-06-15T01:17:01+00:00
SAO_4008-10,São Paulo,3550308,True,,34950,,,-23.569056125000003,-46.50882075,,,,2,2023-06-15T01:14:53+00:00
SAO_4008-10,São Paulo,3550308,True,,34950,,,-23.583575500000002,-46.4946405,,,,2,2023-06-15T01:17:02+00:00
SAO_9501-10,São Paulo,3550308,True,EMTU,462,https://moovitapp.com/index/pt-br/transporte_p%C3%BAblico-line-462-Sao_Paulo-242-2038937-36419502-0,7.4,-23.5175805,-46.68139975,,,,1,2023-06-15T01:17:38+00:00
SAO_9501-10,São Paulo,3550308,True,EMTU,462,https://moovitapp.com/index/pt-br/transporte_p%C3%BAblico-line-462-Sao_Paulo-242-2038937-36419502-0,7.4,-23.475306,-46.6698155,,,,1,2023-06-15T01:17:12+00:00
SAO_9501-10,São Paulo,3550308,True,EMTU,462,https://moovitapp.com/index/pt-br/transporte_p%C3%BAblico-line-462-Sao_Paulo-242-2038937-36419502-0,7.4,-23.475306,-46.6698155,,,,1,2023-06-15T01:17:28+00:00
SAO_9501-10,São Paulo,3550308,True,EMTU,462,https://moovitapp.com/index/pt-br/transporte_p%C3%BAblico-line-462-Sao_Paulo-242-2038937-36419502-0,7.4,-23.5434615,-46.637875,,,,1,2023-06-15T01:17:20+00:00
SAO_9501-10,São Paulo,3550308,True,EMTU,462,https://moovitapp.com/index/pt-br/transporte_p%C3%BAblico-line-462-Sao_Paulo-242-2038937-36419502-0,7.4,-23.508459000000002,-46.689606500000004,,,,1,2023-06-15T01:16:40+00:00
SAO_9501-10,São Paulo,3550308,True,EMTU,462,https://moovitapp.com/index/pt-br/transporte_p%C3%BAblico-line-462-Sao_Paulo-242-2038937-36419502-0,7.4,-23.518904,-46.6765535,,,,1,2023-06-15T01:17:13+00:00
SAO_9501-10,São Paulo,3550308,True,EMTU,462,https://moovitapp.com/index/pt-br/transporte_p%C3%BAblico-line-462-Sao_Paulo-242-2038937-36419502-0,7.4,-23.476276499999997,-46.672401,,,,1,2023-06-15T01:17:36+00:00
SAO_9501-10,São Paulo,3550308,True,EMTU,462,https://moovitapp.com/index/pt-br/transporte_p%C3%BAblico-line-462-Sao_Paulo-242-2038937-36419502-0,7.4,-23.523119562499996,-46.6516929375,,,,1,2023-06-15T01:17:25+00:00
SAO_477U-10,São Paulo,3550308,True,,33074,,,-23.6012135,-46.599020499999995,,,,2,2023-06-15T01:17:37+00:00
SAO_477U-10,São Paulo,3550308,True,,33074,,,-23.589358500000003,-46.6337405,,,,2,2023-06-15T01:17:04+00:00
SAO_7903-10,São Paulo,3550308,True,,512,,,-23.5605665,-46.671968,,,,1,2023-06-15T01:17:08+00:00
SAO_3020-10,São Paulo,3550308,True,,33726,,,-23.533158999999998,-46.4488585,,,,2,2023-06-15T01:17:27+00:00
SAO_3020-10,São Paulo,3550308,True,,33726,,,-23.5613685,-46.480107000000004,,,,2,2023-06-15T01:17:06+00:00
SAO_3020-10,São Paulo,3550308,True,,33726,,,-23.551389,-46.463671500000004,,,,2,2023-06-15T01:17:08+00:00
SAO_3020-10,São Paulo,3550308,True,,33726,,,-23.5541225,-46.434273,,,,2,2023-06-15T01:17:22+00:00
SAO_3020-10,São Paulo,3550308,True,,33726,,,-23.567818,-46.506119,,,,2,2023-06-15T01:17:12+00:00
SAO_2780-10,São Paulo,3550308,True,,33167,,,-23.54373,-46.460348499999995,,,,2,2023-06-15T01:17:11+00:00
SAO_2780-10,São Paulo,3550308,True,,33167,,,-23.5083085,-46.372563,,,,2,2023-06-15T01:17:37+00:00
SAO_2780-10,São Paulo,3550308,True,,33167,,,-23.504025,-46.3795905,,,,2,2023-06-15T01:17:19+00:00
SAO_2780-10,São Paulo,3550308,True,,33167,,,-23.5086895,-46.431651,,,,2,2023-06-15T01:15:37+00:00
SAO_8000-10,São Paulo,3550308,True,,1273,,,-23.532315500000003,-46.65835775000001,,,,1,2023-06-15T01:17:14+00:00
SAO_8000-10,São Paulo,3550308,True,,1273,,,-23.520449499999998,-46.6996115,,,,1,2023-06-15T01:17:21+00:00
SAO_8000-10,São Paulo,3550308,True,,1273,,,-23.52577625,-46.67950425,,,,1,2023-06-15T01:17:02+00:00
SAO_8000-10,São Paulo,3550308,True,,1273,,,-23.523933624999998,-46.700531624999996,,,,1,2023-06-15T01:17:16+00:00
SAO_8000-10,São Paulo,3550308,True,,1273,,,-23.541449749999998,-46.64195125,,,,1,2023-06-15T01:17:41+00:00
SAO_978A-10,São Paulo,3550308,True,,1369,,,-23.483924,-46.679664,,,,1,2023-06-15T01:17:38+00:00
SAO_978A-10,São Paulo,3550308,True,,1369,,,-23.4756295,-46.6704885,,,,1,2023-06-15T01:17:02+00:00
SAO_978A-10,São Paulo,3550308,True,,1369,,,-23.518904,-46.6765535,,,,1,2023-06-15T01:17:08+00:00
SAO_978A-10,São Paulo,3550308,True,,1369,,,-23.4756295,-46.6704885,,,,1,2023-06-15T01:17:16+00:00
SAO_978A-10,São Paulo,3550308,True,,1369,,,-23.4756295,-46.6704885,,,,1,2023-06-15T01:17:08+00:00
SAO_978A-10,São Paulo,3550308,True,,1369,,,-23.4756295,-46.6704885,,,,1,2023-06-15T01:17:30+00:00
SAO_978A-10,São Paulo,3550308,True,,1369,,,-23.4756295,-46.6704885,,,,1,2023-06-15T01:17:35+00:00
SAO_978A-10,São Paulo,3550308,True,,1369,,,-23.4756295,-46.6704885,,,,1,2023-06-15T01:17:13+00:00
SAO_6010-10,São Paulo,3550308,True,,33970,,,-23.6934315,-46.794145,,,,2,2023-06-15T01:17:32+00:00
SAO_6010-10,São Paulo,3550308,True,,33970,,,-23.670354000000003,-46.7569445,,,,2,2023-06-15T01:17:23+00:00
SAO_6010-10,São Paulo,3550308,True,,33970,,,-23.660007875,-46.772695,,,,2,2023-06-15T01:17:25+00:00
SAO_6010-10,São Paulo,3550308,True,,33970,,,-23.670181999999997,-46.764212,,,,2,2023-06-15T01:17:18+00:00
SAO_6010-10,São Paulo,3550308,True,,33970,,,-23.667592,-46.7354985,,,,2,2023-06-15T01:17:08+00:00
SAO_6010-10,São Paulo,3550308,True,,33970,,,-23.670563,-46.74417,,,,2,2023-06-15T01:17:12+00:00
SAO_6010-10,São Paulo,3550308,True,,33970,,,-23.693738000000003,-46.794335000000004,,,,2,2023-06-15T01:16:58+00:00
SAO_6010-10,São Paulo,3550308,True,,33970,,,-23.689728000000002,-46.795007,,,,2,2023-06-15T01:17:22+00:00
SAO_6010-10,São Paulo,3550308,True,,33970,,,-23.667308249999998,-46.7648715,,,,2,2023-06-15T01:17:36+00:00
SAO_7006-51,São Paulo,3550308,True,,34765,,,-23.723392625,-46.78544775,,,,2,2023-06-15T01:17:26+00:00
SAO_7006-51,São Paulo,3550308,True,,34765,,,-23.694167,-46.7797535,,,,2,2023-06-15T01:17:32+00:00
SAO_7006-51,São Paulo,3550308,True,,34765,,,-23.6905325,-46.774566500000006,,,,2,2023-06-15T01:17:40+00:00
SAO_7006-51,São Paulo,3550308,True,,34765,,,-23.682668,-46.7694715,,,,2,2023-06-15T01:17:37+00:00
SAO_7006-51,São Paulo,3550308,True,,34765,,,-23.668696,-46.7730905,,,,2,2023-06-15T01:17:24+00:00
SAO_7006-51,São Paulo,3550308,True,,34765,,,-23.71184525,-46.782389,,,,2,2023-06-15T01:17:05+00:00
SAO_7006-51,São Paulo,3550308,True,,34765,,,-23.748776250000002,-46.780923,,,,2,2023-06-15T01:17:06+00:00
SAO_342M-10,São Paulo,3550308,True,,33515,,,-23.522380500000004,-46.550728750000005,,,,2,2023-06-15T01:17:36+00:00
SAO_342M-10,São Paulo,3550308,True,,33515,,,-23.55342375,-46.52788325,,,,2,2023-06-15T01:17:37+00:00
SAO_342M-10,São Paulo,3550308,True,,33515,,,-23.518709,-46.546899499999995,,,,2,2023-06-15T01:17:23+00:00
SAO_342M-10,São Paulo,3550308,True,,33515,,,-23.533128249999997,-46.5607055,,,,2,2023-06-15T01:17:06+00:00
SAO_342M-10,São Paulo,3550308,True,,33515,,,-23.580451500000002,-46.5002865,,,,2,2023-06-15T01:17:28+00:00
SAO_342M-10,São Paulo,3550308,True,,33515,,,-23.613857,-46.476304,,,,2,2023-06-15T01:17:28+00:00
SAO_342M-10,São Paulo,3550308,True,,33515,,,-23.5929201875,-46.488674562499995,,,,2,2023-06-15T01:17:32+00:00
SAO_342M-10,São Paulo,3550308,True,,33515,,,-23.5290285,-46.5542195,,,,2,2023-06-15T01:17:22+00:00
SAO_342M-10,São Paulo,3550308,True,,33515,,,-23.518709,-46.546899499999995,,,,2,2023-06-15T01:17:17+00:00
SAO_342M-10,São Paulo,3550308,True,,33515,,,-23.593915375,-46.4882985,,,,2,2023-06-15T01:17:04+00:00
SAO_342M-10,São Paulo,3550308,True,,33515,,,-23.604898499999997,-46.480576,,,,2,2023-06-15T01:17:37+00:00
SAO_342M-10,São Paulo,3550308,True,,33515,,,-23.522961000000002,-46.551280500000004,,,,2,2023-06-15T01:17:01+00:00
SAO_342M-10,São Paulo,3550308,True,,33515,,,-23.5608005,-46.5190595,,,,2,2023-06-15T01:17:12+00:00
SAO_342M-10,São Paulo,3550308,True,,33515,,,-23.546017499999998,-46.543262,,,,2,2023-06-15T01:16:57+00:00
SAO_342M-10,São Paulo,3550308,True,,33515,,,-23.518709,-46.546899499999995,,,,2,2023-06-15T01:14:36+00:00
SAO_342M-10,São Paulo,3550308,True,,33515,,,-23.558028999999998,-46.522641500000006,,,,2,2023-06-15T01:17:29+00:00
SAO_817C-10,São Paulo,3550308,True,,1337,,,-23.53789525,-46.697616249999996,,,,1,2023-06-15T01:17:09+00:00
SAO_817C-10,São Paulo,3550308,True,,1337,,,-23.5506355,-46.67888,,,,1,2023-06-15T01:17:18+00:00
SAO_817C-10,São Paulo,3550308,True,,1337,,,-23.5217005,-46.700518,,,,1,2023-06-15T01:17:28+00:00
SAO_5034-10,São Paulo,3550308,True,,34431,,,-23.64952725,-46.59475825,,,,2,2023-06-15T01:16:53+00:00
SAO_5034-10,São Paulo,3550308,True,,34431,,,-23.612244,-46.600545499999996,,,,2,2023-06-15T01:17:36+00:00
SAO_5034-10,São Paulo,3550308,True,,34431,,,-23.640597624999998,-46.59699225,,,,2,2023-06-15T01:17:01+00:00
SAO_5034-10,São Paulo,3550308,True,,34431,,,-23.6530245,-46.602299,,,,2,2023-06-15T01:17:34+00:00
SAO_5034-10,São Paulo,3550308,True,,34431,,,-23.6216335,-46.602079,,,,2,2023-06-15T01:17:05+00:00
SAO_8016-10,São Paulo,3550308,True,,34114,,,-23.485832000000002,-46.7260735,,,,2,2023-06-15T01:17:34+00:00
SAO_8016-10,São Paulo,3550308,True,,34114,,,-23.485832000000002,-46.7260735,,,,2,2023-06-15T01:17:17+00:00
SAO_8016-10,São Paulo,3550308,True,,34114,,,-23.483257,-46.722525000000005,,,,2,2023-06-15T01:17:03+00:00
SAO_8016-10,São Paulo,3550308,True,,34114,,,-23.4529475,-46.718768499999996,,,,2,2023-06-15T01:17:07+00:00
SAO_8016-10,São Paulo,3550308,True,,34114,,,-23.443813499999997,-46.735476500000004,,,,2,2023-06-15T01:17:38+00:00
SAO_8016-10,São Paulo,3550308,True,,34114,,,-23.4529475,-46.718768499999996,,,,2,2023-06-15T01:17:21+00:00
SAO_3742-10,São Paulo,3550308,True,,33810,,,-23.5423835,-46.470721999999995,,,,2,2023-06-15T01:17:24+00:00
SAO_3742-10,São Paulo,3550308,True,,33810,,,-23.59472,-46.443221,,,,2,2023-06-15T01:17:31+00:00
SAO_3742-10,São Paulo,3550308,True,,33810,,,-23.542009,-46.448923750000006,,,,2,2023-06-15T01:17:21+00:00
SAO_3742-10,São Paulo,3550308,True,,33810,,,-23.6044225,-46.434561,,,,2,2023-06-15T01:17:00+00:00
SAO_3742-10,São Paulo,3550308,True,,33810,,,-23.568341,-46.447227999999996,,,,2,2023-06-15T01:17:21+00:00
SAO_3742-10,São Paulo,3550308,True,,33810,,,-23.604078,-46.434476000000004,,,,2,2023-06-15T01:17:00+00:00
SAO_3742-10,São Paulo,3550308,True,,33810,,,-23.56382975,-46.44634175,,,,2,2023-06-15T01:17:15+00:00
SAO_6071-10,São Paulo,3550308,True,,1156,,,-23.7279565,-46.683702,,,,1,2023-06-15T01:17:33+00:00
SAO_6071-10,São Paulo,3550308,True,,1156,,,-23.68253,-46.693040499999995,,,,1,2023-06-15T01:17:12+00:00
SAO_6071-10,São Paulo,3550308,True,,1156,,,-23.65399,-46.71233,,,,1,2023-06-15T01:17:19+00:00
SAO_6071-10,São Paulo,3550308,True,,1156,,,-23.723359000000002,-46.6796825,,,,1,2023-06-15T01:17:29+00:00
SAO_6071-10,São Paulo,3550308,True,,1156,,,-23.655540000000002,-46.704651874999996,,,,1,2023-06-15T01:16:57+00:00
SAO_3004-10,São Paulo,3550308,True,,1798,,,-23.48431625,-46.43285025,,,,1,2023-06-15T01:17:40+00:00
SAO_1021-10,São Paulo,3550308,True,,33601,,,-23.4443355,-46.712196000000006,,,,2,2023-06-15T01:17:26+00:00
SAO_1021-10,São Paulo,3550308,True,,33601,,,-23.463771,-46.7209065,,,,2,2023-06-15T01:17:20+00:00
SAO_6835-10,São Paulo,3550308,True,,32780,,,-23.66952,-46.773173,,,,2,2023-06-15T01:17:38+00:00
SAO_6835-10,São Paulo,3550308,True,,32780,,,-23.6786875,-46.77878275,,,,2,2023-06-15T01:17:39+00:00
SAO_6835-10,São Paulo,3550308,True,,32780,,,-23.685891249999997,-46.80004425,,,,2,2023-06-15T01:17:39+00:00
SAO_6835-10,São Paulo,3550308,True,,32780,,,-23.656349,-46.7631455,,,,2,2023-06-15T01:17:22+00:00
SAO_4315-10,São Paulo,3550308,True,,2175,,,-23.5427185625,-46.58466556250001,,,,1,2023-06-15T01:17:39+00:00
SAO_4315-10,São Paulo,3550308,True,,2175,,,-23.54620025,-46.63007,,,,1,2023-06-15T01:17:16+00:00
SAO_4315-10,São Paulo,3550308,True,,2175,,,-23.539800875,-46.557464375,,,,1,2023-06-15T01:17:16+00:00
SAO_4315-10,São Paulo,3550308,True,,2175,,,-23.557861,-46.522673,,,,1,2023-06-15T01:17:20+00:00
SAO_4315-10,São Paulo,3550308,True,,2175,,,-23.53838775,-46.557846874999996,,,,1,2023-06-15T01:16:23+00:00
SAO_4315-10,São Paulo,3550308,True,,2175,,,-23.550600000000003,-46.5330275,,,,1,2023-06-15T01:16:59+00:00
SAO_172N-10,São Paulo,3550308,True,,33432,,,-23.515946749999998,-46.61641775,,,,2,2023-06-15T01:17:17+00:00
SAO_172N-10,São Paulo,3550308,True,,33432,,,-23.54076375,-46.5928845,,,,2,2023-06-15T01:17:29+00:00
SAO_172N-10,São Paulo,3550308,True,,33432,,,-23.51001425,-46.61829375,,,,2,2023-06-15T01:17:22+00:00
SAO_172N-10,São Paulo,3550308,True,,33432,,,-23.514658750000002,-46.586711625,,,,2,2023-06-15T01:17:06+00:00
SAO_172N-10,São Paulo,3550308,True,,33432,,,-23.505024,-46.591554,,,,2,2023-06-15T01:16:59+00:00
SAO_172N-10,São Paulo,3550308,True,,33432,,,-23.512406249999998,-46.6256385,,,,2,2023-06-15T01:16:58+00:00
SAO_172N-10,São Paulo,3550308,True,,33432,,,-23.5098715,-46.587644,,,,2,2023-06-15T01:17:35+00:00
SAO_172N-10,São Paulo,3550308,True,,33432,,,-23.4998845,-46.623764249999994,,,,2,2023-06-15T01:17:17+00:00
SAO_8622-10,São Paulo,3550308,True,EMTU,438,https://moovitapp.com/index/pt-br/transporte_p%C3%BAblico-line-438-Sao_Paulo-242-2038937-36419488-0,7.65,-23.53203825,-46.65936375,,,,1,2023-06-15T01:17:30+00:00
SAO_8622-10,São Paulo,3550308,True,EMTU,438,https://moovitapp.com/index/pt-br/transporte_p%C3%BAblico-line-438-Sao_Paulo-242-2038937-36419488-0,7.65,-23.42999775,-46.789956,,,,1,2023-06-15T01:17:16+00:00
SAO_8622-10,São Paulo,3550308,True,EMTU,438,https://moovitapp.com/index/pt-br/transporte_p%C3%BAblico-line-438-Sao_Paulo-242-2038937-36419488-0,7.65,-23.439804,-46.7954295,,,,1,2023-06-15T01:17:36+00:00
SAO_8622-10,São Paulo,3550308,True,EMTU,438,https://moovitapp.com/index/pt-br/transporte_p%C3%BAblico-line-438-Sao_Paulo-242-2038937-36419488-0,7.65,-23.456803625,-46.7846035,,,,1,2023-06-15T01:16:55+00:00
SAO_8622-10,São Paulo,3550308,True,EMTU,438,https://moovitapp.com/index/pt-br/transporte_p%C3%BAblico-line-438-Sao_Paulo-242-2038937-36419488-0,7.65,-23.438785,-46.794032,,,,1,2023-06-15T01:17:24+00:00
SAO_8622-10,São Paulo,3550308,True,EMTU,438,https://moovitapp.com/index/pt-br/transporte_p%C3%BAblico-line-438-Sao_Paulo-242-2038937-36419488-0,7.65,-23.5190025,-46.724245499999995,,,,1,2023-06-15T01:17:01+00:00
SAO_8622-10,São Paulo,3550308,True,EMTU,438,https://moovitapp.com/index/pt-br/transporte_p%C3%BAblico-line-438-Sao_Paulo-242-2038937-36419488-0,7.65,-23.542453000000002,-46.642850499999994,,,,1,2023-06-15T01:17:03+00:00
SAO_2104-10,São Paulo,3550308,True,,35023,,,-23.5491955,-46.627714,,,,2,2023-06-15T01:17:17+00:00
SAO_2104-10,São Paulo,3550308,True,,35023,,,-23.537501499999998,-46.626302249999995,,,,2,2023-06-15T01:16:56+00:00
SAO_2104-10,São Paulo,3550308,True,,35023,,,-23.5419015,-46.6275185,,,,2,2023-06-15T01:17:26+00:00
SAO_2104-10,São Paulo,3550308,True,,35023,,,-23.502574,-46.624022999999994,,,,2,2023-06-15T01:16:59+00:00
SAO_2104-10,São Paulo,3550308,True,,35023,,,-23.503036,-46.624043,,,,2,2023-06-15T01:17:19+00:00
SAO_6250-10,São Paulo,3550308,True,EMTU,468,https://moovitapp.com/index/pt-br/transporte_p%C3%BAblico-line-468-Sao_Paulo-242-2038937-36419506-0,6.65,-23.5714405,-46.666273000000004,,,,1,2023-06-15T01:17:16+00:00
SAO_6250-10,São Paulo,3550308,True,EMTU,468,https://moovitapp.com/index/pt-br/transporte_p%C3%BAblico-line-468-Sao_Paulo-242-2038937-36419506-0,6.65,-23.5947835,-46.7515965,,,,1,2023-06-15T01:17:35+00:00
SAO_748R-10,São Paulo,3550308,True,,33269,,,-23.604181500000003,-46.78824,,,,2,2023-06-15T01:17:02+00:00
SAO_748R-10,São Paulo,3550308,True,,33269,,,-23.554956750000002,-46.743624249999996,,,,2,2023-06-15T01:17:40+00:00
SAO_748R-10,São Paulo,3550308,True,,33269,,,-23.600395499999998,-46.7841735,,,,2,2023-06-15T01:17:23+00:00
SAO_748R-10,São Paulo,3550308,True,,33269,,,-23.58125675,-46.76020775,,,,2,2023-06-15T01:17:40+00:00
SAO_748R-10,São Paulo,3550308,True,,33269,,,-23.5263215,-46.666750500000006,,,,2,2023-06-15T01:17:30+00:00
SAO_748R-10,São Paulo,3550308,True,,33269,,,-23.5694975,-46.75710612499999,,,,2,2023-06-15T01:17:25+00:00
SAO_748R-10,São Paulo,3550308,True,,33269,,,-23.600666,-46.784031999999996,,,,2,2023-06-15T01:17:28+00:00
SAO_748R-10,São Paulo,3550308,True,,33269,,,-23.568344500000002,-46.755952625,,,,2,2023-06-15T01:17:11+00:00
SAO_748R-10,São Paulo,3550308,True,,33269,,,-23.526631000000002,-46.70843,,,,2,2023-06-15T01:17:39+00:00
SAO_748R-10,São Paulo,3550308,True,,33269,,,-23.537891000000002,-46.7195325,,,,2,2023-06-15T01:17:26+00:00
SAO_748R-10,São Paulo,3550308,True,,33269,,,-23.553297999999998,-46.74261025,,,,2,2023-06-15T01:17:03+00:00
SAO_748R-10,São Paulo,3550308,True,,33269,,,-23.601882500000002,-46.794978,,,,2,2023-06-15T01:17:14+00:00
SAO_748R-10,São Paulo,3550308,True,,33269,,,-23.6001115,-46.7843265,,,,2,2023-06-15T01:17:35+00:00
SAO_7002-10,São Paulo,3550308,True,,772,,,-23.589426500000002,-46.7537595,,,,1,2023-06-15T01:16:44+00:00
SAO_7002-10,São Paulo,3550308,True,,772,,,-23.594845,-46.765949500000005,,,,1,2023-06-15T01:17:31+00:00
SAO_7002-10,São Paulo,3550308,True,,772,,,-23.5664515,-46.69234125,,,,1,2023-06-15T01:17:03+00:00
SAO_7002-10,São Paulo,3550308,True,,772,,,-23.574511,-46.715808,,,,1,2023-06-15T01:17:29+00:00
SAO_7002-10,São Paulo,3550308,True,,772,,,-23.5916305,-46.7547945,,,,1,2023-06-15T01:17:28+00:00
SAO_5759-31,São Paulo,3550308,True,,33907,,,-23.678134,-46.651056,,,,2,2023-06-15T01:12:30+00:00
SAO_5759-31,São Paulo,3550308,True,,33907,,,-23.6381765,-46.6460415,,,,2,2023-06-15T01:17:12+00:00
SAO_5759-31,São Paulo,3550308,True,,33907,,,-23.660193,-46.663337,,,,2,2023-06-15T01:17:42+00:00
SAO_2017-10,São Paulo,3550308,True,,903,,,-23.49483125,-46.423331,,,,1,2023-06-15T01:17:28+00:00
SAO_2017-10,São Paulo,3550308,True,,903,,,-23.49333,-46.4416055,,,,1,2023-06-15T01:17:17+00:00
SAO_2017-10,São Paulo,3550308,True,,903,,,-23.506110999999997,-46.415253,,,,1,2023-06-15T01:15:30+00:00
SAO_8015-10,São Paulo,3550308,True,,1345,,,-23.4599465,-46.715484,,,,1,2023-06-15T01:17:26+00:00
SAO_8015-10,São Paulo,3550308,True,,1345,,,-23.45588,-46.7133865,,,,1,2023-06-15T01:17:07+00:00
SAO_8015-10,São Paulo,3550308,True,,1345,,,-23.422516,-46.72832375,,,,1,2023-06-15T01:17:11+00:00
SAO_8015-10,São Paulo,3550308,True,,1345,,,-23.4057845,-46.7533275,,,,1,2023-06-15T01:17:12+00:00
SAO_8015-10,São Paulo,3550308,True,,1345,,,-23.4855685,-46.725273,,,,1,2023-06-15T01:17:20+00:00
SAO_8015-10,São Paulo,3550308,True,,1345,,,-23.4673995,-46.713725,,,,1,2023-06-15T01:17:16+00:00
SAO_7550-10,São Paulo,3550308,True,,2093,,,-23.540064,-46.6477535,,,,1,2023-06-15T01:17:30+00:00
SAO_7550-10,São Paulo,3550308,True,,2093,,,-23.597225,-46.673752,,,,1,2023-06-15T01:17:17+00:00
SAO_7550-10,São Paulo,3550308,True,,2093,,,-23.5762115,-46.65812125,,,,1,2023-06-15T01:17:22+00:00
SAO_7550-10,São Paulo,3550308,True,,2093,,,-23.6051705,-46.6752465,,,,1,2023-06-15T01:17:38+00:00
SAO_7550-10,São Paulo,3550308,True,,2093,,,-23.589159875,-46.672031875,,,,1,2023-06-15T01:17:26+00:00
SAO_414P-10,São Paulo,3550308,True,,1105,,,-23.5431635,-46.57326325,,,,1,2023-06-15T01:17:09+00:00
SAO_414P-10,São Paulo,3550308,True,,1105,,,-23.571199375,-46.540466249999994,,,,1,2023-06-15T01:17:39+00:00
SAO_414P-10,São Paulo,3550308,True,,1105,,,-23.586420250000003,-46.53305075,,,,1,2023-06-15T01:17:17+00:00
SAO_414P-10,São Paulo,3550308,True,,1105,,,-23.609565500000002,-46.531917,,,,1,2023-06-15T01:17:04+00:00
SAO_414P-10,São Paulo,3550308,True,,1105,,,-23.536963,-46.563204,,,,1,2023-06-15T01:17:08+00:00
SAO_414P-10,São Paulo,3550308,True,,1105,,,-23.548009,-46.567463000000004,,,,1,2023-06-15T01:17:28+00:00
SAO_414P-10,São Paulo,3550308,True,,1105,,,-23.5369055,-46.562923,,,,1,2023-06-15T01:17:31+00:00
SAO_414P-10,São Paulo,3550308,True,,1105,,,-23.557604249999997,-46.55319575,,,,1,2023-06-15T01:17:04+00:00
SAO_414P-10,São Paulo,3550308,True,,1105,,,-23.542209749999998,-46.570781499999995,,,,1,2023-06-15T01:17:05+00:00
SAO_4111-10,São Paulo,3550308,True,,33088,,,-23.574247,-46.6246515,,,,2,2023-06-15T01:17:32+00:00
SAO_9181-10,São Paulo,3550308,True,,33653,,,-23.5208735,-46.701564,,,,2,2023-06-15T01:17:20+00:00
SAO_9181-10,São Paulo,3550308,True,,33653,,,-23.48489,-46.687429,,,,2,2023-06-15T01:16:59+00:00
SAO_9181-10,São Paulo,3550308,True,,33653,,,-23.502781249999998,-46.685883000000004,,,,2,2023-06-15T01:16:55+00:00
SAO_9181-10,São Paulo,3550308,True,,33653,,,-23.4915715,-46.689663499999995,,,,2,2023-06-15T01:17:36+00:00
SAO_9181-10,São Paulo,3550308,True,,33653,,,-23.457219000000002,-46.696751,,,,2,2023-06-15T01:17:09+00:00
SAO_9181-10,São Paulo,3550308,True,,33653,,,-23.472165,-46.682765,,,,2,2023-06-15T01:17:20+00:00
SAO_9181-10,São Paulo,3550308,True,,33653,,,-23.46198325,-46.696381,,,,2,2023-06-15T01:17:29+00:00
SAO_9181-10,São Paulo,3550308,True,,33653,,,-23.515539,-46.690996,,,,2,2023-06-15T01:17:27+00:00
SAO_9181-10,São Paulo,3550308,True,,33653,,,-23.465733999999998,-46.693672750000005,,,,2,2023-06-15T01:16:57+00:00
SAO_5031-10,São Paulo,3550308,True,,1746,,,-23.631887499999998,-46.5856905,,,,1,2023-06-15T01:16:56+00:00
SAO_5031-10,São Paulo,3550308,True,,1746,,,-23.637415,-46.592847500000005,,,,1,2023-06-15T01:17:05+00:00
SAO_5031-10,São Paulo,3550308,True,,1746,,,-23.6165525,-46.5932585,,,,1,2023-06-15T01:17:12+00:00
SAO_5031-10,São Paulo,3550308,True,,1746,,,-23.637415,-46.592847500000005,,,,1,2023-06-15T01:17:16+00:00
SAO_5031-10,São Paulo,3550308,True,,1746,,,-23.6189825,-46.59252075,,,,1,2023-06-15T01:17:35+00:00
SAO_5031-10,São Paulo,3550308,True,,1746,,,-23.6347505,-46.590628,,,,1,2023-06-15T01:17:10+00:00
SAO_5031-10,São Paulo,3550308,True,,1746,,,-23.61600225,-46.593427250000005,,,,1,2023-06-15T01:17:08+00:00
SAO_5031-10,São Paulo,3550308,True,,1746,,,-23.637415,-46.592847500000005,,,,1,2023-06-15T01:17:08+00:00
SAO_2719-10,São Paulo,3550308,True,,932,,,-23.4951915,-46.4686765,,,,1,2023-06-15T01:17:10+00:00
SAO_2719-10,São Paulo,3550308,True,,932,,,-23.5063885,-46.488546,,,,1,2023-06-15T01:17:22+00:00
SAO_2719-10,São Paulo,3550308,True,,932,,,-23.4930965,-46.481091500000005,,,,1,2023-06-15T01:17:10+00:00
SAO_2719-10,São Paulo,3550308,True,,932,,,-23.5172505,-46.522769999999994,,,,1,2023-06-15T01:17:13+00:00
SAO_2719-10,São Paulo,3550308,True,,932,,,-23.531444999999998,-46.5293925,,,,1,2023-06-15T01:17:31+00:00
SAO_2719-10,São Paulo,3550308,True,,932,,,-23.51225975,-46.513458,,,,1,2023-06-15T01:16:57+00:00
SAO_2719-10,São Paulo,3550308,True,,932,,,-23.531472,-46.5291255,,,,1,2023-06-15T01:17:37+00:00
SAO_2707-10,São Paulo,3550308,True,,919,,,-23.5425525,-46.4250465,,,,1,2023-06-15T01:16:19+00:00
SAO_2707-10,São Paulo,3550308,True,,919,,,-23.54239425,-46.41653925,,,,1,2023-06-15T01:17:20+00:00
SAO_2707-10,São Paulo,3550308,True,,919,,,-23.543195500000003,-46.465121499999995,,,,1,2023-06-15T01:02:44+00:00
SAO_2707-10,São Paulo,3550308,True,,919,,,-23.531979,-46.409502,,,,1,2023-06-15T01:15:09+00:00
SAO_2707-10,São Paulo,3550308,True,,919,,,-23.54251,-46.471456,,,,1,2023-06-15T01:17:15+00:00
SAO_2707-10,São Paulo,3550308,True,,919,,,-23.54306125,-46.42399625,,,,1,2023-06-15T01:17:20+00:00
SAO_2707-10,São Paulo,3550308,True,,919,,,-23.536653125,-46.427642875000004,,,,1,2023-06-15T01:16:51+00:00
SAO_2720-31,São Paulo,3550308,True,,34610,,,-23.494459,-46.46767,,,,2,2023-06-15T01:17:15+00:00
SAO_4001-10,São Paulo,3550308,True,,2176,,,-23.558199000000002,-46.522121,,,,1,2023-06-15T01:17:13+00:00
SAO_4001-10,São Paulo,3550308,True,,2176,,,-23.549912,-46.460482,,,,1,2023-06-15T01:17:16+00:00
SAO_4001-10,São Paulo,3550308,True,,2176,,,-23.5332195,-46.440936,,,,1,2023-06-15T01:17:07+00:00
SAO_8078-10,São Paulo,3550308,True,,34848,,,-23.648557625000002,-46.75664075,,,,2,2023-06-15T01:17:09+00:00
SAO_8078-10,São Paulo,3550308,True,,34848,,,-23.64854975,-46.755182500000004,,,,2,2023-06-15T01:17:37+00:00
SAO_8078-10,São Paulo,3550308,True,,34848,,,-23.648599250000004,-46.76078775,,,,2,2023-06-15T01:17:27+00:00
SAO_8078-10,São Paulo,3550308,True,,34848,,,-23.625088499999997,-46.74931,,,,2,2023-06-15T01:17:10+00:00
SAO_8078-10,São Paulo,3550308,True,,34848,,,-23.619093499999998,-46.74766275,,,,2,2023-06-15T01:17:00+00:00
SAO_8078-10,São Paulo,3550308,True,,34848,,,-23.6254505,-46.7479555,,,,2,2023-06-15T01:17:35+00:00
SAO_8078-10,São Paulo,3550308,True,,34848,,,-23.6254505,-46.7479555,,,,2,2023-06-15T01:17:02+00:00
SAO_8677-10,São Paulo,3550308,True,EMTU,443,https://moovitapp.com/index/pt-br/transporte_p%C3%BAblico-line-443-Sao_Paulo-242-2038937-36419491-0,5.4,-23.54337975,-46.643962,,,,1,2023-06-15T01:17:36+00:00
SAO_8677-10,São Paulo,3550308,True,EMTU,443,https://moovitapp.com/index/pt-br/transporte_p%C3%BAblico-line-443-Sao_Paulo-242-2038937-36419491-0,5.4,-23.491410625,-46.759131499999995,,,,1,2023-06-15T01:17:21+00:00
SAO_8677-10,São Paulo,3550308,True,EMTU,443,https://moovitapp.com/index/pt-br/transporte_p%C3%BAblico-line-443-Sao_Paulo-242-2038937-36419491-0,5.4,-23.481955499999998,-46.7585945,,,,1,2023-06-15T01:17:07+00:00
SAO_8677-10,São Paulo,3550308,True,EMTU,443,https://moovitapp.com/index/pt-br/transporte_p%C3%BAblico-line-443-Sao_Paulo-242-2038937-36419491-0,5.4,-23.5090495,-46.732802500000005,,,,1,2023-06-15T01:17:36+00:00
SAO_8677-10,São Paulo,3550308,True,EMTU,443,https://moovitapp.com/index/pt-br/transporte_p%C3%BAblico-line-443-Sao_Paulo-242-2038937-36419491-0,5.4,-23.524980499999998,-46.689285874999996,,,,1,2023-06-15T01:17:13+00:00
SAO_1743-10,São Paulo,3550308,True,,33311,,,-23.4932445,-46.632307,,,,2,2023-06-15T01:17:29+00:00
SAO_1743-10,São Paulo,3550308,True,,33311,,,-23.459105,-46.66711525,,,,2,2023-06-15T01:17:26+00:00
SAO_1743-10,São Paulo,3550308,True,,33311,,,-23.498962499999998,-46.625789,,,,2,2023-06-15T01:17:11+00:00
SAO_1743-10,São Paulo,3550308,True,,33311,,,-23.5130495,-46.624937,,,,2,2023-06-15T01:17:33+00:00
SAO_1743-10,São Paulo,3550308,True,,33311,,,-23.461539000000002,-46.665962,,,,2,2023-06-15T01:17:12+00:00
SAO_1743-10,São Paulo,3550308,True,,33311,,,-23.456415,-46.667734499999995,,,,2,2023-06-15T01:17:08+00:00
SAO_1743-10,São Paulo,3550308,True,,33311,,,-23.503256874999998,-46.62464249999999,,,,2,2023-06-15T01:17:28+00:00
SAO_3027-10,São Paulo,3550308,True,,963,,,-23.5431935,-46.4152505,,,,1,2023-06-15T01:17:02+00:00
SAO_3027-10,São Paulo,3550308,True,,963,,,-23.5431935,-46.4152505,,,,1,2023-06-15T01:17:21+00:00
SAO_3027-10,São Paulo,3550308,True,,963,,,-23.55587225,-46.452326750000005,,,,1,2023-06-15T01:17:32+00:00
SAO_3027-10,São Paulo,3550308,True,,963,,,-23.578522,-46.495682,,,,1,2023-06-15T01:17:32+00:00
SAO_3027-10,São Paulo,3550308,True,,963,,,-23.540044,-46.4317305,,,,1,2023-06-15T01:17:38+00:00
SAO_3027-10,São Paulo,3550308,True,,963,,,-23.56468325,-46.50561075,,,,1,2023-06-15T01:17:21+00:00
SAO_3027-10,São Paulo,3550308,True,,963,,,-23.563912000000002,-46.5052585,,,,1,2023-06-15T01:17:15+00:00
SAO_502J-10,São Paulo,3550308,True,,1275,,,-23.704979,-46.68903,,,,1,2023-06-15T01:17:20+00:00
SAO_502J-10,São Paulo,3550308,True,,1275,,,-23.653447625,-46.666535749999994,,,,1,2023-06-15T01:17:22+00:00
SAO_502J-10,São Paulo,3550308,True,,1275,,,-23.704033000000003,-46.688122,,,,1,2023-06-15T01:17:38+00:00
SAO_502J-10,São Paulo,3550308,True,,1275,,,-23.688284,-46.6651685,,,,1,2023-06-15T01:17:21+00:00
SAO_502J-10,São Paulo,3550308,True,,1275,,,-23.654708499999998,-46.6675945,,,,1,2023-06-15T01:17:04+00:00
SAO_502J-10,São Paulo,3550308,True,,1275,,,-23.641844,-46.660599250000004,,,,1,2023-06-15T01:17:11+00:00
SAO_502J-10,São Paulo,3550308,True,,1275,,,-23.615105,-46.638388875,,,,1,2023-06-15T01:17:03+00:00
SAO_1023-10,São Paulo,3550308,True,,35327,,,-23.483690000000003,-46.722528,,,,2,2023-06-15T01:17:36+00:00
SAO_1023-10,São Paulo,3550308,True,,35327,,,-23.48622475,-46.7389825,,,,2,2023-06-15T01:17:25+00:00
SAO_2175-10,São Paulo,3550308,True,,697,,,-23.533363,-46.602681625,,,,1,2023-06-15T01:17:34+00:00
SAO_2175-10,São Paulo,3550308,True,,697,,,-23.545488,-46.631078,,,,1,2023-06-15T01:17:32+00:00
SAO_695H-10,São Paulo,3550308,True,,1196,,,-23.6587575,-46.703402,,,,1,2023-06-15T01:17:29+00:00
SAO_695H-10,São Paulo,3550308,True,,1196,,,-23.7866725,-46.714248999999995,,,,1,2023-06-15T01:16:54+00:00
SAO_695H-10,São Paulo,3550308,True,,1196,,,-23.746763,-46.7075575,,,,1,2023-06-15T01:17:34+00:00
SAO_695H-10,São Paulo,3550308,True,,1196,,,-23.716451499999998,-46.699146999999996,,,,1,2023-06-15T01:14:45+00:00
SAO_695H-10,São Paulo,3550308,True,,1196,,,-23.664663500000003,-46.69089700000001,,,,1,2023-06-15T01:17:28+00:00
SAO_695H-10,São Paulo,3550308,True,,1196,,,-23.774646500000003,-46.72047125,,,,1,2023-06-15T01:17:22+00:00
SAO_2582-10,São Paulo,3550308,True,EMTU,374,https://moovitapp.com/index/pt-br/transporte_p%C3%BAblico-line-374-Sao_Paulo-242-2038937-36419448-0,3.7,-23.516738,-46.549769999999995,,,,1,2023-06-15T01:17:07+00:00
SAO_2582-10,São Paulo,3550308,True,EMTU,374,https://moovitapp.com/index/pt-br/transporte_p%C3%BAblico-line-374-Sao_Paulo-242-2038937-36419448-0,3.7,-23.5106265,-46.443504,,,,1,2023-06-15T01:16:54+00:00
SAO_2582-10,São Paulo,3550308,True,EMTU,374,https://moovitapp.com/index/pt-br/transporte_p%C3%BAblico-line-374-Sao_Paulo-242-2038937-36419448-0,3.7,-23.53601675,-46.5862195,,,,1,2023-06-15T01:17:05+00:00
SAO_2582-10,São Paulo,3550308,True,EMTU,374,https://moovitapp.com/index/pt-br/transporte_p%C3%BAblico-line-374-Sao_Paulo-242-2038937-36419448-0,3.7,-23.4915855,-46.444618250000005,,,,1,2023-06-15T01:17:22+00:00
SAO_2582-10,São Paulo,3550308,True,EMTU,374,https://moovitapp.com/index/pt-br/transporte_p%C3%BAblico-line-374-Sao_Paulo-242-2038937-36419448-0,3.7,-23.545886,-46.6302635,,,,1,2023-06-15T01:17:17+00:00
SAO_2582-10,São Paulo,3550308,True,EMTU,374,https://moovitapp.com/index/pt-br/transporte_p%C3%BAblico-line-374-Sao_Paulo-242-2038937-36419448-0,3.7,-23.54620025,-46.63007,,,,1,2023-06-15T01:17:15+00:00
SAO_2011-10,São Paulo,3550308,True,,34904,,,-23.488518,-46.565472250000006,,,,2,2023-06-15T01:17:16+00:00
SAO_2011-10,São Paulo,3550308,True,,34904,,,-23.487763,-46.621694000000005,,,,2,2023-06-15T01:17:13+00:00
SAO_2011-10,São Paulo,3550308,True,,34904,,,-23.49057475,-46.571139875,,,,2,2023-06-15T01:17:03+00:00
SAO_2011-10,São Paulo,3550308,True,,34904,,,-23.480579,-46.600464,,,,2,2023-06-15T01:17:00+00:00
SAO_2011-10,São Paulo,3550308,True,,34904,,,-23.481293,-46.602469125,,,,2,2023-06-15T01:17:07+00:00
SAO_2011-10,São Paulo,3550308,True,,34904,,,-23.490259,-46.5709545,,,,2,2023-06-15T01:17:15+00:00
SAO_546J-10,São Paulo,3550308,True,,33901,,,-23.6872325,-46.658327,,,,2,2023-06-15T01:17:22+00:00
SAO_546J-10,São Paulo,3550308,True,,33901,,,-23.6707235,-46.6692715,,,,2,2023-06-15T01:17:17+00:00
SAO_546J-10,São Paulo,3550308,True,,33901,,,-23.687589250000002,-46.6589635,,,,2,2023-06-15T01:17:19+00:00
SAO_546J-10,São Paulo,3550308,True,,33901,,,-23.674292,-46.6631905,,,,2,2023-06-15T01:17:37+00:00
SAO_546J-10,São Paulo,3550308,True,,33901,,,-23.653772500000002,-46.704392,,,,2,2023-06-15T01:17:08+00:00
SAO_546J-10,São Paulo,3550308,True,,33901,,,-23.660634,-46.695184,,,,2,2023-06-15T01:17:29+00:00
SAO_6824-10,São Paulo,3550308,True,,32791,,,-23.673696749999998,-46.79064525,,,,2,2023-06-15T01:17:34+00:00
SAO_6824-10,São Paulo,3550308,True,,32791,,,-23.6575565,-46.764503,,,,2,2023-06-15T01:17:37+00:00
SAO_6824-10,São Paulo,3550308,True,,32791,,,-23.673696749999998,-46.79064525,,,,2,2023-06-15T01:17:35+00:00
SAO_6824-10,São Paulo,3550308,True,,32791,,,-23.6603565,-46.7770965,,,,2,2023-06-15T01:17:13+00:00
SAO_3745-10,São Paulo,3550308,True,,1044,,,-23.541351,-46.55537425,,,,1,2023-06-15T01:17:13+00:00
SAO_3745-10,São Paulo,3550308,True,,1044,,,-23.5699995,-46.535412,,,,1,2023-06-15T01:17:32+00:00
SAO_3745-10,São Paulo,3550308,True,,1044,,,-23.58888,-46.5006235,,,,1,2023-06-15T01:17:19+00:00
SAO_3745-10,São Paulo,3550308,True,,1044,,,-23.5431195,-46.564417,,,,1,2023-06-15T01:17:06+00:00
SAO_3745-10,São Paulo,3550308,True,,1044,,,-23.570482,-46.5339635,,,,1,2023-06-15T01:17:05+00:00
SAO_3745-10,São Paulo,3550308,True,,1044,,,-23.5682435,-46.5360805,,,,1,2023-06-15T01:16:58+00:00
SAO_3745-10,São Paulo,3550308,True,,1044,,,-23.58888,-46.5006235,,,,1,2023-06-15T01:17:20+00:00
SAO_546A-10,São Paulo,3550308,True,,33899,,,-23.704974,-46.650527499999995,,,,2,2023-06-15T01:17:14+00:00
SAO_546A-10,São Paulo,3550308,True,,33899,,,-23.677691000000003,-46.685349,,,,2,2023-06-15T01:16:56+00:00
SAO_546A-10,São Paulo,3550308,True,,33899,,,-23.661797999999997,-46.6934765,,,,2,2023-06-15T01:17:35+00:00
SAO_546A-10,São Paulo,3550308,True,,33899,,,-23.6990355,-46.6480815,,,,2,2023-06-15T01:17:17+00:00
SAO_6L04-10,São Paulo,3550308,True,,1180,,,-23.827945999999997,-46.727483500000005,,,,1,2023-06-15T01:17:12+00:00
SAO_6L04-10,São Paulo,3550308,True,,1180,,,-23.862271749999998,-46.751656000000004,,,,1,2023-06-15T01:16:45+00:00
SAO_6L04-10,São Paulo,3550308,True,,1180,,,-23.8279045,-46.727655,,,,1,2023-06-15T01:17:38+00:00
SAO_6051-31,São Paulo,3550308,True,,1606,,,-23.7621455,-46.689133,,,,1,2023-06-15T01:16:59+00:00
SAO_6051-31,São Paulo,3550308,True,,1606,,,-23.7692035,-46.715246500000006,,,,1,2023-06-15T01:17:08+00:00
SAO_6051-31,São Paulo,3550308,True,,1606,,,-23.767480499999998,-46.7162895,,,,1,2023-06-15T01:17:41+00:00
SAO_3722-10,São Paulo,3550308,True,,1020,,,-23.54953775,-46.46202675,,,,1,2023-06-15T01:17:20+00:00
SAO_3722-10,São Paulo,3550308,True,,1020,,,-23.534149499999998,-46.5432995,,,,1,2023-06-15T01:17:05+00:00
SAO_273D-10,São Paulo,3550308,True,,32990,,,-23.519779624999998,-46.410117375,,,,2,2023-06-15T01:17:24+00:00
SAO_273D-10,São Paulo,3550308,True,,32990,,,-23.521957125,-46.475387749999996,,,,2,2023-06-15T01:17:03+00:00
SAO_273D-10,São Paulo,3550308,True,,32990,,,-23.5212985,-46.410903,,,,2,2023-06-15T01:17:12+00:00
SAO_273D-10,São Paulo,3550308,True,,32990,,,-23.518864999999998,-46.4695675,,,,2,2023-06-15T01:17:04+00:00
SAO_273D-10,São Paulo,3550308,True,,32990,,,-23.51024125,-46.438597,,,,2,2023-06-15T01:17:29+00:00
SAO_607C-10,São Paulo,3550308,True,,1977,,,-23.6257405,-46.690713,,,,1,2023-06-15T01:17:26+00:00
SAO_607C-10,São Paulo,3550308,True,,1977,,,-23.594110999999998,-46.6896845,,,,1,2023-06-15T01:17:10+00:00
SAO_607C-10,São Paulo,3550308,True,,1977,,,-23.626148,-46.6874045,,,,1,2023-06-15T01:17:16+00:00
SAO_607C-10,São Paulo,3550308,True,,1977,,,-23.596925,-46.690916,,,,1,2023-06-15T01:17:06+00:00
SAO_607C-10,São Paulo,3550308,True,,1977,,,-23.664327,-46.659923,,,,1,2023-06-15T01:17:03+00:00
SAO_607C-10,São Paulo,3550308,True,,1977,,,-23.595534,-46.69053475,,,,1,2023-06-15T01:17:16+00:00
SAO_607C-10,São Paulo,3550308,True,,1977,,,-23.686666,-46.63355,,,,1,2023-06-15T01:16:57+00:00
SAO_607C-10,São Paulo,3550308,True,,1977,,,-23.667029749999998,-46.6542505,,,,1,2023-06-15T01:16:02+00:00
SAO_607C-10,São Paulo,3550308,True,,1977,,,-23.596569000000002,-46.69084599999999,,,,1,2023-06-15T01:17:34+00:00
SAO_607C-10,São Paulo,3550308,True,,1977,,,-23.5905625,-46.687347,,,,1,2023-06-15T01:17:32+00:00
SAO_607C-10,São Paulo,3550308,True,,1977,,,-23.6896565,-46.635254,,,,1,2023-06-15T01:17:04+00:00
SAO_607C-10,São Paulo,3550308,True,,1977,,,-23.600912,-46.6912065,,,,1,2023-06-15T01:17:17+00:00
SAO_7022-10,São Paulo,3550308,True,,34852,,,-23.6736525,-46.7593465,,,,2,2023-06-15T01:17:28+00:00
SAO_7022-10,São Paulo,3550308,True,,34852,,,-23.685029999999998,-46.7754175,,,,2,2023-06-15T01:16:59+00:00
SAO_7022-10,São Paulo,3550308,True,,34852,,,-23.670028249999998,-46.76308175,,,,2,2023-06-15T01:17:26+00:00
SAO_7022-10,São Paulo,3550308,True,,34852,,,-23.6846345,-46.774408,,,,2,2023-06-15T01:17:25+00:00
SAO_7022-10,São Paulo,3550308,True,,34852,,,-23.6712895,-46.768759,,,,2,2023-06-15T01:16:50+00:00
SAO_7022-10,São Paulo,3550308,True,,34852,,,-23.685029999999998,-46.7754175,,,,2,2023-06-15T01:17:07+00:00
SAO_1745-10,São Paulo,3550308,True,,33314,,,-23.4907605,-46.650274499999995,,,,2,2023-06-15T01:17:29+00:00
SAO_1745-10,São Paulo,3550308,True,,33314,,,-23.473011999999997,-46.665725,,,,2,2023-06-15T01:17:40+00:00
SAO_1745-10,São Paulo,3550308,True,,33314,,,-23.50539675,-46.62471225,,,,2,2023-06-15T01:17:13+00:00
SAO_1745-10,São Paulo,3550308,True,,33314,,,-23.481137500000003,-46.648790500000004,,,,2,2023-06-15T01:17:14+00:00
SAO_6418-10,São Paulo,3550308,True,,771,,,-23.614488125,-46.689540875,,,,1,2023-06-15T01:17:11+00:00
SAO_6418-10,São Paulo,3550308,True,,771,,,-23.604938125000004,-46.680549375,,,,1,2023-06-15T01:17:01+00:00
SAO_546A-31,São Paulo,3550308,True,,33900,,,-23.654280999999997,-46.70443349999999,,,,2,2023-06-15T01:17:39+00:00
SAO_546A-31,São Paulo,3550308,True,,33900,,,-23.689941,-46.6788145,,,,2,2023-06-15T01:16:49+00:00
SAO_546A-31,São Paulo,3550308,True,,33900,,,-23.653619499999998,-46.701682125000005,,,,2,2023-06-15T01:17:06+00:00
SAO_546A-31,São Paulo,3550308,True,,33900,,,-23.676126000000004,-46.68571275,,,,2,2023-06-15T01:16:14+00:00
SAO_546A-31,São Paulo,3550308,True,,33900,,,-23.702181500000002,-46.650177,,,,2,2023-06-15T01:14:34+00:00
SAO_5091-10,São Paulo,3550308,True,,1523,,,-23.694916,-46.6557425,,,,1,2023-06-15T01:16:58+00:00
SAO_5091-10,São Paulo,3550308,True,,1523,,,-23.682377000000002,-46.6773985,,,,1,2023-06-15T01:17:12+00:00
SAO_5091-10,São Paulo,3550308,True,,1523,,,-23.684418,-46.6330985,,,,1,2023-06-15T01:14:57+00:00
SAO_5091-10,São Paulo,3550308,True,,1523,,,-23.628699124999997,-46.644809625,,,,1,2023-06-15T01:17:05+00:00
SAO_5091-10,São Paulo,3550308,True,,1523,,,-23.6913,-46.676663000000005,,,,1,2023-06-15T01:16:24+00:00
SAO_3746-10,São Paulo,3550308,True,,33051,,,-23.591155999999998,-46.5041795,,,,2,2023-06-15T01:17:08+00:00
SAO_3746-10,São Paulo,3550308,True,,33051,,,-23.5545125,-46.577170499999994,,,,2,2023-06-15T01:17:10+00:00
SAO_3746-10,São Paulo,3550308,True,,33051,,,-23.584983,-46.524282,,,,2,2023-06-15T01:17:15+00:00
SAO_3746-10,São Paulo,3550308,True,,33051,,,-23.594828,-46.503370000000004,,,,2,2023-06-15T01:17:30+00:00
SAO_3746-10,São Paulo,3550308,True,,33051,,,-23.57421175,-46.541283750000005,,,,2,2023-06-15T01:17:26+00:00
SAO_3746-10,São Paulo,3550308,True,,33051,,,-23.5629835,-46.552329,,,,2,2023-06-15T01:17:15+00:00
SAO_2583-10,São Paulo,3550308,True,,33143,,,-23.510439249999997,-46.42165275,,,,2,2023-06-15T01:17:32+00:00
SAO_2583-10,São Paulo,3550308,True,,33143,,,-23.496972999999997,-46.44163775,,,,2,2023-06-15T01:17:36+00:00
SAO_2583-10,São Paulo,3550308,True,,33143,,,-23.522543499999998,-46.531335999999996,,,,2,2023-06-15T01:17:05+00:00
SAO_2583-10,São Paulo,3550308,True,,33143,,,-23.491551,-46.446174,,,,2,2023-06-15T01:17:21+00:00
SAO_5144-10,São Paulo,3550308,True,,1627,,,-23.57824575,-46.54481725,,,,1,2023-06-15T01:17:40+00:00
SAO_5144-10,São Paulo,3550308,True,,1627,,,-23.5381615,-46.59590825000001,,,,1,2023-06-15T01:16:56+00:00
SAO_5144-10,São Paulo,3550308,True,,1627,,,-23.613897,-46.50077,,,,1,2023-06-15T01:16:57+00:00
SAO_5144-10,São Paulo,3550308,True,,1627,,,-23.533626124999998,-46.614151625,,,,1,2023-06-15T01:17:39+00:00
SAO_2723-10,São Paulo,3550308,True,,33705,,,-23.52707875,-46.44557399999999,,,,2,2023-06-15T01:17:13+00:00
SAO_2723-10,São Paulo,3550308,True,,33705,,,-23.498746375000003,-46.442339125000004,,,,2,2023-06-15T01:17:23+00:00
SAO_2723-10,São Paulo,3550308,True,,33705,,,-23.487599000000003,-46.4633835,,,,2,2023-06-15T01:17:29+00:00
SAO_2723-10,São Paulo,3550308,True,,33705,,,-23.492344,-46.4438215,,,,2,2023-06-15T01:16:56+00:00
SAO_2723-10,São Paulo,3550308,True,,33705,,,-23.49727,-46.4540775,,,,2,2023-06-15T01:17:00+00:00
SAO_2723-10,São Paulo,3550308,True,,33705,,,-23.493195,-46.453250749999995,,,,2,2023-06-15T01:16:49+00:00
SAO_2723-10,São Paulo,3550308,True,,33705,,,-23.483483,-46.4655195,,,,2,2023-06-15T01:17:38+00:00
SAO_342M-10,São Paulo,3550308,True,,747,,,-23.553221999999998,-46.528059,,,,1,2023-06-15T01:17:08+00:00
SAO_342M-10,São Paulo,3550308,True,,747,,,-23.544653,-46.545749,,,,1,2023-06-15T01:17:21+00:00
SAO_342M-10,São Paulo,3550308,True,,747,,,-23.58171175,-46.49799425,,,,1,2023-06-15T01:17:39+00:00
SAO_342M-10,São Paulo,3550308,True,,747,,,-23.542948000000003,-46.547712250000004,,,,1,2023-06-15T01:16:59+00:00
SAO_342M-10,São Paulo,3550308,True,,747,,,-23.532166500000002,-46.553769,,,,1,2023-06-15T01:17:29+00:00
SAO_342M-10,São Paulo,3550308,True,,747,,,-23.53521225,-46.558797750000004,,,,1,2023-06-15T01:17:17+00:00
SAO_342M-10,São Paulo,3550308,True,,747,,,-23.5608005,-46.5190595,,,,1,2023-06-15T01:17:30+00:00
SAO_342M-10,São Paulo,3550308,True,,747,,,-23.602433875,-46.482662375,,,,1,2023-06-15T01:17:06+00:00
SAO_342M-10,São Paulo,3550308,True,,747,,,-23.60590275,-46.4797095,,,,1,2023-06-15T01:17:28+00:00
SAO_342M-10,São Paulo,3550308,True,,747,,,-23.541242,-46.549708499999994,,,,1,2023-06-15T01:17:40+00:00
SAO_342M-10,São Paulo,3550308,True,,747,,,-23.532322,-46.554315,,,,1,2023-06-15T01:17:27+00:00
SAO_342M-10,São Paulo,3550308,True,,747,,,-23.54760875,-46.539715,,,,1,2023-06-15T01:17:28+00:00
SAO_342M-10,São Paulo,3550308,True,,747,,,-23.542620499999998,-46.5481845,,,,1,2023-06-15T01:17:27+00:00
SAO_342M-10,São Paulo,3550308,True,,747,,,-23.553631250000002,-46.527705749999996,,,,1,2023-06-15T01:17:19+00:00
SAO_342M-10,São Paulo,3550308,True,,747,,,-23.5347685,-46.559017499999996,,,,1,2023-06-15T01:17:09+00:00
SAO_407F-10,São Paulo,3550308,True,,34935,,,-23.579955249999998,-46.50995449999999,,,,2,2023-06-15T01:16:22+00:00
SAO_407F-10,São Paulo,3550308,True,,34935,,,-23.54522175,-46.59270025,,,,2,2023-06-15T01:15:28+00:00
SAO_407F-10,São Paulo,3550308,True,,34935,,,-23.573237499999998,-46.5330355,,,,2,2023-06-15T01:14:42+00:00
SAO_407F-10,São Paulo,3550308,True,,34935,,,-23.6119185,-46.476276999999996,,,,2,2023-06-15T01:17:35+00:00
SAO_407F-10,São Paulo,3550308,True,,34935,,,-23.576368000000002,-46.517998,,,,2,2023-06-15T01:17:11+00:00
SAO_407F-10,São Paulo,3550308,True,,34935,,,-23.563548,-46.549237500000004,,,,2,2023-06-15T01:17:28+00:00
SAO_5175-10,São Paulo,3550308,True,,593,,,-23.57964025,-46.660458250000005,,,,1,2023-06-15T01:17:11+00:00
SAO_5175-10,São Paulo,3550308,True,,593,,,-23.648092249999998,-46.675681,,,,1,2023-06-15T01:17:24+00:00
SAO_5175-10,São Paulo,3550308,True,,593,,,-23.579494,-46.660586,,,,1,2023-06-15T01:17:07+00:00
SAO_5175-10,São Paulo,3550308,True,,593,,,-23.6679075,-46.6735405,,,,1,2023-06-15T01:14:47+00:00
SAO_5175-10,São Paulo,3550308,True,,593,,,-23.700808249999998,-46.6458765,,,,1,2023-06-15T01:17:15+00:00
SAO_5175-10,São Paulo,3550308,True,,593,,,-23.57939,-46.660707,,,,1,2023-06-15T01:17:01+00:00
SAO_5175-10,São Paulo,3550308,True,,593,,,-23.631880250000002,-46.66903225,,,,1,2023-06-15T01:17:40+00:00
SAO_5175-10,São Paulo,3550308,True,,593,,,-23.679972,-46.655108999999996,,,,1,2023-06-15T01:17:04+00:00
SAO_5175-10,São Paulo,3550308,True,,593,,,-23.702581000000002,-46.6501255,,,,1,2023-06-15T01:13:07+00:00
SAO_5175-10,São Paulo,3550308,True,,593,,,-23.576032499999997,-46.65792175,,,,1,2023-06-15T01:17:23+00:00
SAO_5175-10,São Paulo,3550308,True,,593,,,-23.613044000000002,-46.657546249999996,,,,1,2023-06-15T01:17:19+00:00
SAO_6016-10,São Paulo,3550308,True,,84,,,-23.76945875,-46.6849460625,,,,1,2023-06-15T01:17:00+00:00
SAO_6016-10,São Paulo,3550308,True,,84,,,-23.7716985,-46.6731285,,,,1,2023-06-15T01:16:59+00:00
SAO_6016-10,São Paulo,3550308,True,,84,,,-23.73749875,-46.693042,,,,1,2023-06-15T01:17:22+00:00
SAO_8006-10,São Paulo,3550308,True,,34024,,,-23.472284000000002,-46.725635999999994,,,,2,2023-06-15T01:17:25+00:00
SAO_8006-10,São Paulo,3550308,True,,34024,,,-23.4422965,-46.7348175,,,,2,2023-06-15T01:16:18+00:00
SAO_8006-10,São Paulo,3550308,True,,34024,,,-23.432887,-46.7297695,,,,2,2023-06-15T01:17:34+00:00
SAO_9653-10,São Paulo,3550308,True,,33356,,,-23.4580645,-46.6433105,,,,2,2023-06-15T01:17:11+00:00
SAO_9653-10,São Paulo,3550308,True,,33356,,,-23.49671325,-46.67643925,,,,2,2023-06-15T01:17:08+00:00
SAO_9653-10,São Paulo,3550308,True,,33356,,,-23.4580645,-46.6433105,,,,2,2023-06-15T01:17:14+00:00
SAO_9653-10,São Paulo,3550308,True,,33356,,,-23.4580645,-46.6433105,,,,2,2023-06-15T01:17:31+00:00
SAO_9653-10,São Paulo,3550308,True,,33356,,,-23.5236145,-46.6488245,,,,2,2023-06-15T01:17:09+00:00
SAO_9653-10,São Paulo,3550308,True,,33356,,,-23.471135,-46.6512265,,,,2,2023-06-15T01:17:38+00:00
SAO_9653-10,São Paulo,3550308,True,,33356,,,-23.470896500000002,-46.665808,,,,2,2023-06-15T01:17:32+00:00
SAO_9653-10,São Paulo,3550308,True,,33356,,,-23.508332,-46.6737,,,,2,2023-06-15T01:17:16+00:00
SAO_9653-10,São Paulo,3550308,True,,33356,,,-23.501283,-46.6734845,,,,2,2023-06-15T01:16:53+00:00
SAO_6022-10,São Paulo,3550308,True,,33975,,,-23.720387000000002,-46.7853105,,,,2,2023-06-15T01:17:25+00:00
SAO_6022-10,São Paulo,3550308,True,,33975,,,-23.705192,-46.784183,,,,2,2023-06-15T01:17:19+00:00
SAO_6816-10,São Paulo,3550308,True,,32794,,,-23.659830499999998,-46.76968,,,,2,2023-06-15T01:17:17+00:00
SAO_5128-10,São Paulo,3550308,True,,33896,,,-23.667981125,-46.652401749999996,,,,2,2023-06-15T01:17:15+00:00
SAO_5128-10,São Paulo,3550308,True,,33896,,,-23.696272999999998,-46.649910500000004,,,,2,2023-06-15T01:17:08+00:00
SAO_5128-10,São Paulo,3550308,True,,33896,,,-23.68751425,-46.639354749999995,,,,2,2023-06-15T01:17:05+00:00
SAO_5128-10,São Paulo,3550308,True,,33896,,,-23.7122905,-46.651968499999995,,,,2,2023-06-15T01:16:59+00:00
SAO_5128-10,São Paulo,3550308,True,,33896,,,-23.7127065,-46.6521065,,,,2,2023-06-15T01:16:58+00:00
SAO_5128-10,São Paulo,3550308,True,,33896,,,-23.712902,-46.6521715,,,,2,2023-06-15T01:17:04+00:00
SAO_5128-10,São Paulo,3550308,True,,33896,,,-23.65541675,-46.63675525,,,,2,2023-06-15T01:17:16+00:00
SAO_6076-10,São Paulo,3550308,True,,1165,,,-23.653890625,-46.71154075,,,,1,2023-06-15T01:17:02+00:00
SAO_6076-10,São Paulo,3550308,True,,1165,,,-23.71159725,-46.699049,,,,1,2023-06-15T01:17:34+00:00
SAO_6076-10,São Paulo,3550308,True,,1165,,,-23.674310499999997,-46.7122475,,,,1,2023-06-15T01:17:41+00:00
SAO_6076-10,São Paulo,3550308,True,,1165,,,-23.693003500000003,-46.701562249999995,,,,1,2023-06-15T01:17:24+00:00
SAO_6076-10,São Paulo,3550308,True,,1165,,,-23.7332185,-46.676162500000004,,,,1,2023-06-15T01:15:38+00:00
SAO_637A-22,São Paulo,3550308,True,,1602,,,-23.602233749999996,-46.698085750000004,,,,1,2023-06-15T01:17:40+00:00
SAO_637A-22,São Paulo,3550308,True,,1602,,,-23.677212500000003,-46.760749000000004,,,,1,2023-06-15T01:17:24+00:00
SAO_637A-22,São Paulo,3550308,True,,1602,,,-23.589087499999998,-46.690751500000005,,,,1,2023-06-15T01:17:23+00:00
SAO_637A-22,São Paulo,3550308,True,,1602,,,-23.639574500000002,-46.725648250000006,,,,1,2023-06-15T01:17:23+00:00
SAO_637A-22,São Paulo,3550308,True,,1602,,,-23.64995825,-46.726795,,,,1,2023-06-15T01:17:34+00:00
SAO_637A-22,São Paulo,3550308,True,,1602,,,-23.614685,-46.70122825,,,,1,2023-06-15T01:17:04+00:00
SAO_3459-10,São Paulo,3550308,True,EMTU,402,https://moovitapp.com/index/pt-br/transporte_p%C3%BAblico-line-402-Sao_Paulo-242-2038937-36419464-0,3.7,-23.5165205,-46.385602000000006,,,,1,2023-06-15T01:13:56+00:00
SAO_3459-10,São Paulo,3550308,True,EMTU,402,https://moovitapp.com/index/pt-br/transporte_p%C3%BAblico-line-402-Sao_Paulo-242-2038937-36419464-0,3.7,-23.49527875,-46.431802250000004,,,,1,2023-06-15T01:13:39+00:00
SAO_3459-10,São Paulo,3550308,True,EMTU,402,https://moovitapp.com/index/pt-br/transporte_p%C3%BAblico-line-402-Sao_Paulo-242-2038937-36419464-0,3.7,-23.5165205,-46.385602000000006,,,,1,2023-06-15T01:14:10+00:00
SAO_3459-10,São Paulo,3550308,True,EMTU,402,https://moovitapp.com/index/pt-br/transporte_p%C3%BAblico-line-402-Sao_Paulo-242-2038937-36419464-0,3.7,-23.538011500000003,-46.564010249999995,,,,1,2023-06-15T01:17:40+00:00
SAO_3459-10,São Paulo,3550308,True,EMTU,402,https://moovitapp.com/index/pt-br/transporte_p%C3%BAblico-line-402-Sao_Paulo-242-2038937-36419464-0,3.7,-23.5165205,-46.385602000000006,,,,1,2023-06-15T01:17:03+00:00
SAO_3459-10,São Paulo,3550308,True,EMTU,402,https://moovitapp.com/index/pt-br/transporte_p%C3%BAblico-line-402-Sao_Paulo-242-2038937-36419464-0,3.7,-23.494972,-46.409319499999995,,,,1,2023-06-15T01:17:23+00:00
SAO_3459-10,São Paulo,3550308,True,EMTU,402,https://moovitapp.com/index/pt-br/transporte_p%C3%BAblico-line-402-Sao_Paulo-242-2038937-36419464-0,3.7,-23.5473415,-46.629296499999995,,,,1,2023-06-15T01:17:21+00:00
SAO_3459-10,São Paulo,3550308,True,EMTU,402,https://moovitapp.com/index/pt-br/transporte_p%C3%BAblico-line-402-Sao_Paulo-242-2038937-36419464-0,3.7,-23.50173975,-46.397563250000005,,,,1,2023-06-15T01:17:27+00:00
SAO_3459-10,São Paulo,3550308,True,EMTU,402,https://moovitapp.com/index/pt-br/transporte_p%C3%BAblico-line-402-Sao_Paulo-242-2038937-36419464-0,3.7,-23.49215,-46.444004500000005,,,,1,2023-06-15T01:17:21+00:00
SAO_3459-10,São Paulo,3550308,True,EMTU,402,https://moovitapp.com/index/pt-br/transporte_p%C3%BAblico-line-402-Sao_Paulo-242-2038937-36419464-0,3.7,-23.5165205,-46.385602000000006,,,,1,2023-06-15T01:17:17+00:00
SAO_3459-10,São Paulo,3550308,True,EMTU,402,https://moovitapp.com/index/pt-br/transporte_p%C3%BAblico-line-402-Sao_Paulo-242-2038937-36419464-0,3.7,-23.54614675,-46.599587375,,,,1,2023-06-15T01:16:59+00:00
SAO_3459-10,São Paulo,3550308,True,EMTU,402,https://moovitapp.com/index/pt-br/transporte_p%C3%BAblico-line-402-Sao_Paulo-242-2038937-36419464-0,3.7,-23.514881,-46.4981165,,,,1,2023-06-15T01:17:27+00:00
SAO_1018-10,São Paulo,3550308,True,,832,,,-23.486946,-46.623557000000005,,,,1,2023-06-15T01:13:58+00:00
SAO_1018-10,São Paulo,3550308,True,,832,,,-23.4586905,-46.6202395,,,,1,2023-06-15T01:17:38+00:00
SAO_1018-10,São Paulo,3550308,True,,832,,,-23.44851,-46.627494,,,,1,2023-06-15T01:17:36+00:00
SAO_1018-10,São Paulo,3550308,True,,832,,,-23.4753075,-46.612851,,,,1,2023-06-15T01:17:12+00:00
SAO_7063-10,São Paulo,3550308,True,,34667,,,-23.647253,-46.7900555,,,,2,2023-06-15T01:17:41+00:00
SAO_7063-10,São Paulo,3550308,True,,34667,,,-23.633889500000002,-46.7741105,,,,2,2023-06-15T01:17:29+00:00
SAO_7063-10,São Paulo,3550308,True,,34667,,,-23.646844,-46.779120250000005,,,,2,2023-06-15T01:17:08+00:00
SAO_7063-10,São Paulo,3550308,True,,34667,,,-23.649015,-46.791529499999996,,,,2,2023-06-15T01:17:37+00:00
SAO_2021-10,São Paulo,3550308,True,,33674,,,-23.5417215,-46.416351500000005,,,,2,2023-06-15T01:16:49+00:00
SAO_2021-10,São Paulo,3550308,True,,33674,,,-23.5417215,-46.416351500000005,,,,2,2023-06-15T01:17:24+00:00
SAO_2021-10,São Paulo,3550308,True,,33674,,,-23.5444625,-46.3895285,,,,2,2023-06-15T01:15:40+00:00
SAO_2021-10,São Paulo,3550308,True,,33674,,,-23.543284,-46.411506,,,,2,2023-06-15T01:16:56+00:00
SAO_2021-10,São Paulo,3550308,True,,33674,,,-23.544384,-46.389341,,,,2,2023-06-15T01:17:28+00:00
SAO_2021-10,São Paulo,3550308,True,,33674,,,-23.540561750000002,-46.400431,,,,2,2023-06-15T01:16:36+00:00
SAO_6093-10,São Paulo,3550308,True,,1585,,,-23.803991,-46.7351265,,,,1,2023-06-15T01:17:35+00:00
SAO_6093-10,São Paulo,3550308,True,,1585,,,-23.737689500000002,-46.697986,,,,1,2023-06-15T01:15:39+00:00
SAO_6093-10,São Paulo,3550308,True,,1585,,,-23.761470250000002,-46.715405000000004,,,,1,2023-06-15T01:17:18+00:00
SAO_6049-10,São Paulo,3550308,True,,34077,,,-23.6618225,-46.751225500000004,,,,2,2023-06-15T01:17:03+00:00
SAO_6049-10,São Paulo,3550308,True,,34077,,,-23.6518285,-46.7178205,,,,2,2023-06-15T01:17:00+00:00
SAO_6049-10,São Paulo,3550308,True,,34077,,,-23.666504500000002,-46.78332,,,,2,2023-06-15T01:17:37+00:00
SAO_6049-10,São Paulo,3550308,True,,34077,,,-23.69435,-46.794564,,,,2,2023-06-15T01:17:09+00:00
SAO_2772-10,São Paulo,3550308,True,,398,,,-23.498868,-46.466928,,,,1,2023-06-15T01:17:15+00:00
SAO_2772-10,São Paulo,3550308,True,,398,,,-23.53107775,-46.545169625,,,,1,2023-06-15T01:17:27+00:00
SAO_2772-10,São Paulo,3550308,True,,398,,,-23.521504,-46.527947499999996,,,,1,2023-06-15T01:17:34+00:00
SAO_2772-10,São Paulo,3550308,True,,398,,,-23.49527875,-46.431802250000004,,,,1,2023-06-15T01:13:41+00:00
SAO_5111-10,São Paulo,3550308,True,,48,,,-23.546979,-46.63057,,,,1,2023-06-15T01:17:36+00:00
SAO_5111-10,São Paulo,3550308,True,,48,,,-23.547648,-46.630084999999994,,,,1,2023-06-15T01:17:18+00:00
SAO_5111-10,São Paulo,3550308,True,,48,,,-23.592879500000002,-46.672751000000005,,,,1,2023-06-15T01:17:29+00:00
SAO_5111-10,São Paulo,3550308,True,,48,,,-23.577525,-46.65956,,,,1,2023-06-15T01:17:42+00:00
SAO_2772-10,São Paulo,3550308,True,,33166,,,-23.530799375,-46.536547625,,,,2,2023-06-15T01:17:04+00:00
SAO_2772-10,São Paulo,3550308,True,,33166,,,-23.5101535,-46.4087855,,,,2,2023-06-15T01:17:34+00:00
SAO_2772-10,São Paulo,3550308,True,,33166,,,-23.492140624999998,-46.444689125,,,,2,2023-06-15T01:17:12+00:00
SAO_2772-10,São Paulo,3550308,True,,33166,,,-23.521203749999998,-46.5247765,,,,2,2023-06-15T01:17:21+00:00
SAO_2772-10,São Paulo,3550308,True,,33166,,,-23.492895,-46.4490715,,,,2,2023-06-15T01:17:07+00:00
SAO_875C-1,São Paulo,3550308,True,,2510,,,-23.52049,-46.6992895,,,,1,2023-06-15T01:17:08+00:00
SAO_875C-1,São Paulo,3550308,True,,2510,,,-23.5855925,-46.67138,,,,1,2023-06-15T01:17:19+00:00
SAO_875C-1,São Paulo,3550308,True,,2510,,,-23.53919,-46.7188075,,,,1,2023-06-15T01:17:12+00:00
SAO_875C-1,São Paulo,3550308,True,,2510,,,-23.52012,-46.6994665,,,,1,2023-06-15T01:16:48+00:00
SAO_875C-1,São Paulo,3550308,True,,2510,,,-23.564545,-46.694648,,,,1,2023-06-15T01:17:28+00:00
SAO_875C-10,São Paulo,3550308,True,,33246,,,-23.6031755,-46.6603255,,,,2,2023-06-15T01:17:14+00:00
SAO_875C-10,São Paulo,3550308,True,,33246,,,-23.52012,-46.6994665,,,,2,2023-06-15T01:17:21+00:00
SAO_875C-10,São Paulo,3550308,True,,33246,,,-23.519776,-46.70033,,,,2,2023-06-15T01:16:57+00:00
SAO_875C-10,São Paulo,3550308,True,,33246,,,-23.585765000000002,-46.681469,,,,2,2023-06-15T01:17:38+00:00
SAO_875C-10,São Paulo,3550308,True,,33246,,,-23.599068125000002,-46.665432374999995,,,,2,2023-06-15T01:17:01+00:00
SAO_875C-10,São Paulo,3550308,True,,33246,,,-23.5816995,-46.6840755,,,,2,2023-06-15T01:17:32+00:00
SAO_875C-10,São Paulo,3550308,True,,33246,,,-23.57996325,-46.6851545,,,,2,2023-06-15T01:17:09+00:00
SAO_875C-10,São Paulo,3550308,True,,33246,,,-23.585578374999997,-46.678266125,,,,2,2023-06-15T01:17:30+00:00
SAO_875C-10,São Paulo,3550308,True,,33246,,,-23.520992749999998,-46.699836,,,,2,2023-06-15T01:17:00+00:00
SAO_875C-10,São Paulo,3550308,True,,33246,,,-23.57706,-46.68690575,,,,2,2023-06-15T01:17:16+00:00
SAO_6015-10,São Paulo,3550308,True,,1205,,,-23.669265,-46.735025,,,,1,2023-06-15T01:17:09+00:00
SAO_6015-10,São Paulo,3550308,True,,1205,,,-23.7374845,-46.795587499999996,,,,1,2023-06-15T01:17:27+00:00
SAO_6015-10,São Paulo,3550308,True,,1205,,,-23.648969,-46.70354950000001,,,,1,2023-06-15T01:17:12+00:00
SAO_6015-10,São Paulo,3550308,True,,1205,,,-23.734715,-46.7945555,,,,1,2023-06-15T01:17:40+00:00
SAO_6015-10,São Paulo,3550308,True,,1205,,,-23.734715,-46.7945555,,,,1,2023-06-15T01:17:21+00:00
SAO_6015-10,São Paulo,3550308,True,,1205,,,-23.734715,-46.7945555,,,,1,2023-06-15T01:17:15+00:00
SAO_6015-10,São Paulo,3550308,True,,1205,,,-23.712547999999998,-46.7819985,,,,1,2023-06-15T01:17:34+00:00
SAO_2726-10,São Paulo,3550308,True,Urubupungá,940,https://moovitapp.com/index/pt-br/transporte_p%C3%BAblico-line-940-Sao_Paulo-242-873835-496474-0,4.6,-23.511173,-46.50042725,,,,1,2023-06-15T01:17:38+00:00
SAO_2726-10,São Paulo,3550308,True,Urubupungá,940,https://moovitapp.com/index/pt-br/transporte_p%C3%BAblico-line-940-Sao_Paulo-242-873835-496474-0,4.6,-23.511173,-46.50042725,,,,1,2023-06-15T01:17:23+00:00
SAO_2726-10,São Paulo,3550308,True,Urubupungá,940,https://moovitapp.com/index/pt-br/transporte_p%C3%BAblico-line-940-Sao_Paulo-242-873835-496474-0,4.6,-23.532396249999998,-46.5431725,,,,1,2023-06-15T01:17:38+00:00
SAO_2726-10,São Paulo,3550308,True,Urubupungá,940,https://moovitapp.com/index/pt-br/transporte_p%C3%BAblico-line-940-Sao_Paulo-242-873835-496474-0,4.6,-23.5192090625,-46.524168124999996,,,,1,2023-06-15T01:17:01+00:00
SAO_2726-10,São Paulo,3550308,True,Urubupungá,940,https://moovitapp.com/index/pt-br/transporte_p%C3%BAblico-line-940-Sao_Paulo-242-873835-496474-0,4.6,-23.517178,-46.4754515,,,,1,2023-06-15T01:17:35+00:00
SAO_2726-10,São Paulo,3550308,True,Urubupungá,940,https://moovitapp.com/index/pt-br/transporte_p%C3%BAblico-line-940-Sao_Paulo-242-873835-496474-0,4.6,-23.521471499999997,-46.528538499999996,,,,1,2023-06-15T01:17:30+00:00
SAO_2726-10,São Paulo,3550308,True,Urubupungá,940,https://moovitapp.com/index/pt-br/transporte_p%C3%BAblico-line-940-Sao_Paulo-242-873835-496474-0,4.6,-23.5151515,-46.468877500000005,,,,1,2023-06-15T01:17:36+00:00
SAO_8008-10,São Paulo,3550308,True,,34026,,,-23.470457,-46.751476499999995,,,,2,2023-06-15T01:17:38+00:00
SAO_8008-10,São Paulo,3550308,True,,34026,,,-23.485942,-46.725680999999994,,,,2,2023-06-15T01:17:26+00:00
SAO_8008-10,São Paulo,3550308,True,,34026,,,-23.473222999999997,-46.7498765,,,,2,2023-06-15T01:15:38+00:00
SAO_8008-10,São Paulo,3550308,True,,34026,,,-23.487871,-46.7341225,,,,2,2023-06-15T01:14:32+00:00
SAO_208V-10,São Paulo,3550308,True,,32975,,,-23.52388,-46.548138,,,,2,2023-06-15T01:17:26+00:00
SAO_208V-10,São Paulo,3550308,True,,32975,,,-23.533209999999997,-46.56429575,,,,2,2023-06-15T01:17:16+00:00
SAO_208V-10,São Paulo,3550308,True,,32975,,,-23.534995000000002,-46.578708,,,,2,2023-06-15T01:17:38+00:00
SAO_208V-10,São Paulo,3550308,True,,32975,,,-23.517815499999998,-46.475735,,,,2,2023-06-15T01:17:40+00:00
SAO_208V-10,São Paulo,3550308,True,,32975,,,-23.5173865,-46.47583825,,,,2,2023-06-15T01:17:31+00:00
SAO_208V-10,São Paulo,3550308,True,,32975,,,-23.518814499999998,-46.475541,,,,2,2023-06-15T01:17:35+00:00
SAO_208V-10,São Paulo,3550308,True,,32975,,,-23.521662999999997,-46.52973,,,,2,2023-06-15T01:17:12+00:00
SAO_208V-10,São Paulo,3550308,True,,32975,,,-23.51262775,-46.515058749999994,,,,2,2023-06-15T01:17:33+00:00
SAO_208V-10,São Paulo,3550308,True,,32975,,,-23.523241,-46.534898,,,,2,2023-06-15T01:17:11+00:00
SAO_208V-10,São Paulo,3550308,True,,32975,,,-23.51526125,-46.498729,,,,2,2023-06-15T01:12:49+00:00
SAO_208V-10,São Paulo,3550308,True,,32975,,,-23.5366255,-46.589150000000004,,,,2,2023-06-15T01:17:11+00:00
SAO_208V-10,São Paulo,3550308,True,,32975,,,-23.5476865,-46.6292585,,,,2,2023-06-15T01:17:11+00:00
SAO_208V-10,São Paulo,3550308,True,,32975,,,-23.517572,-46.475783,,,,2,2023-06-15T01:17:21+00:00
SAO_2033-10,São Paulo,3550308,True,,35267,,,-23.5125105,-46.6249215,,,,2,2023-06-15T01:17:27+00:00
SAO_2033-10,São Paulo,3550308,True,,35267,,,-23.513438750000002,-46.58576475,,,,2,2023-06-15T01:17:30+00:00
SAO_2033-10,São Paulo,3550308,True,,35267,,,-23.5000735,-46.5836125,,,,2,2023-06-15T01:12:44+00:00
SAO_2033-10,São Paulo,3550308,True,,35267,,,-23.498573999999998,-46.58097574999999,,,,2,2023-06-15T01:15:33+00:00
SAO_746R-10,São Paulo,3550308,True,,33558,,,-23.6174585,-46.6954875,,,,2,2023-06-15T01:17:19+00:00
SAO_746R-10,São Paulo,3550308,True,,33558,,,-23.61690925,-46.69505025000001,,,,2,2023-06-15T01:17:22+00:00
SAO_746R-10,São Paulo,3550308,True,,33558,,,-23.614050499999998,-46.6985315,,,,2,2023-06-15T01:17:15+00:00
SAO_746R-10,São Paulo,3550308,True,,33558,,,-23.614811500000002,-46.693374,,,,2,2023-06-15T01:17:00+00:00
SAO_746R-10,São Paulo,3550308,True,,33558,,,-23.6104675,-46.7058285,,,,2,2023-06-15T01:17:04+00:00
SAO_746R-10,São Paulo,3550308,True,,33558,,,-23.643278000000002,-46.725034,,,,2,2023-06-15T01:17:07+00:00
SAO_746R-10,São Paulo,3550308,True,,33558,,,-23.6175135,-46.695530500000004,,,,2,2023-06-15T01:17:20+00:00
SAO_746R-10,São Paulo,3550308,True,,33558,,,-23.61733075,-46.695386,,,,2,2023-06-15T01:17:41+00:00
SAO_746R-10,São Paulo,3550308,True,,33558,,,-23.6103635,-46.705631499999996,,,,2,2023-06-15T01:17:33+00:00
SAO_971X-10,São Paulo,3550308,True,,1695,,,-23.500196000000003,-46.63084,,,,1,2023-06-15T01:17:11+00:00
SAO_971X-10,São Paulo,3550308,True,,1695,,,-23.50027325,-46.635701499999996,,,,1,2023-06-15T01:17:32+00:00
SAO_971X-10,São Paulo,3550308,True,,1695,,,-23.4747695,-46.669715,,,,1,2023-06-15T01:17:22+00:00
SAO_971X-10,São Paulo,3550308,True,,1695,,,-23.4747695,-46.669715,,,,1,2023-06-15T01:17:24+00:00
SAO_971X-10,São Paulo,3550308,True,,1695,,,-23.491168375,-46.649953,,,,1,2023-06-15T01:17:23+00:00
SAO_971X-10,São Paulo,3550308,True,,1695,,,-23.474603000000002,-46.669678000000005,,,,1,2023-06-15T01:17:34+00:00
SAO_2716-10,São Paulo,3550308,True,,929,,,-23.5330545,-46.543981,,,,1,2023-06-15T01:17:20+00:00
SAO_2716-10,São Paulo,3550308,True,,929,,,-23.523827,-46.543352,,,,1,2023-06-15T01:17:11+00:00
SAO_2716-10,São Paulo,3550308,True,,929,,,-23.516165625000003,-46.535803625,,,,1,2023-06-15T01:17:19+00:00
SAO_4311-10,São Paulo,3550308,True,,34939,,,-23.5601215,-46.513035,,,,2,2023-06-15T01:17:34+00:00
SAO_4311-10,São Paulo,3550308,True,,34939,,,-23.612947,-46.476177500000006,,,,2,2023-06-15T01:17:38+00:00
SAO_4311-10,São Paulo,3550308,True,,34939,,,-23.5410235,-46.577115500000005,,,,2,2023-06-15T01:17:13+00:00
SAO_4311-10,São Paulo,3550308,True,,34939,,,-23.612146,-46.4762395,,,,2,2023-06-15T01:17:38+00:00
SAO_4311-10,São Paulo,3550308,True,,34939,,,-23.6131485,-46.4762315,,,,2,2023-06-15T01:17:15+00:00
SAO_4311-10,São Paulo,3550308,True,,34939,,,-23.551979375000002,-46.609561125,,,,2,2023-06-15T01:17:37+00:00
SAO_4311-10,São Paulo,3550308,True,,34939,,,-23.5706305,-46.504504499999996,,,,2,2023-06-15T01:17:32+00:00
SAO_4311-10,São Paulo,3550308,True,,34939,,,-23.542295,-46.53461525,,,,2,2023-06-15T01:17:17+00:00
SAO_6027-10,São Paulo,3550308,True,,32858,,,-23.7206985,-46.697188,,,,2,2023-06-15T01:17:05+00:00
SAO_6027-10,São Paulo,3550308,True,,32858,,,-23.72155525,-46.69622075,,,,2,2023-06-15T01:17:05+00:00
SAO_6027-10,São Paulo,3550308,True,,32858,,,-23.722015,-46.693437,,,,2,2023-06-15T01:17:21+00:00
SAO_6027-10,São Paulo,3550308,True,,32858,,,-23.705073,-46.702496499999995,,,,2,2023-06-15T01:17:08+00:00
SAO_6027-10,São Paulo,3550308,True,,32858,,,-23.727688,-46.6832865,,,,2,2023-06-15T01:16:59+00:00
SAO_6027-10,São Paulo,3550308,True,,32858,,,-23.665791499999997,-46.7118705,,,,2,2023-06-15T01:17:05+00:00
SAO_6027-10,São Paulo,3550308,True,,32858,,,-23.722092500000002,-46.694744,,,,2,2023-06-15T01:17:12+00:00
SAO_6027-10,São Paulo,3550308,True,,32858,,,-23.659002,-46.705525,,,,2,2023-06-15T01:17:35+00:00
SAO_3721-41,São Paulo,3550308,True,,34461,,,-23.560789,-46.490587500000004,,,,2,2023-06-15T01:17:40+00:00
SAO_3721-41,São Paulo,3550308,True,,34461,,,-23.553732500000002,-46.492516,,,,2,2023-06-15T01:17:29+00:00
SAO_3721-41,São Paulo,3550308,True,,34461,,,-23.5631595,-46.500921000000005,,,,2,2023-06-15T01:17:28+00:00
SAO_3721-41,São Paulo,3550308,True,,34461,,,-23.557605000000002,-46.4914975,,,,2,2023-06-15T01:17:20+00:00
SAO_3721-41,São Paulo,3550308,True,,34461,,,-23.554507,-46.4923365,,,,2,2023-06-15T01:17:28+00:00
SAO_3721-41,São Paulo,3550308,True,,34461,,,-23.563325499999998,-46.5007915,,,,2,2023-06-15T01:16:58+00:00
SAO_1720-21,São Paulo,3550308,True,,34705,,,-23.480821499999998,-46.6035315,,,,2,2023-06-15T01:17:00+00:00
SAO_1720-21,São Paulo,3550308,True,,34705,,,-23.479228749999997,-46.578548500000004,,,,2,2023-06-15T01:15:53+00:00
SAO_1720-21,São Paulo,3550308,True,,34705,,,-23.480821499999998,-46.6035315,,,,2,2023-06-15T01:17:38+00:00
SAO_1720-21,São Paulo,3550308,True,,34705,,,-23.487230500000003,-46.574059500000004,,,,2,2023-06-15T01:16:58+00:00
SAO_1720-21,São Paulo,3550308,True,,34705,,,-23.481530499999998,-46.59320700000001,,,,2,2023-06-15T01:17:12+00:00
SAO_1720-21,São Paulo,3550308,True,,34705,,,-23.487143500000002,-46.57385,,,,2,2023-06-15T01:17:19+00:00
SAO_1703-10,São Paulo,3550308,True,,847,,,-23.444460999999997,-46.5901995,,,,1,2023-06-15T01:17:07+00:00
SAO_1703-10,São Paulo,3550308,True,,847,,,-23.440029000000003,-46.5875025,,,,1,2023-06-15T01:17:04+00:00
SAO_957T-10,São Paulo,3550308,True,,464,,,-23.578369,-46.6863195,,,,1,2023-06-15T01:17:08+00:00
SAO_957T-10,São Paulo,3550308,True,,464,,,-23.5145475,-46.6910345,,,,1,2023-06-15T01:17:34+00:00
SAO_957T-10,São Paulo,3550308,True,,464,,,-23.520746000000003,-46.720389999999995,,,,1,2023-06-15T01:16:54+00:00
SAO_957T-10,São Paulo,3550308,True,,464,,,-23.59600375,-46.691593,,,,1,2023-06-15T01:17:37+00:00
SAO_957T-10,São Paulo,3550308,True,,464,,,-23.556062499999996,-46.704359624999995,,,,1,2023-06-15T01:17:03+00:00
SAO_957T-10,São Paulo,3550308,True,,464,,,-23.587429875,-46.682380249999994,,,,1,2023-06-15T01:16:57+00:00
SAO_957T-10,São Paulo,3550308,True,,464,,,-23.4621635,-46.683870999999996,,,,1,2023-06-15T01:17:37+00:00
SAO_1771-10,São Paulo,3550308,True,,33402,,,-23.4424695,-46.589804,,,,2,2023-06-15T01:16:59+00:00
SAO_1771-10,São Paulo,3550308,True,,33402,,,-23.4833135,-46.613674375,,,,2,2023-06-15T01:17:20+00:00
SAO_1771-10,São Paulo,3550308,True,,33402,,,-23.440029000000003,-46.5875025,,,,2,2023-06-15T01:17:01+00:00
SAO_1771-10,São Paulo,3550308,True,,33402,,,-23.430882500000003,-46.574838,,,,2,2023-06-15T01:16:58+00:00
SAO_1771-10,São Paulo,3550308,True,,33402,,,-23.430521499999998,-46.575607,,,,2,2023-06-15T01:17:33+00:00
SAO_7050-10,São Paulo,3550308,True,,34652,,,-23.667596,-46.786499000000006,,,,2,2023-06-15T01:17:31+00:00
SAO_7050-10,São Paulo,3550308,True,,34652,,,-23.641844499999998,-46.779984999999996,,,,2,2023-06-15T01:17:28+00:00
SAO_7245-10,São Paulo,3550308,True,EMTU,363,https://moovitapp.com/index/pt-br/transporte_p%C3%BAblico-line-363-Sao_Paulo-242-2038937-36419444-0,5.1,-23.60611575,-46.693101999999996,,,,1,2023-06-15T01:17:15+00:00
SAO_7245-10,São Paulo,3550308,True,EMTU,363,https://moovitapp.com/index/pt-br/transporte_p%C3%BAblico-line-363-Sao_Paulo-242-2038937-36419444-0,5.1,-23.588459125,-46.681889874999996,,,,1,2023-06-15T01:14:07+00:00
SAO_7245-10,São Paulo,3550308,True,EMTU,363,https://moovitapp.com/index/pt-br/transporte_p%C3%BAblico-line-363-Sao_Paulo-242-2038937-36419444-0,5.1,-23.5758315,-46.687664999999996,,,,1,2023-06-15T01:17:11+00:00
SAO_7245-10,São Paulo,3550308,True,EMTU,363,https://moovitapp.com/index/pt-br/transporte_p%C3%BAblico-line-363-Sao_Paulo-242-2038937-36419444-0,5.1,-23.654266,-46.711191,,,,1,2023-06-15T01:17:29+00:00
SAO_7245-10,São Paulo,3550308,True,EMTU,363,https://moovitapp.com/index/pt-br/transporte_p%C3%BAblico-line-363-Sao_Paulo-242-2038937-36419444-0,5.1,-23.631741124999998,-46.69271,,,,1,2023-06-15T01:17:35+00:00
SAO_2726-10,São Paulo,3550308,True,,33708,,,-23.533234,-46.543972499999995,,,,2,2023-06-15T01:17:23+00:00
SAO_2726-10,São Paulo,3550308,True,,33708,,,-23.508325499999998,-46.4684905,,,,2,2023-06-15T01:17:28+00:00
SAO_2726-10,São Paulo,3550308,True,,33708,,,-23.516705,-46.468176,,,,2,2023-06-15T01:17:29+00:00
SAO_2726-10,São Paulo,3550308,True,,33708,,,-23.516705,-46.468176,,,,2,2023-06-15T01:16:58+00:00
SAO_2726-10,São Paulo,3550308,True,,33708,,,-23.5217465,-46.5299695,,,,2,2023-06-15T01:16:56+00:00
SAO_2726-10,São Paulo,3550308,True,,33708,,,-23.516312499999998,-46.4764995,,,,2,2023-06-15T01:17:39+00:00
SAO_2726-10,São Paulo,3550308,True,,33708,,,-23.51281075,-46.515615999999994,,,,2,2023-06-15T01:17:38+00:00
SAO_2726-10,São Paulo,3550308,True,,33708,,,-23.5109695,-46.48750975,,,,2,2023-06-15T01:17:02+00:00
SAO_2726-10,São Paulo,3550308,True,,33708,,,-23.525816,-46.55140525,,,,2,2023-06-15T01:17:23+00:00
SAO_8028-10,São Paulo,3550308,True,,2532,,,-23.61281175,-46.72101,,,,1,2023-06-15T01:17:17+00:00
SAO_8028-10,São Paulo,3550308,True,,2532,,,-23.601733,-46.711171,,,,1,2023-06-15T01:17:37+00:00
SAO_513C-31,São Paulo,3550308,True,,2536,,,-23.6068155,-46.563219000000004,,,,1,2023-06-15T01:17:38+00:00
SAO_513C-31,São Paulo,3550308,True,,2536,,,-23.5349475,-46.454305500000004,,,,1,2023-06-15T01:16:57+00:00
SAO_513C-31,São Paulo,3550308,True,,2536,,,-23.6143895,-46.498814625,,,,1,2023-06-15T01:16:52+00:00
SAO_513C-31,São Paulo,3550308,True,,2536,,,-23.5978195,-46.458170249999995,,,,1,2023-06-15T01:17:39+00:00
SAO_513C-31,São Paulo,3550308,True,,2536,,,-23.591110999999998,-46.44361,,,,1,2023-06-15T01:17:37+00:00
SAO_8027-10,São Paulo,3550308,True,,34930,,,-23.563730999999997,-46.764294500000005,,,,2,2023-06-15T01:16:59+00:00
SAO_8027-10,São Paulo,3550308,True,,34930,,,-23.574813,-46.7299455,,,,2,2023-06-15T01:17:07+00:00
SAO_9701-10,São Paulo,3550308,True,,33337,,,-23.5244145,-46.6669005,,,,2,2023-06-15T01:16:57+00:00
SAO_9701-10,São Paulo,3550308,True,,33337,,,-23.493816000000002,-46.66180325,,,,2,2023-06-15T01:16:58+00:00
SAO_9701-10,São Paulo,3550308,True,,33337,,,-23.482253,-46.6726565,,,,2,2023-06-15T01:16:50+00:00
SAO_9701-10,São Paulo,3550308,True,,33337,,,-23.48215675,-46.671960999999996,,,,2,2023-06-15T01:16:57+00:00
SAO_8538-10,São Paulo,3550308,True,,34127,,,-23.488680000000002,-46.703185,,,,2,2023-06-15T01:16:23+00:00
SAO_8538-10,São Paulo,3550308,True,,34127,,,-23.4780975,-46.707524,,,,2,2023-06-15T01:17:11+00:00
SAO_1019-10,São Paulo,3550308,True,,2495,,,-23.486121500000003,-46.73922,,,,1,2023-06-15T01:17:37+00:00
SAO_3732-10,São Paulo,3550308,True,,1029,,,-23.539538,-46.4317025,,,,1,2023-06-15T01:17:09+00:00
SAO_3732-10,São Paulo,3550308,True,,1029,,,-23.539538,-46.4317025,,,,1,2023-06-15T01:17:08+00:00
SAO_3732-10,São Paulo,3550308,True,,1029,,,-23.53802825,-46.45364025,,,,1,2023-06-15T01:17:17+00:00
SAO_3732-10,São Paulo,3550308,True,,1029,,,-23.543784,-46.44753975,,,,1,2023-06-15T01:17:08+00:00
SAO_3732-10,São Paulo,3550308,True,,1029,,,-23.542716,-46.469168499999995,,,,1,2023-06-15T01:17:24+00:00
SAO_3732-10,São Paulo,3550308,True,,1029,,,-23.539538,-46.4317025,,,,1,2023-06-15T01:16:58+00:00
SAO_3732-10,São Paulo,3550308,True,,1029,,,-23.554325000000002,-46.44495,,,,1,2023-06-15T01:17:36+00:00
SAO_3732-10,São Paulo,3550308,True,,1029,,,-23.539538,-46.4317025,,,,1,2023-06-15T01:17:29+00:00
SAO_3732-10,São Paulo,3550308,True,,1029,,,-23.548497499999996,-46.43609175,,,,1,2023-06-15T01:17:28+00:00
SAO_3732-10,São Paulo,3550308,True,,1029,,,-23.5407855,-46.43907874999999,,,,1,2023-06-15T01:17:30+00:00
SAO_342N-10,São Paulo,3550308,True,,1003,,,-23.532605,-46.4339375,,,,1,2023-06-15T01:16:58+00:00
SAO_342N-10,São Paulo,3550308,True,,1003,,,-23.5663695,-46.39482699999999,,,,1,2023-06-15T01:17:13+00:00
SAO_8319-10,São Paulo,3550308,True,,476,,,-23.5249595,-46.695667125,,,,1,2023-06-15T01:17:35+00:00
SAO_8319-10,São Paulo,3550308,True,,476,,,-23.53257025,-46.718235500000006,,,,1,2023-06-15T01:17:33+00:00
SAO_8319-10,São Paulo,3550308,True,,476,,,-23.5473665,-46.7605345,,,,1,2023-06-15T01:17:01+00:00
SAO_8319-10,São Paulo,3550308,True,,476,,,-23.55227,-46.74132575,,,,1,2023-06-15T01:17:09+00:00
SAO_6818-10,São Paulo,3550308,True,,32796,,,-23.655419000000002,-46.7722955,,,,2,2023-06-15T01:17:21+00:00
SAO_6818-10,São Paulo,3550308,True,,32796,,,-23.64645,-46.772581,,,,2,2023-06-15T01:17:40+00:00
SAO_736I-10,São Paulo,3550308,True,,33549,,,-23.64415025,-46.7233165,,,,2,2023-06-15T01:17:21+00:00
SAO_736I-10,São Paulo,3550308,True,,33549,,,-23.641783500000003,-46.742177,,,,2,2023-06-15T01:17:09+00:00
SAO_736I-10,São Paulo,3550308,True,,33549,,,-23.6332625,-46.7464515,,,,2,2023-06-15T01:16:54+00:00
SAO_736I-10,São Paulo,3550308,True,,33549,,,-23.639658,-46.7491095,,,,2,2023-06-15T01:17:12+00:00
SAO_736I-10,São Paulo,3550308,True,,33549,,,-23.639778500000002,-46.71914275,,,,2,2023-06-15T01:17:22+00:00
SAO_736I-10,São Paulo,3550308,True,,33549,,,-23.6409825,-46.745748500000005,,,,2,2023-06-15T01:17:22+00:00
SAO_736I-10,São Paulo,3550308,True,,33549,,,-23.650086,-46.7077355,,,,2,2023-06-15T01:17:03+00:00
SAO_736I-10,São Paulo,3550308,True,,33549,,,-23.644357,-46.7277615,,,,2,2023-06-15T01:17:09+00:00
SAO_736I-10,São Paulo,3550308,True,,33549,,,-23.63264275,-46.751281000000006,,,,2,2023-06-15T01:16:53+00:00
SAO_736I-10,São Paulo,3550308,True,,33549,,,-23.641655,-46.743613499999995,,,,2,2023-06-15T01:17:02+00:00
SAO_575C-10,São Paulo,3550308,True,,1686,,,-23.5780355,-46.602048499999995,,,,1,2023-06-15T01:17:09+00:00
SAO_575C-10,São Paulo,3550308,True,,1686,,,-23.571042750000004,-46.551363,,,,1,2023-06-15T01:16:43+00:00
SAO_2100-10,São Paulo,3550308,True,STT,713,https://moovitapp.com/index/pt-br/transporte_p%C3%BAblico-line-713-Sao_Paulo-242-850661-183342-0,5.3,-23.562027999999998,-46.56216275,,,,1,2023-06-15T01:17:06+00:00
SAO_2100-10,São Paulo,3550308,True,STT,713,https://moovitapp.com/index/pt-br/transporte_p%C3%BAblico-line-713-Sao_Paulo-242-850661-183342-0,5.3,-23.570710249999998,-46.53923125,,,,1,2023-06-15T01:17:37+00:00
SAO_2100-10,São Paulo,3550308,True,STT,713,https://moovitapp.com/index/pt-br/transporte_p%C3%BAblico-line-713-Sao_Paulo-242-850661-183342-0,5.3,-23.555538,-46.599913,,,,1,2023-06-15T01:16:57+00:00
SAO_2100-10,São Paulo,3550308,True,STT,713,https://moovitapp.com/index/pt-br/transporte_p%C3%BAblico-line-713-Sao_Paulo-242-850661-183342-0,5.3,-23.572672500000003,-46.532571000000004,,,,1,2023-06-15T01:17:34+00:00
SAO_2100-10,São Paulo,3550308,True,STT,713,https://moovitapp.com/index/pt-br/transporte_p%C3%BAblico-line-713-Sao_Paulo-242-850661-183342-0,5.3,-23.555372,-46.576878,,,,1,2023-06-15T01:17:21+00:00
SAO_2100-10,São Paulo,3550308,True,STT,713,https://moovitapp.com/index/pt-br/transporte_p%C3%BAblico-line-713-Sao_Paulo-242-850661-183342-0,5.3,-23.5587215,-46.522659000000004,,,,1,2023-06-15T01:17:22+00:00
SAO_2100-10,São Paulo,3550308,True,STT,713,https://moovitapp.com/index/pt-br/transporte_p%C3%BAblico-line-713-Sao_Paulo-242-850661-183342-0,5.3,-23.5550405,-46.604891499999994,,,,1,2023-06-15T01:17:16+00:00
SAO_2100-10,São Paulo,3550308,True,STT,713,https://moovitapp.com/index/pt-br/transporte_p%C3%BAblico-line-713-Sao_Paulo-242-850661-183342-0,5.3,-23.549367,-46.633191499999995,,,,1,2023-06-15T01:17:12+00:00
SAO_2100-10,São Paulo,3550308,True,STT,713,https://moovitapp.com/index/pt-br/transporte_p%C3%BAblico-line-713-Sao_Paulo-242-850661-183342-0,5.3,-23.567342,-46.541645,,,,1,2023-06-15T01:17:31+00:00
SAO_2100-10,São Paulo,3550308,True,STT,713,https://moovitapp.com/index/pt-br/transporte_p%C3%BAblico-line-713-Sao_Paulo-242-850661-183342-0,5.3,-23.569072499999997,-46.5281175,,,,1,2023-06-15T01:17:36+00:00
SAO_2100-10,São Paulo,3550308,True,STT,713,https://moovitapp.com/index/pt-br/transporte_p%C3%BAblico-line-713-Sao_Paulo-242-850661-183342-0,5.3,-23.5587215,-46.522659000000004,,,,1,2023-06-15T01:17:15+00:00
SAO_2100-10,São Paulo,3550308,True,STT,713,https://moovitapp.com/index/pt-br/transporte_p%C3%BAblico-line-713-Sao_Paulo-242-850661-183342-0,5.3,-23.5703815,-46.5297725,,,,1,2023-06-15T01:17:19+00:00
SAO_2100-10,São Paulo,3550308,True,STT,713,https://moovitapp.com/index/pt-br/transporte_p%C3%BAblico-line-713-Sao_Paulo-242-850661-183342-0,5.3,-23.571120999999998,-46.5313035,,,,1,2023-06-15T01:17:15+00:00
SAO_2100-10,São Paulo,3550308,True,STT,713,https://moovitapp.com/index/pt-br/transporte_p%C3%BAblico-line-713-Sao_Paulo-242-850661-183342-0,5.3,-23.573014,-46.533237,,,,1,2023-06-15T01:17:05+00:00
SAO_2100-10,São Paulo,3550308,True,STT,713,https://moovitapp.com/index/pt-br/transporte_p%C3%BAblico-line-713-Sao_Paulo-242-850661-183342-0,5.3,-23.571120999999998,-46.5313035,,,,1,2023-06-15T01:17:41+00:00
SAO_8043-10,São Paulo,3550308,True,,33175,,,-23.475121,-46.7562095,,,,2,2023-06-15T01:17:21+00:00
SAO_8043-10,São Paulo,3550308,True,,33175,,,-23.48787575,-46.73991475,,,,2,2023-06-15T01:17:37+00:00
SAO_1744-10,São Paulo,3550308,True,,544,,,-23.503125,-46.6245765,,,,1,2023-06-15T01:17:16+00:00
SAO_1744-10,São Paulo,3550308,True,,544,,,-23.47507575,-46.6394425,,,,1,2023-06-15T01:17:35+00:00
SAO_1744-10,São Paulo,3550308,True,,544,,,-23.4988015,-46.6265425,,,,1,2023-06-15T01:17:24+00:00
SAO_1744-10,São Paulo,3550308,True,,544,,,-23.489660999999998,-46.635959,,,,1,2023-06-15T01:17:13+00:00
SAO_211L-10,São Paulo,3550308,True,,35033,,,-23.4750395,-46.6685415,,,,2,2023-06-15T01:17:09+00:00
SAO_211L-10,São Paulo,3550308,True,,35033,,,-23.504087499999997,-46.672816,,,,2,2023-06-15T01:16:54+00:00
SAO_211L-10,São Paulo,3550308,True,,35033,,,-23.47046,-46.6528755,,,,2,2023-06-15T01:17:10+00:00
SAO_938P-10,São Paulo,3550308,True,,33656,,,-23.485076,-46.6874325,,,,2,2023-06-15T01:16:58+00:00
SAO_938P-10,São Paulo,3550308,True,,33656,,,-23.463069,-46.6814145,,,,2,2023-06-15T01:17:30+00:00
SAO_938P-10,São Paulo,3550308,True,,33656,,,-23.527012499999998,-46.681565750000004,,,,2,2023-06-15T01:17:30+00:00
SAO_938P-10,São Paulo,3550308,True,,33656,,,-23.515318,-46.6971335,,,,2,2023-06-15T01:17:22+00:00
SAO_938P-10,São Paulo,3550308,True,,33656,,,-23.463751000000002,-46.681982500000004,,,,2,2023-06-15T01:17:13+00:00
SAO_938P-10,São Paulo,3550308,True,,33656,,,-23.488602999999998,-46.6881075,,,,2,2023-06-15T01:17:24+00:00
SAO_938P-10,São Paulo,3550308,True,,33656,,,-23.487874,-46.687963374999995,,,,2,2023-06-15T01:17:01+00:00
SAO_938P-10,São Paulo,3550308,True,,33656,,,-23.463069,-46.6814145,,,,2,2023-06-15T01:17:31+00:00
SAO_938P-10,São Paulo,3550308,True,,33656,,,-23.515414,-46.69562175,,,,2,2023-06-15T01:17:08+00:00
SAO_273F-10,São Paulo,3550308,True,,32927,,,-23.531321374999997,-46.453111,,,,2,2023-06-15T01:16:57+00:00
SAO_273F-10,São Paulo,3550308,True,,32927,,,-23.489517125,-46.42192,,,,2,2023-06-15T01:14:53+00:00
SAO_8004-10,São Paulo,3550308,True,,1254,,,-23.508340999999998,-46.741192625,,,,1,2023-06-15T01:17:35+00:00
SAO_8004-10,São Paulo,3550308,True,,1254,,,-23.4859535,-46.7556955,,,,1,2023-06-15T01:17:33+00:00
SAO_8004-10,São Paulo,3550308,True,,1254,,,-23.5196005,-46.700601,,,,1,2023-06-15T01:17:31+00:00
SAO_374V-10,São Paulo,3550308,True,,1647,,,-23.5423965,-46.469851,,,,1,2023-06-15T01:14:41+00:00
SAO_374V-10,São Paulo,3550308,True,,1647,,,-23.524011,-46.451637000000005,,,,1,2023-06-15T01:17:09+00:00
SAO_374V-10,São Paulo,3550308,True,,1647,,,-23.511004999999997,-46.4543005,,,,1,2023-06-15T01:17:37+00:00
SAO_374V-10,São Paulo,3550308,True,,1647,,,-23.539832,-46.457205,,,,1,2023-06-15T01:17:08+00:00
SAO_2709-31,São Paulo,3550308,True,,33691,,,-23.529587499999998,-46.5004265,,,,2,2023-06-15T01:17:01+00:00
SAO_2709-31,São Paulo,3550308,True,,33691,,,-23.524842,-46.486670000000004,,,,2,2023-06-15T01:17:19+00:00
SAO_2709-31,São Paulo,3550308,True,,33691,,,-23.529382,-46.50029325,,,,2,2023-06-15T01:17:09+00:00
SAO_2709-31,São Paulo,3550308,True,,33691,,,-23.5200645,-46.4798915,,,,2,2023-06-15T01:17:08+00:00
SAO_938L-10,São Paulo,3550308,True,,1368,,,-23.5145555,-46.7001075,,,,1,2023-06-15T01:17:35+00:00
SAO_938L-10,São Paulo,3550308,True,,1368,,,-23.475696,-46.670624000000004,,,,1,2023-06-15T01:17:08+00:00
SAO_938L-10,São Paulo,3550308,True,,1368,,,-23.517514,-46.703650375,,,,1,2023-06-15T01:16:59+00:00
SAO_938L-10,São Paulo,3550308,True,,1368,,,-23.475696,-46.670624000000004,,,,1,2023-06-15T01:17:31+00:00
SAO_5391-10,São Paulo,3550308,True,EMTU,171,https://moovitapp.com/index/pt-br/transporte_p%C3%BAblico-line-171-Sao_Paulo-242-2038937-36419310-0,4.8,-23.666710000000002,-46.7212555,,,,1,2023-06-15T01:17:32+00:00
SAO_5391-10,São Paulo,3550308,True,EMTU,171,https://moovitapp.com/index/pt-br/transporte_p%C3%BAblico-line-171-Sao_Paulo-242-2038937-36419310-0,4.8,-23.669137499999998,-46.73461125,,,,1,2023-06-15T01:17:30+00:00
SAO_5391-10,São Paulo,3550308,True,EMTU,171,https://moovitapp.com/index/pt-br/transporte_p%C3%BAblico-line-171-Sao_Paulo-242-2038937-36419310-0,4.8,-23.625822,-46.683039,,,,1,2023-06-15T01:17:12+00:00
SAO_5391-10,São Paulo,3550308,True,EMTU,171,https://moovitapp.com/index/pt-br/transporte_p%C3%BAblico-line-171-Sao_Paulo-242-2038937-36419310-0,4.8,-23.5915805,-46.650501500000004,,,,1,2023-06-15T01:16:14+00:00
SAO_748A-10,São Paulo,3550308,True,,33266,,,-23.5680895,-46.755760875,,,,2,2023-06-15T01:17:36+00:00
SAO_748A-10,São Paulo,3550308,True,,33266,,,-23.5240505,-46.705251000000004,,,,2,2023-06-15T01:17:10+00:00
SAO_748A-10,São Paulo,3550308,True,,33266,,,-23.5501798125,-46.739363125,,,,2,2023-06-15T01:17:29+00:00
SAO_748A-10,São Paulo,3550308,True,,33266,,,-23.5758515,-46.7756445,,,,2,2023-06-15T01:17:15+00:00
SAO_2523-10,São Paulo,3550308,True,Cidade de Caieiras,250,https://moovitapp.com/index/pt-br/transporte_p%C3%BAblico-line-250-Sao_Paulo-242-868761-752902-0,5.0,-23.5153105,-46.46291,,,,1,2023-06-15T01:17:27+00:00
SAO_2523-10,São Paulo,3550308,True,Cidade de Caieiras,250,https://moovitapp.com/index/pt-br/transporte_p%C3%BAblico-line-250-Sao_Paulo-242-868761-752902-0,5.0,-23.521528,-46.425948000000005,,,,1,2023-06-15T01:14:37+00:00
SAO_2523-10,São Paulo,3550308,True,Cidade de Caieiras,250,https://moovitapp.com/index/pt-br/transporte_p%C3%BAblico-line-250-Sao_Paulo-242-868761-752902-0,5.0,-23.517815499999998,-46.475735,,,,1,2023-06-15T01:17:29+00:00
SAO_2523-10,São Paulo,3550308,True,Cidade de Caieiras,250,https://moovitapp.com/index/pt-br/transporte_p%C3%BAblico-line-250-Sao_Paulo-242-868761-752902-0,5.0,-23.520286499999997,-46.4412195,,,,1,2023-06-15T01:17:11+00:00
SAO_1771-10,São Paulo,3550308,True,,634,,,-23.432851499999998,-46.578558,,,,1,2023-06-15T01:17:21+00:00
SAO_1771-10,São Paulo,3550308,True,,634,,,-23.4799035,-46.611354000000006,,,,1,2023-06-15T01:16:52+00:00
SAO_1771-10,São Paulo,3550308,True,,634,,,-23.502626,-46.6235995,,,,1,2023-06-15T01:17:12+00:00
SAO_6017-10,São Paulo,3550308,True,,33974,,,-23.697047,-46.760983499999995,,,,2,2023-06-15T01:17:20+00:00
SAO_6017-10,São Paulo,3550308,True,,33974,,,-23.65336,-46.708408750000004,,,,2,2023-06-15T01:17:05+00:00
SAO_6017-10,São Paulo,3550308,True,,33974,,,-23.697047,-46.760983499999995,,,,2,2023-06-15T01:17:07+00:00
SAO_6017-10,São Paulo,3550308,True,,33974,,,-23.696901,-46.761,,,,2,2023-06-15T01:17:32+00:00
SAO_6017-10,São Paulo,3550308,True,,33974,,,-23.660460999999998,-46.7050265,,,,2,2023-06-15T01:17:17+00:00
SAO_6017-10,São Paulo,3550308,True,,33974,,,-23.696996,-46.7609965,,,,2,2023-06-15T01:17:02+00:00
SAO_6017-10,São Paulo,3550308,True,,33974,,,-23.658661,-46.705994000000004,,,,2,2023-06-15T01:17:09+00:00
SAO_6017-10,São Paulo,3550308,True,,33974,,,-23.696951,-46.761001,,,,2,2023-06-15T01:17:41+00:00
SAO_6017-10,São Paulo,3550308,True,,33974,,,-23.6971455,-46.7609475,,,,2,2023-06-15T01:17:31+00:00
SAO_6017-10,São Paulo,3550308,True,,33974,,,-23.666089624999998,-46.716364375,,,,2,2023-06-15T01:17:29+00:00
SAO_373M-10,São Paulo,3550308,True,EMTU,281,https://moovitapp.com/index/pt-br/transporte_p%C3%BAblico-line-281-Sao_Paulo-242-2038937-36419383-0,6.25,-23.5482735625,-46.59457793749999,,,,1,2023-06-15T01:14:59+00:00
SAO_373M-10,São Paulo,3550308,True,EMTU,281,https://moovitapp.com/index/pt-br/transporte_p%C3%BAblico-line-281-Sao_Paulo-242-2038937-36419383-0,6.25,-23.591646,-46.549318,,,,1,2023-06-15T01:17:27+00:00
SAO_9789-10,São Paulo,3550308,True,,33597,,,-23.476247,-46.6908315,,,,2,2023-06-15T01:16:59+00:00
SAO_9789-10,São Paulo,3550308,True,,33597,,,-23.507382,-46.673715,,,,2,2023-06-15T01:17:14+00:00
SAO_9789-10,São Paulo,3550308,True,,33597,,,-23.50402025,-46.6835635,,,,2,2023-06-15T01:17:06+00:00
SAO_9789-10,São Paulo,3550308,True,,33597,,,-23.507984,-46.6737575,,,,2,2023-06-15T01:17:13+00:00
SAO_9789-10,São Paulo,3550308,True,,33597,,,-23.461478,-46.7084365,,,,2,2023-06-15T01:17:11+00:00
SAO_9789-10,São Paulo,3550308,True,,33597,,,-23.5229265,-46.66457275,,,,2,2023-06-15T01:17:33+00:00
SAO_9789-10,São Paulo,3550308,True,,33597,,,-23.508332,-46.6737,,,,2,2023-06-15T01:17:21+00:00
SAO_9789-10,São Paulo,3550308,True,,33597,,,-23.503795,-46.674690125,,,,2,2023-06-15T01:16:56+00:00
SAO_9789-10,São Paulo,3550308,True,,33597,,,-23.4731455,-46.690348,,,,2,2023-06-15T01:17:22+00:00
SAO_4491-10,São Paulo,3550308,True,EMTU,327,https://moovitapp.com/index/pt-br/transporte_p%C3%BAblico-line-327-Sao_Paulo-242-2038937-36419415-0,5.35,-23.553064,-46.62538,,,,1,2023-06-15T01:17:16+00:00
SAO_4491-10,São Paulo,3550308,True,EMTU,327,https://moovitapp.com/index/pt-br/transporte_p%C3%BAblico-line-327-Sao_Paulo-242-2038937-36419415-0,5.35,-23.638715249999997,-46.627388249999996,,,,1,2023-06-15T01:17:05+00:00
SAO_4221-10,São Paulo,3550308,True,,33093,,,-23.592959999999998,-46.546298,,,,2,2023-06-15T01:17:38+00:00
SAO_4221-10,São Paulo,3550308,True,,33093,,,-23.5553615,-46.6240895,,,,2,2023-06-15T01:17:28+00:00
SAO_4221-10,São Paulo,3550308,True,,33093,,,-23.595245499999997,-46.543268,,,,2,2023-06-15T01:15:20+00:00
SAO_4221-10,São Paulo,3550308,True,,33093,,,-23.5919465,-46.5798205,,,,2,2023-06-15T01:17:36+00:00
SAO_1788-10,São Paulo,3550308,True,,653,,,-23.4310905,-46.572236000000004,,,,1,2023-06-15T01:15:53+00:00
SAO_1788-10,São Paulo,3550308,True,,653,,,-23.479685,-46.6114135,,,,1,2023-06-15T01:12:53+00:00
SAO_1788-10,São Paulo,3550308,True,,653,,,-23.455914999999997,-46.590154749999996,,,,1,2023-06-15T01:17:41+00:00
SAO_6080-10,São Paulo,3550308,True,,1168,,,-23.674128,-46.6736505,,,,1,2023-06-15T01:17:17+00:00
SAO_6080-10,São Paulo,3550308,True,,1168,,,-23.7591635,-46.6676815,,,,1,2023-06-15T01:16:41+00:00
SAO_6080-10,São Paulo,3550308,True,,1168,,,-23.7401655,-46.691473,,,,1,2023-06-15T01:17:38+00:00
SAO_6080-10,São Paulo,3550308,True,,1168,,,-23.759982,-46.6777045,,,,1,2023-06-15T01:17:01+00:00
SAO_6080-10,São Paulo,3550308,True,,1168,,,-23.759982,-46.6777045,,,,1,2023-06-15T01:17:06+00:00
SAO_6080-10,São Paulo,3550308,True,,1168,,,-23.67763275,-46.682605124999995,,,,1,2023-06-15T01:17:32+00:00
SAO_2718-10,São Paulo,3550308,True,,931,,,-23.524395,-46.5486955,,,,1,2023-06-15T01:17:08+00:00
SAO_2718-10,São Paulo,3550308,True,,931,,,-23.49364825,-46.501052,,,,1,2023-06-15T01:17:28+00:00
SAO_2718-10,São Paulo,3550308,True,,931,,,-23.508597,-46.5434185,,,,1,2023-06-15T01:16:58+00:00
SAO_2718-10,São Paulo,3550308,True,,931,,,-23.519504375,-46.549013375,,,,1,2023-06-15T01:17:28+00:00
SAO_2718-10,São Paulo,3550308,True,,931,,,-23.5334505,-46.5457105,,,,1,2023-06-15T01:17:29+00:00
SAO_2718-10,São Paulo,3550308,True,,931,,,-23.499781249999998,-46.529206625,,,,1,2023-06-15T01:17:22+00:00
SAO_546L-10,São Paulo,3550308,True,,1285,,,-23.678892,-46.6565135,,,,1,2023-06-15T01:15:41+00:00
SAO_546L-10,São Paulo,3550308,True,,1285,,,-23.654266,-46.711191,,,,1,2023-06-15T01:17:21+00:00
SAO_546L-10,São Paulo,3550308,True,,1285,,,-23.68051025,-46.687646,,,,1,2023-06-15T01:16:51+00:00
SAO_546L-10,São Paulo,3550308,True,,1285,,,-23.676465999999998,-46.679821000000004,,,,1,2023-06-15T01:17:09+00:00
SAO_745M-21,São Paulo,3550308,True,,1984,,,-23.669559749999998,-46.765223750000004,,,,1,2023-06-15T01:17:39+00:00
SAO_745M-21,São Paulo,3550308,True,,1984,,,-23.633889500000002,-46.7741105,,,,1,2023-06-15T01:16:59+00:00
SAO_745M-21,São Paulo,3550308,True,,1984,,,-23.634161999999996,-46.758894500000004,,,,1,2023-06-15T01:17:28+00:00
SAO_745M-21,São Paulo,3550308,True,,1984,,,-23.643524499999998,-46.779653749999994,,,,1,2023-06-15T01:17:32+00:00
SAO_5034-10,São Paulo,3550308,True,,1663,,,-23.6519355,-46.599449500000006,,,,1,2023-06-15T01:17:37+00:00
SAO_5034-10,São Paulo,3550308,True,,1663,,,-23.621552875,-46.603212625,,,,1,2023-06-15T01:17:31+00:00
SAO_5034-10,São Paulo,3550308,True,,1663,,,-23.6029585,-46.601618,,,,1,2023-06-15T01:17:28+00:00
SAO_6960-21,São Paulo,3550308,True,,34578,,,-23.7264145,-46.699558249999995,,,,2,2023-06-15T01:17:38+00:00
SAO_6960-21,São Paulo,3550308,True,,34578,,,-23.7503355,-46.7102765,,,,2,2023-06-15T01:17:08+00:00
SAO_6960-21,São Paulo,3550308,True,,34578,,,-23.752014250000002,-46.710977,,,,2,2023-06-15T01:17:12+00:00
SAO_475R-10,São Paulo,3550308,True,,344,,,-23.622594499999998,-46.629472,,,,1,2023-06-15T01:16:54+00:00
SAO_475R-10,São Paulo,3550308,True,,344,,,-23.599506875,-46.645029125,,,,1,2023-06-15T01:15:45+00:00
SAO_475R-10,São Paulo,3550308,True,,344,,,-23.586787,-46.64807275,,,,1,2023-06-15T01:17:05+00:00
SAO_475R-10,São Paulo,3550308,True,,344,,,-23.657201,-46.6168975,,,,1,2023-06-15T01:16:26+00:00
SAO_475R-10,São Paulo,3550308,True,,344,,,-23.554767500000004,-46.639010375000005,,,,1,2023-06-15T01:17:35+00:00
SAO_5028-10,São Paulo,3550308,True,,34402,,,-23.5989325,-46.5991605,,,,2,2023-06-15T01:17:26+00:00
SAO_5028-10,São Paulo,3550308,True,,34402,,,-23.603500500000003,-46.5915615,,,,2,2023-06-15T01:16:57+00:00
SAO_637P-10,São Paulo,3550308,True,,47,,,-23.589663375,-46.672183375,,,,1,2023-06-15T01:17:10+00:00
SAO_637P-10,São Paulo,3550308,True,,47,,,-23.5834435,-46.682930999999996,,,,1,2023-06-15T01:17:04+00:00
SAO_637P-10,São Paulo,3550308,True,,47,,,-23.5649705,-46.6948935,,,,1,2023-06-15T01:17:15+00:00
SAO_637P-10,São Paulo,3550308,True,,47,,,-23.5857365,-46.678846,,,,1,2023-06-15T01:17:06+00:00
SAO_637P-10,São Paulo,3550308,True,,47,,,-23.6541465,-46.711351,,,,1,2023-06-15T01:17:34+00:00
SAO_637P-10,São Paulo,3550308,True,,47,,,-23.61499175,-46.6793665,,,,1,2023-06-15T01:17:33+00:00
SAO_6414-10,São Paulo,3550308,True,EMTU,360,https://moovitapp.com/index/pt-br/transporte_p%C3%BAblico-line-360-Sao_Paulo-242-2038937-36419441-0,5.2,-23.556402750000004,-46.650831749999995,,,,1,2023-06-15T01:17:23+00:00
SAO_6414-10,São Paulo,3550308,True,EMTU,360,https://moovitapp.com/index/pt-br/transporte_p%C3%BAblico-line-360-Sao_Paulo-242-2038937-36419441-0,5.2,-23.662343874999998,-46.706628,,,,1,2023-06-15T01:17:05+00:00
SAO_6414-10,São Paulo,3550308,True,EMTU,360,https://moovitapp.com/index/pt-br/transporte_p%C3%BAblico-line-360-Sao_Paulo-242-2038937-36419441-0,5.2,-23.5960915,-46.6732855,,,,1,2023-06-15T01:17:24+00:00
SAO_6414-10,São Paulo,3550308,True,EMTU,360,https://moovitapp.com/index/pt-br/transporte_p%C3%BAblico-line-360-Sao_Paulo-242-2038937-36419441-0,5.2,-23.626354499999998,-46.687035,,,,1,2023-06-15T01:17:42+00:00
SAO_4013-10,São Paulo,3550308,True,,34954,,,-23.634307,-46.44324075,,,,2,2023-06-15T01:17:02+00:00
SAO_4013-10,São Paulo,3550308,True,,34954,,,-23.635949250000003,-46.444776000000005,,,,2,2023-06-15T01:17:14+00:00
SAO_4013-10,São Paulo,3550308,True,,34954,,,-23.634994,-46.443650500000004,,,,2,2023-06-15T01:17:30+00:00
SAO_4013-10,São Paulo,3550308,True,,34954,,,-23.6230705,-46.458013,,,,2,2023-06-15T01:17:15+00:00
SAO_4013-10,São Paulo,3550308,True,,34954,,,-23.619855,-46.467807,,,,2,2023-06-15T01:17:28+00:00
SAO_4013-10,São Paulo,3550308,True,,34954,,,-23.613743,-46.4716405,,,,2,2023-06-15T01:17:22+00:00
SAO_4013-10,São Paulo,3550308,True,,34954,,,-23.635369500000003,-46.445468500000004,,,,2,2023-06-15T01:17:31+00:00
SAO_8022-10,São Paulo,3550308,True,,34853,,,-23.5680135,-46.740213,,,,2,2023-06-15T01:17:30+00:00
SAO_8022-10,São Paulo,3550308,True,,34853,,,-23.560762,-46.730802,,,,2,2023-06-15T01:16:38+00:00
SAO_8022-10,São Paulo,3550308,True,,34853,,,-23.571965,-46.708397500000004,,,,2,2023-06-15T01:17:29+00:00
SAO_8022-10,São Paulo,3550308,True,,34853,,,-23.571310875,-46.708549625,,,,2,2023-06-15T01:17:37+00:00
SAO_978T-10,São Paulo,3550308,True,,33657,,,-23.492423000000002,-46.696241,,,,2,2023-06-15T01:17:02+00:00
SAO_978T-10,São Paulo,3550308,True,,33657,,,-23.492423000000002,-46.696241,,,,2,2023-06-15T01:17:03+00:00
SAO_978T-10,São Paulo,3550308,True,,33657,,,-23.470881,-46.692226500000004,,,,2,2023-06-15T01:17:23+00:00
SAO_978T-10,São Paulo,3550308,True,,33657,,,-23.461289,-46.6872475,,,,2,2023-06-15T01:17:19+00:00
SAO_978T-10,São Paulo,3550308,True,,33657,,,-23.523056500000003,-46.68789162499999,,,,2,2023-06-15T01:17:12+00:00
SAO_978T-10,São Paulo,3550308,True,,33657,,,-23.506533875000002,-46.689030375,,,,2,2023-06-15T01:17:15+00:00
SAO_978T-10,São Paulo,3550308,True,,33657,,,-23.461351,-46.6872735,,,,2,2023-06-15T01:17:03+00:00
SAO_978T-10,São Paulo,3550308,True,,33657,,,-23.493143,-46.6965835,,,,2,2023-06-15T01:17:24+00:00
SAO_978T-10,São Paulo,3550308,True,,33657,,,-23.476247,-46.6908315,,,,2,2023-06-15T01:17:32+00:00
SAO_978T-10,São Paulo,3550308,True,,33657,,,-23.499759625,-46.694366875,,,,2,2023-06-15T01:17:12+00:00
SAO_978T-10,São Paulo,3550308,True,,33657,,,-23.4643535,-46.700649999999996,,,,2,2023-06-15T01:17:33+00:00
SAO_978T-10,São Paulo,3550308,True,,33657,,,-23.461351,-46.6872735,,,,2,2023-06-15T01:17:17+00:00
SAO_978T-10,São Paulo,3550308,True,,33657,,,-23.506232,-46.688947,,,,2,2023-06-15T01:17:30+00:00
SAO_978T-10,São Paulo,3550308,True,,33657,,,-23.4608575,-46.687422,,,,2,2023-06-15T01:17:39+00:00
SAO_978T-10,São Paulo,3550308,True,,33657,,,-23.475637,-46.690592249999995,,,,2,2023-06-15T01:16:59+00:00
SAO_978T-10,São Paulo,3550308,True,,33657,,,-23.50317975,-46.685660999999996,,,,2,2023-06-15T01:16:55+00:00
SAO_978T-10,São Paulo,3550308,True,,33657,,,-23.46455375,-46.70048225,,,,2,2023-06-15T01:17:30+00:00
SAO_978T-10,São Paulo,3550308,True,,33657,,,-23.468484500000002,-46.696687999999995,,,,2,2023-06-15T01:17:20+00:00
SAO_978T-10,São Paulo,3550308,True,,33657,,,-23.525771,-46.669731999999996,,,,2,2023-06-15T01:17:27+00:00
SAO_978T-10,São Paulo,3550308,True,,33657,,,-23.485870249999998,-46.69217975,,,,2,2023-06-15T01:17:17+00:00
SAO_407H-10,São Paulo,3550308,True,,34965,,,-23.6309805,-46.4468875,,,,2,2023-06-15T01:17:00+00:00
SAO_407H-10,São Paulo,3550308,True,,34965,,,-23.55074725,-46.4623715,,,,2,2023-06-15T01:17:28+00:00
SAO_407H-10,São Paulo,3550308,True,,34965,,,-23.5659495,-46.46748475,,,,2,2023-06-15T01:17:03+00:00
SAO_407H-10,São Paulo,3550308,True,,34965,,,-23.594251,-46.445907,,,,2,2023-06-15T01:17:00+00:00
SAO_407H-10,São Paulo,3550308,True,,34965,,,-23.58156175,-46.44239725,,,,2,2023-06-15T01:16:56+00:00
SAO_407H-10,São Paulo,3550308,True,,34965,,,-23.631496499999997,-46.447165,,,,2,2023-06-15T01:17:38+00:00
SAO_407H-10,São Paulo,3550308,True,,34965,,,-23.62289875,-46.446745750000005,,,,2,2023-06-15T01:17:37+00:00
SAO_407H-10,São Paulo,3550308,True,,34965,,,-23.595921,-46.45270375,,,,2,2023-06-15T01:15:43+00:00
SAO_407H-10,São Paulo,3550308,True,,34965,,,-23.618890999999998,-46.4608595,,,,2,2023-06-15T01:17:22+00:00
SAO_407H-10,São Paulo,3550308,True,,34965,,,-23.635369500000003,-46.445468500000004,,,,2,2023-06-15T01:17:27+00:00
SAO_7004-10,São Paulo,3550308,True,,1992,,,-23.6861375,-46.737840500000004,,,,1,2023-06-15T01:17:24+00:00
SAO_7004-10,São Paulo,3550308,True,,1992,,,-23.655556,-46.722323,,,,1,2023-06-15T01:17:35+00:00
SAO_7004-10,São Paulo,3550308,True,,1992,,,-23.6634090625,-46.7261494375,,,,1,2023-06-15T01:16:58+00:00
SAO_7004-10,São Paulo,3550308,True,,1992,,,-23.7309495,-46.785837,,,,1,2023-06-15T01:17:31+00:00
SAO_7004-10,São Paulo,3550308,True,,1992,,,-23.6606685,-46.725523374999995,,,,1,2023-06-15T01:17:37+00:00
SAO_7004-10,São Paulo,3550308,True,,1992,,,-23.731476999999998,-46.7859925,,,,1,2023-06-15T01:17:24+00:00
SAO_7004-10,São Paulo,3550308,True,,1992,,,-23.741771999999997,-46.8001715,,,,1,2023-06-15T01:17:16+00:00
SAO_3001-10,São Paulo,3550308,True,,34418,,,-23.50175,-46.391381499999994,,,,2,2023-06-15T01:16:17+00:00
SAO_3001-10,São Paulo,3550308,True,,34418,,,-23.494272,-46.422543875,,,,2,2023-06-15T01:17:31+00:00
SAO_509J-10,São Paulo,3550308,True,,33032,,,-23.580849999999998,-46.656758999999994,,,,2,2023-06-15T01:17:37+00:00
SAO_509J-10,São Paulo,3550308,True,,33032,,,-23.6743995,-46.6627655,,,,2,2023-06-15T01:17:03+00:00
SAO_509J-10,São Paulo,3550308,True,,33032,,,-23.599548249999998,-46.660292999999996,,,,2,2023-06-15T01:17:14+00:00
SAO_509J-10,São Paulo,3550308,True,,33032,,,-23.644429000000002,-46.6729775,,,,2,2023-06-15T01:17:10+00:00
SAO_509J-10,São Paulo,3550308,True,,33032,,,-23.644296500000003,-46.6729175,,,,2,2023-06-15T01:17:13+00:00
SAO_509J-10,São Paulo,3550308,True,,33032,,,-23.592714,-46.664905000000005,,,,2,2023-06-15T01:17:30+00:00
SAO_509J-10,São Paulo,3550308,True,,33032,,,-23.671726625,-46.66776975,,,,2,2023-06-15T01:17:28+00:00
SAO_509J-10,São Paulo,3550308,True,,33032,,,-23.642864,-46.672678000000005,,,,2,2023-06-15T01:17:31+00:00
SAO_509J-10,São Paulo,3550308,True,,33032,,,-23.6875885,-46.654850499999995,,,,2,2023-06-15T01:17:22+00:00
SAO_7053-22,São Paulo,3550308,True,,34664,,,-23.640479,-46.781559,,,,2,2023-06-15T01:17:26+00:00
SAO_7053-22,São Paulo,3550308,True,,34664,,,-23.63355825,-46.7736125,,,,2,2023-06-15T01:17:21+00:00
SAO_7053-22,São Paulo,3550308,True,,34664,,,-23.644881,-46.78898075,,,,2,2023-06-15T01:17:25+00:00
SAO_695X-10,São Paulo,3550308,True,,34209,,,-23.7655,-46.717863,,,,2,2023-06-15T01:17:19+00:00
SAO_695X-10,São Paulo,3550308,True,,34209,,,-23.6410965,-46.652114875,,,,2,2023-06-15T01:17:00+00:00
SAO_695X-10,São Paulo,3550308,True,,34209,,,-23.7011045,-46.701471,,,,2,2023-06-15T01:17:39+00:00
SAO_695X-10,São Paulo,3550308,True,,34209,,,-23.643228999999998,-46.672805,,,,2,2023-06-15T01:17:16+00:00
SAO_695X-10,São Paulo,3550308,True,,34209,,,-23.7667585,-46.71704,,,,2,2023-06-15T01:17:27+00:00
SAO_695X-10,São Paulo,3550308,True,,34209,,,-23.7087255,-46.6999,,,,2,2023-06-15T01:16:03+00:00
SAO_695X-10,São Paulo,3550308,True,,34209,,,-23.709693,-46.69967,,,,2,2023-06-15T01:16:47+00:00
SAO_695X-10,São Paulo,3550308,True,,34209,,,-23.645202625,-46.6484985,,,,2,2023-06-15T01:17:31+00:00
SAO_695X-10,São Paulo,3550308,True,,34209,,,-23.641748999999997,-46.67322725,,,,2,2023-06-15T01:17:28+00:00
SAO_3099-10,São Paulo,3550308,True,,1079,,,-23.619731,-46.460809499999996,,,,1,2023-06-15T01:17:35+00:00
SAO_3099-10,São Paulo,3550308,True,,1079,,,-23.610221000000003,-46.476755125,,,,1,2023-06-15T01:17:25+00:00
SAO_3099-10,São Paulo,3550308,True,,1079,,,-23.6129015,-46.444473,,,,1,2023-06-15T01:17:02+00:00
SAO_3099-10,São Paulo,3550308,True,,1079,,,-23.6074865,-46.446362500000006,,,,1,2023-06-15T01:17:31+00:00
SAO_3099-10,São Paulo,3550308,True,,1079,,,-23.619807,-46.461239000000006,,,,1,2023-06-15T01:17:03+00:00
SAO_3099-10,São Paulo,3550308,True,,1079,,,-23.6129015,-46.444473,,,,1,2023-06-15T01:17:31+00:00
SAO_3099-10,São Paulo,3550308,True,,1079,,,-23.6074865,-46.446362500000006,,,,1,2023-06-15T01:17:19+00:00
SAO_3099-10,São Paulo,3550308,True,,1079,,,-23.6126845,-46.4445915,,,,1,2023-06-15T01:17:29+00:00
SAO_3099-10,São Paulo,3550308,True,,1079,,,-23.618890999999998,-46.4608595,,,,1,2023-06-15T01:17:13+00:00
SAO_3099-10,São Paulo,3550308,True,,1079,,,-23.612834499999998,-46.444575,,,,1,2023-06-15T01:17:31+00:00
SAO_6034-10,São Paulo,3550308,True,,32863,,,-23.747656499999998,-46.6691325,,,,2,2023-06-15T01:17:24+00:00
SAO_6034-10,São Paulo,3550308,True,,32863,,,-23.753905500000002,-46.680769,,,,2,2023-06-15T01:17:08+00:00
SAO_6034-10,São Paulo,3550308,True,,32863,,,-23.74793,-46.66926425,,,,2,2023-06-15T01:16:59+00:00
SAO_6034-10,São Paulo,3550308,True,,32863,,,-23.73955025,-46.691572,,,,2,2023-06-15T01:17:41+00:00
SAO_6034-10,São Paulo,3550308,True,,32863,,,-23.747656499999998,-46.6691325,,,,2,2023-06-15T01:17:10+00:00
SAO_119C-10,São Paulo,3550308,True,,661,,,-23.51425575,-46.607444375,,,,1,2023-06-15T01:17:03+00:00
SAO_119C-10,São Paulo,3550308,True,,661,,,-23.533043499999998,-46.6189995,,,,1,2023-06-15T01:17:06+00:00
SAO_8055-51,São Paulo,3550308,True,,33185,,,-23.406576,-46.774401,,,,2,2023-06-15T01:16:55+00:00
SAO_8055-51,São Paulo,3550308,True,,33185,,,-23.48173975,-46.77051325,,,,2,2023-06-15T01:17:19+00:00
SAO_8055-51,São Paulo,3550308,True,,33185,,,-23.405026499999998,-46.7514715,,,,2,2023-06-15T01:17:21+00:00
SAO_8055-51,São Paulo,3550308,True,,33185,,,-23.408328,-46.741003,,,,2,2023-06-15T01:17:12+00:00
SAO_8055-51,São Paulo,3550308,True,,33185,,,-23.5214275,-46.698573499999995,,,,2,2023-06-15T01:17:18+00:00
SAO_8055-51,São Paulo,3550308,True,,33185,,,-23.408633625,-46.776216125000005,,,,2,2023-06-15T01:16:59+00:00
SAO_8055-51,São Paulo,3550308,True,,33185,,,-23.408502,-46.740801000000005,,,,2,2023-06-15T01:17:01+00:00
SAO_8055-51,São Paulo,3550308,True,,33185,,,-23.451622,-46.7868,,,,2,2023-06-15T01:17:17+00:00
SAO_118Y-10,São Paulo,3550308,True,,33609,,,-23.472693,-46.63499025,,,,2,2023-06-15T01:17:40+00:00
SAO_118Y-10,São Paulo,3550308,True,,33609,,,-23.477596,-46.645434,,,,2,2023-06-15T01:17:01+00:00
SAO_118Y-10,São Paulo,3550308,True,,33609,,,-23.505378,-46.6727985,,,,2,2023-06-15T01:17:20+00:00
SAO_118Y-10,São Paulo,3550308,True,,33609,,,-23.472693,-46.63499025,,,,2,2023-06-15T01:17:12+00:00
SAO_118Y-10,São Paulo,3550308,True,,33609,,,-23.483273500000003,-46.6629225,,,,2,2023-06-15T01:17:38+00:00
SAO_118Y-10,São Paulo,3550308,True,,33609,,,-23.472693,-46.63499025,,,,2,2023-06-15T01:17:32+00:00
SAO_118Y-10,São Paulo,3550308,True,,33609,,,-23.506505625,-46.677252875,,,,2,2023-06-15T01:16:53+00:00
SAO_118Y-10,São Paulo,3550308,True,,33609,,,-23.472411,-46.634502749999996,,,,2,2023-06-15T01:17:22+00:00
SAO_118Y-10,São Paulo,3550308,True,,33609,,,-23.481757,-46.668735999999996,,,,2,2023-06-15T01:16:59+00:00
SAO_118Y-10,São Paulo,3550308,True,,33609,,,-23.483155,-46.664021500000004,,,,2,2023-06-15T01:16:58+00:00
SAO_1178-33,São Paulo,3550308,True,,2010,,,-23.50354575,-46.432316,,,,1,2023-06-15T01:17:19+00:00
SAO_1178-33,São Paulo,3550308,True,,2010,,,-23.519973375,-46.547058875,,,,1,2023-06-15T01:17:22+00:00
SAO_1178-33,São Paulo,3550308,True,,2010,,,-23.4956295,-46.509212,,,,1,2023-06-15T01:17:05+00:00
SAO_1178-33,São Paulo,3550308,True,,2010,,,-23.523586,-46.611993999999996,,,,1,2023-06-15T01:11:48+00:00
SAO_675N-10,São Paulo,3550308,True,EMTU,362,https://moovitapp.com/index/pt-br/transporte_p%C3%BAblico-line-362-Sao_Paulo-242-2038937-36419443-0,6.25,-23.596141625,-46.686781374999995,,,,1,2023-06-15T01:17:07+00:00
SAO_675N-10,São Paulo,3550308,True,EMTU,362,https://moovitapp.com/index/pt-br/transporte_p%C3%BAblico-line-362-Sao_Paulo-242-2038937-36419443-0,6.25,-23.646238,-46.71423475,,,,1,2023-06-15T01:17:03+00:00
SAO_675N-10,São Paulo,3550308,True,EMTU,362,https://moovitapp.com/index/pt-br/transporte_p%C3%BAblico-line-362-Sao_Paulo-242-2038937-36419443-0,6.25,-23.5949135,-46.6898645,,,,1,2023-06-15T01:16:58+00:00
SAO_675N-10,São Paulo,3550308,True,EMTU,362,https://moovitapp.com/index/pt-br/transporte_p%C3%BAblico-line-362-Sao_Paulo-242-2038937-36419443-0,6.25,-23.58474375,-46.64409675,,,,1,2023-06-15T01:17:23+00:00
SAO_2363-10,São Paulo,3550308,True,,135,,,-23.518918499999998,-46.546471,,,,1,2023-06-15T01:17:24+00:00
SAO_2363-10,São Paulo,3550308,True,,135,,,-23.547062,-46.630193000000006,,,,1,2023-06-15T01:17:20+00:00
SAO_702C-10,São Paulo,3550308,True,STT,485,https://moovitapp.com/index/pt-br/transporte_p%C3%BAblico-line-485-Sao_Paulo-242-850661-183324-0,5.3,-23.5478925,-46.6425115,,,,1,2023-06-15T01:17:18+00:00
SAO_702C-10,São Paulo,3550308,True,STT,485,https://moovitapp.com/index/pt-br/transporte_p%C3%BAblico-line-485-Sao_Paulo-242-850661-183324-0,5.3,-23.53937725,-46.608977749999994,,,,1,2023-06-15T01:17:09+00:00
SAO_702C-10,São Paulo,3550308,True,STT,485,https://moovitapp.com/index/pt-br/transporte_p%C3%BAblico-line-485-Sao_Paulo-242-850661-183324-0,5.3,-23.578923500000002,-46.7109705,,,,1,2023-06-15T01:17:40+00:00
SAO_702C-10,São Paulo,3550308,True,STT,485,https://moovitapp.com/index/pt-br/transporte_p%C3%BAblico-line-485-Sao_Paulo-242-850661-183324-0,5.3,-23.571467875,-46.694129625,,,,1,2023-06-15T01:17:41+00:00
SAO_702C-10,São Paulo,3550308,True,STT,485,https://moovitapp.com/index/pt-br/transporte_p%C3%BAblico-line-485-Sao_Paulo-242-850661-183324-0,5.3,-23.543029124999997,-46.592381624999994,,,,1,2023-06-15T01:17:28+00:00
SAO_702C-10,São Paulo,3550308,True,STT,485,https://moovitapp.com/index/pt-br/transporte_p%C3%BAblico-line-485-Sao_Paulo-242-850661-183324-0,5.3,-23.5760115,-46.741526625000006,,,,1,2023-06-15T01:17:23+00:00
SAO_702C-10,São Paulo,3550308,True,STT,485,https://moovitapp.com/index/pt-br/transporte_p%C3%BAblico-line-485-Sao_Paulo-242-850661-183324-0,5.3,-23.543142625,-46.592953125,,,,1,2023-06-15T01:17:16+00:00
SAO_8686-10,São Paulo,3550308,True,,33214,,,-23.531844,-46.660304749999995,,,,2,2023-06-15T01:17:16+00:00
SAO_8686-10,São Paulo,3550308,True,,33214,,,-23.521648499999998,-46.718697500000005,,,,2,2023-06-15T01:16:32+00:00
SAO_8686-10,São Paulo,3550308,True,,33214,,,-23.48897225,-46.74335525,,,,2,2023-06-15T01:17:09+00:00
SAO_8700-1,São Paulo,3550308,True,,2508,,,-23.59603825,-46.73931725,,,,1,2023-06-15T01:17:02+00:00
SAO_8700-1,São Paulo,3550308,True,,2508,,,-23.571727000000003,-46.696419250000005,,,,1,2023-06-15T01:17:21+00:00
SAO_8700-1,São Paulo,3550308,True,,2508,,,-23.620389250000002,-46.757758125,,,,1,2023-06-15T01:17:06+00:00
SAO_8700-1,São Paulo,3550308,True,,2508,,,-23.5472865,-46.6454605,,,,1,2023-06-15T01:17:12+00:00
SAO_8700-1,São Paulo,3550308,True,,2508,,,-23.6304685,-46.773606,,,,1,2023-06-15T01:17:23+00:00
SAO_6250-10,São Paulo,3550308,True,,33236,,,-23.598568999999998,-46.7654395,,,,2,2023-06-15T01:16:57+00:00
SAO_6250-10,São Paulo,3550308,True,,33236,,,-23.5725185,-46.70434625,,,,2,2023-06-15T01:17:35+00:00
SAO_174M-10,São Paulo,3550308,True,,33441,,,-23.479228749999997,-46.578548500000004,,,,2,2023-06-15T01:16:34+00:00
SAO_174M-10,São Paulo,3550308,True,,33441,,,-23.479774499999998,-46.588311,,,,2,2023-06-15T01:17:35+00:00
SAO_174M-10,São Paulo,3550308,True,,33441,,,-23.50194,-46.624584,,,,2,2023-06-15T01:17:20+00:00
SAO_174M-10,São Paulo,3550308,True,,33441,,,-23.481693749999998,-46.60575125,,,,2,2023-06-15T01:17:40+00:00
SAO_174M-10,São Paulo,3550308,True,,33441,,,-23.5307255,-46.625483,,,,2,2023-06-15T01:17:35+00:00
SAO_174M-10,São Paulo,3550308,True,,33441,,,-23.564605999999998,-46.611627,,,,2,2023-06-15T01:17:35+00:00
SAO_524L-10,São Paulo,3550308,True,,1715,,,-23.54383775,-46.575779625,,,,1,2023-06-15T01:17:17+00:00
SAO_524L-10,São Paulo,3550308,True,,1715,,,-23.574697,-46.564085500000004,,,,1,2023-06-15T01:17:18+00:00
SAO_524L-10,São Paulo,3550308,True,,1715,,,-23.551599500000002,-46.564891,,,,1,2023-06-15T01:17:35+00:00
SAO_524L-10,São Paulo,3550308,True,,1715,,,-23.599575,-46.537737,,,,1,2023-06-15T01:17:37+00:00
SAO_2735-21,São Paulo,3550308,True,,33282,,,-23.5284455,-46.548415000000006,,,,2,2023-06-15T01:13:53+00:00
SAO_2735-21,São Paulo,3550308,True,,33282,,,-23.499527,-46.519795,,,,2,2023-06-15T01:16:54+00:00
SAO_2735-21,São Paulo,3550308,True,,33282,,,-23.49869475,-46.5298885,,,,2,2023-06-15T01:16:58+00:00
SAO_2127-10,São Paulo,3550308,True,,33461,,,-23.478293,-46.56974099999999,,,,2,2023-06-15T01:17:09+00:00
SAO_2127-10,São Paulo,3550308,True,,33461,,,-23.494764000000004,-46.58314275000001,,,,2,2023-06-15T01:17:22+00:00
SAO_2127-10,São Paulo,3550308,True,,33461,,,-23.495203500000002,-46.5849165,,,,2,2023-06-15T01:17:11+00:00
SAO_2127-10,São Paulo,3550308,True,,33461,,,-23.558078000000002,-46.636892,,,,2,2023-06-15T01:17:32+00:00
SAO_2127-10,São Paulo,3550308,True,,33461,,,-23.485193499999998,-46.56928525,,,,2,2023-06-15T01:16:40+00:00
SAO_2127-10,São Paulo,3550308,True,,33461,,,-23.50966,-46.59752,,,,2,2023-06-15T01:17:32+00:00
SAO_2127-10,São Paulo,3550308,True,,33461,,,-23.478431,-46.570043,,,,2,2023-06-15T01:17:29+00:00
SAO_8549-10,São Paulo,3550308,True,EMTU,580,https://moovitapp.com/index/pt-br/transporte_p%C3%BAblico-line-580-Sao_Paulo-242-2038937-36419570-0,7.55,-23.524142625000003,-46.703014249999995,,,,1,2023-06-15T01:17:12+00:00
SAO_8549-10,São Paulo,3550308,True,EMTU,580,https://moovitapp.com/index/pt-br/transporte_p%C3%BAblico-line-580-Sao_Paulo-242-2038937-36419570-0,7.55,-23.542927,-46.6365225,,,,1,2023-06-15T01:17:25+00:00
SAO_8549-10,São Paulo,3550308,True,EMTU,580,https://moovitapp.com/index/pt-br/transporte_p%C3%BAblico-line-580-Sao_Paulo-242-2038937-36419570-0,7.55,-23.5399915,-46.645101499999996,,,,1,2023-06-15T01:17:04+00:00
SAO_8549-10,São Paulo,3550308,True,EMTU,580,https://moovitapp.com/index/pt-br/transporte_p%C3%BAblico-line-580-Sao_Paulo-242-2038937-36419570-0,7.55,-23.456180000000003,-46.691851,,,,1,2023-06-15T01:17:35+00:00
SAO_4210-10,São Paulo,3550308,True,,34938,,,-23.583026,-46.408417,,,,2,2023-06-15T01:17:27+00:00
SAO_4210-10,São Paulo,3550308,True,,34938,,,-23.535598125,-46.584652750000004,,,,2,2023-06-15T01:16:45+00:00
SAO_4210-10,São Paulo,3550308,True,,34938,,,-23.547062,-46.630193000000006,,,,2,2023-06-15T01:17:31+00:00
SAO_4210-10,São Paulo,3550308,True,,34938,,,-23.566259000000002,-46.507381,,,,2,2023-06-15T01:17:02+00:00
SAO_4210-10,São Paulo,3550308,True,,34938,,,-23.539642625,-46.543801625,,,,2,2023-06-15T01:17:22+00:00
SAO_4210-10,São Paulo,3550308,True,,34938,,,-23.5921575,-46.417601875,,,,2,2023-06-15T01:16:59+00:00
SAO_4210-10,São Paulo,3550308,True,,34938,,,-23.53890275,-46.557710375,,,,2,2023-06-15T01:17:34+00:00
SAO_4210-10,São Paulo,3550308,True,,34938,,,-23.597027,-46.4568065,,,,2,2023-06-15T01:17:29+00:00
SAO_4210-10,São Paulo,3550308,True,,34938,,,-23.58714825,-46.484072999999995,,,,2,2023-06-15T01:16:55+00:00
SAO_4210-10,São Paulo,3550308,True,,34938,,,-23.56102725,-46.512123375,,,,2,2023-06-15T01:17:11+00:00
SAO_4210-10,São Paulo,3550308,True,,34938,,,-23.5388835,-46.605918,,,,2,2023-06-15T01:17:23+00:00
SAO_4210-10,São Paulo,3550308,True,,34938,,,-23.535645,-46.570648500000004,,,,2,2023-06-15T01:12:53+00:00
SAO_4007-10,São Paulo,3550308,True,,34949,,,-23.558581500000003,-46.522422,,,,2,2023-06-15T01:17:23+00:00
SAO_4007-10,São Paulo,3550308,True,,34949,,,-23.552227000000002,-46.4415295,,,,2,2023-06-15T01:15:00+00:00
SAO_4007-10,São Paulo,3550308,True,,34949,,,-23.556082,-46.478364,,,,2,2023-06-15T01:16:59+00:00
SAO_4007-10,São Paulo,3550308,True,,34949,,,-23.55688725,-46.471277,,,,2,2023-06-15T01:17:09+00:00
SAO_4007-10,São Paulo,3550308,True,,34949,,,-23.5522615,-46.441736000000006,,,,2,2023-06-15T01:17:11+00:00
SAO_4007-10,São Paulo,3550308,True,,34949,,,-23.5496535,-46.507453,,,,2,2023-06-15T01:17:34+00:00
SAO_4007-10,São Paulo,3550308,True,,34949,,,-23.556477375,-46.447955,,,,2,2023-06-15T01:17:29+00:00
SAO_4007-10,São Paulo,3550308,True,,34949,,,-23.565621,-46.3993305,,,,2,2023-06-15T01:17:21+00:00
SAO_209P-10,São Paulo,3550308,True,,2216,,,-23.565859,-46.7013775,,,,1,2023-06-15T01:17:12+00:00
SAO_209P-10,São Paulo,3550308,True,,2216,,,-23.48683075,-46.682437750000005,,,,1,2023-06-15T01:16:56+00:00
SAO_209P-10,São Paulo,3550308,True,,2216,,,-23.563143,-46.690856,,,,1,2023-06-15T01:17:27+00:00
SAO_209P-10,São Paulo,3550308,True,,2216,,,-23.53036,-46.6774845,,,,1,2023-06-15T01:17:02+00:00
SAO_209P-10,São Paulo,3550308,True,,2216,,,-23.559016874999998,-46.68392862500001,,,,1,2023-06-15T01:16:50+00:00
SAO_209P-10,São Paulo,3550308,True,,2216,,,-23.524431999999997,-46.666677,,,,1,2023-06-15T01:17:12+00:00
SAO_209P-10,São Paulo,3550308,True,,2216,,,-23.47180475,-46.67047275,,,,1,2023-06-15T01:17:08+00:00
SAO_209P-10,São Paulo,3550308,True,,2216,,,-23.550652499999998,-46.677495,,,,1,2023-06-15T01:17:32+00:00
SAO_209P-10,São Paulo,3550308,True,,2216,,,-23.47120975,-46.67053275,,,,1,2023-06-15T01:16:11+00:00
SAO_209P-10,São Paulo,3550308,True,,2216,,,-23.47152125,-46.67050425,,,,1,2023-06-15T01:17:16+00:00
SAO_209P-10,São Paulo,3550308,True,,2216,,,-23.470273249999998,-46.67058300000001,,,,1,2023-06-15T01:17:11+00:00
SAO_209P-10,São Paulo,3550308,True,,2216,,,-23.544598625,-46.6767145,,,,1,2023-06-15T01:17:28+00:00
SAO_273F-10,São Paulo,3550308,True,,159,,,-23.514104500000002,-46.443832,,,,1,2023-06-15T01:17:34+00:00
SAO_637G-10,São Paulo,3550308,True,EMTU,101,https://moovitapp.com/index/pt-br/transporte_p%C3%BAblico-line-101-Sao_Paulo-242-2038937-36419264-0,4.8,-23.567141499999998,-46.693627,,,,1,2023-06-15T01:17:11+00:00
SAO_637G-10,São Paulo,3550308,True,EMTU,101,https://moovitapp.com/index/pt-br/transporte_p%C3%BAblico-line-101-Sao_Paulo-242-2038937-36419264-0,4.8,-23.644948375,-46.700573000000006,,,,1,2023-06-15T01:14:00+00:00
SAO_637G-10,São Paulo,3550308,True,EMTU,101,https://moovitapp.com/index/pt-br/transporte_p%C3%BAblico-line-101-Sao_Paulo-242-2038937-36419264-0,4.8,-23.5672905,-46.6933745,,,,1,2023-06-15T01:17:16+00:00
SAO_637G-10,São Paulo,3550308,True,EMTU,101,https://moovitapp.com/index/pt-br/transporte_p%C3%BAblico-line-101-Sao_Paulo-242-2038937-36419264-0,4.8,-23.73608675,-46.694618500000004,,,,1,2023-06-15T01:17:34+00:00
SAO_637G-10,São Paulo,3550308,True,EMTU,101,https://moovitapp.com/index/pt-br/transporte_p%C3%BAblico-line-101-Sao_Paulo-242-2038937-36419264-0,4.8,-23.605312875000003,-46.675319875,,,,1,2023-06-15T01:17:24+00:00
SAO_637G-10,São Paulo,3550308,True,EMTU,101,https://moovitapp.com/index/pt-br/transporte_p%C3%BAblico-line-101-Sao_Paulo-242-2038937-36419264-0,4.8,-23.590533,-46.672435750000005,,,,1,2023-06-15T01:17:36+00:00
SAO_6043-10,São Paulo,3550308,True,,33988,,,-23.643823,-46.7285685,,,,2,2023-06-15T01:17:32+00:00
SAO_6043-10,São Paulo,3550308,True,,33988,,,-23.658319499999998,-46.746978999999996,,,,2,2023-06-15T01:17:01+00:00
SAO_6043-10,São Paulo,3550308,True,,33988,,,-23.656910500000002,-46.755693,,,,2,2023-06-15T01:17:32+00:00
SAO_6043-10,São Paulo,3550308,True,,33988,,,-23.654375,-46.714551,,,,2,2023-06-15T01:16:57+00:00
SAO_6043-10,São Paulo,3550308,True,,33988,,,-23.656910500000002,-46.755693,,,,2,2023-06-15T01:17:38+00:00
SAO_3031-10,São Paulo,3550308,True,,967,,,-23.563451999999998,-46.46389925,,,,1,2023-06-15T01:17:15+00:00
SAO_3031-10,São Paulo,3550308,True,,967,,,-23.542243,-46.4699735,,,,1,2023-06-15T01:14:19+00:00
SAO_3031-10,São Paulo,3550308,True,,967,,,-23.542333999999997,-46.470445999999995,,,,1,2023-06-15T01:16:40+00:00
SAO_3031-10,São Paulo,3550308,True,,967,,,-23.54388975,-46.4691365,,,,1,2023-06-15T01:17:01+00:00
SAO_3031-10,São Paulo,3550308,True,,967,,,-23.6123435,-46.4445015,,,,1,2023-06-15T01:17:13+00:00
SAO_3031-10,São Paulo,3550308,True,,967,,,-23.6035135,-46.443888,,,,1,2023-06-15T01:17:36+00:00
SAO_8009-10,São Paulo,3550308,True,,1259,,,-23.484958,-46.74078825,,,,1,2023-06-15T01:17:09+00:00
SAO_6821-10,São Paulo,3550308,True,,32789,,,-23.675172,-46.7738925,,,,2,2023-06-15T01:16:54+00:00
SAO_6821-10,São Paulo,3550308,True,,32789,,,-23.686324,-46.7810235,,,,2,2023-06-15T01:17:34+00:00
SAO_6821-10,São Paulo,3550308,True,,32789,,,-23.6609205,-46.7681685,,,,2,2023-06-15T01:17:28+00:00
SAO_6821-10,São Paulo,3550308,True,,32789,,,-23.6657115,-46.7709265,,,,2,2023-06-15T01:17:00+00:00
SAO_1772-10,São Paulo,3550308,True,,33403,,,-23.4352895,-46.5818785,,,,2,2023-06-15T01:17:34+00:00
SAO_1772-10,São Paulo,3550308,True,,33403,,,-23.465813,-46.597159000000005,,,,2,2023-06-15T01:17:16+00:00
SAO_1772-10,São Paulo,3550308,True,,33403,,,-23.435150999999998,-46.581629,,,,2,2023-06-15T01:17:05+00:00
SAO_1772-10,São Paulo,3550308,True,,33403,,,-23.439689,-46.574527,,,,2,2023-06-15T01:17:28+00:00
SAO_1772-10,São Paulo,3550308,True,,33403,,,-23.4807045,-46.60357325,,,,2,2023-06-15T01:17:07+00:00
SAO_1772-10,São Paulo,3550308,True,,33403,,,-23.435150999999998,-46.581629,,,,2,2023-06-15T01:17:02+00:00
SAO_1772-10,São Paulo,3550308,True,,33403,,,-23.435150999999998,-46.581629,,,,2,2023-06-15T01:17:31+00:00
SAO_1772-10,São Paulo,3550308,True,,33403,,,-23.451434499999998,-46.588902000000004,,,,2,2023-06-15T01:17:37+00:00
SAO_1772-10,São Paulo,3550308,True,,33403,,,-23.4758605,-46.600027,,,,2,2023-06-15T01:14:42+00:00
SAO_2728-10,São Paulo,3550308,True,,943,,,-23.50582,-46.51703,,,,1,2023-06-15T01:17:31+00:00
SAO_2728-10,São Paulo,3550308,True,,943,,,-23.525074000000004,-46.54891175,,,,1,2023-06-15T01:17:07+00:00
SAO_2728-10,São Paulo,3550308,True,,943,,,-23.533263499999997,-46.544112,,,,1,2023-06-15T01:17:28+00:00
SAO_2728-10,São Paulo,3550308,True,,943,,,-23.509588375,-46.53934675,,,,1,2023-06-15T01:17:36+00:00
SAO_2728-10,São Paulo,3550308,True,,943,,,-23.5182675,-46.5462475,,,,1,2023-06-15T01:17:21+00:00
SAO_2728-10,São Paulo,3550308,True,,943,,,-23.5281565,-46.548699,,,,1,2023-06-15T01:17:29+00:00
SAO_2728-10,São Paulo,3550308,True,,943,,,-23.533263499999997,-46.544112,,,,1,2023-06-15T01:17:25+00:00
SAO_233A-10,São Paulo,3550308,True,EMTU,249,https://moovitapp.com/index/pt-br/transporte_p%C3%BAblico-line-249-Sao_Paulo-242-2038937-58093193-0,5.4,-23.51814125,-46.443884875,,,,1,2023-06-15T01:17:14+00:00
SAO_233A-10,São Paulo,3550308,True,EMTU,249,https://moovitapp.com/index/pt-br/transporte_p%C3%BAblico-line-249-Sao_Paulo-242-2038937-58093193-0,5.4,-23.53674475,-46.47209600000001,,,,1,2023-06-15T01:16:08+00:00
SAO_233A-10,São Paulo,3550308,True,EMTU,249,https://moovitapp.com/index/pt-br/transporte_p%C3%BAblico-line-249-Sao_Paulo-242-2038937-58093193-0,5.4,-23.5466635,-46.5014685,,,,1,2023-06-15T01:15:46+00:00
SAO_4112-10,São Paulo,3550308,True,,33535,,,-23.564497625,-46.632491625,,,,2,2023-06-15T01:17:06+00:00
SAO_4112-10,São Paulo,3550308,True,,33535,,,-23.54337975,-46.643962,,,,2,2023-06-15T01:17:27+00:00
SAO_4112-10,São Paulo,3550308,True,,33535,,,-23.568549750000003,-46.62756125,,,,2,2023-06-15T01:17:24+00:00
SAO_8025-10,São Paulo,3550308,True,,34844,,,-23.591683500000002,-46.765153999999995,,,,2,2023-06-15T01:17:11+00:00
SAO_8025-10,São Paulo,3550308,True,,34844,,,-23.590518,-46.76971475,,,,2,2023-06-15T01:16:56+00:00
SAO_8025-10,São Paulo,3550308,True,,34844,,,-23.5906905,-46.76016525,,,,2,2023-06-15T01:17:17+00:00
SAO_8025-10,São Paulo,3550308,True,,34844,,,-23.5915865,-46.7355185,,,,2,2023-06-15T01:17:31+00:00
SAO_6338-10,São Paulo,3550308,True,,1293,,,-23.6015305,-46.635998,,,,1,2023-06-15T01:17:29+00:00
SAO_6338-10,São Paulo,3550308,True,,1293,,,-23.646406,-46.644999,,,,1,2023-06-15T01:17:10+00:00
SAO_6338-10,São Paulo,3550308,True,,1293,,,-23.59803725,-46.647161374999996,,,,1,2023-06-15T01:17:16+00:00
SAO_6338-10,São Paulo,3550308,True,,1293,,,-23.680701499999998,-46.6388435,,,,1,2023-06-15T01:17:24+00:00
SAO_4021-10,São Paulo,3550308,True,,35316,,,-23.553832625,-46.455839875,,,,2,2023-06-15T01:17:13+00:00
SAO_4021-10,São Paulo,3550308,True,,35316,,,-23.5426705,-46.469872499999994,,,,2,2023-06-15T01:16:39+00:00
SAO_4021-10,São Paulo,3550308,True,,35316,,,-23.56295375,-46.453895,,,,2,2023-06-15T01:17:27+00:00
SAO_4021-10,São Paulo,3550308,True,,35316,,,-23.544716,-46.466840000000005,,,,2,2023-06-15T01:17:41+00:00
SAO_4021-10,São Paulo,3550308,True,,35316,,,-23.54545425,-46.459879625,,,,2,2023-06-15T01:17:08+00:00
SAO_4021-10,São Paulo,3550308,True,,35316,,,-23.544446999999998,-46.469035125000005,,,,2,2023-06-15T01:17:26+00:00
SAO_2708-10,São Paulo,3550308,True,,921,,,-23.524873499999998,-46.431651,,,,1,2023-06-15T01:17:18+00:00
SAO_2708-10,São Paulo,3550308,True,,921,,,-23.5427885,-46.4660645,,,,1,2023-06-15T01:15:03+00:00
SAO_2708-10,São Paulo,3550308,True,,921,,,-23.5433065,-46.4647775,,,,1,2023-06-15T01:15:53+00:00
SAO_2708-10,São Paulo,3550308,True,,921,,,-23.524147,-46.431007,,,,1,2023-06-15T01:17:09+00:00
SAO_3020-10,São Paulo,3550308,True,,958,,,-23.563811,-46.5022595,,,,1,2023-06-15T01:17:25+00:00
SAO_3020-10,São Paulo,3550308,True,,958,,,-23.5632085,-46.5012665,,,,1,2023-06-15T01:17:15+00:00
SAO_3020-10,São Paulo,3550308,True,,958,,,-23.553000249999997,-46.4367265,,,,1,2023-06-15T01:17:34+00:00
SAO_3020-10,São Paulo,3550308,True,,958,,,-23.563078,-46.482935999999995,,,,1,2023-06-15T01:17:11+00:00
SAO_3020-10,São Paulo,3550308,True,,958,,,-23.5347285,-46.4537885,,,,1,2023-06-15T01:17:23+00:00
SAO_312N-10,São Paulo,3550308,True,,990,,,-23.494404,-46.4148335,,,,1,2023-06-15T01:17:12+00:00
SAO_312N-10,São Paulo,3550308,True,,990,,,-23.491016,-46.441969,,,,1,2023-06-15T01:17:27+00:00
SAO_312N-10,São Paulo,3550308,True,,990,,,-23.575288999999998,-46.411761,,,,1,2023-06-15T01:17:17+00:00
SAO_312N-10,São Paulo,3550308,True,,990,,,-23.583213999999998,-46.407660500000006,,,,1,2023-06-15T01:17:30+00:00
SAO_312N-10,São Paulo,3550308,True,,990,,,-23.527621,-46.39721,,,,1,2023-06-15T01:17:34+00:00
SAO_312N-10,São Paulo,3550308,True,,990,,,-23.5427145,-46.4149935,,,,1,2023-06-15T01:17:34+00:00
SAO_312N-10,São Paulo,3550308,True,,990,,,-23.571377499999997,-46.399178000000006,,,,1,2023-06-15T01:17:11+00:00
SAO_312N-10,São Paulo,3550308,True,,990,,,-23.5376015,-46.4059695,,,,1,2023-06-15T01:16:48+00:00
SAO_9018-10,São Paulo,3550308,True,,34039,,,-23.4698875,-46.721775,,,,2,2023-06-15T01:17:16+00:00
SAO_9018-10,São Paulo,3550308,True,,34039,,,-23.4821355,-46.7190335,,,,2,2023-06-15T01:17:36+00:00
SAO_714C-10,São Paulo,3550308,True,,487,,,-23.571487,-46.7079895,,,,1,2023-06-15T01:17:38+00:00
SAO_714C-10,São Paulo,3550308,True,,487,,,-23.589796999999997,-46.7712085,,,,1,2023-06-15T01:16:57+00:00
SAO_8012-10,São Paulo,3550308,True,,34791,,,-23.569065000000002,-46.736230500000005,,,,2,2023-06-15T01:17:31+00:00
SAO_8012-10,São Paulo,3550308,True,,34791,,,-23.5522845,-46.72983599999999,,,,2,2023-06-15T01:17:18+00:00
SAO_8012-10,São Paulo,3550308,True,,34791,,,-23.5553775,-46.733379,,,,2,2023-06-15T01:17:37+00:00
SAO_8012-10,São Paulo,3550308,True,,34791,,,-23.555864999999997,-46.726081750000006,,,,2,2023-06-15T01:16:52+00:00
SAO_1759-10,São Paulo,3550308,True,,33321,,,-23.470055,-46.630438,,,,2,2023-06-15T01:13:51+00:00
SAO_1759-10,São Paulo,3550308,True,,33321,,,-23.48420875,-46.630557499999995,,,,2,2023-06-15T01:17:14+00:00
SAO_1759-10,São Paulo,3550308,True,,33321,,,-23.462799500000003,-46.658779499999994,,,,2,2023-06-15T01:17:31+00:00
SAO_1759-10,São Paulo,3550308,True,,33321,,,-23.4979755,-46.627562,,,,2,2023-06-15T01:17:22+00:00
SAO_1759-10,São Paulo,3550308,True,,33321,,,-23.46303825,-46.652527250000006,,,,2,2023-06-15T01:17:39+00:00
SAO_1759-10,São Paulo,3550308,True,,33321,,,-23.484989125,-46.62952,,,,2,2023-06-15T01:17:28+00:00
SAO_5024-31,São Paulo,3550308,True,,33891,,,-23.654720499999996,-46.701610875,,,,2,2023-06-15T01:16:51+00:00
SAO_5024-31,São Paulo,3550308,True,,33891,,,-23.687494,-46.663107,,,,2,2023-06-15T01:17:22+00:00
SAO_5024-31,São Paulo,3550308,True,,33891,,,-23.6866195,-46.66850375,,,,2,2023-06-15T01:17:26+00:00
SAO_5024-31,São Paulo,3550308,True,,33891,,,-23.676126000000004,-46.68571275,,,,2,2023-06-15T01:17:02+00:00
SAO_1026-10,São Paulo,3550308,True,,35074,,,-23.4704835,-46.7104185,,,,2,2023-06-15T01:16:59+00:00
SAO_1026-10,São Paulo,3550308,True,,35074,,,-23.4757655,-46.698259,,,,2,2023-06-15T01:17:30+00:00
SAO_477A-10,São Paulo,3550308,True,EMTU,346,https://moovitapp.com/index/pt-br/transporte_p%C3%BAblico-line-346-Sao_Paulo-242-2038937-36419429-0,6.3,-23.584263749999998,-46.68242825,,,,1,2023-06-15T01:16:56+00:00
SAO_477A-10,São Paulo,3550308,True,EMTU,346,https://moovitapp.com/index/pt-br/transporte_p%C3%BAblico-line-346-Sao_Paulo-242-2038937-36419429-0,6.3,-23.5834435,-46.682930999999996,,,,1,2023-06-15T01:17:16+00:00
SAO_477A-10,São Paulo,3550308,True,EMTU,346,https://moovitapp.com/index/pt-br/transporte_p%C3%BAblico-line-346-Sao_Paulo-242-2038937-36419429-0,6.3,-23.568828,-46.645803,,,,1,2023-06-15T01:17:37+00:00
SAO_477A-10,São Paulo,3550308,True,EMTU,346,https://moovitapp.com/index/pt-br/transporte_p%C3%BAblico-line-346-Sao_Paulo-242-2038937-36419429-0,6.3,-23.601965,-46.606697,,,,1,2023-06-15T01:17:34+00:00
SAO_477A-10,São Paulo,3550308,True,EMTU,346,https://moovitapp.com/index/pt-br/transporte_p%C3%BAblico-line-346-Sao_Paulo-242-2038937-36419429-0,6.3,-23.566908624999996,-46.623142625,,,,1,2023-06-15T01:17:06+00:00
SAO_172P-10,São Paulo,3550308,True,,33626,,,-23.538182,-46.598991,,,,2,2023-06-15T01:16:09+00:00
SAO_172P-10,São Paulo,3550308,True,,33626,,,-23.441848999999998,-46.588781499999996,,,,2,2023-06-15T01:16:56+00:00
SAO_172P-10,São Paulo,3550308,True,,33626,,,-23.4396355,-46.5757715,,,,2,2023-06-15T01:15:24+00:00
SAO_172P-10,São Paulo,3550308,True,,33626,,,-23.518509375,-46.589751,,,,2,2023-06-15T01:17:04+00:00
SAO_172P-10,São Paulo,3550308,True,,33626,,,-23.511219,-46.5867155,,,,2,2023-06-15T01:14:56+00:00
SAO_172P-10,São Paulo,3550308,True,,33626,,,-23.495140499999998,-46.59804575,,,,2,2023-06-15T01:17:07+00:00
SAO_172P-10,São Paulo,3550308,True,,33626,,,-23.4382725,-46.574276499999996,,,,2,2023-06-15T01:17:13+00:00
SAO_172P-10,São Paulo,3550308,True,,33626,,,-23.43757025,-46.56626125,,,,2,2023-06-15T01:17:35+00:00
SAO_172P-10,São Paulo,3550308,True,,33626,,,-23.493572125,-46.597767250000004,,,,2,2023-06-15T01:17:04+00:00
SAO_172P-10,São Paulo,3550308,True,,33626,,,-23.443562,-46.5900395,,,,2,2023-06-15T01:17:06+00:00
SAO_172P-10,São Paulo,3550308,True,,33626,,,-23.476518499999997,-46.572773999999995,,,,2,2023-06-15T01:17:29+00:00
SAO_172P-10,São Paulo,3550308,True,,33626,,,-23.479936374999998,-46.580044,,,,2,2023-06-15T01:15:40+00:00
SAO_172P-10,São Paulo,3550308,True,,33626,,,-23.441848999999998,-46.588781499999996,,,,2,2023-06-15T01:17:20+00:00
SAO_5129-41,São Paulo,3550308,True,,34742,,,-23.6578199375,-46.69702149999999,,,,2,2023-06-15T01:17:26+00:00
SAO_5129-41,São Paulo,3550308,True,,34742,,,-23.648146750000002,-46.67058075,,,,2,2023-06-15T01:17:23+00:00
SAO_5129-41,São Paulo,3550308,True,,34742,,,-23.645631,-46.6735345,,,,2,2023-06-15T01:17:23+00:00
SAO_5129-41,São Paulo,3550308,True,,34742,,,-23.674775,-46.642773000000005,,,,2,2023-06-15T01:17:13+00:00
SAO_5129-41,São Paulo,3550308,True,,34742,,,-23.653619499999998,-46.701682125000005,,,,2,2023-06-15T01:17:41+00:00
SAO_1787-10,São Paulo,3550308,True,,33418,,,-23.479197499999998,-46.621813,,,,2,2023-06-15T01:14:20+00:00
SAO_1787-10,São Paulo,3550308,True,,33418,,,-23.4599845,-46.6153695,,,,2,2023-06-15T01:17:03+00:00
SAO_1787-10,São Paulo,3550308,True,,33418,,,-23.49109925,-46.624753,,,,2,2023-06-15T01:17:06+00:00
SAO_1787-10,São Paulo,3550308,True,,33418,,,-23.459689500000003,-46.623691750000006,,,,2,2023-06-15T01:17:07+00:00
SAO_978L-10,São Paulo,3550308,True,EMTU,466,https://moovitapp.com/index/pt-br/transporte_p%C3%BAblico-line-466-Sao_Paulo-242-2038937-72712754-0,5.4,-23.540424,-46.6484015,,,,1,2023-06-15T01:17:20+00:00
SAO_978L-10,São Paulo,3550308,True,EMTU,466,https://moovitapp.com/index/pt-br/transporte_p%C3%BAblico-line-466-Sao_Paulo-242-2038937-72712754-0,5.4,-23.480251,-46.673195500000006,,,,1,2023-06-15T01:17:37+00:00
SAO_978L-10,São Paulo,3550308,True,EMTU,466,https://moovitapp.com/index/pt-br/transporte_p%C3%BAblico-line-466-Sao_Paulo-242-2038937-72712754-0,5.4,-23.5251545,-46.665617999999995,,,,1,2023-06-15T01:17:27+00:00
SAO_875P-10,São Paulo,3550308,True,,1341,,,-23.5296565,-46.661507,,,,1,2023-06-15T01:17:23+00:00
SAO_875P-10,São Paulo,3550308,True,,1341,,,-23.581776499999997,-46.638586000000004,,,,1,2023-06-15T01:17:30+00:00
SAO_7411-10,São Paulo,3550308,True,,34144,,,-23.5529145,-46.7319765,,,,2,2023-06-15T01:17:36+00:00
SAO_7411-10,São Paulo,3550308,True,,34144,,,-23.5666545,-46.709402999999995,,,,2,2023-06-15T01:17:20+00:00
SAO_7411-10,São Paulo,3550308,True,,34144,,,-23.542474749999997,-46.64009975,,,,2,2023-06-15T01:17:39+00:00
SAO_2013-10,São Paulo,3550308,True,,33667,,,-23.4666255,-46.639987500000004,,,,2,2023-06-15T01:16:54+00:00
SAO_2013-10,São Paulo,3550308,True,,33667,,,-23.470605499999998,-46.6526935,,,,2,2023-06-15T01:17:04+00:00
SAO_2013-10,São Paulo,3550308,True,,33667,,,-23.46102775,-46.67100575,,,,2,2023-06-15T01:16:57+00:00
SAO_2013-10,São Paulo,3550308,True,,33667,,,-23.4686075,-46.670148499999996,,,,2,2023-06-15T01:17:02+00:00
SAO_2013-10,São Paulo,3550308,True,,33667,,,-23.454400999999997,-46.658887,,,,2,2023-06-15T01:17:35+00:00
SAO_2013-10,São Paulo,3550308,True,,33667,,,-23.454283,-46.658618,,,,2,2023-06-15T01:17:07+00:00
SAO_2013-10,São Paulo,3550308,True,,33667,,,-23.4552945,-46.659262,,,,2,2023-06-15T01:17:01+00:00
SAO_2013-10,São Paulo,3550308,True,,33667,,,-23.458919,-46.648506,,,,2,2023-06-15T01:17:25+00:00
SAO_2013-10,São Paulo,3550308,True,,33667,,,-23.4658535,-46.636955,,,,2,2023-06-15T01:16:02+00:00
SAO_2013-10,São Paulo,3550308,True,,33667,,,-23.454400999999997,-46.658887,,,,2,2023-06-15T01:17:02+00:00
SAO_807A-10,São Paulo,3550308,True,,1900,,,-23.647410999999998,-46.710224999999994,,,,1,2023-06-15T01:17:18+00:00
SAO_807A-10,São Paulo,3550308,True,,1900,,,-23.648601499999998,-46.762421,,,,1,2023-06-15T01:17:10+00:00
SAO_807A-10,São Paulo,3550308,True,,1900,,,-23.648463,-46.7491555,,,,1,2023-06-15T01:16:59+00:00
SAO_3768-10,São Paulo,3550308,True,,33824,,,-23.5867215,-46.386095999999995,,,,2,2023-06-15T01:17:18+00:00
SAO_3768-10,São Paulo,3550308,True,,33824,,,-23.5792495,-46.39006175,,,,2,2023-06-15T01:17:30+00:00
SAO_3768-10,São Paulo,3550308,True,,33824,,,-23.588774,-46.3808085,,,,2,2023-06-15T01:17:28+00:00
SAO_3768-10,São Paulo,3550308,True,,33824,,,-23.541017250000003,-46.4325235,,,,2,2023-06-15T01:16:58+00:00
SAO_3768-10,São Paulo,3550308,True,,33824,,,-23.5864595,-46.386217,,,,2,2023-06-15T01:17:34+00:00
SAO_172P-10,São Paulo,3550308,True,,858,,,-23.54239,-46.5903175,,,,1,2023-06-15T01:17:35+00:00
SAO_172P-10,São Paulo,3550308,True,,858,,,-23.441766,-46.588329,,,,1,2023-06-15T01:17:27+00:00
SAO_172P-10,São Paulo,3550308,True,,858,,,-23.467079124999998,-46.584031624999994,,,,1,2023-06-15T01:14:50+00:00
SAO_172P-10,São Paulo,3550308,True,,858,,,-23.509189,-46.587495000000004,,,,1,2023-06-15T01:17:16+00:00
SAO_172P-10,São Paulo,3550308,True,,858,,,-23.52939825,-46.602333,,,,1,2023-06-15T01:15:42+00:00
SAO_172P-10,São Paulo,3550308,True,,858,,,-23.4389865,-46.575250499999996,,,,1,2023-06-15T01:17:10+00:00
SAO_172P-10,São Paulo,3550308,True,,858,,,-23.493572125,-46.597767250000004,,,,1,2023-06-15T01:17:05+00:00
SAO_775V-10,São Paulo,3550308,True,,33243,,,-23.575860749999997,-46.76582475,,,,2,2023-06-15T01:17:19+00:00
SAO_775V-10,São Paulo,3550308,True,,33243,,,-23.578736499999998,-46.76845325,,,,2,2023-06-15T01:17:23+00:00
SAO_775V-10,São Paulo,3550308,True,,33243,,,-23.5831841875,-46.675964125,,,,2,2023-06-15T01:17:36+00:00
SAO_775V-10,São Paulo,3550308,True,,33243,,,-23.5852035,-46.6768855,,,,2,2023-06-15T01:17:02+00:00
SAO_775V-10,São Paulo,3550308,True,,33243,,,-23.5702755,-46.691122500000006,,,,2,2023-06-15T01:16:57+00:00
SAO_1206-10,São Paulo,3550308,True,,33610,,,-23.520383125000002,-46.5830055,,,,2,2023-06-15T01:17:34+00:00
SAO_1206-10,São Paulo,3550308,True,,33610,,,-23.515634499999997,-46.58635425,,,,2,2023-06-15T01:17:18+00:00
SAO_1206-10,São Paulo,3550308,True,,33610,,,-23.52606925,-46.58249925,,,,2,2023-06-15T01:15:58+00:00
SAO_1206-10,São Paulo,3550308,True,,33610,,,-23.5462215,-46.622327999999996,,,,2,2023-06-15T01:17:00+00:00
SAO_1206-10,São Paulo,3550308,True,,33610,,,-23.520383125000002,-46.5830055,,,,2,2023-06-15T01:17:03+00:00
SAO_1206-10,São Paulo,3550308,True,,33610,,,-23.524184249999998,-46.584453499999995,,,,2,2023-06-15T01:17:10+00:00
SAO_1206-10,São Paulo,3550308,True,,33610,,,-23.516267874999997,-46.585422625,,,,2,2023-06-15T01:17:16+00:00
SAO_1206-10,São Paulo,3550308,True,,33610,,,-23.51989375,-46.59083925,,,,2,2023-06-15T01:17:33+00:00
SAO_6116-10,São Paulo,3550308,True,,1186,,,-23.7552165,-46.660461999999995,,,,1,2023-06-15T01:17:16+00:00
SAO_6116-10,São Paulo,3550308,True,,1186,,,-23.736617,-46.696708,,,,1,2023-06-15T01:17:04+00:00
SAO_6116-10,São Paulo,3550308,True,,1186,,,-23.736617,-46.696708,,,,1,2023-06-15T01:17:29+00:00
SAO_6116-10,São Paulo,3550308,True,,1186,,,-23.746654499999998,-46.6880575,,,,1,2023-06-15T01:17:02+00:00
SAO_6116-10,São Paulo,3550308,True,,1186,,,-23.755252,-46.657334000000006,,,,1,2023-06-15T01:16:59+00:00
SAO_5164-21,São Paulo,3550308,True,,34384,,,-23.624409999999997,-46.64059075,,,,2,2023-06-15T01:17:29+00:00
SAO_5164-21,São Paulo,3550308,True,,34384,,,-23.6083605,-46.637913999999995,,,,2,2023-06-15T01:17:15+00:00
SAO_5164-21,São Paulo,3550308,True,,34384,,,-23.64061425,-46.652763,,,,2,2023-06-15T01:17:01+00:00
SAO_5164-21,São Paulo,3550308,True,,34384,,,-23.5938515,-46.650758749999994,,,,2,2023-06-15T01:16:55+00:00
SAO_648P-10,São Paulo,3550308,True,,32834,,,-23.61210925,-46.695455,,,,2,2023-06-15T01:17:27+00:00
SAO_648P-10,São Paulo,3550308,True,,32834,,,-23.5926915,-46.6892595,,,,2,2023-06-15T01:17:38+00:00
SAO_648P-10,São Paulo,3550308,True,,32834,,,-23.654844500000003,-46.76161,,,,2,2023-06-15T01:17:31+00:00
SAO_648P-10,São Paulo,3550308,True,,32834,,,-23.654714,-46.760605,,,,2,2023-06-15T01:17:22+00:00
SAO_648P-10,São Paulo,3550308,True,,32834,,,-23.586721125,-46.682555750000006,,,,2,2023-06-15T01:17:32+00:00
SAO_957T-10,São Paulo,3550308,True,,33232,,,-23.436301125,-46.716888125,,,,2,2023-06-15T01:17:29+00:00
SAO_957T-10,São Paulo,3550308,True,,33232,,,-23.571949,-46.6900785,,,,2,2023-06-15T01:17:35+00:00
SAO_957T-10,São Paulo,3550308,True,,33232,,,-23.436427374999997,-46.716528374999996,,,,2,2023-06-15T01:17:14+00:00
SAO_957T-10,São Paulo,3550308,True,,33232,,,-23.453577000000003,-46.698788500000006,,,,2,2023-06-15T01:17:40+00:00
SAO_957T-10,São Paulo,3550308,True,,33232,,,-23.4844985,-46.6881535,,,,2,2023-06-15T01:17:14+00:00
SAO_957T-10,São Paulo,3550308,True,,33232,,,-23.498972000000002,-46.696377749999996,,,,2,2023-06-15T01:17:04+00:00
SAO_957T-10,São Paulo,3550308,True,,33232,,,-23.4480265,-46.7153385,,,,2,2023-06-15T01:17:24+00:00
SAO_6836-10,São Paulo,3550308,True,BR7 Mobilidade,13,https://moovitapp.com/index/pt-br/transporte_p%C3%BAblico-line-13-Sao_Paulo-242-851856-705937-0,5.75,-23.6612605,-46.748577,,,,1,2023-06-15T01:17:22+00:00
SAO_6836-10,São Paulo,3550308,True,BR7 Mobilidade,13,https://moovitapp.com/index/pt-br/transporte_p%C3%BAblico-line-13-Sao_Paulo-242-851856-705937-0,5.75,-23.684404999999998,-46.7817855,,,,1,2023-06-15T01:17:08+00:00
SAO_6836-10,São Paulo,3550308,True,BR7 Mobilidade,13,https://moovitapp.com/index/pt-br/transporte_p%C3%BAblico-line-13-Sao_Paulo-242-851856-705937-0,5.75,-23.6438925,-46.733481999999995,,,,1,2023-06-15T01:17:01+00:00
SAO_6836-10,São Paulo,3550308,True,BR7 Mobilidade,13,https://moovitapp.com/index/pt-br/transporte_p%C3%BAblico-line-13-Sao_Paulo-242-851856-705937-0,5.75,-23.676056,-46.774791,,,,1,2023-06-15T01:17:30+00:00
SAO_677A-10,São Paulo,3550308,True,,34007,,,-23.689947,-46.7740025,,,,2,2023-06-15T01:17:18+00:00
SAO_677A-10,São Paulo,3550308,True,,34007,,,-23.5939005,-46.689693500000004,,,,2,2023-06-15T01:16:56+00:00
SAO_677A-10,São Paulo,3550308,True,,34007,,,-23.617988,-46.70162725,,,,2,2023-06-15T01:17:31+00:00
SAO_677A-10,São Paulo,3550308,True,,34007,,,-23.659469875,-46.725195062500006,,,,2,2023-06-15T01:15:26+00:00
SAO_677A-10,São Paulo,3550308,True,,34007,,,-23.590987,-46.6876305,,,,2,2023-06-15T01:16:58+00:00
SAO_677A-10,São Paulo,3550308,True,,34007,,,-23.676165750000003,-46.75748325,,,,2,2023-06-15T01:16:46+00:00
SAO_677A-10,São Paulo,3550308,True,,34007,,,-23.6048515,-46.692813,,,,2,2023-06-15T01:17:19+00:00
SAO_677A-10,São Paulo,3550308,True,,34007,,,-23.622100500000002,-46.705138500000004,,,,2,2023-06-15T01:17:01+00:00
SAO_677A-10,São Paulo,3550308,True,,34007,,,-23.651937500000003,-46.72569,,,,2,2023-06-15T01:16:59+00:00
SAO_677A-10,São Paulo,3550308,True,,34007,,,-23.689751,-46.773829500000005,,,,2,2023-06-15T01:17:09+00:00
SAO_677A-10,São Paulo,3550308,True,,34007,,,-23.6632055,-46.7273575,,,,2,2023-06-15T01:17:01+00:00
SAO_2023-10,São Paulo,3550308,True,,2260,,,-23.479859500000003,-46.6022495,,,,1,2023-06-15T01:17:19+00:00
SAO_2023-10,São Paulo,3550308,True,,2260,,,-23.472721,-46.6074105,,,,1,2023-06-15T01:17:16+00:00
SAO_2023-10,São Paulo,3550308,True,,2260,,,-23.418351,-46.586143,,,,1,2023-06-15T01:17:16+00:00
SAO_2023-10,São Paulo,3550308,True,,2260,,,-23.4792335,-46.60371775,,,,1,2023-06-15T01:17:10+00:00
SAO_3731-10,São Paulo,3550308,True,,1028,,,-23.551715875,-46.5186755,,,,1,2023-06-15T01:17:01+00:00
SAO_3731-10,São Paulo,3550308,True,,1028,,,-23.532547,-46.526469500000005,,,,1,2023-06-15T01:17:32+00:00
SAO_3731-10,São Paulo,3550308,True,,1028,,,-23.55196675,-46.518831500000005,,,,1,2023-06-15T01:17:36+00:00
SAO_3731-10,São Paulo,3550308,True,,1028,,,-23.5326065,-46.526786,,,,1,2023-06-15T01:17:36+00:00
SAO_3731-10,São Paulo,3550308,True,,1028,,,-23.56351,-46.5022905,,,,1,2023-06-15T01:17:25+00:00
SAO_3731-10,São Paulo,3550308,True,,1028,,,-23.564223499999997,-46.50445,,,,1,2023-06-15T01:16:59+00:00
SAO_3731-10,São Paulo,3550308,True,,1028,,,-23.539611999999998,-46.516724999999994,,,,1,2023-06-15T01:17:29+00:00
SAO_5010-10,São Paulo,3550308,True,,1114,,,-23.6537065,-46.7041145,,,,1,2023-06-15T01:17:15+00:00
SAO_5010-10,São Paulo,3550308,True,,1114,,,-23.642864,-46.672678000000005,,,,1,2023-06-15T01:17:37+00:00
SAO_5010-10,São Paulo,3550308,True,,1114,,,-23.6412515,-46.651916625,,,,1,2023-06-15T01:17:19+00:00
SAO_5010-10,São Paulo,3550308,True,,1114,,,-23.6463915,-46.6633355,,,,1,2023-06-15T01:17:14+00:00
SAO_5010-10,São Paulo,3550308,True,,1114,,,-23.655835375,-46.70096025,,,,1,2023-06-15T01:16:17+00:00
SAO_6015-10,São Paulo,3550308,True,,33973,,,-23.6951705,-46.779768,,,,2,2023-06-15T01:17:19+00:00
SAO_6015-10,São Paulo,3550308,True,,33973,,,-23.6628155,-46.707258625,,,,2,2023-06-15T01:17:22+00:00
SAO_6015-10,São Paulo,3550308,True,,33973,,,-23.7065485,-46.7843755,,,,2,2023-06-15T01:17:32+00:00
SAO_6015-10,São Paulo,3550308,True,,33973,,,-23.645691,-46.7039915,,,,2,2023-06-15T01:17:20+00:00
SAO_6015-10,São Paulo,3550308,True,,33973,,,-23.6510335,-46.709010500000005,,,,2,2023-06-15T01:17:25+00:00
SAO_6015-10,São Paulo,3550308,True,,33973,,,-23.694046,-46.779716,,,,2,2023-06-15T01:17:19+00:00
SAO_6015-10,São Paulo,3550308,True,,33973,,,-23.6455691875,-46.702333749999994,,,,2,2023-06-15T01:17:03+00:00
SAO_6015-10,São Paulo,3550308,True,,33973,,,-23.6753815,-46.748957,,,,2,2023-06-15T01:16:58+00:00
SAO_6015-10,São Paulo,3550308,True,,33973,,,-23.683644,-46.7697455,,,,2,2023-06-15T01:17:16+00:00
SAO_6015-10,São Paulo,3550308,True,,33973,,,-23.66450125,-46.7094005,,,,2,2023-06-15T01:17:02+00:00
SAO_6015-10,São Paulo,3550308,True,,33973,,,-23.648953749999997,-46.70467775,,,,2,2023-06-15T01:17:03+00:00
SAO_2720-10,São Paulo,3550308,True,,933,,,-23.508490000000002,-46.494468999999995,,,,1,2023-06-15T01:17:30+00:00
SAO_2720-10,São Paulo,3550308,True,,933,,,-23.52835225,-46.5179975,,,,1,2023-06-15T01:17:17+00:00
SAO_2720-10,São Paulo,3550308,True,,933,,,-23.52137475,-46.51627125,,,,1,2023-06-15T01:17:39+00:00
SAO_2720-10,São Paulo,3550308,True,,933,,,-23.499168,-46.478771,,,,1,2023-06-15T01:17:33+00:00
SAO_2720-10,São Paulo,3550308,True,,933,,,-23.523326500000003,-46.521530999999996,,,,1,2023-06-15T01:17:15+00:00
SAO_2720-10,São Paulo,3550308,True,,933,,,-23.499399500000003,-46.478699500000005,,,,1,2023-06-15T01:17:29+00:00
SAO_2720-10,São Paulo,3550308,True,,933,,,-23.493471,-46.470558,,,,1,2023-06-15T01:17:21+00:00
SAO_546J-31,São Paulo,3550308,True,,34783,,,-23.663352,-46.684085,,,,2,2023-06-15T01:16:58+00:00
SAO_546J-31,São Paulo,3550308,True,,34783,,,-23.692901,-46.660759999999996,,,,2,2023-06-15T01:17:20+00:00
SAO_546J-31,São Paulo,3550308,True,,34783,,,-23.6707965,-46.6691875,,,,2,2023-06-15T01:17:31+00:00
SAO_546J-31,São Paulo,3550308,True,,34783,,,-23.67531375,-46.661088500000005,,,,2,2023-06-15T01:17:17+00:00
SAO_5611-10,São Paulo,3550308,True,EMTU,598,https://moovitapp.com/index/pt-br/transporte_p%C3%BAblico-line-598-Sao_Paulo-242-2038937-36419579-0,7.05,-23.575944999999997,-46.64233525,,,,1,2023-06-15T01:16:59+00:00
SAO_5611-10,São Paulo,3550308,True,EMTU,598,https://moovitapp.com/index/pt-br/transporte_p%C3%BAblico-line-598-Sao_Paulo-242-2038937-36419579-0,7.05,-23.695097750000002,-46.676745999999994,,,,1,2023-06-15T01:16:56+00:00
SAO_5611-10,São Paulo,3550308,True,EMTU,598,https://moovitapp.com/index/pt-br/transporte_p%C3%BAblico-line-598-Sao_Paulo-242-2038937-36419579-0,7.05,-23.616238000000003,-46.660584625,,,,1,2023-06-15T01:17:12+00:00
SAO_6039-10,São Paulo,3550308,True,,33985,,,-23.64431275,-46.728536500000004,,,,2,2023-06-15T01:17:17+00:00
SAO_6039-10,São Paulo,3550308,True,,33985,,,-23.658731000000003,-46.765608,,,,2,2023-06-15T01:17:16+00:00
SAO_6039-10,São Paulo,3550308,True,,33985,,,-23.644305,-46.744851499999996,,,,2,2023-06-15T01:17:14+00:00
SAO_6039-10,São Paulo,3550308,True,,33985,,,-23.67899,-46.795347,,,,2,2023-06-15T01:17:20+00:00
SAO_6039-10,São Paulo,3550308,True,,33985,,,-23.6600855,-46.772391,,,,2,2023-06-15T01:17:30+00:00
SAO_6039-10,São Paulo,3550308,True,,33985,,,-23.659925625,-46.773087000000004,,,,2,2023-06-15T01:17:15+00:00
SAO_6039-10,São Paulo,3550308,True,,33985,,,-23.651622,-46.715934250000004,,,,2,2023-06-15T01:17:39+00:00
SAO_6039-10,São Paulo,3550308,True,,33985,,,-23.65556425,-46.761855749999995,,,,2,2023-06-15T01:17:26+00:00
SAO_263C-10,São Paulo,3550308,True,,33020,,,-23.494686,-46.427058,,,,2,2023-06-15T01:17:30+00:00
SAO_263C-10,São Paulo,3550308,True,,33020,,,-23.47940875,-46.420387,,,,2,2023-06-15T01:17:06+00:00
SAO_263C-10,São Paulo,3550308,True,,33020,,,-23.542913,-46.410281999999995,,,,2,2023-06-15T01:17:17+00:00
SAO_263C-10,São Paulo,3550308,True,,33020,,,-23.50086725,-46.41516125,,,,2,2023-06-15T01:17:05+00:00
SAO_6027-10,São Paulo,3550308,True,,90,,,-23.723295,-46.6801455,,,,1,2023-06-15T01:17:30+00:00
SAO_6027-10,São Paulo,3550308,True,,90,,,-23.654246999999998,-46.712731500000004,,,,1,2023-06-15T01:17:14+00:00
SAO_6027-10,São Paulo,3550308,True,,90,,,-23.654246999999998,-46.712731500000004,,,,1,2023-06-15T01:17:00+00:00
SAO_6027-10,São Paulo,3550308,True,,90,,,-23.6659965,-46.711823,,,,1,2023-06-15T01:17:30+00:00
SAO_6027-10,São Paulo,3550308,True,,90,,,-23.720882500000002,-46.675899,,,,1,2023-06-15T01:17:27+00:00
SAO_6027-10,São Paulo,3550308,True,,90,,,-23.705854625,-46.700533875,,,,1,2023-06-15T01:17:33+00:00
SAO_172U-10,São Paulo,3550308,True,,860,,,-23.4778575,-46.606089,,,,1,2023-06-15T01:17:33+00:00
SAO_172U-10,São Paulo,3550308,True,,860,,,-23.50217,-46.62488,,,,1,2023-06-15T01:17:33+00:00
SAO_172U-10,São Paulo,3550308,True,,860,,,-23.536396,-46.622284,,,,1,2023-06-15T01:17:19+00:00
SAO_172U-10,São Paulo,3550308,True,,860,,,-23.55082075,-46.6009985,,,,1,2023-06-15T01:17:28+00:00
SAO_172U-10,São Paulo,3550308,True,,860,,,-23.5691675,-46.581795,,,,1,2023-06-15T01:17:18+00:00
SAO_172U-10,São Paulo,3550308,True,,860,,,-23.568557749999997,-46.58377125,,,,1,2023-06-15T01:17:30+00:00
SAO_172U-10,São Paulo,3550308,True,,860,,,-23.55165075,-46.602172,,,,1,2023-06-15T01:17:01+00:00
SAO_172U-10,São Paulo,3550308,True,,860,,,-23.4644525,-46.596099,,,,1,2023-06-15T01:17:22+00:00
SAO_172U-10,São Paulo,3550308,True,,860,,,-23.447629,-46.589038,,,,1,2023-06-15T01:16:58+00:00
SAO_172U-10,São Paulo,3550308,True,,860,,,-23.4794235,-46.608024,,,,1,2023-06-15T01:16:56+00:00
SAO_2203-10,São Paulo,3550308,True,,33679,,,-23.531018500000002,-46.537980250000004,,,,2,2023-06-15T01:16:50+00:00
SAO_2203-10,São Paulo,3550308,True,,33679,,,-23.51649025,-46.48603775,,,,2,2023-06-15T01:17:24+00:00
SAO_2203-10,São Paulo,3550308,True,,33679,,,-23.529364,-46.527473,,,,2,2023-06-15T01:17:18+00:00
SAO_2203-10,São Paulo,3550308,True,,33679,,,-23.524728,-46.5455005,,,,2,2023-06-15T01:17:20+00:00
SAO_2203-10,São Paulo,3550308,True,,33679,,,-23.52303225,-46.49666075,,,,2,2023-06-15T01:17:08+00:00
SAO_2203-10,São Paulo,3550308,True,,33679,,,-23.520712000000003,-46.484475,,,,2,2023-06-15T01:17:21+00:00
SAO_2203-10,São Paulo,3550308,True,,33679,,,-23.5260605,-46.503984,,,,2,2023-06-15T01:17:27+00:00
SAO_2019-10,São Paulo,3550308,True,,33673,,,-23.5322215,-46.494806999999994,,,,2,2023-06-15T01:17:28+00:00
SAO_2019-10,São Paulo,3550308,True,,33673,,,-23.529691999999997,-46.47905,,,,2,2023-06-15T01:17:07+00:00
SAO_2019-10,São Paulo,3550308,True,,33673,,,-23.53121325,-46.5393395,,,,2,2023-06-15T01:14:00+00:00
SAO_2019-10,São Paulo,3550308,True,,33673,,,-23.523124,-46.520037,,,,2,2023-06-15T01:17:15+00:00
SAO_2019-10,São Paulo,3550308,True,,33673,,,-23.529691999999997,-46.47905,,,,2,2023-06-15T01:17:25+00:00
SAO_2019-10,São Paulo,3550308,True,,33673,,,-23.530367249999998,-46.533845875,,,,2,2023-06-15T01:17:00+00:00
SAO_407A-10,São Paulo,3550308,True,,2194,,,-23.584018999999998,-46.534446,,,,1,2023-06-15T01:17:10+00:00
SAO_407A-10,São Paulo,3550308,True,,2194,,,-23.56731025,-46.5428275,,,,1,2023-06-15T01:17:27+00:00
SAO_407A-10,São Paulo,3550308,True,,2194,,,-23.57373725,-46.512862375,,,,1,2023-06-15T01:17:04+00:00
SAO_407A-10,São Paulo,3550308,True,,2194,,,-23.5626025,-46.5594625,,,,1,2023-06-15T01:16:57+00:00
SAO_407A-10,São Paulo,3550308,True,,2194,,,-23.538731,-46.6048935,,,,1,2023-06-15T01:16:55+00:00
SAO_3098-10,São Paulo,3550308,True,,33846,,,-23.612296,-46.475164500000005,,,,2,2023-06-15T01:17:22+00:00
SAO_3098-10,São Paulo,3550308,True,,33846,,,-23.60928525,-46.477388000000005,,,,2,2023-06-15T01:17:22+00:00
SAO_3098-10,São Paulo,3550308,True,,33846,,,-23.624953,-46.463969500000005,,,,2,2023-06-15T01:17:22+00:00
SAO_3098-10,São Paulo,3550308,True,,33846,,,-23.5650915,-46.5085165,,,,2,2023-06-15T01:17:05+00:00
SAO_3098-10,São Paulo,3550308,True,,33846,,,-23.598281375,-46.486177999999995,,,,2,2023-06-15T01:17:21+00:00
SAO_3098-10,São Paulo,3550308,True,,33846,,,-23.631781750000002,-46.45626,,,,2,2023-06-15T01:17:17+00:00
SAO_3098-10,São Paulo,3550308,True,,33846,,,-23.606424500000003,-46.479271499999996,,,,2,2023-06-15T01:17:09+00:00
SAO_3098-10,São Paulo,3550308,True,,33846,,,-23.571870500000003,-46.5045255,,,,2,2023-06-15T01:17:26+00:00
SAO_3098-10,São Paulo,3550308,True,,33846,,,-23.603000375,-46.482178875,,,,2,2023-06-15T01:17:38+00:00
SAO_3098-10,São Paulo,3550308,True,,33846,,,-23.631781750000002,-46.45626,,,,2,2023-06-15T01:17:02+00:00
SAO_3098-10,São Paulo,3550308,True,,33846,,,-23.5929201875,-46.488674562499995,,,,2,2023-06-15T01:17:29+00:00
SAO_3098-10,São Paulo,3550308,True,,33846,,,-23.611962499999997,-46.4742525,,,,2,2023-06-15T01:17:27+00:00
SAO_7013-10,São Paulo,3550308,True,,775,,,-23.59181125,-46.73579,,,,1,2023-06-15T01:17:31+00:00
SAO_7013-10,São Paulo,3550308,True,,775,,,-23.5943715,-46.7431,,,,1,2023-06-15T01:17:28+00:00
SAO_7013-10,São Paulo,3550308,True,,775,,,-23.633623999999998,-46.758132,,,,1,2023-06-15T01:17:39+00:00
SAO_7013-10,São Paulo,3550308,True,,775,,,-23.61989425,-46.757946625,,,,1,2023-06-15T01:17:02+00:00
SAO_1756-10,São Paulo,3550308,True,,547,,,-23.5027915,-46.6240325,,,,1,2023-06-15T01:17:27+00:00
SAO_1756-10,São Paulo,3550308,True,,547,,,-23.4821325,-46.63238775000001,,,,1,2023-06-15T01:17:05+00:00
SAO_1756-10,São Paulo,3550308,True,,547,,,-23.474501500000002,-46.6394885,,,,1,2023-06-15T01:17:13+00:00
SAO_7053-22,São Paulo,3550308,True,,1896,,,-23.640282499999998,-46.780722999999995,,,,1,2023-06-15T01:17:29+00:00
SAO_475M-10,São Paulo,3550308,True,,33111,,,-23.540424,-46.6484015,,,,2,2023-06-15T01:17:27+00:00
SAO_475M-10,São Paulo,3550308,True,,33111,,,-23.579954375,-46.639447624999995,,,,2,2023-06-15T01:17:02+00:00
SAO_475M-10,São Paulo,3550308,True,,33111,,,-23.5881845,-46.6309855,,,,2,2023-06-15T01:17:20+00:00
SAO_172X-10,São Paulo,3550308,True,,33629,,,-23.50426375,-46.565462249999996,,,,2,2023-06-15T01:17:31+00:00
SAO_172X-10,São Paulo,3550308,True,,33629,,,-23.539328250000004,-46.57760775,,,,2,2023-06-15T01:17:31+00:00
SAO_172X-10,São Paulo,3550308,True,,33629,,,-23.5252375,-46.562381,,,,2,2023-06-15T01:16:23+00:00
SAO_172X-10,São Paulo,3550308,True,,33629,,,-23.504231249999997,-46.56582875,,,,2,2023-06-15T01:17:24+00:00
SAO_172X-10,São Paulo,3550308,True,,33629,,,-23.537764,-46.5657915,,,,2,2023-06-15T01:16:57+00:00
SAO_172X-10,São Paulo,3550308,True,,33629,,,-23.522542625,-46.568175749999995,,,,2,2023-06-15T01:16:56+00:00
SAO_172X-10,São Paulo,3550308,True,,33629,,,-23.528185,-46.56663575,,,,2,2023-06-15T01:17:36+00:00
SAO_172X-10,São Paulo,3550308,True,,33629,,,-23.5396745,-46.5753735,,,,2,2023-06-15T01:17:23+00:00
SAO_172X-10,São Paulo,3550308,True,,33629,,,-23.520057,-46.5680885,,,,2,2023-06-15T01:17:21+00:00
SAO_172X-10,São Paulo,3550308,True,,33629,,,-23.507073499999997,-46.567660000000004,,,,2,2023-06-15T01:17:12+00:00
SAO_172X-10,São Paulo,3550308,True,,33629,,,-23.514542499999997,-46.56792300000001,,,,2,2023-06-15T01:17:01+00:00
SAO_172X-10,São Paulo,3550308,True,,33629,,,-23.50426375,-46.565462249999996,,,,2,2023-06-15T01:15:25+00:00
SAO_6036-10,São Paulo,3550308,True,,1214,,,-23.6539115,-46.789851999999996,,,,1,2023-06-15T01:17:06+00:00
SAO_6036-10,São Paulo,3550308,True,,1214,,,-23.649198,-46.7526175,,,,1,2023-06-15T01:17:12+00:00
SAO_6036-10,São Paulo,3550308,True,,1214,,,-23.6492345,-46.7916395,,,,1,2023-06-15T01:17:29+00:00
SAO_6036-10,São Paulo,3550308,True,,1214,,,-23.65160925,-46.7786245,,,,1,2023-06-15T01:17:02+00:00
SAO_775A-10,São Paulo,3550308,True,,33241,,,-23.571330625,-46.708110749999996,,,,2,2023-06-15T01:17:20+00:00
SAO_775A-10,São Paulo,3550308,True,,33241,,,-23.579117,-46.7455165,,,,2,2023-06-15T01:17:11+00:00
SAO_2724-10,São Paulo,3550308,True,,33706,,,-23.523377500000002,-46.472772,,,,2,2023-06-15T01:17:22+00:00
SAO_2724-10,São Paulo,3550308,True,,33706,,,-23.539928500000002,-46.482043874999995,,,,2,2023-06-15T01:17:34+00:00
SAO_2724-10,São Paulo,3550308,True,,33706,,,-23.5337275,-46.473676999999995,,,,2,2023-06-15T01:17:17+00:00
SAO_2724-10,São Paulo,3550308,True,,33706,,,-23.539782000000002,-46.482977500000004,,,,2,2023-06-15T01:17:07+00:00
SAO_2435-10,São Paulo,3550308,True,,32978,,,-23.52351575,-46.550139,,,,2,2023-06-15T01:17:34+00:00
SAO_2435-10,São Paulo,3550308,True,,32978,,,-23.522682,-46.524017,,,,2,2023-06-15T01:16:59+00:00
SAO_2435-10,São Paulo,3550308,True,,32978,,,-23.5333405,-46.479867,,,,2,2023-06-15T01:16:32+00:00
SAO_546A-31,São Paulo,3550308,True,,1132,,,-23.7139475,-46.6571055,,,,1,2023-06-15T01:17:33+00:00
SAO_546A-31,São Paulo,3550308,True,,1132,,,-23.6920815,-46.67773,,,,1,2023-06-15T01:17:29+00:00
SAO_695X-22,São Paulo,3550308,True,,34389,,,-23.67884875,-46.68550675,,,,2,2023-06-15T01:17:39+00:00
SAO_695X-22,São Paulo,3550308,True,,34389,,,-23.7645835,-46.716998000000004,,,,2,2023-06-15T01:16:56+00:00
SAO_695X-22,São Paulo,3550308,True,,34389,,,-23.666985500000003,-46.679812999999996,,,,2,2023-06-15T01:15:12+00:00
SAO_695X-22,São Paulo,3550308,True,,34389,,,-23.706483,-46.700525999999996,,,,2,2023-06-15T01:16:27+00:00
SAO_695X-22,São Paulo,3550308,True,,34389,,,-23.7667585,-46.71704,,,,2,2023-06-15T01:16:23+00:00
SAO_6028-10,São Paulo,3550308,True,,33979,,,-23.654134499999998,-46.708625,,,,2,2023-06-15T01:17:00+00:00
SAO_6028-10,São Paulo,3550308,True,,33979,,,-23.686113499999998,-46.7382,,,,2,2023-06-15T01:17:28+00:00
SAO_6028-10,São Paulo,3550308,True,,33979,,,-23.66450125,-46.7094005,,,,2,2023-06-15T01:17:07+00:00
SAO_6028-10,São Paulo,3550308,True,,33979,,,-23.702781,-46.7466875,,,,2,2023-06-15T01:16:59+00:00
SAO_6028-10,São Paulo,3550308,True,,33979,,,-23.69032575,-46.759247,,,,2,2023-06-15T01:17:10+00:00
SAO_6028-10,São Paulo,3550308,True,,33979,,,-23.702140999999997,-46.744587499999994,,,,2,2023-06-15T01:17:13+00:00
SAO_6028-10,São Paulo,3550308,True,,33979,,,-23.686060500000004,-46.73856325,,,,2,2023-06-15T01:17:03+00:00
SAO_6028-10,São Paulo,3550308,True,,33979,,,-23.702140999999997,-46.744587499999994,,,,2,2023-06-15T01:17:35+00:00
SAO_6028-10,São Paulo,3550308,True,,33979,,,-23.6854225,-46.742993999999996,,,,2,2023-06-15T01:16:57+00:00
SAO_271P-10,São Paulo,3550308,True,,33472,,,-23.4985585,-46.514556999999996,,,,2,2023-06-15T01:17:21+00:00
SAO_271P-10,São Paulo,3550308,True,,33472,,,-23.5318015,-46.6254675,,,,2,2023-06-15T01:17:38+00:00
SAO_271P-10,São Paulo,3550308,True,,33472,,,-23.4979085,-46.514503000000005,,,,2,2023-06-15T01:17:22+00:00
SAO_271P-10,São Paulo,3550308,True,,33472,,,-23.535598125,-46.584652750000004,,,,2,2023-06-15T01:17:20+00:00
SAO_271P-10,São Paulo,3550308,True,,33472,,,-23.532635749999997,-46.56256275,,,,2,2023-06-15T01:14:21+00:00
SAO_271P-10,São Paulo,3550308,True,,33472,,,-23.534957750000004,-46.5802675,,,,2,2023-06-15T01:17:23+00:00
SAO_271P-10,São Paulo,3550308,True,,33472,,,-23.53682375,-46.59018575,,,,2,2023-06-15T01:17:18+00:00
SAO_3160-10,São Paulo,3550308,True,EMTU,125,https://moovitapp.com/index/pt-br/transporte_p%C3%BAblico-line-125-Sao_Paulo-242-2038937-36419283-0,5.15,-23.5814345,-46.586363500000004,,,,1,2023-06-15T01:17:38+00:00
SAO_3160-10,São Paulo,3550308,True,EMTU,125,https://moovitapp.com/index/pt-br/transporte_p%C3%BAblico-line-125-Sao_Paulo-242-2038937-36419283-0,5.15,-23.5484535,-46.6287735,,,,1,2023-06-15T01:16:58+00:00
SAO_3160-10,São Paulo,3550308,True,EMTU,125,https://moovitapp.com/index/pt-br/transporte_p%C3%BAblico-line-125-Sao_Paulo-242-2038937-36419283-0,5.15,-23.5579055,-46.600278,,,,1,2023-06-15T01:16:59+00:00
SAO_1016-10,São Paulo,3550308,True,,33599,,,-23.513872,-46.6160225,,,,2,2023-06-15T01:17:30+00:00
SAO_1016-10,São Paulo,3550308,True,,33599,,,-23.513872,-46.6160225,,,,2,2023-06-15T01:17:40+00:00
SAO_1016-10,São Paulo,3550308,True,,33599,,,-23.501265500000002,-46.61516,,,,2,2023-06-15T01:17:23+00:00
SAO_1016-10,São Paulo,3550308,True,,33599,,,-23.48995875,-46.6100845,,,,2,2023-06-15T01:14:07+00:00
SAO_1016-10,São Paulo,3550308,True,,33599,,,-23.458576,-46.6023755,,,,2,2023-06-15T01:12:13+00:00
SAO_1016-10,São Paulo,3550308,True,,33599,,,-23.5092905,-46.6155445,,,,2,2023-06-15T01:17:32+00:00
SAO_1016-10,São Paulo,3550308,True,,33599,,,-23.463920375,-46.60353925,,,,2,2023-06-15T01:16:58+00:00
SAO_1016-10,São Paulo,3550308,True,,33599,,,-23.477825250000002,-46.609804999999994,,,,2,2023-06-15T01:15:05+00:00
SAO_6824-10,São Paulo,3550308,True,BR7 Mobilidade,23,https://moovitapp.com/index/pt-br/transporte_p%C3%BAblico-line-23-Sao_Paulo-242-851856-518590-0,5.75,-23.654101,-46.763310000000004,,,,1,2023-06-15T01:17:29+00:00
SAO_6824-10,São Paulo,3550308,True,BR7 Mobilidade,23,https://moovitapp.com/index/pt-br/transporte_p%C3%BAblico-line-23-Sao_Paulo-242-851856-518590-0,5.75,-23.667683500000003,-46.7862525,,,,1,2023-06-15T01:17:03+00:00
SAO_1759-10,São Paulo,3550308,True,,553,,,-23.464035125000002,-46.654045625,,,,1,2023-06-15T01:17:10+00:00
SAO_1759-10,São Paulo,3550308,True,,553,,,-23.503025,-46.6242335,,,,1,2023-06-15T01:17:14+00:00
SAO_1759-10,São Paulo,3550308,True,,553,,,-23.46886875,-46.630584750000004,,,,1,2023-06-15T01:12:10+00:00
SAO_701A-10,São Paulo,3550308,True,,33457,,,-23.4736435,-46.565765999999996,,,,2,2023-06-15T01:17:31+00:00
SAO_701A-10,São Paulo,3550308,True,,33457,,,-23.562929625,-46.686464125,,,,2,2023-06-15T01:17:12+00:00
SAO_701A-10,São Paulo,3550308,True,,33457,,,-23.538557875000002,-46.598858750000005,,,,2,2023-06-15T01:15:39+00:00
SAO_701A-10,São Paulo,3550308,True,,33457,,,-23.5065535,-46.589363500000005,,,,2,2023-06-15T01:17:37+00:00
SAO_701A-10,São Paulo,3550308,True,,33457,,,-23.4737385,-46.565966,,,,2,2023-06-15T01:16:58+00:00
SAO_701A-10,São Paulo,3550308,True,,33457,,,-23.479107,-46.578289500000004,,,,2,2023-06-15T01:14:48+00:00
SAO_701A-10,São Paulo,3550308,True,,33457,,,-23.5392834375,-46.599033000000006,,,,2,2023-06-15T01:17:04+00:00
SAO_701A-10,São Paulo,3550308,True,,33457,,,-23.479107,-46.578289500000004,,,,2,2023-06-15T01:14:54+00:00
SAO_701A-10,São Paulo,3550308,True,,33457,,,-23.559183249999997,-46.689283625,,,,2,2023-06-15T01:17:22+00:00
SAO_701A-10,São Paulo,3550308,True,,33457,,,-23.513438750000002,-46.58576475,,,,2,2023-06-15T01:17:07+00:00
SAO_701A-10,São Paulo,3550308,True,,33457,,,-23.547456,-46.6400205,,,,2,2023-06-15T01:16:56+00:00
SAO_2005-10,São Paulo,3550308,True,,33661,,,-23.49100225,-46.415285499999996,,,,2,2023-06-15T01:16:17+00:00
SAO_2005-10,São Paulo,3550308,True,,33661,,,-23.4943285,-46.42319,,,,2,2023-06-15T01:17:06+00:00
SAO_2005-10,São Paulo,3550308,True,,33661,,,-23.4892095,-46.416281,,,,2,2023-06-15T01:17:27+00:00
SAO_2005-10,São Paulo,3550308,True,,33661,,,-23.490944499999998,-46.445358,,,,2,2023-06-15T01:17:30+00:00
SAO_2028-10,São Paulo,3550308,True,,2263,,,-23.4657055,-46.584512000000004,,,,1,2023-06-15T01:17:12+00:00
SAO_2028-10,São Paulo,3550308,True,,2263,,,-23.4796385,-46.6036165,,,,1,2023-06-15T01:17:11+00:00
SAO_1783-10,São Paulo,3550308,True,,33412,,,-23.5024435,-46.623836,,,,2,2023-06-15T01:17:34+00:00
SAO_1783-10,São Paulo,3550308,True,,33412,,,-23.4038805,-46.5817005,,,,2,2023-06-15T01:17:19+00:00
SAO_1783-10,São Paulo,3550308,True,,33412,,,-23.47300675,-46.60758775,,,,2,2023-06-15T01:16:40+00:00
SAO_1783-10,São Paulo,3550308,True,,33412,,,-23.418835,-46.586325,,,,2,2023-06-15T01:15:08+00:00
SAO_1783-10,São Paulo,3550308,True,,33412,,,-23.487914500000002,-46.6220705,,,,2,2023-06-15T01:14:32+00:00
SAO_1783-10,São Paulo,3550308,True,,33412,,,-23.398296000000002,-46.577902,,,,2,2023-06-15T01:17:09+00:00
SAO_4315-10,São Paulo,3550308,True,,34943,,,-23.54384125,-46.546339,,,,2,2023-06-15T01:17:21+00:00
SAO_4315-10,São Paulo,3550308,True,,34943,,,-23.54744825,-46.540079,,,,2,2023-06-15T01:17:08+00:00
SAO_4315-10,São Paulo,3550308,True,,34943,,,-23.5577975,-46.523224,,,,2,2023-06-15T01:17:13+00:00
SAO_4315-10,São Paulo,3550308,True,,34943,,,-23.5452285,-46.596523000000005,,,,2,2023-06-15T01:17:06+00:00
SAO_7009-10,São Paulo,3550308,True,,34719,,,-23.683030000000002,-46.7687525,,,,2,2023-06-15T01:17:34+00:00
SAO_7009-10,São Paulo,3550308,True,,34719,,,-23.6997605,-46.7805055,,,,2,2023-06-15T01:17:20+00:00
SAO_5038-10,São Paulo,3550308,True,,1661,,,-23.636886,-46.606623,,,,1,2023-06-15T01:17:33+00:00
SAO_5038-10,São Paulo,3550308,True,,1661,,,-23.6028795,-46.601814000000005,,,,1,2023-06-15T01:17:39+00:00
SAO_5038-10,São Paulo,3550308,True,,1661,,,-23.63024525,-46.602977249999995,,,,1,2023-06-15T01:17:08+00:00
SAO_5038-10,São Paulo,3550308,True,,1661,,,-23.65083,-46.6142375,,,,1,2023-06-15T01:17:34+00:00
SAO_4114-10,São Paulo,3550308,True,EMTU,321,https://moovitapp.com/index/pt-br/transporte_p%C3%BAblico-line-321-Sao_Paulo-242-2038937-36419411-0,5.4,-23.569881375,-46.634659875,,,,1,2023-06-15T01:17:14+00:00
SAO_3010-10,São Paulo,3550308,True,,2543,,,-23.518321,-46.475637,,,,1,2023-06-15T01:16:59+00:00
SAO_3010-10,São Paulo,3550308,True,,2543,,,-23.513982,-46.4514585,,,,1,2023-06-15T01:17:00+00:00
SAO_8004-10,São Paulo,3550308,True,,34022,,,-23.470457,-46.751476499999995,,,,2,2023-06-15T01:17:23+00:00
SAO_8004-10,São Paulo,3550308,True,,34022,,,-23.520303499999997,-46.7110705,,,,2,2023-06-15T01:16:57+00:00
SAO_8004-10,São Paulo,3550308,True,,34022,,,-23.470188,-46.751977,,,,2,2023-06-15T01:17:03+00:00
SAO_8004-10,São Paulo,3550308,True,,34022,,,-23.488157,-46.756147,,,,2,2023-06-15T01:17:31+00:00
SAO_8004-10,São Paulo,3550308,True,,34022,,,-23.506788999999998,-46.747021000000004,,,,2,2023-06-15T01:17:13+00:00
SAO_213E-10,São Paulo,3550308,True,,35266,,,-23.542281000000003,-46.589968999999996,,,,2,2023-06-15T01:17:07+00:00
SAO_213E-10,São Paulo,3550308,True,,35266,,,-23.542281000000003,-46.589968999999996,,,,2,2023-06-15T01:17:15+00:00
SAO_213E-10,São Paulo,3550308,True,,35266,,,-23.50807575,-46.571456,,,,2,2023-06-15T01:16:38+00:00
SAO_213E-10,São Paulo,3550308,True,,35266,,,-23.477741875,-46.564192125,,,,2,2023-06-15T01:17:05+00:00
SAO_6045-10,São Paulo,3550308,True,,1222,,,-23.67744225,-46.776249250000006,,,,1,2023-06-15T01:17:26+00:00
SAO_6045-10,São Paulo,3550308,True,,1222,,,-23.65436375,-46.760079499999996,,,,1,2023-06-15T01:17:21+00:00
SAO_6045-10,São Paulo,3550308,True,,1222,,,-23.69435,-46.794564,,,,1,2023-06-15T01:17:31+00:00
SAO_6045-10,São Paulo,3550308,True,,1222,,,-23.6498405,-46.707801,,,,1,2023-06-15T01:17:13+00:00
SAO_6039-21,São Paulo,3550308,True,,2493,,,-23.676196500000003,-46.78986999999999,,,,1,2023-06-15T01:17:25+00:00
SAO_6039-21,São Paulo,3550308,True,,2493,,,-23.676071999999998,-46.789398000000006,,,,1,2023-06-15T01:16:59+00:00
SAO_6039-21,São Paulo,3550308,True,,2493,,,-23.655283,-46.762097,,,,1,2023-06-15T01:17:28+00:00
SAO_5107-10,São Paulo,3550308,True,,1659,,,-23.568442,-46.611302249999994,,,,1,2023-06-15T01:17:07+00:00
SAO_5107-10,São Paulo,3550308,True,,1659,,,-23.6033435,-46.602573,,,,1,2023-06-15T01:17:25+00:00
SAO_5107-10,São Paulo,3550308,True,,1659,,,-23.6033435,-46.602573,,,,1,2023-06-15T01:17:17+00:00
SAO_3027-10,São Paulo,3550308,True,,33731,,,-23.543039,-46.4166915,,,,2,2023-06-15T01:17:10+00:00
SAO_3027-10,São Paulo,3550308,True,,33731,,,-23.541486749999997,-46.439408375,,,,2,2023-06-15T01:17:40+00:00
SAO_3027-10,São Paulo,3550308,True,,33731,,,-23.554874499999997,-46.442511499999995,,,,2,2023-06-15T01:17:30+00:00
SAO_3027-10,São Paulo,3550308,True,,33731,,,-23.5415925,-46.42725625,,,,2,2023-06-15T01:17:05+00:00
SAO_3027-10,São Paulo,3550308,True,,33731,,,-23.57419575,-46.475781,,,,2,2023-06-15T01:17:29+00:00
SAO_8029-10,São Paulo,3550308,True,,2540,,,-23.616052,-46.747223500000004,,,,1,2023-06-15T01:16:58+00:00
SAO_8029-10,São Paulo,3550308,True,,2540,,,-23.607549,-46.725491000000005,,,,1,2023-06-15T01:17:35+00:00
SAO_8029-10,São Paulo,3550308,True,,2540,,,-23.615122562499998,-46.743167312500006,,,,1,2023-06-15T01:17:29+00:00
SAO_8029-10,São Paulo,3550308,True,,2540,,,-23.6147535,-46.73227,,,,1,2023-06-15T01:17:08+00:00
SAO_8029-10,São Paulo,3550308,True,,2540,,,-23.614721,-46.732507,,,,1,2023-06-15T01:17:03+00:00
SAO_809T-10,São Paulo,3550308,True,,35014,,,-23.585870999999997,-46.8051445,,,,2,2023-06-15T01:17:11+00:00
SAO_809T-10,São Paulo,3550308,True,,35014,,,-23.521648499999998,-46.718697500000005,,,,2,2023-06-15T01:17:02+00:00
SAO_809T-10,São Paulo,3550308,True,,35014,,,-23.585870999999997,-46.8051445,,,,2,2023-06-15T01:16:59+00:00
SAO_2735-10,São Paulo,3550308,True,,34689,,,-23.489525,-46.508594,,,,2,2023-06-15T01:16:56+00:00
SAO_2735-10,São Paulo,3550308,True,,34689,,,-23.48108,-46.49439625,,,,2,2023-06-15T01:15:39+00:00
SAO_2735-10,São Paulo,3550308,True,,34689,,,-23.480837,-46.494515,,,,2,2023-06-15T01:02:55+00:00
SAO_2735-10,São Paulo,3550308,True,,34689,,,-23.5231655,-46.545469499999996,,,,2,2023-06-15T01:17:01+00:00
SAO_2735-10,São Paulo,3550308,True,,34689,,,-23.509343,-46.5445645,,,,2,2023-06-15T01:17:23+00:00
SAO_2735-10,São Paulo,3550308,True,,34689,,,-23.483280999999998,-46.504102,,,,2,2023-06-15T01:17:20+00:00
SAO_2735-10,São Paulo,3550308,True,,34689,,,-23.4808408125,-46.502381,,,,2,2023-06-15T01:09:38+00:00
SAO_4008-10,São Paulo,3550308,True,,2182,,,-23.576673,-46.4371055,,,,1,2023-06-15T01:17:03+00:00
SAO_4008-10,São Paulo,3550308,True,,2182,,,-23.56620175,-46.4666585,,,,1,2023-06-15T01:17:31+00:00
SAO_4008-10,São Paulo,3550308,True,,2182,,,-23.56466275,-46.513441,,,,1,2023-06-15T01:17:13+00:00
SAO_4008-10,São Paulo,3550308,True,,2182,,,-23.583747,-46.493996499999994,,,,1,2023-06-15T01:17:18+00:00
SAO_8548-10,São Paulo,3550308,True,,33346,,,-23.5197335,-46.700115,,,,2,2023-06-15T01:16:57+00:00
SAO_8548-10,São Paulo,3550308,True,,33346,,,-23.446651625,-46.715378375,,,,2,2023-06-15T01:17:15+00:00
SAO_8548-10,São Paulo,3550308,True,,33346,,,-23.498323499999998,-46.693222500000005,,,,2,2023-06-15T01:16:56+00:00
SAO_8548-10,São Paulo,3550308,True,,33346,,,-23.454430000000002,-46.696312500000005,,,,2,2023-06-15T01:17:06+00:00
SAO_8548-10,São Paulo,3550308,True,,33346,,,-23.446651625,-46.715378375,,,,2,2023-06-15T01:16:54+00:00
SAO_3064-10,São Paulo,3550308,True,,33748,,,-23.555996999999998,-46.411973,,,,2,2023-06-15T01:17:08+00:00
SAO_3064-10,São Paulo,3550308,True,,33748,,,-23.602574,-46.3981365,,,,2,2023-06-15T01:17:24+00:00
SAO_3064-10,São Paulo,3550308,True,,33748,,,-23.563206,-46.416537999999996,,,,2,2023-06-15T01:16:46+00:00
SAO_3064-10,São Paulo,3550308,True,,33748,,,-23.583129,-46.4092945,,,,2,2023-06-15T01:17:15+00:00
SAO_3064-10,São Paulo,3550308,True,,33748,,,-23.5441625,-46.4121875,,,,2,2023-06-15T01:14:28+00:00
SAO_3064-10,São Paulo,3550308,True,,33748,,,-23.5430265,-46.4157135,,,,2,2023-06-15T01:17:23+00:00
SAO_3064-10,São Paulo,3550308,True,,33748,,,-23.602252999999997,-46.3983735,,,,2,2023-06-15T01:17:20+00:00
SAO_3064-10,São Paulo,3550308,True,,33748,,,-23.601957499999997,-46.3986365,,,,2,2023-06-15T01:16:58+00:00
SAO_3064-10,São Paulo,3550308,True,,33748,,,-23.5479805,-46.4121315,,,,2,2023-06-15T01:17:33+00:00
SAO_3064-10,São Paulo,3550308,True,,33748,,,-23.59791,-46.403389250000004,,,,2,2023-06-15T01:16:58+00:00
SAO_3064-10,São Paulo,3550308,True,,33748,,,-23.580193,-46.411458999999994,,,,2,2023-06-15T01:16:56+00:00
SAO_669A-10,São Paulo,3550308,True,,32772,,,-23.6431665,-46.700297250000006,,,,2,2023-06-15T01:16:59+00:00
SAO_669A-10,São Paulo,3550308,True,,32772,,,-23.5850215,-46.6707465,,,,2,2023-06-15T01:17:19+00:00
SAO_669A-10,São Paulo,3550308,True,,32772,,,-23.58729175,-46.67156075,,,,2,2023-06-15T01:17:41+00:00
SAO_669A-10,São Paulo,3550308,True,,32772,,,-23.590801,-46.672607,,,,2,2023-06-15T01:17:26+00:00
SAO_669A-10,São Paulo,3550308,True,,32772,,,-23.625450375,-46.686779625,,,,2,2023-06-15T01:17:38+00:00
SAO_669A-10,São Paulo,3550308,True,,32772,,,-23.648953749999997,-46.70467775,,,,2,2023-06-15T01:17:24+00:00
SAO_669A-10,São Paulo,3550308,True,,32772,,,-23.566297624999997,-46.65100325,,,,2,2023-06-15T01:17:12+00:00
SAO_669A-10,São Paulo,3550308,True,,32772,,,-23.600634499999998,-46.67402875,,,,2,2023-06-15T01:17:14+00:00
SAO_524M-10,São Paulo,3550308,True,,34399,,,-23.587774000000003,-46.5117875,,,,2,2023-06-15T01:17:15+00:00
SAO_524M-10,São Paulo,3550308,True,,34399,,,-23.6137795,-46.501670000000004,,,,2,2023-06-15T01:17:35+00:00
SAO_524M-10,São Paulo,3550308,True,,34399,,,-23.575573750000004,-46.514911749999996,,,,2,2023-06-15T01:17:17+00:00
SAO_524M-10,São Paulo,3550308,True,,34399,,,-23.619122750000002,-46.4958135,,,,2,2023-06-15T01:17:22+00:00
SAO_524M-10,São Paulo,3550308,True,,34399,,,-23.568826375,-46.509066250000004,,,,2,2023-06-15T01:17:15+00:00
SAO_524M-10,São Paulo,3550308,True,,34399,,,-23.562116500000002,-46.509861,,,,2,2023-06-15T01:17:32+00:00
SAO_524M-10,São Paulo,3550308,True,,34399,,,-23.5890685,-46.5101705,,,,2,2023-06-15T01:17:12+00:00
SAO_524M-10,São Paulo,3550308,True,,34399,,,-23.5664125,-46.50999675,,,,2,2023-06-15T01:17:39+00:00
SAO_524M-10,São Paulo,3550308,True,,34399,,,-23.619495,-46.495613,,,,2,2023-06-15T01:17:19+00:00
SAO_524M-10,São Paulo,3550308,True,,34399,,,-23.6139405,-46.501206499999995,,,,2,2023-06-15T01:17:24+00:00
SAO_524M-10,São Paulo,3550308,True,,34399,,,-23.5964545,-46.501602500000004,,,,2,2023-06-15T01:16:56+00:00
SAO_1722-10,São Paulo,3550308,True,,864,,,-23.469404249999997,-46.645963,,,,1,2023-06-15T01:16:12+00:00
SAO_1722-10,São Paulo,3550308,True,,864,,,-23.472378749999997,-46.59651100000001,,,,1,2023-06-15T01:15:43+00:00
SAO_1722-10,São Paulo,3550308,True,,864,,,-23.4757485,-46.66410075,,,,1,2023-06-15T01:17:26+00:00
SAO_1722-10,São Paulo,3550308,True,,864,,,-23.457836,-46.60339275,,,,1,2023-06-15T01:15:32+00:00
SAO_1722-10,São Paulo,3550308,True,,864,,,-23.482215500000002,-46.672433999999996,,,,1,2023-06-15T01:17:09+00:00
SAO_1722-10,São Paulo,3550308,True,,864,,,-23.45647975,-46.594141,,,,1,2023-06-15T01:17:36+00:00
SAO_1722-10,São Paulo,3550308,True,,864,,,-23.461729499999997,-46.6290145,,,,1,2023-06-15T01:17:19+00:00
SAO_1722-10,São Paulo,3550308,True,,864,,,-23.47319225,-46.596866000000006,,,,1,2023-06-15T01:16:04+00:00
SAO_1722-10,São Paulo,3550308,True,,864,,,-23.4564015,-46.5931525,,,,1,2023-06-15T01:17:27+00:00
SAO_1722-10,São Paulo,3550308,True,,864,,,-23.471783000000002,-46.6512415,,,,1,2023-06-15T01:17:32+00:00
SAO_9500-10,São Paulo,3550308,True,EMTU,461,https://moovitapp.com/index/pt-br/transporte_p%C3%BAblico-line-461-Sao_Paulo-242-2038937-36419501-0,5.1,-23.542783999999997,-46.636030000000005,,,,1,2023-06-15T01:17:14+00:00
SAO_9500-10,São Paulo,3550308,True,EMTU,461,https://moovitapp.com/index/pt-br/transporte_p%C3%BAblico-line-461-Sao_Paulo-242-2038937-36419501-0,5.1,-23.50318,-46.6723615,,,,1,2023-06-15T01:17:20+00:00
SAO_9500-10,São Paulo,3550308,True,EMTU,461,https://moovitapp.com/index/pt-br/transporte_p%C3%BAblico-line-461-Sao_Paulo-242-2038937-36419501-0,5.1,-23.532875625000003,-46.6451405,,,,1,2023-06-15T01:17:26+00:00
SAO_9500-10,São Paulo,3550308,True,EMTU,461,https://moovitapp.com/index/pt-br/transporte_p%C3%BAblico-line-461-Sao_Paulo-242-2038937-36419501-0,5.1,-23.476006875,-46.66992125,,,,1,2023-06-15T01:17:08+00:00
SAO_3742-10,São Paulo,3550308,True,,1042,,,-23.599262500000002,-46.437507999999994,,,,1,2023-06-15T01:17:14+00:00
SAO_3742-10,São Paulo,3550308,True,,1042,,,-23.594598,-46.4421435,,,,1,2023-06-15T01:17:41+00:00
SAO_3742-10,São Paulo,3550308,True,,1042,,,-23.5383725,-46.453607000000005,,,,1,2023-06-15T01:17:13+00:00
SAO_3742-10,São Paulo,3550308,True,,1042,,,-23.571699000000002,-46.446363500000004,,,,1,2023-06-15T01:17:06+00:00
SAO_3742-10,São Paulo,3550308,True,,1042,,,-23.55848975,-46.4454635,,,,1,2023-06-15T01:17:34+00:00
SAO_6837-10,São Paulo,3550308,True,,32774,,,-23.63186725,-46.759125,,,,2,2023-06-15T01:17:17+00:00
SAO_6837-10,São Paulo,3550308,True,,32774,,,-23.616788,-46.757313499999995,,,,2,2023-06-15T01:17:02+00:00
SAO_6837-10,São Paulo,3550308,True,,32774,,,-23.6311065,-46.75774425,,,,2,2023-06-15T01:17:10+00:00
SAO_6837-10,São Paulo,3550308,True,,32774,,,-23.615714,-46.740030000000004,,,,2,2023-06-15T01:17:34+00:00
SAO_6837-10,São Paulo,3550308,True,,32774,,,-23.615178,-46.7406775,,,,2,2023-06-15T01:17:01+00:00
SAO_6837-10,São Paulo,3550308,True,,32774,,,-23.648557625000002,-46.75664075,,,,2,2023-06-15T01:17:23+00:00
SAO_6837-10,São Paulo,3550308,True,,32774,,,-23.6388795,-46.761613499999996,,,,2,2023-06-15T01:17:34+00:00
SAO_888P-10,São Paulo,3550308,True,EMTU,454,https://moovitapp.com/index/pt-br/transporte_p%C3%BAblico-line-454-Sao_Paulo-242-2038937-36419497-0,5.25,-23.410605375,-46.73927725,,,,1,2023-06-15T01:17:06+00:00
SAO_888P-10,São Paulo,3550308,True,EMTU,454,https://moovitapp.com/index/pt-br/transporte_p%C3%BAblico-line-454-Sao_Paulo-242-2038937-36419497-0,5.25,-23.441571500000002,-46.712501,,,,1,2023-06-15T01:17:19+00:00
SAO_888P-10,São Paulo,3550308,True,EMTU,454,https://moovitapp.com/index/pt-br/transporte_p%C3%BAblico-line-454-Sao_Paulo-242-2038937-36419497-0,5.25,-23.428359,-46.754059,,,,1,2023-06-15T01:17:32+00:00
SAO_888P-10,São Paulo,3550308,True,EMTU,454,https://moovitapp.com/index/pt-br/transporte_p%C3%BAblico-line-454-Sao_Paulo-242-2038937-36419497-0,5.25,-23.447507,-46.7170655,,,,1,2023-06-15T01:17:13+00:00
SAO_888P-10,São Paulo,3550308,True,EMTU,454,https://moovitapp.com/index/pt-br/transporte_p%C3%BAblico-line-454-Sao_Paulo-242-2038937-36419497-0,5.25,-23.43866575,-46.729177750000005,,,,1,2023-06-15T01:17:27+00:00
SAO_2703-10,São Paulo,3550308,True,Urubupungá,915,https://moovitapp.com/index/pt-br/transporte_p%C3%BAblico-line-915-Sao_Paulo-242-873835-75841134-0,4.6,-23.5355895,-46.4545845,,,,1,2023-06-15T01:17:40+00:00
SAO_2703-10,São Paulo,3550308,True,Urubupungá,915,https://moovitapp.com/index/pt-br/transporte_p%C3%BAblico-line-915-Sao_Paulo-242-873835-75841134-0,4.6,-23.53697275,-46.4554635,,,,1,2023-06-15T01:17:05+00:00
SAO_2703-10,São Paulo,3550308,True,Urubupungá,915,https://moovitapp.com/index/pt-br/transporte_p%C3%BAblico-line-915-Sao_Paulo-242-873835-75841134-0,4.6,-23.530371000000002,-46.44814875,,,,1,2023-06-15T01:17:05+00:00
SAO_2703-10,São Paulo,3550308,True,Urubupungá,915,https://moovitapp.com/index/pt-br/transporte_p%C3%BAblico-line-915-Sao_Paulo-242-873835-75841134-0,4.6,-23.525536000000002,-46.431895999999995,,,,1,2023-06-15T01:16:59+00:00
SAO_2703-10,São Paulo,3550308,True,Urubupungá,915,https://moovitapp.com/index/pt-br/transporte_p%C3%BAblico-line-915-Sao_Paulo-242-873835-75841134-0,4.6,-23.529542499999998,-46.420608,,,,1,2023-06-15T01:14:51+00:00
SAO_888P-10,São Paulo,3550308,True,,33222,,,-23.445207500000002,-46.714208,,,,2,2023-06-15T01:17:10+00:00
SAO_888P-10,São Paulo,3550308,True,,33222,,,-23.408499,-46.74653275,,,,2,2023-06-15T01:17:20+00:00
SAO_888P-10,São Paulo,3550308,True,,33222,,,-23.4430245,-46.7488775,,,,2,2023-06-15T01:16:06+00:00
SAO_888P-10,São Paulo,3550308,True,,33222,,,-23.422616750000003,-46.7532815,,,,2,2023-06-15T01:17:24+00:00
SAO_4092-10,São Paulo,3550308,True,,34644,,,-23.5829765,-46.40796,,,,2,2023-06-15T01:17:14+00:00
SAO_4092-10,São Paulo,3550308,True,,34644,,,-23.584172000000002,-46.4149685,,,,2,2023-06-15T01:17:24+00:00
SAO_4092-10,São Paulo,3550308,True,,34644,,,-23.583131,-46.4090595,,,,2,2023-06-15T01:17:06+00:00
SAO_2710-10,São Paulo,3550308,True,,33692,,,-23.52537425,-46.50034825,,,,2,2023-06-15T01:16:20+00:00
SAO_2710-10,São Paulo,3550308,True,,33692,,,-23.519016999999998,-46.495726000000005,,,,2,2023-06-15T01:17:40+00:00
SAO_2710-10,São Paulo,3550308,True,,33692,,,-23.52450175,-46.492373,,,,2,2023-06-15T01:17:02+00:00
SAO_2710-10,São Paulo,3550308,True,,33692,,,-23.52841375,-46.49966325,,,,2,2023-06-15T01:17:16+00:00
SAO_4491-10,São Paulo,3550308,True,,33095,,,-23.6476485,-46.600239,,,,2,2023-06-15T01:17:13+00:00
SAO_4491-10,São Paulo,3550308,True,,33095,,,-23.622522500000002,-46.6282455,,,,2,2023-06-15T01:17:12+00:00
SAO_4491-10,São Paulo,3550308,True,,33095,,,-23.580507000000004,-46.613429249999996,,,,2,2023-06-15T01:17:22+00:00
SAO_4491-10,São Paulo,3550308,True,,33095,,,-23.630459000000002,-46.6276445,,,,2,2023-06-15T01:17:30+00:00
SAO_4491-10,São Paulo,3550308,True,,33095,,,-23.6354765,-46.627224749999996,,,,2,2023-06-15T01:17:33+00:00
SAO_2363-10,São Paulo,3550308,True,,32903,,,-23.521151500000002,-46.54670075,,,,2,2023-06-15T01:17:16+00:00
SAO_2363-10,São Paulo,3550308,True,,32903,,,-23.535598125,-46.584652750000004,,,,2,2023-06-15T01:17:02+00:00
SAO_2363-10,São Paulo,3550308,True,,32903,,,-23.505013499999997,-46.5154045,,,,2,2023-06-15T01:16:21+00:00
SAO_2363-10,São Paulo,3550308,True,,32903,,,-23.515811499999998,-46.546036,,,,2,2023-06-15T01:17:17+00:00
SAO_1782-10,São Paulo,3550308,True,,33411,,,-23.456899,-46.586747,,,,2,2023-06-15T01:17:13+00:00
SAO_1782-10,São Paulo,3550308,True,,33411,,,-23.48376175,-46.61411825,,,,2,2023-06-15T01:17:17+00:00
SAO_1782-10,São Paulo,3550308,True,,33411,,,-23.4800045,-46.611047,,,,2,2023-06-15T01:17:22+00:00
SAO_1782-10,São Paulo,3550308,True,,33411,,,-23.502214000000002,-46.6235875,,,,2,2023-06-15T01:17:35+00:00
SAO_1782-10,São Paulo,3550308,True,,33411,,,-23.495719875,-46.622153875,,,,2,2023-06-15T01:17:19+00:00
SAO_2722-31,São Paulo,3550308,True,,936,,,-23.528614,-46.5162345,,,,1,2023-06-15T01:16:58+00:00
SAO_2722-31,São Paulo,3550308,True,,936,,,-23.51850825,-46.511503250000004,,,,1,2023-06-15T01:17:05+00:00
SAO_2722-31,São Paulo,3550308,True,,936,,,-23.5114965,-46.500350499999996,,,,1,2023-06-15T01:17:22+00:00
SAO_2722-31,São Paulo,3550308,True,,936,,,-23.4902355,-46.49016675,,,,1,2023-06-15T01:16:56+00:00
SAO_5611-10,São Paulo,3550308,True,,33366,,,-23.7050465,-46.643475,,,,2,2023-06-15T01:12:11+00:00
SAO_5611-10,São Paulo,3550308,True,,33366,,,-23.6349625,-46.669233500000004,,,,2,2023-06-15T01:17:21+00:00
SAO_5611-10,São Paulo,3550308,True,,33366,,,-23.695607,-46.667365000000004,,,,2,2023-06-15T01:17:00+00:00
SAO_5611-10,São Paulo,3550308,True,,33366,,,-23.65913975,-46.6795975,,,,2,2023-06-15T01:17:15+00:00
SAO_5611-10,São Paulo,3550308,True,,33366,,,-23.697122125,-46.670599125,,,,2,2023-06-15T01:17:32+00:00
SAO_5611-10,São Paulo,3550308,True,,33366,,,-23.5761045,-46.642788,,,,2,2023-06-15T01:17:26+00:00
SAO_5611-10,São Paulo,3550308,True,,33366,,,-23.596609,-46.65099325,,,,2,2023-06-15T01:17:38+00:00
SAO_5611-10,São Paulo,3550308,True,,33366,,,-23.7159525,-46.6262445,,,,2,2023-06-15T01:16:58+00:00
SAO_8050-10,São Paulo,3550308,True,,33180,,,-23.442286,-46.791363000000004,,,,2,2023-06-15T01:17:26+00:00
SAO_8050-10,São Paulo,3550308,True,,33180,,,-23.429706000000003,-46.787065999999996,,,,2,2023-06-15T01:17:14+00:00
SAO_8050-10,São Paulo,3550308,True,,33180,,,-23.442098,-46.791021,,,,2,2023-06-15T01:17:21+00:00
SAO_8050-10,São Paulo,3550308,True,,33180,,,-23.432629,-46.792567500000004,,,,2,2023-06-15T01:17:09+00:00
SAO_8050-10,São Paulo,3550308,True,,33180,,,-23.519586,-46.701313999999996,,,,2,2023-06-15T01:17:16+00:00
SAO_8050-10,São Paulo,3550308,True,,33180,,,-23.44186175,-46.786443750000004,,,,2,2023-06-15T01:17:27+00:00
SAO_8050-10,São Paulo,3550308,True,,33180,,,-23.435269499999997,-46.7862265,,,,2,2023-06-15T01:17:03+00:00
SAO_8050-10,São Paulo,3550308,True,,33180,,,-23.5193455,-46.702147,,,,2,2023-06-15T01:17:24+00:00
SAO_8050-10,São Paulo,3550308,True,,33180,,,-23.508354,-46.732408,,,,2,2023-06-15T01:17:10+00:00
SAO_748A-10,São Paulo,3550308,True,EMTU,498,https://moovitapp.com/index/pt-br/transporte_p%C3%BAblico-line-498-Sao_Paulo-242-2038937-36419523-0,5.4,-23.575720750000002,-46.77557075,,,,1,2023-06-15T01:17:22+00:00
SAO_748A-10,São Paulo,3550308,True,EMTU,498,https://moovitapp.com/index/pt-br/transporte_p%C3%BAblico-line-498-Sao_Paulo-242-2038937-36419523-0,5.4,-23.5705265,-46.759085999999996,,,,1,2023-06-15T01:17:07+00:00
SAO_748A-10,São Paulo,3550308,True,EMTU,498,https://moovitapp.com/index/pt-br/transporte_p%C3%BAblico-line-498-Sao_Paulo-242-2038937-36419523-0,5.4,-23.524589499999998,-46.71670949999999,,,,1,2023-06-15T01:17:17+00:00
SAO_9188-10,São Paulo,3550308,True,,33577,,,-23.4767,-46.722449999999995,,,,2,2023-06-15T01:17:13+00:00
SAO_9188-10,São Paulo,3550308,True,,33577,,,-23.45001375,-46.73032825,,,,2,2023-06-15T01:16:57+00:00
SAO_9188-10,São Paulo,3550308,True,,33577,,,-23.444824500000003,-46.7221975,,,,2,2023-06-15T01:17:20+00:00
SAO_9188-10,São Paulo,3550308,True,,33577,,,-23.454073,-46.731857500000004,,,,2,2023-06-15T01:17:12+00:00
SAO_9188-10,São Paulo,3550308,True,,33577,,,-23.454276,-46.7289815,,,,2,2023-06-15T01:17:28+00:00
SAO_5022-10,São Paulo,3550308,True,,1120,,,-23.6540465,-46.645144,,,,1,2023-06-15T01:17:40+00:00
SAO_5022-10,São Paulo,3550308,True,,1120,,,-23.66527225,-46.646952,,,,1,2023-06-15T01:15:06+00:00
SAO_5022-10,São Paulo,3550308,True,,1120,,,-23.648213,-46.6413555,,,,1,2023-06-15T01:17:37+00:00
SAO_5022-10,São Paulo,3550308,True,,1120,,,-23.671296249999997,-46.64301975,,,,1,2023-06-15T01:16:58+00:00
SAO_574J-10,São Paulo,3550308,True,,1685,,,-23.6263295,-46.6320755,,,,1,2023-06-15T01:17:15+00:00
SAO_574J-10,São Paulo,3550308,True,,1685,,,-23.6030085,-46.599328,,,,1,2023-06-15T01:17:38+00:00
SAO_574J-10,São Paulo,3550308,True,,1685,,,-23.636225500000002,-46.6414645,,,,1,2023-06-15T01:17:41+00:00
SAO_574J-10,São Paulo,3550308,True,,1685,,,-23.5695465,-46.559000999999995,,,,1,2023-06-15T01:17:08+00:00
SAO_574J-10,São Paulo,3550308,True,,1685,,,-23.5672705,-46.5228815,,,,1,2023-06-15T01:17:36+00:00
SAO_574J-10,São Paulo,3550308,True,,1685,,,-23.5696245,-46.5404715,,,,1,2023-06-15T01:16:54+00:00
SAO_574J-10,São Paulo,3550308,True,,1685,,,-23.583067999999997,-46.59049625,,,,1,2023-06-15T01:17:21+00:00
SAO_574J-10,São Paulo,3550308,True,,1685,,,-23.5695245,-46.547607,,,,1,2023-06-15T01:17:10+00:00
SAO_574J-10,São Paulo,3550308,True,,1685,,,-23.62185275,-46.60372425,,,,1,2023-06-15T01:17:20+00:00
SAO_574J-10,São Paulo,3550308,True,,1685,,,-23.570396,-46.560424999999995,,,,1,2023-06-15T01:17:01+00:00
SAO_574J-10,São Paulo,3550308,True,,1685,,,-23.58721575,-46.600413625,,,,1,2023-06-15T01:17:39+00:00
SAO_6051-10,São Paulo,3550308,True,,33911,,,-23.7628215,-46.688933500000005,,,,2,2023-06-15T01:17:34+00:00
SAO_6051-10,São Paulo,3550308,True,,33911,,,-23.7621455,-46.689133,,,,2,2023-06-15T01:17:01+00:00
SAO_5701-10,São Paulo,3550308,True,,1136,,,-23.636927,-46.641482499999995,,,,1,2023-06-15T01:17:20+00:00
SAO_5701-10,São Paulo,3550308,True,,1136,,,-23.631414125,-46.674523625000006,,,,1,2023-06-15T01:16:45+00:00
SAO_5701-10,São Paulo,3550308,True,,1136,,,-23.620112499999998,-46.6934615,,,,1,2023-06-15T01:16:57+00:00
SAO_5701-10,São Paulo,3550308,True,,1136,,,-23.6213865,-46.689386999999996,,,,1,2023-06-15T01:17:17+00:00
SAO_809D-10,São Paulo,3550308,True,,2068,,,-23.586578125000003,-46.753012125,,,,1,2023-06-15T01:16:58+00:00
SAO_809D-10,São Paulo,3550308,True,,2068,,,-23.571145375,-46.709069125,,,,1,2023-06-15T01:17:09+00:00
SAO_9785-10,São Paulo,3550308,True,,828,,,-23.505005750000002,-46.69241025,,,,1,2023-06-15T01:17:23+00:00
SAO_9785-10,São Paulo,3550308,True,,828,,,-23.528945,-46.676366,,,,1,2023-06-15T01:17:29+00:00
SAO_9785-10,São Paulo,3550308,True,,828,,,-23.4561785,-46.698985,,,,1,2023-06-15T01:17:19+00:00
SAO_9785-10,São Paulo,3550308,True,,828,,,-23.4664465,-46.698869,,,,1,2023-06-15T01:17:09+00:00
SAO_6057-10,São Paulo,3550308,True,,33916,,,-23.755143500000003,-46.709873,,,,2,2023-06-15T01:17:32+00:00
SAO_6057-10,São Paulo,3550308,True,,33916,,,-23.76584475,-46.708275875,,,,2,2023-06-15T01:17:31+00:00
SAO_6057-10,São Paulo,3550308,True,,33916,,,-23.766046,-46.708518,,,,2,2023-06-15T01:17:28+00:00
SAO_6057-10,São Paulo,3550308,True,,33916,,,-23.7441385,-46.7069855,,,,2,2023-06-15T01:17:35+00:00
SAO_7013-10,São Paulo,3550308,True,,33543,,,-23.6397885,-46.7496145,,,,2,2023-06-15T01:17:41+00:00
SAO_7013-10,São Paulo,3550308,True,,33543,,,-23.639412874999998,-46.7521045,,,,2,2023-06-15T01:17:20+00:00
SAO_7013-10,São Paulo,3550308,True,,33543,,,-23.6102075,-46.7524485,,,,2,2023-06-15T01:17:41+00:00
SAO_7013-10,São Paulo,3550308,True,,33543,,,-23.5910795,-46.736353875,,,,2,2023-06-15T01:17:21+00:00
SAO_7013-10,São Paulo,3550308,True,,33543,,,-23.623449,-46.76386,,,,2,2023-06-15T01:17:12+00:00
SAO_9015-10,São Paulo,3550308,True,,1269,,,-23.4868005,-46.726985,,,,1,2023-06-15T01:17:35+00:00
SAO_9015-10,São Paulo,3550308,True,,1269,,,-23.469376,-46.713335,,,,1,2023-06-15T01:17:31+00:00
SAO_9015-10,São Paulo,3550308,True,,1269,,,-23.481662999999998,-46.713665,,,,1,2023-06-15T01:17:04+00:00
SAO_875H-10,São Paulo,3550308,True,,34108,,,-23.56325125,-46.654227000000006,,,,2,2023-06-15T01:17:12+00:00
SAO_875H-10,São Paulo,3550308,True,,34108,,,-23.519759,-46.700522500000005,,,,2,2023-06-15T01:16:57+00:00
SAO_875H-10,São Paulo,3550308,True,,34108,,,-23.5841275,-46.63652525,,,,2,2023-06-15T01:17:16+00:00
SAO_875H-10,São Paulo,3550308,True,,34108,,,-23.55631475,-46.66207025,,,,2,2023-06-15T01:17:29+00:00
SAO_875H-10,São Paulo,3550308,True,,34108,,,-23.557590375,-46.660709250000004,,,,2,2023-06-15T01:17:26+00:00
SAO_875H-10,São Paulo,3550308,True,,34108,,,-23.568625062499997,-46.647627562500006,,,,2,2023-06-15T01:17:09+00:00
SAO_875H-10,São Paulo,3550308,True,,34108,,,-23.520417000000002,-46.700809,,,,2,2023-06-15T01:17:28+00:00
SAO_875H-10,São Paulo,3550308,True,,34108,,,-23.564817437499997,-46.652336625000004,,,,2,2023-06-15T01:17:07+00:00
SAO_875H-10,São Paulo,3550308,True,,34108,,,-23.5198375,-46.7006815,,,,2,2023-06-15T01:17:22+00:00
SAO_8009-31,São Paulo,3550308,True,,34028,,,-23.4338295,-46.7511745,,,,2,2023-06-15T01:17:28+00:00
SAO_8009-31,São Paulo,3550308,True,,34028,,,-23.457628375,-46.747985125,,,,2,2023-06-15T01:17:29+00:00
SAO_8009-31,São Paulo,3550308,True,,34028,,,-23.453518000000003,-46.753026000000006,,,,2,2023-06-15T01:17:25+00:00
SAO_8009-31,São Paulo,3550308,True,,34028,,,-23.485178,-46.728408,,,,2,2023-06-15T01:16:56+00:00
SAO_2755-10,São Paulo,3550308,True,STT,233,https://moovitapp.com/index/pt-br/transporte_p%C3%BAblico-line-233-Sao_Paulo-242-850661-183266-0,5.3,-23.541742499999998,-46.415893499999996,,,,1,2023-06-15T01:17:35+00:00
SAO_2755-10,São Paulo,3550308,True,STT,233,https://moovitapp.com/index/pt-br/transporte_p%C3%BAblico-line-233-Sao_Paulo-242-850661-183266-0,5.3,-23.51935825,-46.420192,,,,1,2023-06-15T01:17:25+00:00
SAO_2755-10,São Paulo,3550308,True,STT,233,https://moovitapp.com/index/pt-br/transporte_p%C3%BAblico-line-233-Sao_Paulo-242-850661-183266-0,5.3,-23.52183,-46.44320524999999,,,,1,2023-06-15T01:17:33+00:00
SAO_2755-10,São Paulo,3550308,True,STT,233,https://moovitapp.com/index/pt-br/transporte_p%C3%BAblico-line-233-Sao_Paulo-242-850661-183266-0,5.3,-23.522483,-46.5370505,,,,1,2023-06-15T01:13:55+00:00
SAO_2755-10,São Paulo,3550308,True,STT,233,https://moovitapp.com/index/pt-br/transporte_p%C3%BAblico-line-233-Sao_Paulo-242-850661-183266-0,5.3,-23.532934,-46.54324149999999,,,,1,2023-06-15T01:17:22+00:00
SAO_2755-10,São Paulo,3550308,True,STT,233,https://moovitapp.com/index/pt-br/transporte_p%C3%BAblico-line-233-Sao_Paulo-242-850661-183266-0,5.3,-23.543295999999998,-46.410864000000004,,,,1,2023-06-15T01:17:16+00:00
SAO_2755-10,São Paulo,3550308,True,STT,233,https://moovitapp.com/index/pt-br/transporte_p%C3%BAblico-line-233-Sao_Paulo-242-850661-183266-0,5.3,-23.514140249999997,-46.500502,,,,1,2023-06-15T01:15:32+00:00
SAO_2755-10,São Paulo,3550308,True,STT,233,https://moovitapp.com/index/pt-br/transporte_p%C3%BAblico-line-233-Sao_Paulo-242-850661-183266-0,5.3,-23.5144155,-46.443856499999995,,,,1,2023-06-15T01:17:06+00:00
SAO_2755-10,São Paulo,3550308,True,STT,233,https://moovitapp.com/index/pt-br/transporte_p%C3%BAblico-line-233-Sao_Paulo-242-850661-183266-0,5.3,-23.536491,-46.403831749999995,,,,1,2023-06-15T01:17:32+00:00
SAO_4027-10,São Paulo,3550308,True,,1097,,,-23.622416,-46.450434,,,,1,2023-06-15T01:17:26+00:00
SAO_4027-10,São Paulo,3550308,True,,1097,,,-23.593209,-46.4896265,,,,1,2023-06-15T01:17:11+00:00
SAO_4027-10,São Paulo,3550308,True,,1097,,,-23.6418875,-46.439175500000005,,,,1,2023-06-15T01:17:18+00:00
SAO_4027-10,São Paulo,3550308,True,,1097,,,-23.6417645,-46.439601,,,,1,2023-06-15T01:17:17+00:00
SAO_4027-10,São Paulo,3550308,True,,1097,,,-23.612155,-46.4735505,,,,1,2023-06-15T01:16:56+00:00
SAO_4027-10,São Paulo,3550308,True,,1097,,,-23.610467,-46.476589375,,,,1,2023-06-15T01:17:30+00:00
SAO_4027-10,São Paulo,3550308,True,,1097,,,-23.630387499999998,-46.44333025,,,,1,2023-06-15T01:17:06+00:00
SAO_4027-10,São Paulo,3550308,True,,1097,,,-23.603975,-46.4813555,,,,1,2023-06-15T01:17:10+00:00
SAO_4027-10,São Paulo,3550308,True,,1097,,,-23.639882,-46.4420675,,,,1,2023-06-15T01:17:05+00:00
SAO_4027-10,São Paulo,3550308,True,,1097,,,-23.62400225,-46.4645785,,,,1,2023-06-15T01:16:57+00:00
SAO_4027-10,São Paulo,3550308,True,,1097,,,-23.591338999999998,-46.489822000000004,,,,1,2023-06-15T01:17:27+00:00
SAO_351F-10,São Paulo,3550308,True,,33455,,,-23.57060475,-46.53953175,,,,2,2023-06-15T01:17:12+00:00
SAO_351F-10,São Paulo,3550308,True,,33455,,,-23.54487675,-46.58828375,,,,2,2023-06-15T01:17:10+00:00
SAO_351F-10,São Paulo,3550308,True,,33455,,,-23.48947775,-46.573611,,,,2,2023-06-15T01:17:22+00:00
SAO_351F-10,São Paulo,3550308,True,,33455,,,-23.54235575,-46.57777899999999,,,,2,2023-06-15T01:17:39+00:00
SAO_351F-10,São Paulo,3550308,True,,33455,,,-23.54545625,-46.591213374999995,,,,2,2023-06-15T01:16:54+00:00
SAO_351F-10,São Paulo,3550308,True,,33455,,,-23.4606475,-46.583239,,,,2,2023-06-15T01:17:05+00:00
SAO_775F-31,São Paulo,3550308,True,,2488,,,-23.624496999999998,-46.749328500000004,,,,1,2023-06-15T01:17:19+00:00
SAO_775F-31,São Paulo,3550308,True,,2488,,,-23.61579225,-46.73152225,,,,1,2023-06-15T01:17:38+00:00
SAO_775F-31,São Paulo,3550308,True,,2488,,,-23.609751625,-46.726805625,,,,1,2023-06-15T01:17:04+00:00
SAO_775F-31,São Paulo,3550308,True,,2488,,,-23.60352975,-46.712735249999994,,,,1,2023-06-15T01:17:24+00:00
SAO_775F-31,São Paulo,3550308,True,,2488,,,-23.6254505,-46.7479555,,,,1,2023-06-15T01:17:26+00:00
SAO_6801-10,São Paulo,3550308,True,,5,,,-23.661168,-46.7335595,,,,1,2023-06-15T01:17:06+00:00
SAO_6801-10,São Paulo,3550308,True,,5,,,-23.643911000000003,-46.733135000000004,,,,1,2023-06-15T01:17:20+00:00
SAO_2013-10,São Paulo,3550308,True,,899,,,-23.4648885,-46.655118,,,,1,2023-06-15T01:17:15+00:00
SAO_2013-10,São Paulo,3550308,True,,899,,,-23.47152125,-46.67050425,,,,1,2023-06-15T01:17:26+00:00
SAO_2013-10,São Paulo,3550308,True,,899,,,-23.47180475,-46.67047275,,,,1,2023-06-15T01:17:16+00:00
SAO_2013-10,São Paulo,3550308,True,,899,,,-23.47180475,-46.67047275,,,,1,2023-06-15T01:17:10+00:00
SAO_2013-10,São Paulo,3550308,True,,899,,,-23.464641999999998,-46.636698499999994,,,,1,2023-06-15T01:17:09+00:00
SAO_2013-10,São Paulo,3550308,True,,899,,,-23.469895,-46.648627000000005,,,,1,2023-06-15T01:17:35+00:00
SAO_2013-10,São Paulo,3550308,True,,899,,,-23.47152125,-46.67050425,,,,1,2023-06-15T01:17:18+00:00
SAO_2709-10,São Paulo,3550308,True,,922,,,-23.527848624999997,-46.483652875000004,,,,1,2023-06-15T01:17:17+00:00
SAO_2709-10,São Paulo,3550308,True,,922,,,-23.5203615,-46.48053725,,,,1,2023-06-15T01:17:36+00:00
SAO_2709-10,São Paulo,3550308,True,,922,,,-23.533782,-46.488301750000005,,,,1,2023-06-15T01:17:28+00:00
SAO_2709-10,São Paulo,3550308,True,,922,,,-23.52446425,-46.47863675000001,,,,1,2023-06-15T01:17:41+00:00
SAO_179X-10,São Paulo,3550308,True,,33448,,,-23.459177,-46.5857565,,,,2,2023-06-15T01:17:40+00:00
SAO_179X-10,São Paulo,3550308,True,,33448,,,-23.43905,-46.5802925,,,,2,2023-06-15T01:17:32+00:00
SAO_179X-10,São Paulo,3550308,True,,33448,,,-23.470981000000002,-46.586147,,,,2,2023-06-15T01:17:34+00:00
SAO_179X-10,São Paulo,3550308,True,,33448,,,-23.530500000000004,-46.63181625,,,,2,2023-06-15T01:17:38+00:00
SAO_179X-10,São Paulo,3550308,True,,33448,,,-23.503857,-46.620510499999995,,,,2,2023-06-15T01:17:12+00:00
SAO_179X-10,São Paulo,3550308,True,,33448,,,-23.488023,-46.5999575,,,,2,2023-06-15T01:17:11+00:00
SAO_179X-10,São Paulo,3550308,True,,33448,,,-23.5312675,-46.6320495,,,,2,2023-06-15T01:17:18+00:00
SAO_179X-10,São Paulo,3550308,True,,33448,,,-23.5264125,-46.667292,,,,2,2023-06-15T01:17:21+00:00
SAO_179X-10,São Paulo,3550308,True,,33448,,,-23.509144,-46.624826999999996,,,,2,2023-06-15T01:17:31+00:00
SAO_179X-10,São Paulo,3550308,True,,33448,,,-23.49187675,-46.60020575,,,,2,2023-06-15T01:17:07+00:00
SAO_179X-10,São Paulo,3550308,True,,33448,,,-23.5268625,-46.64688975,,,,2,2023-06-15T01:17:02+00:00
SAO_179X-10,São Paulo,3550308,True,,33448,,,-23.43987125,-46.578169,,,,2,2023-06-15T01:17:02+00:00
SAO_6003-21,São Paulo,3550308,True,,35344,,,-23.748344875,-46.708523375,,,,2,2023-06-15T01:17:25+00:00
SAO_6003-21,São Paulo,3550308,True,,35344,,,-23.749432,-46.7092825,,,,2,2023-06-15T01:17:37+00:00
SAO_6003-21,São Paulo,3550308,True,,35344,,,-23.750082499999998,-46.70974,,,,2,2023-06-15T01:17:03+00:00
SAO_6003-21,São Paulo,3550308,True,,35344,,,-23.748600125,-46.708695625,,,,2,2023-06-15T01:17:22+00:00
SAO_3033-10,São Paulo,3550308,True,,968,,,-23.5475305,-46.40872625,,,,1,2023-06-15T01:17:10+00:00
SAO_3033-10,São Paulo,3550308,True,,968,,,-23.597754000000002,-46.4582305,,,,1,2023-06-15T01:17:39+00:00
SAO_3033-10,São Paulo,3550308,True,,968,,,-23.601635,-46.470599,,,,1,2023-06-15T01:17:37+00:00
SAO_3033-10,São Paulo,3550308,True,,968,,,-23.594637,-46.4449125,,,,1,2023-06-15T01:16:52+00:00
SAO_3033-10,São Paulo,3550308,True,,968,,,-23.54323025,-46.41278625,,,,1,2023-06-15T01:17:11+00:00
SAO_3033-10,São Paulo,3550308,True,,968,,,-23.610920999999998,-46.474592,,,,1,2023-06-15T01:16:57+00:00
SAO_3033-10,São Paulo,3550308,True,,968,,,-23.554762,-46.401109500000004,,,,1,2023-06-15T01:17:01+00:00
SAO_3033-10,São Paulo,3550308,True,,968,,,-23.595400875000003,-46.43852187499999,,,,1,2023-06-15T01:17:15+00:00
SAO_3033-10,São Paulo,3550308,True,,968,,,-23.60495325,-46.471165,,,,1,2023-06-15T01:17:35+00:00
SAO_3033-10,São Paulo,3550308,True,,968,,,-23.5597105,-46.4129335,,,,1,2023-06-15T01:17:09+00:00
SAO_4115-10,São Paulo,3550308,True,EMTU,322,https://moovitapp.com/index/pt-br/transporte_p%C3%BAblico-line-322-Sao_Paulo-242-2038937-36419412-0,6.2,-23.561967,-46.621587000000005,,,,1,2023-06-15T01:17:10+00:00
SAO_875A-10,São Paulo,3550308,True,,609,,,-23.618413750000002,-46.651705125,,,,1,2023-06-15T01:17:04+00:00
SAO_875A-10,São Paulo,3550308,True,,609,,,-23.565940499999996,-46.6509805,,,,1,2023-06-15T01:17:37+00:00
SAO_875A-10,São Paulo,3550308,True,,609,,,-23.6434085,-46.6627935,,,,1,2023-06-15T01:17:33+00:00
SAO_875A-10,São Paulo,3550308,True,,609,,,-23.5841275,-46.63652525,,,,1,2023-06-15T01:17:21+00:00
SAO_875A-10,São Paulo,3550308,True,,609,,,-23.5902095,-46.6349445,,,,1,2023-06-15T01:17:33+00:00
SAO_875A-10,São Paulo,3550308,True,,609,,,-23.619467,-46.63935575000001,,,,1,2023-06-15T01:17:34+00:00
SAO_875A-10,São Paulo,3550308,True,,609,,,-23.5368505,-46.6799245,,,,1,2023-06-15T01:17:23+00:00
SAO_875A-10,São Paulo,3550308,True,,609,,,-23.534442875,-46.66569725,,,,1,2023-06-15T01:17:29+00:00
SAO_875A-10,São Paulo,3550308,True,,609,,,-23.63897475,-46.662466,,,,1,2023-06-15T01:17:03+00:00
SAO_3751-10,São Paulo,3550308,True,,1047,,,-23.5437895,-46.44782,,,,1,2023-06-15T01:16:58+00:00
SAO_3751-10,São Paulo,3550308,True,,1047,,,-23.5669735,-46.4095535,,,,1,2023-06-15T01:17:04+00:00
SAO_3751-10,São Paulo,3550308,True,,1047,,,-23.569593500000003,-46.417435499999996,,,,1,2023-06-15T01:17:04+00:00
SAO_3751-10,São Paulo,3550308,True,,1047,,,-23.542016500000003,-46.461094,,,,1,2023-06-15T01:17:24+00:00
SAO_3751-10,São Paulo,3550308,True,,1047,,,-23.5437895,-46.44782,,,,1,2023-06-15T01:17:11+00:00
SAO_3751-10,São Paulo,3550308,True,,1047,,,-23.552010250000002,-46.443593750000005,,,,1,2023-06-15T01:17:04+00:00
SAO_3024-10,São Paulo,3550308,True,,33045,,,-23.59682,-46.541678,,,,2,2023-06-15T01:16:20+00:00
SAO_3024-10,São Paulo,3550308,True,,33045,,,-23.609363,-46.5289255,,,,2,2023-06-15T01:17:21+00:00
SAO_3024-10,São Paulo,3550308,True,,33045,,,-23.58297475,-46.5681515,,,,2,2023-06-15T01:17:34+00:00
SAO_9032-10,São Paulo,3550308,True,STT,880,https://moovitapp.com/index/pt-br/transporte_p%C3%BAblico-line-880-Sao_Paulo-242-850661-183362-0,5.3,-23.4516095,-46.6987035,,,,1,2023-06-15T01:16:59+00:00
SAO_9032-10,São Paulo,3550308,True,STT,880,https://moovitapp.com/index/pt-br/transporte_p%C3%BAblico-line-880-Sao_Paulo-242-850661-183362-0,5.3,-23.4462385,-46.692054,,,,1,2023-06-15T01:16:56+00:00
SAO_9032-10,São Paulo,3550308,True,STT,880,https://moovitapp.com/index/pt-br/transporte_p%C3%BAblico-line-880-Sao_Paulo-242-850661-183362-0,5.3,-23.464762999999998,-46.6797545,,,,1,2023-06-15T01:17:13+00:00
SAO_9032-10,São Paulo,3550308,True,STT,880,https://moovitapp.com/index/pt-br/transporte_p%C3%BAblico-line-880-Sao_Paulo-242-850661-183362-0,5.3,-23.446290750000003,-46.692449249999996,,,,1,2023-06-15T01:12:08+00:00
SAO_9032-10,São Paulo,3550308,True,STT,880,https://moovitapp.com/index/pt-br/transporte_p%C3%BAblico-line-880-Sao_Paulo-242-850661-183362-0,5.3,-23.473550250000002,-46.670976249999995,,,,1,2023-06-15T01:17:01+00:00
SAO_9032-10,São Paulo,3550308,True,STT,880,https://moovitapp.com/index/pt-br/transporte_p%C3%BAblico-line-880-Sao_Paulo-242-850661-183362-0,5.3,-23.44625,-46.69209549999999,,,,1,2023-06-15T01:17:39+00:00
SAO_9032-10,São Paulo,3550308,True,STT,880,https://moovitapp.com/index/pt-br/transporte_p%C3%BAblico-line-880-Sao_Paulo-242-850661-183362-0,5.3,-23.450350999999998,-46.698129,,,,1,2023-06-15T01:17:28+00:00
SAO_9004-10,São Paulo,3550308,True,,871,,,-23.457195499999997,-46.685354,,,,1,2023-06-15T01:16:54+00:00
SAO_9004-10,São Paulo,3550308,True,,871,,,-23.457959,-46.681827,,,,1,2023-06-15T01:16:56+00:00
SAO_9004-10,São Paulo,3550308,True,,871,,,-23.466611,-46.670537499999995,,,,1,2023-06-15T01:17:21+00:00
SAO_9004-10,São Paulo,3550308,True,,871,,,-23.457195499999997,-46.685354,,,,1,2023-06-15T01:17:11+00:00
SAO_9004-10,São Paulo,3550308,True,,871,,,-23.455730000000003,-46.6835295,,,,1,2023-06-15T01:17:09+00:00
SAO_9004-10,São Paulo,3550308,True,,871,,,-23.457195499999997,-46.685354,,,,1,2023-06-15T01:17:08+00:00
SAO_9004-10,São Paulo,3550308,True,,871,,,-23.4747215,-46.6702715,,,,1,2023-06-15T01:17:38+00:00
SAO_6291-10,São Paulo,3550308,True,,33126,,,-23.648496,-46.759030499999994,,,,2,2023-06-15T01:17:40+00:00
SAO_6291-10,São Paulo,3550308,True,,33126,,,-23.587925,-46.699490499999996,,,,2,2023-06-15T01:17:11+00:00
SAO_6291-10,São Paulo,3550308,True,,33126,,,-23.615748,-46.7131055,,,,2,2023-06-15T01:17:39+00:00
SAO_6291-10,São Paulo,3550308,True,,33126,,,-23.567493,-46.659565,,,,2,2023-06-15T01:16:59+00:00
SAO_6291-10,São Paulo,3550308,True,,33126,,,-23.64391925,-46.776720749999996,,,,2,2023-06-15T01:17:21+00:00
SAO_6291-10,São Paulo,3550308,True,,33126,,,-23.641195500000002,-46.746883,,,,2,2023-06-15T01:16:59+00:00
SAO_6291-10,São Paulo,3550308,True,,33126,,,-23.5997445,-46.7087315,,,,2,2023-06-15T01:16:57+00:00
SAO_6291-10,São Paulo,3550308,True,,33126,,,-23.638659,-46.736698000000004,,,,2,2023-06-15T01:17:36+00:00
SAO_4002-10,São Paulo,3550308,True,,34945,,,-23.558706,-46.3995355,,,,2,2023-06-15T01:17:29+00:00
SAO_4002-10,São Paulo,3550308,True,,34945,,,-23.567866,-46.468433000000005,,,,2,2023-06-15T01:17:41+00:00
SAO_4002-10,São Paulo,3550308,True,,34945,,,-23.548227500000003,-46.398742,,,,2,2023-06-15T01:17:20+00:00
SAO_4002-10,São Paulo,3550308,True,,34945,,,-23.543513875,-46.422970125,,,,2,2023-06-15T01:17:25+00:00
SAO_4002-10,São Paulo,3550308,True,,34945,,,-23.5373145,-46.453635500000004,,,,2,2023-06-15T01:15:59+00:00
SAO_2290-10,São Paulo,3550308,True,,33486,,,-23.560264,-46.5196105,,,,2,2023-06-15T01:17:34+00:00
SAO_2290-10,São Paulo,3550308,True,,33486,,,-23.5579375,-46.522783000000004,,,,2,2023-06-15T01:17:09+00:00
SAO_2290-10,São Paulo,3550308,True,,33486,,,-23.54773075,-46.625347000000005,,,,2,2023-06-15T01:17:24+00:00
SAO_2290-10,São Paulo,3550308,True,,33486,,,-23.5419685,-46.549824,,,,2,2023-06-15T01:16:57+00:00
SAO_2290-10,São Paulo,3550308,True,,33486,,,-23.568596624999998,-46.50931175000001,,,,2,2023-06-15T01:17:41+00:00
SAO_2290-10,São Paulo,3550308,True,,33486,,,-23.540302500000003,-46.612326499999995,,,,2,2023-06-15T01:17:39+00:00
SAO_2290-10,São Paulo,3550308,True,,33486,,,-23.584042,-46.4926035,,,,2,2023-06-15T01:17:38+00:00
SAO_2290-10,São Paulo,3550308,True,,33486,,,-23.5467995,-46.623562875000005,,,,2,2023-06-15T01:17:20+00:00
SAO_2290-10,São Paulo,3550308,True,,33486,,,-23.6132505,-46.476259999999996,,,,2,2023-06-15T01:17:03+00:00
SAO_2290-10,São Paulo,3550308,True,,33486,,,-23.534947250000002,-46.5799705,,,,2,2023-06-15T01:17:14+00:00
SAO_2290-10,São Paulo,3550308,True,,33486,,,-23.612947,-46.476177500000006,,,,2,2023-06-15T01:17:25+00:00
SAO_2290-10,São Paulo,3550308,True,,33486,,,-23.5670195,-46.5109545,,,,2,2023-06-15T01:17:01+00:00
SAO_2290-10,São Paulo,3550308,True,,33486,,,-23.535124,-46.5762615,,,,2,2023-06-15T01:17:21+00:00
SAO_2290-10,São Paulo,3550308,True,,33486,,,-23.612947,-46.476177500000006,,,,2,2023-06-15T01:17:34+00:00
SAO_2290-10,São Paulo,3550308,True,,33486,,,-23.612947,-46.476177500000006,,,,2,2023-06-15T01:17:09+00:00
SAO_2290-10,São Paulo,3550308,True,,33486,,,-23.53996825,-46.552042,,,,2,2023-06-15T01:17:15+00:00
SAO_2290-10,São Paulo,3550308,True,,33486,,,-23.535645,-46.570648500000004,,,,2,2023-06-15T01:17:17+00:00
SAO_2290-10,São Paulo,3550308,True,,33486,,,-23.6135545,-46.476344499999996,,,,2,2023-06-15T01:17:11+00:00
SAO_2290-10,São Paulo,3550308,True,,33486,,,-23.6127315,-46.476122000000004,,,,2,2023-06-15T01:17:33+00:00
SAO_2290-10,São Paulo,3550308,True,,33486,,,-23.612626499999998,-46.476102499999996,,,,2,2023-06-15T01:17:06+00:00
SAO_2290-10,São Paulo,3550308,True,,33486,,,-23.60364525,-46.4816365,,,,2,2023-06-15T01:17:28+00:00
SAO_2290-10,São Paulo,3550308,True,,33486,,,-23.546167,-46.542931,,,,2,2023-06-15T01:17:37+00:00
SAO_2290-10,São Paulo,3550308,True,,33486,,,-23.533329000000002,-46.564655,,,,2,2023-06-15T01:17:27+00:00
SAO_2290-10,São Paulo,3550308,True,,33486,,,-23.5383115,-46.601995,,,,2,2023-06-15T01:17:13+00:00
SAO_2290-10,São Paulo,3550308,True,,33486,,,-23.5343485,-46.567611,,,,2,2023-06-15T01:17:28+00:00
SAO_719R-10,São Paulo,3550308,True,EMTU,469,https://moovitapp.com/index/pt-br/transporte_p%C3%BAblico-line-469-Sao_Paulo-242-2038937-36419507-0,5.4,-23.5641395,-46.762154,,,,1,2023-06-15T01:17:12+00:00
SAO_719R-10,São Paulo,3550308,True,EMTU,469,https://moovitapp.com/index/pt-br/transporte_p%C3%BAblico-line-469-Sao_Paulo-242-2038937-36419507-0,5.4,-23.5275495,-46.662452,,,,1,2023-06-15T01:17:25+00:00
SAO_719R-10,São Paulo,3550308,True,EMTU,469,https://moovitapp.com/index/pt-br/transporte_p%C3%BAblico-line-469-Sao_Paulo-242-2038937-36419507-0,5.4,-23.567617,-46.742829,,,,1,2023-06-15T01:17:09+00:00
SAO_719R-10,São Paulo,3550308,True,EMTU,469,https://moovitapp.com/index/pt-br/transporte_p%C3%BAblico-line-469-Sao_Paulo-242-2038937-36419507-0,5.4,-23.54738475,-46.65852975,,,,1,2023-06-15T01:17:01+00:00
SAO_107T-10,São Paulo,3550308,True,,33389,,,-23.574119250000003,-46.688941375,,,,2,2023-06-15T01:17:40+00:00
SAO_107T-10,São Paulo,3550308,True,,33389,,,-23.540213,-46.63380175,,,,2,2023-06-15T01:17:04+00:00
SAO_107T-10,São Paulo,3550308,True,,33389,,,-23.481198499999998,-46.603591,,,,2,2023-06-15T01:17:33+00:00
SAO_107T-10,São Paulo,3550308,True,,33389,,,-23.558923874999998,-46.6610685,,,,2,2023-06-15T01:17:01+00:00
SAO_107T-10,São Paulo,3550308,True,,33389,,,-23.562305875,-46.664590375,,,,2,2023-06-15T01:17:13+00:00
SAO_107T-10,São Paulo,3550308,True,,33389,,,-23.508861250000002,-46.6248155,,,,2,2023-06-15T01:17:30+00:00
SAO_107T-10,São Paulo,3550308,True,,33389,,,-23.4810725,-46.603761500000005,,,,2,2023-06-15T01:17:21+00:00
SAO_107T-10,São Paulo,3550308,True,,33389,,,-23.503522625000002,-46.6246515,,,,2,2023-06-15T01:17:08+00:00
SAO_107T-10,São Paulo,3550308,True,,33389,,,-23.577587625,-46.680532,,,,2,2023-06-15T01:16:59+00:00
SAO_5028-10,São Paulo,3550308,True,,1634,,,-23.578880124999998,-46.607136999999994,,,,1,2023-06-15T01:17:29+00:00
SAO_5028-10,São Paulo,3550308,True,,1634,,,-23.608959,-46.5805335,,,,1,2023-06-15T01:15:52+00:00
SAO_6043-10,São Paulo,3550308,True,,1220,,,-23.654726750000002,-46.7144475,,,,1,2023-06-15T01:17:20+00:00
SAO_6043-10,São Paulo,3550308,True,,1220,,,-23.654417,-46.7526885,,,,1,2023-06-15T01:17:25+00:00
SAO_6043-10,São Paulo,3550308,True,,1220,,,-23.6540945,-46.710452000000004,,,,1,2023-06-15T01:17:01+00:00
SAO_2735-10,São Paulo,3550308,True,,1921,,,-23.5334895,-46.5450615,,,,1,2023-06-15T01:17:16+00:00
SAO_2735-10,São Paulo,3550308,True,,1921,,,-23.532396249999998,-46.5431725,,,,1,2023-06-15T01:17:28+00:00
SAO_2735-10,São Paulo,3550308,True,,1921,,,-23.5206125,-46.549035625,,,,1,2023-06-15T01:17:20+00:00
SAO_2735-10,São Paulo,3550308,True,,1921,,,-23.4818015,-46.494043500000004,,,,1,2023-06-15T01:16:49+00:00
SAO_2735-10,São Paulo,3550308,True,,1921,,,-23.533005000000003,-46.5444255,,,,1,2023-06-15T01:17:01+00:00
SAO_2735-10,São Paulo,3550308,True,,1921,,,-23.4999295,-46.52546825,,,,1,2023-06-15T01:16:55+00:00
SAO_746P-10,São Paulo,3550308,True,,788,,,-23.643456999999998,-46.7356385,,,,1,2023-06-15T01:17:01+00:00
SAO_746P-10,São Paulo,3550308,True,,788,,,-23.621681,-46.7285205,,,,1,2023-06-15T01:17:39+00:00
SAO_746P-10,São Paulo,3550308,True,,788,,,-23.64214475,-46.711892500000005,,,,1,2023-06-15T01:17:06+00:00
SAO_746P-10,São Paulo,3550308,True,,788,,,-23.628373625000002,-46.736003124999996,,,,1,2023-06-15T01:17:23+00:00
SAO_746P-10,São Paulo,3550308,True,,788,,,-23.63000375,-46.736368750000004,,,,1,2023-06-15T01:17:20+00:00
SAO_746P-10,São Paulo,3550308,True,,788,,,-23.619232249999996,-46.73166875,,,,1,2023-06-15T01:17:37+00:00
SAO_746P-10,São Paulo,3550308,True,,788,,,-23.641695749999997,-46.714792375,,,,1,2023-06-15T01:17:40+00:00
SAO_274P-10,São Paulo,3550308,True,,33000,,,-23.512387500000003,-46.5304855,,,,2,2023-06-15T01:17:24+00:00
SAO_274P-10,São Paulo,3550308,True,,33000,,,-23.5145355,-46.535979,,,,2,2023-06-15T01:16:01+00:00
SAO_274P-10,São Paulo,3550308,True,,33000,,,-23.574839500000003,-46.623223499999995,,,,2,2023-06-15T01:17:18+00:00
SAO_274P-10,São Paulo,3550308,True,,33000,,,-23.543393625,-46.617332250000004,,,,2,2023-06-15T01:17:12+00:00
SAO_178L-10,São Paulo,3550308,True,EMTU,560,https://moovitapp.com/index/pt-br/transporte_p%C3%BAblico-line-560-Sao_Paulo-242-2038937-36419561-0,6.2,-23.50090525,-46.625523125,,,,1,2023-06-15T01:17:16+00:00
SAO_178L-10,São Paulo,3550308,True,EMTU,560,https://moovitapp.com/index/pt-br/transporte_p%C3%BAblico-line-560-Sao_Paulo-242-2038937-36419561-0,6.2,-23.503574874999998,-46.634133625000004,,,,1,2023-06-15T01:17:37+00:00
SAO_178L-10,São Paulo,3550308,True,EMTU,560,https://moovitapp.com/index/pt-br/transporte_p%C3%BAblico-line-560-Sao_Paulo-242-2038937-36419561-0,6.2,-23.500198500000003,-46.63118025,,,,1,2023-06-15T01:17:16+00:00
SAO_178L-10,São Paulo,3550308,True,EMTU,560,https://moovitapp.com/index/pt-br/transporte_p%C3%BAblico-line-560-Sao_Paulo-242-2038937-36419561-0,6.2,-23.4838895,-46.642311500000005,,,,1,2023-06-15T01:16:56+00:00
SAO_178L-10,São Paulo,3550308,True,EMTU,560,https://moovitapp.com/index/pt-br/transporte_p%C3%BAblico-line-560-Sao_Paulo-242-2038937-36419561-0,6.2,-23.5519555,-46.6758475,,,,1,2023-06-15T01:17:03+00:00
SAO_178L-10,São Paulo,3550308,True,EMTU,560,https://moovitapp.com/index/pt-br/transporte_p%C3%BAblico-line-560-Sao_Paulo-242-2038937-36419561-0,6.2,-23.5387535,-46.649455,,,,1,2023-06-15T01:17:22+00:00
SAO_178L-10,São Paulo,3550308,True,EMTU,560,https://moovitapp.com/index/pt-br/transporte_p%C3%BAblico-line-560-Sao_Paulo-242-2038937-36419561-0,6.2,-23.4898435,-46.635795,,,,1,2023-06-15T01:17:05+00:00
SAO_8600-10,São Paulo,3550308,True,,1432,,,-23.5154145,-46.696365,,,,1,2023-06-15T01:17:36+00:00
SAO_8600-10,São Paulo,3550308,True,,1432,,,-23.527588,-46.648296125,,,,1,2023-06-15T01:17:32+00:00
SAO_8600-10,São Paulo,3550308,True,,1432,,,-23.486732,-46.726426000000004,,,,1,2023-06-15T01:16:59+00:00
SAO_8600-10,São Paulo,3550308,True,,1432,,,-23.487007,-46.726683,,,,1,2023-06-15T01:17:12+00:00
SAO_4027-41,São Paulo,3550308,True,,2309,,,-23.611854,-46.4747895,,,,1,2023-06-15T01:17:02+00:00
SAO_4027-41,São Paulo,3550308,True,,2309,,,-23.6196795,-46.456336,,,,1,2023-06-15T01:17:12+00:00
SAO_1730-10,São Paulo,3550308,True,,33633,,,-23.5132305,-46.626311,,,,2,2023-06-15T01:17:30+00:00
SAO_1730-10,São Paulo,3550308,True,,33633,,,-23.51559625,-46.61637925,,,,2,2023-06-15T01:17:40+00:00
SAO_273G-10,São Paulo,3550308,True,,32991,,,-23.494834500000003,-46.4515105,,,,2,2023-06-15T01:17:36+00:00
SAO_273G-10,São Paulo,3550308,True,,32991,,,-23.5025835,-46.4712955,,,,2,2023-06-15T01:17:15+00:00
SAO_273G-10,São Paulo,3550308,True,,32991,,,-23.481525249999997,-46.41659775,,,,2,2023-06-15T01:17:14+00:00
SAO_273G-10,São Paulo,3550308,True,,32991,,,-23.4815445,-46.41688925,,,,2,2023-06-15T01:17:08+00:00
SAO_273G-10,São Paulo,3550308,True,,32991,,,-23.496701,-46.4532215,,,,2,2023-06-15T01:16:55+00:00
SAO_273G-10,São Paulo,3550308,True,,32991,,,-23.475862,-46.4256205,,,,2,2023-06-15T01:14:06+00:00
SAO_273G-10,São Paulo,3550308,True,,32991,,,-23.5388255,-46.480726000000004,,,,2,2023-06-15T01:15:15+00:00
SAO_6069-10,São Paulo,3550308,True,,1154,,,-23.65517725,-46.7067835,,,,1,2023-06-15T01:17:26+00:00
SAO_6069-10,São Paulo,3550308,True,,1154,,,-23.7361265,-46.6991285,,,,1,2023-06-15T01:17:25+00:00
SAO_6069-10,São Paulo,3550308,True,,1154,,,-23.653890625,-46.71154075,,,,1,2023-06-15T01:17:36+00:00
SAO_6069-10,São Paulo,3550308,True,,1154,,,-23.744763,-46.693926000000005,,,,1,2023-06-15T01:17:02+00:00
SAO_7245-10,São Paulo,3550308,True,,33131,,,-23.618018499999998,-46.697607375000004,,,,2,2023-06-15T01:17:07+00:00
SAO_7245-10,São Paulo,3550308,True,,33131,,,-23.550311999999998,-46.658598500000004,,,,2,2023-06-15T01:16:58+00:00
SAO_7245-10,São Paulo,3550308,True,,33131,,,-23.6454795,-46.7126175,,,,2,2023-06-15T01:17:38+00:00
SAO_7245-10,São Paulo,3550308,True,,33131,,,-23.6192595,-46.6980565,,,,2,2023-06-15T01:17:01+00:00
SAO_7245-10,São Paulo,3550308,True,,33131,,,-23.588508750000003,-46.682098125,,,,2,2023-06-15T01:17:32+00:00
SAO_7245-10,São Paulo,3550308,True,,33131,,,-23.6139795,-46.696125499999994,,,,2,2023-06-15T01:17:24+00:00
SAO_7245-10,São Paulo,3550308,True,,33131,,,-23.570647,-46.690188500000005,,,,2,2023-06-15T01:17:17+00:00
SAO_7245-10,São Paulo,3550308,True,,33131,,,-23.56966175,-46.69150875,,,,2,2023-06-15T01:17:20+00:00
SAO_407J-10,São Paulo,3550308,True,,2198,,,-23.574284,-46.4815635,,,,1,2023-06-15T01:17:16+00:00
SAO_407J-10,São Paulo,3550308,True,,2198,,,-23.546167,-46.542931,,,,1,2023-06-15T01:17:27+00:00
SAO_407J-10,São Paulo,3550308,True,,2198,,,-23.5437545,-46.4223795,,,,1,2023-06-15T01:17:24+00:00
SAO_407J-10,São Paulo,3550308,True,,2198,,,-23.55258025,-46.465004,,,,1,2023-06-15T01:16:58+00:00
SAO_407J-10,São Paulo,3550308,True,,2198,,,-23.545092,-46.573637500000004,,,,1,2023-06-15T01:17:18+00:00
SAO_407J-10,São Paulo,3550308,True,,2198,,,-23.550299000000003,-46.4002995,,,,1,2023-06-15T01:17:34+00:00
SAO_407J-10,São Paulo,3550308,True,,2198,,,-23.54241275,-46.560853125,,,,1,2023-06-15T01:17:30+00:00
SAO_407J-10,São Paulo,3550308,True,,2198,,,-23.581443999999998,-46.490016,,,,1,2023-06-15T01:17:27+00:00
SAO_675R-10,São Paulo,3550308,True,,32877,,,-23.753796,-46.687579,,,,2,2023-06-15T01:17:18+00:00
SAO_675R-10,São Paulo,3550308,True,,32877,,,-23.7540455,-46.680603500000004,,,,2,2023-06-15T01:16:59+00:00
SAO_675R-10,São Paulo,3550308,True,,32877,,,-23.6472645,-46.6398295,,,,2,2023-06-15T01:17:30+00:00
SAO_675R-10,São Paulo,3550308,True,,32877,,,-23.641748999999997,-46.67322725,,,,2,2023-06-15T01:17:36+00:00
SAO_675R-10,São Paulo,3550308,True,,32877,,,-23.713659749999998,-46.68957625,,,,2,2023-06-15T01:17:16+00:00
SAO_121G-10,São Paulo,3550308,True,,691,,,-23.499855500000002,-46.572765000000004,,,,1,2023-06-15T01:14:42+00:00
SAO_121G-10,São Paulo,3550308,True,,691,,,-23.4811605,-46.5948535,,,,1,2023-06-15T01:16:57+00:00
SAO_121G-10,São Paulo,3550308,True,,691,,,-23.4930025,-46.583398,,,,1,2023-06-15T01:13:02+00:00
SAO_121G-10,São Paulo,3550308,True,,691,,,-23.514609749999998,-46.57052675,,,,1,2023-06-15T01:17:00+00:00
SAO_121G-10,São Paulo,3550308,True,,691,,,-23.52201625,-46.5616865,,,,1,2023-06-15T01:16:59+00:00
SAO_121G-10,São Paulo,3550308,True,,691,,,-23.4815995,-46.599247500000004,,,,1,2023-06-15T01:17:38+00:00
SAO_477A-10,São Paulo,3550308,True,,33114,,,-23.58629375,-46.63547675,,,,2,2023-06-15T01:17:14+00:00
SAO_477A-10,São Paulo,3550308,True,,33114,,,-23.567094375,-46.621619625,,,,2,2023-06-15T01:17:15+00:00
SAO_477A-10,São Paulo,3550308,True,,33114,,,-23.589254,-46.635151,,,,2,2023-06-15T01:17:15+00:00
SAO_477A-10,São Paulo,3550308,True,,33114,,,-23.5762115,-46.65812125,,,,2,2023-06-15T01:17:19+00:00
SAO_477A-10,São Paulo,3550308,True,,33114,,,-23.6038775,-46.604159499999994,,,,2,2023-06-15T01:17:17+00:00
SAO_477A-10,São Paulo,3550308,True,,33114,,,-23.5853895,-46.68170825,,,,2,2023-06-15T01:17:31+00:00
SAO_477A-10,São Paulo,3550308,True,,33114,,,-23.604411,-46.60470925,,,,2,2023-06-15T01:16:58+00:00
SAO_477A-10,São Paulo,3550308,True,,33114,,,-23.5857885,-46.6823865,,,,2,2023-06-15T01:17:22+00:00
SAO_477A-10,São Paulo,3550308,True,,33114,,,-23.5818615,-46.671142,,,,2,2023-06-15T01:17:19+00:00
SAO_477A-10,São Paulo,3550308,True,,33114,,,-23.5729335,-46.6897095,,,,2,2023-06-15T01:17:17+00:00
SAO_477A-10,São Paulo,3550308,True,,33114,,,-23.575677,-46.641495,,,,2,2023-06-15T01:17:24+00:00
SAO_477A-10,São Paulo,3550308,True,,33114,,,-23.603827000000003,-46.602784,,,,2,2023-06-15T01:17:27+00:00
SAO_477A-10,São Paulo,3550308,True,,33114,,,-23.571849,-46.64370825,,,,2,2023-06-15T01:17:02+00:00
SAO_3718-10,São Paulo,3550308,True,,33781,,,-23.541107,-46.4847105,,,,2,2023-06-15T01:17:21+00:00
SAO_3718-10,São Paulo,3550308,True,,33781,,,-23.541107,-46.4847105,,,,2,2023-06-15T01:17:00+00:00
SAO_3718-10,São Paulo,3550308,True,,33781,,,-23.541107,-46.4847105,,,,2,2023-06-15T01:17:29+00:00
SAO_3718-10,São Paulo,3550308,True,,33781,,,-23.5508795,-46.48185025,,,,2,2023-06-15T01:17:41+00:00
SAO_3718-10,São Paulo,3550308,True,,33781,,,-23.5572305,-46.485318,,,,2,2023-06-15T01:17:02+00:00
SAO_8065-10,São Paulo,3550308,True,EMTU,421,https://moovitapp.com/index/pt-br/transporte_p%C3%BAblico-line-421-Sao_Paulo-242-2038937-36419478-0,5.2,-23.4844495,-46.7407185,,,,1,2023-06-15T01:17:11+00:00
SAO_8065-10,São Paulo,3550308,True,EMTU,421,https://moovitapp.com/index/pt-br/transporte_p%C3%BAblico-line-421-Sao_Paulo-242-2038937-36419478-0,5.2,-23.518856,-46.703469,,,,1,2023-06-15T01:17:10+00:00
SAO_5030-10,São Paulo,3550308,True,,34437,,,-23.637185000000002,-46.5953235,,,,2,2023-06-15T01:17:13+00:00
SAO_5030-10,São Paulo,3550308,True,,34437,,,-23.61462825,-46.602731750000004,,,,2,2023-06-15T01:17:23+00:00
SAO_1782-10,São Paulo,3550308,True,,643,,,-23.472721,-46.6074105,,,,1,2023-06-15T01:17:14+00:00
SAO_1782-10,São Paulo,3550308,True,,643,,,-23.454549,-46.57577,,,,1,2023-06-15T01:17:31+00:00
SAO_5032-10,São Paulo,3550308,True,,1662,,,-23.603766,-46.59205,,,,1,2023-06-15T01:17:36+00:00
SAO_5032-10,São Paulo,3550308,True,,1662,,,-23.601533,-46.60274700000001,,,,1,2023-06-15T01:17:07+00:00
SAO_5032-10,São Paulo,3550308,True,,1662,,,-23.6295565,-46.588564000000005,,,,1,2023-06-15T01:17:04+00:00
SAO_5032-10,São Paulo,3550308,True,,1662,,,-23.603554875,-46.586250625000005,,,,1,2023-06-15T01:17:37+00:00
SAO_5032-10,São Paulo,3550308,True,,1662,,,-23.6151595,-46.593682,,,,1,2023-06-15T01:17:37+00:00
SAO_2733-10,São Paulo,3550308,True,,33716,,,-23.5162355,-46.4623365,,,,2,2023-06-15T01:17:24+00:00
SAO_2733-10,São Paulo,3550308,True,,33716,,,-23.520291999999998,-46.46094025000001,,,,2,2023-06-15T01:17:31+00:00
SAO_2733-10,São Paulo,3550308,True,,33716,,,-23.515209,-46.4550725,,,,2,2023-06-15T01:17:08+00:00
SAO_2733-10,São Paulo,3550308,True,,33716,,,-23.5162355,-46.4623365,,,,2,2023-06-15T01:17:29+00:00
SAO_2733-10,São Paulo,3550308,True,,33716,,,-23.534650499999998,-46.453331,,,,2,2023-06-15T01:17:40+00:00
SAO_2733-10,São Paulo,3550308,True,,33716,,,-23.516388,-46.46124525,,,,2,2023-06-15T01:17:37+00:00
SAO_2733-10,São Paulo,3550308,True,,33716,,,-23.52848125,-46.454783500000005,,,,2,2023-06-15T01:17:26+00:00
SAO_516N-10,São Paulo,3550308,True,EMTU,266,https://moovitapp.com/index/pt-br/transporte_p%C3%BAblico-line-266-Sao_Paulo-242-2038937-36419376-0,6.8,-23.622253999999998,-46.684399,,,,1,2023-06-15T01:17:29+00:00
SAO_516N-10,São Paulo,3550308,True,EMTU,266,https://moovitapp.com/index/pt-br/transporte_p%C3%BAblico-line-266-Sao_Paulo-242-2038937-36419376-0,6.8,-23.59641125,-46.67341025,,,,1,2023-06-15T01:16:59+00:00
SAO_516N-10,São Paulo,3550308,True,EMTU,266,https://moovitapp.com/index/pt-br/transporte_p%C3%BAblico-line-266-Sao_Paulo-242-2038937-36419376-0,6.8,-23.5885945,-46.67185075,,,,1,2023-06-15T01:17:25+00:00
SAO_516N-10,São Paulo,3550308,True,EMTU,266,https://moovitapp.com/index/pt-br/transporte_p%C3%BAblico-line-266-Sao_Paulo-242-2038937-36419376-0,6.8,-23.681742,-46.6372135,,,,1,2023-06-15T01:17:16+00:00
SAO_516N-10,São Paulo,3550308,True,EMTU,266,https://moovitapp.com/index/pt-br/transporte_p%C3%BAblico-line-266-Sao_Paulo-242-2038937-36419376-0,6.8,-23.66610425,-46.6562365,,,,1,2023-06-15T01:17:28+00:00
SAO_516N-10,São Paulo,3550308,True,EMTU,266,https://moovitapp.com/index/pt-br/transporte_p%C3%BAblico-line-266-Sao_Paulo-242-2038937-36419376-0,6.8,-23.634684999999998,-46.678837,,,,1,2023-06-15T01:17:37+00:00
SAO_516N-10,São Paulo,3550308,True,EMTU,266,https://moovitapp.com/index/pt-br/transporte_p%C3%BAblico-line-266-Sao_Paulo-242-2038937-36419376-0,6.8,-23.634428,-46.6790525,,,,1,2023-06-15T01:17:36+00:00
SAO_516N-10,São Paulo,3550308,True,EMTU,266,https://moovitapp.com/index/pt-br/transporte_p%C3%BAblico-line-266-Sao_Paulo-242-2038937-36419376-0,6.8,-23.594024625,-46.67286875,,,,1,2023-06-15T01:17:05+00:00
SAO_274P-10,São Paulo,3550308,True,Grupo Vida,232,https://moovitapp.com/index/pt-br/transporte_p%C3%BAblico-line-232-Sao_Paulo-242-887112-748347-0,5.3,-23.553109625,-46.615444499999995,,,,1,2023-06-15T01:17:12+00:00
SAO_274P-10,São Paulo,3550308,True,Grupo Vida,232,https://moovitapp.com/index/pt-br/transporte_p%C3%BAblico-line-232-Sao_Paulo-242-887112-748347-0,5.3,-23.52313325,-46.543812,,,,1,2023-06-15T01:17:18+00:00
SAO_5119-23,São Paulo,3550308,True,,2125,,,-23.641247,-46.735923,,,,1,2023-06-15T01:17:03+00:00
SAO_3019-10,São Paulo,3550308,True,,957,,,-23.583009500000003,-46.4076625,,,,1,2023-06-15T01:16:56+00:00
SAO_3019-10,São Paulo,3550308,True,,957,,,-23.5776355,-46.40555,,,,1,2023-06-15T01:16:57+00:00
SAO_189L-10,São Paulo,3550308,True,,2450,,,-23.497781500000002,-46.706951000000004,,,,1,2023-06-15T01:17:17+00:00
SAO_189L-10,São Paulo,3550308,True,,2450,,,-23.486610499999998,-46.710868000000005,,,,1,2023-06-15T01:17:05+00:00
SAO_189L-10,São Paulo,3550308,True,,2450,,,-23.517339999999997,-46.704061125,,,,1,2023-06-15T01:17:03+00:00
SAO_189L-10,São Paulo,3550308,True,,2450,,,-23.486610499999998,-46.710868000000005,,,,1,2023-06-15T01:17:01+00:00
SAO_3009-10,São Paulo,3550308,True,,35294,,,-23.515786625,-46.397961625,,,,2,2023-06-15T01:17:00+00:00
SAO_745M-21,São Paulo,3550308,True,,34752,,,-23.648017,-46.778991500000004,,,,2,2023-06-15T01:17:28+00:00
SAO_745M-21,São Paulo,3550308,True,,34752,,,-23.630699,-46.768204,,,,2,2023-06-15T01:17:22+00:00
SAO_745M-21,São Paulo,3550308,True,,34752,,,-23.661064125,-46.76491812500001,,,,2,2023-06-15T01:16:59+00:00
SAO_5036-10,São Paulo,3550308,True,,1666,,,-23.645873,-46.608272,,,,1,2023-06-15T01:17:00+00:00
SAO_4111-10,São Paulo,3550308,True,Cidade de Caieiras,320,https://moovitapp.com/index/pt-br/transporte_p%C3%BAblico-line-320-Sao_Paulo-242-868761-752903-0,5.0,-23.572924999999998,-46.61265625,,,,1,2023-06-15T01:17:26+00:00
SAO_4111-10,São Paulo,3550308,True,Cidade de Caieiras,320,https://moovitapp.com/index/pt-br/transporte_p%C3%BAblico-line-320-Sao_Paulo-242-868761-752903-0,5.0,-23.55527325,-46.63311125,,,,1,2023-06-15T01:17:32+00:00
SAO_2031-10,São Paulo,3550308,True,EMTU,367,https://moovitapp.com/index/pt-br/transporte_p%C3%BAblico-line-367-Sao_Paulo-242-2038937-36419446-0,4.9,-23.49945475,-46.442415749999995,,,,1,2023-06-15T01:17:18+00:00
SAO_2031-10,São Paulo,3550308,True,EMTU,367,https://moovitapp.com/index/pt-br/transporte_p%C3%BAblico-line-367-Sao_Paulo-242-2038937-36419446-0,4.9,-23.494921875000003,-46.408817625,,,,1,2023-06-15T01:17:00+00:00
SAO_8010-10,São Paulo,3550308,True,,798,,,-23.4877265,-46.7263995,,,,1,2023-06-15T01:17:26+00:00
SAO_8010-10,São Paulo,3550308,True,,798,,,-23.4062485,-46.7544505,,,,1,2023-06-15T01:16:59+00:00
SAO_8010-10,São Paulo,3550308,True,,798,,,-23.4121185,-46.74797025,,,,1,2023-06-15T01:16:55+00:00
SAO_8010-10,São Paulo,3550308,True,,798,,,-23.406710750000002,-46.756283249999996,,,,1,2023-06-15T01:17:02+00:00
SAO_8010-10,São Paulo,3550308,True,,798,,,-23.486933,-46.727391499999996,,,,1,2023-06-15T01:17:02+00:00
SAO_8010-10,São Paulo,3550308,True,,798,,,-23.444798,-46.722325999999995,,,,1,2023-06-15T01:17:11+00:00
SAO_8010-10,São Paulo,3550308,True,,798,,,-23.417127,-46.747811,,,,1,2023-06-15T01:17:02+00:00
SAO_8010-10,São Paulo,3550308,True,,798,,,-23.445023499999998,-46.722429500000004,,,,1,2023-06-15T01:17:13+00:00
SAO_8010-10,São Paulo,3550308,True,,798,,,-23.4942285,-46.714558,,,,1,2023-06-15T01:17:05+00:00
SAO_8010-10,São Paulo,3550308,True,,798,,,-23.51816525,-46.70211325,,,,1,2023-06-15T01:16:59+00:00
SAO_573T-31,São Paulo,3550308,True,,35016,,,-23.53720825,-46.559264125,,,,2,2023-06-15T01:17:28+00:00
SAO_573T-31,São Paulo,3550308,True,,35016,,,-23.61432325,-46.499484249999995,,,,2,2023-06-15T01:17:25+00:00
SAO_519M-10,São Paulo,3550308,True,,2211,,,-23.61459425,-46.500975,,,,1,2023-06-15T01:16:56+00:00
SAO_519M-10,São Paulo,3550308,True,,2211,,,-23.5845445,-46.584295,,,,1,2023-06-15T01:17:23+00:00
SAO_519M-10,São Paulo,3550308,True,,2211,,,-23.584287,-46.584342,,,,1,2023-06-15T01:17:40+00:00
SAO_6042-21,São Paulo,3550308,True,,1775,,,-23.658731000000003,-46.765608,,,,1,2023-06-15T01:17:10+00:00
SAO_6042-21,São Paulo,3550308,True,,1775,,,-23.671858999999998,-46.7732835,,,,1,2023-06-15T01:16:57+00:00
SAO_7009-10,São Paulo,3550308,True,,1951,,,-23.6810455,-46.76589275,,,,1,2023-06-15T01:17:18+00:00
SAO_7009-10,São Paulo,3550308,True,,1951,,,-23.704196500000002,-46.787588,,,,1,2023-06-15T01:17:20+00:00
SAO_648P-10,São Paulo,3550308,True,,66,,,-23.58797525,-46.683934,,,,1,2023-06-15T01:17:18+00:00
SAO_648P-10,São Paulo,3550308,True,,66,,,-23.565859,-46.7013775,,,,1,2023-06-15T01:17:05+00:00
SAO_648P-10,São Paulo,3550308,True,,66,,,-23.608083,-46.693809375,,,,1,2023-06-15T01:17:06+00:00
SAO_3054-10,São Paulo,3550308,True,,33743,,,-23.598615000000002,-46.463527,,,,2,2023-06-15T01:17:18+00:00
SAO_3054-10,São Paulo,3550308,True,,33743,,,-23.595242499999998,-46.430249,,,,2,2023-06-15T01:16:57+00:00
SAO_3054-10,São Paulo,3550308,True,,33743,,,-23.609623,-46.4081455,,,,2,2023-06-15T01:17:23+00:00
SAO_3054-10,São Paulo,3550308,True,,33743,,,-23.60590275,-46.4797095,,,,2,2023-06-15T01:17:09+00:00
SAO_3054-10,São Paulo,3550308,True,,33743,,,-23.608675249999997,-46.491884999999996,,,,2,2023-06-15T01:17:04+00:00
SAO_3054-10,São Paulo,3550308,True,,33743,,,-23.5950855,-46.43151725,,,,2,2023-06-15T01:17:14+00:00
SAO_6078-10,São Paulo,3550308,True,,1166,,,-23.670293,-46.6792455,,,,1,2023-06-15T01:17:13+00:00
SAO_6078-10,São Paulo,3550308,True,,1166,,,-23.742548,-46.659825999999995,,,,1,2023-06-15T01:17:37+00:00
SAO_6078-10,São Paulo,3550308,True,,1166,,,-23.7531775,-46.681760499999996,,,,1,2023-06-15T01:17:40+00:00
SAO_6078-10,São Paulo,3550308,True,,1166,,,-23.7513335,-46.666135499999996,,,,1,2023-06-15T01:17:19+00:00
SAO_6078-10,São Paulo,3550308,True,,1166,,,-23.710644875,-46.69937337499999,,,,1,2023-06-15T01:17:41+00:00
SAO_3791-10,São Paulo,3550308,True,,1069,,,-23.5419325,-46.484893125,,,,1,2023-06-15T01:17:29+00:00
SAO_3791-10,São Paulo,3550308,True,,1069,,,-23.548354,-46.501973250000006,,,,1,2023-06-15T01:16:56+00:00
SAO_3791-10,São Paulo,3550308,True,,1069,,,-23.54067825,-46.49136725,,,,1,2023-06-15T01:17:27+00:00
SAO_5164-41,São Paulo,3550308,True,,1617,,,-23.652524,-46.6463865,,,,1,2023-06-15T01:14:44+00:00
SAO_4056-10,São Paulo,3550308,True,,2237,,,-23.598226500000003,-46.4594845,,,,1,2023-06-15T01:17:26+00:00
SAO_4056-10,São Paulo,3550308,True,,2237,,,-23.607075000000002,-46.4513815,,,,1,2023-06-15T01:16:36+00:00
SAO_4056-10,São Paulo,3550308,True,,2237,,,-23.607075000000002,-46.4513815,,,,1,2023-06-15T01:17:14+00:00
SAO_637R-10,São Paulo,3550308,True,EMTU,196,https://moovitapp.com/index/pt-br/transporte_p%C3%BAblico-line-196-Sao_Paulo-242-2038937-36419323-0,4.85,-23.655067000000003,-46.716173125,,,,1,2023-06-15T01:17:38+00:00
SAO_637R-10,São Paulo,3550308,True,EMTU,196,https://moovitapp.com/index/pt-br/transporte_p%C3%BAblico-line-196-Sao_Paulo-242-2038937-36419323-0,4.85,-23.7011665,-46.781822500000004,,,,1,2023-06-15T01:16:10+00:00
SAO_637R-10,São Paulo,3550308,True,EMTU,196,https://moovitapp.com/index/pt-br/transporte_p%C3%BAblico-line-196-Sao_Paulo-242-2038937-36419323-0,4.85,-23.667369,-46.728165,,,,1,2023-06-15T01:17:37+00:00
SAO_637R-10,São Paulo,3550308,True,EMTU,196,https://moovitapp.com/index/pt-br/transporte_p%C3%BAblico-line-196-Sao_Paulo-242-2038937-36419323-0,4.85,-23.7207345,-46.77011,,,,1,2023-06-15T01:17:22+00:00
SAO_7011-10,São Paulo,3550308,True,,34720,,,-23.682476,-46.767745500000004,,,,2,2023-06-15T01:17:30+00:00
SAO_7011-10,São Paulo,3550308,True,,34720,,,-23.683644,-46.7697455,,,,2,2023-06-15T01:17:02+00:00
SAO_7011-10,São Paulo,3550308,True,,34720,,,-23.7075705,-46.7917315,,,,2,2023-06-15T01:17:05+00:00
SAO_7011-10,São Paulo,3550308,True,,34720,,,-23.7080735,-46.791889499999996,,,,2,2023-06-15T01:17:06+00:00
SAO_477P-10,São Paulo,3550308,True,,33116,,,-23.575138250000002,-46.6883195,,,,2,2023-06-15T01:16:58+00:00
SAO_477P-10,São Paulo,3550308,True,,33116,,,-23.6120295,-46.629422,,,,2,2023-06-15T01:17:26+00:00
SAO_477P-10,São Paulo,3550308,True,,33116,,,-23.5807915,-46.76047975,,,,2,2023-06-15T01:17:13+00:00
SAO_477P-10,São Paulo,3550308,True,,33116,,,-23.585625,-46.762623000000005,,,,2,2023-06-15T01:17:31+00:00
SAO_477P-10,São Paulo,3550308,True,,33116,,,-23.612551,-46.60875125,,,,2,2023-06-15T01:17:06+00:00
SAO_477P-10,São Paulo,3550308,True,,33116,,,-23.5963555,-46.679833,,,,2,2023-06-15T01:17:29+00:00
SAO_477P-10,São Paulo,3550308,True,,33116,,,-23.612551,-46.60875125,,,,2,2023-06-15T01:17:33+00:00
SAO_477P-10,São Paulo,3550308,True,,33116,,,-23.576428,-46.68752175,,,,2,2023-06-15T01:17:24+00:00
SAO_477P-10,São Paulo,3550308,True,,33116,,,-23.593629999999997,-46.62078187499999,,,,2,2023-06-15T01:17:18+00:00
SAO_477P-10,São Paulo,3550308,True,,33116,,,-23.620439124999997,-46.67198474999999,,,,2,2023-06-15T01:17:36+00:00
SAO_477P-10,São Paulo,3550308,True,,33116,,,-23.591640374999997,-46.6811804375,,,,2,2023-06-15T01:16:56+00:00
SAO_4016-10,São Paulo,3550308,True,,2189,,,-23.61489975,-46.47046725,,,,1,2023-06-15T01:14:10+00:00
SAO_4016-10,São Paulo,3550308,True,,2189,,,-23.613115999999998,-46.476499,,,,1,2023-06-15T01:17:22+00:00
SAO_4016-10,São Paulo,3550308,True,,2189,,,-23.612155,-46.4735505,,,,1,2023-06-15T01:17:20+00:00
SAO_5178-10,São Paulo,3550308,True,,33363,,,-23.680696750000003,-46.6405025,,,,2,2023-06-15T01:11:51+00:00
SAO_5178-10,São Paulo,3550308,True,,33363,,,-23.682364,-46.642647999999994,,,,2,2023-06-15T01:17:22+00:00
SAO_5178-10,São Paulo,3550308,True,,33363,,,-23.6819205,-46.642920000000004,,,,2,2023-06-15T01:17:41+00:00
SAO_5178-10,São Paulo,3550308,True,,33363,,,-23.6399405,-46.673728,,,,2,2023-06-15T01:17:25+00:00
SAO_5178-10,São Paulo,3550308,True,,33363,,,-23.6693775,-46.649161500000005,,,,2,2023-06-15T01:17:04+00:00
SAO_5178-10,São Paulo,3550308,True,,33363,,,-23.576728,-46.657053000000005,,,,2,2023-06-15T01:17:22+00:00
SAO_5178-10,São Paulo,3550308,True,,33363,,,-23.654756,-46.667175,,,,2,2023-06-15T01:17:08+00:00
SAO_5178-10,São Paulo,3550308,True,,33363,,,-23.555908000000002,-46.639633,,,,2,2023-06-15T01:17:07+00:00
SAO_5178-10,São Paulo,3550308,True,,33363,,,-23.616398500000003,-46.66089825,,,,2,2023-06-15T01:17:22+00:00
SAO_5178-10,São Paulo,3550308,True,,33363,,,-23.576826750000002,-46.656953,,,,2,2023-06-15T01:17:17+00:00
SAO_847P-42,São Paulo,3550308,True,,34192,,,-23.56507625,-46.6900405,,,,2,2023-06-15T01:16:56+00:00
SAO_847P-42,São Paulo,3550308,True,,34192,,,-23.4820725,-46.6921595,,,,2,2023-06-15T01:17:33+00:00
SAO_7023-10,São Paulo,3550308,True,,2152,,,-23.698786,-46.7627765,,,,1,2023-06-15T01:17:20+00:00
SAO_7023-10,São Paulo,3550308,True,,2152,,,-23.698786,-46.7627765,,,,1,2023-06-15T01:17:36+00:00
SAO_7023-10,São Paulo,3550308,True,,2152,,,-23.654252,-46.712655999999996,,,,1,2023-06-15T01:17:23+00:00
SAO_7023-10,São Paulo,3550308,True,,2152,,,-23.6677405,-46.73030275,,,,1,2023-06-15T01:15:42+00:00
SAO_7023-10,São Paulo,3550308,True,,2152,,,-23.654038,-46.708869500000006,,,,1,2023-06-15T01:16:59+00:00
SAO_178L-10,São Paulo,3550308,True,,33328,,,-23.5124815,-46.6532415,,,,2,2023-06-15T01:17:03+00:00
SAO_178L-10,São Paulo,3550308,True,,33328,,,-23.4747265,-46.64295,,,,2,2023-06-15T01:17:01+00:00
SAO_178L-10,São Paulo,3550308,True,,33328,,,-23.4747265,-46.64295,,,,2,2023-06-15T01:17:29+00:00
SAO_178L-10,São Paulo,3550308,True,,33328,,,-23.5004675,-46.625166500000006,,,,2,2023-06-15T01:16:58+00:00
SAO_178L-10,São Paulo,3550308,True,,33328,,,-23.55525825,-46.66827575,,,,2,2023-06-15T01:17:32+00:00
SAO_178L-10,São Paulo,3550308,True,,33328,,,-23.550093500000003,-46.682230000000004,,,,2,2023-06-15T01:16:59+00:00
SAO_178L-10,São Paulo,3550308,True,,33328,,,-23.4750125,-46.6452605,,,,2,2023-06-15T01:17:31+00:00
SAO_178L-10,São Paulo,3550308,True,,33328,,,-23.504213999999997,-46.6277435,,,,2,2023-06-15T01:17:08+00:00
SAO_178L-10,São Paulo,3550308,True,,33328,,,-23.504194,-46.626874,,,,2,2023-06-15T01:17:38+00:00
SAO_178L-10,São Paulo,3550308,True,,33328,,,-23.53424025,-46.64397149999999,,,,2,2023-06-15T01:17:21+00:00
SAO_178L-10,São Paulo,3550308,True,,33328,,,-23.504967999999998,-46.6413635,,,,2,2023-06-15T01:17:23+00:00
SAO_273X-10,São Paulo,3550308,True,EMTU,392,https://moovitapp.com/index/pt-br/transporte_p%C3%BAblico-line-392-Sao_Paulo-242-2038937-36419460-0,5.8,-23.494659499999997,-46.413801500000005,,,,1,2023-06-15T01:17:15+00:00
SAO_273X-10,São Paulo,3550308,True,EMTU,392,https://moovitapp.com/index/pt-br/transporte_p%C3%BAblico-line-392-Sao_Paulo-242-2038937-36419460-0,5.8,-23.492955749999997,-46.38877037500001,,,,1,2023-06-15T01:17:38+00:00
SAO_273X-10,São Paulo,3550308,True,EMTU,392,https://moovitapp.com/index/pt-br/transporte_p%C3%BAblico-line-392-Sao_Paulo-242-2038937-36419460-0,5.8,-23.540062499999998,-46.482594375,,,,1,2023-06-15T01:17:25+00:00
SAO_273X-10,São Paulo,3550308,True,EMTU,392,https://moovitapp.com/index/pt-br/transporte_p%C3%BAblico-line-392-Sao_Paulo-242-2038937-36419460-0,5.8,-23.534727,-46.473905,,,,1,2023-06-15T01:16:46+00:00
SAO_273X-10,São Paulo,3550308,True,EMTU,392,https://moovitapp.com/index/pt-br/transporte_p%C3%BAblico-line-392-Sao_Paulo-242-2038937-36419460-0,5.8,-23.539783999999997,-46.483161,,,,1,2023-06-15T01:16:59+00:00
SAO_273X-10,São Paulo,3550308,True,EMTU,392,https://moovitapp.com/index/pt-br/transporte_p%C3%BAblico-line-392-Sao_Paulo-242-2038937-36419460-0,5.8,-23.5007605,-46.4701065,,,,1,2023-06-15T01:13:50+00:00
SAO_6063-42,São Paulo,3550308,True,,2002,,,-23.789787,-46.6895765,,,,1,2023-06-15T01:17:09+00:00
SAO_6063-42,São Paulo,3550308,True,,2002,,,-23.809403,-46.6612485,,,,1,2023-06-15T01:05:56+00:00
SAO_476G-10,São Paulo,3550308,True,,33879,,,-23.6151385,-46.504729,,,,2,2023-06-15T01:17:26+00:00
SAO_476G-10,São Paulo,3550308,True,,33879,,,-23.58232775,-46.59898175,,,,2,2023-06-15T01:17:25+00:00
SAO_476G-10,São Paulo,3550308,True,,33879,,,-23.587616375,-46.586105375,,,,2,2023-06-15T01:17:23+00:00
SAO_476G-10,São Paulo,3550308,True,,33879,,,-23.6109315,-46.531158,,,,2,2023-06-15T01:17:24+00:00
SAO_6813-10,São Paulo,3550308,True,BR7 Mobilidade,33,https://moovitapp.com/index/pt-br/transporte_p%C3%BAblico-line-33-Sao_Paulo-242-851856-529134-0,5.75,-23.6541265,-46.7631545,,,,1,2023-06-15T01:17:09+00:00
SAO_6813-10,São Paulo,3550308,True,BR7 Mobilidade,33,https://moovitapp.com/index/pt-br/transporte_p%C3%BAblico-line-33-Sao_Paulo-242-851856-529134-0,5.75,-23.660521874999997,-46.765603625000004,,,,1,2023-06-15T01:17:37+00:00
SAO_2552-41,São Paulo,3550308,True,,34485,,,-23.499526250000002,-46.468301249999996,,,,2,2023-06-15T01:17:13+00:00
SAO_2552-41,São Paulo,3550308,True,,34485,,,-23.5075325,-46.489591250000004,,,,2,2023-06-15T01:17:39+00:00
SAO_2552-41,São Paulo,3550308,True,,34485,,,-23.522648750000002,-46.53158125,,,,2,2023-06-15T01:17:01+00:00
SAO_609F-21,São Paulo,3550308,True,BR7 Mobilidade,38,https://moovitapp.com/index/pt-br/transporte_p%C3%BAblico-line-38-Sao_Paulo-242-851856-587254-0,5.75,-23.667388,-46.752701,,,,1,2023-06-15T01:17:06+00:00
SAO_609F-21,São Paulo,3550308,True,BR7 Mobilidade,38,https://moovitapp.com/index/pt-br/transporte_p%C3%BAblico-line-38-Sao_Paulo-242-851856-587254-0,5.75,-23.551287000000002,-46.6459355,,,,1,2023-06-15T01:17:37+00:00
SAO_609F-21,São Paulo,3550308,True,BR7 Mobilidade,38,https://moovitapp.com/index/pt-br/transporte_p%C3%BAblico-line-38-Sao_Paulo-242-851856-587254-0,5.75,-23.5956325,-46.692371,,,,1,2023-06-15T01:17:34+00:00
SAO_9051-10,São Paulo,3550308,True,,34857,,,-23.52363175,-46.70185575,,,,2,2023-06-15T01:16:57+00:00
SAO_9051-10,São Paulo,3550308,True,,34857,,,-23.55545275,-46.70023975,,,,2,2023-06-15T01:16:55+00:00
SAO_4024-10,São Paulo,3550308,True,,34926,,,-23.5472075,-46.4453055,,,,2,2023-06-15T01:15:11+00:00
SAO_4024-10,São Paulo,3550308,True,,34926,,,-23.5389045,-46.448209250000005,,,,2,2023-06-15T01:17:09+00:00
SAO_4024-10,São Paulo,3550308,True,,34926,,,-23.554102,-46.4357445,,,,2,2023-06-15T01:14:58+00:00
SAO_4024-10,São Paulo,3550308,True,,34926,,,-23.533915625,-46.4518435,,,,2,2023-06-15T01:17:30+00:00
SAO_4024-10,São Paulo,3550308,True,,34926,,,-23.567145,-46.424549999999996,,,,2,2023-06-15T01:17:02+00:00
SAO_4024-10,São Paulo,3550308,True,,34926,,,-23.566947125,-46.420469374999996,,,,2,2023-06-15T01:17:16+00:00
SAO_4024-10,São Paulo,3550308,True,,34926,,,-23.556885,-46.4309805,,,,2,2023-06-15T01:17:07+00:00
SAO_3029-10,São Paulo,3550308,True,,966,,,-23.58612675,-46.510578249999995,,,,1,2023-06-15T01:17:32+00:00
SAO_3029-10,São Paulo,3550308,True,,966,,,-23.585262999999998,-46.506369500000005,,,,1,2023-06-15T01:17:29+00:00
SAO_3029-10,São Paulo,3550308,True,,966,,,-23.585262999999998,-46.506369500000005,,,,1,2023-06-15T01:17:33+00:00
SAO_3029-10,São Paulo,3550308,True,,966,,,-23.541131,-46.577207,,,,1,2023-06-15T01:17:29+00:00
SAO_3029-10,São Paulo,3550308,True,,966,,,-23.576328,-46.5209105,,,,1,2023-06-15T01:17:16+00:00
SAO_3029-10,São Paulo,3550308,True,,966,,,-23.554801875,-46.5430925,,,,1,2023-06-15T01:17:25+00:00
SAO_3029-10,São Paulo,3550308,True,,966,,,-23.5431195,-46.564417,,,,1,2023-06-15T01:17:13+00:00
SAO_3029-10,São Paulo,3550308,True,,966,,,-23.547155,-46.54071462500001,,,,1,2023-06-15T01:17:39+00:00
SAO_3029-10,São Paulo,3550308,True,,966,,,-23.56884375,-46.54050125,,,,1,2023-06-15T01:14:52+00:00
SAO_3029-10,São Paulo,3550308,True,,966,,,-23.585262999999998,-46.506369500000005,,,,1,2023-06-15T01:17:14+00:00
SAO_4014-10,São Paulo,3550308,True,,2187,,,-23.58171175,-46.49799425,,,,1,2023-06-15T01:16:40+00:00
SAO_4014-10,São Paulo,3550308,True,,2187,,,-23.558199000000002,-46.522121,,,,1,2023-06-15T01:17:35+00:00
SAO_4014-10,São Paulo,3550308,True,,2187,,,-23.598004500000002,-46.4704625,,,,1,2023-06-15T01:17:31+00:00
SAO_6835-31,São Paulo,3550308,True,,34175,,,-23.6813115,-46.785893,,,,2,2023-06-15T01:16:57+00:00
SAO_6835-31,São Paulo,3550308,True,,34175,,,-23.6609205,-46.7681685,,,,2,2023-06-15T01:17:22+00:00
SAO_6835-31,São Paulo,3550308,True,,34175,,,-23.694238,-46.79535625,,,,2,2023-06-15T01:17:04+00:00
SAO_6835-31,São Paulo,3550308,True,,34175,,,-23.66952,-46.773173,,,,2,2023-06-15T01:17:26+00:00
SAO_373L-10,São Paulo,3550308,True,,33795,,,-23.601593,-46.431654375,,,,2,2023-06-15T01:17:17+00:00
SAO_373L-10,São Paulo,3550308,True,,33795,,,-23.5700255,-46.4592995,,,,2,2023-06-15T01:17:21+00:00
SAO_373L-10,São Paulo,3550308,True,,33795,,,-23.594361499999998,-46.4449015,,,,2,2023-06-15T01:17:06+00:00
SAO_373L-10,São Paulo,3550308,True,,33795,,,-23.6224955,-46.4141075,,,,2,2023-06-15T01:17:06+00:00
SAO_373L-10,São Paulo,3550308,True,,33795,,,-23.61788125,-46.4218125,,,,2,2023-06-15T01:17:32+00:00
SAO_5012-10,São Paulo,3550308,True,,1116,,,-23.686354,-46.633506,,,,1,2023-06-15T01:17:29+00:00
SAO_5012-10,São Paulo,3550308,True,,1116,,,-23.7097155,-46.6354455,,,,1,2023-06-15T01:17:16+00:00
SAO_5012-10,São Paulo,3550308,True,,1116,,,-23.6889705,-46.63420825,,,,1,2023-06-15T01:17:03+00:00
SAO_5012-10,São Paulo,3550308,True,,1116,,,-23.7097155,-46.6354455,,,,1,2023-06-15T01:17:20+00:00
SAO_5012-10,São Paulo,3550308,True,,1116,,,-23.7097155,-46.6354455,,,,1,2023-06-15T01:17:10+00:00
SAO_5012-10,São Paulo,3550308,True,,1116,,,-23.6460035,-46.6402605,,,,1,2023-06-15T01:17:35+00:00
SAO_5012-10,São Paulo,3550308,True,,1116,,,-23.7097155,-46.6354455,,,,1,2023-06-15T01:17:18+00:00
SAO_5012-10,São Paulo,3550308,True,,1116,,,-23.710048999999998,-46.6358415,,,,1,2023-06-15T01:12:55+00:00
SAO_5012-10,São Paulo,3550308,True,,1116,,,-23.702232,-46.638964,,,,1,2023-06-15T01:17:20+00:00
SAO_8060-10,São Paulo,3550308,True,,33186,,,-23.520712,-46.751337,,,,2,2023-06-15T01:17:36+00:00
SAO_8060-10,São Paulo,3550308,True,,33186,,,-23.520746000000003,-46.720389999999995,,,,2,2023-06-15T01:17:32+00:00
SAO_8060-10,São Paulo,3550308,True,,33186,,,-23.502658,-46.760932499999996,,,,2,2023-06-15T01:17:39+00:00
SAO_8060-10,São Paulo,3550308,True,,33186,,,-23.532432999999997,-46.735354625,,,,2,2023-06-15T01:17:37+00:00
SAO_8060-10,São Paulo,3550308,True,,33186,,,-23.519959,-46.700407999999996,,,,2,2023-06-15T01:17:29+00:00
SAO_2756-10,São Paulo,3550308,True,,33006,,,-23.5444265,-46.390927,,,,2,2023-06-15T01:17:32+00:00
SAO_2756-10,São Paulo,3550308,True,,33006,,,-23.544395,-46.3906095,,,,2,2023-06-15T01:17:07+00:00
SAO_2756-10,São Paulo,3550308,True,,33006,,,-23.514986,-46.453952,,,,2,2023-06-15T01:17:20+00:00
SAO_9020-10,São Paulo,3550308,True,,34202,,,-23.468928499999997,-46.7213345,,,,2,2023-06-15T01:17:06+00:00
SAO_9020-10,São Paulo,3550308,True,,34202,,,-23.468928499999997,-46.7213345,,,,2,2023-06-15T01:17:18+00:00
SAO_9020-10,São Paulo,3550308,True,,34202,,,-23.474366,-46.71767800000001,,,,2,2023-06-15T01:17:26+00:00
SAO_9020-10,São Paulo,3550308,True,,34202,,,-23.4685845,-46.721347,,,,2,2023-06-15T01:17:27+00:00
SAO_9020-10,São Paulo,3550308,True,,34202,,,-23.482081,-46.723997499999996,,,,2,2023-06-15T01:17:33+00:00
SAO_4717-10,São Paulo,3550308,True,,33103,,,-23.630584499999998,-46.6041045,,,,2,2023-06-15T01:17:30+00:00
SAO_5318-10,São Paulo,3550308,True,,45,,,-23.637836375,-46.697854375000006,,,,1,2023-06-15T01:17:28+00:00
SAO_5318-10,São Paulo,3550308,True,,45,,,-23.592699500000002,-46.651919,,,,1,2023-06-15T01:17:27+00:00
SAO_5318-10,São Paulo,3550308,True,,45,,,-23.573276,-46.6410445,,,,1,2023-06-15T01:17:23+00:00
SAO_5318-10,São Paulo,3550308,True,,45,,,-23.652333,-46.733948999999996,,,,1,2023-06-15T01:17:10+00:00
SAO_6812-10,São Paulo,3550308,True,,1242,,,-23.65084425,-46.7014805,,,,1,2023-06-15T01:17:05+00:00
SAO_6812-10,São Paulo,3550308,True,,1242,,,-23.662157,-46.7061985,,,,1,2023-06-15T01:17:08+00:00
SAO_6812-10,São Paulo,3550308,True,,1242,,,-23.65192725,-46.702461,,,,1,2023-06-15T01:17:17+00:00
SAO_6812-10,São Paulo,3550308,True,,1242,,,-23.70742125,-46.7843955,,,,1,2023-06-15T01:17:31+00:00
SAO_6812-10,São Paulo,3550308,True,,1242,,,-23.669321,-46.735198,,,,1,2023-06-15T01:17:12+00:00
SAO_6812-10,São Paulo,3550308,True,,1242,,,-23.726959,-46.786388,,,,1,2023-06-15T01:17:33+00:00
SAO_1744-10,São Paulo,3550308,True,,33312,,,-23.4974705,-46.6277885,,,,2,2023-06-15T01:17:24+00:00
SAO_1744-10,São Paulo,3550308,True,,33312,,,-23.492449,-46.633412,,,,2,2023-06-15T01:16:26+00:00
SAO_1744-10,São Paulo,3550308,True,,33312,,,-23.485446500000002,-46.641074,,,,2,2023-06-15T01:17:21+00:00
SAO_975A-10,São Paulo,3550308,True,,33357,,,-23.5683118125,-46.6480403125,,,,2,2023-06-15T01:17:33+00:00
SAO_975A-10,São Paulo,3550308,True,,33357,,,-23.56181025,-46.655956,,,,2,2023-06-15T01:17:00+00:00
SAO_975A-10,São Paulo,3550308,True,,33357,,,-23.543004375000002,-46.672343375,,,,2,2023-06-15T01:16:57+00:00
SAO_975A-10,São Paulo,3550308,True,,33357,,,-23.472289,-46.6914485,,,,2,2023-06-15T01:17:00+00:00
SAO_975A-10,São Paulo,3550308,True,,33357,,,-23.50622625,-46.67333725,,,,2,2023-06-15T01:17:00+00:00
SAO_975A-10,São Paulo,3550308,True,,33357,,,-23.4688585,-46.6960245,,,,2,2023-06-15T01:17:21+00:00
SAO_975A-10,São Paulo,3550308,True,,33357,,,-23.468571,-46.6963775,,,,2,2023-06-15T01:17:31+00:00
SAO_975A-10,São Paulo,3550308,True,,33357,,,-23.480784,-46.690434499999995,,,,2,2023-06-15T01:17:02+00:00
SAO_975A-10,São Paulo,3550308,True,,33357,,,-23.520412,-46.667364,,,,2,2023-06-15T01:17:17+00:00
SAO_7006-10,São Paulo,3550308,True,,1995,,,-23.750491500000003,-46.7783395,,,,1,2023-06-15T01:17:32+00:00
SAO_7006-10,São Paulo,3550308,True,,1995,,,-23.7503745,-46.7771065,,,,1,2023-06-15T01:17:36+00:00
SAO_7006-10,São Paulo,3550308,True,,1995,,,-23.7301305,-46.7858815,,,,1,2023-06-15T01:17:25+00:00
SAO_7006-10,São Paulo,3550308,True,,1995,,,-23.702687,-46.7833245,,,,1,2023-06-15T01:17:16+00:00
SAO_1785-10,São Paulo,3550308,True,,34584,,,-23.496243,-46.621967999999995,,,,2,2023-06-15T01:17:28+00:00
SAO_1785-10,São Paulo,3550308,True,,34584,,,-23.477968500000003,-46.622819,,,,2,2023-06-15T01:17:24+00:00
SAO_209P-1,São Paulo,3550308,True,,2301,,,-23.5657815,-46.7010925,,,,1,2023-06-15T01:17:16+00:00
SAO_209P-1,São Paulo,3550308,True,,2301,,,-23.517414624999997,-46.68199925,,,,1,2023-06-15T01:17:34+00:00
SAO_1726-10,São Paulo,3550308,True,,1403,,,-23.489323499999998,-46.62424,,,,1,2023-06-15T01:17:04+00:00
SAO_1726-10,São Paulo,3550308,True,,1403,,,-23.4359105,-46.566243,,,,1,2023-06-15T01:16:57+00:00
SAO_1726-10,São Paulo,3550308,True,,1403,,,-23.465784499999998,-46.603472499999995,,,,1,2023-06-15T01:17:32+00:00
SAO_1726-10,São Paulo,3550308,True,,1403,,,-23.448359500000002,-46.5915485,,,,1,2023-06-15T01:17:11+00:00
SAO_1726-10,São Paulo,3550308,True,,1403,,,-23.4359105,-46.566243,,,,1,2023-06-15T01:17:21+00:00
SAO_1726-10,São Paulo,3550308,True,,1403,,,-23.4405095,-46.5770125,,,,1,2023-06-15T01:16:56+00:00
SAO_1726-10,São Paulo,3550308,True,,1403,,,-23.4550455,-46.598689500000006,,,,1,2023-06-15T01:15:17+00:00
SAO_1726-10,São Paulo,3550308,True,,1403,,,-23.472721,-46.6074105,,,,1,2023-06-15T01:17:30+00:00
SAO_1701-21,São Paulo,3550308,True,,35244,,,-23.4485655,-46.575182999999996,,,,2,2023-06-15T01:17:33+00:00
SAO_1701-21,São Paulo,3550308,True,,35244,,,-23.447903750000002,-46.57596337499999,,,,2,2023-06-15T01:17:32+00:00
SAO_1701-21,São Paulo,3550308,True,,35244,,,-23.465833500000002,-46.585685,,,,2,2023-06-15T01:17:29+00:00
SAO_1701-21,São Paulo,3550308,True,,35244,,,-23.4551795,-46.5832085,,,,2,2023-06-15T01:17:29+00:00
SAO_4742-10,São Paulo,3550308,True,,33110,,,-23.645075,-46.6064755,,,,2,2023-06-15T01:17:12+00:00
SAO_4742-10,São Paulo,3550308,True,,33110,,,-23.618790999999998,-46.6412475,,,,2,2023-06-15T01:17:35+00:00
SAO_4742-10,São Paulo,3550308,True,,33110,,,-23.6300655,-46.6315735,,,,2,2023-06-15T01:17:07+00:00
SAO_4742-10,São Paulo,3550308,True,,33110,,,-23.627073625,-46.638331750000006,,,,2,2023-06-15T01:17:21+00:00
SAO_297A-10,São Paulo,3550308,True,,34901,,,-23.5037065,-46.67648225000001,,,,2,2023-06-15T01:17:36+00:00
SAO_297A-10,São Paulo,3550308,True,,34901,,,-23.5251275,-46.6660255,,,,2,2023-06-15T01:17:18+00:00
SAO_297A-10,São Paulo,3550308,True,,34901,,,-23.5251275,-46.6660255,,,,2,2023-06-15T01:17:32+00:00
SAO_297A-10,São Paulo,3550308,True,,34901,,,-23.5251275,-46.6660255,,,,2,2023-06-15T01:17:19+00:00
SAO_297A-10,São Paulo,3550308,True,,34901,,,-23.497221,-46.676171,,,,2,2023-06-15T01:17:04+00:00
SAO_297A-10,São Paulo,3550308,True,,34901,,,-23.521904375,-46.6717591875,,,,2,2023-06-15T01:17:38+00:00
SAO_6804-10,São Paulo,3550308,True,BR7 Mobilidade,30,https://moovitapp.com/index/pt-br/transporte_p%C3%BAblico-line-30-Sao_Paulo-242-851856-500112-0,5.75,-23.640328,-46.74752075,,,,1,2023-06-15T01:17:04+00:00
SAO_6804-10,São Paulo,3550308,True,BR7 Mobilidade,30,https://moovitapp.com/index/pt-br/transporte_p%C3%BAblico-line-30-Sao_Paulo-242-851856-500112-0,5.75,-23.630558,-46.75013,,,,1,2023-06-15T01:16:59+00:00
SAO_2025-10,São Paulo,3550308,True,,35035,,,-23.502243999999997,-46.623825,,,,2,2023-06-15T01:17:02+00:00
SAO_2025-10,São Paulo,3550308,True,,35035,,,-23.469675000000002,-46.584624,,,,2,2023-06-15T01:17:22+00:00
SAO_2025-10,São Paulo,3550308,True,,35035,,,-23.502243999999997,-46.623825,,,,2,2023-06-15T01:17:22+00:00
SAO_2025-10,São Paulo,3550308,True,,35035,,,-23.466649875,-46.583931375000006,,,,2,2023-06-15T01:17:39+00:00
SAO_2025-10,São Paulo,3550308,True,,35035,,,-23.502243999999997,-46.623825,,,,2,2023-06-15T01:17:06+00:00
SAO_2025-10,São Paulo,3550308,True,,35035,,,-23.4509685,-46.57224025,,,,2,2023-06-15T01:14:57+00:00
SAO_2025-10,São Paulo,3550308,True,,35035,,,-23.49122825,-46.61066925,,,,2,2023-06-15T01:17:02+00:00
SAO_2025-10,São Paulo,3550308,True,,35035,,,-23.4509685,-46.57224025,,,,2,2023-06-15T01:17:38+00:00
SAO_2626-10,São Paulo,3550308,True,EMTU,376,https://moovitapp.com/index/pt-br/transporte_p%C3%BAblico-line-376-Sao_Paulo-242-2038937-114744732-0,5.1,-23.522483,-46.5370505,,,,1,2023-06-15T01:14:21+00:00
SAO_2626-10,São Paulo,3550308,True,EMTU,376,https://moovitapp.com/index/pt-br/transporte_p%C3%BAblico-line-376-Sao_Paulo-242-2038937-114744732-0,5.1,-23.49986175,-46.411255499999996,,,,1,2023-06-15T01:17:06+00:00
SAO_2626-10,São Paulo,3550308,True,EMTU,376,https://moovitapp.com/index/pt-br/transporte_p%C3%BAblico-line-376-Sao_Paulo-242-2038937-114744732-0,5.1,-23.5314755,-46.5591195,,,,1,2023-06-15T01:16:25+00:00
SAO_2626-10,São Paulo,3550308,True,EMTU,376,https://moovitapp.com/index/pt-br/transporte_p%C3%BAblico-line-376-Sao_Paulo-242-2038937-114744732-0,5.1,-23.493173249999998,-46.44959075,,,,1,2023-06-15T01:16:57+00:00
SAO_2626-10,São Paulo,3550308,True,EMTU,376,https://moovitapp.com/index/pt-br/transporte_p%C3%BAblico-line-376-Sao_Paulo-242-2038937-114744732-0,5.1,-23.498153000000002,-46.41123225,,,,1,2023-06-15T01:17:38+00:00
SAO_2626-10,São Paulo,3550308,True,EMTU,376,https://moovitapp.com/index/pt-br/transporte_p%C3%BAblico-line-376-Sao_Paulo-242-2038937-114744732-0,5.1,-23.546727,-46.629723999999996,,,,1,2023-06-15T01:17:28+00:00
SAO_2626-10,São Paulo,3550308,True,EMTU,376,https://moovitapp.com/index/pt-br/transporte_p%C3%BAblico-line-376-Sao_Paulo-242-2038937-114744732-0,5.1,-23.5130475,-46.5165755,,,,1,2023-06-15T01:17:35+00:00
SAO_2626-10,São Paulo,3550308,True,EMTU,376,https://moovitapp.com/index/pt-br/transporte_p%C3%BAblico-line-376-Sao_Paulo-242-2038937-114744732-0,5.1,-23.546727,-46.629723999999996,,,,1,2023-06-15T01:16:57+00:00
SAO_407T-10,São Paulo,3550308,True,,2202,,,-23.538669499999997,-46.4415705,,,,1,2023-06-15T01:17:01+00:00
SAO_407T-10,São Paulo,3550308,True,,2202,,,-23.538669499999997,-46.4415705,,,,1,2023-06-15T01:16:56+00:00
SAO_407T-10,São Paulo,3550308,True,,2202,,,-23.5375265,-46.439591,,,,1,2023-06-15T01:01:36+00:00
SAO_407T-10,São Paulo,3550308,True,,2202,,,-23.53794175,-46.440266750000006,,,,1,2023-06-15T01:17:34+00:00
SAO_1177-31,São Paulo,3550308,True,,34599,,,-23.5382475,-46.563386,,,,2,2023-06-15T01:16:37+00:00
SAO_1177-31,São Paulo,3550308,True,,34599,,,-23.519833625000004,-46.475768375,,,,2,2023-06-15T01:17:38+00:00
SAO_1177-31,São Paulo,3550308,True,,34599,,,-23.53720825,-46.559264125,,,,2,2023-06-15T01:17:40+00:00
SAO_2762-10,São Paulo,3550308,True,,32912,,,-23.486390874999998,-46.477108375,,,,2,2023-06-15T01:17:06+00:00
SAO_2762-10,São Paulo,3550308,True,,32912,,,-23.517070750000002,-46.54967575,,,,2,2023-06-15T01:16:52+00:00
SAO_2762-10,São Paulo,3550308,True,,32912,,,-23.53254525,-46.562278250000006,,,,2,2023-06-15T01:16:52+00:00
SAO_2762-10,São Paulo,3550308,True,,32912,,,-23.4973025,-46.5042935,,,,2,2023-06-15T01:15:29+00:00
SAO_2522-10,São Paulo,3550308,True,Cidade de Caieiras,140,https://moovitapp.com/index/pt-br/transporte_p%C3%BAblico-line-140-Sao_Paulo-242-868761-496401-0,5.0,-23.52265825,-46.44285975,,,,1,2023-06-15T01:17:03+00:00
SAO_719P-10,São Paulo,3550308,True,,34140,,,-23.5484335,-46.659047625,,,,2,2023-06-15T01:16:59+00:00
SAO_719P-10,São Paulo,3550308,True,,34140,,,-23.565859,-46.7013775,,,,2,2023-06-15T01:17:39+00:00
SAO_524M-10,São Paulo,3550308,True,,1631,,,-23.614544,-46.500679,,,,1,2023-06-15T01:17:26+00:00
SAO_524M-10,São Paulo,3550308,True,,1631,,,-23.617801749999998,-46.494293,,,,1,2023-06-15T01:17:07+00:00
SAO_524M-10,São Paulo,3550308,True,,1631,,,-23.619445,-46.495205,,,,1,2023-06-15T01:17:18+00:00
SAO_524M-10,São Paulo,3550308,True,,1631,,,-23.589774499999997,-46.5075075,,,,1,2023-06-15T01:16:59+00:00
SAO_524M-10,São Paulo,3550308,True,,1631,,,-23.571915125,-46.510825625,,,,1,2023-06-15T01:17:02+00:00
SAO_524M-10,São Paulo,3550308,True,,1631,,,-23.56468325,-46.50561075,,,,1,2023-06-15T01:17:30+00:00
SAO_524M-10,São Paulo,3550308,True,,1631,,,-23.6139735,-46.501357999999996,,,,1,2023-06-15T01:17:19+00:00
SAO_524M-10,São Paulo,3550308,True,,1631,,,-23.589411,-46.5092705,,,,1,2023-06-15T01:17:02+00:00
SAO_524M-10,São Paulo,3550308,True,,1631,,,-23.600967500000003,-46.4983395,,,,1,2023-06-15T01:17:29+00:00
SAO_6L10-41,São Paulo,3550308,True,,34773,,,-23.7880685,-46.765596,,,,2,2023-06-15T01:17:08+00:00
SAO_6L10-41,São Paulo,3550308,True,,34773,,,-23.7876945,-46.765291000000005,,,,2,2023-06-15T01:17:10+00:00
SAO_6L10-41,São Paulo,3550308,True,,34773,,,-23.77131,-46.733966499999994,,,,2,2023-06-15T01:13:54+00:00
SAO_6L10-41,São Paulo,3550308,True,,34773,,,-23.7880685,-46.765596,,,,2,2023-06-15T01:17:17+00:00
SAO_8007-10,São Paulo,3550308,True,,34025,,,-23.4711305,-46.743364,,,,2,2023-06-15T01:17:14+00:00
SAO_8007-10,São Paulo,3550308,True,,34025,,,-23.486233,-46.726208,,,,2,2023-06-15T01:16:56+00:00
SAO_8007-10,São Paulo,3550308,True,,34025,,,-23.475406,-46.7563575,,,,2,2023-06-15T01:17:17+00:00
SAO_8000-1,São Paulo,3550308,True,,35274,,,-23.5366935,-46.650225750000004,,,,2,2023-06-15T01:17:15+00:00
SAO_8000-1,São Paulo,3550308,True,,35274,,,-23.529716125,-46.667619875,,,,2,2023-06-15T01:17:21+00:00
SAO_8000-1,São Paulo,3550308,True,,35274,,,-23.522756625,-46.692119812499996,,,,2,2023-06-15T01:17:24+00:00
SAO_8000-1,São Paulo,3550308,True,,35274,,,-23.52087225,-46.70017,,,,2,2023-06-15T01:17:24+00:00
SAO_8000-1,São Paulo,3550308,True,,35274,,,-23.520992749999998,-46.699836,,,,2,2023-06-15T01:16:58+00:00
SAO_8000-1,São Paulo,3550308,True,,35274,,,-23.522478,-46.69588125,,,,2,2023-06-15T01:17:05+00:00
SAO_6812-10,São Paulo,3550308,True,,34010,,,-23.686221,-46.770697,,,,2,2023-06-15T01:17:29+00:00
SAO_6812-10,São Paulo,3550308,True,,34010,,,-23.6499865,-46.705413500000006,,,,2,2023-06-15T01:17:19+00:00
SAO_6812-10,São Paulo,3550308,True,,34010,,,-23.666430249999998,-46.720004625,,,,2,2023-06-15T01:17:04+00:00
SAO_6812-10,São Paulo,3550308,True,,34010,,,-23.653986500000002,-46.70165837500001,,,,2,2023-06-15T01:17:23+00:00
SAO_6812-10,São Paulo,3550308,True,,34010,,,-23.649885249999997,-46.702398,,,,2,2023-06-15T01:17:28+00:00
SAO_6048-10,São Paulo,3550308,True,BR7 Mobilidade,56,https://moovitapp.com/index/pt-br/transporte_p%C3%BAblico-line-56-Sao_Paulo-242-851856-518592-0,5.75,-23.6467045,-46.710442,,,,1,2023-06-15T01:17:25+00:00
SAO_6048-10,São Paulo,3550308,True,BR7 Mobilidade,56,https://moovitapp.com/index/pt-br/transporte_p%C3%BAblico-line-56-Sao_Paulo-242-851856-518592-0,5.75,-23.67800275,-46.77287275,,,,1,2023-06-15T01:17:30+00:00
SAO_874C-10,São Paulo,3550308,True,,477,,,-23.5371145,-46.723141999999996,,,,1,2023-06-15T01:17:09+00:00
SAO_3053-10,São Paulo,3550308,True,,33741,,,-23.584741,-46.495041,,,,2,2023-06-15T01:17:07+00:00
SAO_3053-10,São Paulo,3550308,True,,33741,,,-23.563123750000003,-46.5630209375,,,,2,2023-06-15T01:17:26+00:00
SAO_3053-10,São Paulo,3550308,True,,33741,,,-23.56242675,-46.56440125,,,,2,2023-06-15T01:17:37+00:00
SAO_3053-10,São Paulo,3550308,True,,33741,,,-23.583888,-46.5346095,,,,2,2023-06-15T01:16:56+00:00
SAO_3053-10,São Paulo,3550308,True,,33741,,,-23.5459025,-46.592075,,,,2,2023-06-15T01:15:30+00:00
SAO_3053-10,São Paulo,3550308,True,,33741,,,-23.588525,-46.510872,,,,2,2023-06-15T01:17:34+00:00
SAO_3053-10,São Paulo,3550308,True,,33741,,,-23.57017925,-46.551802499999994,,,,2,2023-06-15T01:17:15+00:00
SAO_3053-10,São Paulo,3550308,True,,33741,,,-23.58508225,-46.495141249999996,,,,2,2023-06-15T01:17:03+00:00
SAO_3053-10,São Paulo,3550308,True,,33741,,,-23.585154000000003,-46.520120750000004,,,,2,2023-06-15T01:17:01+00:00
SAO_3053-10,São Paulo,3550308,True,,33741,,,-23.584164,-46.5337145,,,,2,2023-06-15T01:17:07+00:00
SAO_3053-10,São Paulo,3550308,True,,33741,,,-23.58125,-46.537955,,,,2,2023-06-15T01:17:35+00:00
SAO_3053-10,São Paulo,3550308,True,,33741,,,-23.56301325,-46.5632413125,,,,2,2023-06-15T01:15:08+00:00
SAO_3053-10,São Paulo,3550308,True,,33741,,,-23.585588,-46.4950305,,,,2,2023-06-15T01:17:07+00:00
SAO_3053-10,São Paulo,3550308,True,,33741,,,-23.5536895,-46.5794105,,,,2,2023-06-15T01:17:30+00:00
SAO_3053-10,São Paulo,3550308,True,,33741,,,-23.5867205,-46.5144505,,,,2,2023-06-15T01:16:59+00:00
SAO_3053-10,São Paulo,3550308,True,,33741,,,-23.584650874999998,-46.527735,,,,2,2023-06-15T01:17:26+00:00
SAO_407G-10,São Paulo,3550308,True,,2196,,,-23.536688875000003,-46.557333375,,,,1,2023-06-15T01:17:15+00:00
SAO_407G-10,São Paulo,3550308,True,,2196,,,-23.5386495,-46.5641825,,,,1,2023-06-15T01:16:14+00:00
SAO_407G-10,São Paulo,3550308,True,,2196,,,-23.5560435,-46.516270000000006,,,,1,2023-06-15T01:17:36+00:00
SAO_407G-10,São Paulo,3550308,True,,2196,,,-23.57557375,-46.50235575000001,,,,1,2023-06-15T01:16:14+00:00
SAO_407G-10,São Paulo,3550308,True,,2196,,,-23.624915,-46.4616325,,,,1,2023-06-15T01:17:41+00:00
SAO_407G-10,São Paulo,3550308,True,,2196,,,-23.538742,-46.564669499999994,,,,1,2023-06-15T01:12:36+00:00
SAO_407G-10,São Paulo,3550308,True,,2196,,,-23.611837,-46.4334745,,,,1,2023-06-15T01:17:03+00:00
SAO_407G-10,São Paulo,3550308,True,,2196,,,-23.6037715,-46.444047875,,,,1,2023-06-15T01:17:07+00:00
SAO_407G-10,São Paulo,3550308,True,,2196,,,-23.577084,-46.500837,,,,1,2023-06-15T01:17:07+00:00
SAO_1721-10,São Paulo,3550308,True,,666,,,-23.4978745,-46.594651,,,,1,2023-06-15T01:15:03+00:00
SAO_1721-10,São Paulo,3550308,True,,666,,,-23.509444000000002,-46.624838,,,,1,2023-06-15T01:17:25+00:00
SAO_1721-10,São Paulo,3550308,True,,666,,,-23.491537,-46.578976999999995,,,,1,2023-06-15T01:17:00+00:00
SAO_1721-10,São Paulo,3550308,True,,666,,,-23.5010635,-46.61399,,,,1,2023-06-15T01:17:28+00:00
SAO_3023-10,São Paulo,3550308,True,,33728,,,-23.580451500000002,-46.5002865,,,,2,2023-06-15T01:17:19+00:00
SAO_3023-10,São Paulo,3550308,True,,33728,,,-23.600499499999998,-46.4842965,,,,2,2023-06-15T01:16:59+00:00
SAO_3023-10,São Paulo,3550308,True,,33728,,,-23.567818,-46.506119,,,,2,2023-06-15T01:17:14+00:00
SAO_3023-10,São Paulo,3550308,True,,33728,,,-23.5641745,-46.505159,,,,2,2023-06-15T01:17:01+00:00
SAO_3023-10,São Paulo,3550308,True,,33728,,,-23.60958175,-46.477186,,,,2,2023-06-15T01:17:27+00:00
SAO_3023-10,São Paulo,3550308,True,,33728,,,-23.6228965,-46.472035500000004,,,,2,2023-06-15T01:17:12+00:00
SAO_509M-10,São Paulo,3550308,True,,1277,,,-23.60085575,-46.65953425000001,,,,1,2023-06-15T01:17:02+00:00
SAO_509M-10,São Paulo,3550308,True,,1277,,,-23.6795715,-46.636117,,,,1,2023-06-15T01:17:03+00:00
SAO_509M-10,São Paulo,3550308,True,,1277,,,-23.538828,-46.635828000000004,,,,1,2023-06-15T01:17:16+00:00
SAO_509M-10,São Paulo,3550308,True,,1277,,,-23.541999750000002,-46.640972250000004,,,,1,2023-06-15T01:17:33+00:00
SAO_509M-10,São Paulo,3550308,True,,1277,,,-23.64152625,-46.674947,,,,1,2023-06-15T01:17:36+00:00
SAO_627J-10,São Paulo,3550308,True,,34824,,,-23.68177525,-46.63360275,,,,2,2023-06-15T01:17:31+00:00
SAO_627J-10,São Paulo,3550308,True,,34824,,,-23.62553725,-46.6404665,,,,2,2023-06-15T01:17:04+00:00
SAO_627J-10,São Paulo,3550308,True,,34824,,,-23.6384045,-46.641318,,,,2,2023-06-15T01:16:58+00:00
SAO_627J-10,São Paulo,3550308,True,,34824,,,-23.66092975,-46.637235000000004,,,,2,2023-06-15T01:17:39+00:00
SAO_6003-10,São Paulo,3550308,True,,34240,,,-23.737647000000003,-46.6975635,,,,2,2023-06-15T01:17:15+00:00
SAO_6003-10,São Paulo,3550308,True,,34240,,,-23.734133,-46.6986615,,,,2,2023-06-15T01:17:18+00:00
SAO_6003-10,São Paulo,3550308,True,,34240,,,-23.746763,-46.7075575,,,,2,2023-06-15T01:15:34+00:00
SAO_6003-10,São Paulo,3550308,True,,34240,,,-23.753059,-46.711040499999996,,,,2,2023-06-15T01:17:16+00:00
SAO_6003-10,São Paulo,3550308,True,,34240,,,-23.7360415,-46.6963535,,,,2,2023-06-15T01:17:35+00:00
SAO_3002-10,São Paulo,3550308,True,,34576,,,-23.510973,-46.3788175,,,,2,2023-06-15T01:17:38+00:00
SAO_3002-10,São Paulo,3550308,True,,34576,,,-23.494194,-46.421617625,,,,2,2023-06-15T01:16:16+00:00
SAO_3002-10,São Paulo,3550308,True,,34576,,,-23.497027000000003,-46.4378525,,,,2,2023-06-15T01:17:13+00:00
SAO_3002-10,São Paulo,3550308,True,,34576,,,-23.494860625,-46.407573875,,,,2,2023-06-15T01:17:36+00:00
SAO_3002-10,São Paulo,3550308,True,,34576,,,-23.509918,-46.379645999999994,,,,2,2023-06-15T01:17:35+00:00
SAO_3002-10,São Paulo,3550308,True,,34576,,,-23.506835375,-46.380073875,,,,2,2023-06-15T01:16:54+00:00
SAO_3002-10,São Paulo,3550308,True,,34576,,,-23.497071,-46.438169,,,,2,2023-06-15T01:17:21+00:00
SAO_3002-10,São Paulo,3550308,True,,34576,,,-23.494272,-46.422543875,,,,2,2023-06-15T01:17:34+00:00
SAO_3002-10,São Paulo,3550308,True,,34576,,,-23.505342249999998,-46.38932025,,,,2,2023-06-15T01:17:09+00:00
SAO_6042-10,São Paulo,3550308,True,,33987,,,-23.656924,-46.7639025,,,,2,2023-06-15T01:17:28+00:00
SAO_6042-10,São Paulo,3550308,True,,33987,,,-23.66215,-46.7691005,,,,2,2023-06-15T01:16:59+00:00
SAO_6042-10,São Paulo,3550308,True,,33987,,,-23.64439075,-46.72743175,,,,2,2023-06-15T01:17:41+00:00
SAO_6042-10,São Paulo,3550308,True,,33987,,,-23.6559925,-46.76256875,,,,2,2023-06-15T01:17:29+00:00
SAO_6042-10,São Paulo,3550308,True,,33987,,,-23.644305,-46.744851499999996,,,,2,2023-06-15T01:17:07+00:00
SAO_6042-10,São Paulo,3550308,True,,33987,,,-23.679254,-46.7706115,,,,2,2023-06-15T01:17:37+00:00
SAO_6061-10,São Paulo,3550308,True,,33918,,,-23.737094499999998,-46.695599,,,,2,2023-06-15T01:17:31+00:00
SAO_6061-10,São Paulo,3550308,True,,33918,,,-23.7822775,-46.681824,,,,2,2023-06-15T01:16:57+00:00
SAO_6061-10,São Paulo,3550308,True,,33918,,,-23.7757335,-46.691438500000004,,,,2,2023-06-15T01:17:38+00:00
SAO_6061-10,São Paulo,3550308,True,,33918,,,-23.7643145,-46.6882675,,,,2,2023-06-15T01:16:58+00:00
SAO_6061-10,São Paulo,3550308,True,,33918,,,-23.782453500000003,-46.682023,,,,2,2023-06-15T01:17:33+00:00
SAO_6061-10,São Paulo,3550308,True,,33918,,,-23.740786,-46.691494500000005,,,,2,2023-06-15T01:17:20+00:00
SAO_6061-10,São Paulo,3550308,True,,33918,,,-23.788294999999998,-46.6860585,,,,2,2023-06-15T01:17:25+00:00
SAO_3161-10,São Paulo,3550308,True,,33852,,,-23.583561000000003,-46.5251485,,,,2,2023-06-15T01:17:32+00:00
SAO_3161-10,São Paulo,3550308,True,,33852,,,-23.556593,-46.6077565,,,,2,2023-06-15T01:17:33+00:00
SAO_3161-10,São Paulo,3550308,True,,33852,,,-23.5775505,-46.57572725,,,,2,2023-06-15T01:15:25+00:00
SAO_3161-10,São Paulo,3550308,True,,33852,,,-23.5753055,-46.579370499999996,,,,2,2023-06-15T01:17:23+00:00
SAO_2435-10,São Paulo,3550308,True,Cidade de Caieiras,210,https://moovitapp.com/index/pt-br/transporte_p%C3%BAblico-line-210-Sao_Paulo-242-868761-496408-0,5.0,-23.521893,-46.5270465,,,,1,2023-06-15T01:17:17+00:00
SAO_6412-10,São Paulo,3550308,True,,33538,,,-23.58740925,-46.676955750000005,,,,2,2023-06-15T01:17:37+00:00
SAO_6412-10,São Paulo,3550308,True,,33538,,,-23.614853,-46.7137005,,,,2,2023-06-15T01:16:58+00:00
SAO_6412-10,São Paulo,3550308,True,,33538,,,-23.5777115,-46.65976675,,,,2,2023-06-15T01:17:22+00:00
SAO_6412-10,São Paulo,3550308,True,,33538,,,-23.607355,-46.685581,,,,2,2023-06-15T01:17:25+00:00
SAO_6412-10,São Paulo,3550308,True,,33538,,,-23.61794,-46.695867750000005,,,,2,2023-06-15T01:17:09+00:00
SAO_6412-10,São Paulo,3550308,True,,33538,,,-23.600703999999997,-46.682315125,,,,2,2023-06-15T01:17:21+00:00
SAO_6412-10,São Paulo,3550308,True,,33538,,,-23.61733075,-46.695386,,,,2,2023-06-15T01:17:13+00:00
SAO_6412-10,São Paulo,3550308,True,,33538,,,-23.565427749999998,-46.645055625,,,,2,2023-06-15T01:17:38+00:00
SAO_6412-10,São Paulo,3550308,True,,33538,,,-23.58515,-46.6708625,,,,2,2023-06-15T01:17:00+00:00
SAO_6412-10,São Paulo,3550308,True,,33538,,,-23.618781,-46.722603500000005,,,,2,2023-06-15T01:17:34+00:00
SAO_6820-10,São Paulo,3550308,True,,32787,,,-23.659830499999998,-46.76968,,,,2,2023-06-15T01:17:41+00:00
SAO_6820-10,São Paulo,3550308,True,,32787,,,-23.6638505,-46.793641,,,,2,2023-06-15T01:17:31+00:00
SAO_6820-10,São Paulo,3550308,True,,32787,,,-23.658020999999998,-46.7897125,,,,2,2023-06-15T01:17:06+00:00
SAO_6820-10,São Paulo,3550308,True,,32787,,,-23.658020999999998,-46.7897125,,,,2,2023-06-15T01:17:37+00:00
SAO_6820-10,São Paulo,3550308,True,,32787,,,-23.6572335,-46.7642095,,,,2,2023-06-15T01:17:04+00:00
SAO_8077-10,São Paulo,3550308,True,,34818,,,-23.585471499999997,-46.7470085,,,,2,2023-06-15T01:17:29+00:00
SAO_8077-10,São Paulo,3550308,True,,34818,,,-23.59506,-46.7880485,,,,2,2023-06-15T01:17:05+00:00
SAO_8077-10,São Paulo,3550308,True,,34818,,,-23.601537,-46.791821999999996,,,,2,2023-06-15T01:17:19+00:00
SAO_695D-10,São Paulo,3550308,True,EMTU,114,https://moovitapp.com/index/pt-br/transporte_p%C3%BAblico-line-114-Sao_Paulo-242-2038937-36419274-0,6.4,-23.67908775,-46.68565924999999,,,,1,2023-06-15T01:16:57+00:00
SAO_695D-10,São Paulo,3550308,True,EMTU,114,https://moovitapp.com/index/pt-br/transporte_p%C3%BAblico-line-114-Sao_Paulo-242-2038937-36419274-0,6.4,-23.65579,-46.66953975,,,,1,2023-06-15T01:17:33+00:00
SAO_695D-10,São Paulo,3550308,True,EMTU,114,https://moovitapp.com/index/pt-br/transporte_p%C3%BAblico-line-114-Sao_Paulo-242-2038937-36419274-0,6.4,-23.644764000000002,-46.642326999999995,,,,1,2023-06-15T01:17:24+00:00
SAO_695D-10,São Paulo,3550308,True,EMTU,114,https://moovitapp.com/index/pt-br/transporte_p%C3%BAblico-line-114-Sao_Paulo-242-2038937-36419274-0,6.4,-23.7078365,-46.6988705,,,,1,2023-06-15T01:17:03+00:00
SAO_695D-10,São Paulo,3550308,True,EMTU,114,https://moovitapp.com/index/pt-br/transporte_p%C3%BAblico-line-114-Sao_Paulo-242-2038937-36419274-0,6.4,-23.649881999999998,-46.662268,,,,1,2023-06-15T01:17:20+00:00
SAO_695D-10,São Paulo,3550308,True,EMTU,114,https://moovitapp.com/index/pt-br/transporte_p%C3%BAblico-line-114-Sao_Paulo-242-2038937-36419274-0,6.4,-23.7329935,-46.676147,,,,1,2023-06-15T01:15:22+00:00
SAO_3768-10,São Paulo,3550308,True,,1056,,,-23.5879275,-46.3812475,,,,1,2023-06-15T01:17:21+00:00
SAO_3768-10,São Paulo,3550308,True,,1056,,,-23.57573,-46.392289000000005,,,,1,2023-06-15T01:17:26+00:00
SAO_875A-10,São Paulo,3550308,True,,33377,,,-23.57276425,-46.64287075,,,,2,2023-06-15T01:17:41+00:00
SAO_875A-10,São Paulo,3550308,True,,33377,,,-23.6431975,-46.6622785,,,,2,2023-06-15T01:16:56+00:00
SAO_875A-10,São Paulo,3550308,True,,33377,,,-23.559445125000003,-46.658842,,,,2,2023-06-15T01:17:13+00:00
SAO_875A-10,São Paulo,3550308,True,,33377,,,-23.531993,-46.6598645,,,,2,2023-06-15T01:16:58+00:00
SAO_875A-10,São Paulo,3550308,True,,33377,,,-23.632147500000002,-46.669378,,,,2,2023-06-15T01:16:59+00:00
SAO_875A-10,São Paulo,3550308,True,,33377,,,-23.61682625,-46.638924,,,,2,2023-06-15T01:17:11+00:00
SAO_875A-10,São Paulo,3550308,True,,33377,,,-23.622443750000002,-46.661860000000004,,,,2,2023-06-15T01:17:00+00:00
SAO_8075-10,São Paulo,3550308,True,,34812,,,-23.631153500000003,-46.7733425,,,,2,2023-06-15T01:17:26+00:00
SAO_8075-10,São Paulo,3550308,True,,34812,,,-23.631258,-46.773112999999995,,,,2,2023-06-15T01:17:06+00:00
SAO_8075-10,São Paulo,3550308,True,,34812,,,-23.6313825,-46.77286,,,,2,2023-06-15T01:17:00+00:00
SAO_8075-10,São Paulo,3550308,True,,34812,,,-23.6313825,-46.77286,,,,2,2023-06-15T01:17:07+00:00
SAO_778J-10,São Paulo,3550308,True,EMTU,508,https://moovitapp.com/index/pt-br/transporte_p%C3%BAblico-line-508-Sao_Paulo-242-2038937-36419530-0,5.65,-23.5306085,-46.677198000000004,,,,1,2023-06-15T01:17:39+00:00
SAO_778J-10,São Paulo,3550308,True,EMTU,508,https://moovitapp.com/index/pt-br/transporte_p%C3%BAblico-line-508-Sao_Paulo-242-2038937-36419530-0,5.65,-23.586651500000002,-46.790127999999996,,,,1,2023-06-15T01:17:21+00:00
SAO_778J-10,São Paulo,3550308,True,EMTU,508,https://moovitapp.com/index/pt-br/transporte_p%C3%BAblico-line-508-Sao_Paulo-242-2038937-36419530-0,5.65,-23.5738925,-46.736498499999996,,,,1,2023-06-15T01:17:16+00:00
SAO_573A-10,São Paulo,3550308,True,,34405,,,-23.597277,-46.5547615,,,,2,2023-06-15T01:17:18+00:00
SAO_573A-10,São Paulo,3550308,True,,34405,,,-23.5469055,-46.6063945,,,,2,2023-06-15T01:17:11+00:00
SAO_573A-10,São Paulo,3550308,True,,34405,,,-23.549130249999997,-46.60170725,,,,2,2023-06-15T01:15:23+00:00
SAO_573A-10,São Paulo,3550308,True,,34405,,,-23.5470055,-46.606573499999996,,,,2,2023-06-15T01:16:04+00:00
SAO_573A-10,São Paulo,3550308,True,,34405,,,-23.5488625,-46.60194,,,,2,2023-06-15T01:17:38+00:00
SAO_809J-10,São Paulo,3550308,True,,2066,,,-23.5945265,-46.731556499999996,,,,1,2023-06-15T01:17:28+00:00
SAO_809J-10,São Paulo,3550308,True,,2066,,,-23.587162874999997,-46.7239195,,,,1,2023-06-15T01:17:25+00:00
SAO_809J-10,São Paulo,3550308,True,,2066,,,-23.589757,-46.71639575,,,,1,2023-06-15T01:17:06+00:00
SAO_9717-10,São Paulo,3550308,True,,817,,,-23.463303,-46.6814685,,,,1,2023-06-15T01:17:33+00:00
SAO_9717-10,São Paulo,3550308,True,,817,,,-23.514857499999998,-46.6303925,,,,1,2023-06-15T01:17:03+00:00
SAO_9717-10,São Paulo,3550308,True,,817,,,-23.463303,-46.6814685,,,,1,2023-06-15T01:17:18+00:00
SAO_9717-10,São Paulo,3550308,True,,817,,,-23.482933000000003,-46.685964,,,,1,2023-06-15T01:17:29+00:00
SAO_9717-10,São Paulo,3550308,True,,817,,,-23.5039685,-46.685659,,,,1,2023-06-15T01:17:09+00:00
SAO_177Y-10,São Paulo,3550308,True,,33635,,,-23.5584365,-46.681721499999995,,,,2,2023-06-15T01:17:09+00:00
SAO_177Y-10,São Paulo,3550308,True,,33635,,,-23.567616375,-46.6967335,,,,2,2023-06-15T01:17:33+00:00
SAO_177Y-10,São Paulo,3550308,True,,33635,,,-23.527178499999998,-46.66675275,,,,2,2023-06-15T01:17:13+00:00
SAO_177Y-10,São Paulo,3550308,True,,33635,,,-23.527178499999998,-46.66675275,,,,2,2023-06-15T01:17:19+00:00
SAO_3725-41,São Paulo,3550308,True,,34299,,,-23.5325795,-46.531303,,,,2,2023-06-15T01:17:16+00:00
SAO_3725-41,São Paulo,3550308,True,,34299,,,-23.532833500000002,-46.530833,,,,2,2023-06-15T01:17:05+00:00
SAO_7001-10,São Paulo,3550308,True,,1722,,,-23.728351500000002,-46.7625415,,,,1,2023-06-15T01:17:28+00:00
SAO_7001-10,São Paulo,3550308,True,,1722,,,-23.7247405,-46.7552985,,,,1,2023-06-15T01:16:58+00:00
SAO_2710-10,São Paulo,3550308,True,,924,,,-23.5228075,-46.487324,,,,1,2023-06-15T01:17:35+00:00
SAO_2710-10,São Paulo,3550308,True,,924,,,-23.52335675,-46.488071250000004,,,,1,2023-06-15T01:17:28+00:00
SAO_2710-10,São Paulo,3550308,True,,924,,,-23.5301985,-46.50190125,,,,1,2023-06-15T01:17:23+00:00
SAO_2710-10,São Paulo,3550308,True,,924,,,-23.520111999999997,-46.496934249999995,,,,1,2023-06-15T01:17:03+00:00
SAO_2710-10,São Paulo,3550308,True,,924,,,-23.5195065,-46.48128199999999,,,,1,2023-06-15T01:17:30+00:00
SAO_2710-10,São Paulo,3550308,True,,924,,,-23.5199,-46.483823,,,,1,2023-06-15T01:17:24+00:00
SAO_6L03-10,São Paulo,3550308,True,,1565,,,-23.8734975,-46.765648999999996,,,,1,2023-06-15T01:17:15+00:00
SAO_778J-10,São Paulo,3550308,True,,33276,,,-23.586923,-46.7897105,,,,2,2023-06-15T01:17:02+00:00
SAO_778J-10,São Paulo,3550308,True,,33276,,,-23.571717875,-46.706899500000006,,,,2,2023-06-15T01:17:05+00:00
SAO_778J-10,São Paulo,3550308,True,,33276,,,-23.586923,-46.7897105,,,,2,2023-06-15T01:17:14+00:00
SAO_778J-10,São Paulo,3550308,True,,33276,,,-23.5747575,-46.73951625,,,,2,2023-06-15T01:17:25+00:00
SAO_8078-10,São Paulo,3550308,True,,2080,,,-23.6236485,-46.748863,,,,1,2023-06-15T01:17:12+00:00
SAO_8078-10,São Paulo,3550308,True,,2080,,,-23.648612749999998,-46.76114525,,,,1,2023-06-15T01:17:40+00:00
SAO_8078-10,São Paulo,3550308,True,,2080,,,-23.632975000000002,-46.758643,,,,1,2023-06-15T01:17:14+00:00
SAO_7545-10,São Paulo,3550308,True,,33272,,,-23.60128,-46.792950000000005,,,,2,2023-06-15T01:17:00+00:00
SAO_7545-10,São Paulo,3550308,True,,33272,,,-23.57283975,-46.71077975,,,,2,2023-06-15T01:17:25+00:00
SAO_7545-10,São Paulo,3550308,True,,33272,,,-23.547105,-46.6459035,,,,2,2023-06-15T01:17:04+00:00
SAO_7545-10,São Paulo,3550308,True,,33272,,,-23.6016895,-46.791908,,,,2,2023-06-15T01:17:26+00:00
SAO_7545-10,São Paulo,3550308,True,,33272,,,-23.596007,-46.789506,,,,2,2023-06-15T01:17:07+00:00
SAO_7545-10,São Paulo,3550308,True,,33272,,,-23.597566,-46.7914785,,,,2,2023-06-15T01:17:04+00:00
SAO_7545-10,São Paulo,3550308,True,,33272,,,-23.588658000000002,-46.766731,,,,2,2023-06-15T01:17:26+00:00
SAO_7545-10,São Paulo,3550308,True,,33272,,,-23.6019505,-46.7921015,,,,2,2023-06-15T01:17:13+00:00
SAO_7545-10,São Paulo,3550308,True,,33272,,,-23.5726455,-46.707660249999996,,,,2,2023-06-15T01:17:24+00:00
SAO_7545-10,São Paulo,3550308,True,,33272,,,-23.6016895,-46.791908,,,,2,2023-06-15T01:17:05+00:00
SAO_7545-10,São Paulo,3550308,True,,33272,,,-23.57151,-46.6957075,,,,2,2023-06-15T01:17:27+00:00
SAO_809V-10,São Paulo,3550308,True,,35011,,,-23.556072,-46.661463250000004,,,,2,2023-06-15T01:17:38+00:00
SAO_809V-10,São Paulo,3550308,True,,35011,,,-23.572222,-46.700846999999996,,,,2,2023-06-15T01:17:01+00:00
SAO_809V-10,São Paulo,3550308,True,,35011,,,-23.556644499999997,-46.665677,,,,2,2023-06-15T01:17:27+00:00
SAO_778J-41,São Paulo,3550308,True,,34254,,,-23.5856145,-46.8057505,,,,2,2023-06-15T01:17:04+00:00
SAO_778J-41,São Paulo,3550308,True,,34254,,,-23.583494375,-46.779075125000006,,,,2,2023-06-15T01:17:35+00:00
SAO_778J-41,São Paulo,3550308,True,,34254,,,-23.585532999999998,-46.8056635,,,,2,2023-06-15T01:17:23+00:00
SAO_778J-41,São Paulo,3550308,True,,34254,,,-23.5806975,-46.7292735,,,,2,2023-06-15T01:17:25+00:00
SAO_778J-41,São Paulo,3550308,True,,34254,,,-23.5566535,-46.6829745,,,,2,2023-06-15T01:17:09+00:00
SAO_6L11-10,São Paulo,3550308,True,,33935,,,-23.762444000000002,-46.655004000000005,,,,2,2023-06-15T01:17:24+00:00
SAO_6L11-10,São Paulo,3550308,True,,33935,,,-23.803277,-46.6307305,,,,2,2023-06-15T01:17:23+00:00
SAO_6L11-10,São Paulo,3550308,True,,33935,,,-23.735741749999995,-46.695003375,,,,2,2023-06-15T01:16:58+00:00
SAO_6L11-10,São Paulo,3550308,True,,33935,,,-23.8015015,-46.62784,,,,2,2023-06-15T01:17:33+00:00
SAO_6059-10,São Paulo,3550308,True,,1226,,,-23.671774,-46.7412225,,,,1,2023-06-15T01:17:38+00:00
SAO_6059-10,São Paulo,3550308,True,,1226,,,-23.6467495,-46.704724,,,,1,2023-06-15T01:17:34+00:00
SAO_6059-10,São Paulo,3550308,True,,1226,,,-23.635517999999998,-46.7188445,,,,1,2023-06-15T01:17:03+00:00
SAO_2715-10,São Paulo,3550308,True,,928,,,-23.512660500000003,-46.5018715,,,,1,2023-06-15T01:17:28+00:00
SAO_2715-10,São Paulo,3550308,True,,928,,,-23.4995925,-46.500114,,,,1,2023-06-15T01:16:56+00:00
SAO_2715-10,São Paulo,3550308,True,,928,,,-23.520874499999998,-46.5032455,,,,1,2023-06-15T01:17:22+00:00
SAO_2715-10,São Paulo,3550308,True,,928,,,-23.530516,-46.5016445,,,,1,2023-06-15T01:17:19+00:00
SAO_958P-10,São Paulo,3550308,True,,465,,,-23.524096,-46.741241,,,,1,2023-06-15T01:17:15+00:00
SAO_958P-10,São Paulo,3550308,True,,465,,,-23.595523874999998,-46.685174875,,,,1,2023-06-15T01:17:21+00:00
SAO_958P-10,São Paulo,3550308,True,,465,,,-23.4924095,-46.7419235,,,,1,2023-06-15T01:17:34+00:00
SAO_6110-10,São Paulo,3550308,True,,1184,,,-23.621782437500002,-46.6617475625,,,,1,2023-06-15T01:17:23+00:00
SAO_6110-10,São Paulo,3550308,True,,1184,,,-23.686279,-46.693618,,,,1,2023-06-15T01:17:16+00:00
SAO_6110-10,São Paulo,3550308,True,,1184,,,-23.740730499999998,-46.707061499999995,,,,1,2023-06-15T01:17:37+00:00
SAO_6110-10,São Paulo,3550308,True,,1184,,,-23.645371,-46.67331825000001,,,,1,2023-06-15T01:17:33+00:00
SAO_6110-10,São Paulo,3550308,True,,1184,,,-23.62412425,-46.6615415,,,,1,2023-06-15T01:17:41+00:00
SAO_6110-10,São Paulo,3550308,True,,1184,,,-23.716451499999998,-46.699146999999996,,,,1,2023-06-15T01:17:40+00:00
SAO_407W-10,São Paulo,3550308,True,,34972,,,-23.572988000000002,-46.533692,,,,2,2023-06-15T01:16:35+00:00
SAO_407W-10,São Paulo,3550308,True,,34972,,,-23.58958175,-46.50089925,,,,2,2023-06-15T01:17:24+00:00
SAO_407W-10,São Paulo,3550308,True,,34972,,,-23.55453675,-46.53804225,,,,2,2023-06-15T01:17:12+00:00
SAO_407W-10,São Paulo,3550308,True,,34972,,,-23.576248,-46.518687,,,,2,2023-06-15T01:17:12+00:00
SAO_177H-10,São Paulo,3550308,True,,33398,,,-23.540916000000003,-46.655556499999996,,,,2,2023-06-15T01:17:41+00:00
SAO_177H-10,São Paulo,3550308,True,,33398,,,-23.540916000000003,-46.655556499999996,,,,2,2023-06-15T01:17:27+00:00
SAO_177H-10,São Paulo,3550308,True,,33398,,,-23.503664,-46.643567000000004,,,,2,2023-06-15T01:17:37+00:00
SAO_177H-10,São Paulo,3550308,True,,33398,,,-23.562852875,-46.7197935,,,,2,2023-06-15T01:17:30+00:00
SAO_177H-10,São Paulo,3550308,True,,33398,,,-23.503746749999998,-46.657712125,,,,2,2023-06-15T01:17:12+00:00
SAO_177H-10,São Paulo,3550308,True,,33398,,,-23.554474,-46.6596205,,,,2,2023-06-15T01:17:35+00:00
SAO_177H-10,São Paulo,3550308,True,,33398,,,-23.50025125,-46.63437975,,,,2,2023-06-15T01:17:37+00:00
SAO_5705-10,São Paulo,3550308,True,,34425,,,-23.5890045,-46.635279999999995,,,,2,2023-06-15T01:16:56+00:00
SAO_5705-10,São Paulo,3550308,True,,34425,,,-23.602691,-46.6022165,,,,2,2023-06-15T01:17:28+00:00
SAO_5705-10,São Paulo,3550308,True,,34425,,,-23.597644125000002,-46.60977575,,,,2,2023-06-15T01:17:28+00:00
SAO_1019-10,São Paulo,3550308,True,,35263,,,-23.432851499999998,-46.778091,,,,2,2023-06-15T01:17:24+00:00
SAO_1019-10,São Paulo,3550308,True,,35263,,,-23.488678999999998,-46.729378499999996,,,,2,2023-06-15T01:17:07+00:00
SAO_1019-10,São Paulo,3550308,True,,35263,,,-23.437884,-46.779548500000004,,,,2,2023-06-15T01:17:06+00:00
SAO_8010-10,São Paulo,3550308,True,,33566,,,-23.40598825,-46.75613800000001,,,,2,2023-06-15T01:17:19+00:00
SAO_8010-10,São Paulo,3550308,True,,33566,,,-23.419567999999998,-46.749461499999995,,,,2,2023-06-15T01:17:13+00:00
SAO_8010-10,São Paulo,3550308,True,,33566,,,-23.4188695,-46.748881499999996,,,,2,2023-06-15T01:15:31+00:00
SAO_8010-10,São Paulo,3550308,True,,33566,,,-23.419767,-46.7495725,,,,2,2023-06-15T01:17:35+00:00
SAO_8010-10,São Paulo,3550308,True,,33566,,,-23.446334999999998,-46.722477,,,,2,2023-06-15T01:17:31+00:00
SAO_8010-10,São Paulo,3550308,True,,33566,,,-23.448146875,-46.72186175,,,,2,2023-06-15T01:17:20+00:00
SAO_8010-10,São Paulo,3550308,True,,33566,,,-23.466254,-46.723495,,,,2,2023-06-15T01:17:18+00:00
SAO_8010-10,São Paulo,3550308,True,,33566,,,-23.411406,-46.747969,,,,2,2023-06-15T01:17:33+00:00
SAO_8010-10,São Paulo,3550308,True,,33566,,,-23.501721500000002,-46.71132,,,,2,2023-06-15T01:16:46+00:00
SAO_213E-10,São Paulo,3550308,True,,2498,,,-23.493485999999997,-46.559492375000005,,,,1,2023-06-15T01:17:37+00:00
SAO_5106-31,São Paulo,3550308,True,,1305,,,-23.641469999999998,-46.641408,,,,1,2023-06-15T01:17:05+00:00
SAO_5106-31,São Paulo,3550308,True,,1305,,,-23.6888,-46.6348805,,,,1,2023-06-15T01:17:10+00:00
SAO_5106-31,São Paulo,3550308,True,,1305,,,-23.58826375,-46.642478749999995,,,,1,2023-06-15T01:17:12+00:00
SAO_1767-10,São Paulo,3550308,True,,33396,,,-23.4735285,-46.5655225,,,,2,2023-06-15T01:17:20+00:00
SAO_1767-10,São Paulo,3550308,True,,33396,,,-23.4735285,-46.5655225,,,,2,2023-06-15T01:17:02+00:00
SAO_1767-10,São Paulo,3550308,True,,33396,,,-23.480306,-46.602554,,,,2,2023-06-15T01:17:15+00:00
SAO_1767-10,São Paulo,3550308,True,,33396,,,-23.468219500000004,-46.58427575,,,,2,2023-06-15T01:16:26+00:00
SAO_1767-10,São Paulo,3550308,True,,33396,,,-23.4807845,-46.6028295,,,,2,2023-06-15T01:17:03+00:00
SAO_1767-10,São Paulo,3550308,True,,33396,,,-23.4735285,-46.5655225,,,,2,2023-06-15T01:17:33+00:00
SAO_2006-10,São Paulo,3550308,True,,895,,,-23.501874,-46.367321,,,,1,2023-06-15T01:17:23+00:00
SAO_2006-10,São Paulo,3550308,True,,895,,,-23.4925435,-46.388335,,,,1,2023-06-15T01:17:37+00:00
SAO_2006-10,São Paulo,3550308,True,,895,,,-23.495927000000002,-46.391769499999995,,,,1,2023-06-15T01:17:13+00:00
SAO_2006-10,São Paulo,3550308,True,,895,,,-23.485985,-46.383445,,,,1,2023-06-15T01:16:57+00:00
SAO_2006-10,São Paulo,3550308,True,,895,,,-23.4918575,-46.3875085,,,,1,2023-06-15T01:16:37+00:00
SAO_2006-10,São Paulo,3550308,True,,895,,,-23.4941615,-46.400386,,,,1,2023-06-15T01:14:01+00:00
SAO_2006-10,São Paulo,3550308,True,,895,,,-23.492955749999997,-46.38877037500001,,,,1,2023-06-15T01:15:58+00:00
SAO_7049-10,São Paulo,3550308,True,,34680,,,-23.652925,-46.777986999999996,,,,2,2023-06-15T01:17:15+00:00
SAO_7049-10,São Paulo,3550308,True,,34680,,,-23.6817535,-46.7738945,,,,2,2023-06-15T01:17:15+00:00
SAO_7049-10,São Paulo,3550308,True,,34680,,,-23.6361275,-46.777404,,,,2,2023-06-15T01:17:09+00:00
SAO_7049-10,São Paulo,3550308,True,,34680,,,-23.71138725,-46.77812725,,,,2,2023-06-15T01:17:12+00:00
SAO_7049-10,São Paulo,3550308,True,,34680,,,-23.647163499999998,-46.779050999999995,,,,2,2023-06-15T01:17:32+00:00
SAO_7049-10,São Paulo,3550308,True,,34680,,,-23.7116535,-46.777972,,,,2,2023-06-15T01:17:09+00:00
SAO_7049-10,São Paulo,3550308,True,,34680,,,-23.632000499999997,-46.771926,,,,2,2023-06-15T01:17:21+00:00
SAO_7049-10,São Paulo,3550308,True,,34680,,,-23.710302374999998,-46.7832095,,,,2,2023-06-15T01:17:38+00:00
SAO_7049-10,São Paulo,3550308,True,,34680,,,-23.6784235,-46.77720175,,,,2,2023-06-15T01:17:35+00:00
SAO_675M-10,São Paulo,3550308,True,,32876,,,-23.6468815,-46.639446500000005,,,,2,2023-06-15T01:14:56+00:00
SAO_675M-10,São Paulo,3550308,True,,32876,,,-23.706712500000002,-46.688986,,,,2,2023-06-15T01:17:03+00:00
SAO_675M-10,São Paulo,3550308,True,,32876,,,-23.710802,-46.68891175,,,,2,2023-06-15T01:17:34+00:00
SAO_675M-10,São Paulo,3550308,True,,32876,,,-23.659582999999998,-46.677249375,,,,2,2023-06-15T01:17:03+00:00
SAO_675M-10,São Paulo,3550308,True,,32876,,,-23.6410965,-46.652114875,,,,2,2023-06-15T01:17:33+00:00
SAO_817C-10,São Paulo,3550308,True,,34105,,,-23.5471795,-46.689632,,,,2,2023-06-15T01:16:59+00:00
SAO_817C-10,São Paulo,3550308,True,,34105,,,-23.5216755,-46.701507,,,,2,2023-06-15T01:17:06+00:00
SAO_817C-10,São Paulo,3550308,True,,34105,,,-23.548098500000002,-46.6858065,,,,2,2023-06-15T01:17:38+00:00
SAO_817C-10,São Paulo,3550308,True,,34105,,,-23.532094375,-46.698060625,,,,2,2023-06-15T01:17:07+00:00
SAO_817C-10,São Paulo,3550308,True,,34105,,,-23.527744,-46.69787925,,,,2,2023-06-15T01:17:23+00:00
SAO_6L07-10,São Paulo,3550308,True,,34313,,,-23.829344,-46.714085999999995,,,,2,2023-06-15T01:17:39+00:00
SAO_6L07-10,São Paulo,3550308,True,,34313,,,-23.8313465,-46.711774500000004,,,,2,2023-06-15T01:17:36+00:00
SAO_6L07-10,São Paulo,3550308,True,,34313,,,-23.77306925,-46.720437,,,,2,2023-06-15T01:17:21+00:00
SAO_2161-10,São Paulo,3550308,True,,694,,,-23.5116835,-46.5867,,,,1,2023-06-15T01:17:18+00:00
SAO_2161-10,São Paulo,3550308,True,,694,,,-23.533812875000002,-46.614339375,,,,1,2023-06-15T01:17:36+00:00
SAO_775P-10,São Paulo,3550308,True,,33275,,,-23.592324625,-46.735727000000004,,,,2,2023-06-15T01:17:25+00:00
SAO_775P-10,São Paulo,3550308,True,,33275,,,-23.597096,-46.7681435,,,,2,2023-06-15T01:17:27+00:00
SAO_775P-10,São Paulo,3550308,True,,33275,,,-23.565940499999996,-46.6509805,,,,2,2023-06-15T01:17:25+00:00
SAO_775P-10,São Paulo,3550308,True,,33275,,,-23.5683118125,-46.6480403125,,,,2,2023-06-15T01:17:10+00:00
SAO_6505-10,São Paulo,3550308,True,,1450,,,-23.59367525,-46.672832,,,,1,2023-06-15T01:17:17+00:00
SAO_6505-10,São Paulo,3550308,True,,1450,,,-23.6337045,-46.692746,,,,1,2023-06-15T01:17:34+00:00
SAO_6505-10,São Paulo,3550308,True,,1450,,,-23.594826375,-46.67295725,,,,1,2023-06-15T01:17:42+00:00
SAO_6505-10,São Paulo,3550308,True,,1450,,,-23.569746000000002,-46.661517625,,,,1,2023-06-15T01:17:29+00:00
SAO_6505-10,São Paulo,3550308,True,,1450,,,-23.668707,-46.7352225,,,,1,2023-06-15T01:17:38+00:00
SAO_6505-10,São Paulo,3550308,True,,1450,,,-23.668707,-46.7352225,,,,1,2023-06-15T01:17:14+00:00
SAO_6505-10,São Paulo,3550308,True,,1450,,,-23.6539185,-46.7067565,,,,1,2023-06-15T01:17:40+00:00
SAO_8019-10,São Paulo,3550308,True,,2071,,,-23.57371,-46.733017000000004,,,,1,2023-06-15T01:17:41+00:00
SAO_8019-10,São Paulo,3550308,True,,2071,,,-23.54268975,-46.75689425,,,,1,2023-06-15T01:17:34+00:00
SAO_3301-10,São Paulo,3550308,True,,34386,,,-23.543221375,-46.61705175,,,,2,2023-06-15T01:17:32+00:00
SAO_3301-10,São Paulo,3550308,True,,34386,,,-23.514965,-46.536692,,,,2,2023-06-15T01:16:54+00:00
SAO_3301-10,São Paulo,3550308,True,,34386,,,-23.53490475,-46.569110249999994,,,,2,2023-06-15T01:17:05+00:00
SAO_3301-10,São Paulo,3550308,True,,34386,,,-23.493502749999998,-46.4426755,,,,2,2023-06-15T01:13:30+00:00
SAO_3301-10,São Paulo,3550308,True,,34386,,,-23.498154749999998,-46.45824425,,,,2,2023-06-15T01:17:35+00:00
SAO_3301-10,São Paulo,3550308,True,,34386,,,-23.518009,-46.549202,,,,2,2023-06-15T01:17:10+00:00
SAO_8029-10,São Paulo,3550308,True,,35308,,,-23.5855945,-46.724115,,,,2,2023-06-15T01:17:10+00:00
SAO_8029-10,São Paulo,3550308,True,,35308,,,-23.615145,-46.746410499999996,,,,2,2023-06-15T01:17:08+00:00
SAO_8029-10,São Paulo,3550308,True,,35308,,,-23.607081,-46.725389500000006,,,,2,2023-06-15T01:17:28+00:00
SAO_8029-10,São Paulo,3550308,True,,35308,,,-23.615398,-46.746458000000004,,,,2,2023-06-15T01:17:29+00:00
SAO_8029-10,São Paulo,3550308,True,,35308,,,-23.614690000000003,-46.74092225,,,,2,2023-06-15T01:17:37+00:00
SAO_675A-10,São Paulo,3550308,True,,1318,,,-23.653319,-46.735434999999995,,,,1,2023-06-15T01:17:30+00:00
SAO_675A-10,São Paulo,3550308,True,,1318,,,-23.62182025,-46.679286,,,,1,2023-06-15T01:17:09+00:00
SAO_675A-10,São Paulo,3550308,True,,1318,,,-23.622140249999998,-46.64681725,,,,1,2023-06-15T01:17:20+00:00
SAO_119L-10,São Paulo,3550308,True,,35041,,,-23.48508175,-46.76894525,,,,2,2023-06-15T01:17:13+00:00
SAO_6074-10,São Paulo,3550308,True,,33929,,,-23.721093000000003,-46.696782,,,,2,2023-06-15T01:17:14+00:00
SAO_6074-10,São Paulo,3550308,True,,33929,,,-23.741635000000002,-46.6917615,,,,2,2023-06-15T01:17:00+00:00
SAO_6074-10,São Paulo,3550308,True,,33929,,,-23.741635000000002,-46.6917615,,,,2,2023-06-15T01:17:14+00:00
SAO_6074-10,São Paulo,3550308,True,,33929,,,-23.676274000000003,-46.700053749999995,,,,2,2023-06-15T01:17:39+00:00
SAO_6074-10,São Paulo,3550308,True,,33929,,,-23.6775605,-46.701477,,,,2,2023-06-15T01:17:06+00:00
SAO_6074-10,São Paulo,3550308,True,,33929,,,-23.739721000000003,-46.666903500000004,,,,2,2023-06-15T01:17:34+00:00
SAO_6074-10,São Paulo,3550308,True,,33929,,,-23.709925,-46.699603999999994,,,,2,2023-06-15T01:17:00+00:00
SAO_6074-10,São Paulo,3550308,True,,33929,,,-23.745096625000002,-46.666867624999995,,,,2,2023-06-15T01:17:21+00:00
SAO_6074-10,São Paulo,3550308,True,,33929,,,-23.722519,-46.69157,,,,2,2023-06-15T01:17:21+00:00
SAO_119C-10,São Paulo,3550308,True,,33429,,,-23.511869500000003,-46.5864195,,,,2,2023-06-15T01:17:17+00:00
SAO_119C-10,São Paulo,3550308,True,,33429,,,-23.4786885,-46.5694165,,,,2,2023-06-15T01:17:28+00:00
SAO_119C-10,São Paulo,3550308,True,,33429,,,-23.493533499999998,-46.5747825,,,,2,2023-06-15T01:17:35+00:00
SAO_119C-10,São Paulo,3550308,True,,33429,,,-23.478727,-46.5693105,,,,2,2023-06-15T01:17:10+00:00
SAO_119C-10,São Paulo,3550308,True,,33429,,,-23.5116835,-46.5867,,,,2,2023-06-15T01:17:08+00:00
SAO_119C-10,São Paulo,3550308,True,,33429,,,-23.509888,-46.5805445,,,,2,2023-06-15T01:17:11+00:00
SAO_119C-10,São Paulo,3550308,True,,33429,,,-23.533887,-46.6249945,,,,2,2023-06-15T01:17:34+00:00
SAO_119C-10,São Paulo,3550308,True,,33429,,,-23.53497825,-46.64421025,,,,2,2023-06-15T01:17:33+00:00
SAO_2712-10,São Paulo,3550308,True,,926,,,-23.5335395,-46.481352,,,,1,2023-06-15T01:16:56+00:00
SAO_2712-10,São Paulo,3550308,True,,926,,,-23.526248250000002,-46.4798175,,,,1,2023-06-15T01:17:03+00:00
SAO_2712-10,São Paulo,3550308,True,,926,,,-23.527357000000002,-46.479188,,,,1,2023-06-15T01:17:30+00:00
SAO_2712-10,São Paulo,3550308,True,,926,,,-23.527357000000002,-46.479188,,,,1,2023-06-15T01:17:23+00:00
SAO_8300-10,São Paulo,3550308,True,,1264,,,-23.485881499999998,-46.725865,,,,1,2023-06-15T01:17:14+00:00
SAO_8300-10,São Paulo,3550308,True,,1264,,,-23.483920249999997,-46.716664,,,,1,2023-06-15T01:17:34+00:00
SAO_129F-10,São Paulo,3550308,True,,35072,,,-23.489471,-46.698127,,,,2,2023-06-15T01:17:03+00:00
SAO_129F-10,São Paulo,3550308,True,,35072,,,-23.490247500000002,-46.698889,,,,2,2023-06-15T01:17:41+00:00
SAO_129F-10,São Paulo,3550308,True,,35072,,,-23.5005785,-46.706419,,,,2,2023-06-15T01:17:31+00:00
SAO_129F-10,São Paulo,3550308,True,,35072,,,-23.525567000000002,-46.671713999999994,,,,2,2023-06-15T01:17:09+00:00
SAO_129F-10,São Paulo,3550308,True,,35072,,,-23.489815,-46.698368,,,,2,2023-06-15T01:17:38+00:00
SAO_129F-10,São Paulo,3550308,True,,35072,,,-23.519739,-46.7008255,,,,2,2023-06-15T01:17:38+00:00
SAO_129F-10,São Paulo,3550308,True,,35072,,,-23.4900875,-46.6986255,,,,2,2023-06-15T01:17:13+00:00
SAO_129F-10,São Paulo,3550308,True,,35072,,,-23.5231135,-46.687495375,,,,2,2023-06-15T01:17:29+00:00
SAO_129F-10,São Paulo,3550308,True,,35072,,,-23.4904735,-46.699062,,,,2,2023-06-15T01:17:05+00:00
SAO_519M-10,São Paulo,3550308,True,,34979,,,-23.613173500000002,-46.482603499999996,,,,2,2023-06-15T01:17:04+00:00
SAO_519M-10,São Paulo,3550308,True,,34979,,,-23.59353,-46.559141,,,,2,2023-06-15T01:17:32+00:00
SAO_519M-10,São Paulo,3550308,True,,34979,,,-23.5999295,-46.537481,,,,2,2023-06-15T01:17:07+00:00
SAO_272N-10,São Paulo,3550308,True,,705,,,-23.543084999999998,-46.627768,,,,1,2023-06-15T01:17:36+00:00
SAO_272N-10,São Paulo,3550308,True,,705,,,-23.516731,-46.5684525,,,,1,2023-06-15T01:17:39+00:00
SAO_756A-10,São Paulo,3550308,True,,33561,,,-23.587468625,-46.7237285,,,,2,2023-06-15T01:17:17+00:00
SAO_756A-10,São Paulo,3550308,True,,33561,,,-23.602068,-46.7944835,,,,2,2023-06-15T01:17:34+00:00
SAO_756A-10,São Paulo,3550308,True,,33561,,,-23.61733075,-46.695386,,,,2,2023-06-15T01:17:14+00:00
SAO_756A-10,São Paulo,3550308,True,,33561,,,-23.5971895,-46.75791925,,,,2,2023-06-15T01:16:58+00:00
SAO_756A-10,São Paulo,3550308,True,,33561,,,-23.600198,-46.747525499999995,,,,2,2023-06-15T01:17:27+00:00
SAO_756A-10,São Paulo,3550308,True,,33561,,,-23.604357999999998,-46.7454035,,,,2,2023-06-15T01:17:32+00:00
SAO_756A-10,São Paulo,3550308,True,,33561,,,-23.619056,-46.6969765,,,,2,2023-06-15T01:17:39+00:00
SAO_756A-10,São Paulo,3550308,True,,33561,,,-23.6006575,-46.7953315,,,,2,2023-06-15T01:17:23+00:00
SAO_756A-10,São Paulo,3550308,True,,33561,,,-23.5863865,-46.731502,,,,2,2023-06-15T01:17:15+00:00
SAO_9300-10,São Paulo,3550308,True,EMTU,116,https://moovitapp.com/index/pt-br/transporte_p%C3%BAblico-line-116-Sao_Paulo-242-2038937-36419276-0,12.1,-23.546651,-46.632262999999995,,,,1,2023-06-15T01:17:29+00:00
SAO_9300-10,São Paulo,3550308,True,EMTU,116,https://moovitapp.com/index/pt-br/transporte_p%C3%BAblico-line-116-Sao_Paulo-242-2038937-36419276-0,12.1,-23.496159,-46.662372500000004,,,,1,2023-06-15T01:17:24+00:00
SAO_9300-10,São Paulo,3550308,True,EMTU,116,https://moovitapp.com/index/pt-br/transporte_p%C3%BAblico-line-116-Sao_Paulo-242-2038937-36419276-0,12.1,-23.5496885,-46.6402535,,,,1,2023-06-15T01:17:17+00:00
SAO_9300-10,São Paulo,3550308,True,EMTU,116,https://moovitapp.com/index/pt-br/transporte_p%C3%BAblico-line-116-Sao_Paulo-242-2038937-36419276-0,12.1,-23.5335615,-46.644628250000004,,,,1,2023-06-15T01:17:34+00:00
SAO_9300-10,São Paulo,3550308,True,EMTU,116,https://moovitapp.com/index/pt-br/transporte_p%C3%BAblico-line-116-Sao_Paulo-242-2038937-36419276-0,12.1,-23.50072825,-46.6652515,,,,1,2023-06-15T01:17:28+00:00
SAO_178Y-21,São Paulo,3550308,True,,34993,,,-23.489646,-46.62012,,,,2,2023-06-15T01:17:24+00:00
SAO_178Y-21,São Paulo,3550308,True,,34993,,,-23.479097000000003,-46.632371000000006,,,,2,2023-06-15T01:17:12+00:00
SAO_9166-10,São Paulo,3550308,True,,707,,,-23.464553,-46.6678225,,,,1,2023-06-15T01:17:18+00:00
SAO_7016-10,São Paulo,3550308,True,,2118,,,-23.689616,-46.75904,,,,1,2023-06-15T01:17:10+00:00
SAO_7016-10,São Paulo,3550308,True,,2118,,,-23.688173499999998,-46.773318,,,,1,2023-06-15T01:17:22+00:00
SAO_7016-10,São Paulo,3550308,True,,2118,,,-23.688184,-46.772277125,,,,1,2023-06-15T01:17:16+00:00
SAO_7016-10,São Paulo,3550308,True,,2118,,,-23.6861375,-46.737840500000004,,,,1,2023-06-15T01:13:20+00:00
SAO_407E-10,São Paulo,3550308,True,,34983,,,-23.566526500000002,-46.507262499999996,,,,2,2023-06-15T01:17:25+00:00
SAO_407E-10,São Paulo,3550308,True,,34983,,,-23.5554515,-46.517300250000005,,,,2,2023-06-15T01:16:55+00:00
SAO_407E-10,São Paulo,3550308,True,,34983,,,-23.537104499999998,-46.547754999999995,,,,2,2023-06-15T01:17:10+00:00
SAO_407E-10,São Paulo,3550308,True,,34983,,,-23.625453,-46.463347,,,,2,2023-06-15T01:17:22+00:00
SAO_407E-10,São Paulo,3550308,True,,34983,,,-23.623079750000002,-46.46513125,,,,2,2023-06-15T01:17:14+00:00
SAO_407E-10,São Paulo,3550308,True,,34983,,,-23.6197485,-46.460730999999996,,,,2,2023-06-15T01:17:26+00:00
SAO_407E-10,São Paulo,3550308,True,,34983,,,-23.6197295,-46.4609495,,,,2,2023-06-15T01:17:32+00:00
SAO_407E-10,São Paulo,3550308,True,,34983,,,-23.552569,-46.520155,,,,2,2023-06-15T01:17:33+00:00
SAO_407E-10,São Paulo,3550308,True,,34983,,,-23.5690965,-46.504780499999995,,,,2,2023-06-15T01:16:01+00:00
SAO_407E-10,São Paulo,3550308,True,,34983,,,-23.628144,-46.4456835,,,,2,2023-06-15T01:17:09+00:00
SAO_407E-10,São Paulo,3550308,True,,34983,,,-23.593048500000002,-46.470341250000004,,,,2,2023-06-15T01:17:13+00:00
SAO_407E-10,São Paulo,3550308,True,,34983,,,-23.5816895,-46.49187,,,,2,2023-06-15T01:16:52+00:00
SAO_273N-10,São Paulo,3550308,True,EMTU,390,https://moovitapp.com/index/pt-br/transporte_p%C3%BAblico-line-390-Sao_Paulo-242-2038937-36419459-0,5.45,-23.5043555,-46.36771400000001,,,,1,2023-06-15T01:17:02+00:00
SAO_273N-10,São Paulo,3550308,True,EMTU,390,https://moovitapp.com/index/pt-br/transporte_p%C3%BAblico-line-390-Sao_Paulo-242-2038937-36419459-0,5.45,-23.507755250000002,-46.366130375,,,,1,2023-06-15T01:17:12+00:00
SAO_273N-10,São Paulo,3550308,True,EMTU,390,https://moovitapp.com/index/pt-br/transporte_p%C3%BAblico-line-390-Sao_Paulo-242-2038937-36419459-0,5.45,-23.531503,-46.5289355,,,,1,2023-06-15T01:17:32+00:00
SAO_273N-10,São Paulo,3550308,True,EMTU,390,https://moovitapp.com/index/pt-br/transporte_p%C3%BAblico-line-390-Sao_Paulo-242-2038937-36419459-0,5.45,-23.496948875,-46.400600749999995,,,,1,2023-06-15T01:17:40+00:00
SAO_273N-10,São Paulo,3550308,True,EMTU,390,https://moovitapp.com/index/pt-br/transporte_p%C3%BAblico-line-390-Sao_Paulo-242-2038937-36419459-0,5.45,-23.530089,-46.527942499999995,,,,1,2023-06-15T01:14:59+00:00
SAO_273N-10,São Paulo,3550308,True,EMTU,390,https://moovitapp.com/index/pt-br/transporte_p%C3%BAblico-line-390-Sao_Paulo-242-2038937-36419459-0,5.45,-23.513647749999997,-46.447018125,,,,1,2023-06-15T01:16:37+00:00
SAO_971R-42,São Paulo,3550308,True,,616,,,-23.442331125,-46.740263875,,,,1,2023-06-15T01:16:59+00:00
SAO_971R-42,São Paulo,3550308,True,,616,,,-23.5002585,-46.6347935,,,,1,2023-06-15T01:17:31+00:00
SAO_971R-42,São Paulo,3550308,True,,616,,,-23.4655835,-46.6794295,,,,1,2023-06-15T01:17:12+00:00
SAO_273N-10,São Paulo,3550308,True,,33158,,,-23.497270999999998,-46.39964,,,,2,2023-06-15T01:17:13+00:00
SAO_273N-10,São Paulo,3550308,True,,33158,,,-23.494194,-46.421617625,,,,2,2023-06-15T01:17:37+00:00
SAO_273N-10,São Paulo,3550308,True,,33158,,,-23.5046015,-46.367096,,,,2,2023-06-15T01:17:29+00:00
SAO_273N-10,São Paulo,3550308,True,,33158,,,-23.505281,-46.377146499999995,,,,2,2023-06-15T01:12:24+00:00
SAO_273N-10,São Paulo,3550308,True,,33158,,,-23.5048955,-46.366649,,,,2,2023-06-15T01:16:58+00:00
SAO_273N-10,São Paulo,3550308,True,,33158,,,-23.494093,-46.420404250000004,,,,2,2023-06-15T01:17:28+00:00
SAO_273N-10,São Paulo,3550308,True,,33158,,,-23.5046015,-46.367096,,,,2,2023-06-15T01:17:28+00:00
SAO_4709-10,São Paulo,3550308,True,,33101,,,-23.610308500000002,-46.608575,,,,2,2023-06-15T01:17:18+00:00
SAO_4709-10,São Paulo,3550308,True,,33101,,,-23.646093999999998,-46.6087845,,,,2,2023-06-15T01:17:31+00:00
SAO_4709-10,São Paulo,3550308,True,,33101,,,-23.596933749999998,-46.636727,,,,2,2023-06-15T01:17:38+00:00
SAO_4709-10,São Paulo,3550308,True,,33101,,,-23.653319500000002,-46.607946999999996,,,,2,2023-06-15T01:17:37+00:00
SAO_4709-10,São Paulo,3550308,True,,33101,,,-23.5894755,-46.633868,,,,2,2023-06-15T01:17:33+00:00
SAO_4114-10,São Paulo,3550308,True,,33089,,,-23.58159975,-46.6298715,,,,2,2023-06-15T01:17:18+00:00
SAO_4114-10,São Paulo,3550308,True,,33089,,,-23.611375000000002,-46.62250025,,,,2,2023-06-15T01:17:15+00:00
SAO_4114-10,São Paulo,3550308,True,,33089,,,-23.5662105,-46.63256075,,,,2,2023-06-15T01:17:24+00:00
SAO_9300-10,São Paulo,3550308,True,,32884,,,-23.5391325,-46.635174,,,,2,2023-06-15T01:17:31+00:00
SAO_9300-10,São Paulo,3550308,True,,32884,,,-23.506068749999997,-46.668161500000004,,,,2,2023-06-15T01:17:26+00:00
SAO_9300-10,São Paulo,3550308,True,,32884,,,-23.527924,-46.648139,,,,2,2023-06-15T01:17:08+00:00
SAO_9300-10,São Paulo,3550308,True,,32884,,,-23.502936375,-46.666782375,,,,2,2023-06-15T01:17:30+00:00
SAO_9300-10,São Paulo,3550308,True,,32884,,,-23.5225935,-46.6594475,,,,2,2023-06-15T01:16:59+00:00
SAO_8047-41,São Paulo,3550308,True,,33178,,,-23.454497500000002,-46.7555805,,,,2,2023-06-15T01:17:09+00:00
SAO_8047-41,São Paulo,3550308,True,,33178,,,-23.434162999999998,-46.754868,,,,2,2023-06-15T01:17:25+00:00
SAO_8047-41,São Paulo,3550308,True,,33178,,,-23.518364499999997,-46.7493585,,,,2,2023-06-15T01:17:06+00:00
SAO_6505-10,São Paulo,3550308,True,,34218,,,-23.59658825,-46.67368125,,,,2,2023-06-15T01:17:28+00:00
SAO_6505-10,São Paulo,3550308,True,,34218,,,-23.6431665,-46.700297250000006,,,,2,2023-06-15T01:17:08+00:00
SAO_6505-10,São Paulo,3550308,True,,34218,,,-23.65775225,-46.706886250000004,,,,2,2023-06-15T01:17:11+00:00
SAO_6505-10,São Paulo,3550308,True,,34218,,,-23.56490075,-46.65727575,,,,2,2023-06-15T01:17:26+00:00
SAO_6505-10,São Paulo,3550308,True,,34218,,,-23.6459614375,-46.70260275,,,,2,2023-06-15T01:17:25+00:00
SAO_6505-10,São Paulo,3550308,True,,34218,,,-23.59051425,-46.672543000000005,,,,2,2023-06-15T01:17:38+00:00
SAO_6505-10,São Paulo,3550308,True,,34218,,,-23.668594499999998,-46.7355085,,,,2,2023-06-15T01:17:06+00:00
SAO_6505-10,São Paulo,3550308,True,,34218,,,-23.666391750000003,-46.719602374999994,,,,2,2023-06-15T01:17:12+00:00
SAO_6505-10,São Paulo,3550308,True,,34218,,,-23.631276749999998,-46.69104675,,,,2,2023-06-15T01:17:25+00:00
SAO_6505-10,São Paulo,3550308,True,,34218,,,-23.603011875,-46.674597750000004,,,,2,2023-06-15T01:17:41+00:00
SAO_6505-10,São Paulo,3550308,True,,34218,,,-23.5826535,-46.670322,,,,2,2023-06-15T01:17:40+00:00
SAO_6505-10,São Paulo,3550308,True,,34218,,,-23.644555000000004,-46.701621375,,,,2,2023-06-15T01:17:00+00:00
SAO_6505-10,São Paulo,3550308,True,,34218,,,-23.64715225,-46.70342325,,,,2,2023-06-15T01:17:30+00:00
SAO_1703-10,São Paulo,3550308,True,,33615,,,-23.430699500000003,-46.573944499999996,,,,2,2023-06-15T01:17:18+00:00
SAO_1703-10,São Paulo,3550308,True,,33615,,,-23.438535,-46.5823975,,,,2,2023-06-15T01:16:18+00:00
SAO_1703-10,São Paulo,3550308,True,,33615,,,-23.486546,-46.608093499999995,,,,2,2023-06-15T01:17:12+00:00
SAO_1703-10,São Paulo,3550308,True,,33615,,,-23.449006,-46.5882555,,,,2,2023-06-15T01:17:02+00:00
SAO_748R-10,São Paulo,3550308,True,EMTU,501,https://moovitapp.com/index/pt-br/transporte_p%C3%BAblico-line-501-Sao_Paulo-242-2038937-36419526-0,7.55,-23.57836125,-46.766332,,,,1,2023-06-15T01:17:23+00:00
SAO_748R-10,São Paulo,3550308,True,EMTU,501,https://moovitapp.com/index/pt-br/transporte_p%C3%BAblico-line-501-Sao_Paulo-242-2038937-36419526-0,7.55,-23.564393625,-46.749844875,,,,1,2023-06-15T01:17:06+00:00
SAO_748R-10,São Paulo,3550308,True,EMTU,501,https://moovitapp.com/index/pt-br/transporte_p%C3%BAblico-line-501-Sao_Paulo-242-2038937-36419526-0,7.55,-23.602068,-46.7944835,,,,1,2023-06-15T01:17:20+00:00
SAO_748R-10,São Paulo,3550308,True,EMTU,501,https://moovitapp.com/index/pt-br/transporte_p%C3%BAblico-line-501-Sao_Paulo-242-2038937-36419526-0,7.55,-23.525014749999997,-46.6859635,,,,1,2023-06-15T01:17:16+00:00
SAO_6817-10,São Paulo,3550308,True,,32795,,,-23.668397,-46.7730955,,,,2,2023-06-15T01:17:11+00:00
SAO_6817-10,São Paulo,3550308,True,,32795,,,-23.656924,-46.7639025,,,,2,2023-06-15T01:17:27+00:00
SAO_2733-10,São Paulo,3550308,True,,948,,,-23.543412,-46.4633025,,,,1,2023-06-15T01:12:27+00:00
SAO_2733-10,São Paulo,3550308,True,,948,,,-23.5342945,-46.454449,,,,1,2023-06-15T01:17:05+00:00
SAO_2733-10,São Paulo,3550308,True,,948,,,-23.51941375,-46.4574195,,,,1,2023-06-15T01:17:05+00:00
SAO_2733-10,São Paulo,3550308,True,,948,,,-23.5345575,-46.454391,,,,1,2023-06-15T01:17:22+00:00
SAO_354M-10,São Paulo,3550308,True,,1619,,,-23.594535,-46.447323499999996,,,,1,2023-06-15T01:17:19+00:00
SAO_354M-10,São Paulo,3550308,True,,1619,,,-23.6052745,-46.471232,,,,1,2023-06-15T01:16:57+00:00
SAO_354M-10,São Paulo,3550308,True,,1619,,,-23.49173,-46.44601225,,,,1,2023-06-15T01:17:34+00:00
SAO_354M-10,São Paulo,3550308,True,,1619,,,-23.59853,-46.468552,,,,1,2023-06-15T01:14:48+00:00
SAO_354M-10,São Paulo,3550308,True,,1619,,,-23.613302,-46.4764105,,,,1,2023-06-15T01:17:21+00:00
SAO_354M-10,São Paulo,3550308,True,,1619,,,-23.528706,-46.45747025,,,,1,2023-06-15T01:17:27+00:00
SAO_6820-31,São Paulo,3550308,True,,1406,,,-23.6613105,-46.7848865,,,,1,2023-06-15T01:17:03+00:00
SAO_6820-31,São Paulo,3550308,True,,1406,,,-23.653897,-46.7629255,,,,1,2023-06-15T01:17:17+00:00
SAO_4031-10,São Paulo,3550308,True,,33869,,,-23.609359249999997,-46.50921375,,,,2,2023-06-15T01:17:28+00:00
SAO_4031-10,São Paulo,3550308,True,,33869,,,-23.6055755,-46.513704000000004,,,,2,2023-06-15T01:16:58+00:00
SAO_4031-10,São Paulo,3550308,True,,33869,,,-23.60548075,-46.5225615,,,,2,2023-06-15T01:17:38+00:00
SAO_4031-10,São Paulo,3550308,True,,33869,,,-23.591710999999997,-46.566732,,,,2,2023-06-15T01:17:31+00:00
SAO_4031-10,São Paulo,3550308,True,,33869,,,-23.581889,-46.585524,,,,2,2023-06-15T01:17:21+00:00
SAO_4031-10,São Paulo,3550308,True,,33869,,,-23.5941185,-46.55320725,,,,2,2023-06-15T01:17:11+00:00
SAO_4031-10,São Paulo,3550308,True,,33869,,,-23.594425625,-46.586389374999996,,,,2,2023-06-15T01:17:09+00:00
SAO_4031-10,São Paulo,3550308,True,,33869,,,-23.601851500000002,-46.535792,,,,2,2023-06-15T01:17:39+00:00
SAO_6031-10,São Paulo,3550308,True,,32860,,,-23.755516,-46.699914,,,,2,2023-06-15T01:17:03+00:00
SAO_6031-10,São Paulo,3550308,True,,32860,,,-23.7512845,-46.69835500000001,,,,2,2023-06-15T01:17:08+00:00
SAO_3139-10,São Paulo,3550308,True,,33763,,,-23.571335249999997,-46.526097,,,,2,2023-06-15T01:17:27+00:00
SAO_3139-10,São Paulo,3550308,True,,33763,,,-23.552935249999997,-46.616192999999996,,,,2,2023-06-15T01:17:26+00:00
SAO_3139-10,São Paulo,3550308,True,,33763,,,-23.5632945,-46.5494885,,,,2,2023-06-15T01:16:59+00:00
SAO_8017-10,São Paulo,3550308,True,,1261,,,-23.4481515,-46.7351715,,,,1,2023-06-15T01:17:38+00:00
SAO_8017-10,São Paulo,3550308,True,,1261,,,-23.4402745,-46.7457615,,,,1,2023-06-15T01:17:22+00:00
SAO_8017-10,São Paulo,3550308,True,,1261,,,-23.486121,-46.726629624999994,,,,1,2023-06-15T01:17:27+00:00
SAO_8017-10,São Paulo,3550308,True,,1261,,,-23.45166125,-46.719660000000005,,,,1,2023-06-15T01:14:50+00:00
SAO_271A-10,São Paulo,3550308,True,,33470,,,-23.52591975,-46.578759500000004,,,,2,2023-06-15T01:17:17+00:00
SAO_271A-10,São Paulo,3550308,True,,33470,,,-23.501227,-46.602804500000005,,,,2,2023-06-15T01:17:17+00:00
SAO_271A-10,São Paulo,3550308,True,,33470,,,-23.519194,-46.5470295,,,,2,2023-06-15T01:17:23+00:00
SAO_271A-10,São Paulo,3550308,True,,33470,,,-23.4997595,-46.606786,,,,2,2023-06-15T01:17:35+00:00
SAO_271A-10,São Paulo,3550308,True,,33470,,,-23.503065999999997,-46.621279,,,,2,2023-06-15T01:15:01+00:00
SAO_271A-10,São Paulo,3550308,True,,33470,,,-23.5241665,-46.5606155,,,,2,2023-06-15T01:17:35+00:00
SAO_271A-10,São Paulo,3550308,True,,33470,,,-23.521262,-46.56179675,,,,2,2023-06-15T01:16:59+00:00
SAO_2023-10,São Paulo,3550308,True,,35028,,,-23.3995665,-46.5775555,,,,2,2023-06-15T01:17:31+00:00
SAO_2023-10,São Paulo,3550308,True,,35028,,,-23.398522,-46.578048,,,,2,2023-06-15T01:17:32+00:00
SAO_2023-10,São Paulo,3550308,True,,35028,,,-23.445602,-46.5969175,,,,2,2023-06-15T01:17:27+00:00
SAO_2023-10,São Paulo,3550308,True,,35028,,,-23.466931375,-46.60364250000001,,,,2,2023-06-15T01:16:47+00:00
SAO_172R-10,São Paulo,3550308,True,,33627,,,-23.49762775,-46.57275125,,,,2,2023-06-15T01:17:30+00:00
SAO_172R-10,São Paulo,3550308,True,,33627,,,-23.519617250000003,-46.59061775,,,,2,2023-06-15T01:17:28+00:00
SAO_172R-10,São Paulo,3550308,True,,33627,,,-23.542231,-46.590061500000004,,,,2,2023-06-15T01:14:33+00:00
SAO_172R-10,São Paulo,3550308,True,,33627,,,-23.53011575,-46.59891625,,,,2,2023-06-15T01:15:21+00:00
SAO_172R-10,São Paulo,3550308,True,,33627,,,-23.4734555,-46.575829999999996,,,,2,2023-06-15T01:15:29+00:00
SAO_172R-10,São Paulo,3550308,True,,33627,,,-23.513438750000002,-46.58576475,,,,2,2023-06-15T01:17:38+00:00
SAO_172R-10,São Paulo,3550308,True,,33627,,,-23.530597999999998,-46.6004655,,,,2,2023-06-15T01:17:34+00:00
SAO_172R-10,São Paulo,3550308,True,,33627,,,-23.5080445,-46.579366,,,,2,2023-06-15T01:17:01+00:00
SAO_172R-10,São Paulo,3550308,True,,33627,,,-23.489467249999997,-46.573315,,,,2,2023-06-15T01:17:18+00:00
SAO_172R-10,São Paulo,3550308,True,,33627,,,-23.503114500000002,-46.576271000000006,,,,2,2023-06-15T01:16:57+00:00
SAO_172R-10,São Paulo,3550308,True,,33627,,,-23.4684805,-46.579747,,,,2,2023-06-15T01:15:57+00:00
SAO_172R-10,São Paulo,3550308,True,,33627,,,-23.5025195,-46.5765245,,,,2,2023-06-15T01:14:54+00:00
SAO_172R-10,São Paulo,3550308,True,,33627,,,-23.5364345,-46.59961875,,,,2,2023-06-15T01:17:38+00:00
SAO_7272-10,São Paulo,3550308,True,,34101,,,-23.526040875000003,-46.695074625000004,,,,2,2023-06-15T01:17:14+00:00
SAO_7272-10,São Paulo,3550308,True,,34101,,,-23.51887925,-46.707195500000005,,,,2,2023-06-15T01:17:28+00:00
SAO_7272-10,São Paulo,3550308,True,,34101,,,-23.547415,-46.6891445,,,,2,2023-06-15T01:17:37+00:00
SAO_7272-10,São Paulo,3550308,True,,34101,,,-23.5466505,-46.6455785,,,,2,2023-06-15T01:17:10+00:00
SAO_5106-31,São Paulo,3550308,True,,34073,,,-23.673819,-46.63100625,,,,2,2023-06-15T01:17:18+00:00
SAO_5106-31,São Paulo,3550308,True,,34073,,,-23.6050675,-46.642609,,,,2,2023-06-15T01:17:00+00:00
SAO_5106-31,São Paulo,3550308,True,,34073,,,-23.60141275,-46.64784025,,,,2,2023-06-15T01:17:15+00:00
SAO_5106-31,São Paulo,3550308,True,,34073,,,-23.68949,-46.643446,,,,2,2023-06-15T01:17:17+00:00
SAO_746V-10,São Paulo,3550308,True,,792,,,-23.6224415,-46.75465,,,,1,2023-06-15T01:17:25+00:00
SAO_746V-10,São Paulo,3550308,True,,792,,,-23.635785,-46.764357000000004,,,,1,2023-06-15T01:17:05+00:00
SAO_746V-10,São Paulo,3550308,True,,792,,,-23.623449,-46.76386,,,,1,2023-06-15T01:17:05+00:00
SAO_746V-10,São Paulo,3550308,True,,792,,,-23.6477363125,-46.75646462499999,,,,1,2023-06-15T01:17:09+00:00
SAO_263C-10,São Paulo,3550308,True,EMTU,252,https://moovitapp.com/index/pt-br/transporte_p%C3%BAblico-line-252-Sao_Paulo-242-2038937-36419363-0,6.8,-23.546112,-46.426192,,,,1,2023-06-15T01:17:22+00:00
SAO_263C-10,São Paulo,3550308,True,EMTU,252,https://moovitapp.com/index/pt-br/transporte_p%C3%BAblico-line-252-Sao_Paulo-242-2038937-36419363-0,6.8,-23.53967,-46.439659,,,,1,2023-06-15T01:17:24+00:00
SAO_263C-10,São Paulo,3550308,True,EMTU,252,https://moovitapp.com/index/pt-br/transporte_p%C3%BAblico-line-252-Sao_Paulo-242-2038937-36419363-0,6.8,-23.4953155,-46.4310045,,,,1,2023-06-15T01:16:59+00:00
SAO_8615-10,São Paulo,3550308,True,,34107,,,-23.542964499999997,-46.639151,,,,2,2023-06-15T01:17:34+00:00
SAO_8615-10,São Paulo,3550308,True,,34107,,,-23.5263085,-46.6738405,,,,2,2023-06-15T01:17:26+00:00
SAO_8615-10,São Paulo,3550308,True,,34107,,,-23.5263085,-46.6738405,,,,2,2023-06-15T01:17:22+00:00
SAO_8615-10,São Paulo,3550308,True,,34107,,,-23.533526,-46.728511,,,,2,2023-06-15T01:17:03+00:00
SAO_8615-10,São Paulo,3550308,True,,34107,,,-23.5450025,-46.6337215,,,,2,2023-06-15T01:17:22+00:00
SAO_8615-10,São Paulo,3550308,True,,34107,,,-23.521102749999997,-46.71971587499999,,,,2,2023-06-15T01:17:36+00:00
SAO_8615-10,São Paulo,3550308,True,,34107,,,-23.5361915,-46.725013000000004,,,,2,2023-06-15T01:17:19+00:00
SAO_8615-10,São Paulo,3550308,True,,34107,,,-23.5351315,-46.719256,,,,2,2023-06-15T01:17:10+00:00
SAO_8615-10,São Paulo,3550308,True,,34107,,,-23.521304999999998,-46.698927999999995,,,,2,2023-06-15T01:17:31+00:00
SAO_478P-10,São Paulo,3550308,True,,33117,,,-23.554392999999997,-46.670265,,,,2,2023-06-15T01:17:07+00:00
SAO_478P-10,São Paulo,3550308,True,,33117,,,-23.536329000000002,-46.685213125,,,,2,2023-06-15T01:15:50+00:00
SAO_478P-10,São Paulo,3550308,True,,33117,,,-23.5824305,-46.6109825,,,,2,2023-06-15T01:15:25+00:00
SAO_478P-10,São Paulo,3550308,True,,33117,,,-23.610784000000002,-46.608600499999994,,,,2,2023-06-15T01:17:27+00:00
SAO_478P-10,São Paulo,3550308,True,,33117,,,-23.5887995,-46.63276175,,,,2,2023-06-15T01:17:38+00:00
SAO_775N-10,São Paulo,3550308,True,,474,,,-23.5439475,-46.6941375,,,,1,2023-06-15T01:17:40+00:00
SAO_407M-10,São Paulo,3550308,True,,318,,,-23.5890905,-46.621204000000006,,,,1,2023-06-15T01:17:17+00:00
SAO_1780-10,São Paulo,3550308,True,,33637,,,-23.4645325,-46.583278,,,,2,2023-06-15T01:17:16+00:00
SAO_1780-10,São Paulo,3550308,True,,33637,,,-23.4483715,-46.5789425,,,,2,2023-06-15T01:16:58+00:00
SAO_1780-10,São Paulo,3550308,True,,33637,,,-23.4483715,-46.5789425,,,,2,2023-06-15T01:17:38+00:00
SAO_1780-10,São Paulo,3550308,True,,33637,,,-23.468166500000002,-46.590444000000005,,,,2,2023-06-15T01:17:05+00:00
SAO_1780-10,São Paulo,3550308,True,,33637,,,-23.4822025,-46.6048555,,,,2,2023-06-15T01:16:59+00:00
SAO_6803-10,São Paulo,3550308,True,,32797,,,-23.6608905,-46.74439625,,,,2,2023-06-15T01:17:20+00:00
SAO_6803-10,São Paulo,3550308,True,,32797,,,-23.654984499999998,-46.7528935,,,,2,2023-06-15T01:17:35+00:00
SAO_6803-10,São Paulo,3550308,True,,32797,,,-23.6548925,-46.753122,,,,2,2023-06-15T01:17:13+00:00
SAO_263J-10,São Paulo,3550308,True,,32987,,,-23.543668000000004,-46.43458,,,,2,2023-06-15T01:17:04+00:00
SAO_263J-10,São Paulo,3550308,True,,32987,,,-23.511367,-46.500653,,,,2,2023-06-15T01:17:15+00:00
SAO_263J-10,São Paulo,3550308,True,,32987,,,-23.5257245,-46.474695749999995,,,,2,2023-06-15T01:17:37+00:00
SAO_263J-10,São Paulo,3550308,True,,32987,,,-23.53124375,-46.445772375000004,,,,2,2023-06-15T01:17:22+00:00
SAO_263J-10,São Paulo,3550308,True,,32987,,,-23.524109,-46.5472965,,,,2,2023-06-15T01:17:35+00:00
SAO_8542-21,São Paulo,3550308,True,,1361,,,-23.470197,-46.679314,,,,1,2023-06-15T01:17:20+00:00
SAO_8542-21,São Paulo,3550308,True,,1361,,,-23.502132500000002,-46.68749725,,,,1,2023-06-15T01:17:36+00:00
SAO_8542-21,São Paulo,3550308,True,,1361,,,-23.474849,-46.700971,,,,1,2023-06-15T01:17:05+00:00
SAO_8542-21,São Paulo,3550308,True,,1361,,,-23.51500575,-46.697785749999994,,,,1,2023-06-15T01:17:28+00:00
SAO_9006-10,São Paulo,3550308,True,,874,,,-23.468313,-46.684481500000004,,,,1,2023-06-15T01:17:08+00:00
SAO_9006-10,São Paulo,3550308,True,,874,,,-23.473665500000003,-46.670654,,,,1,2023-06-15T01:17:12+00:00
SAO_607A-21,São Paulo,3550308,True,,2140,,,-23.71042,-46.652694,,,,1,2023-06-15T01:13:11+00:00
SAO_607A-21,São Paulo,3550308,True,,2140,,,-23.6772515,-46.701681,,,,1,2023-06-15T01:13:47+00:00
SAO_607A-21,São Paulo,3550308,True,,2140,,,-23.695037,-46.67772,,,,1,2023-06-15T01:17:05+00:00
SAO_2731-10,São Paulo,3550308,True,,946,,,-23.5298835,-46.452235625,,,,1,2023-06-15T01:14:38+00:00
SAO_2731-10,São Paulo,3550308,True,,946,,,-23.5212155,-46.436462750000004,,,,1,2023-06-15T01:17:26+00:00
SAO_2731-10,São Paulo,3550308,True,,946,,,-23.5184715,-46.438809,,,,1,2023-06-15T01:15:43+00:00
SAO_2731-10,São Paulo,3550308,True,,946,,,-23.520958,-46.4417105,,,,1,2023-06-15T01:15:01+00:00
SAO_5632-10,São Paulo,3550308,True,,81,,,-23.588572,-46.65187925,,,,1,2023-06-15T01:17:15+00:00
SAO_5632-10,São Paulo,3550308,True,,81,,,-23.5767895,-46.6435325,,,,1,2023-06-15T01:17:21+00:00
SAO_5632-10,São Paulo,3550308,True,,81,,,-23.686492,-46.7144655,,,,1,2023-06-15T01:17:31+00:00
SAO_5632-10,São Paulo,3550308,True,,81,,,-23.63323025,-46.690116,,,,1,2023-06-15T01:17:37+00:00
SAO_847J-10,São Paulo,3550308,True,,1342,,,-23.448965,-46.733435,,,,1,2023-06-15T01:17:03+00:00
SAO_847J-10,São Paulo,3550308,True,,1342,,,-23.447054,-46.727444000000006,,,,1,2023-06-15T01:17:21+00:00
SAO_847J-10,São Paulo,3550308,True,,1342,,,-23.519011,-46.701709,,,,1,2023-06-15T01:17:33+00:00
SAO_847J-10,São Paulo,3550308,True,,1342,,,-23.55531225,-46.743748749999995,,,,1,2023-06-15T01:17:20+00:00
SAO_9005-41,São Paulo,3550308,True,,34208,,,-23.452416499999998,-46.675551999999996,,,,2,2023-06-15T01:17:28+00:00
SAO_9005-41,São Paulo,3550308,True,,34208,,,-23.454724875,-46.675487625,,,,2,2023-06-15T01:17:08+00:00
SAO_1701-10,São Paulo,3550308,True,,33613,,,-23.497932,-46.612677000000005,,,,2,2023-06-15T01:17:23+00:00
SAO_1701-10,São Paulo,3550308,True,,33613,,,-23.49478325,-46.61174025,,,,2,2023-06-15T01:17:21+00:00
SAO_1701-10,São Paulo,3550308,True,,33613,,,-23.4485655,-46.575182999999996,,,,2,2023-06-15T01:17:33+00:00
SAO_1701-10,São Paulo,3550308,True,,33613,,,-23.503069,-46.6246315,,,,2,2023-06-15T01:17:16+00:00
SAO_1701-10,São Paulo,3550308,True,,33613,,,-23.45778725,-46.58525349999999,,,,2,2023-06-15T01:17:31+00:00
SAO_2088-10,São Paulo,3550308,True,EMTU,372,https://moovitapp.com/index/pt-br/transporte_p%C3%BAblico-line-372-Sao_Paulo-242-2038937-36419447-0,4.9,-23.5033795,-46.3802745,,,,1,2023-06-15T01:12:56+00:00
SAO_2088-10,São Paulo,3550308,True,EMTU,372,https://moovitapp.com/index/pt-br/transporte_p%C3%BAblico-line-372-Sao_Paulo-242-2038937-36419447-0,4.9,-23.4953015,-46.4312885,,,,1,2023-06-15T01:17:32+00:00
SAO_2088-10,São Paulo,3550308,True,EMTU,372,https://moovitapp.com/index/pt-br/transporte_p%C3%BAblico-line-372-Sao_Paulo-242-2038937-36419447-0,4.9,-23.5182095,-46.475659,,,,1,2023-06-15T01:17:37+00:00
SAO_2088-10,São Paulo,3550308,True,EMTU,372,https://moovitapp.com/index/pt-br/transporte_p%C3%BAblico-line-372-Sao_Paulo-242-2038937-36419447-0,4.9,-23.4852245,-46.379097,,,,1,2023-06-15T01:17:10+00:00
SAO_9188-10,São Paulo,3550308,True,EMTU,809,https://moovitapp.com/index/pt-br/transporte_p%C3%BAblico-line-809-Sao_Paulo-242-2038937-119858519-0,5.2,-23.487247,-46.714679000000004,,,,1,2023-06-15T01:17:32+00:00
SAO_9188-10,São Paulo,3550308,True,EMTU,809,https://moovitapp.com/index/pt-br/transporte_p%C3%BAblico-line-809-Sao_Paulo-242-2038937-119858519-0,5.2,-23.513305,-46.7037615,,,,1,2023-06-15T01:17:13+00:00
SAO_9188-10,São Paulo,3550308,True,EMTU,809,https://moovitapp.com/index/pt-br/transporte_p%C3%BAblico-line-809-Sao_Paulo-242-2038937-119858519-0,5.2,-23.5183395,-46.701709,,,,1,2023-06-15T01:17:09+00:00
SAO_9188-10,São Paulo,3550308,True,EMTU,809,https://moovitapp.com/index/pt-br/transporte_p%C3%BAblico-line-809-Sao_Paulo-242-2038937-119858519-0,5.2,-23.454766,-46.728925,,,,1,2023-06-15T01:17:15+00:00
SAO_9188-10,São Paulo,3550308,True,EMTU,809,https://moovitapp.com/index/pt-br/transporte_p%C3%BAblico-line-809-Sao_Paulo-242-2038937-119858519-0,5.2,-23.473771499999998,-46.7259165,,,,1,2023-06-15T01:17:25+00:00
SAO_3301-10,São Paulo,3550308,True,,1618,,,-23.4916445,-46.4363775,,,,1,2023-06-15T01:17:02+00:00
SAO_3301-10,São Paulo,3550308,True,,1618,,,-23.539987,-46.61139225,,,,1,2023-06-15T01:17:14+00:00
SAO_3301-10,São Paulo,3550308,True,,1618,,,-23.511173,-46.50042725,,,,1,2023-06-15T01:17:35+00:00
SAO_3301-10,São Paulo,3550308,True,,1618,,,-23.5342615,-46.567837,,,,1,2023-06-15T01:16:59+00:00
SAO_709G-10,São Paulo,3550308,True,,2020,,,-23.642097624999998,-46.698589,,,,1,2023-06-15T01:17:40+00:00
SAO_709G-10,São Paulo,3550308,True,,2020,,,-23.6261065,-46.6871025,,,,1,2023-06-15T01:17:40+00:00
SAO_709G-10,São Paulo,3550308,True,,2020,,,-23.587397250000002,-46.677429124999996,,,,1,2023-06-15T01:17:19+00:00
SAO_709G-10,São Paulo,3550308,True,,2020,,,-23.587929125000002,-46.679381875,,,,1,2023-06-15T01:17:32+00:00
SAO_1025-10,São Paulo,3550308,True,,2303,,,-23.457389625,-46.70285975,,,,1,2023-06-15T01:17:20+00:00
SAO_1025-10,São Paulo,3550308,True,,2303,,,-23.462723,-46.7013555,,,,1,2023-06-15T01:17:35+00:00
SAO_6835-31,São Paulo,3550308,True,,1407,,,-23.6553155,-46.763464,,,,1,2023-06-15T01:17:28+00:00
SAO_4051-10,São Paulo,3550308,True,,34912,,,-23.5591695,-46.3996545,,,,2,2023-06-15T01:17:34+00:00
SAO_4051-10,São Paulo,3550308,True,,34912,,,-23.5479305,-46.40844,,,,2,2023-06-15T01:17:13+00:00
SAO_4051-10,São Paulo,3550308,True,,34912,,,-23.562855,-46.401430749999996,,,,2,2023-06-15T01:17:27+00:00
SAO_4051-10,São Paulo,3550308,True,,34912,,,-23.561855,-46.4014265,,,,2,2023-06-15T01:16:38+00:00
SAO_6071-10,São Paulo,3550308,True,,33924,,,-23.69541,-46.700540000000004,,,,2,2023-06-15T01:17:36+00:00
SAO_6071-10,São Paulo,3550308,True,,33924,,,-23.65156975,-46.703075999999996,,,,2,2023-06-15T01:17:38+00:00
SAO_6071-10,São Paulo,3550308,True,,33924,,,-23.7001345,-46.691835999999995,,,,2,2023-06-15T01:17:39+00:00
SAO_6071-10,São Paulo,3550308,True,,33924,,,-23.659927500000002,-46.697138,,,,2,2023-06-15T01:17:08+00:00
SAO_6071-10,São Paulo,3550308,True,,33924,,,-23.685366000000002,-46.6930385,,,,2,2023-06-15T01:17:30+00:00
SAO_6071-10,São Paulo,3550308,True,,33924,,,-23.65389775,-46.7071655,,,,2,2023-06-15T01:17:27+00:00
SAO_6071-10,São Paulo,3550308,True,,33924,,,-23.680145875,-46.69566400000001,,,,2,2023-06-15T01:17:27+00:00
SAO_6726-10,São Paulo,3550308,True,,33961,,,-23.740009,-46.6914985,,,,2,2023-06-15T01:17:17+00:00
SAO_6726-10,São Paulo,3550308,True,,33961,,,-23.7529775,-46.6886025,,,,2,2023-06-15T01:17:27+00:00
SAO_6726-10,São Paulo,3550308,True,,33961,,,-23.737402125000003,-46.697143249999996,,,,2,2023-06-15T01:17:35+00:00
SAO_6726-10,São Paulo,3550308,True,,33961,,,-23.7529295,-46.681903000000005,,,,2,2023-06-15T01:17:36+00:00
SAO_6726-10,São Paulo,3550308,True,,33961,,,-23.7417285,-46.669328,,,,2,2023-06-15T01:17:12+00:00
SAO_7725-10,São Paulo,3550308,True,,33240,,,-23.5455681875,-46.710834875,,,,2,2023-06-15T01:17:26+00:00
SAO_7725-10,São Paulo,3550308,True,,33240,,,-23.5629095,-46.7470515,,,,2,2023-06-15T01:17:07+00:00
SAO_8002-10,São Paulo,3550308,True,,34020,,,-23.5070865,-46.7369235,,,,2,2023-06-15T01:17:22+00:00
SAO_8002-10,São Paulo,3550308,True,,34020,,,-23.48692225,-46.726247,,,,2,2023-06-15T01:17:33+00:00
SAO_8002-10,São Paulo,3550308,True,,34020,,,-23.486121,-46.726629624999994,,,,2,2023-06-15T01:17:16+00:00
SAO_8002-10,São Paulo,3550308,True,,34020,,,-23.5201815,-46.699853000000004,,,,2,2023-06-15T01:16:58+00:00
SAO_809U-10,São Paulo,3550308,True,,2254,,,-23.530545,-46.685159875,,,,1,2023-06-15T01:17:17+00:00
SAO_809U-10,São Paulo,3550308,True,,2254,,,-23.56330775,-46.716782374999994,,,,1,2023-06-15T01:17:29+00:00
SAO_178T-10,São Paulo,3550308,True,,33333,,,-23.53098,-46.734971,,,,2,2023-06-15T01:17:17+00:00
SAO_178T-10,São Paulo,3550308,True,,33333,,,-23.524339,-46.71955225,,,,2,2023-06-15T01:17:22+00:00
SAO_178T-10,São Paulo,3550308,True,,33333,,,-23.494202,-46.6594315,,,,2,2023-06-15T01:17:31+00:00
SAO_178T-10,São Paulo,3550308,True,,33333,,,-23.520663499999998,-46.708611000000005,,,,2,2023-06-15T01:17:09+00:00
SAO_178T-10,São Paulo,3550308,True,,33333,,,-23.530797,-46.729025625000006,,,,2,2023-06-15T01:17:34+00:00
SAO_178T-10,São Paulo,3550308,True,,33333,,,-23.5049275,-46.689317,,,,2,2023-06-15T01:17:33+00:00
SAO_178T-10,São Paulo,3550308,True,,33333,,,-23.524589499999998,-46.71670949999999,,,,2,2023-06-15T01:17:25+00:00
SAO_178T-10,São Paulo,3550308,True,,33333,,,-23.501972000000002,-46.66989650000001,,,,2,2023-06-15T01:17:15+00:00
SAO_178T-10,São Paulo,3550308,True,,33333,,,-23.503125,-46.6245765,,,,2,2023-06-15T01:17:34+00:00
SAO_6003-10,São Paulo,3550308,True,,1472,,,-23.7371425,-46.697546,,,,1,2023-06-15T01:17:01+00:00
SAO_6003-10,São Paulo,3550308,True,,1472,,,-23.76714475,-46.71695750000001,,,,1,2023-06-15T01:17:32+00:00
SAO_6003-10,São Paulo,3550308,True,,1472,,,-23.7377555,-46.6976535,,,,1,2023-06-15T01:16:57+00:00
SAO_8021-10,São Paulo,3550308,True,,2073,,,-23.58504825,-46.7564885,,,,1,2023-06-15T01:17:10+00:00
SAO_272N-10,São Paulo,3550308,True,,33473,,,-23.5176135,-46.57032975,,,,2,2023-06-15T01:17:12+00:00
SAO_272N-10,São Paulo,3550308,True,,33473,,,-23.53675675,-46.614366,,,,2,2023-06-15T01:17:32+00:00
SAO_6258-31,São Paulo,3550308,True,,34551,,,-23.677298,-46.747325000000004,,,,2,2023-06-15T01:17:31+00:00
SAO_3728-10,São Paulo,3550308,True,,1025,,,-23.558476499999998,-46.490443,,,,1,2023-06-15T01:16:59+00:00
SAO_3728-10,São Paulo,3550308,True,,1025,,,-23.57039075,-46.4908735,,,,1,2023-06-15T01:17:20+00:00
SAO_3728-10,São Paulo,3550308,True,,1025,,,-23.542420999999997,-46.4873125,,,,1,2023-06-15T01:17:15+00:00
SAO_5702-10,São Paulo,3550308,True,,1137,,,-23.649168000000003,-46.640416,,,,1,2023-06-15T01:17:34+00:00
SAO_3722-10,São Paulo,3550308,True,,33788,,,-23.553821499999998,-46.490443,,,,2,2023-06-15T01:17:03+00:00
SAO_3722-10,São Paulo,3550308,True,,33788,,,-23.5549255,-46.4428925,,,,2,2023-06-15T01:17:39+00:00
SAO_7017-10,São Paulo,3550308,True,,35270,,,-23.681361,-46.7832345,,,,2,2023-06-15T01:17:28+00:00
SAO_7017-10,São Paulo,3550308,True,,35270,,,-23.6755615,-46.75482325,,,,2,2023-06-15T01:17:14+00:00
SAO_7017-10,São Paulo,3550308,True,,35270,,,-23.670321,-46.767481000000004,,,,2,2023-06-15T01:17:36+00:00
SAO_7017-10,São Paulo,3550308,True,,35270,,,-23.693227,-46.790786999999995,,,,2,2023-06-15T01:17:41+00:00
SAO_7017-10,São Paulo,3550308,True,,35270,,,-23.66945775,-46.736089750000005,,,,2,2023-06-15T01:17:41+00:00
SAO_7017-10,São Paulo,3550308,True,,35270,,,-23.6779205,-46.776494,,,,2,2023-06-15T01:17:21+00:00
SAO_2727-10,São Paulo,3550308,True,,33710,,,-23.538607,-46.48023725,,,,2,2023-06-15T01:17:35+00:00
SAO_2727-10,São Paulo,3550308,True,,33710,,,-23.530007249999997,-46.466407000000004,,,,2,2023-06-15T01:17:04+00:00
SAO_2727-10,São Paulo,3550308,True,,33710,,,-23.524185,-46.4620325,,,,2,2023-06-15T01:17:13+00:00
SAO_2727-10,São Paulo,3550308,True,,33710,,,-23.538607,-46.48023725,,,,2,2023-06-15T01:17:08+00:00
SAO_1896-10,São Paulo,3550308,True,,35288,,,-23.4584515,-46.755753,,,,2,2023-06-15T01:17:25+00:00
SAO_1896-10,São Paulo,3550308,True,,35288,,,-23.4445205,-46.753388,,,,2,2023-06-15T01:17:04+00:00
SAO_1896-10,São Paulo,3550308,True,,35288,,,-23.486826,-46.737035,,,,2,2023-06-15T01:17:37+00:00
SAO_1896-10,São Paulo,3550308,True,,35288,,,-23.508137,-46.705693999999994,,,,2,2023-06-15T01:17:16+00:00
SAO_6063-41,São Paulo,3550308,True,,1773,,,-23.776369,-46.696589,,,,1,2023-06-15T01:17:31+00:00
SAO_6063-41,São Paulo,3550308,True,,1773,,,-23.7730165,-46.7025605,,,,1,2023-06-15T01:17:35+00:00
SAO_6063-41,São Paulo,3550308,True,,1773,,,-23.767299,-46.716265,,,,1,2023-06-15T01:17:22+00:00
SAO_6063-41,São Paulo,3550308,True,,1773,,,-23.774587750000002,-46.6990375,,,,1,2023-06-15T01:16:58+00:00
SAO_7005-10,São Paulo,3550308,True,,34766,,,-23.7256285,-46.7860595,,,,2,2023-06-15T01:17:12+00:00
SAO_7005-10,São Paulo,3550308,True,,34766,,,-23.68745,-46.771813,,,,2,2023-06-15T01:17:03+00:00
SAO_7005-10,São Paulo,3550308,True,,34766,,,-23.7149015,-46.7825185,,,,2,2023-06-15T01:17:40+00:00
SAO_3903-10,São Paulo,3550308,True,,1471,,,-23.52209325,-46.550458000000006,,,,1,2023-06-15T01:17:25+00:00
SAO_4727-10,São Paulo,3550308,True,Cidade de Caieiras,340,https://moovitapp.com/index/pt-br/transporte_p%C3%BAblico-line-340-Sao_Paulo-242-868761-101563062-0,5.0,-23.610219999999998,-46.6351065,,,,1,2023-06-15T01:17:20+00:00
SAO_4727-10,São Paulo,3550308,True,Cidade de Caieiras,340,https://moovitapp.com/index/pt-br/transporte_p%C3%BAblico-line-340-Sao_Paulo-242-868761-101563062-0,5.0,-23.619120000000002,-46.6196675,,,,1,2023-06-15T01:17:08+00:00
SAO_6013-10,São Paulo,3550308,True,,186,,,-23.70062,-46.766514,,,,1,2023-06-15T01:17:37+00:00
SAO_6013-10,São Paulo,3550308,True,,186,,,-23.68714725,-46.77138625,,,,1,2023-06-15T01:16:35+00:00
SAO_6013-10,São Paulo,3550308,True,,186,,,-23.6601135,-46.736193,,,,1,2023-06-15T01:17:39+00:00
SAO_6013-10,São Paulo,3550308,True,,186,,,-23.699185,-46.7630965,,,,1,2023-06-15T01:15:59+00:00
SAO_6403-10,São Paulo,3550308,True,,32826,,,-23.566554875,-46.65866425,,,,2,2023-06-15T01:17:19+00:00
SAO_6403-10,São Paulo,3550308,True,,32826,,,-23.540828,-46.6343855,,,,2,2023-06-15T01:17:39+00:00
SAO_6403-10,São Paulo,3550308,True,,32826,,,-23.630617,-46.717482000000004,,,,2,2023-06-15T01:17:11+00:00
SAO_6403-10,São Paulo,3550308,True,,32826,,,-23.615281,-46.701323,,,,2,2023-06-15T01:17:09+00:00
SAO_546T-10,São Paulo,3550308,True,,272,,,-23.6940145,-46.6775835,,,,1,2023-06-15T01:17:00+00:00
SAO_546T-10,São Paulo,3550308,True,,272,,,-23.653856875,-46.71128025,,,,1,2023-06-15T01:17:04+00:00
SAO_546T-10,São Paulo,3550308,True,,272,,,-23.661662,-46.693481500000004,,,,1,2023-06-15T01:16:53+00:00
SAO_546T-10,São Paulo,3550308,True,,272,,,-23.655624125,-46.70114075,,,,1,2023-06-15T01:17:03+00:00
SAO_546T-10,São Paulo,3550308,True,,272,,,-23.703772,-46.634878,,,,1,2023-06-15T01:17:27+00:00
SAO_546T-10,São Paulo,3550308,True,,272,,,-23.701917,-46.639164,,,,1,2023-06-15T01:17:34+00:00
SAO_8600-10,São Paulo,3550308,True,,34200,,,-23.486277,-46.726815875,,,,2,2023-06-15T01:17:00+00:00
SAO_8600-10,São Paulo,3550308,True,,34200,,,-23.4886685,-46.710986000000005,,,,2,2023-06-15T01:17:21+00:00
SAO_8600-10,São Paulo,3550308,True,,34200,,,-23.485613999999998,-46.7251695,,,,2,2023-06-15T01:17:27+00:00
SAO_8600-10,São Paulo,3550308,True,,34200,,,-23.515063249999997,-46.697489250000004,,,,2,2023-06-15T01:17:23+00:00
SAO_8600-10,São Paulo,3550308,True,,34200,,,-23.5225935,-46.6594475,,,,2,2023-06-15T01:17:01+00:00
SAO_8600-10,São Paulo,3550308,True,,34200,,,-23.485965,-46.726443374999995,,,,2,2023-06-15T01:17:28+00:00
SAO_8600-10,São Paulo,3550308,True,,34200,,,-23.482551,-46.7173485,,,,2,2023-06-15T01:17:01+00:00
SAO_8600-10,São Paulo,3550308,True,,34200,,,-23.531614,-46.64590875,,,,2,2023-06-15T01:17:30+00:00
SAO_8600-10,São Paulo,3550308,True,,34200,,,-23.518918375,-46.675976000000006,,,,2,2023-06-15T01:17:11+00:00
SAO_8600-10,São Paulo,3550308,True,,34200,,,-23.543515,-46.6379685,,,,2,2023-06-15T01:17:28+00:00
SAO_8600-10,São Paulo,3550308,True,,34200,,,-23.485525000000003,-46.725356500000004,,,,2,2023-06-15T01:17:13+00:00
SAO_675L-10,São Paulo,3550308,True,,34246,,,-23.60336625,-46.6620935,,,,2,2023-06-15T01:17:12+00:00
SAO_675L-10,São Paulo,3550308,True,,34246,,,-23.637971375,-46.69459475000001,,,,2,2023-06-15T01:17:00+00:00
SAO_675L-10,São Paulo,3550308,True,,34246,,,-23.618443,-46.6762455,,,,2,2023-06-15T01:17:35+00:00
SAO_675L-10,São Paulo,3550308,True,,34246,,,-23.6492485,-46.704886,,,,2,2023-06-15T01:17:08+00:00
SAO_9301-10,São Paulo,3550308,True,,33226,,,-23.49641225,-46.65994025,,,,2,2023-06-15T01:17:19+00:00
SAO_9301-10,São Paulo,3550308,True,,33226,,,-23.495945,-46.662106,,,,2,2023-06-15T01:17:03+00:00
SAO_9301-10,São Paulo,3550308,True,,33226,,,-23.5135535,-46.653396,,,,2,2023-06-15T01:17:14+00:00
SAO_2780-10,São Paulo,3550308,True,EMTU,399,https://moovitapp.com/index/pt-br/transporte_p%C3%BAblico-line-399-Sao_Paulo-242-2038937-36419463-0,6.45,-23.4951365,-46.4287145,,,,1,2023-06-15T01:17:40+00:00
SAO_2780-10,São Paulo,3550308,True,EMTU,399,https://moovitapp.com/index/pt-br/transporte_p%C3%BAblico-line-399-Sao_Paulo-242-2038937-36419463-0,6.45,-23.535082000000003,-46.454484,,,,1,2023-06-15T01:17:23+00:00
SAO_2780-10,São Paulo,3550308,True,EMTU,399,https://moovitapp.com/index/pt-br/transporte_p%C3%BAblico-line-399-Sao_Paulo-242-2038937-36419463-0,6.45,-23.506909,-46.3876055,,,,1,2023-06-15T01:15:42+00:00
SAO_2780-10,São Paulo,3550308,True,EMTU,399,https://moovitapp.com/index/pt-br/transporte_p%C3%BAblico-line-399-Sao_Paulo-242-2038937-36419463-0,6.45,-23.5416295,-46.459747,,,,1,2023-06-15T01:16:32+00:00
SAO_3010-10,São Paulo,3550308,True,,35311,,,-23.510537499999998,-46.4468945,,,,2,2023-06-15T01:17:24+00:00
SAO_6021-10,São Paulo,3550308,True,,32945,,,-23.7958165,-46.74128,,,,2,2023-06-15T01:17:33+00:00
SAO_6021-10,São Paulo,3550308,True,,32945,,,-23.792135000000002,-46.735511,,,,2,2023-06-15T01:17:03+00:00
SAO_6021-10,São Paulo,3550308,True,,32945,,,-23.772542,-46.719914,,,,2,2023-06-15T01:17:34+00:00
SAO_4709-10,São Paulo,3550308,True,,333,,,-23.611901500000002,-46.607862499999996,,,,1,2023-06-15T01:17:27+00:00
SAO_4709-10,São Paulo,3550308,True,,333,,,-23.651984749999997,-46.614435,,,,1,2023-06-15T01:17:19+00:00
SAO_4709-10,São Paulo,3550308,True,,333,,,-23.653377,-46.6069295,,,,1,2023-06-15T01:17:36+00:00
SAO_9090-10,São Paulo,3550308,True,,33652,,,-23.482091500000003,-46.671369,,,,2,2023-06-15T01:17:24+00:00
SAO_9090-10,São Paulo,3550308,True,,33652,,,-23.4754695,-46.6707,,,,2,2023-06-15T01:17:07+00:00
SAO_9090-10,São Paulo,3550308,True,,33652,,,-23.462843874999997,-46.676674625000004,,,,2,2023-06-15T01:17:19+00:00
SAO_9090-10,São Paulo,3550308,True,,33652,,,-23.45973,-46.6748785,,,,2,2023-06-15T01:17:27+00:00
SAO_9090-10,São Paulo,3550308,True,,33652,,,-23.462373499999998,-46.676422,,,,2,2023-06-15T01:17:00+00:00
SAO_4007-10,São Paulo,3550308,True,,2181,,,-23.550849499999998,-46.4389745,,,,1,2023-06-15T01:17:40+00:00
SAO_4007-10,São Paulo,3550308,True,,2181,,,-23.565451,-46.3961775,,,,1,2023-06-15T01:17:28+00:00
SAO_4007-10,São Paulo,3550308,True,,2181,,,-23.550255,-46.497581499999995,,,,1,2023-06-15T01:17:17+00:00
SAO_4007-10,São Paulo,3550308,True,,2181,,,-23.558291,-46.521981,,,,1,2023-06-15T01:17:29+00:00
SAO_4007-10,São Paulo,3550308,True,,2181,,,-23.5607435,-46.420251,,,,1,2023-06-15T01:17:28+00:00
SAO_8025-10,São Paulo,3550308,True,,2076,,,-23.593565875,-46.736573625000005,,,,1,2023-06-15T01:17:34+00:00
SAO_8025-10,São Paulo,3550308,True,,2076,,,-23.591452500000003,-46.7651405,,,,1,2023-06-15T01:17:21+00:00
SAO_574A-10,São Paulo,3550308,True,Rápido Campinas,602,https://moovitapp.com/index/pt-br/transporte_p%C3%BAblico-line-602-Sao_Paulo-242-858660-638986-0,5.3,-23.63270675,-46.645305,,,,1,2023-06-15T01:16:58+00:00
SAO_574A-10,São Paulo,3550308,True,Rápido Campinas,602,https://moovitapp.com/index/pt-br/transporte_p%C3%BAblico-line-602-Sao_Paulo-242-858660-638986-0,5.3,-23.565824375,-46.613998124999995,,,,1,2023-06-15T01:17:12+00:00
SAO_574A-10,São Paulo,3550308,True,Rápido Campinas,602,https://moovitapp.com/index/pt-br/transporte_p%C3%BAblico-line-602-Sao_Paulo-242-858660-638986-0,5.3,-23.573933500000003,-46.62303625,,,,1,2023-06-15T01:17:35+00:00
SAO_574A-10,São Paulo,3550308,True,Rápido Campinas,602,https://moovitapp.com/index/pt-br/transporte_p%C3%BAblico-line-602-Sao_Paulo-242-858660-638986-0,5.3,-23.63352425,-46.643973875,,,,1,2023-06-15T01:17:32+00:00
SAO_574A-10,São Paulo,3550308,True,Rápido Campinas,602,https://moovitapp.com/index/pt-br/transporte_p%C3%BAblico-line-602-Sao_Paulo-242-858660-638986-0,5.3,-23.668036,-46.642516,,,,1,2023-06-15T01:16:49+00:00
SAO_407R-10,São Paulo,3550308,True,,34969,,,-23.543033,-46.588872,,,,2,2023-06-15T01:17:18+00:00
SAO_407R-10,São Paulo,3550308,True,,34969,,,-23.54591425,-46.58486375,,,,2,2023-06-15T01:14:56+00:00
SAO_407R-10,São Paulo,3550308,True,,34969,,,-23.5605045,-46.5217455,,,,2,2023-06-15T01:16:58+00:00
SAO_407R-10,São Paulo,3550308,True,,34969,,,-23.562327500000002,-46.555274,,,,2,2023-06-15T01:17:22+00:00
SAO_407R-10,São Paulo,3550308,True,,34969,,,-23.567252500000002,-46.543266,,,,2,2023-06-15T01:17:39+00:00
SAO_407R-10,São Paulo,3550308,True,,34969,,,-23.543619875,-46.591056375,,,,2,2023-06-15T01:17:20+00:00
SAO_407R-10,São Paulo,3550308,True,,34969,,,-23.558291,-46.521981,,,,2,2023-06-15T01:17:23+00:00
SAO_677V-10,São Paulo,3550308,True,EMTU,112,https://moovitapp.com/index/pt-br/transporte_p%C3%BAblico-line-112-Sao_Paulo-242-2038937-36419272-0,5.7,-23.72993675,-46.7043975,,,,1,2023-06-15T01:17:08+00:00
SAO_677V-10,São Paulo,3550308,True,EMTU,112,https://moovitapp.com/index/pt-br/transporte_p%C3%BAblico-line-112-Sao_Paulo-242-2038937-36419272-0,5.7,-23.7408395,-46.707048,,,,1,2023-06-15T01:17:39+00:00
SAO_677V-10,São Paulo,3550308,True,EMTU,112,https://moovitapp.com/index/pt-br/transporte_p%C3%BAblico-line-112-Sao_Paulo-242-2038937-36419272-0,5.7,-23.722092500000002,-46.694744,,,,1,2023-06-15T01:17:10+00:00
SAO_677V-10,São Paulo,3550308,True,EMTU,112,https://moovitapp.com/index/pt-br/transporte_p%C3%BAblico-line-112-Sao_Paulo-242-2038937-36419272-0,5.7,-23.721093000000003,-46.696782,,,,1,2023-06-15T01:16:58+00:00
SAO_3021-10,São Paulo,3550308,True,,33044,,,-23.5990885,-46.5130755,,,,2,2023-06-15T01:15:29+00:00
SAO_3021-10,São Paulo,3550308,True,,33044,,,-23.5859775,-46.545287,,,,2,2023-06-15T01:17:05+00:00
SAO_1764-10,São Paulo,3550308,True,,625,,,-23.472268875,-46.613102999999995,,,,1,2023-06-15T01:16:58+00:00
SAO_1764-10,São Paulo,3550308,True,,625,,,-23.45020075,-46.589796,,,,1,2023-06-15T01:17:16+00:00
SAO_1764-10,São Paulo,3550308,True,,625,,,-23.425084,-46.582206,,,,1,2023-06-15T01:15:39+00:00
SAO_1764-10,São Paulo,3550308,True,,625,,,-23.460689375,-46.60265925,,,,1,2023-06-15T01:17:12+00:00
SAO_1764-10,São Paulo,3550308,True,,625,,,-23.4759035,-46.612088,,,,1,2023-06-15T01:16:28+00:00
SAO_524L-10,São Paulo,3550308,True,,34483,,,-23.56231875,-46.5618765,,,,2,2023-06-15T01:17:27+00:00
SAO_524L-10,São Paulo,3550308,True,,34483,,,-23.56214,-46.56148,,,,2,2023-06-15T01:16:58+00:00
SAO_524L-10,São Paulo,3550308,True,,34483,,,-23.546086125,-46.573990125,,,,2,2023-06-15T01:17:07+00:00
SAO_524L-10,São Paulo,3550308,True,,34483,,,-23.585737,-46.557647,,,,2,2023-06-15T01:17:40+00:00
SAO_8001-10,São Paulo,3550308,True,,34019,,,-23.502658,-46.760932499999996,,,,2,2023-06-15T01:17:12+00:00
SAO_8001-10,São Paulo,3550308,True,,34019,,,-23.5148135,-46.740976,,,,2,2023-06-15T01:17:27+00:00
SAO_271F-10,São Paulo,3550308,True,,683,,,-23.542348625,-46.597986375000005,,,,1,2023-06-15T01:15:20+00:00
SAO_271F-10,São Paulo,3550308,True,,683,,,-23.5416595,-46.58983475,,,,1,2023-06-15T01:17:04+00:00
SAO_271F-10,São Paulo,3550308,True,,683,,,-23.5308155,-46.6157235,,,,1,2023-06-15T01:17:18+00:00
SAO_271F-10,São Paulo,3550308,True,,683,,,-23.508565125,-46.611587125,,,,1,2023-06-15T01:17:07+00:00
SAO_7053-10,São Paulo,3550308,True,,34655,,,-23.634363,-46.774752,,,,2,2023-06-15T01:17:23+00:00
SAO_7053-10,São Paulo,3550308,True,,34655,,,-23.638977,-46.779777499999994,,,,2,2023-06-15T01:17:04+00:00
SAO_7053-10,São Paulo,3550308,True,,34655,,,-23.653941000000003,-46.78870825,,,,2,2023-06-15T01:17:06+00:00
SAO_7053-10,São Paulo,3550308,True,,34655,,,-23.6453225,-46.789393000000004,,,,2,2023-06-15T01:17:39+00:00
SAO_7053-10,São Paulo,3550308,True,,34655,,,-23.6536865,-46.79074925,,,,2,2023-06-15T01:17:27+00:00
SAO_7053-10,São Paulo,3550308,True,,34655,,,-23.653941000000003,-46.78870825,,,,2,2023-06-15T01:17:27+00:00
SAO_7053-10,São Paulo,3550308,True,,34655,,,-23.654055,-46.78842275,,,,2,2023-06-15T01:17:15+00:00
SAO_8032-10,São Paulo,3550308,True,,35313,,,-23.554132375,-46.726046249999996,,,,2,2023-06-15T01:17:22+00:00
SAO_8032-10,São Paulo,3550308,True,,35313,,,-23.557072499999997,-46.733903,,,,2,2023-06-15T01:17:31+00:00
SAO_253F-10,São Paulo,3550308,True,,32926,,,-23.598783375,-46.464928,,,,2,2023-06-15T01:17:00+00:00
SAO_253F-10,São Paulo,3550308,True,,32926,,,-23.516232000000002,-46.454931,,,,2,2023-06-15T01:17:26+00:00
SAO_7051-10,São Paulo,3550308,True,,1885,,,-23.655096,-46.7838845,,,,1,2023-06-15T01:17:08+00:00
SAO_7051-10,São Paulo,3550308,True,,1885,,,-23.6313825,-46.77286,,,,1,2023-06-15T01:17:32+00:00
SAO_7051-10,São Paulo,3550308,True,,1885,,,-23.631797499999998,-46.7719915,,,,1,2023-06-15T01:17:17+00:00
SAO_7051-10,São Paulo,3550308,True,,1885,,,-23.655096,-46.7838845,,,,1,2023-06-15T01:17:09+00:00
SAO_2060-10,São Paulo,3550308,True,EMTU,134,https://moovitapp.com/index/pt-br/transporte_p%C3%BAblico-line-134-Sao_Paulo-242-2038937-36419287-0,5.2,-23.518321,-46.475637,,,,1,2023-06-15T01:17:19+00:00
SAO_2060-10,São Paulo,3550308,True,EMTU,134,https://moovitapp.com/index/pt-br/transporte_p%C3%BAblico-line-134-Sao_Paulo-242-2038937-36419287-0,5.2,-23.538683,-46.480537749999996,,,,1,2023-06-15T01:17:02+00:00
SAO_5106-21,São Paulo,3550308,True,,1972,,,-23.59493975,-46.68952,,,,1,2023-06-15T01:17:18+00:00
SAO_5106-21,São Paulo,3550308,True,,1972,,,-23.613229,-46.6962305,,,,1,2023-06-15T01:17:18+00:00
SAO_5106-21,São Paulo,3550308,True,,1972,,,-23.60537325,-46.6930025,,,,1,2023-06-15T01:16:55+00:00
SAO_5106-21,São Paulo,3550308,True,,1972,,,-23.59510125,-46.689167999999995,,,,1,2023-06-15T01:16:58+00:00
SAO_5106-21,São Paulo,3550308,True,,1972,,,-23.6941195,-46.65682925,,,,1,2023-06-15T01:12:41+00:00
SAO_5106-21,São Paulo,3550308,True,,1972,,,-23.683857,-46.633601999999996,,,,1,2023-06-15T01:15:21+00:00
SAO_5106-21,São Paulo,3550308,True,,1972,,,-23.6073375,-46.65361675,,,,1,2023-06-15T01:17:15+00:00
SAO_5106-21,São Paulo,3550308,True,,1972,,,-23.647145000000002,-46.640127,,,,1,2023-06-15T01:17:02+00:00
SAO_5106-21,São Paulo,3550308,True,,1972,,,-23.607822000000002,-46.67010425000001,,,,1,2023-06-15T01:17:16+00:00
SAO_6820-31,São Paulo,3550308,True,,34174,,,-23.6603565,-46.7770965,,,,2,2023-06-15T01:17:29+00:00
SAO_6820-31,São Paulo,3550308,True,,34174,,,-23.655376,-46.762141,,,,2,2023-06-15T01:17:28+00:00
SAO_6820-31,São Paulo,3550308,True,,34174,,,-23.6603035,-46.767695,,,,2,2023-06-15T01:17:34+00:00
SAO_6820-31,São Paulo,3550308,True,,34174,,,-23.661259,-46.786719000000005,,,,2,2023-06-15T01:17:26+00:00
SAO_574C-10,São Paulo,3550308,True,,1639,,,-23.597398,-46.5229465,,,,1,2023-06-15T01:16:59+00:00
SAO_574C-10,São Paulo,3550308,True,,1639,,,-23.6119325,-46.473978,,,,1,2023-06-15T01:17:33+00:00
SAO_574C-10,São Paulo,3550308,True,,1639,,,-23.6041575,-46.569525999999996,,,,1,2023-06-15T01:16:19+00:00
SAO_7458-10,São Paulo,3550308,True,,33264,,,-23.584821499999997,-46.745107000000004,,,,2,2023-06-15T01:17:11+00:00
SAO_7458-10,São Paulo,3550308,True,,33264,,,-23.578971,-46.79169,,,,2,2023-06-15T01:17:40+00:00
SAO_7458-10,São Paulo,3550308,True,,33264,,,-23.592721,-46.734862500000006,,,,2,2023-06-15T01:17:12+00:00
SAO_5614-10,São Paulo,3550308,True,,34283,,,-23.65571975,-46.67982225,,,,2,2023-06-15T01:17:15+00:00
SAO_5614-10,São Paulo,3550308,True,,34283,,,-23.5958135,-46.650927249999995,,,,2,2023-06-15T01:17:05+00:00
SAO_5614-10,São Paulo,3550308,True,,34283,,,-23.633863,-46.6691535,,,,2,2023-06-15T01:17:11+00:00
SAO_5614-10,São Paulo,3550308,True,,34283,,,-23.7161725,-46.6255875,,,,2,2023-06-15T01:17:20+00:00
SAO_5614-10,São Paulo,3550308,True,,34283,,,-23.695254999999996,-46.666793,,,,2,2023-06-15T01:17:04+00:00
SAO_502J-22,São Paulo,3550308,True,Viação Bela Sintra,2107,https://moovitapp.com/index/pt-br/transporte_p%C3%BAblico-line-2107-Sao_Paulo-242-1302890-55141643-0,4.5,-23.699399749999998,-46.684540750000004,,,,1,2023-06-15T01:17:29+00:00
SAO_502J-22,São Paulo,3550308,True,Viação Bela Sintra,2107,https://moovitapp.com/index/pt-br/transporte_p%C3%BAblico-line-2107-Sao_Paulo-242-1302890-55141643-0,4.5,-23.675847,-46.6617375,,,,1,2023-06-15T01:17:34+00:00
SAO_7062-10,São Paulo,3550308,True,,34666,,,-23.642133,-46.766611,,,,2,2023-06-15T01:17:10+00:00
SAO_7062-10,São Paulo,3550308,True,,34666,,,-23.646132,-46.7723025,,,,2,2023-06-15T01:17:06+00:00
SAO_647A-10,São Paulo,3550308,True,,1315,,,-23.60904825,-46.726342,,,,1,2023-06-15T01:17:11+00:00
SAO_647A-10,São Paulo,3550308,True,,1315,,,-23.6677195,-46.774801,,,,1,2023-06-15T01:17:36+00:00
SAO_647A-10,São Paulo,3550308,True,,1315,,,-23.656841999999997,-46.763562,,,,1,2023-06-15T01:17:09+00:00
SAO_647A-10,São Paulo,3550308,True,,1315,,,-23.643748000000002,-46.735154,,,,1,2023-06-15T01:10:17+00:00
SAO_647A-10,São Paulo,3550308,True,,1315,,,-23.603258750000002,-46.7121355,,,,1,2023-06-15T01:17:35+00:00
SAO_647A-10,São Paulo,3550308,True,,1315,,,-23.678321250000003,-46.7842335,,,,1,2023-06-15T01:17:12+00:00
SAO_6062-10,São Paulo,3550308,True,,1151,,,-23.7383965,-46.6864375,,,,1,2023-06-15T01:17:11+00:00
SAO_6062-10,São Paulo,3550308,True,,1151,,,-23.741882,-46.6813055,,,,1,2023-06-15T01:17:19+00:00
SAO_6062-10,São Paulo,3550308,True,,1151,,,-23.741829,-46.681028,,,,1,2023-06-15T01:17:03+00:00
SAO_5013-31,São Paulo,3550308,True,,35004,,,-23.681249,-46.634710999999996,,,,2,2023-06-15T01:17:20+00:00
SAO_5013-31,São Paulo,3550308,True,,35004,,,-23.676828,-46.65915525,,,,2,2023-06-15T01:17:34+00:00
SAO_5013-31,São Paulo,3550308,True,,35004,,,-23.681182,-46.634323249999994,,,,2,2023-06-15T01:17:11+00:00
SAO_5013-31,São Paulo,3550308,True,,35004,,,-23.665349499999998,-46.6794905,,,,2,2023-06-15T01:17:38+00:00
SAO_9166-10,São Paulo,3550308,True,,33475,,,-23.461539000000002,-46.665962,,,,2,2023-06-15T01:17:09+00:00
SAO_5026-10,São Paulo,3550308,True,,1635,,,-23.610114250000002,-46.500593,,,,1,2023-06-15T01:17:27+00:00
SAO_6051-31,São Paulo,3550308,True,,34374,,,-23.7621455,-46.689133,,,,2,2023-06-15T01:17:04+00:00
SAO_6099-10,São Paulo,3550308,True,,34355,,,-23.854627125,-46.7578405,,,,2,2023-06-15T01:12:47+00:00
SAO_6099-10,São Paulo,3550308,True,,34355,,,-23.8557385,-46.777271999999996,,,,2,2023-06-15T01:17:12+00:00
SAO_6099-10,São Paulo,3550308,False,,34355,,,-23.7367155,-46.697201,,,,2,2023-06-15T01:17:21+00:00
SAO_6099-10,São Paulo,3550308,True,,34355,,,-23.8554085,-46.777510500000005,,,,2,2023-06-15T01:10:56+00:00
SAO_6099-10,São Paulo,3550308,True,,34355,,,-23.7528845,-46.7110085,,,,2,2023-06-15T01:17:26+00:00
SAO_172K-10,São Paulo,3550308,True,,857,,,-23.4822255,-46.590182999999996,,,,1,2023-06-15T01:17:39+00:00
SAO_172K-10,São Paulo,3550308,True,,857,,,-23.486641,-46.592924499999995,,,,1,2023-06-15T01:17:21+00:00
SAO_172K-10,São Paulo,3550308,True,,857,,,-23.52847225,-46.582837999999995,,,,1,2023-06-15T01:17:32+00:00
SAO_172K-10,São Paulo,3550308,True,,857,,,-23.5397765,-46.5765665,,,,1,2023-06-15T01:17:40+00:00
SAO_172K-10,São Paulo,3550308,True,,857,,,-23.53875525,-46.575541,,,,1,2023-06-15T01:16:58+00:00
SAO_172K-10,São Paulo,3550308,True,,857,,,-23.456646499999998,-46.601419500000006,,,,1,2023-06-15T01:17:34+00:00
SAO_172K-10,São Paulo,3550308,True,,857,,,-23.49547725,-46.5981035,,,,1,2023-06-15T01:17:41+00:00
SAO_172K-10,São Paulo,3550308,True,,857,,,-23.475814999999997,-46.609178,,,,1,2023-06-15T01:17:06+00:00
SAO_172K-10,São Paulo,3550308,True,,857,,,-23.480821499999998,-46.6035315,,,,1,2023-06-15T01:17:06+00:00
SAO_6115-41,São Paulo,3550308,True,,35009,,,-23.736617,-46.696708,,,,2,2023-06-15T01:17:29+00:00
SAO_1896-10,São Paulo,3550308,True,,2520,,,-23.4444145,-46.7533035,,,,1,2023-06-15T01:17:16+00:00
SAO_1896-10,São Paulo,3550308,True,,2520,,,-23.546194,-46.642987,,,,1,2023-06-15T01:17:38+00:00
SAO_1896-10,São Paulo,3550308,True,,2520,,,-23.532177,-46.6586095,,,,1,2023-06-15T01:17:12+00:00
SAO_1896-10,São Paulo,3550308,True,,2520,,,-23.48228,-46.7409485,,,,1,2023-06-15T01:17:15+00:00
SAO_1896-10,São Paulo,3550308,True,,2520,,,-23.5005615,-46.723433,,,,1,2023-06-15T01:17:07+00:00
SAO_1896-10,São Paulo,3550308,True,,2520,,,-23.4444145,-46.7533035,,,,1,2023-06-15T01:17:22+00:00
SAO_6061-10,São Paulo,3550308,True,,1150,,,-23.7433635,-46.6916115,,,,1,2023-06-15T01:17:38+00:00
SAO_6061-10,São Paulo,3550308,True,,1150,,,-23.7834155,-46.682601000000005,,,,1,2023-06-15T01:17:32+00:00
SAO_6061-10,São Paulo,3550308,True,,1150,,,-23.74375,-46.691297,,,,1,2023-06-15T01:17:20+00:00
SAO_6061-10,São Paulo,3550308,True,,1150,,,-23.737271,-46.697250999999994,,,,1,2023-06-15T01:17:28+00:00
SAO_6061-10,São Paulo,3550308,True,,1150,,,-23.789126500000002,-46.6888505,,,,1,2023-06-15T01:16:57+00:00
SAO_2722-10,São Paulo,3550308,True,Urubupungá,935,https://moovitapp.com/index/pt-br/transporte_p%C3%BAblico-line-935-Sao_Paulo-242-873835-76437456-0,4.6,-23.49172825,-46.492056,,,,1,2023-06-15T01:16:52+00:00
SAO_2722-10,São Paulo,3550308,True,Urubupungá,935,https://moovitapp.com/index/pt-br/transporte_p%C3%BAblico-line-935-Sao_Paulo-242-873835-76437456-0,4.6,-23.49212175,-46.49311525,,,,1,2023-06-15T01:17:13+00:00
SAO_2722-10,São Paulo,3550308,True,Urubupungá,935,https://moovitapp.com/index/pt-br/transporte_p%C3%BAblico-line-935-Sao_Paulo-242-873835-76437456-0,4.6,-23.5172745,-46.5062215,,,,1,2023-06-15T01:17:33+00:00
SAO_2722-10,São Paulo,3550308,True,Urubupungá,935,https://moovitapp.com/index/pt-br/transporte_p%C3%BAblico-line-935-Sao_Paulo-242-873835-76437456-0,4.6,-23.49212175,-46.49311525,,,,1,2023-06-15T01:17:40+00:00
SAO_2722-10,São Paulo,3550308,True,Urubupungá,935,https://moovitapp.com/index/pt-br/transporte_p%C3%BAblico-line-935-Sao_Paulo-242-873835-76437456-0,4.6,-23.490014000000002,-46.490151,,,,1,2023-06-15T01:17:30+00:00
SAO_2722-10,São Paulo,3550308,True,Urubupungá,935,https://moovitapp.com/index/pt-br/transporte_p%C3%BAblico-line-935-Sao_Paulo-242-873835-76437456-0,4.6,-23.5068585,-46.494322499999996,,,,1,2023-06-15T01:17:11+00:00
SAO_2722-10,São Paulo,3550308,True,Urubupungá,935,https://moovitapp.com/index/pt-br/transporte_p%C3%BAblico-line-935-Sao_Paulo-242-873835-76437456-0,4.6,-23.49212175,-46.49311525,,,,1,2023-06-15T01:17:27+00:00
SAO_2722-10,São Paulo,3550308,True,Urubupungá,935,https://moovitapp.com/index/pt-br/transporte_p%C3%BAblico-line-935-Sao_Paulo-242-873835-76437456-0,4.6,-23.490098250000003,-46.50113725,,,,1,2023-06-15T01:17:30+00:00
SAO_2722-10,São Paulo,3550308,True,Urubupungá,935,https://moovitapp.com/index/pt-br/transporte_p%C3%BAblico-line-935-Sao_Paulo-242-873835-76437456-0,4.6,-23.4918725,-46.4926625,,,,1,2023-06-15T01:17:14+00:00
SAO_6803-10,São Paulo,3550308,True,BR7 Mobilidade,29,https://moovitapp.com/index/pt-br/transporte_p%C3%BAblico-line-29-Sao_Paulo-242-851856-500111-0,5.75,-23.6610005,-46.7486895,,,,1,2023-06-15T01:17:15+00:00
SAO_6803-10,São Paulo,3550308,True,BR7 Mobilidade,29,https://moovitapp.com/index/pt-br/transporte_p%C3%BAblico-line-29-Sao_Paulo-242-851856-500111-0,5.75,-23.64861025,-46.74066499999999,,,,1,2023-06-15T01:17:10+00:00
SAO_573T-31,São Paulo,3550308,True,,2248,,,-23.582402,-46.49710425,,,,1,2023-06-15T01:17:27+00:00
SAO_4086-10,São Paulo,3550308,True,,2250,,,-23.59333025,-46.40648125,,,,1,2023-06-15T01:17:15+00:00
SAO_6001-10,São Paulo,3550308,True,,32820,,,-23.644389500000003,-46.7450775,,,,2,2023-06-15T01:17:16+00:00
SAO_6001-10,São Paulo,3550308,True,,32820,,,-23.6453855,-46.71255625,,,,2,2023-06-15T01:17:09+00:00
SAO_352A-10,São Paulo,3550308,True,,164,,,-23.613302,-46.4764105,,,,1,2023-06-15T01:17:03+00:00
SAO_352A-10,São Paulo,3550308,True,,164,,,-23.5579995,-46.465612500000006,,,,1,2023-06-15T01:17:37+00:00
SAO_352A-10,São Paulo,3550308,True,,164,,,-23.5451865,-46.4607915,,,,1,2023-06-15T01:17:02+00:00
SAO_352A-10,São Paulo,3550308,True,,164,,,-23.56631475,-46.4681365,,,,1,2023-06-15T01:17:39+00:00
SAO_352A-10,São Paulo,3550308,True,,164,,,-23.4909655,-46.442477499999995,,,,1,2023-06-15T01:17:14+00:00
SAO_8047-10,São Paulo,3550308,True,EMTU,408,https://moovitapp.com/index/pt-br/transporte_p%C3%BAblico-line-408-Sao_Paulo-242-2038937-36419468-0,7.55,-23.48174125,-46.769758249999995,,,,1,2023-06-15T01:17:15+00:00
SAO_8047-10,São Paulo,3550308,True,EMTU,408,https://moovitapp.com/index/pt-br/transporte_p%C3%BAblico-line-408-Sao_Paulo-242-2038937-36419468-0,7.55,-23.454209,-46.755393,,,,1,2023-06-15T01:17:24+00:00
SAO_8047-10,São Paulo,3550308,True,EMTU,408,https://moovitapp.com/index/pt-br/transporte_p%C3%BAblico-line-408-Sao_Paulo-242-2038937-36419468-0,7.55,-23.482848750000002,-46.767751249999996,,,,1,2023-06-15T01:17:20+00:00
SAO_8047-10,São Paulo,3550308,True,EMTU,408,https://moovitapp.com/index/pt-br/transporte_p%C3%BAblico-line-408-Sao_Paulo-242-2038937-36419468-0,7.55,-23.520660499999998,-46.712124,,,,1,2023-06-15T01:17:10+00:00
SAO_6801-51,São Paulo,3550308,True,,34542,,,-23.660558,-46.730385,,,,2,2023-06-15T01:17:22+00:00
SAO_4002-10,São Paulo,3550308,True,,2177,,,-23.583198000000003,-46.495694,,,,1,2023-06-15T01:17:14+00:00
SAO_4002-10,São Paulo,3550308,True,,2177,,,-23.5444035,-46.46056525,,,,1,2023-06-15T01:17:02+00:00
SAO_4002-10,São Paulo,3550308,True,,2177,,,-23.558199000000002,-46.522121,,,,1,2023-06-15T01:17:11+00:00
SAO_4002-10,São Paulo,3550308,True,,2177,,,-23.539366,-46.4264545,,,,1,2023-06-15T01:15:03+00:00
SAO_3725-41,São Paulo,3550308,True,,1531,,,-23.539541625000002,-46.531543375,,,,1,2023-06-15T01:17:36+00:00
SAO_3725-41,São Paulo,3550308,True,,1531,,,-23.53568025,-46.54238775,,,,1,2023-06-15T01:17:19+00:00
SAO_8000-1,São Paulo,3550308,True,,2506,,,-23.5419585,-46.642295250000004,,,,1,2023-06-15T01:17:30+00:00
SAO_8000-1,São Paulo,3550308,True,,2506,,,-23.520449499999998,-46.6996115,,,,1,2023-06-15T01:17:35+00:00
SAO_8000-1,São Paulo,3550308,True,,2506,,,-23.547649,-46.641011500000005,,,,1,2023-06-15T01:17:08+00:00
SAO_8000-1,São Paulo,3550308,True,,2506,,,-23.547722,-46.641317,,,,1,2023-06-15T01:17:14+00:00
SAO_6050-10,São Paulo,3550308,True,,33993,,,-23.7537575,-46.687701000000004,,,,2,2023-06-15T01:17:08+00:00
SAO_6050-10,São Paulo,3550308,True,,33993,,,-23.736796499999997,-46.696856,,,,2,2023-06-15T01:17:01+00:00
SAO_6050-10,São Paulo,3550308,True,,33993,,,-23.75149,-46.678267,,,,2,2023-06-15T01:17:21+00:00
SAO_8500-10,São Paulo,3550308,True,,1267,,,-23.5185975,-46.6776835,,,,1,2023-06-15T01:17:18+00:00
SAO_8500-10,São Paulo,3550308,True,,1267,,,-23.515227000000003,-46.6970935,,,,1,2023-06-15T01:17:31+00:00
SAO_8500-10,São Paulo,3550308,True,,1267,,,-23.487195,-46.7152365,,,,1,2023-06-15T01:17:00+00:00
SAO_8500-10,São Paulo,3550308,True,,1267,,,-23.519113625000003,-46.67581725000001,,,,1,2023-06-15T01:17:37+00:00
SAO_8705-10,São Paulo,3550308,True,,2072,,,-23.56992025,-46.71291925,,,,1,2023-06-15T01:17:11+00:00
SAO_8705-10,São Paulo,3550308,True,,2072,,,-23.547722,-46.641317,,,,1,2023-06-15T01:16:59+00:00
SAO_8705-10,São Paulo,3550308,True,,2072,,,-23.5473665,-46.7605345,,,,1,2023-06-15T01:17:17+00:00
SAO_8705-10,São Paulo,3550308,True,,2072,,,-23.5523725,-46.658321,,,,1,2023-06-15T01:17:34+00:00
SAO_576C-10,São Paulo,3550308,True,,34058,,,-23.650795625,-46.704644625,,,,2,2023-06-15T01:17:35+00:00
SAO_576C-10,São Paulo,3550308,True,,34058,,,-23.65126925,-46.70358575,,,,2,2023-06-15T01:17:38+00:00
SAO_576C-10,São Paulo,3550308,True,,34058,,,-23.65648875,-46.7011785,,,,2,2023-06-15T01:17:22+00:00
SAO_576C-10,São Paulo,3550308,True,,34058,,,-23.65861725,-46.652649749999995,,,,2,2023-06-15T01:17:23+00:00
SAO_576C-10,São Paulo,3550308,True,,34058,,,-23.655344499999998,-46.668757,,,,2,2023-06-15T01:17:13+00:00
SAO_576C-10,São Paulo,3550308,True,,34058,,,-23.65156975,-46.703075999999996,,,,2,2023-06-15T01:17:23+00:00
SAO_7181-10,São Paulo,3550308,True,,34100,,,-23.553213,-46.732138000000006,,,,2,2023-06-15T01:17:23+00:00
SAO_7181-10,São Paulo,3550308,True,,34100,,,-23.5518730625,-46.652013249999996,,,,2,2023-06-15T01:17:31+00:00
SAO_2030-10,São Paulo,3550308,True,,2264,,,-23.497836,-46.6276935,,,,1,2023-06-15T01:17:20+00:00
SAO_6L11-10,São Paulo,3550308,True,,1167,,,-23.7668425,-46.650896625,,,,1,2023-06-15T01:17:03+00:00
SAO_6L11-10,São Paulo,3550308,True,,1167,,,-23.7668425,-46.650896625,,,,1,2023-06-15T01:17:03+00:00
SAO_6L11-10,São Paulo,3550308,True,,1167,,,-23.756556500000002,-46.667542999999995,,,,1,2023-06-15T01:17:06+00:00
SAO_4708-10,São Paulo,3550308,True,,33100,,,-23.616221,-46.610636,,,,2,2023-06-15T01:17:22+00:00
SAO_4708-10,São Paulo,3550308,True,,33100,,,-23.593823,-46.6332915,,,,2,2023-06-15T01:17:32+00:00
SAO_4708-10,São Paulo,3550308,True,,33100,,,-23.639317499999997,-46.607468,,,,2,2023-06-15T01:17:17+00:00
SAO_4708-10,São Paulo,3550308,True,,33100,,,-23.617,-46.6108695,,,,2,2023-06-15T01:17:37+00:00
SAO_2702-10,São Paulo,3550308,True,,33682,,,-23.519428875000003,-46.475841124999995,,,,2,2023-06-15T01:17:38+00:00
SAO_2702-10,São Paulo,3550308,True,,33682,,,-23.506723,-46.477545500000005,,,,2,2023-06-15T01:17:00+00:00
SAO_2702-10,São Paulo,3550308,True,,33682,,,-23.495196,-46.444438000000005,,,,2,2023-06-15T01:16:29+00:00
SAO_2702-10,São Paulo,3550308,True,,33682,,,-23.49155975,-46.44657925,,,,2,2023-06-15T01:16:56+00:00
SAO_2702-10,São Paulo,3550308,True,,33682,,,-23.5367185,-46.474993,,,,2,2023-06-15T01:17:07+00:00
SAO_2702-10,São Paulo,3550308,True,,33682,,,-23.517555125,-46.47618175,,,,2,2023-06-15T01:16:34+00:00
SAO_2702-10,São Paulo,3550308,True,,33682,,,-23.4953915,-46.444759000000005,,,,2,2023-06-15T01:15:03+00:00
SAO_5106-10,São Paulo,3550308,True,,1280,,,-23.687024,-46.6385275,,,,1,2023-06-15T01:15:34+00:00
SAO_5106-10,São Paulo,3550308,True,,1280,,,-23.6003445,-46.6365995,,,,1,2023-06-15T01:17:01+00:00
SAO_5106-10,São Paulo,3550308,True,,1280,,,-23.560762,-46.643633625,,,,1,2023-06-15T01:15:53+00:00
SAO_5106-10,São Paulo,3550308,True,,1280,,,-23.58815,-46.6481895,,,,1,2023-06-15T01:17:30+00:00
SAO_5106-10,São Paulo,3550308,True,,1280,,,-23.66451625,-46.6378775,,,,1,2023-06-15T01:17:13+00:00
SAO_5106-10,São Paulo,3550308,True,,1280,,,-23.57506925,-46.64688875,,,,1,2023-06-15T01:17:07+00:00
SAO_5106-10,São Paulo,3550308,True,,1280,,,-23.646867999999998,-46.6402595,,,,1,2023-06-15T01:16:15+00:00
SAO_4288-10,São Paulo,3550308,True,Cidade de Caieiras,290,https://moovitapp.com/index/pt-br/transporte_p%C3%BAblico-line-290-Sao_Paulo-242-868761-496416-0,5.0,-23.56640175,-46.599790999999996,,,,1,2023-06-15T01:17:22+00:00
SAO_4288-10,São Paulo,3550308,True,Cidade de Caieiras,290,https://moovitapp.com/index/pt-br/transporte_p%C3%BAblico-line-290-Sao_Paulo-242-868761-496416-0,5.0,-23.5890695,-46.553793999999996,,,,1,2023-06-15T01:17:19+00:00
SAO_1738-10,São Paulo,3550308,True,,33440,,,-23.506431499999998,-46.623613,,,,2,2023-06-15T01:17:19+00:00
SAO_1738-10,São Paulo,3550308,True,,33440,,,-23.486973499999998,-46.606676500000006,,,,2,2023-06-15T01:16:36+00:00
SAO_1738-10,São Paulo,3550308,True,,33440,,,-23.4735475,-46.581099,,,,2,2023-06-15T01:15:25+00:00
SAO_1738-10,São Paulo,3550308,True,,33440,,,-23.478395,-46.5863825,,,,2,2023-06-15T01:17:27+00:00
SAO_9784-10,São Paulo,3550308,True,EMTU,827,https://moovitapp.com/index/pt-br/transporte_p%C3%BAblico-line-827-Sao_Paulo-242-2038937-36419596-0,12.1,-23.4503535,-46.683854999999994,,,,1,2023-06-15T01:17:02+00:00
SAO_9784-10,São Paulo,3550308,True,EMTU,827,https://moovitapp.com/index/pt-br/transporte_p%C3%BAblico-line-827-Sao_Paulo-242-2038937-36419596-0,12.1,-23.524385,-46.6672945,,,,1,2023-06-15T01:17:33+00:00
SAO_9784-10,São Paulo,3550308,True,EMTU,827,https://moovitapp.com/index/pt-br/transporte_p%C3%BAblico-line-827-Sao_Paulo-242-2038937-36419596-0,12.1,-23.4503535,-46.683854999999994,,,,1,2023-06-15T01:17:08+00:00
SAO_9784-10,São Paulo,3550308,True,EMTU,827,https://moovitapp.com/index/pt-br/transporte_p%C3%BAblico-line-827-Sao_Paulo-242-2038937-36419596-0,12.1,-23.4576745,-46.675726999999995,,,,1,2023-06-15T01:17:20+00:00
SAO_9784-10,São Paulo,3550308,True,EMTU,827,https://moovitapp.com/index/pt-br/transporte_p%C3%BAblico-line-827-Sao_Paulo-242-2038937-36419596-0,12.1,-23.480036,-46.6575135,,,,1,2023-06-15T01:17:14+00:00
SAO_273D-10,São Paulo,3550308,True,,222,,,-23.5125,-46.4436795,,,,1,2023-06-15T01:17:22+00:00
SAO_273D-10,São Paulo,3550308,True,,222,,,-23.539928500000002,-46.482043874999995,,,,1,2023-06-15T01:17:09+00:00
SAO_273D-10,São Paulo,3550308,True,,222,,,-23.517554,-46.480589,,,,1,2023-06-15T01:17:05+00:00
SAO_1015-10,São Paulo,3550308,True,,2230,,,-23.4324985,-46.7870395,,,,1,2023-06-15T01:16:25+00:00
SAO_1015-10,São Paulo,3550308,True,,2230,,,-23.4324985,-46.7870395,,,,1,2023-06-15T01:17:35+00:00
SAO_1015-10,São Paulo,3550308,True,,2230,,,-23.410013,-46.8188715,,,,1,2023-06-15T01:17:14+00:00
SAO_1178-10,São Paulo,3550308,True,,32900,,,-23.531793999999998,-46.632211,,,,2,2023-06-15T01:17:09+00:00
SAO_1178-10,São Paulo,3550308,True,,32900,,,-23.5182675,-46.5462475,,,,2,2023-06-15T01:17:41+00:00
SAO_1178-10,São Paulo,3550308,True,,32900,,,-23.52704225,-46.5772655,,,,2,2023-06-15T01:17:23+00:00
SAO_1178-10,São Paulo,3550308,True,,32900,,,-23.4965005,-46.514204,,,,2,2023-06-15T01:17:29+00:00
SAO_1178-10,São Paulo,3550308,True,,32900,,,-23.5275935,-46.631048750000005,,,,2,2023-06-15T01:17:39+00:00
SAO_1178-10,São Paulo,3550308,True,,32900,,,-23.5423095,-46.635019,,,,2,2023-06-15T01:17:39+00:00
SAO_1178-10,São Paulo,3550308,True,,32900,,,-23.504152499999996,-46.432775,,,,2,2023-06-15T01:16:57+00:00
SAO_1178-10,São Paulo,3550308,True,,32900,,,-23.495266,-46.432126,,,,2,2023-06-15T01:17:37+00:00
SAO_1178-10,São Paulo,3550308,True,,32900,,,-23.49885725,-46.51865975,,,,2,2023-06-15T01:17:40+00:00
SAO_6056-10,São Paulo,3550308,True,,1147,,,-23.763088500000002,-46.7082185,,,,1,2023-06-15T01:17:04+00:00
SAO_6056-10,São Paulo,3550308,True,,1147,,,-23.748630749999997,-46.708853250000004,,,,1,2023-06-15T01:17:34+00:00
SAO_6056-10,São Paulo,3550308,True,,1147,,,-23.736947,-46.697388000000004,,,,1,2023-06-15T01:17:27+00:00
SAO_6056-10,São Paulo,3550308,True,,1147,,,-23.7632635,-46.697452,,,,1,2023-06-15T01:17:18+00:00
SAO_6056-10,São Paulo,3550308,True,,1147,,,-23.737344,-46.697708500000005,,,,1,2023-06-15T01:17:18+00:00
SAO_6062-51,São Paulo,3550308,True,,1739,,,-23.7433685,-46.682570999999996,,,,1,2023-06-15T01:16:57+00:00
SAO_6062-51,São Paulo,3550308,True,,1739,,,-23.7174195,-46.699020000000004,,,,1,2023-06-15T01:17:38+00:00
SAO_6062-51,São Paulo,3550308,True,,1739,,,-23.6635655,-46.706256,,,,1,2023-06-15T01:17:34+00:00
SAO_958P-10,São Paulo,3550308,True,,33233,,,-23.57410625,-46.688723499999995,,,,2,2023-06-15T01:17:26+00:00
SAO_958P-10,São Paulo,3550308,True,,33233,,,-23.480489,-46.758402000000004,,,,2,2023-06-15T01:17:15+00:00
SAO_958P-10,São Paulo,3550308,True,,33233,,,-23.484306,-46.741941,,,,2,2023-06-15T01:17:28+00:00
SAO_958P-10,São Paulo,3550308,True,,33233,,,-23.554114124999998,-46.707913875,,,,2,2023-06-15T01:17:29+00:00
SAO_958P-10,São Paulo,3550308,True,,33233,,,-23.4802775,-46.758544,,,,2,2023-06-15T01:17:31+00:00
SAO_958P-10,São Paulo,3550308,True,,33233,,,-23.489255,-46.739487249999996,,,,2,2023-06-15T01:17:36+00:00
SAO_7054-10,São Paulo,3550308,True,,32809,,,-23.634623,-46.775131,,,,2,2023-06-15T01:17:27+00:00
SAO_7054-10,São Paulo,3550308,True,,32809,,,-23.651257,-46.7909195,,,,2,2023-06-15T01:16:59+00:00
SAO_5030-10,São Paulo,3550308,True,,1669,,,-23.608989,-46.6004675,,,,1,2023-06-15T01:17:27+00:00
SAO_297A-10,São Paulo,3550308,True,,2133,,,-23.524672125,-46.6735329375,,,,1,2023-06-15T01:17:20+00:00
SAO_297A-10,São Paulo,3550308,True,,2133,,,-23.505947,-46.677833,,,,1,2023-06-15T01:17:36+00:00
SAO_8319-10,São Paulo,3550308,True,,33244,,,-23.546825,-46.7609525,,,,2,2023-06-15T01:17:29+00:00
SAO_8319-10,São Paulo,3550308,True,,33244,,,-23.5251395,-46.682548499999996,,,,2,2023-06-15T01:17:35+00:00
SAO_8319-10,São Paulo,3550308,True,,33244,,,-23.525404,-46.682494000000005,,,,2,2023-06-15T01:17:21+00:00
SAO_8319-10,São Paulo,3550308,True,,33244,,,-23.546825,-46.7609525,,,,2,2023-06-15T01:16:58+00:00
SAO_1765-10,São Paulo,3550308,True,,1782,,,-23.4599575,-46.5742465,,,,1,2023-06-15T01:16:51+00:00
SAO_1765-10,São Paulo,3550308,True,,1782,,,-23.481823,-46.60253925,,,,1,2023-06-15T01:16:58+00:00
SAO_7016-10,São Paulo,3550308,True,,34886,,,-23.660764999999998,-46.7077845,,,,2,2023-06-15T01:17:03+00:00
SAO_7016-10,São Paulo,3550308,True,,34886,,,-23.667442,-46.729826,,,,2,2023-06-15T01:17:23+00:00
SAO_7016-10,São Paulo,3550308,True,,34886,,,-23.6886205,-46.77281625,,,,2,2023-06-15T01:17:27+00:00
SAO_7016-10,São Paulo,3550308,True,,34886,,,-23.6886205,-46.77281625,,,,2,2023-06-15T01:17:11+00:00
SAO_7016-10,São Paulo,3550308,True,,34886,,,-23.685734500000002,-46.752735,,,,2,2023-06-15T01:14:33+00:00
SAO_7016-10,São Paulo,3550308,True,,34886,,,-23.6541835,-46.7090685,,,,2,2023-06-15T01:17:16+00:00
SAO_2714-10,São Paulo,3550308,True,,33695,,,-23.525022,-46.53079525,,,,2,2023-06-15T01:17:06+00:00
SAO_2714-10,São Paulo,3550308,True,,33695,,,-23.5121465,-46.521862999999996,,,,2,2023-06-15T01:17:19+00:00
SAO_2714-10,São Paulo,3550308,True,,33695,,,-23.531532499999997,-46.5288405,,,,2,2023-06-15T01:17:26+00:00
SAO_2714-10,São Paulo,3550308,True,,33695,,,-23.5118425,-46.5219785,,,,2,2023-06-15T01:17:05+00:00
SAO_2714-10,São Paulo,3550308,True,,33695,,,-23.52394275,-46.530979,,,,2,2023-06-15T01:16:59+00:00
SAO_4708-10,São Paulo,3550308,True,EMTU,332,https://moovitapp.com/index/pt-br/transporte_p%C3%BAblico-line-332-Sao_Paulo-242-2038937-36419418-0,4.5,-23.63254275,-46.60490725,,,,1,2023-06-15T01:17:21+00:00
SAO_6006-10,São Paulo,3550308,True,EMTU,175,https://moovitapp.com/index/pt-br/transporte_p%C3%BAblico-line-175-Sao_Paulo-242-2038937-36419312-0,6.25,-23.684261,-46.750826,,,,1,2023-06-15T01:17:16+00:00
SAO_6006-10,São Paulo,3550308,True,EMTU,175,https://moovitapp.com/index/pt-br/transporte_p%C3%BAblico-line-175-Sao_Paulo-242-2038937-36419312-0,6.25,-23.6677405,-46.73030275,,,,1,2023-06-15T01:16:28+00:00
SAO_6006-10,São Paulo,3550308,True,EMTU,175,https://moovitapp.com/index/pt-br/transporte_p%C3%BAblico-line-175-Sao_Paulo-242-2038937-36419312-0,6.25,-23.6922335,-46.757836499999996,,,,1,2023-06-15T01:17:29+00:00
SAO_6006-10,São Paulo,3550308,True,EMTU,175,https://moovitapp.com/index/pt-br/transporte_p%C3%BAblico-line-175-Sao_Paulo-242-2038937-36419312-0,6.25,-23.66022925,-46.696310749999995,,,,1,2023-06-15T01:17:07+00:00
SAO_6006-10,São Paulo,3550308,True,EMTU,175,https://moovitapp.com/index/pt-br/transporte_p%C3%BAblico-line-175-Sao_Paulo-242-2038937-36419312-0,6.25,-23.667765000000003,-46.680365,,,,1,2023-06-15T01:17:20+00:00
SAO_971R-42,São Paulo,3550308,True,,33384,,,-23.495199,-46.644662,,,,2,2023-06-15T01:17:25+00:00
SAO_971R-42,São Paulo,3550308,True,,33384,,,-23.4642955,-46.680001000000004,,,,2,2023-06-15T01:17:31+00:00
SAO_971R-42,São Paulo,3550308,True,,33384,,,-23.436577999999997,-46.7395995,,,,2,2023-06-15T01:17:10+00:00
SAO_5145-10,São Paulo,3550308,True,,34409,,,-23.591768000000002,-46.502688500000005,,,,2,2023-06-15T01:17:18+00:00
SAO_5145-10,São Paulo,3550308,True,,34409,,,-23.61121,-46.501359750000006,,,,2,2023-06-15T01:14:55+00:00
SAO_5145-10,São Paulo,3550308,True,,34409,,,-23.581673875,-46.595018625,,,,2,2023-06-15T01:17:07+00:00
SAO_5145-10,São Paulo,3550308,True,,34409,,,-23.579203000000003,-46.54156325,,,,2,2023-06-15T01:17:15+00:00
SAO_5145-10,São Paulo,3550308,True,,34409,,,-23.5832035,-46.600849499999995,,,,2,2023-06-15T01:17:26+00:00
SAO_5145-10,São Paulo,3550308,True,,34409,,,-23.574376,-46.5668895,,,,2,2023-06-15T01:17:07+00:00
SAO_8027-10,São Paulo,3550308,True,,2162,,,-23.56772125,-46.758096249999994,,,,1,2023-06-15T01:17:21+00:00
SAO_938L-10,São Paulo,3550308,True,,34136,,,-23.517713999999998,-46.7031655,,,,2,2023-06-15T01:17:28+00:00
SAO_938L-10,São Paulo,3550308,True,,34136,,,-23.4840915,-46.679384,,,,2,2023-06-15T01:17:14+00:00
SAO_938L-10,São Paulo,3550308,True,,34136,,,-23.4923645,-46.685142,,,,2,2023-06-15T01:17:24+00:00
SAO_3901-10,São Paulo,3550308,True,,34237,,,-23.533628,-46.5452065,,,,2,2023-06-15T01:17:08+00:00
SAO_3901-10,São Paulo,3550308,True,,34237,,,-23.504846,-46.5153955,,,,2,2023-06-15T01:17:18+00:00
SAO_3901-10,São Paulo,3550308,True,,34237,,,-23.4987395,-46.50209475,,,,2,2023-06-15T01:17:38+00:00
SAO_5141-10,São Paulo,3550308,True,,1625,,,-23.550492499999997,-46.625127,,,,1,2023-06-15T01:17:22+00:00
SAO_5141-10,São Paulo,3550308,True,,1625,,,-23.545653,-46.5850855,,,,1,2023-06-15T01:17:14+00:00
SAO_3002-10,São Paulo,3550308,True,,1808,,,-23.5118245,-46.3834965,,,,1,2023-06-15T01:16:54+00:00
SAO_3002-10,São Paulo,3550308,True,,1808,,,-23.496955,-46.437329,,,,1,2023-06-15T01:17:13+00:00
SAO_3002-10,São Paulo,3550308,True,,1808,,,-23.510468,-46.378808,,,,1,2023-06-15T01:16:22+00:00
SAO_6L10-41,São Paulo,3550308,True,,2005,,,-23.768802,-46.71633,,,,1,2023-06-15T01:17:12+00:00
SAO_8075-21,São Paulo,3550308,True,,35305,,,-23.622176500000002,-46.759738999999996,,,,2,2023-06-15T01:17:10+00:00
SAO_8075-21,São Paulo,3550308,True,,35305,,,-23.6316405,-46.772316,,,,2,2023-06-15T01:17:15+00:00
SAO_6970-10,São Paulo,3550308,True,,1505,,,-23.673311124999998,-46.712194874999994,,,,1,2023-06-15T01:17:22+00:00
SAO_6970-10,São Paulo,3550308,True,,1505,,,-23.735712499999998,-46.69611125,,,,1,2023-06-15T01:17:03+00:00
SAO_6970-10,São Paulo,3550308,True,,1505,,,-23.737581499999997,-46.697899500000005,,,,1,2023-06-15T01:17:03+00:00
SAO_2756-10,São Paulo,3550308,True,EMTU,238,https://moovitapp.com/index/pt-br/transporte_p%C3%BAblico-line-238-Sao_Paulo-242-2038937-36419351-0,4.85,-23.5424345,-46.414053249999995,,,,1,2023-06-15T01:17:24+00:00
SAO_2756-10,São Paulo,3550308,True,EMTU,238,https://moovitapp.com/index/pt-br/transporte_p%C3%BAblico-line-238-Sao_Paulo-242-2038937-36419351-0,4.85,-23.51586225,-46.466791875,,,,1,2023-06-15T01:17:07+00:00
SAO_2756-10,São Paulo,3550308,True,EMTU,238,https://moovitapp.com/index/pt-br/transporte_p%C3%BAblico-line-238-Sao_Paulo-242-2038937-36419351-0,4.85,-23.518853,-46.41818,,,,1,2023-06-15T01:17:15+00:00
SAO_2756-10,São Paulo,3550308,True,EMTU,238,https://moovitapp.com/index/pt-br/transporte_p%C3%BAblico-line-238-Sao_Paulo-242-2038937-36419351-0,4.85,-23.51159775,-46.4426105,,,,1,2023-06-15T01:16:57+00:00
SAO_4033-10,São Paulo,3550308,True,,33871,,,-23.613425499999998,-46.4954365,,,,2,2023-06-15T01:16:57+00:00
SAO_4033-10,São Paulo,3550308,True,,33871,,,-23.599953,-46.525122499999995,,,,2,2023-06-15T01:17:24+00:00
SAO_4033-10,São Paulo,3550308,True,,33871,,,-23.604306,-46.5384965,,,,2,2023-06-15T01:17:00+00:00
SAO_4033-10,São Paulo,3550308,True,,33871,,,-23.6015525,-46.5397625,,,,2,2023-06-15T01:17:33+00:00
SAO_4033-10,São Paulo,3550308,True,,33871,,,-23.5973185,-46.50992,,,,2,2023-06-15T01:17:06+00:00
SAO_4033-10,São Paulo,3550308,True,,33871,,,-23.6140865,-46.496467499999994,,,,2,2023-06-15T01:17:06+00:00
SAO_4033-10,São Paulo,3550308,True,,33871,,,-23.614929,-46.4703365,,,,2,2023-06-15T01:17:37+00:00
SAO_4033-10,São Paulo,3550308,True,,33871,,,-23.623470500000003,-46.461743,,,,2,2023-06-15T01:17:18+00:00
SAO_4033-10,São Paulo,3550308,True,,33871,,,-23.614141500000002,-46.4985205,,,,2,2023-06-15T01:17:33+00:00
SAO_7011-10,São Paulo,3550308,True,,1952,,,-23.7087205,-46.792103499999996,,,,1,2023-06-15T01:17:09+00:00
SAO_7011-10,São Paulo,3550308,True,,1952,,,-23.6945005,-46.7806205,,,,1,2023-06-15T01:17:32+00:00
SAO_4721-10,São Paulo,3550308,True,,33105,,,-23.6470815,-46.639527,,,,2,2023-06-15T01:17:06+00:00
SAO_4721-10,São Paulo,3550308,True,,33105,,,-23.621927499999998,-46.6287995,,,,2,2023-06-15T01:17:20+00:00
SAO_3053-10,São Paulo,3550308,True,,973,,,-23.562756625,-46.563415000000006,,,,1,2023-06-15T01:17:29+00:00
SAO_3053-10,São Paulo,3550308,True,,973,,,-23.585147999999997,-46.494602,,,,1,2023-06-15T01:17:26+00:00
SAO_3053-10,São Paulo,3550308,True,,973,,,-23.542897,-46.588194,,,,1,2023-06-15T01:16:57+00:00
SAO_3053-10,São Paulo,3550308,True,,973,,,-23.542912,-46.588283000000004,,,,1,2023-06-15T01:17:20+00:00
SAO_3053-10,São Paulo,3550308,True,,973,,,-23.562756625,-46.563415000000006,,,,1,2023-06-15T01:17:28+00:00
SAO_3053-10,São Paulo,3550308,True,,973,,,-23.579061,-46.538959500000004,,,,1,2023-06-15T01:17:23+00:00
SAO_8015-21,São Paulo,3550308,True,,34797,,,-23.402359625000003,-46.753054750000004,,,,2,2023-06-15T01:17:03+00:00
SAO_2720-31,São Paulo,3550308,True,,1842,,,-23.4895415,-46.4673315,,,,1,2023-06-15T01:17:13+00:00
SAO_2720-31,São Paulo,3550308,True,,1842,,,-23.523042,-46.519755,,,,1,2023-06-15T01:17:31+00:00
SAO_1021-10,São Paulo,3550308,True,EMTU,833,https://moovitapp.com/index/pt-br/transporte_p%C3%BAblico-line-833-Sao_Paulo-242-2038937-36419599-0,5.4,-23.446694,-46.710905,,,,1,2023-06-15T01:17:08+00:00
SAO_1021-10,São Paulo,3550308,True,EMTU,833,https://moovitapp.com/index/pt-br/transporte_p%C3%BAblico-line-833-Sao_Paulo-242-2038937-36419599-0,5.4,-23.479576,-46.726657,,,,1,2023-06-15T01:17:02+00:00
SAO_809T-10,São Paulo,3550308,True,,2246,,,-23.583533,-46.751709500000004,,,,1,2023-06-15T01:17:01+00:00
SAO_809T-10,São Paulo,3550308,True,,2246,,,-23.52484175,-46.701406500000004,,,,1,2023-06-15T01:17:40+00:00
SAO_809T-10,São Paulo,3550308,True,,2246,,,-23.58607325,-46.7895805,,,,1,2023-06-15T01:17:32+00:00
SAO_271A-10,São Paulo,3550308,True,STT,702,https://moovitapp.com/index/pt-br/transporte_p%C3%BAblico-line-702-Sao_Paulo-242-850661-641780-0,5.3,-23.52427025,-46.567685999999995,,,,1,2023-06-15T01:17:16+00:00
SAO_271A-10,São Paulo,3550308,True,STT,702,https://moovitapp.com/index/pt-br/transporte_p%C3%BAblico-line-702-Sao_Paulo-242-850661-641780-0,5.3,-23.518916500000003,-46.546872500000006,,,,1,2023-06-15T01:16:58+00:00
SAO_271A-10,São Paulo,3550308,True,STT,702,https://moovitapp.com/index/pt-br/transporte_p%C3%BAblico-line-702-Sao_Paulo-242-850661-641780-0,5.3,-23.505732000000002,-46.576296,,,,1,2023-06-15T01:17:00+00:00
SAO_271A-10,São Paulo,3550308,True,STT,702,https://moovitapp.com/index/pt-br/transporte_p%C3%BAblico-line-702-Sao_Paulo-242-850661-641780-0,5.3,-23.500747,-46.604538,,,,1,2023-06-15T01:15:12+00:00
SAO_271A-10,São Paulo,3550308,True,STT,702,https://moovitapp.com/index/pt-br/transporte_p%C3%BAblico-line-702-Sao_Paulo-242-850661-641780-0,5.3,-23.502589,-46.623686500000005,,,,1,2023-06-15T01:17:34+00:00
SAO_607A-10,São Paulo,3550308,True,,2139,,,-23.6684115,-46.704903,,,,1,2023-06-15T01:15:16+00:00
SAO_607A-10,São Paulo,3550308,True,,2139,,,-23.6932335,-46.658049,,,,1,2023-06-15T01:16:16+00:00
SAO_607A-10,São Paulo,3550308,True,,2139,,,-23.6994545,-46.648315499999995,,,,1,2023-06-15T01:17:16+00:00
SAO_607A-10,São Paulo,3550308,True,,2139,,,-23.66744,-46.705531,,,,1,2023-06-15T01:16:45+00:00
SAO_7052-10,São Paulo,3550308,True,,34654,,,-23.640404,-46.7734515,,,,2,2023-06-15T01:17:27+00:00
SAO_7052-10,São Paulo,3550308,True,,34654,,,-23.6361275,-46.777404,,,,2,2023-06-15T01:17:04+00:00
SAO_7052-10,São Paulo,3550308,True,,34654,,,-23.6533545,-46.773467,,,,2,2023-06-15T01:17:07+00:00
SAO_4003-10,São Paulo,3550308,True,,2159,,,-23.556411500000003,-46.423050374999995,,,,1,2023-06-15T01:15:27+00:00
SAO_508L-10,São Paulo,3550308,True,,32885,,,-23.538968250000003,-46.643979875,,,,2,2023-06-15T01:16:59+00:00
SAO_508L-10,São Paulo,3550308,True,,32885,,,-23.53435325,-46.644056,,,,2,2023-06-15T01:17:04+00:00
SAO_508L-10,São Paulo,3550308,True,,32885,,,-23.5732475,-46.631155,,,,2,2023-06-15T01:16:54+00:00
SAO_6805-31,São Paulo,3550308,True,,34556,,,-23.6497955,-46.7329255,,,,2,2023-06-15T01:17:31+00:00
SAO_6805-31,São Paulo,3550308,True,,34556,,,-23.656809000000003,-46.761884,,,,2,2023-06-15T01:16:50+00:00
SAO_805L-10,São Paulo,3550308,True,,32892,,,-23.568625062499997,-46.647627562500006,,,,2,2023-06-15T01:17:22+00:00
SAO_805L-10,São Paulo,3550308,True,,32892,,,-23.53790525,-46.65263625,,,,2,2023-06-15T01:17:39+00:00
SAO_805L-10,São Paulo,3550308,True,,32892,,,-23.548770500000003,-46.659213875000006,,,,2,2023-06-15T01:17:09+00:00
SAO_805L-10,São Paulo,3550308,True,,32892,,,-23.566184812499998,-46.6506855625,,,,2,2023-06-15T01:17:05+00:00
SAO_208M-10,São Paulo,3550308,True,,35246,,,-23.528005999999998,-46.661822,,,,2,2023-06-15T01:17:28+00:00
SAO_208M-10,São Paulo,3550308,True,,35246,,,-23.50117875,-46.623563000000004,,,,2,2023-06-15T01:17:18+00:00
SAO_208M-10,São Paulo,3550308,True,,35246,,,-23.503882812500002,-46.632821625,,,,2,2023-06-15T01:17:28+00:00
SAO_208M-10,São Paulo,3550308,True,,35246,,,-23.56408175,-46.6883795,,,,2,2023-06-15T01:17:31+00:00
SAO_208M-10,São Paulo,3550308,True,,35246,,,-23.548337,-46.6738325,,,,2,2023-06-15T01:17:24+00:00
SAO_208M-10,São Paulo,3550308,True,,35246,,,-23.50162425,-46.62357300000001,,,,2,2023-06-15T01:16:58+00:00
SAO_208M-10,São Paulo,3550308,True,,35246,,,-23.504109875,-46.62510475,,,,2,2023-06-15T01:17:39+00:00
SAO_208M-10,São Paulo,3550308,True,,35246,,,-23.502884,-46.6246055,,,,2,2023-06-15T01:17:38+00:00
SAO_208M-10,São Paulo,3550308,True,,35246,,,-23.536139062500002,-46.6629563125,,,,2,2023-06-15T01:17:12+00:00
SAO_6019-10,São Paulo,3550308,True,,34258,,,-23.668594499999998,-46.7355085,,,,2,2023-06-15T01:17:00+00:00
SAO_6019-10,São Paulo,3550308,True,,34258,,,-23.6687515,-46.735510000000005,,,,2,2023-06-15T01:17:34+00:00
SAO_7050-10,São Paulo,3550308,True,,1884,,,-23.631508,-46.7726,,,,1,2023-06-15T01:17:37+00:00
SAO_7050-10,São Paulo,3550308,True,,1884,,,-23.6559205,-46.776455,,,,1,2023-06-15T01:17:42+00:00
SAO_7050-10,São Paulo,3550308,True,,1884,,,-23.659737,-46.788748999999996,,,,1,2023-06-15T01:17:34+00:00
SAO_8017-10,São Paulo,3550308,True,,34029,,,-23.4475275,-46.727541625,,,,2,2023-06-15T01:17:30+00:00
SAO_8017-10,São Paulo,3550308,True,,34029,,,-23.4751275,-46.72450325,,,,2,2023-06-15T01:17:08+00:00
SAO_8017-10,São Paulo,3550308,True,,34029,,,-23.438022250000003,-46.7402496875,,,,2,2023-06-15T01:17:17+00:00
SAO_8017-10,São Paulo,3550308,True,,34029,,,-23.450094999999997,-46.7286775,,,,2,2023-06-15T01:16:57+00:00
SAO_513L-10,São Paulo,3550308,True,,1655,,,-23.584243625,-46.602137625,,,,1,2023-06-15T01:16:57+00:00
SAO_513L-10,São Paulo,3550308,True,,1655,,,-23.6019195,-46.603135,,,,1,2023-06-15T01:17:41+00:00
SAO_513L-10,São Paulo,3550308,True,,1655,,,-23.54728575,-46.593526000000004,,,,1,2023-06-15T01:17:06+00:00
SAO_5011-10,São Paulo,3550308,True,,1115,,,-23.659697,-46.69745399999999,,,,1,2023-06-15T01:17:22+00:00
SAO_5011-10,São Paulo,3550308,True,,1115,,,-23.6971935,-46.649187,,,,1,2023-06-15T01:17:19+00:00
SAO_5011-10,São Paulo,3550308,True,,1115,,,-23.6943965,-46.677315,,,,1,2023-06-15T01:17:06+00:00
SAO_5011-10,São Paulo,3550308,True,,1115,,,-23.7102665,-46.6208535,,,,1,2023-06-15T01:07:27+00:00
SAO_233C-10,São Paulo,3550308,True,,32923,,,-23.524615125,-46.474903875,,,,2,2023-06-15T01:17:36+00:00
SAO_233C-10,São Paulo,3550308,True,,32923,,,-23.5500415,-46.4986815,,,,2,2023-06-15T01:17:37+00:00
SAO_233C-10,São Paulo,3550308,True,,32923,,,-23.519428875000003,-46.475841124999995,,,,2,2023-06-15T01:17:19+00:00
SAO_233C-10,São Paulo,3550308,True,,32923,,,-23.5435725,-46.4923625,,,,2,2023-06-15T01:17:02+00:00
SAO_233C-10,São Paulo,3550308,True,,32923,,,-23.519428875000003,-46.475841124999995,,,,2,2023-06-15T01:17:31+00:00
SAO_273V-10,São Paulo,3550308,True,EMTU,231,https://moovitapp.com/index/pt-br/transporte_p%C3%BAblico-line-231-Sao_Paulo-242-2038937-36419348-0,6.2,-23.5350495,-46.4761135,,,,1,2023-06-15T01:17:27+00:00
SAO_273V-10,São Paulo,3550308,True,EMTU,231,https://moovitapp.com/index/pt-br/transporte_p%C3%BAblico-line-231-Sao_Paulo-242-2038937-36419348-0,6.2,-23.533114,-46.5432805,,,,1,2023-06-15T01:12:47+00:00
SAO_2010-10,São Paulo,3550308,True,,34872,,,-23.50281775,-46.61146825,,,,2,2023-06-15T01:17:34+00:00
SAO_2010-10,São Paulo,3550308,True,,34872,,,-23.506515,-46.62475275,,,,2,2023-06-15T01:17:27+00:00
SAO_2010-10,São Paulo,3550308,True,,34872,,,-23.478643249999998,-46.582901750000005,,,,2,2023-06-15T01:17:26+00:00
SAO_2010-10,São Paulo,3550308,True,,34872,,,-23.477741875,-46.564192125,,,,2,2023-06-15T01:14:04+00:00
SAO_2010-10,São Paulo,3550308,True,,34872,,,-23.477516625,-46.564321375,,,,2,2023-06-15T01:16:59+00:00
SAO_2010-10,São Paulo,3550308,True,,34872,,,-23.4990125,-46.604952,,,,2,2023-06-15T01:17:16+00:00
SAO_2010-10,São Paulo,3550308,True,,34872,,,-23.477516625,-46.564321375,,,,2,2023-06-15T01:17:06+00:00
SAO_719P-10,São Paulo,3550308,True,,1372,,,-23.554684,-46.659863,,,,1,2023-06-15T01:17:30+00:00
SAO_719P-10,São Paulo,3550308,True,,1372,,,-23.556968249999997,-46.676519250000005,,,,1,2023-06-15T01:17:10+00:00
SAO_719P-10,São Paulo,3550308,True,,1372,,,-23.53506275,-46.644746999999995,,,,1,2023-06-15T01:17:26+00:00
SAO_172X-10,São Paulo,3550308,True,,861,,,-23.521993875000003,-46.56830375,,,,1,2023-06-15T01:17:33+00:00
SAO_172X-10,São Paulo,3550308,True,,861,,,-23.519627375,-46.5682175,,,,1,2023-06-15T01:17:12+00:00
SAO_172X-10,São Paulo,3550308,True,,861,,,-23.5398785,-46.577164499999995,,,,1,2023-06-15T01:17:03+00:00
SAO_172X-10,São Paulo,3550308,True,,861,,,-23.52743675,-46.575757624999994,,,,1,2023-06-15T01:17:02+00:00
SAO_172X-10,São Paulo,3550308,True,,861,,,-23.5397765,-46.5765665,,,,1,2023-06-15T01:17:35+00:00
SAO_172X-10,São Paulo,3550308,True,,861,,,-23.507433125,-46.567815374999995,,,,1,2023-06-15T01:16:59+00:00
SAO_5317-10,São Paulo,3550308,True,,69,,,-23.644948375,-46.700573000000006,,,,1,2023-06-15T01:17:33+00:00
SAO_5317-10,São Paulo,3550308,True,,69,,,-23.7194885,-46.6798575,,,,1,2023-06-15T01:16:04+00:00
SAO_5317-10,São Paulo,3550308,True,,69,,,-23.6047995,-46.663243375,,,,1,2023-06-15T01:17:25+00:00
SAO_5317-10,São Paulo,3550308,True,,69,,,-23.69789625,-46.700514999999996,,,,1,2023-06-15T01:17:38+00:00
SAO_3021-10,São Paulo,3550308,True,STT,276,https://moovitapp.com/index/pt-br/transporte_p%C3%BAblico-line-276-Sao_Paulo-242-850661-183276-0,5.3,-23.581422500000002,-46.563668,,,,1,2023-06-15T01:17:04+00:00
SAO_5021-10,São Paulo,3550308,True,,1667,,,-23.603147,-46.604328,,,,1,2023-06-15T01:17:30+00:00
SAO_8544-10,São Paulo,3550308,True,,33198,,,-23.454822749999998,-46.74858474999999,,,,2,2023-06-15T01:17:25+00:00
SAO_8544-10,São Paulo,3550308,True,,33198,,,-23.531256000000003,-46.64617325,,,,2,2023-06-15T01:17:34+00:00
SAO_8544-10,São Paulo,3550308,True,,33198,,,-23.466017,-46.722397,,,,2,2023-06-15T01:17:06+00:00
SAO_8544-10,São Paulo,3550308,True,,33198,,,-23.542485499999998,-46.635850500000004,,,,2,2023-06-15T01:17:16+00:00
SAO_5031-21,São Paulo,3550308,True,,34515,,,-23.6168755,-46.5931595,,,,2,2023-06-15T01:17:23+00:00
SAO_9019-10,São Paulo,3550308,True,,1433,,,-23.4726535,-46.71396925,,,,1,2023-06-15T01:16:55+00:00
SAO_9019-10,São Paulo,3550308,True,,1433,,,-23.4545785,-46.7102915,,,,1,2023-06-15T01:17:30+00:00
SAO_9019-10,São Paulo,3550308,True,,1433,,,-23.485884499999997,-46.728099,,,,1,2023-06-15T01:17:16+00:00
SAO_9019-10,São Paulo,3550308,True,,1433,,,-23.460534,-46.71540400000001,,,,1,2023-06-15T01:17:35+00:00
SAO_6042-10,São Paulo,3550308,True,,1219,,,-23.667949,-46.7730995,,,,1,2023-06-15T01:17:10+00:00
SAO_6042-10,São Paulo,3550308,True,,1219,,,-23.6518285,-46.7178205,,,,1,2023-06-15T01:17:19+00:00
SAO_675X-10,São Paulo,3550308,True,EMTU,111,https://moovitapp.com/index/pt-br/transporte_p%C3%BAblico-line-111-Sao_Paulo-242-2038937-36419271-0,5.1,-23.659150999999998,-46.70390075,,,,1,2023-06-15T01:17:15+00:00
SAO_675X-10,São Paulo,3550308,True,EMTU,111,https://moovitapp.com/index/pt-br/transporte_p%C3%BAblico-line-111-Sao_Paulo-242-2038937-36419271-0,5.1,-23.61750725,-46.675211000000004,,,,1,2023-06-15T01:17:37+00:00
SAO_675X-10,São Paulo,3550308,True,EMTU,111,https://moovitapp.com/index/pt-br/transporte_p%C3%BAblico-line-111-Sao_Paulo-242-2038937-36419271-0,5.1,-23.737689500000002,-46.697986,,,,1,2023-06-15T01:16:12+00:00
SAO_4015-10,São Paulo,3550308,True,,34956,,,-23.6128775,-46.476433,,,,2,2023-06-15T01:17:04+00:00
SAO_2770-10,São Paulo,3550308,True,,33011,,,-23.530074499999998,-46.5287515,,,,2,2023-06-15T01:17:34+00:00
SAO_2770-10,São Paulo,3550308,True,,33011,,,-23.52210025,-46.523883,,,,2,2023-06-15T01:17:11+00:00
SAO_2770-10,São Paulo,3550308,True,,33011,,,-23.510995,-46.416292999999996,,,,2,2023-06-15T01:17:28+00:00
SAO_3019-10,São Paulo,3550308,True,,33725,,,-23.58265,-46.405583500000006,,,,2,2023-06-15T01:17:20+00:00
SAO_971T-10,São Paulo,3550308,True,,33386,,,-23.5020055,-46.625392000000005,,,,2,2023-06-15T01:17:06+00:00
SAO_971T-10,São Paulo,3550308,True,,33386,,,-23.484454,-46.655784,,,,2,2023-06-15T01:17:38+00:00
SAO_971T-10,São Paulo,3550308,True,,33386,,,-23.486093500000003,-46.660945999999996,,,,2,2023-06-15T01:17:33+00:00
SAO_971T-10,São Paulo,3550308,True,,33386,,,-23.48400325,-46.65506875,,,,2,2023-06-15T01:17:03+00:00
SAO_8047-41,São Paulo,3550308,True,STT,410,https://moovitapp.com/index/pt-br/transporte_p%C3%BAblico-line-410-Sao_Paulo-242-850661-183302-0,5.3,-23.4861935,-46.756078,,,,1,2023-06-15T01:17:09+00:00
SAO_8047-41,São Paulo,3550308,True,STT,410,https://moovitapp.com/index/pt-br/transporte_p%C3%BAblico-line-410-Sao_Paulo-242-850661-183302-0,5.3,-23.5468295,-46.6903115,,,,1,2023-06-15T01:17:27+00:00
SAO_2708-10,São Paulo,3550308,True,,33689,,,-23.52608,-46.43303025,,,,2,2023-06-15T01:16:56+00:00
SAO_2708-10,São Paulo,3550308,True,,33689,,,-23.533022375,-46.40094475,,,,2,2023-06-15T01:17:27+00:00
SAO_2708-10,São Paulo,3550308,True,,33689,,,-23.542527,-46.4715645,,,,2,2023-06-15T00:53:00+00:00
SAO_2708-10,São Paulo,3550308,True,,33689,,,-23.521167499999997,-46.42766,,,,2,2023-06-15T01:17:11+00:00
SAO_2708-10,São Paulo,3550308,True,,33689,,,-23.537938999999998,-46.45276375,,,,2,2023-06-15T01:16:24+00:00
SAO_2708-10,São Paulo,3550308,True,,33689,,,-23.5325255,-46.4016675,,,,2,2023-06-15T01:17:37+00:00
SAO_2708-10,São Paulo,3550308,True,,33689,,,-23.533335875,-46.40048375,,,,2,2023-06-15T01:17:17+00:00
SAO_2708-10,São Paulo,3550308,True,,33689,,,-23.532207,-46.4021255,,,,2,2023-06-15T01:17:23+00:00
SAO_846M-10,São Paulo,3550308,True,EMTU,422,https://moovitapp.com/index/pt-br/transporte_p%C3%BAblico-line-422-Sao_Paulo-242-2038937-36419479-0,7.15,-23.541019249999998,-46.699289750000005,,,,1,2023-06-15T01:17:38+00:00
SAO_2026-10,São Paulo,3550308,True,,2269,,,-23.4893365,-46.574695000000006,,,,1,2023-06-15T01:17:16+00:00
SAO_2026-10,São Paulo,3550308,True,,2269,,,-23.513011500000005,-46.56405062499999,,,,1,2023-06-15T01:16:56+00:00
SAO_2770-10,São Paulo,3550308,True,,243,,,-23.5391735,-46.4142885,,,,1,2023-06-15T01:11:46+00:00
SAO_2770-10,São Paulo,3550308,True,,243,,,-23.541999750000002,-46.412657749999994,,,,1,2023-06-15T01:15:28+00:00
SAO_2770-10,São Paulo,3550308,True,,243,,,-23.495147000000003,-46.4347765,,,,1,2023-06-15T01:17:19+00:00
SAO_2770-10,São Paulo,3550308,True,,243,,,-23.53989675,-46.42224949999999,,,,1,2023-06-15T01:16:59+00:00
SAO_390E-10,São Paulo,3550308,True,,1882,,,-23.5358395,-46.572618,,,,1,2023-06-15T01:17:14+00:00
SAO_874T-10,São Paulo,3550308,True,,33075,,,-23.579841000000002,-46.60587375,,,,2,2023-06-15T01:16:59+00:00
SAO_874T-10,São Paulo,3550308,True,,33075,,,-23.531179,-46.6748145,,,,2,2023-06-15T01:17:39+00:00
SAO_874T-10,São Paulo,3550308,True,,33075,,,-23.549035375,-46.657594249999995,,,,2,2023-06-15T01:17:01+00:00
SAO_874T-10,São Paulo,3550308,True,,33075,,,-23.586879250000003,-46.635391999999996,,,,2,2023-06-15T01:16:56+00:00
SAO_874T-10,São Paulo,3550308,True,,33075,,,-23.549653,-46.65517225000001,,,,2,2023-06-15T01:17:26+00:00
SAO_874T-10,São Paulo,3550308,True,,33075,,,-23.574886499999998,-46.6034145,,,,2,2023-06-15T01:17:23+00:00
SAO_874T-10,São Paulo,3550308,True,,33075,,,-23.577866874999998,-46.601438,,,,2,2023-06-15T01:17:20+00:00
SAO_6092-10,São Paulo,3550308,True,,33945,,,-23.736856500000002,-46.695405,,,,2,2023-06-15T01:17:10+00:00
SAO_6092-10,São Paulo,3550308,True,,33945,,,-23.7732595,-46.681942,,,,2,2023-06-15T01:17:36+00:00
SAO_6092-10,São Paulo,3550308,True,,33945,,,-23.778222,-46.68462275,,,,2,2023-06-15T01:17:33+00:00
SAO_271A-51,São Paulo,3550308,True,,33471,,,-23.526650500000002,-46.556013,,,,2,2023-06-15T01:17:19+00:00
SAO_271A-51,São Paulo,3550308,True,,33471,,,-23.497569499999997,-46.5148905,,,,2,2023-06-15T01:17:39+00:00
SAO_271A-51,São Paulo,3550308,True,,33471,,,-23.500128500000002,-46.592834249999996,,,,2,2023-06-15T01:17:19+00:00
SAO_271A-51,São Paulo,3550308,True,,33471,,,-23.502621375000004,-46.615427499999996,,,,2,2023-06-15T01:17:35+00:00
SAO_271A-51,São Paulo,3550308,True,,33471,,,-23.5138515,-46.57136,,,,2,2023-06-15T01:17:28+00:00
SAO_6L01-10,São Paulo,3550308,True,,1171,,,-23.767305999999998,-46.716412,,,,1,2023-06-15T01:17:29+00:00
SAO_6L01-10,São Paulo,3550308,True,,1171,,,-23.842203875,-46.740766875,,,,1,2023-06-15T01:16:59+00:00
SAO_6L01-10,São Paulo,3550308,True,,1171,,,-23.768786,-46.716157499999994,,,,1,2023-06-15T01:17:05+00:00
SAO_6L01-10,São Paulo,3550308,True,,1171,,,-23.767813,-46.716483499999995,,,,1,2023-06-15T01:17:34+00:00
SAO_6232-10,São Paulo,3550308,True,,33251,,,-23.55715,-46.680869625,,,,2,2023-06-15T01:17:23+00:00
SAO_6232-10,São Paulo,3550308,True,,33251,,,-23.54590575,-46.708266,,,,2,2023-06-15T01:17:04+00:00
SAO_809U-10,São Paulo,3550308,True,,35022,,,-23.55198375,-46.707873750000005,,,,2,2023-06-15T01:17:05+00:00
SAO_809U-10,São Paulo,3550308,True,,35022,,,-23.546362,-46.690999250000004,,,,2,2023-06-15T01:17:34+00:00
SAO_2023-41,São Paulo,3550308,True,,35307,,,-23.4198315,-46.581500500000004,,,,2,2023-06-15T01:17:34+00:00
SAO_2023-41,São Paulo,3550308,True,,35307,,,-23.446568,-46.5982185,,,,2,2023-06-15T01:16:06+00:00
SAO_2023-41,São Paulo,3550308,True,,35307,,,-23.480119000000002,-46.607284,,,,2,2023-06-15T01:17:27+00:00
SAO_637A-22,São Paulo,3550308,True,,34370,,,-23.6903555,-46.7743995,,,,2,2023-06-15T01:17:37+00:00
SAO_809H-10,São Paulo,3550308,True,,2245,,,-23.525745999999998,-46.714233,,,,1,2023-06-15T01:16:58+00:00
SAO_809H-10,São Paulo,3550308,True,,2245,,,-23.580671000000002,-46.794031000000004,,,,1,2023-06-15T01:17:35+00:00
SAO_809H-10,São Paulo,3550308,True,,2245,,,-23.5365855,-46.72600275,,,,1,2023-06-15T01:17:40+00:00
SAO_809H-10,São Paulo,3550308,True,,2245,,,-23.585289000000003,-46.740832499999996,,,,1,2023-06-15T01:17:10+00:00
SAO_8003-10,São Paulo,3550308,True,,1253,,,-23.5196005,-46.700601,,,,1,2023-06-15T01:17:22+00:00
SAO_8003-10,São Paulo,3550308,True,,1253,,,-23.52170125,-46.74254475,,,,1,2023-06-15T01:17:08+00:00
SAO_875P-10,São Paulo,3550308,True,,34109,,,-23.526521000000002,-46.665999,,,,2,2023-06-15T01:17:25+00:00
SAO_875P-10,São Paulo,3550308,True,,34109,,,-23.530864625,-46.660940125,,,,2,2023-06-15T01:17:36+00:00
SAO_875P-10,São Paulo,3550308,True,,34109,,,-23.560323750000002,-46.65763200000001,,,,2,2023-06-15T01:17:38+00:00
SAO_875P-10,São Paulo,3550308,True,,34109,,,-23.5726905,-46.64275,,,,2,2023-06-15T01:17:30+00:00
SAO_875P-10,São Paulo,3550308,True,,34109,,,-23.5730915,-46.642564,,,,2,2023-06-15T01:17:19+00:00
SAO_875P-10,São Paulo,3550308,True,,34109,,,-23.5326715,-46.662325,,,,2,2023-06-15T01:17:23+00:00
SAO_4221-10,São Paulo,3550308,True,,325,,,-23.604184500000002,-46.5162285,,,,1,2023-06-15T01:17:37+00:00
SAO_4221-10,São Paulo,3550308,True,,325,,,-23.54620025,-46.63007,,,,1,2023-06-15T01:17:00+00:00
SAO_6003-21,São Paulo,3550308,True,,2576,,,-23.764575999999998,-46.716338,,,,1,2023-06-15T01:17:17+00:00
SAO_6003-21,São Paulo,3550308,True,,2576,,,-23.75446125,-46.7099905,,,,1,2023-06-15T01:17:22+00:00
SAO_6003-21,São Paulo,3550308,True,,2576,,,-23.766613,-46.71643,,,,1,2023-06-15T01:17:01+00:00
SAO_6028-10,São Paulo,3550308,True,,1211,,,-23.653841,-46.710967,,,,1,2023-06-15T01:17:34+00:00
SAO_6028-10,São Paulo,3550308,True,,1211,,,-23.666982750000003,-46.7235025,,,,1,2023-06-15T01:17:30+00:00
SAO_6028-10,São Paulo,3550308,True,,1211,,,-23.691702499999998,-46.75991925,,,,1,2023-06-15T01:17:21+00:00
SAO_6028-10,São Paulo,3550308,True,,1211,,,-23.685602,-46.740301,,,,1,2023-06-15T01:17:02+00:00
SAO_5701-10,São Paulo,3550308,True,,33904,,,-23.6425935,-46.6443325,,,,2,2023-06-15T01:17:39+00:00
SAO_5701-10,São Paulo,3550308,True,,33904,,,-23.6244055,-46.683263499999995,,,,2,2023-06-15T01:15:33+00:00
SAO_5701-10,São Paulo,3550308,True,,33904,,,-23.650844375,-46.65315025,,,,2,2023-06-15T01:17:21+00:00
SAO_5701-10,São Paulo,3550308,True,,33904,,,-23.618764499999997,-46.698312,,,,2,2023-06-15T01:17:33+00:00
SAO_5701-10,São Paulo,3550308,True,,33904,,,-23.6247475,-46.682837500000005,,,,2,2023-06-15T01:17:40+00:00
SAO_5701-10,São Paulo,3550308,True,,33904,,,-23.648661500000003,-46.662073500000005,,,,2,2023-06-15T01:17:18+00:00
SAO_5701-10,São Paulo,3550308,True,,33904,,,-23.618764499999997,-46.698312,,,,2,2023-06-15T01:16:56+00:00
SAO_5701-10,São Paulo,3550308,True,,33904,,,-23.618764499999997,-46.698312,,,,2,2023-06-15T01:17:16+00:00
SAO_695H-10,São Paulo,3550308,True,,33964,,,-23.656375875000002,-46.7074965,,,,2,2023-06-15T01:17:10+00:00
SAO_695H-10,São Paulo,3550308,True,,33964,,,-23.78837,-46.715108,,,,2,2023-06-15T01:17:18+00:00
SAO_695H-10,São Paulo,3550308,True,,33964,,,-23.660927,-46.707567499999996,,,,2,2023-06-15T01:17:12+00:00
SAO_695H-10,São Paulo,3550308,True,,33964,,,-23.658618500000003,-46.706303,,,,2,2023-06-15T01:17:16+00:00
SAO_695H-10,São Paulo,3550308,True,,33964,,,-23.748907250000002,-46.709267,,,,2,2023-06-15T01:17:02+00:00
SAO_695H-10,São Paulo,3550308,True,,33964,,,-23.6613095,-46.707041,,,,2,2023-06-15T01:17:08+00:00
SAO_5128-10,São Paulo,3550308,True,,1128,,,-23.6503715,-46.6402675,,,,1,2023-06-15T01:17:23+00:00
SAO_5128-10,São Paulo,3550308,True,,1128,,,-23.6366175,-46.641171,,,,1,2023-06-15T01:16:59+00:00
SAO_5128-10,São Paulo,3550308,True,,1128,,,-23.699939999999998,-46.641423,,,,1,2023-06-15T01:17:13+00:00
SAO_5128-10,São Paulo,3550308,True,,1128,,,-23.6957005,-46.649823999999995,,,,1,2023-06-15T01:15:46+00:00
SAO_2182-10,São Paulo,3550308,True,STT,700,https://moovitapp.com/index/pt-br/transporte_p%C3%BAblico-line-700-Sao_Paulo-242-850661-183337-0,5.3,-23.533794999999998,-46.602639874999994,,,,1,2023-06-15T01:17:25+00:00
SAO_2182-10,São Paulo,3550308,True,STT,700,https://moovitapp.com/index/pt-br/transporte_p%C3%BAblico-line-700-Sao_Paulo-242-850661-183337-0,5.3,-23.539545000000004,-46.63221725,,,,1,2023-06-15T01:17:35+00:00
SAO_2182-10,São Paulo,3550308,True,STT,700,https://moovitapp.com/index/pt-br/transporte_p%C3%BAblico-line-700-Sao_Paulo-242-850661-183337-0,5.3,-23.53931525,-46.6086885,,,,1,2023-06-15T01:14:52+00:00
SAO_2182-10,São Paulo,3550308,True,STT,700,https://moovitapp.com/index/pt-br/transporte_p%C3%BAblico-line-700-Sao_Paulo-242-850661-183337-0,5.3,-23.497451,-46.574927875,,,,1,2023-06-15T01:11:57+00:00
SAO_4312-10,São Paulo,3550308,True,,2172,,,-23.552064,-46.620799625000004,,,,1,2023-06-15T01:17:08+00:00
SAO_4312-10,São Paulo,3550308,True,,2172,,,-23.5465995,-46.50384875,,,,1,2023-06-15T01:17:11+00:00
SAO_4312-10,São Paulo,3550308,True,,2172,,,-23.54645675,-46.629903999999996,,,,1,2023-06-15T01:17:39+00:00
SAO_4312-10,São Paulo,3550308,True,,2172,,,-23.554313,-46.491979,,,,1,2023-06-15T01:16:57+00:00
SAO_4312-10,São Paulo,3550308,True,,2172,,,-23.5702925,-46.489608000000004,,,,1,2023-06-15T01:17:09+00:00
SAO_7059-10,São Paulo,3550308,True,,34692,,,-23.644125,-46.77959,,,,2,2023-06-15T01:17:22+00:00
SAO_7059-10,São Paulo,3550308,True,,34692,,,-23.662014499999998,-46.7892645,,,,2,2023-06-15T01:17:16+00:00
SAO_2012-10,São Paulo,3550308,True,,35049,,,-23.5092225,-46.6166215,,,,2,2023-06-15T01:13:58+00:00
SAO_2012-10,São Paulo,3550308,True,,35049,,,-23.489909,-46.5852005,,,,2,2023-06-15T01:15:28+00:00
SAO_6L01-10,São Paulo,3550308,True,,33939,,,-23.833469625,-46.73071475,,,,2,2023-06-15T01:17:23+00:00
SAO_6L01-10,São Paulo,3550308,True,,33939,,,-23.8036885,-46.7348355,,,,2,2023-06-15T01:17:38+00:00
SAO_6L01-10,São Paulo,3550308,True,,33939,,,-23.90679,-46.708217000000005,,,,2,2023-06-15T01:17:39+00:00
SAO_6L01-10,São Paulo,3550308,True,,33939,,,-23.90679,-46.708217000000005,,,,2,2023-06-15T01:17:32+00:00
SAO_6L01-10,São Paulo,3550308,True,,33939,,,-23.771057,-46.718817,,,,2,2023-06-15T01:17:34+00:00
SAO_6L01-10,São Paulo,3550308,True,,33939,,,-23.8706675,-46.738727999999995,,,,2,2023-06-15T01:17:03+00:00
SAO_2704-10,São Paulo,3550308,True,,33684,,,-23.521500500000002,-46.412399,,,,2,2023-06-15T01:16:29+00:00
SAO_2704-10,São Paulo,3550308,True,,33684,,,-23.5382355,-46.456368,,,,2,2023-06-15T01:17:30+00:00
SAO_2704-10,São Paulo,3550308,True,,33684,,,-23.5218955,-46.4185915,,,,2,2023-06-15T01:16:52+00:00
SAO_2704-10,São Paulo,3550308,True,,33684,,,-23.5421205,-46.471834,,,,2,2023-06-15T01:08:34+00:00
SAO_3414-10,São Paulo,3550308,True,,33514,,,-23.5344645,-46.545309,,,,2,2023-06-15T01:17:35+00:00
SAO_3414-10,São Paulo,3550308,True,,33514,,,-23.536568000000003,-46.5270535,,,,2,2023-06-15T01:17:09+00:00
SAO_3414-10,São Paulo,3550308,True,,33514,,,-23.5444565,-46.521542,,,,2,2023-06-15T01:17:20+00:00
SAO_3414-10,São Paulo,3550308,True,,33514,,,-23.55231475,-46.6215995,,,,2,2023-06-15T01:17:17+00:00
SAO_6041-21,São Paulo,3550308,True,,34517,,,-23.644073499999998,-46.7327905,,,,2,2023-06-15T01:17:27+00:00
SAO_5109-10,São Paulo,3550308,True,,34619,,,-23.546847,-46.6291015,,,,2,2023-06-15T01:17:15+00:00
SAO_5109-10,São Paulo,3550308,True,,34619,,,-23.55972825,-46.6138405,,,,2,2023-06-15T01:17:29+00:00
SAO_5109-10,São Paulo,3550308,True,,34619,,,-23.547353,-46.6287365,,,,2,2023-06-15T01:17:28+00:00
SAO_2007-10,São Paulo,3550308,True,,896,,,-23.508315500000002,-46.3686815,,,,1,2023-06-15T01:11:59+00:00
SAO_2007-10,São Paulo,3550308,True,,896,,,-23.495033499999998,-46.402933000000004,,,,1,2023-06-15T01:16:59+00:00
SAO_2007-10,São Paulo,3550308,True,,896,,,-23.5039705,-46.384207,,,,1,2023-06-15T01:16:56+00:00
SAO_2007-10,São Paulo,3550308,True,,896,,,-23.494926,-46.4031775,,,,1,2023-06-15T01:17:19+00:00
SAO_2007-10,São Paulo,3550308,True,,896,,,-23.510203,-46.3698615,,,,1,2023-06-15T01:17:27+00:00
SAO_2007-10,São Paulo,3550308,True,,896,,,-23.4980325,-46.3824775,,,,1,2023-06-15T01:16:41+00:00
SAO_2007-10,São Paulo,3550308,True,,896,,,-23.4944385,-46.39990400000001,,,,1,2023-06-15T01:17:30+00:00
SAO_6047-10,São Paulo,3550308,True,,1224,,,-23.661125,-46.7543255,,,,1,2023-06-15T01:17:36+00:00
SAO_6047-10,São Paulo,3550308,True,,1224,,,-23.64471425,-46.726479,,,,1,2023-06-15T01:17:33+00:00
SAO_6047-10,São Paulo,3550308,True,,1224,,,-23.649793,-46.708727499999995,,,,1,2023-06-15T01:17:38+00:00
SAO_2029-10,São Paulo,3550308,True,,2270,,,-23.4350765,-46.581492999999995,,,,1,2023-06-15T01:17:23+00:00
SAO_3686-10,São Paulo,3550308,True,,32934,,,-23.5313375,-46.518973,,,,2,2023-06-15T01:17:13+00:00
SAO_3686-10,São Paulo,3550308,True,,32934,,,-23.5388755,-46.568101,,,,2,2023-06-15T01:17:39+00:00
SAO_3686-10,São Paulo,3550308,True,,32934,,,-23.55986625,-46.40348975,,,,2,2023-06-15T01:17:32+00:00
SAO_3686-10,São Paulo,3550308,True,,32934,,,-23.559947,-46.4038685,,,,2,2023-06-15T01:17:36+00:00
SAO_3686-10,São Paulo,3550308,True,,32934,,,-23.536448,-46.453063,,,,2,2023-06-15T01:17:35+00:00
SAO_3686-10,São Paulo,3550308,True,,32934,,,-23.53153475,-46.446245875,,,,2,2023-06-15T01:16:37+00:00
SAO_3686-10,São Paulo,3550308,True,,32934,,,-23.543858,-46.410825,,,,2,2023-06-15T01:14:27+00:00
SAO_3686-10,São Paulo,3550308,True,,32934,,,-23.551464000000003,-46.6277155,,,,2,2023-06-15T01:17:21+00:00
SAO_1012-10,São Paulo,3550308,True,,35254,,,-23.4355095,-46.791484999999994,,,,2,2023-06-15T01:17:31+00:00
SAO_1012-10,São Paulo,3550308,True,,35254,,,-23.444295,-46.799409,,,,2,2023-06-15T01:16:53+00:00
SAO_1012-10,São Paulo,3550308,True,,35254,,,-23.4350905,-46.7920215,,,,2,2023-06-15T01:16:56+00:00
SAO_1012-10,São Paulo,3550308,True,,35254,,,-23.4445685,-46.799499499999996,,,,2,2023-06-15T01:17:16+00:00
SAO_1012-10,São Paulo,3550308,True,,35254,,,-23.437933,-46.8025715,,,,2,2023-06-15T01:17:34+00:00
SAO_5103-10,São Paulo,3550308,True,,34414,,,-23.597043999999997,-46.643537375,,,,2,2023-06-15T01:17:15+00:00
SAO_5103-10,São Paulo,3550308,True,,34414,,,-23.609126875,-46.661330375,,,,2,2023-06-15T01:17:20+00:00
SAO_5103-10,São Paulo,3550308,True,,34414,,,-23.60223775,-46.61006825,,,,2,2023-06-15T01:17:27+00:00
SAO_5103-10,São Paulo,3550308,True,,34414,,,-23.603656,-46.6035635,,,,2,2023-06-15T01:15:06+00:00
SAO_5103-10,São Paulo,3550308,True,,34414,,,-23.602046625,-46.607735500000004,,,,2,2023-06-15T01:17:19+00:00
SAO_172Y-10,São Paulo,3550308,True,,862,,,-23.505260999999997,-46.5945215,,,,1,2023-06-15T01:17:03+00:00
SAO_172Y-10,São Paulo,3550308,True,,862,,,-23.5416595,-46.58983475,,,,1,2023-06-15T01:17:38+00:00
SAO_172Y-10,São Paulo,3550308,True,,862,,,-23.5127015,-46.585348499999995,,,,1,2023-06-15T01:17:21+00:00
SAO_5300-10,São Paulo,3550308,True,EMTU,354,https://moovitapp.com/index/pt-br/transporte_p%C3%BAblico-line-354-Sao_Paulo-242-2038937-36419437-0,7.55,-23.601248999999996,-46.659907625,,,,1,2023-06-15T01:17:38+00:00
SAO_5300-10,São Paulo,3550308,True,EMTU,354,https://moovitapp.com/index/pt-br/transporte_p%C3%BAblico-line-354-Sao_Paulo-242-2038937-36419437-0,7.55,-23.547232,-46.631992499999996,,,,1,2023-06-15T01:17:29+00:00
SAO_5300-10,São Paulo,3550308,True,EMTU,354,https://moovitapp.com/index/pt-br/transporte_p%C3%BAblico-line-354-Sao_Paulo-242-2038937-36419437-0,7.55,-23.62182025,-46.679286,,,,1,2023-06-15T01:17:23+00:00
SAO_5300-10,São Paulo,3550308,True,EMTU,354,https://moovitapp.com/index/pt-br/transporte_p%C3%BAblico-line-354-Sao_Paulo-242-2038937-36419437-0,7.55,-23.654195,-46.711744499999995,,,,1,2023-06-15T01:17:33+00:00
SAO_5300-10,São Paulo,3550308,True,EMTU,354,https://moovitapp.com/index/pt-br/transporte_p%C3%BAblico-line-354-Sao_Paulo-242-2038937-36419437-0,7.55,-23.556327,-46.63749625,,,,1,2023-06-15T01:17:30+00:00
SAO_5300-10,São Paulo,3550308,True,EMTU,354,https://moovitapp.com/index/pt-br/transporte_p%C3%BAblico-line-354-Sao_Paulo-242-2038937-36419437-0,7.55,-23.654195,-46.711744499999995,,,,1,2023-06-15T01:16:59+00:00
SAO_5300-10,São Paulo,3550308,True,EMTU,354,https://moovitapp.com/index/pt-br/transporte_p%C3%BAblico-line-354-Sao_Paulo-242-2038937-36419437-0,7.55,-23.654195,-46.711744499999995,,,,1,2023-06-15T01:17:30+00:00
SAO_3735-41,São Paulo,3550308,True,,34688,,,-23.543460500000002,-46.4873265,,,,2,2023-06-15T01:16:58+00:00
SAO_2201-10,São Paulo,3550308,True,,33677,,,-23.541739999999997,-46.4162575,,,,2,2023-06-15T01:17:16+00:00
SAO_2201-10,São Paulo,3550308,True,,33677,,,-23.535989999999998,-46.402924999999996,,,,2,2023-06-15T01:17:13+00:00
SAO_2201-10,São Paulo,3550308,True,,33677,,,-23.533054999999997,-46.39453999999999,,,,2,2023-06-15T01:16:27+00:00
SAO_2201-10,São Paulo,3550308,True,,33677,,,-23.534149,-46.3992765,,,,2,2023-06-15T01:16:45+00:00
SAO_695V-10,São Paulo,3550308,True,,8,,,-23.5980671875,-46.656920562500005,,,,1,2023-06-15T01:17:16+00:00
SAO_695V-10,São Paulo,3550308,True,,8,,,-23.64511875,-46.715324249999995,,,,1,2023-06-15T01:17:30+00:00
SAO_4729-10,São Paulo,3550308,True,,1108,,,-23.580885000000002,-46.5493575,,,,1,2023-06-15T01:17:18+00:00
SAO_4729-10,São Paulo,3550308,True,,1108,,,-23.5427345,-46.591100999999995,,,,1,2023-06-15T01:17:29+00:00
SAO_4729-10,São Paulo,3550308,True,,1108,,,-23.5884785,-46.532263,,,,1,2023-06-15T01:17:28+00:00
SAO_4729-10,São Paulo,3550308,True,,1108,,,-23.546960499999997,-46.583724875,,,,1,2023-06-15T01:17:13+00:00
SAO_978J-10,São Paulo,3550308,True,,33359,,,-23.471646,-46.724875,,,,2,2023-06-15T01:16:51+00:00
SAO_978J-10,São Paulo,3550308,True,,33359,,,-23.436899500000003,-46.739963,,,,2,2023-06-15T01:17:30+00:00
SAO_978J-10,São Paulo,3550308,True,,33359,,,-23.523056500000003,-46.68789162499999,,,,2,2023-06-15T01:17:11+00:00
SAO_978J-10,São Paulo,3550308,True,,33359,,,-23.436899500000003,-46.739963,,,,2,2023-06-15T01:17:26+00:00
SAO_978J-10,São Paulo,3550308,True,,33359,,,-23.4371345,-46.740109000000004,,,,2,2023-06-15T01:17:21+00:00
SAO_978J-10,São Paulo,3550308,True,,33359,,,-23.4940865,-46.70895350000001,,,,2,2023-06-15T01:17:38+00:00
SAO_978J-10,São Paulo,3550308,True,,33359,,,-23.448806124999997,-46.72165625000001,,,,2,2023-06-15T01:17:12+00:00
SAO_9162-10,São Paulo,3550308,True,,34133,,,-23.4920805,-46.6597455,,,,2,2023-06-15T01:17:36+00:00
SAO_9162-10,São Paulo,3550308,True,,34133,,,-23.472202000000003,-46.6830555,,,,2,2023-06-15T01:17:20+00:00
SAO_6045-21,São Paulo,3550308,True,,34932,,,-23.68005675,-46.781242625000004,,,,2,2023-06-15T01:17:31+00:00
SAO_6045-21,São Paulo,3550308,True,,34932,,,-23.698768,-46.796265500000004,,,,2,2023-06-15T01:17:07+00:00
SAO_6045-21,São Paulo,3550308,True,,34932,,,-23.656517,-46.763396,,,,2,2023-06-15T01:17:25+00:00
SAO_PAEC-10,São Paulo,3550308,True,,34190,,,-23.469840749999996,-46.57389675,,,,2,2023-06-15T01:17:37+00:00
SAO_PAEC-10,São Paulo,3550308,True,,34190,,,-23.503025,-46.6242335,,,,2,2023-06-15T01:17:37+00:00
SAO_6072-23,São Paulo,3550308,True,,34772,,,-23.7669725,-46.721113,,,,2,2023-06-15T01:17:18+00:00
SAO_6072-23,São Paulo,3550308,False,,34772,,,-23.7710675,-46.723504750000004,,,,2,2023-06-15T01:17:09+00:00
SAO_9012-10,São Paulo,3550308,True,,1268,,,-23.47168525,-46.68244,,,,1,2023-06-15T01:17:07+00:00
SAO_407Y-10,São Paulo,3550308,True,,34974,,,-23.58598525,-46.584396500000004,,,,2,2023-06-15T01:16:56+00:00
SAO_407Y-10,São Paulo,3550308,True,,34974,,,-23.57464975,-46.5138855,,,,2,2023-06-15T01:17:12+00:00
SAO_407Y-10,São Paulo,3550308,True,,34974,,,-23.577122,-46.5259035,,,,2,2023-06-15T01:15:31+00:00
SAO_4032-10,São Paulo,3550308,True,,1102,,,-23.598511000000002,-46.639717000000005,,,,1,2023-06-15T01:17:12+00:00
SAO_4032-10,São Paulo,3550308,True,,1102,,,-23.6062845,-46.648700250000005,,,,1,2023-06-15T01:17:31+00:00
SAO_4032-10,São Paulo,3550308,True,,1102,,,-23.62225,-46.627363,,,,1,2023-06-15T01:17:12+00:00
SAO_3003-10,São Paulo,3550308,True,,34565,,,-23.49048,-46.426250249999995,,,,2,2023-06-15T01:17:12+00:00
SAO_3003-10,São Paulo,3550308,True,,34565,,,-23.475255500000003,-46.424809499999995,,,,2,2023-06-15T01:14:10+00:00
SAO_3789-10,São Paulo,3550308,True,,1067,,,-23.593611,-46.40632925,,,,1,2023-06-15T01:17:30+00:00
SAO_3789-10,São Paulo,3550308,True,,1067,,,-23.608026000000002,-46.399876,,,,1,2023-06-15T01:17:20+00:00
SAO_3789-10,São Paulo,3550308,True,,1067,,,-23.542407,-46.469709,,,,1,2023-06-15T00:51:53+00:00
SAO_3789-10,São Paulo,3550308,True,,1067,,,-23.5671295,-46.4637155,,,,1,2023-06-15T01:17:33+00:00
SAO_3789-10,São Paulo,3550308,True,,1067,,,-23.569126500000003,-46.447911500000004,,,,1,2023-06-15T01:17:09+00:00
SAO_3789-10,São Paulo,3550308,True,,1067,,,-23.544878,-46.4671205,,,,1,2023-06-15T01:17:41+00:00
SAO_3789-10,São Paulo,3550308,True,,1067,,,-23.594976,-46.4324085,,,,1,2023-06-15T01:17:12+00:00
SAO_8252-10,São Paulo,3550308,True,,1248,,,-23.527012499999998,-46.681565750000004,,,,1,2023-06-15T01:16:58+00:00
SAO_675N-10,São Paulo,3550308,True,,33130,,,-23.61185375,-46.695358999999996,,,,2,2023-06-15T01:17:40+00:00
SAO_675N-10,São Paulo,3550308,True,,33130,,,-23.596595,-46.691214,,,,2,2023-06-15T01:17:12+00:00
SAO_675N-10,São Paulo,3550308,True,,33130,,,-23.595578125000003,-46.69070275,,,,2,2023-06-15T01:17:38+00:00
SAO_675N-10,São Paulo,3550308,True,,33130,,,-23.612644250000002,-46.6956455,,,,2,2023-06-15T01:17:38+00:00
SAO_675N-10,São Paulo,3550308,True,,33130,,,-23.595456375,-46.688407624999996,,,,2,2023-06-15T01:17:00+00:00
SAO_675N-10,São Paulo,3550308,True,,33130,,,-23.594174125000002,-46.653408,,,,2,2023-06-15T01:17:08+00:00
SAO_675N-10,São Paulo,3550308,True,,33130,,,-23.5969345,-46.68561475,,,,2,2023-06-15T01:17:41+00:00
SAO_4053-10,São Paulo,3550308,True,,2146,,,-23.5590895,-46.399975,,,,1,2023-06-15T01:17:28+00:00
SAO_4053-10,São Paulo,3550308,True,,2146,,,-23.542544,-46.4158275,,,,1,2023-06-15T01:17:20+00:00
SAO_4053-10,São Paulo,3550308,True,,2146,,,-23.549426,-46.398306000000005,,,,1,2023-06-15T01:17:37+00:00
SAO_4053-10,São Paulo,3550308,True,,2146,,,-23.557471,-46.398163,,,,1,2023-06-15T01:16:32+00:00
SAO_4053-10,São Paulo,3550308,True,,2146,,,-23.5590895,-46.399975,,,,1,2023-06-15T01:17:32+00:00
SAO_805L-10,São Paulo,3550308,True,EMTU,124,https://moovitapp.com/index/pt-br/transporte_p%C3%BAblico-line-124-Sao_Paulo-242-2038937-36419282-0,5.15,-23.554226999999997,-46.63318775,,,,1,2023-06-15T01:17:16+00:00
SAO_805L-10,São Paulo,3550308,True,EMTU,124,https://moovitapp.com/index/pt-br/transporte_p%C3%BAblico-line-124-Sao_Paulo-242-2038937-36419282-0,5.15,-23.534672999999998,-46.6441935,,,,1,2023-06-15T01:16:57+00:00
SAO_4706-10,São Paulo,3550308,True,,299,,,-23.6228495,-46.607651625,,,,1,2023-06-15T01:17:35+00:00
SAO_4001-10,São Paulo,3550308,True,,34944,,,-23.5565945,-46.5186105,,,,2,2023-06-15T01:17:26+00:00
SAO_4001-10,São Paulo,3550308,True,,34944,,,-23.5493035,-46.5069275,,,,2,2023-06-15T01:15:37+00:00
SAO_4001-10,São Paulo,3550308,True,,34944,,,-23.543372125,-46.451800125000005,,,,2,2023-06-15T01:17:36+00:00
SAO_4028-10,São Paulo,3550308,True,,33866,,,-23.629156000000002,-46.455473999999995,,,,2,2023-06-15T01:17:05+00:00
SAO_4028-10,São Paulo,3550308,True,,33866,,,-23.641942999999998,-46.438282,,,,2,2023-06-15T01:17:06+00:00
SAO_4028-10,São Paulo,3550308,True,,33866,,,-23.611891999999997,-46.4742795,,,,2,2023-06-15T01:17:10+00:00
SAO_4028-10,São Paulo,3550308,True,,33866,,,-23.5919936875,-46.489023062499996,,,,2,2023-06-15T01:17:31+00:00
SAO_2709-10,São Paulo,3550308,True,,33690,,,-23.52595775,-46.483309000000006,,,,2,2023-06-15T01:16:42+00:00
SAO_2709-10,São Paulo,3550308,True,,33690,,,-23.533782,-46.488301750000005,,,,2,2023-06-15T01:17:00+00:00
SAO_2709-10,São Paulo,3550308,True,,33690,,,-23.5212745,-46.482258,,,,2,2023-06-15T01:16:50+00:00
SAO_6455-10,São Paulo,3550308,True,,32831,,,-23.651277,-46.757588999999996,,,,2,2023-06-15T01:17:40+00:00
SAO_6455-10,São Paulo,3550308,True,,32831,,,-23.606495375,-46.665043250000004,,,,2,2023-06-15T01:17:19+00:00
SAO_6455-10,São Paulo,3550308,True,,32831,,,-23.635609249999998,-46.69243575,,,,2,2023-06-15T01:17:40+00:00
SAO_6455-10,São Paulo,3550308,True,,32831,,,-23.6546575,-46.761719,,,,2,2023-06-15T01:17:21+00:00
SAO_6455-10,São Paulo,3550308,True,,32831,,,-23.654559499999998,-46.761131500000005,,,,2,2023-06-15T01:17:41+00:00
SAO_6455-10,São Paulo,3550308,True,,32831,,,-23.642930749999998,-46.736292000000006,,,,2,2023-06-15T01:17:26+00:00
SAO_6046-10,São Paulo,3550308,True,,1223,,,-23.65462525,-46.7603225,,,,1,2023-06-15T01:17:35+00:00
SAO_6046-10,São Paulo,3550308,True,,1223,,,-23.684711,-46.7822195,,,,1,2023-06-15T01:17:17+00:00
SAO_6046-10,São Paulo,3550308,True,,1223,,,-23.684711,-46.7822195,,,,1,2023-06-15T01:17:10+00:00
SAO_5021-10,São Paulo,3550308,True,,34435,,,-23.6278965,-46.61908,,,,2,2023-06-15T01:17:28+00:00
SAO_5021-10,São Paulo,3550308,True,,34435,,,-23.629141,-46.618639,,,,2,2023-06-15T01:17:13+00:00
SAO_5021-10,São Paulo,3550308,True,,34435,,,-23.60218675,-46.60949925,,,,2,2023-06-15T01:17:09+00:00
SAO_5021-10,São Paulo,3550308,True,,34435,,,-23.629689,-46.618383,,,,2,2023-06-15T01:17:29+00:00
SAO_605A-10,São Paulo,3550308,True,,35290,,,-23.64552125,-46.635225250000005,,,,2,2023-06-15T01:17:30+00:00
SAO_605A-10,São Paulo,3550308,True,,35290,,,-23.6454445,-46.636382,,,,2,2023-06-15T01:17:07+00:00
SAO_605A-10,São Paulo,3550308,True,,35290,,,-23.648921,-46.632172,,,,2,2023-06-15T01:17:33+00:00
SAO_6075-10,São Paulo,3550308,True,,33930,,,-23.77306925,-46.720437,,,,2,2023-06-15T01:17:41+00:00
SAO_6075-10,São Paulo,3550308,True,,33930,,,-23.7931755,-46.7289665,,,,2,2023-06-15T01:17:35+00:00
SAO_6075-10,São Paulo,3550308,True,,33930,,,-23.79731,-46.737770999999995,,,,2,2023-06-15T01:17:00+00:00
SAO_6075-10,São Paulo,3550308,True,,33930,,,-23.797689499999997,-46.7382825,,,,2,2023-06-15T01:17:16+00:00
SAO_6075-10,São Paulo,3550308,True,,33930,,,-23.7975025,-46.737959000000004,,,,2,2023-06-15T01:17:34+00:00
SAO_513C-31,São Paulo,3550308,True,,35304,,,-23.612553,-46.4794215,,,,2,2023-06-15T01:16:56+00:00
SAO_695Y-21,São Paulo,3550308,True,,34390,,,-23.814573375,-46.735286375,,,,2,2023-06-15T01:17:23+00:00
SAO_695Y-21,São Paulo,3550308,True,,34390,,,-23.7767835,-46.723025500000006,,,,2,2023-06-15T01:17:15+00:00
SAO_695Y-21,São Paulo,3550308,True,,34390,,,-23.8287635,-46.7226395,,,,2,2023-06-15T01:17:09+00:00
SAO_695Y-21,São Paulo,3550308,True,,34390,,,-23.7187535,-46.698841,,,,2,2023-06-15T01:17:13+00:00
SAO_6031-10,São Paulo,3550308,True,,92,,,-23.755201,-46.709228499999995,,,,1,2023-06-15T01:17:41+00:00
SAO_6031-10,São Paulo,3550308,True,,92,,,-23.757741625,-46.702620625,,,,1,2023-06-15T01:17:26+00:00
SAO_6031-10,São Paulo,3550308,True,,92,,,-23.754704,-46.709073000000004,,,,1,2023-06-15T01:17:01+00:00
SAO_6031-10,São Paulo,3550308,True,,92,,,-23.737971,-46.6978485,,,,1,2023-06-15T01:17:18+00:00
SAO_6031-10,São Paulo,3550308,True,,92,,,-23.7380205,-46.697914499999996,,,,1,2023-06-15T01:16:50+00:00
SAO_6031-10,São Paulo,3550308,True,,92,,,-23.7379535,-46.697821,,,,1,2023-06-15T01:16:42+00:00
SAO_5759-10,São Paulo,3550308,True,,1138,,,-23.6578545,-46.655189,,,,1,2023-06-15T01:17:16+00:00
SAO_5759-10,São Paulo,3550308,True,,1138,,,-23.677034,-46.65889975,,,,1,2023-06-15T01:17:25+00:00
SAO_2551-10,São Paulo,3550308,True,EMTU,141,https://moovitapp.com/index/pt-br/transporte_p%C3%BAblico-line-141-Sao_Paulo-242-2038937-36419292-0,8.15,-23.544655,-46.630301,,,,1,2023-06-15T01:16:44+00:00
SAO_2551-10,São Paulo,3550308,True,EMTU,141,https://moovitapp.com/index/pt-br/transporte_p%C3%BAblico-line-141-Sao_Paulo-242-2038937-36419292-0,8.15,-23.4999295,-46.52546825,,,,1,2023-06-15T01:17:21+00:00
SAO_2551-10,São Paulo,3550308,True,EMTU,141,https://moovitapp.com/index/pt-br/transporte_p%C3%BAblico-line-141-Sao_Paulo-242-2038937-36419292-0,8.15,-23.519504375,-46.549013375,,,,1,2023-06-15T01:17:26+00:00
SAO_6083-10,São Paulo,3550308,True,,1733,,,-23.75349325,-46.668608250000005,,,,1,2023-06-15T01:17:22+00:00
SAO_6083-10,São Paulo,3550308,True,,1733,,,-23.7535935,-46.6877865,,,,1,2023-06-15T01:17:23+00:00
SAO_6083-10,São Paulo,3550308,True,,1733,,,-23.7363815,-46.696515000000005,,,,1,2023-06-15T01:17:40+00:00
SAO_577T-10,São Paulo,3550308,True,,1291,,,-23.675947999999998,-46.642047500000004,,,,1,2023-06-15T01:17:35+00:00
SAO_577T-10,São Paulo,3550308,True,,1291,,,-23.605085000000003,-46.636889499999995,,,,1,2023-06-15T01:17:02+00:00
SAO_577T-10,São Paulo,3550308,True,,1291,,,-23.611379499999998,-46.6378325,,,,1,2023-06-15T01:16:57+00:00
SAO_577T-10,São Paulo,3550308,True,,1291,,,-23.633386750000003,-46.644197625000004,,,,1,2023-06-15T01:17:22+00:00
SAO_5033-10,São Paulo,3550308,True,,1665,,,-23.633097,-46.613592749999995,,,,1,2023-06-15T01:17:12+00:00
SAO_1773-10,São Paulo,3550308,True,,33405,,,-23.4385845,-46.5835835,,,,2,2023-06-15T01:17:18+00:00
SAO_1773-10,São Paulo,3550308,True,,33405,,,-23.489327250000002,-46.625061,,,,2,2023-06-15T01:17:14+00:00
SAO_1773-10,São Paulo,3550308,True,,33405,,,-23.48203575,-46.61289375,,,,2,2023-06-15T01:17:32+00:00
SAO_1773-10,São Paulo,3550308,True,,33405,,,-23.441848999999998,-46.588781499999996,,,,2,2023-06-15T01:17:33+00:00
SAO_4056-10,São Paulo,3550308,True,,35005,,,-23.605681,-46.44973949999999,,,,2,2023-06-15T01:17:15+00:00
SAO_4056-10,São Paulo,3550308,True,,35005,,,-23.612665,-46.476373499999994,,,,2,2023-06-15T01:14:26+00:00
SAO_4056-10,São Paulo,3550308,True,,35005,,,-23.60949,-46.459374499999996,,,,2,2023-06-15T01:17:02+00:00
SAO_4056-10,São Paulo,3550308,True,,35005,,,-23.612665,-46.476373499999994,,,,2,2023-06-15T01:17:36+00:00
SAO_4056-10,São Paulo,3550308,True,,35005,,,-23.6063585,-46.45055025,,,,2,2023-06-15T01:17:28+00:00
SAO_6818-10,São Paulo,3550308,True,BR7 Mobilidade,28,https://moovitapp.com/index/pt-br/transporte_p%C3%BAblico-line-28-Sao_Paulo-242-851856-596008-0,5.75,-23.6549115,-46.770806500000006,,,,1,2023-06-15T01:17:01+00:00
SAO_6818-10,São Paulo,3550308,True,BR7 Mobilidade,28,https://moovitapp.com/index/pt-br/transporte_p%C3%BAblico-line-28-Sao_Paulo-242-851856-596008-0,5.75,-23.653596750000002,-46.76351725,,,,1,2023-06-15T01:17:40+00:00
SAO_513L-10,São Paulo,3550308,True,,34423,,,-23.581067375,-46.591447,,,,2,2023-06-15T01:17:40+00:00
SAO_513L-10,São Paulo,3550308,True,,34423,,,-23.543478999999998,-46.59378,,,,2,2023-06-15T01:13:37+00:00
SAO_513L-10,São Paulo,3550308,True,,34423,,,-23.58200075,-46.598304,,,,2,2023-06-15T01:17:30+00:00
SAO_857C-10,São Paulo,3550308,True,,1901,,,-23.644852625,-46.72260862499999,,,,1,2023-06-15T01:17:37+00:00
SAO_857C-10,São Paulo,3550308,True,,1901,,,-23.630274749999998,-46.67310725,,,,1,2023-06-15T01:17:17+00:00
SAO_857C-10,São Paulo,3550308,True,,1901,,,-23.64541,-46.763852,,,,1,2023-06-15T01:17:27+00:00
SAO_857C-10,São Paulo,3550308,True,,1901,,,-23.632448,-46.646955,,,,1,2023-06-15T01:16:57+00:00
SAO_6262-10,São Paulo,3550308,True,,1371,,,-23.569746000000002,-46.661517625,,,,1,2023-06-15T01:17:10+00:00
SAO_6262-10,São Paulo,3550308,True,,1371,,,-23.548067,-46.716314499999996,,,,1,2023-06-15T01:17:31+00:00
SAO_5164-21,São Paulo,3550308,True,,1616,,,-23.589955749999998,-46.6512095,,,,1,2023-06-15T01:17:07+00:00
SAO_5164-21,São Paulo,3550308,True,,1616,,,-23.651657999999998,-46.6478045,,,,1,2023-06-15T01:17:02+00:00
SAO_5164-21,São Paulo,3550308,True,,1616,,,-23.609718,-46.637817749999996,,,,1,2023-06-15T01:17:01+00:00
SAO_6400-10,São Paulo,3550308,True,,57,,,-23.62766125,-46.68821275,,,,1,2023-06-15T01:17:36+00:00
SAO_6400-10,São Paulo,3550308,True,,57,,,-23.630678500000002,-46.690394,,,,1,2023-06-15T01:17:42+00:00
SAO_1764-10,São Paulo,3550308,True,,33393,,,-23.464372875000002,-46.603658249999995,,,,2,2023-06-15T01:17:28+00:00
SAO_1764-10,São Paulo,3550308,True,,33393,,,-23.439719500000002,-46.587374,,,,2,2023-06-15T01:17:32+00:00
SAO_1764-10,São Paulo,3550308,True,,33393,,,-23.4257975,-46.581669500000004,,,,2,2023-06-15T01:17:11+00:00
SAO_1764-10,São Paulo,3550308,True,,33393,,,-23.4934365,-46.6230665,,,,2,2023-06-15T01:15:22+00:00
SAO_1764-10,São Paulo,3550308,True,,33393,,,-23.445995,-46.589765,,,,2,2023-06-15T01:17:04+00:00
SAO_1764-10,São Paulo,3550308,True,,33393,,,-23.428596,-46.5830995,,,,2,2023-06-15T01:17:11+00:00
SAO_129F-41,São Paulo,3550308,True,,35073,,,-23.541526499999996,-46.63584525,,,,2,2023-06-15T01:17:27+00:00
SAO_129F-41,São Paulo,3550308,True,,35073,,,-23.49294425,-46.7004745,,,,2,2023-06-15T01:17:07+00:00
SAO_6801-10,São Paulo,3550308,True,,32773,,,-23.6607655,-46.7335995,,,,2,2023-06-15T01:17:09+00:00
SAO_6801-10,São Paulo,3550308,True,,32773,,,-23.653889,-46.73322175,,,,2,2023-06-15T01:17:22+00:00
SAO_372F-10,São Paulo,3550308,True,,1015,,,-23.54634425,-46.60539125,,,,1,2023-06-15T01:17:37+00:00
SAO_372F-10,São Paulo,3550308,True,,1015,,,-23.550320499999998,-46.596729999999994,,,,1,2023-06-15T01:17:03+00:00
SAO_7054-10,São Paulo,3550308,True,,41,,,-23.6517055,-46.7906215,,,,1,2023-06-15T01:17:09+00:00
SAO_7054-10,São Paulo,3550308,True,,41,,,-23.6313825,-46.77286,,,,1,2023-06-15T01:17:40+00:00
SAO_4284-10,São Paulo,3550308,True,,33057,,,-23.58507,-46.583846,,,,2,2023-06-15T01:17:34+00:00
SAO_4284-10,São Paulo,3550308,True,,33057,,,-23.597379,-46.562883,,,,2,2023-06-15T01:17:37+00:00
SAO_9002-10,São Paulo,3550308,True,,33638,,,-23.4566185,-46.673717499999995,,,,2,2023-06-15T01:17:07+00:00
SAO_9002-10,São Paulo,3550308,True,,33638,,,-23.4566185,-46.673717499999995,,,,2,2023-06-15T01:17:36+00:00
SAO_9002-10,São Paulo,3550308,True,,33638,,,-23.458088500000002,-46.6717525,,,,2,2023-06-15T01:17:22+00:00
SAO_507T-10,São Paulo,3550308,True,,2208,,,-23.5427055,-46.5511885,,,,1,2023-06-15T01:17:32+00:00
SAO_507T-10,São Paulo,3550308,True,,2208,,,-23.561701375000002,-46.5177355,,,,1,2023-06-15T01:17:28+00:00
SAO_507T-10,São Paulo,3550308,True,,2208,,,-23.54744825,-46.540079,,,,1,2023-06-15T01:17:00+00:00
SAO_507T-10,São Paulo,3550308,True,,2208,,,-23.538682,-46.565627500000005,,,,1,2023-06-15T01:17:22+00:00
SAO_476G-41,São Paulo,3550308,True,,33880,,,-23.582634374999998,-46.590708,,,,2,2023-06-15T01:14:50+00:00
SAO_476G-41,São Paulo,3550308,True,,33880,,,-23.60993,-46.529356,,,,2,2023-06-15T01:17:14+00:00
SAO_476G-41,São Paulo,3550308,True,,33880,,,-23.57836025,-46.605409375,,,,2,2023-06-15T01:17:02+00:00
SAO_6455-10,São Paulo,3550308,True,,63,,,-23.577484499999997,-46.644529,,,,1,2023-06-15T01:17:20+00:00
SAO_6455-10,São Paulo,3550308,True,,63,,,-23.613077625,-46.671047125,,,,1,2023-06-15T01:17:05+00:00
SAO_4027-41,São Paulo,3550308,True,,35077,,,-23.638209500000002,-46.437941,,,,2,2023-06-15T01:17:40+00:00
SAO_4027-41,São Paulo,3550308,True,,35077,,,-23.6119445,-46.474575,,,,2,2023-06-15T01:16:57+00:00
SAO_736G-10,São Paulo,3550308,True,,33548,,,-23.634481,-46.711736,,,,2,2023-06-15T01:17:07+00:00
SAO_736G-10,São Paulo,3550308,True,,33548,,,-23.633389,-46.75111975,,,,2,2023-06-15T01:17:08+00:00
SAO_736G-10,São Paulo,3550308,True,,33548,,,-23.6190635,-46.698023,,,,2,2023-06-15T01:17:16+00:00
SAO_736G-10,São Paulo,3550308,True,,33548,,,-23.6442865,-46.7295,,,,2,2023-06-15T01:17:23+00:00
SAO_736G-10,São Paulo,3550308,True,,33548,,,-23.633472750000003,-46.69512225,,,,2,2023-06-15T01:16:56+00:00
SAO_736G-10,São Paulo,3550308,True,,33548,,,-23.641738,-46.741785,,,,2,2023-06-15T01:17:16+00:00
SAO_736G-10,São Paulo,3550308,True,,33548,,,-23.643071499999998,-46.72339125,,,,2,2023-06-15T01:17:27+00:00
SAO_6L10-10,São Paulo,3550308,True,,1159,,,-23.7929365,-46.7285595,,,,1,2023-06-15T01:17:14+00:00
SAO_6L10-10,São Paulo,3550308,True,,1159,,,-23.770802,-46.7186405,,,,1,2023-06-15T01:17:27+00:00
SAO_6L10-10,São Paulo,3550308,True,,1159,,,-23.767440999999998,-46.716431,,,,1,2023-06-15T01:17:30+00:00
SAO_809N-10,São Paulo,3550308,True,,35012,,,-23.558411,-46.7476785,,,,2,2023-06-15T01:17:33+00:00
SAO_809N-10,São Paulo,3550308,True,,35012,,,-23.5686505,-46.765209,,,,2,2023-06-15T01:17:02+00:00
SAO_129F-10,São Paulo,3550308,True,,2304,,,-23.5263275,-46.668921499999996,,,,1,2023-06-15T01:17:08+00:00
SAO_129F-10,São Paulo,3550308,True,,2304,,,-23.5251,-46.683721625000004,,,,1,2023-06-15T01:16:56+00:00
SAO_129F-10,São Paulo,3550308,True,,2304,,,-23.514029999999998,-46.702380500000004,,,,1,2023-06-15T01:17:37+00:00
SAO_3712-10,São Paulo,3550308,True,,1009,,,-23.543174999999998,-46.446732,,,,1,2023-06-15T01:17:22+00:00
SAO_3712-10,São Paulo,3550308,True,,1009,,,-23.5525595,-46.4257145,,,,1,2023-06-15T01:17:30+00:00
SAO_3712-10,São Paulo,3550308,True,,1009,,,-23.545945749999998,-46.42919725,,,,1,2023-06-15T01:17:26+00:00
SAO_3712-10,São Paulo,3550308,True,,1009,,,-23.5418825,-46.4703705,,,,1,2023-06-15T01:17:07+00:00
SAO_3712-10,São Paulo,3550308,True,,1009,,,-23.542716,-46.469168499999995,,,,1,2023-06-15T01:17:29+00:00
SAO_637V-10,São Paulo,3550308,True,EMTU,104,https://moovitapp.com/index/pt-br/transporte_p%C3%BAblico-line-104-Sao_Paulo-242-2038937-36419267-0,5.1,-23.73872025,-46.68667325,,,,1,2023-06-15T01:17:37+00:00
SAO_637V-10,São Paulo,3550308,True,EMTU,104,https://moovitapp.com/index/pt-br/transporte_p%C3%BAblico-line-104-Sao_Paulo-242-2038937-36419267-0,5.1,-23.678069999999998,-46.710864,,,,1,2023-06-15T01:17:38+00:00
SAO_637V-10,São Paulo,3550308,True,EMTU,104,https://moovitapp.com/index/pt-br/transporte_p%C3%BAblico-line-104-Sao_Paulo-242-2038937-36419267-0,5.1,-23.714270499999998,-46.690408250000004,,,,1,2023-06-15T01:17:24+00:00
SAO_7281-10,São Paulo,3550308,True,,34102,,,-23.5454465,-46.692173999999994,,,,2,2023-06-15T01:17:01+00:00
SAO_7281-10,São Paulo,3550308,True,,34102,,,-23.5216575,-46.7021335,,,,2,2023-06-15T01:17:19+00:00
SAO_7281-10,São Paulo,3550308,True,,34102,,,-23.5501595,-46.6545185,,,,2,2023-06-15T01:17:33+00:00
SAO_3160-10,São Paulo,3550308,True,,32893,,,-23.562040500000002,-46.598383,,,,2,2023-06-15T01:17:39+00:00
SAO_3160-10,São Paulo,3550308,True,,32893,,,-23.552977,-46.615747,,,,2,2023-06-15T01:16:57+00:00
SAO_3160-10,São Paulo,3550308,True,,32893,,,-23.583903499999998,-46.5856135,,,,2,2023-06-15T01:17:06+00:00
SAO_8018-10,São Paulo,3550308,True,,34838,,,-23.5987205,-46.7366745,,,,2,2023-06-15T01:17:39+00:00
SAO_8018-10,São Paulo,3550308,True,,34838,,,-23.595118875,-46.728547,,,,2,2023-06-15T01:17:11+00:00
SAO_7267-10,São Paulo,3550308,True,,1427,,,-23.5386575,-46.679683,,,,1,2023-06-15T01:17:22+00:00
SAO_7267-10,São Paulo,3550308,True,,1427,,,-23.556232,-46.6636055,,,,1,2023-06-15T01:17:08+00:00
SAO_3746-31,São Paulo,3550308,True,,34865,,,-23.5810445,-46.53825525,,,,2,2023-06-15T01:17:27+00:00
SAO_3746-31,São Paulo,3550308,True,,34865,,,-23.583473,-46.531058,,,,2,2023-06-15T01:17:39+00:00
SAO_3746-31,São Paulo,3550308,True,,34865,,,-23.589472999999998,-46.508922,,,,2,2023-06-15T01:17:38+00:00
SAO_3746-31,São Paulo,3550308,True,,34865,,,-23.5536505,-46.57781675,,,,2,2023-06-15T01:17:25+00:00
SAO_3746-31,São Paulo,3550308,True,,34865,,,-23.5871715,-46.51653,,,,2,2023-06-15T01:16:58+00:00
SAO_175P-10,São Paulo,3550308,True,,675,,,-23.528005999999998,-46.661822,,,,1,2023-06-15T01:17:23+00:00
SAO_175P-10,São Paulo,3550308,True,,675,,,-23.5584995,-46.659910124999996,,,,1,2023-06-15T01:17:35+00:00
SAO_175P-10,São Paulo,3550308,True,,675,,,-23.502474,-46.6412975,,,,1,2023-06-15T01:17:00+00:00
SAO_175P-10,São Paulo,3550308,True,,675,,,-23.500196000000003,-46.630483,,,,1,2023-06-15T01:17:12+00:00
SAO_175P-10,São Paulo,3550308,True,,675,,,-23.502966999999998,-46.6260415,,,,1,2023-06-15T01:17:30+00:00
SAO_175P-10,São Paulo,3550308,True,,675,,,-23.5317695,-46.661021,,,,1,2023-06-15T01:17:05+00:00
SAO_175P-10,São Paulo,3550308,True,,675,,,-23.5859291875,-46.6364181875,,,,1,2023-06-15T01:17:30+00:00
SAO_175P-10,São Paulo,3550308,True,,675,,,-23.548371,-46.6741855,,,,1,2023-06-15T01:17:35+00:00
SAO_175P-10,São Paulo,3550308,True,,675,,,-23.503169,-46.64256125,,,,1,2023-06-15T01:17:35+00:00
SAO_2032-10,São Paulo,3550308,True,,35034,,,-23.505204,-46.6217405,,,,2,2023-06-15T01:15:12+00:00
SAO_2032-10,São Paulo,3550308,True,,35034,,,-23.48395175,-46.591115625,,,,2,2023-06-15T01:17:39+00:00
SAO_2032-10,São Paulo,3550308,True,,35034,,,-23.4850995,-46.591894499999995,,,,2,2023-06-15T01:17:26+00:00
SAO_7062-41,São Paulo,3550308,True,,35039,,,-23.6493495,-46.759599,,,,2,2023-06-15T01:16:56+00:00
SAO_6403-10,São Paulo,3550308,True,,58,,,-23.612657499999997,-46.698394500000006,,,,1,2023-06-15T01:17:03+00:00
SAO_6403-10,São Paulo,3550308,True,,58,,,-23.604736000000003,-46.696313,,,,1,2023-06-15T01:17:15+00:00
SAO_1786-10,São Paulo,3550308,True,,33417,,,-23.48060775,-46.621911,,,,2,2023-06-15T01:16:40+00:00
SAO_1786-10,São Paulo,3550308,True,,33417,,,-23.4505645,-46.6075825,,,,2,2023-06-15T01:14:02+00:00
SAO_1786-10,São Paulo,3550308,True,,33417,,,-23.4522055,-46.61465675,,,,2,2023-06-15T01:17:16+00:00
SAO_1786-10,São Paulo,3550308,True,,33417,,,-23.4688975,-46.616806499999996,,,,2,2023-06-15T01:17:33+00:00
SAO_1786-10,São Paulo,3550308,True,,33417,,,-23.45368525,-46.607387,,,,2,2023-06-15T01:17:39+00:00
SAO_1786-10,São Paulo,3550308,True,,33417,,,-23.495938625,-46.622052625,,,,2,2023-06-15T01:17:34+00:00
SAO_1786-10,São Paulo,3550308,True,,33417,,,-23.4519265,-46.61469025,,,,2,2023-06-15T01:16:58+00:00
SAO_1786-10,São Paulo,3550308,True,,33417,,,-23.479197499999998,-46.621813,,,,2,2023-06-15T01:17:24+00:00
SAO_807J-10,São Paulo,3550308,True,,2058,,,-23.607549,-46.725491000000005,,,,1,2023-06-15T01:17:21+00:00
SAO_807J-10,São Paulo,3550308,True,,2058,,,-23.6147055,-46.7329435,,,,1,2023-06-15T01:17:42+00:00
SAO_807J-10,São Paulo,3550308,True,,2058,,,-23.626072999999998,-46.765776,,,,1,2023-06-15T01:17:21+00:00
SAO_807J-10,São Paulo,3550308,True,,2058,,,-23.61934475,-46.758154000000005,,,,1,2023-06-15T01:17:14+00:00
SAO_2713-10,São Paulo,3550308,True,,32988,,,-23.53209175,-46.54724325,,,,2,2023-06-15T01:17:14+00:00
SAO_930P-10,São Paulo,3550308,True,,34883,,,-23.546217,-46.6305745,,,,2,2023-06-15T01:17:17+00:00
SAO_930P-10,São Paulo,3550308,True,,34883,,,-23.5654375,-46.6678575,,,,2,2023-06-15T01:17:03+00:00
SAO_930P-10,São Paulo,3550308,True,,34883,,,-23.558709625,-46.6608435,,,,2,2023-06-15T01:17:32+00:00
SAO_930P-10,São Paulo,3550308,True,,34883,,,-23.567660625000002,-46.6980505,,,,2,2023-06-15T01:16:56+00:00
SAO_930P-10,São Paulo,3550308,True,,34883,,,-23.577223,-46.687030500000006,,,,2,2023-06-15T01:16:57+00:00
SAO_930P-10,São Paulo,3550308,True,,34883,,,-23.56436625,-46.666740625,,,,2,2023-06-15T01:16:59+00:00
SAO_4222-10,São Paulo,3550308,True,,33056,,,-23.603003,-46.5276925,,,,2,2023-06-15T01:16:46+00:00
SAO_4222-10,São Paulo,3550308,True,,33056,,,-23.5858385,-46.589183,,,,2,2023-06-15T01:17:10+00:00
SAO_4222-10,São Paulo,3550308,True,,33056,,,-23.5706115,-46.59485,,,,2,2023-06-15T01:17:04+00:00
SAO_4222-10,São Paulo,3550308,True,,33056,,,-23.6097775,-46.50871575,,,,2,2023-06-15T01:15:09+00:00
SAO_4222-10,São Paulo,3550308,True,,33056,,,-23.595245499999997,-46.543268,,,,2,2023-06-15T01:17:30+00:00
SAO_4222-10,São Paulo,3550308,True,,33056,,,-23.609359249999997,-46.50921375,,,,2,2023-06-15T01:16:43+00:00
SAO_6076-41,São Paulo,3550308,True,,34754,,,-23.698055749999998,-46.701179749999994,,,,2,2023-06-15T01:17:37+00:00
SAO_6076-41,São Paulo,3550308,True,,34754,,,-23.71883125,-46.69686675,,,,2,2023-06-15T01:17:01+00:00
SAO_3015-10,São Paulo,3550308,True,,2454,,,-23.487902749999996,-46.391461875,,,,1,2023-06-15T01:16:02+00:00
SAO_917M-10,São Paulo,3550308,True,,1366,,,-23.481793,-46.701432499999996,,,,1,2023-06-15T01:17:27+00:00
SAO_917M-10,São Paulo,3550308,True,,1366,,,-23.50468325,-46.67281975,,,,1,2023-06-15T01:16:58+00:00
SAO_917M-10,São Paulo,3550308,True,,1366,,,-23.5758255,-46.6414265,,,,1,2023-06-15T01:16:58+00:00
SAO_917M-10,São Paulo,3550308,True,,1366,,,-23.504945499999998,-46.6889805,,,,1,2023-06-15T01:16:58+00:00
SAO_917M-10,São Paulo,3550308,True,,1366,,,-23.4887345,-46.697461,,,,1,2023-06-15T01:17:22+00:00
SAO_917M-10,São Paulo,3550308,True,,1366,,,-23.471259500000002,-46.706211499999995,,,,1,2023-06-15T01:17:08+00:00
SAO_917M-10,São Paulo,3550308,True,,1366,,,-23.563066125,-46.654661375,,,,1,2023-06-15T01:16:55+00:00
SAO_3796-10,São Paulo,3550308,True,,33842,,,-23.579616,-46.4530305,,,,2,2023-06-15T01:17:02+00:00
SAO_3796-10,São Paulo,3550308,True,,33842,,,-23.5877585,-46.446372999999994,,,,2,2023-06-15T01:17:18+00:00
SAO_3796-10,São Paulo,3550308,True,,33842,,,-23.575754500000002,-46.4532115,,,,2,2023-06-15T01:17:38+00:00
SAO_3796-10,São Paulo,3550308,True,,33842,,,-23.58877925,-46.446368875,,,,2,2023-06-15T01:17:21+00:00
SAO_4286-10,São Paulo,3550308,True,,326,,,-23.5913485,-46.5804925,,,,1,2023-06-15T01:17:07+00:00
SAO_4286-10,São Paulo,3550308,True,,326,,,-23.5973845,-46.5412235,,,,1,2023-06-15T01:16:31+00:00
SAO_3737-31,São Paulo,3550308,True,,1354,,,-23.5329875,-46.515269,,,,1,2023-06-15T01:17:15+00:00
SAO_3737-31,São Paulo,3550308,True,,1354,,,-23.539509250000002,-46.50706825,,,,1,2023-06-15T01:17:11+00:00
SAO_6801-51,São Paulo,3550308,True,,1774,,,-23.643827,-46.734452000000005,,,,1,2023-06-15T01:17:33+00:00
SAO_8032-10,São Paulo,3550308,True,,2545,,,-23.571887,-46.7083135,,,,1,2023-06-15T01:17:26+00:00
SAO_709P-10,São Paulo,3550308,True,,34761,,,-23.57431775,-46.688819124999995,,,,2,2023-06-15T01:16:59+00:00
SAO_709P-10,São Paulo,3550308,True,,34761,,,-23.586395500000002,-46.682653,,,,2,2023-06-15T01:17:22+00:00
SAO_709P-10,São Paulo,3550308,True,,34761,,,-23.640932499999998,-46.7264705,,,,2,2023-06-15T01:16:59+00:00
SAO_709P-10,São Paulo,3550308,True,,34761,,,-23.58310125,-46.6839305,,,,2,2023-06-15T01:17:16+00:00
SAO_709P-10,São Paulo,3550308,True,,34761,,,-23.566889500000002,-46.7014895,,,,2,2023-06-15T01:17:34+00:00
SAO_1206-10,São Paulo,3550308,True,EMTU,842,https://moovitapp.com/index/pt-br/transporte_p%C3%BAblico-line-842-Sao_Paulo-242-2038937-36419605-0,7.15,-23.539625,-46.631907125,,,,1,2023-06-15T01:17:06+00:00
SAO_1206-10,São Paulo,3550308,True,EMTU,842,https://moovitapp.com/index/pt-br/transporte_p%C3%BAblico-line-842-Sao_Paulo-242-2038937-36419605-0,7.15,-23.53916175,-46.6078665,,,,1,2023-06-15T01:17:02+00:00
SAO_1206-10,São Paulo,3550308,True,EMTU,842,https://moovitapp.com/index/pt-br/transporte_p%C3%BAblico-line-842-Sao_Paulo-242-2038937-36419605-0,7.15,-23.51919025,-46.59044775,,,,1,2023-06-15T01:17:12+00:00
SAO_2079-10,São Paulo,3550308,True,,33138,,,-23.505551250000003,-46.38912,,,,2,2023-06-15T01:17:03+00:00
SAO_2079-10,São Paulo,3550308,True,,33138,,,-23.494310499999997,-46.402223,,,,2,2023-06-15T01:17:01+00:00
SAO_3903-10,São Paulo,3550308,True,,34239,,,-23.5365545,-46.469376249999996,,,,2,2023-06-15T01:16:56+00:00
SAO_3903-10,São Paulo,3550308,True,,34239,,,-23.5229475,-46.545007,,,,2,2023-06-15T01:17:04+00:00
SAO_5033-10,São Paulo,3550308,True,,34433,,,-23.621675000000003,-46.61581125,,,,2,2023-06-15T01:17:30+00:00
SAO_5033-10,São Paulo,3550308,True,,34433,,,-23.603151,-46.6022615,,,,2,2023-06-15T01:17:02+00:00
SAO_714C-10,São Paulo,3550308,True,,33255,,,-23.589184000000003,-46.7671495,,,,2,2023-06-15T01:17:05+00:00
SAO_714C-10,São Paulo,3550308,True,,33255,,,-23.564463,-46.6930125,,,,2,2023-06-15T01:17:02+00:00
SAO_714C-10,São Paulo,3550308,True,,33255,,,-23.596007,-46.789506,,,,2,2023-06-15T01:17:23+00:00
SAO_7012-10,São Paulo,3550308,True,,34811,,,-23.678326,-46.762874,,,,2,2023-06-15T01:17:22+00:00
SAO_7012-10,São Paulo,3550308,True,,34811,,,-23.671547,-46.7411115,,,,2,2023-06-15T01:17:11+00:00
SAO_7012-10,São Paulo,3550308,True,,34811,,,-23.706255499999997,-46.7720935,,,,2,2023-06-15T01:17:33+00:00
SAO_7012-10,São Paulo,3550308,True,,34811,,,-23.706572,-46.77212,,,,2,2023-06-15T01:17:06+00:00
SAO_7012-10,São Paulo,3550308,True,,34811,,,-23.7103945,-46.77583224999999,,,,2,2023-06-15T01:17:03+00:00
SAO_7012-10,São Paulo,3550308,True,,34811,,,-23.7103945,-46.77583224999999,,,,2,2023-06-15T01:17:29+00:00
SAO_3064-41,São Paulo,3550308,True,,34701,,,-23.582728,-46.4150995,,,,2,2023-06-15T01:17:10+00:00
SAO_8200-10,São Paulo,3550308,True,,34031,,,-23.4866665,-46.7276625,,,,2,2023-06-15T01:17:25+00:00
SAO_8200-10,São Paulo,3550308,True,,34031,,,-23.5072155,-46.704882999999995,,,,2,2023-06-15T01:16:57+00:00
SAO_8200-10,São Paulo,3550308,True,,34031,,,-23.499485,-46.710654500000004,,,,2,2023-06-15T01:17:30+00:00
SAO_6083-10,São Paulo,3550308,True,,34501,,,-23.753572,-46.6676975,,,,2,2023-06-15T01:17:39+00:00
SAO_6083-10,São Paulo,3550308,True,,34501,,,-23.7533765,-46.6701475,,,,2,2023-06-15T01:17:36+00:00
SAO_6083-10,São Paulo,3550308,True,,34501,,,-23.7532605,-46.670314,,,,2,2023-06-15T01:17:18+00:00
SAO_6823-10,São Paulo,3550308,True,,32802,,,-23.659520999999998,-46.766727,,,,2,2023-06-15T01:16:30+00:00
SAO_6823-10,São Paulo,3550308,True,,32802,,,-23.68259575,-46.790601249999995,,,,2,2023-06-15T01:17:38+00:00
SAO_809D-10,São Paulo,3550308,True,,34836,,,-23.5936595,-46.7855725,,,,2,2023-06-15T01:17:19+00:00
SAO_809D-10,São Paulo,3550308,True,,34836,,,-23.5857605,-46.747424,,,,2,2023-06-15T01:17:34+00:00
SAO_809D-10,São Paulo,3550308,True,,34836,,,-23.599379499999998,-46.776097,,,,2,2023-06-15T01:16:19+00:00
SAO_809D-10,São Paulo,3550308,True,,34836,,,-23.6032175,-46.780919,,,,2,2023-06-15T01:17:41+00:00
SAO_1016-10,São Paulo,3550308,True,EMTU,831,https://moovitapp.com/index/pt-br/transporte_p%C3%BAblico-line-831-Sao_Paulo-242-2038937-36419598-0,5.7,-23.513510625000002,-46.616156249999996,,,,1,2023-06-15T01:16:59+00:00
SAO_1016-10,São Paulo,3550308,True,EMTU,831,https://moovitapp.com/index/pt-br/transporte_p%C3%BAblico-line-831-Sao_Paulo-242-2038937-36419598-0,5.7,-23.467554,-46.6065065,,,,1,2023-06-15T01:17:07+00:00
SAO_1016-10,São Paulo,3550308,True,EMTU,831,https://moovitapp.com/index/pt-br/transporte_p%C3%BAblico-line-831-Sao_Paulo-242-2038937-36419598-0,5.7,-23.48668725,-46.60934525,,,,1,2023-06-15T01:17:13+00:00
SAO_1016-10,São Paulo,3550308,True,EMTU,831,https://moovitapp.com/index/pt-br/transporte_p%C3%BAblico-line-831-Sao_Paulo-242-2038937-36419598-0,5.7,-23.503632,-46.615271250000006,,,,1,2023-06-15T01:15:43+00:00
SAO_1016-10,São Paulo,3550308,True,EMTU,831,https://moovitapp.com/index/pt-br/transporte_p%C3%BAblico-line-831-Sao_Paulo-242-2038937-36419598-0,5.7,-23.4505645,-46.6075825,,,,1,2023-06-15T01:16:04+00:00
SAO_3741-10,São Paulo,3550308,True,,33809,,,-23.542377000000002,-46.449023749999995,,,,2,2023-06-15T01:17:13+00:00
SAO_3741-10,São Paulo,3550308,True,,33809,,,-23.5533165,-46.4634515,,,,2,2023-06-15T01:17:21+00:00
SAO_3741-10,São Paulo,3550308,True,,33809,,,-23.563516,-46.458093,,,,2,2023-06-15T01:17:39+00:00
SAO_3741-10,São Paulo,3550308,True,,33809,,,-23.542065,-46.449332,,,,2,2023-06-15T01:17:15+00:00
SAO_1742-10,São Paulo,3550308,True,EMTU,542,https://moovitapp.com/index/pt-br/transporte_p%C3%BAblico-line-542-Sao_Paulo-242-2038937-59914572-0,5.4,-23.4668555,-46.6397955,,,,1,2023-06-15T01:17:04+00:00
SAO_1742-10,São Paulo,3550308,True,EMTU,542,https://moovitapp.com/index/pt-br/transporte_p%C3%BAblico-line-542-Sao_Paulo-242-2038937-59914572-0,5.4,-23.470032500000002,-46.638274,,,,1,2023-06-15T01:13:27+00:00
SAO_3141-10,São Paulo,3550308,True,,734,,,-23.612823,-46.4947585,,,,1,2023-06-15T01:17:31+00:00
SAO_3141-10,São Paulo,3550308,True,,734,,,-23.614102,-46.4970335,,,,1,2023-06-15T01:17:04+00:00
SAO_3141-10,São Paulo,3550308,True,,734,,,-23.5831795,-46.535168999999996,,,,1,2023-06-15T01:17:33+00:00
SAO_3141-10,São Paulo,3550308,True,,734,,,-23.54938125,-46.58118675,,,,1,2023-06-15T01:17:38+00:00
SAO_3141-10,São Paulo,3550308,True,,734,,,-23.5515695,-46.624459,,,,1,2023-06-15T01:17:02+00:00
SAO_9011-21,São Paulo,3550308,True,,34536,,,-23.4547945,-46.738510500000004,,,,2,2023-06-15T01:17:36+00:00
SAO_9011-21,São Paulo,3550308,True,,34536,,,-23.450973,-46.735209,,,,2,2023-06-15T01:17:30+00:00
SAO_9011-21,São Paulo,3550308,True,,34536,,,-23.450132,-46.7353475,,,,2,2023-06-15T01:17:19+00:00
SAO_1758-10,São Paulo,3550308,True,EMTU,552,https://moovitapp.com/index/pt-br/transporte_p%C3%BAblico-line-552-Sao_Paulo-242-2038937-36419556-0,6.8,-23.479913000000003,-46.632439500000004,,,,1,2023-06-15T01:17:28+00:00
SAO_1758-10,São Paulo,3550308,True,EMTU,552,https://moovitapp.com/index/pt-br/transporte_p%C3%BAblico-line-552-Sao_Paulo-242-2038937-36419556-0,6.8,-23.5026995,-46.624219,,,,1,2023-06-15T01:17:33+00:00
SAO_1758-10,São Paulo,3550308,True,EMTU,552,https://moovitapp.com/index/pt-br/transporte_p%C3%BAblico-line-552-Sao_Paulo-242-2038937-36419556-0,6.8,-23.4631585,-46.652715,,,,1,2023-06-15T01:17:21+00:00
SAO_6014-10,São Paulo,3550308,True,,188,,,-23.69945,-46.780288,,,,1,2023-06-15T01:17:29+00:00
SAO_6014-10,São Paulo,3550308,True,,188,,,-23.667369,-46.728165,,,,1,2023-06-15T01:14:23+00:00
SAO_6014-10,São Paulo,3550308,True,,188,,,-23.741947500000002,-46.801043,,,,1,2023-06-15T01:17:33+00:00
SAO_6014-10,São Paulo,3550308,True,,188,,,-23.73578575,-46.794681999999995,,,,1,2023-06-15T01:17:34+00:00
SAO_6014-10,São Paulo,3550308,True,,188,,,-23.669687500000002,-46.736403499999994,,,,1,2023-06-15T01:17:28+00:00
SAO_6L08-10,São Paulo,3550308,True,,1182,,,-23.8232365,-46.72714125,,,,1,2023-06-15T01:17:27+00:00
SAO_6L08-10,São Paulo,3550308,True,,1182,,,-23.825163,-46.707590499999995,,,,1,2023-06-15T01:17:02+00:00
SAO_508L-10,São Paulo,3550308,True,EMTU,117,https://moovitapp.com/index/pt-br/transporte_p%C3%BAblico-line-117-Sao_Paulo-242-2038937-36419277-0,4.8,-23.546076999999997,-46.657880750000004,,,,1,2023-06-15T01:17:29+00:00
SAO_508L-10,São Paulo,3550308,True,EMTU,117,https://moovitapp.com/index/pt-br/transporte_p%C3%BAblico-line-117-Sao_Paulo-242-2038937-36419277-0,4.8,-23.575271,-46.641684,,,,1,2023-06-15T01:17:30+00:00
SAO_4727-10,São Paulo,3550308,True,,33108,,,-23.638268,-46.608056,,,,2,2023-06-15T01:17:29+00:00
SAO_4727-10,São Paulo,3550308,True,,33108,,,-23.627274,-46.6191805,,,,2,2023-06-15T01:17:28+00:00
SAO_4727-10,São Paulo,3550308,True,,33108,,,-23.638475999999997,-46.6080375,,,,2,2023-06-15T01:17:39+00:00
SAO_2101-10,São Paulo,3550308,True,,33482,,,-23.55293925,-46.603744,,,,2,2023-06-15T01:17:31+00:00
SAO_5018-10,São Paulo,3550308,True,,1492,,,-23.6631805,-46.649159499999996,,,,1,2023-06-15T01:16:56+00:00
SAO_5018-10,São Paulo,3550308,True,,1492,,,-23.68175025,-46.675576750000005,,,,1,2023-06-15T01:16:02+00:00
SAO_6045-21,São Paulo,3550308,True,,2164,,,-23.676005500000002,-46.7745545,,,,1,2023-06-15T01:17:16+00:00
SAO_6045-21,São Paulo,3550308,True,,2164,,,-23.698669125000002,-46.7948705,,,,1,2023-06-15T01:17:35+00:00
SAO_6835-10,São Paulo,3550308,True,BR7 Mobilidade,12,https://moovitapp.com/index/pt-br/transporte_p%C3%BAblico-line-12-Sao_Paulo-242-851856-542340-0,5.75,-23.6762565,-46.7753185,,,,1,2023-06-15T01:17:30+00:00
SAO_6835-10,São Paulo,3550308,True,BR7 Mobilidade,12,https://moovitapp.com/index/pt-br/transporte_p%C3%BAblico-line-12-Sao_Paulo-242-851856-542340-0,5.75,-23.65865,-46.765243,,,,1,2023-06-15T01:17:33+00:00
SAO_211V-10,São Paulo,3550308,True,,32922,,,-23.490099999999998,-46.4699945,,,,2,2023-06-15T01:16:45+00:00
SAO_211V-10,São Paulo,3550308,True,,32922,,,-23.504689,-46.506603,,,,2,2023-06-15T01:17:20+00:00
SAO_211V-10,São Paulo,3550308,True,,32922,,,-23.4943225,-46.470273,,,,2,2023-06-15T01:17:31+00:00
SAO_2590-10,São Paulo,3550308,True,,912,,,-23.535033,-46.578162000000006,,,,1,2023-06-15T01:17:07+00:00
SAO_2590-10,São Paulo,3550308,True,,912,,,-23.50731025,-46.5423225,,,,1,2023-06-15T01:17:15+00:00
SAO_2590-10,São Paulo,3550308,True,,912,,,-23.4850335,-46.479512,,,,1,2023-06-15T01:16:59+00:00
SAO_2590-10,São Paulo,3550308,True,,912,,,-23.490608,-46.4539765,,,,1,2023-06-15T01:17:11+00:00
SAO_1017-10,São Paulo,3550308,True,,2141,,,-23.4850255,-46.709775,,,,1,2023-06-15T01:13:43+00:00
SAO_1017-10,São Paulo,3550308,True,,2141,,,-23.4065985,-46.7553895,,,,1,2023-06-15T01:17:21+00:00
SAO_1017-10,São Paulo,3550308,True,,2141,,,-23.4347065,-46.7185945,,,,1,2023-06-15T01:17:05+00:00
SAO_1017-10,São Paulo,3550308,True,,2141,,,-23.457957,-46.7148685,,,,1,2023-06-15T01:17:41+00:00
SAO_1017-10,São Paulo,3550308,True,,2141,,,-23.414789,-46.7535685,,,,1,2023-06-15T01:17:33+00:00
SAO_1017-10,São Paulo,3550308,True,,2141,,,-23.4749865,-46.714571,,,,1,2023-06-15T01:17:35+00:00
SAO_1017-10,São Paulo,3550308,True,,2141,,,-23.407032,-46.758294,,,,1,2023-06-15T01:17:14+00:00
SAO_8023-10,São Paulo,3550308,True,,2074,,,-23.590548499999997,-46.737435500000004,,,,1,2023-06-15T01:17:15+00:00
SAO_128Y-10,São Paulo,3550308,True,EMTU,843,https://moovitapp.com/index/pt-br/transporte_p%C3%BAblico-line-843-Sao_Paulo-242-2038937-36419606-0,4.1,-23.519203499999996,-46.70492675,,,,1,2023-06-15T01:17:32+00:00
SAO_128Y-10,São Paulo,3550308,True,EMTU,843,https://moovitapp.com/index/pt-br/transporte_p%C3%BAblico-line-843-Sao_Paulo-242-2038937-36419606-0,4.1,-23.508481,-46.6851255,,,,1,2023-06-15T01:13:49+00:00
SAO_128Y-10,São Paulo,3550308,True,EMTU,843,https://moovitapp.com/index/pt-br/transporte_p%C3%BAblico-line-843-Sao_Paulo-242-2038937-36419606-0,4.1,-23.47955025,-46.661982249999994,,,,1,2023-06-15T01:17:27+00:00
SAO_7458-10,São Paulo,3550308,True,EMTU,496,https://moovitapp.com/index/pt-br/transporte_p%C3%BAblico-line-496-Sao_Paulo-242-2038937-36419521-0,5.4,-23.580585,-46.7940725,,,,1,2023-06-15T01:17:26+00:00
SAO_7458-10,São Paulo,3550308,True,EMTU,496,https://moovitapp.com/index/pt-br/transporte_p%C3%BAblico-line-496-Sao_Paulo-242-2038937-36419521-0,5.4,-23.5853465,-46.738911,,,,1,2023-06-15T01:17:40+00:00
SAO_9006-10,São Paulo,3550308,True,,33642,,,-23.4709255,-46.683777,,,,2,2023-06-15T01:17:31+00:00
SAO_9006-10,São Paulo,3550308,True,,33642,,,-23.464918,-46.690571500000004,,,,2,2023-06-15T01:16:59+00:00
SAO_9006-10,São Paulo,3550308,True,,33642,,,-23.471957875,-46.673949500000006,,,,2,2023-06-15T01:17:11+00:00
SAO_2451-10,São Paulo,3550308,True,,32981,,,-23.5231615,-46.5204935,,,,2,2023-06-15T01:17:04+00:00
SAO_848L-10,São Paulo,3550308,True,EMTU,808,https://moovitapp.com/index/pt-br/transporte_p%C3%BAblico-line-808-Sao_Paulo-242-2038937-36419584-0,4.8,-23.4196005,-46.753425,,,,1,2023-06-15T01:17:20+00:00
SAO_848L-10,São Paulo,3550308,True,EMTU,808,https://moovitapp.com/index/pt-br/transporte_p%C3%BAblico-line-808-Sao_Paulo-242-2038937-36419584-0,4.8,-23.474486749999997,-46.72775575,,,,1,2023-06-15T01:17:17+00:00
SAO_848L-10,São Paulo,3550308,True,EMTU,808,https://moovitapp.com/index/pt-br/transporte_p%C3%BAblico-line-808-Sao_Paulo-242-2038937-36419584-0,4.8,-23.485447999999998,-46.725504,,,,1,2023-06-15T01:17:02+00:00
SAO_848L-10,São Paulo,3550308,True,EMTU,808,https://moovitapp.com/index/pt-br/transporte_p%C3%BAblico-line-808-Sao_Paulo-242-2038937-36419584-0,4.8,-23.409360999999997,-46.73565125,,,,1,2023-06-15T01:17:33+00:00
SAO_848L-10,São Paulo,3550308,True,EMTU,808,https://moovitapp.com/index/pt-br/transporte_p%C3%BAblico-line-808-Sao_Paulo-242-2038937-36419584-0,4.8,-23.4313945,-46.726153499999995,,,,1,2023-06-15T01:17:14+00:00
SAO_8707-10,São Paulo,3550308,True,,34832,,,-23.582739625000002,-46.76021837500001,,,,2,2023-06-15T01:17:27+00:00
SAO_8707-10,São Paulo,3550308,True,,34832,,,-23.5823195,-46.759943,,,,2,2023-06-15T01:17:29+00:00
SAO_8707-10,São Paulo,3550308,True,,34832,,,-23.572145499999998,-46.739151,,,,2,2023-06-15T01:16:59+00:00
SAO_8707-10,São Paulo,3550308,True,,34832,,,-23.56761925,-46.684419000000005,,,,2,2023-06-15T01:17:14+00:00
SAO_8707-10,São Paulo,3550308,True,,34832,,,-23.534661999999997,-46.6444695,,,,2,2023-06-15T01:17:22+00:00
SAO_7272-10,São Paulo,3550308,True,,1333,,,-23.534547250000003,-46.688149625,,,,1,2023-06-15T01:17:08+00:00
SAO_7272-10,São Paulo,3550308,True,,1333,,,-23.55090725,-46.655523875,,,,1,2023-06-15T01:17:00+00:00
SAO_675L-10,São Paulo,3550308,True,,1478,,,-23.6541835,-46.70888600000001,,,,1,2023-06-15T01:17:20+00:00
SAO_675L-10,São Paulo,3550308,True,,1478,,,-23.61690325,-46.674634749999996,,,,1,2023-06-15T01:17:17+00:00
SAO_978L-10,São Paulo,3550308,True,,33234,,,-23.5076635,-46.6737705,,,,2,2023-06-15T01:17:29+00:00
SAO_978L-10,São Paulo,3550308,True,,33234,,,-23.504385749999997,-46.67271925,,,,2,2023-06-15T01:17:04+00:00
SAO_978L-10,São Paulo,3550308,True,,33234,,,-23.53482675,-46.643970749999994,,,,2,2023-06-15T01:17:30+00:00
SAO_809V-10,São Paulo,3550308,True,,2243,,,-23.56992025,-46.71291925,,,,1,2023-06-15T01:17:21+00:00
SAO_178Y-21,São Paulo,3550308,True,,2225,,,-23.491255000000002,-46.617676,,,,1,2023-06-15T01:17:32+00:00
SAO_3902-10,São Paulo,3550308,True,,1470,,,-23.529066999999998,-46.408433,,,,1,2023-06-15T01:15:30+00:00
SAO_3902-10,São Paulo,3550308,True,,1470,,,-23.5424345,-46.414053249999995,,,,1,2023-06-15T01:17:15+00:00
SAO_3902-10,São Paulo,3550308,True,,1470,,,-23.510447,-46.39346775,,,,1,2023-06-15T01:16:47+00:00
SAO_3902-10,São Paulo,3550308,True,,1470,,,-23.4877305,-46.37700475,,,,1,2023-06-15T01:11:45+00:00
SAO_7059-10,São Paulo,3550308,True,,1924,,,-23.6364275,-46.7779335,,,,1,2023-06-15T01:17:07+00:00
SAO_7059-10,São Paulo,3550308,True,,1924,,,-23.660239,-46.780847,,,,1,2023-06-15T01:17:02+00:00
SAO_8545-10,São Paulo,3550308,True,,1364,,,-23.484517500000003,-46.6904495,,,,1,2023-06-15T01:16:35+00:00
SAO_8545-10,São Paulo,3550308,True,,1364,,,-23.523718375,-46.703873125,,,,1,2023-06-15T01:17:05+00:00
SAO_1778-10,São Paulo,3550308,True,,1789,,,-23.4865985,-46.614793,,,,1,2023-06-15T01:16:07+00:00
SAO_1778-10,São Paulo,3550308,True,,1789,,,-23.461052125000002,-46.57736275,,,,1,2023-06-15T01:17:07+00:00
SAO_8055-51,São Paulo,3550308,True,EMTU,417,https://moovitapp.com/index/pt-br/transporte_p%C3%BAblico-line-417-Sao_Paulo-242-2038937-36419474-0,5.2,-23.460285625000004,-46.781970875,,,,1,2023-06-15T01:17:36+00:00
SAO_8055-51,São Paulo,3550308,True,EMTU,417,https://moovitapp.com/index/pt-br/transporte_p%C3%BAblico-line-417-Sao_Paulo-242-2038937-36419474-0,5.2,-23.5188335,-46.724506000000005,,,,1,2023-06-15T01:17:01+00:00
SAO_4726-10,São Paulo,3550308,True,,1680,,,-23.54235575,-46.57777899999999,,,,1,2023-06-15T01:16:58+00:00
SAO_4726-10,São Paulo,3550308,True,,1680,,,-23.563789999999997,-46.578879,,,,1,2023-06-15T01:17:27+00:00
SAO_4726-10,São Paulo,3550308,True,,1680,,,-23.5647005,-46.5862685,,,,1,2023-06-15T01:17:21+00:00
SAO_4726-10,São Paulo,3550308,True,,1680,,,-23.5604655,-46.5849805,,,,1,2023-06-15T01:16:59+00:00
SAO_4726-10,São Paulo,3550308,True,,1680,,,-23.543892,-46.576671875,,,,1,2023-06-15T01:17:00+00:00
SAO_1778-10,São Paulo,3550308,True,,34557,,,-23.459795,-46.5837205,,,,2,2023-06-15T01:16:45+00:00
SAO_1778-10,São Paulo,3550308,True,,34557,,,-23.4863085,-46.615112499999995,,,,2,2023-06-15T01:17:09+00:00
SAO_178Y-10,São Paulo,3550308,True,,868,,,-23.478508499999997,-46.632876249999995,,,,1,2023-06-15T01:17:40+00:00
SAO_178Y-10,São Paulo,3550308,True,,868,,,-23.487314,-46.623969,,,,1,2023-06-15T01:16:54+00:00
SAO_178Y-10,São Paulo,3550308,True,,868,,,-23.487314,-46.623969,,,,1,2023-06-15T01:16:16+00:00
SAO_5759-31,São Paulo,3550308,True,,1139,,,-23.6360805,-46.641146000000006,,,,1,2023-06-15T01:17:23+00:00
SAO_5759-31,São Paulo,3550308,True,,1139,,,-23.68949,-46.643446,,,,1,2023-06-15T01:17:08+00:00
SAO_5759-31,São Paulo,3550308,True,,1139,,,-23.667597999999998,-46.656060749999995,,,,1,2023-06-15T01:17:35+00:00
SAO_476L-10,São Paulo,3550308,True,,33030,,,-23.59791825,-46.64269375,,,,2,2023-06-15T01:17:08+00:00
SAO_4721-10,São Paulo,3550308,True,EMTU,337,https://moovitapp.com/index/pt-br/transporte_p%C3%BAblico-line-337-Sao_Paulo-242-2038937-36419422-0,6.35,-23.611432,-46.634077250000004,,,,1,2023-06-15T01:17:19+00:00
SAO_675M-10,São Paulo,3550308,True,ETT,108,https://moovitapp.com/index/pt-br/transporte_p%C3%BAblico-line-108-Sao_Paulo-242-876373-496510-0,5.3,-23.683146999999998,-46.690544,,,,1,2023-06-15T01:17:07+00:00
SAO_675M-10,São Paulo,3550308,True,ETT,108,https://moovitapp.com/index/pt-br/transporte_p%C3%BAblico-line-108-Sao_Paulo-242-876373-496510-0,5.3,-23.649324,-46.661827,,,,1,2023-06-15T01:17:21+00:00
SAO_5031-21,São Paulo,3550308,True,,1747,,,-23.61788,-46.5930265,,,,1,2023-06-15T01:17:36+00:00
SAO_5031-21,São Paulo,3550308,True,,1747,,,-23.61788,-46.5930265,,,,1,2023-06-15T01:17:30+00:00
SAO_4717-10,São Paulo,3550308,True,EMTU,335,https://moovitapp.com/index/pt-br/transporte_p%C3%BAblico-line-335-Sao_Paulo-242-2038937-36419420-0,5.35,-23.621297749999997,-46.6172315,,,,1,2023-06-15T01:17:31+00:00
SAO_809U-21,São Paulo,3550308,True,,35075,,,-23.547126499999997,-46.690053000000006,,,,2,2023-06-15T01:17:25+00:00
SAO_809U-21,São Paulo,3550308,True,,35075,,,-23.5308065,-46.677728,,,,2,2023-06-15T01:17:37+00:00
SAO_809U-21,São Paulo,3550308,True,,35075,,,-23.53398875,-46.687616999999996,,,,2,2023-06-15T01:17:03+00:00
SAO_809U-21,São Paulo,3550308,True,,35075,,,-23.530857,-46.685383125,,,,2,2023-06-15T01:16:57+00:00
SAO_8007-10,São Paulo,3550308,True,,1257,,,-23.4739445,-46.756633,,,,1,2023-06-15T01:17:26+00:00
SAO_5752-10,São Paulo,3550308,True,,1287,,,-23.673953,-46.6643055,,,,1,2023-06-15T01:17:32+00:00
SAO_5752-10,São Paulo,3550308,True,,1287,,,-23.6358015,-46.6410555,,,,1,2023-06-15T01:17:40+00:00
SAO_1775-10,São Paulo,3550308,True,,33406,,,-23.458327,-46.619606000000005,,,,2,2023-06-15T01:17:35+00:00
SAO_1775-10,São Paulo,3550308,True,,33406,,,-23.511432499999998,-46.6242005,,,,2,2023-06-15T01:17:14+00:00
SAO_1775-10,São Paulo,3550308,True,,33406,,,-23.4476365,-46.6118065,,,,2,2023-06-15T01:17:03+00:00
SAO_1775-10,São Paulo,3550308,True,,33406,,,-23.4982275,-46.6273315,,,,2,2023-06-15T01:17:34+00:00
SAO_119L-10,São Paulo,3550308,True,,2273,,,-23.43343825,-46.7863675,,,,1,2023-06-15T01:16:54+00:00
SAO_119L-10,São Paulo,3550308,True,,2273,,,-23.5222575,-46.718311,,,,1,2023-06-15T01:17:26+00:00
SAO_4012-10,São Paulo,3550308,True,,34953,,,-23.598488,-46.44115775,,,,2,2023-06-15T01:17:14+00:00
SAO_4012-10,São Paulo,3550308,True,,34953,,,-23.598281999999998,-46.440941249999995,,,,2,2023-06-15T01:17:17+00:00
SAO_4012-10,São Paulo,3550308,True,,34953,,,-23.6074275,-46.4460355,,,,2,2023-06-15T01:17:07+00:00
SAO_7011-31,São Paulo,3550308,True,,34722,,,-23.687833,-46.7721405,,,,2,2023-06-15T01:17:41+00:00
SAO_7011-31,São Paulo,3550308,True,,34722,,,-23.695859,-46.779673,,,,2,2023-06-15T01:16:58+00:00
SAO_7011-31,São Paulo,3550308,True,,34722,,,-23.6787785,-46.7634405,,,,2,2023-06-15T01:17:26+00:00
SAO_7011-31,São Paulo,3550308,True,,34722,,,-23.699828500000002,-46.787856500000004,,,,2,2023-06-15T01:17:10+00:00
SAO_1177-31,São Paulo,3550308,True,,1831,,,-23.519892,-46.475857,,,,1,2023-06-15T01:17:12+00:00
SAO_3754-10,São Paulo,3550308,True,,33817,,,-23.5443025,-46.410353,,,,2,2023-06-15T01:17:21+00:00
SAO_3754-10,São Paulo,3550308,True,,33817,,,-23.542498000000002,-46.471391499999996,,,,2,2023-06-15T01:17:37+00:00
SAO_3754-10,São Paulo,3550308,True,,33817,,,-23.572236500000002,-46.399409500000004,,,,2,2023-06-15T01:17:22+00:00
SAO_3754-10,São Paulo,3550308,True,,33817,,,-23.565520875,-46.4034245,,,,2,2023-06-15T01:17:05+00:00
SAO_3754-10,São Paulo,3550308,True,,33817,,,-23.5436175,-46.422716,,,,2,2023-06-15T01:17:27+00:00
SAO_3754-10,São Paulo,3550308,True,,33817,,,-23.553319875,-46.4048305,,,,2,2023-06-15T01:17:28+00:00
SAO_3754-10,São Paulo,3550308,True,,33817,,,-23.57374,-46.398475000000005,,,,2,2023-06-15T01:17:12+00:00
SAO_3754-10,São Paulo,3550308,True,,33817,,,-23.541319,-46.42559925,,,,2,2023-06-15T01:13:59+00:00
SAO_575C-10,São Paulo,3550308,True,,34454,,,-23.5827495,-46.5677015,,,,2,2023-06-15T01:17:03+00:00
SAO_6116-10,São Paulo,3550308,True,,33954,,,-23.753139,-46.688612,,,,2,2023-06-15T01:17:29+00:00
SAO_6116-10,São Paulo,3550308,True,,33954,,,-23.755865999999997,-46.6652595,,,,2,2023-06-15T01:17:26+00:00
SAO_2021-10,São Paulo,3550308,True,,906,,,-23.53778175,-46.40066775,,,,1,2023-06-15T01:17:36+00:00
SAO_2021-10,São Paulo,3550308,True,,906,,,-23.539408125,-46.40033675,,,,1,2023-06-15T01:16:35+00:00
SAO_2021-10,São Paulo,3550308,True,,906,,,-23.542082999999998,-46.41141950000001,,,,1,2023-06-15T01:16:42+00:00
SAO_7062-31,São Paulo,3550308,True,,34682,,,-23.644491000000002,-46.7762,,,,2,2023-06-15T01:17:05+00:00
SAO_7062-31,São Paulo,3550308,True,,34682,,,-23.6341555,-46.774440999999996,,,,2,2023-06-15T01:17:24+00:00
SAO_1732-10,São Paulo,3550308,True,,671,,,-23.4822415,-46.58303275,,,,1,2023-06-15T01:17:14+00:00
SAO_1732-10,São Paulo,3550308,True,,671,,,-23.53805025,-46.648958,,,,1,2023-06-15T01:17:36+00:00
SAO_1732-10,São Paulo,3550308,True,,671,,,-23.493949,-46.610119250000004,,,,1,2023-06-15T01:17:33+00:00
SAO_1732-10,São Paulo,3550308,True,,671,,,-23.50367,-46.6263905,,,,1,2023-06-15T01:17:08+00:00
SAO_7021-10,São Paulo,3550308,True,,34757,,,-23.6754575,-46.7490255,,,,2,2023-06-15T01:17:01+00:00
SAO_7021-10,São Paulo,3550308,True,,34757,,,-23.6706775,-46.767814,,,,2,2023-06-15T01:17:09+00:00
SAO_7021-10,São Paulo,3550308,True,,34757,,,-23.667268,-46.7379335,,,,2,2023-06-15T01:17:04+00:00
SAO_5362-23,São Paulo,3550308,True,,1860,,,-23.735741749999995,-46.695003375,,,,1,2023-06-15T01:17:33+00:00
SAO_5362-23,São Paulo,3550308,True,,1860,,,-23.680556,-46.713172,,,,1,2023-06-15T01:17:38+00:00
SAO_5362-23,São Paulo,3550308,True,,1860,,,-23.75267975,-46.6886135,,,,1,2023-06-15T01:17:29+00:00
SAO_5362-23,São Paulo,3550308,True,,1860,,,-23.632719,-46.69206525,,,,1,2023-06-15T01:16:53+00:00
SAO_2717-10,São Paulo,3550308,True,,33698,,,-23.504811,-46.5114265,,,,2,2023-06-15T01:17:01+00:00
SAO_2717-10,São Paulo,3550308,True,,33698,,,-23.528868,-46.5167825,,,,2,2023-06-15T01:17:22+00:00
SAO_2717-10,São Paulo,3550308,True,,33698,,,-23.504841375,-46.5103025625,,,,2,2023-06-15T01:17:14+00:00
SAO_2717-10,São Paulo,3550308,True,,33698,,,-23.51188525,-46.514422249999996,,,,2,2023-06-15T01:17:38+00:00
SAO_7282-10,São Paulo,3550308,True,,471,,,-23.5464975,-46.7507315,,,,1,2023-06-15T01:17:15+00:00
SAO_7282-10,São Paulo,3550308,True,,471,,,-23.541019249999998,-46.699289750000005,,,,1,2023-06-15T01:17:16+00:00
SAO_7282-10,São Paulo,3550308,True,,471,,,-23.5369275,-46.731688,,,,1,2023-06-15T01:17:18+00:00
SAO_1730-10,São Paulo,3550308,True,,865,,,-23.50565825,-46.624722750000004,,,,1,2023-06-15T01:16:58+00:00
SAO_1730-10,São Paulo,3550308,True,,865,,,-23.502214000000002,-46.6235875,,,,1,2023-06-15T01:17:09+00:00
SAO_3737-10,São Paulo,3550308,True,,1037,,,-23.531106,-46.518448500000005,,,,1,2023-06-15T01:15:40+00:00
SAO_3737-10,São Paulo,3550308,True,,1037,,,-23.554206,-46.5004345,,,,1,2023-06-15T01:17:29+00:00
SAO_3737-10,São Paulo,3550308,True,,1037,,,-23.531106,-46.518448500000005,,,,1,2023-06-15T01:17:24+00:00
SAO_3737-10,São Paulo,3550308,True,,1037,,,-23.5390545,-46.5153125,,,,1,2023-06-15T01:17:31+00:00
SAO_3737-10,São Paulo,3550308,True,,1037,,,-23.546431,-46.50892525,,,,1,2023-06-15T01:17:27+00:00
SAO_3737-10,São Paulo,3550308,True,,1037,,,-23.561603249999997,-46.510615,,,,1,2023-06-15T01:17:05+00:00
SAO_3737-10,São Paulo,3550308,True,,1037,,,-23.545067500000002,-46.5079775,,,,1,2023-06-15T01:17:30+00:00
SAO_709G-10,São Paulo,3550308,True,,34788,,,-23.652657750000003,-46.70861875,,,,2,2023-06-15T01:17:31+00:00
SAO_709G-10,São Paulo,3550308,True,,34788,,,-23.603011875,-46.674597750000004,,,,2,2023-06-15T01:17:29+00:00
SAO_709G-10,São Paulo,3550308,True,,34788,,,-23.669023250000002,-46.734721500000006,,,,2,2023-06-15T01:17:03+00:00
SAO_478P-10,São Paulo,3550308,True,EMTU,349,https://moovitapp.com/index/pt-br/transporte_p%C3%BAblico-line-349-Sao_Paulo-242-2038937-36419432-0,5.1,-23.62815375,-46.59917625,,,,1,2023-06-15T01:17:12+00:00
SAO_478P-10,São Paulo,3550308,True,EMTU,349,https://moovitapp.com/index/pt-br/transporte_p%C3%BAblico-line-349-Sao_Paulo-242-2038937-36419432-0,5.1,-23.555629500000002,-46.6668715,,,,1,2023-06-15T01:17:35+00:00
SAO_478P-10,São Paulo,3550308,True,EMTU,349,https://moovitapp.com/index/pt-br/transporte_p%C3%BAblico-line-349-Sao_Paulo-242-2038937-36419432-0,5.1,-23.5675121875,-46.649083437499996,,,,1,2023-06-15T01:17:00+00:00
SAO_478P-10,São Paulo,3550308,True,EMTU,349,https://moovitapp.com/index/pt-br/transporte_p%C3%BAblico-line-349-Sao_Paulo-242-2038937-36419432-0,5.1,-23.588688624999996,-46.61164825,,,,1,2023-06-15T01:17:13+00:00
SAO_3735-41,São Paulo,3550308,True,,1920,,,-23.5497695,-46.4928965,,,,1,2023-06-15T01:17:15+00:00
SAO_4718-10,São Paulo,3550308,True,EMTU,336,https://moovitapp.com/index/pt-br/transporte_p%C3%BAblico-line-336-Sao_Paulo-242-2038937-36419421-0,4.8,-23.651016,-46.6143215,,,,1,2023-06-15T01:17:38+00:00
SAO_4718-10,São Paulo,3550308,True,EMTU,336,https://moovitapp.com/index/pt-br/transporte_p%C3%BAblico-line-336-Sao_Paulo-242-2038937-36419421-0,4.8,-23.6326565,-46.623597375,,,,1,2023-06-15T01:17:08+00:00
SAO_7011-31,São Paulo,3550308,True,,1954,,,-23.7083255,-46.7920035,,,,1,2023-06-15T01:17:36+00:00
SAO_3728-41,São Paulo,3550308,True,,34756,,,-23.5600245,-46.4856245,,,,2,2023-06-15T01:17:13+00:00
SAO_3728-41,São Paulo,3550308,True,,34756,,,-23.547623875,-46.4862225,,,,2,2023-06-15T01:17:27+00:00
SAO_3728-41,São Paulo,3550308,True,,34756,,,-23.542556,-46.48409475,,,,2,2023-06-15T01:17:02+00:00
SAO_8006-10,São Paulo,3550308,True,,1256,,,-23.431531,-46.7285355,,,,1,2023-06-15T01:16:52+00:00
SAO_8006-10,São Paulo,3550308,True,,1256,,,-23.447277,-46.732063999999994,,,,1,2023-06-15T01:17:21+00:00
SAO_8006-10,São Paulo,3550308,True,,1256,,,-23.445772499999997,-46.7359,,,,1,2023-06-15T01:17:16+00:00
SAO_8006-10,São Paulo,3550308,True,,1256,,,-23.4730665,-46.7265365,,,,1,2023-06-15T01:17:39+00:00
SAO_407K-10,São Paulo,3550308,True,,34936,,,-23.547599499999997,-46.5268475,,,,2,2023-06-15T01:16:56+00:00
SAO_407K-10,São Paulo,3550308,True,,34936,,,-23.5386495,-46.5641825,,,,2,2023-06-15T01:16:58+00:00
SAO_675I-10,São Paulo,3550308,True,,32836,,,-23.616671375000003,-46.675156625,,,,2,2023-06-15T01:17:39+00:00
SAO_675I-10,São Paulo,3550308,True,,32836,,,-23.61461925,-46.677726875000005,,,,2,2023-06-15T01:17:12+00:00
SAO_675I-10,São Paulo,3550308,True,,32836,,,-23.613532499999998,-46.650249,,,,2,2023-06-15T01:17:32+00:00
SAO_4115-10,São Paulo,3550308,True,,33090,,,-23.62159825,-46.62854025,,,,2,2023-06-15T01:17:39+00:00
SAO_4115-10,São Paulo,3550308,True,,33090,,,-23.6109215,-46.628333999999995,,,,2,2023-06-15T01:17:20+00:00
SAO_4115-10,São Paulo,3550308,True,,33090,,,-23.550228,-46.6422055,,,,2,2023-06-15T01:17:26+00:00
SAO_8020-10,São Paulo,3550308,True,,34494,,,-23.5854085,-46.7168815,,,,2,2023-06-15T01:17:02+00:00
SAO_8020-10,São Paulo,3550308,True,,34494,,,-23.6178315,-46.702445499999996,,,,2,2023-06-15T01:16:56+00:00
SAO_5025-10,São Paulo,3550308,True,,1564,,,-23.59964775,-46.585337375,,,,1,2023-06-15T01:17:07+00:00
SAO_5025-10,São Paulo,3550308,True,,1564,,,-23.593977375,-46.578443875,,,,1,2023-06-15T01:17:37+00:00
SAO_4021-10,São Paulo,3550308,True,,2548,,,-23.5457845,-46.457522499999996,,,,1,2023-06-15T01:17:12+00:00
SAO_4021-10,São Paulo,3550308,True,,2548,,,-23.542932,-46.471468,,,,1,2023-06-15T01:17:30+00:00
SAO_6002-10,São Paulo,3550308,True,,34747,,,-23.6817695,-46.68083875,,,,2,2023-06-15T01:17:29+00:00
SAO_6002-10,São Paulo,3550308,True,,34747,,,-23.7052745,-46.693800749999994,,,,2,2023-06-15T01:17:21+00:00
SAO_2088-10,São Paulo,3550308,True,,33140,,,-23.496322499999998,-46.40204725,,,,2,2023-06-15T01:17:08+00:00
SAO_2088-10,São Paulo,3550308,True,,33140,,,-23.5128555,-46.4437095,,,,2,2023-06-15T01:17:32+00:00
SAO_6806-10,São Paulo,3550308,True,,32800,,,-23.6413645,-46.744466,,,,2,2023-06-15T01:17:06+00:00
SAO_6052-31,São Paulo,3550308,True,,34600,,,-23.76764575,-46.717001249999996,,,,2,2023-06-15T01:17:36+00:00
SAO_809R-10,São Paulo,3550308,True,,2067,,,-23.5718,-46.7394405,,,,1,2023-06-15T01:17:41+00:00
SAO_6816-31,São Paulo,3550308,True,,34516,,,-23.651281,-46.775431,,,,2,2023-06-15T01:17:03+00:00
SAO_6816-31,São Paulo,3550308,True,,34516,,,-23.656189,-46.7628905,,,,2,2023-06-15T01:17:34+00:00
SAO_6115-41,São Paulo,3550308,True,,2241,,,-23.7360415,-46.6963535,,,,1,2023-06-15T01:14:17+00:00
SAO_6115-41,São Paulo,3550308,True,,2241,,,-23.7502675,-46.6656285,,,,1,2023-06-15T01:17:19+00:00
SAO_1741-10,São Paulo,3550308,True,,539,,,-23.4639165,-46.663722,,,,1,2023-06-15T01:17:22+00:00
SAO_1741-10,São Paulo,3550308,True,,539,,,-23.4891875,-46.63659775000001,,,,1,2023-06-15T01:17:32+00:00
SAO_8030-10,São Paulo,3550308,True,,35330,,,-23.5950545,-46.7320775,,,,2,2023-06-15T01:17:23+00:00
SAO_8030-10,São Paulo,3550308,True,,35330,,,-23.610284,-46.734243,,,,2,2023-06-15T01:17:11+00:00
SAO_8030-10,São Paulo,3550308,True,,35330,,,-23.6005045,-46.735288,,,,2,2023-06-15T01:17:39+00:00
SAO_6084-10,São Paulo,3550308,True,,1169,,,-23.767677,-46.689820999999995,,,,1,2023-06-15T01:17:10+00:00
SAO_271P-10,São Paulo,3550308,True,,704,,,-23.5316105,-46.55950875,,,,1,2023-06-15T01:17:15+00:00
SAO_271P-10,São Paulo,3550308,True,,704,,,-23.536562749999998,-46.5887755,,,,1,2023-06-15T01:16:56+00:00
SAO_271C-10,São Paulo,3550308,True,STT,682,https://moovitapp.com/index/pt-br/transporte_p%C3%BAblico-line-682-Sao_Paulo-242-850661-183336-0,5.3,-23.5008625,-46.614609,,,,1,2023-06-15T01:17:37+00:00
SAO_271C-10,São Paulo,3550308,True,STT,682,https://moovitapp.com/index/pt-br/transporte_p%C3%BAblico-line-682-Sao_Paulo-242-850661-183336-0,5.3,-23.530092500000002,-46.6422575,,,,1,2023-06-15T01:16:56+00:00
SAO_271C-10,São Paulo,3550308,True,STT,682,https://moovitapp.com/index/pt-br/transporte_p%C3%BAblico-line-682-Sao_Paulo-242-850661-183336-0,5.3,-23.5198525,-46.577584,,,,1,2023-06-15T01:17:16+00:00
SAO_6913-21,São Paulo,3550308,True,,1549,,,-23.766790999999998,-46.716458,,,,1,2023-06-15T01:17:21+00:00
SAO_6913-21,São Paulo,3550308,True,,1549,,,-23.63324325,-46.69242625,,,,1,2023-06-15T01:17:06+00:00
SAO_3006-10,São Paulo,3550308,True,,34633,,,-23.547792,-46.390069,,,,2,2023-06-15T01:17:34+00:00
SAO_3006-10,São Paulo,3550308,True,,34633,,,-23.548008000000003,-46.390071,,,,2,2023-06-15T01:17:19+00:00
SAO_3006-10,São Paulo,3550308,True,,34633,,,-23.547792,-46.390069,,,,2,2023-06-15T01:17:21+00:00
SAO_8013-41,São Paulo,3550308,True,,2011,,,-23.432446499999998,-46.787048,,,,1,2023-06-15T01:17:31+00:00
SAO_8013-41,São Paulo,3550308,True,,2011,,,-23.430226500000003,-46.789194499999994,,,,1,2023-06-15T01:17:17+00:00
SAO_3013-10,São Paulo,3550308,True,,33722,,,-23.5830095,-46.4078305,,,,2,2023-06-15T01:17:37+00:00
SAO_748A-41,São Paulo,3550308,True,EMTU,499,https://moovitapp.com/index/pt-br/transporte_p%C3%BAblico-line-499-Sao_Paulo-242-2038937-36419524-0,5.4,-23.560122500000002,-46.747219125,,,,1,2023-06-15T01:17:04+00:00
SAO_7062-10,São Paulo,3550308,True,,1898,,,-23.633636,-46.771073,,,,1,2023-06-15T01:17:21+00:00
SAO_7062-10,São Paulo,3550308,True,,1898,,,-23.6312955,-46.773033999999996,,,,1,2023-06-15T01:17:41+00:00
SAO_6072-23,São Paulo,3550308,True,,2004,,,-23.767591,-46.7163045,,,,1,2023-06-15T01:17:11+00:00
SAO_8050-31,São Paulo,3550308,True,,33183,,,-23.4276075,-46.787246249999995,,,,2,2023-06-15T01:17:30+00:00
SAO_8050-31,São Paulo,3550308,True,,33183,,,-23.4326825,-46.789405,,,,2,2023-06-15T01:12:36+00:00
SAO_8050-31,São Paulo,3550308,True,,33183,,,-23.516647499999998,-46.72572725,,,,2,2023-06-15T01:17:27+00:00
SAO_8050-31,São Paulo,3550308,True,,33183,,,-23.492511999999998,-46.7655725,,,,2,2023-06-15T01:17:14+00:00
SAO_3024-10,São Paulo,3550308,True,EMTU,277,https://moovitapp.com/index/pt-br/transporte_p%C3%BAblico-line-277-Sao_Paulo-242-2038937-36419380-0,8.15,-23.60652075,-46.535055,,,,1,2023-06-15T01:17:22+00:00
SAO_3024-10,São Paulo,3550308,True,EMTU,277,https://moovitapp.com/index/pt-br/transporte_p%C3%BAblico-line-277-Sao_Paulo-242-2038937-36419380-0,8.15,-23.583550000000002,-46.565605500000004,,,,1,2023-06-15T01:17:02+00:00
SAO_7053-21,São Paulo,3550308,True,,34663,,,-23.630795999999997,-46.7736015,,,,2,2023-06-15T01:17:30+00:00
SAO_7053-21,São Paulo,3550308,True,,34663,,,-23.6341555,-46.774440999999996,,,,2,2023-06-15T01:17:09+00:00
SAO_701U-10,São Paulo,3550308,True,,33425,,,-23.56760575,-46.6953505,,,,2,2023-06-15T01:17:39+00:00
SAO_701U-10,São Paulo,3550308,True,,33425,,,-23.56854775,-46.7116815,,,,2,2023-06-15T01:17:09+00:00
SAO_701U-10,São Paulo,3550308,True,,33425,,,-23.526791,-46.63036124999999,,,,2,2023-06-15T01:17:18+00:00
SAO_701U-10,São Paulo,3550308,True,,33425,,,-23.50798675,-46.624788499999994,,,,2,2023-06-15T01:17:25+00:00
SAO_1034-10,São Paulo,3550308,True,,2452,,,-23.485754,-46.710454,,,,1,2023-06-15T01:17:36+00:00
SAO_1034-10,São Paulo,3550308,True,,2452,,,-23.4699815,-46.704907500000004,,,,1,2023-06-15T01:17:30+00:00
SAO_7012-10,São Paulo,3550308,True,,2043,,,-23.704611999999997,-46.772419,,,,1,2023-06-15T01:17:34+00:00
SAO_7012-10,São Paulo,3550308,True,,2043,,,-23.669901,-46.7351965,,,,1,2023-06-15T01:17:08+00:00
SAO_7012-10,São Paulo,3550308,True,,2043,,,-23.6759545,-46.7530775,,,,1,2023-06-15T01:17:12+00:00
SAO_9051-10,São Paulo,3550308,True,,2089,,,-23.5227365,-46.701160625,,,,1,2023-06-15T01:16:56+00:00
SAO_9051-10,São Paulo,3550308,True,,2089,,,-23.55892875,-46.698054,,,,1,2023-06-15T01:17:26+00:00
SAO_9051-10,São Paulo,3550308,True,,2089,,,-23.56555875,-46.7010795,,,,1,2023-06-15T01:16:09+00:00
SAO_2725-10,São Paulo,3550308,True,,939,,,-23.523377500000002,-46.472772,,,,1,2023-06-15T01:15:03+00:00
SAO_2725-10,São Paulo,3550308,True,,939,,,-23.504396,-46.469614500000006,,,,1,2023-06-15T01:17:37+00:00
SAO_2725-10,São Paulo,3550308,True,,939,,,-23.507055,-46.4670735,,,,1,2023-06-15T01:17:02+00:00
SAO_2725-10,São Paulo,3550308,True,,939,,,-23.523636250000003,-46.47435425,,,,1,2023-06-15T01:17:08+00:00
SAO_2725-10,São Paulo,3550308,True,,939,,,-23.5070455,-46.466958,,,,1,2023-06-15T01:17:11+00:00
SAO_775V-10,São Paulo,3550308,True,,475,,,-23.56775975,-46.69600174999999,,,,1,2023-06-15T01:17:03+00:00
SAO_6076-41,São Paulo,3550308,True,,1986,,,-23.6703155,-46.711173,,,,1,2023-06-15T01:17:03+00:00
SAO_3756-10,São Paulo,3550308,True,,1050,,,-23.563498000000003,-46.4181125,,,,1,2023-06-15T01:17:38+00:00
SAO_909T-1,São Paulo,3550308,True,,35280,,,-23.565859,-46.7013775,,,,2,2023-06-15T01:17:34+00:00
SAO_7545-10,São Paulo,3550308,True,,504,,,-23.5727175,-46.704574,,,,1,2023-06-15T01:17:31+00:00
SAO_7545-10,São Paulo,3550308,True,,504,,,-23.600253874999996,-46.7922625,,,,1,2023-06-15T01:17:24+00:00
SAO_6258-31,São Paulo,3550308,True,,1783,,,-23.669522,-46.735257,,,,1,2023-06-15T01:17:04+00:00
SAO_5106-10,São Paulo,3550308,True,,34048,,,-23.6852145,-46.653948,,,,2,2023-06-15T01:16:59+00:00
SAO_5106-10,São Paulo,3550308,True,,34048,,,-23.5789425,-46.651126500000004,,,,2,2023-06-15T01:17:20+00:00
SAO_5106-10,São Paulo,3550308,True,,34048,,,-23.695118,-46.648917999999995,,,,2,2023-06-15T01:17:13+00:00
SAO_5106-10,São Paulo,3550308,True,,34048,,,-23.60966275,-46.63795625,,,,2,2023-06-15T01:16:59+00:00
SAO_5106-10,São Paulo,3550308,True,,34048,,,-23.66092975,-46.637235000000004,,,,2,2023-06-15T01:17:32+00:00
SAO_5106-10,São Paulo,3550308,True,,34048,,,-23.635889,-46.6414665,,,,2,2023-06-15T01:16:59+00:00
SAO_6816-10,São Paulo,3550308,True,BR7 Mobilidade,26,https://moovitapp.com/index/pt-br/transporte_p%C3%BAblico-line-26-Sao_Paulo-242-851856-577923-0,5.75,-23.65617925,-46.76545075,,,,1,2023-06-15T01:17:39+00:00
SAO_6816-10,São Paulo,3550308,True,BR7 Mobilidade,26,https://moovitapp.com/index/pt-br/transporte_p%C3%BAblico-line-26-Sao_Paulo-242-851856-577923-0,5.75,-23.6498135,-46.783501,,,,1,2023-06-15T01:16:59+00:00
SAO_9020-10,São Paulo,3550308,True,,1434,,,-23.471149,-46.7164865,,,,1,2023-06-15T01:17:07+00:00
SAO_9020-10,São Paulo,3550308,True,,1434,,,-23.4830285,-46.728063750000004,,,,1,2023-06-15T01:17:13+00:00
SAO_9020-10,São Paulo,3550308,True,,1434,,,-23.4819375,-46.723595,,,,1,2023-06-15T01:17:33+00:00
SAO_8013-41,São Paulo,3550308,True,,34779,,,-23.435357500000002,-46.8097745,,,,2,2023-06-15T01:17:04+00:00
SAO_8050-10,São Paulo,3550308,True,,412,,,-23.430071499999997,-46.789539500000004,,,,1,2023-06-15T01:17:01+00:00
SAO_6039-21,São Paulo,3550308,True,,35261,,,-23.660277999999998,-46.768888000000004,,,,2,2023-06-15T01:16:46+00:00
SAO_7005-51,São Paulo,3550308,True,,34767,,,-23.7322495,-46.784856500000004,,,,2,2023-06-15T01:17:13+00:00
SAO_7005-51,São Paulo,3550308,True,,34767,,,-23.683855,-46.7699245,,,,2,2023-06-15T01:17:03+00:00
SAO_7005-51,São Paulo,3550308,True,,34767,,,-23.736798999999998,-46.776543000000004,,,,2,2023-06-15T01:17:37+00:00
SAO_7005-51,São Paulo,3550308,True,,34767,,,-23.671259499999998,-46.7730185,,,,2,2023-06-15T01:17:32+00:00
SAO_7005-51,São Paulo,3550308,True,,34767,,,-23.698709,-46.779567,,,,2,2023-06-15T01:16:56+00:00
SAO_6042-21,São Paulo,3550308,True,,34543,,,-23.6733335,-46.773441,,,,2,2023-06-15T01:17:28+00:00
SAO_2002-10,São Paulo,3550308,True,,33479,,,-23.550302000000002,-46.6316285,,,,2,2023-06-15T01:17:27+00:00
SAO_4718-10,São Paulo,3550308,True,,33104,,,-23.6415195,-46.6135345,,,,2,2023-06-15T01:17:04+00:00
SAO_4718-10,São Paulo,3550308,True,,33104,,,-23.6132795,-46.620156,,,,2,2023-06-15T01:17:03+00:00
SAO_695X-22,São Paulo,3550308,True,,1621,,,-23.7667585,-46.71704,,,,1,2023-06-15T01:17:02+00:00
SAO_695X-22,São Paulo,3550308,True,,1621,,,-23.767727999999998,-46.7167135,,,,1,2023-06-15T01:17:22+00:00
SAO_5110-41,São Paulo,3550308,True,,2210,,,-23.601402,-46.526181,,,,1,2023-06-15T01:17:35+00:00
SAO_5110-41,São Paulo,3550308,True,,2210,,,-23.5839325,-46.5762315,,,,1,2023-06-15T01:17:25+00:00
SAO_5110-41,São Paulo,3550308,True,,2210,,,-23.61432325,-46.499484249999995,,,,1,2023-06-15T01:17:30+00:00
SAO_909T-10,São Paulo,3550308,True,,2256,,,-23.564658125,-46.68934275,,,,1,2023-06-15T01:16:56+00:00
SAO_675P-10,São Paulo,3550308,True,STT,275,https://moovitapp.com/index/pt-br/transporte_p%C3%BAblico-line-275-Sao_Paulo-242-850661-183275-0,5.3,-23.657638499999997,-46.6549165,,,,1,2023-06-15T01:17:28+00:00
SAO_6806-10,São Paulo,3550308,True,BR7 Mobilidade,32,https://moovitapp.com/index/pt-br/transporte_p%C3%BAblico-line-32-Sao_Paulo-242-851856-586488-0,5.75,-23.6439105,-46.7348865,,,,1,2023-06-15T01:16:41+00:00
SAO_6806-10,São Paulo,3550308,True,BR7 Mobilidade,32,https://moovitapp.com/index/pt-br/transporte_p%C3%BAblico-line-32-Sao_Paulo-242-851856-586488-0,5.75,-23.6335975,-46.7578985,,,,1,2023-06-15T01:17:18+00:00
SAO_6012-10,São Paulo,3550308,True,,1204,,,-23.652103750000002,-46.70216125,,,,1,2023-06-15T01:17:16+00:00
SAO_6012-10,São Paulo,3550308,True,,1204,,,-23.686561,-46.7870745,,,,1,2023-06-15T01:17:22+00:00
SAO_6012-10,São Paulo,3550308,True,,1204,,,-23.6692185,-46.7348685,,,,1,2023-06-15T01:17:24+00:00
SAO_9188-42,São Paulo,3550308,True,,34479,,,-23.497348,-46.714601,,,,2,2023-06-15T01:17:23+00:00
SAO_9188-42,São Paulo,3550308,True,,34479,,,-23.455043500000002,-46.747198499999996,,,,2,2023-06-15T01:16:52+00:00
SAO_3064-10,São Paulo,3550308,True,Urubupungá,980,https://moovitapp.com/index/pt-br/transporte_p%C3%BAblico-line-980-Sao_Paulo-242-873835-76224585-0,4.6,-23.580005125,-46.4126035,,,,1,2023-06-15T01:17:15+00:00
SAO_3064-10,São Paulo,3550308,True,Urubupungá,980,https://moovitapp.com/index/pt-br/transporte_p%C3%BAblico-line-980-Sao_Paulo-242-873835-76224585-0,4.6,-23.5992885,-46.401830000000004,,,,1,2023-06-15T01:17:04+00:00
SAO_3064-10,São Paulo,3550308,True,Urubupungá,980,https://moovitapp.com/index/pt-br/transporte_p%C3%BAblico-line-980-Sao_Paulo-242-873835-76224585-0,4.6,-23.559675499999997,-46.412636500000005,,,,1,2023-06-15T01:17:19+00:00
SAO_3064-10,São Paulo,3550308,True,Urubupungá,980,https://moovitapp.com/index/pt-br/transporte_p%C3%BAblico-line-980-Sao_Paulo-242-873835-76224585-0,4.6,-23.5427145,-46.4149935,,,,1,2023-06-15T01:17:16+00:00
SAO_3064-10,São Paulo,3550308,True,Urubupungá,980,https://moovitapp.com/index/pt-br/transporte_p%C3%BAblico-line-980-Sao_Paulo-242-873835-76224585-0,4.6,-23.549132,-46.4124235,,,,1,2023-06-15T01:17:12+00:00
SAO_8043-10,São Paulo,3550308,True,,407,,,-23.5211875,-46.711933,,,,1,2023-06-15T01:17:23+00:00
SAO_2201-10,São Paulo,3550308,True,,909,,,-23.542133,-46.4148525,,,,1,2023-06-15T01:17:03+00:00
SAO_2201-10,São Paulo,3550308,True,,909,,,-23.534090499999998,-46.398919500000005,,,,1,2023-06-15T01:17:30+00:00
SAO_1772-10,São Paulo,3550308,True,,635,,,-23.47106625,-46.597243000000006,,,,1,2023-06-15T01:14:40+00:00
SAO_1772-10,São Paulo,3550308,True,,635,,,-23.4349075,-46.581235,,,,1,2023-06-15T01:17:33+00:00
SAO_8055-10,São Paulo,3550308,True,,414,,,-23.494327,-46.7579995,,,,1,2023-06-15T01:17:22+00:00
SAO_8055-10,São Paulo,3550308,True,,414,,,-23.40689175,-46.741677875,,,,1,2023-06-15T01:17:33+00:00
SAO_8055-10,São Paulo,3550308,True,,414,,,-23.523029,-46.717975499999994,,,,1,2023-06-15T01:17:27+00:00
SAO_5194-10,São Paulo,3550308,True,EMTU,269,https://moovitapp.com/index/pt-br/transporte_p%C3%BAblico-line-269-Sao_Paulo-242-2038937-36419377-0,5.35,-23.6929245,-46.659800000000004,,,,1,2023-06-15T01:17:37+00:00
SAO_5194-10,São Paulo,3550308,True,EMTU,269,https://moovitapp.com/index/pt-br/transporte_p%C3%BAblico-line-269-Sao_Paulo-242-2038937-36419377-0,5.35,-23.627744999999997,-46.661672,,,,1,2023-06-15T01:17:03+00:00
SAO_5194-10,São Paulo,3550308,True,EMTU,269,https://moovitapp.com/index/pt-br/transporte_p%C3%BAblico-line-269-Sao_Paulo-242-2038937-36419377-0,5.35,-23.647521,-46.67521075,,,,1,2023-06-15T01:17:24+00:00
SAO_4015-10,São Paulo,3550308,True,,2188,,,-23.6224565,-46.47773025,,,,1,2023-06-15T01:17:15+00:00
SAO_271C-10,São Paulo,3550308,True,,33450,,,-23.503522625000002,-46.6246515,,,,2,2023-06-15T01:17:11+00:00
SAO_271C-10,São Paulo,3550308,True,,33450,,,-23.521106,-46.57878650000001,,,,2,2023-06-15T01:17:12+00:00
SAO_271C-10,São Paulo,3550308,True,,33450,,,-23.504286999999998,-46.612843749999996,,,,2,2023-06-15T01:17:25+00:00
SAO_271C-10,São Paulo,3550308,True,,33450,,,-23.531568,-46.632143,,,,2,2023-06-15T01:17:37+00:00
SAO_2028-10,São Paulo,3550308,True,,35031,,,-23.4490735,-46.5883325,,,,2,2023-06-15T01:17:21+00:00
SAO_2028-10,São Paulo,3550308,True,,35031,,,-23.437908,-46.571484999999996,,,,2,2023-06-15T01:15:11+00:00
SAO_2028-10,São Paulo,3550308,True,,35031,,,-23.467356375,-46.597308625,,,,2,2023-06-15T01:17:24+00:00
SAO_3033-10,São Paulo,3550308,True,,33736,,,-23.5941015,-46.420638499999995,,,,2,2023-06-15T01:17:20+00:00
SAO_3033-10,São Paulo,3550308,True,,33736,,,-23.554381499999998,-46.401443,,,,2,2023-06-15T01:17:06+00:00
SAO_3033-10,São Paulo,3550308,True,,33736,,,-23.573238500000002,-46.4159355,,,,2,2023-06-15T01:17:21+00:00
SAO_3033-10,São Paulo,3550308,True,,33736,,,-23.594765,-46.4457455,,,,2,2023-06-15T01:16:00+00:00
SAO_3033-10,São Paulo,3550308,True,,33736,,,-23.5945975,-46.4473665,,,,2,2023-06-15T01:17:14+00:00
SAO_6823-10,São Paulo,3550308,True,,34,,,-23.659836,-46.7703075,,,,1,2023-06-15T01:17:38+00:00
SAO_3026-10,São Paulo,3550308,True,,33730,,,-23.551776,-46.4131675,,,,2,2023-06-15T01:16:32+00:00
SAO_3026-10,São Paulo,3550308,True,,33730,,,-23.576941875,-46.392565250000004,,,,2,2023-06-15T01:16:59+00:00
SAO_1701-10,São Paulo,3550308,True,EMTU,845,https://moovitapp.com/index/pt-br/transporte_p%C3%BAblico-line-845-Sao_Paulo-242-2038937-36419607-0,5.15,-23.480483999999997,-46.6003535,,,,1,2023-06-15T01:17:30+00:00
SAO_1701-10,São Paulo,3550308,True,EMTU,845,https://moovitapp.com/index/pt-br/transporte_p%C3%BAblico-line-845-Sao_Paulo-242-2038937-36419607-0,5.15,-23.504321875000002,-46.624678125,,,,1,2023-06-15T01:17:10+00:00
SAO_1701-10,São Paulo,3550308,True,EMTU,845,https://moovitapp.com/index/pt-br/transporte_p%C3%BAblico-line-845-Sao_Paulo-242-2038937-36419607-0,5.15,-23.465961,-46.5860585,,,,1,2023-06-15T01:17:16+00:00
SAO_6055-10,São Paulo,3550308,True,,1146,,,-23.709000500000002,-46.699838,,,,1,2023-06-15T01:17:36+00:00
SAO_6055-10,São Paulo,3550308,True,,1146,,,-23.732001,-46.6976735,,,,1,2023-06-15T01:17:38+00:00
SAO_6055-10,São Paulo,3550308,True,,1146,,,-23.683146999999998,-46.690544,,,,1,2023-06-15T01:17:03+00:00
SAO_6055-10,São Paulo,3550308,True,,1146,,,-23.757572,-46.705327,,,,1,2023-06-15T01:17:21+00:00
SAO_1788-51,São Paulo,3550308,True,,654,,,-23.443563,-46.5956515,,,,1,2023-06-15T01:14:49+00:00
SAO_4013-10,São Paulo,3550308,True,,2186,,,-23.612455,-46.4761845,,,,1,2023-06-15T01:17:30+00:00
SAO_4013-10,São Paulo,3550308,True,,2186,,,-23.6353085,-46.443883,,,,1,2023-06-15T01:17:32+00:00
SAO_2709-31,São Paulo,3550308,True,,923,,,-23.526560500000002,-46.4878445,,,,1,2023-06-15T01:17:24+00:00
SAO_809A-10,São Paulo,3550308,True,,2069,,,-23.56534875,-46.69745825,,,,1,2023-06-15T01:17:31+00:00
SAO_809A-10,São Paulo,3550308,True,,2069,,,-23.58006975,-46.782570500000006,,,,1,2023-06-15T01:17:12+00:00
SAO_809A-10,São Paulo,3550308,True,,2069,,,-23.579045999999998,-46.779109000000005,,,,1,2023-06-15T01:17:23+00:00
SAO_809A-10,São Paulo,3550308,True,,2069,,,-23.575936499999997,-46.775704000000005,,,,1,2023-06-15T01:17:37+00:00
SAO_4005-10,São Paulo,3550308,True,,2179,,,-23.580149,-46.399117000000004,,,,1,2023-06-15T01:16:26+00:00
SAO_4005-10,São Paulo,3550308,True,,2179,,,-23.58298575,-46.40602975,,,,1,2023-06-15T01:17:28+00:00
SAO_4005-10,São Paulo,3550308,True,,2179,,,-23.5833585,-46.4077735,,,,1,2023-06-15T01:17:38+00:00
SAO_1745-10,São Paulo,3550308,True,,546,,,-23.511522937499997,-46.6159475,,,,1,2023-06-15T01:16:59+00:00
SAO_1745-10,São Paulo,3550308,True,,546,,,-23.50850175,-46.625044375,,,,1,2023-06-15T01:17:01+00:00
SAO_1745-10,São Paulo,3550308,True,,546,,,-23.497586,-46.637547,,,,1,2023-06-15T01:17:24+00:00
SAO_4222-10,São Paulo,3550308,True,EMTU,288,https://moovitapp.com/index/pt-br/transporte_p%C3%BAblico-line-288-Sao_Paulo-242-2038937-36419389-0,5.1,-23.579445749999998,-46.580741249999996,,,,1,2023-06-15T01:17:24+00:00
SAO_9018-10,São Paulo,3550308,True,,1271,,,-23.4831955,-46.7216525,,,,1,2023-06-15T01:17:00+00:00
SAO_2032-10,São Paulo,3550308,True,,2266,,,-23.486280999999998,-46.5780405,,,,1,2023-06-15T01:17:20+00:00
SAO_2032-10,São Paulo,3550308,True,,2266,,,-23.501437,-46.6119055,,,,1,2023-06-15T01:17:04+00:00
SAO_2032-10,São Paulo,3550308,True,,2266,,,-23.4842545,-46.573038499999996,,,,1,2023-06-15T01:17:05+00:00
SAO_7411-10,São Paulo,3550308,True,,1376,,,-23.566707625000003,-46.682387875,,,,1,2023-06-15T01:17:38+00:00
SAO_8072-10,São Paulo,3550308,True,,2079,,,-23.642163,-46.766020499999996,,,,1,2023-06-15T01:17:10+00:00
SAO_8072-10,São Paulo,3550308,True,,2079,,,-23.62713,-46.761424500000004,,,,1,2023-06-15T01:17:07+00:00
SAO_609J-10,São Paulo,3550308,True,,2242,,,-23.626444,-46.659729,,,,1,2023-06-15T01:17:13+00:00
SAO_177Y-10,São Paulo,3550308,True,,867,,,-23.5554095,-46.6817275,,,,1,2023-06-15T01:17:17+00:00
SAO_177Y-10,São Paulo,3550308,True,,867,,,-23.5273505,-46.6667755,,,,1,2023-06-15T01:17:23+00:00
SAO_4286-10,São Paulo,3550308,True,,33094,,,-23.596726750000002,-46.54372075,,,,2,2023-06-15T01:17:05+00:00
SAO_278A-10,São Paulo,3550308,True,,706,,,-23.535688375,-46.58498425,,,,1,2023-06-15T01:17:04+00:00
SAO_278A-10,São Paulo,3550308,True,,706,,,-23.522862,-46.5321525,,,,1,2023-06-15T01:17:06+00:00
SAO_278A-10,São Paulo,3550308,True,,706,,,-23.4998845,-46.623764249999994,,,,1,2023-06-15T01:17:35+00:00
SAO_278A-10,São Paulo,3550308,True,,706,,,-23.523456000000003,-46.546,,,,1,2023-06-15T01:12:35+00:00
SAO_278A-10,São Paulo,3550308,True,,706,,,-23.503203499999998,-46.624899,,,,1,2023-06-15T01:17:29+00:00
SAO_675A-10,São Paulo,3550308,True,,34086,,,-23.6619785,-46.755653,,,,2,2023-06-15T01:17:26+00:00
SAO_675A-10,São Paulo,3550308,True,,34086,,,-23.644357,-46.7277615,,,,2,2023-06-15T01:17:15+00:00
SAO_675A-10,São Paulo,3550308,True,,34086,,,-23.636247249999997,-46.69576775,,,,2,2023-06-15T01:17:16+00:00
SAO_675A-10,São Paulo,3550308,True,,34086,,,-23.614514874999998,-46.649846999999994,,,,2,2023-06-15T01:17:21+00:00
SAO_675A-10,São Paulo,3550308,True,,34086,,,-23.6618045,-46.752838,,,,2,2023-06-15T01:17:25+00:00
SAO_675A-10,São Paulo,3550308,True,,34086,,,-23.63123775,-46.705691,,,,2,2023-06-15T01:17:18+00:00
SAO_2767-10,São Paulo,3550308,True,,33009,,,-23.5127235,-46.515349,,,,2,2023-06-15T01:17:36+00:00
SAO_2767-10,São Paulo,3550308,True,,33009,,,-23.506508250000003,-46.4585765,,,,2,2023-06-15T01:17:18+00:00
SAO_4055-10,São Paulo,3550308,True,,2447,,,-23.5430895,-46.416463,,,,1,2023-06-15T01:17:20+00:00
SAO_2010-10,São Paulo,3550308,True,,2104,,,-23.522831,-46.624535,,,,1,2023-06-15T01:16:58+00:00
SAO_2010-10,São Paulo,3550308,True,,2104,,,-23.499950499999997,-46.621325,,,,1,2023-06-15T01:17:08+00:00
SAO_2010-10,São Paulo,3550308,True,,2104,,,-23.482989,-46.5902905,,,,1,2023-06-15T01:16:57+00:00
SAO_1786-10,São Paulo,3550308,True,,649,,,-23.455188,-46.614441,,,,1,2023-06-15T01:17:01+00:00
SAO_4735-10,São Paulo,3550308,True,,33878,,,-23.61858625,-46.47226175,,,,2,2023-06-15T01:17:41+00:00
SAO_4742-10,São Paulo,3550308,True,EMTU,342,https://moovitapp.com/index/pt-br/transporte_p%C3%BAblico-line-342-Sao_Paulo-242-2038937-36419426-0,7.55,-23.650487,-46.621263,,,,1,2023-06-15T01:16:39+00:00
SAO_4742-10,São Paulo,3550308,True,EMTU,342,https://moovitapp.com/index/pt-br/transporte_p%C3%BAblico-line-342-Sao_Paulo-242-2038937-36419426-0,7.55,-23.638069,-46.609136,,,,1,2023-06-15T01:17:18+00:00
SAO_178A-10,São Paulo,3550308,True,EMTU,558,https://moovitapp.com/index/pt-br/transporte_p%C3%BAblico-line-558-Sao_Paulo-242-2038937-36419559-0,4.4,-23.503149999999998,-46.623488,,,,1,2023-06-15T01:17:25+00:00
SAO_1775-10,São Paulo,3550308,True,,638,,,-23.502999,-46.624904,,,,1,2023-06-15T01:16:56+00:00
SAO_3737-31,São Paulo,3550308,True,,34122,,,-23.5302815,-46.5166185,,,,2,2023-06-15T01:17:18+00:00
SAO_2451-10,São Paulo,3550308,True,EMTU,213,https://moovitapp.com/index/pt-br/transporte_p%C3%BAblico-line-213-Sao_Paulo-242-2038937-36419335-0,6.7,-23.516511,-46.4891825,,,,1,2023-06-15T01:16:56+00:00
SAO_2451-10,São Paulo,3550308,True,EMTU,213,https://moovitapp.com/index/pt-br/transporte_p%C3%BAblico-line-213-Sao_Paulo-242-2038937-36419335-0,6.7,-23.529243,-46.5540865,,,,1,2023-06-15T01:17:25+00:00
SAO_6L07-10,São Paulo,3550308,True,,1545,,,-23.813377,-46.708622,,,,1,2023-06-15T01:16:09+00:00
SAO_6012-31,São Paulo,3550308,True,,1776,,,-23.693067,-46.7912135,,,,1,2023-06-15T01:17:07+00:00
SAO_9012-10,São Paulo,3550308,True,,34036,,,-23.519813,-46.699920500000005,,,,2,2023-06-15T01:17:15+00:00
SAO_9012-10,São Paulo,3550308,True,,34036,,,-23.502515000000002,-46.686029000000005,,,,2,2023-06-15T01:17:29+00:00
SAO_809R-10,São Paulo,3550308,True,,34835,,,-23.56691,-46.754742500000006,,,,2,2023-06-15T01:17:16+00:00
SAO_809R-10,São Paulo,3550308,True,,34835,,,-23.581757500000002,-46.7601035,,,,2,2023-06-15T01:17:01+00:00
SAO_809R-10,São Paulo,3550308,True,,34835,,,-23.571717875,-46.706899500000006,,,,2,2023-06-15T01:16:59+00:00
SAO_574C-10,São Paulo,3550308,True,,34407,,,-23.6018805,-46.5694715,,,,2,2023-06-15T01:17:35+00:00
SAO_574C-10,São Paulo,3550308,True,,34407,,,-23.6035005,-46.509857,,,,2,2023-06-15T01:17:10+00:00
SAO_574C-10,São Paulo,3550308,True,,34407,,,-23.6112865,-46.473203,,,,2,2023-06-15T01:17:18+00:00
SAO_7545-21,São Paulo,3550308,True,,34496,,,-23.572423,-46.7091655,,,,2,2023-06-15T01:17:33+00:00
SAO_6817-10,São Paulo,3550308,True,,27,,,-23.6851545,-46.782897500000004,,,,1,2023-06-15T01:16:57+00:00
SAO_6817-10,São Paulo,3550308,True,,27,,,-23.6692775,-46.7731525,,,,1,2023-06-15T01:17:10+00:00
SAO_3754-10,São Paulo,3550308,True,,1049,,,-23.539844499999997,-46.426242375,,,,1,2023-06-15T01:17:10+00:00
SAO_3754-10,São Paulo,3550308,True,,1049,,,-23.537851125000003,-46.455333,,,,1,2023-06-15T01:15:51+00:00
SAO_3754-10,São Paulo,3550308,True,,1049,,,-23.573558,-46.3990645,,,,1,2023-06-15T01:17:21+00:00
SAO_546J-10,São Paulo,3550308,True,,1133,,,-23.674671,-46.661978500000004,,,,1,2023-06-15T01:17:03+00:00
SAO_546J-10,São Paulo,3550308,True,,1133,,,-23.6930735,-46.65947,,,,1,2023-06-15T01:17:02+00:00
SAO_546J-10,São Paulo,3550308,True,,1133,,,-23.671526875,-46.66808925,,,,1,2023-06-15T01:17:22+00:00
SAO_5145-10,São Paulo,3550308,True,,1641,,,-23.569008,-46.611245,,,,1,2023-06-15T01:17:39+00:00
SAO_5145-10,São Paulo,3550308,True,,1641,,,-23.577193,-46.609338,,,,1,2023-06-15T01:17:20+00:00
SAO_475M-10,São Paulo,3550308,True,EMTU,343,https://moovitapp.com/index/pt-br/transporte_p%C3%BAblico-line-343-Sao_Paulo-242-2038937-36419427-0,5.15,-23.595066,-46.618823000000006,,,,1,2023-06-15T01:17:16+00:00
SAO_2769-10,São Paulo,3550308,True,,397,,,-23.52259575,-46.53665875,,,,1,2023-06-15T01:14:05+00:00
SAO_2769-10,São Paulo,3550308,True,,397,,,-23.511128,-46.509549,,,,1,2023-06-15T01:17:24+00:00
SAO_8019-31,São Paulo,3550308,True,,2574,,,-23.59203575,-46.735672,,,,1,2023-06-15T01:16:56+00:00
SAO_8019-31,São Paulo,3550308,True,,2574,,,-23.5667485,-46.754223499999995,,,,1,2023-06-15T01:17:22+00:00
SAO_2767-10,São Paulo,3550308,True,EMTU,241,https://moovitapp.com/index/pt-br/transporte_p%C3%BAblico-line-241-Sao_Paulo-242-2038937-36419354-0,5.15,-23.539867,-46.5767165,,,,1,2023-06-15T01:17:35+00:00
SAO_917M-10,São Paulo,3550308,True,,34134,,,-23.5683118125,-46.6480403125,,,,2,2023-06-15T01:17:18+00:00
SAO_917M-10,São Paulo,3550308,True,,34134,,,-23.5734135,-46.642413875,,,,2,2023-06-15T01:17:02+00:00
SAO_917M-10,São Paulo,3550308,True,,34134,,,-23.5445625,-46.6656665,,,,2,2023-06-15T01:17:20+00:00
SAO_917M-10,São Paulo,3550308,True,,34134,,,-23.5463925,-46.670137499999996,,,,2,2023-06-15T01:17:36+00:00
SAO_917M-10,São Paulo,3550308,True,,34134,,,-23.56270025,-46.654886000000005,,,,2,2023-06-15T01:17:11+00:00
SAO_4092-10,São Paulo,3550308,True,,1876,,,-23.5875555,-46.422072,,,,1,2023-06-15T01:17:20+00:00
SAO_4092-10,São Paulo,3550308,True,,1876,,,-23.582262,-46.41591,,,,1,2023-06-15T01:17:41+00:00
SAO_9701-10,São Paulo,3550308,True,,569,,,-23.51922,-46.667441,,,,1,2023-06-15T01:17:19+00:00
SAO_6037-10,São Paulo,3550308,True,,1215,,,-23.649198,-46.7526175,,,,1,2023-06-15T01:17:15+00:00
SAO_6037-10,São Paulo,3550308,True,,1215,,,-23.6444175,-46.744783999999996,,,,1,2023-06-15T01:17:09+00:00
SAO_6037-10,São Paulo,3550308,True,,1215,,,-23.660007875,-46.772695,,,,1,2023-06-15T01:17:27+00:00
SAO_2762-10,São Paulo,3550308,True,,144,,,-23.5399035,-46.5769205,,,,1,2023-06-15T01:17:18+00:00
SAO_2762-10,São Paulo,3550308,True,,144,,,-23.499802250000002,-46.528645125,,,,1,2023-06-15T01:17:31+00:00
SAO_2762-10,São Paulo,3550308,True,,144,,,-23.5399405,-46.5771285,,,,1,2023-06-15T01:17:39+00:00
SAO_2762-10,São Paulo,3550308,True,,144,,,-23.487693,-46.4794465,,,,1,2023-06-15T01:17:15+00:00
SAO_8023-10,São Paulo,3550308,True,,34842,,,-23.590517875,-46.802538874999996,,,,2,2023-06-15T01:17:32+00:00
SAO_8023-10,São Paulo,3550308,True,,34842,,,-23.583115,-46.774995,,,,2,2023-06-15T01:17:24+00:00
SAO_775P-10,São Paulo,3550308,True,EMTU,507,https://moovitapp.com/index/pt-br/transporte_p%C3%BAblico-line-507-Sao_Paulo-242-2038937-36419529-0,5.65,-23.5997205,-46.756955,,,,1,2023-06-15T01:17:21+00:00
SAO_9162-10,São Paulo,3550308,True,,1365,,,-23.48547925,-46.66465175,,,,1,2023-06-15T01:17:13+00:00
SAO_4112-10,São Paulo,3550308,True,,767,,,-23.54264225,-46.63977325,,,,1,2023-06-15T01:17:25+00:00
SAO_4112-10,São Paulo,3550308,True,,767,,,-23.58181775,-46.626149,,,,1,2023-06-15T01:17:13+00:00
SAO_6063-43,São Paulo,3550308,True,,2480,,,-23.829891,-46.6655925,,,,1,2023-06-15T01:17:00+00:00
SAO_6002-10,São Paulo,3550308,True,,1979,,,-23.71033775,-46.69684650000001,,,,1,2023-06-15T01:17:23+00:00
SAO_314V-10,São Paulo,3550308,True,EMTU,311,https://moovitapp.com/index/pt-br/transporte_p%C3%BAblico-line-311-Sao_Paulo-242-2038937-36419403-0,7.9,-23.56869,-46.61127675,,,,1,2023-06-15T01:17:22+00:00
SAO_4051-10,São Paulo,3550308,True,,2144,,,-23.559752,-46.3989825,,,,1,2023-06-15T01:16:33+00:00
SAO_4051-10,São Paulo,3550308,True,,2144,,,-23.5475305,-46.40872625,,,,1,2023-06-15T01:17:25+00:00
SAO_4051-10,São Paulo,3550308,True,,2144,,,-23.5429875,-46.41361,,,,1,2023-06-15T01:17:07+00:00
SAO_6053-10,São Paulo,3550308,True,,1145,,,-23.76622,-46.6699835,,,,1,2023-06-15T01:17:13+00:00
SAO_6053-10,São Paulo,3550308,True,,1145,,,-23.7566065,-46.667469999999994,,,,1,2023-06-15T01:17:14+00:00
SAO_6053-10,São Paulo,3550308,True,,1145,,,-23.73608675,-46.694618500000004,,,,1,2023-06-15T01:17:13+00:00
SAO_390E-41,São Paulo,3550308,True,,35301,,,-23.540801000000002,-46.5759485,,,,2,2023-06-15T01:17:27+00:00
SAO_407F-10,São Paulo,3550308,True,,2167,,,-23.559010375,-46.568846625000006,,,,1,2023-06-15T01:17:38+00:00
SAO_407F-10,São Paulo,3550308,True,,2167,,,-23.60457275,-46.48084675,,,,1,2023-06-15T01:16:51+00:00
SAO_8075-21,São Paulo,3550308,True,,2537,,,-23.59181125,-46.73579,,,,1,2023-06-15T01:17:23+00:00
SAO_8001-10,São Paulo,3550308,True,,1251,,,-23.511757875,-46.73816099999999,,,,1,2023-06-15T01:17:22+00:00
SAO_7725-10,São Paulo,3550308,True,EMTU,472,https://moovitapp.com/index/pt-br/transporte_p%C3%BAblico-line-472-Sao_Paulo-242-2038937-36419508-0,35.0,-23.5660325,-46.738771,,,,1,2023-06-15T01:17:08+00:00
SAO_2740-10,São Paulo,3550308,True,,1792,,,-23.478065,-46.610716,,,,1,2023-06-15T01:17:16+00:00
SAO_2740-10,São Paulo,3550308,True,,1792,,,-23.458327,-46.619606000000005,,,,1,2023-06-15T01:17:26+00:00
SAO_2026-10,São Paulo,3550308,True,,35037,,,-23.465097,-46.5835565,,,,2,2023-06-15T01:17:29+00:00
SAO_8686-10,São Paulo,3550308,True,EMTU,446,https://moovitapp.com/index/pt-br/transporte_p%C3%BAblico-line-446-Sao_Paulo-242-2038937-36419492-0,4.8,-23.4885235,-46.742399,,,,1,2023-06-15T01:17:31+00:00
SAO_8686-10,São Paulo,3550308,True,EMTU,446,https://moovitapp.com/index/pt-br/transporte_p%C3%BAblico-line-446-Sao_Paulo-242-2038937-36419492-0,4.8,-23.5417755,-46.64208975,,,,1,2023-06-15T01:17:28+00:00
SAO_8686-10,São Paulo,3550308,True,EMTU,446,https://moovitapp.com/index/pt-br/transporte_p%C3%BAblico-line-446-Sao_Paulo-242-2038937-36419492-0,4.8,-23.5245325,-46.7055015,,,,1,2023-06-15T01:17:11+00:00
SAO_8062-10,São Paulo,3550308,True,EMTU,420,https://moovitapp.com/index/pt-br/transporte_p%C3%BAblico-line-420-Sao_Paulo-242-2038937-36419477-0,7.1,-23.507533000000002,-46.7188475,,,,1,2023-06-15T01:17:37+00:00
SAO_373M-10,São Paulo,3550308,True,,33049,,,-23.54472475,-46.57451425,,,,2,2023-06-15T01:17:15+00:00
SAO_373M-10,São Paulo,3550308,True,,33049,,,-23.55513,-46.59217575,,,,2,2023-06-15T01:17:06+00:00
SAO_5614-10,São Paulo,3550308,True,,1515,,,-23.690661,-46.673531,,,,1,2023-06-15T01:17:24+00:00
SAO_5614-10,São Paulo,3550308,True,,1515,,,-23.613534,-46.658007,,,,1,2023-06-15T01:17:03+00:00
SAO_5614-10,São Paulo,3550308,True,,1515,,,-23.573276,-46.6410445,,,,1,2023-06-15T01:17:35+00:00
SAO_211V-10,São Paulo,3550308,True,EMTU,154,https://moovitapp.com/index/pt-br/transporte_p%C3%BAblico-line-154-Sao_Paulo-242-2038937-36419300-0,6.8,-23.5082625,-46.5371155,,,,1,2023-06-15T01:16:22+00:00
SAO_4006-10,São Paulo,3550308,True,,34948,,,-23.61627825,-46.4316125,,,,2,2023-06-15T01:15:45+00:00
SAO_2009-10,São Paulo,3550308,True,,33666,,,-23.515081249999998,-46.412319999999994,,,,2,2023-06-15T01:17:05+00:00
SAO_2009-10,São Paulo,3550308,True,,33666,,,-23.5215,-46.412476,,,,2,2023-06-15T01:17:21+00:00
SAO_2009-10,São Paulo,3550308,True,,33666,,,-23.510265500000003,-46.4141195,,,,2,2023-06-15T01:17:02+00:00
SAO_2009-10,São Paulo,3550308,True,,33666,,,-23.541789,-46.4160215,,,,2,2023-06-15T01:17:35+00:00
SAO_6813-10,São Paulo,3550308,True,,32801,,,-23.658908500000003,-46.7658775,,,,2,2023-06-15T01:17:07+00:00
SAO_6232-10,São Paulo,3550308,True,STT,483,https://moovitapp.com/index/pt-br/transporte_p%C3%BAblico-line-483-Sao_Paulo-242-850661-183322-0,5.3,-23.5591515,-46.680161,,,,1,2023-06-15T01:17:40+00:00
SAO_2020-10,São Paulo,3550308,True,,35030,,,-23.4589095,-46.6024045,,,,2,2023-06-15T01:17:36+00:00
SAO_2020-10,São Paulo,3550308,True,,35030,,,-23.459315500000002,-46.632987,,,,2,2023-06-15T01:17:08+00:00
SAO_2020-10,São Paulo,3550308,True,,35030,,,-23.481075,-46.604722499999994,,,,2,2023-06-15T01:17:15+00:00
SAO_6826-10,São Paulo,3550308,True,BR7 Mobilidade,16,https://moovitapp.com/index/pt-br/transporte_p%C3%BAblico-line-16-Sao_Paulo-242-851856-513215-0,5.75,-23.673604,-46.7972985,,,,1,2023-06-15T01:17:32+00:00
SAO_6826-10,São Paulo,3550308,True,BR7 Mobilidade,16,https://moovitapp.com/index/pt-br/transporte_p%C3%BAblico-line-16-Sao_Paulo-242-851856-513215-0,5.75,-23.673128499999997,-46.787778,,,,1,2023-06-15T01:17:20+00:00
SAO_5026-10,São Paulo,3550308,True,,34403,,,-23.6229515,-46.5043035,,,,2,2023-06-15T01:16:47+00:00
SAO_978A-10,São Paulo,3550308,True,,34137,,,-23.518386999999997,-46.677789,,,,2,2023-06-15T01:17:33+00:00
SAO_978A-10,São Paulo,3550308,True,,34137,,,-23.515086,-46.6902535,,,,2,2023-06-15T01:17:31+00:00
SAO_978A-10,São Paulo,3550308,True,,34137,,,-23.516399125,-46.685049,,,,2,2023-06-15T01:17:21+00:00
SAO_4008-21,São Paulo,3550308,True,,35295,,,-23.574809000000002,-46.4449745,,,,2,2023-06-15T01:16:44+00:00
SAO_477U-10,São Paulo,3550308,True,,306,,,-23.606838,-46.5931315,,,,1,2023-06-15T01:17:10+00:00
SAO_3206-10,São Paulo,3550308,True,,34880,,,-23.531688000000003,-46.546931,,,,2,2023-06-15T01:17:11+00:00
SAO_8018-10,São Paulo,3550308,True,,2070,,,-23.603415750000003,-46.73204,,,,1,2023-06-15T01:17:02+00:00
SAO_6826-10,São Paulo,3550308,True,,32784,,,-23.676624500000003,-46.7926545,,,,2,2023-06-15T01:17:38+00:00
SAO_6058-10,São Paulo,3550308,True,,1149,,,-23.7667925,-46.6847255,,,,1,2023-06-15T01:17:19+00:00
SAO_6058-10,São Paulo,3550308,True,,1149,,,-23.767736,-46.716332,,,,1,2023-06-15T01:17:30+00:00
SAO_3901-10,São Paulo,3550308,True,,1469,,,-23.521969499999997,-46.526832999999996,,,,1,2023-06-15T01:17:22+00:00
SAO_4036-10,São Paulo,3550308,True,,2561,,,-23.554643499999997,-46.480227,,,,1,2023-06-15T01:17:11+00:00
SAO_4036-10,São Paulo,3550308,True,,2561,,,-23.5580635,-46.522337500000006,,,,1,2023-06-15T01:17:06+00:00
SAO_7052-10,São Paulo,3550308,True,,1886,,,-23.644194749999997,-46.772100249999994,,,,1,2023-06-15T01:17:11+00:00
SAO_7052-10,São Paulo,3550308,True,,1886,,,-23.631508,-46.7726,,,,1,2023-06-15T01:17:33+00:00
SAO_7052-10,São Paulo,3550308,True,,1886,,,-23.6529745,-46.773157999999995,,,,1,2023-06-15T01:17:11+00:00
SAO_607A-21,São Paulo,3550308,True,,34908,,,-23.705058,-46.65148,,,,2,2023-06-15T01:17:27+00:00
SAO_7057-10,São Paulo,3550308,True,,1897,,,-23.640282499999998,-46.780722999999995,,,,1,2023-06-15T01:17:25+00:00
SAO_7057-10,São Paulo,3550308,True,,1897,,,-23.6313825,-46.77286,,,,1,2023-06-15T01:17:39+00:00
SAO_917M-31,São Paulo,3550308,True,,34135,,,-23.519510500000003,-46.66729525,,,,2,2023-06-15T01:17:37+00:00
SAO_4053-10,São Paulo,3550308,True,,34914,,,-23.559226250000002,-46.3985215,,,,2,2023-06-15T01:17:33+00:00
SAO_7053-21,São Paulo,3550308,True,,1895,,,-23.634995500000002,-46.775629,,,,1,2023-06-15T01:17:01+00:00
SAO_2019-10,São Paulo,3550308,True,,905,,,-23.531375,-46.5334085,,,,1,2023-06-15T01:17:00+00:00
SAO_2019-10,São Paulo,3550308,True,,905,,,-23.52403175,-46.50923325,,,,1,2023-06-15T01:17:09+00:00
SAO_2019-10,São Paulo,3550308,True,,905,,,-23.521911375000002,-46.54326912500001,,,,1,2023-06-15T01:17:32+00:00
SAO_5705-10,São Paulo,3550308,True,,1657,,,-23.5778875,-46.640528,,,,1,2023-06-15T01:17:11+00:00
SAO_407T-10,São Paulo,3550308,True,,34970,,,-23.53486325,-46.44552725,,,,2,2023-06-15T01:17:30+00:00
SAO_4020-10,São Paulo,3550308,True,,35298,,,-23.53539925,-46.45077575,,,,2,2023-06-15T01:17:23+00:00
SAO_8009-10,São Paulo,3550308,True,,34027,,,-23.439752499999997,-46.747321,,,,2,2023-06-15T01:17:36+00:00
SAO_8252-10,São Paulo,3550308,True,,34016,,,-23.532351249999998,-46.703181125,,,,2,2023-06-15T01:17:27+00:00
SAO_4010-10,São Paulo,3550308,True,,2183,,,-23.5831245,-46.492179500000006,,,,1,2023-06-15T01:17:29+00:00
SAO_3414-10,São Paulo,3550308,True,,746,,,-23.53902175,-46.56964375,,,,1,2023-06-15T01:17:39+00:00
SAO_2030-10,São Paulo,3550308,True,,35032,,,-23.474716,-46.64460475,,,,2,2023-06-15T01:16:14+00:00
SAO_2101-10,São Paulo,3550308,True,,714,,,-23.545469875000002,-46.58761725000001,,,,1,2023-06-15T01:17:05+00:00
SAO_1026-10,São Paulo,3550308,True,,2306,,,-23.477469999999997,-46.6950765,,,,1,2023-06-15T01:17:14+00:00
SAO_7181-10,São Paulo,3550308,True,,1332,,,-23.57298,-46.7042405,,,,1,2023-06-15T01:17:01+00:00
SAO_7181-10,São Paulo,3550308,True,,1332,,,-23.56436625,-46.666740625,,,,1,2023-06-15T01:17:24+00:00
SAO_6019-10,São Paulo,3550308,True,,1490,,,-23.679284,-46.7381825,,,,1,2023-06-15T01:17:39+00:00
SAO_2012-10,São Paulo,3550308,True,,2281,,,-23.48898125,-46.58421075,,,,1,2023-06-15T01:17:08+00:00
SAO_8008-10,São Paulo,3550308,True,,1258,,,-23.489958,-46.7503605,,,,1,2023-06-15T01:17:25+00:00
SAO_8008-10,São Paulo,3550308,True,,1258,,,-23.484792,-46.741167000000004,,,,1,2023-06-15T01:17:29+00:00
SAO_2104-10,São Paulo,3550308,True,,2255,,,-23.523996500000003,-46.6255045,,,,1,2023-06-15T01:17:25+00:00
SAO_2104-10,São Paulo,3550308,True,,2255,,,-23.502102999999998,-46.624000499999994,,,,1,2023-06-15T01:17:33+00:00
SAO_2104-10,São Paulo,3550308,True,,2255,,,-23.502027,-46.624094,,,,1,2023-06-15T01:17:37+00:00
SAO_3206-10,São Paulo,3550308,True,,2112,,,-23.533021,-46.54670375,,,,1,2023-06-15T01:17:32+00:00
SAO_425E-10,São Paulo,3550308,True,,34404,,,-23.61259,-46.479862999999995,,,,2,2023-06-15T01:17:16+00:00
SAO_6075-10,São Paulo,3550308,True,,1162,,,-23.768802,-46.71633,,,,1,2023-06-15T01:17:02+00:00
SAO_6075-10,São Paulo,3550308,False,,1162,,,-23.766939,-46.716361,,,,1,2023-06-15T01:16:59+00:00
SAO_6L04-10,São Paulo,3550308,True,,33948,,,-23.87017775,-46.769996000000006,,,,2,2023-06-15T01:16:58+00:00
SAO_6L04-10,São Paulo,3550308,True,,33948,,,-23.8416085,-46.7399165,,,,2,2023-06-15T01:17:30+00:00
SAO_6020-51,São Paulo,3550308,True,,2456,,,-23.8223835,-46.7521025,,,,1,2023-06-15T01:17:28+00:00
SAO_6062-10,São Paulo,3550308,True,,33919,,,-23.7419425,-46.68161550000001,,,,2,2023-06-15T01:17:12+00:00
SAO_6L10-10,São Paulo,3550308,True,,33927,,,-23.7934825,-46.729563999999996,,,,2,2023-06-15T01:17:34+00:00
SAO_3015-10,São Paulo,3550308,True,,35222,,,-23.501363,-46.3849455,,,,2,2023-06-15T01:17:01+00:00
SAO_7005-10,São Paulo,3550308,True,,1998,,,-23.71137775,-46.782644250000004,,,,1,2023-06-15T01:16:58+00:00
SAO_3032-10,São Paulo,3550308,True,,33488,,,-23.567537,-46.506771,,,,2,2023-06-15T01:17:21+00:00
SAO_6051-10,São Paulo,3550308,True,,1143,,,-23.7661825,-46.6973455,,,,1,2023-06-15T01:17:38+00:00
SAO_1760-10,São Paulo,3550308,True,EMTU,557,https://moovitapp.com/index/pt-br/transporte_p%C3%BAblico-line-557-Sao_Paulo-242-2038937-36419558-0,6.2,-23.499353499999998,-46.6256055,,,,1,2023-06-15T01:17:32+00:00
SAO_2735-21,São Paulo,3550308,True,,514,,,-23.52093475,-46.548836249999994,,,,1,2023-06-15T01:17:23+00:00
SAO_2123-10,São Paulo,3550308,True,,692,,,-23.544385249999998,-46.62263900000001,,,,1,2023-06-15T01:17:35+00:00
SAO_2123-10,São Paulo,3550308,True,,692,,,-23.490158,-46.5854655,,,,1,2023-06-15T01:17:00+00:00
SAO_2123-10,São Paulo,3550308,True,,692,,,-23.530527,-46.615450499999994,,,,1,2023-06-15T01:17:32+00:00
SAO_1788-51,São Paulo,3550308,True,,33422,,,-23.441764,-46.589729000000005,,,,2,2023-06-15T01:17:33+00:00
SAO_5630-21,São Paulo,3550308,True,,34215,,,-23.631331000000003,-46.669073,,,,2,2023-06-15T01:17:21+00:00
SAO_1767-10,São Paulo,3550308,True,,628,,,-23.473675875,-46.58939,,,,1,2023-06-15T01:17:35+00:00
SAO_2020-10,São Paulo,3550308,True,,2262,,,-23.458162,-46.60585175,,,,1,2023-06-15T01:17:27+00:00
SAO_1757-10,São Paulo,3550308,True,,548,,,-23.4662625,-46.6319465,,,,1,2023-06-15T01:16:41+00:00
SAO_1705-51,São Paulo,3550308,True,,35282,,,-23.446630499999998,-46.589906,,,,2,2023-06-15T01:17:32+00:00
SAO_6L03-10,São Paulo,3550308,True,,34333,,,-23.82771875,-46.731307,,,,2,2023-06-15T01:17:04+00:00
SAO_2017-10,São Paulo,3550308,True,,33671,,,-23.51918,-46.412904,,,,2,2023-06-15T01:17:26+00:00
SAO_2017-10,São Paulo,3550308,True,,33671,,,-23.519009500000003,-46.412976,,,,2,2023-06-15T01:17:36+00:00
SAO_3051-10,São Paulo,3550308,True,,2446,,,-23.515029499999997,-46.468916500000006,,,,1,2023-06-15T01:17:09+00:00
SAO_3051-10,São Paulo,3550308,True,,2446,,,-23.5069535,-46.4697075,,,,1,2023-06-15T01:16:32+00:00
SAO_701H-10,São Paulo,3550308,True,,2558,,,-23.7026245,-46.744347,,,,1,2023-06-15T01:17:21+00:00
SAO_6050-10,São Paulo,3550308,True,,1225,,,-23.744866000000002,-46.6900775,,,,1,2023-06-15T01:17:40+00:00
SAO_139A-10,São Paulo,3550308,True,,2451,,,-23.5007875,-46.699530249999995,,,,1,2023-06-15T01:17:27+00:00
SAO_2203-10,São Paulo,3550308,True,,911,,,-23.521732375,-46.497972,,,,1,2023-06-15T01:17:03+00:00
SAO_4055-10,São Paulo,3550308,True,,35215,,,-23.544624,-46.417323,,,,2,2023-06-15T01:17:23+00:00
