bus_id,city,city_code,adapted,agency,line_code,line_url,line_fare,latitude,longitude,bus_speed,is_eletric,bus_type,bus_direction,updated_at
SAO_5154-10,São Paulo,3550308,True,EMTU,353,https://moovitapp.com/index/pt-br/transporte_p%C3%BAblico-line-353-Sao_Paulo-242-2038937-36419436-0,5.1,-23.654157,-46.710629,,,,1,2023-06-20T07:13:02+00:00
SAO_5154-10,São Paulo,3550308,True,EMTU,353,https://moovitapp.com/index/pt-br/transporte_p%C3%BAblico-line-353-Sao_Paulo-242-2038937-36419436-0,5.1,-23.654157,-46.710629,,,,1,2023-06-20T07:13:29+00:00
SAO_5705-10,São Paulo,3550308,True,,1657,,,-23.60347625,-46.6025595,,,,1,2023-06-20T07:13:18+00:00
SAO_5012-10,São Paulo,3550308,True,,33884,,,-23.6459105,-46.6397875,,,,2,2023-06-20T07:12:20+00:00
SAO_5012-10,São Paulo,3550308,True,,33884,,,-23.6459105,-46.6397875,,,,2,2023-06-20T07:12:28+00:00
SAO_5012-10,São Paulo,3550308,True,,33884,,,-23.6459105,-46.6397875,,,,2,2023-06-20T07:10:50+00:00
SAO_5012-10,São Paulo,3550308,True,,33884,,,-23.6459105,-46.6397875,,,,2,2023-06-20T07:12:35+00:00
SAO_5012-10,São Paulo,3550308,True,,33884,,,-23.6459105,-46.6397875,,,,2,2023-06-20T07:12:51+00:00
SAO_5012-10,São Paulo,3550308,True,,33884,,,-23.6459105,-46.6397875,,,,2,2023-06-20T07:13:25+00:00
SAO_5012-10,São Paulo,3550308,True,,33884,,,-23.6459105,-46.6397875,,,,2,2023-06-20T07:11:55+00:00
SAO_5012-10,São Paulo,3550308,True,,33884,,,-23.6459105,-46.6397875,,,,2,2023-06-20T07:12:42+00:00
SAO_5012-10,São Paulo,3550308,True,,33884,,,-23.6459105,-46.6397875,,,,2,2023-06-20T07:11:08+00:00
SAO_5012-10,São Paulo,3550308,True,,33884,,,-23.6459105,-46.6397875,,,,2,2023-06-20T07:12:55+00:00
SAO_3736-10,São Paulo,3550308,True,,1036,,,-23.575533,-46.4834125,,,,1,2023-06-20T07:12:59+00:00
SAO_3736-10,São Paulo,3550308,True,,1036,,,-23.575533,-46.4834125,,,,1,2023-06-20T07:13:01+00:00
SAO_3736-10,São Paulo,3550308,True,,1036,,,-23.575533,-46.4834125,,,,1,2023-06-20T07:13:04+00:00
SAO_3736-10,São Paulo,3550308,True,,1036,,,-23.575533,-46.4834125,,,,1,2023-06-20T07:13:39+00:00
SAO_3736-10,São Paulo,3550308,True,,1036,,,-23.575533,-46.4834125,,,,1,2023-06-20T07:12:58+00:00
SAO_3736-10,São Paulo,3550308,True,,1036,,,-23.575533,-46.4834125,,,,1,2023-06-20T07:13:06+00:00
SAO_4115-10,São Paulo,3550308,True,,33090,,,-23.5520875,-46.636109000000005,,,,2,2023-06-20T07:13:08+00:00
SAO_5105-10,São Paulo,3550308,True,,1651,,,-23.602994000000002,-46.602816000000004,,,,1,2023-06-20T07:13:31+00:00
SAO_5105-10,São Paulo,3550308,True,,1651,,,-23.602994000000002,-46.602816000000004,,,,1,2023-06-20T07:13:17+00:00
SAO_675P-10,São Paulo,3550308,True,STT,275,https://moovitapp.com/index/pt-br/transporte_p%C3%BAblico-line-275-Sao_Paulo-242-850661-183275-0,5.3,-23.6466305,-46.6450555,,,,1,2023-06-20T07:13:00+00:00
SAO_675P-10,São Paulo,3550308,True,STT,275,https://moovitapp.com/index/pt-br/transporte_p%C3%BAblico-line-275-Sao_Paulo-242-850661-183275-0,5.3,-23.647017499999997,-46.6451665,,,,1,2023-06-20T07:12:56+00:00
SAO_148L-10,São Paulo,3550308,True,,33299,,,-23.46481,-46.65197525,,,,2,2023-06-20T07:13:08+00:00
SAO_148L-10,São Paulo,3550308,True,,33299,,,-23.464495499999998,-46.65211625,,,,2,2023-06-20T07:13:28+00:00
SAO_148L-10,São Paulo,3550308,True,,33299,,,-23.463071499999998,-46.658095,,,,2,2023-06-20T07:13:13+00:00
SAO_148L-10,São Paulo,3550308,True,,33299,,,-23.464495499999998,-46.65211625,,,,2,2023-06-20T07:13:07+00:00
SAO_148L-10,São Paulo,3550308,True,,33299,,,-23.464495499999998,-46.65211625,,,,2,2023-06-20T07:12:55+00:00
SAO_148L-10,São Paulo,3550308,True,,33299,,,-23.4653245,-46.6517335,,,,2,2023-06-20T07:12:56+00:00
SAO_148L-10,São Paulo,3550308,True,,33299,,,-23.4656105,-46.6516035,,,,2,2023-06-20T07:13:12+00:00
SAO_148L-10,São Paulo,3550308,True,,33299,,,-23.46481,-46.65197525,,,,2,2023-06-20T07:13:24+00:00
SAO_148L-10,São Paulo,3550308,True,,33299,,,-23.455058,-46.652393,,,,2,2023-06-20T07:13:27+00:00
SAO_148L-10,São Paulo,3550308,True,,33299,,,-23.465025999999998,-46.65187775,,,,2,2023-06-20T07:13:01+00:00
SAO_148L-10,São Paulo,3550308,True,,33299,,,-23.4653245,-46.6517335,,,,2,2023-06-20T07:13:04+00:00
SAO_148L-10,São Paulo,3550308,True,,33299,,,-23.465025999999998,-46.65187775,,,,2,2023-06-20T07:13:03+00:00
SAO_1709-10,São Paulo,3550308,True,,851,,,-23.4412375,-46.5814765,,,,1,2023-06-20T07:13:24+00:00
SAO_1709-10,São Paulo,3550308,True,,851,,,-23.4412375,-46.5814765,,,,1,2023-06-20T07:13:14+00:00
SAO_1709-10,São Paulo,3550308,True,,851,,,-23.4412375,-46.5814765,,,,1,2023-06-20T07:13:09+00:00
SAO_1709-10,São Paulo,3550308,True,,851,,,-23.4412375,-46.5814765,,,,1,2023-06-20T07:11:43+00:00
SAO_1709-10,São Paulo,3550308,True,,851,,,-23.4412375,-46.5814765,,,,1,2023-06-20T07:13:24+00:00
SAO_1709-10,São Paulo,3550308,True,,851,,,-23.4412375,-46.5814765,,,,1,2023-06-20T07:11:13+00:00
SAO_1709-10,São Paulo,3550308,True,,851,,,-23.4412375,-46.5814765,,,,1,2023-06-20T07:13:13+00:00
SAO_1709-10,São Paulo,3550308,True,,851,,,-23.4412375,-46.5814765,,,,1,2023-06-20T07:13:10+00:00
SAO_1709-10,São Paulo,3550308,True,,851,,,-23.4412375,-46.5814765,,,,1,2023-06-20T07:13:09+00:00
SAO_1709-10,São Paulo,3550308,True,,851,,,-23.4412375,-46.5814765,,,,1,2023-06-20T07:13:13+00:00
SAO_1709-10,São Paulo,3550308,True,,851,,,-23.4412375,-46.5814765,,,,1,2023-06-20T07:13:06+00:00
SAO_1709-10,São Paulo,3550308,True,,851,,,-23.4412375,-46.5814765,,,,1,2023-06-20T07:11:42+00:00
SAO_1709-10,São Paulo,3550308,True,,851,,,-23.4412375,-46.5814765,,,,1,2023-06-20T07:13:34+00:00
SAO_1709-10,São Paulo,3550308,True,,851,,,-23.4412375,-46.5814765,,,,1,2023-06-20T07:13:19+00:00
SAO_1709-10,São Paulo,3550308,True,,851,,,-23.4412375,-46.5814765,,,,1,2023-06-20T07:13:26+00:00
SAO_1709-10,São Paulo,3550308,True,,851,,,-23.4412375,-46.5814765,,,,1,2023-06-20T07:12:55+00:00
SAO_2733-10,São Paulo,3550308,True,,948,,,-23.5175915,-46.453903499999996,,,,1,2023-06-20T07:13:25+00:00
SAO_857A-10,São Paulo,3550308,True,,1925,,,-23.59849425,-46.63818525,,,,1,2023-06-20T07:13:16+00:00
SAO_3787-10,São Paulo,3550308,True,,1612,,,-23.601638,-46.3989395,,,,1,2023-06-20T07:13:07+00:00
SAO_3787-10,São Paulo,3550308,True,,1612,,,-23.563545,-46.446155,,,,1,2023-06-20T07:13:15+00:00
SAO_6052-31,São Paulo,3550308,True,,34600,,,-23.775509999999997,-46.691679,,,,2,2023-06-20T07:13:03+00:00
SAO_6052-31,São Paulo,3550308,True,,34600,,,-23.775509999999997,-46.691679,,,,2,2023-06-20T07:13:34+00:00
SAO_414P-10,São Paulo,3550308,True,,33873,,,-23.5798815,-46.539934,,,,2,2023-06-20T07:12:59+00:00
SAO_675G-10,São Paulo,3550308,True,,32874,,,-23.664404750000003,-46.67850775,,,,2,2023-06-20T07:12:53+00:00
SAO_2582-10,São Paulo,3550308,True,,33142,,,-23.51908225,-46.42337275,,,,2,2023-06-20T07:12:56+00:00
SAO_2582-10,São Paulo,3550308,True,,33142,,,-23.49867025,-46.52001325,,,,2,2023-06-20T07:13:27+00:00
SAO_2582-10,São Paulo,3550308,True,,33142,,,-23.51908225,-46.42337275,,,,2,2023-06-20T07:13:08+00:00
SAO_374V-10,São Paulo,3550308,True,,1647,,,-23.5263255,-46.452581,,,,1,2023-06-20T07:13:34+00:00
SAO_374V-10,São Paulo,3550308,True,,1647,,,-23.52588375,-46.4519395,,,,1,2023-06-20T07:13:16+00:00
SAO_374V-10,São Paulo,3550308,True,,1647,,,-23.526107250000003,-46.4522605,,,,1,2023-06-20T07:12:38+00:00
SAO_7051-10,São Paulo,3550308,True,,34653,,,-23.6548705,-46.7842895,,,,2,2023-06-20T07:12:57+00:00
SAO_756A-10,São Paulo,3550308,True,,33561,,,-23.596466,-46.780601000000004,,,,2,2023-06-20T07:13:11+00:00
SAO_9011-21,São Paulo,3550308,True,,1768,,,-23.4547945,-46.738510500000004,,,,1,2023-06-20T07:13:07+00:00
SAO_9011-21,São Paulo,3550308,True,,1768,,,-23.4547945,-46.738510500000004,,,,1,2023-06-20T07:13:11+00:00
SAO_9011-21,São Paulo,3550308,True,,1768,,,-23.4547945,-46.738510500000004,,,,1,2023-06-20T07:12:36+00:00
SAO_9011-21,São Paulo,3550308,True,,1768,,,-23.4547945,-46.738510500000004,,,,1,2023-06-20T07:11:31+00:00
SAO_9011-21,São Paulo,3550308,True,,1768,,,-23.4547945,-46.738510500000004,,,,1,2023-06-20T07:12:58+00:00
SAO_6836-10,São Paulo,3550308,True,,32781,,,-23.684404999999998,-46.7817855,,,,2,2023-06-20T07:13:38+00:00
SAO_6836-10,São Paulo,3550308,True,,32781,,,-23.674898,-46.773841499999996,,,,2,2023-06-20T07:12:59+00:00
SAO_N839-11,São Paulo,3550308,True,,35206,,,-23.5721725,-46.7096025,,,,2,2023-06-20T07:13:08+00:00
SAO_7004-10,São Paulo,3550308,True,,34760,,,-23.7317975,-46.7861475,,,,2,2023-06-20T07:12:19+00:00
SAO_7004-10,São Paulo,3550308,True,,34760,,,-23.7320815,-46.786311,,,,2,2023-06-20T07:13:26+00:00
SAO_7004-10,São Paulo,3550308,True,,34760,,,-23.723031499999998,-46.785344499999994,,,,2,2023-06-20T07:13:16+00:00
SAO_7004-10,São Paulo,3550308,True,,34760,,,-23.7317975,-46.7861475,,,,2,2023-06-20T07:12:57+00:00
SAO_7004-10,São Paulo,3550308,True,,34760,,,-23.656086000000002,-46.723903500000006,,,,2,2023-06-20T07:13:02+00:00
SAO_7004-10,São Paulo,3550308,True,,34760,,,-23.731476999999998,-46.7859925,,,,2,2023-06-20T07:13:21+00:00
SAO_7004-10,São Paulo,3550308,True,,34760,,,-23.731476999999998,-46.7859925,,,,2,2023-06-20T07:13:19+00:00
SAO_7004-10,São Paulo,3550308,True,,34760,,,-23.74156775,-46.8004435,,,,2,2023-06-20T07:13:34+00:00
SAO_6072-10,São Paulo,3550308,True,,1588,,,-23.7665845,-46.7163125,,,,1,2023-06-20T07:11:06+00:00
SAO_6072-10,São Paulo,3550308,True,,1588,,,-23.7881575,-46.715016,,,,1,2023-06-20T07:13:07+00:00
SAO_6072-10,São Paulo,3550308,True,,1588,,,-23.7665845,-46.7163125,,,,1,2023-06-20T07:13:38+00:00
SAO_6824-10,São Paulo,3550308,True,,32791,,,-23.673696749999998,-46.79064525,,,,2,2023-06-20T07:13:33+00:00
SAO_6824-10,São Paulo,3550308,True,,32791,,,-23.673658500000002,-46.791049,,,,2,2023-06-20T07:13:32+00:00
SAO_6817-10,São Paulo,3550308,True,,27,,,-23.6541735,-46.763611,,,,1,2023-06-20T07:13:05+00:00
SAO_263J-10,São Paulo,3550308,True,EMTU,219,https://moovitapp.com/index/pt-br/transporte_p%C3%BAblico-line-219-Sao_Paulo-242-2038937-36419341-0,8.55,-23.5444715,-46.435336500000005,,,,1,2023-06-20T07:13:18+00:00
SAO_N337-11,São Paulo,3550308,True,,2349,,,-23.502592,-46.4056635,,,,1,2023-06-20T07:13:22+00:00
SAO_7060-10,São Paulo,3550308,True,,1889,,,-23.6313825,-46.77286,,,,1,2023-06-20T07:12:56+00:00
SAO_7060-10,São Paulo,3550308,True,,1889,,,-23.653551,-46.777357,,,,1,2023-06-20T07:12:55+00:00
SAO_7060-10,São Paulo,3550308,True,,1889,,,-23.65279,-46.778128499999994,,,,1,2023-06-20T07:13:34+00:00
SAO_6007-10,São Paulo,3550308,True,,32944,,,-23.669746,-46.73697725,,,,2,2023-06-20T07:13:05+00:00
SAO_6007-10,São Paulo,3550308,True,,32944,,,-23.654980000000002,-46.762824,,,,2,2023-06-20T07:13:28+00:00
SAO_6007-10,São Paulo,3550308,True,,32944,,,-23.650403500000003,-46.719162,,,,2,2023-06-20T07:13:33+00:00
SAO_809A-10,São Paulo,3550308,True,,2069,,,-23.575936499999997,-46.775704000000005,,,,1,2023-06-20T07:12:57+00:00
SAO_475R-10,São Paulo,3550308,True,,33112,,,-23.5470345,-46.6298525,,,,2,2023-06-20T07:10:05+00:00
SAO_475R-10,São Paulo,3550308,True,,33112,,,-23.5470345,-46.6298525,,,,2,2023-06-20T07:12:08+00:00
SAO_475R-10,São Paulo,3550308,True,,33112,,,-23.5470345,-46.6298525,,,,2,2023-06-20T07:13:20+00:00
SAO_475R-10,São Paulo,3550308,True,,33112,,,-23.5470345,-46.6298525,,,,2,2023-06-20T07:13:33+00:00
SAO_475R-10,São Paulo,3550308,True,,33112,,,-23.5470345,-46.6298525,,,,2,2023-06-20T07:13:23+00:00
SAO_475R-10,São Paulo,3550308,True,,33112,,,-23.5470345,-46.6298525,,,,2,2023-06-20T07:13:22+00:00
SAO_475R-10,São Paulo,3550308,True,,33112,,,-23.5470345,-46.6298525,,,,2,2023-06-20T07:13:24+00:00
SAO_475R-10,São Paulo,3550308,True,,33112,,,-23.5470345,-46.6298525,,,,2,2023-06-20T07:13:06+00:00
SAO_475R-10,São Paulo,3550308,True,,33112,,,-23.5470345,-46.6298525,,,,2,2023-06-20T07:12:47+00:00
SAO_475R-10,São Paulo,3550308,True,,33112,,,-23.5470345,-46.6298525,,,,2,2023-06-20T07:13:14+00:00
SAO_475R-10,São Paulo,3550308,True,,33112,,,-23.5470345,-46.6298525,,,,2,2023-06-20T07:12:17+00:00
SAO_475R-10,São Paulo,3550308,True,,33112,,,-23.5470345,-46.6298525,,,,2,2023-06-20T07:12:59+00:00
SAO_475R-10,São Paulo,3550308,True,,33112,,,-23.5470345,-46.6298525,,,,2,2023-06-20T07:13:26+00:00
SAO_475R-10,São Paulo,3550308,True,,33112,,,-23.5470345,-46.6298525,,,,2,2023-06-20T07:13:08+00:00
SAO_475R-10,São Paulo,3550308,True,,33112,,,-23.6572855,-46.615429500000005,,,,2,2023-06-20T07:13:14+00:00
SAO_475R-10,São Paulo,3550308,True,,33112,,,-23.5470345,-46.6298525,,,,2,2023-06-20T07:13:34+00:00
SAO_475R-10,São Paulo,3550308,True,,33112,,,-23.5470345,-46.6298525,,,,2,2023-06-20T07:13:34+00:00
SAO_475R-10,São Paulo,3550308,True,,33112,,,-23.5470345,-46.6298525,,,,2,2023-06-20T07:13:34+00:00
SAO_475R-10,São Paulo,3550308,True,,33112,,,-23.59562275,-46.642447000000004,,,,2,2023-06-20T07:13:01+00:00
SAO_4709-10,São Paulo,3550308,True,,33101,,,-23.5894755,-46.633868,,,,2,2023-06-20T07:13:19+00:00
SAO_4709-10,São Paulo,3550308,True,,33101,,,-23.5894755,-46.633868,,,,2,2023-06-20T07:12:58+00:00
SAO_4709-10,São Paulo,3550308,True,,33101,,,-23.5894755,-46.633868,,,,2,2023-06-20T07:12:52+00:00
SAO_4709-10,São Paulo,3550308,True,,33101,,,-23.5894755,-46.633868,,,,2,2023-06-20T07:13:03+00:00
SAO_4709-10,São Paulo,3550308,True,,33101,,,-23.6216335,-46.602079,,,,2,2023-06-20T07:13:07+00:00
SAO_N341-11,São Paulo,3550308,True,,2353,,,-23.4861345,-46.466895,,,,1,2023-06-20T07:10:22+00:00
SAO_3746-10,São Paulo,3550308,True,,33051,,,-23.542912,-46.588283000000004,,,,2,2023-06-20T07:13:36+00:00
SAO_3746-10,São Paulo,3550308,True,,33051,,,-23.542912,-46.588283000000004,,,,2,2023-06-20T07:13:24+00:00
SAO_3746-10,São Paulo,3550308,True,,33051,,,-23.542912,-46.588283000000004,,,,2,2023-06-20T07:09:13+00:00
SAO_3746-10,São Paulo,3550308,True,,33051,,,-23.542912,-46.588283000000004,,,,2,2023-06-20T07:13:35+00:00
SAO_3746-10,São Paulo,3550308,True,,33051,,,-23.542912,-46.588283000000004,,,,2,2023-06-20T07:12:54+00:00
SAO_3746-10,São Paulo,3550308,True,,33051,,,-23.542912,-46.588283000000004,,,,2,2023-06-20T07:13:03+00:00
SAO_3746-10,São Paulo,3550308,True,,33051,,,-23.542912,-46.588283000000004,,,,2,2023-06-20T07:13:31+00:00
SAO_3746-10,São Paulo,3550308,True,,33051,,,-23.542912,-46.588283000000004,,,,2,2023-06-20T07:13:30+00:00
SAO_3746-10,São Paulo,3550308,True,,33051,,,-23.542912,-46.588283000000004,,,,2,2023-06-20T07:13:21+00:00
SAO_3746-10,São Paulo,3550308,True,,33051,,,-23.542912,-46.588283000000004,,,,2,2023-06-20T07:13:07+00:00
SAO_3746-10,São Paulo,3550308,True,,33051,,,-23.542912,-46.588283000000004,,,,2,2023-06-20T07:13:04+00:00
SAO_5154-10,São Paulo,3550308,True,,33121,,,-23.654868999999998,-46.715183874999994,,,,2,2023-06-20T07:13:17+00:00
SAO_5154-10,São Paulo,3550308,True,,33121,,,-23.617715500000003,-46.697503624999996,,,,2,2023-06-20T07:13:15+00:00
SAO_5154-10,São Paulo,3550308,True,,33121,,,-23.655067000000003,-46.716173125,,,,2,2023-06-20T07:13:21+00:00
SAO_2551-10,São Paulo,3550308,True,,32909,,,-23.546832000000002,-46.6301665,,,,2,2023-06-20T07:12:56+00:00
SAO_2551-10,São Paulo,3550308,True,,32909,,,-23.546832000000002,-46.6301665,,,,2,2023-06-20T07:12:54+00:00
SAO_2551-10,São Paulo,3550308,True,,32909,,,-23.546832000000002,-46.6301665,,,,2,2023-06-20T07:13:29+00:00
SAO_2551-10,São Paulo,3550308,True,,32909,,,-23.546832000000002,-46.6301665,,,,2,2023-06-20T07:13:24+00:00
SAO_2551-10,São Paulo,3550308,True,,32909,,,-23.546832000000002,-46.6301665,,,,2,2023-06-20T07:12:37+00:00
SAO_2551-10,São Paulo,3550308,True,,32909,,,-23.546832000000002,-46.6301665,,,,2,2023-06-20T07:13:14+00:00
SAO_407K-10,São Paulo,3550308,True,,34936,,,-23.588321750000002,-46.4904145,,,,2,2023-06-20T07:13:37+00:00
SAO_6036-10,São Paulo,3550308,True,,33982,,,-23.65385975,-46.79008575,,,,2,2023-06-20T07:13:12+00:00
SAO_6036-10,São Paulo,3550308,True,,33982,,,-23.65385975,-46.79008575,,,,2,2023-06-20T07:13:14+00:00
SAO_6036-10,São Paulo,3550308,True,,33982,,,-23.6497485,-46.7062485,,,,2,2023-06-20T07:13:07+00:00
SAO_6036-10,São Paulo,3550308,True,,33982,,,-23.65385975,-46.79008575,,,,2,2023-06-20T07:13:01+00:00
SAO_6036-10,São Paulo,3550308,True,,33982,,,-23.65385975,-46.79008575,,,,2,2023-06-20T07:13:31+00:00
SAO_957T-10,São Paulo,3550308,True,,33232,,,-23.436301125,-46.716888125,,,,2,2023-06-20T07:12:52+00:00
SAO_5175-10,São Paulo,3550308,True,,33361,,,-23.5505945,-46.635301,,,,2,2023-06-20T07:11:06+00:00
SAO_5175-10,São Paulo,3550308,True,,33361,,,-23.5505945,-46.635301,,,,2,2023-06-20T07:13:23+00:00
SAO_5175-10,São Paulo,3550308,True,,33361,,,-23.5505945,-46.635301,,,,2,2023-06-20T07:13:25+00:00
SAO_5175-10,São Paulo,3550308,True,,33361,,,-23.5505945,-46.635301,,,,2,2023-06-20T07:13:05+00:00
SAO_5175-10,São Paulo,3550308,True,,33361,,,-23.5505945,-46.635301,,,,2,2023-06-20T07:12:06+00:00
SAO_5175-10,São Paulo,3550308,True,,33361,,,-23.5505945,-46.635301,,,,2,2023-06-20T07:13:03+00:00
SAO_5175-10,São Paulo,3550308,True,,33361,,,-23.5505945,-46.635301,,,,2,2023-06-20T07:10:57+00:00
SAO_5175-10,São Paulo,3550308,True,,33361,,,-23.5505945,-46.635301,,,,2,2023-06-20T07:13:05+00:00
SAO_5175-10,São Paulo,3550308,True,,33361,,,-23.5505945,-46.635301,,,,2,2023-06-20T07:13:28+00:00
SAO_5175-10,São Paulo,3550308,True,,33361,,,-23.663182,-46.6816655,,,,2,2023-06-20T07:13:34+00:00
SAO_5175-10,São Paulo,3550308,True,,33361,,,-23.5505945,-46.635301,,,,2,2023-06-20T07:13:16+00:00
SAO_5175-10,São Paulo,3550308,True,,33361,,,-23.5505945,-46.635301,,,,2,2023-06-20T07:12:51+00:00
SAO_5175-10,São Paulo,3550308,True,,33361,,,-23.5505945,-46.635301,,,,2,2023-06-20T07:13:20+00:00
SAO_5175-10,São Paulo,3550308,True,,33361,,,-23.5505945,-46.635301,,,,2,2023-06-20T07:13:07+00:00
SAO_5175-10,São Paulo,3550308,True,,33361,,,-23.5505945,-46.635301,,,,2,2023-06-20T07:13:18+00:00
SAO_5175-10,São Paulo,3550308,True,,33361,,,-23.5505945,-46.635301,,,,2,2023-06-20T07:08:31+00:00
SAO_5175-10,São Paulo,3550308,True,,33361,,,-23.5505945,-46.635301,,,,2,2023-06-20T07:13:05+00:00
SAO_5175-10,São Paulo,3550308,True,,33361,,,-23.5505945,-46.635301,,,,2,2023-06-20T07:13:12+00:00
SAO_5175-10,São Paulo,3550308,True,,33361,,,-23.579681,-46.6614535,,,,2,2023-06-20T07:13:10+00:00
SAO_5175-10,São Paulo,3550308,True,,33361,,,-23.5505945,-46.635301,,,,2,2023-06-20T07:13:19+00:00
SAO_5175-10,São Paulo,3550308,True,,33361,,,-23.5505945,-46.635301,,,,2,2023-06-20T07:13:23+00:00
SAO_5175-10,São Paulo,3550308,True,,33361,,,-23.5505945,-46.635301,,,,2,2023-06-20T07:12:54+00:00
SAO_5175-10,São Paulo,3550308,True,,33361,,,-23.5505945,-46.635301,,,,2,2023-06-20T07:12:48+00:00
SAO_5175-10,São Paulo,3550308,True,,33361,,,-23.5505945,-46.635301,,,,2,2023-06-20T07:12:50+00:00
SAO_N201-11,São Paulo,3550308,True,,35079,,,-23.4805835,-46.5897085,,,,2,2023-06-20T07:13:37+00:00
SAO_2708-10,São Paulo,3550308,True,,33689,,,-23.540634250000004,-46.449169874999995,,,,2,2023-06-20T07:13:22+00:00
SAO_2708-10,São Paulo,3550308,True,,33689,,,-23.524367750000003,-46.41404800000001,,,,2,2023-06-20T07:12:11+00:00
SAO_7054-10,São Paulo,3550308,True,,32809,,,-23.651257,-46.7909195,,,,2,2023-06-20T07:13:39+00:00
SAO_7054-10,São Paulo,3550308,True,,32809,,,-23.651257,-46.7909195,,,,2,2023-06-20T07:13:07+00:00
SAO_5028-10,São Paulo,3550308,True,,1634,,,-23.589008,-46.600245,,,,1,2023-06-20T07:13:14+00:00
SAO_5028-10,São Paulo,3550308,True,,1634,,,-23.610134000000002,-46.5807355,,,,1,2023-06-20T07:13:30+00:00
SAO_778J-10,São Paulo,3550308,True,EMTU,508,https://moovitapp.com/index/pt-br/transporte_p%C3%BAblico-line-508-Sao_Paulo-242-2038937-36419530-0,5.65,-23.583247500000002,-46.7721215,,,,1,2023-06-20T07:13:10+00:00
SAO_6836-10,São Paulo,3550308,True,BR7 Mobilidade,13,https://moovitapp.com/index/pt-br/transporte_p%C3%BAblico-line-13-Sao_Paulo-242-851856-705937-0,5.75,-23.6787285,-46.779024,,,,1,2023-06-20T07:00:38+00:00
SAO_N104-11,São Paulo,3550308,True,,2285,,,-23.519705000000002,-46.7003425,,,,1,2023-06-20T07:12:57+00:00
SAO_5611-10,São Paulo,3550308,True,EMTU,598,https://moovitapp.com/index/pt-br/transporte_p%C3%BAblico-line-598-Sao_Paulo-242-2038937-36419579-0,7.05,-23.702686,-46.6449055,,,,1,2023-06-20T07:13:01+00:00
SAO_5611-10,São Paulo,3550308,True,EMTU,598,https://moovitapp.com/index/pt-br/transporte_p%C3%BAblico-line-598-Sao_Paulo-242-2038937-36419579-0,7.05,-23.702534,-46.645044999999996,,,,1,2023-06-20T07:13:35+00:00
SAO_3902-10,São Paulo,3550308,True,,34238,,,-23.502089124999998,-46.383160875,,,,2,2023-06-20T07:13:37+00:00
SAO_172P-10,São Paulo,3550308,True,,33626,,,-23.441891,-46.589701250000005,,,,2,2023-06-20T07:13:32+00:00
SAO_172P-10,São Paulo,3550308,True,,33626,,,-23.4383925,-46.573527999999996,,,,2,2023-06-20T07:11:58+00:00
SAO_172P-10,São Paulo,3550308,True,,33626,,,-23.441891,-46.589701250000005,,,,2,2023-06-20T07:13:26+00:00
SAO_172P-10,São Paulo,3550308,True,,33626,,,-23.44281925,-46.5898795,,,,2,2023-06-20T07:12:34+00:00
SAO_172P-10,São Paulo,3550308,True,,33626,,,-23.4424695,-46.589804,,,,2,2023-06-20T07:13:02+00:00
SAO_172P-10,São Paulo,3550308,True,,33626,,,-23.4418065,-46.5890285,,,,2,2023-06-20T07:12:57+00:00
SAO_N102-11,São Paulo,3550308,True,,35051,,,-23.520775999999998,-46.70046,,,,2,2023-06-20T07:13:08+00:00
SAO_172P-10,São Paulo,3550308,True,,858,,,-23.4419105,-46.588513500000005,,,,1,2023-06-20T07:13:26+00:00
SAO_172P-10,São Paulo,3550308,True,,858,,,-23.441891,-46.589701250000005,,,,1,2023-06-20T07:13:01+00:00
SAO_172P-10,São Paulo,3550308,True,,858,,,-23.441876999999998,-46.5883755,,,,1,2023-06-20T07:13:34+00:00
SAO_172P-10,São Paulo,3550308,True,,858,,,-23.4418065,-46.5890285,,,,1,2023-06-20T07:13:17+00:00
SAO_172P-10,São Paulo,3550308,True,,858,,,-23.441848999999998,-46.588781499999996,,,,1,2023-06-20T07:13:15+00:00
SAO_172P-10,São Paulo,3550308,True,,858,,,-23.441891,-46.589701250000005,,,,1,2023-06-20T07:13:07+00:00
SAO_407Y-10,São Paulo,3550308,True,,2206,,,-23.5703855,-46.489906500000004,,,,1,2023-06-20T07:13:15+00:00
SAO_971R-10,São Paulo,3550308,True,,614,,,-23.4583065,-46.690271749999994,,,,1,2023-06-20T07:09:42+00:00
SAO_971R-10,São Paulo,3550308,True,,614,,,-23.454421500000002,-46.7374495,,,,1,2023-06-20T07:13:09+00:00
SAO_2079-10,São Paulo,3550308,True,,33138,,,-23.494310499999997,-46.402223,,,,2,2023-06-20T07:13:34+00:00
SAO_2079-10,São Paulo,3550308,True,,33138,,,-23.494310499999997,-46.402223,,,,2,2023-06-20T07:13:32+00:00
SAO_2079-10,São Paulo,3550308,True,,33138,,,-23.494310499999997,-46.402223,,,,2,2023-06-20T07:13:20+00:00
SAO_5141-10,São Paulo,3550308,True,,34393,,,-23.6123125,-46.5044185,,,,2,2023-06-20T07:13:23+00:00
SAO_8004-10,São Paulo,3550308,True,,34022,,,-23.479435000000002,-46.7468025,,,,2,2023-06-20T07:12:57+00:00
SAO_8004-10,São Paulo,3550308,True,,34022,,,-23.515031,-46.726015000000004,,,,2,2023-06-20T07:13:36+00:00
SAO_3459-10,São Paulo,3550308,True,EMTU,402,https://moovitapp.com/index/pt-br/transporte_p%C3%BAblico-line-402-Sao_Paulo-242-2038937-36419464-0,3.7,-23.5165205,-46.385602000000006,,,,1,2023-06-20T07:13:10+00:00
SAO_3459-10,São Paulo,3550308,True,EMTU,402,https://moovitapp.com/index/pt-br/transporte_p%C3%BAblico-line-402-Sao_Paulo-242-2038937-36419464-0,3.7,-23.5165205,-46.385602000000006,,,,1,2023-06-20T07:13:28+00:00
SAO_3459-10,São Paulo,3550308,True,EMTU,402,https://moovitapp.com/index/pt-br/transporte_p%C3%BAblico-line-402-Sao_Paulo-242-2038937-36419464-0,3.7,-23.5165205,-46.385602000000006,,,,1,2023-06-20T07:13:34+00:00
SAO_3459-10,São Paulo,3550308,True,EMTU,402,https://moovitapp.com/index/pt-br/transporte_p%C3%BAblico-line-402-Sao_Paulo-242-2038937-36419464-0,3.7,-23.5165205,-46.385602000000006,,,,1,2023-06-20T07:12:17+00:00
SAO_3459-10,São Paulo,3550308,True,EMTU,402,https://moovitapp.com/index/pt-br/transporte_p%C3%BAblico-line-402-Sao_Paulo-242-2038937-36419464-0,3.7,-23.5165205,-46.385602000000006,,,,1,2023-06-20T07:13:09+00:00
SAO_3459-10,São Paulo,3550308,True,EMTU,402,https://moovitapp.com/index/pt-br/transporte_p%C3%BAblico-line-402-Sao_Paulo-242-2038937-36419464-0,3.7,-23.5165205,-46.385602000000006,,,,1,2023-06-20T07:13:32+00:00
SAO_6818-10,São Paulo,3550308,True,BR7 Mobilidade,28,https://moovitapp.com/index/pt-br/transporte_p%C3%BAblico-line-28-Sao_Paulo-242-851856-596008-0,5.75,-23.655842999999997,-46.7727765,,,,1,2023-06-20T07:10:40+00:00
SAO_6818-10,São Paulo,3550308,True,BR7 Mobilidade,28,https://moovitapp.com/index/pt-br/transporte_p%C3%BAblico-line-28-Sao_Paulo-242-851856-596008-0,5.75,-23.655842999999997,-46.7727765,,,,1,2023-06-20T07:13:13+00:00
SAO_6818-10,São Paulo,3550308,True,BR7 Mobilidade,28,https://moovitapp.com/index/pt-br/transporte_p%C3%BAblico-line-28-Sao_Paulo-242-851856-596008-0,5.75,-23.655842999999997,-46.7727765,,,,1,2023-06-20T07:13:27+00:00
SAO_6818-10,São Paulo,3550308,True,BR7 Mobilidade,28,https://moovitapp.com/index/pt-br/transporte_p%C3%BAblico-line-28-Sao_Paulo-242-851856-596008-0,5.75,-23.654369000000003,-46.762426500000004,,,,1,2023-06-20T07:13:33+00:00
SAO_574J-10,São Paulo,3550308,True,,34453,,,-23.59388525,-46.601063124999996,,,,2,2023-06-20T07:12:59+00:00
SAO_574J-10,São Paulo,3550308,True,,34453,,,-23.558235500000002,-46.522756,,,,2,2023-06-20T07:13:28+00:00
SAO_778R-10,São Paulo,3550308,True,,33277,,,-23.570433,-46.689798249999996,,,,2,2023-06-20T07:13:29+00:00
SAO_778R-10,São Paulo,3550308,True,,33277,,,-23.584975,-46.740498,,,,2,2023-06-20T07:13:01+00:00
SAO_N333-11,São Paulo,3550308,True,,2345,,,-23.4937995,-46.404846500000005,,,,1,2023-06-20T07:13:07+00:00
SAO_1177-10,São Paulo,3550308,True,,32897,,,-23.5361185,-46.632417000000004,,,,2,2023-06-20T07:10:50+00:00
SAO_1177-10,São Paulo,3550308,True,,32897,,,-23.5361185,-46.632417000000004,,,,2,2023-06-20T07:13:20+00:00
SAO_1177-10,São Paulo,3550308,True,,32897,,,-23.5361185,-46.632417000000004,,,,2,2023-06-20T07:13:05+00:00
SAO_1177-10,São Paulo,3550308,True,,32897,,,-23.5361185,-46.632417000000004,,,,2,2023-06-20T07:13:27+00:00
SAO_1177-10,São Paulo,3550308,True,,32897,,,-23.5361185,-46.632417000000004,,,,2,2023-06-20T07:13:24+00:00
SAO_1177-10,São Paulo,3550308,True,,32897,,,-23.5361185,-46.632417000000004,,,,2,2023-06-20T07:13:37+00:00
SAO_1177-10,São Paulo,3550308,True,,32897,,,-23.5361185,-46.632417000000004,,,,2,2023-06-20T07:13:02+00:00
SAO_1177-10,São Paulo,3550308,True,,32897,,,-23.5361185,-46.632417000000004,,,,2,2023-06-20T07:13:16+00:00
SAO_1177-10,São Paulo,3550308,True,,32897,,,-23.5361185,-46.632417000000004,,,,2,2023-06-20T07:12:54+00:00
SAO_1177-10,São Paulo,3550308,True,,32897,,,-23.5361185,-46.632417000000004,,,,2,2023-06-20T07:13:15+00:00
SAO_253F-10,São Paulo,3550308,True,EMTU,158,https://moovitapp.com/index/pt-br/transporte_p%C3%BAblico-line-158-Sao_Paulo-242-2038937-36419303-0,7.45,-23.5185795,-46.475586,,,,1,2023-06-20T07:13:09+00:00
SAO_253F-10,São Paulo,3550308,True,EMTU,158,https://moovitapp.com/index/pt-br/transporte_p%C3%BAblico-line-158-Sao_Paulo-242-2038937-36419303-0,7.45,-23.5188975,-46.475528,,,,1,2023-06-20T07:13:33+00:00
SAO_253F-10,São Paulo,3550308,True,EMTU,158,https://moovitapp.com/index/pt-br/transporte_p%C3%BAblico-line-158-Sao_Paulo-242-2038937-36419303-0,7.45,-23.5185795,-46.475586,,,,1,2023-06-20T07:12:56+00:00
SAO_714C-10,São Paulo,3550308,True,,33255,,,-23.599347,-46.791118,,,,2,2023-06-20T07:13:09+00:00
SAO_875C-10,São Paulo,3550308,True,,33246,,,-23.520992749999998,-46.699836,,,,2,2023-06-20T07:13:34+00:00
SAO_875C-10,São Paulo,3550308,True,,33246,,,-23.519885000000002,-46.700064999999995,,,,2,2023-06-20T07:13:29+00:00
SAO_875C-10,São Paulo,3550308,True,,33246,,,-23.5853895,-46.68170825,,,,2,2023-06-20T07:13:10+00:00
SAO_875C-10,São Paulo,3550308,True,,33246,,,-23.520066999999997,-46.6995985,,,,2,2023-06-20T07:13:12+00:00
SAO_875C-10,São Paulo,3550308,True,,33246,,,-23.599600000000002,-46.6372275,,,,2,2023-06-20T07:13:23+00:00
SAO_5757-51,São Paulo,3550308,True,,34744,,,-23.635112499999998,-46.640995000000004,,,,2,2023-06-20T07:13:10+00:00
SAO_5757-51,São Paulo,3550308,True,,34744,,,-23.635112499999998,-46.640995000000004,,,,2,2023-06-20T07:10:07+00:00
SAO_5757-51,São Paulo,3550308,True,,34744,,,-23.635112499999998,-46.640995000000004,,,,2,2023-06-20T07:11:44+00:00
SAO_5757-51,São Paulo,3550308,True,,34744,,,-23.635112499999998,-46.640995000000004,,,,2,2023-06-20T07:11:31+00:00
SAO_5757-51,São Paulo,3550308,True,,34744,,,-23.635112499999998,-46.640995000000004,,,,2,2023-06-20T07:12:52+00:00
SAO_5757-51,São Paulo,3550308,True,,34744,,,-23.635112499999998,-46.640995000000004,,,,2,2023-06-20T07:13:00+00:00
SAO_5757-51,São Paulo,3550308,True,,34744,,,-23.635112499999998,-46.640995000000004,,,,2,2023-06-20T07:13:06+00:00
SAO_5757-51,São Paulo,3550308,True,,34744,,,-23.70636,-46.64149,,,,2,2023-06-20T07:12:46+00:00
SAO_5757-51,São Paulo,3550308,True,,34744,,,-23.635112499999998,-46.640995000000004,,,,2,2023-06-20T07:12:47+00:00
SAO_5757-51,São Paulo,3550308,True,,34744,,,-23.635112499999998,-46.640995000000004,,,,2,2023-06-20T07:13:14+00:00
SAO_5757-51,São Paulo,3550308,True,,34744,,,-23.635112499999998,-46.640995000000004,,,,2,2023-06-20T07:12:30+00:00
SAO_5757-51,São Paulo,3550308,True,,34744,,,-23.635112499999998,-46.640995000000004,,,,2,2023-06-20T07:13:10+00:00
SAO_5757-51,São Paulo,3550308,True,,34744,,,-23.635112499999998,-46.640995000000004,,,,2,2023-06-20T07:13:03+00:00
SAO_5757-51,São Paulo,3550308,True,,34744,,,-23.635112499999998,-46.640995000000004,,,,2,2023-06-20T07:11:48+00:00
SAO_7023-10,São Paulo,3550308,True,,2152,,,-23.7000675,-46.7643525,,,,1,2023-06-20T07:12:55+00:00
SAO_3459-10,São Paulo,3550308,True,,33170,,,-23.547625500000002,-46.629791499999996,,,,2,2023-06-20T07:13:03+00:00
SAO_3459-10,São Paulo,3550308,True,,33170,,,-23.547625500000002,-46.629791499999996,,,,2,2023-06-20T07:11:48+00:00
SAO_3459-10,São Paulo,3550308,True,,33170,,,-23.547625500000002,-46.629791499999996,,,,2,2023-06-20T07:13:05+00:00
SAO_3459-10,São Paulo,3550308,True,,33170,,,-23.516686749999998,-46.38517525,,,,2,2023-06-20T07:13:13+00:00
SAO_3459-10,São Paulo,3550308,True,,33170,,,-23.547625500000002,-46.629791499999996,,,,2,2023-06-20T07:13:19+00:00
SAO_3459-10,São Paulo,3550308,True,,33170,,,-23.547625500000002,-46.629791499999996,,,,2,2023-06-20T07:13:32+00:00
SAO_3459-10,São Paulo,3550308,True,,33170,,,-23.547625500000002,-46.629791499999996,,,,2,2023-06-20T07:12:56+00:00
SAO_3459-10,São Paulo,3550308,True,,33170,,,-23.514529375,-46.49668975,,,,2,2023-06-20T07:11:14+00:00
SAO_3459-10,São Paulo,3550308,True,,33170,,,-23.547625500000002,-46.629791499999996,,,,2,2023-06-20T07:13:24+00:00
SAO_3459-10,São Paulo,3550308,True,,33170,,,-23.547625500000002,-46.629791499999996,,,,2,2023-06-20T07:13:14+00:00
SAO_3459-10,São Paulo,3550308,True,,33170,,,-23.547625500000002,-46.629791499999996,,,,2,2023-06-20T07:12:59+00:00
SAO_3459-10,São Paulo,3550308,True,,33170,,,-23.516686749999998,-46.38517525,,,,2,2023-06-20T07:12:55+00:00
SAO_3459-10,São Paulo,3550308,True,,33170,,,-23.547625500000002,-46.629791499999996,,,,2,2023-06-20T07:13:33+00:00
SAO_3459-10,São Paulo,3550308,True,,33170,,,-23.547625500000002,-46.629791499999996,,,,2,2023-06-20T07:13:13+00:00
SAO_3459-10,São Paulo,3550308,True,,33170,,,-23.516762,-46.384977500000005,,,,2,2023-06-20T07:13:20+00:00
SAO_3459-10,São Paulo,3550308,True,,33170,,,-23.547625500000002,-46.629791499999996,,,,2,2023-06-20T07:13:29+00:00
SAO_3459-10,São Paulo,3550308,True,,33170,,,-23.53765525,-46.5612195,,,,2,2023-06-20T07:09:56+00:00
SAO_3459-10,São Paulo,3550308,True,,33170,,,-23.547625500000002,-46.629791499999996,,,,2,2023-06-20T07:13:00+00:00
SAO_3459-10,São Paulo,3550308,True,,33170,,,-23.547625500000002,-46.629791499999996,,,,2,2023-06-20T07:13:30+00:00
SAO_3459-10,São Paulo,3550308,True,,33170,,,-23.516686749999998,-46.38517525,,,,2,2023-06-20T07:13:35+00:00
SAO_3459-10,São Paulo,3550308,True,,33170,,,-23.547625500000002,-46.629791499999996,,,,2,2023-06-20T07:13:30+00:00
SAO_3459-10,São Paulo,3550308,True,,33170,,,-23.547625500000002,-46.629791499999996,,,,2,2023-06-20T07:13:03+00:00
SAO_3459-10,São Paulo,3550308,True,,33170,,,-23.4952525,-46.43242,,,,2,2023-06-20T07:13:27+00:00
SAO_3459-10,São Paulo,3550308,True,,33170,,,-23.516849999999998,-46.3847265,,,,2,2023-06-20T07:13:16+00:00
SAO_3459-10,São Paulo,3550308,True,,33170,,,-23.513693500000002,-46.445525625,,,,2,2023-06-20T07:13:17+00:00
SAO_3459-10,São Paulo,3550308,True,,33170,,,-23.547625500000002,-46.629791499999996,,,,2,2023-06-20T07:13:37+00:00
SAO_3459-10,São Paulo,3550308,True,,33170,,,-23.547625500000002,-46.629791499999996,,,,2,2023-06-20T07:12:58+00:00
SAO_3459-10,São Paulo,3550308,True,,33170,,,-23.547625500000002,-46.629791499999996,,,,2,2023-06-20T07:13:21+00:00
SAO_3459-10,São Paulo,3550308,True,,33170,,,-23.547625500000002,-46.629791499999996,,,,2,2023-06-20T07:10:12+00:00
SAO_3459-10,São Paulo,3550308,True,,33170,,,-23.547625500000002,-46.629791499999996,,,,2,2023-06-20T07:13:14+00:00
SAO_3459-10,São Paulo,3550308,True,,33170,,,-23.547625500000002,-46.629791499999996,,,,2,2023-06-20T07:13:03+00:00
SAO_3459-10,São Paulo,3550308,True,,33170,,,-23.547625500000002,-46.629791499999996,,,,2,2023-06-20T07:13:09+00:00
SAO_3459-10,São Paulo,3550308,True,,33170,,,-23.547625500000002,-46.629791499999996,,,,2,2023-06-20T07:13:05+00:00
SAO_3459-10,São Paulo,3550308,True,,33170,,,-23.547625500000002,-46.629791499999996,,,,2,2023-06-20T07:13:32+00:00
SAO_3459-10,São Paulo,3550308,True,,33170,,,-23.516686749999998,-46.38517525,,,,2,2023-06-20T07:12:56+00:00
SAO_3459-10,São Paulo,3550308,True,,33170,,,-23.495147000000003,-46.4347765,,,,2,2023-06-20T07:13:37+00:00
SAO_8548-10,São Paulo,3550308,True,,33346,,,-23.488802,-46.688143499999995,,,,2,2023-06-20T07:13:13+00:00
SAO_6051-10,São Paulo,3550308,True,,33911,,,-23.7621455,-46.689133,,,,2,2023-06-20T07:13:17+00:00
SAO_6051-10,São Paulo,3550308,True,,33911,,,-23.7621455,-46.689133,,,,2,2023-06-20T07:13:24+00:00
SAO_6051-10,São Paulo,3550308,True,,33911,,,-23.7621455,-46.689133,,,,2,2023-06-20T07:13:21+00:00
SAO_6051-10,São Paulo,3550308,True,,33911,,,-23.7621455,-46.689133,,,,2,2023-06-20T07:13:36+00:00
SAO_2727-10,São Paulo,3550308,True,,942,,,-23.540153,-46.483096,,,,1,2023-06-20T07:13:37+00:00
SAO_2727-10,São Paulo,3550308,True,,942,,,-23.540153,-46.483096,,,,1,2023-06-20T07:13:34+00:00
SAO_2727-10,São Paulo,3550308,True,,942,,,-23.540153,-46.483096,,,,1,2023-06-20T07:13:32+00:00
SAO_2727-10,São Paulo,3550308,True,,942,,,-23.540153,-46.483096,,,,1,2023-06-20T07:13:36+00:00
SAO_2727-10,São Paulo,3550308,True,,942,,,-23.540153,-46.483096,,,,1,2023-06-20T07:13:15+00:00
SAO_2727-10,São Paulo,3550308,True,,942,,,-23.540153,-46.483096,,,,1,2023-06-20T07:13:14+00:00
SAO_2727-10,São Paulo,3550308,True,,942,,,-23.540153,-46.483096,,,,1,2023-06-20T07:13:34+00:00
SAO_3686-10,São Paulo,3550308,True,,32934,,,-23.5349975,-46.455126,,,,2,2023-06-20T07:13:29+00:00
SAO_3686-10,São Paulo,3550308,True,,32934,,,-23.530773500000002,-46.445034,,,,2,2023-06-20T07:13:18+00:00
SAO_3686-10,São Paulo,3550308,True,,32934,,,-23.549018,-46.407801000000006,,,,2,2023-06-20T07:13:15+00:00
SAO_3686-10,São Paulo,3550308,True,,32934,,,-23.538397500000002,-46.564158000000006,,,,2,2023-06-20T07:13:21+00:00
SAO_6016-10,São Paulo,3550308,True,,84,,,-23.7716985,-46.6731285,,,,1,2023-06-20T07:13:39+00:00
SAO_6016-10,São Paulo,3550308,True,,84,,,-23.737187499999997,-46.6971815,,,,1,2023-06-20T07:13:01+00:00
SAO_8700-10,São Paulo,3550308,True,,1877,,,-23.595662750000002,-46.73905175,,,,1,2023-06-20T07:13:33+00:00
SAO_8700-10,São Paulo,3550308,True,,1877,,,-23.630915,-46.772762,,,,1,2023-06-20T07:13:04+00:00
SAO_8700-10,São Paulo,3550308,True,,1877,,,-23.6304685,-46.773606,,,,1,2023-06-20T07:13:19+00:00
SAO_8700-10,São Paulo,3550308,True,,1877,,,-23.6304685,-46.773606,,,,1,2023-06-20T07:13:12+00:00
SAO_2766-10,São Paulo,3550308,True,EMTU,405,https://moovitapp.com/index/pt-br/transporte_p%C3%BAblico-line-405-Sao_Paulo-242-2038937-36419467-0,5.35,-23.51828025,-46.3879975,,,,1,2023-06-20T07:13:16+00:00
SAO_2766-10,São Paulo,3550308,True,EMTU,405,https://moovitapp.com/index/pt-br/transporte_p%C3%BAblico-line-405-Sao_Paulo-242-2038937-36419467-0,5.35,-23.5205845,-46.390026500000005,,,,1,2023-06-20T07:13:06+00:00
SAO_2766-10,São Paulo,3550308,True,EMTU,405,https://moovitapp.com/index/pt-br/transporte_p%C3%BAblico-line-405-Sao_Paulo-242-2038937-36419467-0,5.35,-23.51828025,-46.3879975,,,,1,2023-06-20T07:12:55+00:00
SAO_2755-10,São Paulo,3550308,True,STT,233,https://moovitapp.com/index/pt-br/transporte_p%C3%BAblico-line-233-Sao_Paulo-242-850661-183266-0,5.3,-23.5382185,-46.406962,,,,1,2023-06-20T07:13:36+00:00
SAO_N703-11,São Paulo,3550308,True,,35176,,,-23.669746,-46.73697725,,,,2,2023-06-20T07:13:21+00:00
SAO_N502-11,São Paulo,3550308,True,,2376,,,-23.551051,-46.6253065,,,,1,2023-06-20T07:13:15+00:00
SAO_N502-11,São Paulo,3550308,True,,2376,,,-23.6033435,-46.602573,,,,1,2023-06-20T07:13:22+00:00
SAO_4002-10,São Paulo,3550308,True,,34945,,,-23.5657563125,-46.512289062499995,,,,2,2023-06-20T07:13:26+00:00
SAO_4002-10,São Paulo,3550308,True,,34945,,,-23.555652249999998,-46.396758125,,,,2,2023-06-20T07:13:31+00:00
SAO_N704-11,São Paulo,3550308,True,,35177,,,-23.654714,-46.760605,,,,2,2023-06-20T07:13:35+00:00
SAO_971A-10,São Paulo,3550308,True,,33426,,,-23.494273624999998,-46.663479374999994,,,,2,2023-06-20T07:13:19+00:00
SAO_6058-10,São Paulo,3550308,True,,33917,,,-23.769851000000003,-46.676743,,,,2,2023-06-20T07:13:15+00:00
SAO_6058-10,São Paulo,3550308,True,,33917,,,-23.7695835,-46.7148705,,,,2,2023-06-20T07:13:11+00:00
SAO_6058-10,São Paulo,3550308,True,,33917,,,-23.769750000000002,-46.714714,,,,2,2023-06-20T07:12:59+00:00
SAO_6058-10,São Paulo,3550308,True,,33917,,,-23.769851000000003,-46.676743,,,,2,2023-06-20T07:13:07+00:00
SAO_6058-10,São Paulo,3550308,True,,33917,,,-23.769750000000002,-46.714714,,,,2,2023-06-20T07:13:16+00:00
SAO_N203-11,São Paulo,3550308,True,,2313,,,-23.546077500000003,-46.631047,,,,1,2023-06-20T07:13:15+00:00
SAO_N203-11,São Paulo,3550308,True,,2313,,,-23.480144,-46.6024375,,,,1,2023-06-20T07:12:54+00:00
SAO_N103-11,São Paulo,3550308,True,,2284,,,-23.5146865,-46.700142,,,,1,2023-06-20T07:12:54+00:00
SAO_909T-1,São Paulo,3550308,True,,35280,,,-23.565896,-46.7011235,,,,2,2023-06-20T07:12:54+00:00
SAO_909T-1,São Paulo,3550308,True,,35280,,,-23.56555875,-46.7010795,,,,2,2023-06-20T07:13:23+00:00
SAO_5127-10,São Paulo,3550308,True,,33895,,,-23.677825,-46.701614500000005,,,,2,2023-06-20T07:13:15+00:00
SAO_5127-10,São Paulo,3550308,True,,33895,,,-23.677825,-46.701614500000005,,,,2,2023-06-20T07:12:31+00:00
SAO_5127-10,São Paulo,3550308,True,,33895,,,-23.677825,-46.701614500000005,,,,2,2023-06-20T07:12:36+00:00
SAO_5127-10,São Paulo,3550308,True,,33895,,,-23.677825,-46.701614500000005,,,,2,2023-06-20T07:13:30+00:00
SAO_5127-10,São Paulo,3550308,True,,33895,,,-23.677825,-46.701614500000005,,,,2,2023-06-20T07:13:27+00:00
SAO_5127-10,São Paulo,3550308,True,,33895,,,-23.677825,-46.701614500000005,,,,2,2023-06-20T07:12:48+00:00
SAO_5127-10,São Paulo,3550308,True,,33895,,,-23.677825,-46.701614500000005,,,,2,2023-06-20T07:13:12+00:00
SAO_5127-10,São Paulo,3550308,True,,33895,,,-23.677825,-46.701614500000005,,,,2,2023-06-20T07:12:17+00:00
SAO_5127-10,São Paulo,3550308,True,,33895,,,-23.677825,-46.701614500000005,,,,2,2023-06-20T07:13:15+00:00
SAO_5127-10,São Paulo,3550308,True,,33895,,,-23.677825,-46.701614500000005,,,,2,2023-06-20T07:10:53+00:00
SAO_5127-10,São Paulo,3550308,True,,33895,,,-23.677825,-46.701614500000005,,,,2,2023-06-20T07:12:15+00:00
SAO_5127-10,São Paulo,3550308,True,,33895,,,-23.677825,-46.701614500000005,,,,2,2023-06-20T07:12:39+00:00
SAO_5127-10,São Paulo,3550308,True,,33895,,,-23.677825,-46.701614500000005,,,,2,2023-06-20T07:13:19+00:00
SAO_5127-10,São Paulo,3550308,True,,33895,,,-23.677825,-46.701614500000005,,,,2,2023-06-20T07:12:49+00:00
SAO_5127-10,São Paulo,3550308,True,,33895,,,-23.677825,-46.701614500000005,,,,2,2023-06-20T07:12:45+00:00
SAO_5127-10,São Paulo,3550308,True,,33895,,,-23.677825,-46.701614500000005,,,,2,2023-06-20T07:12:21+00:00
SAO_5127-10,São Paulo,3550308,True,,33895,,,-23.677825,-46.701614500000005,,,,2,2023-06-20T07:13:17+00:00
SAO_9784-10,São Paulo,3550308,True,EMTU,827,https://moovitapp.com/index/pt-br/transporte_p%C3%BAblico-line-827-Sao_Paulo-242-2038937-36419596-0,12.1,-23.4503535,-46.683854999999994,,,,1,2023-06-20T07:12:56+00:00
SAO_N603-11,São Paulo,3550308,True,,2394,,,-23.682105999999997,-46.636607,,,,1,2023-06-20T07:13:32+00:00
SAO_6063-41,São Paulo,3550308,True,,34541,,,-23.787596999999998,-46.679432,,,,2,2023-06-20T07:13:23+00:00
SAO_6063-41,São Paulo,3550308,True,,34541,,,-23.787596999999998,-46.679432,,,,2,2023-06-20T07:13:06+00:00
SAO_6063-41,São Paulo,3550308,True,,34541,,,-23.787596999999998,-46.679432,,,,2,2023-06-20T07:13:21+00:00
SAO_7059-10,São Paulo,3550308,True,,34692,,,-23.667596,-46.786499000000006,,,,2,2023-06-20T07:12:56+00:00
SAO_273G-10,São Paulo,3550308,True,EMTU,223,https://moovitapp.com/index/pt-br/transporte_p%C3%BAblico-line-223-Sao_Paulo-242-2038937-36419342-0,5.2,-23.483981999999997,-46.417635000000004,,,,1,2023-06-20T07:13:37+00:00
SAO_273G-10,São Paulo,3550308,True,EMTU,223,https://moovitapp.com/index/pt-br/transporte_p%C3%BAblico-line-223-Sao_Paulo-242-2038937-36419342-0,5.2,-23.4794975,-46.419915375,,,,1,2023-06-20T07:13:35+00:00
SAO_6816-31,São Paulo,3550308,True,,1748,,,-23.652925,-46.777986999999996,,,,1,2023-06-20T07:13:19+00:00
SAO_6816-31,São Paulo,3550308,True,,1748,,,-23.652935499999998,-46.776088,,,,1,2023-06-20T07:13:27+00:00
SAO_7052-10,São Paulo,3550308,True,,1886,,,-23.6529745,-46.773157999999995,,,,1,2023-06-20T07:13:34+00:00
SAO_7052-10,São Paulo,3550308,True,,1886,,,-23.6529745,-46.773157999999995,,,,1,2023-06-20T07:13:37+00:00
SAO_1178-33,São Paulo,3550308,True,,34778,,,-23.5041765,-46.433013,,,,2,2023-06-20T07:13:11+00:00
SAO_352A-10,São Paulo,3550308,True,,32932,,,-23.5040285,-46.442871,,,,2,2023-06-20T07:13:29+00:00
SAO_9011-10,São Paulo,3550308,True,,878,,,-23.45467,-46.738116000000005,,,,1,2023-06-20T07:12:12+00:00
SAO_9011-10,São Paulo,3550308,True,,878,,,-23.45467,-46.738116000000005,,,,1,2023-06-20T07:13:11+00:00
SAO_9011-10,São Paulo,3550308,True,,878,,,-23.45467,-46.738116000000005,,,,1,2023-06-20T07:05:38+00:00
SAO_9011-10,São Paulo,3550308,True,,878,,,-23.45467,-46.738116000000005,,,,1,2023-06-20T07:12:18+00:00
SAO_9011-10,São Paulo,3550308,True,,878,,,-23.45467,-46.738116000000005,,,,1,2023-06-20T07:11:52+00:00
SAO_9011-10,São Paulo,3550308,True,,878,,,-23.45467,-46.738116000000005,,,,1,2023-06-20T07:09:50+00:00
SAO_9011-10,São Paulo,3550308,True,,878,,,-23.45467,-46.738116000000005,,,,1,2023-06-20T07:13:19+00:00
SAO_9011-10,São Paulo,3550308,True,,878,,,-23.45467,-46.738116000000005,,,,1,2023-06-20T07:12:54+00:00
SAO_9011-10,São Paulo,3550308,True,,878,,,-23.45467,-46.738116000000005,,,,1,2023-06-20T07:12:58+00:00
SAO_9011-10,São Paulo,3550308,True,,878,,,-23.45467,-46.738116000000005,,,,1,2023-06-20T07:13:32+00:00
SAO_N504-11,São Paulo,3550308,True,,2378,,,-23.533439375,-46.613963874999996,,,,1,2023-06-20T07:13:16+00:00
SAO_6084-10,São Paulo,3550308,True,,33937,,,-23.7812805,-46.67209375,,,,2,2023-06-20T07:12:56+00:00
SAO_6084-10,São Paulo,3550308,True,,33937,,,-23.7812805,-46.67209375,,,,2,2023-06-20T07:12:58+00:00
SAO_6084-10,São Paulo,3550308,True,,33937,,,-23.7812805,-46.67209375,,,,2,2023-06-20T07:12:58+00:00
SAO_6084-10,São Paulo,3550308,True,,33937,,,-23.7812805,-46.67209375,,,,2,2023-06-20T07:13:26+00:00
SAO_6084-10,São Paulo,3550308,True,,33937,,,-23.7812805,-46.67209375,,,,2,2023-06-20T07:13:04+00:00
SAO_6084-10,São Paulo,3550308,True,,33937,,,-23.7812805,-46.67209375,,,,2,2023-06-20T07:13:02+00:00
SAO_6084-10,São Paulo,3550308,True,,33937,,,-23.769396,-46.7150415,,,,2,2023-06-20T07:13:22+00:00
SAO_6084-10,São Paulo,3550308,True,,33937,,,-23.77025525,-46.6810555,,,,2,2023-06-20T07:13:00+00:00
SAO_4021-10,São Paulo,3550308,True,,35316,,,-23.542792499999997,-46.470580999999996,,,,2,2023-06-20T07:13:18+00:00
SAO_4021-10,São Paulo,3550308,True,,35316,,,-23.542792499999997,-46.470580999999996,,,,2,2023-06-20T07:13:20+00:00
SAO_4021-10,São Paulo,3550308,True,,35316,,,-23.542792499999997,-46.470580999999996,,,,2,2023-06-20T07:13:20+00:00
SAO_4021-10,São Paulo,3550308,True,,35316,,,-23.542792499999997,-46.470580999999996,,,,2,2023-06-20T07:12:59+00:00
SAO_4021-10,São Paulo,3550308,True,,35316,,,-23.542792499999997,-46.470580999999996,,,,2,2023-06-20T07:13:29+00:00
SAO_4021-10,São Paulo,3550308,True,,35316,,,-23.542792499999997,-46.470580999999996,,,,2,2023-06-20T07:13:15+00:00
SAO_271A-51,São Paulo,3550308,True,,33471,,,-23.4985585,-46.514556999999996,,,,2,2023-06-20T07:13:15+00:00
SAO_271A-51,São Paulo,3550308,True,,33471,,,-23.518323,-46.562215249999994,,,,2,2023-06-20T07:13:32+00:00
SAO_7903-10,São Paulo,3550308,True,,33280,,,-23.602332750000002,-46.78700725,,,,2,2023-06-20T07:13:08+00:00
SAO_6015-10,São Paulo,3550308,True,,1205,,,-23.718400000000003,-46.784493499999996,,,,1,2023-06-20T07:13:25+00:00
SAO_6015-10,São Paulo,3550308,True,,1205,,,-23.71889675,-46.78474375,,,,1,2023-06-20T07:13:13+00:00
SAO_6015-10,São Paulo,3550308,True,,1205,,,-23.734715,-46.7945555,,,,1,2023-06-20T07:13:22+00:00
SAO_6015-10,São Paulo,3550308,True,,1205,,,-23.736770749999998,-46.79505825,,,,1,2023-06-20T07:13:31+00:00
SAO_3728-10,São Paulo,3550308,True,,1025,,,-23.573595,-46.490476,,,,1,2023-06-20T07:12:56+00:00
SAO_3728-10,São Paulo,3550308,True,,1025,,,-23.573595,-46.490476,,,,1,2023-06-20T07:13:05+00:00
SAO_3728-10,São Paulo,3550308,True,,1025,,,-23.5508735,-46.489171,,,,1,2023-06-20T07:13:05+00:00
SAO_N302-11,São Paulo,3550308,True,,2336,,,-23.5285205,-46.5890775,,,,1,2023-06-20T07:13:20+00:00
SAO_N302-11,São Paulo,3550308,True,,2336,,,-23.518318999999998,-46.4758545,,,,1,2023-06-20T07:08:07+00:00
SAO_1024-10,São Paulo,3550308,True,,35070,,,-23.460728000000003,-46.7085375,,,,2,2023-06-20T07:13:33+00:00
SAO_1024-10,São Paulo,3550308,True,,35070,,,-23.4686615,-46.6974635,,,,2,2023-06-20T07:13:21+00:00
SAO_3787-10,São Paulo,3550308,True,,34380,,,-23.5832135,-46.4071515,,,,2,2023-06-20T07:13:30+00:00
SAO_3787-10,São Paulo,3550308,True,,34380,,,-23.601580749999997,-46.401106,,,,2,2023-06-20T07:13:19+00:00
SAO_3787-10,São Paulo,3550308,True,,34380,,,-23.56210475,-46.4461535,,,,2,2023-06-20T07:13:17+00:00
SAO_3787-10,São Paulo,3550308,True,,34380,,,-23.544307500000002,-46.4650025,,,,2,2023-06-20T07:13:21+00:00
SAO_5110-10,São Paulo,3550308,True,,34977,,,-23.547036,-46.628932,,,,2,2023-06-20T07:13:29+00:00
SAO_5110-10,São Paulo,3550308,True,,34977,,,-23.585113,-46.582381,,,,2,2023-06-20T07:13:28+00:00
SAO_5110-10,São Paulo,3550308,True,,34977,,,-23.547036,-46.628932,,,,2,2023-06-20T07:13:28+00:00
SAO_5110-10,São Paulo,3550308,True,,34977,,,-23.612947,-46.476177500000006,,,,2,2023-06-20T07:12:58+00:00
SAO_5110-10,São Paulo,3550308,True,,34977,,,-23.547036,-46.628932,,,,2,2023-06-20T07:13:04+00:00
SAO_857R-10,São Paulo,3550308,True,,34660,,,-23.6312955,-46.773033999999996,,,,2,2023-06-20T07:13:33+00:00
SAO_857R-10,São Paulo,3550308,True,,34660,,,-23.631508,-46.7726,,,,2,2023-06-20T07:13:07+00:00
SAO_857R-10,São Paulo,3550308,True,,34660,,,-23.6316405,-46.772316,,,,2,2023-06-20T07:13:08+00:00
SAO_857R-10,São Paulo,3550308,True,,34660,,,-23.6312955,-46.773033999999996,,,,2,2023-06-20T07:13:32+00:00
SAO_7017-10,São Paulo,3550308,True,,2502,,,-23.693067,-46.7912135,,,,1,2023-06-20T07:12:56+00:00
SAO_7017-10,São Paulo,3550308,True,,2502,,,-23.6931665,-46.791157,,,,1,2023-06-20T07:13:18+00:00
SAO_502J-10,São Paulo,3550308,True,,34043,,,-23.6909805,-46.670428,,,,2,2023-06-20T07:12:55+00:00
SAO_502J-10,São Paulo,3550308,True,,34043,,,-23.638798,-46.660957499999995,,,,2,2023-06-20T07:13:17+00:00
SAO_9011-10,São Paulo,3550308,True,,33646,,,-23.444228,-46.721738,,,,2,2023-06-20T07:13:28+00:00
SAO_9011-10,São Paulo,3550308,True,,33646,,,-23.47494,-46.67014399999999,,,,2,2023-06-20T07:12:17+00:00
SAO_9011-10,São Paulo,3550308,True,,33646,,,-23.47494,-46.67014399999999,,,,2,2023-06-20T07:12:48+00:00
SAO_9011-10,São Paulo,3550308,True,,33646,,,-23.47494,-46.67014399999999,,,,2,2023-06-20T07:13:36+00:00
SAO_9011-10,São Paulo,3550308,True,,33646,,,-23.47494,-46.67014399999999,,,,2,2023-06-20T07:12:51+00:00
SAO_N503-11,São Paulo,3550308,True,,35145,,,-23.55732025,-46.580805999999995,,,,2,2023-06-20T07:12:57+00:00
SAO_4709-10,São Paulo,3550308,True,,333,,,-23.653377,-46.6069295,,,,1,2023-06-20T07:13:22+00:00
SAO_N836-11,São Paulo,3550308,True,,35203,,,-23.565859,-46.7013775,,,,2,2023-06-20T07:13:01+00:00
SAO_177H-10,São Paulo,3550308,True,,33398,,,-23.50024575,-46.63400925,,,,2,2023-06-20T07:13:22+00:00
SAO_177H-10,São Paulo,3550308,True,,33398,,,-23.5712865,-46.69927800000001,,,,2,2023-06-20T07:13:11+00:00
SAO_3766-10,São Paulo,3550308,True,,1055,,,-23.553675499999997,-46.427672,,,,1,2023-06-20T07:13:32+00:00
SAO_3766-10,São Paulo,3550308,True,,1055,,,-23.553675499999997,-46.427672,,,,1,2023-06-20T07:13:12+00:00
SAO_3766-10,São Paulo,3550308,True,,1055,,,-23.553675499999997,-46.427672,,,,1,2023-06-20T07:13:09+00:00
SAO_3766-10,São Paulo,3550308,True,,1055,,,-23.553675499999997,-46.427672,,,,1,2023-06-20T07:12:57+00:00
SAO_3766-10,São Paulo,3550308,True,,1055,,,-23.553675499999997,-46.427672,,,,1,2023-06-20T07:13:05+00:00
SAO_6052-10,São Paulo,3550308,True,,33912,,,-23.775509999999997,-46.691679,,,,2,2023-06-20T07:13:27+00:00
SAO_6052-10,São Paulo,3550308,True,,33912,,,-23.775509999999997,-46.691679,,,,2,2023-06-20T07:13:07+00:00
SAO_6052-10,São Paulo,3550308,True,,33912,,,-23.775509999999997,-46.691679,,,,2,2023-06-20T07:13:19+00:00
SAO_6052-10,São Paulo,3550308,True,,33912,,,-23.775509999999997,-46.691679,,,,2,2023-06-20T07:13:03+00:00
SAO_6052-10,São Paulo,3550308,True,,33912,,,-23.775509999999997,-46.691679,,,,2,2023-06-20T07:13:26+00:00
SAO_6052-10,São Paulo,3550308,True,,33912,,,-23.775509999999997,-46.691679,,,,2,2023-06-20T07:13:25+00:00
SAO_8528-10,São Paulo,3550308,True,,33343,,,-23.535764125,-46.651842375,,,,2,2023-06-20T07:13:06+00:00
SAO_8528-10,São Paulo,3550308,True,,33343,,,-23.46455375,-46.70048225,,,,2,2023-06-20T07:13:14+00:00
SAO_8528-10,São Paulo,3550308,True,,33343,,,-23.4615645,-46.69032075,,,,2,2023-06-20T07:12:58+00:00
SAO_8319-21,São Paulo,3550308,True,,34475,,,-23.545756,-46.761807000000005,,,,2,2023-06-20T07:12:55+00:00
SAO_6200-10,São Paulo,3550308,True,,355,,,-23.6542185,-46.7133365,,,,1,2023-06-20T07:13:00+00:00
SAO_6200-10,São Paulo,3550308,True,,355,,,-23.654415,-46.714738,,,,1,2023-06-20T07:13:15+00:00
SAO_6200-10,São Paulo,3550308,True,,355,,,-23.654486499999997,-46.7150675,,,,1,2023-06-20T07:12:54+00:00
SAO_6200-10,São Paulo,3550308,True,,355,,,-23.654486499999997,-46.7150675,,,,1,2023-06-20T07:13:15+00:00
SAO_6200-10,São Paulo,3550308,True,,355,,,-23.654486499999997,-46.7150675,,,,1,2023-06-20T07:13:12+00:00
SAO_6200-10,São Paulo,3550308,True,,355,,,-23.654486499999997,-46.7150675,,,,1,2023-06-20T07:13:35+00:00
SAO_6200-10,São Paulo,3550308,True,,355,,,-23.654262,-46.713696,,,,1,2023-06-20T07:13:02+00:00
SAO_6000-10,São Paulo,3550308,True,,1140,,,-23.8249795,-46.7339915,,,,1,2023-06-20T07:13:17+00:00
SAO_6000-10,São Paulo,3550308,True,,1140,,,-23.765209499999997,-46.71674,,,,1,2023-06-20T07:12:55+00:00
SAO_6000-10,São Paulo,3550308,True,,1140,,,-23.7582485,-46.7147595,,,,1,2023-06-20T07:11:14+00:00
SAO_874T-10,São Paulo,3550308,True,,33075,,,-23.52375225,-46.702573625,,,,2,2023-06-20T07:13:06+00:00
SAO_874T-10,São Paulo,3550308,True,,33075,,,-23.58173925,-46.625897,,,,2,2023-06-20T07:13:30+00:00
SAO_3756-10,São Paulo,3550308,True,,1050,,,-23.591324,-46.389072,,,,1,2023-06-20T07:13:14+00:00
SAO_3756-10,São Paulo,3550308,True,,1050,,,-23.5849955,-46.3906585,,,,1,2023-06-20T07:13:15+00:00
SAO_3756-10,São Paulo,3550308,True,,1050,,,-23.542863,-46.469320249999996,,,,1,2023-06-20T07:13:35+00:00
SAO_2004-10,São Paulo,3550308,True,,892,,,-23.534838,-46.400812,,,,1,2023-06-20T04:29:14+00:00
SAO_2004-10,São Paulo,3550308,True,,892,,,-23.519267,-46.386627250000004,,,,1,2023-06-20T07:13:15+00:00
SAO_2004-10,São Paulo,3550308,True,,892,,,-23.5271605,-46.3916225,,,,1,2023-06-20T07:12:40+00:00
SAO_3735-10,São Paulo,3550308,True,,1035,,,-23.540392,-46.485367499999995,,,,1,2023-06-20T07:13:30+00:00
SAO_5103-10,São Paulo,3550308,True,,1646,,,-23.6032445,-46.602611499999995,,,,1,2023-06-20T07:13:19+00:00
SAO_5103-10,São Paulo,3550308,True,,1646,,,-23.6032445,-46.602611499999995,,,,1,2023-06-20T07:13:00+00:00
SAO_2014-10,São Paulo,3550308,True,Urubupungá,900,https://moovitapp.com/index/pt-br/transporte_p%C3%BAblico-line-900-Sao_Paulo-242-873835-496470-0,4.6,-23.457081000000002,-46.669748,,,,1,2023-06-20T07:13:25+00:00
SAO_2014-10,São Paulo,3550308,True,Urubupungá,900,https://moovitapp.com/index/pt-br/transporte_p%C3%BAblico-line-900-Sao_Paulo-242-873835-496470-0,4.6,-23.457081000000002,-46.669748,,,,1,2023-06-20T07:13:23+00:00
SAO_2014-10,São Paulo,3550308,True,Urubupungá,900,https://moovitapp.com/index/pt-br/transporte_p%C3%BAblico-line-900-Sao_Paulo-242-873835-496470-0,4.6,-23.457081000000002,-46.669748,,,,1,2023-06-20T07:13:34+00:00
SAO_2014-10,São Paulo,3550308,True,Urubupungá,900,https://moovitapp.com/index/pt-br/transporte_p%C3%BAblico-line-900-Sao_Paulo-242-873835-496470-0,4.6,-23.457081000000002,-46.669748,,,,1,2023-06-20T07:13:30+00:00
SAO_2014-10,São Paulo,3550308,True,Urubupungá,900,https://moovitapp.com/index/pt-br/transporte_p%C3%BAblico-line-900-Sao_Paulo-242-873835-496470-0,4.6,-23.457081000000002,-46.669748,,,,1,2023-06-20T07:13:35+00:00
SAO_2014-10,São Paulo,3550308,True,Urubupungá,900,https://moovitapp.com/index/pt-br/transporte_p%C3%BAblico-line-900-Sao_Paulo-242-873835-496470-0,4.6,-23.457081000000002,-46.669748,,,,1,2023-06-20T07:13:10+00:00
SAO_2014-10,São Paulo,3550308,True,Urubupungá,900,https://moovitapp.com/index/pt-br/transporte_p%C3%BAblico-line-900-Sao_Paulo-242-873835-496470-0,4.6,-23.457081000000002,-46.669748,,,,1,2023-06-20T07:13:34+00:00
SAO_2014-10,São Paulo,3550308,True,Urubupungá,900,https://moovitapp.com/index/pt-br/transporte_p%C3%BAblico-line-900-Sao_Paulo-242-873835-496470-0,4.6,-23.457081000000002,-46.669748,,,,1,2023-06-20T07:12:53+00:00
SAO_2014-10,São Paulo,3550308,True,Urubupungá,900,https://moovitapp.com/index/pt-br/transporte_p%C3%BAblico-line-900-Sao_Paulo-242-873835-496470-0,4.6,-23.457081000000002,-46.669748,,,,1,2023-06-20T07:13:33+00:00
SAO_2014-10,São Paulo,3550308,True,Urubupungá,900,https://moovitapp.com/index/pt-br/transporte_p%C3%BAblico-line-900-Sao_Paulo-242-873835-496470-0,4.6,-23.457081000000002,-46.669748,,,,1,2023-06-20T07:13:00+00:00
SAO_2014-10,São Paulo,3550308,True,Urubupungá,900,https://moovitapp.com/index/pt-br/transporte_p%C3%BAblico-line-900-Sao_Paulo-242-873835-496470-0,4.6,-23.457081000000002,-46.669748,,,,1,2023-06-20T07:13:02+00:00
SAO_2014-10,São Paulo,3550308,True,Urubupungá,900,https://moovitapp.com/index/pt-br/transporte_p%C3%BAblico-line-900-Sao_Paulo-242-873835-496470-0,4.6,-23.457081000000002,-46.669748,,,,1,2023-06-20T07:13:05+00:00
SAO_2014-10,São Paulo,3550308,True,Urubupungá,900,https://moovitapp.com/index/pt-br/transporte_p%C3%BAblico-line-900-Sao_Paulo-242-873835-496470-0,4.6,-23.457081000000002,-46.669748,,,,1,2023-06-20T07:13:21+00:00
SAO_2014-10,São Paulo,3550308,True,Urubupungá,900,https://moovitapp.com/index/pt-br/transporte_p%C3%BAblico-line-900-Sao_Paulo-242-873835-496470-0,4.6,-23.457081000000002,-46.669748,,,,1,2023-06-20T07:13:28+00:00
SAO_2014-10,São Paulo,3550308,True,Urubupungá,900,https://moovitapp.com/index/pt-br/transporte_p%C3%BAblico-line-900-Sao_Paulo-242-873835-496470-0,4.6,-23.457081000000002,-46.669748,,,,1,2023-06-20T07:12:59+00:00
SAO_2014-10,São Paulo,3550308,True,Urubupungá,900,https://moovitapp.com/index/pt-br/transporte_p%C3%BAblico-line-900-Sao_Paulo-242-873835-496470-0,4.6,-23.457081000000002,-46.669748,,,,1,2023-06-20T07:12:54+00:00
SAO_2014-10,São Paulo,3550308,True,Urubupungá,900,https://moovitapp.com/index/pt-br/transporte_p%C3%BAblico-line-900-Sao_Paulo-242-873835-496470-0,4.6,-23.457081000000002,-46.669748,,,,1,2023-06-20T07:13:24+00:00
SAO_2014-10,São Paulo,3550308,True,Urubupungá,900,https://moovitapp.com/index/pt-br/transporte_p%C3%BAblico-line-900-Sao_Paulo-242-873835-496470-0,4.6,-23.457081000000002,-46.669748,,,,1,2023-06-20T07:12:55+00:00
SAO_N134-11,São Paulo,3550308,True,,2290,,,-23.4528515,-46.699654499999994,,,,1,2023-06-20T07:13:11+00:00
SAO_9008-10,São Paulo,3550308,True,,875,,,-23.4413925,-46.7078645,,,,1,2023-06-20T07:13:09+00:00
SAO_N336-11,São Paulo,3550308,True,,2348,,,-23.506134000000003,-46.41877625,,,,1,2023-06-20T07:12:56+00:00
SAO_7049-10,São Paulo,3550308,True,,1912,,,-23.7116535,-46.777972,,,,1,2023-06-20T07:12:55+00:00
SAO_7049-10,São Paulo,3550308,True,,1912,,,-23.71189,-46.777949500000005,,,,1,2023-06-20T07:13:34+00:00
SAO_7049-10,São Paulo,3550308,True,,1912,,,-23.7116535,-46.777972,,,,1,2023-06-20T07:13:17+00:00
SAO_7049-10,São Paulo,3550308,True,,1912,,,-23.7116535,-46.777972,,,,1,2023-06-20T07:13:23+00:00
SAO_7049-10,São Paulo,3550308,True,,1912,,,-23.7116535,-46.777972,,,,1,2023-06-20T07:13:16+00:00
SAO_7049-10,São Paulo,3550308,True,,1912,,,-23.7116535,-46.777972,,,,1,2023-06-20T07:13:15+00:00
SAO_7049-10,São Paulo,3550308,True,,1912,,,-23.7116535,-46.777972,,,,1,2023-06-20T07:13:17+00:00
SAO_307C-10,São Paulo,3550308,True,,2114,,,-23.51798475,-46.3882325,,,,1,2023-06-20T07:13:03+00:00
SAO_307C-10,São Paulo,3550308,True,,2114,,,-23.517999500000002,-46.3859925,,,,1,2023-06-20T07:12:56+00:00
SAO_307C-10,São Paulo,3550308,True,,2114,,,-23.517810500000003,-46.385742,,,,1,2023-06-20T07:13:33+00:00
SAO_273D-10,São Paulo,3550308,True,,32990,,,-23.517555125,-46.47618175,,,,2,2023-06-20T07:13:31+00:00
SAO_677A-10,São Paulo,3550308,True,,34007,,,-23.590987,-46.6876305,,,,2,2023-06-20T07:13:24+00:00
SAO_677A-10,São Paulo,3550308,True,,34007,,,-23.678634000000002,-46.76326,,,,2,2023-06-20T07:13:08+00:00
SAO_7550-10,São Paulo,3550308,True,,2093,,,-23.654166500000002,-46.711513,,,,1,2023-06-20T07:13:18+00:00
SAO_7550-10,São Paulo,3550308,True,,2093,,,-23.654166500000002,-46.711513,,,,1,2023-06-20T07:13:24+00:00
SAO_607M-10,São Paulo,3550308,True,,34804,,,-23.6837535,-46.7033535,,,,2,2023-06-20T07:13:25+00:00
SAO_6038-10,São Paulo,3550308,True,,1216,,,-23.6578735,-46.7897725,,,,1,2023-06-20T07:12:57+00:00
SAO_6038-10,São Paulo,3550308,True,,1216,,,-23.66147575,-46.790868625,,,,1,2023-06-20T07:13:27+00:00
SAO_6038-10,São Paulo,3550308,True,,1216,,,-23.665846000000002,-46.788559,,,,1,2023-06-20T07:13:09+00:00
SAO_6038-10,São Paulo,3550308,True,,1216,,,-23.66189,-46.790254000000004,,,,1,2023-06-20T07:13:00+00:00
SAO_6038-10,São Paulo,3550308,True,,1216,,,-23.665846000000002,-46.788559,,,,1,2023-06-20T07:12:58+00:00
SAO_6028-10,São Paulo,3550308,True,,33979,,,-23.702019,-46.7446975,,,,2,2023-06-20T07:13:09+00:00
SAO_6028-10,São Paulo,3550308,True,,33979,,,-23.701885,-46.7448945,,,,2,2023-06-20T07:13:02+00:00
SAO_6028-10,São Paulo,3550308,True,,33979,,,-23.702151,-46.7444065,,,,2,2023-06-20T07:13:10+00:00
SAO_6028-10,São Paulo,3550308,True,,33979,,,-23.702151,-46.7444065,,,,2,2023-06-20T07:13:33+00:00
SAO_6028-10,São Paulo,3550308,True,,33979,,,-23.702326,-46.744178000000005,,,,2,2023-06-20T07:13:04+00:00
SAO_6028-10,São Paulo,3550308,True,,33979,,,-23.701967500000002,-46.744757500000006,,,,2,2023-06-20T07:13:16+00:00
SAO_6028-10,São Paulo,3550308,True,,33979,,,-23.70207,-46.744642,,,,2,2023-06-20T07:13:22+00:00
SAO_2008-10,São Paulo,3550308,True,,897,,,-23.513673375,-46.39163925,,,,1,2023-06-20T07:13:28+00:00
SAO_2008-10,São Paulo,3550308,True,,897,,,-23.5143645,-46.3904365,,,,1,2023-06-20T07:13:22+00:00
SAO_2008-10,São Paulo,3550308,True,,897,,,-23.521084000000002,-46.3870275,,,,1,2023-06-20T07:13:22+00:00
SAO_2008-10,São Paulo,3550308,True,,897,,,-23.514601,-46.390147,,,,1,2023-06-20T07:13:09+00:00
SAO_7057-10,São Paulo,3550308,True,,34665,,,-23.64922775,-46.78505225,,,,2,2023-06-20T07:13:09+00:00
SAO_7057-10,São Paulo,3550308,True,,34665,,,-23.64904925,-46.78534475,,,,2,2023-06-20T07:12:55+00:00
SAO_6200-10,São Paulo,3550308,True,,33123,,,-23.654646999999997,-46.714907499999995,,,,2,2023-06-20T07:12:59+00:00
SAO_6200-10,São Paulo,3550308,True,,33123,,,-23.6238535,-46.709932499999994,,,,2,2023-06-20T07:13:09+00:00
SAO_N505-11,São Paulo,3550308,True,,2379,,,-23.56555875,-46.7010795,,,,1,2023-06-20T07:13:19+00:00
SAO_N505-11,São Paulo,3550308,True,,2379,,,-23.599506875,-46.645029125,,,,1,2023-06-20T07:13:25+00:00
SAO_N204-11,São Paulo,3550308,True,,2314,,,-23.546077500000003,-46.631047,,,,1,2023-06-20T07:13:29+00:00
SAO_N204-11,São Paulo,3550308,True,,2314,,,-23.479921500000003,-46.602290499999995,,,,1,2023-06-20T07:13:33+00:00
SAO_407E-10,São Paulo,3550308,True,,34983,,,-23.5788495,-46.498183499999996,,,,2,2023-06-20T07:13:30+00:00
SAO_407E-10,São Paulo,3550308,True,,34983,,,-23.625086000000003,-46.4461965,,,,2,2023-06-20T07:13:04+00:00
SAO_5164-41,São Paulo,3550308,True,,1617,,,-23.6464495,-46.646234750000005,,,,1,2023-06-20T07:13:33+00:00
SAO_5164-41,São Paulo,3550308,True,,1617,,,-23.6464495,-46.646234750000005,,,,1,2023-06-20T07:13:08+00:00
SAO_5164-41,São Paulo,3550308,True,,1617,,,-23.6461105,-46.6469465,,,,1,2023-06-20T07:13:15+00:00
SAO_N831-11,São Paulo,3550308,True,,35198,,,-23.524784750000002,-46.703229750000006,,,,2,2023-06-20T07:12:25+00:00
SAO_7017-10,São Paulo,3550308,True,,35270,,,-23.693227,-46.790786999999995,,,,2,2023-06-20T07:13:16+00:00
SAO_7017-10,São Paulo,3550308,True,,35270,,,-23.67850225,-46.77766525,,,,2,2023-06-20T07:13:00+00:00
SAO_707A-10,São Paulo,3550308,True,,1990,,,-23.666632999999997,-46.7204375,,,,1,2023-06-20T07:13:15+00:00
SAO_707A-10,São Paulo,3550308,True,,1990,,,-23.6759545,-46.7530775,,,,1,2023-06-20T07:11:21+00:00
SAO_978J-10,São Paulo,3550308,True,,33359,,,-23.517342,-46.701902249999996,,,,2,2023-06-20T07:13:33+00:00
SAO_978J-10,São Paulo,3550308,True,,33359,,,-23.448283,-46.732665,,,,2,2023-06-20T07:13:34+00:00
SAO_N507-11,São Paulo,3550308,True,,35149,,,-23.51620175,-46.588098,,,,2,2023-06-20T07:13:05+00:00
SAO_N507-11,São Paulo,3550308,True,,35149,,,-23.502784499999997,-46.6242225,,,,2,2023-06-20T07:12:57+00:00
SAO_475M-10,São Paulo,3550308,True,,33111,,,-23.591298000000002,-46.619045,,,,2,2023-06-20T07:13:23+00:00
SAO_2079-10,São Paulo,3550308,True,,370,,,-23.51630325,-46.386194,,,,1,2023-06-20T07:13:00+00:00
SAO_2079-10,São Paulo,3550308,True,,370,,,-23.516762,-46.384977500000005,,,,1,2023-06-20T07:13:32+00:00
SAO_2079-10,São Paulo,3550308,True,,370,,,-23.51630325,-46.386194,,,,1,2023-06-20T07:13:14+00:00
SAO_3773-10,São Paulo,3550308,True,,33827,,,-23.5988415,-46.4705605,,,,2,2023-06-20T07:13:25+00:00
SAO_5391-10,São Paulo,3550308,True,EMTU,171,https://moovitapp.com/index/pt-br/transporte_p%C3%BAblico-line-171-Sao_Paulo-242-2038937-36419310-0,4.8,-23.675867250000003,-46.754087,,,,1,2023-06-20T07:08:13+00:00
SAO_N402-11,São Paulo,3550308,True,,2358,,,-23.578522,-46.495682,,,,1,2023-06-20T07:13:15+00:00
SAO_6000-10,São Paulo,3550308,True,,33908,,,-23.727758,-46.69934625,,,,2,2023-06-20T07:12:56+00:00
SAO_6000-10,São Paulo,3550308,True,,33908,,,-23.785728,-46.72602575,,,,2,2023-06-20T07:12:55+00:00
SAO_6000-10,São Paulo,3550308,True,,33908,,,-23.8284605,-46.7271145,,,,2,2023-06-20T07:13:25+00:00
SAO_7004-10,São Paulo,3550308,True,,1992,,,-23.731146000000003,-46.785866999999996,,,,1,2023-06-20T07:13:13+00:00
SAO_7004-10,São Paulo,3550308,True,,1992,,,-23.7320815,-46.786311,,,,1,2023-06-20T07:13:12+00:00
SAO_7004-10,São Paulo,3550308,True,,1992,,,-23.714302500000002,-46.7821605,,,,1,2023-06-20T07:13:28+00:00
SAO_6072-23,São Paulo,3550308,True,,2004,,,-23.767591,-46.7163045,,,,1,2023-06-20T07:13:35+00:00
SAO_6072-23,São Paulo,3550308,True,,2004,,,-23.767591,-46.7163045,,,,1,2023-06-20T07:13:29+00:00
SAO_6072-23,São Paulo,3550308,True,,2004,,,-23.767591,-46.7163045,,,,1,2023-06-20T07:13:09+00:00
SAO_6072-23,São Paulo,3550308,True,,2004,,,-23.767591,-46.7163045,,,,1,2023-06-20T07:13:03+00:00
SAO_6072-23,São Paulo,3550308,True,,2004,,,-23.767591,-46.7163045,,,,1,2023-06-20T07:13:33+00:00
SAO_6072-23,São Paulo,3550308,True,,2004,,,-23.767591,-46.7163045,,,,1,2023-06-20T07:13:06+00:00
SAO_675K-10,São Paulo,3550308,True,EMTU,198,https://moovitapp.com/index/pt-br/transporte_p%C3%BAblico-line-198-Sao_Paulo-242-2038937-59811937-0,6.35,-23.6699925,-46.737403,,,,1,2023-06-20T07:13:35+00:00
SAO_675K-10,São Paulo,3550308,True,EMTU,198,https://moovitapp.com/index/pt-br/transporte_p%C3%BAblico-line-198-Sao_Paulo-242-2038937-59811937-0,6.35,-23.681915500000002,-46.7668975,,,,1,2023-06-20T07:10:23+00:00
SAO_6021-10,São Paulo,3550308,True,EMTU,177,https://moovitapp.com/index/pt-br/transporte_p%C3%BAblico-line-177-Sao_Paulo-242-2038937-36419313-0,5.2,-23.7668205,-46.716344500000005,,,,1,2023-06-20T07:13:33+00:00
SAO_6021-10,São Paulo,3550308,True,EMTU,177,https://moovitapp.com/index/pt-br/transporte_p%C3%BAblico-line-177-Sao_Paulo-242-2038937-36419313-0,5.2,-23.7668205,-46.716344500000005,,,,1,2023-06-20T07:13:14+00:00
SAO_6021-10,São Paulo,3550308,True,EMTU,177,https://moovitapp.com/index/pt-br/transporte_p%C3%BAblico-line-177-Sao_Paulo-242-2038937-36419313-0,5.2,-23.7668205,-46.716344500000005,,,,1,2023-06-20T07:13:27+00:00
SAO_6021-10,São Paulo,3550308,True,EMTU,177,https://moovitapp.com/index/pt-br/transporte_p%C3%BAblico-line-177-Sao_Paulo-242-2038937-36419313-0,5.2,-23.7668205,-46.716344500000005,,,,1,2023-06-20T07:13:10+00:00
SAO_6021-10,São Paulo,3550308,True,EMTU,177,https://moovitapp.com/index/pt-br/transporte_p%C3%BAblico-line-177-Sao_Paulo-242-2038937-36419313-0,5.2,-23.7668205,-46.716344500000005,,,,1,2023-06-20T07:13:20+00:00
SAO_6021-10,São Paulo,3550308,True,EMTU,177,https://moovitapp.com/index/pt-br/transporte_p%C3%BAblico-line-177-Sao_Paulo-242-2038937-36419313-0,5.2,-23.7668205,-46.716344500000005,,,,1,2023-06-20T07:13:01+00:00
SAO_675M-10,São Paulo,3550308,True,ETT,108,https://moovitapp.com/index/pt-br/transporte_p%C3%BAblico-line-108-Sao_Paulo-242-876373-496510-0,5.3,-23.643867,-46.6447535,,,,1,2023-06-20T07:12:53+00:00
SAO_7545-10,São Paulo,3550308,True,,504,,,-23.5753335,-46.7172705,,,,1,2023-06-20T07:13:02+00:00
SAO_2702-10,São Paulo,3550308,True,,914,,,-23.495477,-46.4449435,,,,1,2023-06-20T07:12:58+00:00
SAO_2702-10,São Paulo,3550308,True,,914,,,-23.495477,-46.4449435,,,,1,2023-06-20T07:13:13+00:00
SAO_2702-10,São Paulo,3550308,True,,914,,,-23.5000315,-46.469297,,,,1,2023-06-20T07:13:05+00:00
SAO_2435-10,São Paulo,3550308,True,,32978,,,-23.528665500000002,-46.554443500000005,,,,2,2023-06-20T07:12:35+00:00
SAO_748R-10,São Paulo,3550308,True,EMTU,501,https://moovitapp.com/index/pt-br/transporte_p%C3%BAblico-line-501-Sao_Paulo-242-2038937-36419526-0,7.55,-23.550092562499998,-46.7390546875,,,,1,2023-06-20T07:13:37+00:00
SAO_748R-10,São Paulo,3550308,True,EMTU,501,https://moovitapp.com/index/pt-br/transporte_p%C3%BAblico-line-501-Sao_Paulo-242-2038937-36419526-0,7.55,-23.550092562499998,-46.7390546875,,,,1,2023-06-20T07:12:59+00:00
SAO_6041-10,São Paulo,3550308,True,,33986,,,-23.6901555,-46.7807875,,,,2,2023-06-20T07:13:35+00:00
SAO_6041-10,São Paulo,3550308,True,,33986,,,-23.6899145,-46.7808755,,,,2,2023-06-20T07:13:37+00:00
SAO_6041-10,São Paulo,3550308,True,,33986,,,-23.690214,-46.7807575,,,,2,2023-06-20T07:13:07+00:00
SAO_6041-10,São Paulo,3550308,True,,33986,,,-23.689674500000002,-46.78096725,,,,2,2023-06-20T07:13:11+00:00
SAO_6041-10,São Paulo,3550308,True,,33986,,,-23.689674500000002,-46.78096725,,,,2,2023-06-20T07:13:36+00:00
SAO_6041-10,São Paulo,3550308,True,,33986,,,-23.6901555,-46.7807875,,,,2,2023-06-20T07:13:10+00:00
SAO_6041-10,São Paulo,3550308,True,,33986,,,-23.6899145,-46.7808755,,,,2,2023-06-20T07:13:29+00:00
SAO_6041-10,São Paulo,3550308,True,,33986,,,-23.6899145,-46.7808755,,,,2,2023-06-20T07:13:00+00:00
SAO_807A-10,São Paulo,3550308,True,,34668,,,-23.6316405,-46.772316,,,,2,2023-06-20T07:12:58+00:00
SAO_3731-10,São Paulo,3550308,True,,1028,,,-23.539874,-46.516463,,,,1,2023-06-20T07:13:03+00:00
SAO_3731-10,São Paulo,3550308,True,,1028,,,-23.539437,-46.5168635,,,,1,2023-06-20T07:13:34+00:00
SAO_3731-10,São Paulo,3550308,True,,1028,,,-23.539874,-46.516463,,,,1,2023-06-20T07:11:04+00:00
SAO_3731-10,São Paulo,3550308,True,,1028,,,-23.539874,-46.516463,,,,1,2023-06-20T07:13:28+00:00
SAO_3731-10,São Paulo,3550308,True,,1028,,,-23.539874,-46.516463,,,,1,2023-06-20T07:12:53+00:00
SAO_3731-10,São Paulo,3550308,True,,1028,,,-23.54011525,-46.51618425,,,,1,2023-06-20T07:12:43+00:00
SAO_3731-10,São Paulo,3550308,True,,1028,,,-23.539740000000002,-46.516619,,,,1,2023-06-20T07:13:03+00:00
SAO_3731-10,São Paulo,3550308,True,,1028,,,-23.539611999999998,-46.516724999999994,,,,1,2023-06-20T07:13:12+00:00
SAO_2202-10,São Paulo,3550308,True,Urubupungá,910,https://moovitapp.com/index/pt-br/transporte_p%C3%BAblico-line-910-Sao_Paulo-242-873835-496471-0,4.6,-23.5332815,-46.399273,,,,1,2023-06-20T07:13:36+00:00
SAO_938V-10,São Paulo,3550308,True,,33581,,,-23.451753500000002,-46.68588,,,,2,2023-06-20T07:13:13+00:00
SAO_938V-10,São Paulo,3550308,True,,33581,,,-23.4527645,-46.6849925,,,,2,2023-06-20T07:13:27+00:00
SAO_5759-31,São Paulo,3550308,True,,33907,,,-23.634107999999998,-46.639901,,,,2,2023-06-20T07:13:31+00:00
SAO_6003-10,São Paulo,3550308,True,,1472,,,-23.7377555,-46.6976535,,,,1,2023-06-20T07:13:35+00:00
SAO_6003-10,São Paulo,3550308,True,,1472,,,-23.7377555,-46.6976535,,,,1,2023-06-20T07:13:05+00:00
SAO_6010-10,São Paulo,3550308,True,,33970,,,-23.667592,-46.7354985,,,,2,2023-06-20T07:13:04+00:00
SAO_6010-10,São Paulo,3550308,True,,33970,,,-23.667592,-46.7354985,,,,2,2023-06-20T07:13:29+00:00
SAO_6010-10,São Paulo,3550308,True,,33970,,,-23.667592,-46.7354985,,,,2,2023-06-20T07:12:54+00:00
SAO_6010-10,São Paulo,3550308,True,,33970,,,-23.6882915,-46.7926615,,,,2,2023-06-20T07:13:02+00:00
SAO_6010-10,São Paulo,3550308,True,,33970,,,-23.6933645,-46.794154,,,,2,2023-06-20T07:13:13+00:00
SAO_6010-10,São Paulo,3550308,True,,33970,,,-23.693569500000002,-46.794188,,,,2,2023-06-20T07:13:05+00:00
SAO_6010-10,São Paulo,3550308,True,,33970,,,-23.693805,-46.7944445,,,,2,2023-06-20T07:13:17+00:00
SAO_6010-10,São Paulo,3550308,True,,33970,,,-23.660562999999996,-46.747134,,,,2,2023-06-20T07:13:10+00:00
SAO_6010-10,São Paulo,3550308,True,,33970,,,-23.667592,-46.7354985,,,,2,2023-06-20T07:13:19+00:00
SAO_6010-10,São Paulo,3550308,True,,33970,,,-23.667592,-46.7354985,,,,2,2023-06-20T07:12:54+00:00
SAO_6010-10,São Paulo,3550308,True,,33970,,,-23.667592,-46.7354985,,,,2,2023-06-20T07:10:03+00:00
SAO_6010-10,São Paulo,3550308,True,,33970,,,-23.6938785,-46.7945825,,,,2,2023-06-20T07:13:38+00:00
SAO_N636-11,São Paulo,3550308,True,,2401,,,-23.736292,-46.696856499999996,,,,1,2023-06-20T07:13:30+00:00
SAO_351F-10,São Paulo,3550308,True,,33455,,,-23.497353500000003,-46.5859715,,,,2,2023-06-20T07:13:21+00:00
SAO_N402-11,São Paulo,3550308,True,,35126,,,-23.578437,-46.480650499999996,,,,2,2023-06-20T07:13:34+00:00
SAO_3731-10,São Paulo,3550308,True,,33796,,,-23.539437,-46.5168635,,,,2,2023-06-20T07:12:57+00:00
SAO_3731-10,São Paulo,3550308,True,,33796,,,-23.539611999999998,-46.516724999999994,,,,2,2023-06-20T07:13:29+00:00
SAO_3731-10,São Paulo,3550308,True,,33796,,,-23.539611999999998,-46.516724999999994,,,,2,2023-06-20T07:13:32+00:00
SAO_3731-10,São Paulo,3550308,True,,33796,,,-23.538997000000002,-46.5171695,,,,2,2023-06-20T07:13:06+00:00
SAO_3731-10,São Paulo,3550308,True,,33796,,,-23.539874,-46.516463,,,,2,2023-06-20T07:13:05+00:00
SAO_3731-10,São Paulo,3550308,True,,33796,,,-23.538859000000002,-46.517270499999995,,,,2,2023-06-20T07:12:12+00:00
SAO_N501-11,São Paulo,3550308,True,,35143,,,-23.586419125,-46.5896615,,,,2,2023-06-20T07:13:28+00:00
SAO_2755-10,São Paulo,3550308,True,,33001,,,-23.534274500000002,-46.3996665,,,,2,2023-06-20T07:13:33+00:00
SAO_2755-10,São Paulo,3550308,True,,33001,,,-23.515466749999998,-46.46292525,,,,2,2023-06-20T07:13:19+00:00
SAO_2755-10,São Paulo,3550308,True,,33001,,,-23.517951250000003,-46.42169325,,,,2,2023-06-20T07:13:16+00:00
SAO_2755-10,São Paulo,3550308,True,,33001,,,-23.51735325,-46.48183825,,,,2,2023-06-20T07:13:34+00:00
SAO_2707-10,São Paulo,3550308,True,,33687,,,-23.53188,-46.446804,,,,2,2023-06-20T07:12:59+00:00
SAO_3785-10,São Paulo,3550308,True,,1063,,,-23.562078624999998,-46.445963,,,,1,2023-06-20T07:13:19+00:00
SAO_3785-10,São Paulo,3550308,True,,1063,,,-23.591207,-46.394471,,,,1,2023-06-20T07:13:32+00:00
SAO_3785-10,São Paulo,3550308,True,,1063,,,-23.591207,-46.394471,,,,1,2023-06-20T07:13:17+00:00
SAO_3785-10,São Paulo,3550308,True,,1063,,,-23.591207,-46.394471,,,,1,2023-06-20T07:13:01+00:00
SAO_3785-10,São Paulo,3550308,True,,1063,,,-23.563545,-46.446155,,,,1,2023-06-20T07:13:18+00:00
SAO_3785-10,São Paulo,3550308,True,,1063,,,-23.591207,-46.394471,,,,1,2023-06-20T07:13:03+00:00
SAO_3785-10,São Paulo,3550308,True,,1063,,,-23.591207,-46.394471,,,,1,2023-06-20T07:13:15+00:00
SAO_3785-10,São Paulo,3550308,True,,1063,,,-23.591207,-46.394471,,,,1,2023-06-20T07:13:29+00:00
SAO_3785-10,São Paulo,3550308,True,,1063,,,-23.591207,-46.394471,,,,1,2023-06-20T07:13:05+00:00
SAO_2732-10,São Paulo,3550308,True,,947,,,-23.5402155,-46.483134,,,,1,2023-06-20T07:12:56+00:00
SAO_2732-10,São Paulo,3550308,True,,947,,,-23.5402155,-46.483134,,,,1,2023-06-20T07:13:02+00:00
SAO_2732-10,São Paulo,3550308,True,,947,,,-23.5402155,-46.483134,,,,1,2023-06-20T07:12:59+00:00
SAO_2732-10,São Paulo,3550308,True,,947,,,-23.5402155,-46.483134,,,,1,2023-06-20T07:13:01+00:00
SAO_2732-10,São Paulo,3550308,True,,947,,,-23.5402155,-46.483134,,,,1,2023-06-20T07:13:04+00:00
SAO_7006-51,São Paulo,3550308,True,,1997,,,-23.718654,-46.7846245,,,,1,2023-06-20T07:13:05+00:00
SAO_7006-51,São Paulo,3550308,True,,1997,,,-23.742749500000002,-46.782064,,,,1,2023-06-20T07:13:38+00:00
SAO_6063-42,São Paulo,3550308,True,,34770,,,-23.809403,-46.6612485,,,,2,2023-06-20T07:13:00+00:00
SAO_6063-42,São Paulo,3550308,True,,34770,,,-23.809403,-46.6612485,,,,2,2023-06-20T07:13:08+00:00
SAO_6063-42,São Paulo,3550308,True,,34770,,,-23.809403,-46.6612485,,,,2,2023-06-20T07:13:38+00:00
SAO_PAEC-10,São Paulo,3550308,True,,34190,,,-23.503025,-46.6242335,,,,2,2023-06-20T07:13:32+00:00
SAO_809U-10,São Paulo,3550308,True,,35022,,,-23.5611355,-46.72562275,,,,2,2023-06-20T07:13:19+00:00
SAO_5391-10,São Paulo,3550308,True,,32939,,,-23.666025750000003,-46.715770500000005,,,,2,2023-06-20T07:12:54+00:00
SAO_6075-10,São Paulo,3550308,True,,33930,,,-23.797689499999997,-46.7382825,,,,2,2023-06-20T07:12:54+00:00
SAO_6075-10,São Paulo,3550308,True,,33930,,,-23.797689499999997,-46.7382825,,,,2,2023-06-20T07:13:19+00:00
SAO_6075-10,São Paulo,3550308,True,,33930,,,-23.797689499999997,-46.7382825,,,,2,2023-06-20T07:13:25+00:00
SAO_6075-10,São Paulo,3550308,True,,33930,,,-23.797689499999997,-46.7382825,,,,2,2023-06-20T07:13:26+00:00
SAO_6075-10,São Paulo,3550308,True,,33930,,,-23.797689499999997,-46.7382825,,,,2,2023-06-20T07:13:10+00:00
SAO_N209-11,São Paulo,3550308,True,,35087,,,-23.476567,-46.6630275,,,,2,2023-06-20T07:13:03+00:00
SAO_857P-10,São Paulo,3550308,True,,34694,,,-23.60110375,-46.74300050000001,,,,2,2023-06-20T07:13:37+00:00
SAO_857P-10,São Paulo,3550308,True,,34694,,,-23.621082,-46.757683,,,,2,2023-06-20T07:12:58+00:00
SAO_N209-11,São Paulo,3550308,True,,2319,,,-23.491898,-46.64937475,,,,1,2023-06-20T07:13:08+00:00
SAO_748A-41,São Paulo,3550308,True,EMTU,499,https://moovitapp.com/index/pt-br/transporte_p%C3%BAblico-line-499-Sao_Paulo-242-2038937-36419524-0,5.4,-23.55123175,-46.740238250000004,,,,1,2023-06-20T07:13:17+00:00
SAO_748A-41,São Paulo,3550308,True,EMTU,499,https://moovitapp.com/index/pt-br/transporte_p%C3%BAblico-line-499-Sao_Paulo-242-2038937-36419524-0,5.4,-23.55123175,-46.740238250000004,,,,1,2023-06-20T07:13:14+00:00
SAO_637R-10,São Paulo,3550308,True,,32964,,,-23.7153055,-46.770245,,,,2,2023-06-20T07:13:05+00:00
SAO_637R-10,São Paulo,3550308,True,,32964,,,-23.655783,-46.707644,,,,2,2023-06-20T07:13:06+00:00
SAO_6026-10,São Paulo,3550308,True,,32855,,,-23.706488999999998,-46.68819,,,,2,2023-06-20T07:13:16+00:00
SAO_3718-10,São Paulo,3550308,True,,33781,,,-23.540547,-46.485232999999994,,,,2,2023-06-20T07:13:19+00:00
SAO_N702-11,São Paulo,3550308,True,,2407,,,-23.654195,-46.711744499999995,,,,1,2023-06-20T07:13:19+00:00
SAO_N702-11,São Paulo,3550308,True,,2407,,,-23.556327,-46.63749625,,,,1,2023-06-20T07:13:31+00:00
SAO_N834-11,São Paulo,3550308,True,,2433,,,-23.540823,-46.6971845,,,,1,2023-06-20T07:13:33+00:00
SAO_6017-10,São Paulo,3550308,True,,33974,,,-23.646386,-46.7039875,,,,2,2023-06-20T07:13:27+00:00
SAO_695X-10,São Paulo,3550308,True,,34209,,,-23.7676285,-46.7168275,,,,2,2023-06-20T07:13:01+00:00
SAO_695X-10,São Paulo,3550308,True,,34209,,,-23.766890250000003,-46.7169705,,,,2,2023-06-20T07:13:18+00:00
SAO_N503-11,São Paulo,3550308,True,,2377,,,-23.601279875000003,-46.511615000000006,,,,1,2023-06-20T07:12:58+00:00
SAO_N503-11,São Paulo,3550308,True,,2377,,,-23.549758625,-46.6060035,,,,1,2023-06-20T07:12:55+00:00
SAO_707A-10,São Paulo,3550308,True,,34758,,,-23.6753815,-46.748957,,,,2,2023-06-20T07:13:30+00:00
SAO_707A-10,São Paulo,3550308,True,,34758,,,-23.611459500000002,-46.6358635,,,,2,2023-06-20T07:13:33+00:00
SAO_707A-10,São Paulo,3550308,True,,34758,,,-23.667056000000002,-46.725614500000006,,,,2,2023-06-20T07:13:31+00:00
SAO_6L07-10,São Paulo,3550308,True,,34313,,,-23.8313465,-46.711774500000004,,,,2,2023-06-20T07:13:15+00:00
SAO_6L07-10,São Paulo,3550308,True,,34313,,,-23.8313465,-46.711774500000004,,,,2,2023-06-20T07:13:05+00:00
SAO_476G-10,São Paulo,3550308,True,,33879,,,-23.5890045,-46.635279999999995,,,,2,2023-06-20T07:13:10+00:00
SAO_476G-10,São Paulo,3550308,True,,33879,,,-23.58670425,-46.5817445,,,,2,2023-06-20T07:13:15+00:00
SAO_3006-10,São Paulo,3550308,True,,1865,,,-23.548099999999998,-46.389815,,,,1,2023-06-20T07:12:53+00:00
SAO_3006-10,São Paulo,3550308,True,,1865,,,-23.545839,-46.393084,,,,1,2023-06-20T07:11:42+00:00
SAO_3006-10,São Paulo,3550308,True,,1865,,,-23.548099999999998,-46.389815,,,,1,2023-06-20T07:13:19+00:00
SAO_3006-10,São Paulo,3550308,True,,1865,,,-23.548099999999998,-46.389815,,,,1,2023-06-20T07:13:32+00:00
SAO_3006-10,São Paulo,3550308,True,,1865,,,-23.548099999999998,-46.389815,,,,1,2023-06-20T07:09:34+00:00
SAO_3006-10,São Paulo,3550308,True,,1865,,,-23.548099999999998,-46.389815,,,,1,2023-06-20T07:13:37+00:00
SAO_N306-11,São Paulo,3550308,True,,2340,,,-23.520362,-46.444141,,,,1,2023-06-20T07:13:01+00:00
SAO_2712-10,São Paulo,3550308,True,,926,,,-23.5404755,-46.4828995,,,,1,2023-06-20T07:12:55+00:00
SAO_2712-10,São Paulo,3550308,True,,926,,,-23.539784,-46.4726735,,,,1,2023-06-20T07:13:32+00:00
SAO_2712-10,São Paulo,3550308,True,,926,,,-23.540146,-46.4828645,,,,1,2023-06-20T07:13:15+00:00
SAO_2712-10,São Paulo,3550308,True,,926,,,-23.5407195,-46.482772499999996,,,,1,2023-06-20T07:13:18+00:00
SAO_2712-10,São Paulo,3550308,True,,926,,,-23.5403625,-46.482903,,,,1,2023-06-20T07:12:59+00:00
SAO_2712-10,São Paulo,3550308,True,,926,,,-23.5407195,-46.482772499999996,,,,1,2023-06-20T07:13:06+00:00
SAO_372F-10,São Paulo,3550308,True,,33783,,,-23.552103000000002,-46.598889,,,,2,2023-06-20T07:13:37+00:00
SAO_372F-10,São Paulo,3550308,True,,33783,,,-23.552103000000002,-46.598889,,,,2,2023-06-20T07:13:16+00:00
SAO_372F-10,São Paulo,3550308,True,,33783,,,-23.552103000000002,-46.598889,,,,2,2023-06-20T07:12:58+00:00
SAO_N604-11,São Paulo,3550308,True,,2395,,,-23.6468255,-46.6391905,,,,1,2023-06-20T07:13:28+00:00
SAO_N604-11,São Paulo,3550308,True,,2395,,,-23.547184,-46.6304925,,,,1,2023-06-20T07:13:34+00:00
SAO_2703-10,São Paulo,3550308,True,Urubupungá,915,https://moovitapp.com/index/pt-br/transporte_p%C3%BAblico-line-915-Sao_Paulo-242-873835-75841134-0,4.6,-23.529542499999998,-46.420608,,,,1,2023-06-20T07:12:59+00:00
SAO_2703-10,São Paulo,3550308,True,Urubupungá,915,https://moovitapp.com/index/pt-br/transporte_p%C3%BAblico-line-915-Sao_Paulo-242-873835-75841134-0,4.6,-23.529542499999998,-46.420608,,,,1,2023-06-20T07:12:57+00:00
SAO_2703-10,São Paulo,3550308,True,Urubupungá,915,https://moovitapp.com/index/pt-br/transporte_p%C3%BAblico-line-915-Sao_Paulo-242-873835-75841134-0,4.6,-23.529542499999998,-46.420608,,,,1,2023-06-20T07:13:37+00:00
SAO_2703-10,São Paulo,3550308,True,Urubupungá,915,https://moovitapp.com/index/pt-br/transporte_p%C3%BAblico-line-915-Sao_Paulo-242-873835-75841134-0,4.6,-23.529542499999998,-46.420608,,,,1,2023-06-20T07:13:10+00:00
SAO_2703-10,São Paulo,3550308,True,Urubupungá,915,https://moovitapp.com/index/pt-br/transporte_p%C3%BAblico-line-915-Sao_Paulo-242-873835-75841134-0,4.6,-23.52533675,-46.41941025,,,,1,2023-06-20T07:12:52+00:00
SAO_2703-10,São Paulo,3550308,True,Urubupungá,915,https://moovitapp.com/index/pt-br/transporte_p%C3%BAblico-line-915-Sao_Paulo-242-873835-75841134-0,4.6,-23.52533675,-46.41941025,,,,1,2023-06-20T07:12:40+00:00
SAO_2723-10,São Paulo,3550308,True,,33705,,,-23.487599000000003,-46.4633835,,,,2,2023-06-20T07:13:21+00:00
SAO_2723-10,São Paulo,3550308,True,,33705,,,-23.487481000000002,-46.463549,,,,2,2023-06-20T07:13:31+00:00
SAO_2723-10,São Paulo,3550308,True,,33705,,,-23.487481000000002,-46.463549,,,,2,2023-06-20T07:13:03+00:00
SAO_2723-10,São Paulo,3550308,True,,33705,,,-23.487481000000002,-46.463549,,,,2,2023-06-20T07:13:13+00:00
SAO_2723-10,São Paulo,3550308,True,,33705,,,-23.487599000000003,-46.4633835,,,,2,2023-06-20T07:13:21+00:00
SAO_2723-10,São Paulo,3550308,True,,33705,,,-23.487599000000003,-46.4633835,,,,2,2023-06-20T07:13:23+00:00
SAO_2723-10,São Paulo,3550308,True,,33705,,,-23.487481000000002,-46.463549,,,,2,2023-06-20T07:12:57+00:00
SAO_2723-10,São Paulo,3550308,True,,33705,,,-23.487599000000003,-46.4633835,,,,2,2023-06-20T07:13:04+00:00
SAO_2723-10,São Paulo,3550308,True,,33705,,,-23.487599000000003,-46.4633835,,,,2,2023-06-20T07:13:36+00:00
SAO_8705-10,São Paulo,3550308,True,,2072,,,-23.5473665,-46.7605345,,,,1,2023-06-20T07:13:02+00:00
SAO_8705-10,São Paulo,3550308,True,,2072,,,-23.5471285,-46.76075,,,,1,2023-06-20T07:13:03+00:00
SAO_8705-10,São Paulo,3550308,True,,2072,,,-23.5473665,-46.7605345,,,,1,2023-06-20T07:13:11+00:00
SAO_8705-10,São Paulo,3550308,True,,2072,,,-23.5478735,-46.760012,,,,1,2023-06-20T07:13:20+00:00
SAO_8705-10,São Paulo,3550308,True,,2072,,,-23.5467645,-46.761089999999996,,,,1,2023-06-20T07:13:25+00:00
SAO_8705-10,São Paulo,3550308,True,,2072,,,-23.5478735,-46.760012,,,,1,2023-06-20T07:12:54+00:00
SAO_6801-10,São Paulo,3550308,True,,5,,,-23.653484499999998,-46.733546000000004,,,,1,2023-06-20T07:13:37+00:00
SAO_N344-11,São Paulo,3550308,True,,2356,,,-23.507465000000003,-46.5251285,,,,1,2023-06-20T07:13:18+00:00
SAO_7051-10,São Paulo,3550308,True,,1885,,,-23.655096,-46.7838845,,,,1,2023-06-20T07:13:22+00:00
SAO_7051-10,São Paulo,3550308,True,,1885,,,-23.655096,-46.7838845,,,,1,2023-06-20T07:12:58+00:00
SAO_7051-10,São Paulo,3550308,True,,1885,,,-23.655096,-46.7838845,,,,1,2023-06-20T07:13:25+00:00
SAO_6073-10,São Paulo,3550308,True,,33928,,,-23.853313,-46.6956225,,,,2,2023-06-20T07:13:15+00:00
SAO_6073-10,São Paulo,3550308,True,,33928,,,-23.853313,-46.6956225,,,,2,2023-06-20T07:13:12+00:00
SAO_6073-10,São Paulo,3550308,True,,33928,,,-23.853313,-46.6956225,,,,2,2023-06-20T07:13:27+00:00
SAO_6073-10,São Paulo,3550308,True,,33928,,,-23.853313,-46.6956225,,,,2,2023-06-20T07:13:39+00:00
SAO_6073-10,São Paulo,3550308,True,,33928,,,-23.767210499999997,-46.7163985,,,,2,2023-06-20T07:13:21+00:00
SAO_6073-10,São Paulo,3550308,True,,33928,,,-23.853313,-46.6956225,,,,2,2023-06-20T07:12:57+00:00
SAO_6073-10,São Paulo,3550308,True,,33928,,,-23.853313,-46.6956225,,,,2,2023-06-20T07:13:12+00:00
SAO_6073-10,São Paulo,3550308,True,,33928,,,-23.853313,-46.6956225,,,,2,2023-06-20T07:13:15+00:00
SAO_N137-11,São Paulo,3550308,True,,35061,,,-23.4093525,-46.73491975,,,,2,2023-06-20T07:13:17+00:00
SAO_N231-11,São Paulo,3550308,True,,2320,,,-23.4651615,-46.636493,,,,1,2023-06-20T07:13:36+00:00
SAO_273V-10,São Paulo,3550308,True,,32999,,,-23.5325455,-46.4610755,,,,2,2023-06-20T07:13:23+00:00
SAO_2551-10,São Paulo,3550308,True,EMTU,141,https://moovitapp.com/index/pt-br/transporte_p%C3%BAblico-line-141-Sao_Paulo-242-2038937-36419292-0,8.15,-23.517939,-46.475913500000004,,,,1,2023-06-20T07:13:16+00:00
SAO_5164-21,São Paulo,3550308,True,,1616,,,-23.646586749999997,-46.645936000000006,,,,1,2023-06-20T07:12:54+00:00
SAO_5164-21,São Paulo,3550308,True,,1616,,,-23.646586749999997,-46.645936000000006,,,,1,2023-06-20T07:13:02+00:00
SAO_5164-21,São Paulo,3550308,True,,1616,,,-23.6463425,-46.64646425,,,,1,2023-06-20T07:13:16+00:00
SAO_5164-21,São Paulo,3550308,True,,1616,,,-23.6464495,-46.646234750000005,,,,1,2023-06-20T07:12:58+00:00
SAO_5164-21,São Paulo,3550308,True,,1616,,,-23.646406,-46.644999,,,,1,2023-06-20T07:09:18+00:00
SAO_5164-21,São Paulo,3550308,True,,1616,,,-23.6461565,-46.644951,,,,1,2023-06-20T07:12:54+00:00
SAO_5164-21,São Paulo,3550308,True,,1616,,,-23.646586749999997,-46.645936000000006,,,,1,2023-06-20T07:12:54+00:00
SAO_2725-10,São Paulo,3550308,True,,33707,,,-23.512969499999997,-46.4736135,,,,2,2023-06-20T07:13:30+00:00
SAO_2725-10,São Paulo,3550308,True,,33707,,,-23.512969499999997,-46.4736135,,,,2,2023-06-20T07:11:37+00:00
SAO_2725-10,São Paulo,3550308,True,,33707,,,-23.512969499999997,-46.4736135,,,,2,2023-06-20T07:13:35+00:00
SAO_N501-11,São Paulo,3550308,True,,2375,,,-23.602714499999998,-46.5162875,,,,1,2023-06-20T07:13:18+00:00
SAO_N501-11,São Paulo,3550308,True,,2375,,,-23.5465215,-46.630083,,,,1,2023-06-20T07:13:34+00:00
SAO_8594-10,São Paulo,3550308,True,,33200,,,-23.452482,-46.7364105,,,,2,2023-06-20T07:13:34+00:00
SAO_8594-10,São Paulo,3550308,True,,33200,,,-23.452038,-46.7466635,,,,2,2023-06-20T07:13:20+00:00
SAO_6047-10,São Paulo,3550308,True,,33992,,,-23.668284,-46.763536,,,,2,2023-06-20T07:13:07+00:00
SAO_8047-41,São Paulo,3550308,True,STT,410,https://moovitapp.com/index/pt-br/transporte_p%C3%BAblico-line-410-Sao_Paulo-242-850661-183302-0,5.3,-23.4591095,-46.7548715,,,,1,2023-06-20T07:13:23+00:00
SAO_4021-10,São Paulo,3550308,True,,2548,,,-23.545225000000002,-46.458472,,,,1,2023-06-20T07:13:36+00:00
SAO_4021-10,São Paulo,3550308,True,,2548,,,-23.561562000000002,-46.446068749999995,,,,1,2023-06-20T07:13:33+00:00
SAO_4021-10,São Paulo,3550308,True,,2548,,,-23.561562000000002,-46.446068749999995,,,,1,2023-06-20T07:13:21+00:00
SAO_5142-10,São Paulo,3550308,True,,34394,,,-23.605828000000002,-46.513298,,,,2,2023-06-20T07:13:22+00:00
SAO_N504-11,São Paulo,3550308,True,,35146,,,-23.562040500000002,-46.598383,,,,2,2023-06-20T07:13:34+00:00
SAO_N540-11,São Paulo,3550308,True,,2481,,,-23.621338,-46.503358,,,,1,2023-06-20T07:13:26+00:00
SAO_6038-10,São Paulo,3550308,True,,33984,,,-23.658400999999998,-46.78931475,,,,2,2023-06-20T07:12:59+00:00
SAO_6038-10,São Paulo,3550308,True,,33984,,,-23.657987499999997,-46.7896665,,,,2,2023-06-20T07:13:36+00:00
SAO_6038-10,São Paulo,3550308,True,,33984,,,-23.657987499999997,-46.7896665,,,,2,2023-06-20T07:13:06+00:00
SAO_6038-10,São Paulo,3550308,True,,33984,,,-23.6582,-46.7894615,,,,2,2023-06-20T07:13:07+00:00
SAO_6038-10,São Paulo,3550308,True,,33984,,,-23.658609,-46.78921425,,,,2,2023-06-20T07:13:04+00:00
SAO_6038-10,São Paulo,3550308,True,,33984,,,-23.660767,-46.7920405,,,,2,2023-06-20T07:12:55+00:00
SAO_N105-11,São Paulo,3550308,True,,2286,,,-23.475738,-46.6707215,,,,1,2023-06-20T07:13:25+00:00
SAO_N335-11,São Paulo,3550308,True,,2347,,,-23.504025,-46.502660000000006,,,,1,2023-06-20T07:12:56+00:00
SAO_172U-10,São Paulo,3550308,True,,860,,,-23.439880000000002,-46.576078499999994,,,,1,2023-06-20T07:13:00+00:00
SAO_6072-10,São Paulo,3550308,True,,34356,,,-23.8274015,-46.69739250000001,,,,2,2023-06-20T07:13:32+00:00
SAO_6072-10,São Paulo,3550308,True,,34356,,,-23.8274015,-46.69739250000001,,,,2,2023-06-20T07:13:15+00:00
SAO_6072-10,São Paulo,3550308,True,,34356,,,-23.8274015,-46.69739250000001,,,,2,2023-06-20T07:13:00+00:00
SAO_6072-10,São Paulo,3550308,True,,34356,,,-23.7821625,-46.713758,,,,2,2023-06-20T07:13:34+00:00
SAO_6072-10,São Paulo,3550308,True,,34356,,,-23.8274015,-46.69739250000001,,,,2,2023-06-20T07:13:07+00:00
SAO_4313-10,São Paulo,3550308,True,,34941,,,-23.5856815,-46.414841499999994,,,,2,2023-06-20T07:12:42+00:00
SAO_4313-10,São Paulo,3550308,True,,34941,,,-23.5784875,-46.499427,,,,2,2023-06-20T07:12:52+00:00
SAO_4313-10,São Paulo,3550308,True,,34941,,,-23.5479245,-46.629473,,,,2,2023-06-20T07:13:08+00:00
SAO_4313-10,São Paulo,3550308,True,,34941,,,-23.5947675,-46.444869999999995,,,,2,2023-06-20T07:13:15+00:00
SAO_875C-10,São Paulo,3550308,True,EMTU,478,https://moovitapp.com/index/pt-br/transporte_p%C3%BAblico-line-478-Sao_Paulo-242-2038937-36419510-0,6.25,-23.5201835,-46.699305499999994,,,,1,2023-06-20T07:13:34+00:00
SAO_875C-10,São Paulo,3550308,True,EMTU,478,https://moovitapp.com/index/pt-br/transporte_p%C3%BAblico-line-478-Sao_Paulo-242-2038937-36419510-0,6.25,-23.5201835,-46.699305499999994,,,,1,2023-06-20T07:13:09+00:00
SAO_875C-10,São Paulo,3550308,True,EMTU,478,https://moovitapp.com/index/pt-br/transporte_p%C3%BAblico-line-478-Sao_Paulo-242-2038937-36419510-0,6.25,-23.599135,-46.63722,,,,1,2023-06-20T07:13:24+00:00
SAO_407J-10,São Paulo,3550308,True,,34966,,,-23.560798,-46.474435,,,,2,2023-06-20T07:13:03+00:00
SAO_407J-10,São Paulo,3550308,True,,34966,,,-23.545739,-46.403975,,,,2,2023-06-20T07:13:03+00:00
SAO_4012-10,São Paulo,3550308,True,,2185,,,-23.61275,-46.476256,,,,1,2023-06-20T07:13:36+00:00
SAO_507T-10,São Paulo,3550308,True,,34976,,,-23.538406000000002,-46.562954,,,,2,2023-06-20T07:13:22+00:00
SAO_507T-10,São Paulo,3550308,True,,34976,,,-23.589256,-46.504743000000005,,,,2,2023-06-20T07:13:04+00:00
SAO_N507-11,São Paulo,3550308,True,,2381,,,-23.53978575,-46.5726295,,,,1,2023-06-20T07:13:22+00:00
SAO_857A-10,São Paulo,3550308,True,,34693,,,-23.611905999999998,-46.7543235,,,,2,2023-06-20T07:12:58+00:00
SAO_857A-10,São Paulo,3550308,True,,34693,,,-23.58588375,-46.679390250000004,,,,2,2023-06-20T07:13:34+00:00
SAO_5038-10,São Paulo,3550308,True,,34429,,,-23.650012,-46.6139055,,,,2,2023-06-20T07:13:17+00:00
SAO_5362-10,São Paulo,3550308,True,BR7 Mobilidade,70,https://moovitapp.com/index/pt-br/transporte_p%C3%BAblico-line-70-Sao_Paulo-242-851856-2250296-0,5.75,-23.750700000000002,-46.688210999999995,,,,1,2023-06-20T07:10:50+00:00
SAO_8003-10,São Paulo,3550308,True,,1253,,,-23.519534,-46.700813499999995,,,,1,2023-06-20T07:13:21+00:00
SAO_N132-11,São Paulo,3550308,True,,35056,,,-23.485637500000003,-46.7260535,,,,2,2023-06-20T07:13:18+00:00
SAO_6063-10,São Paulo,3550308,True,,1152,,,-23.783673,-46.6827105,,,,1,2023-06-20T07:13:13+00:00
SAO_6063-10,São Paulo,3550308,True,,1152,,,-23.767886500000003,-46.7165485,,,,1,2023-06-20T07:13:17+00:00
SAO_7049-10,São Paulo,3550308,True,,34680,,,-23.7115665,-46.7780305,,,,2,2023-06-20T07:13:32+00:00
SAO_7049-10,São Paulo,3550308,True,,34680,,,-23.71138725,-46.77812725,,,,2,2023-06-20T07:13:34+00:00
SAO_7049-10,São Paulo,3550308,True,,34680,,,-23.710983499999998,-46.7790255,,,,2,2023-06-20T07:13:16+00:00
SAO_7049-10,São Paulo,3550308,True,,34680,,,-23.6315095,-46.772093,,,,2,2023-06-20T07:13:37+00:00
SAO_7049-10,São Paulo,3550308,True,,34680,,,-23.710834499999997,-46.778369,,,,2,2023-06-20T07:13:02+00:00
SAO_7049-10,São Paulo,3550308,True,,34680,,,-23.711143749999998,-46.778219750000005,,,,2,2023-06-20T07:13:18+00:00
SAO_7049-10,São Paulo,3550308,True,,34680,,,-23.71138725,-46.77812725,,,,2,2023-06-20T07:13:29+00:00
SAO_7245-10,São Paulo,3550308,True,,33131,,,-23.5505705,-46.659073,,,,2,2023-06-20T07:13:31+00:00
SAO_2666-10,São Paulo,3550308,True,,33146,,,-23.546655,-46.630598,,,,2,2023-06-20T07:11:23+00:00
SAO_2666-10,São Paulo,3550308,True,,33146,,,-23.546655,-46.630598,,,,2,2023-06-20T07:13:29+00:00
SAO_2666-10,São Paulo,3550308,True,,33146,,,-23.51828025,-46.3879975,,,,2,2023-06-20T07:12:58+00:00
SAO_2666-10,São Paulo,3550308,True,,33146,,,-23.5352075,-46.575731000000005,,,,2,2023-06-20T07:13:17+00:00
SAO_2666-10,São Paulo,3550308,True,,33146,,,-23.51798475,-46.3882325,,,,2,2023-06-20T07:13:30+00:00
SAO_2666-10,São Paulo,3550308,True,,33146,,,-23.546655,-46.630598,,,,2,2023-06-20T07:13:08+00:00
SAO_2666-10,São Paulo,3550308,True,,33146,,,-23.51798475,-46.3882325,,,,2,2023-06-20T07:13:30+00:00
SAO_2666-10,São Paulo,3550308,True,,33146,,,-23.494137000000002,-46.45074150000001,,,,2,2023-06-20T07:13:18+00:00
SAO_2666-10,São Paulo,3550308,True,,33146,,,-23.546655,-46.630598,,,,2,2023-06-20T07:13:27+00:00
SAO_2666-10,São Paulo,3550308,True,,33146,,,-23.546655,-46.630598,,,,2,2023-06-20T07:13:36+00:00
SAO_3069-10,São Paulo,3550308,True,,33752,,,-23.606299749999998,-46.41697025,,,,2,2023-06-20T07:13:24+00:00
SAO_3069-10,São Paulo,3550308,True,,33752,,,-23.60662525,-46.41692075,,,,2,2023-06-20T07:13:30+00:00
SAO_3069-10,São Paulo,3550308,True,,33752,,,-23.60662525,-46.41692075,,,,2,2023-06-20T07:13:37+00:00
SAO_3069-10,São Paulo,3550308,True,,33752,,,-23.60662525,-46.41692075,,,,2,2023-06-20T07:13:21+00:00
SAO_3069-10,São Paulo,3550308,True,,33752,,,-23.60662525,-46.41692075,,,,2,2023-06-20T07:13:29+00:00
SAO_3069-10,São Paulo,3550308,True,,33752,,,-23.60662525,-46.41692075,,,,2,2023-06-20T07:13:02+00:00
SAO_3069-10,São Paulo,3550308,True,,33752,,,-23.60662525,-46.41692075,,,,2,2023-06-20T07:13:33+00:00
SAO_2704-10,São Paulo,3550308,True,,916,,,-23.5198535,-46.41966,,,,1,2023-06-20T07:13:03+00:00
SAO_2704-10,São Paulo,3550308,True,,916,,,-23.526659000000002,-46.409887999999995,,,,1,2023-06-20T07:13:05+00:00
SAO_2704-10,São Paulo,3550308,True,,916,,,-23.5198535,-46.41966,,,,1,2023-06-20T07:12:57+00:00
SAO_2704-10,São Paulo,3550308,True,,916,,,-23.526659000000002,-46.409887999999995,,,,1,2023-06-20T07:12:14+00:00
SAO_6048-10,São Paulo,3550308,True,BR7 Mobilidade,56,https://moovitapp.com/index/pt-br/transporte_p%C3%BAblico-line-56-Sao_Paulo-242-851856-518592-0,5.75,-23.6805215,-46.769168500000006,,,,1,2023-06-20T07:13:14+00:00
SAO_6412-10,São Paulo,3550308,True,,33538,,,-23.605024999999998,-46.6791445,,,,2,2023-06-20T07:13:18+00:00
SAO_8707-10,São Paulo,3550308,True,,34832,,,-23.582739625000002,-46.76021837500001,,,,2,2023-06-20T07:13:27+00:00
SAO_8707-10,São Paulo,3550308,True,,34832,,,-23.574617,-46.730098,,,,2,2023-06-20T07:13:10+00:00
SAO_208V-10,São Paulo,3550308,True,,32975,,,-23.5476865,-46.6292585,,,,2,2023-06-20T07:13:01+00:00
SAO_208V-10,São Paulo,3550308,True,,32975,,,-23.5178825,-46.475722000000005,,,,2,2023-06-20T07:13:00+00:00
SAO_208V-10,São Paulo,3550308,True,,32975,,,-23.5476865,-46.6292585,,,,2,2023-06-20T07:13:16+00:00
SAO_208V-10,São Paulo,3550308,True,,32975,,,-23.5476865,-46.6292585,,,,2,2023-06-20T07:13:34+00:00
SAO_208V-10,São Paulo,3550308,True,,32975,,,-23.5173865,-46.47583825,,,,2,2023-06-20T07:13:11+00:00
SAO_208V-10,São Paulo,3550308,True,,32975,,,-23.5476865,-46.6292585,,,,2,2023-06-20T07:12:50+00:00
SAO_208V-10,São Paulo,3550308,True,,32975,,,-23.5173865,-46.47583825,,,,2,2023-06-20T07:12:57+00:00
SAO_208V-10,São Paulo,3550308,True,,32975,,,-23.5476865,-46.6292585,,,,2,2023-06-20T07:13:08+00:00
SAO_208V-10,São Paulo,3550308,True,,32975,,,-23.5173865,-46.47583825,,,,2,2023-06-20T07:13:31+00:00
SAO_208V-10,São Paulo,3550308,True,,32975,,,-23.5476865,-46.6292585,,,,2,2023-06-20T07:12:59+00:00
SAO_208V-10,São Paulo,3550308,True,,32975,,,-23.5184535,-46.475611,,,,2,2023-06-20T07:13:11+00:00
SAO_208V-10,São Paulo,3550308,True,,32975,,,-23.5476865,-46.6292585,,,,2,2023-06-20T07:13:15+00:00
SAO_208V-10,São Paulo,3550308,True,,32975,,,-23.518814499999998,-46.475541,,,,2,2023-06-20T07:09:44+00:00
SAO_208V-10,São Paulo,3550308,True,,32975,,,-23.5184535,-46.475611,,,,2,2023-06-20T07:13:07+00:00
SAO_208V-10,São Paulo,3550308,True,,32975,,,-23.5182095,-46.475659,,,,2,2023-06-20T07:13:06+00:00
SAO_7055-10,São Paulo,3550308,True,,1888,,,-23.6919635,-46.7907745,,,,1,2023-06-20T07:13:13+00:00
SAO_7055-10,São Paulo,3550308,True,,1888,,,-23.6919635,-46.7907745,,,,1,2023-06-20T07:13:02+00:00
SAO_6835-31,São Paulo,3550308,True,,34175,,,-23.6761405,-46.7750765,,,,2,2023-06-20T07:13:11+00:00
SAO_8215-10,São Paulo,3550308,True,,574,,,-23.499235499999998,-46.696036500000005,,,,1,2023-06-20T07:13:00+00:00
SAO_N603-11,São Paulo,3550308,True,,35162,,,-23.6693775,-46.649161500000005,,,,2,2023-06-20T07:13:25+00:00
SAO_N603-11,São Paulo,3550308,True,,35162,,,-23.5991985,-46.6910135,,,,2,2023-06-20T07:12:53+00:00
SAO_5119-10,São Paulo,3550308,True,,32769,,,-23.63488975,-46.7370035,,,,2,2023-06-20T07:13:14+00:00
SAO_5119-10,São Paulo,3550308,True,,32769,,,-23.580710500000002,-46.664289499999995,,,,2,2023-06-20T07:13:35+00:00
SAO_5119-10,São Paulo,3550308,True,,32769,,,-23.648122,-46.748729499999996,,,,2,2023-06-20T07:13:31+00:00
SAO_477P-10,São Paulo,3550308,True,,33116,,,-23.588847,-46.6015465,,,,2,2023-06-20T07:13:02+00:00
SAO_477P-10,São Paulo,3550308,True,,33116,,,-23.610236999999998,-46.651759999999996,,,,2,2023-06-20T07:13:22+00:00
SAO_477P-10,São Paulo,3550308,True,,33116,,,-23.578437,-46.72677,,,,2,2023-06-20T07:13:35+00:00
SAO_3539-10,São Paulo,3550308,True,,748,,,-23.580005125,-46.4126035,,,,1,2023-06-20T07:13:02+00:00
SAO_8705-10,São Paulo,3550308,True,,34840,,,-23.547321,-46.7604965,,,,2,2023-06-20T07:13:17+00:00
SAO_8705-10,São Paulo,3550308,True,,34840,,,-23.548577,-46.758864,,,,2,2023-06-20T07:13:25+00:00
SAO_3459-23,São Paulo,3550308,True,EMTU,404,https://moovitapp.com/index/pt-br/transporte_p%C3%BAblico-line-404-Sao_Paulo-242-2038937-36419466-0,5.2,-23.5165205,-46.385602000000006,,,,1,2023-06-20T07:13:18+00:00
SAO_3459-23,São Paulo,3550308,True,EMTU,404,https://moovitapp.com/index/pt-br/transporte_p%C3%BAblico-line-404-Sao_Paulo-242-2038937-36419466-0,5.2,-23.5165205,-46.385602000000006,,,,1,2023-06-20T07:13:05+00:00
SAO_407L-10,São Paulo,3550308,True,,34967,,,-23.54347,-46.4211755,,,,2,2023-06-20T07:13:35+00:00
SAO_407L-10,São Paulo,3550308,True,,34967,,,-23.590415999999998,-46.394861500000005,,,,2,2023-06-20T07:13:32+00:00
SAO_407L-10,São Paulo,3550308,True,,34967,,,-23.582081,-46.3962135,,,,2,2023-06-20T07:11:22+00:00
SAO_407L-10,São Paulo,3550308,True,,34967,,,-23.541263,-46.449712000000005,,,,2,2023-06-20T07:13:07+00:00
SAO_N207-11,São Paulo,3550308,True,,35085,,,-23.495697,-46.661814,,,,2,2023-06-20T07:13:27+00:00
SAO_373L-10,São Paulo,3550308,True,,1027,,,-23.615178999999998,-46.423012,,,,1,2023-06-20T07:13:10+00:00
SAO_373L-10,São Paulo,3550308,True,,1027,,,-23.615178999999998,-46.423012,,,,1,2023-06-20T07:13:12+00:00
SAO_373L-10,São Paulo,3550308,True,,1027,,,-23.614715500000003,-46.423099,,,,1,2023-06-20T07:13:27+00:00
SAO_3778-10,São Paulo,3550308,True,,1062,,,-23.569554,-46.486423,,,,1,2023-06-20T07:12:59+00:00
SAO_N740-11,São Paulo,3550308,True,,2421,,,-23.7002965,-46.765133,,,,1,2023-06-20T07:13:39+00:00
SAO_N843-11,São Paulo,3550308,True,,35210,,,-23.653725,-46.762792000000005,,,,2,2023-06-20T07:13:24+00:00
SAO_2021-10,São Paulo,3550308,True,,906,,,-23.5443145,-46.389241999999996,,,,1,2023-06-20T07:12:20+00:00
SAO_2021-10,São Paulo,3550308,True,,906,,,-23.5443145,-46.389241999999996,,,,1,2023-06-20T07:12:55+00:00
SAO_2021-10,São Paulo,3550308,True,,906,,,-23.5443145,-46.389241999999996,,,,1,2023-06-20T07:12:00+00:00
SAO_2021-10,São Paulo,3550308,True,,906,,,-23.5443145,-46.389241999999996,,,,1,2023-06-20T07:12:49+00:00
SAO_3785-10,São Paulo,3550308,True,,33831,,,-23.56210475,-46.4461535,,,,2,2023-06-20T07:13:21+00:00
SAO_3785-10,São Paulo,3550308,True,,33831,,,-23.5883665,-46.3949645,,,,2,2023-06-20T07:13:17+00:00
SAO_3785-10,São Paulo,3550308,True,,33831,,,-23.54953775,-46.46202675,,,,2,2023-06-20T07:13:36+00:00
SAO_3785-10,São Paulo,3550308,True,,33831,,,-23.552484125,-46.458167625,,,,2,2023-06-20T07:13:02+00:00
SAO_N103-11,São Paulo,3550308,True,,35052,,,-23.4956725,-46.729764,,,,2,2023-06-20T07:13:16+00:00
SAO_3008-10,São Paulo,3550308,True,,2515,,,-23.522628,-46.396638,,,,1,2023-06-20T07:13:26+00:00
SAO_7062-10,São Paulo,3550308,True,,1898,,,-23.645670000000003,-46.7712555,,,,1,2023-06-20T07:13:23+00:00
SAO_7062-10,São Paulo,3550308,True,,1898,,,-23.645773,-46.771611500000006,,,,1,2023-06-20T07:13:16+00:00
SAO_7062-10,São Paulo,3550308,True,,1898,,,-23.645670000000003,-46.7712555,,,,1,2023-06-20T07:13:00+00:00
SAO_3789-10,São Paulo,3550308,True,,33835,,,-23.542599000000003,-46.4710815,,,,2,2023-06-20T07:12:56+00:00
SAO_3789-10,São Paulo,3550308,True,,33835,,,-23.595993749999998,-46.43696775000001,,,,2,2023-06-20T07:13:35+00:00
SAO_3789-10,São Paulo,3550308,True,,33835,,,-23.60540925,-46.400614,,,,2,2023-06-20T07:13:26+00:00
SAO_675P-10,São Paulo,3550308,True,,33043,,,-23.645801499999997,-46.6450435,,,,2,2023-06-20T07:13:36+00:00
SAO_675P-10,São Paulo,3550308,True,,33043,,,-23.645801499999997,-46.6450435,,,,2,2023-06-20T07:13:08+00:00
SAO_N202-11,São Paulo,3550308,True,,2312,,,-23.5658305,-46.701625500000006,,,,1,2023-06-20T07:13:06+00:00
SAO_6076-10,São Paulo,3550308,True,,1165,,,-23.6669665,-46.7119285,,,,1,2023-06-20T07:13:21+00:00
SAO_2626-10,São Paulo,3550308,True,EMTU,376,https://moovitapp.com/index/pt-br/transporte_p%C3%BAblico-line-376-Sao_Paulo-242-2038937-114744732-0,5.1,-23.520999625,-46.4091595,,,,1,2023-06-20T07:12:52+00:00
SAO_2626-10,São Paulo,3550308,True,EMTU,376,https://moovitapp.com/index/pt-br/transporte_p%C3%BAblico-line-376-Sao_Paulo-242-2038937-114744732-0,5.1,-23.523372625,-46.40622975,,,,1,2023-06-20T07:13:12+00:00
SAO_756A-10,São Paulo,3550308,True,,793,,,-23.598065499999997,-46.796682000000004,,,,1,2023-06-20T07:13:16+00:00
SAO_9012-10,São Paulo,3550308,True,,1268,,,-23.5196905,-46.7002195,,,,1,2023-06-20T07:12:55+00:00
SAO_4310-10,São Paulo,3550308,True,,34928,,,-23.535428500000002,-46.454211,,,,2,2023-06-20T07:13:11+00:00
SAO_6L04-10,São Paulo,3550308,True,,1180,,,-23.8276935,-46.72844725,,,,1,2023-06-20T07:13:20+00:00
SAO_5012-10,São Paulo,3550308,True,,1116,,,-23.7097155,-46.6354455,,,,1,2023-06-20T07:08:12+00:00
SAO_5012-10,São Paulo,3550308,True,,1116,,,-23.7097155,-46.6354455,,,,1,2023-06-20T07:10:27+00:00
SAO_5012-10,São Paulo,3550308,True,,1116,,,-23.7097155,-46.6354455,,,,1,2023-06-20T07:13:28+00:00
SAO_5012-10,São Paulo,3550308,True,,1116,,,-23.7097155,-46.6354455,,,,1,2023-06-20T07:12:12+00:00
SAO_4732-31,São Paulo,3550308,True,,34895,,,-23.6475985,-46.601049,,,,2,2023-06-20T07:13:08+00:00
SAO_5036-10,São Paulo,3550308,True,,1666,,,-23.651166500000002,-46.6143845,,,,1,2023-06-20T07:12:53+00:00
SAO_5034-10,São Paulo,3550308,True,,34431,,,-23.609274125,-46.59980675,,,,2,2023-06-20T07:13:27+00:00
SAO_3054-10,São Paulo,3550308,True,,33743,,,-23.609925,-46.407969,,,,2,2023-06-20T07:13:37+00:00
SAO_6L01-10,São Paulo,3550308,True,,33939,,,-23.90679,-46.708217000000005,,,,2,2023-06-20T07:12:57+00:00
SAO_6L01-10,São Paulo,3550308,True,,33939,,,-23.90679,-46.708217000000005,,,,2,2023-06-20T07:13:35+00:00
SAO_6L01-10,São Paulo,3550308,True,,33939,,,-23.90679,-46.708217000000005,,,,2,2023-06-20T07:13:18+00:00
SAO_6L01-10,São Paulo,3550308,True,,33939,,,-23.8511125,-46.7533205,,,,2,2023-06-20T07:13:28+00:00
SAO_6L01-10,São Paulo,3550308,True,,33939,,,-23.90679,-46.708217000000005,,,,2,2023-06-20T07:13:16+00:00
SAO_6L01-10,São Paulo,3550308,True,,33939,,,-23.90679,-46.708217000000005,,,,2,2023-06-20T07:13:12+00:00
SAO_6L01-10,São Paulo,3550308,True,,33939,,,-23.90679,-46.708217000000005,,,,2,2023-06-20T07:13:27+00:00
SAO_6L01-10,São Paulo,3550308,True,,33939,,,-23.7667025,-46.7163285,,,,2,2023-06-20T07:13:10+00:00
SAO_7022-10,São Paulo,3550308,True,,34852,,,-23.683641,-46.7742085,,,,2,2023-06-20T07:13:04+00:00
SAO_5030-10,São Paulo,3550308,True,,1669,,,-23.637443,-46.5946815,,,,1,2023-06-20T07:13:35+00:00
SAO_4314-10,São Paulo,3550308,True,,34942,,,-23.56408175,-46.4090665,,,,2,2023-06-20T07:13:04+00:00
SAO_4314-10,São Paulo,3550308,True,,34942,,,-23.5420435,-46.580635,,,,2,2023-06-20T07:13:31+00:00
SAO_4314-10,São Paulo,3550308,True,,34942,,,-23.572236500000002,-46.399409500000004,,,,2,2023-06-20T07:13:25+00:00
SAO_6013-10,São Paulo,3550308,True,,186,,,-23.654117499999998,-46.712132999999994,,,,1,2023-06-20T07:12:56+00:00
SAO_3766-10,São Paulo,3550308,True,,33823,,,-23.542434,-46.471034,,,,2,2023-06-20T07:13:08+00:00
SAO_6063-10,São Paulo,3550308,True,,33920,,,-23.783673,-46.6827105,,,,2,2023-06-20T07:13:31+00:00
SAO_6063-10,São Paulo,3550308,True,,33920,,,-23.783673,-46.6827105,,,,2,2023-06-20T07:13:06+00:00
SAO_6063-10,São Paulo,3550308,True,,33920,,,-23.783673,-46.6827105,,,,2,2023-06-20T07:13:09+00:00
SAO_1017-10,São Paulo,3550308,True,,34909,,,-23.4136605,-46.750937,,,,2,2023-06-20T07:12:58+00:00
SAO_917M-10,São Paulo,3550308,True,,34134,,,-23.503681,-46.6771425,,,,2,2023-06-20T07:12:56+00:00
SAO_971V-10,São Paulo,3550308,True,,33387,,,-23.490533875,-46.6640405,,,,2,2023-06-20T07:13:27+00:00
SAO_971V-10,São Paulo,3550308,True,,33387,,,-23.451152999999998,-46.690967,,,,2,2023-06-20T07:12:55+00:00
SAO_278A-10,São Paulo,3550308,True,,706,,,-23.530500500000002,-46.55643875,,,,1,2023-06-20T07:10:45+00:00
SAO_9023-10,São Paulo,3550308,True,,1437,,,-23.4481065,-46.716472499999995,,,,1,2023-06-20T07:13:36+00:00
SAO_407W-10,São Paulo,3550308,True,,34972,,,-23.547039,-46.540972374999996,,,,2,2023-06-20T07:13:16+00:00
SAO_4092-10,São Paulo,3550308,True,,34644,,,-23.5829765,-46.40796,,,,2,2023-06-20T07:13:22+00:00
SAO_N104-11,São Paulo,3550308,True,,35053,,,-23.4831955,-46.7216525,,,,2,2023-06-20T07:13:26+00:00
SAO_3712-10,São Paulo,3550308,True,,1009,,,-23.5525595,-46.4257145,,,,1,2023-06-20T07:13:11+00:00
SAO_3712-10,São Paulo,3550308,True,,1009,,,-23.5525595,-46.4257145,,,,1,2023-06-20T07:13:23+00:00
SAO_3712-10,São Paulo,3550308,True,,1009,,,-23.551171500000002,-46.425402500000004,,,,1,2023-06-20T07:13:08+00:00
SAO_3712-10,São Paulo,3550308,True,,1009,,,-23.5420225,-46.471230000000006,,,,1,2023-06-20T07:13:39+00:00
SAO_3712-10,São Paulo,3550308,True,,1009,,,-23.5525595,-46.4257145,,,,1,2023-06-20T07:13:28+00:00
SAO_3712-10,São Paulo,3550308,True,,1009,,,-23.551171500000002,-46.425402500000004,,,,1,2023-06-20T07:13:06+00:00
SAO_3712-10,São Paulo,3550308,True,,1009,,,-23.5525595,-46.4257145,,,,1,2023-06-20T07:13:07+00:00
SAO_7006-51,São Paulo,3550308,True,,34765,,,-23.682834,-46.76948325,,,,2,2023-06-20T07:12:59+00:00
SAO_5630-10,São Paulo,3550308,True,,32846,,,-23.686692,-46.6943,,,,2,2023-06-20T07:13:19+00:00
SAO_5630-10,São Paulo,3550308,True,,32846,,,-23.737918,-46.698036,,,,2,2023-06-20T07:13:21+00:00
SAO_3732-10,São Paulo,3550308,True,,1029,,,-23.550804499999998,-46.436499,,,,1,2023-06-20T07:13:23+00:00
SAO_3732-10,São Paulo,3550308,True,,1029,,,-23.554565500000002,-46.439924500000004,,,,1,2023-06-20T07:13:03+00:00
SAO_175T-10,São Paulo,3550308,True,,33391,,,-23.6523405,-46.6372505,,,,2,2023-06-20T07:13:23+00:00
SAO_175T-10,São Paulo,3550308,True,,33391,,,-23.5508655,-46.63768775,,,,2,2023-06-20T07:13:29+00:00
SAO_576M-10,São Paulo,3550308,True,,604,,,-23.678067499999997,-46.640125499999996,,,,1,2023-06-20T07:13:24+00:00
SAO_N635-11,São Paulo,3550308,True,,35168,,,-23.736617,-46.696708,,,,2,2023-06-20T07:13:39+00:00
SAO_1705-10,São Paulo,3550308,True,,849,,,-23.4432885,-46.589848,,,,1,2023-06-20T07:10:14+00:00
SAO_N343-11,São Paulo,3550308,True,,2355,,,-23.5388555,-46.456513,,,,1,2023-06-20T07:12:54+00:00
SAO_4001-10,São Paulo,3550308,True,,2176,,,-23.55033925,-46.4622555,,,,1,2023-06-20T07:13:29+00:00
SAO_4001-10,São Paulo,3550308,True,,2176,,,-23.5580635,-46.522337500000006,,,,1,2023-06-20T07:12:56+00:00
SAO_3761-10,São Paulo,3550308,True,,1051,,,-23.616859249999997,-46.4231815,,,,1,2023-06-20T07:13:15+00:00
SAO_3761-10,São Paulo,3550308,True,,1051,,,-23.60883525,-46.426491375,,,,1,2023-06-20T07:13:10+00:00
SAO_3761-10,São Paulo,3550308,True,,1051,,,-23.616859249999997,-46.4231815,,,,1,2023-06-20T07:13:10+00:00
SAO_3761-10,São Paulo,3550308,True,,1051,,,-23.618599,-46.4234555,,,,1,2023-06-20T07:13:14+00:00
SAO_3761-10,São Paulo,3550308,True,,1051,,,-23.612392,-46.424942,,,,1,2023-06-20T07:13:29+00:00
SAO_3761-10,São Paulo,3550308,True,,1051,,,-23.618599,-46.4234555,,,,1,2023-06-20T07:13:34+00:00
SAO_3761-10,São Paulo,3550308,True,,1051,,,-23.618599,-46.4234555,,,,1,2023-06-20T07:13:26+00:00
SAO_6091-10,São Paulo,3550308,True,,33943,,,-23.660075499999998,-46.7049445,,,,2,2023-06-20T07:13:04+00:00
SAO_6091-10,São Paulo,3550308,True,,33943,,,-23.854429875,-46.7068555,,,,2,2023-06-20T07:12:11+00:00
SAO_N731-11,São Paulo,3550308,True,,2412,,,-23.638824,-46.742483,,,,1,2023-06-20T07:08:20+00:00
SAO_6840-10,São Paulo,3550308,True,EMTU,201,https://moovitapp.com/index/pt-br/transporte_p%C3%BAblico-line-201-Sao_Paulo-242-2038937-58093160-0,20.4,-23.732263,-46.786442,,,,1,2023-06-20T07:13:30+00:00
SAO_6840-10,São Paulo,3550308,True,EMTU,201,https://moovitapp.com/index/pt-br/transporte_p%C3%BAblico-line-201-Sao_Paulo-242-2038937-58093160-0,20.4,-23.7317975,-46.7861475,,,,1,2023-06-20T07:12:15+00:00
SAO_6840-10,São Paulo,3550308,True,EMTU,201,https://moovitapp.com/index/pt-br/transporte_p%C3%BAblico-line-201-Sao_Paulo-242-2038937-58093160-0,20.4,-23.729893,-46.785934999999995,,,,1,2023-06-20T07:12:50+00:00
SAO_6840-10,São Paulo,3550308,True,EMTU,201,https://moovitapp.com/index/pt-br/transporte_p%C3%BAblico-line-201-Sao_Paulo-242-2038937-58093160-0,20.4,-23.7320815,-46.786311,,,,1,2023-06-20T07:12:53+00:00
SAO_6840-10,São Paulo,3550308,True,EMTU,201,https://moovitapp.com/index/pt-br/transporte_p%C3%BAblico-line-201-Sao_Paulo-242-2038937-58093160-0,20.4,-23.731146000000003,-46.785866999999996,,,,1,2023-06-20T07:08:06+00:00
SAO_6840-10,São Paulo,3550308,True,EMTU,201,https://moovitapp.com/index/pt-br/transporte_p%C3%BAblico-line-201-Sao_Paulo-242-2038937-58093160-0,20.4,-23.7301305,-46.7858815,,,,1,2023-06-20T07:13:21+00:00
SAO_2076-10,São Paulo,3550308,True,,33136,,,-23.494686,-46.427058,,,,2,2023-06-20T07:13:25+00:00
SAO_2076-10,São Paulo,3550308,True,,33136,,,-23.50203575,-46.374212,,,,2,2023-06-20T07:13:08+00:00
SAO_6037-10,São Paulo,3550308,True,,33983,,,-23.64887075,-46.78563725,,,,2,2023-06-20T07:13:24+00:00
SAO_6037-10,São Paulo,3550308,True,,33983,,,-23.64904925,-46.78534475,,,,2,2023-06-20T07:13:21+00:00
SAO_6037-10,São Paulo,3550308,True,,33983,,,-23.648520750000003,-46.78621425,,,,2,2023-06-20T07:13:09+00:00
SAO_6037-10,São Paulo,3550308,True,,33983,,,-23.648520750000003,-46.78621425,,,,2,2023-06-20T07:12:57+00:00
SAO_6037-10,São Paulo,3550308,True,,33983,,,-23.648692250000003,-46.78592975,,,,2,2023-06-20T07:13:24+00:00
SAO_6037-10,São Paulo,3550308,True,,33983,,,-23.648692250000003,-46.78592975,,,,2,2023-06-20T07:13:11+00:00
SAO_N206-11,São Paulo,3550308,True,,2316,,,-23.5461295,-46.691137,,,,1,2023-06-20T07:13:23+00:00
SAO_N206-11,São Paulo,3550308,True,,2316,,,-23.486994,-46.646148,,,,1,2023-06-20T07:12:17+00:00
SAO_1764-10,São Paulo,3550308,True,,33393,,,-23.4479325,-46.588702,,,,2,2023-06-20T07:13:25+00:00
SAO_N303-11,São Paulo,3550308,True,,35105,,,-23.518619375,-46.475986625,,,,2,2023-06-20T07:13:34+00:00
SAO_6970-10,São Paulo,3550308,True,,1505,,,-23.737581499999997,-46.697899500000005,,,,1,2023-06-20T07:13:28+00:00
SAO_6970-10,São Paulo,3550308,True,,1505,,,-23.737581499999997,-46.697899500000005,,,,1,2023-06-20T07:13:27+00:00
SAO_6970-10,São Paulo,3550308,True,,1505,,,-23.737581499999997,-46.697899500000005,,,,1,2023-06-20T07:12:55+00:00
SAO_6045-10,São Paulo,3550308,True,,1222,,,-23.694674999999997,-46.793941000000004,,,,1,2023-06-20T07:13:36+00:00
SAO_6045-10,São Paulo,3550308,True,,1222,,,-23.694454,-46.794375,,,,1,2023-06-20T07:13:23+00:00
SAO_6045-10,São Paulo,3550308,True,,1222,,,-23.6945445,-46.794182,,,,1,2023-06-20T07:13:28+00:00
SAO_6045-10,São Paulo,3550308,True,,1222,,,-23.694454,-46.794375,,,,1,2023-06-20T07:13:28+00:00
SAO_6045-10,São Paulo,3550308,True,,1222,,,-23.694674999999997,-46.793941000000004,,,,1,2023-06-20T07:13:12+00:00
SAO_6045-10,São Paulo,3550308,True,,1222,,,-23.694674999999997,-46.793941000000004,,,,1,2023-06-20T07:13:28+00:00
SAO_6045-10,São Paulo,3550308,True,,1222,,,-23.6945445,-46.794182,,,,1,2023-06-20T07:13:23+00:00
SAO_6045-10,São Paulo,3550308,True,,1222,,,-23.6945995,-46.794075500000005,,,,1,2023-06-20T07:13:25+00:00
SAO_6826-10,São Paulo,3550308,True,BR7 Mobilidade,16,https://moovitapp.com/index/pt-br/transporte_p%C3%BAblico-line-16-Sao_Paulo-242-851856-513215-0,5.75,-23.654369000000003,-46.762426500000004,,,,1,2023-06-20T07:13:07+00:00
SAO_N440-11,São Paulo,3550308,True,,2373,,,-23.556109,-46.4956405,,,,1,2023-06-20T07:13:16+00:00
SAO_715M-10,São Paulo,3550308,True,EMTU,490,https://moovitapp.com/index/pt-br/transporte_p%C3%BAblico-line-490-Sao_Paulo-242-2038937-36419517-0,5.15,-23.5562275,-46.6341875,,,,1,2023-06-20T07:13:08+00:00
SAO_715M-10,São Paulo,3550308,True,EMTU,490,https://moovitapp.com/index/pt-br/transporte_p%C3%BAblico-line-490-Sao_Paulo-242-2038937-36419517-0,5.15,-23.57180625,-46.697193,,,,1,2023-06-20T07:13:35+00:00
SAO_364A-10,São Paulo,3550308,True,,34014,,,-23.596805000000003,-46.534255,,,,2,2023-06-20T07:13:01+00:00
SAO_6012-10,São Paulo,3550308,True,,1204,,,-23.686436999999998,-46.7873475,,,,1,2023-06-20T07:12:58+00:00
SAO_6012-10,São Paulo,3550308,True,,1204,,,-23.685298500000002,-46.770142500000006,,,,1,2023-06-20T07:13:12+00:00
SAO_7005-51,São Paulo,3550308,True,,34767,,,-23.73270375,-46.7843855,,,,2,2023-06-20T07:13:07+00:00
SAO_6825-10,São Paulo,3550308,True,BR7 Mobilidade,14,https://moovitapp.com/index/pt-br/transporte_p%C3%BAblico-line-14-Sao_Paulo-242-851856-183465-0,5.75,-23.685346,-46.800567,,,,1,2023-06-20T07:13:25+00:00
SAO_6825-10,São Paulo,3550308,True,BR7 Mobilidade,14,https://moovitapp.com/index/pt-br/transporte_p%C3%BAblico-line-14-Sao_Paulo-242-851856-183465-0,5.75,-23.6540545,-46.763478,,,,1,2023-06-20T07:13:36+00:00
SAO_7458-10,São Paulo,3550308,True,EMTU,496,https://moovitapp.com/index/pt-br/transporte_p%C3%BAblico-line-496-Sao_Paulo-242-2038937-36419521-0,5.4,-23.5834975,-46.783808,,,,1,2023-06-20T07:13:16+00:00
SAO_2765-10,São Paulo,3550308,True,EMTU,145,https://moovitapp.com/index/pt-br/transporte_p%C3%BAblico-line-145-Sao_Paulo-242-2038937-36419293-0,5.35,-23.493289,-46.493515,,,,1,2023-06-20T07:13:08+00:00
SAO_174M-10,São Paulo,3550308,True,,33441,,,-23.487115000000003,-46.6190045,,,,2,2023-06-20T07:12:28+00:00
SAO_7053-10,São Paulo,3550308,True,,34655,,,-23.653941000000003,-46.78870825,,,,2,2023-06-20T07:13:37+00:00
SAO_7053-10,São Paulo,3550308,True,,34655,,,-23.653941000000003,-46.78870825,,,,2,2023-06-20T07:13:34+00:00
SAO_7053-10,São Paulo,3550308,True,,34655,,,-23.653941000000003,-46.78870825,,,,2,2023-06-20T07:13:20+00:00
SAO_7053-10,São Paulo,3550308,True,,34655,,,-23.653941000000003,-46.78870825,,,,2,2023-06-20T07:12:54+00:00
SAO_6031-10,São Paulo,3550308,True,,92,,,-23.757662000000003,-46.7063225,,,,1,2023-06-20T07:13:37+00:00
SAO_178L-10,São Paulo,3550308,True,,33328,,,-23.550093500000003,-46.682230000000004,,,,2,2023-06-20T07:13:19+00:00
SAO_2723-10,São Paulo,3550308,True,,937,,,-23.5350115,-46.45402425,,,,1,2023-06-20T07:13:20+00:00
SAO_2723-10,São Paulo,3550308,True,,937,,,-23.487495,-46.463618999999994,,,,1,2023-06-20T07:13:16+00:00
SAO_2723-10,São Paulo,3550308,True,,937,,,-23.487495,-46.463618999999994,,,,1,2023-06-20T07:13:36+00:00
SAO_2723-10,São Paulo,3550308,True,,937,,,-23.487495,-46.463618999999994,,,,1,2023-06-20T07:13:12+00:00
SAO_9011-21,São Paulo,3550308,True,,34536,,,-23.445837500000003,-46.7305495,,,,2,2023-06-20T07:13:04+00:00
SAO_9011-21,São Paulo,3550308,True,,34536,,,-23.446984,-46.7225025,,,,2,2023-06-20T07:13:04+00:00
SAO_5034-31,São Paulo,3550308,True,,34432,,,-23.6221265,-46.601361999999995,,,,2,2023-06-20T07:13:29+00:00
SAO_374V-10,São Paulo,3550308,True,,34415,,,-23.5263255,-46.452581,,,,2,2023-06-20T07:13:30+00:00
SAO_1783-10,São Paulo,3550308,True,,644,,,-23.418351,-46.586143,,,,1,2023-06-20T07:13:31+00:00
SAO_N439-11,São Paulo,3550308,True,,2372,,,-23.553486499999998,-46.436553,,,,1,2023-06-20T07:13:14+00:00
SAO_6840-10,São Paulo,3550308,True,,32969,,,-23.74139525,-46.800182500000005,,,,2,2023-06-20T07:13:19+00:00
SAO_6840-10,São Paulo,3550308,True,,32969,,,-23.7317975,-46.7861475,,,,2,2023-06-20T07:13:07+00:00
SAO_6840-10,São Paulo,3550308,True,,32969,,,-23.731146000000003,-46.785866999999996,,,,2,2023-06-20T07:11:27+00:00
SAO_6840-10,São Paulo,3550308,True,,32969,,,-23.7317975,-46.7861475,,,,2,2023-06-20T07:13:23+00:00
SAO_6840-10,São Paulo,3550308,True,,32969,,,-23.7317975,-46.7861475,,,,2,2023-06-20T07:13:37+00:00
SAO_6840-10,São Paulo,3550308,True,,32969,,,-23.7317975,-46.7861475,,,,2,2023-06-20T07:13:21+00:00
SAO_6840-10,São Paulo,3550308,True,,32969,,,-23.734759750000002,-46.78797175,,,,2,2023-06-20T07:12:48+00:00
SAO_8622-10,São Paulo,3550308,True,EMTU,438,https://moovitapp.com/index/pt-br/transporte_p%C3%BAblico-line-438-Sao_Paulo-242-2038937-36419488-0,7.65,-23.42999775,-46.789956,,,,1,2023-06-20T07:13:10+00:00
SAO_675X-10,São Paulo,3550308,True,,32879,,,-23.6837535,-46.7033535,,,,2,2023-06-20T07:13:27+00:00
SAO_709P-10,São Paulo,3550308,True,,34761,,,-23.567496,-46.6940125,,,,2,2023-06-20T07:13:14+00:00
SAO_273X-10,São Paulo,3550308,True,,33160,,,-23.506402,-46.3862285,,,,2,2023-06-20T07:13:29+00:00
SAO_273X-10,São Paulo,3550308,True,,33160,,,-23.496948875,-46.400600749999995,,,,2,2023-06-20T07:13:09+00:00
SAO_273X-10,São Paulo,3550308,True,,33160,,,-23.494067875,-46.389082125,,,,2,2023-06-20T07:13:33+00:00
SAO_273X-10,São Paulo,3550308,True,,33160,,,-23.501424999999998,-46.4705825,,,,2,2023-06-20T07:13:26+00:00
SAO_273R-10,São Paulo,3550308,True,EMTU,226,https://moovitapp.com/index/pt-br/transporte_p%C3%BAblico-line-226-Sao_Paulo-242-2038937-36419343-0,5.05,-23.515271,-46.455712000000005,,,,1,2023-06-20T07:13:25+00:00
SAO_273R-10,São Paulo,3550308,True,EMTU,226,https://moovitapp.com/index/pt-br/transporte_p%C3%BAblico-line-226-Sao_Paulo-242-2038937-36419343-0,5.05,-23.521997499999998,-46.412527999999995,,,,1,2023-06-20T07:13:35+00:00
SAO_N534-11,São Paulo,3550308,True,,2386,,,-23.598053999999998,-46.5963225,,,,1,2023-06-20T07:12:55+00:00
SAO_677Y-10,São Paulo,3550308,True,,34008,,,-23.68357,-46.7894015,,,,2,2023-06-20T07:13:13+00:00
SAO_677Y-10,São Paulo,3550308,True,,34008,,,-23.68357,-46.7894015,,,,2,2023-06-20T07:13:10+00:00
SAO_6835-10,São Paulo,3550308,True,BR7 Mobilidade,12,https://moovitapp.com/index/pt-br/transporte_p%C3%BAblico-line-12-Sao_Paulo-242-851856-542340-0,5.75,-23.6657115,-46.7709265,,,,1,2023-06-20T07:13:38+00:00
SAO_2727-10,São Paulo,3550308,True,,33710,,,-23.521929,-46.4574135,,,,2,2023-06-20T07:13:08+00:00
SAO_2727-10,São Paulo,3550308,True,,33710,,,-23.521929,-46.4574135,,,,2,2023-06-20T07:12:59+00:00
SAO_7063-10,São Paulo,3550308,True,,1899,,,-23.651991000000002,-46.789846499999996,,,,1,2023-06-20T07:13:33+00:00
SAO_7063-10,São Paulo,3550308,True,,1899,,,-23.651991000000002,-46.789846499999996,,,,1,2023-06-20T07:13:08+00:00
SAO_7063-10,São Paulo,3550308,True,,1899,,,-23.651991000000002,-46.789846499999996,,,,1,2023-06-20T07:13:20+00:00
SAO_7063-10,São Paulo,3550308,True,,1899,,,-23.651991000000002,-46.789846499999996,,,,1,2023-06-20T07:12:57+00:00
SAO_7063-10,São Paulo,3550308,True,,1899,,,-23.651991000000002,-46.789846499999996,,,,1,2023-06-20T07:12:56+00:00
SAO_1034-10,São Paulo,3550308,True,,35220,,,-23.471707000000002,-46.7071035,,,,2,2023-06-20T07:12:57+00:00
SAO_6063-43,São Paulo,3550308,True,,35248,,,-23.8149625,-46.669669,,,,2,2023-06-20T07:13:24+00:00
SAO_6063-43,São Paulo,3550308,True,,35248,,,-23.8149625,-46.669669,,,,2,2023-06-20T07:13:38+00:00
SAO_3031-10,São Paulo,3550308,True,,967,,,-23.58324,-46.442064,,,,1,2023-06-20T07:13:33+00:00
SAO_9301-10,São Paulo,3550308,True,,33226,,,-23.496032,-46.662330499999996,,,,2,2023-06-20T07:13:16+00:00
SAO_2770-10,São Paulo,3550308,True,,33011,,,-23.521126250000002,-46.413666625000005,,,,2,2023-06-20T07:13:11+00:00
SAO_2770-10,São Paulo,3550308,True,,33011,,,-23.4983015,-46.463826499999996,,,,2,2023-06-20T07:13:06+00:00
SAO_4051-10,São Paulo,3550308,True,,2144,,,-23.561616,-46.401831,,,,1,2023-06-20T07:13:16+00:00
SAO_4051-10,São Paulo,3550308,True,,2144,,,-23.561616,-46.401831,,,,1,2023-06-20T07:12:55+00:00
SAO_2523-10,São Paulo,3550308,True,Cidade de Caieiras,250,https://moovitapp.com/index/pt-br/transporte_p%C3%BAblico-line-250-Sao_Paulo-242-868761-752902-0,5.0,-23.5182095,-46.475659,,,,1,2023-06-20T07:13:28+00:00
SAO_2523-10,São Paulo,3550308,True,Cidade de Caieiras,250,https://moovitapp.com/index/pt-br/transporte_p%C3%BAblico-line-250-Sao_Paulo-242-868761-752902-0,5.0,-23.5182095,-46.475659,,,,1,2023-06-20T07:13:19+00:00
SAO_2523-10,São Paulo,3550308,True,Cidade de Caieiras,250,https://moovitapp.com/index/pt-br/transporte_p%C3%BAblico-line-250-Sao_Paulo-242-868761-752902-0,5.0,-23.5182095,-46.475659,,,,1,2023-06-20T07:13:25+00:00
SAO_2523-10,São Paulo,3550308,True,Cidade de Caieiras,250,https://moovitapp.com/index/pt-br/transporte_p%C3%BAblico-line-250-Sao_Paulo-242-868761-752902-0,5.0,-23.5182095,-46.475659,,,,1,2023-06-20T07:13:03+00:00
SAO_2523-10,São Paulo,3550308,True,Cidade de Caieiras,250,https://moovitapp.com/index/pt-br/transporte_p%C3%BAblico-line-250-Sao_Paulo-242-868761-752902-0,5.0,-23.5182095,-46.475659,,,,1,2023-06-20T07:13:12+00:00
SAO_2523-10,São Paulo,3550308,True,Cidade de Caieiras,250,https://moovitapp.com/index/pt-br/transporte_p%C3%BAblico-line-250-Sao_Paulo-242-868761-752902-0,5.0,-23.5182095,-46.475659,,,,1,2023-06-20T07:13:02+00:00
SAO_2724-10,São Paulo,3550308,True,,938,,,-23.5396445,-46.483602,,,,1,2023-06-20T07:13:21+00:00
SAO_2724-10,São Paulo,3550308,True,,938,,,-23.5396445,-46.483602,,,,1,2023-06-20T07:13:26+00:00
SAO_2724-10,São Paulo,3550308,True,,938,,,-23.5396445,-46.483602,,,,1,2023-06-20T07:13:01+00:00
SAO_2724-10,São Paulo,3550308,True,,938,,,-23.5396445,-46.483602,,,,1,2023-06-20T07:08:45+00:00
SAO_2705-10,São Paulo,3550308,True,,33685,,,-23.531448750000003,-46.44202425,,,,2,2023-06-20T07:13:07+00:00
SAO_7063-10,São Paulo,3550308,True,,34667,,,-23.65178525,-46.78974675,,,,2,2023-06-20T07:13:04+00:00
SAO_7063-10,São Paulo,3550308,True,,34667,,,-23.651561,-46.790330499999996,,,,2,2023-06-20T07:13:24+00:00
SAO_695V-10,São Paulo,3550308,True,,32776,,,-23.654061749999997,-46.76002575,,,,2,2023-06-20T07:13:26+00:00
SAO_695V-10,São Paulo,3550308,True,,32776,,,-23.586358500000003,-46.641589749999994,,,,2,2023-06-20T07:13:35+00:00
SAO_3751-10,São Paulo,3550308,True,,1047,,,-23.569356,-46.4108985,,,,1,2023-06-20T07:13:27+00:00
SAO_3751-10,São Paulo,3550308,True,,1047,,,-23.569356,-46.4108985,,,,1,2023-06-20T07:12:55+00:00
SAO_3751-10,São Paulo,3550308,True,,1047,,,-23.569356,-46.4108985,,,,1,2023-06-20T07:13:19+00:00
SAO_6093-10,São Paulo,3550308,True,,1585,,,-23.7721665,-46.7195685,,,,1,2023-06-20T07:13:13+00:00
SAO_6093-10,São Paulo,3550308,True,,1585,,,-23.7804745,-46.724900500000004,,,,1,2023-06-20T07:13:16+00:00
SAO_3735-41,São Paulo,3550308,True,,1920,,,-23.5497695,-46.4928965,,,,1,2023-06-20T07:12:55+00:00
SAO_3735-41,São Paulo,3550308,True,,1920,,,-23.540658999999998,-46.4851245,,,,1,2023-06-20T07:12:59+00:00
SAO_2766-10,São Paulo,3550308,True,,33173,,,-23.51828025,-46.3879975,,,,2,2023-06-20T07:13:04+00:00
SAO_2766-10,São Paulo,3550308,True,,33173,,,-23.51798475,-46.3882325,,,,2,2023-06-20T07:13:07+00:00
SAO_2766-10,São Paulo,3550308,True,,33173,,,-23.5425775,-46.4719335,,,,2,2023-06-20T07:13:25+00:00
SAO_2766-10,São Paulo,3550308,True,,33173,,,-23.5425775,-46.4719335,,,,2,2023-06-20T07:13:25+00:00
SAO_2766-10,São Paulo,3550308,True,,33173,,,-23.53511775,-46.45098325,,,,2,2023-06-20T07:13:21+00:00
SAO_2766-10,São Paulo,3550308,True,,33173,,,-23.5425775,-46.4719335,,,,2,2023-06-20T07:13:04+00:00
SAO_2766-10,São Paulo,3550308,True,,33173,,,-23.5111405,-46.394338000000005,,,,2,2023-06-20T07:12:57+00:00
SAO_2766-10,São Paulo,3550308,True,,33173,,,-23.5425775,-46.4719335,,,,2,2023-06-20T07:13:04+00:00
SAO_2766-10,São Paulo,3550308,True,,33173,,,-23.5205485,-46.3895395,,,,2,2023-06-20T07:13:02+00:00
SAO_2766-10,São Paulo,3550308,True,,33173,,,-23.5425775,-46.4719335,,,,2,2023-06-20T07:13:22+00:00
SAO_N406-11,São Paulo,3550308,True,,2362,,,-23.5945775,-46.44692175,,,,1,2023-06-20T07:13:10+00:00
SAO_702C-10,São Paulo,3550308,True,STT,485,https://moovitapp.com/index/pt-br/transporte_p%C3%BAblico-line-485-Sao_Paulo-242-850661-183324-0,5.3,-23.5423,-46.590280500000006,,,,1,2023-06-20T07:13:39+00:00
SAO_702C-10,São Paulo,3550308,True,STT,485,https://moovitapp.com/index/pt-br/transporte_p%C3%BAblico-line-485-Sao_Paulo-242-850661-183324-0,5.3,-23.580704,-46.7290535,,,,1,2023-06-20T07:13:23+00:00
SAO_702C-10,São Paulo,3550308,True,STT,485,https://moovitapp.com/index/pt-br/transporte_p%C3%BAblico-line-485-Sao_Paulo-242-850661-183324-0,5.3,-23.571233,-46.74876825,,,,1,2023-06-20T07:13:19+00:00
SAO_7052-10,São Paulo,3550308,True,,34654,,,-23.652754,-46.773064500000004,,,,2,2023-06-20T07:11:00+00:00
SAO_7052-10,São Paulo,3550308,True,,34654,,,-23.6525575,-46.773193,,,,2,2023-06-20T07:13:23+00:00
SAO_8548-10,São Paulo,3550308,True,EMTU,578,https://moovitapp.com/index/pt-br/transporte_p%C3%BAblico-line-578-Sao_Paulo-242-2038937-36419568-0,5.4,-23.446106125,-46.715395875,,,,1,2023-06-20T07:13:25+00:00
SAO_3795-10,São Paulo,3550308,True,,33841,,,-23.555342000000003,-46.41253450000001,,,,2,2023-06-20T07:13:11+00:00
SAO_N301-11,São Paulo,3550308,True,,2335,,,-23.5215045,-46.52887,,,,1,2023-06-20T07:13:09+00:00
SAO_N301-11,São Paulo,3550308,True,,2335,,,-23.546433999999998,-46.630430000000004,,,,1,2023-06-20T07:13:13+00:00
SAO_6L05-10,São Paulo,3550308,True,,1173,,,-23.828203,-46.726499000000004,,,,1,2023-06-20T07:13:31+00:00
SAO_2006-10,São Paulo,3550308,True,,895,,,-23.506570625000002,-46.366393375,,,,1,2023-06-20T07:13:13+00:00
SAO_2006-10,São Paulo,3550308,True,,895,,,-23.510832999999998,-46.366727,,,,1,2023-06-20T07:13:13+00:00
SAO_1178-10,São Paulo,3550308,True,,32900,,,-23.516469,-46.546031,,,,2,2023-06-20T07:13:34+00:00
SAO_1178-10,São Paulo,3550308,True,,32900,,,-23.493502749999998,-46.4426755,,,,2,2023-06-20T07:13:31+00:00
SAO_1178-10,São Paulo,3550308,True,,32900,,,-23.50302025,-46.477509999999995,,,,2,2023-06-20T07:12:58+00:00
SAO_1178-10,São Paulo,3550308,True,,32900,,,-23.504152499999996,-46.432775,,,,2,2023-06-20T07:13:33+00:00
SAO_7050-10,São Paulo,3550308,True,,1884,,,-23.656825,-46.776281,,,,1,2023-06-20T07:05:35+00:00
SAO_971C-10,São Paulo,3550308,True,,33339,,,-23.455016999999998,-46.6954525,,,,2,2023-06-20T07:12:59+00:00
SAO_971C-10,São Paulo,3550308,True,,33339,,,-23.448967500000002,-46.710255000000004,,,,2,2023-06-20T07:13:38+00:00
SAO_971C-10,São Paulo,3550308,True,,33339,,,-23.50201,-46.625167,,,,2,2023-06-20T07:13:07+00:00
SAO_N536-11,São Paulo,3550308,True,,35156,,,-23.5841435,-46.61103575,,,,2,2023-06-20T07:13:29+00:00
SAO_373L-10,São Paulo,3550308,True,,33795,,,-23.594361499999998,-46.4449015,,,,2,2023-06-20T07:13:11+00:00
SAO_5164-10,São Paulo,3550308,True,,1283,,,-23.6468385,-46.645112,,,,1,2023-06-20T07:13:04+00:00
SAO_5164-10,São Paulo,3550308,True,,1283,,,-23.6468385,-46.645112,,,,1,2023-06-20T07:12:58+00:00
SAO_848L-10,São Paulo,3550308,True,,33576,,,-23.434671,-46.7199065,,,,2,2023-06-20T06:16:20+00:00
SAO_N102-11,São Paulo,3550308,True,,2283,,,-23.547307,-46.630022,,,,1,2023-06-20T07:13:30+00:00
SAO_N342-11,São Paulo,3550308,True,,2354,,,-23.525033999999998,-46.525758749999994,,,,1,2023-06-20T07:13:34+00:00
SAO_273J-10,São Paulo,3550308,True,,33157,,,-23.493505,-46.4000955625,,,,2,2023-06-20T07:13:02+00:00
SAO_273J-10,São Paulo,3550308,True,,33157,,,-23.506752249999998,-46.457750125000004,,,,2,2023-06-20T07:13:26+00:00
SAO_9002-10,São Paulo,3550308,True,,33638,,,-23.45345125,-46.67086875,,,,2,2023-06-20T07:13:06+00:00
SAO_N841-11,São Paulo,3550308,True,,2440,,,-23.5525125,-46.660928,,,,1,2023-06-20T07:13:27+00:00
SAO_6816-10,São Paulo,3550308,True,BR7 Mobilidade,26,https://moovitapp.com/index/pt-br/transporte_p%C3%BAblico-line-26-Sao_Paulo-242-851856-577923-0,5.75,-23.653551,-46.777357,,,,1,2023-06-20T07:13:02+00:00
SAO_6816-10,São Paulo,3550308,True,BR7 Mobilidade,26,https://moovitapp.com/index/pt-br/transporte_p%C3%BAblico-line-26-Sao_Paulo-242-851856-577923-0,5.75,-23.6541265,-46.7631545,,,,1,2023-06-20T07:13:30+00:00
SAO_6816-10,São Paulo,3550308,True,BR7 Mobilidade,26,https://moovitapp.com/index/pt-br/transporte_p%C3%BAblico-line-26-Sao_Paulo-242-851856-577923-0,5.75,-23.653551,-46.777357,,,,1,2023-06-20T07:13:00+00:00
SAO_5300-10,São Paulo,3550308,True,EMTU,354,https://moovitapp.com/index/pt-br/transporte_p%C3%BAblico-line-354-Sao_Paulo-242-2038937-36419437-0,7.55,-23.654195,-46.711744499999995,,,,1,2023-06-20T07:13:11+00:00
SAO_5300-10,São Paulo,3550308,True,EMTU,354,https://moovitapp.com/index/pt-br/transporte_p%C3%BAblico-line-354-Sao_Paulo-242-2038937-36419437-0,7.55,-23.654195,-46.711744499999995,,,,1,2023-06-20T07:13:10+00:00
SAO_5300-10,São Paulo,3550308,True,EMTU,354,https://moovitapp.com/index/pt-br/transporte_p%C3%BAblico-line-354-Sao_Paulo-242-2038937-36419437-0,7.55,-23.654195,-46.711744499999995,,,,1,2023-06-20T07:13:32+00:00
SAO_5300-10,São Paulo,3550308,True,EMTU,354,https://moovitapp.com/index/pt-br/transporte_p%C3%BAblico-line-354-Sao_Paulo-242-2038937-36419437-0,7.55,-23.654195,-46.711744499999995,,,,1,2023-06-20T07:13:31+00:00
SAO_4086-10,São Paulo,3550308,True,,2250,,,-23.60070025,-46.39782225,,,,1,2023-06-20T07:13:20+00:00
SAO_273R-10,São Paulo,3550308,True,,32994,,,-23.5154165,-46.455321,,,,2,2023-06-20T07:13:31+00:00
SAO_6006-10,São Paulo,3550308,True,,32943,,,-23.669655,-46.7366765,,,,2,2023-06-20T07:09:31+00:00
SAO_354M-10,São Paulo,3550308,True,,34387,,,-23.49346225,-46.442254500000004,,,,2,2023-06-20T07:13:35+00:00
SAO_354M-10,São Paulo,3550308,True,,34387,,,-23.4917705,-46.4343875,,,,2,2023-06-20T07:13:24+00:00
SAO_N405-11,São Paulo,3550308,True,,35129,,,-23.553811125000003,-46.4893465,,,,2,2023-06-20T07:13:38+00:00
SAO_N737-11,São Paulo,3550308,True,,2418,,,-23.7036035,-46.79114475,,,,1,2023-06-20T07:13:36+00:00
SAO_407G-10,São Paulo,3550308,True,,34964,,,-23.609581499999997,-46.434909,,,,2,2023-06-20T07:12:54+00:00
SAO_675G-10,São Paulo,3550308,True,ETT,106,https://moovitapp.com/index/pt-br/transporte_p%C3%BAblico-line-106-Sao_Paulo-242-876373-496508-0,5.3,-23.7427985,-46.6697255,,,,1,2023-06-20T07:13:17+00:00
SAO_675G-10,São Paulo,3550308,True,ETT,106,https://moovitapp.com/index/pt-br/transporte_p%C3%BAblico-line-106-Sao_Paulo-242-876373-496508-0,5.3,-23.7528655,-46.6821185,,,,1,2023-06-20T07:13:37+00:00
SAO_675M-10,São Paulo,3550308,True,,32876,,,-23.64675425,-46.645568,,,,2,2023-06-20T07:13:13+00:00
SAO_675M-10,São Paulo,3550308,True,,32876,,,-23.720467499999998,-46.676809000000006,,,,2,2023-06-20T07:13:23+00:00
SAO_N337-11,São Paulo,3550308,True,,35117,,,-23.491765,-46.4345455,,,,2,2023-06-20T07:13:30+00:00
SAO_9006-10,São Paulo,3550308,True,,874,,,-23.468455,-46.686566,,,,1,2023-06-20T07:12:51+00:00
SAO_1016-10,São Paulo,3550308,True,,33599,,,-23.456733999999997,-46.6026445,,,,2,2023-06-20T07:13:08+00:00
SAO_3462-10,São Paulo,3550308,True,EMTU,247,https://moovitapp.com/index/pt-br/transporte_p%C3%BAblico-line-247-Sao_Paulo-242-2038937-36419359-0,6.55,-23.524883375,-46.474853625,,,,1,2023-06-20T07:13:25+00:00
SAO_637G-10,São Paulo,3550308,True,,32869,,,-23.637452,-46.696471,,,,2,2023-06-20T07:13:10+00:00
SAO_3002-10,São Paulo,3550308,True,,34576,,,-23.50940175,-46.379290749999996,,,,2,2023-06-20T07:13:17+00:00
SAO_3002-10,São Paulo,3550308,True,,34576,,,-23.510973,-46.3788175,,,,2,2023-06-20T07:13:32+00:00
SAO_373T-10,São Paulo,3550308,True,,33859,,,-23.584983,-46.524282,,,,2,2023-06-20T07:13:22+00:00
SAO_N136-11,São Paulo,3550308,True,,2292,,,-23.519959,-46.700407999999996,,,,1,2023-06-20T07:12:54+00:00
SAO_8022-10,São Paulo,3550308,True,,34853,,,-23.5680135,-46.740213,,,,2,2023-06-20T07:12:43+00:00
SAO_8012-10,São Paulo,3550308,True,,34791,,,-23.571781,-46.70828,,,,2,2023-06-20T07:13:31+00:00
SAO_8012-10,São Paulo,3550308,True,,34791,,,-23.554968,-46.724385999999996,,,,2,2023-06-20T07:13:31+00:00
SAO_N745-11,São Paulo,3550308,True,,2426,,,-23.64189,-46.7853535,,,,1,2023-06-20T07:12:55+00:00
SAO_971M-10,São Paulo,3550308,True,,33380,,,-23.471397,-46.67505,,,,2,2023-06-20T07:13:24+00:00
SAO_6052-10,São Paulo,3550308,True,,1144,,,-23.775509999999997,-46.691679,,,,1,2023-06-20T07:13:23+00:00
SAO_2028-10,São Paulo,3550308,True,,35031,,,-23.44264425,-46.58803375,,,,2,2023-06-20T07:13:26+00:00
SAO_6036-10,São Paulo,3550308,True,,1214,,,-23.6538115,-46.789655499999995,,,,1,2023-06-20T07:13:37+00:00
SAO_6822-10,São Paulo,3550308,True,,32790,,,-23.640994499999998,-46.7809775,,,,2,2023-06-20T07:13:15+00:00
SAO_3718-10,São Paulo,3550308,True,,1013,,,-23.557025,-46.4865765,,,,1,2023-06-20T07:13:03+00:00
SAO_3718-10,São Paulo,3550308,True,,1013,,,-23.557025,-46.4865765,,,,1,2023-06-20T07:13:15+00:00
SAO_5128-10,São Paulo,3550308,True,,33896,,,-23.711726249999998,-46.65239675,,,,2,2023-06-20T07:13:32+00:00
SAO_5128-10,São Paulo,3550308,True,,33896,,,-23.700462,-46.640296,,,,2,2023-06-20T07:13:19+00:00
SAO_7050-10,São Paulo,3550308,True,,34652,,,-23.6559205,-46.776455,,,,2,2023-06-20T07:13:29+00:00
SAO_7050-10,São Paulo,3550308,True,,34652,,,-23.6365825,-46.7782305,,,,2,2023-06-20T07:13:39+00:00
SAO_3738-10,São Paulo,3550308,True,,1038,,,-23.5630765,-46.394354,,,,1,2023-06-20T07:13:32+00:00
SAO_3738-10,São Paulo,3550308,True,,1038,,,-23.5630765,-46.394354,,,,1,2023-06-20T07:13:34+00:00
SAO_N701-11,São Paulo,3550308,True,,2406,,,-23.5468745,-46.630641499999996,,,,1,2023-06-20T07:13:06+00:00
SAO_N701-11,São Paulo,3550308,True,,2406,,,-23.595483,-46.6730785,,,,1,2023-06-20T07:13:39+00:00
SAO_N308-11,São Paulo,3550308,True,,2342,,,-23.531349,-46.5192055,,,,1,2023-06-20T07:13:22+00:00
SAO_N308-11,São Paulo,3550308,True,,2342,,,-23.546701,-46.6302515,,,,1,2023-06-20T07:13:13+00:00
SAO_715M-10,São Paulo,3550308,True,,33258,,,-23.572155000000002,-46.70553525,,,,2,2023-06-20T07:13:16+00:00
SAO_715M-10,São Paulo,3550308,True,,33258,,,-23.5648755,-46.6452305,,,,2,2023-06-20T07:13:02+00:00
SAO_1760-10,São Paulo,3550308,True,,33325,,,-23.467914,-46.661086499999996,,,,2,2023-06-20T07:12:55+00:00
SAO_5013-10,São Paulo,3550308,True,,33885,,,-23.679442,-46.655800625,,,,2,2023-06-20T07:10:49+00:00
SAO_719R-10,São Paulo,3550308,True,,33237,,,-23.564131875,-46.749473625,,,,2,2023-06-20T07:13:03+00:00
SAO_273G-10,São Paulo,3550308,True,,32991,,,-23.519024125,-46.475913874999996,,,,2,2023-06-20T07:13:38+00:00
SAO_2718-10,São Paulo,3550308,True,,931,,,-23.525074000000004,-46.54891175,,,,1,2023-06-20T07:12:57+00:00
SAO_2725-10,São Paulo,3550308,True,,939,,,-23.540045,-46.483149499999996,,,,1,2023-06-20T07:13:07+00:00
SAO_2725-10,São Paulo,3550308,True,,939,,,-23.540045,-46.483149499999996,,,,1,2023-06-20T07:13:24+00:00
SAO_2725-10,São Paulo,3550308,True,,939,,,-23.540045,-46.483149499999996,,,,1,2023-06-20T07:13:10+00:00
SAO_2725-10,São Paulo,3550308,True,,939,,,-23.540045,-46.483149499999996,,,,1,2023-06-20T07:13:05+00:00
SAO_2725-10,São Paulo,3550308,True,,939,,,-23.540045,-46.483149499999996,,,,1,2023-06-20T07:13:37+00:00
SAO_2725-10,São Paulo,3550308,True,,939,,,-23.540045,-46.483149499999996,,,,1,2023-06-20T07:13:31+00:00
SAO_N138-11,São Paulo,3550308,True,,2294,,,-23.449708,-46.680417500000004,,,,1,2023-06-20T07:13:19+00:00
SAO_576C-10,São Paulo,3550308,True,,1290,,,-23.6460055,-46.644996,,,,1,2023-06-20T07:13:13+00:00
SAO_576C-10,São Paulo,3550308,True,,1290,,,-23.64649975,-46.64515875,,,,1,2023-06-20T07:12:55+00:00
SAO_576C-10,São Paulo,3550308,True,,1290,,,-23.6460055,-46.644996,,,,1,2023-06-20T07:13:28+00:00
SAO_576C-10,São Paulo,3550308,True,,1290,,,-23.6460055,-46.644996,,,,1,2023-06-20T07:13:07+00:00
SAO_576C-10,São Paulo,3550308,True,,1290,,,-23.6460415,-46.644780499999996,,,,1,2023-06-20T07:13:02+00:00
SAO_576C-10,São Paulo,3550308,True,,1290,,,-23.6460055,-46.644996,,,,1,2023-06-20T07:12:56+00:00
SAO_576C-10,São Paulo,3550308,True,,1290,,,-23.64649975,-46.64515875,,,,1,2023-06-20T07:12:55+00:00
SAO_N139-11,São Paulo,3550308,True,,2295,,,-23.474788,-46.714447500000006,,,,1,2023-06-20T07:12:54+00:00
SAO_5370-10,São Paulo,3550308,True,,34210,,,-23.7365925,-46.699343999999996,,,,2,2023-06-20T07:13:24+00:00
SAO_5370-10,São Paulo,3550308,True,,34210,,,-23.677653999999997,-46.7072885,,,,2,2023-06-20T07:13:35+00:00
SAO_N404-11,São Paulo,3550308,True,,2360,,,-23.519315499999998,-46.5471005,,,,1,2023-06-20T07:13:13+00:00
SAO_N404-11,São Paulo,3550308,True,,2360,,,-23.613857,-46.476304,,,,1,2023-06-20T07:13:33+00:00
SAO_677V-10,São Paulo,3550308,True,,32880,,,-23.722918999999997,-46.703960499999994,,,,2,2023-06-20T07:13:20+00:00
SAO_N801-11,São Paulo,3550308,True,,35196,,,-23.5489985,-46.6274945,,,,2,2023-06-20T07:13:16+00:00
SAO_7062-10,São Paulo,3550308,True,,34666,,,-23.6460105,-46.7721625,,,,2,2023-06-20T07:12:57+00:00
SAO_7062-10,São Paulo,3550308,True,,34666,,,-23.646132,-46.7723025,,,,2,2023-06-20T07:13:17+00:00
SAO_4312-10,São Paulo,3550308,True,,2172,,,-23.53250175,-46.52095975,,,,1,2023-06-20T07:13:17+00:00
SAO_4312-10,São Paulo,3550308,True,,2172,,,-23.537083125000002,-46.559342375,,,,1,2023-06-20T07:13:34+00:00
SAO_5317-10,São Paulo,3550308,True,,32837,,,-23.706483,-46.700525999999996,,,,2,2023-06-20T07:13:02+00:00
SAO_5317-10,São Paulo,3550308,True,,32837,,,-23.724714499999997,-46.68273,,,,2,2023-06-20T07:12:04+00:00
SAO_8055-51,São Paulo,3550308,True,EMTU,417,https://moovitapp.com/index/pt-br/transporte_p%C3%BAblico-line-417-Sao_Paulo-242-2038937-36419474-0,5.2,-23.4139315,-46.778053,,,,1,2023-06-20T07:13:16+00:00
SAO_N437-11,São Paulo,3550308,True,,2370,,,-23.565831875,-46.395407375000005,,,,1,2023-06-20T07:13:10+00:00
SAO_695X-22,São Paulo,3550308,True,,1621,,,-23.7667585,-46.71704,,,,1,2023-06-20T07:13:24+00:00
SAO_N432-11,São Paulo,3550308,True,,2365,,,-23.634128125000004,-46.471551999999996,,,,1,2023-06-20T07:13:24+00:00
SAO_5145-10,São Paulo,3550308,True,,34409,,,-23.589621,-46.5080545,,,,2,2023-06-20T07:13:33+00:00
SAO_1756-10,São Paulo,3550308,True,,33315,,,-23.4575535,-46.6438495,,,,2,2023-06-20T07:13:14+00:00
SAO_N340-11,São Paulo,3550308,True,,35120,,,-23.534503,-46.453302,,,,2,2023-06-20T07:13:29+00:00
SAO_3069-10,São Paulo,3550308,True,,984,,,-23.621265,-46.429064499999996,,,,1,2023-06-20T07:13:29+00:00
SAO_675K-10,São Paulo,3550308,True,,32966,,,-23.684307500000003,-46.770112749999996,,,,2,2023-06-20T07:13:33+00:00
SAO_675K-10,São Paulo,3550308,True,,32966,,,-23.6772025,-46.760068000000004,,,,2,2023-06-20T07:13:34+00:00
SAO_5025-10,São Paulo,3550308,True,,1564,,,-23.601353,-46.5442635,,,,1,2023-06-20T07:13:34+00:00
SAO_2721-10,São Paulo,3550308,True,,33702,,,-23.506321999999997,-46.4113545,,,,2,2023-06-20T07:13:32+00:00
SAO_2201-10,São Paulo,3550308,True,,909,,,-23.533308999999996,-46.394459999999995,,,,1,2023-06-20T07:13:32+00:00
SAO_2201-10,São Paulo,3550308,True,,909,,,-23.5324795,-46.3946915,,,,1,2023-06-20T07:12:58+00:00
SAO_N407-11,São Paulo,3550308,True,,2363,,,-23.54191,-46.5582925,,,,1,2023-06-20T07:13:07+00:00
SAO_513L-10,São Paulo,3550308,True,,34423,,,-23.5641800625,-46.6001838125,,,,2,2023-06-20T07:13:31+00:00
SAO_3739-10,São Paulo,3550308,True,,1039,,,-23.573674250000003,-46.445483749999994,,,,1,2023-06-20T07:13:21+00:00
SAO_2772-10,São Paulo,3550308,True,,33166,,,-23.4962585,-46.4528315,,,,2,2023-06-20T07:13:27+00:00
SAO_2772-10,São Paulo,3550308,True,,33166,,,-23.533080499999997,-46.543136,,,,2,2023-06-20T07:13:19+00:00
SAO_N302-11,São Paulo,3550308,True,,35104,,,-23.517815499999998,-46.475735,,,,2,2023-06-20T07:13:21+00:00
SAO_N302-11,São Paulo,3550308,True,,35104,,,-23.517572,-46.475783,,,,2,2023-06-20T07:13:17+00:00
SAO_N242-11,São Paulo,3550308,True,,35099,,,-23.50117875,-46.623563000000004,,,,2,2023-06-20T07:13:07+00:00
SAO_809U-21,São Paulo,3550308,True,,35075,,,-23.5266425,-46.66785350000001,,,,2,2023-06-20T07:13:08+00:00
SAO_372F-10,São Paulo,3550308,True,,1015,,,-23.546568,-46.605794,,,,1,2023-06-20T07:13:21+00:00
SAO_5108-10,São Paulo,3550308,True,,34443,,,-23.6496705,-46.6138115,,,,2,2023-06-20T07:13:22+00:00
SAO_5108-10,São Paulo,3550308,True,,34443,,,-23.602393499999998,-46.614915499999995,,,,2,2023-06-20T07:12:57+00:00
SAO_5108-10,São Paulo,3550308,True,,34443,,,-23.650012,-46.6139055,,,,2,2023-06-20T07:13:05+00:00
SAO_2732-10,São Paulo,3550308,True,,33715,,,-23.529743,-46.45955,,,,2,2023-06-20T07:08:45+00:00
SAO_607A-10,São Paulo,3550308,True,,34907,,,-23.661365,-46.717587,,,,2,2023-06-20T07:13:23+00:00
SAO_607A-10,São Paulo,3550308,True,,34907,,,-23.67908775,-46.68565924999999,,,,2,2023-06-20T07:13:06+00:00
SAO_6051-31,São Paulo,3550308,True,,34374,,,-23.7621455,-46.689133,,,,2,2023-06-20T07:13:14+00:00
SAO_6051-31,São Paulo,3550308,True,,34374,,,-23.7621455,-46.689133,,,,2,2023-06-20T07:13:01+00:00
SAO_8677-10,São Paulo,3550308,True,,33211,,,-23.487239000000002,-46.7323545,,,,2,2023-06-20T07:13:34+00:00
SAO_8677-10,São Paulo,3550308,True,,33211,,,-23.50320525,-46.74685325,,,,2,2023-06-20T07:13:20+00:00
SAO_8677-10,São Paulo,3550308,True,,33211,,,-23.511011500000002,-46.7276125,,,,2,2023-06-20T07:13:15+00:00
SAO_2767-10,São Paulo,3550308,True,,33009,,,-23.5075325,-46.489591250000004,,,,2,2023-06-20T07:13:18+00:00
SAO_8002-10,São Paulo,3550308,True,,34020,,,-23.5201815,-46.699853000000004,,,,2,2023-06-20T07:13:24+00:00
SAO_8002-10,São Paulo,3550308,True,,34020,,,-23.48743525,-46.73808575,,,,2,2023-06-20T07:13:15+00:00
SAO_N405-11,São Paulo,3550308,True,,2361,,,-23.5558615,-46.468648,,,,1,2023-06-20T07:13:38+00:00
SAO_476G-41,São Paulo,3550308,True,,33880,,,-23.60581125,-46.53627575,,,,2,2023-06-20T07:13:08+00:00
SAO_6042-21,São Paulo,3550308,True,,34543,,,-23.654173,-46.762701500000006,,,,2,2023-06-20T07:13:31+00:00
SAO_N141-11,São Paulo,3550308,True,,2297,,,-23.4657305,-46.6946705,,,,1,2023-06-20T07:13:16+00:00
SAO_374M-10,São Paulo,3550308,True,,1965,,,-23.542745500000002,-46.470704,,,,1,2023-06-20T07:12:58+00:00
SAO_3301-10,São Paulo,3550308,True,,34386,,,-23.5344855,-46.567983,,,,2,2023-06-20T07:13:20+00:00
SAO_3301-10,São Paulo,3550308,True,,34386,,,-23.499526250000002,-46.468301249999996,,,,2,2023-06-20T07:13:14+00:00
SAO_7550-10,São Paulo,3550308,True,,34861,,,-23.655067000000003,-46.716173125,,,,2,2023-06-20T07:13:16+00:00
SAO_5033-10,São Paulo,3550308,True,,1665,,,-23.6305025,-46.6133275,,,,1,2023-06-20T07:13:22+00:00
SAO_6L01-10,São Paulo,3550308,True,,1171,,,-23.8356085,-46.730684499999995,,,,1,2023-06-20T07:13:28+00:00
SAO_N632-11,São Paulo,3550308,True,,2397,,,-23.6886315,-46.701716,,,,1,2023-06-20T07:13:26+00:00
SAO_4033-10,São Paulo,3550308,True,,1103,,,-23.6032955,-46.5422345,,,,1,2023-06-20T07:13:06+00:00
SAO_4035-10,São Paulo,3550308,True,,35328,,,-23.559083,-46.4111555,,,,2,2023-06-20T07:12:57+00:00
SAO_7005-51,São Paulo,3550308,True,,1999,,,-23.7215235,-46.785188,,,,1,2023-06-20T07:13:22+00:00
SAO_1018-10,São Paulo,3550308,True,,832,,,-23.4582485,-46.615258,,,,1,2023-06-20T07:12:32+00:00
SAO_1018-10,São Paulo,3550308,True,,832,,,-23.460045875,-46.623538124999996,,,,1,2023-06-20T07:13:27+00:00
SAO_647A-10,São Paulo,3550308,True,,34083,,,-23.6875135,-46.800892000000005,,,,2,2023-06-20T07:12:54+00:00
SAO_647A-10,São Paulo,3550308,True,,34083,,,-23.647924,-46.7581595,,,,2,2023-06-20T07:13:01+00:00
SAO_N602-11,São Paulo,3550308,True,,2393,,,-23.671842374999997,-46.712123625000004,,,,1,2023-06-20T07:13:17+00:00
SAO_695Y-10,São Paulo,3550308,True,,33966,,,-23.8279045,-46.727655,,,,2,2023-06-20T07:13:30+00:00
SAO_695Y-10,São Paulo,3550308,True,,33966,,,-23.637275250000002,-46.693982500000004,,,,2,2023-06-20T07:13:21+00:00
SAO_695Y-10,São Paulo,3550308,True,,33966,,,-23.6995285,-46.7010475,,,,2,2023-06-20T07:13:37+00:00
SAO_N702-11,São Paulo,3550308,True,,35175,,,-23.5517905,-46.6373745,,,,2,2023-06-20T07:13:29+00:00
SAO_7545-10,São Paulo,3550308,True,,33272,,,-23.601419749999998,-46.79448587500001,,,,2,2023-06-20T07:13:02+00:00
SAO_7545-10,São Paulo,3550308,True,,33272,,,-23.574884500000003,-46.71688,,,,2,2023-06-20T07:13:38+00:00
SAO_7545-10,São Paulo,3550308,True,,33272,,,-23.549295,-46.65299950000001,,,,2,2023-06-20T07:13:10+00:00
SAO_1709-10,São Paulo,3550308,True,,33619,,,-23.479985,-46.603936000000004,,,,2,2023-06-20T07:13:14+00:00
SAO_1709-10,São Paulo,3550308,True,,33619,,,-23.479985,-46.603936000000004,,,,2,2023-06-20T07:13:25+00:00
SAO_9002-10,São Paulo,3550308,True,,870,,,-23.4579405,-46.6705775,,,,1,2023-06-20T07:13:03+00:00
SAO_8009-31,São Paulo,3550308,True,,34028,,,-23.449392,-46.732870500000004,,,,2,2023-06-20T07:13:09+00:00
SAO_253F-10,São Paulo,3550308,True,,32926,,,-23.613302,-46.4764105,,,,2,2023-06-20T07:12:54+00:00
SAO_253F-10,São Paulo,3550308,True,,32926,,,-23.613302,-46.4764105,,,,2,2023-06-20T07:12:54+00:00
SAO_253F-10,São Paulo,3550308,True,,32926,,,-23.613302,-46.4764105,,,,2,2023-06-20T07:13:31+00:00
SAO_253F-10,São Paulo,3550308,True,,32926,,,-23.613302,-46.4764105,,,,2,2023-06-20T07:13:03+00:00
SAO_253F-10,São Paulo,3550308,True,,32926,,,-23.613302,-46.4764105,,,,2,2023-06-20T07:12:40+00:00
SAO_6041-10,São Paulo,3550308,True,,1218,,,-23.690493500000002,-46.780443,,,,1,2023-06-20T07:13:20+00:00
SAO_6041-10,São Paulo,3550308,True,,1218,,,-23.690493500000002,-46.780443,,,,1,2023-06-20T07:13:18+00:00
SAO_6041-10,São Paulo,3550308,True,,1218,,,-23.690493500000002,-46.780443,,,,1,2023-06-20T07:13:28+00:00
SAO_2756-10,São Paulo,3550308,True,,33006,,,-23.511619,-46.488452,,,,2,2023-06-20T07:12:10+00:00
SAO_2756-10,São Paulo,3550308,True,,33006,,,-23.5444265,-46.390927,,,,2,2023-06-20T07:13:20+00:00
SAO_2756-10,São Paulo,3550308,True,,33006,,,-23.516451500000002,-46.419068499999995,,,,2,2023-06-20T07:12:52+00:00
SAO_2756-10,São Paulo,3550308,True,,33006,,,-23.544105000000002,-46.39120475,,,,2,2023-06-20T07:12:55+00:00
SAO_2756-10,São Paulo,3550308,True,,33006,,,-23.5444415,-46.391074,,,,2,2023-06-20T07:13:26+00:00
SAO_179X-10,São Paulo,3550308,True,,33448,,,-23.458181500000002,-46.585585,,,,2,2023-06-20T07:13:34+00:00
SAO_745M-10,São Paulo,3550308,True,,33550,,,-23.630817,-46.767892,,,,2,2023-06-20T07:13:10+00:00
SAO_478P-10,São Paulo,3550308,True,,33117,,,-23.553197812500002,-46.673207937499996,,,,2,2023-06-20T07:12:52+00:00
SAO_477A-10,São Paulo,3550308,True,EMTU,346,https://moovitapp.com/index/pt-br/transporte_p%C3%BAblico-line-346-Sao_Paulo-242-2038937-36419429-0,6.3,-23.603806499999997,-46.603359499999996,,,,1,2023-06-20T07:13:24+00:00
SAO_477A-10,São Paulo,3550308,True,EMTU,346,https://moovitapp.com/index/pt-br/transporte_p%C3%BAblico-line-346-Sao_Paulo-242-2038937-36419429-0,6.3,-23.577539625,-46.60624125,,,,1,2023-06-20T07:13:31+00:00
SAO_477A-10,São Paulo,3550308,True,EMTU,346,https://moovitapp.com/index/pt-br/transporte_p%C3%BAblico-line-346-Sao_Paulo-242-2038937-36419429-0,6.3,-23.603278500000002,-46.6036455,,,,1,2023-06-20T07:12:59+00:00
SAO_118C-10,São Paulo,3550308,True,,33287,,,-23.497078000000002,-46.6273925,,,,2,2023-06-20T07:13:05+00:00
SAO_2678-10,São Paulo,3550308,True,,33151,,,-23.50752,-46.4795465,,,,2,2023-06-20T07:13:14+00:00
SAO_2678-10,São Paulo,3550308,True,,33151,,,-23.4938845,-46.37678150000001,,,,2,2023-06-20T07:13:17+00:00
SAO_2678-10,São Paulo,3550308,True,,33151,,,-23.537573000000002,-46.596209375,,,,2,2023-06-20T07:12:53+00:00
SAO_2678-10,São Paulo,3550308,True,,33151,,,-23.5339745,-46.5665295,,,,2,2023-06-20T07:13:33+00:00
SAO_709M-10,São Paulo,3550308,True,,35230,,,-23.618018499999998,-46.697607375000004,,,,2,2023-06-20T07:13:12+00:00
SAO_709M-10,São Paulo,3550308,True,,35230,,,-23.566688,-46.701549,,,,2,2023-06-20T07:12:58+00:00
SAO_N235-11,São Paulo,3550308,True,,2324,,,-23.463883875,-46.653815375,,,,1,2023-06-20T07:13:30+00:00
SAO_8019-31,São Paulo,3550308,True,,35342,,,-23.5774765,-46.7499375,,,,2,2023-06-20T07:13:31+00:00
SAO_6250-10,São Paulo,3550308,True,,33236,,,-23.597096,-46.7681435,,,,2,2023-06-20T07:12:58+00:00
SAO_106A-10,São Paulo,3550308,True,,33284,,,-23.57357475,-46.6664145,,,,2,2023-06-20T07:13:35+00:00
SAO_2435-10,São Paulo,3550308,True,Cidade de Caieiras,210,https://moovitapp.com/index/pt-br/transporte_p%C3%BAblico-line-210-Sao_Paulo-242-868761-496408-0,5.0,-23.5293535,-46.479913499999995,,,,1,2023-06-20T07:12:55+00:00
SAO_2435-10,São Paulo,3550308,True,Cidade de Caieiras,210,https://moovitapp.com/index/pt-br/transporte_p%C3%BAblico-line-210-Sao_Paulo-242-868761-496408-0,5.0,-23.5293535,-46.479913499999995,,,,1,2023-06-20T07:13:07+00:00
SAO_N304-11,São Paulo,3550308,True,,2338,,,-23.5288685,-46.554319,,,,1,2023-06-20T07:13:10+00:00
SAO_209P-1,São Paulo,3550308,True,,2301,,,-23.4705675,-46.6705775,,,,1,2023-06-20T07:13:16+00:00
SAO_209P-1,São Paulo,3550308,True,,2301,,,-23.47180475,-46.67047275,,,,1,2023-06-20T07:12:55+00:00
SAO_675L-10,São Paulo,3550308,True,,34246,,,-23.598484,-46.636875,,,,2,2023-06-20T07:13:00+00:00
SAO_675L-10,São Paulo,3550308,True,,34246,,,-23.637971375,-46.69459475000001,,,,2,2023-06-20T07:13:25+00:00
SAO_675L-10,São Paulo,3550308,True,,34246,,,-23.598484,-46.636875,,,,2,2023-06-20T07:13:29+00:00
SAO_5106-21,São Paulo,3550308,True,,34740,,,-23.687373,-46.6551775,,,,2,2023-06-20T07:13:06+00:00
SAO_N234-11,São Paulo,3550308,True,,2323,,,-23.4568955,-46.597817000000006,,,,1,2023-06-20T07:10:48+00:00
SAO_6L11-10,São Paulo,3550308,True,,1167,,,-23.734681375,-46.694479375,,,,1,2023-06-20T07:13:36+00:00
SAO_6L11-10,São Paulo,3550308,True,,1167,,,-23.779988,-46.6464835,,,,1,2023-06-20T07:13:33+00:00
SAO_6821-10,São Paulo,3550308,True,BR7 Mobilidade,21,https://moovitapp.com/index/pt-br/transporte_p%C3%BAblico-line-21-Sao_Paulo-242-851856-707765-0,5.75,-23.654274,-46.7625595,,,,1,2023-06-20T07:13:05+00:00
SAO_208V-10,São Paulo,3550308,True,Rápido Campinas,207,https://moovitapp.com/index/pt-br/transporte_p%C3%BAblico-line-207-Sao_Paulo-242-858660-638984-0,5.3,-23.517753,-46.475941500000005,,,,1,2023-06-20T07:13:19+00:00
SAO_208V-10,São Paulo,3550308,True,Rápido Campinas,207,https://moovitapp.com/index/pt-br/transporte_p%C3%BAblico-line-207-Sao_Paulo-242-858660-638984-0,5.3,-23.517753,-46.475941500000005,,,,1,2023-06-20T07:13:22+00:00
SAO_208V-10,São Paulo,3550308,True,Rápido Campinas,207,https://moovitapp.com/index/pt-br/transporte_p%C3%BAblico-line-207-Sao_Paulo-242-858660-638984-0,5.3,-23.517753,-46.475941500000005,,,,1,2023-06-20T07:13:16+00:00
SAO_208V-10,São Paulo,3550308,True,Rápido Campinas,207,https://moovitapp.com/index/pt-br/transporte_p%C3%BAblico-line-207-Sao_Paulo-242-858660-638984-0,5.3,-23.517753,-46.475941500000005,,,,1,2023-06-20T07:12:45+00:00
SAO_4210-10,São Paulo,3550308,True,,34938,,,-23.5946685,-46.4467675,,,,2,2023-06-20T07:13:21+00:00
SAO_4210-10,São Paulo,3550308,True,,34938,,,-23.538832,-46.555271749999996,,,,2,2023-06-20T07:13:26+00:00
SAO_4210-10,São Paulo,3550308,True,,34938,,,-23.53286275,-46.5607805,,,,2,2023-06-20T07:13:23+00:00
SAO_938C-10,São Paulo,3550308,True,,33354,,,-23.4435605,-46.7129695,,,,2,2023-06-20T07:13:10+00:00
SAO_N738-11,São Paulo,3550308,True,,2419,,,-23.685276,-46.741823499999995,,,,1,2023-06-20T07:13:14+00:00
SAO_N535-11,São Paulo,3550308,True,,35155,,,-23.602717,-46.602317,,,,2,2023-06-20T07:13:15+00:00
SAO_6047-10,São Paulo,3550308,True,,1224,,,-23.6687965,-46.764152499999994,,,,1,2023-06-20T07:13:15+00:00
SAO_874T-10,São Paulo,3550308,True,EMTU,307,https://moovitapp.com/index/pt-br/transporte_p%C3%BAblico-line-307-Sao_Paulo-242-2038937-36419399-0,5.2,-23.549818375,-46.65974075,,,,1,2023-06-20T07:13:17+00:00
SAO_917H-10,São Paulo,3550308,True,STT,456,https://moovitapp.com/index/pt-br/transporte_p%C3%BAblico-line-456-Sao_Paulo-242-850661-10416524-0,5.3,-23.485525000000003,-46.725356500000004,,,,1,2023-06-20T07:13:36+00:00
SAO_917H-10,São Paulo,3550308,True,STT,456,https://moovitapp.com/index/pt-br/transporte_p%C3%BAblico-line-456-Sao_Paulo-242-850661-10416524-0,5.3,-23.486576499999998,-46.737948,,,,1,2023-06-20T07:12:50+00:00
SAO_3751-10,São Paulo,3550308,True,,33815,,,-23.56097375,-46.420145500000004,,,,2,2023-06-20T07:13:31+00:00
SAO_3751-10,São Paulo,3550308,True,,33815,,,-23.552173874999998,-46.44348475,,,,2,2023-06-20T07:13:17+00:00
SAO_N142-11,São Paulo,3550308,True,,2298,,,-23.48507875,-46.695949999999996,,,,1,2023-06-20T07:12:56+00:00
SAO_6074-10,São Paulo,3550308,True,,33929,,,-23.734608,-46.6640375,,,,2,2023-06-20T07:12:58+00:00
SAO_3721-10,São Paulo,3550308,True,,1019,,,-23.5622725,-46.493492,,,,1,2023-06-20T07:13:05+00:00
SAO_N732-11,São Paulo,3550308,True,,2413,,,-23.730048500000002,-46.790898999999996,,,,1,2023-06-20T07:12:56+00:00
SAO_701A-10,São Paulo,3550308,True,,689,,,-23.473947,-46.5664555,,,,1,2023-06-20T07:13:22+00:00
SAO_5178-10,São Paulo,3550308,True,,33363,,,-23.667981125,-46.652401749999996,,,,2,2023-06-20T07:12:54+00:00
SAO_3737-10,São Paulo,3550308,True,,1037,,,-23.5392545,-46.5150275,,,,1,2023-06-20T07:12:40+00:00
SAO_N638-11,São Paulo,3550308,True,,2403,,,-23.73027875,-46.708003500000004,,,,1,2023-06-20T07:13:08+00:00
SAO_N135-11,São Paulo,3550308,True,,2291,,,-23.448806124999997,-46.72165625000001,,,,1,2023-06-20T07:12:58+00:00
SAO_172K-10,São Paulo,3550308,True,,33625,,,-23.4579565,-46.602463,,,,2,2023-06-20T07:13:05+00:00
SAO_6505-10,São Paulo,3550308,True,,1450,,,-23.668707,-46.7352225,,,,1,2023-06-20T07:13:04+00:00
SAO_3762-10,São Paulo,3550308,True,,1053,,,-23.591546,-46.5161705,,,,1,2023-06-20T07:13:05+00:00
SAO_4013-10,São Paulo,3550308,True,,34954,,,-23.628946,-46.445373000000004,,,,2,2023-06-20T07:13:03+00:00
SAO_4013-10,São Paulo,3550308,True,,34954,,,-23.61275,-46.476256,,,,2,2023-06-20T07:13:07+00:00
SAO_476A-10,São Paulo,3550308,True,,33072,,,-23.603121,-46.615393499999996,,,,2,2023-06-20T07:13:26+00:00
SAO_N243-11,São Paulo,3550308,True,,35100,,,-23.500557,-46.6154065,,,,2,2023-06-20T07:09:36+00:00
SAO_2552-10,São Paulo,3550308,True,,32910,,,-23.509086,-46.4956995,,,,2,2023-06-20T07:13:09+00:00
SAO_2552-10,São Paulo,3550308,True,,32910,,,-23.484016500000003,-46.41815,,,,2,2023-06-20T07:13:26+00:00
SAO_6913-10,São Paulo,3550308,True,,34233,,,-23.750782,-46.710551,,,,2,2023-06-20T07:13:29+00:00
SAO_N240-11,São Paulo,3550308,True,,35097,,,-23.502404499999997,-46.6235925,,,,2,2023-06-20T07:13:27+00:00
SAO_N202-11,São Paulo,3550308,True,,35080,,,-23.5025625,-46.624213,,,,2,2023-06-20T07:13:21+00:00
SAO_978J-10,São Paulo,3550308,True,EMTU,591,https://moovitapp.com/index/pt-br/transporte_p%C3%BAblico-line-591-Sao_Paulo-242-2038937-36419577-0,5.4,-23.4488545,-46.7338295,,,,1,2023-06-20T07:13:25+00:00
SAO_2772-10,São Paulo,3550308,True,,398,,,-23.5235135,-46.410546499999995,,,,1,2023-06-20T07:13:32+00:00
SAO_675X-10,São Paulo,3550308,True,EMTU,111,https://moovitapp.com/index/pt-br/transporte_p%C3%BAblico-line-111-Sao_Paulo-242-2038937-36419271-0,5.1,-23.737689500000002,-46.697986,,,,1,2023-06-20T07:13:25+00:00
SAO_675X-10,São Paulo,3550308,True,EMTU,111,https://moovitapp.com/index/pt-br/transporte_p%C3%BAblico-line-111-Sao_Paulo-242-2038937-36419271-0,5.1,-23.737689500000002,-46.697986,,,,1,2023-06-20T07:13:03+00:00
SAO_N532-11,São Paulo,3550308,True,,2384,,,-23.6141215,-46.501234,,,,1,2023-06-20T07:12:56+00:00
SAO_6046-10,São Paulo,3550308,True,,33991,,,-23.683948,-46.7815925,,,,2,2023-06-20T07:13:24+00:00
SAO_N635-11,São Paulo,3550308,True,,2400,,,-23.755194,-46.6776735,,,,1,2023-06-20T07:13:17+00:00
SAO_N433-11,São Paulo,3550308,True,,2366,,,-23.562165999999998,-46.54921,,,,1,2023-06-20T07:13:18+00:00
SAO_6813-10,São Paulo,3550308,True,BR7 Mobilidade,33,https://moovitapp.com/index/pt-br/transporte_p%C3%BAblico-line-33-Sao_Paulo-242-851856-529134-0,5.75,-23.6541265,-46.7631545,,,,1,2023-06-20T07:13:17+00:00
SAO_8215-10,São Paulo,3550308,True,,33342,,,-23.501602,-46.6869055,,,,2,2023-06-20T07:13:25+00:00
SAO_1773-10,São Paulo,3550308,True,,33405,,,-23.4821475,-46.6301225,,,,2,2023-06-20T07:13:03+00:00
SAO_N205-11,São Paulo,3550308,True,,35083,,,-23.4751435,-46.6696965,,,,2,2023-06-20T07:13:33+00:00
SAO_N205-11,São Paulo,3550308,True,,35083,,,-23.4742495,-46.669781,,,,2,2023-06-20T07:13:05+00:00
SAO_6010-10,São Paulo,3550308,True,,1202,,,-23.6938785,-46.7945825,,,,1,2023-06-20T07:13:15+00:00
SAO_6010-10,São Paulo,3550308,False,,1202,,,-23.6938785,-46.7945825,,,,1,2023-06-20T07:13:26+00:00
SAO_N801-11,São Paulo,3550308,True,,2428,,,-23.571626000000002,-46.695611,,,,1,2023-06-20T07:13:39+00:00
SAO_N239-11,São Paulo,3550308,True,,2328,,,-23.480383,-46.602609,,,,1,2023-06-20T07:13:25+00:00
SAO_7062-31,São Paulo,3550308,True,,34682,,,-23.6463475,-46.7730035,,,,2,2023-06-20T07:12:55+00:00
SAO_7062-31,São Paulo,3550308,True,,34682,,,-23.6463915,-46.7728495,,,,2,2023-06-20T07:13:05+00:00
SAO_5105-10,São Paulo,3550308,True,,34419,,,-23.6034985,-46.601729000000006,,,,2,2023-06-20T07:13:33+00:00
SAO_5105-10,São Paulo,3550308,True,,34419,,,-23.6034215,-46.602013,,,,2,2023-06-20T07:13:21+00:00
SAO_5105-10,São Paulo,3550308,True,,34419,,,-23.603538999999998,-46.601470500000005,,,,2,2023-06-20T07:13:31+00:00
SAO_N742-11,São Paulo,3550308,True,,35191,,,-23.6440135,-46.734696,,,,2,2023-06-20T07:13:31+00:00
SAO_3112-10,São Paulo,3550308,True,,33848,,,-23.6103715,-46.529692,,,,2,2023-06-20T07:13:26+00:00
SAO_274P-10,São Paulo,3550308,True,,33000,,,-23.523795749999998,-46.5478295,,,,2,2023-06-20T07:13:37+00:00
SAO_6822-10,São Paulo,3550308,True,Del Rey,22,https://moovitapp.com/index/pt-br/transporte_p%C3%BAblico-line-22-Sao_Paulo-242-868760-496394-0,4.5,-23.654,-46.762946,,,,1,2023-06-20T07:13:39+00:00
SAO_6822-10,São Paulo,3550308,True,Del Rey,22,https://moovitapp.com/index/pt-br/transporte_p%C3%BAblico-line-22-Sao_Paulo-242-868760-496394-0,4.5,-23.653551,-46.777357,,,,1,2023-06-20T07:13:05+00:00
SAO_8007-10,São Paulo,3550308,True,,34025,,,-23.467903999999997,-46.7507565,,,,2,2023-06-20T07:13:28+00:00
SAO_TREI-10,São Paulo,3550308,True,,35257,,,-23.649334,-46.6137015,,,,2,2023-06-20T07:13:33+00:00
SAO_TREI-10,São Paulo,3550308,True,,35257,,,-23.594777,-46.5478045,,,,2,2023-06-20T07:13:13+00:00
SAO_233C-10,São Paulo,3550308,True,,155,,,-23.52438525,-46.475050749999994,,,,1,2023-06-20T07:13:13+00:00
SAO_233C-10,São Paulo,3550308,True,,155,,,-23.523995749999997,-46.47512025,,,,1,2023-06-20T07:13:27+00:00
SAO_233C-10,São Paulo,3550308,True,,155,,,-23.556135750000003,-46.56021375,,,,1,2023-06-20T07:12:59+00:00
SAO_3738-10,São Paulo,3550308,True,,33806,,,-23.5642765,-46.4132625,,,,2,2023-06-20T07:13:05+00:00
SAO_3738-10,São Paulo,3550308,True,,33806,,,-23.5422585,-46.470022,,,,2,2023-06-20T07:13:15+00:00
SAO_9354-10,São Paulo,3550308,True,,33476,,,-23.54010325,-46.63964575,,,,2,2023-06-20T07:13:03+00:00
SAO_9354-10,São Paulo,3550308,True,,33476,,,-23.4889455,-46.65128,,,,2,2023-06-20T07:13:21+00:00
SAO_6037-10,São Paulo,3550308,True,,1215,,,-23.6493575,-46.7848365,,,,1,2023-06-20T07:12:56+00:00
SAO_6037-10,São Paulo,3550308,True,,1215,,,-23.6494785,-46.784633,,,,1,2023-06-20T07:13:25+00:00
SAO_6037-10,São Paulo,3550308,True,,1215,,,-23.6493575,-46.7848365,,,,1,2023-06-20T07:13:27+00:00
SAO_6037-10,São Paulo,3550308,True,,1215,,,-23.6493575,-46.7848365,,,,1,2023-06-20T07:12:58+00:00
SAO_6837-10,São Paulo,3550308,True,,32774,,,-23.641017,-46.76158,,,,2,2023-06-20T07:13:16+00:00
SAO_6837-10,São Paulo,3550308,True,,32774,,,-23.615271999999997,-46.756175999999996,,,,2,2023-06-20T07:12:58+00:00
SAO_3027-10,São Paulo,3550308,True,,963,,,-23.5431935,-46.4152505,,,,1,2023-06-20T07:13:07+00:00
SAO_N706-11,São Paulo,3550308,True,,2411,,,-23.5659085,-46.701803,,,,1,2023-06-20T07:13:10+00:00
SAO_5107-10,São Paulo,3550308,True,,34427,,,-23.541404999999997,-46.634397500000006,,,,2,2023-06-20T07:13:16+00:00
SAO_502J-10,São Paulo,3550308,True,,1275,,,-23.65505625,-46.668234,,,,1,2023-06-20T07:08:44+00:00
SAO_N601-11,São Paulo,3550308,True,,35160,,,-23.5495475,-46.638721000000004,,,,2,2023-06-20T07:13:34+00:00
SAO_6812-10,São Paulo,3550308,True,,1242,,,-23.6857005,-46.7702335,,,,1,2023-06-20T07:13:27+00:00
SAO_N331-11,São Paulo,3550308,True,,35111,,,-23.501130500000002,-46.450627749999995,,,,2,2023-06-20T07:12:26+00:00
SAO_107T-10,São Paulo,3550308,True,,33389,,,-23.5466395,-46.639284,,,,2,2023-06-20T07:13:34+00:00
SAO_233C-10,São Paulo,3550308,True,,32923,,,-23.5243065,-46.47496075,,,,2,2023-06-20T07:13:16+00:00
SAO_N307-11,São Paulo,3550308,True,,2341,,,-23.565806000000002,-46.7018425,,,,1,2023-06-20T07:13:08+00:00
SAO_N307-11,São Paulo,3550308,True,,2341,,,-23.557935125,-46.660014249999996,,,,1,2023-06-20T07:13:35+00:00
SAO_5611-10,São Paulo,3550308,True,,33366,,,-23.631489000000002,-46.6691125,,,,2,2023-06-20T07:13:28+00:00
SAO_5611-10,São Paulo,3550308,True,,33366,,,-23.6866635,-46.6809535,,,,2,2023-06-20T07:12:59+00:00
SAO_5036-10,São Paulo,3550308,True,,34434,,,-23.6496705,-46.6138115,,,,2,2023-06-20T07:13:23+00:00
SAO_917H-10,São Paulo,3550308,True,,33224,,,-23.5407465,-46.7154805,,,,2,2023-06-20T07:13:18+00:00
SAO_917H-10,São Paulo,3550308,True,,33224,,,-23.530085375,-46.731711000000004,,,,2,2023-06-20T07:13:27+00:00
SAO_917H-10,São Paulo,3550308,True,,33224,,,-23.48692225,-46.726247,,,,2,2023-06-20T07:13:05+00:00
SAO_7053-10,São Paulo,3550308,True,,1887,,,-23.640779000000002,-46.7825665,,,,1,2023-06-20T07:13:00+00:00
SAO_7053-10,São Paulo,3550308,True,,1887,,,-23.654132500000003,-46.788232,,,,1,2023-06-20T07:13:06+00:00
SAO_7053-10,São Paulo,3550308,True,,1887,,,-23.640779000000002,-46.7825665,,,,1,2023-06-20T07:12:57+00:00
SAO_7053-10,São Paulo,3550308,True,,1887,,,-23.640779000000002,-46.7825665,,,,1,2023-06-20T07:13:16+00:00
SAO_5300-10,São Paulo,3550308,True,,33122,,,-23.547731,-46.6300275,,,,2,2023-06-20T07:13:38+00:00
SAO_5300-10,São Paulo,3550308,True,,33122,,,-23.547731,-46.6300275,,,,2,2023-06-20T07:13:28+00:00
SAO_6091-10,São Paulo,3550308,True,,1175,,,-23.66784925,-46.705284250000005,,,,1,2023-06-20T07:13:21+00:00
SAO_6091-10,São Paulo,3550308,True,,1175,,,-23.773636,-46.720771,,,,1,2023-06-20T07:13:13+00:00
SAO_6091-10,São Paulo,3550308,True,,1175,,,-23.8425995,-46.717545,,,,1,2023-06-20T07:13:21+00:00
SAO_7059-10,São Paulo,3550308,True,,1924,,,-23.6316405,-46.772316,,,,1,2023-06-20T07:13:36+00:00
SAO_7059-10,São Paulo,3550308,True,,1924,,,-23.653551,-46.777357,,,,1,2023-06-20T07:13:36+00:00
SAO_3051-10,São Paulo,3550308,True,,35214,,,-23.517118,-46.475767000000005,,,,2,2023-06-20T07:13:37+00:00
SAO_N833-11,São Paulo,3550308,True,,2432,,,-23.52899375,-46.73804575,,,,1,2023-06-20T07:13:21+00:00
SAO_809H-10,São Paulo,3550308,True,,2245,,,-23.549901937500003,-46.7388568125,,,,1,2023-06-20T07:13:25+00:00
SAO_2010-10,São Paulo,3550308,True,,34872,,,-23.485908,-46.592437499999996,,,,2,2023-06-20T07:12:54+00:00
SAO_7013-10,São Paulo,3550308,True,,33543,,,-23.611905999999998,-46.7543235,,,,2,2023-06-20T07:12:56+00:00
SAO_5109-10,São Paulo,3550308,True,,34619,,,-23.546896,-46.629020999999995,,,,2,2023-06-20T07:13:32+00:00
SAO_5109-10,São Paulo,3550308,True,,34619,,,-23.547353,-46.6287365,,,,2,2023-06-20T07:13:09+00:00
SAO_5108-10,São Paulo,3550308,True,,1675,,,-23.660891,-46.6208585,,,,1,2023-06-20T07:13:18+00:00
SAO_5108-10,São Paulo,3550308,True,,1675,,,-23.650569,-46.614115999999996,,,,1,2023-06-20T07:12:56+00:00
SAO_N131-11,São Paulo,3550308,True,,2287,,,-23.515731000000002,-46.737017,,,,1,2023-06-20T07:13:22+00:00
SAO_477A-10,São Paulo,3550308,True,,33114,,,-23.603827000000003,-46.602784,,,,2,2023-06-20T07:13:16+00:00
SAO_477A-10,São Paulo,3550308,True,,33114,,,-23.57191325,-46.65340125,,,,2,2023-06-20T07:13:20+00:00
SAO_477A-10,São Paulo,3550308,True,,33114,,,-23.567496,-46.6940125,,,,2,2023-06-20T07:13:31+00:00
SAO_3791-10,São Paulo,3550308,True,,1069,,,-23.562116500000002,-46.509861,,,,1,2023-06-20T07:13:17+00:00
SAO_5034-10,São Paulo,3550308,True,,1663,,,-23.643035500000003,-46.589999500000005,,,,1,2023-06-20T07:13:03+00:00
SAO_6012-10,São Paulo,3550308,True,,33972,,,-23.686754,-46.7876415,,,,2,2023-06-20T07:13:23+00:00
SAO_1012-10,São Paulo,3550308,True,,35254,,,-23.4445685,-46.799499499999996,,,,2,2023-06-20T07:13:28+00:00
SAO_4001-10,São Paulo,3550308,True,,34944,,,-23.537301,-46.443381,,,,2,2023-06-20T07:13:04+00:00
SAO_5757-51,São Paulo,3550308,True,,1976,,,-23.7079895,-46.641386499999996,,,,1,2023-06-20T07:12:40+00:00
SAO_5757-51,São Paulo,3550308,True,,1976,,,-23.7079895,-46.641386499999996,,,,1,2023-06-20T07:12:55+00:00
SAO_5757-51,São Paulo,3550308,True,,1976,,,-23.7079895,-46.641386499999996,,,,1,2023-06-20T07:13:08+00:00
SAO_2703-10,São Paulo,3550308,True,,33683,,,-23.529125,-46.4206985,,,,2,2023-06-20T07:13:06+00:00
SAO_2703-10,São Paulo,3550308,True,,33683,,,-23.5332825,-46.451439,,,,2,2023-06-20T07:13:20+00:00
SAO_695Y-10,São Paulo,3550308,True,,1198,,,-23.5894045,-46.634211,,,,1,2023-06-20T07:13:08+00:00
SAO_695Y-10,São Paulo,3550308,True,,1198,,,-23.76621725,-46.717002750000006,,,,1,2023-06-20T07:13:29+00:00
SAO_695Y-10,São Paulo,3550308,True,,1198,,,-23.7413415,-46.705742,,,,1,2023-06-20T07:13:28+00:00
SAO_N505-11,São Paulo,3550308,True,,35147,,,-23.59829175,-46.668440875,,,,2,2023-06-20T07:13:29+00:00
SAO_5614-10,São Paulo,3550308,True,,34283,,,-23.6746865625,-46.6756479375,,,,2,2023-06-20T07:13:34+00:00
SAO_2201-10,São Paulo,3550308,True,,33677,,,-23.532773499999998,-46.394621,,,,2,2023-06-20T07:13:02+00:00
SAO_5370-10,São Paulo,3550308,True,,1442,,,-23.7673145,-46.7161625,,,,1,2023-06-20T07:13:35+00:00
SAO_1772-10,São Paulo,3550308,True,,33403,,,-23.474482000000002,-46.599232,,,,2,2023-06-20T07:13:10+00:00
SAO_N704-11,São Paulo,3550308,True,,2409,,,-23.645292625000003,-46.71380275,,,,1,2023-06-20T07:13:39+00:00
SAO_6L10-10,São Paulo,3550308,True,,33927,,,-23.808874000000003,-46.764905999999996,,,,2,2023-06-20T07:13:20+00:00
SAO_8015-10,São Paulo,3550308,True,,1345,,,-23.426400375,-46.724796125,,,,1,2023-06-20T07:13:36+00:00
SAO_8015-10,São Paulo,3550308,True,,1345,,,-23.486457,-46.7270195,,,,1,2023-06-20T07:13:17+00:00
SAO_4053-10,São Paulo,3550308,True,,2146,,,-23.5529695,-46.3943265,,,,1,2023-06-20T07:13:07+00:00
SAO_4053-10,São Paulo,3550308,True,,2146,,,-23.553117999999998,-46.394191,,,,1,2023-06-20T07:12:55+00:00
SAO_307C-10,São Paulo,3550308,True,,34882,,,-23.504179,-46.396775500000004,,,,2,2023-06-20T07:12:55+00:00
SAO_307C-10,São Paulo,3550308,True,,34882,,,-23.51758025,-46.38544025,,,,2,2023-06-20T07:13:09+00:00
SAO_307C-10,São Paulo,3550308,True,,34882,,,-23.503643,-46.380181,,,,2,2023-06-20T07:13:21+00:00
SAO_373T-10,São Paulo,3550308,True,,1091,,,-23.546762,-46.606140999999994,,,,1,2023-06-20T07:13:21+00:00
SAO_3756-10,São Paulo,3550308,True,,33818,,,-23.56408175,-46.4090665,,,,2,2023-06-20T07:13:21+00:00
SAO_778J-10,São Paulo,3550308,True,,33276,,,-23.56691,-46.754742500000006,,,,2,2023-06-20T07:13:35+00:00
SAO_311C-10,São Paulo,3550308,True,,33077,,,-23.583471000000003,-46.586447,,,,2,2023-06-20T07:13:26+00:00
SAO_9023-10,São Paulo,3550308,True,,34205,,,-23.4286635,-46.714755499999995,,,,2,2023-06-20T07:13:30+00:00
SAO_9023-10,São Paulo,3550308,True,,34205,,,-23.4197105,-46.7166475,,,,2,2023-06-20T07:13:08+00:00
SAO_1771-10,São Paulo,3550308,True,,33402,,,-23.436971,-46.5857115,,,,2,2023-06-20T07:12:55+00:00
SAO_1726-10,São Paulo,3550308,True,,34171,,,-23.4385845,-46.5835835,,,,2,2023-06-20T07:11:57+00:00
SAO_2060-10,São Paulo,3550308,True,EMTU,134,https://moovitapp.com/index/pt-br/transporte_p%C3%BAblico-line-134-Sao_Paulo-242-2038937-36419287-0,5.2,-23.52375,-46.4749075,,,,1,2023-06-20T07:13:03+00:00
SAO_3063-10,São Paulo,3550308,True,,33021,,,-23.544784,-46.4105195,,,,2,2023-06-20T07:13:29+00:00
SAO_875A-10,São Paulo,3550308,True,,609,,,-23.565940499999996,-46.6509805,,,,1,2023-06-20T07:13:21+00:00
SAO_647P-10,São Paulo,3550308,True,,34084,,,-23.66959175,-46.776620375,,,,2,2023-06-20T07:13:28+00:00
SAO_6084-10,São Paulo,3550308,True,,1169,,,-23.7785175,-46.6841145,,,,1,2023-06-20T07:13:07+00:00
SAO_8194-10,São Paulo,3550308,True,,33573,,,-23.4140305,-46.7530803125,,,,2,2023-06-20T07:13:03+00:00
SAO_637P-10,São Paulo,3550308,True,,47,,,-23.6541465,-46.711351,,,,1,2023-06-20T07:13:33+00:00
SAO_637P-10,São Paulo,3550308,True,,47,,,-23.6541465,-46.711351,,,,1,2023-06-20T07:13:38+00:00
SAO_N837-11,São Paulo,3550308,True,,2436,,,-23.609831875,-46.742713249999994,,,,1,2023-06-20T07:13:02+00:00
SAO_573T-10,São Paulo,3550308,True,,34400,,,-23.6015735,-46.492232,,,,2,2023-06-20T07:13:38+00:00
SAO_6073-10,São Paulo,3550308,True,,1160,,,-23.7991985,-46.7313365,,,,1,2023-06-20T07:13:04+00:00
SAO_6073-10,São Paulo,3550308,True,,1160,,,-23.849037000000003,-46.696957499999996,,,,1,2023-06-20T07:13:35+00:00
SAO_N705-11,São Paulo,3550308,True,,35178,,,-23.571728999999998,-46.701437999999996,,,,2,2023-06-20T07:13:17+00:00
SAO_N334-11,São Paulo,3550308,True,,35114,,,-23.51024125,-46.438597,,,,2,2023-06-20T07:12:53+00:00
SAO_3721-41,São Paulo,3550308,True,,1693,,,-23.5579705,-46.495577999999995,,,,1,2023-06-20T07:13:02+00:00
SAO_6815-10,São Paulo,3550308,True,BR7 Mobilidade,25,https://moovitapp.com/index/pt-br/transporte_p%C3%BAblico-line-25-Sao_Paulo-242-851856-758720-0,5.75,-23.654101,-46.763310000000004,,,,1,2023-06-20T07:13:13+00:00
SAO_N435-11,São Paulo,3550308,True,,35136,,,-23.603191,-46.4046235,,,,2,2023-06-20T07:12:58+00:00
SAO_6099-10,São Paulo,3550308,True,,34355,,,-23.843864,-46.7435405,,,,2,2023-06-20T07:13:33+00:00
SAO_7245-10,São Paulo,3550308,True,EMTU,363,https://moovitapp.com/index/pt-br/transporte_p%C3%BAblico-line-363-Sao_Paulo-242-2038937-36419444-0,5.1,-23.654266,-46.711191,,,,1,2023-06-20T07:13:39+00:00
SAO_314J-10,São Paulo,3550308,True,,33078,,,-23.605895,-46.513215,,,,2,2023-06-20T07:13:07+00:00
SAO_9300-10,São Paulo,3550308,True,,32884,,,-23.503420875,-46.667206875000005,,,,2,2023-06-20T07:13:31+00:00
SAO_2058-10,São Paulo,3550308,True,,33027,,,-23.494554,-46.42565275,,,,2,2023-06-20T07:13:10+00:00
SAO_N407-11,São Paulo,3550308,True,,35131,,,-23.543872,-46.56275775,,,,2,2023-06-20T07:10:34+00:00
SAO_4742-10,São Paulo,3550308,True,EMTU,342,https://moovitapp.com/index/pt-br/transporte_p%C3%BAblico-line-342-Sao_Paulo-242-2038937-36419426-0,7.55,-23.6496705,-46.6138115,,,,1,2023-06-20T07:12:54+00:00
SAO_3539-10,São Paulo,3550308,True,,33516,,,-23.5947445,-46.427139374999996,,,,2,2023-06-20T07:12:55+00:00
SAO_3539-10,São Paulo,3550308,True,,33516,,,-23.5433745,-46.472797,,,,2,2023-06-20T07:13:32+00:00
SAO_778R-10,São Paulo,3550308,True,EMTU,509,https://moovitapp.com/index/pt-br/transporte_p%C3%BAblico-line-509-Sao_Paulo-242-2038937-36419531-0,4.95,-23.584054125,-46.783584000000005,,,,1,2023-06-20T07:13:23+00:00
SAO_778R-10,São Paulo,3550308,True,EMTU,509,https://moovitapp.com/index/pt-br/transporte_p%C3%BAblico-line-509-Sao_Paulo-242-2038937-36419531-0,4.95,-23.5605665,-46.671968,,,,1,2023-06-20T07:13:16+00:00
SAO_6003-10,São Paulo,3550308,True,,34240,,,-23.7332515,-46.697461000000004,,,,2,2023-06-20T07:11:22+00:00
SAO_3739-10,São Paulo,3550308,True,,33807,,,-23.6198635,-46.4113495,,,,2,2023-06-20T07:13:28+00:00
SAO_7057-10,São Paulo,3550308,True,,1897,,,-23.649582000000002,-46.784457,,,,1,2023-06-20T07:13:18+00:00
SAO_N736-11,São Paulo,3550308,True,,2417,,,-23.731465,-46.78581,,,,1,2023-06-20T07:13:00+00:00
SAO_6063-21,São Paulo,3550308,True,,34769,,,-23.7690195,-46.715415500000006,,,,2,2023-06-20T07:12:07+00:00
SAO_2769-10,São Paulo,3550308,True,,33165,,,-23.507898750000003,-46.49195975,,,,2,2023-06-20T07:13:18+00:00
SAO_2769-10,São Paulo,3550308,True,,33165,,,-23.487247500000002,-46.437167625,,,,2,2023-06-20T07:12:52+00:00
SAO_5391-22,São Paulo,3550308,True,,34546,,,-23.692036,-46.776298499999996,,,,2,2023-06-20T07:13:35+00:00
SAO_N406-11,São Paulo,3550308,True,,35130,,,-23.5952665,-46.4305515,,,,2,2023-06-20T07:13:23+00:00
SAO_3741-10,São Paulo,3550308,True,,1041,,,-23.552296375,-46.45134875,,,,1,2023-06-20T07:13:05+00:00
SAO_3741-10,São Paulo,3550308,True,,1041,,,-23.542065,-46.449332,,,,1,2023-06-20T07:13:05+00:00
SAO_N538-11,São Paulo,3550308,True,,2390,,,-23.636171,-46.614439000000004,,,,1,2023-06-20T07:13:29+00:00
SAO_576C-10,São Paulo,3550308,True,,34058,,,-23.6466305,-46.6450555,,,,2,2023-06-20T07:13:18+00:00
SAO_576C-10,São Paulo,3550308,True,,34058,,,-23.678556999999998,-46.685034,,,,2,2023-06-20T07:13:36+00:00
SAO_5035-10,São Paulo,3550308,True,,1668,,,-23.6373265,-46.5925755,,,,1,2023-06-20T07:13:36+00:00
SAO_709A-10,São Paulo,3550308,True,,34860,,,-23.580710500000002,-46.664289499999995,,,,2,2023-06-20T07:13:14+00:00
SAO_6030-10,São Paulo,3550308,True,,33910,,,-23.739669499999998,-46.706819499999995,,,,2,2023-06-20T07:13:37+00:00
SAO_1765-10,São Paulo,3550308,True,,1782,,,-23.462494,-46.57118,,,,1,2023-06-20T07:12:53+00:00
SAO_N140-11,São Paulo,3550308,True,,2296,,,-23.467858,-46.718994499999994,,,,1,2023-06-20T07:13:03+00:00
SAO_3754-10,São Paulo,3550308,True,,33817,,,-23.559031375,-46.4015515,,,,2,2023-06-20T07:12:59+00:00
SAO_5630-10,São Paulo,3550308,True,,78,,,-23.7374635,-46.697805,,,,1,2023-06-20T07:13:07+00:00
SAO_5630-10,São Paulo,3550308,True,,78,,,-23.7374635,-46.697805,,,,1,2023-06-20T07:13:09+00:00
SAO_5630-10,São Paulo,3550308,True,,78,,,-23.7374635,-46.697805,,,,1,2023-06-20T07:12:59+00:00
SAO_N843-11,São Paulo,3550308,True,,2442,,,-23.631589499999997,-46.751459499999996,,,,1,2023-06-20T07:13:28+00:00
SAO_4732-10,São Paulo,3550308,True,,33070,,,-23.6184455,-46.638504499999996,,,,2,2023-06-20T07:12:59+00:00
SAO_971D-10,São Paulo,3550308,True,,33477,,,-23.4517795,-46.6981375,,,,2,2023-06-20T07:13:07+00:00
SAO_N106-11,São Paulo,3550308,True,,35068,,,-23.54737275,-46.642726249999996,,,,2,2023-06-20T07:13:15+00:00
SAO_2666-10,São Paulo,3550308,True,EMTU,378,https://moovitapp.com/index/pt-br/transporte_p%C3%BAblico-line-378-Sao_Paulo-242-2038937-36419452-0,12.1,-23.5185215,-46.387811,,,,1,2023-06-20T07:13:01+00:00
SAO_2666-10,São Paulo,3550308,True,EMTU,378,https://moovitapp.com/index/pt-br/transporte_p%C3%BAblico-line-378-Sao_Paulo-242-2038937-36419452-0,12.1,-23.51828025,-46.3879975,,,,1,2023-06-20T07:13:18+00:00
SAO_508L-10,São Paulo,3550308,True,,32885,,,-23.559490874999998,-46.63285325,,,,2,2023-06-20T07:13:29+00:00
SAO_7053-21,São Paulo,3550308,True,,1895,,,-23.642771,-46.786125,,,,1,2023-06-20T07:13:03+00:00
SAO_N733-11,São Paulo,3550308,True,,2414,,,-23.7206195,-46.7700595,,,,1,2023-06-20T07:13:31+00:00
SAO_N305-11,São Paulo,3550308,True,,2339,,,-23.5371415,-46.415614500000004,,,,1,2023-06-20T07:13:32+00:00
SAO_2290-10,São Paulo,3550308,True,,33486,,,-23.535222124999997,-46.58254475,,,,2,2023-06-20T07:13:30+00:00
SAO_647P-10,São Paulo,3550308,True,,1316,,,-23.675376999999997,-46.7844185,,,,1,2023-06-20T07:13:02+00:00
SAO_N306-11,São Paulo,3550308,True,,35108,,,-23.502648,-46.44274,,,,2,2023-06-20T07:13:11+00:00
SAO_7062-41,São Paulo,3550308,True,,35039,,,-23.650915875,-46.770043625,,,,2,2023-06-20T07:13:03+00:00
SAO_7062-41,São Paulo,3550308,True,,35039,,,-23.650688625,-46.770039874999995,,,,2,2023-06-20T07:12:54+00:00
SAO_N308-11,São Paulo,3550308,True,,35110,,,-23.5419625,-46.4828385,,,,2,2023-06-20T07:13:35+00:00
SAO_6042-10,São Paulo,3550308,True,,1219,,,-23.672669,-46.7646945,,,,1,2023-06-20T07:13:07+00:00
SAO_N741-11,São Paulo,3550308,True,,35190,,,-23.654376,-46.761618999999996,,,,2,2023-06-20T07:13:27+00:00
SAO_6820-31,São Paulo,3550308,True,,1406,,,-23.6588745,-46.7891,,,,1,2023-06-20T07:13:24+00:00
SAO_3390-10,São Paulo,3550308,True,,738,,,-23.546727,-46.629723999999996,,,,1,2023-06-20T07:13:11+00:00
SAO_5022-10,São Paulo,3550308,True,,1120,,,-23.671036,-46.643576749999994,,,,1,2023-06-20T07:13:26+00:00
SAO_407K-10,São Paulo,3550308,True,,2168,,,-23.5387,-46.5644465,,,,1,2023-06-20T07:13:20+00:00
SAO_8008-10,São Paulo,3550308,True,,34026,,,-23.483158500000002,-46.752052000000006,,,,2,2023-06-20T07:13:23+00:00
SAO_8008-10,São Paulo,3550308,True,,34026,,,-23.470457,-46.751476499999995,,,,2,2023-06-20T07:13:13+00:00
SAO_342N-10,São Paulo,3550308,True,,1003,,,-23.5654,-46.398866,,,,1,2023-06-20T07:13:07+00:00
SAO_2762-10,São Paulo,3550308,True,,32912,,,-23.49096725,-46.489491,,,,2,2023-06-20T07:13:18+00:00
SAO_407H-10,São Paulo,3550308,True,,34965,,,-23.61560725,-46.459875,,,,2,2023-06-20T07:13:34+00:00
SAO_N241-11,São Paulo,3550308,True,,2330,,,-23.4522055,-46.61465675,,,,1,2023-06-20T07:13:04+00:00
SAO_2726-10,São Paulo,3550308,True,,33708,,,-23.508566000000002,-46.4683395,,,,2,2023-06-20T07:13:14+00:00
SAO_2726-10,São Paulo,3550308,True,,33708,,,-23.514874499999998,-46.4689515,,,,2,2023-06-20T07:13:32+00:00
SAO_3732-10,São Paulo,3550308,True,,33797,,,-23.545196750000002,-46.4353335,,,,2,2023-06-20T07:13:27+00:00
SAO_1020-10,São Paulo,3550308,True,,35265,,,-23.40598825,-46.75613800000001,,,,2,2023-06-20T07:13:14+00:00
SAO_263C-10,São Paulo,3550308,True,EMTU,252,https://moovitapp.com/index/pt-br/transporte_p%C3%BAblico-line-252-Sao_Paulo-242-2038937-36419363-0,6.8,-23.548936,-46.431331,,,,1,2023-06-20T07:13:05+00:00
SAO_3902-10,São Paulo,3550308,True,,1470,,,-23.5412295,-46.409019,,,,1,2023-06-20T07:13:28+00:00
SAO_N401-11,São Paulo,3550308,True,,35125,,,-23.5577635,-46.522865499999995,,,,2,2023-06-20T07:12:55+00:00
SAO_N401-11,São Paulo,3550308,True,,35125,,,-23.546433999999998,-46.630430000000004,,,,2,2023-06-20T07:13:19+00:00
SAO_807P-10,São Paulo,3550308,True,,34867,,,-23.6163415,-46.720850999999996,,,,2,2023-06-20T07:13:24+00:00
SAO_7053-22,São Paulo,3550308,True,,34664,,,-23.6404155,-46.781168,,,,2,2023-06-20T07:13:06+00:00
SAO_5362-41,São Paulo,3550308,True,,72,,,-23.74488,-46.668146,,,,1,2023-06-20T07:13:15+00:00
SAO_675I-10,São Paulo,3550308,True,,32836,,,-23.637158,-46.69641025,,,,2,2023-06-20T07:13:36+00:00
SAO_695H-10,São Paulo,3550308,True,,33964,,,-23.750131,-46.7101335,,,,2,2023-06-20T07:13:16+00:00
SAO_4286-10,São Paulo,3550308,True,,33094,,,-23.5996405,-46.548176749999996,,,,2,2023-06-20T07:13:01+00:00
SAO_6835-10,São Paulo,3550308,True,,32780,,,-23.680107999999997,-46.7825525,,,,2,2023-06-20T07:13:12+00:00
SAO_5652-10,São Paulo,3550308,True,,33042,,,-23.710721749999998,-46.68776125,,,,2,2023-06-20T07:13:27+00:00
SAO_1703-10,São Paulo,3550308,True,,33615,,,-23.430702,-46.574294,,,,2,2023-06-20T07:12:54+00:00
SAO_6L10-41,São Paulo,3550308,True,,34773,,,-23.7880685,-46.765596,,,,2,2023-06-20T07:12:57+00:00
SAO_6L10-41,São Paulo,3550308,True,,34773,,,-23.7880685,-46.765596,,,,2,2023-06-20T07:13:10+00:00
SAO_6L10-41,São Paulo,3550308,True,,34773,,,-23.7880685,-46.765596,,,,2,2023-06-20T07:13:17+00:00
SAO_857C-10,São Paulo,3550308,True,,34669,,,-23.631701,-46.7721875,,,,2,2023-06-20T07:13:37+00:00
SAO_975A-10,São Paulo,3550308,True,,33357,,,-23.514704000000002,-46.666631499999994,,,,2,2023-06-20T07:13:27+00:00
SAO_408A-10,São Paulo,3550308,True,,33534,,,-23.545327,-46.65102075,,,,2,2023-06-20T07:13:37+00:00
SAO_271A-10,São Paulo,3550308,True,STT,702,https://moovitapp.com/index/pt-br/transporte_p%C3%BAblico-line-702-Sao_Paulo-242-850661-641780-0,5.3,-23.518916500000003,-46.546872500000006,,,,1,2023-06-20T07:13:14+00:00
SAO_6803-10,São Paulo,3550308,True,BR7 Mobilidade,29,https://moovitapp.com/index/pt-br/transporte_p%C3%BAblico-line-29-Sao_Paulo-242-851856-500111-0,5.75,-23.643827,-46.734452000000005,,,,1,2023-06-20T07:13:28+00:00
SAO_3054-10,São Paulo,3550308,True,,975,,,-23.609925,-46.407969,,,,1,2023-06-20T07:13:28+00:00
SAO_3054-10,São Paulo,3550308,True,,975,,,-23.609925,-46.407969,,,,1,2023-06-20T07:13:38+00:00
SAO_1758-10,São Paulo,3550308,True,,33320,,,-23.454044,-46.661868999999996,,,,2,2023-06-20T07:13:00+00:00
SAO_N304-11,São Paulo,3550308,True,,35106,,,-23.491951,-46.432959499999996,,,,2,2023-06-20T07:13:18+00:00
SAO_N101-11,São Paulo,3550308,True,,35050,,,-23.52011575,-46.67167475,,,,2,2023-06-20T07:13:15+00:00
SAO_N436-11,São Paulo,3550308,True,,35137,,,-23.588135,-46.396120499999995,,,,2,2023-06-20T07:12:55+00:00
SAO_2523-10,São Paulo,3550308,True,,33018,,,-23.5216,-46.4253885,,,,2,2023-06-20T07:13:18+00:00
SAO_2523-10,São Paulo,3550308,True,,33018,,,-23.5216,-46.4253885,,,,2,2023-06-20T07:13:36+00:00
SAO_2523-10,São Paulo,3550308,True,,33018,,,-23.5216,-46.4253885,,,,2,2023-06-20T07:13:17+00:00
SAO_2523-10,São Paulo,3550308,True,,33018,,,-23.5216,-46.4253885,,,,2,2023-06-20T07:13:37+00:00
SAO_3006-10,São Paulo,3550308,True,,34633,,,-23.547792,-46.390069,,,,2,2023-06-20T07:12:33+00:00
SAO_575C-10,São Paulo,3550308,True,,1686,,,-23.58450825,-46.578160249999996,,,,1,2023-06-20T07:13:04+00:00
SAO_119C-10,São Paulo,3550308,True,,33429,,,-23.487555999999998,-46.5742625,,,,2,2023-06-20T07:13:15+00:00
SAO_7054-10,São Paulo,3550308,True,,41,,,-23.6517055,-46.7906215,,,,1,2023-06-20T07:13:10+00:00
SAO_407I-10,São Paulo,3550308,True,,34990,,,-23.5399115,-46.485800999999995,,,,2,2023-06-20T07:12:59+00:00
SAO_312N-10,São Paulo,3550308,True,,33758,,,-23.491016,-46.441969,,,,2,2023-06-20T07:13:25+00:00
SAO_7725-10,São Paulo,3550308,True,EMTU,472,https://moovitapp.com/index/pt-br/transporte_p%C3%BAblico-line-472-Sao_Paulo-242-2038937-36419508-0,35.0,-23.5512285625,-46.7400455625,,,,1,2023-06-20T07:13:16+00:00
SAO_N133-11,São Paulo,3550308,True,,2289,,,-23.4631745,-46.744468499999996,,,,1,2023-06-20T07:13:24+00:00
SAO_2028-10,São Paulo,3550308,True,,2263,,,-23.473537874999998,-46.6009555,,,,1,2023-06-20T07:13:17+00:00
SAO_8605-10,São Paulo,3550308,True,,34685,,,-23.620389250000002,-46.757758125,,,,2,2023-06-20T07:13:12+00:00
SAO_6804-10,São Paulo,3550308,True,BR7 Mobilidade,30,https://moovitapp.com/index/pt-br/transporte_p%C3%BAblico-line-30-Sao_Paulo-242-851856-500112-0,5.75,-23.63428375,-46.75193825,,,,1,2023-06-20T07:13:25+00:00
SAO_1178-31,São Paulo,3550308,True,,34580,,,-23.495103,-46.435818,,,,2,2023-06-20T07:13:14+00:00
SAO_6045-10,São Paulo,3550308,True,,33990,,,-23.694454,-46.794375,,,,2,2023-06-20T07:13:37+00:00
SAO_6017-10,São Paulo,3550308,True,,1206,,,-23.679985875,-46.764589875,,,,1,2023-06-20T07:13:26+00:00
SAO_7053-21,São Paulo,3550308,True,,34663,,,-23.642354750000003,-46.78591075,,,,2,2023-06-20T07:13:27+00:00
SAO_6262-10,São Paulo,3550308,True,,34139,,,-23.530085375,-46.731711000000004,,,,2,2023-06-20T07:13:30+00:00
SAO_N739-11,São Paulo,3550308,True,,2420,,,-23.674390000000002,-46.7416835,,,,1,2023-06-20T07:12:59+00:00
SAO_476A-10,São Paulo,3550308,True,,304,,,-23.577993499999998,-46.6019005,,,,1,2023-06-20T07:13:34+00:00
SAO_709M-10,São Paulo,3550308,True,,2462,,,-23.654158,-46.710677000000004,,,,1,2023-06-20T07:13:26+00:00
SAO_5791-10,São Paulo,3550308,True,,33375,,,-23.697945500000003,-46.627776499999996,,,,2,2023-06-20T07:13:12+00:00
SAO_425E-10,São Paulo,3550308,True,,1636,,,-23.614058,-46.5006185,,,,1,2023-06-20T07:12:56+00:00
SAO_695T-10,São Paulo,3550308,True,,34090,,,-23.647973,-46.7483545,,,,2,2023-06-20T07:13:01+00:00
SAO_N746-11,São Paulo,3550308,True,,2427,,,-23.650774,-46.782026,,,,1,2023-06-20T07:13:03+00:00
SAO_2722-10,São Paulo,3550308,True,,33703,,,-23.4904645,-46.5025995,,,,2,2023-06-20T07:13:02+00:00
SAO_6045-21,São Paulo,3550308,True,,2164,,,-23.6943805,-46.793962,,,,1,2023-06-20T07:13:34+00:00
SAO_6045-21,São Paulo,3550308,True,,2164,,,-23.6945095,-46.7940355,,,,1,2023-06-20T07:13:09+00:00
SAO_4284-10,São Paulo,3550308,True,,33057,,,-23.605790875000004,-46.56414975,,,,2,2023-06-20T07:13:34+00:00
SAO_3721-10,São Paulo,3550308,True,,33787,,,-23.549149,-46.483338,,,,2,2023-06-20T07:13:28+00:00
SAO_574J-10,São Paulo,3550308,True,,1685,,,-23.5689715,-46.54654,,,,1,2023-06-20T07:13:35+00:00
SAO_N604-11,São Paulo,3550308,True,,35163,,,-23.580652375,-46.639004375,,,,2,2023-06-20T07:13:34+00:00
SAO_N802-11,São Paulo,3550308,True,,35197,,,-23.566054,-46.701919000000004,,,,2,2023-06-20T07:13:00+00:00
SAO_2290-10,São Paulo,3550308,True,,718,,,-23.5733185,-46.505489499999996,,,,1,2023-06-20T07:13:08+00:00
SAO_6057-10,São Paulo,3550308,True,,33916,,,-23.76305,-46.70513699999999,,,,2,2023-06-20T07:13:15+00:00
SAO_807A-10,São Paulo,3550308,True,,1900,,,-23.6330375,-46.7729265,,,,1,2023-06-20T07:12:58+00:00
SAO_4014-10,São Paulo,3550308,True,,34955,,,-23.61178125,-46.460899,,,,2,2023-06-20T07:13:15+00:00
SAO_N537-11,São Paulo,3550308,True,,2389,,,-23.56679725,-46.60513374999999,,,,1,2023-06-20T07:13:26+00:00
SAO_4310-10,São Paulo,3550308,True,,2160,,,-23.534992,-46.4534745,,,,1,2023-06-20T07:13:30+00:00
SAO_N802-11,São Paulo,3550308,True,,2429,,,-23.546077500000003,-46.631047,,,,1,2023-06-20T07:13:03+00:00
SAO_N842-11,São Paulo,3550308,True,,2441,,,-23.58485725,-46.743282125,,,,1,2023-06-20T07:13:07+00:00
SAO_971C-10,São Paulo,3550308,True,,571,,,-23.460304999999998,-46.6844615,,,,1,2023-06-20T07:13:08+00:00
SAO_8542-21,São Paulo,3550308,True,,34129,,,-23.477157,-46.681016,,,,2,2023-06-20T07:13:36+00:00
SAO_N706-11,São Paulo,3550308,True,,35179,,,-23.623203,-46.7635785,,,,2,2023-06-20T07:13:16+00:00
SAO_8022-10,São Paulo,3550308,True,,2085,,,-23.5678775,-46.7301255,,,,1,2023-06-20T07:13:15+00:00
SAO_637P-10,São Paulo,3550308,True,,32815,,,-23.566628,-46.701685499999996,,,,2,2023-06-20T07:13:22+00:00
SAO_6L05-10,São Paulo,3550308,True,,33941,,,-23.86397875,-46.6900115,,,,2,2023-06-20T07:08:16+00:00
SAO_2780-10,São Paulo,3550308,True,,33167,,,-23.534503,-46.453302,,,,2,2023-06-20T07:13:24+00:00
SAO_N403-11,São Paulo,3550308,True,,2359,,,-23.5427145,-46.4149935,,,,1,2023-06-20T07:12:54+00:00
SAO_8610-10,São Paulo,3550308,True,,34831,,,-23.601211999999997,-46.792822,,,,2,2023-06-20T07:13:07+00:00
SAO_N301-11,São Paulo,3550308,True,,35103,,,-23.513787999999998,-46.50117350000001,,,,2,2023-06-20T07:12:11+00:00
SAO_7016-10,São Paulo,3550308,True,,34886,,,-23.661175,-46.7072285,,,,2,2023-06-20T07:13:33+00:00
SAO_675A-10,São Paulo,3550308,True,,1318,,,-23.62733725,-46.64241725,,,,1,2023-06-20T07:13:16+00:00
SAO_6L11-10,São Paulo,3550308,True,,33935,,,-23.7546125,-46.6740805,,,,2,2023-06-20T07:13:07+00:00
SAO_4053-10,São Paulo,3550308,True,,34914,,,-23.55280925,-46.3944755,,,,2,2023-06-20T07:13:03+00:00
SAO_4003-10,São Paulo,3550308,True,,34927,,,-23.530969,-46.4387355,,,,2,2023-06-20T07:13:13+00:00
SAO_N601-11,São Paulo,3550308,True,,2392,,,-23.646082999999997,-46.673944,,,,1,2023-06-20T07:13:29+00:00
SAO_N601-11,São Paulo,3550308,True,,2392,,,-23.7374635,-46.697805,,,,1,2023-06-20T07:13:01+00:00
SAO_5033-10,São Paulo,3550308,True,,34433,,,-23.603151,-46.6022615,,,,2,2023-06-20T07:13:15+00:00
SAO_2719-10,São Paulo,3550308,True,,33700,,,-23.4925925,-46.479817499999996,,,,2,2023-06-20T07:12:57+00:00
SAO_707K-10,São Paulo,3550308,True,,35271,,,-23.647312,-46.6394375,,,,2,2023-06-20T07:13:07+00:00
SAO_6818-10,São Paulo,3550308,True,,32796,,,-23.655419000000002,-46.7722955,,,,2,2023-06-20T07:13:23+00:00
SAO_6027-10,São Paulo,3550308,True,,32858,,,-23.722645,-46.6712995,,,,2,2023-06-20T07:13:37+00:00
SAO_3736-10,São Paulo,3550308,True,,33804,,,-23.5758665,-46.4834185,,,,2,2023-06-20T07:13:14+00:00
SAO_N106-11,São Paulo,3550308,True,,2300,,,-23.538508999999998,-46.6485135,,,,1,2023-06-20T07:13:13+00:00
SAO_N531-11,São Paulo,3550308,True,,35151,,,-23.613910500000003,-46.500906,,,,2,2023-06-20T07:13:28+00:00
SAO_6806-10,São Paulo,3550308,True,BR7 Mobilidade,32,https://moovitapp.com/index/pt-br/transporte_p%C3%BAblico-line-32-Sao_Paulo-242-851856-586488-0,5.75,-23.6440375,-46.7338485,,,,1,2023-06-20T07:13:09+00:00
SAO_8600-22,São Paulo,3550308,True,,34822,,,-23.54222525,-46.6382325,,,,2,2023-06-20T07:13:12+00:00
SAO_6358-10,São Paulo,3550308,True,,34062,,,-23.668856124999998,-46.650276500000004,,,,2,2023-06-20T07:13:15+00:00
SAO_N506-11,São Paulo,3550308,True,,35148,,,-23.602458,-46.6029235,,,,2,2023-06-20T07:13:14+00:00
SAO_2582-10,São Paulo,3550308,True,EMTU,374,https://moovitapp.com/index/pt-br/transporte_p%C3%BAblico-line-374-Sao_Paulo-242-2038937-36419448-0,3.7,-23.5185175,-46.423665,,,,1,2023-06-20T07:12:51+00:00
SAO_2080-10,São Paulo,3550308,True,,33139,,,-23.496879,-46.37118575,,,,2,2023-06-20T07:13:01+00:00
SAO_2007-10,São Paulo,3550308,True,,33664,,,-23.504057875,-46.39025925,,,,2,2023-06-20T07:13:13+00:00
SAO_N238-11,São Paulo,3550308,True,,35095,,,-23.50117875,-46.623563000000004,,,,2,2023-06-20T07:13:08+00:00
SAO_N634-11,São Paulo,3550308,True,,35167,,,-23.665244,-46.708612,,,,2,2023-06-20T07:13:23+00:00
SAO_745M-10,São Paulo,3550308,True,,782,,,-23.637676499999998,-46.7796345,,,,1,2023-06-20T07:13:04+00:00
SAO_745M-10,São Paulo,3550308,True,,782,,,-23.637383,-46.779483,,,,1,2023-06-20T07:13:03+00:00
SAO_2626-10,São Paulo,3550308,True,,33144,,,-23.492140624999998,-46.444689125,,,,2,2023-06-20T07:13:31+00:00
SAO_967A-10,São Paulo,3550308,True,,33336,,,-23.504081,-46.65629475,,,,2,2023-06-20T07:13:11+00:00
SAO_6820-10,São Paulo,3550308,True,,32787,,,-23.6539115,-46.762288,,,,2,2023-06-20T07:13:23+00:00
SAO_2734-10,São Paulo,3550308,True,,34528,,,-23.510774374999997,-46.410499625,,,,2,2023-06-20T07:12:54+00:00
SAO_N633-11,São Paulo,3550308,True,,2398,,,-23.6347295,-46.668846,,,,1,2023-06-20T07:13:23+00:00
SAO_N840-11,São Paulo,3550308,True,,2439,,,-23.545998375000003,-46.646646625,,,,1,2023-06-20T07:13:33+00:00
SAO_N701-11,São Paulo,3550308,True,,35174,,,-23.633966,-46.693563,,,,2,2023-06-20T07:13:37+00:00
SAO_N201-11,São Paulo,3550308,True,,2311,,,-23.54482325,-46.62596275,,,,1,2023-06-20T07:13:30+00:00
SAO_2161-10,São Paulo,3550308,True,,33462,,,-23.485057500000003,-46.58320475,,,,2,2023-06-20T07:13:20+00:00
SAO_978L-10,São Paulo,3550308,True,,33234,,,-23.4742495,-46.669781,,,,2,2023-06-20T07:13:34+00:00
SAO_5029-10,São Paulo,3550308,True,,34440,,,-23.628492,-46.5859155,,,,2,2023-06-20T07:12:59+00:00
SAO_5029-10,São Paulo,3550308,True,,34440,,,-23.6060555,-46.598642,,,,2,2023-06-20T07:13:09+00:00
SAO_8003-10,São Paulo,3550308,True,,34021,,,-23.518764500000003,-46.7531865,,,,2,2023-06-20T07:13:05+00:00
SAO_N431-11,São Paulo,3550308,True,,2364,,,-23.61453675,-46.4574795,,,,1,2023-06-20T07:13:04+00:00
SAO_4093-10,São Paulo,3550308,True,,35216,,,-23.582922,-46.4081745,,,,2,2023-06-20T07:13:34+00:00
SAO_8026-10,São Paulo,3550308,True,,2083,,,-23.5998545,-46.747341,,,,1,2023-06-20T07:13:24+00:00
SAO_N245-11,São Paulo,3550308,True,,2334,,,-23.470277000000003,-46.659771,,,,1,2023-06-20T07:13:11+00:00
SAO_2719-10,São Paulo,3550308,True,,932,,,-23.510012500000002,-46.497662500000004,,,,1,2023-06-20T07:13:08+00:00
SAO_2719-10,São Paulo,3550308,True,,932,,,-23.5303745,-46.5279285,,,,1,2023-06-20T07:13:04+00:00
SAO_N631-11,São Paulo,3550308,True,,2396,,,-23.7209945,-46.68912725,,,,1,2023-06-20T07:13:06+00:00
SAO_N438-11,São Paulo,3550308,True,,2371,,,-23.576641875,-46.458055,,,,1,2023-06-20T07:13:19+00:00
SAO_N143-11,São Paulo,3550308,True,,2299,,,-23.50406125,-46.67700425,,,,1,2023-06-20T07:13:35+00:00
SAO_N533-11,São Paulo,3550308,True,,35153,,,-23.597107,-46.566068,,,,2,2023-06-20T07:12:59+00:00
SAO_8077-10,São Paulo,3550308,True,,2050,,,-23.602068,-46.7944835,,,,1,2023-06-20T07:13:22+00:00
SAO_273N-10,São Paulo,3550308,True,,33158,,,-23.514469750000004,-46.49259225,,,,2,2023-06-20T07:12:58+00:00
SAO_2717-10,São Paulo,3550308,True,,33698,,,-23.504827,-46.507125,,,,2,2023-06-20T07:13:00+00:00
SAO_2710-10,São Paulo,3550308,True,,924,,,-23.529988,-46.5012995,,,,1,2023-06-20T07:12:54+00:00
SAO_6035-21,São Paulo,3550308,True,,1795,,,-23.720715499999997,-46.755851,,,,1,2023-06-20T07:13:23+00:00
SAO_1026-10,São Paulo,3550308,True,,35074,,,-23.471764999999998,-46.7077855,,,,2,2023-06-20T07:12:57+00:00
SAO_3390-10,São Paulo,3550308,True,,33506,,,-23.585684,-46.589247,,,,2,2023-06-20T07:13:11+00:00
SAO_3390-10,São Paulo,3550308,True,,33506,,,-23.611652,-46.5044565,,,,2,2023-06-20T07:13:32+00:00
SAO_748A-10,São Paulo,3550308,True,EMTU,498,https://moovitapp.com/index/pt-br/transporte_p%C3%BAblico-line-498-Sao_Paulo-242-2038937-36419523-0,5.4,-23.5510456875,-46.740044062500004,,,,1,2023-06-20T07:13:00+00:00
SAO_6837-10,São Paulo,3550308,True,,6,,,-23.62682075,-46.76171425,,,,1,2023-06-20T07:12:56+00:00
SAO_809A-10,São Paulo,3550308,True,,34837,,,-23.57543225,-46.77549825,,,,2,2023-06-20T07:13:32+00:00
SAO_6008-10,São Paulo,3550308,True,,33968,,,-23.68727,-46.7629345,,,,2,2023-06-20T07:12:56+00:00
SAO_6008-10,São Paulo,3550308,True,,33968,,,-23.68727,-46.7629345,,,,2,2023-06-20T07:13:19+00:00
SAO_N332-11,São Paulo,3550308,True,,2344,,,-23.518806,-46.496364,,,,1,2023-06-20T07:13:11+00:00
SAO_875A-10,São Paulo,3550308,True,,33377,,,-23.629468000000003,-46.667535,,,,2,2023-06-20T07:13:21+00:00
SAO_875A-10,São Paulo,3550308,True,,33377,,,-23.597682,-46.636748,,,,2,2023-06-20T07:13:13+00:00
SAO_775N-10,São Paulo,3550308,True,,474,,,-23.55123175,-46.740238250000004,,,,1,2023-06-20T07:13:22+00:00
SAO_N506-11,São Paulo,3550308,True,,2380,,,-23.547102000000002,-46.689769999999996,,,,1,2023-06-20T07:13:17+00:00
SAO_N236-11,São Paulo,3550308,True,,2325,,,-23.45947075,-46.645936750000004,,,,1,2023-06-20T07:13:00+00:00
SAO_2721-10,São Paulo,3550308,True,,934,,,-23.5193225,-46.409525,,,,1,2023-06-20T07:13:16+00:00
SAO_702C-10,São Paulo,3550308,True,,33253,,,-23.542074,-46.627536,,,,2,2023-06-20T07:13:04+00:00
SAO_702C-10,São Paulo,3550308,True,,33253,,,-23.579717000000002,-46.720337,,,,2,2023-06-20T07:13:33+00:00
SAO_N838-11,São Paulo,3550308,True,,2437,,,-23.524429250000004,-46.736116499999994,,,,1,2023-06-20T07:13:22+00:00
SAO_N734-11,São Paulo,3550308,True,,2415,,,-23.676644,-46.7834,,,,1,2023-06-20T07:13:09+00:00
SAO_N307-11,São Paulo,3550308,True,,35109,,,-23.546062,-46.630887,,,,2,2023-06-20T07:13:08+00:00
SAO_5144-10,São Paulo,3550308,True,,34395,,,-23.57259775,-46.561845,,,,2,2023-06-20T07:13:22+00:00
SAO_775P-10,São Paulo,3550308,True,,33275,,,-23.5959495,-46.760026999999994,,,,2,2023-06-20T07:13:20+00:00
SAO_273L-10,São Paulo,3550308,True,,32992,,,-23.523802500000002,-46.444316,,,,2,2023-06-20T07:13:26+00:00
SAO_6403-10,São Paulo,3550308,True,,58,,,-23.583538750000002,-46.6866585,,,,1,2023-06-20T07:13:32+00:00
SAO_9191-10,São Paulo,3550308,True,EMTU,810,https://moovitapp.com/index/pt-br/transporte_p%C3%BAblico-line-810-Sao_Paulo-242-2038937-36419585-0,5.4,-23.455891,-46.678366,,,,1,2023-06-20T07:13:27+00:00
SAO_574W-10,São Paulo,3550308,True,,34397,,,-23.59657,-46.5156885,,,,2,2023-06-20T07:13:28+00:00
SAO_5011-10,São Paulo,3550308,True,,33883,,,-23.706204,-46.641568,,,,2,2023-06-20T07:13:11+00:00
SAO_4033-10,São Paulo,3550308,True,,33871,,,-23.60295,-46.54262025,,,,2,2023-06-20T07:12:59+00:00
SAO_6816-10,São Paulo,3550308,True,,32794,,,-23.6486765,-46.784786999999994,,,,2,2023-06-20T07:13:32+00:00
SAO_2023-10,São Paulo,3550308,True,,2260,,,-23.4028195,-46.5771445,,,,1,2023-06-20T07:13:28+00:00
SAO_N835-11,São Paulo,3550308,True,,35202,,,-23.566415499999998,-46.702344,,,,2,2023-06-20T07:13:00+00:00
SAO_5705-10,São Paulo,3550308,True,,34425,,,-23.603754000000002,-46.603399499999995,,,,2,2023-06-20T07:13:20+00:00
SAO_N842-11,São Paulo,3550308,True,,35209,,,-23.592730500000002,-46.803388999999996,,,,2,2023-06-20T07:13:09+00:00
SAO_6063-42,São Paulo,3550308,True,,2002,,,-23.7766585,-46.69615725,,,,1,2023-06-20T07:13:35+00:00
SAO_N101-11,São Paulo,3550308,True,,2282,,,-23.5232455,-46.65593375,,,,1,2023-06-20T07:13:33+00:00
SAO_N735-11,São Paulo,3550308,True,,2416,,,-23.682834,-46.76948325,,,,1,2023-06-20T07:13:27+00:00
SAO_407A-10,São Paulo,3550308,True,,34962,,,-23.5847495,-46.522019,,,,2,2023-06-20T07:13:19+00:00
SAO_178L-10,São Paulo,3550308,True,EMTU,560,https://moovitapp.com/index/pt-br/transporte_p%C3%BAblico-line-560-Sao_Paulo-242-2038937-36419561-0,6.2,-23.5498635,-46.6823885,,,,1,2023-06-20T07:13:07+00:00
SAO_677Y-10,São Paulo,3550308,True,,1240,,,-23.6836685,-46.7890555,,,,1,2023-06-20T07:13:33+00:00
SAO_6L10-10,São Paulo,3550308,True,,1159,,,-23.767440999999998,-46.716431,,,,1,2023-06-20T07:13:35+00:00
SAO_6L10-10,São Paulo,3550308,True,,1159,,,-23.767440999999998,-46.716431,,,,1,2023-06-20T07:13:18+00:00
SAO_7011-31,São Paulo,3550308,True,,34722,,,-23.707812,-46.7918005,,,,2,2023-06-20T07:13:37+00:00
SAO_6820-10,São Paulo,3550308,True,BR7 Mobilidade,19,https://moovitapp.com/index/pt-br/transporte_p%C3%BAblico-line-19-Sao_Paulo-242-851856-516833-0,5.75,-23.6588745,-46.7891,,,,1,2023-06-20T07:13:07+00:00
SAO_N434-11,São Paulo,3550308,True,,2367,,,-23.590888999999997,-46.50481375,,,,1,2023-06-20T07:13:14+00:00
SAO_178T-10,São Paulo,3550308,True,EMTU,565,https://moovitapp.com/index/pt-br/transporte_p%C3%BAblico-line-565-Sao_Paulo-242-2038937-36419563-0,8.1,-23.4997915,-46.693145,,,,1,2023-06-20T07:13:26+00:00
SAO_2014-10,São Paulo,3550308,True,,33668,,,-23.457518,-46.670135,,,,2,2023-06-20T07:13:36+00:00
SAO_N703-11,São Paulo,3550308,True,,2408,,,-23.669522,-46.735257,,,,1,2023-06-20T07:13:01+00:00
SAO_6062-10,São Paulo,3550308,True,,1151,,,-23.731140500000002,-46.692271000000005,,,,1,2023-06-20T07:12:58+00:00
SAO_8009-31,São Paulo,3550308,True,,1260,,,-23.454303,-46.752267,,,,1,2023-06-20T07:13:08+00:00
SAO_N743-11,São Paulo,3550308,True,,2424,,,-23.685327,-46.7421495,,,,1,2023-06-20T07:13:05+00:00
SAO_N705-11,São Paulo,3550308,True,,2410,,,-23.65142725,-46.722758,,,,1,2023-06-20T07:13:20+00:00
SAO_N639-11,São Paulo,3550308,True,,35172,,,-23.7804745,-46.724900500000004,,,,2,2023-06-20T07:13:07+00:00
SAO_N339-11,São Paulo,3550308,True,,2351,,,-23.53134275,-46.458504250000004,,,,1,2023-06-20T07:13:15+00:00
SAO_N206-11,São Paulo,3550308,True,,35084,,,-23.524413,-46.6710755,,,,2,2023-06-20T07:13:13+00:00
SAO_407N-10,São Paulo,3550308,True,,34937,,,-23.583442499999997,-46.4074595,,,,2,2023-06-20T07:13:08+00:00
SAO_675R-10,São Paulo,3550308,True,,32877,,,-23.69476675,-46.699498625,,,,2,2023-06-20T07:12:55+00:00
SAO_2708-10,São Paulo,3550308,True,,921,,,-23.533921499999998,-46.399558999999996,,,,1,2023-06-20T07:12:53+00:00
SAO_4742-10,São Paulo,3550308,True,,33110,,,-23.650012,-46.6139055,,,,2,2023-06-20T07:13:01+00:00
SAO_669A-10,São Paulo,3550308,True,,32772,,,-23.6431665,-46.700297250000006,,,,2,2023-06-20T07:13:01+00:00
SAO_4312-10,São Paulo,3550308,True,,34940,,,-23.532025,-46.521533000000005,,,,2,2023-06-20T07:13:27+00:00
SAO_N832-11,São Paulo,3550308,True,,2431,,,-23.5449585,-46.73396275,,,,1,2023-06-20T07:13:29+00:00
SAO_179X-10,São Paulo,3550308,True,STT,680,https://moovitapp.com/index/pt-br/transporte_p%C3%BAblico-line-680-Sao_Paulo-242-850661-183334-0,5.3,-23.438504,-46.582213,,,,1,2023-06-20T07:12:58+00:00
SAO_1017-10,São Paulo,3550308,True,,2141,,,-23.4850255,-46.709775,,,,1,2023-06-20T07:13:20+00:00
SAO_4113-10,São Paulo,3550308,True,,768,,,-23.56669675,-46.630233,,,,1,2023-06-20T07:13:08+00:00
SAO_4288-10,São Paulo,3550308,True,,33058,,,-23.607792,-46.5150015,,,,2,2023-06-20T07:13:06+00:00
SAO_N233-11,São Paulo,3550308,True,,2322,,,-23.4990905,-46.59541125,,,,1,2023-06-20T07:13:36+00:00
SAO_6804-10,São Paulo,3550308,True,,32798,,,-23.635654000000002,-46.747935999999996,,,,2,2023-06-20T07:13:24+00:00
SAO_701A-10,São Paulo,3550308,True,,33457,,,-23.5278855,-46.597172,,,,2,2023-06-20T07:12:03+00:00
SAO_701A-10,São Paulo,3550308,True,,33457,,,-23.4783935,-46.576774,,,,2,2023-06-20T07:10:05+00:00
SAO_3462-10,São Paulo,3550308,True,,33015,,,-23.52396425,-46.475662,,,,2,2023-06-20T07:13:27+00:00
SAO_5164-41,São Paulo,3550308,True,,34385,,,-23.6539155,-46.645212,,,,2,2023-06-20T07:13:35+00:00
SAO_211L-10,São Paulo,3550308,True,,35033,,,-23.48479775,-46.67451975,,,,2,2023-06-20T07:13:34+00:00
SAO_4031-10,São Paulo,3550308,True,,1101,,,-23.598871000000003,-46.538347,,,,1,2023-06-20T07:13:17+00:00
SAO_7060-10,São Paulo,3550308,True,,34657,,,-23.670783999999998,-46.786465,,,,2,2023-06-20T07:13:03+00:00
SAO_909T-1,São Paulo,3550308,True,,2512,,,-23.566103499999997,-46.7018865,,,,1,2023-06-20T07:13:19+00:00
SAO_519M-10,São Paulo,3550308,True,,34979,,,-23.6124435,-46.504377500000004,,,,2,2023-06-20T07:13:23+00:00
SAO_407F-10,São Paulo,3550308,True,,34935,,,-23.584042,-46.4926035,,,,2,2023-06-20T07:13:31+00:00
SAO_637R-10,São Paulo,3550308,True,EMTU,196,https://moovitapp.com/index/pt-br/transporte_p%C3%BAblico-line-196-Sao_Paulo-242-2038937-36419323-0,4.85,-23.670257,-46.738209499999996,,,,1,2023-06-20T07:13:34+00:00
SAO_N637-11,São Paulo,3550308,True,,2402,,,-23.6688265,-46.6681515,,,,1,2023-06-20T07:13:24+00:00
SAO_1896-10,São Paulo,3550308,True,,35288,,,-23.44414675,-46.753674875,,,,2,2023-06-20T07:13:07+00:00
SAO_4005-10,São Paulo,3550308,True,,34947,,,-23.58888925,-46.394664,,,,2,2023-06-20T07:12:56+00:00
SAO_271M-10,São Paulo,3550308,True,,684,,,-23.512197999999998,-46.563227499999996,,,,1,2023-06-20T07:13:09+00:00
SAO_9717-10,São Paulo,3550308,True,,33585,,,-23.464514,-46.679869,,,,2,2023-06-20T07:13:06+00:00
SAO_1788-10,São Paulo,3550308,True,,33421,,,-23.434154499999998,-46.578278499999996,,,,2,2023-06-20T07:13:15+00:00
SAO_N640-11,São Paulo,3550308,True,,35173,,,-23.650951499999998,-46.708732,,,,2,2023-06-20T07:13:06+00:00
SAO_5759-10,São Paulo,3550308,True,,33906,,,-23.687156,-46.639649500000004,,,,2,2023-06-20T07:13:24+00:00
SAO_N441-11,São Paulo,3550308,True,,2374,,,-23.570379000000003,-46.3989755,,,,1,2023-06-20T07:13:19+00:00
SAO_N539-11,São Paulo,3550308,True,,35159,,,-23.606748,-46.5932435,,,,2,2023-06-20T07:13:08+00:00
SAO_5106-31,São Paulo,3550308,True,,34073,,,-23.687742,-46.63932225,,,,2,2023-06-20T07:13:24+00:00
SAO_5106-31,São Paulo,3550308,True,,34073,,,-23.693209500000002,-46.658558,,,,2,2023-06-20T07:13:04+00:00
SAO_573A-10,São Paulo,3550308,True,,34405,,,-23.597361499999998,-46.565003125000004,,,,2,2023-06-20T07:12:06+00:00
SAO_4003-10,São Paulo,3550308,True,,2159,,,-23.565147000000003,-46.408932875,,,,1,2023-06-20T07:13:11+00:00
SAO_701U-10,São Paulo,3550308,True,,33425,,,-23.567231,-46.6936625,,,,2,2023-06-20T07:13:12+00:00
SAO_175P-10,São Paulo,3550308,True,,33443,,,-23.53319175,-46.660523874999996,,,,2,2023-06-20T07:12:53+00:00
SAO_N244-11,São Paulo,3550308,True,,2333,,,-23.4608125,-46.582941500000004,,,,1,2023-06-20T07:08:50+00:00
SAO_971T-10,São Paulo,3550308,True,,33386,,,-23.4930305,-46.677757,,,,2,2023-06-20T07:13:13+00:00
SAO_271C-10,São Paulo,3550308,True,,33450,,,-23.517421249999998,-46.574947375,,,,2,2023-06-20T07:13:13+00:00
SAO_271A-10,São Paulo,3550308,True,,33470,,,-23.529345,-46.584678,,,,2,2023-06-20T07:13:00+00:00
SAO_1732-10,São Paulo,3550308,True,,33439,,,-23.4804015,-46.58102675,,,,2,2023-06-20T07:13:09+00:00
SAO_2006-10,São Paulo,3550308,True,,33663,,,-23.48916475,-46.378097999999994,,,,2,2023-06-20T07:13:25+00:00
SAO_N207-11,São Paulo,3550308,True,,2317,,,-23.546077500000003,-46.631047,,,,1,2023-06-20T07:13:22+00:00
SAO_6042-21,São Paulo,3550308,True,,1775,,,-23.674391999999997,-46.769508,,,,1,2023-06-20T07:13:03+00:00
SAO_N508-11,São Paulo,3550308,True,,2382,,,-23.56399025,-46.63152575,,,,1,2023-06-20T07:13:06+00:00
SAO_N232-11,São Paulo,3550308,True,,2321,,,-23.497217000000003,-46.57518962499999,,,,1,2023-06-20T07:13:35+00:00
SAO_3026-10,São Paulo,3550308,True,,962,,,-23.57669,-46.391695,,,,1,2023-06-20T07:13:19+00:00
SAO_2702-21,São Paulo,3550308,True,,1526,,,-23.50286,-46.4672975,,,,1,2023-06-20T07:12:47+00:00
SAO_847P-10,São Paulo,3550308,True,,33191,,,-23.4854275,-46.7255765,,,,2,2023-06-20T07:13:14+00:00
SAO_875C-1,São Paulo,3550308,True,,35278,,,-23.52066,-46.7006595,,,,2,2023-06-20T07:13:17+00:00
SAO_3002-10,São Paulo,3550308,True,,1808,,,-23.510468,-46.378808,,,,1,2023-06-20T07:13:03+00:00
SAO_856R-10,São Paulo,3550308,True,,34196,,,-23.583924500000002,-46.6703565,,,,2,2023-06-20T07:13:33+00:00
SAO_2590-10,São Paulo,3550308,True,,912,,,-23.484426,-46.4572715,,,,1,2023-06-20T07:13:18+00:00
SAO_3029-10,São Paulo,3550308,True,,33734,,,-23.541,-46.576643000000004,,,,2,2023-06-20T07:13:37+00:00
SAO_746V-10,São Paulo,3550308,True,,33560,,,-23.621850000000002,-46.751907,,,,2,2023-06-20T07:13:20+00:00
SAO_1036-10,São Paulo,3550308,True,,35221,,,-23.4773705,-46.7145365,,,,2,2023-06-20T07:13:01+00:00
SAO_9090-10,São Paulo,3550308,True,,884,,,-23.496032,-46.662330499999996,,,,1,2023-06-20T07:13:07+00:00
SAO_7053-22,São Paulo,3550308,True,,1896,,,-23.6431875,-46.787111,,,,1,2023-06-20T07:13:25+00:00
SAO_N237-11,São Paulo,3550308,True,,2326,,,-23.480306,-46.602554,,,,1,2023-06-20T07:13:37+00:00
