bus_id,city,city_code,adapted,agency,line_code,line_url,line_fare,latitude,longitude,bus_speed,is_eletric,bus_type,bus_direction,updated_at
SAO_407N-10,São Paulo,3550308,True,,34937,,,-23.583215,-46.408328,,,,2,2023-06-17T12:40:37+00:00
SAO_407N-10,São Paulo,3550308,True,,34937,,,-23.5408535,-46.54065,,,,2,2023-06-17T12:40:29+00:00
SAO_407N-10,São Paulo,3550308,True,,34937,,,-23.562649,-46.509988,,,,2,2023-06-17T12:40:42+00:00
SAO_407N-10,São Paulo,3550308,True,,34937,,,-23.5952665,-46.4305515,,,,2,2023-06-17T12:40:12+00:00
SAO_407N-10,São Paulo,3550308,True,,34937,,,-23.5985595,-46.4602255,,,,2,2023-06-17T12:40:29+00:00
SAO_1771-10,São Paulo,3550308,True,,634,,,-23.502404499999997,-46.6235925,,,,1,2023-06-17T12:40:34+00:00
SAO_1771-10,São Paulo,3550308,True,,634,,,-23.4308935,-46.575003499999994,,,,1,2023-06-17T12:40:05+00:00
SAO_1771-10,São Paulo,3550308,True,,634,,,-23.4530495,-46.589155,,,,1,2023-06-17T12:40:31+00:00
SAO_118C-10,São Paulo,3550308,True,,33287,,,-23.453591,-46.6721825,,,,2,2023-06-17T12:40:36+00:00
SAO_118C-10,São Paulo,3550308,True,,33287,,,-23.4943265,-46.625913499999996,,,,2,2023-06-17T12:37:33+00:00
SAO_118C-10,São Paulo,3550308,True,,33287,,,-23.457777,-46.672866,,,,2,2023-06-17T12:40:03+00:00
SAO_118C-10,São Paulo,3550308,True,,33287,,,-23.5398425,-46.6481055,,,,2,2023-06-17T12:40:44+00:00
SAO_118C-10,São Paulo,3550308,True,,33287,,,-23.526494,-46.6301355,,,,2,2023-06-17T12:40:32+00:00
SAO_6840-10,São Paulo,3550308,True,,32969,,,-23.7420195,-46.800329000000005,,,,2,2023-06-17T12:40:37+00:00
SAO_6840-10,São Paulo,3550308,True,,32969,,,-23.713268,-46.7817135,,,,2,2023-06-17T12:40:34+00:00
SAO_6840-10,São Paulo,3550308,True,,32969,,,-23.660442500000002,-46.767717,,,,2,2023-06-17T12:40:44+00:00
SAO_6840-10,São Paulo,3550308,True,,32969,,,-23.74607725,-46.79533525,,,,2,2023-06-17T12:40:29+00:00
SAO_6840-10,São Paulo,3550308,True,,32969,,,-23.731146000000003,-46.785866999999996,,,,2,2023-06-17T12:40:26+00:00
SAO_6840-10,São Paulo,3550308,True,,32969,,,-23.689302875,-46.773427749999996,,,,2,2023-06-17T12:40:14+00:00
SAO_6840-10,São Paulo,3550308,True,,32969,,,-23.7317975,-46.7861475,,,,2,2023-06-17T12:40:27+00:00
SAO_6840-10,São Paulo,3550308,True,,32969,,,-23.723031499999998,-46.785344499999994,,,,2,2023-06-17T12:40:36+00:00
SAO_6840-10,São Paulo,3550308,True,,32969,,,-23.6951705,-46.779768,,,,2,2023-06-17T12:40:33+00:00
SAO_6840-10,São Paulo,3550308,True,,32969,,,-23.682834,-46.76948325,,,,2,2023-06-17T12:40:05+00:00
SAO_6840-10,São Paulo,3550308,True,,32969,,,-23.7312905,-46.7859135,,,,2,2023-06-17T12:40:19+00:00
SAO_5106-31,São Paulo,3550308,True,,1305,,,-23.6368035,-46.641181,,,,1,2023-06-17T12:40:46+00:00
SAO_5106-31,São Paulo,3550308,True,,1305,,,-23.584501,-46.643429,,,,1,2023-06-17T12:40:41+00:00
SAO_5106-31,São Paulo,3550308,True,,1305,,,-23.695708,-46.6509165,,,,1,2023-06-17T12:40:02+00:00
SAO_6505-10,São Paulo,3550308,True,,1450,,,-23.60511,-46.675224,,,,1,2023-06-17T12:40:43+00:00
SAO_6505-10,São Paulo,3550308,True,,1450,,,-23.549426,-46.639907,,,,1,2023-06-17T12:40:06+00:00
SAO_6505-10,São Paulo,3550308,True,,1450,,,-23.578016750000003,-46.671012000000005,,,,1,2023-06-17T12:40:43+00:00
SAO_6505-10,São Paulo,3550308,True,,1450,,,-23.667369,-46.728165,,,,1,2023-06-17T12:40:37+00:00
SAO_6505-10,São Paulo,3550308,True,,1450,,,-23.644948375,-46.700573000000006,,,,1,2023-06-17T12:40:39+00:00
SAO_6726-10,São Paulo,3550308,True,,1193,,,-23.7536805,-46.688084,,,,1,2023-06-17T12:40:03+00:00
SAO_6726-10,São Paulo,3550308,True,,1193,,,-23.736596499999997,-46.6971045,,,,1,2023-06-17T12:40:28+00:00
SAO_6726-10,São Paulo,3550308,True,,1193,,,-23.734559,-46.663270499999996,,,,1,2023-06-17T12:40:22+00:00
SAO_6726-10,São Paulo,3550308,True,,1193,,,-23.736596499999997,-46.6971045,,,,1,2023-06-17T12:40:38+00:00
SAO_6726-10,São Paulo,3550308,True,,1193,,,-23.747096,-46.664041,,,,1,2023-06-17T12:40:22+00:00
SAO_4742-10,São Paulo,3550308,True,,33110,,,-23.637902500000003,-46.60841550000001,,,,2,2023-06-17T12:40:23+00:00
SAO_4742-10,São Paulo,3550308,True,,33110,,,-23.6513015,-46.62054,,,,2,2023-06-17T12:39:55+00:00
SAO_4742-10,São Paulo,3550308,True,,33110,,,-23.619657,-46.638548125,,,,2,2023-06-17T12:40:45+00:00
SAO_407G-10,São Paulo,3550308,True,,2196,,,-23.57687,-46.501094499999994,,,,1,2023-06-17T12:40:30+00:00
SAO_407G-10,São Paulo,3550308,True,,2196,,,-23.607235,-46.445131,,,,1,2023-06-17T12:40:41+00:00
SAO_407G-10,São Paulo,3550308,True,,2196,,,-23.5385445,-46.563635500000004,,,,1,2023-06-17T12:40:40+00:00
SAO_407G-10,São Paulo,3550308,True,,2196,,,-23.6177755,-46.461361999999994,,,,1,2023-06-17T12:39:59+00:00
SAO_407G-10,São Paulo,3550308,True,,2196,,,-23.551097249999998,-46.521759,,,,1,2023-06-17T12:40:03+00:00
SAO_407G-10,São Paulo,3550308,True,,2196,,,-23.540915249999998,-46.538081,,,,1,2023-06-17T12:40:19+00:00
SAO_407G-10,São Paulo,3550308,True,,2196,,,-23.601904750000003,-46.443205500000005,,,,1,2023-06-17T12:40:38+00:00
SAO_407G-10,São Paulo,3550308,True,,2196,,,-23.614011,-46.4712665,,,,1,2023-06-17T12:40:20+00:00
SAO_407G-10,São Paulo,3550308,True,,2196,,,-23.600215249999998,-46.48453775,,,,1,2023-06-17T12:40:07+00:00
SAO_175T-10,São Paulo,3550308,True,,623,,,-23.645675250000004,-46.64110625,,,,1,2023-06-17T12:40:34+00:00
SAO_175T-10,São Paulo,3550308,True,,623,,,-23.56784775,-46.64077825,,,,1,2023-06-17T12:40:38+00:00
SAO_175T-10,São Paulo,3550308,True,,623,,,-23.622443750000002,-46.661860000000004,,,,1,2023-06-17T12:40:03+00:00
SAO_175T-10,São Paulo,3550308,True,,623,,,-23.63761125,-46.65798275,,,,1,2023-06-17T12:40:14+00:00
SAO_175T-10,São Paulo,3550308,True,,623,,,-23.5779453125,-46.64546125,,,,1,2023-06-17T12:40:08+00:00
SAO_175T-10,São Paulo,3550308,True,,623,,,-23.53148125,-46.632570125,,,,1,2023-06-17T12:40:23+00:00
SAO_3735-10,São Paulo,3550308,True,,1035,,,-23.54143525,-46.48684725,,,,1,2023-06-17T12:40:08+00:00
SAO_3735-10,São Paulo,3550308,True,,1035,,,-23.542789,-46.497412999999995,,,,1,2023-06-17T12:40:30+00:00
SAO_3735-10,São Paulo,3550308,True,,1035,,,-23.540855999999998,-46.4849405,,,,1,2023-06-17T12:40:40+00:00
SAO_3735-10,São Paulo,3550308,True,,1035,,,-23.540392,-46.485367499999995,,,,1,2023-06-17T12:40:33+00:00
SAO_3735-10,São Paulo,3550308,True,,1035,,,-23.540855999999998,-46.4849405,,,,1,2023-06-17T12:40:30+00:00
SAO_3025-10,São Paulo,3550308,True,,33729,,,-23.577849999999998,-46.3980125,,,,2,2023-06-17T12:40:01+00:00
SAO_3025-10,São Paulo,3550308,True,,33729,,,-23.5646835,-46.4158675,,,,2,2023-06-17T12:40:27+00:00
SAO_3025-10,São Paulo,3550308,True,,33729,,,-23.5770275,-46.397946000000005,,,,2,2023-06-17T12:40:33+00:00
SAO_546T-10,São Paulo,3550308,True,,272,,,-23.658659,-46.69838,,,,1,2023-06-17T12:40:07+00:00
SAO_546T-10,São Paulo,3550308,True,,272,,,-23.70202675,-46.635988749999996,,,,1,2023-06-17T12:40:10+00:00
SAO_546T-10,São Paulo,3550308,True,,272,,,-23.7036385,-46.627480000000006,,,,1,2023-06-17T12:40:03+00:00
SAO_546T-10,São Paulo,3550308,True,,272,,,-23.6571255,-46.69942625,,,,1,2023-06-17T12:40:46+00:00
SAO_546T-10,São Paulo,3550308,True,,272,,,-23.68221675,-46.68206025,,,,1,2023-06-17T12:40:24+00:00
SAO_546T-10,São Paulo,3550308,True,,272,,,-23.6996815,-46.6466075,,,,1,2023-06-17T12:40:09+00:00
SAO_546T-10,São Paulo,3550308,True,,272,,,-23.6949735,-46.6663635,,,,1,2023-06-17T12:40:15+00:00
SAO_4033-10,São Paulo,3550308,True,,33871,,,-23.613986125000004,-46.453610625,,,,2,2023-06-17T12:40:34+00:00
SAO_4033-10,São Paulo,3550308,True,,33871,,,-23.598658,-46.519202750000005,,,,2,2023-06-17T12:40:15+00:00
SAO_4033-10,São Paulo,3550308,True,,33871,,,-23.6142505,-46.47102675,,,,2,2023-06-17T12:40:10+00:00
SAO_4033-10,São Paulo,3550308,True,,33871,,,-23.604197499999998,-46.541577000000004,,,,2,2023-06-17T12:40:16+00:00
SAO_4033-10,São Paulo,3550308,True,,33871,,,-23.61459425,-46.500975,,,,2,2023-06-17T12:40:39+00:00
SAO_4033-10,São Paulo,3550308,True,,33871,,,-23.612341,-46.4882545,,,,2,2023-06-17T12:40:06+00:00
SAO_475R-10,São Paulo,3550308,True,,344,,,-23.560138000000002,-46.643105125,,,,1,2023-06-17T12:40:28+00:00
SAO_475R-10,São Paulo,3550308,True,,344,,,-23.6205765,-46.6278,,,,1,2023-06-17T12:40:31+00:00
SAO_475R-10,São Paulo,3550308,True,,344,,,-23.596413125,-46.64517975,,,,1,2023-06-17T12:40:05+00:00
SAO_5013-10,São Paulo,3550308,True,,1117,,,-23.668908875,-46.67792575,,,,1,2023-06-17T12:40:07+00:00
SAO_5013-10,São Paulo,3550308,True,,1117,,,-23.679575,-46.631244875,,,,1,2023-06-17T12:37:17+00:00
SAO_5013-10,São Paulo,3550308,True,,1117,,,-23.6826945,-46.638189,,,,1,2023-06-17T12:40:14+00:00
SAO_5013-10,São Paulo,3550308,True,,1117,,,-23.677872,-46.6578515,,,,1,2023-06-17T12:40:25+00:00
SAO_5013-10,São Paulo,3550308,True,,1117,,,-23.654280999999997,-46.70443349999999,,,,1,2023-06-17T12:40:33+00:00
SAO_5013-10,São Paulo,3550308,True,,1117,,,-23.661462,-46.69369450000001,,,,1,2023-06-17T12:40:30+00:00
SAO_5013-10,São Paulo,3550308,True,,1117,,,-23.682060999999997,-46.633000499999994,,,,1,2023-06-17T12:40:31+00:00
SAO_5013-10,São Paulo,3550308,True,,1117,,,-23.684678499999997,-46.633152,,,,1,2023-06-17T12:40:42+00:00
SAO_3160-10,São Paulo,3550308,True,EMTU,125,https://moovitapp.com/index/pt-br/transporte_p%C3%BAblico-line-125-Sao_Paulo-242-2038937-36419283-0,5.15,-23.551912,-46.606304,,,,1,2023-06-17T12:40:37+00:00
SAO_3160-10,São Paulo,3550308,True,EMTU,125,https://moovitapp.com/index/pt-br/transporte_p%C3%BAblico-line-125-Sao_Paulo-242-2038937-36419283-0,5.15,-23.5742285,-46.5873485,,,,1,2023-06-17T12:40:41+00:00
SAO_3160-10,São Paulo,3550308,True,EMTU,125,https://moovitapp.com/index/pt-br/transporte_p%C3%BAblico-line-125-Sao_Paulo-242-2038937-36419283-0,5.15,-23.5463875,-46.630173,,,,1,2023-06-17T12:40:45+00:00
SAO_4027-10,São Paulo,3550308,True,,1097,,,-23.641877,-46.439374,,,,1,2023-06-17T12:40:44+00:00
SAO_4027-10,São Paulo,3550308,True,,1097,,,-23.634753500000002,-46.4433935,,,,1,2023-06-17T12:39:55+00:00
SAO_4027-10,São Paulo,3550308,True,,1097,,,-23.641898,-46.438882500000005,,,,1,2023-06-17T12:40:43+00:00
SAO_4027-10,São Paulo,3550308,True,,1097,,,-23.6132725,-46.472132,,,,1,2023-06-17T12:40:40+00:00
SAO_4027-10,São Paulo,3550308,True,,1097,,,-23.641896000000003,-46.4389945,,,,1,2023-06-17T12:40:22+00:00
SAO_4027-10,São Paulo,3550308,True,,1097,,,-23.601649,-46.4833325,,,,1,2023-06-17T12:40:01+00:00
SAO_6016-41,São Paulo,3550308,True,,34474,,,-23.771125499999997,-46.68038850000001,,,,2,2023-06-17T12:40:25+00:00
SAO_6016-41,São Paulo,3550308,True,,34474,,,-23.774729,-46.675773500000005,,,,2,2023-06-17T12:40:18+00:00
SAO_2703-10,São Paulo,3550308,True,,33683,,,-23.529075,-46.42023275,,,,2,2023-06-17T12:39:31+00:00
SAO_2703-10,São Paulo,3550308,True,,33683,,,-23.540009,-46.472531000000004,,,,2,2023-06-17T12:40:19+00:00
SAO_2703-10,São Paulo,3550308,True,,33683,,,-23.541984999999997,-46.4710195,,,,2,2023-06-17T12:40:11+00:00
SAO_2703-10,São Paulo,3550308,True,,33683,,,-23.528895,-46.420494250000004,,,,2,2023-06-17T12:40:27+00:00
SAO_2703-10,São Paulo,3550308,True,,33683,,,-23.5251395,-46.435331500000004,,,,2,2023-06-17T12:40:31+00:00
SAO_2703-10,São Paulo,3550308,True,,33683,,,-23.529075,-46.42023275,,,,2,2023-06-17T12:40:42+00:00
SAO_2703-10,São Paulo,3550308,True,,33683,,,-23.541984999999997,-46.4710195,,,,2,2023-06-17T12:39:35+00:00
SAO_2703-10,São Paulo,3550308,True,,33683,,,-23.524955249999998,-46.4188215,,,,2,2023-06-17T12:40:19+00:00
SAO_2703-10,São Paulo,3550308,True,,33683,,,-23.529125,-46.4206985,,,,2,2023-06-17T12:40:36+00:00
SAO_2290-10,São Paulo,3550308,True,,718,,,-23.586525,-46.49109025,,,,1,2023-06-17T12:39:59+00:00
SAO_2290-10,São Paulo,3550308,True,,718,,,-23.601889,-46.483127499999995,,,,1,2023-06-17T12:40:14+00:00
SAO_2290-10,São Paulo,3550308,True,,718,,,-23.540216,-46.61209975,,,,1,2023-06-17T12:40:15+00:00
SAO_2290-10,São Paulo,3550308,True,,718,,,-23.5563895,-46.525339,,,,1,2023-06-17T12:40:43+00:00
SAO_2290-10,São Paulo,3550308,True,,718,,,-23.5433835,-46.546713,,,,1,2023-06-17T12:40:14+00:00
SAO_2290-10,São Paulo,3550308,True,,718,,,-23.5840845,-46.492261,,,,1,2023-06-17T12:40:18+00:00
SAO_2290-10,São Paulo,3550308,True,,718,,,-23.545999875,-46.643137875,,,,1,2023-06-17T12:40:44+00:00
SAO_2290-10,São Paulo,3550308,True,,718,,,-23.5461345,-46.630341,,,,1,2023-06-17T12:40:04+00:00
SAO_2290-10,São Paulo,3550308,True,,718,,,-23.6131955,-46.476123,,,,1,2023-06-17T12:40:27+00:00
SAO_2290-10,São Paulo,3550308,True,,718,,,-23.5354965,-46.5703025,,,,1,2023-06-17T12:40:00+00:00
SAO_2290-10,São Paulo,3550308,True,,718,,,-23.608943,-46.477615,,,,1,2023-06-17T12:40:32+00:00
SAO_2290-10,São Paulo,3550308,True,,718,,,-23.544152,-46.622718250000005,,,,1,2023-06-17T12:40:14+00:00
SAO_2290-10,São Paulo,3550308,True,,718,,,-23.585833875,-46.49137,,,,1,2023-06-17T12:40:03+00:00
SAO_2290-10,São Paulo,3550308,True,,718,,,-23.5357855,-46.558400500000005,,,,1,2023-06-17T12:40:12+00:00
SAO_2290-10,São Paulo,3550308,True,,718,,,-23.544759749999997,-46.62593625,,,,1,2023-06-17T12:40:12+00:00
SAO_2290-10,São Paulo,3550308,True,,718,,,-23.546634500000003,-46.6300045,,,,1,2023-06-17T12:40:22+00:00
SAO_2290-10,São Paulo,3550308,True,,718,,,-23.55016825,-46.533999,,,,1,2023-06-17T12:40:19+00:00
SAO_2100-10,São Paulo,3550308,True,STT,713,https://moovitapp.com/index/pt-br/transporte_p%C3%BAblico-line-713-Sao_Paulo-242-850661-183342-0,5.3,-23.558524,-46.5850025,,,,1,2023-06-17T12:40:08+00:00
SAO_2100-10,São Paulo,3550308,True,STT,713,https://moovitapp.com/index/pt-br/transporte_p%C3%BAblico-line-713-Sao_Paulo-242-850661-183342-0,5.3,-23.5686495,-46.5278115,,,,1,2023-06-17T12:40:24+00:00
SAO_2100-10,São Paulo,3550308,True,STT,713,https://moovitapp.com/index/pt-br/transporte_p%C3%BAblico-line-713-Sao_Paulo-242-850661-183342-0,5.3,-23.5494795,-46.632911,,,,1,2023-06-17T12:40:30+00:00
SAO_2100-10,São Paulo,3550308,True,STT,713,https://moovitapp.com/index/pt-br/transporte_p%C3%BAblico-line-713-Sao_Paulo-242-850661-183342-0,5.3,-23.562353,-46.557218,,,,1,2023-06-17T12:40:43+00:00
SAO_2100-10,São Paulo,3550308,True,STT,713,https://moovitapp.com/index/pt-br/transporte_p%C3%BAblico-line-713-Sao_Paulo-242-850661-183342-0,5.3,-23.55347475,-46.60600475,,,,1,2023-06-17T12:40:45+00:00
SAO_2100-10,São Paulo,3550308,True,STT,713,https://moovitapp.com/index/pt-br/transporte_p%C3%BAblico-line-713-Sao_Paulo-242-850661-183342-0,5.3,-23.566536875,-46.544260375,,,,1,2023-06-17T12:40:06+00:00
SAO_2100-10,São Paulo,3550308,True,STT,713,https://moovitapp.com/index/pt-br/transporte_p%C3%BAblico-line-713-Sao_Paulo-242-850661-183342-0,5.3,-23.5587215,-46.522659000000004,,,,1,2023-06-17T12:40:23+00:00
SAO_2100-10,São Paulo,3550308,True,STT,713,https://moovitapp.com/index/pt-br/transporte_p%C3%BAblico-line-713-Sao_Paulo-242-850661-183342-0,5.3,-23.551504,-46.6066425,,,,1,2023-06-17T12:40:29+00:00
SAO_273R-10,São Paulo,3550308,True,,32994,,,-23.540395,-46.4831425,,,,2,2023-06-17T12:40:15+00:00
SAO_273R-10,São Paulo,3550308,True,,32994,,,-23.512141,-46.435037,,,,2,2023-06-17T12:40:26+00:00
SAO_273R-10,São Paulo,3550308,True,,32994,,,-23.522662999999998,-46.41263875,,,,2,2023-06-17T12:40:00+00:00
SAO_273R-10,São Paulo,3550308,True,,32994,,,-23.52228,-46.4125755,,,,2,2023-06-17T12:40:33+00:00
SAO_273R-10,São Paulo,3550308,True,,32994,,,-23.523021,-46.412696249999996,,,,2,2023-06-17T12:40:24+00:00
SAO_273R-10,São Paulo,3550308,True,,32994,,,-23.518619375,-46.475986625,,,,2,2023-06-17T12:40:06+00:00
SAO_6016-41,São Paulo,3550308,True,,1706,,,-23.755497,-46.687794,,,,1,2023-06-17T12:40:18+00:00
SAO_6016-41,São Paulo,3550308,True,,1706,,,-23.736994000000003,-46.69702,,,,1,2023-06-17T12:40:12+00:00
SAO_6013-10,São Paulo,3550308,True,,32954,,,-23.650396999999998,-46.718665,,,,2,2023-06-17T12:40:18+00:00
SAO_6013-10,São Paulo,3550308,True,,32954,,,-23.683644,-46.7697455,,,,2,2023-06-17T12:40:14+00:00
SAO_5164-41,São Paulo,3550308,True,,34385,,,-23.6405965,-46.63305,,,,2,2023-06-17T12:40:09+00:00
SAO_2733-10,São Paulo,3550308,True,,948,,,-23.5154165,-46.455321,,,,1,2023-06-17T12:40:29+00:00
SAO_2733-10,São Paulo,3550308,True,,948,,,-23.5157015,-46.462250999999995,,,,1,2023-06-17T12:40:09+00:00
SAO_2733-10,São Paulo,3550308,True,,948,,,-23.5157015,-46.462250999999995,,,,1,2023-06-17T12:40:16+00:00
SAO_2733-10,São Paulo,3550308,True,,948,,,-23.52940975,-46.4556305,,,,1,2023-06-17T12:40:30+00:00
SAO_4029-10,São Paulo,3550308,True,,33867,,,-23.60994525,-46.47948125,,,,2,2023-06-17T12:40:19+00:00
SAO_4029-10,São Paulo,3550308,True,,33867,,,-23.6105855,-46.4805655,,,,2,2023-06-17T12:40:21+00:00
SAO_4029-10,São Paulo,3550308,True,,33867,,,-23.5781735,-46.577866,,,,2,2023-06-17T12:40:42+00:00
SAO_4029-10,São Paulo,3550308,True,,33867,,,-23.6122965,-46.483047,,,,2,2023-06-17T12:40:18+00:00
SAO_4029-10,São Paulo,3550308,True,,33867,,,-23.6105855,-46.4805655,,,,2,2023-06-17T12:40:39+00:00
SAO_4029-10,São Paulo,3550308,True,,33867,,,-23.602894999999997,-46.510341499999996,,,,2,2023-06-17T12:40:38+00:00
SAO_4029-10,São Paulo,3550308,True,,33867,,,-23.585109,-46.583715,,,,2,2023-06-17T12:40:46+00:00
SAO_4029-10,São Paulo,3550308,True,,33867,,,-23.59704125,-46.533554,,,,2,2023-06-17T12:40:45+00:00
SAO_5178-10,São Paulo,3550308,True,,33363,,,-23.681347000000002,-46.6423335,,,,2,2023-06-17T12:30:17+00:00
SAO_5178-10,São Paulo,3550308,True,,33363,,,-23.634141,-46.6691485,,,,2,2023-06-17T12:40:35+00:00
SAO_128Y-10,São Paulo,3550308,True,,33611,,,-23.487554,-46.653290999999996,,,,2,2023-06-17T12:40:03+00:00
SAO_128Y-10,São Paulo,3550308,True,,33611,,,-23.457446,-46.673119,,,,2,2023-06-17T12:39:59+00:00
SAO_128Y-10,São Paulo,3550308,True,,33611,,,-23.4582455,-46.6676925,,,,2,2023-06-17T12:40:23+00:00
SAO_128Y-10,São Paulo,3550308,True,,33611,,,-23.4577015,-46.6729265,,,,2,2023-06-17T12:40:46+00:00
SAO_128Y-10,São Paulo,3550308,True,,33611,,,-23.457446,-46.673119,,,,2,2023-06-17T12:40:21+00:00
SAO_128Y-10,São Paulo,3550308,True,,33611,,,-23.457446,-46.673119,,,,2,2023-06-17T12:40:33+00:00
SAO_6072-10,São Paulo,3550308,True,,34356,,,-23.8274015,-46.69739250000001,,,,2,2023-06-17T12:40:21+00:00
SAO_6072-10,São Paulo,3550308,True,,34356,,,-23.798581,-46.709466000000006,,,,2,2023-06-17T12:40:07+00:00
SAO_6072-10,São Paulo,3550308,True,,34356,,,-23.827348,-46.69764012499999,,,,2,2023-06-17T12:40:39+00:00
SAO_6072-10,São Paulo,3550308,True,,34356,,,-23.8274015,-46.69739250000001,,,,2,2023-06-17T12:40:25+00:00
SAO_6072-10,São Paulo,3550308,True,,34356,,,-23.765554,-46.7166915,,,,2,2023-06-17T12:40:41+00:00
SAO_6072-10,São Paulo,3550308,True,,34356,,,-23.8274015,-46.69739250000001,,,,2,2023-06-17T12:40:47+00:00
SAO_6072-10,São Paulo,3550308,True,,34356,,,-23.8274015,-46.69739250000001,,,,2,2023-06-17T12:40:30+00:00
SAO_6072-10,São Paulo,3550308,True,,34356,,,-23.771970500000002,-46.719663499999996,,,,2,2023-06-17T12:40:29+00:00
SAO_6072-10,São Paulo,3550308,True,,34356,,,-23.826463,-46.702402500000005,,,,2,2023-06-17T12:40:27+00:00
SAO_6072-10,São Paulo,3550308,True,,34356,,,-23.8274015,-46.69739250000001,,,,2,2023-06-17T12:40:39+00:00
SAO_675K-10,São Paulo,3550308,True,EMTU,198,https://moovitapp.com/index/pt-br/transporte_p%C3%BAblico-line-198-Sao_Paulo-242-2038937-59811937-0,6.35,-23.67163175,-46.7409715,,,,1,2023-06-17T12:40:42+00:00
SAO_675K-10,São Paulo,3550308,True,EMTU,198,https://moovitapp.com/index/pt-br/transporte_p%C3%BAblico-line-198-Sao_Paulo-242-2038937-59811937-0,6.35,-23.654648,-46.706824999999995,,,,1,2023-06-17T12:40:23+00:00
SAO_675K-10,São Paulo,3550308,True,EMTU,198,https://moovitapp.com/index/pt-br/transporte_p%C3%BAblico-line-198-Sao_Paulo-242-2038937-59811937-0,6.35,-23.598833,-46.637642,,,,1,2023-06-17T12:40:40+00:00
SAO_675K-10,São Paulo,3550308,True,EMTU,198,https://moovitapp.com/index/pt-br/transporte_p%C3%BAblico-line-198-Sao_Paulo-242-2038937-59811937-0,6.35,-23.690517,-46.7737425,,,,1,2023-06-17T12:40:24+00:00
SAO_675K-10,São Paulo,3550308,True,EMTU,198,https://moovitapp.com/index/pt-br/transporte_p%C3%BAblico-line-198-Sao_Paulo-242-2038937-59811937-0,6.35,-23.620468375,-46.678004,,,,1,2023-06-17T12:40:42+00:00
SAO_675K-10,São Paulo,3550308,True,EMTU,198,https://moovitapp.com/index/pt-br/transporte_p%C3%BAblico-line-198-Sao_Paulo-242-2038937-59811937-0,6.35,-23.5992155,-46.637646000000004,,,,1,2023-06-17T12:40:40+00:00
SAO_675K-10,São Paulo,3550308,True,EMTU,198,https://moovitapp.com/index/pt-br/transporte_p%C3%BAblico-line-198-Sao_Paulo-242-2038937-59811937-0,6.35,-23.604212250000003,-46.662688,,,,1,2023-06-17T12:40:43+00:00
SAO_675K-10,São Paulo,3550308,True,EMTU,198,https://moovitapp.com/index/pt-br/transporte_p%C3%BAblico-line-198-Sao_Paulo-242-2038937-59811937-0,6.35,-23.688371999999998,-46.77244137500001,,,,1,2023-06-17T12:40:32+00:00
SAO_675K-10,São Paulo,3550308,True,EMTU,198,https://moovitapp.com/index/pt-br/transporte_p%C3%BAblico-line-198-Sao_Paulo-242-2038937-59811937-0,6.35,-23.644948375,-46.700573000000006,,,,1,2023-06-17T12:40:43+00:00
SAO_675K-10,São Paulo,3550308,True,EMTU,198,https://moovitapp.com/index/pt-br/transporte_p%C3%BAblico-line-198-Sao_Paulo-242-2038937-59811937-0,6.35,-23.596066375,-46.65354425,,,,1,2023-06-17T12:40:15+00:00
SAO_675K-10,São Paulo,3550308,True,EMTU,198,https://moovitapp.com/index/pt-br/transporte_p%C3%BAblico-line-198-Sao_Paulo-242-2038937-59811937-0,6.35,-23.690517,-46.7737425,,,,1,2023-06-17T12:40:02+00:00
SAO_3778-10,São Paulo,3550308,True,,1062,,,-23.5746835,-46.4948975,,,,1,2023-06-17T12:40:18+00:00
SAO_3778-10,São Paulo,3550308,True,,1062,,,-23.546333,-46.542565,,,,1,2023-06-17T12:40:11+00:00
SAO_3778-10,São Paulo,3550308,True,,1062,,,-23.5555425,-46.52606,,,,1,2023-06-17T12:40:41+00:00
SAO_3778-10,São Paulo,3550308,True,,1062,,,-23.5431195,-46.564417,,,,1,2023-06-17T12:40:39+00:00
SAO_3778-10,São Paulo,3550308,True,,1062,,,-23.5726495,-46.504860875,,,,1,2023-06-17T12:40:13+00:00
SAO_2720-10,São Paulo,3550308,True,,33701,,,-23.49082825,-46.4746135,,,,2,2023-06-17T12:40:29+00:00
SAO_2720-10,São Paulo,3550308,True,,33701,,,-23.5075325,-46.489591250000004,,,,2,2023-06-17T12:40:25+00:00
SAO_2720-10,São Paulo,3550308,True,,33701,,,-23.492762,-46.4711185,,,,2,2023-06-17T12:40:18+00:00
SAO_2720-10,São Paulo,3550308,True,,33701,,,-23.493021,-46.470974,,,,2,2023-06-17T12:40:22+00:00
SAO_2720-10,São Paulo,3550308,True,,33701,,,-23.5171875,-46.509521,,,,2,2023-06-17T12:40:28+00:00
SAO_4051-10,São Paulo,3550308,True,,2144,,,-23.5502405,-46.407219999999995,,,,1,2023-06-17T12:40:32+00:00
SAO_4051-10,São Paulo,3550308,True,,2144,,,-23.563900250000003,-46.40218,,,,1,2023-06-17T12:40:11+00:00
SAO_4051-10,São Paulo,3550308,True,,2144,,,-23.561616,-46.401831,,,,1,2023-06-17T12:40:20+00:00
SAO_4288-10,São Paulo,3550308,True,,33058,,,-23.594721,-46.554798000000005,,,,2,2023-06-17T12:40:44+00:00
SAO_4288-10,São Paulo,3550308,True,,33058,,,-23.611155,-46.519178499999995,,,,2,2023-06-17T12:40:32+00:00
SAO_5123-10,São Paulo,3550308,True,,1125,,,-23.605085000000003,-46.636889499999995,,,,1,2023-06-17T12:40:37+00:00
SAO_5123-10,São Paulo,3550308,True,,1125,,,-23.678448500000002,-46.630771499999994,,,,1,2023-06-17T12:40:46+00:00
SAO_5123-10,São Paulo,3550308,True,,1125,,,-23.663682,-46.637802,,,,1,2023-06-17T12:40:27+00:00
SAO_5123-10,São Paulo,3550308,True,,1125,,,-23.6753735,-46.642289500000004,,,,1,2023-06-17T12:40:12+00:00
SAO_5123-10,São Paulo,3550308,True,,1125,,,-23.619467,-46.63935575000001,,,,1,2023-06-17T12:40:42+00:00
SAO_5123-10,São Paulo,3550308,True,,1125,,,-23.59562275,-46.642447000000004,,,,1,2023-06-17T12:40:38+00:00
SAO_4310-10,São Paulo,3550308,True,,34928,,,-23.538015,-46.456162,,,,2,2023-06-17T12:40:29+00:00
SAO_4310-10,São Paulo,3550308,True,,34928,,,-23.53941375,-46.5710875,,,,2,2023-06-17T12:40:39+00:00
SAO_4310-10,São Paulo,3550308,True,,34928,,,-23.534565999999998,-46.4530625,,,,2,2023-06-17T12:40:41+00:00
SAO_4310-10,São Paulo,3550308,True,,34928,,,-23.547287750000002,-46.600774625,,,,2,2023-06-17T12:40:28+00:00
SAO_4310-10,São Paulo,3550308,True,,34928,,,-23.53225175,-46.53098425,,,,2,2023-06-17T12:40:18+00:00
SAO_5614-21,São Paulo,3550308,True,,2464,,,-23.702942,-46.624928,,,,1,2023-06-17T12:40:42+00:00
SAO_5614-21,São Paulo,3550308,True,,2464,,,-23.689128250000003,-46.67233349999999,,,,1,2023-06-17T12:40:38+00:00
SAO_5614-21,São Paulo,3550308,True,,2464,,,-23.63814,-46.6719285,,,,1,2023-06-17T12:40:11+00:00
SAO_5614-21,São Paulo,3550308,True,,2464,,,-23.65208925,-46.67896425,,,,1,2023-06-17T12:40:30+00:00
SAO_695H-10,São Paulo,3550308,True,,1196,,,-23.7183235,-46.698864,,,,1,2023-06-17T12:40:42+00:00
SAO_695H-10,São Paulo,3550308,True,,1196,,,-23.682358750000002,-46.693187249999994,,,,1,2023-06-17T12:40:34+00:00
SAO_695H-10,São Paulo,3550308,True,,1196,,,-23.766574,-46.719099,,,,1,2023-06-17T12:40:01+00:00
SAO_352A-10,São Paulo,3550308,True,,164,,,-23.532367,-46.45353425,,,,1,2023-06-17T12:40:36+00:00
SAO_352A-10,São Paulo,3550308,True,,164,,,-23.580129,-46.4872175,,,,1,2023-06-17T12:40:26+00:00
SAO_352A-10,São Paulo,3550308,True,,164,,,-23.4884655,-46.4363225,,,,1,2023-06-17T12:40:18+00:00
SAO_352A-10,São Paulo,3550308,True,,164,,,-23.477532,-46.419004,,,,1,2023-06-17T12:40:20+00:00
SAO_352A-10,São Paulo,3550308,True,,164,,,-23.613432500000002,-46.476448,,,,1,2023-06-17T12:40:39+00:00
SAO_6091-10,São Paulo,3550308,True,,1175,,,-23.70004375,-46.701075625,,,,1,2023-06-17T12:40:20+00:00
SAO_6091-10,São Paulo,3550308,True,,1175,,,-23.8403865,-46.719464,,,,1,2023-06-17T12:40:39+00:00
SAO_6091-10,São Paulo,3550308,True,,1175,,,-23.670217875,-46.703531625,,,,1,2023-06-17T12:39:47+00:00
SAO_6091-10,São Paulo,3550308,True,,1175,,,-23.754177,-46.711667,,,,1,2023-06-17T12:40:30+00:00
SAO_6091-10,São Paulo,3550308,True,,1175,,,-23.807117499999997,-46.736568500000004,,,,1,2023-06-17T12:40:18+00:00
SAO_6091-10,São Paulo,3550308,True,,1175,,,-23.689155,-46.697402499999995,,,,1,2023-06-17T12:40:36+00:00
SAO_695V-10,São Paulo,3550308,True,,8,,,-23.604592500000003,-46.663047125,,,,1,2023-06-17T12:39:59+00:00
SAO_695V-10,São Paulo,3550308,True,,8,,,-23.654617,-46.762697,,,,1,2023-06-17T12:40:35+00:00
SAO_695V-10,São Paulo,3550308,True,,8,,,-23.644312499999998,-46.700385,,,,1,2023-06-17T12:40:21+00:00
SAO_1738-10,São Paulo,3550308,True,,33440,,,-23.4736905,-46.58086,,,,2,2023-06-17T12:40:08+00:00
SAO_1738-10,São Paulo,3550308,True,,33440,,,-23.495300937499998,-46.6104878125,,,,2,2023-06-17T12:40:14+00:00
SAO_1738-10,São Paulo,3550308,True,,33440,,,-23.4735475,-46.581099,,,,2,2023-06-17T12:40:39+00:00
SAO_4724-10,São Paulo,3550308,True,,34828,,,-23.536869625,-46.5029365,,,,2,2023-06-17T12:39:59+00:00
SAO_9011-21,São Paulo,3550308,True,,1768,,,-23.4547945,-46.738510500000004,,,,1,2023-06-17T12:39:52+00:00
SAO_9011-21,São Paulo,3550308,True,,1768,,,-23.4547945,-46.738510500000004,,,,1,2023-06-17T12:40:23+00:00
SAO_9011-21,São Paulo,3550308,True,,1768,,,-23.4547945,-46.738510500000004,,,,1,2023-06-17T12:40:34+00:00
SAO_9011-21,São Paulo,3550308,True,,1768,,,-23.4547945,-46.738510500000004,,,,1,2023-06-17T12:40:01+00:00
SAO_9011-21,São Paulo,3550308,True,,1768,,,-23.44199575,-46.73411675,,,,1,2023-06-17T12:40:13+00:00
SAO_9011-21,São Paulo,3550308,True,,1768,,,-23.4547945,-46.738510500000004,,,,1,2023-06-17T12:40:20+00:00
SAO_9009-10,São Paulo,3550308,True,,877,,,-23.4555595,-46.693365,,,,1,2023-06-17T12:40:13+00:00
SAO_9009-10,São Paulo,3550308,True,,877,,,-23.4477075,-46.708862499999995,,,,1,2023-06-17T12:40:32+00:00
SAO_9009-10,São Paulo,3550308,True,,877,,,-23.448075,-46.708777999999995,,,,1,2023-06-17T12:40:18+00:00
SAO_9009-10,São Paulo,3550308,True,,877,,,-23.4477075,-46.708862499999995,,,,1,2023-06-17T12:40:07+00:00
SAO_9009-10,São Paulo,3550308,True,,877,,,-23.435700375000003,-46.717766875,,,,1,2023-06-17T12:40:43+00:00
SAO_3053-10,São Paulo,3550308,True,,33741,,,-23.5591285,-46.5674245,,,,2,2023-06-17T12:40:04+00:00
SAO_3053-10,São Paulo,3550308,True,,33741,,,-23.5748245,-46.54217,,,,2,2023-06-17T12:40:04+00:00
SAO_3053-10,São Paulo,3550308,True,,33741,,,-23.5429775,-46.588603500000005,,,,2,2023-06-17T12:40:25+00:00
SAO_3053-10,São Paulo,3550308,True,,33741,,,-23.585588,-46.4950305,,,,2,2023-06-17T12:40:06+00:00
SAO_3053-10,São Paulo,3550308,True,,33741,,,-23.5553185,-46.575342000000006,,,,2,2023-06-17T12:40:32+00:00
SAO_3053-10,São Paulo,3550308,True,,33741,,,-23.584505,-46.494721,,,,2,2023-06-17T12:40:08+00:00
SAO_3053-10,São Paulo,3550308,True,,33741,,,-23.5429775,-46.588603500000005,,,,2,2023-06-17T12:40:36+00:00
SAO_3053-10,São Paulo,3550308,True,,33741,,,-23.584741,-46.495041,,,,2,2023-06-17T12:40:38+00:00
SAO_3053-10,São Paulo,3550308,True,,33741,,,-23.591747,-46.500175,,,,2,2023-06-17T12:40:04+00:00
SAO_6000-10,São Paulo,3550308,True,,1140,,,-23.7852955,-46.725956,,,,1,2023-06-17T12:40:15+00:00
SAO_6000-10,São Paulo,3550308,True,,1140,,,-23.714960750000003,-46.70706,,,,1,2023-06-17T12:40:36+00:00
SAO_6000-10,São Paulo,3550308,True,,1140,,,-23.754798,-46.712202500000004,,,,1,2023-06-17T12:40:16+00:00
SAO_6000-10,São Paulo,3550308,True,,1140,,,-23.662343874999998,-46.706628,,,,1,2023-06-17T12:40:37+00:00
SAO_6000-10,São Paulo,3550308,True,,1140,,,-23.812842375,-46.73570825,,,,1,2023-06-17T12:40:17+00:00
SAO_6000-10,São Paulo,3550308,True,,1140,,,-23.654222500000003,-46.710669,,,,1,2023-06-17T12:40:08+00:00
SAO_6000-10,São Paulo,3550308,True,,1140,,,-23.735196000000002,-46.699056,,,,1,2023-06-17T12:40:34+00:00
SAO_6000-10,São Paulo,3550308,True,,1140,,,-23.6659965,-46.711823,,,,1,2023-06-17T12:40:22+00:00
SAO_6000-10,São Paulo,3550308,True,,1140,,,-23.8284425,-46.72717900000001,,,,1,2023-06-17T12:40:09+00:00
SAO_5164-10,São Paulo,3550308,True,,1283,,,-23.6431975,-46.6622785,,,,1,2023-06-17T12:40:44+00:00
SAO_5164-10,São Paulo,3550308,True,,1283,,,-23.6466305,-46.6450555,,,,1,2023-06-17T12:40:45+00:00
SAO_5164-10,São Paulo,3550308,True,,1283,,,-23.616361,-46.638671125,,,,1,2023-06-17T12:40:27+00:00
SAO_5164-10,São Paulo,3550308,True,,1283,,,-23.651386625,-46.65262375,,,,1,2023-06-17T12:40:16+00:00
SAO_1764-10,São Paulo,3550308,True,,33393,,,-23.49109925,-46.624753,,,,2,2023-06-17T12:40:06+00:00
SAO_1764-10,São Paulo,3550308,True,,33393,,,-23.4257975,-46.581669500000004,,,,2,2023-06-17T12:40:05+00:00
SAO_1764-10,São Paulo,3550308,True,,33393,,,-23.4259,-46.581689,,,,2,2023-06-17T12:40:43+00:00
SAO_1764-10,São Paulo,3550308,True,,33393,,,-23.448492,-46.588145499999996,,,,2,2023-06-17T12:40:00+00:00
SAO_3029-10,São Paulo,3550308,True,,966,,,-23.585262999999998,-46.506369500000005,,,,1,2023-06-17T12:40:41+00:00
SAO_3029-10,São Paulo,3550308,True,,966,,,-23.54439225,-46.572809,,,,1,2023-06-17T12:40:36+00:00
SAO_3029-10,São Paulo,3550308,True,,966,,,-23.5765885,-46.5268365,,,,1,2023-06-17T12:40:26+00:00
SAO_3029-10,São Paulo,3550308,True,,966,,,-23.563045,-46.542648,,,,1,2023-06-17T12:40:39+00:00
SAO_3029-10,São Paulo,3550308,True,,966,,,-23.542948000000003,-46.547712250000004,,,,1,2023-06-17T12:40:40+00:00
SAO_3029-10,São Paulo,3550308,True,,966,,,-23.541215,-46.5774215,,,,1,2023-06-17T12:40:32+00:00
SAO_3029-10,São Paulo,3550308,True,,966,,,-23.5721435,-46.535728187500006,,,,1,2023-06-17T12:40:13+00:00
SAO_3029-10,São Paulo,3550308,True,,966,,,-23.58521975,-46.5108,,,,1,2023-06-17T12:40:24+00:00
SAO_5110-10,São Paulo,3550308,True,,2209,,,-23.58283675,-46.5702065,,,,1,2023-06-17T12:40:36+00:00
SAO_5110-10,São Paulo,3550308,True,,2209,,,-23.586304,-46.59854775,,,,1,2023-06-17T12:40:26+00:00
SAO_5110-10,São Paulo,3550308,True,,2209,,,-23.614496,-46.500415000000004,,,,1,2023-06-17T12:40:17+00:00
SAO_5110-10,São Paulo,3550308,True,,2209,,,-23.6107995,-46.5040705,,,,1,2023-06-17T12:37:58+00:00
SAO_5110-10,São Paulo,3550308,True,,2209,,,-23.6141145,-46.476496999999995,,,,1,2023-06-17T12:40:08+00:00
SAO_6338-10,São Paulo,3550308,True,,34061,,,-23.661125,-46.6506165,,,,2,2023-06-17T12:40:31+00:00
SAO_6338-10,São Paulo,3550308,True,,34061,,,-23.682443,-46.6377135,,,,2,2023-06-17T12:40:19+00:00
SAO_6338-10,São Paulo,3550308,True,,34061,,,-23.58114725,-46.6574995,,,,2,2023-06-17T12:40:36+00:00
SAO_3778-10,São Paulo,3550308,True,,33830,,,-23.538485,-46.563877000000005,,,,2,2023-06-17T12:40:23+00:00
SAO_3778-10,São Paulo,3550308,True,,33830,,,-23.567283375000002,-46.510680125,,,,2,2023-06-17T12:40:26+00:00
SAO_3778-10,São Paulo,3550308,True,,33830,,,-23.570334,-46.487399499999995,,,,2,2023-06-17T12:40:21+00:00
SAO_3778-10,São Paulo,3550308,True,,33830,,,-23.572778,-46.50440999999999,,,,2,2023-06-17T12:40:24+00:00
SAO_3778-10,São Paulo,3550308,True,,33830,,,-23.5699735,-46.486311,,,,2,2023-06-17T12:38:55+00:00
SAO_2769-10,São Paulo,3550308,True,,397,,,-23.490395,-46.419244000000006,,,,1,2023-06-17T12:39:49+00:00
SAO_2769-10,São Paulo,3550308,True,,397,,,-23.515363,-46.52040099999999,,,,1,2023-06-17T12:40:35+00:00
SAO_2769-10,São Paulo,3550308,True,,397,,,-23.4903105,-46.393899250000004,,,,1,2023-06-17T12:40:12+00:00
SAO_6L11-10,São Paulo,3550308,True,,1167,,,-23.7556485,-46.6714285,,,,1,2023-06-17T12:40:18+00:00
SAO_6L11-10,São Paulo,3550308,True,,1167,,,-23.801052,-46.6385585,,,,1,2023-06-17T12:40:04+00:00
SAO_6062-10,São Paulo,3550308,True,,33919,,,-23.7419425,-46.68161550000001,,,,2,2023-06-17T12:40:32+00:00
SAO_208V-10,São Paulo,3550308,True,Rápido Campinas,207,https://moovitapp.com/index/pt-br/transporte_p%C3%BAblico-line-207-Sao_Paulo-242-858660-638984-0,5.3,-23.54609,-46.6307405,,,,1,2023-06-17T12:40:21+00:00
SAO_208V-10,São Paulo,3550308,True,Rápido Campinas,207,https://moovitapp.com/index/pt-br/transporte_p%C3%BAblico-line-207-Sao_Paulo-242-858660-638984-0,5.3,-23.517753,-46.475941500000005,,,,1,2023-06-17T12:40:13+00:00
SAO_208V-10,São Paulo,3550308,True,Rápido Campinas,207,https://moovitapp.com/index/pt-br/transporte_p%C3%BAblico-line-207-Sao_Paulo-242-858660-638984-0,5.3,-23.52130125,-46.546188,,,,1,2023-06-17T12:40:34+00:00
SAO_208V-10,São Paulo,3550308,True,Rápido Campinas,207,https://moovitapp.com/index/pt-br/transporte_p%C3%BAblico-line-207-Sao_Paulo-242-858660-638984-0,5.3,-23.517386000000002,-46.4759985,,,,1,2023-06-17T12:40:15+00:00
SAO_208V-10,São Paulo,3550308,True,Rápido Campinas,207,https://moovitapp.com/index/pt-br/transporte_p%C3%BAblico-line-207-Sao_Paulo-242-858660-638984-0,5.3,-23.547219,-46.6295935,,,,1,2023-06-17T12:40:15+00:00
SAO_208V-10,São Paulo,3550308,True,Rápido Campinas,207,https://moovitapp.com/index/pt-br/transporte_p%C3%BAblico-line-207-Sao_Paulo-242-858660-638984-0,5.3,-23.535124,-46.5762615,,,,1,2023-06-17T12:40:41+00:00
SAO_208V-10,São Paulo,3550308,True,Rápido Campinas,207,https://moovitapp.com/index/pt-br/transporte_p%C3%BAblico-line-207-Sao_Paulo-242-858660-638984-0,5.3,-23.517753,-46.475941500000005,,,,1,2023-06-17T12:40:11+00:00
SAO_208V-10,São Paulo,3550308,True,Rápido Campinas,207,https://moovitapp.com/index/pt-br/transporte_p%C3%BAblico-line-207-Sao_Paulo-242-858660-638984-0,5.3,-23.517753,-46.475941500000005,,,,1,2023-06-17T12:40:25+00:00
SAO_208V-10,São Paulo,3550308,True,Rápido Campinas,207,https://moovitapp.com/index/pt-br/transporte_p%C3%BAblico-line-207-Sao_Paulo-242-858660-638984-0,5.3,-23.510282,-46.505006,,,,1,2023-06-17T12:40:06+00:00
SAO_208V-10,São Paulo,3550308,True,Rápido Campinas,207,https://moovitapp.com/index/pt-br/transporte_p%C3%BAblico-line-207-Sao_Paulo-242-858660-638984-0,5.3,-23.517753,-46.475941500000005,,,,1,2023-06-17T12:40:27+00:00
SAO_2735-10,São Paulo,3550308,True,,1921,,,-23.4986984375,-46.5279928125,,,,1,2023-06-17T12:40:30+00:00
SAO_2735-10,São Paulo,3550308,True,,1921,,,-23.51729825,-46.549601249999995,,,,1,2023-06-17T12:40:28+00:00
SAO_2735-10,São Paulo,3550308,True,,1921,,,-23.532948250000004,-46.54415025,,,,1,2023-06-17T12:40:33+00:00
SAO_2735-10,São Paulo,3550308,True,,1921,,,-23.502107375,-46.534354625,,,,1,2023-06-17T12:40:07+00:00
SAO_2735-10,São Paulo,3550308,True,,1921,,,-23.5334505,-46.5457105,,,,1,2023-06-17T12:40:12+00:00
SAO_6080-10,São Paulo,3550308,True,,1168,,,-23.67568,-46.67331825,,,,1,2023-06-17T12:40:20+00:00
SAO_6080-10,São Paulo,3550308,True,,1168,,,-23.713739750000002,-46.69859025,,,,1,2023-06-17T12:40:36+00:00
SAO_6080-10,São Paulo,3550308,True,,1168,,,-23.759982,-46.6777045,,,,1,2023-06-17T12:40:18+00:00
SAO_6080-10,São Paulo,3550308,True,,1168,,,-23.754685625,-46.674394125,,,,1,2023-06-17T12:40:31+00:00
SAO_6080-10,São Paulo,3550308,True,,1168,,,-23.679243250000003,-46.685855749999995,,,,1,2023-06-17T12:40:14+00:00
SAO_3134-10,São Paulo,3550308,True,,993,,,-23.582047,-46.536475499999995,,,,1,2023-06-17T12:40:19+00:00
SAO_3134-10,São Paulo,3550308,True,,993,,,-23.573187,-46.562423499999994,,,,1,2023-06-17T12:40:32+00:00
SAO_3134-10,São Paulo,3550308,True,,993,,,-23.59011075,-46.582215,,,,1,2023-06-17T12:40:47+00:00
SAO_3134-10,São Paulo,3550308,True,,993,,,-23.566796,-46.507122499999994,,,,1,2023-06-17T12:40:37+00:00
SAO_2017-10,São Paulo,3550308,True,,903,,,-23.5195115,-46.4125905,,,,1,2023-06-17T12:40:39+00:00
SAO_2017-10,São Paulo,3550308,True,,903,,,-23.495135,-46.4351205,,,,1,2023-06-17T12:40:48+00:00
SAO_2017-10,São Paulo,3550308,True,,903,,,-23.5195115,-46.4125905,,,,1,2023-06-17T12:40:07+00:00
SAO_2017-10,São Paulo,3550308,True,,903,,,-23.5078385,-46.415991500000004,,,,1,2023-06-17T12:40:33+00:00
SAO_736G-10,São Paulo,3550308,True,,33548,,,-23.632452999999998,-46.7480465,,,,2,2023-06-17T12:40:25+00:00
SAO_736G-10,São Paulo,3550308,True,,33548,,,-23.631642499999998,-46.701620500000004,,,,2,2023-06-17T12:40:07+00:00
SAO_736G-10,São Paulo,3550308,True,,33548,,,-23.64179,-46.7432275,,,,2,2023-06-17T12:40:25+00:00
SAO_118Y-10,São Paulo,3550308,True,EMTU,841,https://moovitapp.com/index/pt-br/transporte_p%C3%BAblico-line-841-Sao_Paulo-242-2038937-36419604-0,5.15,-23.502302,-46.6728475,,,,1,2023-06-17T12:40:19+00:00
SAO_118Y-10,São Paulo,3550308,True,EMTU,841,https://moovitapp.com/index/pt-br/transporte_p%C3%BAblico-line-841-Sao_Paulo-242-2038937-36419604-0,5.15,-23.481609499999998,-46.667509499999994,,,,1,2023-06-17T12:40:38+00:00
SAO_118Y-10,São Paulo,3550308,True,EMTU,841,https://moovitapp.com/index/pt-br/transporte_p%C3%BAblico-line-841-Sao_Paulo-242-2038937-36419604-0,5.15,-23.471871999999998,-46.6346485,,,,1,2023-06-17T12:39:25+00:00
SAO_118Y-10,São Paulo,3550308,True,EMTU,841,https://moovitapp.com/index/pt-br/transporte_p%C3%BAblico-line-841-Sao_Paulo-242-2038937-36419604-0,5.15,-23.471871999999998,-46.6346485,,,,1,2023-06-17T12:40:21+00:00
SAO_118Y-10,São Paulo,3550308,True,EMTU,841,https://moovitapp.com/index/pt-br/transporte_p%C3%BAblico-line-841-Sao_Paulo-242-2038937-36419604-0,5.15,-23.5152515,-46.694882,,,,1,2023-06-17T12:40:03+00:00
SAO_6500-10,São Paulo,3550308,True,,46,,,-23.577733000000002,-46.6710645,,,,1,2023-06-17T12:40:41+00:00
SAO_6500-10,São Paulo,3550308,True,,46,,,-23.636613125,-46.694776624999996,,,,1,2023-06-17T12:40:48+00:00
SAO_6500-10,São Paulo,3550308,True,,46,,,-23.549173,-46.640448,,,,1,2023-06-17T12:40:13+00:00
SAO_6044-10,São Paulo,3550308,True,,1221,,,-23.659893500000003,-46.7761195,,,,1,2023-06-17T12:40:07+00:00
SAO_6044-10,São Paulo,3550308,True,,1221,,,-23.649305,-46.7523525,,,,1,2023-06-17T12:40:35+00:00
SAO_6044-10,São Paulo,3550308,True,,1221,,,-23.642044249999998,-46.712233499999996,,,,1,2023-06-17T12:40:03+00:00
SAO_975A-10,São Paulo,3550308,True,EMTU,589,https://moovitapp.com/index/pt-br/transporte_p%C3%BAblico-line-589-Sao_Paulo-242-2038937-36419576-0,5.35,-23.504051249999996,-46.67993225000001,,,,1,2023-06-17T12:40:30+00:00
SAO_975A-10,São Paulo,3550308,True,EMTU,589,https://moovitapp.com/index/pt-br/transporte_p%C3%BAblico-line-589-Sao_Paulo-242-2038937-36419576-0,5.35,-23.5447605,-46.673707,,,,1,2023-06-17T12:40:02+00:00
SAO_5632-10,São Paulo,3550308,True,,81,,,-23.717583249999997,-46.703866500000004,,,,1,2023-06-17T12:40:23+00:00
SAO_5632-10,São Paulo,3550308,True,,81,,,-23.56357825,-46.64013575,,,,1,2023-06-17T12:40:04+00:00
SAO_5632-10,São Paulo,3550308,True,,81,,,-23.662931125,-46.70718,,,,1,2023-06-17T12:40:36+00:00
SAO_6028-10,São Paulo,3550308,True,,33979,,,-23.702140999999997,-46.744587499999994,,,,2,2023-06-17T12:40:06+00:00
SAO_6028-10,São Paulo,3550308,True,,33979,,,-23.702140999999997,-46.744587499999994,,,,2,2023-06-17T12:40:22+00:00
SAO_6028-10,São Paulo,3550308,True,,33979,,,-23.701850999999998,-46.7449765,,,,2,2023-06-17T12:40:03+00:00
SAO_6028-10,São Paulo,3550308,True,,33979,,,-23.702196999999998,-46.744181,,,,2,2023-06-17T12:40:27+00:00
SAO_6028-10,São Paulo,3550308,True,,33979,,,-23.668170500000002,-46.732837,,,,2,2023-06-17T12:40:30+00:00
SAO_6028-10,São Paulo,3550308,True,,33979,,,-23.702140999999997,-46.744587499999994,,,,2,2023-06-17T12:40:41+00:00
SAO_819A-10,São Paulo,3550308,True,Rápido Campinas,803,https://moovitapp.com/index/pt-br/transporte_p%C3%BAblico-line-803-Sao_Paulo-242-858660-544941-0,5.3,-23.4355445,-46.72847,,,,1,2023-06-17T12:40:20+00:00
SAO_819A-10,São Paulo,3550308,True,Rápido Campinas,803,https://moovitapp.com/index/pt-br/transporte_p%C3%BAblico-line-803-Sao_Paulo-242-858660-544941-0,5.3,-23.475863,-46.66387475,,,,1,2023-06-17T12:40:38+00:00
SAO_819A-10,São Paulo,3550308,True,Rápido Campinas,803,https://moovitapp.com/index/pt-br/transporte_p%C3%BAblico-line-803-Sao_Paulo-242-858660-544941-0,5.3,-23.4547725,-46.695882499999996,,,,1,2023-06-17T12:40:16+00:00
SAO_819A-10,São Paulo,3550308,True,Rápido Campinas,803,https://moovitapp.com/index/pt-br/transporte_p%C3%BAblico-line-803-Sao_Paulo-242-858660-544941-0,5.3,-23.447287250000002,-46.74545125,,,,1,2023-06-17T12:40:19+00:00
SAO_819A-10,São Paulo,3550308,True,Rápido Campinas,803,https://moovitapp.com/index/pt-br/transporte_p%C3%BAblico-line-803-Sao_Paulo-242-858660-544941-0,5.3,-23.442132625,-46.706932125,,,,1,2023-06-17T12:40:06+00:00
SAO_637G-10,São Paulo,3550308,True,EMTU,101,https://moovitapp.com/index/pt-br/transporte_p%C3%BAblico-line-101-Sao_Paulo-242-2038937-36419264-0,4.8,-23.652938749999997,-46.701730749999996,,,,1,2023-06-17T12:40:35+00:00
SAO_637G-10,São Paulo,3550308,True,EMTU,101,https://moovitapp.com/index/pt-br/transporte_p%C3%BAblico-line-101-Sao_Paulo-242-2038937-36419264-0,4.8,-23.7537615,-46.6807515,,,,1,2023-06-17T12:40:25+00:00
SAO_637G-10,São Paulo,3550308,True,EMTU,101,https://moovitapp.com/index/pt-br/transporte_p%C3%BAblico-line-101-Sao_Paulo-242-2038937-36419264-0,4.8,-23.7151,-46.698939499999994,,,,1,2023-06-17T12:40:30+00:00
SAO_637G-10,São Paulo,3550308,True,EMTU,101,https://moovitapp.com/index/pt-br/transporte_p%C3%BAblico-line-101-Sao_Paulo-242-2038937-36419264-0,4.8,-23.7537615,-46.6807515,,,,1,2023-06-17T12:40:41+00:00
SAO_637G-10,São Paulo,3550308,True,EMTU,101,https://moovitapp.com/index/pt-br/transporte_p%C3%BAblico-line-101-Sao_Paulo-242-2038937-36419264-0,4.8,-23.59324375,-46.672788,,,,1,2023-06-17T12:40:44+00:00
SAO_1709-10,São Paulo,3550308,True,,851,,,-23.4412375,-46.5814765,,,,1,2023-06-17T12:40:12+00:00
SAO_1709-10,São Paulo,3550308,True,,851,,,-23.4412375,-46.5814765,,,,1,2023-06-17T12:40:18+00:00
SAO_1709-10,São Paulo,3550308,True,,851,,,-23.446748999999997,-46.593317,,,,1,2023-06-17T12:40:16+00:00
SAO_1709-10,São Paulo,3550308,True,,851,,,-23.4412375,-46.5814765,,,,1,2023-06-17T12:40:39+00:00
SAO_1709-10,São Paulo,3550308,True,,851,,,-23.4412375,-46.5814765,,,,1,2023-06-17T12:40:42+00:00
SAO_1709-10,São Paulo,3550308,True,,851,,,-23.4412375,-46.5814765,,,,1,2023-06-17T12:40:34+00:00
SAO_1709-10,São Paulo,3550308,True,,851,,,-23.46394825,-46.596587625,,,,1,2023-06-17T12:40:02+00:00
SAO_1709-10,São Paulo,3550308,True,,851,,,-23.4412375,-46.5814765,,,,1,2023-06-17T12:40:47+00:00
SAO_1709-10,São Paulo,3550308,True,,851,,,-23.4412375,-46.5814765,,,,1,2023-06-17T12:40:06+00:00
SAO_1709-10,São Paulo,3550308,True,,851,,,-23.4412375,-46.5814765,,,,1,2023-06-17T12:39:59+00:00
SAO_1709-10,São Paulo,3550308,True,,851,,,-23.4412375,-46.5814765,,,,1,2023-06-17T12:40:34+00:00
SAO_1709-10,São Paulo,3550308,True,,851,,,-23.4412375,-46.5814765,,,,1,2023-06-17T12:40:03+00:00
SAO_5127-10,São Paulo,3550308,True,,33895,,,-23.68854925,-46.66362275,,,,2,2023-06-17T12:40:25+00:00
SAO_5127-10,São Paulo,3550308,True,,33895,,,-23.702263000000002,-46.639984,,,,2,2023-06-17T12:40:17+00:00
SAO_5127-10,São Paulo,3550308,True,,33895,,,-23.677825,-46.701614500000005,,,,2,2023-06-17T12:40:15+00:00
SAO_5127-10,São Paulo,3550308,True,,33895,,,-23.677825,-46.701614500000005,,,,2,2023-06-17T12:40:24+00:00
SAO_5127-10,São Paulo,3550308,True,,33895,,,-23.677825,-46.701614500000005,,,,2,2023-06-17T12:39:44+00:00
SAO_5127-10,São Paulo,3550308,True,,33895,,,-23.70211425,-46.640169,,,,2,2023-06-17T12:40:16+00:00
SAO_5127-10,São Paulo,3550308,True,,33895,,,-23.677825,-46.701614500000005,,,,2,2023-06-17T12:39:50+00:00
SAO_5127-10,São Paulo,3550308,True,,33895,,,-23.677825,-46.701614500000005,,,,2,2023-06-17T12:40:09+00:00
SAO_5127-10,São Paulo,3550308,True,,33895,,,-23.677825,-46.701614500000005,,,,2,2023-06-17T12:40:24+00:00
SAO_5127-10,São Paulo,3550308,True,,33895,,,-23.677825,-46.701614500000005,,,,2,2023-06-17T12:40:13+00:00
SAO_5127-10,São Paulo,3550308,True,,33895,,,-23.677825,-46.701614500000005,,,,2,2023-06-17T12:40:36+00:00
SAO_5127-10,São Paulo,3550308,True,,33895,,,-23.677825,-46.701614500000005,,,,2,2023-06-17T12:40:24+00:00
SAO_5127-10,São Paulo,3550308,True,,33895,,,-23.702232,-46.638964,,,,2,2023-06-17T12:40:24+00:00
SAO_5127-10,São Paulo,3550308,True,,33895,,,-23.677825,-46.701614500000005,,,,2,2023-06-17T12:40:16+00:00
SAO_5127-10,São Paulo,3550308,True,,33895,,,-23.677825,-46.701614500000005,,,,2,2023-06-17T12:40:31+00:00
SAO_5012-10,São Paulo,3550308,True,,1116,,,-23.681603000000003,-46.6374495,,,,1,2023-06-17T12:40:37+00:00
SAO_5012-10,São Paulo,3550308,True,,1116,,,-23.7097155,-46.6354455,,,,1,2023-06-17T12:40:29+00:00
SAO_5012-10,São Paulo,3550308,True,,1116,,,-23.7097155,-46.6354455,,,,1,2023-06-17T12:39:58+00:00
SAO_5012-10,São Paulo,3550308,True,,1116,,,-23.7038035,-46.632641,,,,1,2023-06-17T12:40:41+00:00
SAO_5012-10,São Paulo,3550308,True,,1116,,,-23.7091115,-46.630035,,,,1,2023-06-17T12:38:02+00:00
SAO_5012-10,São Paulo,3550308,True,,1116,,,-23.7097155,-46.6354455,,,,1,2023-06-17T12:40:05+00:00
SAO_5012-10,São Paulo,3550308,True,,1116,,,-23.66678125,-46.636874750000004,,,,1,2023-06-17T12:40:03+00:00
SAO_5012-10,São Paulo,3550308,True,,1116,,,-23.6460035,-46.6402605,,,,1,2023-06-17T12:40:26+00:00
SAO_5012-10,São Paulo,3550308,True,,1116,,,-23.7097155,-46.6354455,,,,1,2023-06-17T12:40:32+00:00
SAO_5012-10,São Paulo,3550308,True,,1116,,,-23.693279,-46.63177,,,,1,2023-06-17T12:40:01+00:00
SAO_8025-10,São Paulo,3550308,True,,2076,,,-23.59203575,-46.735672,,,,1,2023-06-17T12:39:58+00:00
SAO_8025-10,São Paulo,3550308,True,,2076,,,-23.59181125,-46.73579,,,,1,2023-06-17T12:40:10+00:00
SAO_8025-10,São Paulo,3550308,True,,2076,,,-23.5900615,-46.770019500000004,,,,1,2023-06-17T12:40:36+00:00
SAO_8025-10,São Paulo,3550308,True,,2076,,,-23.589164,-46.7621565,,,,1,2023-06-17T12:40:06+00:00
SAO_5106-31,São Paulo,3550308,True,,34073,,,-23.5989435,-46.6398885,,,,2,2023-06-17T12:40:11+00:00
SAO_5106-31,São Paulo,3550308,True,,34073,,,-23.634312,-46.642042,,,,2,2023-06-17T12:40:03+00:00
SAO_5106-31,São Paulo,3550308,True,,34073,,,-23.6954925,-46.64957,,,,2,2023-06-17T12:40:23+00:00
SAO_647A-10,São Paulo,3550308,True,,34083,,,-23.694454,-46.794375,,,,2,2023-06-17T12:40:27+00:00
SAO_647A-10,São Paulo,3550308,True,,34083,,,-23.685346,-46.800567,,,,2,2023-06-17T12:40:13+00:00
SAO_647A-10,São Paulo,3550308,True,,34083,,,-23.5909725,-46.7032995,,,,2,2023-06-17T12:40:47+00:00
SAO_647A-10,São Paulo,3550308,True,,34083,,,-23.622393000000002,-46.733672999999996,,,,2,2023-06-17T12:40:24+00:00
SAO_6035-10,São Paulo,3550308,True,,1213,,,-23.6677405,-46.73030275,,,,1,2023-06-17T12:40:20+00:00
SAO_6035-10,São Paulo,3550308,True,,1213,,,-23.714169,-46.7764545,,,,1,2023-06-17T12:40:34+00:00
SAO_6035-10,São Paulo,3550308,True,,1213,,,-23.6758325,-46.7489495,,,,1,2023-06-17T12:40:39+00:00
SAO_6035-10,São Paulo,3550308,True,,1213,,,-23.72062,-46.7558005,,,,1,2023-06-17T12:40:31+00:00
SAO_6035-10,São Paulo,3550308,True,,1213,,,-23.646299499999998,-46.704412000000005,,,,1,2023-06-17T12:40:00+00:00
SAO_6035-10,São Paulo,3550308,True,,1213,,,-23.72062,-46.7558005,,,,1,2023-06-17T12:40:27+00:00
SAO_6035-10,São Paulo,3550308,True,,1213,,,-23.72062,-46.7558005,,,,1,2023-06-17T12:40:10+00:00
SAO_513C-31,São Paulo,3550308,True,,2536,,,-23.565564000000002,-46.458077,,,,1,2023-06-17T12:40:30+00:00
SAO_513C-31,São Paulo,3550308,True,,2536,,,-23.600853,-46.536923,,,,1,2023-06-17T12:40:31+00:00
SAO_6913-10,São Paulo,3550308,True,,34233,,,-23.766890250000003,-46.7169705,,,,2,2023-06-17T12:40:10+00:00
SAO_6913-10,São Paulo,3550308,True,,34233,,,-23.76714475,-46.71695750000001,,,,2,2023-06-17T12:40:14+00:00
SAO_6913-10,São Paulo,3550308,True,,34233,,,-23.573234875,-46.666225875,,,,2,2023-06-17T12:40:12+00:00
SAO_6913-10,São Paulo,3550308,True,,34233,,,-23.714811750000003,-46.707439750000006,,,,2,2023-06-17T12:40:32+00:00
SAO_6913-10,São Paulo,3550308,True,,34233,,,-23.600634499999998,-46.67402875,,,,2,2023-06-17T12:40:37+00:00
SAO_6913-10,São Paulo,3550308,True,,34233,,,-23.6518805,-46.708862999999994,,,,2,2023-06-17T12:40:11+00:00
SAO_677A-10,São Paulo,3550308,True,,1239,,,-23.620607,-46.700401,,,,1,2023-06-17T12:40:26+00:00
SAO_677A-10,São Paulo,3550308,True,,1239,,,-23.648016499999997,-46.724995,,,,1,2023-06-17T12:40:09+00:00
SAO_677A-10,São Paulo,3550308,True,,1239,,,-23.672794,-46.744429,,,,1,2023-06-17T12:40:35+00:00
SAO_677A-10,São Paulo,3550308,True,,1239,,,-23.688184,-46.772277125,,,,1,2023-06-17T12:40:27+00:00
SAO_677A-10,São Paulo,3550308,True,,1239,,,-23.596569000000002,-46.69084599999999,,,,1,2023-06-17T12:40:40+00:00
SAO_354M-10,São Paulo,3550308,True,,1619,,,-23.567933,-46.4470435,,,,1,2023-06-17T12:40:30+00:00
SAO_354M-10,São Paulo,3550308,True,,1619,,,-23.5034395,-46.45628725,,,,1,2023-06-17T12:40:08+00:00
SAO_209P-10,São Paulo,3550308,True,,2216,,,-23.478749999999998,-46.673298,,,,1,2023-06-17T12:40:01+00:00
SAO_209P-10,São Paulo,3550308,True,,2216,,,-23.47120975,-46.67053275,,,,1,2023-06-17T12:40:27+00:00
SAO_209P-10,São Paulo,3550308,True,,2216,,,-23.497997499999997,-46.6850865,,,,1,2023-06-17T12:40:09+00:00
SAO_209P-10,São Paulo,3550308,True,,2216,,,-23.470886,-46.670557,,,,1,2023-06-17T12:40:26+00:00
SAO_209P-10,São Paulo,3550308,True,,2216,,,-23.47180475,-46.67047275,,,,1,2023-06-17T12:40:06+00:00
SAO_209P-10,São Paulo,3550308,True,,2216,,,-23.521904375,-46.6717591875,,,,1,2023-06-17T12:40:13+00:00
SAO_3729-10,São Paulo,3550308,True,,1026,,,-23.553709124999997,-46.563193125000005,,,,1,2023-06-17T12:40:10+00:00
SAO_3729-10,São Paulo,3550308,True,,1026,,,-23.567203,-46.543442999999996,,,,1,2023-06-17T12:40:35+00:00
SAO_3729-10,São Paulo,3550308,True,,1026,,,-23.565395000000002,-46.508859,,,,1,2023-06-17T12:40:21+00:00
SAO_3729-10,São Paulo,3550308,True,,1026,,,-23.541033499999998,-46.565886750000004,,,,1,2023-06-17T12:40:23+00:00
SAO_3729-10,São Paulo,3550308,True,,1026,,,-23.5847185,-46.521733000000005,,,,1,2023-06-17T12:40:44+00:00
SAO_3731-10,São Paulo,3550308,True,,33796,,,-23.532951750000002,-46.521763750000005,,,,2,2023-06-17T12:40:42+00:00
SAO_3731-10,São Paulo,3550308,True,,33796,,,-23.549899,-46.5114545,,,,2,2023-06-17T12:40:29+00:00
SAO_3731-10,São Paulo,3550308,True,,33796,,,-23.566467,-46.5072405,,,,2,2023-06-17T12:40:09+00:00
SAO_4020-10,São Paulo,3550308,True,,2530,,,-23.56241275,-46.4461925,,,,1,2023-06-17T12:40:09+00:00
SAO_4020-10,São Paulo,3550308,True,,2530,,,-23.5450425,-46.447448,,,,1,2023-06-17T12:40:36+00:00
SAO_6069-10,São Paulo,3550308,True,,33922,,,-23.756332999999998,-46.701766000000006,,,,2,2023-06-17T12:40:28+00:00
SAO_6069-10,São Paulo,3550308,True,,33922,,,-23.70607,-46.7010345,,,,2,2023-06-17T12:40:40+00:00
SAO_6069-10,São Paulo,3550308,True,,33922,,,-23.744763,-46.693926000000005,,,,2,2023-06-17T12:40:18+00:00
SAO_6069-10,São Paulo,3550308,True,,33922,,,-23.747371,-46.696248,,,,2,2023-06-17T12:40:25+00:00
SAO_5362-10,São Paulo,3550308,True,,32838,,,-23.549546,-46.636950999999996,,,,2,2023-06-17T12:40:24+00:00
SAO_5362-10,São Paulo,3550308,True,,32838,,,-23.7444975,-46.670542499999996,,,,2,2023-06-17T12:40:36+00:00
SAO_5362-10,São Paulo,3550308,True,,32838,,,-23.743607000000004,-46.665051375000004,,,,2,2023-06-17T12:40:44+00:00
SAO_5362-10,São Paulo,3550308,True,,32838,,,-23.579687,-46.6478485,,,,2,2023-06-17T12:40:36+00:00
SAO_5362-10,São Paulo,3550308,True,,32838,,,-23.661725,-46.7062455,,,,2,2023-06-17T12:40:17+00:00
SAO_8013-41,São Paulo,3550308,True,,2011,,,-23.4317485,-46.80053,,,,1,2023-06-17T12:40:36+00:00
SAO_208V-10,São Paulo,3550308,True,,32975,,,-23.5476865,-46.6292585,,,,2,2023-06-17T12:40:20+00:00
SAO_208V-10,São Paulo,3550308,True,,32975,,,-23.5476865,-46.6292585,,,,2,2023-06-17T12:40:44+00:00
SAO_208V-10,São Paulo,3550308,True,,32975,,,-23.5476865,-46.6292585,,,,2,2023-06-17T12:40:27+00:00
SAO_208V-10,São Paulo,3550308,True,,32975,,,-23.5476865,-46.6292585,,,,2,2023-06-17T12:40:13+00:00
SAO_208V-10,São Paulo,3550308,True,,32975,,,-23.518814499999998,-46.475541,,,,2,2023-06-17T12:40:12+00:00
SAO_208V-10,São Paulo,3550308,True,,32975,,,-23.5476865,-46.6292585,,,,2,2023-06-17T12:40:31+00:00
SAO_208V-10,São Paulo,3550308,True,,32975,,,-23.51775,-46.4757475,,,,2,2023-06-17T12:40:31+00:00
SAO_208V-10,São Paulo,3550308,True,,32975,,,-23.538661,-46.6044205,,,,2,2023-06-17T12:40:20+00:00
SAO_208V-10,São Paulo,3550308,True,,32975,,,-23.522807,-46.535904,,,,2,2023-06-17T12:40:13+00:00
SAO_208V-10,São Paulo,3550308,True,,32975,,,-23.514505999999997,-46.519288,,,,2,2023-06-17T12:40:37+00:00
SAO_208V-10,São Paulo,3550308,True,,32975,,,-23.517572,-46.475783,,,,2,2023-06-17T12:40:23+00:00
SAO_208V-10,São Paulo,3550308,True,,32975,,,-23.51775,-46.4757475,,,,2,2023-06-17T12:40:30+00:00
SAO_208V-10,São Paulo,3550308,True,,32975,,,-23.5182095,-46.475659,,,,2,2023-06-17T12:40:40+00:00
SAO_208V-10,São Paulo,3550308,True,,32975,,,-23.5476865,-46.6292585,,,,2,2023-06-17T12:40:41+00:00
SAO_208V-10,São Paulo,3550308,True,,32975,,,-23.518022000000002,-46.475695,,,,2,2023-06-17T12:40:16+00:00
SAO_7055-10,São Paulo,3550308,True,,1888,,,-23.652286250000003,-46.778394750000004,,,,1,2023-06-17T12:40:42+00:00
SAO_7055-10,São Paulo,3550308,True,,1888,,,-23.6919635,-46.7907745,,,,1,2023-06-17T12:40:35+00:00
SAO_7055-10,São Paulo,3550308,True,,1888,,,-23.666631,-46.771947,,,,1,2023-06-17T12:40:23+00:00
SAO_7055-10,São Paulo,3550308,True,,1888,,,-23.6919635,-46.7907745,,,,1,2023-06-17T12:40:41+00:00
SAO_7055-10,São Paulo,3550308,True,,1888,,,-23.683338499999998,-46.789263000000005,,,,1,2023-06-17T12:40:35+00:00
SAO_7055-10,São Paulo,3550308,True,,1888,,,-23.6326575,-46.772532,,,,1,2023-06-17T12:40:46+00:00
SAO_7055-10,São Paulo,3550308,True,,1888,,,-23.6919635,-46.7907745,,,,1,2023-06-17T12:40:32+00:00
SAO_6818-10,São Paulo,3550308,True,,32796,,,-23.654823,-46.763025,,,,2,2023-06-17T12:40:44+00:00
SAO_6818-10,São Paulo,3550308,True,,32796,,,-23.655419000000002,-46.7722955,,,,2,2023-06-17T12:40:39+00:00
SAO_6818-10,São Paulo,3550308,True,,32796,,,-23.648601499999998,-46.762421,,,,2,2023-06-17T12:40:37+00:00
SAO_978A-10,São Paulo,3550308,True,,1369,,,-23.516460375,-46.685438500000004,,,,1,2023-06-17T12:40:33+00:00
SAO_978A-10,São Paulo,3550308,True,,1369,,,-23.4756295,-46.6704885,,,,1,2023-06-17T12:40:07+00:00
SAO_978A-10,São Paulo,3550308,True,,1369,,,-23.49493225,-46.684929,,,,1,2023-06-17T12:40:26+00:00
SAO_971D-10,São Paulo,3550308,True,,709,,,-23.4682835,-46.668064,,,,1,2023-06-17T12:40:26+00:00
SAO_971D-10,São Paulo,3550308,True,,709,,,-23.510856,-46.625114749999995,,,,1,2023-06-17T12:40:20+00:00
SAO_971D-10,São Paulo,3550308,True,,709,,,-23.4495875,-46.6964315,,,,1,2023-06-17T12:39:58+00:00
SAO_971D-10,São Paulo,3550308,True,,709,,,-23.4515775,-46.6977865,,,,1,2023-06-17T12:40:06+00:00
SAO_971D-10,São Paulo,3550308,True,,709,,,-23.4886965,-46.651422499999995,,,,1,2023-06-17T12:40:27+00:00
SAO_3746-10,São Paulo,3550308,True,,33051,,,-23.542912,-46.588283000000004,,,,2,2023-06-17T12:40:31+00:00
SAO_3746-10,São Paulo,3550308,True,,33051,,,-23.542912,-46.588283000000004,,,,2,2023-06-17T12:40:30+00:00
SAO_3746-10,São Paulo,3550308,True,,33051,,,-23.542912,-46.588283000000004,,,,2,2023-06-17T12:40:35+00:00
SAO_3746-10,São Paulo,3550308,True,,33051,,,-23.542912,-46.588283000000004,,,,2,2023-06-17T12:39:18+00:00
SAO_3746-10,São Paulo,3550308,True,,33051,,,-23.542912,-46.588283000000004,,,,2,2023-06-17T12:40:21+00:00
SAO_3746-10,São Paulo,3550308,True,,33051,,,-23.542912,-46.588283000000004,,,,2,2023-06-17T12:40:24+00:00
SAO_3746-10,São Paulo,3550308,True,,33051,,,-23.560023,-46.566704,,,,2,2023-06-17T12:36:37+00:00
SAO_3746-10,São Paulo,3550308,True,,33051,,,-23.542912,-46.588283000000004,,,,2,2023-06-17T12:40:13+00:00
SAO_3746-10,São Paulo,3550308,True,,33051,,,-23.542912,-46.588283000000004,,,,2,2023-06-17T12:40:04+00:00
SAO_3746-10,São Paulo,3550308,True,,33051,,,-23.542912,-46.588283000000004,,,,2,2023-06-17T12:40:05+00:00
SAO_9011-10,São Paulo,3550308,True,,33646,,,-23.47494,-46.67014399999999,,,,2,2023-06-17T12:40:29+00:00
SAO_9011-10,São Paulo,3550308,True,,33646,,,-23.47494,-46.67014399999999,,,,2,2023-06-17T12:40:02+00:00
SAO_9011-10,São Paulo,3550308,True,,33646,,,-23.4346125,-46.7357065,,,,2,2023-06-17T12:40:10+00:00
SAO_9011-10,São Paulo,3550308,True,,33646,,,-23.444398,-46.7212725,,,,2,2023-06-17T12:40:20+00:00
SAO_9011-10,São Paulo,3550308,True,,33646,,,-23.47494,-46.67014399999999,,,,2,2023-06-17T12:40:06+00:00
SAO_9011-10,São Paulo,3550308,True,,33646,,,-23.4698175,-46.676846999999995,,,,2,2023-06-17T12:40:34+00:00
SAO_9011-10,São Paulo,3550308,True,,33646,,,-23.4415015,-46.7334205,,,,2,2023-06-17T12:40:19+00:00
SAO_9011-10,São Paulo,3550308,True,,33646,,,-23.47494,-46.67014399999999,,,,2,2023-06-17T12:40:04+00:00
SAO_8615-10,São Paulo,3550308,True,,34107,,,-23.527727249999998,-46.671215,,,,2,2023-06-17T12:40:40+00:00
SAO_8615-10,São Paulo,3550308,True,,34107,,,-23.5350955,-46.727051,,,,2,2023-06-17T12:40:15+00:00
SAO_8615-10,São Paulo,3550308,True,,34107,,,-23.535989999999998,-46.7247965,,,,2,2023-06-17T12:40:18+00:00
SAO_8615-10,São Paulo,3550308,True,,34107,,,-23.546103875,-46.638544499999995,,,,2,2023-06-17T12:40:20+00:00
SAO_8047-41,São Paulo,3550308,True,,33178,,,-23.5141365,-46.7454775,,,,2,2023-06-17T12:40:06+00:00
SAO_8047-41,São Paulo,3550308,True,,33178,,,-23.434162999999998,-46.754868,,,,2,2023-06-17T12:40:27+00:00
SAO_6826-10,São Paulo,3550308,True,BR7 Mobilidade,16,https://moovitapp.com/index/pt-br/transporte_p%C3%BAblico-line-16-Sao_Paulo-242-851856-513215-0,5.75,-23.654274,-46.7625595,,,,1,2023-06-17T12:40:31+00:00
SAO_6826-10,São Paulo,3550308,True,BR7 Mobilidade,16,https://moovitapp.com/index/pt-br/transporte_p%C3%BAblico-line-16-Sao_Paulo-242-851856-513215-0,5.75,-23.6705255,-46.777872,,,,1,2023-06-17T12:40:18+00:00
SAO_745M-10,São Paulo,3550308,True,,33550,,,-23.6698995,-46.7623875,,,,2,2023-06-17T12:40:08+00:00
SAO_745M-10,São Paulo,3550308,True,,33550,,,-23.669123750000004,-46.7350165,,,,2,2023-06-17T12:40:23+00:00
SAO_745M-10,São Paulo,3550308,True,,33550,,,-23.666840999999998,-46.783510500000006,,,,2,2023-06-17T12:40:09+00:00
SAO_745M-10,São Paulo,3550308,True,,33550,,,-23.6824585,-46.6907875,,,,2,2023-06-17T12:40:48+00:00
SAO_745M-10,São Paulo,3550308,True,,33550,,,-23.630817,-46.767892,,,,2,2023-06-17T12:40:11+00:00
SAO_745M-10,São Paulo,3550308,True,,33550,,,-23.636744,-46.7785425,,,,2,2023-06-17T12:40:33+00:00
SAO_6200-10,São Paulo,3550308,True,,355,,,-23.57703,-46.6713885,,,,1,2023-06-17T12:40:11+00:00
SAO_6200-10,São Paulo,3550308,True,,355,,,-23.65423,-46.7120225,,,,1,2023-06-17T12:40:03+00:00
SAO_6200-10,São Paulo,3550308,True,,355,,,-23.549083,-46.6398165,,,,1,2023-06-17T12:40:48+00:00
SAO_6200-10,São Paulo,3550308,True,,355,,,-23.648016499999997,-46.724995,,,,1,2023-06-17T12:40:33+00:00
SAO_6200-10,São Paulo,3550308,True,,355,,,-23.654092499999997,-46.710306,,,,1,2023-06-17T12:40:43+00:00
SAO_6200-10,São Paulo,3550308,True,,355,,,-23.654618,-46.715665,,,,1,2023-06-17T12:40:29+00:00
SAO_6200-10,São Paulo,3550308,True,,355,,,-23.577116,-46.6717145,,,,1,2023-06-17T12:40:30+00:00
SAO_6200-10,São Paulo,3550308,True,,355,,,-23.629371999999996,-46.713061999999994,,,,1,2023-06-17T12:40:11+00:00
SAO_6200-10,São Paulo,3550308,True,,355,,,-23.607512999999997,-46.697237,,,,1,2023-06-17T12:40:33+00:00
SAO_6200-10,São Paulo,3550308,True,,355,,,-23.575625125,-46.669271,,,,1,2023-06-17T12:40:29+00:00
SAO_6200-10,São Paulo,3550308,True,,355,,,-23.654634,-46.7157435,,,,1,2023-06-17T12:40:11+00:00
SAO_9023-10,São Paulo,3550308,True,,34205,,,-23.422676000000003,-46.714762,,,,2,2023-06-17T12:40:17+00:00
SAO_9023-10,São Paulo,3550308,True,,34205,,,-23.419681500000003,-46.716796,,,,2,2023-06-17T12:40:12+00:00
SAO_9023-10,São Paulo,3550308,True,,34205,,,-23.421701,-46.715995,,,,2,2023-06-17T12:38:36+00:00
SAO_9023-10,São Paulo,3550308,True,,34205,,,-23.485899,-46.726136999999994,,,,2,2023-06-17T12:40:32+00:00
SAO_9023-10,São Paulo,3550308,True,,34205,,,-23.453278500000003,-46.7138085,,,,2,2023-06-17T12:40:39+00:00
SAO_9023-10,São Paulo,3550308,True,,34205,,,-23.419748,-46.7164855,,,,2,2023-06-17T12:39:23+00:00
SAO_9023-10,São Paulo,3550308,True,,34205,,,-23.4197105,-46.7166475,,,,2,2023-06-17T12:40:09+00:00
SAO_1760-10,São Paulo,3550308,True,EMTU,557,https://moovitapp.com/index/pt-br/transporte_p%C3%BAblico-line-557-Sao_Paulo-242-2038937-36419558-0,6.2,-23.508997,-46.616082,,,,1,2023-06-17T12:40:43+00:00
SAO_1760-10,São Paulo,3550308,True,EMTU,557,https://moovitapp.com/index/pt-br/transporte_p%C3%BAblico-line-557-Sao_Paulo-242-2038937-36419558-0,6.2,-23.468821499999997,-46.656237,,,,1,2023-06-17T12:40:09+00:00
SAO_3746-10,São Paulo,3550308,True,EMTU,283,https://moovitapp.com/index/pt-br/transporte_p%C3%BAblico-line-283-Sao_Paulo-242-2038937-36419384-0,5.2,-23.594817,-46.5027665,,,,1,2023-06-17T12:40:18+00:00
SAO_3746-10,São Paulo,3550308,True,EMTU,283,https://moovitapp.com/index/pt-br/transporte_p%C3%BAblico-line-283-Sao_Paulo-242-2038937-36419384-0,5.2,-23.57048075,-46.54028675,,,,1,2023-06-17T12:40:17+00:00
SAO_3746-10,São Paulo,3550308,True,EMTU,283,https://moovitapp.com/index/pt-br/transporte_p%C3%BAblico-line-283-Sao_Paulo-242-2038937-36419384-0,5.2,-23.559235875,-46.568353125,,,,1,2023-06-17T12:40:02+00:00
SAO_6091-10,São Paulo,3550308,True,,33943,,,-23.790321999999996,-46.726822375,,,,2,2023-06-17T12:36:10+00:00
SAO_6091-10,São Paulo,3550308,True,,33943,,,-23.6973205,-46.700464875,,,,2,2023-06-17T12:40:35+00:00
SAO_6091-10,São Paulo,3550308,True,,33943,,,-23.8347615,-46.722206,,,,2,2023-06-17T12:40:37+00:00
SAO_6091-10,São Paulo,3550308,True,,33943,,,-23.7727445,-46.720183,,,,2,2023-06-17T12:40:39+00:00
SAO_6091-10,São Paulo,3550308,True,,33943,,,-23.862347500000002,-46.712974,,,,2,2023-06-17T12:40:26+00:00
SAO_6091-10,São Paulo,3550308,True,,33943,,,-23.68360025,-46.69271275,,,,2,2023-06-17T12:40:24+00:00
SAO_6091-10,São Paulo,3550308,True,,33943,,,-23.663784,-46.709501,,,,2,2023-06-17T12:40:42+00:00
SAO_6091-10,São Paulo,3550308,True,,33943,,,-23.827683,-46.730169000000004,,,,2,2023-06-17T12:40:24+00:00
SAO_407E-10,São Paulo,3550308,True,,34983,,,-23.59547,-46.466040500000005,,,,2,2023-06-17T12:40:11+00:00
SAO_407E-10,São Paulo,3550308,True,,34983,,,-23.5930325,-46.4706555,,,,2,2023-06-17T12:40:11+00:00
SAO_407E-10,São Paulo,3550308,True,,34983,,,-23.6321375,-46.44280075,,,,2,2023-06-17T12:40:33+00:00
SAO_3785-10,São Paulo,3550308,True,,33831,,,-23.5459,-46.460999,,,,2,2023-06-17T12:40:21+00:00
SAO_3785-10,São Paulo,3550308,True,,33831,,,-23.5912945,-46.394427500000006,,,,2,2023-06-17T12:40:21+00:00
SAO_3785-10,São Paulo,3550308,True,,33831,,,-23.5953385,-46.445678,,,,2,2023-06-17T12:40:17+00:00
SAO_3785-10,São Paulo,3550308,True,,33831,,,-23.591442999999998,-46.394348,,,,2,2023-06-17T12:40:24+00:00
SAO_3785-10,São Paulo,3550308,True,,33831,,,-23.591703000000003,-46.3941935,,,,2,2023-06-17T12:40:23+00:00
SAO_5362-10,São Paulo,3550308,True,BR7 Mobilidade,70,https://moovitapp.com/index/pt-br/transporte_p%C3%BAblico-line-70-Sao_Paulo-242-851856-2250296-0,5.75,-23.56357825,-46.64013575,,,,1,2023-06-17T12:40:21+00:00
SAO_5362-10,São Paulo,3550308,True,BR7 Mobilidade,70,https://moovitapp.com/index/pt-br/transporte_p%C3%BAblico-line-70-Sao_Paulo-242-851856-2250296-0,5.75,-23.65143525,-46.703304,,,,1,2023-06-17T12:40:35+00:00
SAO_5362-10,São Paulo,3550308,True,BR7 Mobilidade,70,https://moovitapp.com/index/pt-br/transporte_p%C3%BAblico-line-70-Sao_Paulo-242-851856-2250296-0,5.75,-23.756238500000002,-46.669761,,,,1,2023-06-17T12:40:26+00:00
SAO_5362-10,São Paulo,3550308,True,BR7 Mobilidade,70,https://moovitapp.com/index/pt-br/transporte_p%C3%BAblico-line-70-Sao_Paulo-242-851856-2250296-0,5.75,-23.621411000000002,-46.6788995,,,,1,2023-06-17T12:40:00+00:00
SAO_5362-10,São Paulo,3550308,True,BR7 Mobilidade,70,https://moovitapp.com/index/pt-br/transporte_p%C3%BAblico-line-70-Sao_Paulo-242-851856-2250296-0,5.75,-23.734917,-46.6958665,,,,1,2023-06-17T12:40:27+00:00
SAO_5362-10,São Paulo,3550308,True,BR7 Mobilidade,70,https://moovitapp.com/index/pt-br/transporte_p%C3%BAblico-line-70-Sao_Paulo-242-851856-2250296-0,5.75,-23.707995750000002,-46.712494500000005,,,,1,2023-06-17T12:40:27+00:00
SAO_5010-10,São Paulo,3550308,True,,1114,,,-23.653726499999998,-46.704197,,,,1,2023-06-17T12:40:37+00:00
SAO_5010-10,São Paulo,3550308,True,,1114,,,-23.661563,-46.634247875,,,,1,2023-06-17T12:40:04+00:00
SAO_5010-10,São Paulo,3550308,True,,1114,,,-23.6429005,-46.665781499999994,,,,1,2023-06-17T12:40:04+00:00
SAO_5010-10,São Paulo,3550308,True,,1114,,,-23.6418155,-46.6511775,,,,1,2023-06-17T12:40:17+00:00
SAO_5010-10,São Paulo,3550308,True,,1114,,,-23.651573,-46.683771,,,,1,2023-06-17T12:39:58+00:00
SAO_3734-10,São Paulo,3550308,True,,33802,,,-23.546888000000003,-46.481142000000006,,,,2,2023-06-17T12:40:07+00:00
SAO_3734-10,São Paulo,3550308,True,,33802,,,-23.5523945,-46.464682,,,,2,2023-06-17T12:40:23+00:00
SAO_3734-10,São Paulo,3550308,True,,33802,,,-23.552827,-46.472971,,,,2,2023-06-17T12:40:37+00:00
SAO_3734-10,São Paulo,3550308,True,,33802,,,-23.552791499999998,-46.473403000000005,,,,2,2023-06-17T12:40:24+00:00
SAO_707K-10,São Paulo,3550308,True,,2503,,,-23.656464875000005,-46.69435937499999,,,,1,2023-06-17T12:40:39+00:00
SAO_707K-10,São Paulo,3550308,True,,2503,,,-23.6422025,-46.66617675,,,,1,2023-06-17T12:40:35+00:00
SAO_707K-10,São Paulo,3550308,True,,2503,,,-23.6477145,-46.6385,,,,1,2023-06-17T12:40:44+00:00
SAO_856R-10,São Paulo,3550308,True,,34196,,,-23.55711375,-46.67676075000001,,,,2,2023-06-17T12:40:19+00:00
SAO_856R-10,São Paulo,3550308,True,,34196,,,-23.6631295,-46.7072855,,,,2,2023-06-17T12:40:31+00:00
SAO_856R-10,São Paulo,3550308,True,,34196,,,-23.59134725,-46.67257425,,,,2,2023-06-17T12:40:41+00:00
SAO_856R-10,São Paulo,3550308,True,,34196,,,-23.633469750000003,-46.69258275,,,,2,2023-06-17T12:40:35+00:00
SAO_856R-10,São Paulo,3550308,True,,34196,,,-23.527012499999998,-46.681565750000004,,,,2,2023-06-17T12:40:41+00:00
SAO_746P-10,São Paulo,3550308,True,,788,,,-23.6404705,-46.7369465,,,,1,2023-06-17T12:40:37+00:00
SAO_746P-10,São Paulo,3550308,True,,788,,,-23.64164275,-46.715305875,,,,1,2023-06-17T12:40:44+00:00
SAO_746P-10,São Paulo,3550308,True,,788,,,-23.621681,-46.7285205,,,,1,2023-06-17T12:40:41+00:00
SAO_8542-21,São Paulo,3550308,True,,1361,,,-23.4817505,-46.6846845,,,,1,2023-06-17T12:40:20+00:00
SAO_8542-21,São Paulo,3550308,True,,1361,,,-23.5149045,-46.698296,,,,1,2023-06-17T12:40:02+00:00
SAO_8542-21,São Paulo,3550308,True,,1361,,,-23.47589425,-46.69906725,,,,1,2023-06-17T12:40:18+00:00
SAO_2590-10,São Paulo,3550308,True,,912,,,-23.483764,-46.460551499999994,,,,1,2023-06-17T12:38:16+00:00
SAO_2590-10,São Paulo,3550308,True,,912,,,-23.5456775,-46.6314505,,,,1,2023-06-17T12:40:25+00:00
SAO_2590-10,São Paulo,3550308,True,,912,,,-23.5358085,-46.5711795,,,,1,2023-06-17T12:40:03+00:00
SAO_2590-10,São Paulo,3550308,True,,912,,,-23.4837685,-46.4952585,,,,1,2023-06-17T12:40:29+00:00
SAO_2590-10,São Paulo,3550308,True,,912,,,-23.546245499999998,-46.631629000000004,,,,1,2023-06-17T12:40:24+00:00
SAO_2590-10,São Paulo,3550308,True,,912,,,-23.499646,-46.5229755,,,,1,2023-06-17T12:40:22+00:00
SAO_7001-10,São Paulo,3550308,True,,1722,,,-23.679094499999998,-46.7681295,,,,1,2023-06-17T12:40:44+00:00
SAO_7001-10,São Paulo,3550308,True,,1722,,,-23.694651,-46.779804999999996,,,,1,2023-06-17T12:40:17+00:00
SAO_7001-10,São Paulo,3550308,True,,1722,,,-23.722681,-46.756764000000004,,,,1,2023-06-17T12:40:13+00:00
SAO_7001-10,São Paulo,3550308,True,,1722,,,-23.7247405,-46.7552985,,,,1,2023-06-17T12:40:16+00:00
SAO_7001-10,São Paulo,3550308,True,,1722,,,-23.714867749999996,-46.77118175,,,,1,2023-06-17T12:40:24+00:00
SAO_8023-10,São Paulo,3550308,True,,34842,,,-23.5841465,-46.7853475,,,,2,2023-06-17T12:40:40+00:00
SAO_517J-10,São Paulo,3550308,True,,1129,,,-23.674578500000003,-46.6621305,,,,1,2023-06-17T12:40:07+00:00
SAO_517J-10,São Paulo,3550308,True,,1129,,,-23.6557755,-46.6797225,,,,1,2023-06-17T12:40:15+00:00
SAO_517J-10,São Paulo,3550308,True,,1129,,,-23.687911,-46.655813,,,,1,2023-06-17T12:40:25+00:00
SAO_178T-10,São Paulo,3550308,True,,33333,,,-23.502378999999998,-46.6711255,,,,2,2023-06-17T12:40:30+00:00
SAO_178T-10,São Paulo,3550308,True,,33333,,,-23.503125,-46.6245765,,,,2,2023-06-17T12:40:22+00:00
SAO_2731-10,São Paulo,3550308,True,,946,,,-23.518249,-46.439041,,,,1,2023-06-17T12:40:10+00:00
SAO_2731-10,São Paulo,3550308,True,,946,,,-23.515597,-46.43280812500001,,,,1,2023-06-17T12:39:56+00:00
SAO_2731-10,São Paulo,3550308,True,,946,,,-23.5426295,-46.469657999999995,,,,1,2023-06-17T12:39:58+00:00
SAO_2731-10,São Paulo,3550308,True,,946,,,-23.528531125,-46.449840625,,,,1,2023-06-17T12:40:27+00:00
SAO_2731-10,São Paulo,3550308,True,,946,,,-23.516250499999998,-46.435016,,,,1,2023-06-17T12:40:25+00:00
SAO_2731-10,São Paulo,3550308,True,,946,,,-23.521264000000002,-46.436998,,,,1,2023-06-17T12:40:18+00:00
SAO_8100-10,São Paulo,3550308,True,,1262,,,-23.497349,-46.7263905,,,,1,2023-06-17T12:40:22+00:00
SAO_8100-10,São Paulo,3550308,True,,1262,,,-23.4859365,-46.725919,,,,1,2023-06-17T12:40:43+00:00
SAO_8100-10,São Paulo,3550308,True,,1262,,,-23.525745999999998,-46.714233,,,,1,2023-06-17T12:40:28+00:00
SAO_577T-10,São Paulo,3550308,True,,34059,,,-23.59718625,-46.6373885,,,,2,2023-06-17T12:40:37+00:00
SAO_577T-10,São Paulo,3550308,True,,34059,,,-23.6857025,-46.637755999999996,,,,2,2023-06-17T12:40:25+00:00
SAO_577T-10,São Paulo,3550308,True,,34059,,,-23.651045,-46.6536055,,,,2,2023-06-17T12:40:16+00:00
SAO_3010-10,São Paulo,3550308,True,,35311,,,-23.510537499999998,-46.4468945,,,,2,2023-06-17T12:40:41+00:00
SAO_3010-10,São Paulo,3550308,True,,35311,,,-23.51843625,-46.451578,,,,2,2023-06-17T12:40:00+00:00
SAO_3789-10,São Paulo,3550308,True,,33835,,,-23.569170999999997,-46.4476995,,,,2,2023-06-17T12:40:24+00:00
SAO_3789-10,São Paulo,3550308,True,,33835,,,-23.6028585,-46.3979805,,,,2,2023-06-17T12:40:34+00:00
SAO_3789-10,São Paulo,3550308,True,,33835,,,-23.5669525,-46.464194,,,,2,2023-06-17T12:40:22+00:00
SAO_3789-10,São Paulo,3550308,True,,33835,,,-23.611663,-46.3964115,,,,2,2023-06-17T12:40:48+00:00
SAO_3789-10,São Paulo,3550308,True,,33835,,,-23.596272999999997,-46.435561500000006,,,,2,2023-06-17T12:40:44+00:00
SAO_3789-10,São Paulo,3550308,True,,33835,,,-23.611663,-46.3964115,,,,2,2023-06-17T12:36:36+00:00
SAO_3789-10,São Paulo,3550308,True,,33835,,,-23.542599000000003,-46.4710815,,,,2,2023-06-17T12:40:16+00:00
SAO_1726-10,São Paulo,3550308,True,,1403,,,-23.4509725,-46.597016999999994,,,,1,2023-06-17T12:40:04+00:00
SAO_1726-10,São Paulo,3550308,True,,1403,,,-23.441024,-46.588111,,,,1,2023-06-17T12:40:30+00:00
SAO_407I-10,São Paulo,3550308,True,,34990,,,-23.547472,-46.5270395,,,,2,2023-06-17T12:40:30+00:00
SAO_407I-10,São Paulo,3550308,True,,34990,,,-23.5431125,-46.48502825,,,,2,2023-06-17T12:39:12+00:00
SAO_9047-10,São Paulo,3550308,True,,33651,,,-23.461492999999997,-46.713212999999996,,,,2,2023-06-17T12:40:12+00:00
SAO_9047-10,São Paulo,3550308,True,,33651,,,-23.500448125,-46.694368874999995,,,,2,2023-06-17T12:40:03+00:00
SAO_9047-10,São Paulo,3550308,True,,33651,,,-23.463666500000002,-46.7020885,,,,2,2023-06-17T12:40:18+00:00
SAO_9047-10,São Paulo,3550308,True,,33651,,,-23.461492999999997,-46.713212999999996,,,,2,2023-06-17T12:40:14+00:00
SAO_9047-10,São Paulo,3550308,True,,33651,,,-23.461492999999997,-46.713212999999996,,,,2,2023-06-17T12:40:41+00:00
SAO_106A-10,São Paulo,3550308,True,,33284,,,-23.589232000000003,-46.688066,,,,2,2023-06-17T12:40:04+00:00
SAO_106A-10,São Paulo,3550308,True,,33284,,,-23.549229,-46.640885,,,,2,2023-06-17T12:40:16+00:00
SAO_106A-10,São Paulo,3550308,True,,33284,,,-23.51625025,-46.6295925,,,,2,2023-06-17T12:40:11+00:00
SAO_106A-10,São Paulo,3550308,True,,33284,,,-23.578246,-46.67481925,,,,2,2023-06-17T12:40:11+00:00
SAO_106A-10,São Paulo,3550308,True,,33284,,,-23.504321875000002,-46.624678125,,,,2,2023-06-17T12:40:40+00:00
SAO_2707-10,São Paulo,3550308,True,,33687,,,-23.5304715,-46.44456,,,,2,2023-06-17T12:40:22+00:00
SAO_2707-10,São Paulo,3550308,True,,33687,,,-23.526289,-46.4053375,,,,2,2023-06-17T12:40:23+00:00
SAO_2707-10,São Paulo,3550308,True,,33687,,,-23.5258185,-46.405353,,,,2,2023-06-17T12:40:32+00:00
SAO_2707-10,São Paulo,3550308,True,,33687,,,-23.541961999999998,-46.470873,,,,2,2023-06-17T12:40:40+00:00
SAO_2707-10,São Paulo,3550308,True,,33687,,,-23.526104,-46.4052965,,,,2,2023-06-17T12:40:25+00:00
SAO_2707-10,São Paulo,3550308,True,,33687,,,-23.542627000000003,-46.424943999999996,,,,2,2023-06-17T12:40:09+00:00
SAO_2707-10,São Paulo,3550308,True,,33687,,,-23.5429995,-46.470884999999996,,,,2,2023-06-17T12:39:06+00:00
SAO_2707-10,São Paulo,3550308,True,,33687,,,-23.543816999999997,-46.4220515,,,,2,2023-06-17T12:40:14+00:00
SAO_574R-10,São Paulo,3550308,True,,1623,,,-23.572698000000003,-46.5615535,,,,1,2023-06-17T12:40:36+00:00
SAO_574R-10,São Paulo,3550308,True,,1623,,,-23.55678125,-46.57663875,,,,1,2023-06-17T12:38:54+00:00
SAO_574R-10,São Paulo,3550308,True,,1623,,,-23.598543,-46.5201735,,,,1,2023-06-17T12:40:40+00:00
SAO_695Y-10,São Paulo,3550308,True,,33966,,,-23.658919,-46.699098,,,,2,2023-06-17T12:40:28+00:00
SAO_695Y-10,São Paulo,3550308,True,,33966,,,-23.828025500000003,-46.7271865,,,,2,2023-06-17T12:40:17+00:00
SAO_695Y-10,São Paulo,3550308,True,,33966,,,-23.6328495,-46.689719999999994,,,,2,2023-06-17T12:40:24+00:00
SAO_695Y-10,São Paulo,3550308,True,,33966,,,-23.589460000000003,-46.633678,,,,2,2023-06-17T12:40:23+00:00
SAO_695Y-10,São Paulo,3550308,True,,33966,,,-23.734389999999998,-46.6990485,,,,2,2023-06-17T12:40:29+00:00
SAO_7002-10,São Paulo,3550308,True,,772,,,-23.5900615,-46.770019500000004,,,,1,2023-06-17T12:40:35+00:00
SAO_7002-10,São Paulo,3550308,True,,772,,,-23.5662845,-46.692065750000005,,,,1,2023-06-17T12:40:38+00:00
SAO_7002-10,São Paulo,3550308,True,,772,,,-23.593581,-46.765577,,,,1,2023-06-17T12:40:25+00:00
SAO_7002-10,São Paulo,3550308,True,,772,,,-23.5718015,-46.709463,,,,1,2023-06-17T12:39:57+00:00
SAO_7002-10,São Paulo,3550308,True,,772,,,-23.591182,-46.753821,,,,1,2023-06-17T12:40:29+00:00
SAO_1177-10,São Paulo,3550308,True,,32897,,,-23.525254875,-46.5521055,,,,2,2023-06-17T12:40:41+00:00
SAO_1177-10,São Paulo,3550308,True,,32897,,,-23.516827,-46.479129,,,,2,2023-06-17T12:40:42+00:00
SAO_1177-10,São Paulo,3550308,True,,32897,,,-23.5361185,-46.632417000000004,,,,2,2023-06-17T12:40:43+00:00
SAO_3731-10,São Paulo,3550308,True,,1028,,,-23.531741,-46.528271000000004,,,,1,2023-06-17T12:40:41+00:00
SAO_3731-10,São Paulo,3550308,True,,1028,,,-23.553357,-46.5177305,,,,1,2023-06-17T12:40:12+00:00
SAO_3731-10,São Paulo,3550308,True,,1028,,,-23.539611999999998,-46.516724999999994,,,,1,2023-06-17T12:38:44+00:00
SAO_3731-10,São Paulo,3550308,True,,1028,,,-23.54034975,-46.51591475,,,,1,2023-06-17T12:39:28+00:00
SAO_3731-10,São Paulo,3550308,True,,1028,,,-23.535353999999998,-46.5204095,,,,1,2023-06-17T12:40:10+00:00
SAO_3731-10,São Paulo,3550308,True,,1028,,,-23.563361999999998,-46.5018435,,,,1,2023-06-17T12:40:13+00:00
SAO_3731-10,São Paulo,3550308,True,,1028,,,-23.539874,-46.516463,,,,1,2023-06-17T12:40:24+00:00
SAO_3731-10,São Paulo,3550308,True,,1028,,,-23.539874,-46.516463,,,,1,2023-06-17T12:40:21+00:00
SAO_4028-10,São Paulo,3550308,True,,33866,,,-23.6278,-46.458923,,,,2,2023-06-17T12:40:47+00:00
SAO_4028-10,São Paulo,3550308,True,,33866,,,-23.6362935,-46.4447705,,,,2,2023-06-17T12:40:16+00:00
SAO_4028-10,São Paulo,3550308,True,,33866,,,-23.607496,-46.4785605,,,,2,2023-06-17T12:40:23+00:00
SAO_407A-10,São Paulo,3550308,True,,2194,,,-23.56351,-46.5022905,,,,1,2023-06-17T12:40:09+00:00
SAO_407A-10,São Paulo,3550308,True,,2194,,,-23.563415,-46.553717,,,,1,2023-06-17T12:40:30+00:00
SAO_407A-10,São Paulo,3550308,True,,2194,,,-23.54041625,-46.612528,,,,1,2023-06-17T12:40:20+00:00
SAO_407A-10,São Paulo,3550308,True,,2194,,,-23.5756765,-46.54115875,,,,1,2023-06-17T12:40:30+00:00
SAO_5175-10,São Paulo,3550308,True,,33361,,,-23.5505945,-46.635301,,,,2,2023-06-17T12:40:04+00:00
SAO_5175-10,São Paulo,3550308,True,,33361,,,-23.702581000000002,-46.6501255,,,,2,2023-06-17T12:40:23+00:00
SAO_5175-10,São Paulo,3550308,True,,33361,,,-23.5505945,-46.635301,,,,2,2023-06-17T12:40:21+00:00
SAO_5175-10,São Paulo,3550308,True,,33361,,,-23.5505945,-46.635301,,,,2,2023-06-17T12:40:20+00:00
SAO_5175-10,São Paulo,3550308,True,,33361,,,-23.5505945,-46.635301,,,,2,2023-06-17T12:40:37+00:00
SAO_5175-10,São Paulo,3550308,True,,33361,,,-23.68072375,-46.65413975,,,,2,2023-06-17T12:39:38+00:00
SAO_5175-10,São Paulo,3550308,True,,33361,,,-23.5505945,-46.635301,,,,2,2023-06-17T12:40:25+00:00
SAO_5175-10,São Paulo,3550308,True,,33361,,,-23.555908000000002,-46.639633,,,,2,2023-06-17T12:40:19+00:00
SAO_5175-10,São Paulo,3550308,True,,33361,,,-23.592185999999998,-46.650962500000006,,,,2,2023-06-17T12:40:42+00:00
SAO_5175-10,São Paulo,3550308,True,,33361,,,-23.5505945,-46.635301,,,,2,2023-06-17T12:40:06+00:00
SAO_5175-10,São Paulo,3550308,True,,33361,,,-23.5505945,-46.635301,,,,2,2023-06-17T12:39:16+00:00
SAO_5175-10,São Paulo,3550308,True,,33361,,,-23.5505945,-46.635301,,,,2,2023-06-17T12:40:35+00:00
SAO_5175-10,São Paulo,3550308,True,,33361,,,-23.5505945,-46.635301,,,,2,2023-06-17T12:40:06+00:00
SAO_5175-10,São Paulo,3550308,True,,33361,,,-23.6926985,-46.6452105,,,,2,2023-06-17T12:40:24+00:00
SAO_177H-21,São Paulo,3550308,True,,631,,,-23.534479,-46.654953,,,,1,2023-06-17T12:40:47+00:00
SAO_177H-21,São Paulo,3550308,True,,631,,,-23.558014749999998,-46.68231425,,,,1,2023-06-17T12:40:06+00:00
SAO_177H-21,São Paulo,3550308,True,,631,,,-23.499435124999998,-46.648478000000004,,,,1,2023-06-17T12:40:32+00:00
SAO_2678-10,São Paulo,3550308,True,,33151,,,-23.493635249999997,-46.376825374999996,,,,2,2023-06-17T12:40:36+00:00
SAO_2678-10,São Paulo,3550308,True,,33151,,,-23.495362999999998,-46.429863,,,,2,2023-06-17T12:40:01+00:00
SAO_2678-10,São Paulo,3550308,True,,33151,,,-23.536562749999998,-46.5887755,,,,2,2023-06-17T12:40:23+00:00
SAO_2678-10,São Paulo,3550308,True,,33151,,,-23.54773075,-46.625347000000005,,,,2,2023-06-17T12:40:23+00:00
SAO_2678-10,São Paulo,3550308,True,,33151,,,-23.547307,-46.630022,,,,2,2023-06-17T12:40:27+00:00
SAO_2678-10,São Paulo,3550308,True,,33151,,,-23.5102575,-46.506122500000004,,,,2,2023-06-17T12:40:41+00:00
SAO_2678-10,São Paulo,3550308,True,,33151,,,-23.493635249999997,-46.376825374999996,,,,2,2023-06-17T12:40:39+00:00
SAO_2678-10,São Paulo,3550308,True,,33151,,,-23.4938845,-46.37678150000001,,,,2,2023-06-17T12:40:18+00:00
SAO_175P-10,São Paulo,3550308,True,,675,,,-23.5079335,-46.657528375,,,,1,2023-06-17T12:40:37+00:00
SAO_175P-10,São Paulo,3550308,True,,675,,,-23.543004375000002,-46.672343375,,,,1,2023-06-17T12:40:32+00:00
SAO_175P-10,São Paulo,3550308,True,,675,,,-23.5863984375,-46.6361194375,,,,1,2023-06-17T12:40:19+00:00
SAO_175P-10,São Paulo,3550308,True,,675,,,-23.502966999999998,-46.6260415,,,,1,2023-06-17T12:40:05+00:00
SAO_175P-10,São Paulo,3550308,True,,675,,,-23.5002425,-46.633791,,,,1,2023-06-17T12:40:28+00:00
SAO_175P-10,São Paulo,3550308,True,,675,,,-23.526927999999998,-46.664887,,,,1,2023-06-17T12:40:19+00:00
SAO_971R-10,São Paulo,3550308,True,,33382,,,-23.432699,-46.723796,,,,2,2023-06-17T12:40:44+00:00
SAO_971R-10,São Paulo,3550308,True,,33382,,,-23.454051,-46.737555,,,,2,2023-06-17T12:40:04+00:00
SAO_971R-10,São Paulo,3550308,True,,33382,,,-23.459438249999998,-46.688077250000006,,,,2,2023-06-17T12:40:37+00:00
SAO_971R-10,São Paulo,3550308,True,,33382,,,-23.4503195,-46.7003875,,,,2,2023-06-17T12:40:40+00:00
SAO_971R-10,São Paulo,3550308,True,,33382,,,-23.47481775,-46.66588125,,,,2,2023-06-17T12:40:22+00:00
SAO_971R-10,São Paulo,3550308,True,,33382,,,-23.453908499999997,-46.7375045,,,,2,2023-06-17T12:38:23+00:00
SAO_971R-10,São Paulo,3550308,True,,33382,,,-23.489514,-46.6510315,,,,2,2023-06-17T12:40:26+00:00
SAO_971R-10,São Paulo,3550308,True,,33382,,,-23.4485825,-46.702377999999996,,,,2,2023-06-17T12:40:41+00:00
SAO_576M-10,São Paulo,3550308,True,,604,,,-23.63546675,-46.648907,,,,1,2023-06-17T12:40:30+00:00
SAO_576M-10,São Paulo,3550308,True,,604,,,-23.6083415,-46.66058825,,,,1,2023-06-17T12:40:17+00:00
SAO_2766-10,São Paulo,3550308,True,,33173,,,-23.508927,-46.44334275,,,,2,2023-06-17T12:40:09+00:00
SAO_2766-10,São Paulo,3550308,True,,33173,,,-23.51798475,-46.3882325,,,,2,2023-06-17T12:40:30+00:00
SAO_2766-10,São Paulo,3550308,True,,33173,,,-23.5205845,-46.390026500000005,,,,2,2023-06-17T12:40:07+00:00
SAO_2766-10,São Paulo,3550308,True,,33173,,,-23.5425775,-46.4719335,,,,2,2023-06-17T12:38:47+00:00
SAO_2766-10,São Paulo,3550308,True,,33173,,,-23.540637000000004,-46.4561495,,,,2,2023-06-17T12:40:32+00:00
SAO_2766-10,São Paulo,3550308,True,,33173,,,-23.5425775,-46.4719335,,,,2,2023-06-17T12:40:25+00:00
SAO_2766-10,São Paulo,3550308,True,,33173,,,-23.51798475,-46.3882325,,,,2,2023-06-17T12:40:17+00:00
SAO_2766-10,São Paulo,3550308,True,,33173,,,-23.503286000000003,-46.442799750000006,,,,2,2023-06-17T12:40:40+00:00
SAO_2766-10,São Paulo,3550308,True,,33173,,,-23.494978500000002,-46.411100000000005,,,,2,2023-06-17T12:40:43+00:00
SAO_2766-10,São Paulo,3550308,True,,33173,,,-23.4945855,-46.443143,,,,2,2023-06-17T12:40:27+00:00
SAO_2766-10,São Paulo,3550308,True,,33173,,,-23.5425775,-46.4719335,,,,2,2023-06-17T12:40:35+00:00
SAO_2766-10,São Paulo,3550308,True,,33173,,,-23.5425775,-46.4719335,,,,2,2023-06-17T12:40:33+00:00
SAO_637R-10,São Paulo,3550308,True,EMTU,196,https://moovitapp.com/index/pt-br/transporte_p%C3%BAblico-line-196-Sao_Paulo-242-2038937-36419323-0,4.85,-23.669619500000003,-46.736161499999994,,,,1,2023-06-17T12:40:26+00:00
SAO_637R-10,São Paulo,3550308,True,EMTU,196,https://moovitapp.com/index/pt-br/transporte_p%C3%BAblico-line-196-Sao_Paulo-242-2038937-36419323-0,4.85,-23.6543835,-46.71337775000001,,,,1,2023-06-17T12:40:17+00:00
SAO_637R-10,São Paulo,3550308,True,EMTU,196,https://moovitapp.com/index/pt-br/transporte_p%C3%BAblico-line-196-Sao_Paulo-242-2038937-36419323-0,4.85,-23.7142915,-46.7779025,,,,1,2023-06-17T12:40:19+00:00
SAO_637R-10,São Paulo,3550308,True,EMTU,196,https://moovitapp.com/index/pt-br/transporte_p%C3%BAblico-line-196-Sao_Paulo-242-2038937-36419323-0,4.85,-23.6917725,-46.775800000000004,,,,1,2023-06-17T12:37:00+00:00
SAO_3051-10,São Paulo,3550308,True,,35214,,,-23.517386000000002,-46.4759985,,,,2,2023-06-17T12:40:31+00:00
SAO_3051-10,São Paulo,3550308,True,,35214,,,-23.48653925,-46.48247525,,,,2,2023-06-17T12:40:41+00:00
SAO_3051-10,São Paulo,3550308,True,,35214,,,-23.515029499999997,-46.468916500000006,,,,2,2023-06-17T12:40:32+00:00
SAO_3051-10,São Paulo,3550308,True,,35214,,,-23.48653925,-46.48247525,,,,2,2023-06-17T12:39:34+00:00
SAO_2666-10,São Paulo,3550308,True,,33146,,,-23.498297,-46.457488,,,,2,2023-06-17T12:40:32+00:00
SAO_2666-10,São Paulo,3550308,True,,33146,,,-23.546655,-46.630598,,,,2,2023-06-17T12:40:37+00:00
SAO_2666-10,São Paulo,3550308,True,,33146,,,-23.5164305,-46.389429,,,,2,2023-06-17T12:40:24+00:00
SAO_2666-10,São Paulo,3550308,True,,33146,,,-23.51142,-46.50241,,,,2,2023-06-17T12:40:30+00:00
SAO_2666-10,São Paulo,3550308,True,,33146,,,-23.536765000000003,-46.589805,,,,2,2023-06-17T12:40:39+00:00
SAO_2666-10,São Paulo,3550308,True,,33146,,,-23.4943805,-46.438734499999995,,,,2,2023-06-17T12:40:47+00:00
SAO_6036-10,São Paulo,3550308,True,,33982,,,-23.6538115,-46.789655499999995,,,,2,2023-06-17T12:40:25+00:00
SAO_6036-10,São Paulo,3550308,True,,33982,,,-23.6538115,-46.789655499999995,,,,2,2023-06-17T12:40:29+00:00
SAO_6036-10,São Paulo,3550308,True,,33982,,,-23.65385975,-46.79008575,,,,2,2023-06-17T12:40:05+00:00
SAO_6036-10,São Paulo,3550308,True,,33982,,,-23.651014,-46.717623,,,,2,2023-06-17T12:40:44+00:00
SAO_6036-10,São Paulo,3550308,True,,33982,,,-23.65385975,-46.79008575,,,,2,2023-06-17T12:40:26+00:00
SAO_6036-10,São Paulo,3550308,True,,33982,,,-23.65385975,-46.79008575,,,,2,2023-06-17T12:40:44+00:00
SAO_6L10-41,São Paulo,3550308,True,,34773,,,-23.7880685,-46.765596,,,,2,2023-06-17T12:40:19+00:00
SAO_6L10-41,São Paulo,3550308,True,,34773,,,-23.7667025,-46.7163285,,,,2,2023-06-17T12:40:39+00:00
SAO_6L10-41,São Paulo,3550308,True,,34773,,,-23.7880685,-46.765596,,,,2,2023-06-17T12:40:07+00:00
SAO_6L10-41,São Paulo,3550308,True,,34773,,,-23.7880685,-46.765596,,,,2,2023-06-17T12:40:16+00:00
SAO_6L10-41,São Paulo,3550308,True,,34773,,,-23.77382575,-46.740357249999995,,,,2,2023-06-17T12:40:45+00:00
SAO_407N-10,São Paulo,3550308,True,,2169,,,-23.53406,-46.5427015,,,,1,2023-06-17T12:40:25+00:00
SAO_407N-10,São Paulo,3550308,True,,2169,,,-23.5947635,-46.440972,,,,1,2023-06-17T12:40:22+00:00
SAO_407N-10,São Paulo,3550308,True,,2169,,,-23.5834805,-46.407314,,,,1,2023-06-17T12:40:37+00:00
SAO_407N-10,São Paulo,3550308,True,,2169,,,-23.596109,-46.454237375,,,,1,2023-06-17T12:40:17+00:00
SAO_407N-10,São Paulo,3550308,True,,2169,,,-23.544500499999998,-46.529371499999996,,,,1,2023-06-17T12:40:12+00:00
SAO_407N-10,São Paulo,3550308,True,,2169,,,-23.582728,-46.4150995,,,,1,2023-06-17T12:40:06+00:00
SAO_407N-10,São Paulo,3550308,True,,2169,,,-23.568497,-46.504586,,,,1,2023-06-17T12:39:18+00:00
SAO_1722-10,São Paulo,3550308,True,,33632,,,-23.482122250000003,-46.671637000000004,,,,2,2023-06-17T12:40:30+00:00
SAO_1722-10,São Paulo,3550308,True,,33632,,,-23.4796945,-46.6728645,,,,2,2023-06-17T12:40:11+00:00
SAO_1722-10,São Paulo,3550308,True,,33632,,,-23.460175624999998,-46.623294375,,,,2,2023-06-17T12:40:43+00:00
SAO_1722-10,São Paulo,3550308,True,,33632,,,-23.4661475,-46.5848015,,,,2,2023-06-17T12:40:36+00:00
SAO_1722-10,São Paulo,3550308,True,,33632,,,-23.4798095,-46.601954500000005,,,,2,2023-06-17T12:40:47+00:00
SAO_1722-10,São Paulo,3550308,True,,33632,,,-23.4709815,-46.65066,,,,2,2023-06-17T12:40:29+00:00
SAO_1722-10,São Paulo,3550308,True,,33632,,,-23.459727,-46.6207115,,,,2,2023-06-17T12:40:25+00:00
SAO_1722-10,São Paulo,3550308,True,,33632,,,-23.482450749999998,-46.67278175,,,,2,2023-06-17T12:40:37+00:00
SAO_8055-51,São Paulo,3550308,True,,33185,,,-23.523056500000003,-46.68789162499999,,,,2,2023-06-17T12:40:45+00:00
SAO_8055-51,São Paulo,3550308,True,,33185,,,-23.408328,-46.741003,,,,2,2023-06-17T12:40:28+00:00
SAO_8055-51,São Paulo,3550308,True,,33185,,,-23.504536,-46.752384,,,,2,2023-06-17T12:40:23+00:00
SAO_9047-10,São Paulo,3550308,True,STT,883,https://moovitapp.com/index/pt-br/transporte_p%C3%BAblico-line-883-Sao_Paulo-242-850661-183365-0,5.3,-23.4588385,-46.707260500000004,,,,1,2023-06-17T12:40:06+00:00
SAO_9047-10,São Paulo,3550308,True,STT,883,https://moovitapp.com/index/pt-br/transporte_p%C3%BAblico-line-883-Sao_Paulo-242-850661-183365-0,5.3,-23.470881,-46.692226500000004,,,,1,2023-06-17T12:40:12+00:00
SAO_9047-10,São Paulo,3550308,True,STT,883,https://moovitapp.com/index/pt-br/transporte_p%C3%BAblico-line-883-Sao_Paulo-242-850661-183365-0,5.3,-23.502361999999998,-46.694586,,,,1,2023-06-17T12:40:38+00:00
SAO_9047-10,São Paulo,3550308,True,STT,883,https://moovitapp.com/index/pt-br/transporte_p%C3%BAblico-line-883-Sao_Paulo-242-850661-183365-0,5.3,-23.5182955,-46.701809499999996,,,,1,2023-06-17T12:40:18+00:00
SAO_2718-10,São Paulo,3550308,True,,33699,,,-23.5185405,-46.5484945,,,,2,2023-06-17T12:40:25+00:00
SAO_2718-10,São Paulo,3550308,True,,33699,,,-23.4930925,-46.49988925,,,,2,2023-06-17T12:40:24+00:00
SAO_2718-10,São Paulo,3550308,True,,33699,,,-23.5076095,-46.542421000000004,,,,2,2023-06-17T12:40:00+00:00
SAO_2718-10,São Paulo,3550308,True,,33699,,,-23.533230500000002,-46.5456285,,,,2,2023-06-17T12:40:14+00:00
SAO_2718-10,São Paulo,3550308,True,,33699,,,-23.533648499999998,-46.5455135,,,,2,2023-06-17T12:40:23+00:00
SAO_9500-10,São Paulo,3550308,True,EMTU,461,https://moovitapp.com/index/pt-br/transporte_p%C3%BAblico-line-461-Sao_Paulo-242-2038937-36419501-0,5.1,-23.50653075,-46.67343975,,,,1,2023-06-17T12:40:34+00:00
SAO_9500-10,São Paulo,3550308,True,EMTU,461,https://moovitapp.com/index/pt-br/transporte_p%C3%BAblico-line-461-Sao_Paulo-242-2038937-36419501-0,5.1,-23.530326499999997,-46.647040000000004,,,,1,2023-06-17T12:40:04+00:00
SAO_9500-10,São Paulo,3550308,True,EMTU,461,https://moovitapp.com/index/pt-br/transporte_p%C3%BAblico-line-461-Sao_Paulo-242-2038937-36419501-0,5.1,-23.474202,-46.669375,,,,1,2023-06-17T12:40:20+00:00
SAO_978T-10,São Paulo,3550308,True,,33657,,,-23.461289,-46.6872475,,,,2,2023-06-17T12:40:12+00:00
SAO_978T-10,São Paulo,3550308,True,,33657,,,-23.461351,-46.6872735,,,,2,2023-06-17T12:40:36+00:00
SAO_978T-10,São Paulo,3550308,True,,33657,,,-23.461351,-46.6872735,,,,2,2023-06-17T12:40:28+00:00
SAO_978T-10,São Paulo,3550308,True,,33657,,,-23.461289,-46.6872475,,,,2,2023-06-17T12:40:40+00:00
SAO_978T-10,São Paulo,3550308,True,,33657,,,-23.461289,-46.6872475,,,,2,2023-06-17T12:40:32+00:00
SAO_978T-10,São Paulo,3550308,True,,33657,,,-23.4838065,-46.691542999999996,,,,2,2023-06-17T12:40:01+00:00
SAO_978T-10,São Paulo,3550308,True,,33657,,,-23.499425374999998,-46.69436412500001,,,,2,2023-06-17T12:40:16+00:00
SAO_978T-10,São Paulo,3550308,True,,33657,,,-23.498008874999996,-46.6975575,,,,2,2023-06-17T12:40:43+00:00
SAO_978T-10,São Paulo,3550308,True,,33657,,,-23.516305,-46.6982675,,,,2,2023-06-17T12:40:12+00:00
SAO_978T-10,São Paulo,3550308,True,,33657,,,-23.523056500000003,-46.68789162499999,,,,2,2023-06-17T12:40:29+00:00
SAO_3004-10,São Paulo,3550308,True,,34566,,,-23.493834999999997,-46.4055615,,,,2,2023-06-17T12:40:43+00:00
SAO_745M-10,São Paulo,3550308,True,,782,,,-23.66215,-46.7691005,,,,1,2023-06-17T12:40:22+00:00
SAO_745M-10,São Paulo,3550308,True,,782,,,-23.647163499999998,-46.779050999999995,,,,1,2023-06-17T12:40:09+00:00
SAO_745M-10,São Paulo,3550308,True,,782,,,-23.67147925,-46.7407125,,,,1,2023-06-17T12:40:21+00:00
SAO_745M-10,São Paulo,3550308,True,,782,,,-23.663449,-46.7627645,,,,1,2023-06-17T12:40:35+00:00
SAO_745M-10,São Paulo,3550308,True,,782,,,-23.680938374999997,-46.69274362499999,,,,1,2023-06-17T12:40:21+00:00
SAO_745M-10,São Paulo,3550308,True,,782,,,-23.63084675,-46.76821125,,,,1,2023-06-17T12:40:43+00:00
SAO_745M-10,São Paulo,3550308,True,,782,,,-23.630615499999998,-46.768413,,,,1,2023-06-17T12:40:04+00:00
SAO_745M-10,São Paulo,3550308,True,,782,,,-23.630615499999998,-46.768413,,,,1,2023-06-17T12:40:08+00:00
SAO_745M-10,São Paulo,3550308,True,,782,,,-23.6670765,-46.7837045,,,,1,2023-06-17T12:40:40+00:00
SAO_1034-10,São Paulo,3550308,True,,2452,,,-23.476563374999998,-46.705051999999995,,,,1,2023-06-17T12:40:25+00:00
SAO_874T-10,São Paulo,3550308,True,EMTU,307,https://moovitapp.com/index/pt-br/transporte_p%C3%BAblico-line-307-Sao_Paulo-242-2038937-36419399-0,5.2,-23.5466315,-46.658156500000004,,,,1,2023-06-17T12:40:38+00:00
SAO_874T-10,São Paulo,3550308,True,EMTU,307,https://moovitapp.com/index/pt-br/transporte_p%C3%BAblico-line-307-Sao_Paulo-242-2038937-36419399-0,5.2,-23.584331,-46.6276875,,,,1,2023-06-17T12:40:31+00:00
SAO_874T-10,São Paulo,3550308,True,EMTU,307,https://moovitapp.com/index/pt-br/transporte_p%C3%BAblico-line-307-Sao_Paulo-242-2038937-36419399-0,5.2,-23.519146,-46.7076165,,,,1,2023-06-17T12:40:14+00:00
SAO_874T-10,São Paulo,3550308,True,EMTU,307,https://moovitapp.com/index/pt-br/transporte_p%C3%BAblico-line-307-Sao_Paulo-242-2038937-36419399-0,5.2,-23.578074,-46.6021865,,,,1,2023-06-17T12:40:35+00:00
SAO_502J-10,São Paulo,3550308,True,,34043,,,-23.705745,-46.687827999999996,,,,2,2023-06-17T12:40:11+00:00
SAO_502J-10,São Paulo,3550308,True,,34043,,,-23.599653,-46.6382095,,,,2,2023-06-17T12:40:04+00:00
SAO_502J-10,São Paulo,3550308,True,,34043,,,-23.651473250000002,-46.664956,,,,2,2023-06-17T12:39:59+00:00
SAO_3791-10,São Paulo,3550308,True,,1069,,,-23.56178175,-46.510352999999995,,,,1,2023-06-17T12:40:28+00:00
SAO_3791-10,São Paulo,3550308,True,,1069,,,-23.543080500000002,-46.498378,,,,1,2023-06-17T12:40:46+00:00
SAO_3791-10,São Paulo,3550308,True,,1069,,,-23.5419325,-46.484893125,,,,1,2023-06-17T12:40:45+00:00
SAO_6031-10,São Paulo,3550308,True,,32860,,,-23.748783500000002,-46.698415,,,,2,2023-06-17T12:40:27+00:00
SAO_6031-10,São Paulo,3550308,True,,32860,,,-23.73824725,-46.69784775,,,,2,2023-06-17T12:40:10+00:00
SAO_3729-10,São Paulo,3550308,True,,33794,,,-23.548323500000002,-46.562985499999996,,,,2,2023-06-17T12:40:22+00:00
SAO_3729-10,São Paulo,3550308,True,,33794,,,-23.561112,-46.562499,,,,2,2023-06-17T12:40:09+00:00
SAO_3729-10,São Paulo,3550308,True,,33794,,,-23.564251,-46.50513,,,,2,2023-06-17T12:40:47+00:00
SAO_3729-10,São Paulo,3550308,True,,33794,,,-23.582096,-46.536333,,,,2,2023-06-17T12:40:41+00:00
SAO_3729-10,São Paulo,3550308,True,,33794,,,-23.568596624999998,-46.50931175000001,,,,2,2023-06-17T12:40:14+00:00
SAO_877T-10,São Paulo,3550308,True,,1381,,,-23.538205124999998,-46.654721374999994,,,,1,2023-06-17T12:40:27+00:00
SAO_2721-10,São Paulo,3550308,True,,33702,,,-23.542138,-46.471932499999994,,,,2,2023-06-17T12:40:33+00:00
SAO_2721-10,São Paulo,3550308,True,,33702,,,-23.49474575,-46.4130995,,,,2,2023-06-17T12:40:40+00:00
SAO_2721-10,São Paulo,3550308,True,,33702,,,-23.5371195,-46.4554485,,,,2,2023-06-17T12:40:40+00:00
SAO_2721-10,São Paulo,3550308,True,,33702,,,-23.526847500000002,-46.446185,,,,2,2023-06-17T12:40:47+00:00
SAO_2721-10,São Paulo,3550308,True,,33702,,,-23.5125,-46.4436795,,,,2,2023-06-17T12:40:40+00:00
SAO_2721-10,São Paulo,3550308,True,,33702,,,-23.52012875,-46.405300000000004,,,,2,2023-06-17T12:40:32+00:00
SAO_5021-10,São Paulo,3550308,True,,34435,,,-23.613561,-46.617408999999995,,,,2,2023-06-17T12:40:36+00:00
SAO_809P-10,São Paulo,3550308,True,,34659,,,-23.631508,-46.7726,,,,2,2023-06-17T12:40:19+00:00
SAO_809P-10,São Paulo,3550308,True,,34659,,,-23.6226245,-46.762471500000004,,,,2,2023-06-17T12:40:32+00:00
SAO_809P-10,São Paulo,3550308,True,,34659,,,-23.566692500000002,-46.701378500000004,,,,2,2023-06-17T12:40:11+00:00
SAO_809P-10,São Paulo,3550308,True,,34659,,,-23.572976750000002,-46.705288499999995,,,,2,2023-06-17T12:40:21+00:00
SAO_809P-10,São Paulo,3550308,True,,34659,,,-23.610760499999998,-46.752893,,,,2,2023-06-17T12:40:47+00:00
SAO_3762-10,São Paulo,3550308,True,,33821,,,-23.543872,-46.56275775,,,,2,2023-06-17T12:39:26+00:00
SAO_3762-10,São Paulo,3550308,True,,33821,,,-23.554599500000002,-46.553535,,,,2,2023-06-17T12:40:30+00:00
SAO_172J-10,São Paulo,3550308,True,,33624,,,-23.523151249999998,-46.584765875,,,,2,2023-06-17T12:40:37+00:00
SAO_172J-10,São Paulo,3550308,True,,33624,,,-23.518509375,-46.589751,,,,2,2023-06-17T12:40:08+00:00
SAO_172J-10,São Paulo,3550308,True,,33624,,,-23.50222,-46.5766965,,,,2,2023-06-17T12:40:25+00:00
SAO_172J-10,São Paulo,3550308,True,,33624,,,-23.479189750000003,-46.56941425,,,,2,2023-06-17T12:40:19+00:00
SAO_172J-10,São Paulo,3550308,True,,33624,,,-23.479194,-46.5689705,,,,2,2023-06-17T12:40:11+00:00
SAO_2363-10,São Paulo,3550308,True,,135,,,-23.5366255,-46.589150000000004,,,,1,2023-06-17T12:40:36+00:00
SAO_2363-10,São Paulo,3550308,True,,135,,,-23.54192725,-46.61494925,,,,1,2023-06-17T12:40:21+00:00
SAO_2363-10,São Paulo,3550308,True,,135,,,-23.54620025,-46.63007,,,,1,2023-06-17T12:40:13+00:00
SAO_2363-10,São Paulo,3550308,True,,135,,,-23.508357500000002,-46.537607,,,,1,2023-06-17T12:40:38+00:00
SAO_2363-10,São Paulo,3550308,True,,135,,,-23.50034,-46.501235,,,,1,2023-06-17T12:40:36+00:00
SAO_3686-10,São Paulo,3550308,True,,32934,,,-23.545980125,-46.598475750000006,,,,2,2023-06-17T12:40:35+00:00
SAO_3686-10,São Paulo,3550308,True,,32934,,,-23.55986625,-46.40348975,,,,2,2023-06-17T12:40:17+00:00
SAO_3686-10,São Paulo,3550308,True,,32934,,,-23.5406595,-46.451032,,,,2,2023-06-17T12:40:17+00:00
SAO_3686-10,São Paulo,3550308,True,,32934,,,-23.535469,-46.550641,,,,2,2023-06-17T12:40:16+00:00
SAO_177Y-10,São Paulo,3550308,True,,33635,,,-23.5266685,-46.6673215,,,,2,2023-06-17T12:40:07+00:00
SAO_177Y-10,São Paulo,3550308,True,,33635,,,-23.566136750000002,-46.701097,,,,2,2023-06-17T12:40:41+00:00
SAO_177Y-10,São Paulo,3550308,True,,33635,,,-23.533459,-46.6747865,,,,2,2023-06-17T12:40:34+00:00
SAO_4315-10,São Paulo,3550308,True,,2175,,,-23.55263725,-46.616151625,,,,1,2023-06-17T12:40:34+00:00
SAO_4315-10,São Paulo,3550308,True,,2175,,,-23.5440365,-46.5461995,,,,1,2023-06-17T12:40:45+00:00
SAO_4315-10,São Paulo,3550308,True,,2175,,,-23.54620025,-46.63007,,,,1,2023-06-17T12:40:22+00:00
SAO_575A-10,São Paulo,3550308,True,,1638,,,-23.541219499999997,-46.577991499999996,,,,1,2023-06-17T12:40:37+00:00
SAO_575A-10,São Paulo,3550308,True,,1638,,,-23.6018545,-46.57027,,,,1,2023-06-17T12:40:25+00:00
SAO_575A-10,São Paulo,3550308,True,,1638,,,-23.6018545,-46.57027,,,,1,2023-06-17T12:40:26+00:00
SAO_575A-10,São Paulo,3550308,True,,1638,,,-23.581889,-46.585524,,,,1,2023-06-17T12:40:41+00:00
SAO_9004-10,São Paulo,3550308,True,,33639,,,-23.456984,-46.6852645,,,,2,2023-06-17T12:40:17+00:00
SAO_9004-10,São Paulo,3550308,True,,33639,,,-23.4573,-46.682659,,,,2,2023-06-17T12:40:41+00:00
SAO_9004-10,São Paulo,3550308,True,,33639,,,-23.4597255,-46.673644499999995,,,,2,2023-06-17T12:40:30+00:00
SAO_9004-10,São Paulo,3550308,True,,33639,,,-23.456984,-46.6852645,,,,2,2023-06-17T12:40:14+00:00
SAO_9004-10,São Paulo,3550308,True,,33639,,,-23.475662999999997,-46.670556,,,,2,2023-06-17T12:40:39+00:00
SAO_273L-10,São Paulo,3550308,True,,224,,,-23.5349375,-46.463995499999996,,,,1,2023-06-17T12:40:38+00:00
SAO_273L-10,São Paulo,3550308,True,,224,,,-23.51150825,-46.4283315,,,,1,2023-06-17T12:40:25+00:00
SAO_775N-10,São Paulo,3550308,True,,33242,,,-23.5772355,-46.766035,,,,2,2023-06-17T12:40:09+00:00
SAO_775N-10,São Paulo,3550308,True,,33242,,,-23.531077,-46.713978,,,,2,2023-06-17T12:40:14+00:00
SAO_519M-10,São Paulo,3550308,True,,34979,,,-23.605106499999998,-46.5228405,,,,2,2023-06-17T12:40:28+00:00
SAO_938P-10,São Paulo,3550308,True,,888,,,-23.465833500000002,-46.683165,,,,1,2023-06-17T12:40:20+00:00
SAO_938P-10,São Paulo,3550308,True,,888,,,-23.462593499999997,-46.6814735,,,,1,2023-06-17T12:40:23+00:00
SAO_938P-10,São Paulo,3550308,True,,888,,,-23.498321875000002,-46.689088125,,,,1,2023-06-17T12:40:34+00:00
SAO_938P-10,São Paulo,3550308,True,,888,,,-23.526076749999998,-46.687008750000004,,,,1,2023-06-17T12:40:30+00:00
SAO_648P-10,São Paulo,3550308,True,,32834,,,-23.580095999999998,-46.685331500000004,,,,2,2023-06-17T12:40:09+00:00
SAO_648P-10,São Paulo,3550308,True,,32834,,,-23.654061749999997,-46.76002575,,,,2,2023-06-17T12:40:39+00:00
SAO_6063-41,São Paulo,3550308,True,,34541,,,-23.787667499999998,-46.6800415,,,,2,2023-06-17T12:40:18+00:00
SAO_6063-41,São Paulo,3550308,True,,34541,,,-23.787596999999998,-46.679432,,,,2,2023-06-17T12:40:10+00:00
SAO_6063-41,São Paulo,3550308,True,,34541,,,-23.787596999999998,-46.679432,,,,2,2023-06-17T12:40:36+00:00
SAO_6063-41,São Paulo,3550308,True,,34541,,,-23.76811025,-46.717556,,,,2,2023-06-17T12:40:16+00:00
SAO_2552-10,São Paulo,3550308,True,,32910,,,-23.49194325,-46.44728925,,,,2,2023-06-17T12:40:37+00:00
SAO_2552-10,São Paulo,3550308,True,,32910,,,-23.53911325,-46.6075235,,,,2,2023-06-17T12:40:21+00:00
SAO_2552-10,São Paulo,3550308,True,,32910,,,-23.489174499999997,-46.420949500000006,,,,2,2023-06-17T12:40:23+00:00
SAO_2552-10,São Paulo,3550308,True,,32910,,,-23.527209499999998,-46.551856,,,,2,2023-06-17T12:40:35+00:00
SAO_2552-10,São Paulo,3550308,True,,32910,,,-23.4889485,-46.420966500000006,,,,2,2023-06-17T12:40:43+00:00
SAO_407E-10,São Paulo,3550308,True,,2215,,,-23.61534375,-46.46991,,,,1,2023-06-17T12:40:30+00:00
SAO_407E-10,São Paulo,3550308,True,,2215,,,-23.5386495,-46.5641825,,,,1,2023-06-17T12:36:28+00:00
SAO_407E-10,São Paulo,3550308,True,,2215,,,-23.58658,-46.486532,,,,1,2023-06-17T12:40:39+00:00
SAO_407E-10,São Paulo,3550308,True,,2215,,,-23.555835375,-46.516417125000004,,,,1,2023-06-17T12:40:13+00:00
SAO_407E-10,São Paulo,3550308,True,,2215,,,-23.629197249999997,-46.44454075,,,,1,2023-06-17T12:40:09+00:00
SAO_1206-10,São Paulo,3550308,True,EMTU,842,https://moovitapp.com/index/pt-br/transporte_p%C3%BAblico-line-842-Sao_Paulo-242-2038937-36419605-0,7.15,-23.530296,-46.602971874999994,,,,1,2023-06-17T12:40:05+00:00
SAO_1206-10,São Paulo,3550308,True,EMTU,842,https://moovitapp.com/index/pt-br/transporte_p%C3%BAblico-line-842-Sao_Paulo-242-2038937-36419605-0,7.15,-23.5393465,-46.634314,,,,1,2023-06-17T12:40:29+00:00
SAO_1206-10,São Paulo,3550308,True,EMTU,842,https://moovitapp.com/index/pt-br/transporte_p%C3%BAblico-line-842-Sao_Paulo-242-2038937-36419605-0,7.15,-23.525511,-46.582731,,,,1,2023-06-17T12:40:11+00:00
SAO_2714-10,São Paulo,3550308,True,,927,,,-23.518175687499998,-46.531432249999995,,,,1,2023-06-17T12:40:39+00:00
SAO_2714-10,São Paulo,3550308,True,,927,,,-23.508246,-46.52653599999999,,,,1,2023-06-17T12:40:36+00:00
SAO_1720-10,São Paulo,3550308,True,,33631,,,-23.493856,-46.568802,,,,2,2023-06-17T12:40:13+00:00
SAO_1720-10,São Paulo,3550308,True,,33631,,,-23.479820625,-46.5798,,,,2,2023-06-17T12:37:14+00:00
SAO_1720-10,São Paulo,3550308,True,,33631,,,-23.4682835,-46.616710499999996,,,,2,2023-06-17T12:40:33+00:00
SAO_1720-10,São Paulo,3550308,True,,33631,,,-23.494107,-46.568782999999996,,,,2,2023-06-17T12:40:40+00:00
SAO_1720-10,São Paulo,3550308,True,,33631,,,-23.447861500000002,-46.6096795,,,,2,2023-06-17T12:39:20+00:00
SAO_1720-10,São Paulo,3550308,True,,33631,,,-23.4806985,-46.6057455,,,,2,2023-06-17T12:40:22+00:00
SAO_1720-10,São Paulo,3550308,True,,33631,,,-23.494107,-46.568782999999996,,,,2,2023-06-17T12:40:15+00:00
SAO_3725-41,São Paulo,3550308,True,,34299,,,-23.532833500000002,-46.530833,,,,2,2023-06-17T12:40:34+00:00
SAO_3725-41,São Paulo,3550308,True,,34299,,,-23.5325795,-46.531303,,,,2,2023-06-17T12:40:13+00:00
SAO_701A-10,São Paulo,3550308,True,,33457,,,-23.534195999999998,-46.6006475,,,,2,2023-06-17T12:40:22+00:00
SAO_701A-10,São Paulo,3550308,True,,33457,,,-23.5593425,-46.68047825,,,,2,2023-06-17T12:40:41+00:00
SAO_6000-10,São Paulo,3550308,True,,33908,,,-23.734389999999998,-46.6990485,,,,2,2023-06-17T12:40:37+00:00
SAO_6000-10,São Paulo,3550308,True,,33908,,,-23.780076,-46.724822,,,,2,2023-06-17T12:36:18+00:00
SAO_6000-10,São Paulo,3550308,True,,33908,,,-23.769605,-46.7179785,,,,2,2023-06-17T12:39:15+00:00
SAO_6000-10,São Paulo,3550308,True,,33908,,,-23.8284605,-46.7271145,,,,2,2023-06-17T12:40:20+00:00
SAO_6000-10,São Paulo,3550308,True,,33908,,,-23.662931125,-46.70718,,,,2,2023-06-17T12:40:35+00:00
SAO_6000-10,São Paulo,3550308,True,,33908,,,-23.707736125,-46.71280324999999,,,,2,2023-06-17T12:40:35+00:00
SAO_6000-10,São Paulo,3550308,True,,33908,,,-23.7345575,-46.6991105,,,,2,2023-06-17T12:40:33+00:00
SAO_6000-10,São Paulo,3550308,True,,33908,,,-23.828025500000003,-46.7271865,,,,2,2023-06-17T12:40:05+00:00
SAO_958P-10,São Paulo,3550308,True,,33233,,,-23.58871225,-46.681818500000006,,,,2,2023-06-17T12:40:18+00:00
SAO_958P-10,São Paulo,3550308,True,,33233,,,-23.50875,-46.7477295,,,,2,2023-06-17T12:40:02+00:00
SAO_1705-10,São Paulo,3550308,True,,33617,,,-23.456816,-46.593374499999996,,,,2,2023-06-17T12:40:14+00:00
SAO_1705-10,São Paulo,3550308,True,,33617,,,-23.4338605,-46.584293,,,,2,2023-06-17T12:40:04+00:00
SAO_1705-10,São Paulo,3550308,True,,33617,,,-23.442611499999998,-46.588265,,,,2,2023-06-17T12:40:16+00:00
SAO_1705-10,São Paulo,3550308,True,,33617,,,-23.44382075,-46.5868665,,,,2,2023-06-17T12:40:27+00:00
SAO_1705-10,São Paulo,3550308,True,,33617,,,-23.4802525,-46.602515,,,,2,2023-06-17T12:40:39+00:00
SAO_1705-10,São Paulo,3550308,True,,33617,,,-23.4347015,-46.584086,,,,2,2023-06-17T12:40:24+00:00
SAO_1705-10,São Paulo,3550308,True,,33617,,,-23.4347015,-46.584086,,,,2,2023-06-17T12:40:23+00:00
SAO_1705-10,São Paulo,3550308,True,,33617,,,-23.434339,-46.58389525,,,,2,2023-06-17T12:40:29+00:00
SAO_675K-10,São Paulo,3550308,True,,32966,,,-23.598244,-46.644809,,,,2,2023-06-17T12:40:44+00:00
SAO_675K-10,São Paulo,3550308,True,,32966,,,-23.678634000000002,-46.76326,,,,2,2023-06-17T12:37:34+00:00
SAO_675K-10,São Paulo,3550308,True,,32966,,,-23.66945775,-46.736089750000005,,,,2,2023-06-17T12:40:45+00:00
SAO_675K-10,São Paulo,3550308,True,,32966,,,-23.633492750000002,-46.690376,,,,2,2023-06-17T12:40:40+00:00
SAO_675K-10,São Paulo,3550308,True,,32966,,,-23.668170500000002,-46.732837,,,,2,2023-06-17T12:40:20+00:00
SAO_675K-10,São Paulo,3550308,True,,32966,,,-23.655783,-46.707644,,,,2,2023-06-17T12:40:17+00:00
SAO_675K-10,São Paulo,3550308,True,,32966,,,-23.674899500000002,-46.748306,,,,2,2023-06-17T12:40:34+00:00
SAO_675K-10,São Paulo,3550308,True,,32966,,,-23.615201,-46.6732125,,,,2,2023-06-17T12:40:33+00:00
SAO_8400-10,São Paulo,3550308,True,,1265,,,-23.547560500000003,-46.640557,,,,1,2023-06-17T12:40:44+00:00
SAO_8400-10,São Paulo,3550308,True,,1265,,,-23.486878500000003,-46.7265645,,,,1,2023-06-17T12:40:03+00:00
SAO_8400-10,São Paulo,3550308,True,,1265,,,-23.50033275,-46.70682,,,,1,2023-06-17T12:40:14+00:00
SAO_8400-10,São Paulo,3550308,True,,1265,,,-23.527603499999998,-46.6716715,,,,1,2023-06-17T12:40:45+00:00
SAO_8400-10,São Paulo,3550308,True,,1265,,,-23.52075175,-46.702160125000006,,,,1,2023-06-17T12:40:24+00:00
SAO_8400-10,São Paulo,3550308,True,,1265,,,-23.538583250000002,-46.64711975,,,,1,2023-06-17T12:40:38+00:00
SAO_352A-10,São Paulo,3550308,True,,32932,,,-23.479100875,-46.421538125,,,,2,2023-06-17T12:40:46+00:00
SAO_352A-10,São Paulo,3550308,True,,32932,,,-23.568247999999997,-46.468511500000005,,,,2,2023-06-17T12:40:12+00:00
SAO_2728-10,São Paulo,3550308,True,,33711,,,-23.5015605,-46.512554,,,,2,2023-06-17T12:40:29+00:00
SAO_2728-10,São Paulo,3550308,True,,33711,,,-23.533340000000003,-46.5445025,,,,2,2023-06-17T12:40:33+00:00
SAO_2728-10,São Paulo,3550308,True,,33711,,,-23.500625,-46.512750499999996,,,,2,2023-06-17T12:40:28+00:00
SAO_2728-10,São Paulo,3550308,True,,33711,,,-23.503919500000002,-46.515324,,,,2,2023-06-17T12:40:07+00:00
SAO_2728-10,São Paulo,3550308,True,,33711,,,-23.510145875,-46.53980575,,,,2,2023-06-17T12:40:37+00:00
SAO_2728-10,São Paulo,3550308,True,,33711,,,-23.50133,-46.5125285,,,,2,2023-06-17T12:40:13+00:00
SAO_1785-10,São Paulo,3550308,True,,1816,,,-23.4783895,-46.623251499999995,,,,1,2023-06-17T12:40:36+00:00
SAO_7011-31,São Paulo,3550308,True,,1954,,,-23.6790595,-46.763514,,,,1,2023-06-17T12:40:10+00:00
SAO_7011-31,São Paulo,3550308,True,,1954,,,-23.7083255,-46.7920035,,,,1,2023-06-17T12:39:59+00:00
SAO_407L-10,São Paulo,3550308,True,,2199,,,-23.532061,-46.486424,,,,1,2023-06-17T12:40:12+00:00
SAO_407L-10,São Paulo,3550308,True,,2199,,,-23.5849955,-46.3906585,,,,1,2023-06-17T12:40:03+00:00
SAO_407L-10,São Paulo,3550308,True,,2199,,,-23.532001,-46.486357999999996,,,,1,2023-06-17T12:40:14+00:00
SAO_407L-10,São Paulo,3550308,True,,2199,,,-23.533840499999997,-46.457106499999995,,,,1,2023-06-17T12:40:36+00:00
SAO_407L-10,São Paulo,3550308,True,,2199,,,-23.53674475,-46.47209600000001,,,,1,2023-06-17T12:39:19+00:00
SAO_407L-10,São Paulo,3550308,True,,2199,,,-23.5539535,-46.413276,,,,1,2023-06-17T12:40:11+00:00
SAO_407L-10,São Paulo,3550308,True,,2199,,,-23.52397925,-46.50950375,,,,1,2023-06-17T12:40:15+00:00
SAO_407L-10,São Paulo,3550308,True,,2199,,,-23.5824165,-46.407865,,,,1,2023-06-17T12:40:39+00:00
SAO_407L-10,São Paulo,3550308,True,,2199,,,-23.532667,-46.4821785,,,,1,2023-06-17T12:40:39+00:00
SAO_407L-10,São Paulo,3550308,True,,2199,,,-23.590169500000002,-46.3950145,,,,1,2023-06-17T12:40:13+00:00
SAO_407L-10,São Paulo,3550308,True,,2199,,,-23.57796875,-46.415870749999996,,,,1,2023-06-17T12:38:36+00:00
SAO_6058-10,São Paulo,3550308,True,,33917,,,-23.769851000000003,-46.676743,,,,2,2023-06-17T12:40:11+00:00
SAO_6058-10,São Paulo,3550308,True,,33917,,,-23.769750000000002,-46.714714,,,,2,2023-06-17T12:40:18+00:00
SAO_6058-10,São Paulo,3550308,True,,33917,,,-23.769851000000003,-46.676743,,,,2,2023-06-17T12:40:14+00:00
SAO_6058-10,São Paulo,3550308,True,,33917,,,-23.769851000000003,-46.676743,,,,2,2023-06-17T12:40:43+00:00
SAO_6058-10,São Paulo,3550308,True,,33917,,,-23.7668205,-46.68414,,,,2,2023-06-17T12:40:38+00:00
SAO_372F-10,São Paulo,3550308,True,,33783,,,-23.5520035,-46.599284,,,,2,2023-06-17T12:40:09+00:00
SAO_372F-10,São Paulo,3550308,True,,33783,,,-23.552103000000002,-46.598889,,,,2,2023-06-17T12:40:06+00:00
SAO_372F-10,São Paulo,3550308,True,,33783,,,-23.551931500000002,-46.5993955,,,,2,2023-06-17T12:40:44+00:00
SAO_9785-10,São Paulo,3550308,True,,33596,,,-23.456477,-46.699,,,,2,2023-06-17T12:40:18+00:00
SAO_9785-10,São Paulo,3550308,True,,33596,,,-23.521034999999998,-46.667361,,,,2,2023-06-17T12:40:32+00:00
SAO_9785-10,São Paulo,3550308,True,,33596,,,-23.4752485,-46.687459000000004,,,,2,2023-06-17T12:40:17+00:00
SAO_9785-10,São Paulo,3550308,True,,33596,,,-23.4567625,-46.6990585,,,,2,2023-06-17T12:40:06+00:00
SAO_4030-10,São Paulo,3550308,True,,33868,,,-23.613616999999998,-46.4955765,,,,2,2023-06-17T12:40:33+00:00
SAO_4030-10,São Paulo,3550308,True,,33868,,,-23.581156,-46.498736,,,,2,2023-06-17T12:40:25+00:00
SAO_4030-10,São Paulo,3550308,True,,33868,,,-23.6142945,-46.48500475,,,,2,2023-06-17T12:40:20+00:00
SAO_4030-10,São Paulo,3550308,True,,33868,,,-23.61519175,-46.48790975,,,,2,2023-06-17T12:40:18+00:00
SAO_637R-10,São Paulo,3550308,True,,32964,,,-23.684307500000003,-46.770112749999996,,,,2,2023-06-17T12:40:10+00:00
SAO_637R-10,São Paulo,3550308,True,,32964,,,-23.6670375,-46.72527425,,,,2,2023-06-17T12:40:05+00:00
SAO_637R-10,São Paulo,3550308,True,,32964,,,-23.674359250000002,-46.7473895,,,,2,2023-06-17T12:40:34+00:00
SAO_637R-10,São Paulo,3550308,True,,32964,,,-23.719981500000003,-46.769767374999994,,,,2,2023-06-17T12:40:14+00:00
SAO_637R-10,São Paulo,3550308,True,,32964,,,-23.654075,-46.711811,,,,2,2023-06-17T12:40:16+00:00
SAO_4706-10,São Paulo,3550308,True,,33067,,,-23.645056374999996,-46.597188,,,,2,2023-06-17T12:40:10+00:00
SAO_4706-10,São Paulo,3550308,True,,33067,,,-23.58307,-46.611082999999994,,,,2,2023-06-17T12:40:40+00:00
SAO_647A-10,São Paulo,3550308,True,,1315,,,-23.628608874999998,-46.736059374999996,,,,1,2023-06-17T12:40:07+00:00
SAO_647A-10,São Paulo,3550308,True,,1315,,,-23.683073,-46.789238,,,,1,2023-06-17T12:40:13+00:00
SAO_647A-10,São Paulo,3550308,True,,1315,,,-23.64251,-46.736504,,,,1,2023-06-17T12:40:48+00:00
SAO_647A-10,São Paulo,3550308,True,,1315,,,-23.565532,-46.692781999999994,,,,1,2023-06-17T12:40:33+00:00
SAO_647A-10,São Paulo,3550308,True,,1315,,,-23.658284000000002,-46.76490525,,,,1,2023-06-17T12:40:02+00:00
SAO_647A-10,São Paulo,3550308,True,,1315,,,-23.578105,-46.68626825,,,,1,2023-06-17T12:40:37+00:00
SAO_856R-10,São Paulo,3550308,True,,1428,,,-23.572206,-46.690203999999994,,,,1,2023-06-17T12:40:31+00:00
SAO_856R-10,São Paulo,3550308,True,,1428,,,-23.521862,-46.6976475,,,,1,2023-06-17T12:40:46+00:00
SAO_856R-10,São Paulo,3550308,True,,1428,,,-23.65811275,-46.70672275,,,,1,2023-06-17T12:40:37+00:00
SAO_856R-10,São Paulo,3550308,True,,1428,,,-23.658618500000003,-46.706303,,,,1,2023-06-17T12:40:47+00:00
SAO_856R-10,São Paulo,3550308,True,,1428,,,-23.524847625,-46.689755125,,,,1,2023-06-17T12:40:23+00:00
SAO_856R-10,São Paulo,3550308,True,,1428,,,-23.550205249999998,-46.6790995,,,,1,2023-06-17T12:40:17+00:00
SAO_819A-10,São Paulo,3550308,True,,33571,,,-23.4387105,-46.748492,,,,2,2023-06-17T12:40:40+00:00
SAO_819A-10,São Paulo,3550308,True,,33571,,,-23.432245,-46.724555,,,,2,2023-06-17T12:40:37+00:00
SAO_819A-10,São Paulo,3550308,True,,33571,,,-23.4473205,-46.703045,,,,2,2023-06-17T12:40:29+00:00
SAO_819A-10,São Paulo,3550308,True,,33571,,,-23.445501125,-46.74804225,,,,2,2023-06-17T12:40:07+00:00
SAO_819A-10,São Paulo,3550308,True,,33571,,,-23.4876565,-46.6751125,,,,2,2023-06-17T12:40:15+00:00
SAO_819A-10,São Paulo,3550308,True,,33571,,,-23.466138,-46.6792575,,,,2,2023-06-17T12:40:35+00:00
SAO_819A-10,São Paulo,3550308,True,,33571,,,-23.4387105,-46.748492,,,,2,2023-06-17T12:40:05+00:00
SAO_819A-10,São Paulo,3550308,True,,33571,,,-23.4386675,-46.748738,,,,2,2023-06-17T12:40:39+00:00
SAO_6039-21,São Paulo,3550308,True,,2493,,,-23.6592755,-46.766434,,,,1,2023-06-17T12:40:20+00:00
SAO_3761-10,São Paulo,3550308,True,,1051,,,-23.618599,-46.4234555,,,,1,2023-06-17T12:40:33+00:00
SAO_3761-10,São Paulo,3550308,True,,1051,,,-23.570301999999998,-46.5039455,,,,1,2023-06-17T12:40:04+00:00
SAO_3761-10,São Paulo,3550308,True,,1051,,,-23.59532075,-46.477036,,,,1,2023-06-17T12:40:44+00:00
SAO_3761-10,São Paulo,3550308,True,,1051,,,-23.595953,-46.4364655,,,,1,2023-06-17T12:40:36+00:00
SAO_3761-10,São Paulo,3550308,True,,1051,,,-23.537936375,-46.563649125,,,,1,2023-06-17T12:40:15+00:00
SAO_5107-10,São Paulo,3550308,True,,34427,,,-23.5526465,-46.627396000000005,,,,2,2023-06-17T12:40:41+00:00
SAO_4056-10,São Paulo,3550308,True,,35005,,,-23.612665,-46.476373499999994,,,,2,2023-06-17T12:40:10+00:00
SAO_271A-10,São Paulo,3550308,True,STT,702,https://moovitapp.com/index/pt-br/transporte_p%C3%BAblico-line-702-Sao_Paulo-242-850661-641780-0,5.3,-23.524725,-46.557097,,,,1,2023-06-17T12:40:06+00:00
SAO_271A-10,São Paulo,3550308,True,STT,702,https://moovitapp.com/index/pt-br/transporte_p%C3%BAblico-line-702-Sao_Paulo-242-850661-641780-0,5.3,-23.507665,-46.571098,,,,1,2023-06-17T12:40:19+00:00
SAO_271A-10,São Paulo,3550308,True,STT,702,https://moovitapp.com/index/pt-br/transporte_p%C3%BAblico-line-702-Sao_Paulo-242-850661-641780-0,5.3,-23.502589,-46.623686500000005,,,,1,2023-06-17T12:40:39+00:00
SAO_8019-10,São Paulo,3550308,True,,2071,,,-23.54549,-46.762014,,,,1,2023-06-17T12:40:24+00:00
SAO_3743-10,São Paulo,3550308,True,,1043,,,-23.609853375,-46.475125875,,,,1,2023-06-17T12:40:15+00:00
SAO_3743-10,São Paulo,3550308,True,,1043,,,-23.5719715,-46.4726175,,,,1,2023-06-17T12:40:09+00:00
SAO_3743-10,São Paulo,3550308,True,,1043,,,-23.5424675,-46.470273500000005,,,,1,2023-06-17T12:40:44+00:00
SAO_6078-10,São Paulo,3550308,True,,1166,,,-23.6851195,-46.692526,,,,1,2023-06-17T12:40:05+00:00
SAO_6078-10,São Paulo,3550308,True,,1166,,,-23.7557945,-46.6673025,,,,1,2023-06-17T12:40:12+00:00
SAO_6078-10,São Paulo,3550308,True,,1166,,,-23.740688,-46.660930500000006,,,,1,2023-06-17T12:40:24+00:00
SAO_6078-10,São Paulo,3550308,True,,1166,,,-23.670293,-46.6792455,,,,1,2023-06-17T12:40:11+00:00
SAO_6078-10,São Paulo,3550308,True,,1166,,,-23.7535935,-46.6877865,,,,1,2023-06-17T12:40:35+00:00
SAO_6078-10,São Paulo,3550308,True,,1166,,,-23.669302125,-46.67795425,,,,1,2023-06-17T12:40:21+00:00
SAO_6078-10,São Paulo,3550308,True,,1166,,,-23.721144,-46.697823,,,,1,2023-06-17T12:40:41+00:00
SAO_6078-10,São Paulo,3550308,True,,1166,,,-23.740688,-46.660930500000006,,,,1,2023-06-17T12:40:31+00:00
SAO_5011-10,São Paulo,3550308,True,,33883,,,-23.7103285,-46.62034,,,,2,2023-06-17T12:40:05+00:00
SAO_5011-10,São Paulo,3550308,True,,33883,,,-23.669177,-46.689167,,,,2,2023-06-17T12:40:11+00:00
SAO_5011-10,São Paulo,3550308,True,,33883,,,-23.695814499999997,-46.667714000000004,,,,2,2023-06-17T12:40:23+00:00
SAO_5011-10,São Paulo,3550308,True,,33883,,,-23.7103285,-46.62034,,,,2,2023-06-17T12:40:45+00:00
SAO_5011-10,São Paulo,3550308,True,,33883,,,-23.7103285,-46.62034,,,,2,2023-06-17T12:40:13+00:00
SAO_2582-10,São Paulo,3550308,True,,33142,,,-23.546292,-46.630885,,,,2,2023-06-17T12:40:17+00:00
SAO_2582-10,São Paulo,3550308,True,,33142,,,-23.5429045,-46.61651275,,,,2,2023-06-17T12:40:26+00:00
SAO_2582-10,São Paulo,3550308,True,,33142,,,-23.5118895,-46.4278865,,,,2,2023-06-17T12:40:32+00:00
SAO_2582-10,São Paulo,3550308,True,,33142,,,-23.51908225,-46.42337275,,,,2,2023-06-17T12:40:03+00:00
SAO_2582-10,São Paulo,3550308,True,,33142,,,-23.4983885,-46.464096,,,,2,2023-06-17T12:40:41+00:00
SAO_2582-10,São Paulo,3550308,True,,33142,,,-23.51891675,-46.423640250000005,,,,2,2023-06-17T12:40:09+00:00
SAO_9162-10,São Paulo,3550308,True,,34133,,,-23.497189249999998,-46.660090999999994,,,,2,2023-06-17T12:40:46+00:00
SAO_9162-10,São Paulo,3550308,True,,34133,,,-23.472202000000003,-46.6830555,,,,2,2023-06-17T12:40:32+00:00
SAO_702C-10,São Paulo,3550308,True,,33253,,,-23.578326,-46.7404495,,,,2,2023-06-17T12:40:39+00:00
SAO_702C-10,São Paulo,3550308,True,,33253,,,-23.545142124999998,-46.60917125,,,,2,2023-06-17T12:40:33+00:00
SAO_702C-10,São Paulo,3550308,True,,33253,,,-23.571233,-46.74876825,,,,2,2023-06-17T12:40:31+00:00
SAO_271A-10,São Paulo,3550308,True,,33470,,,-23.5209815,-46.5648355,,,,2,2023-06-17T12:40:10+00:00
SAO_271A-10,São Paulo,3550308,True,,33470,,,-23.5261375,-46.56349175,,,,2,2023-06-17T12:37:13+00:00
SAO_271A-10,São Paulo,3550308,True,,33470,,,-23.499996,-46.59946,,,,2,2023-06-17T12:40:19+00:00
SAO_3026-10,São Paulo,3550308,True,,33730,,,-23.553857999999998,-46.4134515,,,,2,2023-06-17T12:40:15+00:00
SAO_3026-10,São Paulo,3550308,True,,33730,,,-23.576416000000002,-46.391679499999995,,,,2,2023-06-17T12:40:19+00:00
SAO_3026-10,São Paulo,3550308,True,,33730,,,-23.56032025,-46.410474,,,,2,2023-06-17T12:40:13+00:00
SAO_6062-51,São Paulo,3550308,True,,1739,,,-23.7429935,-46.6811555,,,,1,2023-06-17T12:40:41+00:00
SAO_6062-51,São Paulo,3550308,True,,1739,,,-23.7151,-46.698939499999994,,,,1,2023-06-17T12:40:22+00:00
SAO_6062-51,São Paulo,3550308,True,,1739,,,-23.6635655,-46.706256,,,,1,2023-06-17T12:40:03+00:00
SAO_6062-51,São Paulo,3550308,True,,1739,,,-23.739197249999997,-46.68610925,,,,1,2023-06-17T12:40:32+00:00
SAO_513L-10,São Paulo,3550308,True,,1655,,,-23.54545625,-46.591213374999995,,,,1,2023-06-17T12:40:37+00:00
SAO_513L-10,São Paulo,3550308,True,,1655,,,-23.593183624999998,-46.602351375,,,,1,2023-06-17T12:40:19+00:00
SAO_857P-10,São Paulo,3550308,True,,34694,,,-23.631508,-46.7726,,,,2,2023-06-17T12:40:19+00:00
SAO_857P-10,São Paulo,3550308,True,,34694,,,-23.565940499999996,-46.6509805,,,,2,2023-06-17T12:40:34+00:00
SAO_857P-10,São Paulo,3550308,True,,34694,,,-23.5714915,-46.6954035,,,,2,2023-06-17T12:40:48+00:00
SAO_857P-10,São Paulo,3550308,True,,34694,,,-23.59362225,-46.735629,,,,2,2023-06-17T12:40:30+00:00
SAO_857P-10,São Paulo,3550308,True,,34694,,,-23.63028,-46.770364,,,,2,2023-06-17T12:40:28+00:00
SAO_7060-10,São Paulo,3550308,True,,1889,,,-23.653073499999998,-46.7778225,,,,1,2023-06-17T12:40:25+00:00
SAO_7060-10,São Paulo,3550308,True,,1889,,,-23.662627,-46.78067125,,,,1,2023-06-17T12:40:26+00:00
SAO_978J-10,São Paulo,3550308,True,EMTU,591,https://moovitapp.com/index/pt-br/transporte_p%C3%BAblico-line-591-Sao_Paulo-242-2038937-36419577-0,5.4,-23.53471425,-46.64500699999999,,,,1,2023-06-17T12:40:25+00:00
SAO_978J-10,São Paulo,3550308,True,EMTU,591,https://moovitapp.com/index/pt-br/transporte_p%C3%BAblico-line-591-Sao_Paulo-242-2038937-36419577-0,5.4,-23.510699,-46.705584,,,,1,2023-06-17T12:40:31+00:00
SAO_3063-10,São Paulo,3550308,True,EMTU,253,https://moovitapp.com/index/pt-br/transporte_p%C3%BAblico-line-253-Sao_Paulo-242-2038937-36419364-0,5.4,-23.605506,-46.471284,,,,1,2023-06-17T12:40:41+00:00
SAO_3063-10,São Paulo,3550308,True,EMTU,253,https://moovitapp.com/index/pt-br/transporte_p%C3%BAblico-line-253-Sao_Paulo-242-2038937-36419364-0,5.4,-23.553857999999998,-46.4134515,,,,1,2023-06-17T12:40:26+00:00
SAO_3063-10,São Paulo,3550308,True,EMTU,253,https://moovitapp.com/index/pt-br/transporte_p%C3%BAblico-line-253-Sao_Paulo-242-2038937-36419364-0,5.4,-23.550410499999998,-46.407157999999995,,,,1,2023-06-17T12:40:37+00:00
SAO_5018-31,São Paulo,3550308,True,,1861,,,-23.6819555,-46.6699,,,,1,2023-06-17T12:40:46+00:00
SAO_1730-10,São Paulo,3550308,True,,865,,,-23.517798499999998,-46.62430474999999,,,,1,2023-06-17T12:40:03+00:00
SAO_342M-10,São Paulo,3550308,True,,33515,,,-23.547039,-46.540972374999996,,,,2,2023-06-17T12:40:34+00:00
SAO_342M-10,São Paulo,3550308,True,,33515,,,-23.6131755,-46.476376,,,,2,2023-06-17T12:40:30+00:00
SAO_342M-10,São Paulo,3550308,True,,33515,,,-23.539424500000003,-46.5532,,,,2,2023-06-17T12:40:44+00:00
SAO_342M-10,São Paulo,3550308,True,,33515,,,-23.589880625,-46.4898265,,,,2,2023-06-17T12:40:45+00:00
SAO_342M-10,São Paulo,3550308,True,,33515,,,-23.60103025,-46.48385275,,,,2,2023-06-17T12:40:06+00:00
SAO_342M-10,São Paulo,3550308,True,,33515,,,-23.5974035,-46.486855750000004,,,,2,2023-06-17T12:40:08+00:00
SAO_342M-10,São Paulo,3550308,True,,33515,,,-23.520069499999998,-46.548517375,,,,2,2023-06-17T12:40:06+00:00
SAO_342M-10,São Paulo,3550308,True,,33515,,,-23.5614265,-46.518245,,,,2,2023-06-17T12:40:13+00:00
SAO_707K-10,São Paulo,3550308,True,,35271,,,-23.6527645,-46.6805995,,,,2,2023-06-17T12:40:48+00:00
SAO_707K-10,São Paulo,3550308,True,,35271,,,-23.668242,-46.7355055,,,,2,2023-06-17T12:40:48+00:00
SAO_707K-10,São Paulo,3550308,True,,35271,,,-23.644400500000003,-46.65818900000001,,,,2,2023-06-17T12:40:06+00:00
SAO_707K-10,São Paulo,3550308,True,,35271,,,-23.6687515,-46.735510000000005,,,,2,2023-06-17T12:40:28+00:00
SAO_8548-10,São Paulo,3550308,True,,33346,,,-23.446651625,-46.715378375,,,,2,2023-06-17T12:40:28+00:00
SAO_8548-10,São Paulo,3550308,True,,33346,,,-23.515539,-46.690996,,,,2,2023-06-17T12:40:39+00:00
SAO_2727-10,São Paulo,3550308,True,,942,,,-23.527629500000003,-46.4595025,,,,1,2023-06-17T12:40:27+00:00
SAO_2727-10,São Paulo,3550308,True,,942,,,-23.540153,-46.483096,,,,1,2023-06-17T12:40:10+00:00
SAO_2727-10,São Paulo,3550308,True,,942,,,-23.540153,-46.483096,,,,1,2023-06-17T12:40:27+00:00
SAO_2727-10,São Paulo,3550308,True,,942,,,-23.540153,-46.483096,,,,1,2023-06-17T12:40:34+00:00
SAO_2727-10,São Paulo,3550308,True,,942,,,-23.5384885,-46.47931125,,,,1,2023-06-17T12:39:38+00:00
SAO_2727-10,São Paulo,3550308,True,,942,,,-23.540219999999998,-46.4830825,,,,1,2023-06-17T12:40:31+00:00
SAO_2727-10,São Paulo,3550308,True,,942,,,-23.540153,-46.483096,,,,1,2023-06-17T12:40:46+00:00
SAO_2727-10,São Paulo,3550308,True,,942,,,-23.540153,-46.483096,,,,1,2023-06-17T12:40:43+00:00
SAO_2727-10,São Paulo,3550308,True,,942,,,-23.540153,-46.483096,,,,1,2023-06-17T12:40:09+00:00
SAO_719R-10,São Paulo,3550308,True,EMTU,469,https://moovitapp.com/index/pt-br/transporte_p%C3%BAblico-line-469-Sao_Paulo-242-2038937-36419507-0,5.4,-23.555013875,-46.66024075,,,,1,2023-06-17T12:40:29+00:00
SAO_719R-10,São Paulo,3550308,True,EMTU,469,https://moovitapp.com/index/pt-br/transporte_p%C3%BAblico-line-469-Sao_Paulo-242-2038937-36419507-0,5.4,-23.5263985,-46.665847,,,,1,2023-06-17T12:40:42+00:00
SAO_719R-10,São Paulo,3550308,True,EMTU,469,https://moovitapp.com/index/pt-br/transporte_p%C3%BAblico-line-469-Sao_Paulo-242-2038937-36419507-0,5.4,-23.5637885,-46.74898399999999,,,,1,2023-06-17T12:40:37+00:00
SAO_3761-10,São Paulo,3550308,True,,33819,,,-23.61839375,-46.42342575,,,,2,2023-06-17T12:40:19+00:00
SAO_3761-10,São Paulo,3550308,True,,33819,,,-23.548963999999998,-46.525281,,,,2,2023-06-17T12:40:05+00:00
SAO_3761-10,São Paulo,3550308,True,,33819,,,-23.61839375,-46.42342575,,,,2,2023-06-17T12:40:43+00:00
SAO_3761-10,São Paulo,3550308,True,,33819,,,-23.596091,-46.453577,,,,2,2023-06-17T12:40:38+00:00
SAO_3761-10,São Paulo,3550308,True,,33819,,,-23.61803925,-46.42337725,,,,2,2023-06-17T12:40:06+00:00
SAO_4029-10,São Paulo,3550308,True,,1099,,,-23.59880075,-46.517998000000006,,,,1,2023-06-17T12:40:21+00:00
SAO_4029-10,São Paulo,3550308,True,,1099,,,-23.585518,-46.58293475,,,,1,2023-06-17T12:40:13+00:00
SAO_4029-10,São Paulo,3550308,True,,1099,,,-23.597566999999998,-46.522822500000004,,,,1,2023-06-17T12:40:21+00:00
SAO_4029-10,São Paulo,3550308,True,,1099,,,-23.6137385,-46.495691,,,,1,2023-06-17T12:40:35+00:00
SAO_6084-10,São Paulo,3550308,True,,1169,,,-23.765363,-46.691981,,,,1,2023-06-17T12:40:33+00:00
SAO_6084-10,São Paulo,3550308,True,,1169,,,-23.7782935,-46.681335000000004,,,,1,2023-06-17T12:40:42+00:00
SAO_PAEC-10,São Paulo,3550308,True,,34190,,,-23.5361185,-46.632417000000004,,,,2,2023-06-17T12:40:21+00:00
SAO_PAEC-10,São Paulo,3550308,True,,34190,,,-23.5216,-46.4253885,,,,2,2023-06-17T12:40:44+00:00
SAO_PAEC-10,São Paulo,3550308,True,,34190,,,-23.5216,-46.4253885,,,,2,2023-06-17T12:40:08+00:00
SAO_PAEC-10,São Paulo,3550308,True,,34190,,,-23.5216,-46.4253885,,,,2,2023-06-17T12:40:08+00:00
SAO_PAEC-10,São Paulo,3550308,True,,34190,,,-23.5216,-46.4253885,,,,2,2023-06-17T12:40:30+00:00
SAO_PAEC-10,São Paulo,3550308,True,,34190,,,-23.613302,-46.4764105,,,,2,2023-06-17T12:40:35+00:00
SAO_PAEC-10,São Paulo,3550308,True,,34190,,,-23.5216,-46.4253885,,,,2,2023-06-17T12:40:12+00:00
SAO_PAEC-10,São Paulo,3550308,True,,34190,,,-23.5361185,-46.632417000000004,,,,2,2023-06-17T12:40:16+00:00
SAO_PAEC-10,São Paulo,3550308,True,,34190,,,-23.613302,-46.4764105,,,,2,2023-06-17T12:40:32+00:00
SAO_PAEC-10,São Paulo,3550308,True,,34190,,,-23.613302,-46.4764105,,,,2,2023-06-17T12:40:07+00:00
SAO_502J-21,São Paulo,3550308,True,,34874,,,-23.703597000000002,-46.6861375,,,,2,2023-06-17T12:40:46+00:00
SAO_N505-11,São Paulo,3550308,True,,2379,,,-23.603453000000002,-46.6026665,,,,1,2023-06-17T12:40:07+00:00
SAO_6063-43,São Paulo,3550308,True,,35248,,,-23.815749124999996,-46.669407500000005,,,,2,2023-06-17T12:40:22+00:00
SAO_4031-10,São Paulo,3550308,True,,1101,,,-23.61408,-46.517419000000004,,,,1,2023-06-17T12:40:26+00:00
SAO_4031-10,São Paulo,3550308,True,,1101,,,-23.5854635,-46.585412500000004,,,,1,2023-06-17T12:40:18+00:00
SAO_4031-10,São Paulo,3550308,True,,1101,,,-23.6104925,-46.508626,,,,1,2023-06-17T12:40:09+00:00
SAO_4031-10,São Paulo,3550308,True,,1101,,,-23.59086825,-46.588631500000005,,,,1,2023-06-17T12:40:17+00:00
SAO_4031-10,São Paulo,3550308,True,,1101,,,-23.6023675,-46.530199499999995,,,,1,2023-06-17T12:40:17+00:00
SAO_4031-10,São Paulo,3550308,True,,1101,,,-23.592705000000002,-46.557747,,,,1,2023-06-17T12:40:28+00:00
SAO_263C-10,São Paulo,3550308,True,,33020,,,-23.49529025,-46.43150675,,,,2,2023-06-17T12:40:28+00:00
SAO_263C-10,São Paulo,3550308,True,,33020,,,-23.47938825,-46.420079,,,,2,2023-06-17T12:39:58+00:00
SAO_263C-10,São Paulo,3550308,True,,33020,,,-23.517261,-46.4136915,,,,2,2023-06-17T12:40:05+00:00
SAO_263C-10,São Paulo,3550308,True,,33020,,,-23.552006499999997,-46.4339545,,,,2,2023-06-17T12:40:23+00:00
SAO_627J-10,São Paulo,3550308,True,,2056,,,-23.6593975,-46.636264875,,,,1,2023-06-17T12:40:43+00:00
SAO_627J-10,São Paulo,3550308,True,,2056,,,-23.680768999999998,-46.6375695,,,,1,2023-06-17T12:40:45+00:00
SAO_627J-10,São Paulo,3550308,True,,2056,,,-23.626101249999998,-46.64086575,,,,1,2023-06-17T12:40:30+00:00
SAO_627J-10,São Paulo,3550308,True,,2056,,,-23.682060999999997,-46.633000499999994,,,,1,2023-06-17T12:40:16+00:00
SAO_1178-10,São Paulo,3550308,True,,132,,,-23.525452,-46.59820725,,,,1,2023-06-17T12:39:29+00:00
SAO_1178-10,São Paulo,3550308,True,,132,,,-23.5372053125,-46.6343879375,,,,1,2023-06-17T12:40:28+00:00
SAO_1178-10,São Paulo,3550308,True,,132,,,-23.498885,-46.46669425,,,,1,2023-06-17T12:40:27+00:00
SAO_1178-10,São Paulo,3550308,True,,132,,,-23.49172,-46.4788225,,,,1,2023-06-17T12:40:17+00:00
SAO_1178-10,São Paulo,3550308,True,,132,,,-23.498266,-46.4572045,,,,1,2023-06-17T12:40:30+00:00
SAO_1178-10,São Paulo,3550308,True,,132,,,-23.48515725,-46.48001325,,,,1,2023-06-17T12:40:24+00:00
SAO_1178-10,São Paulo,3550308,True,,32900,,,-23.49155975,-46.44657925,,,,2,2023-06-17T12:40:37+00:00
SAO_1178-10,São Paulo,3550308,True,,32900,,,-23.485814499999996,-46.5009595,,,,2,2023-06-17T12:40:39+00:00
SAO_1178-10,São Paulo,3550308,True,,32900,,,-23.5224565,-46.613785,,,,2,2023-06-17T12:40:15+00:00
SAO_1178-10,São Paulo,3550308,True,,32900,,,-23.495103,-46.435818,,,,2,2023-06-17T12:40:26+00:00
SAO_1178-10,São Paulo,3550308,True,,32900,,,-23.528214,-46.597764999999995,,,,2,2023-06-17T12:40:24+00:00
SAO_2666-10,São Paulo,3550308,True,EMTU,378,https://moovitapp.com/index/pt-br/transporte_p%C3%BAblico-line-378-Sao_Paulo-242-2038937-36419452-0,12.1,-23.547011,-46.62953,,,,1,2023-06-17T12:40:17+00:00
SAO_2666-10,São Paulo,3550308,True,EMTU,378,https://moovitapp.com/index/pt-br/transporte_p%C3%BAblico-line-378-Sao_Paulo-242-2038937-36419452-0,12.1,-23.493909000000002,-46.416891500000006,,,,1,2023-06-17T12:40:34+00:00
SAO_2666-10,São Paulo,3550308,True,EMTU,378,https://moovitapp.com/index/pt-br/transporte_p%C3%BAblico-line-378-Sao_Paulo-242-2038937-36419452-0,12.1,-23.51798475,-46.3882325,,,,1,2023-06-17T12:40:31+00:00
SAO_2666-10,São Paulo,3550308,True,EMTU,378,https://moovitapp.com/index/pt-br/transporte_p%C3%BAblico-line-378-Sao_Paulo-242-2038937-36419452-0,12.1,-23.52146475,-46.548181,,,,1,2023-06-17T12:40:13+00:00
SAO_2666-10,São Paulo,3550308,True,EMTU,378,https://moovitapp.com/index/pt-br/transporte_p%C3%BAblico-line-378-Sao_Paulo-242-2038937-36419452-0,12.1,-23.546727,-46.629723999999996,,,,1,2023-06-17T12:40:05+00:00
SAO_2666-10,São Paulo,3550308,True,EMTU,378,https://moovitapp.com/index/pt-br/transporte_p%C3%BAblico-line-378-Sao_Paulo-242-2038937-36419452-0,12.1,-23.5185215,-46.387811,,,,1,2023-06-17T12:40:34+00:00
SAO_2666-10,São Paulo,3550308,True,EMTU,378,https://moovitapp.com/index/pt-br/transporte_p%C3%BAblico-line-378-Sao_Paulo-242-2038937-36419452-0,12.1,-23.497991499999998,-46.4626485,,,,1,2023-06-17T12:40:41+00:00
SAO_6835-31,São Paulo,3550308,True,,1407,,,-23.6921635,-46.797968999999995,,,,1,2023-06-17T12:40:28+00:00
SAO_6835-31,São Paulo,3550308,True,,1407,,,-23.6588125,-46.76545,,,,1,2023-06-17T12:40:21+00:00
SAO_6960-10,São Paulo,3550308,True,,34211,,,-23.7608295,-46.715474,,,,2,2023-06-17T12:40:07+00:00
SAO_6960-10,São Paulo,3550308,True,,34211,,,-23.705180500000004,-46.7140404375,,,,2,2023-06-17T12:35:36+00:00
SAO_6960-10,São Paulo,3550308,True,,34211,,,-23.7505585,-46.7104225,,,,2,2023-06-17T12:40:26+00:00
SAO_6960-10,São Paulo,3550308,True,,34211,,,-23.69831875,-46.71511175,,,,2,2023-06-17T12:40:26+00:00
SAO_6960-10,São Paulo,3550308,True,,34211,,,-23.6585225,-46.706396999999996,,,,2,2023-06-17T12:40:40+00:00
SAO_6960-10,São Paulo,3550308,True,,34211,,,-23.6543295,-46.7121355,,,,2,2023-06-17T12:40:02+00:00
SAO_7040-10,São Paulo,3550308,True,,33544,,,-23.623783500000002,-46.727943999999994,,,,2,2023-06-17T12:40:04+00:00
SAO_7040-10,São Paulo,3550308,True,,33544,,,-23.597914,-46.7086635,,,,2,2023-06-17T12:40:21+00:00
SAO_7040-10,São Paulo,3550308,True,,33544,,,-23.6236665,-46.7280325,,,,2,2023-06-17T12:40:46+00:00
SAO_7040-10,São Paulo,3550308,True,,33544,,,-23.584178,-46.69027625,,,,2,2023-06-17T12:40:19+00:00
SAO_7040-10,São Paulo,3550308,True,,33544,,,-23.616376000000002,-46.7209705,,,,2,2023-06-17T12:40:14+00:00
SAO_6047-10,São Paulo,3550308,True,,1224,,,-23.6435075,-46.725114000000005,,,,1,2023-06-17T12:40:26+00:00
SAO_6047-10,São Paulo,3550308,True,,1224,,,-23.6686645,-46.763990500000006,,,,1,2023-06-17T12:40:07+00:00
SAO_6047-10,São Paulo,3550308,True,,1224,,,-23.6582785,-46.760383000000004,,,,1,2023-06-17T12:40:18+00:00
SAO_6913-10,São Paulo,3550308,True,,1465,,,-23.680314,-46.713063999999996,,,,1,2023-06-17T12:40:22+00:00
SAO_6913-10,São Paulo,3550308,True,,1465,,,-23.767560000000003,-46.7161905,,,,1,2023-06-17T12:40:25+00:00
SAO_6913-10,São Paulo,3550308,True,,1465,,,-23.6239385,-46.68555175,,,,1,2023-06-17T12:40:45+00:00
SAO_6913-10,São Paulo,3550308,True,,1465,,,-23.5560215,-46.6502465,,,,1,2023-06-17T12:40:16+00:00
SAO_6913-10,São Paulo,3550308,True,,1465,,,-23.767961,-46.716508,,,,1,2023-06-17T12:40:36+00:00
SAO_6913-10,São Paulo,3550308,True,,1465,,,-23.767560000000003,-46.7161905,,,,1,2023-06-17T12:40:23+00:00
SAO_6913-10,São Paulo,3550308,True,,1465,,,-23.549243,-46.639711500000004,,,,1,2023-06-17T12:40:23+00:00
SAO_6913-10,São Paulo,3550308,True,,1465,,,-23.661396500000002,-46.705166,,,,1,2023-06-17T12:40:40+00:00
SAO_6913-10,São Paulo,3550308,True,,1465,,,-23.74073,-46.70446725,,,,1,2023-06-17T12:40:33+00:00
SAO_6913-10,São Paulo,3550308,True,,1465,,,-23.717022999999998,-46.7045805,,,,1,2023-06-17T12:38:58+00:00
SAO_6913-10,São Paulo,3550308,True,,1465,,,-23.5774585,-46.671091000000004,,,,1,2023-06-17T12:40:36+00:00
SAO_6913-10,São Paulo,3550308,True,,1465,,,-23.767560000000003,-46.7161905,,,,1,2023-06-17T12:40:15+00:00
SAO_5702-10,São Paulo,3550308,True,,1137,,,-23.698729999999998,-46.6457525,,,,1,2023-06-17T12:40:21+00:00
SAO_5702-10,São Paulo,3550308,True,,1137,,,-23.665999,-46.638196,,,,1,2023-06-17T12:40:16+00:00
SAO_5702-10,São Paulo,3550308,True,,1137,,,-23.682105999999997,-46.636607,,,,1,2023-06-17T12:40:30+00:00
SAO_5702-10,São Paulo,3550308,True,,1137,,,-23.694082,-46.641108,,,,1,2023-06-17T12:40:21+00:00
SAO_407T-10,São Paulo,3550308,True,,34970,,,-23.5384515,-46.44110425,,,,2,2023-06-17T12:40:34+00:00
SAO_407T-10,São Paulo,3550308,True,,34970,,,-23.5393935,-46.446762,,,,2,2023-06-17T12:40:08+00:00
SAO_407T-10,São Paulo,3550308,True,,34970,,,-23.535034250000002,-46.438904,,,,2,2023-06-17T12:40:38+00:00
SAO_6045-10,São Paulo,3550308,True,,1222,,,-23.66215,-46.7691005,,,,1,2023-06-17T12:40:29+00:00
SAO_6045-10,São Paulo,3550308,True,,1222,,,-23.683338499999998,-46.789263000000005,,,,1,2023-06-17T12:40:37+00:00
SAO_6045-10,São Paulo,3550308,True,,1222,,,-23.685769,-46.791277,,,,1,2023-06-17T12:39:52+00:00
SAO_6045-10,São Paulo,3550308,True,,1222,,,-23.6990275,-46.7964265,,,,1,2023-06-17T12:40:14+00:00
SAO_6045-10,São Paulo,3550308,True,,1222,,,-23.648301,-46.7487645,,,,1,2023-06-17T12:40:32+00:00
SAO_6045-10,São Paulo,3550308,True,,1222,,,-23.6990275,-46.7964265,,,,1,2023-06-17T12:40:06+00:00
SAO_6045-10,São Paulo,3550308,True,,1222,,,-23.69435,-46.794564,,,,1,2023-06-17T12:40:05+00:00
SAO_6045-10,São Paulo,3550308,True,,1222,,,-23.6498405,-46.707801,,,,1,2023-06-17T12:40:38+00:00
SAO_675G-10,São Paulo,3550308,True,,32874,,,-23.647226,-46.675112500000004,,,,2,2023-06-17T12:40:21+00:00
SAO_675G-10,São Paulo,3550308,True,,32874,,,-23.7536805,-46.688084,,,,2,2023-06-17T12:40:16+00:00
SAO_675G-10,São Paulo,3550308,True,,32874,,,-23.75267975,-46.6886135,,,,2,2023-06-17T12:40:17+00:00
SAO_807M-10,São Paulo,3550308,True,,1916,,,-23.60893375,-46.74977025,,,,1,2023-06-17T12:40:40+00:00
SAO_807M-10,São Paulo,3550308,True,,1916,,,-23.6105695,-46.703619,,,,1,2023-06-17T12:40:16+00:00
SAO_807M-10,São Paulo,3550308,True,,1916,,,-23.624026999999998,-46.753276,,,,1,2023-06-17T12:40:30+00:00
SAO_807M-10,São Paulo,3550308,True,,1916,,,-23.598654500000002,-46.72051999999999,,,,1,2023-06-17T12:40:10+00:00
SAO_807M-10,São Paulo,3550308,True,,1916,,,-23.610664,-46.706013,,,,1,2023-06-17T12:40:09+00:00
SAO_273X-10,São Paulo,3550308,True,,33160,,,-23.494333750000003,-46.37883925,,,,2,2023-06-17T12:40:44+00:00
SAO_273X-10,São Paulo,3550308,True,,33160,,,-23.493677499999997,-46.4402265,,,,2,2023-06-17T12:40:34+00:00
SAO_273X-10,São Paulo,3550308,True,,33160,,,-23.4938905,-46.4175005,,,,2,2023-06-17T12:40:37+00:00
SAO_273X-10,São Paulo,3550308,True,,33160,,,-23.497790875,-46.376857375,,,,2,2023-06-17T12:40:36+00:00
SAO_273X-10,São Paulo,3550308,True,,33160,,,-23.539121375,-46.481944,,,,2,2023-06-17T12:40:32+00:00
SAO_273X-10,São Paulo,3550308,True,,33160,,,-23.495356,-46.4300755,,,,2,2023-06-17T12:40:19+00:00
SAO_273X-10,São Paulo,3550308,True,,33160,,,-23.498168999999997,-46.376669500000006,,,,2,2023-06-17T12:40:31+00:00
SAO_1788-10,São Paulo,3550308,True,,653,,,-23.500470999999997,-46.615558,,,,1,2023-06-17T12:37:44+00:00
SAO_1788-10,São Paulo,3550308,True,,653,,,-23.4513855,-46.588884,,,,1,2023-06-17T12:40:01+00:00
SAO_1788-10,São Paulo,3550308,True,,653,,,-23.431054,-46.5745905,,,,1,2023-06-17T12:40:27+00:00
SAO_2088-10,São Paulo,3550308,True,EMTU,372,https://moovitapp.com/index/pt-br/transporte_p%C3%BAblico-line-372-Sao_Paulo-242-2038937-36419447-0,4.9,-23.5153105,-46.46291,,,,1,2023-06-17T12:40:40+00:00
SAO_2088-10,São Paulo,3550308,True,EMTU,372,https://moovitapp.com/index/pt-br/transporte_p%C3%BAblico-line-372-Sao_Paulo-242-2038937-36419447-0,4.9,-23.4857825,-46.38360275000001,,,,1,2023-06-17T12:40:29+00:00
SAO_407J-10,São Paulo,3550308,True,,2198,,,-23.5347285,-46.4537885,,,,1,2023-06-17T12:40:39+00:00
SAO_407J-10,São Paulo,3550308,True,,2198,,,-23.553221999999998,-46.528059,,,,1,2023-06-17T12:40:00+00:00
SAO_407J-10,São Paulo,3550308,True,,2198,,,-23.573396375,-46.481300000000005,,,,1,2023-06-17T12:40:36+00:00
SAO_407J-10,São Paulo,3550308,True,,2198,,,-23.553662,-46.403915,,,,1,2023-06-17T12:40:27+00:00
SAO_407J-10,São Paulo,3550308,True,,2198,,,-23.553662,-46.403915,,,,1,2023-06-17T12:40:13+00:00
SAO_407J-10,São Paulo,3550308,True,,2198,,,-23.543391,-46.4600975,,,,1,2023-06-17T12:40:20+00:00
SAO_407J-10,São Paulo,3550308,True,,2198,,,-23.5482025,-46.5383585,,,,1,2023-06-17T12:40:18+00:00
SAO_407J-10,São Paulo,3550308,True,,2198,,,-23.544853500000002,-46.407573,,,,1,2023-06-17T12:40:29+00:00
SAO_5164-41,São Paulo,3550308,True,,1617,,,-23.646017,-46.6471265,,,,1,2023-06-17T12:40:19+00:00
SAO_5164-41,São Paulo,3550308,True,,1617,,,-23.6468075,-46.65078325,,,,1,2023-06-17T12:40:25+00:00
SAO_5164-41,São Paulo,3550308,True,,1617,,,-23.6463425,-46.64646425,,,,1,2023-06-17T12:40:04+00:00
SAO_3001-10,São Paulo,3550308,True,,34418,,,-23.491646000000003,-46.434507499999995,,,,2,2023-06-17T12:40:09+00:00
SAO_3001-10,São Paulo,3550308,True,,34418,,,-23.514367,-46.380974374999994,,,,2,2023-06-17T12:40:28+00:00
SAO_209P-1,São Paulo,3550308,True,,2301,,,-23.521772749999997,-46.66469625,,,,1,2023-06-17T12:40:22+00:00
SAO_209P-1,São Paulo,3550308,True,,2301,,,-23.5346905,-46.674388,,,,1,2023-06-17T12:40:25+00:00
SAO_6110-10,São Paulo,3550308,True,,1184,,,-23.7246185,-46.710646749999995,,,,1,2023-06-17T12:40:18+00:00
SAO_6110-10,São Paulo,3550308,True,,1184,,,-23.665155499999997,-46.67816625,,,,1,2023-06-17T12:40:39+00:00
SAO_6110-10,São Paulo,3550308,True,,1184,,,-23.747792,-46.708254499999995,,,,1,2023-06-17T12:40:07+00:00
SAO_6110-10,São Paulo,3550308,True,,1184,,,-23.702216375,-46.701288375,,,,1,2023-06-17T12:40:36+00:00
SAO_475M-10,São Paulo,3550308,True,EMTU,343,https://moovitapp.com/index/pt-br/transporte_p%C3%BAblico-line-343-Sao_Paulo-242-2038937-36419427-0,5.15,-23.555319125,-46.641549375,,,,1,2023-06-17T12:40:15+00:00
SAO_475M-10,São Paulo,3550308,True,EMTU,343,https://moovitapp.com/index/pt-br/transporte_p%C3%BAblico-line-343-Sao_Paulo-242-2038937-36419427-0,5.15,-23.586944,-46.628575,,,,1,2023-06-17T12:40:47+00:00
SAO_875A-10,São Paulo,3550308,True,,609,,,-23.610271500000003,-46.637823,,,,1,2023-06-17T12:40:40+00:00
SAO_875A-10,São Paulo,3550308,True,,609,,,-23.558763499999998,-46.659388,,,,1,2023-06-17T12:40:43+00:00
SAO_875A-10,São Paulo,3550308,True,,609,,,-23.6434085,-46.6627935,,,,1,2023-06-17T12:40:17+00:00
SAO_875A-10,São Paulo,3550308,True,,609,,,-23.556026250000002,-46.662388750000005,,,,1,2023-06-17T12:40:39+00:00
SAO_6840-10,São Paulo,3550308,True,EMTU,201,https://moovitapp.com/index/pt-br/transporte_p%C3%BAblico-line-201-Sao_Paulo-242-2038937-58093160-0,20.4,-23.7320815,-46.786311,,,,1,2023-06-17T12:40:11+00:00
SAO_6840-10,São Paulo,3550308,True,EMTU,201,https://moovitapp.com/index/pt-br/transporte_p%C3%BAblico-line-201-Sao_Paulo-242-2038937-58093160-0,20.4,-23.7421735,-46.8011275,,,,1,2023-06-17T12:40:39+00:00
SAO_6840-10,São Paulo,3550308,True,EMTU,201,https://moovitapp.com/index/pt-br/transporte_p%C3%BAblico-line-201-Sao_Paulo-242-2038937-58093160-0,20.4,-23.723031499999998,-46.785344499999994,,,,1,2023-06-17T12:40:12+00:00
SAO_6840-10,São Paulo,3550308,True,EMTU,201,https://moovitapp.com/index/pt-br/transporte_p%C3%BAblico-line-201-Sao_Paulo-242-2038937-58093160-0,20.4,-23.73869425,-46.7913615,,,,1,2023-06-17T12:40:37+00:00
SAO_6840-10,São Paulo,3550308,True,EMTU,201,https://moovitapp.com/index/pt-br/transporte_p%C3%BAblico-line-201-Sao_Paulo-242-2038937-58093160-0,20.4,-23.7320815,-46.786311,,,,1,2023-06-17T12:40:33+00:00
SAO_6840-10,São Paulo,3550308,True,EMTU,201,https://moovitapp.com/index/pt-br/transporte_p%C3%BAblico-line-201-Sao_Paulo-242-2038937-58093160-0,20.4,-23.7317975,-46.7861475,,,,1,2023-06-17T12:40:15+00:00
SAO_6840-10,São Paulo,3550308,True,EMTU,201,https://moovitapp.com/index/pt-br/transporte_p%C3%BAblico-line-201-Sao_Paulo-242-2038937-58093160-0,20.4,-23.690734,-46.774626,,,,1,2023-06-17T12:40:22+00:00
SAO_6840-10,São Paulo,3550308,True,EMTU,201,https://moovitapp.com/index/pt-br/transporte_p%C3%BAblico-line-201-Sao_Paulo-242-2038937-58093160-0,20.4,-23.7317975,-46.7861475,,,,1,2023-06-17T12:40:08+00:00
SAO_6840-10,São Paulo,3550308,True,EMTU,201,https://moovitapp.com/index/pt-br/transporte_p%C3%BAblico-line-201-Sao_Paulo-242-2038937-58093160-0,20.4,-23.656632000000002,-46.7632865,,,,1,2023-06-17T12:40:37+00:00
SAO_6840-10,São Paulo,3550308,True,EMTU,201,https://moovitapp.com/index/pt-br/transporte_p%C3%BAblico-line-201-Sao_Paulo-242-2038937-58093160-0,20.4,-23.7320815,-46.786311,,,,1,2023-06-17T12:40:28+00:00
SAO_6840-10,São Paulo,3550308,True,EMTU,201,https://moovitapp.com/index/pt-br/transporte_p%C3%BAblico-line-201-Sao_Paulo-242-2038937-58093160-0,20.4,-23.7317975,-46.7861475,,,,1,2023-06-17T12:40:07+00:00
SAO_6840-10,São Paulo,3550308,True,EMTU,201,https://moovitapp.com/index/pt-br/transporte_p%C3%BAblico-line-201-Sao_Paulo-242-2038937-58093160-0,20.4,-23.6690045,-46.7731115,,,,1,2023-06-17T12:40:39+00:00
SAO_695T-10,São Paulo,3550308,True,,34090,,,-23.59914325,-46.63838525,,,,2,2023-06-17T12:40:41+00:00
SAO_695T-10,São Paulo,3550308,True,,34090,,,-23.64634675,-46.707294250000004,,,,2,2023-06-17T12:40:47+00:00
SAO_695T-10,São Paulo,3550308,True,,34090,,,-23.604106,-46.6627935,,,,2,2023-06-17T12:40:15+00:00
SAO_695T-10,São Paulo,3550308,True,,34090,,,-23.6546255,-46.761425,,,,2,2023-06-17T12:40:42+00:00
SAO_4210-10,São Paulo,3550308,True,,2170,,,-23.5987695,-46.466117499999996,,,,1,2023-06-17T12:40:17+00:00
SAO_4210-10,São Paulo,3550308,True,,2170,,,-23.536963749999998,-46.59174825,,,,1,2023-06-17T12:40:04+00:00
SAO_4210-10,São Paulo,3550308,True,,2170,,,-23.5959875,-46.453278,,,,1,2023-06-17T12:40:19+00:00
SAO_4210-10,São Paulo,3550308,True,,2170,,,-23.579605,-46.412025,,,,1,2023-06-17T12:40:08+00:00
SAO_4210-10,São Paulo,3550308,True,,2170,,,-23.5372205,-46.59428762499999,,,,1,2023-06-17T12:40:06+00:00
SAO_2006-10,São Paulo,3550308,True,,895,,,-23.494909999999997,-46.372589,,,,1,2023-06-17T12:40:41+00:00
SAO_2006-10,São Paulo,3550308,True,,895,,,-23.487839,-46.381974,,,,1,2023-06-17T12:40:05+00:00
SAO_2006-10,São Paulo,3550308,True,,895,,,-23.510832999999998,-46.366727,,,,1,2023-06-17T12:40:01+00:00
SAO_2006-10,São Paulo,3550308,True,,895,,,-23.497455000000002,-46.398989,,,,1,2023-06-17T12:40:40+00:00
SAO_2006-10,São Paulo,3550308,True,,895,,,-23.4920125,-46.3877055,,,,1,2023-06-17T12:39:57+00:00
SAO_2006-10,São Paulo,3550308,True,,895,,,-23.5090975,-46.36701,,,,1,2023-06-17T12:40:44+00:00
SAO_2006-10,São Paulo,3550308,True,,895,,,-23.510832999999998,-46.366727,,,,1,2023-06-17T12:40:26+00:00
SAO_2006-10,São Paulo,3550308,True,,895,,,-23.510832999999998,-46.366727,,,,1,2023-06-17T12:38:40+00:00
SAO_7051-10,São Paulo,3550308,True,,1885,,,-23.652745,-46.785092,,,,1,2023-06-17T12:40:15+00:00
SAO_7051-10,São Paulo,3550308,True,,1885,,,-23.655096,-46.7838845,,,,1,2023-06-17T12:40:14+00:00
SAO_7051-10,São Paulo,3550308,True,,1885,,,-23.6313825,-46.77286,,,,1,2023-06-17T12:40:12+00:00
SAO_7051-10,São Paulo,3550308,True,,1885,,,-23.655096,-46.7838845,,,,1,2023-06-17T12:40:34+00:00
SAO_7051-10,São Paulo,3550308,True,,1885,,,-23.655096,-46.7838845,,,,1,2023-06-17T12:40:39+00:00
SAO_425E-10,São Paulo,3550308,True,,34404,,,-23.624986,-46.462575,,,,2,2023-06-17T12:40:19+00:00
SAO_1023-10,São Paulo,3550308,True,,2559,,,-23.4766605,-46.743288500000006,,,,1,2023-06-17T12:40:34+00:00
SAO_709A-10,São Paulo,3550308,True,,2092,,,-23.580464,-46.6607645,,,,1,2023-06-17T12:40:34+00:00
SAO_709A-10,São Paulo,3550308,True,,2092,,,-23.584374999999998,-46.643083000000004,,,,1,2023-06-17T12:40:02+00:00
SAO_709A-10,São Paulo,3550308,True,,2092,,,-23.590515000000003,-46.681063249999994,,,,1,2023-06-17T12:40:41+00:00
SAO_709A-10,São Paulo,3550308,True,,2092,,,-23.6130845,-46.696608499999996,,,,1,2023-06-17T12:40:30+00:00
SAO_709A-10,São Paulo,3550308,True,,2092,,,-23.5820815,-46.6384025,,,,1,2023-06-17T12:40:16+00:00
SAO_7053-22,São Paulo,3550308,True,,1896,,,-23.6431875,-46.787111,,,,1,2023-06-17T12:40:15+00:00
SAO_7053-22,São Paulo,3550308,True,,1896,,,-23.645486499999997,-46.789591,,,,1,2023-06-17T12:40:07+00:00
SAO_7053-22,São Paulo,3550308,True,,1896,,,-23.634363,-46.774752,,,,1,2023-06-17T12:40:36+00:00
SAO_677Y-10,São Paulo,3550308,True,,1240,,,-23.687793,-46.800698499999996,,,,1,2023-06-17T12:40:38+00:00
SAO_677Y-10,São Paulo,3550308,True,,1240,,,-23.6836685,-46.7890555,,,,1,2023-06-17T12:40:18+00:00
SAO_677Y-10,São Paulo,3550308,True,,1240,,,-23.6836685,-46.7890555,,,,1,2023-06-17T12:40:38+00:00
SAO_677Y-10,São Paulo,3550308,True,,1240,,,-23.6657115,-46.7709265,,,,1,2023-06-17T12:40:22+00:00
SAO_677Y-10,São Paulo,3550308,True,,1240,,,-23.6435925,-46.735404,,,,1,2023-06-17T12:40:19+00:00
SAO_677Y-10,São Paulo,3550308,True,,1240,,,-23.6135745,-46.697574,,,,1,2023-06-17T12:40:20+00:00
SAO_8605-10,São Paulo,3550308,True,,1917,,,-23.549214,-46.6406165,,,,1,2023-06-17T12:40:12+00:00
SAO_8605-10,São Paulo,3550308,True,,1917,,,-23.612340000000003,-46.754549,,,,1,2023-06-17T12:40:37+00:00
SAO_8605-10,São Paulo,3550308,True,,1917,,,-23.569386,-46.661173125000005,,,,1,2023-06-17T12:40:14+00:00
SAO_8605-10,São Paulo,3550308,True,,1917,,,-23.584919,-46.719221000000005,,,,1,2023-06-17T12:37:29+00:00
SAO_3008-10,São Paulo,3550308,True,,35283,,,-23.52351625,-46.39590125,,,,2,2023-06-17T12:39:59+00:00
SAO_3008-10,São Paulo,3550308,True,,35283,,,-23.500075250000002,-46.398988,,,,2,2023-06-17T12:40:03+00:00
SAO_3008-10,São Paulo,3550308,True,,35283,,,-23.52351625,-46.39590125,,,,2,2023-06-17T12:39:57+00:00
SAO_2730-10,São Paulo,3550308,True,,33713,,,-23.4993145,-46.45101,,,,2,2023-06-17T12:40:15+00:00
SAO_2730-10,São Paulo,3550308,True,,33713,,,-23.5219565,-46.4689695,,,,2,2023-06-17T12:40:09+00:00
SAO_2730-10,São Paulo,3550308,True,,33713,,,-23.5105165,-46.446583499999996,,,,2,2023-06-17T12:40:35+00:00
SAO_2730-10,São Paulo,3550308,True,,33713,,,-23.5105165,-46.446583499999996,,,,2,2023-06-17T12:40:32+00:00
SAO_1701-10,São Paulo,3550308,True,,33613,,,-23.447903750000002,-46.57596337499999,,,,2,2023-06-17T12:40:29+00:00
SAO_1701-10,São Paulo,3550308,True,,33613,,,-23.486841,-46.6086565,,,,2,2023-06-17T12:40:23+00:00
SAO_1701-10,São Paulo,3550308,True,,33613,,,-23.504054125000003,-46.624669499999996,,,,2,2023-06-17T12:40:28+00:00
SAO_7903-10,São Paulo,3550308,True,,512,,,-23.570977499999998,-46.690430000000006,,,,1,2023-06-17T12:40:20+00:00
SAO_7903-10,São Paulo,3550308,True,,512,,,-23.601868250000003,-46.78341825,,,,1,2023-06-17T12:40:39+00:00
SAO_7903-10,São Paulo,3550308,True,,512,,,-23.586077500000002,-46.7599125,,,,1,2023-06-17T12:40:41+00:00
SAO_4005-10,São Paulo,3550308,True,,34947,,,-23.5833245,-46.4079025,,,,2,2023-06-17T12:40:30+00:00
SAO_4005-10,São Paulo,3550308,True,,34947,,,-23.5835525,-46.408947,,,,2,2023-06-17T12:40:28+00:00
SAO_2017-10,São Paulo,3550308,True,,33671,,,-23.5078385,-46.415991500000004,,,,2,2023-06-17T12:40:37+00:00
SAO_2017-10,São Paulo,3550308,True,,33671,,,-23.494584,-46.425981500000006,,,,2,2023-06-17T12:40:47+00:00
SAO_407P-10,São Paulo,3550308,True,,2200,,,-23.559675499999997,-46.412636500000005,,,,1,2023-06-17T12:40:07+00:00
SAO_407P-10,São Paulo,3550308,True,,2200,,,-23.525874,-46.4380165,,,,1,2023-06-17T12:40:15+00:00
SAO_407P-10,São Paulo,3550308,True,,2200,,,-23.536688875000003,-46.557333375,,,,1,2023-06-17T12:40:42+00:00
SAO_407P-10,São Paulo,3550308,True,,2200,,,-23.526968,-46.4320455,,,,1,2023-06-17T12:40:26+00:00
SAO_407P-10,São Paulo,3550308,True,,2200,,,-23.580191874999997,-46.4128965,,,,1,2023-06-17T12:40:03+00:00
SAO_407P-10,São Paulo,3550308,True,,2200,,,-23.5309485,-46.502332249999995,,,,1,2023-06-17T12:40:37+00:00
SAO_4033-10,São Paulo,3550308,True,,1103,,,-23.6200915,-46.4444395,,,,1,2023-06-17T12:40:30+00:00
SAO_4033-10,São Paulo,3550308,True,,1103,,,-23.597001499999998,-46.523629,,,,1,2023-06-17T12:40:13+00:00
SAO_4033-10,São Paulo,3550308,True,,1103,,,-23.6124515,-46.475421999999995,,,,1,2023-06-17T12:40:14+00:00
SAO_4033-10,São Paulo,3550308,True,,1103,,,-23.619908000000002,-46.444028,,,,1,2023-06-17T12:40:38+00:00
SAO_4033-10,São Paulo,3550308,True,,1103,,,-23.6032955,-46.5422345,,,,1,2023-06-17T12:40:23+00:00
SAO_4033-10,São Paulo,3550308,True,,1103,,,-23.614725749999998,-46.500750749999995,,,,1,2023-06-17T12:40:40+00:00
SAO_9011-21,São Paulo,3550308,True,,34536,,,-23.434585,-46.7359005,,,,2,2023-06-17T12:40:15+00:00
SAO_9011-21,São Paulo,3550308,True,,34536,,,-23.454124,-46.7375855,,,,2,2023-06-17T12:40:37+00:00
SAO_4001-10,São Paulo,3550308,True,,34944,,,-23.5501015,-46.456386499999994,,,,2,2023-06-17T12:40:36+00:00
SAO_4001-10,São Paulo,3550308,True,,34944,,,-23.5327335,-46.440959,,,,2,2023-06-17T12:40:21+00:00
SAO_4001-10,São Paulo,3550308,True,,34944,,,-23.555030000000002,-46.516659,,,,2,2023-06-17T12:40:28+00:00
SAO_5119-10,São Paulo,3550308,True,,1,,,-23.600576500000003,-46.722911499999995,,,,1,2023-06-17T12:40:30+00:00
SAO_5119-10,São Paulo,3550308,True,,1,,,-23.583426000000003,-46.670066,,,,1,2023-06-17T12:40:25+00:00
SAO_5119-10,São Paulo,3550308,True,,1,,,-23.580375,-46.6637115,,,,1,2023-06-17T12:40:28+00:00
SAO_5119-10,São Paulo,3550308,True,,1,,,-23.634669000000002,-46.737008,,,,1,2023-06-17T12:40:19+00:00
SAO_5119-10,São Paulo,3550308,True,,1,,,-23.55238875,-46.63715675,,,,1,2023-06-17T12:40:44+00:00
SAO_5119-10,São Paulo,3550308,True,,1,,,-23.648463,-46.7491555,,,,1,2023-06-17T12:40:44+00:00
SAO_8528-10,São Paulo,3550308,True,,575,,,-23.518904,-46.6765535,,,,1,2023-06-17T12:40:41+00:00
SAO_8528-10,São Paulo,3550308,True,,575,,,-23.5392585,-46.645940249999995,,,,1,2023-06-17T12:40:28+00:00
SAO_8528-10,São Paulo,3550308,True,,575,,,-23.492621,-46.6962925,,,,1,2023-06-17T12:40:33+00:00
SAO_8528-10,São Paulo,3550308,True,,575,,,-23.461451,-46.689819,,,,1,2023-06-17T12:40:15+00:00
SAO_6451-10,São Paulo,3550308,True,,61,,,-23.602478249999997,-46.6955145,,,,1,2023-06-17T12:40:06+00:00
SAO_6451-10,São Paulo,3550308,True,,61,,,-23.649115000000002,-46.752907,,,,1,2023-06-17T12:40:43+00:00
SAO_6451-10,São Paulo,3550308,True,,61,,,-23.571858875,-46.664061875,,,,1,2023-06-17T12:40:34+00:00
SAO_6451-10,São Paulo,3550308,True,,61,,,-23.644008499999998,-46.732204,,,,1,2023-06-17T12:40:44+00:00
SAO_6451-10,São Paulo,3550308,True,,61,,,-23.580629000000002,-46.6799365,,,,1,2023-06-17T12:40:49+00:00
SAO_778J-41,São Paulo,3550308,True,,34254,,,-23.567136249999997,-46.69929375,,,,2,2023-06-17T12:40:18+00:00
SAO_778J-41,São Paulo,3550308,True,,34254,,,-23.585870999999997,-46.8051445,,,,2,2023-06-17T12:40:42+00:00
SAO_172P-10,São Paulo,3550308,True,,858,,,-23.441848999999998,-46.588781499999996,,,,1,2023-06-17T12:40:07+00:00
SAO_172P-10,São Paulo,3550308,True,,858,,,-23.489683499999998,-46.5948125,,,,1,2023-06-17T12:40:00+00:00
SAO_172P-10,São Paulo,3550308,True,,858,,,-23.441848999999998,-46.588781499999996,,,,1,2023-06-17T12:40:39+00:00
SAO_172P-10,São Paulo,3550308,True,,858,,,-23.43948075,-46.57190325,,,,1,2023-06-17T12:40:15+00:00
SAO_172P-10,São Paulo,3550308,True,,858,,,-23.450564,-46.588642500000006,,,,1,2023-06-17T12:40:38+00:00
SAO_172P-10,São Paulo,3550308,True,,858,,,-23.47664375,-46.57304525,,,,1,2023-06-17T12:40:10+00:00
SAO_6010-10,São Paulo,3550308,True,,33970,,,-23.6934315,-46.794145,,,,2,2023-06-17T12:40:16+00:00
SAO_6010-10,São Paulo,3550308,True,,33970,,,-23.668323,-46.735209499999996,,,,2,2023-06-17T12:40:45+00:00
SAO_6010-10,São Paulo,3550308,True,,33970,,,-23.6938785,-46.7945825,,,,2,2023-06-17T12:40:24+00:00
SAO_6010-10,São Paulo,3550308,True,,33970,,,-23.6938785,-46.7945825,,,,2,2023-06-17T12:40:30+00:00
SAO_6010-10,São Paulo,3550308,True,,33970,,,-23.693805,-46.7944445,,,,2,2023-06-17T12:40:44+00:00
SAO_6010-10,São Paulo,3550308,True,,33970,,,-23.6624225,-46.748712999999995,,,,2,2023-06-17T12:40:34+00:00
SAO_6010-10,São Paulo,3550308,True,,33970,,,-23.6930925,-46.7943285,,,,2,2023-06-17T12:39:59+00:00
SAO_6010-10,São Paulo,3550308,True,,33970,,,-23.667592,-46.7354985,,,,2,2023-06-17T12:40:08+00:00
SAO_6010-10,São Paulo,3550308,True,,33970,,,-23.659812000000002,-46.769878000000006,,,,2,2023-06-17T12:40:42+00:00
SAO_6010-10,São Paulo,3550308,True,,33970,,,-23.6934315,-46.794145,,,,2,2023-06-17T12:40:45+00:00
SAO_6010-10,São Paulo,3550308,True,,33970,,,-23.693631500000002,-46.7942325,,,,2,2023-06-17T12:40:44+00:00
SAO_2722-10,São Paulo,3550308,True,Urubupungá,935,https://moovitapp.com/index/pt-br/transporte_p%C3%BAblico-line-935-Sao_Paulo-242-873835-76437456-0,4.6,-23.508155000000002,-46.493489,,,,1,2023-06-17T12:40:30+00:00
SAO_2722-10,São Paulo,3550308,True,Urubupungá,935,https://moovitapp.com/index/pt-br/transporte_p%C3%BAblico-line-935-Sao_Paulo-242-873835-76437456-0,4.6,-23.4904645,-46.5025995,,,,1,2023-06-17T12:39:58+00:00
SAO_2722-10,São Paulo,3550308,True,Urubupungá,935,https://moovitapp.com/index/pt-br/transporte_p%C3%BAblico-line-935-Sao_Paulo-242-873835-76437456-0,4.6,-23.490014000000002,-46.490151,,,,1,2023-06-17T12:40:05+00:00
SAO_2722-10,São Paulo,3550308,True,Urubupungá,935,https://moovitapp.com/index/pt-br/transporte_p%C3%BAblico-line-935-Sao_Paulo-242-873835-76437456-0,4.6,-23.5286075,-46.517815,,,,1,2023-06-17T12:40:15+00:00
SAO_311C-10,São Paulo,3550308,True,,33077,,,-23.594777,-46.5478045,,,,2,2023-06-17T12:40:19+00:00
SAO_311C-10,São Paulo,3550308,True,,33077,,,-23.5949235,-46.548206500000006,,,,2,2023-06-17T12:40:26+00:00
SAO_311C-10,São Paulo,3550308,True,,33077,,,-23.52067925,-46.647011375,,,,2,2023-06-17T12:40:39+00:00
SAO_1896-10,São Paulo,3550308,True,,35288,,,-23.521304999999998,-46.698927999999995,,,,2,2023-06-17T12:40:04+00:00
SAO_1896-10,São Paulo,3550308,True,,35288,,,-23.474366,-46.741208,,,,2,2023-06-17T12:40:40+00:00
SAO_6017-10,São Paulo,3550308,True,,33974,,,-23.646386,-46.7039875,,,,2,2023-06-17T12:40:15+00:00
SAO_6017-10,São Paulo,3550308,True,,33974,,,-23.6971455,-46.7609475,,,,2,2023-06-17T12:40:28+00:00
SAO_6017-10,São Paulo,3550308,True,,33974,,,-23.646386,-46.7039875,,,,2,2023-06-17T12:40:14+00:00
SAO_6017-10,São Paulo,3550308,True,,33974,,,-23.687833,-46.7721405,,,,2,2023-06-17T12:40:46+00:00
SAO_6017-10,São Paulo,3550308,True,,33974,,,-23.675478,-46.755183,,,,2,2023-06-17T12:40:27+00:00
SAO_6017-10,São Paulo,3550308,True,,33974,,,-23.697380000000003,-46.760808,,,,2,2023-06-17T12:40:29+00:00
SAO_9020-10,São Paulo,3550308,True,,1434,,,-23.481636,-46.718026,,,,1,2023-06-17T12:40:38+00:00
SAO_517J-10,São Paulo,3550308,True,,33897,,,-23.6911755,-46.656424,,,,2,2023-06-17T12:40:44+00:00
SAO_517J-10,São Paulo,3550308,True,,33897,,,-23.687173,-46.6559285,,,,2,2023-06-17T12:40:26+00:00
SAO_517J-10,São Paulo,3550308,True,,33897,,,-23.621601,-46.6980435,,,,2,2023-06-17T12:40:19+00:00
SAO_517J-10,São Paulo,3550308,True,,33897,,,-23.6137265,-46.6953,,,,2,2023-06-17T12:40:08+00:00
SAO_517J-10,São Paulo,3550308,True,,33897,,,-23.6881495,-46.6481675,,,,2,2023-06-17T12:40:34+00:00
SAO_517J-10,São Paulo,3550308,True,,33897,,,-23.644296500000003,-46.6729175,,,,2,2023-06-17T12:40:27+00:00
SAO_4210-10,São Paulo,3550308,True,,34938,,,-23.58714825,-46.484072999999995,,,,2,2023-06-17T12:40:42+00:00
SAO_4210-10,São Paulo,3550308,True,,34938,,,-23.585396499999998,-46.414854500000004,,,,2,2023-06-17T12:40:48+00:00
SAO_4210-10,São Paulo,3550308,True,,34938,,,-23.595904250000004,-46.43729625,,,,2,2023-06-17T12:40:26+00:00
SAO_4210-10,São Paulo,3550308,True,,34938,,,-23.5469065,-46.623822125000004,,,,2,2023-06-17T12:40:44+00:00
SAO_4210-10,São Paulo,3550308,True,,34938,,,-23.583026,-46.408417,,,,2,2023-06-17T12:40:14+00:00
SAO_4210-10,São Paulo,3550308,True,,34938,,,-23.5358085,-46.5711795,,,,2,2023-06-17T12:40:20+00:00
SAO_1018-10,São Paulo,3550308,True,,33600,,,-23.48986625,-46.6243685,,,,2,2023-06-17T12:39:35+00:00
SAO_1018-10,São Paulo,3550308,True,,33600,,,-23.4580075,-46.619015000000005,,,,2,2023-06-17T12:40:32+00:00
SAO_1018-10,São Paulo,3550308,True,,33600,,,-23.489608750000002,-46.624299500000006,,,,2,2023-06-17T12:30:01+00:00
SAO_1018-10,São Paulo,3550308,True,,33600,,,-23.44672,-46.627331999999996,,,,2,2023-06-17T12:27:33+00:00
SAO_7004-10,São Paulo,3550308,True,,34760,,,-23.731476999999998,-46.7859925,,,,2,2023-06-17T12:40:20+00:00
SAO_7004-10,São Paulo,3550308,True,,34760,,,-23.7317975,-46.7861475,,,,2,2023-06-17T12:40:26+00:00
SAO_7004-10,São Paulo,3550308,True,,34760,,,-23.68745,-46.771813,,,,2,2023-06-17T12:40:35+00:00
SAO_7004-10,São Paulo,3550308,True,,34760,,,-23.7350035,-46.788118499999996,,,,2,2023-06-17T12:40:43+00:00
SAO_7004-10,São Paulo,3550308,True,,34760,,,-23.6854225,-46.742993999999996,,,,2,2023-06-17T12:40:24+00:00
SAO_7004-10,São Paulo,3550308,True,,34760,,,-23.7317975,-46.7861475,,,,2,2023-06-17T12:40:29+00:00
SAO_7004-10,São Paulo,3550308,True,,34760,,,-23.688845375,-46.77301675,,,,2,2023-06-17T12:40:45+00:00
SAO_695H-10,São Paulo,3550308,True,,33964,,,-23.67553075,-46.693907749999994,,,,2,2023-06-17T12:40:32+00:00
SAO_695H-10,São Paulo,3550308,True,,33964,,,-23.7888855,-46.715402499999996,,,,2,2023-06-17T12:40:42+00:00
SAO_695H-10,São Paulo,3550308,True,,33964,,,-23.78837,-46.715108,,,,2,2023-06-17T12:38:40+00:00
SAO_695H-10,São Paulo,3550308,True,,33964,,,-23.709693,-46.69967,,,,2,2023-06-17T12:40:20+00:00
SAO_233A-10,São Paulo,3550308,True,,33017,,,-23.47938825,-46.420079,,,,2,2023-06-17T12:40:34+00:00
SAO_233A-10,São Paulo,3550308,True,,33017,,,-23.478868,-46.420681,,,,2,2023-06-17T12:40:03+00:00
SAO_233A-10,São Paulo,3550308,True,,33017,,,-23.5345185,-46.454772750000004,,,,2,2023-06-17T12:40:18+00:00
SAO_514T-10,São Paulo,3550308,True,,34439,,,-23.577151999999998,-46.6081955,,,,2,2023-06-17T12:40:29+00:00
SAO_514T-10,São Paulo,3550308,True,,34439,,,-23.5841025,-46.585505,,,,2,2023-06-17T12:40:41+00:00
SAO_514T-10,São Paulo,3550308,True,,34439,,,-23.585356,-46.5257255,,,,2,2023-06-17T12:40:43+00:00
SAO_514T-10,São Paulo,3550308,True,,34439,,,-23.595541,-46.5058845,,,,2,2023-06-17T12:40:35+00:00
SAO_514T-10,São Paulo,3550308,True,,34439,,,-23.6028625,-46.602917000000005,,,,2,2023-06-17T12:40:07+00:00
SAO_514T-10,São Paulo,3550308,True,,34439,,,-23.588002250000002,-46.54352625,,,,2,2023-06-17T12:40:47+00:00
SAO_6970-10,São Paulo,3550308,True,,1505,,,-23.737581499999997,-46.697899500000005,,,,1,2023-06-17T12:40:23+00:00
SAO_6970-10,São Paulo,3550308,True,,1505,,,-23.737581499999997,-46.697899500000005,,,,1,2023-06-17T12:40:28+00:00
SAO_6970-10,São Paulo,3550308,True,,1505,,,-23.737581499999997,-46.697899500000005,,,,1,2023-06-17T12:40:01+00:00
SAO_6970-10,São Paulo,3550308,True,,1505,,,-23.654868999999998,-46.715183874999994,,,,1,2023-06-17T12:40:10+00:00
SAO_6970-10,São Paulo,3550308,True,,1505,,,-23.719488,-46.698268999999996,,,,1,2023-06-17T12:40:41+00:00
SAO_6970-10,São Paulo,3550308,True,,1505,,,-23.699061625,-46.7149895,,,,1,2023-06-17T12:40:33+00:00
SAO_746C-10,São Paulo,3550308,True,STT,783,https://moovitapp.com/index/pt-br/transporte_p%C3%BAblico-line-783-Sao_Paulo-242-850661-183351-0,5.3,-23.626174,-46.736706,,,,1,2023-06-17T12:40:27+00:00
SAO_746C-10,São Paulo,3550308,True,STT,783,https://moovitapp.com/index/pt-br/transporte_p%C3%BAblico-line-783-Sao_Paulo-242-850661-183351-0,5.3,-23.642044249999998,-46.712233499999996,,,,1,2023-06-17T12:40:44+00:00
SAO_746C-10,São Paulo,3550308,True,STT,783,https://moovitapp.com/index/pt-br/transporte_p%C3%BAblico-line-783-Sao_Paulo-242-850661-183351-0,5.3,-23.63488975,-46.7370035,,,,1,2023-06-17T12:40:18+00:00
SAO_746C-10,São Paulo,3550308,True,STT,783,https://moovitapp.com/index/pt-br/transporte_p%C3%BAblico-line-783-Sao_Paulo-242-850661-183351-0,5.3,-23.6498405,-46.707801,,,,1,2023-06-17T12:40:35+00:00
SAO_746C-10,São Paulo,3550308,True,STT,783,https://moovitapp.com/index/pt-br/transporte_p%C3%BAblico-line-783-Sao_Paulo-242-850661-183351-0,5.3,-23.60893375,-46.74977025,,,,1,2023-06-17T12:40:17+00:00
SAO_199D-10,São Paulo,3550308,True,,34903,,,-23.551526000000003,-46.676627749999994,,,,2,2023-06-17T12:40:02+00:00
SAO_199D-10,São Paulo,3550308,True,,34903,,,-23.5121155,-46.705253,,,,2,2023-06-17T12:40:41+00:00
SAO_199D-10,São Paulo,3550308,True,,34903,,,-23.5665885,-46.701569500000005,,,,2,2023-06-17T12:40:03+00:00
SAO_342M-10,São Paulo,3550308,True,,747,,,-23.58151525,-46.49824875,,,,1,2023-06-17T12:40:19+00:00
SAO_342M-10,São Paulo,3550308,True,,747,,,-23.613857,-46.476304,,,,1,2023-06-17T12:40:10+00:00
SAO_342M-10,São Paulo,3550308,True,,747,,,-23.538098124999998,-46.555502624999995,,,,1,2023-06-17T12:40:41+00:00
SAO_342M-10,São Paulo,3550308,True,,747,,,-23.584945124999997,-46.491730000000004,,,,1,2023-06-17T12:40:40+00:00
SAO_342M-10,São Paulo,3550308,True,,747,,,-23.519194499999998,-46.5471035,,,,1,2023-06-17T12:40:07+00:00
SAO_342M-10,São Paulo,3550308,True,,747,,,-23.544653,-46.545749,,,,1,2023-06-17T12:40:03+00:00
SAO_342M-10,São Paulo,3550308,True,,747,,,-23.5283385,-46.554646000000005,,,,1,2023-06-17T12:40:17+00:00
SAO_342M-10,São Paulo,3550308,True,,747,,,-23.54807875,-46.53864475,,,,1,2023-06-17T12:40:05+00:00
SAO_342M-10,São Paulo,3550308,True,,747,,,-23.56466275,-46.513441,,,,1,2023-06-17T12:40:13+00:00
SAO_342M-10,São Paulo,3550308,True,,747,,,-23.608943,-46.477615,,,,1,2023-06-17T12:40:40+00:00
SAO_342M-10,São Paulo,3550308,True,,747,,,-23.613857,-46.476304,,,,1,2023-06-17T12:40:32+00:00
SAO_342M-10,São Paulo,3550308,True,,747,,,-23.5655854375,-46.5124696875,,,,1,2023-06-17T12:40:11+00:00
SAO_6099-10,São Paulo,3550308,True,,34355,,,-23.7367155,-46.697201,,,,2,2023-06-17T12:40:20+00:00
SAO_6099-10,São Paulo,3550308,True,,34355,,,-23.7805965,-46.724967,,,,2,2023-06-17T12:40:35+00:00
SAO_4314-10,São Paulo,3550308,True,,2174,,,-23.5515445,-46.495569,,,,1,2023-06-17T12:40:21+00:00
SAO_4314-10,São Paulo,3550308,True,,2174,,,-23.5380945,-46.564400750000004,,,,1,2023-06-17T12:40:39+00:00
SAO_4314-10,São Paulo,3550308,True,,2174,,,-23.55222075,-46.457823,,,,1,2023-06-17T12:39:59+00:00
SAO_4314-10,São Paulo,3550308,True,,2174,,,-23.564352999999997,-46.4149565,,,,1,2023-06-17T12:40:08+00:00
SAO_3161-10,São Paulo,3550308,True,,33852,,,-23.58365675,-46.53261675,,,,2,2023-06-17T12:40:42+00:00
SAO_3161-10,São Paulo,3550308,True,,33852,,,-23.5686645,-46.582522,,,,2,2023-06-17T12:40:00+00:00
SAO_6035-10,São Paulo,3550308,True,,33981,,,-23.6901525,-46.774198999999996,,,,2,2023-06-17T12:40:27+00:00
SAO_6035-10,São Paulo,3550308,True,,33981,,,-23.650370000000002,-46.7069175,,,,2,2023-06-17T12:40:47+00:00
SAO_6035-10,São Paulo,3550308,True,,33981,,,-23.7150745,-46.773908,,,,2,2023-06-17T12:40:44+00:00
SAO_6035-10,São Paulo,3550308,True,,33981,,,-23.7203095,-46.7557755,,,,2,2023-06-17T12:40:00+00:00
SAO_1757-10,São Paulo,3550308,True,,33316,,,-23.4846865,-46.633202499999996,,,,2,2023-06-17T12:40:15+00:00
SAO_1757-10,São Paulo,3550308,True,,33316,,,-23.4668555,-46.6397955,,,,2,2023-06-17T12:40:19+00:00
SAO_1757-10,São Paulo,3550308,True,,33316,,,-23.4665825,-46.6397095,,,,2,2023-06-17T12:40:25+00:00
SAO_3736-10,São Paulo,3550308,True,,33804,,,-23.5758665,-46.4834185,,,,2,2023-06-17T12:40:12+00:00
SAO_3736-10,São Paulo,3550308,True,,33804,,,-23.546227000000002,-46.483521999999994,,,,2,2023-06-17T12:40:38+00:00
SAO_3736-10,São Paulo,3550308,True,,33804,,,-23.5668065,-46.474607,,,,2,2023-06-17T12:40:33+00:00
SAO_2626-10,São Paulo,3550308,True,,33144,,,-23.510270499999997,-46.505897,,,,2,2023-06-17T12:40:41+00:00
SAO_2626-10,São Paulo,3550308,True,,33144,,,-23.534973,-46.5792205,,,,2,2023-06-17T12:40:19+00:00
SAO_2626-10,São Paulo,3550308,True,,33144,,,-23.4981585,-46.455295,,,,2,2023-06-17T12:40:36+00:00
SAO_2626-10,São Paulo,3550308,True,,33144,,,-23.5497865,-46.6288275,,,,2,2023-06-17T12:40:38+00:00
SAO_6038-10,São Paulo,3550308,True,,1216,,,-23.65436375,-46.760079499999996,,,,1,2023-06-17T12:40:23+00:00
SAO_6038-10,São Paulo,3550308,True,,1216,,,-23.665846000000002,-46.788559,,,,1,2023-06-17T12:40:23+00:00
SAO_6038-10,São Paulo,3550308,True,,1216,,,-23.6379435,-46.718116124999995,,,,1,2023-06-17T12:40:29+00:00
SAO_6038-10,São Paulo,3550308,True,,1216,,,-23.66711,-46.7840675,,,,1,2023-06-17T12:40:11+00:00
SAO_6038-10,São Paulo,3550308,True,,1216,,,-23.66133225,-46.791074375,,,,1,2023-06-17T12:40:27+00:00
SAO_6038-10,São Paulo,3550308,True,,1216,,,-23.665846000000002,-46.788559,,,,1,2023-06-17T12:40:31+00:00
SAO_6038-10,São Paulo,3550308,True,,1216,,,-23.6578735,-46.7897725,,,,1,2023-06-17T12:40:35+00:00
SAO_6038-10,São Paulo,3550308,True,,1216,,,-23.64893575,-46.708032,,,,1,2023-06-17T12:40:13+00:00
SAO_1741-10,São Paulo,3550308,True,,33307,,,-23.486548499999998,-46.6398135,,,,2,2023-06-17T12:40:38+00:00
SAO_7011-10,São Paulo,3550308,True,,1952,,,-23.694354,-46.780114499999996,,,,1,2023-06-17T12:40:22+00:00
SAO_7011-10,São Paulo,3550308,True,,1952,,,-23.7087205,-46.792103499999996,,,,1,2023-06-17T12:39:59+00:00
SAO_2018-10,São Paulo,3550308,True,,904,,,-23.510486999999998,-46.406726500000005,,,,1,2023-06-17T12:40:40+00:00
SAO_2018-10,São Paulo,3550308,True,,904,,,-23.499074,-46.422669,,,,1,2023-06-17T12:40:45+00:00
SAO_2018-10,São Paulo,3550308,True,,904,,,-23.510486999999998,-46.406726500000005,,,,1,2023-06-17T12:34:17+00:00
SAO_2018-10,São Paulo,3550308,True,,904,,,-23.510486999999998,-46.406726500000005,,,,1,2023-06-17T12:30:55+00:00
SAO_4086-10,São Paulo,3550308,True,,2250,,,-23.5830665,-46.4074345,,,,1,2023-06-17T12:40:31+00:00
SAO_514T-10,São Paulo,3550308,True,,1671,,,-23.582314500000003,-46.55111674999999,,,,1,2023-06-17T12:40:19+00:00
SAO_514T-10,São Paulo,3550308,True,,1671,,,-23.596735000000002,-46.5008875,,,,1,2023-06-17T12:40:28+00:00
SAO_514T-10,São Paulo,3550308,True,,1671,,,-23.597968125,-46.608947,,,,1,2023-06-17T12:40:20+00:00
SAO_514T-10,São Paulo,3550308,True,,1671,,,-23.582854124999997,-46.590602000000004,,,,1,2023-06-17T12:40:17+00:00
SAO_514T-10,São Paulo,3550308,True,,1671,,,-23.595867,-46.5001045,,,,1,2023-06-17T12:40:26+00:00
SAO_3901-10,São Paulo,3550308,True,,1469,,,-23.4981535,-46.502278000000004,,,,1,2023-06-17T12:40:02+00:00
SAO_3901-10,São Paulo,3550308,True,,1469,,,-23.5335335,-46.54865100000001,,,,1,2023-06-17T12:40:46+00:00
SAO_274P-10,São Paulo,3550308,True,,33000,,,-23.542247500000002,-46.61546725,,,,2,2023-06-17T12:40:41+00:00
SAO_6037-10,São Paulo,3550308,True,,1215,,,-23.6493575,-46.7848365,,,,1,2023-06-17T12:40:17+00:00
SAO_6037-10,São Paulo,3550308,True,,1215,,,-23.640483125,-46.717002750000006,,,,1,2023-06-17T12:40:48+00:00
SAO_6037-10,São Paulo,3550308,True,,1215,,,-23.6517585,-46.75778675,,,,1,2023-06-17T12:40:43+00:00
SAO_1025-10,São Paulo,3550308,True,,2303,,,-23.486397750000002,-46.696726500000004,,,,1,2023-06-17T12:40:25+00:00
SAO_1025-10,São Paulo,3550308,True,,2303,,,-23.453190499999998,-46.707206,,,,1,2023-06-17T12:40:39+00:00
SAO_3686-10,São Paulo,3550308,True,EMTU,166,https://moovitapp.com/index/pt-br/transporte_p%C3%BAblico-line-166-Sao_Paulo-242-2038937-36419307-0,7.8,-23.536626625000004,-46.55699375,,,,1,2023-06-17T12:40:16+00:00
SAO_3686-10,São Paulo,3550308,True,EMTU,166,https://moovitapp.com/index/pt-br/transporte_p%C3%BAblico-line-166-Sao_Paulo-242-2038937-36419307-0,7.8,-23.559012125,-46.40128249999999,,,,1,2023-06-17T12:40:43+00:00
SAO_3686-10,São Paulo,3550308,True,EMTU,166,https://moovitapp.com/index/pt-br/transporte_p%C3%BAblico-line-166-Sao_Paulo-242-2038937-36419307-0,7.8,-23.5349375,-46.463995499999996,,,,1,2023-06-17T12:39:44+00:00
SAO_3686-10,São Paulo,3550308,True,EMTU,166,https://moovitapp.com/index/pt-br/transporte_p%C3%BAblico-line-166-Sao_Paulo-242-2038937-36419307-0,7.8,-23.542001499999998,-46.4253025,,,,1,2023-06-17T12:40:39+00:00
SAO_3686-10,São Paulo,3550308,True,EMTU,166,https://moovitapp.com/index/pt-br/transporte_p%C3%BAblico-line-166-Sao_Paulo-242-2038937-36419307-0,7.8,-23.530334500000002,-46.50593125,,,,1,2023-06-17T12:40:36+00:00
SAO_3686-10,São Paulo,3550308,True,EMTU,166,https://moovitapp.com/index/pt-br/transporte_p%C3%BAblico-line-166-Sao_Paulo-242-2038937-36419307-0,7.8,-23.5473415,-46.629296499999995,,,,1,2023-06-17T12:40:42+00:00
SAO_3054-10,São Paulo,3550308,True,,975,,,-23.609925,-46.407969,,,,1,2023-06-17T12:40:14+00:00
SAO_3054-10,São Paulo,3550308,True,,975,,,-23.609925,-46.407969,,,,1,2023-06-17T12:40:45+00:00
SAO_3054-10,São Paulo,3550308,True,,975,,,-23.609925,-46.407969,,,,1,2023-06-17T12:40:19+00:00
SAO_3054-10,São Paulo,3550308,True,,975,,,-23.5946785,-46.4456665,,,,1,2023-06-17T12:40:30+00:00
SAO_3766-51,São Paulo,3550308,True,,2575,,,-23.5347285,-46.4537885,,,,1,2023-06-17T12:40:29+00:00
SAO_3766-51,São Paulo,3550308,True,,2575,,,-23.554136,-46.432109999999994,,,,1,2023-06-17T12:40:35+00:00
SAO_3766-51,São Paulo,3550308,True,,2575,,,-23.5452045,-46.439573499999995,,,,1,2023-06-17T12:40:08+00:00
SAO_695X-10,São Paulo,3550308,True,,34209,,,-23.767830500000002,-46.7165055,,,,2,2023-06-17T12:32:50+00:00
SAO_695X-10,São Paulo,3550308,True,,34209,,,-23.64676125,-46.64523025,,,,2,2023-06-17T12:40:25+00:00
SAO_695X-10,São Paulo,3550308,True,,34209,,,-23.760352500000003,-46.7154295,,,,2,2023-06-17T12:40:24+00:00
SAO_695X-10,São Paulo,3550308,True,,34209,,,-23.767516,-46.7165655,,,,2,2023-06-17T12:40:22+00:00
SAO_695X-10,São Paulo,3550308,True,,34209,,,-23.647087499999998,-46.63931,,,,2,2023-06-17T12:40:31+00:00
SAO_695X-10,São Paulo,3550308,True,,34209,,,-23.6351905,-46.668983999999995,,,,2,2023-06-17T12:40:35+00:00
SAO_695X-10,São Paulo,3550308,True,,34209,,,-23.647678749999997,-46.67548425,,,,2,2023-06-17T12:40:00+00:00
SAO_695X-10,São Paulo,3550308,True,,34209,,,-23.647087499999998,-46.63931,,,,2,2023-06-17T12:40:07+00:00
SAO_695X-10,São Paulo,3550308,True,,34209,,,-23.653676500000003,-46.6799585,,,,2,2023-06-17T12:40:40+00:00
SAO_5108-10,São Paulo,3550308,True,,1675,,,-23.559717125,-46.622872375,,,,1,2023-06-17T12:40:12+00:00
SAO_5108-10,São Paulo,3550308,True,,1675,,,-23.557492250000003,-46.63297925,,,,1,2023-06-17T12:40:11+00:00
SAO_5108-10,São Paulo,3550308,True,,1675,,,-23.6622845,-46.619986,,,,1,2023-06-17T12:40:42+00:00
SAO_5108-10,São Paulo,3550308,True,,1675,,,-23.625549875,-46.61926475,,,,1,2023-06-17T12:40:32+00:00
SAO_3722-10,São Paulo,3550308,True,,33788,,,-23.5413735,-46.537261,,,,2,2023-06-17T12:40:39+00:00
SAO_3722-10,São Paulo,3550308,True,,33788,,,-23.546248499999997,-46.436031,,,,2,2023-06-17T12:40:15+00:00
SAO_6078-10,São Paulo,3550308,True,,33934,,,-23.7334495,-46.696561,,,,2,2023-06-17T12:40:13+00:00
SAO_6078-10,São Paulo,3550308,True,,33934,,,-23.678484,-46.6849965,,,,2,2023-06-17T12:40:00+00:00
SAO_6078-10,São Paulo,3550308,True,,33934,,,-23.7498465,-46.6878285,,,,2,2023-06-17T12:40:44+00:00
SAO_6078-10,São Paulo,3550308,True,,33934,,,-23.741188,-46.6605715,,,,2,2023-06-17T12:40:18+00:00
SAO_6078-10,São Paulo,3550308,True,,33934,,,-23.706274999999998,-46.70078,,,,2,2023-06-17T12:40:04+00:00
SAO_179X-10,São Paulo,3550308,True,STT,680,https://moovitapp.com/index/pt-br/transporte_p%C3%BAblico-line-680-Sao_Paulo-242-850661-183334-0,5.3,-23.500470999999997,-46.615558,,,,1,2023-06-17T12:40:19+00:00
SAO_179X-10,São Paulo,3550308,True,STT,680,https://moovitapp.com/index/pt-br/transporte_p%C3%BAblico-line-680-Sao_Paulo-242-850661-183334-0,5.3,-23.50591175,-46.624980625000006,,,,1,2023-06-17T12:40:29+00:00
SAO_179X-10,São Paulo,3550308,True,STT,680,https://moovitapp.com/index/pt-br/transporte_p%C3%BAblico-line-680-Sao_Paulo-242-850661-183334-0,5.3,-23.432215,-46.571414000000004,,,,1,2023-06-17T12:40:43+00:00
SAO_179X-10,São Paulo,3550308,True,STT,680,https://moovitapp.com/index/pt-br/transporte_p%C3%BAblico-line-680-Sao_Paulo-242-850661-183334-0,5.3,-23.5211915,-46.65701824999999,,,,1,2023-06-17T12:40:10+00:00
SAO_179X-10,São Paulo,3550308,True,STT,680,https://moovitapp.com/index/pt-br/transporte_p%C3%BAblico-line-680-Sao_Paulo-242-850661-183334-0,5.3,-23.449148,-46.588454,,,,1,2023-06-17T12:40:34+00:00
SAO_179X-10,São Paulo,3550308,True,STT,680,https://moovitapp.com/index/pt-br/transporte_p%C3%BAblico-line-680-Sao_Paulo-242-850661-183334-0,5.3,-23.4389865,-46.575250499999996,,,,1,2023-06-17T12:40:36+00:00
SAO_3739-10,São Paulo,3550308,True,,1039,,,-23.55587225,-46.452326750000005,,,,1,2023-06-17T12:40:31+00:00
SAO_3739-10,São Paulo,3550308,True,,1039,,,-23.542442,-46.470101,,,,1,2023-06-17T12:40:29+00:00
SAO_3739-10,São Paulo,3550308,True,,1039,,,-23.61795,-46.411443000000006,,,,1,2023-06-17T12:40:24+00:00
SAO_3739-10,São Paulo,3550308,True,,1039,,,-23.5727255,-46.445909,,,,1,2023-06-17T12:40:47+00:00
SAO_3739-10,São Paulo,3550308,True,,1039,,,-23.5629695,-46.44609975,,,,1,2023-06-17T12:40:04+00:00
SAO_3739-10,São Paulo,3550308,True,,1039,,,-23.595240375000003,-46.439105375,,,,1,2023-06-17T12:40:08+00:00
SAO_3739-10,São Paulo,3550308,True,,1039,,,-23.611822,-46.416231499999995,,,,1,2023-06-17T12:40:41+00:00
SAO_4031-10,São Paulo,3550308,True,,33869,,,-23.6018635,-46.530782,,,,2,2023-06-17T12:40:48+00:00
SAO_4031-10,São Paulo,3550308,True,,33869,,,-23.5856455,-46.584247,,,,2,2023-06-17T12:40:42+00:00
SAO_4031-10,São Paulo,3550308,True,,33869,,,-23.593271,-46.560283,,,,2,2023-06-17T12:40:11+00:00
SAO_546J-31,São Paulo,3550308,True,,34783,,,-23.687413749999997,-46.6586645,,,,2,2023-06-17T12:40:17+00:00
SAO_546J-31,São Paulo,3550308,True,,34783,,,-23.661956500000002,-46.693298,,,,2,2023-06-17T12:39:59+00:00
SAO_546J-31,São Paulo,3550308,True,,34783,,,-23.6890005,-46.6629175,,,,2,2023-06-17T12:40:44+00:00
SAO_546J-31,São Paulo,3550308,True,,34783,,,-23.68627875,-46.66321825,,,,2,2023-06-17T12:40:17+00:00
SAO_2717-10,São Paulo,3550308,True,,33698,,,-23.512839,-46.5160465,,,,2,2023-06-17T12:40:28+00:00
SAO_2717-10,São Paulo,3550308,True,,33698,,,-23.528868,-46.5167825,,,,2,2023-06-17T12:40:15+00:00
SAO_6057-10,São Paulo,3550308,True,,1148,,,-23.7668965,-46.705838,,,,1,2023-06-17T12:40:11+00:00
SAO_6057-10,São Paulo,3550308,True,,1148,,,-23.751383500000003,-46.71052,,,,1,2023-06-17T12:40:34+00:00
SAO_6057-10,São Paulo,3550308,True,,1148,,,-23.7664355,-46.708442500000004,,,,1,2023-06-17T12:40:18+00:00
SAO_6057-10,São Paulo,3550308,True,,1148,,,-23.766551999999997,-46.7091615,,,,1,2023-06-17T12:40:36+00:00
SAO_4027-41,São Paulo,3550308,True,,2309,,,-23.610021500000002,-46.4803985,,,,1,2023-06-17T12:40:35+00:00
SAO_4027-41,São Paulo,3550308,True,,2309,,,-23.615163250000002,-46.470093999999996,,,,1,2023-06-17T12:40:04+00:00
SAO_7017-10,São Paulo,3550308,True,,2502,,,-23.675495249999997,-46.755779000000004,,,,1,2023-06-17T12:40:49+00:00
SAO_7017-10,São Paulo,3550308,True,,2502,,,-23.682132000000003,-46.78762225,,,,1,2023-06-17T12:40:19+00:00
SAO_3459-23,São Paulo,3550308,True,EMTU,404,https://moovitapp.com/index/pt-br/transporte_p%C3%BAblico-line-404-Sao_Paulo-242-2038937-36419466-0,5.2,-23.5165205,-46.385602000000006,,,,1,2023-06-17T12:40:06+00:00
SAO_3459-23,São Paulo,3550308,True,EMTU,404,https://moovitapp.com/index/pt-br/transporte_p%C3%BAblico-line-404-Sao_Paulo-242-2038937-36419466-0,5.2,-23.5165205,-46.385602000000006,,,,1,2023-06-17T12:40:05+00:00
SAO_1721-10,São Paulo,3550308,True,,666,,,-23.501009,-46.6151895,,,,1,2023-06-17T12:40:48+00:00
SAO_1721-10,São Paulo,3550308,True,,666,,,-23.4949545,-46.592490999999995,,,,1,2023-06-17T12:40:36+00:00
SAO_6072-23,São Paulo,3550308,True,,2004,,,-23.767591,-46.7163045,,,,1,2023-06-17T12:40:15+00:00
SAO_6072-23,São Paulo,3550308,True,,2004,,,-23.767591,-46.7163045,,,,1,2023-06-17T12:40:12+00:00
SAO_6072-23,São Paulo,3550308,True,,2004,,,-23.767591,-46.7163045,,,,1,2023-06-17T12:40:26+00:00
SAO_6072-23,São Paulo,3550308,True,,2004,,,-23.767591,-46.7163045,,,,1,2023-06-17T12:40:31+00:00
SAO_6072-23,São Paulo,3550308,True,,2004,,,-23.767591,-46.7163045,,,,1,2023-06-17T12:40:06+00:00
SAO_6072-23,São Paulo,3550308,True,,2004,,,-23.767591,-46.7163045,,,,1,2023-06-17T12:40:26+00:00
SAO_6072-23,São Paulo,3550308,True,,2004,,,-23.767591,-46.7163045,,,,1,2023-06-17T12:40:32+00:00
SAO_6072-23,São Paulo,3550308,True,,2004,,,-23.767591,-46.7163045,,,,1,2023-06-17T12:40:02+00:00
SAO_6072-23,São Paulo,3550308,True,,2004,,,-23.767299,-46.716265,,,,1,2023-06-17T12:40:15+00:00
SAO_6072-23,São Paulo,3550308,True,,2004,,,-23.767591,-46.7163045,,,,1,2023-06-17T12:40:10+00:00
SAO_4709-10,São Paulo,3550308,True,,33101,,,-23.5894755,-46.633868,,,,2,2023-06-17T12:40:39+00:00
SAO_4709-10,São Paulo,3550308,True,,33101,,,-23.6517675,-46.6144775,,,,2,2023-06-17T12:39:58+00:00
SAO_4709-10,São Paulo,3550308,True,,33101,,,-23.5894755,-46.633868,,,,2,2023-06-17T12:40:24+00:00
SAO_4709-10,São Paulo,3550308,True,,33101,,,-23.5894755,-46.633868,,,,2,2023-06-17T12:40:12+00:00
SAO_4709-10,São Paulo,3550308,True,,33101,,,-23.596896375,-46.63372712499999,,,,2,2023-06-17T12:40:29+00:00
SAO_2678-10,São Paulo,3550308,True,STT,383,https://moovitapp.com/index/pt-br/transporte_p%C3%BAblico-line-383-Sao_Paulo-242-850661-183294-0,5.3,-23.499680249999997,-46.393843000000004,,,,1,2023-06-17T12:40:18+00:00
SAO_2678-10,São Paulo,3550308,True,STT,383,https://moovitapp.com/index/pt-br/transporte_p%C3%BAblico-line-383-Sao_Paulo-242-850661-183294-0,5.3,-23.5033495,-46.471968000000004,,,,1,2023-06-17T12:40:26+00:00
SAO_2678-10,São Paulo,3550308,True,STT,383,https://moovitapp.com/index/pt-br/transporte_p%C3%BAblico-line-383-Sao_Paulo-242-850661-183294-0,5.3,-23.5359015,-46.571622000000005,,,,1,2023-06-17T12:40:08+00:00
SAO_2678-10,São Paulo,3550308,True,STT,383,https://moovitapp.com/index/pt-br/transporte_p%C3%BAblico-line-383-Sao_Paulo-242-850661-183294-0,5.3,-23.49469925,-46.4135045,,,,1,2023-06-17T12:40:33+00:00
SAO_2678-10,São Paulo,3550308,True,STT,383,https://moovitapp.com/index/pt-br/transporte_p%C3%BAblico-line-383-Sao_Paulo-242-850661-183294-0,5.3,-23.522063,-46.539857999999995,,,,1,2023-06-17T12:37:43+00:00
SAO_2678-10,São Paulo,3550308,True,STT,383,https://moovitapp.com/index/pt-br/transporte_p%C3%BAblico-line-383-Sao_Paulo-242-850661-183294-0,5.3,-23.50824975,-46.493807000000004,,,,1,2023-06-17T12:40:39+00:00
SAO_2678-10,São Paulo,3550308,True,STT,383,https://moovitapp.com/index/pt-br/transporte_p%C3%BAblico-line-383-Sao_Paulo-242-850661-183294-0,5.3,-23.547011,-46.62953,,,,1,2023-06-17T12:40:36+00:00
SAO_2678-10,São Paulo,3550308,True,STT,383,https://moovitapp.com/index/pt-br/transporte_p%C3%BAblico-line-383-Sao_Paulo-242-850661-183294-0,5.3,-23.50059525,-46.385371,,,,1,2023-06-17T12:40:02+00:00
SAO_8078-10,São Paulo,3550308,True,,34848,,,-23.6308945,-46.75959,,,,2,2023-06-17T12:40:12+00:00
SAO_8078-10,São Paulo,3550308,True,,34848,,,-23.6224845,-46.7472995,,,,2,2023-06-17T12:40:16+00:00
SAO_4313-10,São Paulo,3550308,True,,34941,,,-23.540271,-46.542129,,,,2,2023-06-17T12:40:16+00:00
SAO_4313-10,São Paulo,3550308,True,,34941,,,-23.5479245,-46.629473,,,,2,2023-06-17T12:40:19+00:00
SAO_4313-10,São Paulo,3550308,True,,34941,,,-23.549931,-46.52456,,,,2,2023-06-17T12:40:08+00:00
SAO_4313-10,São Paulo,3550308,True,,34941,,,-23.5445305,-46.5931135,,,,2,2023-06-17T12:40:28+00:00
SAO_4313-10,São Paulo,3550308,True,,34941,,,-23.5952665,-46.4305515,,,,2,2023-06-17T12:40:20+00:00
SAO_857P-10,São Paulo,3550308,True,,1926,,,-23.5587165,-46.659662874999995,,,,1,2023-06-17T12:40:43+00:00
SAO_857P-10,São Paulo,3550308,True,,1926,,,-23.5872455,-46.7258505,,,,1,2023-06-17T12:40:26+00:00
SAO_857P-10,São Paulo,3550308,True,,1926,,,-23.609964499999997,-46.752227500000004,,,,1,2023-06-17T12:40:47+00:00
SAO_857P-10,São Paulo,3550308,True,,1926,,,-23.565738500000002,-46.651435125000006,,,,1,2023-06-17T12:40:11+00:00
SAO_9717-10,São Paulo,3550308,True,,33585,,,-23.5056985,-46.623694,,,,2,2023-06-17T12:40:19+00:00
SAO_9717-10,São Paulo,3550308,True,,33585,,,-23.503795,-46.674690125,,,,2,2023-06-17T12:40:14+00:00
SAO_5034-10,São Paulo,3550308,True,,34431,,,-23.642850250000002,-46.58971825,,,,2,2023-06-17T12:40:36+00:00
SAO_3459-10,São Paulo,3550308,True,EMTU,402,https://moovitapp.com/index/pt-br/transporte_p%C3%BAblico-line-402-Sao_Paulo-242-2038937-36419464-0,3.7,-23.51728325,-46.4687115,,,,1,2023-06-17T12:40:21+00:00
SAO_3459-10,São Paulo,3550308,True,EMTU,402,https://moovitapp.com/index/pt-br/transporte_p%C3%BAblico-line-402-Sao_Paulo-242-2038937-36419464-0,3.7,-23.515442999999998,-46.485403,,,,1,2023-06-17T12:37:46+00:00
SAO_3459-10,São Paulo,3550308,True,EMTU,402,https://moovitapp.com/index/pt-br/transporte_p%C3%BAblico-line-402-Sao_Paulo-242-2038937-36419464-0,3.7,-23.51049,-46.3851655,,,,1,2023-06-17T12:40:27+00:00
SAO_3459-10,São Paulo,3550308,True,EMTU,402,https://moovitapp.com/index/pt-br/transporte_p%C3%BAblico-line-402-Sao_Paulo-242-2038937-36419464-0,3.7,-23.501575250000002,-46.39714775,,,,1,2023-06-17T12:40:01+00:00
SAO_3459-10,São Paulo,3550308,True,EMTU,402,https://moovitapp.com/index/pt-br/transporte_p%C3%BAblico-line-402-Sao_Paulo-242-2038937-36419464-0,3.7,-23.5165205,-46.385602000000006,,,,1,2023-06-17T12:40:26+00:00
SAO_3459-10,São Paulo,3550308,True,EMTU,402,https://moovitapp.com/index/pt-br/transporte_p%C3%BAblico-line-402-Sao_Paulo-242-2038937-36419464-0,3.7,-23.5165205,-46.385602000000006,,,,1,2023-06-17T12:40:18+00:00
SAO_3459-10,São Paulo,3550308,True,EMTU,402,https://moovitapp.com/index/pt-br/transporte_p%C3%BAblico-line-402-Sao_Paulo-242-2038937-36419464-0,3.7,-23.5165205,-46.385602000000006,,,,1,2023-06-17T12:40:12+00:00
SAO_3459-10,São Paulo,3550308,True,EMTU,402,https://moovitapp.com/index/pt-br/transporte_p%C3%BAblico-line-402-Sao_Paulo-242-2038937-36419464-0,3.7,-23.493789,-46.4398925,,,,1,2023-06-17T12:40:34+00:00
SAO_3459-10,São Paulo,3550308,True,EMTU,402,https://moovitapp.com/index/pt-br/transporte_p%C3%BAblico-line-402-Sao_Paulo-242-2038937-36419464-0,3.7,-23.521750750000002,-46.527384999999995,,,,1,2023-06-17T12:40:46+00:00
SAO_3459-10,São Paulo,3550308,True,EMTU,402,https://moovitapp.com/index/pt-br/transporte_p%C3%BAblico-line-402-Sao_Paulo-242-2038937-36419464-0,3.7,-23.5429115,-46.5874025,,,,1,2023-06-17T12:40:41+00:00
SAO_3459-10,São Paulo,3550308,True,EMTU,402,https://moovitapp.com/index/pt-br/transporte_p%C3%BAblico-line-402-Sao_Paulo-242-2038937-36419464-0,3.7,-23.5165205,-46.385602000000006,,,,1,2023-06-17T12:40:26+00:00
SAO_3459-10,São Paulo,3550308,True,EMTU,402,https://moovitapp.com/index/pt-br/transporte_p%C3%BAblico-line-402-Sao_Paulo-242-2038937-36419464-0,3.7,-23.5165205,-46.385602000000006,,,,1,2023-06-17T12:40:31+00:00
SAO_3459-10,São Paulo,3550308,True,EMTU,402,https://moovitapp.com/index/pt-br/transporte_p%C3%BAblico-line-402-Sao_Paulo-242-2038937-36419464-0,3.7,-23.517021,-46.4794335,,,,1,2023-06-17T12:40:13+00:00
SAO_8528-10,São Paulo,3550308,True,,33343,,,-23.541055999999998,-46.6388025,,,,2,2023-06-17T12:40:48+00:00
SAO_8528-10,São Paulo,3550308,True,,33343,,,-23.4615645,-46.69032075,,,,2,2023-06-17T12:40:35+00:00
SAO_8528-10,São Paulo,3550308,True,,33343,,,-23.4808705,-46.6918365,,,,2,2023-06-17T12:40:42+00:00
SAO_8528-10,São Paulo,3550308,True,,33343,,,-23.5152745,-46.689216,,,,2,2023-06-17T12:40:17+00:00
SAO_5370-10,São Paulo,3550308,True,,34210,,,-23.76583,-46.717698,,,,2,2023-06-17T12:40:17+00:00
SAO_5370-10,São Paulo,3550308,True,,34210,,,-23.598756125,-46.657729312499995,,,,2,2023-06-17T12:40:41+00:00
SAO_5370-10,São Paulo,3550308,True,,34210,,,-23.638222125000002,-46.69485025,,,,2,2023-06-17T12:40:18+00:00
SAO_5370-10,São Paulo,3550308,True,,34210,,,-23.597199500000002,-46.6562685,,,,2,2023-06-17T12:40:04+00:00
SAO_5370-10,São Paulo,3550308,True,,34210,,,-23.579499000000002,-46.6475895,,,,2,2023-06-17T12:40:27+00:00
SAO_5370-10,São Paulo,3550308,True,,34210,,,-23.7505585,-46.7104225,,,,2,2023-06-17T12:40:05+00:00
SAO_3789-10,São Paulo,3550308,True,,1067,,,-23.542547,-46.4707595,,,,1,2023-06-17T12:40:26+00:00
SAO_3789-10,São Paulo,3550308,True,,1067,,,-23.588155999999998,-46.408985,,,,1,2023-06-17T12:40:16+00:00
SAO_3789-10,São Paulo,3550308,True,,1067,,,-23.608026000000002,-46.399876,,,,1,2023-06-17T12:40:27+00:00
SAO_3789-10,São Paulo,3550308,True,,1067,,,-23.605141,-46.399618000000004,,,,1,2023-06-17T12:40:45+00:00
SAO_3789-10,São Paulo,3550308,True,,1067,,,-23.611982,-46.3961475,,,,1,2023-06-17T12:40:15+00:00
SAO_3789-10,São Paulo,3550308,True,,1067,,,-23.590266,-46.443014000000005,,,,1,2023-06-17T12:40:36+00:00
SAO_7054-10,São Paulo,3550308,True,,32809,,,-23.651447,-46.790718,,,,2,2023-06-17T12:40:31+00:00
SAO_2202-10,São Paulo,3550308,True,Urubupungá,910,https://moovitapp.com/index/pt-br/transporte_p%C3%BAblico-line-910-Sao_Paulo-242-873835-496471-0,4.6,-23.518525250000003,-46.400894,,,,1,2023-06-17T12:40:21+00:00
SAO_2202-10,São Paulo,3550308,True,Urubupungá,910,https://moovitapp.com/index/pt-br/transporte_p%C3%BAblico-line-910-Sao_Paulo-242-873835-496471-0,4.6,-23.5412365,-46.410338499999995,,,,1,2023-06-17T12:40:21+00:00
SAO_2202-10,São Paulo,3550308,True,Urubupungá,910,https://moovitapp.com/index/pt-br/transporte_p%C3%BAblico-line-910-Sao_Paulo-242-873835-496471-0,4.6,-23.51025,-46.4012515,,,,1,2023-06-17T12:39:29+00:00
SAO_2202-10,São Paulo,3550308,True,Urubupungá,910,https://moovitapp.com/index/pt-br/transporte_p%C3%BAblico-line-910-Sao_Paulo-242-873835-496471-0,4.6,-23.49718625,-46.39991175,,,,1,2023-06-17T12:40:21+00:00
SAO_2202-10,São Paulo,3550308,True,Urubupungá,910,https://moovitapp.com/index/pt-br/transporte_p%C3%BAblico-line-910-Sao_Paulo-242-873835-496471-0,4.6,-23.487855,-46.384170999999995,,,,1,2023-06-17T12:40:13+00:00
SAO_2202-10,São Paulo,3550308,True,Urubupungá,910,https://moovitapp.com/index/pt-br/transporte_p%C3%BAblico-line-910-Sao_Paulo-242-873835-496471-0,4.6,-23.488201,-46.382996500000004,,,,1,2023-06-17T12:40:43+00:00
SAO_2202-10,São Paulo,3550308,True,Urubupungá,910,https://moovitapp.com/index/pt-br/transporte_p%C3%BAblico-line-910-Sao_Paulo-242-873835-496471-0,4.6,-23.488076999999997,-46.3817875,,,,1,2023-06-17T12:40:25+00:00
SAO_2202-10,São Paulo,3550308,True,Urubupungá,910,https://moovitapp.com/index/pt-br/transporte_p%C3%BAblico-line-910-Sao_Paulo-242-873835-496471-0,4.6,-23.541532,-46.4108155,,,,1,2023-06-17T12:40:41+00:00
SAO_2202-10,São Paulo,3550308,True,Urubupungá,910,https://moovitapp.com/index/pt-br/transporte_p%C3%BAblico-line-910-Sao_Paulo-242-873835-496471-0,4.6,-23.488201,-46.382996500000004,,,,1,2023-06-17T12:38:49+00:00
SAO_2202-10,São Paulo,3550308,True,Urubupungá,910,https://moovitapp.com/index/pt-br/transporte_p%C3%BAblico-line-910-Sao_Paulo-242-873835-496471-0,4.6,-23.5424345,-46.414053249999995,,,,1,2023-06-17T12:40:44+00:00
SAO_2202-10,São Paulo,3550308,True,Urubupungá,910,https://moovitapp.com/index/pt-br/transporte_p%C3%BAblico-line-910-Sao_Paulo-242-873835-496471-0,4.6,-23.488201,-46.382996500000004,,,,1,2023-06-17T12:40:06+00:00
SAO_2202-10,São Paulo,3550308,True,Urubupungá,910,https://moovitapp.com/index/pt-br/transporte_p%C3%BAblico-line-910-Sao_Paulo-242-873835-496471-0,4.6,-23.4953225,-46.3909285,,,,1,2023-06-17T12:39:07+00:00
SAO_9018-10,São Paulo,3550308,True,,34039,,,-23.470406500000003,-46.721548999999996,,,,2,2023-06-17T12:40:30+00:00
SAO_8700-1,São Paulo,3550308,True,,35276,,,-23.549295,-46.65299950000001,,,,2,2023-06-17T12:40:33+00:00
SAO_8700-1,São Paulo,3550308,True,,35276,,,-23.622368,-46.761258,,,,2,2023-06-17T12:40:39+00:00
SAO_1016-10,São Paulo,3550308,True,,33599,,,-23.513872,-46.6160225,,,,2,2023-06-17T12:40:34+00:00
SAO_1016-10,São Paulo,3550308,True,,33599,,,-23.466171,-46.605226,,,,2,2023-06-17T12:40:33+00:00
SAO_1016-10,São Paulo,3550308,True,,33599,,,-23.513872,-46.6160225,,,,2,2023-06-17T12:40:32+00:00
SAO_6451-10,São Paulo,3550308,True,,32829,,,-23.6435415,-46.7327735,,,,2,2023-06-17T12:40:03+00:00
SAO_6451-10,São Paulo,3550308,True,,32829,,,-23.599366500000002,-46.69703,,,,2,2023-06-17T12:40:33+00:00
SAO_6451-10,São Paulo,3550308,True,,32829,,,-23.549304,-46.6390795,,,,2,2023-06-17T12:40:40+00:00
SAO_6451-10,São Paulo,3550308,True,,32829,,,-23.654660999999997,-46.7609705,,,,2,2023-06-17T12:40:09+00:00
SAO_6451-10,São Paulo,3550308,True,,32829,,,-23.575943000000002,-46.669936,,,,2,2023-06-17T12:40:29+00:00
SAO_875H-10,São Paulo,3550308,True,,34108,,,-23.581401,-46.6383005,,,,2,2023-06-17T12:40:26+00:00
SAO_5630-10,São Paulo,3550308,True,,32846,,,-23.5836585,-46.6537055,,,,2,2023-06-17T12:40:38+00:00
SAO_5630-10,São Paulo,3550308,True,,32846,,,-23.546543,-46.61616,,,,2,2023-06-17T12:40:12+00:00
SAO_5630-10,São Paulo,3550308,True,,32846,,,-23.737971,-46.6978485,,,,2,2023-06-17T12:40:26+00:00
SAO_5630-10,São Paulo,3550308,True,,32846,,,-23.7374655,-46.6974125,,,,2,2023-06-17T12:40:34+00:00
SAO_5630-10,São Paulo,3550308,True,,32846,,,-23.5523475,-46.636882,,,,2,2023-06-17T12:40:26+00:00
SAO_5630-10,São Paulo,3550308,True,,32846,,,-23.65087625,-46.678118375,,,,2,2023-06-17T12:40:34+00:00
SAO_5630-10,São Paulo,3550308,True,,32846,,,-23.62172475,-46.661924,,,,2,2023-06-17T12:40:18+00:00
SAO_5630-10,São Paulo,3550308,True,,32846,,,-23.691092375,-46.698085500000005,,,,2,2023-06-17T12:37:53+00:00
SAO_7023-10,São Paulo,3550308,True,,34920,,,-23.6995785,-46.763411500000004,,,,2,2023-06-17T12:40:25+00:00
SAO_7023-10,São Paulo,3550308,True,,34920,,,-23.667671,-46.731587000000005,,,,2,2023-06-17T12:40:37+00:00
SAO_7023-10,São Paulo,3550308,True,,34920,,,-23.6995785,-46.763411500000004,,,,2,2023-06-17T12:26:30+00:00
SAO_7023-10,São Paulo,3550308,True,,34920,,,-23.699025499999998,-46.762974,,,,2,2023-06-17T12:40:28+00:00
SAO_7023-10,São Paulo,3550308,True,,34920,,,-23.6855715,-46.7370595,,,,2,2023-06-17T12:38:58+00:00
SAO_6076-10,São Paulo,3550308,True,,33933,,,-23.72155525,-46.69622075,,,,2,2023-06-17T12:40:25+00:00
SAO_6076-10,São Paulo,3550308,True,,33933,,,-23.733666,-46.6772885,,,,2,2023-06-17T12:40:21+00:00
SAO_5108-10,São Paulo,3550308,True,,34443,,,-23.650012,-46.6139055,,,,2,2023-06-17T12:40:39+00:00
SAO_5108-10,São Paulo,3550308,True,,34443,,,-23.565022,-46.6195135,,,,2,2023-06-17T12:40:25+00:00
SAO_5108-10,São Paulo,3550308,True,,34443,,,-23.650012,-46.6139055,,,,2,2023-06-17T12:40:21+00:00
SAO_5108-10,São Paulo,3550308,True,,34443,,,-23.6496705,-46.6138115,,,,2,2023-06-17T12:40:01+00:00
SAO_5108-10,São Paulo,3550308,True,,34443,,,-23.647871000000002,-46.6135115,,,,2,2023-06-17T12:40:46+00:00
SAO_5391-10,São Paulo,3550308,True,EMTU,171,https://moovitapp.com/index/pt-br/transporte_p%C3%BAblico-line-171-Sao_Paulo-242-2038937-36419310-0,4.8,-23.5956625,-46.65466875,,,,1,2023-06-17T12:40:21+00:00
SAO_5391-10,São Paulo,3550308,True,EMTU,171,https://moovitapp.com/index/pt-br/transporte_p%C3%BAblico-line-171-Sao_Paulo-242-2038937-36419310-0,4.8,-23.638222125000002,-46.69485025,,,,1,2023-06-17T12:40:39+00:00
SAO_5391-10,São Paulo,3550308,True,EMTU,171,https://moovitapp.com/index/pt-br/transporte_p%C3%BAblico-line-171-Sao_Paulo-242-2038937-36419310-0,4.8,-23.613378875,-46.671331374999994,,,,1,2023-06-17T12:40:36+00:00
SAO_5391-10,São Paulo,3550308,True,EMTU,171,https://moovitapp.com/index/pt-br/transporte_p%C3%BAblico-line-171-Sao_Paulo-242-2038937-36419310-0,4.8,-23.677432500000002,-46.761209,,,,1,2023-06-17T12:40:31+00:00
SAO_5391-10,São Paulo,3550308,True,EMTU,171,https://moovitapp.com/index/pt-br/transporte_p%C3%BAblico-line-171-Sao_Paulo-242-2038937-36419310-0,4.8,-23.666610749999997,-46.720212499999995,,,,1,2023-06-17T12:40:21+00:00
SAO_5391-10,São Paulo,3550308,True,EMTU,171,https://moovitapp.com/index/pt-br/transporte_p%C3%BAblico-line-171-Sao_Paulo-242-2038937-36419310-0,4.8,-23.6491733125,-46.7034545625,,,,1,2023-06-17T12:40:42+00:00
SAO_403A-10,São Paulo,3550308,True,,34960,,,-23.551531249999996,-46.459812625,,,,2,2023-06-17T12:40:23+00:00
SAO_403A-10,São Paulo,3550308,True,,34960,,,-23.5254725,-46.553053500000004,,,,2,2023-06-17T12:40:27+00:00
SAO_4734-10,São Paulo,3550308,True,,33877,,,-23.62052925,-46.634589875,,,,2,2023-06-17T12:40:04+00:00
SAO_4734-10,São Paulo,3550308,True,,33877,,,-23.6411645,-46.610744,,,,2,2023-06-17T12:40:44+00:00
SAO_4734-10,São Paulo,3550308,True,,33877,,,-23.642679,-46.6059895,,,,2,2023-06-17T12:40:40+00:00
SAO_4734-10,São Paulo,3550308,True,,33877,,,-23.6278965,-46.61908,,,,2,2023-06-17T12:40:18+00:00
SAO_8545-10,São Paulo,3550308,True,,1364,,,-23.467498,-46.6781805,,,,1,2023-06-17T12:40:37+00:00
SAO_8545-10,São Paulo,3550308,True,,1364,,,-23.52528975,-46.675345375000006,,,,1,2023-06-17T12:40:42+00:00
SAO_2014-10,São Paulo,3550308,True,Urubupungá,900,https://moovitapp.com/index/pt-br/transporte_p%C3%BAblico-line-900-Sao_Paulo-242-873835-496470-0,4.6,-23.457081000000002,-46.669748,,,,1,2023-06-17T12:40:11+00:00
SAO_2014-10,São Paulo,3550308,True,Urubupungá,900,https://moovitapp.com/index/pt-br/transporte_p%C3%BAblico-line-900-Sao_Paulo-242-873835-496470-0,4.6,-23.457081000000002,-46.669748,,,,1,2023-06-17T12:40:15+00:00
SAO_2014-10,São Paulo,3550308,True,Urubupungá,900,https://moovitapp.com/index/pt-br/transporte_p%C3%BAblico-line-900-Sao_Paulo-242-873835-496470-0,4.6,-23.457081000000002,-46.669748,,,,1,2023-06-17T12:40:18+00:00
SAO_2014-10,São Paulo,3550308,True,Urubupungá,900,https://moovitapp.com/index/pt-br/transporte_p%C3%BAblico-line-900-Sao_Paulo-242-873835-496470-0,4.6,-23.457081000000002,-46.669748,,,,1,2023-06-17T12:40:20+00:00
SAO_2014-10,São Paulo,3550308,True,Urubupungá,900,https://moovitapp.com/index/pt-br/transporte_p%C3%BAblico-line-900-Sao_Paulo-242-873835-496470-0,4.6,-23.457081000000002,-46.669748,,,,1,2023-06-17T12:40:18+00:00
SAO_2014-10,São Paulo,3550308,True,Urubupungá,900,https://moovitapp.com/index/pt-br/transporte_p%C3%BAblico-line-900-Sao_Paulo-242-873835-496470-0,4.6,-23.457081000000002,-46.669748,,,,1,2023-06-17T12:40:46+00:00
SAO_2014-10,São Paulo,3550308,True,Urubupungá,900,https://moovitapp.com/index/pt-br/transporte_p%C3%BAblico-line-900-Sao_Paulo-242-873835-496470-0,4.6,-23.457081000000002,-46.669748,,,,1,2023-06-17T12:40:19+00:00
SAO_2014-10,São Paulo,3550308,True,Urubupungá,900,https://moovitapp.com/index/pt-br/transporte_p%C3%BAblico-line-900-Sao_Paulo-242-873835-496470-0,4.6,-23.479428,-46.6726635,,,,1,2023-06-17T12:40:03+00:00
SAO_2014-10,São Paulo,3550308,True,Urubupungá,900,https://moovitapp.com/index/pt-br/transporte_p%C3%BAblico-line-900-Sao_Paulo-242-873835-496470-0,4.6,-23.457081000000002,-46.669748,,,,1,2023-06-17T12:40:08+00:00
SAO_2014-10,São Paulo,3550308,True,Urubupungá,900,https://moovitapp.com/index/pt-br/transporte_p%C3%BAblico-line-900-Sao_Paulo-242-873835-496470-0,4.6,-23.4947995,-46.66153425,,,,1,2023-06-17T12:40:15+00:00
SAO_2014-10,São Paulo,3550308,True,Urubupungá,900,https://moovitapp.com/index/pt-br/transporte_p%C3%BAblico-line-900-Sao_Paulo-242-873835-496470-0,4.6,-23.457081000000002,-46.669748,,,,1,2023-06-17T12:40:11+00:00
SAO_2014-10,São Paulo,3550308,True,Urubupungá,900,https://moovitapp.com/index/pt-br/transporte_p%C3%BAblico-line-900-Sao_Paulo-242-873835-496470-0,4.6,-23.457081000000002,-46.669748,,,,1,2023-06-17T12:40:25+00:00
SAO_2014-10,São Paulo,3550308,True,Urubupungá,900,https://moovitapp.com/index/pt-br/transporte_p%C3%BAblico-line-900-Sao_Paulo-242-873835-496470-0,4.6,-23.457081000000002,-46.669748,,,,1,2023-06-17T12:40:33+00:00
SAO_2014-10,São Paulo,3550308,True,Urubupungá,900,https://moovitapp.com/index/pt-br/transporte_p%C3%BAblico-line-900-Sao_Paulo-242-873835-496470-0,4.6,-23.457081000000002,-46.669748,,,,1,2023-06-17T12:40:35+00:00
SAO_2014-10,São Paulo,3550308,True,Urubupungá,900,https://moovitapp.com/index/pt-br/transporte_p%C3%BAblico-line-900-Sao_Paulo-242-873835-496470-0,4.6,-23.457081000000002,-46.669748,,,,1,2023-06-17T12:39:59+00:00
SAO_2014-10,São Paulo,3550308,True,Urubupungá,900,https://moovitapp.com/index/pt-br/transporte_p%C3%BAblico-line-900-Sao_Paulo-242-873835-496470-0,4.6,-23.457081000000002,-46.669748,,,,1,2023-06-17T12:40:05+00:00
SAO_2014-10,São Paulo,3550308,True,Urubupungá,900,https://moovitapp.com/index/pt-br/transporte_p%C3%BAblico-line-900-Sao_Paulo-242-873835-496470-0,4.6,-23.457081000000002,-46.669748,,,,1,2023-06-17T12:40:13+00:00
SAO_2014-10,São Paulo,3550308,True,Urubupungá,900,https://moovitapp.com/index/pt-br/transporte_p%C3%BAblico-line-900-Sao_Paulo-242-873835-496470-0,4.6,-23.461207,-46.6704105,,,,1,2023-06-17T12:40:38+00:00
SAO_2014-10,São Paulo,3550308,True,Urubupungá,900,https://moovitapp.com/index/pt-br/transporte_p%C3%BAblico-line-900-Sao_Paulo-242-873835-496470-0,4.6,-23.509771,-46.6660215,,,,1,2023-06-17T12:40:32+00:00
SAO_2014-10,São Paulo,3550308,True,Urubupungá,900,https://moovitapp.com/index/pt-br/transporte_p%C3%BAblico-line-900-Sao_Paulo-242-873835-496470-0,4.6,-23.457081000000002,-46.669748,,,,1,2023-06-17T12:40:12+00:00
SAO_7053-10,São Paulo,3550308,True,,34655,,,-23.653941000000003,-46.78870825,,,,2,2023-06-17T12:40:47+00:00
SAO_7053-10,São Paulo,3550308,True,,34655,,,-23.653941000000003,-46.78870825,,,,2,2023-06-17T12:40:35+00:00
SAO_7053-10,São Paulo,3550308,True,,34655,,,-23.6472895,-46.7901815,,,,2,2023-06-17T12:40:35+00:00
SAO_7053-10,São Paulo,3550308,True,,34655,,,-23.653941000000003,-46.78870825,,,,2,2023-06-17T12:40:24+00:00
SAO_7053-10,São Paulo,3550308,True,,34655,,,-23.653941000000003,-46.78870825,,,,2,2023-06-17T12:40:42+00:00
SAO_3728-10,São Paulo,3550308,True,,33793,,,-23.549129,-46.4869245,,,,2,2023-06-17T12:40:18+00:00
SAO_3728-10,São Paulo,3550308,True,,33793,,,-23.566306125,-46.4837935,,,,2,2023-06-17T12:40:19+00:00
SAO_3728-10,São Paulo,3550308,True,,33793,,,-23.57241125,-46.490596999999994,,,,2,2023-06-17T12:40:07+00:00
SAO_9181-10,São Paulo,3550308,True,,33653,,,-23.4592625,-46.6976705,,,,2,2023-06-17T12:40:34+00:00
SAO_9181-10,São Paulo,3550308,True,,33653,,,-23.488802,-46.688143499999995,,,,2,2023-06-17T12:40:19+00:00
SAO_9181-10,São Paulo,3550308,True,,33653,,,-23.507077375,-46.689163875000006,,,,2,2023-06-17T12:40:37+00:00
SAO_9181-10,São Paulo,3550308,True,,33653,,,-23.4726575,-46.6832415,,,,2,2023-06-17T12:40:42+00:00
SAO_917H-10,São Paulo,3550308,True,,33224,,,-23.496108,-46.745699,,,,2,2023-06-17T12:40:46+00:00
SAO_917H-10,São Paulo,3550308,True,,33224,,,-23.544869,-46.6930895,,,,2,2023-06-17T12:40:40+00:00
SAO_917H-10,São Paulo,3550308,True,,33224,,,-23.565940499999996,-46.6509805,,,,2,2023-06-17T12:40:34+00:00
SAO_917H-10,São Paulo,3550308,True,,33224,,,-23.53212425,-46.729811749999996,,,,2,2023-06-17T12:40:22+00:00
SAO_2772-10,São Paulo,3550308,True,,33166,,,-23.533080499999997,-46.543136,,,,2,2023-06-17T12:40:30+00:00
SAO_2772-10,São Paulo,3550308,True,,33166,,,-23.4923,-46.445477,,,,2,2023-06-17T12:40:45+00:00
SAO_574C-10,São Paulo,3550308,True,,1639,,,-23.5949925,-46.537204,,,,1,2023-06-17T12:40:07+00:00
SAO_574C-10,São Paulo,3550308,True,,1639,,,-23.6018625,-46.5700175,,,,1,2023-06-17T12:40:39+00:00
SAO_574C-10,São Paulo,3550308,True,,1639,,,-23.611714499999998,-46.4734285,,,,1,2023-06-17T12:40:39+00:00
SAO_574C-10,São Paulo,3550308,True,,1639,,,-23.612576,-46.480059499999996,,,,1,2023-06-17T12:35:18+00:00
SAO_2203-10,São Paulo,3550308,True,,911,,,-23.5313285,-46.532219,,,,1,2023-06-17T12:40:23+00:00
SAO_2203-10,São Paulo,3550308,True,,911,,,-23.521732375,-46.497972,,,,1,2023-06-17T12:40:28+00:00
SAO_2203-10,São Paulo,3550308,True,,911,,,-23.520712000000003,-46.484475,,,,1,2023-06-17T12:40:29+00:00
SAO_2203-10,São Paulo,3550308,True,,911,,,-23.520712000000003,-46.484475,,,,1,2023-06-17T12:40:24+00:00
SAO_2203-10,São Paulo,3550308,True,,911,,,-23.520712000000003,-46.484475,,,,1,2023-06-17T12:39:05+00:00
SAO_7005-51,São Paulo,3550308,True,,1999,,,-23.6766065,-46.7739425,,,,1,2023-06-17T12:40:39+00:00
SAO_7005-51,São Paulo,3550308,True,,1999,,,-23.692511000000003,-46.7778525,,,,1,2023-06-17T12:40:33+00:00
SAO_7005-51,São Paulo,3550308,True,,1999,,,-23.73209225,-46.78503325,,,,1,2023-06-17T12:40:27+00:00
SAO_6062-51,São Paulo,3550308,True,,34507,,,-23.691092375,-46.698085500000005,,,,2,2023-06-17T12:40:05+00:00
SAO_6062-51,São Paulo,3550308,True,,34507,,,-23.741882,-46.6813055,,,,2,2023-06-17T12:40:40+00:00
SAO_7021-10,São Paulo,3550308,True,,1989,,,-23.6756625,-46.748854,,,,1,2023-06-17T12:40:06+00:00
SAO_7021-10,São Paulo,3550308,True,,1989,,,-23.6438925,-46.733481999999995,,,,1,2023-06-17T12:40:06+00:00
SAO_4726-10,São Paulo,3550308,True,,1680,,,-23.55231325,-46.581536,,,,1,2023-06-17T12:40:31+00:00
SAO_4726-10,São Paulo,3550308,True,,1680,,,-23.5409455,-46.5763775,,,,1,2023-06-17T12:40:25+00:00
SAO_4726-10,São Paulo,3550308,True,,1680,,,-23.56359775,-46.58869825,,,,1,2023-06-17T12:40:20+00:00
SAO_8073-10,São Paulo,3550308,True,,34849,,,-23.5879865,-46.758959000000004,,,,2,2023-06-17T12:40:41+00:00
SAO_271F-10,São Paulo,3550308,True,,33451,,,-23.5171885,-46.616377,,,,2,2023-06-17T12:40:39+00:00
SAO_271F-10,São Paulo,3550308,True,,33451,,,-23.542358,-46.589724000000004,,,,2,2023-06-17T12:40:28+00:00
SAO_271F-10,São Paulo,3550308,True,,33451,,,-23.54209775,-46.61522575,,,,2,2023-06-17T12:40:39+00:00
SAO_4717-10,São Paulo,3550308,True,,33103,,,-23.637105499999997,-46.595567,,,,2,2023-06-17T12:40:13+00:00
SAO_4717-10,São Paulo,3550308,True,,33103,,,-23.618195999999998,-46.63638875,,,,2,2023-06-17T12:40:46+00:00
SAO_8200-10,São Paulo,3550308,True,,34031,,,-23.507124,-46.7049425,,,,2,2023-06-17T12:40:39+00:00
SAO_5091-10,São Paulo,3550308,True,,1523,,,-23.693745,-46.665702,,,,1,2023-06-17T12:40:11+00:00
SAO_5091-10,São Paulo,3550308,True,,1523,,,-23.682509,-46.633010999999996,,,,1,2023-06-17T12:36:50+00:00
SAO_702U-22,São Paulo,3550308,True,,2581,,,-23.5499195,-46.63486399999999,,,,1,2023-06-17T12:40:26+00:00
SAO_702U-22,São Paulo,3550308,True,,2581,,,-23.571876500000002,-46.7088805,,,,1,2023-06-17T12:40:26+00:00
SAO_702U-22,São Paulo,3550308,True,,2581,,,-23.572526,-46.704663,,,,1,2023-06-17T12:40:41+00:00
SAO_702U-22,São Paulo,3550308,True,,2581,,,-23.546505,-46.630880000000005,,,,1,2023-06-17T12:40:02+00:00
SAO_4016-10,São Paulo,3550308,True,,2189,,,-23.613115999999998,-46.476499,,,,1,2023-06-17T12:40:29+00:00
SAO_4016-10,São Paulo,3550308,True,,2189,,,-23.625453,-46.463347,,,,1,2023-06-17T12:40:45+00:00
SAO_6803-10,São Paulo,3550308,True,BR7 Mobilidade,29,https://moovitapp.com/index/pt-br/transporte_p%C3%BAblico-line-29-Sao_Paulo-242-851856-500111-0,5.75,-23.6551405,-46.754138999999995,,,,1,2023-06-17T12:40:42+00:00
SAO_5031-10,São Paulo,3550308,True,,34514,,,-23.634148,-46.587728999999996,,,,2,2023-06-17T12:40:32+00:00
SAO_5031-10,São Paulo,3550308,True,,34514,,,-23.603051999999998,-46.602856,,,,2,2023-06-17T12:40:42+00:00
SAO_5031-10,São Paulo,3550308,True,,34514,,,-23.603051999999998,-46.602856,,,,2,2023-06-17T12:40:42+00:00
SAO_5031-10,São Paulo,3550308,True,,34514,,,-23.6133795,-46.5942465,,,,2,2023-06-17T12:40:18+00:00
SAO_5031-10,São Paulo,3550308,True,,34514,,,-23.6338165,-46.587291,,,,2,2023-06-17T12:40:22+00:00
SAO_5031-10,São Paulo,3550308,True,,34514,,,-23.6195765,-46.59233975,,,,2,2023-06-17T12:40:17+00:00
SAO_5031-10,São Paulo,3550308,True,,34514,,,-23.63630825,-46.590938249999994,,,,2,2023-06-17T12:40:41+00:00
SAO_208M-10,São Paulo,3550308,True,,2478,,,-23.553594500000003,-46.674957500000005,,,,1,2023-06-17T12:40:08+00:00
SAO_208M-10,São Paulo,3550308,True,,2478,,,-23.516607875,-46.654003312499995,,,,1,2023-06-17T12:40:39+00:00
SAO_1785-10,São Paulo,3550308,True,,34584,,,-23.4781285,-46.6229335,,,,2,2023-06-17T12:40:01+00:00
SAO_1785-10,São Paulo,3550308,True,,34584,,,-23.50031125,-46.622367999999994,,,,2,2023-06-17T12:40:32+00:00
SAO_6804-10,São Paulo,3550308,True,BR7 Mobilidade,30,https://moovitapp.com/index/pt-br/transporte_p%C3%BAblico-line-30-Sao_Paulo-242-851856-500112-0,5.75,-23.6439105,-46.7348865,,,,1,2023-06-17T12:40:45+00:00
SAO_2762-10,São Paulo,3550308,True,,32912,,,-23.500138999999997,-46.530742000000004,,,,2,2023-06-17T12:40:24+00:00
SAO_2762-10,São Paulo,3550308,True,,32912,,,-23.532384,-46.5618135,,,,2,2023-06-17T12:37:41+00:00
SAO_637A-10,São Paulo,3550308,True,,185,,,-23.624938125,-46.707062125,,,,1,2023-06-17T12:40:17+00:00
SAO_637A-10,São Paulo,3550308,True,,185,,,-23.56534875,-46.69745825,,,,1,2023-06-17T12:40:24+00:00
SAO_637A-10,São Paulo,3550308,True,,185,,,-23.56862075,-46.69213975,,,,1,2023-06-17T12:40:20+00:00
SAO_637A-10,São Paulo,3550308,True,,185,,,-23.669687500000002,-46.736403499999994,,,,1,2023-06-17T12:40:14+00:00
SAO_637A-10,São Paulo,3550308,True,,185,,,-23.5834015,-46.683516499999996,,,,1,2023-06-17T12:40:46+00:00
SAO_637A-10,São Paulo,3550308,True,,185,,,-23.672914499999997,-46.743935,,,,1,2023-06-17T12:40:41+00:00
SAO_637A-10,São Paulo,3550308,True,,185,,,-23.6237575,-46.70369625,,,,1,2023-06-17T12:40:23+00:00
SAO_637A-10,São Paulo,3550308,True,,185,,,-23.690886,-46.774112,,,,1,2023-06-17T12:40:21+00:00
SAO_637A-10,São Paulo,3550308,True,,185,,,-23.579709,-46.6853055,,,,1,2023-06-17T12:40:22+00:00
SAO_637A-10,São Paulo,3550308,True,,185,,,-23.6848355,-46.7700415,,,,1,2023-06-17T12:40:08+00:00
SAO_637A-10,São Paulo,3550308,True,,185,,,-23.573808749999998,-46.6889005,,,,1,2023-06-17T12:40:31+00:00
SAO_637A-10,São Paulo,3550308,True,,185,,,-23.67554175,-46.755433,,,,1,2023-06-17T12:40:35+00:00
SAO_1034-10,São Paulo,3550308,True,,35220,,,-23.47083525,-46.71026325,,,,2,2023-06-17T12:40:33+00:00
SAO_1034-10,São Paulo,3550308,True,,35220,,,-23.47083525,-46.71026325,,,,2,2023-06-17T12:40:24+00:00
SAO_6046-10,São Paulo,3550308,True,,33991,,,-23.684154999999997,-46.7816525,,,,2,2023-06-17T12:40:15+00:00
SAO_6046-10,São Paulo,3550308,True,,33991,,,-23.674898,-46.773841499999996,,,,2,2023-06-17T12:40:06+00:00
SAO_6046-10,São Paulo,3550308,True,,33991,,,-23.642516,-46.7384915,,,,2,2023-06-17T12:40:38+00:00
SAO_9015-10,São Paulo,3550308,True,,1269,,,-23.489247499999998,-46.7230725,,,,1,2023-06-17T12:40:26+00:00
SAO_4008-10,São Paulo,3550308,True,,34950,,,-23.5829775,-46.4962375,,,,2,2023-06-17T12:40:36+00:00
SAO_4008-10,São Paulo,3550308,True,,34950,,,-23.573854500000003,-46.4584345,,,,2,2023-06-17T12:40:10+00:00
SAO_475M-10,São Paulo,3550308,True,,33111,,,-23.617657,-46.618080500000005,,,,2,2023-06-17T12:40:41+00:00
SAO_475M-10,São Paulo,3550308,True,,33111,,,-23.5407455,-46.648196999999996,,,,2,2023-06-17T12:40:03+00:00
SAO_407G-10,São Paulo,3550308,True,,34964,,,-23.5956145,-46.487649,,,,2,2023-06-17T12:40:42+00:00
SAO_407G-10,São Paulo,3550308,True,,34964,,,-23.61114025,-46.43407825,,,,2,2023-06-17T12:40:07+00:00
SAO_407G-10,São Paulo,3550308,True,,34964,,,-23.611837,-46.4334745,,,,2,2023-06-17T12:40:22+00:00
SAO_407G-10,São Paulo,3550308,True,,34964,,,-23.61138675,-46.43386674999999,,,,2,2023-06-17T12:40:22+00:00
SAO_407G-10,São Paulo,3550308,True,,34964,,,-23.578965,-46.496987000000004,,,,2,2023-06-17T12:40:14+00:00
SAO_407G-10,São Paulo,3550308,True,,34964,,,-23.61114025,-46.43407825,,,,2,2023-06-17T12:40:25+00:00
SAO_407G-10,São Paulo,3550308,True,,34964,,,-23.617158,-46.468715,,,,2,2023-06-17T12:40:17+00:00
SAO_407G-10,São Paulo,3550308,True,,34964,,,-23.54587825,-46.5287335,,,,2,2023-06-17T12:39:59+00:00
SAO_407G-10,São Paulo,3550308,True,,34964,,,-23.538180500000003,-46.562670499999996,,,,2,2023-06-17T12:40:21+00:00
SAO_2019-10,São Paulo,3550308,True,,905,,,-23.529255499999998,-46.4782905,,,,1,2023-06-17T12:40:30+00:00
SAO_2019-10,São Paulo,3550308,True,,905,,,-23.52305175,-46.519433,,,,1,2023-06-17T12:40:09+00:00
SAO_2019-10,São Paulo,3550308,True,,905,,,-23.529183500000002,-46.478623999999996,,,,1,2023-06-17T12:40:32+00:00
SAO_2019-10,São Paulo,3550308,True,,905,,,-23.529183500000002,-46.478623999999996,,,,1,2023-06-17T12:39:52+00:00
SAO_2019-10,São Paulo,3550308,True,,905,,,-23.524728,-46.5453215,,,,1,2023-06-17T12:40:24+00:00
SAO_3020-10,São Paulo,3550308,True,,958,,,-23.543956,-46.43481799999999,,,,1,2023-06-17T12:40:41+00:00
SAO_3020-10,São Paulo,3550308,True,,958,,,-23.560636,-46.4816335,,,,1,2023-06-17T12:40:31+00:00
SAO_3020-10,São Paulo,3550308,True,,958,,,-23.537722,-46.43825875,,,,1,2023-06-17T12:40:08+00:00
SAO_6200-10,São Paulo,3550308,True,,33123,,,-23.58222225,-46.685465875,,,,2,2023-06-17T12:40:08+00:00
SAO_6200-10,São Paulo,3550308,True,,33123,,,-23.616024,-46.701516,,,,2,2023-06-17T12:40:12+00:00
SAO_6200-10,São Paulo,3550308,True,,33123,,,-23.558764500000002,-46.654000249999996,,,,2,2023-06-17T12:40:49+00:00
SAO_6200-10,São Paulo,3550308,True,,33123,,,-23.573234875,-46.666225875,,,,2,2023-06-17T12:40:35+00:00
SAO_6200-10,São Paulo,3550308,True,,33123,,,-23.63596475,-46.72224299999999,,,,2,2023-06-17T12:40:01+00:00
SAO_6200-10,São Paulo,3550308,True,,33123,,,-23.647986500000002,-46.727498499999996,,,,2,2023-06-17T12:40:05+00:00
SAO_6200-10,São Paulo,3550308,True,,33123,,,-23.549384500000002,-46.6394535,,,,2,2023-06-17T12:40:25+00:00
SAO_6036-10,São Paulo,3550308,True,,1214,,,-23.65200325,-46.757994,,,,1,2023-06-17T12:40:45+00:00
SAO_6036-10,São Paulo,3550308,True,,1214,,,-23.65376725,-46.79044725,,,,1,2023-06-17T12:40:16+00:00
SAO_6036-10,São Paulo,3550308,True,,1214,,,-23.640761375,-46.71703425,,,,1,2023-06-17T12:40:43+00:00
SAO_6036-10,São Paulo,3550308,True,,1214,,,-23.645547999999998,-46.779407500000005,,,,1,2023-06-17T12:40:41+00:00
SAO_6036-10,São Paulo,3550308,True,,1214,,,-23.65376725,-46.79044725,,,,1,2023-06-17T12:40:21+00:00
SAO_9012-10,São Paulo,3550308,True,,1268,,,-23.4661715,-46.682623,,,,1,2023-06-17T12:40:35+00:00
SAO_9012-10,São Paulo,3550308,True,,1268,,,-23.48122975,-46.69140725,,,,1,2023-06-17T12:40:45+00:00
SAO_807M-10,São Paulo,3550308,True,,34684,,,-23.609989249999998,-46.70378225,,,,2,2023-06-17T12:40:21+00:00
SAO_807M-10,São Paulo,3550308,True,,34684,,,-23.631797499999998,-46.7719915,,,,2,2023-06-17T12:40:31+00:00
SAO_807M-10,São Paulo,3550308,True,,34684,,,-23.6124085,-46.734772,,,,2,2023-06-17T12:40:13+00:00
SAO_4115-10,São Paulo,3550308,True,,33090,,,-23.62159825,-46.62854025,,,,2,2023-06-17T12:40:33+00:00
SAO_4115-10,São Paulo,3550308,True,,33090,,,-23.569841875,-46.623749375,,,,2,2023-06-17T12:40:32+00:00
SAO_6L01-10,São Paulo,3550308,True,,33939,,,-23.82200675,-46.7360084375,,,,2,2023-06-17T12:40:44+00:00
SAO_6L01-10,São Paulo,3550308,True,,33939,,,-23.90679,-46.708217000000005,,,,2,2023-06-17T12:40:27+00:00
SAO_6L01-10,São Paulo,3550308,True,,33939,,,-23.9053525,-46.71477,,,,2,2023-06-17T12:38:47+00:00
SAO_6L01-10,São Paulo,3550308,True,,33939,,,-23.90679,-46.708217000000005,,,,2,2023-06-17T12:40:32+00:00
SAO_6L01-10,São Paulo,3550308,True,,33939,,,-23.90679,-46.708217000000005,,,,2,2023-06-17T12:40:36+00:00
SAO_6L01-10,São Paulo,3550308,True,,33939,,,-23.90679,-46.708217000000005,,,,2,2023-06-17T12:40:39+00:00
SAO_6L01-10,São Paulo,3550308,True,,33939,,,-23.90679,-46.708217000000005,,,,2,2023-06-17T12:40:05+00:00
SAO_6L01-10,São Paulo,3550308,True,,33939,,,-23.771853,-46.719546,,,,2,2023-06-17T12:40:12+00:00
SAO_6L01-10,São Paulo,3550308,True,,33939,,,-23.903859500000003,-46.7166225,,,,2,2023-06-17T12:32:10+00:00
SAO_6L01-10,São Paulo,3550308,True,,33939,,,-23.869999,-46.740538,,,,2,2023-06-17T12:40:34+00:00
SAO_857R-10,São Paulo,3550308,True,,34660,,,-23.631153500000003,-46.7733425,,,,2,2023-06-17T12:40:31+00:00
SAO_857R-10,São Paulo,3550308,True,,34660,,,-23.574398000000002,-46.631854,,,,2,2023-06-17T12:40:39+00:00
SAO_857R-10,São Paulo,3550308,True,,34660,,,-23.62904,-46.768864,,,,2,2023-06-17T12:40:37+00:00
SAO_807J-10,São Paulo,3550308,True,,34826,,,-23.618444750000002,-46.69908425,,,,2,2023-06-17T12:40:19+00:00
SAO_807J-10,São Paulo,3550308,True,,34826,,,-23.60904825,-46.726342,,,,2,2023-06-17T12:40:21+00:00
SAO_807J-10,São Paulo,3550308,True,,34826,,,-23.618682999999997,-46.6986195,,,,2,2023-06-17T12:40:45+00:00
SAO_3033-10,São Paulo,3550308,True,,968,,,-23.6107935,-46.4748,,,,1,2023-06-17T12:40:17+00:00
SAO_3033-10,São Paulo,3550308,True,,968,,,-23.5934825,-46.4185905,,,,1,2023-06-17T12:40:13+00:00
SAO_3033-10,São Paulo,3550308,True,,968,,,-23.6105395,-46.474952,,,,1,2023-06-17T12:40:44+00:00
SAO_3033-10,São Paulo,3550308,True,,968,,,-23.554762,-46.401109500000004,,,,1,2023-06-17T12:40:29+00:00
SAO_3033-10,São Paulo,3550308,True,,968,,,-23.5963105,-46.45563,,,,1,2023-06-17T12:40:32+00:00
SAO_3033-10,São Paulo,3550308,True,,968,,,-23.554762,-46.401109500000004,,,,1,2023-06-17T12:40:00+00:00
SAO_3033-10,São Paulo,3550308,True,,968,,,-23.54247075,-46.41617375,,,,1,2023-06-17T12:39:58+00:00
SAO_3033-10,São Paulo,3550308,True,,968,,,-23.54701025,-46.41178175,,,,1,2023-06-17T12:40:22+00:00
SAO_6817-10,São Paulo,3550308,True,,27,,,-23.684818,-46.782738,,,,1,2023-06-17T12:40:43+00:00
SAO_6817-10,São Paulo,3550308,True,,27,,,-23.654274,-46.7625595,,,,1,2023-06-17T12:40:36+00:00
SAO_527R-10,São Paulo,3550308,True,,33039,,,-23.6541005,-46.710821,,,,2,2023-06-17T12:40:14+00:00
SAO_527R-10,São Paulo,3550308,True,,33039,,,-23.672275499999998,-46.687393,,,,2,2023-06-17T12:40:13+00:00
SAO_527R-10,São Paulo,3550308,True,,33039,,,-23.666238375,-46.656311875,,,,2,2023-06-17T12:40:13+00:00
SAO_476G-10,São Paulo,3550308,True,,33879,,,-23.590241499999998,-46.620090437500004,,,,2,2023-06-17T12:40:15+00:00
SAO_476G-10,São Paulo,3550308,True,,33879,,,-23.58720175,-46.58416875,,,,2,2023-06-17T12:40:23+00:00
SAO_476G-10,São Paulo,3550308,True,,33879,,,-23.6090945,-46.535273000000004,,,,2,2023-06-17T12:40:16+00:00
SAO_607C-10,São Paulo,3550308,True,,34745,,,-23.6870045,-46.633483999999996,,,,2,2023-06-17T12:40:33+00:00
SAO_607C-10,São Paulo,3550308,True,,34745,,,-23.5900485,-46.6885135,,,,2,2023-06-17T12:40:40+00:00
SAO_607C-10,São Paulo,3550308,True,,34745,,,-23.689011999999998,-46.6349485,,,,2,2023-06-17T12:40:31+00:00
SAO_607C-10,São Paulo,3550308,True,,34745,,,-23.6361615,-46.6779655,,,,2,2023-06-17T12:40:37+00:00
SAO_607C-10,São Paulo,3550308,True,,34745,,,-23.667242,-46.65416825,,,,2,2023-06-17T12:40:06+00:00
SAO_607C-10,São Paulo,3550308,True,,34745,,,-23.61368975,-46.696019,,,,2,2023-06-17T12:40:19+00:00
SAO_607C-10,São Paulo,3550308,True,,34745,,,-23.5897885,-46.6880525,,,,2,2023-06-17T12:40:36+00:00
SAO_8004-10,São Paulo,3550308,True,,1254,,,-23.484040999999998,-46.7467735,,,,1,2023-06-17T12:40:14+00:00
SAO_8004-10,São Paulo,3550308,True,,1254,,,-23.5196005,-46.700601,,,,1,2023-06-17T12:40:14+00:00
SAO_709A-10,São Paulo,3550308,True,,34860,,,-23.5905625,-46.687347,,,,2,2023-06-17T12:40:36+00:00
SAO_8000-10,São Paulo,3550308,True,,1273,,,-23.530192125,-46.666985249999996,,,,1,2023-06-17T12:39:56+00:00
SAO_8000-10,São Paulo,3550308,True,,1273,,,-23.520449499999998,-46.6996115,,,,1,2023-06-17T12:40:10+00:00
SAO_172X-10,São Paulo,3550308,True,,861,,,-23.514913749999998,-46.568073,,,,1,2023-06-17T12:40:27+00:00
SAO_172X-10,São Paulo,3550308,True,,861,,,-23.5043985,-46.56474425,,,,1,2023-06-17T12:40:44+00:00
SAO_172X-10,São Paulo,3550308,True,,861,,,-23.52967075,-46.5757,,,,1,2023-06-17T12:40:29+00:00
SAO_172X-10,São Paulo,3550308,True,,861,,,-23.529768500000003,-46.5855725,,,,1,2023-06-17T12:40:46+00:00
SAO_172X-10,São Paulo,3550308,True,,861,,,-23.539852500000002,-46.5770135,,,,1,2023-06-17T12:40:21+00:00
SAO_775N-10,São Paulo,3550308,True,,474,,,-23.55123175,-46.740238250000004,,,,1,2023-06-17T12:40:14+00:00
SAO_775N-10,São Paulo,3550308,True,,474,,,-23.55123175,-46.740238250000004,,,,1,2023-06-17T12:40:32+00:00
SAO_775N-10,São Paulo,3550308,True,,474,,,-23.581013,-46.764196,,,,1,2023-06-17T12:40:34+00:00
SAO_775N-10,São Paulo,3550308,True,,474,,,-23.541544000000002,-46.730027750000005,,,,1,2023-06-17T12:40:12+00:00
SAO_5031-10,São Paulo,3550308,True,,1746,,,-23.612983999999997,-46.594395500000005,,,,1,2023-06-17T12:40:38+00:00
SAO_5031-10,São Paulo,3550308,True,,1746,,,-23.621344750000002,-46.5918365,,,,1,2023-06-17T12:40:37+00:00
SAO_5031-10,São Paulo,3550308,True,,1746,,,-23.631518999999997,-46.58502,,,,1,2023-06-17T12:40:36+00:00
SAO_5031-10,São Paulo,3550308,True,,1746,,,-23.637415,-46.592847500000005,,,,1,2023-06-17T12:40:39+00:00
SAO_5031-10,São Paulo,3550308,True,,1746,,,-23.61801025,-46.59281075,,,,1,2023-06-17T12:40:48+00:00
SAO_5031-10,São Paulo,3550308,True,,1746,,,-23.637415,-46.592847500000005,,,,1,2023-06-17T12:40:29+00:00
SAO_9090-10,São Paulo,3550308,True,,33652,,,-23.4597255,-46.673644499999995,,,,2,2023-06-17T12:40:25+00:00
SAO_9090-10,São Paulo,3550308,True,,33652,,,-23.462373499999998,-46.676422,,,,2,2023-06-17T12:40:34+00:00
SAO_9011-10,São Paulo,3550308,True,,878,,,-23.45467,-46.738116000000005,,,,1,2023-06-17T12:40:30+00:00
SAO_9011-10,São Paulo,3550308,True,,878,,,-23.45467,-46.738116000000005,,,,1,2023-06-17T12:40:02+00:00
SAO_9011-10,São Paulo,3550308,True,,878,,,-23.447173250000002,-46.72335525,,,,1,2023-06-17T12:39:58+00:00
SAO_9011-10,São Paulo,3550308,True,,878,,,-23.45467,-46.738116000000005,,,,1,2023-06-17T12:39:59+00:00
SAO_9011-10,São Paulo,3550308,True,,878,,,-23.455841,-46.692636,,,,1,2023-06-17T12:40:45+00:00
SAO_9011-10,São Paulo,3550308,True,,878,,,-23.45467,-46.738116000000005,,,,1,2023-06-17T12:39:51+00:00
SAO_9011-10,São Paulo,3550308,True,,878,,,-23.45467,-46.738116000000005,,,,1,2023-06-17T12:40:33+00:00
SAO_9011-10,São Paulo,3550308,True,,878,,,-23.45467,-46.738116000000005,,,,1,2023-06-17T12:39:15+00:00
SAO_1017-10,São Paulo,3550308,True,,34909,,,-23.485255000000002,-46.709973000000005,,,,2,2023-06-17T12:40:12+00:00
SAO_1017-10,São Paulo,3550308,True,,34909,,,-23.4602295,-46.715452,,,,2,2023-06-17T12:40:46+00:00
SAO_1017-10,São Paulo,3550308,True,,34909,,,-23.471812,-46.71396925,,,,2,2023-06-17T12:40:21+00:00
SAO_1017-10,São Paulo,3550308,True,,34909,,,-23.485255000000002,-46.709973000000005,,,,2,2023-06-17T12:40:20+00:00
SAO_1017-10,São Paulo,3550308,True,,34909,,,-23.412557375,-46.75643050000001,,,,2,2023-06-17T12:40:16+00:00
SAO_1017-10,São Paulo,3550308,True,,34909,,,-23.412557375,-46.75643050000001,,,,2,2023-06-17T12:40:07+00:00
SAO_1017-10,São Paulo,3550308,True,,34909,,,-23.436723999999998,-46.717591125,,,,2,2023-06-17T12:40:35+00:00
SAO_1017-10,São Paulo,3550308,True,,34909,,,-23.477535500000002,-46.714372,,,,2,2023-06-17T12:40:34+00:00
SAO_1017-10,São Paulo,3550308,True,,34909,,,-23.42691,-46.724759,,,,2,2023-06-17T12:40:19+00:00
SAO_6037-10,São Paulo,3550308,True,,33983,,,-23.641527,-46.716401125000004,,,,2,2023-06-17T12:40:26+00:00
SAO_6037-10,São Paulo,3550308,True,,33983,,,-23.652525500000003,-46.77832,,,,2,2023-06-17T12:40:22+00:00
SAO_6037-10,São Paulo,3550308,True,,33983,,,-23.648692250000003,-46.78592975,,,,2,2023-06-17T12:40:22+00:00
SAO_6037-10,São Paulo,3550308,True,,33983,,,-23.64835625,-46.78649075,,,,2,2023-06-17T12:40:42+00:00
SAO_6037-10,São Paulo,3550308,True,,33983,,,-23.64904925,-46.78534475,,,,2,2023-06-17T12:40:15+00:00
SAO_6037-10,São Paulo,3550308,True,,33983,,,-23.648520750000003,-46.78621425,,,,2,2023-06-17T12:40:34+00:00
SAO_6037-10,São Paulo,3550308,True,,33983,,,-23.64887075,-46.78563725,,,,2,2023-06-17T12:40:13+00:00
SAO_6118-10,São Paulo,3550308,True,,1188,,,-23.6886315,-46.701716,,,,1,2023-06-17T12:40:30+00:00
SAO_6118-10,São Paulo,3550308,True,,1188,,,-23.752625000000002,-46.7028335,,,,1,2023-06-17T12:40:23+00:00
SAO_6118-10,São Paulo,3550308,True,,1188,,,-23.734592499999998,-46.711826,,,,1,2023-06-17T12:40:28+00:00
SAO_7001-10,São Paulo,3550308,True,,34490,,,-23.713494,-46.778659000000005,,,,2,2023-06-17T12:40:14+00:00
SAO_7001-10,São Paulo,3550308,True,,34490,,,-23.7243085,-46.754826,,,,2,2023-06-17T12:40:05+00:00
SAO_7001-10,São Paulo,3550308,True,,34490,,,-23.72555525,-46.7639835,,,,2,2023-06-17T12:40:39+00:00
SAO_2710-10,São Paulo,3550308,True,,924,,,-23.52445625,-46.4997455,,,,1,2023-06-17T12:40:20+00:00
SAO_2710-10,São Paulo,3550308,True,,924,,,-23.51817975,-46.488444,,,,1,2023-06-17T12:40:06+00:00
SAO_2772-10,São Paulo,3550308,True,,398,,,-23.5154145,-46.402866,,,,1,2023-06-17T12:40:09+00:00
SAO_2772-10,São Paulo,3550308,True,,398,,,-23.491958,-46.4474,,,,1,2023-06-17T12:40:20+00:00
SAO_2772-10,São Paulo,3550308,True,,398,,,-23.533080499999997,-46.543136,,,,1,2023-06-17T12:40:45+00:00
SAO_2772-10,São Paulo,3550308,True,,398,,,-23.50896625,-46.4956785,,,,1,2023-06-17T12:40:17+00:00
SAO_2772-10,São Paulo,3550308,True,,398,,,-23.509985999999998,-46.4111885,,,,1,2023-06-17T12:40:34+00:00
SAO_374M-10,São Paulo,3550308,True,,34733,,,-23.5131115,-46.50446625,,,,2,2023-06-17T12:40:20+00:00
SAO_374M-10,São Paulo,3550308,True,,34733,,,-23.48555,-46.48161125,,,,2,2023-06-17T12:40:07+00:00
SAO_574C-10,São Paulo,3550308,True,,34407,,,-23.611402,-46.473266,,,,2,2023-06-17T12:40:36+00:00
SAO_574C-10,São Paulo,3550308,True,,34407,,,-23.59616775,-46.523837,,,,2,2023-06-17T12:40:21+00:00
SAO_574C-10,São Paulo,3550308,True,,34407,,,-23.5974025,-46.562764,,,,2,2023-06-17T12:40:32+00:00
SAO_172J-10,São Paulo,3550308,True,,856,,,-23.4797715,-46.568705,,,,1,2023-06-17T12:40:33+00:00
SAO_172J-10,São Paulo,3550308,True,,856,,,-23.497451,-46.574927875,,,,1,2023-06-17T12:37:44+00:00
SAO_172J-10,São Paulo,3550308,True,,856,,,-23.5355895,-46.575487499999994,,,,1,2023-06-17T12:40:01+00:00
SAO_172J-10,São Paulo,3550308,True,,856,,,-23.53031625,-46.579373312499996,,,,1,2023-06-17T12:40:38+00:00
SAO_172J-10,São Paulo,3550308,True,,856,,,-23.4797715,-46.568705,,,,1,2023-06-17T12:40:39+00:00
SAO_172J-10,São Paulo,3550308,True,,856,,,-23.5144545,-46.582045,,,,1,2023-06-17T12:40:21+00:00
SAO_172J-10,São Paulo,3550308,True,,856,,,-23.482361,-46.570842999999996,,,,1,2023-06-17T12:40:19+00:00
SAO_2626-10,São Paulo,3550308,True,EMTU,376,https://moovitapp.com/index/pt-br/transporte_p%C3%BAblico-line-376-Sao_Paulo-242-2038937-114744732-0,5.1,-23.5456715,-46.630392,,,,1,2023-06-17T12:40:31+00:00
SAO_2626-10,São Paulo,3550308,True,EMTU,376,https://moovitapp.com/index/pt-br/transporte_p%C3%BAblico-line-376-Sao_Paulo-242-2038937-114744732-0,5.1,-23.5071445,-46.482114499999994,,,,1,2023-06-17T12:40:38+00:00
SAO_2626-10,São Paulo,3550308,True,EMTU,376,https://moovitapp.com/index/pt-br/transporte_p%C3%BAblico-line-376-Sao_Paulo-242-2038937-114744732-0,5.1,-23.495147000000003,-46.4347765,,,,1,2023-06-17T12:40:32+00:00
SAO_2626-10,São Paulo,3550308,True,EMTU,376,https://moovitapp.com/index/pt-br/transporte_p%C3%BAblico-line-376-Sao_Paulo-242-2038937-114744732-0,5.1,-23.516985249999998,-46.4022685,,,,1,2023-06-17T12:40:42+00:00
SAO_2626-10,São Paulo,3550308,True,EMTU,376,https://moovitapp.com/index/pt-br/transporte_p%C3%BAblico-line-376-Sao_Paulo-242-2038937-114744732-0,5.1,-23.54041625,-46.612528,,,,1,2023-06-17T12:40:13+00:00
SAO_175T-10,São Paulo,3550308,True,,33391,,,-23.62491625,-46.661489,,,,2,2023-06-17T12:40:21+00:00
SAO_175T-10,São Paulo,3550308,True,,33391,,,-23.503788375,-46.624660500000005,,,,2,2023-06-17T12:40:17+00:00
SAO_175T-10,São Paulo,3550308,True,,33391,,,-23.646867999999998,-46.6402595,,,,2,2023-06-17T12:40:42+00:00
SAO_175T-10,São Paulo,3550308,True,,33391,,,-23.504321875000002,-46.624678125,,,,2,2023-06-17T12:40:03+00:00
SAO_175T-10,São Paulo,3550308,True,,33391,,,-23.600113999999998,-46.6507795,,,,2,2023-06-17T12:40:19+00:00
SAO_175T-10,São Paulo,3550308,True,,33391,,,-23.504321875000002,-46.624678125,,,,2,2023-06-17T12:40:41+00:00
SAO_172R-10,São Paulo,3550308,True,,859,,,-23.497451,-46.574927875,,,,1,2023-06-17T12:40:20+00:00
SAO_172R-10,São Paulo,3550308,True,,859,,,-23.51295525,-46.58451375,,,,1,2023-06-17T12:40:22+00:00
SAO_172R-10,São Paulo,3550308,True,,859,,,-23.538102000000002,-46.59915425,,,,1,2023-06-17T12:40:04+00:00
SAO_172R-10,São Paulo,3550308,True,,859,,,-23.465965,-46.584261999999995,,,,1,2023-06-17T12:40:37+00:00
SAO_172R-10,São Paulo,3550308,True,,859,,,-23.480723,-46.571763000000004,,,,1,2023-06-17T12:38:59+00:00
SAO_273N-10,São Paulo,3550308,True,EMTU,390,https://moovitapp.com/index/pt-br/transporte_p%C3%BAblico-line-390-Sao_Paulo-242-2038937-36419459-0,5.45,-23.5077915,-46.4293335,,,,1,2023-06-17T12:40:17+00:00
SAO_273N-10,São Paulo,3550308,True,EMTU,390,https://moovitapp.com/index/pt-br/transporte_p%C3%BAblico-line-390-Sao_Paulo-242-2038937-36419459-0,5.45,-23.51654875,-46.46826725,,,,1,2023-06-17T12:40:00+00:00
SAO_273N-10,São Paulo,3550308,True,EMTU,390,https://moovitapp.com/index/pt-br/transporte_p%C3%BAblico-line-390-Sao_Paulo-242-2038937-36419459-0,5.45,-23.5018785,-46.383016999999995,,,,1,2023-06-17T12:29:49+00:00
SAO_3020-10,São Paulo,3550308,True,,33726,,,-23.5303865,-46.444354000000004,,,,2,2023-06-17T12:40:42+00:00
SAO_3020-10,São Paulo,3550308,True,,33726,,,-23.569904,-46.504557000000005,,,,2,2023-06-17T12:40:04+00:00
SAO_3020-10,São Paulo,3550308,True,,33726,,,-23.55268875,-46.431169499999996,,,,2,2023-06-17T12:40:41+00:00
SAO_1783-10,São Paulo,3550308,True,,33412,,,-23.398296000000002,-46.577902,,,,2,2023-06-17T12:39:06+00:00
SAO_1783-10,São Paulo,3550308,True,,33412,,,-23.398296000000002,-46.577902,,,,2,2023-06-17T12:40:32+00:00
SAO_1783-10,São Paulo,3550308,True,,33412,,,-23.467452875,-46.6037565,,,,2,2023-06-17T12:40:46+00:00
SAO_1783-10,São Paulo,3550308,True,,33412,,,-23.424508000000003,-46.590768499999996,,,,2,2023-06-17T12:40:37+00:00
SAO_6074-10,São Paulo,3550308,True,,1161,,,-23.7469995,-46.665893749999995,,,,1,2023-06-17T12:40:40+00:00
SAO_6074-10,São Paulo,3550308,True,,1161,,,-23.695743999999998,-46.699889,,,,1,2023-06-17T12:40:25+00:00
SAO_6074-10,São Paulo,3550308,True,,1161,,,-23.7403345,-46.691452999999996,,,,1,2023-06-17T12:40:00+00:00
SAO_6074-10,São Paulo,3550308,True,,1161,,,-23.677098,-46.701800500000004,,,,1,2023-06-17T12:40:09+00:00
SAO_3390-10,São Paulo,3550308,True,,738,,,-23.61259,-46.479862999999995,,,,1,2023-06-17T12:40:33+00:00
SAO_3390-10,São Paulo,3550308,True,,738,,,-23.577922,-46.57730275,,,,1,2023-06-17T12:40:38+00:00
SAO_3390-10,São Paulo,3550308,True,,738,,,-23.59712125,-46.52314425,,,,1,2023-06-17T12:40:40+00:00
SAO_3390-10,São Paulo,3550308,True,,738,,,-23.5473125,-46.62966,,,,1,2023-06-17T12:40:39+00:00
SAO_3099-10,São Paulo,3550308,True,,33847,,,-23.608599625000004,-46.4417005,,,,2,2023-06-17T12:40:47+00:00
SAO_3099-10,São Paulo,3550308,True,,33847,,,-23.593412875000002,-46.488488499999995,,,,2,2023-06-17T12:40:43+00:00
SAO_3099-10,São Paulo,3550308,True,,33847,,,-23.615163250000002,-46.470093999999996,,,,2,2023-06-17T12:40:06+00:00
SAO_3099-10,São Paulo,3550308,True,,33847,,,-23.613286000000002,-46.4441805,,,,2,2023-06-17T12:40:06+00:00
SAO_3099-10,São Paulo,3550308,True,,33847,,,-23.6128985,-46.472453,,,,2,2023-06-17T12:40:39+00:00
SAO_3099-10,São Paulo,3550308,True,,33847,,,-23.618809499999998,-46.4607245,,,,2,2023-06-17T12:40:20+00:00
SAO_3791-10,São Paulo,3550308,True,,33837,,,-23.556129499999997,-46.51376625,,,,2,2023-06-17T12:40:39+00:00
SAO_3791-10,São Paulo,3550308,True,,33837,,,-23.5641745,-46.505159,,,,2,2023-06-17T12:40:18+00:00
SAO_3791-10,São Paulo,3550308,True,,33837,,,-23.541743500000003,-46.492151,,,,2,2023-06-17T12:40:36+00:00
SAO_3539-10,São Paulo,3550308,True,,748,,,-23.5432705,-46.475095,,,,1,2023-06-17T12:40:03+00:00
SAO_3539-10,São Paulo,3550308,True,,748,,,-23.599567,-46.401396500000004,,,,1,2023-06-17T12:40:25+00:00
SAO_3539-10,São Paulo,3550308,True,,748,,,-23.58160375,-46.410514875000004,,,,1,2023-06-17T12:40:28+00:00
SAO_3539-10,São Paulo,3550308,True,,748,,,-23.595496625000003,-46.43816737499999,,,,1,2023-06-17T12:40:32+00:00
SAO_3539-10,São Paulo,3550308,True,,748,,,-23.58699975,-46.40925375,,,,1,2023-06-17T12:40:08+00:00
SAO_3539-10,São Paulo,3550308,True,,748,,,-23.535687875,-46.55250100000001,,,,1,2023-06-17T12:39:49+00:00
SAO_3539-10,São Paulo,3550308,True,,748,,,-23.571281499999998,-46.4501735,,,,1,2023-06-17T12:36:27+00:00
SAO_3539-10,São Paulo,3550308,True,,748,,,-23.5730545,-46.445757,,,,1,2023-06-17T12:40:41+00:00
SAO_4025-10,São Paulo,3550308,True,,33863,,,-23.60460875,-46.566876,,,,2,2023-06-17T12:40:08+00:00
SAO_4025-10,São Paulo,3550308,True,,33863,,,-23.58491075,-46.580710749999994,,,,2,2023-06-17T12:40:14+00:00
SAO_4025-10,São Paulo,3550308,True,,33863,,,-23.584275,-46.57673775,,,,2,2023-06-17T12:40:47+00:00
SAO_7005-51,São Paulo,3550308,True,,34767,,,-23.73646075,-46.776863250000005,,,,2,2023-06-17T12:40:48+00:00
SAO_7005-51,São Paulo,3550308,True,,34767,,,-23.73646075,-46.776863250000005,,,,2,2023-06-17T12:40:25+00:00
SAO_7005-51,São Paulo,3550308,True,,34767,,,-23.6766065,-46.7739425,,,,2,2023-06-17T12:40:18+00:00
SAO_7005-51,São Paulo,3550308,True,,34767,,,-23.660897,-46.7694405,,,,2,2023-06-17T12:40:41+00:00
SAO_5145-10,São Paulo,3550308,True,,34409,,,-23.583108,-46.585002,,,,2,2023-06-17T12:40:35+00:00
SAO_5145-10,São Paulo,3550308,True,,34409,,,-23.557059,-46.633474,,,,2,2023-06-17T12:40:08+00:00
SAO_5129-10,São Paulo,3550308,True,,34049,,,-23.6835835,-46.634378999999996,,,,2,2023-06-17T12:40:23+00:00
SAO_5129-10,São Paulo,3550308,True,,34049,,,-23.685003000000002,-46.692727000000005,,,,2,2023-06-17T12:40:33+00:00
SAO_5129-10,São Paulo,3550308,True,,34049,,,-23.68201175,-46.637052749999995,,,,2,2023-06-17T12:40:35+00:00
SAO_3766-10,São Paulo,3550308,True,,1055,,,-23.553675499999997,-46.427672,,,,1,2023-06-17T12:40:12+00:00
SAO_3766-10,São Paulo,3550308,True,,1055,,,-23.553675499999997,-46.427672,,,,1,2023-06-17T12:40:28+00:00
SAO_3766-10,São Paulo,3550308,True,,1055,,,-23.553675499999997,-46.427672,,,,1,2023-06-17T12:40:06+00:00
SAO_3002-10,São Paulo,3550308,True,,1808,,,-23.4969865,-46.4375625,,,,1,2023-06-17T12:39:21+00:00
SAO_3002-10,São Paulo,3550308,True,,1808,,,-23.5063295,-46.3884415,,,,1,2023-06-17T12:40:29+00:00
SAO_3002-10,São Paulo,3550308,True,,1808,,,-23.514332500000002,-46.3800935,,,,1,2023-06-17T12:40:29+00:00
SAO_3002-10,São Paulo,3550308,True,,1808,,,-23.510468,-46.378808,,,,1,2023-06-17T12:40:20+00:00
SAO_3002-10,São Paulo,3550308,True,,1808,,,-23.49796775,-46.43229475,,,,1,2023-06-17T12:40:14+00:00
SAO_3002-10,São Paulo,3550308,True,,1808,,,-23.510468,-46.378808,,,,1,2023-06-17T12:40:06+00:00
SAO_3002-10,São Paulo,3550308,True,,1808,,,-23.510468,-46.378808,,,,1,2023-06-17T12:40:11+00:00
SAO_6812-10,São Paulo,3550308,True,,34010,,,-23.727435,-46.7863665,,,,2,2023-06-17T12:40:00+00:00
SAO_6812-10,São Paulo,3550308,True,,34010,,,-23.6583245,-46.7026635,,,,2,2023-06-17T12:40:31+00:00
SAO_6812-10,São Paulo,3550308,True,,34010,,,-23.7301155,-46.79099,,,,2,2023-06-17T12:40:32+00:00
SAO_6812-10,São Paulo,3550308,True,,34010,,,-23.667118,-46.726369,,,,2,2023-06-17T12:40:26+00:00
SAO_6063-10,São Paulo,3550308,True,,33920,,,-23.783673,-46.6827105,,,,2,2023-06-17T12:40:42+00:00
SAO_6063-10,São Paulo,3550308,True,,33920,,,-23.7834155,-46.682601000000005,,,,2,2023-06-17T12:40:37+00:00
SAO_6063-10,São Paulo,3550308,True,,33920,,,-23.783673,-46.6827105,,,,2,2023-06-17T12:40:17+00:00
SAO_6063-10,São Paulo,3550308,True,,33920,,,-23.783673,-46.6827105,,,,2,2023-06-17T12:40:24+00:00
SAO_6063-10,São Paulo,3550308,True,,33920,,,-23.783673,-46.6827105,,,,2,2023-06-17T12:40:43+00:00
SAO_6063-10,São Paulo,3550308,True,,33920,,,-23.772605,-46.70924275,,,,2,2023-06-17T12:40:33+00:00
SAO_6063-10,São Paulo,3550308,True,,33920,,,-23.783673,-46.6827105,,,,2,2023-06-17T12:40:09+00:00
SAO_6063-10,São Paulo,3550308,True,,33920,,,-23.783673,-46.6827105,,,,2,2023-06-17T12:40:23+00:00
SAO_6063-10,São Paulo,3550308,True,,33920,,,-23.784658,-46.68967125,,,,2,2023-06-17T12:38:59+00:00
SAO_6063-10,São Paulo,3550308,True,,33920,,,-23.767859,-46.716285,,,,2,2023-06-17T12:40:21+00:00
SAO_3027-10,São Paulo,3550308,True,,963,,,-23.556477375,-46.447955,,,,1,2023-06-17T12:40:31+00:00
SAO_3027-10,São Paulo,3550308,True,,963,,,-23.5431935,-46.4152505,,,,1,2023-06-17T12:40:24+00:00
SAO_3027-10,São Paulo,3550308,True,,963,,,-23.5737855,-46.503556,,,,1,2023-06-17T12:40:43+00:00
SAO_3027-10,São Paulo,3550308,True,,963,,,-23.5431935,-46.4152505,,,,1,2023-06-17T12:40:25+00:00
SAO_3027-10,São Paulo,3550308,True,,963,,,-23.5431935,-46.4152505,,,,1,2023-06-17T12:40:07+00:00
SAO_3027-10,São Paulo,3550308,True,,963,,,-23.542885750000003,-46.42439475,,,,1,2023-06-17T12:40:19+00:00
SAO_148L-10,São Paulo,3550308,True,EMTU,531,https://moovitapp.com/index/pt-br/transporte_p%C3%BAblico-line-531-Sao_Paulo-242-2038937-36419543-0,4.4,-23.474026000000002,-46.6497855,,,,1,2023-06-17T12:40:04+00:00
SAO_148L-10,São Paulo,3550308,True,EMTU,531,https://moovitapp.com/index/pt-br/transporte_p%C3%BAblico-line-531-Sao_Paulo-242-2038937-36419543-0,4.4,-23.515252500000003,-46.695087,,,,1,2023-06-17T12:40:43+00:00
SAO_148L-10,São Paulo,3550308,True,EMTU,531,https://moovitapp.com/index/pt-br/transporte_p%C3%BAblico-line-531-Sao_Paulo-242-2038937-36419543-0,4.4,-23.492129499999997,-46.677136000000004,,,,1,2023-06-17T12:40:10+00:00
SAO_148L-10,São Paulo,3550308,True,EMTU,531,https://moovitapp.com/index/pt-br/transporte_p%C3%BAblico-line-531-Sao_Paulo-242-2038937-36419543-0,4.4,-23.463601,-46.655761999999996,,,,1,2023-06-17T12:40:39+00:00
SAO_148L-10,São Paulo,3550308,True,EMTU,531,https://moovitapp.com/index/pt-br/transporte_p%C3%BAblico-line-531-Sao_Paulo-242-2038937-36419543-0,4.4,-23.455079,-46.6561215,,,,1,2023-06-17T12:40:20+00:00
SAO_148L-10,São Paulo,3550308,True,EMTU,531,https://moovitapp.com/index/pt-br/transporte_p%C3%BAblico-line-531-Sao_Paulo-242-2038937-36419543-0,4.4,-23.5142335,-46.690912,,,,1,2023-06-17T12:40:12+00:00
SAO_253F-10,São Paulo,3550308,True,EMTU,158,https://moovitapp.com/index/pt-br/transporte_p%C3%BAblico-line-158-Sao_Paulo-242-2038937-36419303-0,7.45,-23.5185795,-46.475586,,,,1,2023-06-17T12:40:19+00:00
SAO_253F-10,São Paulo,3550308,True,EMTU,158,https://moovitapp.com/index/pt-br/transporte_p%C3%BAblico-line-158-Sao_Paulo-242-2038937-36419303-0,7.45,-23.567805,-46.4469865,,,,1,2023-06-17T12:40:34+00:00
SAO_2723-10,São Paulo,3550308,True,,937,,,-23.49655,-46.4563065,,,,1,2023-06-17T12:40:23+00:00
SAO_2723-10,São Paulo,3550308,True,,937,,,-23.487495,-46.463618999999994,,,,1,2023-06-17T12:40:11+00:00
SAO_2723-10,São Paulo,3550308,True,,937,,,-23.5230515,-46.443452,,,,1,2023-06-17T12:40:23+00:00
SAO_2723-10,São Paulo,3550308,True,,937,,,-23.49848,-46.456053,,,,1,2023-06-17T12:40:22+00:00
SAO_857R-10,São Paulo,3550308,True,,1892,,,-23.56376825,-46.67682175,,,,1,2023-06-17T12:40:05+00:00
SAO_857R-10,São Paulo,3550308,True,,1892,,,-23.565439499999997,-46.651795875000005,,,,1,2023-06-17T12:40:26+00:00
SAO_857R-10,São Paulo,3550308,True,,1892,,,-23.5743665,-46.6317525,,,,1,2023-06-17T12:40:42+00:00
SAO_857R-10,São Paulo,3550308,True,,1892,,,-23.613624,-46.755384500000005,,,,1,2023-06-17T12:40:18+00:00
SAO_857R-10,São Paulo,3550308,True,,1892,,,-23.5947775,-46.737686,,,,1,2023-06-17T12:40:22+00:00
SAO_5630-10,São Paulo,3550308,True,,78,,,-23.714732499999997,-46.69886625,,,,1,2023-06-17T12:40:20+00:00
SAO_5630-10,São Paulo,3550308,True,,78,,,-23.7374635,-46.697805,,,,1,2023-06-17T12:40:21+00:00
SAO_5630-10,São Paulo,3550308,True,,78,,,-23.550302000000002,-46.6316285,,,,1,2023-06-17T12:40:20+00:00
SAO_5630-10,São Paulo,3550308,True,,78,,,-23.6223755,-46.66169549999999,,,,1,2023-06-17T12:40:07+00:00
SAO_5630-10,São Paulo,3550308,True,,78,,,-23.66962075,-46.67789675,,,,1,2023-06-17T12:40:01+00:00
SAO_5630-10,São Paulo,3550308,True,,78,,,-23.6784805,-46.684785500000004,,,,1,2023-06-17T12:40:36+00:00
SAO_5630-10,São Paulo,3550308,True,,78,,,-23.546194,-46.622205,,,,1,2023-06-17T12:40:38+00:00
SAO_546T-10,São Paulo,3550308,True,,33040,,,-23.6541035,-46.710938999999996,,,,2,2023-06-17T12:40:15+00:00
SAO_546T-10,São Paulo,3550308,True,,33040,,,-23.69941825,-46.641720750000005,,,,2,2023-06-17T12:40:22+00:00
SAO_546T-10,São Paulo,3550308,True,,33040,,,-23.702413749999998,-46.627858375,,,,2,2023-06-17T12:40:03+00:00
SAO_546T-10,São Paulo,3550308,True,,33040,,,-23.695607,-46.667365000000004,,,,2,2023-06-17T12:40:11+00:00
SAO_546T-10,São Paulo,3550308,True,,33040,,,-23.666026000000002,-46.6904635,,,,2,2023-06-17T12:40:36+00:00
SAO_546T-10,São Paulo,3550308,True,,33040,,,-23.704148,-46.6268695,,,,2,2023-06-17T12:40:40+00:00
SAO_847P-10,São Paulo,3550308,True,,33191,,,-23.4976125,-46.706824999999995,,,,2,2023-06-17T12:40:20+00:00
SAO_847P-10,São Paulo,3550308,True,,33191,,,-23.58871225,-46.681818500000006,,,,2,2023-06-17T12:40:21+00:00
SAO_847P-10,São Paulo,3550308,True,,33191,,,-23.5581444375,-46.6886524375,,,,2,2023-06-17T12:40:18+00:00
SAO_847P-10,São Paulo,3550308,True,,33191,,,-23.53279875,-46.70630075,,,,2,2023-06-17T12:40:11+00:00
SAO_8043-10,São Paulo,3550308,True,,33175,,,-23.475222000000002,-46.7562305,,,,2,2023-06-17T12:40:09+00:00
SAO_8043-10,São Paulo,3550308,True,,33175,,,-23.474937,-46.756229000000005,,,,2,2023-06-17T12:40:40+00:00
SAO_9191-10,São Paulo,3550308,True,EMTU,810,https://moovitapp.com/index/pt-br/transporte_p%C3%BAblico-line-810-Sao_Paulo-242-2038937-36419585-0,5.4,-23.455891,-46.678366,,,,1,2023-06-17T12:40:11+00:00
SAO_9191-10,São Paulo,3550308,True,EMTU,810,https://moovitapp.com/index/pt-br/transporte_p%C3%BAblico-line-810-Sao_Paulo-242-2038937-36419585-0,5.4,-23.52901825,-46.63786725,,,,1,2023-06-17T12:40:42+00:00
SAO_9191-10,São Paulo,3550308,True,EMTU,810,https://moovitapp.com/index/pt-br/transporte_p%C3%BAblico-line-810-Sao_Paulo-242-2038937-36419585-0,5.4,-23.51922,-46.667441,,,,1,2023-06-17T12:40:34+00:00
SAO_9191-10,São Paulo,3550308,True,EMTU,810,https://moovitapp.com/index/pt-br/transporte_p%C3%BAblico-line-810-Sao_Paulo-242-2038937-36419585-0,5.4,-23.4597255,-46.673644499999995,,,,1,2023-06-17T12:40:40+00:00
SAO_9191-10,São Paulo,3550308,True,EMTU,810,https://moovitapp.com/index/pt-br/transporte_p%C3%BAblico-line-810-Sao_Paulo-242-2038937-36419585-0,5.4,-23.455891,-46.678366,,,,1,2023-06-17T12:40:45+00:00
SAO_9191-10,São Paulo,3550308,True,EMTU,810,https://moovitapp.com/index/pt-br/transporte_p%C3%BAblico-line-810-Sao_Paulo-242-2038937-36419585-0,5.4,-23.504505375,-46.681020125,,,,1,2023-06-17T12:40:19+00:00
SAO_9191-10,São Paulo,3550308,True,EMTU,810,https://moovitapp.com/index/pt-br/transporte_p%C3%BAblico-line-810-Sao_Paulo-242-2038937-36419585-0,5.4,-23.489389,-46.6754325,,,,1,2023-06-17T12:40:09+00:00
SAO_8677-10,São Paulo,3550308,True,,33211,,,-23.486508,-46.738198499999996,,,,2,2023-06-17T12:40:40+00:00
SAO_8677-10,São Paulo,3550308,True,,33211,,,-23.527727249999998,-46.671215,,,,2,2023-06-17T12:40:43+00:00
SAO_7049-10,São Paulo,3550308,True,,34680,,,-23.676005500000002,-46.7745545,,,,2,2023-06-17T12:40:01+00:00
SAO_7049-10,São Paulo,3550308,True,,34680,,,-23.658716499999997,-46.774888000000004,,,,2,2023-06-17T12:40:39+00:00
SAO_7049-10,São Paulo,3550308,True,,34680,,,-23.711143749999998,-46.778219750000005,,,,2,2023-06-17T12:40:44+00:00
SAO_7049-10,São Paulo,3550308,True,,34680,,,-23.703176499999998,-46.7836655,,,,2,2023-06-17T12:40:34+00:00
SAO_7049-10,São Paulo,3550308,True,,34680,,,-23.6365825,-46.7782305,,,,2,2023-06-17T12:40:18+00:00
SAO_7049-10,São Paulo,3550308,True,,34680,,,-23.7115665,-46.7780305,,,,2,2023-06-17T12:39:59+00:00
SAO_7049-10,São Paulo,3550308,True,,34680,,,-23.6315095,-46.772093,,,,2,2023-06-17T12:40:27+00:00
SAO_2711-10,São Paulo,3550308,True,,925,,,-23.509100375000003,-46.49071125,,,,1,2023-06-17T12:40:38+00:00
SAO_2711-10,São Paulo,3550308,True,,925,,,-23.529722,-46.500626,,,,1,2023-06-17T12:40:09+00:00
SAO_605A-10,São Paulo,3550308,True,,35290,,,-23.6467515,-46.6385455,,,,2,2023-06-17T12:40:47+00:00
SAO_605A-10,São Paulo,3550308,True,,35290,,,-23.6494365,-46.6320625,,,,2,2023-06-17T12:40:36+00:00
SAO_233C-10,São Paulo,3550308,True,,32923,,,-23.519024125,-46.475913874999996,,,,2,2023-06-17T12:40:32+00:00
SAO_233C-10,São Paulo,3550308,True,,32923,,,-23.54474275,-46.48669775,,,,2,2023-06-17T12:40:26+00:00
SAO_233C-10,São Paulo,3550308,True,,32923,,,-23.558332,-46.521465500000005,,,,2,2023-06-17T12:40:14+00:00
SAO_2732-10,São Paulo,3550308,True,,947,,,-23.534571,-46.457252499999996,,,,1,2023-06-17T12:39:46+00:00
SAO_2732-10,São Paulo,3550308,True,,947,,,-23.540282,-46.482984,,,,1,2023-06-17T12:40:24+00:00
SAO_2732-10,São Paulo,3550308,True,,947,,,-23.536247000000003,-46.47459,,,,1,2023-06-17T12:25:57+00:00
SAO_1036-10,São Paulo,3550308,True,,35221,,,-23.447865999999998,-46.708386,,,,2,2023-06-17T12:40:16+00:00
SAO_1036-10,São Paulo,3550308,True,,35221,,,-23.4468465,-46.7082475,,,,2,2023-06-17T12:40:25+00:00
SAO_1036-10,São Paulo,3550308,True,,35221,,,-23.4618385,-46.7146835,,,,2,2023-06-17T12:40:32+00:00
SAO_1036-10,São Paulo,3550308,True,,35221,,,-23.4803435,-46.713063,,,,2,2023-06-17T12:40:41+00:00
SAO_273X-10,São Paulo,3550308,True,EMTU,392,https://moovitapp.com/index/pt-br/transporte_p%C3%BAblico-line-392-Sao_Paulo-242-2038937-36419460-0,5.8,-23.50059525,-46.385371,,,,1,2023-06-17T12:40:38+00:00
SAO_273X-10,São Paulo,3550308,True,EMTU,392,https://moovitapp.com/index/pt-br/transporte_p%C3%BAblico-line-392-Sao_Paulo-242-2038937-36419460-0,5.8,-23.50760375,-46.47799125,,,,1,2023-06-17T12:40:31+00:00
SAO_273X-10,São Paulo,3550308,True,EMTU,392,https://moovitapp.com/index/pt-br/transporte_p%C3%BAblico-line-392-Sao_Paulo-242-2038937-36419460-0,5.8,-23.494838,-46.437851499999994,,,,1,2023-06-17T12:40:35+00:00
SAO_273X-10,São Paulo,3550308,True,EMTU,392,https://moovitapp.com/index/pt-br/transporte_p%C3%BAblico-line-392-Sao_Paulo-242-2038937-36419460-0,5.8,-23.518345875,-46.47615025,,,,1,2023-06-17T12:40:37+00:00
SAO_4312-10,São Paulo,3550308,True,,34940,,,-23.56300225,-46.497501,,,,2,2023-06-17T12:35:12+00:00
SAO_4312-10,São Paulo,3550308,True,,34940,,,-23.543487624999997,-46.587861749999995,,,,2,2023-06-17T12:39:52+00:00
SAO_4312-10,São Paulo,3550308,True,,34940,,,-23.535197500000002,-46.519856749999995,,,,2,2023-06-17T12:40:04+00:00
SAO_7016-10,São Paulo,3550308,True,,34886,,,-23.6880549375,-46.766412312499995,,,,2,2023-06-17T12:40:27+00:00
SAO_7016-10,São Paulo,3550308,True,,34886,,,-23.6886205,-46.77281625,,,,2,2023-06-17T12:40:29+00:00
SAO_7016-10,São Paulo,3550308,True,,34886,,,-23.6786495,-46.734374,,,,2,2023-06-17T12:40:37+00:00
SAO_6258-31,São Paulo,3550308,True,,1783,,,-23.6683575,-46.7355065,,,,1,2023-06-17T12:39:59+00:00
SAO_6258-31,São Paulo,3550308,True,,1783,,,-23.683159749999998,-46.756564999999995,,,,1,2023-06-17T12:40:07+00:00
SAO_5175-10,São Paulo,3550308,True,,593,,,-23.66594225,-46.6769645,,,,1,2023-06-17T12:40:34+00:00
SAO_5175-10,São Paulo,3550308,True,,593,,,-23.551397,-46.635384,,,,1,2023-06-17T12:40:10+00:00
SAO_5175-10,São Paulo,3550308,True,,593,,,-23.691687375,-46.6440985,,,,1,2023-06-17T12:40:36+00:00
SAO_5175-10,São Paulo,3550308,True,,593,,,-23.57191325,-46.65340125,,,,1,2023-06-17T12:40:23+00:00
SAO_5175-10,São Paulo,3550308,True,,593,,,-23.6292195,-46.666042000000004,,,,1,2023-06-17T12:40:10+00:00
SAO_5175-10,São Paulo,3550308,True,,593,,,-23.628353,-46.662602500000006,,,,1,2023-06-17T12:40:44+00:00
SAO_5175-10,São Paulo,3550308,True,,593,,,-23.68317525,-46.6438115,,,,1,2023-06-17T12:40:26+00:00
SAO_414P-10,São Paulo,3550308,True,,1105,,,-23.540388375,-46.57119725,,,,1,2023-06-17T12:40:27+00:00
SAO_414P-10,São Paulo,3550308,True,,1105,,,-23.610801000000002,-46.5299455,,,,1,2023-06-17T12:40:30+00:00
SAO_414P-10,São Paulo,3550308,True,,1105,,,-23.600336,-46.5281315,,,,1,2023-06-17T12:40:15+00:00
SAO_414P-10,São Paulo,3550308,True,,1105,,,-23.593708,-46.527784,,,,1,2023-06-17T12:40:37+00:00
SAO_414P-10,São Paulo,3550308,True,,1105,,,-23.610801000000002,-46.5299455,,,,1,2023-06-17T12:40:47+00:00
SAO_8700-10,São Paulo,3550308,True,,1877,,,-23.6285345,-46.7679945,,,,1,2023-06-17T12:40:13+00:00
SAO_8700-10,São Paulo,3550308,True,,1877,,,-23.55002025,-46.65390725,,,,1,2023-06-17T12:40:36+00:00
SAO_8700-10,São Paulo,3550308,True,,1877,,,-23.5851125,-46.7201225,,,,1,2023-06-17T12:40:44+00:00
SAO_8700-10,São Paulo,3550308,True,,1877,,,-23.6304685,-46.773606,,,,1,2023-06-17T12:40:16+00:00
SAO_8700-10,São Paulo,3550308,True,,1877,,,-23.608028,-46.751391999999996,,,,1,2023-06-17T12:40:26+00:00
SAO_8700-10,São Paulo,3550308,True,,1877,,,-23.6304685,-46.773606,,,,1,2023-06-17T12:40:43+00:00
SAO_8700-10,São Paulo,3550308,True,,1877,,,-23.5474995,-46.640241,,,,1,2023-06-17T12:40:14+00:00
SAO_6083-10,São Paulo,3550308,True,,1733,,,-23.7529775,-46.6886025,,,,1,2023-06-17T12:40:28+00:00
SAO_736G-10,São Paulo,3550308,True,,780,,,-23.640235,-46.748059999999995,,,,1,2023-06-17T12:40:38+00:00
SAO_736G-10,São Paulo,3550308,True,,780,,,-23.632856500000003,-46.747603999999995,,,,1,2023-06-17T12:40:27+00:00
SAO_736G-10,São Paulo,3550308,True,,780,,,-23.618506,-46.699464,,,,1,2023-06-17T12:40:06+00:00
SAO_736G-10,São Paulo,3550308,True,,780,,,-23.62853475,-46.71229375,,,,1,2023-06-17T12:40:38+00:00
SAO_6450-10,São Paulo,3550308,True,,59,,,-23.588065999999998,-46.671693000000005,,,,1,2023-06-17T12:40:43+00:00
SAO_6450-10,São Paulo,3550308,True,,59,,,-23.6205565,-46.6834085,,,,1,2023-06-17T12:40:30+00:00
SAO_6450-10,São Paulo,3550308,True,,59,,,-23.564640500000003,-46.6570085,,,,1,2023-06-17T12:40:08+00:00
SAO_6450-10,São Paulo,3550308,True,,59,,,-23.549107,-46.6391215,,,,1,2023-06-17T12:40:28+00:00
SAO_6450-10,São Paulo,3550308,True,,59,,,-23.640957375,-46.697789625000006,,,,1,2023-06-17T12:40:36+00:00
SAO_6450-10,São Paulo,3550308,True,,59,,,-23.653924500000002,-46.7627265,,,,1,2023-06-17T12:40:20+00:00
SAO_6450-10,São Paulo,3550308,True,,59,,,-23.644859875,-46.722269874999995,,,,1,2023-06-17T12:40:37+00:00
SAO_3098-10,São Paulo,3550308,True,,1078,,,-23.61582475,-46.4694205,,,,1,2023-06-17T12:40:11+00:00
SAO_3098-10,São Paulo,3550308,True,,1078,,,-23.5645445,-46.508259,,,,1,2023-06-17T12:40:22+00:00
SAO_3098-10,São Paulo,3550308,True,,1078,,,-23.6305405,-46.452419500000005,,,,1,2023-06-17T12:40:09+00:00
SAO_3098-10,São Paulo,3550308,True,,1078,,,-23.611883,-46.4744805,,,,1,2023-06-17T12:40:31+00:00
SAO_3098-10,São Paulo,3550308,True,,1078,,,-23.631779,-46.4530855,,,,1,2023-06-17T12:40:42+00:00
SAO_3098-10,São Paulo,3550308,True,,1078,,,-23.562535500000003,-46.509272499999994,,,,1,2023-06-17T12:40:32+00:00
SAO_3098-10,São Paulo,3550308,True,,1078,,,-23.5813125,-46.491349,,,,1,2023-06-17T12:40:15+00:00
SAO_4725-10,São Paulo,3550308,True,,33106,,,-23.6335525,-46.6141865,,,,2,2023-06-17T12:40:15+00:00
SAO_4725-10,São Paulo,3550308,True,,33106,,,-23.6243375,-46.619801249999995,,,,2,2023-06-17T12:40:22+00:00
SAO_3738-10,São Paulo,3550308,True,,1038,,,-23.5642765,-46.4132625,,,,1,2023-06-17T12:40:23+00:00
SAO_3738-10,São Paulo,3550308,True,,1038,,,-23.5630765,-46.394354,,,,1,2023-06-17T12:40:25+00:00
SAO_3738-10,São Paulo,3550308,True,,1038,,,-23.564736,-46.3972185,,,,1,2023-06-17T12:40:45+00:00
SAO_3738-10,São Paulo,3550308,True,,1038,,,-23.5630765,-46.394354,,,,1,2023-06-17T12:40:33+00:00
SAO_3738-10,São Paulo,3550308,True,,1038,,,-23.538317999999997,-46.4559175,,,,1,2023-06-17T12:40:46+00:00
SAO_7004-10,São Paulo,3550308,True,,1992,,,-23.655556,-46.722323,,,,1,2023-06-17T12:40:31+00:00
SAO_7004-10,São Paulo,3550308,True,,1992,,,-23.721891,-46.785158499999994,,,,1,2023-06-17T12:40:41+00:00
SAO_7004-10,São Paulo,3550308,True,,1992,,,-23.685327,-46.7421495,,,,1,2023-06-17T12:34:48+00:00
SAO_7004-10,São Paulo,3550308,True,,1992,,,-23.69108925,-46.77503725,,,,1,2023-06-17T12:40:44+00:00
SAO_7004-10,São Paulo,3550308,True,,1992,,,-23.745942499999998,-46.798471,,,,1,2023-06-17T12:40:46+00:00
SAO_7004-10,São Paulo,3550308,True,,1992,,,-23.741947500000002,-46.801043,,,,1,2023-06-17T12:40:37+00:00
SAO_7004-10,São Paulo,3550308,True,,1992,,,-23.68589575,-46.769015124999996,,,,1,2023-06-17T12:40:30+00:00
SAO_2703-10,São Paulo,3550308,True,Urubupungá,915,https://moovitapp.com/index/pt-br/transporte_p%C3%BAblico-line-915-Sao_Paulo-242-873835-75841134-0,4.6,-23.542814,-46.470709,,,,1,2023-06-17T12:40:19+00:00
SAO_2703-10,São Paulo,3550308,True,Urubupungá,915,https://moovitapp.com/index/pt-br/transporte_p%C3%BAblico-line-915-Sao_Paulo-242-873835-75841134-0,4.6,-23.52666825,-46.4180455,,,,1,2023-06-17T12:40:40+00:00
SAO_2703-10,São Paulo,3550308,True,Urubupungá,915,https://moovitapp.com/index/pt-br/transporte_p%C3%BAblico-line-915-Sao_Paulo-242-873835-75841134-0,4.6,-23.529542499999998,-46.420608,,,,1,2023-06-17T12:40:03+00:00
SAO_2703-10,São Paulo,3550308,True,Urubupungá,915,https://moovitapp.com/index/pt-br/transporte_p%C3%BAblico-line-915-Sao_Paulo-242-873835-75841134-0,4.6,-23.529542499999998,-46.420608,,,,1,2023-06-17T12:40:19+00:00
SAO_2703-10,São Paulo,3550308,True,Urubupungá,915,https://moovitapp.com/index/pt-br/transporte_p%C3%BAblico-line-915-Sao_Paulo-242-873835-75841134-0,4.6,-23.529436750000002,-46.447427125000004,,,,1,2023-06-17T12:40:26+00:00
SAO_2703-10,São Paulo,3550308,True,Urubupungá,915,https://moovitapp.com/index/pt-br/transporte_p%C3%BAblico-line-915-Sao_Paulo-242-873835-75841134-0,4.6,-23.52357025,-46.42440475,,,,1,2023-06-17T12:40:22+00:00
SAO_2703-10,São Paulo,3550308,True,Urubupungá,915,https://moovitapp.com/index/pt-br/transporte_p%C3%BAblico-line-915-Sao_Paulo-242-873835-75841134-0,4.6,-23.529542499999998,-46.420608,,,,1,2023-06-17T12:39:48+00:00
SAO_2703-10,São Paulo,3550308,True,Urubupungá,915,https://moovitapp.com/index/pt-br/transporte_p%C3%BAblico-line-915-Sao_Paulo-242-873835-75841134-0,4.6,-23.5229945,-46.4272675,,,,1,2023-06-17T12:40:03+00:00
SAO_2703-10,São Paulo,3550308,True,Urubupungá,915,https://moovitapp.com/index/pt-br/transporte_p%C3%BAblico-line-915-Sao_Paulo-242-873835-75841134-0,4.6,-23.529949000000002,-46.42002,,,,1,2023-06-17T12:40:29+00:00
SAO_2703-10,São Paulo,3550308,True,Urubupungá,915,https://moovitapp.com/index/pt-br/transporte_p%C3%BAblico-line-915-Sao_Paulo-242-873835-75841134-0,4.6,-23.529542499999998,-46.420608,,,,1,2023-06-17T12:40:06+00:00
SAO_4002-10,São Paulo,3550308,True,,34945,,,-23.551655500000003,-46.46268225,,,,2,2023-06-17T12:40:14+00:00
SAO_4002-10,São Paulo,3550308,True,,34945,,,-23.5838825,-46.493427499999996,,,,2,2023-06-17T12:40:34+00:00
SAO_4002-10,São Paulo,3550308,True,,34945,,,-23.541641750000004,-46.4576865,,,,2,2023-06-17T12:40:22+00:00
SAO_4053-10,São Paulo,3550308,True,,34914,,,-23.5592895,-46.399390999999994,,,,2,2023-06-17T12:40:24+00:00
SAO_4053-10,São Paulo,3550308,True,,34914,,,-23.5591695,-46.3996545,,,,2,2023-06-17T12:40:38+00:00
SAO_4053-10,São Paulo,3550308,True,,34914,,,-23.544998,-46.40981275,,,,2,2023-06-17T12:40:37+00:00
SAO_817C-10,São Paulo,3550308,True,,1337,,,-23.5407075,-46.6972425,,,,1,2023-06-17T12:40:40+00:00
SAO_817C-10,São Paulo,3550308,True,,1337,,,-23.5559545,-46.675117,,,,1,2023-06-17T12:40:41+00:00
SAO_817C-10,São Paulo,3550308,True,,1337,,,-23.5217005,-46.700518,,,,1,2023-06-17T12:40:33+00:00
SAO_2731-10,São Paulo,3550308,True,,33714,,,-23.5419105,-46.4705625,,,,2,2023-06-17T12:40:04+00:00
SAO_2731-10,São Paulo,3550308,True,,33714,,,-23.518088249999998,-46.439505,,,,2,2023-06-17T12:39:52+00:00
SAO_2731-10,São Paulo,3550308,True,,33714,,,-23.5343345,-46.4530655,,,,2,2023-06-17T12:40:43+00:00
SAO_2731-10,São Paulo,3550308,True,,33714,,,-23.5429995,-46.470884999999996,,,,2,2023-06-17T12:40:12+00:00
SAO_1709-10,São Paulo,3550308,True,,33619,,,-23.479985,-46.603936000000004,,,,2,2023-06-17T12:40:21+00:00
SAO_1709-10,São Paulo,3550308,True,,33619,,,-23.479985,-46.603936000000004,,,,2,2023-06-17T12:40:33+00:00
SAO_1709-10,São Paulo,3550308,True,,33619,,,-23.47511,-46.60249675,,,,2,2023-06-17T12:40:40+00:00
SAO_1709-10,São Paulo,3550308,True,,33619,,,-23.44072075,-46.581562000000005,,,,2,2023-06-17T12:38:49+00:00
SAO_1709-10,São Paulo,3550308,True,,33619,,,-23.438699999999997,-46.586625,,,,2,2023-06-17T12:40:35+00:00
SAO_372U-10,São Paulo,3550308,True,,1016,,,-23.565313,-46.5396375,,,,1,2023-06-17T12:40:33+00:00
SAO_372U-10,São Paulo,3550308,True,,1016,,,-23.5527575,-46.570302999999996,,,,1,2023-06-17T12:40:43+00:00
SAO_372U-10,São Paulo,3550308,True,,1016,,,-23.5564715,-46.537433,,,,1,2023-06-17T12:40:30+00:00
SAO_372U-10,São Paulo,3550308,True,,1016,,,-23.5564715,-46.537433,,,,1,2023-06-17T12:40:26+00:00
SAO_372U-10,São Paulo,3550308,True,,1016,,,-23.541065,-46.576965,,,,1,2023-06-17T12:40:17+00:00
SAO_372U-10,São Paulo,3550308,True,,1016,,,-23.545127,-46.575743,,,,1,2023-06-17T12:40:14+00:00
SAO_372U-10,São Paulo,3550308,True,,1016,,,-23.5621505,-46.5559265,,,,1,2023-06-17T12:40:06+00:00
SAO_273J-10,São Paulo,3550308,True,STT,389,https://moovitapp.com/index/pt-br/transporte_p%C3%BAblico-line-389-Sao_Paulo-242-850661-183299-0,5.3,-23.518185000000003,-46.469256,,,,1,2023-06-17T12:40:42+00:00
SAO_273J-10,São Paulo,3550308,True,STT,389,https://moovitapp.com/index/pt-br/transporte_p%C3%BAblico-line-389-Sao_Paulo-242-850661-183299-0,5.3,-23.5311855,-46.526105375,,,,1,2023-06-17T12:40:39+00:00
SAO_273J-10,São Paulo,3550308,True,STT,389,https://moovitapp.com/index/pt-br/transporte_p%C3%BAblico-line-389-Sao_Paulo-242-850661-183299-0,5.3,-23.493772749999998,-46.4044025,,,,1,2023-06-17T12:40:47+00:00
SAO_1896-10,São Paulo,3550308,True,,2520,,,-23.4444145,-46.7533035,,,,1,2023-06-17T12:40:30+00:00
SAO_1896-10,São Paulo,3550308,True,,2520,,,-23.470426500000002,-46.744712,,,,1,2023-06-17T12:40:29+00:00
SAO_1896-10,São Paulo,3550308,True,,2520,,,-23.50838225,-46.720749749999996,,,,1,2023-06-17T12:40:13+00:00
SAO_1896-10,São Paulo,3550308,True,,2520,,,-23.545817500000002,-46.64306474999999,,,,1,2023-06-17T12:40:28+00:00
SAO_4021-10,São Paulo,3550308,True,,35316,,,-23.56172575,-46.446333249999995,,,,2,2023-06-17T12:40:36+00:00
SAO_4021-10,São Paulo,3550308,True,,35316,,,-23.542792499999997,-46.470580999999996,,,,2,2023-06-17T12:40:23+00:00
SAO_4021-10,São Paulo,3550308,True,,35316,,,-23.542792499999997,-46.470580999999996,,,,2,2023-06-17T12:40:47+00:00
SAO_4021-10,São Paulo,3550308,True,,35316,,,-23.542726000000002,-46.470186999999996,,,,2,2023-06-17T12:40:20+00:00
SAO_4021-10,São Paulo,3550308,True,,35316,,,-23.542741499999998,-46.470274,,,,2,2023-06-17T12:40:17+00:00
SAO_4021-10,São Paulo,3550308,True,,35316,,,-23.542792499999997,-46.470580999999996,,,,2,2023-06-17T12:40:15+00:00
SAO_4021-10,São Paulo,3550308,True,,35316,,,-23.542792499999997,-46.470580999999996,,,,2,2023-06-17T12:40:29+00:00
SAO_3763-10,São Paulo,3550308,True,,1054,,,-23.56305875,-46.549729,,,,1,2023-06-17T12:40:20+00:00
SAO_3763-10,São Paulo,3550308,True,,1054,,,-23.5409625,-46.5764615,,,,1,2023-06-17T12:40:47+00:00
SAO_3763-10,São Paulo,3550308,True,,1054,,,-23.5540175,-46.553961,,,,1,2023-06-17T12:40:12+00:00
SAO_3763-10,São Paulo,3550308,True,,1054,,,-23.5409625,-46.5764615,,,,1,2023-06-17T12:40:09+00:00
SAO_3763-10,São Paulo,3550308,True,,1054,,,-23.557735,-46.5230065,,,,1,2023-06-17T12:40:33+00:00
SAO_3763-10,São Paulo,3550308,True,,1054,,,-23.567309,-46.5407875,,,,1,2023-06-17T12:40:38+00:00
SAO_3763-10,São Paulo,3550308,True,,1054,,,-23.548009,-46.567463000000004,,,,1,2023-06-17T12:40:04+00:00
SAO_7022-10,São Paulo,3550308,True,,34852,,,-23.654007,-46.710475,,,,2,2023-06-17T12:40:44+00:00
SAO_7022-10,São Paulo,3550308,True,,34852,,,-23.685029999999998,-46.7754175,,,,2,2023-06-17T12:40:38+00:00
SAO_7022-10,São Paulo,3550308,True,,34852,,,-23.67409025,-46.746935500000006,,,,2,2023-06-17T12:40:31+00:00
SAO_637G-10,São Paulo,3550308,True,,32869,,,-23.565585,-46.693946499999996,,,,2,2023-06-17T12:40:11+00:00
SAO_637G-10,São Paulo,3550308,True,,32869,,,-23.5726825,-46.6898945,,,,2,2023-06-17T12:40:36+00:00
SAO_675I-10,São Paulo,3550308,True,BR7 Mobilidade,68,https://moovitapp.com/index/pt-br/transporte_p%C3%BAblico-line-68-Sao_Paulo-242-851856-560661-0,5.75,-23.628905500000002,-46.665217,,,,1,2023-06-17T12:40:10+00:00
SAO_675I-10,São Paulo,3550308,True,BR7 Mobilidade,68,https://moovitapp.com/index/pt-br/transporte_p%C3%BAblico-line-68-Sao_Paulo-242-851856-560661-0,5.75,-23.626101249999998,-46.64086575,,,,1,2023-06-17T12:40:00+00:00
SAO_675I-10,São Paulo,3550308,True,BR7 Mobilidade,68,https://moovitapp.com/index/pt-br/transporte_p%C3%BAblico-line-68-Sao_Paulo-242-851856-560661-0,5.75,-23.640705124999997,-46.697613875,,,,1,2023-06-17T12:40:34+00:00
SAO_971X-10,São Paulo,3550308,True,,34463,,,-23.50308,-46.6253845,,,,2,2023-06-17T12:40:29+00:00
SAO_971X-10,São Paulo,3550308,True,,34463,,,-23.4752765,-46.6688805,,,,2,2023-06-17T12:40:41+00:00
SAO_971X-10,São Paulo,3550308,True,,34463,,,-23.474342,-46.667032000000006,,,,2,2023-06-17T12:40:39+00:00
SAO_971X-10,São Paulo,3550308,True,,34463,,,-23.50027325,-46.635701499999996,,,,2,2023-06-17T12:40:45+00:00
SAO_971X-10,São Paulo,3550308,True,,34463,,,-23.4752765,-46.6688805,,,,2,2023-06-17T12:40:26+00:00
SAO_746H-10,São Paulo,3550308,True,STT,785,https://moovitapp.com/index/pt-br/transporte_p%C3%BAblico-line-785-Sao_Paulo-242-850661-183353-0,5.3,-23.623018000000002,-46.7338395,,,,1,2023-06-17T12:40:13+00:00
SAO_746H-10,São Paulo,3550308,True,STT,785,https://moovitapp.com/index/pt-br/transporte_p%C3%BAblico-line-785-Sao_Paulo-242-850661-183353-0,5.3,-23.6491045,-46.7063595,,,,1,2023-06-17T12:40:40+00:00
SAO_746H-10,São Paulo,3550308,True,STT,785,https://moovitapp.com/index/pt-br/transporte_p%C3%BAblico-line-785-Sao_Paulo-242-850661-183353-0,5.3,-23.5936725,-46.753572500000004,,,,1,2023-06-17T12:40:30+00:00
SAO_746H-10,São Paulo,3550308,True,STT,785,https://moovitapp.com/index/pt-br/transporte_p%C3%BAblico-line-785-Sao_Paulo-242-850661-183353-0,5.3,-23.597863,-46.753919499999995,,,,1,2023-06-17T12:40:20+00:00
SAO_746H-10,São Paulo,3550308,True,STT,785,https://moovitapp.com/index/pt-br/transporte_p%C3%BAblico-line-785-Sao_Paulo-242-850661-183353-0,5.3,-23.6493255,-46.7064985,,,,1,2023-06-17T12:40:02+00:00
SAO_746H-10,São Paulo,3550308,True,STT,785,https://moovitapp.com/index/pt-br/transporte_p%C3%BAblico-line-785-Sao_Paulo-242-850661-183353-0,5.3,-23.639087375,-46.72214575,,,,1,2023-06-17T12:40:34+00:00
SAO_746H-10,São Paulo,3550308,True,STT,785,https://moovitapp.com/index/pt-br/transporte_p%C3%BAblico-line-785-Sao_Paulo-242-850661-183353-0,5.3,-23.5936725,-46.753572500000004,,,,1,2023-06-17T12:40:41+00:00
SAO_746H-10,São Paulo,3550308,True,STT,785,https://moovitapp.com/index/pt-br/transporte_p%C3%BAblico-line-785-Sao_Paulo-242-850661-183353-0,5.3,-23.5858995,-46.724471,,,,1,2023-06-17T12:40:41+00:00
SAO_746H-10,São Paulo,3550308,True,STT,785,https://moovitapp.com/index/pt-br/transporte_p%C3%BAblico-line-785-Sao_Paulo-242-850661-183353-0,5.3,-23.607081,-46.725389500000006,,,,1,2023-06-17T12:40:12+00:00
SAO_7002-10,São Paulo,3550308,True,,33540,,,-23.590518,-46.76971475,,,,2,2023-06-17T12:40:16+00:00
SAO_7002-10,São Paulo,3550308,True,,33540,,,-23.5642875,-46.69273200000001,,,,2,2023-06-17T12:40:32+00:00
SAO_7002-10,São Paulo,3550308,True,,33540,,,-23.595171,-46.768223,,,,2,2023-06-17T12:40:20+00:00
SAO_7002-10,São Paulo,3550308,True,,33540,,,-23.569851,-46.7002275,,,,2,2023-06-17T12:39:40+00:00
SAO_7002-10,São Paulo,3550308,True,,33540,,,-23.5725155,-46.7095475,,,,2,2023-06-17T12:40:13+00:00
SAO_7002-10,São Paulo,3550308,True,,33540,,,-23.59162275,-46.76552074999999,,,,2,2023-06-17T12:40:07+00:00
SAO_2720-10,São Paulo,3550308,True,,933,,,-23.507426875,-46.489616625,,,,1,2023-06-17T12:40:22+00:00
SAO_2720-10,São Paulo,3550308,True,,933,,,-23.489989,-46.476839,,,,1,2023-06-17T12:40:28+00:00
SAO_2720-10,São Paulo,3550308,True,,933,,,-23.493471,-46.470558,,,,1,2023-06-17T12:40:17+00:00
SAO_2720-10,São Paulo,3550308,True,,933,,,-23.52835225,-46.5179975,,,,1,2023-06-17T12:40:12+00:00
SAO_2720-10,São Paulo,3550308,True,,933,,,-23.504572000000003,-46.4816525625,,,,1,2023-06-17T12:40:35+00:00
SAO_6021-10,São Paulo,3550308,True,EMTU,177,https://moovitapp.com/index/pt-br/transporte_p%C3%BAblico-line-177-Sao_Paulo-242-2038937-36419313-0,5.2,-23.7668205,-46.716344500000005,,,,1,2023-06-17T12:40:12+00:00
SAO_6021-10,São Paulo,3550308,True,EMTU,177,https://moovitapp.com/index/pt-br/transporte_p%C3%BAblico-line-177-Sao_Paulo-242-2038937-36419313-0,5.2,-23.7668205,-46.716344500000005,,,,1,2023-06-17T12:40:35+00:00
SAO_6021-10,São Paulo,3550308,True,EMTU,177,https://moovitapp.com/index/pt-br/transporte_p%C3%BAblico-line-177-Sao_Paulo-242-2038937-36419313-0,5.2,-23.772029,-46.719725999999994,,,,1,2023-06-17T12:40:20+00:00
SAO_6021-10,São Paulo,3550308,True,EMTU,177,https://moovitapp.com/index/pt-br/transporte_p%C3%BAblico-line-177-Sao_Paulo-242-2038937-36419313-0,5.2,-23.7668205,-46.716344500000005,,,,1,2023-06-17T12:40:08+00:00
SAO_847J-10,São Paulo,3550308,True,,34110,,,-23.555694,-46.74268,,,,2,2023-06-17T12:40:25+00:00
SAO_847J-10,São Paulo,3550308,True,,34110,,,-23.524589499999998,-46.71670949999999,,,,2,2023-06-17T12:40:05+00:00
SAO_695X-10,São Paulo,3550308,True,,1441,,,-23.6546245,-46.6798005,,,,1,2023-06-17T12:40:32+00:00
SAO_695X-10,São Paulo,3550308,True,,1441,,,-23.645349500000002,-46.6411715,,,,1,2023-06-17T12:40:36+00:00
SAO_695X-10,São Paulo,3550308,True,,1441,,,-23.6725995,-46.6775145,,,,1,2023-06-17T12:40:26+00:00
SAO_695X-10,São Paulo,3550308,True,,1441,,,-23.6457805,-46.647411500000004,,,,1,2023-06-17T12:40:04+00:00
SAO_695X-10,São Paulo,3550308,True,,1441,,,-23.767062,-46.7161295,,,,1,2023-06-17T12:40:28+00:00
SAO_695X-10,São Paulo,3550308,True,,1441,,,-23.7528845,-46.7110085,,,,1,2023-06-17T12:40:39+00:00
SAO_695X-10,São Paulo,3550308,True,,1441,,,-23.650729625,-46.663131375000006,,,,1,2023-06-17T12:40:20+00:00
SAO_695X-10,São Paulo,3550308,True,,1441,,,-23.735196000000002,-46.699056,,,,1,2023-06-17T12:40:40+00:00
SAO_695X-10,São Paulo,3550308,True,,1441,,,-23.684891999999998,-46.692323,,,,1,2023-06-17T12:40:04+00:00
SAO_695X-10,São Paulo,3550308,True,,1441,,,-23.702216375,-46.701288375,,,,1,2023-06-17T12:40:25+00:00
SAO_695X-10,São Paulo,3550308,True,,1441,,,-23.645887,-46.6737435,,,,1,2023-06-17T12:40:27+00:00
SAO_6041-10,São Paulo,3550308,True,,1218,,,-23.645789999999998,-46.7465015,,,,1,2023-06-17T12:40:34+00:00
SAO_6041-10,São Paulo,3550308,True,,1218,,,-23.650333250000003,-46.70932225,,,,1,2023-06-17T12:40:40+00:00
SAO_6041-10,São Paulo,3550308,True,,1218,,,-23.687643375,-46.780798875,,,,1,2023-06-17T12:40:26+00:00
SAO_6041-10,São Paulo,3550308,True,,1218,,,-23.6616725,-46.768751,,,,1,2023-06-17T12:40:37+00:00
SAO_6041-10,São Paulo,3550308,True,,1218,,,-23.690493500000002,-46.780443,,,,1,2023-06-17T12:40:08+00:00
SAO_2721-10,São Paulo,3550308,True,,934,,,-23.532913,-46.4537955,,,,1,2023-06-17T12:40:13+00:00
SAO_2721-10,São Paulo,3550308,True,,934,,,-23.5095755,-46.405219,,,,1,2023-06-17T12:40:25+00:00
SAO_2721-10,São Paulo,3550308,True,,934,,,-23.495147000000003,-46.4347765,,,,1,2023-06-17T12:40:47+00:00
SAO_2721-10,São Paulo,3550308,True,,934,,,-23.521648499999998,-46.4436415,,,,1,2023-06-17T12:40:38+00:00
SAO_736I-10,São Paulo,3550308,True,STT,781,https://moovitapp.com/index/pt-br/transporte_p%C3%BAblico-line-781-Sao_Paulo-242-850661-183349-0,5.3,-23.632875,-46.7479035,,,,1,2023-06-17T12:40:39+00:00
SAO_736I-10,São Paulo,3550308,True,STT,781,https://moovitapp.com/index/pt-br/transporte_p%C3%BAblico-line-781-Sao_Paulo-242-850661-183349-0,5.3,-23.632875,-46.7479035,,,,1,2023-06-17T12:40:17+00:00
SAO_736I-10,São Paulo,3550308,True,STT,781,https://moovitapp.com/index/pt-br/transporte_p%C3%BAblico-line-781-Sao_Paulo-242-850661-183349-0,5.3,-23.632283,-46.748629,,,,1,2023-06-17T12:40:19+00:00
SAO_736I-10,São Paulo,3550308,True,STT,781,https://moovitapp.com/index/pt-br/transporte_p%C3%BAblico-line-781-Sao_Paulo-242-850661-183349-0,5.3,-23.642044249999998,-46.712233499999996,,,,1,2023-06-17T12:40:41+00:00
SAO_736I-10,São Paulo,3550308,True,STT,781,https://moovitapp.com/index/pt-br/transporte_p%C3%BAblico-line-781-Sao_Paulo-242-850661-183349-0,5.3,-23.64951875,-46.70788325,,,,1,2023-06-17T12:40:02+00:00
SAO_736I-10,São Paulo,3550308,True,STT,781,https://moovitapp.com/index/pt-br/transporte_p%C3%BAblico-line-781-Sao_Paulo-242-850661-183349-0,5.3,-23.640328,-46.74752075,,,,1,2023-06-17T12:40:02+00:00
SAO_736I-10,São Paulo,3550308,True,STT,781,https://moovitapp.com/index/pt-br/transporte_p%C3%BAblico-line-781-Sao_Paulo-242-850661-183349-0,5.3,-23.64927025,-46.70794375,,,,1,2023-06-17T12:40:37+00:00
SAO_3738-10,São Paulo,3550308,True,,33806,,,-23.5422585,-46.470022,,,,2,2023-06-17T12:40:08+00:00
SAO_3738-10,São Paulo,3550308,True,,33806,,,-23.564238250000002,-46.411227499999995,,,,2,2023-06-17T12:40:17+00:00
SAO_3738-10,São Paulo,3550308,True,,33806,,,-23.552236375,-46.442861750000006,,,,2,2023-06-17T12:40:20+00:00
SAO_3738-10,São Paulo,3550308,True,,33806,,,-23.5629515,-46.3946025,,,,2,2023-06-17T12:40:28+00:00
SAO_5652-22,São Paulo,3550308,True,,35284,,,-23.61136975,-46.6561365,,,,2,2023-06-17T12:40:04+00:00
SAO_5652-22,São Paulo,3550308,True,,35284,,,-23.695022249999997,-46.699627875,,,,2,2023-06-17T12:40:26+00:00
SAO_5652-22,São Paulo,3550308,True,,35284,,,-23.7058085,-46.6886045,,,,2,2023-06-17T12:40:41+00:00
SAO_5652-22,São Paulo,3550308,True,,35284,,,-23.5809745,-46.6566785,,,,2,2023-06-17T12:40:09+00:00
SAO_677A-10,São Paulo,3550308,True,,34007,,,-23.612644250000002,-46.6956455,,,,2,2023-06-17T12:40:37+00:00
SAO_677A-10,São Paulo,3550308,True,,34007,,,-23.679211249999998,-46.763927249999995,,,,2,2023-06-17T12:40:40+00:00
SAO_677A-10,São Paulo,3550308,True,,34007,,,-23.689751,-46.773829500000005,,,,2,2023-06-17T12:40:16+00:00
SAO_677A-10,São Paulo,3550308,True,,34007,,,-23.667658,-46.737162,,,,2,2023-06-17T12:40:23+00:00
SAO_677A-10,São Paulo,3550308,True,,34007,,,-23.677212500000003,-46.760749000000004,,,,2,2023-06-17T12:40:15+00:00
SAO_677A-10,São Paulo,3550308,True,,34007,,,-23.620351499999998,-46.70286850000001,,,,2,2023-06-17T12:40:28+00:00
SAO_3032-10,São Paulo,3550308,True,,33488,,,-23.569523,-46.48683175,,,,2,2023-06-17T12:40:30+00:00
SAO_3032-10,São Paulo,3550308,True,,33488,,,-23.568826375,-46.509066250000004,,,,2,2023-06-17T12:40:30+00:00
SAO_3032-10,São Paulo,3550308,True,,33488,,,-23.5580635,-46.522337500000006,,,,2,2023-06-17T12:40:35+00:00
SAO_908T-10,São Paulo,3550308,True,,34884,,,-23.566438124999998,-46.668901500000004,,,,2,2023-06-17T12:40:28+00:00
SAO_908T-10,São Paulo,3550308,True,,34884,,,-23.566099,-46.710501,,,,2,2023-06-17T12:40:46+00:00
SAO_908T-10,São Paulo,3550308,True,,34884,,,-23.546217,-46.6305745,,,,2,2023-06-17T12:40:10+00:00
SAO_139A-10,São Paulo,3550308,True,,35219,,,-23.486026000000003,-46.710671500000004,,,,2,2023-06-17T12:40:10+00:00
SAO_139A-10,São Paulo,3550308,True,,35219,,,-23.518473,-46.7013995,,,,2,2023-06-17T12:40:39+00:00
SAO_2127-10,São Paulo,3550308,True,,693,,,-23.558266125,-46.633342875,,,,1,2023-06-17T12:40:10+00:00
SAO_2127-10,São Paulo,3550308,True,,693,,,-23.5160006875,-46.606415250000005,,,,1,2023-06-17T12:40:46+00:00
SAO_2127-10,São Paulo,3550308,True,,693,,,-23.491689,-46.5744715,,,,1,2023-06-17T12:40:34+00:00
SAO_2127-10,São Paulo,3550308,True,,693,,,-23.5557715,-46.6360265,,,,1,2023-06-17T12:40:26+00:00
SAO_477P-10,São Paulo,3550308,True,EMTU,348,https://moovitapp.com/index/pt-br/transporte_p%C3%BAblico-line-348-Sao_Paulo-242-2038937-36419431-0,5.1,-23.6120705,-46.608466,,,,1,2023-06-17T12:40:16+00:00
SAO_477P-10,São Paulo,3550308,True,EMTU,348,https://moovitapp.com/index/pt-br/transporte_p%C3%BAblico-line-348-Sao_Paulo-242-2038937-36419431-0,5.1,-23.577174749999998,-46.765108875,,,,1,2023-06-17T12:40:17+00:00
SAO_477P-10,São Paulo,3550308,True,EMTU,348,https://moovitapp.com/index/pt-br/transporte_p%C3%BAblico-line-348-Sao_Paulo-242-2038937-36419431-0,5.1,-23.613532499999998,-46.650249,,,,1,2023-06-17T12:40:06+00:00
SAO_477P-10,São Paulo,3550308,True,EMTU,348,https://moovitapp.com/index/pt-br/transporte_p%C3%BAblico-line-348-Sao_Paulo-242-2038937-36419431-0,5.1,-23.600661875,-46.679072500000004,,,,1,2023-06-17T12:40:31+00:00
SAO_3739-10,São Paulo,3550308,True,,33807,,,-23.559689,-46.4460775,,,,2,2023-06-17T12:40:42+00:00
SAO_3739-10,São Paulo,3550308,True,,33807,,,-23.6121585,-46.416186499999995,,,,2,2023-06-17T12:40:25+00:00
SAO_3739-10,São Paulo,3550308,True,,33807,,,-23.5430055,-46.47176,,,,2,2023-06-17T12:40:03+00:00
SAO_3739-10,São Paulo,3550308,True,,33807,,,-23.6151505,-46.4143565,,,,2,2023-06-17T12:40:14+00:00
SAO_3739-10,São Paulo,3550308,True,,33807,,,-23.595993749999998,-46.43696775000001,,,,2,2023-06-17T12:40:41+00:00
SAO_8016-10,São Paulo,3550308,True,,34114,,,-23.4435615,-46.735414500000005,,,,2,2023-06-17T12:40:11+00:00
SAO_8016-10,São Paulo,3550308,True,,34114,,,-23.481229,-46.723877,,,,2,2023-06-17T12:40:43+00:00
SAO_8016-10,São Paulo,3550308,True,,34114,,,-23.434392250000002,-46.7191545,,,,2,2023-06-17T12:40:39+00:00
SAO_8016-10,São Paulo,3550308,True,,34114,,,-23.485832000000002,-46.7260735,,,,2,2023-06-17T12:40:10+00:00
SAO_5123-10,São Paulo,3550308,True,,33893,,,-23.662001,-46.637716499999996,,,,2,2023-06-17T12:40:35+00:00
SAO_5123-10,São Paulo,3550308,True,,33893,,,-23.596185,-46.642500999999996,,,,2,2023-06-17T12:40:33+00:00
SAO_5123-10,São Paulo,3550308,True,,33893,,,-23.678922999999998,-46.630571,,,,2,2023-06-17T12:40:29+00:00
SAO_5123-10,São Paulo,3550308,True,,33893,,,-23.597188,-46.64177725,,,,2,2023-06-17T12:40:20+00:00
SAO_5123-10,São Paulo,3550308,True,,33893,,,-23.626914999999997,-46.64143850000001,,,,2,2023-06-17T12:40:29+00:00
SAO_637V-10,São Paulo,3550308,True,,32872,,,-23.68741675,-46.702746250000004,,,,2,2023-06-17T12:40:36+00:00
SAO_637V-10,São Paulo,3550308,True,,32872,,,-23.7378305,-46.685841499999995,,,,2,2023-06-17T12:40:36+00:00
SAO_3787-10,São Paulo,3550308,True,,1612,,,-23.5629695,-46.44609975,,,,1,2023-06-17T12:40:17+00:00
SAO_3787-10,São Paulo,3550308,True,,1612,,,-23.562426875,-46.446031,,,,1,2023-06-17T12:40:18+00:00
SAO_3787-10,São Paulo,3550308,True,,1612,,,-23.602453,-46.3982015,,,,1,2023-06-17T12:40:26+00:00
SAO_3787-10,São Paulo,3550308,True,,1612,,,-23.596452,-46.4048305,,,,1,2023-06-17T12:40:15+00:00
SAO_3787-10,São Paulo,3550308,True,,1612,,,-23.5424675,-46.470273500000005,,,,1,2023-06-17T12:40:05+00:00
SAO_3787-10,São Paulo,3550308,True,,1612,,,-23.562721,-46.446076500000004,,,,1,2023-06-17T12:40:41+00:00
SAO_3787-10,São Paulo,3550308,True,,1612,,,-23.591668,-46.417263,,,,1,2023-06-17T12:40:11+00:00
SAO_3787-10,São Paulo,3550308,True,,1612,,,-23.5605615,-46.445660000000004,,,,1,2023-06-17T12:40:21+00:00
SAO_107T-10,São Paulo,3550308,True,,621,,,-23.4865455,-46.618033249999996,,,,1,2023-06-17T12:40:05+00:00
SAO_107T-10,São Paulo,3550308,True,,621,,,-23.53562425,-46.63390525,,,,1,2023-06-17T12:40:10+00:00
SAO_107T-10,São Paulo,3550308,True,,621,,,-23.566104,-46.702168,,,,1,2023-06-17T12:40:31+00:00
SAO_107T-10,São Paulo,3550308,True,,621,,,-23.559138,-46.661291125,,,,1,2023-06-17T12:40:16+00:00
SAO_8050-31,São Paulo,3550308,True,EMTU,415,https://moovitapp.com/index/pt-br/transporte_p%C3%BAblico-line-415-Sao_Paulo-242-2038937-36419472-0,5.0,-23.519488,-46.70259,,,,1,2023-06-17T12:40:36+00:00
SAO_8050-31,São Paulo,3550308,True,EMTU,415,https://moovitapp.com/index/pt-br/transporte_p%C3%BAblico-line-415-Sao_Paulo-242-2038937-36419472-0,5.0,-23.440959749999998,-46.786393,,,,1,2023-06-17T12:40:12+00:00
SAO_5035-10,São Paulo,3550308,True,,34436,,,-23.633919,-46.5873735,,,,2,2023-06-17T12:40:04+00:00
SAO_5035-10,São Paulo,3550308,True,,34436,,,-23.637237,-46.5923005,,,,2,2023-06-17T12:40:37+00:00
SAO_5035-10,São Paulo,3550308,True,,34436,,,-23.602815,-46.602648,,,,2,2023-06-17T12:40:14+00:00
SAO_5028-10,São Paulo,3550308,True,,1634,,,-23.592375000000004,-46.610278,,,,1,2023-06-17T12:40:11+00:00
SAO_5028-10,São Paulo,3550308,True,,1634,,,-23.6044795,-46.58857,,,,1,2023-06-17T12:40:44+00:00
SAO_6071-10,São Paulo,3550308,True,,1156,,,-23.7221975,-46.688697250000004,,,,1,2023-06-17T12:40:06+00:00
SAO_6071-10,São Paulo,3550308,True,,1156,,,-23.6749965,-46.6981785,,,,1,2023-06-17T12:40:44+00:00
SAO_573T-10,São Paulo,3550308,True,,1632,,,-23.596052,-46.4900365,,,,1,2023-06-17T12:40:36+00:00
SAO_573T-10,São Paulo,3550308,True,,1632,,,-23.542064,-46.56548025,,,,1,2023-06-17T12:40:16+00:00
SAO_573T-10,São Paulo,3550308,True,,1632,,,-23.6028995,-46.4883765,,,,1,2023-06-17T12:40:19+00:00
SAO_573T-10,São Paulo,3550308,True,,1632,,,-23.614199499999998,-46.5007885,,,,1,2023-06-17T12:40:37+00:00
SAO_573T-10,São Paulo,3550308,True,,1632,,,-23.558417,-46.521811,,,,1,2023-06-17T12:40:40+00:00
SAO_573T-10,São Paulo,3550308,True,,1632,,,-23.614199499999998,-46.5007885,,,,1,2023-06-17T12:40:17+00:00
SAO_573T-10,São Paulo,3550308,True,,1632,,,-23.560007,-46.51988275,,,,1,2023-06-17T12:40:24+00:00
SAO_573T-10,São Paulo,3550308,True,,1632,,,-23.614199499999998,-46.5007885,,,,1,2023-06-17T12:40:15+00:00
SAO_6052-31,São Paulo,3550308,True,,34600,,,-23.769512499999998,-46.7149195,,,,2,2023-06-17T12:40:15+00:00
SAO_6052-31,São Paulo,3550308,True,,34600,,,-23.775509999999997,-46.691679,,,,2,2023-06-17T12:40:23+00:00
SAO_4018-10,São Paulo,3550308,True,,34959,,,-23.5941205,-46.4227635,,,,2,2023-06-17T12:40:06+00:00
SAO_4018-10,São Paulo,3550308,True,,34959,,,-23.60109525,-46.39926,,,,2,2023-06-17T12:40:19+00:00
SAO_4018-10,São Paulo,3550308,True,,34959,,,-23.591472,-46.407424125000006,,,,2,2023-06-17T12:40:34+00:00
SAO_4018-10,São Paulo,3550308,True,,34959,,,-23.593273500000002,-46.418434500000004,,,,2,2023-06-17T12:37:38+00:00
SAO_4018-10,São Paulo,3550308,True,,34959,,,-23.600106500000003,-46.469812,,,,2,2023-06-17T12:40:34+00:00
SAO_2014-10,São Paulo,3550308,True,,33668,,,-23.499394000000002,-46.6624585,,,,2,2023-06-17T12:40:35+00:00
SAO_2014-10,São Paulo,3550308,True,,33668,,,-23.5246085,-46.670619,,,,2,2023-06-17T12:40:37+00:00
SAO_2014-10,São Paulo,3550308,True,,33668,,,-23.45956225,-46.66866,,,,2,2023-06-17T12:40:31+00:00
SAO_2014-10,São Paulo,3550308,True,,33668,,,-23.457437,-46.670062,,,,2,2023-06-17T12:40:04+00:00
SAO_2013-10,São Paulo,3550308,True,,899,,,-23.4626305,-46.672816499999996,,,,1,2023-06-17T12:40:11+00:00
SAO_2013-10,São Paulo,3550308,True,,899,,,-23.461606500000002,-46.658141,,,,1,2023-06-17T12:40:26+00:00
SAO_2013-10,São Paulo,3550308,True,,899,,,-23.469451,-46.6466425,,,,1,2023-06-17T12:40:27+00:00
SAO_2013-10,São Paulo,3550308,True,,899,,,-23.47120975,-46.67053275,,,,1,2023-06-17T12:40:31+00:00
SAO_5129-10,São Paulo,3550308,True,,1281,,,-23.6676535,-46.7312935,,,,1,2023-06-17T12:40:31+00:00
SAO_5129-10,São Paulo,3550308,True,,1281,,,-23.653953,-46.667941,,,,1,2023-06-17T12:40:04+00:00
SAO_5129-10,São Paulo,3550308,True,,1281,,,-23.68298175,-46.6332575,,,,1,2023-06-17T12:40:11+00:00
SAO_5129-10,São Paulo,3550308,True,,1281,,,-23.672556,-46.677626000000004,,,,1,2023-06-17T12:40:20+00:00
SAO_5020-10,São Paulo,3550308,True,,1670,,,-23.608876000000002,-46.595014500000005,,,,1,2023-06-17T12:40:35+00:00
SAO_5020-10,São Paulo,3550308,True,,1670,,,-23.60026825,-46.60241775,,,,1,2023-06-17T12:40:39+00:00
SAO_2059-10,São Paulo,3550308,True,Cidade de Caieiras,260,https://moovitapp.com/index/pt-br/transporte_p%C3%BAblico-line-260-Sao_Paulo-242-868761-496413-0,5.0,-23.52388725,-46.41830675,,,,1,2023-06-17T12:40:18+00:00
SAO_2059-10,São Paulo,3550308,True,Cidade de Caieiras,260,https://moovitapp.com/index/pt-br/transporte_p%C3%BAblico-line-260-Sao_Paulo-242-868761-496413-0,5.0,-23.5125455,-46.43401,,,,1,2023-06-17T12:40:09+00:00
SAO_2059-10,São Paulo,3550308,True,Cidade de Caieiras,260,https://moovitapp.com/index/pt-br/transporte_p%C3%BAblico-line-260-Sao_Paulo-242-868761-496413-0,5.0,-23.4909655,-46.442477499999995,,,,1,2023-06-17T12:40:15+00:00
SAO_2059-10,São Paulo,3550308,True,Cidade de Caieiras,260,https://moovitapp.com/index/pt-br/transporte_p%C3%BAblico-line-260-Sao_Paulo-242-868761-496413-0,5.0,-23.5416465,-46.416104000000004,,,,1,2023-06-17T12:40:37+00:00
SAO_2059-10,São Paulo,3550308,True,Cidade de Caieiras,260,https://moovitapp.com/index/pt-br/transporte_p%C3%BAblico-line-260-Sao_Paulo-242-868761-496413-0,5.0,-23.493598499999997,-46.443783499999995,,,,1,2023-06-17T12:40:43+00:00
SAO_3745-10,São Paulo,3550308,True,,33812,,,-23.544847,-46.545604999999995,,,,2,2023-06-17T12:40:37+00:00
SAO_3745-10,São Paulo,3550308,True,,33812,,,-23.5709315,-46.5277865,,,,2,2023-06-17T12:39:12+00:00
SAO_715M-10,São Paulo,3550308,True,EMTU,490,https://moovitapp.com/index/pt-br/transporte_p%C3%BAblico-line-490-Sao_Paulo-242-2038937-36419517-0,5.15,-23.5843715,-46.753478,,,,1,2023-06-17T12:40:33+00:00
SAO_715M-10,São Paulo,3550308,True,EMTU,490,https://moovitapp.com/index/pt-br/transporte_p%C3%BAblico-line-490-Sao_Paulo-242-2038937-36419517-0,5.15,-23.5584245,-46.641648,,,,1,2023-06-17T12:40:07+00:00
SAO_715M-10,São Paulo,3550308,True,EMTU,490,https://moovitapp.com/index/pt-br/transporte_p%C3%BAblico-line-490-Sao_Paulo-242-2038937-36419517-0,5.15,-23.5692555,-46.715265,,,,1,2023-06-17T12:40:32+00:00
SAO_5178-10,São Paulo,3550308,True,,595,,,-23.5641185,-46.646494499999996,,,,1,2023-06-17T12:40:25+00:00
SAO_5178-10,São Paulo,3550308,True,,595,,,-23.682447,-46.642358,,,,1,2023-06-17T12:40:12+00:00
SAO_5178-10,São Paulo,3550308,True,,595,,,-23.6677685,-46.6525545,,,,1,2023-06-17T12:40:27+00:00
SAO_5178-10,São Paulo,3550308,True,,595,,,-23.6188575,-46.662051500000004,,,,1,2023-06-17T12:40:45+00:00
SAO_2080-10,São Paulo,3550308,True,,371,,,-23.529316,-46.553309,,,,1,2023-06-17T12:40:28+00:00
SAO_2080-10,São Paulo,3550308,True,,371,,,-23.497905000000003,-46.461605,,,,1,2023-06-17T12:40:18+00:00
SAO_2080-10,São Paulo,3550308,True,,371,,,-23.495334999999997,-46.372143,,,,1,2023-06-17T12:40:28+00:00
SAO_2080-10,São Paulo,3550308,True,,371,,,-23.496754000000003,-46.393516000000005,,,,1,2023-06-17T12:40:43+00:00
SAO_4721-10,São Paulo,3550308,True,,33105,,,-23.614318500000003,-46.638217749999995,,,,2,2023-06-17T12:40:38+00:00
SAO_6026-10,São Paulo,3550308,True,,32855,,,-23.707207250000003,-46.688587999999996,,,,2,2023-06-17T12:40:23+00:00
SAO_6026-10,São Paulo,3550308,True,,32855,,,-23.748841,-46.703187,,,,2,2023-06-17T12:40:16+00:00
SAO_2009-10,São Paulo,3550308,True,,898,,,-23.514571250000003,-46.412023375000004,,,,1,2023-06-17T12:40:12+00:00
SAO_2009-10,São Paulo,3550308,True,,898,,,-23.541742499999998,-46.415893499999996,,,,1,2023-06-17T12:40:10+00:00
SAO_2009-10,São Paulo,3550308,True,,898,,,-23.527882249999998,-46.41781475,,,,1,2023-06-17T12:40:23+00:00
SAO_2009-10,São Paulo,3550308,True,,898,,,-23.5099475,-46.413949,,,,1,2023-06-17T12:39:36+00:00
SAO_4030-10,São Paulo,3550308,True,,1100,,,-23.610768999999998,-46.483983,,,,1,2023-06-17T12:40:06+00:00
SAO_4030-10,São Paulo,3550308,True,,1100,,,-23.5631475,-46.501079000000004,,,,1,2023-06-17T12:40:27+00:00
SAO_4030-10,São Paulo,3550308,True,,1100,,,-23.622088,-46.487474500000005,,,,1,2023-06-17T12:40:12+00:00
SAO_4030-10,São Paulo,3550308,True,,1100,,,-23.570087,-46.50773112499999,,,,1,2023-06-17T12:40:31+00:00
SAO_4036-10,São Paulo,3550308,True,,2561,,,-23.55451525,-46.515643749999995,,,,1,2023-06-17T12:40:35+00:00
SAO_3796-10,São Paulo,3550308,True,,1074,,,-23.541897,-46.470466,,,,1,2023-06-17T12:40:07+00:00
SAO_3796-10,São Paulo,3550308,True,,1074,,,-23.55005975,-46.4621805,,,,1,2023-06-17T12:40:39+00:00
SAO_3796-10,São Paulo,3550308,True,,1074,,,-23.5775145,-46.457995499999996,,,,1,2023-06-17T12:40:36+00:00
SAO_3796-10,São Paulo,3550308,True,,1074,,,-23.589194,-46.446603999999994,,,,1,2023-06-17T12:40:18+00:00
SAO_5194-21,São Paulo,3550308,True,,34863,,,-23.6915875,-46.660651,,,,2,2023-06-17T12:40:13+00:00
SAO_5194-21,São Paulo,3550308,True,,34863,,,-23.7131135,-46.65267,,,,2,2023-06-17T12:39:28+00:00
SAO_5194-21,São Paulo,3550308,True,,34863,,,-23.65186225,-46.678931750000004,,,,2,2023-06-17T12:40:27+00:00
SAO_7281-10,São Paulo,3550308,True,,1334,,,-23.524408375,-46.70302375,,,,1,2023-06-17T12:40:40+00:00
SAO_7281-10,São Paulo,3550308,True,,1334,,,-23.556275,-46.665953,,,,1,2023-06-17T12:40:39+00:00
SAO_5164-10,São Paulo,3550308,True,,34051,,,-23.635368,-46.641498,,,,2,2023-06-17T12:40:44+00:00
SAO_5164-10,São Paulo,3550308,True,,34051,,,-23.642954500000002,-46.6617585,,,,2,2023-06-17T12:40:08+00:00
SAO_5164-10,São Paulo,3550308,True,,34051,,,-23.642954500000002,-46.6617585,,,,2,2023-06-17T12:40:34+00:00
SAO_9784-10,São Paulo,3550308,True,EMTU,827,https://moovitapp.com/index/pt-br/transporte_p%C3%BAblico-line-827-Sao_Paulo-242-2038937-36419596-0,12.1,-23.5207035,-46.667932500000006,,,,1,2023-06-17T12:40:09+00:00
SAO_9784-10,São Paulo,3550308,True,EMTU,827,https://moovitapp.com/index/pt-br/transporte_p%C3%BAblico-line-827-Sao_Paulo-242-2038937-36419596-0,12.1,-23.4515095,-46.675967,,,,1,2023-06-17T12:40:02+00:00
SAO_9784-10,São Paulo,3550308,True,EMTU,827,https://moovitapp.com/index/pt-br/transporte_p%C3%BAblico-line-827-Sao_Paulo-242-2038937-36419596-0,12.1,-23.498600500000002,-46.66399725,,,,1,2023-06-17T12:40:12+00:00
SAO_9784-10,São Paulo,3550308,True,EMTU,827,https://moovitapp.com/index/pt-br/transporte_p%C3%BAblico-line-827-Sao_Paulo-242-2038937-36419596-0,12.1,-23.478673999999998,-46.6625295,,,,1,2023-06-17T12:40:15+00:00
SAO_9784-10,São Paulo,3550308,True,EMTU,827,https://moovitapp.com/index/pt-br/transporte_p%C3%BAblico-line-827-Sao_Paulo-242-2038937-36419596-0,12.1,-23.4503535,-46.683854999999994,,,,1,2023-06-17T12:40:10+00:00
SAO_2755-10,São Paulo,3550308,True,,33001,,,-23.540091,-46.394296499999996,,,,2,2023-06-17T12:40:29+00:00
SAO_2755-10,São Paulo,3550308,True,,33001,,,-23.51827025,-46.469123749999994,,,,2,2023-06-17T12:40:48+00:00
SAO_2755-10,São Paulo,3550308,True,,33001,,,-23.523149,-46.520155,,,,2,2023-06-17T12:40:28+00:00
SAO_1156-10,São Paulo,3550308,True,,33427,,,-23.487218,-46.568332,,,,2,2023-06-17T12:40:27+00:00
SAO_1156-10,São Paulo,3550308,True,,33427,,,-23.49523,-46.578210999999996,,,,2,2023-06-17T12:40:21+00:00
SAO_9023-10,São Paulo,3550308,True,,1437,,,-23.48045875,-46.72556825,,,,1,2023-06-17T12:40:21+00:00
SAO_9023-10,São Paulo,3550308,True,,1437,,,-23.4549625,-46.714927,,,,1,2023-06-17T12:39:59+00:00
SAO_9023-10,São Paulo,3550308,True,,1437,,,-23.434382499999998,-46.715844000000004,,,,1,2023-06-17T12:40:16+00:00
SAO_8600-10,São Paulo,3550308,True,,34200,,,-23.523066999999998,-46.6544265,,,,2,2023-06-17T12:40:25+00:00
SAO_8600-10,São Paulo,3550308,True,,34200,,,-23.4842985,-46.7161955,,,,2,2023-06-17T12:40:26+00:00
SAO_3756-10,São Paulo,3550308,True,,33818,,,-23.547687500000002,-46.461503,,,,2,2023-06-17T12:40:08+00:00
SAO_3756-10,São Paulo,3550308,True,,33818,,,-23.553698875000002,-46.456072625000004,,,,2,2023-06-17T12:39:35+00:00
SAO_3756-10,São Paulo,3550308,True,,33818,,,-23.562716625,-46.4209925,,,,2,2023-06-17T12:40:38+00:00
SAO_3756-10,São Paulo,3550308,True,,33818,,,-23.542686500000002,-46.472357,,,,2,2023-06-17T12:40:03+00:00
SAO_3756-10,São Paulo,3550308,True,,33818,,,-23.590653500000002,-46.389331375,,,,2,2023-06-17T12:40:11+00:00
SAO_3756-10,São Paulo,3550308,True,,33818,,,-23.582594,-46.3928595,,,,2,2023-06-17T12:39:27+00:00
SAO_576C-10,São Paulo,3550308,True,,1290,,,-23.670354000000003,-46.6885145,,,,1,2023-06-17T12:40:38+00:00
SAO_576C-10,São Paulo,3550308,True,,1290,,,-23.638162,-46.6322935,,,,1,2023-06-17T12:40:43+00:00
SAO_576C-10,São Paulo,3550308,True,,1290,,,-23.638162,-46.6322935,,,,1,2023-06-17T12:40:05+00:00
SAO_576C-10,São Paulo,3550308,True,,1290,,,-23.6602505,-46.6522955,,,,1,2023-06-17T12:40:22+00:00
SAO_576C-10,São Paulo,3550308,True,,1290,,,-23.6460415,-46.644780499999996,,,,1,2023-06-17T12:40:14+00:00
SAO_576C-10,São Paulo,3550308,True,,1290,,,-23.6542205,-46.710612,,,,1,2023-06-17T12:40:22+00:00
SAO_6051-31,São Paulo,3550308,True,,34374,,,-23.7621455,-46.689133,,,,2,2023-06-17T12:40:13+00:00
SAO_6051-31,São Paulo,3550308,True,,34374,,,-23.7621455,-46.689133,,,,2,2023-06-17T12:40:04+00:00
SAO_3141-10,São Paulo,3550308,True,,734,,,-23.612431,-46.478824,,,,1,2023-06-17T12:40:27+00:00
SAO_3141-10,São Paulo,3550308,True,,734,,,-23.592802,-46.5287025,,,,1,2023-06-17T12:40:39+00:00
SAO_3141-10,São Paulo,3550308,True,,734,,,-23.547113500000002,-46.583538624999996,,,,1,2023-06-17T12:40:36+00:00
SAO_7006-51,São Paulo,3550308,True,,34765,,,-23.7488905,-46.7831885,,,,2,2023-06-17T12:40:40+00:00
SAO_7006-51,São Paulo,3550308,True,,34765,,,-23.6870885,-46.7715025,,,,2,2023-06-17T12:40:46+00:00
SAO_7006-51,São Paulo,3550308,True,,34765,,,-23.7488905,-46.7831885,,,,2,2023-06-17T12:40:25+00:00
SAO_7006-51,São Paulo,3550308,True,,34765,,,-23.660277999999998,-46.768888000000004,,,,2,2023-06-17T12:40:02+00:00
SAO_7006-51,São Paulo,3550308,True,,34765,,,-23.717824999999998,-46.784174,,,,2,2023-06-17T12:40:43+00:00
SAO_2708-10,São Paulo,3550308,True,,921,,,-23.533492625,-46.40025325,,,,1,2023-06-17T12:40:45+00:00
SAO_2708-10,São Paulo,3550308,True,,921,,,-23.5338625,-46.399665999999996,,,,1,2023-06-17T11:24:27+00:00
SAO_2708-10,São Paulo,3550308,True,,921,,,-23.523119,-46.429390999999995,,,,1,2023-06-17T12:39:57+00:00
SAO_2708-10,São Paulo,3550308,True,,921,,,-23.52377925,-46.417449,,,,1,2023-06-17T12:40:47+00:00
SAO_2708-10,São Paulo,3550308,True,,921,,,-23.5338625,-46.399665999999996,,,,1,2023-06-17T12:40:21+00:00
SAO_3751-10,São Paulo,3550308,True,,1047,,,-23.569356,-46.4108985,,,,1,2023-06-17T12:40:02+00:00
SAO_3751-10,São Paulo,3550308,True,,1047,,,-23.569356,-46.4108985,,,,1,2023-06-17T12:40:05+00:00
SAO_3751-10,São Paulo,3550308,True,,1047,,,-23.5673975,-46.417007999999996,,,,1,2023-06-17T12:40:43+00:00
SAO_637P-10,São Paulo,3550308,True,,32815,,,-23.566628,-46.701685499999996,,,,2,2023-06-17T12:40:16+00:00
SAO_637P-10,São Paulo,3550308,True,,32815,,,-23.653879,-46.7107595,,,,2,2023-06-17T12:40:38+00:00
SAO_637P-10,São Paulo,3550308,True,,32815,,,-23.569291999999997,-46.692,,,,2,2023-06-17T12:40:23+00:00
SAO_637P-10,São Paulo,3550308,True,,32815,,,-23.653890625,-46.71154075,,,,2,2023-06-17T12:40:30+00:00
SAO_637P-10,São Paulo,3550308,True,,32815,,,-23.600634499999998,-46.67402875,,,,2,2023-06-17T12:40:46+00:00
SAO_8007-10,São Paulo,3550308,True,,1257,,,-23.471034500000002,-46.743497,,,,1,2023-06-17T12:40:19+00:00
SAO_546J-10,São Paulo,3550308,True,,1133,,,-23.685632,-46.6640105,,,,1,2023-06-17T12:40:05+00:00
SAO_546J-10,São Paulo,3550308,True,,1133,,,-23.6541985,-46.704713999999996,,,,1,2023-06-17T12:40:28+00:00
SAO_546J-10,São Paulo,3550308,True,,1133,,,-23.67113775,-46.6740635,,,,1,2023-06-17T12:40:35+00:00
SAO_546J-10,São Paulo,3550308,True,,1133,,,-23.687824,-46.658593499999995,,,,1,2023-06-17T12:40:24+00:00
SAO_297A-10,São Paulo,3550308,True,,34901,,,-23.510865000000003,-46.678932,,,,2,2023-06-17T12:40:23+00:00
SAO_9032-10,São Paulo,3550308,True,STT,880,https://moovitapp.com/index/pt-br/transporte_p%C3%BAblico-line-880-Sao_Paulo-242-850661-183362-0,5.3,-23.446264499999998,-46.692169,,,,1,2023-06-17T12:40:08+00:00
SAO_9032-10,São Paulo,3550308,True,STT,880,https://moovitapp.com/index/pt-br/transporte_p%C3%BAblico-line-880-Sao_Paulo-242-850661-183362-0,5.3,-23.4519345,-46.699284500000005,,,,1,2023-06-17T12:40:46+00:00
SAO_9032-10,São Paulo,3550308,True,STT,880,https://moovitapp.com/index/pt-br/transporte_p%C3%BAblico-line-880-Sao_Paulo-242-850661-183362-0,5.3,-23.450239,-46.698583,,,,1,2023-06-17T12:40:00+00:00
SAO_1780-10,São Paulo,3550308,True,,869,,,-23.478189,-46.6022495,,,,1,2023-06-17T12:40:26+00:00
SAO_1780-10,São Paulo,3550308,True,,869,,,-23.45452075,-46.58434975,,,,1,2023-06-17T12:40:35+00:00
SAO_3064-10,São Paulo,3550308,True,Urubupungá,980,https://moovitapp.com/index/pt-br/transporte_p%C3%BAblico-line-980-Sao_Paulo-242-873835-76224585-0,4.6,-23.5835525,-46.408947,,,,1,2023-06-17T12:40:35+00:00
SAO_3064-10,São Paulo,3550308,True,Urubupungá,980,https://moovitapp.com/index/pt-br/transporte_p%C3%BAblico-line-980-Sao_Paulo-242-873835-76224585-0,4.6,-23.593611,-46.40632925,,,,1,2023-06-17T12:40:21+00:00
SAO_3064-10,São Paulo,3550308,True,Urubupungá,980,https://moovitapp.com/index/pt-br/transporte_p%C3%BAblico-line-980-Sao_Paulo-242-873835-76224585-0,4.6,-23.542614,-46.4155005,,,,1,2023-06-17T12:40:40+00:00
SAO_3064-10,São Paulo,3550308,True,Urubupungá,980,https://moovitapp.com/index/pt-br/transporte_p%C3%BAblico-line-980-Sao_Paulo-242-873835-76224585-0,4.6,-23.5427145,-46.4149935,,,,1,2023-06-17T12:40:07+00:00
SAO_3064-10,São Paulo,3550308,True,Urubupungá,980,https://moovitapp.com/index/pt-br/transporte_p%C3%BAblico-line-980-Sao_Paulo-242-873835-76224585-0,4.6,-23.571773999999998,-46.415555,,,,1,2023-06-17T12:39:45+00:00
SAO_3064-10,São Paulo,3550308,True,Urubupungá,980,https://moovitapp.com/index/pt-br/transporte_p%C3%BAblico-line-980-Sao_Paulo-242-873835-76224585-0,4.6,-23.546202,-46.4114785,,,,1,2023-06-17T12:40:33+00:00
SAO_3064-10,São Paulo,3550308,True,Urubupungá,980,https://moovitapp.com/index/pt-br/transporte_p%C3%BAblico-line-980-Sao_Paulo-242-873835-76224585-0,4.6,-23.601703999999998,-46.3988755,,,,1,2023-06-17T12:40:01+00:00
SAO_8010-10,São Paulo,3550308,True,,798,,,-23.426047125000004,-46.724774374999996,,,,1,2023-06-17T12:40:04+00:00
SAO_8010-10,São Paulo,3550308,True,,798,,,-23.51816525,-46.70211325,,,,1,2023-06-17T12:40:31+00:00
SAO_8010-10,São Paulo,3550308,True,,798,,,-23.419342999999998,-46.7491585,,,,1,2023-06-17T12:40:14+00:00
SAO_8010-10,São Paulo,3550308,True,,798,,,-23.409225,-46.753344999999996,,,,1,2023-06-17T12:40:37+00:00
SAO_8010-10,São Paulo,3550308,True,,798,,,-23.482294000000003,-46.7261435,,,,1,2023-06-17T12:40:39+00:00
SAO_8010-10,São Paulo,3550308,True,,798,,,-23.457827,-46.719188,,,,1,2023-06-17T12:40:32+00:00
SAO_3728-41,São Paulo,3550308,True,,1988,,,-23.551272374999996,-46.490253624999994,,,,1,2023-06-17T12:40:30+00:00
SAO_3728-41,São Paulo,3550308,True,,1988,,,-23.5421635,-46.4837615,,,,1,2023-06-17T12:40:11+00:00
SAO_3728-41,São Paulo,3550308,True,,1988,,,-23.5607995,-46.483093,,,,1,2023-06-17T12:40:09+00:00
SAO_8038-10,São Paulo,3550308,True,,33565,,,-23.521557,-46.718848,,,,2,2023-06-17T12:40:16+00:00
SAO_8038-10,São Paulo,3550308,True,,33565,,,-23.54151525,-46.73024225,,,,2,2023-06-17T12:40:28+00:00
SAO_8038-10,São Paulo,3550308,True,,33565,,,-23.54789475,-46.750386999999996,,,,2,2023-06-17T12:40:15+00:00
SAO_8038-10,São Paulo,3550308,True,,33565,,,-23.53488225,-46.76081775,,,,2,2023-06-17T12:40:41+00:00
SAO_8038-10,São Paulo,3550308,True,,33565,,,-23.53488225,-46.76081775,,,,2,2023-06-17T12:40:29+00:00
SAO_707A-10,São Paulo,3550308,True,,1990,,,-23.664078500000002,-46.7083385,,,,1,2023-06-17T12:39:51+00:00
SAO_707A-10,São Paulo,3550308,True,,1990,,,-23.610462,-46.6455585,,,,1,2023-06-17T12:40:27+00:00
SAO_707A-10,São Paulo,3550308,True,,1990,,,-23.6756625,-46.748854,,,,1,2023-06-17T12:40:37+00:00
SAO_707A-10,São Paulo,3550308,True,,1990,,,-23.6930965,-46.7786725,,,,1,2023-06-17T12:40:07+00:00
SAO_707A-10,São Paulo,3550308,True,,1990,,,-23.61276225,-46.6707505,,,,1,2023-06-17T12:40:07+00:00
SAO_707A-10,São Paulo,3550308,True,,1990,,,-23.651206124999998,-46.704931125,,,,1,2023-06-17T12:40:22+00:00
SAO_707A-10,São Paulo,3550308,True,,1990,,,-23.6672905,-46.727228,,,,1,2023-06-17T12:40:28+00:00
SAO_707A-10,São Paulo,3550308,True,,1990,,,-23.6772845,-46.759229000000005,,,,1,2023-06-17T12:40:22+00:00
SAO_2005-10,São Paulo,3550308,True,,33661,,,-23.49374225,-46.403917500000006,,,,2,2023-06-17T12:40:15+00:00
SAO_2005-10,São Paulo,3550308,True,,33661,,,-23.489832999999997,-46.415236125,,,,2,2023-06-17T12:39:55+00:00
SAO_2021-10,São Paulo,3550308,True,,906,,,-23.539731500000002,-46.393697,,,,1,2023-06-17T12:39:15+00:00
SAO_2021-10,São Paulo,3550308,True,,906,,,-23.5443145,-46.389241999999996,,,,1,2023-06-17T12:40:03+00:00
SAO_2021-10,São Paulo,3550308,True,,906,,,-23.5443145,-46.389241999999996,,,,1,2023-06-17T12:39:36+00:00
SAO_2021-10,São Paulo,3550308,True,,906,,,-23.5443145,-46.389241999999996,,,,1,2023-06-17T12:40:22+00:00
SAO_2021-10,São Paulo,3550308,True,,906,,,-23.544384,-46.389341,,,,1,2023-06-17T12:39:35+00:00
SAO_2021-10,São Paulo,3550308,True,,906,,,-23.544384,-46.389341,,,,1,2023-06-17T12:40:26+00:00
SAO_3712-51,São Paulo,3550308,True,,35273,,,-23.5508745,-46.4378125,,,,2,2023-06-17T12:40:26+00:00
SAO_3712-51,São Paulo,3550308,True,,35273,,,-23.541853,-46.470214,,,,2,2023-06-17T12:40:05+00:00
SAO_233A-10,São Paulo,3550308,True,EMTU,249,https://moovitapp.com/index/pt-br/transporte_p%C3%BAblico-line-249-Sao_Paulo-242-2038937-58093193-0,5.4,-23.491375499999997,-46.443605500000004,,,,1,2023-06-17T12:40:46+00:00
SAO_233A-10,São Paulo,3550308,True,EMTU,249,https://moovitapp.com/index/pt-br/transporte_p%C3%BAblico-line-249-Sao_Paulo-242-2038937-58093193-0,5.4,-23.535082000000003,-46.454484,,,,1,2023-06-17T12:40:35+00:00
SAO_737A-10,São Paulo,3550308,True,,34498,,,-23.6658605,-46.71429475,,,,2,2023-06-17T12:40:41+00:00
SAO_737A-10,São Paulo,3550308,True,,34498,,,-23.6901525,-46.774198999999996,,,,2,2023-06-17T12:40:38+00:00
SAO_737A-10,São Paulo,3550308,True,,34498,,,-23.6716965,-46.741363,,,,2,2023-06-17T12:40:31+00:00
SAO_737A-10,São Paulo,3550308,True,,34498,,,-23.687833,-46.7721405,,,,2,2023-06-17T12:40:39+00:00
SAO_737A-10,São Paulo,3550308,True,,34498,,,-23.6902125,-46.773815,,,,2,2023-06-17T12:40:28+00:00
SAO_4036-10,São Paulo,3550308,True,,35329,,,-23.5513165,-46.51211975,,,,2,2023-06-17T12:40:28+00:00
SAO_4036-10,São Paulo,3550308,True,,35329,,,-23.542863,-46.469320249999996,,,,2,2023-06-17T12:38:36+00:00
SAO_516N-10,São Paulo,3550308,True,EMTU,266,https://moovitapp.com/index/pt-br/transporte_p%C3%BAblico-line-266-Sao_Paulo-242-2038937-36419376-0,6.8,-23.649903375,-46.669903000000005,,,,1,2023-06-17T12:40:38+00:00
SAO_516N-10,São Paulo,3550308,True,EMTU,266,https://moovitapp.com/index/pt-br/transporte_p%C3%BAblico-line-266-Sao_Paulo-242-2038937-36419376-0,6.8,-23.59324375,-46.672788,,,,1,2023-06-17T12:40:36+00:00
SAO_516N-10,São Paulo,3550308,True,EMTU,266,https://moovitapp.com/index/pt-br/transporte_p%C3%BAblico-line-266-Sao_Paulo-242-2038937-36419376-0,6.8,-23.691687375,-46.6440985,,,,1,2023-06-17T12:40:11+00:00
SAO_516N-10,São Paulo,3550308,True,EMTU,266,https://moovitapp.com/index/pt-br/transporte_p%C3%BAblico-line-266-Sao_Paulo-242-2038937-36419376-0,6.8,-23.6723935,-46.644699,,,,1,2023-06-17T12:40:14+00:00
SAO_4085-10,São Paulo,3550308,True,,34924,,,-23.570631750000004,-46.42831675,,,,2,2023-06-17T12:40:34+00:00
SAO_4085-10,São Paulo,3550308,True,,34924,,,-23.57311975,-46.42502675,,,,2,2023-06-17T12:39:40+00:00
SAO_4085-10,São Paulo,3550308,True,,34924,,,-23.5453475,-46.469015,,,,2,2023-06-17T12:39:34+00:00
SAO_7545-10,São Paulo,3550308,True,,504,,,-23.548194625,-46.649595375000004,,,,1,2023-06-17T12:40:13+00:00
SAO_7545-10,São Paulo,3550308,True,,504,,,-23.57771175,-46.72483199999999,,,,1,2023-06-17T12:40:10+00:00
SAO_7545-10,São Paulo,3550308,True,,504,,,-23.599347,-46.791118,,,,1,2023-06-17T12:40:37+00:00
SAO_2715-10,São Paulo,3550308,True,,33696,,,-23.5213375,-46.503482500000004,,,,2,2023-06-17T12:40:22+00:00
SAO_2715-10,São Paulo,3550308,True,,33696,,,-23.4954435,-46.4998515,,,,2,2023-06-17T12:40:42+00:00
SAO_8600-10,São Paulo,3550308,True,,1432,,,-23.486086,-46.7251615,,,,1,2023-06-17T12:40:46+00:00
SAO_8600-10,São Paulo,3550308,True,,1432,,,-23.537076999999996,-46.642129749999995,,,,1,2023-06-17T12:40:28+00:00
SAO_8600-10,São Paulo,3550308,True,,1432,,,-23.5147575,-46.699583000000004,,,,1,2023-06-17T12:40:38+00:00
SAO_3773-10,São Paulo,3550308,True,,33827,,,-23.5710565,-46.504506,,,,2,2023-06-17T12:40:13+00:00
SAO_3773-10,São Paulo,3550308,True,,33827,,,-23.615998,-46.4650945,,,,2,2023-06-17T12:40:30+00:00
SAO_3773-10,São Paulo,3550308,True,,33827,,,-23.59822875,-46.470498000000006,,,,2,2023-06-17T12:40:02+00:00
SAO_5013-10,São Paulo,3550308,True,,33885,,,-23.6841825,-46.64965625000001,,,,2,2023-06-17T12:39:12+00:00
SAO_5013-10,São Paulo,3550308,True,,33885,,,-23.6771695,-46.681231499999996,,,,2,2023-06-17T12:40:28+00:00
SAO_5013-10,São Paulo,3550308,True,,33885,,,-23.682509,-46.633010999999996,,,,2,2023-06-17T12:40:13+00:00
SAO_5013-10,São Paulo,3550308,True,,33885,,,-23.6543535,-46.701634625,,,,2,2023-06-17T12:40:03+00:00
SAO_5013-10,São Paulo,3550308,True,,33885,,,-23.687742,-46.63932225,,,,2,2023-06-17T12:40:21+00:00
SAO_5759-10,São Paulo,3550308,True,,1138,,,-23.6611895,-46.6596885,,,,1,2023-06-17T12:40:27+00:00
SAO_5759-10,São Paulo,3550308,True,,1138,,,-23.677216,-46.658675,,,,1,2023-06-17T12:40:46+00:00
SAO_5759-10,São Paulo,3550308,True,,1138,,,-23.6360805,-46.641146000000006,,,,1,2023-06-17T12:40:45+00:00
SAO_5759-10,São Paulo,3550308,True,,1138,,,-23.6950395,-46.6487305,,,,1,2023-06-17T12:40:34+00:00
SAO_6110-10,São Paulo,3550308,True,,33952,,,-23.725353499999997,-46.711783499999996,,,,2,2023-06-17T12:40:17+00:00
SAO_6110-10,São Paulo,3550308,True,,33952,,,-23.672249,-46.677648500000004,,,,2,2023-06-17T12:40:23+00:00
SAO_6110-10,São Paulo,3550308,True,,33952,,,-23.6433345,-46.6729095,,,,2,2023-06-17T12:40:35+00:00
SAO_6110-10,São Paulo,3550308,True,,33952,,,-23.6229895,-46.661907,,,,2,2023-06-17T12:40:04+00:00
SAO_6110-10,São Paulo,3550308,True,,33952,,,-23.7570805,-46.705787,,,,2,2023-06-17T12:40:15+00:00
SAO_6110-10,São Paulo,3550308,True,,33952,,,-23.7570445,-46.7057305,,,,2,2023-06-17T12:40:29+00:00
SAO_6049-10,São Paulo,3550308,True,,34077,,,-23.652189,-46.7171225,,,,2,2023-06-17T12:40:31+00:00
SAO_6049-10,São Paulo,3550308,True,,34077,,,-23.694253,-46.793887,,,,2,2023-06-17T12:40:48+00:00
SAO_6049-10,São Paulo,3550308,True,,34077,,,-23.694454,-46.794375,,,,2,2023-06-17T12:40:29+00:00
SAO_6049-10,São Paulo,3550308,True,,34077,,,-23.659830499999998,-46.76968,,,,2,2023-06-17T12:40:07+00:00
SAO_6071-10,São Paulo,3550308,True,,33924,,,-23.71901475,-46.67920225,,,,2,2023-06-17T12:40:01+00:00
SAO_6071-10,São Paulo,3550308,True,,33924,,,-23.652938749999997,-46.701730749999996,,,,2,2023-06-17T12:40:17+00:00
SAO_475R-10,São Paulo,3550308,True,,33112,,,-23.5470345,-46.6298525,,,,2,2023-06-17T12:40:08+00:00
SAO_475R-10,São Paulo,3550308,True,,33112,,,-23.5470345,-46.6298525,,,,2,2023-06-17T12:39:57+00:00
SAO_475R-10,São Paulo,3550308,True,,33112,,,-23.5470345,-46.6298525,,,,2,2023-06-17T12:40:29+00:00
SAO_475R-10,São Paulo,3550308,True,,33112,,,-23.5470345,-46.6298525,,,,2,2023-06-17T12:40:29+00:00
SAO_475R-10,São Paulo,3550308,True,,33112,,,-23.5470345,-46.6298525,,,,2,2023-06-17T12:40:10+00:00
SAO_475R-10,São Paulo,3550308,True,,33112,,,-23.5470345,-46.6298525,,,,2,2023-06-17T12:40:10+00:00
SAO_475R-10,São Paulo,3550308,True,,33112,,,-23.573071,-46.6546745,,,,2,2023-06-17T12:40:09+00:00
SAO_475R-10,São Paulo,3550308,True,,33112,,,-23.5470345,-46.6298525,,,,2,2023-06-17T12:40:24+00:00
SAO_475R-10,São Paulo,3550308,True,,33112,,,-23.5470345,-46.6298525,,,,2,2023-06-17T12:40:28+00:00
SAO_475R-10,São Paulo,3550308,True,,33112,,,-23.5470345,-46.6298525,,,,2,2023-06-17T12:40:30+00:00
SAO_475R-10,São Paulo,3550308,True,,33112,,,-23.5470345,-46.6298525,,,,2,2023-06-17T12:40:31+00:00
SAO_475R-10,São Paulo,3550308,True,,33112,,,-23.653924500000002,-46.6138325,,,,2,2023-06-17T12:39:22+00:00
SAO_475R-10,São Paulo,3550308,True,,33112,,,-23.5470345,-46.6298525,,,,2,2023-06-17T12:40:24+00:00
SAO_475R-10,São Paulo,3550308,True,,33112,,,-23.5501775,-46.636402000000004,,,,2,2023-06-17T12:40:25+00:00
SAO_475R-10,São Paulo,3550308,True,,33112,,,-23.653594,-46.6082155,,,,2,2023-06-17T12:40:10+00:00
SAO_475R-10,São Paulo,3550308,True,,33112,,,-23.5470345,-46.6298525,,,,2,2023-06-17T12:40:05+00:00
SAO_475R-10,São Paulo,3550308,True,,33112,,,-23.5470345,-46.6298525,,,,2,2023-06-17T12:40:34+00:00
SAO_475R-10,São Paulo,3550308,True,,33112,,,-23.5470345,-46.6298525,,,,2,2023-06-17T12:40:16+00:00
SAO_475R-10,São Paulo,3550308,True,,33112,,,-23.5470345,-46.6298525,,,,2,2023-06-17T12:40:33+00:00
SAO_3539-10,São Paulo,3550308,True,,33516,,,-23.543649000000002,-46.471595,,,,2,2023-06-17T12:40:24+00:00
SAO_3539-10,São Paulo,3550308,True,,33516,,,-23.5913255,-46.4439635,,,,2,2023-06-17T12:40:14+00:00
SAO_3539-10,São Paulo,3550308,True,,33516,,,-23.5471265,-46.60678849999999,,,,2,2023-06-17T12:40:14+00:00
SAO_3539-10,São Paulo,3550308,True,,33516,,,-23.535660999999998,-46.55151975,,,,2,2023-06-17T12:40:37+00:00
SAO_5127-10,São Paulo,3550308,True,,1127,,,-23.6849745,-46.674509,,,,1,2023-06-17T12:40:07+00:00
SAO_5127-10,São Paulo,3550308,True,,1127,,,-23.6761895,-46.700784625,,,,1,2023-06-17T12:40:20+00:00
SAO_5127-10,São Paulo,3550308,True,,1127,,,-23.697244750000003,-46.633067249999996,,,,1,2023-06-17T12:40:19+00:00
SAO_5127-10,São Paulo,3550308,True,,1127,,,-23.7015515,-46.640887,,,,1,2023-06-17T12:40:20+00:00
SAO_5015-10,São Paulo,3550308,True,,1119,,,-23.6697105,-46.6396705,,,,1,2023-06-17T12:40:24+00:00
SAO_5015-10,São Paulo,3550308,True,,1119,,,-23.676164500000002,-46.660602749999995,,,,1,2023-06-17T12:40:32+00:00
SAO_5015-10,São Paulo,3550308,True,,1119,,,-23.6924525,-46.659774999999996,,,,1,2023-06-17T12:40:15+00:00
SAO_5015-10,São Paulo,3550308,True,,1119,,,-23.679827875,-46.640767124999996,,,,1,2023-06-17T12:40:03+00:00
SAO_809P-10,São Paulo,3550308,True,,1891,,,-23.611296,-46.753471,,,,1,2023-06-17T12:40:41+00:00
SAO_809P-10,São Paulo,3550308,True,,1891,,,-23.622894,-46.763113000000004,,,,1,2023-06-17T12:40:43+00:00
SAO_809P-10,São Paulo,3550308,True,,1891,,,-23.584879,-46.718874,,,,1,2023-06-17T12:40:10+00:00
SAO_637A-10,São Paulo,3550308,True,,32953,,,-23.690655,-46.774251500000005,,,,2,2023-06-17T12:40:34+00:00
SAO_637A-10,São Paulo,3550308,True,,32953,,,-23.61159025,-46.7005535,,,,2,2023-06-17T12:40:26+00:00
SAO_637A-10,São Paulo,3550308,True,,32953,,,-23.690684,-46.774680000000004,,,,2,2023-06-17T12:40:00+00:00
SAO_637A-10,São Paulo,3550308,True,,32953,,,-23.677276499999998,-46.761189,,,,2,2023-06-17T12:40:18+00:00
SAO_637A-10,São Paulo,3550308,True,,32953,,,-23.667395499999998,-46.729535,,,,2,2023-06-17T12:40:28+00:00
SAO_637A-10,São Paulo,3550308,True,,32953,,,-23.681475999999996,-46.766561249999995,,,,2,2023-06-17T12:40:43+00:00
SAO_637A-10,São Paulo,3550308,True,,32953,,,-23.620351499999998,-46.70286850000001,,,,2,2023-06-17T12:40:32+00:00
SAO_637A-10,São Paulo,3550308,True,,32953,,,-23.6426085,-46.72707475,,,,2,2023-06-17T12:40:03+00:00
SAO_695T-10,São Paulo,3550308,True,,1322,,,-23.6464725,-46.705748,,,,1,2023-06-17T12:40:22+00:00
SAO_695T-10,São Paulo,3550308,True,,1322,,,-23.649198,-46.7526175,,,,1,2023-06-17T12:40:42+00:00
SAO_695T-10,São Paulo,3550308,True,,1322,,,-23.606327,-46.66468075,,,,1,2023-06-17T12:40:08+00:00
SAO_695T-10,São Paulo,3550308,True,,1322,,,-23.5902095,-46.6349445,,,,1,2023-06-17T12:40:16+00:00
SAO_8073-10,São Paulo,3550308,True,,2081,,,-23.590921,-46.7604355,,,,1,2023-06-17T12:40:06+00:00
SAO_8073-10,São Paulo,3550308,True,,2081,,,-23.598914999999998,-46.7661705,,,,1,2023-06-17T12:40:07+00:00
SAO_8073-10,São Paulo,3550308,True,,2081,,,-23.593482,-46.73507,,,,1,2023-06-17T12:40:14+00:00
SAO_2710-10,São Paulo,3550308,True,,33692,,,-23.518361249999998,-46.488271999999995,,,,2,2023-06-17T12:40:13+00:00
SAO_2710-10,São Paulo,3550308,True,,33692,,,-23.529988,-46.5012995,,,,2,2023-06-17T12:40:44+00:00
SAO_2710-10,São Paulo,3550308,True,,33692,,,-23.517734,-46.488811999999996,,,,2,2023-06-17T12:40:21+00:00
SAO_2710-10,São Paulo,3550308,True,,33692,,,-23.529814000000002,-46.5011675,,,,2,2023-06-17T12:40:15+00:00
SAO_978T-10,São Paulo,3550308,True,,889,,,-23.5005875,-46.695581000000004,,,,1,2023-06-17T12:40:27+00:00
SAO_978T-10,São Paulo,3550308,True,,889,,,-23.515417999999997,-46.698794,,,,1,2023-06-17T12:40:25+00:00
SAO_978T-10,São Paulo,3550308,True,,889,,,-23.523787875,-46.701026125,,,,1,2023-06-17T12:40:42+00:00
SAO_978T-10,São Paulo,3550308,True,,889,,,-23.525927000000003,-46.669558499999994,,,,1,2023-06-17T12:40:31+00:00
SAO_978T-10,São Paulo,3550308,True,,889,,,-23.5010765,-46.6954725,,,,1,2023-06-17T12:40:35+00:00
SAO_978T-10,São Paulo,3550308,True,,889,,,-23.4744605,-46.690138000000005,,,,1,2023-06-17T12:40:05+00:00
SAO_9020-10,São Paulo,3550308,True,,34202,,,-23.468928499999997,-46.7213345,,,,2,2023-06-17T12:40:43+00:00
SAO_9020-10,São Paulo,3550308,True,,34202,,,-23.482273499999998,-46.723265999999995,,,,2,2023-06-17T12:40:20+00:00
SAO_172U-10,São Paulo,3550308,True,,33628,,,-23.436823500000003,-46.566249,,,,2,2023-06-17T12:40:21+00:00
SAO_172U-10,São Paulo,3550308,True,,33628,,,-23.549815125000002,-46.601456,,,,2,2023-06-17T12:40:42+00:00
SAO_172U-10,São Paulo,3550308,True,,33628,,,-23.436823500000003,-46.566249,,,,2,2023-06-17T12:40:11+00:00
SAO_172U-10,São Paulo,3550308,True,,33628,,,-23.436823500000003,-46.566249,,,,2,2023-06-17T12:40:16+00:00
SAO_172U-10,São Paulo,3550308,True,,33628,,,-23.52833225,-46.62540299999999,,,,2,2023-06-17T12:40:07+00:00
SAO_172U-10,São Paulo,3550308,True,,33628,,,-23.486185499999998,-46.6168945,,,,2,2023-06-17T12:40:09+00:00
SAO_9653-10,São Paulo,3550308,True,,33356,,,-23.525761625,-46.655074125,,,,2,2023-06-17T12:40:03+00:00
SAO_9653-10,São Paulo,3550308,True,,33356,,,-23.4645705,-46.65405375,,,,2,2023-06-17T12:40:39+00:00
SAO_2726-10,São Paulo,3550308,True,,33708,,,-23.523039249999997,-46.542952,,,,2,2023-06-17T12:40:24+00:00
SAO_2726-10,São Paulo,3550308,True,,33708,,,-23.508566000000002,-46.4683395,,,,2,2023-06-17T12:40:38+00:00
SAO_2726-10,São Paulo,3550308,True,,33708,,,-23.533234,-46.543972499999995,,,,2,2023-06-17T12:40:16+00:00
SAO_2726-10,São Paulo,3550308,True,,33708,,,-23.5098845,-46.497307,,,,2,2023-06-17T12:40:16+00:00
SAO_2726-10,São Paulo,3550308,True,,33708,,,-23.507967,-46.468248,,,,2,2023-06-17T12:40:30+00:00
SAO_3718-10,São Paulo,3550308,True,,33781,,,-23.541107,-46.4847105,,,,2,2023-06-17T12:40:45+00:00
SAO_3718-10,São Paulo,3550308,True,,33781,,,-23.55534875,-46.486689500000004,,,,2,2023-06-17T12:40:22+00:00
SAO_3718-10,São Paulo,3550308,True,,33781,,,-23.541107,-46.4847105,,,,2,2023-06-17T12:40:06+00:00
SAO_778R-10,São Paulo,3550308,True,EMTU,509,https://moovitapp.com/index/pt-br/transporte_p%C3%BAblico-line-509-Sao_Paulo-242-2038937-36419531-0,4.95,-23.573880000000003,-46.714006999999995,,,,1,2023-06-17T12:40:27+00:00
SAO_778R-10,São Paulo,3550308,True,EMTU,509,https://moovitapp.com/index/pt-br/transporte_p%C3%BAblico-line-509-Sao_Paulo-242-2038937-36419531-0,4.95,-23.585718,-46.805552500000005,,,,1,2023-06-17T12:40:19+00:00
SAO_778R-10,São Paulo,3550308,True,EMTU,509,https://moovitapp.com/index/pt-br/transporte_p%C3%BAblico-line-509-Sao_Paulo-242-2038937-36419531-0,4.95,-23.585486500000002,-46.80630975,,,,1,2023-06-17T12:40:07+00:00
SAO_8003-10,São Paulo,3550308,True,,34021,,,-23.517538000000002,-46.753069874999994,,,,2,2023-06-17T12:40:18+00:00
SAO_8003-10,São Paulo,3550308,True,,34021,,,-23.5202375,-46.7008215,,,,2,2023-06-17T12:40:12+00:00
SAO_775P-10,São Paulo,3550308,True,,33275,,,-23.5590385,-46.659078,,,,2,2023-06-17T12:40:33+00:00
SAO_775P-10,São Paulo,3550308,True,,33275,,,-23.5969165,-46.7683385,,,,2,2023-06-17T12:40:39+00:00
SAO_4035-10,São Paulo,3550308,True,,2560,,,-23.542716,-46.469168499999995,,,,1,2023-06-17T12:35:52+00:00
SAO_4035-10,São Paulo,3550308,True,,2560,,,-23.558645,-46.4390925,,,,1,2023-06-17T12:40:34+00:00
SAO_6412-10,São Paulo,3550308,True,,33538,,,-23.6192165,-46.7231865,,,,2,2023-06-17T12:40:44+00:00
SAO_6412-10,São Paulo,3550308,True,,33538,,,-23.583496249999996,-46.66908875,,,,2,2023-06-17T12:40:40+00:00
SAO_6412-10,São Paulo,3550308,True,,33538,,,-23.56706775,-46.648686999999995,,,,2,2023-06-17T12:40:34+00:00
SAO_6412-10,São Paulo,3550308,True,,33538,,,-23.61699275,-46.720967,,,,2,2023-06-17T12:40:04+00:00
SAO_6412-10,São Paulo,3550308,True,,33538,,,-23.5676645,-46.6490005,,,,2,2023-06-17T12:40:38+00:00
SAO_574J-10,São Paulo,3550308,True,,34453,,,-23.558235500000002,-46.522756,,,,2,2023-06-17T12:40:29+00:00
SAO_574J-10,São Paulo,3550308,True,,34453,,,-23.6272005,-46.6414305,,,,2,2023-06-17T12:40:27+00:00
SAO_574J-10,São Paulo,3550308,True,,34453,,,-23.626074625,-46.62102625,,,,2,2023-06-17T12:40:41+00:00
SAO_574J-10,São Paulo,3550308,True,,34453,,,-23.595467875,-46.600919250000004,,,,2,2023-06-17T12:40:13+00:00
SAO_574J-10,São Paulo,3550308,True,,34453,,,-23.564825499999998,-46.558142000000004,,,,2,2023-06-17T12:40:10+00:00
SAO_574J-10,São Paulo,3550308,True,,34453,,,-23.581855249999997,-46.5914535,,,,2,2023-06-17T12:40:16+00:00
SAO_574J-10,São Paulo,3550308,True,,34453,,,-23.558235500000002,-46.522756,,,,2,2023-06-17T12:40:35+00:00
SAO_574J-10,São Paulo,3550308,True,,34453,,,-23.57055875,-46.52865875,,,,2,2023-06-17T12:40:23+00:00
SAO_573A-10,São Paulo,3550308,True,,1637,,,-23.60978825,-46.55966425,,,,1,2023-06-17T12:40:39+00:00
SAO_573A-10,São Paulo,3550308,True,,1637,,,-23.599863874999997,-46.561820625,,,,1,2023-06-17T12:40:37+00:00
SAO_573A-10,São Paulo,3550308,True,,1637,,,-23.579336499999997,-46.5869685,,,,1,2023-06-17T12:38:05+00:00
SAO_573A-10,São Paulo,3550308,True,,1637,,,-23.601934375,-46.552046499999996,,,,1,2023-06-17T12:37:07+00:00
SAO_573A-10,São Paulo,3550308,True,,1637,,,-23.5613355,-46.598923,,,,1,2023-06-17T12:38:53+00:00
SAO_6450-10,São Paulo,3550308,True,,32827,,,-23.58769125,-46.67168025,,,,2,2023-06-17T12:40:31+00:00
SAO_6450-10,São Paulo,3550308,True,,32827,,,-23.6452905,-46.7039895,,,,2,2023-06-17T12:40:08+00:00
SAO_6450-10,São Paulo,3550308,True,,32827,,,-23.625450375,-46.686779625,,,,2,2023-06-17T12:40:27+00:00
SAO_6450-10,São Paulo,3550308,True,,32827,,,-23.654408500000002,-46.762060999999996,,,,2,2023-06-17T12:40:43+00:00
SAO_6450-10,São Paulo,3550308,True,,32827,,,-23.644468749999998,-46.7267045,,,,2,2023-06-17T12:40:44+00:00
SAO_6450-10,São Paulo,3550308,True,,32827,,,-23.5603275,-46.6551405,,,,2,2023-06-17T12:40:32+00:00
SAO_6075-10,São Paulo,3550308,True,,33930,,,-23.797689499999997,-46.7382825,,,,2,2023-06-17T12:40:17+00:00
SAO_6075-10,São Paulo,3550308,True,,33930,,,-23.797424,-46.737873,,,,2,2023-06-17T12:40:28+00:00
SAO_6075-10,São Paulo,3550308,True,,33930,,,-23.797689499999997,-46.7382825,,,,2,2023-06-17T12:40:12+00:00
SAO_6075-10,São Paulo,3550308,True,,33930,,,-23.797689499999997,-46.7382825,,,,2,2023-06-17T12:40:25+00:00
SAO_6075-10,São Paulo,3550308,True,,33930,,,-23.766939,-46.716361,,,,2,2023-06-17T12:40:22+00:00
SAO_707A-10,São Paulo,3550308,True,,34758,,,-23.6819565,-46.767112499999996,,,,2,2023-06-17T12:40:27+00:00
SAO_707A-10,São Paulo,3550308,True,,34758,,,-23.661460500000004,-46.706833,,,,2,2023-06-17T12:40:18+00:00
SAO_707A-10,São Paulo,3550308,True,,34758,,,-23.6105855,-46.6440045,,,,2,2023-06-17T12:40:01+00:00
SAO_8040-10,São Paulo,3550308,True,,33174,,,-23.521752,-46.7185675,,,,2,2023-06-17T12:40:10+00:00
SAO_8040-10,São Paulo,3550308,True,,33174,,,-23.519962,-46.69955950000001,,,,2,2023-06-17T12:40:23+00:00
SAO_8040-10,São Paulo,3550308,True,,33174,,,-23.467941,-46.754489,,,,2,2023-06-17T12:40:00+00:00
SAO_8040-10,São Paulo,3550308,True,,33174,,,-23.434704500000002,-46.782478499999996,,,,2,2023-06-17T12:40:40+00:00
SAO_8013-10,São Paulo,3550308,True,,33568,,,-23.4739985,-46.7716285,,,,2,2023-06-17T12:40:16+00:00
SAO_8013-10,São Paulo,3550308,True,,33568,,,-23.519316000000003,-46.70403,,,,2,2023-06-17T12:40:14+00:00
SAO_8013-10,São Paulo,3550308,True,,33568,,,-23.507381249999998,-46.745582125,,,,2,2023-06-17T12:40:04+00:00
SAO_8013-10,São Paulo,3550308,True,,33568,,,-23.508588500000002,-46.731703499999995,,,,2,2023-06-17T12:40:42+00:00
SAO_6006-10,São Paulo,3550308,True,,32943,,,-23.6711165,-46.67788924999999,,,,2,2023-06-17T12:40:16+00:00
SAO_6006-10,São Paulo,3550308,True,,32943,,,-23.6593375,-46.700141,,,,2,2023-06-17T12:40:28+00:00
SAO_6006-10,São Paulo,3550308,True,,32943,,,-23.691152,-46.7599185,,,,2,2023-06-17T12:40:21+00:00
SAO_6006-10,São Paulo,3550308,True,,32943,,,-23.681103,-46.7494415,,,,2,2023-06-17T12:40:41+00:00
SAO_8100-10,São Paulo,3550308,True,,34030,,,-23.48692225,-46.726247,,,,2,2023-06-17T12:40:41+00:00
SAO_8100-10,São Paulo,3550308,True,,34030,,,-23.51980975,-46.71170049999999,,,,2,2023-06-17T12:40:09+00:00
SAO_2724-10,São Paulo,3550308,True,,938,,,-23.5396445,-46.483602,,,,1,2023-06-17T12:40:15+00:00
SAO_2724-10,São Paulo,3550308,True,,938,,,-23.5396445,-46.483602,,,,1,2023-06-17T12:40:47+00:00
SAO_2724-10,São Paulo,3550308,True,,938,,,-23.5396445,-46.483602,,,,1,2023-06-17T12:40:04+00:00
SAO_2724-10,São Paulo,3550308,True,,938,,,-23.5396445,-46.483602,,,,1,2023-06-17T12:40:02+00:00
SAO_2724-10,São Paulo,3550308,True,,938,,,-23.5396445,-46.483602,,,,1,2023-06-17T12:40:39+00:00
SAO_2724-10,São Paulo,3550308,True,,938,,,-23.5396445,-46.483602,,,,1,2023-06-17T12:40:07+00:00
SAO_2724-10,São Paulo,3550308,True,,938,,,-23.52673125,-46.46953625,,,,1,2023-06-17T12:40:04+00:00
SAO_2724-10,São Paulo,3550308,True,,938,,,-23.5396445,-46.483602,,,,1,2023-06-17T12:40:04+00:00
SAO_2709-10,São Paulo,3550308,True,,33690,,,-23.529382,-46.50029325,,,,2,2023-06-17T12:40:46+00:00
SAO_2709-10,São Paulo,3550308,True,,33690,,,-23.5320405,-46.486112000000006,,,,2,2023-06-17T12:40:16+00:00
SAO_2709-10,São Paulo,3550308,True,,33690,,,-23.529722,-46.500626,,,,2,2023-06-17T12:40:26+00:00
SAO_573H-10,São Paulo,3550308,True,,1630,,,-23.6110995,-46.5011985,,,,1,2023-06-17T12:40:22+00:00
SAO_573H-10,São Paulo,3550308,True,,1630,,,-23.5685215,-46.584399499999996,,,,1,2023-06-17T12:40:45+00:00
SAO_573H-10,São Paulo,3550308,True,,1630,,,-23.6116475,-46.493727,,,,1,2023-06-17T12:37:26+00:00
SAO_573H-10,São Paulo,3550308,True,,1630,,,-23.557793750000002,-46.6035795,,,,1,2023-06-17T12:40:21+00:00
SAO_573H-10,São Paulo,3550308,True,,1630,,,-23.5850175,-46.524613,,,,1,2023-06-17T12:40:30+00:00
SAO_573H-10,São Paulo,3550308,True,,1630,,,-23.590174,-46.5065245,,,,1,2023-06-17T12:40:35+00:00
SAO_7040-10,São Paulo,3550308,True,,776,,,-23.601595500000002,-46.710685999999995,,,,1,2023-06-17T12:40:21+00:00
SAO_7040-10,São Paulo,3550308,True,,776,,,-23.5655225,-46.693991499999996,,,,1,2023-06-17T12:40:11+00:00
SAO_7040-10,São Paulo,3550308,True,,776,,,-23.565784999999998,-46.6937995,,,,1,2023-06-17T12:40:18+00:00
SAO_7040-10,São Paulo,3550308,True,,776,,,-23.5655225,-46.693991499999996,,,,1,2023-06-17T12:40:38+00:00
SAO_7040-10,São Paulo,3550308,True,,776,,,-23.5735465,-46.689059375,,,,1,2023-06-17T12:40:07+00:00
SAO_7040-10,São Paulo,3550308,True,,776,,,-23.620642,-46.723627,,,,1,2023-06-17T12:40:22+00:00
SAO_7040-10,São Paulo,3550308,True,,776,,,-23.5862645,-46.6976215,,,,1,2023-06-17T12:40:32+00:00
SAO_8029-10,São Paulo,3550308,True,,2540,,,-23.6153785,-46.742227,,,,1,2023-06-17T12:40:41+00:00
SAO_8029-10,São Paulo,3550308,True,,2540,,,-23.593814000000002,-46.720797000000005,,,,1,2023-06-17T12:40:11+00:00
SAO_857C-10,São Paulo,3550308,True,,1901,,,-23.620247,-46.6830215,,,,1,2023-06-17T12:40:27+00:00
SAO_857C-10,São Paulo,3550308,True,,1901,,,-23.635368,-46.641498,,,,1,2023-06-17T12:40:36+00:00
SAO_857C-10,São Paulo,3550308,True,,1901,,,-23.639345125,-46.743762625,,,,1,2023-06-17T12:40:43+00:00
SAO_3054-10,São Paulo,3550308,True,,33743,,,-23.594590500000002,-46.4477785,,,,2,2023-06-17T12:40:12+00:00
SAO_3054-10,São Paulo,3550308,True,,33743,,,-23.6112465,-46.493599,,,,2,2023-06-17T12:40:16+00:00
SAO_3054-10,São Paulo,3550308,True,,33743,,,-23.6112465,-46.493599,,,,2,2023-06-17T12:40:49+00:00
SAO_507T-10,São Paulo,3550308,True,,2208,,,-23.5696895,-46.508365874999996,,,,1,2023-06-17T12:40:26+00:00
SAO_507T-10,São Paulo,3550308,True,,2208,,,-23.6046275,-46.503304,,,,1,2023-06-17T12:40:18+00:00
SAO_507T-10,São Paulo,3550308,True,,2208,,,-23.546333,-46.542565,,,,1,2023-06-17T12:40:32+00:00
SAO_507T-10,São Paulo,3550308,True,,2208,,,-23.589594499999997,-46.508196,,,,1,2023-06-17T12:40:20+00:00
SAO_507T-10,São Paulo,3550308,True,,2208,,,-23.538742,-46.564669499999994,,,,1,2023-06-17T12:38:44+00:00
SAO_5105-10,São Paulo,3550308,True,,34419,,,-23.557978687499997,-46.617084125000005,,,,2,2023-06-17T12:40:29+00:00
SAO_5105-10,São Paulo,3550308,True,,34419,,,-23.579579,-46.5997845,,,,2,2023-06-17T12:40:37+00:00
SAO_5105-10,São Paulo,3550308,True,,34419,,,-23.6034215,-46.602013,,,,2,2023-06-17T12:40:02+00:00
SAO_5105-10,São Paulo,3550308,True,,34419,,,-23.6034215,-46.602013,,,,2,2023-06-17T12:40:40+00:00
SAO_5105-10,São Paulo,3550308,True,,34419,,,-23.603226749999997,-46.60239175,,,,2,2023-06-17T12:40:36+00:00
SAO_5105-10,São Paulo,3550308,True,,34419,,,-23.5472265,-46.6288135,,,,2,2023-06-17T12:40:05+00:00
SAO_5105-10,São Paulo,3550308,True,,34419,,,-23.603226749999997,-46.60239175,,,,2,2023-06-17T12:40:17+00:00
SAO_263J-10,São Paulo,3550308,True,EMTU,219,https://moovitapp.com/index/pt-br/transporte_p%C3%BAblico-line-219-Sao_Paulo-242-2038937-36419341-0,8.55,-23.549966249999997,-46.43092575,,,,1,2023-06-17T12:40:30+00:00
SAO_263J-10,São Paulo,3550308,True,EMTU,219,https://moovitapp.com/index/pt-br/transporte_p%C3%BAblico-line-219-Sao_Paulo-242-2038937-36419341-0,8.55,-23.549966249999997,-46.43092575,,,,1,2023-06-17T12:40:23+00:00
SAO_263J-10,São Paulo,3550308,True,EMTU,219,https://moovitapp.com/index/pt-br/transporte_p%C3%BAblico-line-219-Sao_Paulo-242-2038937-36419341-0,8.55,-23.50752,-46.4795465,,,,1,2023-06-17T12:40:10+00:00
SAO_263J-10,São Paulo,3550308,True,EMTU,219,https://moovitapp.com/index/pt-br/transporte_p%C3%BAblico-line-219-Sao_Paulo-242-2038937-36419341-0,8.55,-23.5230025,-46.545165499999996,,,,1,2023-06-17T12:40:25+00:00
SAO_263J-10,São Paulo,3550308,True,EMTU,219,https://moovitapp.com/index/pt-br/transporte_p%C3%BAblico-line-219-Sao_Paulo-242-2038937-36419341-0,8.55,-23.5325455,-46.4610755,,,,1,2023-06-17T12:40:22+00:00
SAO_129F-10,São Paulo,3550308,True,,2304,,,-23.513884500000003,-46.702664,,,,1,2023-06-17T12:40:40+00:00
SAO_129F-10,São Paulo,3550308,True,,2304,,,-23.52528975,-46.675345375000006,,,,1,2023-06-17T12:40:36+00:00
SAO_875A-10,São Paulo,3550308,True,,33377,,,-23.6138115,-46.65744375,,,,2,2023-06-17T12:40:24+00:00
SAO_875A-10,São Paulo,3550308,True,,33377,,,-23.6428455,-46.661547999999996,,,,2,2023-06-17T12:40:26+00:00
SAO_875A-10,São Paulo,3550308,True,,33377,,,-23.535788,-46.681535,,,,2,2023-06-17T12:40:34+00:00
SAO_875A-10,São Paulo,3550308,True,,33377,,,-23.6431975,-46.6622785,,,,2,2023-06-17T12:40:42+00:00
SAO_7012-10,São Paulo,3550308,True,,34811,,,-23.7103945,-46.77583224999999,,,,2,2023-06-17T12:40:18+00:00
SAO_7012-10,São Paulo,3550308,True,,34811,,,-23.693933,-46.7796675,,,,2,2023-06-17T12:40:27+00:00
SAO_7012-10,São Paulo,3550308,True,,34811,,,-23.7103945,-46.77583224999999,,,,2,2023-06-17T12:40:21+00:00
SAO_575C-10,São Paulo,3550308,True,,1686,,,-23.57162175,-46.547122,,,,1,2023-06-17T12:40:33+00:00
SAO_509J-10,São Paulo,3550308,True,EMTU,264,https://moovitapp.com/index/pt-br/transporte_p%C3%BAblico-line-264-Sao_Paulo-242-2038937-36419374-0,6.2,-23.6743995,-46.6627655,,,,1,2023-06-17T12:40:40+00:00
SAO_509J-10,São Paulo,3550308,True,EMTU,264,https://moovitapp.com/index/pt-br/transporte_p%C3%BAblico-line-264-Sao_Paulo-242-2038937-36419374-0,6.2,-23.581340750000003,-46.65644425,,,,1,2023-06-17T12:40:30+00:00
SAO_509J-10,São Paulo,3550308,True,EMTU,264,https://moovitapp.com/index/pt-br/transporte_p%C3%BAblico-line-264-Sao_Paulo-242-2038937-36419374-0,6.2,-23.687447499999998,-46.655168,,,,1,2023-06-17T12:40:01+00:00
SAO_509J-10,São Paulo,3550308,True,EMTU,264,https://moovitapp.com/index/pt-br/transporte_p%C3%BAblico-line-264-Sao_Paulo-242-2038937-36419374-0,6.2,-23.62267575,-46.661668875000004,,,,1,2023-06-17T12:40:09+00:00
SAO_9014-10,São Paulo,3550308,True,,1425,,,-23.5049275,-46.689317,,,,1,2023-06-17T12:40:30+00:00
SAO_9014-10,São Paulo,3550308,True,,1425,,,-23.47191,-46.706124,,,,1,2023-06-17T12:40:31+00:00
SAO_3718-10,São Paulo,3550308,True,,1013,,,-23.540392,-46.485367499999995,,,,1,2023-06-17T12:40:27+00:00
SAO_3718-10,São Paulo,3550308,True,,1013,,,-23.5536655,-46.4905825,,,,1,2023-06-17T12:40:23+00:00
SAO_3718-10,São Paulo,3550308,True,,1013,,,-23.557025,-46.4865765,,,,1,2023-06-17T12:40:39+00:00
SAO_5012-10,São Paulo,3550308,True,,33884,,,-23.6459105,-46.6397875,,,,2,2023-06-17T12:40:20+00:00
SAO_5012-10,São Paulo,3550308,True,,33884,,,-23.6459105,-46.6397875,,,,2,2023-06-17T12:40:22+00:00
SAO_5012-10,São Paulo,3550308,True,,33884,,,-23.662673249999997,-46.637871000000004,,,,2,2023-06-17T12:40:35+00:00
SAO_5012-10,São Paulo,3550308,True,,33884,,,-23.681403,-46.638069,,,,2,2023-06-17T12:40:46+00:00
SAO_5012-10,São Paulo,3550308,True,,33884,,,-23.6459105,-46.6397875,,,,2,2023-06-17T12:40:25+00:00
SAO_5012-10,São Paulo,3550308,True,,33884,,,-23.702925999999998,-46.638508,,,,2,2023-06-17T12:40:33+00:00
SAO_5012-10,São Paulo,3550308,True,,33884,,,-23.710048999999998,-46.6358415,,,,2,2023-06-17T12:40:36+00:00
SAO_5012-10,São Paulo,3550308,True,,33884,,,-23.6459105,-46.6397875,,,,2,2023-06-17T12:39:53+00:00
SAO_5012-10,São Paulo,3550308,True,,33884,,,-23.6459105,-46.6397875,,,,2,2023-06-17T12:40:05+00:00
SAO_5012-10,São Paulo,3550308,True,,33884,,,-23.6459105,-46.6397875,,,,2,2023-06-17T12:40:00+00:00
SAO_5012-10,São Paulo,3550308,True,,33884,,,-23.7034035,-46.625357,,,,2,2023-06-17T12:39:33+00:00
SAO_5012-10,São Paulo,3550308,True,,33884,,,-23.6459105,-46.6397875,,,,2,2023-06-17T12:40:30+00:00
SAO_1771-10,São Paulo,3550308,True,,33402,,,-23.4922745,-46.6243145,,,,2,2023-06-17T12:38:04+00:00
SAO_1771-10,São Paulo,3550308,True,,33402,,,-23.4308,-46.5751545,,,,2,2023-06-17T12:40:30+00:00
SAO_3741-10,São Paulo,3550308,True,,33809,,,-23.5619685,-46.4559765,,,,2,2023-06-17T12:40:35+00:00
SAO_2552-10,São Paulo,3550308,True,,142,,,-23.545441,-46.630475000000004,,,,1,2023-06-17T12:40:02+00:00
SAO_2552-10,São Paulo,3550308,True,,142,,,-23.5366255,-46.589150000000004,,,,1,2023-06-17T12:40:28+00:00
SAO_2552-10,São Paulo,3550308,True,,142,,,-23.5055965,-46.475289000000004,,,,1,2023-06-17T12:40:18+00:00
SAO_2552-10,São Paulo,3550308,True,,142,,,-23.52146475,-46.548181,,,,1,2023-06-17T12:40:07+00:00
SAO_2552-10,São Paulo,3550308,True,,142,,,-23.486387,-46.437343999999996,,,,1,2023-06-17T12:40:42+00:00
SAO_9300-10,São Paulo,3550308,True,EMTU,116,https://moovitapp.com/index/pt-br/transporte_p%C3%BAblico-line-116-Sao_Paulo-242-2038937-36419276-0,12.1,-23.509026,-46.6662465,,,,1,2023-06-17T12:40:17+00:00
SAO_9300-10,São Paulo,3550308,True,EMTU,116,https://moovitapp.com/index/pt-br/transporte_p%C3%BAblico-line-116-Sao_Paulo-242-2038937-36419276-0,12.1,-23.537076999999996,-46.642129749999995,,,,1,2023-06-17T12:40:29+00:00
SAO_2713-10,São Paulo,3550308,True,,32988,,,-23.5335155,-46.545899,,,,2,2023-06-17T12:40:43+00:00
SAO_746K-10,São Paulo,3550308,True,STT,787,https://moovitapp.com/index/pt-br/transporte_p%C3%BAblico-line-787-Sao_Paulo-242-850661-183355-0,5.3,-23.61527175,-46.684777,,,,1,2023-06-17T12:40:37+00:00
SAO_746K-10,São Paulo,3550308,True,STT,787,https://moovitapp.com/index/pt-br/transporte_p%C3%BAblico-line-787-Sao_Paulo-242-850661-183355-0,5.3,-23.6252435,-46.718018,,,,1,2023-06-17T12:40:01+00:00
SAO_8014-10,São Paulo,3550308,True,,801,,,-23.451566,-46.7938635,,,,1,2023-06-17T12:40:35+00:00
SAO_8014-10,São Paulo,3550308,True,,801,,,-23.40665025,-46.755919750000004,,,,1,2023-06-17T12:40:39+00:00
SAO_8014-10,São Paulo,3550308,True,,801,,,-23.432118687499997,-46.786837625000004,,,,1,2023-06-17T12:40:17+00:00
SAO_9005-10,São Paulo,3550308,True,,33640,,,-23.475037999999998,-46.6699335,,,,2,2023-06-17T12:40:33+00:00
SAO_9005-10,São Paulo,3550308,True,,33640,,,-23.4542405,-46.693987250000006,,,,2,2023-06-17T12:40:40+00:00
SAO_9005-10,São Paulo,3550308,True,,33640,,,-23.475717,-46.6706725,,,,2,2023-06-17T12:40:41+00:00
SAO_9005-10,São Paulo,3550308,True,,33640,,,-23.4541735,-46.694269750000004,,,,2,2023-06-17T12:40:11+00:00
SAO_9005-10,São Paulo,3550308,True,,33640,,,-23.4542405,-46.693987250000006,,,,2,2023-06-17T12:40:18+00:00
SAO_9005-10,São Paulo,3550308,True,,33640,,,-23.4596715,-46.67415,,,,2,2023-06-17T12:40:26+00:00
SAO_9005-10,São Paulo,3550308,True,,33640,,,-23.4500575,-46.679872,,,,2,2023-06-17T12:39:55+00:00
SAO_6084-10,São Paulo,3550308,True,,33937,,,-23.774540000000002,-46.6839605,,,,2,2023-06-17T12:40:33+00:00
SAO_6084-10,São Paulo,3550308,True,,33937,,,-23.7812805,-46.67209375,,,,2,2023-06-17T12:40:45+00:00
SAO_6084-10,São Paulo,3550308,True,,33937,,,-23.7812805,-46.67209375,,,,2,2023-06-17T12:40:42+00:00
SAO_6084-10,São Paulo,3550308,True,,33937,,,-23.7812805,-46.67209375,,,,2,2023-06-17T12:40:17+00:00
SAO_6084-10,São Paulo,3550308,True,,33937,,,-23.7812805,-46.67209375,,,,2,2023-06-17T12:40:42+00:00
SAO_6084-10,São Paulo,3550308,True,,33937,,,-23.7812805,-46.67209375,,,,2,2023-06-17T12:40:24+00:00
SAO_6084-10,São Paulo,3550308,True,,33937,,,-23.7812805,-46.67209375,,,,2,2023-06-17T12:40:08+00:00
SAO_6084-10,São Paulo,3550308,True,,33937,,,-23.7804005,-46.6732885,,,,2,2023-06-17T12:40:02+00:00
SAO_6084-10,São Paulo,3550308,True,,33937,,,-23.7812805,-46.67209375,,,,2,2023-06-17T12:40:33+00:00
SAO_6084-10,São Paulo,3550308,True,,33937,,,-23.7812805,-46.67209375,,,,2,2023-06-17T12:40:28+00:00
SAO_2031-10,São Paulo,3550308,True,EMTU,367,https://moovitapp.com/index/pt-br/transporte_p%C3%BAblico-line-367-Sao_Paulo-242-2038937-36419446-0,4.9,-23.502127,-46.380302,,,,1,2023-06-17T12:40:05+00:00
SAO_2031-10,São Paulo,3550308,True,EMTU,367,https://moovitapp.com/index/pt-br/transporte_p%C3%BAblico-line-367-Sao_Paulo-242-2038937-36419446-0,4.9,-23.494115,-46.43924975,,,,1,2023-06-17T12:40:26+00:00
SAO_6412-10,São Paulo,3550308,True,,770,,,-23.617552500000002,-46.704416499999994,,,,1,2023-06-17T12:40:12+00:00
SAO_6412-10,São Paulo,3550308,True,,770,,,-23.603646249999997,-46.67935025,,,,1,2023-06-17T12:40:38+00:00
SAO_2523-10,São Paulo,3550308,True,,33018,,,-23.5234575,-46.432190500000004,,,,2,2023-06-17T12:40:12+00:00
SAO_2523-10,São Paulo,3550308,True,,33018,,,-23.5216,-46.4253885,,,,2,2023-06-17T12:40:46+00:00
SAO_2523-10,São Paulo,3550308,True,,33018,,,-23.51543675,-46.456217499999994,,,,2,2023-06-17T12:40:47+00:00
SAO_2523-10,São Paulo,3550308,True,,33018,,,-23.5182095,-46.475659,,,,2,2023-06-17T12:40:26+00:00
SAO_6047-10,São Paulo,3550308,True,,33992,,,-23.65332575,-46.74067475,,,,2,2023-06-17T12:40:38+00:00
SAO_6047-10,São Paulo,3550308,True,,33992,,,-23.668284,-46.763536,,,,2,2023-06-17T12:40:11+00:00
SAO_6047-10,São Paulo,3550308,True,,33992,,,-23.641527,-46.716401125000004,,,,2,2023-06-17T12:40:49+00:00
SAO_930P-10,São Paulo,3550308,True,,2115,,,-23.56532825,-46.69718675,,,,1,2023-06-17T12:40:33+00:00
SAO_930P-10,São Paulo,3550308,True,,2115,,,-23.549774499999998,-46.645565000000005,,,,1,2023-06-17T12:40:17+00:00
SAO_930P-10,São Paulo,3550308,True,,2115,,,-23.5767725,-46.679682625,,,,1,2023-06-17T12:40:05+00:00
SAO_930P-10,São Paulo,3550308,True,,2115,,,-23.54893,-46.62942425,,,,1,2023-06-17T12:37:15+00:00
SAO_7060-10,São Paulo,3550308,True,,34657,,,-23.662627,-46.78067125,,,,2,2023-06-17T12:40:24+00:00
SAO_7060-10,São Paulo,3550308,True,,34657,,,-23.653551,-46.777357,,,,2,2023-06-17T12:40:12+00:00
SAO_9008-10,São Paulo,3550308,True,,33643,,,-23.427988,-46.71467975,,,,2,2023-06-17T12:40:18+00:00
SAO_9008-10,São Paulo,3550308,True,,33643,,,-23.463238750000002,-46.682105750000005,,,,2,2023-06-17T12:40:35+00:00
SAO_9008-10,São Paulo,3550308,True,,33643,,,-23.475020999999998,-46.670199,,,,2,2023-06-17T12:40:22+00:00
SAO_6035-21,São Paulo,3550308,True,,34563,,,-23.72062,-46.7558005,,,,2,2023-06-17T12:40:33+00:00
SAO_6035-21,São Paulo,3550308,True,,34563,,,-23.680833749999998,-46.734853,,,,2,2023-06-17T12:40:20+00:00
SAO_6035-21,São Paulo,3550308,True,,34563,,,-23.720443500000002,-46.769979875,,,,2,2023-06-17T12:40:35+00:00
SAO_5034-10,São Paulo,3550308,True,,1663,,,-23.65059575,-46.59626225,,,,1,2023-06-17T12:40:14+00:00
SAO_5034-10,São Paulo,3550308,True,,1663,,,-23.609925500000003,-46.599834125,,,,1,2023-06-17T12:40:16+00:00
SAO_7054-10,São Paulo,3550308,True,,41,,,-23.63553725,-46.776439499999995,,,,1,2023-06-17T12:40:21+00:00
SAO_7054-10,São Paulo,3550308,True,,41,,,-23.6517055,-46.7906215,,,,1,2023-06-17T12:40:24+00:00
SAO_7054-10,São Paulo,3550308,True,,41,,,-23.6517055,-46.7906215,,,,1,2023-06-17T12:40:45+00:00
SAO_390E-10,São Paulo,3550308,True,,34650,,,-23.540104,-46.611777249999996,,,,2,2023-06-17T12:40:19+00:00
SAO_390E-10,São Paulo,3550308,True,,34650,,,-23.519194499999998,-46.5471035,,,,2,2023-06-17T12:40:15+00:00
SAO_390E-10,São Paulo,3550308,True,,34650,,,-23.536765000000003,-46.589805,,,,2,2023-06-17T12:40:45+00:00
SAO_6475-10,São Paulo,3550308,True,,34085,,,-23.670895,-46.75936299999999,,,,2,2023-06-17T12:40:23+00:00
SAO_6475-10,São Paulo,3550308,True,,34085,,,-23.646319499999997,-46.7563775,,,,2,2023-06-17T12:40:22+00:00
SAO_6475-10,São Paulo,3550308,True,,34085,,,-23.576207500000002,-46.670314,,,,2,2023-06-17T12:40:23+00:00
SAO_6825-10,São Paulo,3550308,True,,32782,,,-23.684833,-46.799732250000005,,,,2,2023-06-17T12:40:28+00:00
SAO_5024-31,São Paulo,3550308,True,,1123,,,-23.68858,-46.648693,,,,1,2023-06-17T12:40:46+00:00
SAO_5024-31,São Paulo,3550308,True,,1123,,,-23.679492250000003,-46.684490249999996,,,,1,2023-06-17T12:40:14+00:00
SAO_5024-31,São Paulo,3550308,True,,1123,,,-23.68858,-46.648693,,,,1,2023-06-17T12:40:11+00:00
SAO_5024-31,São Paulo,3550308,True,,1123,,,-23.653818,-46.704584,,,,1,2023-06-17T12:40:36+00:00
SAO_5143-10,São Paulo,3550308,True,,1628,,,-23.584208,-46.5860395,,,,1,2023-06-17T12:40:45+00:00
SAO_5018-10,São Paulo,3550308,True,,34260,,,-23.677508500000002,-46.644321500000004,,,,2,2023-06-17T12:40:10+00:00
SAO_5018-10,São Paulo,3550308,True,,34260,,,-23.664089,-46.650504,,,,2,2023-06-17T12:40:33+00:00
SAO_5018-10,São Paulo,3550308,True,,34260,,,-23.673924937500004,-46.67684456250001,,,,2,2023-06-17T12:40:04+00:00
SAO_5018-10,São Paulo,3550308,True,,34260,,,-23.675765,-46.673557,,,,2,2023-06-17T12:40:08+00:00
SAO_272N-10,São Paulo,3550308,True,,33473,,,-23.529482,-46.608388000000005,,,,2,2023-06-17T12:38:52+00:00
SAO_809V-10,São Paulo,3550308,True,,2243,,,-23.576069500000003,-46.730306999999996,,,,1,2023-06-17T12:40:44+00:00
SAO_2059-10,São Paulo,3550308,True,,33028,,,-23.493502749999998,-46.4426755,,,,2,2023-06-17T12:40:12+00:00
SAO_2059-10,São Paulo,3550308,True,,33028,,,-23.491025999999998,-46.441859,,,,2,2023-06-17T12:40:13+00:00
SAO_2059-10,São Paulo,3550308,True,,33028,,,-23.516199,-46.422993500000004,,,,2,2023-06-17T12:40:17+00:00
SAO_2059-10,São Paulo,3550308,True,,33028,,,-23.5028805,-46.439842999999996,,,,2,2023-06-17T12:40:44+00:00
SAO_2182-10,São Paulo,3550308,True,STT,700,https://moovitapp.com/index/pt-br/transporte_p%C3%BAblico-line-700-Sao_Paulo-242-850661-183337-0,5.3,-23.52939825,-46.602333,,,,1,2023-06-17T12:40:37+00:00
SAO_2182-10,São Paulo,3550308,True,STT,700,https://moovitapp.com/index/pt-br/transporte_p%C3%BAblico-line-700-Sao_Paulo-242-850661-183337-0,5.3,-23.54167475,-46.6280045,,,,1,2023-06-17T12:40:20+00:00
SAO_2182-10,São Paulo,3550308,True,STT,700,https://moovitapp.com/index/pt-br/transporte_p%C3%BAblico-line-700-Sao_Paulo-242-850661-183337-0,5.3,-23.497451,-46.574927875,,,,1,2023-06-17T12:37:17+00:00
SAO_2290-10,São Paulo,3550308,True,,33486,,,-23.5974035,-46.486855750000004,,,,2,2023-06-17T12:40:13+00:00
SAO_2290-10,São Paulo,3550308,True,,33486,,,-23.574454000000003,-46.50493375,,,,2,2023-06-17T12:40:21+00:00
SAO_2290-10,São Paulo,3550308,True,,33486,,,-23.53642875,-46.5880015,,,,2,2023-06-17T12:40:35+00:00
SAO_2290-10,São Paulo,3550308,True,,33486,,,-23.561563125,-46.517986500000006,,,,2,2023-06-17T12:40:25+00:00
SAO_2290-10,São Paulo,3550308,True,,33486,,,-23.53906475,-46.6071805,,,,2,2023-06-17T12:40:28+00:00
SAO_2290-10,São Paulo,3550308,True,,33486,,,-23.612626499999998,-46.476102499999996,,,,2,2023-06-17T12:40:24+00:00
SAO_2290-10,São Paulo,3550308,True,,33486,,,-23.612626499999998,-46.476102499999996,,,,2,2023-06-17T12:40:25+00:00
SAO_2290-10,São Paulo,3550308,True,,33486,,,-23.539764750000003,-46.55244999999999,,,,2,2023-06-17T12:40:44+00:00
SAO_2290-10,São Paulo,3550308,True,,33486,,,-23.612947,-46.476177500000006,,,,2,2023-06-17T12:40:27+00:00
SAO_5015-10,São Paulo,3550308,True,,33887,,,-23.6920055,-46.659695,,,,2,2023-06-17T12:40:36+00:00
SAO_5015-10,São Paulo,3550308,True,,33887,,,-23.647399,-46.639229,,,,2,2023-06-17T12:40:38+00:00
SAO_5015-10,São Paulo,3550308,True,,33887,,,-23.6921215,-46.6596865,,,,2,2023-06-17T12:40:42+00:00
SAO_5015-10,São Paulo,3550308,True,,33887,,,-23.6699945,-46.641628499999996,,,,2,2023-06-17T12:40:22+00:00
SAO_5015-10,São Paulo,3550308,True,,33887,,,-23.6854065,-46.6640635,,,,2,2023-06-17T12:40:02+00:00
SAO_476A-10,São Paulo,3550308,True,,304,,,-23.650370000000002,-46.7069175,,,,1,2023-06-17T12:40:18+00:00
SAO_476A-10,São Paulo,3550308,True,,304,,,-23.5997025,-46.632253,,,,1,2023-06-17T12:40:42+00:00
SAO_7006-51,São Paulo,3550308,True,,1997,,,-23.6894615,-46.77340325,,,,1,2023-06-17T12:40:37+00:00
SAO_7006-51,São Paulo,3550308,True,,1997,,,-23.742749500000002,-46.782064,,,,1,2023-06-17T12:40:41+00:00
SAO_7006-51,São Paulo,3550308,True,,1997,,,-23.724632375,-46.785788249999996,,,,1,2023-06-17T12:40:43+00:00
SAO_6093-10,São Paulo,3550308,True,,34353,,,-23.832611,-46.7228125,,,,2,2023-06-17T12:40:42+00:00
SAO_6093-10,São Paulo,3550308,True,,34353,,,-23.742211,-46.7067505,,,,2,2023-06-17T12:40:03+00:00
SAO_6093-10,São Paulo,3550308,True,,34353,,,-23.856699,-46.71547525,,,,2,2023-06-17T12:37:56+00:00
SAO_2717-10,São Paulo,3550308,True,Urubupungá,930,https://moovitapp.com/index/pt-br/transporte_p%C3%BAblico-line-930-Sao_Paulo-242-873835-496473-0,4.6,-23.5242335,-46.522881749999996,,,,1,2023-06-17T12:39:32+00:00
SAO_2717-10,São Paulo,3550308,True,Urubupungá,930,https://moovitapp.com/index/pt-br/transporte_p%C3%BAblico-line-930-Sao_Paulo-242-873835-496473-0,4.6,-23.50553025,-46.513396,,,,1,2023-06-17T12:40:10+00:00
SAO_374V-10,São Paulo,3550308,True,,34415,,,-23.5116805,-46.454798749999995,,,,2,2023-06-17T12:40:30+00:00
SAO_374V-10,São Paulo,3550308,True,,34415,,,-23.5243385,-46.45321425,,,,2,2023-06-17T12:40:04+00:00
SAO_2021-10,São Paulo,3550308,True,,33674,,,-23.5417215,-46.416351500000005,,,,2,2023-06-17T12:40:12+00:00
SAO_2021-10,São Paulo,3550308,True,,33674,,,-23.544535,-46.389844,,,,2,2023-06-17T12:40:09+00:00
SAO_2021-10,São Paulo,3550308,True,,33674,,,-23.5420865,-46.415293500000004,,,,2,2023-06-17T12:40:36+00:00
SAO_2021-10,São Paulo,3550308,True,,33674,,,-23.54029825,-46.395640625,,,,2,2023-06-17T12:40:19+00:00
SAO_575C-10,São Paulo,3550308,True,,34454,,,-23.573749,-46.532311500000006,,,,2,2023-06-17T12:40:04+00:00
SAO_575C-10,São Paulo,3550308,True,,34454,,,-23.57545125,-46.60322875,,,,2,2023-06-17T12:40:12+00:00
SAO_809H-10,São Paulo,3550308,True,,2245,,,-23.524589499999998,-46.71670949999999,,,,1,2023-06-17T12:40:28+00:00
SAO_809H-10,São Paulo,3550308,True,,2245,,,-23.567501,-46.7546545,,,,1,2023-06-17T12:40:12+00:00
SAO_6835-10,São Paulo,3550308,True,BR7 Mobilidade,12,https://moovitapp.com/index/pt-br/transporte_p%C3%BAblico-line-12-Sao_Paulo-242-851856-542340-0,5.75,-23.681694,-46.7843035,,,,1,2023-06-17T12:40:40+00:00
SAO_971D-10,São Paulo,3550308,True,,33477,,,-23.448029,-46.6970745,,,,2,2023-06-17T12:40:13+00:00
SAO_971D-10,São Paulo,3550308,True,,33477,,,-23.504321875000002,-46.624678125,,,,2,2023-06-17T12:40:27+00:00
SAO_971D-10,São Paulo,3550308,True,,33477,,,-23.447985,-46.697056,,,,2,2023-06-17T12:40:11+00:00
SAO_971D-10,São Paulo,3550308,True,,33477,,,-23.4798085,-46.661767499999996,,,,2,2023-06-17T12:40:13+00:00
SAO_809D-10,São Paulo,3550308,True,,2068,,,-23.5696595,-46.697385,,,,1,2023-06-17T12:40:09+00:00
SAO_809D-10,São Paulo,3550308,True,,2068,,,-23.583851250000002,-46.735541874999996,,,,1,2023-06-17T12:40:36+00:00
SAO_809D-10,São Paulo,3550308,True,,2068,,,-23.602029,-46.787119000000004,,,,1,2023-06-17T12:40:37+00:00
SAO_7050-10,São Paulo,3550308,True,,1884,,,-23.63553725,-46.776439499999995,,,,1,2023-06-17T12:40:25+00:00
SAO_7050-10,São Paulo,3550308,True,,1884,,,-23.6565075,-46.7763865,,,,1,2023-06-17T12:40:17+00:00
SAO_7050-10,São Paulo,3550308,True,,1884,,,-23.6566405,-46.776344,,,,1,2023-06-17T12:40:05+00:00
SAO_7050-10,São Paulo,3550308,True,,1884,,,-23.6621345,-46.779826,,,,1,2023-06-17T12:40:34+00:00
SAO_7050-10,São Paulo,3550308,True,,1884,,,-23.6566405,-46.776344,,,,1,2023-06-17T12:40:42+00:00
SAO_1024-10,São Paulo,3550308,True,,35070,,,-23.468888,-46.69756825,,,,2,2023-06-17T12:40:35+00:00
SAO_1024-10,São Paulo,3550308,True,,35070,,,-23.461024000000002,-46.708865,,,,2,2023-06-17T12:40:20+00:00
SAO_8010-10,São Paulo,3550308,True,,33566,,,-23.5182525,-46.701910999999996,,,,2,2023-06-17T12:40:30+00:00
SAO_8010-10,São Paulo,3550308,True,,33566,,,-23.419446,-46.7493745,,,,2,2023-06-17T12:40:37+00:00
SAO_8010-10,São Paulo,3550308,True,,33566,,,-23.5152765,-46.70668,,,,2,2023-06-17T12:39:58+00:00
SAO_8010-10,São Paulo,3550308,True,,33566,,,-23.49569725,-46.71346825,,,,2,2023-06-17T12:40:35+00:00
SAO_8010-10,São Paulo,3550308,True,,33566,,,-23.405923,-46.755074,,,,2,2023-06-17T12:40:16+00:00
SAO_8010-10,São Paulo,3550308,True,,33566,,,-23.405450000000002,-46.7349175,,,,2,2023-06-17T12:40:38+00:00
SAO_8010-10,São Paulo,3550308,True,,33566,,,-23.446334999999998,-46.722477,,,,2,2023-06-17T12:40:20+00:00
SAO_172K-10,São Paulo,3550308,True,,33625,,,-23.480017500000002,-46.607419,,,,2,2023-06-17T12:40:43+00:00
SAO_172K-10,São Paulo,3550308,True,,33625,,,-23.488993999999998,-46.594353999999996,,,,2,2023-06-17T12:40:20+00:00
SAO_172K-10,São Paulo,3550308,True,,33625,,,-23.4565275,-46.5947325,,,,2,2023-06-17T12:40:36+00:00
SAO_172K-10,São Paulo,3550308,True,,33625,,,-23.456656000000002,-46.5947925,,,,2,2023-06-17T12:40:09+00:00
SAO_172K-10,São Paulo,3550308,True,,33625,,,-23.456327,-46.5947025,,,,2,2023-06-17T12:40:10+00:00
SAO_4286-10,São Paulo,3550308,True,,33094,,,-23.5850115,-46.5840575,,,,2,2023-06-17T12:40:30+00:00
SAO_4286-10,São Paulo,3550308,True,,33094,,,-23.60750775,-46.52794575,,,,2,2023-06-17T12:40:41+00:00
SAO_199D-10,São Paulo,3550308,True,,2135,,,-23.485856,-46.71054650000001,,,,1,2023-06-17T12:40:33+00:00
SAO_199D-10,São Paulo,3550308,True,,2135,,,-23.523345374999998,-46.70298687500001,,,,1,2023-06-17T12:40:30+00:00
SAO_199D-10,São Paulo,3550308,True,,2135,,,-23.549574,-46.683075,,,,1,2023-06-17T12:40:28+00:00
SAO_971M-10,São Paulo,3550308,True,,33380,,,-23.486286,-46.652302999999996,,,,2,2023-06-17T12:40:36+00:00
SAO_971M-10,São Paulo,3550308,True,,33380,,,-23.490305,-46.6886595,,,,2,2023-06-17T12:40:09+00:00
SAO_971M-10,São Paulo,3550308,True,,33380,,,-23.481862125,-46.68689325,,,,2,2023-06-17T12:40:25+00:00
SAO_971M-10,São Paulo,3550308,True,,33380,,,-23.500336,-46.624546,,,,2,2023-06-17T12:40:28+00:00
SAO_6099-10,São Paulo,3550308,True,,1587,,,-23.82200675,-46.7360084375,,,,1,2023-06-17T12:40:40+00:00
SAO_6099-10,São Paulo,3550308,True,,1587,,,-23.7616975,-46.71563625,,,,1,2023-06-17T12:40:41+00:00
SAO_746C-10,São Paulo,3550308,True,,33551,,,-23.650399,-46.7076415,,,,2,2023-06-17T12:40:21+00:00
SAO_746C-10,São Paulo,3550308,True,,33551,,,-23.650399,-46.7076415,,,,2,2023-06-17T12:40:08+00:00
SAO_746C-10,São Paulo,3550308,True,,33551,,,-23.608864,-46.7509105,,,,2,2023-06-17T12:40:21+00:00
SAO_746C-10,São Paulo,3550308,True,,33551,,,-23.6421285,-46.735219,,,,2,2023-06-17T12:40:26+00:00
SAO_746C-10,São Paulo,3550308,True,,33551,,,-23.639675249999996,-46.72064625,,,,2,2023-06-17T12:40:19+00:00
SAO_746C-10,São Paulo,3550308,True,,33551,,,-23.608864500000003,-46.751143,,,,2,2023-06-17T12:40:14+00:00
SAO_746C-10,São Paulo,3550308,True,,33551,,,-23.62803225,-46.73590874999999,,,,2,2023-06-17T12:40:21+00:00
SAO_746C-10,São Paulo,3550308,True,,33551,,,-23.6133305,-46.742624500000005,,,,2,2023-06-17T12:40:09+00:00
SAO_9050-10,São Paulo,3550308,True,,2088,,,-23.5673645,-46.693618,,,,1,2023-06-17T12:40:34+00:00
SAO_9050-10,São Paulo,3550308,True,,2088,,,-23.520269,-46.6991845,,,,1,2023-06-17T12:40:41+00:00
SAO_5370-10,São Paulo,3550308,True,,1442,,,-23.698055749999998,-46.701179749999994,,,,1,2023-06-17T12:40:11+00:00
SAO_5370-10,São Paulo,3550308,True,,1442,,,-23.677031125,-46.70759425,,,,1,2023-06-17T12:40:09+00:00
SAO_5370-10,São Paulo,3550308,True,,1442,,,-23.728143000000003,-46.699055,,,,1,2023-06-17T12:40:40+00:00
SAO_5370-10,São Paulo,3550308,True,,1442,,,-23.754177,-46.711667,,,,1,2023-06-17T12:40:20+00:00
SAO_5370-10,São Paulo,3550308,True,,1442,,,-23.6886315,-46.701716,,,,1,2023-06-17T12:40:24+00:00
SAO_5370-10,São Paulo,3550308,True,,1442,,,-23.634135,-46.69092675,,,,1,2023-06-17T12:40:39+00:00
SAO_5370-10,São Paulo,3550308,True,,1442,,,-23.5868985,-46.652587499999996,,,,1,2023-06-17T12:40:35+00:00
SAO_5370-10,São Paulo,3550308,True,,1442,,,-23.657738,-46.701657125,,,,1,2023-06-17T12:40:26+00:00
SAO_1783-10,São Paulo,3550308,True,,644,,,-23.502214000000002,-46.6235875,,,,1,2023-06-17T12:40:29+00:00
SAO_1783-10,São Paulo,3550308,True,,644,,,-23.502214000000002,-46.6235875,,,,1,2023-06-17T12:40:03+00:00
SAO_1783-10,São Paulo,3550308,True,,644,,,-23.502214000000002,-46.6235875,,,,1,2023-06-17T12:40:09+00:00
SAO_1783-10,São Paulo,3550308,True,,644,,,-23.418351,-46.586143,,,,1,2023-06-17T12:40:34+00:00
SAO_1783-10,São Paulo,3550308,True,,644,,,-23.476603500000003,-46.6097245,,,,1,2023-06-17T12:40:06+00:00
SAO_477U-10,São Paulo,3550308,True,,306,,,-23.588300875,-46.607157125,,,,1,2023-06-17T12:39:52+00:00
SAO_1722-10,São Paulo,3550308,True,,864,,,-23.4601995,-46.620883000000006,,,,1,2023-06-17T12:40:18+00:00
SAO_1722-10,São Paulo,3550308,True,,864,,,-23.4586135,-46.585758999999996,,,,1,2023-06-17T12:40:36+00:00
SAO_1722-10,São Paulo,3550308,True,,864,,,-23.459332,-46.6206435,,,,1,2023-06-17T12:40:36+00:00
SAO_1722-10,São Paulo,3550308,True,,864,,,-23.479046500000003,-46.6015705,,,,1,2023-06-17T12:40:11+00:00
SAO_1722-10,São Paulo,3550308,True,,864,,,-23.482192,-46.672304,,,,1,2023-06-17T12:40:28+00:00
SAO_1722-10,São Paulo,3550308,True,,864,,,-23.4744725,-46.656526,,,,1,2023-06-17T12:40:10+00:00
SAO_2756-10,São Paulo,3550308,True,,33006,,,-23.5444265,-46.390927,,,,2,2023-06-17T12:40:11+00:00
SAO_2756-10,São Paulo,3550308,True,,33006,,,-23.521584750000002,-46.41822175,,,,2,2023-06-17T12:40:43+00:00
SAO_1758-10,São Paulo,3550308,True,,33320,,,-23.500336,-46.624546,,,,2,2023-06-17T12:40:33+00:00
SAO_1758-10,São Paulo,3550308,True,,33320,,,-23.454469,-46.6620805,,,,2,2023-06-17T12:40:28+00:00
SAO_1758-10,São Paulo,3550308,True,,33320,,,-23.4628625,-46.637687,,,,2,2023-06-17T12:40:15+00:00
SAO_1758-10,São Paulo,3550308,True,,33320,,,-23.4540025,-46.6616765,,,,2,2023-06-17T12:40:10+00:00
SAO_5106-10,São Paulo,3550308,True,,34048,,,-23.685052499999998,-46.653792499999994,,,,2,2023-06-17T12:40:10+00:00
SAO_5106-10,São Paulo,3550308,True,,34048,,,-23.5584245,-46.641648,,,,2,2023-06-17T12:40:06+00:00
SAO_5106-10,São Paulo,3550308,True,,34048,,,-23.686753500000002,-46.6381915,,,,2,2023-06-17T12:40:38+00:00
SAO_2702-10,São Paulo,3550308,True,,914,,,-23.495964,-46.444634,,,,1,2023-06-17T12:40:02+00:00
SAO_2702-10,São Paulo,3550308,True,,914,,,-23.50447175,-46.473408625,,,,1,2023-06-17T12:40:34+00:00
SAO_2702-10,São Paulo,3550308,True,,914,,,-23.495477,-46.4449435,,,,1,2023-06-17T12:40:25+00:00
SAO_2702-10,São Paulo,3550308,True,,914,,,-23.495477,-46.4449435,,,,1,2023-06-17T12:39:12+00:00
SAO_2702-10,São Paulo,3550308,True,,914,,,-23.531156000000003,-46.473783,,,,1,2023-06-17T12:40:30+00:00
SAO_3161-10,São Paulo,3550308,True,,1084,,,-23.54645675,-46.629903999999996,,,,1,2023-06-17T12:40:46+00:00
SAO_3161-10,São Paulo,3550308,True,,1084,,,-23.561350875000002,-46.594222875,,,,1,2023-06-17T12:40:38+00:00
SAO_3161-10,São Paulo,3550308,True,,1084,,,-23.54645675,-46.629903999999996,,,,1,2023-06-17T12:40:23+00:00
SAO_3161-10,São Paulo,3550308,True,,1084,,,-23.573631499999998,-46.5585705,,,,1,2023-06-17T12:40:32+00:00
SAO_3751-10,São Paulo,3550308,True,,33815,,,-23.5502555,-46.446552249999996,,,,2,2023-06-17T12:40:43+00:00
SAO_3751-10,São Paulo,3550308,True,,33815,,,-23.569356,-46.4108985,,,,2,2023-06-17T12:40:15+00:00
SAO_3751-10,São Paulo,3550308,True,,33815,,,-23.569694,-46.4092205,,,,2,2023-06-17T12:40:43+00:00
SAO_3751-10,São Paulo,3550308,True,,33815,,,-23.5690765,-46.419328,,,,2,2023-06-17T12:40:44+00:00
SAO_7021-10,São Paulo,3550308,True,,34757,,,-23.6706775,-46.767814,,,,2,2023-06-17T12:40:03+00:00
SAO_7021-10,São Paulo,3550308,True,,34757,,,-23.667448999999998,-46.737922499999996,,,,2,2023-06-17T12:40:39+00:00
SAO_6007-10,São Paulo,3550308,True,,176,,,-23.6612065,-46.7544775,,,,1,2023-06-17T12:40:42+00:00
SAO_6007-10,São Paulo,3550308,True,,176,,,-23.653889,-46.73322175,,,,1,2023-06-17T12:40:42+00:00
SAO_6007-10,São Paulo,3550308,True,,176,,,-23.6672255,-46.72732,,,,1,2023-06-17T12:40:08+00:00
SAO_5300-10,São Paulo,3550308,True,,33122,,,-23.612731000000004,-46.67087775,,,,2,2023-06-17T12:40:31+00:00
SAO_5300-10,São Paulo,3550308,True,,33122,,,-23.547731,-46.6300275,,,,2,2023-06-17T12:40:48+00:00
SAO_5300-10,São Paulo,3550308,True,,33122,,,-23.64797425,-46.70399725,,,,2,2023-06-17T12:40:31+00:00
SAO_5300-10,São Paulo,3550308,True,,33122,,,-23.57718,-46.644397999999995,,,,2,2023-06-17T12:40:37+00:00
SAO_5300-10,São Paulo,3550308,True,,33122,,,-23.583121750000004,-46.65512475,,,,2,2023-06-17T12:40:08+00:00
SAO_930P-10,São Paulo,3550308,True,,34883,,,-23.56758325,-46.6950595,,,,2,2023-06-17T12:40:09+00:00
SAO_930P-10,São Paulo,3550308,True,,34883,,,-23.557653375,-46.65971675,,,,2,2023-06-17T12:40:11+00:00
SAO_930P-10,São Paulo,3550308,True,,34883,,,-23.566861000000003,-46.66933975,,,,2,2023-06-17T12:40:35+00:00
SAO_930P-10,São Paulo,3550308,True,,34883,,,-23.54609,-46.6307405,,,,2,2023-06-17T12:40:15+00:00
SAO_875P-10,São Paulo,3550308,True,,34109,,,-23.526521000000002,-46.665999,,,,2,2023-06-17T12:40:14+00:00
SAO_875P-10,São Paulo,3550308,True,,34109,,,-23.56325125,-46.654227000000006,,,,2,2023-06-17T12:40:29+00:00
SAO_3756-10,São Paulo,3550308,True,,1050,,,-23.5707235,-46.397071,,,,1,2023-06-17T12:40:37+00:00
SAO_3756-10,São Paulo,3550308,True,,1050,,,-23.5494835,-46.4591825,,,,1,2023-06-17T12:39:45+00:00
SAO_3756-10,São Paulo,3550308,True,,1050,,,-23.591324,-46.389072,,,,1,2023-06-17T12:40:06+00:00
SAO_2725-10,São Paulo,3550308,True,,939,,,-23.51209175,-46.468632,,,,1,2023-06-17T12:40:06+00:00
SAO_2725-10,São Paulo,3550308,True,,939,,,-23.540045,-46.483149499999996,,,,1,2023-06-17T12:40:39+00:00
SAO_2725-10,São Paulo,3550308,True,,939,,,-23.540045,-46.483149499999996,,,,1,2023-06-17T12:40:31+00:00
SAO_2725-10,São Paulo,3550308,True,,939,,,-23.5072885,-46.4694655,,,,1,2023-06-17T12:40:13+00:00
SAO_2725-10,São Paulo,3550308,True,,939,,,-23.540045,-46.483149499999996,,,,1,2023-06-17T12:40:36+00:00
SAO_2725-10,São Paulo,3550308,True,,939,,,-23.538405500000003,-46.47895475,,,,1,2023-06-17T12:40:29+00:00
SAO_3099-10,São Paulo,3550308,True,,1079,,,-23.612997999999997,-46.444390999999996,,,,1,2023-06-17T12:40:46+00:00
SAO_3099-10,São Paulo,3550308,True,,1079,,,-23.614462250000003,-46.4572265,,,,1,2023-06-17T12:40:32+00:00
SAO_3099-10,São Paulo,3550308,True,,1079,,,-23.619021500000002,-46.468376,,,,1,2023-06-17T12:40:45+00:00
SAO_875C-10,São Paulo,3550308,True,EMTU,478,https://moovitapp.com/index/pt-br/transporte_p%C3%BAblico-line-478-Sao_Paulo-242-2038937-36419510-0,6.25,-23.5400185,-46.7183115,,,,1,2023-06-17T12:40:34+00:00
SAO_875C-10,São Paulo,3550308,True,EMTU,478,https://moovitapp.com/index/pt-br/transporte_p%C3%BAblico-line-478-Sao_Paulo-242-2038937-36419510-0,6.25,-23.5673645,-46.693618,,,,1,2023-06-17T12:40:28+00:00
SAO_875C-10,São Paulo,3550308,True,EMTU,478,https://moovitapp.com/index/pt-br/transporte_p%C3%BAblico-line-478-Sao_Paulo-242-2038937-36419510-0,6.25,-23.5221425,-46.700432,,,,1,2023-06-17T12:40:28+00:00
SAO_2582-10,São Paulo,3550308,True,EMTU,374,https://moovitapp.com/index/pt-br/transporte_p%C3%BAblico-line-374-Sao_Paulo-242-2038937-36419448-0,3.7,-23.4998635,-46.527150500000005,,,,1,2023-06-17T12:40:47+00:00
SAO_2582-10,São Paulo,3550308,True,EMTU,374,https://moovitapp.com/index/pt-br/transporte_p%C3%BAblico-line-374-Sao_Paulo-242-2038937-36419448-0,3.7,-23.51150825,-46.4283315,,,,1,2023-06-17T12:40:04+00:00
SAO_2582-10,São Paulo,3550308,True,EMTU,374,https://moovitapp.com/index/pt-br/transporte_p%C3%BAblico-line-374-Sao_Paulo-242-2038937-36419448-0,3.7,-23.492978,-46.475714,,,,1,2023-06-17T12:40:35+00:00
SAO_2582-10,São Paulo,3550308,True,EMTU,374,https://moovitapp.com/index/pt-br/transporte_p%C3%BAblico-line-374-Sao_Paulo-242-2038937-36419448-0,3.7,-23.54645675,-46.629903999999996,,,,1,2023-06-17T12:40:38+00:00
SAO_2582-10,São Paulo,3550308,True,EMTU,374,https://moovitapp.com/index/pt-br/transporte_p%C3%BAblico-line-374-Sao_Paulo-242-2038937-36419448-0,3.7,-23.529637,-46.553892,,,,1,2023-06-17T12:40:46+00:00
SAO_546J-10,São Paulo,3550308,True,,33901,,,-23.6930735,-46.65947,,,,2,2023-06-17T12:34:05+00:00
SAO_546J-10,São Paulo,3550308,True,,33901,,,-23.6823725,-46.663645,,,,2,2023-06-17T12:40:21+00:00
SAO_546J-10,São Paulo,3550308,True,,33901,,,-23.660634,-46.695184,,,,2,2023-06-17T12:40:13+00:00
SAO_3006-10,São Paulo,3550308,True,,34633,,,-23.548008000000003,-46.390071,,,,2,2023-06-17T12:40:00+00:00
SAO_3006-10,São Paulo,3550308,True,,34633,,,-23.5476935,-46.390091,,,,2,2023-06-17T12:40:39+00:00
SAO_2727-10,São Paulo,3550308,True,,33710,,,-23.539782000000002,-46.482977500000004,,,,2,2023-06-17T12:40:25+00:00
SAO_2727-10,São Paulo,3550308,True,,33710,,,-23.521929,-46.4574135,,,,2,2023-06-17T12:40:44+00:00
SAO_2727-10,São Paulo,3550308,True,,33710,,,-23.5314905,-46.4667925,,,,2,2023-06-17T12:40:48+00:00
SAO_577T-10,São Paulo,3550308,True,,1291,,,-23.66124,-46.659937,,,,1,2023-06-17T12:40:08+00:00
SAO_577T-10,São Paulo,3550308,True,,1291,,,-23.595447375,-46.64508025000001,,,,1,2023-06-17T12:40:22+00:00
SAO_577T-10,São Paulo,3550308,True,,1291,,,-23.628226125,-46.643981375,,,,1,2023-06-17T12:40:21+00:00
SAO_4313-10,São Paulo,3550308,True,,2173,,,-23.595292,-46.4653715,,,,1,2023-06-17T12:40:20+00:00
SAO_4313-10,São Paulo,3550308,True,,2173,,,-23.555835375,-46.516417125000004,,,,1,2023-06-17T12:40:41+00:00
SAO_4313-10,São Paulo,3550308,True,,2173,,,-23.54544125,-46.626481,,,,1,2023-06-17T12:40:37+00:00
SAO_4313-10,São Paulo,3550308,True,,2173,,,-23.586444999999998,-46.4148215,,,,1,2023-06-17T12:36:59+00:00
SAO_4313-10,São Paulo,3550308,True,,2173,,,-23.538235,-46.565107499999996,,,,1,2023-06-17T12:40:42+00:00
SAO_4313-10,São Paulo,3550308,True,,2173,,,-23.550492499999997,-46.625127,,,,1,2023-06-17T12:40:28+00:00
SAO_4313-10,São Paulo,3550308,True,,2173,,,-23.596217,-46.454994875,,,,1,2023-06-17T12:40:23+00:00
SAO_4313-10,São Paulo,3550308,True,,2173,,,-23.570301999999998,-46.5039455,,,,1,2023-06-17T12:40:16+00:00
SAO_4313-10,São Paulo,3550308,True,,2173,,,-23.5472815,-46.629869,,,,1,2023-06-17T12:40:03+00:00
SAO_4313-10,São Paulo,3550308,True,,2173,,,-23.583174,-46.406549999999996,,,,1,2023-06-17T12:40:42+00:00
SAO_407A-10,São Paulo,3550308,True,,34962,,,-23.563288999999997,-46.501448499999995,,,,2,2023-06-17T12:40:32+00:00
SAO_407A-10,São Paulo,3550308,True,,34962,,,-23.53933275,-46.611677,,,,2,2023-06-17T12:40:12+00:00
SAO_407A-10,São Paulo,3550308,True,,34962,,,-23.569039,-46.540398999999994,,,,2,2023-06-17T12:40:42+00:00
SAO_2734-10,São Paulo,3550308,True,,1760,,,-23.535356999999998,-46.454392,,,,1,2023-06-17T12:40:10+00:00
SAO_2734-10,São Paulo,3550308,True,,1760,,,-23.5047905,-46.433589250000004,,,,1,2023-06-17T12:40:23+00:00
SAO_2734-10,São Paulo,3550308,True,,1760,,,-23.512009,-46.40866,,,,1,2023-06-17T12:40:01+00:00
SAO_3069-10,São Paulo,3550308,True,,33752,,,-23.60662525,-46.41692075,,,,2,2023-06-17T12:40:25+00:00
SAO_3069-10,São Paulo,3550308,True,,33752,,,-23.6130195,-46.476082,,,,2,2023-06-17T12:40:28+00:00
SAO_3069-10,São Paulo,3550308,True,,33752,,,-23.606299749999998,-46.41697025,,,,2,2023-06-17T12:40:00+00:00
SAO_3069-10,São Paulo,3550308,True,,33752,,,-23.613863000000002,-46.423401999999996,,,,2,2023-06-17T12:40:16+00:00
SAO_3069-10,São Paulo,3550308,True,,33752,,,-23.6193625,-46.424206999999996,,,,2,2023-06-17T12:40:39+00:00
SAO_3069-10,São Paulo,3550308,True,,33752,,,-23.6232285,-46.432648,,,,2,2023-06-17T12:40:26+00:00
SAO_3069-10,São Paulo,3550308,True,,33752,,,-23.60662525,-46.41692075,,,,2,2023-06-17T12:40:22+00:00
SAO_3069-10,São Paulo,3550308,True,,33752,,,-23.60662525,-46.41692075,,,,2,2023-06-17T12:37:46+00:00
SAO_3069-10,São Paulo,3550308,True,,33752,,,-23.606299749999998,-46.41697025,,,,2,2023-06-17T12:40:36+00:00
SAO_4732-10,São Paulo,3550308,True,,33070,,,-23.6223595,-46.620441,,,,2,2023-06-17T12:40:40+00:00
SAO_4732-10,São Paulo,3550308,True,,33070,,,-23.647517999999998,-46.6006515,,,,2,2023-06-17T12:40:28+00:00
SAO_737A-10,São Paulo,3550308,True,,1730,,,-23.65722175,-46.7062165,,,,1,2023-06-17T12:40:13+00:00
SAO_737A-10,São Paulo,3550308,True,,1730,,,-23.6541015,-46.7120065,,,,1,2023-06-17T12:40:46+00:00
SAO_737A-10,São Paulo,3550308,True,,1730,,,-23.666610749999997,-46.720212499999995,,,,1,2023-06-17T12:40:23+00:00
SAO_737A-10,São Paulo,3550308,True,,1730,,,-23.669815749999998,-46.73685449999999,,,,1,2023-06-17T12:39:57+00:00
SAO_737A-10,São Paulo,3550308,True,,1730,,,-23.688371999999998,-46.77244137500001,,,,1,2023-06-17T12:40:09+00:00
SAO_364A-10,São Paulo,3550308,True,,34014,,,-23.5840915,-46.585265500000006,,,,2,2023-06-17T12:40:31+00:00
SAO_364A-10,São Paulo,3550308,True,,34014,,,-23.566259000000002,-46.507381,,,,2,2023-06-17T12:40:31+00:00
SAO_364A-10,São Paulo,3550308,True,,34014,,,-23.5909755,-46.50156575,,,,2,2023-06-17T12:40:28+00:00
SAO_364A-10,São Paulo,3550308,True,,34014,,,-23.583733000000002,-46.610516000000004,,,,2,2023-06-17T12:40:35+00:00
SAO_364A-10,São Paulo,3550308,True,,34014,,,-23.5974435,-46.532321499999995,,,,2,2023-06-17T12:40:14+00:00
SAO_364A-10,São Paulo,3550308,True,,34014,,,-23.608726,-46.505896,,,,2,2023-06-17T12:40:35+00:00
SAO_2076-10,São Paulo,3550308,True,,368,,,-23.5032615,-46.380213499999996,,,,1,2023-06-17T12:37:37+00:00
SAO_2076-10,São Paulo,3550308,True,,368,,,-23.510333,-46.498394,,,,1,2023-06-17T12:40:19+00:00
SAO_2076-10,São Paulo,3550308,True,,368,,,-23.5232135,-46.533851999999996,,,,1,2023-06-17T12:40:34+00:00
SAO_2076-10,São Paulo,3550308,True,,368,,,-23.5032615,-46.380213499999996,,,,1,2023-06-17T12:40:41+00:00
SAO_2076-10,São Paulo,3550308,True,,368,,,-23.506909,-46.3876055,,,,1,2023-06-17T12:40:31+00:00
SAO_2076-10,São Paulo,3550308,True,,368,,,-23.49961725,-46.376692000000006,,,,1,2023-06-17T12:40:44+00:00
SAO_2076-10,São Paulo,3550308,True,,368,,,-23.48515725,-46.48001325,,,,1,2023-06-17T12:40:23+00:00
SAO_2076-10,São Paulo,3550308,True,,368,,,-23.5087465,-46.495123,,,,1,2023-06-17T12:39:59+00:00
SAO_6073-10,São Paulo,3550308,True,,33928,,,-23.853313,-46.6956225,,,,2,2023-06-17T12:40:43+00:00
SAO_6073-10,São Paulo,3550308,True,,33928,,,-23.853313,-46.6956225,,,,2,2023-06-17T12:40:23+00:00
SAO_6073-10,São Paulo,3550308,True,,33928,,,-23.853313,-46.6956225,,,,2,2023-06-17T12:40:39+00:00
SAO_6073-10,São Paulo,3550308,True,,33928,,,-23.853313,-46.6956225,,,,2,2023-06-17T12:40:06+00:00
SAO_6073-10,São Paulo,3550308,True,,33928,,,-23.853313,-46.6956225,,,,2,2023-06-17T12:40:04+00:00
SAO_6073-10,São Paulo,3550308,True,,33928,,,-23.853313,-46.6956225,,,,2,2023-06-17T12:40:43+00:00
SAO_6073-10,São Paulo,3550308,True,,33928,,,-23.831483375,-46.723068375,,,,2,2023-06-17T12:40:45+00:00
SAO_6824-10,São Paulo,3550308,True,,32791,,,-23.6594025,-46.766595499999994,,,,2,2023-06-17T12:40:13+00:00
SAO_1701-21,São Paulo,3550308,True,,2476,,,-23.447538,-46.576252999999994,,,,1,2023-06-17T12:40:17+00:00
SAO_5632-10,São Paulo,3550308,True,,32849,,,-23.5761045,-46.642788,,,,2,2023-06-17T12:40:43+00:00
SAO_5632-10,São Paulo,3550308,True,,32849,,,-23.714811750000003,-46.707439750000006,,,,2,2023-06-17T12:40:25+00:00
SAO_5632-10,São Paulo,3550308,True,,32849,,,-23.7379495,-46.7091505,,,,2,2023-06-17T12:40:10+00:00
SAO_5632-10,São Paulo,3550308,True,,32849,,,-23.63989275,-46.69774125000001,,,,2,2023-06-17T12:40:46+00:00
SAO_407K-10,São Paulo,3550308,True,,34936,,,-23.6134395,-46.476588500000005,,,,2,2023-06-17T12:40:30+00:00
SAO_407K-10,São Paulo,3550308,True,,34936,,,-23.58587,-46.4906175,,,,2,2023-06-17T12:40:26+00:00
SAO_407K-10,São Paulo,3550308,True,,34936,,,-23.538373,-46.5628095,,,,2,2023-06-17T12:40:09+00:00
SAO_3741-10,São Paulo,3550308,True,,1041,,,-23.558833999999997,-46.45582025,,,,1,2023-06-17T12:40:04+00:00
SAO_3741-10,São Paulo,3550308,True,,1041,,,-23.54388975,-46.4691365,,,,1,2023-06-17T12:40:15+00:00
SAO_3741-10,São Paulo,3550308,True,,1041,,,-23.542065,-46.449332,,,,1,2023-06-17T12:40:08+00:00
SAO_3741-10,São Paulo,3550308,True,,1041,,,-23.5422585,-46.470022,,,,1,2023-06-17T12:40:40+00:00
SAO_3741-10,São Paulo,3550308,True,,1041,,,-23.542065,-46.449332,,,,1,2023-06-17T12:40:47+00:00
SAO_4013-10,São Paulo,3550308,True,,34954,,,-23.621019,-46.4532915,,,,2,2023-06-17T12:40:10+00:00
SAO_172X-10,São Paulo,3550308,True,,33629,,,-23.50426375,-46.565462249999996,,,,2,2023-06-17T12:40:21+00:00
SAO_172X-10,São Paulo,3550308,True,,33629,,,-23.504231249999997,-46.56582875,,,,2,2023-06-17T12:40:25+00:00
SAO_172X-10,São Paulo,3550308,True,,33629,,,-23.5043195,-46.56510075,,,,2,2023-06-17T12:40:30+00:00
SAO_172X-10,São Paulo,3550308,True,,33629,,,-23.518654500000004,-46.568054249999996,,,,2,2023-06-17T12:40:19+00:00
SAO_172X-10,São Paulo,3550308,True,,33629,,,-23.532379875,-46.566052000000006,,,,2,2023-06-17T12:40:37+00:00
SAO_3001-10,São Paulo,3550308,True,,1650,,,-23.514332500000002,-46.3800935,,,,1,2023-06-17T12:40:30+00:00
SAO_3001-10,São Paulo,3550308,True,,1650,,,-23.491651,-46.434374500000004,,,,1,2023-06-17T12:40:40+00:00
SAO_178T-10,São Paulo,3550308,True,EMTU,565,https://moovitapp.com/index/pt-br/transporte_p%C3%BAblico-line-565-Sao_Paulo-242-2038937-36419563-0,8.1,-23.530177625,-46.728134625,,,,1,2023-06-17T12:40:40+00:00
SAO_178T-10,São Paulo,3550308,True,EMTU,565,https://moovitapp.com/index/pt-br/transporte_p%C3%BAblico-line-565-Sao_Paulo-242-2038937-36419563-0,8.1,-23.518814999999996,-46.702155000000005,,,,1,2023-06-17T12:40:17+00:00
SAO_178T-10,São Paulo,3550308,True,EMTU,565,https://moovitapp.com/index/pt-br/transporte_p%C3%BAblico-line-565-Sao_Paulo-242-2038937-36419563-0,8.1,-23.5065825,-46.7060185,,,,1,2023-06-17T12:40:02+00:00
SAO_178T-10,São Paulo,3550308,True,EMTU,565,https://moovitapp.com/index/pt-br/transporte_p%C3%BAblico-line-565-Sao_Paulo-242-2038937-36419563-0,8.1,-23.487085999999998,-46.6464025,,,,1,2023-06-17T12:40:14+00:00
SAO_178T-10,São Paulo,3550308,True,EMTU,565,https://moovitapp.com/index/pt-br/transporte_p%C3%BAblico-line-565-Sao_Paulo-242-2038937-36419563-0,8.1,-23.501903249999998,-46.686383500000005,,,,1,2023-06-17T12:40:19+00:00
SAO_574J-10,São Paulo,3550308,True,,1685,,,-23.624877749999996,-46.609230000000004,,,,1,2023-06-17T12:40:40+00:00
SAO_574J-10,São Paulo,3550308,True,,1685,,,-23.57896075,-46.579645125,,,,1,2023-06-17T12:40:23+00:00
SAO_574J-10,São Paulo,3550308,True,,1685,,,-23.56734275,-46.542404499999996,,,,1,2023-06-17T12:40:23+00:00
SAO_574J-10,São Paulo,3550308,True,,1685,,,-23.6271564375,-46.6364838125,,,,1,2023-06-17T12:40:42+00:00
SAO_675A-10,São Paulo,3550308,True,,34086,,,-23.63045975,-46.70701175,,,,2,2023-06-17T12:40:22+00:00
SAO_675A-10,São Paulo,3550308,True,,34086,,,-23.611578,-46.651061625,,,,2,2023-06-17T12:40:35+00:00
SAO_8610-10,São Paulo,3550308,True,,2063,,,-23.595788,-46.7893465,,,,1,2023-06-17T12:40:13+00:00
SAO_8610-10,São Paulo,3550308,True,,2063,,,-23.57398825,-46.70963425,,,,1,2023-06-17T12:40:13+00:00
SAO_8610-10,São Paulo,3550308,True,,2063,,,-23.5495285,-46.6402545,,,,1,2023-06-17T12:40:34+00:00
SAO_9008-10,São Paulo,3550308,True,,875,,,-23.453138000000003,-46.697362,,,,1,2023-06-17T12:40:16+00:00
SAO_9008-10,São Paulo,3550308,True,,875,,,-23.4629595,-46.682823,,,,1,2023-06-17T12:40:34+00:00
SAO_9008-10,São Paulo,3550308,True,,875,,,-23.427988,-46.71467975,,,,1,2023-06-17T12:40:38+00:00
SAO_9008-10,São Paulo,3550308,True,,875,,,-23.427475,-46.7146125,,,,1,2023-06-17T12:40:10+00:00
SAO_3768-10,São Paulo,3550308,True,,33824,,,-23.586175500000003,-46.3863525,,,,2,2023-06-17T12:40:34+00:00
SAO_3768-10,São Paulo,3550308,True,,33824,,,-23.564697000000002,-46.406105,,,,2,2023-06-17T12:40:03+00:00
SAO_3768-10,São Paulo,3550308,True,,33824,,,-23.586175500000003,-46.3863525,,,,2,2023-06-17T12:40:13+00:00
SAO_2523-10,São Paulo,3550308,True,Cidade de Caieiras,250,https://moovitapp.com/index/pt-br/transporte_p%C3%BAblico-line-250-Sao_Paulo-242-868761-752902-0,5.0,-23.5173865,-46.47583825,,,,1,2023-06-17T12:40:34+00:00
SAO_2523-10,São Paulo,3550308,True,Cidade de Caieiras,250,https://moovitapp.com/index/pt-br/transporte_p%C3%BAblico-line-250-Sao_Paulo-242-868761-752902-0,5.0,-23.5201875,-46.4324,,,,1,2023-06-17T12:39:36+00:00
SAO_6076-41,São Paulo,3550308,True,,1986,,,-23.718534,-46.697025,,,,1,2023-06-17T12:40:26+00:00
SAO_6076-41,São Paulo,3550308,True,,1986,,,-23.654320499999997,-46.7129215,,,,1,2023-06-17T12:40:16+00:00
SAO_6007-10,São Paulo,3550308,True,,32944,,,-23.66425575,-46.7346535,,,,2,2023-06-17T12:40:03+00:00
SAO_6007-10,São Paulo,3550308,True,,32944,,,-23.671504749999997,-46.752424,,,,2,2023-06-17T12:40:17+00:00
SAO_6007-10,São Paulo,3550308,True,,32944,,,-23.648396374999997,-46.722478624999994,,,,2,2023-06-17T12:40:25+00:00
SAO_8047-10,São Paulo,3550308,True,EMTU,408,https://moovitapp.com/index/pt-br/transporte_p%C3%BAblico-line-408-Sao_Paulo-242-2038937-36419468-0,7.55,-23.484935375,-46.755404125,,,,1,2023-06-17T12:40:22+00:00
SAO_8047-10,São Paulo,3550308,True,EMTU,408,https://moovitapp.com/index/pt-br/transporte_p%C3%BAblico-line-408-Sao_Paulo-242-2038937-36419468-0,7.55,-23.51502325,-46.72539825,,,,1,2023-06-17T12:40:24+00:00
SAO_8028-10,São Paulo,3550308,True,,35300,,,-23.5832105,-46.7245785,,,,2,2023-06-17T12:40:12+00:00
SAO_8028-10,São Paulo,3550308,True,,35300,,,-23.61605625,-46.705338499999996,,,,2,2023-06-17T12:40:06+00:00
SAO_1743-10,São Paulo,3550308,True,EMTU,543,https://moovitapp.com/index/pt-br/transporte_p%C3%BAblico-line-543-Sao_Paulo-242-2038937-36419552-0,5.15,-23.515230125,-46.6252415,,,,1,2023-06-17T12:40:34+00:00
SAO_1743-10,São Paulo,3550308,True,EMTU,543,https://moovitapp.com/index/pt-br/transporte_p%C3%BAblico-line-543-Sao_Paulo-242-2038937-36419552-0,5.15,-23.4998425,-46.62548925,,,,1,2023-06-17T12:40:07+00:00
SAO_1743-10,São Paulo,3550308,True,EMTU,543,https://moovitapp.com/index/pt-br/transporte_p%C3%BAblico-line-543-Sao_Paulo-242-2038937-36419552-0,5.15,-23.46381325,-46.66751825,,,,1,2023-06-17T12:40:37+00:00
SAO_971A-10,São Paulo,3550308,True,,658,,,-23.4978355,-46.677406500000004,,,,1,2023-06-17T12:40:11+00:00
SAO_971A-10,São Paulo,3550308,True,,658,,,-23.503663,-46.643993,,,,1,2023-06-17T12:40:13+00:00
SAO_3006-10,São Paulo,3550308,True,,1865,,,-23.548099999999998,-46.389815,,,,1,2023-06-17T12:40:03+00:00
SAO_3006-10,São Paulo,3550308,True,,1865,,,-23.547311,-46.391461500000005,,,,1,2023-06-17T12:40:44+00:00
SAO_3006-10,São Paulo,3550308,True,,1865,,,-23.545037999999998,-46.403934,,,,1,2023-06-17T12:40:17+00:00
SAO_3006-10,São Paulo,3550308,True,,1865,,,-23.541988,-46.4152385,,,,1,2023-06-17T12:40:05+00:00
SAO_3006-10,São Paulo,3550308,True,,1865,,,-23.545839,-46.393084,,,,1,2023-06-17T12:40:04+00:00
SAO_3006-10,São Paulo,3550308,True,,1865,,,-23.548099999999998,-46.389815,,,,1,2023-06-17T12:39:59+00:00
SAO_7013-10,São Paulo,3550308,True,,33543,,,-23.6328215,-46.7586565,,,,2,2023-06-17T12:40:19+00:00
SAO_7013-10,São Paulo,3550308,True,,33543,,,-23.591274499999997,-46.736056500000004,,,,2,2023-06-17T12:40:34+00:00
SAO_273R-10,São Paulo,3550308,True,EMTU,226,https://moovitapp.com/index/pt-br/transporte_p%C3%BAblico-line-226-Sao_Paulo-242-2038937-36419343-0,5.05,-23.5046085,-46.4277735,,,,1,2023-06-17T12:40:12+00:00
SAO_273R-10,São Paulo,3550308,True,EMTU,226,https://moovitapp.com/index/pt-br/transporte_p%C3%BAblico-line-226-Sao_Paulo-242-2038937-36419343-0,5.05,-23.5175915,-46.4751235,,,,1,2023-06-17T12:40:15+00:00
SAO_4726-10,São Paulo,3550308,True,,34448,,,-23.5410385,-46.575868,,,,2,2023-06-17T12:40:47+00:00
SAO_4726-10,São Paulo,3550308,True,,34448,,,-23.5633635,-46.591837500000004,,,,2,2023-06-17T12:40:44+00:00
SAO_172P-10,São Paulo,3550308,True,,33626,,,-23.442138999999997,-46.58973975,,,,2,2023-06-17T12:40:22+00:00
SAO_172P-10,São Paulo,3550308,True,,33626,,,-23.438042000000003,-46.5662555,,,,2,2023-06-17T12:40:21+00:00
SAO_172P-10,São Paulo,3550308,True,,33626,,,-23.4798665,-46.5851925,,,,2,2023-06-17T12:40:06+00:00
SAO_172P-10,São Paulo,3550308,True,,33626,,,-23.4378765,-46.5662585,,,,2,2023-06-17T12:40:09+00:00
SAO_172P-10,São Paulo,3550308,True,,33626,,,-23.540139,-46.594167,,,,2,2023-06-17T12:40:36+00:00
SAO_172P-10,São Paulo,3550308,True,,33626,,,-23.4378765,-46.5662585,,,,2,2023-06-17T12:40:26+00:00
SAO_172P-10,São Paulo,3550308,True,,33626,,,-23.438252,-46.566261,,,,2,2023-06-17T12:40:12+00:00
SAO_6822-10,São Paulo,3550308,True,,32790,,,-23.65385975,-46.79008575,,,,2,2023-06-17T12:40:06+00:00
SAO_6822-10,São Paulo,3550308,True,,32790,,,-23.659830499999998,-46.76968,,,,2,2023-06-17T12:40:18+00:00
SAO_6822-10,São Paulo,3550308,True,,32790,,,-23.647291250000002,-46.78659725,,,,2,2023-06-17T12:40:07+00:00
SAO_6822-10,São Paulo,3550308,True,,32790,,,-23.653551,-46.777357,,,,2,2023-06-17T12:40:19+00:00
SAO_9009-10,São Paulo,3550308,True,,33645,,,-23.440492,-46.7082695,,,,2,2023-06-17T12:40:21+00:00
SAO_9009-10,São Paulo,3550308,True,,33645,,,-23.447507,-46.7170655,,,,2,2023-06-17T12:40:19+00:00
SAO_9009-10,São Paulo,3550308,True,,33645,,,-23.4680295,-46.6775685,,,,2,2023-06-17T12:39:58+00:00
SAO_9009-10,São Paulo,3550308,True,,33645,,,-23.447655,-46.7088785,,,,2,2023-06-17T12:40:21+00:00
SAO_8677-10,São Paulo,3550308,True,EMTU,443,https://moovitapp.com/index/pt-br/transporte_p%C3%BAblico-line-443-Sao_Paulo-242-2038937-36419491-0,5.4,-23.4854615,-46.740288750000005,,,,1,2023-06-17T12:40:07+00:00
SAO_8677-10,São Paulo,3550308,True,EMTU,443,https://moovitapp.com/index/pt-br/transporte_p%C3%BAblico-line-443-Sao_Paulo-242-2038937-36419491-0,5.4,-23.49111,-46.757212,,,,1,2023-06-17T12:40:06+00:00
SAO_8677-10,São Paulo,3550308,True,EMTU,443,https://moovitapp.com/index/pt-br/transporte_p%C3%BAblico-line-443-Sao_Paulo-242-2038937-36419491-0,5.4,-23.5411785,-46.64243825,,,,1,2023-06-17T12:40:33+00:00
SAO_8677-10,São Paulo,3550308,True,EMTU,443,https://moovitapp.com/index/pt-br/transporte_p%C3%BAblico-line-443-Sao_Paulo-242-2038937-36419491-0,5.4,-23.508803999999998,-46.738742,,,,1,2023-06-17T12:40:31+00:00
SAO_2009-10,São Paulo,3550308,True,,33666,,,-23.510265500000003,-46.4141195,,,,2,2023-06-17T12:38:58+00:00
SAO_2009-10,São Paulo,3550308,True,,33666,,,-23.542068,-46.415377500000005,,,,2,2023-06-17T12:40:45+00:00
SAO_2009-10,São Paulo,3550308,True,,33666,,,-23.5239375,-46.416537749999996,,,,2,2023-06-17T12:40:34+00:00
SAO_2009-10,São Paulo,3550308,True,,33666,,,-23.511256,-46.41340225,,,,2,2023-06-17T12:40:37+00:00
SAO_6072-10,São Paulo,3550308,True,,1588,,,-23.8197745,-46.704293,,,,1,2023-06-17T12:40:20+00:00
SAO_6072-10,São Paulo,3550308,True,,1588,,,-23.7665845,-46.7163125,,,,1,2023-06-17T12:40:09+00:00
SAO_6072-10,São Paulo,3550308,True,,1588,,,-23.783839,-46.713581,,,,1,2023-06-17T12:40:16+00:00
SAO_6072-10,São Paulo,3550308,True,,1588,,,-23.766939,-46.716361,,,,1,2023-06-17T12:40:04+00:00
SAO_4311-10,São Paulo,3550308,True,,2171,,,-23.59859,-46.468304,,,,1,2023-06-17T12:40:25+00:00
SAO_4311-10,São Paulo,3550308,True,,2171,,,-23.535607624999997,-46.552115,,,,1,2023-06-17T12:40:34+00:00
SAO_4311-10,São Paulo,3550308,True,,2171,,,-23.5515345,-46.6246215,,,,1,2023-06-17T12:40:07+00:00
SAO_4311-10,São Paulo,3550308,True,,2171,,,-23.5562255,-46.516131,,,,1,2023-06-17T12:40:36+00:00
SAO_3766-51,São Paulo,3550308,True,,35343,,,-23.5430055,-46.47176,,,,2,2023-06-17T12:40:38+00:00
SAO_3766-51,São Paulo,3550308,True,,35343,,,-23.549351875,-46.427646,,,,2,2023-06-17T12:40:23+00:00
SAO_3766-51,São Paulo,3550308,True,,35343,,,-23.5396605,-46.4395255,,,,2,2023-06-17T12:40:24+00:00
SAO_1020-10,São Paulo,3550308,True,,2497,,,-23.487195,-46.7152365,,,,1,2023-06-17T12:40:18+00:00
SAO_1020-10,São Paulo,3550308,True,,2497,,,-23.426047125000004,-46.724774374999996,,,,1,2023-06-17T12:40:43+00:00
SAO_6026-10,São Paulo,3550308,True,,87,,,-23.72345725,-46.709168749999996,,,,1,2023-06-17T12:40:36+00:00
SAO_6026-10,São Paulo,3550308,True,,87,,,-23.748356,-46.703650999999994,,,,1,2023-06-17T12:40:23+00:00
SAO_6026-10,São Paulo,3550308,True,,87,,,-23.65080475,-46.70303475,,,,1,2023-06-17T12:40:14+00:00
SAO_675I-10,São Paulo,3550308,True,,32836,,,-23.62553375,-46.664631375,,,,2,2023-06-17T12:40:25+00:00
SAO_675I-10,São Paulo,3550308,True,,32836,,,-23.643908,-46.73173250000001,,,,2,2023-06-17T12:40:16+00:00
SAO_5611-10,São Paulo,3550308,True,,33366,,,-23.7160135,-46.624853,,,,2,2023-06-17T12:40:29+00:00
SAO_5611-10,São Paulo,3550308,True,,33366,,,-23.653259,-46.679945000000004,,,,2,2023-06-17T12:40:41+00:00
SAO_5611-10,São Paulo,3550308,True,,33366,,,-23.5538275,-46.6356595,,,,2,2023-06-17T12:40:25+00:00
SAO_5611-10,São Paulo,3550308,True,,33366,,,-23.702534,-46.645044999999996,,,,2,2023-06-17T12:40:04+00:00
SAO_5611-10,São Paulo,3550308,True,,33366,,,-23.7112165,-46.6380265,,,,2,2023-06-17T12:40:02+00:00
SAO_5611-10,São Paulo,3550308,True,,33366,,,-23.5958135,-46.650927249999995,,,,2,2023-06-17T12:40:12+00:00
SAO_273J-10,São Paulo,3550308,True,,33157,,,-23.5317565,-46.543456500000005,,,,2,2023-06-17T12:40:27+00:00
SAO_273J-10,São Paulo,3550308,True,,33157,,,-23.530074499999998,-46.5287515,,,,2,2023-06-17T12:40:25+00:00
SAO_273J-10,São Paulo,3550308,True,,33157,,,-23.500049,-46.442477,,,,2,2023-06-17T12:40:17+00:00
SAO_273J-10,São Paulo,3550308,True,,33157,,,-23.52349625,-46.525154375,,,,2,2023-06-17T12:40:21+00:00
SAO_6052-10,São Paulo,3550308,True,,33912,,,-23.770372000000002,-46.6952445,,,,2,2023-06-17T12:40:47+00:00
SAO_6052-10,São Paulo,3550308,True,,33912,,,-23.775509999999997,-46.691679,,,,2,2023-06-17T12:40:29+00:00
SAO_6052-10,São Paulo,3550308,True,,33912,,,-23.775509999999997,-46.691679,,,,2,2023-06-17T12:40:27+00:00
SAO_6052-10,São Paulo,3550308,True,,33912,,,-23.775509999999997,-46.691679,,,,2,2023-06-17T12:40:09+00:00
SAO_6052-10,São Paulo,3550308,True,,33912,,,-23.775509999999997,-46.691679,,,,2,2023-06-17T12:40:06+00:00
SAO_1702-10,São Paulo,3550308,True,,846,,,-23.442846,-46.57655,,,,1,2023-06-17T12:40:23+00:00
SAO_1702-10,São Paulo,3550308,True,,846,,,-23.503069,-46.6246315,,,,1,2023-06-17T12:40:18+00:00
SAO_1702-10,São Paulo,3550308,True,,846,,,-23.525280000000002,-46.62555375,,,,1,2023-06-17T12:40:44+00:00
SAO_1702-10,São Paulo,3550308,True,,846,,,-23.46221,-46.585712,,,,1,2023-06-17T12:40:12+00:00
SAO_1702-10,São Paulo,3550308,True,,846,,,-23.4912215,-46.608736,,,,1,2023-06-17T12:40:09+00:00
SAO_1702-10,São Paulo,3550308,True,,846,,,-23.509334375,-46.617296624999994,,,,1,2023-06-17T12:40:42+00:00
SAO_5111-10,São Paulo,3550308,True,,32816,,,-23.553562375,-46.6383405,,,,2,2023-06-17T12:40:12+00:00
SAO_5111-10,São Paulo,3550308,True,,32816,,,-23.56853625,-46.649782,,,,2,2023-06-17T12:40:36+00:00
SAO_5111-10,São Paulo,3550308,True,,32816,,,-23.62236175,-46.684608999999995,,,,2,2023-06-17T12:40:47+00:00
SAO_5111-10,São Paulo,3550308,True,,32816,,,-23.6540525,-46.712609,,,,2,2023-06-17T12:40:20+00:00
SAO_5111-10,São Paulo,3550308,True,,32816,,,-23.58332075,-46.66878625,,,,2,2023-06-17T12:40:32+00:00
SAO_3046-10,São Paulo,3550308,True,,971,,,-23.5460105,-46.576011,,,,1,2023-06-17T12:40:25+00:00
SAO_3046-10,São Paulo,3550308,True,,971,,,-23.566672625,-46.56931225,,,,1,2023-06-17T12:40:40+00:00
SAO_3046-10,São Paulo,3550308,True,,971,,,-23.58209775,-46.53490049999999,,,,1,2023-06-17T12:40:23+00:00
SAO_3046-10,São Paulo,3550308,True,,971,,,-23.58016625,-46.5258475,,,,1,2023-06-17T12:40:11+00:00
SAO_3046-10,São Paulo,3550308,True,,971,,,-23.577773999999998,-46.551527375000006,,,,1,2023-06-17T12:40:33+00:00
SAO_3098-10,São Paulo,3550308,True,,33846,,,-23.63096,-46.4617885,,,,2,2023-06-17T12:40:16+00:00
SAO_3098-10,São Paulo,3550308,True,,33846,,,-23.631781750000002,-46.45626,,,,2,2023-06-17T12:40:24+00:00
SAO_3098-10,São Paulo,3550308,True,,33846,,,-23.63146325,-46.456264,,,,2,2023-06-17T12:40:23+00:00
SAO_3098-10,São Paulo,3550308,True,,33846,,,-23.5824995,-46.4917855,,,,2,2023-06-17T12:40:28+00:00
SAO_3098-10,São Paulo,3550308,True,,33846,,,-23.612293,-46.4762035,,,,2,2023-06-17T12:40:38+00:00
SAO_9032-10,São Paulo,3550308,True,,33648,,,-23.446258999999998,-46.692137,,,,2,2023-06-17T12:40:25+00:00
SAO_9032-10,São Paulo,3550308,True,,33648,,,-23.450787499999997,-46.696467999999996,,,,2,2023-06-17T12:40:26+00:00
SAO_9032-10,São Paulo,3550308,True,,33648,,,-23.4463425,-46.6933265,,,,2,2023-06-17T12:40:41+00:00
SAO_627J-10,São Paulo,3550308,True,,34824,,,-23.6616545,-46.637575,,,,2,2023-06-17T12:40:25+00:00
SAO_627J-10,São Paulo,3550308,True,,34824,,,-23.6816855,-46.633838,,,,2,2023-06-17T12:40:41+00:00
SAO_627J-10,São Paulo,3550308,True,,34824,,,-23.66476875,-46.638095,,,,2,2023-06-17T12:40:33+00:00
SAO_1177-10,São Paulo,3550308,True,,129,,,-23.5364015,-46.631322250000004,,,,1,2023-06-17T12:40:38+00:00
SAO_1177-10,São Paulo,3550308,True,,129,,,-23.528106,-46.5904685,,,,1,2023-06-17T12:38:48+00:00
SAO_1177-10,São Paulo,3550308,True,,129,,,-23.510765499999998,-46.499801,,,,1,2023-06-17T12:40:31+00:00
SAO_1177-10,São Paulo,3550308,True,,129,,,-23.522053,-46.5396685,,,,1,2023-06-17T12:40:11+00:00
SAO_574R-10,São Paulo,3550308,True,,34391,,,-23.579301,-46.54119575,,,,2,2023-06-17T12:40:39+00:00
SAO_574R-10,São Paulo,3550308,True,,34391,,,-23.553181000000002,-46.578834125,,,,2,2023-06-17T12:40:37+00:00
SAO_574R-10,São Paulo,3550308,True,,34391,,,-23.614496,-46.500415000000004,,,,2,2023-06-17T12:40:03+00:00
SAO_2756-10,São Paulo,3550308,True,EMTU,238,https://moovitapp.com/index/pt-br/transporte_p%C3%BAblico-line-238-Sao_Paulo-242-2038937-36419351-0,4.85,-23.522012124999996,-46.498152,,,,1,2023-06-17T12:40:35+00:00
SAO_2756-10,São Paulo,3550308,True,EMTU,238,https://moovitapp.com/index/pt-br/transporte_p%C3%BAblico-line-238-Sao_Paulo-242-2038937-36419351-0,4.85,-23.513559,-46.41955875,,,,1,2023-06-17T12:40:11+00:00
SAO_875P-10,São Paulo,3550308,True,,1341,,,-23.556036,-46.666385500000004,,,,1,2023-06-17T12:40:35+00:00
SAO_6403-10,São Paulo,3550308,True,,58,,,-23.5520925,-46.636323000000004,,,,1,2023-06-17T12:40:37+00:00
SAO_6403-10,São Paulo,3550308,True,,58,,,-23.6234715,-46.7031765,,,,1,2023-06-17T12:40:24+00:00
SAO_938P-10,São Paulo,3550308,True,,33656,,,-23.463069,-46.6814145,,,,2,2023-06-17T12:40:09+00:00
SAO_938P-10,São Paulo,3550308,True,,33656,,,-23.525571499999998,-46.6716545,,,,2,2023-06-17T12:40:33+00:00
SAO_938P-10,São Paulo,3550308,True,,33656,,,-23.507349124999998,-46.68923062500001,,,,2,2023-06-17T12:40:31+00:00
SAO_938P-10,São Paulo,3550308,True,,33656,,,-23.462844,-46.6814335,,,,2,2023-06-17T12:40:32+00:00
SAO_938P-10,São Paulo,3550308,True,,33656,,,-23.471026000000002,-46.680645,,,,2,2023-06-17T12:40:40+00:00
SAO_857C-10,São Paulo,3550308,True,,34669,,,-23.63207,-46.6706145,,,,2,2023-06-17T12:40:37+00:00
SAO_857C-10,São Paulo,3550308,True,,34669,,,-23.631153500000003,-46.7733425,,,,2,2023-06-17T12:40:34+00:00
SAO_857C-10,São Paulo,3550308,True,,34669,,,-23.6325105,-46.7723915,,,,2,2023-06-17T12:40:15+00:00
SAO_857C-10,São Paulo,3550308,True,,34669,,,-23.644774375000004,-46.721286125,,,,2,2023-06-17T12:40:33+00:00
SAO_7016-10,São Paulo,3550308,True,,2118,,,-23.688479,-46.773292,,,,1,2023-06-17T12:40:21+00:00
SAO_7016-10,São Paulo,3550308,True,,2118,,,-23.690673,-46.76124,,,,1,2023-06-17T12:39:31+00:00
SAO_7016-10,São Paulo,3550308,True,,2118,,,-23.654648,-46.706824999999995,,,,1,2023-06-17T12:39:56+00:00
SAO_7016-10,São Paulo,3550308,True,,2118,,,-23.683518499999998,-46.736185,,,,1,2023-06-17T12:40:48+00:00
SAO_7016-10,São Paulo,3550308,True,,2118,,,-23.653890625,-46.71154075,,,,1,2023-06-17T12:40:42+00:00
SAO_888P-10,São Paulo,3550308,True,EMTU,454,https://moovitapp.com/index/pt-br/transporte_p%C3%BAblico-line-454-Sao_Paulo-242-2038937-36419497-0,5.25,-23.404722,-46.749604,,,,1,2023-06-17T12:40:44+00:00
SAO_888P-10,São Paulo,3550308,True,EMTU,454,https://moovitapp.com/index/pt-br/transporte_p%C3%BAblico-line-454-Sao_Paulo-242-2038937-36419497-0,5.25,-23.4530415,-46.737204,,,,1,2023-06-17T12:40:03+00:00
SAO_888P-10,São Paulo,3550308,True,EMTU,454,https://moovitapp.com/index/pt-br/transporte_p%C3%BAblico-line-454-Sao_Paulo-242-2038937-36419497-0,5.25,-23.4399935,-46.711143,,,,1,2023-06-17T12:40:24+00:00
SAO_888P-10,São Paulo,3550308,True,EMTU,454,https://moovitapp.com/index/pt-br/transporte_p%C3%BAblico-line-454-Sao_Paulo-242-2038937-36419497-0,5.25,-23.4355445,-46.72847,,,,1,2023-06-17T12:40:32+00:00
SAO_524M-10,São Paulo,3550308,True,,1631,,,-23.5958625,-46.5025455,,,,1,2023-06-17T12:40:28+00:00
SAO_524M-10,São Paulo,3550308,True,,1631,,,-23.61236475,-46.501211749999996,,,,1,2023-06-17T12:40:00+00:00
SAO_524M-10,São Paulo,3550308,True,,1631,,,-23.586900999999997,-46.512986999999995,,,,1,2023-06-17T12:40:11+00:00
SAO_524M-10,São Paulo,3550308,True,,1631,,,-23.619445,-46.495205,,,,1,2023-06-17T12:40:31+00:00
SAO_524M-10,São Paulo,3550308,True,,1631,,,-23.563912000000002,-46.5052585,,,,1,2023-06-17T12:40:26+00:00
SAO_524M-10,São Paulo,3550308,True,,1631,,,-23.564414499999998,-46.5046445,,,,1,2023-06-17T12:40:18+00:00
SAO_524M-10,São Paulo,3550308,True,,1631,,,-23.61509875,-46.49635275,,,,1,2023-06-17T12:40:19+00:00
SAO_2583-10,São Paulo,3550308,True,EMTU,375,https://moovitapp.com/index/pt-br/transporte_p%C3%BAblico-line-375-Sao_Paulo-242-2038937-36419449-0,11.7,-23.522122,-46.53909925,,,,1,2023-06-17T12:40:07+00:00
SAO_2583-10,São Paulo,3550308,True,EMTU,375,https://moovitapp.com/index/pt-br/transporte_p%C3%BAblico-line-375-Sao_Paulo-242-2038937-36419449-0,11.7,-23.5001155,-46.469415,,,,1,2023-06-17T12:40:13+00:00
SAO_2583-10,São Paulo,3550308,True,EMTU,375,https://moovitapp.com/index/pt-br/transporte_p%C3%BAblico-line-375-Sao_Paulo-242-2038937-36419449-0,11.7,-23.50407775,-46.432106250000004,,,,1,2023-06-17T12:40:29+00:00
SAO_2723-10,São Paulo,3550308,True,,33705,,,-23.490608,-46.4539765,,,,2,2023-06-17T12:40:40+00:00
SAO_2723-10,São Paulo,3550308,True,,33705,,,-23.4866845,-46.455562,,,,2,2023-06-17T12:40:48+00:00
SAO_2723-10,São Paulo,3550308,True,,33705,,,-23.487495,-46.463618999999994,,,,2,2023-06-17T12:40:48+00:00
SAO_2723-10,São Paulo,3550308,True,,33705,,,-23.5244935,-46.44507,,,,2,2023-06-17T12:40:25+00:00
SAO_4052-10,São Paulo,3550308,True,,34913,,,-23.5382935,-46.4262615,,,,2,2023-06-17T12:39:56+00:00
SAO_4052-10,São Paulo,3550308,True,,34913,,,-23.5348505,-46.453593999999995,,,,2,2023-06-17T12:40:39+00:00
SAO_6022-10,São Paulo,3550308,True,,33975,,,-23.728424,-46.7823315,,,,2,2023-06-17T12:40:05+00:00
SAO_6022-10,São Paulo,3550308,True,,33975,,,-23.7286505,-46.782372499999994,,,,2,2023-06-17T12:40:29+00:00
SAO_546L-10,São Paulo,3550308,True,,34053,,,-23.689251,-46.637806,,,,2,2023-06-17T12:40:46+00:00
SAO_546L-10,São Paulo,3550308,True,,34053,,,-23.66327175,-46.708767,,,,2,2023-06-17T12:40:30+00:00
SAO_546L-10,São Paulo,3550308,True,,34053,,,-23.6728775,-46.677516499999996,,,,2,2023-06-17T12:40:21+00:00
SAO_546L-10,São Paulo,3550308,True,,34053,,,-23.6881065,-46.635262499999996,,,,2,2023-06-17T12:40:44+00:00
SAO_6L07-10,São Paulo,3550308,True,,34313,,,-23.7727445,-46.720183,,,,2,2023-06-17T12:40:44+00:00
SAO_6L07-10,São Paulo,3550308,True,,34313,,,-23.8313465,-46.711774500000004,,,,2,2023-06-17T12:40:25+00:00
SAO_6L07-10,São Paulo,3550308,True,,34313,,,-23.831447124999997,-46.712339625,,,,2,2023-06-17T12:40:41+00:00
SAO_6042-10,São Paulo,3550308,True,,1219,,,-23.651546,-46.707913,,,,1,2023-06-17T12:40:39+00:00
SAO_6042-10,São Paulo,3550308,True,,1219,,,-23.648301,-46.7487645,,,,1,2023-06-17T12:40:26+00:00
SAO_6042-10,São Paulo,3550308,True,,1219,,,-23.6741105,-46.76563,,,,1,2023-06-17T12:40:43+00:00
SAO_364A-10,São Paulo,3550308,True,,1246,,,-23.585224,-46.5876025,,,,1,2023-06-17T12:40:37+00:00
SAO_364A-10,São Paulo,3550308,True,,1246,,,-23.588864,-46.610484,,,,1,2023-06-17T12:40:26+00:00
SAO_364A-10,São Paulo,3550308,True,,1246,,,-23.5928745,-46.5022035,,,,1,2023-06-17T12:40:32+00:00
SAO_364A-10,São Paulo,3550308,True,,1246,,,-23.594236000000002,-46.5380845,,,,1,2023-06-17T12:40:29+00:00
SAO_364A-10,São Paulo,3550308,True,,1246,,,-23.605445500000002,-46.508540749999995,,,,1,2023-06-17T12:40:05+00:00
SAO_364A-10,São Paulo,3550308,True,,1246,,,-23.5632085,-46.5012665,,,,1,2023-06-17T12:40:38+00:00
SAO_4727-10,São Paulo,3550308,True,,33108,,,-23.6466095,-46.613848000000004,,,,2,2023-06-17T12:40:27+00:00
SAO_8047-10,São Paulo,3550308,True,,33176,,,-23.434525,-46.754654,,,,2,2023-06-17T12:40:33+00:00
SAO_8047-10,São Paulo,3550308,True,,33176,,,-23.4842345,-46.755270249999995,,,,2,2023-06-17T12:40:29+00:00
SAO_8047-10,São Paulo,3550308,True,,33176,,,-23.520109249999997,-46.711597499999996,,,,2,2023-06-17T12:40:29+00:00
SAO_6500-10,São Paulo,3550308,True,,32814,,,-23.5496475,-46.6398245,,,,2,2023-06-17T12:40:29+00:00
SAO_6500-10,São Paulo,3550308,True,,32814,,,-23.65399,-46.71233,,,,2,2023-06-17T12:40:26+00:00
SAO_6500-10,São Paulo,3550308,True,,32814,,,-23.646549812499998,-46.70300625,,,,2,2023-06-17T12:40:26+00:00
SAO_6500-10,São Paulo,3550308,True,,32814,,,-23.579100999999998,-46.67097425,,,,2,2023-06-17T12:40:19+00:00
SAO_4014-10,São Paulo,3550308,True,,2187,,,-23.607001125,-46.4640696875,,,,1,2023-06-17T12:40:42+00:00
SAO_709M-10,São Paulo,3550308,True,,2462,,,-23.644948375,-46.700573000000006,,,,1,2023-06-17T12:40:43+00:00
SAO_709M-10,São Paulo,3550308,True,,2462,,,-23.654158,-46.710677000000004,,,,1,2023-06-17T12:40:43+00:00
SAO_709M-10,São Paulo,3550308,True,,2462,,,-23.603463,-46.692138,,,,1,2023-06-17T12:40:20+00:00
SAO_709M-10,São Paulo,3550308,True,,2462,,,-23.56532825,-46.69718675,,,,1,2023-06-17T12:40:22+00:00
SAO_373L-10,São Paulo,3550308,True,,1027,,,-23.5579995,-46.465612500000006,,,,1,2023-06-17T12:40:11+00:00
SAO_373L-10,São Paulo,3550308,True,,1027,,,-23.622793,-46.417176999999995,,,,1,2023-06-17T12:40:30+00:00
SAO_373L-10,São Paulo,3550308,True,,1027,,,-23.5882825,-46.4426225,,,,1,2023-06-17T12:40:31+00:00
SAO_6505-10,São Paulo,3550308,True,,34218,,,-23.668594499999998,-46.7355085,,,,2,2023-06-17T12:40:39+00:00
SAO_6505-10,São Paulo,3550308,True,,34218,,,-23.600961499999997,-46.67407025,,,,2,2023-06-17T12:40:38+00:00
SAO_6505-10,São Paulo,3550308,True,,34218,,,-23.573024625000002,-46.665937625,,,,2,2023-06-17T12:40:25+00:00
SAO_6505-10,São Paulo,3550308,True,,34218,,,-23.6431665,-46.700297250000006,,,,2,2023-06-17T12:40:31+00:00
SAO_877T-10,São Paulo,3550308,True,,34149,,,-23.574542375,-46.642751624999995,,,,2,2023-06-17T12:40:41+00:00
SAO_278A-10,São Paulo,3550308,True,,33474,,,-23.50117875,-46.623563000000004,,,,2,2023-06-17T12:40:09+00:00
SAO_278A-10,São Paulo,3550308,True,,33474,,,-23.533472250000003,-46.565054,,,,2,2023-06-17T12:40:20+00:00
SAO_278A-10,São Paulo,3550308,True,,33474,,,-23.5080335,-46.525486,,,,2,2023-06-17T12:40:18+00:00
SAO_2007-10,São Paulo,3550308,True,,33664,,,-23.504463,-46.37860375,,,,2,2023-06-17T12:34:18+00:00
SAO_2007-10,São Paulo,3550308,True,,33664,,,-23.50296375,-46.384437500000004,,,,2,2023-06-17T12:40:28+00:00
SAO_2007-10,São Paulo,3550308,True,,33664,,,-23.510008749999997,-46.3703235,,,,2,2023-06-17T12:39:43+00:00
SAO_4113-10,São Paulo,3550308,True,,33536,,,-23.578256250000003,-46.62332000000001,,,,2,2023-06-17T12:40:08+00:00
SAO_4113-10,São Paulo,3550308,True,,33536,,,-23.552046,-46.6342765,,,,2,2023-06-17T12:40:46+00:00
SAO_4113-10,São Paulo,3550308,True,,33536,,,-23.60146375,-46.613241875,,,,2,2023-06-17T12:40:21+00:00
SAO_7057-10,São Paulo,3550308,True,,34665,,,-23.64922775,-46.78505225,,,,2,2023-06-17T12:40:18+00:00
SAO_7057-10,São Paulo,3550308,True,,34665,,,-23.64922775,-46.78505225,,,,2,2023-06-17T12:40:27+00:00
SAO_7057-10,São Paulo,3550308,True,,34665,,,-23.6494785,-46.784633,,,,2,2023-06-17T12:40:36+00:00
SAO_2016-10,São Paulo,3550308,True,,902,,,-23.494236,-46.4016385,,,,1,2023-06-17T12:40:20+00:00
SAO_2016-10,São Paulo,3550308,True,,902,,,-23.502699,-46.375811,,,,1,2023-06-17T12:40:23+00:00
SAO_2016-10,São Paulo,3550308,True,,902,,,-23.494798375000002,-46.41267512500001,,,,1,2023-06-17T12:40:00+00:00
SAO_2016-10,São Paulo,3550308,True,,902,,,-23.492106999999997,-46.383089,,,,1,2023-06-17T12:40:40+00:00
SAO_6063-42,São Paulo,3550308,True,,34770,,,-23.809403,-46.6612485,,,,2,2023-06-17T12:40:09+00:00
SAO_6063-42,São Paulo,3550308,True,,34770,,,-23.773679,-46.7075815,,,,2,2023-06-17T12:40:33+00:00
SAO_6063-42,São Paulo,3550308,True,,34770,,,-23.809384,-46.6617685,,,,2,2023-06-17T12:40:30+00:00
SAO_6063-42,São Paulo,3550308,True,,34770,,,-23.766307,-46.7160825,,,,2,2023-06-17T12:40:13+00:00
SAO_9789-10,São Paulo,3550308,True,,33597,,,-23.5244735,-46.6661695,,,,2,2023-06-17T12:40:41+00:00
SAO_9789-10,São Paulo,3550308,True,,33597,,,-23.4672475,-46.6982195,,,,2,2023-06-17T12:40:12+00:00
SAO_9789-10,São Paulo,3550308,True,,33597,,,-23.461630999999997,-46.707753,,,,2,2023-06-17T12:40:34+00:00
SAO_9789-10,São Paulo,3550308,True,,33597,,,-23.50372,-46.6761305,,,,2,2023-06-17T12:40:35+00:00
SAO_675M-10,São Paulo,3550308,True,ETT,108,https://moovitapp.com/index/pt-br/transporte_p%C3%BAblico-line-108-Sao_Paulo-242-876373-496510-0,5.3,-23.7241285,-46.6877035,,,,1,2023-06-17T12:40:30+00:00
SAO_675M-10,São Paulo,3550308,True,ETT,108,https://moovitapp.com/index/pt-br/transporte_p%C3%BAblico-line-108-Sao_Paulo-242-876373-496510-0,5.3,-23.659039,-46.675957499999996,,,,1,2023-06-17T12:40:14+00:00
SAO_675M-10,São Paulo,3550308,True,ETT,108,https://moovitapp.com/index/pt-br/transporte_p%C3%BAblico-line-108-Sao_Paulo-242-876373-496510-0,5.3,-23.6461565,-46.644951,,,,1,2023-06-17T12:40:14+00:00
SAO_524M-10,São Paulo,3550308,True,,34399,,,-23.617731499999998,-46.49381725,,,,2,2023-06-17T12:40:39+00:00
SAO_524M-10,São Paulo,3550308,True,,34399,,,-23.585342,-46.5197295,,,,2,2023-06-17T12:40:05+00:00
SAO_524M-10,São Paulo,3550308,True,,34399,,,-23.612003,-46.501379,,,,2,2023-06-17T12:40:03+00:00
SAO_524M-10,São Paulo,3550308,True,,34399,,,-23.595152499999998,-46.503015500000004,,,,2,2023-06-17T12:40:22+00:00
SAO_524M-10,São Paulo,3550308,True,,34399,,,-23.5645445,-46.508259,,,,2,2023-06-17T12:40:46+00:00
SAO_N535-11,São Paulo,3550308,True,,35155,,,-23.603310999999998,-46.6028315,,,,2,2023-06-17T12:40:16+00:00
SAO_971M-10,São Paulo,3550308,True,,612,,,-23.479733000000003,-46.659825,,,,1,2023-06-17T12:40:24+00:00
SAO_971M-10,São Paulo,3550308,True,,612,,,-23.4962275,-46.6277245,,,,1,2023-06-17T12:40:32+00:00
SAO_971M-10,São Paulo,3550308,True,,612,,,-23.4719595,-46.682848,,,,1,2023-06-17T12:40:04+00:00
SAO_971M-10,São Paulo,3550308,True,,612,,,-23.4799295,-46.645629,,,,1,2023-06-17T12:40:03+00:00
SAO_4017-10,São Paulo,3550308,True,,34958,,,-23.573135,-46.3939375,,,,2,2023-06-17T12:40:00+00:00
SAO_4017-10,São Paulo,3550308,True,,34958,,,-23.60109525,-46.39926,,,,2,2023-06-17T12:40:14+00:00
SAO_5611-10,São Paulo,3550308,True,EMTU,598,https://moovitapp.com/index/pt-br/transporte_p%C3%BAblico-line-598-Sao_Paulo-242-2038937-36419579-0,7.05,-23.71642,-46.628899000000004,,,,1,2023-06-17T12:37:37+00:00
SAO_5611-10,São Paulo,3550308,True,EMTU,598,https://moovitapp.com/index/pt-br/transporte_p%C3%BAblico-line-598-Sao_Paulo-242-2038937-36419579-0,7.05,-23.680024,-46.684126500000005,,,,1,2023-06-17T12:40:05+00:00
SAO_5611-10,São Paulo,3550308,True,EMTU,598,https://moovitapp.com/index/pt-br/transporte_p%C3%BAblico-line-598-Sao_Paulo-242-2038937-36419579-0,7.05,-23.637926,-46.6717295,,,,1,2023-06-17T12:40:17+00:00
SAO_5611-10,São Paulo,3550308,True,EMTU,598,https://moovitapp.com/index/pt-br/transporte_p%C3%BAblico-line-598-Sao_Paulo-242-2038937-36419579-0,7.05,-23.7029555,-46.644625500000004,,,,1,2023-06-17T12:39:45+00:00
SAO_5791-21,São Paulo,3550308,True,,35231,,,-23.702942,-46.624928,,,,2,2023-06-17T12:40:15+00:00
SAO_5791-21,São Paulo,3550308,True,,35231,,,-23.6978665,-46.63807325,,,,2,2023-06-17T12:40:03+00:00
SAO_5791-21,São Paulo,3550308,True,,35231,,,-23.651840999999997,-46.6380705,,,,2,2023-06-17T12:40:46+00:00
SAO_5791-21,São Paulo,3550308,True,,35231,,,-23.71619,-46.62593,,,,2,2023-06-17T12:40:22+00:00
SAO_5791-21,São Paulo,3550308,True,,35231,,,-23.7159525,-46.6262445,,,,2,2023-06-17T12:40:37+00:00
SAO_129F-10,São Paulo,3550308,True,,35072,,,-23.522999499999997,-46.688287875,,,,2,2023-06-17T12:40:26+00:00
SAO_129F-10,São Paulo,3550308,True,,35072,,,-23.494761250000003,-46.7015095,,,,2,2023-06-17T12:40:30+00:00
SAO_1743-10,São Paulo,3550308,True,,33311,,,-23.51374825,-46.6249465,,,,2,2023-06-17T12:40:25+00:00
SAO_1743-10,São Paulo,3550308,True,,33311,,,-23.456415,-46.667734499999995,,,,2,2023-06-17T12:40:23+00:00
SAO_1743-10,São Paulo,3550308,True,,33311,,,-23.472959000000003,-46.650108,,,,2,2023-06-17T12:40:15+00:00
SAO_1745-10,São Paulo,3550308,True,,33314,,,-23.473114,-46.6655995,,,,2,2023-06-17T12:40:16+00:00
SAO_1745-10,São Paulo,3550308,True,,33314,,,-23.509598875000002,-46.61557775,,,,2,2023-06-17T12:40:44+00:00
SAO_1745-10,São Paulo,3550308,True,,33314,,,-23.50035825,-46.62624075,,,,2,2023-06-17T12:40:15+00:00
SAO_6455-10,São Paulo,3550308,True,,63,,,-23.6032305,-46.661763875,,,,1,2023-06-17T12:40:05+00:00
SAO_6455-10,São Paulo,3550308,True,,63,,,-23.551026,-46.63692275,,,,1,2023-06-17T12:40:26+00:00
SAO_6455-10,São Paulo,3550308,True,,63,,,-23.64808025,-46.74822275,,,,1,2023-06-17T12:40:38+00:00
SAO_576C-10,São Paulo,3550308,True,,34058,,,-23.6377235,-46.63196,,,,2,2023-06-17T12:36:11+00:00
SAO_576C-10,São Paulo,3550308,True,,34058,,,-23.651657999999998,-46.6478045,,,,2,2023-06-17T12:40:42+00:00
SAO_576C-10,São Paulo,3550308,True,,34058,,,-23.660634,-46.695184,,,,2,2023-06-17T12:40:14+00:00
SAO_576C-10,São Paulo,3550308,True,,34058,,,-23.659077500000002,-46.6994195,,,,2,2023-06-17T12:40:32+00:00
SAO_576C-10,São Paulo,3550308,True,,34058,,,-23.65505625,-46.668234,,,,2,2023-06-17T12:40:31+00:00
SAO_6042-10,São Paulo,3550308,True,,33987,,,-23.6728375,-46.7647585,,,,2,2023-06-17T12:40:19+00:00
SAO_6042-10,São Paulo,3550308,True,,33987,,,-23.655250000000002,-46.761338,,,,2,2023-06-17T12:40:21+00:00
SAO_6042-10,São Paulo,3550308,True,,33987,,,-23.673127,-46.764875,,,,2,2023-06-17T12:40:29+00:00
SAO_3902-10,São Paulo,3550308,True,,34238,,,-23.506751,-46.386662,,,,2,2023-06-17T12:40:37+00:00
SAO_3902-10,São Paulo,3550308,True,,34238,,,-23.485104,-46.384288999999995,,,,2,2023-06-17T12:40:37+00:00
SAO_3902-10,São Paulo,3550308,True,,34238,,,-23.50691175,-46.39872025,,,,2,2023-06-17T12:40:46+00:00
SAO_4734-10,São Paulo,3550308,True,,1109,,,-23.644148,-46.6056985,,,,1,2023-06-17T12:40:23+00:00
SAO_4734-10,São Paulo,3550308,True,,1109,,,-23.63474325,-46.615694500000004,,,,1,2023-06-17T12:40:25+00:00
SAO_4734-10,São Paulo,3550308,True,,1109,,,-23.6184455,-46.638504499999996,,,,1,2023-06-17T12:40:38+00:00
SAO_4734-10,São Paulo,3550308,True,,1109,,,-23.62123625,-46.632619500000004,,,,1,2023-06-17T12:40:44+00:00
SAO_4734-10,São Paulo,3550308,True,,1109,,,-23.6414715,-46.610838,,,,1,2023-06-17T12:40:16+00:00
SAO_3459-10,São Paulo,3550308,True,,33170,,,-23.547625500000002,-46.629791499999996,,,,2,2023-06-17T12:40:37+00:00
SAO_3459-10,São Paulo,3550308,True,,33170,,,-23.547625500000002,-46.629791499999996,,,,2,2023-06-17T12:40:15+00:00
SAO_3459-10,São Paulo,3550308,True,,33170,,,-23.547625500000002,-46.629791499999996,,,,2,2023-06-17T12:40:39+00:00
SAO_3459-10,São Paulo,3550308,True,,33170,,,-23.547625500000002,-46.629791499999996,,,,2,2023-06-17T12:40:45+00:00
SAO_3459-10,São Paulo,3550308,True,,33170,,,-23.547625500000002,-46.629791499999996,,,,2,2023-06-17T12:40:24+00:00
SAO_3459-10,São Paulo,3550308,True,,33170,,,-23.547625500000002,-46.629791499999996,,,,2,2023-06-17T12:40:17+00:00
SAO_3459-10,São Paulo,3550308,True,,33170,,,-23.4942435,-46.4390015,,,,2,2023-06-17T12:40:41+00:00
SAO_3459-10,São Paulo,3550308,True,,33170,,,-23.547625500000002,-46.629791499999996,,,,2,2023-06-17T12:40:25+00:00
SAO_3459-10,São Paulo,3550308,True,,33170,,,-23.547625500000002,-46.629791499999996,,,,2,2023-06-17T12:40:27+00:00
SAO_3459-10,São Paulo,3550308,True,,33170,,,-23.547625500000002,-46.629791499999996,,,,2,2023-06-17T12:40:18+00:00
SAO_3459-10,São Paulo,3550308,True,,33170,,,-23.516762,-46.384977500000005,,,,2,2023-06-17T12:40:36+00:00
SAO_3459-10,São Paulo,3550308,True,,33170,,,-23.535165125,-46.5492345,,,,2,2023-06-17T12:40:12+00:00
SAO_3459-10,São Paulo,3550308,True,,33170,,,-23.516686749999998,-46.38517525,,,,2,2023-06-17T12:40:45+00:00
SAO_3459-10,São Paulo,3550308,True,,33170,,,-23.547625500000002,-46.629791499999996,,,,2,2023-06-17T12:40:26+00:00
SAO_3459-10,São Paulo,3550308,True,,33170,,,-23.5114575,-46.3840215,,,,2,2023-06-17T12:40:12+00:00
SAO_3459-10,São Paulo,3550308,True,,33170,,,-23.516686749999998,-46.38517525,,,,2,2023-06-17T12:40:18+00:00
SAO_3459-10,São Paulo,3550308,True,,33170,,,-23.547625500000002,-46.629791499999996,,,,2,2023-06-17T12:40:12+00:00
SAO_3459-10,São Paulo,3550308,True,,33170,,,-23.532215,-46.5312815,,,,2,2023-06-17T12:40:34+00:00
SAO_3459-10,São Paulo,3550308,True,,33170,,,-23.5192415,-46.470068,,,,2,2023-06-17T12:40:43+00:00
SAO_3459-10,São Paulo,3550308,True,,33170,,,-23.540722,-46.575559,,,,2,2023-06-17T12:40:20+00:00
SAO_2023-10,São Paulo,3550308,True,,2260,,,-23.475814999999997,-46.609178,,,,1,2023-06-17T12:40:23+00:00
SAO_2023-10,São Paulo,3550308,True,,2260,,,-23.418351,-46.586143,,,,1,2023-06-17T12:40:30+00:00
SAO_748A-41,São Paulo,3550308,True,,33267,,,-23.5241235,-46.70505,,,,2,2023-06-17T12:40:08+00:00
SAO_2104-10,São Paulo,3550308,True,,2255,,,-23.523996500000003,-46.6255045,,,,1,2023-06-17T12:40:21+00:00
SAO_675P-10,São Paulo,3550308,True,STT,275,https://moovitapp.com/index/pt-br/transporte_p%C3%BAblico-line-275-Sao_Paulo-242-850661-183275-0,5.3,-23.638117,-46.641825499999996,,,,1,2023-06-17T12:40:05+00:00
SAO_675P-10,São Paulo,3550308,True,STT,275,https://moovitapp.com/index/pt-br/transporte_p%C3%BAblico-line-275-Sao_Paulo-242-850661-183275-0,5.3,-23.6774985,-46.7014125,,,,1,2023-06-17T12:40:26+00:00
SAO_675P-10,São Paulo,3550308,True,STT,275,https://moovitapp.com/index/pt-br/transporte_p%C3%BAblico-line-275-Sao_Paulo-242-850661-183275-0,5.3,-23.6505785,-46.677715500000005,,,,1,2023-06-17T12:40:44+00:00
SAO_118C-10,São Paulo,3550308,True,,519,,,-23.458088500000002,-46.6717525,,,,1,2023-06-17T12:40:27+00:00
SAO_118C-10,São Paulo,3550308,True,,519,,,-23.470672,-46.65263,,,,1,2023-06-17T12:40:39+00:00
SAO_118C-10,São Paulo,3550308,True,,519,,,-23.491440250000004,-46.6260525,,,,1,2023-06-17T12:40:22+00:00
SAO_118C-10,São Paulo,3550308,True,,519,,,-23.5104885,-46.62510475,,,,1,2023-06-17T12:40:25+00:00
SAO_118C-10,São Paulo,3550308,True,,519,,,-23.4679605,-46.6687125,,,,1,2023-06-17T12:40:06+00:00
SAO_118C-10,São Paulo,3550308,True,,519,,,-23.5390125,-46.648478749999995,,,,1,2023-06-17T12:40:34+00:00
SAO_118C-10,São Paulo,3550308,True,,519,,,-23.493661000000003,-46.626228999999995,,,,1,2023-06-17T12:40:23+00:00
SAO_4015-10,São Paulo,3550308,True,,34956,,,-23.613001,-46.4764665,,,,2,2023-06-17T12:40:23+00:00
SAO_4015-10,São Paulo,3550308,True,,34956,,,-23.613228499999998,-46.476530999999994,,,,2,2023-06-17T12:40:15+00:00
SAO_917H-10,São Paulo,3550308,True,STT,456,https://moovitapp.com/index/pt-br/transporte_p%C3%BAblico-line-456-Sao_Paulo-242-850661-10416524-0,5.3,-23.5079545,-46.749643,,,,1,2023-06-17T12:40:22+00:00
SAO_917H-10,São Paulo,3550308,True,STT,456,https://moovitapp.com/index/pt-br/transporte_p%C3%BAblico-line-456-Sao_Paulo-242-850661-10416524-0,5.3,-23.541019249999998,-46.699289750000005,,,,1,2023-06-17T12:40:33+00:00
SAO_917H-10,São Paulo,3550308,True,STT,456,https://moovitapp.com/index/pt-br/transporte_p%C3%BAblico-line-456-Sao_Paulo-242-850661-10416524-0,5.3,-23.53152275,-46.732456625000005,,,,1,2023-06-17T12:40:09+00:00
SAO_917H-10,São Paulo,3550308,True,STT,456,https://moovitapp.com/index/pt-br/transporte_p%C3%BAblico-line-456-Sao_Paulo-242-850661-10416524-0,5.3,-23.488162,-46.7310875,,,,1,2023-06-17T12:40:39+00:00
SAO_917H-10,São Paulo,3550308,True,STT,456,https://moovitapp.com/index/pt-br/transporte_p%C3%BAblico-line-456-Sao_Paulo-242-850661-10416524-0,5.3,-23.485525000000003,-46.725356500000004,,,,1,2023-06-17T12:40:32+00:00
SAO_917H-10,São Paulo,3550308,True,STT,456,https://moovitapp.com/index/pt-br/transporte_p%C3%BAblico-line-456-Sao_Paulo-242-850661-10416524-0,5.3,-23.580851125,-46.638879125,,,,1,2023-06-17T12:39:20+00:00
SAO_917H-10,São Paulo,3550308,True,STT,456,https://moovitapp.com/index/pt-br/transporte_p%C3%BAblico-line-456-Sao_Paulo-242-850661-10416524-0,5.3,-23.589263,-46.634504,,,,1,2023-06-17T12:40:02+00:00
SAO_3063-10,São Paulo,3550308,True,,33021,,,-23.591266,-46.4170165,,,,2,2023-06-17T12:40:11+00:00
SAO_3063-10,São Paulo,3550308,True,,33021,,,-23.558238,-46.399558999999996,,,,2,2023-06-17T12:40:15+00:00
SAO_746R-10,São Paulo,3550308,True,,790,,,-23.6238535,-46.709932499999994,,,,1,2023-06-17T12:40:25+00:00
SAO_746R-10,São Paulo,3550308,True,,790,,,-23.6103905,-46.7051065,,,,1,2023-06-17T12:40:44+00:00
SAO_1745-10,São Paulo,3550308,True,,546,,,-23.50591175,-46.624980625000006,,,,1,2023-06-17T12:40:38+00:00
SAO_1745-10,São Paulo,3550308,True,,546,,,-23.485412500000002,-46.6515555,,,,1,2023-06-17T12:40:29+00:00
SAO_3053-10,São Paulo,3550308,True,,973,,,-23.58693725,-46.51518225,,,,1,2023-06-17T12:40:08+00:00
SAO_3053-10,São Paulo,3550308,True,,973,,,-23.572397000000002,-46.548322999999996,,,,1,2023-06-17T12:40:08+00:00
SAO_3053-10,São Paulo,3550308,True,,973,,,-23.553188,-46.576364,,,,1,2023-06-17T12:40:04+00:00
SAO_6043-10,São Paulo,3550308,True,,1220,,,-23.6515635,-46.720387,,,,1,2023-06-17T12:40:39+00:00
SAO_6043-10,São Paulo,3550308,True,,1220,,,-23.654738000000002,-46.753506,,,,1,2023-06-17T12:40:32+00:00
SAO_775A-10,São Paulo,3550308,True,,33241,,,-23.57706,-46.68690575,,,,2,2023-06-17T12:40:44+00:00
SAO_775A-10,São Paulo,3550308,True,,33241,,,-23.5623195,-46.7647105,,,,2,2023-06-17T12:40:33+00:00
SAO_2201-10,São Paulo,3550308,True,,909,,,-23.541515500000003,-46.4163375,,,,1,2023-06-17T12:40:38+00:00
SAO_2201-10,São Paulo,3550308,True,,909,,,-23.5324795,-46.3946915,,,,1,2023-06-17T12:40:38+00:00
SAO_778J-41,São Paulo,3550308,True,,1486,,,-23.592668,-46.799583,,,,1,2023-06-17T12:40:04+00:00
SAO_778J-41,São Paulo,3550308,True,,1486,,,-23.547417000000003,-46.676787499999996,,,,1,2023-06-17T12:40:02+00:00
SAO_6030-10,São Paulo,3550308,True,,33910,,,-23.7265865,-46.712965,,,,2,2023-06-17T12:40:12+00:00
SAO_6030-10,São Paulo,3550308,True,,33910,,,-23.653945999999998,-46.711372,,,,2,2023-06-17T12:40:09+00:00
SAO_6030-10,São Paulo,3550308,True,,33910,,,-23.690795,-46.6979945,,,,2,2023-06-17T12:40:22+00:00
SAO_6030-10,São Paulo,3550308,True,,33910,,,-23.653945999999998,-46.711372,,,,2,2023-06-17T12:40:20+00:00
SAO_5106-21,São Paulo,3550308,True,,1972,,,-23.6768785,-46.627677500000004,,,,1,2023-06-17T12:40:14+00:00
SAO_5106-21,São Paulo,3550308,True,,1972,,,-23.6952985,-46.649299,,,,1,2023-06-17T12:40:43+00:00
SAO_5106-21,São Paulo,3550308,True,,1972,,,-23.624344,-46.639163749999994,,,,1,2023-06-17T12:40:19+00:00
SAO_5106-21,São Paulo,3550308,True,,1972,,,-23.607822000000002,-46.67010425000001,,,,1,2023-06-17T12:40:36+00:00
SAO_5106-21,São Paulo,3550308,True,,1972,,,-23.6344415,-46.6412225,,,,1,2023-06-17T12:40:35+00:00
SAO_6820-31,São Paulo,3550308,True,,34174,,,-23.65826975,-46.76510825,,,,2,2023-06-17T12:40:38+00:00
SAO_6820-31,São Paulo,3550308,True,,34174,,,-23.658400999999998,-46.78931475,,,,2,2023-06-17T12:40:15+00:00
SAO_4113-10,São Paulo,3550308,True,,768,,,-23.60206675,-46.612789250000006,,,,1,2023-06-17T12:40:18+00:00
SAO_4113-10,São Paulo,3550308,True,,768,,,-23.60181325,-46.61281475,,,,1,2023-06-17T12:40:10+00:00
SAO_4113-10,São Paulo,3550308,True,,768,,,-23.5868875,-46.611943249999996,,,,1,2023-06-17T12:40:17+00:00
SAO_4113-10,São Paulo,3550308,True,,768,,,-23.55779175,-46.63296075,,,,1,2023-06-17T12:40:23+00:00
SAO_4113-10,São Paulo,3550308,True,,768,,,-23.5716675,-46.6234045,,,,1,2023-06-17T12:40:35+00:00
SAO_4113-10,São Paulo,3550308,True,,768,,,-23.546103875,-46.638544499999995,,,,1,2023-06-17T12:40:17+00:00
SAO_847P-10,São Paulo,3550308,True,,423,,,-23.4861505,-46.7258785,,,,1,2023-06-17T12:40:18+00:00
SAO_847P-10,São Paulo,3550308,True,,423,,,-23.510699,-46.705584,,,,1,2023-06-17T12:40:34+00:00
SAO_847P-10,São Paulo,3550308,True,,423,,,-23.541019249999998,-46.699289750000005,,,,1,2023-06-17T12:40:45+00:00
SAO_847P-10,São Paulo,3550308,True,,423,,,-23.562089999999998,-46.68909625,,,,1,2023-06-17T12:40:46+00:00
SAO_847P-10,São Paulo,3550308,True,,423,,,-23.591415625000003,-46.681248562499995,,,,1,2023-06-17T12:40:07+00:00
SAO_847P-10,São Paulo,3550308,True,,423,,,-23.4979585,-46.7069405,,,,1,2023-06-17T12:40:17+00:00
SAO_9789-10,São Paulo,3550308,True,,829,,,-23.521895999999998,-46.6685605,,,,1,2023-06-17T12:40:26+00:00
SAO_9789-10,São Paulo,3550308,True,,829,,,-23.466955,-46.6984815,,,,1,2023-06-17T12:40:38+00:00
SAO_9789-10,São Paulo,3550308,True,,829,,,-23.494439,-46.684073999999995,,,,1,2023-06-17T12:40:17+00:00
SAO_273N-10,São Paulo,3550308,True,,33158,,,-23.5046015,-46.367096,,,,2,2023-06-17T12:39:01+00:00
SAO_273N-10,São Paulo,3550308,True,,33158,,,-23.5047085,-46.3668095,,,,2,2023-06-17T12:40:30+00:00
SAO_273N-10,São Paulo,3550308,True,,33158,,,-23.5136495,-46.444970125,,,,2,2023-06-17T12:40:39+00:00
SAO_7282-10,São Paulo,3550308,True,,471,,,-23.55006975,-46.6794545,,,,1,2023-06-17T12:40:30+00:00
SAO_2013-10,São Paulo,3550308,True,,33667,,,-23.4702685,-46.6492005,,,,2,2023-06-17T12:40:07+00:00
SAO_2013-10,São Paulo,3550308,True,,33667,,,-23.473060250000003,-46.6701395,,,,2,2023-06-17T12:40:23+00:00
SAO_2013-10,São Paulo,3550308,True,,33667,,,-23.454283,-46.658618,,,,2,2023-06-17T12:40:32+00:00
SAO_3735-41,São Paulo,3550308,True,,1920,,,-23.550331999999997,-46.4931735,,,,1,2023-06-17T12:40:38+00:00
SAO_3735-41,São Paulo,3550308,True,,1920,,,-23.540658999999998,-46.4851245,,,,1,2023-06-17T12:40:42+00:00
SAO_4735-10,São Paulo,3550308,True,,1110,,,-23.6186375,-46.472599,,,,1,2023-06-17T12:40:28+00:00
SAO_4735-10,São Paulo,3550308,True,,1110,,,-23.6191365,-46.472797,,,,1,2023-06-17T12:40:25+00:00
SAO_1780-10,São Paulo,3550308,True,,33637,,,-23.4483715,-46.5789425,,,,2,2023-06-17T12:40:47+00:00
SAO_1780-10,São Paulo,3550308,True,,33637,,,-23.448106,-46.5790305,,,,2,2023-06-17T12:40:07+00:00
SAO_1780-10,São Paulo,3550308,True,,33637,,,-23.448106,-46.5790305,,,,2,2023-06-17T12:40:04+00:00
SAO_1780-10,São Paulo,3550308,True,,33637,,,-23.4807045,-46.60357325,,,,2,2023-06-17T12:40:39+00:00
SAO_271A-51,São Paulo,3550308,True,,33471,,,-23.50225,-46.623670000000004,,,,2,2023-06-17T12:40:38+00:00
SAO_271A-51,São Paulo,3550308,True,,33471,,,-23.521050250000002,-46.54809825,,,,2,2023-06-17T12:40:20+00:00
SAO_271A-51,São Paulo,3550308,True,,33471,,,-23.491689,-46.5744715,,,,2,2023-06-17T12:40:32+00:00
SAO_8050-10,São Paulo,3550308,True,,412,,,-23.441984249999997,-46.786615499999996,,,,1,2023-06-17T12:40:03+00:00
SAO_8050-10,São Paulo,3550308,True,,412,,,-23.525544500000002,-46.712109500000004,,,,1,2023-06-17T12:40:20+00:00
SAO_4032-10,São Paulo,3550308,True,,1102,,,-23.597021999999996,-46.643793125,,,,1,2023-06-17T12:40:33+00:00
SAO_4032-10,São Paulo,3550308,True,,1102,,,-23.620317999999997,-46.6276075,,,,1,2023-06-17T12:40:22+00:00
SAO_5144-10,São Paulo,3550308,True,,1627,,,-23.53912,-46.595645000000005,,,,1,2023-06-17T12:40:15+00:00
SAO_5144-10,São Paulo,3550308,True,,1627,,,-23.577434,-46.548098249999995,,,,1,2023-06-17T12:40:34+00:00
SAO_5144-10,São Paulo,3550308,True,,1627,,,-23.5381615,-46.59590825000001,,,,1,2023-06-17T12:40:27+00:00
SAO_5144-10,São Paulo,3550308,True,,1627,,,-23.53497825,-46.64421025,,,,1,2023-06-17T12:40:30+00:00
SAO_148P-10,São Paulo,3550308,True,EMTU,534,https://moovitapp.com/index/pt-br/transporte_p%C3%BAblico-line-534-Sao_Paulo-242-2038937-36419546-0,6.3,-23.4576395,-46.642677500000005,,,,1,2023-06-17T12:40:35+00:00
SAO_148P-10,São Paulo,3550308,True,EMTU,534,https://moovitapp.com/index/pt-br/transporte_p%C3%BAblico-line-534-Sao_Paulo-242-2038937-36419546-0,6.3,-23.494426500000003,-46.661634750000005,,,,1,2023-06-17T12:40:39+00:00
SAO_148P-10,São Paulo,3550308,True,EMTU,534,https://moovitapp.com/index/pt-br/transporte_p%C3%BAblico-line-534-Sao_Paulo-242-2038937-36419546-0,6.3,-23.503085499999997,-46.657854,,,,1,2023-06-17T12:40:10+00:00
SAO_148P-10,São Paulo,3550308,True,EMTU,534,https://moovitapp.com/index/pt-br/transporte_p%C3%BAblico-line-534-Sao_Paulo-242-2038937-36419546-0,6.3,-23.463556250000003,-46.65331575,,,,1,2023-06-17T12:40:36+00:00
SAO_6055-10,São Paulo,3550308,True,,33914,,,-23.757483375,-46.702480375,,,,2,2023-06-17T12:40:36+00:00
SAO_6055-10,São Paulo,3550308,True,,33914,,,-23.67984925,-46.6867915,,,,2,2023-06-17T12:40:34+00:00
SAO_6055-10,São Paulo,3550308,True,,33914,,,-23.713037999999997,-46.698539999999994,,,,2,2023-06-17T12:40:22+00:00
SAO_1786-10,São Paulo,3550308,True,,33417,,,-23.4688975,-46.616806499999996,,,,2,2023-06-17T12:37:56+00:00
SAO_1786-10,São Paulo,3550308,True,,33417,,,-23.49109925,-46.624753,,,,2,2023-06-17T12:39:37+00:00
SAO_9500-10,São Paulo,3550308,True,,33229,,,-23.53424025,-46.64397149999999,,,,2,2023-06-17T12:40:24+00:00
SAO_9500-10,São Paulo,3550308,True,,33229,,,-23.52191275,-46.663771,,,,2,2023-06-17T12:40:20+00:00
SAO_9500-10,São Paulo,3550308,True,,33229,,,-23.4762785,-46.672192499999994,,,,2,2023-06-17T12:40:36+00:00
SAO_351F-10,São Paulo,3550308,True,,33455,,,-23.460096999999998,-46.5835505,,,,2,2023-06-17T12:38:28+00:00
SAO_351F-10,São Paulo,3550308,True,,33455,,,-23.544489625,-46.586325125,,,,2,2023-06-17T12:40:12+00:00
SAO_351F-10,São Paulo,3550308,True,,33455,,,-23.558504499999998,-46.5223195,,,,2,2023-06-17T12:40:31+00:00
SAO_8040-10,São Paulo,3550308,True,,406,,,-23.4826745,-46.76805075,,,,1,2023-06-17T12:40:21+00:00
SAO_8040-10,São Paulo,3550308,True,,406,,,-23.440506499999998,-46.759546,,,,1,2023-06-17T12:40:18+00:00
SAO_573T-10,São Paulo,3550308,True,,34400,,,-23.61459425,-46.500975,,,,2,2023-06-17T12:40:32+00:00
SAO_573T-10,São Paulo,3550308,True,,34400,,,-23.586869,-46.49095875,,,,2,2023-06-17T12:40:27+00:00
SAO_573T-10,São Paulo,3550308,True,,34400,,,-23.5551155,-46.52641975,,,,2,2023-06-17T12:40:28+00:00
SAO_2033-10,São Paulo,3550308,True,,35267,,,-23.5126695,-46.5851415,,,,2,2023-06-17T12:40:16+00:00
SAO_2033-10,São Paulo,3550308,True,,35267,,,-23.4872685,-46.568211500000004,,,,2,2023-06-17T12:40:38+00:00
SAO_4027-10,São Paulo,3550308,True,,33865,,,-23.641898,-46.438882500000005,,,,2,2023-06-17T12:40:48+00:00
SAO_4027-10,São Paulo,3550308,True,,33865,,,-23.612118000000002,-46.47348,,,,2,2023-06-17T12:40:19+00:00
SAO_4027-10,São Paulo,3550308,True,,33865,,,-23.593264,-46.489357999999996,,,,2,2023-06-17T12:40:37+00:00
SAO_4027-10,São Paulo,3550308,True,,33865,,,-23.6349765,-46.443518499999996,,,,2,2023-06-17T12:40:46+00:00
SAO_4027-10,São Paulo,3550308,True,,33865,,,-23.6235405,-46.446826,,,,2,2023-06-17T12:40:41+00:00
SAO_4027-10,São Paulo,3550308,True,,33865,,,-23.6146805,-46.470593,,,,2,2023-06-17T12:40:25+00:00
SAO_5154-10,São Paulo,3550308,True,EMTU,353,https://moovitapp.com/index/pt-br/transporte_p%C3%BAblico-line-353-Sao_Paulo-242-2038937-36419436-0,5.1,-23.592699500000002,-46.651919,,,,1,2023-06-17T12:40:35+00:00
SAO_5154-10,São Paulo,3550308,True,EMTU,353,https://moovitapp.com/index/pt-br/transporte_p%C3%BAblico-line-353-Sao_Paulo-242-2038937-36419436-0,5.1,-23.65393525,-46.707456500000006,,,,1,2023-06-17T12:40:45+00:00
SAO_5154-10,São Paulo,3550308,True,EMTU,353,https://moovitapp.com/index/pt-br/transporte_p%C3%BAblico-line-353-Sao_Paulo-242-2038937-36419436-0,5.1,-23.654157,-46.710629,,,,1,2023-06-17T12:40:37+00:00
SAO_5154-10,São Paulo,3550308,True,EMTU,353,https://moovitapp.com/index/pt-br/transporte_p%C3%BAblico-line-353-Sao_Paulo-242-2038937-36419436-0,5.1,-23.6100275,-46.686949999999996,,,,1,2023-06-17T12:40:45+00:00
SAO_6041-10,São Paulo,3550308,True,,33986,,,-23.6598085,-46.766954999999996,,,,2,2023-06-17T12:40:35+00:00
SAO_6041-10,São Paulo,3550308,True,,33986,,,-23.6440945,-46.744037500000005,,,,2,2023-06-17T12:40:41+00:00
SAO_6041-10,São Paulo,3550308,True,,33986,,,-23.6899145,-46.7808755,,,,2,2023-06-17T12:40:34+00:00
SAO_6041-10,São Paulo,3550308,True,,33986,,,-23.6899145,-46.7808755,,,,2,2023-06-17T12:40:42+00:00
SAO_6041-10,São Paulo,3550308,True,,33986,,,-23.6899145,-46.7808755,,,,2,2023-06-17T12:40:43+00:00
SAO_271M-10,São Paulo,3550308,True,,684,,,-23.508898000000002,-46.562537000000006,,,,1,2023-06-17T12:40:19+00:00
SAO_271M-10,São Paulo,3550308,True,,684,,,-23.50686175,-46.5963685,,,,1,2023-06-17T12:40:29+00:00
SAO_5129-41,São Paulo,3550308,True,,34742,,,-23.68053825,-46.63576575,,,,2,2023-06-17T12:40:03+00:00
SAO_5129-41,São Paulo,3550308,True,,34742,,,-23.6535095,-46.703309000000004,,,,2,2023-06-17T12:40:10+00:00
SAO_5129-41,São Paulo,3550308,True,,34742,,,-23.681403,-46.638069,,,,2,2023-06-17T12:40:39+00:00
SAO_5129-41,São Paulo,3550308,True,,34742,,,-23.652300500000003,-46.66928475,,,,2,2023-06-17T12:40:17+00:00
SAO_2715-10,São Paulo,3550308,True,,928,,,-23.496253749999997,-46.501903,,,,1,2023-06-17T12:40:35+00:00
SAO_2715-10,São Paulo,3550308,True,,928,,,-23.530427,-46.5017895,,,,1,2023-06-17T12:40:13+00:00
SAO_2715-10,São Paulo,3550308,True,,928,,,-23.509317375,-46.4997645,,,,1,2023-06-17T12:40:23+00:00
SAO_675A-10,São Paulo,3550308,True,,1318,,,-23.63865675,-46.6964605,,,,1,2023-06-17T12:40:33+00:00
SAO_675A-10,São Paulo,3550308,True,,1318,,,-23.612108624999998,-46.650991375000004,,,,1,2023-06-17T12:40:06+00:00
SAO_675A-10,São Paulo,3550308,True,,1318,,,-23.6531645,-46.7385905,,,,1,2023-06-17T12:40:31+00:00
SAO_3301-10,São Paulo,3550308,True,,34386,,,-23.5138935,-46.523154000000005,,,,2,2023-06-17T12:40:18+00:00
SAO_3301-10,São Paulo,3550308,True,,34386,,,-23.4923,-46.445477,,,,2,2023-06-17T12:40:34+00:00
SAO_3301-10,São Paulo,3550308,True,,34386,,,-23.548136,-46.6287135,,,,2,2023-06-17T12:40:17+00:00
SAO_3301-10,São Paulo,3550308,True,,34386,,,-23.538731,-46.6048935,,,,2,2023-06-17T12:40:03+00:00
SAO_5032-10,São Paulo,3550308,True,,34430,,,-23.594427500000002,-46.5954425,,,,2,2023-06-17T12:40:26+00:00
SAO_5032-10,São Paulo,3550308,True,,34430,,,-23.61600225,-46.593427250000005,,,,2,2023-06-17T12:40:27+00:00
SAO_5032-10,São Paulo,3550308,True,,34430,,,-23.636341,-46.593497,,,,2,2023-06-17T12:40:33+00:00
SAO_2007-10,São Paulo,3550308,True,,896,,,-23.494778625000002,-46.4035085,,,,1,2023-06-17T12:40:18+00:00
SAO_2007-10,São Paulo,3550308,True,,896,,,-23.494778625000002,-46.4035085,,,,1,2023-06-17T12:39:19+00:00
SAO_2007-10,São Paulo,3550308,True,,896,,,-23.4980925,-46.382117,,,,1,2023-06-17T12:40:15+00:00
SAO_2007-10,São Paulo,3550308,True,,896,,,-23.507707,-46.37215575,,,,1,2023-06-17T12:40:39+00:00
SAO_2007-10,São Paulo,3550308,True,,896,,,-23.510203,-46.3698615,,,,1,2023-06-17T12:40:25+00:00
SAO_2007-10,São Paulo,3550308,True,,896,,,-23.510203,-46.3698615,,,,1,2023-06-17T12:40:16+00:00
SAO_4310-10,São Paulo,3550308,True,,2160,,,-23.5404725,-46.5751875,,,,1,2023-06-17T12:40:25+00:00
SAO_4310-10,São Paulo,3550308,True,,2160,,,-23.535216,-46.4541105,,,,1,2023-06-17T12:40:27+00:00
SAO_4310-10,São Paulo,3550308,True,,2160,,,-23.5523915,-46.610965,,,,1,2023-06-17T12:40:12+00:00
SAO_4310-10,São Paulo,3550308,True,,2160,,,-23.5400785,-46.4637035,,,,1,2023-06-17T12:40:25+00:00
SAO_4310-10,São Paulo,3550308,True,,2160,,,-23.547369,-46.630520000000004,,,,1,2023-06-17T12:40:45+00:00
SAO_4310-10,São Paulo,3550308,True,,2160,,,-23.5428105,-46.587509,,,,1,2023-06-17T12:40:31+00:00
SAO_4310-10,São Paulo,3550308,True,,2160,,,-23.533201499999997,-46.5395755,,,,1,2023-06-17T12:40:40+00:00
SAO_4310-10,São Paulo,3550308,True,,2160,,,-23.535911,-46.490879,,,,1,2023-06-17T12:40:03+00:00
SAO_5164-21,São Paulo,3550308,True,,34384,,,-23.6526215,-46.6461985,,,,2,2023-06-17T12:40:31+00:00
SAO_5164-21,São Paulo,3550308,True,,34384,,,-23.5823105,-46.657298,,,,2,2023-06-17T12:40:23+00:00
SAO_6L07-10,São Paulo,3550308,True,,1545,,,-23.817719500000003,-46.705416,,,,1,2023-06-17T12:40:30+00:00
SAO_6L07-10,São Paulo,3550308,True,,1545,,,-23.7667025,-46.7163285,,,,1,2023-06-17T12:39:59+00:00
SAO_407H-10,São Paulo,3550308,True,,34965,,,-23.630999,-46.447098499999996,,,,2,2023-06-17T12:40:34+00:00
SAO_407H-10,São Paulo,3550308,True,,34965,,,-23.584844750000002,-46.4429035,,,,2,2023-06-17T12:40:18+00:00
SAO_407H-10,São Paulo,3550308,True,,34965,,,-23.6086925,-46.453783,,,,2,2023-06-17T12:40:18+00:00
SAO_407H-10,São Paulo,3550308,True,,34965,,,-23.630999,-46.447098499999996,,,,2,2023-06-17T12:40:28+00:00
SAO_407H-10,São Paulo,3550308,True,,34965,,,-23.6309805,-46.4468875,,,,2,2023-06-17T12:40:06+00:00
SAO_407H-10,São Paulo,3550308,True,,34965,,,-23.6309715,-46.4467715,,,,2,2023-06-17T12:40:32+00:00
SAO_407H-10,São Paulo,3550308,True,,34965,,,-23.555915875,-46.464984375,,,,2,2023-06-17T12:40:37+00:00
SAO_5128-10,São Paulo,3550308,True,,33896,,,-23.6923805,-46.6447745,,,,2,2023-06-17T12:40:01+00:00
SAO_5128-10,São Paulo,3550308,True,,33896,,,-23.7122905,-46.651968499999995,,,,2,2023-06-17T12:40:34+00:00
SAO_5128-10,São Paulo,3550308,True,,33896,,,-23.678661499999997,-46.640864500000006,,,,2,2023-06-17T12:40:45+00:00
SAO_5128-10,São Paulo,3550308,True,,33896,,,-23.709225500000002,-46.656124500000004,,,,2,2023-06-17T12:35:20+00:00
SAO_5128-10,São Paulo,3550308,True,,33896,,,-23.707637,-46.6553065,,,,2,2023-06-17T12:38:07+00:00
SAO_5128-10,São Paulo,3550308,True,,33896,,,-23.702686,-46.6449055,,,,2,2023-06-17T12:40:44+00:00
SAO_5128-10,São Paulo,3550308,True,,33896,,,-23.6390905,-46.6413445,,,,2,2023-06-17T12:40:01+00:00
SAO_8615-10,São Paulo,3550308,True,,1339,,,-23.533510999999997,-46.6562195,,,,1,2023-06-17T12:40:29+00:00
SAO_8615-10,São Paulo,3550308,True,,1339,,,-23.546065499999997,-46.6320345,,,,1,2023-06-17T12:40:07+00:00
SAO_8006-10,São Paulo,3550308,True,,34024,,,-23.4685085,-46.725030000000004,,,,2,2023-06-17T12:40:04+00:00
SAO_6115-10,São Paulo,3550308,True,,33953,,,-23.742746,-46.6587425,,,,2,2023-06-17T12:40:24+00:00
SAO_6115-10,São Paulo,3550308,True,,33953,,,-23.748095499999998,-46.68762275,,,,2,2023-06-17T12:40:28+00:00
SAO_6115-10,São Paulo,3550308,True,,33953,,,-23.749776500000003,-46.66539025,,,,2,2023-06-17T12:40:09+00:00
SAO_6115-10,São Paulo,3550308,True,,33953,,,-23.736796499999997,-46.696856,,,,2,2023-06-17T12:40:39+00:00
SAO_7012-10,São Paulo,3550308,True,,2043,,,-23.68683775,-46.771108749999996,,,,1,2023-06-17T12:40:33+00:00
SAO_7012-10,São Paulo,3550308,True,,2043,,,-23.714214499999997,-46.776971,,,,1,2023-06-17T12:40:07+00:00
SAO_7012-10,São Paulo,3550308,True,,2043,,,-23.668024000000003,-46.735501,,,,1,2023-06-17T12:40:40+00:00
SAO_9005-10,São Paulo,3550308,True,,872,,,-23.450324000000002,-46.6860015,,,,1,2023-06-17T12:40:13+00:00
SAO_9005-10,São Paulo,3550308,True,,872,,,-23.454378499999997,-46.693401,,,,1,2023-06-17T12:40:08+00:00
SAO_9005-10,São Paulo,3550308,True,,872,,,-23.45311225,-46.6886135,,,,1,2023-06-17T12:40:35+00:00
SAO_9005-10,São Paulo,3550308,True,,872,,,-23.472583999999998,-46.6703775,,,,1,2023-06-17T12:40:31+00:00
SAO_6015-10,São Paulo,3550308,True,,33973,,,-23.671547,-46.7411115,,,,2,2023-06-17T12:40:39+00:00
SAO_6015-10,São Paulo,3550308,True,,33973,,,-23.7347075,-46.7944835,,,,2,2023-06-17T12:40:44+00:00
SAO_6015-10,São Paulo,3550308,True,,33973,,,-23.7345975,-46.794219999999996,,,,2,2023-06-17T12:40:19+00:00
SAO_6015-10,São Paulo,3550308,True,,33973,,,-23.6901525,-46.774198999999996,,,,2,2023-06-17T12:40:41+00:00
SAO_6015-10,São Paulo,3550308,True,,33973,,,-23.7345975,-46.794219999999996,,,,2,2023-06-17T12:40:43+00:00
SAO_6015-10,São Paulo,3550308,True,,33973,,,-23.6628155,-46.707258625,,,,2,2023-06-17T12:40:26+00:00
SAO_6015-10,São Paulo,3550308,True,,33973,,,-23.718152,-46.7843545,,,,2,2023-06-17T12:40:43+00:00
SAO_6015-10,São Paulo,3550308,True,,33973,,,-23.6453730625,-46.70219924999999,,,,2,2023-06-17T12:40:39+00:00
SAO_2080-10,São Paulo,3550308,True,,33139,,,-23.518318,-46.5488475,,,,2,2023-06-17T12:40:48+00:00
SAO_2080-10,São Paulo,3550308,True,,33139,,,-23.510135124999998,-46.366632749999994,,,,2,2023-06-17T12:40:34+00:00
SAO_2080-10,São Paulo,3550308,True,,33139,,,-23.50752,-46.4795465,,,,2,2023-06-17T12:40:28+00:00
SAO_2080-10,São Paulo,3550308,True,,33139,,,-23.498179,-46.463372,,,,2,2023-06-17T12:37:25+00:00
SAO_509J-10,São Paulo,3550308,True,,33032,,,-23.617181875,-46.670415000000006,,,,2,2023-06-17T12:40:20+00:00
SAO_509J-10,São Paulo,3550308,True,,33032,,,-23.6743995,-46.6627655,,,,2,2023-06-17T12:40:35+00:00
SAO_509J-10,São Paulo,3550308,True,,33032,,,-23.6875885,-46.654850499999995,,,,2,2023-06-17T12:40:09+00:00
SAO_1732-10,São Paulo,3550308,True,,33439,,,-23.508969,-46.652297000000004,,,,2,2023-06-17T12:40:36+00:00
SAO_1732-10,São Paulo,3550308,True,,33439,,,-23.48146,-46.59832675,,,,2,2023-06-17T12:40:39+00:00
SAO_1732-10,São Paulo,3550308,True,,33439,,,-23.487555999999998,-46.5742625,,,,2,2023-06-17T12:40:29+00:00
SAO_8705-10,São Paulo,3550308,True,,34840,,,-23.54862,-46.65147,,,,2,2023-06-17T12:40:38+00:00
SAO_8705-10,São Paulo,3550308,True,,34840,,,-23.567009,-46.7433175,,,,2,2023-06-17T12:40:09+00:00
SAO_647P-10,São Paulo,3550308,True,,1316,,,-23.6326985,-46.7369515,,,,1,2023-06-17T12:40:08+00:00
SAO_647P-10,São Paulo,3550308,True,,1316,,,-23.585345,-46.6839045,,,,1,2023-06-17T12:40:33+00:00
SAO_647P-10,São Paulo,3550308,True,,1316,,,-23.6611755,-46.74822399999999,,,,1,2023-06-17T12:40:05+00:00
SAO_274P-10,São Paulo,3550308,True,Grupo Vida,232,https://moovitapp.com/index/pt-br/transporte_p%C3%BAblico-line-232-Sao_Paulo-242-887112-748347-0,5.3,-23.585372,-46.6355775,,,,1,2023-06-17T12:40:36+00:00
SAO_274P-10,São Paulo,3550308,True,Grupo Vida,232,https://moovitapp.com/index/pt-br/transporte_p%C3%BAblico-line-232-Sao_Paulo-242-887112-748347-0,5.3,-23.523043625,-46.548755375,,,,1,2023-06-17T12:40:37+00:00
SAO_407L-10,São Paulo,3550308,True,,34967,,,-23.5902495,-46.394968500000004,,,,2,2023-06-17T12:40:18+00:00
SAO_407L-10,São Paulo,3550308,True,,34967,,,-23.590592,-46.3947795,,,,2,2023-06-17T12:40:08+00:00
SAO_407L-10,São Paulo,3550308,True,,34967,,,-23.5637425,-46.416404,,,,2,2023-06-17T12:40:19+00:00
SAO_407L-10,São Paulo,3550308,True,,34967,,,-23.545249499999997,-46.4112495,,,,2,2023-06-17T12:40:38+00:00
SAO_407L-10,São Paulo,3550308,True,,34967,,,-23.523797000000002,-46.510464,,,,2,2023-06-17T12:39:51+00:00
SAO_2725-10,São Paulo,3550308,True,,33707,,,-23.539938499999998,-46.482815,,,,2,2023-06-17T12:40:30+00:00
SAO_2725-10,São Paulo,3550308,True,,33707,,,-23.512969499999997,-46.4736135,,,,2,2023-06-17T12:40:08+00:00
SAO_2725-10,São Paulo,3550308,True,,33707,,,-23.512969499999997,-46.4736135,,,,2,2023-06-17T12:40:28+00:00
SAO_2725-10,São Paulo,3550308,True,,33707,,,-23.515217,-46.468835,,,,2,2023-06-17T12:40:04+00:00
SAO_5119-10,São Paulo,3550308,True,,32769,,,-23.573643750000002,-46.65529775,,,,2,2023-06-17T12:40:48+00:00
SAO_5119-10,São Paulo,3550308,True,,32769,,,-23.5586795,-46.641866,,,,2,2023-06-17T12:40:07+00:00
SAO_5119-10,São Paulo,3550308,True,,32769,,,-23.591366,-46.7035035,,,,2,2023-06-17T12:40:01+00:00
SAO_5119-10,São Paulo,3550308,True,,32769,,,-23.620948,-46.733431499999995,,,,2,2023-06-17T12:40:15+00:00
SAO_5119-10,São Paulo,3550308,True,,32769,,,-23.6545125,-46.761236499999995,,,,2,2023-06-17T12:40:16+00:00
SAO_6414-10,São Paulo,3550308,True,,33128,,,-23.67035125,-46.712438750000004,,,,2,2023-06-17T12:40:43+00:00
SAO_6414-10,São Paulo,3550308,True,,33128,,,-23.6139795,-46.696125499999994,,,,2,2023-06-17T12:40:13+00:00
SAO_2709-31,São Paulo,3550308,True,,33691,,,-23.529382,-46.50029325,,,,2,2023-06-17T12:40:36+00:00
SAO_2709-31,São Paulo,3550308,True,,33691,,,-23.529587499999998,-46.5004265,,,,2,2023-06-17T12:40:43+00:00
SAO_809L-10,São Paulo,3550308,True,,1949,,,-23.549947125000003,-46.70843025,,,,1,2023-06-17T12:40:37+00:00
SAO_809L-10,São Paulo,3550308,True,,1949,,,-23.5766645,-46.714049,,,,1,2023-06-17T12:40:48+00:00
SAO_809L-10,São Paulo,3550308,True,,1949,,,-23.5919345,-46.739471375,,,,1,2023-06-17T12:40:16+00:00
SAO_809L-10,São Paulo,3550308,True,,1949,,,-23.613732,-46.755429,,,,1,2023-06-17T12:40:23+00:00
SAO_809L-10,São Paulo,3550308,True,,1949,,,-23.524549625000002,-46.699218625,,,,1,2023-06-17T12:40:33+00:00
SAO_6074-10,São Paulo,3550308,True,,33929,,,-23.739029000000002,-46.66664,,,,2,2023-06-17T12:40:44+00:00
SAO_6074-10,São Paulo,3550308,False,,33929,,,-23.73064075,-46.69201674999999,,,,2,2023-06-17T12:40:17+00:00
SAO_6074-10,São Paulo,3550308,True,,33929,,,-23.709693,-46.69967,,,,2,2023-06-17T12:40:48+00:00
SAO_2709-10,São Paulo,3550308,True,,922,,,-23.52831975,-46.49943450000001,,,,1,2023-06-17T12:40:33+00:00
SAO_2709-10,São Paulo,3550308,True,,922,,,-23.5217895,-46.482643499999995,,,,1,2023-06-17T12:40:46+00:00
SAO_6076-10,São Paulo,3550308,True,,1165,,,-23.683888500000002,-46.7099705,,,,1,2023-06-17T12:40:08+00:00
SAO_6076-10,São Paulo,3550308,True,,1165,,,-23.654038,-46.708869500000006,,,,1,2023-06-17T12:40:33+00:00
SAO_6076-10,São Paulo,3550308,True,,1165,,,-23.731201499999997,-46.688091,,,,1,2023-06-17T12:40:27+00:00
SAO_8002-10,São Paulo,3550308,True,,1252,,,-23.5208515,-46.7036495,,,,1,2023-06-17T12:40:44+00:00
SAO_8002-10,São Paulo,3550308,True,,1252,,,-23.49572325,-46.73643975,,,,1,2023-06-17T12:40:13+00:00
SAO_8199-10,São Paulo,3550308,True,,33575,,,-23.468757,-46.7514565,,,,2,2023-06-17T12:40:10+00:00
SAO_8199-10,São Paulo,3550308,True,,33575,,,-23.4970845,-46.706327,,,,2,2023-06-17T12:40:15+00:00
SAO_8199-10,São Paulo,3550308,True,,33575,,,-23.4690875,-46.750939,,,,2,2023-06-17T12:40:26+00:00
SAO_8199-10,São Paulo,3550308,True,,33575,,,-23.468643,-46.7512295,,,,2,2023-06-17T12:40:38+00:00
SAO_8199-10,São Paulo,3550308,True,,33575,,,-23.473833999999997,-46.669099,,,,2,2023-06-17T12:40:17+00:00
SAO_8199-10,São Paulo,3550308,True,,33575,,,-23.4986715,-46.698163,,,,2,2023-06-17T12:40:34+00:00
SAO_573H-10,São Paulo,3550308,True,,34398,,,-23.584650874999998,-46.527735,,,,2,2023-06-17T12:40:12+00:00
SAO_573H-10,São Paulo,3550308,True,,34398,,,-23.552894000000002,-46.613065,,,,2,2023-06-17T12:40:43+00:00
SAO_573H-10,São Paulo,3550308,True,,34398,,,-23.5840935,-46.5334935,,,,2,2023-06-17T12:40:43+00:00
SAO_573H-10,São Paulo,3550308,True,,34398,,,-23.5678725,-46.586389249999996,,,,2,2023-06-17T12:40:18+00:00
SAO_573H-10,São Paulo,3550308,True,,34398,,,-23.612196500000003,-46.493525500000004,,,,2,2023-06-17T12:40:30+00:00
SAO_573H-10,São Paulo,3550308,True,,34398,,,-23.612003,-46.501379,,,,2,2023-06-17T12:40:39+00:00
SAO_9004-10,São Paulo,3550308,True,,871,,,-23.457195499999997,-46.685354,,,,1,2023-06-17T12:40:35+00:00
SAO_9004-10,São Paulo,3550308,True,,871,,,-23.4747215,-46.6702715,,,,1,2023-06-17T12:40:17+00:00
SAO_9004-10,São Paulo,3550308,True,,871,,,-23.460107999999998,-46.6733775,,,,1,2023-06-17T12:40:02+00:00
SAO_6083-10,São Paulo,3550308,True,,34501,,,-23.737187499999997,-46.6971815,,,,2,2023-06-17T12:40:21+00:00
SAO_6083-10,São Paulo,3550308,True,,34501,,,-23.7563975,-46.6678165,,,,2,2023-06-17T12:40:35+00:00
SAO_6056-10,São Paulo,3550308,True,,1147,,,-23.7632635,-46.697452,,,,1,2023-06-17T12:40:36+00:00
SAO_6056-10,São Paulo,3550308,True,,1147,,,-23.737344,-46.697708500000005,,,,1,2023-06-17T12:40:35+00:00
SAO_6056-10,São Paulo,3550308,True,,1147,,,-23.75785775,-46.707078749999994,,,,1,2023-06-17T12:40:47+00:00
SAO_3795-10,São Paulo,3550308,True,,1073,,,-23.5599825,-46.4153285,,,,1,2023-06-17T12:39:51+00:00
SAO_3795-10,São Paulo,3550308,True,,1073,,,-23.56314,-46.429576,,,,1,2023-06-17T12:39:34+00:00
SAO_3795-10,São Paulo,3550308,True,,1073,,,-23.559945,-46.415017750000004,,,,1,2023-06-17T12:40:11+00:00
SAO_3795-10,São Paulo,3550308,True,,1073,,,-23.5424215,-46.470960500000004,,,,1,2023-06-17T12:40:13+00:00
SAO_476A-10,São Paulo,3550308,True,,33072,,,-23.578396750000003,-46.6022665,,,,2,2023-06-17T12:40:25+00:00
SAO_476A-10,São Paulo,3550308,True,,33072,,,-23.6005265,-46.650816500000005,,,,2,2023-06-17T12:40:26+00:00
SAO_3004-10,São Paulo,3550308,True,,1798,,,-23.475540000000002,-46.425176,,,,1,2023-06-17T12:40:15+00:00
SAO_7017-10,São Paulo,3550308,True,,35270,,,-23.669655,-46.7366765,,,,2,2023-06-17T12:40:25+00:00
SAO_7017-10,São Paulo,3550308,True,,35270,,,-23.677648750000003,-46.77635375,,,,2,2023-06-17T12:40:11+00:00
SAO_7017-10,São Paulo,3550308,True,,35270,,,-23.693227,-46.790786999999995,,,,2,2023-06-17T12:40:36+00:00
SAO_7017-10,São Paulo,3550308,True,,35270,,,-23.6931665,-46.791157,,,,2,2023-06-17T12:40:41+00:00
SAO_6058-10,São Paulo,3550308,True,,1149,,,-23.766929500000003,-46.685623,,,,1,2023-06-17T12:40:31+00:00
SAO_5020-10,São Paulo,3550308,True,,34438,,,-23.6029365,-46.6025015,,,,2,2023-06-17T12:40:14+00:00
SAO_5020-10,São Paulo,3550308,True,,34438,,,-23.606506500000002,-46.5936595,,,,2,2023-06-17T12:40:38+00:00
SAO_5757-51,São Paulo,3550308,True,,34744,,,-23.706204,-46.641568,,,,2,2023-06-17T12:40:25+00:00
SAO_5757-51,São Paulo,3550308,True,,34744,,,-23.635112499999998,-46.640995000000004,,,,2,2023-06-17T12:40:13+00:00
SAO_5757-51,São Paulo,3550308,True,,34744,,,-23.635112499999998,-46.640995000000004,,,,2,2023-06-17T12:40:03+00:00
SAO_5757-51,São Paulo,3550308,True,,34744,,,-23.707351,-46.641422000000006,,,,2,2023-06-17T12:40:29+00:00
SAO_5757-51,São Paulo,3550308,True,,34744,,,-23.635112499999998,-46.640995000000004,,,,2,2023-06-17T12:40:38+00:00
SAO_5757-51,São Paulo,3550308,True,,34744,,,-23.707572,-46.641307,,,,2,2023-06-17T12:40:33+00:00
SAO_5757-51,São Paulo,3550308,True,,34744,,,-23.635112499999998,-46.640995000000004,,,,2,2023-06-17T12:39:57+00:00
SAO_5757-51,São Paulo,3550308,True,,34744,,,-23.695220499999998,-46.6491475,,,,2,2023-06-17T12:40:05+00:00
SAO_5757-51,São Paulo,3550308,True,,34744,,,-23.635112499999998,-46.640995000000004,,,,2,2023-06-17T12:40:40+00:00
SAO_5757-51,São Paulo,3550308,True,,34744,,,-23.6728175,-46.6443735,,,,2,2023-06-17T12:40:25+00:00
SAO_5757-51,São Paulo,3550308,True,,34744,,,-23.635112499999998,-46.640995000000004,,,,2,2023-06-17T12:40:24+00:00
SAO_5757-51,São Paulo,3550308,True,,34744,,,-23.635112499999998,-46.640995000000004,,,,2,2023-06-17T12:40:06+00:00
SAO_6049-10,São Paulo,3550308,True,,1309,,,-23.658032499999997,-46.760635,,,,1,2023-06-17T12:40:23+00:00
SAO_6049-10,São Paulo,3550308,True,,1309,,,-23.6520225,-46.73388525,,,,1,2023-06-17T12:40:05+00:00
SAO_6049-10,São Paulo,3550308,True,,1309,,,-23.672441499999998,-46.7875225,,,,1,2023-06-17T12:40:32+00:00
SAO_3112-10,São Paulo,3550308,True,,33848,,,-23.5599125,-46.5999685,,,,2,2023-06-17T12:40:49+00:00
SAO_3112-10,São Paulo,3550308,True,,33848,,,-23.594013875,-46.544146874999996,,,,2,2023-06-17T12:40:33+00:00
SAO_3112-10,São Paulo,3550308,True,,33848,,,-23.581393,-46.5642285,,,,2,2023-06-17T12:40:32+00:00
SAO_3112-10,São Paulo,3550308,True,,33848,,,-23.610093499999998,-46.5294835,,,,2,2023-06-17T12:40:37+00:00
SAO_2719-10,São Paulo,3550308,True,,33700,,,-23.5267535,-46.526430625,,,,2,2023-06-17T12:40:19+00:00
SAO_2719-10,São Paulo,3550308,True,,33700,,,-23.4990605,-46.4873465,,,,2,2023-06-17T12:40:01+00:00
SAO_2719-10,São Paulo,3550308,True,,33700,,,-23.512256999999998,-46.512705,,,,2,2023-06-17T12:40:17+00:00
SAO_2719-10,São Paulo,3550308,True,,33700,,,-23.494784000000003,-46.4691335,,,,2,2023-06-17T12:40:06+00:00
SAO_2719-10,São Paulo,3550308,True,,33700,,,-23.494764500000002,-46.4694635,,,,2,2023-06-17T12:40:32+00:00
SAO_2719-10,São Paulo,3550308,True,,33700,,,-23.494784000000003,-46.4691335,,,,2,2023-06-17T12:40:22+00:00
SAO_5021-10,São Paulo,3550308,True,,1667,,,-23.629141,-46.618639,,,,1,2023-06-17T12:40:18+00:00
SAO_5018-31,São Paulo,3550308,True,,34629,,,-23.674178812500003,-46.676445687500006,,,,2,2023-06-17T12:40:11+00:00
SAO_5018-31,São Paulo,3550308,True,,34629,,,-23.6660535,-46.651582000000005,,,,2,2023-06-17T12:40:40+00:00
SAO_5391-10,São Paulo,3550308,True,,32939,,,-23.625414499999998,-46.682889,,,,2,2023-06-17T12:40:45+00:00
SAO_5391-10,São Paulo,3550308,True,,32939,,,-23.564017874999998,-46.640519375,,,,2,2023-06-17T12:40:07+00:00
SAO_5391-10,São Paulo,3550308,True,,32939,,,-23.578723812499998,-46.646527250000005,,,,2,2023-06-17T12:40:48+00:00
SAO_5391-10,São Paulo,3550308,True,,32939,,,-23.683644,-46.7697455,,,,2,2023-06-17T12:40:24+00:00
SAO_5391-10,São Paulo,3550308,True,,32939,,,-23.677370500000002,-46.761496,,,,2,2023-06-17T12:40:26+00:00
SAO_5391-10,São Paulo,3550308,True,,32939,,,-23.692995500000002,-46.7785065,,,,2,2023-06-17T12:40:22+00:00
SAO_5391-10,São Paulo,3550308,True,,32939,,,-23.692718499999998,-46.778041,,,,2,2023-06-17T12:40:08+00:00
SAO_5317-10,São Paulo,3550308,True,,69,,,-23.6079315,-46.666180999999995,,,,1,2023-06-17T12:40:07+00:00
SAO_5317-10,São Paulo,3550308,True,,69,,,-23.541339999999998,-46.6340785,,,,1,2023-06-17T12:40:31+00:00
SAO_5317-10,São Paulo,3550308,True,,69,,,-23.67678425,-46.6967715,,,,1,2023-06-17T12:40:11+00:00
SAO_148P-10,São Paulo,3550308,True,,33302,,,-23.4580645,-46.6433105,,,,2,2023-06-17T12:40:20+00:00
SAO_148P-10,São Paulo,3550308,True,,33302,,,-23.4989503125,-46.654422875,,,,2,2023-06-17T12:40:35+00:00
SAO_148P-10,São Paulo,3550308,True,,33302,,,-23.528823,-46.66128500000001,,,,2,2023-06-17T12:40:13+00:00
SAO_148P-10,São Paulo,3550308,True,,33302,,,-23.460422,-46.648742,,,,2,2023-06-17T12:40:02+00:00
SAO_5757-51,São Paulo,3550308,True,,1976,,,-23.7079895,-46.641386499999996,,,,1,2023-06-17T12:39:21+00:00
SAO_5757-51,São Paulo,3550308,True,,1976,,,-23.676204,-46.6419445,,,,1,2023-06-17T12:40:47+00:00
SAO_5757-51,São Paulo,3550308,True,,1976,,,-23.63842825,-46.64206875,,,,1,2023-06-17T12:40:17+00:00
SAO_5757-51,São Paulo,3550308,True,,1976,,,-23.6947445,-46.64808025,,,,1,2023-06-17T12:40:29+00:00
SAO_5757-51,São Paulo,3550308,True,,1976,,,-23.6491675,-46.646328,,,,1,2023-06-17T12:40:33+00:00
SAO_5025-10,São Paulo,3550308,True,,1564,,,-23.6032955,-46.5422345,,,,1,2023-06-17T12:40:20+00:00
SAO_5025-10,São Paulo,3550308,True,,1564,,,-23.599103,-46.5762025,,,,1,2023-06-17T12:40:25+00:00
SAO_5025-10,São Paulo,3550308,True,,1564,,,-23.60857425,-46.54131325,,,,1,2023-06-17T12:40:36+00:00
SAO_5025-10,São Paulo,3550308,True,,1564,,,-23.60295,-46.54262025,,,,1,2023-06-17T12:40:10+00:00
SAO_5025-10,São Paulo,3550308,True,,1564,,,-23.609332000000002,-46.541878999999994,,,,1,2023-06-17T12:40:38+00:00
SAO_6475-10,São Paulo,3550308,True,,1317,,,-23.549173,-46.640448,,,,1,2023-06-17T12:40:39+00:00
SAO_6475-10,São Paulo,3550308,True,,1317,,,-23.6414315,-46.746915,,,,1,2023-06-17T12:40:13+00:00
SAO_6475-10,São Paulo,3550308,True,,1317,,,-23.60664225,-46.696982000000006,,,,1,2023-06-17T12:40:31+00:00
SAO_6475-10,São Paulo,3550308,True,,1317,,,-23.6718275,-46.7649685,,,,1,2023-06-17T12:40:25+00:00
SAO_5110-10,São Paulo,3550308,True,,34977,,,-23.6141145,-46.476496999999995,,,,2,2023-06-17T12:40:33+00:00
SAO_5110-10,São Paulo,3550308,True,,34977,,,-23.585113,-46.582381,,,,2,2023-06-17T12:40:03+00:00
SAO_5110-10,São Paulo,3550308,True,,34977,,,-23.563843375,-46.611501000000004,,,,2,2023-06-17T12:40:31+00:00
SAO_5110-10,São Paulo,3550308,True,,34977,,,-23.5851715,-46.54874099999999,,,,2,2023-06-17T12:40:43+00:00
SAO_5110-10,São Paulo,3550308,True,,34977,,,-23.6123765,-46.482922,,,,2,2023-06-17T12:40:29+00:00
SAO_5110-10,São Paulo,3550308,True,,34977,,,-23.6141145,-46.476496999999995,,,,2,2023-06-17T12:40:18+00:00
SAO_6116-10,São Paulo,3550308,True,,33954,,,-23.7413045,-46.69165425,,,,2,2023-06-17T12:40:45+00:00
SAO_373T-10,São Paulo,3550308,True,,33859,,,-23.597457000000002,-46.508229,,,,2,2023-06-17T12:40:30+00:00
SAO_373T-10,São Paulo,3550308,True,,33859,,,-23.58173075,-46.58667925,,,,2,2023-06-17T12:40:13+00:00
SAO_373T-10,São Paulo,3550308,True,,33859,,,-23.548582500000002,-46.606207999999995,,,,2,2023-06-17T12:40:18+00:00
SAO_373T-10,São Paulo,3550308,True,,33859,,,-23.5469055,-46.6063945,,,,2,2023-06-17T12:40:41+00:00
SAO_373T-10,São Paulo,3550308,True,,33859,,,-23.58601325,-46.536468,,,,2,2023-06-17T12:40:15+00:00
SAO_3725-10,São Paulo,3550308,True,,33790,,,-23.54286625,-46.521994375000006,,,,2,2023-06-17T12:40:34+00:00
SAO_3725-10,São Paulo,3550308,True,,33790,,,-23.533086,-46.530659,,,,2,2023-06-17T12:40:21+00:00
SAO_2734-10,São Paulo,3550308,True,,34528,,,-23.542361,-46.4705955,,,,2,2023-06-17T12:40:20+00:00
SAO_2734-10,São Paulo,3550308,True,,34528,,,-23.52438,-46.44500549999999,,,,2,2023-06-17T12:40:10+00:00
SAO_2734-10,São Paulo,3550308,True,,34528,,,-23.540009,-46.472531000000004,,,,2,2023-06-17T12:40:05+00:00
SAO_2734-10,São Paulo,3550308,True,,34528,,,-23.512508250000003,-46.40890675,,,,2,2023-06-17T12:39:58+00:00
SAO_2734-10,São Paulo,3550308,True,,34528,,,-23.5038695,-46.430047,,,,2,2023-06-17T12:40:37+00:00
SAO_4002-10,São Paulo,3550308,True,,2177,,,-23.558199000000002,-46.522121,,,,1,2023-06-17T12:40:26+00:00
SAO_4002-10,São Paulo,3550308,True,,2177,,,-23.58151525,-46.49824875,,,,1,2023-06-17T12:40:19+00:00
SAO_2765-10,São Paulo,3550308,True,EMTU,145,https://moovitapp.com/index/pt-br/transporte_p%C3%BAblico-line-145-Sao_Paulo-242-2038937-36419293-0,5.35,-23.532635749999997,-46.56256275,,,,1,2023-06-17T12:40:46+00:00
SAO_2765-10,São Paulo,3550308,True,EMTU,145,https://moovitapp.com/index/pt-br/transporte_p%C3%BAblico-line-145-Sao_Paulo-242-2038937-36419293-0,5.35,-23.50343325,-46.497247125,,,,1,2023-06-17T12:40:23+00:00
SAO_2765-10,São Paulo,3550308,True,EMTU,145,https://moovitapp.com/index/pt-br/transporte_p%C3%BAblico-line-145-Sao_Paulo-242-2038937-36419293-0,5.35,-23.508357500000002,-46.537607,,,,1,2023-06-17T12:40:13+00:00
SAO_2765-10,São Paulo,3550308,True,EMTU,145,https://moovitapp.com/index/pt-br/transporte_p%C3%BAblico-line-145-Sao_Paulo-242-2038937-36419293-0,5.35,-23.493289,-46.493515,,,,1,2023-06-17T12:40:02+00:00
SAO_675L-10,São Paulo,3550308,True,,1478,,,-23.653993,-46.710736499999996,,,,1,2023-06-17T12:40:26+00:00
SAO_675L-10,São Paulo,3550308,True,,1478,,,-23.61243275,-46.6704415,,,,1,2023-06-17T12:40:31+00:00
SAO_7005-10,São Paulo,3550308,True,,34766,,,-23.684067,-46.769816500000005,,,,2,2023-06-17T12:40:27+00:00
SAO_7005-10,São Paulo,3550308,True,,34766,,,-23.684067,-46.769816500000005,,,,2,2023-06-17T12:39:59+00:00
SAO_7005-10,São Paulo,3550308,True,,34766,,,-23.684067,-46.769816500000005,,,,2,2023-06-17T12:40:37+00:00
SAO_9050-10,São Paulo,3550308,True,,34856,,,-23.546778000000003,-46.71054725,,,,2,2023-06-17T12:40:29+00:00
SAO_4018-10,São Paulo,3550308,True,,2191,,,-23.59835,-46.459795,,,,1,2023-06-17T12:40:35+00:00
SAO_4018-10,São Paulo,3550308,True,,2191,,,-23.613001,-46.4764665,,,,1,2023-06-17T12:40:26+00:00
SAO_4018-10,São Paulo,3550308,True,,2191,,,-23.582842,-46.4092735,,,,1,2023-06-17T12:40:03+00:00
SAO_4018-10,São Paulo,3550308,True,,2191,,,-23.595607875,-46.437750124999994,,,,1,2023-06-17T12:40:28+00:00
SAO_8025-10,São Paulo,3550308,True,,34844,,,-23.590518,-46.76971475,,,,2,2023-06-17T12:40:09+00:00
SAO_8025-10,São Paulo,3550308,True,,34844,,,-23.5881035,-46.761853,,,,2,2023-06-17T12:40:31+00:00
SAO_1744-10,São Paulo,3550308,True,,33312,,,-23.47214175,-46.642127375,,,,2,2023-06-17T12:40:10+00:00
SAO_1744-10,São Paulo,3550308,True,,33312,,,-23.491937,-46.6343325,,,,2,2023-06-17T12:40:32+00:00
SAO_1744-10,São Paulo,3550308,True,,33312,,,-23.472376,-46.64149449999999,,,,2,2023-06-17T12:40:43+00:00
SAO_6338-10,São Paulo,3550308,True,,1293,,,-23.609333999999997,-46.637807249999994,,,,1,2023-06-17T12:40:11+00:00
SAO_6338-10,São Paulo,3550308,True,,1293,,,-23.63842825,-46.64206875,,,,1,2023-06-17T12:40:11+00:00
SAO_6338-10,São Paulo,3550308,True,,1293,,,-23.680045,-46.636998000000006,,,,1,2023-06-17T12:40:27+00:00
SAO_3742-10,São Paulo,3550308,True,,1042,,,-23.544241,-46.4472995,,,,1,2023-06-17T12:40:47+00:00
SAO_3742-10,São Paulo,3550308,True,,1042,,,-23.6001275,-46.437931500000005,,,,1,2023-06-17T12:40:32+00:00
SAO_3742-10,São Paulo,3550308,True,,1042,,,-23.562721,-46.446076500000004,,,,1,2023-06-17T12:40:40+00:00
SAO_3742-10,São Paulo,3550308,True,,1042,,,-23.5422855,-46.4701625,,,,1,2023-06-17T12:40:08+00:00
SAO_373T-10,São Paulo,3550308,True,,1091,,,-23.58768275,-46.54337675,,,,1,2023-06-17T12:40:45+00:00
SAO_373T-10,São Paulo,3550308,True,,1091,,,-23.59333,-46.499077,,,,1,2023-06-17T12:40:28+00:00
SAO_373T-10,São Paulo,3550308,True,,1091,,,-23.596955,-46.5135105,,,,1,2023-06-17T12:40:11+00:00
SAO_373T-10,São Paulo,3550308,True,,1091,,,-23.5825075,-46.565351,,,,1,2023-06-17T12:40:47+00:00
SAO_373T-10,São Paulo,3550308,True,,1091,,,-23.59197125,-46.5285705,,,,1,2023-06-17T12:40:43+00:00
SAO_373T-10,São Paulo,3550308,True,,1091,,,-23.593679,-46.498469,,,,1,2023-06-17T12:40:20+00:00
SAO_9181-10,São Paulo,3550308,True,,885,,,-23.497573000000003,-46.6914935,,,,1,2023-06-17T12:40:04+00:00
SAO_9181-10,São Paulo,3550308,True,,885,,,-23.4893135,-46.6882395,,,,1,2023-06-17T12:40:17+00:00
SAO_9181-10,São Paulo,3550308,True,,885,,,-23.52363175,-46.70185575,,,,1,2023-06-17T12:40:07+00:00
SAO_9181-10,São Paulo,3550308,True,,885,,,-23.457559,-46.6963325,,,,1,2023-06-17T12:40:11+00:00
SAO_9181-10,São Paulo,3550308,True,,885,,,-23.469231,-46.6857915,,,,1,2023-06-17T12:40:28+00:00
SAO_9181-10,São Paulo,3550308,True,,885,,,-23.515133,-46.6971045,,,,1,2023-06-17T12:40:27+00:00
SAO_9181-10,São Paulo,3550308,True,,885,,,-23.457559,-46.6963325,,,,1,2023-06-17T12:40:37+00:00
SAO_778J-10,São Paulo,3550308,True,,33276,,,-23.5895785,-46.7855915,,,,2,2023-06-17T12:40:41+00:00
SAO_407I-10,São Paulo,3550308,True,,2222,,,-23.542740000000002,-46.5330195,,,,1,2023-06-17T12:40:04+00:00
SAO_407I-10,São Paulo,3550308,True,,2222,,,-23.54627625,-46.599816125000004,,,,1,2023-06-17T12:40:11+00:00
SAO_407I-10,São Paulo,3550308,True,,2222,,,-23.5443135,-46.4817565,,,,1,2023-06-17T12:40:09+00:00
SAO_407I-10,São Paulo,3550308,True,,2222,,,-23.542726000000002,-46.485018999999994,,,,1,2023-06-17T12:40:21+00:00
SAO_178A-10,São Paulo,3550308,True,,33326,,,-23.526170875,-46.640417,,,,2,2023-06-17T12:40:10+00:00
SAO_178A-10,São Paulo,3550308,True,,33326,,,-23.50162425,-46.62357300000001,,,,2,2023-06-17T12:40:25+00:00
SAO_273G-10,São Paulo,3550308,True,EMTU,223,https://moovitapp.com/index/pt-br/transporte_p%C3%BAblico-line-223-Sao_Paulo-242-2038937-36419342-0,5.2,-23.50760375,-46.47799125,,,,1,2023-06-17T12:40:19+00:00
SAO_273G-10,São Paulo,3550308,True,EMTU,223,https://moovitapp.com/index/pt-br/transporte_p%C3%BAblico-line-223-Sao_Paulo-242-2038937-36419342-0,5.2,-23.498364000000002,-46.45677,,,,1,2023-06-17T12:40:30+00:00
SAO_273G-10,São Paulo,3550308,True,EMTU,223,https://moovitapp.com/index/pt-br/transporte_p%C3%BAblico-line-223-Sao_Paulo-242-2038937-36419342-0,5.2,-23.47940875,-46.420387,,,,1,2023-06-17T12:39:27+00:00
SAO_273G-10,São Paulo,3550308,True,EMTU,223,https://moovitapp.com/index/pt-br/transporte_p%C3%BAblico-line-223-Sao_Paulo-242-2038937-36419342-0,5.2,-23.4955945,-46.45238775,,,,1,2023-06-17T12:40:17+00:00
SAO_312N-10,São Paulo,3550308,True,,990,,,-23.543731,-46.410611,,,,1,2023-06-17T12:40:37+00:00
SAO_312N-10,São Paulo,3550308,True,,990,,,-23.500211,-46.4112635,,,,1,2023-06-17T12:40:24+00:00
SAO_312N-10,São Paulo,3550308,True,,990,,,-23.54247075,-46.41617375,,,,1,2023-06-17T12:40:31+00:00
SAO_312N-10,São Paulo,3550308,True,,990,,,-23.497709,-46.411232749999996,,,,1,2023-06-17T12:40:11+00:00
SAO_312N-10,São Paulo,3550308,True,,990,,,-23.582577,-46.408426,,,,1,2023-06-17T12:40:04+00:00
SAO_312N-10,São Paulo,3550308,True,,990,,,-23.583196,-46.407725,,,,1,2023-06-17T12:40:03+00:00
SAO_312N-10,São Paulo,3550308,True,,990,,,-23.5632245,-46.40567675,,,,1,2023-06-17T12:40:37+00:00
SAO_312N-10,São Paulo,3550308,True,,990,,,-23.583263,-46.407486,,,,1,2023-06-17T12:40:08+00:00
SAO_312N-10,São Paulo,3550308,True,,990,,,-23.494612,-46.4263205,,,,1,2023-06-17T12:40:40+00:00
SAO_312N-10,São Paulo,3550308,True,,990,,,-23.5831765,-46.407794499999994,,,,1,2023-06-17T12:40:19+00:00
SAO_476G-41,São Paulo,3550308,True,,1112,,,-23.601444,-46.5453485,,,,1,2023-06-17T12:40:41+00:00
SAO_476G-41,São Paulo,3550308,True,,1112,,,-23.5825595,-46.637546,,,,1,2023-06-17T12:40:02+00:00
SAO_119C-10,São Paulo,3550308,True,,661,,,-23.534820250000003,-46.61894025,,,,1,2023-06-17T12:37:40+00:00
SAO_119C-10,São Paulo,3550308,True,,661,,,-23.5094135,-46.5929245,,,,1,2023-06-17T12:40:11+00:00
SAO_119C-10,São Paulo,3550308,True,,661,,,-23.478573500000003,-46.569734499999996,,,,1,2023-06-17T12:40:06+00:00
SAO_3462-10,São Paulo,3550308,True,EMTU,247,https://moovitapp.com/index/pt-br/transporte_p%C3%BAblico-line-247-Sao_Paulo-242-2038937-36419359-0,6.55,-23.531382,-46.5305395,,,,1,2023-06-17T12:40:07+00:00
SAO_3462-10,São Paulo,3550308,True,EMTU,247,https://moovitapp.com/index/pt-br/transporte_p%C3%BAblico-line-247-Sao_Paulo-242-2038937-36419359-0,6.55,-23.529685999999998,-46.4671525,,,,1,2023-06-17T12:40:27+00:00
SAO_6120-10,São Paulo,3550308,True,,33957,,,-23.73608675,-46.694618500000004,,,,2,2023-06-17T12:40:20+00:00
SAO_6120-10,São Paulo,3550308,True,,33957,,,-23.76019175,-46.677102749999996,,,,2,2023-06-17T12:40:06+00:00
SAO_748A-10,São Paulo,3550308,True,,33266,,,-23.5505625625,-46.739762625,,,,2,2023-06-17T12:40:06+00:00
SAO_748A-10,São Paulo,3550308,True,,33266,,,-23.572938999999998,-46.777891499999996,,,,2,2023-06-17T12:40:12+00:00
SAO_748A-10,São Paulo,3550308,True,,33266,,,-23.5241235,-46.70505,,,,2,2023-06-17T12:40:11+00:00
SAO_1759-10,São Paulo,3550308,True,,33321,,,-23.487195,-46.626812,,,,2,2023-06-17T12:40:11+00:00
SAO_1759-10,São Paulo,3550308,True,,33321,,,-23.462308999999998,-46.659564,,,,2,2023-06-17T12:40:12+00:00
SAO_1759-10,São Paulo,3550308,True,,33321,,,-23.462498500000002,-46.659318999999996,,,,2,2023-06-17T12:40:10+00:00
SAO_1759-10,São Paulo,3550308,True,,33321,,,-23.479668,-46.632508,,,,2,2023-06-17T12:40:01+00:00
SAO_3737-31,São Paulo,3550308,True,,34122,,,-23.5309265,-46.516566250000004,,,,2,2023-06-17T12:40:23+00:00
SAO_3737-31,São Paulo,3550308,True,,34122,,,-23.5302815,-46.5166185,,,,2,2023-06-17T12:40:21+00:00
SAO_8016-10,São Paulo,3550308,True,,1346,,,-23.450699,-46.7188695,,,,1,2023-06-17T12:40:37+00:00
SAO_8016-10,São Paulo,3550308,True,,1346,,,-23.438302999999998,-46.717324000000005,,,,1,2023-06-17T12:40:46+00:00
SAO_8016-10,São Paulo,3550308,True,,1346,,,-23.4441175,-46.735325,,,,1,2023-06-17T12:40:42+00:00
SAO_8605-10,São Paulo,3550308,True,,34685,,,-23.6313825,-46.77286,,,,2,2023-06-17T12:40:36+00:00
SAO_8605-10,São Paulo,3550308,True,,34685,,,-23.59349675,-46.735322999999994,,,,2,2023-06-17T12:40:36+00:00
SAO_8605-10,São Paulo,3550308,True,,34685,,,-23.631701,-46.7721875,,,,2,2023-06-17T12:40:20+00:00
SAO_8605-10,São Paulo,3550308,True,,34685,,,-23.574347875,-46.66773549999999,,,,2,2023-06-17T12:40:41+00:00
SAO_6027-10,São Paulo,3550308,True,,32858,,,-23.654687250000002,-46.707991750000005,,,,2,2023-06-17T12:40:37+00:00
SAO_6027-10,São Paulo,3550308,True,,32858,,,-23.722904999999997,-46.671150499999996,,,,2,2023-06-17T12:40:30+00:00
SAO_6027-10,São Paulo,3550308,True,,32858,,,-23.7132775,-46.698522,,,,2,2023-06-17T12:40:11+00:00
SAO_6022-10,São Paulo,3550308,True,,1207,,,-23.6997605,-46.7805055,,,,1,2023-06-17T12:40:15+00:00
SAO_3787-10,São Paulo,3550308,True,,34380,,,-23.554920375,-46.453962000000004,,,,2,2023-06-17T12:40:43+00:00
SAO_3787-10,São Paulo,3550308,True,,34380,,,-23.5948865,-46.42799587499999,,,,2,2023-06-17T12:40:22+00:00
SAO_3787-10,São Paulo,3550308,True,,34380,,,-23.6043825,-46.404133,,,,2,2023-06-17T12:40:36+00:00
SAO_3787-10,São Paulo,3550308,True,,34380,,,-23.6020875,-46.3983585,,,,2,2023-06-17T12:40:20+00:00
SAO_177Y-10,São Paulo,3550308,True,,867,,,-23.528572500000003,-46.6758365,,,,1,2023-06-17T12:40:45+00:00
SAO_177Y-10,São Paulo,3550308,True,,867,,,-23.5273505,-46.6667755,,,,1,2023-06-17T12:40:40+00:00
SAO_177Y-10,São Paulo,3550308,True,,867,,,-23.561371875,-46.68789975,,,,1,2023-06-17T12:40:38+00:00
SAO_857A-10,São Paulo,3550308,True,,1925,,,-23.5958135,-46.650927249999995,,,,1,2023-06-17T12:40:36+00:00
SAO_857A-10,São Paulo,3550308,True,,1925,,,-23.5857885,-46.6823865,,,,1,2023-06-17T12:40:17+00:00
SAO_857A-10,São Paulo,3550308,True,,1925,,,-23.594497500000003,-46.737089499999996,,,,1,2023-06-17T12:40:40+00:00
SAO_857A-10,São Paulo,3550308,True,,1925,,,-23.6233355,-46.763734,,,,1,2023-06-17T12:40:36+00:00
SAO_9019-10,São Paulo,3550308,True,,1433,,,-23.482241,-46.720363500000005,,,,1,2023-06-17T12:40:46+00:00
SAO_9019-10,São Paulo,3550308,True,,1433,,,-23.4545785,-46.7102915,,,,1,2023-06-17T12:40:33+00:00
SAO_9019-10,São Paulo,3550308,True,,1433,,,-23.4545785,-46.7102915,,,,1,2023-06-17T12:31:54+00:00
SAO_9019-10,São Paulo,3550308,True,,1433,,,-23.4545785,-46.7102915,,,,1,2023-06-17T12:40:30+00:00
SAO_209P-10,São Paulo,3550308,True,,34984,,,-23.4995235,-46.685762,,,,2,2023-06-17T12:40:11+00:00
SAO_209P-10,São Paulo,3550308,True,,34984,,,-23.5666285,-46.7017565,,,,2,2023-06-17T12:40:12+00:00
SAO_209P-10,São Paulo,3550308,True,,34984,,,-23.533459,-46.6747865,,,,2,2023-06-17T12:40:02+00:00
SAO_209P-10,São Paulo,3550308,True,,34984,,,-23.47223525,-46.670243,,,,2,2023-06-17T12:40:07+00:00
SAO_209P-10,São Paulo,3550308,True,,34984,,,-23.561092625,-46.683398375,,,,2,2023-06-17T12:40:28+00:00
SAO_6232-10,São Paulo,3550308,True,,33251,,,-23.545973500000002,-46.6693755,,,,2,2023-06-17T12:40:32+00:00
SAO_8594-10,São Paulo,3550308,True,EMTU,432,https://moovitapp.com/index/pt-br/transporte_p%C3%BAblico-line-432-Sao_Paulo-242-2038937-36419486-0,4.8,-23.523079625,-46.702978125,,,,1,2023-06-17T12:40:20+00:00
SAO_8594-10,São Paulo,3550308,True,EMTU,432,https://moovitapp.com/index/pt-br/transporte_p%C3%BAblico-line-432-Sao_Paulo-242-2038937-36419486-0,4.8,-23.453236250000003,-46.737245,,,,1,2023-06-17T12:39:58+00:00
SAO_8594-10,São Paulo,3550308,True,EMTU,432,https://moovitapp.com/index/pt-br/transporte_p%C3%BAblico-line-432-Sao_Paulo-242-2038937-36419486-0,4.8,-23.467176000000002,-46.7243235,,,,1,2023-06-17T12:40:41+00:00
SAO_8594-10,São Paulo,3550308,True,EMTU,432,https://moovitapp.com/index/pt-br/transporte_p%C3%BAblico-line-432-Sao_Paulo-242-2038937-36419486-0,4.8,-23.547847500000003,-46.6420095,,,,1,2023-06-17T12:40:20+00:00
SAO_6824-10,São Paulo,3550308,True,BR7 Mobilidade,23,https://moovitapp.com/index/pt-br/transporte_p%C3%BAblico-line-23-Sao_Paulo-242-851856-518590-0,5.75,-23.660277999999998,-46.768888000000004,,,,1,2023-06-17T12:40:49+00:00
SAO_6824-10,São Paulo,3550308,True,BR7 Mobilidade,23,https://moovitapp.com/index/pt-br/transporte_p%C3%BAblico-line-23-Sao_Paulo-242-851856-518590-0,5.75,-23.67362825,-46.79089975,,,,1,2023-06-17T12:40:36+00:00
SAO_121G-10,São Paulo,3550308,True,,691,,,-23.49106,-46.585567,,,,1,2023-06-17T12:40:02+00:00
SAO_121G-10,São Paulo,3550308,True,,691,,,-23.508488999999997,-46.570971,,,,1,2023-06-17T12:40:21+00:00
SAO_3069-10,São Paulo,3550308,True,,984,,,-23.605977,-46.417018999999996,,,,1,2023-06-17T12:40:17+00:00
SAO_3069-10,São Paulo,3550308,True,,984,,,-23.6185315,-46.468380499999995,,,,1,2023-06-17T12:40:34+00:00
SAO_6L05-10,São Paulo,3550308,True,,33941,,,-23.828234000000002,-46.7270185,,,,2,2023-06-17T12:40:26+00:00
SAO_6L05-10,São Paulo,3550308,True,,33941,,,-23.877174250000003,-46.64938925,,,,2,2023-06-17T12:37:26+00:00
SAO_6L05-10,São Paulo,3550308,True,,33941,,,-23.847229499999997,-46.715765,,,,2,2023-06-17T12:36:49+00:00
SAO_6039-10,São Paulo,3550308,True,,33985,,,-23.6488675,-46.7535655,,,,2,2023-06-17T12:40:31+00:00
SAO_6039-10,São Paulo,3550308,True,,33985,,,-23.659638,-46.775295,,,,2,2023-06-17T12:40:30+00:00
SAO_6039-10,São Paulo,3550308,True,,33985,,,-23.68466,-46.799467,,,,2,2023-06-17T12:40:41+00:00
SAO_118Y-10,São Paulo,3550308,True,,33609,,,-23.475265999999998,-46.638351,,,,2,2023-06-17T12:40:43+00:00
SAO_118Y-10,São Paulo,3550308,True,,33609,,,-23.472693,-46.63499025,,,,2,2023-06-17T12:40:17+00:00
SAO_118Y-10,São Paulo,3550308,True,,33609,,,-23.472585000000002,-46.63464675,,,,2,2023-06-17T12:40:09+00:00
SAO_118Y-10,São Paulo,3550308,True,,33609,,,-23.506505625,-46.677252875,,,,2,2023-06-17T12:40:36+00:00
SAO_118Y-10,São Paulo,3550308,True,,33609,,,-23.492844,-46.672395,,,,2,2023-06-17T12:40:33+00:00
SAO_519M-10,São Paulo,3550308,True,,2211,,,-23.5931145,-46.5599365,,,,1,2023-06-17T12:40:11+00:00
SAO_519M-10,São Paulo,3550308,True,,2211,,,-23.614102,-46.4970335,,,,1,2023-06-17T12:40:10+00:00
SAO_148L-10,São Paulo,3550308,True,,33299,,,-23.5039685,-46.685659,,,,2,2023-06-17T12:40:08+00:00
SAO_148L-10,São Paulo,3550308,True,,33299,,,-23.46481,-46.65197525,,,,2,2023-06-17T12:40:06+00:00
SAO_148L-10,São Paulo,3550308,True,,33299,,,-23.4570255,-46.661734499999994,,,,2,2023-06-17T12:40:18+00:00
SAO_148L-10,São Paulo,3550308,True,,33299,,,-23.476272,-46.6602385,,,,2,2023-06-17T12:40:20+00:00
SAO_148L-10,São Paulo,3550308,True,,33299,,,-23.464495499999998,-46.65211625,,,,2,2023-06-17T12:40:22+00:00
SAO_148L-10,São Paulo,3550308,True,,33299,,,-23.46481,-46.65197525,,,,2,2023-06-17T12:40:42+00:00
SAO_148L-10,São Paulo,3550308,True,,33299,,,-23.464495499999998,-46.65211625,,,,2,2023-06-17T12:40:04+00:00
SAO_148L-10,São Paulo,3550308,True,,33299,,,-23.455058,-46.652393,,,,2,2023-06-17T12:40:17+00:00
SAO_148L-10,São Paulo,3550308,True,,33299,,,-23.465025999999998,-46.65187775,,,,2,2023-06-17T12:40:00+00:00
SAO_148L-10,São Paulo,3550308,True,,33299,,,-23.465025999999998,-46.65187775,,,,2,2023-06-17T12:40:17+00:00
SAO_148L-10,São Paulo,3550308,True,,33299,,,-23.46481,-46.65197525,,,,2,2023-06-17T12:40:13+00:00
SAO_148L-10,São Paulo,3550308,True,,33299,,,-23.464495499999998,-46.65211625,,,,2,2023-06-17T12:40:35+00:00
SAO_2767-10,São Paulo,3550308,True,EMTU,241,https://moovitapp.com/index/pt-br/transporte_p%C3%BAblico-line-241-Sao_Paulo-242-2038937-36419354-0,5.15,-23.539867,-46.5767165,,,,1,2023-06-17T12:40:24+00:00
SAO_2767-10,São Paulo,3550308,True,EMTU,241,https://moovitapp.com/index/pt-br/transporte_p%C3%BAblico-line-241-Sao_Paulo-242-2038937-36419354-0,5.15,-23.5025615,-46.4664445,,,,1,2023-06-17T12:40:00+00:00
SAO_2767-10,São Paulo,3550308,True,EMTU,241,https://moovitapp.com/index/pt-br/transporte_p%C3%BAblico-line-241-Sao_Paulo-242-2038937-36419354-0,5.15,-23.5113895,-46.502336,,,,1,2023-06-17T12:40:04+00:00
SAO_5111-10,São Paulo,3550308,True,,48,,,-23.59367525,-46.672832,,,,1,2023-06-17T12:40:47+00:00
SAO_5111-10,São Paulo,3550308,True,,48,,,-23.552046,-46.6342765,,,,1,2023-06-17T12:40:39+00:00
SAO_5111-10,São Paulo,3550308,True,,48,,,-23.547648,-46.630084999999994,,,,1,2023-06-17T12:40:26+00:00
SAO_5111-10,São Paulo,3550308,True,,48,,,-23.654134499999998,-46.708625,,,,1,2023-06-17T12:40:33+00:00
SAO_374M-10,São Paulo,3550308,True,,1965,,,-23.543105,-46.46927075,,,,1,2023-06-17T12:40:32+00:00
SAO_374M-10,São Paulo,3550308,True,,1965,,,-23.4968635,-46.49647075,,,,1,2023-06-17T12:38:09+00:00
SAO_2762-10,São Paulo,3550308,True,,144,,,-23.4977375,-46.503734,,,,1,2023-06-17T12:40:35+00:00
SAO_2762-10,São Paulo,3550308,True,,144,,,-23.527739500000003,-46.5518895,,,,1,2023-06-17T12:40:16+00:00
SAO_2762-10,São Paulo,3550308,True,,144,,,-23.486059500000003,-46.476583000000005,,,,1,2023-06-17T12:40:32+00:00
SAO_2762-10,São Paulo,3550308,True,,144,,,-23.53625425,-46.5754575,,,,1,2023-06-17T12:40:15+00:00
SAO_5109-10,São Paulo,3550308,True,,1851,,,-23.5847075,-46.5827465,,,,1,2023-06-17T12:40:32+00:00
SAO_9785-10,São Paulo,3550308,True,,828,,,-23.525717,-46.67096975,,,,1,2023-06-17T12:40:28+00:00
SAO_9785-10,São Paulo,3550308,True,,828,,,-23.471965,-46.6916,,,,1,2023-06-17T12:39:59+00:00
SAO_9785-10,São Paulo,3550308,True,,828,,,-23.517861500000002,-46.674359375,,,,1,2023-06-17T12:40:30+00:00
SAO_2012-10,São Paulo,3550308,True,,35049,,,-23.5057855,-46.60080475,,,,2,2023-06-17T12:39:17+00:00
SAO_574W-10,São Paulo,3550308,True,,1629,,,-23.555879875000002,-46.575785874999994,,,,1,2023-06-17T12:40:04+00:00
SAO_574W-10,São Paulo,3550308,True,,1629,,,-23.5430705,-46.5890545,,,,1,2023-06-17T12:40:45+00:00
SAO_574W-10,São Paulo,3550308,True,,1629,,,-23.574764000000002,-46.529976000000005,,,,1,2023-06-17T12:40:23+00:00
SAO_574W-10,São Paulo,3550308,True,,1629,,,-23.616037749999997,-46.4815865,,,,1,2023-06-17T12:40:47+00:00
SAO_574W-10,São Paulo,3550308,True,,1629,,,-23.6127315,-46.491023999999996,,,,1,2023-06-17T12:40:28+00:00
SAO_574W-10,São Paulo,3550308,True,,1629,,,-23.567342,-46.541645,,,,1,2023-06-17T12:40:41+00:00
SAO_574W-10,São Paulo,3550308,True,,1629,,,-23.606033250000003,-46.507858999999996,,,,1,2023-06-17T12:40:45+00:00
SAO_574W-10,São Paulo,3550308,True,,1629,,,-23.595809,-46.513951,,,,1,2023-06-17T12:40:14+00:00
SAO_4020-10,São Paulo,3550308,True,,35298,,,-23.579055999999998,-46.442871124999996,,,,2,2023-06-17T12:40:24+00:00
SAO_3728-10,São Paulo,3550308,True,,1025,,,-23.573595,-46.490476,,,,1,2023-06-17T12:40:23+00:00
SAO_3728-10,São Paulo,3550308,True,,1025,,,-23.5420065,-46.483900500000004,,,,1,2023-06-17T12:40:14+00:00
SAO_3728-10,São Paulo,3550308,True,,1025,,,-23.5509675,-46.489425999999995,,,,1,2023-06-17T12:40:09+00:00
SAO_6043-10,São Paulo,3550308,True,,33988,,,-23.647256999999996,-46.73100425,,,,2,2023-06-17T12:35:09+00:00
SAO_6043-10,São Paulo,3550308,True,,33988,,,-23.6506745,-46.7192145,,,,2,2023-06-17T12:40:31+00:00
SAO_6043-10,São Paulo,3550308,True,,33988,,,-23.6605705,-46.754376,,,,2,2023-06-17T12:40:35+00:00
SAO_1756-10,São Paulo,3550308,True,,33315,,,-23.497078000000002,-46.6273925,,,,2,2023-06-17T12:40:29+00:00
SAO_1756-10,São Paulo,3550308,True,,33315,,,-23.459585249999996,-46.6485335,,,,2,2023-06-17T12:40:42+00:00
SAO_3029-10,São Paulo,3550308,True,,33734,,,-23.538123,-46.562737,,,,2,2023-06-17T12:32:19+00:00
SAO_3029-10,São Paulo,3550308,True,,33734,,,-23.586347500000002,-46.508592,,,,2,2023-06-17T12:40:17+00:00
SAO_5024-10,São Paulo,3550308,True,,33890,,,-23.689408999999998,-46.6492585,,,,2,2023-06-17T12:40:08+00:00
SAO_5024-10,São Paulo,3550308,True,,33890,,,-23.660634,-46.695184,,,,2,2023-06-17T12:40:22+00:00
SAO_342N-10,São Paulo,3550308,True,,33771,,,-23.5629515,-46.3946025,,,,2,2023-06-17T12:40:21+00:00
SAO_342N-10,São Paulo,3550308,True,,33771,,,-23.566136999999998,-46.4160905,,,,2,2023-06-17T12:40:12+00:00
SAO_6006-10,São Paulo,3550308,True,EMTU,175,https://moovitapp.com/index/pt-br/transporte_p%C3%BAblico-line-175-Sao_Paulo-242-2038937-36419312-0,6.25,-23.686948,-46.7559995,,,,1,2023-06-17T12:40:23+00:00
SAO_6006-10,São Paulo,3550308,True,EMTU,175,https://moovitapp.com/index/pt-br/transporte_p%C3%BAblico-line-175-Sao_Paulo-242-2038937-36419312-0,6.25,-23.66655375,-46.719686499999995,,,,1,2023-06-17T12:40:28+00:00
SAO_6006-10,São Paulo,3550308,True,EMTU,175,https://moovitapp.com/index/pt-br/transporte_p%C3%BAblico-line-175-Sao_Paulo-242-2038937-36419312-0,6.25,-23.6733205,-46.686609000000004,,,,1,2023-06-17T12:40:08+00:00
SAO_6258-10,São Paulo,3550308,True,,1232,,,-23.691460499999998,-46.746868500000005,,,,1,2023-06-17T12:40:49+00:00
SAO_6258-10,São Paulo,3550308,True,,1232,,,-23.6694055,-46.733991,,,,1,2023-06-17T12:40:28+00:00
SAO_6258-10,São Paulo,3550308,True,,1232,,,-23.653927,-46.710094,,,,1,2023-06-17T12:40:42+00:00
SAO_4286-10,São Paulo,3550308,True,,326,,,-23.597244000000003,-46.5670935,,,,1,2023-06-17T12:40:26+00:00
SAO_809D-10,São Paulo,3550308,True,,34836,,,-23.59509,-46.779385000000005,,,,2,2023-06-17T12:40:26+00:00
SAO_809D-10,São Paulo,3550308,True,,34836,,,-23.57200775,-46.7079945,,,,2,2023-06-17T12:40:47+00:00
SAO_6028-10,São Paulo,3550308,True,,1211,,,-23.654559999999996,-46.7073605,,,,1,2023-06-17T12:40:29+00:00
SAO_6028-10,São Paulo,3550308,True,,1211,,,-23.6872085,-46.7565295,,,,1,2023-06-17T12:40:13+00:00
SAO_342C-10,São Paulo,3550308,True,,33770,,,-23.56292675,-46.497827,,,,2,2023-06-17T12:40:13+00:00
SAO_342C-10,São Paulo,3550308,True,,33770,,,-23.560944,-46.4918265,,,,2,2023-06-17T12:40:03+00:00
SAO_342C-10,São Paulo,3550308,True,,33770,,,-23.5319795,-46.527572,,,,2,2023-06-17T12:40:27+00:00
SAO_2730-10,São Paulo,3550308,True,Urubupungá,945,https://moovitapp.com/index/pt-br/transporte_p%C3%BAblico-line-945-Sao_Paulo-242-873835-75841138-0,4.6,-23.51689375,-46.4684785,,,,1,2023-06-17T12:40:23+00:00
SAO_2730-10,São Paulo,3550308,True,Urubupungá,945,https://moovitapp.com/index/pt-br/transporte_p%C3%BAblico-line-945-Sao_Paulo-242-873835-75841138-0,4.6,-23.50689,-46.449355499999996,,,,1,2023-06-17T12:40:32+00:00
SAO_2730-10,São Paulo,3550308,True,Urubupungá,945,https://moovitapp.com/index/pt-br/transporte_p%C3%BAblico-line-945-Sao_Paulo-242-873835-75841138-0,4.6,-23.5401805,-46.483284,,,,1,2023-06-17T12:40:34+00:00
SAO_2730-10,São Paulo,3550308,True,Urubupungá,945,https://moovitapp.com/index/pt-br/transporte_p%C3%BAblico-line-945-Sao_Paulo-242-873835-75841138-0,4.6,-23.5236935,-46.474661,,,,1,2023-06-17T12:40:13+00:00
SAO_271A-51,São Paulo,3550308,True,,703,,,-23.5034065,-46.572686,,,,1,2023-06-17T12:40:27+00:00
SAO_271A-51,São Paulo,3550308,True,,703,,,-23.518372999999997,-46.5575495,,,,1,2023-06-17T12:40:26+00:00
SAO_271A-51,São Paulo,3550308,True,,703,,,-23.5029045,-46.62370249999999,,,,1,2023-06-17T12:40:41+00:00
SAO_107T-10,São Paulo,3550308,True,,33389,,,-23.4810725,-46.603761500000005,,,,2,2023-06-17T12:40:35+00:00
SAO_107T-10,São Paulo,3550308,True,,33389,,,-23.558709625,-46.6608435,,,,2,2023-06-17T12:40:16+00:00
SAO_8707-10,São Paulo,3550308,True,,34832,,,-23.555418,-46.662732500000004,,,,2,2023-06-17T12:40:46+00:00
SAO_8707-10,São Paulo,3550308,True,,34832,,,-23.572943000000002,-46.76068,,,,2,2023-06-17T12:40:04+00:00
SAO_8707-10,São Paulo,3550308,True,,34832,,,-23.546864,-46.6458225,,,,2,2023-06-17T12:40:40+00:00
SAO_8707-10,São Paulo,3550308,True,,34832,,,-23.566035499999998,-46.744099,,,,2,2023-06-17T12:40:13+00:00
SAO_6044-10,São Paulo,3550308,True,,33989,,,-23.676567,-46.798396,,,,2,2023-06-17T12:40:35+00:00
SAO_6044-10,São Paulo,3550308,True,,33989,,,-23.659761125,-46.773871,,,,2,2023-06-17T12:40:23+00:00
SAO_6044-10,São Paulo,3550308,True,,33989,,,-23.6488675,-46.7535655,,,,2,2023-06-17T12:40:29+00:00
SAO_6044-10,São Paulo,3550308,True,,33989,,,-23.649475000000002,-46.70701,,,,2,2023-06-17T12:40:28+00:00
SAO_2722-10,São Paulo,3550308,True,,33703,,,-23.50224,-46.49399625,,,,2,2023-06-17T12:40:18+00:00
SAO_2722-10,São Paulo,3550308,True,,33703,,,-23.4905365,-46.49019025,,,,2,2023-06-17T12:40:11+00:00
SAO_2722-10,São Paulo,3550308,True,,33703,,,-23.525133,-46.513138,,,,2,2023-06-17T12:40:02+00:00
SAO_128Y-10,São Paulo,3550308,True,EMTU,843,https://moovitapp.com/index/pt-br/transporte_p%C3%BAblico-line-843-Sao_Paulo-242-2038937-36419606-0,4.1,-23.5151455,-46.6988355,,,,1,2023-06-17T12:40:19+00:00
SAO_128Y-10,São Paulo,3550308,True,EMTU,843,https://moovitapp.com/index/pt-br/transporte_p%C3%BAblico-line-843-Sao_Paulo-242-2038937-36419606-0,4.1,-23.5204915,-46.704470875,,,,1,2023-06-17T12:40:21+00:00
SAO_128Y-10,São Paulo,3550308,True,EMTU,843,https://moovitapp.com/index/pt-br/transporte_p%C3%BAblico-line-843-Sao_Paulo-242-2038937-36419606-0,4.1,-23.468608,-46.6676505,,,,1,2023-06-17T12:40:45+00:00
SAO_128Y-10,São Paulo,3550308,True,EMTU,843,https://moovitapp.com/index/pt-br/transporte_p%C3%BAblico-line-843-Sao_Paulo-242-2038937-36419606-0,4.1,-23.498600500000002,-46.66399725,,,,1,2023-06-17T12:40:14+00:00
SAO_273G-10,São Paulo,3550308,True,,32991,,,-23.5282045,-46.474232,,,,2,2023-06-17T12:40:44+00:00
SAO_273G-10,São Paulo,3550308,True,,32991,,,-23.5260655,-46.47463125,,,,2,2023-06-17T12:40:10+00:00
SAO_273G-10,São Paulo,3550308,True,,32991,,,-23.498297,-46.457488,,,,2,2023-06-17T12:40:32+00:00
SAO_273G-10,São Paulo,3550308,True,,32991,,,-23.491958,-46.44579875,,,,2,2023-06-17T12:40:02+00:00
SAO_273G-10,São Paulo,3550308,True,,32991,,,-23.5081515,-46.4777675625,,,,2,2023-06-17T12:40:16+00:00
SAO_5141-10,São Paulo,3550308,True,,34393,,,-23.545717,-46.59201,,,,2,2023-06-17T12:40:16+00:00
SAO_5141-10,São Paulo,3550308,True,,34393,,,-23.614544,-46.500679,,,,2,2023-06-17T12:40:03+00:00
SAO_5141-10,São Paulo,3550308,True,,34393,,,-23.5819,-46.536983500000005,,,,2,2023-06-17T12:40:35+00:00
SAO_6014-10,São Paulo,3550308,True,,32956,,,-23.742065,-46.8005655,,,,2,2023-06-17T12:40:34+00:00
SAO_6014-10,São Paulo,3550308,True,,32956,,,-23.677146,-46.758905,,,,2,2023-06-17T12:40:14+00:00
SAO_6014-10,São Paulo,3550308,True,,32956,,,-23.6541835,-46.7090685,,,,2,2023-06-17T12:40:35+00:00
SAO_6014-10,São Paulo,3550308,True,,32956,,,-23.674359250000002,-46.7473895,,,,2,2023-06-17T12:40:25+00:00
SAO_6014-10,São Paulo,3550308,True,,32956,,,-23.694872,-46.7797925,,,,2,2023-06-17T12:40:27+00:00
SAO_6014-10,São Paulo,3550308,True,,32956,,,-23.7420645,-46.8001675,,,,2,2023-06-17T12:32:29+00:00
SAO_6014-10,São Paulo,3550308,True,,32956,,,-23.698826500000003,-46.779677,,,,2,2023-06-17T12:40:31+00:00
SAO_1012-10,São Paulo,3550308,True,,35254,,,-23.4360735,-46.787220000000005,,,,2,2023-06-17T12:40:20+00:00
SAO_1012-10,São Paulo,3550308,True,,35254,,,-23.4342285,-46.800936500000006,,,,2,2023-06-17T12:40:43+00:00
SAO_1012-10,São Paulo,3550308,True,,35254,,,-23.4324985,-46.7870395,,,,2,2023-06-17T12:40:43+00:00
SAO_1012-10,São Paulo,3550308,True,,35254,,,-23.4325465,-46.787031999999996,,,,2,2023-06-17T12:40:27+00:00
SAO_5106-21,São Paulo,3550308,True,,34740,,,-23.6848065,-46.653604,,,,2,2023-06-17T12:40:05+00:00
SAO_5106-21,São Paulo,3550308,True,,34740,,,-23.6951735,-46.655211,,,,2,2023-06-17T12:40:09+00:00
SAO_5106-21,São Paulo,3550308,True,,34740,,,-23.609797,-46.669374499999996,,,,2,2023-06-17T12:40:10+00:00
SAO_5106-21,São Paulo,3550308,True,,34740,,,-23.6848065,-46.653604,,,,2,2023-06-17T12:40:21+00:00
SAO_5106-21,São Paulo,3550308,True,,34740,,,-23.6136795,-46.695497,,,,2,2023-06-17T12:40:29+00:00
SAO_607M-10,São Paulo,3550308,True,,2036,,,-23.671729,-46.710378250000005,,,,1,2023-06-17T12:40:40+00:00
SAO_607M-10,São Paulo,3550308,True,,2036,,,-23.7149145,-46.6989035,,,,1,2023-06-17T12:40:28+00:00
SAO_607M-10,São Paulo,3550308,True,,2036,,,-23.7379835,-46.6979615,,,,1,2023-06-17T12:40:13+00:00
SAO_8038-10,São Paulo,3550308,True,,797,,,-23.52205825,-46.70509525,,,,1,2023-06-17T12:40:12+00:00
SAO_8038-10,São Paulo,3550308,True,,797,,,-23.5470405,-46.7501045,,,,1,2023-06-17T12:40:40+00:00
SAO_8038-10,São Paulo,3550308,True,,797,,,-23.51957075,-46.703840375,,,,1,2023-06-17T12:39:58+00:00
SAO_8038-10,São Paulo,3550308,True,,797,,,-23.521160249999998,-46.724604,,,,1,2023-06-17T12:40:23+00:00
SAO_8055-10,São Paulo,3550308,True,,33182,,,-23.408545500000002,-46.740751,,,,2,2023-06-17T12:40:02+00:00
SAO_8055-10,São Paulo,3550308,True,,33182,,,-23.407054000000002,-46.759332,,,,2,2023-06-17T12:40:31+00:00
SAO_2032-10,São Paulo,3550308,True,,35034,,,-23.48552175,-46.576348374999995,,,,2,2023-06-17T12:40:22+00:00
SAO_2032-10,São Paulo,3550308,True,,35034,,,-23.484436000000002,-46.5735145,,,,2,2023-06-17T12:40:36+00:00
SAO_5038-10,São Paulo,3550308,True,,1661,,,-23.651166500000002,-46.6143845,,,,1,2023-06-17T12:40:35+00:00
SAO_5038-10,São Paulo,3550308,True,,1661,,,-23.642335000000003,-46.605951000000005,,,,1,2023-06-17T12:40:25+00:00
SAO_5038-10,São Paulo,3550308,True,,1661,,,-23.6028795,-46.601814000000005,,,,1,2023-06-17T12:40:36+00:00
SAO_9019-10,São Paulo,3550308,True,,34201,,,-23.478614999999998,-46.713169,,,,2,2023-06-17T12:40:29+00:00
SAO_9019-10,São Paulo,3550308,True,,34201,,,-23.4868945,-46.7270755,,,,2,2023-06-17T12:40:14+00:00
SAO_9019-10,São Paulo,3550308,True,,34201,,,-23.469092500000002,-46.7132785,,,,2,2023-06-17T12:40:06+00:00
SAO_6837-10,São Paulo,3550308,True,,32774,,,-23.62689425,-46.7599595,,,,2,2023-06-17T12:40:40+00:00
SAO_273D-10,São Paulo,3550308,True,,222,,,-23.494554,-46.42565275,,,,1,2023-06-17T12:40:41+00:00
SAO_273D-10,São Paulo,3550308,True,,222,,,-23.51366925,-46.447316375,,,,1,2023-06-17T12:39:58+00:00
SAO_273D-10,São Paulo,3550308,True,,222,,,-23.524150874999997,-46.4091585,,,,1,2023-06-17T12:40:02+00:00
SAO_6805-31,São Paulo,3550308,True,,34556,,,-23.6609955,-46.747811999999996,,,,2,2023-06-17T12:40:44+00:00
SAO_3736-10,São Paulo,3550308,True,,1036,,,-23.575533,-46.4834125,,,,1,2023-06-17T12:40:25+00:00
SAO_3736-10,São Paulo,3550308,True,,1036,,,-23.575533,-46.4834125,,,,1,2023-06-17T12:40:42+00:00
SAO_3736-10,São Paulo,3550308,True,,1036,,,-23.575533,-46.4834125,,,,1,2023-06-17T12:40:47+00:00
SAO_3736-10,São Paulo,3550308,True,,1036,,,-23.575533,-46.4834125,,,,1,2023-06-17T12:40:10+00:00
SAO_3736-10,São Paulo,3550308,True,,1036,,,-23.5421635,-46.4837615,,,,1,2023-06-17T12:40:15+00:00
SAO_3736-10,São Paulo,3550308,True,,1036,,,-23.54376275,-46.48610825,,,,1,2023-06-17T12:40:13+00:00
SAO_3736-10,São Paulo,3550308,True,,1036,,,-23.577518,-46.483808499999995,,,,1,2023-06-17T12:40:30+00:00
SAO_3736-10,São Paulo,3550308,True,,1036,,,-23.575533,-46.4834125,,,,1,2023-06-17T12:40:21+00:00
SAO_3736-10,São Paulo,3550308,True,,1036,,,-23.56942,-46.4786405,,,,1,2023-06-17T12:40:06+00:00
SAO_3736-10,São Paulo,3550308,True,,1036,,,-23.575533,-46.4834125,,,,1,2023-06-17T12:40:35+00:00
SAO_5759-10,São Paulo,3550308,True,,33906,,,-23.6948495,-46.64830975,,,,2,2023-06-17T12:39:58+00:00
SAO_5759-10,São Paulo,3550308,True,,33906,,,-23.66394,-46.6643215,,,,2,2023-06-17T12:39:54+00:00
SAO_5759-10,São Paulo,3550308,True,,33906,,,-23.6948495,-46.64830975,,,,2,2023-06-17T12:40:10+00:00
SAO_5759-10,São Paulo,3550308,True,,33906,,,-23.64676125,-46.64523025,,,,2,2023-06-17T12:40:39+00:00
SAO_5318-10,São Paulo,3550308,True,,32813,,,-23.632765,-46.6925075,,,,2,2023-06-17T12:40:44+00:00
SAO_5318-10,São Paulo,3550308,True,,32813,,,-23.6646575,-46.753386,,,,2,2023-06-17T12:40:06+00:00
SAO_5318-10,São Paulo,3550308,True,,32813,,,-23.5791130625,-46.64706025,,,,2,2023-06-17T12:40:09+00:00
SAO_6061-10,São Paulo,3550308,True,,33918,,,-23.7377555,-46.6976535,,,,2,2023-06-17T12:40:26+00:00
SAO_6061-10,São Paulo,3550308,True,,33918,,,-23.76298,-46.686629499999995,,,,2,2023-06-17T12:39:59+00:00
SAO_4708-10,São Paulo,3550308,True,,33100,,,-23.595473,-46.624680999999995,,,,2,2023-06-17T12:40:46+00:00
SAO_211V-10,São Paulo,3550308,True,,32922,,,-23.4944855,-46.470219,,,,2,2023-06-17T12:40:34+00:00
SAO_211V-10,São Paulo,3550308,True,,32922,,,-23.519495499999998,-46.555021499999995,,,,2,2023-06-17T12:40:39+00:00
SAO_6048-10,São Paulo,3550308,True,BR7 Mobilidade,56,https://moovitapp.com/index/pt-br/transporte_p%C3%BAblico-line-56-Sao_Paulo-242-851856-518592-0,5.75,-23.6805215,-46.769168500000006,,,,1,2023-06-17T12:40:25+00:00
SAO_6048-10,São Paulo,3550308,True,BR7 Mobilidade,56,https://moovitapp.com/index/pt-br/transporte_p%C3%BAblico-line-56-Sao_Paulo-242-851856-518592-0,5.75,-23.6487995,-46.749903,,,,1,2023-06-17T12:40:11+00:00
SAO_8549-10,São Paulo,3550308,True,EMTU,580,https://moovitapp.com/index/pt-br/transporte_p%C3%BAblico-line-580-Sao_Paulo-242-2038937-36419570-0,7.55,-23.436998,-46.717544375,,,,1,2023-06-17T12:40:07+00:00
SAO_8549-10,São Paulo,3550308,True,EMTU,580,https://moovitapp.com/index/pt-br/transporte_p%C3%BAblico-line-580-Sao_Paulo-242-2038937-36419570-0,7.55,-23.456180000000003,-46.691851,,,,1,2023-06-17T12:40:44+00:00
SAO_8549-10,São Paulo,3550308,True,EMTU,580,https://moovitapp.com/index/pt-br/transporte_p%C3%BAblico-line-580-Sao_Paulo-242-2038937-36419570-0,7.55,-23.5417755,-46.6385815,,,,1,2023-06-17T12:40:12+00:00
SAO_8549-10,São Paulo,3550308,True,EMTU,580,https://moovitapp.com/index/pt-br/transporte_p%C3%BAblico-line-580-Sao_Paulo-242-2038937-36419570-0,7.55,-23.525031499999997,-46.683977999999996,,,,1,2023-06-17T12:40:33+00:00
SAO_8549-10,São Paulo,3550308,True,EMTU,580,https://moovitapp.com/index/pt-br/transporte_p%C3%BAblico-line-580-Sao_Paulo-242-2038937-36419570-0,7.55,-23.5049105,-46.689612999999994,,,,1,2023-06-17T12:40:04+00:00
SAO_178Y-10,São Paulo,3550308,True,,868,,,-23.481148,-46.629332500000004,,,,1,2023-06-17T12:40:14+00:00
SAO_178Y-10,São Paulo,3550308,True,,868,,,-23.471645000000002,-46.6345525,,,,1,2023-06-17T12:40:15+00:00
SAO_1730-10,São Paulo,3550308,True,,33633,,,-23.51559625,-46.61637925,,,,2,2023-06-17T12:40:15+00:00
SAO_809L-10,São Paulo,3550308,True,,34717,,,-23.6092625,-46.7520905,,,,2,2023-06-17T12:40:16+00:00
SAO_809L-10,São Paulo,3550308,True,,34717,,,-23.6317515,-46.7727405,,,,2,2023-06-17T12:40:18+00:00
SAO_809L-10,São Paulo,3550308,True,,34717,,,-23.631868500000003,-46.772482,,,,2,2023-06-17T12:40:44+00:00
SAO_809L-10,São Paulo,3550308,True,,34717,,,-23.5239105,-46.699185,,,,2,2023-06-17T12:40:19+00:00
SAO_809L-10,São Paulo,3550308,True,,34717,,,-23.571917750000004,-46.7114765,,,,2,2023-06-17T12:40:20+00:00
SAO_809L-10,São Paulo,3550308,True,,34717,,,-23.542959,-46.706873,,,,2,2023-06-17T12:40:32+00:00
SAO_971R-10,São Paulo,3550308,True,,614,,,-23.454421500000002,-46.7374495,,,,1,2023-06-17T12:40:09+00:00
SAO_971R-10,São Paulo,3550308,True,,614,,,-23.482084,-46.655021000000005,,,,1,2023-06-17T12:40:37+00:00
SAO_971R-10,São Paulo,3550308,True,,614,,,-23.501994500000002,-46.625838,,,,1,2023-06-17T12:40:23+00:00
SAO_971R-10,São Paulo,3550308,True,,614,,,-23.473095,-46.672063,,,,1,2023-06-17T12:40:28+00:00
SAO_971R-10,São Paulo,3550308,True,,614,,,-23.4537465,-46.6968735,,,,1,2023-06-17T12:40:09+00:00
SAO_971R-10,São Paulo,3550308,True,,614,,,-23.459349,-46.686189999999996,,,,1,2023-06-17T12:40:05+00:00
SAO_971R-10,São Paulo,3550308,True,,614,,,-23.435848,-46.71495075,,,,1,2023-06-17T12:40:27+00:00
SAO_971R-10,São Paulo,3550308,True,,614,,,-23.4369115,-46.728397,,,,1,2023-06-17T12:40:22+00:00
SAO_971R-10,São Paulo,3550308,True,,614,,,-23.4984665,-46.6411745,,,,1,2023-06-17T12:39:15+00:00
SAO_4221-10,São Paulo,3550308,True,,33093,,,-23.592244,-46.54734575,,,,2,2023-06-17T12:40:27+00:00
SAO_4221-10,São Paulo,3550308,True,,33093,,,-23.609160000000003,-46.514441500000004,,,,2,2023-06-17T12:40:16+00:00
SAO_4221-10,São Paulo,3550308,True,,33093,,,-23.563947,-46.612075000000004,,,,2,2023-06-17T12:40:35+00:00
SAO_374V-10,São Paulo,3550308,True,,1647,,,-23.5252195,-46.450922,,,,1,2023-06-17T12:40:26+00:00
SAO_374V-10,São Paulo,3550308,True,,1647,,,-23.542630000000003,-46.468692000000004,,,,1,2023-06-17T12:40:05+00:00
SAO_374V-10,São Paulo,3550308,True,,1647,,,-23.52588375,-46.4519395,,,,1,2023-06-17T12:40:27+00:00
SAO_374V-10,São Paulo,3550308,True,,1647,,,-23.52588375,-46.4519395,,,,1,2023-06-17T12:40:45+00:00
SAO_5752-10,São Paulo,3550308,True,,34055,,,-23.664558,-46.666617,,,,2,2023-06-17T12:40:35+00:00
SAO_5752-10,São Paulo,3550308,True,,34055,,,-23.690883999999997,-46.6502995,,,,2,2023-06-17T12:40:29+00:00
SAO_5752-10,São Paulo,3550308,True,,34055,,,-23.636175,-46.64056825,,,,2,2023-06-17T12:40:06+00:00
SAO_4012-10,São Paulo,3550308,True,,2185,,,-23.612884,-46.4762945,,,,1,2023-06-17T12:40:41+00:00
SAO_4012-10,São Paulo,3550308,True,,2185,,,-23.6048415,-46.44393,,,,1,2023-06-17T12:40:25+00:00
SAO_4012-10,São Paulo,3550308,True,,2185,,,-23.619660500000002,-46.460933,,,,1,2023-06-17T12:40:44+00:00
SAO_6042-21,São Paulo,3550308,True,,34543,,,-23.67414375,-46.7692885,,,,2,2023-06-17T12:40:21+00:00
SAO_8008-10,São Paulo,3550308,True,,34026,,,-23.485873499999997,-46.7256145,,,,2,2023-06-17T12:40:15+00:00
SAO_3031-10,São Paulo,3550308,True,,967,,,-23.6129015,-46.444473,,,,1,2023-06-17T12:40:41+00:00
SAO_3031-10,São Paulo,3550308,True,,967,,,-23.567628499999998,-46.457918,,,,1,2023-06-17T12:40:12+00:00
SAO_3031-10,São Paulo,3550308,True,,967,,,-23.596960125,-46.4399665,,,,1,2023-06-17T12:40:33+00:00
SAO_3031-10,São Paulo,3550308,True,,967,,,-23.542397,-46.469636,,,,1,2023-06-17T12:40:17+00:00
SAO_6836-10,São Paulo,3550308,True,BR7 Mobilidade,13,https://moovitapp.com/index/pt-br/transporte_p%C3%BAblico-line-13-Sao_Paulo-242-851856-705937-0,5.75,-23.6506245,-46.733541,,,,1,2023-06-17T12:40:33+00:00
SAO_6836-10,São Paulo,3550308,True,BR7 Mobilidade,13,https://moovitapp.com/index/pt-br/transporte_p%C3%BAblico-line-13-Sao_Paulo-242-851856-705937-0,5.75,-23.6784235,-46.77720175,,,,1,2023-06-17T12:40:43+00:00
SAO_4092-10,São Paulo,3550308,True,,1876,,,-23.5829165,-46.408026,,,,1,2023-06-17T12:40:35+00:00
SAO_4092-10,São Paulo,3550308,True,,1876,,,-23.5865,-46.421204,,,,1,2023-06-17T12:40:16+00:00
SAO_957T-10,São Paulo,3550308,True,,464,,,-23.593735000000002,-46.6806015,,,,1,2023-06-17T12:40:16+00:00
SAO_957T-10,São Paulo,3550308,True,,464,,,-23.441166,-46.716872499999994,,,,1,2023-06-17T12:40:44+00:00
SAO_957T-10,São Paulo,3550308,True,,464,,,-23.503914,-46.6938995,,,,1,2023-06-17T12:40:37+00:00
SAO_2726-10,São Paulo,3550308,True,Urubupungá,940,https://moovitapp.com/index/pt-br/transporte_p%C3%BAblico-line-940-Sao_Paulo-242-873835-496474-0,4.6,-23.515217,-46.468835,,,,1,2023-06-17T12:40:30+00:00
SAO_2726-10,São Paulo,3550308,True,Urubupungá,940,https://moovitapp.com/index/pt-br/transporte_p%C3%BAblico-line-940-Sao_Paulo-242-873835-496474-0,4.6,-23.515351,-46.4687215,,,,1,2023-06-17T12:40:29+00:00
SAO_2726-10,São Paulo,3550308,True,Urubupungá,940,https://moovitapp.com/index/pt-br/transporte_p%C3%BAblico-line-940-Sao_Paulo-242-873835-496474-0,4.6,-23.5215045,-46.52887,,,,1,2023-06-17T12:40:08+00:00
SAO_2726-10,São Paulo,3550308,True,Urubupungá,940,https://moovitapp.com/index/pt-br/transporte_p%C3%BAblico-line-940-Sao_Paulo-242-873835-496474-0,4.6,-23.507649999999998,-46.491316749999996,,,,1,2023-06-17T12:40:32+00:00
SAO_2726-10,São Paulo,3550308,True,Urubupungá,940,https://moovitapp.com/index/pt-br/transporte_p%C3%BAblico-line-940-Sao_Paulo-242-873835-496474-0,4.6,-23.507967,-46.468248,,,,1,2023-06-17T12:40:11+00:00
SAO_2726-10,São Paulo,3550308,True,Urubupungá,940,https://moovitapp.com/index/pt-br/transporte_p%C3%BAblico-line-940-Sao_Paulo-242-873835-496474-0,4.6,-23.507967,-46.468248,,,,1,2023-06-17T12:40:16+00:00
SAO_273D-10,São Paulo,3550308,True,,32990,,,-23.5136495,-46.444970125,,,,2,2023-06-17T12:40:36+00:00
SAO_273D-10,São Paulo,3550308,True,,32990,,,-23.494404,-46.4148335,,,,2,2023-06-17T12:40:34+00:00
SAO_273D-10,São Paulo,3550308,True,,32990,,,-23.5260655,-46.47463125,,,,2,2023-06-17T12:40:12+00:00
SAO_8199-10,São Paulo,3550308,True,EMTU,807,https://moovitapp.com/index/pt-br/transporte_p%C3%BAblico-line-807-Sao_Paulo-242-2038937-36419583-0,7.8,-23.486174,-46.721794,,,,1,2023-06-17T12:40:38+00:00
SAO_8199-10,São Paulo,3550308,True,EMTU,807,https://moovitapp.com/index/pt-br/transporte_p%C3%BAblico-line-807-Sao_Paulo-242-2038937-36419583-0,7.8,-23.474202,-46.669375,,,,1,2023-06-17T12:40:33+00:00
SAO_8199-10,São Paulo,3550308,True,EMTU,807,https://moovitapp.com/index/pt-br/transporte_p%C3%BAblico-line-807-Sao_Paulo-242-2038937-36419583-0,7.8,-23.5018185,-46.701283000000004,,,,1,2023-06-17T12:40:18+00:00
SAO_8199-10,São Paulo,3550308,True,EMTU,807,https://moovitapp.com/index/pt-br/transporte_p%C3%BAblico-line-807-Sao_Paulo-242-2038937-36419583-0,7.8,-23.4783885,-46.7478105,,,,1,2023-06-17T12:40:24+00:00
SAO_3008-10,São Paulo,3550308,True,,2515,,,-23.50101325,-46.39833675,,,,1,2023-06-17T12:40:09+00:00
SAO_7049-10,São Paulo,3550308,True,,1912,,,-23.635189500000003,-46.775909,,,,1,2023-06-17T12:40:35+00:00
SAO_7049-10,São Paulo,3550308,True,,1912,,,-23.71137775,-46.782644250000004,,,,1,2023-06-17T12:40:49+00:00
SAO_7049-10,São Paulo,3550308,True,,1912,,,-23.7116535,-46.777972,,,,1,2023-06-17T12:40:47+00:00
SAO_7049-10,São Paulo,3550308,True,,1912,,,-23.684296500000002,-46.774350999999996,,,,1,2023-06-17T12:40:27+00:00
SAO_7049-10,São Paulo,3550308,True,,1912,,,-23.7116535,-46.777972,,,,1,2023-06-17T12:40:22+00:00
SAO_7049-10,São Paulo,3550308,True,,1912,,,-23.6660885,-46.783187,,,,1,2023-06-17T12:40:14+00:00
SAO_5036-10,São Paulo,3550308,True,,34434,,,-23.6516145,-46.614483,,,,2,2023-06-17T12:40:34+00:00
SAO_5036-10,São Paulo,3550308,True,,34434,,,-23.6046645,-46.6152065,,,,2,2023-06-17T12:40:28+00:00
SAO_9653-10,São Paulo,3550308,True,EMTU,588,https://moovitapp.com/index/pt-br/transporte_p%C3%BAblico-line-588-Sao_Paulo-242-2038937-36419575-0,7.55,-23.4570955,-46.647456500000004,,,,1,2023-06-17T12:40:18+00:00
SAO_9653-10,São Paulo,3550308,True,EMTU,588,https://moovitapp.com/index/pt-br/transporte_p%C3%BAblico-line-588-Sao_Paulo-242-2038937-36419575-0,7.55,-23.5428755,-46.6362135,,,,1,2023-06-17T12:40:47+00:00
SAO_9653-10,São Paulo,3550308,True,EMTU,588,https://moovitapp.com/index/pt-br/transporte_p%C3%BAblico-line-588-Sao_Paulo-242-2038937-36419575-0,7.55,-23.520577,-46.6678165,,,,1,2023-06-17T12:40:04+00:00
SAO_9653-10,São Paulo,3550308,True,EMTU,588,https://moovitapp.com/index/pt-br/transporte_p%C3%BAblico-line-588-Sao_Paulo-242-2038937-36419575-0,7.55,-23.470253,-46.65359,,,,1,2023-06-17T12:40:02+00:00
SAO_9653-10,São Paulo,3550308,True,EMTU,588,https://moovitapp.com/index/pt-br/transporte_p%C3%BAblico-line-588-Sao_Paulo-242-2038937-36419575-0,7.55,-23.5059845,-46.673250499999995,,,,1,2023-06-17T12:40:11+00:00
SAO_695D-10,São Paulo,3550308,True,,32882,,,-23.732850999999997,-46.6761405,,,,2,2023-06-17T12:40:22+00:00
SAO_695D-10,São Paulo,3550308,True,,32882,,,-23.706483,-46.700525999999996,,,,2,2023-06-17T12:40:13+00:00
SAO_695D-10,São Paulo,3550308,True,,32882,,,-23.647399,-46.639229,,,,2,2023-06-17T12:40:20+00:00
SAO_695D-10,São Paulo,3550308,True,,32882,,,-23.659708000000002,-46.67757325,,,,2,2023-06-17T12:40:10+00:00
SAO_2716-10,São Paulo,3550308,True,,929,,,-23.5326465,-46.545022,,,,1,2023-06-17T12:40:20+00:00
SAO_2716-10,São Paulo,3550308,True,,929,,,-23.523320375000004,-46.53937475,,,,1,2023-06-17T12:40:39+00:00
SAO_2716-10,São Paulo,3550308,True,,929,,,-23.509579,-46.533243,,,,1,2023-06-17T12:40:32+00:00
SAO_5131-10,São Paulo,3550308,True,,34050,,,-23.557593875000002,-46.64093275,,,,2,2023-06-17T12:40:34+00:00
SAO_5131-10,São Paulo,3550308,True,,34050,,,-23.654059500000002,-46.668023,,,,2,2023-06-17T12:40:37+00:00
SAO_5131-10,São Paulo,3550308,True,,34050,,,-23.662461999999998,-46.669380000000004,,,,2,2023-06-17T12:40:46+00:00
SAO_527R-10,São Paulo,3550308,True,,271,,,-23.66439125,-46.69100350000001,,,,1,2023-06-17T12:40:33+00:00
SAO_527R-10,São Paulo,3550308,True,,271,,,-23.659518,-46.6759515,,,,1,2023-06-17T12:40:15+00:00
SAO_527R-10,São Paulo,3550308,True,,271,,,-23.6756785,-46.6504555,,,,1,2023-06-17T12:40:35+00:00
SAO_527R-10,São Paulo,3550308,True,,271,,,-23.66871725,-46.656624,,,,1,2023-06-17T12:40:33+00:00
SAO_2161-10,São Paulo,3550308,True,,33462,,,-23.4740875,-46.566756999999996,,,,2,2023-06-17T12:40:02+00:00
SAO_2161-10,São Paulo,3550308,True,,33462,,,-23.5278855,-46.597172,,,,2,2023-06-17T12:39:08+00:00
SAO_507T-10,São Paulo,3550308,True,,34976,,,-23.6137795,-46.501670000000004,,,,2,2023-06-17T12:40:32+00:00
SAO_507T-10,São Paulo,3550308,True,,34976,,,-23.567560125,-46.510394375000004,,,,2,2023-06-17T12:40:40+00:00
SAO_121G-10,São Paulo,3550308,True,,33459,,,-23.5216375,-46.56288625,,,,2,2023-06-17T12:40:49+00:00
SAO_121G-10,São Paulo,3550308,True,,33459,,,-23.4810685,-46.603014,,,,2,2023-06-17T12:40:41+00:00
SAO_121G-10,São Paulo,3550308,True,,33459,,,-23.4921175,-46.584387,,,,2,2023-06-17T12:40:31+00:00
SAO_121G-10,São Paulo,3550308,True,,33459,,,-23.4810685,-46.603014,,,,2,2023-06-17T12:40:28+00:00
SAO_6038-10,São Paulo,3550308,True,,33984,,,-23.659843375,-46.77347900000001,,,,2,2023-06-17T12:40:48+00:00
SAO_6038-10,São Paulo,3550308,True,,33984,,,-23.648512,-46.749661,,,,2,2023-06-17T12:40:44+00:00
SAO_4491-10,São Paulo,3550308,True,,33095,,,-23.6479855,-46.600024000000005,,,,2,2023-06-17T12:40:08+00:00
SAO_4491-10,São Paulo,3550308,True,,33095,,,-23.58113775,-46.6139315,,,,2,2023-06-17T12:40:25+00:00
SAO_4491-10,São Paulo,3550308,True,,33095,,,-23.643964249999996,-46.62645525000001,,,,2,2023-06-17T12:38:13+00:00
SAO_807P-10,São Paulo,3550308,True,,2099,,,-23.6528835,-46.713273,,,,1,2023-06-17T12:40:46+00:00
SAO_807P-10,São Paulo,3550308,True,,2099,,,-23.615980999999998,-46.721008499999996,,,,1,2023-06-17T12:40:15+00:00
SAO_8194-10,São Paulo,3550308,True,,33573,,,-23.473703999999998,-46.669427,,,,2,2023-06-17T12:40:23+00:00
SAO_8194-10,São Paulo,3550308,True,,33573,,,-23.435848,-46.71495075,,,,2,2023-06-17T12:40:22+00:00
SAO_8194-10,São Paulo,3550308,True,,33573,,,-23.40745775,-46.7349095,,,,2,2023-06-17T12:40:27+00:00
SAO_8194-10,São Paulo,3550308,True,,33573,,,-23.4050425,-46.7517645,,,,2,2023-06-17T12:40:36+00:00
SAO_8194-10,São Paulo,3550308,True,,33573,,,-23.4746105,-46.669987000000006,,,,2,2023-06-17T12:40:27+00:00
SAO_8194-10,São Paulo,3550308,True,,33573,,,-23.4044015,-46.7525905,,,,2,2023-06-17T12:40:06+00:00
SAO_8194-10,São Paulo,3550308,True,,33573,,,-23.472221375,-46.6733435,,,,2,2023-06-17T12:40:36+00:00
SAO_8030-10,São Paulo,3550308,True,,35330,,,-23.606511249999997,-46.7279695,,,,2,2023-06-17T12:40:46+00:00
SAO_8030-10,São Paulo,3550308,True,,35330,,,-23.62322075,-46.728378,,,,2,2023-06-17T12:40:22+00:00
SAO_8030-10,São Paulo,3550308,True,,35330,,,-23.623484249999997,-46.728172,,,,2,2023-06-17T12:40:08+00:00
SAO_172K-10,São Paulo,3550308,True,,857,,,-23.5397765,-46.5765665,,,,1,2023-06-17T12:40:13+00:00
SAO_172K-10,São Paulo,3550308,True,,857,,,-23.517061125,-46.588775999999996,,,,1,2023-06-17T12:40:29+00:00
SAO_172K-10,São Paulo,3550308,True,,857,,,-23.496902749999997,-46.59693625,,,,1,2023-06-17T12:40:21+00:00
SAO_172K-10,São Paulo,3550308,True,,857,,,-23.476603500000003,-46.6097245,,,,1,2023-06-17T12:40:44+00:00
SAO_3773-10,São Paulo,3550308,True,,1059,,,-23.538011500000003,-46.564010249999995,,,,1,2023-06-17T12:40:32+00:00
SAO_3773-10,São Paulo,3550308,True,,1059,,,-23.544942499999998,-46.528909750000004,,,,1,2023-06-17T12:40:15+00:00
SAO_3773-10,São Paulo,3550308,True,,1059,,,-23.601841375,-46.4613031875,,,,1,2023-06-17T12:40:30+00:00
SAO_3773-10,São Paulo,3550308,True,,1059,,,-23.603975,-46.4813555,,,,1,2023-06-17T12:40:34+00:00
SAO_4716-10,São Paulo,3550308,True,,33874,,,-23.613982,-46.617247000000006,,,,2,2023-06-17T12:40:48+00:00
SAO_4716-10,São Paulo,3550308,True,,33874,,,-23.599436,-46.6383915,,,,2,2023-06-17T12:40:14+00:00
SAO_4716-10,São Paulo,3550308,True,,33874,,,-23.601609,-46.600950499999996,,,,2,2023-06-17T12:40:34+00:00
SAO_4035-10,São Paulo,3550308,True,,35328,,,-23.558149,-46.399587499999996,,,,2,2023-06-17T12:40:24+00:00
SAO_4035-10,São Paulo,3550308,True,,35328,,,-23.56289225,-46.416614499999994,,,,2,2023-06-17T12:40:11+00:00
SAO_8549-10,São Paulo,3550308,True,,33348,,,-23.468709,-46.6772595,,,,2,2023-06-17T12:40:29+00:00
SAO_8549-10,São Paulo,3550308,True,,33348,,,-23.442541,-46.71719,,,,2,2023-06-17T12:40:18+00:00
SAO_8549-10,São Paulo,3550308,True,,33348,,,-23.525452,-46.681762,,,,2,2023-06-17T12:40:46+00:00
SAO_809U-21,São Paulo,3550308,True,,2307,,,-23.5468295,-46.6903115,,,,1,2023-06-17T12:40:25+00:00
SAO_809U-21,São Paulo,3550308,True,,2307,,,-23.528135,-46.675162,,,,1,2023-06-17T12:40:29+00:00
SAO_809U-21,São Paulo,3550308,True,,2307,,,-23.527677249999996,-46.67448325,,,,1,2023-06-17T12:40:36+00:00
SAO_6008-10,São Paulo,3550308,True,,33968,,,-23.688445,-46.7655115,,,,2,2023-06-17T12:40:23+00:00
SAO_6008-10,São Paulo,3550308,True,,33968,,,-23.6873755,-46.763414499999996,,,,2,2023-06-17T12:40:10+00:00
SAO_6008-10,São Paulo,3550308,True,,33968,,,-23.668170500000002,-46.732837,,,,2,2023-06-17T12:40:36+00:00
SAO_6008-10,São Paulo,3550308,True,,33968,,,-23.68727,-46.7629345,,,,2,2023-06-17T12:40:05+00:00
SAO_6008-10,São Paulo,3550308,True,,33968,,,-23.68727,-46.7629345,,,,2,2023-06-17T12:40:45+00:00
SAO_6056-10,São Paulo,3550308,True,,33915,,,-23.766831500000002,-46.7035045,,,,2,2023-06-17T12:40:14+00:00
SAO_6056-10,São Paulo,3550308,True,,33915,,,-23.7444815,-46.707066499999996,,,,2,2023-06-17T12:40:43+00:00
SAO_6056-10,São Paulo,3550308,True,,33915,,,-23.763256499999997,-46.697663,,,,2,2023-06-17T12:40:24+00:00
SAO_8705-10,São Paulo,3550308,True,,2072,,,-23.5473665,-46.7605345,,,,1,2023-06-17T12:40:09+00:00
SAO_8705-10,São Paulo,3550308,True,,2072,,,-23.547646999999998,-46.760248000000004,,,,1,2023-06-17T12:40:49+00:00
SAO_8705-10,São Paulo,3550308,True,,2072,,,-23.5473665,-46.7605345,,,,1,2023-06-17T12:40:19+00:00
SAO_8705-10,São Paulo,3550308,True,,2072,,,-23.547646999999998,-46.760248000000004,,,,1,2023-06-17T12:40:22+00:00
SAO_8705-10,São Paulo,3550308,True,,2072,,,-23.5630635,-46.7464525,,,,1,2023-06-17T12:40:30+00:00
SAO_8705-10,São Paulo,3550308,True,,2072,,,-23.5560535,-46.6633055,,,,1,2023-06-17T12:40:41+00:00
SAO_8705-10,São Paulo,3550308,True,,2072,,,-23.570591375,-46.7108125,,,,1,2023-06-17T12:40:09+00:00
SAO_5164-21,São Paulo,3550308,True,,1616,,,-23.646229499999997,-46.646701500000006,,,,1,2023-06-17T12:40:33+00:00
SAO_5164-21,São Paulo,3550308,True,,1616,,,-23.6464495,-46.646234750000005,,,,1,2023-06-17T12:40:37+00:00
SAO_5164-21,São Paulo,3550308,True,,1616,,,-23.618917500000002,-46.639234,,,,1,2023-06-17T12:40:46+00:00
SAO_5164-21,São Paulo,3550308,True,,1616,,,-23.6461105,-46.6469465,,,,1,2023-06-17T12:40:25+00:00
SAO_189L-10,São Paulo,3550308,True,,2450,,,-23.505803999999998,-46.706290499999994,,,,1,2023-06-17T12:40:26+00:00
SAO_189L-10,São Paulo,3550308,True,,2450,,,-23.486610499999998,-46.710868000000005,,,,1,2023-06-17T12:40:47+00:00
SAO_6358-10,São Paulo,3550308,True,,34062,,,-23.686289000000002,-46.6379425,,,,2,2023-06-17T12:40:24+00:00
SAO_6358-10,São Paulo,3550308,True,,34062,,,-23.630719,-46.68372025,,,,2,2023-06-17T12:37:31+00:00
SAO_6358-10,São Paulo,3550308,True,,34062,,,-23.686289000000002,-46.6379425,,,,2,2023-06-17T12:40:09+00:00
SAO_6358-10,São Paulo,3550308,True,,34062,,,-23.5714255,-46.665666,,,,2,2023-06-17T12:40:13+00:00
SAO_8017-10,São Paulo,3550308,True,,1261,,,-23.438237,-46.746818000000005,,,,1,2023-06-17T12:40:38+00:00
SAO_8017-10,São Paulo,3550308,True,,1261,,,-23.451553750000002,-46.7201,,,,1,2023-06-17T12:40:04+00:00
SAO_8017-10,São Paulo,3550308,True,,1261,,,-23.438237,-46.746818000000005,,,,1,2023-06-17T12:40:11+00:00
SAO_3021-10,São Paulo,3550308,True,STT,276,https://moovitapp.com/index/pt-br/transporte_p%C3%BAblico-line-276-Sao_Paulo-242-850661-183276-0,5.3,-23.584865999999998,-46.582376499999995,,,,1,2023-06-17T12:40:01+00:00
SAO_3763-10,São Paulo,3550308,True,,33822,,,-23.558262,-46.522529000000006,,,,2,2023-06-17T12:39:16+00:00
SAO_3763-10,São Paulo,3550308,True,,33822,,,-23.558019,-46.522945,,,,2,2023-06-17T12:40:40+00:00
SAO_3763-10,São Paulo,3550308,True,,33822,,,-23.5577455,-46.523288,,,,2,2023-06-17T12:40:18+00:00
SAO_3763-10,São Paulo,3550308,True,,33822,,,-23.5665835,-46.552518,,,,2,2023-06-17T12:40:09+00:00
SAO_3763-10,São Paulo,3550308,True,,33822,,,-23.563381,-46.532614499999994,,,,2,2023-06-17T12:40:28+00:00
SAO_7055-10,São Paulo,3550308,True,,34656,,,-23.660277999999998,-46.768888000000004,,,,2,2023-06-17T12:40:39+00:00
SAO_7055-10,São Paulo,3550308,True,,34656,,,-23.65040575,-46.7791615,,,,2,2023-06-17T12:40:37+00:00
SAO_7055-10,São Paulo,3550308,True,,34656,,,-23.6923765,-46.7911055,,,,2,2023-06-17T12:40:06+00:00
SAO_546A-31,São Paulo,3550308,True,,33900,,,-23.7068665,-46.654761,,,,2,2023-06-17T12:39:07+00:00
SAO_546A-31,São Paulo,3550308,True,,33900,,,-23.6667895,-46.69017375,,,,2,2023-06-17T12:40:29+00:00
SAO_3160-10,São Paulo,3550308,True,,32893,,,-23.553219625,-46.600659125,,,,2,2023-06-17T12:40:19+00:00
SAO_3160-10,São Paulo,3550308,True,,32893,,,-23.58173075,-46.58667925,,,,2,2023-06-17T12:40:16+00:00
SAO_119L-10,São Paulo,3550308,True,,2273,,,-23.52576,-46.714065500000004,,,,1,2023-06-17T12:40:38+00:00
SAO_119L-10,São Paulo,3550308,True,,2273,,,-23.4240385,-46.7884415,,,,1,2023-06-17T12:40:41+00:00
SAO_6092-10,São Paulo,3550308,True,,33945,,,-23.74375,-46.691297,,,,2,2023-06-17T12:40:20+00:00
SAO_6092-10,São Paulo,3550308,True,,33945,,,-23.778568999999997,-46.6843825,,,,2,2023-06-17T12:40:11+00:00
SAO_675N-10,São Paulo,3550308,True,EMTU,362,https://moovitapp.com/index/pt-br/transporte_p%C3%BAblico-line-362-Sao_Paulo-242-2038937-36419443-0,6.25,-23.654486499999997,-46.7150675,,,,1,2023-06-17T12:40:41+00:00
SAO_2031-10,São Paulo,3550308,True,,33135,,,-23.51827025,-46.469123749999994,,,,2,2023-06-17T12:40:27+00:00
SAO_2031-10,São Paulo,3550308,True,,33135,,,-23.50574925,-46.37263675,,,,2,2023-06-17T12:40:10+00:00
SAO_702C-10,São Paulo,3550308,True,STT,485,https://moovitapp.com/index/pt-br/transporte_p%C3%BAblico-line-485-Sao_Paulo-242-850661-183324-0,5.3,-23.5503925,-46.6317575,,,,1,2023-06-17T12:40:33+00:00
SAO_702C-10,São Paulo,3550308,True,STT,485,https://moovitapp.com/index/pt-br/transporte_p%C3%BAblico-line-485-Sao_Paulo-242-850661-183324-0,5.3,-23.579393,-46.720763000000005,,,,1,2023-06-17T12:40:27+00:00
SAO_1773-10,São Paulo,3550308,True,,33405,,,-23.481771875,-46.629750875,,,,2,2023-06-17T12:40:07+00:00
SAO_1773-10,São Paulo,3550308,True,,33405,,,-23.438844,-46.586895,,,,2,2023-06-17T12:40:27+00:00
SAO_2704-10,São Paulo,3550308,True,,33684,,,-23.523394500000002,-46.4182955,,,,2,2023-06-17T12:40:31+00:00
SAO_2704-10,São Paulo,3550308,True,,33684,,,-23.5259185,-46.409965,,,,2,2023-06-17T12:40:10+00:00
SAO_2704-10,São Paulo,3550308,True,,33684,,,-23.540858,-46.4667175,,,,2,2023-06-17T12:40:04+00:00
SAO_2704-10,São Paulo,3550308,True,,33684,,,-23.525421,-46.445522499999996,,,,2,2023-06-17T12:40:16+00:00
SAO_9301-10,São Paulo,3550308,True,,33226,,,-23.5407395,-46.638073,,,,2,2023-06-17T12:40:33+00:00
SAO_9301-10,São Paulo,3550308,True,,33226,,,-23.495945,-46.662106,,,,2,2023-06-17T12:40:21+00:00
SAO_9354-10,São Paulo,3550308,True,,33476,,,-23.477634000000002,-46.671601499999994,,,,2,2023-06-17T12:40:34+00:00
SAO_7062-10,São Paulo,3550308,True,,1898,,,-23.631218,-46.773197499999995,,,,1,2023-06-17T12:40:28+00:00
SAO_7062-10,São Paulo,3550308,True,,1898,,,-23.645670000000003,-46.7712555,,,,1,2023-06-17T12:40:30+00:00
SAO_7062-10,São Paulo,3550308,True,,1898,,,-23.645773,-46.771611500000006,,,,1,2023-06-17T12:40:28+00:00
SAO_6059-10,São Paulo,3550308,True,,33994,,,-23.651659000000002,-46.7020375,,,,2,2023-06-17T12:40:14+00:00
SAO_6059-10,São Paulo,3550308,True,,33994,,,-23.672041,-46.744248999999996,,,,2,2023-06-17T12:40:04+00:00
SAO_6059-10,São Paulo,3550308,True,,33994,,,-23.63941225,-46.72009775,,,,2,2023-06-17T12:40:31+00:00
SAO_5154-10,São Paulo,3550308,True,,33121,,,-23.5374671875,-46.6344675625,,,,2,2023-06-17T12:40:46+00:00
SAO_5154-10,São Paulo,3550308,True,,33121,,,-23.608034500000002,-46.668327375000004,,,,2,2023-06-17T12:40:20+00:00
SAO_4093-10,São Paulo,3550308,True,,35216,,,-23.5951311875,-46.40096849999999,,,,2,2023-06-17T12:38:33+00:00
SAO_4093-10,São Paulo,3550308,True,,35216,,,-23.5937005625,-46.397333187499996,,,,2,2023-06-17T12:40:03+00:00
SAO_4093-10,São Paulo,3550308,True,,35216,,,-23.5829095,-46.408221499999996,,,,2,2023-06-17T12:39:31+00:00
SAO_4093-10,São Paulo,3550308,True,,35216,,,-23.5835045,-46.409155999999996,,,,2,2023-06-17T12:40:41+00:00
SAO_2728-10,São Paulo,3550308,True,,943,,,-23.5182675,-46.5462475,,,,1,2023-06-17T12:40:29+00:00
SAO_2728-10,São Paulo,3550308,True,,943,,,-23.5264875,-46.550077,,,,1,2023-06-17T12:40:28+00:00
SAO_2728-10,São Paulo,3550308,True,,943,,,-23.5053635,-46.5214475,,,,1,2023-06-17T12:40:20+00:00
SAO_5128-10,São Paulo,3550308,True,,1128,,,-23.7117175,-46.651781,,,,1,2023-06-17T12:39:02+00:00
SAO_5128-10,São Paulo,3550308,True,,1128,,,-23.70533,-46.651778,,,,1,2023-06-17T12:33:22+00:00
SAO_5128-10,São Paulo,3550308,True,,1128,,,-23.680507499999997,-46.639044,,,,1,2023-06-17T12:40:16+00:00
SAO_5128-10,São Paulo,3550308,True,,1128,,,-23.7015515,-46.640887,,,,1,2023-06-17T12:40:02+00:00
SAO_5128-10,São Paulo,3550308,True,,1128,,,-23.647145000000002,-46.640127,,,,1,2023-06-17T12:40:39+00:00
SAO_1744-10,São Paulo,3550308,True,,544,,,-23.476822,-46.636162999999996,,,,1,2023-06-17T12:40:18+00:00
SAO_1744-10,São Paulo,3550308,True,,544,,,-23.504123625000002,-46.625460249999996,,,,1,2023-06-17T12:40:05+00:00
SAO_2363-10,São Paulo,3550308,True,,32903,,,-23.4987395,-46.50209475,,,,2,2023-06-17T12:40:16+00:00
SAO_2363-10,São Paulo,3550308,True,,32903,,,-23.53856225,-46.60376325,,,,2,2023-06-17T12:40:22+00:00
SAO_2363-10,São Paulo,3550308,True,,32903,,,-23.529491999999998,-46.553540999999996,,,,2,2023-06-17T12:39:19+00:00
SAO_6035-21,São Paulo,3550308,True,,1795,,,-23.720715499999997,-46.755851,,,,1,2023-06-17T12:40:26+00:00
SAO_6035-21,São Paulo,3550308,True,,1795,,,-23.716393500000002,-46.767261500000004,,,,1,2023-06-17T12:40:18+00:00
SAO_6035-21,São Paulo,3550308,True,,1795,,,-23.697664,-46.767482,,,,1,2023-06-17T12:40:32+00:00
SAO_6035-21,São Paulo,3550308,True,,1795,,,-23.7269075,-46.763729749999996,,,,1,2023-06-17T12:40:17+00:00
SAO_2720-31,São Paulo,3550308,True,,1842,,,-23.5055245,-46.4821465,,,,1,2023-06-17T12:40:29+00:00
SAO_971V-10,São Paulo,3550308,True,,33387,,,-23.4598465,-46.6751205,,,,2,2023-06-17T12:40:02+00:00
SAO_971V-10,São Paulo,3550308,True,,33387,,,-23.51205925,-46.61582812500001,,,,2,2023-06-17T12:40:19+00:00
SAO_971V-10,São Paulo,3550308,True,,33387,,,-23.4515795,-46.688514,,,,2,2023-06-17T12:40:20+00:00
SAO_971V-10,São Paulo,3550308,True,,33387,,,-23.504321875000002,-46.624678125,,,,2,2023-06-17T12:40:33+00:00
SAO_971V-10,São Paulo,3550308,True,,33387,,,-23.495538,-46.660937000000004,,,,2,2023-06-17T12:40:16+00:00
SAO_7051-10,São Paulo,3550308,True,,34653,,,-23.654795999999997,-46.7843735,,,,2,2023-06-17T12:40:27+00:00
SAO_6726-10,São Paulo,3550308,True,,33961,,,-23.7345775,-46.694962000000004,,,,2,2023-06-17T12:40:43+00:00
SAO_6726-10,São Paulo,3550308,True,,33961,,,-23.746654499999998,-46.6880575,,,,2,2023-06-17T12:40:36+00:00
SAO_6726-10,São Paulo,3550308,True,,33961,,,-23.741153,-46.668777,,,,2,2023-06-17T12:40:39+00:00
SAO_3785-10,São Paulo,3550308,True,,1063,,,-23.5632265,-46.44612325,,,,1,2023-06-17T12:40:11+00:00
SAO_3785-10,São Paulo,3550308,True,,1063,,,-23.546198500000003,-46.461079999999995,,,,1,2023-06-17T12:40:21+00:00
SAO_3785-10,São Paulo,3550308,True,,1063,,,-23.5819685,-46.39693425,,,,1,2023-06-17T12:40:25+00:00
SAO_3785-10,São Paulo,3550308,True,,1063,,,-23.562426875,-46.446031,,,,1,2023-06-17T12:40:35+00:00
SAO_3785-10,São Paulo,3550308,True,,1063,,,-23.594973,-46.440048000000004,,,,1,2023-06-17T12:40:06+00:00
SAO_675X-10,São Paulo,3550308,True,EMTU,111,https://moovitapp.com/index/pt-br/transporte_p%C3%BAblico-line-111-Sao_Paulo-242-2038937-36419271-0,5.1,-23.667343,-46.711971000000005,,,,1,2023-06-17T12:40:22+00:00
SAO_675X-10,São Paulo,3550308,True,EMTU,111,https://moovitapp.com/index/pt-br/transporte_p%C3%BAblico-line-111-Sao_Paulo-242-2038937-36419271-0,5.1,-23.722867,-46.698121,,,,1,2023-06-17T12:40:10+00:00
SAO_675X-10,São Paulo,3550308,True,EMTU,111,https://moovitapp.com/index/pt-br/transporte_p%C3%BAblico-line-111-Sao_Paulo-242-2038937-36419271-0,5.1,-23.657406,-46.701090625000006,,,,1,2023-06-17T12:40:39+00:00
SAO_675X-10,São Paulo,3550308,True,EMTU,111,https://moovitapp.com/index/pt-br/transporte_p%C3%BAblico-line-111-Sao_Paulo-242-2038937-36419271-0,5.1,-23.5969325,-46.655863,,,,1,2023-06-17T12:40:04+00:00
SAO_6016-10,São Paulo,3550308,True,,84,,,-23.737187499999997,-46.6971815,,,,1,2023-06-17T12:40:18+00:00
SAO_6016-10,São Paulo,3550308,True,,84,,,-23.768713499999997,-46.678572,,,,1,2023-06-17T12:40:15+00:00
SAO_6016-10,São Paulo,3550308,True,,84,,,-23.7559845,-46.687197499999996,,,,1,2023-06-17T12:40:42+00:00
SAO_6016-10,São Paulo,3550308,True,,84,,,-23.7716985,-46.6731285,,,,1,2023-06-17T12:40:21+00:00
SAO_509M-10,São Paulo,3550308,True,,34045,,,-23.616437375,-46.674375375,,,,2,2023-06-17T12:40:41+00:00
SAO_509M-10,São Paulo,3550308,True,,34045,,,-23.572032375000003,-46.641120625,,,,2,2023-06-17T12:40:40+00:00
SAO_8078-10,São Paulo,3550308,True,,2080,,,-23.61527975,-46.756383,,,,1,2023-06-17T12:40:28+00:00
SAO_3010-10,São Paulo,3550308,True,,2543,,,-23.518273,-46.475646499999996,,,,1,2023-06-17T12:40:32+00:00
SAO_8060-10,São Paulo,3550308,True,EMTU,418,https://moovitapp.com/index/pt-br/transporte_p%C3%BAblico-line-418-Sao_Paulo-242-2038937-36419475-0,6.55,-23.509734,-46.754157,,,,1,2023-06-17T12:40:33+00:00
SAO_8060-10,São Paulo,3550308,True,EMTU,418,https://moovitapp.com/index/pt-br/transporte_p%C3%BAblico-line-418-Sao_Paulo-242-2038937-36419475-0,6.55,-23.524539,-46.706987,,,,1,2023-06-17T12:40:03+00:00
SAO_4718-10,São Paulo,3550308,True,EMTU,336,https://moovitapp.com/index/pt-br/transporte_p%C3%BAblico-line-336-Sao_Paulo-242-2038937-36419421-0,4.8,-23.632976,-46.616673250000005,,,,1,2023-06-17T12:40:09+00:00
SAO_2029-10,São Paulo,3550308,True,,35038,,,-23.430906,-46.574909,,,,2,2023-06-17T12:40:25+00:00
SAO_2029-10,São Paulo,3550308,True,,35038,,,-23.4644525,-46.596099,,,,2,2023-06-17T12:40:20+00:00
SAO_5131-10,São Paulo,3550308,True,,1282,,,-23.649903375,-46.669903000000005,,,,1,2023-06-17T12:40:19+00:00
SAO_5131-10,São Paulo,3550308,True,,1282,,,-23.580375,-46.6637115,,,,1,2023-06-17T12:40:35+00:00
SAO_3019-10,São Paulo,3550308,True,,33725,,,-23.582577,-46.408426,,,,2,2023-06-17T12:40:23+00:00
SAO_3019-10,São Paulo,3550308,True,,33725,,,-23.582991999999997,-46.4079,,,,2,2023-06-17T12:40:39+00:00
SAO_3023-10,São Paulo,3550308,True,Urubupungá,960,https://moovitapp.com/index/pt-br/transporte_p%C3%BAblico-line-960-Sao_Paulo-242-873835-31663702-0,4.6,-23.623543750000003,-46.471792,,,,1,2023-06-17T12:40:15+00:00
SAO_3023-10,São Paulo,3550308,True,Urubupungá,960,https://moovitapp.com/index/pt-br/transporte_p%C3%BAblico-line-960-Sao_Paulo-242-873835-31663702-0,4.6,-23.566796,-46.507122499999994,,,,1,2023-06-17T12:40:45+00:00
SAO_3023-10,São Paulo,3550308,True,Urubupungá,960,https://moovitapp.com/index/pt-br/transporte_p%C3%BAblico-line-960-Sao_Paulo-242-873835-31663702-0,4.6,-23.594932500000002,-46.487908999999995,,,,1,2023-06-17T12:40:09+00:00
SAO_7006-10,São Paulo,3550308,True,,34763,,,-23.750601,-46.777545,,,,2,2023-06-17T12:40:04+00:00
SAO_7006-10,São Paulo,3550308,True,,34763,,,-23.750601,-46.777545,,,,2,2023-06-17T12:40:44+00:00
SAO_7006-10,São Paulo,3550308,True,,34763,,,-23.731465,-46.78581,,,,2,2023-06-17T12:40:13+00:00
SAO_6822-10,São Paulo,3550308,True,Del Rey,22,https://moovitapp.com/index/pt-br/transporte_p%C3%BAblico-line-22-Sao_Paulo-242-868760-496394-0,4.5,-23.6424575,-46.779784500000005,,,,1,2023-06-17T12:40:23+00:00
SAO_6822-10,São Paulo,3550308,True,Del Rey,22,https://moovitapp.com/index/pt-br/transporte_p%C3%BAblico-line-22-Sao_Paulo-242-868760-496394-0,4.5,-23.653551,-46.777357,,,,1,2023-06-17T12:40:18+00:00
SAO_6822-10,São Paulo,3550308,True,Del Rey,22,https://moovitapp.com/index/pt-br/transporte_p%C3%BAblico-line-22-Sao_Paulo-242-868760-496394-0,4.5,-23.6540735,-46.7628415,,,,1,2023-06-17T12:40:32+00:00
SAO_971A-10,São Paulo,3550308,True,,33426,,,-23.5040325,-46.67317,,,,2,2023-06-17T12:40:36+00:00
SAO_971A-10,São Paulo,3550308,True,,33426,,,-23.522878,-46.623355000000004,,,,2,2023-06-17T12:40:38+00:00
SAO_5141-10,São Paulo,3550308,True,,1625,,,-23.54115375,-46.63517375,,,,1,2023-06-17T12:40:06+00:00
SAO_5141-10,São Paulo,3550308,True,,1625,,,-23.5509735,-46.6082665,,,,1,2023-06-17T12:40:33+00:00
SAO_5141-10,São Paulo,3550308,True,,1625,,,-23.577434,-46.548098249999995,,,,1,2023-06-17T12:40:02+00:00
SAO_775F-31,São Paulo,3550308,True,,2488,,,-23.6038425,-46.712644499999996,,,,1,2023-06-17T12:40:23+00:00
SAO_775F-31,São Paulo,3550308,True,,2488,,,-23.623528999999998,-46.7486765,,,,1,2023-06-17T12:40:28+00:00
SAO_775F-31,São Paulo,3550308,True,,2488,,,-23.622065,-46.733575,,,,1,2023-06-17T12:40:13+00:00
SAO_3033-10,São Paulo,3550308,True,,33736,,,-23.5940905,-46.4224555,,,,2,2023-06-17T12:40:03+00:00
SAO_3033-10,São Paulo,3550308,True,,33736,,,-23.594739,-46.4462135,,,,2,2023-06-17T12:40:27+00:00
SAO_3033-10,São Paulo,3550308,True,,33736,,,-23.5600345,-46.4156875,,,,2,2023-06-17T12:40:04+00:00
SAO_3033-10,São Paulo,3550308,True,,33736,,,-23.547549500000002,-46.411983,,,,2,2023-06-17T12:40:25+00:00
SAO_2202-10,São Paulo,3550308,True,,33678,,,-23.5335485,-46.399427,,,,2,2023-06-17T12:40:21+00:00
SAO_2202-10,São Paulo,3550308,True,,33678,,,-23.498356125,-46.405789625,,,,2,2023-06-17T12:40:45+00:00
SAO_2202-10,São Paulo,3550308,True,,33678,,,-23.541742499999998,-46.415893499999996,,,,2,2023-06-17T12:40:38+00:00
SAO_2202-10,São Paulo,3550308,True,,33678,,,-23.496212375000002,-46.40396275,,,,2,2023-06-17T12:40:11+00:00
SAO_2202-10,São Paulo,3550308,True,,33678,,,-23.541742499999998,-46.415893499999996,,,,2,2023-06-17T12:40:42+00:00
SAO_2202-10,São Paulo,3550308,True,,33678,,,-23.49332075,-46.389150875,,,,2,2023-06-17T12:39:14+00:00
SAO_2202-10,São Paulo,3550308,True,,33678,,,-23.48792525,-46.382452,,,,2,2023-06-17T12:40:41+00:00
SAO_2202-10,São Paulo,3550308,True,,33678,,,-23.48792525,-46.382452,,,,2,2023-06-17T12:40:30+00:00
SAO_2202-10,São Paulo,3550308,True,,33678,,,-23.519743,-46.399969,,,,2,2023-06-17T12:40:23+00:00
SAO_8015-10,São Paulo,3550308,True,,34113,,,-23.4135325,-46.731986500000005,,,,2,2023-06-17T12:40:41+00:00
SAO_8015-10,São Paulo,3550308,True,,34113,,,-23.477535500000002,-46.714372,,,,2,2023-06-17T12:40:31+00:00
SAO_1772-10,São Paulo,3550308,True,,635,,,-23.451010500000002,-46.588708999999994,,,,1,2023-06-17T12:40:24+00:00
SAO_7053-10,São Paulo,3550308,True,,1887,,,-23.640528,-46.7818175,,,,1,2023-06-17T12:40:28+00:00
SAO_7053-10,São Paulo,3550308,True,,1887,,,-23.654132500000003,-46.788232,,,,1,2023-06-17T12:40:19+00:00
SAO_7053-10,São Paulo,3550308,True,,1887,,,-23.654132500000003,-46.788232,,,,1,2023-06-17T12:40:37+00:00
SAO_7053-10,São Paulo,3550308,True,,1887,,,-23.634623,-46.775131,,,,1,2023-06-17T12:40:31+00:00
SAO_7053-10,São Paulo,3550308,True,,1887,,,-23.640779000000002,-46.7825665,,,,1,2023-06-17T12:40:28+00:00
SAO_7053-10,São Paulo,3550308,True,,1887,,,-23.64189,-46.7853535,,,,1,2023-06-17T12:40:40+00:00
SAO_314V-10,São Paulo,3550308,True,,33079,,,-23.5904915,-46.5384575,,,,2,2023-06-17T12:40:34+00:00
SAO_314V-10,São Paulo,3550308,True,,33079,,,-23.561859499999997,-46.623039500000004,,,,2,2023-06-17T12:40:36+00:00
SAO_2032-10,São Paulo,3550308,True,,2266,,,-23.485602,-46.5922305,,,,1,2023-06-17T12:40:05+00:00
SAO_2707-10,São Paulo,3550308,True,,919,,,-23.529237000000002,-46.408743,,,,1,2023-06-17T12:40:36+00:00
SAO_2707-10,São Paulo,3550308,True,,919,,,-23.5422305,-46.469853,,,,1,2023-06-17T12:40:21+00:00
SAO_2707-10,São Paulo,3550308,True,,919,,,-23.5326695,-46.4070045,,,,1,2023-06-17T12:37:39+00:00
SAO_2707-10,São Paulo,3550308,True,,919,,,-23.542885,-46.414036499999995,,,,1,2023-06-17T12:39:20+00:00
SAO_6001-10,São Paulo,3550308,True,,52,,,-23.654038,-46.708869500000006,,,,1,2023-06-17T12:40:00+00:00
SAO_6001-10,São Paulo,3550308,True,,52,,,-23.654369000000003,-46.762426500000004,,,,1,2023-06-17T12:40:06+00:00
SAO_425E-10,São Paulo,3550308,True,,1636,,,-23.614058,-46.5006185,,,,1,2023-06-17T12:40:17+00:00
SAO_6L01-10,São Paulo,3550308,True,,1171,,,-23.807624500000003,-46.736733,,,,1,2023-06-17T12:40:36+00:00
SAO_6L01-10,São Paulo,3550308,True,,1171,,,-23.7676985,-46.716468500000005,,,,1,2023-06-17T12:40:08+00:00
SAO_6L01-10,São Paulo,3550308,True,,1171,,,-23.864993,-46.746534,,,,1,2023-06-17T12:36:20+00:00
SAO_3051-10,São Paulo,3550308,True,,2446,,,-23.5190195,-46.473507,,,,1,2023-06-17T12:40:21+00:00
SAO_3051-10,São Paulo,3550308,True,,2446,,,-23.486919999999998,-46.482906,,,,1,2023-06-17T12:40:12+00:00
SAO_6010-10,São Paulo,3550308,True,,1202,,,-23.6938785,-46.7945825,,,,1,2023-06-17T12:40:27+00:00
SAO_6010-10,São Paulo,3550308,True,,1202,,,-23.663866,-46.741744999999995,,,,1,2023-06-17T12:40:16+00:00
SAO_6010-10,São Paulo,3550308,True,,1202,,,-23.662273499999998,-46.780083000000005,,,,1,2023-06-17T12:40:27+00:00
SAO_6010-10,São Paulo,3550308,True,,1202,,,-23.66861,-46.765260999999995,,,,1,2023-06-17T12:40:43+00:00
SAO_709P-10,São Paulo,3550308,True,,34761,,,-23.6555325,-46.7221545,,,,2,2023-06-17T12:40:44+00:00
SAO_709P-10,São Paulo,3550308,True,,34761,,,-23.603097499999997,-46.692173749999995,,,,2,2023-06-17T12:40:43+00:00
SAO_233C-10,São Paulo,3550308,True,,155,,,-23.55175625,-46.5128055,,,,1,2023-06-17T12:40:41+00:00
SAO_233C-10,São Paulo,3550308,True,,155,,,-23.556708,-46.559739500000006,,,,1,2023-06-17T12:39:51+00:00
SAO_233C-10,São Paulo,3550308,True,,155,,,-23.533782,-46.488301750000005,,,,1,2023-06-17T12:40:18+00:00
SAO_6L10-10,São Paulo,3550308,True,,1159,,,-23.767440999999998,-46.716431,,,,1,2023-06-17T12:40:11+00:00
SAO_6L10-10,São Paulo,3550308,True,,1159,,,-23.767440999999998,-46.716431,,,,1,2023-06-17T12:40:19+00:00
SAO_6L10-10,São Paulo,3550308,True,,1159,,,-23.803442500000003,-46.73464250000001,,,,1,2023-06-17T12:40:15+00:00
SAO_2765-10,São Paulo,3550308,True,,32913,,,-23.5342095,-46.567218249999996,,,,2,2023-06-17T12:38:11+00:00
SAO_2765-10,São Paulo,3550308,True,,32913,,,-23.49302575,-46.493033749999995,,,,2,2023-06-17T12:35:23+00:00
SAO_2765-10,São Paulo,3550308,True,,32913,,,-23.49302575,-46.493033749999995,,,,2,2023-06-17T12:40:37+00:00
SAO_2765-10,São Paulo,3550308,True,,32913,,,-23.498903,-46.495093,,,,2,2023-06-17T12:40:26+00:00
SAO_2765-10,São Paulo,3550308,True,,32913,,,-23.514047750000003,-46.545876625000005,,,,2,2023-06-17T12:40:42+00:00
SAO_2765-10,São Paulo,3550308,True,,32913,,,-23.531755500000003,-46.55994225,,,,2,2023-06-17T12:38:46+00:00
SAO_6816-10,São Paulo,3550308,True,BR7 Mobilidade,26,https://moovitapp.com/index/pt-br/transporte_p%C3%BAblico-line-26-Sao_Paulo-242-851856-577923-0,5.75,-23.653551,-46.777357,,,,1,2023-06-17T12:40:09+00:00
SAO_6816-10,São Paulo,3550308,True,BR7 Mobilidade,26,https://moovitapp.com/index/pt-br/transporte_p%C3%BAblico-line-26-Sao_Paulo-242-851856-577923-0,5.75,-23.654044,-46.7630505,,,,1,2023-06-17T12:40:14+00:00
SAO_6816-10,São Paulo,3550308,True,BR7 Mobilidade,26,https://moovitapp.com/index/pt-br/transporte_p%C3%BAblico-line-26-Sao_Paulo-242-851856-577923-0,5.75,-23.652200999999998,-46.778690499999996,,,,1,2023-06-17T12:40:06+00:00
SAO_5757-10,São Paulo,3550308,True,,1288,,,-23.67205125,-46.645169499999994,,,,1,2023-06-17T12:40:16+00:00
SAO_5757-10,São Paulo,3550308,True,,1288,,,-23.6876055,-46.640014,,,,1,2023-06-17T12:40:26+00:00
SAO_5757-10,São Paulo,3550308,True,,1288,,,-23.6907885,-46.638878000000005,,,,1,2023-06-17T12:40:30+00:00
SAO_5757-10,São Paulo,3550308,True,,1288,,,-23.6488115,-46.641737500000005,,,,1,2023-06-17T12:40:34+00:00
SAO_172U-10,São Paulo,3550308,True,,860,,,-23.574804999999998,-46.5792125,,,,1,2023-06-17T12:40:46+00:00
SAO_172U-10,São Paulo,3550308,True,,860,,,-23.437303,-46.56643425,,,,1,2023-06-17T12:40:47+00:00
SAO_172U-10,São Paulo,3550308,True,,860,,,-23.53580675,-46.624911749999995,,,,1,2023-06-17T12:40:46+00:00
SAO_172U-10,São Paulo,3550308,True,,860,,,-23.449406,-46.588825,,,,1,2023-06-17T12:40:06+00:00
SAO_172U-10,São Paulo,3550308,True,,860,,,-23.44281925,-46.5898795,,,,1,2023-06-17T12:40:15+00:00
SAO_172U-10,São Paulo,3550308,True,,860,,,-23.438595499999998,-46.581321,,,,1,2023-06-17T12:40:33+00:00
SAO_172U-10,São Paulo,3550308,True,,860,,,-23.4882275,-46.624149,,,,1,2023-06-17T12:40:22+00:00
SAO_172U-10,São Paulo,3550308,True,,860,,,-23.439219,-46.5792935,,,,1,2023-06-17T12:40:09+00:00
SAO_513C-10,São Paulo,3550308,True,,2535,,,-23.597994999999997,-46.55969925,,,,1,2023-06-17T12:40:24+00:00
SAO_513C-10,São Paulo,3550308,True,,2535,,,-23.606329000000002,-46.507915,,,,1,2023-06-17T12:40:36+00:00
SAO_8686-10,São Paulo,3550308,True,EMTU,446,https://moovitapp.com/index/pt-br/transporte_p%C3%BAblico-line-446-Sao_Paulo-242-2038937-36419492-0,4.8,-23.530067375,-46.66720975,,,,1,2023-06-17T12:40:16+00:00
SAO_8686-10,São Paulo,3550308,True,EMTU,446,https://moovitapp.com/index/pt-br/transporte_p%C3%BAblico-line-446-Sao_Paulo-242-2038937-36419492-0,4.8,-23.50746325,-46.7476695,,,,1,2023-06-17T12:40:38+00:00
SAO_5103-10,São Paulo,3550308,True,,1646,,,-23.599728,-46.628146,,,,1,2023-06-17T12:40:26+00:00
SAO_5103-10,São Paulo,3550308,True,,1646,,,-23.6032445,-46.602611499999995,,,,1,2023-06-17T12:40:40+00:00
SAO_1772-10,São Paulo,3550308,True,,33403,,,-23.434998,-46.5813665,,,,2,2023-06-17T12:40:05+00:00
SAO_1772-10,São Paulo,3550308,True,,33403,,,-23.449424999999998,-46.5836655,,,,2,2023-06-17T12:40:28+00:00
SAO_1772-10,São Paulo,3550308,True,,33403,,,-23.4802525,-46.602515,,,,2,2023-06-17T12:40:19+00:00
SAO_7050-10,São Paulo,3550308,True,,34652,,,-23.661082999999998,-46.79261375,,,,2,2023-06-17T12:40:32+00:00
SAO_7050-10,São Paulo,3550308,True,,34652,,,-23.6326575,-46.772532,,,,2,2023-06-17T12:40:45+00:00
SAO_7050-10,São Paulo,3550308,True,,34652,,,-23.658609,-46.78921425,,,,2,2023-06-17T12:40:36+00:00
SAO_917M-10,São Paulo,3550308,True,,34134,,,-23.511441,-46.673069375,,,,2,2023-06-17T12:40:38+00:00
SAO_756A-10,São Paulo,3550308,True,,33561,,,-23.613687,-46.713986000000006,,,,2,2023-06-17T12:40:28+00:00
SAO_756A-10,São Paulo,3550308,True,,33561,,,-23.5906895,-46.773232,,,,2,2023-06-17T12:40:04+00:00
SAO_756A-10,São Paulo,3550308,True,,33561,,,-23.5990725,-46.785191,,,,2,2023-06-17T12:40:05+00:00
SAO_756A-10,São Paulo,3550308,True,,33561,,,-23.5953355,-46.7454715,,,,2,2023-06-17T12:40:16+00:00
SAO_342C-10,São Paulo,3550308,True,,1002,,,-23.52010525,-46.54236975,,,,1,2023-06-17T12:40:25+00:00
SAO_342C-10,São Paulo,3550308,True,,1002,,,-23.5410175,-46.500412999999995,,,,1,2023-06-17T12:40:21+00:00
SAO_3112-10,São Paulo,3550308,True,,1080,,,-23.5810335,-46.556331,,,,1,2023-06-17T12:40:29+00:00
SAO_3112-10,São Paulo,3550308,True,,1080,,,-23.54272175,-46.594001750000004,,,,1,2023-06-17T12:40:45+00:00
SAO_3112-10,São Paulo,3550308,True,,1080,,,-23.605590749999998,-46.52586925,,,,1,2023-06-17T12:40:09+00:00
SAO_3112-10,São Paulo,3550308,True,,1080,,,-23.546732499999997,-46.592943000000005,,,,1,2023-06-17T12:40:06+00:00
SAO_3112-10,São Paulo,3550308,True,,1080,,,-23.5425485,-46.590969,,,,1,2023-06-17T12:40:09+00:00
SAO_3112-10,São Paulo,3550308,True,,1080,,,-23.584697249999998,-46.58238125,,,,1,2023-06-17T12:40:40+00:00
SAO_312N-10,São Paulo,3550308,True,,33758,,,-23.494906999999998,-46.411751499999994,,,,2,2023-06-17T12:40:36+00:00
SAO_312N-10,São Paulo,3550308,True,,33758,,,-23.4909785,-46.4423485,,,,2,2023-06-17T12:40:41+00:00
SAO_312N-10,São Paulo,3550308,True,,33758,,,-23.520733999999997,-46.4055665,,,,2,2023-06-17T12:40:05+00:00
SAO_312N-10,São Paulo,3550308,True,,33758,,,-23.574457000000002,-46.412316000000004,,,,2,2023-06-17T12:40:02+00:00
SAO_3026-10,São Paulo,3550308,True,,962,,,-23.5827675,-46.386084,,,,1,2023-06-17T12:40:29+00:00
SAO_3026-10,São Paulo,3550308,True,,962,,,-23.5827675,-46.386084,,,,1,2023-06-17T12:40:14+00:00
SAO_3026-10,São Paulo,3550308,True,,962,,,-23.542544,-46.4158275,,,,1,2023-06-17T12:40:25+00:00
SAO_3026-10,São Paulo,3550308,True,,962,,,-23.585534000000003,-46.381245,,,,1,2023-06-17T12:40:35+00:00
SAO_3026-10,São Paulo,3550308,True,,962,,,-23.542768,-46.41466525,,,,1,2023-06-17T12:40:32+00:00
SAO_3026-10,São Paulo,3550308,True,,962,,,-23.577131,-46.393213,,,,1,2023-06-17T12:36:19+00:00
SAO_2522-10,São Paulo,3550308,True,Cidade de Caieiras,140,https://moovitapp.com/index/pt-br/transporte_p%C3%BAblico-line-140-Sao_Paulo-242-868761-496401-0,5.0,-23.542727,-46.470595,,,,1,2023-06-17T12:40:31+00:00
SAO_2522-10,São Paulo,3550308,True,Cidade de Caieiras,140,https://moovitapp.com/index/pt-br/transporte_p%C3%BAblico-line-140-Sao_Paulo-242-868761-496401-0,5.0,-23.5241215,-46.431332999999995,,,,1,2023-06-17T12:40:03+00:00
SAO_546L-10,São Paulo,3550308,True,,1285,,,-23.654266,-46.711191,,,,1,2023-06-17T12:40:27+00:00
SAO_546L-10,São Paulo,3550308,True,,1285,,,-23.6673895,-46.674060499999996,,,,1,2023-06-17T12:40:21+00:00
SAO_546L-10,São Paulo,3550308,True,,1285,,,-23.6803365,-46.692400750000004,,,,1,2023-06-17T12:40:32+00:00
SAO_546L-10,São Paulo,3550308,True,,1285,,,-23.6868825,-46.6383355,,,,1,2023-06-17T12:40:12+00:00
SAO_8544-10,São Paulo,3550308,True,,33198,,,-23.457099,-46.7194605,,,,2,2023-06-17T12:40:32+00:00
SAO_209P-1,São Paulo,3550308,True,,35069,,,-23.522572250000003,-46.66452174999999,,,,2,2023-06-17T12:40:14+00:00
SAO_2767-10,São Paulo,3550308,True,,33009,,,-23.495548,-46.468519,,,,2,2023-06-17T12:40:45+00:00
SAO_8594-10,São Paulo,3550308,True,,33200,,,-23.4593245,-46.719275499999995,,,,2,2023-06-17T12:40:22+00:00
SAO_8594-10,São Paulo,3550308,True,,33200,,,-23.523056500000003,-46.68789162499999,,,,2,2023-06-17T12:40:20+00:00
SAO_8594-10,São Paulo,3550308,True,,33200,,,-23.451815,-46.7463895,,,,2,2023-06-17T12:40:29+00:00
SAO_6052-10,São Paulo,3550308,True,,1144,,,-23.773222500000003,-46.6894225,,,,1,2023-06-17T12:40:28+00:00
SAO_775V-10,São Paulo,3550308,True,,33243,,,-23.575860749999997,-46.76582475,,,,2,2023-06-17T12:40:31+00:00
SAO_775V-10,São Paulo,3550308,True,,33243,,,-23.565369,-46.69773,,,,2,2023-06-17T12:40:38+00:00
SAO_407J-10,São Paulo,3550308,True,,34966,,,-23.5538775,-46.403907,,,,2,2023-06-17T12:40:34+00:00
SAO_407J-10,São Paulo,3550308,True,,34966,,,-23.541229,-46.5766665,,,,2,2023-06-17T12:40:26+00:00
SAO_407J-10,São Paulo,3550308,True,,34966,,,-23.55371425,-46.40418275,,,,2,2023-06-17T12:40:26+00:00
SAO_407J-10,São Paulo,3550308,True,,34966,,,-23.530773500000002,-46.445034,,,,2,2023-06-17T12:40:33+00:00
SAO_407J-10,São Paulo,3550308,True,,34966,,,-23.54668575,-46.54176475,,,,2,2023-06-17T12:40:21+00:00
SAO_695Y-10,São Paulo,3550308,True,,1198,,,-23.80157825,-46.73396275,,,,1,2023-06-17T12:40:11+00:00
SAO_695Y-10,São Paulo,3550308,True,,1198,,,-23.59625975,-46.652537,,,,1,2023-06-17T12:40:39+00:00
SAO_695Y-10,São Paulo,3550308,True,,1198,,,-23.6914455,-46.698094499999996,,,,1,2023-06-17T12:37:00+00:00
SAO_695Y-10,São Paulo,3550308,True,,1198,,,-23.623647499999997,-46.681008375000005,,,,1,2023-06-17T12:40:38+00:00
SAO_695Y-10,São Paulo,3550308,True,,1198,,,-23.719488,-46.698268999999996,,,,1,2023-06-17T12:40:38+00:00
SAO_695Y-10,São Paulo,3550308,True,,1198,,,-23.8283035,-46.727239999999995,,,,1,2023-06-17T12:40:03+00:00
SAO_695Y-10,São Paulo,3550308,True,,1198,,,-23.78797,-46.726421625,,,,1,2023-06-17T12:34:50+00:00
SAO_695Y-10,São Paulo,3550308,True,,1198,,,-23.675283874999998,-46.69008074999999,,,,1,2023-06-17T12:40:23+00:00
SAO_5318-10,São Paulo,3550308,True,,45,,,-23.572684,-46.640971,,,,1,2023-06-17T12:40:35+00:00
SAO_5318-10,São Paulo,3550308,True,,45,,,-23.64495225,-46.7171115,,,,1,2023-06-17T12:40:38+00:00
SAO_5318-10,São Paulo,3550308,True,,45,,,-23.670436,-46.740786,,,,1,2023-06-17T12:40:28+00:00
SAO_5318-10,São Paulo,3550308,True,,45,,,-23.636070249999996,-46.69287975,,,,1,2023-06-17T12:40:08+00:00
SAO_8700-10,São Paulo,3550308,True,,34645,,,-23.631026499999997,-46.773642,,,,2,2023-06-17T12:40:13+00:00
SAO_8700-10,São Paulo,3550308,True,,34645,,,-23.607095,-46.751127,,,,2,2023-06-17T12:40:46+00:00
SAO_8700-10,São Paulo,3550308,True,,34645,,,-23.631026499999997,-46.773642,,,,2,2023-06-17T12:40:07+00:00
SAO_8700-10,São Paulo,3550308,True,,34645,,,-23.595108000000003,-46.7386755,,,,2,2023-06-17T12:40:10+00:00
SAO_8700-10,São Paulo,3550308,True,,34645,,,-23.58284575,-46.71415175,,,,2,2023-06-17T12:40:00+00:00
SAO_8700-10,São Paulo,3550308,True,,34645,,,-23.5448285,-46.6433995,,,,2,2023-06-17T12:40:30+00:00
SAO_8700-10,São Paulo,3550308,True,,34645,,,-23.5809595,-46.7115805,,,,2,2023-06-17T12:40:11+00:00
SAO_8700-10,São Paulo,3550308,True,,34645,,,-23.56761925,-46.684419000000005,,,,2,2023-06-17T12:40:30+00:00
SAO_178L-10,São Paulo,3550308,True,,33328,,,-23.4746205,-46.643643999999995,,,,2,2023-06-17T12:40:07+00:00
SAO_178L-10,São Paulo,3550308,True,,33328,,,-23.508248000000002,-46.651438,,,,2,2023-06-17T12:40:46+00:00
SAO_178L-10,São Paulo,3550308,True,,33328,,,-23.552126125,-46.657847875,,,,2,2023-06-17T12:40:23+00:00
SAO_178L-10,São Paulo,3550308,True,,33328,,,-23.474617000000002,-46.6435345,,,,2,2023-06-17T12:40:37+00:00
SAO_178L-10,São Paulo,3550308,True,,33328,,,-23.550093500000003,-46.682230000000004,,,,2,2023-06-17T12:40:09+00:00
SAO_1786-10,São Paulo,3550308,True,,649,,,-23.474792,-46.619071500000004,,,,1,2023-06-17T12:40:36+00:00
SAO_1786-10,São Paulo,3550308,True,,649,,,-23.449845500000002,-46.610839999999996,,,,1,2023-06-17T12:40:43+00:00
SAO_1786-10,São Paulo,3550308,True,,649,,,-23.45376775,-46.607023,,,,1,2023-06-17T12:40:03+00:00
SAO_846M-10,São Paulo,3550308,True,EMTU,422,https://moovitapp.com/index/pt-br/transporte_p%C3%BAblico-line-422-Sao_Paulo-242-2038937-36419479-0,7.15,-23.5357,-46.710699,,,,1,2023-06-17T12:40:22+00:00
SAO_3721-41,São Paulo,3550308,True,,1693,,,-23.56316,-46.500642,,,,1,2023-06-17T12:40:15+00:00
SAO_3721-41,São Paulo,3550308,True,,1693,,,-23.55552075,-46.49208899999999,,,,1,2023-06-17T12:40:43+00:00
SAO_3721-41,São Paulo,3550308,True,,1693,,,-23.542244,-46.483686,,,,1,2023-06-17T12:40:14+00:00
SAO_3721-41,São Paulo,3550308,True,,1693,,,-23.5636785,-46.5006755,,,,1,2023-06-17T12:40:37+00:00
SAO_3721-41,São Paulo,3550308,True,,1693,,,-23.5636785,-46.5006755,,,,1,2023-06-17T12:40:04+00:00
SAO_701H-10,São Paulo,3550308,True,,2558,,,-23.7055225,-46.7421525,,,,1,2023-06-17T12:40:14+00:00
SAO_4312-10,São Paulo,3550308,True,,2172,,,-23.537675999999998,-46.562360562500004,,,,1,2023-06-17T12:40:27+00:00
SAO_4312-10,São Paulo,3550308,True,,2172,,,-23.54645675,-46.629903999999996,,,,1,2023-06-17T12:40:29+00:00
SAO_7053-22,São Paulo,3550308,True,,34664,,,-23.642354750000003,-46.78591075,,,,2,2023-06-17T12:40:29+00:00
SAO_7053-22,São Paulo,3550308,True,,34664,,,-23.642522,-46.786126499999995,,,,2,2023-06-17T12:40:41+00:00
SAO_7053-22,São Paulo,3550308,True,,34664,,,-23.6451655,-46.789329499999994,,,,2,2023-06-17T12:40:34+00:00
SAO_7053-22,São Paulo,3550308,True,,34664,,,-23.642704000000002,-46.786391249999994,,,,2,2023-06-17T12:40:42+00:00
SAO_7245-21,São Paulo,3550308,True,,35306,,,-23.6134835,-46.695440500000004,,,,2,2023-06-17T12:40:25+00:00
SAO_7245-21,São Paulo,3550308,True,,35306,,,-23.6247085,-46.700643,,,,2,2023-06-17T12:40:22+00:00
SAO_273V-10,São Paulo,3550308,True,EMTU,231,https://moovitapp.com/index/pt-br/transporte_p%C3%BAblico-line-231-Sao_Paulo-242-2038937-36419348-0,6.2,-23.533114,-46.5432805,,,,1,2023-06-17T12:40:26+00:00
SAO_273V-10,São Paulo,3550308,True,EMTU,231,https://moovitapp.com/index/pt-br/transporte_p%C3%BAblico-line-231-Sao_Paulo-242-2038937-36419348-0,6.2,-23.532061,-46.486424,,,,1,2023-06-17T12:40:03+00:00
SAO_3141-10,São Paulo,3550308,True,,33502,,,-23.5916055,-46.530082,,,,2,2023-06-17T12:40:12+00:00
SAO_3141-10,São Paulo,3550308,True,,33502,,,-23.54641,-46.630284,,,,2,2023-06-17T12:40:39+00:00
SAO_3141-10,São Paulo,3550308,True,,33502,,,-23.546960499999997,-46.583724875,,,,2,2023-06-17T12:40:41+00:00
SAO_3141-10,São Paulo,3550308,True,,33502,,,-23.614938000000002,-46.5020905,,,,2,2023-06-17T12:40:04+00:00
SAO_637V-10,São Paulo,3550308,True,EMTU,104,https://moovitapp.com/index/pt-br/transporte_p%C3%BAblico-line-104-Sao_Paulo-242-2038937-36419267-0,5.1,-23.69680975,-46.701493,,,,1,2023-06-17T12:40:32+00:00
SAO_637V-10,São Paulo,3550308,True,EMTU,104,https://moovitapp.com/index/pt-br/transporte_p%C3%BAblico-line-104-Sao_Paulo-242-2038937-36419267-0,5.1,-23.7382055,-46.6893095,,,,1,2023-06-17T12:40:23+00:00
SAO_637V-10,São Paulo,3550308,True,EMTU,104,https://moovitapp.com/index/pt-br/transporte_p%C3%BAblico-line-104-Sao_Paulo-242-2038937-36419267-0,5.1,-23.653890625,-46.71154075,,,,1,2023-06-17T12:40:47+00:00
SAO_2011-10,São Paulo,3550308,True,,2136,,,-23.481823,-46.60253925,,,,1,2023-06-17T12:40:33+00:00
SAO_2011-10,São Paulo,3550308,True,,2136,,,-23.489418,-46.5703855,,,,1,2023-06-17T12:40:31+00:00
SAO_2011-10,São Paulo,3550308,True,,2136,,,-23.47661825,-46.569263750000005,,,,1,2023-06-17T12:40:34+00:00
SAO_2011-10,São Paulo,3550308,True,,2136,,,-23.486714125,-46.623102875,,,,1,2023-06-17T12:40:33+00:00
SAO_476G-10,São Paulo,3550308,True,,1111,,,-23.6038615,-46.5379185,,,,1,2023-06-17T12:37:59+00:00
SAO_476G-10,São Paulo,3550308,True,,1111,,,-23.5935565,-46.6223595,,,,1,2023-06-17T12:40:23+00:00
SAO_476G-10,São Paulo,3550308,True,,1111,,,-23.613618000000002,-46.5115275,,,,1,2023-06-17T12:40:28+00:00
SAO_1756-10,São Paulo,3550308,True,,547,,,-23.468821,-46.6528225,,,,1,2023-06-17T12:39:57+00:00
SAO_1756-10,São Paulo,3550308,True,,547,,,-23.493661000000003,-46.626228999999995,,,,1,2023-06-17T12:40:37+00:00
SAO_4727-10,São Paulo,3550308,True,Cidade de Caieiras,340,https://moovitapp.com/index/pt-br/transporte_p%C3%BAblico-line-340-Sao_Paulo-242-868761-101563062-0,5.0,-23.612364,-46.6187815,,,,1,2023-06-17T12:40:17+00:00
SAO_8500-10,São Paulo,3550308,True,,34035,,,-23.521587500000003,-46.66584,,,,2,2023-06-17T12:40:42+00:00
SAO_8500-10,São Paulo,3550308,True,,34035,,,-23.498233,-46.706727,,,,2,2023-06-17T12:40:19+00:00
SAO_8500-10,São Paulo,3550308,True,,34035,,,-23.486157,-46.72638,,,,2,2023-06-17T12:40:30+00:00
SAO_6092-10,São Paulo,3550308,True,,1177,,,-23.7529775,-46.6886025,,,,1,2023-06-17T12:40:30+00:00
SAO_4114-10,São Paulo,3550308,True,,33089,,,-23.611375000000002,-46.62250025,,,,2,2023-06-17T12:40:10+00:00
SAO_6403-10,São Paulo,3550308,True,,32826,,,-23.55936225,-46.654441,,,,2,2023-06-17T12:40:44+00:00
SAO_6403-10,São Paulo,3550308,True,,32826,,,-23.6435415,-46.7327735,,,,2,2023-06-17T12:40:18+00:00
SAO_6403-10,São Paulo,3550308,True,,32826,,,-23.61065825,-46.70034925,,,,2,2023-06-17T12:40:44+00:00
SAO_7009-10,São Paulo,3550308,True,,34719,,,-23.704196500000002,-46.787588,,,,2,2023-06-17T12:40:26+00:00
SAO_5107-10,São Paulo,3550308,True,,1659,,,-23.586696375000002,-46.602965749999996,,,,1,2023-06-17T12:40:41+00:00
SAO_5107-10,São Paulo,3550308,True,,1659,,,-23.546646,-46.6264115,,,,1,2023-06-17T12:40:41+00:00
SAO_5107-10,São Paulo,3550308,True,,1659,,,-23.6031415,-46.603161,,,,1,2023-06-17T12:40:17+00:00
SAO_1764-10,São Paulo,3550308,True,,625,,,-23.4794555,-46.6169065,,,,1,2023-06-17T12:40:38+00:00
SAO_1764-10,São Paulo,3550308,True,,625,,,-23.448738,-46.588122,,,,1,2023-06-17T12:40:19+00:00
SAO_719P-10,São Paulo,3550308,True,,34140,,,-23.565272,-46.696377999999996,,,,2,2023-06-17T12:40:21+00:00
SAO_3712-10,São Paulo,3550308,True,,1009,,,-23.5525595,-46.4257145,,,,1,2023-06-17T12:40:31+00:00
SAO_3712-10,São Paulo,3550308,True,,1009,,,-23.5510665,-46.439441,,,,1,2023-06-17T12:39:13+00:00
SAO_3712-10,São Paulo,3550308,True,,1009,,,-23.53802825,-46.45364025,,,,1,2023-06-17T12:40:01+00:00
SAO_3712-10,São Paulo,3550308,True,,1009,,,-23.5525595,-46.4257145,,,,1,2023-06-17T12:40:47+00:00
SAO_3712-10,São Paulo,3550308,True,,1009,,,-23.551171500000002,-46.425402500000004,,,,1,2023-06-17T12:40:33+00:00
SAO_3712-10,São Paulo,3550308,True,,1009,,,-23.5525595,-46.4257145,,,,1,2023-06-17T12:40:01+00:00
SAO_3712-10,São Paulo,3550308,True,,1009,,,-23.545831,-46.426987499999996,,,,1,2023-06-17T12:40:32+00:00
SAO_3712-10,São Paulo,3550308,True,,1009,,,-23.5525595,-46.4257145,,,,1,2023-06-17T12:39:59+00:00
SAO_3745-10,São Paulo,3550308,True,,1044,,,-23.571165999999998,-46.5273805,,,,1,2023-06-17T12:40:41+00:00
SAO_3745-10,São Paulo,3550308,True,,1044,,,-23.542123,-46.559355,,,,1,2023-06-17T12:40:08+00:00
SAO_3745-10,São Paulo,3550308,True,,1044,,,-23.588817,-46.510504,,,,1,2023-06-17T12:40:47+00:00
SAO_3745-10,São Paulo,3550308,True,,1044,,,-23.54132,-46.57769475,,,,1,2023-06-17T12:40:06+00:00
SAO_3745-10,São Paulo,3550308,True,,1044,,,-23.58888,-46.5006235,,,,1,2023-06-17T12:40:07+00:00
SAO_3025-10,São Paulo,3550308,True,,961,,,-23.542544,-46.4158275,,,,1,2023-06-17T12:40:06+00:00
SAO_3025-10,São Paulo,3550308,True,,961,,,-23.5774585,-46.3974935,,,,1,2023-06-17T12:40:23+00:00
SAO_3025-10,São Paulo,3550308,True,,961,,,-23.572210249999998,-46.39454549999999,,,,1,2023-06-17T12:40:42+00:00
SAO_3025-10,São Paulo,3550308,True,,961,,,-23.54247075,-46.41617375,,,,1,2023-06-17T12:40:05+00:00
SAO_6012-10,São Paulo,3550308,True,,33972,,,-23.6919375,-46.7837215,,,,2,2023-06-17T12:40:43+00:00
SAO_6012-10,São Paulo,3550308,True,,33972,,,-23.651281250000004,-46.7017785,,,,2,2023-06-17T12:40:08+00:00
SAO_6012-10,São Paulo,3550308,True,,33972,,,-23.6869815,-46.7875065,,,,2,2023-06-17T12:40:15+00:00
SAO_7063-10,São Paulo,3550308,True,,1899,,,-23.651991000000002,-46.789846499999996,,,,1,2023-06-17T12:40:32+00:00
SAO_7063-10,São Paulo,3550308,True,,1899,,,-23.651991000000002,-46.789846499999996,,,,1,2023-06-17T12:40:37+00:00
SAO_7063-10,São Paulo,3550308,True,,1899,,,-23.651991000000002,-46.789846499999996,,,,1,2023-06-17T12:40:44+00:00
SAO_7063-10,São Paulo,3550308,True,,1899,,,-23.651991000000002,-46.789846499999996,,,,1,2023-06-17T12:40:00+00:00
SAO_7063-10,São Paulo,3550308,True,,1899,,,-23.6371005,-46.779114500000006,,,,1,2023-06-17T12:40:13+00:00
SAO_809T-10,São Paulo,3550308,True,,2246,,,-23.5508550625,-46.73984618750001,,,,1,2023-06-17T12:40:13+00:00
SAO_809T-10,São Paulo,3550308,True,,2246,,,-23.54419525,-46.7328195,,,,1,2023-06-17T12:40:15+00:00
SAO_809T-10,São Paulo,3550308,True,,2246,,,-23.5508550625,-46.73984618750001,,,,1,2023-06-17T12:40:39+00:00
SAO_809T-10,São Paulo,3550308,True,,2246,,,-23.585848,-46.80315,,,,1,2023-06-17T12:40:40+00:00
SAO_3064-10,São Paulo,3550308,True,,33748,,,-23.579252500000003,-46.4153375,,,,2,2023-06-17T12:40:32+00:00
SAO_3064-10,São Paulo,3550308,True,,33748,,,-23.584875500000003,-46.4090765,,,,2,2023-06-17T12:40:23+00:00
SAO_3064-10,São Paulo,3550308,True,,33748,,,-23.605522999999998,-46.4018155,,,,2,2023-06-17T12:40:19+00:00
SAO_3064-10,São Paulo,3550308,True,,33748,,,-23.553243,-46.413645,,,,2,2023-06-17T12:40:28+00:00
SAO_4053-10,São Paulo,3550308,True,,2146,,,-23.5529695,-46.3943265,,,,1,2023-06-17T12:40:39+00:00
SAO_4053-10,São Paulo,3550308,True,,2146,,,-23.550447,-46.397954999999996,,,,1,2023-06-17T12:40:06+00:00
SAO_6L02-10,São Paulo,3550308,True,,33946,,,-23.9020675,-46.755278000000004,,,,2,2023-06-17T12:40:07+00:00
SAO_172N-10,São Paulo,3550308,True,,664,,,-23.542389999999997,-46.5898445,,,,1,2023-06-17T12:40:08+00:00
SAO_172N-10,São Paulo,3550308,True,,664,,,-23.51555975,-46.5958785,,,,1,2023-06-17T12:40:41+00:00
SAO_172N-10,São Paulo,3550308,True,,664,,,-23.523460749999998,-46.59381225,,,,1,2023-06-17T12:39:09+00:00
SAO_172N-10,São Paulo,3550308,True,,664,,,-23.503522625000002,-46.6246515,,,,1,2023-06-17T12:40:36+00:00
SAO_6013-10,São Paulo,3550308,True,,186,,,-23.693067,-46.778766,,,,1,2023-06-17T12:40:43+00:00
SAO_6013-10,São Paulo,3550308,True,,186,,,-23.6492395,-46.73245,,,,1,2023-06-17T12:40:12+00:00
SAO_172Y-10,São Paulo,3550308,True,,33630,,,-23.47473425,-46.58000975,,,,2,2023-06-17T12:40:15+00:00
SAO_172Y-10,São Paulo,3550308,True,,33630,,,-23.541867874999998,-46.588883249999995,,,,2,2023-06-17T12:40:46+00:00
SAO_172Y-10,São Paulo,3550308,True,,33630,,,-23.47473425,-46.58000975,,,,2,2023-06-17T12:40:04+00:00
SAO_172Y-10,São Paulo,3550308,True,,33630,,,-23.520865750000002,-46.5915975,,,,2,2023-06-17T12:40:07+00:00
SAO_172Y-10,São Paulo,3550308,True,,33630,,,-23.47473425,-46.58000975,,,,2,2023-06-17T12:40:07+00:00
SAO_746H-10,São Paulo,3550308,True,,33553,,,-23.600576500000003,-46.722911499999995,,,,2,2023-06-17T12:40:34+00:00
SAO_746H-10,São Paulo,3550308,True,,33553,,,-23.587468625,-46.7237285,,,,2,2023-06-17T12:40:28+00:00
SAO_746H-10,São Paulo,3550308,True,,33553,,,-23.63488975,-46.7370035,,,,2,2023-06-17T12:40:29+00:00
SAO_746H-10,São Paulo,3550308,True,,33553,,,-23.593532,-46.7529005,,,,2,2023-06-17T12:40:46+00:00
SAO_746H-10,São Paulo,3550308,True,,33553,,,-23.641586,-46.715832500000005,,,,2,2023-06-17T12:40:11+00:00
SAO_9300-10,São Paulo,3550308,True,,32884,,,-23.522741874999998,-46.658436625,,,,2,2023-06-17T12:40:21+00:00
SAO_9300-10,São Paulo,3550308,True,,32884,,,-23.547062,-46.6305785,,,,2,2023-06-17T12:40:27+00:00
SAO_576M-10,São Paulo,3550308,True,,33372,,,-23.569291999999997,-46.692,,,,2,2023-06-17T12:40:41+00:00
SAO_576M-10,São Paulo,3550308,True,,33372,,,-23.59851775,-46.660929625,,,,2,2023-06-17T12:40:18+00:00
SAO_576M-10,São Paulo,3550308,True,,33372,,,-23.6779695,-46.6404855,,,,2,2023-06-17T12:40:20+00:00
SAO_576M-10,São Paulo,3550308,True,,33372,,,-23.619936,-46.673010500000004,,,,2,2023-06-17T12:40:37+00:00
SAO_3721-10,São Paulo,3550308,True,,1019,,,-23.554099750000002,-46.491521000000006,,,,1,2023-06-17T12:40:33+00:00
SAO_4706-10,São Paulo,3550308,True,,299,,,-23.635878499999997,-46.600524500000006,,,,1,2023-06-17T12:40:40+00:00
SAO_4706-10,São Paulo,3550308,True,,299,,,-23.60226325,-46.610352750000004,,,,1,2023-06-17T12:40:36+00:00
SAO_4284-10,São Paulo,3550308,True,,33057,,,-23.608691,-46.555031,,,,2,2023-06-17T12:40:28+00:00
SAO_4284-10,São Paulo,3550308,True,,33057,,,-23.58507,-46.583846,,,,2,2023-06-17T12:40:08+00:00
SAO_5290-10,São Paulo,3550308,True,,597,,,-23.5465655,-46.630341,,,,1,2023-06-17T12:40:23+00:00
SAO_5290-10,São Paulo,3550308,True,,597,,,-23.625718499999998,-46.6407605,,,,1,2023-06-17T12:40:47+00:00
SAO_5290-10,São Paulo,3550308,True,,597,,,-23.66451625,-46.6378775,,,,1,2023-06-17T12:40:13+00:00
SAO_5290-10,São Paulo,3550308,True,,597,,,-23.6003445,-46.6365995,,,,1,2023-06-17T12:40:24+00:00
SAO_4025-10,São Paulo,3550308,True,,1095,,,-23.541552,-46.574095,,,,1,2023-06-17T12:40:43+00:00
SAO_4025-10,São Paulo,3550308,True,,1095,,,-23.60848,-46.554349,,,,1,2023-06-17T12:40:31+00:00
SAO_4025-10,São Paulo,3550308,True,,1095,,,-23.589896500000002,-46.5676,,,,1,2023-06-17T12:40:04+00:00
SAO_4025-10,São Paulo,3550308,True,,1095,,,-23.569267500000002,-46.5766285,,,,1,2023-06-17T12:40:16+00:00
SAO_2006-10,São Paulo,3550308,True,,33663,,,-23.49570575,-46.40098424999999,,,,2,2023-06-17T12:40:27+00:00
SAO_2006-10,São Paulo,3550308,True,,33663,,,-23.494194,-46.400918,,,,2,2023-06-17T12:19:12+00:00
SAO_2006-10,São Paulo,3550308,True,,33663,,,-23.4955055,-46.3911215,,,,2,2023-06-17T12:40:32+00:00
SAO_2006-10,São Paulo,3550308,True,,33663,,,-23.488864375,-46.378856999999996,,,,2,2023-06-17T12:40:39+00:00
SAO_2006-10,São Paulo,3550308,True,,33663,,,-23.49083075,-46.375268,,,,2,2023-06-17T12:40:27+00:00
SAO_1741-10,São Paulo,3550308,True,,539,,,-23.469407,-46.655289,,,,1,2023-06-17T12:40:44+00:00
SAO_1741-10,São Paulo,3550308,True,,539,,,-23.467999,-46.659569250000004,,,,1,2023-06-17T12:40:04+00:00
SAO_1741-10,São Paulo,3550308,True,,539,,,-23.500253999999998,-46.628399,,,,1,2023-06-17T12:40:34+00:00
SAO_6016-10,São Paulo,3550308,True,,32852,,,-23.7534545,-46.6884165,,,,2,2023-06-17T12:40:25+00:00
SAO_407P-10,São Paulo,3550308,True,,34968,,,-23.52907875,-46.51555925,,,,2,2023-06-17T12:40:35+00:00
SAO_407P-10,São Paulo,3550308,True,,34968,,,-23.535749000000003,-46.55192525,,,,2,2023-06-17T12:40:11+00:00
SAO_407P-10,São Paulo,3550308,True,,34968,,,-23.535671999999998,-46.4544545,,,,2,2023-06-17T12:40:25+00:00
SAO_342N-10,São Paulo,3550308,True,,1003,,,-23.5629515,-46.3946025,,,,1,2023-06-17T12:40:41+00:00
SAO_342N-10,São Paulo,3550308,True,,1003,,,-23.566381,-46.400071499999996,,,,1,2023-06-17T12:40:29+00:00
SAO_342N-10,São Paulo,3550308,True,,1003,,,-23.563197,-46.3939975,,,,1,2023-06-17T12:40:08+00:00
SAO_342N-10,São Paulo,3550308,True,,1003,,,-23.53168025,-46.446482625,,,,1,2023-06-17T12:40:20+00:00
SAO_342N-10,São Paulo,3550308,True,,1003,,,-23.54239425,-46.41653925,,,,1,2023-06-17T12:40:16+00:00
SAO_874C-10,São Paulo,3550308,True,,477,,,-23.540299500000003,-46.7036645,,,,1,2023-06-17T12:40:39+00:00
SAO_874C-10,São Paulo,3550308,True,,477,,,-23.5469285,-46.7609265,,,,1,2023-06-17T12:40:44+00:00
SAO_2060-10,São Paulo,3550308,True,EMTU,134,https://moovitapp.com/index/pt-br/transporte_p%C3%BAblico-line-134-Sao_Paulo-242-2038937-36419287-0,5.2,-23.5235395,-46.4615515,,,,1,2023-06-17T12:40:29+00:00
SAO_177H-21,São Paulo,3550308,True,,33399,,,-23.50039,-46.648765999999995,,,,2,2023-06-17T12:40:03+00:00
SAO_177H-21,São Paulo,3550308,True,,33399,,,-23.503036,-46.624043,,,,2,2023-06-17T12:40:10+00:00
SAO_177H-21,São Paulo,3550308,True,,33399,,,-23.538528749999998,-46.6548195,,,,2,2023-06-17T12:40:33+00:00
SAO_5705-10,São Paulo,3550308,True,,34425,,,-23.578207125,-46.620255125,,,,2,2023-06-17T12:40:32+00:00
SAO_6L04-42,São Paulo,3550308,True,,1567,,,-23.8278345,-46.7279345,,,,1,2023-06-17T12:40:20+00:00
SAO_6L04-42,São Paulo,3550308,True,,1567,,,-23.866317000000002,-46.756281,,,,1,2023-06-17T12:40:08+00:00
SAO_179X-10,São Paulo,3550308,True,,33448,,,-23.439880000000002,-46.576078499999994,,,,2,2023-06-17T12:40:11+00:00
SAO_179X-10,São Paulo,3550308,True,,33448,,,-23.527107187499997,-46.63990693750001,,,,2,2023-06-17T12:40:27+00:00
SAO_179X-10,São Paulo,3550308,True,,33448,,,-23.432447249999996,-46.57144625,,,,2,2023-06-17T12:40:34+00:00
SAO_179X-10,São Paulo,3550308,True,,33448,,,-23.4928235,-46.6044025,,,,2,2023-06-17T12:40:17+00:00
SAO_6008-10,São Paulo,3550308,True,,1200,,,-23.667816000000002,-46.7312965,,,,1,2023-06-17T12:40:33+00:00
SAO_6008-10,São Paulo,3550308,True,,1200,,,-23.654007,-46.710475,,,,1,2023-06-17T12:40:08+00:00
SAO_6008-10,São Paulo,3550308,True,,1200,,,-23.6853845,-46.764876,,,,1,2023-06-17T12:40:19+00:00
SAO_6015-10,São Paulo,3550308,True,,1205,,,-23.682796,-46.7680615,,,,1,2023-06-17T12:40:20+00:00
SAO_6015-10,São Paulo,3550308,True,,1205,,,-23.718654,-46.7846245,,,,1,2023-06-17T12:40:42+00:00
SAO_6015-10,São Paulo,3550308,True,,1205,,,-23.6658815,-46.7131215,,,,1,2023-06-17T12:40:38+00:00
SAO_6015-10,São Paulo,3550308,True,,1205,,,-23.700074,-46.780868,,,,1,2023-06-17T12:40:31+00:00
SAO_6015-10,São Paulo,3550308,True,,1205,,,-23.7121465,-46.782219,,,,1,2023-06-17T12:40:41+00:00
SAO_6805-31,São Paulo,3550308,True,,1788,,,-23.655178499999998,-46.762237,,,,1,2023-06-17T12:40:43+00:00
SAO_6805-31,São Paulo,3550308,True,,1788,,,-23.652333,-46.733948999999996,,,,1,2023-06-17T12:40:43+00:00
SAO_8019-10,São Paulo,3550308,True,,34839,,,-23.5478175,-46.755641999999995,,,,2,2023-06-17T12:40:04+00:00
SAO_8019-10,São Paulo,3550308,True,,34839,,,-23.57297825,-46.737753749999996,,,,2,2023-06-17T12:40:04+00:00
SAO_6069-10,São Paulo,3550308,True,,1154,,,-23.7451125,-46.707049999999995,,,,1,2023-06-17T12:40:47+00:00
SAO_6069-10,São Paulo,3550308,True,,1154,,,-23.654038,-46.708869500000006,,,,1,2023-06-17T12:40:28+00:00
SAO_3390-10,São Paulo,3550308,True,,33506,,,-23.571026,-46.5944075,,,,2,2023-06-17T12:40:12+00:00
SAO_3390-10,São Paulo,3550308,True,,33506,,,-23.612764,-46.4884685,,,,2,2023-06-17T12:40:26+00:00
SAO_3390-10,São Paulo,3550308,True,,33506,,,-23.5642705,-46.620085,,,,2,2023-06-17T12:40:44+00:00
SAO_637P-10,São Paulo,3550308,True,,47,,,-23.573808749999998,-46.6889005,,,,1,2023-06-17T12:40:16+00:00
SAO_637P-10,São Paulo,3550308,True,,47,,,-23.58413775,-46.672977249999995,,,,1,2023-06-17T12:40:38+00:00
SAO_637P-10,São Paulo,3550308,True,,47,,,-23.648898000000003,-46.703265,,,,1,2023-06-17T12:40:36+00:00
SAO_637P-10,São Paulo,3550308,True,,47,,,-23.612455,-46.67790275,,,,1,2023-06-17T12:40:28+00:00
SAO_675G-10,São Paulo,3550308,True,ETT,106,https://moovitapp.com/index/pt-br/transporte_p%C3%BAblico-line-106-Sao_Paulo-242-876373-496508-0,5.3,-23.7427985,-46.6697255,,,,1,2023-06-17T12:40:41+00:00
SAO_675G-10,São Paulo,3550308,True,ETT,106,https://moovitapp.com/index/pt-br/transporte_p%C3%BAblico-line-106-Sao_Paulo-242-876373-496508-0,5.3,-23.6784805,-46.684785500000004,,,,1,2023-06-17T12:40:11+00:00
SAO_675G-10,São Paulo,3550308,True,ETT,106,https://moovitapp.com/index/pt-br/transporte_p%C3%BAblico-line-106-Sao_Paulo-242-876373-496508-0,5.3,-23.650443000000003,-46.662703,,,,1,2023-06-17T12:40:37+00:00
SAO_675G-10,São Paulo,3550308,True,ETT,106,https://moovitapp.com/index/pt-br/transporte_p%C3%BAblico-line-106-Sao_Paulo-242-876373-496508-0,5.3,-23.646476,-46.6392585,,,,1,2023-06-17T12:40:11+00:00
SAO_675G-10,São Paulo,3550308,True,ETT,106,https://moovitapp.com/index/pt-br/transporte_p%C3%BAblico-line-106-Sao_Paulo-242-876373-496508-0,5.3,-23.745835999999997,-46.6651815,,,,1,2023-06-17T12:40:04+00:00
SAO_6801-10,São Paulo,3550308,True,,5,,,-23.661168,-46.7335595,,,,1,2023-06-17T12:40:08+00:00
SAO_6262-10,São Paulo,3550308,True,,1371,,,-23.529834,-46.732059500000005,,,,1,2023-06-17T12:40:36+00:00
SAO_6262-10,São Paulo,3550308,True,,1371,,,-23.579043,-46.6859035,,,,1,2023-06-17T12:40:45+00:00
SAO_8050-10,São Paulo,3550308,True,,33180,,,-23.442098,-46.791021,,,,2,2023-06-17T12:40:13+00:00
SAO_8050-10,São Paulo,3550308,True,,33180,,,-23.491380999999997,-46.7661595,,,,2,2023-06-17T12:40:21+00:00
SAO_809J-10,São Paulo,3550308,True,,2066,,,-23.601153,-46.73289200000001,,,,1,2023-06-17T12:40:40+00:00
SAO_174M-10,São Paulo,3550308,True,,33441,,,-23.545519,-46.620726000000005,,,,2,2023-06-17T12:40:32+00:00
SAO_174M-10,São Paulo,3550308,True,,33441,,,-23.49107,-46.61853,,,,2,2023-06-17T12:40:23+00:00
SAO_174M-10,São Paulo,3550308,True,,33441,,,-23.479704875,-46.579556,,,,2,2023-06-17T12:37:25+00:00
SAO_174M-10,São Paulo,3550308,True,,33441,,,-23.579950750000002,-46.60480425,,,,2,2023-06-17T12:40:24+00:00
SAO_6L11-10,São Paulo,3550308,True,,33935,,,-23.762444000000002,-46.655004000000005,,,,2,2023-06-17T12:40:34+00:00
SAO_6L11-10,São Paulo,3550308,True,,33935,,,-23.753507,-46.6862175,,,,2,2023-06-17T12:40:45+00:00
SAO_6L11-10,São Paulo,3550308,True,,33935,,,-23.8015465,-46.6276715,,,,2,2023-06-17T12:40:01+00:00
SAO_4021-10,São Paulo,3550308,True,,2548,,,-23.542802000000002,-46.470636,,,,1,2023-06-17T12:40:08+00:00
SAO_4021-10,São Paulo,3550308,True,,2548,,,-23.561562000000002,-46.446068749999995,,,,1,2023-06-17T12:40:07+00:00
SAO_857A-10,São Paulo,3550308,True,,34693,,,-23.631258,-46.773112999999995,,,,2,2023-06-17T12:40:21+00:00
SAO_857A-10,São Paulo,3550308,True,,34693,,,-23.5850205,-46.68194475,,,,2,2023-06-17T12:40:32+00:00
SAO_857A-10,São Paulo,3550308,True,,34693,,,-23.617066,-46.757511,,,,2,2023-06-17T12:40:28+00:00
SAO_857A-10,São Paulo,3550308,True,,34693,,,-23.598770000000002,-46.637214,,,,2,2023-06-17T12:40:37+00:00
SAO_5103-10,São Paulo,3550308,True,,34414,,,-23.600050000000003,-46.62293,,,,2,2023-06-17T12:40:07+00:00
SAO_5103-10,São Paulo,3550308,True,,34414,,,-23.6043825,-46.656850375,,,,2,2023-06-17T12:40:38+00:00
SAO_4006-10,São Paulo,3550308,True,,34948,,,-23.59722475,-46.436351125,,,,2,2023-06-17T12:40:17+00:00
SAO_6003-10,São Paulo,3550308,True,,34240,,,-23.734917,-46.6958665,,,,2,2023-06-17T12:40:36+00:00
SAO_6003-10,São Paulo,3550308,True,,34240,,,-23.737271,-46.697250999999994,,,,2,2023-06-17T12:40:30+00:00
SAO_6003-10,São Paulo,3550308,True,,34240,,,-23.7377555,-46.6976535,,,,2,2023-06-17T12:40:23+00:00
SAO_2551-10,São Paulo,3550308,True,,32909,,,-23.518699499999997,-46.4755635,,,,2,2023-06-17T12:40:15+00:00
SAO_2551-10,São Paulo,3550308,True,,32909,,,-23.50932725,-46.547872,,,,2,2023-06-17T12:40:46+00:00
SAO_2551-10,São Paulo,3550308,True,,32909,,,-23.546832000000002,-46.6301665,,,,2,2023-06-17T12:40:01+00:00
SAO_2551-10,São Paulo,3550308,True,,32909,,,-23.542787500000003,-46.61627625,,,,2,2023-06-17T12:40:40+00:00
SAO_8001-10,São Paulo,3550308,True,,34019,,,-23.505764499999998,-46.7584995,,,,2,2023-06-17T12:40:28+00:00
SAO_4017-10,São Paulo,3550308,True,,2190,,,-23.580423500000002,-46.387677499999995,,,,1,2023-06-17T12:38:14+00:00
SAO_4011-10,São Paulo,3550308,True,,2184,,,-23.622194,-46.413724,,,,1,2023-06-17T12:40:16+00:00
SAO_4011-10,São Paulo,3550308,True,,2184,,,-23.595160125,-46.439397125,,,,1,2023-06-17T12:40:03+00:00
SAO_4011-10,São Paulo,3550308,True,,2184,,,-23.612506,-46.476183000000006,,,,1,2023-06-17T12:40:10+00:00
SAO_4011-10,São Paulo,3550308,True,,2184,,,-23.598791499999997,-46.468892,,,,1,2023-06-17T12:40:09+00:00
SAO_3023-10,São Paulo,3550308,True,,33728,,,-23.622862,-46.4773675,,,,2,2023-06-17T12:40:25+00:00
SAO_3023-10,São Paulo,3550308,True,,33728,,,-23.611769000000002,-46.475005499999995,,,,2,2023-06-17T12:40:02+00:00
SAO_3023-10,São Paulo,3550308,True,,33728,,,-23.56468325,-46.50561075,,,,2,2023-06-17T12:40:15+00:00
SAO_3023-10,São Paulo,3550308,True,,33728,,,-23.63374175,-46.470096999999996,,,,2,2023-06-17T12:40:29+00:00
SAO_3023-10,São Paulo,3550308,True,,33728,,,-23.563912000000002,-46.5052585,,,,2,2023-06-17T12:40:30+00:00
SAO_6021-10,São Paulo,3550308,True,,32945,,,-23.793364375000003,-46.74020825,,,,2,2023-06-17T12:40:00+00:00
SAO_675R-10,São Paulo,3550308,True,,32877,,,-23.63954525,-46.67342575000001,,,,2,2023-06-17T12:40:15+00:00
SAO_675R-10,São Paulo,3550308,True,,32877,,,-23.6790175,-46.68572,,,,2,2023-06-17T12:40:40+00:00
SAO_675R-10,São Paulo,3550308,True,,32877,,,-23.753905500000002,-46.680769,,,,2,2023-06-17T12:40:12+00:00
SAO_675R-10,São Paulo,3550308,True,,32877,,,-23.749252,-46.6876175,,,,2,2023-06-17T12:40:44+00:00
SAO_1720-10,São Paulo,3550308,True,,863,,,-23.477621749999997,-46.610039,,,,1,2023-06-17T12:38:20+00:00
SAO_1720-10,São Paulo,3550308,True,,863,,,-23.489683,-46.574281,,,,1,2023-06-17T12:40:25+00:00
SAO_1720-10,São Paulo,3550308,True,,863,,,-23.482546999999997,-46.588703499999994,,,,1,2023-06-17T12:40:33+00:00
SAO_1720-10,São Paulo,3550308,True,,863,,,-23.48244625,-46.58923675,,,,1,2023-06-17T12:40:06+00:00
SAO_1705-10,São Paulo,3550308,True,,849,,,-23.4374355,-46.586014,,,,1,2023-06-17T12:40:18+00:00
SAO_1705-10,São Paulo,3550308,True,,849,,,-23.444283499999997,-46.590194,,,,1,2023-06-17T12:40:28+00:00
SAO_1705-10,São Paulo,3550308,True,,849,,,-23.434117999999998,-46.5843315,,,,1,2023-06-17T12:40:08+00:00
SAO_1705-10,São Paulo,3550308,True,,849,,,-23.465628000000002,-46.5970065,,,,1,2023-06-17T12:40:07+00:00
SAO_7052-10,São Paulo,3550308,True,,1886,,,-23.6529745,-46.773157999999995,,,,1,2023-06-17T12:40:28+00:00
SAO_7052-10,São Paulo,3550308,True,,1886,,,-23.6313825,-46.77286,,,,1,2023-06-17T12:40:31+00:00
SAO_7052-10,São Paulo,3550308,True,,1886,,,-23.643788,-46.771934,,,,1,2023-06-17T12:40:29+00:00
SAO_4055-10,São Paulo,3550308,True,,35215,,,-23.543039,-46.4166915,,,,2,2023-06-17T12:40:39+00:00
SAO_8014-10,São Paulo,3550308,True,,33569,,,-23.446182,-46.7890905,,,,2,2023-06-17T12:40:27+00:00
SAO_8014-10,São Paulo,3550308,True,,33569,,,-23.452512,-46.7932365,,,,2,2023-06-17T12:40:14+00:00
SAO_8014-10,São Paulo,3550308,True,,33569,,,-23.404948,-46.746728000000004,,,,2,2023-06-17T12:40:17+00:00
SAO_8014-10,São Paulo,3550308,True,,33569,,,-23.41674775,-46.78144425000001,,,,2,2023-06-17T12:40:35+00:00
SAO_3721-41,São Paulo,3550308,True,,34461,,,-23.553251500000002,-46.491372999999996,,,,2,2023-06-17T12:40:24+00:00
SAO_3721-41,São Paulo,3550308,True,,34461,,,-23.54209025,-46.4833155,,,,2,2023-06-17T12:40:43+00:00
SAO_3721-41,São Paulo,3550308,True,,34461,,,-23.5636785,-46.5006755,,,,2,2023-06-17T12:40:05+00:00
SAO_3721-41,São Paulo,3550308,True,,34461,,,-23.563194000000003,-46.500884,,,,2,2023-06-17T12:40:33+00:00
SAO_4093-10,São Paulo,3550308,True,,2448,,,-23.588952,-46.395677,,,,1,2023-06-17T12:40:04+00:00
SAO_4093-10,São Paulo,3550308,True,,2448,,,-23.588952,-46.395677,,,,1,2023-06-17T12:40:44+00:00
SAO_4093-10,São Paulo,3550308,True,,2448,,,-23.59131525,-46.398150375,,,,1,2023-06-17T12:40:07+00:00
SAO_6826-10,São Paulo,3550308,True,,32784,,,-23.675884000000003,-46.7890235,,,,2,2023-06-17T12:40:20+00:00
SAO_6039-10,São Paulo,3550308,True,,1217,,,-23.6860325,-46.8009515,,,,1,2023-06-17T12:40:22+00:00
SAO_6039-10,São Paulo,3550308,True,,1217,,,-23.645209,-46.711771,,,,1,2023-06-17T12:40:09+00:00
SAO_6039-10,São Paulo,3550308,True,,1217,,,-23.6860325,-46.8009515,,,,1,2023-06-17T12:40:12+00:00
SAO_6039-10,São Paulo,3550308,True,,1217,,,-23.645789999999998,-46.7465015,,,,1,2023-06-17T12:40:39+00:00
SAO_6039-10,São Paulo,3550308,True,,1217,,,-23.662273499999998,-46.780083000000005,,,,1,2023-06-17T12:40:12+00:00
SAO_6039-10,São Paulo,3550308,True,,1217,,,-23.6860325,-46.8009515,,,,1,2023-06-17T12:40:48+00:00
SAO_5030-10,São Paulo,3550308,True,,1669,,,-23.613099750000003,-46.604175874999996,,,,1,2023-06-17T12:40:14+00:00
SAO_5030-10,São Paulo,3550308,True,,1669,,,-23.6357955,-46.6003475,,,,1,2023-06-17T12:40:28+00:00
SAO_5030-10,São Paulo,3550308,True,,1669,,,-23.638216,-46.595884999999996,,,,1,2023-06-17T12:40:29+00:00
SAO_6118-10,São Paulo,3550308,True,,33956,,,-23.7144005,-46.70634275,,,,2,2023-06-17T12:40:39+00:00
SAO_6118-10,São Paulo,3550308,True,,33956,,,-23.6539735,-46.71161549999999,,,,2,2023-06-17T12:40:06+00:00
SAO_6118-10,São Paulo,3550308,True,,33956,,,-23.752415999999997,-46.70257425,,,,2,2023-06-17T12:40:17+00:00
SAO_477P-10,São Paulo,3550308,True,,33116,,,-23.609873999999998,-46.6280105,,,,2,2023-06-17T12:40:15+00:00
SAO_477P-10,São Paulo,3550308,True,,33116,,,-23.578922,-46.7279305,,,,2,2023-06-17T12:40:20+00:00
SAO_2033-10,São Paulo,3550308,True,,2499,,,-23.522878,-46.623355000000004,,,,1,2023-06-17T12:40:21+00:00
SAO_701A-10,São Paulo,3550308,True,,689,,,-23.5468295,-46.6903115,,,,1,2023-06-17T12:40:05+00:00
SAO_701A-10,São Paulo,3550308,True,,689,,,-23.4986335,-46.588300000000004,,,,1,2023-06-17T12:40:23+00:00
SAO_701A-10,São Paulo,3550308,True,,689,,,-23.538672,-46.616143,,,,1,2023-06-17T12:40:09+00:00
SAO_701A-10,São Paulo,3550308,True,,689,,,-23.555425,-46.663049,,,,1,2023-06-17T12:40:18+00:00
SAO_7023-10,São Paulo,3550308,True,,2152,,,-23.688343500000002,-46.757964,,,,1,2023-06-17T12:38:26+00:00
SAO_7023-10,São Paulo,3550308,True,,2152,,,-23.653890625,-46.71154075,,,,1,2023-06-17T12:40:40+00:00
SAO_7023-10,São Paulo,3550308,True,,2152,,,-23.686013,-46.7375345,,,,1,2023-06-17T12:40:19+00:00
SAO_9188-10,São Paulo,3550308,True,EMTU,809,https://moovitapp.com/index/pt-br/transporte_p%C3%BAblico-line-809-Sao_Paulo-242-2038937-119858519-0,5.2,-23.454766,-46.728925,,,,1,2023-06-17T12:40:35+00:00
SAO_9188-10,São Paulo,3550308,True,EMTU,809,https://moovitapp.com/index/pt-br/transporte_p%C3%BAblico-line-809-Sao_Paulo-242-2038937-119858519-0,5.2,-23.448709,-46.7344865,,,,1,2023-06-17T12:40:30+00:00
SAO_9188-10,São Paulo,3550308,True,EMTU,809,https://moovitapp.com/index/pt-br/transporte_p%C3%BAblico-line-809-Sao_Paulo-242-2038937-119858519-0,5.2,-23.495966,-46.708078,,,,1,2023-06-17T12:40:19+00:00
SAO_9188-10,São Paulo,3550308,True,EMTU,809,https://moovitapp.com/index/pt-br/transporte_p%C3%BAblico-line-809-Sao_Paulo-242-2038937-119858519-0,5.2,-23.5182955,-46.701809499999996,,,,1,2023-06-17T12:40:18+00:00
SAO_938V-10,São Paulo,3550308,True,,33581,,,-23.4527645,-46.6849925,,,,2,2023-06-17T12:40:38+00:00
SAO_938V-10,São Paulo,3550308,True,,33581,,,-23.47683,-46.679985,,,,2,2023-06-17T12:40:39+00:00
SAO_938V-10,São Paulo,3550308,True,,33581,,,-23.521206499999998,-46.70162524999999,,,,2,2023-06-17T12:40:43+00:00
SAO_938V-10,São Paulo,3550308,True,,33581,,,-23.450967,-46.6872815,,,,2,2023-06-17T12:40:05+00:00
SAO_938V-10,São Paulo,3550308,True,,33581,,,-23.481733,-46.684402750000004,,,,2,2023-06-17T12:40:06+00:00
SAO_938V-10,São Paulo,3550308,True,,33581,,,-23.5259595,-46.6721645,,,,2,2023-06-17T12:40:38+00:00
SAO_948A-10,São Paulo,3550308,True,,34191,,,-23.521136249999998,-46.699423249999995,,,,2,2023-06-17T12:40:44+00:00
SAO_746P-10,São Paulo,3550308,True,,33556,,,-23.61579225,-46.73152225,,,,2,2023-06-17T12:40:04+00:00
SAO_746P-10,São Paulo,3550308,True,,33556,,,-23.617432,-46.7210475,,,,2,2023-06-17T12:40:37+00:00
SAO_746P-10,São Paulo,3550308,True,,33556,,,-23.6467535,-46.72266175,,,,2,2023-06-17T12:40:43+00:00
SAO_8072-10,São Paulo,3550308,True,,2079,,,-23.622524,-46.762103999999994,,,,1,2023-06-17T12:40:11+00:00
SAO_8072-10,São Paulo,3550308,True,,2079,,,-23.6326765,-46.758685,,,,1,2023-06-17T12:40:13+00:00
SAO_8072-10,São Paulo,3550308,True,,2079,,,-23.642163,-46.766020499999996,,,,1,2023-06-17T12:40:35+00:00
SAO_2735-10,São Paulo,3550308,True,,34689,,,-23.4989229375,-46.529038312500006,,,,2,2023-06-17T12:40:34+00:00
SAO_2735-10,São Paulo,3550308,True,,34689,,,-23.512133499999997,-46.550967,,,,2,2023-06-17T12:40:25+00:00
SAO_2735-10,São Paulo,3550308,True,,34689,,,-23.48108,-46.49439625,,,,2,2023-06-17T12:40:06+00:00
SAO_2735-10,São Paulo,3550308,True,,34689,,,-23.5124905,-46.550920500000004,,,,2,2023-06-17T12:40:28+00:00
SAO_5759-31,São Paulo,3550308,True,,1139,,,-23.6947445,-46.64808025,,,,1,2023-06-17T12:40:22+00:00
SAO_5759-31,São Paulo,3550308,True,,1139,,,-23.665562,-46.6574985,,,,1,2023-06-17T12:40:13+00:00
SAO_5759-31,São Paulo,3550308,True,,1139,,,-23.653739875,-46.66676925,,,,1,2023-06-17T12:40:10+00:00
SAO_5759-31,São Paulo,3550308,True,,1139,,,-23.68183475,-46.652702875,,,,1,2023-06-17T12:38:02+00:00
SAO_5759-31,São Paulo,3550308,True,,1139,,,-23.64049275,-46.65238,,,,1,2023-06-17T12:40:39+00:00
SAO_3737-10,São Paulo,3550308,True,,33805,,,-23.564251,-46.50513,,,,2,2023-06-17T12:40:30+00:00
SAO_3737-10,São Paulo,3550308,True,,33805,,,-23.538954625000002,-46.515955500000004,,,,2,2023-06-17T12:40:12+00:00
SAO_3737-10,São Paulo,3550308,True,,33805,,,-23.539118875,-46.51576250000001,,,,2,2023-06-17T12:40:16+00:00
SAO_3737-10,São Paulo,3550308,True,,33805,,,-23.5584805,-46.509447,,,,2,2023-06-17T12:34:38+00:00
SAO_3737-10,São Paulo,3550308,True,,33805,,,-23.547296,-46.509513749999996,,,,2,2023-06-17T12:40:16+00:00
SAO_5036-10,São Paulo,3550308,True,,1666,,,-23.615326500000002,-46.606118,,,,1,2023-06-17T12:40:38+00:00
SAO_8500-10,São Paulo,3550308,True,,1267,,,-23.48629,-46.7260085,,,,1,2023-06-17T12:40:34+00:00
SAO_8500-10,São Paulo,3550308,True,,1267,,,-23.515513499999997,-46.690196,,,,1,2023-06-17T12:40:28+00:00
SAO_8500-10,São Paulo,3550308,True,,1267,,,-23.501786250000002,-46.70661375,,,,1,2023-06-17T12:40:30+00:00
SAO_5026-10,São Paulo,3550308,True,,1635,,,-23.6059165,-46.496885500000005,,,,1,2023-06-17T12:40:40+00:00
SAO_3732-10,São Paulo,3550308,True,,1029,,,-23.539538,-46.4317025,,,,1,2023-06-17T12:40:06+00:00
SAO_3732-10,São Paulo,3550308,True,,1029,,,-23.554565500000002,-46.439924500000004,,,,1,2023-06-17T12:40:01+00:00
SAO_3732-10,São Paulo,3550308,True,,1029,,,-23.5433065,-46.4647775,,,,1,2023-06-17T12:40:15+00:00
SAO_3732-10,São Paulo,3550308,True,,1029,,,-23.54399,-46.44743325,,,,1,2023-06-17T12:40:21+00:00
SAO_3732-10,São Paulo,3550308,True,,1029,,,-23.5505685,-46.436458,,,,1,2023-06-17T12:40:40+00:00
SAO_3732-10,São Paulo,3550308,True,,1029,,,-23.539538,-46.4317025,,,,1,2023-06-17T12:40:24+00:00
SAO_573A-10,São Paulo,3550308,True,,34405,,,-23.5470055,-46.606573499999996,,,,2,2023-06-17T12:40:34+00:00
SAO_573A-10,São Paulo,3550308,True,,34405,,,-23.569907999999998,-46.587627999999995,,,,2,2023-06-17T12:40:26+00:00
SAO_573A-10,São Paulo,3550308,True,,34405,,,-23.5742285,-46.5873485,,,,2,2023-06-17T12:40:11+00:00
SAO_5759-31,São Paulo,3550308,True,,33907,,,-23.637697,-46.641682,,,,2,2023-06-17T12:40:41+00:00
SAO_5759-31,São Paulo,3550308,True,,33907,,,-23.6948495,-46.64830975,,,,2,2023-06-17T12:40:19+00:00
SAO_6812-10,São Paulo,3550308,True,,1242,,,-23.7317165,-46.789798000000005,,,,1,2023-06-17T12:40:35+00:00
SAO_6812-10,São Paulo,3550308,True,,1242,,,-23.6756625,-46.748854,,,,1,2023-06-17T12:40:35+00:00
SAO_6812-10,São Paulo,3550308,True,,1242,,,-23.699928,-46.7806655,,,,1,2023-06-17T12:40:06+00:00
SAO_372U-10,São Paulo,3550308,True,,33784,,,-23.5570765,-46.53751749999999,,,,2,2023-06-17T12:40:20+00:00
SAO_372U-10,São Paulo,3550308,True,,33784,,,-23.552243750000002,-46.567416249999994,,,,2,2023-06-17T12:40:45+00:00
SAO_372U-10,São Paulo,3550308,True,,33784,,,-23.54472475,-46.57451425,,,,2,2023-06-17T12:40:01+00:00
SAO_372U-10,São Paulo,3550308,True,,33784,,,-23.562402249999998,-46.5613325,,,,2,2023-06-17T12:40:07+00:00
SAO_372U-10,São Paulo,3550308,True,,33784,,,-23.5573135,-46.5376725,,,,2,2023-06-17T12:40:02+00:00
SAO_119L-10,São Paulo,3550308,True,,35041,,,-23.469461,-46.779031,,,,2,2023-06-17T12:40:04+00:00
SAO_3737-10,São Paulo,3550308,True,,1037,,,-23.5645765,-46.507687000000004,,,,1,2023-06-17T12:40:43+00:00
SAO_3737-10,São Paulo,3550308,True,,1037,,,-23.5527425,-46.50413025,,,,1,2023-06-17T12:40:24+00:00
SAO_3737-10,São Paulo,3550308,True,,1037,,,-23.530963999999997,-46.5181355,,,,1,2023-06-17T12:40:06+00:00
SAO_3737-10,São Paulo,3550308,True,,1037,,,-23.535344249999998,-46.5193185,,,,1,2023-06-17T12:40:19+00:00
SAO_848L-10,São Paulo,3550308,True,,33576,,,-23.4288345,-46.727135000000004,,,,2,2023-06-17T12:40:35+00:00
SAO_848L-10,São Paulo,3550308,True,,33576,,,-23.4859685,-46.7262025,,,,2,2023-06-17T12:40:18+00:00
SAO_848L-10,São Paulo,3550308,True,,33576,,,-23.431909249999997,-46.71963475,,,,2,2023-06-17T12:40:25+00:00
SAO_6027-10,São Paulo,3550308,True,,90,,,-23.723359000000002,-46.6796825,,,,1,2023-06-17T12:40:01+00:00
SAO_6027-10,São Paulo,3550308,True,,90,,,-23.69680975,-46.701493,,,,1,2023-06-17T12:40:25+00:00
SAO_6027-10,São Paulo,3550308,True,,90,,,-23.72415,-46.670852499999995,,,,1,2023-06-17T12:40:27+00:00
SAO_6048-10,São Paulo,3550308,True,,32824,,,-23.6597115,-46.766908,,,,2,2023-06-17T12:40:31+00:00
SAO_3742-10,São Paulo,3550308,True,,33810,,,-23.592144,-46.444329499999995,,,,2,2023-06-17T12:40:40+00:00
SAO_3742-10,São Paulo,3550308,True,,33810,,,-23.541299000000002,-46.456334125000005,,,,2,2023-06-17T12:40:42+00:00
SAO_6045-10,São Paulo,3550308,True,,33990,,,-23.676502499999998,-46.775547,,,,2,2023-06-17T12:40:32+00:00
SAO_6045-10,São Paulo,3550308,True,,33990,,,-23.650330500000003,-46.708101,,,,2,2023-06-17T12:40:25+00:00
SAO_6045-10,São Paulo,3550308,True,,33990,,,-23.6990275,-46.7964265,,,,2,2023-06-17T12:40:25+00:00
SAO_6045-10,São Paulo,3550308,True,,33990,,,-23.659520999999998,-46.766727,,,,2,2023-06-17T12:40:43+00:00
SAO_1020-10,São Paulo,3550308,True,,35265,,,-23.428153,-46.723559,,,,2,2023-06-17T12:40:05+00:00
SAO_5652-22,São Paulo,3550308,True,,2516,,,-23.687779,-46.696079,,,,1,2023-06-17T12:40:10+00:00
SAO_5652-22,São Paulo,3550308,True,,2516,,,-23.7190325,-46.689988,,,,1,2023-06-17T12:40:45+00:00
SAO_847P-42,São Paulo,3550308,True,,1424,,,-23.59600375,-46.691593,,,,1,2023-06-17T12:40:08+00:00
SAO_7059-10,São Paulo,3550308,True,,34692,,,-23.637383,-46.779483,,,,2,2023-06-17T12:40:18+00:00
SAO_7059-10,São Paulo,3550308,True,,34692,,,-23.658301,-46.7819395,,,,2,2023-06-17T12:40:18+00:00
SAO_978A-10,São Paulo,3550308,True,,34137,,,-23.481600999999998,-46.674812,,,,2,2023-06-17T12:40:18+00:00
SAO_978A-10,São Paulo,3550308,True,,34137,,,-23.5173575,-46.6815965,,,,2,2023-06-17T12:40:37+00:00
SAO_407K-10,São Paulo,3550308,True,,2168,,,-23.603309749999998,-46.4819175,,,,1,2023-06-17T12:40:42+00:00
SAO_407K-10,São Paulo,3550308,True,,2168,,,-23.5478065,-46.5256445,,,,1,2023-06-17T12:40:38+00:00
SAO_5185-10,São Paulo,3550308,True,,34076,,,-23.64803825,-46.67577475,,,,2,2023-06-17T12:40:26+00:00
SAO_5185-10,São Paulo,3550308,True,,34076,,,-23.66813,-46.735502499999996,,,,2,2023-06-17T12:40:34+00:00
SAO_5185-10,São Paulo,3550308,True,,34076,,,-23.573071,-46.6546745,,,,2,2023-06-17T12:40:04+00:00
SAO_5022-10,São Paulo,3550308,True,,33888,,,-23.66095325,-46.64359425,,,,2,2023-06-17T12:40:00+00:00
SAO_5022-10,São Paulo,3550308,True,,33888,,,-23.6721505,-46.638467,,,,2,2023-06-17T12:40:17+00:00
SAO_263J-10,São Paulo,3550308,True,,32987,,,-23.521392,-46.5467085,,,,2,2023-06-17T12:40:02+00:00
SAO_263J-10,São Paulo,3550308,True,,32987,,,-23.53553925,-46.4740975,,,,2,2023-06-17T12:40:29+00:00
SAO_263J-10,São Paulo,3550308,True,,32987,,,-23.534701,-46.453723499999995,,,,2,2023-06-17T12:40:21+00:00
SAO_263J-10,São Paulo,3550308,True,,32987,,,-23.5389245,-46.4390705,,,,2,2023-06-17T12:40:12+00:00
SAO_6063-42,São Paulo,3550308,True,,2002,,,-23.809403,-46.6612485,,,,1,2023-06-17T12:40:05+00:00
SAO_6063-42,São Paulo,3550308,True,,2002,,,-23.801852750000002,-46.67910775,,,,1,2023-06-17T12:39:56+00:00
SAO_263C-10,São Paulo,3550308,True,EMTU,252,https://moovitapp.com/index/pt-br/transporte_p%C3%BAblico-line-252-Sao_Paulo-242-2038937-36419363-0,6.8,-23.483905999999998,-46.415996500000006,,,,1,2023-06-17T12:40:31+00:00
SAO_263C-10,São Paulo,3550308,True,EMTU,252,https://moovitapp.com/index/pt-br/transporte_p%C3%BAblico-line-252-Sao_Paulo-242-2038937-36419363-0,6.8,-23.496462,-46.41506125,,,,1,2023-06-17T12:40:20+00:00
SAO_263C-10,São Paulo,3550308,True,EMTU,252,https://moovitapp.com/index/pt-br/transporte_p%C3%BAblico-line-252-Sao_Paulo-242-2038937-36419363-0,6.8,-23.546394499999998,-46.4262665,,,,1,2023-06-17T12:40:39+00:00
SAO_8008-10,São Paulo,3550308,True,,1258,,,-23.488006,-46.7563015,,,,1,2023-06-17T12:40:06+00:00
SAO_807A-10,São Paulo,3550308,True,,1900,,,-23.630661,-46.773396000000005,,,,1,2023-06-17T12:40:29+00:00
SAO_807A-10,São Paulo,3550308,True,,1900,,,-23.643682,-46.7423945,,,,1,2023-06-17T12:40:48+00:00
SAO_807A-10,São Paulo,3550308,True,,1900,,,-23.6538355,-46.7110955,,,,1,2023-06-17T12:40:34+00:00
SAO_407H-10,São Paulo,3550308,True,,2197,,,-23.546550250000003,-46.461182,,,,1,2023-06-17T12:40:42+00:00
SAO_407H-10,São Paulo,3550308,True,,2197,,,-23.6086825,-46.4525535,,,,1,2023-06-17T12:40:37+00:00
SAO_407H-10,São Paulo,3550308,True,,2197,,,-23.62263875,-46.44855675,,,,1,2023-06-17T12:40:32+00:00
SAO_407H-10,São Paulo,3550308,True,,2197,,,-23.5730545,-46.445757,,,,1,2023-06-17T12:40:39+00:00
SAO_407H-10,São Paulo,3550308,True,,2197,,,-23.596052999999998,-46.453267,,,,1,2023-06-17T12:40:11+00:00
SAO_2123-10,São Paulo,3550308,True,,692,,,-23.50024,-46.59709375,,,,1,2023-06-17T12:40:08+00:00
SAO_2123-10,São Paulo,3550308,True,,692,,,-23.54941025,-46.632264250000006,,,,1,2023-06-17T12:40:06+00:00
SAO_407F-10,São Paulo,3550308,True,,2167,,,-23.6112775,-46.475717,,,,1,2023-06-17T12:40:37+00:00
SAO_407F-10,São Paulo,3550308,True,,2167,,,-23.574468500000002,-46.5305125,,,,1,2023-06-17T12:40:18+00:00
SAO_407F-10,São Paulo,3550308,True,,2167,,,-23.559615,-46.56752924999999,,,,1,2023-06-17T12:40:04+00:00
SAO_407F-10,São Paulo,3550308,True,,2167,,,-23.612665,-46.476373499999994,,,,1,2023-06-17T12:40:40+00:00
SAO_8029-10,São Paulo,3550308,True,,35308,,,-23.5855945,-46.724115,,,,2,2023-06-17T12:40:42+00:00
SAO_8029-10,São Paulo,3550308,True,,35308,,,-23.596751249999997,-46.7202475,,,,2,2023-06-17T12:40:25+00:00
SAO_8029-10,São Paulo,3550308,True,,35308,,,-23.614305,-46.7424905,,,,2,2023-06-17T12:40:16+00:00
SAO_5290-10,São Paulo,3550308,True,,33365,,,-23.625086500000002,-46.640750499999996,,,,2,2023-06-17T12:40:26+00:00
SAO_5290-10,São Paulo,3550308,True,,33365,,,-23.680852,-46.636013000000005,,,,2,2023-06-17T12:40:29+00:00
SAO_5290-10,São Paulo,3550308,True,,33365,,,-23.5469355,-46.630097,,,,2,2023-06-17T12:40:44+00:00
SAO_5290-10,São Paulo,3550308,True,,33365,,,-23.680952499999997,-46.636174499999996,,,,2,2023-06-17T12:40:31+00:00
SAO_1758-10,São Paulo,3550308,True,EMTU,552,https://moovitapp.com/index/pt-br/transporte_p%C3%BAblico-line-552-Sao_Paulo-242-2038937-36419556-0,6.8,-23.464035125000002,-46.654045625,,,,1,2023-06-17T12:40:35+00:00
SAO_1758-10,São Paulo,3550308,True,EMTU,552,https://moovitapp.com/index/pt-br/transporte_p%C3%BAblico-line-552-Sao_Paulo-242-2038937-36419556-0,6.8,-23.4857035,-46.628581374999996,,,,1,2023-06-17T12:40:05+00:00
SAO_2708-10,São Paulo,3550308,True,,33689,,,-23.54147425,-46.4575135,,,,2,2023-06-17T12:40:12+00:00
SAO_2708-10,São Paulo,3550308,True,,33689,,,-23.533335875,-46.40048375,,,,2,2023-06-17T12:40:00+00:00
SAO_2708-10,São Paulo,3550308,True,,33689,,,-23.5430545,-46.470682999999994,,,,2,2023-06-17T12:40:40+00:00
SAO_917M-10,São Paulo,3550308,True,,1366,,,-23.471427499999997,-46.7060325,,,,1,2023-06-17T12:40:20+00:00
SAO_917M-10,São Paulo,3550308,True,,1366,,,-23.519468000000003,-46.667476875000006,,,,1,2023-06-17T12:40:37+00:00
SAO_917M-10,São Paulo,3550308,True,,1366,,,-23.5660375,-46.65107437500001,,,,1,2023-06-17T12:40:07+00:00
SAO_809J-10,São Paulo,3550308,True,,34834,,,-23.601188999999998,-46.714459,,,,2,2023-06-17T12:40:13+00:00
SAO_407M-10,São Paulo,3550308,True,,33086,,,-23.5755675,-46.613721999999996,,,,2,2023-06-17T12:40:13+00:00
SAO_8544-10,São Paulo,3550308,True,EMTU,430,https://moovitapp.com/index/pt-br/transporte_p%C3%BAblico-line-430-Sao_Paulo-242-2038937-36584270-0,5.2,-23.488878,-46.710856,,,,1,2023-06-17T12:40:13+00:00
SAO_8544-10,São Paulo,3550308,True,EMTU,430,https://moovitapp.com/index/pt-br/transporte_p%C3%BAblico-line-430-Sao_Paulo-242-2038937-36584270-0,5.2,-23.542839999999998,-46.6362885,,,,1,2023-06-17T12:40:27+00:00
SAO_8544-10,São Paulo,3550308,True,EMTU,430,https://moovitapp.com/index/pt-br/transporte_p%C3%BAblico-line-430-Sao_Paulo-242-2038937-36584270-0,5.2,-23.43836575,-46.751590750000005,,,,1,2023-06-17T12:40:34+00:00
SAO_5185-10,São Paulo,3550308,True,,1308,,,-23.6677575,-46.7351975,,,,1,2023-06-17T12:40:27+00:00
SAO_5185-10,São Paulo,3550308,True,,1308,,,-23.5471955,-46.630402000000004,,,,1,2023-06-17T12:40:39+00:00
SAO_5185-10,São Paulo,3550308,True,,1308,,,-23.559326,-46.642411499999994,,,,1,2023-06-17T12:40:28+00:00
SAO_5185-10,São Paulo,3550308,True,,1308,,,-23.62902225,-46.66515575,,,,1,2023-06-17T12:40:31+00:00
SAO_5185-10,São Paulo,3550308,True,,1308,,,-23.658919,-46.699098,,,,1,2023-06-17T12:40:44+00:00
SAO_6014-10,São Paulo,3550308,True,,188,,,-23.6765805,-46.757677,,,,1,2023-06-17T12:40:34+00:00
SAO_6014-10,São Paulo,3550308,True,,188,,,-23.7420645,-46.8001675,,,,1,2023-06-17T12:40:36+00:00
SAO_695V-10,São Paulo,3550308,True,,32776,,,-23.654061749999997,-46.76002575,,,,2,2023-06-17T12:40:43+00:00
SAO_695V-10,São Paulo,3550308,True,,32776,,,-23.601544124999997,-46.6604005,,,,2,2023-06-17T12:40:17+00:00
SAO_273V-10,São Paulo,3550308,True,,32999,,,-23.532400000000003,-46.482676,,,,2,2023-06-17T12:40:00+00:00
SAO_273V-10,São Paulo,3550308,True,,32999,,,-23.524516249999998,-46.422036250000005,,,,2,2023-06-17T12:40:24+00:00
SAO_4732-31,São Paulo,3550308,True,,2127,,,-23.642007,-46.5968465,,,,1,2023-06-17T12:40:17+00:00
SAO_4732-31,São Paulo,3550308,True,,2127,,,-23.621195,-46.63374974999999,,,,1,2023-06-17T12:40:29+00:00
SAO_938V-10,São Paulo,3550308,True,STT,813,https://moovitapp.com/index/pt-br/transporte_p%C3%BAblico-line-813-Sao_Paulo-242-850661-183360-0,5.3,-23.4774045,-46.681499,,,,1,2023-06-17T12:40:38+00:00
SAO_938V-10,São Paulo,3550308,True,STT,813,https://moovitapp.com/index/pt-br/transporte_p%C3%BAblico-line-813-Sao_Paulo-242-850661-183360-0,5.3,-23.459018,-46.674842999999996,,,,1,2023-06-17T12:40:44+00:00
SAO_938V-10,São Paulo,3550308,True,STT,813,https://moovitapp.com/index/pt-br/transporte_p%C3%BAblico-line-813-Sao_Paulo-242-850661-183360-0,5.3,-23.49129825,-46.6948755,,,,1,2023-06-17T12:40:12+00:00
SAO_938V-10,São Paulo,3550308,True,STT,813,https://moovitapp.com/index/pt-br/transporte_p%C3%BAblico-line-813-Sao_Paulo-242-850661-183360-0,5.3,-23.452962,-46.684575499999994,,,,1,2023-06-17T12:40:12+00:00
SAO_938V-10,São Paulo,3550308,True,STT,813,https://moovitapp.com/index/pt-br/transporte_p%C3%BAblico-line-813-Sao_Paulo-242-850661-183360-0,5.3,-23.452818,-46.6847035,,,,1,2023-06-17T12:40:44+00:00
SAO_938V-10,São Paulo,3550308,True,STT,813,https://moovitapp.com/index/pt-br/transporte_p%C3%BAblico-line-813-Sao_Paulo-242-850661-183360-0,5.3,-23.5160785,-46.698674499999996,,,,1,2023-06-17T12:40:36+00:00
SAO_4007-10,São Paulo,3550308,True,,2181,,,-23.555605375,-46.452785750000004,,,,1,2023-06-17T12:40:29+00:00
SAO_4007-10,São Paulo,3550308,True,,2181,,,-23.565188,-46.396632,,,,1,2023-06-17T12:40:08+00:00
SAO_4007-10,São Paulo,3550308,True,,2181,,,-23.549933,-46.4257925,,,,1,2023-06-17T12:40:34+00:00
SAO_4007-10,São Paulo,3550308,True,,2181,,,-23.555124,-46.5173295,,,,1,2023-06-17T12:40:19+00:00
SAO_8006-10,São Paulo,3550308,True,,1256,,,-23.4779075,-46.728043,,,,1,2023-06-17T12:40:44+00:00
SAO_8006-10,São Paulo,3550308,True,,1256,,,-23.4325535,-46.72980325,,,,1,2023-06-17T12:40:41+00:00
SAO_8006-10,São Paulo,3550308,True,,1256,,,-23.4390845,-46.734372,,,,1,2023-06-17T12:40:31+00:00
SAO_4222-10,São Paulo,3550308,True,,33056,,,-23.58503625,-46.58728525,,,,2,2023-06-17T12:40:46+00:00
SAO_4222-10,São Paulo,3550308,True,,33056,,,-23.6143715,-46.512184000000005,,,,2,2023-06-17T12:40:17+00:00
SAO_2766-10,São Paulo,3550308,True,EMTU,405,https://moovitapp.com/index/pt-br/transporte_p%C3%BAblico-line-405-Sao_Paulo-242-2038937-36419467-0,5.35,-23.5185215,-46.387811,,,,1,2023-06-17T12:40:32+00:00
SAO_2766-10,São Paulo,3550308,True,EMTU,405,https://moovitapp.com/index/pt-br/transporte_p%C3%BAblico-line-405-Sao_Paulo-242-2038937-36419467-0,5.35,-23.5205845,-46.390026500000005,,,,1,2023-06-17T12:40:08+00:00
SAO_4011-10,São Paulo,3550308,True,,34952,,,-23.622668,-46.4160395,,,,2,2023-06-17T12:40:36+00:00
SAO_4011-10,São Paulo,3550308,True,,34952,,,-23.60305075,-46.470631,,,,2,2023-06-17T12:40:05+00:00
SAO_3013-10,São Paulo,3550308,True,,954,,,-23.582969,-46.407816499999996,,,,1,2023-06-17T12:40:44+00:00
SAO_2755-10,São Paulo,3550308,True,STT,233,https://moovitapp.com/index/pt-br/transporte_p%C3%BAblico-line-233-Sao_Paulo-242-850661-183266-0,5.3,-23.521662,-46.443023749999995,,,,1,2023-06-17T12:40:24+00:00
SAO_2755-10,São Paulo,3550308,True,STT,233,https://moovitapp.com/index/pt-br/transporte_p%C3%BAblico-line-233-Sao_Paulo-242-850661-183266-0,5.3,-23.521398250000004,-46.524276,,,,1,2023-06-17T12:40:09+00:00
SAO_2755-10,São Paulo,3550308,True,STT,233,https://moovitapp.com/index/pt-br/transporte_p%C3%BAblico-line-233-Sao_Paulo-242-850661-183266-0,5.3,-23.515555499999998,-46.4851265,,,,1,2023-06-17T12:38:52+00:00
SAO_2755-10,São Paulo,3550308,True,STT,233,https://moovitapp.com/index/pt-br/transporte_p%C3%BAblico-line-233-Sao_Paulo-242-850661-183266-0,5.3,-23.5412365,-46.410338499999995,,,,1,2023-06-17T12:40:33+00:00
SAO_2755-10,São Paulo,3550308,True,STT,233,https://moovitapp.com/index/pt-br/transporte_p%C3%BAblico-line-233-Sao_Paulo-242-850661-183266-0,5.3,-23.5420395,-46.410954000000004,,,,1,2023-06-17T12:40:29+00:00
SAO_4732-31,São Paulo,3550308,True,,34895,,,-23.6475085,-46.600749,,,,2,2023-06-17T12:40:06+00:00
SAO_4732-31,São Paulo,3550308,True,,34895,,,-23.63212025,-46.61045025,,,,2,2023-06-17T12:40:34+00:00
SAO_2023-10,São Paulo,3550308,True,,35028,,,-23.398296000000002,-46.577902,,,,2,2023-06-17T12:40:41+00:00
SAO_2023-10,São Paulo,3550308,True,,35028,,,-23.397651,-46.577398,,,,2,2023-06-17T12:40:07+00:00
SAO_2023-10,São Paulo,3550308,True,,35028,,,-23.447898000000002,-46.599212,,,,2,2023-06-17T12:40:38+00:00
SAO_2023-10,São Paulo,3550308,True,,35028,,,-23.479859500000003,-46.6022495,,,,2,2023-06-17T12:40:10+00:00
SAO_8622-10,São Paulo,3550308,True,EMTU,438,https://moovitapp.com/index/pt-br/transporte_p%C3%BAblico-line-438-Sao_Paulo-242-2038937-36419488-0,7.65,-23.438838500000003,-46.7860845,,,,1,2023-06-17T12:40:31+00:00
SAO_8622-10,São Paulo,3550308,True,EMTU,438,https://moovitapp.com/index/pt-br/transporte_p%C3%BAblico-line-438-Sao_Paulo-242-2038937-36419488-0,7.65,-23.52613925,-46.676466375000004,,,,1,2023-06-17T12:40:33+00:00
SAO_8622-10,São Paulo,3550308,True,EMTU,438,https://moovitapp.com/index/pt-br/transporte_p%C3%BAblico-line-438-Sao_Paulo-242-2038937-36419488-0,7.65,-23.50763525,-46.7472695,,,,1,2023-06-17T12:40:40+00:00
SAO_178Y-10,São Paulo,3550308,True,,33636,,,-23.491255000000002,-46.617676,,,,2,2023-06-17T12:40:35+00:00
SAO_178Y-10,São Paulo,3550308,True,,33636,,,-23.464212,-46.638577999999995,,,,2,2023-06-17T12:35:00+00:00
SAO_178Y-10,São Paulo,3550308,True,,33636,,,-23.4815495,-46.627254,,,,2,2023-06-17T12:40:34+00:00
SAO_9006-10,São Paulo,3550308,True,,33642,,,-23.464864,-46.6906185,,,,2,2023-06-17T12:40:42+00:00
SAO_9006-10,São Paulo,3550308,True,,33642,,,-23.473402749999998,-46.67138274999999,,,,2,2023-06-17T12:40:13+00:00
SAO_9006-10,São Paulo,3550308,True,,33642,,,-23.464864,-46.6906185,,,,2,2023-06-17T12:40:08+00:00
SAO_4024-10,São Paulo,3550308,True,,2158,,,-23.55311225,-46.44498575,,,,1,2023-06-17T12:40:29+00:00
SAO_2020-10,São Paulo,3550308,True,,35030,,,-23.460435124999997,-46.622806874999995,,,,2,2023-06-17T12:40:34+00:00
SAO_4708-10,São Paulo,3550308,True,EMTU,332,https://moovitapp.com/index/pt-br/transporte_p%C3%BAblico-line-332-Sao_Paulo-242-2038937-36419418-0,4.5,-23.626294,-46.60661575,,,,1,2023-06-17T12:40:41+00:00
SAO_8019-31,São Paulo,3550308,True,,35342,,,-23.5484385,-46.7587525,,,,2,2023-06-17T12:40:14+00:00
SAO_7062-10,São Paulo,3550308,True,,34666,,,-23.646065,-46.772230500000006,,,,2,2023-06-17T12:40:31+00:00
SAO_7062-10,São Paulo,3550308,True,,34666,,,-23.645670000000003,-46.7712555,,,,2,2023-06-17T12:40:46+00:00
SAO_2011-10,São Paulo,3550308,True,,34904,,,-23.476336,-46.5952705,,,,2,2023-06-17T12:40:35+00:00
SAO_2011-10,São Paulo,3550308,True,,34904,,,-23.48918925,-46.569988249999994,,,,2,2023-06-17T12:40:30+00:00
SAO_2011-10,São Paulo,3550308,True,,34904,,,-23.487226749999998,-46.565507,,,,2,2023-06-17T12:40:22+00:00
SAO_408A-10,São Paulo,3550308,True,,33534,,,-23.545442,-46.672666,,,,2,2023-06-17T12:40:44+00:00
SAO_3721-10,São Paulo,3550308,True,,33787,,,-23.5634675,-46.505427,,,,2,2023-06-17T12:40:20+00:00
SAO_3721-10,São Paulo,3550308,True,,33787,,,-23.563564,-46.5053905,,,,2,2023-06-17T12:39:59+00:00
SAO_3721-10,São Paulo,3550308,True,,33787,,,-23.550503999999997,-46.48817774999999,,,,2,2023-06-17T12:40:23+00:00
SAO_8009-31,São Paulo,3550308,True,,1260,,,-23.442337000000002,-46.7242885,,,,1,2023-06-17T12:40:44+00:00
SAO_8686-10,São Paulo,3550308,True,,33214,,,-23.48884275,-46.74307775,,,,2,2023-06-17T12:40:21+00:00
SAO_8686-10,São Paulo,3550308,True,,33214,,,-23.535335500000002,-46.65259999999999,,,,2,2023-06-17T12:40:09+00:00
SAO_8013-10,São Paulo,3550308,True,,800,,,-23.431413,-46.7872125,,,,1,2023-06-17T12:40:43+00:00
SAO_8013-10,São Paulo,3550308,True,,800,,,-23.431413,-46.7872125,,,,1,2023-06-17T12:40:19+00:00
SAO_8013-10,São Paulo,3550308,True,,800,,,-23.525593999999998,-46.715016000000006,,,,1,2023-06-17T12:40:15+00:00
SAO_8013-10,São Paulo,3550308,True,,800,,,-23.431413,-46.7872125,,,,1,2023-06-17T12:40:20+00:00
SAO_8013-10,São Paulo,3550308,True,,800,,,-23.431413,-46.7872125,,,,1,2023-06-17T12:40:19+00:00
SAO_8013-10,São Paulo,3550308,True,,800,,,-23.44625575,-46.78750625,,,,1,2023-06-17T12:40:21+00:00
SAO_8013-10,São Paulo,3550308,True,,800,,,-23.482656,-46.77087075,,,,1,2023-06-17T12:40:27+00:00
SAO_8013-10,São Paulo,3550308,True,,800,,,-23.508340999999998,-46.741192625,,,,1,2023-06-17T12:40:09+00:00
SAO_675R-10,São Paulo,3550308,True,,109,,,-23.677722250000002,-46.682867375,,,,1,2023-06-17T12:40:38+00:00
SAO_675R-10,São Paulo,3550308,True,,109,,,-23.7240495,-46.6878355,,,,1,2023-06-17T12:40:09+00:00
SAO_675R-10,São Paulo,3550308,True,,109,,,-23.644068,-46.657943,,,,1,2023-06-17T12:40:39+00:00
SAO_6L04-41,São Paulo,3550308,True,,1566,,,-23.8395065,-46.738541999999995,,,,1,2023-06-17T12:40:22+00:00
SAO_748R-10,São Paulo,3550308,True,EMTU,501,https://moovitapp.com/index/pt-br/transporte_p%C3%BAblico-line-501-Sao_Paulo-242-2038937-36419526-0,7.55,-23.5504738125,-46.7394504375,,,,1,2023-06-17T12:40:23+00:00
SAO_748R-10,São Paulo,3550308,True,EMTU,501,https://moovitapp.com/index/pt-br/transporte_p%C3%BAblico-line-501-Sao_Paulo-242-2038937-36419526-0,7.55,-23.54262475,-46.73122875,,,,1,2023-06-17T12:40:19+00:00
SAO_748R-10,São Paulo,3550308,True,EMTU,501,https://moovitapp.com/index/pt-br/transporte_p%C3%BAblico-line-501-Sao_Paulo-242-2038937-36419526-0,7.55,-23.5510456875,-46.740044062500004,,,,1,2023-06-17T12:40:07+00:00
SAO_748R-10,São Paulo,3550308,True,EMTU,501,https://moovitapp.com/index/pt-br/transporte_p%C3%BAblico-line-501-Sao_Paulo-242-2038937-36419526-0,7.55,-23.5502831875,-46.7392525625,,,,1,2023-06-17T12:40:08+00:00
SAO_748R-10,São Paulo,3550308,True,EMTU,501,https://moovitapp.com/index/pt-br/transporte_p%C3%BAblico-line-501-Sao_Paulo-242-2038937-36419526-0,7.55,-23.5504738125,-46.7394504375,,,,1,2023-06-17T12:40:21+00:00
SAO_748R-10,São Paulo,3550308,True,EMTU,501,https://moovitapp.com/index/pt-br/transporte_p%C3%BAblico-line-501-Sao_Paulo-242-2038937-36419526-0,7.55,-23.594955,-46.7886485,,,,1,2023-06-17T12:40:23+00:00
SAO_390E-10,São Paulo,3550308,True,,1882,,,-23.5358395,-46.572618,,,,1,2023-06-17T12:40:38+00:00
SAO_390E-10,São Paulo,3550308,True,,1882,,,-23.5461575,-46.6309005,,,,1,2023-06-17T12:40:05+00:00
SAO_5143-10,São Paulo,3550308,True,,34396,,,-23.614938000000002,-46.5020905,,,,2,2023-06-17T12:40:34+00:00
SAO_5143-10,São Paulo,3550308,True,,34396,,,-23.568416,-46.608901,,,,2,2023-06-17T12:40:29+00:00
SAO_875H-10,São Paulo,3550308,True,,1340,,,-23.5611995,-46.65686025,,,,1,2023-06-17T12:40:22+00:00
SAO_875H-10,São Paulo,3550308,True,,1340,,,-23.5201835,-46.699305499999994,,,,1,2023-06-17T12:40:45+00:00
SAO_1016-10,São Paulo,3550308,True,EMTU,831,https://moovitapp.com/index/pt-br/transporte_p%C3%BAblico-line-831-Sao_Paulo-242-2038937-36419598-0,5.7,-23.4491595,-46.610466,,,,1,2023-06-17T12:40:09+00:00
SAO_1016-10,São Paulo,3550308,True,EMTU,831,https://moovitapp.com/index/pt-br/transporte_p%C3%BAblico-line-831-Sao_Paulo-242-2038937-36419598-0,5.7,-23.465746000000003,-46.60518325,,,,1,2023-06-17T12:40:21+00:00
SAO_1016-10,São Paulo,3550308,True,EMTU,831,https://moovitapp.com/index/pt-br/transporte_p%C3%BAblico-line-831-Sao_Paulo-242-2038937-36419598-0,5.7,-23.4960375,-46.612066,,,,1,2023-06-17T12:40:28+00:00
SAO_1016-10,São Paulo,3550308,True,EMTU,831,https://moovitapp.com/index/pt-br/transporte_p%C3%BAblico-line-831-Sao_Paulo-242-2038937-36419598-0,5.7,-23.446737,-46.611729,,,,1,2023-06-17T12:40:29+00:00
SAO_948A-10,São Paulo,3550308,True,,1423,,,-23.52049,-46.6992895,,,,1,2023-06-17T12:40:34+00:00
SAO_948A-10,São Paulo,3550308,True,,1423,,,-23.476726,-46.7149065,,,,1,2023-06-17T12:40:22+00:00
SAO_307C-10,São Paulo,3550308,True,,2114,,,-23.496196499999996,-46.4023325,,,,1,2023-06-17T12:39:55+00:00
SAO_307C-10,São Paulo,3550308,True,,2114,,,-23.498051,-46.4632175,,,,1,2023-06-17T12:40:09+00:00
SAO_307C-10,São Paulo,3550308,True,,2114,,,-23.51828025,-46.3879975,,,,1,2023-06-17T12:40:13+00:00
SAO_4056-10,São Paulo,3550308,True,,2237,,,-23.607075000000002,-46.4513815,,,,1,2023-06-17T12:40:05+00:00
SAO_4056-10,São Paulo,3550308,True,,2237,,,-23.607075000000002,-46.4513815,,,,1,2023-06-17T12:40:04+00:00
SAO_4056-10,São Paulo,3550308,True,,2237,,,-23.610198875000002,-46.45835825,,,,1,2023-06-17T12:40:40+00:00
SAO_6804-10,São Paulo,3550308,True,,32798,,,-23.635654000000002,-46.747935999999996,,,,2,2023-06-17T12:40:27+00:00
SAO_6804-10,São Paulo,3550308,True,,32798,,,-23.6359375,-46.748142,,,,2,2023-06-17T12:40:24+00:00
SAO_2770-10,São Paulo,3550308,True,,33011,,,-23.5408,-46.4184225,,,,2,2023-06-17T12:40:31+00:00
SAO_2770-10,São Paulo,3550308,True,,33011,,,-23.5117145,-46.5109505,,,,2,2023-06-17T12:40:03+00:00
SAO_2770-10,São Paulo,3550308,True,,33011,,,-23.492140624999998,-46.444689125,,,,2,2023-06-17T12:40:38+00:00
SAO_172Y-10,São Paulo,3550308,True,,862,,,-23.494673499999998,-46.587291,,,,1,2023-06-17T12:40:14+00:00
SAO_172Y-10,São Paulo,3550308,True,,862,,,-23.518273,-46.589727374999995,,,,1,2023-06-17T12:39:48+00:00
SAO_7009-10,São Paulo,3550308,True,,1951,,,-23.683084,-46.7686295,,,,1,2023-06-17T12:40:14+00:00
SAO_1782-10,São Paulo,3550308,True,,643,,,-23.4521515,-46.571297,,,,1,2023-06-17T12:40:19+00:00
SAO_2712-10,São Paulo,3550308,True,,926,,,-23.5407195,-46.482772499999996,,,,1,2023-06-17T12:40:37+00:00
SAO_2712-10,São Paulo,3550308,True,,926,,,-23.5332165,-46.479547499999995,,,,1,2023-06-17T12:40:11+00:00
SAO_2712-10,São Paulo,3550308,True,,926,,,-23.5407195,-46.482772499999996,,,,1,2023-06-17T12:40:00+00:00
SAO_8610-10,São Paulo,3550308,True,,34831,,,-23.6031905,-46.781071999999995,,,,2,2023-06-17T12:40:24+00:00
SAO_8610-10,São Paulo,3550308,True,,34831,,,-23.579709,-46.6853055,,,,2,2023-06-17T12:40:39+00:00
SAO_2722-31,São Paulo,3550308,True,,33704,,,-23.528868,-46.5167825,,,,2,2023-06-17T12:40:36+00:00
SAO_2722-31,São Paulo,3550308,True,,33704,,,-23.4851945,-46.4879015,,,,2,2023-06-17T12:40:24+00:00
SAO_2722-31,São Paulo,3550308,True,,33704,,,-23.504121,-46.49389525,,,,2,2023-06-17T12:40:39+00:00
SAO_414P-10,São Paulo,3550308,True,,33873,,,-23.550624499999998,-46.56779,,,,2,2023-06-17T12:40:30+00:00
SAO_414P-10,São Paulo,3550308,True,,33873,,,-23.5369965,-46.563503,,,,2,2023-06-17T12:40:06+00:00
SAO_414P-10,São Paulo,3550308,True,,33873,,,-23.609536249999998,-46.53277175,,,,2,2023-06-17T12:40:32+00:00
SAO_4019-10,São Paulo,3550308,True,,35292,,,-23.542814,-46.470709,,,,2,2023-06-17T12:40:06+00:00
SAO_4019-10,São Paulo,3550308,True,,35292,,,-23.542697,-46.4700195,,,,2,2023-06-17T12:40:39+00:00
SAO_971X-10,São Paulo,3550308,True,,1695,,,-23.50252225,-46.626307,,,,1,2023-06-17T12:40:45+00:00
SAO_971X-10,São Paulo,3550308,True,,1695,,,-23.4984665,-46.6411745,,,,1,2023-06-17T12:40:20+00:00
SAO_971X-10,São Paulo,3550308,True,,1695,,,-23.4747695,-46.669715,,,,1,2023-06-17T12:40:42+00:00
SAO_971X-10,São Paulo,3550308,True,,1695,,,-23.4747695,-46.669715,,,,1,2023-06-17T12:40:25+00:00
SAO_971X-10,São Paulo,3550308,True,,1695,,,-23.4800945,-46.657217,,,,1,2023-06-17T12:40:41+00:00
SAO_971X-10,São Paulo,3550308,True,,1695,,,-23.4747695,-46.669715,,,,1,2023-06-17T12:40:37+00:00
SAO_6L04-42,São Paulo,3550308,True,,34335,,,-23.8281815,-46.7272275,,,,2,2023-06-17T12:40:05+00:00
SAO_513L-10,São Paulo,3550308,True,,34423,,,-23.582364125,-46.6021575,,,,2,2023-06-17T12:40:23+00:00
SAO_6030-10,São Paulo,3550308,True,,1142,,,-23.741073,-46.707885000000005,,,,1,2023-06-17T12:39:59+00:00
SAO_6030-10,São Paulo,3550308,True,,1142,,,-23.66784925,-46.705284250000005,,,,1,2023-06-17T12:40:14+00:00
SAO_5106-10,São Paulo,3550308,True,,1280,,,-23.690593999999997,-46.6572405,,,,1,2023-06-17T12:40:26+00:00
SAO_5106-10,São Paulo,3550308,True,,1280,,,-23.586151,-46.647769999999994,,,,1,2023-06-17T12:40:24+00:00
SAO_5106-10,São Paulo,3550308,True,,1280,,,-23.600724,-46.636610000000005,,,,1,2023-06-17T12:40:26+00:00
SAO_5106-10,São Paulo,3550308,True,,1280,,,-23.6763875,-46.62831,,,,1,2023-06-17T12:38:59+00:00
SAO_3762-10,São Paulo,3550308,True,,1053,,,-23.546595625000002,-46.554640250000006,,,,1,2023-06-17T12:40:32+00:00
SAO_3762-10,São Paulo,3550308,True,,1053,,,-23.5620085,-46.5492625,,,,1,2023-06-17T12:40:46+00:00
SAO_3762-10,São Paulo,3550308,True,,1053,,,-23.562040500000002,-46.548947999999996,,,,1,2023-06-17T12:40:36+00:00
SAO_3762-10,São Paulo,3550308,True,,1053,,,-23.543640000000003,-46.576733624999996,,,,1,2023-06-17T12:40:24+00:00
SAO_3762-10,São Paulo,3550308,True,,1053,,,-23.591411,-46.516296499999996,,,,1,2023-06-17T12:40:41+00:00
SAO_3762-10,São Paulo,3550308,True,,1053,,,-23.585614,-46.5190085,,,,1,2023-06-17T12:40:19+00:00
SAO_958P-10,São Paulo,3550308,True,,465,,,-23.558722500000002,-46.698645,,,,1,2023-06-17T12:40:35+00:00
SAO_271C-10,São Paulo,3550308,True,STT,682,https://moovitapp.com/index/pt-br/transporte_p%C3%BAblico-line-682-Sao_Paulo-242-850661-183336-0,5.3,-23.5337075,-46.6445165,,,,1,2023-06-17T12:40:16+00:00
SAO_271C-10,São Paulo,3550308,True,STT,682,https://moovitapp.com/index/pt-br/transporte_p%C3%BAblico-line-682-Sao_Paulo-242-850661-183336-0,5.3,-23.523525499999998,-46.583436500000005,,,,1,2023-06-17T12:40:38+00:00
SAO_271C-10,São Paulo,3550308,True,STT,682,https://moovitapp.com/index/pt-br/transporte_p%C3%BAblico-line-682-Sao_Paulo-242-850661-183336-0,5.3,-23.4948485,-46.583794499999996,,,,1,2023-06-17T12:40:27+00:00
SAO_2719-10,São Paulo,3550308,True,,932,,,-23.531444999999998,-46.5293925,,,,1,2023-06-17T12:40:10+00:00
SAO_2719-10,São Paulo,3550308,True,,932,,,-23.492438,-46.477931749999996,,,,1,2023-06-17T12:40:31+00:00
SAO_2719-10,São Paulo,3550308,True,,932,,,-23.504108374999998,-46.488180625,,,,1,2023-06-17T12:40:31+00:00
SAO_2719-10,São Paulo,3550308,True,,932,,,-23.5293585,-46.527834999999996,,,,1,2023-06-17T12:40:38+00:00
SAO_2719-10,São Paulo,3550308,True,,932,,,-23.5123885,-46.514519,,,,1,2023-06-17T12:40:26+00:00
SAO_3735-10,São Paulo,3550308,True,,33803,,,-23.547779249999998,-46.4959655,,,,2,2023-06-17T12:40:12+00:00
SAO_208M-10,São Paulo,3550308,True,,35246,,,-23.544504500000002,-46.665517,,,,2,2023-06-17T12:40:42+00:00
SAO_208M-10,São Paulo,3550308,True,,35246,,,-23.501943500000003,-46.6235805,,,,2,2023-06-17T12:40:17+00:00
SAO_6805-10,São Paulo,3550308,True,,32799,,,-23.6544925,-46.7622535,,,,2,2023-06-17T12:40:16+00:00
SAO_4716-10,São Paulo,3550308,True,,1106,,,-23.6040785,-46.633230499999996,,,,1,2023-06-17T12:40:37+00:00
SAO_4716-10,São Paulo,3550308,True,,1106,,,-23.612806499999998,-46.609026,,,,1,2023-06-17T12:40:37+00:00
SAO_4716-10,São Paulo,3550308,True,,1106,,,-23.601743,-46.601547,,,,1,2023-06-17T12:40:15+00:00
SAO_4709-10,São Paulo,3550308,True,,333,,,-23.629247,-46.60199475,,,,1,2023-06-17T12:40:27+00:00
SAO_4709-10,São Paulo,3550308,True,,333,,,-23.597042000000002,-46.630844249999996,,,,1,2023-06-17T12:40:34+00:00
SAO_775A-10,São Paulo,3550308,True,EMTU,473,https://moovitapp.com/index/pt-br/transporte_p%C3%BAblico-line-473-Sao_Paulo-242-2038937-36419509-0,7.55,-23.5767545,-46.755530500000006,,,,1,2023-06-17T12:40:21+00:00
SAO_971C-10,São Paulo,3550308,True,,33339,,,-23.449078,-46.710038,,,,2,2023-06-17T12:40:24+00:00
SAO_971C-10,São Paulo,3550308,True,,33339,,,-23.44268675,-46.706289999999996,,,,2,2023-06-17T12:40:27+00:00
SAO_971C-10,São Paulo,3550308,True,,33339,,,-23.487154,-46.652702000000005,,,,2,2023-06-17T12:40:39+00:00
SAO_1025-10,São Paulo,3550308,True,,35071,,,-23.467668,-46.697927,,,,2,2023-06-17T12:40:17+00:00
SAO_2451-10,São Paulo,3550308,True,,32981,,,-23.522164,-46.53876775,,,,2,2023-06-17T12:40:02+00:00
SAO_2451-10,São Paulo,3550308,True,,32981,,,-23.516843,-46.489267999999996,,,,2,2023-06-17T12:40:19+00:00
SAO_9191-10,São Paulo,3550308,True,,33578,,,-23.4962745,-46.683161999999996,,,,2,2023-06-17T12:40:05+00:00
SAO_9191-10,São Paulo,3550308,True,,33578,,,-23.529466875,-46.63987725,,,,2,2023-06-17T12:40:01+00:00
SAO_9191-10,São Paulo,3550308,True,,33578,,,-23.456059500000002,-46.678576,,,,2,2023-06-17T12:40:26+00:00
SAO_9191-10,São Paulo,3550308,True,,33578,,,-23.456177500000003,-46.678882,,,,2,2023-06-17T12:40:19+00:00
SAO_9191-10,São Paulo,3550308,True,,33578,,,-23.5037065,-46.67648225000001,,,,2,2023-06-17T12:40:36+00:00
SAO_9191-10,São Paulo,3550308,True,,33578,,,-23.456177500000003,-46.678882,,,,2,2023-06-17T12:40:09+00:00
SAO_9191-10,São Paulo,3550308,True,,33578,,,-23.5257255,-46.6432085,,,,2,2023-06-17T12:40:12+00:00
SAO_677V-10,São Paulo,3550308,True,EMTU,112,https://moovitapp.com/index/pt-br/transporte_p%C3%BAblico-line-112-Sao_Paulo-242-2038937-36419272-0,5.7,-23.744489,-46.7097325,,,,1,2023-06-17T12:40:08+00:00
SAO_8022-10,São Paulo,3550308,True,,2085,,,-23.55138375,-46.731174249999995,,,,1,2023-06-17T12:40:21+00:00
SAO_478P-10,São Paulo,3550308,True,,33117,,,-23.569384624999998,-46.646860125,,,,2,2023-06-17T12:40:29+00:00
SAO_478P-10,São Paulo,3550308,True,,33117,,,-23.59633225,-46.60990137500001,,,,2,2023-06-17T12:40:17+00:00
SAO_271P-10,São Paulo,3550308,True,,33472,,,-23.534807,-46.633084499999995,,,,2,2023-06-17T12:40:35+00:00
SAO_271P-10,São Paulo,3550308,True,,33472,,,-23.5069825,-46.5329195,,,,2,2023-06-17T12:39:57+00:00
SAO_271P-10,São Paulo,3550308,True,,33472,,,-23.4979085,-46.514503000000005,,,,2,2023-06-17T12:40:00+00:00
SAO_6093-10,São Paulo,3550308,True,,1585,,,-23.762157000000002,-46.71555,,,,1,2023-06-17T12:40:34+00:00
SAO_6093-10,São Paulo,3550308,True,,1585,,,-23.827874,-46.7273005,,,,1,2023-06-17T12:40:32+00:00
SAO_6093-10,São Paulo,3550308,True,,1585,,,-23.80157825,-46.73396275,,,,1,2023-06-17T12:40:30+00:00
SAO_607C-10,São Paulo,3550308,True,,1977,,,-23.67003175,-46.647889750000004,,,,1,2023-06-17T12:40:06+00:00
SAO_607C-10,São Paulo,3550308,True,,1977,,,-23.60250525,-46.69179025,,,,1,2023-06-17T12:40:24+00:00
SAO_607C-10,São Paulo,3550308,True,,1977,,,-23.682105999999997,-46.636607,,,,1,2023-06-17T12:40:34+00:00
SAO_607C-10,São Paulo,3550308,True,,1977,,,-23.6526035,-46.6690195,,,,1,2023-06-17T12:40:07+00:00
SAO_607C-10,São Paulo,3550308,True,,1977,,,-23.641894,-46.674459999999996,,,,1,2023-06-17T12:40:03+00:00
SAO_971T-10,São Paulo,3550308,True,,33386,,,-23.486166,-46.660713,,,,2,2023-06-17T12:40:23+00:00
SAO_971T-10,São Paulo,3550308,True,,33386,,,-23.493424500000003,-46.675837,,,,2,2023-06-17T12:40:38+00:00
SAO_971T-10,São Paulo,3550308,True,,33386,,,-23.493633000000003,-46.6745315,,,,2,2023-06-17T12:40:06+00:00
SAO_4003-10,São Paulo,3550308,True,,2159,,,-23.564697000000002,-46.406105,,,,1,2023-06-17T12:40:28+00:00
SAO_4003-10,São Paulo,3550308,True,,2159,,,-23.541319,-46.42559925,,,,1,2023-06-17T12:39:30+00:00
SAO_4003-10,São Paulo,3550308,True,,2159,,,-23.5742745,-46.3983295,,,,1,2023-06-17T12:40:29+00:00
SAO_4311-10,São Paulo,3550308,True,,34939,,,-23.550130000000003,-46.524350999999996,,,,2,2023-06-17T12:40:24+00:00
SAO_4311-10,São Paulo,3550308,True,,34939,,,-23.53941375,-46.5710875,,,,2,2023-06-17T12:40:41+00:00
SAO_4311-10,São Paulo,3550308,True,,34939,,,-23.551936,-46.6247625,,,,2,2023-06-17T12:40:32+00:00
SAO_4311-10,São Paulo,3550308,True,,34939,,,-23.612541,-46.4761165,,,,2,2023-06-17T12:40:40+00:00
SAO_178L-10,São Paulo,3550308,True,EMTU,560,https://moovitapp.com/index/pt-br/transporte_p%C3%BAblico-line-560-Sao_Paulo-242-2038937-36419561-0,6.2,-23.549295,-46.65299950000001,,,,1,2023-06-17T12:40:24+00:00
SAO_178L-10,São Paulo,3550308,True,EMTU,560,https://moovitapp.com/index/pt-br/transporte_p%C3%BAblico-line-560-Sao_Paulo-242-2038937-36419561-0,6.2,-23.492777,-46.6332805,,,,1,2023-06-17T12:40:23+00:00
SAO_178L-10,São Paulo,3550308,True,EMTU,560,https://moovitapp.com/index/pt-br/transporte_p%C3%BAblico-line-560-Sao_Paulo-242-2038937-36419561-0,6.2,-23.535186874999997,-46.65026575,,,,1,2023-06-17T12:40:19+00:00
SAO_178L-10,São Paulo,3550308,True,EMTU,560,https://moovitapp.com/index/pt-br/transporte_p%C3%BAblico-line-560-Sao_Paulo-242-2038937-36419561-0,6.2,-23.5004675,-46.625166500000006,,,,1,2023-06-17T12:40:35+00:00
SAO_2770-10,São Paulo,3550308,True,,243,,,-23.531409,-46.529441,,,,1,2023-06-17T12:40:42+00:00
SAO_2770-10,São Paulo,3550308,True,,243,,,-23.521223749999997,-46.412713,,,,1,2023-06-17T12:40:43+00:00
SAO_2770-10,São Paulo,3550308,True,,243,,,-23.5351115,-46.4284595,,,,1,2023-06-17T12:40:02+00:00
SAO_3414-10,São Paulo,3550308,True,,746,,,-23.550492499999997,-46.625127,,,,1,2023-06-17T12:40:15+00:00
SAO_3414-10,São Paulo,3550308,True,,746,,,-23.5323125,-46.535538,,,,1,2023-06-17T12:40:09+00:00
SAO_1767-10,São Paulo,3550308,True,,628,,,-23.47608825,-46.569563875,,,,1,2023-06-17T12:40:22+00:00
SAO_775F-10,São Paulo,3550308,True,,796,,,-23.60068325,-46.71870237499999,,,,1,2023-06-17T12:40:24+00:00
SAO_775F-10,São Paulo,3550308,True,,796,,,-23.608549500000002,-46.72601325000001,,,,1,2023-06-17T12:40:04+00:00
SAO_775F-10,São Paulo,3550308,True,,796,,,-23.5593425,-46.68047825,,,,1,2023-06-17T12:40:39+00:00
SAO_775F-10,São Paulo,3550308,True,,796,,,-23.6201185,-46.746078499999996,,,,1,2023-06-17T12:40:41+00:00
SAO_719P-10,São Paulo,3550308,True,,1372,,,-23.563358125,-46.687176750000006,,,,1,2023-06-17T12:40:05+00:00
SAO_719P-10,São Paulo,3550308,True,,1372,,,-23.53506275,-46.644746999999995,,,,1,2023-06-17T12:40:36+00:00
SAO_307C-10,São Paulo,3550308,True,,34882,,,-23.49227825,-46.4479485,,,,2,2023-06-17T12:40:35+00:00
SAO_307C-10,São Paulo,3550308,True,,34882,,,-23.5149225,-46.389913500000006,,,,2,2023-06-17T12:40:42+00:00
SAO_5142-10,São Paulo,3550308,True,,1626,,,-23.5827395,-46.562126500000005,,,,1,2023-06-17T12:40:31+00:00
SAO_5142-10,São Paulo,3550308,True,,1626,,,-23.6059235,-46.5129965,,,,1,2023-06-17T12:40:30+00:00
SAO_5142-10,São Paulo,3550308,True,,1626,,,-23.570870624999998,-46.611071875,,,,1,2023-06-17T12:40:20+00:00
SAO_8055-10,São Paulo,3550308,True,,414,,,-23.406563,-46.764232,,,,1,2023-06-17T12:40:34+00:00
SAO_8055-10,São Paulo,3550308,True,,414,,,-23.5060005,-46.7519755,,,,1,2023-06-17T12:40:03+00:00
SAO_8055-10,São Paulo,3550308,True,,414,,,-23.519528,-46.7027475,,,,1,2023-06-17T12:40:10+00:00
SAO_2004-10,São Paulo,3550308,True,,33660,,,-23.5199755,-46.384038000000004,,,,2,2023-06-17T12:39:50+00:00
SAO_2004-10,São Paulo,3550308,True,,33660,,,-23.519621,-46.383444499999996,,,,2,2023-06-17T12:40:18+00:00
SAO_2004-10,São Paulo,3550308,True,,33660,,,-23.519818,-46.383840000000006,,,,2,2023-06-17T12:40:46+00:00
SAO_1726-10,São Paulo,3550308,True,,34171,,,-23.50031125,-46.622367999999994,,,,2,2023-06-17T12:40:36+00:00
SAO_1726-10,São Paulo,3550308,True,,34171,,,-23.436823500000003,-46.566249,,,,2,2023-06-17T12:40:32+00:00
SAO_1726-10,São Paulo,3550308,True,,34171,,,-23.4359105,-46.566243,,,,2,2023-06-17T12:38:27+00:00
SAO_1726-10,São Paulo,3550308,True,,34171,,,-23.4921185,-46.624536500000005,,,,2,2023-06-17T12:38:09+00:00
SAO_1726-10,São Paulo,3550308,True,,34171,,,-23.4493335,-46.592651000000004,,,,2,2023-06-17T12:40:13+00:00
SAO_2769-10,São Paulo,3550308,True,,33165,,,-23.481550749999997,-46.43022575,,,,2,2023-06-17T12:40:14+00:00
SAO_2769-10,São Paulo,3550308,True,,33165,,,-23.5352075,-46.575731000000005,,,,2,2023-06-17T12:40:40+00:00
SAO_2769-10,São Paulo,3550308,True,,33165,,,-23.4900955,-46.3936865,,,,2,2023-06-17T12:39:09+00:00
SAO_8622-10,São Paulo,3550308,True,,33206,,,-23.443279500000003,-46.796715500000005,,,,2,2023-06-17T12:36:28+00:00
SAO_8622-10,São Paulo,3550308,True,,33206,,,-23.517798499999998,-46.704445,,,,2,2023-06-17T12:40:02+00:00
SAO_8622-10,São Paulo,3550308,True,,33206,,,-23.547847500000003,-46.6420095,,,,2,2023-06-17T12:40:05+00:00
SAO_8622-10,São Paulo,3550308,True,,33206,,,-23.429061499999996,-46.795283375000004,,,,2,2023-06-17T12:40:27+00:00
SAO_172R-10,São Paulo,3550308,True,,33627,,,-23.472078,-46.57659475,,,,2,2023-06-17T12:40:23+00:00
SAO_172R-10,São Paulo,3550308,True,,33627,,,-23.465826,-46.583746000000005,,,,2,2023-06-17T12:40:45+00:00
SAO_172R-10,São Paulo,3550308,True,,33627,,,-23.537631,-46.596464125000004,,,,2,2023-06-17T12:40:17+00:00
SAO_172R-10,São Paulo,3550308,True,,33627,,,-23.4893875,-46.570685,,,,2,2023-06-17T12:36:12+00:00
SAO_172R-10,São Paulo,3550308,True,,33627,,,-23.512845,-46.585291,,,,2,2023-06-17T12:40:12+00:00
SAO_172R-10,São Paulo,3550308,True,,33627,,,-23.542231,-46.590061500000004,,,,2,2023-06-17T12:40:10+00:00
SAO_2104-10,São Paulo,3550308,True,,35023,,,-23.525889999999997,-46.6253235,,,,2,2023-06-17T12:40:43+00:00
SAO_4007-10,São Paulo,3550308,True,,34949,,,-23.56247725,-46.40630725,,,,2,2023-06-17T12:40:15+00:00
SAO_4007-10,São Paulo,3550308,True,,34949,,,-23.565451,-46.3961775,,,,2,2023-06-17T12:40:23+00:00
SAO_809A-10,São Paulo,3550308,True,,34837,,,-23.566889500000002,-46.7014895,,,,2,2023-06-17T12:40:11+00:00
SAO_809A-10,São Paulo,3550308,True,,34837,,,-23.576679499999997,-46.780079,,,,2,2023-06-17T12:40:24+00:00
SAO_748R-10,São Paulo,3550308,True,,33269,,,-23.5400185,-46.7183115,,,,2,2023-06-17T12:40:08+00:00
SAO_748R-10,São Paulo,3550308,True,,33269,,,-23.526135,-46.668659500000004,,,,2,2023-06-17T12:40:49+00:00
SAO_748R-10,São Paulo,3550308,True,,33269,,,-23.594586749999998,-46.784144,,,,2,2023-06-17T12:40:14+00:00
SAO_8017-10,São Paulo,3550308,True,,34029,,,-23.461695499999998,-46.720691,,,,2,2023-06-17T12:40:05+00:00
SAO_4010-10,São Paulo,3550308,True,,34951,,,-23.55797,-46.523029,,,,2,2023-06-17T12:40:40+00:00
SAO_4010-10,São Paulo,3550308,True,,34951,,,-23.581943000000003,-46.490476,,,,2,2023-06-17T12:40:38+00:00
SAO_7052-10,São Paulo,3550308,True,,34654,,,-23.648502999999998,-46.773611,,,,2,2023-06-17T12:40:15+00:00
SAO_7052-10,São Paulo,3550308,True,,34654,,,-23.653421,-46.773264999999995,,,,2,2023-06-17T12:40:12+00:00
SAO_4115-10,São Paulo,3550308,True,EMTU,322,https://moovitapp.com/index/pt-br/transporte_p%C3%BAblico-line-322-Sao_Paulo-242-2038937-36419412-0,6.2,-23.55953025,-46.623409499999994,,,,1,2023-06-17T12:40:26+00:00
SAO_5142-10,São Paulo,3550308,True,,34394,,,-23.620153000000002,-46.502714,,,,2,2023-06-17T12:40:36+00:00
SAO_5142-10,São Paulo,3550308,True,,34394,,,-23.579672125000002,-46.603774625,,,,2,2023-06-17T12:40:09+00:00
SAO_5142-10,São Paulo,3550308,True,,34394,,,-23.54657,-46.6301735,,,,2,2023-06-17T12:40:06+00:00
SAO_513C-10,São Paulo,3550308,True,,35303,,,-23.6115,-46.4733145,,,,2,2023-06-17T12:40:31+00:00
SAO_513C-10,São Paulo,3550308,True,,35303,,,-23.606243,-46.562926,,,,2,2023-06-17T12:40:12+00:00
SAO_513C-10,São Paulo,3550308,True,,35303,,,-23.600501,-46.5502775,,,,2,2023-06-17T12:40:22+00:00
SAO_1787-10,São Paulo,3550308,True,,33418,,,-23.4511155,-46.62305775,,,,2,2023-06-17T12:40:38+00:00
SAO_1787-10,São Paulo,3550308,True,,33418,,,-23.4511155,-46.62305775,,,,2,2023-06-17T12:40:07+00:00
SAO_1787-10,São Paulo,3550308,True,,33418,,,-23.50005175,-46.622355999999996,,,,2,2023-06-17T12:40:28+00:00
SAO_1787-10,São Paulo,3550308,True,,33418,,,-23.4514905,-46.6228995,,,,2,2023-06-17T12:40:37+00:00
SAO_1738-10,São Paulo,3550308,True,,672,,,-23.4741495,-46.5813235,,,,1,2023-06-17T12:39:42+00:00
SAO_8028-10,São Paulo,3550308,True,,2532,,,-23.6050975,-46.708637749999994,,,,1,2023-06-17T12:40:31+00:00
SAO_8028-10,São Paulo,3550308,True,,2532,,,-23.6217715,-46.7277275,,,,1,2023-06-17T12:40:25+00:00
SAO_2724-10,São Paulo,3550308,True,,33706,,,-23.539783999999997,-46.483161,,,,2,2023-06-17T12:40:14+00:00
SAO_2724-10,São Paulo,3550308,True,,33706,,,-23.52438525,-46.475050749999994,,,,2,2023-06-17T12:40:21+00:00
SAO_3732-10,São Paulo,3550308,True,,33797,,,-23.5439965,-46.447892,,,,2,2023-06-17T12:40:24+00:00
SAO_5791-21,São Paulo,3550308,True,,2463,,,-23.705405499999998,-46.626656499999996,,,,1,2023-06-17T12:40:39+00:00
SAO_5791-21,São Paulo,3550308,True,,2463,,,-23.692509,-46.6450495,,,,1,2023-06-17T12:40:02+00:00
SAO_5791-21,São Paulo,3550308,True,,2463,,,-23.671284999999997,-46.632104,,,,1,2023-06-17T12:40:22+00:00
SAO_6051-10,São Paulo,3550308,True,,33911,,,-23.7621455,-46.689133,,,,2,2023-06-17T12:40:01+00:00
SAO_6051-10,São Paulo,3550308,True,,33911,,,-23.7621455,-46.689133,,,,2,2023-06-17T12:40:21+00:00
SAO_6051-10,São Paulo,3550308,True,,33911,,,-23.7628215,-46.688933500000005,,,,2,2023-06-17T12:40:21+00:00
SAO_6820-10,São Paulo,3550308,True,BR7 Mobilidade,19,https://moovitapp.com/index/pt-br/transporte_p%C3%BAblico-line-19-Sao_Paulo-242-851856-516833-0,5.75,-23.6596955,-46.768811,,,,1,2023-06-17T12:40:21+00:00
SAO_6820-10,São Paulo,3550308,True,BR7 Mobilidade,19,https://moovitapp.com/index/pt-br/transporte_p%C3%BAblico-line-19-Sao_Paulo-242-851856-516833-0,5.75,-23.6601465,-46.7885955,,,,1,2023-06-17T12:40:38+00:00
SAO_3754-10,São Paulo,3550308,True,,33817,,,-23.542498000000002,-46.471391499999996,,,,2,2023-06-17T12:40:31+00:00
SAO_3754-10,São Paulo,3550308,True,,33817,,,-23.573897000000002,-46.398213999999996,,,,2,2023-06-17T12:40:20+00:00
SAO_3754-10,São Paulo,3550308,True,,33817,,,-23.543513875,-46.422970125,,,,2,2023-06-17T12:37:46+00:00
SAO_3754-10,São Paulo,3550308,True,,33817,,,-23.574154999999998,-46.398071,,,,2,2023-06-17T12:40:19+00:00
SAO_3754-10,São Paulo,3550308,True,,33817,,,-23.57374,-46.398475000000005,,,,2,2023-06-17T12:40:04+00:00
SAO_9717-10,São Paulo,3550308,True,,817,,,-23.5108645,-46.661891999999995,,,,1,2023-06-17T12:39:57+00:00
SAO_9717-10,São Paulo,3550308,True,,817,,,-23.485076,-46.6874325,,,,1,2023-06-17T12:40:02+00:00
SAO_9717-10,São Paulo,3550308,True,,817,,,-23.463303,-46.6814685,,,,1,2023-06-17T12:40:34+00:00
SAO_2175-10,São Paulo,3550308,True,,697,,,-23.521631874999997,-46.592374625000005,,,,1,2023-06-17T12:38:24+00:00
SAO_2105-10,São Paulo,3550308,True,,35015,,,-23.446940499999997,-46.581492499999996,,,,2,2023-06-17T12:39:42+00:00
SAO_2105-10,São Paulo,3550308,True,,35015,,,-23.52833225,-46.62540299999999,,,,2,2023-06-17T12:40:17+00:00
SAO_2105-10,São Paulo,3550308,True,,35015,,,-23.4350765,-46.581492999999995,,,,2,2023-06-17T12:40:14+00:00
SAO_2105-10,São Paulo,3550308,True,,35015,,,-23.4762675,-46.6090345,,,,2,2023-06-17T12:40:13+00:00
SAO_6046-10,São Paulo,3550308,True,,1223,,,-23.684711,-46.7822195,,,,1,2023-06-17T12:40:37+00:00
SAO_6046-10,São Paulo,3550308,True,,1223,,,-23.649198,-46.7526175,,,,1,2023-06-17T12:40:47+00:00
SAO_3139-10,São Paulo,3550308,True,,995,,,-23.568116375,-46.524729875,,,,1,2023-06-17T12:40:13+00:00
SAO_3139-10,São Paulo,3550308,True,,995,,,-23.57060475,-46.53953175,,,,1,2023-06-17T12:40:43+00:00
SAO_3139-10,São Paulo,3550308,True,,995,,,-23.55483525,-46.63559575,,,,1,2023-06-17T12:40:45+00:00
SAO_609J-10,São Paulo,3550308,True,,35010,,,-23.62553725,-46.6404665,,,,2,2023-06-17T12:40:18+00:00
SAO_9354-10,São Paulo,3550308,True,,708,,,-23.542927,-46.6365225,,,,1,2023-06-17T12:40:34+00:00
SAO_9354-10,São Paulo,3550308,True,,708,,,-23.4883555,-46.651771499999995,,,,1,2023-06-17T12:40:06+00:00
SAO_9354-10,São Paulo,3550308,True,,708,,,-23.50195725,-46.65379175,,,,1,2023-06-17T12:40:10+00:00
SAO_9354-10,São Paulo,3550308,True,,708,,,-23.474202,-46.669375,,,,1,2023-06-17T12:40:13+00:00
SAO_516N-10,São Paulo,3550308,True,,33034,,,-23.689969249999997,-46.649679000000006,,,,2,2023-06-17T12:40:00+00:00
SAO_516N-10,São Paulo,3550308,True,,33034,,,-23.651345749999997,-46.66958925,,,,2,2023-06-17T12:40:28+00:00
SAO_516N-10,São Paulo,3550308,True,,33034,,,-23.58769125,-46.67168025,,,,2,2023-06-17T12:40:29+00:00
SAO_516N-10,São Paulo,3550308,True,,33034,,,-23.689969249999997,-46.649679000000006,,,,2,2023-06-17T12:40:27+00:00
SAO_516N-10,São Paulo,3550308,True,,33034,,,-23.690199749999998,-46.649609,,,,2,2023-06-17T12:40:19+00:00
SAO_4027-41,São Paulo,3550308,True,,35077,,,-23.638209500000002,-46.437941,,,,2,2023-06-17T12:40:43+00:00
SAO_938L-10,São Paulo,3550308,True,,1368,,,-23.4776325,-46.6729525,,,,1,2023-06-17T12:40:35+00:00
SAO_938L-10,São Paulo,3550308,True,,1368,,,-23.5152515,-46.694882,,,,1,2023-06-17T12:40:11+00:00
SAO_607M-10,São Paulo,3550308,True,,34804,,,-23.613464999999998,-46.695501,,,,2,2023-06-17T12:40:27+00:00
SAO_607M-10,São Paulo,3550308,True,,34804,,,-23.7358915,-46.6961075,,,,2,2023-06-17T12:40:39+00:00
SAO_607M-10,São Paulo,3550308,True,,34804,,,-23.670868374999998,-46.7129125,,,,2,2023-06-17T12:40:02+00:00
SAO_4729-10,São Paulo,3550308,True,,33876,,,-23.591147,-46.507459999999995,,,,2,2023-06-17T12:40:32+00:00
SAO_4729-10,São Paulo,3550308,True,,33876,,,-23.5460925,-46.586459500000004,,,,2,2023-06-17T12:40:41+00:00
SAO_4729-10,São Paulo,3550308,True,,33876,,,-23.591147,-46.507459999999995,,,,2,2023-06-17T12:40:03+00:00
SAO_3712-51,São Paulo,3550308,True,,2505,,,-23.5518345,-46.4338305,,,,1,2023-06-17T12:40:15+00:00
SAO_6960-10,São Paulo,3550308,True,,1443,,,-23.66088375,-46.71217925,,,,1,2023-06-17T12:40:37+00:00
SAO_6960-10,São Paulo,3550308,True,,1443,,,-23.719488,-46.698268999999996,,,,1,2023-06-17T12:40:33+00:00
SAO_6960-10,São Paulo,3550308,True,,1443,,,-23.681140125,-46.713423625,,,,1,2023-06-17T12:40:24+00:00
SAO_6960-10,São Paulo,3550308,True,,1443,,,-23.739723,-46.702105,,,,1,2023-06-17T12:40:45+00:00
SAO_6960-10,São Paulo,3550308,True,,1443,,,-23.6554595,-46.7180565,,,,1,2023-06-17T12:40:37+00:00
SAO_6960-10,São Paulo,3550308,True,,1443,,,-23.766952500000002,-46.7161155,,,,1,2023-06-17T12:40:08+00:00
SAO_848L-10,São Paulo,3550308,True,EMTU,808,https://moovitapp.com/index/pt-br/transporte_p%C3%BAblico-line-808-Sao_Paulo-242-2038937-36419584-0,4.8,-23.4854275,-46.7255765,,,,1,2023-06-17T12:40:15+00:00
SAO_848L-10,São Paulo,3550308,True,EMTU,808,https://moovitapp.com/index/pt-br/transporte_p%C3%BAblico-line-808-Sao_Paulo-242-2038937-36419584-0,4.8,-23.4130865,-46.735113,,,,1,2023-06-17T12:40:29+00:00
SAO_848L-10,São Paulo,3550308,True,EMTU,808,https://moovitapp.com/index/pt-br/transporte_p%C3%BAblico-line-808-Sao_Paulo-242-2038937-36419584-0,4.8,-23.45166125,-46.719660000000005,,,,1,2023-06-17T12:40:26+00:00
SAO_8000-10,São Paulo,3550308,True,,34041,,,-23.52066,-46.7006595,,,,2,2023-06-17T12:40:20+00:00
SAO_8075-21,São Paulo,3550308,True,,35305,,,-23.625623249999997,-46.765403,,,,2,2023-06-17T12:40:45+00:00
SAO_6059-10,São Paulo,3550308,True,,1226,,,-23.646546999999998,-46.703723999999994,,,,1,2023-06-17T12:40:46+00:00
SAO_6291-10,São Paulo,3550308,True,,33126,,,-23.6437025,-46.7766245,,,,2,2023-06-17T12:40:31+00:00
SAO_6291-10,São Paulo,3550308,True,,33126,,,-23.633503500000003,-46.730321,,,,2,2023-06-17T12:40:04+00:00
SAO_4028-10,São Paulo,3550308,True,,1098,,,-23.593264,-46.489357999999996,,,,1,2023-06-17T12:40:30+00:00
SAO_4028-10,São Paulo,3550308,True,,1098,,,-23.6418875,-46.439175500000005,,,,1,2023-06-17T12:40:43+00:00
SAO_4028-10,São Paulo,3550308,True,,1098,,,-23.623219499999998,-46.449743999999995,,,,1,2023-06-17T12:40:32+00:00
SAO_3901-10,São Paulo,3550308,True,,34237,,,-23.52309375,-46.5329785,,,,2,2023-06-17T12:39:58+00:00
SAO_5010-10,São Paulo,3550308,True,,33882,,,-23.662217,-46.631516500000004,,,,2,2023-06-17T12:40:38+00:00
SAO_5010-10,São Paulo,3550308,True,,33882,,,-23.6636745,-46.63802325,,,,2,2023-06-17T12:40:06+00:00
SAO_5010-10,São Paulo,3550308,True,,33882,,,-23.662,-46.631691,,,,2,2023-06-17T12:40:32+00:00
SAO_5010-10,São Paulo,3550308,True,,33882,,,-23.640231875,-46.66822462499999,,,,2,2023-06-17T12:40:06+00:00
SAO_5018-10,São Paulo,3550308,True,,1492,,,-23.685648,-46.6478195,,,,1,2023-06-17T12:40:11+00:00
SAO_5018-10,São Paulo,3550308,True,,1492,,,-23.687261499999998,-46.6709175,,,,1,2023-06-17T12:40:24+00:00
SAO_5018-10,São Paulo,3550308,True,,1492,,,-23.648213,-46.6413555,,,,1,2023-06-17T12:40:03+00:00
SAO_5018-10,São Paulo,3550308,True,,1492,,,-23.6685145,-46.6506355,,,,1,2023-06-17T12:40:17+00:00
SAO_4732-10,São Paulo,3550308,True,Rápido Campinas,302,https://moovitapp.com/index/pt-br/transporte_p%C3%BAblico-line-302-Sao_Paulo-242-858660-23262913-0,5.3,-23.61901625,-46.627284625,,,,1,2023-06-17T12:40:18+00:00
SAO_4114-10,São Paulo,3550308,True,EMTU,321,https://moovitapp.com/index/pt-br/transporte_p%C3%BAblico-line-321-Sao_Paulo-242-2038937-36419411-0,5.4,-23.559449,-46.634961625,,,,1,2023-06-17T12:40:25+00:00
SAO_675L-10,São Paulo,3550308,True,,34246,,,-23.65012325,-46.706284249999996,,,,2,2023-06-17T12:40:14+00:00
SAO_675L-10,São Paulo,3550308,True,,34246,,,-23.598398125,-46.642908750000004,,,,2,2023-06-17T12:39:44+00:00
SAO_2733-10,São Paulo,3550308,True,,33716,,,-23.521617999999997,-46.4546135,,,,2,2023-06-17T12:40:37+00:00
SAO_2733-10,São Paulo,3550308,True,,33716,,,-23.542740000000002,-46.47201,,,,2,2023-06-17T12:40:11+00:00
SAO_8020-10,São Paulo,3550308,True,,34494,,,-23.619386499999997,-46.69579625,,,,2,2023-06-17T12:40:40+00:00
SAO_4724-10,São Paulo,3550308,True,,2060,,,-23.537673,-46.497269,,,,1,2023-06-17T12:40:32+00:00
SAO_6055-10,São Paulo,3550308,True,,1146,,,-23.7304805,-46.698091500000004,,,,1,2023-06-17T12:40:37+00:00
SAO_7545-10,São Paulo,3550308,True,,33272,,,-23.6019505,-46.7921015,,,,2,2023-06-17T12:40:27+00:00
SAO_7545-10,São Paulo,3550308,True,,33272,,,-23.587505,-46.7630915,,,,2,2023-06-17T12:40:28+00:00
SAO_7545-10,São Paulo,3550308,True,,33272,,,-23.5621635,-46.674863,,,,2,2023-06-17T12:40:01+00:00
SAO_8018-10,São Paulo,3550308,True,,34838,,,-23.5987205,-46.7366745,,,,2,2023-06-17T12:40:16+00:00
SAO_8018-10,São Paulo,3550308,True,,34838,,,-23.5892805,-46.729139,,,,2,2023-06-17T12:40:21+00:00
SAO_2732-10,São Paulo,3550308,True,,33715,,,-23.539928500000002,-46.482043874999995,,,,2,2023-06-17T12:40:11+00:00
SAO_2732-10,São Paulo,3550308,True,,33715,,,-23.529743,-46.45955,,,,2,2023-06-17T12:40:01+00:00
SAO_2732-10,São Paulo,3550308,True,,33715,,,-23.5367475,-46.4718595,,,,2,2023-06-17T12:40:24+00:00
SAO_2732-10,São Paulo,3550308,True,,33715,,,-23.529743,-46.45955,,,,2,2023-06-17T12:40:40+00:00
SAO_8215-10,São Paulo,3550308,True,,33342,,,-23.540619125,-46.638126375,,,,2,2023-06-17T12:40:37+00:00
SAO_8215-10,São Paulo,3550308,True,,33342,,,-23.460388000000002,-46.709881499999995,,,,2,2023-06-17T12:40:30+00:00
SAO_8215-10,São Paulo,3550308,True,,33342,,,-23.489433,-46.6941775,,,,2,2023-06-17T12:40:33+00:00
SAO_2702-10,São Paulo,3550308,True,,33682,,,-23.496888499999997,-46.4534145,,,,2,2023-06-17T12:38:52+00:00
SAO_2702-10,São Paulo,3550308,True,,33682,,,-23.539723000000002,-46.482928,,,,2,2023-06-17T12:40:08+00:00
SAO_2702-10,São Paulo,3550308,True,,33682,,,-23.509198750000003,-46.47754725,,,,2,2023-06-17T12:40:03+00:00
SAO_106A-10,São Paulo,3550308,True,,516,,,-23.5952485,-46.6828,,,,1,2023-06-17T12:40:40+00:00
SAO_106A-10,São Paulo,3550308,True,,516,,,-23.5897785,-46.688258000000005,,,,1,2023-06-17T12:40:43+00:00
SAO_106A-10,São Paulo,3550308,True,,516,,,-23.5377290625,-46.634547187500004,,,,1,2023-06-17T12:40:31+00:00
SAO_106A-10,São Paulo,3550308,True,,516,,,-23.501340499999998,-46.624582000000004,,,,1,2023-06-17T12:40:40+00:00
SAO_106A-10,São Paulo,3550308,True,,516,,,-23.574599125,-46.6680825,,,,1,2023-06-17T12:40:18+00:00
SAO_106A-10,São Paulo,3550308,True,,516,,,-23.549774749999997,-46.642553250000006,,,,1,2023-06-17T12:40:26+00:00
SAO_5105-10,São Paulo,3550308,True,,1651,,,-23.5570576875,-46.619944187499996,,,,1,2023-06-17T12:40:18+00:00
SAO_5105-10,São Paulo,3550308,True,,1651,,,-23.578014624999998,-46.600456125,,,,1,2023-06-17T12:40:18+00:00
SAO_4222-10,São Paulo,3550308,True,EMTU,288,https://moovitapp.com/index/pt-br/transporte_p%C3%BAblico-line-288-Sao_Paulo-242-2038937-36419389-0,5.1,-23.57008725,-46.595667,,,,1,2023-06-17T12:40:10+00:00
SAO_4222-10,São Paulo,3550308,True,EMTU,288,https://moovitapp.com/index/pt-br/transporte_p%C3%BAblico-line-288-Sao_Paulo-242-2038937-36419389-0,5.1,-23.6104925,-46.508626,,,,1,2023-06-17T12:40:39+00:00
SAO_524L-10,São Paulo,3550308,True,,34483,,,-23.598761,-46.5339095,,,,2,2023-06-17T12:40:24+00:00
SAO_524L-10,São Paulo,3550308,True,,34483,,,-23.562289,-46.5611545,,,,2,2023-06-17T12:40:31+00:00
SAO_6818-10,São Paulo,3550308,True,BR7 Mobilidade,28,https://moovitapp.com/index/pt-br/transporte_p%C3%BAblico-line-28-Sao_Paulo-242-851856-596008-0,5.75,-23.652375,-46.7622605,,,,1,2023-06-17T12:40:17+00:00
SAO_6818-10,São Paulo,3550308,True,BR7 Mobilidade,28,https://moovitapp.com/index/pt-br/transporte_p%C3%BAblico-line-28-Sao_Paulo-242-851856-596008-0,5.75,-23.655842999999997,-46.7727765,,,,1,2023-06-17T12:40:06+00:00
SAO_6818-10,São Paulo,3550308,True,BR7 Mobilidade,28,https://moovitapp.com/index/pt-br/transporte_p%C3%BAblico-line-28-Sao_Paulo-242-851856-596008-0,5.75,-23.655842999999997,-46.7727765,,,,1,2023-06-17T12:40:04+00:00
SAO_5702-10,São Paulo,3550308,True,,33905,,,-23.646939,-46.640949,,,,2,2023-06-17T12:40:12+00:00
SAO_5702-10,São Paulo,3550308,True,,33905,,,-23.666193,-46.638336,,,,2,2023-06-17T12:39:48+00:00
SAO_5702-10,São Paulo,3550308,True,,33905,,,-23.698087,-46.646107,,,,2,2023-06-17T12:40:32+00:00
SAO_9501-10,São Paulo,3550308,True,EMTU,462,https://moovitapp.com/index/pt-br/transporte_p%C3%BAblico-line-462-Sao_Paulo-242-2038937-36419502-0,7.4,-23.523238499999998,-46.6505935,,,,1,2023-06-17T12:40:33+00:00
SAO_9501-10,São Paulo,3550308,True,EMTU,462,https://moovitapp.com/index/pt-br/transporte_p%C3%BAblico-line-462-Sao_Paulo-242-2038937-36419502-0,7.4,-23.478749999999998,-46.673298,,,,1,2023-06-17T12:40:43+00:00
SAO_9501-10,São Paulo,3550308,True,EMTU,462,https://moovitapp.com/index/pt-br/transporte_p%C3%BAblico-line-462-Sao_Paulo-242-2038937-36419502-0,7.4,-23.512507999999997,-46.690535,,,,1,2023-06-17T12:40:11+00:00
SAO_1702-10,São Paulo,3550308,True,,33614,,,-23.504054125000003,-46.624669499999996,,,,2,2023-06-17T12:40:14+00:00
SAO_1702-10,São Paulo,3550308,True,,33614,,,-23.48474625,-46.603764999999996,,,,2,2023-06-17T12:40:30+00:00
SAO_1702-10,São Paulo,3550308,True,,33614,,,-23.4432505,-46.577110000000005,,,,2,2023-06-17T12:40:09+00:00
SAO_1702-10,São Paulo,3550308,True,,33614,,,-23.469307,-46.584537499999996,,,,2,2023-06-17T12:40:30+00:00
SAO_1702-10,São Paulo,3550308,True,,33614,,,-23.4432505,-46.577110000000005,,,,2,2023-06-17T12:40:34+00:00
SAO_5705-10,São Paulo,3550308,True,,1657,,,-23.579991749999998,-46.614427750000004,,,,1,2023-06-17T12:40:32+00:00
SAO_648P-10,São Paulo,3550308,True,,66,,,-23.628583,-46.7080955,,,,1,2023-06-17T12:40:44+00:00
SAO_648P-10,São Paulo,3550308,True,,66,,,-23.578105,-46.68626825,,,,1,2023-06-17T12:40:01+00:00
SAO_648P-10,São Paulo,3550308,True,,66,,,-23.655546,-46.762099500000005,,,,1,2023-06-17T12:40:11+00:00
SAO_2551-10,São Paulo,3550308,True,EMTU,141,https://moovitapp.com/index/pt-br/transporte_p%C3%BAblico-line-141-Sao_Paulo-242-2038937-36419292-0,8.15,-23.48515725,-46.48001325,,,,1,2023-06-17T12:40:28+00:00
SAO_2551-10,São Paulo,3550308,True,EMTU,141,https://moovitapp.com/index/pt-br/transporte_p%C3%BAblico-line-141-Sao_Paulo-242-2038937-36419292-0,8.15,-23.5330105,-46.563687,,,,1,2023-06-17T12:40:30+00:00
SAO_6970-10,São Paulo,3550308,True,,34273,,,-23.654134499999998,-46.708625,,,,2,2023-06-17T12:40:35+00:00
SAO_6970-10,São Paulo,3550308,True,,34273,,,-23.687755,-46.7146915,,,,2,2023-06-17T12:40:44+00:00
SAO_6970-10,São Paulo,3550308,True,,34273,,,-23.7065665,-46.713361687500004,,,,2,2023-06-17T12:40:00+00:00
SAO_5038-10,São Paulo,3550308,True,,34429,,,-23.6387885,-46.607684000000006,,,,2,2023-06-17T12:40:24+00:00
SAO_5038-10,São Paulo,3550308,True,,34429,,,-23.653293500000004,-46.602455000000006,,,,2,2023-06-17T12:40:21+00:00
SAO_2008-10,São Paulo,3550308,True,,897,,,-23.503021,-46.3971805,,,,1,2023-06-17T12:40:14+00:00
SAO_2008-10,São Paulo,3550308,True,,897,,,-23.5196105,-46.3872475,,,,1,2023-06-17T12:40:27+00:00
SAO_2705-10,São Paulo,3550308,True,,917,,,-23.537307374999997,-46.454972875,,,,1,2023-06-17T12:34:46+00:00
SAO_2705-10,São Paulo,3550308,True,,917,,,-23.54549725,-46.40164,,,,1,2023-06-17T12:39:17+00:00
SAO_2705-10,São Paulo,3550308,True,,917,,,-23.53241525,-46.434655750000005,,,,1,2023-06-17T12:40:28+00:00
SAO_2705-10,São Paulo,3550308,True,,917,,,-23.5456135,-46.3931195,,,,1,2023-06-17T12:40:18+00:00
SAO_7272-10,São Paulo,3550308,True,,1333,,,-23.523921375,-46.693295625,,,,1,2023-06-17T12:40:26+00:00
SAO_2712-10,São Paulo,3550308,True,,33694,,,-23.532129,-46.48319,,,,2,2023-06-17T12:40:06+00:00
SAO_2712-10,São Paulo,3550308,True,,33694,,,-23.5268035,-46.478916999999996,,,,2,2023-06-17T12:40:25+00:00
SAO_6061-10,São Paulo,3550308,True,,1150,,,-23.7568485,-46.685078000000004,,,,1,2023-06-17T12:40:15+00:00
SAO_6061-10,São Paulo,3550308,True,,1150,,,-23.781923,-46.6814055,,,,1,2023-06-17T12:40:28+00:00
SAO_6414-10,São Paulo,3550308,True,EMTU,360,https://moovitapp.com/index/pt-br/transporte_p%C3%BAblico-line-360-Sao_Paulo-242-2038937-36419441-0,5.2,-23.5491125,-46.640139500000004,,,,1,2023-06-17T12:40:42+00:00
SAO_6414-10,São Paulo,3550308,True,EMTU,360,https://moovitapp.com/index/pt-br/transporte_p%C3%BAblico-line-360-Sao_Paulo-242-2038937-36419441-0,5.2,-23.605688,-46.6926895,,,,1,2023-06-17T12:40:25+00:00
SAO_8027-10,São Paulo,3550308,True,,34930,,,-23.565440000000002,-46.759351,,,,2,2023-06-17T12:40:42+00:00
SAO_9015-10,São Paulo,3550308,True,,34037,,,-23.4697465,-46.71376,,,,2,2023-06-17T12:40:31+00:00
SAO_9015-10,São Paulo,3550308,True,,34037,,,-23.4697465,-46.71376,,,,2,2023-06-17T12:40:03+00:00
SAO_9015-10,São Paulo,3550308,True,,34037,,,-23.4694535,-46.7135935,,,,2,2023-06-17T12:40:18+00:00
SAO_9015-10,São Paulo,3550308,True,,34037,,,-23.487972499999998,-46.726003000000006,,,,2,2023-06-17T12:40:37+00:00
SAO_4491-10,São Paulo,3550308,True,EMTU,327,https://moovitapp.com/index/pt-br/transporte_p%C3%BAblico-line-327-Sao_Paulo-242-2038937-36419415-0,5.35,-23.6213335,-46.6278305,,,,1,2023-06-17T12:40:35+00:00
SAO_4491-10,São Paulo,3550308,True,EMTU,327,https://moovitapp.com/index/pt-br/transporte_p%C3%BAblico-line-327-Sao_Paulo-242-2038937-36419415-0,5.35,-23.577178,-46.609864,,,,1,2023-06-17T12:40:42+00:00
SAO_1206-10,São Paulo,3550308,True,,33610,,,-23.52606925,-46.58249925,,,,2,2023-06-17T12:40:29+00:00
SAO_1206-10,São Paulo,3550308,True,,33610,,,-23.538793124999998,-46.59877125,,,,2,2023-06-17T12:40:17+00:00
SAO_9002-10,São Paulo,3550308,True,,870,,,-23.4579405,-46.6705775,,,,1,2023-06-17T12:40:09+00:00
SAO_9002-10,São Paulo,3550308,True,,870,,,-23.4579405,-46.6705775,,,,1,2023-06-17T12:40:27+00:00
SAO_9002-10,São Paulo,3550308,True,,870,,,-23.4678375,-46.668828,,,,1,2023-06-17T12:40:41+00:00
SAO_9002-10,São Paulo,3550308,True,,870,,,-23.457446,-46.673119,,,,1,2023-06-17T12:40:33+00:00
SAO_5701-10,São Paulo,3550308,True,,1136,,,-23.645137,-46.664572,,,,1,2023-06-17T12:40:33+00:00
SAO_5701-10,São Paulo,3550308,True,,1136,,,-23.635625,-46.6414725,,,,1,2023-06-17T12:40:07+00:00
SAO_5701-10,São Paulo,3550308,True,,1136,,,-23.635625,-46.6414725,,,,1,2023-06-17T12:40:35+00:00
SAO_4086-10,São Paulo,3550308,True,,35018,,,-23.582991999999997,-46.4079,,,,2,2023-06-17T12:40:16+00:00
SAO_978J-10,São Paulo,3550308,True,,33359,,,-23.4371845,-46.7401595,,,,2,2023-06-17T12:40:26+00:00
SAO_978J-10,São Paulo,3550308,True,,33359,,,-23.464613,-46.721359,,,,2,2023-06-17T12:40:35+00:00
SAO_477A-10,São Paulo,3550308,True,EMTU,346,https://moovitapp.com/index/pt-br/transporte_p%C3%BAblico-line-346-Sao_Paulo-242-2038937-36419429-0,6.3,-23.583496249999996,-46.66908875,,,,1,2023-06-17T12:40:29+00:00
SAO_477A-10,São Paulo,3550308,True,EMTU,346,https://moovitapp.com/index/pt-br/transporte_p%C3%BAblico-line-346-Sao_Paulo-242-2038937-36419429-0,6.3,-23.577123999999998,-46.6077845,,,,1,2023-06-17T12:40:31+00:00
SAO_477A-10,São Paulo,3550308,True,EMTU,346,https://moovitapp.com/index/pt-br/transporte_p%C3%BAblico-line-346-Sao_Paulo-242-2038937-36419429-0,6.3,-23.60465225,-46.603868000000006,,,,1,2023-06-17T12:40:26+00:00
SAO_477A-10,São Paulo,3550308,True,EMTU,346,https://moovitapp.com/index/pt-br/transporte_p%C3%BAblico-line-346-Sao_Paulo-242-2038937-36419429-0,6.3,-23.57712125,-46.625237874999996,,,,1,2023-06-17T12:40:09+00:00
SAO_709M-10,São Paulo,3550308,True,,35230,,,-23.644555000000004,-46.701621375,,,,2,2023-06-17T12:40:41+00:00
SAO_709M-10,São Paulo,3550308,True,,35230,,,-23.566688,-46.701549,,,,2,2023-06-17T12:40:11+00:00
SAO_709M-10,São Paulo,3550308,True,,35230,,,-23.586395500000002,-46.682653,,,,2,2023-06-17T12:40:35+00:00
SAO_1782-10,São Paulo,3550308,True,,33411,,,-23.450515,-46.5724465,,,,2,2023-06-17T12:40:44+00:00
SAO_775F-31,São Paulo,3550308,True,,35256,,,-23.60358225,-46.7122065,,,,2,2023-06-17T12:40:33+00:00
SAO_775F-31,São Paulo,3550308,True,,35256,,,-23.625434499999997,-46.7480455,,,,2,2023-06-17T12:40:26+00:00
SAO_669A-10,São Paulo,3550308,True,,4,,,-23.56150275,-46.656306,,,,1,2023-06-17T12:40:27+00:00
SAO_669A-10,São Paulo,3550308,True,,4,,,-23.636318375000002,-46.694568875,,,,1,2023-06-17T12:40:49+00:00
SAO_669A-10,São Paulo,3550308,True,,4,,,-23.5385115,-46.645262,,,,1,2023-06-17T12:40:23+00:00
SAO_669A-10,São Paulo,3550308,True,,4,,,-23.585045,-46.670448,,,,1,2023-06-17T12:40:07+00:00
SAO_2029-10,São Paulo,3550308,True,,2270,,,-23.47209025,-46.59958375,,,,1,2023-06-17T12:40:21+00:00
SAO_5011-10,São Paulo,3550308,True,,1115,,,-23.693745,-46.665702,,,,1,2023-06-17T12:40:43+00:00
SAO_5011-10,São Paulo,3550308,True,,1115,,,-23.710265,-46.620691,,,,1,2023-06-17T12:38:46+00:00
SAO_5011-10,São Paulo,3550308,True,,1115,,,-23.654514,-46.7036375,,,,1,2023-06-17T12:40:24+00:00
SAO_5011-10,São Paulo,3550308,True,,1115,,,-23.679823499999998,-46.684319,,,,1,2023-06-17T12:40:43+00:00
SAO_5011-10,São Paulo,3550308,True,,1115,,,-23.6975695,-46.648551,,,,1,2023-06-17T12:40:42+00:00
SAO_874C-10,São Paulo,3550308,True,,33245,,,-23.540487,-46.702881250000004,,,,2,2023-06-17T12:40:37+00:00
SAO_4055-10,São Paulo,3550308,True,,2447,,,-23.5430895,-46.416463,,,,1,2023-06-17T12:40:13+00:00
SAO_5022-10,São Paulo,3550308,True,,1120,,,-23.665863,-46.64967,,,,1,2023-06-17T12:40:46+00:00
SAO_5022-10,São Paulo,3550308,True,,1120,,,-23.6480225,-46.641234999999995,,,,1,2023-06-17T12:40:36+00:00
SAO_5022-10,São Paulo,3550308,True,,1120,,,-23.672228,-46.638205,,,,1,2023-06-17T12:40:44+00:00
SAO_PAEC-10,São Paulo,3550308,True,,1422,,,-23.5182095,-46.475659,,,,1,2023-06-17T12:40:21+00:00
SAO_PAEC-10,São Paulo,3550308,True,,1422,,,-23.5182095,-46.475659,,,,1,2023-06-17T12:40:07+00:00
SAO_PAEC-10,São Paulo,3550308,True,,1422,,,-23.5185795,-46.475586,,,,1,2023-06-17T12:40:23+00:00
SAO_PAEC-10,São Paulo,3550308,True,,1422,,,-23.5185795,-46.475586,,,,1,2023-06-17T12:40:18+00:00
SAO_1019-10,São Paulo,3550308,True,,35263,,,-23.4880585,-46.733228499999996,,,,2,2023-06-17T12:39:47+00:00
SAO_4008-10,São Paulo,3550308,True,,2182,,,-23.578564749999998,-46.4591315,,,,1,2023-06-17T12:40:03+00:00
SAO_4008-10,São Paulo,3550308,True,,2182,,,-23.58171175,-46.49799425,,,,1,2023-06-17T12:40:29+00:00
SAO_775F-10,São Paulo,3550308,True,,33564,,,-23.559278499999998,-46.68436775,,,,2,2023-06-17T12:40:21+00:00
SAO_775F-10,São Paulo,3550308,True,,33564,,,-23.625424,-46.748162,,,,2,2023-06-17T12:40:12+00:00
SAO_775F-10,São Paulo,3550308,True,,33564,,,-23.611901,-46.733311,,,,2,2023-06-17T12:40:13+00:00
SAO_8012-10,São Paulo,3550308,True,,34791,,,-23.5611245,-46.730349249999996,,,,2,2023-06-17T12:40:05+00:00
SAO_2002-10,São Paulo,3550308,True,STT,711,https://moovitapp.com/index/pt-br/transporte_p%C3%BAblico-line-711-Sao_Paulo-242-850661-183340-0,5.3,-23.5476865,-46.6292585,,,,1,2023-06-17T12:40:38+00:00
SAO_2002-10,São Paulo,3550308,True,STT,711,https://moovitapp.com/index/pt-br/transporte_p%C3%BAblico-line-711-Sao_Paulo-242-850661-183340-0,5.3,-23.544340375,-46.644217624999996,,,,1,2023-06-17T12:40:42+00:00
SAO_2002-10,São Paulo,3550308,True,STT,711,https://moovitapp.com/index/pt-br/transporte_p%C3%BAblico-line-711-Sao_Paulo-242-850661-183340-0,5.3,-23.549802999999997,-46.640493500000005,,,,1,2023-06-17T12:40:28+00:00
SAO_1765-10,São Paulo,3550308,True,,34550,,,-23.465392375,-46.57932025,,,,2,2023-06-17T12:39:21+00:00
SAO_1765-10,São Paulo,3550308,True,,34550,,,-23.476422,-46.595453,,,,2,2023-06-17T12:40:36+00:00
SAO_1765-10,São Paulo,3550308,True,,34550,,,-23.466963,-46.5690415,,,,2,2023-06-17T12:39:59+00:00
SAO_4003-10,São Paulo,3550308,True,,34927,,,-23.541319,-46.42559925,,,,2,2023-06-17T12:40:12+00:00
SAO_1778-10,São Paulo,3550308,True,,1789,,,-23.466824000000003,-46.569223,,,,1,2023-06-17T12:40:38+00:00
SAO_1778-10,São Paulo,3550308,True,,1789,,,-23.457005,-46.6020965,,,,1,2023-06-17T12:39:33+00:00
SAO_2058-10,São Paulo,3550308,True,,33027,,,-23.494943,-46.405331000000004,,,,2,2023-06-17T12:40:32+00:00
SAO_2058-10,São Paulo,3550308,True,,33027,,,-23.491640500000003,-46.434661,,,,2,2023-06-17T12:40:32+00:00
SAO_1024-10,São Paulo,3550308,True,,2302,,,-23.4880005,-46.697747,,,,1,2023-06-17T12:40:36+00:00
SAO_1024-10,São Paulo,3550308,True,,2302,,,-23.461427,-46.709677,,,,1,2023-06-17T12:40:29+00:00
SAO_1024-10,São Paulo,3550308,True,,2302,,,-23.47492925,-46.698541500000005,,,,1,2023-06-17T12:40:16+00:00
SAO_1024-10,São Paulo,3550308,True,,2302,,,-23.457293,-46.703945000000004,,,,1,2023-06-17T12:40:28+00:00
SAO_756A-10,São Paulo,3550308,True,,793,,,-23.6136965,-46.6957375,,,,1,2023-06-17T12:40:18+00:00
SAO_756A-10,São Paulo,3550308,True,,793,,,-23.589077500000002,-46.767120000000006,,,,1,2023-06-17T12:40:25+00:00
SAO_756A-10,São Paulo,3550308,True,,793,,,-23.601028499999998,-46.716111,,,,1,2023-06-17T12:40:40+00:00
SAO_756A-10,São Paulo,3550308,True,,793,,,-23.602629999999998,-46.7893595,,,,1,2023-06-17T12:40:34+00:00
SAO_1721-10,São Paulo,3550308,True,,33434,,,-23.48941525,-46.571597749999995,,,,2,2023-06-17T12:40:31+00:00
SAO_1721-10,São Paulo,3550308,True,,33434,,,-23.499516,-46.595963,,,,2,2023-06-17T12:40:04+00:00
SAO_1721-10,São Paulo,3550308,True,,33434,,,-23.50625275,-46.6232095,,,,2,2023-06-17T12:37:28+00:00
SAO_2711-10,São Paulo,3550308,True,,33693,,,-23.510586500000002,-46.494400999999996,,,,2,2023-06-17T12:40:40+00:00
SAO_509M-10,São Paulo,3550308,True,,1277,,,-23.6795715,-46.636117,,,,1,2023-06-17T12:40:18+00:00
SAO_509M-10,São Paulo,3550308,True,,1277,,,-23.6028365,-46.661395375,,,,1,2023-06-17T12:40:09+00:00
SAO_509M-10,São Paulo,3550308,True,,1277,,,-23.540619125,-46.638126375,,,,1,2023-06-17T12:40:20+00:00
SAO_509M-10,São Paulo,3550308,True,,1277,,,-23.657291,-46.6646715,,,,1,2023-06-17T12:40:36+00:00
SAO_8000-1,São Paulo,3550308,True,,2506,,,-23.5256045,-46.681706500000004,,,,1,2023-06-17T12:40:39+00:00
SAO_8000-1,São Paulo,3550308,True,,2506,,,-23.547683499999998,-46.6411495,,,,1,2023-06-17T12:40:33+00:00
SAO_8000-1,São Paulo,3550308,True,,2506,,,-23.53845775,-46.64733925,,,,1,2023-06-17T12:40:34+00:00
SAO_1021-10,São Paulo,3550308,True,,33601,,,-23.444254,-46.712253000000004,,,,2,2023-06-17T12:40:28+00:00
SAO_6012-10,São Paulo,3550308,True,,1204,,,-23.686436999999998,-46.7873475,,,,1,2023-06-17T12:40:05+00:00
SAO_6012-10,São Paulo,3550308,True,,1204,,,-23.669687500000002,-46.736403499999994,,,,1,2023-06-17T12:40:10+00:00
SAO_6012-10,São Paulo,3550308,True,,1204,,,-23.69138175,-46.77535775,,,,1,2023-06-17T12:40:09+00:00
SAO_6012-10,São Paulo,3550308,True,,1204,,,-23.686436999999998,-46.7873475,,,,1,2023-06-17T12:40:41+00:00
SAO_6012-10,São Paulo,3550308,True,,1204,,,-23.686561,-46.7870745,,,,1,2023-06-17T12:40:48+00:00
SAO_8400-10,São Paulo,3550308,True,,34033,,,-23.482787000000002,-46.717287999999996,,,,2,2023-06-17T12:40:28+00:00
SAO_8400-10,São Paulo,3550308,True,,34033,,,-23.526062000000003,-46.675897,,,,2,2023-06-17T12:40:08+00:00
SAO_8400-10,São Paulo,3550308,True,,34033,,,-23.5411785,-46.64243825,,,,2,2023-06-17T12:40:45+00:00
SAO_8400-10,São Paulo,3550308,True,,34033,,,-23.4986135,-46.7066765,,,,2,2023-06-17T12:40:27+00:00
SAO_809A-10,São Paulo,3550308,True,,2069,,,-23.570849000000003,-46.77822275,,,,1,2023-06-17T12:40:22+00:00
SAO_809A-10,São Paulo,3550308,True,,2069,,,-23.57357725,-46.7131415,,,,1,2023-06-17T12:40:48+00:00
SAO_3754-10,São Paulo,3550308,True,,1049,,,-23.572855500000003,-46.3995765,,,,1,2023-06-17T12:40:23+00:00
SAO_3754-10,São Paulo,3550308,True,,1049,,,-23.5738885,-46.3986,,,,1,2023-06-17T12:40:07+00:00
SAO_3754-10,São Paulo,3550308,True,,1049,,,-23.5738885,-46.3986,,,,1,2023-06-17T12:39:57+00:00
SAO_3754-10,São Paulo,3550308,True,,1049,,,-23.534982499999998,-46.428518499999996,,,,1,2023-06-17T12:40:05+00:00
SAO_3754-10,São Paulo,3550308,True,,1049,,,-23.559631,-46.405236375,,,,1,2023-06-17T12:40:04+00:00
SAO_675P-10,São Paulo,3550308,True,,33043,,,-23.65056375,-46.64732375,,,,2,2023-06-17T12:40:03+00:00
SAO_675P-10,São Paulo,3550308,True,,33043,,,-23.645426,-46.645011499999995,,,,2,2023-06-17T12:40:16+00:00
SAO_675P-10,São Paulo,3550308,True,,33043,,,-23.672750625,-46.6991405,,,,2,2023-06-17T12:40:24+00:00
SAO_675P-10,São Paulo,3550308,True,,33043,,,-23.646105499999997,-46.6450805,,,,2,2023-06-17T12:40:17+00:00
SAO_3722-10,São Paulo,3550308,True,,1020,,,-23.554147999999998,-46.4832,,,,1,2023-06-17T12:40:46+00:00
SAO_6001-10,São Paulo,3550308,True,,32820,,,-23.642995499999998,-46.7421335,,,,2,2023-06-17T12:40:44+00:00
SAO_1012-10,São Paulo,3550308,True,,2486,,,-23.4447585,-46.799499999999995,,,,1,2023-06-17T12:40:39+00:00
SAO_1012-10,São Paulo,3550308,True,,2486,,,-23.436388,-46.80543900000001,,,,1,2023-06-17T12:40:04+00:00
SAO_278A-10,São Paulo,3550308,True,,706,,,-23.52309375,-46.5329785,,,,1,2023-06-17T12:40:05+00:00
SAO_278A-10,São Paulo,3550308,True,,706,,,-23.5331935,-46.60874425,,,,1,2023-06-17T12:40:37+00:00
SAO_1015-10,São Paulo,3550308,True,,2230,,,-23.4324985,-46.7870395,,,,1,2023-06-17T12:40:01+00:00
SAO_3902-10,São Paulo,3550308,True,,1470,,,-23.4849345,-46.3847545,,,,1,2023-06-17T12:40:35+00:00
SAO_2025-10,São Paulo,3550308,True,,35035,,,-23.486841,-46.6086565,,,,2,2023-06-17T12:40:32+00:00
SAO_2025-10,São Paulo,3550308,True,,35035,,,-23.4546305,-46.5769505,,,,2,2023-06-17T12:37:54+00:00
SAO_2025-10,São Paulo,3550308,True,,35035,,,-23.4507355,-46.57235675,,,,2,2023-06-17T12:40:14+00:00
SAO_2451-10,São Paulo,3550308,True,EMTU,213,https://moovitapp.com/index/pt-br/transporte_p%C3%BAblico-line-213-Sao_Paulo-242-2038937-36419335-0,6.7,-23.5285825,-46.5544955,,,,1,2023-06-17T12:40:10+00:00
SAO_2451-10,São Paulo,3550308,True,EMTU,213,https://moovitapp.com/index/pt-br/transporte_p%C3%BAblico-line-213-Sao_Paulo-242-2038937-36419335-0,6.7,-23.52383575,-46.510268249999996,,,,1,2023-06-17T12:40:16+00:00
SAO_1156-10,São Paulo,3550308,True,,659,,,-23.526656000000003,-46.6313545,,,,1,2023-06-17T12:40:40+00:00
SAO_1156-10,São Paulo,3550308,True,,659,,,-23.542623499999998,-46.635373,,,,1,2023-06-17T12:40:43+00:00
SAO_1156-10,São Paulo,3550308,True,,659,,,-23.51919025,-46.59044775,,,,1,2023-06-17T12:40:20+00:00
SAO_403A-10,São Paulo,3550308,True,,2192,,,-23.552892999999997,-46.4368755,,,,1,2023-06-17T12:40:08+00:00
SAO_403A-10,São Paulo,3550308,True,,2192,,,-23.5398865,-46.431905,,,,1,2023-06-17T12:40:33+00:00
SAO_403A-10,São Paulo,3550308,True,,2192,,,-23.53208,-46.544121,,,,1,2023-06-17T12:40:18+00:00
SAO_403A-10,São Paulo,3550308,True,,2192,,,-23.556069,-46.4694005,,,,1,2023-06-17T12:40:10+00:00
SAO_2060-10,São Paulo,3550308,True,,32902,,,-23.5236935,-46.474661,,,,2,2023-06-17T12:40:08+00:00
SAO_8542-21,São Paulo,3550308,True,,34129,,,-23.4696755,-46.6864295,,,,2,2023-06-17T12:40:24+00:00
SAO_478P-10,São Paulo,3550308,True,EMTU,349,https://moovitapp.com/index/pt-br/transporte_p%C3%BAblico-line-349-Sao_Paulo-242-2038937-36419432-0,5.1,-23.6127665,-46.6067735,,,,1,2023-06-17T12:40:12+00:00
SAO_478P-10,São Paulo,3550308,True,EMTU,349,https://moovitapp.com/index/pt-br/transporte_p%C3%BAblico-line-349-Sao_Paulo-242-2038937-36419432-0,5.1,-23.5590385,-46.659078,,,,1,2023-06-17T12:40:25+00:00
SAO_4014-10,São Paulo,3550308,True,,34955,,,-23.558156,-46.522711,,,,2,2023-06-17T12:40:38+00:00
SAO_4014-10,São Paulo,3550308,True,,34955,,,-23.608509499999997,-46.4569265,,,,2,2023-06-17T12:40:02+00:00
SAO_178A-10,São Paulo,3550308,True,EMTU,558,https://moovitapp.com/index/pt-br/transporte_p%C3%BAblico-line-558-Sao_Paulo-242-2038937-36419559-0,4.4,-23.526927999999998,-46.664887,,,,1,2023-06-17T12:39:59+00:00
SAO_8072-10,São Paulo,3550308,True,,34847,,,-23.642163,-46.766020499999996,,,,2,2023-06-17T12:40:10+00:00
SAO_8072-10,São Paulo,3550308,True,,34847,,,-23.6092625,-46.7520905,,,,2,2023-06-17T12:40:21+00:00
SAO_5029-10,São Paulo,3550308,True,,1672,,,-23.607611499999997,-46.597441,,,,1,2023-06-17T12:40:29+00:00
SAO_7059-10,São Paulo,3550308,True,,1924,,,-23.653073499999998,-46.7778225,,,,1,2023-06-17T12:40:07+00:00
SAO_7059-10,São Paulo,3550308,True,,1924,,,-23.667013,-46.783842,,,,1,2023-06-17T12:40:26+00:00
SAO_9162-10,São Paulo,3550308,True,,1365,,,-23.474243,-46.66870275000001,,,,1,2023-06-17T12:40:06+00:00
SAO_1742-10,São Paulo,3550308,True,EMTU,542,https://moovitapp.com/index/pt-br/transporte_p%C3%BAblico-line-542-Sao_Paulo-242-2038937-59914572-0,5.4,-23.463912999999998,-46.6518475,,,,1,2023-06-17T12:40:26+00:00
SAO_1742-10,São Paulo,3550308,True,EMTU,542,https://moovitapp.com/index/pt-br/transporte_p%C3%BAblico-line-542-Sao_Paulo-242-2038937-59914572-0,5.4,-23.491440250000004,-46.6260525,,,,1,2023-06-17T12:40:28+00:00
SAO_1742-10,São Paulo,3550308,True,EMTU,542,https://moovitapp.com/index/pt-br/transporte_p%C3%BAblico-line-542-Sao_Paulo-242-2038937-59914572-0,5.4,-23.4568285,-46.658956,,,,1,2023-06-17T12:40:24+00:00
SAO_1742-10,São Paulo,3550308,True,EMTU,542,https://moovitapp.com/index/pt-br/transporte_p%C3%BAblico-line-542-Sao_Paulo-242-2038937-59914572-0,5.4,-23.5026995,-46.624219,,,,1,2023-06-17T12:40:37+00:00
SAO_407R-10,São Paulo,3550308,True,,34969,,,-23.5448785,-46.59236575,,,,2,2023-06-17T12:40:36+00:00
SAO_407R-10,São Paulo,3550308,True,,34969,,,-23.558199000000002,-46.522121,,,,2,2023-06-17T12:40:39+00:00
SAO_2028-10,São Paulo,3550308,True,,35031,,,-23.434618999999998,-46.571697,,,,2,2023-06-17T12:40:18+00:00
SAO_677Y-10,São Paulo,3550308,True,,34008,,,-23.6608895,-46.776673,,,,2,2023-06-17T12:40:22+00:00
SAO_677Y-10,São Paulo,3550308,True,,34008,,,-23.6536895,-46.759698,,,,2,2023-06-17T12:40:41+00:00
SAO_677Y-10,São Paulo,3550308,True,,34008,,,-23.6893505,-46.794571000000005,,,,2,2023-06-17T12:40:29+00:00
SAO_3046-10,São Paulo,3550308,True,,33739,,,-23.579447000000002,-46.525166999999996,,,,2,2023-06-17T12:40:34+00:00
SAO_3046-10,São Paulo,3550308,True,,33739,,,-23.579227500000002,-46.534653,,,,2,2023-06-17T12:40:10+00:00
SAO_3046-10,São Paulo,3550308,True,,33739,,,-23.543301,-46.5748485,,,,2,2023-06-17T12:40:35+00:00
SAO_3046-10,São Paulo,3550308,True,,33739,,,-23.581663999999996,-46.547382,,,,2,2023-06-17T12:40:29+00:00
SAO_3046-10,São Paulo,3550308,True,,33739,,,-23.562745999999997,-46.57311375,,,,2,2023-06-17T12:40:33+00:00
SAO_5109-10,São Paulo,3550308,True,,34619,,,-23.547353,-46.6287365,,,,2,2023-06-17T12:40:13+00:00
SAO_5109-10,São Paulo,3550308,True,,34619,,,-23.5474295,-46.628690000000006,,,,2,2023-06-17T12:40:26+00:00
SAO_5109-10,São Paulo,3550308,True,,34619,,,-23.547353,-46.6287365,,,,2,2023-06-17T12:40:37+00:00
SAO_809T-10,São Paulo,3550308,True,,35014,,,-23.521330250000002,-46.732648749999996,,,,2,2023-06-17T12:40:22+00:00
SAO_809T-10,São Paulo,3550308,True,,35014,,,-23.585870999999997,-46.8051445,,,,2,2023-06-17T12:40:19+00:00
SAO_6816-31,São Paulo,3550308,True,,1748,,,-23.652680500000002,-46.778238,,,,1,2023-06-17T12:40:06+00:00
SAO_6816-31,São Paulo,3550308,True,,1748,,,-23.652925,-46.777986999999996,,,,1,2023-06-17T12:40:12+00:00
SAO_8000-1,São Paulo,3550308,True,,35274,,,-23.53498325,-46.653231500000004,,,,2,2023-06-17T12:40:28+00:00
SAO_8000-1,São Paulo,3550308,True,,35274,,,-23.5466395,-46.639284,,,,2,2023-06-17T12:40:22+00:00
SAO_408A-10,São Paulo,3550308,True,,766,,,-23.579777,-46.632999,,,,1,2023-06-17T12:40:43+00:00
SAO_408A-10,São Paulo,3550308,True,,766,,,-23.5445535,-46.634009,,,,1,2023-06-17T12:40:05+00:00
SAO_8024-10,São Paulo,3550308,True,,34843,,,-23.597096,-46.7681435,,,,2,2023-06-17T12:40:06+00:00
SAO_8024-10,São Paulo,3550308,True,,34843,,,-23.597096,-46.7681435,,,,2,2023-06-17T12:40:16+00:00
SAO_908T-10,São Paulo,3550308,True,,2116,,,-23.549774499999998,-46.645565000000005,,,,1,2023-06-17T12:40:26+00:00
SAO_908T-10,São Paulo,3550308,True,,2116,,,-23.579657750000003,-46.68270525,,,,1,2023-06-17T12:40:27+00:00
SAO_6034-10,São Paulo,3550308,True,,32863,,,-23.753557999999998,-46.688295,,,,2,2023-06-17T12:40:12+00:00
SAO_6034-10,São Paulo,3550308,True,,32863,,,-23.744659499999997,-46.670770000000005,,,,2,2023-06-17T12:40:37+00:00
SAO_6003-21,São Paulo,3550308,True,,35344,,,-23.766890250000003,-46.7169705,,,,2,2023-06-17T12:40:20+00:00
SAO_6003-21,São Paulo,3550308,True,,35344,,,-23.7667585,-46.71704,,,,2,2023-06-17T12:36:36+00:00
SAO_2100-10,São Paulo,3550308,True,,33481,,,-23.560543,-46.58570075,,,,2,2023-06-17T12:40:15+00:00
SAO_2100-10,São Paulo,3550308,True,,33481,,,-23.547999750000002,-46.619058,,,,2,2023-06-17T12:40:32+00:00
SAO_2100-10,São Paulo,3550308,True,,33481,,,-23.56460175,-46.54666675,,,,2,2023-06-17T12:40:45+00:00
SAO_6063-10,São Paulo,3550308,True,,1152,,,-23.774061,-46.706691500000005,,,,1,2023-06-17T12:40:37+00:00
SAO_6063-10,São Paulo,3550308,True,,1152,,,-23.772777249999997,-46.7016495,,,,1,2023-06-17T12:40:40+00:00
SAO_6837-10,São Paulo,3550308,True,,6,,,-23.639135500000002,-46.761489499999996,,,,1,2023-06-17T12:40:37+00:00
SAO_6837-10,São Paulo,3550308,True,,6,,,-23.6161065,-46.739967,,,,1,2023-06-17T12:40:13+00:00
SAO_6837-10,São Paulo,3550308,True,,6,,,-23.654061499999997,-46.763393,,,,1,2023-06-17T12:40:47+00:00
SAO_6837-10,São Paulo,3550308,True,,6,,,-23.616017499999998,-46.755159000000006,,,,1,2023-06-17T12:40:40+00:00
SAO_546A-10,São Paulo,3550308,True,,1131,,,-23.6943965,-46.677315,,,,1,2023-06-17T12:40:33+00:00
SAO_546A-10,São Paulo,3550308,True,,1131,,,-23.6952165,-46.6546855,,,,1,2023-06-17T12:40:45+00:00
SAO_546A-10,São Paulo,3550308,True,,1131,,,-23.654356,-46.704178,,,,1,2023-06-17T12:40:03+00:00
SAO_407F-10,São Paulo,3550308,True,,34935,,,-23.562221,-46.5566235,,,,2,2023-06-17T12:40:18+00:00
SAO_407F-10,São Paulo,3550308,True,,34935,,,-23.583824999999997,-46.4936995,,,,2,2023-06-17T12:40:24+00:00
SAO_6017-10,São Paulo,3550308,True,,1206,,,-23.6996095,-46.767492000000004,,,,1,2023-06-17T12:40:26+00:00
SAO_6017-10,São Paulo,3550308,True,,1206,,,-23.665875,-46.7128965,,,,1,2023-06-17T12:40:37+00:00
SAO_6017-10,São Paulo,3550308,True,,1206,,,-23.681915500000002,-46.7668975,,,,1,2023-06-17T12:40:40+00:00
SAO_2088-10,São Paulo,3550308,True,,33140,,,-23.4940625,-46.3898925,,,,2,2023-06-17T12:40:28+00:00
SAO_978L-10,São Paulo,3550308,True,,33234,,,-23.476397499999997,-46.672296,,,,2,2023-06-17T12:40:42+00:00
SAO_8022-10,São Paulo,3550308,True,,34853,,,-23.5598261875,-46.7403246875,,,,2,2023-06-17T12:40:46+00:00
SAO_9501-10,São Paulo,3550308,True,,33230,,,-23.543206,-46.6386375,,,,2,2023-06-17T12:40:24+00:00
SAO_9501-10,São Paulo,3550308,True,,33230,,,-23.52501625,-46.6493945,,,,2,2023-06-17T12:40:39+00:00
SAO_9501-10,São Paulo,3550308,True,,33230,,,-23.4805165,-46.673632,,,,2,2023-06-17T12:40:35+00:00
SAO_9501-10,São Paulo,3550308,True,,33230,,,-23.494593,-46.684644375,,,,2,2023-06-17T12:40:34+00:00
SAO_675M-10,São Paulo,3550308,True,,32876,,,-23.641707,-46.651328,,,,2,2023-06-17T12:40:32+00:00
SAO_675M-10,São Paulo,3550308,True,,32876,,,-23.70660175,-46.6850855,,,,2,2023-06-17T12:40:36+00:00
SAO_508L-10,São Paulo,3550308,True,EMTU,117,https://moovitapp.com/index/pt-br/transporte_p%C3%BAblico-line-117-Sao_Paulo-242-2038937-36419277-0,4.8,-23.575677,-46.641495,,,,1,2023-06-17T12:40:32+00:00
SAO_508L-10,São Paulo,3550308,True,EMTU,117,https://moovitapp.com/index/pt-br/transporte_p%C3%BAblico-line-117-Sao_Paulo-242-2038937-36419277-0,4.8,-23.53549175,-46.653887,,,,1,2023-06-17T12:40:32+00:00
SAO_354M-10,São Paulo,3550308,True,,34387,,,-23.5531365,-46.445943,,,,2,2023-06-17T12:40:09+00:00
SAO_354M-10,São Paulo,3550308,True,,34387,,,-23.491803500000003,-46.434038,,,,2,2023-06-17T12:40:00+00:00
SAO_354M-10,São Paulo,3550308,True,,34387,,,-23.501392000000003,-46.44882375,,,,2,2023-06-17T12:40:24+00:00
SAO_354M-10,São Paulo,3550308,True,,34387,,,-23.612296,-46.475164500000005,,,,2,2023-06-17T12:40:10+00:00
SAO_2002-10,São Paulo,3550308,True,,33479,,,-23.549442499999998,-46.6309655,,,,2,2023-06-17T12:40:31+00:00
SAO_9784-10,São Paulo,3550308,True,,33595,,,-23.496948500000002,-46.66255175,,,,2,2023-06-17T12:40:36+00:00
SAO_9784-10,São Paulo,3550308,True,,33595,,,-23.4507675,-46.683319374999996,,,,2,2023-06-17T12:40:27+00:00
SAO_9784-10,São Paulo,3550308,True,,33595,,,-23.460034,-46.672446,,,,2,2023-06-17T12:40:32+00:00
SAO_175P-10,São Paulo,3550308,True,,33443,,,-23.502966999999998,-46.6260415,,,,2,2023-06-17T12:40:24+00:00
SAO_175P-10,São Paulo,3550308,True,,33443,,,-23.56997325,-46.645861000000004,,,,2,2023-06-17T12:40:28+00:00
SAO_175P-10,São Paulo,3550308,True,,33443,,,-23.5029325,-46.6262295,,,,2,2023-06-17T12:40:45+00:00
SAO_5300-10,São Paulo,3550308,True,EMTU,354,https://moovitapp.com/index/pt-br/transporte_p%C3%BAblico-line-354-Sao_Paulo-242-2038937-36419437-0,7.55,-23.61276225,-46.6707505,,,,1,2023-06-17T12:40:06+00:00
SAO_5300-10,São Paulo,3550308,True,EMTU,354,https://moovitapp.com/index/pt-br/transporte_p%C3%BAblico-line-354-Sao_Paulo-242-2038937-36419437-0,7.55,-23.5522365,-46.636125,,,,1,2023-06-17T12:40:41+00:00
SAO_5300-10,São Paulo,3550308,True,EMTU,354,https://moovitapp.com/index/pt-br/transporte_p%C3%BAblico-line-354-Sao_Paulo-242-2038937-36419437-0,7.55,-23.62568,-46.682874,,,,1,2023-06-17T12:40:04+00:00
SAO_5300-10,São Paulo,3550308,True,EMTU,354,https://moovitapp.com/index/pt-br/transporte_p%C3%BAblico-line-354-Sao_Paulo-242-2038937-36419437-0,7.55,-23.654195,-46.711744499999995,,,,1,2023-06-17T12:40:28+00:00
SAO_971C-10,São Paulo,3550308,True,,571,,,-23.436998,-46.717544375,,,,1,2023-06-17T12:40:29+00:00
SAO_971C-10,São Paulo,3550308,True,,571,,,-23.4801335,-46.656897,,,,1,2023-06-17T12:40:37+00:00
SAO_971C-10,São Paulo,3550308,True,,571,,,-23.501060000000003,-46.62484499999999,,,,1,2023-06-17T12:40:21+00:00
SAO_971C-10,São Paulo,3550308,True,,571,,,-23.445667,-46.705163999999996,,,,1,2023-06-17T12:40:35+00:00
SAO_975A-10,São Paulo,3550308,True,,33357,,,-23.50225575,-46.686184499999996,,,,2,2023-06-17T12:40:03+00:00
SAO_975A-10,São Paulo,3550308,True,,33357,,,-23.5738675,-46.642193375000005,,,,2,2023-06-17T12:40:33+00:00
SAO_6034-10,São Paulo,3550308,True,,95,,,-23.734681375,-46.694479375,,,,1,2023-06-17T12:40:48+00:00
SAO_6034-10,São Paulo,3550308,True,,95,,,-23.75634,-46.66749,,,,1,2023-06-17T12:40:03+00:00
SAO_7062-41,São Paulo,3550308,True,,35039,,,-23.650688625,-46.770039874999995,,,,2,2023-06-17T12:40:08+00:00
SAO_7062-41,São Paulo,3550308,True,,35039,,,-23.650688625,-46.770039874999995,,,,2,2023-06-17T12:40:26+00:00
SAO_574W-10,São Paulo,3550308,True,,34397,,,-23.6161065,-46.4880085,,,,2,2023-06-17T12:40:44+00:00
SAO_574W-10,São Paulo,3550308,True,,34397,,,-23.598685500000002,-46.513247,,,,2,2023-06-17T12:40:39+00:00
SAO_574W-10,São Paulo,3550308,True,,34397,,,-23.573363999999998,-46.5330365,,,,2,2023-06-17T12:40:29+00:00
SAO_3768-10,São Paulo,3550308,True,,1056,,,-23.5805435,-46.3824435,,,,1,2023-06-17T12:40:39+00:00
SAO_3768-10,São Paulo,3550308,True,,1056,,,-23.564352999999997,-46.4149565,,,,1,2023-06-17T12:35:19+00:00
SAO_3768-10,São Paulo,3550308,True,,1056,,,-23.5864595,-46.386217,,,,1,2023-06-17T12:40:29+00:00
SAO_3768-10,São Paulo,3550308,True,,1056,,,-23.564459,-46.415409499999996,,,,1,2023-06-17T12:40:17+00:00
SAO_3903-10,São Paulo,3550308,True,,34239,,,-23.514051000000002,-46.522007,,,,2,2023-06-17T12:40:33+00:00
SAO_2076-10,São Paulo,3550308,True,,33136,,,-23.490918,-46.48256,,,,2,2023-06-17T12:40:29+00:00
SAO_7013-10,São Paulo,3550308,True,,775,,,-23.61989425,-46.757946625,,,,1,2023-06-17T12:40:08+00:00
SAO_7013-10,São Paulo,3550308,True,,775,,,-23.591237,-46.7360755,,,,1,2023-06-17T12:40:03+00:00
SAO_7013-10,São Paulo,3550308,True,,775,,,-23.639982,-46.749115,,,,1,2023-06-17T12:40:44+00:00
SAO_775V-10,São Paulo,3550308,True,,475,,,-23.574828,-46.76181725,,,,1,2023-06-17T12:40:13+00:00
SAO_775V-10,São Paulo,3550308,True,,475,,,-23.5856675,-46.6819415,,,,1,2023-06-17T12:40:27+00:00
SAO_775V-10,São Paulo,3550308,True,,475,,,-23.568344500000002,-46.755952625,,,,1,2023-06-17T12:40:38+00:00
SAO_1026-10,São Paulo,3550308,True,,35074,,,-23.469867,-46.710125,,,,2,2023-06-17T12:40:27+00:00
SAO_1026-10,São Paulo,3550308,True,,35074,,,-23.47114175,-46.71015375,,,,2,2023-06-17T12:40:08+00:00
SAO_3743-10,São Paulo,3550308,True,,33811,,,-23.5606885,-46.465928500000004,,,,2,2023-06-17T12:40:32+00:00
SAO_3743-10,São Paulo,3550308,True,,33811,,,-23.5919936875,-46.489023062499996,,,,2,2023-06-17T12:40:30+00:00
SAO_8319-10,São Paulo,3550308,True,,476,,,-23.526753999999997,-46.7087085,,,,1,2023-06-17T12:40:25+00:00
SAO_8319-10,São Paulo,3550308,True,,476,,,-23.552291500000003,-46.75739975,,,,1,2023-06-17T12:40:24+00:00
SAO_373M-10,São Paulo,3550308,True,,33049,,,-23.590151249999998,-46.574535499999996,,,,2,2023-06-17T12:40:22+00:00
SAO_314J-10,São Paulo,3550308,True,,33078,,,-23.614278,-46.5171455,,,,2,2023-06-17T12:40:06+00:00
SAO_314J-10,São Paulo,3550308,True,,33078,,,-23.589281,-46.580176,,,,2,2023-06-17T12:40:40+00:00
SAO_314J-10,São Paulo,3550308,True,,33078,,,-23.5570875,-46.6339675,,,,2,2023-06-17T12:40:33+00:00
SAO_314J-10,São Paulo,3550308,True,,33078,,,-23.56166375,-46.62546775,,,,2,2023-06-17T12:40:47+00:00
SAO_3903-10,São Paulo,3550308,True,,1471,,,-23.5335395,-46.481352,,,,1,2023-06-17T12:34:09+00:00
SAO_3903-10,São Paulo,3550308,True,,1471,,,-23.522457000000003,-46.460426,,,,1,2023-06-17T12:40:25+00:00
SAO_3903-10,São Paulo,3550308,True,,1471,,,-23.5231655,-46.545469499999996,,,,1,2023-06-17T12:40:22+00:00
SAO_546A-31,São Paulo,3550308,True,,1132,,,-23.7139475,-46.6571055,,,,1,2023-06-17T12:40:44+00:00
SAO_546A-31,São Paulo,3550308,True,,1132,,,-23.6544305,-46.703920499999995,,,,1,2023-06-17T12:40:04+00:00
SAO_546A-31,São Paulo,3550308,True,,1132,,,-23.7139475,-46.6571055,,,,1,2023-06-17T12:37:28+00:00
SAO_546A-31,São Paulo,3550308,True,,1132,,,-23.693857,-46.677666,,,,1,2023-06-17T12:40:25+00:00
SAO_314J-10,São Paulo,3550308,True,Cidade de Caieiras,310,https://moovitapp.com/index/pt-br/transporte_p%C3%BAblico-line-310-Sao_Paulo-242-868761-496418-0,5.0,-23.601516500000002,-46.533545000000004,,,,1,2023-06-17T12:40:19+00:00
SAO_314J-10,São Paulo,3550308,True,Cidade de Caieiras,310,https://moovitapp.com/index/pt-br/transporte_p%C3%BAblico-line-310-Sao_Paulo-242-868761-496418-0,5.0,-23.5826085,-46.585235,,,,1,2023-06-17T12:40:39+00:00
SAO_8050-31,São Paulo,3550308,True,,33183,,,-23.43219,-46.7893265,,,,2,2023-06-17T12:40:31+00:00
SAO_809N-10,São Paulo,3550308,True,,35012,,,-23.5372625,-46.721116,,,,2,2023-06-17T12:40:42+00:00
SAO_6835-31,São Paulo,3550308,True,,34175,,,-23.683218,-46.7892375,,,,2,2023-06-17T12:40:22+00:00
SAO_715M-10,São Paulo,3550308,True,,33258,,,-23.562227,-46.6448845,,,,2,2023-06-17T12:40:06+00:00
SAO_715M-10,São Paulo,3550308,True,,33258,,,-23.5715405,-46.707439,,,,2,2023-06-17T12:40:22+00:00
SAO_3414-10,São Paulo,3550308,True,,33514,,,-23.5400675,-46.524879999999996,,,,2,2023-06-17T12:40:46+00:00
SAO_3414-10,São Paulo,3550308,True,,33514,,,-23.535381875,-46.5502515,,,,2,2023-06-17T12:40:37+00:00
SAO_3414-10,São Paulo,3550308,True,,33514,,,-23.551941,-46.624897,,,,2,2023-06-17T12:40:25+00:00
SAO_607A-10,São Paulo,3550308,True,,34907,,,-23.661365,-46.717587,,,,2,2023-06-17T12:37:37+00:00
SAO_607A-10,São Paulo,3550308,True,,34907,,,-23.671629,-46.70293225,,,,2,2023-06-17T12:40:22+00:00
SAO_607A-10,São Paulo,3550308,True,,34907,,,-23.6919215,-46.677823000000004,,,,2,2023-06-17T12:40:33+00:00
SAO_351F-10,São Paulo,3550308,True,,687,,,-23.5726035,-46.5347386875,,,,1,2023-06-17T12:40:07+00:00
SAO_351F-10,São Paulo,3550308,True,,687,,,-23.51919025,-46.59044775,,,,1,2023-06-17T12:37:30+00:00
SAO_351F-10,São Paulo,3550308,True,,687,,,-23.47664375,-46.57304525,,,,1,2023-06-17T12:40:06+00:00
SAO_174M-10,São Paulo,3550308,True,,673,,,-23.4998845,-46.623764249999994,,,,1,2023-06-17T12:40:14+00:00
SAO_174M-10,São Paulo,3550308,True,,673,,,-23.579950750000002,-46.60480425,,,,1,2023-06-17T12:40:38+00:00
SAO_174M-10,São Paulo,3550308,True,,673,,,-23.481051,-46.590009499999994,,,,1,2023-06-17T12:40:27+00:00
SAO_5757-10,São Paulo,3550308,True,,34056,,,-23.63472,-46.640936499999995,,,,2,2023-06-17T12:40:24+00:00
SAO_5757-10,São Paulo,3550308,True,,34056,,,-23.66527,-46.6512055,,,,2,2023-06-17T12:40:23+00:00
SAO_5757-10,São Paulo,3550308,True,,34056,,,-23.6933015,-46.642877,,,,2,2023-06-17T12:40:20+00:00
SAO_5757-10,São Paulo,3550308,True,,34056,,,-23.64649975,-46.64515875,,,,2,2023-06-17T12:40:25+00:00
SAO_5757-10,São Paulo,3550308,True,,34056,,,-23.678661499999997,-46.640864500000006,,,,2,2023-06-17T12:40:05+00:00
SAO_938L-10,São Paulo,3550308,True,,34136,,,-23.4805165,-46.673632,,,,2,2023-06-17T12:40:39+00:00
SAO_938L-10,São Paulo,3550308,True,,34136,,,-23.517713999999998,-46.7031655,,,,2,2023-06-17T12:40:15+00:00
SAO_4721-10,São Paulo,3550308,True,EMTU,337,https://moovitapp.com/index/pt-br/transporte_p%C3%BAblico-line-337-Sao_Paulo-242-2038937-36419422-0,6.35,-23.612827250000002,-46.63807025,,,,1,2023-06-17T12:40:34+00:00
SAO_546J-31,São Paulo,3550308,True,,2015,,,-23.685632,-46.6640105,,,,1,2023-06-17T12:40:11+00:00
SAO_546J-31,São Paulo,3550308,True,,2015,,,-23.66510225,-46.6784655,,,,1,2023-06-17T12:40:42+00:00
SAO_2123-10,São Paulo,3550308,True,,33460,,,-23.541646375,-46.61641275000001,,,,2,2023-06-17T12:40:35+00:00
SAO_2123-10,São Paulo,3550308,True,,33460,,,-23.4886805,-46.582163,,,,2,2023-06-17T12:40:43+00:00
SAO_6358-10,São Paulo,3550308,True,,1294,,,-23.62182025,-46.679286,,,,1,2023-06-17T12:40:06+00:00
SAO_6358-10,São Paulo,3550308,True,,1294,,,-23.6689655,-46.64958,,,,1,2023-06-17T12:40:34+00:00
SAO_6358-10,São Paulo,3550308,True,,1294,,,-23.57027475,-46.66202125,,,,1,2023-06-17T12:40:36+00:00
SAO_6805-10,São Paulo,3550308,True,,31,,,-23.655376,-46.762141,,,,1,2023-06-17T12:40:18+00:00
SAO_6805-10,São Paulo,3550308,True,,31,,,-23.645156999999998,-46.729875,,,,1,2023-06-17T12:40:44+00:00
SAO_271P-10,São Paulo,3550308,True,,704,,,-23.53642875,-46.5880015,,,,1,2023-06-17T12:40:18+00:00
SAO_271P-10,São Paulo,3550308,True,,704,,,-23.5369434375,-46.6343083125,,,,1,2023-06-17T12:40:02+00:00
SAO_271P-10,São Paulo,3550308,True,,704,,,-23.4991175,-46.5193395,,,,1,2023-06-17T12:40:40+00:00
SAO_1767-10,São Paulo,3550308,True,,33396,,,-23.467895,-46.584211499999995,,,,2,2023-06-17T12:40:46+00:00
SAO_1767-10,São Paulo,3550308,True,,33396,,,-23.4735285,-46.5655225,,,,2,2023-06-17T12:40:38+00:00
SAO_1767-10,São Paulo,3550308,True,,33396,,,-23.473826,-46.5661475,,,,2,2023-06-17T12:40:36+00:00
SAO_1767-10,São Paulo,3550308,True,,33396,,,-23.4736435,-46.565765999999996,,,,2,2023-06-17T12:40:30+00:00
SAO_2716-10,São Paulo,3550308,True,,33697,,,-23.533121,-46.544351500000005,,,,2,2023-06-17T12:40:07+00:00
SAO_2716-10,São Paulo,3550308,True,,33697,,,-23.522483,-46.5370505,,,,2,2023-06-17T12:40:07+00:00
SAO_4718-10,São Paulo,3550308,True,,33104,,,-23.6074945,-46.6294665,,,,2,2023-06-17T12:40:34+00:00
SAO_6455-10,São Paulo,3550308,True,,32831,,,-23.64481825,-46.71861725,,,,2,2023-06-17T12:40:40+00:00
SAO_6455-10,São Paulo,3550308,True,,32831,,,-23.578723812499998,-46.646527250000005,,,,2,2023-06-17T12:40:08+00:00
SAO_6053-10,São Paulo,3550308,True,,33913,,,-23.768271,-46.6614515,,,,2,2023-06-17T12:40:34+00:00
SAO_7022-10,São Paulo,3550308,True,,2084,,,-23.6731425,-46.7734105,,,,1,2023-06-17T12:40:34+00:00
SAO_7022-10,São Paulo,3550308,True,,2084,,,-23.668913,-46.7339305,,,,1,2023-06-17T12:40:42+00:00
SAO_7267-10,São Paulo,3550308,True,,1427,,,-23.551562750000002,-46.656801125,,,,1,2023-06-17T12:40:30+00:00
SAO_4111-10,São Paulo,3550308,True,,33088,,,-23.575937,-46.61345,,,,2,2023-06-17T12:40:33+00:00
SAO_271C-10,São Paulo,3550308,True,,33450,,,-23.520101500000003,-46.577822,,,,2,2023-06-17T12:40:28+00:00
SAO_2028-10,São Paulo,3550308,True,,2263,,,-23.453539,-46.589335,,,,1,2023-06-17T12:40:05+00:00
SAO_2028-10,São Paulo,3550308,True,,2263,,,-23.479476500000004,-46.601733499999995,,,,1,2023-06-17T12:40:03+00:00
SAO_5035-10,São Paulo,3550308,True,,1668,,,-23.614433,-46.5969965,,,,1,2023-06-17T12:40:09+00:00
SAO_5035-10,São Paulo,3550308,True,,1668,,,-23.635098,-46.5912085,,,,1,2023-06-17T12:40:18+00:00
SAO_9014-10,São Paulo,3550308,True,,34193,,,-23.520433,-46.7013225,,,,2,2023-06-17T12:40:19+00:00
SAO_9014-10,São Paulo,3550308,True,,34193,,,-23.497774,-46.6978845,,,,2,2023-06-17T12:40:32+00:00
SAO_272N-10,São Paulo,3550308,True,,705,,,-23.51919025,-46.59044775,,,,1,2023-06-17T12:37:15+00:00
SAO_4032-10,São Paulo,3550308,True,,33870,,,-23.62786675,-46.602360000000004,,,,2,2023-06-17T12:40:02+00:00
SAO_4032-10,São Paulo,3550308,True,,33870,,,-23.59826975,-46.64448575,,,,2,2023-06-17T12:40:20+00:00
SAO_2704-10,São Paulo,3550308,True,,916,,,-23.526659000000002,-46.409887999999995,,,,1,2023-06-17T12:40:05+00:00
SAO_2704-10,São Paulo,3550308,True,,916,,,-23.523834625000003,-46.414113875,,,,1,2023-06-17T12:39:58+00:00
SAO_2704-10,São Paulo,3550308,True,,916,,,-23.5198535,-46.41966,,,,1,2023-06-17T12:40:12+00:00
SAO_2704-10,São Paulo,3550308,True,,916,,,-23.5337065,-46.4548425,,,,1,2023-06-17T12:40:45+00:00
SAO_2704-10,São Paulo,3550308,True,,916,,,-23.542434,-46.471034,,,,1,2023-06-17T12:39:58+00:00
SAO_2704-10,São Paulo,3550308,True,,916,,,-23.526659000000002,-46.409887999999995,,,,1,2023-06-17T12:40:04+00:00
SAO_2704-10,São Paulo,3550308,True,,916,,,-23.526659000000002,-46.409887999999995,,,,1,2023-06-17T12:40:47+00:00
SAO_2704-10,São Paulo,3550308,True,,916,,,-23.526659000000002,-46.409887999999995,,,,1,2023-06-17T12:40:31+00:00
SAO_3725-10,São Paulo,3550308,True,,1022,,,-23.546904249999997,-46.5208375,,,,1,2023-06-17T12:40:38+00:00
SAO_3725-10,São Paulo,3550308,True,,1022,,,-23.5326095,-46.5311855,,,,1,2023-06-17T12:40:23+00:00
SAO_5145-10,São Paulo,3550308,True,,1641,,,-23.613952,-46.500666,,,,1,2023-06-17T12:40:05+00:00
SAO_5145-10,São Paulo,3550308,True,,1641,,,-23.582124999999998,-46.598608,,,,1,2023-06-17T12:40:32+00:00
SAO_5145-10,São Paulo,3550308,True,,1641,,,-23.613952,-46.500666,,,,1,2023-06-17T12:40:29+00:00
SAO_6801-10,São Paulo,3550308,True,,32773,,,-23.65537525,-46.732169125,,,,2,2023-06-17T12:40:08+00:00
SAO_4012-10,São Paulo,3550308,True,,34953,,,-23.621519499999998,-46.4621115,,,,2,2023-06-17T12:40:22+00:00
SAO_4012-10,São Paulo,3550308,True,,34953,,,-23.598488,-46.44115775,,,,2,2023-06-17T12:40:22+00:00
SAO_1778-10,São Paulo,3550308,True,,34557,,,-23.4637375,-46.5825725,,,,2,2023-06-17T12:37:39+00:00
SAO_1778-10,São Paulo,3550308,True,,34557,,,-23.504057,-46.623647500000004,,,,2,2023-06-17T12:40:45+00:00
SAO_8023-10,São Paulo,3550308,True,,2074,,,-23.5906525,-46.79741925,,,,1,2023-06-17T12:40:36+00:00
SAO_407R-10,São Paulo,3550308,True,,2201,,,-23.567368000000002,-46.541278,,,,1,2023-06-17T12:40:32+00:00
SAO_407R-10,São Paulo,3550308,True,,2201,,,-23.558462,-46.5226175,,,,1,2023-06-17T12:40:14+00:00
SAO_5144-10,São Paulo,3550308,True,,34395,,,-23.6139405,-46.501206499999995,,,,2,2023-06-17T12:40:11+00:00
SAO_5144-10,São Paulo,3550308,True,,34395,,,-23.538701500000002,-46.597423125,,,,2,2023-06-17T12:40:33+00:00
SAO_746K-10,São Paulo,3550308,True,,33555,,,-23.621068,-46.6904135,,,,2,2023-06-17T12:40:29+00:00
SAO_746K-10,São Paulo,3550308,True,,33555,,,-23.6188595,-46.7225445,,,,2,2023-06-17T12:40:35+00:00
SAO_746K-10,São Paulo,3550308,True,,33555,,,-23.6173285,-46.707054,,,,2,2023-06-17T12:40:22+00:00
SAO_6291-10,São Paulo,3550308,True,EMTU,358,https://moovitapp.com/index/pt-br/transporte_p%C3%BAblico-line-358-Sao_Paulo-242-2038937-36419439-0,4.8,-23.549846,-46.6390715,,,,1,2023-06-17T12:40:15+00:00
SAO_6291-10,São Paulo,3550308,True,EMTU,358,https://moovitapp.com/index/pt-br/transporte_p%C3%BAblico-line-358-Sao_Paulo-242-2038937-36419439-0,4.8,-23.621045000000002,-46.714841,,,,1,2023-06-17T12:40:00+00:00
SAO_6291-10,São Paulo,3550308,True,EMTU,358,https://moovitapp.com/index/pt-br/transporte_p%C3%BAblico-line-358-Sao_Paulo-242-2038937-36419439-0,4.8,-23.6417265,-46.746945,,,,1,2023-06-17T12:40:47+00:00
SAO_6003-21,São Paulo,3550308,True,,2576,,,-23.766613,-46.71643,,,,1,2023-06-17T12:40:15+00:00
SAO_6003-21,São Paulo,3550308,True,,2576,,,-23.755461,-46.7097945,,,,1,2023-06-17T12:39:57+00:00
SAO_6820-10,São Paulo,3550308,True,,32787,,,-23.662627,-46.78067125,,,,2,2023-06-17T12:40:30+00:00
SAO_4288-10,São Paulo,3550308,True,Cidade de Caieiras,290,https://moovitapp.com/index/pt-br/transporte_p%C3%BAblico-line-290-Sao_Paulo-242-868761-496416-0,5.0,-23.5836385,-46.5845555,,,,1,2023-06-17T12:40:22+00:00
SAO_875C-1,São Paulo,3550308,True,,2510,,,-23.597024249999997,-46.65053575,,,,1,2023-06-17T12:40:17+00:00
SAO_875C-1,São Paulo,3550308,True,,2510,,,-23.593024874999998,-46.67293325,,,,1,2023-06-17T12:40:02+00:00
SAO_8545-10,São Paulo,3550308,True,,34132,,,-23.469566625,-46.68734025,,,,2,2023-06-17T12:40:23+00:00
SAO_7062-31,São Paulo,3550308,True,,34682,,,-23.6463475,-46.7730035,,,,2,2023-06-17T12:40:21+00:00
SAO_7062-31,São Paulo,3550308,True,,34682,,,-23.6463475,-46.7730035,,,,2,2023-06-17T12:40:27+00:00
SAO_809N-10,São Paulo,3550308,True,,2244,,,-23.5667945,-46.754467500000004,,,,1,2023-06-17T12:40:17+00:00
SAO_7006-10,São Paulo,3550308,True,,1995,,,-23.717969,-46.784248000000005,,,,1,2023-06-17T12:40:27+00:00
SAO_7006-10,São Paulo,3550308,True,,1995,,,-23.688371999999998,-46.77244137500001,,,,1,2023-06-17T12:40:47+00:00
SAO_3002-10,São Paulo,3550308,True,,34576,,,-23.5108465,-46.3788725,,,,2,2023-06-17T12:40:16+00:00
SAO_3002-10,São Paulo,3550308,True,,34576,,,-23.494897375,-46.408320125,,,,2,2023-06-17T12:40:06+00:00
SAO_3002-10,São Paulo,3550308,True,,34576,,,-23.509563749999998,-46.38600675,,,,2,2023-06-17T12:40:34+00:00
SAO_6813-10,São Paulo,3550308,True,,32801,,,-23.660350625,-46.765821875,,,,2,2023-06-17T12:40:27+00:00
SAO_746V-10,São Paulo,3550308,True,,33560,,,-23.62274625,-46.754206999999994,,,,2,2023-06-17T12:40:11+00:00
SAO_746V-10,São Paulo,3550308,True,,33560,,,-23.6416525,-46.76151,,,,2,2023-06-17T12:40:05+00:00
SAO_746V-10,São Paulo,3550308,True,,33560,,,-23.62274625,-46.754206999999994,,,,2,2023-06-17T12:40:10+00:00
SAO_6803-10,São Paulo,3550308,True,,32797,,,-23.655711500000002,-46.754629,,,,2,2023-06-17T12:40:36+00:00
SAO_4729-10,São Paulo,3550308,True,,1108,,,-23.591203999999998,-46.530699,,,,1,2023-06-17T12:40:32+00:00
SAO_4729-10,São Paulo,3550308,True,,1108,,,-23.559672,-46.576427499999994,,,,1,2023-06-17T12:40:14+00:00
SAO_4729-10,São Paulo,3550308,True,,1108,,,-23.5916635,-46.506913499999996,,,,1,2023-06-17T12:40:39+00:00
SAO_6825-10,São Paulo,3550308,True,BR7 Mobilidade,14,https://moovitapp.com/index/pt-br/transporte_p%C3%BAblico-line-14-Sao_Paulo-242-851856-183465-0,5.75,-23.674031499999998,-46.787904499999996,,,,1,2023-06-17T12:40:06+00:00
SAO_6825-10,São Paulo,3550308,True,BR7 Mobilidade,14,https://moovitapp.com/index/pt-br/transporte_p%C3%BAblico-line-14-Sao_Paulo-242-851856-183465-0,5.75,-23.653719000000002,-46.762564,,,,1,2023-06-17T12:40:40+00:00
SAO_677V-10,São Paulo,3550308,True,,32880,,,-23.7180795,-46.6987635,,,,2,2023-06-17T12:40:29+00:00
SAO_5614-21,São Paulo,3550308,True,,35232,,,-23.7160135,-46.624853,,,,2,2023-06-17T12:40:10+00:00
SAO_5614-21,São Paulo,3550308,True,,35232,,,-23.695607,-46.667365000000004,,,,2,2023-06-17T12:40:21+00:00
SAO_6L08-10,São Paulo,3550308,True,,33950,,,-23.827634500000002,-46.7133525,,,,2,2023-06-17T12:40:18+00:00
SAO_1788-10,São Paulo,3550308,True,,33421,,,-23.4403375,-46.57737,,,,2,2023-06-17T12:40:42+00:00
SAO_1788-10,São Paulo,3550308,True,,33421,,,-23.48834875,-46.619066625,,,,2,2023-06-17T12:38:01+00:00
SAO_647P-10,São Paulo,3550308,True,,34084,,,-23.675173,-46.784257,,,,2,2023-06-17T12:40:40+00:00
SAO_647P-10,São Paulo,3550308,True,,34084,,,-23.61987,-46.733194,,,,2,2023-06-17T12:40:46+00:00
SAO_647P-10,São Paulo,3550308,True,,34084,,,-23.6749685,-46.784116,,,,2,2023-06-17T12:40:30+00:00
SAO_647P-10,São Paulo,3550308,True,,34084,,,-23.6532175,-46.74036099999999,,,,2,2023-06-17T12:40:23+00:00
SAO_6813-10,São Paulo,3550308,True,BR7 Mobilidade,33,https://moovitapp.com/index/pt-br/transporte_p%C3%BAblico-line-33-Sao_Paulo-242-851856-529134-0,5.75,-23.668464,-46.7637515,,,,1,2023-06-17T12:40:37+00:00
SAO_709P-10,São Paulo,3550308,True,,1993,,,-23.586877125,-46.682329624999994,,,,1,2023-06-17T12:40:29+00:00
SAO_709P-10,São Paulo,3550308,True,,1993,,,-23.642786,-46.724813,,,,1,2023-06-17T12:40:36+00:00
SAO_709P-10,São Paulo,3550308,True,,1993,,,-23.566113,-46.7021015,,,,1,2023-06-17T12:40:19+00:00
SAO_3462-10,São Paulo,3550308,True,,33015,,,-23.528554749999998,-46.527148249999996,,,,2,2023-06-17T12:40:10+00:00
SAO_3462-10,São Paulo,3550308,True,,33015,,,-23.5325455,-46.4610755,,,,2,2023-06-17T12:40:25+00:00
SAO_8026-10,São Paulo,3550308,True,,34851,,,-23.6237335,-46.75275537500001,,,,2,2023-06-17T12:40:14+00:00
SAO_8026-10,São Paulo,3550308,True,,34851,,,-23.632875,-46.7479035,,,,2,2023-06-17T12:40:14+00:00
SAO_978L-10,São Paulo,3550308,True,EMTU,466,https://moovitapp.com/index/pt-br/transporte_p%C3%BAblico-line-466-Sao_Paulo-242-2038937-72712754-0,5.4,-23.509026,-46.6662465,,,,1,2023-06-17T12:40:02+00:00
SAO_978L-10,São Paulo,3550308,True,EMTU,466,https://moovitapp.com/index/pt-br/transporte_p%C3%BAblico-line-466-Sao_Paulo-242-2038937-72712754-0,5.4,-23.53506275,-46.644746999999995,,,,1,2023-06-17T12:40:40+00:00
SAO_4010-10,São Paulo,3550308,True,,2183,,,-23.55714325,-46.46659375,,,,1,2023-06-17T12:40:28+00:00
SAO_846M-10,São Paulo,3550308,True,,33190,,,-23.5152,-46.757914,,,,2,2023-06-17T12:40:42+00:00
SAO_508L-10,São Paulo,3550308,True,,32885,,,-23.5418015,-46.64132525,,,,2,2023-06-17T12:40:09+00:00
SAO_5091-10,São Paulo,3550308,True,,34291,,,-23.682377000000002,-46.6773985,,,,2,2023-06-17T12:40:26+00:00
SAO_5091-10,São Paulo,3550308,True,,34291,,,-23.664944,-46.6380915,,,,2,2023-06-17T12:40:10+00:00
SAO_5091-10,São Paulo,3550308,True,,34291,,,-23.62553725,-46.6404665,,,,2,2023-06-17T12:40:35+00:00
SAO_669A-10,São Paulo,3550308,True,,32772,,,-23.653927,-46.710094,,,,2,2023-06-17T12:40:34+00:00
SAO_669A-10,São Paulo,3550308,True,,32772,,,-23.535702999999998,-46.651074,,,,2,2023-06-17T12:40:26+00:00
SAO_669A-10,São Paulo,3550308,True,,32772,,,-23.6043425,-46.6750015,,,,2,2023-06-17T12:40:36+00:00
SAO_669A-10,São Paulo,3550308,True,,32772,,,-23.556492499999997,-46.665206,,,,2,2023-06-17T12:40:25+00:00
SAO_669A-10,São Paulo,3550308,True,,32772,,,-23.5341755,-46.6447165,,,,2,2023-06-17T12:40:23+00:00
SAO_3021-10,São Paulo,3550308,True,,33044,,,-23.5921015,-46.5122655,,,,2,2023-06-17T12:40:04+00:00
SAO_8003-10,São Paulo,3550308,True,,1253,,,-23.5200065,-46.7223005,,,,1,2023-06-17T12:40:33+00:00
SAO_8700-1,São Paulo,3550308,True,,2508,,,-23.55833775,-46.667919999999995,,,,1,2023-06-17T12:40:29+00:00
SAO_8700-1,São Paulo,3550308,True,,2508,,,-23.589949500000003,-46.7296245,,,,1,2023-06-17T12:40:10+00:00
SAO_1760-10,São Paulo,3550308,True,,33325,,,-23.4646735,-46.663542500000005,,,,2,2023-06-17T12:40:33+00:00
SAO_1760-10,São Paulo,3550308,True,,33325,,,-23.457126,-46.65923775,,,,2,2023-06-17T12:40:05+00:00
SAO_407M-10,São Paulo,3550308,True,,318,,,-23.575753,-46.621116125,,,,1,2023-06-17T12:40:08+00:00
SAO_373M-10,São Paulo,3550308,True,EMTU,281,https://moovitapp.com/index/pt-br/transporte_p%C3%BAblico-line-281-Sao_Paulo-242-2038937-36419383-0,6.25,-23.5409805,-46.576847,,,,1,2023-06-17T12:40:26+00:00
SAO_373M-10,São Paulo,3550308,True,EMTU,281,https://moovitapp.com/index/pt-br/transporte_p%C3%BAblico-line-281-Sao_Paulo-242-2038937-36419383-0,6.25,-23.593591,-46.555280249999996,,,,1,2023-06-17T12:40:28+00:00
SAO_6258-10,São Paulo,3550308,True,,34000,,,-23.691460499999998,-46.746868500000005,,,,2,2023-06-17T12:40:27+00:00
SAO_6258-10,São Paulo,3550308,True,,34000,,,-23.6628155,-46.707258625,,,,2,2023-06-17T12:40:21+00:00
SAO_847J-10,São Paulo,3550308,True,,1342,,,-23.521237,-46.730245749999995,,,,1,2023-06-17T12:40:31+00:00
SAO_809H-10,São Paulo,3550308,True,,35013,,,-23.5389835,-46.727600499999994,,,,2,2023-06-17T12:40:12+00:00
SAO_809H-10,São Paulo,3550308,True,,35013,,,-23.5820365,-46.788939,,,,2,2023-06-17T12:40:25+00:00
SAO_1759-10,São Paulo,3550308,True,,553,,,-23.4863525,-46.627761,,,,1,2023-06-17T12:40:12+00:00
SAO_1759-10,São Paulo,3550308,True,,553,,,-23.502099,-46.62419250000001,,,,1,2023-06-17T12:40:42+00:00
SAO_1759-10,São Paulo,3550308,True,,553,,,-23.462412750000002,-46.651574249999996,,,,1,2023-06-17T12:40:02+00:00
SAO_1759-10,São Paulo,3550308,True,,553,,,-23.499637999999997,-46.6256595,,,,1,2023-06-17T12:38:30+00:00
SAO_6836-10,São Paulo,3550308,True,,32781,,,-23.6733335,-46.773441,,,,2,2023-06-17T12:40:31+00:00
SAO_4004-10,São Paulo,3550308,True,,2178,,,-23.5826465,-46.408255999999994,,,,1,2023-06-17T12:40:44+00:00
SAO_7267-10,São Paulo,3550308,True,,34195,,,-23.536394,-46.6778235,,,,2,2023-06-17T12:40:44+00:00
SAO_7267-10,São Paulo,3550308,True,,34195,,,-23.5549715,-46.668445250000005,,,,2,2023-06-17T12:40:44+00:00
SAO_8075-21,São Paulo,3550308,True,,2537,,,-23.616788,-46.757313499999995,,,,1,2023-06-17T12:40:08+00:00
SAO_8075-21,São Paulo,3550308,True,,2537,,,-23.591,-46.7362035,,,,1,2023-06-17T12:40:39+00:00
SAO_875C-10,São Paulo,3550308,True,,33246,,,-23.6031755,-46.6603255,,,,2,2023-06-17T12:40:26+00:00
SAO_875C-10,São Paulo,3550308,True,,33246,,,-23.528112999999998,-46.703617,,,,2,2023-06-17T12:40:26+00:00
SAO_875C-10,São Paulo,3550308,True,,33246,,,-23.532211250000003,-46.713140499999994,,,,2,2023-06-17T12:40:38+00:00
SAO_748A-10,São Paulo,3550308,True,EMTU,498,https://moovitapp.com/index/pt-br/transporte_p%C3%BAblico-line-498-Sao_Paulo-242-2038937-36419523-0,5.4,-23.569664500000002,-46.75730937499999,,,,1,2023-06-17T12:40:23+00:00
SAO_7011-31,São Paulo,3550308,True,,34722,,,-23.707812,-46.7918005,,,,2,2023-06-17T12:40:34+00:00
SAO_807P-10,São Paulo,3550308,True,,34867,,,-23.626250749999997,-46.723018499999995,,,,2,2023-06-17T12:40:19+00:00
SAO_7458-10,São Paulo,3550308,True,EMTU,496,https://moovitapp.com/index/pt-br/transporte_p%C3%BAblico-line-496-Sao_Paulo-242-2038937-36419521-0,5.4,-23.585068999999997,-46.7665055,,,,1,2023-06-17T12:40:03+00:00
SAO_7458-10,São Paulo,3550308,True,EMTU,496,https://moovitapp.com/index/pt-br/transporte_p%C3%BAblico-line-496-Sao_Paulo-242-2038937-36419521-0,5.4,-23.59181125,-46.73579,,,,1,2023-06-17T12:40:14+00:00
SAO_775P-10,São Paulo,3550308,True,EMTU,507,https://moovitapp.com/index/pt-br/transporte_p%C3%BAblico-line-507-Sao_Paulo-242-2038937-36419529-0,5.65,-23.597490999999998,-46.756606500000004,,,,1,2023-06-17T12:40:26+00:00
SAO_775P-10,São Paulo,3550308,True,EMTU,507,https://moovitapp.com/index/pt-br/transporte_p%C3%BAblico-line-507-Sao_Paulo-242-2038937-36419529-0,5.65,-23.5649485,-46.679060250000006,,,,1,2023-06-17T12:40:24+00:00
SAO_1017-10,São Paulo,3550308,True,,2141,,,-23.452859500000002,-46.71271525,,,,1,2023-06-17T12:40:22+00:00
SAO_1017-10,São Paulo,3550308,True,,2141,,,-23.407032,-46.758294,,,,1,2023-06-17T12:40:25+00:00
SAO_807J-10,São Paulo,3550308,True,,2058,,,-23.6147535,-46.73227,,,,1,2023-06-17T12:40:14+00:00
SAO_807J-10,São Paulo,3550308,True,,2058,,,-23.6316405,-46.772316,,,,1,2023-06-17T12:40:19+00:00
SAO_6073-10,São Paulo,3550308,True,,1160,,,-23.81769525,-46.734309624999995,,,,1,2023-06-17T12:40:34+00:00
SAO_6073-10,São Paulo,3550308,True,,1160,,,-23.842793,-46.7175285,,,,1,2023-06-17T12:36:09+00:00
SAO_5032-10,São Paulo,3550308,True,,1662,,,-23.5975295,-46.590059,,,,1,2023-06-17T12:40:26+00:00
SAO_5032-10,São Paulo,3550308,True,,1662,,,-23.6189825,-46.59252075,,,,1,2023-06-17T12:40:09+00:00
SAO_5032-10,São Paulo,3550308,True,,1662,,,-23.602233,-46.602855,,,,1,2023-06-17T12:40:10+00:00
SAO_609F-10,São Paulo,3550308,True,BR7 Mobilidade,37,https://moovitapp.com/index/pt-br/transporte_p%C3%BAblico-line-37-Sao_Paulo-242-851856-596010-0,5.75,-23.659055000000002,-46.7433415,,,,1,2023-06-17T12:40:32+00:00
SAO_609F-10,São Paulo,3550308,True,BR7 Mobilidade,37,https://moovitapp.com/index/pt-br/transporte_p%C3%BAblico-line-37-Sao_Paulo-242-851856-596010-0,5.75,-23.535796249999997,-46.644202,,,,1,2023-06-17T12:40:32+00:00
SAO_609F-10,São Paulo,3550308,True,BR7 Mobilidade,37,https://moovitapp.com/index/pt-br/transporte_p%C3%BAblico-line-37-Sao_Paulo-242-851856-596010-0,5.75,-23.59891425,-46.693739750000006,,,,1,2023-06-17T12:40:42+00:00
SAO_609F-10,São Paulo,3550308,True,BR7 Mobilidade,37,https://moovitapp.com/index/pt-br/transporte_p%C3%BAblico-line-37-Sao_Paulo-242-851856-596010-0,5.75,-23.5389905,-46.635883,,,,1,2023-06-17T12:40:44+00:00
SAO_695D-10,São Paulo,3550308,True,EMTU,114,https://moovitapp.com/index/pt-br/transporte_p%C3%BAblico-line-114-Sao_Paulo-242-2038937-36419274-0,6.4,-23.7329935,-46.676147,,,,1,2023-06-17T12:40:20+00:00
SAO_695D-10,São Paulo,3550308,True,EMTU,114,https://moovitapp.com/index/pt-br/transporte_p%C3%BAblico-line-114-Sao_Paulo-242-2038937-36419274-0,6.4,-23.706224875000004,-46.700448625,,,,1,2023-06-17T12:40:36+00:00
SAO_1703-10,São Paulo,3550308,True,,847,,,-23.499353499999998,-46.613966500000004,,,,1,2023-06-17T12:40:34+00:00
SAO_1703-10,São Paulo,3550308,True,,847,,,-23.450564,-46.588642500000006,,,,1,2023-06-17T12:40:44+00:00
SAO_2004-10,São Paulo,3550308,True,,892,,,-23.5191545,-46.38698925,,,,1,2023-06-17T12:40:25+00:00
SAO_2004-10,São Paulo,3550308,True,,892,,,-23.519621,-46.383444499999996,,,,1,2023-06-17T12:40:43+00:00
SAO_2004-10,São Paulo,3550308,True,,892,,,-23.519621,-46.383444499999996,,,,1,2023-06-17T12:40:09+00:00
SAO_2004-10,São Paulo,3550308,True,,892,,,-23.541898500000002,-46.4154965,,,,1,2023-06-17T12:40:43+00:00
SAO_2004-10,São Paulo,3550308,True,,892,,,-23.5284555,-46.393058999999994,,,,1,2023-06-17T12:37:57+00:00
SAO_1787-10,São Paulo,3550308,True,,650,,,-23.4599845,-46.6153695,,,,1,2023-06-17T12:40:17+00:00
SAO_2127-10,São Paulo,3550308,True,,33461,,,-23.5466925,-46.623303625000005,,,,2,2023-06-17T12:40:43+00:00
SAO_2127-10,São Paulo,3550308,True,,33461,,,-23.478431,-46.570043,,,,2,2023-06-17T12:40:37+00:00
SAO_771P-10,São Paulo,3550308,True,,33274,,,-23.575709500000002,-46.7201205,,,,2,2023-06-17T12:40:11+00:00
SAO_675X-10,São Paulo,3550308,True,,32879,,,-23.596426,-46.650729999999996,,,,2,2023-06-17T12:40:21+00:00
SAO_675X-10,São Paulo,3550308,True,,32879,,,-23.596426,-46.650729999999996,,,,2,2023-06-17T12:40:37+00:00
SAO_675X-10,São Paulo,3550308,True,,32879,,,-23.615453875,-46.673448875,,,,2,2023-06-17T12:40:46+00:00
SAO_675X-10,São Paulo,3550308,True,,32879,,,-23.718092,-46.699059000000005,,,,2,2023-06-17T12:40:21+00:00
SAO_675X-10,São Paulo,3550308,True,,32879,,,-23.65107175,-46.70392125000001,,,,2,2023-06-17T12:40:02+00:00
SAO_5024-31,São Paulo,3550308,True,,33891,,,-23.687144500000002,-46.68091,,,,2,2023-06-17T12:40:29+00:00
SAO_5024-31,São Paulo,3550308,True,,33891,,,-23.689080750000002,-46.64931275,,,,2,2023-06-17T12:40:27+00:00
SAO_1021-10,São Paulo,3550308,True,EMTU,833,https://moovitapp.com/index/pt-br/transporte_p%C3%BAblico-line-833-Sao_Paulo-242-2038937-36419599-0,5.4,-23.4466055,-46.708261,,,,1,2023-06-17T12:40:07+00:00
SAO_1021-10,São Paulo,3550308,True,EMTU,833,https://moovitapp.com/index/pt-br/transporte_p%C3%BAblico-line-833-Sao_Paulo-242-2038937-36419599-0,5.4,-23.474486749999997,-46.72775575,,,,1,2023-06-17T12:40:11+00:00
SAO_736I-10,São Paulo,3550308,True,,33549,,,-23.641043,-46.745554,,,,2,2023-06-17T12:40:26+00:00
SAO_736I-10,São Paulo,3550308,True,,33549,,,-23.650086,-46.7077355,,,,2,2023-06-17T12:40:29+00:00
SAO_736I-10,São Paulo,3550308,True,,33549,,,-23.6324355,-46.748238,,,,2,2023-06-17T12:40:41+00:00
SAO_4006-10,São Paulo,3550308,True,,2180,,,-23.6171365,-46.4306585,,,,1,2023-06-17T12:40:21+00:00
SAO_8001-10,São Paulo,3550308,True,,1251,,,-23.5125965,-46.7429605,,,,1,2023-06-17T12:40:31+00:00
SAO_8001-10,São Paulo,3550308,True,,1251,,,-23.5196005,-46.700601,,,,1,2023-06-17T12:40:14+00:00
SAO_9090-10,São Paulo,3550308,True,,884,,,-23.4745985,-46.670230000000004,,,,1,2023-06-17T12:40:39+00:00
SAO_4111-10,São Paulo,3550308,True,Cidade de Caieiras,320,https://moovitapp.com/index/pt-br/transporte_p%C3%BAblico-line-320-Sao_Paulo-242-868761-752903-0,5.0,-23.542485499999998,-46.627157,,,,1,2023-06-17T12:40:08+00:00
SAO_809R-10,São Paulo,3550308,True,,34835,,,-23.5661625,-46.701485500000004,,,,2,2023-06-17T12:40:09+00:00
SAO_809R-10,São Paulo,3550308,True,,34835,,,-23.566889500000002,-46.7014895,,,,2,2023-06-17T12:40:04+00:00
SAO_211L-10,São Paulo,3550308,True,,2265,,,-23.501951,-46.673207000000005,,,,1,2023-06-17T12:40:23+00:00
SAO_211L-10,São Paulo,3550308,True,,2265,,,-23.481771875,-46.629750875,,,,1,2023-06-17T12:40:28+00:00
SAO_2590-10,São Paulo,3550308,True,,33680,,,-23.496727,-46.457241499999995,,,,2,2023-06-17T12:40:42+00:00
SAO_2590-10,São Paulo,3550308,True,,33680,,,-23.48327475,-46.466404999999995,,,,2,2023-06-17T12:40:35+00:00
SAO_2590-10,São Paulo,3550308,True,,33680,,,-23.54102225,-46.613502249999996,,,,2,2023-06-17T12:40:10+00:00
SAO_6821-10,São Paulo,3550308,True,BR7 Mobilidade,21,https://moovitapp.com/index/pt-br/transporte_p%C3%BAblico-line-21-Sao_Paulo-242-851856-707765-0,5.75,-23.667064,-46.772805000000005,,,,1,2023-06-17T12:40:18+00:00
SAO_6821-10,São Paulo,3550308,True,BR7 Mobilidade,21,https://moovitapp.com/index/pt-br/transporte_p%C3%BAblico-line-21-Sao_Paulo-242-851856-707765-0,5.75,-23.654274,-46.7625595,,,,1,2023-06-17T12:40:12+00:00
SAO_938C-10,São Paulo,3550308,True,,33354,,,-23.4593245,-46.719275499999995,,,,2,2023-06-17T12:40:41+00:00
SAO_938C-10,São Paulo,3550308,True,,33354,,,-23.534564,-46.6448795,,,,2,2023-06-17T12:40:13+00:00
SAO_771P-10,São Paulo,3550308,True,EMTU,506,https://moovitapp.com/index/pt-br/transporte_p%C3%BAblico-line-506-Sao_Paulo-242-2038937-36419528-0,5.65,-23.58601175,-46.76021825,,,,1,2023-06-17T12:40:36+00:00
SAO_8015-10,São Paulo,3550308,True,,1345,,,-23.389069499999998,-46.734939,,,,1,2023-06-17T12:40:41+00:00
SAO_8015-10,São Paulo,3550308,True,,1345,,,-23.406639,-46.735080499999995,,,,1,2023-06-17T12:40:36+00:00
SAO_8015-10,São Paulo,3550308,True,,1345,,,-23.43782,-46.717404125,,,,1,2023-06-17T12:40:20+00:00
SAO_4221-10,São Paulo,3550308,True,,325,,,-23.589570000000002,-46.5828475,,,,1,2023-06-17T12:40:12+00:00
SAO_971V-10,São Paulo,3550308,True,,619,,,-23.459018,-46.674842999999996,,,,1,2023-06-17T12:40:14+00:00
SAO_971V-10,São Paulo,3550308,True,,619,,,-23.50536475,-46.624964125000005,,,,1,2023-06-17T12:40:38+00:00
SAO_971V-10,São Paulo,3550308,True,,619,,,-23.486494,-46.6716825,,,,1,2023-06-17T12:40:07+00:00
SAO_5029-10,São Paulo,3550308,True,,34440,,,-23.628492,-46.5859155,,,,2,2023-06-17T12:40:03+00:00
SAO_5029-10,São Paulo,3550308,True,,34440,,,-23.622851375,-46.591449749999995,,,,2,2023-06-17T12:40:17+00:00
SAO_2780-10,São Paulo,3550308,True,EMTU,399,https://moovitapp.com/index/pt-br/transporte_p%C3%BAblico-line-399-Sao_Paulo-242-2038937-36419463-0,6.45,-23.507662500000002,-46.3716095,,,,1,2023-06-17T12:39:04+00:00
SAO_2780-10,São Paulo,3550308,True,EMTU,399,https://moovitapp.com/index/pt-br/transporte_p%C3%BAblico-line-399-Sao_Paulo-242-2038937-36419463-0,6.45,-23.507662500000002,-46.3716095,,,,1,2023-06-17T12:40:12+00:00
SAO_2780-10,São Paulo,3550308,True,EMTU,399,https://moovitapp.com/index/pt-br/transporte_p%C3%BAblico-line-399-Sao_Paulo-242-2038937-36419463-0,6.45,-23.532367,-46.45353425,,,,1,2023-06-17T12:40:36+00:00
SAO_2780-10,São Paulo,3550308,True,EMTU,399,https://moovitapp.com/index/pt-br/transporte_p%C3%BAblico-line-399-Sao_Paulo-242-2038937-36419463-0,6.45,-23.507662500000002,-46.3716095,,,,1,2023-06-17T12:40:10+00:00
SAO_6806-10,São Paulo,3550308,True,BR7 Mobilidade,32,https://moovitapp.com/index/pt-br/transporte_p%C3%BAblico-line-32-Sao_Paulo-242-851856-586488-0,5.75,-23.6440135,-46.734696,,,,1,2023-06-17T12:40:06+00:00
SAO_6806-10,São Paulo,3550308,True,BR7 Mobilidade,32,https://moovitapp.com/index/pt-br/transporte_p%C3%BAblico-line-32-Sao_Paulo-242-851856-586488-0,5.75,-23.6335975,-46.7578985,,,,1,2023-06-17T12:40:12+00:00
SAO_6232-10,São Paulo,3550308,True,STT,483,https://moovitapp.com/index/pt-br/transporte_p%C3%BAblico-line-483-Sao_Paulo-242-850661-183322-0,5.3,-23.5649705,-46.6948935,,,,1,2023-06-17T12:40:34+00:00
SAO_172N-10,São Paulo,3550308,True,,33432,,,-23.51930925,-46.590376750000004,,,,2,2023-06-17T12:40:11+00:00
SAO_172N-10,São Paulo,3550308,True,,33432,,,-23.515946749999998,-46.61641775,,,,2,2023-06-17T12:40:11+00:00
SAO_172N-10,São Paulo,3550308,True,,33432,,,-23.509076999999998,-46.616327999999996,,,,2,2023-06-17T12:40:16+00:00
SAO_574A-21,São Paulo,3550308,True,,34458,,,-23.6394745,-46.641374500000005,,,,2,2023-06-17T12:40:32+00:00
SAO_574A-21,São Paulo,3550308,True,,34458,,,-23.597682,-46.636748,,,,2,2023-06-17T12:40:26+00:00
SAO_6053-10,São Paulo,3550308,True,,1145,,,-23.736617,-46.696708,,,,1,2023-06-17T12:40:34+00:00
SAO_748A-41,São Paulo,3550308,True,EMTU,499,https://moovitapp.com/index/pt-br/transporte_p%C3%BAblico-line-499-Sao_Paulo-242-2038937-36419524-0,5.4,-23.5510456875,-46.740044062500004,,,,1,2023-06-17T12:40:06+00:00
SAO_748A-41,São Paulo,3550308,True,EMTU,499,https://moovitapp.com/index/pt-br/transporte_p%C3%BAblico-line-499-Sao_Paulo-242-2038937-36419524-0,5.4,-23.58485725,-46.743282125,,,,1,2023-06-17T12:40:41+00:00
SAO_4013-10,São Paulo,3550308,True,,2186,,,-23.6353085,-46.443883,,,,1,2023-06-17T12:40:41+00:00
SAO_4013-10,São Paulo,3550308,True,,2186,,,-23.61556425,-46.4696855,,,,1,2023-06-17T12:40:25+00:00
SAO_4013-10,São Paulo,3550308,True,,2186,,,-23.612315,-46.476184,,,,1,2023-06-17T12:40:41+00:00
SAO_9002-10,São Paulo,3550308,True,,33638,,,-23.4752665,-46.670108,,,,2,2023-06-17T12:40:17+00:00
SAO_9002-10,São Paulo,3550308,True,,33638,,,-23.453662,-46.66986275,,,,2,2023-06-17T12:40:27+00:00
SAO_9002-10,São Paulo,3550308,True,,33638,,,-23.458088500000002,-46.6717525,,,,2,2023-06-17T12:40:08+00:00
SAO_8548-10,São Paulo,3550308,True,EMTU,578,https://moovitapp.com/index/pt-br/transporte_p%C3%BAblico-line-578-Sao_Paulo-242-2038937-36419568-0,5.4,-23.5142335,-46.690912,,,,1,2023-06-17T12:40:00+00:00
SAO_8215-10,São Paulo,3550308,True,,574,,,-23.497774,-46.6978845,,,,1,2023-06-17T12:40:02+00:00
SAO_8215-10,São Paulo,3550308,True,,574,,,-23.530671499999997,-46.659808999999996,,,,1,2023-06-17T12:40:07+00:00
SAO_8012-10,São Paulo,3550308,True,,2023,,,-23.56318825,-46.71642262500001,,,,1,2023-06-17T12:40:16+00:00
SAO_6039-21,São Paulo,3550308,True,,35261,,,-23.660608,-46.7679,,,,2,2023-06-17T12:40:04+00:00
SAO_3134-10,São Paulo,3550308,True,,33761,,,-23.572951,-46.560978500000004,,,,2,2023-06-17T12:40:35+00:00
SAO_3134-10,São Paulo,3550308,True,,33761,,,-23.59162,-46.581167,,,,2,2023-06-17T12:40:23+00:00
SAO_3134-10,São Paulo,3550308,True,,33761,,,-23.563912000000002,-46.5052585,,,,2,2023-06-17T12:40:24+00:00
SAO_3134-10,São Paulo,3550308,True,,33761,,,-23.563750499999998,-46.505320499999996,,,,2,2023-06-17T12:40:17+00:00
SAO_5752-10,São Paulo,3550308,True,,1287,,,-23.63558,-46.641001,,,,1,2023-06-17T12:40:42+00:00
SAO_5752-10,São Paulo,3550308,True,,1287,,,-23.679766,-46.655376125000004,,,,1,2023-06-17T12:40:21+00:00
SAO_5752-10,São Paulo,3550308,True,,1287,,,-23.6887665,-46.6485045,,,,1,2023-06-17T12:40:08+00:00
SAO_5752-10,São Paulo,3550308,True,,1287,,,-23.657294,-46.654503250000005,,,,1,2023-06-17T12:40:41+00:00
SAO_3795-10,São Paulo,3550308,True,,33841,,,-23.545422124999998,-46.453194999999994,,,,2,2023-06-17T12:40:09+00:00
SAO_8065-10,São Paulo,3550308,True,,33189,,,-23.509457249999997,-46.71020625,,,,2,2023-06-17T12:40:28+00:00
SAO_2435-10,São Paulo,3550308,True,Cidade de Caieiras,210,https://moovitapp.com/index/pt-br/transporte_p%C3%BAblico-line-210-Sao_Paulo-242-868761-496408-0,5.0,-23.533555999999997,-46.48792625,,,,1,2023-06-17T12:40:02+00:00
SAO_3024-10,São Paulo,3550308,True,EMTU,277,https://moovitapp.com/index/pt-br/transporte_p%C3%BAblico-line-277-Sao_Paulo-242-2038937-36419380-0,8.15,-23.609657499999997,-46.52914749999999,,,,1,2023-06-17T12:40:05+00:00
SAO_3024-10,São Paulo,3550308,True,EMTU,277,https://moovitapp.com/index/pt-br/transporte_p%C3%BAblico-line-277-Sao_Paulo-242-2038937-36419380-0,8.15,-23.610685500000002,-46.529895,,,,1,2023-06-17T12:40:19+00:00
SAO_2010-10,São Paulo,3550308,True,,34872,,,-23.482412500000002,-46.566073,,,,2,2023-06-17T12:40:39+00:00
SAO_2010-10,São Paulo,3550308,True,,34872,,,-23.511257375,-46.624893,,,,2,2023-06-17T12:40:32+00:00
SAO_2010-10,São Paulo,3550308,True,,34872,,,-23.477516625,-46.564321375,,,,2,2023-06-17T12:40:12+00:00
SAO_2010-10,São Paulo,3550308,True,,34872,,,-23.488993999999998,-46.594353999999996,,,,2,2023-06-17T12:40:09+00:00
SAO_7903-10,São Paulo,3550308,True,,33280,,,-23.5723945,-46.7089645,,,,2,2023-06-17T12:40:29+00:00
SAO_7903-10,São Paulo,3550308,True,,33280,,,-23.54341925,-46.641585250000006,,,,2,2023-06-17T12:40:35+00:00
SAO_7903-10,São Paulo,3550308,True,,33280,,,-23.5893855,-46.781178999999995,,,,2,2023-06-17T12:40:12+00:00
SAO_6063-41,São Paulo,3550308,True,,1773,,,-23.776369,-46.696589,,,,1,2023-06-17T12:40:48+00:00
SAO_2522-10,São Paulo,3550308,True,,32908,,,-23.53482375,-46.452111,,,,2,2023-06-17T12:40:20+00:00
SAO_8030-10,São Paulo,3550308,True,,2562,,,-23.59181125,-46.73579,,,,1,2023-06-17T12:40:44+00:00
SAO_8030-10,São Paulo,3550308,True,,2562,,,-23.599580500000002,-46.7351665,,,,1,2023-06-17T12:40:17+00:00
SAO_524L-10,São Paulo,3550308,True,,1715,,,-23.545501,-46.566312625,,,,1,2023-06-17T12:40:29+00:00
SAO_524L-10,São Paulo,3550308,True,,1715,,,-23.586046,-46.55758525,,,,1,2023-06-17T12:40:06+00:00
SAO_746V-10,São Paulo,3550308,True,,792,,,-23.622176500000002,-46.759738999999996,,,,1,2023-06-17T12:40:00+00:00
SAO_746V-10,São Paulo,3550308,True,,792,,,-23.6485535,-46.756238499999995,,,,1,2023-06-17T12:40:46+00:00
SAO_3734-10,São Paulo,3550308,True,,1034,,,-23.553991500000002,-46.4829755,,,,1,2023-06-17T12:40:37+00:00
SAO_3734-10,São Paulo,3550308,True,,1034,,,-23.552729,-46.473189500000004,,,,1,2023-06-17T12:40:37+00:00
SAO_314V-10,São Paulo,3550308,True,EMTU,311,https://moovitapp.com/index/pt-br/transporte_p%C3%BAblico-line-311-Sao_Paulo-242-2038937-36419403-0,7.9,-23.569318000000003,-46.6112155,,,,1,2023-06-17T12:40:37+00:00
SAO_314V-10,São Paulo,3550308,True,EMTU,311,https://moovitapp.com/index/pt-br/transporte_p%C3%BAblico-line-311-Sao_Paulo-242-2038937-36419403-0,7.9,-23.580648875,-46.568361125,,,,1,2023-06-17T12:40:14+00:00
SAO_1018-10,São Paulo,3550308,True,,832,,,-23.457815,-46.61815,,,,1,2023-06-17T12:40:23+00:00
SAO_6031-10,São Paulo,3550308,True,,92,,,-23.7544845,-46.708985999999996,,,,1,2023-06-17T12:40:11+00:00
SAO_8004-10,São Paulo,3550308,True,,34022,,,-23.502137374999997,-46.74663674999999,,,,2,2023-06-17T12:40:04+00:00
SAO_5033-10,São Paulo,3550308,True,,34433,,,-23.616221,-46.610636,,,,2,2023-06-17T12:40:43+00:00
SAO_2161-10,São Paulo,3550308,True,,694,,,-23.4966375,-46.586422,,,,1,2023-06-17T12:40:22+00:00
SAO_2161-10,São Paulo,3550308,True,,694,,,-23.5390335,-46.63554,,,,1,2023-06-17T12:40:43+00:00
SAO_8055-51,São Paulo,3550308,True,EMTU,417,https://moovitapp.com/index/pt-br/transporte_p%C3%BAblico-line-417-Sao_Paulo-242-2038937-36419474-0,5.2,-23.4070265,-46.766594999999995,,,,1,2023-06-17T12:40:27+00:00
SAO_6821-10,São Paulo,3550308,True,,32789,,,-23.686324,-46.7810235,,,,2,2023-06-17T12:40:24+00:00
SAO_6821-10,São Paulo,3550308,True,,32789,,,-23.686469000000002,-46.780176,,,,2,2023-06-17T12:40:24+00:00
SAO_373L-10,São Paulo,3550308,True,,33795,,,-23.5459,-46.460999,,,,2,2023-06-17T12:40:28+00:00
SAO_373L-10,São Paulo,3550308,True,,33795,,,-23.572203000000002,-46.4463495,,,,2,2023-06-17T12:40:40+00:00
SAO_373L-10,São Paulo,3550308,True,,33795,,,-23.6227125,-46.414294,,,,2,2023-06-17T12:40:15+00:00
SAO_297A-10,São Paulo,3550308,True,,2133,,,-23.507584375,-46.67914437500001,,,,1,2023-06-17T12:40:12+00:00
SAO_4051-10,São Paulo,3550308,True,,34912,,,-23.559313000000003,-46.4037675,,,,2,2023-06-17T12:40:26+00:00
SAO_714C-10,São Paulo,3550308,True,,487,,,-23.579316499999997,-46.7283545,,,,1,2023-06-17T12:40:39+00:00
SAO_6115-10,São Paulo,3550308,True,,1185,,,-23.756238500000002,-46.669761,,,,1,2023-06-17T12:40:27+00:00
SAO_6115-10,São Paulo,3550308,True,,1185,,,-23.74375,-46.691297,,,,1,2023-06-17T12:40:39+00:00
SAO_6115-10,São Paulo,3550308,True,,1185,,,-23.7426745,-46.659672,,,,1,2023-06-17T12:40:42+00:00
SAO_8027-10,São Paulo,3550308,True,,2162,,,-23.5631055,-46.747722499999995,,,,1,2023-06-17T12:40:46+00:00
SAO_3206-10,São Paulo,3550308,True,,34880,,,-23.5323055,-46.545924,,,,2,2023-06-17T12:40:43+00:00
SAO_574A-21,São Paulo,3550308,True,,1690,,,-23.625718499999998,-46.6407605,,,,1,2023-06-17T12:40:25+00:00
SAO_574A-21,São Paulo,3550308,True,,1690,,,-23.6683785,-46.642662,,,,1,2023-06-17T12:40:05+00:00
SAO_2182-10,São Paulo,3550308,True,,33468,,,-23.512093,-46.5806685,,,,2,2023-06-17T12:40:11+00:00
SAO_2182-10,São Paulo,3550308,True,,33468,,,-23.4819775,-46.571059500000004,,,,2,2023-06-17T12:40:34+00:00
SAO_2182-10,São Paulo,3550308,True,,33468,,,-23.538731,-46.6048935,,,,2,2023-06-17T12:40:09+00:00
SAO_5034-31,São Paulo,3550308,True,,34432,,,-23.630584499999998,-46.6041045,,,,2,2023-06-17T12:40:08+00:00
SAO_6823-10,São Paulo,3550308,True,,32802,,,-23.662627,-46.78067125,,,,2,2023-06-17T12:40:44+00:00
SAO_273L-10,São Paulo,3550308,True,,32992,,,-23.533779000000003,-46.4232865,,,,2,2023-06-17T12:38:43+00:00
SAO_273L-10,São Paulo,3550308,True,,32992,,,-23.534413,-46.4526755,,,,2,2023-06-17T12:40:26+00:00
SAO_8200-10,São Paulo,3550308,True,,1263,,,-23.486174,-46.721794,,,,1,2023-06-17T12:40:22+00:00
SAO_7005-10,São Paulo,3550308,True,,1998,,,-23.684230499999998,-46.7698915,,,,1,2023-06-17T12:40:33+00:00
SAO_4315-10,São Paulo,3550308,True,,34943,,,-23.540801000000002,-46.5759485,,,,2,2023-06-17T12:40:23+00:00
SAO_4315-10,São Paulo,3550308,True,,34943,,,-23.5578535,-46.523185999999995,,,,2,2023-06-17T12:40:20+00:00
SAO_3301-10,São Paulo,3550308,True,,1618,,,-23.54041625,-46.612528,,,,1,2023-06-17T12:40:16+00:00
SAO_3301-10,São Paulo,3550308,True,,1618,,,-23.507649999999998,-46.491316749999996,,,,1,2023-06-17T12:40:05+00:00
SAO_3301-10,São Paulo,3550308,True,,1618,,,-23.535292,-46.575307249999994,,,,1,2023-06-17T12:40:33+00:00
SAO_9018-10,São Paulo,3550308,True,,1271,,,-23.4820705,-46.717945,,,,1,2023-06-17T12:40:24+00:00
SAO_2105-10,São Paulo,3550308,True,,2247,,,-23.451010500000002,-46.588708999999994,,,,1,2023-06-17T12:40:08+00:00
SAO_2105-10,São Paulo,3550308,True,,2247,,,-23.4998845,-46.623764249999994,,,,1,2023-06-17T12:40:13+00:00
SAO_2105-10,São Paulo,3550308,True,,2247,,,-23.53580675,-46.624911749999995,,,,1,2023-06-17T12:40:29+00:00
SAO_8009-31,São Paulo,3550308,True,,34028,,,-23.433639499999998,-46.751054999999994,,,,2,2023-06-17T12:40:33+00:00
SAO_8009-31,São Paulo,3550308,True,,34028,,,-23.443154749999998,-46.72493775,,,,2,2023-06-17T12:40:34+00:00
SAO_1036-10,São Paulo,3550308,True,,2453,,,-23.459032999999998,-46.7151205,,,,1,2023-06-17T12:40:14+00:00
SAO_1036-10,São Paulo,3550308,True,,2453,,,-23.447775,-46.708842000000004,,,,1,2023-06-17T12:40:36+00:00
SAO_1036-10,São Paulo,3550308,True,,2453,,,-23.448075,-46.708777999999995,,,,1,2023-06-17T12:40:12+00:00
SAO_1036-10,São Paulo,3550308,True,,2453,,,-23.485856,-46.71054650000001,,,,1,2023-06-17T12:40:32+00:00
SAO_1036-10,São Paulo,3550308,True,,2453,,,-23.444692500000002,-46.71084275,,,,1,2023-06-17T12:40:06+00:00
SAO_1036-10,São Paulo,3550308,True,,2453,,,-23.4773545,-46.715077,,,,1,2023-06-17T12:40:45+00:00
SAO_6019-10,São Paulo,3550308,True,,34258,,,-23.668594499999998,-46.7355085,,,,2,2023-06-17T12:40:23+00:00
SAO_6019-10,São Paulo,3550308,True,,34258,,,-23.68061825,-46.73679175,,,,2,2023-06-17T12:40:26+00:00
SAO_2025-10,São Paulo,3550308,True,,2267,,,-23.490883500000002,-46.61074512500001,,,,1,2023-06-17T12:40:31+00:00
SAO_2025-10,São Paulo,3550308,True,,2267,,,-23.464031499999997,-46.583627,,,,1,2023-06-17T12:40:30+00:00
SAO_874T-10,São Paulo,3550308,True,,33075,,,-23.537941375000003,-46.654642124999995,,,,2,2023-06-17T12:40:24+00:00
SAO_874T-10,São Paulo,3550308,True,,33075,,,-23.57624,-46.602967,,,,2,2023-06-17T12:40:18+00:00
SAO_3796-10,São Paulo,3550308,True,,33842,,,-23.58877925,-46.446368875,,,,2,2023-06-17T12:40:46+00:00
SAO_3796-10,São Paulo,3550308,True,,33842,,,-23.574153000000003,-46.458405,,,,2,2023-06-17T12:40:27+00:00
SAO_5025-10,São Paulo,3550308,True,,34332,,,-23.6088605,-46.5415495,,,,2,2023-06-17T12:40:09+00:00
SAO_5025-10,São Paulo,3550308,True,,34332,,,-23.593795999999998,-46.590314500000005,,,,2,2023-06-17T12:40:46+00:00
SAO_3712-10,São Paulo,3550308,True,,33777,,,-23.551177374999998,-46.431865375,,,,2,2023-06-17T12:40:06+00:00
SAO_3712-10,São Paulo,3550308,True,,33777,,,-23.54182,-46.4700115,,,,2,2023-06-17T12:40:05+00:00
SAO_211V-10,São Paulo,3550308,True,EMTU,154,https://moovitapp.com/index/pt-br/transporte_p%C3%BAblico-line-154-Sao_Paulo-242-2038937-36419300-0,6.8,-23.4900105,-46.4884925,,,,1,2023-06-17T12:39:43+00:00
SAO_1773-10,São Paulo,3550308,True,,637,,,-23.491376,-46.625322,,,,1,2023-06-17T12:37:11+00:00
SAO_1773-10,São Paulo,3550308,True,,637,,,-23.438865,-46.5692195,,,,1,2023-06-17T12:40:37+00:00
SAO_1773-10,São Paulo,3550308,True,,637,,,-23.448808,-46.591122,,,,1,2023-06-17T12:40:32+00:00
SAO_8300-10,São Paulo,3550308,True,,34032,,,-23.515204,-46.698055,,,,2,2023-06-17T12:40:20+00:00
SAO_2718-10,São Paulo,3550308,True,,931,,,-23.4999325,-46.524881500000006,,,,1,2023-06-17T12:40:41+00:00
SAO_2718-10,São Paulo,3550308,True,,931,,,-23.519504375,-46.549013375,,,,1,2023-06-17T12:40:36+00:00
SAO_5024-10,São Paulo,3550308,True,,1122,,,-23.674176000000003,-46.686068500000005,,,,1,2023-06-17T12:40:28+00:00
SAO_5024-10,São Paulo,3550308,True,,1122,,,-23.653818,-46.704584,,,,1,2023-06-17T12:40:45+00:00
SAO_6050-10,São Paulo,3550308,True,,1225,,,-23.747036,-46.687847500000004,,,,1,2023-06-17T12:40:28+00:00
SAO_609F-10,São Paulo,3550308,True,,32805,,,-23.6067655,-46.699498,,,,2,2023-06-17T12:40:37+00:00
SAO_714C-10,São Paulo,3550308,True,,33255,,,-23.57169525,-46.7078775,,,,2,2023-06-17T12:40:32+00:00
SAO_714C-10,São Paulo,3550308,True,,33255,,,-23.602849,-46.7892205,,,,2,2023-06-17T12:40:43+00:00
SAO_6262-10,São Paulo,3550308,True,,34139,,,-23.580382,-46.6791105,,,,2,2023-06-17T12:40:08+00:00
SAO_2435-10,São Paulo,3550308,True,,32978,,,-23.532129,-46.48319,,,,2,2023-06-17T12:39:58+00:00
SAO_5026-10,São Paulo,3550308,True,,34403,,,-23.622136750000003,-46.50049475,,,,2,2023-06-17T12:40:22+00:00
SAO_6080-10,São Paulo,3550308,True,,33936,,,-23.736779,-46.69382425,,,,2,2023-06-17T12:40:13+00:00
SAO_7057-10,São Paulo,3550308,True,,1897,,,-23.634363,-46.774752,,,,1,2023-06-17T12:40:42+00:00
SAO_7057-10,São Paulo,3550308,True,,1897,,,-23.649582000000002,-46.784457,,,,1,2023-06-17T12:40:27+00:00
SAO_2709-31,São Paulo,3550308,True,,923,,,-23.5223505,-46.4829465,,,,1,2023-06-17T12:40:38+00:00
SAO_3024-10,São Paulo,3550308,True,,33045,,,-23.58297475,-46.5681515,,,,2,2023-06-17T12:40:14+00:00
SAO_1720-21,São Paulo,3550308,True,,34705,,,-23.487143500000002,-46.57385,,,,2,2023-06-17T12:40:45+00:00
SAO_1720-21,São Paulo,3550308,True,,34705,,,-23.4873335,-46.574318500000004,,,,2,2023-06-17T12:40:20+00:00
SAO_8065-10,São Paulo,3550308,True,EMTU,421,https://moovitapp.com/index/pt-br/transporte_p%C3%BAblico-line-421-Sao_Paulo-242-2038937-36419478-0,5.2,-23.489128,-46.731847,,,,1,2023-06-17T12:40:34+00:00
SAO_938C-10,São Paulo,3550308,True,,586,,,-23.5249595,-46.695667125,,,,1,2023-06-17T12:40:23+00:00
SAO_938C-10,São Paulo,3550308,True,,586,,,-23.453994,-46.7163565,,,,1,2023-06-17T12:40:27+00:00
SAO_6817-10,São Paulo,3550308,True,,32795,,,-23.6761975,-46.775214,,,,2,2023-06-17T12:40:03+00:00
SAO_8019-31,São Paulo,3550308,True,,2574,,,-23.59203575,-46.735672,,,,1,2023-06-17T12:40:13+00:00
SAO_8019-31,São Paulo,3550308,True,,2574,,,-23.5437345,-46.760168,,,,1,2023-06-17T12:40:28+00:00
SAO_6820-31,São Paulo,3550308,True,,1406,,,-23.659633,-46.7687415,,,,1,2023-06-17T12:40:26+00:00
SAO_6823-10,São Paulo,3550308,True,,34,,,-23.659734999999998,-46.7756655,,,,1,2023-06-17T12:40:17+00:00
SAO_6823-10,São Paulo,3550308,True,,34,,,-23.691575,-46.790484,,,,1,2023-06-17T12:40:35+00:00
SAO_2705-10,São Paulo,3550308,True,,33685,,,-23.542303,-46.425173,,,,2,2023-06-17T12:40:19+00:00
SAO_2705-10,São Paulo,3550308,True,,33685,,,-23.546270625000002,-46.393018375000004,,,,2,2023-06-17T12:40:11+00:00
SAO_546A-10,São Paulo,3550308,True,,33899,,,-23.658759,-46.698775999999995,,,,2,2023-06-17T12:40:37+00:00
SAO_546A-10,São Paulo,3550308,True,,33899,,,-23.7089775,-46.6544195,,,,2,2023-06-17T12:40:04+00:00
SAO_546A-10,São Paulo,3550308,True,,33899,,,-23.686149,-46.680914,,,,2,2023-06-17T12:40:30+00:00
SAO_5034-31,São Paulo,3550308,True,,1664,,,-23.603818,-46.6029635,,,,1,2023-06-17T12:40:33+00:00
SAO_3031-10,São Paulo,3550308,True,,33735,,,-23.5459,-46.460999,,,,2,2023-06-17T12:40:37+00:00
SAO_3031-10,São Paulo,3550308,True,,33735,,,-23.591801500000003,-46.4441925,,,,2,2023-06-17T12:40:43+00:00
SAO_3031-10,São Paulo,3550308,True,,33735,,,-23.6126845,-46.4445915,,,,2,2023-06-17T12:40:18+00:00
SAO_8319-10,São Paulo,3550308,True,,33244,,,-23.522678874999997,-46.703115,,,,2,2023-06-17T12:40:21+00:00
SAO_8319-10,São Paulo,3550308,True,,33244,,,-23.546825,-46.7609525,,,,2,2023-06-17T12:40:34+00:00
SAO_805L-10,São Paulo,3550308,True,,32892,,,-23.53506275,-46.644746999999995,,,,2,2023-06-17T12:40:03+00:00
SAO_805L-10,São Paulo,3550308,True,,32892,,,-23.5448245,-46.65725675,,,,2,2023-06-17T12:40:23+00:00
SAO_2740-10,São Paulo,3550308,True,,34560,,,-23.457892,-46.642534,,,,2,2023-06-17T12:40:27+00:00
SAO_2740-10,São Paulo,3550308,True,,34560,,,-23.503541499999997,-46.6236285,,,,2,2023-06-17T12:40:12+00:00
SAO_2740-10,São Paulo,3550308,True,,34560,,,-23.458434500000003,-46.608059499999996,,,,2,2023-06-17T12:40:40+00:00
SAO_2740-10,São Paulo,3550308,True,,34560,,,-23.458257625,-46.611082624999995,,,,2,2023-06-17T12:40:23+00:00
SAO_8002-10,São Paulo,3550308,True,,34020,,,-23.506999999999998,-46.7369065,,,,2,2023-06-17T12:40:06+00:00
SAO_8002-10,São Paulo,3550308,True,,34020,,,-23.4869535,-46.736667999999995,,,,2,2023-06-17T12:40:31+00:00
SAO_8300-10,São Paulo,3550308,True,,1264,,,-23.4821325,-46.718720000000005,,,,1,2023-06-17T12:40:38+00:00
SAO_4001-10,São Paulo,3550308,True,,2176,,,-23.536640124999998,-46.4471275,,,,1,2023-06-17T12:40:03+00:00
SAO_7245-21,São Paulo,3550308,True,,2538,,,-23.6542185,-46.7095555,,,,1,2023-06-17T12:40:30+00:00
SAO_607A-10,São Paulo,3550308,True,,2139,,,-23.660861000000004,-46.71707725,,,,1,2023-06-17T12:40:02+00:00
SAO_607A-10,São Paulo,3550308,True,,2139,,,-23.6838445,-46.681259499999996,,,,1,2023-06-17T12:40:10+00:00
SAO_607A-10,São Paulo,3550308,True,,2139,,,-23.71042,-46.652694,,,,1,2023-06-17T12:34:00+00:00
SAO_311C-10,São Paulo,3550308,True,EMTU,309,https://moovitapp.com/index/pt-br/transporte_p%C3%BAblico-line-309-Sao_Paulo-242-2038937-36419401-0,7.5,-23.5640405,-46.5965795,,,,1,2023-06-17T12:40:36+00:00
SAO_311C-10,São Paulo,3550308,True,EMTU,309,https://moovitapp.com/index/pt-br/transporte_p%C3%BAblico-line-309-Sao_Paulo-242-2038937-36419401-0,7.5,-23.589451500000003,-46.57902525,,,,1,2023-06-17T12:40:09+00:00
SAO_311C-10,São Paulo,3550308,True,EMTU,309,https://moovitapp.com/index/pt-br/transporte_p%C3%BAblico-line-309-Sao_Paulo-242-2038937-36419401-0,7.5,-23.531511,-46.636298,,,,1,2023-06-17T12:40:29+00:00
SAO_6050-10,São Paulo,3550308,True,,33993,,,-23.7530115,-46.6886865,,,,2,2023-06-17T12:40:31+00:00
SAO_971T-10,São Paulo,3550308,True,,618,,,-23.4883555,-46.651771499999995,,,,1,2023-06-17T12:40:16+00:00
SAO_971T-10,São Paulo,3550308,True,,618,,,-23.50032625,-46.62695925,,,,1,2023-06-17T12:40:20+00:00
SAO_8062-10,São Paulo,3550308,True,EMTU,420,https://moovitapp.com/index/pt-br/transporte_p%C3%BAblico-line-420-Sao_Paulo-242-2038937-36419477-0,7.1,-23.505143500000003,-46.732844,,,,1,2023-06-17T12:40:01+00:00
SAO_9012-10,São Paulo,3550308,True,,34036,,,-23.520361,-46.699228,,,,2,2023-06-17T12:40:31+00:00
SAO_702U-22,São Paulo,3550308,True,,35349,,,-23.5448285,-46.6433995,,,,2,2023-06-17T12:40:23+00:00
SAO_888P-10,São Paulo,3550308,True,,33222,,,-23.408456,-46.7408545,,,,2,2023-06-17T12:40:12+00:00
SAO_4092-10,São Paulo,3550308,True,,34644,,,-23.582943,-46.408454,,,,2,2023-06-17T12:40:32+00:00
SAO_2058-10,São Paulo,3550308,True,,259,,,-23.494052500000002,-46.419838999999996,,,,1,2023-06-17T12:40:14+00:00
SAO_8009-10,São Paulo,3550308,True,,1259,,,-23.4751485,-46.739687,,,,1,2023-06-17T12:40:36+00:00
SAO_6051-10,São Paulo,3550308,True,,1143,,,-23.773679,-46.7075815,,,,1,2023-06-17T12:40:05+00:00
SAO_809V-10,São Paulo,3550308,True,,35011,,,-23.556589000000002,-46.665531,,,,2,2023-06-17T12:40:23+00:00
SAO_8062-10,São Paulo,3550308,True,,33188,,,-23.52269875,-46.710620000000006,,,,2,2023-06-17T12:40:09+00:00
SAO_1732-10,São Paulo,3550308,True,,671,,,-23.503519999999998,-46.634758375000004,,,,1,2023-06-17T12:40:07+00:00
SAO_1732-10,São Paulo,3550308,True,,671,,,-23.481396,-46.59774575,,,,1,2023-06-17T12:40:33+00:00
SAO_476G-41,São Paulo,3550308,True,,33880,,,-23.585060374999998,-46.58170525,,,,2,2023-06-17T12:40:08+00:00
SAO_477A-10,São Paulo,3550308,True,,33114,,,-23.5818615,-46.671142,,,,2,2023-06-17T12:40:36+00:00
SAO_477A-10,São Paulo,3550308,True,,33114,,,-23.569132,-46.622046499999996,,,,2,2023-06-17T12:40:29+00:00
SAO_9301-10,São Paulo,3550308,True,,458,,,-23.53877775,-46.640852,,,,1,2023-06-17T12:40:39+00:00
SAO_957T-10,São Paulo,3550308,True,,33232,,,-23.5672905,-46.6933745,,,,2,2023-06-17T12:40:36+00:00
SAO_957T-10,São Paulo,3550308,True,,33232,,,-23.501416,-46.6952765,,,,2,2023-06-17T12:40:10+00:00
SAO_2720-31,São Paulo,3550308,True,,34610,,,-23.489240000000002,-46.477444500000004,,,,2,2023-06-17T12:38:39+00:00
SAO_407T-10,São Paulo,3550308,True,,2202,,,-23.5398895,-46.4573795,,,,1,2023-06-17T12:40:30+00:00
SAO_407T-10,São Paulo,3550308,True,,2202,,,-23.542544499999998,-46.4716805,,,,1,2023-06-17T12:40:13+00:00
SAO_746R-10,São Paulo,3550308,True,,33558,,,-23.6540525,-46.712609,,,,2,2023-06-17T12:40:38+00:00
SAO_746R-10,São Paulo,3550308,True,,33558,,,-23.618044,-46.70133775000001,,,,2,2023-06-17T12:40:12+00:00
SAO_6120-10,São Paulo,3550308,True,,1189,,,-23.7531,-46.684788,,,,1,2023-06-17T12:40:18+00:00
SAO_3725-41,São Paulo,3550308,True,,1531,,,-23.534675999999997,-46.5436205,,,,1,2023-06-17T12:40:15+00:00
SAO_778R-10,São Paulo,3550308,True,,33277,,,-23.53633425,-46.64645125,,,,2,2023-06-17T12:40:05+00:00
SAO_778R-10,São Paulo,3550308,True,,33277,,,-23.586352499999997,-46.757975,,,,2,2023-06-17T12:40:09+00:00
SAO_778R-10,São Paulo,3550308,True,,33277,,,-23.560107,-46.67144275,,,,2,2023-06-17T12:40:38+00:00
SAO_8060-10,São Paulo,3550308,True,,33186,,,-23.520233500000003,-46.741710999999995,,,,2,2023-06-17T12:40:00+00:00
SAO_3746-31,São Paulo,3550308,True,,34865,,,-23.542912,-46.588283000000004,,,,2,2023-06-17T12:40:31+00:00
SAO_4085-10,São Paulo,3550308,True,,2156,,,-23.5571465,-46.4449105,,,,1,2023-06-17T12:36:37+00:00
SAO_4052-10,São Paulo,3550308,True,,2145,,,-23.5261385,-46.44501875,,,,1,2023-06-17T12:40:22+00:00
SAO_4052-10,São Paulo,3550308,True,,2145,,,-23.542247500000002,-46.419636499999996,,,,1,2023-06-17T12:40:13+00:00
SAO_4052-10,São Paulo,3550308,True,,2145,,,-23.542467000000002,-46.4712235,,,,1,2023-06-17T12:40:36+00:00
SAO_1742-10,São Paulo,3550308,True,,33310,,,-23.457126,-46.65923775,,,,2,2023-06-17T12:40:41+00:00
SAO_8007-10,São Paulo,3550308,True,,34025,,,-23.4711305,-46.743364,,,,2,2023-06-17T12:40:10+00:00
SAO_477U-10,São Paulo,3550308,True,,33074,,,-23.601231,-46.60113925,,,,2,2023-06-17T12:40:39+00:00
SAO_3003-10,São Paulo,3550308,True,,34565,,,-23.490522374999998,-46.420979125,,,,2,2023-06-17T12:40:30+00:00
SAO_6062-10,São Paulo,3550308,True,,1151,,,-23.734681375,-46.694479375,,,,1,2023-06-17T12:40:24+00:00
SAO_4314-10,São Paulo,3550308,True,,34942,,,-23.573559000000003,-46.3988215,,,,2,2023-06-17T12:40:08+00:00
SAO_4314-10,São Paulo,3550308,True,,34942,,,-23.5493165,-46.4259845,,,,2,2023-06-17T12:40:23+00:00
SAO_4314-10,São Paulo,3550308,True,,34942,,,-23.55095025,-46.52303825,,,,2,2023-06-17T12:40:14+00:00
SAO_4314-10,São Paulo,3550308,True,,34942,,,-23.544581,-46.593377000000004,,,,2,2023-06-17T12:40:31+00:00
SAO_3003-10,São Paulo,3550308,True,,1797,,,-23.478100625,-46.418549999999996,,,,1,2023-06-17T12:37:56+00:00
SAO_1765-10,São Paulo,3550308,True,,1782,,,-23.459190375,-46.572616749999995,,,,1,2023-06-17T12:39:37+00:00
SAO_1701-10,São Paulo,3550308,True,EMTU,845,https://moovitapp.com/index/pt-br/transporte_p%C3%BAblico-line-845-Sao_Paulo-242-2038937-36419607-0,5.15,-23.4649195,-46.585111,,,,1,2023-06-17T12:40:31+00:00
SAO_1701-10,São Paulo,3550308,True,EMTU,845,https://moovitapp.com/index/pt-br/transporte_p%C3%BAblico-line-845-Sao_Paulo-242-2038937-36419607-0,5.15,-23.501710000000003,-46.6159665,,,,1,2023-06-17T12:40:22+00:00
SAO_2008-10,São Paulo,3550308,True,,33665,,,-23.52114525,-46.38738525,,,,2,2023-06-17T12:40:15+00:00
SAO_2008-10,São Paulo,3550308,True,,33665,,,-23.50768925,-46.39554775,,,,2,2023-06-17T12:40:11+00:00
SAO_6057-10,São Paulo,3550308,True,,33916,,,-23.75170875,-46.710909,,,,2,2023-06-17T12:40:05+00:00
SAO_6057-10,São Paulo,3550308,True,,33916,,,-23.7367155,-46.697201,,,,2,2023-06-17T12:40:10+00:00
SAO_6057-10,São Paulo,3550308,True,,33916,,,-23.7672245,-46.7047155,,,,2,2023-06-17T12:40:17+00:00
SAO_4725-10,São Paulo,3550308,True,,338,,,-23.611801749999998,-46.665354625,,,,1,2023-06-17T12:40:30+00:00
SAO_6L10-10,São Paulo,3550308,True,,33927,,,-23.768844,-46.7164875,,,,2,2023-06-17T12:40:43+00:00
SAO_476L-10,São Paulo,3550308,True,,33030,,,-23.589543,-46.6346735,,,,2,2023-06-17T12:40:16+00:00
SAO_3027-10,São Paulo,3550308,True,,33731,,,-23.57972875,-46.483565,,,,2,2023-06-17T12:40:19+00:00
SAO_3027-10,São Paulo,3550308,True,,33731,,,-23.54145725,-46.42689475,,,,2,2023-06-17T12:40:20+00:00
SAO_119C-10,São Paulo,3550308,True,,33429,,,-23.5349889375,-46.642184,,,,2,2023-06-17T12:40:31+00:00
SAO_8047-41,São Paulo,3550308,True,STT,410,https://moovitapp.com/index/pt-br/transporte_p%C3%BAblico-line-410-Sao_Paulo-242-850661-183302-0,5.3,-23.520432,-46.747237750000004,,,,1,2023-06-17T12:40:14+00:00
SAO_6816-10,São Paulo,3550308,True,,32794,,,-23.64958075,-46.7860995,,,,2,2023-06-17T12:40:34+00:00
SAO_6816-10,São Paulo,3550308,True,,32794,,,-23.6600195,-46.767176,,,,2,2023-06-17T12:40:25+00:00
SAO_6L04-41,São Paulo,3550308,True,,34334,,,-23.843864,-46.7435405,,,,2,2023-06-17T12:40:07+00:00
SAO_6L03-10,São Paulo,3550308,True,,34333,,,-23.828284,-46.7268245,,,,2,2023-06-17T12:40:33+00:00
SAO_6L03-10,São Paulo,3550308,True,,34333,,,-23.879369500000003,-46.777193499999996,,,,2,2023-06-17T12:40:31+00:00
SAO_6L10-41,São Paulo,3550308,True,,2005,,,-23.78351,-46.7516425,,,,1,2023-06-17T12:40:17+00:00
SAO_805L-10,São Paulo,3550308,True,EMTU,124,https://moovitapp.com/index/pt-br/transporte_p%C3%BAblico-line-124-Sao_Paulo-242-2038937-36419282-0,5.15,-23.552137000000002,-46.634062,,,,1,2023-06-17T12:40:14+00:00
SAO_778J-10,São Paulo,3550308,True,EMTU,508,https://moovitapp.com/index/pt-br/transporte_p%C3%BAblico-line-508-Sao_Paulo-242-2038937-36419530-0,5.65,-23.573963,-46.738628,,,,1,2023-06-17T12:40:17+00:00
SAO_778J-10,São Paulo,3550308,True,EMTU,508,https://moovitapp.com/index/pt-br/transporte_p%C3%BAblico-line-508-Sao_Paulo-242-2038937-36419530-0,5.65,-23.5288775,-46.67605325,,,,1,2023-06-17T12:40:11+00:00
SAO_1720-21,São Paulo,3550308,True,,1937,,,-23.48223,-46.58907,,,,1,2023-06-17T12:40:33+00:00
SAO_2005-10,São Paulo,3550308,True,,893,,,-23.493849,-46.439762,,,,1,2023-06-17T12:40:39+00:00
SAO_2005-10,São Paulo,3550308,True,,893,,,-23.48170725,-46.379062250000004,,,,1,2023-06-17T12:40:14+00:00
SAO_N302-11,São Paulo,3550308,True,,2336,,,-23.518318999999998,-46.4758545,,,,1,2023-06-17T12:40:41+00:00
SAO_2714-10,São Paulo,3550308,True,,33695,,,-23.531472,-46.5291255,,,,2,2023-06-17T12:40:07+00:00
SAO_2714-10,São Paulo,3550308,True,,33695,,,-23.510299500000002,-46.5304085,,,,2,2023-06-17T12:40:16+00:00
SAO_1019-10,São Paulo,3550308,True,,2495,,,-23.4407735,-46.7593955,,,,1,2023-06-17T12:40:22+00:00
SAO_1775-10,São Paulo,3550308,True,,638,,,-23.50217,-46.62488,,,,1,2023-06-17T12:40:35+00:00
SAO_9188-10,São Paulo,3550308,True,,33577,,,-23.452653499999997,-46.7187165,,,,2,2023-06-17T12:40:09+00:00
SAO_9188-10,São Paulo,3550308,True,,33577,,,-23.489499000000002,-46.7101635,,,,2,2023-06-17T12:40:45+00:00
SAO_2020-10,São Paulo,3550308,True,,2262,,,-23.459263,-46.633215,,,,1,2023-06-17T12:40:16+00:00
SAO_2020-10,São Paulo,3550308,True,,2262,,,-23.45927,-46.6331795,,,,1,2023-06-17T12:40:09+00:00
SAO_6835-10,São Paulo,3550308,True,,32780,,,-23.674898,-46.773841499999996,,,,2,2023-06-17T12:40:18+00:00
SAO_5033-10,São Paulo,3550308,True,,1665,,,-23.6255795,-46.6145805,,,,1,2023-06-17T12:40:06+00:00
SAO_7272-10,São Paulo,3550308,True,,34101,,,-23.52604875,-46.691094125,,,,2,2023-06-17T12:40:16+00:00
SAO_7272-10,São Paulo,3550308,True,,34101,,,-23.543921375,-46.638149625,,,,2,2023-06-17T12:40:44+00:00
SAO_2026-10,São Paulo,3550308,True,,35037,,,-23.461107499999997,-46.5830215,,,,2,2023-06-17T12:40:34+00:00
SAO_2026-10,São Paulo,3550308,True,,35037,,,-23.508488999999997,-46.570971,,,,2,2023-06-17T12:40:34+00:00
SAO_7011-10,São Paulo,3550308,True,,34720,,,-23.693933,-46.7796675,,,,2,2023-06-17T12:40:36+00:00
SAO_7011-10,São Paulo,3550308,True,,34720,,,-23.708266000000002,-46.7919705,,,,2,2023-06-17T12:40:17+00:00
SAO_817C-10,São Paulo,3550308,True,,34105,,,-23.529039750000003,-46.6979245,,,,2,2023-06-17T12:40:21+00:00
SAO_5028-10,São Paulo,3550308,True,,34402,,,-23.60436,-46.59319575,,,,2,2023-06-17T12:40:37+00:00
SAO_189L-10,São Paulo,3550308,True,,35218,,,-23.518636625,-46.699704249999996,,,,2,2023-06-17T12:40:36+00:00
SAO_7063-10,São Paulo,3550308,True,,34667,,,-23.643030500000002,-46.77970475,,,,2,2023-06-17T12:40:39+00:00
SAO_6116-10,São Paulo,3550308,True,,1186,,,-23.755252,-46.657334000000006,,,,1,2023-06-17T12:40:10+00:00
SAO_6116-10,São Paulo,3550308,True,,1186,,,-23.7358795,-46.694601250000005,,,,1,2023-06-17T12:40:35+00:00
SAO_7282-10,São Paulo,3550308,True,,33239,,,-23.552837500000003,-46.742140750000004,,,,2,2023-06-17T12:40:36+00:00
SAO_1701-21,São Paulo,3550308,True,,35244,,,-23.447695250000002,-46.576127125,,,,2,2023-06-17T12:40:33+00:00
SAO_1701-21,São Paulo,3550308,True,,35244,,,-23.480306,-46.602554,,,,2,2023-06-17T12:40:11+00:00
SAO_807A-10,São Paulo,3550308,True,,34668,,,-23.644767125,-46.721720375,,,,2,2023-06-17T12:40:21+00:00
SAO_807A-10,São Paulo,3550308,True,,34668,,,-23.6310935,-46.773485,,,,2,2023-06-17T12:40:24+00:00
SAO_253F-10,São Paulo,3550308,True,,32926,,,-23.610824,-46.474933,,,,2,2023-06-17T12:40:45+00:00
SAO_253F-10,São Paulo,3550308,True,,32926,,,-23.51654875,-46.46826725,,,,2,2023-06-17T12:40:18+00:00
SAO_4004-10,São Paulo,3550308,True,,34946,,,-23.582829,-46.392866999999995,,,,2,2023-06-17T12:40:34+00:00
SAO_8026-10,São Paulo,3550308,True,,2083,,,-23.5915995,-46.735897,,,,1,2023-06-17T12:40:43+00:00
SAO_8026-10,São Paulo,3550308,True,,2083,,,-23.61692275,-46.74291825,,,,1,2023-06-17T12:40:00+00:00
SAO_4024-10,São Paulo,3550308,True,,34926,,,-23.5671715,-46.424425,,,,2,2023-06-17T12:40:10+00:00
SAO_4024-10,São Paulo,3550308,True,,34926,,,-23.544590499999998,-46.4459105,,,,2,2023-06-17T12:40:18+00:00
SAO_719R-10,São Paulo,3550308,True,,33237,,,-23.5691565,-46.715317999999996,,,,2,2023-06-17T12:40:30+00:00
SAO_513C-31,São Paulo,3550308,True,,35304,,,-23.612403999999998,-46.4786965,,,,2,2023-06-17T12:40:28+00:00
SAO_513C-31,São Paulo,3550308,True,,35304,,,-23.606243,-46.562926,,,,2,2023-06-17T12:40:01+00:00
SAO_2722-31,São Paulo,3550308,True,,936,,,-23.518532,-46.5086855,,,,1,2023-06-17T12:40:22+00:00
SAO_3009-10,São Paulo,3550308,True,,2526,,,-23.4941615,-46.400386,,,,1,2023-06-17T12:40:35+00:00
SAO_2780-10,São Paulo,3550308,True,,33167,,,-23.515603249999998,-46.43426875,,,,2,2023-06-17T12:40:38+00:00
SAO_7458-10,São Paulo,3550308,True,,33264,,,-23.583651,-46.7847765,,,,2,2023-06-17T12:40:14+00:00
SAO_271M-10,São Paulo,3550308,True,,33452,,,-23.504462999999998,-46.61211875000001,,,,2,2023-06-17T12:36:59+00:00
SAO_271M-10,São Paulo,3550308,True,,33452,,,-23.502086499999997,-46.623816500000004,,,,2,2023-06-17T12:40:31+00:00
SAO_8020-10,São Paulo,3550308,True,,1726,,,-23.5844155,-46.739757499999996,,,,1,2023-06-17T12:40:14+00:00
SAO_2201-10,São Paulo,3550308,True,,33677,,,-23.541766,-46.416131,,,,2,2023-06-17T12:40:42+00:00
SAO_2201-10,São Paulo,3550308,True,,33677,,,-23.532773499999998,-46.394621,,,,2,2023-06-17T12:39:09+00:00
SAO_5317-10,São Paulo,3550308,True,,32837,,,-23.6865655,-46.694117,,,,2,2023-06-17T12:40:03+00:00
SAO_8013-41,São Paulo,3550308,True,,34779,,,-23.428422875,-46.796989624999995,,,,2,2023-06-17T12:40:11+00:00
SAO_5129-41,São Paulo,3550308,True,,1974,,,-23.6450525,-46.671887,,,,1,2023-06-17T12:40:28+00:00
SAO_3009-10,São Paulo,3550308,True,,35294,,,-23.517886249999997,-46.399435999999994,,,,2,2023-06-17T12:39:22+00:00
SAO_575A-10,São Paulo,3550308,True,,34406,,,-23.59027425,-46.582023,,,,2,2023-06-17T12:39:05+00:00
SAO_5194-21,São Paulo,3550308,True,,2095,,,-23.6873355,-46.669917,,,,1,2023-06-17T12:40:28+00:00
SAO_211L-10,São Paulo,3550308,True,,35033,,,-23.504633625000004,-46.68061287500001,,,,2,2023-06-17T12:40:33+00:00
SAO_2740-10,São Paulo,3550308,True,,1792,,,-23.457836,-46.60339275,,,,1,2023-06-17T12:40:26+00:00
SAO_2012-10,São Paulo,3550308,True,,2281,,,-23.52299825,-46.625476500000005,,,,1,2023-06-17T12:40:37+00:00
SAO_2010-10,São Paulo,3550308,True,,2104,,,-23.4823245,-46.565445,,,,1,2023-06-17T12:40:36+00:00
SAO_2010-10,São Paulo,3550308,True,,2104,,,-23.500051749999997,-46.61755875,,,,1,2023-06-17T12:37:43+00:00
SAO_6L08-10,São Paulo,3550308,True,,1182,,,-23.827348,-46.69764012499999,,,,1,2023-06-17T12:40:48+00:00
SAO_2026-10,São Paulo,3550308,True,,2269,,,-23.5182255,-46.567927,,,,1,2023-06-17T12:40:15+00:00
SAO_1703-10,São Paulo,3550308,True,,33615,,,-23.430699500000003,-46.573944499999996,,,,2,2023-06-17T12:40:36+00:00
SAO_1703-10,São Paulo,3550308,True,,33615,,,-23.464778000000003,-46.583473,,,,2,2023-06-17T12:40:34+00:00
SAO_N302-11,São Paulo,3550308,True,,35104,,,-23.5178825,-46.475722000000005,,,,2,2023-06-17T12:40:05+00:00
SAO_7062-41,São Paulo,3550308,True,,2271,,,-23.6495335,-46.766862,,,,1,2023-06-17T12:40:28+00:00
SAO_502J-10,São Paulo,3550308,True,,1275,,,-23.68709,-46.667902,,,,1,2023-06-17T12:40:34+00:00
SAO_502J-10,São Paulo,3550308,True,,1275,,,-23.641844,-46.660599250000004,,,,1,2023-06-17T12:40:21+00:00
SAO_5701-10,São Paulo,3550308,True,,33904,,,-23.618764499999997,-46.698312,,,,2,2023-06-17T12:40:46+00:00
SAO_2016-10,São Paulo,3550308,True,,33670,,,-23.497071,-46.438169,,,,2,2023-06-17T12:40:26+00:00
SAO_2016-10,São Paulo,3550308,True,,33670,,,-23.503359250000003,-46.375994750000004,,,,2,2023-06-17T12:40:39+00:00
SAO_2016-10,São Paulo,3550308,True,,33670,,,-23.494885125000003,-46.408071375000006,,,,2,2023-06-17T12:40:05+00:00
SAO_2175-10,São Paulo,3550308,True,,33465,,,-23.487555999999998,-46.5742625,,,,2,2023-06-17T12:40:23+00:00
SAO_6072-23,São Paulo,3550308,True,,34772,,,-23.7690225,-46.724455000000006,,,,2,2023-06-17T12:40:22+00:00
SAO_271F-10,São Paulo,3550308,True,,683,,,-23.541168,-46.593453499999995,,,,1,2023-06-17T12:40:02+00:00
SAO_9006-10,São Paulo,3550308,True,,874,,,-23.468385,-46.678342,,,,1,2023-06-17T12:40:03+00:00
