bus_id,city,city_code,adapted,agency,line_code,line_url,line_fare,latitude,longitude,bus_speed,is_eletric,bus_type,bus_direction,updated_at
SAO_6041-10,São Paulo,3550308,True,,33986,,,-23.690214,-46.7807575,,,,2,2023-06-15T08:04:55+00:00
SAO_6041-10,São Paulo,3550308,True,,33986,,,-23.6912345,-46.7796505,,,,2,2023-06-15T08:05:07+00:00
SAO_6041-10,São Paulo,3550308,True,,33986,,,-23.690071500000002,-46.78081950000001,,,,2,2023-06-15T08:05:16+00:00
SAO_6041-10,São Paulo,3550308,True,,33986,,,-23.6899145,-46.7808755,,,,2,2023-06-15T08:05:08+00:00
SAO_6041-10,São Paulo,3550308,True,,33986,,,-23.689674500000002,-46.78096725,,,,2,2023-06-15T08:05:02+00:00
SAO_6041-10,São Paulo,3550308,True,,33986,,,-23.6899145,-46.7808755,,,,2,2023-06-15T08:05:21+00:00
SAO_6041-10,São Paulo,3550308,True,,33986,,,-23.6901555,-46.7807875,,,,2,2023-06-15T08:00:40+00:00
SAO_6041-10,São Paulo,3550308,True,,33986,,,-23.6899145,-46.7808755,,,,2,2023-06-15T08:05:03+00:00
SAO_6041-10,São Paulo,3550308,True,,33986,,,-23.689674500000002,-46.78096725,,,,2,2023-06-15T08:04:49+00:00
SAO_909T-1,São Paulo,3550308,True,,2512,,,-23.566103499999997,-46.7018865,,,,1,2023-06-15T08:05:12+00:00
SAO_909T-1,São Paulo,3550308,True,,2512,,,-23.566103499999997,-46.7018865,,,,1,2023-06-15T08:05:32+00:00
SAO_2006-10,São Paulo,3550308,True,,895,,,-23.510832999999998,-46.366727,,,,1,2023-06-15T08:05:31+00:00
SAO_2006-10,São Paulo,3550308,True,,895,,,-23.506819874999998,-46.366454125,,,,1,2023-06-15T08:05:21+00:00
SAO_2006-10,São Paulo,3550308,True,,895,,,-23.510832999999998,-46.366727,,,,1,2023-06-15T08:04:57+00:00
SAO_7062-41,São Paulo,3550308,True,,35039,,,-23.650688625,-46.770039874999995,,,,2,2023-06-15T08:05:09+00:00
SAO_7062-41,São Paulo,3550308,True,,35039,,,-23.650688625,-46.770039874999995,,,,2,2023-06-15T08:04:30+00:00
SAO_N539-11,São Paulo,3550308,True,,2391,,,-23.6012575,-46.598934,,,,1,2023-06-15T08:05:13+00:00
SAO_6036-10,São Paulo,3550308,True,,33982,,,-23.65385975,-46.79008575,,,,2,2023-06-15T08:05:15+00:00
SAO_6036-10,São Paulo,3550308,True,,33982,,,-23.65385975,-46.79008575,,,,2,2023-06-15T08:05:06+00:00
SAO_6036-10,São Paulo,3550308,True,,33982,,,-23.65385975,-46.79008575,,,,2,2023-06-15T08:05:18+00:00
SAO_6036-10,São Paulo,3550308,True,,33982,,,-23.65385975,-46.79008575,,,,2,2023-06-15T08:05:19+00:00
SAO_6036-10,São Paulo,3550308,True,,33982,,,-23.65385975,-46.79008575,,,,2,2023-06-15T08:05:14+00:00
SAO_6036-10,São Paulo,3550308,True,,33982,,,-23.6497485,-46.7062485,,,,2,2023-06-15T08:05:15+00:00
SAO_5175-10,São Paulo,3550308,True,,593,,,-23.702581000000002,-46.6501255,,,,1,2023-06-15T08:05:06+00:00
SAO_5175-10,São Paulo,3550308,True,,593,,,-23.702581000000002,-46.6501255,,,,1,2023-06-15T08:04:50+00:00
SAO_7053-10,São Paulo,3550308,True,,34655,,,-23.653941000000003,-46.78870825,,,,2,2023-06-15T08:05:29+00:00
SAO_7053-10,São Paulo,3550308,True,,34655,,,-23.653941000000003,-46.78870825,,,,2,2023-06-15T08:04:50+00:00
SAO_7053-10,São Paulo,3550308,True,,34655,,,-23.653941000000003,-46.78870825,,,,2,2023-06-15T08:05:04+00:00
SAO_7053-10,São Paulo,3550308,True,,34655,,,-23.653941000000003,-46.78870825,,,,2,2023-06-15T08:05:09+00:00
SAO_7053-10,São Paulo,3550308,True,,34655,,,-23.654055,-46.78842275,,,,2,2023-06-15T08:05:13+00:00
SAO_7053-10,São Paulo,3550308,True,,34655,,,-23.654055,-46.78842275,,,,2,2023-06-15T08:05:26+00:00
SAO_6038-10,São Paulo,3550308,True,,1216,,,-23.6578735,-46.7897725,,,,1,2023-06-15T08:05:33+00:00
SAO_6038-10,São Paulo,3550308,True,,1216,,,-23.6578735,-46.7897725,,,,1,2023-06-15T08:05:13+00:00
SAO_6038-10,São Paulo,3550308,True,,1216,,,-23.665846000000002,-46.788559,,,,1,2023-06-15T08:05:32+00:00
SAO_6038-10,São Paulo,3550308,True,,1216,,,-23.66189,-46.790254000000004,,,,1,2023-06-15T08:05:01+00:00
SAO_6038-10,São Paulo,3550308,True,,1216,,,-23.66161925,-46.790662874999995,,,,1,2023-06-15T08:04:29+00:00
SAO_576C-10,São Paulo,3550308,True,,1290,,,-23.646105499999997,-46.6450805,,,,1,2023-06-15T08:05:03+00:00
SAO_576C-10,São Paulo,3550308,True,,1290,,,-23.6460055,-46.644996,,,,1,2023-06-15T08:05:08+00:00
SAO_576C-10,São Paulo,3550308,True,,1290,,,-23.64649975,-46.64515875,,,,1,2023-06-15T08:05:21+00:00
SAO_576C-10,São Paulo,3550308,True,,1290,,,-23.64649975,-46.64515875,,,,1,2023-06-15T08:05:15+00:00
SAO_576C-10,São Paulo,3550308,True,,1290,,,-23.6460055,-46.644996,,,,1,2023-06-15T08:05:32+00:00
SAO_576C-10,São Paulo,3550308,True,,1290,,,-23.6460415,-46.644780499999996,,,,1,2023-06-15T08:05:30+00:00
SAO_N406-11,São Paulo,3550308,True,,35130,,,-23.5973145,-46.457163,,,,2,2023-06-15T08:05:06+00:00
SAO_N331-11,São Paulo,3550308,True,,2343,,,-23.506752249999998,-46.457750125000004,,,,1,2023-06-15T08:05:24+00:00
SAO_6822-10,São Paulo,3550308,True,Del Rey,22,https://moovitapp.com/index/pt-br/transporte_p%C3%BAblico-line-22-Sao_Paulo-242-868760-496394-0,4.5,-23.652680500000002,-46.778238,,,,1,2023-06-15T08:04:19+00:00
SAO_5012-10,São Paulo,3550308,True,,33884,,,-23.6459105,-46.6397875,,,,2,2023-06-15T08:05:14+00:00
SAO_5012-10,São Paulo,3550308,True,,33884,,,-23.6459105,-46.6397875,,,,2,2023-06-15T08:05:04+00:00
SAO_5012-10,São Paulo,3550308,True,,33884,,,-23.6459105,-46.6397875,,,,2,2023-06-15T08:04:43+00:00
SAO_5012-10,São Paulo,3550308,True,,33884,,,-23.6459105,-46.6397875,,,,2,2023-06-15T08:05:23+00:00
SAO_5012-10,São Paulo,3550308,True,,33884,,,-23.6459105,-46.6397875,,,,2,2023-06-15T08:04:59+00:00
SAO_5012-10,São Paulo,3550308,True,,33884,,,-23.6459105,-46.6397875,,,,2,2023-06-15T08:05:22+00:00
SAO_5012-10,São Paulo,3550308,True,,33884,,,-23.6459105,-46.6397875,,,,2,2023-06-15T08:04:45+00:00
SAO_5012-10,São Paulo,3550308,True,,33884,,,-23.6459105,-46.6397875,,,,2,2023-06-15T08:04:58+00:00
SAO_5012-10,São Paulo,3550308,True,,33884,,,-23.6459105,-46.6397875,,,,2,2023-06-15T08:05:17+00:00
SAO_5012-10,São Paulo,3550308,True,,33884,,,-23.6459105,-46.6397875,,,,2,2023-06-15T08:05:15+00:00
SAO_5012-10,São Paulo,3550308,True,,33884,,,-23.6459105,-46.6397875,,,,2,2023-06-15T08:05:00+00:00
SAO_5012-10,São Paulo,3550308,True,,33884,,,-23.6459105,-46.6397875,,,,2,2023-06-15T08:05:06+00:00
SAO_5012-10,São Paulo,3550308,True,,33884,,,-23.6459105,-46.6397875,,,,2,2023-06-15T08:04:10+00:00
SAO_4053-10,São Paulo,3550308,True,,34914,,,-23.55280925,-46.3944755,,,,2,2023-06-15T08:05:20+00:00
SAO_4053-10,São Paulo,3550308,True,,34914,,,-23.55280925,-46.3944755,,,,2,2023-06-15T08:05:00+00:00
SAO_N439-11,São Paulo,3550308,True,,2372,,,-23.5371375,-46.449507749999995,,,,1,2023-06-15T08:05:15+00:00
SAO_7060-10,São Paulo,3550308,True,,1889,,,-23.652925,-46.777986999999996,,,,1,2023-06-15T08:04:51+00:00
SAO_6084-10,São Paulo,3550308,True,,33937,,,-23.7812805,-46.67209375,,,,2,2023-06-15T08:05:22+00:00
SAO_6084-10,São Paulo,3550308,True,,33937,,,-23.7812805,-46.67209375,,,,2,2023-06-15T08:04:56+00:00
SAO_6084-10,São Paulo,3550308,True,,33937,,,-23.7812805,-46.67209375,,,,2,2023-06-15T08:05:27+00:00
SAO_6084-10,São Paulo,3550308,True,,33937,,,-23.7812805,-46.67209375,,,,2,2023-06-15T08:05:03+00:00
SAO_6084-10,São Paulo,3550308,True,,33937,,,-23.7812805,-46.67209375,,,,2,2023-06-15T08:05:02+00:00
SAO_6084-10,São Paulo,3550308,True,,33937,,,-23.7812805,-46.67209375,,,,2,2023-06-15T08:05:11+00:00
SAO_6084-10,São Paulo,3550308,True,,33937,,,-23.7812805,-46.67209375,,,,2,2023-06-15T08:04:55+00:00
SAO_6084-10,São Paulo,3550308,True,,33937,,,-23.7812805,-46.67209375,,,,2,2023-06-15T08:04:16+00:00
SAO_3728-10,São Paulo,3550308,True,,1025,,,-23.5508735,-46.489171,,,,1,2023-06-15T08:05:12+00:00
SAO_3728-10,São Paulo,3550308,True,,1025,,,-23.573595,-46.490476,,,,1,2023-06-15T08:05:00+00:00
SAO_3728-10,São Paulo,3550308,True,,1025,,,-23.5420065,-46.483900500000004,,,,1,2023-06-15T08:05:32+00:00
SAO_3728-10,São Paulo,3550308,True,,1025,,,-23.573595,-46.490476,,,,1,2023-06-15T08:05:16+00:00
SAO_2707-10,São Paulo,3550308,True,,33687,,,-23.5326615,-46.44805375,,,,2,2023-06-15T08:05:12+00:00
SAO_2702-10,São Paulo,3550308,True,,914,,,-23.495477,-46.4449435,,,,1,2023-06-15T08:05:21+00:00
SAO_2702-10,São Paulo,3550308,True,,914,,,-23.495477,-46.4449435,,,,1,2023-06-15T08:04:27+00:00
SAO_307C-10,São Paulo,3550308,True,,2114,,,-23.518203,-46.3863025,,,,1,2023-06-15T08:04:50+00:00
SAO_307C-10,São Paulo,3550308,True,,2114,,,-23.51798475,-46.3882325,,,,1,2023-06-15T08:04:55+00:00
SAO_307C-10,São Paulo,3550308,True,,2114,,,-23.51828025,-46.3879975,,,,1,2023-06-15T08:05:03+00:00
SAO_2727-10,São Paulo,3550308,True,,942,,,-23.540153,-46.483096,,,,1,2023-06-15T08:04:51+00:00
SAO_2727-10,São Paulo,3550308,True,,942,,,-23.540153,-46.483096,,,,1,2023-06-15T08:05:10+00:00
SAO_2727-10,São Paulo,3550308,True,,942,,,-23.540153,-46.483096,,,,1,2023-06-15T08:05:16+00:00
SAO_2727-10,São Paulo,3550308,True,,942,,,-23.540153,-46.483096,,,,1,2023-06-15T08:05:16+00:00
SAO_2727-10,São Paulo,3550308,True,,942,,,-23.540153,-46.483096,,,,1,2023-06-15T08:05:22+00:00
SAO_2727-10,São Paulo,3550308,True,,942,,,-23.540153,-46.483096,,,,1,2023-06-15T08:05:19+00:00
SAO_2727-10,São Paulo,3550308,True,,942,,,-23.540153,-46.483096,,,,1,2023-06-15T08:05:24+00:00
SAO_N737-11,São Paulo,3550308,True,,2418,,,-23.696150250000002,-46.77961,,,,1,2023-06-15T08:05:08+00:00
SAO_PAEC-10,São Paulo,3550308,True,,34190,,,-23.502214000000002,-46.6235875,,,,2,2023-06-15T08:04:56+00:00
SAO_PAEC-10,São Paulo,3550308,True,,34190,,,-23.469840749999996,-46.57389675,,,,2,2023-06-15T08:05:20+00:00
SAO_5175-10,São Paulo,3550308,True,,33361,,,-23.5505945,-46.635301,,,,2,2023-06-15T08:04:40+00:00
SAO_5175-10,São Paulo,3550308,True,,33361,,,-23.5505945,-46.635301,,,,2,2023-06-15T08:04:55+00:00
SAO_5175-10,São Paulo,3550308,True,,33361,,,-23.5505945,-46.635301,,,,2,2023-06-15T08:05:07+00:00
SAO_5175-10,São Paulo,3550308,True,,33361,,,-23.5505945,-46.635301,,,,2,2023-06-15T08:05:10+00:00
SAO_5175-10,São Paulo,3550308,True,,33361,,,-23.5505945,-46.635301,,,,2,2023-06-15T08:05:14+00:00
SAO_5175-10,São Paulo,3550308,True,,33361,,,-23.5505945,-46.635301,,,,2,2023-06-15T08:04:34+00:00
SAO_5175-10,São Paulo,3550308,True,,33361,,,-23.5505945,-46.635301,,,,2,2023-06-15T08:05:24+00:00
SAO_5175-10,São Paulo,3550308,True,,33361,,,-23.5505945,-46.635301,,,,2,2023-06-15T08:05:08+00:00
SAO_5175-10,São Paulo,3550308,True,,33361,,,-23.5505945,-46.635301,,,,2,2023-06-15T08:04:48+00:00
SAO_5175-10,São Paulo,3550308,True,,33361,,,-23.5505945,-46.635301,,,,2,2023-06-15T08:05:19+00:00
SAO_5175-10,São Paulo,3550308,True,,33361,,,-23.5505945,-46.635301,,,,2,2023-06-15T08:05:16+00:00
SAO_5175-10,São Paulo,3550308,True,,33361,,,-23.5505945,-46.635301,,,,2,2023-06-15T08:05:23+00:00
SAO_5175-10,São Paulo,3550308,True,,33361,,,-23.5505945,-46.635301,,,,2,2023-06-15T08:04:47+00:00
SAO_5175-10,São Paulo,3550308,True,,33361,,,-23.5505945,-46.635301,,,,2,2023-06-15T08:04:51+00:00
SAO_5175-10,São Paulo,3550308,True,,33361,,,-23.5505945,-46.635301,,,,2,2023-06-15T08:05:07+00:00
SAO_5175-10,São Paulo,3550308,True,,33361,,,-23.5505945,-46.635301,,,,2,2023-06-15T08:04:46+00:00
SAO_5175-10,São Paulo,3550308,True,,33361,,,-23.5505945,-46.635301,,,,2,2023-06-15T08:05:03+00:00
SAO_5175-10,São Paulo,3550308,True,,33361,,,-23.5505945,-46.635301,,,,2,2023-06-15T08:03:33+00:00
SAO_5175-10,São Paulo,3550308,True,,33361,,,-23.5505945,-46.635301,,,,2,2023-06-15T08:05:25+00:00
SAO_5175-10,São Paulo,3550308,True,,33361,,,-23.5505945,-46.635301,,,,2,2023-06-15T08:05:06+00:00
SAO_475R-10,São Paulo,3550308,True,,33112,,,-23.5470345,-46.6298525,,,,2,2023-06-15T08:05:10+00:00
SAO_475R-10,São Paulo,3550308,True,,33112,,,-23.5470345,-46.6298525,,,,2,2023-06-15T08:05:28+00:00
SAO_475R-10,São Paulo,3550308,True,,33112,,,-23.5470345,-46.6298525,,,,2,2023-06-15T08:05:02+00:00
SAO_475R-10,São Paulo,3550308,True,,33112,,,-23.5470345,-46.6298525,,,,2,2023-06-15T08:05:03+00:00
SAO_475R-10,São Paulo,3550308,True,,33112,,,-23.5470345,-46.6298525,,,,2,2023-06-15T08:05:04+00:00
SAO_475R-10,São Paulo,3550308,True,,33112,,,-23.5470345,-46.6298525,,,,2,2023-06-15T08:04:54+00:00
SAO_475R-10,São Paulo,3550308,True,,33112,,,-23.5470345,-46.6298525,,,,2,2023-06-15T08:04:59+00:00
SAO_475R-10,São Paulo,3550308,True,,33112,,,-23.5470345,-46.6298525,,,,2,2023-06-15T08:05:21+00:00
SAO_475R-10,São Paulo,3550308,True,,33112,,,-23.5470345,-46.6298525,,,,2,2023-06-15T08:04:39+00:00
SAO_475R-10,São Paulo,3550308,True,,33112,,,-23.5470345,-46.6298525,,,,2,2023-06-15T08:05:28+00:00
SAO_475R-10,São Paulo,3550308,True,,33112,,,-23.5470345,-46.6298525,,,,2,2023-06-15T08:03:21+00:00
SAO_475R-10,São Paulo,3550308,True,,33112,,,-23.5470345,-46.6298525,,,,2,2023-06-15T08:04:54+00:00
SAO_475R-10,São Paulo,3550308,True,,33112,,,-23.5470345,-46.6298525,,,,2,2023-06-15T08:05:06+00:00
SAO_475R-10,São Paulo,3550308,True,,33112,,,-23.5470345,-46.6298525,,,,2,2023-06-15T08:04:51+00:00
SAO_475R-10,São Paulo,3550308,True,,33112,,,-23.5470345,-46.6298525,,,,2,2023-06-15T08:04:36+00:00
SAO_475R-10,São Paulo,3550308,True,,33112,,,-23.5470345,-46.6298525,,,,2,2023-06-15T08:04:47+00:00
SAO_6063-10,São Paulo,3550308,True,,33920,,,-23.783673,-46.6827105,,,,2,2023-06-15T08:04:50+00:00
SAO_6063-10,São Paulo,3550308,True,,33920,,,-23.783673,-46.6827105,,,,2,2023-06-15T08:05:17+00:00
SAO_6063-10,São Paulo,3550308,True,,33920,,,-23.783673,-46.6827105,,,,2,2023-06-15T08:04:56+00:00
SAO_6063-10,São Paulo,3550308,True,,33920,,,-23.7666735,-46.7160755,,,,2,2023-06-15T08:05:16+00:00
SAO_6063-10,São Paulo,3550308,True,,33920,,,-23.783673,-46.6827105,,,,2,2023-06-15T08:05:16+00:00
SAO_6063-10,São Paulo,3550308,True,,33920,,,-23.783673,-46.6827105,,,,2,2023-06-15T08:05:23+00:00
SAO_6063-10,São Paulo,3550308,True,,33920,,,-23.766287,-46.7161395,,,,2,2023-06-15T08:05:03+00:00
SAO_6063-10,São Paulo,3550308,True,,33920,,,-23.783673,-46.6827105,,,,2,2023-06-15T08:04:59+00:00
SAO_6063-10,São Paulo,3550308,True,,33920,,,-23.783673,-46.6827105,,,,2,2023-06-15T08:05:26+00:00
SAO_N303-11,São Paulo,3550308,True,,35105,,,-23.532725,-46.5457485,,,,2,2023-06-15T08:05:13+00:00
SAO_N743-11,São Paulo,3550308,True,,2424,,,-23.6606685,-46.725523374999995,,,,1,2023-06-15T08:05:09+00:00
SAO_5164-41,São Paulo,3550308,True,,1617,,,-23.646229499999997,-46.646701500000006,,,,1,2023-06-15T08:05:15+00:00
SAO_5164-41,São Paulo,3550308,True,,1617,,,-23.6461105,-46.6469465,,,,1,2023-06-15T08:05:00+00:00
SAO_5164-41,São Paulo,3550308,True,,1617,,,-23.6464495,-46.646234750000005,,,,1,2023-06-15T08:05:07+00:00
SAO_3712-10,São Paulo,3550308,True,,1009,,,-23.5525595,-46.4257145,,,,1,2023-06-15T08:05:15+00:00
SAO_3712-10,São Paulo,3550308,True,,1009,,,-23.5525595,-46.4257145,,,,1,2023-06-15T08:05:25+00:00
SAO_3712-10,São Paulo,3550308,True,,1009,,,-23.5525595,-46.4257145,,,,1,2023-06-15T08:05:03+00:00
SAO_3712-10,São Paulo,3550308,True,,1009,,,-23.5525595,-46.4257145,,,,1,2023-06-15T08:02:28+00:00
SAO_3712-10,São Paulo,3550308,True,,1009,,,-23.5525595,-46.4257145,,,,1,2023-06-15T08:05:25+00:00
SAO_3712-10,São Paulo,3550308,True,,1009,,,-23.5525595,-46.4257145,,,,1,2023-06-15T08:05:20+00:00
SAO_3712-10,São Paulo,3550308,True,,1009,,,-23.551171500000002,-46.425402500000004,,,,1,2023-06-15T08:05:18+00:00
SAO_3712-10,São Paulo,3550308,True,,1009,,,-23.5525595,-46.4257145,,,,1,2023-06-15T08:05:13+00:00
SAO_6200-10,São Paulo,3550308,True,,355,,,-23.654486499999997,-46.7150675,,,,1,2023-06-15T08:05:19+00:00
SAO_6200-10,São Paulo,3550308,True,,355,,,-23.6544435,-46.714867,,,,1,2023-06-15T08:05:27+00:00
SAO_6200-10,São Paulo,3550308,True,,355,,,-23.654573,-46.7154675,,,,1,2023-06-15T08:04:02+00:00
SAO_6200-10,São Paulo,3550308,True,,355,,,-23.654415,-46.714738,,,,1,2023-06-15T08:05:04+00:00
SAO_6200-10,São Paulo,3550308,True,,355,,,-23.654415,-46.714738,,,,1,2023-06-15T08:05:11+00:00
SAO_6200-10,São Paulo,3550308,True,,355,,,-23.654486499999997,-46.7150675,,,,1,2023-06-15T08:05:26+00:00
SAO_8705-10,São Paulo,3550308,True,,34840,,,-23.547614000000003,-46.760172999999995,,,,2,2023-06-15T08:05:24+00:00
SAO_8705-10,São Paulo,3550308,True,,34840,,,-23.547498500000003,-46.7603035,,,,2,2023-06-15T08:04:49+00:00
SAO_8705-10,São Paulo,3550308,True,,34840,,,-23.5470875,-46.7607205,,,,2,2023-06-15T08:05:32+00:00
SAO_8705-10,São Paulo,3550308,True,,34840,,,-23.547498500000003,-46.7603035,,,,2,2023-06-15T08:05:08+00:00
SAO_8705-10,São Paulo,3550308,True,,34840,,,-23.548577,-46.758864,,,,2,2023-06-15T08:05:32+00:00
SAO_5108-10,São Paulo,3550308,True,,34443,,,-23.650012,-46.6139055,,,,2,2023-06-15T08:05:19+00:00
SAO_5108-10,São Paulo,3550308,True,,34443,,,-23.650569,-46.614115999999996,,,,2,2023-06-15T08:04:42+00:00
SAO_5108-10,São Paulo,3550308,True,,34443,,,-23.650012,-46.6139055,,,,2,2023-06-15T08:05:03+00:00
SAO_2666-10,São Paulo,3550308,True,,33146,,,-23.518412250000004,-46.391846125,,,,2,2023-06-15T08:05:28+00:00
SAO_2666-10,São Paulo,3550308,True,,33146,,,-23.51828025,-46.3879975,,,,2,2023-06-15T08:04:49+00:00
SAO_2666-10,São Paulo,3550308,True,,33146,,,-23.546655,-46.630598,,,,2,2023-06-15T08:05:28+00:00
SAO_2666-10,São Paulo,3550308,True,,33146,,,-23.51798475,-46.3882325,,,,2,2023-06-15T08:04:55+00:00
SAO_2666-10,São Paulo,3550308,True,,33146,,,-23.51798475,-46.3882325,,,,2,2023-06-15T08:04:53+00:00
SAO_2666-10,São Paulo,3550308,True,,33146,,,-23.546655,-46.630598,,,,2,2023-06-15T08:05:16+00:00
SAO_2666-10,São Paulo,3550308,True,,33146,,,-23.546655,-46.630598,,,,2,2023-06-15T08:05:22+00:00
SAO_3785-10,São Paulo,3550308,True,,1063,,,-23.563545,-46.446155,,,,1,2023-06-15T08:05:32+00:00
SAO_3785-10,São Paulo,3550308,True,,1063,,,-23.5632265,-46.44612325,,,,1,2023-06-15T08:05:32+00:00
SAO_3785-10,São Paulo,3550308,True,,1063,,,-23.591207,-46.394471,,,,1,2023-06-15T08:05:08+00:00
SAO_3785-10,São Paulo,3550308,True,,1063,,,-23.581358,-46.3936335,,,,1,2023-06-15T08:05:24+00:00
SAO_3785-10,São Paulo,3550308,True,,1063,,,-23.591207,-46.394471,,,,1,2023-06-15T08:05:23+00:00
SAO_148L-10,São Paulo,3550308,True,,33299,,,-23.4656105,-46.6516035,,,,2,2023-06-15T08:04:58+00:00
SAO_148L-10,São Paulo,3550308,True,,33299,,,-23.4653245,-46.6517335,,,,2,2023-06-15T08:05:05+00:00
SAO_148L-10,São Paulo,3550308,True,,33299,,,-23.4653245,-46.6517335,,,,2,2023-06-15T08:05:16+00:00
SAO_148L-10,São Paulo,3550308,True,,33299,,,-23.4653245,-46.6517335,,,,2,2023-06-15T08:04:56+00:00
SAO_148L-10,São Paulo,3550308,True,,33299,,,-23.464495499999998,-46.65211625,,,,2,2023-06-15T08:05:05+00:00
SAO_148L-10,São Paulo,3550308,True,,33299,,,-23.464495499999998,-46.65211625,,,,2,2023-06-15T08:05:08+00:00
SAO_148L-10,São Paulo,3550308,True,,33299,,,-23.4653245,-46.6517335,,,,2,2023-06-15T08:04:48+00:00
SAO_N101-11,São Paulo,3550308,True,,35050,,,-23.5392705,-46.6362905,,,,2,2023-06-15T08:05:15+00:00
SAO_N505-11,São Paulo,3550308,True,,2379,,,-23.600050000000003,-46.62293,,,,1,2023-06-15T08:05:25+00:00
SAO_2732-10,São Paulo,3550308,True,,947,,,-23.5402155,-46.483134,,,,1,2023-06-15T08:04:24+00:00
SAO_2732-10,São Paulo,3550308,True,,947,,,-23.5402155,-46.483134,,,,1,2023-06-15T08:05:30+00:00
SAO_2732-10,São Paulo,3550308,True,,947,,,-23.5402155,-46.483134,,,,1,2023-06-15T08:05:29+00:00
SAO_2732-10,São Paulo,3550308,True,,947,,,-23.5402155,-46.483134,,,,1,2023-06-15T08:05:04+00:00
SAO_2732-10,São Paulo,3550308,True,,947,,,-23.5402155,-46.483134,,,,1,2023-06-15T08:05:23+00:00
SAO_2766-10,São Paulo,3550308,True,,33173,,,-23.5425775,-46.4719335,,,,2,2023-06-15T08:02:58+00:00
SAO_2766-10,São Paulo,3550308,True,,33173,,,-23.5425775,-46.4719335,,,,2,2023-06-15T08:05:24+00:00
SAO_2766-10,São Paulo,3550308,True,,33173,,,-23.5425775,-46.4719335,,,,2,2023-06-15T08:05:16+00:00
SAO_2766-10,São Paulo,3550308,True,,33173,,,-23.5425775,-46.4719335,,,,2,2023-06-15T08:05:11+00:00
SAO_2766-10,São Paulo,3550308,True,,33173,,,-23.5425775,-46.4719335,,,,2,2023-06-15T08:02:46+00:00
SAO_2766-10,São Paulo,3550308,True,,33173,,,-23.5425775,-46.4719335,,,,2,2023-06-15T08:05:02+00:00
SAO_2766-10,São Paulo,3550308,True,,33173,,,-23.5425775,-46.4719335,,,,2,2023-06-15T08:05:23+00:00
SAO_2766-10,São Paulo,3550308,True,,33173,,,-23.5425775,-46.4719335,,,,2,2023-06-15T08:05:13+00:00
SAO_2766-10,São Paulo,3550308,True,,33173,,,-23.5425775,-46.4719335,,,,2,2023-06-15T08:05:00+00:00
SAO_2766-10,São Paulo,3550308,True,,33173,,,-23.5425775,-46.4719335,,,,2,2023-06-15T08:05:08+00:00
SAO_2766-10,São Paulo,3550308,True,,33173,,,-23.5425775,-46.4719335,,,,2,2023-06-15T08:05:03+00:00
SAO_3718-10,São Paulo,3550308,True,,1013,,,-23.557025,-46.4865765,,,,1,2023-06-15T08:05:10+00:00
SAO_3718-10,São Paulo,3550308,True,,1013,,,-23.557025,-46.4865765,,,,1,2023-06-15T08:04:56+00:00
SAO_3731-10,São Paulo,3550308,True,,33796,,,-23.538859000000002,-46.517270499999995,,,,2,2023-06-15T08:05:22+00:00
SAO_3731-10,São Paulo,3550308,True,,33796,,,-23.5393245,-46.516946000000004,,,,2,2023-06-15T08:05:25+00:00
SAO_3731-10,São Paulo,3550308,True,,33796,,,-23.538859000000002,-46.517270499999995,,,,2,2023-06-15T08:04:33+00:00
SAO_875C-10,São Paulo,3550308,True,EMTU,478,https://moovitapp.com/index/pt-br/transporte_p%C3%BAblico-line-478-Sao_Paulo-242-2038937-36419510-0,6.25,-23.52012,-46.6994665,,,,1,2023-06-15T08:05:04+00:00
SAO_875C-10,São Paulo,3550308,True,EMTU,478,https://moovitapp.com/index/pt-br/transporte_p%C3%BAblico-line-478-Sao_Paulo-242-2038937-36419510-0,6.25,-23.52012,-46.6994665,,,,1,2023-06-15T08:05:24+00:00
SAO_6840-10,São Paulo,3550308,True,EMTU,201,https://moovitapp.com/index/pt-br/transporte_p%C3%BAblico-line-201-Sao_Paulo-242-2038937-58093160-0,20.4,-23.7317975,-46.7861475,,,,1,2023-06-15T08:05:04+00:00
SAO_6840-10,São Paulo,3550308,True,EMTU,201,https://moovitapp.com/index/pt-br/transporte_p%C3%BAblico-line-201-Sao_Paulo-242-2038937-58093160-0,20.4,-23.7317975,-46.7861475,,,,1,2023-06-15T08:05:29+00:00
SAO_6840-10,São Paulo,3550308,True,EMTU,201,https://moovitapp.com/index/pt-br/transporte_p%C3%BAblico-line-201-Sao_Paulo-242-2038937-58093160-0,20.4,-23.7317975,-46.7861475,,,,1,2023-06-15T08:04:59+00:00
SAO_6840-10,São Paulo,3550308,True,EMTU,201,https://moovitapp.com/index/pt-br/transporte_p%C3%BAblico-line-201-Sao_Paulo-242-2038937-58093160-0,20.4,-23.7317975,-46.7861475,,,,1,2023-06-15T08:05:27+00:00
SAO_6840-10,São Paulo,3550308,True,EMTU,201,https://moovitapp.com/index/pt-br/transporte_p%C3%BAblico-line-201-Sao_Paulo-242-2038937-58093160-0,20.4,-23.7320815,-46.786311,,,,1,2023-06-15T08:05:09+00:00
SAO_6840-10,São Paulo,3550308,True,EMTU,201,https://moovitapp.com/index/pt-br/transporte_p%C3%BAblico-line-201-Sao_Paulo-242-2038937-58093160-0,20.4,-23.7317975,-46.7861475,,,,1,2023-06-15T08:05:13+00:00
SAO_6840-10,São Paulo,3550308,True,EMTU,201,https://moovitapp.com/index/pt-br/transporte_p%C3%BAblico-line-201-Sao_Paulo-242-2038937-58093160-0,20.4,-23.7320815,-46.786311,,,,1,2023-06-15T08:04:38+00:00
SAO_N104-11,São Paulo,3550308,True,,35053,,,-23.5031685,-46.706206,,,,2,2023-06-15T08:05:33+00:00
SAO_N103-11,São Paulo,3550308,True,,2284,,,-23.4968535,-46.727804,,,,1,2023-06-15T08:05:28+00:00
SAO_N435-11,São Paulo,3550308,True,,2368,,,-23.586068500000003,-46.4092865,,,,1,2023-06-15T08:02:17+00:00
SAO_9011-10,São Paulo,3550308,True,,878,,,-23.45467,-46.738116000000005,,,,1,2023-06-15T08:05:22+00:00
SAO_9011-10,São Paulo,3550308,True,,878,,,-23.45467,-46.738116000000005,,,,1,2023-06-15T08:04:20+00:00
SAO_9011-10,São Paulo,3550308,True,,878,,,-23.45467,-46.738116000000005,,,,1,2023-06-15T08:05:27+00:00
SAO_9011-10,São Paulo,3550308,True,,878,,,-23.45467,-46.738116000000005,,,,1,2023-06-15T08:05:02+00:00
SAO_9011-10,São Paulo,3550308,True,,878,,,-23.45467,-46.738116000000005,,,,1,2023-06-15T08:05:19+00:00
SAO_9011-10,São Paulo,3550308,True,,878,,,-23.45467,-46.738116000000005,,,,1,2023-06-15T08:05:00+00:00
SAO_9011-10,São Paulo,3550308,True,,878,,,-23.45467,-46.738116000000005,,,,1,2023-06-15T08:04:54+00:00
SAO_9011-10,São Paulo,3550308,True,,878,,,-23.45467,-46.738116000000005,,,,1,2023-06-15T08:04:56+00:00
SAO_9011-10,São Paulo,3550308,True,,878,,,-23.45467,-46.738116000000005,,,,1,2023-06-15T08:02:45+00:00
SAO_9011-10,São Paulo,3550308,True,,878,,,-23.45467,-46.738116000000005,,,,1,2023-06-15T08:02:10+00:00
SAO_9011-10,São Paulo,3550308,True,,878,,,-23.45467,-46.738116000000005,,,,1,2023-06-15T08:04:57+00:00
SAO_9011-10,São Paulo,3550308,True,,878,,,-23.45467,-46.738116000000005,,,,1,2023-06-15T08:05:00+00:00
SAO_9011-10,São Paulo,3550308,True,,878,,,-23.45467,-46.738116000000005,,,,1,2023-06-15T07:45:46+00:00
SAO_9011-10,São Paulo,3550308,True,,878,,,-23.45467,-46.738116000000005,,,,1,2023-06-15T08:04:50+00:00
SAO_N506-11,São Paulo,3550308,True,,2380,,,-23.601958500000002,-46.6150025,,,,1,2023-06-15T08:05:09+00:00
SAO_N245-11,São Paulo,3550308,True,,2334,,,-23.493417,-46.63277050000001,,,,1,2023-06-15T08:04:57+00:00
SAO_6073-10,São Paulo,3550308,True,,33928,,,-23.853313,-46.6956225,,,,2,2023-06-15T08:05:09+00:00
SAO_6073-10,São Paulo,3550308,True,,33928,,,-23.853313,-46.6956225,,,,2,2023-06-15T08:04:59+00:00
SAO_6073-10,São Paulo,3550308,True,,33928,,,-23.853313,-46.6956225,,,,2,2023-06-15T08:05:10+00:00
SAO_6073-10,São Paulo,3550308,True,,33928,,,-23.853313,-46.6956225,,,,2,2023-06-15T08:05:12+00:00
SAO_6073-10,São Paulo,3550308,True,,33928,,,-23.853313,-46.6956225,,,,2,2023-06-15T08:04:50+00:00
SAO_6073-10,São Paulo,3550308,True,,33928,,,-23.853313,-46.6956225,,,,2,2023-06-15T08:04:50+00:00
SAO_N635-11,São Paulo,3550308,True,,2400,,,-23.73608675,-46.694618500000004,,,,1,2023-06-15T08:02:42+00:00
SAO_7063-10,São Paulo,3550308,True,,1899,,,-23.651991000000002,-46.789846499999996,,,,1,2023-06-15T08:05:31+00:00
SAO_7063-10,São Paulo,3550308,True,,1899,,,-23.651991000000002,-46.789846499999996,,,,1,2023-06-15T08:05:09+00:00
SAO_7063-10,São Paulo,3550308,True,,1899,,,-23.651991000000002,-46.789846499999996,,,,1,2023-06-15T08:05:02+00:00
SAO_7063-10,São Paulo,3550308,True,,1899,,,-23.651991000000002,-46.789846499999996,,,,1,2023-06-15T08:05:13+00:00
SAO_7063-10,São Paulo,3550308,True,,1899,,,-23.651991000000002,-46.789846499999996,,,,1,2023-06-15T08:04:58+00:00
SAO_7063-10,São Paulo,3550308,True,,1899,,,-23.651991000000002,-46.789846499999996,,,,1,2023-06-15T08:05:25+00:00
SAO_7063-10,São Paulo,3550308,True,,1899,,,-23.651991000000002,-46.789846499999996,,,,1,2023-06-15T08:05:04+00:00
SAO_7063-10,São Paulo,3550308,True,,1899,,,-23.651991000000002,-46.789846499999996,,,,1,2023-06-15T08:05:32+00:00
SAO_3390-10,São Paulo,3550308,True,,33506,,,-23.605445500000002,-46.508540749999995,,,,2,2023-06-15T08:01:13+00:00
SAO_N540-11,São Paulo,3550308,True,,2481,,,-23.623615,-46.508002,,,,1,2023-06-15T08:05:19+00:00
SAO_312N-10,São Paulo,3550308,True,,33758,,,-23.566630500000002,-46.409437999999994,,,,2,2023-06-15T08:05:02+00:00
SAO_6063-42,São Paulo,3550308,True,,34770,,,-23.809403,-46.6612485,,,,2,2023-06-15T08:05:21+00:00
SAO_6063-42,São Paulo,3550308,True,,34770,,,-23.809403,-46.6612485,,,,2,2023-06-15T08:04:52+00:00
SAO_6063-42,São Paulo,3550308,True,,34770,,,-23.809403,-46.6612485,,,,2,2023-06-15T08:05:23+00:00
SAO_6063-42,São Paulo,3550308,True,,34770,,,-23.767094999999998,-46.716237500000005,,,,2,2023-06-15T08:04:50+00:00
SAO_6063-42,São Paulo,3550308,True,,34770,,,-23.8200475,-46.674079,,,,2,2023-06-15T08:05:11+00:00
SAO_6063-42,São Paulo,3550308,True,,34770,,,-23.809403,-46.6612485,,,,2,2023-06-15T08:05:18+00:00
SAO_2014-10,São Paulo,3550308,True,Urubupungá,900,https://moovitapp.com/index/pt-br/transporte_p%C3%BAblico-line-900-Sao_Paulo-242-873835-496470-0,4.6,-23.457081000000002,-46.669748,,,,1,2023-06-15T08:05:21+00:00
SAO_2014-10,São Paulo,3550308,True,Urubupungá,900,https://moovitapp.com/index/pt-br/transporte_p%C3%BAblico-line-900-Sao_Paulo-242-873835-496470-0,4.6,-23.457081000000002,-46.669748,,,,1,2023-06-15T08:04:52+00:00
SAO_2014-10,São Paulo,3550308,True,Urubupungá,900,https://moovitapp.com/index/pt-br/transporte_p%C3%BAblico-line-900-Sao_Paulo-242-873835-496470-0,4.6,-23.457081000000002,-46.669748,,,,1,2023-06-15T08:05:21+00:00
SAO_2014-10,São Paulo,3550308,True,Urubupungá,900,https://moovitapp.com/index/pt-br/transporte_p%C3%BAblico-line-900-Sao_Paulo-242-873835-496470-0,4.6,-23.457081000000002,-46.669748,,,,1,2023-06-15T08:05:18+00:00
SAO_2014-10,São Paulo,3550308,True,Urubupungá,900,https://moovitapp.com/index/pt-br/transporte_p%C3%BAblico-line-900-Sao_Paulo-242-873835-496470-0,4.6,-23.457081000000002,-46.669748,,,,1,2023-06-15T08:05:18+00:00
SAO_2014-10,São Paulo,3550308,True,Urubupungá,900,https://moovitapp.com/index/pt-br/transporte_p%C3%BAblico-line-900-Sao_Paulo-242-873835-496470-0,4.6,-23.457081000000002,-46.669748,,,,1,2023-06-15T08:05:31+00:00
SAO_2014-10,São Paulo,3550308,True,Urubupungá,900,https://moovitapp.com/index/pt-br/transporte_p%C3%BAblico-line-900-Sao_Paulo-242-873835-496470-0,4.6,-23.457081000000002,-46.669748,,,,1,2023-06-15T08:05:18+00:00
SAO_2014-10,São Paulo,3550308,True,Urubupungá,900,https://moovitapp.com/index/pt-br/transporte_p%C3%BAblico-line-900-Sao_Paulo-242-873835-496470-0,4.6,-23.457081000000002,-46.669748,,,,1,2023-06-15T08:05:18+00:00
SAO_2014-10,São Paulo,3550308,True,Urubupungá,900,https://moovitapp.com/index/pt-br/transporte_p%C3%BAblico-line-900-Sao_Paulo-242-873835-496470-0,4.6,-23.457081000000002,-46.669748,,,,1,2023-06-15T08:04:52+00:00
SAO_2014-10,São Paulo,3550308,True,Urubupungá,900,https://moovitapp.com/index/pt-br/transporte_p%C3%BAblico-line-900-Sao_Paulo-242-873835-496470-0,4.6,-23.457081000000002,-46.669748,,,,1,2023-06-15T08:04:51+00:00
SAO_2014-10,São Paulo,3550308,True,Urubupungá,900,https://moovitapp.com/index/pt-br/transporte_p%C3%BAblico-line-900-Sao_Paulo-242-873835-496470-0,4.6,-23.457081000000002,-46.669748,,,,1,2023-06-15T08:05:31+00:00
SAO_2014-10,São Paulo,3550308,True,Urubupungá,900,https://moovitapp.com/index/pt-br/transporte_p%C3%BAblico-line-900-Sao_Paulo-242-873835-496470-0,4.6,-23.457081000000002,-46.669748,,,,1,2023-06-15T08:05:29+00:00
SAO_2014-10,São Paulo,3550308,True,Urubupungá,900,https://moovitapp.com/index/pt-br/transporte_p%C3%BAblico-line-900-Sao_Paulo-242-873835-496470-0,4.6,-23.457081000000002,-46.669748,,,,1,2023-06-15T08:05:19+00:00
SAO_2014-10,São Paulo,3550308,True,Urubupungá,900,https://moovitapp.com/index/pt-br/transporte_p%C3%BAblico-line-900-Sao_Paulo-242-873835-496470-0,4.6,-23.457081000000002,-46.669748,,,,1,2023-06-15T08:05:18+00:00
SAO_2014-10,São Paulo,3550308,True,Urubupungá,900,https://moovitapp.com/index/pt-br/transporte_p%C3%BAblico-line-900-Sao_Paulo-242-873835-496470-0,4.6,-23.457081000000002,-46.669748,,,,1,2023-06-15T08:04:51+00:00
SAO_2014-10,São Paulo,3550308,True,Urubupungá,900,https://moovitapp.com/index/pt-br/transporte_p%C3%BAblico-line-900-Sao_Paulo-242-873835-496470-0,4.6,-23.457081000000002,-46.669748,,,,1,2023-06-15T08:04:55+00:00
SAO_2014-10,São Paulo,3550308,True,Urubupungá,900,https://moovitapp.com/index/pt-br/transporte_p%C3%BAblico-line-900-Sao_Paulo-242-873835-496470-0,4.6,-23.457081000000002,-46.669748,,,,1,2023-06-15T08:05:24+00:00
SAO_2014-10,São Paulo,3550308,True,Urubupungá,900,https://moovitapp.com/index/pt-br/transporte_p%C3%BAblico-line-900-Sao_Paulo-242-873835-496470-0,4.6,-23.457081000000002,-46.669748,,,,1,2023-06-15T08:04:52+00:00
SAO_2014-10,São Paulo,3550308,True,Urubupungá,900,https://moovitapp.com/index/pt-br/transporte_p%C3%BAblico-line-900-Sao_Paulo-242-873835-496470-0,4.6,-23.457081000000002,-46.669748,,,,1,2023-06-15T08:05:29+00:00
SAO_2014-10,São Paulo,3550308,True,Urubupungá,900,https://moovitapp.com/index/pt-br/transporte_p%C3%BAblico-line-900-Sao_Paulo-242-873835-496470-0,4.6,-23.457081000000002,-46.669748,,,,1,2023-06-15T08:05:21+00:00
SAO_2014-10,São Paulo,3550308,True,Urubupungá,900,https://moovitapp.com/index/pt-br/transporte_p%C3%BAblico-line-900-Sao_Paulo-242-873835-496470-0,4.6,-23.457081000000002,-46.669748,,,,1,2023-06-15T08:04:57+00:00
SAO_2014-10,São Paulo,3550308,True,Urubupungá,900,https://moovitapp.com/index/pt-br/transporte_p%C3%BAblico-line-900-Sao_Paulo-242-873835-496470-0,4.6,-23.457081000000002,-46.669748,,,,1,2023-06-15T08:05:15+00:00
SAO_2014-10,São Paulo,3550308,True,Urubupungá,900,https://moovitapp.com/index/pt-br/transporte_p%C3%BAblico-line-900-Sao_Paulo-242-873835-496470-0,4.6,-23.457081000000002,-46.669748,,,,1,2023-06-15T08:05:16+00:00
SAO_5105-10,São Paulo,3550308,True,,34419,,,-23.6034215,-46.602013,,,,2,2023-06-15T08:04:48+00:00
SAO_5105-10,São Paulo,3550308,True,,34419,,,-23.6034985,-46.601729000000006,,,,2,2023-06-15T08:05:21+00:00
SAO_5105-10,São Paulo,3550308,True,,34419,,,-23.6033405,-46.6022085,,,,2,2023-06-15T08:05:14+00:00
SAO_5105-10,São Paulo,3550308,True,,34419,,,-23.602994000000002,-46.602816000000004,,,,2,2023-06-15T08:05:24+00:00
SAO_5105-10,São Paulo,3550308,True,,34419,,,-23.603226749999997,-46.60239175,,,,2,2023-06-15T08:05:05+00:00
SAO_8600-22,São Paulo,3550308,True,,34822,,,-23.542727499999998,-46.637761499999996,,,,2,2023-06-15T08:04:24+00:00
SAO_8600-22,São Paulo,3550308,True,,34822,,,-23.5432715,-46.6377405,,,,2,2023-06-15T08:04:13+00:00
SAO_1709-10,São Paulo,3550308,True,,33619,,,-23.479985,-46.603936000000004,,,,2,2023-06-15T08:04:59+00:00
SAO_1709-10,São Paulo,3550308,True,,33619,,,-23.479985,-46.603936000000004,,,,2,2023-06-15T08:05:09+00:00
SAO_6052-10,São Paulo,3550308,True,,33912,,,-23.775509999999997,-46.691679,,,,2,2023-06-15T08:05:12+00:00
SAO_6052-10,São Paulo,3550308,True,,33912,,,-23.775509999999997,-46.691679,,,,2,2023-06-15T08:04:59+00:00
SAO_6052-10,São Paulo,3550308,True,,33912,,,-23.775509999999997,-46.691679,,,,2,2023-06-15T08:04:56+00:00
SAO_6052-10,São Paulo,3550308,True,,33912,,,-23.775509999999997,-46.691679,,,,2,2023-06-15T08:05:06+00:00
SAO_6052-10,São Paulo,3550308,True,,33912,,,-23.775509999999997,-46.691679,,,,2,2023-06-15T08:05:00+00:00
SAO_6052-10,São Paulo,3550308,True,,33912,,,-23.775509999999997,-46.691679,,,,2,2023-06-15T08:04:57+00:00
SAO_3006-10,São Paulo,3550308,True,,1865,,,-23.548099999999998,-46.389815,,,,1,2023-06-15T08:04:59+00:00
SAO_3006-10,São Paulo,3550308,True,,1865,,,-23.548099999999998,-46.389815,,,,1,2023-06-15T08:05:15+00:00
SAO_3006-10,São Paulo,3550308,True,,1865,,,-23.545839,-46.393084,,,,1,2023-06-15T08:05:26+00:00
SAO_3006-10,São Paulo,3550308,True,,1865,,,-23.548099999999998,-46.389815,,,,1,2023-06-15T08:05:04+00:00
SAO_3006-10,São Paulo,3550308,True,,1865,,,-23.548099999999998,-46.389815,,,,1,2023-06-15T08:04:15+00:00
SAO_637P-10,São Paulo,3550308,True,,47,,,-23.6541465,-46.711351,,,,1,2023-06-15T08:04:51+00:00
SAO_637P-10,São Paulo,3550308,True,,47,,,-23.6541465,-46.711351,,,,1,2023-06-15T08:05:10+00:00
SAO_874T-10,São Paulo,3550308,True,,33075,,,-23.548697625,-46.65742975,,,,2,2023-06-15T08:05:28+00:00
SAO_874T-10,São Paulo,3550308,True,,33075,,,-23.57276425,-46.64287075,,,,2,2023-06-15T08:05:09+00:00
SAO_2523-10,São Paulo,3550308,True,,33018,,,-23.5216,-46.4253885,,,,2,2023-06-15T08:04:48+00:00
SAO_2523-10,São Paulo,3550308,True,,33018,,,-23.5216,-46.4253885,,,,2,2023-06-15T08:05:03+00:00
SAO_2523-10,São Paulo,3550308,True,,33018,,,-23.5216,-46.4253885,,,,2,2023-06-15T08:05:25+00:00
SAO_2523-10,São Paulo,3550308,True,,33018,,,-23.5216,-46.4253885,,,,2,2023-06-15T08:05:25+00:00
SAO_2523-10,São Paulo,3550308,True,,33018,,,-23.5216,-46.4253885,,,,2,2023-06-15T08:05:10+00:00
SAO_2523-10,São Paulo,3550308,True,,33018,,,-23.5216,-46.4253885,,,,2,2023-06-15T08:04:59+00:00
SAO_2523-10,São Paulo,3550308,True,,33018,,,-23.518758,-46.4745405,,,,2,2023-06-15T08:04:59+00:00
SAO_6012-10,São Paulo,3550308,True,,33972,,,-23.686754,-46.7876415,,,,2,2023-06-15T08:05:19+00:00
SAO_6012-10,São Paulo,3550308,True,,33972,,,-23.686754,-46.7876415,,,,2,2023-06-15T08:05:20+00:00
SAO_253F-10,São Paulo,3550308,True,,32926,,,-23.613302,-46.4764105,,,,2,2023-06-15T08:04:47+00:00
SAO_253F-10,São Paulo,3550308,True,,32926,,,-23.5188595,-46.4743185,,,,2,2023-06-15T08:04:49+00:00
SAO_253F-10,São Paulo,3550308,True,,32926,,,-23.613302,-46.4764105,,,,2,2023-06-15T08:05:10+00:00
SAO_253F-10,São Paulo,3550308,True,,32926,,,-23.613302,-46.4764105,,,,2,2023-06-15T08:05:21+00:00
SAO_N241-11,São Paulo,3550308,True,,2330,,,-23.492964999999998,-46.623369499999995,,,,1,2023-06-15T08:04:28+00:00
SAO_N738-11,São Paulo,3550308,True,,2419,,,-23.669655,-46.7366765,,,,1,2023-06-15T08:05:11+00:00
SAO_N535-11,São Paulo,3550308,True,,2387,,,-23.603834499999998,-46.615504,,,,1,2023-06-15T08:05:05+00:00
SAO_3459-10,São Paulo,3550308,True,,33170,,,-23.516330250000003,-46.383790999999995,,,,2,2023-06-15T08:05:31+00:00
SAO_3459-10,São Paulo,3550308,True,,33170,,,-23.547625500000002,-46.629791499999996,,,,2,2023-06-15T08:05:19+00:00
SAO_3459-10,São Paulo,3550308,True,,33170,,,-23.516686749999998,-46.38517525,,,,2,2023-06-15T08:03:10+00:00
SAO_3459-10,São Paulo,3550308,True,,33170,,,-23.547625500000002,-46.629791499999996,,,,2,2023-06-15T08:05:17+00:00
SAO_3459-10,São Paulo,3550308,True,,33170,,,-23.547625500000002,-46.629791499999996,,,,2,2023-06-15T08:05:14+00:00
SAO_3459-10,São Paulo,3550308,True,,33170,,,-23.547625500000002,-46.629791499999996,,,,2,2023-06-15T08:04:53+00:00
SAO_3459-10,São Paulo,3550308,True,,33170,,,-23.547625500000002,-46.629791499999996,,,,2,2023-06-15T08:04:22+00:00
SAO_3459-10,São Paulo,3550308,True,,33170,,,-23.547625500000002,-46.629791499999996,,,,2,2023-06-15T08:05:14+00:00
SAO_3459-10,São Paulo,3550308,True,,33170,,,-23.547625500000002,-46.629791499999996,,,,2,2023-06-15T08:05:06+00:00
SAO_3459-10,São Paulo,3550308,True,,33170,,,-23.547625500000002,-46.629791499999996,,,,2,2023-06-15T08:05:04+00:00
SAO_3459-10,São Paulo,3550308,True,,33170,,,-23.547625500000002,-46.629791499999996,,,,2,2023-06-15T08:04:09+00:00
SAO_3459-10,São Paulo,3550308,True,,33170,,,-23.547625500000002,-46.629791499999996,,,,2,2023-06-15T08:04:51+00:00
SAO_3459-10,São Paulo,3550308,True,,33170,,,-23.516762,-46.384977500000005,,,,2,2023-06-15T08:05:20+00:00
SAO_3459-10,São Paulo,3550308,True,,33170,,,-23.547625500000002,-46.629791499999996,,,,2,2023-06-15T08:05:25+00:00
SAO_3459-10,São Paulo,3550308,True,,33170,,,-23.547625500000002,-46.629791499999996,,,,2,2023-06-15T08:04:15+00:00
SAO_3459-10,São Paulo,3550308,True,,33170,,,-23.547625500000002,-46.629791499999996,,,,2,2023-06-15T08:05:31+00:00
SAO_3459-10,São Paulo,3550308,True,,33170,,,-23.547625500000002,-46.629791499999996,,,,2,2023-06-15T08:05:12+00:00
SAO_3459-10,São Paulo,3550308,True,,33170,,,-23.547625500000002,-46.629791499999996,,,,2,2023-06-15T08:05:14+00:00
SAO_3459-10,São Paulo,3550308,True,,33170,,,-23.547625500000002,-46.629791499999996,,,,2,2023-06-15T08:05:08+00:00
SAO_3459-10,São Paulo,3550308,True,,33170,,,-23.547625500000002,-46.629791499999996,,,,2,2023-06-15T08:05:15+00:00
SAO_3459-10,São Paulo,3550308,True,,33170,,,-23.547625500000002,-46.629791499999996,,,,2,2023-06-15T08:05:13+00:00
SAO_3459-10,São Paulo,3550308,True,,33170,,,-23.547625500000002,-46.629791499999996,,,,2,2023-06-15T08:05:07+00:00
SAO_3459-10,São Paulo,3550308,True,,33170,,,-23.516686749999998,-46.38517525,,,,2,2023-06-15T08:04:01+00:00
SAO_3459-10,São Paulo,3550308,True,,33170,,,-23.547625500000002,-46.629791499999996,,,,2,2023-06-15T08:05:08+00:00
SAO_3459-10,São Paulo,3550308,True,,33170,,,-23.547625500000002,-46.629791499999996,,,,2,2023-06-15T08:04:57+00:00
SAO_3459-10,São Paulo,3550308,True,,33170,,,-23.547625500000002,-46.629791499999996,,,,2,2023-06-15T08:04:58+00:00
SAO_3459-10,São Paulo,3550308,True,,33170,,,-23.547625500000002,-46.629791499999996,,,,2,2023-06-15T08:05:25+00:00
SAO_3459-10,São Paulo,3550308,True,,33170,,,-23.547625500000002,-46.629791499999996,,,,2,2023-06-15T08:05:00+00:00
SAO_3459-10,São Paulo,3550308,True,,33170,,,-23.547625500000002,-46.629791499999996,,,,2,2023-06-15T08:05:10+00:00
SAO_3459-10,São Paulo,3550308,True,,33170,,,-23.547625500000002,-46.629791499999996,,,,2,2023-06-15T08:03:46+00:00
SAO_3459-10,São Paulo,3550308,True,,33170,,,-23.547625500000002,-46.629791499999996,,,,2,2023-06-15T08:04:11+00:00
SAO_3459-10,São Paulo,3550308,True,,33170,,,-23.547625500000002,-46.629791499999996,,,,2,2023-06-15T08:05:27+00:00
SAO_971V-10,São Paulo,3550308,True,,33387,,,-23.451152999999998,-46.690967,,,,2,2023-06-15T08:05:06+00:00
SAO_2725-10,São Paulo,3550308,True,,33707,,,-23.512969499999997,-46.4736135,,,,2,2023-06-15T08:05:15+00:00
SAO_2725-10,São Paulo,3550308,True,,33707,,,-23.512969499999997,-46.4736135,,,,2,2023-06-15T08:05:22+00:00
SAO_3069-10,São Paulo,3550308,True,,33752,,,-23.60662525,-46.41692075,,,,2,2023-06-15T08:05:24+00:00
SAO_3069-10,São Paulo,3550308,True,,33752,,,-23.606299749999998,-46.41697025,,,,2,2023-06-15T08:05:26+00:00
SAO_3069-10,São Paulo,3550308,True,,33752,,,-23.60662525,-46.41692075,,,,2,2023-06-15T08:05:15+00:00
SAO_3069-10,São Paulo,3550308,True,,33752,,,-23.60662525,-46.41692075,,,,2,2023-06-15T08:05:09+00:00
SAO_3069-10,São Paulo,3550308,True,,33752,,,-23.60662525,-46.41692075,,,,2,2023-06-15T08:05:29+00:00
SAO_3069-10,São Paulo,3550308,True,,33752,,,-23.60662525,-46.41692075,,,,2,2023-06-15T08:04:50+00:00
SAO_3069-10,São Paulo,3550308,True,,33752,,,-23.60662525,-46.41692075,,,,2,2023-06-15T08:05:05+00:00
SAO_3069-10,São Paulo,3550308,True,,33752,,,-23.606299749999998,-46.41697025,,,,2,2023-06-15T08:05:03+00:00
SAO_3069-10,São Paulo,3550308,True,,33752,,,-23.60662525,-46.41692075,,,,2,2023-06-15T08:05:02+00:00
SAO_546J-41,São Paulo,3550308,True,,1134,,,-23.68778,-46.65928825,,,,1,2023-06-15T08:04:04+00:00
SAO_6021-10,São Paulo,3550308,True,EMTU,177,https://moovitapp.com/index/pt-br/transporte_p%C3%BAblico-line-177-Sao_Paulo-242-2038937-36419313-0,5.2,-23.7668205,-46.716344500000005,,,,1,2023-06-15T08:05:05+00:00
SAO_6021-10,São Paulo,3550308,True,EMTU,177,https://moovitapp.com/index/pt-br/transporte_p%C3%BAblico-line-177-Sao_Paulo-242-2038937-36419313-0,5.2,-23.77216,-46.719817,,,,1,2023-06-15T08:05:32+00:00
SAO_6021-10,São Paulo,3550308,True,EMTU,177,https://moovitapp.com/index/pt-br/transporte_p%C3%BAblico-line-177-Sao_Paulo-242-2038937-36419313-0,5.2,-23.7668205,-46.716344500000005,,,,1,2023-06-15T08:05:28+00:00
SAO_7049-10,São Paulo,3550308,True,,1912,,,-23.7116535,-46.777972,,,,1,2023-06-15T08:05:14+00:00
SAO_7049-10,São Paulo,3550308,True,,1912,,,-23.7116535,-46.777972,,,,1,2023-06-15T08:05:27+00:00
SAO_7049-10,São Paulo,3550308,True,,1912,,,-23.71189,-46.777949500000005,,,,1,2023-06-15T08:05:19+00:00
SAO_7049-10,São Paulo,3550308,True,,1912,,,-23.71189,-46.777949500000005,,,,1,2023-06-15T08:04:53+00:00
SAO_2079-10,São Paulo,3550308,True,,33138,,,-23.494310499999997,-46.402223,,,,2,2023-06-15T08:05:19+00:00
SAO_2079-10,São Paulo,3550308,True,,33138,,,-23.494310499999997,-46.402223,,,,2,2023-06-15T08:05:21+00:00
SAO_N438-11,São Paulo,3550308,True,,2371,,,-23.552114500000002,-46.4628695,,,,1,2023-06-15T08:05:28+00:00
SAO_6840-10,São Paulo,3550308,True,,32969,,,-23.731476999999998,-46.7859925,,,,2,2023-06-15T08:05:30+00:00
SAO_6840-10,São Paulo,3550308,True,,32969,,,-23.7317975,-46.7861475,,,,2,2023-06-15T08:05:09+00:00
SAO_6840-10,São Paulo,3550308,True,,32969,,,-23.7309495,-46.785837,,,,2,2023-06-15T08:04:47+00:00
SAO_6840-10,São Paulo,3550308,True,,32969,,,-23.7317975,-46.7861475,,,,2,2023-06-15T08:05:29+00:00
SAO_6840-10,São Paulo,3550308,True,,32969,,,-23.7317975,-46.7861475,,,,2,2023-06-15T08:05:03+00:00
SAO_6840-10,São Paulo,3550308,True,,32969,,,-23.7317975,-46.7861475,,,,2,2023-06-15T08:05:14+00:00
SAO_2551-10,São Paulo,3550308,True,,32909,,,-23.546832000000002,-46.6301665,,,,2,2023-06-15T08:04:53+00:00
SAO_2551-10,São Paulo,3550308,True,,32909,,,-23.546832000000002,-46.6301665,,,,2,2023-06-15T08:04:59+00:00
SAO_2551-10,São Paulo,3550308,True,,32909,,,-23.546832000000002,-46.6301665,,,,2,2023-06-15T08:05:12+00:00
SAO_2551-10,São Paulo,3550308,True,,32909,,,-23.546832000000002,-46.6301665,,,,2,2023-06-15T08:05:25+00:00
SAO_7004-10,São Paulo,3550308,True,,1992,,,-23.7312905,-46.7859135,,,,1,2023-06-15T08:04:54+00:00
SAO_7004-10,São Paulo,3550308,True,,1992,,,-23.7317975,-46.7861475,,,,1,2023-06-15T08:05:26+00:00
SAO_7004-10,São Paulo,3550308,True,,1992,,,-23.7317975,-46.7861475,,,,1,2023-06-15T08:05:11+00:00
SAO_7004-10,São Paulo,3550308,True,,1992,,,-23.7317975,-46.7861475,,,,1,2023-06-15T08:04:57+00:00
SAO_6037-10,São Paulo,3550308,True,,33983,,,-23.64887075,-46.78563725,,,,2,2023-06-15T08:05:00+00:00
SAO_6037-10,São Paulo,3550308,True,,33983,,,-23.648520750000003,-46.78621425,,,,2,2023-06-15T08:04:55+00:00
SAO_6037-10,São Paulo,3550308,True,,33983,,,-23.648692250000003,-46.78592975,,,,2,2023-06-15T08:04:57+00:00
SAO_6037-10,São Paulo,3550308,True,,33983,,,-23.64887075,-46.78563725,,,,2,2023-06-15T08:05:17+00:00
SAO_6037-10,São Paulo,3550308,True,,33983,,,-23.64904925,-46.78534475,,,,2,2023-06-15T08:05:26+00:00
SAO_6037-10,São Paulo,3550308,True,,33983,,,-23.64904925,-46.78534475,,,,2,2023-06-15T08:05:30+00:00
SAO_2703-10,São Paulo,3550308,True,Urubupungá,915,https://moovitapp.com/index/pt-br/transporte_p%C3%BAblico-line-915-Sao_Paulo-242-873835-75841134-0,4.6,-23.529542499999998,-46.420608,,,,1,2023-06-15T08:04:50+00:00
SAO_2703-10,São Paulo,3550308,True,Urubupungá,915,https://moovitapp.com/index/pt-br/transporte_p%C3%BAblico-line-915-Sao_Paulo-242-873835-75841134-0,4.6,-23.529542499999998,-46.420608,,,,1,2023-06-15T08:05:04+00:00
SAO_2703-10,São Paulo,3550308,True,Urubupungá,915,https://moovitapp.com/index/pt-br/transporte_p%C3%BAblico-line-915-Sao_Paulo-242-873835-75841134-0,4.6,-23.529542499999998,-46.420608,,,,1,2023-06-15T08:05:00+00:00
SAO_2703-10,São Paulo,3550308,True,Urubupungá,915,https://moovitapp.com/index/pt-br/transporte_p%C3%BAblico-line-915-Sao_Paulo-242-873835-75841134-0,4.6,-23.529542499999998,-46.420608,,,,1,2023-06-15T08:04:54+00:00
SAO_2703-10,São Paulo,3550308,True,Urubupungá,915,https://moovitapp.com/index/pt-br/transporte_p%C3%BAblico-line-915-Sao_Paulo-242-873835-75841134-0,4.6,-23.52533675,-46.41941025,,,,1,2023-06-15T08:05:30+00:00
SAO_2703-10,São Paulo,3550308,True,Urubupungá,915,https://moovitapp.com/index/pt-br/transporte_p%C3%BAblico-line-915-Sao_Paulo-242-873835-75841134-0,4.6,-23.529542499999998,-46.420608,,,,1,2023-06-15T08:05:21+00:00
SAO_2703-10,São Paulo,3550308,True,Urubupungá,915,https://moovitapp.com/index/pt-br/transporte_p%C3%BAblico-line-915-Sao_Paulo-242-873835-75841134-0,4.6,-23.529542499999998,-46.420608,,,,1,2023-06-15T08:02:55+00:00
SAO_N102-11,São Paulo,3550308,True,,2283,,,-23.52490925,-46.6994055,,,,1,2023-06-15T08:04:58+00:00
SAO_N839-11,São Paulo,3550308,True,,35206,,,-23.5825705,-46.68577625,,,,2,2023-06-15T08:05:05+00:00
SAO_8012-10,São Paulo,3550308,True,,34791,,,-23.5716415,-46.7082335,,,,2,2023-06-15T08:04:54+00:00
SAO_8012-10,São Paulo,3550308,True,,34791,,,-23.565445500000003,-46.71235625,,,,2,2023-06-15T08:05:21+00:00
SAO_7051-10,São Paulo,3550308,True,,1885,,,-23.655096,-46.7838845,,,,1,2023-06-15T08:05:01+00:00
SAO_7051-10,São Paulo,3550308,True,,1885,,,-23.655096,-46.7838845,,,,1,2023-06-15T08:05:23+00:00
SAO_7051-10,São Paulo,3550308,True,,1885,,,-23.655096,-46.7838845,,,,1,2023-06-15T08:05:17+00:00
SAO_7051-10,São Paulo,3550308,True,,1885,,,-23.655096,-46.7838845,,,,1,2023-06-15T08:05:11+00:00
SAO_5757-51,São Paulo,3550308,True,,34744,,,-23.635112499999998,-46.640995000000004,,,,2,2023-06-15T08:04:41+00:00
SAO_5757-51,São Paulo,3550308,True,,34744,,,-23.635112499999998,-46.640995000000004,,,,2,2023-06-15T08:04:47+00:00
SAO_5757-51,São Paulo,3550308,True,,34744,,,-23.635112499999998,-46.640995000000004,,,,2,2023-06-15T08:05:08+00:00
SAO_5757-51,São Paulo,3550308,True,,34744,,,-23.635112499999998,-46.640995000000004,,,,2,2023-06-15T08:04:53+00:00
SAO_5757-51,São Paulo,3550308,True,,34744,,,-23.635112499999998,-46.640995000000004,,,,2,2023-06-15T08:04:09+00:00
SAO_5757-51,São Paulo,3550308,True,,34744,,,-23.635112499999998,-46.640995000000004,,,,2,2023-06-15T08:04:20+00:00
SAO_5757-51,São Paulo,3550308,True,,34744,,,-23.635112499999998,-46.640995000000004,,,,2,2023-06-15T08:04:48+00:00
SAO_5757-51,São Paulo,3550308,True,,34744,,,-23.635112499999998,-46.640995000000004,,,,2,2023-06-15T08:04:54+00:00
SAO_5757-51,São Paulo,3550308,True,,34744,,,-23.635112499999998,-46.640995000000004,,,,2,2023-06-15T08:05:01+00:00
SAO_5757-51,São Paulo,3550308,True,,34744,,,-23.635112499999998,-46.640995000000004,,,,2,2023-06-15T08:04:51+00:00
SAO_5757-51,São Paulo,3550308,True,,34744,,,-23.635112499999998,-46.640995000000004,,,,2,2023-06-15T08:05:24+00:00
SAO_5757-51,São Paulo,3550308,True,,34744,,,-23.635112499999998,-46.640995000000004,,,,2,2023-06-15T08:04:32+00:00
SAO_5757-51,São Paulo,3550308,True,,34744,,,-23.635112499999998,-46.640995000000004,,,,2,2023-06-15T08:04:35+00:00
SAO_5757-51,São Paulo,3550308,True,,34744,,,-23.635112499999998,-46.640995000000004,,,,2,2023-06-15T08:05:08+00:00
SAO_5757-51,São Paulo,3550308,True,,34744,,,-23.635112499999998,-46.640995000000004,,,,2,2023-06-15T08:01:29+00:00
SAO_5757-51,São Paulo,3550308,True,,34744,,,-23.635112499999998,-46.640995000000004,,,,2,2023-06-15T08:03:40+00:00
SAO_5757-51,São Paulo,3550308,True,,34744,,,-23.635112499999998,-46.640995000000004,,,,2,2023-06-15T08:04:13+00:00
SAO_3787-10,São Paulo,3550308,True,,1612,,,-23.601638,-46.3989395,,,,1,2023-06-15T08:05:07+00:00
SAO_5127-10,São Paulo,3550308,True,,33895,,,-23.677825,-46.701614500000005,,,,2,2023-06-15T08:05:08+00:00
SAO_5127-10,São Paulo,3550308,True,,33895,,,-23.677825,-46.701614500000005,,,,2,2023-06-15T08:05:13+00:00
SAO_5127-10,São Paulo,3550308,True,,33895,,,-23.677825,-46.701614500000005,,,,2,2023-06-15T08:05:21+00:00
SAO_5127-10,São Paulo,3550308,True,,33895,,,-23.677825,-46.701614500000005,,,,2,2023-06-15T08:04:49+00:00
SAO_5127-10,São Paulo,3550308,True,,33895,,,-23.677825,-46.701614500000005,,,,2,2023-06-15T08:05:21+00:00
SAO_5127-10,São Paulo,3550308,True,,33895,,,-23.677825,-46.701614500000005,,,,2,2023-06-15T08:05:02+00:00
SAO_5127-10,São Paulo,3550308,True,,33895,,,-23.677825,-46.701614500000005,,,,2,2023-06-15T08:05:22+00:00
SAO_5127-10,São Paulo,3550308,True,,33895,,,-23.677825,-46.701614500000005,,,,2,2023-06-15T08:03:56+00:00
SAO_5127-10,São Paulo,3550308,True,,33895,,,-23.677825,-46.701614500000005,,,,2,2023-06-15T08:03:57+00:00
SAO_5127-10,São Paulo,3550308,True,,33895,,,-23.677825,-46.701614500000005,,,,2,2023-06-15T08:05:01+00:00
SAO_1709-10,São Paulo,3550308,True,,851,,,-23.4412375,-46.5814765,,,,1,2023-06-15T08:05:21+00:00
SAO_1709-10,São Paulo,3550308,True,,851,,,-23.4412375,-46.5814765,,,,1,2023-06-15T08:04:31+00:00
SAO_1709-10,São Paulo,3550308,True,,851,,,-23.4412375,-46.5814765,,,,1,2023-06-15T08:04:19+00:00
SAO_1709-10,São Paulo,3550308,True,,851,,,-23.4412375,-46.5814765,,,,1,2023-06-15T08:05:23+00:00
SAO_1709-10,São Paulo,3550308,True,,851,,,-23.4412375,-46.5814765,,,,1,2023-06-15T08:05:15+00:00
SAO_1709-10,São Paulo,3550308,True,,851,,,-23.4412375,-46.5814765,,,,1,2023-06-15T08:04:54+00:00
SAO_1709-10,São Paulo,3550308,True,,851,,,-23.4412375,-46.5814765,,,,1,2023-06-15T08:04:59+00:00
SAO_1709-10,São Paulo,3550308,True,,851,,,-23.4412375,-46.5814765,,,,1,2023-06-15T08:05:31+00:00
SAO_1709-10,São Paulo,3550308,True,,851,,,-23.4412375,-46.5814765,,,,1,2023-06-15T08:04:53+00:00
SAO_1709-10,São Paulo,3550308,True,,851,,,-23.4412375,-46.5814765,,,,1,2023-06-15T08:04:53+00:00
SAO_1709-10,São Paulo,3550308,True,,851,,,-23.4412375,-46.5814765,,,,1,2023-06-15T08:04:20+00:00
SAO_1709-10,São Paulo,3550308,True,,851,,,-23.4412375,-46.5814765,,,,1,2023-06-15T08:05:12+00:00
SAO_1709-10,São Paulo,3550308,True,,851,,,-23.4412375,-46.5814765,,,,1,2023-06-15T08:04:43+00:00
SAO_1709-10,São Paulo,3550308,True,,851,,,-23.4412375,-46.5814765,,,,1,2023-06-15T08:05:14+00:00
SAO_1709-10,São Paulo,3550308,True,,851,,,-23.4412375,-46.5814765,,,,1,2023-06-15T08:05:18+00:00
SAO_6017-10,São Paulo,3550308,True,,1206,,,-23.696863,-46.760326500000005,,,,1,2023-06-15T08:04:58+00:00
SAO_N302-11,São Paulo,3550308,True,,35104,,,-23.521452,-46.5467705,,,,2,2023-06-15T08:05:16+00:00
SAO_6058-10,São Paulo,3550308,True,,33917,,,-23.769851000000003,-46.676743,,,,2,2023-06-15T08:04:54+00:00
SAO_6058-10,São Paulo,3550308,True,,33917,,,-23.769396,-46.7150415,,,,2,2023-06-15T08:05:27+00:00
SAO_6058-10,São Paulo,3550308,True,,33917,,,-23.769851000000003,-46.676743,,,,2,2023-06-15T08:05:27+00:00
SAO_6058-10,São Paulo,3550308,True,,33917,,,-23.769851000000003,-46.676743,,,,2,2023-06-15T08:05:22+00:00
SAO_6058-10,São Paulo,3550308,True,,33917,,,-23.769851000000003,-46.676743,,,,2,2023-06-15T08:05:19+00:00
SAO_6058-10,São Paulo,3550308,True,,33917,,,-23.769750000000002,-46.714714,,,,2,2023-06-15T08:05:20+00:00
SAO_2723-10,São Paulo,3550308,True,,33705,,,-23.487720250000002,-46.463173499999996,,,,2,2023-06-15T08:05:28+00:00
SAO_2723-10,São Paulo,3550308,True,,33705,,,-23.487599000000003,-46.4633835,,,,2,2023-06-15T08:05:28+00:00
SAO_2723-10,São Paulo,3550308,True,,33705,,,-23.487481000000002,-46.463549,,,,2,2023-06-15T08:04:49+00:00
SAO_2723-10,São Paulo,3550308,True,,33705,,,-23.487481000000002,-46.463549,,,,2,2023-06-15T08:05:17+00:00
SAO_2723-10,São Paulo,3550308,True,,33705,,,-23.487481000000002,-46.463549,,,,2,2023-06-15T08:05:15+00:00
SAO_2723-10,São Paulo,3550308,True,,33705,,,-23.487481000000002,-46.463549,,,,2,2023-06-15T08:04:56+00:00
SAO_2723-10,São Paulo,3550308,True,,33705,,,-23.487481000000002,-46.463549,,,,2,2023-06-15T08:05:06+00:00
SAO_2723-10,São Paulo,3550308,True,,33705,,,-23.487481000000002,-46.463549,,,,2,2023-06-15T08:05:29+00:00
SAO_2723-10,São Paulo,3550308,True,,33705,,,-23.487599000000003,-46.4633835,,,,2,2023-06-15T08:05:13+00:00
SAO_2723-10,São Paulo,3550308,True,,33705,,,-23.487599000000003,-46.4633835,,,,2,2023-06-15T08:05:05+00:00
SAO_N505-11,São Paulo,3550308,True,,35147,,,-23.56881575,-46.692298750000006,,,,2,2023-06-15T08:04:53+00:00
SAO_N505-11,São Paulo,3550308,True,,35147,,,-23.601965,-46.606697,,,,2,2023-06-15T08:05:16+00:00
SAO_N506-11,São Paulo,3550308,True,,35148,,,-23.55525825,-46.66827575,,,,2,2023-06-15T08:05:28+00:00
SAO_N503-11,São Paulo,3550308,True,,35145,,,-23.605445500000002,-46.508540749999995,,,,2,2023-06-15T08:05:16+00:00
SAO_N503-11,São Paulo,3550308,True,,35145,,,-23.55252525,-46.60822725,,,,2,2023-06-15T08:04:50+00:00
SAO_1177-10,São Paulo,3550308,True,,32897,,,-23.5361185,-46.632417000000004,,,,2,2023-06-15T08:04:59+00:00
SAO_1177-10,São Paulo,3550308,True,,32897,,,-23.5361185,-46.632417000000004,,,,2,2023-06-15T08:05:23+00:00
SAO_1177-10,São Paulo,3550308,True,,32897,,,-23.5361185,-46.632417000000004,,,,2,2023-06-15T08:04:55+00:00
SAO_1177-10,São Paulo,3550308,True,,32897,,,-23.5361185,-46.632417000000004,,,,2,2023-06-15T08:05:11+00:00
SAO_1177-10,São Paulo,3550308,True,,32897,,,-23.5361185,-46.632417000000004,,,,2,2023-06-15T08:05:13+00:00
SAO_2523-10,São Paulo,3550308,True,Cidade de Caieiras,250,https://moovitapp.com/index/pt-br/transporte_p%C3%BAblico-line-250-Sao_Paulo-242-868761-752902-0,5.0,-23.5182095,-46.475659,,,,1,2023-06-15T08:05:04+00:00
SAO_2523-10,São Paulo,3550308,True,Cidade de Caieiras,250,https://moovitapp.com/index/pt-br/transporte_p%C3%BAblico-line-250-Sao_Paulo-242-868761-752902-0,5.0,-23.5182095,-46.475659,,,,1,2023-06-15T08:05:07+00:00
SAO_2523-10,São Paulo,3550308,True,Cidade de Caieiras,250,https://moovitapp.com/index/pt-br/transporte_p%C3%BAblico-line-250-Sao_Paulo-242-868761-752902-0,5.0,-23.5182095,-46.475659,,,,1,2023-06-15T08:04:42+00:00
SAO_5110-10,São Paulo,3550308,True,,34977,,,-23.6141145,-46.476496999999995,,,,2,2023-06-15T08:05:20+00:00
SAO_5110-10,São Paulo,3550308,True,,34977,,,-23.6141145,-46.476496999999995,,,,2,2023-06-15T08:05:15+00:00
SAO_3737-10,São Paulo,3550308,True,,33805,,,-23.538954625000002,-46.515955500000004,,,,2,2023-06-15T08:04:24+00:00
SAO_N741-11,São Paulo,3550308,True,,2422,,,-23.6603565,-46.7770965,,,,1,2023-06-15T08:05:25+00:00
SAO_N832-11,São Paulo,3550308,True,,2431,,,-23.525247,-46.71580525,,,,1,2023-06-15T08:05:03+00:00
SAO_N341-11,São Paulo,3550308,True,,2353,,,-23.4931195,-46.45214225,,,,1,2023-06-15T08:05:27+00:00
SAO_2724-10,São Paulo,3550308,True,,938,,,-23.5396445,-46.483602,,,,1,2023-06-15T08:05:33+00:00
SAO_2724-10,São Paulo,3550308,True,,938,,,-23.5396445,-46.483602,,,,1,2023-06-15T08:05:30+00:00
SAO_2724-10,São Paulo,3550308,True,,938,,,-23.5396445,-46.483602,,,,1,2023-06-15T08:04:52+00:00
SAO_2724-10,São Paulo,3550308,True,,938,,,-23.5396445,-46.483602,,,,1,2023-06-15T08:05:22+00:00
SAO_2724-10,São Paulo,3550308,True,,938,,,-23.5396445,-46.483602,,,,1,2023-06-15T08:05:04+00:00
SAO_2724-10,São Paulo,3550308,True,,938,,,-23.5396445,-46.483602,,,,1,2023-06-15T08:05:32+00:00
SAO_2724-10,São Paulo,3550308,True,,938,,,-23.5396445,-46.483602,,,,1,2023-06-15T08:05:23+00:00
SAO_6063-41,São Paulo,3550308,True,,34541,,,-23.787596999999998,-46.679432,,,,2,2023-06-15T08:05:33+00:00
SAO_6063-41,São Paulo,3550308,True,,34541,,,-23.787596999999998,-46.679432,,,,2,2023-06-15T08:05:30+00:00
SAO_6063-41,São Paulo,3550308,True,,34541,,,-23.787596999999998,-46.679432,,,,2,2023-06-15T08:04:49+00:00
SAO_3746-10,São Paulo,3550308,True,,33051,,,-23.542912,-46.588283000000004,,,,2,2023-06-15T08:05:18+00:00
SAO_3746-10,São Paulo,3550308,True,,33051,,,-23.542912,-46.588283000000004,,,,2,2023-06-15T08:04:44+00:00
SAO_3746-10,São Paulo,3550308,True,,33051,,,-23.542912,-46.588283000000004,,,,2,2023-06-15T08:04:52+00:00
SAO_3746-10,São Paulo,3550308,True,,33051,,,-23.542912,-46.588283000000004,,,,2,2023-06-15T08:04:47+00:00
SAO_3746-10,São Paulo,3550308,True,,33051,,,-23.542912,-46.588283000000004,,,,2,2023-06-15T08:05:11+00:00
SAO_3746-10,São Paulo,3550308,True,,33051,,,-23.542912,-46.588283000000004,,,,2,2023-06-15T07:52:38+00:00
SAO_3746-10,São Paulo,3550308,True,,33051,,,-23.542912,-46.588283000000004,,,,2,2023-06-15T07:59:43+00:00
SAO_3746-10,São Paulo,3550308,True,,33051,,,-23.542912,-46.588283000000004,,,,2,2023-06-15T08:05:09+00:00
SAO_857R-10,São Paulo,3550308,True,,1892,,,-23.6308255,-46.772924,,,,1,2023-06-15T08:05:12+00:00
SAO_857R-10,São Paulo,3550308,True,,1892,,,-23.6308255,-46.772924,,,,1,2023-06-15T08:05:09+00:00
SAO_N104-11,São Paulo,3550308,True,,2285,,,-23.490379,-46.710350250000005,,,,1,2023-06-15T08:05:29+00:00
SAO_N504-11,São Paulo,3550308,True,,2378,,,-23.5461345,-46.630341,,,,1,2023-06-15T08:04:47+00:00
SAO_N504-11,São Paulo,3550308,True,,2378,,,-23.565387,-46.594864,,,,1,2023-06-15T08:05:25+00:00
SAO_2004-10,São Paulo,3550308,True,,892,,,-23.519267,-46.386627250000004,,,,1,2023-06-15T08:04:33+00:00
SAO_2004-10,São Paulo,3550308,True,,892,,,-23.519267,-46.386627250000004,,,,1,2023-06-15T08:05:05+00:00
SAO_3766-10,São Paulo,3550308,True,,1055,,,-23.553675499999997,-46.427672,,,,1,2023-06-15T08:05:10+00:00
SAO_3766-10,São Paulo,3550308,True,,1055,,,-23.553675499999997,-46.427672,,,,1,2023-06-15T08:05:30+00:00
SAO_3766-10,São Paulo,3550308,True,,1055,,,-23.553675499999997,-46.427672,,,,1,2023-06-15T08:05:19+00:00
SAO_3766-10,São Paulo,3550308,True,,1055,,,-23.553675499999997,-46.427672,,,,1,2023-06-15T08:05:09+00:00
SAO_3766-10,São Paulo,3550308,True,,1055,,,-23.553675499999997,-46.427672,,,,1,2023-06-15T08:05:12+00:00
SAO_3766-10,São Paulo,3550308,True,,1055,,,-23.553675499999997,-46.427672,,,,1,2023-06-15T08:05:31+00:00
SAO_7053-10,São Paulo,3550308,True,,1887,,,-23.6406225,-46.782142,,,,1,2023-06-15T08:04:55+00:00
SAO_7053-10,São Paulo,3550308,True,,1887,,,-23.640528,-46.7818175,,,,1,2023-06-15T08:05:04+00:00
SAO_7053-10,São Paulo,3550308,True,,1887,,,-23.654132500000003,-46.788232,,,,1,2023-06-15T08:04:53+00:00
SAO_7053-10,São Paulo,3550308,True,,1887,,,-23.640779000000002,-46.7825665,,,,1,2023-06-15T08:05:06+00:00
SAO_7053-10,São Paulo,3550308,True,,1887,,,-23.640779000000002,-46.7825665,,,,1,2023-06-15T08:05:22+00:00
SAO_N432-11,São Paulo,3550308,True,,2365,,,-23.621358,-46.477599,,,,1,2023-06-15T08:04:57+00:00
SAO_N138-11,São Paulo,3550308,True,,2294,,,-23.45973,-46.6748785,,,,1,2023-06-15T08:04:55+00:00
SAO_2678-10,São Paulo,3550308,True,,33151,,,-23.501269999999998,-46.391901250000004,,,,2,2023-06-15T08:05:25+00:00
SAO_475R-10,São Paulo,3550308,True,,344,,,-23.65282,-46.607729000000006,,,,1,2023-06-15T08:04:57+00:00
SAO_7057-10,São Paulo,3550308,True,,34665,,,-23.64922775,-46.78505225,,,,2,2023-06-15T08:05:15+00:00
SAO_7057-10,São Paulo,3550308,True,,34665,,,-23.64904925,-46.78534475,,,,2,2023-06-15T08:04:55+00:00
SAO_7057-10,São Paulo,3550308,True,,34665,,,-23.64922775,-46.78505225,,,,2,2023-06-15T08:05:14+00:00
SAO_7057-10,São Paulo,3550308,True,,34665,,,-23.64922775,-46.78505225,,,,2,2023-06-15T08:05:29+00:00
SAO_6816-31,São Paulo,3550308,True,,1748,,,-23.653212,-46.7764515,,,,1,2023-06-15T08:05:29+00:00
SAO_6816-31,São Paulo,3550308,True,,1748,,,-23.652935499999998,-46.776088,,,,1,2023-06-15T08:05:24+00:00
SAO_3761-10,São Paulo,3550308,True,,1051,,,-23.618599,-46.4234555,,,,1,2023-06-15T08:04:51+00:00
SAO_3761-10,São Paulo,3550308,True,,1051,,,-23.616859249999997,-46.4231815,,,,1,2023-06-15T08:05:09+00:00
SAO_N801-11,São Paulo,3550308,True,,2428,,,-23.5474395,-46.64466625,,,,1,2023-06-15T08:05:23+00:00
SAO_3787-10,São Paulo,3550308,True,,34380,,,-23.56241275,-46.4461925,,,,2,2023-06-15T08:05:27+00:00
SAO_208V-10,São Paulo,3550308,True,,32975,,,-23.5180825,-46.4756835,,,,2,2023-06-15T08:05:15+00:00
SAO_208V-10,São Paulo,3550308,True,,32975,,,-23.5476865,-46.6292585,,,,2,2023-06-15T08:05:21+00:00
SAO_208V-10,São Paulo,3550308,True,,32975,,,-23.518385000000002,-46.475624499999995,,,,2,2023-06-15T08:04:49+00:00
SAO_208V-10,São Paulo,3550308,True,,32975,,,-23.5476865,-46.6292585,,,,2,2023-06-15T08:05:31+00:00
SAO_208V-10,São Paulo,3550308,True,,32975,,,-23.517815499999998,-46.475735,,,,2,2023-06-15T08:04:58+00:00
SAO_208V-10,São Paulo,3550308,True,,32975,,,-23.5476865,-46.6292585,,,,2,2023-06-15T08:05:25+00:00
SAO_208V-10,São Paulo,3550308,True,,32975,,,-23.518699499999997,-46.4755635,,,,2,2023-06-15T08:05:03+00:00
SAO_208V-10,São Paulo,3550308,True,,32975,,,-23.5189365,-46.4755325,,,,2,2023-06-15T08:04:50+00:00
SAO_208V-10,São Paulo,3550308,True,,32975,,,-23.5476865,-46.6292585,,,,2,2023-06-15T08:05:09+00:00
SAO_208V-10,São Paulo,3550308,True,,32975,,,-23.518759,-46.475552,,,,2,2023-06-15T08:05:11+00:00
SAO_208V-10,São Paulo,3550308,True,,32975,,,-23.5476865,-46.6292585,,,,2,2023-06-15T08:05:10+00:00
SAO_208V-10,São Paulo,3550308,True,,32975,,,-23.5476865,-46.6292585,,,,2,2023-06-15T08:05:15+00:00
SAO_208V-10,São Paulo,3550308,True,,32975,,,-23.5188975,-46.475528,,,,2,2023-06-15T08:05:23+00:00
SAO_208V-10,São Paulo,3550308,True,,32975,,,-23.5476865,-46.6292585,,,,2,2023-06-15T08:04:52+00:00
SAO_208V-10,São Paulo,3550308,True,,32975,,,-23.518321,-46.475637,,,,2,2023-06-15T08:05:07+00:00
SAO_208V-10,São Paulo,3550308,True,,32975,,,-23.518699499999997,-46.4755635,,,,2,2023-06-15T08:05:01+00:00
SAO_208V-10,São Paulo,3550308,True,,32975,,,-23.518759,-46.475552,,,,2,2023-06-15T08:04:55+00:00
SAO_208V-10,São Paulo,3550308,True,,32975,,,-23.5476865,-46.6292585,,,,2,2023-06-15T08:05:19+00:00
SAO_7062-31,São Paulo,3550308,True,,1914,,,-23.646552,-46.7725675,,,,1,2023-06-15T08:04:57+00:00
SAO_3751-10,São Paulo,3550308,True,,1047,,,-23.569356,-46.4108985,,,,1,2023-06-15T08:04:59+00:00
SAO_3751-10,São Paulo,3550308,True,,1047,,,-23.569356,-46.4108985,,,,1,2023-06-15T08:05:27+00:00
SAO_3751-10,São Paulo,3550308,True,,1047,,,-23.570307999999997,-46.410236499999996,,,,1,2023-06-15T08:05:18+00:00
SAO_N106-11,São Paulo,3550308,True,,35068,,,-23.53544175,-46.653703750000005,,,,2,2023-06-15T08:05:25+00:00
SAO_2079-10,São Paulo,3550308,True,,370,,,-23.516762,-46.384977500000005,,,,1,2023-06-15T08:04:51+00:00
SAO_6822-10,São Paulo,3550308,True,,32790,,,-23.653269,-46.7776185,,,,2,2023-06-15T08:05:00+00:00
SAO_7006-51,São Paulo,3550308,True,,1997,,,-23.68797225,-46.77209175,,,,1,2023-06-15T08:05:31+00:00
SAO_N508-11,São Paulo,3550308,True,,2382,,,-23.591697500000002,-46.610218,,,,1,2023-06-15T08:04:50+00:00
SAO_N204-11,São Paulo,3550308,True,,2314,,,-23.481398,-46.601732999999996,,,,1,2023-06-15T08:05:00+00:00
SAO_5630-10,São Paulo,3550308,True,,78,,,-23.7374635,-46.697805,,,,1,2023-06-15T08:04:53+00:00
SAO_5630-10,São Paulo,3550308,True,,78,,,-23.7374635,-46.697805,,,,1,2023-06-15T08:05:05+00:00
SAO_5630-10,São Paulo,3550308,True,,78,,,-23.7374635,-46.697805,,,,1,2023-06-15T08:05:19+00:00
SAO_N440-11,São Paulo,3550308,True,,2373,,,-23.555204,-46.5171275,,,,1,2023-06-15T08:05:30+00:00
SAO_3746-10,São Paulo,3550308,True,EMTU,283,https://moovitapp.com/index/pt-br/transporte_p%C3%BAblico-line-283-Sao_Paulo-242-2038937-36419384-0,5.2,-23.594817,-46.5027665,,,,1,2023-06-15T08:05:12+00:00
SAO_6006-10,São Paulo,3550308,True,EMTU,175,https://moovitapp.com/index/pt-br/transporte_p%C3%BAblico-line-175-Sao_Paulo-242-2038937-36419312-0,6.25,-23.6922335,-46.757836499999996,,,,1,2023-06-15T08:04:12+00:00
SAO_N603-11,São Paulo,3550308,True,,2394,,,-23.639348,-46.676623,,,,1,2023-06-15T08:05:13+00:00
SAO_N603-11,São Paulo,3550308,True,,2394,,,-23.6679715,-46.636271,,,,1,2023-06-15T08:05:00+00:00
SAO_6016-10,São Paulo,3550308,True,,32852,,,-23.768713499999997,-46.678572,,,,2,2023-06-15T08:05:07+00:00
SAO_6816-10,São Paulo,3550308,True,BR7 Mobilidade,26,https://moovitapp.com/index/pt-br/transporte_p%C3%BAblico-line-26-Sao_Paulo-242-851856-577923-0,5.75,-23.653269,-46.7776185,,,,1,2023-06-15T08:05:23+00:00
SAO_6816-10,São Paulo,3550308,True,BR7 Mobilidade,26,https://moovitapp.com/index/pt-br/transporte_p%C3%BAblico-line-26-Sao_Paulo-242-851856-577923-0,5.75,-23.65279,-46.778128499999994,,,,1,2023-06-15T08:05:28+00:00
SAO_3459-10,São Paulo,3550308,True,EMTU,402,https://moovitapp.com/index/pt-br/transporte_p%C3%BAblico-line-402-Sao_Paulo-242-2038937-36419464-0,3.7,-23.5165205,-46.385602000000006,,,,1,2023-06-15T08:05:06+00:00
SAO_3459-10,São Paulo,3550308,True,EMTU,402,https://moovitapp.com/index/pt-br/transporte_p%C3%BAblico-line-402-Sao_Paulo-242-2038937-36419464-0,3.7,-23.5165205,-46.385602000000006,,,,1,2023-06-15T08:04:50+00:00
SAO_3459-10,São Paulo,3550308,True,EMTU,402,https://moovitapp.com/index/pt-br/transporte_p%C3%BAblico-line-402-Sao_Paulo-242-2038937-36419464-0,3.7,-23.5165205,-46.385602000000006,,,,1,2023-06-15T08:05:05+00:00
SAO_3459-10,São Paulo,3550308,True,EMTU,402,https://moovitapp.com/index/pt-br/transporte_p%C3%BAblico-line-402-Sao_Paulo-242-2038937-36419464-0,3.7,-23.5165205,-46.385602000000006,,,,1,2023-06-15T08:05:13+00:00
SAO_2021-10,São Paulo,3550308,True,,906,,,-23.5443145,-46.389241999999996,,,,1,2023-06-15T08:05:26+00:00
SAO_2021-10,São Paulo,3550308,True,,906,,,-23.5444625,-46.3895285,,,,1,2023-06-15T08:05:17+00:00
SAO_2021-10,São Paulo,3550308,True,,906,,,-23.5443145,-46.389241999999996,,,,1,2023-06-15T08:04:18+00:00
SAO_2021-10,São Paulo,3550308,True,,906,,,-23.544384,-46.389341,,,,1,2023-06-15T08:05:10+00:00
SAO_2021-10,São Paulo,3550308,True,,906,,,-23.5443145,-46.389241999999996,,,,1,2023-06-15T08:04:07+00:00
SAO_2021-10,São Paulo,3550308,True,,906,,,-23.5443145,-46.389241999999996,,,,1,2023-06-15T08:03:53+00:00
SAO_2021-10,São Paulo,3550308,True,,906,,,-23.53679075,-46.39900375,,,,1,2023-06-15T08:05:21+00:00
SAO_576C-10,São Paulo,3550308,True,,34058,,,-23.6466305,-46.6450555,,,,2,2023-06-15T08:05:19+00:00
SAO_576C-10,São Paulo,3550308,True,,34058,,,-23.6466305,-46.6450555,,,,2,2023-06-15T08:05:21+00:00
SAO_875C-10,São Paulo,3550308,True,,33246,,,-23.520992749999998,-46.699836,,,,2,2023-06-15T08:04:54+00:00
SAO_875C-10,São Paulo,3550308,True,,33246,,,-23.5198445,-46.700163,,,,2,2023-06-15T08:05:19+00:00
SAO_875C-10,São Paulo,3550308,True,,33246,,,-23.520066999999997,-46.6995985,,,,2,2023-06-15T08:05:09+00:00
SAO_875C-10,São Paulo,3550308,True,,33246,,,-23.520992749999998,-46.699836,,,,2,2023-06-15T08:04:52+00:00
SAO_875C-10,São Paulo,3550308,True,,33246,,,-23.519759,-46.700522500000005,,,,2,2023-06-15T08:05:07+00:00
SAO_875C-10,São Paulo,3550308,True,,33246,,,-23.52066,-46.7006595,,,,2,2023-06-15T08:04:59+00:00
SAO_6015-10,São Paulo,3550308,True,,1205,,,-23.718400000000003,-46.784493499999996,,,,1,2023-06-15T08:05:04+00:00
SAO_6015-10,São Paulo,3550308,True,,1205,,,-23.718654,-46.7846245,,,,1,2023-06-15T08:05:30+00:00
SAO_6015-10,São Paulo,3550308,True,,1205,,,-23.734715,-46.7945555,,,,1,2023-06-15T08:05:21+00:00
SAO_374V-10,São Paulo,3550308,True,,34415,,,-23.526107250000003,-46.4522605,,,,2,2023-06-15T08:05:29+00:00
SAO_374V-10,São Paulo,3550308,True,,34415,,,-23.526107250000003,-46.4522605,,,,2,2023-06-15T08:04:53+00:00
SAO_374V-10,São Paulo,3550308,True,,34415,,,-23.5263255,-46.452581,,,,2,2023-06-15T08:04:50+00:00
SAO_374V-10,São Paulo,3550308,True,,34415,,,-23.5263255,-46.452581,,,,2,2023-06-15T08:04:59+00:00
SAO_374V-10,São Paulo,3550308,True,,34415,,,-23.5263255,-46.452581,,,,2,2023-06-15T08:05:15+00:00
SAO_N101-11,São Paulo,3550308,True,,2282,,,-23.5177885,-46.680643,,,,1,2023-06-15T08:05:25+00:00
SAO_6818-10,São Paulo,3550308,True,BR7 Mobilidade,28,https://moovitapp.com/index/pt-br/transporte_p%C3%BAblico-line-28-Sao_Paulo-242-851856-596008-0,5.75,-23.655842999999997,-46.7727765,,,,1,2023-06-15T08:04:58+00:00
SAO_6818-10,São Paulo,3550308,True,BR7 Mobilidade,28,https://moovitapp.com/index/pt-br/transporte_p%C3%BAblico-line-28-Sao_Paulo-242-851856-596008-0,5.75,-23.655842999999997,-46.7727765,,,,1,2023-06-15T08:05:08+00:00
SAO_6818-10,São Paulo,3550308,True,BR7 Mobilidade,28,https://moovitapp.com/index/pt-br/transporte_p%C3%BAblico-line-28-Sao_Paulo-242-851856-596008-0,5.75,-23.655842999999997,-46.7727765,,,,1,2023-06-15T08:05:22+00:00
SAO_6818-10,São Paulo,3550308,True,BR7 Mobilidade,28,https://moovitapp.com/index/pt-br/transporte_p%C3%BAblico-line-28-Sao_Paulo-242-851856-596008-0,5.75,-23.655842999999997,-46.7727765,,,,1,2023-06-15T08:04:54+00:00
SAO_6010-10,São Paulo,3550308,True,,33970,,,-23.6938785,-46.7945825,,,,2,2023-06-15T08:04:56+00:00
SAO_6010-10,São Paulo,3550308,True,,33970,,,-23.6938785,-46.7945825,,,,2,2023-06-15T08:05:08+00:00
SAO_6010-10,São Paulo,3550308,True,,33970,,,-23.667592,-46.7354985,,,,2,2023-06-15T08:04:58+00:00
SAO_6010-10,São Paulo,3550308,True,,33970,,,-23.6934315,-46.794145,,,,2,2023-06-15T08:04:51+00:00
SAO_6010-10,São Paulo,3550308,True,,33970,,,-23.693805,-46.7944445,,,,2,2023-06-15T08:05:23+00:00
SAO_6010-10,São Paulo,3550308,True,,33970,,,-23.693805,-46.7944445,,,,2,2023-06-15T08:04:59+00:00
SAO_6010-10,São Paulo,3550308,True,,33970,,,-23.693805,-46.7944445,,,,2,2023-06-15T08:05:25+00:00
SAO_6010-10,São Paulo,3550308,True,,33970,,,-23.6938785,-46.7945825,,,,2,2023-06-15T08:05:00+00:00
SAO_6010-10,São Paulo,3550308,True,,33970,,,-23.667592,-46.7354985,,,,2,2023-06-15T08:04:53+00:00
SAO_208V-10,São Paulo,3550308,True,Rápido Campinas,207,https://moovitapp.com/index/pt-br/transporte_p%C3%BAblico-line-207-Sao_Paulo-242-858660-638984-0,5.3,-23.517753,-46.475941500000005,,,,1,2023-06-15T08:05:06+00:00
SAO_208V-10,São Paulo,3550308,True,Rápido Campinas,207,https://moovitapp.com/index/pt-br/transporte_p%C3%BAblico-line-207-Sao_Paulo-242-858660-638984-0,5.3,-23.517753,-46.475941500000005,,,,1,2023-06-15T08:05:14+00:00
SAO_N333-11,São Paulo,3550308,True,,2345,,,-23.494272,-46.422543875,,,,1,2023-06-15T08:05:19+00:00
SAO_6045-10,São Paulo,3550308,True,,1222,,,-23.694454,-46.794375,,,,1,2023-06-15T08:05:11+00:00
SAO_6045-10,São Paulo,3550308,True,,1222,,,-23.6945445,-46.794182,,,,1,2023-06-15T08:05:13+00:00
SAO_6045-10,São Paulo,3550308,True,,1222,,,-23.694674999999997,-46.793941000000004,,,,1,2023-06-15T08:05:24+00:00
SAO_6045-10,São Paulo,3550308,True,,1222,,,-23.6945445,-46.794182,,,,1,2023-06-15T08:05:00+00:00
SAO_6045-10,São Paulo,3550308,True,,1222,,,-23.694454,-46.794375,,,,1,2023-06-15T08:05:28+00:00
SAO_6045-10,São Paulo,3550308,True,,1222,,,-23.694454,-46.794375,,,,1,2023-06-15T08:05:11+00:00
SAO_6045-10,São Paulo,3550308,True,,1222,,,-23.694674999999997,-46.793941000000004,,,,1,2023-06-15T08:05:14+00:00
SAO_6045-10,São Paulo,3550308,True,,1222,,,-23.694674999999997,-46.793941000000004,,,,1,2023-06-15T08:05:03+00:00
SAO_6045-10,São Paulo,3550308,True,,1222,,,-23.694674999999997,-46.793941000000004,,,,1,2023-06-15T08:05:07+00:00
SAO_6045-10,São Paulo,3550308,True,,1222,,,-23.694674999999997,-46.793941000000004,,,,1,2023-06-15T08:05:08+00:00
SAO_6045-10,São Paulo,3550308,True,,1222,,,-23.694803,-46.793687,,,,1,2023-06-15T08:05:10+00:00
SAO_6045-10,São Paulo,3550308,True,,1222,,,-23.694674999999997,-46.793941000000004,,,,1,2023-06-15T08:05:16+00:00
SAO_N206-11,São Paulo,3550308,True,,2316,,,-23.49449225,-46.62656725,,,,1,2023-06-15T08:04:44+00:00
SAO_N234-11,São Paulo,3550308,True,,2323,,,-23.46759475,-46.586836250000005,,,,1,2023-06-15T08:05:24+00:00
SAO_N837-11,São Paulo,3550308,True,,2436,,,-23.6293565,-46.7362355,,,,1,2023-06-15T08:04:51+00:00
SAO_4021-10,São Paulo,3550308,True,,35316,,,-23.542792499999997,-46.470580999999996,,,,2,2023-06-15T08:05:16+00:00
SAO_4021-10,São Paulo,3550308,True,,35316,,,-23.542792499999997,-46.470580999999996,,,,2,2023-06-15T08:04:57+00:00
SAO_4021-10,São Paulo,3550308,True,,35316,,,-23.542792499999997,-46.470580999999996,,,,2,2023-06-15T08:04:53+00:00
SAO_4021-10,São Paulo,3550308,True,,35316,,,-23.542792499999997,-46.470580999999996,,,,2,2023-06-15T08:05:33+00:00
SAO_4021-10,São Paulo,3550308,True,,35316,,,-23.542792499999997,-46.470580999999996,,,,2,2023-06-15T08:05:30+00:00
SAO_4021-10,São Paulo,3550308,True,,35316,,,-23.542792499999997,-46.470580999999996,,,,2,2023-06-15T08:05:03+00:00
SAO_N841-11,São Paulo,3550308,True,,2440,,,-23.568583500000003,-46.645767625,,,,1,2023-06-15T08:05:20+00:00
SAO_6970-10,São Paulo,3550308,True,,1505,,,-23.737581499999997,-46.697899500000005,,,,1,2023-06-15T08:04:54+00:00
SAO_6970-10,São Paulo,3550308,True,,1505,,,-23.737581499999997,-46.697899500000005,,,,1,2023-06-15T08:04:52+00:00
SAO_5164-21,São Paulo,3550308,True,,1616,,,-23.646406,-46.644999,,,,1,2023-06-15T08:05:09+00:00
SAO_5164-21,São Paulo,3550308,True,,1616,,,-23.646586749999997,-46.645936000000006,,,,1,2023-06-15T08:05:20+00:00
SAO_5164-21,São Paulo,3550308,True,,1616,,,-23.6461105,-46.6469465,,,,1,2023-06-15T08:05:13+00:00
SAO_5164-21,São Paulo,3550308,True,,1616,,,-23.646586749999997,-46.645936000000006,,,,1,2023-06-15T08:05:20+00:00
SAO_5164-21,São Paulo,3550308,True,,1616,,,-23.6461105,-46.6469465,,,,1,2023-06-15T08:05:13+00:00
SAO_5164-21,São Paulo,3550308,True,,1616,,,-23.6463425,-46.64646425,,,,1,2023-06-15T08:05:16+00:00
SAO_5164-21,São Paulo,3550308,True,,1616,,,-23.646586749999997,-46.645936000000006,,,,1,2023-06-15T08:05:16+00:00
SAO_6038-10,São Paulo,3550308,True,,33984,,,-23.658400999999998,-46.78931475,,,,2,2023-06-15T08:05:26+00:00
SAO_6038-10,São Paulo,3550308,True,,33984,,,-23.659197499999998,-46.788972,,,,2,2023-06-15T08:05:27+00:00
SAO_6038-10,São Paulo,3550308,True,,33984,,,-23.6582,-46.7894615,,,,2,2023-06-15T08:05:05+00:00
SAO_6038-10,São Paulo,3550308,True,,33984,,,-23.658400999999998,-46.78931475,,,,2,2023-06-15T08:05:26+00:00
SAO_6038-10,São Paulo,3550308,True,,33984,,,-23.6588745,-46.7891,,,,2,2023-06-15T08:05:12+00:00
SAO_6038-10,São Paulo,3550308,True,,33984,,,-23.6495615,-46.707459,,,,2,2023-06-15T08:05:08+00:00
SAO_3736-10,São Paulo,3550308,True,,1036,,,-23.575533,-46.4834125,,,,1,2023-06-15T08:05:17+00:00
SAO_3736-10,São Paulo,3550308,True,,1036,,,-23.575533,-46.4834125,,,,1,2023-06-15T08:04:56+00:00
SAO_3736-10,São Paulo,3550308,True,,1036,,,-23.575533,-46.4834125,,,,1,2023-06-15T08:04:58+00:00
SAO_3736-10,São Paulo,3550308,True,,1036,,,-23.575533,-46.4834125,,,,1,2023-06-15T08:05:19+00:00
SAO_3736-10,São Paulo,3550308,True,,1036,,,-23.575533,-46.4834125,,,,1,2023-06-15T08:04:58+00:00
SAO_3736-10,São Paulo,3550308,True,,1036,,,-23.575533,-46.4834125,,,,1,2023-06-15T08:05:06+00:00
SAO_3731-10,São Paulo,3550308,True,,1028,,,-23.54011525,-46.51618425,,,,1,2023-06-15T08:05:03+00:00
SAO_3731-10,São Paulo,3550308,True,,1028,,,-23.54011525,-46.51618425,,,,1,2023-06-15T08:05:19+00:00
SAO_3731-10,São Paulo,3550308,True,,1028,,,-23.539874,-46.516463,,,,1,2023-06-15T08:05:31+00:00
SAO_3731-10,São Paulo,3550308,True,,1028,,,-23.539874,-46.516463,,,,1,2023-06-15T08:05:08+00:00
SAO_3731-10,São Paulo,3550308,True,,1028,,,-23.539611999999998,-46.516724999999994,,,,1,2023-06-15T08:05:21+00:00
SAO_3731-10,São Paulo,3550308,True,,1028,,,-23.539611999999998,-46.516724999999994,,,,1,2023-06-15T08:04:37+00:00
SAO_3731-10,São Paulo,3550308,True,,1028,,,-23.539874,-46.516463,,,,1,2023-06-15T08:05:28+00:00
SAO_3731-10,São Paulo,3550308,True,,1028,,,-23.539611999999998,-46.516724999999994,,,,1,2023-06-15T08:05:13+00:00
SAO_3731-10,São Paulo,3550308,True,,1028,,,-23.539874,-46.516463,,,,1,2023-06-15T08:04:42+00:00
SAO_3731-10,São Paulo,3550308,True,,1028,,,-23.54011525,-46.51618425,,,,1,2023-06-15T08:04:09+00:00
SAO_5300-10,São Paulo,3550308,True,,33122,,,-23.547731,-46.6300275,,,,2,2023-06-15T08:04:54+00:00
SAO_5300-10,São Paulo,3550308,True,,33122,,,-23.547731,-46.6300275,,,,2,2023-06-15T08:04:58+00:00
SAO_5300-10,São Paulo,3550308,True,,33122,,,-23.547731,-46.6300275,,,,2,2023-06-15T08:05:12+00:00
SAO_5300-10,São Paulo,3550308,True,,33122,,,-23.547731,-46.6300275,,,,2,2023-06-15T08:00:15+00:00
SAO_5300-10,São Paulo,3550308,True,,33122,,,-23.547731,-46.6300275,,,,2,2023-06-15T08:05:00+00:00
SAO_N532-11,São Paulo,3550308,True,,2384,,,-23.609738999999998,-46.4993615,,,,1,2023-06-15T08:05:04+00:00
SAO_6837-10,São Paulo,3550308,True,,6,,,-23.645162,-46.763911,,,,1,2023-06-15T08:05:23+00:00
SAO_6837-10,São Paulo,3550308,True,,6,,,-23.622524,-46.762103999999994,,,,1,2023-06-15T08:05:03+00:00
SAO_6036-10,São Paulo,3550308,True,,1214,,,-23.65376725,-46.79044725,,,,1,2023-06-15T08:04:57+00:00
SAO_6036-10,São Paulo,3550308,True,,1214,,,-23.65385975,-46.79008575,,,,1,2023-06-15T08:05:26+00:00
SAO_6036-10,São Paulo,3550308,True,,1214,,,-23.6538115,-46.789655499999995,,,,1,2023-06-15T08:04:58+00:00
SAO_2724-10,São Paulo,3550308,True,,33706,,,-23.5224605,-46.4677965,,,,2,2023-06-15T08:05:32+00:00
SAO_2724-10,São Paulo,3550308,True,,33706,,,-23.5401805,-46.483284,,,,2,2023-06-15T08:05:18+00:00
SAO_N631-11,São Paulo,3550308,True,,2396,,,-23.7379835,-46.6979615,,,,1,2023-06-15T08:05:07+00:00
SAO_6028-10,São Paulo,3550308,True,,33979,,,-23.702140999999997,-46.744587499999994,,,,2,2023-06-15T08:04:56+00:00
SAO_6028-10,São Paulo,3550308,True,,33979,,,-23.70207,-46.744642,,,,2,2023-06-15T08:04:52+00:00
SAO_6028-10,São Paulo,3550308,True,,33979,,,-23.702140999999997,-46.744587499999994,,,,2,2023-06-15T08:05:33+00:00
SAO_6028-10,São Paulo,3550308,True,,33979,,,-23.684907,-46.747448500000004,,,,2,2023-06-15T08:04:55+00:00
SAO_6028-10,São Paulo,3550308,True,,33979,,,-23.701923,-46.7448215,,,,2,2023-06-15T08:05:12+00:00
SAO_6028-10,São Paulo,3550308,True,,33979,,,-23.702326,-46.744178000000005,,,,2,2023-06-15T08:05:19+00:00
SAO_6028-10,São Paulo,3550308,True,,33979,,,-23.702140999999997,-46.744587499999994,,,,2,2023-06-15T08:05:16+00:00
SAO_6028-10,São Paulo,3550308,True,,33979,,,-23.702140999999997,-46.744587499999994,,,,2,2023-06-15T08:04:57+00:00
SAO_6028-10,São Paulo,3550308,True,,33979,,,-23.70207,-46.744642,,,,2,2023-06-15T08:05:16+00:00
SAO_6028-10,São Paulo,3550308,True,,33979,,,-23.702140999999997,-46.744587499999994,,,,2,2023-06-15T08:05:04+00:00
SAO_6008-10,São Paulo,3550308,True,,33968,,,-23.68727,-46.7629345,,,,2,2023-06-15T08:05:16+00:00
SAO_N502-11,São Paulo,3550308,True,,2376,,,-23.587053500000003,-46.607394,,,,1,2023-06-15T08:04:55+00:00
SAO_N502-11,São Paulo,3550308,True,,2376,,,-23.56540025,-46.611420499999994,,,,1,2023-06-15T08:04:53+00:00
SAO_N433-11,São Paulo,3550308,True,,2366,,,-23.562945,-46.53222725,,,,1,2023-06-15T08:05:30+00:00
SAO_2008-10,São Paulo,3550308,True,,897,,,-23.513673375,-46.39163925,,,,1,2023-06-15T08:04:45+00:00
SAO_2008-10,São Paulo,3550308,True,,897,,,-23.514018,-46.391044,,,,1,2023-06-15T08:05:29+00:00
SAO_6051-10,São Paulo,3550308,True,,33911,,,-23.7621455,-46.689133,,,,2,2023-06-15T08:05:06+00:00
SAO_6051-10,São Paulo,3550308,True,,33911,,,-23.7621455,-46.689133,,,,2,2023-06-15T08:05:06+00:00
SAO_6051-10,São Paulo,3550308,True,,33911,,,-23.7621455,-46.689133,,,,2,2023-06-15T08:05:22+00:00
SAO_675P-10,São Paulo,3550308,True,,33043,,,-23.645801499999997,-46.6450435,,,,2,2023-06-15T08:05:16+00:00
SAO_675P-10,São Paulo,3550308,True,,33043,,,-23.64649975,-46.64515875,,,,2,2023-06-15T08:04:58+00:00
SAO_N734-11,São Paulo,3550308,True,,2415,,,-23.6645605,-46.770251,,,,1,2023-06-15T08:05:05+00:00
SAO_N706-11,São Paulo,3550308,True,,35179,,,-23.571253249999998,-46.693721749999995,,,,2,2023-06-15T08:05:27+00:00
SAO_N706-11,São Paulo,3550308,True,,35179,,,-23.631258,-46.773112999999995,,,,2,2023-06-15T08:04:51+00:00
SAO_N531-11,São Paulo,3550308,True,,2383,,,-23.615232499999998,-46.515898,,,,1,2023-06-15T08:05:03+00:00
SAO_N207-11,São Paulo,3550308,True,,2317,,,-23.503127499999998,-46.66049775,,,,1,2023-06-15T08:05:10+00:00
SAO_6010-10,São Paulo,3550308,True,,1202,,,-23.6938785,-46.7945825,,,,1,2023-06-15T08:05:06+00:00
SAO_6091-10,São Paulo,3550308,True,,33943,,,-23.780343000000002,-46.7248545,,,,2,2023-06-15T08:05:28+00:00
SAO_N834-11,São Paulo,3550308,True,,35201,,,-23.519719000000002,-46.700552,,,,2,2023-06-15T08:05:06+00:00
SAO_2435-10,São Paulo,3550308,True,,32978,,,-23.528665500000002,-46.554443500000005,,,,2,2023-06-15T08:05:01+00:00
SAO_2435-10,São Paulo,3550308,True,,32978,,,-23.528665500000002,-46.554443500000005,,,,2,2023-06-15T08:04:50+00:00
SAO_5030-10,São Paulo,3550308,True,,34437,,,-23.6366365,-46.602528750000005,,,,2,2023-06-15T08:05:20+00:00
SAO_7055-10,São Paulo,3550308,True,,1888,,,-23.6919635,-46.7907745,,,,1,2023-06-15T08:04:56+00:00
SAO_7055-10,São Paulo,3550308,True,,1888,,,-23.6919635,-46.7907745,,,,1,2023-06-15T08:05:08+00:00
SAO_7055-10,São Paulo,3550308,True,,1888,,,-23.6919635,-46.7907745,,,,1,2023-06-15T08:05:16+00:00
SAO_7055-10,São Paulo,3550308,True,,1888,,,-23.6919635,-46.7907745,,,,1,2023-06-15T08:05:02+00:00
SAO_7004-10,São Paulo,3550308,True,,34760,,,-23.7317975,-46.7861475,,,,2,2023-06-15T08:04:48+00:00
SAO_7004-10,São Paulo,3550308,True,,34760,,,-23.7317975,-46.7861475,,,,2,2023-06-15T08:04:39+00:00
SAO_7004-10,São Paulo,3550308,True,,34760,,,-23.6866185,-46.7687955,,,,2,2023-06-15T08:04:49+00:00
SAO_7004-10,São Paulo,3550308,True,,34760,,,-23.7317975,-46.7861475,,,,2,2023-06-15T08:05:29+00:00
SAO_7004-10,São Paulo,3550308,True,,34760,,,-23.655639,-46.722901,,,,2,2023-06-15T08:05:28+00:00
SAO_7004-10,São Paulo,3550308,True,,34760,,,-23.7317975,-46.7861475,,,,2,2023-06-15T08:04:54+00:00
SAO_7004-10,São Paulo,3550308,True,,34760,,,-23.7304065,-46.785836,,,,2,2023-06-15T08:04:14+00:00
SAO_N744-11,São Paulo,3550308,True,,2425,,,-23.651751500000003,-46.73382775,,,,1,2023-06-15T08:05:19+00:00
SAO_3013-10,São Paulo,3550308,True,,954,,,-23.582969,-46.407816499999996,,,,1,2023-06-15T08:05:31+00:00
SAO_6042-21,São Paulo,3550308,True,,34543,,,-23.654173,-46.762701500000006,,,,2,2023-06-15T08:05:01+00:00
SAO_N204-11,São Paulo,3550308,True,,35082,,,-23.536623625,-46.616375875,,,,2,2023-06-15T08:05:17+00:00
SAO_N301-11,São Paulo,3550308,True,,35103,,,-23.527119499999998,-46.55454125,,,,2,2023-06-15T08:05:02+00:00
SAO_N301-11,São Paulo,3550308,True,,35103,,,-23.5469355,-46.630097,,,,2,2023-06-15T08:05:03+00:00
SAO_N131-11,São Paulo,3550308,True,,2287,,,-23.514832875000003,-46.715819,,,,1,2023-06-15T08:05:13+00:00
SAO_709M-10,São Paulo,3550308,True,,35230,,,-23.566688,-46.701549,,,,2,2023-06-15T08:05:05+00:00
SAO_709M-10,São Paulo,3550308,True,,35230,,,-23.566688,-46.701549,,,,2,2023-06-15T08:04:50+00:00
SAO_709M-10,São Paulo,3550308,True,,35230,,,-23.566688,-46.701549,,,,2,2023-06-15T08:04:50+00:00
SAO_N106-11,São Paulo,3550308,True,,2300,,,-23.545339499999997,-46.635621,,,,1,2023-06-15T08:05:06+00:00
SAO_N739-11,São Paulo,3550308,True,,2420,,,-23.665154625,-46.753176499999995,,,,1,2023-06-15T08:05:19+00:00
SAO_4742-10,São Paulo,3550308,True,,33110,,,-23.650569,-46.614115999999996,,,,2,2023-06-15T08:04:14+00:00
SAO_5154-10,São Paulo,3550308,True,,33121,,,-23.654592,-46.714560500000005,,,,2,2023-06-15T08:05:21+00:00
SAO_5154-10,São Paulo,3550308,True,,33121,,,-23.655067000000003,-46.716173125,,,,2,2023-06-15T08:05:05+00:00
SAO_5154-10,São Paulo,3550308,True,,33121,,,-23.6544585,-46.71376925,,,,2,2023-06-15T08:05:05+00:00
SAO_5154-10,São Paulo,3550308,True,,33121,,,-23.655001,-46.715843375,,,,2,2023-06-15T08:05:22+00:00
SAO_2725-10,São Paulo,3550308,True,,939,,,-23.540045,-46.483149499999996,,,,1,2023-06-15T08:05:14+00:00
SAO_2725-10,São Paulo,3550308,True,,939,,,-23.540045,-46.483149499999996,,,,1,2023-06-15T07:59:46+00:00
SAO_2725-10,São Paulo,3550308,True,,939,,,-23.540045,-46.483149499999996,,,,1,2023-06-15T08:05:04+00:00
SAO_2725-10,São Paulo,3550308,True,,939,,,-23.540045,-46.483149499999996,,,,1,2023-06-15T08:05:17+00:00
SAO_2725-10,São Paulo,3550308,True,,939,,,-23.540045,-46.483149499999996,,,,1,2023-06-15T08:05:22+00:00
SAO_2725-10,São Paulo,3550308,True,,939,,,-23.540045,-46.483149499999996,,,,1,2023-06-15T08:05:15+00:00
SAO_2725-10,São Paulo,3550308,True,,939,,,-23.540045,-46.483149499999996,,,,1,2023-06-15T08:05:25+00:00
SAO_2725-10,São Paulo,3550308,True,,939,,,-23.540045,-46.483149499999996,,,,1,2023-06-15T08:04:55+00:00
SAO_3712-51,São Paulo,3550308,True,,2505,,,-23.551171500000002,-46.425402500000004,,,,1,2023-06-15T08:05:04+00:00
SAO_N340-11,São Paulo,3550308,True,,35120,,,-23.5433065,-46.4647775,,,,2,2023-06-15T08:05:21+00:00
SAO_6L10-41,São Paulo,3550308,True,,34773,,,-23.7880685,-46.765596,,,,2,2023-06-15T08:04:52+00:00
SAO_6L10-41,São Paulo,3550308,True,,34773,,,-23.7880685,-46.765596,,,,2,2023-06-15T08:04:54+00:00
SAO_6L10-41,São Paulo,3550308,True,,34773,,,-23.7880685,-46.765596,,,,2,2023-06-15T08:04:56+00:00
SAO_6L10-41,São Paulo,3550308,True,,34773,,,-23.7880685,-46.765596,,,,2,2023-06-15T08:04:54+00:00
SAO_N604-11,São Paulo,3550308,True,,2395,,,-23.565702625,-46.639410375,,,,1,2023-06-15T08:05:09+00:00
SAO_N604-11,São Paulo,3550308,True,,2395,,,-23.6465645,-46.6404195,,,,1,2023-06-15T08:05:16+00:00
SAO_N604-11,São Paulo,3550308,True,,2395,,,-23.546077500000003,-46.631047,,,,1,2023-06-15T08:05:18+00:00
SAO_6042-10,São Paulo,3550308,True,,1219,,,-23.672669,-46.7646945,,,,1,2023-06-15T08:05:16+00:00
SAO_6042-10,São Paulo,3550308,True,,1219,,,-23.672669,-46.7646945,,,,1,2023-06-15T08:02:01+00:00
SAO_N308-11,São Paulo,3550308,True,,2342,,,-23.543077,-46.628094000000004,,,,1,2023-06-15T08:03:19+00:00
SAO_N308-11,São Paulo,3550308,True,,2342,,,-23.53682775,-46.49038375,,,,1,2023-06-15T08:04:58+00:00
SAO_857A-10,São Paulo,3550308,True,,34693,,,-23.603884,-46.745052,,,,2,2023-06-15T08:05:31+00:00
SAO_N301-11,São Paulo,3550308,True,,2335,,,-23.5461575,-46.6309005,,,,1,2023-06-15T08:04:53+00:00
SAO_N301-11,São Paulo,3550308,True,,2335,,,-23.513787999999998,-46.50117350000001,,,,1,2023-06-15T08:04:51+00:00
SAO_172P-10,São Paulo,3550308,True,,858,,,-23.4419105,-46.588513500000005,,,,1,2023-06-15T08:04:44+00:00
SAO_172P-10,São Paulo,3550308,True,,858,,,-23.441848999999998,-46.588781499999996,,,,1,2023-06-15T08:05:13+00:00
SAO_172P-10,São Paulo,3550308,True,,858,,,-23.441876999999998,-46.5883755,,,,1,2023-06-15T08:05:28+00:00
SAO_172P-10,São Paulo,3550308,True,,858,,,-23.441848999999998,-46.588781499999996,,,,1,2023-06-15T08:05:26+00:00
SAO_172P-10,São Paulo,3550308,True,,858,,,-23.4418065,-46.5890285,,,,1,2023-06-15T08:05:02+00:00
SAO_172P-10,São Paulo,3550308,True,,858,,,-23.4424695,-46.589804,,,,1,2023-06-15T08:04:55+00:00
SAO_172P-10,São Paulo,3550308,True,,858,,,-23.441891,-46.589701250000005,,,,1,2023-06-15T08:05:12+00:00
SAO_172P-10,São Paulo,3550308,True,,858,,,-23.441848999999998,-46.588781499999996,,,,1,2023-06-15T08:05:11+00:00
SAO_172P-10,São Paulo,3550308,True,,858,,,-23.441876999999998,-46.5883755,,,,1,2023-06-15T08:05:19+00:00
SAO_3054-10,São Paulo,3550308,True,,975,,,-23.609925,-46.407969,,,,1,2023-06-15T08:04:58+00:00
SAO_3054-10,São Paulo,3550308,True,,975,,,-23.609925,-46.407969,,,,1,2023-06-15T08:05:05+00:00
SAO_3054-10,São Paulo,3550308,True,,975,,,-23.609925,-46.407969,,,,1,2023-06-15T08:05:18+00:00
SAO_3054-10,São Paulo,3550308,True,,975,,,-23.609925,-46.407969,,,,1,2023-06-15T08:05:21+00:00
SAO_2666-10,São Paulo,3550308,True,EMTU,378,https://moovitapp.com/index/pt-br/transporte_p%C3%BAblico-line-378-Sao_Paulo-242-2038937-36419452-0,12.1,-23.51798475,-46.3882325,,,,1,2023-06-15T08:04:46+00:00
SAO_2666-10,São Paulo,3550308,True,EMTU,378,https://moovitapp.com/index/pt-br/transporte_p%C3%BAblico-line-378-Sao_Paulo-242-2038937-36419452-0,12.1,-23.51798475,-46.3882325,,,,1,2023-06-15T08:04:47+00:00
SAO_N133-11,São Paulo,3550308,True,,2289,,,-23.48812125,-46.73202725,,,,1,2023-06-15T08:05:16+00:00
SAO_5194-10,São Paulo,3550308,True,,33037,,,-23.7016985,-46.645367500000006,,,,2,2023-06-15T08:04:56+00:00
SAO_5611-10,São Paulo,3550308,True,EMTU,598,https://moovitapp.com/index/pt-br/transporte_p%C3%BAblico-line-598-Sao_Paulo-242-2038937-36419579-0,7.05,-23.7028335,-46.644758499999995,,,,1,2023-06-15T08:01:53+00:00
SAO_5611-10,São Paulo,3550308,True,EMTU,598,https://moovitapp.com/index/pt-br/transporte_p%C3%BAblico-line-598-Sao_Paulo-242-2038937-36419579-0,7.05,-23.7028335,-46.644758499999995,,,,1,2023-06-15T08:05:03+00:00
SAO_5611-10,São Paulo,3550308,True,EMTU,598,https://moovitapp.com/index/pt-br/transporte_p%C3%BAblico-line-598-Sao_Paulo-242-2038937-36419579-0,7.05,-23.702686,-46.6449055,,,,1,2023-06-15T08:04:37+00:00
SAO_N835-11,São Paulo,3550308,True,,2434,,,-23.5661695,-46.701891,,,,1,2023-06-15T08:05:24+00:00
SAO_695Y-10,São Paulo,3550308,True,,33966,,,-23.791151499999998,-46.727039500000004,,,,2,2023-06-15T08:05:24+00:00
SAO_695Y-10,São Paulo,3550308,True,,33966,,,-23.8279045,-46.727655,,,,2,2023-06-15T08:05:30+00:00
SAO_695Y-10,São Paulo,3550308,True,,33966,,,-23.727548499999997,-46.6993775,,,,2,2023-06-15T08:05:19+00:00
SAO_N732-11,São Paulo,3550308,True,,2413,,,-23.695515,-46.779732499999994,,,,1,2023-06-15T08:04:38+00:00
SAO_172P-10,São Paulo,3550308,True,,33626,,,-23.443313000000003,-46.5899855,,,,2,2023-06-15T08:05:02+00:00
SAO_172P-10,São Paulo,3550308,True,,33626,,,-23.44281925,-46.5898795,,,,2,2023-06-15T08:05:21+00:00
SAO_702C-10,São Paulo,3550308,True,,33253,,,-23.5725185,-46.70434625,,,,2,2023-06-15T08:05:33+00:00
SAO_702C-10,São Paulo,3550308,True,,33253,,,-23.542482,-46.590168000000006,,,,2,2023-06-15T08:05:23+00:00
SAO_N702-11,São Paulo,3550308,True,,35175,,,-23.612731000000004,-46.67087775,,,,2,2023-06-15T08:05:21+00:00
SAO_N209-11,São Paulo,3550308,True,,2319,,,-23.479963499999997,-46.661032,,,,1,2023-06-15T08:05:19+00:00
SAO_N203-11,São Paulo,3550308,True,,35081,,,-23.539125499999997,-46.632905,,,,2,2023-06-15T08:05:09+00:00
SAO_N306-11,São Paulo,3550308,True,,35108,,,-23.53455425,-46.45399675,,,,2,2023-06-15T08:05:28+00:00
SAO_253F-10,São Paulo,3550308,True,EMTU,158,https://moovitapp.com/index/pt-br/transporte_p%C3%BAblico-line-158-Sao_Paulo-242-2038937-36419303-0,7.45,-23.5185795,-46.475586,,,,1,2023-06-15T08:05:23+00:00
SAO_253F-10,São Paulo,3550308,True,EMTU,158,https://moovitapp.com/index/pt-br/transporte_p%C3%BAblico-line-158-Sao_Paulo-242-2038937-36419303-0,7.45,-23.5185795,-46.475586,,,,1,2023-06-15T08:05:09+00:00
SAO_253F-10,São Paulo,3550308,True,EMTU,158,https://moovitapp.com/index/pt-br/transporte_p%C3%BAblico-line-158-Sao_Paulo-242-2038937-36419303-0,7.45,-23.5185795,-46.475586,,,,1,2023-06-15T08:04:46+00:00
SAO_4709-10,São Paulo,3550308,True,,33101,,,-23.5894755,-46.633868,,,,2,2023-06-15T08:05:32+00:00
SAO_4709-10,São Paulo,3550308,True,,33101,,,-23.5894755,-46.633868,,,,2,2023-06-15T08:04:13+00:00
SAO_4709-10,São Paulo,3550308,True,,33101,,,-23.5894755,-46.633868,,,,2,2023-06-15T08:04:46+00:00
SAO_4709-10,São Paulo,3550308,True,,33101,,,-23.5894755,-46.633868,,,,2,2023-06-15T08:04:50+00:00
SAO_4709-10,São Paulo,3550308,True,,33101,,,-23.5894755,-46.633868,,,,2,2023-06-15T08:04:54+00:00
SAO_4709-10,São Paulo,3550308,True,,33101,,,-23.5894755,-46.633868,,,,2,2023-06-15T08:05:26+00:00
SAO_N308-11,São Paulo,3550308,True,,35110,,,-23.53434775,-46.544651,,,,2,2023-06-15T08:05:17+00:00
SAO_478P-10,São Paulo,3550308,True,EMTU,349,https://moovitapp.com/index/pt-br/transporte_p%C3%BAblico-line-349-Sao_Paulo-242-2038937-36419432-0,5.1,-23.6276725,-46.60063425,,,,1,2023-06-15T08:05:21+00:00
SAO_775N-10,São Paulo,3550308,True,,474,,,-23.5510456875,-46.740044062500004,,,,1,2023-06-15T08:04:59+00:00
SAO_8700-10,São Paulo,3550308,True,,1877,,,-23.6304685,-46.773606,,,,1,2023-06-15T08:04:51+00:00
SAO_8700-10,São Paulo,3550308,True,,1877,,,-23.6304685,-46.773606,,,,1,2023-06-15T08:05:28+00:00
SAO_8700-10,São Paulo,3550308,True,,1877,,,-23.6304685,-46.773606,,,,1,2023-06-15T08:05:16+00:00
SAO_8700-10,São Paulo,3550308,True,,1877,,,-23.6304685,-46.773606,,,,1,2023-06-15T08:05:22+00:00
SAO_8700-10,São Paulo,3550308,True,,1877,,,-23.6304685,-46.773606,,,,1,2023-06-15T08:05:10+00:00
SAO_2721-10,São Paulo,3550308,True,,33702,,,-23.519786,-46.409297,,,,2,2023-06-15T07:59:09+00:00
SAO_N507-11,São Paulo,3550308,True,,35149,,,-23.5038795,-46.614502,,,,2,2023-06-15T08:05:05+00:00
SAO_N507-11,São Paulo,3550308,True,,35149,,,-23.5848315,-46.5815725,,,,2,2023-06-15T08:05:20+00:00
SAO_9002-10,São Paulo,3550308,True,,870,,,-23.4579405,-46.6705775,,,,1,2023-06-15T08:05:32+00:00
SAO_9002-10,São Paulo,3550308,True,,870,,,-23.4579405,-46.6705775,,,,1,2023-06-15T08:05:24+00:00
SAO_3738-10,São Paulo,3550308,True,,1038,,,-23.5630765,-46.394354,,,,1,2023-06-15T08:05:13+00:00
SAO_3738-10,São Paulo,3550308,True,,1038,,,-23.5630765,-46.394354,,,,1,2023-06-15T08:04:49+00:00
SAO_273G-10,São Paulo,3550308,True,EMTU,223,https://moovitapp.com/index/pt-br/transporte_p%C3%BAblico-line-223-Sao_Paulo-242-2038937-36419342-0,5.2,-23.526138,-46.4747285,,,,1,2023-06-15T08:05:15+00:00
SAO_6L01-10,São Paulo,3550308,True,,33939,,,-23.90679,-46.708217000000005,,,,2,2023-06-15T08:05:14+00:00
SAO_6L01-10,São Paulo,3550308,True,,33939,,,-23.90679,-46.708217000000005,,,,2,2023-06-15T08:05:11+00:00
SAO_6L01-10,São Paulo,3550308,True,,33939,,,-23.90679,-46.708217000000005,,,,2,2023-06-15T08:05:05+00:00
SAO_6L01-10,São Paulo,3550308,True,,33939,,,-23.90679,-46.708217000000005,,,,2,2023-06-15T08:04:53+00:00
SAO_6L01-10,São Paulo,3550308,True,,33939,,,-23.90679,-46.708217000000005,,,,2,2023-06-15T08:05:25+00:00
SAO_6L01-10,São Paulo,3550308,True,,33939,,,-23.90679,-46.708217000000005,,,,2,2023-06-15T08:05:03+00:00
SAO_6L01-10,São Paulo,3550308,True,,33939,,,-23.90679,-46.708217000000005,,,,2,2023-06-15T08:05:24+00:00
SAO_6L01-10,São Paulo,3550308,True,,33939,,,-23.90679,-46.708217000000005,,,,2,2023-06-15T08:04:58+00:00
SAO_6L01-10,São Paulo,3550308,True,,33939,,,-23.843864,-46.7435405,,,,2,2023-06-15T08:04:47+00:00
SAO_6L01-10,São Paulo,3550308,True,,33939,,,-23.90679,-46.708217000000005,,,,2,2023-06-15T08:05:21+00:00
SAO_6L01-10,São Paulo,3550308,True,,33939,,,-23.90679,-46.708217000000005,,,,2,2023-06-15T08:05:28+00:00
SAO_N838-11,São Paulo,3550308,True,,2437,,,-23.536587,-46.7093645,,,,1,2023-06-15T08:05:09+00:00
SAO_7049-10,São Paulo,3550308,True,,34680,,,-23.7110865,-46.779285,,,,2,2023-06-15T08:04:55+00:00
SAO_7049-10,São Paulo,3550308,True,,34680,,,-23.7110865,-46.779285,,,,2,2023-06-15T08:05:14+00:00
SAO_7049-10,São Paulo,3550308,True,,34680,,,-23.711143749999998,-46.778219750000005,,,,2,2023-06-15T08:05:25+00:00
SAO_7049-10,São Paulo,3550308,True,,34680,,,-23.71138725,-46.77812725,,,,2,2023-06-15T08:05:26+00:00
SAO_7049-10,São Paulo,3550308,True,,34680,,,-23.711193,-46.7794885,,,,2,2023-06-15T08:05:00+00:00
SAO_7049-10,São Paulo,3550308,True,,34680,,,-23.7116535,-46.777972,,,,2,2023-06-15T08:04:59+00:00
SAO_7049-10,São Paulo,3550308,True,,34680,,,-23.7115665,-46.7780305,,,,2,2023-06-15T08:05:07+00:00
SAO_7049-10,São Paulo,3550308,True,,34680,,,-23.7108825,-46.7787665,,,,2,2023-06-15T08:05:02+00:00
SAO_7049-10,São Paulo,3550308,True,,34680,,,-23.71138725,-46.77812725,,,,2,2023-06-15T08:04:59+00:00
SAO_748A-10,São Paulo,3550308,True,EMTU,498,https://moovitapp.com/index/pt-br/transporte_p%C3%BAblico-line-498-Sao_Paulo-242-2038937-36419523-0,5.4,-23.550664437500004,-46.739648312499995,,,,1,2023-06-15T08:05:19+00:00
SAO_748A-10,São Paulo,3550308,True,EMTU,498,https://moovitapp.com/index/pt-br/transporte_p%C3%BAblico-line-498-Sao_Paulo-242-2038937-36419523-0,5.4,-23.550664437500004,-46.739648312499995,,,,1,2023-06-15T08:05:15+00:00
SAO_N206-11,São Paulo,3550308,True,,35084,,,-23.5386295,-46.6908085,,,,2,2023-06-15T08:04:59+00:00
SAO_N206-11,São Paulo,3550308,True,,35084,,,-23.503141499999998,-46.623794000000004,,,,2,2023-06-15T08:05:29+00:00
SAO_6037-10,São Paulo,3550308,True,,1215,,,-23.6493575,-46.7848365,,,,1,2023-06-15T08:05:22+00:00
SAO_6037-10,São Paulo,3550308,True,,1215,,,-23.6493575,-46.7848365,,,,1,2023-06-15T08:05:18+00:00
SAO_6037-10,São Paulo,3550308,True,,1215,,,-23.6493575,-46.7848365,,,,1,2023-06-15T08:05:11+00:00
SAO_6037-10,São Paulo,3550308,True,,1215,,,-23.6493575,-46.7848365,,,,1,2023-06-15T08:05:10+00:00
SAO_N402-11,São Paulo,3550308,True,,35126,,,-23.56121675,-46.511927625,,,,2,2023-06-15T08:05:12+00:00
SAO_N736-11,São Paulo,3550308,True,,2417,,,-23.694651,-46.779804999999996,,,,1,2023-06-15T08:04:57+00:00
SAO_N601-11,São Paulo,3550308,True,,35160,,,-23.5468745,-46.630641499999996,,,,2,2023-06-15T08:05:14+00:00
SAO_N601-11,São Paulo,3550308,True,,35160,,,-23.539365500000002,-46.6338595,,,,2,2023-06-15T08:05:28+00:00
SAO_2060-10,São Paulo,3550308,True,,32902,,,-23.52357875,-46.47400075,,,,2,2023-06-15T08:05:30+00:00
SAO_7062-10,São Paulo,3550308,True,,1898,,,-23.645773,-46.771611500000006,,,,1,2023-06-15T08:05:30+00:00
SAO_7055-10,São Paulo,3550308,True,,34656,,,-23.631028999999998,-46.7731495,,,,2,2023-06-15T08:05:08+00:00
SAO_6051-31,São Paulo,3550308,True,,34374,,,-23.7621455,-46.689133,,,,2,2023-06-15T08:05:10+00:00
SAO_6051-31,São Paulo,3550308,True,,34374,,,-23.7621455,-46.689133,,,,2,2023-06-15T08:05:15+00:00
SAO_5757-51,São Paulo,3550308,True,,1976,,,-23.7079895,-46.641386499999996,,,,1,2023-06-15T08:04:40+00:00
SAO_5757-51,São Paulo,3550308,True,,1976,,,-23.7079895,-46.641386499999996,,,,1,2023-06-15T08:04:50+00:00
SAO_8015-10,São Paulo,3550308,True,,34113,,,-23.4773705,-46.7145365,,,,2,2023-06-15T08:04:52+00:00
SAO_N307-11,São Paulo,3550308,True,,2341,,,-23.5657815,-46.7010925,,,,1,2023-06-15T08:05:16+00:00
SAO_N307-11,São Paulo,3550308,True,,2341,,,-23.5393845,-46.633106,,,,1,2023-06-15T08:05:04+00:00
SAO_675M-10,São Paulo,3550308,True,,32876,,,-23.64675425,-46.645568,,,,2,2023-06-15T08:05:17+00:00
SAO_675M-10,São Paulo,3550308,True,,32876,,,-23.720467499999998,-46.676809000000006,,,,2,2023-06-15T08:04:26+00:00
SAO_N703-11,São Paulo,3550308,True,,2408,,,-23.6754795,-46.756198,,,,1,2023-06-15T08:05:23+00:00
SAO_4312-10,São Paulo,3550308,True,,2172,,,-23.5428375,-46.587731000000005,,,,1,2023-06-15T08:05:19+00:00
SAO_N742-11,São Paulo,3550308,True,,35191,,,-23.5862645,-46.6976215,,,,2,2023-06-15T08:05:22+00:00
SAO_7054-10,São Paulo,3550308,True,,41,,,-23.6517055,-46.7906215,,,,1,2023-06-15T08:05:24+00:00
SAO_7054-10,São Paulo,3550308,True,,41,,,-23.6517055,-46.7906215,,,,1,2023-06-15T08:05:33+00:00
SAO_7054-10,São Paulo,3550308,True,,41,,,-23.6517055,-46.7906215,,,,1,2023-06-15T08:05:28+00:00
SAO_5300-10,São Paulo,3550308,True,EMTU,354,https://moovitapp.com/index/pt-br/transporte_p%C3%BAblico-line-354-Sao_Paulo-242-2038937-36419437-0,7.55,-23.654195,-46.711744499999995,,,,1,2023-06-15T08:05:29+00:00
SAO_5300-10,São Paulo,3550308,True,EMTU,354,https://moovitapp.com/index/pt-br/transporte_p%C3%BAblico-line-354-Sao_Paulo-242-2038937-36419437-0,7.55,-23.654195,-46.711744499999995,,,,1,2023-06-15T08:05:14+00:00
SAO_5300-10,São Paulo,3550308,True,EMTU,354,https://moovitapp.com/index/pt-br/transporte_p%C3%BAblico-line-354-Sao_Paulo-242-2038937-36419437-0,7.55,-23.654195,-46.711744499999995,,,,1,2023-06-15T08:05:00+00:00
SAO_8319-21,São Paulo,3550308,True,,34475,,,-23.54837,-46.7591325,,,,2,2023-06-15T08:05:27+00:00
SAO_N704-11,São Paulo,3550308,True,,35177,,,-23.64531,-46.7130375,,,,2,2023-06-15T08:05:16+00:00
SAO_8001-10,São Paulo,3550308,False,,1251,,,-23.512871500000003,-46.7425715,,,,1,2023-06-15T08:03:11+00:00
SAO_N132-11,São Paulo,3550308,True,,2288,,,-23.487007,-46.726683,,,,1,2023-06-15T08:05:30+00:00
SAO_7062-31,São Paulo,3550308,True,,34682,,,-23.6463475,-46.7730035,,,,2,2023-06-15T08:05:06+00:00
SAO_7062-31,São Paulo,3550308,True,,34682,,,-23.6463475,-46.7730035,,,,2,2023-06-15T08:04:52+00:00
SAO_N536-11,São Paulo,3550308,True,,35156,,,-23.5927355,-46.499061499999996,,,,2,2023-06-15T08:05:28+00:00
SAO_3002-10,São Paulo,3550308,True,,1808,,,-23.508796,-46.3806565,,,,1,2023-06-15T08:05:31+00:00
SAO_3002-10,São Paulo,3550308,True,,1808,,,-23.510468,-46.378808,,,,1,2023-06-15T08:05:28+00:00
SAO_6000-10,São Paulo,3550308,True,,33908,,,-23.82751025,-46.731438999999995,,,,2,2023-06-15T08:05:01+00:00
SAO_6000-10,São Paulo,3550308,True,,33908,,,-23.67370725,-46.712368999999995,,,,2,2023-06-15T08:05:04+00:00
SAO_390E-41,São Paulo,3550308,True,,35301,,,-23.54085775,-46.57623325,,,,2,2023-06-15T08:05:10+00:00
SAO_7052-10,São Paulo,3550308,True,,34654,,,-23.6525575,-46.773193,,,,2,2023-06-15T08:05:19+00:00
SAO_4003-10,São Paulo,3550308,True,,2159,,,-23.572851,-46.399499000000006,,,,1,2023-06-15T08:05:31+00:00
SAO_N436-11,São Paulo,3550308,True,,2369,,,-23.5871455,-46.4065265,,,,1,2023-06-15T08:03:02+00:00
SAO_637R-10,São Paulo,3550308,True,EMTU,196,https://moovitapp.com/index/pt-br/transporte_p%C3%BAblico-line-196-Sao_Paulo-242-2038937-36419323-0,4.85,-23.7179085,-46.768158,,,,1,2023-06-15T08:05:00+00:00
SAO_N633-11,São Paulo,3550308,True,,2398,,,-23.64061425,-46.652763,,,,1,2023-06-15T08:05:27+00:00
SAO_N840-11,São Paulo,3550308,True,,2439,,,-23.569618749999997,-46.643865250000005,,,,1,2023-06-15T08:05:22+00:00
SAO_2723-10,São Paulo,3550308,True,,937,,,-23.487495,-46.463618999999994,,,,1,2023-06-15T08:05:26+00:00
SAO_2723-10,São Paulo,3550308,True,,937,,,-23.487495,-46.463618999999994,,,,1,2023-06-15T08:05:20+00:00
SAO_N740-11,São Paulo,3550308,True,,35189,,,-23.690812,-46.77459,,,,2,2023-06-15T08:01:37+00:00
SAO_637R-10,São Paulo,3550308,True,,32964,,,-23.7021595,-46.782621,,,,2,2023-06-15T08:05:06+00:00
SAO_N634-11,São Paulo,3550308,True,,2399,,,-23.6813985,-46.642247,,,,1,2023-06-15T08:02:46+00:00
SAO_9011-21,São Paulo,3550308,True,,1768,,,-23.4547945,-46.738510500000004,,,,1,2023-06-15T08:05:09+00:00
SAO_9011-21,São Paulo,3550308,True,,1768,,,-23.4547945,-46.738510500000004,,,,1,2023-06-15T08:05:04+00:00
SAO_9011-21,São Paulo,3550308,True,,1768,,,-23.4547945,-46.738510500000004,,,,1,2023-06-15T08:05:10+00:00
SAO_9011-21,São Paulo,3550308,True,,1768,,,-23.4547945,-46.738510500000004,,,,1,2023-06-15T07:55:42+00:00
SAO_9011-21,São Paulo,3550308,True,,1768,,,-23.4547945,-46.738510500000004,,,,1,2023-06-15T08:04:31+00:00
SAO_9011-21,São Paulo,3550308,True,,1768,,,-23.4547945,-46.738510500000004,,,,1,2023-06-15T08:00:02+00:00
SAO_9011-21,São Paulo,3550308,True,,1768,,,-23.4547945,-46.738510500000004,,,,1,2023-06-15T08:02:44+00:00
SAO_675X-10,São Paulo,3550308,True,EMTU,111,https://moovitapp.com/index/pt-br/transporte_p%C3%BAblico-line-111-Sao_Paulo-242-2038937-36419271-0,5.1,-23.737689500000002,-46.697986,,,,1,2023-06-15T08:05:13+00:00
SAO_8022-10,São Paulo,3550308,True,,2085,,,-23.571047999999998,-46.709179,,,,1,2023-06-15T08:03:24+00:00
SAO_N304-11,São Paulo,3550308,True,,35106,,,-23.518178,-46.54903,,,,2,2023-06-15T08:05:02+00:00
SAO_6052-10,São Paulo,3550308,True,,1144,,,-23.7692035,-46.715246500000006,,,,1,2023-06-15T08:05:03+00:00
SAO_N640-11,São Paulo,3550308,True,,35173,,,-23.702686,-46.6449055,,,,2,2023-06-15T08:05:05+00:00
SAO_5127-10,São Paulo,3550308,True,,1127,,,-23.7015515,-46.640887,,,,1,2023-06-15T08:05:08+00:00
SAO_5127-10,São Paulo,3550308,True,,1127,,,-23.7015515,-46.640887,,,,1,2023-06-15T08:04:57+00:00
SAO_7051-10,São Paulo,3550308,True,,34653,,,-23.655096,-46.7838845,,,,2,2023-06-15T08:04:59+00:00
SAO_3539-10,São Paulo,3550308,True,,748,,,-23.579624,-46.442716625,,,,1,2023-06-15T08:05:04+00:00
SAO_N401-11,São Paulo,3550308,True,,2357,,,-23.5721435,-46.535728187500006,,,,1,2023-06-15T08:05:30+00:00
SAO_7059-10,São Paulo,3550308,True,,1924,,,-23.654117499999998,-46.776975,,,,1,2023-06-15T08:04:59+00:00
SAO_7059-10,São Paulo,3550308,True,,1924,,,-23.65279,-46.778128499999994,,,,1,2023-06-15T08:05:14+00:00
SAO_5038-10,São Paulo,3550308,True,,1661,,,-23.65083,-46.6142375,,,,1,2023-06-15T08:04:43+00:00
SAO_5038-10,São Paulo,3550308,True,,1661,,,-23.65083,-46.6142375,,,,1,2023-06-15T08:04:58+00:00
SAO_2704-10,São Paulo,3550308,True,,916,,,-23.5198535,-46.41966,,,,1,2023-06-15T08:04:52+00:00
SAO_2704-10,São Paulo,3550308,True,,916,,,-23.5198535,-46.41966,,,,1,2023-06-15T08:05:11+00:00
SAO_2704-10,São Paulo,3550308,True,,916,,,-23.5198535,-46.41966,,,,1,2023-06-15T08:05:06+00:00
SAO_N731-11,São Paulo,3550308,True,,2412,,,-23.6443575,-46.748858,,,,1,2023-06-15T08:04:52+00:00
SAO_8705-10,São Paulo,3550308,True,,2072,,,-23.5471285,-46.76075,,,,1,2023-06-15T08:01:38+00:00
SAO_8705-10,São Paulo,3550308,True,,2072,,,-23.5478735,-46.760012,,,,1,2023-06-15T08:05:09+00:00
SAO_3735-41,São Paulo,3550308,True,,1920,,,-23.540658999999998,-46.4851245,,,,1,2023-06-15T08:05:18+00:00
SAO_3735-41,São Paulo,3550308,True,,1920,,,-23.5497695,-46.4928965,,,,1,2023-06-15T08:05:31+00:00
SAO_6045-21,São Paulo,3550308,True,,2164,,,-23.6943805,-46.793962,,,,1,2023-06-15T08:05:33+00:00
SAO_6045-21,São Paulo,3550308,True,,2164,,,-23.6943805,-46.793962,,,,1,2023-06-15T08:05:32+00:00
SAO_6045-21,São Paulo,3550308,True,,2164,,,-23.694253,-46.793887,,,,1,2023-06-15T08:04:54+00:00
SAO_6045-21,São Paulo,3550308,True,,2164,,,-23.6945095,-46.7940355,,,,1,2023-06-15T08:05:05+00:00
SAO_6072-23,São Paulo,3550308,True,,2004,,,-23.767591,-46.7163045,,,,1,2023-06-15T08:05:32+00:00
SAO_6072-23,São Paulo,3550308,True,,2004,,,-23.767591,-46.7163045,,,,1,2023-06-15T08:05:28+00:00
SAO_N632-11,São Paulo,3550308,True,,2397,,,-23.7290225,-46.6987865,,,,1,2023-06-15T08:05:30+00:00
SAO_778R-10,São Paulo,3550308,True,,33277,,,-23.5715485,-46.6960225,,,,2,2023-06-15T08:05:20+00:00
SAO_N306-11,São Paulo,3550308,True,,2340,,,-23.4918055,-46.444323,,,,1,2023-06-15T08:05:06+00:00
SAO_695X-22,São Paulo,3550308,True,,1621,,,-23.7669475,-46.7164815,,,,1,2023-06-15T08:05:10+00:00
SAO_695X-22,São Paulo,3550308,True,,1621,,,-23.7662805,-46.717397500000004,,,,1,2023-06-15T08:04:47+00:00
SAO_2732-10,São Paulo,3550308,True,,33715,,,-23.529743,-46.45955,,,,2,2023-06-15T08:05:02+00:00
SAO_7057-10,São Paulo,3550308,True,,1897,,,-23.649582000000002,-46.784457,,,,1,2023-06-15T08:05:20+00:00
SAO_6075-10,São Paulo,3550308,True,,33930,,,-23.797689499999997,-46.7382825,,,,2,2023-06-15T08:05:21+00:00
SAO_6075-10,São Paulo,3550308,True,,33930,,,-23.797689499999997,-46.7382825,,,,2,2023-06-15T08:05:21+00:00
SAO_6075-10,São Paulo,3550308,True,,33930,,,-23.797689499999997,-46.7382825,,,,2,2023-06-15T08:04:51+00:00
SAO_6075-10,São Paulo,3550308,True,,33930,,,-23.797689499999997,-46.7382825,,,,2,2023-06-15T08:05:10+00:00
SAO_6075-10,São Paulo,3550308,True,,33930,,,-23.797689499999997,-46.7382825,,,,2,2023-06-15T08:05:20+00:00
SAO_6075-10,São Paulo,3550308,True,,33930,,,-23.797689499999997,-46.7382825,,,,2,2023-06-15T08:04:55+00:00
SAO_N405-11,São Paulo,3550308,True,,35129,,,-23.551243499999998,-46.463754249999994,,,,2,2023-06-15T08:05:05+00:00
SAO_N302-11,São Paulo,3550308,True,,2336,,,-23.491568,-46.4786615,,,,1,2023-06-15T08:05:25+00:00
SAO_N302-11,São Paulo,3550308,True,,2336,,,-23.535942,-46.633655000000005,,,,1,2023-06-15T08:04:53+00:00
SAO_N302-11,São Paulo,3550308,True,,2336,,,-23.5084185,-46.4777116875,,,,1,2023-06-15T08:05:22+00:00
SAO_N143-11,São Paulo,3550308,True,,2299,,,-23.523042250000003,-46.65956725,,,,1,2023-06-15T08:05:24+00:00
SAO_3721-41,São Paulo,3550308,True,,1693,,,-23.5609155,-46.491575999999995,,,,1,2023-06-15T08:04:53+00:00
SAO_N202-11,São Paulo,3550308,True,,35080,,,-23.56378975,-46.6878945,,,,2,2023-06-15T08:05:00+00:00
SAO_RNOT-11,São Paulo,3550308,True,,35078,,,-23.688353,-46.6344405,,,,2,2023-06-15T08:05:08+00:00
SAO_N802-11,São Paulo,3550308,True,,2429,,,-23.5464,-46.630947500000005,,,,1,2023-06-15T08:05:19+00:00
SAO_N802-11,São Paulo,3550308,True,,2429,,,-23.566103499999997,-46.7018865,,,,1,2023-06-15T08:04:53+00:00
SAO_5012-10,São Paulo,3550308,True,,1116,,,-23.7097155,-46.6354455,,,,1,2023-06-15T08:04:51+00:00
SAO_372F-10,São Paulo,3550308,True,,33783,,,-23.552103000000002,-46.598889,,,,2,2023-06-15T08:05:26+00:00
SAO_372F-10,São Paulo,3550308,True,,33783,,,-23.552103000000002,-46.598889,,,,2,2023-06-15T08:05:12+00:00
SAO_372F-10,São Paulo,3550308,True,,33783,,,-23.552103000000002,-46.598889,,,,2,2023-06-15T08:05:05+00:00
SAO_3789-10,São Paulo,3550308,True,,1067,,,-23.611982,-46.3961475,,,,1,2023-06-15T08:05:11+00:00
SAO_3789-10,São Paulo,3550308,True,,1067,,,-23.611982,-46.3961475,,,,1,2023-06-15T08:05:20+00:00
SAO_745M-21,São Paulo,3550308,True,,1984,,,-23.636881,-46.7787685,,,,1,2023-06-15T08:04:51+00:00
SAO_N735-11,São Paulo,3550308,True,,2416,,,-23.662211749999997,-46.763528750000006,,,,1,2023-06-15T08:04:53+00:00
SAO_6L10-10,São Paulo,3550308,True,,1159,,,-23.767440999999998,-46.716431,,,,1,2023-06-15T08:05:01+00:00
SAO_6L10-10,São Paulo,3550308,True,,1159,,,-23.767440999999998,-46.716431,,,,1,2023-06-15T08:05:25+00:00
SAO_6L10-10,São Paulo,3550308,True,,1159,,,-23.767440999999998,-46.716431,,,,1,2023-06-15T08:04:58+00:00
SAO_6L10-10,São Paulo,3550308,True,,1159,,,-23.767440999999998,-46.716431,,,,1,2023-06-15T08:04:57+00:00
SAO_273G-10,São Paulo,3550308,True,,32991,,,-23.5260655,-46.47463125,,,,2,2023-06-15T08:05:06+00:00
SAO_N507-11,São Paulo,3550308,True,,2381,,,-23.583302,-46.574507,,,,1,2023-06-15T08:04:58+00:00
SAO_7545-10,São Paulo,3550308,True,,33272,,,-23.574123999999998,-46.715177,,,,2,2023-06-15T08:05:18+00:00
SAO_6035-21,São Paulo,3550308,True,,1795,,,-23.720715499999997,-46.755851,,,,1,2023-06-15T08:05:15+00:00
SAO_5107-10,São Paulo,3550308,True,,1659,,,-23.602987,-46.603027499999996,,,,1,2023-06-15T08:05:11+00:00
SAO_5107-10,São Paulo,3550308,True,,1659,,,-23.6034085,-46.6026285,,,,1,2023-06-15T08:04:58+00:00
SAO_3785-10,São Paulo,3550308,True,,33831,,,-23.56210475,-46.4461535,,,,2,2023-06-15T08:05:22+00:00
SAO_3785-10,São Paulo,3550308,True,,33831,,,-23.56210475,-46.4461535,,,,2,2023-06-15T08:04:51+00:00
SAO_3785-10,São Paulo,3550308,True,,33831,,,-23.591703000000003,-46.3941935,,,,2,2023-06-15T08:05:09+00:00
SAO_5119-10,São Paulo,3550308,True,,1,,,-23.65200325,-46.757994,,,,1,2023-06-15T08:05:33+00:00
SAO_9011-10,São Paulo,3550308,True,,33646,,,-23.47494,-46.67014399999999,,,,2,2023-06-15T08:05:04+00:00
SAO_9011-10,São Paulo,3550308,True,,33646,,,-23.47494,-46.67014399999999,,,,2,2023-06-15T08:03:20+00:00
SAO_9011-10,São Paulo,3550308,True,,33646,,,-23.4397915,-46.708363500000004,,,,2,2023-06-15T08:05:09+00:00
SAO_N205-11,São Paulo,3550308,True,,2315,,,-23.4816705,-46.6731425,,,,1,2023-06-15T08:05:04+00:00
SAO_715M-10,São Paulo,3550308,True,,33258,,,-23.5658985,-46.681169499999996,,,,2,2023-06-15T08:05:33+00:00
SAO_715M-10,São Paulo,3550308,True,,33258,,,-23.57310825,-46.724657625,,,,2,2023-06-15T08:05:31+00:00
SAO_4113-10,São Paulo,3550308,True,,768,,,-23.5715055,-46.62430475,,,,1,2023-06-15T08:05:19+00:00
SAO_707A-10,São Paulo,3550308,True,,34758,,,-23.692423,-46.7776975,,,,2,2023-06-15T08:05:04+00:00
SAO_707A-10,São Paulo,3550308,True,,34758,,,-23.692423,-46.7776975,,,,2,2023-06-15T08:04:49+00:00
SAO_N305-11,São Paulo,3550308,True,,2339,,,-23.50280425,-46.4289905,,,,1,2023-06-15T08:05:07+00:00
SAO_6045-21,São Paulo,3550308,True,,34932,,,-23.693972,-46.7937245,,,,2,2023-06-15T08:02:54+00:00
SAO_N343-11,São Paulo,3550308,True,,2355,,,-23.520328499999998,-46.46152325,,,,1,2023-06-15T08:04:51+00:00
SAO_N801-11,São Paulo,3550308,True,,35196,,,-23.570433,-46.689798249999996,,,,2,2023-06-15T08:05:18+00:00
SAO_6072-10,São Paulo,3550308,True,,1588,,,-23.7665845,-46.7163125,,,,1,2023-06-15T08:05:14+00:00
SAO_6072-10,São Paulo,3550308,True,,1588,,,-23.7665845,-46.7163125,,,,1,2023-06-15T08:04:56+00:00
SAO_N733-11,São Paulo,3550308,True,,2414,,,-23.6922445,-46.7772405,,,,1,2023-06-15T08:05:21+00:00
SAO_N705-11,São Paulo,3550308,True,,35178,,,-23.651937500000003,-46.72569,,,,2,2023-06-15T08:05:27+00:00
SAO_N705-11,São Paulo,3550308,True,,35178,,,-23.566554,-46.701409999999996,,,,2,2023-06-15T08:04:52+00:00
SAO_3732-10,São Paulo,3550308,True,,1029,,,-23.554565500000002,-46.439924500000004,,,,1,2023-06-15T08:05:09+00:00
SAO_N342-11,São Paulo,3550308,True,,2354,,,-23.5195085,-46.539124,,,,1,2023-06-15T08:04:54+00:00
SAO_N334-11,São Paulo,3550308,True,,35114,,,-23.51775,-46.4757475,,,,2,2023-06-15T08:05:26+00:00
SAO_477A-10,São Paulo,3550308,True,,33114,,,-23.593619875,-46.60109,,,,2,2023-06-15T08:05:24+00:00
SAO_477A-10,São Paulo,3550308,True,,33114,,,-23.5805475,-46.6851035,,,,2,2023-06-15T08:05:18+00:00
SAO_6200-10,São Paulo,3550308,True,,33123,,,-23.655067000000003,-46.716173125,,,,2,2023-06-15T08:05:28+00:00
SAO_N704-11,São Paulo,3550308,True,,2409,,,-23.64998475,-46.755840000000006,,,,1,2023-06-15T08:05:27+00:00
SAO_3736-10,São Paulo,3550308,True,,33804,,,-23.5761605,-46.48341425,,,,2,2023-06-15T08:05:17+00:00
SAO_3736-10,São Paulo,3550308,True,,33804,,,-23.5761605,-46.48341425,,,,2,2023-06-15T08:04:53+00:00
SAO_6812-10,São Paulo,3550308,True,,1242,,,-23.71889675,-46.78474375,,,,1,2023-06-15T08:05:03+00:00
SAO_675M-10,São Paulo,3550308,True,ETT,108,https://moovitapp.com/index/pt-br/transporte_p%C3%BAblico-line-108-Sao_Paulo-242-876373-496510-0,5.3,-23.646586749999997,-46.645936000000006,,,,1,2023-06-15T08:05:02+00:00
SAO_675M-10,São Paulo,3550308,True,ETT,108,https://moovitapp.com/index/pt-br/transporte_p%C3%BAblico-line-108-Sao_Paulo-242-876373-496510-0,5.3,-23.646229499999997,-46.646701500000006,,,,1,2023-06-15T08:04:48+00:00
SAO_172U-10,São Paulo,3550308,True,,860,,,-23.438595499999998,-46.581321,,,,1,2023-06-15T08:05:07+00:00
SAO_677Y-10,São Paulo,3550308,True,,1240,,,-23.6836685,-46.7890555,,,,1,2023-06-15T08:05:08+00:00
SAO_1177-31,São Paulo,3550308,True,,1831,,,-23.520169000000003,-46.47580281249999,,,,1,2023-06-15T08:05:30+00:00
SAO_N337-11,São Paulo,3550308,True,,2349,,,-23.496357,-46.418149,,,,1,2023-06-15T08:05:30+00:00
SAO_938V-10,São Paulo,3550308,True,STT,813,https://moovitapp.com/index/pt-br/transporte_p%C3%BAblico-line-813-Sao_Paulo-242-850661-183360-0,5.3,-23.452962,-46.684575499999994,,,,1,2023-06-15T08:05:04+00:00
SAO_6072-10,São Paulo,3550308,True,,34356,,,-23.8274015,-46.69739250000001,,,,2,2023-06-15T08:05:06+00:00
SAO_6072-10,São Paulo,3550308,True,,34356,,,-23.8274015,-46.69739250000001,,,,2,2023-06-15T08:04:55+00:00
SAO_6072-10,São Paulo,3550308,True,,34356,,,-23.8274015,-46.69739250000001,,,,2,2023-06-15T08:05:19+00:00
SAO_6072-10,São Paulo,3550308,True,,34356,,,-23.8274015,-46.69739250000001,,,,2,2023-06-15T08:05:21+00:00
SAO_6072-10,São Paulo,3550308,True,,34356,,,-23.7665845,-46.7163125,,,,2,2023-06-15T08:05:21+00:00
SAO_6L01-10,São Paulo,3550308,True,,1171,,,-23.814852124999998,-46.735271125000004,,,,1,2023-06-15T08:05:23+00:00
SAO_3735-10,São Paulo,3550308,True,,1035,,,-23.545997749999998,-46.5014535,,,,1,2023-06-15T08:05:27+00:00
SAO_3741-10,São Paulo,3550308,True,,1041,,,-23.551269625,-46.450650375,,,,1,2023-06-15T08:05:03+00:00
SAO_N431-11,São Paulo,3550308,True,,2364,,,-23.61086775,-46.463986250000005,,,,1,2023-06-15T08:05:19+00:00
SAO_N240-11,São Paulo,3550308,True,,35097,,,-23.438669,-46.591389500000005,,,,2,2023-06-15T08:02:38+00:00
SAO_N403-11,São Paulo,3550308,True,,35127,,,-23.537559,-46.45379225000001,,,,2,2023-06-15T08:05:24+00:00
SAO_7062-10,São Paulo,3550308,True,,34666,,,-23.646199000000003,-46.772373,,,,2,2023-06-15T08:05:32+00:00
SAO_7062-10,São Paulo,3550308,True,,34666,,,-23.646576,-46.7724735,,,,2,2023-06-15T08:05:01+00:00
SAO_7062-10,São Paulo,3550308,True,,34666,,,-23.646132,-46.7723025,,,,2,2023-06-15T08:04:49+00:00
SAO_971C-10,São Paulo,3550308,True,,571,,,-23.438619,-46.7086675,,,,1,2023-06-15T08:05:30+00:00
SAO_6000-10,São Paulo,3550308,True,,1140,,,-23.781652,-46.725950999999995,,,,1,2023-06-15T08:04:57+00:00
SAO_N437-11,São Paulo,3550308,True,,2370,,,-23.552346,-46.406394,,,,1,2023-06-15T08:04:47+00:00
SAO_4718-10,São Paulo,3550308,True,EMTU,336,https://moovitapp.com/index/pt-br/transporte_p%C3%BAblico-line-336-Sao_Paulo-242-2038937-36419421-0,4.8,-23.651166500000002,-46.6143845,,,,1,2023-06-15T08:05:22+00:00
SAO_3728-41,São Paulo,3550308,True,,1988,,,-23.5607995,-46.483093,,,,1,2023-06-15T08:05:26+00:00
SAO_5105-10,São Paulo,3550308,True,,1651,,,-23.602994000000002,-46.602816000000004,,,,1,2023-06-15T08:04:55+00:00
SAO_5105-10,São Paulo,3550308,True,,1651,,,-23.603084250000002,-46.60265125,,,,1,2023-06-15T08:05:00+00:00
SAO_5105-10,São Paulo,3550308,True,,1651,,,-23.603226749999997,-46.60239175,,,,1,2023-06-15T08:05:18+00:00
SAO_N336-11,São Paulo,3550308,True,,2348,,,-23.498422750000003,-46.4329605,,,,1,2023-06-15T08:05:09+00:00
SAO_7017-10,São Paulo,3550308,True,,2502,,,-23.6931665,-46.791157,,,,1,2023-06-15T08:04:53+00:00
SAO_7017-10,São Paulo,3550308,True,,2502,,,-23.693067,-46.7912135,,,,1,2023-06-15T08:05:28+00:00
SAO_6052-31,São Paulo,3550308,True,,34600,,,-23.775509999999997,-46.691679,,,,2,2023-06-15T08:04:49+00:00
SAO_6052-31,São Paulo,3550308,True,,34600,,,-23.775509999999997,-46.691679,,,,2,2023-06-15T08:05:23+00:00
SAO_8015-10,São Paulo,3550308,True,,1345,,,-23.393544,-46.7419,,,,1,2023-06-15T08:05:04+00:00
SAO_2766-10,São Paulo,3550308,True,EMTU,405,https://moovitapp.com/index/pt-br/transporte_p%C3%BAblico-line-405-Sao_Paulo-242-2038937-36419467-0,5.35,-23.51798475,-46.3882325,,,,1,2023-06-15T08:05:15+00:00
SAO_3010-10,São Paulo,3550308,True,,2543,,,-23.518321,-46.475637,,,,1,2023-06-15T06:22:29+00:00
SAO_N137-11,São Paulo,3550308,True,,2293,,,-23.466617499999998,-46.7241045,,,,1,2023-06-15T08:05:09+00:00
SAO_3301-10,São Paulo,3550308,True,,1618,,,-23.491511000000003,-46.435198,,,,1,2023-06-15T08:05:23+00:00
SAO_N102-11,São Paulo,3550308,True,,35051,,,-23.5214275,-46.698573499999995,,,,2,2023-06-15T08:05:24+00:00
SAO_4709-10,São Paulo,3550308,True,,333,,,-23.653377,-46.6069295,,,,1,2023-06-15T08:04:55+00:00
SAO_4709-10,São Paulo,3550308,True,,333,,,-23.653377,-46.6069295,,,,1,2023-06-15T08:05:29+00:00
SAO_4033-10,São Paulo,3550308,True,,1103,,,-23.6033415,-46.542424,,,,1,2023-06-15T08:05:15+00:00
SAO_4033-10,São Paulo,3550308,True,,1103,,,-23.6033415,-46.542424,,,,1,2023-06-15T08:05:09+00:00
SAO_4742-10,São Paulo,3550308,True,EMTU,342,https://moovitapp.com/index/pt-br/transporte_p%C3%BAblico-line-342-Sao_Paulo-242-2038937-36419426-0,7.55,-23.650012,-46.6139055,,,,1,2023-06-15T08:04:49+00:00
SAO_273D-10,São Paulo,3550308,True,,32990,,,-23.525419875,-46.474753125,,,,2,2023-06-15T08:04:58+00:00
SAO_273D-10,São Paulo,3550308,True,,32990,,,-23.5260655,-46.47463125,,,,2,2023-06-15T08:05:00+00:00
SAO_3006-10,São Paulo,3550308,True,,34633,,,-23.542018,-46.415611,,,,2,2023-06-15T08:04:54+00:00
SAO_748A-41,São Paulo,3550308,True,EMTU,499,https://moovitapp.com/index/pt-br/transporte_p%C3%BAblico-line-499-Sao_Paulo-242-2038937-36419524-0,5.4,-23.5510456875,-46.740044062500004,,,,1,2023-06-15T08:05:30+00:00
SAO_N843-11,São Paulo,3550308,True,,35210,,,-23.643165,-46.7629805,,,,2,2023-06-15T08:04:50+00:00
SAO_N538-11,São Paulo,3550308,True,,2390,,,-23.60586825,-46.61622125,,,,1,2023-06-15T08:05:26+00:00
SAO_N407-11,São Paulo,3550308,True,,35131,,,-23.5427715,-46.584158375,,,,2,2023-06-15T08:05:24+00:00
SAO_N307-11,São Paulo,3550308,True,,35109,,,-23.558281125,-46.6603935,,,,2,2023-06-15T08:05:29+00:00
SAO_373L-10,São Paulo,3550308,True,,1027,,,-23.615178999999998,-46.423012,,,,1,2023-06-15T08:05:32+00:00
SAO_373L-10,São Paulo,3550308,True,,1027,,,-23.614715500000003,-46.423099,,,,1,2023-06-15T08:05:02+00:00
SAO_373L-10,São Paulo,3550308,True,,1027,,,-23.614715500000003,-46.423099,,,,1,2023-06-15T08:05:05+00:00
SAO_373L-10,São Paulo,3550308,True,,1027,,,-23.6149385,-46.4230495,,,,1,2023-06-15T08:04:50+00:00
SAO_3712-10,São Paulo,3550308,True,,33777,,,-23.550471,-46.425623,,,,2,2023-06-15T08:05:12+00:00
SAO_N140-11,São Paulo,3550308,True,,2296,,,-23.4831475,-46.722691,,,,1,2023-06-15T08:05:06+00:00
SAO_8013-41,São Paulo,3550308,True,,34779,,,-23.4345535,-46.809734,,,,2,2023-06-15T08:05:18+00:00
SAO_6L05-10,São Paulo,3550308,True,,33941,,,-23.858961375,-46.692935500000004,,,,2,2023-06-15T08:04:00+00:00
SAO_2727-10,São Paulo,3550308,True,,33710,,,-23.521929,-46.4574135,,,,2,2023-06-15T08:05:22+00:00
SAO_2727-10,São Paulo,3550308,True,,33710,,,-23.521929,-46.4574135,,,,2,2023-06-15T08:05:11+00:00
SAO_2727-10,São Paulo,3550308,True,,33710,,,-23.521929,-46.4574135,,,,2,2023-06-15T08:04:20+00:00
SAO_2727-10,São Paulo,3550308,True,,33710,,,-23.521929,-46.4574135,,,,2,2023-06-15T08:05:23+00:00
SAO_N639-11,São Paulo,3550308,True,,2404,,,-23.810993,-46.736776500000005,,,,1,2023-06-15T08:05:32+00:00
SAO_N403-11,São Paulo,3550308,True,,2359,,,-23.57796875,-46.415870749999996,,,,1,2023-06-15T08:05:29+00:00
SAO_917H-10,São Paulo,3550308,True,,33224,,,-23.4979465,-46.7462575,,,,2,2023-06-15T08:05:20+00:00
SAO_917H-10,São Paulo,3550308,True,,33224,,,-23.49881275,-46.746212,,,,2,2023-06-15T08:04:11+00:00
SAO_917H-10,São Paulo,3550308,False,,33224,,,-23.4975835,-46.74621575,,,,2,2023-06-15T08:04:58+00:00
SAO_N244-11,São Paulo,3550308,True,,2333,,,-23.4751065,-46.592967,,,,1,2023-06-15T08:05:08+00:00
SAO_7053-22,São Paulo,3550308,True,,34664,,,-23.630629,-46.773914500000004,,,,2,2023-06-15T08:05:20+00:00
SAO_7053-22,São Paulo,3550308,True,,34664,,,-23.642704000000002,-46.786391249999994,,,,2,2023-06-15T08:05:10+00:00
SAO_N344-11,São Paulo,3550308,True,,2356,,,-23.5148905,-46.535956999999996,,,,1,2023-06-15T08:05:21+00:00
SAO_2201-10,São Paulo,3550308,True,,909,,,-23.533308999999996,-46.394459999999995,,,,1,2023-06-15T08:05:29+00:00
SAO_2201-10,São Paulo,3550308,True,,909,,,-23.5324795,-46.3946915,,,,1,2023-06-15T08:05:10+00:00
SAO_2201-10,São Paulo,3550308,True,,909,,,-23.5324795,-46.3946915,,,,1,2023-06-15T08:03:40+00:00
SAO_N236-11,São Paulo,3550308,True,,2325,,,-23.4749325,-46.631187999999995,,,,1,2023-06-15T08:05:32+00:00
SAO_2028-10,São Paulo,3550308,True,,35031,,,-23.434618999999998,-46.571697,,,,2,2023-06-15T08:05:19+00:00
SAO_5164-41,São Paulo,3550308,True,,34385,,,-23.6462925,-46.6451105,,,,2,2023-06-15T08:05:27+00:00
SAO_N406-11,São Paulo,3550308,True,,2362,,,-23.583056749999997,-46.415069,,,,1,2023-06-15T08:04:33+00:00
SAO_N702-11,São Paulo,3550308,True,,2407,,,-23.621646749999996,-46.679124,,,,1,2023-06-15T08:05:04+00:00
SAO_N702-11,São Paulo,3550308,True,,2407,,,-23.5468745,-46.630641499999996,,,,1,2023-06-15T08:05:12+00:00
SAO_5154-10,São Paulo,3550308,True,EMTU,353,https://moovitapp.com/index/pt-br/transporte_p%C3%BAblico-line-353-Sao_Paulo-242-2038937-36419436-0,5.1,-23.654157,-46.710629,,,,1,2023-06-15T08:05:26+00:00
SAO_4021-10,São Paulo,3550308,True,,2548,,,-23.561562000000002,-46.446068749999995,,,,1,2023-06-15T08:05:27+00:00
SAO_4021-10,São Paulo,3550308,True,,2548,,,-23.561562000000002,-46.446068749999995,,,,1,2023-06-15T08:05:26+00:00
SAO_N603-11,São Paulo,3550308,True,,35162,,,-23.577223,-46.687030500000006,,,,2,2023-06-15T08:04:53+00:00
SAO_N231-11,São Paulo,3550308,True,,2320,,,-23.47501225,-46.665508,,,,1,2023-06-15T08:04:51+00:00
SAO_6047-10,São Paulo,3550308,True,,33992,,,-23.6686135,-46.763913,,,,2,2023-06-15T08:05:25+00:00
SAO_6047-10,São Paulo,3550308,True,,33992,,,-23.668464,-46.7637515,,,,2,2023-06-15T08:05:10+00:00
SAO_7005-51,São Paulo,3550308,True,,1999,,,-23.718654,-46.7846245,,,,1,2023-06-15T08:05:10+00:00
SAO_N401-11,São Paulo,3550308,True,,35125,,,-23.552260875,-46.616056875,,,,2,2023-06-15T08:05:30+00:00
SAO_N501-11,São Paulo,3550308,True,,35143,,,-23.56378,-46.611681000000004,,,,2,2023-06-15T08:05:22+00:00
SAO_N501-11,São Paulo,3550308,True,,35143,,,-23.6149045,-46.501684999999995,,,,2,2023-06-15T08:05:23+00:00
SAO_N504-11,São Paulo,3550308,True,,35146,,,-23.541868625,-46.616257250000004,,,,2,2023-06-15T08:05:02+00:00
SAO_N136-11,São Paulo,3550308,True,,35060,,,-23.465624,-46.7779985,,,,2,2023-06-15T08:05:08+00:00
SAO_N335-11,São Paulo,3550308,True,,2347,,,-23.502458625000003,-46.534803124999996,,,,1,2023-06-15T08:05:21+00:00
SAO_N701-11,São Paulo,3550308,True,,35174,,,-23.572604125,-46.665361125,,,,2,2023-06-15T08:05:34+00:00
SAO_N636-11,São Paulo,3550308,True,,35169,,,-23.768808999999997,-46.676252500000004,,,,2,2023-06-15T08:05:16+00:00
SAO_372F-10,São Paulo,3550308,True,,1015,,,-23.546568,-46.605794,,,,1,2023-06-15T08:05:02+00:00
SAO_2712-10,São Paulo,3550308,True,,926,,,-23.5407195,-46.482772499999996,,,,1,2023-06-15T08:04:48+00:00
SAO_N637-11,São Paulo,3550308,True,,2402,,,-23.651781999999997,-46.6480595,,,,1,2023-06-15T08:04:58+00:00
SAO_N434-11,São Paulo,3550308,True,,2367,,,-23.5715205,-46.527112,,,,1,2023-06-15T08:04:48+00:00
SAO_809T-10,São Paulo,3550308,True,,2246,,,-23.5510456875,-46.740044062500004,,,,1,2023-06-15T08:05:29+00:00
SAO_N235-11,São Paulo,3550308,True,,2324,,,-23.494509,-46.6272795,,,,1,2023-06-15T08:03:32+00:00
SAO_N533-11,São Paulo,3550308,True,,2385,,,-23.58914475,-46.5855595,,,,1,2023-06-15T08:05:01+00:00
SAO_7053-21,São Paulo,3550308,True,,34663,,,-23.642354750000003,-46.78591075,,,,2,2023-06-15T08:04:55+00:00
SAO_7053-21,São Paulo,3550308,True,,34663,,,-23.642522,-46.786126499999995,,,,2,2023-06-15T08:04:29+00:00
SAO_677A-10,São Paulo,3550308,True,,34007,,,-23.689751,-46.773829500000005,,,,2,2023-06-15T08:05:20+00:00
SAO_3686-10,São Paulo,3550308,True,,32934,,,-23.559947,-46.4038685,,,,2,2023-06-15T08:05:08+00:00
SAO_6073-10,São Paulo,3550308,True,,1160,,,-23.767210499999997,-46.7163985,,,,1,2023-06-15T08:05:24+00:00
SAO_N205-11,São Paulo,3550308,True,,35083,,,-23.560564000000003,-46.68250950000001,,,,2,2023-06-15T08:05:09+00:00
SAO_N103-11,São Paulo,3550308,True,,35052,,,-23.507175500000002,-46.7117955,,,,2,2023-06-15T08:05:28+00:00
SAO_5164-10,São Paulo,3550308,True,,34051,,,-23.645426,-46.645011499999995,,,,2,2023-06-15T08:05:29+00:00
SAO_5164-10,São Paulo,3550308,True,,34051,,,-23.646105499999997,-46.6450805,,,,2,2023-06-15T08:04:52+00:00
SAO_390E-42,São Paulo,3550308,True,,35302,,,-23.5431585,-46.588505999999995,,,,2,2023-06-15T08:05:00+00:00
SAO_N745-11,São Paulo,3550308,True,,2426,,,-23.6559205,-46.776455,,,,1,2023-06-15T08:05:13+00:00
SAO_N134-11,São Paulo,3550308,True,,2290,,,-23.471014,-46.675726,,,,1,2023-06-15T08:05:29+00:00
SAO_9023-10,São Paulo,3550308,True,,34205,,,-23.419748,-46.7164855,,,,2,2023-06-15T08:05:24+00:00
SAO_9023-10,São Paulo,3550308,True,,34205,,,-23.486517,-46.7267185,,,,2,2023-06-15T08:05:25+00:00
SAO_N842-11,São Paulo,3550308,True,,35209,,,-23.59157475,-46.79993725,,,,2,2023-06-15T08:04:52+00:00
SAO_N105-11,São Paulo,3550308,True,,2286,,,-23.492459500000002,-46.685497,,,,1,2023-06-15T08:05:29+00:00
SAO_N638-11,São Paulo,3550308,True,,2403,,,-23.740730499999998,-46.707061499999995,,,,1,2023-06-15T08:05:25+00:00
SAO_675P-10,São Paulo,3550308,True,STT,275,https://moovitapp.com/index/pt-br/transporte_p%C3%BAblico-line-275-Sao_Paulo-242-850661-183275-0,5.3,-23.6468385,-46.645112,,,,1,2023-06-15T08:05:19+00:00
SAO_675P-10,São Paulo,3550308,True,STT,275,https://moovitapp.com/index/pt-br/transporte_p%C3%BAblico-line-275-Sao_Paulo-242-850661-183275-0,5.3,-23.6468385,-46.645112,,,,1,2023-06-15T08:04:47+00:00
SAO_N141-11,São Paulo,3550308,True,,2297,,,-23.4710155,-46.677455,,,,1,2023-06-15T08:04:48+00:00
SAO_N201-11,São Paulo,3550308,True,,35079,,,-23.5467995,-46.623562875000005,,,,2,2023-06-15T08:05:03+00:00
SAO_N701-11,São Paulo,3550308,True,,2406,,,-23.654395,-46.7121185,,,,1,2023-06-15T08:05:09+00:00
SAO_N701-11,São Paulo,3550308,True,,2406,,,-23.551519499999998,-46.6324345,,,,1,2023-06-15T08:04:50+00:00
SAO_N405-11,São Paulo,3550308,True,,2361,,,-23.550438,-46.5109905,,,,1,2023-06-15T08:05:33+00:00
SAO_1017-10,São Paulo,3550308,True,,34909,,,-23.413738000000002,-46.750985,,,,2,2023-06-15T08:05:18+00:00
SAO_2756-10,São Paulo,3550308,True,EMTU,238,https://moovitapp.com/index/pt-br/transporte_p%C3%BAblico-line-238-Sao_Paulo-242-2038937-36419351-0,4.85,-23.544459500000002,-46.390429999999995,,,,1,2023-06-15T08:05:14+00:00
SAO_6063-43,São Paulo,3550308,True,,35248,,,-23.8149625,-46.669669,,,,2,2023-06-15T08:05:17+00:00
SAO_N139-11,São Paulo,3550308,True,,2295,,,-23.4841335,-46.7226335,,,,1,2023-06-15T08:05:31+00:00
SAO_N635-11,São Paulo,3550308,True,,35168,,,-23.7541925,-46.680156749999995,,,,2,2023-06-15T08:05:16+00:00
SAO_4051-10,São Paulo,3550308,True,,2144,,,-23.561616,-46.401831,,,,1,2023-06-15T08:05:16+00:00
SAO_4051-10,São Paulo,3550308,True,,2144,,,-23.561616,-46.401831,,,,1,2023-06-15T08:05:04+00:00
SAO_N232-11,São Paulo,3550308,True,,2321,,,-23.48244625,-46.58923675,,,,1,2023-06-15T08:05:06+00:00
SAO_N201-11,São Paulo,3550308,True,,2311,,,-23.4811315,-46.5952465,,,,1,2023-06-15T08:05:31+00:00
SAO_5033-10,São Paulo,3550308,True,,34433,,,-23.600778624999997,-46.609487375,,,,2,2023-06-15T08:05:28+00:00
SAO_N233-11,São Paulo,3550308,True,,2322,,,-23.51374825,-46.6249465,,,,1,2023-06-15T08:04:49+00:00
SAO_2719-10,São Paulo,3550308,True,,932,,,-23.5292065,-46.527839,,,,1,2023-06-15T08:04:56+00:00
SAO_N339-11,São Paulo,3550308,True,,2351,,,-23.54373,-46.460348499999995,,,,1,2023-06-15T08:05:26+00:00
SAO_N833-11,São Paulo,3550308,True,,2432,,,-23.5585145,-46.6987315,,,,1,2023-06-15T08:05:12+00:00
SAO_N501-11,São Paulo,3550308,True,,2375,,,-23.612826,-46.48907749999999,,,,1,2023-06-15T08:05:16+00:00
SAO_745M-10,São Paulo,3550308,True,,782,,,-23.6371005,-46.779114500000006,,,,1,2023-06-15T08:05:15+00:00
SAO_2721-10,São Paulo,3550308,True,,934,,,-23.5193225,-46.409525,,,,1,2023-06-15T08:05:10+00:00
SAO_TREI-10,São Paulo,3550308,True,,35257,,,-23.649334,-46.6137015,,,,2,2023-06-15T08:05:22+00:00
SAO_N836-11,São Paulo,3550308,True,,35203,,,-23.563243,-46.746315499999994,,,,2,2023-06-15T08:00:40+00:00
SAO_6L07-10,São Paulo,3550308,True,,34313,,,-23.8313465,-46.711774500000004,,,,2,2023-06-15T08:05:23+00:00
SAO_N537-11,São Paulo,3550308,True,,2389,,,-23.573017749999998,-46.62284425,,,,1,2023-06-15T08:05:24+00:00
SAO_7013-10,São Paulo,3550308,True,,775,,,-23.63772075,-46.7569125,,,,1,2023-06-15T08:05:25+00:00
SAO_909T-1,São Paulo,3550308,True,,35280,,,-23.56555875,-46.7010795,,,,2,2023-06-15T08:05:11+00:00
SAO_5614-10,São Paulo,3550308,True,,34283,,,-23.6435335,-46.6731445,,,,2,2023-06-15T08:05:17+00:00
SAO_3459-23,São Paulo,3550308,True,EMTU,404,https://moovitapp.com/index/pt-br/transporte_p%C3%BAblico-line-404-Sao_Paulo-242-2038937-36419466-0,5.2,-23.5165205,-46.385602000000006,,,,1,2023-06-15T08:05:26+00:00
SAO_N242-11,São Paulo,3550308,True,,35099,,,-23.46196475,-46.60291125,,,,2,2023-06-15T08:05:00+00:00
SAO_709M-10,São Paulo,3550308,True,,2462,,,-23.654158,-46.710677000000004,,,,1,2023-06-15T08:04:54+00:00
SAO_6063-10,São Paulo,3550308,True,,1152,,,-23.786613,-46.684677,,,,1,2023-06-15T08:05:13+00:00
SAO_1177-10,São Paulo,3550308,True,,129,,,-23.518318999999998,-46.4758545,,,,1,2023-06-15T08:05:24+00:00
SAO_809N-10,São Paulo,3550308,True,,2244,,,-23.55123175,-46.740238250000004,,,,1,2023-06-15T08:04:55+00:00
SAO_N404-11,São Paulo,3550308,True,,35128,,,-23.529283,-46.5540615,,,,2,2023-06-15T08:05:09+00:00
SAO_N142-11,São Paulo,3550308,True,,2298,,,-23.501797500000002,-46.709062,,,,1,2023-06-15T08:05:25+00:00
SAO_4008-21,São Paulo,3550308,True,,2527,,,-23.570242375,-46.435932125,,,,1,2023-06-15T08:02:56+00:00
SAO_N209-11,São Paulo,3550308,True,,35087,,,-23.500229625,-46.63319625,,,,2,2023-06-15T08:05:25+00:00
SAO_6046-10,São Paulo,3550308,True,,33991,,,-23.683948,-46.7815925,,,,2,2023-06-15T08:05:15+00:00
SAO_3735-10,São Paulo,3550308,True,,33803,,,-23.545488,-46.5007065,,,,2,2023-06-15T08:05:09+00:00
SAO_N407-11,São Paulo,3550308,True,,2363,,,-23.550654,-46.522548,,,,1,2023-06-15T08:05:20+00:00
SAO_N831-11,São Paulo,3550308,True,,35198,,,-23.524339,-46.71955225,,,,2,2023-06-15T08:04:46+00:00
SAO_677Y-10,São Paulo,3550308,True,,34008,,,-23.6939725,-46.7947725,,,,2,2023-06-15T08:04:54+00:00
SAO_477A-10,São Paulo,3550308,True,EMTU,346,https://moovitapp.com/index/pt-br/transporte_p%C3%BAblico-line-346-Sao_Paulo-242-2038937-36419429-0,6.3,-23.603278500000002,-46.6036455,,,,1,2023-06-15T08:05:12+00:00
SAO_307C-10,São Paulo,3550308,True,,34882,,,-23.518417,-46.386925,,,,2,2023-06-15T08:05:31+00:00
SAO_N203-11,São Paulo,3550308,True,,2313,,,-23.482781875,-46.606584624999996,,,,1,2023-06-15T08:02:13+00:00
SAO_6041-10,São Paulo,3550308,True,,1218,,,-23.690493500000002,-46.780443,,,,1,2023-06-15T08:05:30+00:00
SAO_4033-10,São Paulo,3550308,True,,33871,,,-23.603224,-46.542550750000004,,,,2,2023-06-15T08:05:17+00:00
SAO_6012-10,São Paulo,3550308,True,,1204,,,-23.686436999999998,-46.7873475,,,,1,2023-06-15T08:05:19+00:00
SAO_N842-11,São Paulo,3550308,True,,2441,,,-23.572367,-46.7087345,,,,1,2023-06-15T08:05:25+00:00
SAO_N601-11,São Paulo,3550308,True,,2392,,,-23.596224,-46.65046425,,,,1,2023-06-15T08:05:06+00:00
SAO_342N-10,São Paulo,3550308,True,,33771,,,-23.5629515,-46.3946025,,,,2,2023-06-15T08:04:51+00:00
SAO_5034-10,São Paulo,3550308,True,,1663,,,-23.653462500000003,-46.6025525,,,,1,2023-06-15T08:05:30+00:00
SAO_5705-10,São Paulo,3550308,True,,1657,,,-23.60347625,-46.6025595,,,,1,2023-06-15T08:04:53+00:00
SAO_748R-10,São Paulo,3550308,True,EMTU,501,https://moovitapp.com/index/pt-br/transporte_p%C3%BAblico-line-501-Sao_Paulo-242-2038937-36419526-0,7.55,-23.5510456875,-46.740044062500004,,,,1,2023-06-15T08:05:31+00:00
SAO_5025-10,São Paulo,3550308,True,,1564,,,-23.6033415,-46.542424,,,,1,2023-06-15T08:04:50+00:00
SAO_5025-10,São Paulo,3550308,True,,1564,,,-23.609332000000002,-46.541878999999994,,,,1,2023-06-15T08:05:30+00:00
SAO_8050-31,São Paulo,3550308,True,EMTU,415,https://moovitapp.com/index/pt-br/transporte_p%C3%BAblico-line-415-Sao_Paulo-242-2038937-36419472-0,5.0,-23.477670250000003,-46.77050975,,,,1,2023-06-15T08:05:32+00:00
SAO_809H-10,São Paulo,3550308,True,,2245,,,-23.549901937500003,-46.7388568125,,,,1,2023-06-15T08:05:34+00:00
SAO_N402-11,São Paulo,3550308,True,,2358,,,-23.55677875,-46.46531625,,,,1,2023-06-15T08:05:13+00:00
SAO_4053-10,São Paulo,3550308,True,,2146,,,-23.553314,-46.394014999999996,,,,1,2023-06-15T08:05:16+00:00
SAO_637P-10,São Paulo,3550308,True,,32815,,,-23.566628,-46.701685499999996,,,,2,2023-06-15T08:03:12+00:00
SAO_477P-10,São Paulo,3550308,True,,33116,,,-23.616033875000003,-46.649355875,,,,2,2023-06-15T08:05:23+00:00
SAO_9011-21,São Paulo,3550308,True,,34536,,,-23.446984,-46.7225025,,,,2,2023-06-15T08:05:11+00:00
SAO_807A-10,São Paulo,3550308,True,,34668,,,-23.6485525,-46.7557915,,,,2,2023-06-15T08:05:08+00:00
SAO_6063-41,São Paulo,3550308,True,,1773,,,-23.766788,-46.716197,,,,1,2023-06-15T08:05:00+00:00
SAO_N843-11,São Paulo,3550308,True,,2442,,,-23.659761125,-46.773871,,,,1,2023-06-15T08:05:21+00:00
SAO_177H-10,São Paulo,3550308,True,,630,,,-23.502436,-46.624016499999996,,,,1,2023-06-15T08:04:31+00:00
SAO_637A-22,São Paulo,3550308,True,,34370,,,-23.689751,-46.773829500000005,,,,2,2023-06-15T08:04:11+00:00
SAO_N746-11,São Paulo,3550308,True,,2427,,,-23.6314365,-46.772255,,,,1,2023-06-15T08:04:52+00:00
SAO_7550-10,São Paulo,3550308,True,,34861,,,-23.654528,-46.7141635,,,,2,2023-06-15T08:05:05+00:00
SAO_675A-10,São Paulo,3550308,True,,34086,,,-23.663214250000003,-46.75625625,,,,2,2023-06-15T08:05:17+00:00
SAO_8022-10,São Paulo,3550308,True,,34853,,,-23.5680135,-46.740213,,,,2,2023-06-15T08:05:19+00:00
SAO_4314-10,São Paulo,3550308,True,,34942,,,-23.573559000000003,-46.3988215,,,,2,2023-06-15T08:05:05+00:00
SAO_3462-10,São Paulo,3550308,True,EMTU,247,https://moovitapp.com/index/pt-br/transporte_p%C3%BAblico-line-247-Sao_Paulo-242-2038937-36419359-0,6.55,-23.524883375,-46.474853625,,,,1,2023-06-15T08:05:11+00:00
SAO_3027-10,São Paulo,3550308,True,,963,,,-23.5431935,-46.4152505,,,,1,2023-06-15T08:05:10+00:00
SAO_N602-11,São Paulo,3550308,True,,2393,,,-23.717249000000002,-46.7042995,,,,1,2023-06-15T08:05:24+00:00
SAO_N703-11,São Paulo,3550308,True,,35176,,,-23.6657155,-46.712301499999995,,,,2,2023-06-15T08:05:23+00:00
SAO_N534-11,São Paulo,3550308,True,,2386,,,-23.5985955,-46.60525774999999,,,,1,2023-06-15T08:02:14+00:00
SAO_N239-11,São Paulo,3550308,True,,2328,,,-23.463224500000003,-46.595334,,,,1,2023-06-15T08:05:15+00:00
SAO_3008-10,São Paulo,3550308,True,,2515,,,-23.522628,-46.396638,,,,1,2023-06-15T08:04:52+00:00
SAO_273D-10,São Paulo,3550308,True,,222,,,-23.519168999999998,-46.4722015,,,,1,2023-06-15T08:05:26+00:00
SAO_7725-10,São Paulo,3550308,True,,33240,,,-23.520208500000003,-46.699785000000006,,,,2,2023-06-15T08:05:13+00:00
SAO_N404-11,São Paulo,3550308,True,,2360,,,-23.606188250000002,-46.4794665,,,,1,2023-06-15T08:05:02+00:00
SAO_N202-11,São Paulo,3550308,True,,2312,,,-23.5066305,-46.64553825,,,,1,2023-06-15T08:05:28+00:00
SAO_N207-11,São Paulo,3550308,True,,35085,,,-23.541065500000002,-46.638581,,,,2,2023-06-15T08:05:21+00:00
SAO_2704-10,São Paulo,3550308,True,,33684,,,-23.5421205,-46.471834,,,,2,2023-06-15T08:04:45+00:00
SAO_N332-11,São Paulo,3550308,True,,2344,,,-23.527476375,-46.483532124999996,,,,1,2023-06-15T08:05:20+00:00
SAO_2202-10,São Paulo,3550308,True,Urubupungá,910,https://moovitapp.com/index/pt-br/transporte_p%C3%BAblico-line-910-Sao_Paulo-242-873835-496471-0,4.6,-23.5332815,-46.399273,,,,1,2023-06-15T08:03:57+00:00
SAO_N243-11,São Paulo,3550308,True,,2332,,,-23.503802,-46.614819499999996,,,,1,2023-06-15T08:05:23+00:00
SAO_N441-11,São Paulo,3550308,True,,2374,,,-23.564255125000003,-46.412163125,,,,1,2023-06-15T08:05:00+00:00
SAO_2708-10,São Paulo,3550308,True,,33689,,,-23.542091999999997,-46.471656499999995,,,,2,2023-06-15T08:05:32+00:00
SAO_N237-11,São Paulo,3550308,True,,2326,,,-23.481473,-46.601962625,,,,1,2023-06-15T08:05:32+00:00
SAO_N503-11,São Paulo,3550308,True,,2377,,,-23.612538,-46.488481,,,,1,2023-06-15T08:05:18+00:00
SAO_1178-33,São Paulo,3550308,True,,34778,,,-23.50354575,-46.432316,,,,2,2023-06-15T08:03:56+00:00
SAO_2726-10,São Paulo,3550308,True,Urubupungá,940,https://moovitapp.com/index/pt-br/transporte_p%C3%BAblico-line-940-Sao_Paulo-242-873835-496474-0,4.6,-23.5151515,-46.468877500000005,,,,1,2023-06-15T08:04:49+00:00
SAO_3051-10,São Paulo,3550308,True,,2446,,,-23.515029499999997,-46.468916500000006,,,,1,2023-06-15T08:05:27+00:00
SAO_407K-10,São Paulo,3550308,True,,34936,,,-23.535746,-46.5482115,,,,2,2023-06-15T08:04:51+00:00
SAO_6042-21,São Paulo,3550308,True,,1775,,,-23.674391999999997,-46.769508,,,,1,2023-06-15T08:04:53+00:00
SAO_N135-11,São Paulo,3550308,True,,2291,,,-23.48087975,-46.724658000000005,,,,1,2023-06-15T08:05:10+00:00
SAO_6L04-10,São Paulo,3550308,True,,1180,,,-23.843864,-46.7435405,,,,1,2023-06-15T08:05:06+00:00
SAO_N238-11,São Paulo,3550308,True,,35095,,,-23.4629465,-46.6033065,,,,2,2023-06-15T08:04:35+00:00
SAO_8047-10,São Paulo,3550308,True,EMTU,408,https://moovitapp.com/index/pt-br/transporte_p%C3%BAblico-line-408-Sao_Paulo-242-2038937-36419468-0,7.55,-23.5122395,-46.727205999999995,,,,1,2023-06-15T08:04:51+00:00
SAO_7052-10,São Paulo,3550308,True,,1886,,,-23.6529745,-46.773157999999995,,,,1,2023-06-15T08:05:29+00:00
SAO_128Y-10,São Paulo,3550308,True,EMTU,843,https://moovitapp.com/index/pt-br/transporte_p%C3%BAblico-line-843-Sao_Paulo-242-2038937-36419606-0,4.1,-23.4577015,-46.6729265,,,,1,2023-06-15T08:05:24+00:00
SAO_6072-23,São Paulo,3550308,False,,34772,,,-23.7710675,-46.723504750000004,,,,2,2023-06-15T08:04:54+00:00
SAO_6075-10,São Paulo,3550308,False,,1162,,,-23.766939,-46.716361,,,,1,2023-06-15T08:04:53+00:00
SAO_1783-10,São Paulo,3550308,True,,33412,,,-23.5024435,-46.623836,,,,2,2023-06-15T08:04:38+00:00
SAO_6051-31,São Paulo,3550308,True,,1606,,,-23.767480499999998,-46.7162895,,,,1,2023-06-15T08:04:58+00:00
