bus_id,city,city_code,adapted,agency,line_code,line_url,line_fare,latitude,longitude,bus_speed,is_eletric,bus_type,bus_direction,updated_at
SAO_407E-10,São Paulo,3550308,True,,34983,,,-23.614053,-46.4713255,,,,2,2023-06-15T14:12:15+00:00
SAO_407E-10,São Paulo,3550308,True,,34983,,,-23.5354795,-46.548593,,,,2,2023-06-15T14:12:14+00:00
SAO_407E-10,São Paulo,3550308,True,,34983,,,-23.5462455,-46.52838800000001,,,,2,2023-06-15T14:11:35+00:00
SAO_407E-10,São Paulo,3550308,True,,34983,,,-23.628946,-46.445373000000004,,,,2,2023-06-15T14:11:57+00:00
SAO_407E-10,São Paulo,3550308,True,,34983,,,-23.6052355,-46.46888875,,,,2,2023-06-15T14:12:12+00:00
SAO_407E-10,São Paulo,3550308,True,,34983,,,-23.633248000000002,-46.4428945,,,,2,2023-06-15T14:11:56+00:00
SAO_407E-10,São Paulo,3550308,True,,34983,,,-23.581887000000002,-46.491752500000004,,,,2,2023-06-15T14:11:48+00:00
SAO_407E-10,São Paulo,3550308,True,,34983,,,-23.548963999999998,-46.525281,,,,2,2023-06-15T14:11:39+00:00
SAO_407H-10,São Paulo,3550308,True,,2197,,,-23.635949250000003,-46.444776000000005,,,,1,2023-06-15T14:11:44+00:00
SAO_407H-10,São Paulo,3550308,True,,2197,,,-23.599459500000002,-46.4523525,,,,1,2023-06-15T14:11:51+00:00
SAO_407H-10,São Paulo,3550308,True,,2197,,,-23.542684,-46.4693915,,,,1,2023-06-15T14:11:03+00:00
SAO_407H-10,São Paulo,3550308,True,,2197,,,-23.542333999999997,-46.470445999999995,,,,1,2023-06-15T14:03:38+00:00
SAO_407H-10,São Paulo,3550308,True,,2197,,,-23.542684,-46.4693915,,,,1,2023-06-15T14:11:35+00:00
SAO_407H-10,São Paulo,3550308,True,,2197,,,-23.5564955,-46.4652385,,,,1,2023-06-15T14:11:30+00:00
SAO_407H-10,São Paulo,3550308,True,,2197,,,-23.6107935,-46.4536955,,,,1,2023-06-15T14:11:56+00:00
SAO_407H-10,São Paulo,3550308,True,,2197,,,-23.543105,-46.46927075,,,,1,2023-06-15T14:12:00+00:00
SAO_5144-10,São Paulo,3550308,True,,1627,,,-23.55589525,-46.5761605,,,,1,2023-06-15T14:11:48+00:00
SAO_5144-10,São Paulo,3550308,True,,1627,,,-23.598543,-46.5201735,,,,1,2023-06-15T14:11:57+00:00
SAO_5144-10,São Paulo,3550308,True,,1627,,,-23.531574499999998,-46.644588999999996,,,,1,2023-06-15T14:11:48+00:00
SAO_5144-10,São Paulo,3550308,True,,1627,,,-23.614131999999998,-46.501529500000004,,,,1,2023-06-15T14:12:11+00:00
SAO_5144-10,São Paulo,3550308,True,,1627,,,-23.57339175,-46.55935425,,,,1,2023-06-15T14:11:48+00:00
SAO_5144-10,São Paulo,3550308,True,,1627,,,-23.53435325,-46.644056,,,,1,2023-06-15T14:11:52+00:00
SAO_5144-10,São Paulo,3550308,True,,1627,,,-23.56505725,-46.57026075,,,,1,2023-06-15T14:11:41+00:00
SAO_5144-10,São Paulo,3550308,True,,1627,,,-23.53397825,-46.61327825,,,,1,2023-06-15T14:11:46+00:00
SAO_2435-10,São Paulo,3550308,True,,32978,,,-23.526342,-46.553194000000005,,,,2,2023-06-15T14:11:49+00:00
SAO_2435-10,São Paulo,3550308,True,,32978,,,-23.5289775,-46.4795655,,,,2,2023-06-15T14:11:42+00:00
SAO_2435-10,São Paulo,3550308,True,,32978,,,-23.52264075,-46.524238499999996,,,,2,2023-06-15T14:12:16+00:00
SAO_2017-10,São Paulo,3550308,True,,33671,,,-23.500591749999998,-46.41515575,,,,2,2023-06-15T14:12:18+00:00
SAO_2017-10,São Paulo,3550308,True,,33671,,,-23.51941,-46.412808,,,,2,2023-06-15T14:07:34+00:00
SAO_2017-10,São Paulo,3550308,True,,33671,,,-23.519009500000003,-46.412976,,,,2,2023-06-15T14:12:08+00:00
SAO_2017-10,São Paulo,3550308,True,,33671,,,-23.519009500000003,-46.412976,,,,2,2023-06-15T14:09:39+00:00
SAO_702C-10,São Paulo,3550308,True,STT,485,https://moovitapp.com/index/pt-br/transporte_p%C3%BAblico-line-485-Sao_Paulo-242-850661-183324-0,5.3,-23.566764749999997,-46.751576,,,,1,2023-06-15T14:12:08+00:00
SAO_702C-10,São Paulo,3550308,True,STT,485,https://moovitapp.com/index/pt-br/transporte_p%C3%BAblico-line-485-Sao_Paulo-242-850661-183324-0,5.3,-23.543221375,-46.61705175,,,,1,2023-06-15T14:12:06+00:00
SAO_702C-10,São Paulo,3550308,True,STT,485,https://moovitapp.com/index/pt-br/transporte_p%C3%BAblico-line-485-Sao_Paulo-242-850661-183324-0,5.3,-23.5682005,-46.68521025,,,,1,2023-06-15T14:11:53+00:00
SAO_702C-10,São Paulo,3550308,True,STT,485,https://moovitapp.com/index/pt-br/transporte_p%C3%BAblico-line-485-Sao_Paulo-242-850661-183324-0,5.3,-23.578519,-46.726963999999995,,,,1,2023-06-15T14:12:12+00:00
SAO_702C-10,São Paulo,3550308,True,STT,485,https://moovitapp.com/index/pt-br/transporte_p%C3%BAblico-line-485-Sao_Paulo-242-850661-183324-0,5.3,-23.566491375000002,-46.68198112499999,,,,1,2023-06-15T14:12:09+00:00
SAO_702C-10,São Paulo,3550308,True,STT,485,https://moovitapp.com/index/pt-br/transporte_p%C3%BAblico-line-485-Sao_Paulo-242-850661-183324-0,5.3,-23.5605665,-46.671968,,,,1,2023-06-15T14:11:44+00:00
SAO_702C-10,São Paulo,3550308,True,STT,485,https://moovitapp.com/index/pt-br/transporte_p%C3%BAblico-line-485-Sao_Paulo-242-850661-183324-0,5.3,-23.53931525,-46.6086885,,,,1,2023-06-15T14:11:42+00:00
SAO_702C-10,São Paulo,3550308,True,STT,485,https://moovitapp.com/index/pt-br/transporte_p%C3%BAblico-line-485-Sao_Paulo-242-850661-183324-0,5.3,-23.55022025,-46.631459750000005,,,,1,2023-06-15T14:11:47+00:00
SAO_702C-10,São Paulo,3550308,True,STT,485,https://moovitapp.com/index/pt-br/transporte_p%C3%BAblico-line-485-Sao_Paulo-242-850661-183324-0,5.3,-23.5795625,-46.7383815,,,,1,2023-06-15T14:11:56+00:00
SAO_2724-10,São Paulo,3550308,True,,33706,,,-23.5326955,-46.473603499999996,,,,2,2023-06-15T14:12:01+00:00
SAO_2724-10,São Paulo,3550308,True,,33706,,,-23.539782000000002,-46.482977500000004,,,,2,2023-06-15T14:12:06+00:00
SAO_2724-10,São Paulo,3550308,True,,33706,,,-23.539782000000002,-46.482977500000004,,,,2,2023-06-15T14:12:17+00:00
SAO_2724-10,São Paulo,3550308,True,,33706,,,-23.539783999999997,-46.483161,,,,2,2023-06-15T14:12:19+00:00
SAO_2724-10,São Paulo,3550308,True,,33706,,,-23.5343395,-46.473802000000006,,,,2,2023-06-15T14:07:26+00:00
SAO_2724-10,São Paulo,3550308,True,,33706,,,-23.5403095,-46.483497,,,,2,2023-06-15T14:11:38+00:00
SAO_2724-10,São Paulo,3550308,True,,33706,,,-23.52475475,-46.47498425,,,,2,2023-06-15T14:12:20+00:00
SAO_2724-10,São Paulo,3550308,True,,33706,,,-23.52352,-46.4736385,,,,2,2023-06-15T14:11:51+00:00
SAO_2007-10,São Paulo,3550308,True,,896,,,-23.5089325,-46.3735975,,,,1,2023-06-15T14:10:43+00:00
SAO_2007-10,São Paulo,3550308,True,,896,,,-23.499680249999997,-46.393843000000004,,,,1,2023-06-15T14:11:36+00:00
SAO_2007-10,São Paulo,3550308,True,,896,,,-23.494675875,-46.4037335,,,,1,2023-06-15T14:11:05+00:00
SAO_2007-10,São Paulo,3550308,True,,896,,,-23.506936500000002,-46.387080499999996,,,,1,2023-06-15T14:11:41+00:00
SAO_2007-10,São Paulo,3550308,True,,896,,,-23.5068575,-46.38783,,,,1,2023-06-15T14:12:01+00:00
SAO_2007-10,São Paulo,3550308,True,,896,,,-23.508615312499998,-46.368756125000004,,,,1,2023-06-15T14:12:22+00:00
SAO_2007-10,São Paulo,3550308,True,,896,,,-23.494778625000002,-46.4035085,,,,1,2023-06-15T14:11:59+00:00
SAO_707K-10,São Paulo,3550308,True,,35271,,,-23.667625,-46.7351955,,,,2,2023-06-15T14:11:40+00:00
SAO_707K-10,São Paulo,3550308,True,,35271,,,-23.651643,-46.683439500000006,,,,2,2023-06-15T14:12:09+00:00
SAO_707K-10,São Paulo,3550308,True,,35271,,,-23.65286575,-46.6884395,,,,2,2023-06-15T14:12:14+00:00
SAO_707K-10,São Paulo,3550308,True,,35271,,,-23.66730725,-46.72880875,,,,2,2023-06-15T14:12:15+00:00
SAO_707K-10,São Paulo,3550308,True,,35271,,,-23.6483105,-46.662371500000006,,,,2,2023-06-15T14:12:18+00:00
SAO_707K-10,São Paulo,3550308,True,,35271,,,-23.642864,-46.672678000000005,,,,2,2023-06-15T14:11:50+00:00
SAO_707K-10,São Paulo,3550308,True,,35271,,,-23.6435935,-46.6575635,,,,2,2023-06-15T14:11:57+00:00
SAO_707K-10,São Paulo,3550308,True,,35271,,,-23.6687515,-46.735510000000005,,,,2,2023-06-15T14:11:47+00:00
SAO_4286-10,São Paulo,3550308,True,,33094,,,-23.609526,-46.529048,,,,2,2023-06-15T14:11:52+00:00
SAO_4286-10,São Paulo,3550308,True,,33094,,,-23.5865845,-46.585037,,,,2,2023-06-15T14:11:56+00:00
SAO_5630-10,São Paulo,3550308,True,,78,,,-23.5470685,-46.617057,,,,1,2023-06-15T14:12:14+00:00
SAO_5630-10,São Paulo,3550308,True,,78,,,-23.551139999999997,-46.632251499999995,,,,1,2023-06-15T14:12:17+00:00
SAO_5630-10,São Paulo,3550308,True,,78,,,-23.6557755,-46.6797225,,,,1,2023-06-15T14:12:10+00:00
SAO_5630-10,São Paulo,3550308,True,,78,,,-23.7374635,-46.697805,,,,1,2023-06-15T14:12:16+00:00
SAO_5630-10,São Paulo,3550308,True,,78,,,-23.6223755,-46.66169549999999,,,,1,2023-06-15T14:11:45+00:00
SAO_5630-10,São Paulo,3550308,True,,78,,,-23.70004375,-46.701075625,,,,1,2023-06-15T14:10:51+00:00
SAO_5630-10,São Paulo,3550308,True,,78,,,-23.661078500000002,-46.6793775,,,,1,2023-06-15T14:12:15+00:00
SAO_5630-10,São Paulo,3550308,True,,78,,,-23.640317500000002,-46.673701,,,,1,2023-06-15T14:11:58+00:00
SAO_5630-10,São Paulo,3550308,True,,78,,,-23.7374635,-46.697805,,,,1,2023-06-15T14:12:01+00:00
SAO_5630-10,São Paulo,3550308,True,,78,,,-23.6851195,-46.692526,,,,1,2023-06-15T14:11:52+00:00
SAO_5630-10,São Paulo,3550308,True,,78,,,-23.7188675,-46.698658,,,,1,2023-06-15T14:11:48+00:00
SAO_5630-10,São Paulo,3550308,True,,78,,,-23.7374635,-46.697805,,,,1,2023-06-15T14:12:17+00:00
SAO_5630-10,São Paulo,3550308,True,,78,,,-23.607971499999998,-46.6525315,,,,1,2023-06-15T14:12:03+00:00
SAO_5630-10,São Paulo,3550308,True,,78,,,-23.67430325,-46.6781245,,,,1,2023-06-15T14:11:58+00:00
SAO_5630-10,São Paulo,3550308,True,,78,,,-23.5818055,-46.65046125,,,,1,2023-06-15T14:12:07+00:00
SAO_5630-10,São Paulo,3550308,True,,78,,,-23.5973295,-46.650565,,,,1,2023-06-15T14:12:17+00:00
SAO_5630-10,São Paulo,3550308,True,,78,,,-23.5470685,-46.617057,,,,1,2023-06-15T14:12:06+00:00
SAO_5630-10,São Paulo,3550308,True,,78,,,-23.669248250000003,-46.67786825,,,,1,2023-06-15T14:11:50+00:00
SAO_9032-10,São Paulo,3550308,True,,33648,,,-23.46107025,-46.684215,,,,2,2023-06-15T14:12:02+00:00
SAO_9032-10,São Paulo,3550308,True,,33648,,,-23.453497,-46.699073,,,,2,2023-06-15T14:12:08+00:00
SAO_9032-10,São Paulo,3550308,True,,33648,,,-23.473833999999997,-46.669099,,,,2,2023-06-15T14:11:35+00:00
SAO_9032-10,São Paulo,3550308,True,,33648,,,-23.460179,-46.684546,,,,2,2023-06-15T14:12:09+00:00
SAO_9032-10,São Paulo,3550308,True,,33648,,,-23.44631425,-46.692783750000004,,,,2,2023-06-15T14:12:08+00:00
SAO_9032-10,São Paulo,3550308,True,,33648,,,-23.4474405,-46.699856,,,,2,2023-06-15T14:12:06+00:00
SAO_6726-10,São Paulo,3550308,True,,1193,,,-23.7563975,-46.6678165,,,,1,2023-06-15T14:11:38+00:00
SAO_6726-10,São Paulo,3550308,True,,1193,,,-23.736596499999997,-46.6971045,,,,1,2023-06-15T14:12:12+00:00
SAO_6726-10,São Paulo,3550308,True,,1193,,,-23.73467,-46.66268825,,,,1,2023-06-15T14:12:02+00:00
SAO_6726-10,São Paulo,3550308,True,,1193,,,-23.752082,-46.688387500000005,,,,1,2023-06-15T14:12:23+00:00
SAO_6726-10,São Paulo,3550308,True,,1193,,,-23.736596499999997,-46.6971045,,,,1,2023-06-15T14:12:15+00:00
SAO_6726-10,São Paulo,3550308,True,,1193,,,-23.7425605,-46.669598,,,,1,2023-06-15T14:12:17+00:00
SAO_6726-10,São Paulo,3550308,True,,1193,,,-23.736596499999997,-46.6971045,,,,1,2023-06-15T14:12:07+00:00
SAO_6726-10,São Paulo,3550308,True,,1193,,,-23.7386215,-46.6918455,,,,1,2023-06-15T14:11:41+00:00
SAO_6726-10,São Paulo,3550308,True,,1193,,,-23.736596499999997,-46.6971045,,,,1,2023-06-15T14:11:42+00:00
SAO_6726-10,São Paulo,3550308,True,,1193,,,-23.734744,-46.6640005,,,,1,2023-06-15T14:12:22+00:00
SAO_8062-10,São Paulo,3550308,True,,33188,,,-23.516251249999996,-46.74189025,,,,2,2023-06-15T14:11:58+00:00
SAO_118C-10,São Paulo,3550308,True,,33287,,,-23.4754945,-46.638245999999995,,,,2,2023-06-15T14:12:05+00:00
SAO_118C-10,São Paulo,3550308,True,,33287,,,-23.540298,-46.647906000000006,,,,2,2023-06-15T14:12:11+00:00
SAO_118C-10,São Paulo,3550308,True,,33287,,,-23.46381325,-46.66751825,,,,2,2023-06-15T14:12:01+00:00
SAO_118C-10,São Paulo,3550308,True,,33287,,,-23.4578785,-46.6726555,,,,2,2023-06-15T14:10:20+00:00
SAO_118C-10,São Paulo,3550308,True,,33287,,,-23.51374825,-46.6249465,,,,2,2023-06-15T14:12:03+00:00
SAO_118C-10,São Paulo,3550308,True,,33287,,,-23.540298,-46.647906000000006,,,,2,2023-06-15T14:11:36+00:00
SAO_118C-10,São Paulo,3550308,True,,33287,,,-23.531848249999996,-46.63544175,,,,2,2023-06-15T14:12:14+00:00
SAO_118C-10,São Paulo,3550308,True,,33287,,,-23.4967865,-46.627801000000005,,,,2,2023-06-15T14:12:00+00:00
SAO_118C-10,São Paulo,3550308,True,,33287,,,-23.457611,-46.6729625,,,,2,2023-06-15T14:11:43+00:00
SAO_118C-10,São Paulo,3550308,True,,33287,,,-23.50565825,-46.624722750000004,,,,2,2023-06-15T14:12:14+00:00
SAO_2080-10,São Paulo,3550308,True,,371,,,-23.514789999999998,-46.549378,,,,1,2023-06-15T14:11:50+00:00
SAO_2080-10,São Paulo,3550308,True,,371,,,-23.489619750000003,-46.379971499999996,,,,1,2023-06-15T14:11:48+00:00
SAO_2080-10,São Paulo,3550308,True,,371,,,-23.503163999999998,-46.471757,,,,1,2023-06-15T14:12:06+00:00
SAO_2080-10,São Paulo,3550308,True,,371,,,-23.494880000000002,-46.405544,,,,1,2023-06-15T14:12:14+00:00
SAO_2080-10,São Paulo,3550308,True,,371,,,-23.51401575,-46.530933250000004,,,,1,2023-06-15T14:11:51+00:00
SAO_2080-10,São Paulo,3550308,True,,371,,,-23.5288685,-46.554319,,,,1,2023-06-15T14:12:10+00:00
SAO_2080-10,São Paulo,3550308,True,,371,,,-23.492344,-46.4438215,,,,1,2023-06-15T14:12:16+00:00
SAO_709P-10,São Paulo,3550308,True,,1993,,,-23.655801,-46.72428549999999,,,,1,2023-06-15T14:12:01+00:00
SAO_709P-10,São Paulo,3550308,True,,1993,,,-23.624252249999998,-46.704905499999995,,,,1,2023-06-15T14:12:05+00:00
SAO_709P-10,São Paulo,3550308,True,,1993,,,-23.5819665,-46.683908,,,,1,2023-06-15T14:12:19+00:00
SAO_709P-10,São Paulo,3550308,True,,1993,,,-23.5661855,-46.702046499999994,,,,1,2023-06-15T14:12:05+00:00
SAO_971V-10,São Paulo,3550308,True,,33387,,,-23.492537,-46.6724595,,,,2,2023-06-15T14:11:49+00:00
SAO_971V-10,São Paulo,3550308,True,,33387,,,-23.4726725,-46.678486,,,,2,2023-06-15T14:12:02+00:00
SAO_971V-10,São Paulo,3550308,True,,33387,,,-23.50298,-46.642218,,,,2,2023-06-15T14:12:10+00:00
SAO_971V-10,São Paulo,3550308,True,,33387,,,-23.504591625000003,-46.624686374999996,,,,2,2023-06-15T14:12:21+00:00
SAO_971V-10,São Paulo,3550308,True,,33387,,,-23.500196000000003,-46.63084,,,,2,2023-06-15T14:12:14+00:00
SAO_971V-10,São Paulo,3550308,True,,33387,,,-23.4513575,-46.691139,,,,2,2023-06-15T14:11:41+00:00
SAO_4718-10,São Paulo,3550308,True,EMTU,336,https://moovitapp.com/index/pt-br/transporte_p%C3%BAblico-line-336-Sao_Paulo-242-2038937-36419421-0,4.8,-23.604903,-46.6351085,,,,1,2023-06-15T14:11:38+00:00
SAO_4718-10,São Paulo,3550308,True,EMTU,336,https://moovitapp.com/index/pt-br/transporte_p%C3%BAblico-line-336-Sao_Paulo-242-2038937-36419421-0,4.8,-23.6349355,-46.615579499999996,,,,1,2023-06-15T14:11:47+00:00
SAO_6080-10,São Paulo,3550308,True,,1168,,,-23.759653,-46.677741499999996,,,,1,2023-06-15T14:11:49+00:00
SAO_6080-10,São Paulo,3550308,True,,1168,,,-23.7331295,-46.696614,,,,1,2023-06-15T14:12:16+00:00
SAO_6080-10,São Paulo,3550308,True,,1168,,,-23.7431225,-46.6917315,,,,1,2023-06-15T14:11:50+00:00
SAO_6080-10,São Paulo,3550308,True,,1168,,,-23.690635999999998,-46.697860000000006,,,,1,2023-06-15T14:12:11+00:00
SAO_6080-10,São Paulo,3550308,True,,1168,,,-23.753051,-46.688569,,,,1,2023-06-15T14:12:18+00:00
SAO_6080-10,São Paulo,3550308,True,,1168,,,-23.682207,-46.6758235,,,,1,2023-06-15T14:11:46+00:00
SAO_6080-10,São Paulo,3550308,True,,1168,,,-23.759863000000003,-46.677721,,,,1,2023-06-15T14:11:49+00:00
SAO_6080-10,São Paulo,3550308,True,,1168,,,-23.679865250000002,-46.68664175,,,,1,2023-06-15T14:11:38+00:00
SAO_6053-10,São Paulo,3550308,True,,33913,,,-23.7665315,-46.669223,,,,2,2023-06-15T14:11:40+00:00
SAO_6053-10,São Paulo,3550308,True,,33913,,,-23.741635000000002,-46.6917615,,,,2,2023-06-15T14:11:59+00:00
SAO_6053-10,São Paulo,3550308,True,,33913,,,-23.768563999999998,-46.661648,,,,2,2023-06-15T14:11:38+00:00
SAO_4017-10,São Paulo,3550308,True,,2190,,,-23.5768145,-46.3970555,,,,1,2023-06-15T14:11:58+00:00
SAO_4017-10,São Paulo,3550308,True,,2190,,,-23.5803255,-46.383311,,,,1,2023-06-15T14:07:17+00:00
SAO_4017-10,São Paulo,3550308,True,,2190,,,-23.600685,-46.399787,,,,1,2023-06-15T14:11:52+00:00
SAO_4017-10,São Paulo,3550308,True,,2190,,,-23.593611,-46.40632925,,,,1,2023-06-15T14:09:03+00:00
SAO_4017-10,São Paulo,3550308,True,,2190,,,-23.600685,-46.399787,,,,1,2023-06-15T14:12:18+00:00
SAO_1788-10,São Paulo,3550308,True,,653,,,-23.476782,-46.6098505,,,,1,2023-06-15T14:12:16+00:00
SAO_1788-10,São Paulo,3550308,True,,653,,,-23.502404499999997,-46.6235925,,,,1,2023-06-15T14:11:59+00:00
SAO_1788-10,São Paulo,3550308,True,,653,,,-23.4307035,-46.5736555,,,,1,2023-06-15T14:12:08+00:00
SAO_1788-10,São Paulo,3550308,True,,653,,,-23.438691499999997,-46.5754615,,,,1,2023-06-15T14:12:16+00:00
SAO_1788-10,São Paulo,3550308,True,,653,,,-23.47538825,-46.60887124999999,,,,1,2023-06-15T14:11:47+00:00
SAO_1788-10,São Paulo,3550308,True,,653,,,-23.451010500000002,-46.588708999999994,,,,1,2023-06-15T14:11:41+00:00
SAO_2730-10,São Paulo,3550308,True,,33713,,,-23.50266475,-46.454888249999996,,,,2,2023-06-15T14:12:05+00:00
SAO_2730-10,São Paulo,3550308,True,,33713,,,-23.5105165,-46.446583499999996,,,,2,2023-06-15T14:12:07+00:00
SAO_2730-10,São Paulo,3550308,True,,33713,,,-23.527069124999997,-46.474440875,,,,2,2023-06-15T14:11:38+00:00
SAO_2730-10,São Paulo,3550308,True,,33713,,,-23.52089125,-46.46828325,,,,2,2023-06-15T14:12:04+00:00
SAO_2730-10,São Paulo,3550308,True,,33713,,,-23.5105165,-46.446583499999996,,,,2,2023-06-15T14:11:51+00:00
SAO_2730-10,São Paulo,3550308,True,,33713,,,-23.5105165,-46.446583499999996,,,,2,2023-06-15T14:11:39+00:00
SAO_2730-10,São Paulo,3550308,True,,33713,,,-23.5038245,-46.451608500000006,,,,2,2023-06-15T14:11:37+00:00
SAO_2730-10,São Paulo,3550308,True,,33713,,,-23.51220625,-46.462701749999994,,,,2,2023-06-15T14:11:44+00:00
SAO_509J-10,São Paulo,3550308,True,EMTU,264,https://moovitapp.com/index/pt-br/transporte_p%C3%BAblico-line-264-Sao_Paulo-242-2038937-36419374-0,6.2,-23.64641275,-46.674286,,,,1,2023-06-15T14:11:55+00:00
SAO_509J-10,São Paulo,3550308,True,EMTU,264,https://moovitapp.com/index/pt-br/transporte_p%C3%BAblico-line-264-Sao_Paulo-242-2038937-36419374-0,6.2,-23.623138750000003,-46.661624375,,,,1,2023-06-15T14:12:14+00:00
SAO_509J-10,São Paulo,3550308,True,EMTU,264,https://moovitapp.com/index/pt-br/transporte_p%C3%BAblico-line-264-Sao_Paulo-242-2038937-36419374-0,6.2,-23.676822,-46.662923,,,,1,2023-06-15T14:12:13+00:00
SAO_509J-10,São Paulo,3550308,True,EMTU,264,https://moovitapp.com/index/pt-br/transporte_p%C3%BAblico-line-264-Sao_Paulo-242-2038937-36419374-0,6.2,-23.668308500000002,-46.6734505,,,,1,2023-06-15T14:12:15+00:00
SAO_509J-10,São Paulo,3550308,True,EMTU,264,https://moovitapp.com/index/pt-br/transporte_p%C3%BAblico-line-264-Sao_Paulo-242-2038937-36419374-0,6.2,-23.60131125,-46.66264225,,,,1,2023-06-15T14:11:56+00:00
SAO_509J-10,São Paulo,3550308,True,EMTU,264,https://moovitapp.com/index/pt-br/transporte_p%C3%BAblico-line-264-Sao_Paulo-242-2038937-36419374-0,6.2,-23.60151175,-46.66239075,,,,1,2023-06-15T14:11:39+00:00
SAO_172R-10,São Paulo,3550308,True,,859,,,-23.465978,-46.584102,,,,1,2023-06-15T14:11:19+00:00
SAO_172R-10,São Paulo,3550308,True,,859,,,-23.514365875000003,-46.586659625,,,,1,2023-06-15T14:11:54+00:00
SAO_172R-10,São Paulo,3550308,True,,859,,,-23.5286005,-46.599402,,,,1,2023-06-15T14:12:11+00:00
SAO_172R-10,São Paulo,3550308,True,,859,,,-23.5389165,-46.597126375,,,,1,2023-06-15T14:12:01+00:00
SAO_172R-10,São Paulo,3550308,True,,859,,,-23.5423885,-46.590565,,,,1,2023-06-15T14:11:57+00:00
SAO_172R-10,São Paulo,3550308,True,,859,,,-23.5080445,-46.579366,,,,1,2023-06-15T14:11:51+00:00
SAO_172R-10,São Paulo,3550308,True,,859,,,-23.48447975,-46.569690249999994,,,,1,2023-06-15T14:11:50+00:00
SAO_172R-10,São Paulo,3550308,True,,859,,,-23.47427025,-46.575359500000005,,,,1,2023-06-15T14:11:49+00:00
SAO_172R-10,São Paulo,3550308,True,,859,,,-23.534832375,-46.602542375,,,,1,2023-06-15T14:12:08+00:00
SAO_172R-10,São Paulo,3550308,True,,859,,,-23.5379493125,-46.602249,,,,1,2023-06-15T14:11:52+00:00
SAO_172R-10,São Paulo,3550308,True,,859,,,-23.497451,-46.574927875,,,,1,2023-06-15T14:08:30+00:00
SAO_172R-10,São Paulo,3550308,True,,859,,,-23.497451,-46.574927875,,,,1,2023-06-15T14:10:58+00:00
SAO_172R-10,São Paulo,3550308,True,,859,,,-23.5286005,-46.599402,,,,1,2023-06-15T14:11:56+00:00
SAO_172R-10,São Paulo,3550308,True,,859,,,-23.511015,-46.580999500000004,,,,1,2023-06-15T14:11:10+00:00
SAO_172R-10,São Paulo,3550308,True,,859,,,-23.5423885,-46.590565,,,,1,2023-06-15T14:12:11+00:00
SAO_172R-10,São Paulo,3550308,True,,859,,,-23.542626,-46.593327875,,,,1,2023-06-15T14:11:15+00:00
SAO_172R-10,São Paulo,3550308,True,,859,,,-23.5252335,-46.5951915,,,,1,2023-06-15T14:10:34+00:00
SAO_817C-10,São Paulo,3550308,True,,34105,,,-23.5439475,-46.6941375,,,,2,2023-06-15T14:11:51+00:00
SAO_817C-10,São Paulo,3550308,True,,34105,,,-23.522798,-46.6989655,,,,2,2023-06-15T14:11:37+00:00
SAO_817C-10,São Paulo,3550308,True,,34105,,,-23.5216915,-46.7010605,,,,2,2023-06-15T14:12:12+00:00
SAO_817C-10,São Paulo,3550308,True,,34105,,,-23.5216915,-46.7010605,,,,2,2023-06-15T14:12:21+00:00
SAO_6062-51,São Paulo,3550308,True,,34507,,,-23.673067250000003,-46.70169575,,,,2,2023-06-15T14:11:40+00:00
SAO_6062-51,São Paulo,3550308,True,,34507,,,-23.741882,-46.6813055,,,,2,2023-06-15T14:12:12+00:00
SAO_6062-51,São Paulo,3550308,True,,34507,,,-23.741882,-46.6813055,,,,2,2023-06-15T14:12:00+00:00
SAO_6062-51,São Paulo,3550308,True,,34507,,,-23.706274999999998,-46.70078,,,,2,2023-06-15T14:12:19+00:00
SAO_6062-51,São Paulo,3550308,True,,34507,,,-23.7453445,-46.683177,,,,2,2023-06-15T14:11:50+00:00
SAO_6062-51,São Paulo,3550308,True,,34507,,,-23.741944,-46.681641,,,,2,2023-06-15T14:12:10+00:00
SAO_4093-10,São Paulo,3550308,True,,2448,,,-23.588952,-46.395677,,,,1,2023-06-15T14:11:57+00:00
SAO_4093-10,São Paulo,3550308,True,,2448,,,-23.588952,-46.395677,,,,1,2023-06-15T14:12:14+00:00
SAO_4093-10,São Paulo,3550308,True,,2448,,,-23.58308,-46.408871000000005,,,,1,2023-06-15T14:11:38+00:00
SAO_4093-10,São Paulo,3550308,True,,2448,,,-23.592302500000002,-46.3978075,,,,1,2023-06-15T14:11:59+00:00
SAO_5032-10,São Paulo,3550308,True,,1662,,,-23.59927125,-46.588567749999996,,,,1,2023-06-15T14:11:57+00:00
SAO_5032-10,São Paulo,3550308,True,,1662,,,-23.6344365,-46.589236,,,,1,2023-06-15T14:12:00+00:00
SAO_5032-10,São Paulo,3550308,True,,1662,,,-23.59927125,-46.588567749999996,,,,1,2023-06-15T14:11:40+00:00
SAO_5032-10,São Paulo,3550308,True,,1662,,,-23.612983999999997,-46.594395500000005,,,,1,2023-06-15T14:11:44+00:00
SAO_5032-10,São Paulo,3550308,True,,1662,,,-23.62111625,-46.591901500000006,,,,1,2023-06-15T14:11:55+00:00
SAO_5032-10,São Paulo,3550308,True,,1662,,,-23.598504749999996,-46.589222500000005,,,,1,2023-06-15T14:12:15+00:00
SAO_5032-10,São Paulo,3550308,True,,1662,,,-23.623826,-46.591074000000006,,,,1,2023-06-15T14:11:49+00:00
SAO_4716-10,São Paulo,3550308,True,,1106,,,-23.599649,-46.637840499999996,,,,1,2023-06-15T14:11:53+00:00
SAO_4716-10,São Paulo,3550308,True,,1106,,,-23.612364,-46.6187815,,,,1,2023-06-15T14:11:40+00:00
SAO_4716-10,São Paulo,3550308,True,,1106,,,-23.60465225,-46.603868000000006,,,,1,2023-06-15T14:11:47+00:00
SAO_4716-10,São Paulo,3550308,True,,1106,,,-23.618755999999998,-46.619119999999995,,,,1,2023-06-15T14:11:50+00:00
SAO_4716-10,São Paulo,3550308,True,,1106,,,-23.60045975,-46.634907,,,,1,2023-06-15T14:11:43+00:00
SAO_342M-10,São Paulo,3550308,True,,33515,,,-23.5407545,-46.5504065,,,,2,2023-06-15T14:12:13+00:00
SAO_342M-10,São Paulo,3550308,True,,33515,,,-23.545642,-46.544091249999994,,,,2,2023-06-15T14:11:40+00:00
SAO_342M-10,São Paulo,3550308,True,,33515,,,-23.5755835,-46.504388750000004,,,,2,2023-06-15T14:12:12+00:00
SAO_342M-10,São Paulo,3550308,True,,33515,,,-23.5986975,-46.485826375,,,,2,2023-06-15T14:11:50+00:00
SAO_342M-10,São Paulo,3550308,True,,33515,,,-23.558732499999998,-46.521553499999996,,,,2,2023-06-15T14:12:12+00:00
SAO_342M-10,São Paulo,3550308,True,,33515,,,-23.518709,-46.546899499999995,,,,2,2023-06-15T14:12:16+00:00
SAO_342M-10,São Paulo,3550308,True,,33515,,,-23.531755500000003,-46.55994225,,,,2,2023-06-15T14:12:22+00:00
SAO_342M-10,São Paulo,3550308,True,,33515,,,-23.613302,-46.4764105,,,,2,2023-06-15T14:12:13+00:00
SAO_342M-10,São Paulo,3550308,True,,33515,,,-23.518709,-46.546899499999995,,,,2,2023-06-15T14:12:12+00:00
SAO_342M-10,São Paulo,3550308,True,,33515,,,-23.6131755,-46.476376,,,,2,2023-06-15T14:11:43+00:00
SAO_342M-10,São Paulo,3550308,True,,33515,,,-23.613432500000002,-46.476448,,,,2,2023-06-15T14:12:11+00:00
SAO_342M-10,São Paulo,3550308,True,,33515,,,-23.6122695,-46.4762145,,,,2,2023-06-15T14:11:47+00:00
SAO_342M-10,São Paulo,3550308,True,,33515,,,-23.565397,-46.512668250000004,,,,2,2023-06-15T14:11:41+00:00
SAO_342M-10,São Paulo,3550308,True,,33515,,,-23.553221999999998,-46.528059,,,,2,2023-06-15T14:12:10+00:00
SAO_342M-10,São Paulo,3550308,True,,33515,,,-23.518709,-46.546899499999995,,,,2,2023-06-15T14:12:07+00:00
SAO_342M-10,São Paulo,3550308,True,,33515,,,-23.574832,-46.50474925,,,,2,2023-06-15T14:12:20+00:00
SAO_342M-10,São Paulo,3550308,True,,33515,,,-23.5242185,-46.55247275,,,,2,2023-06-15T14:11:50+00:00
SAO_342M-10,São Paulo,3550308,True,,33515,,,-23.574454000000003,-46.50493375,,,,2,2023-06-15T14:12:06+00:00
SAO_342M-10,São Paulo,3550308,True,,33515,,,-23.5722175,-46.50602175,,,,2,2023-06-15T14:12:02+00:00
SAO_342M-10,São Paulo,3550308,True,,33515,,,-23.542583,-46.54966025,,,,2,2023-06-15T14:12:16+00:00
SAO_342M-10,São Paulo,3550308,True,,33515,,,-23.549305,-46.535914000000005,,,,2,2023-06-15T14:11:48+00:00
SAO_3728-41,São Paulo,3550308,True,,34756,,,-23.548386375,-46.4865765,,,,2,2023-06-15T14:11:43+00:00
SAO_3728-41,São Paulo,3550308,True,,34756,,,-23.558363,-46.4780465,,,,2,2023-06-15T14:11:44+00:00
SAO_8004-10,São Paulo,3550308,True,,1254,,,-23.516848250000002,-46.7258985,,,,1,2023-06-15T14:11:55+00:00
SAO_8004-10,São Paulo,3550308,True,,1254,,,-23.489233,-46.7559545,,,,1,2023-06-15T14:11:52+00:00
SAO_8004-10,São Paulo,3550308,True,,1254,,,-23.490108125,-46.748913875,,,,1,2023-06-15T14:11:57+00:00
SAO_8004-10,São Paulo,3550308,True,,1254,,,-23.5196425,-46.700389,,,,1,2023-06-15T14:11:30+00:00
SAO_2719-10,São Paulo,3550308,True,,33700,,,-23.492838,-46.4765465,,,,2,2023-06-15T14:11:57+00:00
SAO_2719-10,São Paulo,3550308,True,,33700,,,-23.5075135,-46.489275750000004,,,,2,2023-06-15T14:11:44+00:00
SAO_2719-10,São Paulo,3550308,True,,33700,,,-23.495169,-46.468832,,,,2,2023-06-15T14:12:11+00:00
SAO_2719-10,São Paulo,3550308,True,,33700,,,-23.494729,-46.4696005,,,,2,2023-06-15T14:12:02+00:00
SAO_2719-10,São Paulo,3550308,True,,33700,,,-23.494799999999998,-46.4693685,,,,2,2023-06-15T14:12:14+00:00
SAO_2719-10,São Paulo,3550308,True,,33700,,,-23.494799999999998,-46.4693685,,,,2,2023-06-15T14:11:50+00:00
SAO_2719-10,São Paulo,3550308,True,,33700,,,-23.530029499999998,-46.528456000000006,,,,2,2023-06-15T14:11:47+00:00
SAO_2719-10,São Paulo,3550308,True,,33700,,,-23.494799999999998,-46.4693685,,,,2,2023-06-15T14:11:38+00:00
SAO_2719-10,São Paulo,3550308,True,,33700,,,-23.5077375,-46.4912295,,,,2,2023-06-15T14:12:10+00:00
SAO_2719-10,São Paulo,3550308,True,,33700,,,-23.521762000000003,-46.5237425,,,,2,2023-06-15T14:12:14+00:00
SAO_2719-10,São Paulo,3550308,True,,33700,,,-23.49237025,-46.47905625,,,,2,2023-06-15T14:12:05+00:00
SAO_2719-10,São Paulo,3550308,True,,33700,,,-23.494899500000002,-46.469189,,,,2,2023-06-15T14:12:06+00:00
SAO_2719-10,São Paulo,3550308,True,,33700,,,-23.51142,-46.50241,,,,2,2023-06-15T14:12:03+00:00
SAO_695X-10,São Paulo,3550308,True,,1441,,,-23.643016125000003,-46.651562,,,,1,2023-06-15T14:12:19+00:00
SAO_695X-10,São Paulo,3550308,True,,1441,,,-23.649324,-46.661827,,,,1,2023-06-15T14:11:50+00:00
SAO_695X-10,São Paulo,3550308,True,,1441,,,-23.637926,-46.6717295,,,,1,2023-06-15T14:11:36+00:00
SAO_695X-10,São Paulo,3550308,True,,1441,,,-23.6450955,-46.64122625,,,,1,2023-06-15T14:12:19+00:00
SAO_695X-10,São Paulo,3550308,True,,1441,,,-23.657964,-46.679599499999995,,,,1,2023-06-15T14:11:39+00:00
SAO_695X-10,São Paulo,3550308,True,,1441,,,-23.677811749999996,-46.683129625,,,,1,2023-06-15T14:11:59+00:00
SAO_695X-10,São Paulo,3550308,True,,1441,,,-23.731859999999998,-46.6976735,,,,1,2023-06-15T14:12:10+00:00
SAO_695X-10,São Paulo,3550308,True,,1441,,,-23.645137,-46.664572,,,,1,2023-06-15T14:11:57+00:00
SAO_695X-10,São Paulo,3550308,True,,1441,,,-23.767961,-46.716508,,,,1,2023-06-15T14:11:46+00:00
SAO_695X-10,São Paulo,3550308,True,,1441,,,-23.716451499999998,-46.699146999999996,,,,1,2023-06-15T14:12:07+00:00
SAO_695X-10,São Paulo,3550308,True,,1441,,,-23.74805575,-46.70845224999999,,,,1,2023-06-15T14:08:41+00:00
SAO_695X-10,São Paulo,3550308,True,,1441,,,-23.645631,-46.6735345,,,,1,2023-06-15T14:11:52+00:00
SAO_695X-10,São Paulo,3550308,True,,1441,,,-23.724211500000003,-46.6991145,,,,1,2023-06-15T14:11:37+00:00
SAO_695X-10,São Paulo,3550308,True,,1441,,,-23.71349325,-46.69855075,,,,1,2023-06-15T14:09:25+00:00
SAO_695X-10,São Paulo,3550308,True,,1441,,,-23.722478000000002,-46.697953,,,,1,2023-06-15T14:09:34+00:00
SAO_695X-10,São Paulo,3550308,True,,1441,,,-23.647795000000002,-46.67543625,,,,1,2023-06-15T14:11:59+00:00
SAO_695X-10,São Paulo,3550308,True,,1441,,,-23.664492250000002,-46.67837575,,,,1,2023-06-15T14:12:20+00:00
SAO_407H-10,São Paulo,3550308,True,,34965,,,-23.545136499999998,-46.46244475,,,,2,2023-06-15T14:12:04+00:00
SAO_407H-10,São Paulo,3550308,True,,34965,,,-23.635369500000003,-46.445468500000004,,,,2,2023-06-15T14:11:53+00:00
SAO_407H-10,São Paulo,3550308,True,,34965,,,-23.631496499999997,-46.447165,,,,2,2023-06-15T14:12:02+00:00
SAO_407H-10,São Paulo,3550308,True,,34965,,,-23.5743395,-46.457575,,,,2,2023-06-15T14:09:42+00:00
SAO_407H-10,São Paulo,3550308,True,,34965,,,-23.633998,-46.4474395,,,,2,2023-06-15T14:12:00+00:00
SAO_407H-10,São Paulo,3550308,True,,34965,,,-23.609755375,-46.453646375000005,,,,2,2023-06-15T14:12:09+00:00
SAO_407H-10,São Paulo,3550308,True,,34965,,,-23.633119,-46.447492499999996,,,,2,2023-06-15T14:12:06+00:00
SAO_407H-10,São Paulo,3550308,True,,34965,,,-23.5945185,-46.446051499999996,,,,2,2023-06-15T14:12:14+00:00
SAO_407H-10,São Paulo,3550308,True,,34965,,,-23.6279665,-46.445710500000004,,,,2,2023-06-15T14:11:39+00:00
SAO_407H-10,São Paulo,3550308,True,,34965,,,-23.55468175,-46.464259,,,,2,2023-06-15T14:11:48+00:00
SAO_407H-10,São Paulo,3550308,True,,34965,,,-23.5430545,-46.470682999999994,,,,2,2023-06-15T14:10:55+00:00
SAO_1705-10,São Paulo,3550308,True,,33617,,,-23.448635000000003,-46.5881185,,,,2,2023-06-15T14:11:53+00:00
SAO_1705-10,São Paulo,3550308,True,,33617,,,-23.434625,-46.5839955,,,,2,2023-06-15T14:08:54+00:00
SAO_1705-10,São Paulo,3550308,True,,33617,,,-23.457124,-46.593404,,,,2,2023-06-15T14:11:32+00:00
SAO_1705-10,São Paulo,3550308,True,,33617,,,-23.4347015,-46.584086,,,,2,2023-06-15T14:09:41+00:00
SAO_1705-10,São Paulo,3550308,True,,33617,,,-23.480196,-46.602474,,,,2,2023-06-15T14:12:15+00:00
SAO_1705-10,São Paulo,3550308,True,,33617,,,-23.476375500000003,-46.6039095,,,,2,2023-06-15T14:11:45+00:00
SAO_1705-10,São Paulo,3550308,True,,33617,,,-23.448738,-46.588122,,,,2,2023-06-15T14:11:45+00:00
SAO_546T-10,São Paulo,3550308,True,,272,,,-23.6952055,-46.6531995,,,,1,2023-06-15T14:11:54+00:00
SAO_546T-10,São Paulo,3550308,True,,272,,,-23.697118625,-46.671195625,,,,1,2023-06-15T14:12:19+00:00
SAO_546T-10,São Paulo,3550308,True,,272,,,-23.658659,-46.69838,,,,1,2023-06-15T14:12:05+00:00
SAO_546T-10,São Paulo,3550308,True,,272,,,-23.6943785,-46.656471749999994,,,,1,2023-06-15T14:11:58+00:00
SAO_546T-10,São Paulo,3550308,True,,272,,,-23.680270999999998,-46.683795,,,,1,2023-06-15T14:11:48+00:00
SAO_546T-10,São Paulo,3550308,True,,272,,,-23.700454,-46.6409785,,,,1,2023-06-15T14:12:10+00:00
SAO_546T-10,São Paulo,3550308,True,,272,,,-23.70225225,-46.634179,,,,1,2023-06-15T14:12:12+00:00
SAO_546T-10,São Paulo,3550308,True,,272,,,-23.66439125,-46.69100350000001,,,,1,2023-06-15T14:11:41+00:00
SAO_546T-10,São Paulo,3550308,True,,272,,,-23.653924375,-46.71180125000001,,,,1,2023-06-15T14:11:53+00:00
SAO_546T-10,São Paulo,3550308,True,,272,,,-23.6966135,-46.6691505,,,,1,2023-06-15T14:12:14+00:00
SAO_546T-10,São Paulo,3550308,True,,272,,,-23.68950625,-46.67921375,,,,1,2023-06-15T14:12:11+00:00
SAO_546T-10,São Paulo,3550308,True,,272,,,-23.6980635,-46.6480815,,,,1,2023-06-15T14:12:01+00:00
SAO_546T-10,São Paulo,3550308,True,,272,,,-23.693239,-46.658821,,,,1,2023-06-15T14:12:10+00:00
SAO_546T-10,São Paulo,3550308,True,,272,,,-23.66817475,-46.68946625,,,,1,2023-06-15T14:12:12+00:00
SAO_546T-10,São Paulo,3550308,True,,272,,,-23.6584155,-46.6984925,,,,1,2023-06-15T14:11:45+00:00
SAO_546T-10,São Paulo,3550308,True,,272,,,-23.653856875,-46.71128025,,,,1,2023-06-15T14:11:35+00:00
SAO_407L-10,São Paulo,3550308,True,,2199,,,-23.528101,-46.515983000000006,,,,1,2023-06-15T14:12:08+00:00
SAO_407L-10,São Paulo,3550308,True,,2199,,,-23.535334499999998,-46.4282305,,,,1,2023-06-15T14:11:45+00:00
SAO_407L-10,São Paulo,3550308,True,,2199,,,-23.5296485,-46.497018999999995,,,,1,2023-06-15T14:11:47+00:00
SAO_407L-10,São Paulo,3550308,True,,2199,,,-23.534645,-46.453518,,,,1,2023-06-15T14:12:06+00:00
SAO_407L-10,São Paulo,3550308,True,,2199,,,-23.5429875,-46.41361,,,,1,2023-06-15T14:12:00+00:00
SAO_407L-10,São Paulo,3550308,True,,2199,,,-23.5329615,-46.4817335,,,,1,2023-06-15T14:11:15+00:00
SAO_407L-10,São Paulo,3550308,True,,2199,,,-23.5520405,-46.413284000000004,,,,1,2023-06-15T14:11:47+00:00
SAO_407L-10,São Paulo,3550308,True,,2199,,,-23.565807,-46.4157575,,,,1,2023-06-15T14:11:49+00:00
SAO_407L-10,São Paulo,3550308,True,,2199,,,-23.532532,-46.486694,,,,1,2023-06-15T14:11:34+00:00
SAO_407L-10,São Paulo,3550308,True,,2199,,,-23.58080375,-46.415383750000004,,,,1,2023-06-15T14:12:09+00:00
SAO_407L-10,São Paulo,3550308,True,,2199,,,-23.52782775,-46.51593075,,,,1,2023-06-15T14:12:01+00:00
SAO_407L-10,São Paulo,3550308,True,,2199,,,-23.536656999999998,-46.473169,,,,1,2023-06-15T14:09:58+00:00
SAO_3029-10,São Paulo,3550308,True,,33734,,,-23.5714835,-46.537152,,,,2,2023-06-15T14:12:06+00:00
SAO_3029-10,São Paulo,3550308,True,,33734,,,-23.54981875,-46.54165275,,,,2,2023-06-15T14:11:57+00:00
SAO_3029-10,São Paulo,3550308,True,,33734,,,-23.541,-46.576643000000004,,,,2,2023-06-15T14:12:17+00:00
SAO_3029-10,São Paulo,3550308,True,,33734,,,-23.562510624999998,-46.542062625,,,,2,2023-06-15T14:12:06+00:00
SAO_3029-10,São Paulo,3550308,True,,33734,,,-23.545313,-46.544859,,,,2,2023-06-15T14:12:15+00:00
SAO_3029-10,São Paulo,3550308,True,,33734,,,-23.585295,-46.5067185,,,,2,2023-06-15T14:12:15+00:00
SAO_3029-10,São Paulo,3550308,True,,33734,,,-23.585295,-46.5067185,,,,2,2023-06-15T14:12:20+00:00
SAO_3029-10,São Paulo,3550308,True,,33734,,,-23.5382475,-46.563386,,,,2,2023-06-15T14:12:03+00:00
SAO_3029-10,São Paulo,3550308,True,,33734,,,-23.5766245,-46.5170915,,,,2,2023-06-15T14:10:24+00:00
SAO_3029-10,São Paulo,3550308,True,,33734,,,-23.576143000000002,-46.529345,,,,2,2023-06-15T14:11:57+00:00
SAO_3029-10,São Paulo,3550308,True,,33734,,,-23.569288,-46.5403325,,,,2,2023-06-15T14:12:17+00:00
SAO_3099-10,São Paulo,3550308,True,,1079,,,-23.6255375,-46.463149,,,,1,2023-06-15T14:12:16+00:00
SAO_3099-10,São Paulo,3550308,True,,1079,,,-23.6107935,-46.4536955,,,,1,2023-06-15T14:12:07+00:00
SAO_3099-10,São Paulo,3550308,True,,1079,,,-23.610744500000003,-46.4435615,,,,1,2023-06-15T14:12:22+00:00
SAO_3099-10,São Paulo,3550308,True,,1079,,,-23.610744500000003,-46.4435615,,,,1,2023-06-15T14:11:47+00:00
SAO_3099-10,São Paulo,3550308,True,,1079,,,-23.60136275,-46.483574250000004,,,,1,2023-06-15T14:11:58+00:00
SAO_3099-10,São Paulo,3550308,True,,1079,,,-23.61233075,-46.454850875000005,,,,1,2023-06-15T14:11:46+00:00
SAO_3099-10,São Paulo,3550308,True,,1079,,,-23.6124515,-46.475421999999995,,,,1,2023-06-15T14:12:09+00:00
SAO_938P-10,São Paulo,3550308,True,,888,,,-23.506841125,-46.689259500000006,,,,1,2023-06-15T14:11:56+00:00
SAO_938P-10,São Paulo,3550308,True,,888,,,-23.471570999999997,-46.6821805,,,,1,2023-06-15T14:11:19+00:00
SAO_938P-10,São Paulo,3550308,True,,888,,,-23.5262155,-46.669086,,,,1,2023-06-15T14:12:12+00:00
SAO_938P-10,São Paulo,3550308,True,,888,,,-23.463693499999998,-46.683608,,,,1,2023-06-15T14:11:56+00:00
SAO_938P-10,São Paulo,3550308,True,,888,,,-23.52390125,-46.697321875,,,,1,2023-06-15T14:12:09+00:00
SAO_938P-10,São Paulo,3550308,True,,888,,,-23.462593499999997,-46.6814735,,,,1,2023-06-15T14:12:17+00:00
SAO_938P-10,São Paulo,3550308,True,,888,,,-23.526683,-46.667058,,,,1,2023-06-15T14:12:01+00:00
SAO_938P-10,São Paulo,3550308,True,,888,,,-23.5027745,-46.687813250000005,,,,1,2023-06-15T14:11:40+00:00
SAO_4016-10,São Paulo,3550308,True,,2189,,,-23.613115999999998,-46.476499,,,,1,2023-06-15T14:11:54+00:00
SAO_4016-10,São Paulo,3550308,True,,2189,,,-23.613342000000003,-46.476561000000004,,,,1,2023-06-15T14:11:55+00:00
SAO_4016-10,São Paulo,3550308,True,,2189,,,-23.613115999999998,-46.476499,,,,1,2023-06-15T14:12:02+00:00
SAO_4735-10,São Paulo,3550308,True,,33878,,,-23.618679,-46.472766,,,,2,2023-06-15T14:12:14+00:00
SAO_1012-21,São Paulo,3550308,True,,2570,,,-23.433753,-46.7927315,,,,1,2023-06-15T14:11:53+00:00
SAO_2104-10,São Paulo,3550308,True,,35023,,,-23.546036,-46.626552000000004,,,,2,2023-06-15T14:12:18+00:00
SAO_2104-10,São Paulo,3550308,True,,35023,,,-23.502574,-46.624022999999994,,,,2,2023-06-15T14:11:57+00:00
SAO_2104-10,São Paulo,3550308,True,,35023,,,-23.50798675,-46.624788499999994,,,,2,2023-06-15T14:12:12+00:00
SAO_6358-10,São Paulo,3550308,True,,1294,,,-23.56725,-46.6591068125,,,,1,2023-06-15T14:12:20+00:00
SAO_6358-10,São Paulo,3550308,True,,1294,,,-23.572305375,-46.664676375,,,,1,2023-06-15T14:11:47+00:00
SAO_6358-10,São Paulo,3550308,True,,1294,,,-23.655168,-46.6666635,,,,1,2023-06-15T14:11:44+00:00
SAO_6358-10,São Paulo,3550308,True,,1294,,,-23.6342905,-46.6791765,,,,1,2023-06-15T14:12:00+00:00
SAO_6358-10,São Paulo,3550308,True,,1294,,,-23.625822,-46.683039,,,,1,2023-06-15T14:12:01+00:00
SAO_6358-10,São Paulo,3550308,True,,1294,,,-23.6683435,-46.651041,,,,1,2023-06-15T14:11:46+00:00
SAO_6358-10,São Paulo,3550308,True,,1294,,,-23.68493,-46.637550000000005,,,,1,2023-06-15T14:11:26+00:00
SAO_6358-10,São Paulo,3550308,True,,1294,,,-23.61449,-46.6723805,,,,1,2023-06-15T14:12:03+00:00
SAO_6358-10,São Paulo,3550308,True,,1294,,,-23.580829,-46.6595045,,,,1,2023-06-15T14:11:36+00:00
SAO_908T-10,São Paulo,3550308,True,,2116,,,-23.55302025,-46.654513249999994,,,,1,2023-06-15T14:11:47+00:00
SAO_908T-10,São Paulo,3550308,True,,2116,,,-23.547682,-46.629605999999995,,,,1,2023-06-15T14:11:44+00:00
SAO_908T-10,São Paulo,3550308,True,,2116,,,-23.580403,-46.683606999999995,,,,1,2023-06-15T14:11:52+00:00
SAO_637A-10,São Paulo,3550308,True,,185,,,-23.6257205,-46.709017,,,,1,2023-06-15T14:11:29+00:00
SAO_637A-10,São Paulo,3550308,True,,185,,,-23.578401,-46.6860865,,,,1,2023-06-15T14:12:08+00:00
SAO_637A-10,São Paulo,3550308,True,,185,,,-23.56555875,-46.7010795,,,,1,2023-06-15T14:11:53+00:00
SAO_637A-10,São Paulo,3550308,True,,185,,,-23.5963155,-46.6924,,,,1,2023-06-15T14:12:11+00:00
SAO_637A-10,São Paulo,3550308,True,,185,,,-23.657176375,-46.7246078125,,,,1,2023-06-15T14:12:06+00:00
SAO_637A-10,São Paulo,3550308,True,,185,,,-23.6759515,-46.7527535,,,,1,2023-06-15T14:11:39+00:00
SAO_637A-10,São Paulo,3550308,True,,185,,,-23.5816995,-46.6840755,,,,1,2023-06-15T14:11:49+00:00
SAO_637A-10,São Paulo,3550308,True,,185,,,-23.64102075,-46.723828,,,,1,2023-06-15T14:11:49+00:00
SAO_637A-10,São Paulo,3550308,True,,185,,,-23.56862075,-46.69213975,,,,1,2023-06-15T14:11:51+00:00
SAO_637A-10,São Paulo,3550308,True,,185,,,-23.6115255,-46.698155125,,,,1,2023-06-15T14:11:47+00:00
SAO_637A-10,São Paulo,3550308,True,,185,,,-23.577859,-46.68641674999999,,,,1,2023-06-15T14:12:04+00:00
SAO_637A-10,São Paulo,3550308,True,,185,,,-23.6619458125,-46.7257946875,,,,1,2023-06-15T14:12:09+00:00
SAO_637A-10,São Paulo,3550308,True,,185,,,-23.642169000000003,-46.7244965,,,,1,2023-06-15T14:11:21+00:00
SAO_647P-10,São Paulo,3550308,True,,1316,,,-23.666980000000002,-46.773514250000005,,,,1,2023-06-15T14:11:38+00:00
SAO_647P-10,São Paulo,3550308,True,,1316,,,-23.6533265,-46.736316,,,,1,2023-06-15T14:11:54+00:00
SAO_647P-10,São Paulo,3550308,True,,1316,,,-23.565936,-46.702017999999995,,,,1,2023-06-15T14:11:54+00:00
SAO_647P-10,São Paulo,3550308,True,,1316,,,-23.653066,-46.739877500000006,,,,1,2023-06-15T14:12:09+00:00
SAO_647P-10,São Paulo,3550308,True,,1316,,,-23.653251375000004,-46.737393125,,,,1,2023-06-15T14:11:59+00:00
SAO_647P-10,São Paulo,3550308,True,,1316,,,-23.661381499999997,-46.754678999999996,,,,1,2023-06-15T14:12:08+00:00
SAO_647P-10,São Paulo,3550308,True,,1316,,,-23.656847499999998,-46.741558625,,,,1,2023-06-15T14:11:38+00:00
SAO_647P-10,São Paulo,3550308,True,,1316,,,-23.653208874999997,-46.73795762499999,,,,1,2023-06-15T14:12:02+00:00
SAO_647P-10,São Paulo,3550308,True,,1316,,,-23.599397250000003,-46.721415125,,,,1,2023-06-15T14:12:12+00:00
SAO_647P-10,São Paulo,3550308,True,,1316,,,-23.585628625000002,-46.684968625,,,,1,2023-06-15T14:11:44+00:00
SAO_647P-10,São Paulo,3550308,True,,1316,,,-23.6520225,-46.73388525,,,,1,2023-06-15T14:11:56+00:00
SAO_647P-10,São Paulo,3550308,True,,1316,,,-23.62374375,-46.73390525,,,,1,2023-06-15T14:11:58+00:00
SAO_647P-10,São Paulo,3550308,True,,1316,,,-23.565214249999997,-46.7010625,,,,1,2023-06-15T14:12:20+00:00
SAO_647P-10,São Paulo,3550308,True,,1316,,,-23.612974875,-46.729773375,,,,1,2023-06-15T14:11:44+00:00
SAO_573A-10,São Paulo,3550308,True,,34405,,,-23.584697249999998,-46.58238125,,,,2,2023-06-15T14:12:19+00:00
SAO_573A-10,São Paulo,3550308,True,,34405,,,-23.60225525,-46.572556250000005,,,,2,2023-06-15T14:11:41+00:00
SAO_573A-10,São Paulo,3550308,True,,34405,,,-23.5853995,-46.5804505,,,,2,2023-06-15T14:12:04+00:00
SAO_573A-10,São Paulo,3550308,True,,34405,,,-23.547147000000002,-46.603778999999996,,,,2,2023-06-15T14:11:40+00:00
SAO_573A-10,São Paulo,3550308,True,,34405,,,-23.589756,-46.582632,,,,2,2023-06-15T14:10:42+00:00
SAO_573A-10,São Paulo,3550308,True,,34405,,,-23.554064875,-46.5998675,,,,2,2023-06-15T14:05:11+00:00
SAO_513C-31,São Paulo,3550308,True,,2536,,,-23.6068155,-46.563219000000004,,,,1,2023-06-15T14:11:51+00:00
SAO_513C-31,São Paulo,3550308,True,,2536,,,-23.595962999999998,-46.452558499999995,,,,1,2023-06-15T14:09:32+00:00
SAO_513C-31,São Paulo,3550308,True,,2536,,,-23.599044999999997,-46.51604625,,,,1,2023-06-15T14:11:55+00:00
SAO_5031-10,São Paulo,3550308,True,,1746,,,-23.637415,-46.592847500000005,,,,1,2023-06-15T14:12:19+00:00
SAO_5031-10,São Paulo,3550308,True,,1746,,,-23.603042000000002,-46.601376,,,,1,2023-06-15T14:12:11+00:00
SAO_5031-10,São Paulo,3550308,True,,1746,,,-23.631743,-46.585280499999996,,,,1,2023-06-15T14:11:59+00:00
SAO_5031-10,São Paulo,3550308,True,,1746,,,-23.621344750000002,-46.5918365,,,,1,2023-06-15T14:12:04+00:00
SAO_5031-10,São Paulo,3550308,True,,1746,,,-23.634976,-46.591032,,,,1,2023-06-15T14:12:20+00:00
SAO_5031-10,São Paulo,3550308,True,,1746,,,-23.6338165,-46.587291,,,,1,2023-06-15T14:12:08+00:00
SAO_5031-10,São Paulo,3550308,True,,1746,,,-23.6220665,-46.5917295,,,,1,2023-06-15T14:12:13+00:00
SAO_5031-10,São Paulo,3550308,True,,1746,,,-23.609894500000003,-46.5960605,,,,1,2023-06-15T14:12:03+00:00
SAO_5031-10,São Paulo,3550308,True,,1746,,,-23.624632,-46.5909915,,,,1,2023-06-15T14:11:38+00:00
SAO_5031-10,São Paulo,3550308,True,,1746,,,-23.623089625,-46.59132425,,,,1,2023-06-15T14:11:53+00:00
SAO_5031-10,São Paulo,3550308,True,,1746,,,-23.620193999999998,-46.592152,,,,1,2023-06-15T14:11:46+00:00
SAO_5031-10,São Paulo,3550308,True,,1746,,,-23.610267,-46.5958015,,,,1,2023-06-15T14:12:20+00:00
SAO_9500-10,São Paulo,3550308,True,EMTU,461,https://moovitapp.com/index/pt-br/transporte_p%C3%BAblico-line-461-Sao_Paulo-242-2038937-36419501-0,5.1,-23.523119562499996,-46.6516929375,,,,1,2023-06-15T14:11:57+00:00
SAO_9500-10,São Paulo,3550308,True,EMTU,461,https://moovitapp.com/index/pt-br/transporte_p%C3%BAblico-line-461-Sao_Paulo-242-2038937-36419501-0,5.1,-23.52321775,-46.654750500000006,,,,1,2023-06-15T14:12:13+00:00
SAO_9500-10,São Paulo,3550308,True,EMTU,461,https://moovitapp.com/index/pt-br/transporte_p%C3%BAblico-line-461-Sao_Paulo-242-2038937-36419501-0,5.1,-23.502302,-46.6728475,,,,1,2023-06-15T14:11:57+00:00
SAO_9500-10,São Paulo,3550308,True,EMTU,461,https://moovitapp.com/index/pt-br/transporte_p%C3%BAblico-line-461-Sao_Paulo-242-2038937-36419501-0,5.1,-23.474802500000003,-46.66820249999999,,,,1,2023-06-15T14:11:57+00:00
SAO_9500-10,São Paulo,3550308,True,EMTU,461,https://moovitapp.com/index/pt-br/transporte_p%C3%BAblico-line-461-Sao_Paulo-242-2038937-36419501-0,5.1,-23.4995205,-46.675076000000004,,,,1,2023-06-15T14:11:55+00:00
SAO_9500-10,São Paulo,3550308,True,EMTU,461,https://moovitapp.com/index/pt-br/transporte_p%C3%BAblico-line-461-Sao_Paulo-242-2038937-36419501-0,5.1,-23.521718999999997,-46.665873250000004,,,,1,2023-06-15T14:12:17+00:00
SAO_9500-10,São Paulo,3550308,True,EMTU,461,https://moovitapp.com/index/pt-br/transporte_p%C3%BAblico-line-461-Sao_Paulo-242-2038937-36419501-0,5.1,-23.521662999999997,-46.6675105,,,,1,2023-06-15T14:12:05+00:00
SAO_7245-10,São Paulo,3550308,True,,33131,,,-23.54861275,-46.656182875,,,,2,2023-06-15T14:11:39+00:00
SAO_7245-10,São Paulo,3550308,True,,33131,,,-23.5505705,-46.659073,,,,2,2023-06-15T14:12:00+00:00
SAO_7245-10,São Paulo,3550308,True,,33131,,,-23.58348575,-46.6837615,,,,2,2023-06-15T14:12:18+00:00
SAO_7245-10,São Paulo,3550308,True,,33131,,,-23.5505705,-46.659073,,,,2,2023-06-15T14:12:07+00:00
SAO_7245-10,São Paulo,3550308,True,,33131,,,-23.5991985,-46.6910135,,,,2,2023-06-15T14:11:56+00:00
SAO_7245-10,São Paulo,3550308,True,,33131,,,-23.5692045,-46.687413500000005,,,,2,2023-06-15T14:12:08+00:00
SAO_7245-10,São Paulo,3550308,True,,33131,,,-23.623366250000004,-46.6997995,,,,2,2023-06-15T14:11:52+00:00
SAO_3301-10,São Paulo,3550308,True,,34386,,,-23.53574375,-46.5730255,,,,2,2023-06-15T14:12:05+00:00
SAO_3301-10,São Paulo,3550308,True,,34386,,,-23.5147085,-46.5294445,,,,2,2023-06-15T14:12:00+00:00
SAO_3301-10,São Paulo,3550308,True,,34386,,,-23.4922265,-46.4319245,,,,2,2023-06-15T14:11:46+00:00
SAO_3301-10,São Paulo,3550308,True,,34386,,,-23.535182374999998,-46.58226225,,,,2,2023-06-15T14:11:55+00:00
SAO_3301-10,São Paulo,3550308,True,,34386,,,-23.508699749999998,-46.494703,,,,2,2023-06-15T14:11:40+00:00
SAO_4314-10,São Paulo,3550308,True,,34942,,,-23.556082,-46.478364,,,,2,2023-06-15T14:12:13+00:00
SAO_4314-10,São Paulo,3550308,True,,34942,,,-23.537321249999998,-46.559848625,,,,2,2023-06-15T14:11:29+00:00
SAO_4314-10,São Paulo,3550308,True,,34942,,,-23.5644505,-46.416008,,,,2,2023-06-15T14:12:03+00:00
SAO_4314-10,São Paulo,3550308,True,,34942,,,-23.547735,-46.526628,,,,2,2023-06-15T14:11:39+00:00
SAO_4314-10,São Paulo,3550308,True,,34942,,,-23.5465295,-46.630686,,,,2,2023-06-15T14:11:51+00:00
SAO_4314-10,São Paulo,3550308,True,,34942,,,-23.572236500000002,-46.399409500000004,,,,2,2023-06-15T14:12:18+00:00
SAO_4314-10,São Paulo,3550308,True,,34942,,,-23.547915,-46.4263745,,,,2,2023-06-15T14:11:50+00:00
SAO_4314-10,São Paulo,3550308,True,,34942,,,-23.551197000000002,-46.4635215,,,,2,2023-06-15T14:11:51+00:00
SAO_4314-10,São Paulo,3550308,True,,34942,,,-23.543090812499997,-46.585815249999996,,,,2,2023-06-15T14:11:59+00:00
SAO_775F-10,São Paulo,3550308,True,,796,,,-23.6254505,-46.7479555,,,,1,2023-06-15T14:12:17+00:00
SAO_775F-10,São Paulo,3550308,True,,796,,,-23.6167005,-46.73553,,,,1,2023-06-15T14:12:10+00:00
SAO_775F-10,São Paulo,3550308,True,,796,,,-23.609728,-46.752083999999996,,,,1,2023-06-15T14:11:46+00:00
SAO_775F-10,São Paulo,3550308,True,,796,,,-23.601185,-46.7096235,,,,1,2023-06-15T14:12:00+00:00
SAO_775F-10,São Paulo,3550308,True,,796,,,-23.584004,-46.6871425,,,,1,2023-06-15T14:12:19+00:00
SAO_775F-10,São Paulo,3550308,True,,796,,,-23.58676675,-46.69326625,,,,1,2023-06-15T14:12:03+00:00
SAO_775F-10,São Paulo,3550308,True,,796,,,-23.6254505,-46.7479555,,,,1,2023-06-15T14:12:04+00:00
SAO_775F-10,São Paulo,3550308,True,,796,,,-23.624496999999998,-46.749328500000004,,,,1,2023-06-15T14:11:46+00:00
SAO_775F-10,São Paulo,3550308,True,,796,,,-23.601237249999997,-46.717515,,,,1,2023-06-15T14:12:23+00:00
SAO_775F-10,São Paulo,3550308,True,,796,,,-23.5559995,-46.674885625,,,,1,2023-06-15T14:12:16+00:00
SAO_775F-10,São Paulo,3550308,True,,796,,,-23.6131435,-46.730024,,,,1,2023-06-15T14:11:59+00:00
SAO_775F-10,São Paulo,3550308,True,,796,,,-23.56768875,-46.692916,,,,1,2023-06-15T14:12:01+00:00
SAO_675A-10,São Paulo,3550308,True,,1318,,,-23.654349,-46.7410175,,,,1,2023-06-15T14:11:47+00:00
SAO_675A-10,São Paulo,3550308,True,,1318,,,-23.62733725,-46.64241725,,,,1,2023-06-15T14:12:07+00:00
SAO_675A-10,São Paulo,3550308,True,,1318,,,-23.6532725,-46.7370815,,,,1,2023-06-15T14:11:54+00:00
SAO_675A-10,São Paulo,3550308,True,,1318,,,-23.628791999999997,-46.6648285,,,,1,2023-06-15T14:11:54+00:00
SAO_675A-10,São Paulo,3550308,True,,1318,,,-23.642229625,-46.715749499999994,,,,1,2023-06-15T14:12:01+00:00
SAO_675A-10,São Paulo,3550308,True,,1318,,,-23.6620055,-46.7558985,,,,1,2023-06-15T14:12:11+00:00
SAO_675A-10,São Paulo,3550308,True,,1318,,,-23.637287999999998,-46.69878425,,,,1,2023-06-15T14:12:19+00:00
SAO_675A-10,São Paulo,3550308,True,,1318,,,-23.6274845,-46.642675,,,,1,2023-06-15T14:12:00+00:00
SAO_5154-10,São Paulo,3550308,True,EMTU,353,https://moovitapp.com/index/pt-br/transporte_p%C3%BAblico-line-353-Sao_Paulo-242-2038937-36419436-0,5.1,-23.6299735,-46.707831999999996,,,,1,2023-06-15T14:12:18+00:00
SAO_5154-10,São Paulo,3550308,True,EMTU,353,https://moovitapp.com/index/pt-br/transporte_p%C3%BAblico-line-353-Sao_Paulo-242-2038937-36419436-0,5.1,-23.654157,-46.710629,,,,1,2023-06-15T14:11:51+00:00
SAO_5154-10,São Paulo,3550308,True,EMTU,353,https://moovitapp.com/index/pt-br/transporte_p%C3%BAblico-line-353-Sao_Paulo-242-2038937-36419436-0,5.1,-23.5742155,-46.655919,,,,1,2023-06-15T14:12:19+00:00
SAO_5154-10,São Paulo,3550308,True,EMTU,353,https://moovitapp.com/index/pt-br/transporte_p%C3%BAblico-line-353-Sao_Paulo-242-2038937-36419436-0,5.1,-23.612091375,-46.6843655,,,,1,2023-06-15T14:12:16+00:00
SAO_5154-10,São Paulo,3550308,True,EMTU,353,https://moovitapp.com/index/pt-br/transporte_p%C3%BAblico-line-353-Sao_Paulo-242-2038937-36419436-0,5.1,-23.5397245,-46.6367075,,,,1,2023-06-15T14:11:49+00:00
SAO_5154-10,São Paulo,3550308,True,EMTU,353,https://moovitapp.com/index/pt-br/transporte_p%C3%BAblico-line-353-Sao_Paulo-242-2038937-36419436-0,5.1,-23.53506275,-46.644746999999995,,,,1,2023-06-15T14:12:12+00:00
SAO_5154-10,São Paulo,3550308,True,EMTU,353,https://moovitapp.com/index/pt-br/transporte_p%C3%BAblico-line-353-Sao_Paulo-242-2038937-36419436-0,5.1,-23.5980671875,-46.656920562500005,,,,1,2023-06-15T14:12:06+00:00
SAO_2011-10,São Paulo,3550308,True,,34904,,,-23.4725195,-46.58820025,,,,2,2023-06-15T14:11:45+00:00
SAO_2011-10,São Paulo,3550308,True,,34904,,,-23.4922745,-46.6243145,,,,2,2023-06-15T14:11:10+00:00
SAO_2011-10,São Paulo,3550308,True,,34904,,,-23.4821745,-46.604102999999995,,,,2,2023-06-15T14:11:53+00:00
SAO_2011-10,São Paulo,3550308,True,,34904,,,-23.490259,-46.5709545,,,,2,2023-06-15T14:11:52+00:00
SAO_2011-10,São Paulo,3550308,True,,34904,,,-23.489120624999998,-46.567183,,,,2,2023-06-15T14:12:20+00:00
SAO_407P-10,São Paulo,3550308,True,,34968,,,-23.574156000000002,-46.415991500000004,,,,2,2023-06-15T14:12:03+00:00
SAO_407P-10,São Paulo,3550308,True,,34968,,,-23.534018000000003,-46.429228499999994,,,,2,2023-06-15T14:10:06+00:00
SAO_407P-10,São Paulo,3550308,True,,34968,,,-23.537377749999997,-46.560140875,,,,2,2023-06-15T14:12:07+00:00
SAO_407P-10,São Paulo,3550308,True,,34968,,,-23.552402,-46.4134495,,,,2,2023-06-15T14:12:18+00:00
SAO_407P-10,São Paulo,3550308,True,,34968,,,-23.534985,-46.5483055,,,,2,2023-06-15T14:11:46+00:00
SAO_407P-10,São Paulo,3550308,True,,34968,,,-23.5654685,-46.415849,,,,2,2023-06-15T14:11:40+00:00
SAO_407P-10,São Paulo,3550308,True,,34968,,,-23.531450500000002,-46.52080075,,,,2,2023-06-15T14:12:16+00:00
SAO_407P-10,São Paulo,3550308,True,,34968,,,-23.5409455,-46.4199745,,,,2,2023-06-15T14:11:40+00:00
SAO_407P-10,São Paulo,3550308,True,,34968,,,-23.582032749999996,-46.410213375000005,,,,2,2023-06-15T14:11:57+00:00
SAO_407P-10,São Paulo,3550308,True,,34968,,,-23.540028749999998,-46.485300875,,,,2,2023-06-15T14:11:40+00:00
SAO_407P-10,São Paulo,3550308,True,,34968,,,-23.530752,-46.448350000000005,,,,2,2023-06-15T14:12:03+00:00
SAO_9023-10,São Paulo,3550308,True,,1437,,,-23.434382499999998,-46.715844000000004,,,,1,2023-06-15T14:12:16+00:00
SAO_9023-10,São Paulo,3550308,True,,1437,,,-23.468055,-46.7248625,,,,1,2023-06-15T14:12:13+00:00
SAO_9023-10,São Paulo,3550308,True,,1437,,,-23.48078125,-46.724931999999995,,,,1,2023-06-15T14:11:51+00:00
SAO_9023-10,São Paulo,3550308,True,,1437,,,-23.4539495,-46.7134875,,,,1,2023-06-15T14:11:36+00:00
SAO_9023-10,São Paulo,3550308,True,,1437,,,-23.441704,-46.7126485,,,,1,2023-06-15T14:11:53+00:00
SAO_1025-10,São Paulo,3550308,True,,35071,,,-23.4560885,-46.7030345,,,,2,2023-06-15T14:12:09+00:00
SAO_1025-10,São Paulo,3550308,True,,35071,,,-23.453380000000003,-46.707059,,,,2,2023-06-15T14:11:48+00:00
SAO_1709-10,São Paulo,3550308,True,,33619,,,-23.4399315,-46.582648,,,,2,2023-06-15T14:08:13+00:00
SAO_1709-10,São Paulo,3550308,True,,33619,,,-23.460877,-46.602691500000006,,,,2,2023-06-15T14:12:01+00:00
SAO_1709-10,São Paulo,3550308,True,,33619,,,-23.4761725,-46.6036365,,,,2,2023-06-15T14:11:31+00:00
SAO_1709-10,São Paulo,3550308,True,,33619,,,-23.479985,-46.603936000000004,,,,2,2023-06-15T14:11:44+00:00
SAO_1709-10,São Paulo,3550308,True,,33619,,,-23.460689375,-46.60265925,,,,2,2023-06-15T14:11:53+00:00
SAO_1709-10,São Paulo,3550308,True,,33619,,,-23.44072075,-46.581562000000005,,,,2,2023-06-15T14:11:41+00:00
SAO_1709-10,São Paulo,3550308,True,,33619,,,-23.461714,-46.60282599999999,,,,2,2023-06-15T14:12:19+00:00
SAO_9501-10,São Paulo,3550308,True,EMTU,462,https://moovitapp.com/index/pt-br/transporte_p%C3%BAblico-line-462-Sao_Paulo-242-2038937-36419502-0,7.4,-23.504002999999997,-46.688412,,,,1,2023-06-15T14:11:39+00:00
SAO_9501-10,São Paulo,3550308,True,EMTU,462,https://moovitapp.com/index/pt-br/transporte_p%C3%BAblico-line-462-Sao_Paulo-242-2038937-36419502-0,7.4,-23.524625999999998,-46.649809000000005,,,,1,2023-06-15T14:11:57+00:00
SAO_9501-10,São Paulo,3550308,True,EMTU,462,https://moovitapp.com/index/pt-br/transporte_p%C3%BAblico-line-462-Sao_Paulo-242-2038937-36419502-0,7.4,-23.5176655,-46.68105725,,,,1,2023-06-15T14:11:57+00:00
SAO_9501-10,São Paulo,3550308,True,EMTU,462,https://moovitapp.com/index/pt-br/transporte_p%C3%BAblico-line-462-Sao_Paulo-242-2038937-36419502-0,7.4,-23.522406375000003,-46.6614845,,,,1,2023-06-15T14:12:22+00:00
SAO_9501-10,São Paulo,3550308,True,EMTU,462,https://moovitapp.com/index/pt-br/transporte_p%C3%BAblico-line-462-Sao_Paulo-242-2038937-36419502-0,7.4,-23.5426495,-46.637809000000004,,,,1,2023-06-15T14:12:06+00:00
SAO_9501-10,São Paulo,3550308,True,EMTU,462,https://moovitapp.com/index/pt-br/transporte_p%C3%BAblico-line-462-Sao_Paulo-242-2038937-36419502-0,7.4,-23.5231116875,-46.6514318125,,,,1,2023-06-15T14:11:55+00:00
SAO_9501-10,São Paulo,3550308,True,EMTU,462,https://moovitapp.com/index/pt-br/transporte_p%C3%BAblico-line-462-Sao_Paulo-242-2038937-36419502-0,7.4,-23.502132500000002,-46.68749725,,,,1,2023-06-15T14:12:10+00:00
SAO_9501-10,São Paulo,3550308,True,EMTU,462,https://moovitapp.com/index/pt-br/transporte_p%C3%BAblico-line-462-Sao_Paulo-242-2038937-36419502-0,7.4,-23.475662999999997,-46.670556,,,,1,2023-06-15T14:11:52+00:00
SAO_9501-10,São Paulo,3550308,True,EMTU,462,https://moovitapp.com/index/pt-br/transporte_p%C3%BAblico-line-462-Sao_Paulo-242-2038937-36419502-0,7.4,-23.522406375000003,-46.6614845,,,,1,2023-06-15T14:11:56+00:00
SAO_9501-10,São Paulo,3550308,True,EMTU,462,https://moovitapp.com/index/pt-br/transporte_p%C3%BAblico-line-462-Sao_Paulo-242-2038937-36419502-0,7.4,-23.5429835,-46.6376015,,,,1,2023-06-15T14:12:02+00:00
SAO_9501-10,São Paulo,3550308,True,EMTU,462,https://moovitapp.com/index/pt-br/transporte_p%C3%BAblico-line-462-Sao_Paulo-242-2038937-36419502-0,7.4,-23.481772,-46.675966,,,,1,2023-06-15T14:11:48+00:00
SAO_9501-10,São Paulo,3550308,True,EMTU,462,https://moovitapp.com/index/pt-br/transporte_p%C3%BAblico-line-462-Sao_Paulo-242-2038937-36419502-0,7.4,-23.5215745,-46.667334,,,,1,2023-06-15T14:11:50+00:00
SAO_271P-10,São Paulo,3550308,True,,33472,,,-23.4979085,-46.514503000000005,,,,2,2023-06-15T14:11:59+00:00
SAO_271P-10,São Paulo,3550308,True,,33472,,,-23.535275249999998,-46.628189,,,,2,2023-06-15T14:12:02+00:00
SAO_271P-10,São Paulo,3550308,True,,33472,,,-23.530849,-46.6240815,,,,2,2023-06-15T14:11:38+00:00
SAO_271P-10,São Paulo,3550308,True,,33472,,,-23.535292,-46.575307249999994,,,,2,2023-06-15T14:11:49+00:00
SAO_271P-10,São Paulo,3550308,True,,33472,,,-23.5250665,-46.5507115,,,,2,2023-06-15T14:12:17+00:00
SAO_271P-10,São Paulo,3550308,True,,33472,,,-23.5059935,-46.530111500000004,,,,2,2023-06-15T14:06:48+00:00
SAO_819A-10,São Paulo,3550308,True,Rápido Campinas,803,https://moovitapp.com/index/pt-br/transporte_p%C3%BAblico-line-803-Sao_Paulo-242-858660-544941-0,5.3,-23.472221375,-46.6733435,,,,1,2023-06-15T14:11:45+00:00
SAO_819A-10,São Paulo,3550308,True,Rápido Campinas,803,https://moovitapp.com/index/pt-br/transporte_p%C3%BAblico-line-803-Sao_Paulo-242-858660-544941-0,5.3,-23.488441875,-46.675133875,,,,1,2023-06-15T14:11:54+00:00
SAO_819A-10,São Paulo,3550308,True,Rápido Campinas,803,https://moovitapp.com/index/pt-br/transporte_p%C3%BAblico-line-803-Sao_Paulo-242-858660-544941-0,5.3,-23.4593045,-46.687814,,,,1,2023-06-15T14:11:56+00:00
SAO_819A-10,São Paulo,3550308,True,Rápido Campinas,803,https://moovitapp.com/index/pt-br/transporte_p%C3%BAblico-line-803-Sao_Paulo-242-858660-544941-0,5.3,-23.4495085,-46.700829999999996,,,,1,2023-06-15T14:12:12+00:00
SAO_819A-10,São Paulo,3550308,True,Rápido Campinas,803,https://moovitapp.com/index/pt-br/transporte_p%C3%BAblico-line-803-Sao_Paulo-242-858660-544941-0,5.3,-23.479096,-46.672417749999994,,,,1,2023-06-15T14:12:17+00:00
SAO_819A-10,São Paulo,3550308,True,Rápido Campinas,803,https://moovitapp.com/index/pt-br/transporte_p%C3%BAblico-line-803-Sao_Paulo-242-858660-544941-0,5.3,-23.447145750000004,-46.74501175,,,,1,2023-06-15T14:11:40+00:00
SAO_819A-10,São Paulo,3550308,True,Rápido Campinas,803,https://moovitapp.com/index/pt-br/transporte_p%C3%BAblico-line-803-Sao_Paulo-242-858660-544941-0,5.3,-23.4762645,-46.665585750000005,,,,1,2023-06-15T14:12:16+00:00
SAO_819A-10,São Paulo,3550308,True,Rápido Campinas,803,https://moovitapp.com/index/pt-br/transporte_p%C3%BAblico-line-803-Sao_Paulo-242-858660-544941-0,5.3,-23.4473405,-46.746269,,,,1,2023-06-15T14:12:01+00:00
SAO_819A-10,São Paulo,3550308,True,Rápido Campinas,803,https://moovitapp.com/index/pt-br/transporte_p%C3%BAblico-line-803-Sao_Paulo-242-858660-544941-0,5.3,-23.434202499999998,-46.751169000000004,,,,1,2023-06-15T14:11:46+00:00
SAO_819A-10,São Paulo,3550308,True,Rápido Campinas,803,https://moovitapp.com/index/pt-br/transporte_p%C3%BAblico-line-803-Sao_Paulo-242-858660-544941-0,5.3,-23.43384825,-46.720632375,,,,1,2023-06-15T14:11:42+00:00
SAO_819A-10,São Paulo,3550308,True,Rápido Campinas,803,https://moovitapp.com/index/pt-br/transporte_p%C3%BAblico-line-803-Sao_Paulo-242-858660-544941-0,5.3,-23.45859375,-46.690078375,,,,1,2023-06-15T14:11:50+00:00
SAO_819A-10,São Paulo,3550308,True,Rápido Campinas,803,https://moovitapp.com/index/pt-br/transporte_p%C3%BAblico-line-803-Sao_Paulo-242-858660-544941-0,5.3,-23.46526,-46.679560499999994,,,,1,2023-06-15T14:11:56+00:00
SAO_9653-10,São Paulo,3550308,True,EMTU,588,https://moovitapp.com/index/pt-br/transporte_p%C3%BAblico-line-588-Sao_Paulo-242-2038937-36419575-0,7.55,-23.47046725,-46.665541,,,,1,2023-06-15T14:12:10+00:00
SAO_9653-10,São Paulo,3550308,True,EMTU,588,https://moovitapp.com/index/pt-br/transporte_p%C3%BAblico-line-588-Sao_Paulo-242-2038937-36419575-0,7.55,-23.475762125,-46.66957275,,,,1,2023-06-15T14:11:36+00:00
SAO_9653-10,São Paulo,3550308,True,EMTU,588,https://moovitapp.com/index/pt-br/transporte_p%C3%BAblico-line-588-Sao_Paulo-242-2038937-36419575-0,7.55,-23.50318,-46.6723615,,,,1,2023-06-15T14:12:14+00:00
SAO_9653-10,São Paulo,3550308,True,EMTU,588,https://moovitapp.com/index/pt-br/transporte_p%C3%BAblico-line-588-Sao_Paulo-242-2038937-36419575-0,7.55,-23.4928805,-46.678354,,,,1,2023-06-15T14:12:05+00:00
SAO_9653-10,São Paulo,3550308,True,EMTU,588,https://moovitapp.com/index/pt-br/transporte_p%C3%BAblico-line-588-Sao_Paulo-242-2038937-36419575-0,7.55,-23.466458000000003,-46.6387585,,,,1,2023-06-15T14:12:05+00:00
SAO_9653-10,São Paulo,3550308,True,EMTU,588,https://moovitapp.com/index/pt-br/transporte_p%C3%BAblico-line-588-Sao_Paulo-242-2038937-36419575-0,7.55,-23.542859,-46.636117,,,,1,2023-06-15T14:12:01+00:00
SAO_9653-10,São Paulo,3550308,True,EMTU,588,https://moovitapp.com/index/pt-br/transporte_p%C3%BAblico-line-588-Sao_Paulo-242-2038937-36419575-0,7.55,-23.52316425,-46.6567295,,,,1,2023-06-15T14:12:07+00:00
SAO_9653-10,São Paulo,3550308,True,EMTU,588,https://moovitapp.com/index/pt-br/transporte_p%C3%BAblico-line-588-Sao_Paulo-242-2038937-36419575-0,7.55,-23.53435325,-46.644056,,,,1,2023-06-15T14:11:57+00:00
SAO_9653-10,São Paulo,3550308,True,EMTU,588,https://moovitapp.com/index/pt-br/transporte_p%C3%BAblico-line-588-Sao_Paulo-242-2038937-36419575-0,7.55,-23.5428845,-46.636273,,,,1,2023-06-15T14:12:05+00:00
SAO_7012-10,São Paulo,3550308,True,,34811,,,-23.701609249999997,-46.77664325,,,,2,2023-06-15T14:11:42+00:00
SAO_7012-10,São Paulo,3550308,True,,34811,,,-23.7103945,-46.77583224999999,,,,2,2023-06-15T14:11:39+00:00
SAO_7012-10,São Paulo,3550308,True,,34811,,,-23.677212500000003,-46.760749000000004,,,,2,2023-06-15T14:12:12+00:00
SAO_7012-10,São Paulo,3550308,True,,34811,,,-23.6753815,-46.748957,,,,2,2023-06-15T14:12:08+00:00
SAO_7012-10,São Paulo,3550308,True,,34811,,,-23.7103945,-46.77583224999999,,,,2,2023-06-15T14:12:07+00:00
SAO_2014-10,São Paulo,3550308,True,Urubupungá,900,https://moovitapp.com/index/pt-br/transporte_p%C3%BAblico-line-900-Sao_Paulo-242-873835-496470-0,4.6,-23.483215,-46.6636005,,,,1,2023-06-15T14:12:11+00:00
SAO_2014-10,São Paulo,3550308,True,Urubupungá,900,https://moovitapp.com/index/pt-br/transporte_p%C3%BAblico-line-900-Sao_Paulo-242-873835-496470-0,4.6,-23.526884000000003,-46.673045,,,,1,2023-06-15T14:11:45+00:00
SAO_2014-10,São Paulo,3550308,True,Urubupungá,900,https://moovitapp.com/index/pt-br/transporte_p%C3%BAblico-line-900-Sao_Paulo-242-873835-496470-0,4.6,-23.48518375,-46.66450525,,,,1,2023-06-15T14:12:10+00:00
SAO_2014-10,São Paulo,3550308,True,Urubupungá,900,https://moovitapp.com/index/pt-br/transporte_p%C3%BAblico-line-900-Sao_Paulo-242-873835-496470-0,4.6,-23.453513,-46.6717795,,,,1,2023-06-15T14:11:56+00:00
SAO_2014-10,São Paulo,3550308,True,Urubupungá,900,https://moovitapp.com/index/pt-br/transporte_p%C3%BAblico-line-900-Sao_Paulo-242-873835-496470-0,4.6,-23.5266425,-46.66785350000001,,,,1,2023-06-15T14:12:03+00:00
SAO_2014-10,São Paulo,3550308,True,Urubupungá,900,https://moovitapp.com/index/pt-br/transporte_p%C3%BAblico-line-900-Sao_Paulo-242-873835-496470-0,4.6,-23.465823999999998,-46.6684875,,,,1,2023-06-15T14:12:11+00:00
SAO_2014-10,São Paulo,3550308,True,Urubupungá,900,https://moovitapp.com/index/pt-br/transporte_p%C3%BAblico-line-900-Sao_Paulo-242-873835-496470-0,4.6,-23.495158,-46.661432500000004,,,,1,2023-06-15T14:12:01+00:00
SAO_2014-10,São Paulo,3550308,True,Urubupungá,900,https://moovitapp.com/index/pt-br/transporte_p%C3%BAblico-line-900-Sao_Paulo-242-873835-496470-0,4.6,-23.493816000000002,-46.66180325,,,,1,2023-06-15T14:11:52+00:00
SAO_2014-10,São Paulo,3550308,True,Urubupungá,900,https://moovitapp.com/index/pt-br/transporte_p%C3%BAblico-line-900-Sao_Paulo-242-873835-496470-0,4.6,-23.495697,-46.661814,,,,1,2023-06-15T14:12:15+00:00
SAO_2014-10,São Paulo,3550308,True,Urubupungá,900,https://moovitapp.com/index/pt-br/transporte_p%C3%BAblico-line-900-Sao_Paulo-242-873835-496470-0,4.6,-23.51789025,-46.66721325,,,,1,2023-06-15T14:12:00+00:00
SAO_2014-10,São Paulo,3550308,True,Urubupungá,900,https://moovitapp.com/index/pt-br/transporte_p%C3%BAblico-line-900-Sao_Paulo-242-873835-496470-0,4.6,-23.484004,-46.663740000000004,,,,1,2023-06-15T14:11:54+00:00
SAO_2014-10,São Paulo,3550308,True,Urubupungá,900,https://moovitapp.com/index/pt-br/transporte_p%C3%BAblico-line-900-Sao_Paulo-242-873835-496470-0,4.6,-23.525927000000003,-46.669558499999994,,,,1,2023-06-15T14:12:15+00:00
SAO_2014-10,São Paulo,3550308,True,Urubupungá,900,https://moovitapp.com/index/pt-br/transporte_p%C3%BAblico-line-900-Sao_Paulo-242-873835-496470-0,4.6,-23.4765695,-46.670687,,,,1,2023-06-15T14:11:59+00:00
SAO_2014-10,São Paulo,3550308,True,Urubupungá,900,https://moovitapp.com/index/pt-br/transporte_p%C3%BAblico-line-900-Sao_Paulo-242-873835-496470-0,4.6,-23.52747825,-46.673961500000004,,,,1,2023-06-15T14:11:39+00:00
SAO_574J-10,São Paulo,3550308,True,,34453,,,-23.5678465,-46.54033325,,,,2,2023-06-15T14:12:01+00:00
SAO_574J-10,São Paulo,3550308,True,,34453,,,-23.623062625000003,-46.626875625,,,,2,2023-06-15T14:12:05+00:00
SAO_574J-10,São Paulo,3550308,True,,34453,,,-23.611815749999998,-46.60044275,,,,2,2023-06-15T14:11:38+00:00
SAO_574J-10,São Paulo,3550308,True,,34453,,,-23.5736365,-46.564477499999995,,,,2,2023-06-15T14:11:59+00:00
SAO_574J-10,São Paulo,3550308,True,,34453,,,-23.56452925,-46.52129025,,,,2,2023-06-15T14:11:47+00:00
SAO_574J-10,São Paulo,3550308,True,,34453,,,-23.636083499999998,-46.641462,,,,2,2023-06-15T14:11:38+00:00
SAO_574J-10,São Paulo,3550308,True,,34453,,,-23.581880499999997,-46.5911655,,,,2,2023-06-15T14:12:01+00:00
SAO_574J-10,São Paulo,3550308,True,,34453,,,-23.5994475,-46.600545499999996,,,,2,2023-06-15T14:12:15+00:00
SAO_574J-10,São Paulo,3550308,True,,34453,,,-23.5780545,-46.5776,,,,2,2023-06-15T14:12:20+00:00
SAO_574J-10,São Paulo,3550308,True,,34453,,,-23.636083499999998,-46.641462,,,,2,2023-06-15T14:11:55+00:00
SAO_574J-10,São Paulo,3550308,True,,34453,,,-23.620278875,-46.602904625,,,,2,2023-06-15T14:11:47+00:00
SAO_574J-10,São Paulo,3550308,True,,34453,,,-23.624664000000003,-46.6347685,,,,2,2023-06-15T14:11:49+00:00
SAO_574J-10,São Paulo,3550308,True,,34453,,,-23.636083499999998,-46.641462,,,,2,2023-06-15T14:11:46+00:00
SAO_574J-10,São Paulo,3550308,True,,34453,,,-23.624322,-46.639499,,,,2,2023-06-15T14:12:00+00:00
SAO_1701-10,São Paulo,3550308,True,,33613,,,-23.480579,-46.600464,,,,2,2023-06-15T14:12:14+00:00
SAO_1701-10,São Paulo,3550308,True,,33613,,,-23.447903750000002,-46.57596337499999,,,,2,2023-06-15T14:11:46+00:00
SAO_1701-10,São Paulo,3550308,True,,33613,,,-23.465391,-46.5852105,,,,2,2023-06-15T14:12:02+00:00
SAO_1701-10,São Paulo,3550308,True,,33613,,,-23.47601425,-46.59467975,,,,2,2023-06-15T14:12:16+00:00
SAO_856R-10,São Paulo,3550308,True,,34196,,,-23.5850205,-46.68194475,,,,2,2023-06-15T14:11:39+00:00
SAO_856R-10,São Paulo,3550308,True,,34196,,,-23.6289485,-46.689133999999996,,,,2,2023-06-15T14:12:12+00:00
SAO_856R-10,São Paulo,3550308,True,,34196,,,-23.55725925,-46.67700225,,,,2,2023-06-15T14:11:53+00:00
SAO_856R-10,São Paulo,3550308,True,,34196,,,-23.5291835,-46.683337124999994,,,,2,2023-06-15T14:12:17+00:00
SAO_856R-10,São Paulo,3550308,True,,34196,,,-23.584395875,-46.673928625,,,,2,2023-06-15T14:11:58+00:00
SAO_856R-10,São Paulo,3550308,True,,34196,,,-23.53062625,-46.68097362500001,,,,2,2023-06-15T14:11:38+00:00
SAO_856R-10,São Paulo,3550308,True,,34196,,,-23.6700445,-46.719167999999996,,,,2,2023-06-15T14:10:55+00:00
SAO_856R-10,São Paulo,3550308,True,,34196,,,-23.6147045,-46.679139750000004,,,,2,2023-06-15T14:11:48+00:00
SAO_856R-10,São Paulo,3550308,True,,34196,,,-23.561224875,-46.683620125000004,,,,2,2023-06-15T14:11:42+00:00
SAO_856R-10,São Paulo,3550308,True,,34196,,,-23.596932000000002,-46.673628,,,,2,2023-06-15T14:11:53+00:00
SAO_856R-10,São Paulo,3550308,True,,34196,,,-23.662343874999998,-46.706628,,,,2,2023-06-15T14:12:14+00:00
SAO_856R-10,São Paulo,3550308,True,,34196,,,-23.5548085,-46.672899125,,,,2,2023-06-15T14:12:10+00:00
SAO_1760-10,São Paulo,3550308,True,,33325,,,-23.511322999999997,-46.621713,,,,2,2023-06-15T14:11:47+00:00
SAO_1760-10,São Paulo,3550308,True,,33325,,,-23.4647525,-46.6632075,,,,2,2023-06-15T14:12:03+00:00
SAO_1760-10,São Paulo,3550308,True,,33325,,,-23.4872125,-46.638669,,,,2,2023-06-15T14:12:04+00:00
SAO_3729-10,São Paulo,3550308,True,,1026,,,-23.57421175,-46.541283750000005,,,,1,2023-06-15T14:12:10+00:00
SAO_3729-10,São Paulo,3550308,True,,1026,,,-23.573587250000003,-46.541112749999996,,,,1,2023-06-15T14:11:47+00:00
SAO_3729-10,São Paulo,3550308,True,,1026,,,-23.562116500000002,-46.509861,,,,1,2023-06-15T14:11:44+00:00
SAO_3729-10,São Paulo,3550308,True,,1026,,,-23.583910125000003,-46.5295845,,,,1,2023-06-15T14:11:38+00:00
SAO_3729-10,São Paulo,3550308,True,,1026,,,-23.562904,-46.5544405,,,,1,2023-06-15T14:12:05+00:00
SAO_3729-10,São Paulo,3550308,True,,1026,,,-23.556708,-46.559739500000006,,,,1,2023-06-15T14:11:56+00:00
SAO_3729-10,São Paulo,3550308,True,,1026,,,-23.538457,-46.5637265,,,,1,2023-06-15T14:11:44+00:00
SAO_3729-10,São Paulo,3550308,True,,1026,,,-23.5841935,-46.519512000000006,,,,1,2023-06-15T14:11:42+00:00
SAO_3729-10,São Paulo,3550308,True,,1026,,,-23.5406165,-46.56605125,,,,1,2023-06-15T14:12:20+00:00
SAO_3729-10,São Paulo,3550308,True,,1026,,,-23.562294,-46.556946999999994,,,,1,2023-06-15T14:12:18+00:00
SAO_3729-10,São Paulo,3550308,True,,1026,,,-23.5833375,-46.531596500000006,,,,1,2023-06-15T14:12:02+00:00
SAO_3729-10,São Paulo,3550308,True,,1026,,,-23.568596624999998,-46.50931175000001,,,,1,2023-06-15T14:11:41+00:00
SAO_1771-10,São Paulo,3550308,True,,33402,,,-23.450916499999998,-46.5890275,,,,2,2023-06-15T14:12:17+00:00
SAO_1771-10,São Paulo,3550308,True,,33402,,,-23.486386500000002,-46.6171475,,,,2,2023-06-15T14:11:50+00:00
SAO_1771-10,São Paulo,3550308,True,,33402,,,-23.4789475,-46.607421,,,,2,2023-06-15T14:11:38+00:00
SAO_1771-10,São Paulo,3550308,True,,33402,,,-23.4308,-46.5751545,,,,2,2023-06-15T14:12:14+00:00
SAO_8012-10,São Paulo,3550308,True,,34791,,,-23.5521175,-46.7315415,,,,2,2023-06-15T14:11:50+00:00
SAO_8012-10,São Paulo,3550308,True,,34791,,,-23.55835075,-46.7365775,,,,2,2023-06-15T14:12:13+00:00
SAO_8012-10,São Paulo,3550308,True,,34791,,,-23.569541,-46.711640375,,,,2,2023-06-15T14:12:02+00:00
SAO_5391-10,São Paulo,3550308,True,EMTU,171,https://moovitapp.com/index/pt-br/transporte_p%C3%BAblico-line-171-Sao_Paulo-242-2038937-36419310-0,4.8,-23.564071249999998,-46.64025475,,,,1,2023-06-15T14:12:17+00:00
SAO_5391-10,São Paulo,3550308,True,EMTU,171,https://moovitapp.com/index/pt-br/transporte_p%C3%BAblico-line-171-Sao_Paulo-242-2038937-36419310-0,4.8,-23.6495785625,-46.7037528125,,,,1,2023-06-15T14:12:17+00:00
SAO_5391-10,São Paulo,3550308,True,EMTU,171,https://moovitapp.com/index/pt-br/transporte_p%C3%BAblico-line-171-Sao_Paulo-242-2038937-36419310-0,4.8,-23.59095,-46.650341499999996,,,,1,2023-06-15T14:11:39+00:00
SAO_5391-10,São Paulo,3550308,True,EMTU,171,https://moovitapp.com/index/pt-br/transporte_p%C3%BAblico-line-171-Sao_Paulo-242-2038937-36419310-0,4.8,-23.63973575,-46.696331,,,,1,2023-06-15T14:11:49+00:00
SAO_5391-10,São Paulo,3550308,True,EMTU,171,https://moovitapp.com/index/pt-br/transporte_p%C3%BAblico-line-171-Sao_Paulo-242-2038937-36419310-0,4.8,-23.682178,-46.76720775,,,,1,2023-06-15T14:12:21+00:00
SAO_5391-10,São Paulo,3550308,True,EMTU,171,https://moovitapp.com/index/pt-br/transporte_p%C3%BAblico-line-171-Sao_Paulo-242-2038937-36419310-0,4.8,-23.6179675,-46.6756465,,,,1,2023-06-15T14:11:59+00:00
SAO_5391-10,São Paulo,3550308,True,EMTU,171,https://moovitapp.com/index/pt-br/transporte_p%C3%BAblico-line-171-Sao_Paulo-242-2038937-36419310-0,4.8,-23.665815000000002,-46.7117615,,,,1,2023-06-15T14:09:43+00:00
SAO_5391-10,São Paulo,3550308,True,EMTU,171,https://moovitapp.com/index/pt-br/transporte_p%C3%BAblico-line-171-Sao_Paulo-242-2038937-36419310-0,4.8,-23.602103999999997,-46.660708,,,,1,2023-06-15T14:12:08+00:00
SAO_5391-10,São Paulo,3550308,True,EMTU,171,https://moovitapp.com/index/pt-br/transporte_p%C3%BAblico-line-171-Sao_Paulo-242-2038937-36419310-0,4.8,-23.66655375,-46.719686499999995,,,,1,2023-06-15T14:11:59+00:00
SAO_5391-10,São Paulo,3550308,True,EMTU,171,https://moovitapp.com/index/pt-br/transporte_p%C3%BAblico-line-171-Sao_Paulo-242-2038937-36419310-0,4.8,-23.673477249999998,-46.7453625,,,,1,2023-06-15T14:11:56+00:00
SAO_407J-10,São Paulo,3550308,True,,2198,,,-23.563345249999998,-46.514854,,,,1,2023-06-15T14:12:02+00:00
SAO_407J-10,São Paulo,3550308,True,,2198,,,-23.540729499999998,-46.552147000000005,,,,1,2023-06-15T14:11:48+00:00
SAO_407J-10,São Paulo,3550308,True,,2198,,,-23.543391,-46.4600975,,,,1,2023-06-15T14:11:54+00:00
SAO_407J-10,São Paulo,3550308,True,,2198,,,-23.558166999999997,-46.474722,,,,1,2023-06-15T14:11:36+00:00
SAO_407J-10,São Paulo,3550308,True,,2198,,,-23.5409805,-46.5765495,,,,1,2023-06-15T14:12:15+00:00
SAO_407J-10,São Paulo,3550308,True,,2198,,,-23.558148875,-46.475424625,,,,1,2023-06-15T14:11:42+00:00
SAO_407J-10,São Paulo,3550308,True,,2198,,,-23.556331,-46.470169,,,,1,2023-06-15T14:12:08+00:00
SAO_407J-10,São Paulo,3550308,True,,2198,,,-23.534399999999998,-46.45086025,,,,1,2023-06-15T14:12:06+00:00
SAO_407J-10,São Paulo,3550308,True,,2198,,,-23.5608005,-46.5190595,,,,1,2023-06-15T14:11:40+00:00
SAO_407J-10,São Paulo,3550308,True,,2198,,,-23.567560125,-46.510394375000004,,,,1,2023-06-15T14:11:44+00:00
SAO_407J-10,São Paulo,3550308,True,,2198,,,-23.565397,-46.512668250000004,,,,1,2023-06-15T14:12:07+00:00
SAO_407J-10,São Paulo,3550308,True,,2198,,,-23.535528,-46.4545035,,,,1,2023-06-15T14:11:44+00:00
SAO_407J-10,São Paulo,3550308,True,,2198,,,-23.541631,-46.556836374999996,,,,1,2023-06-15T14:11:58+00:00
SAO_1757-10,São Paulo,3550308,True,,33316,,,-23.49448275,-46.62609775,,,,2,2023-06-15T14:11:39+00:00
SAO_1757-10,São Paulo,3550308,True,,33316,,,-23.471317499999998,-46.6368435,,,,2,2023-06-15T14:12:07+00:00
SAO_1757-10,São Paulo,3550308,True,,33316,,,-23.4654935,-46.635745,,,,2,2023-06-15T14:12:16+00:00
SAO_9717-10,São Paulo,3550308,True,,33585,,,-23.5056985,-46.623694,,,,2,2023-06-15T14:11:42+00:00
SAO_9717-10,São Paulo,3550308,True,,33585,,,-23.50366675,-46.6791195,,,,2,2023-06-15T14:12:08+00:00
SAO_9717-10,São Paulo,3550308,True,,33585,,,-23.4997915,-46.693145,,,,2,2023-06-15T14:11:38+00:00
SAO_9717-10,São Paulo,3550308,True,,33585,,,-23.5094725,-46.6646315,,,,2,2023-06-15T14:12:13+00:00
SAO_1017-10,São Paulo,3550308,True,,34909,,,-23.431948499999997,-46.720337,,,,2,2023-06-15T14:11:49+00:00
SAO_1017-10,São Paulo,3550308,True,,34909,,,-23.413556,-46.7508775,,,,2,2023-06-15T14:11:39+00:00
SAO_1017-10,São Paulo,3550308,True,,34909,,,-23.413738000000002,-46.750985,,,,2,2023-06-15T14:12:08+00:00
SAO_1017-10,São Paulo,3550308,True,,34909,,,-23.450668999999998,-46.715566499999994,,,,2,2023-06-15T14:12:22+00:00
SAO_1017-10,São Paulo,3550308,True,,34909,,,-23.480457,-46.7131015,,,,2,2023-06-15T14:11:53+00:00
SAO_1017-10,São Paulo,3550308,True,,34909,,,-23.404776,-46.741203375,,,,2,2023-06-15T14:12:16+00:00
SAO_1017-10,São Paulo,3550308,True,,34909,,,-23.4115855,-46.752339500000005,,,,2,2023-06-15T14:12:12+00:00
SAO_1017-10,São Paulo,3550308,True,,34909,,,-23.480457,-46.7131015,,,,2,2023-06-15T14:12:12+00:00
SAO_1017-10,São Paulo,3550308,True,,34909,,,-23.485649,-46.710353999999995,,,,2,2023-06-15T14:12:10+00:00
SAO_1020-10,São Paulo,3550308,True,,2497,,,-23.437126499999998,-46.720963499999996,,,,1,2023-06-15T14:11:58+00:00
SAO_1020-10,São Paulo,3550308,True,,2497,,,-23.4875855,-46.7141245,,,,1,2023-06-15T14:11:57+00:00
SAO_1020-10,São Paulo,3550308,True,,2497,,,-23.4047485,-46.740904,,,,1,2023-06-15T14:11:41+00:00
SAO_1020-10,São Paulo,3550308,True,,2497,,,-23.482869,-46.72288,,,,1,2023-06-15T14:11:50+00:00
SAO_1020-10,São Paulo,3550308,True,,2497,,,-23.422752,-46.7247355,,,,1,2023-06-15T14:11:45+00:00
SAO_1020-10,São Paulo,3550308,True,,2497,,,-23.463874500000003,-46.720903500000006,,,,1,2023-06-15T14:11:53+00:00
SAO_574W-10,São Paulo,3550308,True,,1629,,,-23.5729325,-46.533955000000006,,,,1,2023-06-15T14:12:16+00:00
SAO_574W-10,São Paulo,3550308,True,,1629,,,-23.562140499999998,-46.5562115,,,,1,2023-06-15T14:11:48+00:00
SAO_574W-10,São Paulo,3550308,True,,1629,,,-23.54289,-46.588125500000004,,,,1,2023-06-15T14:12:18+00:00
SAO_574W-10,São Paulo,3550308,True,,1629,,,-23.6175605,-46.4814545,,,,1,2023-06-15T14:12:14+00:00
SAO_574W-10,São Paulo,3550308,True,,1629,,,-23.57776025,-46.51689075,,,,1,2023-06-15T14:11:45+00:00
SAO_574W-10,São Paulo,3550308,True,,1629,,,-23.606033250000003,-46.507858999999996,,,,1,2023-06-15T14:12:06+00:00
SAO_574W-10,São Paulo,3550308,True,,1629,,,-23.5429115,-46.5874025,,,,1,2023-06-15T14:12:20+00:00
SAO_574W-10,São Paulo,3550308,True,,1629,,,-23.556195375,-46.575081374999996,,,,1,2023-06-15T14:11:59+00:00
SAO_574W-10,São Paulo,3550308,True,,1629,,,-23.594073875,-46.5191745,,,,1,2023-06-15T14:12:22+00:00
SAO_519M-10,São Paulo,3550308,True,,2211,,,-23.5999295,-46.537481,,,,1,2023-06-15T14:11:37+00:00
SAO_519M-10,São Paulo,3550308,True,,2211,,,-23.582251,-46.585388,,,,1,2023-06-15T14:11:57+00:00
SAO_519M-10,São Paulo,3550308,True,,2211,,,-23.6113395,-46.4753625,,,,1,2023-06-15T14:12:14+00:00
SAO_695T-10,São Paulo,3550308,True,,34090,,,-23.597918749999998,-46.648592,,,,2,2023-06-15T14:12:09+00:00
SAO_695T-10,São Paulo,3550308,True,,34090,,,-23.6546575,-46.761719,,,,2,2023-06-15T14:11:42+00:00
SAO_695T-10,São Paulo,3550308,True,,34090,,,-23.60508725,-46.6637195,,,,2,2023-06-15T14:12:21+00:00
SAO_695T-10,São Paulo,3550308,True,,34090,,,-23.59862375,-46.636741,,,,2,2023-06-15T14:12:13+00:00
SAO_695T-10,São Paulo,3550308,True,,34090,,,-23.64256425,-46.738202,,,,2,2023-06-15T14:11:55+00:00
SAO_695T-10,São Paulo,3550308,True,,34090,,,-23.597349,-46.65512,,,,2,2023-06-15T14:12:02+00:00
SAO_695T-10,São Paulo,3550308,True,,34090,,,-23.6324525,-46.68933725,,,,2,2023-06-15T14:12:23+00:00
SAO_695T-10,São Paulo,3550308,True,,34090,,,-23.6488675,-46.7535655,,,,2,2023-06-15T14:12:08+00:00
SAO_695T-10,São Paulo,3550308,True,,34090,,,-23.64531,-46.7130375,,,,2,2023-06-15T14:12:19+00:00
SAO_695T-10,São Paulo,3550308,True,,34090,,,-23.589709499999998,-46.6344845,,,,2,2023-06-15T14:12:22+00:00
SAO_4013-10,São Paulo,3550308,True,,34954,,,-23.635803,-46.4454185,,,,2,2023-06-15T14:11:40+00:00
SAO_4013-10,São Paulo,3550308,True,,34954,,,-23.622170750000002,-46.465669250000005,,,,2,2023-06-15T14:12:21+00:00
SAO_4013-10,São Paulo,3550308,True,,34954,,,-23.634888,-46.4434555,,,,2,2023-06-15T14:12:02+00:00
SAO_4013-10,São Paulo,3550308,True,,34954,,,-23.635949250000003,-46.444776000000005,,,,2,2023-06-15T14:12:17+00:00
SAO_4013-10,São Paulo,3550308,True,,34954,,,-23.634725000000003,-46.445175750000004,,,,2,2023-06-15T14:11:52+00:00
SAO_273J-10,São Paulo,3550308,True,,33157,,,-23.480711,-46.3844675,,,,2,2023-06-15T14:06:47+00:00
SAO_273J-10,São Paulo,3550308,True,,33157,,,-23.501392000000003,-46.44882375,,,,2,2023-06-15T14:11:39+00:00
SAO_273J-10,São Paulo,3550308,True,,33157,,,-23.518522750000002,-46.469283250000004,,,,2,2023-06-15T14:09:38+00:00
SAO_273J-10,São Paulo,3550308,True,,33157,,,-23.5146415,-46.4970595,,,,2,2023-06-15T14:12:06+00:00
SAO_273J-10,São Paulo,3550308,True,,33157,,,-23.485277500000002,-46.3867055,,,,2,2023-06-15T14:10:03+00:00
SAO_273J-10,São Paulo,3550308,True,,33157,,,-23.490771,-46.43804575,,,,2,2023-06-15T14:11:43+00:00
SAO_2076-10,São Paulo,3550308,True,,368,,,-23.509128750000002,-46.496091500000006,,,,1,2023-06-15T14:12:19+00:00
SAO_2076-10,São Paulo,3550308,True,,368,,,-23.510581000000002,-46.499211,,,,1,2023-06-15T14:11:50+00:00
SAO_2076-10,São Paulo,3550308,True,,368,,,-23.506049,-46.388675000000006,,,,1,2023-06-15T14:12:15+00:00
SAO_2076-10,São Paulo,3550308,True,,368,,,-23.52130125,-46.546188,,,,1,2023-06-15T14:11:47+00:00
SAO_2076-10,São Paulo,3550308,True,,368,,,-23.492277,-46.388031,,,,1,2023-06-15T14:11:59+00:00
SAO_2076-10,São Paulo,3550308,True,,368,,,-23.485372499999997,-46.480683,,,,1,2023-06-15T14:11:08+00:00
SAO_5103-10,São Paulo,3550308,True,,34414,,,-23.600363625,-46.626023374999995,,,,2,2023-06-15T14:11:37+00:00
SAO_5103-10,São Paulo,3550308,True,,34414,,,-23.60362825,-46.602778,,,,2,2023-06-15T14:11:48+00:00
SAO_5103-10,São Paulo,3550308,True,,34414,,,-23.5998355,-46.6248095,,,,2,2023-06-15T14:12:14+00:00
SAO_5103-10,São Paulo,3550308,True,,34414,,,-23.60102375,-46.62189425,,,,2,2023-06-15T14:11:51+00:00
SAO_5103-10,São Paulo,3550308,True,,34414,,,-23.596826749999998,-46.646049375000004,,,,2,2023-06-15T14:11:57+00:00
SAO_178T-10,São Paulo,3550308,True,,33333,,,-23.5049575,-46.6926845,,,,2,2023-06-15T14:11:40+00:00
SAO_178T-10,São Paulo,3550308,True,,33333,,,-23.524087,-46.71858475,,,,2,2023-06-15T14:11:37+00:00
SAO_178T-10,São Paulo,3550308,True,,33333,,,-23.503125,-46.6245765,,,,2,2023-06-15T14:11:54+00:00
SAO_178T-10,São Paulo,3550308,True,,33333,,,-23.499637999999997,-46.6256595,,,,2,2023-06-15T14:12:20+00:00
SAO_178T-10,São Paulo,3550308,True,,33333,,,-23.4952275,-46.660738,,,,2,2023-06-15T14:11:54+00:00
SAO_178T-10,São Paulo,3550308,True,,33333,,,-23.506769499999997,-46.705805999999995,,,,2,2023-06-15T14:12:16+00:00
SAO_3756-10,São Paulo,3550308,True,,1050,,,-23.542569,-46.471864499999995,,,,1,2023-06-15T14:11:51+00:00
SAO_3756-10,São Paulo,3550308,True,,1050,,,-23.54482325,-46.46301775,,,,1,2023-06-15T14:11:31+00:00
SAO_3756-10,São Paulo,3550308,True,,1050,,,-23.5575155,-46.444216499999996,,,,1,2023-06-15T14:12:06+00:00
SAO_3756-10,São Paulo,3550308,True,,1050,,,-23.5644505,-46.416008,,,,1,2023-06-15T14:12:20+00:00
SAO_3756-10,São Paulo,3550308,True,,1050,,,-23.557647499999998,-46.44378975,,,,1,2023-06-15T14:08:04+00:00
SAO_7023-10,São Paulo,3550308,True,,2152,,,-23.672656500000002,-46.734391,,,,1,2023-06-15T14:11:46+00:00
SAO_7023-10,São Paulo,3550308,True,,2152,,,-23.653890625,-46.71154075,,,,1,2023-06-15T14:12:19+00:00
SAO_7023-10,São Paulo,3550308,True,,2152,,,-23.698786,-46.7627765,,,,1,2023-06-15T14:10:27+00:00
SAO_7023-10,São Paulo,3550308,True,,2152,,,-23.665814,-46.7123645,,,,1,2023-06-15T14:08:57+00:00
SAO_7023-10,São Paulo,3550308,True,,2152,,,-23.6861375,-46.737840500000004,,,,1,2023-06-15T14:11:54+00:00
SAO_7023-10,São Paulo,3550308,True,,2152,,,-23.6885255,-46.758165500000004,,,,1,2023-06-15T14:12:17+00:00
SAO_7023-10,São Paulo,3550308,True,,2152,,,-23.674552249999998,-46.73433,,,,1,2023-06-15T14:11:16+00:00
SAO_7023-10,São Paulo,3550308,True,,2152,,,-23.67024,-46.7343505,,,,1,2023-06-15T14:11:45+00:00
SAO_7023-10,São Paulo,3550308,True,,2152,,,-23.667369,-46.728165,,,,1,2023-06-15T14:09:59+00:00
SAO_4027-10,São Paulo,3550308,True,,33865,,,-23.6218445,-46.465783,,,,2,2023-06-15T14:12:06+00:00
SAO_4027-10,São Paulo,3550308,True,,33865,,,-23.5931925,-46.489129500000004,,,,2,2023-06-15T14:11:47+00:00
SAO_4027-10,São Paulo,3550308,True,,33865,,,-23.60715,-46.478787499999996,,,,2,2023-06-15T14:12:04+00:00
SAO_4027-10,São Paulo,3550308,True,,33865,,,-23.6406845,-46.441066500000005,,,,2,2023-06-15T14:11:47+00:00
SAO_4027-10,São Paulo,3550308,True,,33865,,,-23.641898,-46.438882500000005,,,,2,2023-06-15T14:12:19+00:00
SAO_4027-10,São Paulo,3550308,True,,33865,,,-23.6114825,-46.475153000000006,,,,2,2023-06-15T14:12:07+00:00
SAO_4027-10,São Paulo,3550308,True,,33865,,,-23.641898,-46.438882500000005,,,,2,2023-06-15T14:11:59+00:00
SAO_4027-10,São Paulo,3550308,True,,33865,,,-23.593264,-46.489357999999996,,,,2,2023-06-15T14:12:09+00:00
SAO_4027-10,São Paulo,3550308,True,,33865,,,-23.593152,-46.4890015,,,,2,2023-06-15T14:12:00+00:00
SAO_4027-10,São Paulo,3550308,True,,33865,,,-23.641898,-46.438882500000005,,,,2,2023-06-15T14:11:57+00:00
SAO_4027-10,São Paulo,3550308,True,,33865,,,-23.593264,-46.489357999999996,,,,2,2023-06-15T14:12:11+00:00
SAO_5129-10,São Paulo,3550308,True,,1281,,,-23.679968000000002,-46.636858000000004,,,,1,2023-06-15T14:12:14+00:00
SAO_5129-10,São Paulo,3550308,True,,1281,,,-23.668594499999998,-46.7355085,,,,1,2023-06-15T14:11:38+00:00
SAO_5129-10,São Paulo,3550308,True,,1281,,,-23.676681,-46.64175899999999,,,,1,2023-06-15T14:12:04+00:00
SAO_5129-10,São Paulo,3550308,True,,1281,,,-23.672249,-46.677648500000004,,,,1,2023-06-15T14:12:19+00:00
SAO_5129-10,São Paulo,3550308,True,,1281,,,-23.6659455,-46.715094750000006,,,,1,2023-06-15T14:11:44+00:00
SAO_5129-10,São Paulo,3550308,True,,1281,,,-23.645794,-46.671467,,,,1,2023-06-15T14:11:41+00:00
SAO_5129-10,São Paulo,3550308,True,,1281,,,-23.683352875,-46.6923145,,,,1,2023-06-15T14:12:13+00:00
SAO_6200-10,São Paulo,3550308,True,,355,,,-23.567838000000002,-46.6596756875,,,,1,2023-06-15T14:11:59+00:00
SAO_6200-10,São Paulo,3550308,True,,355,,,-23.58520275,-46.688413,,,,1,2023-06-15T14:12:22+00:00
SAO_6200-10,São Paulo,3550308,True,,355,,,-23.548989,-46.6395165,,,,1,2023-06-15T14:12:14+00:00
SAO_6200-10,São Paulo,3550308,True,,355,,,-23.64102075,-46.723828,,,,1,2023-06-15T14:12:17+00:00
SAO_6200-10,São Paulo,3550308,True,,355,,,-23.5560215,-46.6502465,,,,1,2023-06-15T14:12:22+00:00
SAO_6200-10,São Paulo,3550308,True,,355,,,-23.57027475,-46.66202125,,,,1,2023-06-15T14:12:05+00:00
SAO_6200-10,São Paulo,3550308,True,,355,,,-23.654097999999998,-46.710685,,,,1,2023-06-15T14:11:46+00:00
SAO_6200-10,São Paulo,3550308,True,,355,,,-23.59035775,-46.691216499999996,,,,1,2023-06-15T14:12:09+00:00
SAO_6200-10,São Paulo,3550308,True,,355,,,-23.620607,-46.700401,,,,1,2023-06-15T14:12:18+00:00
SAO_6200-10,São Paulo,3550308,True,,355,,,-23.653048,-46.721332499999995,,,,1,2023-06-15T14:12:22+00:00
SAO_178Y-10,São Paulo,3550308,True,,33636,,,-23.48124575,-46.627605,,,,2,2023-06-15T14:12:12+00:00
SAO_178Y-10,São Paulo,3550308,True,,33636,,,-23.471104,-46.636264,,,,2,2023-06-15T14:09:02+00:00
SAO_178Y-10,São Paulo,3550308,True,,33636,,,-23.465504000000003,-46.636331999999996,,,,2,2023-06-15T14:06:33+00:00
SAO_178Y-10,São Paulo,3550308,True,,33636,,,-23.490645999999998,-46.619079,,,,2,2023-06-15T14:11:18+00:00
SAO_178Y-10,São Paulo,3550308,True,,33636,,,-23.4794835,-46.6276365,,,,2,2023-06-15T14:11:52+00:00
SAO_3785-10,São Paulo,3550308,True,,33831,,,-23.591703000000003,-46.3941935,,,,2,2023-06-15T14:12:17+00:00
SAO_3785-10,São Paulo,3550308,True,,33831,,,-23.591703000000003,-46.3941935,,,,2,2023-06-15T14:12:01+00:00
SAO_3785-10,São Paulo,3550308,True,,33831,,,-23.54553525,-46.46165175,,,,2,2023-06-15T14:11:42+00:00
SAO_3785-10,São Paulo,3550308,True,,33831,,,-23.594753,-46.442143,,,,2,2023-06-15T14:11:42+00:00
SAO_3785-10,São Paulo,3550308,True,,33831,,,-23.591703000000003,-46.3941935,,,,2,2023-06-15T14:11:54+00:00
SAO_3785-10,São Paulo,3550308,True,,33831,,,-23.55464475,-46.454436375,,,,2,2023-06-15T14:11:42+00:00
SAO_3785-10,São Paulo,3550308,True,,33831,,,-23.583405,-46.394671,,,,2,2023-06-15T14:12:01+00:00
SAO_3785-10,São Paulo,3550308,True,,33831,,,-23.591207,-46.394471,,,,2,2023-06-15T14:11:56+00:00
SAO_2766-10,São Paulo,3550308,True,EMTU,405,https://moovitapp.com/index/pt-br/transporte_p%C3%BAblico-line-405-Sao_Paulo-242-2038937-36419467-0,5.35,-23.513952,-46.443816999999996,,,,1,2023-06-15T14:12:10+00:00
SAO_2766-10,São Paulo,3550308,True,EMTU,405,https://moovitapp.com/index/pt-br/transporte_p%C3%BAblico-line-405-Sao_Paulo-242-2038937-36419467-0,5.35,-23.49529025,-46.43150675,,,,1,2023-06-15T14:12:10+00:00
SAO_2766-10,São Paulo,3550308,True,EMTU,405,https://moovitapp.com/index/pt-br/transporte_p%C3%BAblico-line-405-Sao_Paulo-242-2038937-36419467-0,5.35,-23.513456125,-46.39201975,,,,1,2023-06-15T14:11:49+00:00
SAO_2766-10,São Paulo,3550308,True,EMTU,405,https://moovitapp.com/index/pt-br/transporte_p%C3%BAblico-line-405-Sao_Paulo-242-2038937-36419467-0,5.35,-23.5388555,-46.456513,,,,1,2023-06-15T14:11:47+00:00
SAO_2766-10,São Paulo,3550308,True,EMTU,405,https://moovitapp.com/index/pt-br/transporte_p%C3%BAblico-line-405-Sao_Paulo-242-2038937-36419467-0,5.35,-23.5353435,-46.454581000000005,,,,1,2023-06-15T14:12:07+00:00
SAO_2766-10,São Paulo,3550308,True,EMTU,405,https://moovitapp.com/index/pt-br/transporte_p%C3%BAblico-line-405-Sao_Paulo-242-2038937-36419467-0,5.35,-23.4948755,-46.442963500000005,,,,1,2023-06-15T14:12:14+00:00
SAO_2766-10,São Paulo,3550308,True,EMTU,405,https://moovitapp.com/index/pt-br/transporte_p%C3%BAblico-line-405-Sao_Paulo-242-2038937-36419467-0,5.35,-23.495036,-46.410132000000004,,,,1,2023-06-15T14:11:40+00:00
SAO_2766-10,São Paulo,3550308,True,EMTU,405,https://moovitapp.com/index/pt-br/transporte_p%C3%BAblico-line-405-Sao_Paulo-242-2038937-36419467-0,5.35,-23.526847500000002,-46.446185,,,,1,2023-06-15T14:11:50+00:00
SAO_5119-10,São Paulo,3550308,True,,1,,,-23.612974875,-46.729773375,,,,1,2023-06-15T14:11:53+00:00
SAO_5119-10,São Paulo,3550308,True,,1,,,-23.586530000000003,-46.695387999999994,,,,1,2023-06-15T14:11:51+00:00
SAO_5119-10,São Paulo,3550308,True,,1,,,-23.59857875,-46.719541,,,,1,2023-06-15T14:11:48+00:00
SAO_5119-10,São Paulo,3550308,True,,1,,,-23.573643750000002,-46.65529775,,,,1,2023-06-15T14:12:01+00:00
SAO_5119-10,São Paulo,3550308,True,,1,,,-23.6490105,-46.7535625,,,,1,2023-06-15T14:12:11+00:00
SAO_5119-10,São Paulo,3550308,True,,1,,,-23.626061749999998,-46.7348065,,,,1,2023-06-15T14:12:03+00:00
SAO_5119-10,São Paulo,3550308,True,,1,,,-23.584485750000002,-46.6807685,,,,1,2023-06-15T14:12:12+00:00
SAO_5119-10,São Paulo,3550308,True,,1,,,-23.599397250000003,-46.721415125,,,,1,2023-06-15T14:12:21+00:00
SAO_5119-10,São Paulo,3550308,True,,1,,,-23.576032499999997,-46.65792175,,,,1,2023-06-15T14:12:10+00:00
SAO_5119-10,São Paulo,3550308,True,,1,,,-23.629079375000003,-46.736171875,,,,1,2023-06-15T14:11:43+00:00
SAO_5106-21,São Paulo,3550308,True,,34740,,,-23.596569000000002,-46.69084599999999,,,,2,2023-06-15T14:11:37+00:00
SAO_5106-21,São Paulo,3550308,True,,34740,,,-23.652539500000003,-46.6374085,,,,2,2023-06-15T14:12:06+00:00
SAO_5106-21,São Paulo,3550308,True,,34740,,,-23.604161875000003,-46.65908675,,,,2,2023-06-15T14:11:55+00:00
SAO_5106-21,São Paulo,3550308,True,,34740,,,-23.6051015,-46.6753275,,,,2,2023-06-15T14:12:03+00:00
SAO_5106-21,São Paulo,3550308,True,,34740,,,-23.6848065,-46.653604,,,,2,2023-06-15T14:12:02+00:00
SAO_5106-21,São Paulo,3550308,True,,34740,,,-23.6394745,-46.641374500000005,,,,2,2023-06-15T14:12:11+00:00
SAO_5106-21,São Paulo,3550308,True,,34740,,,-23.607058000000002,-46.6934405,,,,2,2023-06-15T14:11:41+00:00
SAO_5106-21,São Paulo,3550308,True,,34740,,,-23.688736,-46.63731075,,,,2,2023-06-15T14:11:47+00:00
SAO_677Y-10,São Paulo,3550308,True,,1240,,,-23.644247749999998,-46.7435985,,,,1,2023-06-15T14:12:00+00:00
SAO_677Y-10,São Paulo,3550308,True,,1240,,,-23.645992,-46.7466455,,,,1,2023-06-15T14:12:05+00:00
SAO_677Y-10,São Paulo,3550308,True,,1240,,,-23.65436375,-46.760079499999996,,,,1,2023-06-15T14:12:19+00:00
SAO_677Y-10,São Paulo,3550308,True,,1240,,,-23.663792750000002,-46.781895,,,,1,2023-06-15T14:11:49+00:00
SAO_677Y-10,São Paulo,3550308,True,,1240,,,-23.6487995,-46.749903,,,,1,2023-06-15T14:12:04+00:00
SAO_677Y-10,São Paulo,3550308,True,,1240,,,-23.646397,-46.746840000000006,,,,1,2023-06-15T14:11:42+00:00
SAO_677Y-10,São Paulo,3550308,True,,1240,,,-23.68599675,-46.8012415,,,,1,2023-06-15T14:11:55+00:00
SAO_677Y-10,São Paulo,3550308,True,,1240,,,-23.645110000000003,-46.74580949999999,,,,1,2023-06-15T14:12:09+00:00
SAO_677Y-10,São Paulo,3550308,True,,1240,,,-23.6448945,-46.745576,,,,1,2023-06-15T14:11:55+00:00
SAO_677Y-10,São Paulo,3550308,True,,1240,,,-23.651250249999997,-46.757353499999994,,,,1,2023-06-15T14:11:55+00:00
SAO_677Y-10,São Paulo,3550308,True,,1240,,,-23.6548535,-46.7605565,,,,1,2023-06-15T14:12:20+00:00
SAO_273V-10,São Paulo,3550308,True,,32999,,,-23.536119499999998,-46.465230500000004,,,,2,2023-06-15T14:12:15+00:00
SAO_273V-10,São Paulo,3550308,True,,32999,,,-23.521801500000002,-46.4246465,,,,2,2023-06-15T14:12:11+00:00
SAO_273V-10,São Paulo,3550308,True,,32999,,,-23.5331465,-46.543474,,,,2,2023-06-15T14:12:03+00:00
SAO_3139-10,São Paulo,3550308,True,,995,,,-23.553483999999997,-46.623046,,,,1,2023-06-15T14:12:10+00:00
SAO_3139-10,São Paulo,3550308,True,,995,,,-23.555611312499998,-46.599202625000004,,,,1,2023-06-15T14:11:50+00:00
SAO_3139-10,São Paulo,3550308,True,,995,,,-23.556353125,-46.574729125000005,,,,1,2023-06-15T14:11:53+00:00
SAO_7006-10,São Paulo,3550308,True,,34763,,,-23.7160765,-46.78321925,,,,2,2023-06-15T14:11:57+00:00
SAO_7006-10,São Paulo,3550308,True,,34763,,,-23.73443825,-46.781912750000004,,,,2,2023-06-15T14:11:43+00:00
SAO_7006-10,São Paulo,3550308,True,,34763,,,-23.750601,-46.777545,,,,2,2023-06-15T14:11:40+00:00
SAO_7006-10,São Paulo,3550308,True,,34763,,,-23.6905325,-46.774566500000006,,,,2,2023-06-15T14:11:47+00:00
SAO_7006-10,São Paulo,3550308,True,,34763,,,-23.750601,-46.777545,,,,2,2023-06-15T14:12:14+00:00
SAO_7006-10,São Paulo,3550308,True,,34763,,,-23.750601,-46.777545,,,,2,2023-06-15T14:11:58+00:00
SAO_5034-10,São Paulo,3550308,True,,34431,,,-23.603029499999998,-46.6023045,,,,2,2023-06-15T14:12:20+00:00
SAO_5034-10,São Paulo,3550308,True,,34431,,,-23.6530245,-46.602299,,,,2,2023-06-15T14:12:20+00:00
SAO_5034-10,São Paulo,3550308,True,,34431,,,-23.6530245,-46.602299,,,,2,2023-06-15T14:12:22+00:00
SAO_5034-10,São Paulo,3550308,True,,34431,,,-23.643741749999997,-46.595582750000005,,,,2,2023-06-15T14:11:56+00:00
SAO_5034-10,São Paulo,3550308,True,,34431,,,-23.637269500000002,-46.599164,,,,2,2023-06-15T14:11:36+00:00
SAO_675G-10,São Paulo,3550308,True,,32874,,,-23.64369675,-46.665294,,,,2,2023-06-15T14:11:51+00:00
SAO_675G-10,São Paulo,3550308,True,,32874,,,-23.743226,-46.669959500000004,,,,2,2023-06-15T14:12:12+00:00
SAO_675G-10,São Paulo,3550308,True,,32874,,,-23.683536,-46.6912135,,,,2,2023-06-15T14:11:53+00:00
SAO_675G-10,São Paulo,3550308,True,,32874,,,-23.686216,-46.693711,,,,2,2023-06-15T14:08:54+00:00
SAO_675G-10,São Paulo,3550308,True,,32874,,,-23.641468500000002,-46.654921,,,,2,2023-06-15T14:12:12+00:00
SAO_675G-10,São Paulo,3550308,True,,32874,,,-23.709925,-46.699603999999994,,,,2,2023-06-15T14:11:45+00:00
SAO_675G-10,São Paulo,3550308,True,,32874,,,-23.735566249999998,-46.695197625000006,,,,2,2023-06-15T14:12:13+00:00
SAO_407P-10,São Paulo,3550308,True,,2200,,,-23.5324455,-46.536248,,,,1,2023-06-15T14:12:00+00:00
SAO_407P-10,São Paulo,3550308,True,,2200,,,-23.5324455,-46.536248,,,,1,2023-06-15T14:11:43+00:00
SAO_407P-10,São Paulo,3550308,True,,2200,,,-23.559901000000004,-46.41466925,,,,1,2023-06-15T14:12:18+00:00
SAO_407P-10,São Paulo,3550308,True,,2200,,,-23.5401025,-46.459676,,,,1,2023-06-15T14:11:28+00:00
SAO_407P-10,São Paulo,3550308,True,,2200,,,-23.5479805,-46.4121315,,,,1,2023-06-15T14:12:12+00:00
SAO_407P-10,São Paulo,3550308,True,,2200,,,-23.531129,-46.5200995,,,,1,2023-06-15T14:12:09+00:00
SAO_407P-10,São Paulo,3550308,True,,2200,,,-23.527338,-46.43186325,,,,1,2023-06-15T14:10:12+00:00
SAO_407P-10,São Paulo,3550308,True,,2200,,,-23.5404725,-46.5751875,,,,1,2023-06-15T14:11:43+00:00
SAO_407P-10,São Paulo,3550308,True,,2200,,,-23.579957,-46.4152845,,,,1,2023-06-15T14:12:04+00:00
SAO_407P-10,São Paulo,3550308,True,,2200,,,-23.5422325,-46.413216500000004,,,,1,2023-06-15T14:11:51+00:00
SAO_407P-10,São Paulo,3550308,True,,2200,,,-23.536626625000004,-46.55699375,,,,1,2023-06-15T14:09:04+00:00
SAO_407P-10,São Paulo,3550308,True,,2200,,,-23.534845,-46.548697000000004,,,,1,2023-06-15T14:11:38+00:00
SAO_407P-10,São Paulo,3550308,True,,2200,,,-23.53989675,-46.42224949999999,,,,1,2023-06-15T14:11:52+00:00
SAO_407P-10,São Paulo,3550308,True,,2200,,,-23.5259335,-46.4386825,,,,1,2023-06-15T14:12:06+00:00
SAO_3112-10,São Paulo,3550308,True,,1080,,,-23.555865500000003,-46.600069000000005,,,,1,2023-06-15T14:11:55+00:00
SAO_3112-10,São Paulo,3550308,True,,1080,,,-23.611357499999997,-46.528727,,,,1,2023-06-15T14:12:08+00:00
SAO_3112-10,São Paulo,3550308,True,,1080,,,-23.581129,-46.561929,,,,1,2023-06-15T14:12:18+00:00
SAO_3112-10,São Paulo,3550308,True,,1080,,,-23.546346749999998,-46.5877525,,,,1,2023-06-15T14:11:48+00:00
SAO_3112-10,São Paulo,3550308,True,,1080,,,-23.5839635,-46.581899,,,,1,2023-06-15T14:12:01+00:00
SAO_3112-10,São Paulo,3550308,True,,1080,,,-23.542462,-46.590803,,,,1,2023-06-15T14:12:10+00:00
SAO_3112-10,São Paulo,3550308,True,,1080,,,-23.5889195,-46.543938999999995,,,,1,2023-06-15T14:11:47+00:00
SAO_3112-10,São Paulo,3550308,True,,1080,,,-23.542686,-46.5910485,,,,1,2023-06-15T14:11:57+00:00
SAO_888P-10,São Paulo,3550308,True,EMTU,454,https://moovitapp.com/index/pt-br/transporte_p%C3%BAblico-line-454-Sao_Paulo-242-2038937-36419497-0,5.25,-23.4477495,-46.714983000000004,,,,1,2023-06-15T14:11:52+00:00
SAO_888P-10,São Paulo,3550308,True,EMTU,454,https://moovitapp.com/index/pt-br/transporte_p%C3%BAblico-line-454-Sao_Paulo-242-2038937-36419497-0,5.25,-23.447001,-46.74457099999999,,,,1,2023-06-15T14:11:42+00:00
SAO_888P-10,São Paulo,3550308,True,EMTU,454,https://moovitapp.com/index/pt-br/transporte_p%C3%BAblico-line-454-Sao_Paulo-242-2038937-36419497-0,5.25,-23.417836875,-46.755831625,,,,1,2023-06-15T14:11:59+00:00
SAO_888P-10,São Paulo,3550308,True,EMTU,454,https://moovitapp.com/index/pt-br/transporte_p%C3%BAblico-line-454-Sao_Paulo-242-2038937-36419497-0,5.25,-23.4543815,-46.742081,,,,1,2023-06-15T14:12:05+00:00
SAO_888P-10,São Paulo,3550308,True,EMTU,454,https://moovitapp.com/index/pt-br/transporte_p%C3%BAblico-line-454-Sao_Paulo-242-2038937-36419497-0,5.25,-23.442588,-46.7083115,,,,1,2023-06-15T14:11:54+00:00
SAO_5752-10,São Paulo,3550308,True,,1287,,,-23.675185,-46.66126,,,,1,2023-06-15T14:11:40+00:00
SAO_5752-10,São Paulo,3550308,True,,1287,,,-23.65428175,-46.648942250000005,,,,1,2023-06-15T14:12:00+00:00
SAO_5752-10,São Paulo,3550308,True,,1287,,,-23.6776805,-46.65809725,,,,1,2023-06-15T14:12:18+00:00
SAO_5752-10,São Paulo,3550308,True,,1287,,,-23.660522999999998,-46.658369,,,,1,2023-06-15T14:12:05+00:00
SAO_5752-10,São Paulo,3550308,True,,1287,,,-23.66271,-46.66547,,,,1,2023-06-15T14:12:02+00:00
SAO_5752-10,São Paulo,3550308,True,,1287,,,-23.6908765,-46.650728,,,,1,2023-06-15T14:12:09+00:00
SAO_5752-10,São Paulo,3550308,True,,1287,,,-23.6350185,-46.6409525,,,,1,2023-06-15T14:12:00+00:00
SAO_5752-10,São Paulo,3550308,True,,1287,,,-23.6861645,-46.647934,,,,1,2023-06-15T14:11:34+00:00
SAO_5752-10,São Paulo,3550308,True,,1287,,,-23.651252,-46.647583999999995,,,,1,2023-06-15T14:11:38+00:00
SAO_5752-10,São Paulo,3550308,True,,1287,,,-23.658367,-46.6558555,,,,1,2023-06-15T14:12:13+00:00
SAO_5752-10,São Paulo,3550308,True,,1287,,,-23.679972,-46.655108999999996,,,,1,2023-06-15T14:11:27+00:00
SAO_5752-10,São Paulo,3550308,True,,1287,,,-23.6908765,-46.650728,,,,1,2023-06-15T14:12:01+00:00
SAO_5752-10,São Paulo,3550308,True,,1287,,,-23.6685965,-46.667542,,,,1,2023-06-15T14:12:09+00:00
SAO_5119-10,São Paulo,3550308,True,,32769,,,-23.6423055,-46.740426,,,,2,2023-06-15T14:11:55+00:00
SAO_5119-10,São Paulo,3550308,True,,32769,,,-23.5779285,-46.660012249999994,,,,2,2023-06-15T14:12:09+00:00
SAO_5119-10,São Paulo,3550308,True,,32769,,,-23.654559499999998,-46.761131500000005,,,,2,2023-06-15T14:12:11+00:00
SAO_5119-10,São Paulo,3550308,True,,32769,,,-23.596853,-46.7085385,,,,2,2023-06-15T14:12:06+00:00
SAO_5119-10,São Paulo,3550308,True,,32769,,,-23.551664000000002,-46.6372965,,,,2,2023-06-15T14:12:19+00:00
SAO_5119-10,São Paulo,3550308,True,,32769,,,-23.5836295,-46.669323500000004,,,,2,2023-06-15T14:12:19+00:00
SAO_5119-10,São Paulo,3550308,True,,32769,,,-23.56045,-46.643369375,,,,2,2023-06-15T14:11:51+00:00
SAO_5119-10,São Paulo,3550308,True,,32769,,,-23.589287499999998,-46.7009585,,,,2,2023-06-15T14:12:00+00:00
SAO_5119-10,São Paulo,3550308,True,,32769,,,-23.57136625,-46.652798250000004,,,,2,2023-06-15T14:12:23+00:00
SAO_5119-10,São Paulo,3550308,True,,32769,,,-23.6008595,-46.7093775,,,,2,2023-06-15T14:11:57+00:00
SAO_2583-10,São Paulo,3550308,True,EMTU,375,https://moovitapp.com/index/pt-br/transporte_p%C3%BAblico-line-375-Sao_Paulo-242-2038937-36419449-0,11.7,-23.5213665,-46.545969,,,,1,2023-06-15T14:12:15+00:00
SAO_2583-10,São Paulo,3550308,True,EMTU,375,https://moovitapp.com/index/pt-br/transporte_p%C3%BAblico-line-375-Sao_Paulo-242-2038937-36419449-0,11.7,-23.5123885,-46.514519,,,,1,2023-06-15T14:11:49+00:00
SAO_2583-10,São Paulo,3550308,True,EMTU,375,https://moovitapp.com/index/pt-br/transporte_p%C3%BAblico-line-375-Sao_Paulo-242-2038937-36419449-0,11.7,-23.5042275,-46.433672,,,,1,2023-06-15T14:10:13+00:00
SAO_9005-10,São Paulo,3550308,True,,33640,,,-23.47103275,-46.670381750000004,,,,2,2023-06-15T14:11:49+00:00
SAO_9005-10,São Paulo,3550308,True,,33640,,,-23.4505415,-46.6768235,,,,2,2023-06-15T14:12:19+00:00
SAO_9005-10,São Paulo,3550308,True,,33640,,,-23.4509325,-46.690256000000005,,,,2,2023-06-15T14:11:36+00:00
SAO_9005-10,São Paulo,3550308,True,,33640,,,-23.4543195,-46.6936435,,,,2,2023-06-15T14:12:08+00:00
SAO_9005-10,São Paulo,3550308,True,,33640,,,-23.4543195,-46.6936435,,,,2,2023-06-15T14:11:40+00:00
SAO_9005-10,São Paulo,3550308,True,,33640,,,-23.4542405,-46.693987250000006,,,,2,2023-06-15T14:11:37+00:00
SAO_9005-10,São Paulo,3550308,True,,33640,,,-23.45410675,-46.694542500000004,,,,2,2023-06-15T14:12:00+00:00
SAO_9005-10,São Paulo,3550308,True,,33640,,,-23.4543195,-46.6936435,,,,2,2023-06-15T14:12:14+00:00
SAO_9005-10,São Paulo,3550308,True,,33640,,,-23.4543195,-46.6936435,,,,2,2023-06-15T14:11:59+00:00
SAO_9005-10,São Paulo,3550308,True,,33640,,,-23.450547,-46.6835995,,,,2,2023-06-15T14:12:15+00:00
SAO_9005-10,São Paulo,3550308,True,,33640,,,-23.463513,-46.6723815,,,,2,2023-06-15T14:11:51+00:00
SAO_9005-10,São Paulo,3550308,True,,33640,,,-23.4542405,-46.693987250000006,,,,2,2023-06-15T14:11:50+00:00
SAO_9005-10,São Paulo,3550308,True,,33640,,,-23.4748455,-46.669852500000005,,,,2,2023-06-15T14:11:57+00:00
SAO_848L-10,São Paulo,3550308,True,,33576,,,-23.414156,-46.75083600000001,,,,2,2023-06-15T14:11:51+00:00
SAO_848L-10,São Paulo,3550308,True,,33576,,,-23.441124000000002,-46.72545100000001,,,,2,2023-06-15T14:11:56+00:00
SAO_848L-10,São Paulo,3550308,True,,33576,,,-23.4144305,-46.7510005,,,,2,2023-06-15T14:11:52+00:00
SAO_848L-10,São Paulo,3550308,True,,33576,,,-23.457057499999998,-46.719627,,,,2,2023-06-15T14:11:41+00:00
SAO_848L-10,São Paulo,3550308,True,,33576,,,-23.4306,-46.726463499999994,,,,2,2023-06-15T14:12:15+00:00
SAO_848L-10,São Paulo,3550308,True,,33576,,,-23.412809,-46.740501,,,,2,2023-06-15T14:11:38+00:00
SAO_848L-10,São Paulo,3550308,True,,33576,,,-23.4144305,-46.7510005,,,,2,2023-06-15T14:12:16+00:00
SAO_848L-10,São Paulo,3550308,True,,33576,,,-23.436522,-46.720689,,,,2,2023-06-15T14:11:42+00:00
SAO_1036-10,São Paulo,3550308,True,,2453,,,-23.447775,-46.708842000000004,,,,1,2023-06-15T14:12:06+00:00
SAO_1036-10,São Paulo,3550308,True,,2453,,,-23.447775,-46.708842000000004,,,,1,2023-06-15T14:12:10+00:00
SAO_1036-10,São Paulo,3550308,True,,2453,,,-23.458741,-46.715089,,,,1,2023-06-15T14:12:07+00:00
SAO_1036-10,São Paulo,3550308,True,,2453,,,-23.485937,-46.710612499999996,,,,1,2023-06-15T14:12:14+00:00
SAO_1036-10,São Paulo,3550308,True,,2453,,,-23.481662999999998,-46.713665,,,,1,2023-06-15T14:12:21+00:00
SAO_1036-10,São Paulo,3550308,True,,2453,,,-23.4519765,-46.711467,,,,1,2023-06-15T14:12:12+00:00
SAO_1036-10,São Paulo,3550308,True,,2453,,,-23.485856,-46.71054650000001,,,,1,2023-06-15T14:12:05+00:00
SAO_1036-10,São Paulo,3550308,True,,2453,,,-23.4845285,-46.709875,,,,1,2023-06-15T14:11:52+00:00
SAO_1036-10,São Paulo,3550308,True,,2453,,,-23.4599465,-46.715484,,,,1,2023-06-15T14:11:48+00:00
SAO_1036-10,São Paulo,3550308,True,,2453,,,-23.4683415,-46.7134635,,,,1,2023-06-15T14:12:03+00:00
SAO_1036-10,São Paulo,3550308,True,,2453,,,-23.459666499999997,-46.715475999999995,,,,1,2023-06-15T14:10:24+00:00
SAO_9789-10,São Paulo,3550308,True,,829,,,-23.46479325,-46.70028475,,,,1,2023-06-15T14:11:48+00:00
SAO_9789-10,São Paulo,3550308,True,,829,,,-23.502285999999998,-46.6844265,,,,1,2023-06-15T14:12:19+00:00
SAO_9789-10,São Paulo,3550308,True,,829,,,-23.5036375,-46.6785005,,,,1,2023-06-15T14:11:36+00:00
SAO_9789-10,São Paulo,3550308,True,,829,,,-23.5244145,-46.6669005,,,,1,2023-06-15T14:12:16+00:00
SAO_9789-10,São Paulo,3550308,True,,829,,,-23.460588,-46.70847,,,,1,2023-06-15T14:11:53+00:00
SAO_9789-10,São Paulo,3550308,True,,829,,,-23.4897105,-46.6849755,,,,1,2023-06-15T14:12:15+00:00
SAO_9789-10,São Paulo,3550308,True,,829,,,-23.507382,-46.673715,,,,1,2023-06-15T14:11:47+00:00
SAO_9789-10,São Paulo,3550308,True,,829,,,-23.4694835,-46.694140000000004,,,,1,2023-06-15T14:11:43+00:00
SAO_575A-10,São Paulo,3550308,True,,34406,,,-23.56180175,-46.581333,,,,2,2023-06-15T14:09:32+00:00
SAO_575A-10,São Paulo,3550308,True,,34406,,,-23.541069,-46.5759855,,,,2,2023-06-15T14:12:01+00:00
SAO_575A-10,São Paulo,3550308,True,,34406,,,-23.599652499999998,-46.5764185,,,,2,2023-06-15T14:12:19+00:00
SAO_575A-10,São Paulo,3550308,True,,34406,,,-23.5557085,-46.584639249999995,,,,2,2023-06-15T14:11:33+00:00
SAO_575A-10,São Paulo,3550308,True,,34406,,,-23.6040095,-46.5704655,,,,2,2023-06-15T14:11:48+00:00
SAO_2732-10,São Paulo,3550308,True,,947,,,-23.532529500000003,-46.461633000000006,,,,1,2023-06-15T14:11:51+00:00
SAO_2732-10,São Paulo,3550308,True,,947,,,-23.53674225,-46.472368,,,,1,2023-06-15T14:11:56+00:00
SAO_2732-10,São Paulo,3550308,True,,947,,,-23.5402155,-46.483134,,,,1,2023-06-15T14:11:57+00:00
SAO_175T-10,São Paulo,3550308,True,,623,,,-23.6327475,-46.669413,,,,1,2023-06-15T14:12:19+00:00
SAO_175T-10,São Paulo,3550308,True,,623,,,-23.653510999999998,-46.637828,,,,1,2023-06-15T14:12:17+00:00
SAO_175T-10,São Paulo,3550308,True,,623,,,-23.505153,-46.623674875,,,,1,2023-06-15T14:12:11+00:00
SAO_175T-10,São Paulo,3550308,True,,623,,,-23.51795,-46.6306955,,,,1,2023-06-15T14:11:58+00:00
SAO_175T-10,São Paulo,3550308,True,,623,,,-23.582776499999998,-46.65253575,,,,1,2023-06-15T14:12:09+00:00
SAO_175T-10,São Paulo,3550308,True,,623,,,-23.516329,-46.625257500000004,,,,1,2023-06-15T14:12:11+00:00
SAO_175T-10,São Paulo,3550308,True,,623,,,-23.632304249999997,-46.660968749999995,,,,1,2023-06-15T14:12:18+00:00
SAO_175T-10,São Paulo,3550308,True,,623,,,-23.653267,-46.637658,,,,1,2023-06-15T14:11:40+00:00
SAO_175T-10,São Paulo,3550308,True,,623,,,-23.6390905,-46.6413445,,,,1,2023-06-15T14:11:54+00:00
SAO_175T-10,São Paulo,3550308,True,,623,,,-23.538346750000002,-46.63473475000001,,,,1,2023-06-15T14:12:14+00:00
SAO_175T-10,São Paulo,3550308,True,,623,,,-23.6325735,-46.6604125,,,,1,2023-06-15T14:11:46+00:00
SAO_175T-10,São Paulo,3550308,True,,623,,,-23.64662525,-46.64058625,,,,1,2023-06-15T14:12:14+00:00
SAO_175T-10,São Paulo,3550308,True,,623,,,-23.653136,-46.6373365,,,,1,2023-06-15T14:12:17+00:00
SAO_175T-10,São Paulo,3550308,True,,623,,,-23.5593225,-46.639075000000005,,,,1,2023-06-15T14:12:08+00:00
SAO_172R-10,São Paulo,3550308,True,,33627,,,-23.48940375,-46.57123325,,,,2,2023-06-15T14:11:04+00:00
SAO_172R-10,São Paulo,3550308,True,,33627,,,-23.51896975,-46.59011625000001,,,,2,2023-06-15T14:11:43+00:00
SAO_172R-10,São Paulo,3550308,True,,33627,,,-23.53116225,-46.60197575,,,,2,2023-06-15T14:11:50+00:00
SAO_172R-10,São Paulo,3550308,True,,33627,,,-23.5037115,-46.576378000000005,,,,2,2023-06-15T14:11:37+00:00
SAO_172R-10,São Paulo,3550308,True,,33627,,,-23.537573000000002,-46.596209375,,,,2,2023-06-15T14:11:58+00:00
SAO_172R-10,São Paulo,3550308,True,,33627,,,-23.5269075,-46.59640975,,,,2,2023-06-15T14:11:56+00:00
SAO_172R-10,São Paulo,3550308,True,,33627,,,-23.469384499999997,-46.577264,,,,2,2023-06-15T14:12:15+00:00
SAO_172R-10,São Paulo,3550308,True,,33627,,,-23.54139425,-46.590866000000005,,,,2,2023-06-15T14:11:43+00:00
SAO_172R-10,São Paulo,3550308,True,,33627,,,-23.491342250000002,-46.574462,,,,2,2023-06-15T14:11:52+00:00
SAO_172R-10,São Paulo,3550308,True,,33627,,,-23.513962499999998,-46.58326375,,,,2,2023-06-15T14:10:45+00:00
SAO_172R-10,São Paulo,3550308,True,,33627,,,-23.5073825,-46.578048499999994,,,,2,2023-06-15T14:11:50+00:00
SAO_957T-10,São Paulo,3550308,True,,464,,,-23.521186,-46.72945825,,,,1,2023-06-15T14:12:11+00:00
SAO_957T-10,São Paulo,3550308,True,,464,,,-23.5805475,-46.6851035,,,,1,2023-06-15T14:12:09+00:00
SAO_957T-10,São Paulo,3550308,True,,464,,,-23.4402735,-46.708299,,,,1,2023-06-15T14:12:09+00:00
SAO_957T-10,São Paulo,3550308,True,,464,,,-23.59616325,-46.691351,,,,1,2023-06-15T14:11:54+00:00
SAO_957T-10,São Paulo,3550308,True,,464,,,-23.541759,-46.727779749999996,,,,1,2023-06-15T14:12:13+00:00
SAO_957T-10,São Paulo,3550308,True,,464,,,-23.515248,-46.6945815,,,,1,2023-06-15T14:12:19+00:00
SAO_957T-10,São Paulo,3550308,True,,464,,,-23.552161625000004,-46.71087299999999,,,,1,2023-06-15T14:12:01+00:00
SAO_957T-10,São Paulo,3550308,True,,464,,,-23.493143,-46.6965835,,,,1,2023-06-15T14:12:01+00:00
SAO_957T-10,São Paulo,3550308,True,,464,,,-23.520944,-46.720016,,,,1,2023-06-15T14:11:45+00:00
SAO_1786-10,São Paulo,3550308,True,,33417,,,-23.45368525,-46.607387,,,,2,2023-06-15T14:11:50+00:00
SAO_1786-10,São Paulo,3550308,True,,33417,,,-23.4505645,-46.6075825,,,,2,2023-06-15T14:11:48+00:00
SAO_1786-10,São Paulo,3550308,True,,33417,,,-23.450429,-46.6078605,,,,2,2023-06-15T14:10:44+00:00
SAO_1786-10,São Paulo,3550308,True,,33417,,,-23.45368525,-46.607387,,,,2,2023-06-15T14:12:21+00:00
SAO_1786-10,São Paulo,3550308,True,,33417,,,-23.479197499999998,-46.621813,,,,2,2023-06-15T14:12:18+00:00
SAO_172J-10,São Paulo,3550308,True,,33624,,,-23.522639375,-46.583182875000006,,,,2,2023-06-15T14:11:40+00:00
SAO_172J-10,São Paulo,3550308,True,,33624,,,-23.52836875,-46.58836875,,,,2,2023-06-15T14:10:42+00:00
SAO_172J-10,São Paulo,3550308,True,,33624,,,-23.4976675,-46.574518499999996,,,,2,2023-06-15T14:12:19+00:00
SAO_172J-10,São Paulo,3550308,True,,33624,,,-23.507701500000003,-46.578309000000004,,,,2,2023-06-15T14:12:18+00:00
SAO_172J-10,São Paulo,3550308,True,,33624,,,-23.5141215,-46.58303325,,,,2,2023-06-15T14:09:10+00:00
SAO_172J-10,São Paulo,3550308,True,,33624,,,-23.513962499999998,-46.58326375,,,,2,2023-06-15T14:10:39+00:00
SAO_172J-10,São Paulo,3550308,True,,33624,,,-23.532478,-46.582268,,,,2,2023-06-15T14:11:50+00:00
SAO_172J-10,São Paulo,3550308,True,,33624,,,-23.538466,-46.578166,,,,2,2023-06-15T14:11:40+00:00
SAO_172J-10,São Paulo,3550308,True,,33624,,,-23.517713625,-46.589127,,,,2,2023-06-15T14:11:53+00:00
SAO_172J-10,São Paulo,3550308,True,,33624,,,-23.479189750000003,-46.56941425,,,,2,2023-06-15T14:12:00+00:00
SAO_609J-10,São Paulo,3550308,True,,35010,,,-23.629360249999998,-46.64724875,,,,2,2023-06-15T14:12:01+00:00
SAO_609J-10,São Paulo,3550308,True,,35010,,,-23.626382,-46.661339999999996,,,,2,2023-06-15T14:12:09+00:00
SAO_609J-10,São Paulo,3550308,True,,35010,,,-23.62553725,-46.6404665,,,,2,2023-06-15T14:12:10+00:00
SAO_2725-10,São Paulo,3550308,True,,33707,,,-23.539938499999998,-46.482815,,,,2,2023-06-15T14:12:17+00:00
SAO_2725-10,São Paulo,3550308,True,,33707,,,-23.52352,-46.4736385,,,,2,2023-06-15T14:12:10+00:00
SAO_2725-10,São Paulo,3550308,True,,33707,,,-23.5085655,-46.4714035,,,,2,2023-06-15T14:12:03+00:00
SAO_2725-10,São Paulo,3550308,True,,33707,,,-23.52357875,-46.47400075,,,,2,2023-06-15T14:11:51+00:00
SAO_3763-10,São Paulo,3550308,True,,1054,,,-23.5675485,-46.5536645,,,,1,2023-06-15T14:12:09+00:00
SAO_3763-10,São Paulo,3550308,True,,1054,,,-23.56734275,-46.542404499999996,,,,1,2023-06-15T14:11:59+00:00
SAO_3763-10,São Paulo,3550308,True,,1054,,,-23.548696875,-46.55496825,,,,1,2023-06-15T14:09:22+00:00
SAO_3763-10,São Paulo,3550308,True,,1054,,,-23.5661335,-46.5367465,,,,1,2023-06-15T14:12:12+00:00
SAO_3763-10,São Paulo,3550308,True,,1054,,,-23.558262,-46.522529000000006,,,,1,2023-06-15T14:12:03+00:00
SAO_3763-10,São Paulo,3550308,True,,1054,,,-23.54846675,-46.569734499999996,,,,1,2023-06-15T14:12:17+00:00
SAO_3763-10,São Paulo,3550308,True,,1054,,,-23.553721625,-46.553938,,,,1,2023-06-15T14:12:05+00:00
SAO_3763-10,São Paulo,3550308,True,,1054,,,-23.557735,-46.5230065,,,,1,2023-06-15T14:12:08+00:00
SAO_3763-10,São Paulo,3550308,True,,1054,,,-23.558262,-46.522529000000006,,,,1,2023-06-15T14:11:55+00:00
SAO_3763-10,São Paulo,3550308,True,,1054,,,-23.560679,-46.552876499999996,,,,1,2023-06-15T14:12:15+00:00
SAO_3763-10,São Paulo,3550308,True,,1054,,,-23.54535,-46.5753905,,,,1,2023-06-15T14:11:55+00:00
SAO_3763-10,São Paulo,3550308,True,,1054,,,-23.567944500000003,-46.544118999999995,,,,1,2023-06-15T14:11:52+00:00
SAO_3763-10,São Paulo,3550308,True,,1054,,,-23.548054,-46.5676995,,,,1,2023-06-15T14:12:10+00:00
SAO_3763-10,São Paulo,3550308,True,,1054,,,-23.5426425,-46.576975000000004,,,,1,2023-06-15T14:11:55+00:00
SAO_3763-10,São Paulo,3550308,True,,1054,,,-23.5409455,-46.5763775,,,,1,2023-06-15T14:11:48+00:00
SAO_6078-10,São Paulo,3550308,True,,1166,,,-23.705854625,-46.700533875,,,,1,2023-06-15T14:12:22+00:00
SAO_6078-10,São Paulo,3550308,True,,1166,,,-23.6851195,-46.692526,,,,1,2023-06-15T14:12:20+00:00
SAO_6078-10,São Paulo,3550308,True,,1166,,,-23.678932250000003,-46.68546274999999,,,,1,2023-06-15T14:12:05+00:00
SAO_6078-10,São Paulo,3550308,True,,1166,,,-23.670293,-46.6792455,,,,1,2023-06-15T14:12:16+00:00
SAO_6078-10,São Paulo,3550308,True,,1166,,,-23.742216,-46.6597715,,,,1,2023-06-15T14:11:48+00:00
SAO_6078-10,São Paulo,3550308,True,,1166,,,-23.740688,-46.660930500000006,,,,1,2023-06-15T14:11:49+00:00
SAO_6078-10,São Paulo,3550308,True,,1166,,,-23.740009,-46.6914985,,,,1,2023-06-15T14:12:02+00:00
SAO_6078-10,São Paulo,3550308,True,,1166,,,-23.7563855,-46.667607000000004,,,,1,2023-06-15T14:12:10+00:00
SAO_6078-10,São Paulo,3550308,True,,1166,,,-23.751331,-46.688252,,,,1,2023-06-15T14:12:00+00:00
SAO_6072-10,São Paulo,3550308,True,,34356,,,-23.7665845,-46.7163125,,,,2,2023-06-15T14:12:13+00:00
SAO_6072-10,São Paulo,3550308,True,,34356,,,-23.8205635,-46.703954499999995,,,,2,2023-06-15T14:12:16+00:00
SAO_6072-10,São Paulo,3550308,True,,34356,,,-23.765712,-46.7171015,,,,2,2023-06-15T14:12:00+00:00
SAO_6072-10,São Paulo,3550308,True,,34356,,,-23.8274015,-46.69739250000001,,,,2,2023-06-15T14:12:17+00:00
SAO_6072-10,São Paulo,3550308,True,,34356,,,-23.797394,-46.7095305,,,,2,2023-06-15T14:11:45+00:00
SAO_6072-10,São Paulo,3550308,True,,34356,,,-23.8008275,-46.7109595,,,,2,2023-06-15T14:12:20+00:00
SAO_6072-10,São Paulo,3550308,True,,34356,,,-23.777763999999998,-46.7160715,,,,2,2023-06-15T14:11:51+00:00
SAO_6072-10,São Paulo,3550308,True,,34356,,,-23.827404,-46.697334,,,,2,2023-06-15T14:11:43+00:00
SAO_6036-10,São Paulo,3550308,True,,1214,,,-23.6487995,-46.749903,,,,1,2023-06-15T14:12:15+00:00
SAO_6036-10,São Paulo,3550308,True,,1214,,,-23.642909500000002,-46.7371725,,,,1,2023-06-15T14:11:29+00:00
SAO_6036-10,São Paulo,3550308,True,,1214,,,-23.6443375,-46.7445535,,,,1,2023-06-15T14:11:55+00:00
SAO_6036-10,São Paulo,3550308,True,,1214,,,-23.646397,-46.746840000000006,,,,1,2023-06-15T14:11:51+00:00
SAO_6036-10,São Paulo,3550308,True,,1214,,,-23.6514915,-46.757566249999996,,,,1,2023-06-15T14:11:42+00:00
SAO_6036-10,São Paulo,3550308,True,,1214,,,-23.6427665,-46.741589000000005,,,,1,2023-06-15T14:12:09+00:00
SAO_6036-10,São Paulo,3550308,True,,1214,,,-23.641522000000002,-46.780113,,,,1,2023-06-15T14:11:44+00:00
SAO_6036-10,São Paulo,3550308,True,,1214,,,-23.644259499999997,-46.744251500000004,,,,1,2023-06-15T14:11:46+00:00
SAO_6036-10,São Paulo,3550308,True,,1214,,,-23.65017425,-46.756074,,,,1,2023-06-15T14:11:55+00:00
SAO_6036-10,São Paulo,3550308,True,,1214,,,-23.645789999999998,-46.7465015,,,,1,2023-06-15T14:12:21+00:00
SAO_6036-10,São Paulo,3550308,True,,1214,,,-23.660608,-46.7679,,,,1,2023-06-15T14:12:07+00:00
SAO_573T-10,São Paulo,3550308,True,,34400,,,-23.5660980625,-46.5119278125,,,,2,2023-06-15T14:12:05+00:00
SAO_573T-10,São Paulo,3550308,True,,34400,,,-23.5810795,-46.4988575,,,,2,2023-06-15T14:11:42+00:00
SAO_573T-10,São Paulo,3550308,True,,34400,,,-23.614496,-46.500415000000004,,,,2,2023-06-15T14:06:27+00:00
SAO_573T-10,São Paulo,3550308,True,,34400,,,-23.53755,-46.56081125,,,,2,2023-06-15T14:12:08+00:00
SAO_573T-10,São Paulo,3550308,True,,34400,,,-23.60836225,-46.491543,,,,2,2023-06-15T14:12:09+00:00
SAO_573T-10,São Paulo,3550308,True,,34400,,,-23.59435775,-46.489344249999995,,,,2,2023-06-15T14:12:03+00:00
SAO_573T-10,São Paulo,3550308,True,,34400,,,-23.54875,-46.537158500000004,,,,2,2023-06-15T14:11:59+00:00
SAO_573T-10,São Paulo,3550308,True,,34400,,,-23.614496,-46.500415000000004,,,,2,2023-06-15T14:12:13+00:00
SAO_5362-10,São Paulo,3550308,True,,32838,,,-23.7534545,-46.6884165,,,,2,2023-06-15T14:10:28+00:00
SAO_5362-10,São Paulo,3550308,True,,32838,,,-23.668376,-46.712089500000005,,,,2,2023-06-15T14:11:37+00:00
SAO_5362-10,São Paulo,3550308,True,,32838,,,-23.5665025,-46.64082425,,,,2,2023-06-15T14:12:17+00:00
SAO_5362-10,São Paulo,3550308,True,,32838,,,-23.638472875,-46.69510575,,,,2,2023-06-15T14:11:57+00:00
SAO_5362-10,São Paulo,3550308,True,,32838,,,-23.732244,-46.697950000000006,,,,2,2023-06-15T14:12:07+00:00
SAO_5362-10,São Paulo,3550308,True,,32838,,,-23.5828175,-46.6569975,,,,2,2023-06-15T14:12:07+00:00
SAO_5362-10,São Paulo,3550308,True,,32838,,,-23.7529825,-46.682478,,,,2,2023-06-15T14:12:04+00:00
SAO_5362-10,São Paulo,3550308,True,,32838,,,-23.559068,-46.63892,,,,2,2023-06-15T14:12:16+00:00
SAO_5362-10,São Paulo,3550308,True,,32838,,,-23.7444975,-46.670542499999996,,,,2,2023-06-15T14:11:00+00:00
SAO_5362-10,São Paulo,3550308,True,,32838,,,-23.549546,-46.636950999999996,,,,2,2023-06-15T14:12:12+00:00
SAO_4315-10,São Paulo,3550308,True,,34943,,,-23.54956025,-46.53534875,,,,2,2023-06-15T14:12:19+00:00
SAO_4315-10,São Paulo,3550308,True,,34943,,,-23.5465725,-46.5420275,,,,2,2023-06-15T14:11:48+00:00
SAO_4315-10,São Paulo,3550308,True,,34943,,,-23.557927,-46.523227500000004,,,,2,2023-06-15T14:11:58+00:00
SAO_4315-10,São Paulo,3550308,True,,34943,,,-23.538713,-46.56663875,,,,2,2023-06-15T14:12:08+00:00
SAO_4315-10,São Paulo,3550308,True,,34943,,,-23.544462,-46.592740500000005,,,,2,2023-06-15T14:11:36+00:00
SAO_6042-10,São Paulo,3550308,True,,1219,,,-23.647579,-46.7473995,,,,1,2023-06-15T14:12:13+00:00
SAO_6042-10,São Paulo,3550308,True,,1219,,,-23.6442355,-46.743252,,,,1,2023-06-15T14:12:17+00:00
SAO_6042-10,São Paulo,3550308,True,,1219,,,-23.644605,-46.745213,,,,1,2023-06-15T14:12:19+00:00
SAO_6042-10,São Paulo,3550308,True,,1219,,,-23.650844749999997,-46.756939125,,,,1,2023-06-15T14:12:16+00:00
SAO_6042-10,São Paulo,3550308,True,,1219,,,-23.6445255,-46.745072500000006,,,,1,2023-06-15T14:11:38+00:00
SAO_6042-10,São Paulo,3550308,True,,1219,,,-23.650654000000003,-46.708045,,,,1,2023-06-15T14:12:14+00:00
SAO_6042-10,São Paulo,3550308,True,,1219,,,-23.6624305,-46.769189,,,,1,2023-06-15T14:12:19+00:00
SAO_6042-10,São Paulo,3550308,True,,1219,,,-23.649443,-46.755168499999996,,,,1,2023-06-15T14:12:12+00:00
SAO_1780-10,São Paulo,3550308,True,,33637,,,-23.486839,-46.6084245,,,,2,2023-06-15T14:10:20+00:00
SAO_1780-10,São Paulo,3550308,True,,33637,,,-23.464659,-46.5833935,,,,2,2023-06-15T14:12:01+00:00
SAO_1780-10,São Paulo,3550308,True,,33637,,,-23.451144499999998,-46.5805215,,,,2,2023-06-15T14:11:55+00:00
SAO_1780-10,São Paulo,3550308,True,,33637,,,-23.4483715,-46.5789425,,,,2,2023-06-15T14:12:00+00:00
SAO_2626-10,São Paulo,3550308,True,EMTU,376,https://moovitapp.com/index/pt-br/transporte_p%C3%BAblico-line-376-Sao_Paulo-242-2038937-114744732-0,5.1,-23.518394,-46.404303999999996,,,,1,2023-06-15T14:11:56+00:00
SAO_2626-10,São Paulo,3550308,True,EMTU,376,https://moovitapp.com/index/pt-br/transporte_p%C3%BAblico-line-376-Sao_Paulo-242-2038937-114744732-0,5.1,-23.50725925,-46.48718375,,,,1,2023-06-15T14:12:21+00:00
SAO_2626-10,São Paulo,3550308,True,EMTU,376,https://moovitapp.com/index/pt-br/transporte_p%C3%BAblico-line-376-Sao_Paulo-242-2038937-114744732-0,5.1,-23.538787999999997,-46.605272750000005,,,,1,2023-06-15T14:12:16+00:00
SAO_2626-10,São Paulo,3550308,True,EMTU,376,https://moovitapp.com/index/pt-br/transporte_p%C3%BAblico-line-376-Sao_Paulo-242-2038937-114744732-0,5.1,-23.5314755,-46.5591195,,,,1,2023-06-15T14:10:29+00:00
SAO_2626-10,São Paulo,3550308,True,EMTU,376,https://moovitapp.com/index/pt-br/transporte_p%C3%BAblico-line-376-Sao_Paulo-242-2038937-114744732-0,5.1,-23.546727,-46.629723999999996,,,,1,2023-06-15T14:11:32+00:00
SAO_2626-10,São Paulo,3550308,True,EMTU,376,https://moovitapp.com/index/pt-br/transporte_p%C3%BAblico-line-376-Sao_Paulo-242-2038937-114744732-0,5.1,-23.538661,-46.6044205,,,,1,2023-06-15T14:12:21+00:00
SAO_2626-10,São Paulo,3550308,True,EMTU,376,https://moovitapp.com/index/pt-br/transporte_p%C3%BAblico-line-376-Sao_Paulo-242-2038937-114744732-0,5.1,-23.5456715,-46.630392,,,,1,2023-06-15T14:12:00+00:00
SAO_2626-10,São Paulo,3550308,True,EMTU,376,https://moovitapp.com/index/pt-br/transporte_p%C3%BAblico-line-376-Sao_Paulo-242-2038937-114744732-0,5.1,-23.4957225,-46.4108095,,,,1,2023-06-15T14:12:06+00:00
SAO_2626-10,São Paulo,3550308,True,EMTU,376,https://moovitapp.com/index/pt-br/transporte_p%C3%BAblico-line-376-Sao_Paulo-242-2038937-114744732-0,5.1,-23.495069,-46.4366045,,,,1,2023-06-15T14:10:34+00:00
SAO_2626-10,São Paulo,3550308,True,EMTU,376,https://moovitapp.com/index/pt-br/transporte_p%C3%BAblico-line-376-Sao_Paulo-242-2038937-114744732-0,5.1,-23.510252,-46.505402000000004,,,,1,2023-06-15T14:12:04+00:00
SAO_5300-10,São Paulo,3550308,True,EMTU,354,https://moovitapp.com/index/pt-br/transporte_p%C3%BAblico-line-354-Sao_Paulo-242-2038937-36419437-0,7.55,-23.61886525,-46.676509874999994,,,,1,2023-06-15T14:11:42+00:00
SAO_5300-10,São Paulo,3550308,True,EMTU,354,https://moovitapp.com/index/pt-br/transporte_p%C3%BAblico-line-354-Sao_Paulo-242-2038937-36419437-0,7.55,-23.557504625,-46.63795987499999,,,,1,2023-06-15T14:12:14+00:00
SAO_5300-10,São Paulo,3550308,True,EMTU,354,https://moovitapp.com/index/pt-br/transporte_p%C3%BAblico-line-354-Sao_Paulo-242-2038937-36419437-0,7.55,-23.55022025,-46.631459750000005,,,,1,2023-06-15T14:11:42+00:00
SAO_5300-10,São Paulo,3550308,True,EMTU,354,https://moovitapp.com/index/pt-br/transporte_p%C3%BAblico-line-354-Sao_Paulo-242-2038937-36419437-0,7.55,-23.592699500000002,-46.651919,,,,1,2023-06-15T14:11:45+00:00
SAO_5300-10,São Paulo,3550308,True,EMTU,354,https://moovitapp.com/index/pt-br/transporte_p%C3%BAblico-line-354-Sao_Paulo-242-2038937-36419437-0,7.55,-23.602103999999997,-46.660708,,,,1,2023-06-15T14:12:14+00:00
SAO_5300-10,São Paulo,3550308,True,EMTU,354,https://moovitapp.com/index/pt-br/transporte_p%C3%BAblico-line-354-Sao_Paulo-242-2038937-36419437-0,7.55,-23.63706175,-46.6937715,,,,1,2023-06-15T14:12:10+00:00
SAO_5300-10,São Paulo,3550308,True,EMTU,354,https://moovitapp.com/index/pt-br/transporte_p%C3%BAblico-line-354-Sao_Paulo-242-2038937-36419437-0,7.55,-23.5471955,-46.630402000000004,,,,1,2023-06-15T14:12:22+00:00
SAO_5300-10,São Paulo,3550308,True,EMTU,354,https://moovitapp.com/index/pt-br/transporte_p%C3%BAblico-line-354-Sao_Paulo-242-2038937-36419437-0,7.55,-23.5468745,-46.630641499999996,,,,1,2023-06-15T14:12:20+00:00
SAO_5300-10,São Paulo,3550308,True,EMTU,354,https://moovitapp.com/index/pt-br/transporte_p%C3%BAblico-line-354-Sao_Paulo-242-2038937-36419437-0,7.55,-23.608375000000002,-46.666595875,,,,1,2023-06-15T14:11:57+00:00
SAO_5300-10,São Paulo,3550308,True,EMTU,354,https://moovitapp.com/index/pt-br/transporte_p%C3%BAblico-line-354-Sao_Paulo-242-2038937-36419437-0,7.55,-23.63973575,-46.696331,,,,1,2023-06-15T14:11:40+00:00
SAO_5300-10,São Paulo,3550308,True,EMTU,354,https://moovitapp.com/index/pt-br/transporte_p%C3%BAblico-line-354-Sao_Paulo-242-2038937-36419437-0,7.55,-23.646330562499998,-46.701522062500004,,,,1,2023-06-15T14:12:19+00:00
SAO_9784-10,São Paulo,3550308,True,,33595,,,-23.488821,-46.651511,,,,2,2023-06-15T14:12:02+00:00
SAO_9784-10,São Paulo,3550308,True,,33595,,,-23.4507675,-46.683319374999996,,,,2,2023-06-15T14:11:41+00:00
SAO_9784-10,São Paulo,3550308,True,,33595,,,-23.450547,-46.6835995,,,,2,2023-06-15T14:11:52+00:00
SAO_9784-10,São Paulo,3550308,True,,33595,,,-23.5244255,-46.666776999999996,,,,2,2023-06-15T14:11:53+00:00
SAO_9784-10,São Paulo,3550308,True,,33595,,,-23.4772605,-46.662814999999995,,,,2,2023-06-15T14:12:02+00:00
SAO_9784-10,São Paulo,3550308,True,,33595,,,-23.488893,-46.652255499999995,,,,2,2023-06-15T14:12:18+00:00
SAO_9784-10,São Paulo,3550308,True,,33595,,,-23.4961075,-46.661891499999996,,,,2,2023-06-15T14:11:46+00:00
SAO_9784-10,São Paulo,3550308,True,,33595,,,-23.521440249999998,-46.666835,,,,2,2023-06-15T14:12:18+00:00
SAO_9784-10,São Paulo,3550308,True,,33595,,,-23.487154,-46.652702000000005,,,,2,2023-06-15T14:11:51+00:00
SAO_9784-10,São Paulo,3550308,True,,33595,,,-23.449831,-46.680194,,,,2,2023-06-15T14:11:58+00:00
SAO_637P-10,São Paulo,3550308,True,,32815,,,-23.596951,-46.6738295,,,,2,2023-06-15T14:12:19+00:00
SAO_637P-10,São Paulo,3550308,True,,32815,,,-23.5860225,-46.6711035,,,,2,2023-06-15T14:12:08+00:00
SAO_637P-10,São Paulo,3550308,True,,32815,,,-23.6540525,-46.712609,,,,2,2023-06-15T14:11:55+00:00
SAO_637P-10,São Paulo,3550308,True,,32815,,,-23.58917725,-46.67214525,,,,2,2023-06-15T14:11:50+00:00
SAO_637P-10,São Paulo,3550308,True,,32815,,,-23.6453730625,-46.70219924999999,,,,2,2023-06-15T14:11:48+00:00
SAO_637P-10,São Paulo,3550308,True,,32815,,,-23.5860845,-46.672973999999996,,,,2,2023-06-15T14:12:00+00:00
SAO_637P-10,São Paulo,3550308,True,,32815,,,-23.576913500000003,-46.68722325,,,,2,2023-06-15T14:11:58+00:00
SAO_637P-10,São Paulo,3550308,True,,32815,,,-23.5917955,-46.672745500000005,,,,2,2023-06-15T14:12:16+00:00
SAO_637P-10,São Paulo,3550308,True,,32815,,,-23.570447,-46.691294,,,,2,2023-06-15T14:11:45+00:00
SAO_1726-10,São Paulo,3550308,True,,34171,,,-23.483935250000002,-46.61434,,,,2,2023-06-15T14:11:39+00:00
SAO_1726-10,São Paulo,3550308,True,,34171,,,-23.4579565,-46.602463,,,,2,2023-06-15T14:09:11+00:00
SAO_1726-10,São Paulo,3550308,True,,34171,,,-23.4699055,-46.6048205,,,,2,2023-06-15T14:11:40+00:00
SAO_1726-10,São Paulo,3550308,True,,34171,,,-23.438654999999997,-46.581126499999996,,,,2,2023-06-15T14:08:07+00:00
SAO_1726-10,São Paulo,3550308,True,,34171,,,-23.4362245,-46.5662435,,,,2,2023-06-15T14:12:05+00:00
SAO_1726-10,São Paulo,3550308,True,,34171,,,-23.4494835,-46.588869,,,,2,2023-06-15T14:12:15+00:00
SAO_7023-10,São Paulo,3550308,True,,34920,,,-23.6995785,-46.763411500000004,,,,2,2023-06-15T14:11:49+00:00
SAO_7023-10,São Paulo,3550308,True,,34920,,,-23.685419500000002,-46.743300000000005,,,,2,2023-06-15T14:11:57+00:00
SAO_7023-10,São Paulo,3550308,True,,34920,,,-23.691611,-46.761641,,,,2,2023-06-15T14:12:16+00:00
SAO_7023-10,São Paulo,3550308,True,,34920,,,-23.699899249999998,-46.7638045,,,,2,2023-06-15T14:12:05+00:00
SAO_7023-10,São Paulo,3550308,True,,34920,,,-23.68681,-46.7556315,,,,2,2023-06-15T14:12:04+00:00
SAO_8622-10,São Paulo,3550308,True,EMTU,438,https://moovitapp.com/index/pt-br/transporte_p%C3%BAblico-line-438-Sao_Paulo-242-2038937-36419488-0,7.65,-23.5079266875,-46.7442980625,,,,1,2023-06-15T14:12:00+00:00
SAO_8622-10,São Paulo,3550308,True,EMTU,438,https://moovitapp.com/index/pt-br/transporte_p%C3%BAblico-line-438-Sao_Paulo-242-2038937-36419488-0,7.65,-23.52577625,-46.67950425,,,,1,2023-06-15T14:11:44+00:00
SAO_8622-10,São Paulo,3550308,True,EMTU,438,https://moovitapp.com/index/pt-br/transporte_p%C3%BAblico-line-438-Sao_Paulo-242-2038937-36419488-0,7.65,-23.430353,-46.7939315,,,,1,2023-06-15T14:12:08+00:00
SAO_8622-10,São Paulo,3550308,True,EMTU,438,https://moovitapp.com/index/pt-br/transporte_p%C3%BAblico-line-438-Sao_Paulo-242-2038937-36419488-0,7.65,-23.52133,-46.719527,,,,1,2023-06-15T14:11:50+00:00
SAO_8622-10,São Paulo,3550308,True,EMTU,438,https://moovitapp.com/index/pt-br/transporte_p%C3%BAblico-line-438-Sao_Paulo-242-2038937-36419488-0,7.65,-23.50856,-46.739188,,,,1,2023-06-15T14:12:18+00:00
SAO_8622-10,São Paulo,3550308,True,EMTU,438,https://moovitapp.com/index/pt-br/transporte_p%C3%BAblico-line-438-Sao_Paulo-242-2038937-36419488-0,7.65,-23.5478925,-46.6425115,,,,1,2023-06-15T14:12:19+00:00
SAO_8622-10,São Paulo,3550308,True,EMTU,438,https://moovitapp.com/index/pt-br/transporte_p%C3%BAblico-line-438-Sao_Paulo-242-2038937-36419488-0,7.65,-23.53482675,-46.653853,,,,1,2023-06-15T14:12:05+00:00
SAO_8622-10,São Paulo,3550308,True,EMTU,438,https://moovitapp.com/index/pt-br/transporte_p%C3%BAblico-line-438-Sao_Paulo-242-2038937-36419488-0,7.65,-23.5200065,-46.7223005,,,,1,2023-06-15T14:12:09+00:00
SAO_8622-10,São Paulo,3550308,True,EMTU,438,https://moovitapp.com/index/pt-br/transporte_p%C3%BAblico-line-438-Sao_Paulo-242-2038937-36419488-0,7.65,-23.525566750000003,-46.6822405,,,,1,2023-06-15T14:12:19+00:00
SAO_8622-10,São Paulo,3550308,True,EMTU,438,https://moovitapp.com/index/pt-br/transporte_p%C3%BAblico-line-438-Sao_Paulo-242-2038937-36419488-0,7.65,-23.442942375,-46.786809000000005,,,,1,2023-06-15T14:12:15+00:00
SAO_8622-10,São Paulo,3550308,True,EMTU,438,https://moovitapp.com/index/pt-br/transporte_p%C3%BAblico-line-438-Sao_Paulo-242-2038937-36419488-0,7.65,-23.439531000000002,-46.78617775,,,,1,2023-06-15T14:11:36+00:00
SAO_372U-10,São Paulo,3550308,True,,1016,,,-23.562336,-46.5509,,,,1,2023-06-15T14:12:13+00:00
SAO_372U-10,São Paulo,3550308,True,,1016,,,-23.555517000000002,-46.560852999999994,,,,1,2023-06-15T14:12:02+00:00
SAO_372U-10,São Paulo,3550308,True,,1016,,,-23.545151,-46.573944,,,,1,2023-06-15T14:11:49+00:00
SAO_372U-10,São Paulo,3550308,True,,1016,,,-23.552728625000004,-46.543964625,,,,1,2023-06-15T14:12:20+00:00
SAO_372U-10,São Paulo,3550308,True,,1016,,,-23.5625425,-46.551953,,,,1,2023-06-15T14:11:41+00:00
SAO_372U-10,São Paulo,3550308,True,,1016,,,-23.55402225,-46.56077325,,,,1,2023-06-15T14:11:38+00:00
SAO_372U-10,São Paulo,3550308,True,,1016,,,-23.565292499999998,-46.5394935,,,,1,2023-06-15T14:11:36+00:00
SAO_372U-10,São Paulo,3550308,True,,1016,,,-23.5410925,-46.577089,,,,1,2023-06-15T14:12:11+00:00
SAO_372U-10,São Paulo,3550308,True,,1016,,,-23.5449735,-46.573011750000006,,,,1,2023-06-15T14:11:38+00:00
SAO_372U-10,São Paulo,3550308,True,,1016,,,-23.5649205,-46.54091,,,,1,2023-06-15T14:12:05+00:00
SAO_372U-10,São Paulo,3550308,True,,1016,,,-23.558,-46.559835,,,,1,2023-06-15T14:11:44+00:00
SAO_372U-10,São Paulo,3550308,True,,1016,,,-23.557622000000002,-46.540923250000006,,,,1,2023-06-15T14:12:03+00:00
SAO_372U-10,São Paulo,3550308,True,,1016,,,-23.541414000000003,-46.57794225,,,,1,2023-06-15T14:12:20+00:00
SAO_6500-10,São Paulo,3550308,True,,32814,,,-23.551130999999998,-46.645861999999994,,,,2,2023-06-15T14:12:02+00:00
SAO_6500-10,São Paulo,3550308,True,,32814,,,-23.629173,-46.689397,,,,2,2023-06-15T14:12:20+00:00
SAO_6500-10,São Paulo,3550308,True,,32814,,,-23.6540525,-46.712609,,,,2,2023-06-15T14:12:02+00:00
SAO_6500-10,São Paulo,3550308,True,,32814,,,-23.573234875,-46.666225875,,,,2,2023-06-15T14:12:20+00:00
SAO_6500-10,São Paulo,3550308,True,,32814,,,-23.64776875,-46.70385374999999,,,,2,2023-06-15T14:11:58+00:00
SAO_6500-10,São Paulo,3550308,True,,32814,,,-23.5869,-46.6714415,,,,2,2023-06-15T14:12:22+00:00
SAO_6500-10,São Paulo,3550308,True,,32814,,,-23.585707499999998,-46.670976499999995,,,,2,2023-06-15T14:12:09+00:00
SAO_737A-10,São Paulo,3550308,True,,34498,,,-23.6755615,-46.75482325,,,,2,2023-06-15T14:11:57+00:00
SAO_737A-10,São Paulo,3550308,True,,34498,,,-23.6902125,-46.773815,,,,2,2023-06-15T14:11:57+00:00
SAO_737A-10,São Paulo,3550308,True,,34498,,,-23.6901525,-46.774198999999996,,,,2,2023-06-15T14:12:16+00:00
SAO_737A-10,São Paulo,3550308,True,,34498,,,-23.661774,-46.7064065,,,,2,2023-06-15T14:12:13+00:00
SAO_737A-10,São Paulo,3550308,True,,34498,,,-23.689531625,-46.77363325,,,,2,2023-06-15T14:12:19+00:00
SAO_737A-10,São Paulo,3550308,True,,34498,,,-23.6703555,-46.7389565,,,,2,2023-06-15T14:11:58+00:00
SAO_737A-10,São Paulo,3550308,True,,34498,,,-23.667395499999998,-46.729535,,,,2,2023-06-15T14:11:29+00:00
SAO_737A-10,São Paulo,3550308,True,,34498,,,-23.6903555,-46.7743995,,,,2,2023-06-15T14:11:59+00:00
SAO_737A-10,São Paulo,3550308,True,,34498,,,-23.683030000000002,-46.7687525,,,,2,2023-06-15T14:11:23+00:00
SAO_737A-10,São Paulo,3550308,True,,34498,,,-23.670758499999998,-46.739941,,,,2,2023-06-15T14:12:02+00:00
SAO_809L-10,São Paulo,3550308,True,,1949,,,-23.52484175,-46.701406500000004,,,,1,2023-06-15T14:11:57+00:00
SAO_809L-10,São Paulo,3550308,True,,1949,,,-23.6066315,-46.74911825,,,,1,2023-06-15T14:11:52+00:00
SAO_809L-10,São Paulo,3550308,True,,1949,,,-23.6081645,-46.751436,,,,1,2023-06-15T14:11:52+00:00
SAO_809L-10,São Paulo,3550308,True,,1949,,,-23.566063999999997,-46.70718975,,,,1,2023-06-15T14:11:39+00:00
SAO_809L-10,São Paulo,3550308,True,,1949,,,-23.524305375,-46.699206375,,,,1,2023-06-15T14:11:55+00:00
SAO_809L-10,São Paulo,3550308,True,,1949,,,-23.524549625000002,-46.699218625,,,,1,2023-06-15T14:11:59+00:00
SAO_809L-10,São Paulo,3550308,True,,1949,,,-23.610286000000002,-46.752301,,,,1,2023-06-15T14:11:47+00:00
SAO_809L-10,São Paulo,3550308,True,,1949,,,-23.524549625000002,-46.699218625,,,,1,2023-06-15T14:12:14+00:00
SAO_809L-10,São Paulo,3550308,True,,1949,,,-23.549767875,-46.70868575,,,,1,2023-06-15T14:11:42+00:00
SAO_809L-10,São Paulo,3550308,True,,1949,,,-23.606253000000002,-46.747788,,,,1,2023-06-15T14:12:16+00:00
SAO_809L-10,São Paulo,3550308,True,,1949,,,-23.62714275,-46.766670250000004,,,,1,2023-06-15T14:12:05+00:00
SAO_809L-10,São Paulo,3550308,True,,1949,,,-23.5855715,-46.7293065,,,,1,2023-06-15T14:11:59+00:00
SAO_809L-10,São Paulo,3550308,True,,1949,,,-23.55941,-46.7119705,,,,1,2023-06-15T14:11:45+00:00
SAO_8549-10,São Paulo,3550308,True,EMTU,580,https://moovitapp.com/index/pt-br/transporte_p%C3%BAblico-line-580-Sao_Paulo-242-2038937-36419570-0,7.55,-23.515244000000003,-46.69425,,,,1,2023-06-15T14:12:10+00:00
SAO_8549-10,São Paulo,3550308,True,EMTU,580,https://moovitapp.com/index/pt-br/transporte_p%C3%BAblico-line-580-Sao_Paulo-242-2038937-36419570-0,7.55,-23.492524500000002,-46.691207500000004,,,,1,2023-06-15T14:12:20+00:00
SAO_8549-10,São Paulo,3550308,True,EMTU,580,https://moovitapp.com/index/pt-br/transporte_p%C3%BAblico-line-580-Sao_Paulo-242-2038937-36419570-0,7.55,-23.5325365,-46.657965250000004,,,,1,2023-06-15T14:12:02+00:00
SAO_8549-10,São Paulo,3550308,True,EMTU,580,https://moovitapp.com/index/pt-br/transporte_p%C3%BAblico-line-580-Sao_Paulo-242-2038937-36419570-0,7.55,-23.52559025,-46.6819255,,,,1,2023-06-15T14:12:10+00:00
SAO_8549-10,São Paulo,3550308,True,EMTU,580,https://moovitapp.com/index/pt-br/transporte_p%C3%BAblico-line-580-Sao_Paulo-242-2038937-36419570-0,7.55,-23.515417999999997,-46.698794,,,,1,2023-06-15T14:11:37+00:00
SAO_8549-10,São Paulo,3550308,True,EMTU,580,https://moovitapp.com/index/pt-br/transporte_p%C3%BAblico-line-580-Sao_Paulo-242-2038937-36419570-0,7.55,-23.465833500000002,-46.679323,,,,1,2023-06-15T14:12:08+00:00
SAO_8549-10,São Paulo,3550308,True,EMTU,580,https://moovitapp.com/index/pt-br/transporte_p%C3%BAblico-line-580-Sao_Paulo-242-2038937-36419570-0,7.55,-23.490492,-46.688711,,,,1,2023-06-15T14:11:52+00:00
SAO_8549-10,São Paulo,3550308,True,EMTU,580,https://moovitapp.com/index/pt-br/transporte_p%C3%BAblico-line-580-Sao_Paulo-242-2038937-36419570-0,7.55,-23.444875,-46.714068499999996,,,,1,2023-06-15T14:12:15+00:00
SAO_8549-10,São Paulo,3550308,True,EMTU,580,https://moovitapp.com/index/pt-br/transporte_p%C3%BAblico-line-580-Sao_Paulo-242-2038937-36419570-0,7.55,-23.536755,-46.64237325,,,,1,2023-06-15T14:12:05+00:00
SAO_8549-10,São Paulo,3550308,True,EMTU,580,https://moovitapp.com/index/pt-br/transporte_p%C3%BAblico-line-580-Sao_Paulo-242-2038937-36419570-0,7.55,-23.455257625,-46.6946565,,,,1,2023-06-15T14:11:42+00:00
SAO_129F-10,São Paulo,3550308,True,,2304,,,-23.498350000000002,-46.70645450000001,,,,1,2023-06-15T14:12:21+00:00
SAO_129F-10,São Paulo,3550308,True,,2304,,,-23.52524125,-46.67599325,,,,1,2023-06-15T14:12:09+00:00
SAO_129F-10,São Paulo,3550308,True,,2304,,,-23.489015000000002,-46.6980575,,,,1,2023-06-15T14:12:01+00:00
SAO_129F-10,São Paulo,3550308,True,,2304,,,-23.500583,-46.706787000000006,,,,1,2023-06-15T14:12:00+00:00
SAO_129F-10,São Paulo,3550308,True,,2304,,,-23.52531225,-46.675065625,,,,1,2023-06-15T14:12:09+00:00
SAO_129F-10,São Paulo,3550308,True,,2304,,,-23.48888,-46.698154,,,,1,2023-06-15T14:12:09+00:00
SAO_129F-10,São Paulo,3550308,True,,2304,,,-23.525020750000003,-46.68476875,,,,1,2023-06-15T14:11:47+00:00
SAO_129F-10,São Paulo,3550308,True,,2304,,,-23.5147575,-46.699583000000004,,,,1,2023-06-15T14:11:51+00:00
SAO_6039-10,São Paulo,3550308,True,,33985,,,-23.650958,-46.7194715,,,,2,2023-06-15T14:11:53+00:00
SAO_6039-10,São Paulo,3550308,True,,33985,,,-23.64605075,-46.7227015,,,,2,2023-06-15T14:12:13+00:00
SAO_6039-10,São Paulo,3550308,True,,33985,,,-23.659843375,-46.77347900000001,,,,2,2023-06-15T14:12:19+00:00
SAO_4113-10,São Paulo,3550308,True,,33536,,,-23.552446500000002,-46.633326,,,,2,2023-06-15T14:12:17+00:00
SAO_4113-10,São Paulo,3550308,True,,33536,,,-23.549731,-46.64231275,,,,2,2023-06-15T14:12:02+00:00
SAO_4113-10,São Paulo,3550308,True,,33536,,,-23.55719275,-46.63299775,,,,2,2023-06-15T14:11:55+00:00
SAO_4113-10,São Paulo,3550308,True,,33536,,,-23.5658475,-46.632071499999995,,,,2,2023-06-15T14:11:52+00:00
SAO_4113-10,São Paulo,3550308,True,,33536,,,-23.5692015,-46.626809249999994,,,,2,2023-06-15T14:12:08+00:00
SAO_4113-10,São Paulo,3550308,True,,33536,,,-23.576390000000004,-46.625099250000005,,,,2,2023-06-15T14:11:51+00:00
SAO_4113-10,São Paulo,3550308,True,,33536,,,-23.551933624999997,-46.639324,,,,2,2023-06-15T14:12:09+00:00
SAO_4113-10,São Paulo,3550308,True,,33536,,,-23.5694545,-46.62651375,,,,2,2023-06-15T14:12:20+00:00
SAO_4113-10,São Paulo,3550308,True,,33536,,,-23.5687415,-46.627306000000004,,,,2,2023-06-15T14:12:09+00:00
SAO_574R-10,São Paulo,3550308,True,,34391,,,-23.554279,-46.578238,,,,2,2023-06-15T14:12:00+00:00
SAO_574R-10,São Paulo,3550308,True,,34391,,,-23.544957,-46.592942,,,,2,2023-06-15T14:11:47+00:00
SAO_574R-10,São Paulo,3550308,True,,34391,,,-23.5884785,-46.532263,,,,2,2023-06-15T14:12:12+00:00
SAO_574R-10,São Paulo,3550308,True,,34391,,,-23.614496,-46.500415000000004,,,,2,2023-06-15T14:12:02+00:00
SAO_574R-10,São Paulo,3550308,True,,34391,,,-23.5894625,-46.532139,,,,2,2023-06-15T14:12:18+00:00
SAO_574R-10,São Paulo,3550308,True,,34391,,,-23.549926,-46.580749,,,,2,2023-06-15T14:11:36+00:00
SAO_1017-10,São Paulo,3550308,True,,2141,,,-23.4495215,-46.7169095,,,,1,2023-06-15T14:12:06+00:00
SAO_1017-10,São Paulo,3550308,True,,2141,,,-23.408027500000003,-46.7584705,,,,1,2023-06-15T14:12:06+00:00
SAO_1017-10,São Paulo,3550308,True,,2141,,,-23.437545999999998,-46.717450875,,,,1,2023-06-15T14:12:22+00:00
SAO_1017-10,São Paulo,3550308,True,,2141,,,-23.447507,-46.7170655,,,,1,2023-06-15T14:11:58+00:00
SAO_1017-10,São Paulo,3550308,True,,2141,,,-23.457422,-46.714446499999994,,,,1,2023-06-15T14:11:41+00:00
SAO_1017-10,São Paulo,3550308,True,,2141,,,-23.420987250000003,-46.72931925,,,,1,2023-06-15T14:11:45+00:00
SAO_1017-10,São Paulo,3550308,True,,2141,,,-23.462367,-46.714346500000005,,,,1,2023-06-15T14:11:49+00:00
SAO_1017-10,São Paulo,3550308,True,,2141,,,-23.46320975,-46.714018499999995,,,,1,2023-06-15T14:11:59+00:00
SAO_1017-10,São Paulo,3550308,True,,2141,,,-23.461115,-46.715194,,,,1,2023-06-15T14:11:38+00:00
SAO_6840-10,São Paulo,3550308,True,EMTU,201,https://moovitapp.com/index/pt-br/transporte_p%C3%BAblico-line-201-Sao_Paulo-242-2038937-58093160-0,20.4,-23.723031499999998,-46.785344499999994,,,,1,2023-06-15T14:11:38+00:00
SAO_6840-10,São Paulo,3550308,True,EMTU,201,https://moovitapp.com/index/pt-br/transporte_p%C3%BAblico-line-201-Sao_Paulo-242-2038937-58093160-0,20.4,-23.696705,-46.779482,,,,1,2023-06-15T14:11:57+00:00
SAO_6840-10,São Paulo,3550308,True,EMTU,201,https://moovitapp.com/index/pt-br/transporte_p%C3%BAblico-line-201-Sao_Paulo-242-2038937-58093160-0,20.4,-23.728915,-46.78610225,,,,1,2023-06-15T14:12:20+00:00
SAO_6840-10,São Paulo,3550308,True,EMTU,201,https://moovitapp.com/index/pt-br/transporte_p%C3%BAblico-line-201-Sao_Paulo-242-2038937-58093160-0,20.4,-23.684067,-46.769816500000005,,,,1,2023-06-15T14:11:57+00:00
SAO_6840-10,São Paulo,3550308,True,EMTU,201,https://moovitapp.com/index/pt-br/transporte_p%C3%BAblico-line-201-Sao_Paulo-242-2038937-58093160-0,20.4,-23.6692775,-46.7731525,,,,1,2023-06-15T14:12:18+00:00
SAO_6840-10,São Paulo,3550308,True,EMTU,201,https://moovitapp.com/index/pt-br/transporte_p%C3%BAblico-line-201-Sao_Paulo-242-2038937-58093160-0,20.4,-23.670257,-46.772945,,,,1,2023-06-15T14:12:13+00:00
SAO_6840-10,São Paulo,3550308,True,EMTU,201,https://moovitapp.com/index/pt-br/transporte_p%C3%BAblico-line-201-Sao_Paulo-242-2038937-58093160-0,20.4,-23.688184,-46.772277125,,,,1,2023-06-15T14:12:13+00:00
SAO_6840-10,São Paulo,3550308,True,EMTU,201,https://moovitapp.com/index/pt-br/transporte_p%C3%BAblico-line-201-Sao_Paulo-242-2038937-58093160-0,20.4,-23.7420195,-46.800329000000005,,,,1,2023-06-15T14:11:44+00:00
SAO_6913-10,São Paulo,3550308,True,,1465,,,-23.723218,-46.698363,,,,1,2023-06-15T14:11:51+00:00
SAO_6913-10,São Paulo,3550308,True,,1465,,,-23.65687525,-46.7063055,,,,1,2023-06-15T14:11:51+00:00
SAO_6913-10,São Paulo,3550308,True,,1465,,,-23.69316225,-46.7147245,,,,1,2023-06-15T14:12:10+00:00
SAO_6913-10,São Paulo,3550308,True,,1465,,,-23.734923000000002,-46.698987,,,,1,2023-06-15T14:11:42+00:00
SAO_6913-10,São Paulo,3550308,True,,1465,,,-23.751493,-46.710671000000005,,,,1,2023-06-15T14:12:07+00:00
SAO_6913-10,São Paulo,3550308,True,,1465,,,-23.600749,-46.67394375,,,,1,2023-06-15T14:11:45+00:00
SAO_6913-10,São Paulo,3550308,True,,1465,,,-23.76764575,-46.717001249999996,,,,1,2023-06-15T14:11:45+00:00
SAO_6913-10,São Paulo,3550308,True,,1465,,,-23.672186625000002,-46.712143375,,,,1,2023-06-15T14:12:12+00:00
SAO_6913-10,São Paulo,3550308,True,,1465,,,-23.636613125,-46.694776624999996,,,,1,2023-06-15T14:12:21+00:00
SAO_6913-10,São Paulo,3550308,True,,1465,,,-23.640083750000002,-46.697184500000006,,,,1,2023-06-15T14:10:07+00:00
SAO_6913-10,São Paulo,3550308,True,,1465,,,-23.7143375,-46.70780549999999,,,,1,2023-06-15T14:11:57+00:00
SAO_6913-10,São Paulo,3550308,True,,1465,,,-23.640705124999997,-46.697613875,,,,1,2023-06-15T14:12:00+00:00
SAO_6913-10,São Paulo,3550308,True,,1465,,,-23.57390375,-46.666884499999995,,,,1,2023-06-15T14:12:08+00:00
SAO_6913-10,São Paulo,3550308,True,,1465,,,-23.767560000000003,-46.7161905,,,,1,2023-06-15T14:12:15+00:00
SAO_6913-10,São Paulo,3550308,True,,1465,,,-23.585545000000003,-46.670801999999995,,,,1,2023-06-15T14:12:20+00:00
SAO_6913-10,São Paulo,3550308,True,,1465,,,-23.59324375,-46.672788,,,,1,2023-06-15T14:12:03+00:00
SAO_6913-10,São Paulo,3550308,True,,1465,,,-23.7451125,-46.707049999999995,,,,1,2023-06-15T14:12:03+00:00
SAO_6913-10,São Paulo,3550308,True,,1465,,,-23.6140035,-46.6786695,,,,1,2023-06-15T14:12:13+00:00
SAO_6258-10,São Paulo,3550308,True,,1232,,,-23.667555,-46.7294615,,,,1,2023-06-15T14:12:01+00:00
SAO_6258-10,São Paulo,3550308,True,,1232,,,-23.691460499999998,-46.746868500000005,,,,1,2023-06-15T14:12:04+00:00
SAO_6258-10,São Paulo,3550308,True,,1232,,,-23.670888,-46.7344865,,,,1,2023-06-15T14:11:57+00:00
SAO_6258-10,São Paulo,3550308,True,,1232,,,-23.680467999999998,-46.734706,,,,1,2023-06-15T14:11:59+00:00
SAO_6258-10,São Paulo,3550308,True,,1232,,,-23.6733245,-46.7342625,,,,1,2023-06-15T14:12:13+00:00
SAO_6258-10,São Paulo,3550308,True,,1232,,,-23.691460499999998,-46.746868500000005,,,,1,2023-06-15T14:11:48+00:00
SAO_6258-10,São Paulo,3550308,True,,1232,,,-23.65397075,-46.7077515,,,,1,2023-06-15T14:12:21+00:00
SAO_6258-10,São Paulo,3550308,True,,1232,,,-23.667810000000003,-46.731027499999996,,,,1,2023-06-15T14:11:45+00:00
SAO_6258-10,São Paulo,3550308,True,,1232,,,-23.653924375,-46.71180125000001,,,,1,2023-06-15T14:11:49+00:00
SAO_4018-10,São Paulo,3550308,True,,34959,,,-23.5961365,-46.435144,,,,2,2023-06-15T14:12:08+00:00
SAO_4018-10,São Paulo,3550308,True,,34959,,,-23.5951315,-46.432561,,,,2,2023-06-15T14:12:07+00:00
SAO_4018-10,São Paulo,3550308,True,,34959,,,-23.595961125000002,-46.405073875,,,,2,2023-06-15T14:11:31+00:00
SAO_4018-10,São Paulo,3550308,True,,34959,,,-23.60156875,-46.398831,,,,2,2023-06-15T14:11:57+00:00
SAO_4018-10,São Paulo,3550308,True,,34959,,,-23.586068500000003,-46.4092865,,,,2,2023-06-15T14:11:56+00:00
SAO_4018-10,São Paulo,3550308,True,,34959,,,-23.5831885,-46.407001,,,,2,2023-06-15T14:12:14+00:00
SAO_4018-10,São Paulo,3550308,True,,34959,,,-23.594748000000003,-46.444041999999996,,,,2,2023-06-15T14:11:58+00:00
SAO_4018-10,São Paulo,3550308,True,,34959,,,-23.596264875000003,-46.45482750000001,,,,2,2023-06-15T14:11:35+00:00
SAO_4018-10,São Paulo,3550308,True,,34959,,,-23.595814750000002,-46.43762475,,,,2,2023-06-15T14:11:57+00:00
SAO_4018-10,São Paulo,3550308,True,,34959,,,-23.6008165,-46.399510500000005,,,,2,2023-06-15T14:11:57+00:00
SAO_4018-10,São Paulo,3550308,True,,34959,,,-23.6008165,-46.399510500000005,,,,2,2023-06-15T14:11:41+00:00
SAO_4018-10,São Paulo,3550308,True,,34959,,,-23.6058875,-46.47122,,,,2,2023-06-15T14:12:05+00:00
SAO_809P-10,São Paulo,3550308,True,,34659,,,-23.6313825,-46.77286,,,,2,2023-06-15T14:12:19+00:00
SAO_809P-10,São Paulo,3550308,True,,34659,,,-23.604568,-46.745587,,,,2,2023-06-15T14:12:16+00:00
SAO_809P-10,São Paulo,3550308,True,,34659,,,-23.6114525,-46.7539355,,,,2,2023-06-15T14:11:54+00:00
SAO_809P-10,São Paulo,3550308,True,,34659,,,-23.604357999999998,-46.7454035,,,,2,2023-06-15T14:12:21+00:00
SAO_809P-10,São Paulo,3550308,True,,34659,,,-23.584870000000002,-46.719519500000004,,,,2,2023-06-15T14:12:09+00:00
SAO_809P-10,São Paulo,3550308,True,,34659,,,-23.567622999999998,-46.695747,,,,2,2023-06-15T14:11:46+00:00
SAO_809P-10,São Paulo,3550308,True,,34659,,,-23.624128499999998,-46.764346,,,,2,2023-06-15T14:11:58+00:00
SAO_809P-10,São Paulo,3550308,True,,34659,,,-23.6312955,-46.773033999999996,,,,2,2023-06-15T14:12:22+00:00
SAO_5111-10,São Paulo,3550308,True,,32816,,,-23.633966,-46.693563,,,,2,2023-06-15T14:12:22+00:00
SAO_5111-10,São Paulo,3550308,True,,32816,,,-23.59112175,-46.6726545,,,,2,2023-06-15T14:12:11+00:00
SAO_5111-10,São Paulo,3550308,True,,32816,,,-23.554767500000004,-46.639010375000005,,,,2,2023-06-15T14:12:15+00:00
SAO_5111-10,São Paulo,3550308,True,,32816,,,-23.653924375,-46.71180125000001,,,,2,2023-06-15T14:11:41+00:00
SAO_5111-10,São Paulo,3550308,True,,32816,,,-23.58729175,-46.67156075,,,,2,2023-06-15T14:12:13+00:00
SAO_5111-10,São Paulo,3550308,True,,32816,,,-23.5495235,-46.633815999999996,,,,2,2023-06-15T14:12:13+00:00
SAO_5111-10,São Paulo,3550308,True,,32816,,,-23.54805,-46.629795,,,,2,2023-06-15T14:11:52+00:00
SAO_9300-10,São Paulo,3550308,True,,32884,,,-23.533042625,-46.644840875,,,,2,2023-06-15T14:11:57+00:00
SAO_9300-10,São Paulo,3550308,True,,32884,,,-23.539871,-46.630893875,,,,2,2023-06-15T14:12:19+00:00
SAO_9300-10,São Paulo,3550308,True,,32884,,,-23.50045425,-46.66472075,,,,2,2023-06-15T14:12:19+00:00
SAO_737A-10,São Paulo,3550308,True,,1730,,,-23.679529374999998,-46.764053375,,,,1,2023-06-15T14:12:00+00:00
SAO_737A-10,São Paulo,3550308,True,,1730,,,-23.6902125,-46.773815,,,,1,2023-06-15T14:11:58+00:00
SAO_737A-10,São Paulo,3550308,True,,1730,,,-23.654648,-46.706824999999995,,,,1,2023-06-15T14:12:13+00:00
SAO_737A-10,São Paulo,3550308,True,,1730,,,-23.669687500000002,-46.736403499999994,,,,1,2023-06-15T14:12:16+00:00
SAO_737A-10,São Paulo,3550308,True,,1730,,,-23.654359,-46.7068095,,,,1,2023-06-15T14:11:54+00:00
SAO_737A-10,São Paulo,3550308,True,,1730,,,-23.6672905,-46.727228,,,,1,2023-06-15T14:11:23+00:00
SAO_737A-10,São Paulo,3550308,True,,1730,,,-23.665815000000002,-46.7117615,,,,1,2023-06-15T14:11:49+00:00
SAO_737A-10,São Paulo,3550308,True,,1730,,,-23.6541015,-46.7120065,,,,1,2023-06-15T14:11:43+00:00
SAO_737A-10,São Paulo,3550308,True,,1730,,,-23.678915250000003,-46.7633535,,,,1,2023-06-15T14:11:10+00:00
SAO_737A-10,São Paulo,3550308,True,,1730,,,-23.6541015,-46.7120065,,,,1,2023-06-15T14:12:18+00:00
SAO_737A-10,São Paulo,3550308,True,,1730,,,-23.688184,-46.772277125,,,,1,2023-06-15T14:12:10+00:00
SAO_3737-31,São Paulo,3550308,True,,34122,,,-23.532483499999998,-46.5153105,,,,2,2023-06-15T14:11:53+00:00
SAO_2726-10,São Paulo,3550308,True,Urubupungá,940,https://moovitapp.com/index/pt-br/transporte_p%C3%BAblico-line-940-Sao_Paulo-242-873835-496474-0,4.6,-23.51992675,-46.54118925,,,,1,2023-06-15T14:12:15+00:00
SAO_2726-10,São Paulo,3550308,True,Urubupungá,940,https://moovitapp.com/index/pt-br/transporte_p%C3%BAblico-line-940-Sao_Paulo-242-873835-496474-0,4.6,-23.515551,-46.468538499999994,,,,1,2023-06-15T14:12:13+00:00
SAO_2726-10,São Paulo,3550308,True,Urubupungá,940,https://moovitapp.com/index/pt-br/transporte_p%C3%BAblico-line-940-Sao_Paulo-242-873835-496474-0,4.6,-23.515029499999997,-46.468916500000006,,,,1,2023-06-15T14:12:04+00:00
SAO_2726-10,São Paulo,3550308,True,Urubupungá,940,https://moovitapp.com/index/pt-br/transporte_p%C3%BAblico-line-940-Sao_Paulo-242-873835-496474-0,4.6,-23.512026499999997,-46.512228500000006,,,,1,2023-06-15T14:11:49+00:00
SAO_2726-10,São Paulo,3550308,True,Urubupungá,940,https://moovitapp.com/index/pt-br/transporte_p%C3%BAblico-line-940-Sao_Paulo-242-873835-496474-0,4.6,-23.516257,-46.5210375,,,,1,2023-06-15T14:11:41+00:00
SAO_2726-10,São Paulo,3550308,True,Urubupungá,940,https://moovitapp.com/index/pt-br/transporte_p%C3%BAblico-line-940-Sao_Paulo-242-873835-496474-0,4.6,-23.514874499999998,-46.4689515,,,,1,2023-06-15T14:12:08+00:00
SAO_2726-10,São Paulo,3550308,True,Urubupungá,940,https://moovitapp.com/index/pt-br/transporte_p%C3%BAblico-line-940-Sao_Paulo-242-873835-496474-0,4.6,-23.514615499999998,-46.47662,,,,1,2023-06-15T14:11:42+00:00
SAO_2726-10,São Paulo,3550308,True,Urubupungá,940,https://moovitapp.com/index/pt-br/transporte_p%C3%BAblico-line-940-Sao_Paulo-242-873835-496474-0,4.6,-23.521616,-46.529561,,,,1,2023-06-15T14:11:45+00:00
SAO_8014-10,São Paulo,3550308,True,,33569,,,-23.4457545,-46.789125999999996,,,,2,2023-06-15T14:11:52+00:00
SAO_8014-10,São Paulo,3550308,True,,33569,,,-23.426821500000003,-46.78762975,,,,2,2023-06-15T14:11:51+00:00
SAO_8014-10,São Paulo,3550308,True,,33569,,,-23.4325754375,-46.786764125000005,,,,2,2023-06-15T14:12:05+00:00
SAO_8014-10,São Paulo,3550308,True,,33569,,,-23.440855,-46.790087,,,,2,2023-06-15T14:11:53+00:00
SAO_8014-10,São Paulo,3550308,True,,33569,,,-23.446309499999998,-46.789116,,,,2,2023-06-15T14:12:04+00:00
SAO_8014-10,São Paulo,3550308,True,,33569,,,-23.4044015,-46.7525905,,,,2,2023-06-15T14:11:59+00:00
SAO_8014-10,São Paulo,3550308,True,,33569,,,-23.446182,-46.7890905,,,,2,2023-06-15T14:12:03+00:00
SAO_8014-10,São Paulo,3550308,True,,33569,,,-23.446309499999998,-46.789116,,,,2,2023-06-15T14:11:46+00:00
SAO_8014-10,São Paulo,3550308,True,,33569,,,-23.405261,-46.73661575,,,,2,2023-06-15T14:12:18+00:00
SAO_5105-10,São Paulo,3550308,True,,1651,,,-23.59015975,-46.598036500000006,,,,1,2023-06-15T14:11:51+00:00
SAO_5105-10,São Paulo,3550308,True,,1651,,,-23.5682905,-46.608905,,,,1,2023-06-15T14:12:04+00:00
SAO_5105-10,São Paulo,3550308,True,,1651,,,-23.5570576875,-46.619944187499996,,,,1,2023-06-15T14:11:58+00:00
SAO_9090-10,São Paulo,3550308,True,,33652,,,-23.462843874999997,-46.676674625000004,,,,2,2023-06-15T14:12:06+00:00
SAO_9090-10,São Paulo,3550308,True,,33652,,,-23.492981,-46.662028,,,,2,2023-06-15T14:12:15+00:00
SAO_9090-10,São Paulo,3550308,True,,33652,,,-23.462843874999997,-46.676674625000004,,,,2,2023-06-15T14:11:47+00:00
SAO_9090-10,São Paulo,3550308,True,,33652,,,-23.475763,-46.671437,,,,2,2023-06-15T14:11:46+00:00
SAO_9090-10,São Paulo,3550308,True,,33652,,,-23.462758625,-46.676424874999995,,,,2,2023-06-15T14:11:59+00:00
SAO_807J-10,São Paulo,3550308,True,,2058,,,-23.6109735,-46.71292425,,,,1,2023-06-15T14:11:49+00:00
SAO_807J-10,São Paulo,3550308,True,,2058,,,-23.620141750000002,-46.757852375,,,,1,2023-06-15T14:11:50+00:00
SAO_807J-10,São Paulo,3550308,True,,2058,,,-23.6085235,-46.7503485,,,,1,2023-06-15T14:12:18+00:00
SAO_807J-10,São Paulo,3550308,True,,2058,,,-23.6116335,-46.743879750000005,,,,1,2023-06-15T14:12:14+00:00
SAO_807J-10,São Paulo,3550308,True,,2058,,,-23.614729500000003,-46.733153,,,,1,2023-06-15T14:11:56+00:00
SAO_807J-10,São Paulo,3550308,True,,2058,,,-23.612494125,-46.729085625,,,,1,2023-06-15T14:12:00+00:00
SAO_2715-10,São Paulo,3550308,True,,928,,,-23.530516,-46.5016445,,,,1,2023-06-15T14:11:45+00:00
SAO_2715-10,São Paulo,3550308,True,,928,,,-23.494941500000003,-46.5001585,,,,1,2023-06-15T14:11:56+00:00
SAO_2715-10,São Paulo,3550308,True,,928,,,-23.50654475,-46.500611875000004,,,,1,2023-06-15T14:11:57+00:00
SAO_2715-10,São Paulo,3550308,True,,928,,,-23.52376175,-46.50061875,,,,1,2023-06-15T14:11:26+00:00
SAO_2715-10,São Paulo,3550308,True,,928,,,-23.51427375,-46.50059975,,,,1,2023-06-15T14:11:49+00:00
SAO_2715-10,São Paulo,3550308,True,,928,,,-23.530618500000003,-46.5014455,,,,1,2023-06-15T14:12:04+00:00
SAO_2004-10,São Paulo,3550308,True,,33660,,,-23.52492675,-46.38933325,,,,2,2023-06-15T14:10:04+00:00
SAO_2004-10,São Paulo,3550308,True,,33660,,,-23.5199755,-46.384038000000004,,,,2,2023-06-15T14:09:49+00:00
SAO_2004-10,São Paulo,3550308,True,,33660,,,-23.519818,-46.383840000000006,,,,2,2023-06-15T14:07:14+00:00
SAO_2004-10,São Paulo,3550308,True,,33660,,,-23.5199755,-46.384038000000004,,,,2,2023-06-15T13:57:50+00:00
SAO_2004-10,São Paulo,3550308,True,,33660,,,-23.5418345,-46.4158545,,,,2,2023-06-15T14:12:18+00:00
SAO_2004-10,São Paulo,3550308,True,,33660,,,-23.529552,-46.3944875,,,,2,2023-06-15T14:11:29+00:00
SAO_2004-10,São Paulo,3550308,True,,33660,,,-23.5368615,-46.404515,,,,2,2023-06-15T14:11:57+00:00
SAO_2004-10,São Paulo,3550308,True,,33660,,,-23.519818,-46.383840000000006,,,,2,2023-06-15T14:02:58+00:00
SAO_9009-10,São Paulo,3550308,True,,33645,,,-23.460402000000002,-46.684407,,,,2,2023-06-15T14:12:12+00:00
SAO_9009-10,São Paulo,3550308,True,,33645,,,-23.474776,-46.6700495,,,,2,2023-06-15T14:12:10+00:00
SAO_9009-10,São Paulo,3550308,True,,33645,,,-23.4655835,-46.6794295,,,,2,2023-06-15T14:12:17+00:00
SAO_9009-10,São Paulo,3550308,True,,33645,,,-23.447453250000002,-46.7096505,,,,2,2023-06-15T14:12:18+00:00
SAO_9009-10,São Paulo,3550308,True,,33645,,,-23.473833999999997,-46.669099,,,,2,2023-06-15T14:12:14+00:00
SAO_9009-10,São Paulo,3550308,True,,33645,,,-23.440883499999998,-46.71685325,,,,2,2023-06-15T14:11:40+00:00
SAO_9009-10,São Paulo,3550308,True,,33645,,,-23.453497,-46.699073,,,,2,2023-06-15T14:12:06+00:00
SAO_9009-10,São Paulo,3550308,True,,33645,,,-23.4493245,-46.70102,,,,2,2023-06-15T14:11:49+00:00
SAO_9009-10,São Paulo,3550308,True,,33645,,,-23.4432245,-46.717245500000004,,,,2,2023-06-15T14:12:18+00:00
SAO_875H-10,São Paulo,3550308,True,,1340,,,-23.536273,-46.674370999999994,,,,1,2023-06-15T14:12:02+00:00
SAO_875H-10,São Paulo,3550308,True,,1340,,,-23.5540545,-46.67109425,,,,1,2023-06-15T14:12:05+00:00
SAO_875H-10,São Paulo,3550308,True,,1340,,,-23.5518185,-46.6764575,,,,1,2023-06-15T14:12:14+00:00
SAO_875H-10,São Paulo,3550308,True,,1340,,,-23.552509375,-46.674890500000004,,,,1,2023-06-15T14:11:55+00:00
SAO_875H-10,São Paulo,3550308,True,,1340,,,-23.52823625,-46.67689775,,,,1,2023-06-15T14:11:58+00:00
SAO_875H-10,São Paulo,3550308,True,,1340,,,-23.565439499999997,-46.651795875000005,,,,1,2023-06-15T14:12:18+00:00
SAO_875H-10,São Paulo,3550308,True,,1340,,,-23.525020750000003,-46.68476875,,,,1,2023-06-15T14:12:17+00:00
SAO_746P-10,São Paulo,3550308,True,,33556,,,-23.617432,-46.7210475,,,,2,2023-06-15T14:12:03+00:00
SAO_746P-10,São Paulo,3550308,True,,33556,,,-23.622393000000002,-46.733672999999996,,,,2,2023-06-15T14:11:44+00:00
SAO_746P-10,São Paulo,3550308,True,,33556,,,-23.6135655,-46.730607,,,,2,2023-06-15T14:12:20+00:00
SAO_746P-10,São Paulo,3550308,True,,33556,,,-23.6262905,-46.734998,,,,2,2023-06-15T14:12:14+00:00
SAO_746P-10,São Paulo,3550308,True,,33556,,,-23.6186035,-46.731608,,,,2,2023-06-15T14:12:19+00:00
SAO_746P-10,São Paulo,3550308,True,,33556,,,-23.6467535,-46.72266175,,,,2,2023-06-15T14:12:07+00:00
SAO_746P-10,São Paulo,3550308,True,,33556,,,-23.649947,-46.7061525,,,,2,2023-06-15T14:12:14+00:00
SAO_746P-10,São Paulo,3550308,True,,33556,,,-23.64331675,-46.734660000000005,,,,2,2023-06-15T14:12:21+00:00
SAO_746P-10,São Paulo,3550308,True,,33556,,,-23.616611,-46.7209505,,,,2,2023-06-15T14:12:08+00:00
SAO_746P-10,São Paulo,3550308,True,,33556,,,-23.612278,-46.728778000000005,,,,2,2023-06-15T14:12:07+00:00
SAO_9011-10,São Paulo,3550308,True,,33646,,,-23.454430000000002,-46.696312500000005,,,,2,2023-06-15T14:11:54+00:00
SAO_9011-10,São Paulo,3550308,True,,33646,,,-23.453462,-46.697958,,,,2,2023-06-15T14:12:08+00:00
SAO_9011-10,São Paulo,3550308,True,,33646,,,-23.450102,-46.7311205,,,,2,2023-06-15T14:11:46+00:00
SAO_9011-10,São Paulo,3550308,True,,33646,,,-23.47494,-46.67014399999999,,,,2,2023-06-15T14:12:16+00:00
SAO_9011-10,São Paulo,3550308,True,,33646,,,-23.4434275,-46.735071500000004,,,,2,2023-06-15T14:11:59+00:00
SAO_9011-10,São Paulo,3550308,True,,33646,,,-23.43782,-46.717404125,,,,2,2023-06-15T14:11:32+00:00
SAO_9011-10,São Paulo,3550308,True,,33646,,,-23.44162525,-46.71696825,,,,2,2023-06-15T14:11:52+00:00
SAO_9011-10,São Paulo,3550308,True,,33646,,,-23.45467,-46.738116000000005,,,,2,2023-06-15T14:11:50+00:00
SAO_4210-10,São Paulo,3550308,True,,34938,,,-23.5351405,-46.559912,,,,2,2023-06-15T14:11:53+00:00
SAO_4210-10,São Paulo,3550308,True,,34938,,,-23.595407124999998,-46.439041125,,,,2,2023-06-15T14:11:58+00:00
SAO_4210-10,São Paulo,3550308,True,,34938,,,-23.583026,-46.408417,,,,2,2023-06-15T14:12:15+00:00
SAO_4210-10,São Paulo,3550308,True,,34938,,,-23.535543750000002,-46.57404325,,,,2,2023-06-15T14:12:15+00:00
SAO_4210-10,São Paulo,3550308,True,,34938,,,-23.56491575,-46.508068249999994,,,,2,2023-06-15T14:12:11+00:00
SAO_4210-10,São Paulo,3550308,True,,34938,,,-23.535182374999998,-46.58226225,,,,2,2023-06-15T14:12:09+00:00
SAO_4006-10,São Paulo,3550308,True,,2180,,,-23.596856,-46.436479,,,,1,2023-06-15T14:11:50+00:00
SAO_4006-10,São Paulo,3550308,True,,2180,,,-23.606383,-46.4372715,,,,1,2023-06-15T14:09:56+00:00
SAO_574C-10,São Paulo,3550308,True,,34407,,,-23.602894999999997,-46.510341499999996,,,,2,2023-06-15T14:12:12+00:00
SAO_574C-10,São Paulo,3550308,True,,34407,,,-23.6112865,-46.473203,,,,2,2023-06-15T14:12:06+00:00
SAO_574C-10,São Paulo,3550308,True,,34407,,,-23.6142385,-46.497279,,,,2,2023-06-15T14:09:38+00:00
SAO_574C-10,São Paulo,3550308,True,,34407,,,-23.592730000000003,-46.54682225,,,,2,2023-06-15T14:11:49+00:00
SAO_574C-10,São Paulo,3550308,True,,34407,,,-23.597260499999997,-46.5593245,,,,2,2023-06-15T14:11:21+00:00
SAO_675K-23,São Paulo,3550308,True,,2018,,,-23.6497811875,-46.70390193750001,,,,1,2023-06-15T14:12:15+00:00
SAO_675K-23,São Paulo,3550308,True,,2018,,,-23.623912499999996,-46.681260125,,,,1,2023-06-15T14:11:40+00:00
SAO_675K-23,São Paulo,3550308,True,,2018,,,-23.609165312499997,-46.667339875,,,,1,2023-06-15T14:11:46+00:00
SAO_675K-23,São Paulo,3550308,True,,2018,,,-23.6537705,-46.706717,,,,1,2023-06-15T14:12:07+00:00
SAO_675K-23,São Paulo,3550308,True,,2018,,,-23.677137000000002,-46.761391,,,,1,2023-06-15T14:12:15+00:00
SAO_675K-23,São Paulo,3550308,True,,2018,,,-23.597589749999997,-46.65647625,,,,1,2023-06-15T14:12:10+00:00
SAO_7002-10,São Paulo,3550308,True,,772,,,-23.573218,-46.70999425000001,,,,1,2023-06-15T14:11:56+00:00
SAO_7002-10,São Paulo,3550308,True,,772,,,-23.5811185,-46.729885374999995,,,,1,2023-06-15T14:11:56+00:00
SAO_7002-10,São Paulo,3550308,True,,772,,,-23.55871575,-46.679425125,,,,1,2023-06-15T14:12:17+00:00
SAO_7002-10,São Paulo,3550308,True,,772,,,-23.58374275,-46.735281125,,,,1,2023-06-15T14:11:43+00:00
SAO_7002-10,São Paulo,3550308,True,,772,,,-23.585375499999998,-46.73989400000001,,,,1,2023-06-15T14:12:05+00:00
SAO_7002-10,São Paulo,3550308,True,,772,,,-23.56943,-46.697317999999996,,,,1,2023-06-15T14:11:49+00:00
SAO_7002-10,São Paulo,3550308,True,,772,,,-23.591182,-46.753821,,,,1,2023-06-15T14:11:51+00:00
SAO_7002-10,São Paulo,3550308,True,,772,,,-23.590835750000004,-46.77020775,,,,1,2023-06-15T14:11:42+00:00
SAO_7002-10,São Paulo,3550308,True,,772,,,-23.573278000000002,-46.711861,,,,1,2023-06-15T14:11:53+00:00
SAO_7002-10,São Paulo,3550308,True,,772,,,-23.558425375,-46.678939375,,,,1,2023-06-15T14:11:41+00:00
SAO_7002-10,São Paulo,3550308,True,,772,,,-23.59162275,-46.76552074999999,,,,1,2023-06-15T14:11:39+00:00
SAO_189L-10,São Paulo,3550308,True,,2450,,,-23.50033275,-46.70682,,,,1,2023-06-15T14:11:57+00:00
SAO_189L-10,São Paulo,3550308,True,,2450,,,-23.488671,-46.7106195,,,,1,2023-06-15T14:12:10+00:00
SAO_189L-10,São Paulo,3550308,True,,2450,,,-23.512877500000002,-46.7046045,,,,1,2023-06-15T14:12:15+00:00
SAO_189L-10,São Paulo,3550308,True,,2450,,,-23.514675500000003,-46.703976499999996,,,,1,2023-06-15T14:11:50+00:00
SAO_675X-10,São Paulo,3550308,True,,32879,,,-23.62885825,-46.686011500000006,,,,2,2023-06-15T14:11:44+00:00
SAO_675X-10,São Paulo,3550308,True,,32879,,,-23.661725,-46.7062455,,,,2,2023-06-15T14:10:29+00:00
SAO_675X-10,São Paulo,3550308,True,,32879,,,-23.735775500000003,-46.6958785,,,,2,2023-06-15T14:12:03+00:00
SAO_675X-10,São Paulo,3550308,True,,32879,,,-23.737689500000002,-46.697986,,,,2,2023-06-15T14:12:12+00:00
SAO_675X-10,São Paulo,3550308,True,,32879,,,-23.737982,-46.697884,,,,2,2023-06-15T14:12:00+00:00
SAO_675X-10,São Paulo,3550308,True,,32879,,,-23.638472875,-46.69510575,,,,2,2023-06-15T14:12:09+00:00
SAO_675X-10,São Paulo,3550308,True,,32879,,,-23.6827,-46.704150999999996,,,,2,2023-06-15T14:11:58+00:00
SAO_677A-10,São Paulo,3550308,True,,1239,,,-23.601210000000002,-46.6913135,,,,1,2023-06-15T14:11:30+00:00
SAO_677A-10,São Paulo,3550308,True,,1239,,,-23.5907515,-46.688405,,,,1,2023-06-15T14:12:18+00:00
SAO_677A-10,São Paulo,3550308,True,,1239,,,-23.6536935,-46.7238575,,,,1,2023-06-15T14:12:07+00:00
SAO_677A-10,São Paulo,3550308,True,,1239,,,-23.590847500000002,-46.68808525,,,,1,2023-06-15T14:12:09+00:00
SAO_677A-10,São Paulo,3550308,True,,1239,,,-23.632668375,-46.716137562499995,,,,1,2023-06-15T14:12:15+00:00
SAO_677A-10,São Paulo,3550308,True,,1239,,,-23.6634325,-46.7277855,,,,1,2023-06-15T14:11:54+00:00
SAO_677A-10,São Paulo,3550308,True,,1239,,,-23.63581,-46.719123499999995,,,,1,2023-06-15T14:11:50+00:00
SAO_677A-10,São Paulo,3550308,True,,1239,,,-23.677727,-46.7619165,,,,1,2023-06-15T14:11:58+00:00
SAO_677A-10,São Paulo,3550308,True,,1239,,,-23.6753625,-46.748852,,,,1,2023-06-15T14:12:14+00:00
SAO_677A-10,São Paulo,3550308,True,,1239,,,-23.6634705,-46.7279985,,,,1,2023-06-15T14:12:11+00:00
SAO_677A-10,São Paulo,3550308,True,,1239,,,-23.67875375,-46.7631745,,,,1,2023-06-15T14:12:18+00:00
SAO_677A-10,São Paulo,3550308,True,,1239,,,-23.621217,-46.7007715,,,,1,2023-06-15T14:12:14+00:00
SAO_677A-10,São Paulo,3550308,True,,1239,,,-23.5907515,-46.688405,,,,1,2023-06-15T14:11:53+00:00
SAO_677A-10,São Paulo,3550308,True,,1239,,,-23.690559,-46.774157,,,,1,2023-06-15T14:11:53+00:00
SAO_609F-21,São Paulo,3550308,True,BR7 Mobilidade,38,https://moovitapp.com/index/pt-br/transporte_p%C3%BAblico-line-38-Sao_Paulo-242-851856-587254-0,5.75,-23.6612605,-46.748577,,,,1,2023-06-15T14:12:01+00:00
SAO_609F-21,São Paulo,3550308,True,BR7 Mobilidade,38,https://moovitapp.com/index/pt-br/transporte_p%C3%BAblico-line-38-Sao_Paulo-242-851856-587254-0,5.75,-23.644821,-46.724599999999995,,,,1,2023-06-15T14:12:12+00:00
SAO_609F-21,São Paulo,3550308,True,BR7 Mobilidade,38,https://moovitapp.com/index/pt-br/transporte_p%C3%BAblico-line-38-Sao_Paulo-242-851856-587254-0,5.75,-23.539814999999997,-46.63375725,,,,1,2023-06-15T14:12:20+00:00
SAO_609F-21,São Paulo,3550308,True,BR7 Mobilidade,38,https://moovitapp.com/index/pt-br/transporte_p%C3%BAblico-line-38-Sao_Paulo-242-851856-587254-0,5.75,-23.6531645,-46.7385905,,,,1,2023-06-15T14:12:06+00:00
SAO_8549-10,São Paulo,3550308,True,,33348,,,-23.515331500000002,-46.6904845,,,,2,2023-06-15T14:12:08+00:00
SAO_8549-10,São Paulo,3550308,True,,33348,,,-23.442132625,-46.706932125,,,,2,2023-06-15T14:12:07+00:00
SAO_8549-10,São Paulo,3550308,True,,33348,,,-23.481703,-46.683695,,,,2,2023-06-15T14:12:15+00:00
SAO_8549-10,São Paulo,3550308,True,,33348,,,-23.540698,-46.6364375,,,,2,2023-06-15T14:11:37+00:00
SAO_8549-10,São Paulo,3550308,True,,33348,,,-23.5279289375,-46.670851125,,,,2,2023-06-15T14:12:09+00:00
SAO_8549-10,São Paulo,3550308,True,,33348,,,-23.460055,-46.684670999999994,,,,2,2023-06-15T14:11:53+00:00
SAO_414P-10,São Paulo,3550308,True,,1105,,,-23.591075,-46.530924999999996,,,,1,2023-06-15T14:12:01+00:00
SAO_414P-10,São Paulo,3550308,True,,1105,,,-23.5756765,-46.54115875,,,,1,2023-06-15T14:11:50+00:00
SAO_414P-10,São Paulo,3550308,True,,1105,,,-23.610801000000002,-46.5299455,,,,1,2023-06-15T14:11:45+00:00
SAO_414P-10,São Paulo,3550308,True,,1105,,,-23.56042325,-46.5529035,,,,1,2023-06-15T14:12:19+00:00
SAO_414P-10,São Paulo,3550308,True,,1105,,,-23.600794999999998,-46.5274895,,,,1,2023-06-15T14:11:55+00:00
SAO_414P-10,São Paulo,3550308,True,,1105,,,-23.56014175,-46.552932500000004,,,,1,2023-06-15T14:11:44+00:00
SAO_8030-10,São Paulo,3550308,True,,35330,,,-23.6091875,-46.7349495,,,,2,2023-06-15T14:11:49+00:00
SAO_8030-10,São Paulo,3550308,True,,35330,,,-23.599953499999998,-46.7333085,,,,2,2023-06-15T14:12:22+00:00
SAO_8030-10,São Paulo,3550308,True,,35330,,,-23.6120345,-46.7284655,,,,2,2023-06-15T14:11:38+00:00
SAO_8030-10,São Paulo,3550308,True,,35330,,,-23.596156999999998,-46.7306555,,,,2,2023-06-15T14:12:13+00:00
SAO_8030-10,São Paulo,3550308,True,,35330,,,-23.61676025,-46.720957,,,,2,2023-06-15T14:12:07+00:00
SAO_3053-10,São Paulo,3550308,True,,33741,,,-23.5851685,-46.525681500000005,,,,2,2023-06-15T14:11:41+00:00
SAO_3053-10,São Paulo,3550308,True,,33741,,,-23.554187,-46.577277499999994,,,,2,2023-06-15T14:11:57+00:00
SAO_3053-10,São Paulo,3550308,True,,33741,,,-23.5747585,-46.5457865,,,,2,2023-06-15T14:12:15+00:00
SAO_3053-10,São Paulo,3550308,True,,33741,,,-23.588356,-46.511075,,,,2,2023-06-15T14:12:05+00:00
SAO_3053-10,São Paulo,3550308,True,,33741,,,-23.554187,-46.577277499999994,,,,2,2023-06-15T14:12:00+00:00
SAO_3053-10,São Paulo,3550308,True,,33741,,,-23.58125,-46.537955,,,,2,2023-06-15T14:12:08+00:00
SAO_3053-10,São Paulo,3550308,True,,33741,,,-23.591578,-46.499326749999994,,,,2,2023-06-15T14:11:55+00:00
SAO_3053-10,São Paulo,3550308,True,,33741,,,-23.585039000000002,-46.524774,,,,2,2023-06-15T14:12:14+00:00
SAO_3053-10,São Paulo,3550308,True,,33741,,,-23.543875,-46.5923585,,,,2,2023-06-15T14:12:10+00:00
SAO_3053-10,São Paulo,3550308,True,,33741,,,-23.550102000000003,-46.5883775,,,,2,2023-06-15T14:12:17+00:00
SAO_3053-10,São Paulo,3550308,True,,33741,,,-23.584741,-46.495041,,,,2,2023-06-15T14:12:02+00:00
SAO_3053-10,São Paulo,3550308,True,,33741,,,-23.552186499999998,-46.58588875,,,,2,2023-06-15T14:11:29+00:00
SAO_407J-10,São Paulo,3550308,True,,34966,,,-23.551553,-46.46382,,,,2,2023-06-15T14:11:49+00:00
SAO_407J-10,São Paulo,3550308,True,,34966,,,-23.53314125,-46.430143625,,,,2,2023-06-15T14:12:15+00:00
SAO_407J-10,São Paulo,3550308,True,,34966,,,-23.541229,-46.5766665,,,,2,2023-06-15T14:11:57+00:00
SAO_407J-10,São Paulo,3550308,True,,34966,,,-23.54472475,-46.57451425,,,,2,2023-06-15T14:12:11+00:00
SAO_407J-10,São Paulo,3550308,True,,34966,,,-23.5795995,-46.482247,,,,2,2023-06-15T14:12:09+00:00
SAO_407J-10,São Paulo,3550308,True,,34966,,,-23.5540335,-46.403518000000005,,,,2,2023-06-15T14:11:42+00:00
SAO_407J-10,São Paulo,3550308,True,,34966,,,-23.5664398125,-46.5115665625,,,,2,2023-06-15T14:11:37+00:00
SAO_407J-10,São Paulo,3550308,True,,34966,,,-23.5540335,-46.403518000000005,,,,2,2023-06-15T14:12:05+00:00
SAO_407J-10,São Paulo,3550308,True,,34966,,,-23.5755835,-46.504388750000004,,,,2,2023-06-15T14:11:51+00:00
SAO_407J-10,São Paulo,3550308,True,,34966,,,-23.542866125,-46.414745624999995,,,,2,2023-06-15T14:11:45+00:00
SAO_407J-10,São Paulo,3550308,True,,34966,,,-23.542628999999998,-46.4586815,,,,2,2023-06-15T14:12:05+00:00
SAO_407J-10,São Paulo,3550308,True,,34966,,,-23.5422865,-46.549737500000006,,,,2,2023-06-15T14:12:12+00:00
SAO_407J-10,São Paulo,3550308,True,,34966,,,-23.582603,-46.491417999999996,,,,2,2023-06-15T14:11:44+00:00
SAO_407J-10,São Paulo,3550308,True,,34966,,,-23.541229,-46.5766665,,,,2,2023-06-15T14:12:07+00:00
SAO_9653-10,São Paulo,3550308,True,,33356,,,-23.476438,-46.6705345,,,,2,2023-06-15T14:12:13+00:00
SAO_9653-10,São Paulo,3550308,True,,33356,,,-23.4580645,-46.6433105,,,,2,2023-06-15T14:12:06+00:00
SAO_9653-10,São Paulo,3550308,True,,33356,,,-23.514704000000002,-46.666631499999994,,,,2,2023-06-15T14:11:59+00:00
SAO_9653-10,São Paulo,3550308,True,,33356,,,-23.4580645,-46.6433105,,,,2,2023-06-15T14:12:05+00:00
SAO_9653-10,São Paulo,3550308,True,,33356,,,-23.53869425,-46.6407125,,,,2,2023-06-15T14:12:17+00:00
SAO_3745-10,São Paulo,3550308,True,,33812,,,-23.588666500000002,-46.510693,,,,2,2023-06-15T14:12:16+00:00
SAO_3745-10,São Paulo,3550308,True,,33812,,,-23.584647,-46.525439500000005,,,,2,2023-06-15T14:11:50+00:00
SAO_3745-10,São Paulo,3550308,True,,33812,,,-23.551041249999997,-46.532039749999996,,,,2,2023-06-15T14:11:43+00:00
SAO_3745-10,São Paulo,3550308,True,,33812,,,-23.54107625,-46.56197875,,,,2,2023-06-15T14:09:23+00:00
SAO_3745-10,São Paulo,3550308,True,,33812,,,-23.577731999999997,-46.521435,,,,2,2023-06-15T14:12:20+00:00
SAO_3745-10,São Paulo,3550308,True,,33812,,,-23.570487,-46.5350415,,,,2,2023-06-15T14:12:10+00:00
SAO_3745-10,São Paulo,3550308,True,,33812,,,-23.5848075,-46.5255475,,,,2,2023-06-15T14:12:03+00:00
SAO_3745-10,São Paulo,3550308,True,,33812,,,-23.538457,-46.5637265,,,,2,2023-06-15T14:11:45+00:00
SAO_6835-31,São Paulo,3550308,True,,34175,,,-23.688617999999998,-46.8001245,,,,2,2023-06-15T14:12:03+00:00
SAO_6835-31,São Paulo,3550308,True,,34175,,,-23.681542999999998,-46.784779,,,,2,2023-06-15T14:11:43+00:00
SAO_1178-10,São Paulo,3550308,True,,32900,,,-23.5248995,-46.561969000000005,,,,2,2023-06-15T14:08:42+00:00
SAO_1178-10,São Paulo,3550308,True,,32900,,,-23.5041765,-46.433013,,,,2,2023-06-15T14:11:45+00:00
SAO_1178-10,São Paulo,3550308,True,,32900,,,-23.49346225,-46.442254500000004,,,,2,2023-06-15T14:12:12+00:00
SAO_1178-10,São Paulo,3550308,True,,32900,,,-23.5120035,-46.545176999999995,,,,2,2023-06-15T14:11:33+00:00
SAO_475R-10,São Paulo,3550308,True,,33112,,,-23.594782000000002,-46.642353,,,,2,2023-06-15T14:12:02+00:00
SAO_475R-10,São Paulo,3550308,True,,33112,,,-23.55668,-46.640147,,,,2,2023-06-15T14:11:56+00:00
SAO_475R-10,São Paulo,3550308,True,,33112,,,-23.6083605,-46.637913999999995,,,,2,2023-06-15T14:11:50+00:00
SAO_475R-10,São Paulo,3550308,True,,33112,,,-23.5470345,-46.6298525,,,,2,2023-06-15T14:11:40+00:00
SAO_475R-10,São Paulo,3550308,True,,33112,,,-23.569412375,-46.650685249999995,,,,2,2023-06-15T14:12:13+00:00
SAO_475R-10,São Paulo,3550308,True,,33112,,,-23.653594,-46.6082155,,,,2,2023-06-15T14:11:42+00:00
SAO_475R-10,São Paulo,3550308,True,,33112,,,-23.653319500000002,-46.607946999999996,,,,2,2023-06-15T14:12:14+00:00
SAO_475R-10,São Paulo,3550308,True,,33112,,,-23.6314555,-46.627432,,,,2,2023-06-15T14:12:03+00:00
SAO_4032-10,São Paulo,3550308,True,,1102,,,-23.61050975,-46.636913,,,,1,2023-06-15T14:12:03+00:00
SAO_4032-10,São Paulo,3550308,True,,1102,,,-23.622735374999998,-46.61367775000001,,,,1,2023-06-15T14:12:12+00:00
SAO_4032-10,São Paulo,3550308,True,,1102,,,-23.60464725,-46.64966,,,,1,2023-06-15T14:11:45+00:00
SAO_778J-10,São Paulo,3550308,True,,33276,,,-23.586683,-46.789745499999995,,,,2,2023-06-15T14:12:22+00:00
SAO_778J-10,São Paulo,3550308,True,,33276,,,-23.528373000000002,-46.675531,,,,2,2023-06-15T14:11:46+00:00
SAO_778J-10,São Paulo,3550308,True,,33276,,,-23.57195575,-46.721917999999995,,,,2,2023-06-15T14:12:23+00:00
SAO_648P-10,São Paulo,3550308,True,,66,,,-23.648301,-46.7487645,,,,1,2023-06-15T14:12:10+00:00
SAO_648P-10,São Paulo,3550308,True,,66,,,-23.5961405,-46.690743499999996,,,,1,2023-06-15T14:11:48+00:00
SAO_648P-10,São Paulo,3550308,True,,66,,,-23.655283,-46.762097,,,,1,2023-06-15T14:12:18+00:00
SAO_648P-10,São Paulo,3550308,True,,66,,,-23.626613125,-46.704883125,,,,1,2023-06-15T14:12:07+00:00
SAO_342N-10,São Paulo,3550308,True,,1003,,,-23.5649255,-46.3972435,,,,1,2023-06-15T14:12:21+00:00
SAO_342N-10,São Paulo,3550308,True,,1003,,,-23.5578535,-46.410266,,,,1,2023-06-15T14:11:59+00:00
SAO_342N-10,São Paulo,3550308,True,,1003,,,-23.54306125,-46.42399625,,,,1,2023-06-15T14:12:01+00:00
SAO_342N-10,São Paulo,3550308,True,,1003,,,-23.530725500000003,-46.4383665,,,,1,2023-06-15T14:12:08+00:00
SAO_172U-10,São Paulo,3550308,True,,860,,,-23.4884505,-46.624153,,,,1,2023-06-15T14:11:47+00:00
SAO_172U-10,São Paulo,3550308,True,,860,,,-23.461123999999998,-46.5940575,,,,1,2023-06-15T14:12:03+00:00
SAO_172U-10,São Paulo,3550308,True,,860,,,-23.534609500000002,-46.627062125,,,,1,2023-06-15T14:11:45+00:00
SAO_172U-10,São Paulo,3550308,True,,860,,,-23.448492,-46.588145499999996,,,,1,2023-06-15T14:11:38+00:00
SAO_172U-10,São Paulo,3550308,True,,860,,,-23.493555,-46.625425500000006,,,,1,2023-06-15T14:12:03+00:00
SAO_172U-10,São Paulo,3550308,True,,860,,,-23.4602455,-46.593717,,,,1,2023-06-15T14:11:49+00:00
SAO_172U-10,São Paulo,3550308,True,,860,,,-23.575854,-46.5791545,,,,1,2023-06-15T14:12:02+00:00
SAO_172U-10,São Paulo,3550308,True,,860,,,-23.475611999999998,-46.602992,,,,1,2023-06-15T14:12:16+00:00
SAO_172U-10,São Paulo,3550308,True,,860,,,-23.4364685,-46.566394,,,,1,2023-06-15T14:12:14+00:00
SAO_172U-10,São Paulo,3550308,True,,860,,,-23.5350635,-46.627250625,,,,1,2023-06-15T14:12:14+00:00
SAO_172U-10,São Paulo,3550308,True,,860,,,-23.486753999999998,-46.6201255,,,,1,2023-06-15T14:12:05+00:00
SAO_172U-10,São Paulo,3550308,True,,860,,,-23.575854,-46.5791545,,,,1,2023-06-15T14:12:06+00:00
SAO_172U-10,São Paulo,3550308,True,,860,,,-23.4783075,-46.610841,,,,1,2023-06-15T14:12:00+00:00
SAO_172U-10,São Paulo,3550308,True,,860,,,-23.539263750000003,-46.6084455,,,,1,2023-06-15T14:12:18+00:00
SAO_172U-10,São Paulo,3550308,True,,860,,,-23.535485,-46.62689175,,,,1,2023-06-15T14:11:51+00:00
SAO_199D-10,São Paulo,3550308,True,,34903,,,-23.5007995,-46.7063905,,,,2,2023-06-15T14:11:44+00:00
SAO_199D-10,São Paulo,3550308,True,,34903,,,-23.556968249999997,-46.676519250000005,,,,2,2023-06-15T14:11:59+00:00
SAO_199D-10,São Paulo,3550308,True,,34903,,,-23.524546875,-46.697766625,,,,2,2023-06-15T14:12:14+00:00
SAO_199D-10,São Paulo,3550308,True,,34903,,,-23.543649124999998,-46.684612875,,,,2,2023-06-15T14:11:38+00:00
SAO_199D-10,São Paulo,3550308,True,,34903,,,-23.5665885,-46.701569500000005,,,,2,2023-06-15T14:12:06+00:00
SAO_199D-10,São Paulo,3550308,True,,34903,,,-23.4862405,-46.71064,,,,2,2023-06-15T14:11:56+00:00
SAO_199D-10,São Paulo,3550308,True,,34903,,,-23.565502625,-46.69075825,,,,2,2023-06-15T14:11:48+00:00
SAO_199D-10,São Paulo,3550308,True,,34903,,,-23.534853,-46.6971025,,,,2,2023-06-15T14:11:33+00:00
SAO_208V-10,São Paulo,3550308,True,,32975,,,-23.5476865,-46.6292585,,,,2,2023-06-15T14:11:56+00:00
SAO_208V-10,São Paulo,3550308,True,,32975,,,-23.522164,-46.53876775,,,,2,2023-06-15T14:11:13+00:00
SAO_208V-10,São Paulo,3550308,True,,32975,,,-23.53906475,-46.6071805,,,,2,2023-06-15T14:11:45+00:00
SAO_208V-10,São Paulo,3550308,True,,32975,,,-23.517151499999997,-46.47592275,,,,2,2023-06-15T14:11:37+00:00
SAO_208V-10,São Paulo,3550308,True,,32975,,,-23.535605250000003,-46.57373975,,,,2,2023-06-15T14:11:52+00:00
SAO_208V-10,São Paulo,3550308,True,,32975,,,-23.517572,-46.475783,,,,2,2023-06-15T14:12:04+00:00
SAO_208V-10,São Paulo,3550308,True,,32975,,,-23.5186005,-46.523636125,,,,2,2023-06-15T14:12:08+00:00
SAO_675G-10,São Paulo,3550308,True,ETT,106,https://moovitapp.com/index/pt-br/transporte_p%C3%BAblico-line-106-Sao_Paulo-242-876373-496508-0,5.3,-23.752815,-46.6823605,,,,1,2023-06-15T14:11:41+00:00
SAO_675G-10,São Paulo,3550308,True,ETT,106,https://moovitapp.com/index/pt-br/transporte_p%C3%BAblico-line-106-Sao_Paulo-242-876373-496508-0,5.3,-23.65740675,-46.6796325,,,,1,2023-06-15T14:12:02+00:00
SAO_675G-10,São Paulo,3550308,True,ETT,106,https://moovitapp.com/index/pt-br/transporte_p%C3%BAblico-line-106-Sao_Paulo-242-876373-496508-0,5.3,-23.7433635,-46.6916115,,,,1,2023-06-15T14:12:11+00:00
SAO_675G-10,São Paulo,3550308,True,ETT,106,https://moovitapp.com/index/pt-br/transporte_p%C3%BAblico-line-106-Sao_Paulo-242-876373-496508-0,5.3,-23.698259999999998,-46.700607500000004,,,,1,2023-06-15T14:10:54+00:00
SAO_675G-10,São Paulo,3550308,True,ETT,106,https://moovitapp.com/index/pt-br/transporte_p%C3%BAblico-line-106-Sao_Paulo-242-876373-496508-0,5.3,-23.668958,-46.677846,,,,1,2023-06-15T14:11:50+00:00
SAO_675G-10,São Paulo,3550308,True,ETT,106,https://moovitapp.com/index/pt-br/transporte_p%C3%BAblico-line-106-Sao_Paulo-242-876373-496508-0,5.3,-23.684998999999998,-46.692417,,,,1,2023-06-15T14:12:07+00:00
SAO_675G-10,São Paulo,3550308,True,ETT,106,https://moovitapp.com/index/pt-br/transporte_p%C3%BAblico-line-106-Sao_Paulo-242-876373-496508-0,5.3,-23.6477415,-46.66246375,,,,1,2023-06-15T14:12:13+00:00
SAO_675G-10,São Paulo,3550308,True,ETT,106,https://moovitapp.com/index/pt-br/transporte_p%C3%BAblico-line-106-Sao_Paulo-242-876373-496508-0,5.3,-23.643197999999998,-46.665606,,,,1,2023-06-15T14:12:15+00:00
SAO_514T-10,São Paulo,3550308,True,,34439,,,-23.581855249999997,-46.5914535,,,,2,2023-06-15T14:11:44+00:00
SAO_514T-10,São Paulo,3550308,True,,34439,,,-23.590844249999996,-46.53041125,,,,2,2023-06-15T14:11:58+00:00
SAO_514T-10,São Paulo,3550308,True,,34439,,,-23.582843,-46.569,,,,2,2023-06-15T14:12:09+00:00
SAO_514T-10,São Paulo,3550308,True,,34439,,,-23.593676375,-46.5194365,,,,2,2023-06-15T14:12:17+00:00
SAO_514T-10,São Paulo,3550308,True,,34439,,,-23.592020125,-46.529265499999994,,,,2,2023-06-15T14:11:50+00:00
SAO_514T-10,São Paulo,3550308,True,,34439,,,-23.584394000000003,-46.540505,,,,2,2023-06-15T14:12:05+00:00
SAO_514T-10,São Paulo,3550308,True,,34439,,,-23.58200075,-46.598304,,,,2,2023-06-15T14:12:12+00:00
SAO_514T-10,São Paulo,3550308,True,,34439,,,-23.598685500000002,-46.513247,,,,2,2023-06-15T14:12:04+00:00
SAO_514T-10,São Paulo,3550308,True,,34439,,,-23.5862335,-46.5187815,,,,2,2023-06-15T14:11:38+00:00
SAO_514T-10,São Paulo,3550308,True,,34439,,,-23.581893,-46.6011375,,,,2,2023-06-15T14:12:07+00:00
SAO_514T-10,São Paulo,3550308,True,,34439,,,-23.57707725,-46.607179875,,,,2,2023-06-15T14:12:00+00:00
SAO_514T-10,São Paulo,3550308,True,,34439,,,-23.5818005,-46.55282525,,,,2,2023-06-15T14:12:12+00:00
SAO_407R-10,São Paulo,3550308,True,,34969,,,-23.5632235,-46.554036249999996,,,,2,2023-06-15T14:11:55+00:00
SAO_407R-10,São Paulo,3550308,True,,34969,,,-23.5602995,-46.521640000000005,,,,2,2023-06-15T14:12:08+00:00
SAO_407R-10,São Paulo,3550308,True,,34969,,,-23.558199000000002,-46.522121,,,,2,2023-06-15T14:12:09+00:00
SAO_407R-10,São Paulo,3550308,True,,34969,,,-23.546005,-46.586012,,,,2,2023-06-15T14:12:16+00:00
SAO_407R-10,São Paulo,3550308,True,,34969,,,-23.566091375,-46.544632875,,,,2,2023-06-15T14:11:59+00:00
SAO_374M-10,São Paulo,3550308,True,,34733,,,-23.503092000000002,-46.4939385,,,,2,2023-06-15T14:11:59+00:00
SAO_374M-10,São Paulo,3550308,True,,34733,,,-23.5202575,-46.498667,,,,2,2023-06-15T14:12:14+00:00
SAO_374M-10,São Paulo,3550308,True,,34733,,,-23.536272500000003,-46.485237999999995,,,,2,2023-06-15T14:12:18+00:00
SAO_374M-10,São Paulo,3550308,True,,34733,,,-23.4854275,-46.48087125,,,,2,2023-06-15T14:12:06+00:00
SAO_407G-10,São Paulo,3550308,True,,2196,,,-23.611837,-46.4334745,,,,1,2023-06-15T14:12:02+00:00
SAO_407G-10,São Paulo,3550308,True,,2196,,,-23.5380945,-46.564400750000004,,,,1,2023-06-15T14:11:36+00:00
SAO_407G-10,São Paulo,3550308,True,,2196,,,-23.611837,-46.4334745,,,,1,2023-06-15T14:12:16+00:00
SAO_407G-10,São Paulo,3550308,True,,2196,,,-23.611837,-46.4334745,,,,1,2023-06-15T14:11:42+00:00
SAO_407G-10,São Paulo,3550308,True,,2196,,,-23.554831999999998,-46.517111,,,,1,2023-06-15T14:12:10+00:00
SAO_407G-10,São Paulo,3550308,True,,2196,,,-23.622526999999998,-46.4621705,,,,1,2023-06-15T14:12:12+00:00
SAO_407G-10,São Paulo,3550308,True,,2196,,,-23.5380945,-46.564400750000004,,,,1,2023-06-15T14:11:36+00:00
SAO_407G-10,São Paulo,3550308,True,,2196,,,-23.603975,-46.4813555,,,,1,2023-06-15T14:11:38+00:00
SAO_407G-10,São Paulo,3550308,True,,2196,,,-23.60563525,-46.47994,,,,1,2023-06-15T14:11:58+00:00
SAO_407G-10,São Paulo,3550308,True,,2196,,,-23.614929,-46.4703365,,,,1,2023-06-15T14:11:36+00:00
SAO_407G-10,São Paulo,3550308,True,,2196,,,-23.538734499999997,-46.5649235,,,,1,2023-06-15T14:12:17+00:00
SAO_407G-10,São Paulo,3550308,True,,2196,,,-23.537960499999997,-46.546051500000004,,,,1,2023-06-15T14:11:53+00:00
SAO_407G-10,São Paulo,3550308,True,,2196,,,-23.57354,-46.503673500000005,,,,1,2023-06-15T14:11:57+00:00
SAO_407G-10,São Paulo,3550308,True,,2196,,,-23.57354,-46.503673500000005,,,,1,2023-06-15T14:11:42+00:00
SAO_407G-10,São Paulo,3550308,True,,2196,,,-23.604014499999998,-46.444019625,,,,1,2023-06-15T14:11:46+00:00
SAO_407G-10,São Paulo,3550308,True,,2196,,,-23.61278575,-46.455194375000005,,,,1,2023-06-15T14:12:10+00:00
SAO_407G-10,São Paulo,3550308,True,,2196,,,-23.568375500000002,-46.5046885,,,,1,2023-06-15T14:12:02+00:00
SAO_407G-10,São Paulo,3550308,True,,2196,,,-23.584945124999997,-46.491730000000004,,,,1,2023-06-15T14:11:56+00:00
SAO_2031-10,São Paulo,3550308,True,EMTU,367,https://moovitapp.com/index/pt-br/transporte_p%C3%BAblico-line-367-Sao_Paulo-242-2038937-36419446-0,4.9,-23.49454925,-46.41427175,,,,1,2023-06-15T14:08:18+00:00
SAO_2031-10,São Paulo,3550308,True,EMTU,367,https://moovitapp.com/index/pt-br/transporte_p%C3%BAblico-line-367-Sao_Paulo-242-2038937-36419446-0,4.9,-23.502127,-46.380302,,,,1,2023-06-15T14:11:39+00:00
SAO_2031-10,São Paulo,3550308,True,EMTU,367,https://moovitapp.com/index/pt-br/transporte_p%C3%BAblico-line-367-Sao_Paulo-242-2038937-36419446-0,4.9,-23.51624825,-46.46807774999999,,,,1,2023-06-15T14:11:40+00:00
SAO_2031-10,São Paulo,3550308,True,EMTU,367,https://moovitapp.com/index/pt-br/transporte_p%C3%BAblico-line-367-Sao_Paulo-242-2038937-36419446-0,4.9,-23.501523,-46.391581,,,,1,2023-06-15T14:11:59+00:00
SAO_6500-10,São Paulo,3550308,True,,46,,,-23.59663975,-46.67350275,,,,1,2023-06-15T14:11:46+00:00
SAO_6500-10,São Paulo,3550308,True,,46,,,-23.60327675,-46.674589375,,,,1,2023-06-15T14:12:10+00:00
SAO_6500-10,São Paulo,3550308,True,,46,,,-23.58042075,-46.67058475,,,,1,2023-06-15T14:12:16+00:00
SAO_6500-10,São Paulo,3550308,True,,46,,,-23.625686,-46.686795249999996,,,,1,2023-06-15T14:12:22+00:00
SAO_6500-10,São Paulo,3550308,True,,46,,,-23.555836,-46.6499815,,,,1,2023-06-15T14:12:10+00:00
SAO_6500-10,São Paulo,3550308,True,,46,,,-23.6467238125,-46.701789312500004,,,,1,2023-06-15T14:12:15+00:00
SAO_701A-10,São Paulo,3550308,True,,33457,,,-23.5378575,-46.616758875,,,,2,2023-06-15T14:11:57+00:00
SAO_701A-10,São Paulo,3550308,True,,33457,,,-23.5473125,-46.690042500000004,,,,2,2023-06-15T14:10:55+00:00
SAO_701A-10,São Paulo,3550308,True,,33457,,,-23.4737385,-46.565966,,,,2,2023-06-15T14:12:13+00:00
SAO_701A-10,São Paulo,3550308,True,,33457,,,-23.5017515,-46.59116,,,,2,2023-06-15T14:11:41+00:00
SAO_701A-10,São Paulo,3550308,True,,33457,,,-23.4737385,-46.565966,,,,2,2023-06-15T14:12:04+00:00
SAO_701A-10,São Paulo,3550308,True,,33457,,,-23.5548085,-46.672899125,,,,2,2023-06-15T14:12:16+00:00
SAO_701A-10,São Paulo,3550308,True,,33457,,,-23.543014,-46.634956,,,,2,2023-06-15T14:12:05+00:00
SAO_701A-10,São Paulo,3550308,True,,33457,,,-23.4735285,-46.5655225,,,,2,2023-06-15T14:12:19+00:00
SAO_5110-23,São Paulo,3550308,True,,2443,,,-23.586593999999998,-46.590164,,,,1,2023-06-15T14:11:47+00:00
SAO_5110-23,São Paulo,3550308,True,,2443,,,-23.550915,-46.6267635,,,,1,2023-06-15T14:11:42+00:00
SAO_5110-23,São Paulo,3550308,True,,2443,,,-23.590315,-46.543431749999996,,,,1,2023-06-15T14:11:51+00:00
SAO_5131-10,São Paulo,3550308,True,,1282,,,-23.622253999999998,-46.684399,,,,1,2023-06-15T14:07:30+00:00
SAO_5131-10,São Paulo,3550308,True,,1282,,,-23.579611,-46.662384,,,,1,2023-06-15T14:12:12+00:00
SAO_5131-10,São Paulo,3550308,True,,1282,,,-23.54752,-46.631861,,,,1,2023-06-15T14:12:02+00:00
SAO_139A-10,São Paulo,3550308,True,,35219,,,-23.497901,-46.699059250000005,,,,2,2023-06-15T14:11:34+00:00
SAO_139A-10,São Paulo,3550308,True,,35219,,,-23.4861205,-46.710727500000004,,,,2,2023-06-15T14:11:53+00:00
SAO_139A-10,São Paulo,3550308,True,,35219,,,-23.5183395,-46.701709,,,,2,2023-06-15T14:12:06+00:00
SAO_6505-10,São Paulo,3550308,True,,1450,,,-23.58742175,-46.671507749999996,,,,1,2023-06-15T14:12:14+00:00
SAO_6505-10,São Paulo,3550308,True,,1450,,,-23.635417750000002,-46.693939375,,,,1,2023-06-15T14:11:57+00:00
SAO_6505-10,São Paulo,3550308,True,,1450,,,-23.5988755,-46.6738285,,,,1,2023-06-15T14:12:01+00:00
SAO_6505-10,São Paulo,3550308,True,,1450,,,-23.5960915,-46.6732855,,,,1,2023-06-15T14:12:04+00:00
SAO_6505-10,São Paulo,3550308,True,,1450,,,-23.6239385,-46.68555175,,,,1,2023-06-15T14:12:08+00:00
SAO_6505-10,São Paulo,3550308,True,,1450,,,-23.599134499999998,-46.673831500000006,,,,1,2023-06-15T14:12:22+00:00
SAO_6505-10,São Paulo,3550308,True,,1450,,,-23.6631295,-46.7072855,,,,1,2023-06-15T14:11:49+00:00
SAO_6505-10,São Paulo,3550308,True,,1450,,,-23.549426,-46.639907,,,,1,2023-06-15T14:12:02+00:00
SAO_6505-10,São Paulo,3550308,True,,1450,,,-23.640957375,-46.697789625000006,,,,1,2023-06-15T14:11:57+00:00
SAO_6505-10,São Paulo,3550308,True,,1450,,,-23.597225,-46.673752,,,,1,2023-06-15T14:12:09+00:00
SAO_6505-10,São Paulo,3550308,True,,1450,,,-23.668707,-46.7352225,,,,1,2023-06-15T14:11:38+00:00
SAO_958P-10,São Paulo,3550308,True,,33233,,,-23.531119124999996,-46.7336835,,,,2,2023-06-15T14:11:19+00:00
SAO_958P-10,São Paulo,3550308,True,,33233,,,-23.4802775,-46.758544,,,,2,2023-06-15T14:11:43+00:00
SAO_958P-10,São Paulo,3550308,True,,33233,,,-23.48743525,-46.73808575,,,,2,2023-06-15T14:11:52+00:00
SAO_958P-10,São Paulo,3550308,True,,33233,,,-23.5804635,-46.6848605,,,,2,2023-06-15T14:11:41+00:00
SAO_516N-10,São Paulo,3550308,True,EMTU,266,https://moovitapp.com/index/pt-br/transporte_p%C3%BAblico-line-266-Sao_Paulo-242-2038937-36419376-0,6.8,-23.615772,-46.6798745,,,,1,2023-06-15T14:12:19+00:00
SAO_516N-10,São Paulo,3550308,True,EMTU,266,https://moovitapp.com/index/pt-br/transporte_p%C3%BAblico-line-266-Sao_Paulo-242-2038937-36419376-0,6.8,-23.68925575,-46.63622,,,,1,2023-06-15T14:12:12+00:00
SAO_516N-10,São Paulo,3550308,True,EMTU,266,https://moovitapp.com/index/pt-br/transporte_p%C3%BAblico-line-266-Sao_Paulo-242-2038937-36419376-0,6.8,-23.667998,-46.651894999999996,,,,1,2023-06-15T14:11:59+00:00
SAO_516N-10,São Paulo,3550308,True,EMTU,266,https://moovitapp.com/index/pt-br/transporte_p%C3%BAblico-line-266-Sao_Paulo-242-2038937-36419376-0,6.8,-23.60327675,-46.674589375,,,,1,2023-06-15T14:12:20+00:00
SAO_516N-10,São Paulo,3550308,True,EMTU,266,https://moovitapp.com/index/pt-br/transporte_p%C3%BAblico-line-266-Sao_Paulo-242-2038937-36419376-0,6.8,-23.597434999999997,-46.673819,,,,1,2023-06-15T14:12:21+00:00
SAO_516N-10,São Paulo,3550308,True,EMTU,266,https://moovitapp.com/index/pt-br/transporte_p%C3%BAblico-line-266-Sao_Paulo-242-2038937-36419376-0,6.8,-23.632006500000003,-46.6820825,,,,1,2023-06-15T14:11:19+00:00
SAO_516N-10,São Paulo,3550308,True,EMTU,266,https://moovitapp.com/index/pt-br/transporte_p%C3%BAblico-line-266-Sao_Paulo-242-2038937-36419376-0,6.8,-23.592879500000002,-46.672751000000005,,,,1,2023-06-15T14:12:13+00:00
SAO_516N-10,São Paulo,3550308,True,EMTU,266,https://moovitapp.com/index/pt-br/transporte_p%C3%BAblico-line-266-Sao_Paulo-242-2038937-36419376-0,6.8,-23.690365999999997,-46.649558999999996,,,,1,2023-06-15T14:11:41+00:00
SAO_516N-10,São Paulo,3550308,True,EMTU,266,https://moovitapp.com/index/pt-br/transporte_p%C3%BAblico-line-266-Sao_Paulo-242-2038937-36419376-0,6.8,-23.651976499999996,-46.66922875,,,,1,2023-06-15T14:12:21+00:00
SAO_516N-10,São Paulo,3550308,True,EMTU,266,https://moovitapp.com/index/pt-br/transporte_p%C3%BAblico-line-266-Sao_Paulo-242-2038937-36419376-0,6.8,-23.67275825,-46.64420225,,,,1,2023-06-15T14:12:15+00:00
SAO_607C-10,São Paulo,3550308,True,,1977,,,-23.612184,-46.695294000000004,,,,1,2023-06-15T14:12:14+00:00
SAO_607C-10,São Paulo,3550308,True,,1977,,,-23.5902745,-46.687405999999996,,,,1,2023-06-15T14:12:07+00:00
SAO_607C-10,São Paulo,3550308,True,,1977,,,-23.684418,-46.6330985,,,,1,2023-06-15T14:12:16+00:00
SAO_607C-10,São Paulo,3550308,True,,1977,,,-23.590769,-46.6873225,,,,1,2023-06-15T14:12:21+00:00
SAO_607C-10,São Paulo,3550308,True,,1977,,,-23.667998,-46.651894999999996,,,,1,2023-06-15T14:12:18+00:00
SAO_607C-10,São Paulo,3550308,True,,1977,,,-23.6587125,-46.663382999999996,,,,1,2023-06-15T14:12:07+00:00
SAO_607C-10,São Paulo,3550308,True,,1977,,,-23.63058775,-46.6836225,,,,1,2023-06-15T14:11:42+00:00
SAO_607C-10,São Paulo,3550308,True,,1977,,,-23.625532,-46.692049,,,,1,2023-06-15T14:12:10+00:00
SAO_607C-10,São Paulo,3550308,True,,1977,,,-23.60643825,-46.693220499999995,,,,1,2023-06-15T14:11:44+00:00
SAO_607C-10,São Paulo,3550308,True,,1977,,,-23.626148,-46.6874045,,,,1,2023-06-15T14:11:07+00:00
SAO_607C-10,São Paulo,3550308,True,,1977,,,-23.6005715,-46.691086,,,,1,2023-06-15T14:11:46+00:00
SAO_607C-10,São Paulo,3550308,True,,1977,,,-23.6683435,-46.651041,,,,1,2023-06-15T14:12:17+00:00
SAO_607C-10,São Paulo,3550308,True,,1977,,,-23.6896565,-46.635254,,,,1,2023-06-15T14:12:12+00:00
SAO_607C-10,São Paulo,3550308,True,,1977,,,-23.623149499999997,-46.696524499999995,,,,1,2023-06-15T14:12:03+00:00
SAO_607C-10,São Paulo,3550308,True,,1977,,,-23.6896565,-46.635254,,,,1,2023-06-15T14:12:20+00:00
SAO_607C-10,São Paulo,3550308,True,,1977,,,-23.676681,-46.64175899999999,,,,1,2023-06-15T14:11:40+00:00
SAO_607C-10,São Paulo,3550308,True,,1977,,,-23.6516995,-46.66931825,,,,1,2023-06-15T14:12:12+00:00
SAO_607C-10,São Paulo,3550308,True,,1977,,,-23.625723,-46.690422,,,,1,2023-06-15T14:12:21+00:00
SAO_607C-10,São Paulo,3550308,True,,1977,,,-23.6554005,-46.6664715,,,,1,2023-06-15T14:11:44+00:00
SAO_607C-10,São Paulo,3550308,True,,1977,,,-23.647012,-46.6707775,,,,1,2023-06-15T14:11:36+00:00
SAO_2732-10,São Paulo,3550308,True,,33715,,,-23.531968,-46.454496500000005,,,,2,2023-06-15T14:09:08+00:00
SAO_2732-10,São Paulo,3550308,True,,33715,,,-23.536414,-46.45577825,,,,2,2023-06-15T14:12:20+00:00
SAO_2732-10,São Paulo,3550308,True,,33715,,,-23.540062499999998,-46.482594375,,,,2,2023-06-15T14:12:11+00:00
SAO_2732-10,São Paulo,3550308,True,,33715,,,-23.539938499999998,-46.482815,,,,2,2023-06-15T14:12:08+00:00
SAO_211L-10,São Paulo,3550308,True,,2265,,,-23.4765695,-46.670687,,,,1,2023-06-15T14:12:06+00:00
SAO_211L-10,São Paulo,3550308,True,,2265,,,-23.478508499999997,-46.632876249999995,,,,1,2023-06-15T14:12:03+00:00
SAO_211L-10,São Paulo,3550308,True,,2265,,,-23.5152515,-46.694882,,,,1,2023-06-15T14:12:14+00:00
SAO_211L-10,São Paulo,3550308,True,,2265,,,-23.50349,-46.672281999999996,,,,1,2023-06-15T14:12:15+00:00
SAO_407N-10,São Paulo,3550308,True,,34937,,,-23.598055,-46.4589245,,,,2,2023-06-15T14:11:30+00:00
SAO_407N-10,São Paulo,3550308,True,,34937,,,-23.5784875,-46.499427,,,,2,2023-06-15T14:11:43+00:00
SAO_407N-10,São Paulo,3550308,True,,34937,,,-23.540562,-46.541367750000006,,,,2,2023-06-15T14:12:09+00:00
SAO_407N-10,São Paulo,3550308,True,,34937,,,-23.540562,-46.541367750000006,,,,2,2023-06-15T14:12:01+00:00
SAO_407N-10,São Paulo,3550308,True,,34937,,,-23.566259000000002,-46.507381,,,,2,2023-06-15T14:11:43+00:00
SAO_407N-10,São Paulo,3550308,True,,34937,,,-23.5832485,-46.408196000000004,,,,2,2023-06-15T14:12:06+00:00
SAO_407N-10,São Paulo,3550308,True,,34937,,,-23.5833935,-46.4076395,,,,2,2023-06-15T14:11:45+00:00
SAO_407N-10,São Paulo,3550308,True,,34937,,,-23.533886250000002,-46.54195325,,,,2,2023-06-15T14:12:12+00:00
SAO_407N-10,São Paulo,3550308,True,,34937,,,-23.59419625,-46.42337975,,,,2,2023-06-15T14:11:51+00:00
SAO_407N-10,São Paulo,3550308,True,,34937,,,-23.583215,-46.408328,,,,2,2023-06-15T14:11:58+00:00
SAO_407N-10,São Paulo,3550308,True,,34937,,,-23.5834605,-46.407391,,,,2,2023-06-15T14:11:53+00:00
SAO_407N-10,São Paulo,3550308,True,,34937,,,-23.538696375,-46.541688875000006,,,,2,2023-06-15T14:12:14+00:00
SAO_407N-10,São Paulo,3550308,True,,34937,,,-23.534,-46.5424035,,,,2,2023-06-15T14:11:38+00:00
SAO_407N-10,São Paulo,3550308,True,,34937,,,-23.598802125,-46.46524599999999,,,,2,2023-06-15T14:11:47+00:00
SAO_675M-10,São Paulo,3550308,True,,32876,,,-23.6584415,-46.6753145,,,,2,2023-06-15T14:12:21+00:00
SAO_675M-10,São Paulo,3550308,True,,32876,,,-23.704033000000003,-46.688122,,,,2,2023-06-15T14:11:47+00:00
SAO_675M-10,São Paulo,3550308,True,,32876,,,-23.720678999999997,-46.676798500000004,,,,2,2023-06-15T14:12:11+00:00
SAO_3734-10,São Paulo,3550308,True,,33802,,,-23.552791499999998,-46.473403000000005,,,,2,2023-06-15T14:11:54+00:00
SAO_3734-10,São Paulo,3550308,True,,33802,,,-23.552827,-46.472971,,,,2,2023-06-15T14:12:21+00:00
SAO_3734-10,São Paulo,3550308,True,,33802,,,-23.552827,-46.472971,,,,2,2023-06-15T14:11:59+00:00
SAO_3734-10,São Paulo,3550308,True,,33802,,,-23.5410875,-46.4842785,,,,2,2023-06-15T14:11:40+00:00
SAO_3734-10,São Paulo,3550308,True,,33802,,,-23.552933,-46.4727225,,,,2,2023-06-15T14:11:44+00:00
SAO_3734-10,São Paulo,3550308,True,,33802,,,-23.5558615,-46.468648,,,,2,2023-06-15T14:12:08+00:00
SAO_3734-10,São Paulo,3550308,True,,33802,,,-23.549149,-46.483338,,,,2,2023-06-15T14:12:17+00:00
SAO_3734-10,São Paulo,3550308,True,,33802,,,-23.552729,-46.473189500000004,,,,2,2023-06-15T14:12:22+00:00
SAO_3734-10,São Paulo,3550308,True,,33802,,,-23.5534755,-46.479926000000006,,,,2,2023-06-15T14:11:41+00:00
SAO_8065-10,São Paulo,3550308,False,,33189,,,-23.493485,-46.7244115,,,,2,2023-06-15T14:11:46+00:00
SAO_6041-10,São Paulo,3550308,True,,1218,,,-23.642044249999998,-46.712233499999996,,,,1,2023-06-15T14:11:48+00:00
SAO_6041-10,São Paulo,3550308,True,,1218,,,-23.649443,-46.755168499999996,,,,1,2023-06-15T14:11:55+00:00
SAO_6041-10,São Paulo,3550308,True,,1218,,,-23.650844749999997,-46.756939125,,,,1,2023-06-15T14:12:09+00:00
SAO_6041-10,São Paulo,3550308,True,,1218,,,-23.645286,-46.7459985,,,,1,2023-06-15T14:11:50+00:00
SAO_6041-10,São Paulo,3550308,True,,1218,,,-23.644247749999998,-46.7435985,,,,1,2023-06-15T14:12:20+00:00
SAO_6041-10,São Paulo,3550308,True,,1218,,,-23.642440999999998,-46.740138,,,,1,2023-06-15T14:12:07+00:00
SAO_6041-10,São Paulo,3550308,True,,1218,,,-23.67744225,-46.776249250000006,,,,1,2023-06-15T14:12:01+00:00
SAO_6041-10,São Paulo,3550308,True,,1218,,,-23.666743,-46.772214000000005,,,,1,2023-06-15T14:12:13+00:00
SAO_6041-10,São Paulo,3550308,True,,1218,,,-23.6441275,-46.7428345,,,,1,2023-06-15T14:11:46+00:00
SAO_6041-10,São Paulo,3550308,True,,1218,,,-23.646397,-46.746840000000006,,,,1,2023-06-15T14:12:21+00:00
SAO_6041-10,São Paulo,3550308,True,,1218,,,-23.65017425,-46.756074,,,,1,2023-06-15T14:11:51+00:00
SAO_6041-10,São Paulo,3550308,True,,1218,,,-23.6448945,-46.745576,,,,1,2023-06-15T14:11:38+00:00
SAO_6041-10,São Paulo,3550308,True,,1218,,,-23.645110000000003,-46.74580949999999,,,,1,2023-06-15T14:12:04+00:00
SAO_6041-10,São Paulo,3550308,True,,1218,,,-23.649429,-46.7520545,,,,1,2023-06-15T14:11:56+00:00
SAO_6041-10,São Paulo,3550308,True,,1218,,,-23.645992,-46.7466455,,,,1,2023-06-15T14:12:16+00:00
SAO_6041-10,São Paulo,3550308,True,,1218,,,-23.64425125,-46.7439995,,,,1,2023-06-15T14:12:14+00:00
SAO_6041-10,São Paulo,3550308,True,,1218,,,-23.65436375,-46.760079499999996,,,,1,2023-06-15T14:11:50+00:00
SAO_6041-10,São Paulo,3550308,True,,1218,,,-23.64808025,-46.74822275,,,,1,2023-06-15T14:12:08+00:00
SAO_2552-10,São Paulo,3550308,True,,142,,,-23.5473415,-46.629296499999995,,,,1,2023-06-15T14:12:01+00:00
SAO_2552-10,São Paulo,3550308,True,,142,,,-23.538157499999997,-46.599945500000004,,,,1,2023-06-15T14:11:47+00:00
SAO_2552-10,São Paulo,3550308,True,,142,,,-23.53574375,-46.5730255,,,,1,2023-06-15T14:12:06+00:00
SAO_2552-10,São Paulo,3550308,True,,142,,,-23.535095,-46.5766945,,,,1,2023-06-15T14:12:13+00:00
SAO_2552-10,São Paulo,3550308,True,,142,,,-23.5473415,-46.629296499999995,,,,1,2023-06-15T14:12:09+00:00
SAO_2552-10,São Paulo,3550308,True,,142,,,-23.49975825,-46.4688665,,,,1,2023-06-15T14:12:20+00:00
SAO_2552-10,São Paulo,3550308,True,,142,,,-23.48767475,-46.417190000000005,,,,1,2023-06-15T14:11:10+00:00
SAO_2552-10,São Paulo,3550308,True,,142,,,-23.4850531875,-46.4339849375,,,,1,2023-06-15T14:11:11+00:00
SAO_2552-10,São Paulo,3550308,True,,142,,,-23.5207815,-46.52527225,,,,1,2023-06-15T14:06:59+00:00
SAO_2552-10,São Paulo,3550308,True,,142,,,-23.52146475,-46.548181,,,,1,2023-06-15T14:12:17+00:00
SAO_2552-10,São Paulo,3550308,True,,142,,,-23.496399,-46.453089000000006,,,,1,2023-06-15T14:12:03+00:00
SAO_2552-10,São Paulo,3550308,True,,142,,,-23.5359195,-46.57226,,,,1,2023-06-15T14:12:14+00:00
SAO_2552-10,São Paulo,3550308,True,,142,,,-23.51042075,-46.498684,,,,1,2023-06-15T14:12:16+00:00
SAO_2552-10,São Paulo,3550308,True,,142,,,-23.539987,-46.61139225,,,,1,2023-06-15T14:09:59+00:00
SAO_148L-10,São Paulo,3550308,True,EMTU,531,https://moovitapp.com/index/pt-br/transporte_p%C3%BAblico-line-531-Sao_Paulo-242-2038937-36419543-0,4.4,-23.481119999999997,-46.6731495,,,,1,2023-06-15T14:09:56+00:00
SAO_148L-10,São Paulo,3550308,True,EMTU,531,https://moovitapp.com/index/pt-br/transporte_p%C3%BAblico-line-531-Sao_Paulo-242-2038937-36419543-0,4.4,-23.50387,-46.685015,,,,1,2023-06-15T14:12:04+00:00
SAO_148L-10,São Paulo,3550308,True,EMTU,531,https://moovitapp.com/index/pt-br/transporte_p%C3%BAblico-line-531-Sao_Paulo-242-2038937-36419543-0,4.4,-23.46911675,-46.6476765,,,,1,2023-06-15T14:11:51+00:00
SAO_148L-10,São Paulo,3550308,True,EMTU,531,https://moovitapp.com/index/pt-br/transporte_p%C3%BAblico-line-531-Sao_Paulo-242-2038937-36419543-0,4.4,-23.50318,-46.6723615,,,,1,2023-06-15T14:11:40+00:00
SAO_148L-10,São Paulo,3550308,True,EMTU,531,https://moovitapp.com/index/pt-br/transporte_p%C3%BAblico-line-531-Sao_Paulo-242-2038937-36419543-0,4.4,-23.474565500000004,-46.667863499999996,,,,1,2023-06-15T14:12:12+00:00
SAO_148L-10,São Paulo,3550308,True,EMTU,531,https://moovitapp.com/index/pt-br/transporte_p%C3%BAblico-line-531-Sao_Paulo-242-2038937-36419543-0,4.4,-23.47623225,-46.662403749999996,,,,1,2023-06-15T14:12:19+00:00
SAO_148L-10,São Paulo,3550308,True,EMTU,531,https://moovitapp.com/index/pt-br/transporte_p%C3%BAblico-line-531-Sao_Paulo-242-2038937-36419543-0,4.4,-23.50366675,-46.6791195,,,,1,2023-06-15T14:12:02+00:00
SAO_148L-10,São Paulo,3550308,True,EMTU,531,https://moovitapp.com/index/pt-br/transporte_p%C3%BAblico-line-531-Sao_Paulo-242-2038937-36419543-0,4.4,-23.455704,-46.661153,,,,1,2023-06-15T14:12:17+00:00
SAO_148L-10,São Paulo,3550308,True,EMTU,531,https://moovitapp.com/index/pt-br/transporte_p%C3%BAblico-line-531-Sao_Paulo-242-2038937-36419543-0,4.4,-23.4942605,-46.678209,,,,1,2023-06-15T14:12:13+00:00
SAO_148L-10,São Paulo,3550308,True,EMTU,531,https://moovitapp.com/index/pt-br/transporte_p%C3%BAblico-line-531-Sao_Paulo-242-2038937-36419543-0,4.4,-23.46435,-46.650186,,,,1,2023-06-15T14:12:01+00:00
SAO_6L05-10,São Paulo,3550308,True,,1173,,,-23.849103999999997,-46.696446,,,,1,2023-06-15T14:08:32+00:00
SAO_6L05-10,São Paulo,3550308,True,,1173,,,-23.828234000000002,-46.7270185,,,,1,2023-06-15T14:11:56+00:00
SAO_6L05-10,São Paulo,3550308,True,,1173,,,-23.828203,-46.726499000000004,,,,1,2023-06-15T14:12:11+00:00
SAO_476G-10,São Paulo,3550308,True,,1111,,,-23.596134499999998,-46.570530000000005,,,,1,2023-06-15T14:12:07+00:00
SAO_476G-10,São Paulo,3550308,True,,1111,,,-23.610034499999998,-46.521411,,,,1,2023-06-15T14:12:06+00:00
SAO_476G-10,São Paulo,3550308,True,,1111,,,-23.6135205,-46.5048415,,,,1,2023-06-15T14:11:49+00:00
SAO_476G-10,São Paulo,3550308,True,,1111,,,-23.587585750000002,-46.64517225,,,,1,2023-06-15T14:12:00+00:00
SAO_476G-10,São Paulo,3550308,True,,1111,,,-23.581626,-46.60122125,,,,1,2023-06-15T14:11:46+00:00
SAO_476G-10,São Paulo,3550308,True,,1111,,,-23.595122500000002,-46.626512,,,,1,2023-06-15T14:11:42+00:00
SAO_637R-10,São Paulo,3550308,True,,32964,,,-23.667278,-46.72853275,,,,2,2023-06-15T14:12:01+00:00
SAO_637R-10,São Paulo,3550308,True,,32964,,,-23.69639275,-46.779560000000004,,,,2,2023-06-15T14:12:11+00:00
SAO_637R-10,São Paulo,3550308,True,,32964,,,-23.675873,-46.751234,,,,2,2023-06-15T14:11:52+00:00
SAO_637R-10,São Paulo,3550308,True,,32964,,,-23.71969,-46.7694645,,,,2,2023-06-15T14:11:55+00:00
SAO_3731-10,São Paulo,3550308,True,,1028,,,-23.563423999999998,-46.501949499999995,,,,1,2023-06-15T14:12:07+00:00
SAO_3731-10,São Paulo,3550308,True,,1028,,,-23.531409,-46.529441,,,,1,2023-06-15T14:11:43+00:00
SAO_3731-10,São Paulo,3550308,True,,1028,,,-23.55388275,-46.51327675,,,,1,2023-06-15T14:11:22+00:00
SAO_3731-10,São Paulo,3550308,True,,1028,,,-23.536901999999998,-46.519908,,,,1,2023-06-15T14:12:20+00:00
SAO_3731-10,São Paulo,3550308,True,,1028,,,-23.543448249999997,-46.5150395,,,,1,2023-06-15T14:11:54+00:00
SAO_2008-10,São Paulo,3550308,True,,33665,,,-23.5015495,-46.397954999999996,,,,2,2023-06-15T14:09:30+00:00
SAO_2008-10,São Paulo,3550308,True,,33665,,,-23.52118775,-46.38765975,,,,2,2023-06-15T14:12:14+00:00
SAO_2008-10,São Paulo,3550308,True,,33665,,,-23.494217,-46.401328500000005,,,,2,2023-06-15T14:12:07+00:00
SAO_2008-10,São Paulo,3550308,True,,33665,,,-23.52118775,-46.38765975,,,,2,2023-06-15T14:09:05+00:00
SAO_2008-10,São Paulo,3550308,True,,33665,,,-23.519215250000002,-46.38773325,,,,2,2023-06-15T14:10:48+00:00
SAO_2008-10,São Paulo,3550308,True,,33665,,,-23.496636125,-46.40131925,,,,2,2023-06-15T14:12:21+00:00
SAO_2008-10,São Paulo,3550308,True,,33665,,,-23.52114525,-46.38738525,,,,2,2023-06-15T14:12:02+00:00
SAO_2008-10,São Paulo,3550308,True,,33665,,,-23.513238875000003,-46.39240025000001,,,,2,2023-06-15T14:12:15+00:00
SAO_5185-10,São Paulo,3550308,True,,1308,,,-23.569668,-46.6509615,,,,1,2023-06-15T14:12:03+00:00
SAO_5185-10,São Paulo,3550308,True,,1308,,,-23.651207,-46.6858445,,,,1,2023-06-15T14:12:16+00:00
SAO_5185-10,São Paulo,3550308,True,,1308,,,-23.615697,-46.66005875,,,,1,2023-06-15T14:11:59+00:00
SAO_5185-10,São Paulo,3550308,True,,1308,,,-23.5779285,-46.660012249999994,,,,1,2023-06-15T14:12:13+00:00
SAO_5185-10,São Paulo,3550308,True,,1308,,,-23.6297535,-46.6677955,,,,1,2023-06-15T14:11:46+00:00
SAO_5185-10,São Paulo,3550308,True,,1308,,,-23.54752,-46.631861,,,,1,2023-06-15T14:11:42+00:00
SAO_5185-10,São Paulo,3550308,True,,1308,,,-23.597024249999997,-46.65053575,,,,1,2023-06-15T14:11:59+00:00
SAO_5185-10,São Paulo,3550308,True,,1308,,,-23.656342125000002,-46.694109624999996,,,,1,2023-06-15T14:11:40+00:00
SAO_5185-10,São Paulo,3550308,True,,1308,,,-23.669137499999998,-46.73461125,,,,1,2023-06-15T14:12:17+00:00
SAO_5185-10,São Paulo,3550308,True,,1308,,,-23.658919,-46.699098,,,,1,2023-06-15T14:11:50+00:00
SAO_9188-10,São Paulo,3550308,True,,33577,,,-23.482787000000002,-46.717287999999996,,,,2,2023-06-15T14:11:56+00:00
SAO_9188-10,São Paulo,3550308,True,,33577,,,-23.483233499999997,-46.717200500000004,,,,2,2023-06-15T14:11:41+00:00
SAO_9188-10,São Paulo,3550308,True,,33577,,,-23.449782,-46.728896500000005,,,,2,2023-06-15T14:11:52+00:00
SAO_9188-10,São Paulo,3550308,True,,33577,,,-23.450208,-46.728649000000004,,,,2,2023-06-15T14:11:40+00:00
SAO_9188-10,São Paulo,3550308,True,,33577,,,-23.454674500000003,-46.7289085,,,,2,2023-06-15T14:12:02+00:00
SAO_9789-10,São Paulo,3550308,True,,33597,,,-23.503681,-46.6771425,,,,2,2023-06-15T14:11:50+00:00
SAO_9789-10,São Paulo,3550308,True,,33597,,,-23.491718,-46.685709,,,,2,2023-06-15T14:11:53+00:00
SAO_9789-10,São Paulo,3550308,True,,33597,,,-23.512261000000002,-46.67286525,,,,2,2023-06-15T14:12:17+00:00
SAO_9789-10,São Paulo,3550308,True,,33597,,,-23.4859,-46.688329375,,,,2,2023-06-15T14:11:41+00:00
SAO_9789-10,São Paulo,3550308,True,,33597,,,-23.521130499999998,-46.6672855,,,,2,2023-06-15T14:12:07+00:00
SAO_9789-10,São Paulo,3550308,True,,33597,,,-23.51403275,-46.66653425,,,,2,2023-06-15T14:11:52+00:00
SAO_9789-10,São Paulo,3550308,True,,33597,,,-23.5244395,-46.666582000000005,,,,2,2023-06-15T14:11:50+00:00
SAO_2551-10,São Paulo,3550308,True,EMTU,141,https://moovitapp.com/index/pt-br/transporte_p%C3%BAblico-line-141-Sao_Paulo-242-2038937-36419292-0,8.15,-23.48536275,-46.481235,,,,1,2023-06-15T14:07:12+00:00
SAO_2551-10,São Paulo,3550308,True,EMTU,141,https://moovitapp.com/index/pt-br/transporte_p%C3%BAblico-line-141-Sao_Paulo-242-2038937-36419292-0,8.15,-23.5366255,-46.589150000000004,,,,1,2023-06-15T14:12:17+00:00
SAO_2551-10,São Paulo,3550308,True,EMTU,141,https://moovitapp.com/index/pt-br/transporte_p%C3%BAblico-line-141-Sao_Paulo-242-2038937-36419292-0,8.15,-23.5388835,-46.605918,,,,1,2023-06-15T14:11:37+00:00
SAO_2551-10,São Paulo,3550308,True,EMTU,141,https://moovitapp.com/index/pt-br/transporte_p%C3%BAblico-line-141-Sao_Paulo-242-2038937-36419292-0,8.15,-23.5461575,-46.6309005,,,,1,2023-06-15T14:11:46+00:00
SAO_2551-10,São Paulo,3550308,True,EMTU,141,https://moovitapp.com/index/pt-br/transporte_p%C3%BAblico-line-141-Sao_Paulo-242-2038937-36419292-0,8.15,-23.510334,-46.5507585,,,,1,2023-06-15T14:12:14+00:00
SAO_5129-41,São Paulo,3550308,True,,34742,,,-23.65208925,-46.67896425,,,,2,2023-06-15T14:11:38+00:00
SAO_5129-41,São Paulo,3550308,True,,34742,,,-23.6535685,-46.703556,,,,2,2023-06-15T14:12:13+00:00
SAO_5129-41,São Paulo,3550308,True,,34742,,,-23.6579525,-46.6972875,,,,2,2023-06-15T14:11:37+00:00
SAO_5129-41,São Paulo,3550308,True,,34742,,,-23.666135125,-46.656549625,,,,2,2023-06-15T14:12:20+00:00
SAO_5129-41,São Paulo,3550308,True,,34742,,,-23.657365,-46.6648205,,,,2,2023-06-15T14:11:47+00:00
SAO_746H-10,São Paulo,3550308,True,,33553,,,-23.593532,-46.7529005,,,,2,2023-06-15T14:12:13+00:00
SAO_746H-10,São Paulo,3550308,True,,33553,,,-23.608549500000002,-46.72601325000001,,,,2,2023-06-15T14:12:20+00:00
SAO_746H-10,São Paulo,3550308,True,,33553,,,-23.587468625,-46.7237285,,,,2,2023-06-15T14:12:17+00:00
SAO_746H-10,São Paulo,3550308,True,,33553,,,-23.63033325,-46.73643025,,,,2,2023-06-15T14:12:13+00:00
SAO_746H-10,São Paulo,3550308,True,,33553,,,-23.621605000000002,-46.7334925,,,,2,2023-06-15T14:12:12+00:00
SAO_746H-10,São Paulo,3550308,True,,33553,,,-23.593679,-46.7525775,,,,2,2023-06-15T14:11:51+00:00
SAO_746H-10,São Paulo,3550308,True,,33553,,,-23.61579225,-46.73152225,,,,2,2023-06-15T14:11:47+00:00
SAO_746H-10,São Paulo,3550308,True,,33553,,,-23.593705999999997,-46.7524735,,,,2,2023-06-15T14:11:59+00:00
SAO_746H-10,São Paulo,3550308,True,,33553,,,-23.59596775,-46.747365124999995,,,,2,2023-06-15T14:11:53+00:00
SAO_746H-10,São Paulo,3550308,True,,33553,,,-23.587468625,-46.7237285,,,,2,2023-06-15T14:12:14+00:00
SAO_746H-10,São Paulo,3550308,True,,33553,,,-23.600576500000003,-46.722911499999995,,,,2,2023-06-15T14:11:35+00:00
SAO_746H-10,São Paulo,3550308,True,,33553,,,-23.645920249999996,-46.708395624999994,,,,2,2023-06-15T14:11:57+00:00
SAO_746H-10,São Paulo,3550308,True,,33553,,,-23.643071499999998,-46.72339125,,,,2,2023-06-15T14:11:35+00:00
SAO_2002-10,São Paulo,3550308,True,STT,711,https://moovitapp.com/index/pt-br/transporte_p%C3%BAblico-line-711-Sao_Paulo-242-850661-183340-0,5.3,-23.54894,-46.6423725,,,,1,2023-06-15T14:11:58+00:00
SAO_2002-10,São Paulo,3550308,True,STT,711,https://moovitapp.com/index/pt-br/transporte_p%C3%BAblico-line-711-Sao_Paulo-242-850661-183340-0,5.3,-23.5480745,-46.629559,,,,1,2023-06-15T14:11:57+00:00
SAO_2002-10,São Paulo,3550308,True,STT,711,https://moovitapp.com/index/pt-br/transporte_p%C3%BAblico-line-711-Sao_Paulo-242-850661-183340-0,5.3,-23.547219,-46.6295935,,,,1,2023-06-15T14:11:47+00:00
SAO_2002-10,São Paulo,3550308,True,STT,711,https://moovitapp.com/index/pt-br/transporte_p%C3%BAblico-line-711-Sao_Paulo-242-850661-183340-0,5.3,-23.549056999999998,-46.6330855,,,,1,2023-06-15T14:12:02+00:00
SAO_2002-10,São Paulo,3550308,True,STT,711,https://moovitapp.com/index/pt-br/transporte_p%C3%BAblico-line-711-Sao_Paulo-242-850661-183340-0,5.3,-23.5498335,-46.64009,,,,1,2023-06-15T14:12:20+00:00
SAO_2002-10,São Paulo,3550308,True,STT,711,https://moovitapp.com/index/pt-br/transporte_p%C3%BAblico-line-711-Sao_Paulo-242-850661-183340-0,5.3,-23.544144125,-46.638290875,,,,1,2023-06-15T14:12:14+00:00
SAO_675K-10,São Paulo,3550308,True,,32966,,,-23.612411,-46.670573250000004,,,,2,2023-06-15T14:12:12+00:00
SAO_675K-10,São Paulo,3550308,True,,32966,,,-23.683343,-46.7693525,,,,2,2023-06-15T14:11:30+00:00
SAO_675K-10,São Paulo,3550308,True,,32966,,,-23.619792750000002,-46.677544499999996,,,,2,2023-06-15T14:12:17+00:00
SAO_675K-10,São Paulo,3550308,True,,32966,,,-23.59772075,-46.65096225,,,,2,2023-06-15T14:12:08+00:00
SAO_675K-10,São Paulo,3550308,True,,32966,,,-23.5984755,-46.642054,,,,2,2023-06-15T14:11:48+00:00
SAO_675K-10,São Paulo,3550308,True,,32966,,,-23.658436000000002,-46.706519,,,,2,2023-06-15T14:11:37+00:00
SAO_675K-10,São Paulo,3550308,True,,32966,,,-23.650951499999998,-46.708732,,,,2,2023-06-15T14:11:56+00:00
SAO_675K-10,São Paulo,3550308,True,,32966,,,-23.609273375,-46.667640875,,,,2,2023-06-15T14:11:59+00:00
SAO_675K-10,São Paulo,3550308,True,,32966,,,-23.64014625,-46.698128999999994,,,,2,2023-06-15T14:12:00+00:00
SAO_675K-10,São Paulo,3550308,True,,32966,,,-23.67062,-46.739652500000005,,,,2,2023-06-15T14:12:03+00:00
SAO_6002-10,São Paulo,3550308,True,,1979,,,-23.69490125,-46.676906,,,,1,2023-06-15T14:11:55+00:00
SAO_6002-10,São Paulo,3550308,True,,1979,,,-23.7095945,-46.698440500000004,,,,1,2023-06-15T14:11:38+00:00
SAO_6014-10,São Paulo,3550308,True,,32956,,,-23.7420645,-46.8001675,,,,2,2023-06-15T14:11:46+00:00
SAO_6014-10,São Paulo,3550308,True,,32956,,,-23.6671625,-46.727432,,,,2,2023-06-15T14:11:51+00:00
SAO_6014-10,São Paulo,3550308,True,,32956,,,-23.734033500000002,-46.7927235,,,,2,2023-06-15T14:10:44+00:00
SAO_6014-10,São Paulo,3550308,True,,32956,,,-23.7062635,-46.784339,,,,2,2023-06-15T14:11:24+00:00
SAO_6014-10,São Paulo,3550308,True,,32956,,,-23.6628155,-46.707258625,,,,2,2023-06-15T14:10:22+00:00
SAO_6014-10,São Paulo,3550308,True,,32956,,,-23.6753815,-46.748957,,,,2,2023-06-15T14:12:10+00:00
SAO_6035-10,São Paulo,3550308,True,,1213,,,-23.700074,-46.780868,,,,1,2023-06-15T14:12:08+00:00
SAO_6035-10,São Paulo,3550308,True,,1213,,,-23.68797225,-46.77209175,,,,1,2023-06-15T14:12:09+00:00
SAO_6035-10,São Paulo,3550308,True,,1213,,,-23.646299499999998,-46.704412000000005,,,,1,2023-06-15T14:12:14+00:00
SAO_6035-10,São Paulo,3550308,True,,1213,,,-23.6681175,-46.732420000000005,,,,1,2023-06-15T14:11:54+00:00
SAO_6035-10,São Paulo,3550308,True,,1213,,,-23.66707675,-46.724351999999996,,,,1,2023-06-15T14:12:14+00:00
SAO_6035-10,São Paulo,3550308,True,,1213,,,-23.670668499999998,-46.7393725,,,,1,2023-06-15T14:12:10+00:00
SAO_6035-10,São Paulo,3550308,True,,1213,,,-23.676166000000002,-46.7493245,,,,1,2023-06-15T14:12:22+00:00
SAO_6035-10,São Paulo,3550308,True,,1213,,,-23.683546999999997,-46.7694185,,,,1,2023-06-15T14:11:49+00:00
SAO_6035-10,São Paulo,3550308,True,,1213,,,-23.66649675,-46.7191605,,,,1,2023-06-15T14:12:21+00:00
SAO_6035-10,São Paulo,3550308,True,,1213,,,-23.669539,-46.7358925,,,,1,2023-06-15T14:11:45+00:00
SAO_2161-10,São Paulo,3550308,True,,33462,,,-23.533690999999997,-46.612524,,,,2,2023-06-15T14:12:10+00:00
SAO_2161-10,São Paulo,3550308,True,,33462,,,-23.484214,-46.5841545,,,,2,2023-06-15T14:12:12+00:00
SAO_2161-10,São Paulo,3550308,True,,33462,,,-23.542396,-46.615832,,,,2,2023-06-15T14:12:16+00:00
SAO_958P-10,São Paulo,3550308,True,,465,,,-23.493801249999997,-46.741130749999996,,,,1,2023-06-15T14:11:46+00:00
SAO_958P-10,São Paulo,3550308,True,,465,,,-23.52126425,-46.748320750000005,,,,1,2023-06-15T14:12:19+00:00
SAO_958P-10,São Paulo,3550308,True,,465,,,-23.5323695,-46.744348875,,,,1,2023-06-15T14:12:10+00:00
SAO_958P-10,São Paulo,3550308,True,,465,,,-23.520348,-46.7460365,,,,1,2023-06-15T14:11:02+00:00
SAO_958P-10,São Paulo,3550308,True,,465,,,-23.564118,-46.6945715,,,,1,2023-06-15T14:12:07+00:00
SAO_8705-10,São Paulo,3550308,True,,34840,,,-23.5739795,-46.735674,,,,2,2023-06-15T14:11:54+00:00
SAO_8705-10,São Paulo,3550308,True,,34840,,,-23.563919,-46.6774145,,,,2,2023-06-15T14:12:17+00:00
SAO_8705-10,São Paulo,3550308,True,,34840,,,-23.5450955,-46.6437275,,,,2,2023-06-15T14:12:02+00:00
SAO_8705-10,São Paulo,3550308,True,,34840,,,-23.545286249999997,-46.63817075,,,,2,2023-06-15T14:12:12+00:00
SAO_8705-10,São Paulo,3550308,True,,34840,,,-23.571859375,-46.69876537500001,,,,2,2023-06-15T14:11:45+00:00
SAO_8705-10,São Paulo,3550308,True,,34840,,,-23.55156025,-46.75754275,,,,2,2023-06-15T14:12:06+00:00
SAO_8705-10,São Paulo,3550308,True,,34840,,,-23.563919,-46.7457965,,,,2,2023-06-15T14:12:01+00:00
SAO_2712-10,São Paulo,3550308,True,,926,,,-23.525102,-46.4809705,,,,1,2023-06-15T14:11:55+00:00
SAO_2712-10,São Paulo,3550308,True,,926,,,-23.537440250000003,-46.481697,,,,1,2023-06-15T14:11:48+00:00
SAO_2712-10,São Paulo,3550308,True,,926,,,-23.530013625000002,-46.4784945,,,,1,2023-06-15T14:12:01+00:00
SAO_5038-10,São Paulo,3550308,True,,34429,,,-23.65287725,-46.614171,,,,2,2023-06-15T14:12:16+00:00
SAO_5038-10,São Paulo,3550308,True,,34429,,,-23.636886,-46.606623,,,,2,2023-06-15T14:11:41+00:00
SAO_5038-10,São Paulo,3550308,True,,34429,,,-23.653293500000004,-46.602455000000006,,,,2,2023-06-15T14:12:03+00:00
SAO_5038-10,São Paulo,3550308,True,,34429,,,-23.649426,-46.610164,,,,2,2023-06-15T14:11:52+00:00
SAO_5038-10,São Paulo,3550308,True,,34429,,,-23.653304499999997,-46.613974999999996,,,,2,2023-06-15T14:12:12+00:00
SAO_5038-10,São Paulo,3550308,True,,34429,,,-23.618980999999998,-46.601818,,,,2,2023-06-15T14:12:06+00:00
SAO_4004-10,São Paulo,3550308,True,,2178,,,-23.583349,-46.406921,,,,1,2023-06-15T14:12:07+00:00
SAO_4004-10,São Paulo,3550308,True,,2178,,,-23.586943750000003,-46.406622999999996,,,,1,2023-06-15T14:11:12+00:00
SAO_4004-10,São Paulo,3550308,True,,2178,,,-23.592612000000003,-46.3955555,,,,1,2023-06-15T14:10:21+00:00
SAO_4313-10,São Paulo,3550308,True,,34941,,,-23.538704,-46.566096,,,,2,2023-06-15T14:12:09+00:00
SAO_4313-10,São Paulo,3550308,True,,34941,,,-23.5643365,-46.5083775,,,,2,2023-06-15T14:11:50+00:00
SAO_4313-10,São Paulo,3550308,True,,34941,,,-23.597037999999998,-46.467093000000006,,,,2,2023-06-15T14:12:16+00:00
SAO_4313-10,São Paulo,3550308,True,,34941,,,-23.5983795,-46.462592,,,,2,2023-06-15T14:08:37+00:00
SAO_4313-10,São Paulo,3550308,True,,34941,,,-23.5941015,-46.420638499999995,,,,2,2023-06-15T14:12:17+00:00
SAO_4313-10,São Paulo,3550308,True,,34941,,,-23.5929575,-46.4724345,,,,2,2023-06-15T14:11:38+00:00
SAO_4313-10,São Paulo,3550308,True,,34941,,,-23.550789,-46.628204499999995,,,,2,2023-06-15T14:12:18+00:00
SAO_4313-10,São Paulo,3550308,True,,34941,,,-23.566796,-46.507122499999994,,,,2,2023-06-15T14:11:52+00:00
SAO_4313-10,São Paulo,3550308,True,,34941,,,-23.5479245,-46.629473,,,,2,2023-06-15T14:11:59+00:00
SAO_4313-10,São Paulo,3550308,True,,34941,,,-23.539324,-46.5446645,,,,2,2023-06-15T14:11:54+00:00
SAO_4313-10,São Paulo,3550308,True,,34941,,,-23.580627999999997,-46.411226,,,,2,2023-06-15T14:11:45+00:00
SAO_4313-10,São Paulo,3550308,True,,34941,,,-23.541219499999997,-46.577991499999996,,,,2,2023-06-15T14:11:35+00:00
SAO_4313-10,São Paulo,3550308,True,,34941,,,-23.596220625,-46.4545145,,,,2,2023-06-15T14:11:26+00:00
SAO_4313-10,São Paulo,3550308,True,,34941,,,-23.5395395,-46.544082,,,,2,2023-06-15T14:11:53+00:00
SAO_4313-10,São Paulo,3550308,True,,34941,,,-23.56491575,-46.508068249999994,,,,2,2023-06-15T14:11:53+00:00
SAO_4313-10,São Paulo,3550308,True,,34941,,,-23.5531515,-46.613959,,,,2,2023-06-15T14:11:40+00:00
SAO_4313-10,São Paulo,3550308,True,,34941,,,-23.53894175,-46.56848075,,,,2,2023-06-15T14:11:39+00:00
SAO_4112-10,São Paulo,3550308,True,,767,,,-23.568549750000003,-46.62756125,,,,1,2023-06-15T14:11:41+00:00
SAO_4112-10,São Paulo,3550308,True,,767,,,-23.57127725,-46.625361,,,,1,2023-06-15T14:11:51+00:00
SAO_4112-10,São Paulo,3550308,True,,767,,,-23.581198999999998,-46.626126,,,,1,2023-06-15T14:12:22+00:00
SAO_4112-10,São Paulo,3550308,True,,767,,,-23.555592000000004,-46.6330895,,,,1,2023-06-15T14:12:02+00:00
SAO_4112-10,São Paulo,3550308,True,,767,,,-23.581508499999998,-46.626194999999996,,,,1,2023-06-15T14:12:15+00:00
SAO_148L-10,São Paulo,3550308,True,,33299,,,-23.491231,-46.6760975,,,,2,2023-06-15T14:11:47+00:00
SAO_148L-10,São Paulo,3550308,True,,33299,,,-23.520004999999998,-46.701718,,,,2,2023-06-15T14:12:19+00:00
SAO_148L-10,São Paulo,3550308,True,,33299,,,-23.47501225,-46.665508,,,,2,2023-06-15T14:12:07+00:00
SAO_148L-10,São Paulo,3550308,True,,33299,,,-23.455058,-46.652393,,,,2,2023-06-15T14:11:39+00:00
SAO_148L-10,São Paulo,3550308,True,,33299,,,-23.465025999999998,-46.65187775,,,,2,2023-06-15T14:12:17+00:00
SAO_148L-10,São Paulo,3550308,True,,33299,,,-23.4751325,-46.6512695,,,,2,2023-06-15T14:11:28+00:00
SAO_148L-10,São Paulo,3550308,True,,33299,,,-23.4990555,-46.6751865,,,,2,2023-06-15T14:11:48+00:00
SAO_148L-10,São Paulo,3550308,True,,33299,,,-23.503641,-46.678732499999995,,,,2,2023-06-15T14:11:53+00:00
SAO_148L-10,São Paulo,3550308,True,,33299,,,-23.472155,-46.650782,,,,2,2023-06-15T14:12:18+00:00
SAO_148L-10,São Paulo,3550308,True,,33299,,,-23.515396,-46.694266125,,,,2,2023-06-15T14:12:18+00:00
SAO_148L-10,São Paulo,3550308,True,,33299,,,-23.455160499999998,-46.6525175,,,,2,2023-06-15T14:11:49+00:00
SAO_3031-10,São Paulo,3550308,True,,33735,,,-23.5957235,-46.4385135,,,,2,2023-06-15T14:11:45+00:00
SAO_3031-10,São Paulo,3550308,True,,33735,,,-23.5459,-46.460999,,,,2,2023-06-15T14:12:08+00:00
SAO_3031-10,São Paulo,3550308,True,,33735,,,-23.6125095,-46.4445395,,,,2,2023-06-15T14:11:38+00:00
SAO_3031-10,São Paulo,3550308,True,,33735,,,-23.6126845,-46.4445915,,,,2,2023-06-15T14:11:59+00:00
SAO_3031-10,São Paulo,3550308,True,,33735,,,-23.6126845,-46.4445915,,,,2,2023-06-15T14:12:16+00:00
SAO_3031-10,São Paulo,3550308,True,,33735,,,-23.565306999999997,-46.458122,,,,2,2023-06-15T14:11:52+00:00
SAO_3031-10,São Paulo,3550308,True,,33735,,,-23.54403275,-46.469241,,,,2,2023-06-15T14:12:08+00:00
SAO_3031-10,São Paulo,3550308,True,,33735,,,-23.542333999999997,-46.470445999999995,,,,2,2023-06-15T14:12:00+00:00
SAO_938V-10,São Paulo,3550308,True,STT,813,https://moovitapp.com/index/pt-br/transporte_p%C3%BAblico-line-813-Sao_Paulo-242-850661-183360-0,5.3,-23.498372375,-46.6971075,,,,1,2023-06-15T14:12:04+00:00
SAO_938V-10,São Paulo,3550308,True,STT,813,https://moovitapp.com/index/pt-br/transporte_p%C3%BAblico-line-813-Sao_Paulo-242-850661-183360-0,5.3,-23.498372375,-46.6971075,,,,1,2023-06-15T14:12:12+00:00
SAO_938V-10,São Paulo,3550308,True,STT,813,https://moovitapp.com/index/pt-br/transporte_p%C3%BAblico-line-813-Sao_Paulo-242-850661-183360-0,5.3,-23.527874,-46.674443,,,,1,2023-06-15T14:12:00+00:00
SAO_938V-10,São Paulo,3550308,True,STT,813,https://moovitapp.com/index/pt-br/transporte_p%C3%BAblico-line-813-Sao_Paulo-242-850661-183360-0,5.3,-23.523923250000003,-46.69198875,,,,1,2023-06-15T14:12:19+00:00
SAO_938V-10,São Paulo,3550308,True,STT,813,https://moovitapp.com/index/pt-br/transporte_p%C3%BAblico-line-813-Sao_Paulo-242-850661-183360-0,5.3,-23.45834225,-46.67532525,,,,1,2023-06-15T14:11:57+00:00
SAO_938V-10,São Paulo,3550308,True,STT,813,https://moovitapp.com/index/pt-br/transporte_p%C3%BAblico-line-813-Sao_Paulo-242-850661-183360-0,5.3,-23.4848165,-46.6891945,,,,1,2023-06-15T14:12:18+00:00
SAO_938V-10,São Paulo,3550308,True,STT,813,https://moovitapp.com/index/pt-br/transporte_p%C3%BAblico-line-813-Sao_Paulo-242-850661-183360-0,5.3,-23.525927000000003,-46.669558499999994,,,,1,2023-06-15T14:12:09+00:00
SAO_938V-10,São Paulo,3550308,True,STT,813,https://moovitapp.com/index/pt-br/transporte_p%C3%BAblico-line-813-Sao_Paulo-242-850661-183360-0,5.3,-23.5218765,-46.703597,,,,1,2023-06-15T14:11:42+00:00
SAO_938V-10,São Paulo,3550308,True,STT,813,https://moovitapp.com/index/pt-br/transporte_p%C3%BAblico-line-813-Sao_Paulo-242-850661-183360-0,5.3,-23.478405000000002,-46.682612500000005,,,,1,2023-06-15T14:11:37+00:00
SAO_938V-10,São Paulo,3550308,True,STT,813,https://moovitapp.com/index/pt-br/transporte_p%C3%BAblico-line-813-Sao_Paulo-242-850661-183360-0,5.3,-23.512507999999997,-46.690535,,,,1,2023-06-15T14:08:48+00:00
SAO_938V-10,São Paulo,3550308,True,STT,813,https://moovitapp.com/index/pt-br/transporte_p%C3%BAblico-line-813-Sao_Paulo-242-850661-183360-0,5.3,-23.510976,-46.6901605,,,,1,2023-06-15T14:11:58+00:00
SAO_938V-10,São Paulo,3550308,True,STT,813,https://moovitapp.com/index/pt-br/transporte_p%C3%BAblico-line-813-Sao_Paulo-242-850661-183360-0,5.3,-23.504904,-46.6898445,,,,1,2023-06-15T14:11:47+00:00
SAO_6262-10,São Paulo,3550308,True,,34139,,,-23.574096625,-46.6673885,,,,2,2023-06-15T14:12:23+00:00
SAO_6262-10,São Paulo,3550308,True,,34139,,,-23.5503145,-46.717797250000004,,,,2,2023-06-15T14:11:53+00:00
SAO_6262-10,São Paulo,3550308,True,,34139,,,-23.566701000000002,-46.694135,,,,2,2023-06-15T14:12:13+00:00
SAO_6262-10,São Paulo,3550308,True,,34139,,,-23.5365855,-46.72600275,,,,2,2023-06-15T14:12:06+00:00
SAO_575A-10,São Paulo,3550308,True,,1638,,,-23.5836385,-46.5845555,,,,1,2023-06-15T14:12:18+00:00
SAO_575A-10,São Paulo,3550308,True,,1638,,,-23.58936025,-46.583093500000004,,,,1,2023-06-15T14:12:15+00:00
SAO_575A-10,São Paulo,3550308,True,,1638,,,-23.54462075,-46.58595699999999,,,,1,2023-06-15T14:11:35+00:00
SAO_575A-10,São Paulo,3550308,True,,1638,,,-23.568902,-46.576167,,,,1,2023-06-15T14:10:22+00:00
SAO_3004-10,São Paulo,3550308,True,,34566,,,-23.492837249999997,-46.406667250000005,,,,2,2023-06-15T14:12:14+00:00
SAO_4734-10,São Paulo,3550308,True,,33877,,,-23.6246475,-46.62937375,,,,2,2023-06-15T14:11:56+00:00
SAO_4734-10,São Paulo,3550308,True,,33877,,,-23.641941,-46.6082435,,,,2,2023-06-15T14:12:00+00:00
SAO_4734-10,São Paulo,3550308,True,,33877,,,-23.6183335,-46.6389475,,,,2,2023-06-15T14:11:55+00:00
SAO_4734-10,São Paulo,3550308,True,,33877,,,-23.618309,-46.639046,,,,2,2023-06-15T14:12:10+00:00
SAO_4734-10,São Paulo,3550308,True,,33877,,,-23.6385265,-46.6133235,,,,2,2023-06-15T14:12:20+00:00
SAO_4734-10,São Paulo,3550308,True,,33877,,,-23.635668000000003,-46.614797499999995,,,,2,2023-06-15T14:11:38+00:00
SAO_4734-10,São Paulo,3550308,True,,33877,,,-23.6418345,-46.6083455,,,,2,2023-06-15T14:12:23+00:00
SAO_4734-10,São Paulo,3550308,True,,33877,,,-23.623308,-46.6299875,,,,2,2023-06-15T14:12:06+00:00
SAO_4734-10,São Paulo,3550308,True,,33877,,,-23.6264825,-46.620945,,,,2,2023-06-15T14:11:34+00:00
SAO_3686-10,São Paulo,3550308,True,EMTU,166,https://moovitapp.com/index/pt-br/transporte_p%C3%BAblico-line-166-Sao_Paulo-242-2038937-36419307-0,7.8,-23.536839999999998,-46.470214999999996,,,,1,2023-06-15T14:12:19+00:00
SAO_3686-10,São Paulo,3550308,True,EMTU,166,https://moovitapp.com/index/pt-br/transporte_p%C3%BAblico-line-166-Sao_Paulo-242-2038937-36419307-0,7.8,-23.529817,-46.514731499999996,,,,1,2023-06-15T14:10:21+00:00
SAO_3686-10,São Paulo,3550308,True,EMTU,166,https://moovitapp.com/index/pt-br/transporte_p%C3%BAblico-line-166-Sao_Paulo-242-2038937-36419307-0,7.8,-23.544533625,-46.59435487500001,,,,1,2023-06-15T14:12:20+00:00
SAO_3686-10,São Paulo,3550308,True,EMTU,166,https://moovitapp.com/index/pt-br/transporte_p%C3%BAblico-line-166-Sao_Paulo-242-2038937-36419307-0,7.8,-23.5473415,-46.629296499999995,,,,1,2023-06-15T14:11:47+00:00
SAO_3686-10,São Paulo,3550308,True,EMTU,166,https://moovitapp.com/index/pt-br/transporte_p%C3%BAblico-line-166-Sao_Paulo-242-2038937-36419307-0,7.8,-23.5409729375,-46.5776478125,,,,1,2023-06-15T14:11:40+00:00
SAO_3686-10,São Paulo,3550308,True,EMTU,166,https://moovitapp.com/index/pt-br/transporte_p%C3%BAblico-line-166-Sao_Paulo-242-2038937-36419307-0,7.8,-23.542627000000003,-46.424943999999996,,,,1,2023-06-15T14:11:13+00:00
SAO_3686-10,São Paulo,3550308,True,EMTU,166,https://moovitapp.com/index/pt-br/transporte_p%C3%BAblico-line-166-Sao_Paulo-242-2038937-36419307-0,7.8,-23.5352535,-46.4282775,,,,1,2023-06-15T14:08:35+00:00
SAO_3686-10,São Paulo,3550308,True,EMTU,166,https://moovitapp.com/index/pt-br/transporte_p%C3%BAblico-line-166-Sao_Paulo-242-2038937-36419307-0,7.8,-23.5557405,-46.4007655,,,,1,2023-06-15T14:11:17+00:00
SAO_3002-10,São Paulo,3550308,True,,34576,,,-23.5101785,-46.377334,,,,2,2023-06-15T14:12:08+00:00
SAO_3002-10,São Paulo,3550308,True,,34576,,,-23.5110725,-46.384513,,,,2,2023-06-15T14:11:51+00:00
SAO_3002-10,São Paulo,3550308,True,,34576,,,-23.50925525,-46.37909825,,,,2,2023-06-15T14:12:20+00:00
SAO_3002-10,São Paulo,3550308,True,,34576,,,-23.497071,-46.438169,,,,2,2023-06-15T14:10:47+00:00
SAO_3002-10,São Paulo,3550308,True,,34576,,,-23.5108465,-46.3788725,,,,2,2023-06-15T14:11:48+00:00
SAO_3002-10,São Paulo,3550308,True,,34576,,,-23.495366,-46.4296235,,,,2,2023-06-15T14:11:14+00:00
SAO_3002-10,São Paulo,3550308,True,,34576,,,-23.5003025,-46.3930875,,,,2,2023-06-15T14:11:38+00:00
SAO_8026-10,São Paulo,3550308,True,,2083,,,-23.5934555,-46.735057999999995,,,,1,2023-06-15T14:11:09+00:00
SAO_8026-10,São Paulo,3550308,True,,2083,,,-23.6328585,-46.747187,,,,1,2023-06-15T14:12:15+00:00
SAO_8026-10,São Paulo,3550308,True,,2083,,,-23.626941,-46.749725,,,,1,2023-06-15T14:12:06+00:00
SAO_8026-10,São Paulo,3550308,True,,2083,,,-23.6121185,-46.7413385,,,,1,2023-06-15T14:11:58+00:00
SAO_8026-10,São Paulo,3550308,True,,2083,,,-23.616782,-46.7534455,,,,1,2023-06-15T14:12:16+00:00
SAO_6063-41,São Paulo,3550308,True,,34541,,,-23.775857,-46.69730625,,,,2,2023-06-15T14:12:18+00:00
SAO_6063-41,São Paulo,3550308,True,,34541,,,-23.787667499999998,-46.6800415,,,,2,2023-06-15T14:12:05+00:00
SAO_6063-41,São Paulo,3550308,True,,34541,,,-23.787667499999998,-46.6800415,,,,2,2023-06-15T14:11:56+00:00
SAO_6063-41,São Paulo,3550308,True,,34541,,,-23.7880745,-46.6802025,,,,2,2023-06-15T14:11:48+00:00
SAO_6063-41,São Paulo,3550308,True,,34541,,,-23.7873735,-46.681128,,,,2,2023-06-15T14:12:05+00:00
SAO_6063-41,São Paulo,3550308,True,,34541,,,-23.787596999999998,-46.679432,,,,2,2023-06-15T14:12:12+00:00
SAO_2290-10,São Paulo,3550308,True,,718,,,-23.58074,-46.49959075,,,,1,2023-06-15T14:12:06+00:00
SAO_2290-10,São Paulo,3550308,True,,718,,,-23.5436655,-46.620252,,,,1,2023-06-15T14:11:42+00:00
SAO_2290-10,São Paulo,3550308,True,,718,,,-23.548418749999996,-46.53788350000001,,,,1,2023-06-15T14:12:03+00:00
SAO_2290-10,São Paulo,3550308,True,,718,,,-23.54376275,-46.62067975,,,,1,2023-06-15T14:11:42+00:00
SAO_2290-10,São Paulo,3550308,True,,718,,,-23.558199000000002,-46.522121,,,,1,2023-06-15T14:12:21+00:00
SAO_2290-10,São Paulo,3550308,True,,718,,,-23.5461345,-46.630341,,,,1,2023-06-15T14:12:05+00:00
SAO_2290-10,São Paulo,3550308,True,,718,,,-23.535067249999997,-46.5773525,,,,1,2023-06-15T14:11:42+00:00
SAO_2290-10,São Paulo,3550308,True,,718,,,-23.540033,-46.63719775,,,,1,2023-06-15T14:12:08+00:00
SAO_2290-10,São Paulo,3550308,True,,718,,,-23.55877,-46.521311,,,,1,2023-06-15T14:12:20+00:00
SAO_2290-10,São Paulo,3550308,True,,718,,,-23.540468375000003,-46.637888125,,,,1,2023-06-15T14:11:42+00:00
SAO_2290-10,São Paulo,3550308,True,,718,,,-23.54209775,-46.61522575,,,,1,2023-06-15T14:12:09+00:00
SAO_2290-10,São Paulo,3550308,True,,718,,,-23.584497499999998,-46.4919365,,,,1,2023-06-15T14:12:17+00:00
SAO_2290-10,São Paulo,3550308,True,,718,,,-23.541290250000003,-46.639108750000005,,,,1,2023-06-15T14:12:10+00:00
SAO_2290-10,São Paulo,3550308,True,,718,,,-23.6130195,-46.476082,,,,1,2023-06-15T14:12:00+00:00
SAO_2290-10,São Paulo,3550308,True,,718,,,-23.5611575,-46.518677,,,,1,2023-06-15T14:12:18+00:00
SAO_2290-10,São Paulo,3550308,True,,718,,,-23.5465215,-46.630083,,,,1,2023-06-15T14:11:56+00:00
SAO_2290-10,São Paulo,3550308,True,,718,,,-23.553845,-46.527522000000005,,,,1,2023-06-15T14:12:21+00:00
SAO_2290-10,São Paulo,3550308,True,,718,,,-23.5372925,-46.5948205,,,,1,2023-06-15T14:12:21+00:00
SAO_2290-10,São Paulo,3550308,True,,718,,,-23.608943,-46.477615,,,,1,2023-06-15T14:11:52+00:00
SAO_2290-10,São Paulo,3550308,True,,718,,,-23.5361865,-46.557921,,,,1,2023-06-15T14:11:58+00:00
SAO_2290-10,São Paulo,3550308,True,,718,,,-23.542037125,-46.54868775,,,,1,2023-06-15T14:12:10+00:00
SAO_2290-10,São Paulo,3550308,True,,718,,,-23.5580635,-46.522337500000006,,,,1,2023-06-15T14:11:56+00:00
SAO_2290-10,São Paulo,3550308,True,,718,,,-23.533912,-46.566791499999994,,,,1,2023-06-15T14:12:19+00:00
SAO_2290-10,São Paulo,3550308,True,,718,,,-23.5372515,-46.594533874999996,,,,1,2023-06-15T14:11:55+00:00
SAO_2290-10,São Paulo,3550308,True,,718,,,-23.540174999999998,-46.55162,,,,1,2023-06-15T14:11:40+00:00
SAO_2290-10,São Paulo,3550308,True,,718,,,-23.546634500000003,-46.6300045,,,,1,2023-06-15T14:11:41+00:00
SAO_2290-10,São Paulo,3550308,True,,718,,,-23.550228,-46.6422055,,,,1,2023-06-15T14:11:46+00:00
SAO_2290-10,São Paulo,3550308,True,,718,,,-23.6131955,-46.476123,,,,1,2023-06-15T14:11:38+00:00
SAO_8013-10,São Paulo,3550308,True,,33568,,,-23.518331,-46.7248665,,,,2,2023-06-15T14:12:01+00:00
SAO_8013-10,São Paulo,3550308,True,,33568,,,-23.518920125,-46.704944499999996,,,,2,2023-06-15T14:12:07+00:00
SAO_8013-10,São Paulo,3550308,True,,33568,,,-23.4302895,-46.786977,,,,2,2023-06-15T14:06:45+00:00
SAO_8013-10,São Paulo,3550308,True,,33568,,,-23.422985500000003,-46.7896785,,,,2,2023-06-15T14:11:40+00:00
SAO_8013-10,São Paulo,3550308,True,,33568,,,-23.5202495,-46.710781999999995,,,,2,2023-06-15T14:11:39+00:00
SAO_8013-10,São Paulo,3550308,True,,33568,,,-23.48218125,-46.77045175,,,,2,2023-06-15T14:11:40+00:00
SAO_8013-10,São Paulo,3550308,True,,33568,,,-23.518,-46.707083,,,,2,2023-06-15T14:12:06+00:00
SAO_8013-10,São Paulo,3550308,True,,33568,,,-23.494032750000002,-46.757225,,,,2,2023-06-15T14:11:52+00:00
SAO_8013-10,São Paulo,3550308,True,,33568,,,-23.5082265,-46.73345325,,,,2,2023-06-15T14:11:37+00:00
SAO_8013-10,São Paulo,3550308,True,,33568,,,-23.48173975,-46.77051325,,,,2,2023-06-15T14:11:50+00:00
SAO_128Y-10,São Paulo,3550308,True,EMTU,843,https://moovitapp.com/index/pt-br/transporte_p%C3%BAblico-line-843-Sao_Paulo-242-2038937-36419606-0,4.1,-23.507542,-46.690293,,,,1,2023-06-15T14:11:39+00:00
SAO_128Y-10,São Paulo,3550308,True,EMTU,843,https://moovitapp.com/index/pt-br/transporte_p%C3%BAblico-line-843-Sao_Paulo-242-2038937-36419606-0,4.1,-23.5202615,-46.704994375,,,,1,2023-06-15T14:12:02+00:00
SAO_128Y-10,São Paulo,3550308,True,EMTU,843,https://moovitapp.com/index/pt-br/transporte_p%C3%BAblico-line-843-Sao_Paulo-242-2038937-36419606-0,4.1,-23.4817745,-46.655383,,,,1,2023-06-15T14:12:10+00:00
SAO_128Y-10,São Paulo,3550308,True,EMTU,843,https://moovitapp.com/index/pt-br/transporte_p%C3%BAblico-line-843-Sao_Paulo-242-2038937-36419606-0,4.1,-23.46381325,-46.66751825,,,,1,2023-06-15T14:11:47+00:00
SAO_128Y-10,São Paulo,3550308,True,EMTU,843,https://moovitapp.com/index/pt-br/transporte_p%C3%BAblico-line-843-Sao_Paulo-242-2038937-36419606-0,4.1,-23.501395,-46.66579475,,,,1,2023-06-15T14:12:04+00:00
SAO_128Y-10,São Paulo,3550308,True,EMTU,843,https://moovitapp.com/index/pt-br/transporte_p%C3%BAblico-line-843-Sao_Paulo-242-2038937-36419606-0,4.1,-23.497785125,-46.663481000000004,,,,1,2023-06-15T14:12:12+00:00
SAO_128Y-10,São Paulo,3550308,True,EMTU,843,https://moovitapp.com/index/pt-br/transporte_p%C3%BAblico-line-843-Sao_Paulo-242-2038937-36419606-0,4.1,-23.508499,-46.687779000000006,,,,1,2023-06-15T14:07:40+00:00
SAO_2590-10,São Paulo,3550308,True,,33680,,,-23.4937415,-46.4565365,,,,2,2023-06-15T14:12:03+00:00
SAO_2590-10,São Paulo,3550308,True,,33680,,,-23.49993,-46.52375075,,,,2,2023-06-15T14:12:10+00:00
SAO_2590-10,São Paulo,3550308,True,,33680,,,-23.535222124999997,-46.58254475,,,,2,2023-06-15T14:11:45+00:00
SAO_2590-10,São Paulo,3550308,True,,33680,,,-23.524527499999998,-46.549481625,,,,2,2023-06-15T14:12:06+00:00
SAO_2590-10,São Paulo,3550308,True,,33680,,,-23.483154250000002,-46.466711000000004,,,,2,2023-06-15T14:10:45+00:00
SAO_2590-10,São Paulo,3550308,True,,33680,,,-23.48327475,-46.466404999999995,,,,2,2023-06-15T14:11:54+00:00
SAO_2590-10,São Paulo,3550308,True,,33680,,,-23.48850375,-46.504596,,,,2,2023-06-15T14:11:53+00:00
SAO_2590-10,São Paulo,3550308,True,,33680,,,-23.5472655,-46.631194,,,,2,2023-06-15T14:11:39+00:00
SAO_4011-10,São Paulo,3550308,True,,2184,,,-23.5978785,-46.458639500000004,,,,1,2023-06-15T14:11:30+00:00
SAO_4011-10,São Paulo,3550308,True,,2184,,,-23.5965415,-46.4356515,,,,1,2023-06-15T14:12:08+00:00
SAO_4011-10,São Paulo,3550308,True,,2184,,,-23.614715500000003,-46.423099,,,,1,2023-06-15T14:12:12+00:00
SAO_4011-10,São Paulo,3550308,True,,2184,,,-23.599030749999997,-46.4691375,,,,1,2023-06-15T14:12:06+00:00
SAO_4011-10,São Paulo,3550308,True,,2184,,,-23.62291,-46.415025,,,,1,2023-06-15T14:05:44+00:00
SAO_4011-10,São Paulo,3550308,True,,2184,,,-23.622307,-46.4139265,,,,1,2023-06-15T14:11:00+00:00
SAO_4011-10,São Paulo,3550308,True,,2184,,,-23.59899875,-46.4336115,,,,1,2023-06-15T14:11:42+00:00
SAO_1745-10,São Paulo,3550308,True,,546,,,-23.4934235,-46.647606249999995,,,,1,2023-06-15T14:12:01+00:00
SAO_1745-10,São Paulo,3550308,True,,546,,,-23.473959999999998,-46.654517999999996,,,,1,2023-06-15T14:12:16+00:00
SAO_1745-10,São Paulo,3550308,True,,546,,,-23.505087375000002,-46.624955875,,,,1,2023-06-15T14:12:11+00:00
SAO_1745-10,São Paulo,3550308,True,,546,,,-23.513510625000002,-46.616156249999996,,,,1,2023-06-15T14:11:56+00:00
SAO_2717-10,São Paulo,3550308,True,Urubupungá,930,https://moovitapp.com/index/pt-br/transporte_p%C3%BAblico-line-930-Sao_Paulo-242-873835-496473-0,4.6,-23.50155425,-46.50725475,,,,1,2023-06-15T14:11:41+00:00
SAO_2717-10,São Paulo,3550308,True,Urubupungá,930,https://moovitapp.com/index/pt-br/transporte_p%C3%BAblico-line-930-Sao_Paulo-242-873835-496473-0,4.6,-23.5131725,-46.5166255,,,,1,2023-06-15T14:11:41+00:00
SAO_2717-10,São Paulo,3550308,True,Urubupungá,930,https://moovitapp.com/index/pt-br/transporte_p%C3%BAblico-line-930-Sao_Paulo-242-873835-496473-0,4.6,-23.500303125000002,-46.509994250000005,,,,1,2023-06-15T14:11:46+00:00
SAO_2717-10,São Paulo,3550308,True,Urubupungá,930,https://moovitapp.com/index/pt-br/transporte_p%C3%BAblico-line-930-Sao_Paulo-242-873835-496473-0,4.6,-23.5286495,-46.516311,,,,1,2023-06-15T14:12:11+00:00
SAO_2717-10,São Paulo,3550308,True,Urubupungá,930,https://moovitapp.com/index/pt-br/transporte_p%C3%BAblico-line-930-Sao_Paulo-242-873835-496473-0,4.6,-23.516935,-46.516971,,,,1,2023-06-15T14:11:40+00:00
SAO_875A-10,São Paulo,3550308,True,,609,,,-23.617955000000002,-46.6619415,,,,1,2023-06-15T14:12:13+00:00
SAO_875A-10,São Paulo,3550308,True,,609,,,-23.586046875,-46.635233,,,,1,2023-06-15T14:11:43+00:00
SAO_875A-10,São Paulo,3550308,True,,609,,,-23.53498325,-46.653231500000004,,,,1,2023-06-15T14:12:04+00:00
SAO_875A-10,São Paulo,3550308,True,,609,,,-23.565940499999996,-46.6509805,,,,1,2023-06-15T14:12:01+00:00
SAO_875A-10,São Paulo,3550308,True,,609,,,-23.64256,-46.663019500000004,,,,1,2023-06-15T14:11:55+00:00
SAO_875A-10,São Paulo,3550308,True,,609,,,-23.533095,-46.674427,,,,1,2023-06-15T14:12:13+00:00
SAO_875A-10,São Paulo,3550308,True,,609,,,-23.5308135,-46.6614285,,,,1,2023-06-15T14:11:53+00:00
SAO_875A-10,São Paulo,3550308,True,,609,,,-23.619163999999998,-46.639288,,,,1,2023-06-15T14:11:51+00:00
SAO_875A-10,São Paulo,3550308,True,,609,,,-23.5703665,-46.645350875000005,,,,1,2023-06-15T14:12:08+00:00
SAO_2733-10,São Paulo,3550308,True,,948,,,-23.5263785,-46.455462499999996,,,,1,2023-06-15T14:11:43+00:00
SAO_2733-10,São Paulo,3550308,True,,948,,,-23.526387125,-46.45522149999999,,,,1,2023-06-15T14:12:18+00:00
SAO_2733-10,São Paulo,3550308,True,,948,,,-23.5388555,-46.456513,,,,1,2023-06-15T14:11:56+00:00
SAO_2733-10,São Paulo,3550308,True,,948,,,-23.5157015,-46.462250999999995,,,,1,2023-06-15T14:12:13+00:00
SAO_2733-10,São Paulo,3550308,True,,948,,,-23.520257,-46.4603795,,,,1,2023-06-15T14:11:43+00:00
SAO_2733-10,São Paulo,3550308,True,,948,,,-23.5337065,-46.4548425,,,,1,2023-06-15T14:12:02+00:00
SAO_273R-42,São Paulo,3550308,True,EMTU,228,https://moovitapp.com/index/pt-br/transporte_p%C3%BAblico-line-228-Sao_Paulo-242-2038937-36419345-0,5.8,-23.5121185,-46.420018,,,,1,2023-06-15T14:12:02+00:00
SAO_273R-42,São Paulo,3550308,True,EMTU,228,https://moovitapp.com/index/pt-br/transporte_p%C3%BAblico-line-228-Sao_Paulo-242-2038937-36419345-0,5.8,-23.526847500000002,-46.446185,,,,1,2023-06-15T14:12:13+00:00
SAO_273R-42,São Paulo,3550308,True,EMTU,228,https://moovitapp.com/index/pt-br/transporte_p%C3%BAblico-line-228-Sao_Paulo-242-2038937-36419345-0,5.8,-23.542630000000003,-46.468692000000004,,,,1,2023-06-15T14:12:11+00:00
SAO_273R-42,São Paulo,3550308,True,EMTU,228,https://moovitapp.com/index/pt-br/transporte_p%C3%BAblico-line-228-Sao_Paulo-242-2038937-36419345-0,5.8,-23.535213,-46.4545445,,,,1,2023-06-15T14:12:18+00:00
SAO_273R-42,São Paulo,3550308,True,EMTU,228,https://moovitapp.com/index/pt-br/transporte_p%C3%BAblico-line-228-Sao_Paulo-242-2038937-36419345-0,5.8,-23.514289125,-46.433493874999996,,,,1,2023-06-15T14:10:36+00:00
SAO_5391-21,São Paulo,3550308,True,,1729,,,-23.551742,-46.6370405,,,,1,2023-06-15T14:12:05+00:00
SAO_5391-21,São Paulo,3550308,True,,1729,,,-23.62885825,-46.686011500000006,,,,1,2023-06-15T14:12:10+00:00
SAO_5391-21,São Paulo,3550308,True,,1729,,,-23.59725325,-46.65616475,,,,1,2023-06-15T14:12:15+00:00
SAO_5391-21,São Paulo,3550308,True,,1729,,,-23.6643605,-46.708846750000006,,,,1,2023-06-15T14:10:54+00:00
SAO_5109-10,São Paulo,3550308,True,,1851,,,-23.5845615,-46.5865805,,,,1,2023-06-15T14:12:07+00:00
SAO_5109-10,São Paulo,3550308,True,,1851,,,-23.56640075,-46.610052374999995,,,,1,2023-06-15T14:11:52+00:00
SAO_2772-10,São Paulo,3550308,True,,33166,,,-23.533164499999998,-46.5456245,,,,2,2023-06-15T14:12:15+00:00
SAO_2772-10,São Paulo,3550308,True,,33166,,,-23.494584,-46.425981500000006,,,,2,2023-06-15T14:12:03+00:00
SAO_2772-10,São Paulo,3550308,True,,33166,,,-23.498179,-46.463372,,,,2,2023-06-15T14:12:02+00:00
SAO_2772-10,São Paulo,3550308,True,,33166,,,-23.510348999999998,-46.4046485,,,,2,2023-06-15T14:11:53+00:00
SAO_2772-10,São Paulo,3550308,True,,33166,,,-23.5129855,-46.516172999999995,,,,2,2023-06-15T14:12:17+00:00
SAO_2772-10,São Paulo,3550308,True,,33166,,,-23.533080499999997,-46.543136,,,,2,2023-06-15T14:12:16+00:00
SAO_3063-10,São Paulo,3550308,True,EMTU,253,https://moovitapp.com/index/pt-br/transporte_p%C3%BAblico-line-253-Sao_Paulo-242-2038937-36419364-0,5.4,-23.5956925,-46.4346025,,,,1,2023-06-15T14:12:21+00:00
SAO_3063-10,São Paulo,3550308,True,EMTU,253,https://moovitapp.com/index/pt-br/transporte_p%C3%BAblico-line-253-Sao_Paulo-242-2038937-36419364-0,5.4,-23.5654685,-46.415849,,,,1,2023-06-15T14:09:58+00:00
SAO_3063-10,São Paulo,3550308,True,EMTU,253,https://moovitapp.com/index/pt-br/transporte_p%C3%BAblico-line-253-Sao_Paulo-242-2038937-36419364-0,5.4,-23.596768500000003,-46.4565665,,,,1,2023-06-15T14:12:22+00:00
SAO_3112-10,São Paulo,3550308,True,,33848,,,-23.5633155,-46.597423500000005,,,,2,2023-06-15T14:12:02+00:00
SAO_3112-10,São Paulo,3550308,True,,33848,,,-23.5828255,-46.5498335,,,,2,2023-06-15T14:12:02+00:00
SAO_3112-10,São Paulo,3550308,True,,33848,,,-23.60163,-46.5313855,,,,2,2023-06-15T14:12:13+00:00
SAO_3112-10,São Paulo,3550308,True,,33848,,,-23.583471000000003,-46.586447,,,,2,2023-06-15T14:11:57+00:00
SAO_3112-10,São Paulo,3550308,True,,33848,,,-23.610093499999998,-46.5294835,,,,2,2023-06-15T14:12:02+00:00
SAO_3112-10,São Paulo,3550308,True,,33848,,,-23.57928275,-46.57270175,,,,2,2023-06-15T14:11:45+00:00
SAO_3112-10,São Paulo,3550308,True,,33848,,,-23.540443500000002,-46.59473,,,,2,2023-06-15T14:11:48+00:00
SAO_3112-10,São Paulo,3550308,True,,33848,,,-23.551536625,-46.5955425,,,,2,2023-06-15T14:11:46+00:00
SAO_3112-10,São Paulo,3550308,True,,33848,,,-23.581129,-46.561929,,,,2,2023-06-15T14:11:45+00:00
SAO_971R-21,São Paulo,3550308,True,,33383,,,-23.501994500000002,-46.625838,,,,2,2023-06-15T14:07:57+00:00
SAO_6820-10,São Paulo,3550308,True,BR7 Mobilidade,19,https://moovitapp.com/index/pt-br/transporte_p%C3%BAblico-line-19-Sao_Paulo-242-851856-516833-0,5.75,-23.6621345,-46.779826,,,,1,2023-06-15T14:12:20+00:00
SAO_6820-10,São Paulo,3550308,True,BR7 Mobilidade,19,https://moovitapp.com/index/pt-br/transporte_p%C3%BAblico-line-19-Sao_Paulo-242-851856-516833-0,5.75,-23.6539115,-46.762288,,,,1,2023-06-15T14:11:49+00:00
SAO_6820-10,São Paulo,3550308,True,BR7 Mobilidade,19,https://moovitapp.com/index/pt-br/transporte_p%C3%BAblico-line-19-Sao_Paulo-242-851856-516833-0,5.75,-23.660809999999998,-46.791848,,,,1,2023-06-15T14:11:57+00:00
SAO_6820-10,São Paulo,3550308,True,BR7 Mobilidade,19,https://moovitapp.com/index/pt-br/transporte_p%C3%BAblico-line-19-Sao_Paulo-242-851856-516833-0,5.75,-23.66024025,-46.769326250000006,,,,1,2023-06-15T14:11:56+00:00
SAO_7049-10,São Paulo,3550308,True,,34680,,,-23.6315095,-46.772093,,,,2,2023-06-15T14:12:19+00:00
SAO_7049-10,São Paulo,3550308,True,,34680,,,-23.67877,-46.779249,,,,2,2023-06-15T14:11:52+00:00
SAO_7049-10,São Paulo,3550308,True,,34680,,,-23.682876999999998,-46.7738875,,,,2,2023-06-15T14:12:00+00:00
SAO_7049-10,São Paulo,3550308,True,,34680,,,-23.658069,-46.7754705,,,,2,2023-06-15T14:11:46+00:00
SAO_7049-10,São Paulo,3550308,True,,34680,,,-23.71138725,-46.77812725,,,,2,2023-06-15T14:12:01+00:00
SAO_7049-10,São Paulo,3550308,True,,34680,,,-23.71138725,-46.77812725,,,,2,2023-06-15T14:12:22+00:00
SAO_7049-10,São Paulo,3550308,True,,34680,,,-23.703176499999998,-46.7836655,,,,2,2023-06-15T14:12:07+00:00
SAO_7049-10,São Paulo,3550308,True,,34680,,,-23.7115665,-46.7780305,,,,2,2023-06-15T14:11:28+00:00
SAO_7049-10,São Paulo,3550308,True,,34680,,,-23.65193875,-46.77850025,,,,2,2023-06-15T14:12:19+00:00
SAO_7049-10,São Paulo,3550308,True,,34680,,,-23.6752255,-46.783927,,,,2,2023-06-15T14:12:10+00:00
SAO_875C-10,São Paulo,3550308,True,,33246,,,-23.531627999999998,-46.713518,,,,2,2023-06-15T14:12:02+00:00
SAO_875C-10,São Paulo,3550308,True,,33246,,,-23.52928,-46.7111905,,,,2,2023-06-15T14:12:22+00:00
SAO_875C-10,São Paulo,3550308,True,,33246,,,-23.583924500000002,-46.6703565,,,,2,2023-06-15T14:12:23+00:00
SAO_875C-10,São Paulo,3550308,True,,33246,,,-23.575620999999998,-46.6877935,,,,2,2023-06-15T14:12:02+00:00
SAO_875C-10,São Paulo,3550308,True,,33246,,,-23.598501,-46.641636000000005,,,,2,2023-06-15T14:12:21+00:00
SAO_875C-10,São Paulo,3550308,True,,33246,,,-23.57706,-46.68690575,,,,2,2023-06-15T14:11:58+00:00
SAO_978A-10,São Paulo,3550308,True,,34137,,,-23.5251545,-46.665617999999995,,,,2,2023-06-15T14:12:14+00:00
SAO_978A-10,São Paulo,3550308,True,,34137,,,-23.4756295,-46.6704885,,,,2,2023-06-15T14:12:06+00:00
SAO_978A-10,São Paulo,3550308,True,,34137,,,-23.4756295,-46.6704885,,,,2,2023-06-15T14:12:19+00:00
SAO_978A-10,São Paulo,3550308,True,,34137,,,-23.5152745,-46.689216,,,,2,2023-06-15T14:12:19+00:00
SAO_978A-10,São Paulo,3550308,True,,34137,,,-23.5251545,-46.665617999999995,,,,2,2023-06-15T14:11:40+00:00
SAO_978A-10,São Paulo,3550308,True,,34137,,,-23.515228,-46.68981025,,,,2,2023-06-15T14:11:05+00:00
SAO_978A-10,São Paulo,3550308,True,,34137,,,-23.507077375,-46.689163875000006,,,,2,2023-06-15T14:12:19+00:00
SAO_978A-10,São Paulo,3550308,True,,34137,,,-23.481768,-46.6751705,,,,2,2023-06-15T14:10:26+00:00
SAO_978A-10,São Paulo,3550308,True,,34137,,,-23.50563025,-46.68877474999999,,,,2,2023-06-15T14:11:49+00:00
SAO_3160-10,São Paulo,3550308,True,,32893,,,-23.551726000000002,-46.627584999999996,,,,2,2023-06-15T14:11:55+00:00
SAO_3160-10,São Paulo,3550308,True,,32893,,,-23.5695645,-46.5879145,,,,2,2023-06-15T14:12:18+00:00
SAO_3160-10,São Paulo,3550308,True,,32893,,,-23.553219625,-46.600659125,,,,2,2023-06-15T14:12:08+00:00
SAO_3160-10,São Paulo,3550308,True,,32893,,,-23.5476865,-46.6292585,,,,2,2023-06-15T14:12:02+00:00
SAO_3160-10,São Paulo,3550308,True,,32893,,,-23.5473685,-46.629486,,,,2,2023-06-15T14:12:21+00:00
SAO_3160-10,São Paulo,3550308,True,,32893,,,-23.583903499999998,-46.5856135,,,,2,2023-06-15T14:12:02+00:00
SAO_3160-10,São Paulo,3550308,True,,32893,,,-23.583870499999996,-46.585190499999996,,,,2,2023-06-15T14:11:44+00:00
SAO_3160-10,São Paulo,3550308,True,,32893,,,-23.551941,-46.624897,,,,2,2023-06-15T14:11:42+00:00
SAO_3160-10,São Paulo,3550308,True,,32893,,,-23.583925999999998,-46.585930000000005,,,,2,2023-06-15T14:11:42+00:00
SAO_3160-10,São Paulo,3550308,True,,32893,,,-23.5775905,-46.5871075,,,,2,2023-06-15T14:12:20+00:00
SAO_3160-10,São Paulo,3550308,True,,32893,,,-23.583903499999998,-46.5856135,,,,2,2023-06-15T14:12:14+00:00
SAO_938L-10,São Paulo,3550308,True,,34136,,,-23.5154525,-46.6914535,,,,2,2023-06-15T14:12:18+00:00
SAO_938L-10,São Paulo,3550308,True,,34136,,,-23.498760500000003,-46.685218500000005,,,,2,2023-06-15T14:12:14+00:00
SAO_938L-10,São Paulo,3550308,True,,34136,,,-23.4832635,-46.678314,,,,2,2023-06-15T14:11:38+00:00
SAO_938L-10,São Paulo,3550308,True,,34136,,,-23.475628999999998,-46.670974,,,,2,2023-06-15T14:11:39+00:00
SAO_938L-10,São Paulo,3550308,True,,34136,,,-23.475696,-46.670624000000004,,,,2,2023-06-15T14:12:17+00:00
SAO_6051-31,São Paulo,3550308,True,,1606,,,-23.767886500000003,-46.7165485,,,,1,2023-06-15T14:12:18+00:00
SAO_297A-10,São Paulo,3550308,True,,34901,,,-23.5251275,-46.6660255,,,,2,2023-06-15T14:12:15+00:00
SAO_297A-10,São Paulo,3550308,True,,34901,,,-23.50372,-46.6761305,,,,2,2023-06-15T14:11:49+00:00
SAO_297A-10,São Paulo,3550308,True,,34901,,,-23.50774075,-46.678368500000005,,,,2,2023-06-15T14:11:56+00:00
SAO_297A-10,São Paulo,3550308,True,,34901,,,-23.5251275,-46.6660255,,,,2,2023-06-15T14:12:20+00:00
SAO_2523-10,São Paulo,3550308,True,,33018,,,-23.5136725,-46.44525337499999,,,,2,2023-06-15T14:09:01+00:00
SAO_2523-10,São Paulo,3550308,True,,33018,,,-23.517775999999998,-46.432612125000006,,,,2,2023-06-15T14:11:53+00:00
SAO_2523-10,São Paulo,3550308,True,,33018,,,-23.521709,-46.4250055,,,,2,2023-06-15T14:11:47+00:00
SAO_2523-10,São Paulo,3550308,True,,33018,,,-23.5182095,-46.475659,,,,2,2023-06-15T14:12:02+00:00
SAO_2523-10,São Paulo,3550308,True,,33018,,,-23.517386000000002,-46.4759985,,,,2,2023-06-15T14:12:07+00:00
SAO_6825-10,São Paulo,3550308,True,BR7 Mobilidade,14,https://moovitapp.com/index/pt-br/transporte_p%C3%BAblico-line-14-Sao_Paulo-242-851856-183465-0,5.75,-23.685346,-46.800567,,,,1,2023-06-15T14:11:52+00:00
SAO_6825-10,São Paulo,3550308,True,BR7 Mobilidade,14,https://moovitapp.com/index/pt-br/transporte_p%C3%BAblico-line-14-Sao_Paulo-242-851856-183465-0,5.75,-23.6600855,-46.772391,,,,1,2023-06-15T14:11:44+00:00
SAO_6825-10,São Paulo,3550308,True,BR7 Mobilidade,14,https://moovitapp.com/index/pt-br/transporte_p%C3%BAblico-line-14-Sao_Paulo-242-851856-183465-0,5.75,-23.653725,-46.762792000000005,,,,1,2023-06-15T14:11:54+00:00
SAO_6825-10,São Paulo,3550308,True,BR7 Mobilidade,14,https://moovitapp.com/index/pt-br/transporte_p%C3%BAblico-line-14-Sao_Paulo-242-851856-183465-0,5.75,-23.663413,-46.781583999999995,,,,1,2023-06-15T14:12:00+00:00
SAO_6825-10,São Paulo,3550308,True,BR7 Mobilidade,14,https://moovitapp.com/index/pt-br/transporte_p%C3%BAblico-line-14-Sao_Paulo-242-851856-183465-0,5.75,-23.6621345,-46.779826,,,,1,2023-06-15T14:11:54+00:00
SAO_4011-10,São Paulo,3550308,True,,34952,,,-23.60263625,-46.470555000000004,,,,2,2023-06-15T14:11:43+00:00
SAO_4011-10,São Paulo,3550308,True,,34952,,,-23.5978195,-46.458170249999995,,,,2,2023-06-15T14:10:12+00:00
SAO_4011-10,São Paulo,3550308,True,,34952,,,-23.594728,-46.443507,,,,2,2023-06-15T14:12:13+00:00
SAO_4011-10,São Paulo,3550308,True,,34952,,,-23.613228499999998,-46.476530999999994,,,,2,2023-06-15T14:12:12+00:00
SAO_4011-10,São Paulo,3550308,True,,34952,,,-23.6224175,-46.414038500000004,,,,2,2023-06-15T14:12:09+00:00
SAO_4011-10,São Paulo,3550308,True,,34952,,,-23.6135855,-46.423625,,,,2,2023-06-15T14:11:54+00:00
SAO_4011-10,São Paulo,3550308,True,,34952,,,-23.595814750000002,-46.43762475,,,,2,2023-06-15T14:12:19+00:00
SAO_4011-10,São Paulo,3550308,True,,34952,,,-23.618330999999998,-46.421514,,,,2,2023-06-15T14:12:02+00:00
SAO_175P-10,São Paulo,3550308,True,,33443,,,-23.5341365,-46.66170775,,,,2,2023-06-15T14:12:17+00:00
SAO_175P-10,São Paulo,3550308,True,,33443,,,-23.519680625000003,-46.653463625,,,,2,2023-06-15T14:11:52+00:00
SAO_175P-10,São Paulo,3550308,True,,33443,,,-23.553748,-46.671445,,,,2,2023-06-15T14:12:17+00:00
SAO_175P-10,São Paulo,3550308,True,,33443,,,-23.519682875,-46.653135875000004,,,,2,2023-06-15T14:12:15+00:00
SAO_175P-10,São Paulo,3550308,True,,33443,,,-23.50030975,-46.637405375,,,,2,2023-06-15T14:12:14+00:00
SAO_175P-10,São Paulo,3550308,True,,33443,,,-23.50030975,-46.637405375,,,,2,2023-06-15T14:11:50+00:00
SAO_175P-10,São Paulo,3550308,True,,33443,,,-23.53421625,-46.661039125,,,,2,2023-06-15T14:11:51+00:00
SAO_175P-10,São Paulo,3550308,True,,33443,,,-23.586577,-46.634913499999996,,,,2,2023-06-15T14:11:40+00:00
SAO_175P-10,São Paulo,3550308,True,,33443,,,-23.576963250000002,-46.64073325,,,,2,2023-06-15T14:12:11+00:00
SAO_971M-10,São Paulo,3550308,True,,612,,,-23.473402749999998,-46.67138274999999,,,,1,2023-06-15T14:12:03+00:00
SAO_971M-10,São Paulo,3550308,True,,612,,,-23.50091275,-46.625249875,,,,1,2023-06-15T14:12:14+00:00
SAO_971M-10,São Paulo,3550308,True,,612,,,-23.480252999999998,-46.6863405,,,,1,2023-06-15T14:11:49+00:00
SAO_971M-10,São Paulo,3550308,True,,612,,,-23.483169,-46.6316585,,,,1,2023-06-15T14:11:36+00:00
SAO_971M-10,São Paulo,3550308,True,,612,,,-23.48192275,-46.64705875,,,,1,2023-06-15T14:11:01+00:00
SAO_971M-10,São Paulo,3550308,True,,612,,,-23.50092025,-46.624976625,,,,1,2023-06-15T14:11:43+00:00
SAO_971M-10,São Paulo,3550308,True,,612,,,-23.4965555,-46.627765,,,,1,2023-06-15T14:12:08+00:00
SAO_971M-10,São Paulo,3550308,True,,612,,,-23.4757485,-46.66410075,,,,1,2023-06-15T14:11:58+00:00
SAO_975A-10,São Paulo,3550308,True,EMTU,589,https://moovitapp.com/index/pt-br/transporte_p%C3%BAblico-line-589-Sao_Paulo-242-2038937-36419576-0,5.35,-23.508198125,-46.666417,,,,1,2023-06-15T14:12:12+00:00
SAO_975A-10,São Paulo,3550308,True,EMTU,589,https://moovitapp.com/index/pt-br/transporte_p%C3%BAblico-line-589-Sao_Paulo-242-2038937-36419576-0,5.35,-23.5036415,-46.6783905,,,,1,2023-06-15T14:11:47+00:00
SAO_975A-10,São Paulo,3550308,True,EMTU,589,https://moovitapp.com/index/pt-br/transporte_p%C3%BAblico-line-589-Sao_Paulo-242-2038937-36419576-0,5.35,-23.5320205,-46.6610235,,,,1,2023-06-15T14:12:09+00:00
SAO_975A-10,São Paulo,3550308,True,EMTU,589,https://moovitapp.com/index/pt-br/transporte_p%C3%BAblico-line-589-Sao_Paulo-242-2038937-36419576-0,5.35,-23.53508375,-46.666182500000005,,,,1,2023-06-15T14:11:46+00:00
SAO_975A-10,São Paulo,3550308,True,EMTU,589,https://moovitapp.com/index/pt-br/transporte_p%C3%BAblico-line-589-Sao_Paulo-242-2038937-36419576-0,5.35,-23.58123725,-46.63910325,,,,1,2023-06-15T14:11:42+00:00
SAO_975A-10,São Paulo,3550308,True,EMTU,589,https://moovitapp.com/index/pt-br/transporte_p%C3%BAblico-line-589-Sao_Paulo-242-2038937-36419576-0,5.35,-23.505063,-46.6914715,,,,1,2023-06-15T14:11:47+00:00
SAO_975A-10,São Paulo,3550308,True,EMTU,589,https://moovitapp.com/index/pt-br/transporte_p%C3%BAblico-line-589-Sao_Paulo-242-2038937-36419576-0,5.35,-23.559713875,-46.658542000000004,,,,1,2023-06-15T14:11:52+00:00
SAO_975A-10,São Paulo,3550308,True,EMTU,589,https://moovitapp.com/index/pt-br/transporte_p%C3%BAblico-line-589-Sao_Paulo-242-2038937-36419576-0,5.35,-23.4802955,-46.691615999999996,,,,1,2023-06-15T14:11:00+00:00
SAO_637G-10,São Paulo,3550308,True,EMTU,101,https://moovitapp.com/index/pt-br/transporte_p%C3%BAblico-line-101-Sao_Paulo-242-2038937-36419264-0,4.8,-23.7537615,-46.6807515,,,,1,2023-06-15T14:11:58+00:00
SAO_637G-10,São Paulo,3550308,True,EMTU,101,https://moovitapp.com/index/pt-br/transporte_p%C3%BAblico-line-101-Sao_Paulo-242-2038937-36419264-0,4.8,-23.624177500000002,-46.685713500000006,,,,1,2023-06-15T14:12:14+00:00
SAO_637G-10,São Paulo,3550308,True,EMTU,101,https://moovitapp.com/index/pt-br/transporte_p%C3%BAblico-line-101-Sao_Paulo-242-2038937-36419264-0,4.8,-23.652938749999997,-46.701730749999996,,,,1,2023-06-15T14:12:06+00:00
SAO_637G-10,São Paulo,3550308,True,EMTU,101,https://moovitapp.com/index/pt-br/transporte_p%C3%BAblico-line-101-Sao_Paulo-242-2038937-36419264-0,4.8,-23.69680975,-46.701493,,,,1,2023-06-15T14:12:14+00:00
SAO_637G-10,São Paulo,3550308,True,EMTU,101,https://moovitapp.com/index/pt-br/transporte_p%C3%BAblico-line-101-Sao_Paulo-242-2038937-36419264-0,4.8,-23.7537615,-46.6807515,,,,1,2023-06-15T14:05:57+00:00
SAO_637G-10,São Paulo,3550308,True,EMTU,101,https://moovitapp.com/index/pt-br/transporte_p%C3%BAblico-line-101-Sao_Paulo-242-2038937-36419264-0,4.8,-23.680262499999998,-46.7060635,,,,1,2023-06-15T14:10:30+00:00
SAO_637G-10,São Paulo,3550308,True,EMTU,101,https://moovitapp.com/index/pt-br/transporte_p%C3%BAblico-line-101-Sao_Paulo-242-2038937-36419264-0,4.8,-23.58413775,-46.672977249999995,,,,1,2023-06-15T14:12:12+00:00
SAO_637G-10,São Paulo,3550308,True,EMTU,101,https://moovitapp.com/index/pt-br/transporte_p%C3%BAblico-line-101-Sao_Paulo-242-2038937-36419264-0,4.8,-23.7537615,-46.6807515,,,,1,2023-06-15T14:11:49+00:00
SAO_637G-10,São Paulo,3550308,True,EMTU,101,https://moovitapp.com/index/pt-br/transporte_p%C3%BAblico-line-101-Sao_Paulo-242-2038937-36419264-0,4.8,-23.7174195,-46.699020000000004,,,,1,2023-06-15T14:09:43+00:00
SAO_675M-10,São Paulo,3550308,True,ETT,108,https://moovitapp.com/index/pt-br/transporte_p%C3%BAblico-line-108-Sao_Paulo-242-876373-496510-0,5.3,-23.705998,-46.68658925,,,,1,2023-06-15T14:09:38+00:00
SAO_675M-10,São Paulo,3550308,True,ETT,108,https://moovitapp.com/index/pt-br/transporte_p%C3%BAblico-line-108-Sao_Paulo-242-876373-496510-0,5.3,-23.67430325,-46.6781245,,,,1,2023-06-15T14:12:12+00:00
SAO_675M-10,São Paulo,3550308,True,ETT,108,https://moovitapp.com/index/pt-br/transporte_p%C3%BAblico-line-108-Sao_Paulo-242-876373-496510-0,5.3,-23.651473250000002,-46.664956,,,,1,2023-06-15T14:11:41+00:00
SAO_675M-10,São Paulo,3550308,True,ETT,108,https://moovitapp.com/index/pt-br/transporte_p%C3%BAblico-line-108-Sao_Paulo-242-876373-496510-0,5.3,-23.6464165,-46.639399499999996,,,,1,2023-06-15T14:12:01+00:00
SAO_707A-23,São Paulo,3550308,True,,2096,,,-23.62568,-46.682874,,,,1,2023-06-15T14:12:07+00:00
SAO_707A-23,São Paulo,3550308,True,,2096,,,-23.5969325,-46.655863,,,,1,2023-06-15T14:12:04+00:00
SAO_978J-10,São Paulo,3550308,True,EMTU,591,https://moovitapp.com/index/pt-br/transporte_p%C3%BAblico-line-591-Sao_Paulo-242-2038937-36419577-0,5.4,-23.451045,-46.720911,,,,1,2023-06-15T14:12:14+00:00
SAO_978J-10,São Paulo,3550308,True,EMTU,591,https://moovitapp.com/index/pt-br/transporte_p%C3%BAblico-line-591-Sao_Paulo-242-2038937-36419577-0,5.4,-23.53295825,-46.65721775,,,,1,2023-06-15T14:11:50+00:00
SAO_978J-10,São Paulo,3550308,True,EMTU,591,https://moovitapp.com/index/pt-br/transporte_p%C3%BAblico-line-591-Sao_Paulo-242-2038937-36419577-0,5.4,-23.490379,-46.710350250000005,,,,1,2023-06-15T14:11:53+00:00
SAO_978J-10,São Paulo,3550308,True,EMTU,591,https://moovitapp.com/index/pt-br/transporte_p%C3%BAblico-line-591-Sao_Paulo-242-2038937-36419577-0,5.4,-23.51827025,-46.69964175,,,,1,2023-06-15T14:12:02+00:00
SAO_978J-10,São Paulo,3550308,True,EMTU,591,https://moovitapp.com/index/pt-br/transporte_p%C3%BAblico-line-591-Sao_Paulo-242-2038937-36419577-0,5.4,-23.53506275,-46.644746999999995,,,,1,2023-06-15T14:11:37+00:00
SAO_978J-10,São Paulo,3550308,True,EMTU,591,https://moovitapp.com/index/pt-br/transporte_p%C3%BAblico-line-591-Sao_Paulo-242-2038937-36419577-0,5.4,-23.529934187499997,-46.667448875,,,,1,2023-06-15T14:12:10+00:00
SAO_6110-10,São Paulo,3550308,True,,1184,,,-23.660805,-46.67940575,,,,1,2023-06-15T14:11:39+00:00
SAO_6110-10,São Paulo,3550308,True,,1184,,,-23.642775999999998,-46.672351,,,,1,2023-06-15T14:12:18+00:00
SAO_6110-10,São Paulo,3550308,True,,1184,,,-23.748918249999996,-46.709053749999995,,,,1,2023-06-15T14:12:04+00:00
SAO_6110-10,São Paulo,3550308,True,,1184,,,-23.62369875,-46.6615745,,,,1,2023-06-15T14:12:04+00:00
SAO_6110-10,São Paulo,3550308,True,,1184,,,-23.6784805,-46.684785500000004,,,,1,2023-06-15T14:11:59+00:00
SAO_6110-10,São Paulo,3550308,True,,1184,,,-23.6914455,-46.698094499999996,,,,1,2023-06-15T14:11:55+00:00
SAO_6110-10,São Paulo,3550308,True,,1184,,,-23.62491625,-46.661489,,,,1,2023-06-15T14:12:19+00:00
SAO_6110-10,São Paulo,3550308,True,,1184,,,-23.7151,-46.698939499999994,,,,1,2023-06-15T14:12:18+00:00
SAO_6110-10,São Paulo,3550308,True,,1184,,,-23.731271,-46.7164145,,,,1,2023-06-15T14:11:40+00:00
SAO_6110-10,São Paulo,3550308,True,,1184,,,-23.6393025,-46.673045,,,,1,2023-06-15T14:11:56+00:00
SAO_6110-10,São Paulo,3550308,True,,1184,,,-23.62267575,-46.661668875000004,,,,1,2023-06-15T14:11:52+00:00
SAO_4033-10,São Paulo,3550308,True,,1103,,,-23.600794999999998,-46.5274895,,,,1,2023-06-15T14:12:05+00:00
SAO_4033-10,São Paulo,3550308,True,,1103,,,-23.619987000000002,-46.4442025,,,,1,2023-06-15T14:11:46+00:00
SAO_4033-10,São Paulo,3550308,True,,1103,,,-23.6144385,-46.499078375,,,,1,2023-06-15T14:12:09+00:00
SAO_4033-10,São Paulo,3550308,True,,1103,,,-23.6255375,-46.463149,,,,1,2023-06-15T14:11:49+00:00
SAO_4033-10,São Paulo,3550308,True,,1103,,,-23.610014375,-46.50135525,,,,1,2023-06-15T14:11:43+00:00
SAO_4033-10,São Paulo,3550308,True,,1103,,,-23.622861,-46.46194,,,,1,2023-06-15T14:11:48+00:00
SAO_4033-10,São Paulo,3550308,True,,1103,,,-23.602214500000002,-46.538412,,,,1,2023-06-15T14:11:43+00:00
SAO_4033-10,São Paulo,3550308,True,,1103,,,-23.5980775,-46.5109945,,,,1,2023-06-15T14:11:58+00:00
SAO_4033-10,São Paulo,3550308,True,,1103,,,-23.595152499999998,-46.503015500000004,,,,1,2023-06-15T14:11:56+00:00
SAO_3761-10,São Paulo,3550308,True,,33819,,,-23.601321,-46.470779,,,,2,2023-06-15T14:12:22+00:00
SAO_3761-10,São Paulo,3550308,True,,33819,,,-23.59481075,-46.449171500000006,,,,2,2023-06-15T14:12:04+00:00
SAO_3761-10,São Paulo,3550308,True,,33819,,,-23.61803925,-46.42337725,,,,2,2023-06-15T14:11:45+00:00
SAO_3761-10,São Paulo,3550308,True,,33819,,,-23.61839375,-46.42342575,,,,2,2023-06-15T14:11:55+00:00
SAO_3761-10,São Paulo,3550308,True,,33819,,,-23.61803925,-46.42337725,,,,2,2023-06-15T14:11:46+00:00
SAO_3761-10,São Paulo,3550308,True,,33819,,,-23.5816895,-46.49187,,,,2,2023-06-15T14:11:40+00:00
SAO_3761-10,São Paulo,3550308,True,,33819,,,-23.538321,-46.563010000000006,,,,2,2023-06-15T14:11:41+00:00
SAO_3761-10,São Paulo,3550308,True,,33819,,,-23.613863000000002,-46.423401999999996,,,,2,2023-06-15T14:12:11+00:00
SAO_3761-10,São Paulo,3550308,True,,33819,,,-23.5961105,-46.475842,,,,2,2023-06-15T14:12:17+00:00
SAO_3761-10,São Paulo,3550308,True,,33819,,,-23.54924975,-46.525068000000005,,,,2,2023-06-15T14:11:50+00:00
SAO_971R-10,São Paulo,3550308,True,,614,,,-23.453456,-46.699169,,,,1,2023-06-15T14:11:59+00:00
SAO_971R-10,São Paulo,3550308,True,,614,,,-23.4338165,-46.720926500000004,,,,1,2023-06-15T14:12:15+00:00
SAO_971R-10,São Paulo,3550308,True,,614,,,-23.464514,-46.679869,,,,1,2023-06-15T14:12:19+00:00
SAO_971R-10,São Paulo,3550308,True,,614,,,-23.50024575,-46.63400925,,,,1,2023-06-15T14:11:59+00:00
SAO_971R-10,São Paulo,3550308,True,,614,,,-23.437585625,-46.710863,,,,1,2023-06-15T14:11:59+00:00
SAO_971R-10,São Paulo,3550308,True,,614,,,-23.50020225,-46.63184675,,,,1,2023-06-15T14:12:09+00:00
SAO_971R-10,São Paulo,3550308,True,,614,,,-23.475507999999998,-46.664567500000004,,,,1,2023-06-15T14:12:08+00:00
SAO_971R-10,São Paulo,3550308,True,,614,,,-23.501604,-46.624865,,,,1,2023-06-15T14:11:44+00:00
SAO_971R-10,São Paulo,3550308,True,,614,,,-23.5020025,-46.6254745,,,,1,2023-06-15T14:11:53+00:00
SAO_971R-10,São Paulo,3550308,True,,614,,,-23.488525000000003,-46.651576,,,,1,2023-06-15T14:11:44+00:00
SAO_971R-10,São Paulo,3550308,True,,614,,,-23.483583250000002,-46.65385925,,,,1,2023-06-15T14:11:38+00:00
SAO_971R-10,São Paulo,3550308,True,,614,,,-23.474271,-46.668220250000005,,,,1,2023-06-15T14:12:03+00:00
SAO_971R-10,São Paulo,3550308,True,,614,,,-23.5020055,-46.625392000000005,,,,1,2023-06-15T14:11:45+00:00
SAO_971R-10,São Paulo,3550308,True,,614,,,-23.454421500000002,-46.7374495,,,,1,2023-06-15T14:12:05+00:00
SAO_971R-10,São Paulo,3550308,True,,614,,,-23.454421500000002,-46.7374495,,,,1,2023-06-15T14:12:21+00:00
SAO_971R-10,São Paulo,3550308,True,,614,,,-23.4530415,-46.737204,,,,1,2023-06-15T14:11:59+00:00
SAO_7062-10,São Paulo,3550308,True,,34666,,,-23.646065,-46.772230500000006,,,,2,2023-06-15T14:11:56+00:00
SAO_7062-10,São Paulo,3550308,True,,34666,,,-23.6309525,-46.7732975,,,,2,2023-06-15T14:11:44+00:00
SAO_7062-10,São Paulo,3550308,True,,34666,,,-23.645773,-46.771611500000006,,,,2,2023-06-15T14:11:53+00:00
SAO_7062-10,São Paulo,3550308,True,,34666,,,-23.646267,-46.7724425,,,,2,2023-06-15T14:12:23+00:00
SAO_5318-10,São Paulo,3550308,True,,45,,,-23.670713,-46.7452495,,,,1,2023-06-15T14:12:03+00:00
SAO_5318-10,São Paulo,3550308,True,,45,,,-23.667381499999998,-46.752379499999996,,,,1,2023-06-15T14:12:23+00:00
SAO_5318-10,São Paulo,3550308,True,,45,,,-23.65449825,-46.73557825,,,,1,2023-06-15T14:12:18+00:00
SAO_5318-10,São Paulo,3550308,True,,45,,,-23.655422625,-46.735811125,,,,1,2023-06-15T14:12:14+00:00
SAO_5318-10,São Paulo,3550308,True,,45,,,-23.6492395,-46.73245,,,,1,2023-06-15T14:12:05+00:00
SAO_5318-10,São Paulo,3550308,True,,45,,,-23.5523635,-46.6367345,,,,1,2023-06-15T14:12:18+00:00
SAO_5318-10,São Paulo,3550308,True,,45,,,-23.576646,-46.6433235,,,,1,2023-06-15T14:12:13+00:00
SAO_5318-10,São Paulo,3550308,True,,45,,,-23.63865675,-46.6964605,,,,1,2023-06-15T14:11:59+00:00
SAO_5318-10,São Paulo,3550308,True,,45,,,-23.634276749999998,-46.71253725,,,,1,2023-06-15T14:12:16+00:00
SAO_5318-10,São Paulo,3550308,True,,45,,,-23.6485705,-46.732006,,,,1,2023-06-15T14:11:52+00:00
SAO_5318-10,São Paulo,3550308,True,,45,,,-23.6539325,-46.7352655,,,,1,2023-06-15T14:11:49+00:00
SAO_5318-10,São Paulo,3550308,True,,45,,,-23.618677749999996,-46.676332625,,,,1,2023-06-15T14:12:01+00:00
SAO_5757-51,São Paulo,3550308,True,,34744,,,-23.635112499999998,-46.640995000000004,,,,2,2023-06-15T14:11:48+00:00
SAO_5757-51,São Paulo,3550308,True,,34744,,,-23.65017525,-46.64708525,,,,2,2023-06-15T14:11:56+00:00
SAO_5757-51,São Paulo,3550308,True,,34744,,,-23.6980635,-46.6480815,,,,2,2023-06-15T14:12:20+00:00
SAO_5757-51,São Paulo,3550308,True,,34744,,,-23.6677745,-46.65292325,,,,2,2023-06-15T14:11:52+00:00
SAO_5757-51,São Paulo,3550308,True,,34744,,,-23.635112499999998,-46.640995000000004,,,,2,2023-06-15T14:12:07+00:00
SAO_5757-51,São Paulo,3550308,True,,34744,,,-23.635112499999998,-46.640995000000004,,,,2,2023-06-15T14:12:16+00:00
SAO_5757-51,São Paulo,3550308,True,,34744,,,-23.6587935,-46.6524875,,,,2,2023-06-15T14:11:39+00:00
SAO_5757-51,São Paulo,3550308,True,,34744,,,-23.6997785,-46.646700499999994,,,,2,2023-06-15T14:11:41+00:00
SAO_5757-51,São Paulo,3550308,True,,34744,,,-23.635112499999998,-46.640995000000004,,,,2,2023-06-15T14:12:17+00:00
SAO_8012-10,São Paulo,3550308,True,,2023,,,-23.568141,-46.7400545,,,,1,2023-06-15T14:11:51+00:00
SAO_8012-10,São Paulo,3550308,True,,2023,,,-23.562538500000002,-46.722794,,,,1,2023-06-15T14:12:12+00:00
SAO_8012-10,São Paulo,3550308,True,,2023,,,-23.559756999999998,-46.742256999999995,,,,1,2023-06-15T14:11:48+00:00
SAO_8012-10,São Paulo,3550308,True,,2023,,,-23.568925375,-46.708385875000005,,,,1,2023-06-15T14:11:56+00:00
SAO_478P-10,São Paulo,3550308,True,,33117,,,-23.629079,-46.598518,,,,2,2023-06-15T14:12:15+00:00
SAO_478P-10,São Paulo,3550308,True,,33117,,,-23.5461925,-46.681565500000005,,,,2,2023-06-15T14:10:55+00:00
SAO_478P-10,São Paulo,3550308,True,,33117,,,-23.571849,-46.64370825,,,,2,2023-06-15T14:12:11+00:00
SAO_478P-10,São Paulo,3550308,True,,33117,,,-23.57615825,-46.61075675,,,,2,2023-06-15T14:12:11+00:00
SAO_5178-10,São Paulo,3550308,True,,595,,,-23.553067749999997,-46.63509125,,,,1,2023-06-15T14:12:16+00:00
SAO_5178-10,São Paulo,3550308,True,,595,,,-23.6558755,-46.666036500000004,,,,1,2023-06-15T14:11:37+00:00
SAO_5178-10,São Paulo,3550308,True,,595,,,-23.68926525,-46.63648,,,,1,2023-06-15T14:12:00+00:00
SAO_5178-10,São Paulo,3550308,True,,595,,,-23.645794,-46.671467,,,,1,2023-06-15T14:12:01+00:00
SAO_5178-10,São Paulo,3550308,True,,595,,,-23.614128,-46.658565,,,,1,2023-06-15T14:12:18+00:00
SAO_5178-10,São Paulo,3550308,True,,595,,,-23.6771545,-46.641595499999994,,,,1,2023-06-15T14:11:05+00:00
SAO_5178-10,São Paulo,3550308,True,,595,,,-23.574493500000003,-46.656222,,,,1,2023-06-15T14:11:45+00:00
SAO_5178-10,São Paulo,3550308,True,,595,,,-23.591013,-46.650752499999996,,,,1,2023-06-15T14:12:20+00:00
SAO_775A-10,São Paulo,3550308,True,EMTU,473,https://moovitapp.com/index/pt-br/transporte_p%C3%BAblico-line-473-Sao_Paulo-242-2038937-36419509-0,7.55,-23.578884000000002,-46.749541,,,,1,2023-06-15T14:11:42+00:00
SAO_775A-10,São Paulo,3550308,True,EMTU,473,https://moovitapp.com/index/pt-br/transporte_p%C3%BAblico-line-473-Sao_Paulo-242-2038937-36419509-0,7.55,-23.575131,-46.729327,,,,1,2023-06-15T14:12:14+00:00
SAO_2722-10,São Paulo,3550308,True,,33703,,,-23.512731,-46.503159999999994,,,,2,2023-06-15T14:12:06+00:00
SAO_2722-10,São Paulo,3550308,True,,33703,,,-23.524154749999997,-46.512917,,,,2,2023-06-15T14:11:57+00:00
SAO_2722-10,São Paulo,3550308,True,,33703,,,-23.487959500000002,-46.5025135,,,,2,2023-06-15T14:11:54+00:00
SAO_2722-10,São Paulo,3550308,True,,33703,,,-23.49270225,-46.4947205,,,,2,2023-06-15T14:10:33+00:00
SAO_2722-10,São Paulo,3550308,True,,33703,,,-23.4905365,-46.49019025,,,,2,2023-06-15T14:11:59+00:00
SAO_2722-10,São Paulo,3550308,True,,33703,,,-23.4905365,-46.49019025,,,,2,2023-06-15T14:11:52+00:00
SAO_2722-10,São Paulo,3550308,True,,33703,,,-23.5068585,-46.494322499999996,,,,2,2023-06-15T14:12:12+00:00
SAO_2722-10,São Paulo,3550308,True,,33703,,,-23.4930925,-46.49988925,,,,2,2023-06-15T14:11:53+00:00
SAO_2731-10,São Paulo,3550308,True,,946,,,-23.5298835,-46.452235625,,,,1,2023-06-15T14:06:17+00:00
SAO_2731-10,São Paulo,3550308,True,,946,,,-23.515335,-46.432832875,,,,1,2023-06-15T14:10:50+00:00
SAO_2731-10,São Paulo,3550308,True,,946,,,-23.52875425,-46.45043025,,,,1,2023-06-15T14:09:39+00:00
SAO_2731-10,São Paulo,3550308,True,,946,,,-23.516694,-46.437929,,,,1,2023-06-15T14:10:11+00:00
SAO_2731-10,São Paulo,3550308,True,,946,,,-23.5294375,-46.451582125,,,,1,2023-06-15T14:12:12+00:00
SAO_2731-10,São Paulo,3550308,True,,946,,,-23.518249,-46.439041,,,,1,2023-06-15T14:11:00+00:00
SAO_2731-10,São Paulo,3550308,True,,946,,,-23.526386,-46.4459665,,,,1,2023-06-15T14:12:08+00:00
SAO_8594-10,São Paulo,3550308,True,EMTU,432,https://moovitapp.com/index/pt-br/transporte_p%C3%BAblico-line-432-Sao_Paulo-242-2038937-36419486-0,4.8,-23.499159499999998,-46.706876,,,,1,2023-06-15T14:11:59+00:00
SAO_8594-10,São Paulo,3550308,True,EMTU,432,https://moovitapp.com/index/pt-br/transporte_p%C3%BAblico-line-432-Sao_Paulo-242-2038937-36419486-0,4.8,-23.547847500000003,-46.6420095,,,,1,2023-06-15T14:12:00+00:00
SAO_8594-10,São Paulo,3550308,True,EMTU,432,https://moovitapp.com/index/pt-br/transporte_p%C3%BAblico-line-432-Sao_Paulo-242-2038937-36419486-0,4.8,-23.4976375,-46.7069665,,,,1,2023-06-15T14:12:03+00:00
SAO_8594-10,São Paulo,3550308,True,EMTU,432,https://moovitapp.com/index/pt-br/transporte_p%C3%BAblico-line-432-Sao_Paulo-242-2038937-36419486-0,4.8,-23.547871999999998,-46.642169499999994,,,,1,2023-06-15T14:12:03+00:00
SAO_8594-10,São Paulo,3550308,True,EMTU,432,https://moovitapp.com/index/pt-br/transporte_p%C3%BAblico-line-432-Sao_Paulo-242-2038937-36419486-0,4.8,-23.4497675,-46.7300295,,,,1,2023-06-15T14:11:43+00:00
SAO_8594-10,São Paulo,3550308,True,EMTU,432,https://moovitapp.com/index/pt-br/transporte_p%C3%BAblico-line-432-Sao_Paulo-242-2038937-36419486-0,4.8,-23.54217725,-46.643353999999995,,,,1,2023-06-15T14:11:57+00:00
SAO_8594-10,São Paulo,3550308,True,EMTU,432,https://moovitapp.com/index/pt-br/transporte_p%C3%BAblico-line-432-Sao_Paulo-242-2038937-36419486-0,4.8,-23.516236999999997,-46.698377,,,,1,2023-06-15T14:12:05+00:00
SAO_8594-10,São Paulo,3550308,True,EMTU,432,https://moovitapp.com/index/pt-br/transporte_p%C3%BAblico-line-432-Sao_Paulo-242-2038937-36419486-0,4.8,-23.532265000000002,-46.662443749999994,,,,1,2023-06-15T14:12:19+00:00
SAO_8594-10,São Paulo,3550308,True,EMTU,432,https://moovitapp.com/index/pt-br/transporte_p%C3%BAblico-line-432-Sao_Paulo-242-2038937-36419486-0,4.8,-23.457569499999998,-46.7192765,,,,1,2023-06-15T14:12:06+00:00
SAO_8594-10,São Paulo,3550308,True,EMTU,432,https://moovitapp.com/index/pt-br/transporte_p%C3%BAblico-line-432-Sao_Paulo-242-2038937-36419486-0,4.8,-23.524919125000004,-46.699054749999995,,,,1,2023-06-15T14:12:05+00:00
SAO_8594-10,São Paulo,3550308,True,EMTU,432,https://moovitapp.com/index/pt-br/transporte_p%C3%BAblico-line-432-Sao_Paulo-242-2038937-36419486-0,4.8,-23.4824445,-46.7176465,,,,1,2023-06-15T14:11:52+00:00
SAO_8594-10,São Paulo,3550308,True,EMTU,432,https://moovitapp.com/index/pt-br/transporte_p%C3%BAblico-line-432-Sao_Paulo-242-2038937-36419486-0,4.8,-23.544208,-46.644346,,,,1,2023-06-15T14:11:57+00:00
SAO_312N-10,São Paulo,3550308,True,,990,,,-23.503266,-46.41129275,,,,1,2023-06-15T14:10:59+00:00
SAO_312N-10,São Paulo,3550308,True,,990,,,-23.4910635,-46.441517,,,,1,2023-06-15T14:12:07+00:00
SAO_312N-10,São Paulo,3550308,True,,990,,,-23.564494500000002,-46.408716999999996,,,,1,2023-06-15T14:11:39+00:00
SAO_312N-10,São Paulo,3550308,True,,990,,,-23.4910545,-46.441593999999995,,,,1,2023-06-15T14:11:43+00:00
SAO_312N-10,São Paulo,3550308,True,,990,,,-23.501340499999998,-46.41124075,,,,1,2023-06-15T14:11:43+00:00
SAO_312N-10,São Paulo,3550308,True,,990,,,-23.509287999999998,-46.4144215,,,,1,2023-06-15T14:12:06+00:00
SAO_312N-10,São Paulo,3550308,True,,990,,,-23.5832305,-46.4076015,,,,1,2023-06-15T14:11:41+00:00
SAO_312N-10,São Paulo,3550308,True,,990,,,-23.5240775,-46.399463999999995,,,,1,2023-06-15T14:11:49+00:00
SAO_312N-10,São Paulo,3550308,True,,990,,,-23.4910945,-46.441233999999994,,,,1,2023-06-15T14:12:18+00:00
SAO_312N-10,São Paulo,3550308,True,,990,,,-23.555324,-46.40099,,,,1,2023-06-15T14:10:00+00:00
SAO_312N-10,São Paulo,3550308,True,,990,,,-23.571377499999997,-46.399178000000006,,,,1,2023-06-15T14:12:12+00:00
SAO_312N-10,São Paulo,3550308,True,,990,,,-23.538361000000002,-46.4072275,,,,1,2023-06-15T14:11:54+00:00
SAO_8025-10,São Paulo,3550308,True,,2076,,,-23.59203575,-46.735672,,,,1,2023-06-15T14:12:07+00:00
SAO_8025-10,São Paulo,3550308,True,,2076,,,-23.586558625000002,-46.755622375,,,,1,2023-06-15T14:11:30+00:00
SAO_8025-10,São Paulo,3550308,True,,2076,,,-23.594909,-46.761022499999996,,,,1,2023-06-15T14:12:12+00:00
SAO_8025-10,São Paulo,3550308,True,,2076,,,-23.593565875,-46.736573625000005,,,,1,2023-06-15T14:12:00+00:00
SAO_874C-10,São Paulo,3550308,True,,477,,,-23.5408075,-46.701162249999996,,,,1,2023-06-15T14:12:17+00:00
SAO_874C-10,São Paulo,3550308,True,,477,,,-23.5469285,-46.7609265,,,,1,2023-06-15T14:12:05+00:00
SAO_874C-10,São Paulo,3550308,True,,477,,,-23.555031,-46.66882125,,,,1,2023-06-15T14:12:09+00:00
SAO_874C-10,São Paulo,3550308,True,,477,,,-23.5483175,-46.73718725,,,,1,2023-06-15T14:11:40+00:00
SAO_874C-10,São Paulo,3550308,True,,477,,,-23.547999625,-46.749278625,,,,1,2023-06-15T14:11:46+00:00
SAO_4013-10,São Paulo,3550308,True,,2186,,,-23.612038499999997,-46.4762595,,,,1,2023-06-15T14:11:57+00:00
SAO_4013-10,São Paulo,3550308,True,,2186,,,-23.611307500000002,-46.475449,,,,1,2023-06-15T14:12:09+00:00
SAO_4013-10,São Paulo,3550308,True,,2186,,,-23.622589,-46.44684975,,,,1,2023-06-15T14:11:43+00:00
SAO_4013-10,São Paulo,3550308,True,,2186,,,-23.611989,-46.473779,,,,1,2023-06-15T14:12:11+00:00
SAO_4013-10,São Paulo,3550308,True,,2186,,,-23.62591175,-46.4598055,,,,1,2023-06-15T14:12:04+00:00
SAO_4013-10,São Paulo,3550308,True,,2186,,,-23.625161499999997,-46.4617695,,,,1,2023-06-15T14:12:17+00:00
SAO_2704-10,São Paulo,3550308,True,,916,,,-23.532367,-46.45353425,,,,1,2023-06-15T14:10:48+00:00
SAO_2704-10,São Paulo,3550308,True,,916,,,-23.5294375,-46.451582125,,,,1,2023-06-15T14:11:40+00:00
SAO_2704-10,São Paulo,3550308,True,,916,,,-23.526659000000002,-46.409887999999995,,,,1,2023-06-15T14:12:07+00:00
SAO_2704-10,São Paulo,3550308,True,,916,,,-23.52068275,-46.412412,,,,1,2023-06-15T14:10:37+00:00
SAO_2704-10,São Paulo,3550308,True,,916,,,-23.520958,-46.4417105,,,,1,2023-06-15T14:12:13+00:00
SAO_2704-10,São Paulo,3550308,True,,916,,,-23.5122585,-46.427502000000004,,,,1,2023-06-15T14:12:20+00:00
SAO_3742-10,São Paulo,3550308,True,,33810,,,-23.541299000000002,-46.456334125000005,,,,2,2023-06-15T14:11:51+00:00
SAO_3742-10,São Paulo,3550308,True,,33810,,,-23.604736000000003,-46.4346285,,,,2,2023-06-15T14:11:43+00:00
SAO_3742-10,São Paulo,3550308,True,,33810,,,-23.604736000000003,-46.4346285,,,,2,2023-06-15T14:12:20+00:00
SAO_3742-10,São Paulo,3550308,True,,33810,,,-23.599110500000002,-46.437740500000004,,,,2,2023-06-15T14:12:04+00:00
SAO_3742-10,São Paulo,3550308,True,,33810,,,-23.553941375,-46.446207,,,,2,2023-06-15T14:12:12+00:00
SAO_3742-10,São Paulo,3550308,True,,33810,,,-23.6044225,-46.434561,,,,2,2023-06-15T14:11:54+00:00
SAO_3742-10,São Paulo,3550308,True,,33810,,,-23.589228499999997,-46.4428155,,,,2,2023-06-15T14:12:22+00:00
SAO_6008-10,São Paulo,3550308,True,,1200,,,-23.668022999999998,-46.732234500000004,,,,1,2023-06-15T14:12:20+00:00
SAO_6008-10,São Paulo,3550308,True,,1200,,,-23.6676655,-46.72998425,,,,1,2023-06-15T14:11:39+00:00
SAO_6008-10,São Paulo,3550308,True,,1200,,,-23.6840925,-46.7617525,,,,1,2023-06-15T14:11:44+00:00
SAO_6008-10,São Paulo,3550308,True,,1200,,,-23.6735535,-46.734262,,,,1,2023-06-15T14:11:59+00:00
SAO_6008-10,São Paulo,3550308,True,,1200,,,-23.665815000000002,-46.7117615,,,,1,2023-06-15T14:12:18+00:00
SAO_6008-10,São Paulo,3550308,True,,1200,,,-23.6767215,-46.73422275,,,,1,2023-06-15T14:12:12+00:00
SAO_6008-10,São Paulo,3550308,True,,1200,,,-23.671093,-46.73451,,,,1,2023-06-15T14:12:00+00:00
SAO_4734-10,São Paulo,3550308,True,,1109,,,-23.625389,-46.61914625,,,,1,2023-06-15T14:12:06+00:00
SAO_4734-10,São Paulo,3550308,True,,1109,,,-23.629141,-46.618639,,,,1,2023-06-15T14:12:05+00:00
SAO_4734-10,São Paulo,3550308,True,,1109,,,-23.635481,-46.614987,,,,1,2023-06-15T14:11:36+00:00
SAO_4734-10,São Paulo,3550308,True,,1109,,,-23.637736,-46.608392,,,,1,2023-06-15T14:11:40+00:00
SAO_4734-10,São Paulo,3550308,True,,1109,,,-23.647494000000002,-46.61273,,,,1,2023-06-15T14:11:55+00:00
SAO_4734-10,São Paulo,3550308,True,,1109,,,-23.6358665,-46.614638,,,,1,2023-06-15T14:11:58+00:00
SAO_4734-10,São Paulo,3550308,True,,1109,,,-23.638016999999998,-46.6135095,,,,1,2023-06-15T14:11:47+00:00
SAO_4734-10,São Paulo,3550308,True,,1109,,,-23.625893124999997,-46.62190725000001,,,,1,2023-06-15T14:12:16+00:00
SAO_4734-10,São Paulo,3550308,True,,1109,,,-23.641973,-46.607001,,,,1,2023-06-15T14:12:15+00:00
SAO_4734-10,São Paulo,3550308,True,,1109,,,-23.639335000000003,-46.613416,,,,1,2023-06-15T14:12:16+00:00
SAO_4734-10,São Paulo,3550308,True,,1109,,,-23.6414715,-46.610838,,,,1,2023-06-15T14:12:21+00:00
SAO_4734-10,São Paulo,3550308,True,,1109,,,-23.6304995,-46.617905,,,,1,2023-06-15T14:11:50+00:00
SAO_4734-10,São Paulo,3550308,True,,1109,,,-23.641973,-46.607001,,,,1,2023-06-15T14:11:45+00:00
SAO_5175-10,São Paulo,3550308,True,,33361,,,-23.68072375,-46.65413975,,,,2,2023-06-15T14:03:16+00:00
SAO_5175-10,São Paulo,3550308,True,,33361,,,-23.702181500000002,-46.650177,,,,2,2023-06-15T14:11:08+00:00
SAO_5175-10,São Paulo,3550308,True,,33361,,,-23.702581000000002,-46.6501255,,,,2,2023-06-15T14:12:02+00:00
SAO_5175-10,São Paulo,3550308,True,,33361,,,-23.604923,-46.6517575,,,,2,2023-06-15T14:11:24+00:00
SAO_5175-10,São Paulo,3550308,True,,33361,,,-23.7024185,-46.6501495,,,,2,2023-06-15T14:12:06+00:00
SAO_5175-10,São Paulo,3550308,True,,33361,,,-23.5505945,-46.635301,,,,2,2023-06-15T14:11:48+00:00
SAO_5175-10,São Paulo,3550308,True,,33361,,,-23.560762,-46.643633625,,,,2,2023-06-15T14:11:50+00:00
SAO_5175-10,São Paulo,3550308,True,,33361,,,-23.65913975,-46.6795975,,,,2,2023-06-15T14:12:16+00:00
SAO_5175-10,São Paulo,3550308,True,,33361,,,-23.57163975,-46.653099749999996,,,,2,2023-06-15T14:11:44+00:00
SAO_5175-10,São Paulo,3550308,True,,33361,,,-23.627580000000002,-46.661883,,,,2,2023-06-15T14:12:11+00:00
SAO_5175-10,São Paulo,3550308,True,,33361,,,-23.675676,-46.66063125,,,,2,2023-06-15T14:11:49+00:00
SAO_5175-10,São Paulo,3550308,True,,33361,,,-23.592185999999998,-46.650962500000006,,,,2,2023-06-15T14:12:15+00:00
SAO_5175-10,São Paulo,3550308,True,,33361,,,-23.554430500000002,-46.638824125,,,,2,2023-06-15T14:12:03+00:00
SAO_5175-10,São Paulo,3550308,True,,33361,,,-23.65942225,-46.6795805,,,,2,2023-06-15T14:12:06+00:00
SAO_5175-10,São Paulo,3550308,True,,33361,,,-23.5505945,-46.635301,,,,2,2023-06-15T14:09:47+00:00
SAO_5175-10,São Paulo,3550308,True,,33361,,,-23.702181500000002,-46.650177,,,,2,2023-06-15T14:11:37+00:00
SAO_745M-10,São Paulo,3550308,True,,782,,,-23.666076875,-46.715127249999995,,,,1,2023-06-15T14:12:12+00:00
SAO_745M-10,São Paulo,3550308,True,,782,,,-23.662036,-46.769057000000004,,,,1,2023-06-15T14:12:12+00:00
SAO_745M-10,São Paulo,3550308,True,,782,,,-23.6692205,-46.735417999999996,,,,1,2023-06-15T14:12:21+00:00
SAO_745M-10,São Paulo,3550308,True,,782,,,-23.67429875,-46.783946,,,,1,2023-06-15T14:11:56+00:00
SAO_745M-10,São Paulo,3550308,True,,782,,,-23.629560750000003,-46.765392500000004,,,,1,2023-06-15T14:12:12+00:00
SAO_745M-10,São Paulo,3550308,True,,782,,,-23.666019374999998,-46.71452225,,,,1,2023-06-15T14:12:01+00:00
SAO_745M-10,São Paulo,3550308,True,,782,,,-23.6815845,-46.6943925,,,,1,2023-06-15T14:11:38+00:00
SAO_745M-10,São Paulo,3550308,True,,782,,,-23.6711235,-46.740194,,,,1,2023-06-15T14:12:06+00:00
SAO_745M-10,São Paulo,3550308,True,,782,,,-23.6677875,-46.730561,,,,1,2023-06-15T14:11:45+00:00
SAO_745M-10,São Paulo,3550308,True,,782,,,-23.667816000000002,-46.7312965,,,,1,2023-06-15T14:11:42+00:00
SAO_745M-10,São Paulo,3550308,True,,782,,,-23.6756625,-46.748854,,,,1,2023-06-15T14:12:17+00:00
SAO_745M-10,São Paulo,3550308,True,,782,,,-23.64765,-46.778988999999996,,,,1,2023-06-15T14:11:58+00:00
SAO_745M-10,São Paulo,3550308,True,,782,,,-23.6702235,-46.764741,,,,1,2023-06-15T14:12:16+00:00
SAO_271A-10,São Paulo,3550308,True,,33470,,,-23.5138255,-46.5712495,,,,2,2023-06-15T14:12:12+00:00
SAO_271A-10,São Paulo,3550308,True,,33470,,,-23.519537999999997,-46.546806000000004,,,,2,2023-06-15T14:12:05+00:00
SAO_271A-10,São Paulo,3550308,True,,33470,,,-23.5138255,-46.5712495,,,,2,2023-06-15T14:11:37+00:00
SAO_271A-10,São Paulo,3550308,True,,33470,,,-23.527596000000003,-46.58483725000001,,,,2,2023-06-15T14:11:46+00:00
SAO_271A-10,São Paulo,3550308,True,,33470,,,-23.5054305,-46.5731725,,,,2,2023-06-15T14:11:55+00:00
SAO_271A-10,São Paulo,3550308,True,,33470,,,-23.502088999999998,-46.616191,,,,2,2023-06-15T14:12:01+00:00
SAO_6450-10,São Paulo,3550308,True,,59,,,-23.6337045,-46.692746,,,,1,2023-06-15T14:11:52+00:00
SAO_6450-10,São Paulo,3550308,True,,59,,,-23.5985795,-46.673832000000004,,,,1,2023-06-15T14:11:57+00:00
SAO_6450-10,São Paulo,3550308,True,,59,,,-23.61499175,-46.6793665,,,,1,2023-06-15T14:11:58+00:00
SAO_6450-10,São Paulo,3550308,True,,59,,,-23.650515750000004,-46.756511625,,,,1,2023-06-15T14:11:55+00:00
SAO_6450-10,São Paulo,3550308,True,,59,,,-23.595483,-46.6730785,,,,1,2023-06-15T14:11:54+00:00
SAO_6450-10,São Paulo,3550308,True,,59,,,-23.644848500000002,-46.72298375,,,,1,2023-06-15T14:11:46+00:00
SAO_6450-10,São Paulo,3550308,True,,59,,,-23.6003935,-46.6738945,,,,1,2023-06-15T14:12:10+00:00
SAO_6450-10,São Paulo,3550308,True,,59,,,-23.638920249999998,-46.696384,,,,1,2023-06-15T14:12:22+00:00
SAO_6450-10,São Paulo,3550308,True,,59,,,-23.6487995,-46.749903,,,,1,2023-06-15T14:12:20+00:00
SAO_6450-10,São Paulo,3550308,True,,59,,,-23.624449,-46.6858985,,,,1,2023-06-15T14:12:14+00:00
SAO_6450-10,São Paulo,3550308,True,,59,,,-23.649037,-46.7542395,,,,1,2023-06-15T14:12:01+00:00
SAO_6450-10,São Paulo,3550308,True,,59,,,-23.585545000000003,-46.670801999999995,,,,1,2023-06-15T14:11:49+00:00
SAO_6450-10,São Paulo,3550308,True,,59,,,-23.577149,-46.6711445,,,,1,2023-06-15T14:12:09+00:00
SAO_6450-10,São Paulo,3550308,True,,59,,,-23.61499175,-46.6793665,,,,1,2023-06-15T14:12:12+00:00
SAO_516N-10,São Paulo,3550308,True,,33034,,,-23.656833,-46.6653345,,,,2,2023-06-15T14:12:16+00:00
SAO_516N-10,São Paulo,3550308,True,,33034,,,-23.58729175,-46.67156075,,,,2,2023-06-15T14:11:38+00:00
SAO_516N-10,São Paulo,3550308,True,,33034,,,-23.585971,-46.672432,,,,2,2023-06-15T14:11:43+00:00
SAO_516N-10,São Paulo,3550308,True,,33034,,,-23.630719,-46.68372025,,,,2,2023-06-15T14:12:06+00:00
SAO_516N-10,São Paulo,3550308,True,,33034,,,-23.59411,-46.6730505,,,,2,2023-06-15T14:12:10+00:00
SAO_516N-10,São Paulo,3550308,True,,33034,,,-23.690873625000002,-46.6438615,,,,2,2023-06-15T14:12:16+00:00
SAO_516N-10,São Paulo,3550308,True,,33034,,,-23.598893500000003,-46.673995000000005,,,,2,2023-06-15T14:12:19+00:00
SAO_516N-10,São Paulo,3550308,True,,33034,,,-23.5883245,-46.671877249999994,,,,2,2023-06-15T14:12:11+00:00
SAO_516N-10,São Paulo,3550308,True,,33034,,,-23.595443500000002,-46.6732535,,,,2,2023-06-15T14:11:58+00:00
SAO_516N-10,São Paulo,3550308,True,,33034,,,-23.585971,-46.672432,,,,2,2023-06-15T14:11:39+00:00
SAO_516N-10,São Paulo,3550308,True,,33034,,,-23.584525624999998,-46.674397875,,,,2,2023-06-15T14:12:00+00:00
SAO_516N-10,São Paulo,3550308,True,,33034,,,-23.59147325,-46.6727035,,,,2,2023-06-15T14:12:02+00:00
SAO_516N-10,São Paulo,3550308,True,,33034,,,-23.6641025,-46.660687499999995,,,,2,2023-06-15T14:11:39+00:00
SAO_1738-10,São Paulo,3550308,True,,33440,,,-23.50237,-46.616930499999995,,,,2,2023-06-15T14:11:44+00:00
SAO_1738-10,São Paulo,3550308,True,,33440,,,-23.4730515,-46.5815845,,,,2,2023-06-15T14:10:13+00:00
SAO_1738-10,São Paulo,3550308,True,,33440,,,-23.493394625,-46.602871625000006,,,,2,2023-06-15T14:11:46+00:00
SAO_1738-10,São Paulo,3550308,True,,33440,,,-23.486941,-46.6065915,,,,2,2023-06-15T14:11:11+00:00
SAO_1738-10,São Paulo,3550308,True,,33440,,,-23.481059000000002,-46.6003175,,,,2,2023-06-15T14:11:46+00:00
SAO_546L-10,São Paulo,3550308,True,,1285,,,-23.6654015,-46.677949,,,,1,2023-06-15T14:12:09+00:00
SAO_546L-10,São Paulo,3550308,True,,1285,,,-23.6733015,-46.698466499999995,,,,1,2023-06-15T14:12:10+00:00
SAO_546L-10,São Paulo,3550308,True,,1285,,,-23.6888795,-46.6381435,,,,1,2023-06-15T14:11:52+00:00
SAO_546L-10,São Paulo,3550308,True,,1285,,,-23.675676,-46.66063125,,,,1,2023-06-15T14:11:40+00:00
SAO_546L-10,São Paulo,3550308,True,,1285,,,-23.66773375,-46.677854,,,,1,2023-06-15T14:11:24+00:00
SAO_546L-10,São Paulo,3550308,True,,1285,,,-23.6555745,-46.71831350000001,,,,1,2023-06-15T14:11:54+00:00
SAO_546L-10,São Paulo,3550308,True,,1285,,,-23.684434000000003,-46.6403125,,,,1,2023-06-15T14:08:40+00:00
SAO_5154-10,São Paulo,3550308,True,,33121,,,-23.605185125,-46.673404,,,,2,2023-06-15T14:12:20+00:00
SAO_5154-10,São Paulo,3550308,True,,33121,,,-23.581644500000003,-46.658043,,,,2,2023-06-15T14:11:43+00:00
SAO_5154-10,São Paulo,3550308,True,,33121,,,-23.538022249999997,-46.63463625,,,,2,2023-06-15T14:12:21+00:00
SAO_5154-10,São Paulo,3550308,True,,33121,,,-23.53497825,-46.64421025,,,,2,2023-06-15T14:12:13+00:00
SAO_5154-10,São Paulo,3550308,True,,33121,,,-23.6492485,-46.704886,,,,2,2023-06-15T14:11:54+00:00
SAO_2705-10,São Paulo,3550308,True,,917,,,-23.5456135,-46.3931195,,,,1,2023-06-15T14:10:35+00:00
SAO_2705-10,São Paulo,3550308,True,,917,,,-23.5450745,-46.402262,,,,1,2023-06-15T14:11:57+00:00
SAO_2705-10,São Paulo,3550308,True,,917,,,-23.542298,-46.4702415,,,,1,2023-06-15T13:55:01+00:00
SAO_2705-10,São Paulo,3550308,True,,917,,,-23.537467,-46.455077,,,,1,2023-06-15T14:12:20+00:00
SAO_2705-10,São Paulo,3550308,True,,917,,,-23.532863,-46.4326635,,,,1,2023-06-15T14:12:03+00:00
SAO_2705-10,São Paulo,3550308,True,,917,,,-23.542768,-46.41466525,,,,1,2023-06-15T14:12:06+00:00
SAO_1709-10,São Paulo,3550308,True,,851,,,-23.4676215,-46.59732975,,,,1,2023-06-15T14:08:56+00:00
SAO_1709-10,São Paulo,3550308,True,,851,,,-23.4589095,-46.6024045,,,,1,2023-06-15T14:12:03+00:00
SAO_1709-10,São Paulo,3550308,True,,851,,,-23.4412375,-46.5814765,,,,1,2023-06-15T14:11:55+00:00
SAO_1709-10,São Paulo,3550308,True,,851,,,-23.457281000000002,-46.602188,,,,1,2023-06-15T14:12:12+00:00
SAO_1709-10,São Paulo,3550308,True,,851,,,-23.454504375,-46.598760625,,,,1,2023-06-15T14:09:20+00:00
SAO_1709-10,São Paulo,3550308,True,,851,,,-23.447445000000002,-46.593801,,,,1,2023-06-15T14:11:53+00:00
SAO_1709-10,São Paulo,3550308,True,,851,,,-23.4412375,-46.5814765,,,,1,2023-06-15T14:11:50+00:00
SAO_1709-10,São Paulo,3550308,True,,851,,,-23.447445000000002,-46.593801,,,,1,2023-06-15T14:12:01+00:00
SAO_847P-10,São Paulo,3550308,True,,423,,,-23.515676499999998,-46.697969,,,,1,2023-06-15T14:12:15+00:00
SAO_847P-10,São Paulo,3550308,True,,423,,,-23.4892235,-46.71815,,,,1,2023-06-15T14:12:20+00:00
SAO_847P-10,São Paulo,3550308,True,,423,,,-23.4979585,-46.7069405,,,,1,2023-06-15T14:11:19+00:00
SAO_847P-10,São Paulo,3550308,True,,423,,,-23.5963205,-46.691,,,,1,2023-06-15T14:12:17+00:00
SAO_847P-10,São Paulo,3550308,True,,423,,,-23.5805475,-46.6851035,,,,1,2023-06-15T14:12:13+00:00
SAO_847P-10,São Paulo,3550308,True,,423,,,-23.490053,-46.71039275,,,,1,2023-06-15T14:12:10+00:00
SAO_847P-10,São Paulo,3550308,True,,423,,,-23.547320499999998,-46.691863,,,,1,2023-06-15T14:11:53+00:00
SAO_847P-10,São Paulo,3550308,True,,423,,,-23.565805249999997,-46.69463625,,,,1,2023-06-15T14:11:49+00:00
SAO_847P-10,São Paulo,3550308,True,,423,,,-23.5212195,-46.702752000000004,,,,1,2023-06-15T14:11:55+00:00
SAO_847P-10,São Paulo,3550308,True,,423,,,-23.4861505,-46.7258785,,,,1,2023-06-15T14:12:00+00:00
SAO_847P-10,São Paulo,3550308,True,,423,,,-23.5385875,-46.7058765,,,,1,2023-06-15T14:11:37+00:00
SAO_847P-10,São Paulo,3550308,True,,423,,,-23.563498250000002,-46.69145225,,,,1,2023-06-15T14:12:12+00:00
SAO_6017-10,São Paulo,3550308,True,,1206,,,-23.669815749999998,-46.73685449999999,,,,1,2023-06-15T14:12:19+00:00
SAO_6017-10,São Paulo,3550308,True,,1206,,,-23.66636875,-46.71800125,,,,1,2023-06-15T14:11:49+00:00
SAO_6017-10,São Paulo,3550308,True,,1206,,,-23.670522,-46.73901600000001,,,,1,2023-06-15T14:12:21+00:00
SAO_6017-10,São Paulo,3550308,True,,1206,,,-23.684534,-46.7699765,,,,1,2023-06-15T14:12:15+00:00
SAO_6017-10,São Paulo,3550308,True,,1206,,,-23.648405,-46.70449549999999,,,,1,2023-06-15T14:12:15+00:00
SAO_6017-10,São Paulo,3550308,True,,1206,,,-23.696498499999997,-46.76089,,,,1,2023-06-15T14:11:48+00:00
SAO_6017-10,São Paulo,3550308,True,,1206,,,-23.667822,-46.731513,,,,1,2023-06-15T14:12:11+00:00
SAO_6017-10,São Paulo,3550308,True,,1206,,,-23.6904585,-46.7742775,,,,1,2023-06-15T14:12:15+00:00
SAO_6017-10,São Paulo,3550308,True,,1206,,,-23.661396500000002,-46.705166,,,,1,2023-06-15T14:12:13+00:00
SAO_6017-10,São Paulo,3550308,True,,1206,,,-23.67096,-46.739943,,,,1,2023-06-15T14:12:02+00:00
SAO_5105-10,São Paulo,3550308,True,,34419,,,-23.5472265,-46.6288135,,,,2,2023-06-15T14:12:17+00:00
SAO_5105-10,São Paulo,3550308,True,,34419,,,-23.59764375,-46.59727225,,,,2,2023-06-15T14:12:06+00:00
SAO_5105-10,São Paulo,3550308,True,,34419,,,-23.6034215,-46.602013,,,,2,2023-06-15T14:11:37+00:00
SAO_5105-10,São Paulo,3550308,True,,34419,,,-23.5578485625,-46.617487374999996,,,,2,2023-06-15T14:12:17+00:00
SAO_5105-10,São Paulo,3550308,True,,34419,,,-23.5474295,-46.628690000000006,,,,2,2023-06-15T14:12:13+00:00
SAO_5105-10,São Paulo,3550308,True,,34419,,,-23.603084250000002,-46.60265125,,,,2,2023-06-15T14:11:43+00:00
SAO_5105-10,São Paulo,3550308,True,,34419,,,-23.57565075,-46.602016,,,,2,2023-06-15T14:12:14+00:00
SAO_3013-10,São Paulo,3550308,True,,954,,,-23.5890895,-46.410906999999995,,,,1,2023-06-15T14:11:58+00:00
SAO_807M-10,São Paulo,3550308,True,,34684,,,-23.6083115,-46.7513795,,,,2,2023-06-15T14:12:18+00:00
SAO_807M-10,São Paulo,3550308,True,,34684,,,-23.610760499999998,-46.752893,,,,2,2023-06-15T14:11:53+00:00
SAO_807M-10,São Paulo,3550308,True,,34684,,,-23.613870499999997,-46.731314499999996,,,,2,2023-06-15T14:12:14+00:00
SAO_807M-10,São Paulo,3550308,True,,34684,,,-23.622374,-46.746736,,,,2,2023-06-15T14:11:50+00:00
SAO_807M-10,São Paulo,3550308,True,,34684,,,-23.631797499999998,-46.7719915,,,,2,2023-06-15T14:11:39+00:00
SAO_807M-10,São Paulo,3550308,True,,34684,,,-23.61833975,-46.699723875000004,,,,2,2023-06-15T14:12:17+00:00
SAO_807M-10,São Paulo,3550308,True,,34684,,,-23.6192595,-46.6980565,,,,2,2023-06-15T14:12:19+00:00
SAO_807M-10,São Paulo,3550308,True,,34684,,,-23.60233,-46.7098615,,,,2,2023-06-15T14:11:45+00:00
SAO_807M-10,São Paulo,3550308,True,,34684,,,-23.6204915,-46.6933885,,,,2,2023-06-15T14:12:08+00:00
SAO_4312-10,São Paulo,3550308,True,,2172,,,-23.5475445,-46.60209125,,,,1,2023-06-15T14:11:55+00:00
SAO_4312-10,São Paulo,3550308,True,,2172,,,-23.532312,-46.52106,,,,1,2023-06-15T14:12:21+00:00
SAO_4312-10,São Paulo,3550308,True,,2172,,,-23.56736,-46.494894,,,,1,2023-06-15T14:06:14+00:00
SAO_4312-10,São Paulo,3550308,True,,2172,,,-23.5475445,-46.60209125,,,,1,2023-06-15T14:12:00+00:00
SAO_4312-10,São Paulo,3550308,True,,2172,,,-23.547607,-46.4998645,,,,1,2023-06-15T14:12:00+00:00
SAO_4312-10,São Paulo,3550308,True,,2172,,,-23.539172750000002,-46.57057475,,,,1,2023-06-15T14:11:54+00:00
SAO_4312-10,São Paulo,3550308,True,,2172,,,-23.53266725,-46.53717175,,,,1,2023-06-15T14:11:52+00:00
SAO_971R-10,São Paulo,3550308,True,,33382,,,-23.497806375,-46.63641375,,,,2,2023-06-15T14:12:13+00:00
SAO_971R-10,São Paulo,3550308,True,,33382,,,-23.4423865,-46.734903,,,,2,2023-06-15T14:11:53+00:00
SAO_971R-10,São Paulo,3550308,True,,33382,,,-23.47520075,-46.665144,,,,2,2023-06-15T14:12:02+00:00
SAO_971R-10,São Paulo,3550308,True,,33382,,,-23.496661,-46.637602,,,,2,2023-06-15T14:07:52+00:00
SAO_971R-10,São Paulo,3550308,True,,33382,,,-23.442638000000002,-46.735116000000005,,,,2,2023-06-15T14:11:48+00:00
SAO_971R-10,São Paulo,3550308,True,,33382,,,-23.472353124999998,-46.6730405,,,,2,2023-06-15T14:11:48+00:00
SAO_971R-10,São Paulo,3550308,True,,33382,,,-23.453593499999997,-46.698297499999995,,,,2,2023-06-15T14:11:58+00:00
SAO_971R-10,São Paulo,3550308,True,,33382,,,-23.4435505,-46.7055085,,,,2,2023-06-15T14:11:40+00:00
SAO_971R-10,São Paulo,3550308,True,,33382,,,-23.46526,-46.679560499999994,,,,2,2023-06-15T14:11:40+00:00
SAO_3008-10,São Paulo,3550308,True,,35283,,,-23.52351625,-46.39590125,,,,2,2023-06-15T14:11:55+00:00
SAO_3008-10,São Paulo,3550308,True,,35283,,,-23.520036625,-46.394273875,,,,2,2023-06-15T14:12:19+00:00
SAO_3008-10,São Paulo,3550308,True,,35283,,,-23.52384875,-46.39582775,,,,2,2023-06-15T14:11:49+00:00
SAO_3008-10,São Paulo,3550308,True,,35283,,,-23.494205,-46.401126000000005,,,,2,2023-06-15T14:12:20+00:00
SAO_3008-10,São Paulo,3550308,True,,35283,,,-23.499095500000003,-46.400397,,,,2,2023-06-15T14:11:43+00:00
SAO_637J-10,São Paulo,3550308,True,,32871,,,-23.6084115,-46.676658,,,,2,2023-06-15T14:12:14+00:00
SAO_637J-10,São Paulo,3550308,True,,32871,,,-23.67609675,-46.698533125,,,,2,2023-06-15T14:11:55+00:00
SAO_637J-10,São Paulo,3550308,True,,32871,,,-23.739430249999998,-46.708802250000005,,,,2,2023-06-15T14:12:17+00:00
SAO_637J-10,São Paulo,3550308,True,,32871,,,-23.739734499999997,-46.708729500000004,,,,2,2023-06-15T14:11:45+00:00
SAO_637J-10,São Paulo,3550308,True,,32871,,,-23.702490625,-46.701837375,,,,2,2023-06-15T14:11:40+00:00
SAO_637J-10,São Paulo,3550308,True,,32871,,,-23.584650000000003,-46.683251999999996,,,,2,2023-06-15T14:12:14+00:00
SAO_637J-10,São Paulo,3550308,True,,32871,,,-23.5858295,-46.672083,,,,2,2023-06-15T14:11:53+00:00
SAO_6451-10,São Paulo,3550308,True,,32829,,,-23.642476000000002,-46.738743,,,,2,2023-06-15T14:11:41+00:00
SAO_6451-10,São Paulo,3550308,True,,32829,,,-23.643080500000003,-46.735619,,,,2,2023-06-15T14:12:21+00:00
SAO_6451-10,São Paulo,3550308,True,,32829,,,-23.551130999999998,-46.645861999999994,,,,2,2023-06-15T14:12:07+00:00
SAO_6451-10,São Paulo,3550308,True,,32829,,,-23.5509225,-46.64522875,,,,2,2023-06-15T14:12:13+00:00
SAO_6451-10,São Paulo,3550308,True,,32829,,,-23.648122,-46.748729499999996,,,,2,2023-06-15T14:12:01+00:00
SAO_6451-10,São Paulo,3550308,True,,32829,,,-23.577004000000002,-46.6724405,,,,2,2023-06-15T14:12:13+00:00
SAO_6451-10,São Paulo,3550308,True,,32829,,,-23.63436875,-46.72070625,,,,2,2023-06-15T14:12:13+00:00
SAO_6451-10,São Paulo,3550308,True,,32829,,,-23.5567275,-46.65135049999999,,,,2,2023-06-15T14:12:19+00:00
SAO_6451-10,São Paulo,3550308,True,,32829,,,-23.56972175,-46.661716,,,,2,2023-06-15T14:12:22+00:00
SAO_6451-10,São Paulo,3550308,True,,32829,,,-23.599366500000002,-46.69703,,,,2,2023-06-15T14:12:19+00:00
SAO_6451-10,São Paulo,3550308,True,,32829,,,-23.654127000000003,-46.762448000000006,,,,2,2023-06-15T14:12:16+00:00
SAO_6451-10,São Paulo,3550308,True,,32829,,,-23.654660999999997,-46.7609705,,,,2,2023-06-15T14:11:59+00:00
SAO_6451-10,São Paulo,3550308,True,,32829,,,-23.654714,-46.760605,,,,2,2023-06-15T14:12:20+00:00
SAO_2005-10,São Paulo,3550308,True,,33661,,,-23.490944499999998,-46.445358,,,,2,2023-06-15T14:12:14+00:00
SAO_2005-10,São Paulo,3550308,True,,33661,,,-23.490944499999998,-46.445358,,,,2,2023-06-15T14:11:46+00:00
SAO_2005-10,São Paulo,3550308,True,,33661,,,-23.490944499999998,-46.445358,,,,2,2023-06-15T14:11:49+00:00
SAO_2005-10,São Paulo,3550308,True,,33661,,,-23.490944499999998,-46.445358,,,,2,2023-06-15T14:11:54+00:00
SAO_6116-10,São Paulo,3550308,True,,1186,,,-23.7367375,-46.696807,,,,1,2023-06-15T14:12:16+00:00
SAO_6116-10,São Paulo,3550308,True,,1186,,,-23.7403345,-46.691452999999996,,,,1,2023-06-15T14:11:48+00:00
SAO_6116-10,São Paulo,3550308,True,,1186,,,-23.755464500000002,-46.6634725,,,,1,2023-06-15T14:12:04+00:00
SAO_8542-21,São Paulo,3550308,True,,1361,,,-23.4897105,-46.6849755,,,,1,2023-06-15T14:12:03+00:00
SAO_8542-21,São Paulo,3550308,True,,1361,,,-23.467476,-46.691634,,,,1,2023-06-15T14:12:16+00:00
SAO_8542-21,São Paulo,3550308,True,,1361,,,-23.515133,-46.6971045,,,,1,2023-06-15T14:11:46+00:00
SAO_8542-21,São Paulo,3550308,True,,1361,,,-23.4673575,-46.678393,,,,1,2023-06-15T14:12:20+00:00
SAO_9032-10,São Paulo,3550308,True,STT,880,https://moovitapp.com/index/pt-br/transporte_p%C3%BAblico-line-880-Sao_Paulo-242-850661-183362-0,5.3,-23.455434500000003,-46.6937785,,,,1,2023-06-15T14:11:39+00:00
SAO_9032-10,São Paulo,3550308,True,STT,880,https://moovitapp.com/index/pt-br/transporte_p%C3%BAblico-line-880-Sao_Paulo-242-850661-183362-0,5.3,-23.4462385,-46.692054,,,,1,2023-06-15T14:11:51+00:00
SAO_9032-10,São Paulo,3550308,True,STT,880,https://moovitapp.com/index/pt-br/transporte_p%C3%BAblico-line-880-Sao_Paulo-242-850661-183362-0,5.3,-23.449257,-46.6974485,,,,1,2023-06-15T14:12:03+00:00
SAO_9032-10,São Paulo,3550308,True,STT,880,https://moovitapp.com/index/pt-br/transporte_p%C3%BAblico-line-880-Sao_Paulo-242-850661-183362-0,5.3,-23.45881325,-46.689925124999995,,,,1,2023-06-15T14:11:49+00:00
SAO_9032-10,São Paulo,3550308,True,STT,880,https://moovitapp.com/index/pt-br/transporte_p%C3%BAblico-line-880-Sao_Paulo-242-850661-183362-0,5.3,-23.446264499999998,-46.692169,,,,1,2023-06-15T14:12:02+00:00
SAO_9032-10,São Paulo,3550308,True,STT,880,https://moovitapp.com/index/pt-br/transporte_p%C3%BAblico-line-880-Sao_Paulo-242-850661-183362-0,5.3,-23.470599999999997,-46.676241,,,,1,2023-06-15T14:11:49+00:00
SAO_9032-10,São Paulo,3550308,True,STT,880,https://moovitapp.com/index/pt-br/transporte_p%C3%BAblico-line-880-Sao_Paulo-242-850661-183362-0,5.3,-23.4497725,-46.700079,,,,1,2023-06-15T14:11:57+00:00
SAO_2755-10,São Paulo,3550308,True,STT,233,https://moovitapp.com/index/pt-br/transporte_p%C3%BAblico-line-233-Sao_Paulo-242-850661-183266-0,5.3,-23.51689375,-46.4684785,,,,1,2023-06-15T14:12:20+00:00
SAO_2755-10,São Paulo,3550308,True,STT,233,https://moovitapp.com/index/pt-br/transporte_p%C3%BAblico-line-233-Sao_Paulo-242-850661-183266-0,5.3,-23.532506,-46.545839,,,,1,2023-06-15T14:11:57+00:00
SAO_2755-10,São Paulo,3550308,True,STT,233,https://moovitapp.com/index/pt-br/transporte_p%C3%BAblico-line-233-Sao_Paulo-242-850661-183266-0,5.3,-23.518532,-46.439868000000004,,,,1,2023-06-15T14:11:38+00:00
SAO_2755-10,São Paulo,3550308,True,STT,233,https://moovitapp.com/index/pt-br/transporte_p%C3%BAblico-line-233-Sao_Paulo-242-850661-183266-0,5.3,-23.5397325,-46.3947625,,,,1,2023-06-15T14:11:43+00:00
SAO_2755-10,São Paulo,3550308,True,STT,233,https://moovitapp.com/index/pt-br/transporte_p%C3%BAblico-line-233-Sao_Paulo-242-850661-183266-0,5.3,-23.52137775,-46.54647,,,,1,2023-06-15T14:11:52+00:00
SAO_2755-10,São Paulo,3550308,True,STT,233,https://moovitapp.com/index/pt-br/transporte_p%C3%BAblico-line-233-Sao_Paulo-242-850661-183266-0,5.3,-23.537163,-46.405097,,,,1,2023-06-15T14:09:48+00:00
SAO_2755-10,São Paulo,3550308,True,STT,233,https://moovitapp.com/index/pt-br/transporte_p%C3%BAblico-line-233-Sao_Paulo-242-850661-183266-0,5.3,-23.515555499999998,-46.4851265,,,,1,2023-06-15T14:12:06+00:00
SAO_2755-10,São Paulo,3550308,True,STT,233,https://moovitapp.com/index/pt-br/transporte_p%C3%BAblico-line-233-Sao_Paulo-242-850661-183266-0,5.3,-23.521842,-46.522397999999995,,,,1,2023-06-15T14:11:38+00:00
SAO_2755-10,São Paulo,3550308,True,STT,233,https://moovitapp.com/index/pt-br/transporte_p%C3%BAblico-line-233-Sao_Paulo-242-850661-183266-0,5.3,-23.528415,-46.41766,,,,1,2023-06-15T14:11:21+00:00
SAO_2755-10,São Paulo,3550308,True,STT,233,https://moovitapp.com/index/pt-br/transporte_p%C3%BAblico-line-233-Sao_Paulo-242-850661-183266-0,5.3,-23.515141,-46.433831,,,,1,2023-06-15T14:10:36+00:00
SAO_2716-10,São Paulo,3550308,True,,929,,,-23.533088,-46.544171500000004,,,,1,2023-06-15T14:11:40+00:00
SAO_2716-10,São Paulo,3550308,True,,929,,,-23.5226465,-46.53488575,,,,1,2023-06-15T14:11:51+00:00
SAO_2716-10,São Paulo,3550308,True,,929,,,-23.511431,-46.536328,,,,1,2023-06-15T14:11:53+00:00
SAO_2716-10,São Paulo,3550308,True,,929,,,-23.528577249999998,-46.54557825,,,,1,2023-06-15T14:11:53+00:00
SAO_3026-10,São Paulo,3550308,True,,33730,,,-23.5428155,-46.416185,,,,2,2023-06-15T14:11:36+00:00
SAO_3026-10,São Paulo,3550308,True,,33730,,,-23.5528695,-46.4137195,,,,2,2023-06-15T14:11:56+00:00
SAO_3026-10,São Paulo,3550308,True,,33730,,,-23.56529475,-46.403280624999994,,,,2,2023-06-15T14:11:47+00:00
SAO_3026-10,São Paulo,3550308,True,,33730,,,-23.5428155,-46.416185,,,,2,2023-06-15T14:12:09+00:00
SAO_3026-10,São Paulo,3550308,True,,33730,,,-23.5779745,-46.3942575,,,,2,2023-06-15T14:11:35+00:00
SAO_9191-10,São Paulo,3550308,True,,33578,,,-23.53307925,-46.63692975,,,,2,2023-06-15T14:12:20+00:00
SAO_9191-10,São Paulo,3550308,True,,33578,,,-23.460701999999998,-46.6784725,,,,2,2023-06-15T14:12:16+00:00
SAO_9191-10,São Paulo,3550308,True,,33578,,,-23.49767325,-46.683456125,,,,2,2023-06-15T14:11:57+00:00
SAO_9191-10,São Paulo,3550308,True,,33578,,,-23.460034,-46.672446,,,,2,2023-06-15T14:12:11+00:00
SAO_9191-10,São Paulo,3550308,True,,33578,,,-23.4559915,-46.6784675,,,,2,2023-06-15T14:11:37+00:00
SAO_9191-10,São Paulo,3550308,True,,33578,,,-23.5259165,-46.63162,,,,2,2023-06-15T14:12:04+00:00
SAO_9191-10,São Paulo,3550308,True,,33578,,,-23.5259165,-46.63162,,,,2,2023-06-15T14:12:13+00:00
SAO_9191-10,São Paulo,3550308,True,,33578,,,-23.504087499999997,-46.672816,,,,2,2023-06-15T14:12:09+00:00
SAO_9191-10,São Paulo,3550308,True,,33578,,,-23.522572250000003,-46.66452174999999,,,,2,2023-06-15T14:12:13+00:00
SAO_9191-10,São Paulo,3550308,True,,33578,,,-23.49567125,-46.68229925,,,,2,2023-06-15T14:12:18+00:00
SAO_9191-10,São Paulo,3550308,True,,33578,,,-23.530159,-46.6342585,,,,2,2023-06-15T14:11:42+00:00
SAO_807A-10,São Paulo,3550308,True,,1900,,,-23.648463,-46.7491555,,,,1,2023-06-15T14:12:15+00:00
SAO_807A-10,São Paulo,3550308,True,,1900,,,-23.6333635,-46.77333,,,,1,2023-06-15T14:11:47+00:00
SAO_807A-10,São Paulo,3550308,True,,1900,,,-23.654038,-46.708869500000006,,,,1,2023-06-15T14:11:57+00:00
SAO_807A-10,São Paulo,3550308,True,,1900,,,-23.6471235,-46.763646,,,,1,2023-06-15T14:11:47+00:00
SAO_807A-10,São Paulo,3550308,True,,1900,,,-23.654214,-46.7129695,,,,1,2023-06-15T14:12:01+00:00
SAO_7545-10,São Paulo,3550308,True,,504,,,-23.547793,-46.641709500000005,,,,1,2023-06-15T14:12:09+00:00
SAO_7545-10,São Paulo,3550308,True,,504,,,-23.5896105,-46.769674499999994,,,,1,2023-06-15T14:12:21+00:00
SAO_7545-10,São Paulo,3550308,True,,504,,,-23.600253874999996,-46.7922625,,,,1,2023-06-15T14:11:50+00:00
SAO_7545-10,São Paulo,3550308,True,,504,,,-23.5477705,-46.641587,,,,1,2023-06-15T14:12:17+00:00
SAO_7545-10,São Paulo,3550308,True,,504,,,-23.556232,-46.6636055,,,,1,2023-06-15T14:11:56+00:00
SAO_7545-10,São Paulo,3550308,True,,504,,,-23.5735095,-46.7061425,,,,1,2023-06-15T14:11:45+00:00
SAO_7545-10,São Paulo,3550308,True,,504,,,-23.571626000000002,-46.695611,,,,1,2023-06-15T14:12:23+00:00
SAO_7545-10,São Paulo,3550308,True,,504,,,-23.586580750000003,-46.751393,,,,1,2023-06-15T14:12:06+00:00
SAO_7545-10,São Paulo,3550308,True,,504,,,-23.5866055,-46.7505155,,,,1,2023-06-15T14:12:21+00:00
SAO_524M-10,São Paulo,3550308,True,,1631,,,-23.60732025,-46.50059475,,,,1,2023-06-15T14:09:36+00:00
SAO_524M-10,São Paulo,3550308,True,,1631,,,-23.620496,-46.4950485,,,,1,2023-06-15T14:11:51+00:00
SAO_524M-10,São Paulo,3550308,True,,1631,,,-23.5851095,-46.51983274999999,,,,1,2023-06-15T14:11:38+00:00
SAO_524M-10,São Paulo,3550308,True,,1631,,,-23.587106499999997,-46.5167715,,,,1,2023-06-15T14:12:16+00:00
SAO_524M-10,São Paulo,3550308,True,,1631,,,-23.5987465,-46.5010965,,,,1,2023-06-15T14:11:42+00:00
SAO_524M-10,São Paulo,3550308,True,,1631,,,-23.577033,-46.5164375,,,,1,2023-06-15T14:11:59+00:00
SAO_524M-10,São Paulo,3550308,True,,1631,,,-23.613363,-46.495191000000005,,,,1,2023-06-15T14:12:16+00:00
SAO_524M-10,São Paulo,3550308,True,,1631,,,-23.61438175,-46.49979675,,,,1,2023-06-15T14:11:48+00:00
SAO_524M-10,São Paulo,3550308,True,,1631,,,-23.56468325,-46.50561075,,,,1,2023-06-15T14:12:10+00:00
SAO_524M-10,São Paulo,3550308,True,,1631,,,-23.5696895,-46.508365874999996,,,,1,2023-06-15T14:12:21+00:00
SAO_8055-10,São Paulo,3550308,True,,33182,,,-23.519011,-46.701709,,,,2,2023-06-15T14:11:42+00:00
SAO_8055-10,São Paulo,3550308,True,,33182,,,-23.40497525,-46.74539575,,,,2,2023-06-15T14:11:47+00:00
SAO_8055-10,São Paulo,3550308,True,,33182,,,-23.5198465,-46.722371,,,,2,2023-06-15T14:12:13+00:00
SAO_8055-10,São Paulo,3550308,True,,33182,,,-23.43115225,-46.786846999999995,,,,2,2023-06-15T14:11:42+00:00
SAO_8055-10,São Paulo,3550308,True,,33182,,,-23.4809335,-46.7705345,,,,2,2023-06-15T14:12:17+00:00
SAO_8055-10,São Paulo,3550308,True,,33182,,,-23.416084750000003,-46.780629,,,,2,2023-06-15T14:11:00+00:00
SAO_8055-10,São Paulo,3550308,True,,33182,,,-23.519011,-46.701709,,,,2,2023-06-15T14:11:52+00:00
SAO_6820-31,São Paulo,3550308,True,,34174,,,-23.6617095,-46.780440999999996,,,,2,2023-06-15T14:12:09+00:00
SAO_6820-31,São Paulo,3550308,True,,34174,,,-23.658609,-46.78921425,,,,2,2023-06-15T14:12:16+00:00
SAO_6820-31,São Paulo,3550308,True,,34174,,,-23.656924,-46.7639025,,,,2,2023-06-15T14:11:49+00:00
SAO_271F-10,São Paulo,3550308,True,,683,,,-23.53893275,-46.60626775,,,,1,2023-06-15T14:12:15+00:00
SAO_271F-10,São Paulo,3550308,True,,683,,,-23.5420145,-46.589681,,,,1,2023-06-15T14:12:03+00:00
SAO_271F-10,São Paulo,3550308,True,,683,,,-23.507991750000002,-46.612708749999996,,,,1,2023-06-15T14:10:04+00:00
SAO_271F-10,São Paulo,3550308,True,,683,,,-23.518328500000003,-46.60955324999999,,,,1,2023-06-15T14:12:02+00:00
SAO_271F-10,São Paulo,3550308,True,,683,,,-23.529052,-46.614062875,,,,1,2023-06-15T14:12:19+00:00
SAO_9717-10,São Paulo,3550308,True,,817,,,-23.480725999999997,-46.6821515,,,,1,2023-06-15T14:12:05+00:00
SAO_9717-10,São Paulo,3550308,True,,817,,,-23.463303,-46.6814685,,,,1,2023-06-15T14:11:58+00:00
SAO_9717-10,São Paulo,3550308,True,,817,,,-23.5049755,-46.690633000000005,,,,1,2023-06-15T14:12:01+00:00
SAO_9717-10,São Paulo,3550308,True,,817,,,-23.514136,-46.63378675,,,,1,2023-06-15T14:12:06+00:00
SAO_9717-10,São Paulo,3550308,True,,817,,,-23.514238875000004,-46.632150374999995,,,,1,2023-06-15T14:11:50+00:00
SAO_9717-10,São Paulo,3550308,True,,817,,,-23.463303,-46.6814685,,,,1,2023-06-15T14:12:01+00:00
SAO_9717-10,São Paulo,3550308,True,,817,,,-23.463303,-46.6814685,,,,1,2023-06-15T14:11:53+00:00
SAO_9717-10,São Paulo,3550308,True,,817,,,-23.503975,-46.673538875000006,,,,1,2023-06-15T14:11:51+00:00
SAO_4706-10,São Paulo,3550308,True,,299,,,-23.636519,-46.602954499999996,,,,1,2023-06-15T14:11:38+00:00
SAO_4706-10,São Paulo,3550308,True,,299,,,-23.5894045,-46.634211,,,,1,2023-06-15T14:11:55+00:00
SAO_4706-10,São Paulo,3550308,True,,299,,,-23.60296675,-46.613850500000005,,,,1,2023-06-15T14:12:14+00:00
SAO_8038-10,São Paulo,3550308,True,,33565,,,-23.547879,-46.73697175,,,,2,2023-06-15T14:11:32+00:00
SAO_8038-10,São Paulo,3550308,True,,33565,,,-23.518,-46.707083,,,,2,2023-06-15T14:12:04+00:00
SAO_8038-10,São Paulo,3550308,True,,33565,,,-23.542320500000002,-46.75257025,,,,2,2023-06-15T14:11:45+00:00
SAO_8038-10,São Paulo,3550308,True,,33565,,,-23.521648499999998,-46.718697500000005,,,,2,2023-06-15T14:11:45+00:00
SAO_8038-10,São Paulo,3550308,True,,33565,,,-23.548576,-46.757808499999996,,,,2,2023-06-15T14:11:58+00:00
SAO_8038-10,São Paulo,3550308,True,,33565,,,-23.529288,-46.738874499999994,,,,2,2023-06-15T14:12:04+00:00
SAO_8038-10,São Paulo,3550308,True,,33565,,,-23.531885000000003,-46.759618,,,,2,2023-06-15T14:11:41+00:00
SAO_8038-10,São Paulo,3550308,True,,33565,,,-23.53488225,-46.76081775,,,,2,2023-06-15T14:12:11+00:00
SAO_8038-10,São Paulo,3550308,True,,33565,,,-23.521851374999997,-46.734543625,,,,2,2023-06-15T14:10:56+00:00
SAO_8038-10,São Paulo,3550308,True,,33565,,,-23.547860999999997,-46.744018,,,,2,2023-06-15T14:11:11+00:00
SAO_875C-1,São Paulo,3550308,True,,2510,,,-23.59849075,-46.63781375,,,,1,2023-06-15T14:12:02+00:00
SAO_875C-1,São Paulo,3550308,True,,2510,,,-23.5858295,-46.672083,,,,1,2023-06-15T14:12:16+00:00
SAO_875C-1,São Paulo,3550308,True,,2510,,,-23.53919,-46.7188075,,,,1,2023-06-15T14:12:01+00:00
SAO_875C-1,São Paulo,3550308,True,,2510,,,-23.5559855,-46.6994695,,,,1,2023-06-15T14:12:19+00:00
SAO_875C-1,São Paulo,3550308,True,,2510,,,-23.585649,-46.6715685,,,,1,2023-06-15T14:11:52+00:00
SAO_875C-1,São Paulo,3550308,True,,2510,,,-23.601406500000003,-46.654028499999995,,,,1,2023-06-15T14:11:35+00:00
SAO_875C-1,São Paulo,3550308,True,,2510,,,-23.523832,-46.7048275,,,,1,2023-06-15T14:12:15+00:00
SAO_875C-1,São Paulo,3550308,True,,2510,,,-23.5827815,-46.6840725,,,,1,2023-06-15T14:12:10+00:00
SAO_3721-10,São Paulo,3550308,True,,33787,,,-23.56300225,-46.497501,,,,2,2023-06-15T14:12:14+00:00
SAO_3721-10,São Paulo,3550308,True,,33787,,,-23.563653000000002,-46.5053565,,,,2,2023-06-15T14:11:53+00:00
SAO_3721-10,São Paulo,3550308,True,,33787,,,-23.542741,-46.482468,,,,2,2023-06-15T14:11:56+00:00
SAO_3721-10,São Paulo,3550308,True,,33787,,,-23.5634675,-46.505427,,,,2,2023-06-15T14:11:56+00:00
SAO_3721-10,São Paulo,3550308,True,,33787,,,-23.560789,-46.490587500000004,,,,2,2023-06-15T14:12:10+00:00
SAO_3718-10,São Paulo,3550308,True,,33781,,,-23.541107,-46.4847105,,,,2,2023-06-15T14:12:17+00:00
SAO_3718-10,São Paulo,3550308,True,,33781,,,-23.5416025,-46.484308,,,,2,2023-06-15T14:12:20+00:00
SAO_3718-10,São Paulo,3550308,True,,33781,,,-23.5488365,-46.4832945,,,,2,2023-06-15T14:11:52+00:00
SAO_3718-10,São Paulo,3550308,True,,33781,,,-23.5508795,-46.48185025,,,,2,2023-06-15T14:12:02+00:00
SAO_3718-10,São Paulo,3550308,True,,33781,,,-23.540547,-46.485232999999994,,,,2,2023-06-15T14:11:55+00:00
SAO_3718-10,São Paulo,3550308,True,,33781,,,-23.554649750000003,-46.489523250000005,,,,2,2023-06-15T14:12:02+00:00
SAO_6960-10,São Paulo,3550308,True,,34211,,,-23.67847175,-46.7125835,,,,2,2023-06-15T14:12:18+00:00
SAO_6960-10,São Paulo,3550308,True,,34211,,,-23.766492,-46.716403,,,,2,2023-06-15T14:10:34+00:00
SAO_6960-10,São Paulo,3550308,True,,34211,,,-23.6630835,-46.707423000000006,,,,2,2023-06-15T14:08:17+00:00
SAO_6960-10,São Paulo,3550308,True,,34211,,,-23.6543295,-46.7121355,,,,2,2023-06-15T14:11:55+00:00
SAO_6960-10,São Paulo,3550308,True,,34211,,,-23.7655,-46.717863,,,,2,2023-06-15T14:11:50+00:00
SAO_6960-10,São Paulo,3550308,True,,34211,,,-23.6630835,-46.707423000000006,,,,2,2023-06-15T14:10:27+00:00
SAO_6960-10,São Paulo,3550308,True,,34211,,,-23.713123375,-46.70948837500001,,,,2,2023-06-15T14:12:08+00:00
SAO_6960-10,São Paulo,3550308,True,,34211,,,-23.6543295,-46.7121355,,,,2,2023-06-15T14:12:06+00:00
SAO_6960-10,São Paulo,3550308,True,,34211,,,-23.661628,-46.7066085,,,,2,2023-06-15T14:12:12+00:00
SAO_6840-10,São Paulo,3550308,True,,32969,,,-23.7069005,-46.784399500000006,,,,2,2023-06-15T14:12:02+00:00
SAO_6840-10,São Paulo,3550308,True,,32969,,,-23.713268,-46.7817135,,,,2,2023-06-15T14:10:41+00:00
SAO_6840-10,São Paulo,3550308,True,,32969,,,-23.65826975,-46.76510825,,,,2,2023-06-15T14:12:16+00:00
SAO_6840-10,São Paulo,3550308,True,,32969,,,-23.712547999999998,-46.7819985,,,,2,2023-06-15T14:09:19+00:00
SAO_6840-10,São Paulo,3550308,True,,32969,,,-23.7320815,-46.786311,,,,2,2023-06-15T14:12:09+00:00
SAO_6840-10,São Paulo,3550308,True,,32969,,,-23.67824975,-46.772493499999996,,,,2,2023-06-15T14:12:14+00:00
SAO_6840-10,São Paulo,3550308,True,,32969,,,-23.710302374999998,-46.7832095,,,,2,2023-06-15T14:12:12+00:00
SAO_6840-10,São Paulo,3550308,True,,32969,,,-23.738588749999998,-46.7910585,,,,2,2023-06-15T14:12:04+00:00
SAO_6840-10,São Paulo,3550308,True,,32969,,,-23.739276500000003,-46.792784499999996,,,,2,2023-06-15T14:12:17+00:00
SAO_4310-10,São Paulo,3550308,True,,2160,,,-23.535216,-46.4541105,,,,1,2023-06-15T14:11:44+00:00
SAO_4310-10,São Paulo,3550308,True,,2160,,,-23.535607624999997,-46.552115,,,,1,2023-06-15T14:12:00+00:00
SAO_4310-10,São Paulo,3550308,True,,2160,,,-23.547027,-46.630752,,,,1,2023-06-15T14:11:49+00:00
SAO_4310-10,São Paulo,3550308,True,,2160,,,-23.551888499999997,-46.6222135,,,,1,2023-06-15T14:12:05+00:00
SAO_4310-10,São Paulo,3550308,True,,2160,,,-23.5397975,-46.4618125,,,,1,2023-06-15T14:10:28+00:00
SAO_4310-10,São Paulo,3550308,True,,2160,,,-23.534605499999998,-46.54718475,,,,1,2023-06-15T14:12:00+00:00
SAO_4310-10,São Paulo,3550308,True,,2160,,,-23.53266725,-46.53717175,,,,1,2023-06-15T14:12:02+00:00
SAO_4310-10,São Paulo,3550308,True,,2160,,,-23.53201225,-46.500731,,,,1,2023-06-15T14:11:41+00:00
SAO_4310-10,São Paulo,3550308,True,,2160,,,-23.548029,-46.6263285,,,,1,2023-06-15T14:11:45+00:00
SAO_4310-10,São Paulo,3550308,True,,2160,,,-23.535216,-46.4541105,,,,1,2023-06-15T14:11:38+00:00
SAO_4310-10,São Paulo,3550308,True,,2160,,,-23.5352635,-46.4538,,,,1,2023-06-15T14:11:50+00:00
SAO_4310-10,São Paulo,3550308,True,,2160,,,-23.5409729375,-46.5776478125,,,,1,2023-06-15T14:12:11+00:00
SAO_4310-10,São Paulo,3550308,True,,2160,,,-23.547369,-46.630520000000004,,,,1,2023-06-15T14:11:36+00:00
SAO_4310-10,São Paulo,3550308,True,,2160,,,-23.5515695,-46.624459,,,,1,2023-06-15T14:11:58+00:00
SAO_4310-10,São Paulo,3550308,True,,2160,,,-23.552234499999997,-46.6106215,,,,1,2023-06-15T14:11:52+00:00
SAO_4310-10,São Paulo,3550308,True,,2160,,,-23.5413885,-46.483701499999995,,,,1,2023-06-15T14:12:14+00:00
SAO_4310-10,São Paulo,3550308,True,,2160,,,-23.5342785,-46.545298124999995,,,,1,2023-06-15T14:12:07+00:00
SAO_4310-10,São Paulo,3550308,True,,2160,,,-23.527809,-46.507595,,,,1,2023-06-15T14:12:17+00:00
SAO_4310-10,São Paulo,3550308,True,,2160,,,-23.5425453125,-46.583760312500004,,,,1,2023-06-15T14:12:20+00:00
SAO_4310-10,São Paulo,3550308,True,,2160,,,-23.5322115,-46.5294445,,,,1,2023-06-15T14:11:49+00:00
SAO_3746-10,São Paulo,3550308,True,EMTU,283,https://moovitapp.com/index/pt-br/transporte_p%C3%BAblico-line-283-Sao_Paulo-242-2038937-36419384-0,5.2,-23.559348625,-46.568106375,,,,1,2023-06-15T14:12:15+00:00
SAO_3746-10,São Paulo,3550308,True,EMTU,283,https://moovitapp.com/index/pt-br/transporte_p%C3%BAblico-line-283-Sao_Paulo-242-2038937-36419384-0,5.2,-23.582534,-46.535691,,,,1,2023-06-15T14:11:49+00:00
SAO_3746-10,São Paulo,3550308,True,EMTU,283,https://moovitapp.com/index/pt-br/transporte_p%C3%BAblico-line-283-Sao_Paulo-242-2038937-36419384-0,5.2,-23.592533500000002,-46.5020825,,,,1,2023-06-15T14:11:48+00:00
SAO_3746-10,São Paulo,3550308,True,EMTU,283,https://moovitapp.com/index/pt-br/transporte_p%C3%BAblico-line-283-Sao_Paulo-242-2038937-36419384-0,5.2,-23.5428375,-46.587731000000005,,,,1,2023-06-15T14:12:10+00:00
SAO_3746-10,São Paulo,3550308,True,EMTU,283,https://moovitapp.com/index/pt-br/transporte_p%C3%BAblico-line-283-Sao_Paulo-242-2038937-36419384-0,5.2,-23.54497025,-46.585667,,,,1,2023-06-15T14:12:12+00:00
SAO_4310-21,São Paulo,3550308,True,,35243,,,-23.540789,-46.484412000000006,,,,2,2023-06-15T14:12:04+00:00
SAO_5318-10,São Paulo,3550308,True,,32813,,,-23.574672,-46.641337,,,,2,2023-06-15T14:12:21+00:00
SAO_5318-10,São Paulo,3550308,True,,32813,,,-23.635318249999997,-46.69494575,,,,2,2023-06-15T14:12:22+00:00
SAO_5318-10,São Paulo,3550308,True,,32813,,,-23.631812500000002,-46.710421499999995,,,,2,2023-06-15T14:11:41+00:00
SAO_5318-10,São Paulo,3550308,True,,32813,,,-23.6707215,-46.745973,,,,2,2023-06-15T14:11:40+00:00
SAO_5318-10,São Paulo,3550308,True,,32813,,,-23.55959,-46.639277500000006,,,,2,2023-06-15T14:11:56+00:00
SAO_5318-10,São Paulo,3550308,True,,32813,,,-23.5504935,-46.635271,,,,2,2023-06-15T14:12:10+00:00
SAO_2678-10,São Paulo,3550308,True,,33151,,,-23.5159155,-46.520616000000004,,,,2,2023-06-15T14:11:52+00:00
SAO_2678-10,São Paulo,3550308,True,,33151,,,-23.53931525,-46.6086885,,,,2,2023-06-15T14:12:11+00:00
SAO_2678-10,São Paulo,3550308,True,,33151,,,-23.5351545,-46.5759855,,,,2,2023-06-15T14:10:51+00:00
SAO_2678-10,São Paulo,3550308,True,,33151,,,-23.498154749999998,-46.45824425,,,,2,2023-06-15T14:11:42+00:00
SAO_2678-10,São Paulo,3550308,True,,33151,,,-23.538787999999997,-46.605272750000005,,,,2,2023-06-15T14:12:21+00:00
SAO_2678-10,São Paulo,3550308,True,,33151,,,-23.54773075,-46.625347000000005,,,,2,2023-06-15T14:12:10+00:00
SAO_2678-10,São Paulo,3550308,True,,33151,,,-23.494562375,-46.388803625,,,,2,2023-06-15T14:12:20+00:00
SAO_2678-10,São Paulo,3550308,True,,33151,,,-23.54073725,-46.61304925,,,,2,2023-06-15T14:12:17+00:00
SAO_2678-10,São Paulo,3550308,True,,33151,,,-23.4923,-46.445477,,,,2,2023-06-15T14:12:11+00:00
SAO_695Y-10,São Paulo,3550308,True,,33966,,,-23.675466,-46.69907525,,,,2,2023-06-15T14:11:37+00:00
SAO_695Y-10,São Paulo,3550308,True,,33966,,,-23.76668275,-46.717271749999995,,,,2,2023-06-15T14:11:38+00:00
SAO_695Y-10,São Paulo,3550308,True,,33966,,,-23.589713,-46.6346825,,,,2,2023-06-15T14:12:19+00:00
SAO_695Y-10,São Paulo,3550308,True,,33966,,,-23.5981785,-46.6479955,,,,2,2023-06-15T14:12:06+00:00
SAO_695Y-10,São Paulo,3550308,True,,33966,,,-23.806641499999998,-46.736486,,,,2,2023-06-15T14:12:19+00:00
SAO_695Y-10,São Paulo,3550308,True,,33966,,,-23.672275499999998,-46.687393,,,,2,2023-06-15T14:12:07+00:00
SAO_695Y-10,São Paulo,3550308,True,,33966,,,-23.638222125000002,-46.69485025,,,,2,2023-06-15T14:12:08+00:00
SAO_695Y-10,São Paulo,3550308,True,,33966,,,-23.675062,-46.69156649999999,,,,2,2023-06-15T14:12:09+00:00
SAO_5759-31,São Paulo,3550308,True,,1139,,,-23.6579505,-46.664038000000005,,,,1,2023-06-15T14:11:51+00:00
SAO_5759-31,São Paulo,3550308,True,,1139,,,-23.64061425,-46.652763,,,,1,2023-06-15T14:11:44+00:00
SAO_5759-31,São Paulo,3550308,True,,1139,,,-23.6412015,-46.654452,,,,1,2023-06-15T14:11:49+00:00
SAO_8078-10,São Paulo,3550308,True,,2080,,,-23.6254505,-46.7479555,,,,1,2023-06-15T14:12:07+00:00
SAO_8078-10,São Paulo,3550308,True,,2080,,,-23.6485535,-46.756238499999995,,,,1,2023-06-15T14:12:19+00:00
SAO_8078-10,São Paulo,3550308,True,,2080,,,-23.64478225,-46.76402,,,,1,2023-06-15T14:11:44+00:00
SAO_8078-10,São Paulo,3550308,True,,2080,,,-23.649341,-46.750743,,,,1,2023-06-15T14:12:17+00:00
SAO_809V-10,São Paulo,3550308,True,,35011,,,-23.5763875,-46.733256,,,,2,2023-06-15T14:11:54+00:00
SAO_809V-10,São Paulo,3550308,True,,35011,,,-23.570569499999998,-46.690006999999994,,,,2,2023-06-15T14:12:17+00:00
SAO_8686-10,São Paulo,3550308,True,EMTU,446,https://moovitapp.com/index/pt-br/transporte_p%C3%BAblico-line-446-Sao_Paulo-242-2038937-36419492-0,4.8,-23.521591,-46.719032,,,,1,2023-06-15T14:12:02+00:00
SAO_8686-10,São Paulo,3550308,True,EMTU,446,https://moovitapp.com/index/pt-br/transporte_p%C3%BAblico-line-446-Sao_Paulo-242-2038937-36419492-0,4.8,-23.4971865,-46.74610925,,,,1,2023-06-15T14:11:45+00:00
SAO_8686-10,São Paulo,3550308,True,EMTU,446,https://moovitapp.com/index/pt-br/transporte_p%C3%BAblico-line-446-Sao_Paulo-242-2038937-36419492-0,4.8,-23.5258445,-46.6790215,,,,1,2023-06-15T14:12:03+00:00
SAO_4020-10,São Paulo,3550308,True,,2530,,,-23.575983,-46.444523000000004,,,,1,2023-06-15T14:11:49+00:00
SAO_4020-10,São Paulo,3550308,True,,2530,,,-23.595121749999997,-46.4400495,,,,1,2023-06-15T14:12:21+00:00
SAO_4020-10,São Paulo,3550308,True,,2530,,,-23.534623,-46.4529845,,,,1,2023-06-15T14:12:05+00:00
SAO_4020-10,São Paulo,3550308,True,,2530,,,-23.534623,-46.4529845,,,,1,2023-06-15T14:12:00+00:00
SAO_4020-10,São Paulo,3550308,True,,2530,,,-23.55550125,-46.445823000000004,,,,1,2023-06-15T14:12:05+00:00
SAO_5701-10,São Paulo,3550308,True,,1136,,,-23.62661475,-46.680505000000004,,,,1,2023-06-15T14:12:21+00:00
SAO_5701-10,São Paulo,3550308,True,,1136,,,-23.648926000000003,-46.661815000000004,,,,1,2023-06-15T14:12:06+00:00
SAO_5701-10,São Paulo,3550308,True,,1136,,,-23.6477415,-46.66246375,,,,1,2023-06-15T14:12:18+00:00
SAO_5701-10,São Paulo,3550308,True,,1136,,,-23.621896749999998,-46.68259425,,,,1,2023-06-15T14:12:12+00:00
SAO_209P-1,São Paulo,3550308,True,,35069,,,-23.53116625,-46.677004249999996,,,,2,2023-06-15T14:12:17+00:00
SAO_209P-1,São Paulo,3550308,True,,35069,,,-23.473060250000003,-46.6701395,,,,2,2023-06-15T14:11:47+00:00
SAO_209P-1,São Paulo,3550308,True,,35069,,,-23.5106385,-46.689964,,,,2,2023-06-15T14:12:15+00:00
SAO_209P-1,São Paulo,3550308,True,,35069,,,-23.53867625,-46.674589749999996,,,,2,2023-06-15T14:12:02+00:00
SAO_209P-1,São Paulo,3550308,True,,35069,,,-23.566740125,-46.692832249999995,,,,2,2023-06-15T14:11:52+00:00
SAO_407T-10,São Paulo,3550308,True,,2202,,,-23.542716,-46.469168499999995,,,,1,2023-06-15T14:04:23+00:00
SAO_407T-10,São Paulo,3550308,True,,2202,,,-23.538669499999997,-46.4415705,,,,1,2023-06-15T14:11:54+00:00
SAO_407T-10,São Paulo,3550308,True,,2202,,,-23.53781325,-46.44005625,,,,1,2023-06-15T14:11:52+00:00
SAO_407T-10,São Paulo,3550308,True,,2202,,,-23.534434249999997,-46.444813249999996,,,,1,2023-06-15T14:05:20+00:00
SAO_407T-10,São Paulo,3550308,True,,2202,,,-23.535528,-46.4545035,,,,1,2023-06-15T14:08:24+00:00
SAO_407T-10,São Paulo,3550308,True,,2202,,,-23.532577,-46.4410275,,,,1,2023-06-15T14:10:52+00:00
SAO_274P-10,São Paulo,3550308,True,,33000,,,-23.512387500000003,-46.5304855,,,,2,2023-06-15T14:12:16+00:00
SAO_274P-10,São Paulo,3550308,True,,33000,,,-23.53937725,-46.608977749999994,,,,2,2023-06-15T14:12:08+00:00
SAO_274P-10,São Paulo,3550308,True,,33000,,,-23.589339000000002,-46.63348,,,,2,2023-06-15T14:11:56+00:00
SAO_5362-23,São Paulo,3550308,True,,1860,,,-23.672530875,-46.712163125,,,,1,2023-06-15T14:11:59+00:00
SAO_5362-23,São Paulo,3550308,True,,1860,,,-23.7175635,-46.699088,,,,1,2023-06-15T14:12:18+00:00
SAO_5362-23,São Paulo,3550308,True,,1860,,,-23.65080475,-46.70303475,,,,1,2023-06-15T14:12:14+00:00
SAO_5362-23,São Paulo,3550308,True,,1860,,,-23.74464175,-46.66963762500001,,,,1,2023-06-15T14:11:58+00:00
SAO_5362-23,São Paulo,3550308,True,,1860,,,-23.648898000000003,-46.703265,,,,1,2023-06-15T14:10:31+00:00
SAO_5362-23,São Paulo,3550308,True,,1860,,,-23.7018405,-46.7149765,,,,1,2023-06-15T14:12:18+00:00
SAO_5362-23,São Paulo,3550308,True,,1860,,,-23.7529675,-46.681786,,,,1,2023-06-15T14:11:57+00:00
SAO_5362-23,São Paulo,3550308,True,,1860,,,-23.75512775,-46.67639150000001,,,,1,2023-06-15T14:08:15+00:00
SAO_3739-10,São Paulo,3550308,True,,1039,,,-23.5424255,-46.470012,,,,1,2023-06-15T14:12:06+00:00
SAO_3739-10,São Paulo,3550308,True,,1039,,,-23.619321,-46.412769999999995,,,,1,2023-06-15T14:11:48+00:00
SAO_3739-10,São Paulo,3550308,True,,1039,,,-23.5944445,-46.4442285,,,,1,2023-06-15T14:11:58+00:00
SAO_3739-10,São Paulo,3550308,True,,1039,,,-23.548584124999998,-46.460736,,,,1,2023-06-15T14:12:20+00:00
SAO_3739-10,São Paulo,3550308,True,,1039,,,-23.606879,-46.427408,,,,1,2023-06-15T14:11:38+00:00
SAO_3739-10,São Paulo,3550308,True,,1039,,,-23.543105,-46.46927075,,,,1,2023-06-15T14:11:45+00:00
SAO_3739-10,São Paulo,3550308,True,,1039,,,-23.5740275,-46.4453305,,,,1,2023-06-15T14:12:02+00:00
SAO_3739-10,São Paulo,3550308,True,,1039,,,-23.548436375,-46.460986000000005,,,,1,2023-06-15T14:11:46+00:00
SAO_2203-10,São Paulo,3550308,True,,911,,,-23.52884375,-46.5401965,,,,1,2023-06-15T14:12:10+00:00
SAO_2203-10,São Paulo,3550308,True,,911,,,-23.52807125,-46.499890750000006,,,,1,2023-06-15T14:11:59+00:00
SAO_2203-10,São Paulo,3550308,True,,911,,,-23.520712000000003,-46.484475,,,,1,2023-06-15T14:11:16+00:00
SAO_971A-10,São Paulo,3550308,True,,33426,,,-23.48654625,-46.6796255,,,,2,2023-06-15T14:12:03+00:00
SAO_971A-10,São Paulo,3550308,True,,33426,,,-23.50372,-46.6761305,,,,2,2023-06-15T14:12:14+00:00
SAO_971A-10,São Paulo,3550308,True,,33426,,,-23.504591625000003,-46.624686374999996,,,,2,2023-06-15T14:12:16+00:00
SAO_971A-10,São Paulo,3550308,True,,33426,,,-23.51223775,-46.624915,,,,2,2023-06-15T14:12:12+00:00
SAO_971A-10,São Paulo,3550308,True,,33426,,,-23.4953655,-46.6609615,,,,2,2023-06-15T14:12:09+00:00
SAO_8542-21,São Paulo,3550308,True,,34129,,,-23.4820445,-46.6853535,,,,2,2023-06-15T14:11:45+00:00
SAO_8542-21,São Paulo,3550308,True,,34129,,,-23.473015,-46.701357,,,,2,2023-06-15T14:11:49+00:00
SAO_8542-21,São Paulo,3550308,True,,34129,,,-23.515402,-46.69489875000001,,,,2,2023-06-15T14:12:20+00:00
SAO_8542-21,São Paulo,3550308,True,,34129,,,-23.4739515,-46.67886,,,,2,2023-06-15T14:11:45+00:00
SAO_8542-21,São Paulo,3550308,True,,34129,,,-23.4671345,-46.694886999999994,,,,2,2023-06-15T14:12:03+00:00
SAO_8542-21,São Paulo,3550308,True,,34129,,,-23.4660535,-46.6944945,,,,2,2023-06-15T14:12:15+00:00
SAO_8542-21,São Paulo,3550308,True,,34129,,,-23.46507025,-46.694894500000004,,,,2,2023-06-15T14:12:04+00:00
SAO_8542-21,São Paulo,3550308,True,,34129,,,-23.520553,-46.701171,,,,2,2023-06-15T14:12:16+00:00
SAO_273R-42,São Paulo,3550308,True,,32996,,,-23.542657499999997,-46.4698,,,,2,2023-06-15T14:11:47+00:00
SAO_273R-42,São Paulo,3550308,True,,32996,,,-23.542657499999997,-46.4698,,,,2,2023-06-15T14:11:43+00:00
SAO_273R-42,São Paulo,3550308,True,,32996,,,-23.542657499999997,-46.4698,,,,2,2023-06-15T14:12:08+00:00
SAO_273R-42,São Paulo,3550308,True,,32996,,,-23.521997499999998,-46.412527999999995,,,,2,2023-06-15T14:12:10+00:00
SAO_4012-10,São Paulo,3550308,True,,34953,,,-23.614572,-46.470805999999996,,,,2,2023-06-15T14:12:12+00:00
SAO_4012-10,São Paulo,3550308,True,,34953,,,-23.61609275,-46.460833,,,,2,2023-06-15T14:12:08+00:00
SAO_4012-10,São Paulo,3550308,True,,34953,,,-23.5975085,-46.4428925,,,,2,2023-06-15T14:11:53+00:00
SAO_4012-10,São Paulo,3550308,True,,34953,,,-23.614441,-46.47093825,,,,2,2023-06-15T14:12:13+00:00
SAO_4012-10,São Paulo,3550308,True,,34953,,,-23.619765,-46.4611345,,,,2,2023-06-15T14:12:14+00:00
SAO_4012-10,São Paulo,3550308,True,,34953,,,-23.59727075,-46.442916749999995,,,,2,2023-06-15T14:12:00+00:00
SAO_4012-10,São Paulo,3550308,True,,34953,,,-23.613001,-46.4764665,,,,2,2023-06-15T14:12:18+00:00
SAO_4012-10,São Paulo,3550308,True,,34953,,,-23.6070235,-46.444248,,,,2,2023-06-15T14:11:47+00:00
SAO_3789-10,São Paulo,3550308,True,,1067,,,-23.546550250000003,-46.461182,,,,1,2023-06-15T14:12:20+00:00
SAO_3789-10,São Paulo,3550308,True,,1067,,,-23.5425685,-46.470890999999995,,,,1,2023-06-15T14:11:41+00:00
SAO_3789-10,São Paulo,3550308,True,,1067,,,-23.5718975,-46.458511,,,,1,2023-06-15T14:12:09+00:00
SAO_3789-10,São Paulo,3550308,True,,1067,,,-23.583441,-46.408979,,,,1,2023-06-15T14:11:52+00:00
SAO_3789-10,São Paulo,3550308,True,,1067,,,-23.569126500000003,-46.447911500000004,,,,1,2023-06-15T14:12:22+00:00
SAO_3789-10,São Paulo,3550308,True,,1067,,,-23.596244,-46.4049325,,,,1,2023-06-15T14:11:51+00:00
SAO_3789-10,São Paulo,3550308,True,,1067,,,-23.5958445,-46.434946499999995,,,,1,2023-06-15T14:11:50+00:00
SAO_3789-10,São Paulo,3550308,True,,1067,,,-23.544314,-46.464387,,,,1,2023-06-15T14:12:15+00:00
SAO_3736-10,São Paulo,3550308,True,,33804,,,-23.5761605,-46.48341425,,,,2,2023-06-15T14:12:12+00:00
SAO_3736-10,São Paulo,3550308,True,,33804,,,-23.5514935,-46.478968,,,,2,2023-06-15T14:12:03+00:00
SAO_3736-10,São Paulo,3550308,True,,33804,,,-23.546227000000002,-46.483521999999994,,,,2,2023-06-15T14:11:47+00:00
SAO_3736-10,São Paulo,3550308,True,,33804,,,-23.54700725,-46.483463,,,,2,2023-06-15T14:11:55+00:00
SAO_3736-10,São Paulo,3550308,True,,33804,,,-23.5546645,-46.480943999999994,,,,2,2023-06-15T14:12:06+00:00
SAO_3736-10,São Paulo,3550308,True,,33804,,,-23.5758665,-46.4834185,,,,2,2023-06-15T14:12:15+00:00
SAO_3736-10,São Paulo,3550308,True,,33804,,,-23.5689575,-46.4762525,,,,2,2023-06-15T14:11:39+00:00
SAO_3736-10,São Paulo,3550308,True,,33804,,,-23.5761605,-46.48341425,,,,2,2023-06-15T14:12:09+00:00
SAO_3736-10,São Paulo,3550308,True,,33804,,,-23.557925,-46.47558,,,,2,2023-06-15T14:12:01+00:00
SAO_3736-10,São Paulo,3550308,True,,33804,,,-23.577528,-46.48309625,,,,2,2023-06-15T14:12:13+00:00
SAO_6075-10,São Paulo,3550308,True,,1162,,,-23.7921995,-46.7322375,,,,1,2023-06-15T14:12:16+00:00
SAO_6075-10,São Paulo,3550308,True,,1162,,,-23.767886500000003,-46.7165485,,,,1,2023-06-15T14:12:13+00:00
SAO_374V-10,São Paulo,3550308,True,,1647,,,-23.5111355,-46.454224749999995,,,,1,2023-06-15T14:12:05+00:00
SAO_374V-10,São Paulo,3550308,True,,1647,,,-23.511004999999997,-46.4543005,,,,1,2023-06-15T14:12:02+00:00
SAO_374V-10,São Paulo,3550308,True,,1647,,,-23.518810000000002,-46.450409500000006,,,,1,2023-06-15T14:11:52+00:00
SAO_374V-10,São Paulo,3550308,True,,1647,,,-23.542569999999998,-46.46953499999999,,,,1,2023-06-15T14:12:16+00:00
SAO_374V-10,São Paulo,3550308,True,,1647,,,-23.511004999999997,-46.4543005,,,,1,2023-06-15T14:11:53+00:00
SAO_374V-10,São Paulo,3550308,True,,1647,,,-23.540125,-46.457967,,,,1,2023-06-15T14:11:52+00:00
SAO_374V-10,São Paulo,3550308,True,,1647,,,-23.529821249999998,-46.4554555,,,,1,2023-06-15T14:12:14+00:00
SAO_2016-10,São Paulo,3550308,True,,33670,,,-23.497584125,-46.376979625000004,,,,2,2023-06-15T14:09:52+00:00
SAO_2016-10,São Paulo,3550308,True,,33670,,,-23.503359250000003,-46.375994750000004,,,,2,2023-06-15T14:11:37+00:00
SAO_2016-10,São Paulo,3550308,True,,33670,,,-23.503359250000003,-46.375994750000004,,,,2,2023-06-15T14:12:13+00:00
SAO_2016-10,São Paulo,3550308,True,,33670,,,-23.496970375000004,-46.44110025,,,,2,2023-06-15T14:12:22+00:00
SAO_2016-10,São Paulo,3550308,True,,33670,,,-23.496754000000003,-46.393516000000005,,,,2,2023-06-15T14:12:10+00:00
SAO_2016-10,São Paulo,3550308,True,,33670,,,-23.494659499999997,-46.413801500000005,,,,2,2023-06-15T14:12:13+00:00
SAO_675G-41,São Paulo,3550308,True,,1794,,,-23.716742,-46.699164999999994,,,,1,2023-06-15T14:10:20+00:00
SAO_675G-41,São Paulo,3550308,True,,1794,,,-23.657964,-46.679599499999995,,,,1,2023-06-15T14:12:09+00:00
SAO_675G-41,São Paulo,3550308,True,,1794,,,-23.6448975,-46.6647425,,,,1,2023-06-15T14:12:21+00:00
SAO_775P-10,São Paulo,3550308,True,EMTU,507,https://moovitapp.com/index/pt-br/transporte_p%C3%BAblico-line-507-Sao_Paulo-242-2038937-36419529-0,5.65,-23.581561999999998,-46.638792,,,,1,2023-06-15T14:11:59+00:00
SAO_775P-10,São Paulo,3550308,True,EMTU,507,https://moovitapp.com/index/pt-br/transporte_p%C3%BAblico-line-507-Sao_Paulo-242-2038937-36419529-0,5.65,-23.594531250000003,-46.752536750000004,,,,1,2023-06-15T14:12:16+00:00
SAO_775P-10,São Paulo,3550308,True,EMTU,507,https://moovitapp.com/index/pt-br/transporte_p%C3%BAblico-line-507-Sao_Paulo-242-2038937-36419529-0,5.65,-23.5770875,-46.70783025,,,,1,2023-06-15T14:11:40+00:00
SAO_6015-10,São Paulo,3550308,True,,1205,,,-23.669539,-46.7358925,,,,1,2023-06-15T14:12:07+00:00
SAO_6015-10,São Paulo,3550308,True,,1205,,,-23.667926,-46.73201,,,,1,2023-06-15T14:11:43+00:00
SAO_6015-10,São Paulo,3550308,True,,1205,,,-23.732263,-46.786442,,,,1,2023-06-15T14:11:56+00:00
SAO_6015-10,São Paulo,3550308,True,,1205,,,-23.652537,-46.70586175,,,,1,2023-06-15T14:12:09+00:00
SAO_6015-10,São Paulo,3550308,True,,1205,,,-23.683546999999997,-46.7694185,,,,1,2023-06-15T14:11:45+00:00
SAO_6015-10,São Paulo,3550308,True,,1205,,,-23.71137775,-46.782644250000004,,,,1,2023-06-15T14:12:22+00:00
SAO_6015-10,São Paulo,3550308,True,,1205,,,-23.708939,-46.78394525,,,,1,2023-06-15T14:11:58+00:00
SAO_6015-10,São Paulo,3550308,True,,1205,,,-23.670386999999998,-46.7386205,,,,1,2023-06-15T14:11:40+00:00
SAO_6015-10,São Paulo,3550308,True,,1205,,,-23.6672905,-46.727228,,,,1,2023-06-15T14:11:56+00:00
SAO_6015-10,São Paulo,3550308,True,,1205,,,-23.668376000000002,-46.732871,,,,1,2023-06-15T14:12:18+00:00
SAO_6015-10,São Paulo,3550308,True,,1205,,,-23.6672905,-46.727228,,,,1,2023-06-15T14:11:52+00:00
SAO_3026-10,São Paulo,3550308,True,,962,,,-23.5827675,-46.386084,,,,1,2023-06-15T14:11:55+00:00
SAO_3026-10,São Paulo,3550308,True,,962,,,-23.54247075,-46.41617375,,,,1,2023-06-15T14:12:12+00:00
SAO_3026-10,São Paulo,3550308,True,,962,,,-23.56257875,-46.405970749999994,,,,1,2023-06-15T14:11:37+00:00
SAO_3026-10,São Paulo,3550308,True,,962,,,-23.589112999999998,-46.382908,,,,1,2023-06-15T14:11:56+00:00
SAO_3026-10,São Paulo,3550308,True,,962,,,-23.580423500000002,-46.387677499999995,,,,1,2023-06-15T14:12:11+00:00
SAO_3026-10,São Paulo,3550308,True,,962,,,-23.545553499999997,-46.411281,,,,1,2023-06-15T14:11:59+00:00
SAO_3026-10,São Paulo,3550308,True,,962,,,-23.543322,-46.4124555,,,,1,2023-06-15T14:07:06+00:00
SAO_3026-10,São Paulo,3550308,True,,962,,,-23.5493345,-46.412491,,,,1,2023-06-15T14:11:13+00:00
SAO_7016-10,São Paulo,3550308,True,,34886,,,-23.6886205,-46.77281625,,,,2,2023-06-15T14:12:11+00:00
SAO_7016-10,São Paulo,3550308,True,,34886,,,-23.66733575,-46.729094249999996,,,,2,2023-06-15T14:12:01+00:00
SAO_7016-10,São Paulo,3550308,True,,34886,,,-23.6886205,-46.77281625,,,,2,2023-06-15T14:11:59+00:00
SAO_3721-10,São Paulo,3550308,True,,1019,,,-23.5404345,-46.48488075,,,,1,2023-06-15T14:12:19+00:00
SAO_3721-10,São Paulo,3550308,True,,1019,,,-23.5641785,-46.5039335,,,,1,2023-06-15T14:11:45+00:00
SAO_3721-10,São Paulo,3550308,True,,1019,,,-23.565102500000002,-46.494727999999995,,,,1,2023-06-15T14:12:13+00:00
SAO_3721-10,São Paulo,3550308,True,,1019,,,-23.5630785,-46.5055855,,,,1,2023-06-15T14:12:21+00:00
SAO_3721-10,São Paulo,3550308,True,,1019,,,-23.554313,-46.491979,,,,1,2023-06-15T14:12:09+00:00
SAO_3721-10,São Paulo,3550308,True,,1019,,,-23.5404345,-46.48488075,,,,1,2023-06-15T14:12:12+00:00
SAO_3721-10,São Paulo,3550308,True,,1019,,,-23.554313,-46.491979,,,,1,2023-06-15T14:12:06+00:00
SAO_2715-10,São Paulo,3550308,True,,33696,,,-23.4981815,-46.502826,,,,2,2023-06-15T14:12:20+00:00
SAO_2715-10,São Paulo,3550308,True,,33696,,,-23.4957305,-46.501543999999996,,,,2,2023-06-15T14:11:50+00:00
SAO_2715-10,São Paulo,3550308,True,,33696,,,-23.5076525,-46.500425,,,,2,2023-06-15T14:11:03+00:00
SAO_2715-10,São Paulo,3550308,True,,33696,,,-23.5161835,-46.4981725,,,,2,2023-06-15T14:11:44+00:00
SAO_2715-10,São Paulo,3550308,True,,33696,,,-23.525123625,-46.50150225,,,,2,2023-06-15T14:11:42+00:00
SAO_546T-10,São Paulo,3550308,True,,33040,,,-23.7019315,-46.636806,,,,2,2023-06-15T14:11:53+00:00
SAO_546T-10,São Paulo,3550308,True,,33040,,,-23.654133,-46.7095305,,,,2,2023-06-15T14:11:33+00:00
SAO_546T-10,São Paulo,3550308,True,,33040,,,-23.69598,-46.676033000000004,,,,2,2023-06-15T14:12:18+00:00
SAO_546T-10,São Paulo,3550308,True,,33040,,,-23.680373,-46.683829,,,,2,2023-06-15T14:12:19+00:00
SAO_546T-10,São Paulo,3550308,True,,33040,,,-23.683809250000003,-46.6813975,,,,2,2023-06-15T14:11:47+00:00
SAO_546T-10,São Paulo,3550308,True,,33040,,,-23.701893,-46.6366575,,,,2,2023-06-15T14:12:10+00:00
SAO_546T-10,São Paulo,3550308,True,,33040,,,-23.698926999999998,-46.647592,,,,2,2023-06-15T14:12:09+00:00
SAO_546T-10,São Paulo,3550308,True,,33040,,,-23.6896055,-46.679253,,,,2,2023-06-15T14:12:13+00:00
SAO_546T-10,São Paulo,3550308,True,,33040,,,-23.702892499999997,-46.638551,,,,2,2023-06-15T14:12:07+00:00
SAO_8500-10,São Paulo,3550308,True,,34035,,,-23.518918375,-46.675976000000006,,,,2,2023-06-15T14:12:16+00:00
SAO_8500-10,São Paulo,3550308,True,,34035,,,-23.515133,-46.6971045,,,,2,2023-06-15T14:11:41+00:00
SAO_8500-10,São Paulo,3550308,True,,34035,,,-23.488419,-46.7130205,,,,2,2023-06-15T14:11:38+00:00
SAO_8500-10,São Paulo,3550308,True,,34035,,,-23.515665875,-46.687678625,,,,2,2023-06-15T14:12:15+00:00
SAO_8500-10,São Paulo,3550308,True,,34035,,,-23.4940865,-46.70895350000001,,,,2,2023-06-15T14:12:00+00:00
SAO_2583-10,São Paulo,3550308,True,,33143,,,-23.49209975,-46.44760375,,,,2,2023-06-15T14:12:20+00:00
SAO_2583-10,São Paulo,3550308,True,,33143,,,-23.5162645,-46.520904,,,,2,2023-06-15T14:11:55+00:00
SAO_807M-10,São Paulo,3550308,True,,1916,,,-23.61605625,-46.705338499999996,,,,1,2023-06-15T14:11:54+00:00
SAO_807M-10,São Paulo,3550308,True,,1916,,,-23.607549,-46.725491000000005,,,,1,2023-06-15T14:12:10+00:00
SAO_807M-10,São Paulo,3550308,True,,1916,,,-23.608897,-46.7516605,,,,1,2023-06-15T14:11:41+00:00
SAO_807M-10,São Paulo,3550308,True,,1916,,,-23.604429250000003,-46.70894725,,,,1,2023-06-15T14:12:01+00:00
SAO_807M-10,São Paulo,3550308,True,,1916,,,-23.620524,-46.699798,,,,1,2023-06-15T14:12:08+00:00
SAO_807M-10,São Paulo,3550308,True,,1916,,,-23.608397000000004,-46.708709,,,,1,2023-06-15T14:11:58+00:00
SAO_807M-10,São Paulo,3550308,True,,1916,,,-23.618555999999998,-46.6992355,,,,1,2023-06-15T14:11:41+00:00
SAO_807M-10,São Paulo,3550308,True,,1916,,,-23.6126525,-46.754761,,,,1,2023-06-15T14:12:15+00:00
SAO_807M-10,São Paulo,3550308,True,,1916,,,-23.618555999999998,-46.6992355,,,,1,2023-06-15T14:11:46+00:00
SAO_807M-10,São Paulo,3550308,True,,1916,,,-23.623753,-46.7495505,,,,1,2023-06-15T14:11:43+00:00
SAO_807M-10,São Paulo,3550308,True,,1916,,,-23.625173500000002,-46.765011,,,,1,2023-06-15T14:12:10+00:00
SAO_807M-10,São Paulo,3550308,True,,1916,,,-23.614710000000002,-46.7327535,,,,1,2023-06-15T14:11:57+00:00
SAO_807M-10,São Paulo,3550308,True,,1916,,,-23.612494125,-46.729085625,,,,1,2023-06-15T14:12:11+00:00
SAO_7545-10,São Paulo,3550308,True,,33272,,,-23.560107,-46.67144275,,,,2,2023-06-15T14:12:21+00:00
SAO_7545-10,São Paulo,3550308,True,,33272,,,-23.5710085,-46.691238999999996,,,,2,2023-06-15T14:12:16+00:00
SAO_7545-10,São Paulo,3550308,True,,33272,,,-23.546598000000003,-46.6452975,,,,2,2023-06-15T14:12:13+00:00
SAO_7545-10,São Paulo,3550308,True,,33272,,,-23.57742125,-46.724182,,,,2,2023-06-15T14:12:20+00:00
SAO_7545-10,São Paulo,3550308,True,,33272,,,-23.5935695,-46.7851115,,,,2,2023-06-15T14:12:00+00:00
SAO_7545-10,São Paulo,3550308,True,,33272,,,-23.588495625,-46.76624975,,,,2,2023-06-15T14:11:53+00:00
SAO_7545-10,São Paulo,3550308,True,,33272,,,-23.601537,-46.791821999999996,,,,2,2023-06-15T14:12:03+00:00
SAO_7545-10,São Paulo,3550308,True,,33272,,,-23.585392499999998,-46.7625915,,,,2,2023-06-15T14:11:49+00:00
SAO_7545-10,São Paulo,3550308,True,,33272,,,-23.5476045,-46.640784,,,,2,2023-06-15T14:12:01+00:00
SAO_6057-10,São Paulo,3550308,True,,1148,,,-23.751953,-46.7106735,,,,1,2023-06-15T14:12:17+00:00
SAO_6057-10,São Paulo,3550308,True,,1148,,,-23.766551999999997,-46.7091615,,,,1,2023-06-15T14:12:09+00:00
SAO_6057-10,São Paulo,3550308,True,,1148,,,-23.766551999999997,-46.7091615,,,,1,2023-06-15T14:11:51+00:00
SAO_6057-10,São Paulo,3550308,True,,1148,,,-23.7380205,-46.697914499999996,,,,1,2023-06-15T14:12:11+00:00
SAO_6057-10,São Paulo,3550308,True,,1148,,,-23.76305,-46.70513699999999,,,,1,2023-06-15T14:11:45+00:00
SAO_6057-10,São Paulo,3550308,True,,1148,,,-23.766551999999997,-46.7091615,,,,1,2023-06-15T14:11:52+00:00
SAO_6057-10,São Paulo,3550308,True,,1148,,,-23.7367155,-46.697201,,,,1,2023-06-15T14:11:54+00:00
SAO_5164-10,São Paulo,3550308,True,,34051,,,-23.60416,-46.636821499999996,,,,2,2023-06-15T14:12:06+00:00
SAO_5164-10,São Paulo,3550308,True,,34051,,,-23.651045,-46.6536055,,,,2,2023-06-15T14:11:54+00:00
SAO_5164-10,São Paulo,3550308,True,,34051,,,-23.649358375,-46.6614115,,,,2,2023-06-15T14:12:06+00:00
SAO_5164-10,São Paulo,3550308,True,,34051,,,-23.6288785,-46.64541825,,,,2,2023-06-15T14:11:23+00:00
SAO_2721-10,São Paulo,3550308,True,,33702,,,-23.52581875,-46.4457,,,,2,2023-06-15T14:12:01+00:00
SAO_2721-10,São Paulo,3550308,True,,33702,,,-23.5195875,-46.40194175,,,,2,2023-06-15T14:12:07+00:00
SAO_2721-10,São Paulo,3550308,True,,33702,,,-23.52581875,-46.4457,,,,2,2023-06-15T14:11:50+00:00
SAO_2721-10,São Paulo,3550308,True,,33702,,,-23.514619500000002,-46.4438655,,,,2,2023-06-15T14:11:42+00:00
SAO_2721-10,São Paulo,3550308,True,,33702,,,-23.49993475,-46.440124999999995,,,,2,2023-06-15T14:11:45+00:00
SAO_2721-10,São Paulo,3550308,True,,33702,,,-23.493424500000003,-46.441241000000005,,,,2,2023-06-15T14:11:47+00:00
SAO_2721-10,São Paulo,3550308,True,,33702,,,-23.494115999999998,-46.420691375000004,,,,2,2023-06-15T14:12:07+00:00
SAO_2721-10,São Paulo,3550308,True,,33702,,,-23.50194225,-46.41126800000001,,,,2,2023-06-15T14:12:09+00:00
SAO_2721-10,São Paulo,3550308,True,,33702,,,-23.519723499999998,-46.4094305,,,,2,2023-06-15T14:12:21+00:00
SAO_4035-10,São Paulo,3550308,True,,35328,,,-23.5463625,-46.4478805,,,,2,2023-06-15T14:10:24+00:00
SAO_4035-10,São Paulo,3550308,True,,35328,,,-23.540217,-46.4511655,,,,2,2023-06-15T14:11:58+00:00
SAO_4035-10,São Paulo,3550308,True,,35328,,,-23.553735,-46.413339500000006,,,,2,2023-06-15T14:12:09+00:00
SAO_2722-10,São Paulo,3550308,True,Urubupungá,935,https://moovitapp.com/index/pt-br/transporte_p%C3%BAblico-line-935-Sao_Paulo-242-873835-76437456-0,4.6,-23.490014000000002,-46.490151,,,,1,2023-06-15T14:09:28+00:00
SAO_2722-10,São Paulo,3550308,True,Urubupungá,935,https://moovitapp.com/index/pt-br/transporte_p%C3%BAblico-line-935-Sao_Paulo-242-873835-76437456-0,4.6,-23.52138025,-46.515987249999995,,,,1,2023-06-15T14:09:24+00:00
SAO_2722-10,São Paulo,3550308,True,Urubupungá,935,https://moovitapp.com/index/pt-br/transporte_p%C3%BAblico-line-935-Sao_Paulo-242-873835-76437456-0,4.6,-23.50896625,-46.4956785,,,,1,2023-06-15T14:11:41+00:00
SAO_2722-10,São Paulo,3550308,True,Urubupungá,935,https://moovitapp.com/index/pt-br/transporte_p%C3%BAblico-line-935-Sao_Paulo-242-873835-76437456-0,4.6,-23.50224,-46.49399625,,,,1,2023-06-15T14:12:12+00:00
SAO_2722-10,São Paulo,3550308,True,Urubupungá,935,https://moovitapp.com/index/pt-br/transporte_p%C3%BAblico-line-935-Sao_Paulo-242-873835-76437456-0,4.6,-23.528723,-46.5164685,,,,1,2023-06-15T14:11:48+00:00
SAO_2722-10,São Paulo,3550308,True,Urubupungá,935,https://moovitapp.com/index/pt-br/transporte_p%C3%BAblico-line-935-Sao_Paulo-242-873835-76437456-0,4.6,-23.5201605,-46.514399999999995,,,,1,2023-06-15T14:11:46+00:00
SAO_2722-10,São Paulo,3550308,True,Urubupungá,935,https://moovitapp.com/index/pt-br/transporte_p%C3%BAblico-line-935-Sao_Paulo-242-873835-76437456-0,4.6,-23.51862675,-46.51180975,,,,1,2023-06-15T14:12:11+00:00
SAO_2722-10,São Paulo,3550308,True,Urubupungá,935,https://moovitapp.com/index/pt-br/transporte_p%C3%BAblico-line-935-Sao_Paulo-242-873835-76437456-0,4.6,-23.488386499999997,-46.502605,,,,1,2023-06-15T14:11:49+00:00
SAO_8050-10,São Paulo,3550308,True,,33180,,,-23.513661499999998,-46.726237,,,,2,2023-06-15T14:12:10+00:00
SAO_8050-10,São Paulo,3550308,True,,33180,,,-23.438670000000002,-46.7904075,,,,2,2023-06-15T14:11:55+00:00
SAO_8050-10,São Paulo,3550308,True,,33180,,,-23.4474415,-46.787465999999995,,,,2,2023-06-15T14:12:04+00:00
SAO_8050-10,São Paulo,3550308,True,,33180,,,-23.44156,-46.790466499999994,,,,2,2023-06-15T14:11:42+00:00
SAO_502J-10,São Paulo,3550308,True,,1275,,,-23.654307250000002,-46.6672095,,,,1,2023-06-15T14:12:18+00:00
SAO_502J-10,São Paulo,3550308,True,,1275,,,-23.59849425,-46.63818525,,,,1,2023-06-15T14:11:41+00:00
SAO_502J-10,São Paulo,3550308,True,,1275,,,-23.6609925,-46.6696515,,,,1,2023-06-15T14:11:39+00:00
SAO_502J-10,São Paulo,3550308,True,,1275,,,-23.604057125,-46.636474750000005,,,,1,2023-06-15T14:12:12+00:00
SAO_502J-10,São Paulo,3550308,True,,1275,,,-23.6326295,-46.6470665,,,,1,2023-06-15T14:12:13+00:00
SAO_502J-10,São Paulo,3550308,True,,1275,,,-23.691179499999997,-46.6707635,,,,1,2023-06-15T14:12:18+00:00
SAO_502J-10,São Paulo,3550308,True,,1275,,,-23.686982,-46.668565,,,,1,2023-06-15T14:10:39+00:00
SAO_502J-10,São Paulo,3550308,True,,1275,,,-23.599652125000002,-46.635942375,,,,1,2023-06-15T14:12:01+00:00
SAO_502J-10,São Paulo,3550308,True,,1275,,,-23.614653000000004,-46.638291374999994,,,,1,2023-06-15T14:12:18+00:00
SAO_502J-10,São Paulo,3550308,True,,1275,,,-23.675676,-46.66063125,,,,1,2023-06-15T14:12:01+00:00
SAO_502J-10,São Paulo,3550308,True,,1275,,,-23.62720175,-46.64218175,,,,1,2023-06-15T14:11:56+00:00
SAO_502J-10,São Paulo,3550308,True,,1275,,,-23.616099000000002,-46.638611374999996,,,,1,2023-06-15T14:11:43+00:00
SAO_502J-10,São Paulo,3550308,True,,1275,,,-23.638734999999997,-46.6582925,,,,1,2023-06-15T14:12:19+00:00
SAO_502J-10,São Paulo,3550308,True,,1275,,,-23.705199,-46.689096000000006,,,,1,2023-06-15T14:11:44+00:00
SAO_637V-10,São Paulo,3550308,True,,32872,,,-23.66684575,-46.71265124999999,,,,2,2023-06-15T14:12:03+00:00
SAO_637V-10,São Paulo,3550308,True,,32872,,,-23.738457,-46.688978500000005,,,,2,2023-06-15T14:11:44+00:00
SAO_637V-10,São Paulo,3550308,True,,32872,,,-23.723402,-46.688264000000004,,,,2,2023-06-15T14:11:53+00:00
SAO_9501-10,São Paulo,3550308,True,,33230,,,-23.4742495,-46.669781,,,,2,2023-06-15T14:12:18+00:00
SAO_9501-10,São Paulo,3550308,True,,33230,,,-23.523066999999998,-46.6544265,,,,2,2023-06-15T14:12:19+00:00
SAO_9501-10,São Paulo,3550308,True,,33230,,,-23.481600999999998,-46.674812,,,,2,2023-06-15T14:11:47+00:00
SAO_9501-10,São Paulo,3550308,True,,33230,,,-23.537172499999997,-46.6418485,,,,2,2023-06-15T14:11:58+00:00
SAO_9501-10,São Paulo,3550308,True,,33230,,,-23.4923645,-46.685142,,,,2,2023-06-15T14:12:21+00:00
SAO_9501-10,São Paulo,3550308,True,,33230,,,-23.498760500000003,-46.685218500000005,,,,2,2023-06-15T14:12:11+00:00
SAO_9501-10,São Paulo,3550308,True,,33230,,,-23.521480750000002,-46.666559,,,,2,2023-06-15T14:12:18+00:00
SAO_9501-10,São Paulo,3550308,True,,33230,,,-23.4805165,-46.673632,,,,2,2023-06-15T14:11:51+00:00
SAO_9501-10,São Paulo,3550308,True,,33230,,,-23.542870999999998,-46.638625000000005,,,,2,2023-06-15T14:11:56+00:00
SAO_4031-10,São Paulo,3550308,True,,1101,,,-23.594013875,-46.544146874999996,,,,1,2023-06-15T14:12:01+00:00
SAO_4031-10,São Paulo,3550308,True,,1101,,,-23.590247749999996,-46.588074,,,,1,2023-06-15T14:12:03+00:00
SAO_4031-10,São Paulo,3550308,True,,1101,,,-23.590746000000003,-46.551272499999996,,,,1,2023-06-15T14:12:04+00:00
SAO_4031-10,São Paulo,3550308,True,,1101,,,-23.6047565,-46.515227499999995,,,,1,2023-06-15T14:12:10+00:00
SAO_4031-10,São Paulo,3550308,True,,1101,,,-23.5844595,-46.582978499999996,,,,1,2023-06-15T14:11:41+00:00
SAO_4031-10,São Paulo,3550308,True,,1101,,,-23.593271,-46.560283,,,,1,2023-06-15T14:12:19+00:00
SAO_4031-10,São Paulo,3550308,True,,1101,,,-23.614906,-46.514708999999996,,,,1,2023-06-15T14:12:20+00:00
SAO_4031-10,São Paulo,3550308,True,,1101,,,-23.602559499999998,-46.5300465,,,,1,2023-06-15T14:12:22+00:00
SAO_4031-10,São Paulo,3550308,True,,1101,,,-23.577776,-46.576974250000006,,,,1,2023-06-15T14:12:03+00:00
SAO_4031-10,São Paulo,3550308,True,,1101,,,-23.5835255,-46.568728500000006,,,,1,2023-06-15T14:12:01+00:00
SAO_342C-10,São Paulo,3550308,True,,1002,,,-23.522050999999998,-46.5265755,,,,1,2023-06-15T14:12:10+00:00
SAO_342C-10,São Paulo,3550308,True,,1002,,,-23.5642575,-46.49419,,,,1,2023-06-15T14:11:51+00:00
SAO_342C-10,São Paulo,3550308,True,,1002,,,-23.543487,-46.4927195,,,,1,2023-06-15T14:11:54+00:00
SAO_342C-10,São Paulo,3550308,True,,1002,,,-23.544131,-46.5194105,,,,1,2023-06-15T14:12:13+00:00
SAO_5128-10,São Paulo,3550308,True,,33896,,,-23.7122905,-46.651968499999995,,,,2,2023-06-15T14:12:09+00:00
SAO_5128-10,São Paulo,3550308,True,,33896,,,-23.711942,-46.652472,,,,2,2023-06-15T14:11:45+00:00
SAO_5128-10,São Paulo,3550308,True,,33896,,,-23.653316375,-46.637170999999995,,,,2,2023-06-15T14:11:39+00:00
SAO_5128-10,São Paulo,3550308,True,,33896,,,-23.6390905,-46.6413445,,,,2,2023-06-15T14:11:52+00:00
SAO_5128-10,São Paulo,3550308,True,,33896,,,-23.7050285,-46.6514095,,,,2,2023-06-15T14:09:13+00:00
SAO_5128-10,São Paulo,3550308,True,,33896,,,-23.701849000000003,-46.63941,,,,2,2023-06-15T14:11:52+00:00
SAO_5128-10,São Paulo,3550308,True,,33896,,,-23.7122905,-46.651968499999995,,,,2,2023-06-15T14:12:10+00:00
SAO_3161-10,São Paulo,3550308,True,,1084,,,-23.5773835,-46.575357749999995,,,,1,2023-06-15T14:11:40+00:00
SAO_3161-10,São Paulo,3550308,True,,1084,,,-23.55406275,-46.61549,,,,1,2023-06-15T14:11:57+00:00
SAO_3161-10,São Paulo,3550308,True,,1084,,,-23.562554875,-46.591642625,,,,1,2023-06-15T14:12:18+00:00
SAO_9500-10,São Paulo,3550308,True,,33229,,,-23.542425,-46.6356045,,,,2,2023-06-15T14:11:39+00:00
SAO_9500-10,São Paulo,3550308,True,,33229,,,-23.4748585,-46.670092,,,,2,2023-06-15T14:11:37+00:00
SAO_9500-10,São Paulo,3550308,True,,33229,,,-23.474438499999998,-46.669928999999996,,,,2,2023-06-15T14:11:48+00:00
SAO_9500-10,São Paulo,3550308,True,,33229,,,-23.50628275,-46.666710875,,,,2,2023-06-15T14:11:57+00:00
SAO_9500-10,São Paulo,3550308,True,,33229,,,-23.523972125,-46.649961125000004,,,,2,2023-06-15T14:12:16+00:00
SAO_8006-10,São Paulo,3550308,True,,34024,,,-23.487215,-46.726875,,,,2,2023-06-15T14:12:06+00:00
SAO_8006-10,São Paulo,3550308,True,,34024,,,-23.434585,-46.7359005,,,,2,2023-06-15T14:11:58+00:00
SAO_8006-10,São Paulo,3550308,True,,34024,,,-23.44001875,-46.73371925000001,,,,2,2023-06-15T14:11:01+00:00
SAO_8006-10,São Paulo,3550308,True,,34024,,,-23.432887,-46.7297695,,,,2,2023-06-15T14:12:02+00:00
SAO_8006-10,São Paulo,3550308,True,,34024,,,-23.457594,-46.71914975,,,,2,2023-06-15T14:11:58+00:00
SAO_7062-41,São Paulo,3550308,True,,35039,,,-23.653907,-46.7663715,,,,2,2023-06-15T14:11:44+00:00
SAO_7062-41,São Paulo,3550308,True,,35039,,,-23.649641000000003,-46.7594945,,,,2,2023-06-15T14:11:39+00:00
SAO_6051-10,São Paulo,3550308,True,,33911,,,-23.7628215,-46.688933500000005,,,,2,2023-06-15T14:11:56+00:00
SAO_6051-10,São Paulo,3550308,True,,33911,,,-23.771882,-46.710725499999995,,,,2,2023-06-15T14:12:17+00:00
SAO_5012-10,São Paulo,3550308,True,,1116,,,-23.7004575,-46.6406505,,,,1,2023-06-15T14:11:41+00:00
SAO_5012-10,São Paulo,3550308,True,,1116,,,-23.6697305,-46.638155499999996,,,,1,2023-06-15T14:12:13+00:00
SAO_5012-10,São Paulo,3550308,True,,1116,,,-23.694883250000004,-46.632391875,,,,1,2023-06-15T14:12:15+00:00
SAO_5012-10,São Paulo,3550308,True,,1116,,,-23.6508885,-46.6398135,,,,1,2023-06-15T14:11:57+00:00
SAO_5012-10,São Paulo,3550308,True,,1116,,,-23.6460035,-46.6402605,,,,1,2023-06-15T14:11:56+00:00
SAO_5012-10,São Paulo,3550308,True,,1116,,,-23.6753735,-46.642289500000004,,,,1,2023-06-15T14:05:56+00:00
SAO_5012-10,São Paulo,3550308,True,,1116,,,-23.712982750000002,-46.635701,,,,1,2023-06-15T14:11:08+00:00
SAO_5012-10,São Paulo,3550308,True,,1116,,,-23.7097155,-46.6354455,,,,1,2023-06-15T14:12:12+00:00
SAO_5012-10,São Paulo,3550308,True,,1116,,,-23.69509075,-46.632521125000004,,,,1,2023-06-15T14:11:36+00:00
SAO_5012-10,São Paulo,3550308,True,,1116,,,-23.68527075,-46.6332995,,,,1,2023-06-15T14:11:55+00:00
SAO_5012-10,São Paulo,3550308,True,,1116,,,-23.7020775,-46.636300500000004,,,,1,2023-06-15T14:12:14+00:00
SAO_5290-10,São Paulo,3550308,True,,33365,,,-23.54893,-46.62942425,,,,2,2023-06-15T14:12:19+00:00
SAO_5290-10,São Paulo,3550308,True,,33365,,,-23.5609555,-46.638529,,,,2,2023-06-15T14:11:50+00:00
SAO_5290-10,São Paulo,3550308,True,,33365,,,-23.643045,-46.6413835,,,,2,2023-06-15T14:11:37+00:00
SAO_5290-10,São Paulo,3550308,True,,33365,,,-23.597682,-46.636748,,,,2,2023-06-15T14:11:40+00:00
SAO_5290-10,São Paulo,3550308,True,,33365,,,-23.63270675,-46.645305,,,,2,2023-06-15T14:11:58+00:00
SAO_5290-10,São Paulo,3550308,True,,33365,,,-23.612827250000002,-46.63807025,,,,2,2023-06-15T14:11:37+00:00
SAO_5290-10,São Paulo,3550308,True,,33365,,,-23.630232999999997,-46.6468435,,,,2,2023-06-15T14:12:06+00:00
SAO_8026-10,São Paulo,3550308,True,,34851,,,-23.6242965,-46.749347,,,,2,2023-06-15T14:11:59+00:00
SAO_8026-10,São Paulo,3550308,True,,34851,,,-23.5943585,-46.743409,,,,2,2023-06-15T14:12:13+00:00
SAO_8026-10,São Paulo,3550308,True,,34851,,,-23.61692275,-46.74291825,,,,2,2023-06-15T14:12:05+00:00
SAO_8026-10,São Paulo,3550308,True,,34851,,,-23.632875,-46.7479035,,,,2,2023-06-15T14:12:12+00:00
SAO_2772-10,São Paulo,3550308,True,,398,,,-23.50722775,-46.486737250000004,,,,1,2023-06-15T14:11:43+00:00
SAO_2772-10,São Paulo,3550308,True,,398,,,-23.49469925,-46.4135045,,,,1,2023-06-15T14:12:02+00:00
SAO_2772-10,São Paulo,3550308,True,,398,,,-23.494838,-46.437851499999994,,,,1,2023-06-15T14:09:36+00:00
SAO_2772-10,São Paulo,3550308,True,,398,,,-23.528746375,-46.527903875,,,,1,2023-06-15T14:12:20+00:00
SAO_857P-10,São Paulo,3550308,True,,34694,,,-23.560971000000002,-46.65690549999999,,,,2,2023-06-15T14:12:18+00:00
SAO_857P-10,São Paulo,3550308,True,,34694,,,-23.594966,-46.7383765,,,,2,2023-06-15T14:12:05+00:00
SAO_857P-10,São Paulo,3550308,True,,34694,,,-23.5755255,-46.642718625,,,,2,2023-06-15T14:12:17+00:00
SAO_857P-10,São Paulo,3550308,True,,34694,,,-23.631508,-46.7726,,,,2,2023-06-15T14:11:47+00:00
SAO_857P-10,São Paulo,3550308,True,,34694,,,-23.609004,-46.751954250000004,,,,2,2023-06-15T14:12:17+00:00
SAO_857P-10,São Paulo,3550308,True,,34694,,,-23.564365000000002,-46.6782645,,,,2,2023-06-15T14:11:59+00:00
SAO_857P-10,São Paulo,3550308,True,,34694,,,-23.5708805,-46.644690375,,,,2,2023-06-15T14:12:13+00:00
SAO_857P-10,São Paulo,3550308,True,,34694,,,-23.617719,-46.758205000000004,,,,2,2023-06-15T14:12:03+00:00
SAO_971R-42,São Paulo,3550308,True,,33384,,,-23.4536085,-46.698529,,,,2,2023-06-15T14:12:02+00:00
SAO_971R-42,São Paulo,3550308,True,,33384,,,-23.498382499999998,-46.6399835,,,,2,2023-06-15T14:11:37+00:00
SAO_971R-42,São Paulo,3550308,True,,33384,,,-23.436899500000003,-46.739963,,,,2,2023-06-15T14:12:01+00:00
SAO_7011-31,São Paulo,3550308,True,,1954,,,-23.701182000000003,-46.7898105,,,,1,2023-06-15T14:12:18+00:00
SAO_7011-31,São Paulo,3550308,True,,1954,,,-23.69138175,-46.77535775,,,,1,2023-06-15T14:12:20+00:00
SAO_2666-10,São Paulo,3550308,True,,33146,,,-23.5464055,-46.6307785,,,,2,2023-06-15T14:12:03+00:00
SAO_2666-10,São Paulo,3550308,True,,33146,,,-23.4923,-46.445477,,,,2,2023-06-15T14:12:00+00:00
SAO_2666-10,São Paulo,3550308,True,,33146,,,-23.5429045,-46.61651275,,,,2,2023-06-15T14:12:20+00:00
SAO_2666-10,São Paulo,3550308,True,,33146,,,-23.5186745,-46.387703,,,,2,2023-06-15T14:12:06+00:00
SAO_2666-10,São Paulo,3550308,True,,33146,,,-23.542247500000002,-46.61546725,,,,2,2023-06-15T14:10:21+00:00
SAO_2666-10,São Paulo,3550308,True,,33146,,,-23.535142625,-46.58197975,,,,2,2023-06-15T14:12:01+00:00
SAO_2666-10,São Paulo,3550308,True,,33146,,,-23.518412250000004,-46.391846125,,,,2,2023-06-15T14:12:20+00:00
SAO_857A-10,São Paulo,3550308,True,,1925,,,-23.5952105,-46.738663,,,,1,2023-06-15T14:11:57+00:00
SAO_857A-10,São Paulo,3550308,True,,1925,,,-23.6094905,-46.751911,,,,1,2023-06-15T14:12:18+00:00
SAO_857A-10,São Paulo,3550308,True,,1925,,,-23.59849075,-46.63781375,,,,1,2023-06-15T14:11:53+00:00
SAO_857A-10,São Paulo,3550308,True,,1925,,,-23.5958135,-46.650927249999995,,,,1,2023-06-15T14:12:18+00:00
SAO_857A-10,São Paulo,3550308,True,,1925,,,-23.567496,-46.6940125,,,,1,2023-06-15T14:12:18+00:00
SAO_857A-10,São Paulo,3550308,True,,1925,,,-23.5730805,-46.705319,,,,1,2023-06-15T14:12:14+00:00
SAO_2762-10,São Paulo,3550308,True,,144,,,-23.495764,-46.5076875,,,,1,2023-06-15T14:11:55+00:00
SAO_2762-10,São Paulo,3550308,True,,144,,,-23.498379749999998,-46.48043125,,,,1,2023-06-15T14:12:16+00:00
SAO_2762-10,São Paulo,3550308,True,,144,,,-23.519504375,-46.549013375,,,,1,2023-06-15T14:11:36+00:00
SAO_2762-10,São Paulo,3550308,True,,144,,,-23.4968635,-46.49647075,,,,1,2023-06-15T14:12:16+00:00
SAO_2762-10,São Paulo,3550308,True,,144,,,-23.531755500000003,-46.55994225,,,,1,2023-06-15T14:10:14+00:00
SAO_2762-10,São Paulo,3550308,True,,144,,,-23.5399035,-46.5769205,,,,1,2023-06-15T14:11:57+00:00
SAO_2762-10,São Paulo,3550308,True,,144,,,-23.504564000000002,-46.538608499999995,,,,1,2023-06-15T14:10:32+00:00
SAO_6450-10,São Paulo,3550308,True,,32827,,,-23.600961499999997,-46.67407025,,,,2,2023-06-15T14:12:23+00:00
SAO_6450-10,São Paulo,3550308,True,,32827,,,-23.642334499999997,-46.740688000000006,,,,2,2023-06-15T14:11:38+00:00
SAO_6450-10,São Paulo,3550308,True,,32827,,,-23.644823000000002,-46.71825025,,,,2,2023-06-15T14:12:22+00:00
SAO_6450-10,São Paulo,3550308,True,,32827,,,-23.573234875,-46.666225875,,,,2,2023-06-15T14:12:10+00:00
SAO_6450-10,São Paulo,3550308,True,,32827,,,-23.572814375,-46.665649375,,,,2,2023-06-15T14:12:10+00:00
SAO_6450-10,São Paulo,3550308,True,,32827,,,-23.603011875,-46.674597750000004,,,,2,2023-06-15T14:12:12+00:00
SAO_6450-10,São Paulo,3550308,True,,32827,,,-23.59051425,-46.672543000000005,,,,2,2023-06-15T14:12:11+00:00
SAO_6450-10,São Paulo,3550308,True,,32827,,,-23.5889025,-46.67206025,,,,2,2023-06-15T14:12:03+00:00
SAO_6450-10,São Paulo,3550308,True,,32827,,,-23.6542305,-46.7623055,,,,2,2023-06-15T14:12:13+00:00
SAO_6450-10,São Paulo,3550308,True,,32827,,,-23.6488675,-46.7535655,,,,2,2023-06-15T14:11:46+00:00
SAO_6450-10,São Paulo,3550308,True,,32827,,,-23.586576,-46.67132825,,,,2,2023-06-15T14:12:10+00:00
SAO_6450-10,São Paulo,3550308,True,,32827,,,-23.553145,-46.647852,,,,2,2023-06-15T14:11:56+00:00
SAO_6450-10,São Paulo,3550308,True,,32827,,,-23.654127000000003,-46.762448000000006,,,,2,2023-06-15T14:11:42+00:00
SAO_2019-10,São Paulo,3550308,True,,33673,,,-23.530417749999998,-46.534181625,,,,2,2023-06-15T14:10:45+00:00
SAO_2019-10,São Paulo,3550308,True,,33673,,,-23.5246595,-46.5457945,,,,2,2023-06-15T14:12:15+00:00
SAO_2019-10,São Paulo,3550308,True,,33673,,,-23.529691999999997,-46.47905,,,,2,2023-06-15T14:12:03+00:00
SAO_1156-10,São Paulo,3550308,True,,33427,,,-23.527603,-46.6307975,,,,2,2023-06-15T14:11:54+00:00
SAO_1156-10,São Paulo,3550308,True,,33427,,,-23.495265500000002,-46.5759555,,,,2,2023-06-15T14:12:14+00:00
SAO_1156-10,São Paulo,3550308,True,,33427,,,-23.540213,-46.63380175,,,,2,2023-06-15T14:12:15+00:00
SAO_1156-10,São Paulo,3550308,True,,33427,,,-23.543156,-46.635720000000006,,,,2,2023-06-15T14:12:01+00:00
SAO_1156-10,São Paulo,3550308,True,,33427,,,-23.4874285,-46.568459749999995,,,,2,2023-06-15T14:11:43+00:00
SAO_9032-21,São Paulo,3550308,True,,34583,,,-23.4737765,-46.6704455,,,,2,2023-06-15T14:12:10+00:00
SAO_778R-10,São Paulo,3550308,True,EMTU,509,https://moovitapp.com/index/pt-br/transporte_p%C3%BAblico-line-509-Sao_Paulo-242-2038937-36419531-0,4.95,-23.574025,-46.714432,,,,1,2023-06-15T14:12:08+00:00
SAO_778R-10,São Paulo,3550308,True,EMTU,509,https://moovitapp.com/index/pt-br/transporte_p%C3%BAblico-line-509-Sao_Paulo-242-2038937-36419531-0,4.95,-23.576071499999998,-46.72077,,,,1,2023-06-15T14:11:40+00:00
SAO_778R-10,São Paulo,3550308,True,EMTU,509,https://moovitapp.com/index/pt-br/transporte_p%C3%BAblico-line-509-Sao_Paulo-242-2038937-36419531-0,4.95,-23.584597000000002,-46.809635,,,,1,2023-06-15T14:11:58+00:00
SAO_778R-10,São Paulo,3550308,True,EMTU,509,https://moovitapp.com/index/pt-br/transporte_p%C3%BAblico-line-509-Sao_Paulo-242-2038937-36419531-0,4.95,-23.585599000000002,-46.762619,,,,1,2023-06-15T14:11:56+00:00
SAO_778R-10,São Paulo,3550308,True,EMTU,509,https://moovitapp.com/index/pt-br/transporte_p%C3%BAblico-line-509-Sao_Paulo-242-2038937-36419531-0,4.95,-23.5853845,-46.76473825,,,,1,2023-06-15T14:12:18+00:00
SAO_778R-10,São Paulo,3550308,True,EMTU,509,https://moovitapp.com/index/pt-br/transporte_p%C3%BAblico-line-509-Sao_Paulo-242-2038937-36419531-0,4.95,-23.5682005,-46.68521025,,,,1,2023-06-15T14:12:11+00:00
SAO_778R-10,São Paulo,3550308,True,EMTU,509,https://moovitapp.com/index/pt-br/transporte_p%C3%BAblico-line-509-Sao_Paulo-242-2038937-36419531-0,4.95,-23.53506275,-46.644746999999995,,,,1,2023-06-15T14:11:44+00:00
SAO_778R-10,São Paulo,3550308,True,EMTU,509,https://moovitapp.com/index/pt-br/transporte_p%C3%BAblico-line-509-Sao_Paulo-242-2038937-36419531-0,4.95,-23.58527,-46.804829999999995,,,,1,2023-06-15T14:12:09+00:00
SAO_3728-10,São Paulo,3550308,True,,33793,,,-23.55034,-46.487737249999995,,,,2,2023-06-15T14:11:47+00:00
SAO_3728-10,São Paulo,3550308,True,,33793,,,-23.5593165,-46.487939999999995,,,,2,2023-06-15T14:11:42+00:00
SAO_3728-10,São Paulo,3550308,True,,33793,,,-23.5433355,-46.48539675000001,,,,2,2023-06-15T14:12:20+00:00
SAO_3728-10,São Paulo,3550308,True,,33793,,,-23.5737035,-46.4903705,,,,2,2023-06-15T14:12:09+00:00
SAO_3728-10,São Paulo,3550308,True,,33793,,,-23.542556,-46.48409475,,,,2,2023-06-15T14:12:03+00:00
SAO_3728-10,São Paulo,3550308,True,,33793,,,-23.555161,-46.492176,,,,2,2023-06-15T14:12:06+00:00
SAO_3728-10,São Paulo,3550308,True,,33793,,,-23.542378,-46.48379425,,,,2,2023-06-15T14:11:43+00:00
SAO_3728-10,São Paulo,3550308,True,,33793,,,-23.5701655,-46.489796,,,,2,2023-06-15T14:12:12+00:00
SAO_2105-10,São Paulo,3550308,True,,35015,,,-23.448616,-46.582541500000005,,,,2,2023-06-15T14:10:02+00:00
SAO_2105-10,São Paulo,3550308,True,,35015,,,-23.492759,-46.6236425,,,,2,2023-06-15T14:10:39+00:00
SAO_2105-10,São Paulo,3550308,True,,35015,,,-23.54076025,-46.61705775,,,,2,2023-06-15T14:12:03+00:00
SAO_2105-10,São Paulo,3550308,True,,35015,,,-23.4413275,-46.576205,,,,2,2023-06-15T14:08:45+00:00
SAO_2105-10,São Paulo,3550308,True,,35015,,,-23.435150999999998,-46.581629,,,,2,2023-06-15T14:12:00+00:00
SAO_2105-10,São Paulo,3550308,True,,35015,,,-23.511937250000003,-46.624909,,,,2,2023-06-15T14:11:37+00:00
SAO_2105-10,São Paulo,3550308,True,,35015,,,-23.4352895,-46.5818785,,,,2,2023-06-15T14:12:13+00:00
SAO_6046-10,São Paulo,3550308,True,,33991,,,-23.6488675,-46.7535655,,,,2,2023-06-15T14:11:48+00:00
SAO_6046-10,São Paulo,3550308,True,,33991,,,-23.684497999999998,-46.781904499999996,,,,2,2023-06-15T14:12:10+00:00
SAO_2767-10,São Paulo,3550308,True,EMTU,241,https://moovitapp.com/index/pt-br/transporte_p%C3%BAblico-line-241-Sao_Paulo-242-2038937-36419354-0,5.15,-23.53920575,-46.575556999999996,,,,1,2023-06-15T14:12:18+00:00
SAO_2767-10,São Paulo,3550308,True,EMTU,241,https://moovitapp.com/index/pt-br/transporte_p%C3%BAblico-line-241-Sao_Paulo-242-2038937-36419354-0,5.15,-23.505316,-46.4820429375,,,,1,2023-06-15T14:11:37+00:00
SAO_2767-10,São Paulo,3550308,True,EMTU,241,https://moovitapp.com/index/pt-br/transporte_p%C3%BAblico-line-241-Sao_Paulo-242-2038937-36419354-0,5.15,-23.50896625,-46.4956785,,,,1,2023-06-15T14:11:53+00:00
SAO_6505-10,São Paulo,3550308,True,,34218,,,-23.66813,-46.735502499999996,,,,2,2023-06-15T14:11:39+00:00
SAO_6505-10,São Paulo,3550308,True,,34218,,,-23.549404,-46.639666,,,,2,2023-06-15T14:12:22+00:00
SAO_6505-10,São Paulo,3550308,True,,34218,,,-23.667807,-46.7355005,,,,2,2023-06-15T14:12:21+00:00
SAO_6505-10,São Paulo,3550308,True,,34218,,,-23.585506000000002,-46.6708985,,,,2,2023-06-15T14:12:16+00:00
SAO_6505-10,São Paulo,3550308,True,,34218,,,-23.589437750000002,-46.67222375,,,,2,2023-06-15T14:11:54+00:00
SAO_6505-10,São Paulo,3550308,True,,34218,,,-23.5706045,-46.6626015,,,,2,2023-06-15T14:12:00+00:00
SAO_6505-10,São Paulo,3550308,True,,34218,,,-23.642727999999998,-46.699756,,,,2,2023-06-15T14:11:43+00:00
SAO_6505-10,São Paulo,3550308,True,,34218,,,-23.669023250000002,-46.734721500000006,,,,2,2023-06-15T14:12:01+00:00
SAO_6505-10,São Paulo,3550308,True,,34218,,,-23.573234875,-46.666225875,,,,2,2023-06-15T14:12:18+00:00
SAO_6505-10,São Paulo,3550308,True,,34218,,,-23.5501795,-46.639476,,,,2,2023-06-15T14:12:06+00:00
SAO_6505-10,São Paulo,3550308,True,,34218,,,-23.655545,-46.707713999999996,,,,2,2023-06-15T14:12:14+00:00
SAO_6505-10,São Paulo,3550308,True,,34218,,,-23.58432275,-46.67035675,,,,2,2023-06-15T14:12:16+00:00
SAO_2014-10,São Paulo,3550308,True,,33668,,,-23.4826485,-46.664922000000004,,,,2,2023-06-15T14:12:20+00:00
SAO_2014-10,São Paulo,3550308,True,,33668,,,-23.529152,-46.676625,,,,2,2023-06-15T14:12:14+00:00
SAO_2014-10,São Paulo,3550308,True,,33668,,,-23.4549755,-46.673818,,,,2,2023-06-15T14:11:43+00:00
SAO_2014-10,São Paulo,3550308,True,,33668,,,-23.5246085,-46.670619,,,,2,2023-06-15T14:12:08+00:00
SAO_2014-10,São Paulo,3550308,True,,33668,,,-23.4836265,-46.663168999999996,,,,2,2023-06-15T14:11:53+00:00
SAO_2014-10,São Paulo,3550308,True,,33668,,,-23.511101125000003,-46.666098500000004,,,,2,2023-06-15T14:11:46+00:00
SAO_2014-10,São Paulo,3550308,True,,33668,,,-23.461786,-46.670418000000005,,,,2,2023-06-15T14:12:10+00:00
SAO_2014-10,São Paulo,3550308,True,,33668,,,-23.461786,-46.670418000000005,,,,2,2023-06-15T14:11:50+00:00
SAO_2014-10,São Paulo,3550308,True,,33668,,,-23.457437,-46.670062,,,,2,2023-06-15T14:11:51+00:00
SAO_2014-10,São Paulo,3550308,True,,33668,,,-23.5043395,-46.66208399999999,,,,2,2023-06-15T14:11:43+00:00
SAO_6801-51,São Paulo,3550308,True,,1774,,,-23.6475725,-46.731282750000005,,,,1,2023-06-15T14:11:48+00:00
SAO_6801-51,São Paulo,3550308,True,,1774,,,-23.664706499999998,-46.73400775,,,,1,2023-06-15T14:11:53+00:00
SAO_875C-10,São Paulo,3550308,True,EMTU,478,https://moovitapp.com/index/pt-br/transporte_p%C3%BAblico-line-478-Sao_Paulo-242-2038937-36419510-0,6.25,-23.596571250000004,-46.649004875,,,,1,2023-06-15T14:12:23+00:00
SAO_875C-10,São Paulo,3550308,True,EMTU,478,https://moovitapp.com/index/pt-br/transporte_p%C3%BAblico-line-478-Sao_Paulo-242-2038937-36419510-0,6.25,-23.5402555,-46.7181975,,,,1,2023-06-15T14:11:42+00:00
SAO_875C-10,São Paulo,3550308,True,EMTU,478,https://moovitapp.com/index/pt-br/transporte_p%C3%BAblico-line-478-Sao_Paulo-242-2038937-36419510-0,6.25,-23.569291999999997,-46.692,,,,1,2023-06-15T14:12:18+00:00
SAO_875C-10,São Paulo,3550308,True,EMTU,478,https://moovitapp.com/index/pt-br/transporte_p%C3%BAblico-line-478-Sao_Paulo-242-2038937-36419510-0,6.25,-23.59446625,-46.67354075,,,,1,2023-06-15T14:11:58+00:00
SAO_875C-10,São Paulo,3550308,True,EMTU,478,https://moovitapp.com/index/pt-br/transporte_p%C3%BAblico-line-478-Sao_Paulo-242-2038937-36419510-0,6.25,-23.532159625,-46.718813374999996,,,,1,2023-06-15T14:12:00+00:00
SAO_875C-10,São Paulo,3550308,True,EMTU,478,https://moovitapp.com/index/pt-br/transporte_p%C3%BAblico-line-478-Sao_Paulo-242-2038937-36419510-0,6.25,-23.57392075,-46.689063625,,,,1,2023-06-15T14:12:16+00:00
SAO_875C-10,São Paulo,3550308,True,EMTU,478,https://moovitapp.com/index/pt-br/transporte_p%C3%BAblico-line-478-Sao_Paulo-242-2038937-36419510-0,6.25,-23.602512374999996,-46.6550755,,,,1,2023-06-15T14:11:47+00:00
SAO_875C-10,São Paulo,3550308,True,EMTU,478,https://moovitapp.com/index/pt-br/transporte_p%C3%BAblico-line-478-Sao_Paulo-242-2038937-36419510-0,6.25,-23.595315499999998,-46.67003825,,,,1,2023-06-15T14:11:44+00:00
SAO_875C-10,São Paulo,3550308,True,EMTU,478,https://moovitapp.com/index/pt-br/transporte_p%C3%BAblico-line-478-Sao_Paulo-242-2038937-36419510-0,6.25,-23.574119250000003,-46.688941375,,,,1,2023-06-15T14:11:51+00:00
SAO_875C-10,São Paulo,3550308,True,EMTU,478,https://moovitapp.com/index/pt-br/transporte_p%C3%BAblico-line-478-Sao_Paulo-242-2038937-36419510-0,6.25,-23.5831841875,-46.675964125,,,,1,2023-06-15T14:12:03+00:00
SAO_875C-10,São Paulo,3550308,True,EMTU,478,https://moovitapp.com/index/pt-br/transporte_p%C3%BAblico-line-478-Sao_Paulo-242-2038937-36419510-0,6.25,-23.55892875,-46.698054,,,,1,2023-06-15T14:11:48+00:00
SAO_875C-10,São Paulo,3550308,True,EMTU,478,https://moovitapp.com/index/pt-br/transporte_p%C3%BAblico-line-478-Sao_Paulo-242-2038937-36419510-0,6.25,-23.606255125,-46.659932125,,,,1,2023-06-15T14:12:03+00:00
SAO_875C-10,São Paulo,3550308,True,EMTU,478,https://moovitapp.com/index/pt-br/transporte_p%C3%BAblico-line-478-Sao_Paulo-242-2038937-36419510-0,6.25,-23.5254775,-46.706618000000006,,,,1,2023-06-15T14:12:22+00:00
SAO_875C-10,São Paulo,3550308,True,EMTU,478,https://moovitapp.com/index/pt-br/transporte_p%C3%BAblico-line-478-Sao_Paulo-242-2038937-36419510-0,6.25,-23.564118,-46.6945715,,,,1,2023-06-15T14:12:02+00:00
SAO_875C-10,São Paulo,3550308,True,EMTU,478,https://moovitapp.com/index/pt-br/transporte_p%C3%BAblico-line-478-Sao_Paulo-242-2038937-36419510-0,6.25,-23.585742,-46.671857,,,,1,2023-06-15T14:12:20+00:00
SAO_7004-10,São Paulo,3550308,True,,1992,,,-23.6617019375,-46.725735562500006,,,,1,2023-06-15T14:11:55+00:00
SAO_7004-10,São Paulo,3550308,True,,1992,,,-23.727594,-46.786348000000004,,,,1,2023-06-15T14:12:02+00:00
SAO_7004-10,São Paulo,3550308,True,,1992,,,-23.6694055,-46.733991,,,,1,2023-06-15T14:12:12+00:00
SAO_7004-10,São Paulo,3550308,True,,1992,,,-23.724967,-46.78587950000001,,,,1,2023-06-15T14:12:13+00:00
SAO_7004-10,São Paulo,3550308,True,,1992,,,-23.6859665,-46.768673,,,,1,2023-06-15T14:11:40+00:00
SAO_7004-10,São Paulo,3550308,True,,1992,,,-23.739353,-46.792908,,,,1,2023-06-15T14:12:14+00:00
SAO_7004-10,São Paulo,3550308,True,,1992,,,-23.685627,-46.750581499999996,,,,1,2023-06-15T14:12:12+00:00
SAO_7004-10,São Paulo,3550308,True,,1992,,,-23.703879,-46.7838305,,,,1,2023-06-15T14:12:03+00:00
SAO_7004-10,São Paulo,3550308,True,,1992,,,-23.71959125,-46.78506625,,,,1,2023-06-15T14:11:54+00:00
SAO_7004-10,São Paulo,3550308,True,,1992,,,-23.6696185,-46.734093,,,,1,2023-06-15T14:12:06+00:00
SAO_7004-10,São Paulo,3550308,True,,1992,,,-23.745942499999998,-46.798471,,,,1,2023-06-15T14:11:35+00:00
SAO_847P-42,São Paulo,3550308,True,,34192,,,-23.469084000000002,-46.6953355,,,,2,2023-06-15T14:12:18+00:00
SAO_847P-42,São Paulo,3550308,True,,34192,,,-23.588183375,-46.681967625,,,,2,2023-06-15T14:12:03+00:00
SAO_847P-42,São Paulo,3550308,True,,34192,,,-23.527986,-46.7049265,,,,2,2023-06-15T14:11:29+00:00
SAO_971D-10,São Paulo,3550308,True,,709,,,-23.4948075,-46.625861,,,,1,2023-06-15T14:10:46+00:00
SAO_971D-10,São Paulo,3550308,True,,709,,,-23.512629437500003,-46.6160635,,,,1,2023-06-15T14:12:19+00:00
SAO_971D-10,São Paulo,3550308,True,,709,,,-23.457655000000003,-46.690698,,,,1,2023-06-15T14:12:04+00:00
SAO_971D-10,São Paulo,3550308,True,,709,,,-23.4729635,-46.667052,,,,1,2023-06-15T14:12:13+00:00
SAO_971D-10,São Paulo,3550308,True,,709,,,-23.502999,-46.624904,,,,1,2023-06-15T14:12:12+00:00
SAO_971D-10,São Paulo,3550308,True,,709,,,-23.449341500000003,-46.69552925000001,,,,1,2023-06-15T14:11:55+00:00
SAO_971D-10,São Paulo,3550308,True,,709,,,-23.4596715,-46.67415,,,,1,2023-06-15T14:12:00+00:00
SAO_971D-10,São Paulo,3550308,True,,709,,,-23.484707999999998,-46.6373155,,,,1,2023-06-15T14:12:20+00:00
SAO_971D-10,São Paulo,3550308,True,,709,,,-23.514269125000002,-46.61623725,,,,1,2023-06-15T14:11:54+00:00
SAO_971D-10,São Paulo,3550308,True,,709,,,-23.486445875,-46.63974575,,,,1,2023-06-15T14:11:38+00:00
SAO_971D-10,São Paulo,3550308,True,,709,,,-23.484276,-46.653385,,,,1,2023-06-15T14:12:21+00:00
SAO_172Y-10,São Paulo,3550308,True,,862,,,-23.5283513125,-46.60210775,,,,1,2023-06-15T14:11:29+00:00
SAO_172Y-10,São Paulo,3550308,True,,862,,,-23.489348,-46.5846025,,,,1,2023-06-15T14:11:49+00:00
SAO_172Y-10,São Paulo,3550308,True,,862,,,-23.505795,-46.594390000000004,,,,1,2023-06-15T14:09:23+00:00
SAO_172Y-10,São Paulo,3550308,True,,862,,,-23.516759875,-46.588538,,,,1,2023-06-15T14:11:40+00:00
SAO_172Y-10,São Paulo,3550308,True,,862,,,-23.5290715,-46.598181999999994,,,,1,2023-06-15T14:11:52+00:00
SAO_172P-10,São Paulo,3550308,True,,858,,,-23.4567765,-46.589734,,,,1,2023-06-15T14:11:39+00:00
SAO_172P-10,São Paulo,3550308,True,,858,,,-23.456753,-46.589866,,,,1,2023-06-15T14:11:52+00:00
SAO_172P-10,São Paulo,3550308,True,,858,,,-23.517665,-46.589251875,,,,1,2023-06-15T14:12:17+00:00
SAO_172P-10,São Paulo,3550308,True,,858,,,-23.47475875,-46.57032425,,,,1,2023-06-15T14:11:55+00:00
SAO_172P-10,São Paulo,3550308,True,,858,,,-23.539493999999998,-46.5963325,,,,1,2023-06-15T14:12:10+00:00
SAO_172P-10,São Paulo,3550308,True,,858,,,-23.49188625,-46.59697275,,,,1,2023-06-15T14:12:21+00:00
SAO_172P-10,São Paulo,3550308,True,,858,,,-23.5280555,-46.5997895,,,,1,2023-06-15T14:12:12+00:00
SAO_172P-10,São Paulo,3550308,True,,858,,,-23.486165,-46.592611500000004,,,,1,2023-06-15T14:11:50+00:00
SAO_172P-10,São Paulo,3550308,True,,858,,,-23.43763,-46.566441999999995,,,,1,2023-06-15T14:11:48+00:00
SAO_172P-10,São Paulo,3550308,True,,858,,,-23.5382044375,-46.602225000000004,,,,1,2023-06-15T14:12:05+00:00
SAO_172P-10,São Paulo,3550308,True,,858,,,-23.5252335,-46.5951915,,,,1,2023-06-15T14:12:06+00:00
SAO_172P-10,São Paulo,3550308,True,,858,,,-23.507942999999997,-46.5890775,,,,1,2023-06-15T14:11:14+00:00
SAO_172P-10,São Paulo,3550308,True,,858,,,-23.439315,-46.575492499999996,,,,1,2023-06-15T14:08:13+00:00
SAO_172P-10,São Paulo,3550308,True,,858,,,-23.51192625,-46.58584275,,,,1,2023-06-15T14:12:07+00:00
SAO_172P-10,São Paulo,3550308,True,,858,,,-23.52939825,-46.602333,,,,1,2023-06-15T14:10:43+00:00
SAO_172P-10,São Paulo,3550308,True,,858,,,-23.4741765,-46.5706625,,,,1,2023-06-15T14:11:45+00:00
SAO_8200-10,São Paulo,3550308,True,,34031,,,-23.507124,-46.7049425,,,,2,2023-06-15T14:12:11+00:00
SAO_8200-10,São Paulo,3550308,True,,34031,,,-23.4863635,-46.726336,,,,2,2023-06-15T14:12:03+00:00
SAO_408A-10,São Paulo,3550308,True,,33534,,,-23.5625281875,-46.6326195,,,,2,2023-06-15T14:12:11+00:00
SAO_408A-10,São Paulo,3550308,True,,33534,,,-23.543692999999998,-46.672401,,,,2,2023-06-15T14:12:19+00:00
SAO_408A-10,São Paulo,3550308,True,,33534,,,-23.548732,-46.6425325,,,,2,2023-06-15T14:12:14+00:00
SAO_408A-10,São Paulo,3550308,True,,33534,,,-23.543692999999998,-46.672401,,,,2,2023-06-15T14:12:03+00:00
SAO_408A-10,São Paulo,3550308,True,,33534,,,-23.5561155,-46.633061,,,,2,2023-06-15T14:12:07+00:00
SAO_408A-10,São Paulo,3550308,True,,33534,,,-23.543692999999998,-46.672401,,,,2,2023-06-15T14:11:49+00:00
SAO_408A-10,São Paulo,3550308,True,,33534,,,-23.5460385,-46.66982350000001,,,,2,2023-06-15T14:12:03+00:00
SAO_3031-10,São Paulo,3550308,True,,967,,,-23.560217,-46.4659475,,,,1,2023-06-15T14:12:13+00:00
SAO_3031-10,São Paulo,3550308,True,,967,,,-23.610695,-46.4504655,,,,1,2023-06-15T14:11:41+00:00
SAO_3031-10,São Paulo,3550308,True,,967,,,-23.542323500000002,-46.470389499999996,,,,1,2023-06-15T14:11:46+00:00
SAO_3031-10,São Paulo,3550308,True,,967,,,-23.569805000000002,-46.4591285,,,,1,2023-06-15T14:12:20+00:00
SAO_3031-10,São Paulo,3550308,True,,967,,,-23.6022675,-46.4431745,,,,1,2023-06-15T14:11:52+00:00
SAO_3031-10,São Paulo,3550308,True,,967,,,-23.59389075,-46.444146249999996,,,,1,2023-06-15T14:11:38+00:00
SAO_637A-10,São Paulo,3550308,True,,32953,,,-23.690886,-46.774112,,,,2,2023-06-15T14:12:07+00:00
SAO_637A-10,São Paulo,3550308,True,,32953,,,-23.5861115,-46.6894975,,,,2,2023-06-15T14:12:03+00:00
SAO_637A-10,São Paulo,3550308,True,,32953,,,-23.6901525,-46.774198999999996,,,,2,2023-06-15T14:11:54+00:00
SAO_637A-10,São Paulo,3550308,True,,32953,,,-23.690812,-46.77459,,,,2,2023-06-15T14:11:57+00:00
SAO_637A-10,São Paulo,3550308,True,,32953,,,-23.65037275,-46.72650025,,,,2,2023-06-15T14:11:57+00:00
SAO_637A-10,São Paulo,3550308,True,,32953,,,-23.675478,-46.755183,,,,2,2023-06-15T14:12:05+00:00
SAO_637A-10,São Paulo,3550308,True,,32953,,,-23.690886,-46.774112,,,,2,2023-06-15T14:12:16+00:00
SAO_637A-10,São Paulo,3550308,True,,32953,,,-23.581545750000004,-46.684775125,,,,2,2023-06-15T14:11:54+00:00
SAO_637A-10,São Paulo,3550308,True,,32953,,,-23.6451195,-46.727464499999996,,,,2,2023-06-15T14:12:15+00:00
SAO_637A-10,São Paulo,3550308,True,,32953,,,-23.677212500000003,-46.760749000000004,,,,2,2023-06-15T14:11:52+00:00
SAO_637A-10,São Paulo,3550308,True,,32953,,,-23.620351499999998,-46.70286850000001,,,,2,2023-06-15T14:11:30+00:00
SAO_637A-10,São Paulo,3550308,True,,32953,,,-23.629258,-46.71597225,,,,2,2023-06-15T14:11:38+00:00
SAO_637A-10,São Paulo,3550308,True,,32953,,,-23.642067750000002,-46.726924499999996,,,,2,2023-06-15T14:11:47+00:00
SAO_637A-10,São Paulo,3550308,True,,32953,,,-23.5683045,-46.692619,,,,2,2023-06-15T14:12:09+00:00
SAO_637A-10,São Paulo,3550308,True,,32953,,,-23.61022875,-46.70025375,,,,2,2023-06-15T14:12:11+00:00
SAO_637A-10,São Paulo,3550308,True,,32953,,,-23.61434825,-46.70116125,,,,2,2023-06-15T14:11:50+00:00
SAO_637A-10,São Paulo,3550308,True,,32953,,,-23.6675375,-46.730432,,,,2,2023-06-15T14:11:40+00:00
SAO_637A-10,São Paulo,3550308,True,,32953,,,-23.6430905,-46.72719175,,,,2,2023-06-15T14:12:13+00:00
SAO_637A-10,São Paulo,3550308,True,,32953,,,-23.567535,-46.700861,,,,2,2023-06-15T14:12:10+00:00
SAO_573H-10,São Paulo,3550308,True,,34398,,,-23.5644645,-46.5899555,,,,2,2023-06-15T14:12:18+00:00
SAO_573H-10,São Paulo,3550308,True,,34398,,,-23.614213,-46.5018395,,,,2,2023-06-15T14:12:21+00:00
SAO_573H-10,São Paulo,3550308,True,,34398,,,-23.5583775,-46.603666000000004,,,,2,2023-06-15T14:12:03+00:00
SAO_573H-10,São Paulo,3550308,True,,34398,,,-23.585068999999997,-46.5249185,,,,2,2023-06-15T14:11:46+00:00
SAO_573H-10,São Paulo,3550308,True,,34398,,,-23.614382,-46.501851,,,,2,2023-06-15T14:12:09+00:00
SAO_573H-10,São Paulo,3550308,True,,34398,,,-23.58365675,-46.53261675,,,,2,2023-06-15T14:12:00+00:00
SAO_573H-10,São Paulo,3550308,True,,34398,,,-23.5770495,-46.57461875,,,,2,2023-06-15T14:11:40+00:00
SAO_573H-10,São Paulo,3550308,True,,34398,,,-23.552781624999998,-46.609721500000006,,,,2,2023-06-15T14:12:00+00:00
SAO_573H-10,São Paulo,3550308,True,,34398,,,-23.585723,-46.5187095,,,,2,2023-06-15T14:12:02+00:00
SAO_573H-10,São Paulo,3550308,True,,34398,,,-23.573284,-46.5629815,,,,2,2023-06-15T14:12:05+00:00
SAO_2127-10,São Paulo,3550308,True,,33461,,,-23.50686175,-46.5963685,,,,2,2023-06-15T14:11:51+00:00
SAO_2127-10,São Paulo,3550308,True,,33461,,,-23.495162,-46.57863775,,,,2,2023-06-15T14:11:41+00:00
SAO_2127-10,São Paulo,3550308,True,,33461,,,-23.478293,-46.56974099999999,,,,2,2023-06-15T14:11:52+00:00
SAO_2127-10,São Paulo,3550308,True,,33461,,,-23.542090875,-46.61610175,,,,2,2023-06-15T14:11:48+00:00
SAO_2127-10,São Paulo,3550308,True,,33461,,,-23.5503925,-46.6317575,,,,2,2023-06-15T14:12:05+00:00
SAO_263J-10,São Paulo,3550308,True,,32987,,,-23.523043625,-46.548755375,,,,2,2023-06-15T14:12:03+00:00
SAO_263J-10,São Paulo,3550308,True,,32987,,,-23.51228125,-46.513709999999996,,,,2,2023-06-15T14:11:57+00:00
SAO_263J-10,São Paulo,3550308,True,,32987,,,-23.534701,-46.453723499999995,,,,2,2023-06-15T14:12:00+00:00
SAO_263J-10,São Paulo,3550308,True,,32987,,,-23.551592499999998,-46.4357825,,,,2,2023-06-15T14:10:58+00:00
SAO_263J-10,São Paulo,3550308,True,,32987,,,-23.52137775,-46.54647,,,,2,2023-06-15T14:12:00+00:00
SAO_263J-10,São Paulo,3550308,True,,32987,,,-23.5257245,-46.474695749999995,,,,2,2023-06-15T14:12:06+00:00
SAO_263J-10,São Paulo,3550308,True,,32987,,,-23.510705,-46.477252,,,,2,2023-06-15T14:12:15+00:00
SAO_8006-10,São Paulo,3550308,True,,1256,,,-23.45166125,-46.719660000000005,,,,1,2023-06-15T14:12:14+00:00
SAO_8006-10,São Paulo,3550308,True,,1256,,,-23.485809000000003,-46.726257125,,,,1,2023-06-15T14:12:13+00:00
SAO_6L07-10,São Paulo,3550308,True,,34313,,,-23.831390374999998,-46.712019875,,,,2,2023-06-15T14:12:10+00:00
SAO_6L07-10,São Paulo,3550308,True,,34313,,,-23.7667025,-46.7163285,,,,2,2023-06-15T14:11:57+00:00
SAO_675P-10,São Paulo,3550308,True,,33043,,,-23.640428,-46.6356895,,,,2,2023-06-15T14:12:09+00:00
SAO_675P-10,São Paulo,3550308,True,,33043,,,-23.657420000000002,-46.699148,,,,2,2023-06-15T14:11:42+00:00
SAO_675P-10,São Paulo,3550308,True,,33043,,,-23.677098,-46.701800500000004,,,,2,2023-06-15T14:10:36+00:00
SAO_675P-10,São Paulo,3550308,True,,33043,,,-23.644429000000002,-46.6729775,,,,2,2023-06-15T14:11:42+00:00
SAO_675P-10,São Paulo,3550308,True,,33043,,,-23.654768499999996,-46.652055625,,,,2,2023-06-15T14:12:12+00:00
SAO_5010-10,São Paulo,3550308,True,,1114,,,-23.651116000000002,-46.67831525,,,,1,2023-06-15T14:11:43+00:00
SAO_5010-10,São Paulo,3550308,True,,1114,,,-23.65513,-46.6366075,,,,1,2023-06-15T14:11:46+00:00
SAO_5010-10,São Paulo,3550308,True,,1114,,,-23.641123999999998,-46.673466000000005,,,,1,2023-06-15T14:12:16+00:00
SAO_5010-10,São Paulo,3550308,True,,1114,,,-23.662679500000003,-46.6311435,,,,1,2023-06-15T14:11:55+00:00
SAO_5010-10,São Paulo,3550308,True,,1114,,,-23.6448975,-46.6647425,,,,1,2023-06-15T14:12:17+00:00
SAO_5010-10,São Paulo,3550308,True,,1114,,,-23.662679500000003,-46.6311435,,,,1,2023-06-15T14:12:01+00:00
SAO_5010-10,São Paulo,3550308,True,,1114,,,-23.6472645,-46.6398295,,,,1,2023-06-15T14:11:40+00:00
SAO_5010-10,São Paulo,3550308,True,,1114,,,-23.644400500000003,-46.65818900000001,,,,1,2023-06-15T14:11:51+00:00
SAO_5010-10,São Paulo,3550308,True,,1114,,,-23.653726499999998,-46.704197,,,,1,2023-06-15T14:12:21+00:00
SAO_8252-10,São Paulo,3550308,True,,1248,,,-23.528945,-46.676366,,,,1,2023-06-15T14:12:13+00:00
SAO_5021-10,São Paulo,3550308,True,,34435,,,-23.617160249999998,-46.617979500000004,,,,2,2023-06-15T14:11:57+00:00
SAO_507T-10,São Paulo,3550308,True,,2208,,,-23.56466275,-46.513441,,,,1,2023-06-15T14:11:48+00:00
SAO_507T-10,São Paulo,3550308,True,,2208,,,-23.60225475,-46.50354575,,,,1,2023-06-15T14:08:37+00:00
SAO_507T-10,São Paulo,3550308,True,,2208,,,-23.55036275,-46.533575,,,,1,2023-06-15T14:12:22+00:00
SAO_507T-10,São Paulo,3550308,True,,2208,,,-23.609686375000003,-46.501195499999994,,,,1,2023-06-15T14:11:44+00:00
SAO_507T-10,São Paulo,3550308,True,,2208,,,-23.5570575,-46.524694,,,,1,2023-06-15T14:10:50+00:00
SAO_507T-10,São Paulo,3550308,True,,2208,,,-23.542053000000003,-46.556931250000005,,,,1,2023-06-15T14:09:41+00:00
SAO_507T-10,São Paulo,3550308,True,,2208,,,-23.5427055,-46.5511885,,,,1,2023-06-15T14:12:19+00:00
SAO_507T-10,São Paulo,3550308,True,,2208,,,-23.584784499999998,-46.51971825,,,,1,2023-06-15T14:11:40+00:00
SAO_507T-10,São Paulo,3550308,True,,2208,,,-23.589256,-46.504743000000005,,,,1,2023-06-15T14:11:43+00:00
SAO_507T-10,São Paulo,3550308,True,,2208,,,-23.5865965,-46.51745875,,,,1,2023-06-15T14:11:45+00:00
SAO_507T-10,São Paulo,3550308,True,,2208,,,-23.5540825,-46.52731525,,,,1,2023-06-15T14:12:14+00:00
SAO_507T-10,São Paulo,3550308,True,,2208,,,-23.5431985,-46.564817,,,,1,2023-06-15T14:11:45+00:00
SAO_507T-10,São Paulo,3550308,True,,2208,,,-23.541450499999996,-46.56572225,,,,1,2023-06-15T14:11:38+00:00
SAO_5611-10,São Paulo,3550308,True,EMTU,598,https://moovitapp.com/index/pt-br/transporte_p%C3%BAblico-line-598-Sao_Paulo-242-2038937-36419579-0,7.05,-23.68221675,-46.68206025,,,,1,2023-06-15T14:11:52+00:00
SAO_5611-10,São Paulo,3550308,True,EMTU,598,https://moovitapp.com/index/pt-br/transporte_p%C3%BAblico-line-598-Sao_Paulo-242-2038937-36419579-0,7.05,-23.62491625,-46.661489,,,,1,2023-06-15T14:11:45+00:00
SAO_5611-10,São Paulo,3550308,True,EMTU,598,https://moovitapp.com/index/pt-br/transporte_p%C3%BAblico-line-598-Sao_Paulo-242-2038937-36419579-0,7.05,-23.667398,-46.677733,,,,1,2023-06-15T14:12:14+00:00
SAO_5611-10,São Paulo,3550308,True,EMTU,598,https://moovitapp.com/index/pt-br/transporte_p%C3%BAblico-line-598-Sao_Paulo-242-2038937-36419579-0,7.05,-23.644928,-46.6729295,,,,1,2023-06-15T14:11:57+00:00
SAO_5611-10,São Paulo,3550308,True,EMTU,598,https://moovitapp.com/index/pt-br/transporte_p%C3%BAblico-line-598-Sao_Paulo-242-2038937-36419579-0,7.05,-23.6029775,-46.651044999999996,,,,1,2023-06-15T14:11:45+00:00
SAO_5611-10,São Paulo,3550308,True,EMTU,598,https://moovitapp.com/index/pt-br/transporte_p%C3%BAblico-line-598-Sao_Paulo-242-2038937-36419579-0,7.05,-23.7070925,-46.641482499999995,,,,1,2023-06-15T14:12:07+00:00
SAO_5611-10,São Paulo,3550308,True,EMTU,598,https://moovitapp.com/index/pt-br/transporte_p%C3%BAblico-line-598-Sao_Paulo-242-2038937-36419579-0,7.05,-23.583636499999997,-46.652561,,,,1,2023-06-15T14:12:00+00:00
SAO_3751-10,São Paulo,3550308,True,,33815,,,-23.5653435,-46.415782500000006,,,,2,2023-06-15T14:12:00+00:00
SAO_3751-10,São Paulo,3550308,True,,33815,,,-23.568927,-46.417593,,,,2,2023-06-15T14:11:47+00:00
SAO_3751-10,São Paulo,3550308,True,,33815,,,-23.542377000000002,-46.449023749999995,,,,2,2023-06-15T14:11:39+00:00
SAO_3751-10,São Paulo,3550308,True,,33815,,,-23.5413245,-46.45708075,,,,2,2023-06-15T14:12:14+00:00
SAO_3751-10,São Paulo,3550308,True,,33815,,,-23.564294500000003,-46.414345,,,,2,2023-06-15T14:12:04+00:00
SAO_3751-10,São Paulo,3550308,True,,33815,,,-23.5508745,-46.4378125,,,,2,2023-06-15T14:12:01+00:00
SAO_3751-10,São Paulo,3550308,True,,33815,,,-23.571673500000003,-46.413201,,,,2,2023-06-15T14:12:12+00:00
SAO_3751-10,São Paulo,3550308,True,,33815,,,-23.5695605,-46.4102685,,,,2,2023-06-15T14:11:48+00:00
SAO_978T-10,São Paulo,3550308,True,,33657,,,-23.5268475,-46.681755249999995,,,,2,2023-06-15T14:12:01+00:00
SAO_978T-10,São Paulo,3550308,True,,33657,,,-23.461351,-46.6872735,,,,2,2023-06-15T14:11:39+00:00
SAO_978T-10,São Paulo,3550308,True,,33657,,,-23.461603500000002,-46.6914685,,,,2,2023-06-15T14:11:48+00:00
SAO_978T-10,São Paulo,3550308,True,,33657,,,-23.478335,-46.690929499999996,,,,2,2023-06-15T14:11:37+00:00
SAO_978T-10,São Paulo,3550308,True,,33657,,,-23.484817,-46.691529,,,,2,2023-06-15T14:12:09+00:00
SAO_978T-10,São Paulo,3550308,True,,33657,,,-23.49143875,-46.6951185,,,,2,2023-06-15T14:11:43+00:00
SAO_978T-10,São Paulo,3550308,True,,33657,,,-23.528373000000002,-46.675531,,,,2,2023-06-15T14:12:10+00:00
SAO_978T-10,São Paulo,3550308,True,,33657,,,-23.4919775,-46.6961185,,,,2,2023-06-15T14:11:37+00:00
SAO_978T-10,São Paulo,3550308,True,,33657,,,-23.5227455,-46.700882375,,,,2,2023-06-15T14:11:45+00:00
SAO_978T-10,São Paulo,3550308,True,,33657,,,-23.498372375,-46.6971075,,,,2,2023-06-15T14:12:09+00:00
SAO_978T-10,São Paulo,3550308,True,,33657,,,-23.522789500000002,-46.699253,,,,2,2023-06-15T14:12:09+00:00
SAO_978T-10,São Paulo,3550308,True,,33657,,,-23.527012499999998,-46.681565750000004,,,,2,2023-06-15T14:11:49+00:00
SAO_8047-10,São Paulo,3550308,True,EMTU,408,https://moovitapp.com/index/pt-br/transporte_p%C3%BAblico-line-408-Sao_Paulo-242-2038937-36419468-0,7.55,-23.4339175,-46.7549995,,,,1,2023-06-15T14:12:11+00:00
SAO_8047-10,São Paulo,3550308,True,EMTU,408,https://moovitapp.com/index/pt-br/transporte_p%C3%BAblico-line-408-Sao_Paulo-242-2038937-36419468-0,7.55,-23.522346,-46.711406,,,,1,2023-06-15T14:12:19+00:00
SAO_8047-10,São Paulo,3550308,False,EMTU,408,https://moovitapp.com/index/pt-br/transporte_p%C3%BAblico-line-408-Sao_Paulo-242-2038937-36419468-0,7.55,-23.447665999999998,-46.743303999999995,,,,1,2023-06-15T14:12:00+00:00
SAO_8047-10,São Paulo,3550308,True,EMTU,408,https://moovitapp.com/index/pt-br/transporte_p%C3%BAblico-line-408-Sao_Paulo-242-2038937-36419468-0,7.55,-23.51451275,-46.7146705,,,,1,2023-06-15T14:11:58+00:00
SAO_8047-10,São Paulo,3550308,True,EMTU,408,https://moovitapp.com/index/pt-br/transporte_p%C3%BAblico-line-408-Sao_Paulo-242-2038937-36419468-0,7.55,-23.507397,-46.749211,,,,1,2023-06-15T14:12:21+00:00
SAO_8047-10,São Paulo,3550308,True,EMTU,408,https://moovitapp.com/index/pt-br/transporte_p%C3%BAblico-line-408-Sao_Paulo-242-2038937-36419468-0,7.55,-23.480826,-46.754643,,,,1,2023-06-15T14:11:47+00:00
SAO_119C-10,São Paulo,3550308,True,,33429,,,-23.53361375,-46.627939,,,,2,2023-06-15T14:12:12+00:00
SAO_119C-10,São Paulo,3550308,True,,33429,,,-23.528732625,-46.615187999999996,,,,2,2023-06-15T14:11:45+00:00
SAO_119C-10,São Paulo,3550308,True,,33429,,,-23.478727,-46.5693105,,,,2,2023-06-15T14:12:17+00:00
SAO_119C-10,São Paulo,3550308,True,,33429,,,-23.509325,-46.591716000000005,,,,2,2023-06-15T14:10:17+00:00
SAO_178Y-10,São Paulo,3550308,True,,868,,,-23.49191325,-46.618136,,,,1,2023-06-15T14:11:45+00:00
SAO_178Y-10,São Paulo,3550308,True,,868,,,-23.481148,-46.629332500000004,,,,1,2023-06-15T14:11:46+00:00
SAO_178Y-10,São Paulo,3550308,True,,868,,,-23.473557,-46.63605,,,,1,2023-06-15T14:12:06+00:00
SAO_178Y-10,São Paulo,3550308,True,,868,,,-23.4902185,-46.6188515,,,,1,2023-06-15T14:12:08+00:00
SAO_178Y-10,São Paulo,3550308,True,,868,,,-23.466458000000003,-46.6387585,,,,1,2023-06-15T14:09:41+00:00
SAO_746V-10,São Paulo,3550308,True,,792,,,-23.634138749999998,-46.76466725,,,,1,2023-06-15T14:11:56+00:00
SAO_746V-10,São Paulo,3550308,True,,792,,,-23.62694175,-46.766502,,,,1,2023-06-15T14:12:06+00:00
SAO_746V-10,São Paulo,3550308,True,,792,,,-23.635785,-46.764357000000004,,,,1,2023-06-15T14:12:01+00:00
SAO_746V-10,São Paulo,3550308,True,,792,,,-23.6485535,-46.756238499999995,,,,1,2023-06-15T14:11:52+00:00
SAO_746V-10,São Paulo,3550308,True,,792,,,-23.6492035,-46.7505295,,,,1,2023-06-15T14:12:20+00:00
SAO_6092-10,São Paulo,3550308,True,,1177,,,-23.757464499999998,-46.684733,,,,1,2023-06-15T14:11:45+00:00
SAO_6092-10,São Paulo,3550308,True,,1177,,,-23.736480999999998,-46.69416675,,,,1,2023-06-15T14:12:12+00:00
SAO_6092-10,São Paulo,3550308,True,,1177,,,-23.772838999999998,-46.6817035,,,,1,2023-06-15T14:12:11+00:00
SAO_3768-10,São Paulo,3550308,True,,33824,,,-23.586175500000003,-46.3863525,,,,2,2023-06-15T14:11:38+00:00
SAO_3768-10,São Paulo,3550308,True,,33824,,,-23.584524000000002,-46.38675,,,,2,2023-06-15T14:11:48+00:00
SAO_3768-10,São Paulo,3550308,True,,33824,,,-23.5430585,-46.432727,,,,2,2023-06-15T14:11:56+00:00
SAO_3768-10,São Paulo,3550308,True,,33824,,,-23.585870999999997,-46.383355,,,,2,2023-06-15T14:12:20+00:00
SAO_3768-10,São Paulo,3550308,True,,33824,,,-23.586175500000003,-46.3863525,,,,2,2023-06-15T14:11:55+00:00
SAO_3768-10,São Paulo,3550308,True,,33824,,,-23.5398335,-46.4315425,,,,2,2023-06-15T14:12:17+00:00
SAO_3768-10,São Paulo,3550308,True,,33824,,,-23.58726,-46.381487,,,,2,2023-06-15T14:07:11+00:00
SAO_6041-21,São Paulo,3550308,True,,34517,,,-23.6497935,-46.7360195,,,,2,2023-06-15T14:12:11+00:00
SAO_6041-21,São Paulo,3550308,True,,34517,,,-23.649225,-46.735419,,,,2,2023-06-15T14:11:44+00:00
SAO_807J-10,São Paulo,3550308,True,,34826,,,-23.598654500000002,-46.72051999999999,,,,2,2023-06-15T14:11:42+00:00
SAO_807J-10,São Paulo,3550308,True,,34826,,,-23.598305,-46.720122,,,,2,2023-06-15T14:12:12+00:00
SAO_807J-10,São Paulo,3550308,True,,34826,,,-23.626731250000002,-46.766326,,,,2,2023-06-15T14:11:49+00:00
SAO_807J-10,São Paulo,3550308,True,,34826,,,-23.618586,-46.698989,,,,2,2023-06-15T14:12:02+00:00
SAO_807J-10,São Paulo,3550308,True,,34826,,,-23.6154705,-46.7401805,,,,2,2023-06-15T14:12:17+00:00
SAO_807J-10,São Paulo,3550308,True,,34826,,,-23.6214105,-46.6982005,,,,2,2023-06-15T14:11:54+00:00
SAO_807J-10,São Paulo,3550308,True,,34826,,,-23.61041,-46.745561499999994,,,,2,2023-06-15T14:12:16+00:00
SAO_807J-10,São Paulo,3550308,True,,34826,,,-23.61074325,-46.727450000000005,,,,2,2023-06-15T14:11:42+00:00
SAO_807J-10,São Paulo,3550308,True,,34826,,,-23.60599775,-46.712492499999996,,,,2,2023-06-15T14:12:02+00:00
SAO_807J-10,São Paulo,3550308,True,,34826,,,-23.631797499999998,-46.7719915,,,,2,2023-06-15T14:11:39+00:00
SAO_6016-10,São Paulo,3550308,True,,84,,,-23.7716985,-46.6731285,,,,1,2023-06-15T14:12:06+00:00
SAO_6016-10,São Paulo,3550308,True,,84,,,-23.737090000000002,-46.697100000000006,,,,1,2023-06-15T14:11:59+00:00
SAO_6016-10,São Paulo,3550308,True,,84,,,-23.7716985,-46.6731285,,,,1,2023-06-15T14:12:05+00:00
SAO_6016-10,São Paulo,3550308,True,,84,,,-23.736172000000003,-46.696405,,,,1,2023-06-15T14:12:20+00:00
SAO_6016-10,São Paulo,3550308,True,,84,,,-23.7535935,-46.6877865,,,,1,2023-06-15T14:12:20+00:00
SAO_6016-10,São Paulo,3550308,True,,84,,,-23.74375,-46.691297,,,,1,2023-06-15T14:12:16+00:00
SAO_6016-10,São Paulo,3550308,True,,84,,,-23.769217250000004,-46.682342937499996,,,,1,2023-06-15T14:12:13+00:00
SAO_278A-10,São Paulo,3550308,True,,33474,,,-23.513728999999998,-46.536043250000006,,,,2,2023-06-15T14:11:47+00:00
SAO_278A-10,São Paulo,3550308,True,,33474,,,-23.535222124999997,-46.58254475,,,,2,2023-06-15T14:12:05+00:00
SAO_278A-10,São Paulo,3550308,True,,33474,,,-23.5213465,-46.612387625,,,,2,2023-06-15T14:11:48+00:00
SAO_278A-10,São Paulo,3550308,True,,33474,,,-23.504883,-46.623668625,,,,2,2023-06-15T14:11:36+00:00
SAO_707A-10,São Paulo,3550308,True,,1990,,,-23.672098,-46.741896,,,,1,2023-06-15T14:12:12+00:00
SAO_707A-10,São Paulo,3550308,True,,1990,,,-23.611071,-46.645185,,,,1,2023-06-15T14:12:11+00:00
SAO_707A-10,São Paulo,3550308,True,,1990,,,-23.615184499999998,-46.639401,,,,1,2023-06-15T14:11:51+00:00
SAO_707A-10,São Paulo,3550308,True,,1990,,,-23.6019655,-46.651228,,,,1,2023-06-15T14:11:59+00:00
SAO_707A-10,São Paulo,3550308,True,,1990,,,-23.605772375,-46.658160249999995,,,,1,2023-06-15T14:12:02+00:00
SAO_707A-10,São Paulo,3550308,True,,1990,,,-23.6047995,-46.663243375,,,,1,2023-06-15T14:11:58+00:00
SAO_707A-10,São Paulo,3550308,True,,1990,,,-23.665815000000002,-46.7117615,,,,1,2023-06-15T14:09:36+00:00
SAO_707A-10,São Paulo,3550308,True,,1990,,,-23.65184325,-46.705374375,,,,1,2023-06-15T14:11:55+00:00
SAO_707A-10,São Paulo,3550308,True,,1990,,,-23.626333250000002,-46.6835205,,,,1,2023-06-15T14:12:13+00:00
SAO_707A-10,São Paulo,3550308,True,,1990,,,-23.620864875000002,-46.678376,,,,1,2023-06-15T14:11:58+00:00
SAO_707A-10,São Paulo,3550308,True,,1990,,,-23.666610749999997,-46.720212499999995,,,,1,2023-06-15T14:12:18+00:00
SAO_707A-10,São Paulo,3550308,True,,1990,,,-23.692995500000002,-46.7785065,,,,1,2023-06-15T14:12:00+00:00
SAO_707A-10,São Paulo,3550308,True,,1990,,,-23.675841,-46.75692025,,,,1,2023-06-15T14:12:01+00:00
SAO_3738-10,São Paulo,3550308,True,,1038,,,-23.561654,-46.41975925,,,,1,2023-06-15T14:12:19+00:00
SAO_3738-10,São Paulo,3550308,True,,1038,,,-23.5654,-46.398866,,,,1,2023-06-15T14:12:17+00:00
SAO_3738-10,São Paulo,3550308,True,,1038,,,-23.542603999999997,-46.469476,,,,1,2023-06-15T14:12:09+00:00
SAO_3738-10,São Paulo,3550308,True,,1038,,,-23.561767500000002,-46.39735,,,,1,2023-06-15T14:12:10+00:00
SAO_3738-10,São Paulo,3550308,True,,1038,,,-23.551918999999998,-46.444631,,,,1,2023-06-15T14:12:07+00:00
SAO_3738-10,São Paulo,3550308,True,,1038,,,-23.5630765,-46.394354,,,,1,2023-06-15T14:12:16+00:00
SAO_3738-10,São Paulo,3550308,True,,1038,,,-23.55217425,-46.43152,,,,1,2023-06-15T14:12:19+00:00
SAO_3738-10,São Paulo,3550308,True,,1038,,,-23.5396805,-46.4570605,,,,1,2023-06-15T14:12:15+00:00
SAO_5127-10,São Paulo,3550308,True,,1127,,,-23.677442999999997,-46.701724999999996,,,,1,2023-06-15T14:06:46+00:00
SAO_5127-10,São Paulo,3550308,True,,1127,,,-23.700918,-46.639661000000004,,,,1,2023-06-15T14:11:54+00:00
SAO_5127-10,São Paulo,3550308,True,,1127,,,-23.6801195,-46.684002,,,,1,2023-06-15T14:12:02+00:00
SAO_5127-10,São Paulo,3550308,True,,1127,,,-23.697511249999998,-46.6297835,,,,1,2023-06-15T14:11:12+00:00
SAO_5127-10,São Paulo,3550308,True,,1127,,,-23.7015515,-46.640887,,,,1,2023-06-15T14:11:51+00:00
SAO_5702-10,São Paulo,3550308,True,,1137,,,-23.698729999999998,-46.6457525,,,,1,2023-06-15T14:11:58+00:00
SAO_5702-10,São Paulo,3550308,True,,1137,,,-23.687597500000003,-46.641639999999995,,,,1,2023-06-15T14:07:06+00:00
SAO_5702-10,São Paulo,3550308,True,,1137,,,-23.698729999999998,-46.6457525,,,,1,2023-06-15T14:12:11+00:00
SAO_5702-10,São Paulo,3550308,True,,1137,,,-23.6779065,-46.641213,,,,1,2023-06-15T14:11:54+00:00
SAO_5702-10,São Paulo,3550308,True,,1137,,,-23.6472555,-46.640461,,,,1,2023-06-15T14:12:08+00:00
SAO_5702-10,São Paulo,3550308,True,,1137,,,-23.698729999999998,-46.6457525,,,,1,2023-06-15T14:11:43+00:00
SAO_5702-10,São Paulo,3550308,True,,1137,,,-23.6510425,-46.63951,,,,1,2023-06-15T14:12:15+00:00
SAO_809U-21,São Paulo,3550308,True,,35075,,,-23.530857,-46.685383125,,,,2,2023-06-15T14:12:13+00:00
SAO_809U-21,São Paulo,3550308,True,,35075,,,-23.529217,-46.676480999999995,,,,2,2023-06-15T14:12:11+00:00
SAO_809U-21,São Paulo,3550308,True,,35075,,,-23.526926,-46.665777500000004,,,,2,2023-06-15T14:12:16+00:00
SAO_809U-21,São Paulo,3550308,True,,35075,,,-23.547126499999997,-46.690053000000006,,,,2,2023-06-15T14:12:05+00:00
SAO_809U-21,São Paulo,3550308,True,,35075,,,-23.543769500000003,-46.69036425,,,,2,2023-06-15T14:12:15+00:00
SAO_3051-10,São Paulo,3550308,True,,2446,,,-23.515217,-46.468835,,,,1,2023-06-15T14:12:20+00:00
SAO_3051-10,São Paulo,3550308,True,,2446,,,-23.5185185,-46.475598,,,,1,2023-06-15T14:11:48+00:00
SAO_3051-10,São Paulo,3550308,True,,2446,,,-23.5182095,-46.475659,,,,1,2023-06-15T14:11:54+00:00
SAO_9354-10,São Paulo,3550308,True,,33476,,,-23.51083475,-46.658698625,,,,2,2023-06-15T14:11:45+00:00
SAO_9354-10,São Paulo,3550308,True,,33476,,,-23.4742495,-46.669781,,,,2,2023-06-15T14:11:48+00:00
SAO_9354-10,São Paulo,3550308,True,,33476,,,-23.474565500000004,-46.667863499999996,,,,2,2023-06-15T14:12:13+00:00
SAO_9354-10,São Paulo,3550308,True,,33476,,,-23.49476575,-46.65752875,,,,2,2023-06-15T14:11:42+00:00
SAO_9354-10,São Paulo,3550308,True,,33476,,,-23.5373795,-46.6416975,,,,2,2023-06-15T14:12:08+00:00
SAO_856R-10,São Paulo,3550308,True,,1428,,,-23.533301,-46.688348500000004,,,,1,2023-06-15T14:11:40+00:00
SAO_856R-10,São Paulo,3550308,True,,1428,,,-23.5886135,-46.671968750000005,,,,1,2023-06-15T14:12:06+00:00
SAO_856R-10,São Paulo,3550308,True,,1428,,,-23.528114000000002,-46.68508799999999,,,,1,2023-06-15T14:11:51+00:00
SAO_856R-10,São Paulo,3550308,True,,1428,,,-23.57142125,-46.690687249999996,,,,1,2023-06-15T14:11:44+00:00
SAO_856R-10,São Paulo,3550308,True,,1428,,,-23.5522855,-46.675430500000004,,,,1,2023-06-15T14:11:54+00:00
SAO_856R-10,São Paulo,3550308,True,,1428,,,-23.661628,-46.7066085,,,,1,2023-06-15T14:11:52+00:00
SAO_856R-10,São Paulo,3550308,True,,1428,,,-23.5858295,-46.672083,,,,1,2023-06-15T14:12:10+00:00
SAO_856R-10,São Paulo,3550308,True,,1428,,,-23.521862,-46.6976475,,,,1,2023-06-15T14:12:07+00:00
SAO_856R-10,São Paulo,3550308,True,,1428,,,-23.521546,-46.6982285,,,,1,2023-06-15T14:12:05+00:00
SAO_856R-10,São Paulo,3550308,True,,1428,,,-23.597112000000003,-46.673897,,,,1,2023-06-15T14:11:57+00:00
SAO_273G-10,São Paulo,3550308,True,EMTU,223,https://moovitapp.com/index/pt-br/transporte_p%C3%BAblico-line-223-Sao_Paulo-242-2038937-36419342-0,5.2,-23.5343395,-46.473802000000006,,,,1,2023-06-15T14:12:03+00:00
SAO_273G-10,São Paulo,3550308,True,EMTU,223,https://moovitapp.com/index/pt-br/transporte_p%C3%BAblico-line-223-Sao_Paulo-242-2038937-36419342-0,5.2,-23.50355625,-46.4722235,,,,1,2023-06-15T14:11:45+00:00
SAO_273G-10,São Paulo,3550308,True,EMTU,223,https://moovitapp.com/index/pt-br/transporte_p%C3%BAblico-line-223-Sao_Paulo-242-2038937-36419342-0,5.2,-23.526838375,-46.47459825,,,,1,2023-06-15T14:12:06+00:00
SAO_273G-10,São Paulo,3550308,True,EMTU,223,https://moovitapp.com/index/pt-br/transporte_p%C3%BAblico-line-223-Sao_Paulo-242-2038937-36419342-0,5.2,-23.498266,-46.4572045,,,,1,2023-06-15T14:12:03+00:00
SAO_273G-10,São Paulo,3550308,True,EMTU,223,https://moovitapp.com/index/pt-br/transporte_p%C3%BAblico-line-223-Sao_Paulo-242-2038937-36419342-0,5.2,-23.48147025,-46.415574250000006,,,,1,2023-06-15T14:09:39+00:00
SAO_273G-10,São Paulo,3550308,True,EMTU,223,https://moovitapp.com/index/pt-br/transporte_p%C3%BAblico-line-223-Sao_Paulo-242-2038937-36419342-0,5.2,-23.48283125,-46.4321875,,,,1,2023-06-15T14:12:02+00:00
SAO_273G-10,São Paulo,3550308,True,EMTU,223,https://moovitapp.com/index/pt-br/transporte_p%C3%BAblico-line-223-Sao_Paulo-242-2038937-36419342-0,5.2,-23.522900874999998,-46.47532375,,,,1,2023-06-15T14:12:14+00:00
SAO_273G-10,São Paulo,3550308,True,EMTU,223,https://moovitapp.com/index/pt-br/transporte_p%C3%BAblico-line-223-Sao_Paulo-242-2038937-36419342-0,5.2,-23.4802145,-46.419857625000006,,,,1,2023-06-15T14:11:41+00:00
SAO_7062-10,São Paulo,3550308,True,,1898,,,-23.6441625,-46.767444,,,,1,2023-06-15T14:11:38+00:00
SAO_6015-10,São Paulo,3550308,True,,33973,,,-23.734715,-46.7945555,,,,2,2023-06-15T14:11:54+00:00
SAO_6015-10,São Paulo,3550308,True,,33973,,,-23.6728545,-46.74413925,,,,2,2023-06-15T14:11:52+00:00
SAO_6015-10,São Paulo,3550308,True,,33973,,,-23.648953749999997,-46.70467775,,,,2,2023-06-15T14:11:40+00:00
SAO_6015-10,São Paulo,3550308,True,,33973,,,-23.662600500000003,-46.707048375,,,,2,2023-06-15T14:11:59+00:00
SAO_6015-10,São Paulo,3550308,True,,33973,,,-23.738485,-46.7942315,,,,2,2023-06-15T14:11:56+00:00
SAO_6015-10,São Paulo,3550308,True,,33973,,,-23.696705,-46.779482,,,,2,2023-06-15T14:11:59+00:00
SAO_6015-10,São Paulo,3550308,True,,33973,,,-23.7065485,-46.7843755,,,,2,2023-06-15T14:11:45+00:00
SAO_809A-10,São Paulo,3550308,True,,2069,,,-23.5715885,-46.7076625,,,,1,2023-06-15T14:11:52+00:00
SAO_809A-10,São Paulo,3550308,True,,2069,,,-23.57621825,-46.72098750000001,,,,1,2023-06-15T14:12:04+00:00
SAO_809A-10,São Paulo,3550308,True,,2069,,,-23.582407,-46.732818,,,,1,2023-06-15T14:11:47+00:00
SAO_809A-10,São Paulo,3550308,True,,2069,,,-23.583202999999997,-46.772955499999995,,,,1,2023-06-15T14:12:19+00:00
SAO_809A-10,São Paulo,3550308,True,,2069,,,-23.583561000000003,-46.777966,,,,1,2023-06-15T14:12:01+00:00
SAO_809A-10,São Paulo,3550308,True,,2069,,,-23.579556,-46.77927,,,,1,2023-06-15T14:12:18+00:00
SAO_809A-10,São Paulo,3550308,True,,2069,,,-23.575936499999997,-46.775704000000005,,,,1,2023-06-15T14:11:50+00:00
SAO_809A-10,São Paulo,3550308,True,,2069,,,-23.5658615,-46.696505,,,,1,2023-06-15T14:11:38+00:00
SAO_809A-10,São Paulo,3550308,True,,2069,,,-23.5755945,-46.71759675,,,,1,2023-06-15T14:12:22+00:00
SAO_273X-10,São Paulo,3550308,True,,33160,,,-23.497997624999996,-46.376735124999996,,,,2,2023-06-15T14:12:08+00:00
SAO_273X-10,São Paulo,3550308,True,,33160,,,-23.4988045,-46.3950825,,,,2,2023-06-15T14:12:09+00:00
SAO_273X-10,São Paulo,3550308,True,,33160,,,-23.497790875,-46.376857375,,,,2,2023-06-15T14:11:54+00:00
SAO_273X-10,São Paulo,3550308,True,,33160,,,-23.5046575,-46.384257000000005,,,,2,2023-06-15T14:12:19+00:00
SAO_273X-10,São Paulo,3550308,True,,33160,,,-23.500183,-46.3932305,,,,2,2023-06-15T14:11:29+00:00
SAO_273X-10,São Paulo,3550308,True,,33160,,,-23.4942435,-46.4390015,,,,2,2023-06-15T14:11:53+00:00
SAO_273X-10,São Paulo,3550308,True,,33160,,,-23.493734,-46.440037000000004,,,,2,2023-06-15T14:08:42+00:00
SAO_675I-10,São Paulo,3550308,True,,32836,,,-23.617794500000002,-46.662015,,,,2,2023-06-15T14:12:15+00:00
SAO_675I-10,São Paulo,3550308,True,,32836,,,-23.643900000000002,-46.733340999999996,,,,2,2023-06-15T14:12:03+00:00
SAO_675I-10,São Paulo,3550308,True,,32836,,,-23.616671375000003,-46.675156625,,,,2,2023-06-15T14:12:09+00:00
SAO_675I-10,São Paulo,3550308,True,,32836,,,-23.626813,-46.64177050000001,,,,2,2023-06-15T14:12:06+00:00
SAO_3539-10,São Paulo,3550308,True,,33516,,,-23.5850425,-46.4429985,,,,2,2023-06-15T14:12:17+00:00
SAO_3539-10,São Paulo,3550308,True,,33516,,,-23.6006425,-46.3996595,,,,2,2023-06-15T14:12:00+00:00
SAO_3539-10,São Paulo,3550308,True,,33516,,,-23.527822,-46.507842499999995,,,,2,2023-06-15T14:12:13+00:00
SAO_3539-10,São Paulo,3550308,True,,33516,,,-23.546485,-46.605644,,,,2,2023-06-15T14:12:04+00:00
SAO_3539-10,São Paulo,3550308,True,,33516,,,-23.569326,-46.4474355,,,,2,2023-06-15T14:11:45+00:00
SAO_3539-10,São Paulo,3550308,True,,33516,,,-23.55107375,-46.4624665,,,,2,2023-06-15T14:11:41+00:00
SAO_3539-10,São Paulo,3550308,True,,33516,,,-23.57939575,-46.44296725,,,,2,2023-06-15T14:11:53+00:00
SAO_3539-10,São Paulo,3550308,True,,33516,,,-23.546485,-46.605644,,,,2,2023-06-15T14:11:38+00:00
SAO_3539-10,São Paulo,3550308,True,,33516,,,-23.600949999999997,-46.399390499999996,,,,2,2023-06-15T14:12:06+00:00
SAO_3539-10,São Paulo,3550308,True,,33516,,,-23.5407625,-46.5757575,,,,2,2023-06-15T14:12:08+00:00
SAO_3539-10,São Paulo,3550308,True,,33516,,,-23.540801000000002,-46.5759485,,,,2,2023-06-15T14:12:00+00:00
SAO_3539-10,São Paulo,3550308,True,,33516,,,-23.60109525,-46.39926,,,,2,2023-06-15T14:11:41+00:00
SAO_2717-10,São Paulo,3550308,True,,33698,,,-23.522538500000003,-46.52036775,,,,2,2023-06-15T14:12:10+00:00
SAO_2717-10,São Paulo,3550308,True,,33698,,,-23.51188525,-46.514422249999996,,,,2,2023-06-15T14:11:52+00:00
SAO_2717-10,São Paulo,3550308,True,,33698,,,-23.528868,-46.5167825,,,,2,2023-06-15T14:12:03+00:00
SAO_2717-10,São Paulo,3550308,True,,33698,,,-23.510103875,-46.512822625,,,,2,2023-06-15T14:11:41+00:00
SAO_6414-10,São Paulo,3550308,True,EMTU,360,https://moovitapp.com/index/pt-br/transporte_p%C3%BAblico-line-360-Sao_Paulo-242-2038937-36419441-0,5.2,-23.560406,-46.6549565,,,,1,2023-06-15T14:12:22+00:00
SAO_6414-10,São Paulo,3550308,True,EMTU,360,https://moovitapp.com/index/pt-br/transporte_p%C3%BAblico-line-360-Sao_Paulo-242-2038937-36419441-0,5.2,-23.67304275,-46.71493425,,,,1,2023-06-15T14:12:14+00:00
SAO_6414-10,São Paulo,3550308,True,EMTU,360,https://moovitapp.com/index/pt-br/transporte_p%C3%BAblico-line-360-Sao_Paulo-242-2038937-36419441-0,5.2,-23.599798,-46.67384575,,,,1,2023-06-15T14:11:46+00:00
SAO_6414-10,São Paulo,3550308,True,EMTU,360,https://moovitapp.com/index/pt-br/transporte_p%C3%BAblico-line-360-Sao_Paulo-242-2038937-36419441-0,5.2,-23.62766125,-46.68821275,,,,1,2023-06-15T14:12:02+00:00
SAO_6414-10,São Paulo,3550308,True,EMTU,360,https://moovitapp.com/index/pt-br/transporte_p%C3%BAblico-line-360-Sao_Paulo-242-2038937-36419441-0,5.2,-23.651206124999998,-46.704931125,,,,1,2023-06-15T14:12:05+00:00
SAO_6414-10,São Paulo,3550308,True,EMTU,360,https://moovitapp.com/index/pt-br/transporte_p%C3%BAblico-line-360-Sao_Paulo-242-2038937-36419441-0,5.2,-23.61439475,-46.68147825,,,,1,2023-06-15T14:12:05+00:00
SAO_5290-10,São Paulo,3550308,True,,597,,,-23.552137000000002,-46.634062,,,,1,2023-06-15T14:12:17+00:00
SAO_5290-10,São Paulo,3550308,True,,597,,,-23.605085000000003,-46.636889499999995,,,,1,2023-06-15T14:11:59+00:00
SAO_5290-10,São Paulo,3550308,True,,597,,,-23.664088,-46.637847,,,,1,2023-06-15T14:11:42+00:00
SAO_5290-10,São Paulo,3550308,True,,597,,,-23.5465655,-46.630341,,,,1,2023-06-15T14:11:42+00:00
SAO_5290-10,São Paulo,3550308,True,,597,,,-23.6360805,-46.641146000000006,,,,1,2023-06-15T14:11:35+00:00
SAO_5290-10,São Paulo,3550308,True,,597,,,-23.580371749999998,-46.63895175,,,,1,2023-06-15T14:12:04+00:00
SAO_5290-10,São Paulo,3550308,True,,597,,,-23.587062500000002,-46.634714,,,,1,2023-06-15T14:12:19+00:00
SAO_5290-10,São Paulo,3550308,True,,597,,,-23.618917500000002,-46.639234,,,,1,2023-06-15T14:12:19+00:00
SAO_5290-10,São Paulo,3550308,True,,597,,,-23.6803305,-46.6319145,,,,1,2023-06-15T14:11:56+00:00
SAO_846M-10,São Paulo,3550308,True,EMTU,422,https://moovitapp.com/index/pt-br/transporte_p%C3%BAblico-line-422-Sao_Paulo-242-2038937-36419479-0,7.15,-23.5165505,-46.75479025,,,,1,2023-06-15T14:12:15+00:00
SAO_846M-10,São Paulo,3550308,True,EMTU,422,https://moovitapp.com/index/pt-br/transporte_p%C3%BAblico-line-422-Sao_Paulo-242-2038937-36419479-0,7.15,-23.534954,-46.714149000000006,,,,1,2023-06-15T14:12:00+00:00
SAO_627J-10,São Paulo,3550308,True,,34824,,,-23.671961500000002,-46.631987,,,,2,2023-06-15T14:12:16+00:00
SAO_627J-10,São Paulo,3550308,True,,34824,,,-23.6816855,-46.633838,,,,2,2023-06-15T14:11:51+00:00
SAO_627J-10,São Paulo,3550308,True,,34824,,,-23.677243500000003,-46.6381885,,,,2,2023-06-15T14:12:11+00:00
SAO_627J-10,São Paulo,3550308,True,,34824,,,-23.664488249999998,-46.638079,,,,2,2023-06-15T14:11:49+00:00
SAO_627J-10,São Paulo,3550308,True,,34824,,,-23.642737750000002,-46.64140825,,,,2,2023-06-15T14:11:49+00:00
SAO_2710-10,São Paulo,3550308,True,,924,,,-23.517656000000002,-46.493895,,,,1,2023-06-15T14:12:17+00:00
SAO_2710-10,São Paulo,3550308,True,,924,,,-23.524682749999997,-46.4998925,,,,1,2023-06-15T14:11:59+00:00
SAO_2710-10,São Paulo,3550308,True,,924,,,-23.518847875,-46.48040949999999,,,,1,2023-06-15T14:11:57+00:00
SAO_3069-10,São Paulo,3550308,True,,984,,,-23.619342500000002,-46.412259500000005,,,,1,2023-06-15T14:11:56+00:00
SAO_3069-10,São Paulo,3550308,True,,984,,,-23.609757000000002,-46.4162565,,,,1,2023-06-15T14:11:46+00:00
SAO_3069-10,São Paulo,3550308,True,,984,,,-23.6255715,-46.462767,,,,1,2023-06-15T14:11:38+00:00
SAO_3069-10,São Paulo,3550308,True,,984,,,-23.6225295,-46.429902,,,,1,2023-06-15T14:12:17+00:00
SAO_3069-10,São Paulo,3550308,True,,984,,,-23.6123545,-46.476175999999995,,,,1,2023-06-15T14:12:05+00:00
SAO_3069-10,São Paulo,3550308,True,,984,,,-23.6185315,-46.468380499999995,,,,1,2023-06-15T14:11:49+00:00
SAO_6034-10,São Paulo,3550308,True,,95,,,-23.736897499999998,-46.69694,,,,1,2023-06-15T14:12:20+00:00
SAO_6034-10,São Paulo,3550308,True,,95,,,-23.7431225,-46.6917315,,,,1,2023-06-15T14:11:54+00:00
SAO_6034-10,São Paulo,3550308,True,,95,,,-23.73981475,-46.69153,,,,1,2023-06-15T14:12:19+00:00
SAO_5175-10,São Paulo,3550308,True,,593,,,-23.566334125,-46.64822475,,,,1,2023-06-15T14:12:07+00:00
SAO_5175-10,São Paulo,3550308,True,,593,,,-23.6682475,-46.673478,,,,1,2023-06-15T14:11:43+00:00
SAO_5175-10,São Paulo,3550308,True,,593,,,-23.68346525,-46.64500700000001,,,,1,2023-06-15T14:09:38+00:00
SAO_5175-10,São Paulo,3550308,True,,593,,,-23.5508615,-46.635386,,,,1,2023-06-15T14:11:56+00:00
SAO_5175-10,São Paulo,3550308,True,,593,,,-23.673689000000003,-46.6648875,,,,1,2023-06-15T14:11:38+00:00
SAO_5175-10,São Paulo,3550308,True,,593,,,-23.6295445,-46.6674285,,,,1,2023-06-15T14:11:58+00:00
SAO_5175-10,São Paulo,3550308,True,,593,,,-23.684431500000002,-46.6404475,,,,1,2023-06-15T14:12:00+00:00
SAO_5175-10,São Paulo,3550308,True,,593,,,-23.675023,-46.6614665,,,,1,2023-06-15T14:12:06+00:00
SAO_5175-10,São Paulo,3550308,True,,593,,,-23.6302895,-46.6684275,,,,1,2023-06-15T14:12:14+00:00
SAO_5175-10,São Paulo,3550308,True,,593,,,-23.598867249999998,-46.65066,,,,1,2023-06-15T14:12:09+00:00
SAO_5175-10,São Paulo,3550308,True,,593,,,-23.702707500000002,-46.6501205,,,,1,2023-06-15T14:11:51+00:00
SAO_5175-10,São Paulo,3550308,True,,593,,,-23.673853,-46.6645685,,,,1,2023-06-15T14:12:19+00:00
SAO_5175-10,São Paulo,3550308,True,,593,,,-23.69389425,-46.64531675,,,,1,2023-06-15T14:12:08+00:00
SAO_5175-10,São Paulo,3550308,True,,593,,,-23.614128,-46.658565,,,,1,2023-06-15T14:12:00+00:00
SAO_5175-10,São Paulo,3550308,True,,593,,,-23.5996645,-46.6507405,,,,1,2023-06-15T14:11:55+00:00
SAO_5175-10,São Paulo,3550308,True,,593,,,-23.6302895,-46.6684275,,,,1,2023-06-15T14:11:43+00:00
SAO_5175-10,São Paulo,3550308,True,,593,,,-23.658445874999998,-46.679567125,,,,1,2023-06-15T14:11:42+00:00
SAO_5175-10,São Paulo,3550308,True,,593,,,-23.570861,-46.6522435,,,,1,2023-06-15T14:12:18+00:00
SAO_5175-10,São Paulo,3550308,True,,593,,,-23.64841275,-46.675945,,,,1,2023-06-15T14:11:48+00:00
SAO_9300-10,São Paulo,3550308,True,EMTU,116,https://moovitapp.com/index/pt-br/transporte_p%C3%BAblico-line-116-Sao_Paulo-242-2038937-36419276-0,12.1,-23.55022025,-46.631459750000005,,,,1,2023-06-15T14:12:11+00:00
SAO_9300-10,São Paulo,3550308,True,EMTU,116,https://moovitapp.com/index/pt-br/transporte_p%C3%BAblico-line-116-Sao_Paulo-242-2038937-36419276-0,12.1,-23.5463275,-46.631088000000005,,,,1,2023-06-15T14:12:15+00:00
SAO_9300-10,São Paulo,3550308,True,EMTU,116,https://moovitapp.com/index/pt-br/transporte_p%C3%BAblico-line-116-Sao_Paulo-242-2038937-36419276-0,12.1,-23.54701225,-46.642812750000004,,,,1,2023-06-15T14:11:52+00:00
SAO_9300-10,São Paulo,3550308,True,EMTU,116,https://moovitapp.com/index/pt-br/transporte_p%C3%BAblico-line-116-Sao_Paulo-242-2038937-36419276-0,12.1,-23.522087624999998,-46.6635535,,,,1,2023-06-15T14:11:50+00:00
SAO_9300-10,São Paulo,3550308,True,EMTU,116,https://moovitapp.com/index/pt-br/transporte_p%C3%BAblico-line-116-Sao_Paulo-242-2038937-36419276-0,12.1,-23.530326499999997,-46.647040000000004,,,,1,2023-06-15T14:11:59+00:00
SAO_9300-10,São Paulo,3550308,True,EMTU,116,https://moovitapp.com/index/pt-br/transporte_p%C3%BAblico-line-116-Sao_Paulo-242-2038937-36419276-0,12.1,-23.521718999999997,-46.665873250000004,,,,1,2023-06-15T14:12:20+00:00
SAO_9300-10,São Paulo,3550308,True,EMTU,116,https://moovitapp.com/index/pt-br/transporte_p%C3%BAblico-line-116-Sao_Paulo-242-2038937-36419276-0,12.1,-23.50072825,-46.6652515,,,,1,2023-06-15T14:11:44+00:00
SAO_3731-10,São Paulo,3550308,True,,33796,,,-23.551451625,-46.5185145,,,,2,2023-06-15T14:12:07+00:00
SAO_3731-10,São Paulo,3550308,True,,33796,,,-23.542275,-46.5142285,,,,2,2023-06-15T14:11:39+00:00
SAO_3731-10,São Paulo,3550308,True,,33796,,,-23.563811,-46.5022595,,,,2,2023-06-15T14:12:11+00:00
SAO_3731-10,São Paulo,3550308,True,,33796,,,-23.5564805,-46.5138095,,,,2,2023-06-15T14:12:00+00:00
SAO_3731-10,São Paulo,3550308,True,,33796,,,-23.530189,-46.529557875,,,,2,2023-06-15T14:11:53+00:00
SAO_3731-10,São Paulo,3550308,True,,33796,,,-23.563288999999997,-46.501448499999995,,,,2,2023-06-15T14:11:03+00:00
SAO_178L-10,São Paulo,3550308,True,,33328,,,-23.550093500000003,-46.682230000000004,,,,2,2023-06-15T14:11:53+00:00
SAO_178L-10,São Paulo,3550308,True,,33328,,,-23.484537500000002,-46.641888,,,,2,2023-06-15T14:12:06+00:00
SAO_178L-10,São Paulo,3550308,True,,33328,,,-23.5522855,-46.675430500000004,,,,2,2023-06-15T14:11:55+00:00
SAO_178L-10,São Paulo,3550308,True,,33328,,,-23.504137375000003,-46.625815749999994,,,,2,2023-06-15T14:12:17+00:00
SAO_178L-10,São Paulo,3550308,True,,33328,,,-23.530898,-46.64643775,,,,2,2023-06-15T14:11:57+00:00
SAO_178L-10,São Paulo,3550308,True,,33328,,,-23.5424435,-46.646533250000005,,,,2,2023-06-15T14:11:54+00:00
SAO_178L-10,São Paulo,3550308,True,,33328,,,-23.507038343749997,-46.64623643750001,,,,2,2023-06-15T14:12:16+00:00
SAO_775N-10,São Paulo,3550308,True,,33242,,,-23.577339000000002,-46.7617275,,,,2,2023-06-15T14:12:00+00:00
SAO_775N-10,São Paulo,3550308,True,,33242,,,-23.576649500000002,-46.7657045,,,,2,2023-06-15T14:12:17+00:00
SAO_372U-10,São Paulo,3550308,True,,33784,,,-23.5409625,-46.5764615,,,,2,2023-06-15T14:11:38+00:00
SAO_372U-10,São Paulo,3550308,True,,33784,,,-23.552728625000004,-46.543964625,,,,2,2023-06-15T14:11:59+00:00
SAO_372U-10,São Paulo,3550308,True,,33784,,,-23.55319325,-46.562629,,,,2,2023-06-15T14:10:56+00:00
SAO_372U-10,São Paulo,3550308,True,,33784,,,-23.552243750000002,-46.567416249999994,,,,2,2023-06-15T14:10:29+00:00
SAO_372U-10,São Paulo,3550308,True,,33784,,,-23.561893500000004,-46.56246725,,,,2,2023-06-15T14:11:55+00:00
SAO_372U-10,São Paulo,3550308,True,,33784,,,-23.55315975,-46.562968999999995,,,,2,2023-06-15T14:06:52+00:00
SAO_372U-10,São Paulo,3550308,True,,33784,,,-23.5653845,-46.545204999999996,,,,2,2023-06-15T14:11:38+00:00
SAO_372U-10,São Paulo,3550308,True,,33784,,,-23.566091375,-46.544632875,,,,2,2023-06-15T14:11:45+00:00
SAO_372U-10,São Paulo,3550308,True,,33784,,,-23.556678875000003,-46.542362125000004,,,,2,2023-06-15T14:12:00+00:00
SAO_372U-10,São Paulo,3550308,True,,33784,,,-23.562586,-46.5548495,,,,2,2023-06-15T14:12:17+00:00
SAO_209P-1,São Paulo,3550308,True,,2301,,,-23.530894,-46.67731,,,,1,2023-06-15T14:12:16+00:00
SAO_209P-1,São Paulo,3550308,True,,2301,,,-23.52357,-46.67113125,,,,1,2023-06-15T14:11:37+00:00
SAO_809P-10,São Paulo,3550308,True,,1891,,,-23.590868,-46.7305185,,,,1,2023-06-15T14:12:22+00:00
SAO_809P-10,São Paulo,3550308,True,,1891,,,-23.629634,-46.769735499999996,,,,1,2023-06-15T14:11:44+00:00
SAO_809P-10,São Paulo,3550308,True,,1891,,,-23.570421000000003,-46.698171,,,,1,2023-06-15T14:12:14+00:00
SAO_809P-10,São Paulo,3550308,True,,1891,,,-23.56533275,-46.698793,,,,1,2023-06-15T14:11:57+00:00
SAO_809P-10,São Paulo,3550308,True,,1891,,,-23.602119000000002,-46.7437865,,,,1,2023-06-15T14:12:22+00:00
SAO_809P-10,São Paulo,3550308,True,,1891,,,-23.6139045,-46.7554935,,,,1,2023-06-15T14:11:58+00:00
SAO_809P-10,São Paulo,3550308,True,,1891,,,-23.620389250000002,-46.757758125,,,,1,2023-06-15T14:11:57+00:00
SAO_809P-10,São Paulo,3550308,True,,1891,,,-23.5727175,-46.704574,,,,1,2023-06-15T14:11:38+00:00
SAO_809P-10,São Paulo,3550308,True,,1891,,,-23.6065685,-46.748829,,,,1,2023-06-15T14:11:59+00:00
SAO_809P-10,São Paulo,3550308,True,,1891,,,-23.605309,-46.7462445,,,,1,2023-06-15T14:12:08+00:00
SAO_809P-10,São Paulo,3550308,True,,1891,,,-23.575829249999998,-46.70725125,,,,1,2023-06-15T14:12:16+00:00
SAO_8194-10,São Paulo,3550308,True,,33573,,,-23.4350455,-46.7180285,,,,2,2023-06-15T14:12:08+00:00
SAO_8194-10,São Paulo,3550308,True,,33573,,,-23.4125245,-46.7508325,,,,2,2023-06-15T14:12:08+00:00
SAO_8194-10,São Paulo,3550308,True,,33573,,,-23.464762999999998,-46.6797545,,,,2,2023-06-15T14:12:18+00:00
SAO_8194-10,São Paulo,3550308,True,,33573,,,-23.432543,-46.724050500000004,,,,2,2023-06-15T14:11:51+00:00
SAO_8194-10,São Paulo,3550308,True,,33573,,,-23.4140175,-46.750341500000005,,,,2,2023-06-15T14:12:01+00:00
SAO_8194-10,São Paulo,3550308,True,,33573,,,-23.4141015,-46.750579,,,,2,2023-06-15T14:12:03+00:00
SAO_8194-10,São Paulo,3550308,True,,33573,,,-23.463238750000002,-46.682105750000005,,,,2,2023-06-15T14:12:06+00:00
SAO_8194-10,São Paulo,3550308,True,,33573,,,-23.473833999999997,-46.669099,,,,2,2023-06-15T14:12:05+00:00
SAO_8194-10,São Paulo,3550308,True,,33573,,,-23.4140175,-46.750341500000005,,,,2,2023-06-15T14:12:19+00:00
SAO_2363-10,São Paulo,3550308,True,,135,,,-23.54620025,-46.63007,,,,1,2023-06-15T14:11:52+00:00
SAO_2363-10,São Paulo,3550308,True,,135,,,-23.50358125,-46.5045975,,,,1,2023-06-15T14:11:45+00:00
SAO_2363-10,São Paulo,3550308,True,,135,,,-23.537415000000003,-46.5954745,,,,1,2023-06-15T14:12:12+00:00
SAO_2363-10,São Paulo,3550308,True,,135,,,-23.5314755,-46.5591195,,,,1,2023-06-15T14:10:32+00:00
SAO_2363-10,São Paulo,3550308,True,,135,,,-23.539987,-46.61139225,,,,1,2023-06-15T14:09:49+00:00
SAO_8043-10,São Paulo,3550308,True,,33175,,,-23.482191,-46.747814000000005,,,,2,2023-06-15T14:12:04+00:00
SAO_7001-10,São Paulo,3550308,True,,1722,,,-23.68511,-46.770103500000005,,,,1,2023-06-15T14:12:00+00:00
SAO_7001-10,São Paulo,3550308,True,,1722,,,-23.684296,-46.769915999999995,,,,1,2023-06-15T14:12:04+00:00
SAO_7001-10,São Paulo,3550308,True,,1722,,,-23.690734,-46.774626,,,,1,2023-06-15T14:11:52+00:00
SAO_7001-10,São Paulo,3550308,True,,1722,,,-23.680400499999998,-46.769000500000004,,,,1,2023-06-15T14:11:49+00:00
SAO_7001-10,São Paulo,3550308,True,,1722,,,-23.720345000000002,-46.75921625,,,,1,2023-06-15T14:08:36+00:00
SAO_7001-10,São Paulo,3550308,True,,1722,,,-23.7232815,-46.756601,,,,1,2023-06-15T14:11:57+00:00
SAO_7001-10,São Paulo,3550308,True,,1722,,,-23.716393500000002,-46.767261500000004,,,,1,2023-06-15T14:12:08+00:00
SAO_7001-10,São Paulo,3550308,True,,1722,,,-23.722670125,-46.76453825,,,,1,2023-06-15T14:12:19+00:00
SAO_695Y-10,São Paulo,3550308,True,,1198,,,-23.7582485,-46.7147595,,,,1,2023-06-15T14:11:44+00:00
SAO_695Y-10,São Paulo,3550308,True,,1198,,,-23.8283035,-46.727239999999995,,,,1,2023-06-15T14:12:07+00:00
SAO_695Y-10,São Paulo,3550308,True,,1198,,,-23.728143000000003,-46.699055,,,,1,2023-06-15T14:12:05+00:00
SAO_695Y-10,São Paulo,3550308,True,,1198,,,-23.686279,-46.693618,,,,1,2023-06-15T14:11:44+00:00
SAO_695Y-10,São Paulo,3550308,True,,1198,,,-23.6762395,-46.696017,,,,1,2023-06-15T14:11:54+00:00
SAO_695Y-10,São Paulo,3550308,True,,1198,,,-23.66439125,-46.69100350000001,,,,1,2023-06-15T14:11:41+00:00
SAO_695Y-10,São Paulo,3550308,True,,1198,,,-23.76356025,-46.7160555,,,,1,2023-06-15T14:11:49+00:00
SAO_695Y-10,São Paulo,3550308,True,,1198,,,-23.8283035,-46.727239999999995,,,,1,2023-06-15T14:12:17+00:00
SAO_695Y-10,São Paulo,3550308,True,,1198,,,-23.589384000000003,-46.634009500000005,,,,1,2023-06-15T14:12:11+00:00
SAO_695Y-10,São Paulo,3550308,True,,1198,,,-23.826907,-46.7317605,,,,1,2023-06-15T14:12:16+00:00
SAO_695Y-10,São Paulo,3550308,True,,1198,,,-23.641070999999997,-46.697597375,,,,1,2023-06-15T14:12:00+00:00
SAO_695Y-10,São Paulo,3550308,True,,1198,,,-23.7177225,-46.699033,,,,1,2023-06-15T14:09:24+00:00
SAO_695Y-10,São Paulo,3550308,True,,1198,,,-23.636704,-46.693442000000005,,,,1,2023-06-15T14:11:13+00:00
SAO_695Y-10,São Paulo,3550308,True,,1198,,,-23.649486,-46.702664,,,,1,2023-06-15T14:12:15+00:00
SAO_695Y-10,São Paulo,3550308,True,,1198,,,-23.6074085,-46.665693000000005,,,,1,2023-06-15T14:12:00+00:00
SAO_3903-10,São Paulo,3550308,True,,1471,,,-23.5182675,-46.5462475,,,,1,2023-06-15T14:12:01+00:00
SAO_3903-10,São Paulo,3550308,True,,1471,,,-23.520352,-46.502385000000004,,,,1,2023-06-15T14:12:04+00:00
SAO_573T-31,São Paulo,3550308,True,,2248,,,-23.55470375,-46.52677224999999,,,,1,2023-06-15T14:12:19+00:00
SAO_573T-31,São Paulo,3550308,True,,2248,,,-23.538704,-46.566096,,,,1,2023-06-15T14:12:14+00:00
SAO_573T-31,São Paulo,3550308,True,,2248,,,-23.601533000000003,-46.4948845,,,,1,2023-06-15T14:11:47+00:00
SAO_7550-10,São Paulo,3550308,True,,2093,,,-23.6003935,-46.6738945,,,,1,2023-06-15T14:11:47+00:00
SAO_7550-10,São Paulo,3550308,True,,2093,,,-23.54337975,-46.643962,,,,1,2023-06-15T14:12:23+00:00
SAO_7550-10,São Paulo,3550308,True,,2093,,,-23.589663375,-46.672183375,,,,1,2023-06-15T14:11:40+00:00
SAO_7550-10,São Paulo,3550308,True,,2093,,,-23.56853625,-46.649782,,,,1,2023-06-15T14:11:55+00:00
SAO_7550-10,São Paulo,3550308,True,,2093,,,-23.654166500000002,-46.711513,,,,1,2023-06-15T14:12:01+00:00
SAO_7550-10,São Paulo,3550308,True,,2093,,,-23.653152499999997,-46.706320749999996,,,,1,2023-06-15T14:11:50+00:00
SAO_7550-10,São Paulo,3550308,True,,2093,,,-23.627192,-46.687895749999996,,,,1,2023-06-15T14:12:18+00:00
SAO_6007-10,São Paulo,3550308,True,,176,,,-23.6497955,-46.7329255,,,,1,2023-06-15T14:11:43+00:00
SAO_6007-10,São Paulo,3550308,True,,176,,,-23.654153,-46.73303725,,,,1,2023-06-15T14:12:11+00:00
SAO_6007-10,São Paulo,3550308,True,,176,,,-23.66255125,-46.736760000000004,,,,1,2023-06-15T14:12:04+00:00
SAO_6007-10,São Paulo,3550308,True,,176,,,-23.65665725,-46.731927999999996,,,,1,2023-06-15T14:12:03+00:00
SAO_6007-10,São Paulo,3550308,True,,176,,,-23.6549965,-46.762482000000006,,,,1,2023-06-15T14:11:38+00:00
SAO_6007-10,São Paulo,3550308,True,,176,,,-23.6533235,-46.733739,,,,1,2023-06-15T14:12:15+00:00
SAO_6007-10,São Paulo,3550308,True,,176,,,-23.670779500000002,-46.748416500000005,,,,1,2023-06-15T14:11:57+00:00
SAO_177H-10,São Paulo,3550308,True,,33398,,,-23.500237875,-46.633570750000004,,,,2,2023-06-15T14:12:12+00:00
SAO_177H-10,São Paulo,3550308,True,,33398,,,-23.53482175,-46.65352250000001,,,,2,2023-06-15T14:12:20+00:00
SAO_177H-10,São Paulo,3550308,True,,33398,,,-23.553483625,-46.659845375,,,,2,2023-06-15T14:11:38+00:00
SAO_177H-10,São Paulo,3550308,True,,33398,,,-23.505285999999998,-46.6553195,,,,2,2023-06-15T14:11:42+00:00
SAO_177H-10,São Paulo,3550308,True,,33398,,,-23.563063,-46.7221665,,,,2,2023-06-15T14:12:07+00:00
SAO_177H-10,São Paulo,3550308,True,,33398,,,-23.5683205,-46.696971,,,,2,2023-06-15T14:11:55+00:00
SAO_3746-10,São Paulo,3550308,True,,33051,,,-23.557873125,-46.569552,,,,2,2023-06-15T14:11:36+00:00
SAO_3746-10,São Paulo,3550308,True,,33051,,,-23.545717,-46.59201,,,,2,2023-06-15T14:11:52+00:00
SAO_3746-10,São Paulo,3550308,True,,33051,,,-23.594412499999997,-46.5029525,,,,2,2023-06-15T14:11:57+00:00
SAO_3746-10,São Paulo,3550308,True,,33051,,,-23.5514365,-46.57981,,,,2,2023-06-15T14:11:59+00:00
SAO_3746-10,São Paulo,3550308,True,,33051,,,-23.5946305,-46.503217500000005,,,,2,2023-06-15T14:11:39+00:00
SAO_3746-10,São Paulo,3550308,True,,33051,,,-23.585925500000002,-46.518286,,,,2,2023-06-15T14:11:53+00:00
SAO_3746-10,São Paulo,3550308,True,,33051,,,-23.542912,-46.588283000000004,,,,2,2023-06-15T14:11:46+00:00
SAO_3746-10,São Paulo,3550308,True,,33051,,,-23.594203999999998,-46.502838,,,,2,2023-06-15T14:11:50+00:00
SAO_3746-10,São Paulo,3550308,True,,33051,,,-23.5681275,-46.540889500000006,,,,2,2023-06-15T14:11:48+00:00
SAO_9785-10,São Paulo,3550308,True,,33596,,,-23.50733,-46.680855,,,,2,2023-06-15T14:11:41+00:00
SAO_9785-10,São Paulo,3550308,True,,33596,,,-23.4567625,-46.6990585,,,,2,2023-06-15T14:12:07+00:00
SAO_9785-10,São Paulo,3550308,True,,33596,,,-23.50781325,-46.691078000000005,,,,2,2023-06-15T14:09:06+00:00
SAO_9785-10,São Paulo,3550308,True,,33596,,,-23.525606,-46.6712185,,,,2,2023-06-15T14:12:08+00:00
SAO_9785-10,São Paulo,3550308,True,,33596,,,-23.4567625,-46.6990585,,,,2,2023-06-15T14:11:54+00:00
SAO_9785-10,São Paulo,3550308,True,,33596,,,-23.4602285,-46.699382,,,,2,2023-06-15T14:12:15+00:00
SAO_7006-51,São Paulo,3550308,True,,1997,,,-23.6613405,-46.769731,,,,1,2023-06-15T14:12:04+00:00
SAO_7006-51,São Paulo,3550308,True,,1997,,,-23.67105,-46.772944499999994,,,,1,2023-06-15T14:12:03+00:00
SAO_7006-51,São Paulo,3550308,True,,1997,,,-23.692594,-46.777992,,,,1,2023-06-15T14:11:46+00:00
SAO_7006-51,São Paulo,3550308,True,,1997,,,-23.6858575,-46.7702995,,,,1,2023-06-15T14:11:47+00:00
SAO_7006-51,São Paulo,3550308,True,,1997,,,-23.7394385,-46.781838,,,,1,2023-06-15T14:12:18+00:00
SAO_7006-51,São Paulo,3550308,True,,1997,,,-23.71137775,-46.782644250000004,,,,1,2023-06-15T14:12:12+00:00
SAO_8194-10,São Paulo,3550308,True,,805,,,-23.405629499999996,-46.75294575,,,,1,2023-06-15T14:12:11+00:00
SAO_8194-10,São Paulo,3550308,True,,805,,,-23.4134615,-46.7500135,,,,1,2023-06-15T14:11:52+00:00
SAO_8194-10,São Paulo,3550308,True,,805,,,-23.4526065,-46.699762,,,,1,2023-06-15T14:12:10+00:00
SAO_8194-10,São Paulo,3550308,True,,805,,,-23.459422,-46.6894975,,,,1,2023-06-15T14:12:05+00:00
SAO_8194-10,São Paulo,3550308,True,,805,,,-23.4319225,-46.725139,,,,1,2023-06-15T14:11:48+00:00
SAO_8194-10,São Paulo,3550308,True,,805,,,-23.4023805,-46.739430999999996,,,,1,2023-06-15T14:11:53+00:00
SAO_8194-10,São Paulo,3550308,True,,805,,,-23.464514,-46.679869,,,,1,2023-06-15T14:11:45+00:00
SAO_271A-51,São Paulo,3550308,True,,33471,,,-23.503802,-46.614819499999996,,,,2,2023-06-15T14:12:19+00:00
SAO_271A-51,São Paulo,3550308,True,,33471,,,-23.4981285,-46.5961795,,,,2,2023-06-15T14:12:15+00:00
SAO_271A-51,São Paulo,3550308,True,,33471,,,-23.5138515,-46.57136,,,,2,2023-06-15T14:12:18+00:00
SAO_271A-51,São Paulo,3550308,True,,33471,,,-23.5138515,-46.57136,,,,2,2023-06-15T14:12:14+00:00
SAO_271A-51,São Paulo,3550308,True,,33471,,,-23.50225,-46.623670000000004,,,,2,2023-06-15T14:12:21+00:00
SAO_875C-1,São Paulo,3550308,True,,35278,,,-23.5964795,-46.66736075,,,,2,2023-06-15T14:12:12+00:00
SAO_875C-1,São Paulo,3550308,True,,35278,,,-23.5327165,-46.712866500000004,,,,2,2023-06-15T14:12:10+00:00
SAO_707A-23,São Paulo,3550308,True,,34864,,,-23.59625975,-46.652537,,,,2,2023-06-15T14:11:54+00:00
SAO_707A-23,São Paulo,3550308,True,,34864,,,-23.596337375,-46.651826625,,,,2,2023-06-15T14:11:51+00:00
SAO_707A-23,São Paulo,3550308,True,,34864,,,-23.596337375,-46.651826625,,,,2,2023-06-15T14:07:12+00:00
SAO_707A-23,São Paulo,3550308,True,,34864,,,-23.596337375,-46.651826625,,,,2,2023-06-15T14:11:51+00:00
SAO_778J-41,São Paulo,3550308,True,,34254,,,-23.538379,-46.67467,,,,2,2023-06-15T14:12:02+00:00
SAO_778J-41,São Paulo,3550308,True,,34254,,,-23.561371875,-46.68789975,,,,2,2023-06-15T14:11:48+00:00
SAO_778J-41,São Paulo,3550308,True,,34254,,,-23.56747275,-46.69932125,,,,2,2023-06-15T14:12:08+00:00
SAO_5035-10,São Paulo,3550308,True,,34436,,,-23.637159500000003,-46.592059,,,,2,2023-06-15T14:12:10+00:00
SAO_5035-10,São Paulo,3550308,True,,34436,,,-23.636036750000002,-46.59084675,,,,2,2023-06-15T14:11:48+00:00
SAO_5035-10,São Paulo,3550308,True,,34436,,,-23.621283,-46.593867,,,,2,2023-06-15T14:11:54+00:00
SAO_5035-10,São Paulo,3550308,True,,34436,,,-23.629944000000002,-46.5885565,,,,2,2023-06-15T14:10:05+00:00
SAO_4310-10,São Paulo,3550308,True,,34928,,,-23.538698,-46.565755,,,,2,2023-06-15T14:10:02+00:00
SAO_4310-10,São Paulo,3550308,True,,34928,,,-23.528091500000002,-46.51233275,,,,2,2023-06-15T14:12:00+00:00
SAO_4310-10,São Paulo,3550308,True,,34928,,,-23.55107375,-46.62801225,,,,2,2023-06-15T14:11:52+00:00
SAO_4310-10,São Paulo,3550308,True,,34928,,,-23.534565999999998,-46.4530625,,,,2,2023-06-15T14:12:18+00:00
SAO_4310-10,São Paulo,3550308,True,,34928,,,-23.53765525,-46.5612195,,,,2,2023-06-15T14:10:57+00:00
SAO_4310-10,São Paulo,3550308,True,,34928,,,-23.53941375,-46.5710875,,,,2,2023-06-15T14:12:03+00:00
SAO_4310-10,São Paulo,3550308,True,,34928,,,-23.538702999999998,-46.565937000000005,,,,2,2023-06-15T14:11:56+00:00
SAO_4310-10,São Paulo,3550308,True,,34928,,,-23.53178775,-46.5229345,,,,2,2023-06-15T14:11:52+00:00
SAO_4310-10,São Paulo,3550308,True,,34928,,,-23.532371750000003,-46.53523199999999,,,,2,2023-06-15T14:11:40+00:00
SAO_4310-10,São Paulo,3550308,True,,34928,,,-23.55289175,-46.616635,,,,2,2023-06-15T14:12:20+00:00
SAO_4310-10,São Paulo,3550308,True,,34928,,,-23.5355685,-46.551089,,,,2,2023-06-15T14:12:07+00:00
SAO_4310-10,São Paulo,3550308,True,,34928,,,-23.5425925,-46.47994625,,,,2,2023-06-15T14:11:53+00:00
SAO_4310-10,São Paulo,3550308,True,,34928,,,-23.551021875000004,-46.6077705,,,,2,2023-06-15T14:12:21+00:00
SAO_4310-10,São Paulo,3550308,True,,34928,,,-23.534565999999998,-46.4530625,,,,2,2023-06-15T14:12:05+00:00
SAO_4310-10,São Paulo,3550308,True,,34928,,,-23.535428500000002,-46.454211,,,,2,2023-06-15T14:11:53+00:00
SAO_4310-10,São Paulo,3550308,True,,34928,,,-23.531905625,-46.5251255,,,,2,2023-06-15T14:12:09+00:00
SAO_4310-10,São Paulo,3550308,True,,34928,,,-23.548907,-46.60393525,,,,2,2023-06-15T14:11:52+00:00
SAO_4310-10,São Paulo,3550308,True,,34928,,,-23.535671999999998,-46.4544545,,,,2,2023-06-15T14:11:53+00:00
SAO_4310-10,São Paulo,3550308,True,,34928,,,-23.535660999999998,-46.55151975,,,,2,2023-06-15T14:11:57+00:00
SAO_4310-10,São Paulo,3550308,True,,34928,,,-23.534565999999998,-46.4530625,,,,2,2023-06-15T14:12:06+00:00
SAO_4310-10,São Paulo,3550308,True,,34928,,,-23.54023625,-46.485081625,,,,2,2023-06-15T14:12:01+00:00
SAO_6338-10,São Paulo,3550308,True,,34061,,,-23.65017525,-46.64708525,,,,2,2023-06-15T14:12:13+00:00
SAO_6338-10,São Paulo,3550308,True,,34061,,,-23.596769000000002,-46.646705374999996,,,,2,2023-06-15T14:11:53+00:00
SAO_6338-10,São Paulo,3550308,True,,34061,,,-23.6787895,-46.6407645,,,,2,2023-06-15T14:11:52+00:00
SAO_6338-10,São Paulo,3550308,True,,34061,,,-23.59529375,-46.650884,,,,2,2023-06-15T14:12:16+00:00
SAO_4742-10,São Paulo,3550308,True,,33110,,,-23.619507,-46.63885487500001,,,,2,2023-06-15T14:11:55+00:00
SAO_4742-10,São Paulo,3550308,True,,33110,,,-23.6449755,-46.626110499999996,,,,2,2023-06-15T14:11:55+00:00
SAO_2058-10,São Paulo,3550308,True,,259,,,-23.536491,-46.403831749999995,,,,1,2023-06-15T14:08:45+00:00
SAO_2058-10,São Paulo,3550308,True,,259,,,-23.52562675,-46.39835125,,,,1,2023-06-15T14:11:43+00:00
SAO_2058-10,São Paulo,3550308,True,,259,,,-23.494052500000002,-46.419838999999996,,,,1,2023-06-15T14:11:57+00:00
SAO_7053-10,São Paulo,3550308,True,,34655,,,-23.653941000000003,-46.78870825,,,,2,2023-06-15T14:11:47+00:00
SAO_7053-10,São Paulo,3550308,True,,34655,,,-23.653941000000003,-46.78870825,,,,2,2023-06-15T14:11:56+00:00
SAO_7053-10,São Paulo,3550308,True,,34655,,,-23.642704000000002,-46.786391249999994,,,,2,2023-06-15T14:12:01+00:00
SAO_7053-10,São Paulo,3550308,True,,34655,,,-23.653941000000003,-46.78870825,,,,2,2023-06-15T14:12:22+00:00
SAO_7053-10,São Paulo,3550308,True,,34655,,,-23.6453225,-46.789393000000004,,,,2,2023-06-15T14:11:52+00:00
SAO_7053-10,São Paulo,3550308,True,,34655,,,-23.653941000000003,-46.78870825,,,,2,2023-06-15T14:12:08+00:00
SAO_7053-10,São Paulo,3550308,True,,34655,,,-23.654055,-46.78842275,,,,2,2023-06-15T14:12:00+00:00
SAO_3004-10,São Paulo,3550308,True,,1798,,,-23.479607,-46.4286865,,,,1,2023-06-15T14:09:52+00:00
SAO_6063-42,São Paulo,3550308,True,,34770,,,-23.809403,-46.6612485,,,,2,2023-06-15T14:12:19+00:00
SAO_6063-42,São Paulo,3550308,True,,34770,,,-23.809403,-46.6612485,,,,2,2023-06-15T14:12:09+00:00
SAO_6063-42,São Paulo,3550308,True,,34770,,,-23.809403,-46.6612485,,,,2,2023-06-15T14:11:49+00:00
SAO_6063-42,São Paulo,3550308,True,,34770,,,-23.810243999999997,-46.6629,,,,2,2023-06-15T14:12:06+00:00
SAO_6063-42,São Paulo,3550308,True,,34770,,,-23.8187705,-46.6765665,,,,2,2023-06-15T14:12:12+00:00
SAO_6063-42,São Paulo,3550308,True,,34770,,,-23.809403,-46.6612485,,,,2,2023-06-15T14:12:17+00:00
SAO_809H-10,São Paulo,3550308,True,,2245,,,-23.57860975,-46.7416675,,,,1,2023-06-15T14:12:04+00:00
SAO_809H-10,São Paulo,3550308,True,,2245,,,-23.5852045,-46.741275,,,,1,2023-06-15T14:11:55+00:00
SAO_809H-10,São Paulo,3550308,True,,2245,,,-23.583319,-46.7895505,,,,1,2023-06-15T14:11:43+00:00
SAO_809H-10,São Paulo,3550308,True,,2245,,,-23.5535815,-46.7427225,,,,1,2023-06-15T14:12:22+00:00
SAO_809H-10,São Paulo,3550308,True,,2245,,,-23.583319,-46.7895505,,,,1,2023-06-15T14:12:00+00:00
SAO_3023-10,São Paulo,3550308,True,,33728,,,-23.563912000000002,-46.5052585,,,,2,2023-06-15T14:11:44+00:00
SAO_3023-10,São Paulo,3550308,True,,33728,,,-23.622758,-46.476946500000004,,,,2,2023-06-15T14:12:03+00:00
SAO_3023-10,São Paulo,3550308,True,,33728,,,-23.60538575,-46.480157999999996,,,,2,2023-06-15T14:12:18+00:00
SAO_3023-10,São Paulo,3550308,True,,33728,,,-23.56468325,-46.50561075,,,,2,2023-06-15T14:11:39+00:00
SAO_3023-10,São Paulo,3550308,True,,33728,,,-23.577493250000003,-46.50348375,,,,2,2023-06-15T14:12:10+00:00
SAO_3023-10,São Paulo,3550308,True,,33728,,,-23.563912000000002,-46.5052585,,,,2,2023-06-15T14:12:06+00:00
SAO_7002-10,São Paulo,3550308,True,,33540,,,-23.590933999999997,-46.753667,,,,2,2023-06-15T14:12:15+00:00
SAO_7002-10,São Paulo,3550308,True,,33540,,,-23.555528000000002,-46.67817025,,,,2,2023-06-15T14:11:33+00:00
SAO_7002-10,São Paulo,3550308,True,,33540,,,-23.590518,-46.76971475,,,,2,2023-06-15T14:12:19+00:00
SAO_7002-10,São Paulo,3550308,True,,33540,,,-23.593669,-46.759599,,,,2,2023-06-15T14:11:46+00:00
SAO_7002-10,São Paulo,3550308,True,,33540,,,-23.584985000000003,-46.740178,,,,2,2023-06-15T14:10:55+00:00
SAO_7002-10,São Paulo,3550308,True,,33540,,,-23.565369,-46.69773,,,,2,2023-06-15T14:11:45+00:00
SAO_7002-10,São Paulo,3550308,True,,33540,,,-23.590518,-46.76971475,,,,2,2023-06-15T14:11:42+00:00
SAO_7002-10,São Paulo,3550308,True,,33540,,,-23.560417,-46.68626575,,,,2,2023-06-15T14:11:58+00:00
SAO_7002-10,São Paulo,3550308,True,,33540,,,-23.59162275,-46.76552074999999,,,,2,2023-06-15T14:12:05+00:00
SAO_9023-10,São Paulo,3550308,True,,34205,,,-23.437913375,-46.710179,,,,2,2023-06-15T14:11:36+00:00
SAO_9023-10,São Paulo,3550308,True,,34205,,,-23.451489000000002,-46.71607,,,,2,2023-06-15T14:11:41+00:00
SAO_9023-10,São Paulo,3550308,True,,34205,,,-23.486517,-46.7267185,,,,2,2023-06-15T14:11:39+00:00
SAO_9023-10,São Paulo,3550308,True,,34205,,,-23.419681500000003,-46.716796,,,,2,2023-06-15T14:10:49+00:00
SAO_9023-10,São Paulo,3550308,True,,34205,,,-23.46617775,-46.7228875,,,,2,2023-06-15T14:11:52+00:00
SAO_9023-10,São Paulo,3550308,True,,34205,,,-23.459798499999998,-46.719860499999996,,,,2,2023-06-15T14:11:42+00:00
SAO_9023-10,São Paulo,3550308,True,,34205,,,-23.484452,-46.7227055,,,,2,2023-06-15T14:11:44+00:00
SAO_9023-10,São Paulo,3550308,True,,34205,,,-23.4196455,-46.717132,,,,2,2023-06-15T14:11:56+00:00
SAO_9023-10,São Paulo,3550308,True,,34205,,,-23.44998,-46.7166715,,,,2,2023-06-15T14:11:51+00:00
SAO_9023-10,São Paulo,3550308,True,,34205,,,-23.454539,-46.71625,,,,2,2023-06-15T14:11:51+00:00
SAO_7055-10,São Paulo,3550308,True,,1888,,,-23.686311,-46.790775499999995,,,,1,2023-06-15T14:11:49+00:00
SAO_7055-10,São Paulo,3550308,True,,1888,,,-23.636881,-46.7787685,,,,1,2023-06-15T14:12:13+00:00
SAO_7055-10,São Paulo,3550308,True,,1888,,,-23.6919635,-46.7907745,,,,1,2023-06-15T14:11:53+00:00
SAO_7055-10,São Paulo,3550308,True,,1888,,,-23.6312955,-46.773033999999996,,,,1,2023-06-15T14:12:14+00:00
SAO_7055-10,São Paulo,3550308,True,,1888,,,-23.676056,-46.774791,,,,1,2023-06-15T14:12:03+00:00
SAO_7055-10,São Paulo,3550308,True,,1888,,,-23.6486025,-46.779092,,,,1,2023-06-15T14:11:48+00:00
SAO_7055-10,São Paulo,3550308,True,,1888,,,-23.66215,-46.7691005,,,,1,2023-06-15T14:12:15+00:00
SAO_7055-10,São Paulo,3550308,True,,1888,,,-23.659830499999998,-46.76968,,,,1,2023-06-15T14:11:53+00:00
SAO_7055-10,São Paulo,3550308,True,,1888,,,-23.6614595,-46.768571,,,,1,2023-06-15T14:12:19+00:00
SAO_746H-10,São Paulo,3550308,True,STT,785,https://moovitapp.com/index/pt-br/transporte_p%C3%BAblico-line-785-Sao_Paulo-242-850661-183353-0,5.3,-23.6491045,-46.7063595,,,,1,2023-06-15T14:12:14+00:00
SAO_746H-10,São Paulo,3550308,True,STT,785,https://moovitapp.com/index/pt-br/transporte_p%C3%BAblico-line-785-Sao_Paulo-242-850661-183353-0,5.3,-23.639455499999997,-46.7366815,,,,1,2023-06-15T14:11:45+00:00
SAO_746H-10,São Paulo,3550308,True,STT,785,https://moovitapp.com/index/pt-br/transporte_p%C3%BAblico-line-785-Sao_Paulo-242-850661-183353-0,5.3,-23.640761375,-46.71703425,,,,1,2023-06-15T14:11:49+00:00
SAO_746H-10,São Paulo,3550308,True,STT,785,https://moovitapp.com/index/pt-br/transporte_p%C3%BAblico-line-785-Sao_Paulo-242-850661-183353-0,5.3,-23.595631499999996,-46.720400624999996,,,,1,2023-06-15T14:12:17+00:00
SAO_746H-10,São Paulo,3550308,True,STT,785,https://moovitapp.com/index/pt-br/transporte_p%C3%BAblico-line-785-Sao_Paulo-242-850661-183353-0,5.3,-23.6120345,-46.7284655,,,,1,2023-06-15T14:11:53+00:00
SAO_746H-10,São Paulo,3550308,True,STT,785,https://moovitapp.com/index/pt-br/transporte_p%C3%BAblico-line-785-Sao_Paulo-242-850661-183353-0,5.3,-23.645046999999998,-46.724278,,,,1,2023-06-15T14:12:11+00:00
SAO_746H-10,São Paulo,3550308,True,STT,785,https://moovitapp.com/index/pt-br/transporte_p%C3%BAblico-line-785-Sao_Paulo-242-850661-183353-0,5.3,-23.620948,-46.733431499999995,,,,1,2023-06-15T14:11:55+00:00
SAO_746H-10,São Paulo,3550308,True,STT,785,https://moovitapp.com/index/pt-br/transporte_p%C3%BAblico-line-785-Sao_Paulo-242-850661-183353-0,5.3,-23.589878249999998,-46.72239475,,,,1,2023-06-15T14:12:16+00:00
SAO_746H-10,São Paulo,3550308,True,STT,785,https://moovitapp.com/index/pt-br/transporte_p%C3%BAblico-line-785-Sao_Paulo-242-850661-183353-0,5.3,-23.638214499999997,-46.717961375,,,,1,2023-06-15T14:12:20+00:00
SAO_746H-10,São Paulo,3550308,True,STT,785,https://moovitapp.com/index/pt-br/transporte_p%C3%BAblico-line-785-Sao_Paulo-242-850661-183353-0,5.3,-23.596256500000003,-46.74819575,,,,1,2023-06-15T14:12:11+00:00
SAO_746H-10,São Paulo,3550308,True,STT,785,https://moovitapp.com/index/pt-br/transporte_p%C3%BAblico-line-785-Sao_Paulo-242-850661-183353-0,5.3,-23.593742,-46.753746,,,,1,2023-06-15T14:11:37+00:00
SAO_746H-10,São Paulo,3550308,True,STT,785,https://moovitapp.com/index/pt-br/transporte_p%C3%BAblico-line-785-Sao_Paulo-242-850661-183353-0,5.3,-23.5921055,-46.739779125,,,,1,2023-06-15T14:12:07+00:00
SAO_746H-10,São Paulo,3550308,True,STT,785,https://moovitapp.com/index/pt-br/transporte_p%C3%BAblico-line-785-Sao_Paulo-242-850661-183353-0,5.3,-23.61074325,-46.727450000000005,,,,1,2023-06-15T14:12:09+00:00
SAO_746H-10,São Paulo,3550308,True,STT,785,https://moovitapp.com/index/pt-br/transporte_p%C3%BAblico-line-785-Sao_Paulo-242-850661-183353-0,5.3,-23.6491045,-46.7063595,,,,1,2023-06-15T14:12:05+00:00
SAO_709P-10,São Paulo,3550308,True,,34761,,,-23.58926625,-46.68188325,,,,2,2023-06-15T14:12:19+00:00
SAO_709P-10,São Paulo,3550308,True,,34761,,,-23.57392075,-46.689063625,,,,2,2023-06-15T14:12:22+00:00
SAO_709P-10,São Paulo,3550308,True,,34761,,,-23.590832,-46.6872755,,,,2,2023-06-15T14:12:03+00:00
SAO_709P-10,São Paulo,3550308,True,,34761,,,-23.630049,-46.717020749999996,,,,2,2023-06-15T14:11:55+00:00
SAO_709P-10,São Paulo,3550308,True,,34761,,,-23.567612,-46.6964465,,,,2,2023-06-15T14:11:59+00:00
SAO_6084-10,São Paulo,3550308,True,,1169,,,-23.780082,-46.6742045,,,,1,2023-06-15T14:11:52+00:00
SAO_6084-10,São Paulo,3550308,True,,1169,,,-23.7708765,-46.6804575,,,,1,2023-06-15T14:12:00+00:00
SAO_6084-10,São Paulo,3550308,True,,1169,,,-23.767305999999998,-46.716412,,,,1,2023-06-15T14:12:00+00:00
SAO_6084-10,São Paulo,3550308,True,,1169,,,-23.772157999999997,-46.710164500000005,,,,1,2023-06-15T14:12:06+00:00
SAO_119L-10,São Paulo,3550308,True,,35041,,,-23.445461,-46.7844485,,,,2,2023-06-15T14:12:03+00:00
SAO_119L-10,São Paulo,3550308,True,,35041,,,-23.517601999999997,-46.7048875,,,,2,2023-06-15T14:12:05+00:00
SAO_1773-10,São Paulo,3550308,True,,33405,,,-23.48038375,-46.627487,,,,2,2023-06-15T14:12:01+00:00
SAO_1773-10,São Paulo,3550308,True,,33405,,,-23.438252,-46.566261,,,,2,2023-06-15T14:10:45+00:00
SAO_1773-10,São Paulo,3550308,True,,33405,,,-23.483571249999997,-46.61388875,,,,2,2023-06-15T14:09:58+00:00
SAO_1773-10,São Paulo,3550308,True,,33405,,,-23.46824925,-46.6079185,,,,2,2023-06-15T14:11:39+00:00
SAO_5759-31,São Paulo,3550308,True,,33907,,,-23.685204499999998,-46.64623,,,,2,2023-06-15T14:09:30+00:00
SAO_5759-31,São Paulo,3550308,True,,33907,,,-23.65117575,-46.664714000000004,,,,2,2023-06-15T14:12:16+00:00
SAO_5759-31,São Paulo,3550308,True,,33907,,,-23.667894,-46.65621025,,,,2,2023-06-15T14:11:50+00:00
SAO_5759-31,São Paulo,3550308,True,,33907,,,-23.683563999999997,-46.642450999999994,,,,2,2023-06-15T14:11:39+00:00
SAO_5759-31,São Paulo,3550308,True,,33907,,,-23.6758205,-46.6506995,,,,2,2023-06-15T14:09:36+00:00
SAO_5759-31,São Paulo,3550308,True,,33907,,,-23.669916999999998,-46.6571455,,,,2,2023-06-15T14:12:02+00:00
SAO_6069-10,São Paulo,3550308,True,,1154,,,-23.741138499999998,-46.7054285,,,,1,2023-06-15T14:11:40+00:00
SAO_6069-10,São Paulo,3550308,True,,1154,,,-23.715876,-46.6991065,,,,1,2023-06-15T14:11:41+00:00
SAO_6069-10,São Paulo,3550308,True,,1154,,,-23.757689,-46.7067155,,,,1,2023-06-15T14:12:02+00:00
SAO_6069-10,São Paulo,3550308,True,,1154,,,-23.65433125,-46.70752475,,,,1,2023-06-15T14:12:10+00:00
SAO_6069-10,São Paulo,3550308,True,,1154,,,-23.730201,-46.698226000000005,,,,1,2023-06-15T14:11:52+00:00
SAO_6069-10,São Paulo,3550308,True,,1154,,,-23.671729,-46.710378250000005,,,,1,2023-06-15T14:12:10+00:00
SAO_7013-10,São Paulo,3550308,True,,775,,,-23.61934475,-46.758154000000005,,,,1,2023-06-15T14:11:56+00:00
SAO_7013-10,São Paulo,3550308,True,,775,,,-23.626949500000002,-46.76112,,,,1,2023-06-15T14:11:52+00:00
SAO_7013-10,São Paulo,3550308,True,,775,,,-23.5951465,-46.744837000000004,,,,1,2023-06-15T14:12:16+00:00
SAO_7013-10,São Paulo,3550308,True,,775,,,-23.61934475,-46.758154000000005,,,,1,2023-06-15T14:11:49+00:00
SAO_9004-10,São Paulo,3550308,True,,33639,,,-23.455277000000002,-46.682804000000004,,,,2,2023-06-15T14:12:15+00:00
SAO_9004-10,São Paulo,3550308,True,,33639,,,-23.4632575,-46.672467999999995,,,,2,2023-06-15T14:11:50+00:00
SAO_9004-10,São Paulo,3550308,True,,33639,,,-23.466209,-46.6705465,,,,2,2023-06-15T14:12:04+00:00
SAO_9004-10,São Paulo,3550308,True,,33639,,,-23.457195499999997,-46.685354,,,,2,2023-06-15T14:11:36+00:00
SAO_9004-10,São Paulo,3550308,True,,33639,,,-23.457427,-46.6851585,,,,2,2023-06-15T14:12:12+00:00
SAO_9004-10,São Paulo,3550308,True,,33639,,,-23.456984,-46.6852645,,,,2,2023-06-15T14:11:37+00:00
SAO_9004-10,São Paulo,3550308,True,,33639,,,-23.459937249999996,-46.676996,,,,2,2023-06-15T14:12:06+00:00
SAO_9004-10,São Paulo,3550308,True,,33639,,,-23.456984,-46.6852645,,,,2,2023-06-15T14:11:49+00:00
SAO_9004-10,São Paulo,3550308,True,,33639,,,-23.46917525,-46.67026,,,,2,2023-06-15T14:12:09+00:00
SAO_5022-10,São Paulo,3550308,True,,1120,,,-23.6480225,-46.641234999999995,,,,1,2023-06-15T14:11:46+00:00
SAO_5022-10,São Paulo,3550308,True,,1120,,,-23.672228,-46.638205,,,,1,2023-06-15T14:11:58+00:00
SAO_5022-10,São Paulo,3550308,True,,1120,,,-23.657885,-46.64435775,,,,1,2023-06-15T14:12:18+00:00
SAO_5022-10,São Paulo,3550308,True,,1120,,,-23.668153500000003,-46.647387499999994,,,,1,2023-06-15T14:12:18+00:00
SAO_5022-10,São Paulo,3550308,True,,1120,,,-23.6488115,-46.641737500000005,,,,1,2023-06-15T14:12:03+00:00
SAO_1783-10,São Paulo,3550308,True,,644,,,-23.476782,-46.6098505,,,,1,2023-06-15T14:11:55+00:00
SAO_1783-10,São Paulo,3550308,True,,644,,,-23.4369975,-46.592886,,,,1,2023-06-15T14:09:51+00:00
SAO_1783-10,São Paulo,3550308,True,,644,,,-23.475579500000002,-46.609004,,,,1,2023-06-15T14:11:36+00:00
SAO_1783-10,São Paulo,3550308,True,,644,,,-23.3987925,-46.5782825,,,,1,2023-06-15T14:11:55+00:00
SAO_1783-10,São Paulo,3550308,True,,644,,,-23.43906,-46.591341,,,,1,2023-06-15T14:10:48+00:00
SAO_174M-10,São Paulo,3550308,True,,33441,,,-23.545588000000002,-46.620864,,,,2,2023-06-15T14:07:23+00:00
SAO_174M-10,São Paulo,3550308,True,,33441,,,-23.479467749999998,-46.579054500000005,,,,2,2023-06-15T14:09:59+00:00
SAO_174M-10,São Paulo,3550308,True,,33441,,,-23.564892,-46.6115175,,,,2,2023-06-15T14:12:03+00:00
SAO_174M-10,São Paulo,3550308,True,,33441,,,-23.487555999999998,-46.5742625,,,,2,2023-06-15T14:11:42+00:00
SAO_174M-10,São Paulo,3550308,True,,33441,,,-23.487115000000003,-46.6190045,,,,2,2023-06-15T14:11:45+00:00
SAO_174M-10,São Paulo,3550308,True,,33441,,,-23.4880165,-46.574464500000005,,,,2,2023-06-15T14:12:09+00:00
SAO_3737-10,São Paulo,3550308,True,,1037,,,-23.556069,-46.5067645,,,,1,2023-06-15T14:09:23+00:00
SAO_3737-10,São Paulo,3550308,True,,1037,,,-23.5453305,-46.508157499999996,,,,1,2023-06-15T14:11:51+00:00
SAO_3737-10,São Paulo,3550308,True,,1037,,,-23.558414,-46.506828999999996,,,,1,2023-06-15T14:12:00+00:00
SAO_3737-10,São Paulo,3550308,True,,1037,,,-23.5636515,-46.50822475,,,,1,2023-06-15T14:11:51+00:00
SAO_3737-10,São Paulo,3550308,True,,1037,,,-23.530963999999997,-46.5181355,,,,1,2023-06-15T14:11:17+00:00
SAO_3737-10,São Paulo,3550308,True,,1037,,,-23.530861,-46.517923999999994,,,,1,2023-06-15T14:11:59+00:00
SAO_3737-10,São Paulo,3550308,True,,1037,,,-23.554696,-46.50141,,,,1,2023-06-15T14:12:19+00:00
SAO_3737-10,São Paulo,3550308,True,,1037,,,-23.541187,-46.5124605,,,,1,2023-06-15T14:11:39+00:00
SAO_3737-10,São Paulo,3550308,True,,1037,,,-23.5514965,-46.5074755,,,,1,2023-06-15T14:11:58+00:00
SAO_9166-10,São Paulo,3550308,True,,33475,,,-23.458893,-46.667648,,,,2,2023-06-15T14:12:09+00:00
SAO_3732-10,São Paulo,3550308,True,,33797,,,-23.540044,-46.4317305,,,,2,2023-06-15T14:11:47+00:00
SAO_3732-10,São Paulo,3550308,True,,33797,,,-23.5434695,-46.4621935,,,,2,2023-06-15T14:11:52+00:00
SAO_3732-10,São Paulo,3550308,True,,33797,,,-23.5509505,-46.446503,,,,2,2023-06-15T14:11:53+00:00
SAO_3732-10,São Paulo,3550308,True,,33797,,,-23.554802000000002,-46.441883000000004,,,,2,2023-06-15T14:11:40+00:00
SAO_3732-10,São Paulo,3550308,True,,33797,,,-23.541245250000003,-46.439464625,,,,2,2023-06-15T14:11:55+00:00
SAO_273F-10,São Paulo,3550308,True,,159,,,-23.532367,-46.45353425,,,,1,2023-06-15T14:11:53+00:00
SAO_273F-10,São Paulo,3550308,True,,159,,,-23.5165115,-46.443685,,,,1,2023-06-15T14:11:48+00:00
SAO_5752-10,São Paulo,3550308,True,,34055,,,-23.660622250000003,-46.662891,,,,2,2023-06-15T14:12:12+00:00
SAO_5752-10,São Paulo,3550308,True,,34055,,,-23.6908875,-46.650045000000006,,,,2,2023-06-15T14:12:06+00:00
SAO_5752-10,São Paulo,3550308,True,,34055,,,-23.690879,-46.649802,,,,2,2023-06-15T14:11:44+00:00
SAO_5752-10,São Paulo,3550308,True,,34055,,,-23.65697075,-46.654097,,,,2,2023-06-15T14:12:10+00:00
SAO_5752-10,São Paulo,3550308,True,,34055,,,-23.674053,-46.663994,,,,2,2023-06-15T14:11:35+00:00
SAO_5752-10,São Paulo,3550308,True,,34055,,,-23.6908875,-46.650045000000006,,,,2,2023-06-15T14:11:49+00:00
SAO_5752-10,São Paulo,3550308,True,,34055,,,-23.690854,-46.649566,,,,2,2023-06-15T14:11:38+00:00
SAO_5752-10,São Paulo,3550308,True,,34055,,,-23.6670025,-46.6686305,,,,2,2023-06-15T14:11:41+00:00
SAO_5752-10,São Paulo,3550308,True,,34055,,,-23.6908765,-46.650728,,,,2,2023-06-15T14:11:46+00:00
SAO_5141-10,São Paulo,3550308,True,,34393,,,-23.557837,-46.5779495,,,,2,2023-06-15T14:12:14+00:00
SAO_5141-10,São Paulo,3550308,True,,34393,,,-23.6004835,-46.512254,,,,2,2023-06-15T14:11:48+00:00
SAO_5141-10,São Paulo,3550308,True,,34393,,,-23.5413385,-46.6345965,,,,2,2023-06-15T14:11:55+00:00
SAO_5141-10,São Paulo,3550308,True,,34393,,,-23.614544,-46.500679,,,,2,2023-06-15T14:12:01+00:00
SAO_5141-10,São Paulo,3550308,True,,34393,,,-23.552935249999997,-46.616192999999996,,,,2,2023-06-15T14:11:49+00:00
SAO_374M-10,São Paulo,3550308,True,,1965,,,-23.5425845,-46.4728035,,,,1,2023-06-15T14:11:53+00:00
SAO_374M-10,São Paulo,3550308,True,,1965,,,-23.5008925,-46.4939675,,,,1,2023-06-15T14:11:37+00:00
SAO_374M-10,São Paulo,3550308,True,,1965,,,-23.525916,-46.491212000000004,,,,1,2023-06-15T14:11:45+00:00
SAO_374M-10,São Paulo,3550308,True,,1965,,,-23.519894,-46.5098265,,,,1,2023-06-15T14:10:54+00:00
SAO_407A-10,São Paulo,3550308,True,,34962,,,-23.539895,-46.61106075,,,,2,2023-06-15T14:12:12+00:00
SAO_407A-10,São Paulo,3550308,True,,34962,,,-23.581114,-46.518421000000004,,,,2,2023-06-15T14:12:12+00:00
SAO_407A-10,São Paulo,3550308,True,,34962,,,-23.558443999999998,-46.568194500000004,,,,2,2023-06-15T14:12:09+00:00
SAO_407A-10,São Paulo,3550308,True,,34962,,,-23.5641645,-46.548413,,,,2,2023-06-15T14:12:02+00:00
SAO_407A-10,São Paulo,3550308,True,,34962,,,-23.565791,-46.50929975,,,,2,2023-06-15T14:12:11+00:00
SAO_8700-10,São Paulo,3550308,True,,1877,,,-23.5750915,-46.7068975,,,,1,2023-06-15T14:12:21+00:00
SAO_8700-10,São Paulo,3550308,True,,1877,,,-23.5730805,-46.705319,,,,1,2023-06-15T14:11:46+00:00
SAO_8700-10,São Paulo,3550308,True,,1877,,,-23.547560500000003,-46.640557,,,,1,2023-06-15T14:12:07+00:00
SAO_8700-10,São Paulo,3550308,True,,1877,,,-23.605309,-46.7462445,,,,1,2023-06-15T14:12:03+00:00
SAO_8700-10,São Paulo,3550308,True,,1877,,,-23.57180625,-46.697193,,,,1,2023-06-15T14:11:50+00:00
SAO_8700-10,São Paulo,3550308,True,,1877,,,-23.610286000000002,-46.752301,,,,1,2023-06-15T14:12:18+00:00
SAO_8700-10,São Paulo,3550308,True,,1877,,,-23.585697250000003,-46.721805,,,,1,2023-06-15T14:11:42+00:00
SAO_8700-10,São Paulo,3550308,True,,1877,,,-23.606253000000002,-46.747788,,,,1,2023-06-15T14:12:09+00:00
SAO_8700-10,São Paulo,3550308,True,,1877,,,-23.628644,-46.768147,,,,1,2023-06-15T14:12:22+00:00
SAO_8700-10,São Paulo,3550308,True,,1877,,,-23.608897,-46.7516605,,,,1,2023-06-15T14:11:47+00:00
SAO_8700-10,São Paulo,3550308,True,,1877,,,-23.587075499999997,-46.7254545,,,,1,2023-06-15T14:12:03+00:00
SAO_8700-10,São Paulo,3550308,True,,1877,,,-23.57649675,-46.7075615,,,,1,2023-06-15T14:11:49+00:00
SAO_8700-10,São Paulo,3550308,True,,1877,,,-23.590332375,-46.72999,,,,1,2023-06-15T14:12:10+00:00
SAO_8010-10,São Paulo,3550308,True,,798,,,-23.448366625,-46.721793250000005,,,,1,2023-06-15T14:12:13+00:00
SAO_8010-10,São Paulo,3550308,True,,798,,,-23.481229,-46.723877,,,,1,2023-06-15T14:12:05+00:00
SAO_8010-10,São Paulo,3550308,True,,798,,,-23.5133075,-46.706072500000005,,,,1,2023-06-15T14:12:14+00:00
SAO_8010-10,São Paulo,3550308,True,,798,,,-23.4883455,-46.720295500000006,,,,1,2023-06-15T14:11:36+00:00
SAO_8010-10,São Paulo,3550308,True,,798,,,-23.517743000000003,-46.7030935,,,,1,2023-06-15T14:12:07+00:00
SAO_8010-10,São Paulo,3550308,True,,798,,,-23.5068785,-46.7088245,,,,1,2023-06-15T14:11:57+00:00
SAO_8010-10,São Paulo,3550308,True,,798,,,-23.40665025,-46.755919750000004,,,,1,2023-06-15T14:12:15+00:00
SAO_8010-10,São Paulo,3550308,True,,798,,,-23.436522,-46.720689,,,,1,2023-06-15T14:11:39+00:00
SAO_8010-10,São Paulo,3550308,True,,798,,,-23.5077165,-46.707683,,,,1,2023-06-15T14:11:56+00:00
SAO_8010-10,São Paulo,3550308,True,,798,,,-23.485884499999997,-46.728099,,,,1,2023-06-15T14:11:55+00:00
SAO_577T-10,São Paulo,3550308,True,,34059,,,-23.651045,-46.6536055,,,,2,2023-06-15T14:12:13+00:00
SAO_577T-10,São Paulo,3550308,True,,34059,,,-23.586379,-46.64122675,,,,2,2023-06-15T14:11:24+00:00
SAO_577T-10,São Paulo,3550308,True,,34059,,,-23.624087625,-46.640517875,,,,2,2023-06-15T14:11:57+00:00
SAO_577T-10,São Paulo,3550308,True,,34059,,,-23.688633000000003,-46.638399750000005,,,,2,2023-06-15T14:12:20+00:00
SAO_577T-10,São Paulo,3550308,True,,34059,,,-23.685989,-46.637835,,,,2,2023-06-15T14:11:52+00:00
SAO_736I-10,São Paulo,3550308,True,STT,781,https://moovitapp.com/index/pt-br/transporte_p%C3%BAblico-line-781-Sao_Paulo-242-850661-183349-0,5.3,-23.632875,-46.7479035,,,,1,2023-06-15T14:11:47+00:00
SAO_736I-10,São Paulo,3550308,True,STT,781,https://moovitapp.com/index/pt-br/transporte_p%C3%BAblico-line-781-Sao_Paulo-242-850661-183349-0,5.3,-23.640328,-46.74752075,,,,1,2023-06-15T14:11:59+00:00
SAO_736I-10,São Paulo,3550308,True,STT,781,https://moovitapp.com/index/pt-br/transporte_p%C3%BAblico-line-781-Sao_Paulo-242-850661-183349-0,5.3,-23.6398675,-46.748884000000004,,,,1,2023-06-15T14:12:01+00:00
SAO_736I-10,São Paulo,3550308,True,STT,781,https://moovitapp.com/index/pt-br/transporte_p%C3%BAblico-line-781-Sao_Paulo-242-850661-183349-0,5.3,-23.639953,-46.7487705,,,,1,2023-06-15T14:12:10+00:00
SAO_736I-10,São Paulo,3550308,True,STT,781,https://moovitapp.com/index/pt-br/transporte_p%C3%BAblico-line-781-Sao_Paulo-242-850661-183349-0,5.3,-23.631871750000002,-46.748735249999996,,,,1,2023-06-15T14:11:47+00:00
SAO_736I-10,São Paulo,3550308,True,STT,781,https://moovitapp.com/index/pt-br/transporte_p%C3%BAblico-line-781-Sao_Paulo-242-850661-183349-0,5.3,-23.6402955,-46.747759,,,,1,2023-06-15T14:11:41+00:00
SAO_736I-10,São Paulo,3550308,True,STT,781,https://moovitapp.com/index/pt-br/transporte_p%C3%BAblico-line-781-Sao_Paulo-242-850661-183349-0,5.3,-23.6417495,-46.741973,,,,1,2023-06-15T14:12:17+00:00
SAO_736I-10,São Paulo,3550308,True,STT,781,https://moovitapp.com/index/pt-br/transporte_p%C3%BAblico-line-781-Sao_Paulo-242-850661-183349-0,5.3,-23.64284525,-46.737528,,,,1,2023-06-15T14:11:35+00:00
SAO_736I-10,São Paulo,3550308,True,STT,781,https://moovitapp.com/index/pt-br/transporte_p%C3%BAblico-line-781-Sao_Paulo-242-850661-183349-0,5.3,-23.6498405,-46.707801,,,,1,2023-06-15T14:11:46+00:00
SAO_736I-10,São Paulo,3550308,True,STT,781,https://moovitapp.com/index/pt-br/transporte_p%C3%BAblico-line-781-Sao_Paulo-242-850661-183349-0,5.3,-23.645146,-46.7243065,,,,1,2023-06-15T14:11:40+00:00
SAO_736I-10,São Paulo,3550308,True,STT,781,https://moovitapp.com/index/pt-br/transporte_p%C3%BAblico-line-781-Sao_Paulo-242-850661-183349-0,5.3,-23.63915525,-46.749588,,,,1,2023-06-15T14:11:43+00:00
SAO_736I-10,São Paulo,3550308,True,STT,781,https://moovitapp.com/index/pt-br/transporte_p%C3%BAblico-line-781-Sao_Paulo-242-850661-183349-0,5.3,-23.642044249999998,-46.712233499999996,,,,1,2023-06-15T14:11:56+00:00
SAO_736I-10,São Paulo,3550308,True,STT,781,https://moovitapp.com/index/pt-br/transporte_p%C3%BAblico-line-781-Sao_Paulo-242-850661-183349-0,5.3,-23.634751,-46.7527015,,,,1,2023-06-15T14:11:52+00:00
SAO_5317-10,São Paulo,3550308,True,,32837,,,-23.721422,-46.677007,,,,2,2023-06-15T14:11:06+00:00
SAO_5317-10,São Paulo,3550308,True,,32837,,,-23.721422,-46.677007,,,,2,2023-06-15T14:11:20+00:00
SAO_5317-10,São Paulo,3550308,True,,32837,,,-23.65156975,-46.703075999999996,,,,2,2023-06-15T14:12:07+00:00
SAO_5317-10,São Paulo,3550308,True,,32837,,,-23.5410355,-46.634361999999996,,,,2,2023-06-15T14:11:42+00:00
SAO_5317-10,São Paulo,3550308,True,,32837,,,-23.7278945,-46.683544999999995,,,,2,2023-06-15T14:09:26+00:00
SAO_5317-10,São Paulo,3550308,True,,32837,,,-23.582401500000003,-46.657236,,,,2,2023-06-15T14:11:57+00:00
SAO_2678-10,São Paulo,3550308,True,STT,383,https://moovitapp.com/index/pt-br/transporte_p%C3%BAblico-line-383-Sao_Paulo-242-850661-183294-0,5.3,-23.53508,-46.5770435,,,,1,2023-06-15T14:12:03+00:00
SAO_2678-10,São Paulo,3550308,True,STT,383,https://moovitapp.com/index/pt-br/transporte_p%C3%BAblico-line-383-Sao_Paulo-242-850661-183294-0,5.3,-23.5068575,-46.38783,,,,1,2023-06-15T14:11:45+00:00
SAO_2678-10,São Paulo,3550308,True,STT,383,https://moovitapp.com/index/pt-br/transporte_p%C3%BAblico-line-383-Sao_Paulo-242-850661-183294-0,5.3,-23.547011,-46.62953,,,,1,2023-06-15T14:11:50+00:00
SAO_2678-10,São Paulo,3550308,True,STT,383,https://moovitapp.com/index/pt-br/transporte_p%C3%BAblico-line-383-Sao_Paulo-242-850661-183294-0,5.3,-23.4953015,-46.4312885,,,,1,2023-06-15T14:12:02+00:00
SAO_2678-10,São Paulo,3550308,True,STT,383,https://moovitapp.com/index/pt-br/transporte_p%C3%BAblico-line-383-Sao_Paulo-242-850661-183294-0,5.3,-23.5141025,-46.5187085,,,,1,2023-06-15T14:12:20+00:00
SAO_2678-10,São Paulo,3550308,True,STT,383,https://moovitapp.com/index/pt-br/transporte_p%C3%BAblico-line-383-Sao_Paulo-242-850661-183294-0,5.3,-23.5072705,-46.4790065,,,,1,2023-06-15T14:11:45+00:00
SAO_2678-10,São Paulo,3550308,True,STT,383,https://moovitapp.com/index/pt-br/transporte_p%C3%BAblico-line-383-Sao_Paulo-242-850661-183294-0,5.3,-23.539987,-46.61139225,,,,1,2023-06-15T14:12:04+00:00
SAO_3064-10,São Paulo,3550308,True,Urubupungá,980,https://moovitapp.com/index/pt-br/transporte_p%C3%BAblico-line-980-Sao_Paulo-242-873835-76224585-0,4.6,-23.601703999999998,-46.3988755,,,,1,2023-06-15T14:12:19+00:00
SAO_3064-10,São Paulo,3550308,True,Urubupungá,980,https://moovitapp.com/index/pt-br/transporte_p%C3%BAblico-line-980-Sao_Paulo-242-873835-76224585-0,4.6,-23.578933250000002,-46.41545825,,,,1,2023-06-15T14:12:18+00:00
SAO_3064-10,São Paulo,3550308,True,Urubupungá,980,https://moovitapp.com/index/pt-br/transporte_p%C3%BAblico-line-980-Sao_Paulo-242-873835-76224585-0,4.6,-23.594637,-46.40578175,,,,1,2023-06-15T14:11:57+00:00
SAO_3064-10,São Paulo,3550308,True,Urubupungá,980,https://moovitapp.com/index/pt-br/transporte_p%C3%BAblico-line-980-Sao_Paulo-242-873835-76224585-0,4.6,-23.560893,-46.416879,,,,1,2023-06-15T14:12:06+00:00
SAO_3064-10,São Paulo,3550308,True,Urubupungá,980,https://moovitapp.com/index/pt-br/transporte_p%C3%BAblico-line-980-Sao_Paulo-242-873835-76224585-0,4.6,-23.583026,-46.408417,,,,1,2023-06-15T14:12:13+00:00
SAO_3064-10,São Paulo,3550308,True,Urubupungá,980,https://moovitapp.com/index/pt-br/transporte_p%C3%BAblico-line-980-Sao_Paulo-242-873835-76224585-0,4.6,-23.545263,-46.4111475,,,,1,2023-06-15T14:11:37+00:00
SAO_3064-10,São Paulo,3550308,True,Urubupungá,980,https://moovitapp.com/index/pt-br/transporte_p%C3%BAblico-line-980-Sao_Paulo-242-873835-76224585-0,4.6,-23.544369,-46.4101795,,,,1,2023-06-15T14:11:43+00:00
SAO_3064-10,São Paulo,3550308,True,Urubupungá,980,https://moovitapp.com/index/pt-br/transporte_p%C3%BAblico-line-980-Sao_Paulo-242-873835-76224585-0,4.6,-23.54247075,-46.41617375,,,,1,2023-06-15T14:10:58+00:00
SAO_3027-10,São Paulo,3550308,True,,33731,,,-23.539798,-46.434483,,,,2,2023-06-15T14:12:16+00:00
SAO_3027-10,São Paulo,3550308,True,,33731,,,-23.581205750000002,-46.492246,,,,2,2023-06-15T14:12:10+00:00
SAO_3027-10,São Paulo,3550308,True,,33731,,,-23.543817500000003,-46.4349135,,,,2,2023-06-15T14:12:00+00:00
SAO_3027-10,São Paulo,3550308,True,,33731,,,-23.541245250000003,-46.439464625,,,,2,2023-06-15T14:11:47+00:00
SAO_3027-10,São Paulo,3550308,True,,33731,,,-23.550854,-46.461623375,,,,2,2023-06-15T14:11:39+00:00
SAO_3027-10,São Paulo,3550308,True,,33731,,,-23.56481725,-46.506525,,,,2,2023-06-15T14:11:40+00:00
SAO_3027-10,São Paulo,3550308,True,,33731,,,-23.554782125,-46.4542,,,,2,2023-06-15T14:12:11+00:00
SAO_475R-10,São Paulo,3550308,True,,344,,,-23.646091,-46.625460000000004,,,,1,2023-06-15T14:09:30+00:00
SAO_475R-10,São Paulo,3550308,True,,344,,,-23.652523000000002,-46.608846,,,,1,2023-06-15T14:11:46+00:00
SAO_475R-10,São Paulo,3550308,True,,344,,,-23.619507,-46.63885487500001,,,,1,2023-06-15T14:12:14+00:00
SAO_475R-10,São Paulo,3550308,True,,344,,,-23.625555000000002,-46.62885275,,,,1,2023-06-15T14:11:58+00:00
SAO_475R-10,São Paulo,3550308,True,,344,,,-23.551772,-46.6351635,,,,1,2023-06-15T14:12:04+00:00
SAO_475R-10,São Paulo,3550308,True,,344,,,-23.599599625000003,-46.64403312500001,,,,1,2023-06-15T14:11:57+00:00
SAO_475R-10,São Paulo,3550308,True,,344,,,-23.552008999999998,-46.6343625,,,,1,2023-06-15T14:11:41+00:00
SAO_475R-10,São Paulo,3550308,True,,344,,,-23.560138000000002,-46.643105125,,,,1,2023-06-15T14:12:17+00:00
SAO_475R-10,São Paulo,3550308,True,,344,,,-23.609718,-46.637817749999996,,,,1,2023-06-15T14:11:44+00:00
SAO_475R-10,São Paulo,3550308,True,,344,,,-23.561877000000003,-46.6445855,,,,1,2023-06-15T14:11:41+00:00
SAO_4288-10,São Paulo,3550308,True,Cidade de Caieiras,290,https://moovitapp.com/index/pt-br/transporte_p%C3%BAblico-line-290-Sao_Paulo-242-868761-496416-0,5.0,-23.55364225,-46.620583249999996,,,,1,2023-06-15T14:11:54+00:00
SAO_4288-10,São Paulo,3550308,True,Cidade de Caieiras,290,https://moovitapp.com/index/pt-br/transporte_p%C3%BAblico-line-290-Sao_Paulo-242-868761-496416-0,5.0,-23.6014815,-46.5327255,,,,1,2023-06-15T14:11:59+00:00
SAO_4288-10,São Paulo,3550308,True,Cidade de Caieiras,290,https://moovitapp.com/index/pt-br/transporte_p%C3%BAblico-line-290-Sao_Paulo-242-868761-496416-0,5.0,-23.581889,-46.585524,,,,1,2023-06-15T14:12:05+00:00
SAO_6021-10,São Paulo,3550308,True,,32945,,,-23.7745795,-46.721787000000006,,,,2,2023-06-15T14:11:40+00:00
SAO_6021-10,São Paulo,3550308,True,,32945,,,-23.7767835,-46.723025500000006,,,,2,2023-06-15T14:11:38+00:00
SAO_701U-10,São Paulo,3550308,True,,657,,,-23.559278499999998,-46.68436775,,,,1,2023-06-15T14:10:05+00:00
SAO_701U-10,São Paulo,3550308,True,,657,,,-23.5129785,-46.629339,,,,1,2023-06-15T14:11:54+00:00
SAO_701U-10,São Paulo,3550308,True,,657,,,-23.5135665,-46.629869,,,,1,2023-06-15T14:11:47+00:00
SAO_701U-10,São Paulo,3550308,True,,657,,,-23.515392,-46.629811000000004,,,,1,2023-06-15T14:12:10+00:00
SAO_701U-10,São Paulo,3550308,True,,657,,,-23.5518395,-46.7314125,,,,1,2023-06-15T14:12:01+00:00
SAO_701U-10,São Paulo,3550308,True,,657,,,-23.5521175,-46.7315415,,,,1,2023-06-15T14:12:09+00:00
SAO_709M-10,São Paulo,3550308,True,,35230,,,-23.5669185,-46.701476,,,,2,2023-06-15T14:11:48+00:00
SAO_709M-10,São Paulo,3550308,True,,35230,,,-23.566688,-46.701549,,,,2,2023-06-15T14:11:59+00:00
SAO_709M-10,São Paulo,3550308,True,,35230,,,-23.580095999999998,-46.685331500000004,,,,2,2023-06-15T14:11:44+00:00
SAO_709M-10,São Paulo,3550308,True,,35230,,,-23.650007000000002,-46.7059785,,,,2,2023-06-15T14:11:57+00:00
SAO_709M-10,São Paulo,3550308,True,,35230,,,-23.63102225,-46.69081625,,,,2,2023-06-15T14:11:56+00:00
SAO_709M-10,São Paulo,3550308,True,,35230,,,-23.5931855,-46.6892985,,,,2,2023-06-15T14:11:48+00:00
SAO_1722-10,São Paulo,3550308,True,,33632,,,-23.482122250000003,-46.671637000000004,,,,2,2023-06-15T14:12:20+00:00
SAO_1722-10,São Paulo,3550308,True,,33632,,,-23.474018,-46.654799499999996,,,,2,2023-06-15T14:11:55+00:00
SAO_1722-10,São Paulo,3550308,True,,33632,,,-23.4564875,-46.5904885,,,,2,2023-06-15T14:12:20+00:00
SAO_1722-10,São Paulo,3550308,True,,33632,,,-23.458237875000002,-46.613899,,,,2,2023-06-15T14:11:51+00:00
SAO_1722-10,São Paulo,3550308,True,,33632,,,-23.48280425,-46.67273725,,,,2,2023-06-15T14:11:50+00:00
SAO_1722-10,São Paulo,3550308,True,,33632,,,-23.4807845,-46.6028295,,,,2,2023-06-15T14:11:37+00:00
SAO_1722-10,São Paulo,3550308,True,,33632,,,-23.482122250000003,-46.671637000000004,,,,2,2023-06-15T14:11:57+00:00
SAO_1722-10,São Paulo,3550308,True,,33632,,,-23.45825575,-46.614585250000005,,,,2,2023-06-15T14:12:03+00:00
SAO_1722-10,São Paulo,3550308,True,,33632,,,-23.476438,-46.6705345,,,,2,2023-06-15T14:11:38+00:00
SAO_1722-10,São Paulo,3550308,True,,33632,,,-23.464953,-46.62974,,,,2,2023-06-15T14:12:03+00:00
SAO_1722-10,São Paulo,3550308,True,,33632,,,-23.4709815,-46.65066,,,,2,2023-06-15T14:12:08+00:00
SAO_1722-10,São Paulo,3550308,True,,33632,,,-23.4680545,-46.588930500000004,,,,2,2023-06-15T14:11:43+00:00
SAO_1722-10,São Paulo,3550308,True,,33632,,,-23.465631000000002,-46.632088499999995,,,,2,2023-06-15T14:11:43+00:00
SAO_1722-10,São Paulo,3550308,True,,33632,,,-23.45634325,-46.591693,,,,2,2023-06-15T14:11:46+00:00
SAO_9018-10,São Paulo,3550308,True,,34039,,,-23.486732,-46.726426000000004,,,,2,2023-06-15T14:12:07+00:00
SAO_9018-10,São Paulo,3550308,True,,34039,,,-23.470406500000003,-46.721548999999996,,,,2,2023-06-15T14:12:16+00:00
SAO_1034-10,São Paulo,3550308,True,,2452,,,-23.4826755,-46.7083085,,,,1,2023-06-15T14:11:56+00:00
SAO_1034-10,São Paulo,3550308,True,,2452,,,-23.471893,-46.708855,,,,1,2023-06-15T14:11:51+00:00
SAO_1034-10,São Paulo,3550308,True,,2452,,,-23.473277500000002,-46.702484999999996,,,,1,2023-06-15T14:11:42+00:00
SAO_5632-10,São Paulo,3550308,True,,81,,,-23.637275250000002,-46.693982500000004,,,,1,2023-06-15T14:11:43+00:00
SAO_5632-10,São Paulo,3550308,True,,81,,,-23.576646,-46.6433235,,,,1,2023-06-15T14:12:07+00:00
SAO_5632-10,São Paulo,3550308,True,,81,,,-23.7375215,-46.709300999999996,,,,1,2023-06-15T14:12:06+00:00
SAO_5632-10,São Paulo,3550308,True,,81,,,-23.717627,-46.699844,,,,1,2023-06-15T14:12:05+00:00
SAO_5632-10,São Paulo,3550308,True,,81,,,-23.6658555,-46.711713,,,,1,2023-06-15T14:10:55+00:00
SAO_5632-10,São Paulo,3550308,True,,81,,,-23.7305365,-46.704445,,,,1,2023-06-15T14:12:09+00:00
SAO_6028-10,São Paulo,3550308,True,,1211,,,-23.6686015,-46.733251499999994,,,,1,2023-06-15T14:12:05+00:00
SAO_6028-10,São Paulo,3550308,True,,1211,,,-23.699085,-46.755720999999994,,,,1,2023-06-15T14:12:13+00:00
SAO_6028-10,São Paulo,3550308,True,,1211,,,-23.667816000000002,-46.7312965,,,,1,2023-06-15T14:12:06+00:00
SAO_6028-10,São Paulo,3550308,True,,1211,,,-23.685643,-46.7522605,,,,1,2023-06-15T14:12:08+00:00
SAO_6028-10,São Paulo,3550308,True,,1211,,,-23.665815000000002,-46.7117615,,,,1,2023-06-15T14:11:46+00:00
SAO_6028-10,São Paulo,3550308,True,,1211,,,-23.673153999999997,-46.734271500000006,,,,1,2023-06-15T14:12:17+00:00
SAO_6028-10,São Paulo,3550308,True,,1211,,,-23.653856875,-46.71128025,,,,1,2023-06-15T14:12:01+00:00
SAO_6028-10,São Paulo,3550308,True,,1211,,,-23.6763695,-46.734259249999994,,,,1,2023-06-15T14:12:21+00:00
SAO_5018-10,São Paulo,3550308,True,,34260,,,-23.647879500000002,-46.641155999999995,,,,2,2023-06-15T14:12:04+00:00
SAO_5018-10,São Paulo,3550308,True,,34260,,,-23.675765,-46.673557,,,,2,2023-06-15T14:12:03+00:00
SAO_5018-10,São Paulo,3550308,True,,34260,,,-23.6450955,-46.64122625,,,,2,2023-06-15T14:12:02+00:00
SAO_5018-10,São Paulo,3550308,True,,34260,,,-23.662942,-46.648214499999995,,,,2,2023-06-15T14:12:09+00:00
SAO_5018-10,São Paulo,3550308,True,,34260,,,-23.688282,-46.6711595,,,,2,2023-06-15T14:11:58+00:00
SAO_4732-31,São Paulo,3550308,True,,2127,,,-23.6257085,-46.615691,,,,1,2023-06-15T14:12:19+00:00
SAO_4732-31,São Paulo,3550308,True,,2127,,,-23.61882675,-46.627061874999995,,,,1,2023-06-15T14:11:37+00:00
SAO_4732-31,São Paulo,3550308,True,,2127,,,-23.62121875,-46.632988499999996,,,,1,2023-06-15T14:12:01+00:00
SAO_4732-31,São Paulo,3550308,True,,2127,,,-23.6506065,-46.597798,,,,1,2023-06-15T14:11:59+00:00
SAO_4732-31,São Paulo,3550308,True,,2127,,,-23.63754,-46.598650000000006,,,,1,2023-06-15T14:12:01+00:00
SAO_175T-10,São Paulo,3550308,True,,33391,,,-23.629147250000003,-46.66570875000001,,,,2,2023-06-15T14:11:43+00:00
SAO_175T-10,São Paulo,3550308,True,,33391,,,-23.5845895,-46.6530695,,,,2,2023-06-15T14:12:03+00:00
SAO_175T-10,São Paulo,3550308,True,,33391,,,-23.6539315,-46.637958,,,,2,2023-06-15T14:11:39+00:00
SAO_175T-10,São Paulo,3550308,True,,33391,,,-23.5868985,-46.652587499999996,,,,2,2023-06-15T14:12:17+00:00
SAO_175T-10,São Paulo,3550308,True,,33391,,,-23.635807999999997,-46.641137,,,,2,2023-06-15T14:11:51+00:00
SAO_175T-10,São Paulo,3550308,True,,33391,,,-23.59844725,-46.650623,,,,2,2023-06-15T14:12:10+00:00
SAO_175T-10,São Paulo,3550308,True,,33391,,,-23.518102,-46.629893499999994,,,,2,2023-06-15T14:12:13+00:00
SAO_175T-10,São Paulo,3550308,True,,33391,,,-23.6525035,-46.637157,,,,2,2023-06-15T14:12:08+00:00
SAO_175T-10,São Paulo,3550308,True,,33391,,,-23.613298999999998,-46.6577865,,,,2,2023-06-15T14:11:40+00:00
SAO_175T-10,São Paulo,3550308,True,,33391,,,-23.57612675,-46.64259625,,,,2,2023-06-15T14:12:11+00:00
SAO_175T-10,São Paulo,3550308,True,,33391,,,-23.647911999999998,-46.6400075,,,,2,2023-06-15T14:12:03+00:00
SAO_175T-10,São Paulo,3550308,True,,33391,,,-23.634011,-46.6431895,,,,2,2023-06-15T14:11:43+00:00
SAO_3046-10,São Paulo,3550308,True,,33739,,,-23.544185,-46.5765985,,,,2,2023-06-15T14:12:19+00:00
SAO_3046-10,São Paulo,3550308,True,,33739,,,-23.57895425,-46.526355124999995,,,,2,2023-06-15T14:11:56+00:00
SAO_3046-10,São Paulo,3550308,True,,33739,,,-23.57259775,-46.561845,,,,2,2023-06-15T14:11:39+00:00
SAO_3046-10,São Paulo,3550308,True,,33739,,,-23.571816499999997,-46.563774,,,,2,2023-06-15T14:11:55+00:00
SAO_3046-10,São Paulo,3550308,True,,33739,,,-23.54699325,-46.57744475,,,,2,2023-06-15T14:08:57+00:00
SAO_3046-10,São Paulo,3550308,True,,33739,,,-23.5795625,-46.525234999999995,,,,2,2023-06-15T14:12:08+00:00
SAO_3046-10,São Paulo,3550308,True,,33739,,,-23.5572285,-46.572251,,,,2,2023-06-15T14:11:56+00:00
SAO_3046-10,São Paulo,3550308,True,,33739,,,-23.579447000000002,-46.525166999999996,,,,2,2023-06-15T14:11:46+00:00
SAO_3046-10,São Paulo,3550308,True,,33739,,,-23.55616,-46.5715155,,,,2,2023-06-15T14:12:00+00:00
SAO_3046-10,São Paulo,3550308,True,,33739,,,-23.585639,-46.5373795,,,,2,2023-06-15T14:12:09+00:00
SAO_3791-10,São Paulo,3550308,True,,1069,,,-23.54288825,-46.49610325,,,,1,2023-06-15T14:11:35+00:00
SAO_3791-10,São Paulo,3550308,True,,1069,,,-23.5627205,-46.509047499999994,,,,1,2023-06-15T14:11:48+00:00
SAO_3791-10,São Paulo,3550308,True,,1069,,,-23.540702,-46.4866895,,,,1,2023-06-15T14:12:12+00:00
SAO_5164-10,São Paulo,3550308,True,,1283,,,-23.6431975,-46.6622785,,,,1,2023-06-15T14:12:07+00:00
SAO_5164-10,São Paulo,3550308,True,,1283,,,-23.599655375,-46.635678125,,,,1,2023-06-15T14:12:19+00:00
SAO_5164-10,São Paulo,3550308,True,,1283,,,-23.609718,-46.637817749999996,,,,1,2023-06-15T14:11:47+00:00
SAO_5164-10,São Paulo,3550308,True,,1283,,,-23.651234000000002,-46.6538385,,,,1,2023-06-15T14:12:08+00:00
SAO_5164-10,São Paulo,3550308,True,,1283,,,-23.597918749999998,-46.648592,,,,1,2023-06-15T14:11:46+00:00
SAO_5164-10,São Paulo,3550308,True,,1283,,,-23.6344415,-46.6412225,,,,1,2023-06-15T14:11:45+00:00
SAO_9701-10,São Paulo,3550308,True,,569,,,-23.513059249999998,-46.66650275000001,,,,1,2023-06-15T14:12:10+00:00
SAO_9701-10,São Paulo,3550308,True,,569,,,-23.50616,-46.669624999999996,,,,1,2023-06-15T14:12:15+00:00
SAO_9701-10,São Paulo,3550308,True,,569,,,-23.4813695,-46.673145500000004,,,,1,2023-06-15T14:11:50+00:00
SAO_4051-10,São Paulo,3550308,True,,2144,,,-23.561616,-46.401831,,,,1,2023-06-15T14:11:45+00:00
SAO_4051-10,São Paulo,3550308,True,,2144,,,-23.54247075,-46.41617375,,,,1,2023-06-15T14:11:20+00:00
SAO_4051-10,São Paulo,3550308,True,,2144,,,-23.559752,-46.3989825,,,,1,2023-06-15T14:09:48+00:00
SAO_4051-10,São Paulo,3550308,True,,2144,,,-23.550949,-46.406942,,,,1,2023-06-15T14:11:52+00:00
SAO_4051-10,São Paulo,3550308,True,,2144,,,-23.561616,-46.401831,,,,1,2023-06-15T14:11:37+00:00
SAO_4051-10,São Paulo,3550308,True,,2144,,,-23.561616,-46.401831,,,,1,2023-06-15T14:12:11+00:00
SAO_4051-10,São Paulo,3550308,True,,2144,,,-23.561616,-46.401831,,,,1,2023-06-15T14:12:06+00:00
SAO_775V-10,São Paulo,3550308,True,,475,,,-23.567389,-46.7552445,,,,1,2023-06-15T14:12:00+00:00
SAO_775V-10,São Paulo,3550308,True,,475,,,-23.5731595,-46.73739175,,,,1,2023-06-15T14:11:48+00:00
SAO_775V-10,São Paulo,3550308,True,,475,,,-23.570239,-46.7581055,,,,1,2023-06-15T14:11:45+00:00
SAO_695X-10,São Paulo,3550308,True,,34209,,,-23.647266000000002,-46.640177,,,,2,2023-06-15T14:11:50+00:00
SAO_695X-10,São Paulo,3550308,True,,34209,,,-23.757526,-46.714652,,,,2,2023-06-15T14:12:08+00:00
SAO_695X-10,São Paulo,3550308,True,,34209,,,-23.6347295,-46.668846,,,,2,2023-06-15T14:12:20+00:00
SAO_695X-10,São Paulo,3550308,True,,34209,,,-23.647273499999997,-46.6403325,,,,2,2023-06-15T14:11:58+00:00
SAO_695X-10,São Paulo,3550308,True,,34209,,,-23.6425655,-46.66597025,,,,2,2023-06-15T14:11:57+00:00
SAO_695X-10,São Paulo,3550308,True,,34209,,,-23.647087499999998,-46.63931,,,,2,2023-06-15T14:11:39+00:00
SAO_695X-10,São Paulo,3550308,True,,34209,,,-23.7471885,-46.708067,,,,2,2023-06-15T14:11:53+00:00
SAO_695X-10,São Paulo,3550308,True,,34209,,,-23.647226,-46.675112500000004,,,,2,2023-06-15T14:11:54+00:00
SAO_695X-10,São Paulo,3550308,True,,34209,,,-23.690795,-46.6979945,,,,2,2023-06-15T14:10:42+00:00
SAO_695X-10,São Paulo,3550308,True,,34209,,,-23.634839,-46.668867500000005,,,,2,2023-06-15T14:11:50+00:00
SAO_695X-10,São Paulo,3550308,True,,34209,,,-23.7578265,-46.714801,,,,2,2023-06-15T14:12:01+00:00
SAO_695X-10,São Paulo,3550308,True,,34209,,,-23.6667985,-46.677833500000006,,,,2,2023-06-15T14:12:07+00:00
SAO_695X-10,São Paulo,3550308,True,,34209,,,-23.672249,-46.677648500000004,,,,2,2023-06-15T14:12:13+00:00
SAO_2013-10,São Paulo,3550308,True,,33667,,,-23.470221,-46.653708,,,,2,2023-06-15T14:12:23+00:00
SAO_2013-10,São Paulo,3550308,True,,33667,,,-23.464563,-46.655009500000006,,,,2,2023-06-15T14:12:01+00:00
SAO_2013-10,São Paulo,3550308,True,,33667,,,-23.454283,-46.658618,,,,2,2023-06-15T14:11:52+00:00
SAO_2013-10,São Paulo,3550308,True,,33667,,,-23.464186375000004,-46.654275874999996,,,,2,2023-06-15T14:11:45+00:00
SAO_2013-10,São Paulo,3550308,True,,33667,,,-23.45947075,-46.645936750000004,,,,2,2023-06-15T14:11:38+00:00
SAO_2013-10,São Paulo,3550308,True,,33667,,,-23.466664,-46.640228,,,,2,2023-06-15T14:12:04+00:00
SAO_2013-10,São Paulo,3550308,True,,33667,,,-23.473060250000003,-46.6701395,,,,2,2023-06-15T14:12:09+00:00
SAO_2013-10,São Paulo,3550308,True,,33667,,,-23.46288075,-46.65228175,,,,2,2023-06-15T14:12:23+00:00
SAO_2013-10,São Paulo,3550308,True,,33667,,,-23.463915,-46.668356,,,,2,2023-06-15T14:12:05+00:00
SAO_875A-10,São Paulo,3550308,True,,33377,,,-23.6430645,-46.6619805,,,,2,2023-06-15T14:11:51+00:00
SAO_875A-10,São Paulo,3550308,True,,33377,,,-23.6430645,-46.6619805,,,,2,2023-06-15T14:12:03+00:00
SAO_875A-10,São Paulo,3550308,True,,33377,,,-23.6180355,-46.662090500000005,,,,2,2023-06-15T14:11:49+00:00
SAO_875A-10,São Paulo,3550308,True,,33377,,,-23.5565435,-46.665399,,,,2,2023-06-15T14:12:13+00:00
SAO_875A-10,São Paulo,3550308,True,,33377,,,-23.535944,-46.68128899999999,,,,2,2023-06-15T14:12:09+00:00
SAO_875A-10,São Paulo,3550308,True,,33377,,,-23.6278265,-46.643551,,,,2,2023-06-15T14:11:58+00:00
SAO_875A-10,São Paulo,3550308,True,,33377,,,-23.5332295,-46.662605000000006,,,,2,2023-06-15T14:11:35+00:00
SAO_8016-10,São Paulo,3550308,True,,34114,,,-23.485832000000002,-46.7260735,,,,2,2023-06-15T14:11:46+00:00
SAO_8016-10,São Paulo,3550308,True,,34114,,,-23.486517,-46.7262255,,,,2,2023-06-15T14:12:17+00:00
SAO_8016-10,São Paulo,3550308,True,,34114,,,-23.487215,-46.726875,,,,2,2023-06-15T14:11:55+00:00
SAO_8016-10,São Paulo,3550308,True,,34114,,,-23.464154,-46.720971500000005,,,,2,2023-06-15T14:12:18+00:00
SAO_8016-10,São Paulo,3550308,True,,34114,,,-23.4347065,-46.7185945,,,,2,2023-06-15T14:12:19+00:00
SAO_8016-10,São Paulo,3550308,True,,34114,,,-23.4389495,-46.7307735,,,,2,2023-06-15T14:12:18+00:00
SAO_8016-10,São Paulo,3550308,True,,34114,,,-23.4345435,-46.7188635,,,,2,2023-06-15T14:12:05+00:00
SAO_8016-10,São Paulo,3550308,True,,34114,,,-23.43645,-46.71763787500001,,,,2,2023-06-15T14:12:15+00:00
SAO_8016-10,São Paulo,3550308,True,,34114,,,-23.443813499999997,-46.735476500000004,,,,2,2023-06-15T14:12:09+00:00
SAO_209P-10,São Paulo,3550308,True,,2216,,,-23.5438495,-46.676651750000005,,,,1,2023-06-15T14:11:53+00:00
SAO_209P-10,São Paulo,3550308,True,,2216,,,-23.5664245,-46.701924500000004,,,,1,2023-06-15T14:11:43+00:00
SAO_209P-10,São Paulo,3550308,True,,2216,,,-23.4806925,-46.6739745,,,,1,2023-06-15T14:09:11+00:00
SAO_209P-10,São Paulo,3550308,True,,2216,,,-23.524918999999997,-46.6698365,,,,1,2023-06-15T14:09:25+00:00
SAO_209P-10,São Paulo,3550308,True,,2216,,,-23.521440249999998,-46.666835,,,,1,2023-06-15T14:12:10+00:00
SAO_209P-10,São Paulo,3550308,True,,2216,,,-23.538517,-46.6747345,,,,1,2023-06-15T14:11:48+00:00
SAO_209P-10,São Paulo,3550308,True,,2216,,,-23.518621,-46.678456249999996,,,,1,2023-06-15T14:12:10+00:00
SAO_209P-10,São Paulo,3550308,True,,2216,,,-23.540692125,-46.6758765,,,,1,2023-06-15T14:11:53+00:00
SAO_209P-10,São Paulo,3550308,True,,2216,,,-23.566104,-46.702168,,,,1,2023-06-15T14:11:37+00:00
SAO_209P-10,São Paulo,3550308,True,,2216,,,-23.46998575,-46.670573000000005,,,,1,2023-06-15T14:11:53+00:00
SAO_209P-10,São Paulo,3550308,True,,2216,,,-23.476456,-46.6725175,,,,1,2023-06-15T14:12:16+00:00
SAO_209P-10,São Paulo,3550308,True,,2216,,,-23.508459000000002,-46.689606500000004,,,,1,2023-06-15T14:12:14+00:00
SAO_209P-10,São Paulo,3550308,True,,2216,,,-23.561513625000003,-46.68813725,,,,1,2023-06-15T14:11:47+00:00
SAO_3459-10,São Paulo,3550308,True,,33170,,,-23.547625500000002,-46.629791499999996,,,,2,2023-06-15T14:12:05+00:00
SAO_3459-10,São Paulo,3550308,True,,33170,,,-23.54057675,-46.57498700000001,,,,2,2023-06-15T14:12:00+00:00
SAO_3459-10,São Paulo,3550308,True,,33170,,,-23.54485675,-46.594727125000006,,,,2,2023-06-15T14:12:00+00:00
SAO_3459-10,São Paulo,3550308,True,,33170,,,-23.547625500000002,-46.629791499999996,,,,2,2023-06-15T14:11:37+00:00
SAO_3459-10,São Paulo,3550308,True,,33170,,,-23.538698,-46.565755,,,,2,2023-06-15T14:10:35+00:00
SAO_3459-10,São Paulo,3550308,True,,33170,,,-23.5355685,-46.551089,,,,2,2023-06-15T14:12:03+00:00
SAO_3459-10,São Paulo,3550308,True,,33170,,,-23.545980125,-46.598475750000006,,,,2,2023-06-15T14:12:18+00:00
SAO_3459-10,São Paulo,3550308,True,,33170,,,-23.493677499999997,-46.4402265,,,,2,2023-06-15T14:10:53+00:00
SAO_3459-10,São Paulo,3550308,True,,33170,,,-23.495649,-46.44248375000001,,,,2,2023-06-15T14:11:55+00:00
SAO_3459-10,São Paulo,3550308,True,,33170,,,-23.531504249999998,-46.52753775,,,,2,2023-06-15T14:12:02+00:00
SAO_3459-10,São Paulo,3550308,True,,33170,,,-23.516762,-46.384977500000005,,,,2,2023-06-15T14:11:58+00:00
SAO_3459-10,São Paulo,3550308,True,,33170,,,-23.512835250000002,-46.382365,,,,2,2023-06-15T14:10:54+00:00
SAO_3459-10,São Paulo,3550308,True,,33170,,,-23.5002815,-46.393823499999996,,,,2,2023-06-15T14:10:40+00:00
SAO_3459-10,São Paulo,3550308,True,,33170,,,-23.5165205,-46.385602000000006,,,,2,2023-06-15T14:11:55+00:00
SAO_3459-10,São Paulo,3550308,True,,33170,,,-23.519075,-46.512639,,,,2,2023-06-15T14:11:24+00:00
SAO_3459-10,São Paulo,3550308,True,,33170,,,-23.547625500000002,-46.629791499999996,,,,2,2023-06-15T14:12:14+00:00
SAO_3459-10,São Paulo,3550308,True,,33170,,,-23.547625500000002,-46.629791499999996,,,,2,2023-06-15T14:12:09+00:00
SAO_3459-10,São Paulo,3550308,True,,33170,,,-23.5505575,-46.628187,,,,2,2023-06-15T14:11:53+00:00
SAO_5164-41,São Paulo,3550308,True,,34385,,,-23.646402000000002,-46.642595,,,,2,2023-06-15T14:12:05+00:00
SAO_5164-41,São Paulo,3550308,True,,34385,,,-23.6526215,-46.6461985,,,,2,2023-06-15T14:12:15+00:00
SAO_1177-10,São Paulo,3550308,True,,32897,,,-23.52,-46.626624500000005,,,,2,2023-06-15T14:12:15+00:00
SAO_1177-10,São Paulo,3550308,True,,32897,,,-23.52611075,-46.554901,,,,2,2023-06-15T14:11:48+00:00
SAO_1177-10,São Paulo,3550308,True,,32897,,,-23.510579999999997,-46.507803499999994,,,,2,2023-06-15T14:11:58+00:00
SAO_1782-10,São Paulo,3550308,True,,33411,,,-23.478549125,-46.60900637499999,,,,2,2023-06-15T14:12:10+00:00
SAO_1782-10,São Paulo,3550308,True,,33411,,,-23.450391500000002,-46.5724855,,,,2,2023-06-15T14:11:55+00:00
SAO_1782-10,São Paulo,3550308,True,,33411,,,-23.501941625,-46.622416625,,,,2,2023-06-15T14:11:55+00:00
SAO_3736-10,São Paulo,3550308,True,,1036,,,-23.575210375,-46.481630375,,,,1,2023-06-15T14:12:10+00:00
SAO_3736-10,São Paulo,3550308,True,,1036,,,-23.554089750000003,-46.484334000000004,,,,1,2023-06-15T14:11:49+00:00
SAO_3736-10,São Paulo,3550308,True,,1036,,,-23.542734,-46.48439475,,,,1,2023-06-15T14:12:13+00:00
SAO_3736-10,São Paulo,3550308,True,,1036,,,-23.553295499999997,-46.4843235,,,,1,2023-06-15T14:11:51+00:00
SAO_3736-10,São Paulo,3550308,True,,1036,,,-23.542734,-46.48439475,,,,1,2023-06-15T14:11:38+00:00
SAO_3736-10,São Paulo,3550308,True,,1036,,,-23.568877999999998,-46.4758675,,,,1,2023-06-15T14:11:58+00:00
SAO_3736-10,São Paulo,3550308,True,,1036,,,-23.563786999999998,-46.4744455,,,,1,2023-06-15T14:12:19+00:00
SAO_477P-10,São Paulo,3550308,True,EMTU,348,https://moovitapp.com/index/pt-br/transporte_p%C3%BAblico-line-348-Sao_Paulo-242-2038937-36419431-0,5.1,-23.6276635,-46.6432605,,,,1,2023-06-15T14:11:41+00:00
SAO_477P-10,São Paulo,3550308,True,EMTU,348,https://moovitapp.com/index/pt-br/transporte_p%C3%BAblico-line-348-Sao_Paulo-242-2038937-36419431-0,5.1,-23.584145749999998,-46.73658425000001,,,,1,2023-06-15T14:12:16+00:00
SAO_477P-10,São Paulo,3550308,True,EMTU,348,https://moovitapp.com/index/pt-br/transporte_p%C3%BAblico-line-348-Sao_Paulo-242-2038937-36419431-0,5.1,-23.591442125,-46.620695625,,,,1,2023-06-15T14:12:06+00:00
SAO_477P-10,São Paulo,3550308,True,EMTU,348,https://moovitapp.com/index/pt-br/transporte_p%C3%BAblico-line-348-Sao_Paulo-242-2038937-36419431-0,5.1,-23.613981375,-46.66741125,,,,1,2023-06-15T14:11:43+00:00
SAO_477P-10,São Paulo,3550308,True,EMTU,348,https://moovitapp.com/index/pt-br/transporte_p%C3%BAblico-line-348-Sao_Paulo-242-2038937-36419431-0,5.1,-23.601335,-46.602323125,,,,1,2023-06-15T14:12:15+00:00
SAO_477P-10,São Paulo,3550308,True,EMTU,348,https://moovitapp.com/index/pt-br/transporte_p%C3%BAblico-line-348-Sao_Paulo-242-2038937-36419431-0,5.1,-23.620627,-46.6473165,,,,1,2023-06-15T14:11:56+00:00
SAO_477P-10,São Paulo,3550308,True,EMTU,348,https://moovitapp.com/index/pt-br/transporte_p%C3%BAblico-line-348-Sao_Paulo-242-2038937-36419431-0,5.1,-23.571994,-46.7021845,,,,1,2023-06-15T14:09:18+00:00
SAO_477P-10,São Paulo,3550308,True,EMTU,348,https://moovitapp.com/index/pt-br/transporte_p%C3%BAblico-line-348-Sao_Paulo-242-2038937-36419431-0,5.1,-23.580585499999998,-46.605954,,,,1,2023-06-15T14:12:06+00:00
SAO_477P-10,São Paulo,3550308,True,EMTU,348,https://moovitapp.com/index/pt-br/transporte_p%C3%BAblico-line-348-Sao_Paulo-242-2038937-36419431-0,5.1,-23.613981375,-46.66741125,,,,1,2023-06-15T14:11:44+00:00
SAO_477P-10,São Paulo,3550308,True,EMTU,348,https://moovitapp.com/index/pt-br/transporte_p%C3%BAblico-line-348-Sao_Paulo-242-2038937-36419431-0,5.1,-23.6024965,-46.6800715,,,,1,2023-06-15T14:11:47+00:00
SAO_477P-10,São Paulo,3550308,True,EMTU,348,https://moovitapp.com/index/pt-br/transporte_p%C3%BAblico-line-348-Sao_Paulo-242-2038937-36419431-0,5.1,-23.610386499999997,-46.6347315,,,,1,2023-06-15T14:12:09+00:00
SAO_477P-10,São Paulo,3550308,True,EMTU,348,https://moovitapp.com/index/pt-br/transporte_p%C3%BAblico-line-348-Sao_Paulo-242-2038937-36419431-0,5.1,-23.6028185,-46.680014,,,,1,2023-06-15T14:12:20+00:00
SAO_2025-10,São Paulo,3550308,True,,35035,,,-23.493206,-46.611466500000006,,,,2,2023-06-15T14:09:56+00:00
SAO_2025-10,São Paulo,3550308,True,,35035,,,-23.480579,-46.600464,,,,2,2023-06-15T14:12:07+00:00
SAO_2025-10,São Paulo,3550308,True,,35035,,,-23.4566385,-46.5802385,,,,2,2023-06-15T14:08:49+00:00
SAO_2025-10,São Paulo,3550308,True,,35035,,,-23.482073999999997,-46.603697,,,,2,2023-06-15T14:10:53+00:00
SAO_2025-10,São Paulo,3550308,True,,35035,,,-23.502243999999997,-46.623825,,,,2,2023-06-15T14:11:48+00:00
SAO_2025-10,São Paulo,3550308,True,,35035,,,-23.456585,-46.580155000000005,,,,2,2023-06-15T14:09:26+00:00
SAO_775P-10,São Paulo,3550308,True,,33275,,,-23.560971000000002,-46.65690549999999,,,,2,2023-06-15T14:12:22+00:00
SAO_775P-10,São Paulo,3550308,True,,33275,,,-23.592309375,-46.743145375,,,,2,2023-06-15T14:12:07+00:00
SAO_3734-10,São Paulo,3550308,True,,1034,,,-23.554886500000002,-46.4795075,,,,1,2023-06-15T14:12:01+00:00
SAO_3734-10,São Paulo,3550308,True,,1034,,,-23.5474445,-46.481719,,,,1,2023-06-15T14:12:16+00:00
SAO_3734-10,São Paulo,3550308,True,,1034,,,-23.551239000000002,-46.465809,,,,1,2023-06-15T14:12:17+00:00
SAO_3734-10,São Paulo,3550308,True,,1034,,,-23.54262825,-46.4833925,,,,1,2023-06-15T14:11:51+00:00
SAO_2023-10,São Paulo,3550308,True,,2260,,,-23.477647500000003,-46.605779999999996,,,,1,2023-06-15T14:11:55+00:00
SAO_2023-10,São Paulo,3550308,True,,2260,,,-23.437202499999998,-46.5939385,,,,1,2023-06-15T14:11:51+00:00
SAO_2023-10,São Paulo,3550308,True,,2260,,,-23.475814999999997,-46.609178,,,,1,2023-06-15T14:11:52+00:00
SAO_2023-10,São Paulo,3550308,True,,2260,,,-23.4562795,-46.602686,,,,1,2023-06-15T14:11:10+00:00
SAO_5111-10,São Paulo,3550308,True,,48,,,-23.616493749999997,-46.68038525,,,,1,2023-06-15T14:12:19+00:00
SAO_5111-10,São Paulo,3550308,True,,48,,,-23.5888875,-46.67194625,,,,1,2023-06-15T14:12:05+00:00
SAO_5111-10,São Paulo,3550308,True,,48,,,-23.62766125,-46.68821275,,,,1,2023-06-15T14:12:15+00:00
SAO_5111-10,São Paulo,3550308,True,,48,,,-23.551795499999997,-46.634873999999996,,,,1,2023-06-15T14:12:07+00:00
SAO_5111-10,São Paulo,3550308,True,,48,,,-23.6542935,-46.7114185,,,,1,2023-06-15T14:12:07+00:00
SAO_5111-10,São Paulo,3550308,True,,48,,,-23.569668,-46.6509615,,,,1,2023-06-15T14:11:58+00:00
SAO_5111-10,São Paulo,3550308,True,,48,,,-23.6499838125,-46.7040510625,,,,1,2023-06-15T14:11:48+00:00
SAO_8038-10,São Paulo,3550308,True,,797,,,-23.544373,-46.751498,,,,1,2023-06-15T14:12:05+00:00
SAO_8038-10,São Paulo,3550308,True,,797,,,-23.546034,-46.734722250000004,,,,1,2023-06-15T14:12:13+00:00
SAO_8038-10,São Paulo,3550308,True,,797,,,-23.525304,-46.73613725,,,,1,2023-06-15T14:11:45+00:00
SAO_8038-10,São Paulo,3550308,True,,797,,,-23.541051,-46.729377,,,,1,2023-06-15T14:12:07+00:00
SAO_8038-10,São Paulo,3550308,True,,797,,,-23.53152275,-46.732456625000005,,,,1,2023-06-15T14:12:09+00:00
SAO_8038-10,São Paulo,3550308,True,,797,,,-23.53476575,-46.75882575,,,,1,2023-06-15T14:11:50+00:00
SAO_8038-10,São Paulo,3550308,True,,797,,,-23.5485445,-46.7431,,,,1,2023-06-15T14:12:02+00:00
SAO_8038-10,São Paulo,3550308,True,,797,,,-23.52576,-46.714065500000004,,,,1,2023-06-15T14:11:59+00:00
SAO_8038-10,São Paulo,3550308,True,,797,,,-23.5402275,-46.744470500000006,,,,1,2023-06-15T14:12:11+00:00
SAO_1896-10,São Paulo,3550308,True,,2520,,,-23.5247175,-46.707841125,,,,1,2023-06-15T14:12:13+00:00
SAO_1896-10,São Paulo,3550308,True,,2520,,,-23.5126095,-46.7281215,,,,1,2023-06-15T14:11:41+00:00
SAO_1896-10,São Paulo,3550308,True,,2520,,,-23.5076985,-46.7193945,,,,1,2023-06-15T14:11:56+00:00
SAO_1896-10,São Paulo,3550308,True,,2520,,,-23.447635,-46.743793,,,,1,2023-06-15T14:12:08+00:00
SAO_1896-10,São Paulo,3550308,True,,2520,,,-23.505914,-46.7176645,,,,1,2023-06-15T14:11:55+00:00
SAO_1896-10,São Paulo,3550308,True,,2520,,,-23.5478925,-46.642341,,,,1,2023-06-15T14:11:44+00:00
SAO_775V-10,São Paulo,3550308,True,,33243,,,-23.56534875,-46.69745825,,,,2,2023-06-15T14:12:08+00:00
SAO_775V-10,São Paulo,3550308,True,,33243,,,-23.570704875,-46.710043375,,,,2,2023-06-15T14:12:08+00:00
SAO_775V-10,São Paulo,3550308,True,,33243,,,-23.5680205,-46.757609,,,,2,2023-06-15T14:12:11+00:00
SAO_938V-10,São Paulo,3550308,True,,33581,,,-23.523056500000003,-46.68789162499999,,,,2,2023-06-15T14:12:08+00:00
SAO_938V-10,São Paulo,3550308,True,,33581,,,-23.451055,-46.685595,,,,2,2023-06-15T14:12:12+00:00
SAO_938V-10,São Paulo,3550308,True,,33581,,,-23.4526385,-46.685396,,,,2,2023-06-15T14:12:16+00:00
SAO_938V-10,São Paulo,3550308,True,,33581,,,-23.526021999999998,-46.6689175,,,,2,2023-06-15T14:12:08+00:00
SAO_938V-10,São Paulo,3550308,True,,33581,,,-23.50225575,-46.686184499999996,,,,2,2023-06-15T14:11:38+00:00
SAO_938V-10,São Paulo,3550308,True,,33581,,,-23.4514135,-46.6825095,,,,2,2023-06-15T14:11:58+00:00
SAO_938V-10,São Paulo,3550308,True,,33581,,,-23.4848165,-46.6891945,,,,2,2023-06-15T14:12:11+00:00
SAO_938V-10,São Paulo,3550308,True,,33581,,,-23.522753375,-46.691829187500005,,,,2,2023-06-15T14:11:48+00:00
SAO_938V-10,São Paulo,3550308,True,,33581,,,-23.498008874999996,-46.6975575,,,,2,2023-06-15T14:12:17+00:00
SAO_938V-10,São Paulo,3550308,True,,33581,,,-23.528135,-46.675162,,,,2,2023-06-15T14:11:38+00:00
SAO_938V-10,São Paulo,3550308,True,,33581,,,-23.499109750000002,-46.693485,,,,2,2023-06-15T14:12:06+00:00
SAO_8400-10,São Paulo,3550308,True,,34033,,,-23.547456,-46.6400205,,,,2,2023-06-15T14:11:41+00:00
SAO_8400-10,São Paulo,3550308,True,,34033,,,-23.536074749999997,-46.651298249999996,,,,2,2023-06-15T14:11:52+00:00
SAO_8400-10,São Paulo,3550308,True,,34033,,,-23.486457,-46.7270195,,,,2,2023-06-15T14:12:06+00:00
SAO_8400-10,São Paulo,3550308,True,,34033,,,-23.511425,-46.70535825,,,,2,2023-06-15T14:11:37+00:00
SAO_8400-10,São Paulo,3550308,True,,34033,,,-23.527727249999998,-46.671215,,,,2,2023-06-15T14:12:13+00:00
SAO_8400-10,São Paulo,3550308,True,,34033,,,-23.5456625,-46.6384795,,,,2,2023-06-15T14:12:09+00:00
SAO_8400-10,São Paulo,3550308,True,,34033,,,-23.483233499999997,-46.717200500000004,,,,2,2023-06-15T14:12:16+00:00
SAO_8400-10,São Paulo,3550308,True,,34033,,,-23.485637500000003,-46.7260535,,,,2,2023-06-15T14:12:03+00:00
SAO_6074-10,São Paulo,3550308,True,,1161,,,-23.705854625,-46.700533875,,,,1,2023-06-15T14:11:49+00:00
SAO_6074-10,São Paulo,3550308,True,,1161,,,-23.677098,-46.701800500000004,,,,1,2023-06-15T14:12:08+00:00
SAO_6074-10,São Paulo,3550308,True,,1161,,,-23.754748874999997,-46.674664375,,,,1,2023-06-15T14:11:33+00:00
SAO_6074-10,São Paulo,3550308,True,,1161,,,-23.734544,-46.664035999999996,,,,1,2023-06-15T14:11:38+00:00
SAO_6074-10,São Paulo,3550308,True,,1161,,,-23.74464175,-46.66963762500001,,,,1,2023-06-15T14:12:01+00:00
SAO_6074-10,São Paulo,3550308,True,,1161,,,-23.740434,-46.691452999999996,,,,1,2023-06-15T14:12:02+00:00
SAO_6074-10,São Paulo,3550308,True,,1161,,,-23.6836635,-46.6925075,,,,1,2023-06-15T14:12:18+00:00
SAO_6074-10,São Paulo,3550308,True,,1161,,,-23.723593,-46.691494,,,,1,2023-06-15T14:12:20+00:00
SAO_6074-10,São Paulo,3550308,True,,1161,,,-23.723593,-46.691494,,,,1,2023-06-15T14:11:48+00:00
SAO_6091-10,São Paulo,3550308,True,,33943,,,-23.7669095,-46.7173155,,,,2,2023-06-15T14:11:27+00:00
SAO_6091-10,São Paulo,3550308,True,,33943,,,-23.86054125,-46.71482725,,,,2,2023-06-15T14:12:07+00:00
SAO_6091-10,São Paulo,3550308,True,,33943,,,-23.74478,-46.70714075,,,,2,2023-06-15T14:09:10+00:00
SAO_6091-10,São Paulo,3550308,True,,33943,,,-23.848721,-46.7138245,,,,2,2023-06-15T14:03:56+00:00
SAO_6091-10,São Paulo,3550308,True,,33943,,,-23.8623725,-46.713284,,,,2,2023-06-15T14:11:56+00:00
SAO_6091-10,São Paulo,3550308,True,,33943,,,-23.74034425,-46.70397575,,,,2,2023-06-15T14:12:17+00:00
SAO_6091-10,São Paulo,3550308,True,,33943,,,-23.654212,-46.711248999999995,,,,2,2023-06-15T14:12:17+00:00
SAO_6091-10,São Paulo,3550308,True,,33943,,,-23.862347500000002,-46.712974,,,,2,2023-06-15T14:08:35+00:00
SAO_6091-10,São Paulo,3550308,True,,33943,,,-23.81431575,-46.73532862500001,,,,2,2023-06-15T14:12:11+00:00
SAO_128Y-10,São Paulo,3550308,True,,33611,,,-23.481506,-46.6556245,,,,2,2023-06-15T14:11:59+00:00
SAO_128Y-10,São Paulo,3550308,True,,33611,,,-23.461911999999998,-46.6661135,,,,2,2023-06-15T14:11:40+00:00
SAO_128Y-10,São Paulo,3550308,True,,33611,,,-23.4555195,-46.673906,,,,2,2023-06-15T14:11:45+00:00
SAO_128Y-10,São Paulo,3550308,True,,33611,,,-23.457446,-46.673119,,,,2,2023-06-15T14:11:46+00:00
SAO_128Y-10,São Paulo,3550308,True,,33611,,,-23.488655,-46.65375,,,,2,2023-06-15T14:11:46+00:00
SAO_128Y-10,São Paulo,3550308,True,,33611,,,-23.507340499999998,-46.688979,,,,2,2023-06-15T14:10:15+00:00
SAO_128Y-10,São Paulo,3550308,True,,33611,,,-23.457446,-46.673119,,,,2,2023-06-15T14:12:09+00:00
SAO_9047-10,São Paulo,3550308,True,,33651,,,-23.50904675,-46.69426225000001,,,,2,2023-06-15T14:11:56+00:00
SAO_9047-10,São Paulo,3550308,True,,33651,,,-23.4613235,-46.713106499999995,,,,2,2023-06-15T14:11:57+00:00
SAO_9047-10,São Paulo,3550308,True,,33651,,,-23.49902925,-46.693857,,,,2,2023-06-15T14:12:14+00:00
SAO_9047-10,São Paulo,3550308,True,,33651,,,-23.4643535,-46.700649999999996,,,,2,2023-06-15T14:12:07+00:00
SAO_9047-10,São Paulo,3550308,True,,33651,,,-23.509267,-46.70210425,,,,2,2023-06-15T14:12:13+00:00
SAO_9047-10,São Paulo,3550308,True,,33651,,,-23.4595525,-46.7080845,,,,2,2023-06-15T14:11:52+00:00
SAO_9047-10,São Paulo,3550308,True,,33651,,,-23.461492999999997,-46.713212999999996,,,,2,2023-06-15T14:12:03+00:00
SAO_9047-10,São Paulo,3550308,True,,33651,,,-23.49902925,-46.693857,,,,2,2023-06-15T14:11:48+00:00
SAO_9047-10,São Paulo,3550308,True,,33651,,,-23.4599175,-46.7081245,,,,2,2023-06-15T14:11:38+00:00
SAO_6258-10,São Paulo,3550308,True,,34000,,,-23.6541835,-46.7090685,,,,2,2023-06-15T14:12:01+00:00
SAO_6258-10,São Paulo,3550308,True,,34000,,,-23.6541835,-46.7090685,,,,2,2023-06-15T14:12:19+00:00
SAO_6258-10,São Paulo,3550308,True,,34000,,,-23.654134499999998,-46.708625,,,,2,2023-06-15T14:12:08+00:00
SAO_6258-10,São Paulo,3550308,True,,34000,,,-23.6706615,-46.7344485,,,,2,2023-06-15T14:12:15+00:00
SAO_6258-10,São Paulo,3550308,True,,34000,,,-23.691446499999998,-46.7465235,,,,2,2023-06-15T14:11:56+00:00
SAO_6258-10,São Paulo,3550308,True,,34000,,,-23.6733245,-46.7342625,,,,2,2023-06-15T14:12:16+00:00
SAO_5632-10,São Paulo,3550308,True,,32849,,,-23.549850999999997,-46.636483,,,,2,2023-06-15T14:12:18+00:00
SAO_5632-10,São Paulo,3550308,True,,32849,,,-23.5936945,-46.6529435,,,,2,2023-06-15T14:12:14+00:00
SAO_5632-10,São Paulo,3550308,True,,32849,,,-23.7379495,-46.7091505,,,,2,2023-06-15T14:12:00+00:00
SAO_5632-10,São Paulo,3550308,True,,32849,,,-23.661460500000004,-46.706833,,,,2,2023-06-15T14:11:50+00:00
SAO_1764-10,São Paulo,3550308,True,,33393,,,-23.430141,-46.5840675,,,,2,2023-06-15T14:11:22+00:00
SAO_1764-10,São Paulo,3550308,True,,33393,,,-23.501941625,-46.622416625,,,,2,2023-06-15T14:11:43+00:00
SAO_1764-10,São Paulo,3550308,True,,33393,,,-23.48190825,-46.622035499999996,,,,2,2023-06-15T14:11:59+00:00
SAO_1764-10,São Paulo,3550308,True,,33393,,,-23.447252499999998,-46.5895,,,,2,2023-06-15T14:12:00+00:00
SAO_6083-10,São Paulo,3550308,True,,34501,,,-23.738467,-46.6919475,,,,2,2023-06-15T14:11:50+00:00
SAO_6083-10,São Paulo,3550308,True,,34501,,,-23.75353,-46.6681765,,,,2,2023-06-15T14:11:46+00:00
SAO_6083-10,São Paulo,3550308,True,,34501,,,-23.753022,-46.684457,,,,2,2023-06-15T14:12:03+00:00
SAO_6083-10,São Paulo,3550308,True,,34501,,,-23.7532605,-46.670314,,,,2,2023-06-15T14:12:01+00:00
SAO_6083-10,São Paulo,3550308,True,,34501,,,-23.753360999999998,-46.6700625,,,,2,2023-06-15T14:11:50+00:00
SAO_2712-10,São Paulo,3550308,True,,33694,,,-23.5322605,-46.4829365,,,,2,2023-06-15T14:11:51+00:00
SAO_2712-10,São Paulo,3550308,True,,33694,,,-23.5268035,-46.478916999999996,,,,2,2023-06-15T14:12:21+00:00
SAO_2712-10,São Paulo,3550308,True,,33694,,,-23.541693,-46.4755465,,,,2,2023-06-15T14:12:18+00:00
SAO_2712-10,São Paulo,3550308,True,,33694,,,-23.525675,-46.47941675,,,,2,2023-06-15T14:12:20+00:00
SAO_2712-10,São Paulo,3550308,True,,33694,,,-23.52446425,-46.47863675000001,,,,2,2023-06-15T14:11:44+00:00
SAO_1722-10,São Paulo,3550308,True,,864,,,-23.479046500000003,-46.6015705,,,,1,2023-06-15T14:11:40+00:00
SAO_1722-10,São Paulo,3550308,True,,864,,,-23.4586135,-46.585758999999996,,,,1,2023-06-15T14:11:52+00:00
SAO_1722-10,São Paulo,3550308,True,,864,,,-23.469451,-46.6466425,,,,1,2023-06-15T14:10:44+00:00
SAO_1722-10,São Paulo,3550308,True,,864,,,-23.4751325,-46.6512695,,,,1,2023-06-15T14:11:42+00:00
SAO_1722-10,São Paulo,3550308,True,,864,,,-23.458274000000003,-46.6107455,,,,1,2023-06-15T14:11:47+00:00
SAO_1722-10,São Paulo,3550308,True,,864,,,-23.479247,-46.601828499999996,,,,1,2023-06-15T14:12:04+00:00
SAO_1722-10,São Paulo,3550308,True,,864,,,-23.469718,-46.59536075,,,,1,2023-06-15T14:10:51+00:00
SAO_1722-10,São Paulo,3550308,True,,864,,,-23.47520075,-46.665144,,,,1,2023-06-15T14:12:12+00:00
SAO_1722-10,São Paulo,3550308,True,,864,,,-23.4606995,-46.6223065,,,,1,2023-06-15T14:12:16+00:00
SAO_1722-10,São Paulo,3550308,True,,864,,,-23.4673485,-46.586469,,,,1,2023-06-15T14:11:44+00:00
SAO_1156-10,São Paulo,3550308,True,,659,,,-23.543156,-46.635720000000006,,,,1,2023-06-15T14:11:56+00:00
SAO_1156-10,São Paulo,3550308,True,,659,,,-23.489411,-46.574703,,,,1,2023-06-15T14:11:58+00:00
SAO_1156-10,São Paulo,3550308,True,,659,,,-23.52549075,-46.59637975,,,,1,2023-06-15T14:12:17+00:00
SAO_1156-10,São Paulo,3550308,True,,659,,,-23.5143075,-46.625555000000006,,,,1,2023-06-15T14:11:58+00:00
SAO_1156-10,São Paulo,3550308,True,,659,,,-23.486708,-46.568445499999996,,,,1,2023-06-15T14:11:51+00:00
SAO_1156-10,São Paulo,3550308,True,,659,,,-23.5423095,-46.635019,,,,1,2023-06-15T14:12:10+00:00
SAO_1156-10,São Paulo,3550308,True,,659,,,-23.5225795,-46.6021375,,,,1,2023-06-15T14:11:04+00:00
SAO_1156-10,São Paulo,3550308,True,,659,,,-23.5067345,-46.5895845,,,,1,2023-06-15T14:11:55+00:00
SAO_7245-10,São Paulo,3550308,True,EMTU,363,https://moovitapp.com/index/pt-br/transporte_p%C3%BAblico-line-363-Sao_Paulo-242-2038937-36419444-0,5.1,-23.595817250000003,-46.681923999999995,,,,1,2023-06-15T14:11:45+00:00
SAO_7245-10,São Paulo,3550308,True,EMTU,363,https://moovitapp.com/index/pt-br/transporte_p%C3%BAblico-line-363-Sao_Paulo-242-2038937-36419444-0,5.1,-23.635227,-46.711732999999995,,,,1,2023-06-15T14:12:04+00:00
SAO_7245-10,São Paulo,3550308,True,EMTU,363,https://moovitapp.com/index/pt-br/transporte_p%C3%BAblico-line-363-Sao_Paulo-242-2038937-36419444-0,5.1,-23.653152499999997,-46.706320749999996,,,,1,2023-06-15T14:11:40+00:00
SAO_7245-10,São Paulo,3550308,True,EMTU,363,https://moovitapp.com/index/pt-br/transporte_p%C3%BAblico-line-363-Sao_Paulo-242-2038937-36419444-0,5.1,-23.6196645,-46.6979995,,,,1,2023-06-15T14:12:22+00:00
SAO_7245-10,São Paulo,3550308,True,EMTU,363,https://moovitapp.com/index/pt-br/transporte_p%C3%BAblico-line-363-Sao_Paulo-242-2038937-36419444-0,5.1,-23.5819665,-46.683908,,,,1,2023-06-15T14:12:20+00:00
SAO_7245-10,São Paulo,3550308,True,EMTU,363,https://moovitapp.com/index/pt-br/transporte_p%C3%BAblico-line-363-Sao_Paulo-242-2038937-36419444-0,5.1,-23.550636,-46.6591885,,,,1,2023-06-15T14:11:43+00:00
SAO_6035-21,São Paulo,3550308,True,,1795,,,-23.711391499999998,-46.7700385,,,,1,2023-06-15T14:12:15+00:00
SAO_6035-21,São Paulo,3550308,True,,1795,,,-23.685734500000002,-46.752735,,,,1,2023-06-15T14:11:39+00:00
SAO_6035-21,São Paulo,3550308,True,,1795,,,-23.670427500000002,-46.737688500000004,,,,1,2023-06-15T14:12:06+00:00
SAO_6035-21,São Paulo,3550308,True,,1795,,,-23.7164745,-46.7670185,,,,1,2023-06-15T14:12:21+00:00
SAO_6035-21,São Paulo,3550308,True,,1795,,,-23.720715499999997,-46.755851,,,,1,2023-06-15T14:11:43+00:00
SAO_6035-21,São Paulo,3550308,True,,1795,,,-23.720715499999997,-46.755851,,,,1,2023-06-15T14:12:04+00:00
SAO_8500-10,São Paulo,3550308,True,,1267,,,-23.515392,-46.693663625,,,,1,2023-06-15T14:12:20+00:00
SAO_8500-10,São Paulo,3550308,True,,1267,,,-23.486086,-46.7251615,,,,1,2023-06-15T14:12:19+00:00
SAO_8500-10,São Paulo,3550308,False,,1267,,,-23.490379,-46.710350250000005,,,,1,2023-06-15T14:11:51+00:00
SAO_8500-10,São Paulo,3550308,True,,1267,,,-23.48629,-46.7260085,,,,1,2023-06-15T14:11:53+00:00
SAO_8500-10,São Paulo,3550308,True,,1267,,,-23.5249625,-46.668324,,,,1,2023-06-15T14:11:49+00:00
SAO_8500-10,São Paulo,3550308,True,,1267,,,-23.52288275,-46.6710535,,,,1,2023-06-15T14:11:51+00:00
SAO_8500-10,São Paulo,3550308,True,,1267,,,-23.510699,-46.705584,,,,1,2023-06-15T14:11:37+00:00
SAO_8500-10,São Paulo,3550308,True,,1267,,,-23.4878705,-46.71395975,,,,1,2023-06-15T14:12:19+00:00
SAO_637R-10,São Paulo,3550308,True,EMTU,196,https://moovitapp.com/index/pt-br/transporte_p%C3%BAblico-line-196-Sao_Paulo-242-2038937-36419323-0,4.85,-23.7200295,-46.7691155,,,,1,2023-06-15T14:09:02+00:00
SAO_637R-10,São Paulo,3550308,True,EMTU,196,https://moovitapp.com/index/pt-br/transporte_p%C3%BAblico-line-196-Sao_Paulo-242-2038937-36419323-0,4.85,-23.7030035,-46.7835645,,,,1,2023-06-15T14:12:06+00:00
SAO_637R-10,São Paulo,3550308,True,EMTU,196,https://moovitapp.com/index/pt-br/transporte_p%C3%BAblico-line-196-Sao_Paulo-242-2038937-36419323-0,4.85,-23.7207345,-46.77011,,,,1,2023-06-15T14:12:14+00:00
SAO_637R-10,São Paulo,3550308,True,EMTU,196,https://moovitapp.com/index/pt-br/transporte_p%C3%BAblico-line-196-Sao_Paulo-242-2038937-36419323-0,4.85,-23.669815749999998,-46.73685449999999,,,,1,2023-06-15T14:12:10+00:00
SAO_637R-10,São Paulo,3550308,True,EMTU,196,https://moovitapp.com/index/pt-br/transporte_p%C3%BAblico-line-196-Sao_Paulo-242-2038937-36419323-0,4.85,-23.6759545,-46.7530775,,,,1,2023-06-15T14:11:47+00:00
SAO_637R-10,São Paulo,3550308,True,EMTU,196,https://moovitapp.com/index/pt-br/transporte_p%C3%BAblico-line-196-Sao_Paulo-242-2038937-36419323-0,4.85,-23.654252,-46.712655999999996,,,,1,2023-06-15T14:12:15+00:00
SAO_637R-10,São Paulo,3550308,True,EMTU,196,https://moovitapp.com/index/pt-br/transporte_p%C3%BAblico-line-196-Sao_Paulo-242-2038937-36419323-0,4.85,-23.654320499999997,-46.7129215,,,,1,2023-06-15T14:12:20+00:00
SAO_637R-10,São Paulo,3550308,True,EMTU,196,https://moovitapp.com/index/pt-br/transporte_p%C3%BAblico-line-196-Sao_Paulo-242-2038937-36419323-0,4.85,-23.701827,-46.782142,,,,1,2023-06-15T14:12:10+00:00
SAO_637R-10,São Paulo,3550308,True,EMTU,196,https://moovitapp.com/index/pt-br/transporte_p%C3%BAblico-line-196-Sao_Paulo-242-2038937-36419323-0,4.85,-23.6860935,-46.770441500000004,,,,1,2023-06-15T14:07:09+00:00
SAO_637R-10,São Paulo,3550308,True,EMTU,196,https://moovitapp.com/index/pt-br/transporte_p%C3%BAblico-line-196-Sao_Paulo-242-2038937-36419323-0,4.85,-23.7207345,-46.77011,,,,1,2023-06-15T14:11:38+00:00
SAO_637R-10,São Paulo,3550308,True,EMTU,196,https://moovitapp.com/index/pt-br/transporte_p%C3%BAblico-line-196-Sao_Paulo-242-2038937-36419323-0,4.85,-23.690734,-46.774626,,,,1,2023-06-15T14:12:03+00:00
SAO_4052-10,São Paulo,3550308,True,,34913,,,-23.5392215,-46.47214099999999,,,,2,2023-06-15T14:12:12+00:00
SAO_4052-10,São Paulo,3550308,True,,34913,,,-23.542564499999997,-46.41676,,,,2,2023-06-15T14:12:14+00:00
SAO_4052-10,São Paulo,3550308,True,,34913,,,-23.5421205,-46.471834,,,,2,2023-06-15T14:11:55+00:00
SAO_4052-10,São Paulo,3550308,True,,34913,,,-23.52829725,-46.446426,,,,2,2023-06-15T14:12:09+00:00
SAO_5145-10,São Paulo,3550308,True,,1641,,,-23.5754575,-46.61064325,,,,1,2023-06-15T14:12:19+00:00
SAO_5145-10,São Paulo,3550308,True,,1641,,,-23.58200075,-46.598304,,,,1,2023-06-15T14:11:51+00:00
SAO_5145-10,São Paulo,3550308,True,,1641,,,-23.5847495,-46.522019,,,,1,2023-06-15T14:12:11+00:00
SAO_5145-10,São Paulo,3550308,True,,1641,,,-23.577434,-46.548098249999995,,,,1,2023-06-15T14:11:59+00:00
SAO_8077-10,São Paulo,3550308,True,,34818,,,-23.6014325,-46.7918495,,,,2,2023-06-15T14:11:46+00:00
SAO_8077-10,São Paulo,3550308,True,,34818,,,-23.586962,-46.7619595,,,,2,2023-06-15T14:12:21+00:00
SAO_8075-10,São Paulo,3550308,True,,34812,,,-23.6312955,-46.773033999999996,,,,2,2023-06-15T14:11:44+00:00
SAO_8075-10,São Paulo,3550308,True,,34812,,,-23.58272925,-46.713883249999995,,,,2,2023-06-15T14:11:54+00:00
SAO_8075-10,São Paulo,3550308,True,,34812,,,-23.6307075,-46.7731485,,,,2,2023-06-15T14:11:49+00:00
SAO_8075-10,São Paulo,3550308,True,,34812,,,-23.6115335,-46.7542115,,,,2,2023-06-15T14:11:52+00:00
SAO_312N-10,São Paulo,3550308,True,,33758,,,-23.491016,-46.441969,,,,2,2023-06-15T14:12:04+00:00
SAO_312N-10,São Paulo,3550308,True,,33758,,,-23.4943805,-46.438734499999995,,,,2,2023-06-15T14:10:19+00:00
SAO_312N-10,São Paulo,3550308,True,,33758,,,-23.491016,-46.441969,,,,2,2023-06-15T14:11:43+00:00
SAO_312N-10,São Paulo,3550308,True,,33758,,,-23.567373,-46.402185875,,,,2,2023-06-15T14:11:46+00:00
SAO_312N-10,São Paulo,3550308,True,,33758,,,-23.542768,-46.41466525,,,,2,2023-06-15T14:11:54+00:00
SAO_312N-10,São Paulo,3550308,True,,33758,,,-23.497709,-46.411232749999996,,,,2,2023-06-15T14:11:37+00:00
SAO_312N-10,São Paulo,3550308,True,,33758,,,-23.535989999999998,-46.402924999999996,,,,2,2023-06-15T14:11:53+00:00
SAO_312N-10,São Paulo,3550308,True,,33758,,,-23.491016,-46.441969,,,,2,2023-06-15T14:12:09+00:00
SAO_312N-10,São Paulo,3550308,True,,33758,,,-23.564211,-46.410570500000006,,,,2,2023-06-15T14:12:12+00:00
SAO_312N-10,São Paulo,3550308,True,,33758,,,-23.5329825,-46.398969,,,,2,2023-06-15T14:12:16+00:00
SAO_6037-10,São Paulo,3550308,True,,33983,,,-23.651052,-46.7813885,,,,2,2023-06-15T14:12:04+00:00
SAO_6037-10,São Paulo,3550308,True,,33983,,,-23.64214475,-46.711892500000005,,,,2,2023-06-15T14:12:00+00:00
SAO_709G-10,São Paulo,3550308,True,,2020,,,-23.588421750000002,-46.681200249999996,,,,1,2023-06-15T14:12:14+00:00
SAO_709G-10,São Paulo,3550308,True,,2020,,,-23.666048124999996,-46.714824750000005,,,,1,2023-06-15T14:12:20+00:00
SAO_709G-10,São Paulo,3550308,True,,2020,,,-23.616938,-46.6807395,,,,1,2023-06-15T14:12:09+00:00
SAO_709G-10,São Paulo,3550308,True,,2020,,,-23.6684445,-46.735211500000005,,,,1,2023-06-15T14:12:08+00:00
SAO_709G-10,São Paulo,3550308,True,,2020,,,-23.596932000000002,-46.673628,,,,1,2023-06-15T14:12:07+00:00
SAO_6358-10,São Paulo,3550308,True,,34062,,,-23.675799499999997,-46.642252,,,,2,2023-06-15T14:12:14+00:00
SAO_6358-10,São Paulo,3550308,True,,34062,,,-23.581194125,-46.65919375,,,,2,2023-06-15T14:12:14+00:00
SAO_6358-10,São Paulo,3550308,True,,34062,,,-23.627961,-46.6851265,,,,2,2023-06-15T14:11:50+00:00
SAO_6358-10,São Paulo,3550308,True,,34062,,,-23.687024,-46.6385275,,,,2,2023-06-15T14:11:45+00:00
SAO_6358-10,São Paulo,3550308,True,,34062,,,-23.571359125,-46.66362425,,,,2,2023-06-15T14:12:16+00:00
SAO_6358-10,São Paulo,3550308,True,,34062,,,-23.685291,-46.6376225,,,,2,2023-06-15T14:11:45+00:00
SAO_6358-10,São Paulo,3550308,True,,34062,,,-23.5510215,-46.645524249999994,,,,2,2023-06-15T14:11:36+00:00
SAO_6358-10,São Paulo,3550308,True,,34062,,,-23.6721485,-46.645281999999995,,,,2,2023-06-15T14:11:37+00:00
SAO_6358-10,São Paulo,3550308,True,,34062,,,-23.654429999999998,-46.667521,,,,2,2023-06-15T14:11:45+00:00
SAO_477A-10,São Paulo,3550308,True,EMTU,346,https://moovitapp.com/index/pt-br/transporte_p%C3%BAblico-line-346-Sao_Paulo-242-2038937-36419429-0,6.3,-23.603185,-46.6040785,,,,1,2023-06-15T14:12:18+00:00
SAO_477A-10,São Paulo,3550308,True,EMTU,346,https://moovitapp.com/index/pt-br/transporte_p%C3%BAblico-line-346-Sao_Paulo-242-2038937-36419429-0,6.3,-23.587886,-46.6297085,,,,1,2023-06-15T14:11:40+00:00
SAO_477A-10,São Paulo,3550308,True,EMTU,346,https://moovitapp.com/index/pt-br/transporte_p%C3%BAblico-line-346-Sao_Paulo-242-2038937-36419429-0,6.3,-23.5634245,-46.6197965,,,,1,2023-06-15T14:12:14+00:00
SAO_477A-10,São Paulo,3550308,True,EMTU,346,https://moovitapp.com/index/pt-br/transporte_p%C3%BAblico-line-346-Sao_Paulo-242-2038937-36419429-0,6.3,-23.57701875,-46.606417125,,,,1,2023-06-15T14:12:03+00:00
SAO_477A-10,São Paulo,3550308,True,EMTU,346,https://moovitapp.com/index/pt-br/transporte_p%C3%BAblico-line-346-Sao_Paulo-242-2038937-36419429-0,6.3,-23.60439075,-46.60359,,,,1,2023-06-15T14:11:41+00:00
SAO_477A-10,São Paulo,3550308,True,EMTU,346,https://moovitapp.com/index/pt-br/transporte_p%C3%BAblico-line-346-Sao_Paulo-242-2038937-36419429-0,6.3,-23.573071,-46.6546745,,,,1,2023-06-15T14:12:15+00:00
SAO_477A-10,São Paulo,3550308,True,EMTU,346,https://moovitapp.com/index/pt-br/transporte_p%C3%BAblico-line-346-Sao_Paulo-242-2038937-36419429-0,6.3,-23.586143999999997,-46.6347255,,,,1,2023-06-15T14:12:12+00:00
SAO_477A-10,São Paulo,3550308,True,EMTU,346,https://moovitapp.com/index/pt-br/transporte_p%C3%BAblico-line-346-Sao_Paulo-242-2038937-36419429-0,6.3,-23.58491275,-46.67580649999999,,,,1,2023-06-15T14:12:15+00:00
SAO_477A-10,São Paulo,3550308,True,EMTU,346,https://moovitapp.com/index/pt-br/transporte_p%C3%BAblico-line-346-Sao_Paulo-242-2038937-36419429-0,6.3,-23.596891499999998,-46.60199825,,,,1,2023-06-15T14:11:53+00:00
SAO_477A-10,São Paulo,3550308,True,EMTU,346,https://moovitapp.com/index/pt-br/transporte_p%C3%BAblico-line-346-Sao_Paulo-242-2038937-36419429-0,6.3,-23.56966175,-46.69150875,,,,1,2023-06-15T14:12:00+00:00
SAO_477A-10,São Paulo,3550308,True,EMTU,346,https://moovitapp.com/index/pt-br/transporte_p%C3%BAblico-line-346-Sao_Paulo-242-2038937-36419429-0,6.3,-23.5872745,-46.628886249999994,,,,1,2023-06-15T14:12:17+00:00
SAO_2726-10,São Paulo,3550308,True,,33708,,,-23.533234,-46.543972499999995,,,,2,2023-06-15T14:11:45+00:00
SAO_2726-10,São Paulo,3550308,True,,33708,,,-23.52313325,-46.543812,,,,2,2023-06-15T14:11:56+00:00
SAO_2726-10,São Paulo,3550308,True,,33708,,,-23.5160585,-46.520732,,,,2,2023-06-15T14:12:14+00:00
SAO_2726-10,São Paulo,3550308,True,,33708,,,-23.5175195,-46.475331,,,,2,2023-06-15T14:11:58+00:00
SAO_2726-10,São Paulo,3550308,True,,33708,,,-23.530598500000004,-46.550257,,,,2,2023-06-15T14:11:56+00:00
SAO_2726-10,São Paulo,3550308,True,,33708,,,-23.5093825,-46.48922575,,,,2,2023-06-15T14:11:50+00:00
SAO_2726-10,São Paulo,3550308,True,,33708,,,-23.509822,-46.468253999999995,,,,2,2023-06-15T14:12:17+00:00
SAO_4055-10,São Paulo,3550308,True,,2447,,,-23.551625,-46.4187805,,,,1,2023-06-15T14:10:30+00:00
SAO_4055-10,São Paulo,3550308,True,,2447,,,-23.543445874999996,-46.414998999999995,,,,1,2023-06-15T14:12:00+00:00
SAO_407M-10,São Paulo,3550308,True,,33086,,,-23.589671000000003,-46.622330749999996,,,,2,2023-06-15T14:12:18+00:00
SAO_778J-41,São Paulo,3550308,True,,1486,,,-23.5832665,-46.771852499999994,,,,1,2023-06-15T14:12:13+00:00
SAO_778J-41,São Paulo,3550308,True,,1486,,,-23.532878,-46.6751405,,,,1,2023-06-15T14:12:13+00:00
SAO_778J-41,São Paulo,3550308,True,,1486,,,-23.526614000000002,-46.668097,,,,1,2023-06-15T14:12:08+00:00
SAO_778J-41,São Paulo,3550308,True,,1486,,,-23.585255,-46.806722,,,,1,2023-06-15T14:12:09+00:00
SAO_778J-41,São Paulo,3550308,True,,1486,,,-23.580330500000002,-46.728742,,,,1,2023-06-15T14:12:09+00:00
SAO_778J-41,São Paulo,3550308,True,,1486,,,-23.5861085,-46.802381,,,,1,2023-06-15T14:12:11+00:00
SAO_2290-10,São Paulo,3550308,True,,33486,,,-23.544653,-46.545749,,,,2,2023-06-15T14:11:43+00:00
SAO_2290-10,São Paulo,3550308,True,,33486,,,-23.6131485,-46.4762315,,,,2,2023-06-15T14:11:45+00:00
SAO_2290-10,São Paulo,3550308,True,,33486,,,-23.612947,-46.476177500000006,,,,2,2023-06-15T14:12:12+00:00
SAO_2290-10,São Paulo,3550308,True,,33486,,,-23.553086,-46.52818,,,,2,2023-06-15T14:11:45+00:00
SAO_2290-10,São Paulo,3550308,True,,33486,,,-23.583272,-46.4955105,,,,2,2023-06-15T14:11:52+00:00
SAO_2290-10,São Paulo,3550308,True,,33486,,,-23.5467995,-46.623562875000005,,,,2,2023-06-15T14:12:19+00:00
SAO_2290-10,São Paulo,3550308,True,,33486,,,-23.535124,-46.5762615,,,,2,2023-06-15T14:11:42+00:00
SAO_2290-10,São Paulo,3550308,True,,33486,,,-23.5736935,-46.50531049999999,,,,2,2023-06-15T14:11:38+00:00
SAO_2290-10,São Paulo,3550308,True,,33486,,,-23.5473685,-46.629486,,,,2,2023-06-15T14:11:40+00:00
SAO_2290-10,São Paulo,3550308,True,,33486,,,-23.558028999999998,-46.522641500000006,,,,2,2023-06-15T14:12:13+00:00
SAO_2290-10,São Paulo,3550308,True,,33486,,,-23.6127315,-46.476122000000004,,,,2,2023-06-15T14:12:02+00:00
SAO_2290-10,São Paulo,3550308,True,,33486,,,-23.545032,-46.545424999999994,,,,2,2023-06-15T14:12:17+00:00
SAO_2290-10,São Paulo,3550308,True,,33486,,,-23.542585000000003,-46.6159675,,,,2,2023-06-15T14:12:08+00:00
SAO_2290-10,São Paulo,3550308,True,,33486,,,-23.608188,-46.478106499999996,,,,2,2023-06-15T14:12:08+00:00
SAO_2290-10,São Paulo,3550308,True,,33486,,,-23.5733185,-46.505489499999996,,,,2,2023-06-15T14:11:51+00:00
SAO_2290-10,São Paulo,3550308,True,,33486,,,-23.5338465,-46.560496,,,,2,2023-06-15T14:11:54+00:00
SAO_2290-10,São Paulo,3550308,True,,33486,,,-23.546985,-46.629763999999994,,,,2,2023-06-15T14:12:10+00:00
SAO_2290-10,São Paulo,3550308,True,,33486,,,-23.5722175,-46.50602175,,,,2,2023-06-15T14:11:57+00:00
SAO_2290-10,São Paulo,3550308,True,,33486,,,-23.542948000000003,-46.547712250000004,,,,2,2023-06-15T14:11:43+00:00
SAO_2290-10,São Paulo,3550308,True,,33486,,,-23.6127315,-46.476122000000004,,,,2,2023-06-15T14:12:13+00:00
SAO_857A-10,São Paulo,3550308,True,,34693,,,-23.611639500000003,-46.754252,,,,2,2023-06-15T14:11:41+00:00
SAO_857A-10,São Paulo,3550308,True,,34693,,,-23.592672999999998,-46.65035225,,,,2,2023-06-15T14:11:57+00:00
SAO_857A-10,São Paulo,3550308,True,,34693,,,-23.572976750000002,-46.705288499999995,,,,2,2023-06-15T14:12:06+00:00
SAO_857A-10,São Paulo,3550308,True,,34693,,,-23.583526499999998,-46.67080075,,,,2,2023-06-15T14:12:19+00:00
SAO_857A-10,São Paulo,3550308,True,,34693,,,-23.631153500000003,-46.7733425,,,,2,2023-06-15T14:11:52+00:00
SAO_7055-10,São Paulo,3550308,True,,34656,,,-23.6591795,-46.77471250000001,,,,2,2023-06-15T14:11:45+00:00
SAO_7055-10,São Paulo,3550308,True,,34656,,,-23.6761975,-46.775214,,,,2,2023-06-15T14:11:59+00:00
SAO_7055-10,São Paulo,3550308,True,,34656,,,-23.69228175,-46.78739125,,,,2,2023-06-15T14:12:04+00:00
SAO_7055-10,São Paulo,3550308,True,,34656,,,-23.6614595,-46.768571,,,,2,2023-06-15T14:12:05+00:00
SAO_7055-10,São Paulo,3550308,True,,34656,,,-23.6591795,-46.77471250000001,,,,2,2023-06-15T14:12:02+00:00
SAO_7055-10,São Paulo,3550308,True,,34656,,,-23.69210125,-46.787707749999996,,,,2,2023-06-15T14:12:11+00:00
SAO_7055-10,São Paulo,3550308,True,,34656,,,-23.6925175,-46.7912115,,,,2,2023-06-15T14:11:46+00:00
SAO_7055-10,São Paulo,3550308,True,,34656,,,-23.647452,-46.779009,,,,2,2023-06-15T14:12:20+00:00
SAO_7055-10,São Paulo,3550308,True,,34656,,,-23.6923765,-46.7911055,,,,2,2023-06-15T14:11:53+00:00
SAO_2707-10,São Paulo,3550308,True,,919,,,-23.525353,-46.4059125,,,,1,2023-06-15T14:12:07+00:00
SAO_2707-10,São Paulo,3550308,True,,919,,,-23.542667,-46.415261,,,,1,2023-06-15T14:11:09+00:00
SAO_2707-10,São Paulo,3550308,True,,919,,,-23.5385345,-46.4074915,,,,1,2023-06-15T14:12:06+00:00
SAO_2707-10,São Paulo,3550308,True,,919,,,-23.542247500000002,-46.419636499999996,,,,1,2023-06-15T14:11:42+00:00
SAO_2707-10,São Paulo,3550308,True,,919,,,-23.525353,-46.4059125,,,,1,2023-06-15T14:12:10+00:00
SAO_2707-10,São Paulo,3550308,True,,919,,,-23.539548500000002,-46.4082395,,,,1,2023-06-15T14:11:29+00:00
SAO_2707-10,São Paulo,3550308,True,,919,,,-23.53482375,-46.452111,,,,1,2023-06-15T14:11:24+00:00
SAO_2707-10,São Paulo,3550308,True,,919,,,-23.537851125000003,-46.455333,,,,1,2023-06-15T14:08:19+00:00
SAO_2707-10,São Paulo,3550308,True,,919,,,-23.536256875,-46.40367437500001,,,,1,2023-06-15T14:11:47+00:00
SAO_8009-31,São Paulo,3550308,True,,1260,,,-23.457628375,-46.747985125,,,,1,2023-06-15T14:12:16+00:00
SAO_8009-31,São Paulo,3550308,True,,1260,,,-23.486821,-46.726783499999996,,,,1,2023-06-15T14:12:00+00:00
SAO_8009-31,São Paulo,3550308,True,,1260,,,-23.4573405,-46.719361,,,,1,2023-06-15T14:12:02+00:00
SAO_5015-10,São Paulo,3550308,True,,33887,,,-23.65508425,-46.63683375,,,,2,2023-06-15T14:11:40+00:00
SAO_5015-10,São Paulo,3550308,True,,33887,,,-23.6473075,-46.6389825,,,,2,2023-06-15T14:11:44+00:00
SAO_5015-10,São Paulo,3550308,True,,33887,,,-23.6676795,-46.636367,,,,2,2023-06-15T14:11:49+00:00
SAO_5015-10,São Paulo,3550308,True,,33887,,,-23.689193,-46.6634915,,,,2,2023-06-15T14:11:44+00:00
SAO_5015-10,São Paulo,3550308,True,,33887,,,-23.6473075,-46.6389825,,,,2,2023-06-15T14:11:50+00:00
SAO_5015-10,São Paulo,3550308,True,,33887,,,-23.6473075,-46.6389825,,,,2,2023-06-15T14:11:56+00:00
SAO_5015-10,São Paulo,3550308,True,,33887,,,-23.6780365,-46.657632750000005,,,,2,2023-06-15T14:11:55+00:00
SAO_5015-10,São Paulo,3550308,True,,33887,,,-23.679827875,-46.640767124999996,,,,2,2023-06-15T14:10:38+00:00
SAO_5015-10,São Paulo,3550308,True,,33887,,,-23.6473075,-46.6389825,,,,2,2023-06-15T14:11:55+00:00
SAO_8040-10,São Paulo,3550308,True,,406,,,-23.525059375,-46.709582125,,,,1,2023-06-15T14:12:00+00:00
SAO_8040-10,São Paulo,3550308,True,,406,,,-23.507766500000002,-46.746071,,,,1,2023-06-15T14:12:01+00:00
SAO_8040-10,São Paulo,3550308,True,,406,,,-23.435156,-46.7828905,,,,1,2023-06-15T14:12:00+00:00
SAO_8040-10,São Paulo,3550308,True,,406,,,-23.4330535,-46.777755,,,,1,2023-06-15T14:12:00+00:00
SAO_8040-10,São Paulo,3550308,True,,406,,,-23.481645999999998,-46.7554855,,,,1,2023-06-15T14:12:15+00:00
SAO_6084-10,São Paulo,3550308,True,,33937,,,-23.7804005,-46.6732885,,,,2,2023-06-15T14:11:39+00:00
SAO_6084-10,São Paulo,3550308,True,,33937,,,-23.7729115,-46.7086855,,,,2,2023-06-15T14:11:46+00:00
SAO_6084-10,São Paulo,3550308,True,,33937,,,-23.7743945,-46.68369825,,,,2,2023-06-15T14:12:03+00:00
SAO_6084-10,São Paulo,3550308,True,,33937,,,-23.7804005,-46.6732885,,,,2,2023-06-15T14:11:43+00:00
SAO_5129-10,São Paulo,3550308,True,,34049,,,-23.673735999999998,-46.6777995,,,,2,2023-06-15T14:11:56+00:00
SAO_5129-10,São Paulo,3550308,True,,34049,,,-23.666747375,-46.721639499999995,,,,2,2023-06-15T14:12:02+00:00
SAO_5129-10,São Paulo,3550308,True,,34049,,,-23.6693775,-46.649161500000005,,,,2,2023-06-15T14:12:12+00:00
SAO_5129-10,São Paulo,3550308,True,,34049,,,-23.663342,-46.70634750000001,,,,2,2023-06-15T14:09:10+00:00
SAO_5129-10,São Paulo,3550308,True,,34049,,,-23.657365,-46.6648205,,,,2,2023-06-15T14:11:48+00:00
SAO_5129-10,São Paulo,3550308,True,,34049,,,-23.6846965,-46.6313975,,,,2,2023-06-15T14:12:14+00:00
SAO_5129-10,São Paulo,3550308,True,,34049,,,-23.669248250000003,-46.67786825,,,,2,2023-06-15T14:12:02+00:00
SAO_5129-10,São Paulo,3550308,True,,34049,,,-23.645417000000002,-46.67187,,,,2,2023-06-15T14:12:14+00:00
SAO_9784-10,São Paulo,3550308,True,EMTU,827,https://moovitapp.com/index/pt-br/transporte_p%C3%BAblico-line-827-Sao_Paulo-242-2038937-36419596-0,12.1,-23.485483,-46.6529655,,,,1,2023-06-15T14:11:54+00:00
SAO_9784-10,São Paulo,3550308,True,EMTU,827,https://moovitapp.com/index/pt-br/transporte_p%C3%BAblico-line-827-Sao_Paulo-242-2038937-36419596-0,12.1,-23.47933075,-46.66212675,,,,1,2023-06-15T14:11:38+00:00
SAO_9784-10,São Paulo,3550308,True,EMTU,827,https://moovitapp.com/index/pt-br/transporte_p%C3%BAblico-line-827-Sao_Paulo-242-2038937-36419596-0,12.1,-23.469003,-46.6672425,,,,1,2023-06-15T14:11:56+00:00
SAO_9784-10,São Paulo,3550308,True,EMTU,827,https://moovitapp.com/index/pt-br/transporte_p%C3%BAblico-line-827-Sao_Paulo-242-2038937-36419596-0,12.1,-23.4945915,-46.660227500000005,,,,1,2023-06-15T14:12:21+00:00
SAO_9784-10,São Paulo,3550308,True,EMTU,827,https://moovitapp.com/index/pt-br/transporte_p%C3%BAblico-line-827-Sao_Paulo-242-2038937-36419596-0,12.1,-23.504797500000002,-46.6684135,,,,1,2023-06-15T14:11:58+00:00
SAO_9784-10,São Paulo,3550308,True,EMTU,827,https://moovitapp.com/index/pt-br/transporte_p%C3%BAblico-line-827-Sao_Paulo-242-2038937-36419596-0,12.1,-23.4503535,-46.683854999999994,,,,1,2023-06-15T14:12:05+00:00
SAO_9784-10,São Paulo,3550308,True,EMTU,827,https://moovitapp.com/index/pt-br/transporte_p%C3%BAblico-line-827-Sao_Paulo-242-2038937-36419596-0,12.1,-23.459789999999998,-46.673888,,,,1,2023-06-15T14:11:52+00:00
SAO_9784-10,São Paulo,3550308,True,EMTU,827,https://moovitapp.com/index/pt-br/transporte_p%C3%BAblico-line-827-Sao_Paulo-242-2038937-36419596-0,12.1,-23.520577,-46.6678165,,,,1,2023-06-15T14:12:01+00:00
SAO_9784-10,São Paulo,3550308,True,EMTU,827,https://moovitapp.com/index/pt-br/transporte_p%C3%BAblico-line-827-Sao_Paulo-242-2038937-36419596-0,12.1,-23.450320249999997,-46.68110299999999,,,,1,2023-06-15T14:11:46+00:00
SAO_2728-10,São Paulo,3550308,True,,943,,,-23.520867000000003,-46.549279999999996,,,,1,2023-06-15T14:11:52+00:00
SAO_2728-10,São Paulo,3550308,True,,943,,,-23.5305265,-46.5466505,,,,1,2023-06-15T14:11:47+00:00
SAO_2728-10,São Paulo,3550308,True,,943,,,-23.5014245,-46.512783,,,,1,2023-06-15T14:11:47+00:00
SAO_2728-10,São Paulo,3550308,True,,943,,,-23.510424625,-46.540035249999995,,,,1,2023-06-15T14:11:46+00:00
SAO_2728-10,São Paulo,3550308,True,,943,,,-23.5114875,-46.54417975,,,,1,2023-06-15T14:12:00+00:00
SAO_2728-10,São Paulo,3550308,True,,943,,,-23.533211,-46.543845,,,,1,2023-06-15T14:11:58+00:00
SAO_2728-10,São Paulo,3550308,True,,943,,,-23.50569075,-46.517489999999995,,,,1,2023-06-15T14:11:01+00:00
SAO_2728-10,São Paulo,3550308,True,,943,,,-23.533263499999997,-46.544112,,,,1,2023-06-15T14:12:02+00:00
SAO_414P-10,São Paulo,3550308,True,,33873,,,-23.55319325,-46.562629,,,,2,2023-06-15T14:11:49+00:00
SAO_414P-10,São Paulo,3550308,True,,33873,,,-23.534119,-46.57558925,,,,2,2023-06-15T14:12:01+00:00
SAO_414P-10,São Paulo,3550308,True,,33873,,,-23.591445,-46.5302785,,,,2,2023-06-15T14:12:12+00:00
SAO_414P-10,São Paulo,3550308,True,,33873,,,-23.534793,-46.5652985,,,,2,2023-06-15T14:12:20+00:00
SAO_414P-10,São Paulo,3550308,True,,33873,,,-23.5555793125,-46.556668125,,,,2,2023-06-15T14:11:55+00:00
SAO_414P-10,São Paulo,3550308,True,,33873,,,-23.601193000000002,-46.53048025,,,,2,2023-06-15T14:12:00+00:00
SAO_414P-10,São Paulo,3550308,True,,33873,,,-23.598334,-46.528966499999996,,,,2,2023-06-15T14:12:20+00:00
SAO_414P-10,São Paulo,3550308,True,,33873,,,-23.6103715,-46.529692,,,,2,2023-06-15T14:12:17+00:00
SAO_414P-10,São Paulo,3550308,True,,33873,,,-23.54472475,-46.57451425,,,,2,2023-06-15T14:11:55+00:00
SAO_524M-10,São Paulo,3550308,True,,34399,,,-23.619122750000002,-46.4958135,,,,2,2023-06-15T14:11:42+00:00
SAO_524M-10,São Paulo,3550308,True,,34399,,,-23.5638,-46.505301,,,,2,2023-06-15T14:11:55+00:00
SAO_524M-10,São Paulo,3550308,True,,34399,,,-23.614786000000002,-46.501096000000004,,,,2,2023-06-15T14:11:40+00:00
SAO_524M-10,São Paulo,3550308,True,,34399,,,-23.58799275,-46.5115205,,,,2,2023-06-15T14:11:42+00:00
SAO_524M-10,São Paulo,3550308,True,,34399,,,-23.56683075,-46.51046825,,,,2,2023-06-15T14:11:55+00:00
SAO_524M-10,São Paulo,3550308,True,,34399,,,-23.5762975,-46.5157215,,,,2,2023-06-15T14:11:45+00:00
SAO_524M-10,São Paulo,3550308,True,,34399,,,-23.60153175,-46.49835575,,,,2,2023-06-15T14:11:42+00:00
SAO_524M-10,São Paulo,3550308,True,,34399,,,-23.614382,-46.501851,,,,2,2023-06-15T14:11:54+00:00
SAO_524M-10,São Paulo,3550308,True,,34399,,,-23.6012165,-46.4982545,,,,2,2023-06-15T14:11:44+00:00
SAO_3098-10,São Paulo,3550308,True,,1078,,,-23.620321500000003,-46.467113499999996,,,,1,2023-06-15T14:12:20+00:00
SAO_3098-10,São Paulo,3550308,True,,1078,,,-23.6324805,-46.4531575,,,,1,2023-06-15T14:12:23+00:00
SAO_3098-10,São Paulo,3550308,True,,1078,,,-23.611721000000003,-46.474964,,,,1,2023-06-15T14:11:40+00:00
SAO_3098-10,São Paulo,3550308,True,,1078,,,-23.5645445,-46.508259,,,,1,2023-06-15T14:11:56+00:00
SAO_3098-10,São Paulo,3550308,True,,1078,,,-23.6334555,-46.461941,,,,1,2023-06-15T14:11:56+00:00
SAO_3098-10,São Paulo,3550308,True,,1078,,,-23.562116500000002,-46.509861,,,,1,2023-06-15T14:11:55+00:00
SAO_373T-10,São Paulo,3550308,True,,33859,,,-23.580684,-46.559714,,,,2,2023-06-15T14:11:58+00:00
SAO_373T-10,São Paulo,3550308,True,,33859,,,-23.5857665,-46.537081,,,,2,2023-06-15T14:12:17+00:00
SAO_373T-10,São Paulo,3550308,True,,33859,,,-23.58768275,-46.54337675,,,,2,2023-06-15T14:12:20+00:00
SAO_373T-10,São Paulo,3550308,True,,33859,,,-23.567545000000003,-46.591055499999996,,,,2,2023-06-15T14:12:06+00:00
SAO_373T-10,São Paulo,3550308,True,,33859,,,-23.5970655,-46.507269,,,,2,2023-06-15T14:12:10+00:00
SAO_373T-10,São Paulo,3550308,True,,33859,,,-23.58537275,-46.538046375,,,,2,2023-06-15T14:11:44+00:00
SAO_373T-10,São Paulo,3550308,True,,33859,,,-23.5833565,-46.574647,,,,2,2023-06-15T14:11:40+00:00
SAO_3743-10,São Paulo,3550308,True,,1043,,,-23.542454999999997,-46.470183000000006,,,,1,2023-06-15T14:12:10+00:00
SAO_3743-10,São Paulo,3550308,True,,1043,,,-23.572705499999998,-46.473948500000006,,,,1,2023-06-15T14:11:43+00:00
SAO_3743-10,São Paulo,3550308,True,,1043,,,-23.600215249999998,-46.48453775,,,,1,2023-06-15T14:12:15+00:00
SAO_3743-10,São Paulo,3550308,True,,1043,,,-23.558543999999998,-46.465739500000005,,,,1,2023-06-15T14:11:48+00:00
SAO_3743-10,São Paulo,3550308,True,,1043,,,-23.546550250000003,-46.461182,,,,1,2023-06-15T14:12:10+00:00
SAO_5791-10,São Paulo,3550308,True,,33375,,,-23.693475499999998,-46.644855,,,,2,2023-06-15T14:12:11+00:00
SAO_5791-10,São Paulo,3550308,True,,33375,,,-23.624087625,-46.640517875,,,,2,2023-06-15T14:11:46+00:00
SAO_5791-10,São Paulo,3550308,True,,33375,,,-23.7159525,-46.6262445,,,,2,2023-06-15T14:11:49+00:00
SAO_5791-10,São Paulo,3550308,True,,33375,,,-23.575192,-46.640798000000004,,,,2,2023-06-15T14:11:54+00:00
SAO_5791-10,São Paulo,3550308,True,,33375,,,-23.6974855,-46.628835,,,,2,2023-06-15T14:12:07+00:00
SAO_5791-10,São Paulo,3550308,True,,33375,,,-23.601159312500002,-46.636772375,,,,2,2023-06-15T14:12:01+00:00
SAO_5791-10,São Paulo,3550308,True,,33375,,,-23.676182500000003,-46.629003999999995,,,,2,2023-06-15T14:12:08+00:00
SAO_5791-10,São Paulo,3550308,True,,33375,,,-23.64662525,-46.64058625,,,,2,2023-06-15T14:12:18+00:00
SAO_5791-10,São Paulo,3550308,True,,33375,,,-23.6849845,-46.633231,,,,2,2023-06-15T14:10:52+00:00
SAO_5012-10,São Paulo,3550308,True,,33884,,,-23.646906,-46.6387925,,,,2,2023-06-15T14:12:12+00:00
SAO_5012-10,São Paulo,3550308,True,,33884,,,-23.673467000000002,-46.643597,,,,2,2023-06-15T14:12:18+00:00
SAO_5012-10,São Paulo,3550308,True,,33884,,,-23.704661,-46.63425599999999,,,,2,2023-06-15T14:12:03+00:00
SAO_5012-10,São Paulo,3550308,True,,33884,,,-23.706698,-46.629186000000004,,,,2,2023-06-15T14:11:37+00:00
SAO_5012-10,São Paulo,3550308,True,,33884,,,-23.6459105,-46.6397875,,,,2,2023-06-15T14:12:08+00:00
SAO_5012-10,São Paulo,3550308,True,,33884,,,-23.686575,-46.633546,,,,2,2023-06-15T14:11:48+00:00
SAO_5012-10,São Paulo,3550308,True,,33884,,,-23.6681755,-46.636195,,,,2,2023-06-15T14:12:02+00:00
SAO_5012-10,São Paulo,3550308,True,,33884,,,-23.713089250000003,-46.63510925,,,,2,2023-06-15T14:08:55+00:00
SAO_5012-10,São Paulo,3550308,True,,33884,,,-23.697253,-46.637215499999996,,,,2,2023-06-15T14:11:41+00:00
SAO_5012-10,São Paulo,3550308,True,,33884,,,-23.6968405,-46.633041,,,,2,2023-06-15T14:08:37+00:00
SAO_5012-10,São Paulo,3550308,True,,33884,,,-23.655705875000002,-46.636681499999995,,,,2,2023-06-15T14:11:47+00:00
SAO_2720-10,São Paulo,3550308,True,,933,,,-23.508848,-46.495379,,,,1,2023-06-15T14:11:40+00:00
SAO_2720-10,São Paulo,3550308,True,,933,,,-23.529042,-46.5171655,,,,1,2023-06-15T14:12:14+00:00
SAO_2720-10,São Paulo,3550308,True,,933,,,-23.51547825,-46.50803425,,,,1,2023-06-15T14:11:49+00:00
SAO_2720-10,São Paulo,3550308,True,,933,,,-23.525108,-46.520282,,,,1,2023-06-15T14:12:05+00:00
SAO_2720-10,São Paulo,3550308,True,,933,,,-23.4896025,-46.477258000000006,,,,1,2023-06-15T14:11:58+00:00
SAO_2720-10,São Paulo,3550308,True,,933,,,-23.518309000000002,-46.511008000000004,,,,1,2023-06-15T14:11:44+00:00
SAO_2720-10,São Paulo,3550308,True,,933,,,-23.487233,-46.4695945,,,,1,2023-06-15T14:11:51+00:00
SAO_2720-10,São Paulo,3550308,True,,933,,,-23.522708,-46.518773,,,,1,2023-06-15T14:12:03+00:00
SAO_756A-10,São Paulo,3550308,True,,33561,,,-23.602068,-46.7944835,,,,2,2023-06-15T14:11:59+00:00
SAO_756A-10,São Paulo,3550308,True,,33561,,,-23.615015,-46.6935215,,,,2,2023-06-15T14:11:49+00:00
SAO_756A-10,São Paulo,3550308,True,,33561,,,-23.588080124999998,-46.7233465,,,,2,2023-06-15T14:11:55+00:00
SAO_756A-10,São Paulo,3550308,True,,33561,,,-23.598115999999997,-46.7961385,,,,2,2023-06-15T14:11:44+00:00
SAO_756A-10,São Paulo,3550308,True,,33561,,,-23.595695499999998,-46.760228999999995,,,,2,2023-06-15T14:12:11+00:00
SAO_756A-10,São Paulo,3550308,True,,33561,,,-23.61527,-46.713443,,,,2,2023-06-15T14:12:00+00:00
SAO_756A-10,São Paulo,3550308,True,,33561,,,-23.59007975,-46.736112500000004,,,,2,2023-06-15T14:12:03+00:00
SAO_756A-10,São Paulo,3550308,True,,33561,,,-23.598115999999997,-46.7961385,,,,2,2023-06-15T14:11:39+00:00
SAO_4732-31,São Paulo,3550308,True,,34895,,,-23.6232071875,-46.63181675,,,,2,2023-06-15T14:12:02+00:00
SAO_4732-31,São Paulo,3550308,True,,34895,,,-23.6183895,-46.6387275,,,,2,2023-06-15T14:12:00+00:00
SAO_4732-31,São Paulo,3550308,True,,34895,,,-23.6467485,-46.595605000000006,,,,2,2023-06-15T14:12:13+00:00
SAO_4732-31,São Paulo,3550308,True,,34895,,,-23.63502425,-46.599515000000004,,,,2,2023-06-15T14:11:59+00:00
SAO_4732-31,São Paulo,3550308,True,,34895,,,-23.625812500000002,-46.61644075,,,,2,2023-06-15T14:12:03+00:00
SAO_4732-31,São Paulo,3550308,True,,34895,,,-23.63227275,-46.61086075,,,,2,2023-06-15T14:12:07+00:00
SAO_4210-10,São Paulo,3550308,True,,2170,,,-23.595284,-46.4336225,,,,1,2023-06-15T14:11:40+00:00
SAO_4210-10,São Paulo,3550308,True,,2170,,,-23.5494625,-46.5242785,,,,1,2023-06-15T14:12:01+00:00
SAO_4210-10,São Paulo,3550308,True,,2170,,,-23.545441,-46.630475000000004,,,,1,2023-06-15T14:12:16+00:00
SAO_4210-10,São Paulo,3550308,True,,2170,,,-23.547011,-46.62953,,,,1,2023-06-15T14:12:09+00:00
SAO_4210-10,São Paulo,3550308,True,,2170,,,-23.535778625,-46.58531575,,,,1,2023-06-15T14:11:54+00:00
SAO_4210-10,São Paulo,3550308,True,,2170,,,-23.532581,-46.5598835,,,,1,2023-06-15T14:10:26+00:00
SAO_4210-10,São Paulo,3550308,True,,2170,,,-23.5628645,-46.5088905,,,,1,2023-06-15T14:11:41+00:00
SAO_4210-10,São Paulo,3550308,True,,2170,,,-23.581362499999997,-46.4913625,,,,1,2023-06-15T14:12:12+00:00
SAO_4210-10,São Paulo,3550308,True,,2170,,,-23.5833395,-46.407216,,,,1,2023-06-15T14:12:17+00:00
SAO_4210-10,São Paulo,3550308,True,,2170,,,-23.595864,-46.4524015,,,,1,2023-06-15T14:12:04+00:00
SAO_4210-10,São Paulo,3550308,True,,2170,,,-23.546727,-46.629723999999996,,,,1,2023-06-15T14:11:54+00:00
SAO_4210-10,São Paulo,3550308,True,,2170,,,-23.542696375,-46.6173795,,,,1,2023-06-15T14:10:22+00:00
SAO_4210-10,São Paulo,3550308,True,,2170,,,-23.5358615,-46.571408000000005,,,,1,2023-06-15T14:12:05+00:00
SAO_4210-10,São Paulo,3550308,True,,2170,,,-23.53559,-46.558574,,,,1,2023-06-15T14:12:01+00:00
SAO_2009-10,São Paulo,3550308,True,,898,,,-23.539071999999997,-46.410146,,,,1,2023-06-15T14:10:55+00:00
SAO_2009-10,São Paulo,3550308,True,,898,,,-23.52377925,-46.417449,,,,1,2023-06-15T14:12:09+00:00
SAO_2009-10,São Paulo,3550308,True,,898,,,-23.5099475,-46.413949,,,,1,2023-06-15T14:11:19+00:00
SAO_6038-10,São Paulo,3550308,True,,1216,,,-23.648463,-46.7491555,,,,1,2023-06-15T14:11:53+00:00
SAO_6038-10,São Paulo,3550308,True,,1216,,,-23.64808025,-46.74822275,,,,1,2023-06-15T14:12:21+00:00
SAO_6038-10,São Paulo,3550308,True,,1216,,,-23.6444175,-46.744783999999996,,,,1,2023-06-15T14:12:00+00:00
SAO_6038-10,São Paulo,3550308,True,,1216,,,-23.6441275,-46.7428345,,,,1,2023-06-15T14:12:02+00:00
SAO_6038-10,São Paulo,3550308,True,,1216,,,-23.6455275,-46.746255500000004,,,,1,2023-06-15T14:12:09+00:00
SAO_6038-10,São Paulo,3550308,True,,1216,,,-23.6444805,-46.7449555,,,,1,2023-06-15T14:12:05+00:00
SAO_6038-10,São Paulo,3550308,True,,1216,,,-23.645789999999998,-46.7465015,,,,1,2023-06-15T14:11:59+00:00
SAO_6038-10,São Paulo,3550308,True,,1216,,,-23.662627,-46.78067125,,,,1,2023-06-15T14:11:41+00:00
SAO_6038-10,São Paulo,3550308,True,,1216,,,-23.642785749999998,-46.73786,,,,1,2023-06-15T14:12:11+00:00
SAO_6038-10,São Paulo,3550308,True,,1216,,,-23.6514915,-46.757566249999996,,,,1,2023-06-15T14:11:52+00:00
SAO_6038-10,São Paulo,3550308,True,,1216,,,-23.6490105,-46.7535625,,,,1,2023-06-15T14:12:22+00:00
SAO_6038-10,São Paulo,3550308,True,,1216,,,-23.64671825,-46.7086455,,,,1,2023-06-15T14:12:06+00:00
SAO_4021-10,São Paulo,3550308,True,,35316,,,-23.5427535,-46.470349999999996,,,,2,2023-06-15T14:11:48+00:00
SAO_4021-10,São Paulo,3550308,True,,35316,,,-23.545320750000002,-46.460122875,,,,2,2023-06-15T14:12:08+00:00
SAO_4021-10,São Paulo,3550308,True,,35316,,,-23.55114075,-46.457085500000005,,,,2,2023-06-15T14:11:55+00:00
SAO_4021-10,São Paulo,3550308,True,,35316,,,-23.5576565,-46.44922625,,,,2,2023-06-15T14:12:15+00:00
SAO_4021-10,São Paulo,3550308,True,,35316,,,-23.561805999999997,-46.4475235,,,,2,2023-06-15T14:12:21+00:00
SAO_4021-10,São Paulo,3550308,True,,35316,,,-23.56172575,-46.446333249999995,,,,2,2023-06-15T14:11:42+00:00
SAO_573H-10,São Paulo,3550308,True,,1630,,,-23.577454,-46.576846,,,,1,2023-06-15T14:11:41+00:00
SAO_573H-10,São Paulo,3550308,True,,1630,,,-23.550404,-46.607554875000005,,,,1,2023-06-15T14:12:06+00:00
SAO_573H-10,São Paulo,3550308,True,,1630,,,-23.584983,-46.524282,,,,1,2023-06-15T14:12:17+00:00
SAO_573H-10,São Paulo,3550308,True,,1630,,,-23.603478000000003,-46.503224,,,,1,2023-06-15T14:12:22+00:00
SAO_573H-10,São Paulo,3550308,True,,1630,,,-23.546872999999998,-46.608591000000004,,,,1,2023-06-15T14:12:08+00:00
SAO_573H-10,São Paulo,3550308,True,,1630,,,-23.597476999999998,-46.50051325,,,,1,2023-06-15T14:11:48+00:00
SAO_573H-10,São Paulo,3550308,True,,1630,,,-23.574405249999998,-46.556079249999996,,,,1,2023-06-15T14:12:01+00:00
SAO_573H-10,São Paulo,3550308,True,,1630,,,-23.612686500000002,-46.4942695,,,,1,2023-06-15T14:12:02+00:00
SAO_573H-10,São Paulo,3550308,True,,1630,,,-23.596735000000002,-46.5008875,,,,1,2023-06-15T14:11:49+00:00
SAO_573H-10,São Paulo,3550308,True,,1630,,,-23.57939,-46.539981,,,,1,2023-06-15T14:12:16+00:00
SAO_573H-10,São Paulo,3550308,True,,1630,,,-23.575752,-46.5779145,,,,1,2023-06-15T14:12:07+00:00
SAO_573H-10,São Paulo,3550308,True,,1630,,,-23.5730395,-46.5605705,,,,1,2023-06-15T14:12:08+00:00
SAO_573H-10,São Paulo,3550308,True,,1630,,,-23.585673,-46.5188495,,,,1,2023-06-15T14:11:47+00:00
SAO_6L07-10,São Paulo,3550308,True,,1545,,,-23.819539499999998,-46.704392999999996,,,,1,2023-06-15T14:11:39+00:00
SAO_4031-10,São Paulo,3550308,True,,33869,,,-23.593271,-46.560283,,,,2,2023-06-15T14:11:52+00:00
SAO_4031-10,São Paulo,3550308,True,,33869,,,-23.614525,-46.516563500000004,,,,2,2023-06-15T14:12:13+00:00
SAO_4031-10,São Paulo,3550308,True,,33869,,,-23.595298,-46.555673999999996,,,,2,2023-06-15T14:12:00+00:00
SAO_4031-10,São Paulo,3550308,True,,33869,,,-23.593766375,-46.56137925,,,,2,2023-06-15T14:12:21+00:00
SAO_4031-10,São Paulo,3550308,True,,33869,,,-23.5781735,-46.577866,,,,2,2023-06-15T14:12:01+00:00
SAO_4031-10,São Paulo,3550308,True,,33869,,,-23.591107,-46.586836875,,,,2,2023-06-15T14:12:12+00:00
SAO_177H-10,São Paulo,3550308,True,,630,,,-23.519465,-46.65671975000001,,,,1,2023-06-15T14:11:49+00:00
SAO_177H-10,São Paulo,3550308,True,,630,,,-23.53929575,-46.6550535,,,,1,2023-06-15T14:11:54+00:00
SAO_177H-10,São Paulo,3550308,True,,630,,,-23.508062000000002,-46.65584275,,,,1,2023-06-15T14:05:47+00:00
SAO_177H-10,São Paulo,3550308,True,,630,,,-23.502133999999998,-46.64068,,,,1,2023-06-15T14:11:43+00:00
SAO_177H-10,São Paulo,3550308,True,,630,,,-23.56637325,-46.699229,,,,1,2023-06-15T14:11:54+00:00
SAO_177H-10,São Paulo,3550308,True,,630,,,-23.5526805,-46.731851500000005,,,,1,2023-06-15T14:12:22+00:00
SAO_2766-10,São Paulo,3550308,True,,33173,,,-23.495036,-46.410132000000004,,,,2,2023-06-15T14:11:51+00:00
SAO_2766-10,São Paulo,3550308,True,,33173,,,-23.512286500000002,-46.393762,,,,2,2023-06-15T14:11:44+00:00
SAO_2766-10,São Paulo,3550308,True,,33173,,,-23.53482375,-46.452111,,,,2,2023-06-15T14:11:52+00:00
SAO_2766-10,São Paulo,3550308,True,,33173,,,-23.498489125,-46.442313375,,,,2,2023-06-15T14:12:06+00:00
SAO_2766-10,São Paulo,3550308,True,,33173,,,-23.5425775,-46.4719335,,,,2,2023-06-15T14:12:02+00:00
SAO_2766-10,São Paulo,3550308,True,,33173,,,-23.539969375,-46.455428375000004,,,,2,2023-06-15T14:11:45+00:00
SAO_6022-10,São Paulo,3550308,True,,33975,,,-23.6922445,-46.7772405,,,,2,2023-06-15T14:12:22+00:00
SAO_6022-10,São Paulo,3550308,True,,33975,,,-23.728424,-46.7823315,,,,2,2023-06-15T14:12:03+00:00
SAO_6022-10,São Paulo,3550308,True,,33975,,,-23.7286505,-46.782372499999994,,,,2,2023-06-15T14:12:08+00:00
SAO_6022-10,São Paulo,3550308,True,,33975,,,-23.7286505,-46.782372499999994,,,,2,2023-06-15T14:12:03+00:00
SAO_546J-31,São Paulo,3550308,True,,34783,,,-23.688996500000002,-46.662983499999996,,,,2,2023-06-15T14:12:18+00:00
SAO_546J-31,São Paulo,3550308,True,,34783,,,-23.657572,-46.701373875,,,,2,2023-06-15T14:11:44+00:00
SAO_546J-31,São Paulo,3550308,True,,34783,,,-23.687413749999997,-46.6586645,,,,2,2023-06-15T14:11:57+00:00
SAO_546J-31,São Paulo,3550308,True,,34783,,,-23.6706485,-46.6693595,,,,2,2023-06-15T14:11:40+00:00
SAO_1012-10,São Paulo,3550308,True,,35254,,,-23.432446499999998,-46.787048,,,,2,2023-06-15T14:11:45+00:00
SAO_1012-10,São Paulo,3550308,True,,35254,,,-23.4325465,-46.787031999999996,,,,2,2023-06-15T14:12:02+00:00
SAO_1012-10,São Paulo,3550308,True,,35254,,,-23.44651675,-46.802803749999995,,,,2,2023-06-15T14:11:37+00:00
SAO_1012-10,São Paulo,3550308,True,,35254,,,-23.4333445,-46.7870665,,,,2,2023-06-15T14:12:02+00:00
SAO_1012-10,São Paulo,3550308,True,,35254,,,-23.43306225,-46.7870825,,,,2,2023-06-15T14:11:41+00:00
SAO_1012-10,São Paulo,3550308,True,,35254,,,-23.4300815,-46.79488875,,,,2,2023-06-15T14:12:13+00:00
SAO_4030-10,São Paulo,3550308,True,,33868,,,-23.598079624999997,-46.48634800000001,,,,2,2023-06-15T14:12:07+00:00
SAO_4030-10,São Paulo,3550308,True,,33868,,,-23.60715,-46.478787499999996,,,,2,2023-06-15T14:11:47+00:00
SAO_4030-10,São Paulo,3550308,True,,33868,,,-23.564223499999997,-46.50445,,,,2,2023-06-15T14:12:13+00:00
SAO_4030-10,São Paulo,3550308,True,,33868,,,-23.616774999999997,-46.481438,,,,2,2023-06-15T14:11:59+00:00
SAO_4030-10,São Paulo,3550308,True,,33868,,,-23.619729,-46.489368,,,,2,2023-06-15T14:11:58+00:00
SAO_4030-10,São Paulo,3550308,True,,33868,,,-23.575205999999998,-46.50457175,,,,2,2023-06-15T14:12:04+00:00
SAO_6000-10,São Paulo,3550308,True,,1140,,,-23.74073,-46.70446725,,,,1,2023-06-15T14:12:19+00:00
SAO_6000-10,São Paulo,3550308,True,,1140,,,-23.670452249999997,-46.71205275,,,,1,2023-06-15T14:11:20+00:00
SAO_6000-10,São Paulo,3550308,True,,1140,,,-23.6658555,-46.711713,,,,1,2023-06-15T14:10:50+00:00
SAO_6000-10,São Paulo,3550308,True,,1140,,,-23.828206,-46.727340999999996,,,,1,2023-06-15T14:12:01+00:00
SAO_6000-10,São Paulo,3550308,True,,1140,,,-23.7143375,-46.70780549999999,,,,1,2023-06-15T14:12:04+00:00
SAO_6000-10,São Paulo,3550308,True,,1140,,,-23.654213,-46.710369,,,,1,2023-06-15T14:11:53+00:00
SAO_6000-10,São Paulo,3550308,True,,1140,,,-23.82240775,-46.735719687499994,,,,1,2023-06-15T14:12:08+00:00
SAO_6000-10,São Paulo,3550308,True,,1140,,,-23.671842374999997,-46.712123625000004,,,,1,2023-06-15T14:10:18+00:00
SAO_6000-10,São Paulo,3550308,True,,1140,,,-23.653938,-46.709849000000006,,,,1,2023-06-15T14:11:36+00:00
SAO_6000-10,São Paulo,3550308,True,,1140,,,-23.777438500000002,-46.723049,,,,1,2023-06-15T14:04:21+00:00
SAO_6000-10,São Paulo,3550308,True,,1140,,,-23.748630749999997,-46.708853250000004,,,,1,2023-06-15T14:12:19+00:00
SAO_6000-10,São Paulo,3550308,True,,1140,,,-23.781852,-46.7260445,,,,1,2023-06-15T14:07:19+00:00
SAO_6000-10,São Paulo,3550308,True,,1140,,,-23.8073445,-46.736647000000005,,,,1,2023-06-15T14:12:00+00:00
SAO_6000-10,São Paulo,3550308,True,,1140,,,-23.717627,-46.699844,,,,1,2023-06-15T14:12:16+00:00
SAO_6000-10,São Paulo,3550308,True,,1140,,,-23.658727499999998,-46.70574,,,,1,2023-06-15T14:11:57+00:00
SAO_6000-10,São Paulo,3550308,True,,1140,,,-23.791151499999998,-46.727039500000004,,,,1,2023-06-15T14:11:41+00:00
SAO_6000-10,São Paulo,3550308,True,,1140,,,-23.8284425,-46.72717900000001,,,,1,2023-06-15T14:11:51+00:00
SAO_6000-10,São Paulo,3550308,True,,1140,,,-23.723726999999997,-46.69876025000001,,,,1,2023-06-15T14:11:54+00:00
SAO_6000-10,São Paulo,3550308,True,,1140,,,-23.7067933125,-46.713076125,,,,1,2023-06-15T14:11:22+00:00
SAO_352A-10,São Paulo,3550308,True,,164,,,-23.5823035,-46.49123075,,,,1,2023-06-15T14:11:44+00:00
SAO_352A-10,São Paulo,3550308,True,,164,,,-23.493809,-46.4436475,,,,1,2023-06-15T14:12:01+00:00
SAO_352A-10,São Paulo,3550308,True,,164,,,-23.5298835,-46.452235625,,,,1,2023-06-15T14:11:58+00:00
SAO_352A-10,São Paulo,3550308,True,,164,,,-23.60103025,-46.48385275,,,,1,2023-06-15T14:12:13+00:00
SAO_7011-10,São Paulo,3550308,True,,34720,,,-23.686505,-46.770951,,,,2,2023-06-15T14:12:04+00:00
SAO_7011-10,São Paulo,3550308,True,,34720,,,-23.7083255,-46.7920035,,,,2,2023-06-15T14:12:14+00:00
SAO_7011-10,São Paulo,3550308,True,,34720,,,-23.6933975,-46.78508275,,,,2,2023-06-15T14:12:04+00:00
SAO_7011-10,São Paulo,3550308,True,,34720,,,-23.7075705,-46.7917315,,,,2,2023-06-15T14:12:15+00:00
SAO_917H-10,São Paulo,3550308,True,,33224,,,-23.486492,-46.725708499999996,,,,2,2023-06-15T14:12:17+00:00
SAO_917H-10,São Paulo,3550308,True,,33224,,,-23.485809500000002,-46.7462855,,,,2,2023-06-15T14:11:37+00:00
SAO_917H-10,São Paulo,3550308,True,,33224,,,-23.4955145,-46.745809875,,,,2,2023-06-15T14:11:44+00:00
SAO_917H-10,São Paulo,3550308,True,,33224,,,-23.520153,-46.744449,,,,2,2023-06-15T14:12:04+00:00
SAO_917H-10,São Paulo,3550308,True,,33224,,,-23.537649000000002,-46.719566,,,,2,2023-06-15T14:12:13+00:00
SAO_917H-10,São Paulo,3550308,True,,33224,,,-23.547716,-46.686693500000004,,,,2,2023-06-15T14:11:59+00:00
SAO_917H-10,São Paulo,3550308,True,,33224,,,-23.5202285,-46.741461,,,,2,2023-06-15T14:11:42+00:00
SAO_917H-10,São Paulo,3550308,True,,33224,,,-23.48692225,-46.726247,,,,2,2023-06-15T14:11:56+00:00
SAO_917H-10,São Paulo,3550308,True,,33224,,,-23.53529425,-46.71350125,,,,2,2023-06-15T14:11:57+00:00
SAO_917H-10,São Paulo,3550308,True,,33224,,,-23.559697874999998,-46.65833550000001,,,,2,2023-06-15T14:12:12+00:00
SAO_917H-10,São Paulo,3550308,True,,33224,,,-23.553610749999997,-46.671769,,,,2,2023-06-15T14:12:06+00:00
SAO_917H-10,São Paulo,3550308,True,,33224,,,-23.4841385,-46.74288,,,,2,2023-06-15T14:11:47+00:00
SAO_917H-10,São Paulo,3550308,True,,33224,,,-23.5194305,-46.7532545,,,,2,2023-06-15T14:12:09+00:00
SAO_917H-10,São Paulo,3550308,True,,33224,,,-23.486826,-46.737035,,,,2,2023-06-15T14:11:56+00:00
SAO_917H-10,São Paulo,3550308,False,,33224,,,-23.589511,-46.6342965,,,,2,2023-06-15T14:11:59+00:00
SAO_6200-10,São Paulo,3550308,True,,33123,,,-23.577004000000002,-46.6724405,,,,2,2023-06-15T14:12:10+00:00
SAO_6200-10,São Paulo,3550308,True,,33123,,,-23.6543025,-46.712641000000005,,,,2,2023-06-15T14:12:13+00:00
SAO_6200-10,São Paulo,3550308,True,,33123,,,-23.580382,-46.6791105,,,,2,2023-06-15T14:11:55+00:00
SAO_6200-10,São Paulo,3550308,True,,33123,,,-23.642849500000004,-46.727133249999994,,,,2,2023-06-15T14:12:06+00:00
SAO_6200-10,São Paulo,3550308,True,,33123,,,-23.5876285,-46.6924275,,,,2,2023-06-15T14:12:21+00:00
SAO_6200-10,São Paulo,3550308,True,,33123,,,-23.64059675,-46.726294749999994,,,,2,2023-06-15T14:11:58+00:00
SAO_6200-10,São Paulo,3550308,True,,33123,,,-23.5509225,-46.64522875,,,,2,2023-06-15T14:12:04+00:00
SAO_6200-10,São Paulo,3550308,True,,33123,,,-23.5844675,-46.6877465,,,,2,2023-06-15T14:12:14+00:00
SAO_6200-10,São Paulo,3550308,True,,33123,,,-23.55969475,-46.654689,,,,2,2023-06-15T14:11:43+00:00
SAO_6200-10,São Paulo,3550308,True,,33123,,,-23.624500750000003,-46.711029749999994,,,,2,2023-06-15T14:12:12+00:00
SAO_6200-10,São Paulo,3550308,True,,33123,,,-23.604275375,-46.69879125,,,,2,2023-06-15T14:11:50+00:00
SAO_6200-10,São Paulo,3550308,True,,33123,,,-23.654344000000002,-46.713114000000004,,,,2,2023-06-15T14:12:11+00:00
SAO_6200-10,São Paulo,3550308,True,,33123,,,-23.643397750000002,-46.72724825,,,,2,2023-06-15T14:11:43+00:00
SAO_6200-10,São Paulo,3550308,True,,33123,,,-23.593198,-46.694798000000006,,,,2,2023-06-15T14:11:41+00:00
SAO_6200-10,São Paulo,3550308,True,,33123,,,-23.570480500000002,-46.6624725,,,,2,2023-06-15T14:12:21+00:00
SAO_6200-10,São Paulo,3550308,True,,33123,,,-23.549384500000002,-46.6394535,,,,2,2023-06-15T14:12:05+00:00
SAO_6200-10,São Paulo,3550308,True,,33123,,,-23.567678875000002,-46.659757,,,,2,2023-06-15T14:12:15+00:00
SAO_6200-10,São Paulo,3550308,True,,33123,,,-23.549384500000002,-46.6394535,,,,2,2023-06-15T14:11:46+00:00
SAO_2727-10,São Paulo,3550308,True,,942,,,-23.5216453125,-46.45799975,,,,1,2023-06-15T14:12:17+00:00
SAO_2727-10,São Paulo,3550308,True,,942,,,-23.5235395,-46.4615515,,,,1,2023-06-15T14:12:17+00:00
SAO_2727-10,São Paulo,3550308,True,,942,,,-23.5319995,-46.46682225000001,,,,1,2023-06-15T14:12:14+00:00
SAO_2727-10,São Paulo,3550308,True,,942,,,-23.540153,-46.483096,,,,1,2023-06-15T14:12:02+00:00
SAO_2727-10,São Paulo,3550308,True,,942,,,-23.540153,-46.483096,,,,1,2023-06-15T14:11:57+00:00
SAO_2727-10,São Paulo,3550308,True,,942,,,-23.540153,-46.483096,,,,1,2023-06-15T14:11:40+00:00
SAO_2727-10,São Paulo,3550308,True,,942,,,-23.540153,-46.483096,,,,1,2023-06-15T14:12:00+00:00
SAO_2727-10,São Paulo,3550308,True,,942,,,-23.540153,-46.483096,,,,1,2023-06-15T14:12:02+00:00
SAO_702U-10,São Paulo,3550308,True,,34098,,,-23.5477955,-46.629982999999996,,,,2,2023-06-15T14:12:01+00:00
SAO_702U-10,São Paulo,3550308,True,,34098,,,-23.5468745,-46.630641499999996,,,,2,2023-06-15T14:12:09+00:00
SAO_702U-10,São Paulo,3550308,True,,34098,,,-23.571419,-46.694848500000006,,,,2,2023-06-15T14:12:18+00:00
SAO_702U-10,São Paulo,3550308,True,,34098,,,-23.558412500000003,-46.731663999999995,,,,2,2023-06-15T14:11:43+00:00
SAO_702U-10,São Paulo,3550308,True,,34098,,,-23.553131125,-46.65982025,,,,2,2023-06-15T14:11:57+00:00
SAO_702U-10,São Paulo,3550308,True,,34098,,,-23.54056,-46.629369499999996,,,,2,2023-06-15T14:11:38+00:00
SAO_702U-10,São Paulo,3550308,True,,34098,,,-23.565973999999997,-46.710753499999996,,,,2,2023-06-15T14:12:05+00:00
SAO_5128-10,São Paulo,3550308,True,,1128,,,-23.68736075,-46.63911025,,,,1,2023-06-15T14:11:07+00:00
SAO_5128-10,São Paulo,3550308,True,,1128,,,-23.676444,-46.6418475,,,,1,2023-06-15T14:12:12+00:00
SAO_5128-10,São Paulo,3550308,True,,1128,,,-23.663491,-46.649642,,,,1,2023-06-15T14:11:53+00:00
SAO_5128-10,São Paulo,3550308,True,,1128,,,-23.6314365,-46.6415645,,,,1,2023-06-15T14:12:03+00:00
SAO_5128-10,São Paulo,3550308,True,,1128,,,-23.663238,-46.6492685,,,,1,2023-06-15T14:11:39+00:00
SAO_5128-10,São Paulo,3550308,True,,1128,,,-23.642165499999997,-46.6413455,,,,1,2023-06-15T14:11:54+00:00
SAO_5128-10,São Paulo,3550308,True,,1128,,,-23.690873625000002,-46.6438615,,,,1,2023-06-15T14:11:50+00:00
SAO_5128-10,São Paulo,3550308,True,,1128,,,-23.7053175,-46.643203,,,,1,2023-06-15T14:11:38+00:00
SAO_576M-10,São Paulo,3550308,True,,33372,,,-23.58926625,-46.68188325,,,,2,2023-06-15T14:12:14+00:00
SAO_576M-10,São Paulo,3550308,True,,33372,,,-23.5642875,-46.69273200000001,,,,2,2023-06-15T14:11:41+00:00
SAO_576M-10,São Paulo,3550308,True,,33372,,,-23.590741375,-46.6814529375,,,,2,2023-06-15T14:11:38+00:00
SAO_576M-10,São Paulo,3550308,True,,33372,,,-23.637032625000003,-46.651756000000006,,,,2,2023-06-15T14:12:07+00:00
SAO_576M-10,São Paulo,3550308,True,,33372,,,-23.6291045,-46.666058,,,,2,2023-06-15T14:11:52+00:00
SAO_576M-10,São Paulo,3550308,True,,33372,,,-23.6778645,-46.6408745,,,,2,2023-06-15T14:11:40+00:00
SAO_875H-10,São Paulo,3550308,True,,34108,,,-23.552127999999996,-46.675418875,,,,2,2023-06-15T14:12:04+00:00
SAO_875H-10,São Paulo,3550308,True,,34108,,,-23.519759,-46.700522500000005,,,,2,2023-06-15T14:12:07+00:00
SAO_875H-10,São Paulo,3550308,True,,34108,,,-23.520992749999998,-46.699836,,,,2,2023-06-15T14:11:55+00:00
SAO_875H-10,São Paulo,3550308,True,,34108,,,-23.522759875000002,-46.6924104375,,,,2,2023-06-15T14:11:56+00:00
SAO_875H-10,São Paulo,3550308,True,,34108,,,-23.586046875,-46.635233,,,,2,2023-06-15T14:11:37+00:00
SAO_875H-10,São Paulo,3550308,True,,34108,,,-23.522530000000003,-46.69561375000001,,,,2,2023-06-15T14:12:17+00:00
SAO_875H-10,São Paulo,3550308,True,,34108,,,-23.5708805,-46.644690375,,,,2,2023-06-15T14:12:08+00:00
SAO_875H-10,São Paulo,3550308,True,,34108,,,-23.5895,-46.6341695,,,,2,2023-06-15T14:11:49+00:00
SAO_5110-10,São Paulo,3550308,True,,34977,,,-23.577758875,-46.600583375,,,,2,2023-06-15T14:11:39+00:00
SAO_5110-10,São Paulo,3550308,True,,34977,,,-23.58277975,-46.566089625000004,,,,2,2023-06-15T14:12:06+00:00
SAO_5110-10,São Paulo,3550308,True,,34977,,,-23.5585835,-46.615415,,,,2,2023-06-15T14:12:13+00:00
SAO_5110-10,São Paulo,3550308,True,,34977,,,-23.549543,-46.627498,,,,2,2023-06-15T14:12:06+00:00
SAO_5110-10,São Paulo,3550308,True,,34977,,,-23.6141145,-46.476496999999995,,,,2,2023-06-15T14:12:19+00:00
SAO_5110-10,São Paulo,3550308,True,,34977,,,-23.6117525,-46.483436999999995,,,,2,2023-06-15T14:12:11+00:00
SAO_5110-10,São Paulo,3550308,True,,34977,,,-23.547036,-46.628932,,,,2,2023-06-15T14:11:43+00:00
SAO_5110-10,São Paulo,3550308,True,,34977,,,-23.604448499999997,-46.510915499999996,,,,2,2023-06-15T14:11:52+00:00
SAO_5110-10,São Paulo,3550308,True,,34977,,,-23.584759,-46.5836355,,,,2,2023-06-15T14:12:16+00:00
SAO_5110-10,São Paulo,3550308,True,,34977,,,-23.6141145,-46.476496999999995,,,,2,2023-06-15T14:12:20+00:00
SAO_5110-10,São Paulo,3550308,True,,34977,,,-23.606329000000002,-46.507915,,,,2,2023-06-15T14:11:43+00:00
SAO_5110-10,São Paulo,3550308,True,,34977,,,-23.5849575,-46.5830825,,,,2,2023-06-15T14:12:03+00:00
SAO_5110-10,São Paulo,3550308,True,,34977,,,-23.593984749999997,-46.539302375000005,,,,2,2023-06-15T14:11:49+00:00
SAO_5110-10,São Paulo,3550308,True,,34977,,,-23.606329000000002,-46.507915,,,,2,2023-06-15T14:10:11+00:00
SAO_5110-10,São Paulo,3550308,True,,34977,,,-23.6129955,-46.4895395,,,,2,2023-06-15T14:11:50+00:00
SAO_5110-10,São Paulo,3550308,True,,34977,,,-23.6022835,-46.523101499999996,,,,2,2023-06-15T14:12:20+00:00
SAO_5110-10,São Paulo,3550308,True,,34977,,,-23.568081999999997,-46.6090905,,,,2,2023-06-15T14:11:17+00:00
SAO_5110-10,São Paulo,3550308,True,,34977,,,-23.6141145,-46.476496999999995,,,,2,2023-06-15T14:11:46+00:00
SAO_273J-10,São Paulo,3550308,True,STT,389,https://moovitapp.com/index/pt-br/transporte_p%C3%BAblico-line-389-Sao_Paulo-242-850661-183299-0,5.3,-23.531426500000002,-46.5348055,,,,1,2023-06-15T14:12:20+00:00
SAO_273J-10,São Paulo,3550308,True,STT,389,https://moovitapp.com/index/pt-br/transporte_p%C3%BAblico-line-389-Sao_Paulo-242-850661-183299-0,5.3,-23.51854,-46.5069155,,,,1,2023-06-15T14:12:13+00:00
SAO_273J-10,São Paulo,3550308,True,STT,389,https://moovitapp.com/index/pt-br/transporte_p%C3%BAblico-line-389-Sao_Paulo-242-850661-183299-0,5.3,-23.533114,-46.5432805,,,,1,2023-06-15T14:12:01+00:00
SAO_273J-10,São Paulo,3550308,True,STT,389,https://moovitapp.com/index/pt-br/transporte_p%C3%BAblico-line-389-Sao_Paulo-242-850661-183299-0,5.3,-23.492140624999998,-46.444689125,,,,1,2023-06-15T14:11:59+00:00
SAO_273J-10,São Paulo,3550308,True,STT,389,https://moovitapp.com/index/pt-br/transporte_p%C3%BAblico-line-389-Sao_Paulo-242-850661-183299-0,5.3,-23.531025125,-46.5456615,,,,1,2023-06-15T14:11:57+00:00
SAO_273J-10,São Paulo,3550308,True,STT,389,https://moovitapp.com/index/pt-br/transporte_p%C3%BAblico-line-389-Sao_Paulo-242-850661-183299-0,5.3,-23.50483875,-46.456533,,,,1,2023-06-15T14:12:06+00:00
SAO_273J-10,São Paulo,3550308,True,STT,389,https://moovitapp.com/index/pt-br/transporte_p%C3%BAblico-line-389-Sao_Paulo-242-850661-183299-0,5.3,-23.5178905,-46.469077,,,,1,2023-06-15T14:12:02+00:00
SAO_514T-10,São Paulo,3550308,True,,1671,,,-23.592149,-46.519557,,,,1,2023-06-15T14:12:03+00:00
SAO_514T-10,São Paulo,3550308,True,,1671,,,-23.5810335,-46.556331,,,,1,2023-06-15T14:11:47+00:00
SAO_514T-10,São Paulo,3550308,True,,1671,,,-23.582998250000003,-46.570857000000004,,,,1,2023-06-15T14:12:03+00:00
SAO_514T-10,São Paulo,3550308,True,,1671,,,-23.5970655,-46.507269,,,,1,2023-06-15T14:12:19+00:00
SAO_514T-10,São Paulo,3550308,True,,1671,,,-23.58525975,-46.5894495,,,,1,2023-06-15T14:11:52+00:00
SAO_514T-10,São Paulo,3550308,True,,1671,,,-23.586758500000002,-46.544669,,,,1,2023-06-15T14:11:49+00:00
SAO_514T-10,São Paulo,3550308,True,,1671,,,-23.582743999999998,-46.565706000000006,,,,1,2023-06-15T14:11:38+00:00
SAO_514T-10,São Paulo,3550308,True,,1671,,,-23.5970655,-46.507269,,,,1,2023-06-15T14:12:14+00:00
SAO_514T-10,São Paulo,3550308,True,,1671,,,-23.589661999999997,-46.52012,,,,1,2023-06-15T14:12:18+00:00
SAO_514T-10,São Paulo,3550308,True,,1671,,,-23.586249125,-46.535887,,,,1,2023-06-15T14:12:09+00:00
SAO_514T-10,São Paulo,3550308,True,,1671,,,-23.582652875,-46.602130499999994,,,,1,2023-06-15T14:12:09+00:00
SAO_2703-10,São Paulo,3550308,True,,33683,,,-23.534283,-46.4528295,,,,2,2023-06-15T14:11:42+00:00
SAO_2703-10,São Paulo,3550308,True,,33683,,,-23.5249925,-46.419036,,,,2,2023-06-15T14:11:32+00:00
SAO_2703-10,São Paulo,3550308,True,,33683,,,-23.5292955,-46.419906,,,,2,2023-06-15T14:12:15+00:00
SAO_2703-10,São Paulo,3550308,True,,33683,,,-23.5242055,-46.430609000000004,,,,2,2023-06-15T14:11:49+00:00
SAO_2703-10,São Paulo,3550308,True,,33683,,,-23.530412,-46.448035250000004,,,,2,2023-06-15T14:11:55+00:00
SAO_2703-10,São Paulo,3550308,True,,33683,,,-23.529075,-46.42023275,,,,2,2023-06-15T14:11:35+00:00
SAO_2703-10,São Paulo,3550308,True,,33683,,,-23.5409535,-46.4725265,,,,2,2023-06-15T14:12:04+00:00
SAO_5032-10,São Paulo,3550308,True,,34430,,,-23.6301125,-46.586477,,,,2,2023-06-15T14:12:05+00:00
SAO_5032-10,São Paulo,3550308,True,,34430,,,-23.6082615,-46.595941999999994,,,,2,2023-06-15T14:12:21+00:00
SAO_5032-10,São Paulo,3550308,True,,34430,,,-23.6026785,-46.585682,,,,2,2023-06-15T14:12:17+00:00
SAO_5032-10,São Paulo,3550308,True,,34430,,,-23.605207,-46.594905,,,,2,2023-06-15T14:12:00+00:00
SAO_5032-10,São Paulo,3550308,True,,34430,,,-23.5989925,-46.60508725,,,,2,2023-06-15T14:12:00+00:00
SAO_5032-10,São Paulo,3550308,True,,34430,,,-23.62972925,-46.58738675,,,,2,2023-06-15T14:12:12+00:00
SAO_5032-10,São Paulo,3550308,True,,34430,,,-23.5989325,-46.5991605,,,,2,2023-06-15T14:12:07+00:00
SAO_5032-10,São Paulo,3550308,True,,34430,,,-23.623826,-46.591074000000006,,,,2,2023-06-15T14:11:41+00:00
SAO_1744-10,São Paulo,3550308,True,,33312,,,-23.47214175,-46.642127375,,,,2,2023-06-15T14:11:47+00:00
SAO_1744-10,São Paulo,3550308,True,,33312,,,-23.4791965,-46.637868999999995,,,,2,2023-06-15T14:12:11+00:00
SAO_1744-10,São Paulo,3550308,True,,33312,,,-23.5026995,-46.624219,,,,2,2023-06-15T14:12:20+00:00
SAO_1744-10,São Paulo,3550308,True,,33312,,,-23.4988015,-46.6265425,,,,2,2023-06-15T14:11:59+00:00
SAO_1744-10,São Paulo,3550308,True,,33312,,,-23.4770665,-46.6429635,,,,2,2023-06-15T14:11:55+00:00
SAO_2032-10,São Paulo,3550308,True,,35034,,,-23.50625275,-46.6232095,,,,2,2023-06-15T14:11:55+00:00
SAO_2032-10,São Paulo,3550308,True,,35034,,,-23.498711,-46.60600325,,,,2,2023-06-15T14:11:56+00:00
SAO_2032-10,São Paulo,3550308,True,,35034,,,-23.4966865,-46.5983085,,,,2,2023-06-15T14:11:39+00:00
SAO_172K-10,São Paulo,3550308,True,,33625,,,-23.456735000000002,-46.594934499999994,,,,2,2023-06-15T14:11:55+00:00
SAO_172K-10,São Paulo,3550308,True,,33625,,,-23.456100499999998,-46.59466,,,,2,2023-06-15T14:12:18+00:00
SAO_172K-10,São Paulo,3550308,True,,33625,,,-23.53953225,-46.582929500000006,,,,2,2023-06-15T14:11:46+00:00
SAO_172K-10,São Paulo,3550308,True,,33625,,,-23.517978874999997,-46.589335,,,,2,2023-06-15T14:11:39+00:00
SAO_172K-10,São Paulo,3550308,True,,33625,,,-23.478193625,-46.609395875,,,,2,2023-06-15T14:11:45+00:00
SAO_172K-10,São Paulo,3550308,True,,33625,,,-23.480157500000004,-46.590121749999994,,,,2,2023-06-15T14:12:12+00:00
SAO_172K-10,São Paulo,3550308,True,,33625,,,-23.4789755,-46.5991595,,,,2,2023-06-15T14:12:13+00:00
SAO_172K-10,São Paulo,3550308,True,,33625,,,-23.456100499999998,-46.59466,,,,2,2023-06-15T14:12:16+00:00
SAO_172K-10,São Paulo,3550308,True,,33625,,,-23.4569125,-46.600543,,,,2,2023-06-15T14:12:04+00:00
SAO_4002-10,São Paulo,3550308,True,,34945,,,-23.5655854375,-46.5124696875,,,,2,2023-06-15T14:12:01+00:00
SAO_4002-10,São Paulo,3550308,True,,34945,,,-23.54375225,-46.411161500000006,,,,2,2023-06-15T14:12:01+00:00
SAO_4002-10,São Paulo,3550308,True,,34945,,,-23.542628999999998,-46.4586815,,,,2,2023-06-15T14:12:08+00:00
SAO_4002-10,São Paulo,3550308,True,,34945,,,-23.581090500000002,-46.48929,,,,2,2023-06-15T14:11:50+00:00
SAO_4002-10,São Paulo,3550308,True,,34945,,,-23.5592215,-46.465883000000005,,,,2,2023-06-15T14:12:18+00:00
SAO_746R-10,São Paulo,3550308,True,,33558,,,-23.612257749999998,-46.70313425,,,,2,2023-06-15T14:12:12+00:00
SAO_746R-10,São Paulo,3550308,True,,33558,,,-23.655109625,-46.71958225,,,,2,2023-06-15T14:12:17+00:00
SAO_746R-10,São Paulo,3550308,True,,33558,,,-23.65529875,-46.71788825,,,,2,2023-06-15T14:12:06+00:00
SAO_746R-10,São Paulo,3550308,True,,33558,,,-23.618168,-46.69605125,,,,2,2023-06-15T14:11:45+00:00
SAO_746R-10,São Paulo,3550308,True,,33558,,,-23.644361,-46.72532150000001,,,,2,2023-06-15T14:11:46+00:00
SAO_746R-10,São Paulo,3550308,True,,33558,,,-23.654880499999997,-46.716874000000004,,,,2,2023-06-15T14:11:52+00:00
SAO_746R-10,São Paulo,3550308,True,,33558,,,-23.614568249999998,-46.704477749999995,,,,2,2023-06-15T14:11:38+00:00
SAO_746R-10,São Paulo,3550308,True,,33558,,,-23.61644,-46.70556,,,,2,2023-06-15T14:11:57+00:00
SAO_746R-10,São Paulo,3550308,True,,33558,,,-23.6103635,-46.705631499999996,,,,2,2023-06-15T14:12:15+00:00
SAO_746R-10,São Paulo,3550308,True,,33558,,,-23.61644,-46.70556,,,,2,2023-06-15T14:11:49+00:00
SAO_6041-10,São Paulo,3550308,True,,33986,,,-23.67105,-46.772944499999994,,,,2,2023-06-15T14:11:43+00:00
SAO_6041-10,São Paulo,3550308,True,,33986,,,-23.642567749999998,-46.74148325,,,,2,2023-06-15T14:12:21+00:00
SAO_6041-10,São Paulo,3550308,True,,33986,,,-23.648122,-46.748729499999996,,,,2,2023-06-15T14:11:55+00:00
SAO_778R-10,São Paulo,3550308,True,,33277,,,-23.535358125,-46.65053425000001,,,,2,2023-06-15T14:12:21+00:00
SAO_778R-10,São Paulo,3550308,True,,33277,,,-23.544945249999998,-46.644591000000005,,,,2,2023-06-15T14:11:55+00:00
SAO_778R-10,São Paulo,3550308,True,,33277,,,-23.571253249999998,-46.693721749999995,,,,2,2023-06-15T14:12:21+00:00
SAO_778R-10,São Paulo,3550308,True,,33277,,,-23.589108,-46.796997000000005,,,,2,2023-06-15T14:12:12+00:00
SAO_778R-10,São Paulo,3550308,True,,33277,,,-23.551489500000002,-46.657047,,,,2,2023-06-15T14:12:08+00:00
SAO_778R-10,São Paulo,3550308,True,,33277,,,-23.584875249999996,-46.745414249999996,,,,2,2023-06-15T14:12:20+00:00
SAO_6812-10,São Paulo,3550308,True,,1242,,,-23.676341999999998,-46.749753999999996,,,,1,2023-06-15T14:12:18+00:00
SAO_6812-10,São Paulo,3550308,True,,1242,,,-23.728308249999998,-46.786851,,,,1,2023-06-15T14:11:43+00:00
SAO_6812-10,São Paulo,3550308,True,,1242,,,-23.686014,-46.770376,,,,1,2023-06-15T14:12:19+00:00
SAO_6812-10,São Paulo,3550308,True,,1242,,,-23.6699925,-46.737403,,,,1,2023-06-15T14:11:42+00:00
SAO_6812-10,São Paulo,3550308,True,,1242,,,-23.6672905,-46.727228,,,,1,2023-06-15T14:11:46+00:00
SAO_6812-10,São Paulo,3550308,True,,1242,,,-23.6520285,-46.700932,,,,1,2023-06-15T14:12:11+00:00
SAO_390E-10,São Paulo,3550308,True,,34650,,,-23.5280895,-46.554803,,,,2,2023-06-15T14:11:50+00:00
SAO_390E-10,São Paulo,3550308,True,,34650,,,-23.535464,-46.574429,,,,2,2023-06-15T14:11:38+00:00
SAO_390E-10,São Paulo,3550308,True,,34650,,,-23.539449750000003,-46.60931325,,,,2,2023-06-15T14:12:09+00:00
SAO_7022-10,São Paulo,3550308,True,,2084,,,-23.664483500000003,-46.70907425,,,,1,2023-06-15T14:08:48+00:00
SAO_7022-10,São Paulo,3550308,True,,2084,,,-23.653904,-46.7108765,,,,1,2023-06-15T14:11:47+00:00
SAO_7022-10,São Paulo,3550308,True,,2084,,,-23.676291499999998,-46.75824,,,,1,2023-06-15T14:11:47+00:00
SAO_7022-10,São Paulo,3550308,True,,2084,,,-23.6677875,-46.730561,,,,1,2023-06-15T14:12:06+00:00
SAO_179X-10,São Paulo,3550308,True,STT,680,https://moovitapp.com/index/pt-br/transporte_p%C3%BAblico-line-680-Sao_Paulo-242-850661-183334-0,5.3,-23.512245,-46.62514875,,,,1,2023-06-15T14:12:20+00:00
SAO_179X-10,São Paulo,3550308,True,STT,680,https://moovitapp.com/index/pt-br/transporte_p%C3%BAblico-line-680-Sao_Paulo-242-850661-183334-0,5.3,-23.44281925,-46.5898795,,,,1,2023-06-15T14:12:20+00:00
SAO_179X-10,São Paulo,3550308,True,STT,680,https://moovitapp.com/index/pt-br/transporte_p%C3%BAblico-line-680-Sao_Paulo-242-850661-183334-0,5.3,-23.52573675,-46.653501999999996,,,,1,2023-06-15T14:12:17+00:00
SAO_179X-10,São Paulo,3550308,True,STT,680,https://moovitapp.com/index/pt-br/transporte_p%C3%BAblico-line-680-Sao_Paulo-242-850661-183334-0,5.3,-23.505087375000002,-46.624955875,,,,1,2023-06-15T14:12:10+00:00
SAO_179X-10,São Paulo,3550308,True,STT,680,https://moovitapp.com/index/pt-br/transporte_p%C3%BAblico-line-680-Sao_Paulo-242-850661-183334-0,5.3,-23.5264125,-46.667292,,,,1,2023-06-15T14:12:19+00:00
SAO_179X-10,São Paulo,3550308,True,STT,680,https://moovitapp.com/index/pt-br/transporte_p%C3%BAblico-line-680-Sao_Paulo-242-850661-183334-0,5.3,-23.52800625,-46.636747625,,,,1,2023-06-15T14:11:40+00:00
SAO_179X-10,São Paulo,3550308,True,STT,680,https://moovitapp.com/index/pt-br/transporte_p%C3%BAblico-line-680-Sao_Paulo-242-850661-183334-0,5.3,-23.4822415,-46.601486,,,,1,2023-06-15T14:11:59+00:00
SAO_179X-10,São Paulo,3550308,True,STT,680,https://moovitapp.com/index/pt-br/transporte_p%C3%BAblico-line-680-Sao_Paulo-242-850661-183334-0,5.3,-23.4725195,-46.58820025,,,,1,2023-06-15T14:12:22+00:00
SAO_179X-10,São Paulo,3550308,True,STT,680,https://moovitapp.com/index/pt-br/transporte_p%C3%BAblico-line-680-Sao_Paulo-242-850661-183334-0,5.3,-23.432215,-46.571414000000004,,,,1,2023-06-15T14:11:51+00:00
SAO_179X-10,São Paulo,3550308,True,STT,680,https://moovitapp.com/index/pt-br/transporte_p%C3%BAblico-line-680-Sao_Paulo-242-850661-183334-0,5.3,-23.432215,-46.571414000000004,,,,1,2023-06-15T14:12:21+00:00
SAO_179X-10,São Paulo,3550308,True,STT,680,https://moovitapp.com/index/pt-br/transporte_p%C3%BAblico-line-680-Sao_Paulo-242-850661-183334-0,5.3,-23.5280495,-46.633629625,,,,1,2023-06-15T14:12:11+00:00
SAO_179X-10,São Paulo,3550308,True,STT,680,https://moovitapp.com/index/pt-br/transporte_p%C3%BAblico-line-680-Sao_Paulo-242-850661-183334-0,5.3,-23.525721250000004,-46.647568500000006,,,,1,2023-06-15T14:12:00+00:00
SAO_2722-31,São Paulo,3550308,True,,33704,,,-23.487179249999997,-46.487089999999995,,,,2,2023-06-15T14:11:55+00:00
SAO_2722-31,São Paulo,3550308,True,,33704,,,-23.51191325,-46.50169675,,,,2,2023-06-15T14:12:12+00:00
SAO_2722-31,São Paulo,3550308,True,,33704,,,-23.52835225,-46.5179975,,,,2,2023-06-15T14:12:11+00:00
SAO_2722-31,São Paulo,3550308,True,,33704,,,-23.49184575,-46.49033475,,,,2,2023-06-15T14:11:55+00:00
SAO_177Y-10,São Paulo,3550308,True,,33635,,,-23.561224875,-46.683620125000004,,,,2,2023-06-15T14:12:17+00:00
SAO_177Y-10,São Paulo,3550308,True,,33635,,,-23.5258435,-46.6698235,,,,2,2023-06-15T14:12:06+00:00
SAO_177Y-10,São Paulo,3550308,True,,33635,,,-23.567515,-46.69430799999999,,,,2,2023-06-15T14:12:14+00:00
SAO_177Y-10,São Paulo,3550308,True,,33635,,,-23.5269075,-46.66671425,,,,2,2023-06-15T14:11:45+00:00
SAO_177Y-10,São Paulo,3550308,True,,33635,,,-23.5422015,-46.676264,,,,2,2023-06-15T14:12:13+00:00
SAO_3053-10,São Paulo,3550308,True,,973,,,-23.5661335,-46.5566805,,,,1,2023-06-15T14:11:57+00:00
SAO_3053-10,São Paulo,3550308,True,,973,,,-23.577629249999998,-46.539895625,,,,1,2023-06-15T14:12:04+00:00
SAO_3053-10,São Paulo,3550308,True,,973,,,-23.5661335,-46.5566805,,,,1,2023-06-15T14:12:12+00:00
SAO_3053-10,São Paulo,3550308,True,,973,,,-23.591665,-46.499761,,,,1,2023-06-15T14:12:10+00:00
SAO_3053-10,São Paulo,3550308,True,,973,,,-23.584467625,-46.527975,,,,1,2023-06-15T14:11:49+00:00
SAO_3053-10,São Paulo,3550308,True,,973,,,-23.5870535,-46.5154945,,,,1,2023-06-15T14:12:06+00:00
SAO_3053-10,São Paulo,3550308,True,,973,,,-23.586439499999997,-46.51765825,,,,1,2023-06-15T14:12:17+00:00
SAO_3053-10,São Paulo,3550308,True,,973,,,-23.54376975,-46.5866635,,,,1,2023-06-15T14:12:06+00:00
SAO_3053-10,São Paulo,3550308,True,,973,,,-23.584799,-46.522501,,,,1,2023-06-15T14:11:40+00:00
SAO_3053-10,São Paulo,3550308,True,,973,,,-23.585147999999997,-46.494602,,,,1,2023-06-15T14:12:20+00:00
SAO_3053-10,São Paulo,3550308,True,,973,,,-23.5432585,-46.5870915,,,,1,2023-06-15T14:12:19+00:00
SAO_3053-10,São Paulo,3550308,True,,973,,,-23.560829625,-46.564817999999995,,,,1,2023-06-15T14:09:19+00:00
SAO_4314-10,São Paulo,3550308,True,,2174,,,-23.540538062500005,-46.575531187500005,,,,1,2023-06-15T14:12:08+00:00
SAO_4314-10,São Paulo,3550308,True,,2174,,,-23.55943475,-46.420893750000005,,,,1,2023-06-15T14:12:00+00:00
SAO_4314-10,São Paulo,3550308,True,,2174,,,-23.5560635,-46.47808325,,,,1,2023-06-15T14:12:12+00:00
SAO_4314-10,São Paulo,3550308,True,,2174,,,-23.54645675,-46.629903999999996,,,,1,2023-06-15T14:12:15+00:00
SAO_4314-10,São Paulo,3550308,True,,2174,,,-23.5523915,-46.610965,,,,1,2023-06-15T14:12:16+00:00
SAO_4314-10,São Paulo,3550308,True,,2174,,,-23.549781000000003,-46.5010275,,,,1,2023-06-15T14:11:59+00:00
SAO_4314-10,São Paulo,3550308,True,,2174,,,-23.55284375,-46.44499625,,,,1,2023-06-15T14:09:12+00:00
SAO_4314-10,São Paulo,3550308,True,,2174,,,-23.53903075,-46.543662999999995,,,,1,2023-06-15T14:12:13+00:00
SAO_6071-10,São Paulo,3550308,True,,1156,,,-23.7221975,-46.688697250000004,,,,1,2023-06-15T14:12:19+00:00
SAO_6071-10,São Paulo,3550308,True,,1156,,,-23.676493999999998,-46.698192500000005,,,,1,2023-06-15T14:11:53+00:00
SAO_6071-10,São Paulo,3550308,True,,1156,,,-23.707739500000002,-46.688419499999995,,,,1,2023-06-15T14:12:20+00:00
SAO_6071-10,São Paulo,3550308,True,,1156,,,-23.7001345,-46.691835999999995,,,,1,2023-06-15T14:12:09+00:00
SAO_6071-10,São Paulo,3550308,True,,1156,,,-23.683300000000003,-46.692797999999996,,,,1,2023-06-15T14:12:17+00:00
SAO_2522-10,São Paulo,3550308,True,,32908,,,-23.516506,-46.426846749999996,,,,2,2023-06-15T14:12:07+00:00
SAO_2522-10,São Paulo,3550308,True,,32908,,,-23.53455425,-46.45399675,,,,2,2023-06-15T14:12:02+00:00
SAO_8010-10,São Paulo,3550308,True,,33566,,,-23.409693,-46.7505525,,,,2,2023-06-15T14:11:38+00:00
SAO_8010-10,São Paulo,3550308,True,,33566,,,-23.4114915,-46.74796,,,,2,2023-06-15T14:12:17+00:00
SAO_8010-10,São Paulo,3550308,True,,33566,,,-23.457099,-46.7194605,,,,2,2023-06-15T14:12:14+00:00
SAO_8010-10,São Paulo,3550308,True,,33566,,,-23.516411374999997,-46.70406500000001,,,,2,2023-06-15T14:11:41+00:00
SAO_8010-10,São Paulo,3550308,True,,33566,,,-23.4188695,-46.748881499999996,,,,2,2023-06-15T14:11:36+00:00
SAO_8010-10,São Paulo,3550308,True,,33566,,,-23.4049875,-46.7463525,,,,2,2023-06-15T14:11:44+00:00
SAO_8010-10,São Paulo,3550308,True,,33566,,,-23.4593245,-46.719275499999995,,,,2,2023-06-15T14:11:38+00:00
SAO_507T-10,São Paulo,3550308,True,,34976,,,-23.597476999999998,-46.50051325,,,,2,2023-06-15T14:07:52+00:00
SAO_507T-10,São Paulo,3550308,True,,34976,,,-23.5958625,-46.5025455,,,,2,2023-06-15T14:12:16+00:00
SAO_507T-10,São Paulo,3550308,True,,34976,,,-23.5750215,-46.514298124999996,,,,2,2023-06-15T14:12:17+00:00
SAO_507T-10,São Paulo,3550308,True,,34976,,,-23.537139,-46.55703,,,,2,2023-06-15T14:12:05+00:00
SAO_507T-10,São Paulo,3550308,True,,34976,,,-23.53776975,-46.5616865,,,,2,2023-06-15T14:11:44+00:00
SAO_507T-10,São Paulo,3550308,True,,34976,,,-23.543461999999998,-46.546627,,,,2,2023-06-15T14:12:12+00:00
SAO_507T-10,São Paulo,3550308,True,,34976,,,-23.6139655,-46.5015435,,,,2,2023-06-15T14:11:38+00:00
SAO_507T-10,São Paulo,3550308,True,,34976,,,-23.557849,-46.522975,,,,2,2023-06-15T14:11:53+00:00
SAO_507T-10,São Paulo,3550308,True,,34976,,,-23.6139405,-46.501206499999995,,,,2,2023-06-15T14:11:44+00:00
SAO_507T-10,São Paulo,3550308,True,,34976,,,-23.5854285,-46.5195045,,,,2,2023-06-15T14:12:10+00:00
SAO_2723-10,São Paulo,3550308,True,,33705,,,-23.4945855,-46.443143,,,,2,2023-06-15T14:12:13+00:00
SAO_2723-10,São Paulo,3550308,True,,33705,,,-23.528056499999998,-46.44623,,,,2,2023-06-15T14:12:21+00:00
SAO_2723-10,São Paulo,3550308,True,,33705,,,-23.494294,-46.4433315,,,,2,2023-06-15T14:12:10+00:00
SAO_2723-10,São Paulo,3550308,True,,33705,,,-23.4836465,-46.466327500000006,,,,2,2023-06-15T14:07:40+00:00
SAO_2723-10,São Paulo,3550308,True,,33705,,,-23.50463,-46.442929,,,,2,2023-06-15T14:12:02+00:00
SAO_2723-10,São Paulo,3550308,True,,33705,,,-23.5401165,-46.460646,,,,2,2023-06-15T14:11:39+00:00
SAO_2721-10,São Paulo,3550308,True,,934,,,-23.4943285,-46.42319,,,,1,2023-06-15T14:12:18+00:00
SAO_2721-10,São Paulo,3550308,True,,934,,,-23.4942435,-46.4390015,,,,1,2023-06-15T14:12:16+00:00
SAO_2721-10,São Paulo,3550308,True,,934,,,-23.5347915,-46.4544115,,,,1,2023-06-15T14:12:19+00:00
SAO_2721-10,São Paulo,3550308,True,,934,,,-23.5397395,-46.462922500000005,,,,1,2023-06-15T14:12:12+00:00
SAO_2721-10,São Paulo,3550308,True,,934,,,-23.500211,-46.4112635,,,,1,2023-06-15T14:11:39+00:00
SAO_2721-10,São Paulo,3550308,True,,934,,,-23.5397975,-46.4618125,,,,1,2023-06-15T14:11:54+00:00
SAO_2721-10,São Paulo,3550308,True,,934,,,-23.5172415,-46.443777499999996,,,,1,2023-06-15T14:12:01+00:00
SAO_2721-10,São Paulo,3550308,True,,934,,,-23.530869875,-46.452939,,,,1,2023-06-15T14:11:44+00:00
SAO_2721-10,São Paulo,3550308,True,,934,,,-23.512635500000002,-46.402305,,,,1,2023-06-15T14:11:52+00:00
SAO_2721-10,São Paulo,3550308,True,,934,,,-23.5165115,-46.443685,,,,1,2023-06-15T14:12:06+00:00
SAO_2721-10,São Paulo,3550308,True,,934,,,-23.5193225,-46.409525,,,,1,2023-06-15T14:12:17+00:00
SAO_351F-10,São Paulo,3550308,True,,687,,,-23.467508375,-46.584131875,,,,1,2023-06-15T14:10:53+00:00
SAO_351F-10,São Paulo,3550308,True,,687,,,-23.5484025,-46.5639475,,,,1,2023-06-15T14:12:14+00:00
SAO_351F-10,São Paulo,3550308,True,,687,,,-23.491342250000002,-46.574462,,,,1,2023-06-15T14:12:15+00:00
SAO_351F-10,São Paulo,3550308,True,,687,,,-23.548686500000002,-46.586923625000004,,,,1,2023-06-15T14:12:17+00:00
SAO_351F-10,São Paulo,3550308,True,,687,,,-23.524987,-46.594998000000004,,,,1,2023-06-15T14:11:53+00:00
SAO_351F-10,São Paulo,3550308,True,,687,,,-23.571335499999996,-46.52580675,,,,1,2023-06-15T14:11:37+00:00
SAO_351F-10,São Paulo,3550308,True,,687,,,-23.5586515,-46.553091,,,,1,2023-06-15T14:12:06+00:00
SAO_7411-10,São Paulo,3550308,True,,34144,,,-23.569049500000002,-46.6871225,,,,2,2023-06-15T14:12:20+00:00
SAO_7411-10,São Paulo,3550308,True,,34144,,,-23.556371,-46.733951000000005,,,,2,2023-06-15T14:11:55+00:00
SAO_7411-10,São Paulo,3550308,True,,34144,,,-23.5477955,-46.633230499999996,,,,2,2023-06-15T14:12:15+00:00
SAO_6021-10,São Paulo,3550308,True,EMTU,177,https://moovitapp.com/index/pt-br/transporte_p%C3%BAblico-line-177-Sao_Paulo-242-2038937-36419313-0,5.2,-23.7949015,-46.742418,,,,1,2023-06-15T14:11:56+00:00
SAO_6021-10,São Paulo,3550308,True,EMTU,177,https://moovitapp.com/index/pt-br/transporte_p%C3%BAblico-line-177-Sao_Paulo-242-2038937-36419313-0,5.2,-23.766574,-46.716055499999996,,,,1,2023-06-15T14:11:51+00:00
SAO_6021-10,São Paulo,3550308,True,EMTU,177,https://moovitapp.com/index/pt-br/transporte_p%C3%BAblico-line-177-Sao_Paulo-242-2038937-36419313-0,5.2,-23.767859,-46.716285,,,,1,2023-06-15T14:11:59+00:00
SAO_6021-10,São Paulo,3550308,True,EMTU,177,https://moovitapp.com/index/pt-br/transporte_p%C3%BAblico-line-177-Sao_Paulo-242-2038937-36419313-0,5.2,-23.792574000000002,-46.7280195,,,,1,2023-06-15T14:12:21+00:00
SAO_5652-10,São Paulo,3550308,True,,33042,,,-23.70591025,-46.685706499999995,,,,2,2023-06-15T14:12:03+00:00
SAO_5652-10,São Paulo,3550308,True,,33042,,,-23.551242000000002,-46.637025,,,,2,2023-06-15T14:12:12+00:00
SAO_5652-10,São Paulo,3550308,True,,33042,,,-23.704718,-46.702425000000005,,,,2,2023-06-15T14:10:29+00:00
SAO_5652-10,São Paulo,3550308,True,,33042,,,-23.71378125,-46.69880775,,,,2,2023-06-15T14:11:08+00:00
SAO_5652-10,São Paulo,3550308,True,,33042,,,-23.6430315,-46.672696,,,,2,2023-06-15T14:12:11+00:00
SAO_5652-10,São Paulo,3550308,True,,33042,,,-23.704033000000003,-46.688122,,,,2,2023-06-15T14:12:05+00:00
SAO_6044-10,São Paulo,3550308,True,,33989,,,-23.641811624999995,-46.713689625,,,,2,2023-06-15T14:12:22+00:00
SAO_6044-10,São Paulo,3550308,True,,33989,,,-23.654092499999997,-46.710306,,,,2,2023-06-15T14:12:10+00:00
SAO_6044-10,São Paulo,3550308,True,,33989,,,-23.6747095,-46.796244,,,,2,2023-06-15T14:12:01+00:00
SAO_6044-10,São Paulo,3550308,True,,33989,,,-23.665869999999998,-46.7831115,,,,2,2023-06-15T14:12:07+00:00
SAO_819A-10,São Paulo,3550308,True,,33571,,,-23.43699325,-46.711944,,,,2,2023-06-15T14:12:08+00:00
SAO_819A-10,São Paulo,3550308,True,,33571,,,-23.447651999999998,-46.7435495,,,,2,2023-06-15T14:11:38+00:00
SAO_819A-10,São Paulo,3550308,True,,33571,,,-23.4386675,-46.748738,,,,2,2023-06-15T14:12:06+00:00
SAO_819A-10,São Paulo,3550308,True,,33571,,,-23.452284,-46.735481,,,,2,2023-06-15T14:11:56+00:00
SAO_819A-10,São Paulo,3550308,True,,33571,,,-23.4682745,-46.677398,,,,2,2023-06-15T14:11:38+00:00
SAO_819A-10,São Paulo,3550308,True,,33571,,,-23.459044,-46.6871015,,,,2,2023-06-15T14:11:44+00:00
SAO_819A-10,São Paulo,3550308,True,,33571,,,-23.447750499999998,-46.7349715,,,,2,2023-06-15T14:12:08+00:00
SAO_819A-10,São Paulo,3550308,True,,33571,,,-23.482777750000004,-46.673474999999996,,,,2,2023-06-15T14:11:54+00:00
SAO_819A-10,São Paulo,3550308,True,,33571,,,-23.47481775,-46.66588125,,,,2,2023-06-15T14:11:58+00:00
SAO_819A-10,São Paulo,3550308,True,,33571,,,-23.43866725,-46.729525249999995,,,,2,2023-06-15T14:11:50+00:00
SAO_819A-10,São Paulo,3550308,True,,33571,,,-23.472353124999998,-46.6730405,,,,2,2023-06-15T14:11:48+00:00
SAO_819A-10,São Paulo,3550308,True,,33571,,,-23.4583065,-46.690271749999994,,,,2,2023-06-15T14:11:56+00:00
SAO_819A-10,São Paulo,3550308,True,,33571,,,-23.445501125,-46.74804225,,,,2,2023-06-15T14:11:52+00:00
SAO_6003-10,São Paulo,3550308,True,,1472,,,-23.7377555,-46.6976535,,,,1,2023-06-15T14:12:01+00:00
SAO_6003-10,São Paulo,3550308,True,,1472,,,-23.7377555,-46.6976535,,,,1,2023-06-15T14:11:40+00:00
SAO_6003-10,São Paulo,3550308,True,,1472,,,-23.728143000000003,-46.699055,,,,1,2023-06-15T14:11:52+00:00
SAO_6003-10,São Paulo,3550308,True,,1472,,,-23.737876,-46.697753500000005,,,,1,2023-06-15T14:11:21+00:00
SAO_809U-10,São Paulo,3550308,True,,35022,,,-23.536859999999997,-46.689797999999996,,,,2,2023-06-15T14:12:15+00:00
SAO_809U-10,São Paulo,3550308,True,,35022,,,-23.552823500000002,-46.708361999999994,,,,2,2023-06-15T14:11:38+00:00
SAO_809U-10,São Paulo,3550308,True,,35022,,,-23.5529145,-46.7319765,,,,2,2023-06-15T14:11:50+00:00
SAO_4056-10,São Paulo,3550308,True,,35005,,,-23.60799375,-46.464125249999995,,,,2,2023-06-15T14:12:12+00:00
SAO_4056-10,São Paulo,3550308,True,,35005,,,-23.613653,-46.4766475,,,,2,2023-06-15T14:12:13+00:00
SAO_1702-10,São Paulo,3550308,True,,846,,,-23.445221,-46.577569,,,,1,2023-06-15T14:12:09+00:00
SAO_1702-10,São Paulo,3550308,True,,846,,,-23.510666875000002,-46.62487300000001,,,,1,2023-06-15T14:11:56+00:00
SAO_1702-10,São Paulo,3550308,True,,846,,,-23.503069,-46.6246315,,,,1,2023-06-15T14:12:12+00:00
SAO_1702-10,São Paulo,3550308,True,,846,,,-23.514774624999998,-46.6252275,,,,1,2023-06-15T14:11:41+00:00
SAO_1702-10,São Paulo,3550308,True,,846,,,-23.497863,-46.611329999999995,,,,1,2023-06-15T14:12:08+00:00
SAO_1702-10,São Paulo,3550308,True,,846,,,-23.472234999999998,-46.58789,,,,1,2023-06-15T14:12:16+00:00
SAO_1702-10,São Paulo,3550308,True,,846,,,-23.486973499999998,-46.606676500000006,,,,1,2023-06-15T14:11:44+00:00
SAO_1702-10,São Paulo,3550308,True,,846,,,-23.4976,-46.611200499999995,,,,1,2023-06-15T14:12:17+00:00
SAO_1702-10,São Paulo,3550308,True,,846,,,-23.442846,-46.57655,,,,1,2023-06-15T14:12:00+00:00
SAO_1702-10,São Paulo,3550308,True,,846,,,-23.511257375,-46.624893,,,,1,2023-06-15T14:12:01+00:00
SAO_1702-10,São Paulo,3550308,True,,846,,,-23.5271905,-46.6270085,,,,1,2023-06-15T14:12:05+00:00
SAO_1702-10,São Paulo,3550308,True,,846,,,-23.50591975,-46.624733250000006,,,,1,2023-06-15T14:12:07+00:00
SAO_1702-10,São Paulo,3550308,True,,846,,,-23.460104,-46.58556,,,,1,2023-06-15T14:12:19+00:00
SAO_1702-10,São Paulo,3550308,True,,846,,,-23.4711475,-46.586389999999994,,,,1,2023-06-15T14:12:12+00:00
SAO_1702-10,São Paulo,3550308,True,,846,,,-23.523996500000003,-46.6255045,,,,1,2023-06-15T14:11:54+00:00
SAO_6031-10,São Paulo,3550308,True,,92,,,-23.7465485,-46.6992025,,,,1,2023-06-15T14:12:02+00:00
SAO_6031-10,São Paulo,3550308,True,,92,,,-23.7544845,-46.708985999999996,,,,1,2023-06-15T14:11:56+00:00
SAO_6031-10,São Paulo,3550308,True,,92,,,-23.755201,-46.709228499999995,,,,1,2023-06-15T14:12:10+00:00
SAO_6031-10,São Paulo,3550308,True,,92,,,-23.7380205,-46.697914499999996,,,,1,2023-06-15T14:12:13+00:00
SAO_4014-10,São Paulo,3550308,True,,34955,,,-23.612562999999998,-46.45627825,,,,2,2023-06-15T14:11:36+00:00
SAO_4014-10,São Paulo,3550308,True,,34955,,,-23.602090124999997,-46.4628515,,,,2,2023-06-15T14:11:44+00:00
SAO_4014-10,São Paulo,3550308,True,,34955,,,-23.5910205,-46.482166625,,,,2,2023-06-15T14:11:59+00:00
SAO_4014-10,São Paulo,3550308,True,,34955,,,-23.612962500000002,-46.4565635,,,,2,2023-06-15T14:12:14+00:00
SAO_4014-10,São Paulo,3550308,True,,34955,,,-23.567560125,-46.510394375000004,,,,2,2023-06-15T14:11:41+00:00
SAO_4014-10,São Paulo,3550308,True,,34955,,,-23.558156,-46.522711,,,,2,2023-06-15T14:12:18+00:00
SAO_6047-10,São Paulo,3550308,True,,33992,,,-23.6557545,-46.74125225,,,,2,2023-06-15T14:11:43+00:00
SAO_6047-10,São Paulo,3550308,True,,33992,,,-23.668284,-46.763536,,,,2,2023-06-15T14:12:15+00:00
SAO_6047-10,São Paulo,3550308,True,,33992,,,-23.668284,-46.763536,,,,2,2023-06-15T14:12:04+00:00
SAO_6047-10,São Paulo,3550308,True,,33992,,,-23.6419265,-46.7127905,,,,2,2023-06-15T14:12:17+00:00
SAO_707K-10,São Paulo,3550308,True,,2503,,,-23.6463915,-46.6633355,,,,1,2023-06-15T14:11:44+00:00
SAO_707K-10,São Paulo,3550308,True,,2503,,,-23.639499,-46.6691365,,,,1,2023-06-15T14:12:09+00:00
SAO_707K-10,São Paulo,3550308,True,,2503,,,-23.6527015,-46.679465,,,,1,2023-06-15T14:11:51+00:00
SAO_707K-10,São Paulo,3550308,True,,2503,,,-23.669014499999996,-46.734237750000005,,,,1,2023-06-15T14:12:09+00:00
SAO_707K-10,São Paulo,3550308,True,,2503,,,-23.6412105,-46.6732535,,,,1,2023-06-15T14:11:45+00:00
SAO_707K-10,São Paulo,3550308,True,,2503,,,-23.6477145,-46.6385,,,,1,2023-06-15T14:12:15+00:00
SAO_707K-10,São Paulo,3550308,True,,2503,,,-23.64963,-46.66207300000001,,,,1,2023-06-15T14:11:39+00:00
SAO_707K-10,São Paulo,3550308,True,,2503,,,-23.643877500000002,-46.643615,,,,1,2023-06-15T14:11:39+00:00
SAO_707K-10,São Paulo,3550308,True,,2503,,,-23.6568831875,-46.69519149999999,,,,1,2023-06-15T14:12:11+00:00
SAO_707K-10,São Paulo,3550308,True,,2503,,,-23.659077500000002,-46.6994195,,,,1,2023-06-15T14:11:58+00:00
SAO_707K-10,São Paulo,3550308,True,,2503,,,-23.65580625,-46.69309825,,,,1,2023-06-15T14:12:16+00:00
SAO_707K-10,São Paulo,3550308,True,,2503,,,-23.650662,-46.662901000000005,,,,1,2023-06-15T14:11:48+00:00
SAO_8017-10,São Paulo,3550308,True,,1261,,,-23.44325,-46.728283875,,,,1,2023-06-15T14:12:05+00:00
SAO_8017-10,São Paulo,3550308,True,,1261,,,-23.481636,-46.718026,,,,1,2023-06-15T14:12:16+00:00
SAO_8017-10,São Paulo,3550308,True,,1261,,,-23.4821355,-46.7190335,,,,1,2023-06-15T14:12:14+00:00
SAO_8017-10,São Paulo,3550308,True,,1261,,,-23.447658500000003,-46.7367645,,,,1,2023-06-15T14:12:02+00:00
SAO_2718-10,São Paulo,3550308,True,,33699,,,-23.4931245,-46.500213,,,,2,2023-06-15T14:11:37+00:00
SAO_2718-10,São Paulo,3550308,True,,33699,,,-23.498794250000003,-46.52035675,,,,2,2023-06-15T14:11:48+00:00
SAO_2718-10,São Paulo,3550308,True,,33699,,,-23.495106999999997,-46.5030955,,,,2,2023-06-15T14:11:13+00:00
SAO_2718-10,São Paulo,3550308,True,,33699,,,-23.533648499999998,-46.5455135,,,,2,2023-06-15T14:11:46+00:00
SAO_2718-10,São Paulo,3550308,True,,33699,,,-23.4930925,-46.49988925,,,,2,2023-06-15T14:12:11+00:00
SAO_2718-10,São Paulo,3550308,True,,33699,,,-23.4930065,-46.4991965,,,,2,2023-06-15T14:11:49+00:00
SAO_2718-10,São Paulo,3550308,True,,33699,,,-23.4930925,-46.49988925,,,,2,2023-06-15T14:11:57+00:00
SAO_2718-10,São Paulo,3550308,True,,33699,,,-23.53146725,-46.545010875,,,,2,2023-06-15T14:11:54+00:00
SAO_2718-10,São Paulo,3550308,True,,33699,,,-23.5110995,-46.5509525,,,,2,2023-06-15T14:11:46+00:00
SAO_2718-10,São Paulo,3550308,True,,33699,,,-23.51598125,-46.549963500000004,,,,2,2023-06-15T14:11:57+00:00
SAO_2718-10,São Paulo,3550308,True,,33699,,,-23.49894475,-46.52076825,,,,2,2023-06-15T14:11:59+00:00
SAO_748R-10,São Paulo,3550308,True,EMTU,501,https://moovitapp.com/index/pt-br/transporte_p%C3%BAblico-line-501-Sao_Paulo-242-2038937-36419526-0,7.55,-23.5936595,-46.7855725,,,,1,2023-06-15T14:11:40+00:00
SAO_748R-10,São Paulo,3550308,True,EMTU,501,https://moovitapp.com/index/pt-br/transporte_p%C3%BAblico-line-501-Sao_Paulo-242-2038937-36419526-0,7.55,-23.5486265,-46.73750975,,,,1,2023-06-15T14:12:19+00:00
SAO_748R-10,São Paulo,3550308,True,EMTU,501,https://moovitapp.com/index/pt-br/transporte_p%C3%BAblico-line-501-Sao_Paulo-242-2038937-36419526-0,7.55,-23.526614000000002,-46.668097,,,,1,2023-06-15T14:12:17+00:00
SAO_748R-10,São Paulo,3550308,True,EMTU,501,https://moovitapp.com/index/pt-br/transporte_p%C3%BAblico-line-501-Sao_Paulo-242-2038937-36419526-0,7.55,-23.551776250000003,-46.74080975,,,,1,2023-06-15T14:12:13+00:00
SAO_748R-10,São Paulo,3550308,True,EMTU,501,https://moovitapp.com/index/pt-br/transporte_p%C3%BAblico-line-501-Sao_Paulo-242-2038937-36419526-0,7.55,-23.544427,-46.7330385,,,,1,2023-06-15T14:12:20+00:00
SAO_748R-10,São Paulo,3550308,True,EMTU,501,https://moovitapp.com/index/pt-br/transporte_p%C3%BAblico-line-501-Sao_Paulo-242-2038937-36419526-0,7.55,-23.574148,-46.761327,,,,1,2023-06-15T14:12:12+00:00
SAO_748R-10,São Paulo,3550308,True,EMTU,501,https://moovitapp.com/index/pt-br/transporte_p%C3%BAblico-line-501-Sao_Paulo-242-2038937-36419526-0,7.55,-23.526889500000003,-46.709095,,,,1,2023-06-15T14:12:04+00:00
SAO_748R-10,São Paulo,3550308,True,EMTU,501,https://moovitapp.com/index/pt-br/transporte_p%C3%BAblico-line-501-Sao_Paulo-242-2038937-36419526-0,7.55,-23.56691,-46.754742500000006,,,,1,2023-06-15T14:11:56+00:00
SAO_748R-10,São Paulo,3550308,True,EMTU,501,https://moovitapp.com/index/pt-br/transporte_p%C3%BAblico-line-501-Sao_Paulo-242-2038937-36419526-0,7.55,-23.603733,-46.7886975,,,,1,2023-06-15T14:12:03+00:00
SAO_748R-10,São Paulo,3550308,True,EMTU,501,https://moovitapp.com/index/pt-br/transporte_p%C3%BAblico-line-501-Sao_Paulo-242-2038937-36419526-0,7.55,-23.590031,-46.7673445,,,,1,2023-06-15T14:12:21+00:00
SAO_748R-10,São Paulo,3550308,True,EMTU,501,https://moovitapp.com/index/pt-br/transporte_p%C3%BAblico-line-501-Sao_Paulo-242-2038937-36419526-0,7.55,-23.53067525,-46.7118555,,,,1,2023-06-15T14:11:55+00:00
SAO_172N-10,São Paulo,3550308,True,,664,,,-23.5041215,-46.613531,,,,1,2023-06-15T14:11:57+00:00
SAO_172N-10,São Paulo,3550308,True,,664,,,-23.5376941875,-46.602273,,,,1,2023-06-15T14:12:14+00:00
SAO_172N-10,São Paulo,3550308,True,,664,,,-23.511257375,-46.624893,,,,1,2023-06-15T14:11:54+00:00
SAO_172N-10,São Paulo,3550308,True,,664,,,-23.539493999999998,-46.5963325,,,,1,2023-06-15T14:12:08+00:00
SAO_172N-10,São Paulo,3550308,True,,664,,,-23.504375,-46.61248125,,,,1,2023-06-15T14:11:42+00:00
SAO_172N-10,São Paulo,3550308,True,,664,,,-23.500983124999998,-46.622532500000005,,,,1,2023-06-15T14:12:13+00:00
SAO_172N-10,São Paulo,3550308,True,,664,,,-23.5276105,-46.600013000000004,,,,1,2023-06-15T14:11:55+00:00
SAO_5370-10,São Paulo,3550308,True,,34210,,,-23.7503355,-46.7102765,,,,2,2023-06-15T14:12:20+00:00
SAO_5370-10,São Paulo,3550308,True,,34210,,,-23.6807795,-46.705739,,,,2,2023-06-15T14:08:43+00:00
SAO_5370-10,São Paulo,3550308,True,,34210,,,-23.6431665,-46.700297250000006,,,,2,2023-06-15T14:11:56+00:00
SAO_5370-10,São Paulo,3550308,True,,34210,,,-23.59495325,-46.65415725,,,,2,2023-06-15T14:12:07+00:00
SAO_5370-10,São Paulo,3550308,True,,34210,,,-23.65045875,-46.704966999999996,,,,2,2023-06-15T14:12:15+00:00
SAO_5370-10,São Paulo,3550308,True,,34210,,,-23.649684999999998,-46.705203,,,,2,2023-06-15T14:11:51+00:00
SAO_5370-10,São Paulo,3550308,True,,34210,,,-23.7645835,-46.716998000000004,,,,2,2023-06-15T14:11:44+00:00
SAO_5370-10,São Paulo,3550308,True,,34210,,,-23.732244,-46.697950000000006,,,,2,2023-06-15T14:12:09+00:00
SAO_5141-10,São Paulo,3550308,True,,1625,,,-23.584702,-46.533941,,,,1,2023-06-15T14:11:54+00:00
SAO_5141-10,São Paulo,3550308,True,,1625,,,-23.56899675,-46.569572750000006,,,,1,2023-06-15T14:12:19+00:00
SAO_5141-10,São Paulo,3550308,True,,1625,,,-23.553988,-46.578389,,,,1,2023-06-15T14:12:19+00:00
SAO_5141-10,São Paulo,3550308,True,,1625,,,-23.54115375,-46.63517375,,,,1,2023-06-15T14:12:04+00:00
SAO_4007-10,São Paulo,3550308,True,,34949,,,-23.5562205,-46.5182025,,,,2,2023-06-15T14:12:11+00:00
SAO_4007-10,São Paulo,3550308,True,,34949,,,-23.558581500000003,-46.522422,,,,2,2023-06-15T14:12:17+00:00
SAO_4007-10,São Paulo,3550308,True,,34949,,,-23.565451,-46.3961775,,,,2,2023-06-15T14:11:41+00:00
SAO_4007-10,São Paulo,3550308,True,,34949,,,-23.5556855,-46.445423000000005,,,,2,2023-06-15T14:12:02+00:00
SAO_4007-10,São Paulo,3550308,True,,34949,,,-23.553082,-46.4653565,,,,2,2023-06-15T14:12:16+00:00
SAO_4007-10,São Paulo,3550308,True,,34949,,,-23.558134000000003,-46.422044,,,,2,2023-06-15T14:12:16+00:00
SAO_4007-10,São Paulo,3550308,True,,34949,,,-23.56032025,-46.410474,,,,2,2023-06-15T14:11:56+00:00
SAO_4007-10,São Paulo,3550308,True,,34949,,,-23.551389,-46.463671500000004,,,,2,2023-06-15T14:11:46+00:00
SAO_3718-10,São Paulo,3550308,True,,1013,,,-23.5508795,-46.48185025,,,,1,2023-06-15T14:12:02+00:00
SAO_3718-10,São Paulo,3550308,True,,1013,,,-23.5525755,-46.4921935,,,,1,2023-06-15T14:11:42+00:00
SAO_3718-10,São Paulo,3550308,True,,1013,,,-23.5580755,-46.487475625,,,,1,2023-06-15T14:12:07+00:00
SAO_3718-10,São Paulo,3550308,True,,1013,,,-23.5467235,-46.481098,,,,1,2023-06-15T14:12:03+00:00
SAO_3718-10,São Paulo,3550308,True,,1013,,,-23.540547,-46.485232999999994,,,,1,2023-06-15T14:11:41+00:00
SAO_3718-10,São Paulo,3550308,True,,1013,,,-23.540392,-46.485367499999995,,,,1,2023-06-15T14:12:19+00:00
SAO_3718-10,São Paulo,3550308,True,,1013,,,-23.5406235,-46.484698249999994,,,,1,2023-06-15T14:11:46+00:00
SAO_118C-10,São Paulo,3550308,True,,519,,,-23.51834125,-46.6273025,,,,1,2023-06-15T14:11:58+00:00
SAO_118C-10,São Paulo,3550308,True,,519,,,-23.51795,-46.6306955,,,,1,2023-06-15T14:11:38+00:00
SAO_118C-10,São Paulo,3550308,True,,519,,,-23.5387125,-46.648662,,,,1,2023-06-15T14:11:59+00:00
SAO_118C-10,São Paulo,3550308,True,,519,,,-23.469407,-46.655289,,,,1,2023-06-15T14:12:12+00:00
SAO_118C-10,São Paulo,3550308,True,,519,,,-23.50882225,-46.62505362500001,,,,1,2023-06-15T14:11:57+00:00
SAO_118C-10,São Paulo,3550308,True,,519,,,-23.489554,-46.626295,,,,1,2023-06-15T14:11:36+00:00
SAO_118C-10,São Paulo,3550308,True,,519,,,-23.4962275,-46.6277245,,,,1,2023-06-15T14:12:07+00:00
SAO_118C-10,São Paulo,3550308,True,,519,,,-23.467857000000002,-46.6672465,,,,1,2023-06-15T14:11:47+00:00
SAO_118C-10,São Paulo,3550308,True,,519,,,-23.498715,-46.626833500000004,,,,1,2023-06-15T14:12:09+00:00
SAO_118C-10,São Paulo,3550308,True,,519,,,-23.4565045,-46.6737585,,,,1,2023-06-15T14:11:58+00:00
SAO_874T-10,São Paulo,3550308,True,,33075,,,-23.519283,-46.70725675,,,,2,2023-06-15T14:11:54+00:00
SAO_874T-10,São Paulo,3550308,True,,33075,,,-23.5332295,-46.662605000000006,,,,2,2023-06-15T14:11:57+00:00
SAO_874T-10,São Paulo,3550308,True,,33075,,,-23.563619625,-46.65398987499999,,,,2,2023-06-15T14:12:15+00:00
SAO_874T-10,São Paulo,3550308,True,,33075,,,-23.578880124999998,-46.607136999999994,,,,2,2023-06-15T14:12:20+00:00
SAO_874T-10,São Paulo,3550308,True,,33075,,,-23.524314750000002,-46.693147874999994,,,,2,2023-06-15T14:11:39+00:00
SAO_874T-10,São Paulo,3550308,True,,33075,,,-23.58173925,-46.625897,,,,2,2023-06-15T14:11:45+00:00
SAO_917H-10,São Paulo,3550308,True,STT,456,https://moovitapp.com/index/pt-br/transporte_p%C3%BAblico-line-456-Sao_Paulo-242-850661-10416524-0,5.3,-23.589263,-46.634504,,,,1,2023-06-15T14:12:14+00:00
SAO_917H-10,São Paulo,3550308,True,STT,456,https://moovitapp.com/index/pt-br/transporte_p%C3%BAblico-line-456-Sao_Paulo-242-850661-10416524-0,5.3,-23.531029750000002,-46.731835125,,,,1,2023-06-15T14:11:51+00:00
SAO_917H-10,São Paulo,3550308,True,STT,456,https://moovitapp.com/index/pt-br/transporte_p%C3%BAblico-line-456-Sao_Paulo-242-850661-10416524-0,5.3,-23.5407465,-46.7154805,,,,1,2023-06-15T14:11:51+00:00
SAO_917H-10,São Paulo,3550308,True,STT,456,https://moovitapp.com/index/pt-br/transporte_p%C3%BAblico-line-456-Sao_Paulo-242-850661-10416524-0,5.3,-23.555808499999998,-46.6669775,,,,1,2023-06-15T14:12:13+00:00
SAO_917H-10,São Paulo,3550308,True,STT,456,https://moovitapp.com/index/pt-br/transporte_p%C3%BAblico-line-456-Sao_Paulo-242-850661-10416524-0,5.3,-23.589295999999997,-46.63421325,,,,1,2023-06-15T14:11:56+00:00
SAO_917H-10,São Paulo,3550308,True,STT,456,https://moovitapp.com/index/pt-br/transporte_p%C3%BAblico-line-456-Sao_Paulo-242-850661-10416524-0,5.3,-23.587725374999998,-46.635538375,,,,1,2023-06-15T14:12:11+00:00
SAO_917H-10,São Paulo,3550308,True,STT,456,https://moovitapp.com/index/pt-br/transporte_p%C3%BAblico-line-456-Sao_Paulo-242-850661-10416524-0,5.3,-23.486014,-46.7257505,,,,1,2023-06-15T14:12:05+00:00
SAO_917H-10,São Paulo,3550308,False,STT,456,https://moovitapp.com/index/pt-br/transporte_p%C3%BAblico-line-456-Sao_Paulo-242-850661-10416524-0,5.3,-23.507877999999998,-46.74822,,,,1,2023-06-15T14:12:17+00:00
SAO_917H-10,São Paulo,3550308,True,STT,456,https://moovitapp.com/index/pt-br/transporte_p%C3%BAblico-line-456-Sao_Paulo-242-850661-10416524-0,5.3,-23.5373255,-46.725345000000004,,,,1,2023-06-15T14:11:46+00:00
SAO_917H-10,São Paulo,3550308,True,STT,456,https://moovitapp.com/index/pt-br/transporte_p%C3%BAblico-line-456-Sao_Paulo-242-850661-10416524-0,5.3,-23.51784,-46.753095625,,,,1,2023-06-15T14:12:00+00:00
SAO_917H-10,São Paulo,3550308,True,STT,456,https://moovitapp.com/index/pt-br/transporte_p%C3%BAblico-line-456-Sao_Paulo-242-850661-10416524-0,5.3,-23.520248,-46.7524175,,,,1,2023-06-15T14:12:08+00:00
SAO_917H-10,São Paulo,3550308,True,STT,456,https://moovitapp.com/index/pt-br/transporte_p%C3%BAblico-line-456-Sao_Paulo-242-850661-10416524-0,5.3,-23.5079545,-46.749643,,,,1,2023-06-15T14:12:06+00:00
SAO_917H-10,São Paulo,3550308,True,STT,456,https://moovitapp.com/index/pt-br/transporte_p%C3%BAblico-line-456-Sao_Paulo-242-850661-10416524-0,5.3,-23.5083695,-46.7525045,,,,1,2023-06-15T14:11:44+00:00
SAO_917H-10,São Paulo,3550308,True,STT,456,https://moovitapp.com/index/pt-br/transporte_p%C3%BAblico-line-456-Sao_Paulo-242-850661-10416524-0,5.3,-23.525101,-46.741207,,,,1,2023-06-15T14:11:41+00:00
SAO_917H-10,São Paulo,3550308,True,STT,456,https://moovitapp.com/index/pt-br/transporte_p%C3%BAblico-line-456-Sao_Paulo-242-850661-10416524-0,5.3,-23.485809500000002,-46.7462855,,,,1,2023-06-15T14:12:13+00:00
SAO_917H-10,São Paulo,3550308,True,STT,456,https://moovitapp.com/index/pt-br/transporte_p%C3%BAblico-line-456-Sao_Paulo-242-850661-10416524-0,5.3,-23.555152749999998,-46.66852925,,,,1,2023-06-15T14:12:05+00:00
SAO_917H-10,São Paulo,3550308,True,STT,456,https://moovitapp.com/index/pt-br/transporte_p%C3%BAblico-line-456-Sao_Paulo-242-850661-10416524-0,5.3,-23.488906999999998,-46.749483,,,,1,2023-06-15T14:12:14+00:00
SAO_6057-10,São Paulo,3550308,True,,33916,,,-23.766016999999998,-46.704453,,,,2,2023-06-15T14:12:15+00:00
SAO_6057-10,São Paulo,3550308,True,,33916,,,-23.7432665,-46.7025455,,,,2,2023-06-15T14:12:08+00:00
SAO_6057-10,São Paulo,3550308,True,,33916,,,-23.76584475,-46.708275875,,,,2,2023-06-15T14:12:22+00:00
SAO_6057-10,São Paulo,3550308,True,,33916,,,-23.75446125,-46.7099905,,,,2,2023-06-15T14:12:03+00:00
SAO_6057-10,São Paulo,3550308,True,,33916,,,-23.742211,-46.7067505,,,,2,2023-06-15T14:11:41+00:00
SAO_6057-10,São Paulo,3550308,True,,33916,,,-23.76557225,-46.70793162499999,,,,2,2023-06-15T14:11:46+00:00
SAO_476G-41,São Paulo,3550308,True,,1112,,,-23.5971065,-46.554896,,,,1,2023-06-15T14:11:37+00:00
SAO_476G-41,São Paulo,3550308,True,,1112,,,-23.584697249999998,-46.58238125,,,,1,2023-06-15T14:11:44+00:00
SAO_3712-51,São Paulo,3550308,True,,2505,,,-23.546357999999998,-46.445504,,,,1,2023-06-15T14:11:43+00:00
SAO_3712-51,São Paulo,3550308,True,,2505,,,-23.5418825,-46.4703705,,,,1,2023-06-15T14:12:00+00:00
SAO_3712-51,São Paulo,3550308,True,,2505,,,-23.549351875,-46.427646,,,,1,2023-06-15T14:12:10+00:00
SAO_3712-51,São Paulo,3550308,True,,2505,,,-23.542603999999997,-46.469476,,,,1,2023-06-15T14:12:03+00:00
SAO_6037-10,São Paulo,3550308,True,,1215,,,-23.643456999999998,-46.7356385,,,,1,2023-06-15T14:11:41+00:00
SAO_6037-10,São Paulo,3550308,True,,1215,,,-23.651250249999997,-46.757353499999994,,,,1,2023-06-15T14:11:59+00:00
SAO_6037-10,São Paulo,3550308,True,,1215,,,-23.659836,-46.7703075,,,,1,2023-06-15T14:11:42+00:00
SAO_6037-10,São Paulo,3550308,True,,1215,,,-23.6479635,-46.747952999999995,,,,1,2023-06-15T14:11:52+00:00
SAO_6037-10,São Paulo,3550308,True,,1215,,,-23.645286,-46.7459985,,,,1,2023-06-15T14:11:57+00:00
SAO_6037-10,São Paulo,3550308,True,,1215,,,-23.649429,-46.7520545,,,,1,2023-06-15T14:11:38+00:00
SAO_6037-10,São Paulo,3550308,True,,1215,,,-23.64425125,-46.7439995,,,,1,2023-06-15T14:12:09+00:00
SAO_6037-10,São Paulo,3550308,True,,1215,,,-23.6494785,-46.784633,,,,1,2023-06-15T14:12:21+00:00
SAO_6037-10,São Paulo,3550308,True,,1215,,,-23.6448945,-46.745576,,,,1,2023-06-15T14:12:01+00:00
SAO_6037-10,São Paulo,3550308,True,,1215,,,-23.6433645,-46.742222999999996,,,,1,2023-06-15T14:11:56+00:00
SAO_3462-10,São Paulo,3550308,True,,33015,,,-23.5358245,-46.469604000000004,,,,2,2023-06-15T14:12:00+00:00
SAO_3462-10,São Paulo,3550308,True,,33015,,,-23.527654749999996,-46.4550565,,,,2,2023-06-15T14:11:40+00:00
SAO_3462-10,São Paulo,3550308,True,,33015,,,-23.535165125,-46.5492345,,,,2,2023-06-15T14:11:43+00:00
SAO_2552-10,São Paulo,3550308,True,,32910,,,-23.5182935,-46.523427375,,,,2,2023-06-15T14:11:52+00:00
SAO_2552-10,São Paulo,3550308,True,,32910,,,-23.497497000000003,-46.454191249999994,,,,2,2023-06-15T14:11:55+00:00
SAO_2552-10,São Paulo,3550308,True,,32910,,,-23.493502749999998,-46.4426755,,,,2,2023-06-15T14:11:38+00:00
SAO_2552-10,São Paulo,3550308,True,,32910,,,-23.5129855,-46.516172999999995,,,,2,2023-06-15T14:12:13+00:00
SAO_2552-10,São Paulo,3550308,True,,32910,,,-23.485435125000002,-46.417356,,,,2,2023-06-15T14:11:34+00:00
SAO_2552-10,São Paulo,3550308,True,,32910,,,-23.5473415,-46.629296499999995,,,,2,2023-06-15T14:11:53+00:00
SAO_857C-10,São Paulo,3550308,True,,1901,,,-23.64495225,-46.7171115,,,,1,2023-06-15T14:11:55+00:00
SAO_857C-10,São Paulo,3550308,True,,1901,,,-23.6466505,-46.7567905,,,,1,2023-06-15T14:12:23+00:00
SAO_857C-10,São Paulo,3550308,True,,1901,,,-23.63400175,-46.692955749999996,,,,1,2023-06-15T14:12:01+00:00
SAO_857C-10,São Paulo,3550308,True,,1901,,,-23.637844,-46.7400185,,,,1,2023-06-15T14:12:07+00:00
SAO_857C-10,São Paulo,3550308,True,,1901,,,-23.63942,-46.737699500000005,,,,1,2023-06-15T14:12:13+00:00
SAO_857C-10,São Paulo,3550308,True,,1901,,,-23.635098499999998,-46.658097999999995,,,,1,2023-06-15T14:11:46+00:00
SAO_857C-10,São Paulo,3550308,True,,1901,,,-23.6359985,-46.641462,,,,1,2023-06-15T14:12:21+00:00
SAO_857C-10,São Paulo,3550308,True,,1901,,,-23.62702025,-46.6757695,,,,1,2023-06-15T14:12:06+00:00
SAO_857C-10,São Paulo,3550308,True,,1901,,,-23.6330375,-46.7729265,,,,1,2023-06-15T14:12:12+00:00
SAO_576C-10,São Paulo,3550308,True,,34058,,,-23.651252,-46.647583999999995,,,,2,2023-06-15T14:12:11+00:00
SAO_576C-10,São Paulo,3550308,True,,34058,,,-23.655233000000003,-46.668558000000004,,,,2,2023-06-15T14:12:00+00:00
SAO_576C-10,São Paulo,3550308,True,,34058,,,-23.65458375,-46.65651775,,,,2,2023-06-15T14:12:05+00:00
SAO_576C-10,São Paulo,3550308,True,,34058,,,-23.659335,-46.676618875,,,,2,2023-06-15T14:11:59+00:00
SAO_576C-10,São Paulo,3550308,True,,34058,,,-23.642422500000002,-46.634827,,,,2,2023-06-15T14:11:54+00:00
SAO_576C-10,São Paulo,3550308,True,,34058,,,-23.6542185,-46.7095555,,,,2,2023-06-15T14:11:43+00:00
SAO_576C-10,São Paulo,3550308,True,,34058,,,-23.657572,-46.701373875,,,,2,2023-06-15T14:12:06+00:00
SAO_576C-10,São Paulo,3550308,True,,34058,,,-23.6723585,-46.677532,,,,2,2023-06-15T14:12:11+00:00
SAO_8001-10,São Paulo,3550308,True,,34019,,,-23.516096,-46.7395975,,,,2,2023-06-15T14:11:36+00:00
SAO_5031-10,São Paulo,3550308,True,,34514,,,-23.6369775,-46.591483000000004,,,,2,2023-06-15T14:12:12+00:00
SAO_5031-10,São Paulo,3550308,True,,34514,,,-23.633529000000003,-46.5870805,,,,2,2023-06-15T14:12:12+00:00
SAO_5031-10,São Paulo,3550308,True,,34514,,,-23.63465,-46.590301499999995,,,,2,2023-06-15T14:11:55+00:00
SAO_5031-10,São Paulo,3550308,True,,34514,,,-23.604455,-46.5998935,,,,2,2023-06-15T14:11:56+00:00
SAO_5031-10,São Paulo,3550308,True,,34514,,,-23.61835075,-46.59270825,,,,2,2023-06-15T14:12:00+00:00
SAO_5031-10,São Paulo,3550308,True,,34514,,,-23.62631025,-46.5911995,,,,2,2023-06-15T14:12:22+00:00
SAO_5031-10,São Paulo,3550308,True,,34514,,,-23.6195765,-46.59233975,,,,2,2023-06-15T14:12:19+00:00
SAO_5031-10,São Paulo,3550308,True,,34514,,,-23.6347505,-46.590628,,,,2,2023-06-15T14:12:22+00:00
SAO_5031-10,São Paulo,3550308,True,,34514,,,-23.613144499999997,-46.5943355,,,,2,2023-06-15T14:12:14+00:00
SAO_2703-10,São Paulo,3550308,True,Urubupungá,915,https://moovitapp.com/index/pt-br/transporte_p%C3%BAblico-line-915-Sao_Paulo-242-873835-75841134-0,4.6,-23.542792499999997,-46.470580999999996,,,,1,2023-06-15T14:11:24+00:00
SAO_2703-10,São Paulo,3550308,True,Urubupungá,915,https://moovitapp.com/index/pt-br/transporte_p%C3%BAblico-line-915-Sao_Paulo-242-873835-75841134-0,4.6,-23.525222749999998,-46.41828475,,,,1,2023-06-15T14:12:05+00:00
SAO_2703-10,São Paulo,3550308,True,Urubupungá,915,https://moovitapp.com/index/pt-br/transporte_p%C3%BAblico-line-915-Sao_Paulo-242-873835-75841134-0,4.6,-23.525222749999998,-46.41828475,,,,1,2023-06-15T14:10:57+00:00
SAO_2703-10,São Paulo,3550308,True,Urubupungá,915,https://moovitapp.com/index/pt-br/transporte_p%C3%BAblico-line-915-Sao_Paulo-242-873835-75841134-0,4.6,-23.5348125,-46.453786750000006,,,,1,2023-06-15T14:11:41+00:00
SAO_2703-10,São Paulo,3550308,True,Urubupungá,915,https://moovitapp.com/index/pt-br/transporte_p%C3%BAblico-line-915-Sao_Paulo-242-873835-75841134-0,4.6,-23.524313999999997,-46.422532000000004,,,,1,2023-06-15T14:12:03+00:00
SAO_2703-10,São Paulo,3550308,True,Urubupungá,915,https://moovitapp.com/index/pt-br/transporte_p%C3%BAblico-line-915-Sao_Paulo-242-873835-75841134-0,4.6,-23.5231795,-46.4257235,,,,1,2023-06-15T14:11:00+00:00
SAO_2703-10,São Paulo,3550308,True,Urubupungá,915,https://moovitapp.com/index/pt-br/transporte_p%C3%BAblico-line-915-Sao_Paulo-242-873835-75841134-0,4.6,-23.5337655,-46.452283,,,,1,2023-06-15T14:12:07+00:00
SAO_6061-10,São Paulo,3550308,True,,33918,,,-23.7530115,-46.6886865,,,,2,2023-06-15T14:11:58+00:00
SAO_6061-10,São Paulo,3550308,True,,33918,,,-23.747837,-46.687671,,,,2,2023-06-15T14:11:58+00:00
SAO_6061-10,São Paulo,3550308,True,,33918,,,-23.782453500000003,-46.682023,,,,2,2023-06-15T14:12:00+00:00
SAO_6061-10,São Paulo,3550308,True,,33918,,,-23.78086225,-46.6907165,,,,2,2023-06-15T14:12:17+00:00
SAO_6061-10,São Paulo,3550308,True,,33918,,,-23.78539275,-46.6839605,,,,2,2023-06-15T14:12:11+00:00
SAO_8018-10,São Paulo,3550308,True,,34838,,,-23.5987205,-46.7366745,,,,2,2023-06-15T14:11:47+00:00
SAO_8018-10,São Paulo,3550308,True,,34838,,,-23.601208999999997,-46.73495575,,,,2,2023-06-15T14:11:58+00:00
SAO_2435-10,São Paulo,3550308,True,Cidade de Caieiras,210,https://moovitapp.com/index/pt-br/transporte_p%C3%BAblico-line-210-Sao_Paulo-242-868761-496408-0,5.0,-23.522708,-46.518773,,,,1,2023-06-15T14:12:07+00:00
SAO_6039-10,São Paulo,3550308,True,,1217,,,-23.65103475,-46.7571485,,,,1,2023-06-15T14:11:48+00:00
SAO_6039-10,São Paulo,3550308,True,,1217,,,-23.6490105,-46.7535625,,,,1,2023-06-15T14:12:12+00:00
SAO_6039-10,São Paulo,3550308,True,,1217,,,-23.644247749999998,-46.7435985,,,,1,2023-06-15T14:12:11+00:00
SAO_6039-10,São Paulo,3550308,True,,1217,,,-23.64248,-46.7406375,,,,1,2023-06-15T14:11:49+00:00
SAO_6039-10,São Paulo,3550308,True,,1217,,,-23.646397,-46.746840000000006,,,,1,2023-06-15T14:11:46+00:00
SAO_6039-10,São Paulo,3550308,True,,1217,,,-23.6479635,-46.747952999999995,,,,1,2023-06-15T14:11:40+00:00
SAO_6039-10,São Paulo,3550308,True,,1217,,,-23.640063249999997,-46.72306025,,,,1,2023-06-15T14:11:48+00:00
SAO_6039-10,São Paulo,3550308,True,,1217,,,-23.659734999999998,-46.7756655,,,,1,2023-06-15T14:12:21+00:00
SAO_6039-10,São Paulo,3550308,True,,1217,,,-23.64998475,-46.755840000000006,,,,1,2023-06-15T14:12:11+00:00
SAO_6039-10,São Paulo,3550308,True,,1217,,,-23.6445255,-46.745072500000006,,,,1,2023-06-15T14:12:13+00:00
SAO_6039-10,São Paulo,3550308,True,,1217,,,-23.6448945,-46.745576,,,,1,2023-06-15T14:11:52+00:00
SAO_6039-10,São Paulo,3550308,True,,1217,,,-23.648629999999997,-46.749562999999995,,,,1,2023-06-15T14:12:16+00:00
SAO_148P-10,São Paulo,3550308,True,,33302,,,-23.494088,-46.661728499999995,,,,2,2023-06-15T14:11:49+00:00
SAO_148P-10,São Paulo,3550308,True,,33302,,,-23.4580515,-46.6428225,,,,2,2023-06-15T14:11:38+00:00
SAO_148P-10,São Paulo,3550308,True,,33302,,,-23.46264025,-46.65191475,,,,2,2023-06-15T14:11:55+00:00
SAO_148P-10,São Paulo,3550308,True,,33302,,,-23.491316750000003,-46.6625305,,,,2,2023-06-15T14:11:54+00:00
SAO_148P-10,São Paulo,3550308,True,,33302,,,-23.4689585,-46.663446500000006,,,,2,2023-06-15T14:12:20+00:00
SAO_148P-10,São Paulo,3550308,True,,33302,,,-23.5029275,-46.657688750000005,,,,2,2023-06-15T14:11:55+00:00
SAO_148P-10,São Paulo,3550308,True,,33302,,,-23.5276315,-46.662600499999996,,,,2,2023-06-15T14:11:32+00:00
SAO_148P-10,São Paulo,3550308,True,,33302,,,-23.458094,-46.642975500000006,,,,2,2023-06-15T14:11:57+00:00
SAO_148P-10,São Paulo,3550308,True,,33302,,,-23.4580515,-46.6428225,,,,2,2023-06-15T14:11:45+00:00
SAO_6006-10,São Paulo,3550308,True,,32943,,,-23.691152,-46.7599185,,,,2,2023-06-15T14:11:55+00:00
SAO_6006-10,São Paulo,3550308,True,,32943,,,-23.672999,-46.686725,,,,2,2023-06-15T14:11:46+00:00
SAO_6006-10,São Paulo,3550308,True,,32943,,,-23.669655,-46.7366765,,,,2,2023-06-15T14:11:58+00:00
SAO_6006-10,São Paulo,3550308,True,,32943,,,-23.67768425,-46.682959,,,,2,2023-06-15T14:12:00+00:00
SAO_6006-10,São Paulo,3550308,True,,32943,,,-23.667364,-46.680078,,,,2,2023-06-15T14:12:20+00:00
SAO_6006-10,São Paulo,3550308,True,,32943,,,-23.667364,-46.680078,,,,2,2023-06-15T14:12:18+00:00
SAO_6006-10,São Paulo,3550308,True,,32943,,,-23.673218,-46.686553,,,,2,2023-06-15T14:12:02+00:00
SAO_1034-10,São Paulo,3550308,True,,35220,,,-23.47083525,-46.71026325,,,,2,2023-06-15T14:12:09+00:00
SAO_1034-10,São Paulo,3550308,True,,35220,,,-23.47083525,-46.71026325,,,,2,2023-06-15T14:12:15+00:00
SAO_1034-10,São Paulo,3550308,True,,35220,,,-23.48343125,-46.7085735,,,,2,2023-06-15T14:12:00+00:00
SAO_1034-10,São Paulo,3550308,True,,35220,,,-23.486092499999998,-46.71105,,,,2,2023-06-15T14:12:04+00:00
SAO_1034-10,São Paulo,3550308,True,,35220,,,-23.47114175,-46.71015375,,,,2,2023-06-15T14:11:54+00:00
SAO_3539-10,São Paulo,3550308,True,,748,,,-23.532227499999998,-46.528724499999996,,,,1,2023-06-15T14:11:59+00:00
SAO_3539-10,São Paulo,3550308,True,,748,,,-23.544691750000002,-46.46327125,,,,1,2023-06-15T14:10:29+00:00
SAO_3539-10,São Paulo,3550308,True,,748,,,-23.537168375,-46.559778124999994,,,,1,2023-06-15T14:12:08+00:00
SAO_3539-10,São Paulo,3550308,True,,748,,,-23.593941,-46.40614975,,,,1,2023-06-15T14:11:25+00:00
SAO_3539-10,São Paulo,3550308,True,,748,,,-23.538011500000003,-46.564010249999995,,,,1,2023-06-15T14:11:49+00:00
SAO_3539-10,São Paulo,3550308,True,,748,,,-23.574686999999997,-46.454582,,,,1,2023-06-15T14:12:05+00:00
SAO_3539-10,São Paulo,3550308,True,,748,,,-23.5947445,-46.427139374999996,,,,1,2023-06-15T14:11:35+00:00
SAO_3539-10,São Paulo,3550308,True,,748,,,-23.55716425,-46.46541275,,,,1,2023-06-15T14:11:28+00:00
SAO_5370-21,São Paulo,3550308,True,,34319,,,-23.582243499999997,-46.655844,,,,2,2023-06-15T14:12:05+00:00
SAO_3763-10,São Paulo,3550308,True,,33822,,,-23.56282625,-46.549973,,,,2,2023-06-15T14:11:55+00:00
SAO_3763-10,São Paulo,3550308,True,,33822,,,-23.54228525,-46.575087999999994,,,,2,2023-06-15T14:11:54+00:00
SAO_3763-10,São Paulo,3550308,True,,33822,,,-23.5484695,-46.564291499999996,,,,2,2023-06-15T14:11:53+00:00
SAO_3763-10,São Paulo,3550308,True,,33822,,,-23.5675485,-46.5536645,,,,2,2023-06-15T14:11:42+00:00
SAO_3763-10,São Paulo,3550308,True,,33822,,,-23.5703375,-46.55012,,,,2,2023-06-15T14:12:09+00:00
SAO_3763-10,São Paulo,3550308,True,,33822,,,-23.5484025,-46.5639475,,,,2,2023-06-15T14:12:00+00:00
SAO_3763-10,São Paulo,3550308,True,,33822,,,-23.548356,-46.5637075,,,,2,2023-06-15T14:09:10+00:00
SAO_3763-10,São Paulo,3550308,True,,33822,,,-23.5491845,-46.567979875000006,,,,2,2023-06-15T14:11:49+00:00
SAO_3763-10,São Paulo,3550308,True,,33822,,,-23.544244499999998,-46.57462675,,,,2,2023-06-15T14:12:09+00:00
SAO_3763-10,São Paulo,3550308,True,,33822,,,-23.549973,-46.5719275,,,,2,2023-06-15T14:12:01+00:00
SAO_3763-10,São Paulo,3550308,True,,33822,,,-23.54808175,-46.5623185,,,,2,2023-06-15T14:10:59+00:00
SAO_3763-10,São Paulo,3550308,True,,33822,,,-23.566335000000002,-46.5393615,,,,2,2023-06-15T14:11:40+00:00
SAO_3763-10,São Paulo,3550308,True,,33822,,,-23.568052,-46.544205,,,,2,2023-06-15T14:11:53+00:00
SAO_3763-10,São Paulo,3550308,True,,33822,,,-23.540888000000002,-46.576099,,,,2,2023-06-15T14:12:07+00:00
SAO_3763-10,São Paulo,3550308,True,,33822,,,-23.5677895,-46.541187,,,,2,2023-06-15T14:11:51+00:00
SAO_3754-10,São Paulo,3550308,True,,33817,,,-23.56198,-46.407819,,,,2,2023-06-15T14:12:17+00:00
SAO_3754-10,São Paulo,3550308,True,,33817,,,-23.542077,-46.419137500000005,,,,2,2023-06-15T14:10:23+00:00
SAO_3754-10,São Paulo,3550308,True,,33817,,,-23.573897000000002,-46.398213999999996,,,,2,2023-06-15T14:12:03+00:00
SAO_3754-10,São Paulo,3550308,True,,33817,,,-23.573559000000003,-46.3988215,,,,2,2023-06-15T14:11:59+00:00
SAO_3754-10,São Paulo,3550308,True,,33817,,,-23.573977,-46.398133,,,,2,2023-06-15T14:12:12+00:00
SAO_476G-10,São Paulo,3550308,True,,33879,,,-23.592165,-46.644759625,,,,2,2023-06-15T14:11:02+00:00
SAO_476G-10,São Paulo,3550308,True,,33879,,,-23.614908999999997,-46.5049135,,,,2,2023-06-15T14:12:12+00:00
SAO_476G-10,São Paulo,3550308,True,,33879,,,-23.578582,-46.60805425,,,,2,2023-06-15T14:12:14+00:00
SAO_6291-10,São Paulo,3550308,True,EMTU,358,https://moovitapp.com/index/pt-br/transporte_p%C3%BAblico-line-358-Sao_Paulo-242-2038937-36419439-0,4.8,-23.6379735,-46.738895,,,,1,2023-06-15T14:11:51+00:00
SAO_6291-10,São Paulo,3550308,True,EMTU,358,https://moovitapp.com/index/pt-br/transporte_p%C3%BAblico-line-358-Sao_Paulo-242-2038937-36419439-0,4.8,-23.617054,-46.71262,,,,1,2023-06-15T14:11:58+00:00
SAO_6291-10,São Paulo,3550308,True,EMTU,358,https://moovitapp.com/index/pt-br/transporte_p%C3%BAblico-line-358-Sao_Paulo-242-2038937-36419439-0,4.8,-23.643657,-46.775748500000006,,,,1,2023-06-15T14:12:03+00:00
SAO_6291-10,São Paulo,3550308,True,EMTU,358,https://moovitapp.com/index/pt-br/transporte_p%C3%BAblico-line-358-Sao_Paulo-242-2038937-36419439-0,4.8,-23.617461499999997,-46.712681,,,,1,2023-06-15T14:11:52+00:00
SAO_6291-10,São Paulo,3550308,True,EMTU,358,https://moovitapp.com/index/pt-br/transporte_p%C3%BAblico-line-358-Sao_Paulo-242-2038937-36419439-0,4.8,-23.6348505,-46.73362725,,,,1,2023-06-15T14:11:53+00:00
SAO_6291-10,São Paulo,3550308,True,EMTU,358,https://moovitapp.com/index/pt-br/transporte_p%C3%BAblico-line-358-Sao_Paulo-242-2038937-36419439-0,4.8,-23.633526,-46.7312985,,,,1,2023-06-15T14:11:40+00:00
SAO_6291-10,São Paulo,3550308,True,EMTU,358,https://moovitapp.com/index/pt-br/transporte_p%C3%BAblico-line-358-Sao_Paulo-242-2038937-36419439-0,4.8,-23.577116,-46.6717145,,,,1,2023-06-15T14:12:18+00:00
SAO_6291-10,São Paulo,3550308,True,EMTU,358,https://moovitapp.com/index/pt-br/transporte_p%C3%BAblico-line-358-Sao_Paulo-242-2038937-36419439-0,4.8,-23.592136500000002,-46.704204000000004,,,,1,2023-06-15T14:11:56+00:00
SAO_6291-10,São Paulo,3550308,True,EMTU,358,https://moovitapp.com/index/pt-br/transporte_p%C3%BAblico-line-358-Sao_Paulo-242-2038937-36419439-0,4.8,-23.639622,-46.7444545,,,,1,2023-06-15T14:12:08+00:00
SAO_1745-10,São Paulo,3550308,True,,33314,,,-23.4730775,-46.6656575,,,,2,2023-06-15T14:12:19+00:00
SAO_1745-10,São Paulo,3550308,True,,33314,,,-23.489259,-46.651163499999996,,,,2,2023-06-15T14:11:23+00:00
SAO_1745-10,São Paulo,3550308,True,,33314,,,-23.470947499999998,-46.664488250000005,,,,2,2023-06-15T14:12:12+00:00
SAO_1745-10,São Paulo,3550308,True,,33314,,,-23.5002085,-46.6297175,,,,2,2023-06-15T14:11:50+00:00
SAO_2012-10,São Paulo,3550308,True,,2281,,,-23.49667375,-46.59373825,,,,1,2023-06-15T14:11:52+00:00
SAO_2031-10,São Paulo,3550308,True,,33135,,,-23.517386000000002,-46.4759985,,,,2,2023-06-15T14:12:02+00:00
SAO_2031-10,São Paulo,3550308,True,,33135,,,-23.514491999999997,-46.452651,,,,2,2023-06-15T14:09:57+00:00
SAO_2031-10,São Paulo,3550308,True,,33135,,,-23.50296375,-46.384437500000004,,,,2,2023-06-15T14:11:47+00:00
SAO_574C-10,São Paulo,3550308,True,,1639,,,-23.6018545,-46.57027,,,,1,2023-06-15T14:11:53+00:00
SAO_574C-10,São Paulo,3550308,True,,1639,,,-23.6107595,-46.486537,,,,1,2023-06-15T14:12:04+00:00
SAO_574C-10,São Paulo,3550308,True,,1639,,,-23.6041575,-46.569525999999996,,,,1,2023-06-15T14:12:19+00:00
SAO_574C-10,São Paulo,3550308,True,,1639,,,-23.6018625,-46.5700175,,,,1,2023-06-15T14:11:52+00:00
SAO_574C-10,São Paulo,3550308,True,,1639,,,-23.596947749999998,-46.53383,,,,1,2023-06-15T14:11:54+00:00
SAO_775N-10,São Paulo,3550308,True,,474,,,-23.5466355,-46.69045,,,,1,2023-06-15T14:11:41+00:00
SAO_775N-10,São Paulo,3550308,True,,474,,,-23.5483175,-46.73718725,,,,1,2023-06-15T14:12:14+00:00
SAO_4033-10,São Paulo,3550308,True,,33871,,,-23.615325,-46.452220499999996,,,,2,2023-06-15T14:12:15+00:00
SAO_4033-10,São Paulo,3550308,True,,33871,,,-23.613616999999998,-46.4955765,,,,2,2023-06-15T14:12:15+00:00
SAO_4033-10,São Paulo,3550308,True,,33871,,,-23.5995065,-46.529218,,,,2,2023-06-15T14:11:56+00:00
SAO_4033-10,São Paulo,3550308,True,,33871,,,-23.5980775,-46.5109945,,,,2,2023-06-15T14:12:05+00:00
SAO_4033-10,São Paulo,3550308,True,,33871,,,-23.6250495,-46.461695500000005,,,,2,2023-06-15T14:12:13+00:00
SAO_4033-10,São Paulo,3550308,True,,33871,,,-23.601197499999998,-46.5025875,,,,2,2023-06-15T14:11:58+00:00
SAO_4033-10,São Paulo,3550308,True,,33871,,,-23.601183,-46.536624,,,,2,2023-06-15T14:12:11+00:00
SAO_4033-10,São Paulo,3550308,True,,33871,,,-23.6004175,-46.53033925,,,,2,2023-06-15T14:11:38+00:00
SAO_4033-10,São Paulo,3550308,True,,33871,,,-23.604264,-46.538593500000005,,,,2,2023-06-15T14:11:54+00:00
SAO_4033-10,São Paulo,3550308,True,,33871,,,-23.597001499999998,-46.523629,,,,2,2023-06-15T14:11:37+00:00
SAO_2703-21,São Paulo,3550308,True,,1527,,,-23.5292355,-46.421021249999995,,,,1,2023-06-15T14:11:39+00:00
SAO_2703-21,São Paulo,3550308,True,,1527,,,-23.538345,-46.456574,,,,1,2023-06-15T14:08:39+00:00
SAO_2703-21,São Paulo,3550308,True,,1527,,,-23.529997,-46.42243,,,,1,2023-06-15T14:12:14+00:00
SAO_2703-21,São Paulo,3550308,True,,1527,,,-23.5355895,-46.4545845,,,,1,2023-06-15T14:12:09+00:00
SAO_809T-10,São Paulo,3550308,True,,35014,,,-23.5503711875,-46.739562875000004,,,,2,2023-06-15T14:12:11+00:00
SAO_809T-10,São Paulo,3550308,True,,35014,,,-23.585870999999997,-46.8051445,,,,2,2023-06-15T14:12:21+00:00
SAO_809T-10,São Paulo,3550308,True,,35014,,,-23.5250945,-46.7134585,,,,2,2023-06-15T14:11:59+00:00
SAO_809T-10,São Paulo,3550308,True,,35014,,,-23.585870999999997,-46.8051445,,,,2,2023-06-15T14:12:02+00:00
SAO_1788-51,São Paulo,3550308,True,,654,,,-23.476603500000003,-46.6097245,,,,1,2023-06-15T14:12:10+00:00
SAO_1788-51,São Paulo,3550308,True,,654,,,-23.4629465,-46.6033065,,,,1,2023-06-15T14:11:53+00:00
SAO_1788-51,São Paulo,3550308,True,,654,,,-23.502214000000002,-46.6235875,,,,1,2023-06-15T14:11:57+00:00
SAO_3301-10,São Paulo,3550308,True,,1618,,,-23.513615125,-46.5422155,,,,1,2023-06-15T14:11:52+00:00
SAO_3301-10,São Paulo,3550308,True,,1618,,,-23.5137875,-46.5210825,,,,1,2023-06-15T14:06:59+00:00
SAO_3301-10,São Paulo,3550308,True,,1618,,,-23.507372125000003,-46.488834374999996,,,,1,2023-06-15T14:12:12+00:00
SAO_3301-10,São Paulo,3550308,True,,1618,,,-23.527739500000003,-46.5518895,,,,1,2023-06-15T14:11:19+00:00
SAO_3301-10,São Paulo,3550308,True,,1618,,,-23.538246,-46.60124675,,,,1,2023-06-15T14:11:56+00:00
SAO_3301-10,São Paulo,3550308,True,,1618,,,-23.498089,-46.4634305,,,,1,2023-06-15T14:09:50+00:00
SAO_3301-10,São Paulo,3550308,True,,1618,,,-23.54620025,-46.63007,,,,1,2023-06-15T14:12:10+00:00
SAO_938C-10,São Paulo,3550308,True,,586,,,-23.53506275,-46.644746999999995,,,,1,2023-06-15T14:11:38+00:00
SAO_938C-10,São Paulo,3550308,True,,586,,,-23.506528000000003,-46.709759000000005,,,,1,2023-06-15T14:11:40+00:00
SAO_938C-10,São Paulo,3550308,True,,586,,,-23.507066000000002,-46.7066925,,,,1,2023-06-15T14:11:37+00:00
SAO_938C-10,São Paulo,3550308,True,,586,,,-23.4549825,-46.716257,,,,1,2023-06-15T14:11:59+00:00
SAO_938C-10,São Paulo,3550308,True,,586,,,-23.532039249999997,-46.6605625,,,,1,2023-06-15T14:12:00+00:00
SAO_5108-10,São Paulo,3550308,True,,1675,,,-23.585099375,-46.607579875,,,,1,2023-06-15T14:12:08+00:00
SAO_5108-10,São Paulo,3550308,True,,1675,,,-23.60325325,-46.61382150000001,,,,1,2023-06-15T14:11:50+00:00
SAO_5108-10,São Paulo,3550308,True,,1675,,,-23.618108499999998,-46.618496,,,,1,2023-06-15T14:12:00+00:00
SAO_5108-10,São Paulo,3550308,True,,1675,,,-23.603539750000003,-46.6137925,,,,1,2023-06-15T14:12:02+00:00
SAO_5108-10,São Paulo,3550308,True,,1675,,,-23.627274,-46.6191805,,,,1,2023-06-15T14:12:13+00:00
SAO_5108-10,São Paulo,3550308,True,,1675,,,-23.636349000000003,-46.6143955,,,,1,2023-06-15T14:11:35+00:00
SAO_5108-10,São Paulo,3550308,True,,1675,,,-23.5625755,-46.621151499999996,,,,1,2023-06-15T14:11:38+00:00
SAO_5108-10,São Paulo,3550308,True,,1675,,,-23.5468765,-46.629836,,,,1,2023-06-15T14:11:48+00:00
SAO_2009-10,São Paulo,3550308,True,,33666,,,-23.5101,-46.4144235,,,,2,2023-06-15T14:10:42+00:00
SAO_2009-10,São Paulo,3550308,True,,33666,,,-23.529732000000003,-46.415752499999996,,,,2,2023-06-15T14:12:08+00:00
SAO_2009-10,São Paulo,3550308,True,,33666,,,-23.524261,-46.414643749999996,,,,2,2023-06-15T14:12:06+00:00
SAO_2009-10,São Paulo,3550308,True,,33666,,,-23.5097905,-46.414007999999995,,,,2,2023-06-15T14:12:19+00:00
SAO_2009-10,São Paulo,3550308,True,,33666,,,-23.510565,-46.413686999999996,,,,2,2023-06-15T14:11:45+00:00
SAO_2009-10,São Paulo,3550308,True,,33666,,,-23.5104185,-46.413852500000004,,,,2,2023-06-15T14:08:53+00:00
SAO_2009-10,São Paulo,3550308,True,,33666,,,-23.53906475,-46.41295875,,,,2,2023-06-15T14:11:17+00:00
SAO_8000-1,São Paulo,3550308,True,,2506,,,-23.525020750000003,-46.68476875,,,,1,2023-06-15T14:12:00+00:00
SAO_8000-1,São Paulo,3550308,True,,2506,,,-23.520449499999998,-46.6996115,,,,1,2023-06-15T14:11:59+00:00
SAO_8000-1,São Paulo,3550308,True,,2506,,,-23.544097,-46.644393,,,,1,2023-06-15T14:11:41+00:00
SAO_8000-1,São Paulo,3550308,True,,2506,,,-23.5373655,-46.649314125,,,,1,2023-06-15T14:12:16+00:00
SAO_8000-1,São Paulo,3550308,True,,2506,,,-23.52490925,-46.6994055,,,,1,2023-06-15T14:12:19+00:00
SAO_8000-1,São Paulo,3550308,True,,2506,,,-23.540161750000003,-46.64419375,,,,1,2023-06-15T14:12:10+00:00
SAO_8000-1,São Paulo,3550308,True,,2506,,,-23.530192125,-46.666985249999996,,,,1,2023-06-15T14:12:00+00:00
SAO_1788-10,São Paulo,3550308,True,,33421,,,-23.4563785,-46.59083275,,,,2,2023-06-15T14:11:45+00:00
SAO_1788-10,São Paulo,3550308,True,,33421,,,-23.4699055,-46.6048205,,,,2,2023-06-15T14:11:56+00:00
SAO_1788-10,São Paulo,3550308,True,,33421,,,-23.5020465,-46.62336450000001,,,,2,2023-06-15T14:12:09+00:00
SAO_1788-10,São Paulo,3550308,True,,33421,,,-23.4579565,-46.602463,,,,2,2023-06-15T14:11:56+00:00
SAO_1788-10,São Paulo,3550308,True,,33421,,,-23.4385065,-46.582041000000004,,,,2,2023-06-15T14:10:48+00:00
SAO_407F-10,São Paulo,3550308,True,,2167,,,-23.562289,-46.5611545,,,,1,2023-06-15T14:11:42+00:00
SAO_407F-10,São Paulo,3550308,True,,2167,,,-23.583665,-46.494313500000004,,,,1,2023-06-15T14:12:03+00:00
SAO_407F-10,São Paulo,3550308,True,,2167,,,-23.611961,-46.4750065,,,,1,2023-06-15T14:12:14+00:00
SAO_407F-10,São Paulo,3550308,True,,2167,,,-23.573778,-46.532257,,,,1,2023-06-15T14:11:46+00:00
SAO_407F-10,São Paulo,3550308,True,,2167,,,-23.549926,-46.580749,,,,1,2023-06-15T14:12:09+00:00
SAO_374V-10,São Paulo,3550308,True,,34415,,,-23.5110345,-46.4547195,,,,2,2023-06-15T14:12:05+00:00
SAO_374V-10,São Paulo,3550308,True,,34415,,,-23.511018999999997,-46.4545,,,,2,2023-06-15T14:11:53+00:00
SAO_374V-10,São Paulo,3550308,True,,34415,,,-23.522839500000003,-46.44738375,,,,2,2023-06-15T14:11:38+00:00
SAO_374V-10,São Paulo,3550308,True,,34415,,,-23.526243625,-46.4547235,,,,2,2023-06-15T14:11:53+00:00
SAO_374V-10,São Paulo,3550308,True,,34415,,,-23.542698,-46.471688,,,,2,2023-06-15T14:12:17+00:00
SAO_3725-10,São Paulo,3550308,True,,33790,,,-23.546653,-46.517189,,,,2,2023-06-15T14:11:48+00:00
SAO_3725-10,São Paulo,3550308,True,,33790,,,-23.5380385,-46.525535500000004,,,,2,2023-06-15T14:12:17+00:00
SAO_3725-10,São Paulo,3550308,True,,33790,,,-23.533086,-46.530659,,,,2,2023-06-15T14:12:08+00:00
SAO_3725-10,São Paulo,3550308,True,,33790,,,-23.541942499999998,-46.5232755,,,,2,2023-06-15T14:11:42+00:00
SAO_3725-10,São Paulo,3550308,True,,33790,,,-23.5332225,-46.530609,,,,2,2023-06-15T14:12:04+00:00
SAO_3725-10,São Paulo,3550308,True,,33790,,,-23.533086,-46.530659,,,,2,2023-06-15T14:12:21+00:00
SAO_3725-10,São Paulo,3550308,True,,33790,,,-23.5497205,-46.520276749999994,,,,2,2023-06-15T14:12:13+00:00
SAO_930P-10,São Paulo,3550308,True,,34883,,,-23.567972,-46.6705045,,,,2,2023-06-15T14:12:18+00:00
SAO_930P-10,São Paulo,3550308,True,,34883,,,-23.5683045,-46.692619,,,,2,2023-06-15T14:12:08+00:00
SAO_930P-10,São Paulo,3550308,True,,34883,,,-23.551137312499996,-46.64976625,,,,2,2023-06-15T14:12:22+00:00
SAO_930P-10,São Paulo,3550308,True,,34883,,,-23.578630999999998,-46.68615750000001,,,,2,2023-06-15T14:12:21+00:00
SAO_930P-10,São Paulo,3550308,True,,34883,,,-23.546062,-46.630887,,,,2,2023-06-15T14:12:05+00:00
SAO_930P-10,São Paulo,3550308,True,,34883,,,-23.54894,-46.6423725,,,,2,2023-06-15T14:09:47+00:00
SAO_9002-10,São Paulo,3550308,True,,33638,,,-23.4580775,-46.671527499999996,,,,2,2023-06-15T14:11:47+00:00
SAO_9002-10,São Paulo,3550308,True,,33638,,,-23.457518,-46.670135,,,,2,2023-06-15T14:12:09+00:00
SAO_9002-10,São Paulo,3550308,True,,33638,,,-23.4752665,-46.670108,,,,2,2023-06-15T14:11:54+00:00
SAO_9002-10,São Paulo,3550308,True,,33638,,,-23.4555195,-46.673906,,,,2,2023-06-15T14:12:15+00:00
SAO_9002-10,São Paulo,3550308,True,,33638,,,-23.4580655,-46.671398499999995,,,,2,2023-06-15T14:12:12+00:00
SAO_5038-10,São Paulo,3550308,True,,1661,,,-23.623129749999997,-46.60181925,,,,1,2023-06-15T14:11:53+00:00
SAO_5038-10,São Paulo,3550308,True,,1661,,,-23.650569,-46.614115999999996,,,,1,2023-06-15T14:12:10+00:00
SAO_5038-10,São Paulo,3550308,True,,1661,,,-23.653982499999998,-46.602772,,,,1,2023-06-15T14:12:05+00:00
SAO_5038-10,São Paulo,3550308,True,,1661,,,-23.6102925,-46.599926374999995,,,,1,2023-06-15T14:12:10+00:00
SAO_5038-10,São Paulo,3550308,True,,1661,,,-23.6204855,-46.601115500000006,,,,1,2023-06-15T14:11:58+00:00
SAO_5038-10,São Paulo,3550308,True,,1661,,,-23.6499915,-46.608687,,,,1,2023-06-15T14:11:53+00:00
SAO_5038-10,São Paulo,3550308,True,,1661,,,-23.631802999999998,-46.604600500000004,,,,1,2023-06-15T14:11:57+00:00
SAO_172X-10,São Paulo,3550308,True,,861,,,-23.512916250000004,-46.56801125,,,,1,2023-06-15T14:11:43+00:00
SAO_172X-10,São Paulo,3550308,True,,861,,,-23.5043985,-46.56474425,,,,1,2023-06-15T14:12:21+00:00
SAO_172X-10,São Paulo,3550308,True,,861,,,-23.532779,-46.5756275,,,,1,2023-06-15T14:11:54+00:00
SAO_172X-10,São Paulo,3550308,True,,861,,,-23.5259835,-46.5790145,,,,1,2023-06-15T14:11:40+00:00
SAO_172X-10,São Paulo,3550308,True,,861,,,-23.504832,-46.567709,,,,1,2023-06-15T14:12:03+00:00
SAO_172X-10,São Paulo,3550308,True,,861,,,-23.52706725,-46.58320125,,,,1,2023-06-15T14:11:41+00:00
SAO_172X-10,São Paulo,3550308,True,,861,,,-23.533907499999998,-46.5755945,,,,1,2023-06-15T14:12:17+00:00
SAO_172X-10,São Paulo,3550308,True,,861,,,-23.537915750000003,-46.57550675,,,,1,2023-06-15T14:11:53+00:00
SAO_6020-10,São Paulo,3550308,True,,2455,,,-23.826263,-46.7441395,,,,1,2023-06-15T14:11:52+00:00
SAO_1178-31,São Paulo,3550308,True,,1812,,,-23.518228,-46.629009499999995,,,,1,2023-06-15T14:11:55+00:00
SAO_1178-31,São Paulo,3550308,True,,1812,,,-23.541905,-46.635033,,,,1,2023-06-15T14:11:50+00:00
SAO_1178-31,São Paulo,3550308,True,,1812,,,-23.4848685,-46.4679915,,,,1,2023-06-15T14:09:52+00:00
SAO_1178-31,São Paulo,3550308,True,,1812,,,-23.527869000000003,-46.591554,,,,1,2023-06-15T14:12:06+00:00
SAO_1178-31,São Paulo,3550308,True,,1812,,,-23.518088499999998,-46.630359999999996,,,,1,2023-06-15T14:11:37+00:00
SAO_1178-31,São Paulo,3550308,True,,1812,,,-23.4852985,-46.48650550000001,,,,1,2023-06-15T14:11:52+00:00
SAO_1178-31,São Paulo,3550308,True,,1812,,,-23.48515725,-46.48001325,,,,1,2023-06-15T14:05:55+00:00
SAO_1178-31,São Paulo,3550308,True,,1812,,,-23.504262,-46.433165,,,,1,2023-06-15T14:11:39+00:00
SAO_4313-10,São Paulo,3550308,True,,2173,,,-23.585396499999998,-46.414854500000004,,,,1,2023-06-15T14:09:36+00:00
SAO_4313-10,São Paulo,3550308,True,,2173,,,-23.544167,-46.5931175,,,,1,2023-06-15T14:11:37+00:00
SAO_4313-10,São Paulo,3550308,True,,2173,,,-23.579605,-46.412025,,,,1,2023-06-15T14:12:19+00:00
SAO_4313-10,São Paulo,3550308,True,,2173,,,-23.595225499999998,-46.433454,,,,1,2023-06-15T14:11:58+00:00
SAO_4313-10,São Paulo,3550308,True,,2173,,,-23.536626625000004,-46.55699375,,,,1,2023-06-15T14:11:10+00:00
SAO_4313-10,São Paulo,3550308,True,,2173,,,-23.578518000000003,-46.49639275,,,,1,2023-06-15T14:11:48+00:00
SAO_4313-10,São Paulo,3550308,True,,2173,,,-23.552431249999998,-46.519373625,,,,1,2023-06-15T14:12:09+00:00
SAO_4313-10,São Paulo,3550308,True,,2173,,,-23.54165,-46.579479500000005,,,,1,2023-06-15T14:12:07+00:00
SAO_4313-10,São Paulo,3550308,True,,2173,,,-23.598427,-46.4609985,,,,1,2023-06-15T14:11:46+00:00
SAO_4313-10,São Paulo,3550308,True,,2173,,,-23.538839,-46.568675999999996,,,,1,2023-06-15T14:07:41+00:00
SAO_4313-10,São Paulo,3550308,True,,2173,,,-23.536211,-46.547247,,,,1,2023-06-15T14:12:04+00:00
SAO_4313-10,São Paulo,3550308,True,,2173,,,-23.5394475,-46.542668500000005,,,,1,2023-06-15T14:12:08+00:00
SAO_4313-10,São Paulo,3550308,True,,2173,,,-23.552234499999997,-46.6106215,,,,1,2023-06-15T14:11:47+00:00
SAO_4313-10,São Paulo,3550308,True,,2173,,,-23.5960075,-46.4352935,,,,1,2023-06-15T14:11:45+00:00
SAO_4313-10,São Paulo,3550308,True,,2173,,,-23.5471805,-46.629935,,,,1,2023-06-15T14:12:13+00:00
SAO_4313-10,São Paulo,3550308,True,,2173,,,-23.594535,-46.447323499999996,,,,1,2023-06-15T14:12:03+00:00
SAO_4313-10,São Paulo,3550308,True,,2173,,,-23.5863405,-46.4871115,,,,1,2023-06-15T14:12:13+00:00
SAO_4313-10,São Paulo,3550308,True,,2173,,,-23.565707500000002,-46.507183999999995,,,,1,2023-06-15T14:11:55+00:00
SAO_4313-10,São Paulo,3550308,True,,2173,,,-23.5825065,-46.407171,,,,1,2023-06-15T14:11:59+00:00
SAO_3459-24,São Paulo,3550308,True,,1727,,,-23.5473415,-46.629296499999995,,,,1,2023-06-15T14:11:51+00:00
SAO_3459-24,São Paulo,3550308,True,,1727,,,-23.500049,-46.442477,,,,1,2023-06-15T14:11:33+00:00
SAO_3459-24,São Paulo,3550308,True,,1727,,,-23.543402,-46.589890499999996,,,,1,2023-06-15T14:12:21+00:00
SAO_4222-10,São Paulo,3550308,True,,33056,,,-23.585162,-46.584246,,,,2,2023-06-15T14:12:06+00:00
SAO_4222-10,São Paulo,3550308,True,,33056,,,-23.6143715,-46.512184000000005,,,,2,2023-06-15T14:12:13+00:00
SAO_4222-10,São Paulo,3550308,True,,33056,,,-23.590746000000003,-46.551272499999996,,,,2,2023-06-15T14:11:46+00:00
SAO_4222-10,São Paulo,3550308,True,,33056,,,-23.566328125,-46.60579262500001,,,,2,2023-06-15T14:11:40+00:00
SAO_546A-31,São Paulo,3550308,True,,1132,,,-23.695936500000002,-46.675942,,,,1,2023-06-15T14:12:12+00:00
SAO_546A-31,São Paulo,3550308,True,,1132,,,-23.680270999999998,-46.683795,,,,1,2023-06-15T14:12:15+00:00
SAO_546A-31,São Paulo,3550308,True,,1132,,,-23.660213499999998,-46.6960475,,,,1,2023-06-15T14:11:57+00:00
SAO_546A-31,São Paulo,3550308,True,,1132,,,-23.695213000000003,-46.6539025,,,,1,2023-06-15T14:10:41+00:00
SAO_2734-10,São Paulo,3550308,True,,34528,,,-23.540009,-46.472531000000004,,,,2,2023-06-15T14:11:49+00:00
SAO_2734-10,São Paulo,3550308,True,,34528,,,-23.531364250000003,-46.449047,,,,2,2023-06-15T14:12:15+00:00
SAO_2734-10,São Paulo,3550308,True,,34528,,,-23.541961999999998,-46.470873,,,,2,2023-06-15T14:12:17+00:00
SAO_2734-10,São Paulo,3550308,True,,34528,,,-23.53189375,-46.449678750000004,,,,2,2023-06-15T14:11:58+00:00
SAO_2734-10,São Paulo,3550308,True,,34528,,,-23.512009,-46.40866,,,,2,2023-06-15T14:09:30+00:00
SAO_6913-21,São Paulo,3550308,True,,1549,,,-23.6049955,-46.675182500000005,,,,1,2023-06-15T14:12:11+00:00
SAO_6913-21,São Paulo,3550308,True,,1549,,,-23.583924500000002,-46.6703565,,,,1,2023-06-15T14:11:51+00:00
SAO_6913-21,São Paulo,3550308,True,,1549,,,-23.62798775,-46.68843425,,,,1,2023-06-15T14:12:18+00:00
SAO_6913-21,São Paulo,3550308,True,,1549,,,-23.5960915,-46.6732855,,,,1,2023-06-15T14:11:51+00:00
SAO_1730-10,São Paulo,3550308,True,,865,,,-23.515809499999996,-46.6162245,,,,1,2023-06-15T14:11:56+00:00
SAO_1730-10,São Paulo,3550308,True,,865,,,-23.51405075,-46.62495075,,,,1,2023-06-15T14:11:59+00:00
SAO_1730-10,São Paulo,3550308,True,,865,,,-23.515809499999996,-46.6162245,,,,1,2023-06-15T14:11:50+00:00
SAO_5024-10,São Paulo,3550308,True,,33890,,,-23.6811425,-46.6818665,,,,2,2023-06-15T14:11:43+00:00
SAO_5024-10,São Paulo,3550308,True,,33890,,,-23.68691,-46.662729,,,,2,2023-06-15T14:11:42+00:00
SAO_5024-10,São Paulo,3550308,True,,33890,,,-23.653215125000003,-46.702096749999995,,,,2,2023-06-15T14:11:52+00:00
SAO_5024-10,São Paulo,3550308,True,,33890,,,-23.689408999999998,-46.6492585,,,,2,2023-06-15T14:11:53+00:00
SAO_5106-21,São Paulo,3550308,True,,1972,,,-23.680912,-46.632216,,,,1,2023-06-15T14:10:07+00:00
SAO_5106-21,São Paulo,3550308,True,,1972,,,-23.684505,-46.653369,,,,1,2023-06-15T14:12:11+00:00
SAO_5106-21,São Paulo,3550308,True,,1972,,,-23.68760825,-46.640651250000005,,,,1,2023-06-15T14:12:21+00:00
SAO_5106-21,São Paulo,3550308,True,,1972,,,-23.6073375,-46.65361675,,,,1,2023-06-15T14:12:17+00:00
SAO_5106-21,São Paulo,3550308,True,,1972,,,-23.6344415,-46.6412225,,,,1,2023-06-15T14:12:15+00:00
SAO_5106-21,São Paulo,3550308,True,,1972,,,-23.6131685,-46.69583,,,,1,2023-06-15T14:12:20+00:00
SAO_5106-21,São Paulo,3550308,True,,1972,,,-23.686666,-46.63355,,,,1,2023-06-15T14:11:49+00:00
SAO_5106-21,São Paulo,3550308,True,,1972,,,-23.604674125,-46.67404675,,,,1,2023-06-15T14:12:18+00:00
SAO_5106-21,São Paulo,3550308,True,,1972,,,-23.62553725,-46.6404665,,,,1,2023-06-15T14:12:16+00:00
SAO_5106-21,São Paulo,3550308,True,,1972,,,-23.62553725,-46.6404665,,,,1,2023-06-15T14:11:44+00:00
SAO_5106-21,São Paulo,3550308,True,,1972,,,-23.60919625,-46.694393,,,,1,2023-06-15T14:11:58+00:00
SAO_5106-21,São Paulo,3550308,True,,1972,,,-23.60742325,-46.65501675,,,,1,2023-06-15T14:12:18+00:00
SAO_5106-21,São Paulo,3550308,True,,1972,,,-23.6051955,-46.6577975,,,,1,2023-06-15T14:12:04+00:00
SAO_5106-21,São Paulo,3550308,True,,1972,,,-23.596595,-46.691214,,,,1,2023-06-15T14:11:47+00:00
SAO_5106-21,São Paulo,3550308,True,,1972,,,-23.60399925,-46.67521375,,,,1,2023-06-15T14:11:38+00:00
SAO_5106-21,São Paulo,3550308,True,,1972,,,-23.653466249999997,-46.636911500000004,,,,1,2023-06-15T14:11:45+00:00
SAO_4312-10,São Paulo,3550308,True,,34940,,,-23.53225175,-46.53098425,,,,2,2023-06-15T14:12:15+00:00
SAO_4312-10,São Paulo,3550308,True,,34940,,,-23.570552125,-46.489686875,,,,2,2023-06-15T14:11:43+00:00
SAO_4312-10,São Paulo,3550308,True,,34940,,,-23.552774499999998,-46.6166415,,,,2,2023-06-15T14:12:18+00:00
SAO_4312-10,São Paulo,3550308,True,,34940,,,-23.570552125,-46.489686875,,,,2,2023-06-15T14:12:07+00:00
SAO_4312-10,São Paulo,3550308,True,,34940,,,-23.558311,-46.495559,,,,2,2023-06-15T14:12:12+00:00
SAO_4312-10,São Paulo,3550308,True,,34940,,,-23.53955,-46.515206500000005,,,,2,2023-06-15T14:11:37+00:00
SAO_4312-10,São Paulo,3550308,True,,34940,,,-23.551575874999997,-46.608794625,,,,2,2023-06-15T14:12:07+00:00
SAO_4312-10,São Paulo,3550308,True,,34940,,,-23.53179125,-46.5233455,,,,2,2023-06-15T14:09:00+00:00
SAO_4312-10,São Paulo,3550308,True,,34940,,,-23.5395165,-46.571670499999996,,,,2,2023-06-15T14:11:43+00:00
SAO_4312-10,São Paulo,3550308,True,,34940,,,-23.557622000000002,-46.497387,,,,2,2023-06-15T14:11:11+00:00
SAO_4312-10,São Paulo,3550308,True,,34940,,,-23.538698,-46.565755,,,,2,2023-06-15T14:10:51+00:00
SAO_403A-10,São Paulo,3550308,True,,2192,,,-23.5313775,-46.540551,,,,1,2023-06-15T14:12:11+00:00
SAO_403A-10,São Paulo,3550308,True,,2192,,,-23.5319315,-46.543921999999995,,,,1,2023-06-15T14:11:38+00:00
SAO_403A-10,São Paulo,3550308,True,,2192,,,-23.5527555,-46.457689875,,,,1,2023-06-15T14:12:04+00:00
SAO_403A-10,São Paulo,3550308,True,,2192,,,-23.541372250000002,-46.51867375,,,,1,2023-06-15T14:12:10+00:00
SAO_403A-10,São Paulo,3550308,True,,2192,,,-23.555951999999998,-46.469131000000004,,,,1,2023-06-15T14:11:40+00:00
SAO_403A-10,São Paulo,3550308,True,,2192,,,-23.524410500000002,-46.549203875,,,,1,2023-06-15T14:12:21+00:00
SAO_4114-10,São Paulo,3550308,True,,33089,,,-23.56409275,-46.63504075,,,,2,2023-06-15T14:12:17+00:00
SAO_4114-10,São Paulo,3550308,True,,33089,,,-23.5863315,-46.620156,,,,2,2023-06-15T14:11:38+00:00
SAO_8000-10,São Paulo,3550308,True,,34041,,,-23.547560500000003,-46.640557,,,,2,2023-06-15T14:11:57+00:00
SAO_8000-10,São Paulo,3550308,True,,34041,,,-23.538790874999997,-46.646524125,,,,2,2023-06-15T14:12:09+00:00
SAO_8000-10,São Paulo,3550308,True,,34041,,,-23.538497375,-46.647045625000004,,,,2,2023-06-15T14:11:59+00:00
SAO_8000-10,São Paulo,3550308,True,,34041,,,-23.547560500000003,-46.640557,,,,2,2023-06-15T14:12:16+00:00
SAO_8000-10,São Paulo,3550308,True,,34041,,,-23.545885499999997,-46.638711,,,,2,2023-06-15T14:12:20+00:00
SAO_6072-23,São Paulo,3550308,True,,34772,,,-23.767676,-46.7238485,,,,2,2023-06-15T14:12:00+00:00
SAO_189L-10,São Paulo,3550308,True,,35218,,,-23.486798999999998,-46.7106505,,,,2,2023-06-15T14:11:52+00:00
SAO_189L-10,São Paulo,3550308,True,,35218,,,-23.518870999999997,-46.7005015,,,,2,2023-06-15T14:11:54+00:00
SAO_189L-10,São Paulo,3550308,True,,35218,,,-23.5011145,-46.7063615,,,,2,2023-06-15T14:12:16+00:00
SAO_189L-10,São Paulo,3550308,True,,35218,,,-23.486798999999998,-46.7106505,,,,2,2023-06-15T14:11:50+00:00
SAO_1772-10,São Paulo,3550308,True,,635,,,-23.4799805,-46.602329499999996,,,,1,2023-06-15T14:11:56+00:00
SAO_1772-10,São Paulo,3550308,True,,635,,,-23.48009,-46.602402,,,,1,2023-06-15T14:11:22+00:00
SAO_1772-10,São Paulo,3550308,True,,635,,,-23.451824000000002,-46.585422,,,,1,2023-06-15T14:12:11+00:00
SAO_1772-10,São Paulo,3550308,True,,635,,,-23.4408405,-46.5758805,,,,1,2023-06-15T14:11:50+00:00
SAO_1772-10,São Paulo,3550308,True,,635,,,-23.451010500000002,-46.588708999999994,,,,1,2023-06-15T14:12:04+00:00
SAO_1772-10,São Paulo,3550308,True,,635,,,-23.462664375000003,-46.59500299999999,,,,1,2023-06-15T14:11:45+00:00
SAO_1772-10,São Paulo,3550308,True,,635,,,-23.43408775,-46.57864275,,,,1,2023-06-15T14:12:19+00:00
SAO_809J-10,São Paulo,3550308,True,,2066,,,-23.5868145,-46.7241385,,,,1,2023-06-15T14:11:51+00:00
SAO_809J-10,São Paulo,3550308,True,,2066,,,-23.598890250000004,-46.720772,,,,1,2023-06-15T14:12:06+00:00
SAO_809D-10,São Paulo,3550308,True,,2068,,,-23.5759045,-46.718219000000005,,,,1,2023-06-15T14:12:12+00:00
SAO_809D-10,São Paulo,3550308,True,,2068,,,-23.602096000000003,-46.7832995,,,,1,2023-06-15T14:11:54+00:00
SAO_809D-10,São Paulo,3550308,True,,2068,,,-23.588569874999997,-46.76650325,,,,1,2023-06-15T14:11:40+00:00
SAO_809D-10,São Paulo,3550308,True,,2068,,,-23.5725605,-46.704529,,,,1,2023-06-15T14:12:11+00:00
SAO_1178-31,São Paulo,3550308,True,,34580,,,-23.526656375,-46.63091825000001,,,,2,2023-06-15T14:12:19+00:00
SAO_1178-31,São Paulo,3550308,True,,34580,,,-23.515811499999998,-46.546036,,,,2,2023-06-15T14:12:01+00:00
SAO_1178-31,São Paulo,3550308,True,,34580,,,-23.49339325,-46.45071125,,,,2,2023-06-15T14:11:53+00:00
SAO_1178-31,São Paulo,3550308,True,,34580,,,-23.50627625,-46.53124875,,,,2,2023-06-15T14:11:01+00:00
SAO_2714-10,São Paulo,3550308,True,,927,,,-23.5313415,-46.529821,,,,1,2023-06-15T14:12:06+00:00
SAO_2714-10,São Paulo,3550308,True,,927,,,-23.5082615,-46.531231500000004,,,,1,2023-06-15T14:12:22+00:00
SAO_2714-10,São Paulo,3550308,True,,927,,,-23.518503062500002,-46.53140875,,,,1,2023-06-15T14:12:18+00:00
SAO_2714-10,São Paulo,3550308,True,,927,,,-23.5313415,-46.529821,,,,1,2023-06-15T14:11:55+00:00
SAO_2714-10,São Paulo,3550308,True,,927,,,-23.510823000000002,-46.527035,,,,1,2023-06-15T14:11:41+00:00
SAO_2714-10,São Paulo,3550308,True,,927,,,-23.5313415,-46.529821,,,,1,2023-06-15T14:12:13+00:00
SAO_573T-10,São Paulo,3550308,True,,1632,,,-23.542123,-46.559355,,,,1,2023-06-15T14:11:56+00:00
SAO_573T-10,São Paulo,3550308,True,,1632,,,-23.596187999999998,-46.488845999999995,,,,1,2023-06-15T14:12:05+00:00
SAO_573T-10,São Paulo,3550308,True,,1632,,,-23.553845,-46.527522000000005,,,,1,2023-06-15T14:12:22+00:00
SAO_573T-10,São Paulo,3550308,True,,1632,,,-23.614487500000003,-46.499342125,,,,1,2023-06-15T14:12:04+00:00
SAO_573T-10,São Paulo,3550308,True,,1632,,,-23.57247625,-46.5058975,,,,1,2023-06-15T14:12:00+00:00
SAO_573T-10,São Paulo,3550308,True,,1632,,,-23.6032375,-46.489014499999996,,,,1,2023-06-15T14:11:51+00:00
SAO_573T-10,São Paulo,3550308,True,,1632,,,-23.605718,-46.48736525,,,,1,2023-06-15T14:11:52+00:00
SAO_573T-10,São Paulo,3550308,True,,1632,,,-23.5398315,-46.566361,,,,1,2023-06-15T14:10:25+00:00
SAO_573T-10,São Paulo,3550308,True,,1632,,,-23.570583,-46.507211625,,,,1,2023-06-15T14:11:52+00:00
SAO_2708-10,São Paulo,3550308,True,,921,,,-23.542138,-46.471932499999994,,,,1,2023-06-15T14:06:44+00:00
SAO_2708-10,São Paulo,3550308,True,,921,,,-23.542588000000002,-46.46839,,,,1,2023-06-15T14:06:46+00:00
SAO_2708-10,São Paulo,3550308,True,,921,,,-23.538381,-46.45576,,,,1,2023-06-15T13:59:50+00:00
SAO_2708-10,São Paulo,3550308,True,,921,,,-23.538075874999997,-46.455483,,,,1,2023-06-15T14:06:26+00:00
SAO_2708-10,São Paulo,3550308,True,,921,,,-23.5255365,-46.411716999999996,,,,1,2023-06-15T14:11:22+00:00
SAO_8055-10,São Paulo,3550308,True,,414,,,-23.52046075,-46.721249,,,,1,2023-06-15T14:11:04+00:00
SAO_8055-10,São Paulo,3550308,True,,414,,,-23.507397,-46.749211,,,,1,2023-06-15T14:12:03+00:00
SAO_8055-10,São Paulo,3550308,True,,414,,,-23.448002000000002,-46.787583,,,,1,2023-06-15T14:11:44+00:00
SAO_8055-10,São Paulo,3550308,True,,414,,,-23.4043965,-46.7518015,,,,1,2023-06-15T14:11:44+00:00
SAO_8055-10,São Paulo,3550308,True,,414,,,-23.405466999999998,-46.73688775,,,,1,2023-06-15T14:11:49+00:00
SAO_8055-10,São Paulo,3550308,True,,414,,,-23.4062225,-46.7558425,,,,1,2023-06-15T14:11:57+00:00
SAO_118Y-10,São Paulo,3550308,True,EMTU,841,https://moovitapp.com/index/pt-br/transporte_p%C3%BAblico-line-841-Sao_Paulo-242-2038937-36419604-0,5.15,-23.5198805,-46.702942,,,,1,2023-06-15T14:12:04+00:00
SAO_118Y-10,São Paulo,3550308,True,EMTU,841,https://moovitapp.com/index/pt-br/transporte_p%C3%BAblico-line-841-Sao_Paulo-242-2038937-36419604-0,5.15,-23.479932499999997,-46.649947999999995,,,,1,2023-06-15T14:12:10+00:00
SAO_118Y-10,São Paulo,3550308,True,EMTU,841,https://moovitapp.com/index/pt-br/transporte_p%C3%BAblico-line-841-Sao_Paulo-242-2038937-36419604-0,5.15,-23.508825,-46.6896915,,,,1,2023-06-15T14:11:33+00:00
SAO_118Y-10,São Paulo,3550308,True,EMTU,841,https://moovitapp.com/index/pt-br/transporte_p%C3%BAblico-line-841-Sao_Paulo-242-2038937-36419604-0,5.15,-23.4824745,-46.66213875,,,,1,2023-06-15T14:11:23+00:00
SAO_118Y-10,São Paulo,3550308,True,EMTU,841,https://moovitapp.com/index/pt-br/transporte_p%C3%BAblico-line-841-Sao_Paulo-242-2038937-36419604-0,5.15,-23.508657875,-46.686695625000006,,,,1,2023-06-15T14:11:44+00:00
SAO_118Y-10,São Paulo,3550308,True,EMTU,841,https://moovitapp.com/index/pt-br/transporte_p%C3%BAblico-line-841-Sao_Paulo-242-2038937-36419604-0,5.15,-23.498442500000003,-46.675213,,,,1,2023-06-15T14:11:36+00:00
SAO_574W-10,São Paulo,3550308,True,,34397,,,-23.561101,-46.564223,,,,2,2023-06-15T14:11:45+00:00
SAO_574W-10,São Paulo,3550308,True,,34397,,,-23.615348,-46.4847155,,,,2,2023-06-15T14:11:56+00:00
SAO_574W-10,São Paulo,3550308,True,,34397,,,-23.599266999999998,-46.514247,,,,2,2023-06-15T14:11:47+00:00
SAO_574W-10,São Paulo,3550308,True,,34397,,,-23.543466375,-46.590280875,,,,2,2023-06-15T14:12:04+00:00
SAO_574W-10,São Paulo,3550308,True,,34397,,,-23.577344,-46.524668,,,,2,2023-06-15T14:12:10+00:00
SAO_574W-10,São Paulo,3550308,True,,34397,,,-23.613988499999998,-46.5034895,,,,2,2023-06-15T14:12:04+00:00
SAO_6823-10,São Paulo,3550308,True,,34,,,-23.654442500000002,-46.7623235,,,,1,2023-06-15T14:11:35+00:00
SAO_6823-10,São Paulo,3550308,True,,34,,,-23.686546999999997,-46.790687,,,,1,2023-06-15T14:11:56+00:00
SAO_373L-10,São Paulo,3550308,True,,1027,,,-23.596679,-46.435494000000006,,,,1,2023-06-15T14:12:15+00:00
SAO_373L-10,São Paulo,3550308,True,,1027,,,-23.543105,-46.46927075,,,,1,2023-06-15T14:11:56+00:00
SAO_373L-10,São Paulo,3550308,True,,1027,,,-23.6224955,-46.4141075,,,,1,2023-06-15T14:12:13+00:00
SAO_373L-10,São Paulo,3550308,True,,1027,,,-23.5693275,-46.446983,,,,1,2023-06-15T14:11:55+00:00
SAO_373L-10,São Paulo,3550308,True,,1027,,,-23.5423435,-46.4704945,,,,1,2023-06-15T14:12:00+00:00
SAO_7053-10,São Paulo,3550308,True,,1887,,,-23.634623,-46.775131,,,,1,2023-06-15T14:11:49+00:00
SAO_7053-10,São Paulo,3550308,True,,1887,,,-23.64189,-46.7853535,,,,1,2023-06-15T14:12:15+00:00
SAO_7053-10,São Paulo,3550308,True,,1887,,,-23.631258,-46.773112999999995,,,,1,2023-06-15T14:11:38+00:00
SAO_7053-10,São Paulo,3550308,True,,1887,,,-23.6516065,-46.790730999999994,,,,1,2023-06-15T14:11:56+00:00
SAO_3787-10,São Paulo,3550308,True,,1612,,,-23.5703395,-46.4468915,,,,1,2023-06-15T14:11:39+00:00
SAO_3787-10,São Paulo,3550308,True,,1612,,,-23.5425225,-46.470603999999994,,,,1,2023-06-15T14:12:02+00:00
SAO_3787-10,São Paulo,3550308,True,,1612,,,-23.595830375,-46.436915625,,,,1,2023-06-15T14:12:09+00:00
SAO_3787-10,São Paulo,3550308,True,,1612,,,-23.5601775,-46.4455895,,,,1,2023-06-15T14:11:58+00:00
SAO_3787-10,São Paulo,3550308,True,,1612,,,-23.542410500000003,-46.4699315,,,,1,2023-06-15T14:12:09+00:00
SAO_3787-10,São Paulo,3550308,True,,1612,,,-23.590641249999997,-46.41002025,,,,1,2023-06-15T14:11:54+00:00
SAO_3787-10,São Paulo,3550308,True,,1612,,,-23.548436375,-46.460986000000005,,,,1,2023-06-15T14:12:03+00:00
SAO_3787-10,São Paulo,3550308,True,,1612,,,-23.590070500000003,-46.408122250000005,,,,1,2023-06-15T14:12:07+00:00
SAO_3787-10,São Paulo,3550308,True,,1612,,,-23.563545,-46.446155,,,,1,2023-06-15T14:11:55+00:00
SAO_8022-10,São Paulo,3550308,True,,2085,,,-23.552102499999997,-46.72969625,,,,1,2023-06-15T14:12:19+00:00
SAO_8022-10,São Paulo,3550308,True,,2085,,,-23.5552195,-46.7236725,,,,1,2023-06-15T14:11:06+00:00
SAO_8022-10,São Paulo,3550308,True,,2085,,,-23.5651365,-46.739116749999994,,,,1,2023-06-15T14:12:12+00:00
SAO_8022-10,São Paulo,3550308,True,,2085,,,-23.55566275,-46.733544249999994,,,,1,2023-06-15T14:11:42+00:00
SAO_8022-10,São Paulo,3550308,True,,2085,,,-23.569158125,-46.708473624999996,,,,1,2023-06-15T14:12:03+00:00
SAO_6031-10,São Paulo,3550308,True,,32860,,,-23.753878,-46.708732499999996,,,,2,2023-06-15T14:11:40+00:00
SAO_6031-10,São Paulo,3550308,True,,32860,,,-23.753878,-46.708732499999996,,,,2,2023-06-15T14:11:45+00:00
SAO_6031-10,São Paulo,3550308,True,,32860,,,-23.753878,-46.708732499999996,,,,2,2023-06-15T14:11:57+00:00
SAO_6031-10,São Paulo,3550308,True,,32860,,,-23.753878,-46.708732499999996,,,,2,2023-06-15T14:12:12+00:00
SAO_6031-10,São Paulo,3550308,True,,32860,,,-23.755516,-46.699914,,,,2,2023-06-15T14:11:57+00:00
SAO_6031-10,São Paulo,3550308,True,,32860,,,-23.753878,-46.708732499999996,,,,2,2023-06-15T14:12:12+00:00
SAO_6031-10,São Paulo,3550308,True,,32860,,,-23.746157,-46.6994665,,,,2,2023-06-15T14:12:03+00:00
SAO_3414-10,São Paulo,3550308,True,,746,,,-23.5330345,-46.535208250000004,,,,1,2023-06-15T14:11:58+00:00
SAO_3414-10,São Paulo,3550308,True,,746,,,-23.546035500000002,-46.6306175,,,,1,2023-06-15T14:11:56+00:00
SAO_3414-10,São Paulo,3550308,True,,746,,,-23.55169025,-46.6236945,,,,1,2023-06-15T14:11:53+00:00
SAO_3414-10,São Paulo,3550308,True,,746,,,-23.535924,-46.553611875,,,,1,2023-06-15T14:11:49+00:00
SAO_3414-10,São Paulo,3550308,True,,746,,,-23.552734,-46.6150765,,,,1,2023-06-15T14:12:06+00:00
SAO_3414-10,São Paulo,3550308,True,,746,,,-23.543505625,-46.520855875,,,,1,2023-06-15T14:12:01+00:00
SAO_3414-10,São Paulo,3550308,True,,746,,,-23.541248500000002,-46.578468,,,,1,2023-06-15T14:11:40+00:00
SAO_208V-10,São Paulo,3550308,True,Rápido Campinas,207,https://moovitapp.com/index/pt-br/transporte_p%C3%BAblico-line-207-Sao_Paulo-242-858660-638984-0,5.3,-23.514908,-46.4998845,,,,1,2023-06-15T14:12:11+00:00
SAO_208V-10,São Paulo,3550308,True,Rápido Campinas,207,https://moovitapp.com/index/pt-br/transporte_p%C3%BAblico-line-207-Sao_Paulo-242-858660-638984-0,5.3,-23.547106,-46.629678,,,,1,2023-06-15T14:12:19+00:00
SAO_208V-10,São Paulo,3550308,True,Rápido Campinas,207,https://moovitapp.com/index/pt-br/transporte_p%C3%BAblico-line-207-Sao_Paulo-242-858660-638984-0,5.3,-23.543174,-46.6274415,,,,1,2023-06-15T14:11:59+00:00
SAO_208V-10,São Paulo,3550308,True,Rápido Campinas,207,https://moovitapp.com/index/pt-br/transporte_p%C3%BAblico-line-207-Sao_Paulo-242-858660-638984-0,5.3,-23.5215805,-46.529390500000005,,,,1,2023-06-15T14:12:09+00:00
SAO_208V-10,São Paulo,3550308,True,Rápido Campinas,207,https://moovitapp.com/index/pt-br/transporte_p%C3%BAblico-line-207-Sao_Paulo-242-858660-638984-0,5.3,-23.51055875,-46.507974000000004,,,,1,2023-06-15T14:12:17+00:00
SAO_208V-10,São Paulo,3550308,True,Rápido Campinas,207,https://moovitapp.com/index/pt-br/transporte_p%C3%BAblico-line-207-Sao_Paulo-242-858660-638984-0,5.3,-23.538731,-46.6048935,,,,1,2023-06-15T14:11:46+00:00
SAO_208V-10,São Paulo,3550308,True,Rápido Campinas,207,https://moovitapp.com/index/pt-br/transporte_p%C3%BAblico-line-207-Sao_Paulo-242-858660-638984-0,5.3,-23.5358085,-46.5711795,,,,1,2023-06-15T14:12:13+00:00
SAO_208V-10,São Paulo,3550308,True,Rápido Campinas,207,https://moovitapp.com/index/pt-br/transporte_p%C3%BAblico-line-207-Sao_Paulo-242-858660-638984-0,5.3,-23.53091,-46.55751575,,,,1,2023-06-15T14:11:29+00:00
SAO_208V-10,São Paulo,3550308,True,Rápido Campinas,207,https://moovitapp.com/index/pt-br/transporte_p%C3%BAblico-line-207-Sao_Paulo-242-858660-638984-0,5.3,-23.536963749999998,-46.59174825,,,,1,2023-06-15T14:11:55+00:00
SAO_407E-10,São Paulo,3550308,True,,2215,,,-23.6071915,-46.4667885,,,,1,2023-06-15T14:12:13+00:00
SAO_407E-10,São Paulo,3550308,True,,2215,,,-23.565915,-46.5070785,,,,1,2023-06-15T14:11:38+00:00
SAO_407E-10,São Paulo,3550308,True,,2215,,,-23.536912625,-46.558470875,,,,1,2023-06-15T14:10:34+00:00
SAO_407E-10,São Paulo,3550308,True,,2215,,,-23.537960499999997,-46.546051500000004,,,,1,2023-06-15T14:11:43+00:00
SAO_407E-10,São Paulo,3550308,True,,2215,,,-23.6279665,-46.445710500000004,,,,1,2023-06-15T14:11:49+00:00
SAO_407E-10,São Paulo,3550308,True,,2215,,,-23.560479,-46.511938,,,,1,2023-06-15T14:11:40+00:00
SAO_407E-10,São Paulo,3550308,True,,2215,,,-23.6335585,-46.4430015,,,,1,2023-06-15T14:11:50+00:00
SAO_407E-10,São Paulo,3550308,True,,2215,,,-23.538734499999997,-46.5649235,,,,1,2023-06-15T14:12:03+00:00
SAO_407E-10,São Paulo,3550308,True,,2215,,,-23.6199485,-46.457128250000004,,,,1,2023-06-15T14:12:06+00:00
SAO_407E-10,São Paulo,3550308,True,,2215,,,-23.5408695,-46.539165499999996,,,,1,2023-06-15T14:11:45+00:00
SAO_407E-10,São Paulo,3550308,True,,2215,,,-23.536997874999997,-46.558906625,,,,1,2023-06-15T14:12:15+00:00
SAO_407E-10,São Paulo,3550308,True,,2215,,,-23.622551,-46.447694999999996,,,,1,2023-06-15T14:12:10+00:00
SAO_199D-10,São Paulo,3550308,True,,2135,,,-23.563498250000002,-46.69145225,,,,1,2023-06-15T14:11:54+00:00
SAO_199D-10,São Paulo,3550308,True,,2135,,,-23.528215749999998,-46.70145525,,,,1,2023-06-15T14:11:56+00:00
SAO_199D-10,São Paulo,3550308,True,,2135,,,-23.5498635,-46.680636,,,,1,2023-06-15T14:12:02+00:00
SAO_199D-10,São Paulo,3550308,True,,2135,,,-23.543023375,-46.684166250000004,,,,1,2023-06-15T14:12:14+00:00
SAO_199D-10,São Paulo,3550308,True,,2135,,,-23.51666,-46.6986285,,,,1,2023-06-15T14:11:52+00:00
SAO_199D-10,São Paulo,3550308,True,,2135,,,-23.5520275,-46.676022,,,,1,2023-06-15T14:11:56+00:00
SAO_199D-10,São Paulo,3550308,True,,2135,,,-23.4976375,-46.7069665,,,,1,2023-06-15T14:11:48+00:00
SAO_199D-10,São Paulo,3550308,True,,2135,,,-23.535138625000002,-46.688269125000005,,,,1,2023-06-15T14:11:49+00:00
SAO_5110-24,São Paulo,3550308,True,,35227,,,-23.602096000000003,-46.524439,,,,2,2023-06-15T14:11:39+00:00
SAO_5110-24,São Paulo,3550308,True,,35227,,,-23.58284675,-46.566772125,,,,2,2023-06-15T14:11:47+00:00
SAO_5110-24,São Paulo,3550308,True,,35227,,,-23.61259,-46.479862999999995,,,,2,2023-06-15T14:11:47+00:00
SAO_5110-24,São Paulo,3550308,True,,35227,,,-23.612731,-46.480152000000004,,,,2,2023-06-15T14:11:43+00:00
SAO_9012-10,São Paulo,3550308,True,,34036,,,-23.4662425,-46.682421500000004,,,,2,2023-06-15T14:12:12+00:00
SAO_9012-10,São Paulo,3550308,True,,34036,,,-23.520122999999998,-46.701184,,,,2,2023-06-15T14:11:43+00:00
SAO_695D-10,São Paulo,3550308,True,EMTU,114,https://moovitapp.com/index/pt-br/transporte_p%C3%BAblico-line-114-Sao_Paulo-242-2038937-36419274-0,6.4,-23.731201499999997,-46.688091,,,,1,2023-06-15T14:12:01+00:00
SAO_695D-10,São Paulo,3550308,True,EMTU,114,https://moovitapp.com/index/pt-br/transporte_p%C3%BAblico-line-114-Sao_Paulo-242-2038937-36419274-0,6.4,-23.7133665,-46.689117499999995,,,,1,2023-06-15T14:11:59+00:00
SAO_695D-10,São Paulo,3550308,True,EMTU,114,https://moovitapp.com/index/pt-br/transporte_p%C3%BAblico-line-114-Sao_Paulo-242-2038937-36419274-0,6.4,-23.6437965,-46.650527,,,,1,2023-06-15T14:12:18+00:00
SAO_695D-10,São Paulo,3550308,True,EMTU,114,https://moovitapp.com/index/pt-br/transporte_p%C3%BAblico-line-114-Sao_Paulo-242-2038937-36419274-0,6.4,-23.691787749999996,-46.69818975,,,,1,2023-06-15T14:12:14+00:00
SAO_695D-10,São Paulo,3550308,True,EMTU,114,https://moovitapp.com/index/pt-br/transporte_p%C3%BAblico-line-114-Sao_Paulo-242-2038937-36419274-0,6.4,-23.650265375,-46.663811624999994,,,,1,2023-06-15T14:12:11+00:00
SAO_695D-10,São Paulo,3550308,True,EMTU,114,https://moovitapp.com/index/pt-br/transporte_p%C3%BAblico-line-114-Sao_Paulo-242-2038937-36419274-0,6.4,-23.650089,-46.6569295,,,,1,2023-06-15T14:11:57+00:00
SAO_695D-10,São Paulo,3550308,True,EMTU,114,https://moovitapp.com/index/pt-br/transporte_p%C3%BAblico-line-114-Sao_Paulo-242-2038937-36419274-0,6.4,-23.667166,-46.677718999999996,,,,1,2023-06-15T14:12:17+00:00
SAO_7550-10,São Paulo,3550308,True,,34861,,,-23.585085,-46.6707805,,,,2,2023-06-15T14:11:55+00:00
SAO_7550-10,São Paulo,3550308,True,,34861,,,-23.538724000000002,-46.648355,,,,2,2023-06-15T14:12:07+00:00
SAO_7550-10,São Paulo,3550308,True,,34861,,,-23.569412375,-46.650685249999995,,,,2,2023-06-15T14:11:52+00:00
SAO_7550-10,São Paulo,3550308,True,,34861,,,-23.580224,-46.663450999999995,,,,2,2023-06-15T14:11:47+00:00
SAO_7550-10,São Paulo,3550308,True,,34861,,,-23.5586795,-46.641866,,,,2,2023-06-15T14:12:13+00:00
SAO_7550-10,São Paulo,3550308,True,,34861,,,-23.608173,-46.676573000000005,,,,2,2023-06-15T14:12:20+00:00
SAO_675K-23,São Paulo,3550308,True,,34786,,,-23.596311125,-46.652166875000006,,,,2,2023-06-15T14:11:31+00:00
SAO_675K-23,São Paulo,3550308,True,,34786,,,-23.596311125,-46.652166875000006,,,,2,2023-06-15T14:12:12+00:00
SAO_675K-23,São Paulo,3550308,True,,34786,,,-23.596337375,-46.651826625,,,,2,2023-06-15T14:11:54+00:00
SAO_675K-23,São Paulo,3550308,True,,34786,,,-23.596337375,-46.651826625,,,,2,2023-06-15T14:12:16+00:00
SAO_354M-10,São Paulo,3550308,True,,34387,,,-23.613998000000002,-46.4765975,,,,2,2023-06-15T14:12:18+00:00
SAO_354M-10,São Paulo,3550308,True,,34387,,,-23.495239249999997,-46.43271375,,,,2,2023-06-15T14:12:15+00:00
SAO_354M-10,São Paulo,3550308,True,,34387,,,-23.493424500000003,-46.441241000000005,,,,2,2023-06-15T14:12:10+00:00
SAO_354M-10,São Paulo,3550308,True,,34387,,,-23.599468,-46.469224999999994,,,,2,2023-06-15T14:11:57+00:00
SAO_354M-10,São Paulo,3550308,True,,34387,,,-23.50503,-46.456571,,,,2,2023-06-15T14:12:06+00:00
SAO_354M-10,São Paulo,3550308,True,,34387,,,-23.59481075,-46.449171500000006,,,,2,2023-06-15T14:11:39+00:00
SAO_354M-10,São Paulo,3550308,True,,34387,,,-23.534232,-46.453813,,,,2,2023-06-15T14:11:43+00:00
SAO_354M-10,São Paulo,3550308,True,,34387,,,-23.550818875,-46.4460699375,,,,2,2023-06-15T14:12:00+00:00
SAO_8686-10,São Paulo,3550308,True,,33214,,,-23.508057,-46.7358155,,,,2,2023-06-15T14:12:19+00:00
SAO_8686-10,São Paulo,3550308,True,,33214,,,-23.53201,-46.662007,,,,2,2023-06-15T14:11:45+00:00
SAO_8686-10,São Paulo,3550308,True,,33214,,,-23.5426495,-46.637809000000004,,,,2,2023-06-15T14:12:17+00:00
SAO_9011-10,São Paulo,3550308,True,,878,,,-23.45467,-46.738116000000005,,,,1,2023-06-15T14:11:37+00:00
SAO_9011-10,São Paulo,3550308,True,,878,,,-23.45467,-46.738116000000005,,,,1,2023-06-15T14:12:11+00:00
SAO_9011-10,São Paulo,3550308,True,,878,,,-23.464762999999998,-46.6797545,,,,1,2023-06-15T14:12:05+00:00
SAO_9011-10,São Paulo,3550308,True,,878,,,-23.448071499999998,-46.734787499999996,,,,1,2023-06-15T14:12:02+00:00
SAO_9011-10,São Paulo,3550308,True,,878,,,-23.45467,-46.738116000000005,,,,1,2023-06-15T14:11:50+00:00
SAO_9011-10,São Paulo,3550308,True,,878,,,-23.4591725,-46.6875575,,,,1,2023-06-15T14:12:13+00:00
SAO_9011-10,São Paulo,3550308,True,,878,,,-23.46901225,-46.67716775,,,,1,2023-06-15T14:10:54+00:00
SAO_9011-10,São Paulo,3550308,True,,878,,,-23.4504525,-46.7306695,,,,1,2023-06-15T14:12:14+00:00
SAO_9011-10,São Paulo,3550308,True,,878,,,-23.45467,-46.738116000000005,,,,1,2023-06-15T14:11:47+00:00
SAO_9785-10,São Paulo,3550308,True,,828,,,-23.521500875,-46.669780375,,,,1,2023-06-15T14:11:44+00:00
SAO_9785-10,São Paulo,3550308,True,,828,,,-23.477545749999997,-46.68651525,,,,1,2023-06-15T14:11:51+00:00
SAO_9785-10,São Paulo,3550308,True,,828,,,-23.4588215,-46.699096499999996,,,,1,2023-06-15T14:11:50+00:00
SAO_9785-10,São Paulo,3550308,True,,828,,,-23.507094375,-46.689316500000004,,,,1,2023-06-15T14:11:25+00:00
SAO_9785-10,São Paulo,3550308,True,,828,,,-23.505063,-46.6914715,,,,1,2023-06-15T14:11:55+00:00
SAO_9785-10,São Paulo,3550308,True,,828,,,-23.513462999999998,-46.6804415,,,,1,2023-06-15T14:11:59+00:00
SAO_9785-10,São Paulo,3550308,True,,828,,,-23.5266685,-46.6673215,,,,1,2023-06-15T14:11:57+00:00
SAO_9785-10,São Paulo,3550308,True,,828,,,-23.46993425,-46.693619,,,,1,2023-06-15T14:12:12+00:00
SAO_7006-51,São Paulo,3550308,True,,34765,,,-23.6657115,-46.7709265,,,,2,2023-06-15T14:11:47+00:00
SAO_7006-51,São Paulo,3550308,True,,34765,,,-23.7488905,-46.7831885,,,,2,2023-06-15T14:12:11+00:00
SAO_7006-51,São Paulo,3550308,True,,34765,,,-23.6806325,-46.7697675,,,,2,2023-06-15T14:11:43+00:00
SAO_7006-51,São Paulo,3550308,True,,34765,,,-23.7359995,-46.780975,,,,2,2023-06-15T14:12:14+00:00
SAO_7006-51,São Paulo,3550308,True,,34765,,,-23.7491515,-46.783023,,,,2,2023-06-15T14:12:12+00:00
SAO_7006-51,São Paulo,3550308,True,,34765,,,-23.7488905,-46.7831885,,,,2,2023-06-15T14:12:00+00:00
SAO_7006-51,São Paulo,3550308,True,,34765,,,-23.729893,-46.785934999999995,,,,2,2023-06-15T14:12:10+00:00
SAO_7006-51,São Paulo,3550308,True,,34765,,,-23.682834,-46.76948325,,,,2,2023-06-15T14:11:46+00:00
SAO_7006-51,São Paulo,3550308,True,,34765,,,-23.743930499999998,-46.780912,,,,2,2023-06-15T14:11:54+00:00
SAO_8047-41,São Paulo,3550308,True,STT,410,https://moovitapp.com/index/pt-br/transporte_p%C3%BAblico-line-410-Sao_Paulo-242-850661-183302-0,5.3,-23.5234595,-46.7412,,,,1,2023-06-15T14:11:50+00:00
SAO_3712-51,São Paulo,3550308,True,,35273,,,-23.559214750000002,-46.42250812499999,,,,2,2023-06-15T14:12:12+00:00
SAO_3712-51,São Paulo,3550308,True,,35273,,,-23.540859000000005,-46.456031625,,,,2,2023-06-15T14:11:46+00:00
SAO_3712-51,São Paulo,3550308,True,,35273,,,-23.5495935,-46.428244500000005,,,,2,2023-06-15T14:12:15+00:00
SAO_3712-51,São Paulo,3550308,True,,35273,,,-23.55940725,-46.422336875,,,,2,2023-06-15T14:12:04+00:00
SAO_3712-51,São Paulo,3550308,True,,35273,,,-23.55940725,-46.422336875,,,,2,2023-06-15T14:11:47+00:00
SAO_273R-10,São Paulo,3550308,True,,32994,,,-23.52443125,-46.413746,,,,2,2023-06-15T14:12:06+00:00
SAO_273R-10,São Paulo,3550308,True,,32994,,,-23.507067499999998,-46.424306,,,,2,2023-06-15T14:11:50+00:00
SAO_273R-10,São Paulo,3550308,True,,32994,,,-23.5136495,-46.444970125,,,,2,2023-06-15T14:11:40+00:00
SAO_273R-10,São Paulo,3550308,True,,32994,,,-23.537517,-46.4760065,,,,2,2023-06-15T14:07:38+00:00
SAO_8605-10,São Paulo,3550308,True,,34685,,,-23.631587000000003,-46.771556000000004,,,,2,2023-06-15T14:12:02+00:00
SAO_8605-10,São Paulo,3550308,True,,34685,,,-23.609004,-46.751954250000004,,,,2,2023-06-15T14:11:44+00:00
SAO_8605-10,São Paulo,3550308,True,,34685,,,-23.617719,-46.758205000000004,,,,2,2023-06-15T14:11:41+00:00
SAO_8605-10,São Paulo,3550308,True,,34685,,,-23.59349675,-46.735322999999994,,,,2,2023-06-15T14:12:20+00:00
SAO_8605-10,São Paulo,3550308,True,,34685,,,-23.570017,-46.662004,,,,2,2023-06-15T14:12:20+00:00
SAO_8605-10,São Paulo,3550308,True,,34685,,,-23.580382,-46.6791105,,,,2,2023-06-15T14:11:52+00:00
SAO_8605-10,São Paulo,3550308,True,,34685,,,-23.555481999999998,-46.649518,,,,2,2023-06-15T14:12:17+00:00
SAO_3024-10,São Paulo,3550308,True,,33045,,,-23.609136999999997,-46.528772000000004,,,,2,2023-06-15T14:11:43+00:00
SAO_3024-10,São Paulo,3550308,True,,33045,,,-23.585037999999997,-46.582788,,,,2,2023-06-15T14:12:20+00:00
SAO_3024-10,São Paulo,3550308,True,,33045,,,-23.598073125,-46.53989825,,,,2,2023-06-15T14:11:25+00:00
SAO_2723-10,São Paulo,3550308,True,,937,,,-23.54223,-46.4724785,,,,1,2023-06-15T14:11:44+00:00
SAO_2723-10,São Paulo,3550308,True,,937,,,-23.505517,-46.443014000000005,,,,1,2023-06-15T14:11:55+00:00
SAO_2723-10,São Paulo,3550308,True,,937,,,-23.492301750000003,-46.4546985,,,,1,2023-06-15T14:11:38+00:00
SAO_2723-10,São Paulo,3550308,True,,937,,,-23.49655,-46.4563065,,,,1,2023-06-15T14:11:57+00:00
SAO_2723-10,São Paulo,3550308,True,,937,,,-23.4839945,-46.4660575,,,,1,2023-06-15T14:12:00+00:00
SAO_2723-10,São Paulo,3550308,True,,937,,,-23.531397249999998,-46.44923575,,,,1,2023-06-15T14:12:12+00:00
SAO_2723-10,São Paulo,3550308,True,,937,,,-23.525421,-46.445522499999996,,,,1,2023-06-15T14:11:59+00:00
SAO_2723-10,São Paulo,3550308,True,,937,,,-23.5337655,-46.452283,,,,1,2023-06-15T14:11:53+00:00
SAO_971X-10,São Paulo,3550308,True,,34463,,,-23.49743225,-46.63828075,,,,2,2023-06-15T14:08:54+00:00
SAO_971X-10,São Paulo,3550308,True,,34463,,,-23.4752765,-46.6688805,,,,2,2023-06-15T14:12:00+00:00
SAO_971X-10,São Paulo,3550308,True,,34463,,,-23.475101000000002,-46.670268,,,,2,2023-06-15T14:11:43+00:00
SAO_971X-10,São Paulo,3550308,True,,34463,,,-23.479963499999997,-46.661032,,,,2,2023-06-15T14:11:44+00:00
SAO_971X-10,São Paulo,3550308,True,,34463,,,-23.4752765,-46.6688805,,,,2,2023-06-15T14:11:50+00:00
SAO_971X-10,São Paulo,3550308,True,,34463,,,-23.50308,-46.6253845,,,,2,2023-06-15T14:12:01+00:00
SAO_971X-10,São Paulo,3550308,True,,34463,,,-23.4746515,-46.6700015,,,,2,2023-06-15T14:11:57+00:00
SAO_971X-10,São Paulo,3550308,True,,34463,,,-23.4752765,-46.6688805,,,,2,2023-06-15T14:11:37+00:00
SAO_971X-10,São Paulo,3550308,True,,34463,,,-23.4943105,-46.646121,,,,2,2023-06-15T14:11:40+00:00
SAO_971X-10,São Paulo,3550308,True,,34463,,,-23.474438499999998,-46.669928999999996,,,,2,2023-06-15T14:11:50+00:00
SAO_971X-10,São Paulo,3550308,True,,34463,,,-23.4750395,-46.6685415,,,,2,2023-06-15T14:12:12+00:00
SAO_6L01-10,São Paulo,3550308,True,,33939,,,-23.824808500000003,-46.734215000000006,,,,2,2023-06-15T14:11:55+00:00
SAO_6L01-10,São Paulo,3550308,True,,33939,,,-23.7655925,-46.7166335,,,,2,2023-06-15T14:12:03+00:00
SAO_6L01-10,São Paulo,3550308,True,,33939,,,-23.90679,-46.708217000000005,,,,2,2023-06-15T14:11:53+00:00
SAO_6L01-10,São Paulo,3550308,True,,33939,,,-23.798783,-46.731088,,,,2,2023-06-15T14:12:00+00:00
SAO_6L01-10,São Paulo,3550308,True,,33939,,,-23.9052035,-46.7127105,,,,2,2023-06-15T14:08:32+00:00
SAO_6L01-10,São Paulo,3550308,True,,33939,,,-23.843864,-46.7435405,,,,2,2023-06-15T14:09:15+00:00
SAO_1206-10,São Paulo,3550308,True,,33610,,,-23.524414999999998,-46.594369,,,,2,2023-06-15T14:11:58+00:00
SAO_1206-10,São Paulo,3550308,True,,33610,,,-23.53784625,-46.633125,,,,2,2023-06-15T14:12:18+00:00
SAO_1206-10,São Paulo,3550308,True,,33610,,,-23.52496475,-46.585061499999995,,,,2,2023-06-15T14:11:52+00:00
SAO_1206-10,São Paulo,3550308,True,,33610,,,-23.539341,-46.62904575,,,,2,2023-06-15T14:12:21+00:00
SAO_1206-10,São Paulo,3550308,True,,33610,,,-23.52606925,-46.58249925,,,,2,2023-06-15T14:11:42+00:00
SAO_1206-10,São Paulo,3550308,True,,33610,,,-23.539641500000002,-46.6291705,,,,2,2023-06-15T14:12:12+00:00
SAO_1206-10,São Paulo,3550308,True,,33610,,,-23.517978874999997,-46.589335,,,,2,2023-06-15T14:11:44+00:00
SAO_4288-10,São Paulo,3550308,True,,33058,,,-23.595394624999997,-46.57110312499999,,,,2,2023-06-15T14:12:03+00:00
SAO_4288-10,São Paulo,3550308,True,,33058,,,-23.610098750000002,-46.5184085,,,,2,2023-06-15T14:12:08+00:00
SAO_4052-10,São Paulo,3550308,True,,2145,,,-23.534489375,-46.453368624999996,,,,1,2023-06-15T14:11:36+00:00
SAO_4052-10,São Paulo,3550308,True,,2145,,,-23.538994000000002,-46.423660999999996,,,,1,2023-06-15T14:11:51+00:00
SAO_4052-10,São Paulo,3550308,True,,2145,,,-23.52742575,-46.445929500000005,,,,1,2023-06-15T14:11:50+00:00
SAO_4052-10,São Paulo,3550308,True,,2145,,,-23.5425775,-46.4719335,,,,1,2023-06-15T13:36:53+00:00
SAO_4052-10,São Paulo,3550308,True,,2145,,,-23.542894500000003,-46.416357000000005,,,,1,2023-06-15T14:11:53+00:00
SAO_8594-41,São Paulo,3550308,True,STT,434,https://moovitapp.com/index/pt-br/transporte_p%C3%BAblico-line-434-Sao_Paulo-242-850661-183309-0,5.3,-23.53200675,-46.65965125,,,,1,2023-06-15T14:12:15+00:00
SAO_4025-10,São Paulo,3550308,True,,1095,,,-23.570054,-46.577243499999994,,,,1,2023-06-15T14:11:47+00:00
SAO_4025-10,São Paulo,3550308,True,,1095,,,-23.5713795,-46.5763225,,,,1,2023-06-15T14:12:00+00:00
SAO_4025-10,São Paulo,3550308,True,,1095,,,-23.5468265,-46.5784955,,,,1,2023-06-15T14:12:08+00:00
SAO_4025-10,São Paulo,3550308,True,,1095,,,-23.541552,-46.574095,,,,1,2023-06-15T14:11:48+00:00
SAO_4025-10,São Paulo,3550308,True,,1095,,,-23.556421999999998,-46.577132000000006,,,,1,2023-06-15T14:12:08+00:00
SAO_4025-10,São Paulo,3550308,True,,1095,,,-23.5853995,-46.5804505,,,,1,2023-06-15T14:11:52+00:00
SAO_4025-10,São Paulo,3550308,True,,1095,,,-23.5718275,-46.5770188125,,,,1,2023-06-15T14:11:44+00:00
SAO_4025-10,São Paulo,3550308,True,,1095,,,-23.585193625000002,-46.574439375,,,,1,2023-06-15T14:12:13+00:00
SAO_4025-10,São Paulo,3550308,True,,1095,,,-23.60848,-46.554349,,,,1,2023-06-15T14:11:48+00:00
SAO_4025-10,São Paulo,3550308,True,,1095,,,-23.595524500000003,-46.5551765,,,,1,2023-06-15T14:11:53+00:00
SAO_4025-10,São Paulo,3550308,True,,1095,,,-23.606023,-46.5654135,,,,1,2023-06-15T14:12:08+00:00
SAO_3023-10,São Paulo,3550308,True,Urubupungá,960,https://moovitapp.com/index/pt-br/transporte_p%C3%BAblico-line-960-Sao_Paulo-242-873835-31663702-0,4.6,-23.600742500000003,-46.4840935,,,,1,2023-06-15T14:12:08+00:00
SAO_3023-10,São Paulo,3550308,True,Urubupungá,960,https://moovitapp.com/index/pt-br/transporte_p%C3%BAblico-line-960-Sao_Paulo-242-873835-31663702-0,4.6,-23.5733185,-46.505489499999996,,,,1,2023-06-15T14:11:31+00:00
SAO_3023-10,São Paulo,3550308,True,Urubupungá,960,https://moovitapp.com/index/pt-br/transporte_p%C3%BAblico-line-960-Sao_Paulo-242-873835-31663702-0,4.6,-23.633410750000003,-46.47284775,,,,1,2023-06-15T14:11:38+00:00
SAO_3023-10,São Paulo,3550308,True,Urubupungá,960,https://moovitapp.com/index/pt-br/transporte_p%C3%BAblico-line-960-Sao_Paulo-242-873835-31663702-0,4.6,-23.63368825,-46.472753250000004,,,,1,2023-06-15T14:11:48+00:00
SAO_3023-10,São Paulo,3550308,True,Urubupungá,960,https://moovitapp.com/index/pt-br/transporte_p%C3%BAblico-line-960-Sao_Paulo-242-873835-31663702-0,4.6,-23.633084500000002,-46.472952250000006,,,,1,2023-06-15T14:11:43+00:00
SAO_3023-10,São Paulo,3550308,True,Urubupungá,960,https://moovitapp.com/index/pt-br/transporte_p%C3%BAblico-line-960-Sao_Paulo-242-873835-31663702-0,4.6,-23.633410750000003,-46.47284775,,,,1,2023-06-15T14:11:37+00:00
SAO_3023-10,São Paulo,3550308,True,Urubupungá,960,https://moovitapp.com/index/pt-br/transporte_p%C3%BAblico-line-960-Sao_Paulo-242-873835-31663702-0,4.6,-23.63368825,-46.472753250000004,,,,1,2023-06-15T14:12:17+00:00
SAO_3023-10,São Paulo,3550308,True,Urubupungá,960,https://moovitapp.com/index/pt-br/transporte_p%C3%BAblico-line-960-Sao_Paulo-242-873835-31663702-0,4.6,-23.617645500000002,-46.478185499999995,,,,1,2023-06-15T14:11:54+00:00
SAO_2710-10,São Paulo,3550308,True,,33692,,,-23.529739,-46.501110999999995,,,,2,2023-06-15T14:12:00+00:00
SAO_2710-10,São Paulo,3550308,True,,33692,,,-23.52537425,-46.50034825,,,,2,2023-06-15T14:11:50+00:00
SAO_2710-10,São Paulo,3550308,True,,33692,,,-23.529739,-46.501110999999995,,,,2,2023-06-15T14:12:06+00:00
SAO_2710-10,São Paulo,3550308,True,,33692,,,-23.529722,-46.500626,,,,2,2023-06-15T14:12:06+00:00
SAO_2710-10,São Paulo,3550308,True,,33692,,,-23.5196875,-46.487402,,,,2,2023-06-15T14:11:39+00:00
SAO_2710-10,São Paulo,3550308,True,,33692,,,-23.52841375,-46.49966325,,,,2,2023-06-15T14:11:18+00:00
SAO_574R-10,São Paulo,3550308,True,,1623,,,-23.565850500000003,-46.569531,,,,1,2023-06-15T14:12:19+00:00
SAO_574R-10,São Paulo,3550308,True,,1623,,,-23.602347125,-46.510774999999995,,,,1,2023-06-15T14:12:17+00:00
SAO_574R-10,São Paulo,3550308,True,,1623,,,-23.54938125,-46.58118675,,,,1,2023-06-15T14:12:06+00:00
SAO_574R-10,São Paulo,3550308,True,,1623,,,-23.601279875000003,-46.511615000000006,,,,1,2023-06-15T14:11:38+00:00
SAO_574R-10,São Paulo,3550308,True,,1623,,,-23.557281500000002,-46.5769625,,,,1,2023-06-15T14:12:19+00:00
SAO_574R-10,São Paulo,3550308,True,,1623,,,-23.584126249999997,-46.5344075,,,,1,2023-06-15T14:11:50+00:00
SAO_2728-10,São Paulo,3550308,True,,33711,,,-23.500265499999998,-46.5130935,,,,2,2023-06-15T14:12:00+00:00
SAO_2728-10,São Paulo,3550308,True,,33711,,,-23.500625,-46.512750499999996,,,,2,2023-06-15T14:11:51+00:00
SAO_2728-10,São Paulo,3550308,True,,33711,,,-23.506811,-46.532692,,,,2,2023-06-15T14:12:10+00:00
SAO_2728-10,São Paulo,3550308,True,,33711,,,-23.505441500000003,-46.5184005,,,,2,2023-06-15T14:11:53+00:00
SAO_2728-10,São Paulo,3550308,True,,33711,,,-23.50133,-46.5125285,,,,2,2023-06-15T14:12:11+00:00
SAO_2728-10,São Paulo,3550308,True,,33711,,,-23.530262999999998,-46.55075725,,,,2,2023-06-15T14:12:10+00:00
SAO_2728-10,São Paulo,3550308,True,,33711,,,-23.524527499999998,-46.549481625,,,,2,2023-06-15T14:11:57+00:00
SAO_2728-10,São Paulo,3550308,True,,33711,,,-23.5193535,-46.546454,,,,2,2023-06-15T14:12:15+00:00
SAO_2728-10,São Paulo,3550308,True,,33711,,,-23.5015605,-46.512554,,,,2,2023-06-15T14:11:44+00:00
SAO_2728-10,São Paulo,3550308,True,,33711,,,-23.50133,-46.5125285,,,,2,2023-06-15T14:12:16+00:00
SAO_2728-10,São Paulo,3550308,True,,33711,,,-23.50133,-46.5125285,,,,2,2023-06-15T14:11:57+00:00
SAO_208M-10,São Paulo,3550308,True,,2478,,,-23.502027,-46.624094,,,,1,2023-06-15T14:11:41+00:00
SAO_208M-10,São Paulo,3550308,True,,2478,,,-23.520915,-46.658147,,,,1,2023-06-15T14:12:19+00:00
SAO_208M-10,São Paulo,3550308,True,,2478,,,-23.5066305,-46.64553825,,,,1,2023-06-15T14:12:03+00:00
SAO_208M-10,São Paulo,3550308,True,,2478,,,-23.56534875,-46.69745825,,,,1,2023-06-15T14:12:03+00:00
SAO_208M-10,São Paulo,3550308,True,,2478,,,-23.507738500000002,-46.65095650000001,,,,1,2023-06-15T14:11:49+00:00
SAO_208M-10,São Paulo,3550308,True,,2478,,,-23.565859,-46.7013775,,,,1,2023-06-15T14:12:02+00:00
SAO_1896-10,São Paulo,3550308,True,,35288,,,-23.5319005,-46.6590855,,,,2,2023-06-15T14:11:40+00:00
SAO_1896-10,São Paulo,3550308,True,,35288,,,-23.4968535,-46.727804,,,,2,2023-06-15T14:11:52+00:00
SAO_1896-10,São Paulo,3550308,True,,35288,,,-23.4734615,-46.742011000000005,,,,2,2023-06-15T14:12:10+00:00
SAO_1896-10,São Paulo,3550308,True,,35288,,,-23.47066875,-46.7441065,,,,2,2023-06-15T14:12:02+00:00
SAO_1896-10,São Paulo,3550308,True,,35288,,,-23.44414675,-46.753674875,,,,2,2023-06-15T14:12:02+00:00
SAO_6044-10,São Paulo,3550308,True,,1221,,,-23.645992,-46.7466455,,,,1,2023-06-15T14:12:12+00:00
SAO_6044-10,São Paulo,3550308,True,,1221,,,-23.649005000000002,-46.7539805,,,,1,2023-06-15T14:12:21+00:00
SAO_6044-10,São Paulo,3550308,True,,1221,,,-23.648301,-46.7487645,,,,1,2023-06-15T14:11:56+00:00
SAO_6044-10,São Paulo,3550308,True,,1221,,,-23.645286,-46.7459985,,,,1,2023-06-15T14:12:09+00:00
SAO_6044-10,São Paulo,3550308,True,,1221,,,-23.64808025,-46.74822275,,,,1,2023-06-15T14:11:55+00:00
SAO_6044-10,São Paulo,3550308,True,,1221,,,-23.6433645,-46.742222999999996,,,,1,2023-06-15T14:11:55+00:00
SAO_6044-10,São Paulo,3550308,True,,1221,,,-23.65103475,-46.7571485,,,,1,2023-06-15T14:12:20+00:00
SAO_6044-10,São Paulo,3550308,True,,1221,,,-23.6440045,-46.7426525,,,,1,2023-06-15T14:11:52+00:00
SAO_6044-10,São Paulo,3550308,True,,1221,,,-23.676274499999998,-46.790270500000005,,,,1,2023-06-15T14:11:51+00:00
SAO_6044-10,São Paulo,3550308,True,,1221,,,-23.6440495,-46.7252575,,,,1,2023-06-15T14:11:52+00:00
SAO_6044-10,São Paulo,3550308,True,,1221,,,-23.6442355,-46.743252,,,,1,2023-06-15T14:12:06+00:00
SAO_6044-10,São Paulo,3550308,True,,1221,,,-23.660178000000002,-46.771584000000004,,,,1,2023-06-15T14:12:09+00:00
SAO_7040-10,São Paulo,3550308,True,,33544,,,-23.565354999999997,-46.693373,,,,2,2023-06-15T14:11:39+00:00
SAO_7040-10,São Paulo,3550308,True,,33544,,,-23.623484249999997,-46.728172,,,,2,2023-06-15T14:12:11+00:00
SAO_7040-10,São Paulo,3550308,True,,33544,,,-23.565354999999997,-46.693373,,,,2,2023-06-15T14:12:00+00:00
SAO_7040-10,São Paulo,3550308,True,,33544,,,-23.594681,-46.7069275,,,,2,2023-06-15T14:11:57+00:00
SAO_7040-10,São Paulo,3550308,True,,33544,,,-23.624252,-46.727573,,,,2,2023-06-15T14:11:50+00:00
SAO_7040-10,São Paulo,3550308,True,,33544,,,-23.56881575,-46.692298750000006,,,,2,2023-06-15T14:12:13+00:00
SAO_7040-10,São Paulo,3550308,True,,33544,,,-23.584178,-46.69027625,,,,2,2023-06-15T14:12:05+00:00
SAO_7040-10,São Paulo,3550308,True,,33544,,,-23.612692250000002,-46.721515499999995,,,,2,2023-06-15T14:11:45+00:00
SAO_7040-10,São Paulo,3550308,True,,33544,,,-23.597297,-46.7086415,,,,2,2023-06-15T14:11:57+00:00
SAO_7040-10,São Paulo,3550308,True,,33544,,,-23.624064,-46.727723,,,,2,2023-06-15T14:12:06+00:00
SAO_7040-10,São Paulo,3550308,True,,33544,,,-23.6236665,-46.7280325,,,,2,2023-06-15T14:11:41+00:00
SAO_7040-10,São Paulo,3550308,True,,33544,,,-23.623910000000002,-46.727845,,,,2,2023-06-15T14:12:19+00:00
SAO_311C-10,São Paulo,3550308,True,EMTU,309,https://moovitapp.com/index/pt-br/transporte_p%C3%BAblico-line-309-Sao_Paulo-242-2038937-36419401-0,7.5,-23.5892425,-46.553529,,,,1,2023-06-15T14:11:50+00:00
SAO_311C-10,São Paulo,3550308,True,EMTU,309,https://moovitapp.com/index/pt-br/transporte_p%C3%BAblico-line-309-Sao_Paulo-242-2038937-36419401-0,7.5,-23.5241995,-46.64429525,,,,1,2023-06-15T14:11:53+00:00
SAO_311C-10,São Paulo,3550308,True,EMTU,309,https://moovitapp.com/index/pt-br/transporte_p%C3%BAblico-line-309-Sao_Paulo-242-2038937-36419401-0,7.5,-23.588791,-46.5833375,,,,1,2023-06-15T14:11:57+00:00
SAO_311C-10,São Paulo,3550308,True,EMTU,309,https://moovitapp.com/index/pt-br/transporte_p%C3%BAblico-line-309-Sao_Paulo-242-2038937-36419401-0,7.5,-23.532314,-46.61195975,,,,1,2023-06-15T14:11:58+00:00
SAO_311C-10,São Paulo,3550308,True,EMTU,309,https://moovitapp.com/index/pt-br/transporte_p%C3%BAblico-line-309-Sao_Paulo-242-2038937-36419401-0,7.5,-23.535352250000003,-46.60843075,,,,1,2023-06-15T14:11:55+00:00
SAO_311C-10,São Paulo,3550308,True,EMTU,309,https://moovitapp.com/index/pt-br/transporte_p%C3%BAblico-line-309-Sao_Paulo-242-2038937-36419401-0,7.5,-23.585162,-46.584246,,,,1,2023-06-15T14:12:10+00:00
SAO_1720-10,São Paulo,3550308,True,,33631,,,-23.493856,-46.568802,,,,2,2023-06-15T14:11:54+00:00
SAO_1720-10,São Paulo,3550308,True,,33631,,,-23.481973749999998,-46.591290125,,,,2,2023-06-15T14:12:08+00:00
SAO_1720-10,São Paulo,3550308,True,,33631,,,-23.479332499999998,-46.60817874999999,,,,2,2023-06-15T14:11:47+00:00
SAO_1720-10,São Paulo,3550308,True,,33631,,,-23.494107,-46.568782999999996,,,,2,2023-06-15T14:12:13+00:00
SAO_1720-10,São Paulo,3550308,True,,33631,,,-23.4549875,-46.6145485,,,,2,2023-06-15T14:11:49+00:00
SAO_1720-10,São Paulo,3550308,True,,33631,,,-23.492355,-46.574597,,,,2,2023-06-15T14:11:49+00:00
SAO_1720-10,São Paulo,3550308,True,,33631,,,-23.47334725,-46.614561249999994,,,,2,2023-06-15T14:12:19+00:00
SAO_1720-10,São Paulo,3550308,True,,33631,,,-23.494107,-46.568782999999996,,,,2,2023-06-15T14:12:19+00:00
SAO_7001-10,São Paulo,3550308,True,,34490,,,-23.7247965,-46.754793,,,,2,2023-06-15T14:11:12+00:00
SAO_7001-10,São Paulo,3550308,True,,34490,,,-23.715059500000002,-46.772093,,,,2,2023-06-15T14:12:11+00:00
SAO_7001-10,São Paulo,3550308,True,,34490,,,-23.705192,-46.784183,,,,2,2023-06-15T14:11:43+00:00
SAO_7001-10,São Paulo,3550308,True,,34490,,,-23.7243085,-46.754826,,,,2,2023-06-15T14:12:20+00:00
SAO_5142-10,São Paulo,3550308,True,,1626,,,-23.54620025,-46.63007,,,,1,2023-06-15T14:12:20+00:00
SAO_5142-10,São Paulo,3550308,True,,1626,,,-23.591703,-46.548860250000004,,,,1,2023-06-15T14:12:02+00:00
SAO_5142-10,São Paulo,3550308,True,,1626,,,-23.614382,-46.501851,,,,1,2023-06-15T14:10:02+00:00
SAO_5142-10,São Paulo,3550308,True,,1626,,,-23.58283825,-46.5699475,,,,1,2023-06-15T14:11:53+00:00
SAO_5142-10,São Paulo,3550308,True,,1626,,,-23.545441,-46.630475000000004,,,,1,2023-06-15T14:11:44+00:00
SAO_5142-10,São Paulo,3550308,True,,1626,,,-23.56714,-46.613527000000005,,,,1,2023-06-15T14:11:43+00:00
SAO_5142-10,São Paulo,3550308,True,,1626,,,-23.558657625000002,-46.625382,,,,1,2023-06-15T14:12:15+00:00
SAO_5142-10,São Paulo,3550308,True,,1626,,,-23.613964,-46.500782,,,,1,2023-06-15T14:11:39+00:00
SAO_5142-10,São Paulo,3550308,True,,1626,,,-23.577057749999998,-46.606925624999995,,,,1,2023-06-15T14:11:54+00:00
SAO_5142-10,São Paulo,3550308,True,,1626,,,-23.6030595,-46.5286075,,,,1,2023-06-15T14:11:49+00:00
SAO_5142-10,São Paulo,3550308,True,,1626,,,-23.618215499999998,-46.5115815,,,,1,2023-06-15T14:12:11+00:00
SAO_971R-42,São Paulo,3550308,True,,616,,,-23.4655835,-46.6794295,,,,1,2023-06-15T14:12:01+00:00
SAO_971R-42,São Paulo,3550308,True,,616,,,-23.436710249999997,-46.712452000000006,,,,1,2023-06-15T14:12:02+00:00
SAO_971R-42,São Paulo,3550308,True,,616,,,-23.4993585,-46.637527000000006,,,,1,2023-06-15T14:11:59+00:00
SAO_3141-10,São Paulo,3550308,True,,33502,,,-23.557589,-46.578146000000004,,,,2,2023-06-15T14:09:07+00:00
SAO_3141-10,São Paulo,3550308,True,,33502,,,-23.551726000000002,-46.627584999999996,,,,2,2023-06-15T14:09:56+00:00
SAO_3141-10,São Paulo,3550308,True,,33502,,,-23.6128155,-46.4790765,,,,2,2023-06-15T14:12:13+00:00
SAO_3141-10,São Paulo,3550308,True,,33502,,,-23.550193999999998,-46.580555000000004,,,,2,2023-06-15T14:12:20+00:00
SAO_3141-10,São Paulo,3550308,True,,33502,,,-23.573631499999998,-46.5585705,,,,2,2023-06-15T14:11:57+00:00
SAO_3141-10,São Paulo,3550308,True,,33502,,,-23.6118935,-46.50448,,,,2,2023-06-15T14:10:59+00:00
SAO_6012-10,São Paulo,3550308,True,,1204,,,-23.686436999999998,-46.7873475,,,,1,2023-06-15T14:11:49+00:00
SAO_6012-10,São Paulo,3550308,True,,1204,,,-23.678915250000003,-46.7633535,,,,1,2023-06-15T14:11:49+00:00
SAO_6012-10,São Paulo,3550308,True,,1204,,,-23.65149975,-46.7019275,,,,1,2023-06-15T14:12:11+00:00
SAO_6012-10,São Paulo,3550308,True,,1204,,,-23.691907,-46.7760155,,,,1,2023-06-15T14:12:17+00:00
SAO_6012-10,São Paulo,3550308,True,,1204,,,-23.6677405,-46.73030275,,,,1,2023-06-15T14:12:18+00:00
SAO_6012-10,São Paulo,3550308,True,,1204,,,-23.669137499999998,-46.73461125,,,,1,2023-06-15T14:12:16+00:00
SAO_6012-10,São Paulo,3550308,True,,1204,,,-23.6711235,-46.740194,,,,1,2023-06-15T14:12:18+00:00
SAO_5791-10,São Paulo,3550308,True,,607,,,-23.7048985,-46.6267875,,,,1,2023-06-15T14:10:58+00:00
SAO_5791-10,São Paulo,3550308,True,,607,,,-23.6016885,-46.636624250000004,,,,1,2023-06-15T14:12:16+00:00
SAO_5791-10,São Paulo,3550308,True,,607,,,-23.6110015,-46.637828,,,,1,2023-06-15T14:12:05+00:00
SAO_5791-10,São Paulo,3550308,True,,607,,,-23.690149249999997,-46.64364725,,,,1,2023-06-15T14:11:59+00:00
SAO_5791-10,São Paulo,3550308,True,,607,,,-23.6510425,-46.63951,,,,1,2023-06-15T14:11:44+00:00
SAO_5791-10,São Paulo,3550308,True,,607,,,-23.624855750000002,-46.64054324999999,,,,1,2023-06-15T14:11:49+00:00
SAO_5791-10,São Paulo,3550308,True,,607,,,-23.591474499999997,-46.6357215,,,,1,2023-06-15T14:11:47+00:00
SAO_5791-10,São Paulo,3550308,True,,607,,,-23.71619,-46.62593,,,,1,2023-06-15T14:11:43+00:00
SAO_5791-10,São Paulo,3550308,True,,607,,,-23.5677885,-46.639945999999995,,,,1,2023-06-15T14:11:39+00:00
SAO_5791-10,São Paulo,3550308,True,,607,,,-23.674091999999998,-46.630741,,,,1,2023-06-15T14:11:39+00:00
SAO_5791-10,São Paulo,3550308,True,,607,,,-23.626852999999997,-46.641481999999996,,,,1,2023-06-15T14:12:17+00:00
SAO_5611-10,São Paulo,3550308,True,,33366,,,-23.688616500000002,-46.6803075,,,,2,2023-06-15T14:11:50+00:00
SAO_5611-10,São Paulo,3550308,True,,33366,,,-23.706204,-46.641568,,,,2,2023-06-15T14:10:15+00:00
SAO_5611-10,São Paulo,3550308,True,,33366,,,-23.6132595,-46.657935,,,,2,2023-06-15T14:11:55+00:00
SAO_5611-10,São Paulo,3550308,True,,33366,,,-23.569774125000002,-46.640957375,,,,2,2023-06-15T14:12:09+00:00
SAO_6073-10,São Paulo,3550308,True,,1160,,,-23.7676985,-46.716468500000005,,,,1,2023-06-15T14:12:06+00:00
SAO_6073-10,São Paulo,3550308,True,,1160,,,-23.77495725,-46.72226175,,,,1,2023-06-15T14:12:18+00:00
SAO_6073-10,São Paulo,3550308,True,,1160,,,-23.767210499999997,-46.7163985,,,,1,2023-06-15T14:11:51+00:00
SAO_6073-10,São Paulo,3550308,True,,1160,,,-23.8425995,-46.717545,,,,1,2023-06-15T14:07:42+00:00
SAO_1787-10,São Paulo,3550308,True,,33418,,,-23.4511155,-46.62305775,,,,2,2023-06-15T14:12:09+00:00
SAO_1787-10,São Paulo,3550308,True,,33418,,,-23.481288,-46.621871,,,,2,2023-06-15T14:12:05+00:00
SAO_1787-10,São Paulo,3550308,True,,33418,,,-23.4947065,-46.622623000000004,,,,2,2023-06-15T14:12:04+00:00
SAO_675L-10,São Paulo,3550308,True,,1478,,,-23.59659775,-46.64867662499999,,,,1,2023-06-15T14:11:40+00:00
SAO_675L-10,São Paulo,3550308,True,,1478,,,-23.65397075,-46.7077515,,,,1,2023-06-15T14:12:02+00:00
SAO_675L-10,São Paulo,3550308,True,,1478,,,-23.623647499999997,-46.681008375000005,,,,1,2023-06-15T14:12:07+00:00
SAO_2552-41,São Paulo,3550308,True,,1717,,,-23.540104,-46.611777249999996,,,,1,2023-06-15T14:11:57+00:00
SAO_8600-10,São Paulo,3550308,True,,1432,,,-23.48646425,-46.71524725,,,,1,2023-06-15T14:11:37+00:00
SAO_8600-10,São Paulo,3550308,True,,1432,,,-23.515539,-46.690996,,,,1,2023-06-15T14:11:40+00:00
SAO_8600-10,São Paulo,3550308,True,,1432,,,-23.4821255,-46.718467000000004,,,,1,2023-06-15T14:12:03+00:00
SAO_8600-10,São Paulo,3550308,True,,1432,,,-23.536034625,-46.64288462500001,,,,1,2023-06-15T14:11:58+00:00
SAO_8600-10,São Paulo,3550308,True,,1432,,,-23.514629,-46.7004345,,,,1,2023-06-15T14:12:03+00:00
SAO_8600-10,São Paulo,3550308,True,,1432,,,-23.501786250000002,-46.70661375,,,,1,2023-06-15T14:11:46+00:00
SAO_8600-10,São Paulo,3550308,True,,1432,,,-23.543416999999998,-46.637842500000005,,,,1,2023-06-15T14:12:06+00:00
SAO_8600-10,São Paulo,3550308,True,,1432,,,-23.540457500000002,-46.6395815,,,,1,2023-06-15T14:11:55+00:00
SAO_8600-10,São Paulo,3550308,True,,1432,,,-23.52013525,-46.672122,,,,1,2023-06-15T14:12:16+00:00
SAO_8100-10,São Paulo,3550308,True,,1262,,,-23.4855965,-46.725312,,,,1,2023-06-15T14:12:11+00:00
SAO_8100-10,São Paulo,3550308,True,,1262,,,-23.494353,-46.730832,,,,1,2023-06-15T14:12:13+00:00
SAO_8100-10,São Paulo,3550308,True,,1262,,,-23.499677,-46.7248405,,,,1,2023-06-15T14:11:42+00:00
SAO_8100-10,São Paulo,3550308,True,,1262,,,-23.5196425,-46.700389,,,,1,2023-06-15T14:12:08+00:00
SAO_8100-10,São Paulo,3550308,True,,1262,,,-23.4968535,-46.727804,,,,1,2023-06-15T14:11:41+00:00
SAO_8100-10,São Paulo,3550308,True,,1262,,,-23.510419999999996,-46.72245100000001,,,,1,2023-06-15T14:12:12+00:00
SAO_8100-10,São Paulo,3550308,True,,1262,,,-23.485708,-46.725275999999994,,,,1,2023-06-15T14:12:09+00:00
SAO_6455-10,São Paulo,3550308,True,,32831,,,-23.654660999999997,-46.7609705,,,,2,2023-06-15T14:12:13+00:00
SAO_6455-10,São Paulo,3550308,True,,32831,,,-23.597199500000002,-46.6562685,,,,2,2023-06-15T14:12:09+00:00
SAO_6455-10,São Paulo,3550308,True,,32831,,,-23.644795000000002,-46.717287999999996,,,,2,2023-06-15T14:12:18+00:00
SAO_6455-10,São Paulo,3550308,True,,32831,,,-23.648877499999998,-46.753294499999996,,,,2,2023-06-15T14:11:41+00:00
SAO_756A-10,São Paulo,3550308,True,,793,,,-23.596984499999998,-46.7814835,,,,1,2023-06-15T14:12:21+00:00
SAO_756A-10,São Paulo,3550308,True,,793,,,-23.6129295,-46.71346,,,,1,2023-06-15T14:11:46+00:00
SAO_756A-10,São Paulo,3550308,True,,793,,,-23.6008245,-46.795364500000005,,,,1,2023-06-15T14:11:51+00:00
SAO_756A-10,São Paulo,3550308,True,,793,,,-23.60226275,-46.74824375,,,,1,2023-06-15T14:12:11+00:00
SAO_756A-10,São Paulo,3550308,True,,793,,,-23.597925500000002,-46.7202085,,,,1,2023-06-15T14:12:05+00:00
SAO_756A-10,São Paulo,3550308,True,,793,,,-23.595062,-46.761804,,,,1,2023-06-15T14:12:15+00:00
SAO_756A-10,São Paulo,3550308,True,,793,,,-23.601006499999997,-46.7477435,,,,1,2023-06-15T14:12:22+00:00
SAO_756A-10,São Paulo,3550308,True,,793,,,-23.5943715,-46.7431,,,,1,2023-06-15T14:12:12+00:00
SAO_352A-10,São Paulo,3550308,True,,32932,,,-23.583696500000002,-46.492101,,,,2,2023-06-15T14:11:16+00:00
SAO_352A-10,São Paulo,3550308,True,,32932,,,-23.603975,-46.4813555,,,,2,2023-06-15T14:11:50+00:00
SAO_352A-10,São Paulo,3550308,True,,32932,,,-23.553055,-46.4633045,,,,2,2023-06-15T14:11:55+00:00
SAO_352A-10,São Paulo,3550308,True,,32932,,,-23.479100875,-46.421538125,,,,2,2023-06-15T14:11:45+00:00
SAO_352A-10,São Paulo,3550308,True,,32932,,,-23.4792935,-46.421334,,,,2,2023-06-15T14:11:46+00:00
SAO_352A-10,São Paulo,3550308,True,,32932,,,-23.507201000000002,-46.4431785,,,,2,2023-06-15T14:11:23+00:00
SAO_352A-10,São Paulo,3550308,True,,32932,,,-23.546198500000003,-46.461079999999995,,,,2,2023-06-15T14:11:48+00:00
SAO_3459-21,São Paulo,3550308,True,EMTU,403,https://moovitapp.com/index/pt-br/transporte_p%C3%BAblico-line-403-Sao_Paulo-242-2038937-36419465-0,6.2,-23.547011,-46.62953,,,,1,2023-06-15T14:12:18+00:00
SAO_3459-21,São Paulo,3550308,True,EMTU,403,https://moovitapp.com/index/pt-br/transporte_p%C3%BAblico-line-403-Sao_Paulo-242-2038937-36419465-0,6.2,-23.543402,-46.589890499999996,,,,1,2023-06-15T14:11:43+00:00
SAO_3459-21,São Paulo,3550308,True,EMTU,403,https://moovitapp.com/index/pt-br/transporte_p%C3%BAblico-line-403-Sao_Paulo-242-2038937-36419465-0,6.2,-23.547011,-46.62953,,,,1,2023-06-15T14:12:17+00:00
SAO_3459-21,São Paulo,3550308,True,EMTU,403,https://moovitapp.com/index/pt-br/transporte_p%C3%BAblico-line-403-Sao_Paulo-242-2038937-36419465-0,6.2,-23.5509805,-46.625003500000005,,,,1,2023-06-15T14:11:43+00:00
SAO_637P-10,São Paulo,3550308,True,,47,,,-23.616938,-46.6807395,,,,1,2023-06-15T14:12:20+00:00
SAO_637P-10,São Paulo,3550308,True,,47,,,-23.5960915,-46.6732855,,,,1,2023-06-15T14:11:54+00:00
SAO_637P-10,São Paulo,3550308,True,,47,,,-23.6003935,-46.6738945,,,,1,2023-06-15T14:11:57+00:00
SAO_637P-10,São Paulo,3550308,True,,47,,,-23.586579999999998,-46.671237500000004,,,,1,2023-06-15T14:12:16+00:00
SAO_637P-10,São Paulo,3550308,True,,47,,,-23.6541465,-46.711351,,,,1,2023-06-15T14:12:11+00:00
SAO_637P-10,São Paulo,3550308,True,,47,,,-23.565214249999997,-46.7010625,,,,1,2023-06-15T14:12:08+00:00
SAO_637P-10,São Paulo,3550308,True,,47,,,-23.62766125,-46.68821275,,,,1,2023-06-15T14:11:51+00:00
SAO_637P-10,São Paulo,3550308,True,,47,,,-23.57759275,-46.686578499999996,,,,1,2023-06-15T14:12:23+00:00
SAO_637P-10,São Paulo,3550308,True,,47,,,-23.6501864375,-46.70420018750001,,,,1,2023-06-15T14:11:40+00:00
SAO_407K-10,São Paulo,3550308,True,,34936,,,-23.578266,-46.499913,,,,2,2023-06-15T14:11:53+00:00
SAO_407K-10,São Paulo,3550308,True,,34936,,,-23.5386495,-46.5641825,,,,2,2023-06-15T14:11:09+00:00
SAO_407K-10,São Paulo,3550308,True,,34936,,,-23.60103025,-46.48385275,,,,2,2023-06-15T14:11:37+00:00
SAO_407K-10,São Paulo,3550308,True,,34936,,,-23.549704,-46.524748,,,,2,2023-06-15T14:09:57+00:00
SAO_513C-31,São Paulo,3550308,True,,35304,,,-23.59941175,-46.53787975,,,,2,2023-06-15T14:12:12+00:00
SAO_513C-31,São Paulo,3550308,True,,35304,,,-23.553980000000003,-46.4638355,,,,2,2023-06-15T14:12:06+00:00
SAO_513C-31,São Paulo,3550308,True,,35304,,,-23.6026185,-46.5418835,,,,2,2023-06-15T14:11:36+00:00
SAO_513C-31,São Paulo,3550308,True,,35304,,,-23.606419000000002,-46.5629485,,,,2,2023-06-15T14:11:50+00:00
SAO_513C-31,São Paulo,3550308,True,,35304,,,-23.611991500000002,-46.476893000000004,,,,2,2023-06-15T14:06:52+00:00
SAO_527R-10,São Paulo,3550308,True,,33039,,,-23.661293999999998,-46.6635495,,,,2,2023-06-15T14:12:04+00:00
SAO_527R-10,São Paulo,3550308,True,,33039,,,-23.663410749999997,-46.678717750000004,,,,2,2023-06-15T14:11:44+00:00
SAO_527R-10,São Paulo,3550308,True,,33039,,,-23.67516125,-46.650865499999995,,,,2,2023-06-15T14:12:13+00:00
SAO_8544-10,São Paulo,3550308,True,EMTU,430,https://moovitapp.com/index/pt-br/transporte_p%C3%BAblico-line-430-Sao_Paulo-242-2038937-36584270-0,5.2,-23.515402,-46.69489875000001,,,,1,2023-06-15T14:12:17+00:00
SAO_8544-10,São Paulo,3550308,True,EMTU,430,https://moovitapp.com/index/pt-br/transporte_p%C3%BAblico-line-430-Sao_Paulo-242-2038937-36584270-0,5.2,-23.524625999999998,-46.649809000000005,,,,1,2023-06-15T14:12:22+00:00
SAO_8544-10,São Paulo,3550308,True,EMTU,430,https://moovitapp.com/index/pt-br/transporte_p%C3%BAblico-line-430-Sao_Paulo-242-2038937-36584270-0,5.2,-23.44716975,-46.72291575,,,,1,2023-06-15T14:11:39+00:00
SAO_5091-10,São Paulo,3550308,True,,1523,,,-23.6927135,-46.6527195,,,,1,2023-06-15T14:10:53+00:00
SAO_5091-10,São Paulo,3550308,True,,1523,,,-23.648361,-46.640132,,,,1,2023-06-15T14:12:08+00:00
SAO_5091-10,São Paulo,3550308,True,,1523,,,-23.6805705,-46.6320405,,,,1,2023-06-15T14:12:16+00:00
SAO_5091-10,São Paulo,3550308,True,,1523,,,-23.633386750000003,-46.644197625000004,,,,1,2023-06-15T14:12:15+00:00
SAO_5091-10,São Paulo,3550308,True,,1523,,,-23.68354675,-46.677449499999994,,,,1,2023-06-15T14:11:40+00:00
SAO_477U-10,São Paulo,3550308,True,,33074,,,-23.5881845,-46.6309855,,,,2,2023-06-15T14:11:54+00:00
SAO_477U-10,São Paulo,3550308,True,,33074,,,-23.601361,-46.602616375,,,,2,2023-06-15T14:12:02+00:00
SAO_233A-10,São Paulo,3550308,True,,33017,,,-23.484271,-46.422034,,,,2,2023-06-15T14:10:52+00:00
SAO_233A-10,São Paulo,3550308,True,,33017,,,-23.544506,-46.5000285,,,,2,2023-06-15T14:11:47+00:00
SAO_233A-10,São Paulo,3550308,True,,33017,,,-23.514619500000002,-46.4438655,,,,2,2023-06-15T14:12:06+00:00
SAO_233A-10,São Paulo,3550308,True,,33017,,,-23.536119,-46.467433,,,,2,2023-06-15T14:09:49+00:00
SAO_6804-10,São Paulo,3550308,True,,32798,,,-23.6324355,-46.748238,,,,2,2023-06-15T14:11:52+00:00
SAO_6804-10,São Paulo,3550308,True,,32798,,,-23.635654000000002,-46.747935999999996,,,,2,2023-06-15T14:12:19+00:00
SAO_314J-10,São Paulo,3550308,True,,33078,,,-23.5955965,-46.543063000000004,,,,2,2023-06-15T14:12:05+00:00
SAO_314J-10,São Paulo,3550308,True,,33078,,,-23.5786065,-46.6093905,,,,2,2023-06-15T14:11:54+00:00
SAO_314J-10,São Paulo,3550308,True,,33078,,,-23.5596,-46.633503000000005,,,,2,2023-06-15T14:11:57+00:00
SAO_314J-10,São Paulo,3550308,True,,33078,,,-23.588907,-46.582616,,,,2,2023-06-15T14:12:21+00:00
SAO_746K-10,São Paulo,3550308,True,,33555,,,-23.6187375,-46.722241,,,,2,2023-06-15T14:11:58+00:00
SAO_746K-10,São Paulo,3550308,True,,33555,,,-23.619056,-46.6969765,,,,2,2023-06-15T14:12:07+00:00
SAO_746K-10,São Paulo,3550308,True,,33555,,,-23.6187375,-46.722241,,,,2,2023-06-15T14:12:16+00:00
SAO_746K-10,São Paulo,3550308,True,,33555,,,-23.6226615,-46.72546625,,,,2,2023-06-15T14:12:06+00:00
SAO_746K-10,São Paulo,3550308,True,,33555,,,-23.61461925,-46.677726875000005,,,,2,2023-06-15T14:12:14+00:00
SAO_1178-10,São Paulo,3550308,True,,132,,,-23.5181525,-46.6296665,,,,1,2023-06-15T14:08:37+00:00
SAO_1178-10,São Paulo,3550308,True,,132,,,-23.494115,-46.4508595,,,,1,2023-06-15T14:11:41+00:00
SAO_1178-10,São Paulo,3550308,True,,132,,,-23.5278855,-46.591263999999995,,,,1,2023-06-15T14:11:21+00:00
SAO_1178-10,São Paulo,3550308,True,,132,,,-23.510984,-46.542964999999995,,,,1,2023-06-15T14:12:12+00:00
SAO_1178-10,São Paulo,3550308,True,,132,,,-23.498868,-46.466928,,,,1,2023-06-15T14:12:17+00:00
SAO_1178-10,São Paulo,3550308,True,,132,,,-23.51812,-46.6301025,,,,1,2023-06-15T14:11:55+00:00
SAO_1178-10,São Paulo,3550308,True,,132,,,-23.5227165,-46.56013,,,,1,2023-06-15T14:08:23+00:00
SAO_1178-10,São Paulo,3550308,True,,132,,,-23.528303,-46.590078000000005,,,,1,2023-06-15T14:09:27+00:00
SAO_1178-10,São Paulo,3550308,True,,132,,,-23.528303,-46.590078000000005,,,,1,2023-06-15T14:09:58+00:00
SAO_1178-10,São Paulo,3550308,True,,132,,,-23.5107415,-46.542145000000005,,,,1,2023-06-15T14:12:09+00:00
SAO_6035-21,São Paulo,3550308,True,,34563,,,-23.689372499999998,-46.7589185,,,,2,2023-06-15T14:11:38+00:00
SAO_6035-21,São Paulo,3550308,True,,34563,,,-23.667486,-46.7354975,,,,2,2023-06-15T14:11:45+00:00
SAO_637J-10,São Paulo,3550308,True,EMTU,103,https://moovitapp.com/index/pt-br/transporte_p%C3%BAblico-line-103-Sao_Paulo-242-2038937-36419266-0,5.1,-23.63400175,-46.692955749999996,,,,1,2023-06-15T14:09:49+00:00
SAO_637J-10,São Paulo,3550308,True,EMTU,103,https://moovitapp.com/index/pt-br/transporte_p%C3%BAblico-line-103-Sao_Paulo-242-2038937-36419266-0,5.1,-23.653986500000002,-46.70165837500001,,,,1,2023-06-15T14:12:04+00:00
SAO_637J-10,São Paulo,3550308,True,EMTU,103,https://moovitapp.com/index/pt-br/transporte_p%C3%BAblico-line-103-Sao_Paulo-242-2038937-36419266-0,5.1,-23.714732499999997,-46.69886625,,,,1,2023-06-15T14:10:24+00:00
SAO_637J-10,São Paulo,3550308,True,EMTU,103,https://moovitapp.com/index/pt-br/transporte_p%C3%BAblico-line-103-Sao_Paulo-242-2038937-36419266-0,5.1,-23.664935,-46.69079225,,,,1,2023-06-15T14:11:49+00:00
SAO_637J-10,São Paulo,3550308,True,EMTU,103,https://moovitapp.com/index/pt-br/transporte_p%C3%BAblico-line-103-Sao_Paulo-242-2038937-36419266-0,5.1,-23.597623,-46.673852,,,,1,2023-06-15T14:11:58+00:00
SAO_637J-10,São Paulo,3550308,True,EMTU,103,https://moovitapp.com/index/pt-br/transporte_p%C3%BAblico-line-103-Sao_Paulo-242-2038937-36419266-0,5.1,-23.731475250000003,-46.71618775,,,,1,2023-06-15T14:11:37+00:00
SAO_5194-10,São Paulo,3550308,True,EMTU,269,https://moovitapp.com/index/pt-br/transporte_p%C3%BAblico-line-269-Sao_Paulo-242-2038937-36419377-0,5.35,-23.592988999999996,-46.650320750000006,,,,1,2023-06-15T14:11:59+00:00
SAO_5194-10,São Paulo,3550308,True,EMTU,269,https://moovitapp.com/index/pt-br/transporte_p%C3%BAblico-line-269-Sao_Paulo-242-2038937-36419377-0,5.35,-23.686911,-46.6694185,,,,1,2023-06-15T14:12:19+00:00
SAO_5194-10,São Paulo,3550308,True,EMTU,269,https://moovitapp.com/index/pt-br/transporte_p%C3%BAblico-line-269-Sao_Paulo-242-2038937-36419377-0,5.35,-23.661581999999996,-46.67929025,,,,1,2023-06-15T14:12:20+00:00
SAO_5194-10,São Paulo,3550308,True,EMTU,269,https://moovitapp.com/index/pt-br/transporte_p%C3%BAblico-line-269-Sao_Paulo-242-2038937-36419377-0,5.35,-23.62412425,-46.6615415,,,,1,2023-06-15T14:11:57+00:00
SAO_4021-10,São Paulo,3550308,True,,2548,,,-23.542802000000002,-46.470636,,,,1,2023-06-15T14:11:50+00:00
SAO_4021-10,São Paulo,3550308,True,,2548,,,-23.548983749999998,-46.45562425,,,,1,2023-06-15T14:12:09+00:00
SAO_6083-10,São Paulo,3550308,True,,1733,,,-23.7363815,-46.696515000000005,,,,1,2023-06-15T14:12:03+00:00
SAO_6083-10,São Paulo,3550308,True,,1733,,,-23.753087999999998,-46.6704845,,,,1,2023-06-15T14:11:42+00:00
SAO_6083-10,São Paulo,3550308,True,,1733,,,-23.750869,-46.688227,,,,1,2023-06-15T14:11:52+00:00
SAO_848L-10,São Paulo,3550308,True,EMTU,808,https://moovitapp.com/index/pt-br/transporte_p%C3%BAblico-line-808-Sao_Paulo-242-2038937-36419584-0,4.8,-23.472029,-46.725294500000004,,,,1,2023-06-15T14:11:43+00:00
SAO_848L-10,São Paulo,3550308,True,EMTU,808,https://moovitapp.com/index/pt-br/transporte_p%C3%BAblico-line-808-Sao_Paulo-242-2038937-36419584-0,4.8,-23.420276,-46.729805250000005,,,,1,2023-06-15T14:11:52+00:00
SAO_848L-10,São Paulo,3550308,True,EMTU,808,https://moovitapp.com/index/pt-br/transporte_p%C3%BAblico-line-808-Sao_Paulo-242-2038937-36419584-0,4.8,-23.4427275,-46.727855250000005,,,,1,2023-06-15T14:12:07+00:00
SAO_848L-10,São Paulo,3550308,True,EMTU,808,https://moovitapp.com/index/pt-br/transporte_p%C3%BAblico-line-808-Sao_Paulo-242-2038937-36419584-0,4.8,-23.4130725,-46.7415065,,,,1,2023-06-15T14:11:56+00:00
SAO_848L-10,São Paulo,3550308,True,EMTU,808,https://moovitapp.com/index/pt-br/transporte_p%C3%BAblico-line-808-Sao_Paulo-242-2038937-36419584-0,4.8,-23.472029,-46.725294500000004,,,,1,2023-06-15T14:11:49+00:00
SAO_4004-10,São Paulo,3550308,True,,34946,,,-23.582559,-46.407009,,,,2,2023-06-15T14:11:45+00:00
SAO_4004-10,São Paulo,3550308,True,,34946,,,-23.5833765,-46.407704499999994,,,,2,2023-06-15T14:11:44+00:00
SAO_4004-10,São Paulo,3550308,True,,34946,,,-23.57988275,-46.40094875,,,,2,2023-06-15T14:11:05+00:00
SAO_4004-10,São Paulo,3550308,True,,34946,,,-23.581533,-46.39443525,,,,2,2023-06-15T14:11:53+00:00
SAO_2780-10,São Paulo,3550308,True,,33167,,,-23.506633,-46.376509999999996,,,,2,2023-06-15T14:10:05+00:00
SAO_2780-10,São Paulo,3550308,True,,33167,,,-23.54147425,-46.4575135,,,,2,2023-06-15T14:11:47+00:00
SAO_2780-10,São Paulo,3550308,True,,33167,,,-23.507832,-46.375870000000006,,,,2,2023-06-15T14:11:33+00:00
SAO_2780-10,São Paulo,3550308,True,,33167,,,-23.513330500000002,-46.433114,,,,2,2023-06-15T14:12:11+00:00
SAO_8707-10,São Paulo,3550308,True,,34832,,,-23.5466505,-46.6455785,,,,2,2023-06-15T14:12:23+00:00
SAO_8707-10,São Paulo,3550308,True,,34832,,,-23.57003225,-46.75774175,,,,2,2023-06-15T14:11:43+00:00
SAO_8707-10,São Paulo,3550308,True,,34832,,,-23.572222,-46.700846999999996,,,,2,2023-06-15T14:12:08+00:00
SAO_8707-10,São Paulo,3550308,True,,34832,,,-23.57082175,-46.70967950000001,,,,2,2023-06-15T14:11:58+00:00
SAO_8707-10,São Paulo,3550308,True,,34832,,,-23.535724375,-46.643100375,,,,2,2023-06-15T14:11:54+00:00
SAO_8707-10,São Paulo,3550308,True,,34832,,,-23.5691565,-46.715317999999996,,,,2,2023-06-15T14:12:11+00:00
SAO_6970-10,São Paulo,3550308,True,,34273,,,-23.736994000000003,-46.69702,,,,2,2023-06-15T14:11:53+00:00
SAO_6970-10,São Paulo,3550308,True,,34273,,,-23.66966975,-46.712165,,,,2,2023-06-15T14:11:37+00:00
SAO_6970-10,São Paulo,3550308,True,,34273,,,-23.6958525,-46.7150295,,,,2,2023-06-15T14:09:54+00:00
SAO_6970-10,São Paulo,3550308,True,,34273,,,-23.661175,-46.7072285,,,,2,2023-06-15T14:12:19+00:00
SAO_971T-10,São Paulo,3550308,True,,618,,,-23.500198500000003,-46.63118025,,,,1,2023-06-15T14:12:09+00:00
SAO_971T-10,São Paulo,3550308,True,,618,,,-23.486135749999995,-46.664706499999994,,,,1,2023-06-15T14:11:22+00:00
SAO_971T-10,São Paulo,3550308,True,,618,,,-23.493271749999998,-46.67533875,,,,1,2023-06-15T14:11:37+00:00
SAO_971T-10,São Paulo,3550308,True,,618,,,-23.487625,-46.6524865,,,,1,2023-06-15T14:11:50+00:00
SAO_971T-10,São Paulo,3550308,True,,618,,,-23.4929135,-46.674135500000006,,,,1,2023-06-15T14:12:15+00:00
SAO_8040-10,São Paulo,3550308,True,,33174,,,-23.454497500000002,-46.7555805,,,,2,2023-06-15T14:11:41+00:00
SAO_8040-10,São Paulo,3550308,True,,33174,,,-23.5081875,-46.73386975,,,,2,2023-06-15T14:12:12+00:00
SAO_8040-10,São Paulo,3550308,True,,33174,,,-23.516647499999998,-46.72572725,,,,2,2023-06-15T14:12:08+00:00
SAO_8040-10,São Paulo,3550308,True,,33174,,,-23.4379315,-46.779346000000004,,,,2,2023-06-15T14:12:11+00:00
SAO_8040-10,São Paulo,3550308,True,,33174,,,-23.47013175,-46.754321375,,,,2,2023-06-15T14:12:15+00:00
SAO_8040-10,São Paulo,3550308,True,,33174,,,-23.5201025,-46.700795,,,,2,2023-06-15T14:11:58+00:00
SAO_8528-10,São Paulo,3550308,True,,575,,,-23.5394635,-46.64557875,,,,1,2023-06-15T14:12:17+00:00
SAO_8528-10,São Paulo,3550308,True,,575,,,-23.522263875,-46.6624225,,,,1,2023-06-15T14:11:38+00:00
SAO_8528-10,São Paulo,3550308,True,,575,,,-23.508825,-46.6896915,,,,1,2023-06-15T14:11:16+00:00
SAO_8528-10,São Paulo,3550308,True,,575,,,-23.5049275,-46.689317,,,,1,2023-06-15T14:11:48+00:00
SAO_8528-10,São Paulo,3550308,True,,575,,,-23.537076999999996,-46.642129749999995,,,,1,2023-06-15T14:12:04+00:00
SAO_8528-10,São Paulo,3550308,True,,575,,,-23.47278575,-46.69076325,,,,1,2023-06-15T14:12:17+00:00
SAO_8528-10,São Paulo,3550308,True,,575,,,-23.524924499999997,-46.668572999999995,,,,1,2023-06-15T14:12:06+00:00
SAO_8528-10,São Paulo,3550308,True,,575,,,-23.4616545,-46.6998085,,,,1,2023-06-15T14:11:53+00:00
SAO_8528-10,São Paulo,3550308,True,,575,,,-23.535737625000003,-46.652250124999995,,,,1,2023-06-15T14:12:20+00:00
SAO_8528-10,São Paulo,3550308,True,,575,,,-23.523520249999997,-46.66461125000001,,,,1,2023-06-15T14:12:15+00:00
SAO_8528-10,São Paulo,3550308,True,,575,,,-23.460631499999998,-46.695085500000005,,,,1,2023-06-15T14:11:59+00:00
SAO_8528-10,São Paulo,3550308,True,,575,,,-23.491179000000002,-46.694691,,,,1,2023-06-15T14:11:10+00:00
SAO_8528-10,São Paulo,3550308,True,,575,,,-23.461451,-46.689819,,,,1,2023-06-15T14:11:52+00:00
SAO_8528-10,São Paulo,3550308,True,,575,,,-23.4725235,-46.6912995,,,,1,2023-06-15T14:11:46+00:00
SAO_3732-10,São Paulo,3550308,True,,1029,,,-23.539538,-46.4317025,,,,1,2023-06-15T14:11:56+00:00
SAO_3732-10,São Paulo,3550308,True,,1029,,,-23.540708,-46.4387135,,,,1,2023-06-15T14:11:40+00:00
SAO_3732-10,São Paulo,3550308,True,,1029,,,-23.539538,-46.4317025,,,,1,2023-06-15T14:12:04+00:00
SAO_3732-10,São Paulo,3550308,True,,1029,,,-23.5409625,-46.4518355,,,,1,2023-06-15T14:11:45+00:00
SAO_3732-10,São Paulo,3550308,True,,1029,,,-23.539538,-46.4317025,,,,1,2023-06-15T14:12:19+00:00
SAO_3732-10,São Paulo,3550308,True,,1029,,,-23.539538,-46.4317025,,,,1,2023-06-15T14:11:47+00:00
SAO_3732-10,São Paulo,3550308,True,,1029,,,-23.550971500000003,-46.436522,,,,1,2023-06-15T14:11:58+00:00
SAO_3732-10,São Paulo,3550308,True,,1029,,,-23.55284375,-46.44499625,,,,1,2023-06-15T14:11:51+00:00
SAO_3732-10,São Paulo,3550308,True,,1029,,,-23.5434505,-46.4634435,,,,1,2023-06-15T14:11:45+00:00
SAO_3732-10,São Paulo,3550308,True,,1029,,,-23.5389385,-46.453555,,,,1,2023-06-15T14:12:09+00:00
SAO_3732-10,São Paulo,3550308,True,,1029,,,-23.5434805,-46.463614,,,,1,2023-06-15T14:12:19+00:00
SAO_3795-10,São Paulo,3550308,True,,1073,,,-23.557587499999997,-46.444036499999996,,,,1,2023-06-15T14:11:38+00:00
SAO_3795-10,São Paulo,3550308,True,,1073,,,-23.557813250000002,-46.442985750000005,,,,1,2023-06-15T14:09:01+00:00
SAO_3795-10,São Paulo,3550308,True,,1073,,,-23.560135000000002,-46.4161655,,,,1,2023-06-15T14:12:16+00:00
SAO_3795-10,São Paulo,3550308,True,,1073,,,-23.542476999999998,-46.4712795,,,,1,2023-06-15T13:57:57+00:00
SAO_3795-10,São Paulo,3550308,True,,1073,,,-23.559945,-46.415017750000004,,,,1,2023-06-15T14:12:09+00:00
SAO_3795-10,São Paulo,3550308,True,,1073,,,-23.543953625,-46.449747125,,,,1,2023-06-15T14:12:15+00:00
SAO_3795-10,São Paulo,3550308,True,,1073,,,-23.543005125,-46.451392125,,,,1,2023-06-15T14:09:37+00:00
SAO_9051-10,São Paulo,3550308,True,,2089,,,-23.5479695,-46.706033000000005,,,,1,2023-06-15T14:11:53+00:00
SAO_9051-10,São Paulo,3550308,True,,2089,,,-23.565896,-46.7011235,,,,1,2023-06-15T14:11:49+00:00
SAO_4732-10,São Paulo,3550308,True,,33070,,,-23.631579,-46.6047535,,,,2,2023-06-15T14:12:13+00:00
SAO_4732-10,São Paulo,3550308,True,,33070,,,-23.618419000000003,-46.635562,,,,2,2023-06-15T14:12:04+00:00
SAO_4732-10,São Paulo,3550308,True,,33070,,,-23.625812500000002,-46.61644075,,,,2,2023-06-15T14:11:59+00:00
SAO_748R-10,São Paulo,3550308,True,,33269,,,-23.53817925,-46.719468500000005,,,,2,2023-06-15T14:12:08+00:00
SAO_748R-10,São Paulo,3550308,True,,33269,,,-23.594147,-46.784566,,,,2,2023-06-15T14:11:46+00:00
SAO_748R-10,São Paulo,3550308,True,,33269,,,-23.525283,-46.6821535,,,,2,2023-06-15T14:12:07+00:00
SAO_748R-10,São Paulo,3550308,True,,33269,,,-23.5705265,-46.759085999999996,,,,2,2023-06-15T14:11:52+00:00
SAO_748R-10,São Paulo,3550308,True,,33269,,,-23.5378215,-46.726366999999996,,,,2,2023-06-15T14:12:09+00:00
SAO_748R-10,São Paulo,3550308,True,,33269,,,-23.600459999999998,-46.784138999999996,,,,2,2023-06-15T14:12:07+00:00
SAO_748R-10,São Paulo,3550308,True,,33269,,,-23.522789500000002,-46.699253,,,,2,2023-06-15T14:11:51+00:00
SAO_967A-10,São Paulo,3550308,True,,33336,,,-23.490516,-46.654142500000006,,,,2,2023-06-15T14:11:53+00:00
SAO_967A-10,São Paulo,3550308,True,,33336,,,-23.57172775,-46.69049175,,,,2,2023-06-15T14:11:55+00:00
SAO_967A-10,São Paulo,3550308,True,,33336,,,-23.5720795,-46.653583,,,,2,2023-06-15T14:11:52+00:00
SAO_967A-10,São Paulo,3550308,True,,33336,,,-23.57172775,-46.69049175,,,,2,2023-06-15T14:12:03+00:00
SAO_967A-10,São Paulo,3550308,True,,33336,,,-23.530429875000003,-46.64678225,,,,2,2023-06-15T14:12:14+00:00
SAO_967A-10,São Paulo,3550308,True,,33336,,,-23.551399500000002,-46.645681249999996,,,,2,2023-06-15T14:11:59+00:00
SAO_5370-10,São Paulo,3550308,True,,1442,,,-23.729495,-46.69856875,,,,1,2023-06-15T14:12:00+00:00
SAO_5370-10,São Paulo,3550308,True,,1442,,,-23.65173375,-46.702795,,,,1,2023-06-15T14:12:12+00:00
SAO_5370-10,São Paulo,3550308,True,,1442,,,-23.6815905,-46.705127000000005,,,,1,2023-06-15T14:09:39+00:00
SAO_5370-10,São Paulo,3550308,True,,1442,,,-23.634650999999998,-46.69139425,,,,1,2023-06-15T14:11:47+00:00
SAO_5370-10,São Paulo,3550308,True,,1442,,,-23.608968437499996,-46.667152625,,,,1,2023-06-15T14:11:42+00:00
SAO_5370-10,São Paulo,3550308,True,,1442,,,-23.65632475,-46.700395625,,,,1,2023-06-15T14:12:11+00:00
SAO_5370-10,São Paulo,3550308,True,,1442,,,-23.684085500000002,-46.703199,,,,1,2023-06-15T14:12:11+00:00
SAO_5370-10,São Paulo,3550308,True,,1442,,,-23.7582485,-46.7147595,,,,1,2023-06-15T14:12:11+00:00
SAO_5370-10,São Paulo,3550308,True,,1442,,,-23.61750725,-46.675211000000004,,,,1,2023-06-15T14:12:14+00:00
SAO_5370-10,São Paulo,3550308,True,,1442,,,-23.551886500000002,-46.6369505,,,,1,2023-06-15T14:12:09+00:00
SAO_5370-10,São Paulo,3550308,True,,1442,,,-23.716742,-46.699164999999994,,,,1,2023-06-15T14:12:18+00:00
SAO_5370-10,São Paulo,3550308,True,,1442,,,-23.5969325,-46.655863,,,,1,2023-06-15T14:11:51+00:00
SAO_5370-10,São Paulo,3550308,True,,1442,,,-23.767961,-46.716508,,,,1,2023-06-15T14:11:54+00:00
SAO_5370-10,São Paulo,3550308,True,,1442,,,-23.767859,-46.716285,,,,1,2023-06-15T14:11:59+00:00
SAO_5370-10,São Paulo,3550308,True,,1442,,,-23.653619499999998,-46.701682125000005,,,,1,2023-06-15T14:12:06+00:00
SAO_5370-10,São Paulo,3550308,True,,1442,,,-23.566093000000002,-46.640581499999996,,,,1,2023-06-15T14:11:54+00:00
SAO_5370-10,São Paulo,3550308,True,,1442,,,-23.5833075,-46.652372,,,,1,2023-06-15T14:11:54+00:00
SAO_407L-10,São Paulo,3550308,True,,34967,,,-23.5347465,-46.428923999999995,,,,2,2023-06-15T14:10:29+00:00
SAO_407L-10,São Paulo,3550308,True,,34967,,,-23.5348265,-46.4511975,,,,2,2023-06-15T14:11:59+00:00
SAO_407L-10,São Paulo,3550308,True,,34967,,,-23.590822000000003,-46.3946785,,,,2,2023-06-15T14:11:52+00:00
SAO_407L-10,São Paulo,3550308,True,,34967,,,-23.553243,-46.413645,,,,2,2023-06-15T14:11:40+00:00
SAO_407L-10,São Paulo,3550308,True,,34967,,,-23.52383575,-46.510268249999996,,,,2,2023-06-15T14:11:55+00:00
SAO_407L-10,São Paulo,3550308,True,,34967,,,-23.590592,-46.3947795,,,,2,2023-06-15T14:11:42+00:00
SAO_407L-10,São Paulo,3550308,True,,34967,,,-23.590415999999998,-46.394861500000005,,,,2,2023-06-15T14:11:44+00:00
SAO_407L-10,São Paulo,3550308,True,,34967,,,-23.5286855,-46.516388500000005,,,,2,2023-06-15T14:11:57+00:00
SAO_407L-10,São Paulo,3550308,True,,34967,,,-23.590822000000003,-46.3946785,,,,2,2023-06-15T14:12:11+00:00
SAO_407L-10,São Paulo,3550308,True,,34967,,,-23.529433500000003,-46.497409000000005,,,,2,2023-06-15T14:10:54+00:00
SAO_407L-10,São Paulo,3550308,True,,34967,,,-23.58659675,-46.39069775,,,,2,2023-06-15T14:11:53+00:00
SAO_407L-10,São Paulo,3550308,True,,34967,,,-23.5365385,-46.473466,,,,2,2023-06-15T14:12:16+00:00
SAO_407L-10,São Paulo,3550308,True,,34967,,,-23.555842,-46.4122625,,,,2,2023-06-15T14:12:14+00:00
SAO_407L-10,São Paulo,3550308,True,,34967,,,-23.591108,-46.3945285,,,,2,2023-06-15T14:11:40+00:00
SAO_407L-10,São Paulo,3550308,True,,34967,,,-23.53556,-46.454417,,,,2,2023-06-15T14:11:52+00:00
SAO_407L-10,São Paulo,3550308,True,,34967,,,-23.58002175,-46.399840874999995,,,,2,2023-06-15T14:11:55+00:00
SAO_5119-22,São Paulo,3550308,True,,34892,,,-23.6250425,-46.7341295,,,,2,2023-06-15T14:12:16+00:00
SAO_5119-22,São Paulo,3550308,True,,34892,,,-23.585652124999996,-46.678533375,,,,2,2023-06-15T14:12:15+00:00
SAO_3778-10,São Paulo,3550308,True,,33830,,,-23.571637000000003,-46.5062955,,,,2,2023-06-15T14:11:54+00:00
SAO_3778-10,São Paulo,3550308,True,,33830,,,-23.5755465,-46.49686,,,,2,2023-06-15T14:11:50+00:00
SAO_3778-10,São Paulo,3550308,True,,33830,,,-23.5380825,-46.5625515,,,,2,2023-06-15T14:09:39+00:00
SAO_3778-10,São Paulo,3550308,True,,33830,,,-23.551041249999997,-46.532039749999996,,,,2,2023-06-15T14:11:47+00:00
SAO_3778-10,São Paulo,3550308,True,,33830,,,-23.5754545,-46.5030275,,,,2,2023-06-15T14:12:08+00:00
SAO_3778-10,São Paulo,3550308,True,,33830,,,-23.576659,-46.493074500000006,,,,2,2023-06-15T14:12:05+00:00
SAO_3778-10,São Paulo,3550308,True,,33830,,,-23.567836874999998,-46.510108625,,,,2,2023-06-15T14:12:16+00:00
SAO_3778-10,São Paulo,3550308,True,,33830,,,-23.5422865,-46.549737500000006,,,,2,2023-06-15T14:11:52+00:00
SAO_3778-10,São Paulo,3550308,True,,33830,,,-23.570103,-46.486686,,,,2,2023-06-15T14:11:51+00:00
SAO_6076-10,São Paulo,3550308,True,,1165,,,-23.664607,-46.70930775,,,,1,2023-06-15T14:11:40+00:00
SAO_6076-10,São Paulo,3550308,True,,1165,,,-23.685298500000002,-46.708605000000006,,,,1,2023-06-15T14:12:11+00:00
SAO_6076-10,São Paulo,3550308,True,,1165,,,-23.674310499999997,-46.7122475,,,,1,2023-06-15T14:12:23+00:00
SAO_6076-10,São Paulo,3550308,True,,1165,,,-23.7343565,-46.681067,,,,1,2023-06-15T14:12:14+00:00
SAO_6076-10,São Paulo,3550308,True,,1165,,,-23.719488,-46.698268999999996,,,,1,2023-06-15T14:12:06+00:00
SAO_6076-10,São Paulo,3550308,True,,1165,,,-23.729339500000002,-46.688754,,,,1,2023-06-15T14:11:54+00:00
SAO_6076-10,São Paulo,3550308,True,,1165,,,-23.709000500000002,-46.699838,,,,1,2023-06-15T14:12:22+00:00
SAO_6076-10,São Paulo,3550308,True,,1165,,,-23.653924375,-46.71180125000001,,,,1,2023-06-15T14:11:51+00:00
SAO_3027-10,São Paulo,3550308,True,,963,,,-23.56666675,-46.46824325,,,,1,2023-06-15T14:11:53+00:00
SAO_3027-10,São Paulo,3550308,True,,963,,,-23.556524000000003,-46.44433275,,,,1,2023-06-15T14:11:43+00:00
SAO_3027-10,São Paulo,3550308,True,,963,,,-23.5422975,-46.419747,,,,1,2023-06-15T14:11:52+00:00
SAO_3027-10,São Paulo,3550308,True,,963,,,-23.540297,-46.431876,,,,1,2023-06-15T14:11:43+00:00
SAO_3027-10,São Paulo,3550308,True,,963,,,-23.550920374999997,-46.45874625,,,,1,2023-06-15T14:11:47+00:00
SAO_3027-10,São Paulo,3550308,True,,963,,,-23.5634105,-46.5054495,,,,1,2023-06-15T14:12:15+00:00
SAO_3027-10,São Paulo,3550308,True,,963,,,-23.57354,-46.503673500000005,,,,1,2023-06-15T14:12:21+00:00
SAO_2019-10,São Paulo,3550308,True,,905,,,-23.52630125,-46.540591,,,,1,2023-06-15T14:12:11+00:00
SAO_2019-10,São Paulo,3550308,True,,905,,,-23.52963475,-46.47655075,,,,1,2023-06-15T14:11:47+00:00
SAO_2019-10,São Paulo,3550308,True,,905,,,-23.5222965,-46.5403565,,,,1,2023-06-15T14:12:11+00:00
SAO_2019-10,São Paulo,3550308,True,,905,,,-23.529183500000002,-46.478623999999996,,,,1,2023-06-15T14:12:14+00:00
SAO_8548-10,São Paulo,3550308,True,,33346,,,-23.493349000000002,-46.69174,,,,2,2023-06-15T14:12:08+00:00
SAO_8548-10,São Paulo,3550308,True,,33346,,,-23.4591725,-46.6875575,,,,2,2023-06-15T14:12:05+00:00
SAO_8548-10,São Paulo,3550308,True,,33346,,,-23.446651625,-46.715378375,,,,2,2023-06-15T14:12:16+00:00
SAO_6262-10,São Paulo,3550308,True,,1371,,,-23.549622499999998,-46.640210499999995,,,,1,2023-06-15T14:11:54+00:00
SAO_6262-10,São Paulo,3550308,True,,1371,,,-23.555836,-46.6499815,,,,1,2023-06-15T14:12:21+00:00
SAO_6262-10,São Paulo,3550308,True,,1371,,,-23.5668985,-46.6942255,,,,1,2023-06-15T14:12:22+00:00
SAO_6262-10,São Paulo,3550308,True,,1371,,,-23.527423499999998,-46.740116,,,,1,2023-06-15T14:09:25+00:00
SAO_6262-10,São Paulo,3550308,True,,1371,,,-23.550185499999998,-46.713058124999996,,,,1,2023-06-15T14:11:46+00:00
SAO_6262-10,São Paulo,3550308,True,,1371,,,-23.5371755,-46.724917500000004,,,,1,2023-06-15T14:12:16+00:00
SAO_6262-10,São Paulo,3550308,True,,1371,,,-23.570479,-46.662225500000005,,,,1,2023-06-15T14:12:10+00:00
SAO_4315-10,São Paulo,3550308,True,,2175,,,-23.5515695,-46.624459,,,,1,2023-06-15T14:11:51+00:00
SAO_4315-10,São Paulo,3550308,True,,2175,,,-23.55198775,-46.529923249999996,,,,1,2023-06-15T14:11:37+00:00
SAO_4315-10,São Paulo,3550308,True,,2175,,,-23.545441,-46.630475000000004,,,,1,2023-06-15T14:09:07+00:00
SAO_4315-10,São Paulo,3550308,True,,2175,,,-23.543466375,-46.590280875,,,,1,2023-06-15T14:12:10+00:00
SAO_4315-10,São Paulo,3550308,True,,2175,,,-23.541649625,-46.549186750000004,,,,1,2023-06-15T14:11:47+00:00
SAO_4315-10,São Paulo,3550308,True,,2175,,,-23.5454365,-46.5445605,,,,1,2023-06-15T14:11:35+00:00
SAO_4315-10,São Paulo,3550308,True,,2175,,,-23.537675999999998,-46.562360562500004,,,,1,2023-06-15T14:12:21+00:00
SAO_4315-10,São Paulo,3550308,True,,2175,,,-23.552839,-46.612486000000004,,,,1,2023-06-15T14:11:58+00:00
SAO_2730-10,São Paulo,3550308,True,Urubupungá,945,https://moovitapp.com/index/pt-br/transporte_p%C3%BAblico-line-945-Sao_Paulo-242-873835-75841138-0,4.6,-23.515404750000002,-46.463897,,,,1,2023-06-15T14:11:36+00:00
SAO_2730-10,São Paulo,3550308,True,Urubupungá,945,https://moovitapp.com/index/pt-br/transporte_p%C3%BAblico-line-945-Sao_Paulo-242-873835-75841138-0,4.6,-23.52296975,-46.4702685,,,,1,2023-06-15T14:12:12+00:00
SAO_2730-10,São Paulo,3550308,True,Urubupungá,945,https://moovitapp.com/index/pt-br/transporte_p%C3%BAblico-line-945-Sao_Paulo-242-873835-75841138-0,4.6,-23.5300285,-46.47400175,,,,1,2023-06-15T14:11:59+00:00
SAO_2730-10,São Paulo,3550308,True,Urubupungá,945,https://moovitapp.com/index/pt-br/transporte_p%C3%BAblico-line-945-Sao_Paulo-242-873835-75841138-0,4.6,-23.5129375,-46.462881499999995,,,,1,2023-06-15T14:12:14+00:00
SAO_2730-10,São Paulo,3550308,True,Urubupungá,945,https://moovitapp.com/index/pt-br/transporte_p%C3%BAblico-line-945-Sao_Paulo-242-873835-75841138-0,4.6,-23.509066,-46.44920625,,,,1,2023-06-15T14:11:54+00:00
SAO_2730-10,São Paulo,3550308,True,Urubupungá,945,https://moovitapp.com/index/pt-br/transporte_p%C3%BAblico-line-945-Sao_Paulo-242-873835-75841138-0,4.6,-23.538732,-46.480726000000004,,,,1,2023-06-15T14:11:48+00:00
SAO_2730-10,São Paulo,3550308,True,Urubupungá,945,https://moovitapp.com/index/pt-br/transporte_p%C3%BAblico-line-945-Sao_Paulo-242-873835-75841138-0,4.6,-23.540062499999998,-46.482594375,,,,1,2023-06-15T14:12:00+00:00
SAO_2730-10,São Paulo,3550308,True,Urubupungá,945,https://moovitapp.com/index/pt-br/transporte_p%C3%BAblico-line-945-Sao_Paulo-242-873835-75841138-0,4.6,-23.503923,-46.4563705,,,,1,2023-06-15T14:11:42+00:00
SAO_5705-10,São Paulo,3550308,True,,1657,,,-23.577723875000004,-46.608669250000005,,,,1,2023-06-15T14:12:19+00:00
SAO_5705-10,São Paulo,3550308,True,,1657,,,-23.603496999999997,-46.602769,,,,1,2023-06-15T14:12:14+00:00
SAO_5705-10,São Paulo,3550308,True,,1657,,,-23.575932,-46.640626499999996,,,,1,2023-06-15T14:11:40+00:00
SAO_3737-10,São Paulo,3550308,True,,33805,,,-23.56098,-46.509696,,,,2,2023-06-15T14:11:58+00:00
SAO_3737-10,São Paulo,3550308,True,,33805,,,-23.564532999999997,-46.5048475,,,,2,2023-06-15T14:11:43+00:00
SAO_3737-10,São Paulo,3550308,True,,33805,,,-23.554263,-46.5027965,,,,2,2023-06-15T14:12:19+00:00
SAO_3737-10,São Paulo,3550308,True,,33805,,,-23.558627,-46.5093905,,,,2,2023-06-15T14:12:10+00:00
SAO_3737-10,São Paulo,3550308,True,,33805,,,-23.5376615,-46.51751924999999,,,,2,2023-06-15T14:11:36+00:00
SAO_3737-10,São Paulo,3550308,True,,33805,,,-23.54758,-46.50970625000001,,,,2,2023-06-15T14:12:02+00:00
SAO_3737-10,São Paulo,3550308,True,,33805,,,-23.5525445,-46.500429,,,,2,2023-06-15T14:11:03+00:00
SAO_3737-10,São Paulo,3550308,True,,33805,,,-23.563519,-46.5054075,,,,2,2023-06-15T14:11:50+00:00
SAO_3737-10,São Paulo,3550308,True,,33805,,,-23.538954625000002,-46.515955500000004,,,,2,2023-06-15T14:11:54+00:00
SAO_273X-10,São Paulo,3550308,True,EMTU,392,https://moovitapp.com/index/pt-br/transporte_p%C3%BAblico-line-392-Sao_Paulo-242-2038937-36419460-0,5.8,-23.498322,-46.4569535,,,,1,2023-06-15T14:12:21+00:00
SAO_273X-10,São Paulo,3550308,True,EMTU,392,https://moovitapp.com/index/pt-br/transporte_p%C3%BAblico-line-392-Sao_Paulo-242-2038937-36419460-0,5.8,-23.5343395,-46.473802000000006,,,,1,2023-06-15T14:10:21+00:00
SAO_273X-10,São Paulo,3550308,True,EMTU,392,https://moovitapp.com/index/pt-br/transporte_p%C3%BAblico-line-392-Sao_Paulo-242-2038937-36419460-0,5.8,-23.516960500000003,-46.4763955,,,,1,2023-06-15T14:12:03+00:00
SAO_273X-10,São Paulo,3550308,True,EMTU,392,https://moovitapp.com/index/pt-br/transporte_p%C3%BAblico-line-392-Sao_Paulo-242-2038937-36419460-0,5.8,-23.499178,-46.3944915,,,,1,2023-06-15T14:12:18+00:00
SAO_273X-10,São Paulo,3550308,True,EMTU,392,https://moovitapp.com/index/pt-br/transporte_p%C3%BAblico-line-392-Sao_Paulo-242-2038937-36419460-0,5.8,-23.4937895,-46.450446,,,,1,2023-06-15T14:11:37+00:00
SAO_273X-10,São Paulo,3550308,True,EMTU,392,https://moovitapp.com/index/pt-br/transporte_p%C3%BAblico-line-392-Sao_Paulo-242-2038937-36419460-0,5.8,-23.50059525,-46.385371,,,,1,2023-06-15T14:11:48+00:00
SAO_273X-10,São Paulo,3550308,True,EMTU,392,https://moovitapp.com/index/pt-br/transporte_p%C3%BAblico-line-392-Sao_Paulo-242-2038937-36419460-0,5.8,-23.5033495,-46.471968000000004,,,,1,2023-06-15T14:12:18+00:00
SAO_273X-10,São Paulo,3550308,True,EMTU,392,https://moovitapp.com/index/pt-br/transporte_p%C3%BAblico-line-392-Sao_Paulo-242-2038937-36419460-0,5.8,-23.4942435,-46.4390015,,,,1,2023-06-15T14:11:51+00:00
SAO_273X-10,São Paulo,3550308,True,EMTU,392,https://moovitapp.com/index/pt-br/transporte_p%C3%BAblico-line-392-Sao_Paulo-242-2038937-36419460-0,5.8,-23.539783999999997,-46.483161,,,,1,2023-06-15T14:11:59+00:00
SAO_273X-10,São Paulo,3550308,True,EMTU,392,https://moovitapp.com/index/pt-br/transporte_p%C3%BAblico-line-392-Sao_Paulo-242-2038937-36419460-0,5.8,-23.491642499999998,-46.387237999999996,,,,1,2023-06-15T14:12:21+00:00
SAO_847P-10,São Paulo,3550308,True,,33191,,,-23.4843435,-46.7227915,,,,2,2023-06-15T14:12:13+00:00
SAO_847P-10,São Paulo,3550308,True,,33191,,,-23.553458,-46.690446124999994,,,,2,2023-06-15T14:11:59+00:00
SAO_847P-10,São Paulo,3550308,True,,33191,,,-23.5145555,-46.7001075,,,,2,2023-06-15T14:12:09+00:00
SAO_847P-10,São Paulo,3550308,True,,33191,,,-23.5964025,-46.69135850000001,,,,2,2023-06-15T14:11:55+00:00
SAO_847P-10,São Paulo,3550308,True,,33191,,,-23.5964025,-46.69135850000001,,,,2,2023-06-15T14:09:31+00:00
SAO_847P-10,São Paulo,3550308,True,,33191,,,-23.58074525,-46.68468825,,,,2,2023-06-15T14:11:37+00:00
SAO_847P-10,São Paulo,3550308,True,,33191,,,-23.551634999999997,-46.690545125,,,,2,2023-06-15T14:11:48+00:00
SAO_847P-10,São Paulo,3550308,True,,33191,,,-23.527539375000003,-46.702359375,,,,2,2023-06-15T14:12:10+00:00
SAO_847P-10,São Paulo,3550308,True,,33191,,,-23.504227,-46.706124,,,,2,2023-06-15T14:12:00+00:00
SAO_847P-10,São Paulo,3550308,True,,33191,,,-23.485637500000003,-46.7260535,,,,2,2023-06-15T14:11:59+00:00
SAO_847P-10,São Paulo,3550308,True,,33191,,,-23.586877125,-46.682329624999994,,,,2,2023-06-15T14:12:02+00:00
SAO_847P-10,São Paulo,3550308,True,,33191,,,-23.595115999999997,-46.690344249999995,,,,2,2023-06-15T14:11:52+00:00
SAO_847P-10,São Paulo,3550308,True,,33191,,,-23.564226875,-46.688621250000004,,,,2,2023-06-15T14:12:06+00:00
SAO_5185-10,São Paulo,3550308,True,,34076,,,-23.595553000000002,-46.650906,,,,2,2023-06-15T14:11:58+00:00
SAO_5185-10,São Paulo,3550308,True,,34076,,,-23.6517905,-46.682687,,,,2,2023-06-15T14:11:38+00:00
SAO_5185-10,São Paulo,3550308,True,,34076,,,-23.5517905,-46.6373745,,,,2,2023-06-15T14:12:16+00:00
SAO_5185-10,São Paulo,3550308,True,,34076,,,-23.631783499999997,-46.6691525,,,,2,2023-06-15T14:12:22+00:00
SAO_5185-10,São Paulo,3550308,True,,34076,,,-23.669038,-46.735601,,,,2,2023-06-15T14:11:50+00:00
SAO_5185-10,São Paulo,3550308,True,,34076,,,-23.549477,-46.633083,,,,2,2023-06-15T14:11:48+00:00
SAO_5185-10,São Paulo,3550308,True,,34076,,,-23.576101375,-46.65769225,,,,2,2023-06-15T14:12:06+00:00
SAO_5185-10,São Paulo,3550308,True,,34076,,,-23.5482705,-46.6297675,,,,2,2023-06-15T14:12:05+00:00
SAO_5185-10,São Paulo,3550308,True,,34076,,,-23.643925,-46.67291899999999,,,,2,2023-06-15T14:12:19+00:00
SAO_6055-10,São Paulo,3550308,True,,33914,,,-23.68334,-46.690959,,,,2,2023-06-15T14:11:44+00:00
SAO_6055-10,São Paulo,3550308,True,,33914,,,-23.7495745,-46.698567,,,,2,2023-06-15T14:11:51+00:00
SAO_6055-10,São Paulo,3550308,True,,33914,,,-23.715805000000003,-46.699250500000005,,,,2,2023-06-15T14:11:53+00:00
SAO_6055-10,São Paulo,3550308,True,,33914,,,-23.754704,-46.709073000000004,,,,2,2023-06-15T14:11:43+00:00
SAO_6055-10,São Paulo,3550308,True,,33914,,,-23.754978,-46.709182999999996,,,,2,2023-06-15T14:12:21+00:00
SAO_6055-10,São Paulo,3550308,True,,33914,,,-23.754978,-46.709182999999996,,,,2,2023-06-15T14:12:14+00:00
SAO_6055-10,São Paulo,3550308,True,,33914,,,-23.754704,-46.709073000000004,,,,2,2023-06-15T14:12:19+00:00
SAO_6055-10,São Paulo,3550308,True,,33914,,,-23.709693,-46.69967,,,,2,2023-06-15T14:12:21+00:00
SAO_2182-10,São Paulo,3550308,True,STT,700,https://moovitapp.com/index/pt-br/transporte_p%C3%BAblico-line-700-Sao_Paulo-242-850661-183337-0,5.3,-23.505449,-46.5768485,,,,1,2023-06-15T14:11:56+00:00
SAO_2182-10,São Paulo,3550308,True,STT,700,https://moovitapp.com/index/pt-br/transporte_p%C3%BAblico-line-700-Sao_Paulo-242-850661-183337-0,5.3,-23.5428145,-46.635748,,,,1,2023-06-15T14:12:17+00:00
SAO_2182-10,São Paulo,3550308,True,STT,700,https://moovitapp.com/index/pt-br/transporte_p%C3%BAblico-line-700-Sao_Paulo-242-850661-183337-0,5.3,-23.54073725,-46.61304925,,,,1,2023-06-15T14:10:11+00:00
SAO_2182-10,São Paulo,3550308,True,STT,700,https://moovitapp.com/index/pt-br/transporte_p%C3%BAblico-line-700-Sao_Paulo-242-850661-183337-0,5.3,-23.540765375,-46.62913525,,,,1,2023-06-15T14:11:57+00:00
SAO_2182-10,São Paulo,3550308,True,STT,700,https://moovitapp.com/index/pt-br/transporte_p%C3%BAblico-line-700-Sao_Paulo-242-850661-183337-0,5.3,-23.4874285,-46.568459749999995,,,,1,2023-06-15T14:11:50+00:00
SAO_2182-10,São Paulo,3550308,True,STT,700,https://moovitapp.com/index/pt-br/transporte_p%C3%BAblico-line-700-Sao_Paulo-242-850661-183337-0,5.3,-23.513315499999997,-46.581042,,,,1,2023-06-15T14:09:56+00:00
SAO_2182-10,São Paulo,3550308,True,STT,700,https://moovitapp.com/index/pt-br/transporte_p%C3%BAblico-line-700-Sao_Paulo-242-850661-183337-0,5.3,-23.540216,-46.61209975,,,,1,2023-06-15T14:10:59+00:00
SAO_2182-10,São Paulo,3550308,True,STT,700,https://moovitapp.com/index/pt-br/transporte_p%C3%BAblico-line-700-Sao_Paulo-242-850661-183337-0,5.3,-23.527697687499998,-46.60022825,,,,1,2023-06-15T14:11:50+00:00
SAO_2182-10,São Paulo,3550308,True,STT,700,https://moovitapp.com/index/pt-br/transporte_p%C3%BAblico-line-700-Sao_Paulo-242-850661-183337-0,5.3,-23.5280555,-46.5997895,,,,1,2023-06-15T14:12:18+00:00
SAO_9014-10,São Paulo,3550308,True,,1425,,,-23.506334625,-46.68914550000001,,,,1,2023-06-15T14:12:21+00:00
SAO_9014-10,São Paulo,3550308,True,,1425,,,-23.474511999999997,-46.7082465,,,,1,2023-06-15T14:12:13+00:00
SAO_9014-10,São Paulo,3550308,True,,1425,,,-23.505019500000003,-46.691104499999994,,,,1,2023-06-15T14:11:44+00:00
SAO_9014-10,São Paulo,3550308,True,,1425,,,-23.472584,-46.708515000000006,,,,1,2023-06-15T14:12:11+00:00
SAO_2088-10,São Paulo,3550308,True,EMTU,372,https://moovitapp.com/index/pt-br/transporte_p%C3%BAblico-line-372-Sao_Paulo-242-2038937-36419447-0,4.9,-23.493944499999998,-46.418259500000005,,,,1,2023-06-15T14:09:24+00:00
SAO_2088-10,São Paulo,3550308,True,EMTU,372,https://moovitapp.com/index/pt-br/transporte_p%C3%BAblico-line-372-Sao_Paulo-242-2038937-36419447-0,4.9,-23.5153035,-46.461610500000006,,,,1,2023-06-15T14:12:18+00:00
SAO_2088-10,São Paulo,3550308,True,EMTU,372,https://moovitapp.com/index/pt-br/transporte_p%C3%BAblico-line-372-Sao_Paulo-242-2038937-36419447-0,4.9,-23.518140000000002,-46.4756725,,,,1,2023-06-15T14:12:10+00:00
SAO_8004-10,São Paulo,3550308,True,,34022,,,-23.473222999999997,-46.7498765,,,,2,2023-06-15T14:12:08+00:00
SAO_8004-10,São Paulo,3550308,True,,34022,,,-23.51828,-46.7033565,,,,2,2023-06-15T14:11:58+00:00
SAO_8004-10,São Paulo,3550308,True,,34022,,,-23.5081875,-46.73386975,,,,2,2023-06-15T14:11:48+00:00
SAO_8004-10,São Paulo,3550308,True,,34022,,,-23.4870605,-46.756816,,,,2,2023-06-15T14:11:54+00:00
SAO_4017-10,São Paulo,3550308,True,,34958,,,-23.590070500000003,-46.408122250000005,,,,2,2023-06-15T14:12:04+00:00
SAO_4017-10,São Paulo,3550308,True,,34958,,,-23.600949999999997,-46.399390499999996,,,,2,2023-06-15T14:12:02+00:00
SAO_4017-10,São Paulo,3550308,True,,34958,,,-23.586646,-46.383129499999995,,,,2,2023-06-15T14:09:52+00:00
SAO_4017-10,São Paulo,3550308,True,,34958,,,-23.580293,-46.3848725,,,,2,2023-06-15T14:09:43+00:00
SAO_3063-10,São Paulo,3550308,True,,33021,,,-23.613538,-46.476616,,,,2,2023-06-15T14:11:57+00:00
SAO_3063-10,São Paulo,3550308,True,,33021,,,-23.559813,-46.41397225,,,,2,2023-06-15T14:12:08+00:00
SAO_3063-10,São Paulo,3550308,True,,33021,,,-23.596308999999998,-46.455173,,,,2,2023-06-15T14:11:03+00:00
SAO_3063-10,São Paulo,3550308,True,,33021,,,-23.594403999999997,-46.4249155,,,,2,2023-06-15T14:11:47+00:00
SAO_3063-10,São Paulo,3550308,True,,33021,,,-23.5544825,-46.401486000000006,,,,2,2023-06-15T14:11:42+00:00
SAO_8009-31,São Paulo,3550308,True,,34028,,,-23.457047,-46.719686499999995,,,,2,2023-06-15T14:11:56+00:00
SAO_8009-31,São Paulo,3550308,True,,34028,,,-23.452482,-46.7364105,,,,2,2023-06-15T14:11:56+00:00
SAO_8009-31,São Paulo,3550308,True,,34028,,,-23.43469,-46.7522145,,,,2,2023-06-15T14:11:56+00:00
SAO_5036-10,São Paulo,3550308,True,,1666,,,-23.630584499999998,-46.6041045,,,,1,2023-06-15T14:10:20+00:00
SAO_5036-10,São Paulo,3550308,True,,1666,,,-23.606391875,-46.608853,,,,1,2023-06-15T14:12:14+00:00
SAO_5036-10,São Paulo,3550308,True,,1666,,,-23.6571055,-46.613468999999995,,,,1,2023-06-15T14:11:40+00:00
SAO_425E-10,São Paulo,3550308,True,,1636,,,-23.6255375,-46.463149,,,,1,2023-06-15T14:12:04+00:00
SAO_2590-10,São Paulo,3550308,True,,912,,,-23.49982825,-46.528000500000005,,,,1,2023-06-15T14:09:02+00:00
SAO_2590-10,São Paulo,3550308,True,,912,,,-23.492324250000003,-46.456329,,,,1,2023-06-15T14:11:30+00:00
SAO_2590-10,São Paulo,3550308,True,,912,,,-23.538661,-46.6044205,,,,1,2023-06-15T14:11:12+00:00
SAO_6049-10,São Paulo,3550308,True,,34077,,,-23.652072000000004,-46.7168815,,,,2,2023-06-15T14:12:21+00:00
SAO_6049-10,São Paulo,3550308,True,,34077,,,-23.662447,-46.780381750000004,,,,2,2023-06-15T14:11:53+00:00
SAO_6049-10,São Paulo,3550308,True,,34077,,,-23.692721499999998,-46.797819000000004,,,,2,2023-06-15T14:12:11+00:00
SAO_2707-31,São Paulo,3550308,True,Urubupungá,920,https://moovitapp.com/index/pt-br/transporte_p%C3%BAblico-line-920-Sao_Paulo-242-873835-496472-0,4.6,-23.541532,-46.4108155,,,,1,2023-06-15T14:06:07+00:00
SAO_2707-31,São Paulo,3550308,True,Urubupungá,920,https://moovitapp.com/index/pt-br/transporte_p%C3%BAblico-line-920-Sao_Paulo-242-873835-496472-0,4.6,-23.534511000000002,-46.45353849999999,,,,1,2023-06-15T14:12:02+00:00
SAO_695H-10,São Paulo,3550308,True,,1196,,,-23.784245000000002,-46.71378850000001,,,,1,2023-06-15T14:10:37+00:00
SAO_695H-10,São Paulo,3550308,True,,1196,,,-23.758888,-46.71498425,,,,1,2023-06-15T14:11:54+00:00
SAO_695H-10,São Paulo,3550308,True,,1196,,,-23.654648,-46.706824999999995,,,,1,2023-06-15T14:11:40+00:00
SAO_695H-10,São Paulo,3550308,True,,1196,,,-23.67637525,-46.696209499999995,,,,1,2023-06-15T14:12:09+00:00
SAO_695H-10,São Paulo,3550308,True,,1196,,,-23.661997,-46.693121000000005,,,,1,2023-06-15T14:11:44+00:00
SAO_695H-10,São Paulo,3550308,True,,1196,,,-23.729495,-46.69856875,,,,1,2023-06-15T14:12:09+00:00
SAO_695H-10,São Paulo,3550308,True,,1196,,,-23.65517725,-46.7067835,,,,1,2023-06-15T14:11:58+00:00
SAO_3756-10,São Paulo,3550308,True,,33818,,,-23.545591,-46.4690755,,,,2,2023-06-15T14:07:48+00:00
SAO_3756-10,São Paulo,3550308,True,,33818,,,-23.558153,-46.441452,,,,2,2023-06-15T14:11:21+00:00
SAO_3756-10,São Paulo,3550308,True,,33818,,,-23.590653500000002,-46.389331375,,,,2,2023-06-15T14:11:36+00:00
SAO_3756-10,São Paulo,3550308,True,,33818,,,-23.5670325,-46.403956750000006,,,,2,2023-06-15T14:11:29+00:00
SAO_3756-10,São Paulo,3550308,True,,33818,,,-23.57246475,-46.3943525,,,,2,2023-06-15T14:11:43+00:00
SAO_1020-10,São Paulo,3550308,True,,35265,,,-23.4234875,-46.72467125,,,,2,2023-06-15T14:11:57+00:00
SAO_1020-10,São Paulo,3550308,True,,35265,,,-23.4106675,-46.763892,,,,2,2023-06-15T14:12:09+00:00
SAO_1020-10,São Paulo,3550308,True,,35265,,,-23.4106675,-46.763892,,,,2,2023-06-15T14:12:16+00:00
SAO_1020-10,São Paulo,3550308,True,,35265,,,-23.4043965,-46.7518015,,,,2,2023-06-15T14:11:45+00:00
SAO_1020-10,São Paulo,3550308,True,,35265,,,-23.4234875,-46.72467125,,,,2,2023-06-15T14:11:53+00:00
SAO_1020-10,São Paulo,3550308,True,,35265,,,-23.488384,-46.7131145,,,,2,2023-06-15T14:12:09+00:00
SAO_1020-10,São Paulo,3550308,True,,35265,,,-23.438156,-46.721397499999995,,,,2,2023-06-15T14:12:11+00:00
SAO_1726-10,São Paulo,3550308,True,,1403,,,-23.456622,-46.601623000000004,,,,1,2023-06-15T14:10:38+00:00
SAO_1726-10,São Paulo,3550308,True,,1403,,,-23.502214000000002,-46.6235875,,,,1,2023-06-15T14:12:12+00:00
SAO_1726-10,São Paulo,3550308,True,,1403,,,-23.49731325,-46.62320775,,,,1,2023-06-15T14:09:45+00:00
SAO_1726-10,São Paulo,3550308,True,,1403,,,-23.4383245,-46.567105999999995,,,,1,2023-06-15T14:09:28+00:00
SAO_1726-10,São Paulo,3550308,True,,1403,,,-23.502626,-46.6235995,,,,1,2023-06-15T14:11:40+00:00
SAO_1726-10,São Paulo,3550308,True,,1403,,,-23.487038375,-46.622794625000004,,,,1,2023-06-15T14:11:36+00:00
SAO_1726-10,São Paulo,3550308,True,,1403,,,-23.47538825,-46.60887124999999,,,,1,2023-06-15T14:12:13+00:00
SAO_1726-10,São Paulo,3550308,True,,1403,,,-23.4526045,-46.59900475,,,,1,2023-06-15T14:12:15+00:00
SAO_1726-10,São Paulo,3550308,True,,1403,,,-23.4568205,-46.602012,,,,1,2023-06-15T14:11:41+00:00
SAO_2765-10,São Paulo,3550308,True,EMTU,145,https://moovitapp.com/index/pt-br/transporte_p%C3%BAblico-line-145-Sao_Paulo-242-2038937-36419293-0,5.35,-23.52672875,-46.55175,,,,1,2023-06-15T14:12:10+00:00
SAO_2765-10,São Paulo,3550308,True,EMTU,145,https://moovitapp.com/index/pt-br/transporte_p%C3%BAblico-line-145-Sao_Paulo-242-2038937-36419293-0,5.35,-23.5063845,-46.5316105,,,,1,2023-06-15T14:12:08+00:00
SAO_2765-10,São Paulo,3550308,True,EMTU,145,https://moovitapp.com/index/pt-br/transporte_p%C3%BAblico-line-145-Sao_Paulo-242-2038937-36419293-0,5.35,-23.539696499999998,-46.575877500000004,,,,1,2023-06-15T14:11:54+00:00
SAO_2765-10,São Paulo,3550308,True,EMTU,145,https://moovitapp.com/index/pt-br/transporte_p%C3%BAblico-line-145-Sao_Paulo-242-2038937-36419293-0,5.35,-23.5301775,-46.55544449999999,,,,1,2023-06-15T14:08:11+00:00
SAO_2765-10,São Paulo,3550308,True,EMTU,145,https://moovitapp.com/index/pt-br/transporte_p%C3%BAblico-line-145-Sao_Paulo-242-2038937-36419293-0,5.35,-23.504811,-46.5114265,,,,1,2023-06-15T14:12:16+00:00
SAO_2765-10,São Paulo,3550308,True,EMTU,145,https://moovitapp.com/index/pt-br/transporte_p%C3%BAblico-line-145-Sao_Paulo-242-2038937-36419293-0,5.35,-23.537915750000003,-46.57550675,,,,1,2023-06-15T14:12:15+00:00
SAO_2765-10,São Paulo,3550308,True,EMTU,145,https://moovitapp.com/index/pt-br/transporte_p%C3%BAblico-line-145-Sao_Paulo-242-2038937-36419293-0,5.35,-23.49297825,-46.497193499999995,,,,1,2023-06-15T14:11:25+00:00
SAO_2765-10,São Paulo,3550308,True,EMTU,145,https://moovitapp.com/index/pt-br/transporte_p%C3%BAblico-line-145-Sao_Paulo-242-2038937-36419293-0,5.35,-23.5120035,-46.545176999999995,,,,1,2023-06-15T14:11:53+00:00
SAO_4032-10,São Paulo,3550308,True,,33870,,,-23.605597000000003,-46.6488605,,,,2,2023-06-15T14:11:46+00:00
SAO_4032-10,São Paulo,3550308,True,,33870,,,-23.6195995,-46.628081,,,,2,2023-06-15T14:12:11+00:00
SAO_4032-10,São Paulo,3550308,True,,33870,,,-23.62781275,-46.600421,,,,2,2023-06-15T14:11:40+00:00
SAO_119C-10,São Paulo,3550308,True,,661,,,-23.535307500000002,-46.61982225,,,,1,2023-06-15T14:11:07+00:00
SAO_119C-10,São Paulo,3550308,True,,661,,,-23.5337075,-46.6445165,,,,1,2023-06-15T14:12:05+00:00
SAO_119C-10,São Paulo,3550308,True,,661,,,-23.515856,-46.608284999999995,,,,1,2023-06-15T14:12:14+00:00
SAO_119C-10,São Paulo,3550308,True,,661,,,-23.478573500000003,-46.569734499999996,,,,1,2023-06-15T14:12:00+00:00
SAO_364A-10,São Paulo,3550308,True,,34014,,,-23.597867,-46.5226035,,,,2,2023-06-15T14:11:56+00:00
SAO_364A-10,São Paulo,3550308,True,,34014,,,-23.5837645,-46.5758365,,,,2,2023-06-15T14:12:17+00:00
SAO_364A-10,São Paulo,3550308,True,,34014,,,-23.583099750000002,-46.60226075,,,,2,2023-06-15T14:11:58+00:00
SAO_364A-10,São Paulo,3550308,True,,34014,,,-23.5846835,-46.6112045,,,,2,2023-06-15T14:12:13+00:00
SAO_364A-10,São Paulo,3550308,True,,34014,,,-23.582124999999998,-46.598608,,,,2,2023-06-15T14:12:09+00:00
SAO_364A-10,São Paulo,3550308,True,,34014,,,-23.607125500000002,-46.502144,,,,2,2023-06-15T14:11:38+00:00
SAO_364A-10,São Paulo,3550308,True,,34014,,,-23.5847285,-46.611627500000004,,,,2,2023-06-15T14:12:00+00:00
SAO_364A-10,São Paulo,3550308,True,,34014,,,-23.5846265,-46.58684875,,,,2,2023-06-15T14:12:20+00:00
SAO_364A-10,São Paulo,3550308,True,,34014,,,-23.5847285,-46.611627500000004,,,,2,2023-06-15T14:12:15+00:00
SAO_364A-10,São Paulo,3550308,True,,34014,,,-23.5825943125,-46.5881588125,,,,2,2023-06-15T14:12:07+00:00
SAO_364A-10,São Paulo,3550308,True,,34014,,,-23.591268499999998,-46.501683,,,,2,2023-06-15T14:12:18+00:00
SAO_364A-10,São Paulo,3550308,True,,34014,,,-23.614213,-46.5018395,,,,2,2023-06-15T14:11:45+00:00
SAO_364A-10,São Paulo,3550308,True,,34014,,,-23.56465375,-46.505956,,,,2,2023-06-15T14:12:22+00:00
SAO_364A-10,São Paulo,3550308,True,,34014,,,-23.583171,-46.6031615,,,,2,2023-06-15T14:12:03+00:00
SAO_364A-10,São Paulo,3550308,True,,34014,,,-23.592920499999998,-46.539392,,,,2,2023-06-15T14:11:50+00:00
SAO_4010-10,São Paulo,3550308,True,,2183,,,-23.5579695,-46.522496000000004,,,,1,2023-06-15T14:11:43+00:00
SAO_4010-10,São Paulo,3550308,True,,2183,,,-23.5824605,-46.491451,,,,1,2023-06-15T14:11:46+00:00
SAO_4010-10,São Paulo,3550308,True,,2183,,,-23.552101999999998,-46.4639885,,,,1,2023-06-15T14:12:20+00:00
SAO_6061-10,São Paulo,3550308,True,,1150,,,-23.748672,-46.687512999999996,,,,1,2023-06-15T14:12:19+00:00
SAO_6061-10,São Paulo,3550308,True,,1150,,,-23.737271,-46.697250999999994,,,,1,2023-06-15T14:12:06+00:00
SAO_6061-10,São Paulo,3550308,True,,1150,,,-23.744866000000002,-46.6900775,,,,1,2023-06-15T14:12:08+00:00
SAO_6061-10,São Paulo,3550308,True,,1150,,,-23.786613,-46.684677,,,,1,2023-06-15T14:11:56+00:00
SAO_6061-10,São Paulo,3550308,True,,1150,,,-23.734681375,-46.694479375,,,,1,2023-06-15T14:12:03+00:00
SAO_6061-10,São Paulo,3550308,True,,1150,,,-23.7817615,-46.681180499999996,,,,1,2023-06-15T14:11:55+00:00
SAO_8055-51,São Paulo,3550308,True,,33185,,,-23.406409500000002,-46.768144500000005,,,,2,2023-06-15T14:10:35+00:00
SAO_8055-51,São Paulo,3550308,True,,33185,,,-23.48218125,-46.77045175,,,,2,2023-06-15T14:12:04+00:00
SAO_8055-51,São Paulo,3550308,True,,33185,,,-23.408545500000002,-46.740751,,,,2,2023-06-15T14:12:06+00:00
SAO_8055-51,São Paulo,3550308,True,,33185,,,-23.526348499999997,-46.6679865,,,,2,2023-06-15T14:12:14+00:00
SAO_8055-51,São Paulo,3550308,True,,33185,,,-23.520166,-46.710088,,,,2,2023-06-15T14:12:16+00:00
SAO_8055-51,São Paulo,3550308,True,,33185,,,-23.4107245,-46.7420285,,,,2,2023-06-15T14:12:16+00:00
SAO_5106-10,São Paulo,3550308,True,,1280,,,-23.648105,-46.6400415,,,,1,2023-06-15T14:11:43+00:00
SAO_5106-10,São Paulo,3550308,True,,1280,,,-23.688925,-46.6557595,,,,1,2023-06-15T14:09:49+00:00
SAO_5106-10,São Paulo,3550308,True,,1280,,,-23.6776175,-46.629261,,,,1,2023-06-15T14:12:00+00:00
SAO_5106-10,São Paulo,3550308,True,,1280,,,-23.594549999999998,-46.6409845,,,,1,2023-06-15T14:11:50+00:00
SAO_5106-10,São Paulo,3550308,True,,1280,,,-23.5957375,-46.636382,,,,1,2023-06-15T14:12:07+00:00
SAO_5106-10,São Paulo,3550308,True,,1280,,,-23.585055500000003,-46.64771725,,,,1,2023-06-15T14:11:36+00:00
SAO_5106-10,São Paulo,3550308,True,,1280,,,-23.57421325,-46.644739125,,,,1,2023-06-15T14:12:15+00:00
SAO_5106-10,São Paulo,3550308,True,,1280,,,-23.618209,-46.639083,,,,1,2023-06-15T14:11:45+00:00
SAO_407A-10,São Paulo,3550308,True,,2194,,,-23.582047,-46.536475499999995,,,,1,2023-06-15T14:12:06+00:00
SAO_407A-10,São Paulo,3550308,True,,2194,,,-23.53906475,-46.6071805,,,,1,2023-06-15T14:12:19+00:00
SAO_407A-10,São Paulo,3550308,True,,2194,,,-23.5452365,-46.58544325,,,,1,2023-06-15T14:12:19+00:00
SAO_407A-10,São Paulo,3550308,True,,2194,,,-23.5669105,-46.543926,,,,1,2023-06-15T14:12:15+00:00
SAO_407A-10,São Paulo,3550308,True,,2194,,,-23.542392999999997,-46.616875500000006,,,,1,2023-06-15T14:11:55+00:00
SAO_407A-10,São Paulo,3550308,True,,2194,,,-23.561576000000002,-46.562546499999996,,,,1,2023-06-15T14:12:03+00:00
SAO_407A-10,São Paulo,3550308,True,,2194,,,-23.579614,-46.5178865,,,,1,2023-06-15T14:11:36+00:00
SAO_2727-10,São Paulo,3550308,True,,33710,,,-23.528943374999997,-46.46580125,,,,2,2023-06-15T14:11:41+00:00
SAO_2727-10,São Paulo,3550308,True,,33710,,,-23.540062499999998,-46.482594375,,,,2,2023-06-15T14:11:52+00:00
SAO_2727-10,São Paulo,3550308,True,,33710,,,-23.532663749999998,-46.466876375,,,,2,2023-06-15T14:12:04+00:00
SAO_2727-10,São Paulo,3550308,True,,33710,,,-23.539938499999998,-46.482815,,,,2,2023-06-15T14:11:53+00:00
SAO_675N-10,São Paulo,3550308,True,EMTU,362,https://moovitapp.com/index/pt-br/transporte_p%C3%BAblico-line-362-Sao_Paulo-242-2038937-36419443-0,6.25,-23.610649000000002,-46.694736000000006,,,,1,2023-06-15T14:11:55+00:00
SAO_675N-10,São Paulo,3550308,True,EMTU,362,https://moovitapp.com/index/pt-br/transporte_p%C3%BAblico-line-362-Sao_Paulo-242-2038937-36419443-0,6.25,-23.636382875,-46.71471125000001,,,,1,2023-06-15T14:11:45+00:00
SAO_675N-10,São Paulo,3550308,True,EMTU,362,https://moovitapp.com/index/pt-br/transporte_p%C3%BAblico-line-362-Sao_Paulo-242-2038937-36419443-0,6.25,-23.588572,-46.65187925,,,,1,2023-06-15T14:12:16+00:00
SAO_675N-10,São Paulo,3550308,True,EMTU,362,https://moovitapp.com/index/pt-br/transporte_p%C3%BAblico-line-362-Sao_Paulo-242-2038937-36419443-0,6.25,-23.581934,-46.638245999999995,,,,1,2023-06-15T14:12:01+00:00
SAO_675N-10,São Paulo,3550308,True,EMTU,362,https://moovitapp.com/index/pt-br/transporte_p%C3%BAblico-line-362-Sao_Paulo-242-2038937-36419443-0,6.25,-23.5951315,-46.6894025,,,,1,2023-06-15T14:12:08+00:00
SAO_675N-10,São Paulo,3550308,True,EMTU,362,https://moovitapp.com/index/pt-br/transporte_p%C3%BAblico-line-362-Sao_Paulo-242-2038937-36419443-0,6.25,-23.585711000000003,-46.64676287500001,,,,1,2023-06-15T14:11:41+00:00
SAO_675N-10,São Paulo,3550308,True,EMTU,362,https://moovitapp.com/index/pt-br/transporte_p%C3%BAblico-line-362-Sao_Paulo-242-2038937-36419443-0,6.25,-23.602603875,-46.674149875,,,,1,2023-06-15T14:12:10+00:00
SAO_5194-10,São Paulo,3550308,True,,33037,,,-23.692935,-46.660601,,,,2,2023-06-15T14:12:04+00:00
SAO_5194-10,São Paulo,3550308,True,,33037,,,-23.6761085,-46.685005000000004,,,,2,2023-06-15T14:09:39+00:00
SAO_5194-10,São Paulo,3550308,True,,33037,,,-23.712774500000002,-46.652767,,,,2,2023-06-15T14:02:38+00:00
SAO_2175-10,São Paulo,3550308,True,,697,,,-23.53906475,-46.6071805,,,,1,2023-06-15T14:11:55+00:00
SAO_2175-10,São Paulo,3550308,True,,697,,,-23.508032,-46.5795535,,,,1,2023-06-15T14:12:19+00:00
SAO_576M-10,São Paulo,3550308,True,,604,,,-23.6195075,-46.661897499999995,,,,1,2023-06-15T14:12:00+00:00
SAO_576M-10,São Paulo,3550308,True,,604,,,-23.60151175,-46.66239075,,,,1,2023-06-15T14:11:47+00:00
SAO_576M-10,São Paulo,3550308,True,,604,,,-23.62553375,-46.664631375,,,,1,2023-06-15T14:12:00+00:00
SAO_576M-10,São Paulo,3550308,True,,604,,,-23.641469999999998,-46.641408,,,,1,2023-06-15T14:12:20+00:00
SAO_576M-10,São Paulo,3550308,True,,604,,,-23.57996325,-46.6851545,,,,1,2023-06-15T14:11:40+00:00
SAO_576M-10,São Paulo,3550308,True,,604,,,-23.631946499999998,-46.6463865,,,,1,2023-06-15T14:11:58+00:00
SAO_576M-10,São Paulo,3550308,True,,604,,,-23.6031755,-46.6603255,,,,1,2023-06-15T14:12:16+00:00
SAO_576M-10,São Paulo,3550308,True,,604,,,-23.678395000000002,-46.6389765,,,,1,2023-06-15T14:12:14+00:00
SAO_8008-10,São Paulo,3550308,True,,1258,,,-23.471136,-46.750594,,,,1,2023-06-15T14:12:12+00:00
SAO_8008-10,São Paulo,3550308,True,,1258,,,-23.486492,-46.725708499999996,,,,1,2023-06-15T14:12:06+00:00
SAO_8008-10,São Paulo,3550308,True,,1258,,,-23.4884985,-46.748836499999996,,,,1,2023-06-15T14:12:06+00:00
SAO_8677-10,São Paulo,3550308,True,EMTU,443,https://moovitapp.com/index/pt-br/transporte_p%C3%BAblico-line-443-Sao_Paulo-242-2038937-36419491-0,5.4,-23.487137500000003,-46.7360635,,,,1,2023-06-15T14:11:52+00:00
SAO_8677-10,São Paulo,3550308,True,EMTU,443,https://moovitapp.com/index/pt-br/transporte_p%C3%BAblico-line-443-Sao_Paulo-242-2038937-36419491-0,5.4,-23.524539,-46.706987,,,,1,2023-06-15T14:12:14+00:00
SAO_8677-10,São Paulo,3550308,True,EMTU,443,https://moovitapp.com/index/pt-br/transporte_p%C3%BAblico-line-443-Sao_Paulo-242-2038937-36419491-0,5.4,-23.5256045,-46.681706500000004,,,,1,2023-06-15T14:12:21+00:00
SAO_8677-10,São Paulo,3550308,True,EMTU,443,https://moovitapp.com/index/pt-br/transporte_p%C3%BAblico-line-443-Sao_Paulo-242-2038937-36419491-0,5.4,-23.542870999999998,-46.638625000000005,,,,1,2023-06-15T14:11:44+00:00
SAO_8677-10,São Paulo,3550308,True,EMTU,443,https://moovitapp.com/index/pt-br/transporte_p%C3%BAblico-line-443-Sao_Paulo-242-2038937-36419491-0,5.4,-23.5474995,-46.640241,,,,1,2023-06-15T14:12:19+00:00
SAO_8677-10,São Paulo,3550308,True,EMTU,443,https://moovitapp.com/index/pt-br/transporte_p%C3%BAblico-line-443-Sao_Paulo-242-2038937-36419491-0,5.4,-23.50917175,-46.732237749999996,,,,1,2023-06-15T14:11:48+00:00
SAO_8677-10,São Paulo,3550308,True,EMTU,443,https://moovitapp.com/index/pt-br/transporte_p%C3%BAblico-line-443-Sao_Paulo-242-2038937-36419491-0,5.4,-23.525087,-46.71606975,,,,1,2023-06-15T14:11:56+00:00
SAO_8677-10,São Paulo,3550308,True,EMTU,443,https://moovitapp.com/index/pt-br/transporte_p%C3%BAblico-line-443-Sao_Paulo-242-2038937-36419491-0,5.4,-23.531838,-46.6641255,,,,1,2023-06-15T14:12:06+00:00
SAO_8677-10,São Paulo,3550308,True,EMTU,443,https://moovitapp.com/index/pt-br/transporte_p%C3%BAblico-line-443-Sao_Paulo-242-2038937-36419491-0,5.4,-23.482931,-46.7648995,,,,1,2023-06-15T14:11:42+00:00
SAO_8677-10,São Paulo,3550308,True,EMTU,443,https://moovitapp.com/index/pt-br/transporte_p%C3%BAblico-line-443-Sao_Paulo-242-2038937-36419491-0,5.4,-23.543312,-46.638448999999994,,,,1,2023-06-15T14:12:14+00:00
SAO_6078-10,São Paulo,3550308,True,,33934,,,-23.688273000000002,-46.696951,,,,2,2023-06-15T14:11:57+00:00
SAO_6078-10,São Paulo,3550308,True,,33934,,,-23.7320845,-46.6979035,,,,2,2023-06-15T14:12:09+00:00
SAO_6078-10,São Paulo,3550308,True,,33934,,,-23.668908875,-46.67792575,,,,2,2023-06-15T14:12:21+00:00
SAO_6078-10,São Paulo,3550308,True,,33934,,,-23.741188,-46.6605715,,,,2,2023-06-15T14:11:52+00:00
SAO_6078-10,São Paulo,3550308,True,,33934,,,-23.741339,-46.6604465,,,,2,2023-06-15T14:12:02+00:00
SAO_6078-10,São Paulo,3550308,True,,33934,,,-23.709925,-46.699603999999994,,,,2,2023-06-15T14:11:52+00:00
SAO_6078-10,São Paulo,3550308,True,,33934,,,-23.749746000000002,-46.6877725,,,,2,2023-06-15T14:12:06+00:00
SAO_6078-10,São Paulo,3550308,True,,33934,,,-23.741188,-46.6605715,,,,2,2023-06-15T14:11:44+00:00
SAO_4092-10,São Paulo,3550308,True,,34644,,,-23.582922,-46.4081745,,,,2,2023-06-15T14:11:59+00:00
SAO_4092-10,São Paulo,3550308,True,,34644,,,-23.5830225,-46.4086875,,,,2,2023-06-15T14:11:54+00:00
SAO_4092-10,São Paulo,3550308,True,,34644,,,-23.579770500000002,-46.417511000000005,,,,2,2023-06-15T14:12:12+00:00
SAO_1177-10,São Paulo,3550308,True,,129,,,-23.518186999999998,-46.6293305,,,,1,2023-06-15T14:12:15+00:00
SAO_1177-10,São Paulo,3550308,True,,129,,,-23.529107500000002,-46.553049,,,,1,2023-06-15T14:12:18+00:00
SAO_1177-10,São Paulo,3550308,True,,129,,,-23.516886749999998,-46.522194999999996,,,,1,2023-06-15T14:12:11+00:00
SAO_1177-10,São Paulo,3550308,True,,129,,,-23.53758875,-46.629316,,,,1,2023-06-15T14:11:39+00:00
SAO_1177-10,São Paulo,3550308,True,,129,,,-23.518318999999998,-46.4758545,,,,1,2023-06-15T14:11:35+00:00
SAO_8013-10,São Paulo,3550308,True,,800,,,-23.47255,-46.7763635,,,,1,2023-06-15T14:11:58+00:00
SAO_8013-10,São Paulo,3550308,True,,800,,,-23.434838,-46.786431125,,,,1,2023-06-15T14:12:14+00:00
SAO_8013-10,São Paulo,3550308,True,,800,,,-23.48590025,-46.769296749999995,,,,1,2023-06-15T14:11:39+00:00
SAO_8013-10,São Paulo,3550308,True,,800,,,-23.509085250000002,-46.732589250000004,,,,1,2023-06-15T14:12:16+00:00
SAO_8013-10,São Paulo,3550308,True,,800,,,-23.431382999999997,-46.7872165,,,,1,2023-06-15T14:12:16+00:00
SAO_8013-10,São Paulo,3550308,True,,800,,,-23.508707,-46.737736,,,,1,2023-06-15T14:11:50+00:00
SAO_8013-10,São Paulo,3550308,True,,800,,,-23.520773499999997,-46.720582,,,,1,2023-06-15T14:11:38+00:00
SAO_8013-10,São Paulo,3550308,True,,800,,,-23.431413,-46.7872125,,,,1,2023-06-15T14:12:15+00:00
SAO_8013-10,São Paulo,3550308,True,,800,,,-23.431413,-46.7872125,,,,1,2023-06-15T14:12:09+00:00
SAO_8013-10,São Paulo,3550308,True,,800,,,-23.52133,-46.719527,,,,1,2023-06-15T14:11:42+00:00
SAO_8013-10,São Paulo,3550308,True,,800,,,-23.443958000000002,-46.78703175,,,,1,2023-06-15T14:11:42+00:00
SAO_709A-10,São Paulo,3550308,True,,34860,,,-23.5853645,-46.671534,,,,2,2023-06-15T14:11:56+00:00
SAO_709A-10,São Paulo,3550308,True,,34860,,,-23.595578125000003,-46.69070275,,,,2,2023-06-15T14:12:20+00:00
SAO_709A-10,São Paulo,3550308,True,,34860,,,-23.5866330625,-46.63597006249999,,,,2,2023-06-15T14:11:57+00:00
SAO_709A-10,São Paulo,3550308,True,,34860,,,-23.5913105,-46.650474,,,,2,2023-06-15T14:12:01+00:00
SAO_709A-10,São Paulo,3550308,True,,34860,,,-23.5913475,-46.6848165,,,,2,2023-06-15T14:12:03+00:00
SAO_5701-10,São Paulo,3550308,True,,33904,,,-23.6354945,-46.641478500000005,,,,2,2023-06-15T14:11:36+00:00
SAO_5701-10,São Paulo,3550308,True,,33904,,,-23.635368,-46.641498,,,,2,2023-06-15T14:11:49+00:00
SAO_5701-10,São Paulo,3550308,True,,33904,,,-23.62351375,-46.684380000000004,,,,2,2023-06-15T14:11:49+00:00
SAO_5701-10,São Paulo,3550308,True,,33904,,,-23.6425655,-46.66597025,,,,2,2023-06-15T14:11:38+00:00
SAO_5701-10,São Paulo,3550308,True,,33904,,,-23.620238,-46.693057249999995,,,,2,2023-06-15T14:12:19+00:00
SAO_5701-10,São Paulo,3550308,True,,33904,,,-23.640914,-46.673572500000006,,,,2,2023-06-15T14:11:40+00:00
SAO_5701-10,São Paulo,3550308,True,,33904,,,-23.652390500000003,-46.658559749999995,,,,2,2023-06-15T14:11:40+00:00
SAO_5701-10,São Paulo,3550308,True,,33904,,,-23.65369475,-46.64952825,,,,2,2023-06-15T14:11:53+00:00
SAO_978J-10,São Paulo,3550308,True,,33359,,,-23.535085375,-46.648428249999995,,,,2,2023-06-15T14:12:06+00:00
SAO_978J-10,São Paulo,3550308,True,,33359,,,-23.4474435,-46.722066999999996,,,,2,2023-06-15T14:11:45+00:00
SAO_978J-10,São Paulo,3550308,True,,33359,,,-23.523056500000003,-46.68789162499999,,,,2,2023-06-15T14:12:15+00:00
SAO_978J-10,São Paulo,3550308,True,,33359,,,-23.482787000000002,-46.717287999999996,,,,2,2023-06-15T14:11:41+00:00
SAO_5011-10,São Paulo,3550308,True,,33883,,,-23.696273499999997,-46.668535,,,,2,2023-06-15T14:12:15+00:00
SAO_5011-10,São Paulo,3550308,True,,33883,,,-23.7050465,-46.643475,,,,2,2023-06-15T14:12:10+00:00
SAO_5011-10,São Paulo,3550308,True,,33883,,,-23.67699675,-46.68555524999999,,,,2,2023-06-15T14:12:20+00:00
SAO_5011-10,São Paulo,3550308,True,,33883,,,-23.71237375,-46.61881075000001,,,,2,2023-06-15T14:08:47+00:00
SAO_5011-10,São Paulo,3550308,True,,33883,,,-23.7103285,-46.62034,,,,2,2023-06-15T14:12:22+00:00
SAO_5011-10,São Paulo,3550308,True,,33883,,,-23.67423,-46.6861265,,,,2,2023-06-15T14:12:11+00:00
SAO_5011-10,São Paulo,3550308,True,,33883,,,-23.692204500000003,-46.663799749999995,,,,2,2023-06-15T14:12:06+00:00
SAO_809U-21,São Paulo,3550308,True,,2307,,,-23.5468295,-46.6903115,,,,1,2023-06-15T14:11:49+00:00
SAO_809U-21,São Paulo,3550308,True,,2307,,,-23.544743,-46.6909715,,,,1,2023-06-15T14:11:41+00:00
SAO_809U-21,São Paulo,3550308,True,,2307,,,-23.528572500000003,-46.6758365,,,,1,2023-06-15T14:12:07+00:00
SAO_809U-21,São Paulo,3550308,True,,2307,,,-23.52950725,-46.684556,,,,1,2023-06-15T14:12:09+00:00
SAO_809U-21,São Paulo,3550308,True,,2307,,,-23.5361085,-46.68924825,,,,1,2023-06-15T14:12:12+00:00
SAO_6069-10,São Paulo,3550308,True,,33922,,,-23.68216425,-46.70461775,,,,2,2023-06-15T14:12:10+00:00
SAO_6069-10,São Paulo,3550308,True,,33922,,,-23.661215,-46.705838,,,,2,2023-06-15T14:12:22+00:00
SAO_6069-10,São Paulo,3550308,True,,33922,,,-23.75170875,-46.710909,,,,2,2023-06-15T14:12:06+00:00
SAO_6069-10,São Paulo,3550308,True,,33922,,,-23.732244,-46.697950000000006,,,,2,2023-06-15T14:12:01+00:00
SAO_6069-10,São Paulo,3550308,True,,33922,,,-23.745269,-46.6945675,,,,2,2023-06-15T14:11:43+00:00
SAO_6069-10,São Paulo,3550308,True,,33922,,,-23.7451965,-46.6944955,,,,2,2023-06-15T14:11:47+00:00
SAO_6069-10,São Paulo,3550308,True,,33922,,,-23.756121999999998,-46.7011755,,,,2,2023-06-15T14:12:16+00:00
SAO_6069-10,São Paulo,3550308,True,,33922,,,-23.744977,-46.694293,,,,2,2023-06-15T14:11:45+00:00
SAO_6030-10,São Paulo,3550308,True,,1142,,,-23.677987,-46.69691374999999,,,,1,2023-06-15T14:12:21+00:00
SAO_6030-10,São Paulo,3550308,True,,1142,,,-23.65552175,-46.7066925,,,,1,2023-06-15T14:12:11+00:00
SAO_6030-10,São Paulo,3550308,True,,1142,,,-23.705854625,-46.700533875,,,,1,2023-06-15T14:12:18+00:00
SAO_6030-10,São Paulo,3550308,True,,1142,,,-23.71903,-46.7026385,,,,1,2023-06-15T14:11:39+00:00
SAO_6030-10,São Paulo,3550308,True,,1142,,,-23.671468750000003,-46.70246374999999,,,,1,2023-06-15T14:12:09+00:00
SAO_6030-10,São Paulo,3550308,True,,1142,,,-23.734598,-46.704702749999996,,,,1,2023-06-15T14:11:38+00:00
SAO_6030-10,São Paulo,3550308,True,,1142,,,-23.741073,-46.707885000000005,,,,1,2023-06-15T14:12:15+00:00
SAO_6030-10,São Paulo,3550308,True,,1142,,,-23.73638775,-46.70293325,,,,1,2023-06-15T14:12:22+00:00
SAO_6030-10,São Paulo,3550308,True,,1142,,,-23.741073,-46.707885000000005,,,,1,2023-06-15T14:11:47+00:00
SAO_6030-10,São Paulo,3550308,True,,1142,,,-23.741073,-46.707885000000005,,,,1,2023-06-15T14:11:41+00:00
SAO_6030-10,São Paulo,3550308,True,,1142,,,-23.722440499999998,-46.7076445,,,,1,2023-06-15T14:11:47+00:00
SAO_6030-10,São Paulo,3550308,True,,1142,,,-23.68831,-46.6968375,,,,1,2023-06-15T14:12:17+00:00
SAO_6030-10,São Paulo,3550308,True,,1142,,,-23.741073,-46.707885000000005,,,,1,2023-06-15T14:12:19+00:00
SAO_6030-10,São Paulo,3550308,True,,1142,,,-23.6538355,-46.7110955,,,,1,2023-06-15T14:11:48+00:00
SAO_546A-31,São Paulo,3550308,True,,33900,,,-23.695814499999997,-46.667714000000004,,,,2,2023-06-15T14:11:49+00:00
SAO_546A-31,São Paulo,3550308,True,,33900,,,-23.7136645,-46.656892,,,,2,2023-06-15T14:11:48+00:00
SAO_546A-31,São Paulo,3550308,True,,33900,,,-23.713665,-46.65656725,,,,2,2023-06-15T14:08:38+00:00
SAO_546A-31,São Paulo,3550308,True,,33900,,,-23.680556250000002,-46.683567999999994,,,,2,2023-06-15T14:12:09+00:00
SAO_546A-31,São Paulo,3550308,True,,33900,,,-23.66265025,-46.69258024999999,,,,2,2023-06-15T14:11:56+00:00
SAO_2451-10,São Paulo,3550308,True,EMTU,213,https://moovitapp.com/index/pt-br/transporte_p%C3%BAblico-line-213-Sao_Paulo-242-2038937-36419335-0,6.7,-23.520896999999998,-46.489138499999996,,,,1,2023-06-15T14:12:17+00:00
SAO_2451-10,São Paulo,3550308,True,EMTU,213,https://moovitapp.com/index/pt-br/transporte_p%C3%BAblico-line-213-Sao_Paulo-242-2038937-36419335-0,6.7,-23.521545,-46.529165500000005,,,,1,2023-06-15T14:12:08+00:00
SAO_3006-10,São Paulo,3550308,True,,34633,,,-23.5476935,-46.390091,,,,2,2023-06-15T14:11:51+00:00
SAO_3006-10,São Paulo,3550308,True,,34633,,,-23.5476935,-46.390091,,,,2,2023-06-15T14:10:19+00:00
SAO_3006-10,São Paulo,3550308,True,,34633,,,-23.54739875,-46.39209325,,,,2,2023-06-15T14:11:36+00:00
SAO_3006-10,São Paulo,3550308,True,,34633,,,-23.546806,-46.395786,,,,2,2023-06-15T14:11:45+00:00
SAO_3006-10,São Paulo,3550308,True,,34633,,,-23.543295999999998,-46.410864000000004,,,,2,2023-06-15T14:11:52+00:00
SAO_607M-10,São Paulo,3550308,True,,34804,,,-23.680262499999998,-46.7060635,,,,2,2023-06-15T14:11:07+00:00
SAO_607M-10,São Paulo,3550308,True,,34804,,,-23.7358595,-46.6960365,,,,2,2023-06-15T14:12:17+00:00
SAO_607M-10,São Paulo,3550308,True,,34804,,,-23.7358595,-46.6960365,,,,2,2023-06-15T14:12:06+00:00
SAO_2765-10,São Paulo,3550308,True,,32913,,,-23.501708999999998,-46.494029,,,,2,2023-06-15T14:06:11+00:00
SAO_2765-10,São Paulo,3550308,True,,32913,,,-23.506811,-46.532692,,,,2,2023-06-15T14:12:12+00:00
SAO_2765-10,São Paulo,3550308,True,,32913,,,-23.504846,-46.5153955,,,,2,2023-06-15T14:12:14+00:00
SAO_2765-10,São Paulo,3550308,True,,32913,,,-23.539989,-46.577611,,,,2,2023-06-15T14:12:12+00:00
SAO_2765-10,São Paulo,3550308,True,,32913,,,-23.531905000000002,-46.56037025,,,,2,2023-06-15T14:11:39+00:00
SAO_2765-10,São Paulo,3550308,True,,32913,,,-23.5398255,-46.5768585,,,,2,2023-06-15T14:12:16+00:00
SAO_2765-10,São Paulo,3550308,True,,32913,,,-23.5111265,-46.543341,,,,2,2023-06-15T14:12:10+00:00
SAO_2765-10,São Paulo,3550308,True,,32913,,,-23.535292,-46.575307249999994,,,,2,2023-06-15T14:11:45+00:00
SAO_6013-10,São Paulo,3550308,True,,186,,,-23.654348499999998,-46.7167165,,,,1,2023-06-15T14:12:09+00:00
SAO_6013-10,São Paulo,3550308,True,,186,,,-23.69138175,-46.77535775,,,,1,2023-06-15T14:11:50+00:00
SAO_6013-10,São Paulo,3550308,True,,186,,,-23.655985125,-46.735851624999995,,,,1,2023-06-15T14:12:14+00:00
SAO_6013-10,São Paulo,3550308,True,,186,,,-23.661311,-46.736296499999995,,,,1,2023-06-15T14:08:33+00:00
SAO_6013-10,São Paulo,3550308,True,,186,,,-23.6504645,-46.733465,,,,1,2023-06-15T14:12:10+00:00
SAO_7004-10,São Paulo,3550308,True,,34760,,,-23.699589,-46.7803755,,,,2,2023-06-15T14:11:54+00:00
SAO_7004-10,São Paulo,3550308,True,,34760,,,-23.742814499999998,-46.80108325,,,,2,2023-06-15T14:12:20+00:00
SAO_7004-10,São Paulo,3550308,True,,34760,,,-23.7021595,-46.782621,,,,2,2023-06-15T14:12:05+00:00
SAO_7004-10,São Paulo,3550308,True,,34760,,,-23.729601000000002,-46.7859905,,,,2,2023-06-15T14:11:57+00:00
SAO_7004-10,São Paulo,3550308,True,,34760,,,-23.7317975,-46.7861475,,,,2,2023-06-15T14:11:45+00:00
SAO_7004-10,São Paulo,3550308,True,,34760,,,-23.742814499999998,-46.80108325,,,,2,2023-06-15T14:11:54+00:00
SAO_7004-10,São Paulo,3550308,True,,34760,,,-23.742005499999998,-46.80109,,,,2,2023-06-15T14:11:55+00:00
SAO_7004-10,São Paulo,3550308,True,,34760,,,-23.728915,-46.78610225,,,,2,2023-06-15T14:11:51+00:00
SAO_7004-10,São Paulo,3550308,True,,34760,,,-23.6866445,-46.754375499999995,,,,2,2023-06-15T14:11:59+00:00
SAO_7004-10,São Paulo,3550308,True,,34760,,,-23.6563935,-46.7244015,,,,2,2023-06-15T14:07:31+00:00
SAO_8073-10,São Paulo,3550308,True,,34849,,,-23.592364500000002,-46.7651155,,,,2,2023-06-15T14:12:17+00:00
SAO_8073-10,São Paulo,3550308,True,,34849,,,-23.5982325,-46.7662155,,,,2,2023-06-15T14:11:45+00:00
SAO_8073-10,São Paulo,3550308,True,,34849,,,-23.597738,-46.7657315,,,,2,2023-06-15T14:11:45+00:00
SAO_8073-10,São Paulo,3550308,True,,34849,,,-23.584913,-46.739213500000005,,,,2,2023-06-15T14:11:47+00:00
SAO_7009-10,São Paulo,3550308,True,,1951,,,-23.70530675,-46.786173500000004,,,,1,2023-06-15T14:12:02+00:00
SAO_7009-10,São Paulo,3550308,True,,1951,,,-23.7041605,-46.787671,,,,1,2023-06-15T14:12:09+00:00
SAO_7009-10,São Paulo,3550308,True,,1951,,,-23.678915250000003,-46.7633535,,,,1,2023-06-15T14:12:14+00:00
SAO_8009-10,São Paulo,3550308,True,,34027,,,-23.4861075,-46.726333499999996,,,,2,2023-06-15T14:12:13+00:00
SAO_8009-10,São Paulo,3550308,True,,34027,,,-23.4861075,-46.726333499999996,,,,2,2023-06-15T14:12:01+00:00
SAO_3098-10,São Paulo,3550308,True,,33846,,,-23.60686225,-46.478975250000005,,,,2,2023-06-15T14:12:16+00:00
SAO_3098-10,São Paulo,3550308,True,,33846,,,-23.630782,-46.452505,,,,2,2023-06-15T14:11:45+00:00
SAO_3098-10,São Paulo,3550308,True,,33846,,,-23.6305405,-46.452419500000005,,,,2,2023-06-15T14:11:40+00:00
SAO_3098-10,São Paulo,3550308,True,,33846,,,-23.631781750000002,-46.45626,,,,2,2023-06-15T14:12:00+00:00
SAO_3098-10,São Paulo,3550308,True,,33846,,,-23.63146325,-46.456264,,,,2,2023-06-15T14:11:47+00:00
SAO_3098-10,São Paulo,3550308,True,,33846,,,-23.5788495,-46.498183499999996,,,,2,2023-06-15T14:12:19+00:00
SAO_3098-10,São Paulo,3550308,True,,33846,,,-23.608943,-46.477615,,,,2,2023-06-15T14:11:57+00:00
SAO_3098-10,São Paulo,3550308,True,,33846,,,-23.603309749999998,-46.4819175,,,,2,2023-06-15T14:11:58+00:00
SAO_3098-10,São Paulo,3550308,True,,33846,,,-23.590167125,-46.489718249999996,,,,2,2023-06-15T14:11:41+00:00
SAO_4024-10,São Paulo,3550308,True,,34926,,,-23.566387,-46.416227,,,,2,2023-06-15T14:10:48+00:00
SAO_4024-10,São Paulo,3550308,True,,34926,,,-23.557557,-46.4334755,,,,2,2023-06-15T14:07:21+00:00
SAO_4024-10,São Paulo,3550308,True,,34926,,,-23.54843175,-46.445035375,,,,2,2023-06-15T14:11:48+00:00
SAO_4024-10,São Paulo,3550308,True,,34926,,,-23.549496125,-46.44502237499999,,,,2,2023-06-15T14:12:03+00:00
SAO_875P-10,São Paulo,3550308,True,,34109,,,-23.5820815,-46.6384025,,,,2,2023-06-15T14:11:35+00:00
SAO_875P-10,São Paulo,3550308,True,,34109,,,-23.545574,-46.6738555,,,,2,2023-06-15T14:12:07+00:00
SAO_875P-10,São Paulo,3550308,True,,34109,,,-23.56181025,-46.655956,,,,2,2023-06-15T14:12:09+00:00
SAO_875P-10,São Paulo,3550308,True,,34109,,,-23.5708805,-46.644690375,,,,2,2023-06-15T14:11:47+00:00
SAO_1705-10,São Paulo,3550308,True,,849,,,-23.480106,-46.604046499999995,,,,1,2023-06-15T14:12:15+00:00
SAO_1705-10,São Paulo,3550308,True,,849,,,-23.4536725,-46.589355499999996,,,,1,2023-06-15T14:12:17+00:00
SAO_1705-10,São Paulo,3550308,True,,849,,,-23.441876999999998,-46.5883755,,,,1,2023-06-15T14:12:16+00:00
SAO_1705-10,São Paulo,3550308,True,,849,,,-23.455299500000002,-46.58985,,,,1,2023-06-15T14:11:53+00:00
SAO_1705-10,São Paulo,3550308,True,,849,,,-23.443562,-46.5900395,,,,1,2023-06-15T14:12:00+00:00
SAO_1705-10,São Paulo,3550308,True,,849,,,-23.4556325,-46.590016000000006,,,,1,2023-06-15T14:12:04+00:00
SAO_1705-10,São Paulo,3550308,True,,849,,,-23.434117999999998,-46.5843315,,,,1,2023-06-15T14:11:42+00:00
SAO_1705-10,São Paulo,3550308,True,,849,,,-23.468687,-46.5973985,,,,1,2023-06-15T14:11:05+00:00
SAO_1705-10,São Paulo,3550308,True,,849,,,-23.480249,-46.602242000000004,,,,1,2023-06-15T14:12:01+00:00
SAO_1705-10,São Paulo,3550308,True,,849,,,-23.433689,-46.5840695,,,,1,2023-06-15T14:09:31+00:00
SAO_1705-10,São Paulo,3550308,True,,849,,,-23.478548,-46.604443,,,,1,2023-06-15T14:11:52+00:00
SAO_1705-10,São Paulo,3550308,True,,849,,,-23.462664375000003,-46.59500299999999,,,,1,2023-06-15T14:10:20+00:00
SAO_817C-10,São Paulo,3550308,True,,1337,,,-23.5515525,-46.678238,,,,1,2023-06-15T14:12:14+00:00
SAO_817C-10,São Paulo,3550308,True,,1337,,,-23.5236055,-46.700513,,,,1,2023-06-15T14:11:42+00:00
SAO_817C-10,São Paulo,3550308,True,,1337,,,-23.536861000000002,-46.697654,,,,1,2023-06-15T14:12:10+00:00
SAO_817C-10,São Paulo,3550308,True,,1337,,,-23.5401105,-46.697356,,,,1,2023-06-15T14:11:42+00:00
SAO_1721-10,São Paulo,3550308,True,,33434,,,-23.492959499999998,-46.582543,,,,2,2023-06-15T14:12:03+00:00
SAO_1721-10,São Paulo,3550308,True,,33434,,,-23.4894945,-46.5710555,,,,2,2023-06-15T14:11:50+00:00
SAO_1721-10,São Paulo,3550308,True,,33434,,,-23.49196125,-46.59038325,,,,2,2023-06-15T14:11:53+00:00
SAO_1721-10,São Paulo,3550308,True,,33434,,,-23.48941525,-46.571597749999995,,,,2,2023-06-15T14:11:16+00:00
SAO_1721-10,São Paulo,3550308,True,,33434,,,-23.4894945,-46.5710555,,,,2,2023-06-15T14:12:00+00:00
SAO_1721-10,São Paulo,3550308,True,,33434,,,-23.48941525,-46.571597749999995,,,,2,2023-06-15T14:10:56+00:00
SAO_6026-10,São Paulo,3550308,False,,87,,,-23.7478735,-46.707421,,,,1,2023-06-15T14:11:40+00:00
SAO_6026-10,São Paulo,3550308,True,,87,,,-23.6513955,-46.7152265,,,,1,2023-06-15T14:11:51+00:00
SAO_6026-10,São Paulo,3550308,True,,87,,,-23.674028,-46.6861365,,,,1,2023-06-15T14:12:01+00:00
SAO_6026-10,São Paulo,3550308,True,,87,,,-23.707683,-46.696619999999996,,,,1,2023-06-15T14:12:19+00:00
SAO_6026-10,São Paulo,3550308,True,,87,,,-23.719117500000003,-46.701543,,,,1,2023-06-15T14:11:47+00:00
SAO_6026-10,São Paulo,3550308,True,,87,,,-23.6543535,-46.701634625,,,,1,2023-06-15T14:11:53+00:00
SAO_6026-10,São Paulo,3550308,True,,87,,,-23.680101999999998,-46.695101,,,,1,2023-06-15T14:11:50+00:00
SAO_2740-10,São Paulo,3550308,True,,34560,,,-23.4581125,-46.6430685,,,,2,2023-06-15T14:12:12+00:00
SAO_2740-10,São Paulo,3550308,True,,34560,,,-23.457787500000002,-46.6425785,,,,2,2023-06-15T14:11:44+00:00
SAO_2740-10,São Paulo,3550308,True,,34560,,,-23.503541499999997,-46.6236285,,,,2,2023-06-15T14:12:11+00:00
SAO_2740-10,São Paulo,3550308,True,,34560,,,-23.4580515,-46.6428225,,,,2,2023-06-15T14:11:56+00:00
SAO_2740-10,São Paulo,3550308,True,,34560,,,-23.458216375,-46.613158999999996,,,,2,2023-06-15T14:11:47+00:00
SAO_2740-10,São Paulo,3550308,True,,34560,,,-23.4579845,-46.642551999999995,,,,2,2023-06-15T14:12:15+00:00
SAO_971A-10,São Paulo,3550308,True,,658,,,-23.500206750000004,-46.63212225,,,,1,2023-06-15T14:11:49+00:00
SAO_971A-10,São Paulo,3550308,True,,658,,,-23.5033625,-46.660956,,,,1,2023-06-15T14:11:21+00:00
SAO_971A-10,São Paulo,3550308,True,,658,,,-23.504087499999997,-46.672816,,,,1,2023-06-15T14:11:38+00:00
SAO_971A-10,São Paulo,3550308,True,,658,,,-23.522878,-46.623355000000004,,,,1,2023-06-15T14:12:16+00:00
SAO_971A-10,São Paulo,3550308,True,,658,,,-23.48751875,-46.677612499999995,,,,1,2023-06-15T14:12:17+00:00
SAO_971A-10,São Paulo,3550308,True,,658,,,-23.500229625,-46.63319625,,,,1,2023-06-15T14:12:10+00:00
SAO_8020-10,São Paulo,3550308,True,,34494,,,-23.5976665,-46.7086685,,,,2,2023-06-15T14:12:07+00:00
SAO_8020-10,São Paulo,3550308,True,,34494,,,-23.619386499999997,-46.69579625,,,,2,2023-06-15T14:12:05+00:00
SAO_517J-10,São Paulo,3550308,True,,1129,,,-23.669486499999998,-46.670733,,,,1,2023-06-15T14:12:08+00:00
SAO_517J-10,São Paulo,3550308,True,,1129,,,-23.613653999999997,-46.695603,,,,1,2023-06-15T14:12:04+00:00
SAO_517J-10,São Paulo,3550308,True,,1129,,,-23.6941195,-46.65682925,,,,1,2023-06-15T14:05:29+00:00
SAO_517J-10,São Paulo,3550308,True,,1129,,,-23.6365305,-46.677502,,,,1,2023-06-15T14:11:42+00:00
SAO_517J-10,São Paulo,3550308,True,,1129,,,-23.667184499999998,-46.674644,,,,1,2023-06-15T14:12:18+00:00
SAO_517J-10,São Paulo,3550308,True,,1129,,,-23.68038875,-46.654573,,,,1,2023-06-15T14:11:56+00:00
SAO_8017-10,São Paulo,3550308,True,,34029,,,-23.486086,-46.7251615,,,,2,2023-06-15T14:12:18+00:00
SAO_8017-10,São Paulo,3550308,True,,34029,,,-23.4423785,-46.727577749999995,,,,2,2023-06-15T14:12:04+00:00
SAO_8017-10,São Paulo,3550308,True,,34029,,,-23.435727749999998,-46.741827,,,,2,2023-06-15T14:11:48+00:00
SAO_8017-10,São Paulo,3550308,True,,34029,,,-23.457099,-46.7194605,,,,2,2023-06-15T14:11:39+00:00
SAO_8017-10,São Paulo,3550308,True,,34029,,,-23.4392635,-46.746586,,,,2,2023-06-15T14:12:09+00:00
SAO_8017-10,São Paulo,3550308,True,,34029,,,-23.439065,-46.7466745,,,,2,2023-06-15T14:11:46+00:00
SAO_7049-10,São Paulo,3550308,True,,1912,,,-23.65040575,-46.7791615,,,,1,2023-06-15T14:12:12+00:00
SAO_7049-10,São Paulo,3550308,True,,1912,,,-23.7003635,-46.781335,,,,1,2023-06-15T14:11:40+00:00
SAO_7049-10,São Paulo,3550308,True,,1912,,,-23.685164,-46.7745015,,,,1,2023-06-15T14:12:21+00:00
SAO_7049-10,São Paulo,3550308,True,,1912,,,-23.631508,-46.7726,,,,1,2023-06-15T14:11:45+00:00
SAO_7049-10,São Paulo,3550308,True,,1912,,,-23.678566749999998,-46.77804375,,,,1,2023-06-15T14:12:09+00:00
SAO_7049-10,São Paulo,3550308,True,,1912,,,-23.6606095,-46.7777425,,,,1,2023-06-15T14:12:16+00:00
SAO_172J-10,São Paulo,3550308,True,,856,,,-23.485193499999998,-46.56928525,,,,1,2023-06-15T14:12:13+00:00
SAO_172J-10,São Paulo,3550308,True,,856,,,-23.53750375,-46.57549275,,,,1,2023-06-15T14:11:28+00:00
SAO_172J-10,São Paulo,3550308,True,,856,,,-23.480680875,-46.565948375,,,,1,2023-06-15T14:10:58+00:00
SAO_172J-10,São Paulo,3550308,True,,856,,,-23.4937545,-46.57495349999999,,,,1,2023-06-15T14:12:06+00:00
SAO_172J-10,São Paulo,3550308,True,,856,,,-23.53031625,-46.579373312499996,,,,1,2023-06-15T14:11:41+00:00
SAO_172J-10,São Paulo,3550308,True,,856,,,-23.512093,-46.5806685,,,,1,2023-06-15T14:11:47+00:00
SAO_172J-10,São Paulo,3550308,True,,856,,,-23.5021635,-46.5749665,,,,1,2023-06-15T14:09:08+00:00
SAO_172J-10,São Paulo,3550308,True,,856,,,-23.517362375,-46.58901399999999,,,,1,2023-06-15T14:11:49+00:00
SAO_6412-10,São Paulo,3550308,True,,33538,,,-23.574786500000002,-46.656538,,,,2,2023-06-15T14:11:45+00:00
SAO_6412-10,São Paulo,3550308,True,,33538,,,-23.58654025,-46.674275,,,,2,2023-06-15T14:11:53+00:00
SAO_6412-10,São Paulo,3550308,True,,33538,,,-23.5853645,-46.671534,,,,2,2023-06-15T14:12:08+00:00
SAO_6412-10,São Paulo,3550308,True,,33538,,,-23.573071,-46.6546745,,,,2,2023-06-15T14:11:48+00:00
SAO_6412-10,São Paulo,3550308,True,,33538,,,-23.5948025,-46.6731415,,,,2,2023-06-15T14:12:08+00:00
SAO_6412-10,São Paulo,3550308,True,,33538,,,-23.590801,-46.672607,,,,2,2023-06-15T14:11:59+00:00
SAO_6412-10,São Paulo,3550308,True,,33538,,,-23.61699275,-46.720967,,,,2,2023-06-15T14:11:47+00:00
SAO_746C-10,São Paulo,3550308,True,,33551,,,-23.6467045,-46.710442,,,,2,2023-06-15T14:12:15+00:00
SAO_746C-10,São Paulo,3550308,True,,33551,,,-23.629962499999998,-46.734204500000004,,,,2,2023-06-15T14:11:49+00:00
SAO_746C-10,São Paulo,3550308,True,,33551,,,-23.6089785,-46.750411,,,,2,2023-06-15T14:11:44+00:00
SAO_746C-10,São Paulo,3550308,True,,33551,,,-23.640910375,-46.71850125,,,,2,2023-06-15T14:12:13+00:00
SAO_746C-10,São Paulo,3550308,True,,33551,,,-23.609498,-46.7489965,,,,2,2023-06-15T14:12:13+00:00
SAO_746C-10,São Paulo,3550308,True,,33551,,,-23.608864,-46.7509105,,,,2,2023-06-15T14:12:13+00:00
SAO_746C-10,São Paulo,3550308,True,,33551,,,-23.609338,-46.7512605,,,,2,2023-06-15T14:11:48+00:00
SAO_746C-10,São Paulo,3550308,True,,33551,,,-23.629079375000003,-46.736171875,,,,2,2023-06-15T14:12:15+00:00
SAO_746C-10,São Paulo,3550308,True,,33551,,,-23.632474000000002,-46.736906250000004,,,,2,2023-06-15T14:11:55+00:00
SAO_746C-10,São Paulo,3550308,True,,33551,,,-23.609297499999997,-46.746618749999996,,,,2,2023-06-15T14:11:56+00:00
SAO_746C-10,São Paulo,3550308,True,,33551,,,-23.609567249999998,-46.74638925,,,,2,2023-06-15T14:12:11+00:00
SAO_746C-10,São Paulo,3550308,True,,33551,,,-23.641527,-46.716401125000004,,,,2,2023-06-15T14:11:59+00:00
SAO_669A-10,São Paulo,3550308,True,,4,,,-23.56241325,-46.65523275,,,,1,2023-06-15T14:11:54+00:00
SAO_669A-10,São Paulo,3550308,True,,4,,,-23.5957665,-46.673165,,,,1,2023-06-15T14:12:07+00:00
SAO_669A-10,São Paulo,3550308,True,,4,,,-23.556540374999997,-46.6618185,,,,1,2023-06-15T14:12:22+00:00
SAO_669A-10,São Paulo,3550308,True,,4,,,-23.6153995,-46.679636,,,,1,2023-06-15T14:12:15+00:00
SAO_669A-10,São Paulo,3550308,True,,4,,,-23.6542185,-46.7095555,,,,1,2023-06-15T14:12:13+00:00
SAO_669A-10,São Paulo,3550308,True,,4,,,-23.576032499999997,-46.65792175,,,,1,2023-06-15T14:12:06+00:00
SAO_669A-10,São Paulo,3550308,True,,4,,,-23.53471425,-46.64500699999999,,,,1,2023-06-15T14:12:21+00:00
SAO_669A-10,São Paulo,3550308,True,,4,,,-23.654157,-46.7105825,,,,1,2023-06-15T14:12:11+00:00
SAO_3789-10,São Paulo,3550308,True,,33835,,,-23.591462,-46.4171255,,,,2,2023-06-15T14:12:10+00:00
SAO_3789-10,São Paulo,3550308,True,,33835,,,-23.545394,-46.461946999999995,,,,2,2023-06-15T14:11:55+00:00
SAO_3789-10,São Paulo,3550308,True,,33835,,,-23.5831405,-46.407323500000004,,,,2,2023-06-15T14:12:04+00:00
SAO_3789-10,São Paulo,3550308,True,,33835,,,-23.611663,-46.3964115,,,,2,2023-06-15T14:11:54+00:00
SAO_3789-10,São Paulo,3550308,True,,33835,,,-23.59524125,-46.4396145,,,,2,2023-06-15T14:12:08+00:00
SAO_3789-10,São Paulo,3550308,True,,33835,,,-23.542998,-46.4711105,,,,2,2023-06-15T14:11:49+00:00
SAO_3789-10,São Paulo,3550308,True,,33835,,,-23.5989,-46.40227675,,,,2,2023-06-15T14:12:09+00:00
SAO_3789-10,São Paulo,3550308,True,,33835,,,-23.611663,-46.3964115,,,,2,2023-06-15T14:11:42+00:00
SAO_3789-10,São Paulo,3550308,True,,33835,,,-23.567038,-46.463944999999995,,,,2,2023-06-15T14:11:42+00:00
SAO_3789-10,São Paulo,3550308,True,,33835,,,-23.611663,-46.3964115,,,,2,2023-06-15T14:11:56+00:00
SAO_3789-10,São Paulo,3550308,True,,33835,,,-23.611663,-46.3964115,,,,2,2023-06-15T14:11:57+00:00
SAO_3789-10,São Paulo,3550308,True,,33835,,,-23.54923925,-46.46194025,,,,2,2023-06-15T14:11:39+00:00
SAO_3789-10,São Paulo,3550308,True,,33835,,,-23.569260999999997,-46.448122,,,,2,2023-06-15T14:12:18+00:00
SAO_675R-10,São Paulo,3550308,True,,32877,,,-23.6467095,-46.639369,,,,2,2023-06-15T14:12:00+00:00
SAO_675R-10,São Paulo,3550308,True,,32877,,,-23.7545765,-46.679976499999995,,,,2,2023-06-15T14:12:21+00:00
SAO_675R-10,São Paulo,3550308,True,,32877,,,-23.70763,-46.6962875,,,,2,2023-06-15T14:09:50+00:00
SAO_675R-10,São Paulo,3550308,True,,32877,,,-23.636795749999997,-46.669260875,,,,2,2023-06-15T14:11:50+00:00
SAO_971X-10,São Paulo,3550308,True,,1695,,,-23.50027325,-46.635701499999996,,,,1,2023-06-15T14:11:57+00:00
SAO_971X-10,São Paulo,3550308,True,,1695,,,-23.50034475,-46.626573750000006,,,,1,2023-06-15T14:11:54+00:00
SAO_971X-10,São Paulo,3550308,True,,1695,,,-23.50308,-46.6253845,,,,1,2023-06-15T14:11:56+00:00
SAO_971X-10,São Paulo,3550308,True,,1695,,,-23.487154,-46.652702000000005,,,,1,2023-06-15T14:12:19+00:00
SAO_971X-10,São Paulo,3550308,True,,1695,,,-23.478199500000002,-46.6625155,,,,1,2023-06-15T14:11:54+00:00
SAO_971X-10,São Paulo,3550308,True,,1695,,,-23.474323499999997,-46.667539,,,,1,2023-06-15T14:11:46+00:00
SAO_971X-10,São Paulo,3550308,True,,1695,,,-23.4883555,-46.651771499999995,,,,1,2023-06-15T14:05:57+00:00
SAO_971X-10,São Paulo,3550308,True,,1695,,,-23.488525000000003,-46.651576,,,,1,2023-06-15T14:11:30+00:00
SAO_2006-10,São Paulo,3550308,True,,895,,,-23.4899275,-46.376663,,,,1,2023-06-15T14:12:09+00:00
SAO_2006-10,São Paulo,3550308,True,,895,,,-23.485033,-46.3846735,,,,1,2023-06-15T14:11:53+00:00
SAO_2006-10,São Paulo,3550308,True,,895,,,-23.502467250000002,-46.367086125,,,,1,2023-06-15T14:11:52+00:00
SAO_2006-10,São Paulo,3550308,True,,895,,,-23.485104,-46.384288999999995,,,,1,2023-06-15T14:12:20+00:00
SAO_2006-10,São Paulo,3550308,True,,895,,,-23.510832999999998,-46.366727,,,,1,2023-06-15T14:12:12+00:00
SAO_2006-10,São Paulo,3550308,True,,895,,,-23.494256,-46.4000715,,,,1,2023-06-15T14:11:51+00:00
SAO_2006-10,São Paulo,3550308,True,,895,,,-23.510832999999998,-46.366727,,,,1,2023-06-15T14:11:38+00:00
SAO_2006-10,São Paulo,3550308,True,,895,,,-23.4941615,-46.400386,,,,1,2023-06-15T14:11:50+00:00
SAO_2006-10,São Paulo,3550308,True,,895,,,-23.498215000000002,-46.369885,,,,1,2023-06-15T14:11:45+00:00
SAO_2006-10,São Paulo,3550308,True,,895,,,-23.4911345,-46.386638500000004,,,,1,2023-06-15T14:11:56+00:00
SAO_2006-10,São Paulo,3550308,True,,895,,,-23.489018625,-46.379085,,,,1,2023-06-15T14:12:01+00:00
SAO_5123-10,São Paulo,3550308,True,,33893,,,-23.597332,-46.636736,,,,2,2023-06-15T14:12:13+00:00
SAO_5123-10,São Paulo,3550308,True,,33893,,,-23.63384225,-46.64152325,,,,2,2023-06-15T14:11:36+00:00
SAO_5123-10,São Paulo,3550308,True,,33893,,,-23.680846000000003,-46.6389225,,,,2,2023-06-15T14:12:18+00:00
SAO_5123-10,São Paulo,3550308,True,,33893,,,-23.66991,-46.6407715,,,,2,2023-06-15T14:12:08+00:00
SAO_5123-10,São Paulo,3550308,True,,33893,,,-23.63384225,-46.64152325,,,,2,2023-06-15T14:11:44+00:00
SAO_5123-10,São Paulo,3550308,True,,33893,,,-23.61246775,-46.63803075,,,,2,2023-06-15T14:11:44+00:00
SAO_5123-10,São Paulo,3550308,True,,33893,,,-23.596185,-46.642500999999996,,,,2,2023-06-15T14:12:03+00:00
SAO_5123-10,São Paulo,3550308,True,,33893,,,-23.64643375,-46.64072075,,,,2,2023-06-15T14:11:57+00:00
SAO_5123-10,São Paulo,3550308,True,,33893,,,-23.680716,-46.639063,,,,2,2023-06-15T14:12:17+00:00
SAO_5123-10,São Paulo,3550308,True,,33893,,,-23.655705875000002,-46.636681499999995,,,,2,2023-06-15T14:11:40+00:00
SAO_7005-51,São Paulo,3550308,True,,34767,,,-23.73646075,-46.776863250000005,,,,2,2023-06-15T14:11:38+00:00
SAO_7005-51,São Paulo,3550308,True,,34767,,,-23.73646075,-46.776863250000005,,,,2,2023-06-15T14:12:19+00:00
SAO_7005-51,São Paulo,3550308,True,,34767,,,-23.729259,-46.786048750000006,,,,2,2023-06-15T14:12:16+00:00
SAO_7005-51,São Paulo,3550308,True,,34767,,,-23.73646075,-46.776863250000005,,,,2,2023-06-15T14:12:05+00:00
SAO_7005-51,São Paulo,3550308,True,,34767,,,-23.681720499999997,-46.7694025,,,,2,2023-06-15T14:11:54+00:00
SAO_7005-51,São Paulo,3550308,True,,34767,,,-23.73646075,-46.776863250000005,,,,2,2023-06-15T14:11:47+00:00
SAO_1720-10,São Paulo,3550308,True,,863,,,-23.482633,-46.588328000000004,,,,1,2023-06-15T14:12:22+00:00
SAO_1720-10,São Paulo,3550308,True,,863,,,-23.4807045,-46.60357325,,,,1,2023-06-15T14:11:53+00:00
SAO_1720-10,São Paulo,3550308,True,,863,,,-23.489467249999997,-46.573315,,,,1,2023-06-15T14:08:40+00:00
SAO_1720-10,São Paulo,3550308,True,,863,,,-23.481506,-46.598647,,,,1,2023-06-15T14:12:10+00:00
SAO_1720-10,São Paulo,3550308,True,,863,,,-23.48007325,-46.569047,,,,1,2023-06-15T14:08:35+00:00
SAO_1720-10,São Paulo,3550308,True,,863,,,-23.4554255,-46.614362,,,,1,2023-06-15T14:12:15+00:00
SAO_1720-10,São Paulo,3550308,True,,863,,,-23.474565499999997,-46.6132445,,,,1,2023-06-15T14:10:57+00:00
SAO_1720-10,São Paulo,3550308,True,,863,,,-23.494577,-46.568966,,,,1,2023-06-15T14:12:13+00:00
SAO_1720-10,São Paulo,3550308,True,,863,,,-23.446386,-46.613838,,,,1,2023-06-15T14:10:27+00:00
SAO_8594-10,São Paulo,3550308,True,,33200,,,-23.48619075,-46.71543375,,,,2,2023-06-15T14:12:16+00:00
SAO_8594-10,São Paulo,3550308,True,,33200,,,-23.4487015,-46.734111,,,,2,2023-06-15T14:11:41+00:00
SAO_8594-10,São Paulo,3550308,True,,33200,,,-23.451815,-46.7463895,,,,2,2023-06-15T14:12:08+00:00
SAO_8594-10,São Paulo,3550308,True,,33200,,,-23.522478,-46.69588125,,,,2,2023-06-15T14:11:37+00:00
SAO_8594-10,São Paulo,3550308,True,,33200,,,-23.4643875,-46.721153,,,,2,2023-06-15T14:12:10+00:00
SAO_8594-10,São Paulo,3550308,True,,33200,,,-23.538644124999998,-46.646784874999994,,,,2,2023-06-15T14:12:16+00:00
SAO_2029-10,São Paulo,3550308,True,,2270,,,-23.451255500000002,-46.5888175,,,,1,2023-06-15T14:12:09+00:00
SAO_2029-10,São Paulo,3550308,True,,2270,,,-23.473537874999998,-46.6009555,,,,1,2023-06-15T14:08:33+00:00
SAO_2029-10,São Paulo,3550308,True,,2270,,,-23.480625500000002,-46.6024915,,,,1,2023-06-15T14:12:09+00:00
SAO_3025-10,São Paulo,3550308,True,,33729,,,-23.5704615,-46.4040185,,,,2,2023-06-15T14:11:51+00:00
SAO_3025-10,São Paulo,3550308,True,,33729,,,-23.5774345,-46.39814,,,,2,2023-06-15T14:11:45+00:00
SAO_3025-10,São Paulo,3550308,True,,33729,,,-23.56156,-46.4169255,,,,2,2023-06-15T14:12:10+00:00
SAO_3025-10,São Paulo,3550308,True,,33729,,,-23.577255,-46.398083,,,,2,2023-06-15T14:11:47+00:00
SAO_2582-10,São Paulo,3550308,True,EMTU,374,https://moovitapp.com/index/pt-br/transporte_p%C3%BAblico-line-374-Sao_Paulo-242-2038937-36419448-0,3.7,-23.527209499999998,-46.551856,,,,1,2023-06-15T14:12:21+00:00
SAO_2582-10,São Paulo,3550308,True,EMTU,374,https://moovitapp.com/index/pt-br/transporte_p%C3%BAblico-line-374-Sao_Paulo-242-2038937-36419448-0,3.7,-23.535285000000002,-46.5829895,,,,1,2023-06-15T14:11:56+00:00
SAO_2582-10,São Paulo,3550308,True,EMTU,374,https://moovitapp.com/index/pt-br/transporte_p%C3%BAblico-line-374-Sao_Paulo-242-2038937-36419448-0,3.7,-23.545004,-46.6305415,,,,1,2023-06-15T14:12:18+00:00
SAO_2582-10,São Paulo,3550308,True,EMTU,374,https://moovitapp.com/index/pt-br/transporte_p%C3%BAblico-line-374-Sao_Paulo-242-2038937-36419448-0,3.7,-23.494025999999998,-46.443504499999996,,,,1,2023-06-15T14:11:32+00:00
SAO_2582-10,São Paulo,3550308,True,EMTU,374,https://moovitapp.com/index/pt-br/transporte_p%C3%BAblico-line-374-Sao_Paulo-242-2038937-36419448-0,3.7,-23.518628,-46.423688999999996,,,,1,2023-06-15T14:12:18+00:00
SAO_2582-10,São Paulo,3550308,True,EMTU,374,https://moovitapp.com/index/pt-br/transporte_p%C3%BAblico-line-374-Sao_Paulo-242-2038937-36419448-0,3.7,-23.508602500000002,-46.4433135,,,,1,2023-06-15T14:12:08+00:00
SAO_2582-10,São Paulo,3550308,True,EMTU,374,https://moovitapp.com/index/pt-br/transporte_p%C3%BAblico-line-374-Sao_Paulo-242-2038937-36419448-0,3.7,-23.5456715,-46.630392,,,,1,2023-06-15T14:11:59+00:00
SAO_2582-10,São Paulo,3550308,True,EMTU,374,https://moovitapp.com/index/pt-br/transporte_p%C3%BAblico-line-374-Sao_Paulo-242-2038937-36419448-0,3.7,-23.493173249999998,-46.44959075,,,,1,2023-06-15T14:12:04+00:00
SAO_2582-10,São Paulo,3550308,True,EMTU,374,https://moovitapp.com/index/pt-br/transporte_p%C3%BAblico-line-374-Sao_Paulo-242-2038937-36419448-0,3.7,-23.4961045,-46.5111085,,,,1,2023-06-15T14:11:37+00:00
SAO_2582-10,São Paulo,3550308,True,EMTU,374,https://moovitapp.com/index/pt-br/transporte_p%C3%BAblico-line-374-Sao_Paulo-242-2038937-36419448-0,3.7,-23.538731,-46.6048935,,,,1,2023-06-15T14:11:53+00:00
SAO_6043-10,São Paulo,3550308,True,,1220,,,-23.6533265,-46.736316,,,,1,2023-06-15T14:11:39+00:00
SAO_6043-10,São Paulo,3550308,True,,1220,,,-23.6531165,-46.740077,,,,1,2023-06-15T14:11:58+00:00
SAO_6043-10,São Paulo,3550308,True,,1220,,,-23.65399525,-46.716798999999995,,,,1,2023-06-15T14:11:59+00:00
SAO_6043-10,São Paulo,3550308,True,,1220,,,-23.653187625,-46.73823987499999,,,,1,2023-06-15T14:11:44+00:00
SAO_342M-10,São Paulo,3550308,True,,747,,,-23.52123075,-46.54827275,,,,1,2023-06-15T14:11:39+00:00
SAO_342M-10,São Paulo,3550308,True,,747,,,-23.518947,-46.547036000000006,,,,1,2023-06-15T14:11:45+00:00
SAO_342M-10,São Paulo,3550308,True,,747,,,-23.519315499999998,-46.5471005,,,,1,2023-06-15T14:12:03+00:00
SAO_342M-10,São Paulo,3550308,True,,747,,,-23.561977875,-46.5172335,,,,1,2023-06-15T14:12:15+00:00
SAO_342M-10,São Paulo,3550308,True,,747,,,-23.55342375,-46.52788325,,,,1,2023-06-15T14:11:49+00:00
SAO_342M-10,São Paulo,3550308,True,,747,,,-23.533828,-46.55939325,,,,1,2023-06-15T14:12:19+00:00
SAO_342M-10,São Paulo,3550308,True,,747,,,-23.5568435,-46.5249285,,,,1,2023-06-15T14:12:17+00:00
SAO_342M-10,São Paulo,3550308,True,,747,,,-23.54311,-46.547276749999995,,,,1,2023-06-15T14:12:07+00:00
SAO_342M-10,São Paulo,3550308,True,,747,,,-23.563111,-46.515100000000004,,,,1,2023-06-15T14:11:46+00:00
SAO_342M-10,São Paulo,3550308,True,,747,,,-23.60958175,-46.477186,,,,1,2023-06-15T14:12:19+00:00
SAO_342M-10,São Paulo,3550308,True,,747,,,-23.5190655,-46.5471045,,,,1,2023-06-15T14:12:04+00:00
SAO_342M-10,São Paulo,3550308,True,,747,,,-23.603975,-46.4813555,,,,1,2023-06-15T14:11:42+00:00
SAO_342M-10,São Paulo,3550308,True,,747,,,-23.5838745,-46.4931675,,,,1,2023-06-15T14:12:10+00:00
SAO_342M-10,São Paulo,3550308,True,,747,,,-23.585241375,-46.49161,,,,1,2023-06-15T14:11:44+00:00
SAO_342M-10,São Paulo,3550308,True,,747,,,-23.613857,-46.476304,,,,1,2023-06-15T14:11:55+00:00
SAO_342M-10,São Paulo,3550308,True,,747,,,-23.559776999999997,-46.52013825,,,,1,2023-06-15T14:12:04+00:00
SAO_342M-10,São Paulo,3550308,True,,747,,,-23.561563125,-46.517986500000006,,,,1,2023-06-15T14:12:07+00:00
SAO_342M-10,São Paulo,3550308,True,,747,,,-23.521819,-46.54883475,,,,1,2023-06-15T14:11:50+00:00
SAO_342M-10,São Paulo,3550308,True,,747,,,-23.5919936875,-46.489023062499996,,,,1,2023-06-15T14:12:05+00:00
SAO_9354-10,São Paulo,3550308,True,,708,,,-23.526427499999997,-46.6487335,,,,1,2023-06-15T14:12:09+00:00
SAO_9354-10,São Paulo,3550308,True,,708,,,-23.5428845,-46.636273,,,,1,2023-06-15T14:11:56+00:00
SAO_9354-10,São Paulo,3550308,True,,708,,,-23.4802985,-46.656429,,,,1,2023-06-15T14:12:18+00:00
SAO_9354-10,São Paulo,3550308,True,,708,,,-23.493266375,-46.65536225,,,,1,2023-06-15T14:11:46+00:00
SAO_9354-10,São Paulo,3550308,True,,708,,,-23.5040185,-46.6566355,,,,1,2023-06-15T14:10:29+00:00
SAO_978A-10,São Paulo,3550308,True,,1369,,,-23.475662999999997,-46.670556,,,,1,2023-06-15T14:12:16+00:00
SAO_978A-10,São Paulo,3550308,True,,1369,,,-23.4756295,-46.6704885,,,,1,2023-06-15T14:12:02+00:00
SAO_978A-10,São Paulo,3550308,True,,1369,,,-23.48422625,-46.679944500000005,,,,1,2023-06-15T14:11:55+00:00
SAO_978A-10,São Paulo,3550308,True,,1369,,,-23.508459000000002,-46.689606500000004,,,,1,2023-06-15T14:12:18+00:00
SAO_978A-10,São Paulo,3550308,True,,1369,,,-23.519817000000003,-46.674852,,,,1,2023-06-15T14:12:08+00:00
SAO_978A-10,São Paulo,3550308,True,,1369,,,-23.5024575,-46.68765775,,,,1,2023-06-15T14:12:03+00:00
SAO_8055-51,São Paulo,3550308,True,EMTU,417,https://moovitapp.com/index/pt-br/transporte_p%C3%BAblico-line-417-Sao_Paulo-242-2038937-36419474-0,5.2,-23.518688,-46.7247325,,,,1,2023-06-15T14:12:16+00:00
SAO_8055-51,São Paulo,3550308,True,EMTU,417,https://moovitapp.com/index/pt-br/transporte_p%C3%BAblico-line-417-Sao_Paulo-242-2038937-36419474-0,5.2,-23.5259505,-46.6781165,,,,1,2023-06-15T14:11:47+00:00
SAO_8055-51,São Paulo,3550308,True,EMTU,417,https://moovitapp.com/index/pt-br/transporte_p%C3%BAblico-line-417-Sao_Paulo-242-2038937-36419474-0,5.2,-23.4070265,-46.766594999999995,,,,1,2023-06-15T14:12:18+00:00
SAO_8055-51,São Paulo,3550308,True,EMTU,417,https://moovitapp.com/index/pt-br/transporte_p%C3%BAblico-line-417-Sao_Paulo-242-2038937-36419474-0,5.2,-23.5078535625,-46.7451046875,,,,1,2023-06-15T14:11:57+00:00
SAO_5103-10,São Paulo,3550308,True,,1646,,,-23.6023425,-46.6026925,,,,1,2023-06-15T14:12:04+00:00
SAO_5103-10,São Paulo,3550308,True,,1646,,,-23.599584,-46.6383935,,,,1,2023-06-15T14:12:06+00:00
SAO_5103-10,São Paulo,3550308,True,,1646,,,-23.5977935,-46.6501035,,,,1,2023-06-15T14:12:10+00:00
SAO_5103-10,São Paulo,3550308,True,,1646,,,-23.605283625,-46.659199,,,,1,2023-06-15T14:11:35+00:00
SAO_857R-41,São Paulo,3550308,True,,2027,,,-23.580664,-46.639578,,,,1,2023-06-15T14:11:38+00:00
SAO_857R-41,São Paulo,3550308,True,,2027,,,-23.58267225,-46.63823825,,,,1,2023-06-15T14:11:40+00:00
SAO_857R-41,São Paulo,3550308,True,,2027,,,-23.55673875,-46.661970249999996,,,,1,2023-06-15T14:12:14+00:00
SAO_3721-41,São Paulo,3550308,True,,34461,,,-23.553489499999998,-46.49256,,,,2,2023-06-15T14:11:53+00:00
SAO_3721-41,São Paulo,3550308,True,,34461,,,-23.5632565,-46.500804,,,,2,2023-06-15T14:11:54+00:00
SAO_3721-41,São Paulo,3550308,True,,34461,,,-23.542668499999998,-46.471506500000004,,,,2,2023-06-15T14:12:12+00:00
SAO_3721-41,São Paulo,3550308,True,,34461,,,-23.553732500000002,-46.492516,,,,2,2023-06-15T14:11:47+00:00
SAO_3721-41,São Paulo,3550308,True,,34461,,,-23.54209025,-46.4833155,,,,2,2023-06-15T14:12:00+00:00
SAO_3721-41,São Paulo,3550308,True,,34461,,,-23.5580845,-46.4977705,,,,2,2023-06-15T14:12:02+00:00
SAO_3721-41,São Paulo,3550308,True,,34461,,,-23.558625,-46.495583499999995,,,,2,2023-06-15T14:11:41+00:00
SAO_3721-41,São Paulo,3550308,True,,34461,,,-23.5580845,-46.4977705,,,,2,2023-06-15T14:12:12+00:00
SAO_6016-41,São Paulo,3550308,True,,34474,,,-23.774729,-46.675773500000005,,,,2,2023-06-15T14:11:43+00:00
SAO_6016-41,São Paulo,3550308,True,,34474,,,-23.7365705,-46.695184,,,,2,2023-06-15T14:12:10+00:00
SAO_6016-41,São Paulo,3550308,True,,34474,,,-23.775072,-46.675598,,,,2,2023-06-15T14:12:23+00:00
SAO_6016-41,São Paulo,3550308,True,,34474,,,-23.754474000000002,-46.6877005,,,,2,2023-06-15T14:11:48+00:00
SAO_6016-41,São Paulo,3550308,True,,34474,,,-23.75241525,-46.68851050000001,,,,2,2023-06-15T14:12:10+00:00
SAO_6016-41,São Paulo,3550308,True,,34474,,,-23.772666,-46.67718549999999,,,,2,2023-06-15T14:11:58+00:00
SAO_6016-41,São Paulo,3550308,True,,34474,,,-23.774729,-46.675773500000005,,,,2,2023-06-15T14:12:13+00:00
SAO_1016-10,São Paulo,3550308,True,,33599,,,-23.493206,-46.611466500000006,,,,2,2023-06-15T14:09:21+00:00
SAO_1016-10,São Paulo,3550308,True,,33599,,,-23.47643875,-46.611113,,,,2,2023-06-15T14:11:54+00:00
SAO_1016-10,São Paulo,3550308,True,,33599,,,-23.464747000000003,-46.60407825,,,,2,2023-06-15T14:11:51+00:00
SAO_1016-10,São Paulo,3550308,True,,33599,,,-23.513872,-46.6160225,,,,2,2023-06-15T14:11:52+00:00
SAO_1016-10,São Paulo,3550308,True,,33599,,,-23.47484,-46.613084,,,,2,2023-06-15T14:10:36+00:00
SAO_1016-10,São Paulo,3550308,True,,33599,,,-23.448154000000002,-46.612162,,,,2,2023-06-15T14:11:43+00:00
SAO_1016-10,São Paulo,3550308,True,,33599,,,-23.5092905,-46.6155445,,,,2,2023-06-15T14:12:13+00:00
SAO_2010-10,São Paulo,3550308,True,,34872,,,-23.517211125,-46.62507725,,,,2,2023-06-15T14:12:12+00:00
SAO_2010-10,São Paulo,3550308,True,,34872,,,-23.4823245,-46.565445,,,,2,2023-06-15T14:11:37+00:00
SAO_2010-10,São Paulo,3550308,True,,34872,,,-23.480231,-46.5816005,,,,2,2023-06-15T14:11:56+00:00
SAO_2010-10,São Paulo,3550308,True,,34872,,,-23.498355500000002,-46.6086015,,,,2,2023-06-15T14:11:50+00:00
SAO_5013-10,São Paulo,3550308,True,,33885,,,-23.6670465,-46.69007125,,,,2,2023-06-15T14:12:20+00:00
SAO_5013-10,São Paulo,3550308,True,,33885,,,-23.68527075,-46.6332995,,,,2,2023-06-15T14:10:26+00:00
SAO_5013-10,São Paulo,3550308,True,,33885,,,-23.688044,-46.63901275,,,,2,2023-06-15T14:11:54+00:00
SAO_5013-10,São Paulo,3550308,True,,33885,,,-23.6694505,-46.6730805,,,,2,2023-06-15T14:12:05+00:00
SAO_5013-10,São Paulo,3550308,True,,33885,,,-23.676837,-46.680361500000004,,,,2,2023-06-15T14:11:57+00:00
SAO_5013-10,São Paulo,3550308,True,,33885,,,-23.6892165,-46.635301,,,,2,2023-06-15T14:11:37+00:00
SAO_5013-10,São Paulo,3550308,True,,33885,,,-23.658395499999997,-46.7017755,,,,2,2023-06-15T14:12:01+00:00
SAO_5013-10,São Paulo,3550308,True,,33885,,,-23.684867,-46.6484395,,,,2,2023-06-15T14:08:27+00:00
SAO_5013-10,São Paulo,3550308,True,,33885,,,-23.670388000000003,-46.673527500000006,,,,2,2023-06-15T14:12:02+00:00
SAO_5013-10,São Paulo,3550308,True,,33885,,,-23.6790695,-46.656284,,,,2,2023-06-15T14:11:01+00:00
SAO_574J-10,São Paulo,3550308,True,,1685,,,-23.636083499999998,-46.641462,,,,1,2023-06-15T14:12:21+00:00
SAO_574J-10,São Paulo,3550308,True,,1685,,,-23.6294535,-46.646127,,,,1,2023-06-15T14:12:07+00:00
SAO_574J-10,São Paulo,3550308,True,,1685,,,-23.571325,-46.537527999999995,,,,1,2023-06-15T14:11:22+00:00
SAO_574J-10,São Paulo,3550308,True,,1685,,,-23.5733255,-46.5633845,,,,1,2023-06-15T14:12:07+00:00
SAO_574J-10,São Paulo,3550308,True,,1685,,,-23.5612885,-46.522088499999995,,,,1,2023-06-15T14:11:49+00:00
SAO_574J-10,São Paulo,3550308,True,,1685,,,-23.5726035,-46.5347386875,,,,1,2023-06-15T14:11:42+00:00
SAO_574J-10,São Paulo,3550308,True,,1685,,,-23.602656500000002,-46.602027,,,,1,2023-06-15T14:11:53+00:00
SAO_574J-10,São Paulo,3550308,True,,1685,,,-23.5859735,-46.585053,,,,1,2023-06-15T14:12:01+00:00
SAO_574J-10,São Paulo,3550308,True,,1685,,,-23.63386275,-46.6437505,,,,1,2023-06-15T14:11:52+00:00
SAO_695T-10,São Paulo,3550308,True,,1322,,,-23.634945000000002,-46.691694749999996,,,,1,2023-06-15T14:12:04+00:00
SAO_695T-10,São Paulo,3550308,True,,1322,,,-23.64979725,-46.75561075,,,,1,2023-06-15T14:12:20+00:00
SAO_695T-10,São Paulo,3550308,True,,1322,,,-23.6440135,-46.734696,,,,1,2023-06-15T14:11:55+00:00
SAO_695T-10,São Paulo,3550308,True,,1322,,,-23.619898,-46.67747,,,,1,2023-06-15T14:12:22+00:00
SAO_695T-10,São Paulo,3550308,True,,1322,,,-23.615527,-46.673345999999995,,,,1,2023-06-15T14:12:06+00:00
SAO_695T-10,São Paulo,3550308,True,,1322,,,-23.6429795,-46.7368055,,,,1,2023-06-15T14:12:22+00:00
SAO_695T-10,São Paulo,3550308,True,,1322,,,-23.649115000000002,-46.752907,,,,1,2023-06-15T14:11:56+00:00
SAO_695T-10,São Paulo,3550308,True,,1322,,,-23.597268,-46.63972,,,,1,2023-06-15T14:11:59+00:00
SAO_695T-10,São Paulo,3550308,True,,1322,,,-23.59659775,-46.64867662499999,,,,1,2023-06-15T14:12:02+00:00
SAO_695T-10,São Paulo,3550308,True,,1322,,,-23.640510999999996,-46.697053874999995,,,,1,2023-06-15T14:11:40+00:00
SAO_695T-10,São Paulo,3550308,True,,1322,,,-23.608176999999998,-46.666410625,,,,1,2023-06-15T14:11:58+00:00
SAO_695T-10,São Paulo,3550308,True,,1322,,,-23.608573,-46.666781125,,,,1,2023-06-15T14:12:23+00:00
SAO_6836-10,São Paulo,3550308,True,BR7 Mobilidade,13,https://moovitapp.com/index/pt-br/transporte_p%C3%BAblico-line-13-Sao_Paulo-242-851856-705937-0,5.75,-23.653251375000004,-46.737393125,,,,1,2023-06-15T14:12:04+00:00
SAO_6836-10,São Paulo,3550308,True,BR7 Mobilidade,13,https://moovitapp.com/index/pt-br/transporte_p%C3%BAblico-line-13-Sao_Paulo-242-851856-705937-0,5.75,-23.653077500000002,-46.739661999999996,,,,1,2023-06-15T14:11:55+00:00
SAO_6836-10,São Paulo,3550308,True,BR7 Mobilidade,13,https://moovitapp.com/index/pt-br/transporte_p%C3%BAblico-line-13-Sao_Paulo-242-851856-705937-0,5.75,-23.6704765,-46.760798,,,,1,2023-06-15T14:12:13+00:00
SAO_6836-10,São Paulo,3550308,True,BR7 Mobilidade,13,https://moovitapp.com/index/pt-br/transporte_p%C3%BAblico-line-13-Sao_Paulo-242-851856-705937-0,5.75,-23.656155499999997,-46.74136075,,,,1,2023-06-15T14:12:22+00:00
SAO_8078-10,São Paulo,3550308,True,,34848,,,-23.64895,-46.750393,,,,2,2023-06-15T14:12:08+00:00
SAO_8078-10,São Paulo,3550308,True,,34848,,,-23.625425999999997,-46.7482945,,,,2,2023-06-15T14:12:07+00:00
SAO_8078-10,São Paulo,3550308,True,,34848,,,-23.617261499999998,-46.757682,,,,2,2023-06-15T14:12:11+00:00
SAO_8078-10,São Paulo,3550308,True,,34848,,,-23.617987,-46.758471,,,,2,2023-06-15T14:12:18+00:00
SAO_8078-10,São Paulo,3550308,True,,34848,,,-23.6254505,-46.7479555,,,,2,2023-06-15T14:12:13+00:00
SAO_8078-10,São Paulo,3550308,True,,34848,,,-23.616933500000002,-46.753187,,,,2,2023-06-15T14:12:08+00:00
SAO_4112-10,São Paulo,3550308,True,,33535,,,-23.578443,-46.62550675,,,,2,2023-06-15T14:11:46+00:00
SAO_4112-10,São Paulo,3550308,True,,33535,,,-23.580921500000002,-46.6260625,,,,2,2023-06-15T14:11:45+00:00
SAO_4112-10,São Paulo,3550308,True,,33535,,,-23.580921500000002,-46.6260625,,,,2,2023-06-15T14:11:43+00:00
SAO_4112-10,São Paulo,3550308,True,,33535,,,-23.551933624999997,-46.639324,,,,2,2023-06-15T14:12:11+00:00
SAO_4036-10,São Paulo,3550308,True,,2561,,,-23.5511125,-46.496223,,,,1,2023-06-15T14:11:42+00:00
SAO_7063-10,São Paulo,3550308,True,,1899,,,-23.646486,-46.77920075,,,,1,2023-06-15T14:11:49+00:00
SAO_7063-10,São Paulo,3550308,True,,1899,,,-23.6364275,-46.7779335,,,,1,2023-06-15T14:11:47+00:00
SAO_7063-10,São Paulo,3550308,True,,1899,,,-23.651991000000002,-46.789846499999996,,,,1,2023-06-15T14:11:39+00:00
SAO_7063-10,São Paulo,3550308,True,,1899,,,-23.651991000000002,-46.789846499999996,,,,1,2023-06-15T14:12:15+00:00
SAO_7063-10,São Paulo,3550308,True,,1899,,,-23.651991000000002,-46.789846499999996,,,,1,2023-06-15T14:11:39+00:00
SAO_7063-10,São Paulo,3550308,True,,1899,,,-23.651991000000002,-46.789846499999996,,,,1,2023-06-15T14:12:09+00:00
SAO_373L-10,São Paulo,3550308,True,,33795,,,-23.5976935,-46.434525,,,,2,2023-06-15T14:11:46+00:00
SAO_373L-10,São Paulo,3550308,True,,33795,,,-23.55677875,-46.46531625,,,,2,2023-06-15T14:12:15+00:00
SAO_373L-10,São Paulo,3550308,True,,33795,,,-23.571707,-46.450969,,,,2,2023-06-15T14:11:40+00:00
SAO_373L-10,São Paulo,3550308,True,,33795,,,-23.545136499999998,-46.46244475,,,,2,2023-06-15T14:12:20+00:00
SAO_8215-10,São Paulo,3550308,True,,33342,,,-23.54220325,-46.64060875,,,,2,2023-06-15T14:12:14+00:00
SAO_8215-10,São Paulo,3550308,True,,33342,,,-23.461624,-46.7081955,,,,2,2023-06-15T14:12:15+00:00
SAO_8215-10,São Paulo,3550308,True,,33342,,,-23.522435124999998,-46.66040875,,,,2,2023-06-15T14:12:01+00:00
SAO_8215-10,São Paulo,3550308,True,,33342,,,-23.50653075,-46.67343975,,,,2,2023-06-15T14:12:13+00:00
SAO_8215-10,São Paulo,3550308,True,,33342,,,-23.49344925,-46.696834249999995,,,,2,2023-06-15T14:12:11+00:00
SAO_8605-10,São Paulo,3550308,True,,1917,,,-23.6233355,-46.763734,,,,1,2023-06-15T14:12:05+00:00
SAO_8605-10,São Paulo,3550308,True,,1917,,,-23.593547,-46.7349945,,,,1,2023-06-15T14:12:18+00:00
SAO_8605-10,São Paulo,3550308,True,,1917,,,-23.616358750000003,-46.75709175,,,,1,2023-06-15T14:11:38+00:00
SAO_8605-10,São Paulo,3550308,True,,1917,,,-23.605309,-46.7462445,,,,1,2023-06-15T14:11:55+00:00
SAO_8605-10,São Paulo,3550308,True,,1917,,,-23.579478,-46.67686524999999,,,,1,2023-06-15T14:11:45+00:00
SAO_8605-10,São Paulo,3550308,True,,1917,,,-23.581658,-46.68468475,,,,1,2023-06-15T14:12:18+00:00
SAO_8605-10,São Paulo,3550308,True,,1917,,,-23.579485,-46.7070005,,,,1,2023-06-15T14:12:14+00:00
SAO_8605-10,São Paulo,3550308,True,,1917,,,-23.5491125,-46.640139500000004,,,,1,2023-06-15T14:12:06+00:00
SAO_8605-10,São Paulo,3550308,True,,1917,,,-23.583370375,-46.7018895,,,,1,2023-06-15T14:12:06+00:00
SAO_6110-10,São Paulo,3550308,True,,33952,,,-23.690462249999996,-46.69789425,,,,2,2023-06-15T14:12:04+00:00
SAO_6110-10,São Paulo,3550308,True,,33952,,,-23.7570805,-46.705787,,,,2,2023-06-15T14:12:02+00:00
SAO_6110-10,São Paulo,3550308,True,,33952,,,-23.6433345,-46.6729095,,,,2,2023-06-15T14:12:20+00:00
SAO_6110-10,São Paulo,3550308,True,,33952,,,-23.757887500000002,-46.7078635,,,,2,2023-06-15T14:12:11+00:00
SAO_6110-10,São Paulo,3550308,True,,33952,,,-23.73165375,-46.71598725,,,,2,2023-06-15T14:12:19+00:00
SAO_6110-10,São Paulo,3550308,True,,33952,,,-23.6970655,-46.700397625,,,,2,2023-06-15T14:11:44+00:00
SAO_6110-10,São Paulo,3550308,True,,33952,,,-23.6483745,-46.676051,,,,2,2023-06-15T14:12:08+00:00
SAO_9191-21,São Paulo,3550308,True,,1957,,,-23.524428999999998,-46.670236,,,,1,2023-06-15T14:11:51+00:00
SAO_9191-21,São Paulo,3550308,True,,1957,,,-23.523712,-46.66183875,,,,1,2023-06-15T14:11:39+00:00
SAO_8615-10,São Paulo,3550308,True,,1339,,,-23.5321305,-46.661772,,,,1,2023-06-15T14:12:05+00:00
SAO_8615-10,São Paulo,3550308,True,,1339,,,-23.546077500000003,-46.631047,,,,1,2023-06-15T14:12:15+00:00
SAO_8615-10,São Paulo,3550308,True,,1339,,,-23.531423,-46.729932875,,,,1,2023-06-15T14:12:09+00:00
SAO_8615-10,São Paulo,3550308,True,,1339,,,-23.525031499999997,-46.683977999999996,,,,1,2023-06-15T14:12:10+00:00
SAO_8615-10,São Paulo,3550308,True,,1339,,,-23.5474995,-46.640241,,,,1,2023-06-15T14:12:20+00:00
SAO_8615-10,São Paulo,3550308,True,,1339,,,-23.524841000000002,-46.70846575,,,,1,2023-06-15T14:12:07+00:00
SAO_2718-10,São Paulo,3550308,True,,931,,,-23.509212500000004,-46.547985,,,,1,2023-06-15T14:12:12+00:00
SAO_2718-10,São Paulo,3550308,True,,931,,,-23.514771,-46.5502975,,,,1,2023-06-15T14:11:57+00:00
SAO_2718-10,São Paulo,3550308,True,,931,,,-23.494101,-46.5014905,,,,1,2023-06-15T14:12:17+00:00
SAO_2718-10,São Paulo,3550308,True,,931,,,-23.523282875,-46.548980125,,,,1,2023-06-15T14:11:50+00:00
SAO_2718-10,São Paulo,3550308,True,,931,,,-23.509308500000003,-46.546600125,,,,1,2023-06-15T14:12:22+00:00
SAO_2718-10,São Paulo,3550308,True,,931,,,-23.509308500000003,-46.546600125,,,,1,2023-06-15T14:11:45+00:00
SAO_2718-10,São Paulo,3550308,True,,931,,,-23.496139,-46.5072835,,,,1,2023-06-15T14:12:15+00:00
SAO_508L-10,São Paulo,3550308,True,EMTU,117,https://moovitapp.com/index/pt-br/transporte_p%C3%BAblico-line-117-Sao_Paulo-242-2038937-36419277-0,4.8,-23.567117125000003,-46.649771375,,,,1,2023-06-15T14:11:44+00:00
SAO_508L-10,São Paulo,3550308,True,EMTU,117,https://moovitapp.com/index/pt-br/transporte_p%C3%BAblico-line-117-Sao_Paulo-242-2038937-36419277-0,4.8,-23.578248625,-46.641224375,,,,1,2023-06-15T14:11:47+00:00
SAO_508L-10,São Paulo,3550308,True,EMTU,117,https://moovitapp.com/index/pt-br/transporte_p%C3%BAblico-line-117-Sao_Paulo-242-2038937-36419277-0,4.8,-23.550170125,-46.659918250000004,,,,1,2023-06-15T14:12:13+00:00
SAO_9020-10,São Paulo,3550308,True,,34202,,,-23.4685845,-46.721347,,,,2,2023-06-15T14:11:53+00:00
SAO_9020-10,São Paulo,3550308,True,,34202,,,-23.482591499999998,-46.7231115,,,,2,2023-06-15T14:12:00+00:00
SAO_9020-10,São Paulo,3550308,True,,34202,,,-23.468176,-46.721295999999995,,,,2,2023-06-15T14:12:07+00:00
SAO_9020-10,São Paulo,3550308,True,,34202,,,-23.485568999999998,-46.728204500000004,,,,2,2023-06-15T14:11:47+00:00
SAO_9020-10,São Paulo,3550308,True,,34202,,,-23.4685845,-46.721347,,,,2,2023-06-15T14:11:42+00:00
SAO_6056-10,São Paulo,3550308,True,,33915,,,-23.7628795,-46.7084105,,,,2,2023-06-15T14:11:45+00:00
SAO_6056-10,São Paulo,3550308,True,,33915,,,-23.763256499999997,-46.697663,,,,2,2023-06-15T14:12:18+00:00
SAO_6056-10,São Paulo,3550308,True,,33915,,,-23.7441785,-46.704163750000006,,,,2,2023-06-15T14:11:45+00:00
SAO_6056-10,São Paulo,3550308,True,,33915,,,-23.763256499999997,-46.697663,,,,2,2023-06-15T14:12:09+00:00
SAO_6056-10,São Paulo,3550308,True,,33915,,,-23.7632185,-46.697809,,,,2,2023-06-15T14:11:54+00:00
SAO_6056-10,São Paulo,3550308,True,,33915,,,-23.7549655,-46.7098935,,,,2,2023-06-15T14:12:19+00:00
SAO_6056-10,São Paulo,3550308,True,,33915,,,-23.744137000000002,-46.7036775,,,,2,2023-06-15T14:12:17+00:00
SAO_6027-10,São Paulo,3550308,True,,32858,,,-23.72168675,-46.67187025,,,,2,2023-06-15T14:12:13+00:00
SAO_6027-10,São Paulo,3550308,True,,32858,,,-23.654134499999998,-46.708625,,,,2,2023-06-15T14:11:44+00:00
SAO_6027-10,São Paulo,3550308,True,,32858,,,-23.711091375000002,-46.699213875,,,,2,2023-06-15T14:12:18+00:00
SAO_6027-10,São Paulo,3550308,True,,32858,,,-23.7203175,-46.674643,,,,2,2023-06-15T14:12:02+00:00
SAO_6027-10,São Paulo,3550308,True,,32858,,,-23.670868374999998,-46.7129125,,,,2,2023-06-15T14:12:14+00:00
SAO_6027-10,São Paulo,3550308,True,,32858,,,-23.692554,-46.701564000000005,,,,2,2023-06-15T14:12:12+00:00
SAO_6027-10,São Paulo,3550308,True,,32858,,,-23.72318425,-46.670979,,,,2,2023-06-15T14:11:40+00:00
SAO_3768-10,São Paulo,3550308,True,,1056,,,-23.564326,-46.4147915,,,,1,2023-06-15T14:11:44+00:00
SAO_3768-10,São Paulo,3550308,True,,1056,,,-23.564326,-46.4147915,,,,1,2023-06-15T14:12:15+00:00
SAO_971C-10,São Paulo,3550308,True,,571,,,-23.4560315,-46.69215199999999,,,,1,2023-06-15T14:12:10+00:00
SAO_971C-10,São Paulo,3550308,True,,571,,,-23.487625,-46.6524865,,,,1,2023-06-15T14:12:06+00:00
SAO_971C-10,São Paulo,3550308,True,,571,,,-23.5002585,-46.6347935,,,,1,2023-06-15T14:11:51+00:00
SAO_971C-10,São Paulo,3550308,True,,571,,,-23.436723999999998,-46.717591125,,,,1,2023-06-15T14:11:51+00:00
SAO_971C-10,São Paulo,3550308,True,,571,,,-23.445512,-46.714328,,,,1,2023-06-15T14:12:13+00:00
SAO_971C-10,São Paulo,3550308,True,,571,,,-23.474243,-46.66870275000001,,,,1,2023-06-15T14:11:48+00:00
SAO_4726-10,São Paulo,3550308,True,,34448,,,-23.5410385,-46.575868,,,,2,2023-06-15T14:11:52+00:00
SAO_4726-10,São Paulo,3550308,True,,34448,,,-23.563308,-46.5786215,,,,2,2023-06-15T14:12:17+00:00
SAO_4726-10,São Paulo,3550308,True,,34448,,,-23.5410385,-46.575868,,,,2,2023-06-15T14:11:43+00:00
SAO_4726-10,São Paulo,3550308,True,,34448,,,-23.563266249999998,-46.58943175,,,,2,2023-06-15T14:12:05+00:00
SAO_4726-10,São Paulo,3550308,True,,34448,,,-23.5410385,-46.575868,,,,2,2023-06-15T14:11:55+00:00
SAO_4726-10,São Paulo,3550308,True,,34448,,,-23.5515125,-46.578998999999996,,,,2,2023-06-15T14:12:05+00:00
SAO_4726-10,São Paulo,3550308,True,,34448,,,-23.56248025,-46.5911635,,,,2,2023-06-15T14:11:59+00:00
SAO_4726-10,São Paulo,3550308,True,,34448,,,-23.54807725,-46.579533749999996,,,,2,2023-06-15T14:11:42+00:00
SAO_574A-10,São Paulo,3550308,True,Rápido Campinas,602,https://moovitapp.com/index/pt-br/transporte_p%C3%BAblico-line-602-Sao_Paulo-242-858660-638986-0,5.3,-23.5657085,-46.613278750000006,,,,1,2023-06-15T14:12:04+00:00
SAO_574A-10,São Paulo,3550308,True,Rápido Campinas,602,https://moovitapp.com/index/pt-br/transporte_p%C3%BAblico-line-602-Sao_Paulo-242-858660-638986-0,5.3,-23.585369500000002,-46.62782675,,,,1,2023-06-15T14:11:59+00:00
SAO_574A-10,São Paulo,3550308,True,Rápido Campinas,602,https://moovitapp.com/index/pt-br/transporte_p%C3%BAblico-line-602-Sao_Paulo-242-858660-638986-0,5.3,-23.611379499999998,-46.6378325,,,,1,2023-06-15T14:11:37+00:00
SAO_574A-10,São Paulo,3550308,True,Rápido Campinas,602,https://moovitapp.com/index/pt-br/transporte_p%C3%BAblico-line-602-Sao_Paulo-242-858660-638986-0,5.3,-23.600991999999998,-46.6366185,,,,1,2023-06-15T14:12:09+00:00
SAO_574A-10,São Paulo,3550308,True,Rápido Campinas,602,https://moovitapp.com/index/pt-br/transporte_p%C3%BAblico-line-602-Sao_Paulo-242-858660-638986-0,5.3,-23.5671325,-46.617256,,,,1,2023-06-15T14:12:01+00:00
SAO_574A-10,São Paulo,3550308,True,Rápido Campinas,602,https://moovitapp.com/index/pt-br/transporte_p%C3%BAblico-line-602-Sao_Paulo-242-858660-638986-0,5.3,-23.641469999999998,-46.641408,,,,1,2023-06-15T14:12:05+00:00
SAO_574A-10,São Paulo,3550308,True,Rápido Campinas,602,https://moovitapp.com/index/pt-br/transporte_p%C3%BAblico-line-602-Sao_Paulo-242-858660-638986-0,5.3,-23.62733725,-46.64241725,,,,1,2023-06-15T14:12:07+00:00
SAO_4716-10,São Paulo,3550308,True,,33874,,,-23.611501,-46.622046,,,,2,2023-06-15T14:11:48+00:00
SAO_4716-10,São Paulo,3550308,True,,33874,,,-23.602465000000002,-46.6032275,,,,2,2023-06-15T14:12:01+00:00
SAO_4716-10,São Paulo,3550308,True,,33874,,,-23.602465000000002,-46.6032275,,,,2,2023-06-15T14:11:57+00:00
SAO_4716-10,São Paulo,3550308,True,,33874,,,-23.603158125,-46.636805499999994,,,,2,2023-06-15T14:12:17+00:00
SAO_4716-10,São Paulo,3550308,True,,33874,,,-23.606478250000002,-46.638320750000005,,,,2,2023-06-15T14:11:39+00:00
SAO_4716-10,São Paulo,3550308,True,,33874,,,-23.6132835,-46.62029750000001,,,,2,2023-06-15T14:12:02+00:00
SAO_4716-10,São Paulo,3550308,True,,33874,,,-23.6033605,-46.6037845,,,,2,2023-06-15T14:12:22+00:00
SAO_546L-10,São Paulo,3550308,True,,34053,,,-23.686289000000002,-46.6379425,,,,2,2023-06-15T14:11:47+00:00
SAO_546L-10,São Paulo,3550308,True,,34053,,,-23.679672625000002,-46.6931638125,,,,2,2023-06-15T14:12:13+00:00
SAO_546L-10,São Paulo,3550308,True,,34053,,,-23.6555915,-46.7078725,,,,2,2023-06-15T14:11:59+00:00
SAO_546L-10,São Paulo,3550308,True,,34053,,,-23.66962075,-46.67789675,,,,2,2023-06-15T14:11:37+00:00
SAO_546L-10,São Paulo,3550308,True,,34053,,,-23.679442,-46.655800625,,,,2,2023-06-15T14:11:09+00:00
SAO_546L-10,São Paulo,3550308,True,,34053,,,-23.661725,-46.7062455,,,,2,2023-06-15T14:11:49+00:00
SAO_5100-10,São Paulo,3550308,True,,34138,,,-23.578128999999997,-46.6602405,,,,2,2023-06-15T14:12:06+00:00
SAO_5100-10,São Paulo,3550308,True,,34138,,,-23.5658305,-46.701625500000006,,,,2,2023-06-15T14:11:40+00:00
SAO_3459-10,São Paulo,3550308,True,EMTU,402,https://moovitapp.com/index/pt-br/transporte_p%C3%BAblico-line-402-Sao_Paulo-242-2038937-36419464-0,3.7,-23.5473415,-46.629296499999995,,,,1,2023-06-15T14:11:50+00:00
SAO_3459-10,São Paulo,3550308,True,EMTU,402,https://moovitapp.com/index/pt-br/transporte_p%C3%BAblico-line-402-Sao_Paulo-242-2038937-36419464-0,3.7,-23.547011,-46.62953,,,,1,2023-06-15T14:11:58+00:00
SAO_3459-10,São Paulo,3550308,True,EMTU,402,https://moovitapp.com/index/pt-br/transporte_p%C3%BAblico-line-402-Sao_Paulo-242-2038937-36419464-0,3.7,-23.523042,-46.519755,,,,1,2023-06-15T14:11:52+00:00
SAO_3459-10,São Paulo,3550308,True,EMTU,402,https://moovitapp.com/index/pt-br/transporte_p%C3%BAblico-line-402-Sao_Paulo-242-2038937-36419464-0,3.7,-23.535447124999997,-46.551343,,,,1,2023-06-15T14:11:33+00:00
SAO_3459-10,São Paulo,3550308,True,EMTU,402,https://moovitapp.com/index/pt-br/transporte_p%C3%BAblico-line-402-Sao_Paulo-242-2038937-36419464-0,3.7,-23.5316515,-46.52857349999999,,,,1,2023-06-15T14:12:01+00:00
SAO_3459-10,São Paulo,3550308,True,EMTU,402,https://moovitapp.com/index/pt-br/transporte_p%C3%BAblico-line-402-Sao_Paulo-242-2038937-36419464-0,3.7,-23.4953615,-46.4294595,,,,1,2023-06-15T14:11:59+00:00
SAO_3459-10,São Paulo,3550308,True,EMTU,402,https://moovitapp.com/index/pt-br/transporte_p%C3%BAblico-line-402-Sao_Paulo-242-2038937-36419464-0,3.7,-23.51353425,-46.445544749999996,,,,1,2023-06-15T14:10:44+00:00
SAO_3459-10,São Paulo,3550308,True,EMTU,402,https://moovitapp.com/index/pt-br/transporte_p%C3%BAblico-line-402-Sao_Paulo-242-2038937-36419464-0,3.7,-23.515909750000002,-46.46708712499999,,,,1,2023-06-15T14:11:19+00:00
SAO_3459-10,São Paulo,3550308,True,EMTU,402,https://moovitapp.com/index/pt-br/transporte_p%C3%BAblico-line-402-Sao_Paulo-242-2038937-36419464-0,3.7,-23.546727,-46.629723999999996,,,,1,2023-06-15T14:12:01+00:00
SAO_3459-10,São Paulo,3550308,True,EMTU,402,https://moovitapp.com/index/pt-br/transporte_p%C3%BAblico-line-402-Sao_Paulo-242-2038937-36419464-0,3.7,-23.5122785,-46.443659999999994,,,,1,2023-06-15T14:12:00+00:00
SAO_3459-10,São Paulo,3550308,True,EMTU,402,https://moovitapp.com/index/pt-br/transporte_p%C3%BAblico-line-402-Sao_Paulo-242-2038937-36419464-0,3.7,-23.5133825,-46.50479275,,,,1,2023-06-15T14:11:59+00:00
SAO_3459-10,São Paulo,3550308,True,EMTU,402,https://moovitapp.com/index/pt-br/transporte_p%C3%BAblico-line-402-Sao_Paulo-242-2038937-36419464-0,3.7,-23.521203749999998,-46.5247765,,,,1,2023-06-15T14:12:12+00:00
SAO_3459-10,São Paulo,3550308,True,EMTU,402,https://moovitapp.com/index/pt-br/transporte_p%C3%BAblico-line-402-Sao_Paulo-242-2038937-36419464-0,3.7,-23.534069499999998,-46.544123125,,,,1,2023-06-15T14:11:41+00:00
SAO_3459-10,São Paulo,3550308,True,EMTU,402,https://moovitapp.com/index/pt-br/transporte_p%C3%BAblico-line-402-Sao_Paulo-242-2038937-36419464-0,3.7,-23.494880000000002,-46.405544,,,,1,2023-06-15T14:12:17+00:00
SAO_3459-10,São Paulo,3550308,True,EMTU,402,https://moovitapp.com/index/pt-br/transporte_p%C3%BAblico-line-402-Sao_Paulo-242-2038937-36419464-0,3.7,-23.5165205,-46.385602000000006,,,,1,2023-06-15T14:12:10+00:00
SAO_172U-10,São Paulo,3550308,True,,33628,,,-23.555775687499995,-46.597451375000006,,,,2,2023-06-15T14:11:48+00:00
SAO_172U-10,São Paulo,3550308,True,,33628,,,-23.500975375,-46.622825500000005,,,,2,2023-06-15T14:12:06+00:00
SAO_172U-10,São Paulo,3550308,True,,33628,,,-23.468687,-46.5973985,,,,2,2023-06-15T14:11:56+00:00
SAO_172U-10,São Paulo,3550308,True,,33628,,,-23.436823500000003,-46.566249,,,,2,2023-06-15T14:12:15+00:00
SAO_172U-10,São Paulo,3550308,True,,33628,,,-23.43716675,-46.56625975,,,,2,2023-06-15T14:11:47+00:00
SAO_805L-10,São Paulo,3550308,True,,32892,,,-23.542480125,-46.656154625,,,,2,2023-06-15T14:12:05+00:00
SAO_805L-10,São Paulo,3550308,True,,32892,,,-23.5669433125,-46.6497700625,,,,2,2023-06-15T14:12:10+00:00
SAO_805L-10,São Paulo,3550308,True,,32892,,,-23.546972250000003,-46.658325250000004,,,,2,2023-06-15T14:12:08+00:00
SAO_805L-10,São Paulo,3550308,True,,32892,,,-23.5791215,-46.638692500000005,,,,2,2023-06-15T14:12:19+00:00
SAO_9050-10,São Paulo,3550308,True,,34856,,,-23.5702755,-46.691122500000006,,,,2,2023-06-15T14:11:54+00:00
SAO_9050-10,São Paulo,3550308,True,,34856,,,-23.545923000000002,-46.706312499999996,,,,2,2023-06-15T14:12:09+00:00
SAO_9050-10,São Paulo,3550308,True,,34856,,,-23.520775999999998,-46.70046,,,,2,2023-06-15T14:12:01+00:00
SAO_9050-10,São Paulo,3550308,True,,34856,,,-23.519997500000002,-46.6994715,,,,2,2023-06-15T14:11:59+00:00
SAO_6046-10,São Paulo,3550308,True,,1223,,,-23.642169000000003,-46.7244965,,,,1,2023-06-15T14:11:49+00:00
SAO_6046-10,São Paulo,3550308,True,,1223,,,-23.6441275,-46.7428345,,,,1,2023-06-15T14:12:06+00:00
SAO_6046-10,São Paulo,3550308,True,,1223,,,-23.6479635,-46.747952999999995,,,,1,2023-06-15T14:12:19+00:00
SAO_6046-10,São Paulo,3550308,True,,1223,,,-23.647202999999998,-46.747170999999994,,,,1,2023-06-15T14:11:45+00:00
SAO_6046-10,São Paulo,3550308,True,,1223,,,-23.64425125,-46.7439995,,,,1,2023-06-15T14:11:41+00:00
SAO_6046-10,São Paulo,3550308,True,,1223,,,-23.6489975,-46.753725,,,,1,2023-06-15T14:11:50+00:00
SAO_6046-10,São Paulo,3550308,True,,1223,,,-23.650515750000004,-46.756511625,,,,1,2023-06-15T14:12:13+00:00
SAO_6046-10,São Paulo,3550308,True,,1223,,,-23.643682,-46.7423945,,,,1,2023-06-15T14:11:53+00:00
SAO_775F-31,São Paulo,3550308,True,,35256,,,-23.598654500000002,-46.72051999999999,,,,2,2023-06-15T14:11:57+00:00
SAO_775F-31,São Paulo,3550308,True,,35256,,,-23.625434499999997,-46.7480455,,,,2,2023-06-15T14:11:54+00:00
SAO_775F-31,São Paulo,3550308,True,,35256,,,-23.626333250000002,-46.743318,,,,2,2023-06-15T14:12:21+00:00
SAO_775F-31,São Paulo,3550308,True,,35256,,,-23.5857445,-46.688405,,,,2,2023-06-15T14:11:42+00:00
SAO_2770-10,São Paulo,3550308,True,,33011,,,-23.5398295,-46.4212045,,,,2,2023-06-15T14:11:45+00:00
SAO_2770-10,São Paulo,3550308,True,,33011,,,-23.4943805,-46.438734499999995,,,,2,2023-06-15T14:11:03+00:00
SAO_2770-10,São Paulo,3550308,True,,33011,,,-23.539380375,-46.431489625,,,,2,2023-06-15T14:11:38+00:00
SAO_6803-10,São Paulo,3550308,True,BR7 Mobilidade,29,https://moovitapp.com/index/pt-br/transporte_p%C3%BAblico-line-29-Sao_Paulo-242-851856-500111-0,5.75,-23.657441499999997,-46.741730125000004,,,,1,2023-06-15T14:11:39+00:00
SAO_6803-10,São Paulo,3550308,True,BR7 Mobilidade,29,https://moovitapp.com/index/pt-br/transporte_p%C3%BAblico-line-29-Sao_Paulo-242-851856-500111-0,5.75,-23.649803249999998,-46.741255375,,,,1,2023-06-15T14:12:08+00:00
SAO_6803-10,São Paulo,3550308,True,BR7 Mobilidade,29,https://moovitapp.com/index/pt-br/transporte_p%C3%BAblico-line-29-Sao_Paulo-242-851856-500111-0,5.75,-23.642909500000002,-46.7371725,,,,1,2023-06-15T14:12:18+00:00
SAO_6803-10,São Paulo,3550308,True,BR7 Mobilidade,29,https://moovitapp.com/index/pt-br/transporte_p%C3%BAblico-line-29-Sao_Paulo-242-851856-500111-0,5.75,-23.654738000000002,-46.753506,,,,1,2023-06-15T14:12:16+00:00
SAO_178Y-21,São Paulo,3550308,True,,2225,,,-23.478508499999997,-46.632876249999995,,,,1,2023-06-15T14:11:58+00:00
SAO_8023-10,São Paulo,3550308,True,,34842,,,-23.590517875,-46.802538874999996,,,,2,2023-06-15T14:12:00+00:00
SAO_373T-10,São Paulo,3550308,True,,1091,,,-23.5962065,-46.5002515,,,,1,2023-06-15T14:12:21+00:00
SAO_373T-10,São Paulo,3550308,True,,1091,,,-23.586609250000002,-46.5189,,,,1,2023-06-15T14:12:10+00:00
SAO_373T-10,São Paulo,3550308,True,,1091,,,-23.584892,-46.525161499999996,,,,1,2023-06-15T14:12:07+00:00
SAO_373T-10,São Paulo,3550308,True,,1091,,,-23.584394000000003,-46.540505,,,,1,2023-06-15T14:12:13+00:00
SAO_373T-10,São Paulo,3550308,True,,1091,,,-23.585039000000002,-46.524774,,,,1,2023-06-15T14:12:07+00:00
SAO_373T-10,São Paulo,3550308,True,,1091,,,-23.560606875,-46.599290874999994,,,,1,2023-06-15T14:11:57+00:00
SAO_373T-10,São Paulo,3550308,True,,1091,,,-23.5837645,-46.5758365,,,,1,2023-06-15T14:12:21+00:00
SAO_373T-10,São Paulo,3550308,True,,1091,,,-23.593679,-46.498469,,,,1,2023-06-15T14:12:13+00:00
SAO_373T-10,São Paulo,3550308,True,,1091,,,-23.548271,-46.6024605,,,,1,2023-06-15T14:12:09+00:00
SAO_373T-10,São Paulo,3550308,True,,1091,,,-23.598914999999998,-46.5131125,,,,1,2023-06-15T14:12:10+00:00
SAO_373T-10,São Paulo,3550308,True,,1091,,,-23.591445,-46.5302785,,,,1,2023-06-15T14:11:47+00:00
SAO_373T-10,São Paulo,3550308,True,,1091,,,-23.555615000000003,-46.600042,,,,1,2023-06-15T14:11:43+00:00
SAO_373T-10,São Paulo,3550308,True,,1091,,,-23.568817,-46.58844,,,,1,2023-06-15T14:11:39+00:00
SAO_373T-10,São Paulo,3550308,True,,1091,,,-23.581912,-46.552401,,,,1,2023-06-15T14:12:08+00:00
SAO_373T-10,São Paulo,3550308,True,,1091,,,-23.5808755,-46.56085325,,,,1,2023-06-15T14:11:42+00:00
SAO_373T-10,São Paulo,3550308,True,,1091,,,-23.555865500000003,-46.600069000000005,,,,1,2023-06-15T14:11:48+00:00
SAO_373T-10,São Paulo,3550308,True,,1091,,,-23.554064875,-46.5998675,,,,1,2023-06-15T14:12:19+00:00
SAO_7005-51,São Paulo,3550308,True,,1999,,,-23.668696,-46.7730905,,,,1,2023-06-15T14:11:49+00:00
SAO_7005-51,São Paulo,3550308,True,,1999,,,-23.660897,-46.7694405,,,,1,2023-06-15T14:12:19+00:00
SAO_7005-51,São Paulo,3550308,True,,1999,,,-23.725745,-46.7860955,,,,1,2023-06-15T14:12:10+00:00
SAO_7005-51,São Paulo,3550308,True,,1999,,,-23.6848355,-46.7700415,,,,1,2023-06-15T14:12:22+00:00
SAO_6475-10,São Paulo,3550308,True,,1317,,,-23.6390935,-46.737861,,,,1,2023-06-15T14:11:47+00:00
SAO_6475-10,São Paulo,3550308,True,,1317,,,-23.638314,-46.741132,,,,1,2023-06-15T14:11:38+00:00
SAO_6475-10,São Paulo,3550308,True,,1317,,,-23.637232,-46.720438,,,,1,2023-06-15T14:12:12+00:00
SAO_6475-10,São Paulo,3550308,True,,1317,,,-23.656632000000002,-46.7632865,,,,1,2023-06-15T14:11:41+00:00
SAO_6475-10,São Paulo,3550308,True,,1317,,,-23.678536,-46.771983750000004,,,,1,2023-06-15T14:12:20+00:00
SAO_6475-10,São Paulo,3550308,True,,1317,,,-23.62388375,-46.703959,,,,1,2023-06-15T14:12:14+00:00
SAO_6475-10,São Paulo,3550308,True,,1317,,,-23.551541,-46.646641,,,,1,2023-06-15T14:12:23+00:00
SAO_7022-10,São Paulo,3550308,True,,34852,,,-23.6852245,-46.7751985,,,,2,2023-06-15T14:11:51+00:00
SAO_7022-10,São Paulo,3550308,True,,34852,,,-23.685029999999998,-46.7754175,,,,2,2023-06-15T14:11:53+00:00
SAO_7022-10,São Paulo,3550308,True,,34852,,,-23.6585225,-46.706396999999996,,,,2,2023-06-15T14:12:17+00:00
SAO_7022-10,São Paulo,3550308,True,,34852,,,-23.6686835,-46.7338075,,,,2,2023-06-15T14:12:07+00:00
SAO_7022-10,São Paulo,3550308,True,,34852,,,-23.674292,-46.75905,,,,2,2023-06-15T14:12:09+00:00
SAO_178A-10,São Paulo,3550308,True,EMTU,558,https://moovitapp.com/index/pt-br/transporte_p%C3%BAblico-line-558-Sao_Paulo-242-2038937-36419559-0,4.4,-23.5181525,-46.6296665,,,,1,2023-06-15T14:11:53+00:00
SAO_178A-10,São Paulo,3550308,True,EMTU,558,https://moovitapp.com/index/pt-br/transporte_p%C3%BAblico-line-558-Sao_Paulo-242-2038937-36419559-0,4.4,-23.522530000000003,-46.69561375000001,,,,1,2023-06-15T14:11:43+00:00
SAO_178A-10,São Paulo,3550308,True,EMTU,558,https://moovitapp.com/index/pt-br/transporte_p%C3%BAblico-line-558-Sao_Paulo-242-2038937-36419559-0,4.4,-23.512245,-46.62514875,,,,1,2023-06-15T14:12:15+00:00
SAO_857P-10,São Paulo,3550308,True,,1926,,,-23.6285345,-46.7679945,,,,1,2023-06-15T14:12:15+00:00
SAO_857P-10,São Paulo,3550308,True,,1926,,,-23.607356000000003,-46.751155499999996,,,,1,2023-06-15T14:11:50+00:00
SAO_857P-10,São Paulo,3550308,True,,1926,,,-23.559445125000003,-46.658842,,,,1,2023-06-15T14:11:54+00:00
SAO_857P-10,São Paulo,3550308,True,,1926,,,-23.599408250000003,-46.74150425,,,,1,2023-06-15T14:12:08+00:00
SAO_857P-10,São Paulo,3550308,True,,1926,,,-23.57231325,-46.701117499999995,,,,1,2023-06-15T14:12:04+00:00
SAO_857P-10,São Paulo,3550308,True,,1926,,,-23.617261499999998,-46.757682,,,,1,2023-06-15T14:11:59+00:00
SAO_857P-10,São Paulo,3550308,True,,1926,,,-23.5871725,-46.7256855,,,,1,2023-06-15T14:12:17+00:00
SAO_857P-10,São Paulo,3550308,True,,1926,,,-23.57669075,-46.64178875,,,,1,2023-06-15T14:12:06+00:00
SAO_857P-10,São Paulo,3550308,True,,1926,,,-23.564823500000003,-46.67882675,,,,1,2023-06-15T14:12:12+00:00
SAO_407Y-10,São Paulo,3550308,True,,34974,,,-23.570582,-46.490271500000006,,,,2,2023-06-15T14:11:50+00:00
SAO_407Y-10,São Paulo,3550308,True,,34974,,,-23.5726805,-46.505136125,,,,2,2023-06-15T14:09:25+00:00
SAO_8028-10,São Paulo,3550308,True,,35300,,,-23.597602000000002,-46.720149500000005,,,,2,2023-06-15T14:11:46+00:00
SAO_8028-10,São Paulo,3550308,True,,35300,,,-23.6143725,-46.713932,,,,2,2023-06-15T14:11:42+00:00
SAO_8028-10,São Paulo,3550308,True,,35300,,,-23.592896,-46.721468,,,,2,2023-06-15T14:12:01+00:00
SAO_8028-10,São Paulo,3550308,True,,35300,,,-23.616329,-46.712669,,,,2,2023-06-15T14:11:46+00:00
SAO_8028-10,São Paulo,3550308,True,,35300,,,-23.585691,-46.724018,,,,2,2023-06-15T14:11:40+00:00
SAO_5164-21,São Paulo,3550308,True,,1616,,,-23.60020325,-46.634893000000005,,,,1,2023-06-15T14:12:19+00:00
SAO_5164-21,São Paulo,3550308,True,,1616,,,-23.629338500000003,-46.641443,,,,1,2023-06-15T14:12:14+00:00
SAO_5164-21,São Paulo,3550308,True,,1616,,,-23.583121750000004,-46.65512475,,,,1,2023-06-15T14:10:08+00:00
SAO_5164-21,São Paulo,3550308,True,,1616,,,-23.6460145,-46.6522105,,,,1,2023-06-15T14:12:12+00:00
SAO_8027-10,São Paulo,3550308,True,,34930,,,-23.5664725,-46.763062,,,,2,2023-06-15T14:12:02+00:00
SAO_8027-10,São Paulo,3550308,True,,34930,,,-23.571145375,-46.709069125,,,,2,2023-06-15T14:11:42+00:00
SAO_4491-10,São Paulo,3550308,True,EMTU,327,https://moovitapp.com/index/pt-br/transporte_p%C3%BAblico-line-327-Sao_Paulo-242-2038937-36419415-0,5.35,-23.648156999999998,-46.600237,,,,1,2023-06-15T14:11:41+00:00
SAO_4491-10,São Paulo,3550308,True,EMTU,327,https://moovitapp.com/index/pt-br/transporte_p%C3%BAblico-line-327-Sao_Paulo-242-2038937-36419415-0,5.35,-23.653864,-46.613117,,,,1,2023-06-15T14:11:40+00:00
SAO_4491-10,São Paulo,3550308,True,EMTU,327,https://moovitapp.com/index/pt-br/transporte_p%C3%BAblico-line-327-Sao_Paulo-242-2038937-36419415-0,5.35,-23.596134,-46.6217115,,,,1,2023-06-15T14:11:57+00:00
SAO_4491-10,São Paulo,3550308,True,EMTU,327,https://moovitapp.com/index/pt-br/transporte_p%C3%BAblico-line-327-Sao_Paulo-242-2038937-36419415-0,5.35,-23.545441,-46.630475000000004,,,,1,2023-06-15T14:11:54+00:00
SAO_5106-31,São Paulo,3550308,True,,34073,,,-23.601474125000003,-46.641380999999996,,,,2,2023-06-15T14:11:54+00:00
SAO_5106-31,São Paulo,3550308,True,,34073,,,-23.6462985,-46.64081,,,,2,2023-06-15T14:12:05+00:00
SAO_5106-31,São Paulo,3550308,True,,34073,,,-23.6904635,-46.655843000000004,,,,2,2023-06-15T14:09:20+00:00
SAO_3029-10,São Paulo,3550308,True,,966,,,-23.5433835,-46.546713,,,,1,2023-06-15T14:12:03+00:00
SAO_3029-10,São Paulo,3550308,True,,966,,,-23.541129750000003,-46.55422,,,,1,2023-06-15T14:10:39+00:00
SAO_3029-10,São Paulo,3550308,True,,966,,,-23.576368000000002,-46.517998,,,,1,2023-06-15T14:12:00+00:00
SAO_3029-10,São Paulo,3550308,True,,966,,,-23.54353975,-46.5665165,,,,1,2023-06-15T14:11:52+00:00
SAO_3029-10,São Paulo,3550308,True,,966,,,-23.541057000000002,-46.55384275,,,,1,2023-06-15T14:12:14+00:00
SAO_3029-10,São Paulo,3550308,True,,966,,,-23.541131,-46.577207,,,,1,2023-06-15T14:12:14+00:00
SAO_3029-10,São Paulo,3550308,True,,966,,,-23.580184,-46.5082405,,,,1,2023-06-15T14:11:51+00:00
SAO_3029-10,São Paulo,3550308,True,,966,,,-23.558583125000002,-46.541626,,,,1,2023-06-15T14:12:17+00:00
SAO_3029-10,São Paulo,3550308,True,,966,,,-23.576951,-46.5261795,,,,1,2023-06-15T14:12:11+00:00
SAO_3029-10,São Paulo,3550308,True,,966,,,-23.5474525,-46.540394000000006,,,,1,2023-06-15T14:12:10+00:00
SAO_3029-10,São Paulo,3550308,True,,966,,,-23.585262999999998,-46.506369500000005,,,,1,2023-06-15T14:12:12+00:00
SAO_675P-10,São Paulo,3550308,True,STT,275,https://moovitapp.com/index/pt-br/transporte_p%C3%BAblico-line-275-Sao_Paulo-242-850661-183275-0,5.3,-23.658531500000002,-46.656069,,,,1,2023-06-15T14:12:16+00:00
SAO_675P-10,São Paulo,3550308,True,STT,275,https://moovitapp.com/index/pt-br/transporte_p%C3%BAblico-line-275-Sao_Paulo-242-850661-183275-0,5.3,-23.635406,-46.639961,,,,1,2023-06-15T14:12:07+00:00
SAO_675P-10,São Paulo,3550308,True,STT,275,https://moovitapp.com/index/pt-br/transporte_p%C3%BAblico-line-275-Sao_Paulo-242-850661-183275-0,5.3,-23.656727062500003,-46.694886499999996,,,,1,2023-06-15T14:11:50+00:00
SAO_351F-10,São Paulo,3550308,True,,33455,,,-23.464659,-46.5833935,,,,2,2023-06-15T14:09:48+00:00
SAO_351F-10,São Paulo,3550308,True,,33455,,,-23.511219,-46.5867155,,,,2,2023-06-15T14:09:15+00:00
SAO_351F-10,São Paulo,3550308,True,,33455,,,-23.560007,-46.51988275,,,,2,2023-06-15T14:06:30+00:00
SAO_351F-10,São Paulo,3550308,True,,33455,,,-23.545092,-46.573637500000004,,,,2,2023-06-15T14:11:52+00:00
SAO_351F-10,São Paulo,3550308,True,,33455,,,-23.545283749999996,-46.590345625,,,,2,2023-06-15T14:08:42+00:00
SAO_372F-10,São Paulo,3550308,True,,33783,,,-23.549373,-46.605574125000004,,,,2,2023-06-15T14:11:56+00:00
SAO_372F-10,São Paulo,3550308,True,,33783,,,-23.5520035,-46.599284,,,,2,2023-06-15T14:11:40+00:00
SAO_372F-10,São Paulo,3550308,True,,33783,,,-23.551867,-46.599465,,,,2,2023-06-15T14:11:40+00:00
SAO_695V-10,São Paulo,3550308,True,,8,,,-23.596426,-46.650729999999996,,,,1,2023-06-15T14:12:20+00:00
SAO_695V-10,São Paulo,3550308,True,,8,,,-23.582666,-46.6377195,,,,1,2023-06-15T14:11:55+00:00
SAO_695V-10,São Paulo,3550308,True,,8,,,-23.640248,-46.6968045,,,,1,2023-06-15T14:11:57+00:00
SAO_695V-10,São Paulo,3550308,True,,8,,,-23.6490105,-46.7535625,,,,1,2023-06-15T14:11:53+00:00
SAO_695V-10,São Paulo,3550308,True,,8,,,-23.619052749999998,-46.676687125,,,,1,2023-06-15T14:12:12+00:00
SAO_3728-41,São Paulo,3550308,True,,1988,,,-23.5421635,-46.4837615,,,,1,2023-06-15T14:12:00+00:00
SAO_3728-41,São Paulo,3550308,True,,1988,,,-23.540392,-46.485367499999995,,,,1,2023-06-15T14:11:53+00:00
SAO_3141-10,São Paulo,3550308,True,,734,,,-23.544658000000002,-46.594963750000005,,,,1,2023-06-15T14:11:54+00:00
SAO_3141-10,São Paulo,3550308,True,,734,,,-23.573117500000002,-46.562084999999996,,,,1,2023-06-15T14:11:35+00:00
SAO_3141-10,São Paulo,3550308,True,,734,,,-23.556169750000002,-46.576313500000005,,,,1,2023-06-15T14:12:11+00:00
SAO_3141-10,São Paulo,3550308,True,,734,,,-23.573277499999996,-46.5671405,,,,1,2023-06-15T14:11:23+00:00
SAO_3141-10,São Paulo,3550308,True,,734,,,-23.598350500000002,-46.5219465,,,,1,2023-06-15T14:12:12+00:00
SAO_3141-10,São Paulo,3550308,True,,734,,,-23.5585335,-46.577121500000004,,,,1,2023-06-15T14:10:54+00:00
SAO_3141-10,São Paulo,3550308,True,,734,,,-23.5894625,-46.532139,,,,1,2023-06-15T14:11:43+00:00
SAO_6076-10,São Paulo,3550308,True,,33933,,,-23.733666,-46.6772885,,,,2,2023-06-15T14:11:50+00:00
SAO_6076-10,São Paulo,3550308,True,,33933,,,-23.6541835,-46.7090685,,,,2,2023-06-15T14:11:55+00:00
SAO_6076-10,São Paulo,3550308,True,,33933,,,-23.713037999999997,-46.698539999999994,,,,2,2023-06-15T14:12:23+00:00
SAO_6076-10,São Paulo,3550308,True,,33933,,,-23.68804,-46.7018735,,,,2,2023-06-15T14:12:17+00:00
SAO_6076-10,São Paulo,3550308,True,,33933,,,-23.733666,-46.6772885,,,,2,2023-06-15T14:11:38+00:00
SAO_6076-10,São Paulo,3550308,True,,33933,,,-23.733799,-46.6887965,,,,2,2023-06-15T14:11:44+00:00
SAO_6076-10,São Paulo,3550308,True,,33933,,,-23.671397624999997,-46.71557675,,,,2,2023-06-15T14:11:42+00:00
SAO_2769-10,São Paulo,3550308,True,,33165,,,-23.515611,-46.5204235,,,,2,2023-06-15T14:12:15+00:00
SAO_2769-10,São Paulo,3550308,True,,33165,,,-23.490243,-46.4369255,,,,2,2023-06-15T14:09:54+00:00
SAO_3390-10,São Paulo,3550308,True,,738,,,-23.592064999999998,-46.540165,,,,1,2023-06-15T14:12:20+00:00
SAO_3390-10,São Paulo,3550308,True,,738,,,-23.543107,-46.628366,,,,1,2023-06-15T14:12:11+00:00
SAO_3390-10,São Paulo,3550308,True,,738,,,-23.5666075,-46.60139100000001,,,,1,2023-06-15T14:12:06+00:00
SAO_3390-10,São Paulo,3550308,True,,738,,,-23.56760625,-46.59947,,,,1,2023-06-15T14:11:58+00:00
SAO_3390-10,São Paulo,3550308,True,,738,,,-23.608491,-46.506196,,,,1,2023-06-15T14:10:58+00:00
SAO_3390-10,São Paulo,3550308,True,,738,,,-23.56735875,-46.59985,,,,1,2023-06-15T14:12:17+00:00
SAO_3390-10,São Paulo,3550308,True,,738,,,-23.612184499999998,-46.482907499999996,,,,1,2023-06-15T14:12:00+00:00
SAO_3390-10,São Paulo,3550308,True,,738,,,-23.565888,-46.6147955,,,,1,2023-06-15T14:11:56+00:00
SAO_3390-10,São Paulo,3550308,True,,738,,,-23.5796845,-46.571298999999996,,,,1,2023-06-15T14:11:38+00:00
SAO_3390-10,São Paulo,3550308,True,,738,,,-23.563597,-46.619397500000005,,,,1,2023-06-15T14:12:13+00:00
SAO_3390-10,São Paulo,3550308,True,,738,,,-23.6124025,-46.482224,,,,1,2023-06-15T14:11:48+00:00
SAO_5110-10,São Paulo,3550308,True,,2209,,,-23.568081999999997,-46.6090905,,,,1,2023-06-15T14:12:13+00:00
SAO_5110-10,São Paulo,3550308,True,,2209,,,-23.6018125,-46.5247595,,,,1,2023-06-15T14:12:14+00:00
SAO_5110-10,São Paulo,3550308,True,,2209,,,-23.58195775,-46.55725525,,,,1,2023-06-15T14:11:36+00:00
SAO_5110-10,São Paulo,3550308,True,,2209,,,-23.547036,-46.628932,,,,1,2023-06-15T14:11:44+00:00
SAO_5110-10,São Paulo,3550308,True,,2209,,,-23.575028250000003,-46.602601,,,,1,2023-06-15T14:12:16+00:00
SAO_5110-10,São Paulo,3550308,True,,2209,,,-23.61432325,-46.499484249999995,,,,1,2023-06-15T14:11:37+00:00
SAO_5110-10,São Paulo,3550308,True,,2209,,,-23.602178125,-46.522159625,,,,1,2023-06-15T14:12:03+00:00
SAO_5110-10,São Paulo,3550308,True,,2209,,,-23.5841025,-46.585505,,,,1,2023-06-15T14:12:07+00:00
SAO_5110-10,São Paulo,3550308,True,,2209,,,-23.597696,-46.5347875,,,,1,2023-06-15T14:12:01+00:00
SAO_5110-10,São Paulo,3550308,True,,2209,,,-23.547036,-46.628932,,,,1,2023-06-15T14:12:05+00:00
SAO_5110-10,São Paulo,3550308,True,,2209,,,-23.585912,-46.588908,,,,1,2023-06-15T14:11:38+00:00
SAO_5110-10,São Paulo,3550308,True,,2209,,,-23.603330875,-46.51262325,,,,1,2023-06-15T14:11:39+00:00
SAO_5110-10,São Paulo,3550308,True,,2209,,,-23.550915,-46.6267635,,,,1,2023-06-15T14:11:55+00:00
SAO_5110-10,São Paulo,3550308,True,,2209,,,-23.6141145,-46.476496999999995,,,,1,2023-06-15T14:11:59+00:00
SAO_5110-10,São Paulo,3550308,True,,2209,,,-23.613221375000002,-46.503759375,,,,1,2023-06-15T14:12:03+00:00
SAO_5110-10,São Paulo,3550308,True,,2209,,,-23.5816535,-46.559964,,,,1,2023-06-15T14:11:42+00:00
SAO_5110-10,São Paulo,3550308,True,,2209,,,-23.609654499999998,-46.504607,,,,1,2023-06-15T14:08:30+00:00
SAO_5110-10,São Paulo,3550308,True,,2209,,,-23.6028755,-46.514859,,,,1,2023-06-15T14:12:20+00:00
SAO_9008-10,São Paulo,3550308,True,,875,,,-23.427475,-46.7146125,,,,1,2023-06-15T14:12:07+00:00
SAO_9008-10,São Paulo,3550308,True,,875,,,-23.45949,-46.6858405,,,,1,2023-06-15T14:11:34+00:00
SAO_9008-10,São Paulo,3550308,True,,875,,,-23.45925225,-46.689618625,,,,1,2023-06-15T14:11:48+00:00
SAO_9008-10,São Paulo,3550308,True,,875,,,-23.427475,-46.7146125,,,,1,2023-06-15T14:11:51+00:00
SAO_9008-10,São Paulo,3550308,True,,875,,,-23.427475,-46.7146125,,,,1,2023-06-15T14:11:52+00:00
SAO_9008-10,São Paulo,3550308,True,,875,,,-23.4338645,-46.71514,,,,1,2023-06-15T14:11:39+00:00
SAO_9008-10,São Paulo,3550308,True,,875,,,-23.427475,-46.7146125,,,,1,2023-06-15T14:11:48+00:00
SAO_9008-10,São Paulo,3550308,True,,875,,,-23.445667,-46.705163999999996,,,,1,2023-06-15T14:12:18+00:00
SAO_9008-10,São Paulo,3550308,True,,875,,,-23.444501250000002,-46.70529775,,,,1,2023-06-15T14:11:50+00:00
SAO_6010-10,São Paulo,3550308,True,,1202,,,-23.667592,-46.735935999999995,,,,1,2023-06-15T14:12:07+00:00
SAO_6010-10,São Paulo,3550308,True,,1202,,,-23.667592,-46.735935999999995,,,,1,2023-06-15T14:12:08+00:00
SAO_6010-10,São Paulo,3550308,True,,1202,,,-23.66659775,-46.754769249999995,,,,1,2023-06-15T14:11:41+00:00
SAO_6010-10,São Paulo,3550308,True,,1202,,,-23.6625255,-46.742566,,,,1,2023-06-15T14:12:17+00:00
SAO_6010-10,São Paulo,3550308,True,,1202,,,-23.6598825,-46.7705665,,,,1,2023-06-15T14:12:04+00:00
SAO_6010-10,São Paulo,3550308,True,,1202,,,-23.672441499999998,-46.7875225,,,,1,2023-06-15T14:12:19+00:00
SAO_6010-10,São Paulo,3550308,True,,1202,,,-23.669559749999998,-46.765223750000004,,,,1,2023-06-15T14:12:12+00:00
SAO_6010-10,São Paulo,3550308,True,,1202,,,-23.686659249999998,-46.79546175,,,,1,2023-06-15T14:11:40+00:00
SAO_2709-31,São Paulo,3550308,True,,33691,,,-23.529382,-46.50029325,,,,2,2023-06-15T14:12:08+00:00
SAO_2709-31,São Paulo,3550308,True,,33691,,,-23.5305725,-46.4902935,,,,2,2023-06-15T14:12:06+00:00
SAO_2709-31,São Paulo,3550308,True,,33691,,,-23.530810250000002,-46.487219499999995,,,,2,2023-06-15T14:12:12+00:00
SAO_2709-31,São Paulo,3550308,True,,33691,,,-23.529382,-46.50029325,,,,2,2023-06-15T14:11:47+00:00
SAO_6013-10,São Paulo,3550308,True,,32954,,,-23.6995785,-46.763411500000004,,,,2,2023-06-15T14:06:28+00:00
SAO_6013-10,São Paulo,3550308,True,,32954,,,-23.699185,-46.7630965,,,,2,2023-06-15T14:12:02+00:00
SAO_6013-10,São Paulo,3550308,True,,32954,,,-23.654,-46.7111995,,,,2,2023-06-15T14:12:09+00:00
SAO_6013-10,São Paulo,3550308,True,,32954,,,-23.648609125,-46.722345875,,,,2,2023-06-15T14:11:58+00:00
SAO_6013-10,São Paulo,3550308,True,,32954,,,-23.693999,-46.7794125,,,,2,2023-06-15T14:11:29+00:00
SAO_4491-10,São Paulo,3550308,True,,33095,,,-23.5473415,-46.629296499999995,,,,2,2023-06-15T14:11:57+00:00
SAO_4491-10,São Paulo,3550308,True,,33095,,,-23.655177000000002,-46.6062425,,,,2,2023-06-15T14:11:45+00:00
SAO_4491-10,São Paulo,3550308,True,,33095,,,-23.61179,-46.6280725,,,,2,2023-06-15T14:11:39+00:00
SAO_5015-10,São Paulo,3550308,True,,1119,,,-23.669442500000002,-46.6369565,,,,1,2023-06-15T14:11:54+00:00
SAO_5015-10,São Paulo,3550308,True,,1119,,,-23.6774235,-46.65841775,,,,1,2023-06-15T14:11:08+00:00
SAO_5015-10,São Paulo,3550308,True,,1119,,,-23.676318000000002,-46.659996,,,,1,2023-06-15T14:11:54+00:00
SAO_5015-10,São Paulo,3550308,True,,1119,,,-23.6776805,-46.65809725,,,,1,2023-06-15T14:08:14+00:00
SAO_5015-10,São Paulo,3550308,True,,1119,,,-23.689151,-46.663377999999994,,,,1,2023-06-15T14:11:38+00:00
SAO_917M-31,São Paulo,3550308,True,,1367,,,-23.504904,-46.6898445,,,,1,2023-06-15T14:12:21+00:00
SAO_917M-31,São Paulo,3550308,True,,1367,,,-23.5455145,-46.6683855,,,,1,2023-06-15T14:12:05+00:00
SAO_917M-31,São Paulo,3550308,True,,1367,,,-23.522087624999998,-46.6635535,,,,1,2023-06-15T14:12:17+00:00
SAO_6063-10,São Paulo,3550308,True,,1152,,,-23.783673,-46.6827105,,,,1,2023-06-15T14:12:11+00:00
SAO_6063-10,São Paulo,3550308,True,,1152,,,-23.786015,-46.684449,,,,1,2023-06-15T14:12:17+00:00
SAO_6063-10,São Paulo,3550308,True,,1152,,,-23.767376,-46.716275499999995,,,,1,2023-06-15T14:11:51+00:00
SAO_6063-10,São Paulo,3550308,True,,1152,,,-23.783673,-46.6827105,,,,1,2023-06-15T14:11:52+00:00
SAO_6063-10,São Paulo,3550308,True,,1152,,,-23.7727045,-46.701348,,,,1,2023-06-15T14:12:16+00:00
SAO_3742-10,São Paulo,3550308,True,,1042,,,-23.5422665,-46.470055,,,,1,2023-06-15T14:11:42+00:00
SAO_3742-10,São Paulo,3550308,True,,1042,,,-23.536924499999998,-46.453755,,,,1,2023-06-15T14:12:09+00:00
SAO_3742-10,São Paulo,3550308,True,,1042,,,-23.5967595,-46.4356695,,,,1,2023-06-15T14:11:51+00:00
SAO_3742-10,São Paulo,3550308,True,,1042,,,-23.594618,-46.443891,,,,1,2023-06-15T14:12:04+00:00
SAO_3742-10,São Paulo,3550308,True,,1042,,,-23.569633,-46.446982500000004,,,,1,2023-06-15T14:12:01+00:00
SAO_3742-10,São Paulo,3550308,True,,1042,,,-23.542457374999998,-46.4498265,,,,1,2023-06-15T14:12:06+00:00
SAO_6960-10,São Paulo,3550308,True,,1443,,,-23.76764575,-46.717001249999996,,,,1,2023-06-15T14:11:41+00:00
SAO_6960-10,São Paulo,3550308,True,,1443,,,-23.670801750000003,-46.71206925,,,,1,2023-06-15T14:08:14+00:00
SAO_6960-10,São Paulo,3550308,True,,1443,,,-23.67981125,-46.712841624999996,,,,1,2023-06-15T14:11:51+00:00
SAO_6960-10,São Paulo,3550308,True,,1443,,,-23.766952500000002,-46.7161155,,,,1,2023-06-15T14:11:47+00:00
SAO_6960-10,São Paulo,3550308,True,,1443,,,-23.751314999999998,-46.710595999999995,,,,1,2023-06-15T14:11:55+00:00
SAO_6960-10,São Paulo,3550308,True,,1443,,,-23.717588499999998,-46.6995085,,,,1,2023-06-15T14:12:10+00:00
SAO_6960-10,São Paulo,3550308,True,,1443,,,-23.735523,-46.699087000000006,,,,1,2023-06-15T14:12:09+00:00
SAO_6960-10,São Paulo,3550308,True,,1443,,,-23.717588499999998,-46.6995085,,,,1,2023-06-15T14:12:17+00:00
SAO_6960-10,São Paulo,3550308,True,,1443,,,-23.671842374999997,-46.712123625000004,,,,1,2023-06-15T14:12:07+00:00
SAO_4027-10,São Paulo,3550308,True,,1097,,,-23.641898,-46.438882500000005,,,,1,2023-06-15T14:11:53+00:00
SAO_4027-10,São Paulo,3550308,True,,1097,,,-23.602150625,-46.482904125,,,,1,2023-06-15T14:12:22+00:00
SAO_4027-10,São Paulo,3550308,True,,1097,,,-23.6359035,-46.444512,,,,1,2023-06-15T14:11:49+00:00
SAO_4027-10,São Paulo,3550308,True,,1097,,,-23.6123985,-46.4752955,,,,1,2023-06-15T14:11:54+00:00
SAO_4027-10,São Paulo,3550308,True,,1097,,,-23.621558,-46.451719,,,,1,2023-06-15T14:12:02+00:00
SAO_4027-10,São Paulo,3550308,True,,1097,,,-23.641877,-46.439374,,,,1,2023-06-15T14:12:08+00:00
SAO_4027-10,São Paulo,3550308,True,,1097,,,-23.633248000000002,-46.4428945,,,,1,2023-06-15T14:11:56+00:00
SAO_4027-10,São Paulo,3550308,True,,1097,,,-23.610713,-46.476423624999995,,,,1,2023-06-15T14:11:39+00:00
SAO_4027-10,São Paulo,3550308,True,,1097,,,-23.625261000000002,-46.446093000000005,,,,1,2023-06-15T14:12:18+00:00
SAO_178L-10,São Paulo,3550308,True,EMTU,560,https://moovitapp.com/index/pt-br/transporte_p%C3%BAblico-line-560-Sao_Paulo-242-2038937-36419561-0,6.2,-23.477991250000002,-46.644829,,,,1,2023-06-15T14:12:17+00:00
SAO_178L-10,São Paulo,3550308,True,EMTU,560,https://moovitapp.com/index/pt-br/transporte_p%C3%BAblico-line-560-Sao_Paulo-242-2038937-36419561-0,6.2,-23.52228575,-46.65115900000001,,,,1,2023-06-15T14:12:00+00:00
SAO_178L-10,São Paulo,3550308,True,EMTU,560,https://moovitapp.com/index/pt-br/transporte_p%C3%BAblico-line-560-Sao_Paulo-242-2038937-36419561-0,6.2,-23.4889625,-46.636969,,,,1,2023-06-15T14:12:12+00:00
SAO_178L-10,São Paulo,3550308,True,EMTU,560,https://moovitapp.com/index/pt-br/transporte_p%C3%BAblico-line-560-Sao_Paulo-242-2038937-36419561-0,6.2,-23.535358125,-46.65053425000001,,,,1,2023-06-15T14:11:40+00:00
SAO_178L-10,São Paulo,3550308,True,EMTU,560,https://moovitapp.com/index/pt-br/transporte_p%C3%BAblico-line-560-Sao_Paulo-242-2038937-36419561-0,6.2,-23.5039155,-46.62949425,,,,1,2023-06-15T14:12:05+00:00
SAO_178L-10,São Paulo,3550308,True,EMTU,560,https://moovitapp.com/index/pt-br/transporte_p%C3%BAblico-line-560-Sao_Paulo-242-2038937-36419561-0,6.2,-23.5076695,-46.6507175,,,,1,2023-06-15T14:12:00+00:00
SAO_178L-10,São Paulo,3550308,True,EMTU,560,https://moovitapp.com/index/pt-br/transporte_p%C3%BAblico-line-560-Sao_Paulo-242-2038937-36419561-0,6.2,-23.5074525,-46.649716999999995,,,,1,2023-06-15T14:11:37+00:00
SAO_178L-10,São Paulo,3550308,True,EMTU,560,https://moovitapp.com/index/pt-br/transporte_p%C3%BAblico-line-560-Sao_Paulo-242-2038937-36419561-0,6.2,-23.5014265,-46.626054499999995,,,,1,2023-06-15T14:11:53+00:00
SAO_178L-10,São Paulo,3550308,True,EMTU,560,https://moovitapp.com/index/pt-br/transporte_p%C3%BAblico-line-560-Sao_Paulo-242-2038937-36419561-0,6.2,-23.55165475,-46.657360749999995,,,,1,2023-06-15T14:12:03+00:00
SAO_178L-10,São Paulo,3550308,True,EMTU,560,https://moovitapp.com/index/pt-br/transporte_p%C3%BAblico-line-560-Sao_Paulo-242-2038937-36419561-0,6.2,-23.53435325,-46.644056,,,,1,2023-06-15T14:11:54+00:00
SAO_675K-10,São Paulo,3550308,True,EMTU,198,https://moovitapp.com/index/pt-br/transporte_p%C3%BAblico-line-198-Sao_Paulo-242-2038937-59811937-0,6.35,-23.596312250000004,-46.655273750000006,,,,1,2023-06-15T14:12:01+00:00
SAO_675K-10,São Paulo,3550308,True,EMTU,198,https://moovitapp.com/index/pt-br/transporte_p%C3%BAblico-line-198-Sao_Paulo-242-2038937-59811937-0,6.35,-23.5986855625,-46.657497687500005,,,,1,2023-06-15T14:12:13+00:00
SAO_675K-10,São Paulo,3550308,True,EMTU,198,https://moovitapp.com/index/pt-br/transporte_p%C3%BAblico-line-198-Sao_Paulo-242-2038937-59811937-0,6.35,-23.665815000000002,-46.7117615,,,,1,2023-06-15T14:09:19+00:00
SAO_675K-10,São Paulo,3550308,True,EMTU,198,https://moovitapp.com/index/pt-br/transporte_p%C3%BAblico-line-198-Sao_Paulo-242-2038937-59811937-0,6.35,-23.609559062499997,-46.667714375,,,,1,2023-06-15T14:12:04+00:00
SAO_675K-10,São Paulo,3550308,True,EMTU,198,https://moovitapp.com/index/pt-br/transporte_p%C3%BAblico-line-198-Sao_Paulo-242-2038937-59811937-0,6.35,-23.596544375,-46.649333375,,,,1,2023-06-15T14:12:12+00:00
SAO_675K-10,São Paulo,3550308,True,EMTU,198,https://moovitapp.com/index/pt-br/transporte_p%C3%BAblico-line-198-Sao_Paulo-242-2038937-59811937-0,6.35,-23.674507,-46.747420375000004,,,,1,2023-06-15T14:11:52+00:00
SAO_675K-10,São Paulo,3550308,True,EMTU,198,https://moovitapp.com/index/pt-br/transporte_p%C3%BAblico-line-198-Sao_Paulo-242-2038937-59811937-0,6.35,-23.62561,-46.682781000000006,,,,1,2023-06-15T14:12:16+00:00
SAO_675K-10,São Paulo,3550308,True,EMTU,198,https://moovitapp.com/index/pt-br/transporte_p%C3%BAblico-line-198-Sao_Paulo-242-2038937-59811937-0,6.35,-23.666582249999998,-46.7199495,,,,1,2023-06-15T14:12:09+00:00
SAO_675K-10,São Paulo,3550308,True,EMTU,198,https://moovitapp.com/index/pt-br/transporte_p%C3%BAblico-line-198-Sao_Paulo-242-2038937-59811937-0,6.35,-23.651411375,-46.705074374999995,,,,1,2023-06-15T14:12:18+00:00
SAO_675K-10,São Paulo,3550308,True,EMTU,198,https://moovitapp.com/index/pt-br/transporte_p%C3%BAblico-line-198-Sao_Paulo-242-2038937-59811937-0,6.35,-23.68683775,-46.771108749999996,,,,1,2023-06-15T14:11:58+00:00
SAO_675K-10,São Paulo,3550308,True,EMTU,198,https://moovitapp.com/index/pt-br/transporte_p%C3%BAblico-line-198-Sao_Paulo-242-2038937-59811937-0,6.35,-23.609755937499997,-46.667901625,,,,1,2023-06-15T14:12:14+00:00
SAO_675K-10,São Paulo,3550308,True,EMTU,198,https://moovitapp.com/index/pt-br/transporte_p%C3%BAblico-line-198-Sao_Paulo-242-2038937-59811937-0,6.35,-23.596826749999998,-46.646049375000004,,,,1,2023-06-15T14:12:00+00:00
SAO_675K-10,São Paulo,3550308,True,EMTU,198,https://moovitapp.com/index/pt-br/transporte_p%C3%BAblico-line-198-Sao_Paulo-242-2038937-59811937-0,6.35,-23.646330562499998,-46.701522062500004,,,,1,2023-06-15T14:12:15+00:00
SAO_675K-10,São Paulo,3550308,True,EMTU,198,https://moovitapp.com/index/pt-br/transporte_p%C3%BAblico-line-198-Sao_Paulo-242-2038937-59811937-0,6.35,-23.6672725,-46.7269555,,,,1,2023-06-15T14:11:35+00:00
SAO_675K-10,São Paulo,3550308,True,EMTU,198,https://moovitapp.com/index/pt-br/transporte_p%C3%BAblico-line-198-Sao_Paulo-242-2038937-59811937-0,6.35,-23.677301,-46.7595535,,,,1,2023-06-15T14:11:26+00:00
SAO_4027-41,São Paulo,3550308,True,,35077,,,-23.625851125,-46.4449245,,,,2,2023-06-15T14:12:04+00:00
SAO_4027-41,São Paulo,3550308,True,,35077,,,-23.638209500000002,-46.437941,,,,2,2023-06-15T14:11:43+00:00
SAO_809R-10,São Paulo,3550308,True,,2067,,,-23.569889000000003,-46.697604749999996,,,,1,2023-06-15T14:12:13+00:00
SAO_809R-10,São Paulo,3550308,True,,2067,,,-23.5736395,-46.73643625,,,,1,2023-06-15T14:12:15+00:00
SAO_809R-10,São Paulo,3550308,True,,2067,,,-23.574828,-46.76181725,,,,1,2023-06-15T14:12:15+00:00
SAO_4284-10,São Paulo,3550308,True,EMTU,289,https://moovitapp.com/index/pt-br/transporte_p%C3%BAblico-line-289-Sao_Paulo-242-2038937-36419390-0,5.1,-23.5960975,-46.5701145,,,,1,2023-06-15T14:11:55+00:00
SAO_403A-10,São Paulo,3550308,True,,34960,,,-23.544618,-46.435395,,,,2,2023-06-15T14:11:46+00:00
SAO_403A-10,São Paulo,3550308,True,,34960,,,-23.540297,-46.431876,,,,2,2023-06-15T14:11:50+00:00
SAO_403A-10,São Paulo,3550308,True,,34960,,,-23.5507025,-46.436319999999995,,,,2,2023-06-15T14:12:15+00:00
SAO_403A-10,São Paulo,3550308,True,,34960,,,-23.5545775,-46.4827195,,,,2,2023-06-15T14:11:46+00:00
SAO_403A-10,São Paulo,3550308,True,,34960,,,-23.530029499999998,-46.528456000000006,,,,2,2023-06-15T14:12:21+00:00
SAO_403A-10,São Paulo,3550308,True,,34960,,,-23.527688687500003,-46.555268187500005,,,,2,2023-06-15T14:11:49+00:00
SAO_6835-10,São Paulo,3550308,True,,32780,,,-23.6875135,-46.800892000000005,,,,2,2023-06-15T14:11:39+00:00
SAO_6835-10,São Paulo,3550308,True,,32780,,,-23.6733335,-46.773441,,,,2,2023-06-15T14:12:15+00:00
SAO_6835-10,São Paulo,3550308,True,,32780,,,-23.685188,-46.8001995,,,,2,2023-06-15T14:12:02+00:00
SAO_3046-10,São Paulo,3550308,True,,971,,,-23.556323749999997,-46.57162275,,,,1,2023-06-15T14:12:07+00:00
SAO_3046-10,São Paulo,3550308,True,,971,,,-23.583271250000003,-46.54339475,,,,1,2023-06-15T14:11:56+00:00
SAO_3046-10,São Paulo,3550308,True,,971,,,-23.554550749999997,-46.572886749999995,,,,1,2023-06-15T14:08:49+00:00
SAO_3046-10,São Paulo,3550308,True,,971,,,-23.576974,-46.5511355,,,,1,2023-06-15T14:11:43+00:00
SAO_3046-10,São Paulo,3550308,True,,971,,,-23.557547125,-46.572419249999996,,,,1,2023-06-15T14:11:48+00:00
SAO_3046-10,São Paulo,3550308,True,,971,,,-23.57133125,-46.5659435,,,,1,2023-06-15T14:12:20+00:00
SAO_3046-10,São Paulo,3550308,True,,971,,,-23.558011625,-46.57266425,,,,1,2023-06-15T14:12:16+00:00
SAO_3046-10,São Paulo,3550308,True,,971,,,-23.5817345,-46.5369235,,,,1,2023-06-15T14:11:59+00:00
SAO_3046-10,São Paulo,3550308,True,,971,,,-23.57140825,-46.565551,,,,1,2023-06-15T14:12:18+00:00
SAO_3046-10,São Paulo,3550308,True,,971,,,-23.569063,-46.568594,,,,1,2023-06-15T14:11:38+00:00
SAO_2018-10,São Paulo,3550308,True,,904,,,-23.494522,-46.425334250000006,,,,1,2023-06-15T14:12:13+00:00
SAO_2018-10,São Paulo,3550308,True,,904,,,-23.5098415,-46.4125965,,,,1,2023-06-15T14:12:01+00:00
SAO_2018-10,São Paulo,3550308,True,,904,,,-23.5002425,-46.4209075,,,,1,2023-06-15T14:12:11+00:00
SAO_2018-10,São Paulo,3550308,True,,904,,,-23.4909655,-46.442477499999995,,,,1,2023-06-15T14:06:31+00:00
SAO_2626-10,São Paulo,3550308,True,,33144,,,-23.537631,-46.596464125000004,,,,2,2023-06-15T14:12:16+00:00
SAO_2626-10,São Paulo,3550308,True,,33144,,,-23.533102,-46.56396925,,,,2,2023-06-15T14:12:15+00:00
SAO_2626-10,São Paulo,3550308,True,,33144,,,-23.511284500000002,-46.5001645,,,,2,2023-06-15T14:12:01+00:00
SAO_2626-10,São Paulo,3550308,True,,33144,,,-23.5104505,-46.407865,,,,2,2023-06-15T14:11:29+00:00
SAO_2626-10,São Paulo,3550308,True,,33144,,,-23.523301,-46.4105365,,,,2,2023-06-15T14:12:10+00:00
SAO_2626-10,São Paulo,3550308,True,,33144,,,-23.49155975,-46.44657925,,,,2,2023-06-15T14:12:10+00:00
SAO_2626-10,São Paulo,3550308,True,,33144,,,-23.493734,-46.440037000000004,,,,2,2023-06-15T14:10:36+00:00
SAO_4709-10,São Paulo,3550308,True,,333,,,-23.5971315,-46.630190999999996,,,,1,2023-06-15T14:10:40+00:00
SAO_4709-10,São Paulo,3550308,True,,333,,,-23.615028000000002,-46.604774,,,,1,2023-06-15T14:12:03+00:00
SAO_4709-10,São Paulo,3550308,True,,333,,,-23.652523000000002,-46.608846,,,,1,2023-06-15T14:12:05+00:00
SAO_5013-10,São Paulo,3550308,True,,1117,,,-23.670507,-46.6779885,,,,1,2023-06-15T14:11:45+00:00
SAO_5013-10,São Paulo,3550308,True,,1117,,,-23.6711165,-46.67788924999999,,,,1,2023-06-15T14:12:03+00:00
SAO_5013-10,São Paulo,3550308,True,,1117,,,-23.6763875,-46.62831,,,,1,2023-06-15T14:07:50+00:00
SAO_5013-10,São Paulo,3550308,True,,1117,,,-23.682060999999997,-46.633000499999994,,,,1,2023-06-15T14:11:52+00:00
SAO_5013-10,São Paulo,3550308,True,,1117,,,-23.6865375,-46.6380315,,,,1,2023-06-15T14:10:42+00:00
SAO_5013-10,São Paulo,3550308,True,,1117,,,-23.680691,-46.6418975,,,,1,2023-06-15T14:07:28+00:00
SAO_5013-10,São Paulo,3550308,True,,1117,,,-23.6774235,-46.65841775,,,,1,2023-06-15T14:11:59+00:00
SAO_5013-10,São Paulo,3550308,True,,1117,,,-23.654705749999998,-46.70295675,,,,1,2023-06-15T14:12:04+00:00
SAO_5013-10,São Paulo,3550308,True,,1117,,,-23.654280999999997,-46.70443349999999,,,,1,2023-06-15T14:12:10+00:00
SAO_5013-10,São Paulo,3550308,True,,1117,,,-23.664935,-46.69079225,,,,1,2023-06-15T14:11:39+00:00
SAO_5013-10,São Paulo,3550308,True,,1117,,,-23.682060999999997,-46.633000499999994,,,,1,2023-06-15T14:12:01+00:00
SAO_9009-10,São Paulo,3550308,True,,877,,,-23.459804999999996,-46.68515025,,,,1,2023-06-15T14:11:49+00:00
SAO_9009-10,São Paulo,3550308,True,,877,,,-23.435938,-46.7146175,,,,1,2023-06-15T14:12:09+00:00
SAO_9009-10,São Paulo,3550308,True,,877,,,-23.45949,-46.6858405,,,,1,2023-06-15T14:11:48+00:00
SAO_9009-10,São Paulo,3550308,True,,877,,,-23.447921,-46.708813500000005,,,,1,2023-06-15T14:12:01+00:00
SAO_9009-10,São Paulo,3550308,True,,877,,,-23.444535000000002,-46.7139585,,,,1,2023-06-15T14:11:54+00:00
SAO_9009-10,São Paulo,3550308,True,,877,,,-23.435926125,-46.717727625,,,,1,2023-06-15T14:12:01+00:00
SAO_9009-10,São Paulo,3550308,True,,877,,,-23.447619500000002,-46.7088905,,,,1,2023-06-15T14:12:11+00:00
SAO_9009-10,São Paulo,3550308,True,,877,,,-23.4528515,-46.699654499999994,,,,1,2023-06-15T14:11:53+00:00
SAO_9009-10,São Paulo,3550308,True,,877,,,-23.45925225,-46.689618625,,,,1,2023-06-15T14:11:51+00:00
SAO_627J-10,São Paulo,3550308,True,,2056,,,-23.682060999999997,-46.633000499999994,,,,1,2023-06-15T14:12:11+00:00
SAO_627J-10,São Paulo,3550308,True,,2056,,,-23.6301705,-46.6466845,,,,1,2023-06-15T14:12:20+00:00
SAO_627J-10,São Paulo,3550308,True,,2056,,,-23.6693425,-46.633089,,,,1,2023-06-15T14:11:57+00:00
SAO_627J-10,São Paulo,3550308,True,,2056,,,-23.641469999999998,-46.641408,,,,1,2023-06-15T14:11:50+00:00
SAO_627J-10,São Paulo,3550308,True,,2056,,,-23.62733725,-46.64241725,,,,1,2023-06-15T14:11:58+00:00
SAO_627J-10,São Paulo,3550308,True,,2056,,,-23.663682,-46.637802,,,,1,2023-06-15T14:11:57+00:00
SAO_6001-10,São Paulo,3550308,True,,32820,,,-23.64450025,-46.7264155,,,,2,2023-06-15T14:11:48+00:00
SAO_6001-10,São Paulo,3550308,True,,32820,,,-23.654408500000002,-46.762060999999996,,,,2,2023-06-15T14:11:55+00:00
SAO_271A-51,São Paulo,3550308,True,,703,,,-23.52237525,-46.55904275,,,,1,2023-06-15T14:10:27+00:00
SAO_271A-51,São Paulo,3550308,True,,703,,,-23.51439,-46.54587,,,,1,2023-06-15T14:11:55+00:00
SAO_271A-51,São Paulo,3550308,True,,703,,,-23.502815,-46.623698,,,,1,2023-06-15T14:11:43+00:00
SAO_271A-51,São Paulo,3550308,True,,703,,,-23.4914625,-46.585111999999995,,,,1,2023-06-15T14:12:00+00:00
SAO_271A-51,São Paulo,3550308,True,,703,,,-23.505299,-46.572658,,,,1,2023-06-15T14:11:45+00:00
SAO_4221-10,São Paulo,3550308,True,,325,,,-23.6015145,-46.532292999999996,,,,1,2023-06-15T14:10:16+00:00
SAO_4221-10,São Paulo,3550308,True,,325,,,-23.553064,-46.62538,,,,1,2023-06-15T14:12:06+00:00
SAO_4221-10,São Paulo,3550308,True,,325,,,-23.5814345,-46.586363500000004,,,,1,2023-06-15T14:10:51+00:00
SAO_4221-10,São Paulo,3550308,True,,325,,,-23.597359500000003,-46.564299625000004,,,,1,2023-06-15T14:11:48+00:00
SAO_475M-10,São Paulo,3550308,True,EMTU,343,https://moovitapp.com/index/pt-br/transporte_p%C3%BAblico-line-343-Sao_Paulo-242-2038937-36419427-0,5.15,-23.595881,-46.61703,,,,1,2023-06-15T14:12:18+00:00
SAO_475M-10,São Paulo,3550308,True,EMTU,343,https://moovitapp.com/index/pt-br/transporte_p%C3%BAblico-line-343-Sao_Paulo-242-2038937-36419427-0,5.15,-23.544498750000002,-46.6466005,,,,1,2023-06-15T14:12:11+00:00
SAO_8072-10,São Paulo,3550308,True,,2079,,,-23.6063415,-46.7480385,,,,1,2023-06-15T14:12:03+00:00
SAO_8072-10,São Paulo,3550308,True,,2079,,,-23.620141750000002,-46.757852375,,,,1,2023-06-15T14:12:21+00:00
SAO_8072-10,São Paulo,3550308,True,,2079,,,-23.6076245,-46.751262,,,,1,2023-06-15T14:12:20+00:00
SAO_8072-10,São Paulo,3550308,True,,2079,,,-23.640641000000002,-46.7614705,,,,1,2023-06-15T14:12:22+00:00
SAO_4092-10,São Paulo,3550308,True,,1876,,,-23.5837095,-46.421456,,,,1,2023-06-15T14:11:39+00:00
SAO_4092-10,São Paulo,3550308,True,,1876,,,-23.582991999999997,-46.4079,,,,1,2023-06-15T14:12:14+00:00
SAO_372F-10,São Paulo,3550308,True,,1015,,,-23.54684,-46.600568499999994,,,,1,2023-06-15T14:11:58+00:00
SAO_372F-10,São Paulo,3550308,True,,1015,,,-23.54634425,-46.60539125,,,,1,2023-06-15T14:11:54+00:00
SAO_475M-10,São Paulo,3550308,True,,33111,,,-23.585369500000002,-46.62782675,,,,2,2023-06-15T14:12:14+00:00
SAO_1785-10,São Paulo,3550308,True,,1816,,,-23.4783895,-46.623251499999995,,,,1,2023-06-15T14:12:09+00:00
SAO_1785-10,São Paulo,3550308,True,,1816,,,-23.48038375,-46.627487,,,,1,2023-06-15T14:12:09+00:00
SAO_5034-31,São Paulo,3550308,True,,34432,,,-23.639317499999997,-46.607468,,,,2,2023-06-15T14:12:08+00:00
SAO_5034-31,São Paulo,3550308,True,,34432,,,-23.642933,-46.605658500000004,,,,2,2023-06-15T14:12:12+00:00
SAO_5034-31,São Paulo,3550308,True,,34432,,,-23.653017,-46.6011155,,,,2,2023-06-15T14:12:07+00:00
SAO_5034-31,São Paulo,3550308,True,,34432,,,-23.614981,-46.601113749999996,,,,2,2023-06-15T14:12:06+00:00
SAO_5034-31,São Paulo,3550308,True,,34432,,,-23.62185275,-46.60372425,,,,2,2023-06-15T14:11:38+00:00
SAO_5034-31,São Paulo,3550308,True,,34432,,,-23.624258,-46.601794,,,,2,2023-06-15T14:12:11+00:00
SAO_5034-31,São Paulo,3550308,True,,34432,,,-23.6028795,-46.601814000000005,,,,2,2023-06-15T14:11:44+00:00
SAO_5024-10,São Paulo,3550308,True,,1122,,,-23.689822,-46.661465,,,,1,2023-06-15T14:11:37+00:00
SAO_5024-10,São Paulo,3550308,True,,1122,,,-23.653818,-46.704584,,,,1,2023-06-15T14:12:21+00:00
SAO_5024-10,São Paulo,3550308,True,,1122,,,-23.66706425,-46.689911499999994,,,,1,2023-06-15T14:12:16+00:00
SAO_5024-10,São Paulo,3550308,True,,1122,,,-23.660213499999998,-46.6960475,,,,1,2023-06-15T14:11:51+00:00
SAO_2021-10,São Paulo,3550308,True,,33674,,,-23.544535,-46.389844,,,,2,2023-06-15T14:12:13+00:00
SAO_2021-10,São Paulo,3550308,True,,33674,,,-23.544623,-46.390209999999996,,,,2,2023-06-15T14:11:34+00:00
SAO_2021-10,São Paulo,3550308,True,,33674,,,-23.53862075,-46.396811625,,,,2,2023-06-15T14:10:48+00:00
SAO_2021-10,São Paulo,3550308,True,,33674,,,-23.5417215,-46.416351500000005,,,,2,2023-06-15T14:11:58+00:00
SAO_2021-10,São Paulo,3550308,True,,33674,,,-23.5425065,-46.39385,,,,2,2023-06-15T14:12:15+00:00
SAO_2021-10,São Paulo,3550308,True,,33674,,,-23.541711,-46.416456499999995,,,,2,2023-06-15T14:10:26+00:00
SAO_2716-10,São Paulo,3550308,True,,33697,,,-23.508369000000002,-46.5314175,,,,2,2023-06-15T14:12:02+00:00
SAO_2716-10,São Paulo,3550308,True,,33697,,,-23.5222965,-46.5403565,,,,2,2023-06-15T14:12:02+00:00
SAO_2716-10,São Paulo,3550308,True,,33697,,,-23.5127405,-46.5370795,,,,2,2023-06-15T14:12:07+00:00
SAO_2716-10,São Paulo,3550308,True,,33697,,,-23.508582,-46.53348,,,,2,2023-06-15T14:12:00+00:00
SAO_172P-10,São Paulo,3550308,True,,33626,,,-23.43905,-46.5802925,,,,2,2023-06-15T14:09:37+00:00
SAO_172P-10,São Paulo,3550308,True,,33626,,,-23.467872,-46.5833195,,,,2,2023-06-15T14:12:20+00:00
SAO_172P-10,São Paulo,3550308,True,,33626,,,-23.4378765,-46.5662585,,,,2,2023-06-15T14:12:16+00:00
SAO_172P-10,São Paulo,3550308,True,,33626,,,-23.4804015,-46.58102675,,,,2,2023-06-15T14:08:59+00:00
SAO_172P-10,São Paulo,3550308,True,,33626,,,-23.529571,-46.5984615,,,,2,2023-06-15T14:09:40+00:00
SAO_172P-10,São Paulo,3550308,True,,33626,,,-23.44310575,-46.5899405,,,,2,2023-06-15T14:11:38+00:00
SAO_172P-10,São Paulo,3550308,True,,33626,,,-23.43948075,-46.57190325,,,,2,2023-06-15T14:07:57+00:00
SAO_172P-10,São Paulo,3550308,True,,33626,,,-23.43757025,-46.56626125,,,,2,2023-06-15T14:12:20+00:00
SAO_407Y-10,São Paulo,3550308,True,,2206,,,-23.5712825,-46.54863,,,,1,2023-06-15T14:12:18+00:00
SAO_407Y-10,São Paulo,3550308,True,,2206,,,-23.5703855,-46.489906500000004,,,,1,2023-06-15T14:11:57+00:00
SAO_407Y-10,São Paulo,3550308,True,,2206,,,-23.576328,-46.5209105,,,,1,2023-06-15T14:11:56+00:00
SAO_407Y-10,São Paulo,3550308,True,,2206,,,-23.582501,-46.586582,,,,1,2023-06-15T14:11:34+00:00
SAO_407Y-10,São Paulo,3550308,True,,2206,,,-23.574279750000002,-46.55650175,,,,1,2023-06-15T14:11:44+00:00
SAO_6007-10,São Paulo,3550308,True,,32944,,,-23.66956725,-46.73640925,,,,2,2023-06-15T14:12:06+00:00
SAO_6007-10,São Paulo,3550308,True,,32944,,,-23.656809000000003,-46.761884,,,,2,2023-06-15T14:11:35+00:00
SAO_6007-10,São Paulo,3550308,True,,32944,,,-23.645152,-46.729946,,,,2,2023-06-15T14:11:42+00:00
SAO_6007-10,São Paulo,3550308,True,,32944,,,-23.663629999999998,-46.727839,,,,2,2023-06-15T14:12:11+00:00
SAO_6455-10,São Paulo,3550308,True,,63,,,-23.61611275,-46.67389725,,,,1,2023-06-15T14:12:04+00:00
SAO_6455-10,São Paulo,3550308,True,,63,,,-23.642440999999998,-46.740138,,,,1,2023-06-15T14:11:50+00:00
SAO_6455-10,São Paulo,3550308,True,,63,,,-23.551026,-46.63692275,,,,1,2023-06-15T14:11:47+00:00
SAO_6455-10,São Paulo,3550308,True,,63,,,-23.63973575,-46.696331,,,,1,2023-06-15T14:12:04+00:00
SAO_1720-21,São Paulo,3550308,True,,1937,,,-23.4811685,-46.5956015,,,,1,2023-06-15T14:11:46+00:00
SAO_1720-21,São Paulo,3550308,True,,1937,,,-23.486206000000003,-46.5721615,,,,1,2023-06-15T14:11:58+00:00
SAO_1720-21,São Paulo,3550308,True,,1937,,,-23.481333999999997,-46.587599999999995,,,,1,2023-06-15T14:12:19+00:00
SAO_5108-10,São Paulo,3550308,True,,34443,,,-23.631191,-46.61749449999999,,,,2,2023-06-15T14:11:54+00:00
SAO_5108-10,São Paulo,3550308,True,,34443,,,-23.5533745,-46.62732475,,,,2,2023-06-15T14:11:43+00:00
SAO_5108-10,São Paulo,3550308,True,,34443,,,-23.66302925,-46.6197265,,,,2,2023-06-15T14:12:16+00:00
SAO_5108-10,São Paulo,3550308,True,,34443,,,-23.54641,-46.630284,,,,2,2023-06-15T14:12:11+00:00
SAO_5108-10,São Paulo,3550308,True,,34443,,,-23.59084325,-46.6133105,,,,2,2023-06-15T14:12:10+00:00
SAO_5108-10,São Paulo,3550308,True,,34443,,,-23.650012,-46.6139055,,,,2,2023-06-15T14:12:04+00:00
SAO_5108-10,São Paulo,3550308,True,,34443,,,-23.6118235,-46.617769,,,,2,2023-06-15T14:11:45+00:00
SAO_5108-10,São Paulo,3550308,True,,34443,,,-23.563146,-46.620899249999994,,,,2,2023-06-15T14:12:11+00:00
SAO_5108-10,São Paulo,3550308,True,,34443,,,-23.664409937500004,-46.61781775,,,,2,2023-06-15T14:12:17+00:00
SAO_5108-10,São Paulo,3550308,True,,34443,,,-23.65256775,-46.614269,,,,2,2023-06-15T14:11:56+00:00
SAO_5108-10,São Paulo,3550308,True,,34443,,,-23.569715125000002,-46.611364249999994,,,,2,2023-06-15T14:11:49+00:00
SAO_5108-10,São Paulo,3550308,True,,34443,,,-23.547656500000002,-46.6294305,,,,2,2023-06-15T14:11:38+00:00
SAO_4729-10,São Paulo,3550308,True,,1108,,,-23.592040000000004,-46.5295815,,,,1,2023-06-15T14:11:50+00:00
SAO_4729-10,São Paulo,3550308,True,,1108,,,-23.57883775,-46.552043250000004,,,,1,2023-06-15T14:11:49+00:00
SAO_4729-10,São Paulo,3550308,True,,1108,,,-23.5934395,-46.509394,,,,1,2023-06-15T14:11:56+00:00
SAO_4729-10,São Paulo,3550308,True,,1108,,,-23.541733999999998,-46.594503,,,,1,2023-06-15T14:11:56+00:00
SAO_4729-10,São Paulo,3550308,True,,1108,,,-23.5722455,-46.5690135,,,,1,2023-06-15T14:11:47+00:00
SAO_4729-10,São Paulo,3550308,True,,1108,,,-23.553773999999997,-46.57624199999999,,,,1,2023-06-15T14:11:45+00:00
SAO_8544-10,São Paulo,3550308,True,,33198,,,-23.5241975,-46.649833,,,,2,2023-06-15T14:12:02+00:00
SAO_8544-10,São Paulo,3550308,True,,33198,,,-23.482787000000002,-46.717287999999996,,,,2,2023-06-15T14:12:17+00:00
SAO_8544-10,São Paulo,3550308,True,,33198,,,-23.542485499999998,-46.635850500000004,,,,2,2023-06-15T14:11:48+00:00
SAO_1780-10,São Paulo,3550308,True,,869,,,-23.473375,-46.598246,,,,1,2023-06-15T14:08:27+00:00
SAO_1780-10,São Paulo,3550308,True,,869,,,-23.4487695,-46.578835999999995,,,,1,2023-06-15T14:12:22+00:00
SAO_1780-10,São Paulo,3550308,True,,869,,,-23.485893375000003,-46.6084455,,,,1,2023-06-15T14:11:36+00:00
SAO_1780-10,São Paulo,3550308,True,,869,,,-23.4632075,-46.583207,,,,1,2023-06-15T14:11:41+00:00
SAO_1780-10,São Paulo,3550308,True,,869,,,-23.466304,-46.585043,,,,1,2023-06-15T14:12:14+00:00
SAO_7017-10,São Paulo,3550308,True,,2502,,,-23.684074000000003,-46.790206,,,,1,2023-06-15T14:12:18+00:00
SAO_7017-10,São Paulo,3550308,True,,2502,,,-23.6759545,-46.7530775,,,,1,2023-06-15T14:11:43+00:00
SAO_7017-10,São Paulo,3550308,True,,2502,,,-23.670822,-46.7396875,,,,1,2023-06-15T14:11:50+00:00
SAO_7017-10,São Paulo,3550308,True,,2502,,,-23.670257,-46.738209499999996,,,,1,2023-06-15T14:11:48+00:00
SAO_7017-10,São Paulo,3550308,True,,2502,,,-23.676005500000002,-46.7745545,,,,1,2023-06-15T14:11:52+00:00
SAO_7017-10,São Paulo,3550308,True,,2502,,,-23.668242,-46.7355055,,,,1,2023-06-15T14:12:18+00:00
SAO_7017-10,São Paulo,3550308,True,,2502,,,-23.67006,-46.761515,,,,1,2023-06-15T14:11:51+00:00
SAO_7017-10,São Paulo,3550308,True,,2502,,,-23.671976,-46.7416365,,,,1,2023-06-15T14:12:08+00:00
SAO_7017-10,São Paulo,3550308,True,,2502,,,-23.6687515,-46.735510000000005,,,,1,2023-06-15T14:11:49+00:00
SAO_6074-10,São Paulo,3550308,True,,33929,,,-23.7159665,-46.6992685,,,,2,2023-06-15T14:11:49+00:00
SAO_6074-10,São Paulo,3550308,True,,33929,,,-23.75495575,-46.675563249999996,,,,2,2023-06-15T14:11:44+00:00
SAO_6074-10,São Paulo,3550308,True,,33929,,,-23.741635000000002,-46.6917615,,,,2,2023-06-15T14:12:08+00:00
SAO_6074-10,São Paulo,3550308,True,,33929,,,-23.7159665,-46.6992685,,,,2,2023-06-15T14:11:46+00:00
SAO_6074-10,São Paulo,3550308,True,,33929,,,-23.7349645,-46.6641195,,,,2,2023-06-15T14:11:50+00:00
SAO_6074-10,São Paulo,3550308,True,,33929,,,-23.7425605,-46.669598,,,,2,2023-06-15T14:12:00+00:00
SAO_6074-10,São Paulo,3550308,True,,33929,,,-23.754600250000003,-46.667077250000006,,,,2,2023-06-15T14:12:13+00:00
SAO_6074-10,São Paulo,3550308,True,,33929,,,-23.753140000000002,-46.68495,,,,2,2023-06-15T14:12:21+00:00
SAO_6074-10,São Paulo,3550308,True,,33929,,,-23.680145875,-46.69566400000001,,,,2,2023-06-15T14:12:22+00:00
SAO_211V-10,São Paulo,3550308,True,EMTU,154,https://moovitapp.com/index/pt-br/transporte_p%C3%BAblico-line-154-Sao_Paulo-242-2038937-36419300-0,6.8,-23.5032745,-46.49476275,,,,1,2023-06-15T14:12:07+00:00
SAO_1765-10,São Paulo,3550308,True,,1782,,,-23.46129075,-46.5721525,,,,1,2023-06-15T14:11:15+00:00
SAO_1765-10,São Paulo,3550308,True,,1782,,,-23.47014725,-46.58385925,,,,1,2023-06-15T14:11:40+00:00
SAO_1765-10,São Paulo,3550308,True,,1782,,,-23.467372,-46.568509750000004,,,,1,2023-06-15T14:11:57+00:00
SAO_8019-31,São Paulo,3550308,True,,2574,,,-23.576932,-46.7419335,,,,1,2023-06-15T14:11:49+00:00
SAO_8019-31,São Paulo,3550308,True,,2574,,,-23.554608,-46.7564505,,,,1,2023-06-15T14:12:18+00:00
SAO_7181-10,São Paulo,3550308,True,,1332,,,-23.57356725,-46.70402575,,,,1,2023-06-15T14:11:40+00:00
SAO_7181-10,São Paulo,3550308,True,,1332,,,-23.538199249999998,-46.64478,,,,1,2023-06-15T14:11:50+00:00
SAO_509M-10,São Paulo,3550308,True,,34045,,,-23.582337000000003,-46.651952,,,,2,2023-06-15T14:12:19+00:00
SAO_509M-10,São Paulo,3550308,True,,34045,,,-23.541756499999998,-46.6345775,,,,2,2023-06-15T14:11:39+00:00
SAO_509M-10,São Paulo,3550308,True,,34045,,,-23.612731000000004,-46.67087775,,,,2,2023-06-15T14:12:15+00:00
SAO_509M-10,São Paulo,3550308,True,,34045,,,-23.681841,-46.6377285,,,,2,2023-06-15T14:12:03+00:00
SAO_509M-10,São Paulo,3550308,True,,34045,,,-23.6641025,-46.660687499999995,,,,2,2023-06-15T14:12:16+00:00
SAO_8545-10,São Paulo,3550308,True,,1364,,,-23.484517500000003,-46.6904495,,,,1,2023-06-15T14:11:19+00:00
SAO_8545-10,São Paulo,3550308,True,,1364,,,-23.5259505,-46.6781165,,,,1,2023-06-15T14:12:01+00:00
SAO_8545-10,São Paulo,3550308,True,,1364,,,-23.510519,-46.6900665,,,,1,2023-06-15T14:09:27+00:00
SAO_8545-10,São Paulo,3550308,True,,1364,,,-23.464699000000003,-46.696727499999994,,,,1,2023-06-15T14:12:18+00:00
SAO_3766-10,São Paulo,3550308,True,,33823,,,-23.535862125,-46.450436874999994,,,,2,2023-06-15T14:11:48+00:00
SAO_3766-10,São Paulo,3550308,True,,33823,,,-23.553821499999998,-46.428109,,,,2,2023-06-15T14:12:15+00:00
SAO_3766-10,São Paulo,3550308,True,,33823,,,-23.553821499999998,-46.428109,,,,2,2023-06-15T14:11:55+00:00
SAO_3766-10,São Paulo,3550308,True,,33823,,,-23.542998,-46.4711105,,,,2,2023-06-15T14:12:10+00:00
SAO_3766-10,São Paulo,3550308,True,,33823,,,-23.553821499999998,-46.428109,,,,2,2023-06-15T14:11:44+00:00
SAO_3766-10,São Paulo,3550308,True,,33823,,,-23.553821499999998,-46.428109,,,,2,2023-06-15T14:11:42+00:00
SAO_3766-10,São Paulo,3550308,True,,33823,,,-23.53414275,-46.43967,,,,2,2023-06-15T14:12:09+00:00
SAO_3766-10,São Paulo,3550308,True,,33823,,,-23.540637625000002,-46.455880625,,,,2,2023-06-15T14:11:38+00:00
SAO_5757-51,São Paulo,3550308,True,,1976,,,-23.6573345,-46.64897275,,,,1,2023-06-15T14:11:37+00:00
SAO_5757-51,São Paulo,3550308,True,,1976,,,-23.689283749999998,-46.63762525,,,,1,2023-06-15T14:12:00+00:00
SAO_5757-51,São Paulo,3550308,True,,1976,,,-23.6587915,-46.6535825,,,,1,2023-06-15T14:12:16+00:00
SAO_5757-51,São Paulo,3550308,True,,1976,,,-23.69054175,-46.64376375,,,,1,2023-06-15T14:12:09+00:00
SAO_5757-51,São Paulo,3550308,True,,1976,,,-23.6368035,-46.641181,,,,1,2023-06-15T14:11:42+00:00
SAO_5757-51,São Paulo,3550308,True,,1976,,,-23.707755,-46.6413455,,,,1,2023-06-15T14:11:38+00:00
SAO_5757-51,São Paulo,3550308,True,,1976,,,-23.7079895,-46.641386499999996,,,,1,2023-06-15T14:11:47+00:00
SAO_5757-51,São Paulo,3550308,True,,1976,,,-23.635112499999998,-46.640995000000004,,,,1,2023-06-15T14:12:02+00:00
SAO_5757-51,São Paulo,3550308,True,,1976,,,-23.684418,-46.6330985,,,,1,2023-06-15T14:10:58+00:00
SAO_3054-10,São Paulo,3550308,True,,33743,,,-23.597710499999998,-46.4578255,,,,2,2023-06-15T14:12:15+00:00
SAO_3054-10,São Paulo,3550308,True,,33743,,,-23.5941475,-46.4204955,,,,2,2023-06-15T14:11:47+00:00
SAO_3054-10,São Paulo,3550308,True,,33743,,,-23.601533000000003,-46.4948845,,,,2,2023-06-15T14:12:23+00:00
SAO_3054-10,São Paulo,3550308,True,,33743,,,-23.609623,-46.4081455,,,,2,2023-06-15T14:11:52+00:00
SAO_3054-10,São Paulo,3550308,True,,33743,,,-23.6112465,-46.493599,,,,2,2023-06-15T14:12:11+00:00
SAO_3054-10,São Paulo,3550308,True,,33743,,,-23.609623,-46.4081455,,,,2,2023-06-15T14:12:17+00:00
SAO_3054-10,São Paulo,3550308,True,,33743,,,-23.609623,-46.4081455,,,,2,2023-06-15T14:12:15+00:00
SAO_3054-10,São Paulo,3550308,True,,33743,,,-23.60228425,-46.47049225,,,,2,2023-06-15T14:12:04+00:00
SAO_3901-10,São Paulo,3550308,True,,1469,,,-23.504818,-46.511143000000004,,,,1,2023-06-15T14:11:36+00:00
SAO_3901-10,São Paulo,3550308,True,,1469,,,-23.52313325,-46.543812,,,,1,2023-06-15T14:12:04+00:00
SAO_3901-10,São Paulo,3550308,True,,1469,,,-23.532310250000002,-46.5516905,,,,1,2023-06-15T14:12:03+00:00
SAO_5035-10,São Paulo,3550308,True,,1668,,,-23.631518999999997,-46.58502,,,,1,2023-06-15T14:12:18+00:00
SAO_5035-10,São Paulo,3550308,True,,1668,,,-23.625884250000002,-46.594606,,,,1,2023-06-15T14:11:59+00:00
SAO_5035-10,São Paulo,3550308,True,,1668,,,-23.63337525,-46.59481225,,,,1,2023-06-15T14:11:57+00:00
SAO_5035-10,São Paulo,3550308,True,,1668,,,-23.6074965,-46.5975975,,,,1,2023-06-15T14:12:07+00:00
SAO_5035-10,São Paulo,3550308,True,,1668,,,-23.6029815,-46.6021055,,,,1,2023-06-15T14:11:51+00:00
SAO_8615-10,São Paulo,3550308,True,,34107,,,-23.545286249999997,-46.63817075,,,,2,2023-06-15T14:11:59+00:00
SAO_8615-10,São Paulo,3550308,True,,34107,,,-23.5344955,-46.6541065,,,,2,2023-06-15T14:12:19+00:00
SAO_8615-10,São Paulo,3550308,True,,34107,,,-23.52122225,-46.719489624999994,,,,2,2023-06-15T14:11:35+00:00
SAO_8615-10,São Paulo,3550308,True,,34107,,,-23.546979,-46.63057,,,,2,2023-06-15T14:11:46+00:00
SAO_8615-10,São Paulo,3550308,True,,34107,,,-23.5332645,-46.720101,,,,2,2023-06-15T14:12:00+00:00
SAO_8615-10,São Paulo,3550308,True,,34107,,,-23.536351500000002,-46.724335499999995,,,,2,2023-06-15T14:12:08+00:00
SAO_8615-10,São Paulo,3550308,True,,34107,,,-23.520166,-46.710088,,,,2,2023-06-15T14:11:57+00:00
SAO_8615-10,São Paulo,3550308,True,,34107,,,-23.530727249999998,-46.66579675,,,,2,2023-06-15T14:12:08+00:00
SAO_8615-10,São Paulo,3550308,True,,34107,,,-23.535989999999998,-46.7247965,,,,2,2023-06-15T14:12:04+00:00
SAO_8615-10,São Paulo,3550308,True,,34107,,,-23.521648499999998,-46.718697500000005,,,,2,2023-06-15T14:07:33+00:00
SAO_8615-10,São Paulo,3550308,True,,34107,,,-23.5247175,-46.72152,,,,2,2023-06-15T14:12:04+00:00
SAO_8615-10,São Paulo,3550308,True,,34107,,,-23.5492855,-46.62964375,,,,2,2023-06-15T14:12:14+00:00
SAO_7545-21,São Paulo,3550308,True,,1728,,,-23.57412325,-46.709284499999995,,,,1,2023-06-15T14:11:56+00:00
SAO_7545-21,São Paulo,3550308,True,,1728,,,-23.59538525,-46.77699275,,,,1,2023-06-15T14:11:56+00:00
SAO_3032-10,São Paulo,3550308,True,STT,720,https://moovitapp.com/index/pt-br/transporte_p%C3%BAblico-line-720-Sao_Paulo-242-850661-183345-0,5.3,-23.558674,-46.522539,,,,1,2023-06-15T14:12:03+00:00
SAO_3032-10,São Paulo,3550308,True,STT,720,https://moovitapp.com/index/pt-br/transporte_p%C3%BAblico-line-720-Sao_Paulo-242-850661-183345-0,5.3,-23.5664398125,-46.5115665625,,,,1,2023-06-15T14:11:48+00:00
SAO_4086-10,São Paulo,3550308,True,,35018,,,-23.5831655,-46.4072265,,,,2,2023-06-15T14:12:01+00:00
SAO_4086-10,São Paulo,3550308,True,,35018,,,-23.582958499999997,-46.408029,,,,2,2023-06-15T14:12:01+00:00
SAO_4086-10,São Paulo,3550308,True,,35018,,,-23.582943,-46.408454,,,,2,2023-06-15T14:12:20+00:00
SAO_4086-10,São Paulo,3550308,True,,35018,,,-23.5830225,-46.4086875,,,,2,2023-06-15T14:11:56+00:00
SAO_809H-10,São Paulo,3550308,True,,35013,,,-23.579934,-46.791551,,,,2,2023-06-15T14:12:14+00:00
SAO_809H-10,São Paulo,3550308,True,,35013,,,-23.521037999999997,-46.725283000000005,,,,2,2023-06-15T14:12:11+00:00
SAO_809H-10,São Paulo,3550308,True,,35013,,,-23.522025499999998,-46.702943250000004,,,,2,2023-06-15T14:11:58+00:00
SAO_809H-10,São Paulo,3550308,True,,35013,,,-23.5737195,-46.75207424999999,,,,2,2023-06-15T14:12:09+00:00
SAO_809H-10,São Paulo,3550308,True,,35013,,,-23.543108625,-46.731921375,,,,2,2023-06-15T14:12:09+00:00
SAO_5143-10,São Paulo,3550308,True,,34396,,,-23.546677,-46.63009649999999,,,,2,2023-06-15T14:12:04+00:00
SAO_5143-10,São Paulo,3550308,True,,34396,,,-23.600151500000003,-46.5284175,,,,2,2023-06-15T14:12:06+00:00
SAO_5143-10,São Paulo,3550308,True,,34396,,,-23.614800000000002,-46.5025895,,,,2,2023-06-15T14:12:05+00:00
SAO_5143-10,São Paulo,3550308,True,,34396,,,-23.58288975,-46.599837750000006,,,,2,2023-06-15T14:12:12+00:00
SAO_675I-10,São Paulo,3550308,True,BR7 Mobilidade,68,https://moovitapp.com/index/pt-br/transporte_p%C3%BAblico-line-68-Sao_Paulo-242-851856-560661-0,5.75,-23.627128,-46.664085,,,,1,2023-06-15T14:12:21+00:00
SAO_675I-10,São Paulo,3550308,True,BR7 Mobilidade,68,https://moovitapp.com/index/pt-br/transporte_p%C3%BAblico-line-68-Sao_Paulo-242-851856-560661-0,5.75,-23.616938,-46.6807395,,,,1,2023-06-15T14:12:15+00:00
SAO_675I-10,São Paulo,3550308,True,BR7 Mobilidade,68,https://moovitapp.com/index/pt-br/transporte_p%C3%BAblico-line-68-Sao_Paulo-242-851856-560661-0,5.75,-23.618463,-46.662046000000004,,,,1,2023-06-15T14:11:48+00:00
SAO_675I-10,São Paulo,3550308,True,BR7 Mobilidade,68,https://moovitapp.com/index/pt-br/transporte_p%C3%BAblico-line-68-Sao_Paulo-242-851856-560661-0,5.75,-23.645335875,-46.71352825,,,,1,2023-06-15T14:12:16+00:00
SAO_675I-10,São Paulo,3550308,True,BR7 Mobilidade,68,https://moovitapp.com/index/pt-br/transporte_p%C3%BAblico-line-68-Sao_Paulo-242-851856-560661-0,5.75,-23.62483175,-46.645700125000005,,,,1,2023-06-15T14:12:16+00:00
SAO_2702-10,São Paulo,3550308,True,,33682,,,-23.5299325,-46.473914,,,,2,2023-06-15T14:12:03+00:00
SAO_2702-10,São Paulo,3550308,True,,33682,,,-23.517555125,-46.47618175,,,,2,2023-06-15T14:11:23+00:00
SAO_2702-10,São Paulo,3550308,True,,33682,,,-23.499526250000002,-46.468301249999996,,,,2,2023-06-15T14:11:02+00:00
SAO_2702-10,São Paulo,3550308,True,,33682,,,-23.497141499999998,-46.453717,,,,2,2023-06-15T14:12:10+00:00
SAO_2702-10,São Paulo,3550308,True,,33682,,,-23.494137000000002,-46.45074150000001,,,,2,2023-06-15T14:10:32+00:00
SAO_4708-10,São Paulo,3550308,True,EMTU,332,https://moovitapp.com/index/pt-br/transporte_p%C3%BAblico-line-332-Sao_Paulo-242-2038937-36419418-0,4.5,-23.621591000000002,-46.6080365,,,,1,2023-06-15T14:11:57+00:00
SAO_4708-10,São Paulo,3550308,True,EMTU,332,https://moovitapp.com/index/pt-br/transporte_p%C3%BAblico-line-332-Sao_Paulo-242-2038937-36419418-0,4.5,-23.600414,-46.615606,,,,1,2023-06-15T14:12:00+00:00
SAO_7051-10,São Paulo,3550308,True,,34653,,,-23.654968500000003,-46.784118,,,,2,2023-06-15T14:11:56+00:00
SAO_7051-10,São Paulo,3550308,True,,34653,,,-23.654795999999997,-46.7843735,,,,2,2023-06-15T14:11:53+00:00
SAO_7051-10,São Paulo,3550308,True,,34653,,,-23.65463675,-46.78451475,,,,2,2023-06-15T14:11:51+00:00
SAO_7051-10,São Paulo,3550308,True,,34653,,,-23.641522000000002,-46.780113,,,,2,2023-06-15T14:12:05+00:00
SAO_2734-10,São Paulo,3550308,True,,1760,,,-23.507067499999998,-46.424306,,,,1,2023-06-15T14:10:28+00:00
SAO_2734-10,São Paulo,3550308,True,,1760,,,-23.542138,-46.471932499999994,,,,1,2023-06-15T14:12:13+00:00
SAO_2734-10,São Paulo,3550308,True,,1760,,,-23.5325785,-46.4506885,,,,1,2023-06-15T14:12:06+00:00
SAO_2734-10,São Paulo,3550308,True,,1760,,,-23.5337655,-46.452283,,,,1,2023-06-15T14:12:16+00:00
SAO_2734-10,São Paulo,3550308,True,,1760,,,-23.5076949375,-46.4182650625,,,,1,2023-06-15T14:11:49+00:00
SAO_2734-10,São Paulo,3550308,True,,1760,,,-23.519085,-46.440343999999996,,,,1,2023-06-15T14:12:13+00:00
SAO_2734-10,São Paulo,3550308,True,,1760,,,-23.512009,-46.40866,,,,1,2023-06-15T14:12:18+00:00
SAO_2734-10,São Paulo,3550308,True,,1760,,,-23.5131075,-46.4331005,,,,1,2023-06-15T14:12:00+00:00
SAO_263J-10,São Paulo,3550308,True,EMTU,219,https://moovitapp.com/index/pt-br/transporte_p%C3%BAblico-line-219-Sao_Paulo-242-2038937-36419341-0,8.55,-23.536123500000002,-46.467902499999994,,,,1,2023-06-15T14:11:59+00:00
SAO_263J-10,São Paulo,3550308,True,EMTU,219,https://moovitapp.com/index/pt-br/transporte_p%C3%BAblico-line-219-Sao_Paulo-242-2038937-36419341-0,8.55,-23.5232135,-46.533851999999996,,,,1,2023-06-15T14:12:01+00:00
SAO_263J-10,São Paulo,3550308,True,EMTU,219,https://moovitapp.com/index/pt-br/transporte_p%C3%BAblico-line-219-Sao_Paulo-242-2038937-36419341-0,8.55,-23.508142,-46.492982999999995,,,,1,2023-06-15T14:11:37+00:00
SAO_263J-10,São Paulo,3550308,True,EMTU,219,https://moovitapp.com/index/pt-br/transporte_p%C3%BAblico-line-219-Sao_Paulo-242-2038937-36419341-0,8.55,-23.526514125,-46.474658749999996,,,,1,2023-06-15T14:12:11+00:00
SAO_263J-10,São Paulo,3550308,True,EMTU,219,https://moovitapp.com/index/pt-br/transporte_p%C3%BAblico-line-219-Sao_Paulo-242-2038937-36419341-0,8.55,-23.5321685,-46.4413195,,,,1,2023-06-15T14:06:30+00:00
SAO_263J-10,São Paulo,3550308,True,EMTU,219,https://moovitapp.com/index/pt-br/transporte_p%C3%BAblico-line-219-Sao_Paulo-242-2038937-36419341-0,8.55,-23.5304715,-46.44456,,,,1,2023-06-15T14:10:06+00:00
SAO_263J-10,São Paulo,3550308,True,EMTU,219,https://moovitapp.com/index/pt-br/transporte_p%C3%BAblico-line-219-Sao_Paulo-242-2038937-36419341-0,8.55,-23.549966249999997,-46.43092575,,,,1,2023-06-15T14:11:52+00:00
SAO_8677-10,São Paulo,3550308,True,,33211,,,-23.4850095,-46.751583,,,,2,2023-06-15T14:12:08+00:00
SAO_8677-10,São Paulo,3550308,True,,33211,,,-23.487239000000002,-46.7323545,,,,2,2023-06-15T14:12:08+00:00
SAO_8677-10,São Paulo,3550308,True,,33211,,,-23.5058345,-46.7470285,,,,2,2023-06-15T14:12:16+00:00
SAO_8677-10,São Paulo,3550308,True,,33211,,,-23.51828,-46.7033565,,,,2,2023-06-15T14:11:44+00:00
SAO_8677-10,São Paulo,3550308,True,,33211,,,-23.53275275,-46.65722375,,,,2,2023-06-15T14:11:48+00:00
SAO_8677-10,São Paulo,3550308,True,,33211,,,-23.489694,-46.760673499999996,,,,2,2023-06-15T14:11:49+00:00
SAO_5091-10,São Paulo,3550308,True,,34291,,,-23.688685,-46.635813999999996,,,,2,2023-06-15T14:12:06+00:00
SAO_5091-10,São Paulo,3550308,True,,34291,,,-23.628309125,-46.644409875,,,,2,2023-06-15T14:12:19+00:00
SAO_5091-10,São Paulo,3550308,True,,34291,,,-23.690179999999998,-46.673047499999996,,,,2,2023-06-15T14:11:47+00:00
SAO_5091-10,São Paulo,3550308,True,,34291,,,-23.688633000000003,-46.638399750000005,,,,2,2023-06-15T14:12:08+00:00
SAO_5091-10,São Paulo,3550308,True,,34291,,,-23.695090999999998,-46.666537000000005,,,,2,2023-06-15T14:11:58+00:00
SAO_967A-10,São Paulo,3550308,True,EMTU,568,https://moovitapp.com/index/pt-br/transporte_p%C3%BAblico-line-568-Sao_Paulo-242-2038937-36419565-0,7.8,-23.4804295,-46.656615,,,,1,2023-06-15T14:11:59+00:00
SAO_967A-10,São Paulo,3550308,True,EMTU,568,https://moovitapp.com/index/pt-br/transporte_p%C3%BAblico-line-568-Sao_Paulo-242-2038937-36419565-0,7.8,-23.542921999999997,-46.64787125,,,,1,2023-06-15T14:11:59+00:00
SAO_967A-10,São Paulo,3550308,True,EMTU,568,https://moovitapp.com/index/pt-br/transporte_p%C3%BAblico-line-568-Sao_Paulo-242-2038937-36419565-0,7.8,-23.535358125,-46.65053425000001,,,,1,2023-06-15T14:11:38+00:00
SAO_967A-10,São Paulo,3550308,True,EMTU,568,https://moovitapp.com/index/pt-br/transporte_p%C3%BAblico-line-568-Sao_Paulo-242-2038937-36419565-0,7.8,-23.569029875,-46.65027825,,,,1,2023-06-15T14:11:54+00:00
SAO_967A-10,São Paulo,3550308,True,EMTU,568,https://moovitapp.com/index/pt-br/transporte_p%C3%BAblico-line-568-Sao_Paulo-242-2038937-36419565-0,7.8,-23.499128687499997,-46.654225125,,,,1,2023-06-15T14:11:42+00:00
SAO_967A-10,São Paulo,3550308,True,EMTU,568,https://moovitapp.com/index/pt-br/transporte_p%C3%BAblico-line-568-Sao_Paulo-242-2038937-36419565-0,7.8,-23.565354999999997,-46.693373,,,,1,2023-06-15T14:12:02+00:00
SAO_967A-10,São Paulo,3550308,True,EMTU,568,https://moovitapp.com/index/pt-br/transporte_p%C3%BAblico-line-568-Sao_Paulo-242-2038937-36419565-0,7.8,-23.4804295,-46.656615,,,,1,2023-06-15T14:11:54+00:00
SAO_967A-10,São Paulo,3550308,True,EMTU,568,https://moovitapp.com/index/pt-br/transporte_p%C3%BAblico-line-568-Sao_Paulo-242-2038937-36419565-0,7.8,-23.52082025,-46.65201125,,,,1,2023-06-15T14:12:09+00:00
SAO_967A-10,São Paulo,3550308,True,EMTU,568,https://moovitapp.com/index/pt-br/transporte_p%C3%BAblico-line-568-Sao_Paulo-242-2038937-36419565-0,7.8,-23.4804295,-46.656615,,,,1,2023-06-15T14:11:51+00:00
SAO_6L11-10,São Paulo,3550308,True,,33935,,,-23.762444000000002,-46.655004000000005,,,,2,2023-06-15T14:12:20+00:00
SAO_6L11-10,São Paulo,3550308,True,,33935,,,-23.8016045,-46.627521,,,,2,2023-06-15T14:12:19+00:00
SAO_6L11-10,São Paulo,3550308,True,,33935,,,-23.735712499999998,-46.69611125,,,,2,2023-06-15T14:11:40+00:00
SAO_6L11-10,São Paulo,3550308,True,,33935,,,-23.8016045,-46.627521,,,,2,2023-06-15T14:11:44+00:00
SAO_6L11-10,São Paulo,3550308,True,,33935,,,-23.801471499999998,-46.628001,,,,2,2023-06-15T14:11:58+00:00
SAO_8028-10,São Paulo,3550308,True,,2532,,,-23.6111985,-46.70343925,,,,1,2023-06-15T14:11:52+00:00
SAO_8028-10,São Paulo,3550308,True,,2532,,,-23.611345,-46.719496500000005,,,,1,2023-06-15T14:11:46+00:00
SAO_8028-10,São Paulo,3550308,True,,2532,,,-23.587774375,-46.7235375,,,,1,2023-06-15T14:12:15+00:00
SAO_8028-10,São Paulo,3550308,True,,2532,,,-23.622,-46.727807999999996,,,,1,2023-06-15T14:12:08+00:00
SAO_8028-10,São Paulo,3550308,True,,2532,,,-23.615971000000002,-46.712937,,,,1,2023-06-15T14:12:18+00:00
SAO_746C-10,São Paulo,3550308,True,STT,783,https://moovitapp.com/index/pt-br/transporte_p%C3%BAblico-line-783-Sao_Paulo-242-850661-183351-0,5.3,-23.641353000000002,-46.736799500000004,,,,1,2023-06-15T14:11:48+00:00
SAO_746C-10,São Paulo,3550308,True,STT,783,https://moovitapp.com/index/pt-br/transporte_p%C3%BAblico-line-783-Sao_Paulo-242-850661-183351-0,5.3,-23.6089835,-46.751324999999994,,,,1,2023-06-15T14:12:06+00:00
SAO_746C-10,São Paulo,3550308,True,STT,783,https://moovitapp.com/index/pt-br/transporte_p%C3%BAblico-line-783-Sao_Paulo-242-850661-183351-0,5.3,-23.614024999999998,-46.7424915,,,,1,2023-06-15T14:12:07+00:00
SAO_746C-10,São Paulo,3550308,True,STT,783,https://moovitapp.com/index/pt-br/transporte_p%C3%BAblico-line-783-Sao_Paulo-242-850661-183351-0,5.3,-23.6419265,-46.7127905,,,,1,2023-06-15T14:11:58+00:00
SAO_746C-10,São Paulo,3550308,True,STT,783,https://moovitapp.com/index/pt-br/transporte_p%C3%BAblico-line-783-Sao_Paulo-242-850661-183351-0,5.3,-23.644018,-46.7325855,,,,1,2023-06-15T14:11:56+00:00
SAO_746C-10,São Paulo,3550308,True,STT,783,https://moovitapp.com/index/pt-br/transporte_p%C3%BAblico-line-783-Sao_Paulo-242-850661-183351-0,5.3,-23.64479025,-46.725692,,,,1,2023-06-15T14:12:19+00:00
SAO_746C-10,São Paulo,3550308,True,STT,783,https://moovitapp.com/index/pt-br/transporte_p%C3%BAblico-line-783-Sao_Paulo-242-850661-183351-0,5.3,-23.62556175,-46.736894375,,,,1,2023-06-15T14:11:53+00:00
SAO_746C-10,São Paulo,3550308,True,STT,783,https://moovitapp.com/index/pt-br/transporte_p%C3%BAblico-line-783-Sao_Paulo-242-850661-183351-0,5.3,-23.639455499999997,-46.7366815,,,,1,2023-06-15T14:11:50+00:00
SAO_746C-10,São Paulo,3550308,True,STT,783,https://moovitapp.com/index/pt-br/transporte_p%C3%BAblico-line-783-Sao_Paulo-242-850661-183351-0,5.3,-23.64342675,-46.711707749999995,,,,1,2023-06-15T14:12:00+00:00
SAO_809L-10,São Paulo,3550308,True,,34717,,,-23.63166,-46.772949499999996,,,,2,2023-06-15T14:12:00+00:00
SAO_809L-10,São Paulo,3550308,True,,34717,,,-23.558411999999997,-46.711606,,,,2,2023-06-15T14:12:05+00:00
SAO_809L-10,São Paulo,3550308,True,,34717,,,-23.538044,-46.707406,,,,2,2023-06-15T14:12:07+00:00
SAO_809L-10,São Paulo,3550308,True,,34717,,,-23.522711,-46.70208925,,,,2,2023-06-15T14:12:13+00:00
SAO_809L-10,São Paulo,3550308,True,,34717,,,-23.552865750000002,-46.70681875,,,,2,2023-06-15T14:12:03+00:00
SAO_809L-10,São Paulo,3550308,True,,34717,,,-23.6102075,-46.7524485,,,,2,2023-06-15T14:12:10+00:00
SAO_809L-10,São Paulo,3550308,True,,34717,,,-23.553758000000002,-46.7097785,,,,2,2023-06-15T14:12:17+00:00
SAO_809L-10,São Paulo,3550308,True,,34717,,,-23.582473,-46.72555575,,,,2,2023-06-15T14:12:03+00:00
SAO_809L-10,São Paulo,3550308,True,,34717,,,-23.6317515,-46.7727405,,,,2,2023-06-15T14:12:03+00:00
SAO_809L-10,São Paulo,3550308,True,,34717,,,-23.552948,-46.7091485,,,,2,2023-06-15T14:12:10+00:00
SAO_4006-10,São Paulo,3550308,True,,34948,,,-23.61627825,-46.4316125,,,,2,2023-06-15T14:09:41+00:00
SAO_4006-10,São Paulo,3550308,True,,34948,,,-23.59722475,-46.436351125,,,,2,2023-06-15T14:12:09+00:00
SAO_4006-10,São Paulo,3550308,True,,34948,,,-23.597508125,-46.43578525,,,,2,2023-06-15T14:12:16+00:00
SAO_4006-10,São Paulo,3550308,True,,34948,,,-23.597544499999998,-46.434636499999996,,,,2,2023-06-15T14:12:20+00:00
SAO_4029-10,São Paulo,3550308,True,,33867,,,-23.5947525,-46.537515,,,,2,2023-06-15T14:11:51+00:00
SAO_4029-10,São Paulo,3550308,True,,33867,,,-23.611138999999998,-46.48667775,,,,2,2023-06-15T14:12:04+00:00
SAO_4029-10,São Paulo,3550308,True,,33867,,,-23.5989185,-46.517005499999996,,,,2,2023-06-15T14:11:49+00:00
SAO_4029-10,São Paulo,3550308,True,,33867,,,-23.6105855,-46.4805655,,,,2,2023-06-15T14:11:52+00:00
SAO_4029-10,São Paulo,3550308,True,,33867,,,-23.6149045,-46.501684999999995,,,,2,2023-06-15T14:11:41+00:00
SAO_4029-10,São Paulo,3550308,True,,33867,,,-23.585109,-46.583715,,,,2,2023-06-15T14:12:19+00:00
SAO_4029-10,São Paulo,3550308,True,,33867,,,-23.59398025,-46.538338874999994,,,,2,2023-06-15T14:11:57+00:00
SAO_4029-10,São Paulo,3550308,True,,33867,,,-23.5781735,-46.577866,,,,2,2023-06-15T14:11:47+00:00
SAO_5614-10,São Paulo,3550308,True,,34283,,,-23.709504000000003,-46.627491,,,,2,2023-06-15T14:11:49+00:00
SAO_5614-10,São Paulo,3550308,True,,34283,,,-23.557100999999996,-46.6381025,,,,2,2023-06-15T14:11:40+00:00
SAO_5614-10,São Paulo,3550308,True,,34283,,,-23.6430315,-46.672696,,,,2,2023-06-15T14:12:04+00:00
SAO_5614-10,São Paulo,3550308,True,,34283,,,-23.6949175,-46.677299,,,,2,2023-06-15T14:11:48+00:00
SAO_9002-10,São Paulo,3550308,True,,870,,,-23.472319999999996,-46.6704065,,,,1,2023-06-15T14:12:18+00:00
SAO_9002-10,São Paulo,3550308,True,,870,,,-23.453468,-46.6715455,,,,1,2023-06-15T14:11:54+00:00
SAO_9002-10,São Paulo,3550308,True,,870,,,-23.465608,-46.668305000000004,,,,1,2023-06-15T14:11:54+00:00
SAO_6073-10,São Paulo,3550308,True,,33928,,,-23.853313,-46.6956225,,,,2,2023-06-15T14:11:48+00:00
SAO_6073-10,São Paulo,3550308,True,,33928,,,-23.7727445,-46.720183,,,,2,2023-06-15T14:11:58+00:00
SAO_6073-10,São Paulo,3550308,True,,33928,,,-23.831483375,-46.723068375,,,,2,2023-06-15T14:12:21+00:00
SAO_5143-10,São Paulo,3550308,True,,1628,,,-23.5668265,-46.609434125,,,,1,2023-06-15T14:12:12+00:00
SAO_5143-10,São Paulo,3550308,True,,1628,,,-23.614242,-46.501176,,,,1,2023-06-15T14:11:44+00:00
SAO_5143-10,São Paulo,3550308,True,,1628,,,-23.584357,-46.5835685,,,,1,2023-06-15T14:11:50+00:00
SAO_5143-10,São Paulo,3550308,True,,1628,,,-23.6103385,-46.504113000000004,,,,1,2023-06-15T14:12:01+00:00
SAO_736G-10,São Paulo,3550308,True,,780,,,-23.63915525,-46.749588,,,,1,2023-06-15T14:11:32+00:00
SAO_736G-10,São Paulo,3550308,True,,780,,,-23.624718625,-46.706378625,,,,1,2023-06-15T14:10:42+00:00
SAO_736G-10,São Paulo,3550308,True,,780,,,-23.641875,-46.741408,,,,1,2023-06-15T14:11:49+00:00
SAO_736G-10,São Paulo,3550308,True,,780,,,-23.634751,-46.7527015,,,,1,2023-06-15T14:12:13+00:00
SAO_736G-10,São Paulo,3550308,True,,780,,,-23.632856500000003,-46.747603999999995,,,,1,2023-06-15T14:12:18+00:00
SAO_736G-10,São Paulo,3550308,True,,780,,,-23.640235,-46.748059999999995,,,,1,2023-06-15T14:11:42+00:00
SAO_736G-10,São Paulo,3550308,True,,780,,,-23.6435925,-46.735404,,,,1,2023-06-15T14:11:41+00:00
SAO_736G-10,São Paulo,3550308,True,,780,,,-23.640164,-46.7484015,,,,1,2023-06-15T14:12:02+00:00
SAO_6045-10,São Paulo,3550308,True,,1222,,,-23.65436375,-46.760079499999996,,,,1,2023-06-15T14:12:01+00:00
SAO_6045-10,São Paulo,3550308,True,,1222,,,-23.647837,-46.747710999999995,,,,1,2023-06-15T14:12:03+00:00
SAO_6045-10,São Paulo,3550308,True,,1222,,,-23.644247749999998,-46.7435985,,,,1,2023-06-15T14:12:11+00:00
SAO_6045-10,São Paulo,3550308,True,,1222,,,-23.65035125,-46.756297875,,,,1,2023-06-15T14:11:54+00:00
SAO_6045-10,São Paulo,3550308,True,,1222,,,-23.64273075,-46.7381735,,,,1,2023-06-15T14:12:21+00:00
SAO_6045-10,São Paulo,3550308,True,,1222,,,-23.6490105,-46.7535625,,,,1,2023-06-15T14:11:41+00:00
SAO_6045-10,São Paulo,3550308,True,,1222,,,-23.686826,-46.8013765,,,,1,2023-06-15T14:12:18+00:00
SAO_6045-10,São Paulo,3550308,True,,1222,,,-23.646914,-46.74704625,,,,1,2023-06-15T14:12:00+00:00
SAO_6045-10,São Paulo,3550308,True,,1222,,,-23.650515750000004,-46.756511625,,,,1,2023-06-15T14:11:48+00:00
SAO_6045-10,São Paulo,3550308,True,,1222,,,-23.6498405,-46.707801,,,,1,2023-06-15T14:12:18+00:00
SAO_6045-10,São Paulo,3550308,True,,1222,,,-23.6455275,-46.746255500000004,,,,1,2023-06-15T14:12:03+00:00
SAO_7282-10,São Paulo,3550308,True,,33239,,,-23.545098000000003,-46.692743,,,,2,2023-06-15T14:12:05+00:00
SAO_7282-10,São Paulo,3550308,True,,33239,,,-23.54899825,-46.7491075,,,,2,2023-06-15T14:12:21+00:00
SAO_121G-10,São Paulo,3550308,True,,33459,,,-23.505705,-46.5724375,,,,2,2023-06-15T14:07:13+00:00
SAO_121G-10,São Paulo,3550308,True,,33459,,,-23.514614,-46.5712665,,,,2,2023-06-15T14:11:50+00:00
SAO_121G-10,São Paulo,3550308,True,,33459,,,-23.481293,-46.602469125,,,,2,2023-06-15T14:12:18+00:00
SAO_121G-10,São Paulo,3550308,True,,33459,,,-23.491162,-46.57770549999999,,,,2,2023-06-15T14:11:44+00:00
SAO_5034-31,São Paulo,3550308,True,,1664,,,-23.6029265,-46.603229,,,,1,2023-06-15T14:11:42+00:00
SAO_5034-31,São Paulo,3550308,True,,1664,,,-23.641870875000002,-46.58858562499999,,,,1,2023-06-15T14:12:10+00:00
SAO_5034-31,São Paulo,3550308,True,,1664,,,-23.618980999999998,-46.601818,,,,1,2023-06-15T14:12:19+00:00
SAO_8003-10,São Paulo,3550308,True,,34021,,,-23.525646000000002,-46.7147955,,,,2,2023-06-15T14:11:52+00:00
SAO_8003-10,São Paulo,3550308,True,,34021,,,-23.5177795,-46.74583575,,,,2,2023-06-15T14:11:44+00:00
SAO_8003-10,São Paulo,3550308,True,,34021,,,-23.5120405,-46.756833,,,,2,2023-06-15T14:12:06+00:00
SAO_6475-10,São Paulo,3550308,True,,34085,,,-23.5803555,-46.682563,,,,2,2023-06-15T14:12:18+00:00
SAO_6475-10,São Paulo,3550308,True,,34085,,,-23.670895,-46.75936299999999,,,,2,2023-06-15T14:12:15+00:00
SAO_6475-10,São Paulo,3550308,True,,34085,,,-23.577004000000002,-46.6724405,,,,2,2023-06-15T14:12:19+00:00
SAO_637A-21,São Paulo,3550308,True,EMTU,181,https://moovitapp.com/index/pt-br/transporte_p%C3%BAblico-line-181-Sao_Paulo-242-2038937-36419316-0,6.2,-23.658705375000004,-46.7249993125,,,,1,2023-06-15T14:12:21+00:00
SAO_637A-21,São Paulo,3550308,True,EMTU,181,https://moovitapp.com/index/pt-br/transporte_p%C3%BAblico-line-181-Sao_Paulo-242-2038937-36419316-0,6.2,-23.5689285,-46.6919525,,,,1,2023-06-15T14:11:51+00:00
SAO_637A-21,São Paulo,3550308,True,EMTU,181,https://moovitapp.com/index/pt-br/transporte_p%C3%BAblico-line-181-Sao_Paulo-242-2038937-36419316-0,6.2,-23.627347999999998,-46.7111675,,,,1,2023-06-15T14:11:46+00:00
SAO_637A-21,São Paulo,3550308,True,EMTU,181,https://moovitapp.com/index/pt-br/transporte_p%C3%BAblico-line-181-Sao_Paulo-242-2038937-36419316-0,6.2,-23.663525999999997,-46.728269,,,,1,2023-06-15T14:12:11+00:00
SAO_637A-21,São Paulo,3550308,True,EMTU,181,https://moovitapp.com/index/pt-br/transporte_p%C3%BAblico-line-181-Sao_Paulo-242-2038937-36419316-0,6.2,-23.642786,-46.724813,,,,1,2023-06-15T14:11:37+00:00
SAO_519M-10,São Paulo,3550308,True,,34979,,,-23.598162375,-46.53962275,,,,2,2023-06-15T14:11:53+00:00
SAO_519M-10,São Paulo,3550308,True,,34979,,,-23.613173500000002,-46.482603499999996,,,,2,2023-06-15T14:11:56+00:00
SAO_519M-10,São Paulo,3550308,True,,34979,,,-23.579816,-46.6070495,,,,2,2023-06-15T14:11:48+00:00
SAO_4005-10,São Paulo,3550308,True,,2179,,,-23.583485500000002,-46.407138,,,,1,2023-06-15T14:11:07+00:00
SAO_4005-10,São Paulo,3550308,True,,2179,,,-23.584269499999998,-46.390658,,,,1,2023-06-15T14:11:16+00:00
SAO_3745-10,São Paulo,3550308,True,,1044,,,-23.54132,-46.57769475,,,,1,2023-06-15T14:11:54+00:00
SAO_3745-10,São Paulo,3550308,True,,1044,,,-23.5437,-46.5701625,,,,1,2023-06-15T14:12:17+00:00
SAO_3745-10,São Paulo,3550308,True,,1044,,,-23.567297500000002,-46.5359975,,,,1,2023-06-15T14:11:41+00:00
SAO_3745-10,São Paulo,3550308,True,,1044,,,-23.586951,-46.512883,,,,1,2023-06-15T14:11:50+00:00
SAO_3745-10,São Paulo,3550308,True,,1044,,,-23.579242,-46.522341499999996,,,,1,2023-06-15T14:11:33+00:00
SAO_3745-10,São Paulo,3550308,True,,1044,,,-23.57170575,-46.524097,,,,1,2023-06-15T14:11:42+00:00
SAO_3745-10,São Paulo,3550308,True,,1044,,,-23.5406615,-46.55180275,,,,1,2023-06-15T14:11:54+00:00
SAO_477P-10,São Paulo,3550308,True,,33116,,,-23.6128265,-46.608872,,,,2,2023-06-15T14:12:19+00:00
SAO_477P-10,São Paulo,3550308,True,,33116,,,-23.602993625,-46.655339624999996,,,,2,2023-06-15T14:09:14+00:00
SAO_477P-10,São Paulo,3550308,True,,33116,,,-23.61986625,-46.674638125,,,,2,2023-06-15T14:11:39+00:00
SAO_477P-10,São Paulo,3550308,True,,33116,,,-23.5857885,-46.762645,,,,2,2023-06-15T14:10:59+00:00
SAO_477P-10,São Paulo,3550308,True,,33116,,,-23.5835325,-46.6160055,,,,2,2023-06-15T14:11:51+00:00
SAO_477P-10,São Paulo,3550308,True,,33116,,,-23.570421000000003,-46.698171,,,,2,2023-06-15T14:11:38+00:00
SAO_477P-10,São Paulo,3550308,True,,33116,,,-23.612551,-46.60875125,,,,2,2023-06-15T14:12:00+00:00
SAO_477P-10,São Paulo,3550308,True,,33116,,,-23.5955655,-46.68007850000001,,,,2,2023-06-15T14:11:52+00:00
SAO_809A-10,São Paulo,3550308,True,,34837,,,-23.586464437500002,-46.75255262500001,,,,2,2023-06-15T14:12:11+00:00
SAO_809A-10,São Paulo,3550308,True,,34837,,,-23.579872249999998,-46.7811344375,,,,2,2023-06-15T14:12:06+00:00
SAO_809A-10,São Paulo,3550308,True,,34837,,,-23.57742125,-46.724182,,,,2,2023-06-15T14:12:14+00:00
SAO_7411-10,São Paulo,3550308,True,,1376,,,-23.5711155,-46.690732499999996,,,,1,2023-06-15T14:11:45+00:00
SAO_3739-10,São Paulo,3550308,True,,33807,,,-23.612183,-46.425065000000004,,,,2,2023-06-15T14:12:20+00:00
SAO_3739-10,São Paulo,3550308,True,,33807,,,-23.5973705,-46.434762500000005,,,,2,2023-06-15T14:11:57+00:00
SAO_3739-10,São Paulo,3550308,True,,33807,,,-23.551401249999998,-46.460696,,,,2,2023-06-15T14:12:10+00:00
SAO_3739-10,São Paulo,3550308,True,,33807,,,-23.542998,-46.4711105,,,,2,2023-06-15T14:11:58+00:00
SAO_3739-10,São Paulo,3550308,True,,33807,,,-23.57804675,-46.44340625,,,,2,2023-06-15T14:12:22+00:00
SAO_3739-10,São Paulo,3550308,True,,33807,,,-23.56859,-46.4473265,,,,2,2023-06-15T14:11:46+00:00
SAO_3739-10,São Paulo,3550308,True,,33807,,,-23.556172,-46.4518075,,,,2,2023-06-15T14:12:22+00:00
SAO_3739-10,São Paulo,3550308,True,,33807,,,-23.61576275,-46.413887375,,,,2,2023-06-15T14:11:50+00:00
SAO_3739-10,São Paulo,3550308,True,,33807,,,-23.61229,-46.416155,,,,2,2023-06-15T14:12:00+00:00
SAO_3739-10,São Paulo,3550308,True,,33807,,,-23.6121585,-46.416186499999995,,,,2,2023-06-15T14:11:58+00:00
SAO_3739-10,São Paulo,3550308,True,,33807,,,-23.545394,-46.461946999999995,,,,2,2023-06-15T14:12:11+00:00
SAO_3739-10,São Paulo,3550308,True,,33807,,,-23.61229,-46.416155,,,,2,2023-06-15T14:12:00+00:00
SAO_9005-10,São Paulo,3550308,True,,872,,,-23.458678749999997,-46.67508175,,,,1,2023-06-15T14:12:02+00:00
SAO_9005-10,São Paulo,3550308,True,,872,,,-23.451468,-46.689738,,,,1,2023-06-15T14:12:01+00:00
SAO_9005-10,São Paulo,3550308,True,,872,,,-23.453954749999998,-46.6753905,,,,1,2023-06-15T14:12:08+00:00
SAO_9005-10,São Paulo,3550308,True,,872,,,-23.472583999999998,-46.6703775,,,,1,2023-06-15T14:12:04+00:00
SAO_9005-10,São Paulo,3550308,True,,872,,,-23.454378499999997,-46.693401,,,,1,2023-06-15T14:12:16+00:00
SAO_8016-10,São Paulo,3550308,True,,1346,,,-23.451037,-46.7186715,,,,1,2023-06-15T14:12:05+00:00
SAO_8016-10,São Paulo,3550308,True,,1346,,,-23.4410405,-46.7324435,,,,1,2023-06-15T14:11:58+00:00
SAO_8016-10,São Paulo,3550308,True,,1346,,,-23.4721695,-46.7252545,,,,1,2023-06-15T14:11:41+00:00
SAO_8016-10,São Paulo,3550308,True,,1346,,,-23.436176,-46.717684625000004,,,,1,2023-06-15T14:11:41+00:00
SAO_5391-10,São Paulo,3550308,True,,32939,,,-23.689302875,-46.773427749999996,,,,2,2023-06-15T14:12:14+00:00
SAO_5391-10,São Paulo,3550308,True,,32939,,,-23.6700625,-46.738017125,,,,2,2023-06-15T14:12:20+00:00
SAO_5391-10,São Paulo,3550308,True,,32939,,,-23.667147,-46.726717,,,,2,2023-06-15T14:11:27+00:00
SAO_5391-10,São Paulo,3550308,True,,32939,,,-23.551664000000002,-46.6372965,,,,2,2023-06-15T14:12:19+00:00
SAO_5391-10,São Paulo,3550308,True,,32939,,,-23.612098,-46.6702855,,,,2,2023-06-15T14:12:15+00:00
SAO_5391-10,São Paulo,3550308,True,,32939,,,-23.6453730625,-46.70219924999999,,,,2,2023-06-15T14:11:57+00:00
SAO_5391-10,São Paulo,3550308,True,,32939,,,-23.592816499999998,-46.6522315,,,,2,2023-06-15T14:12:18+00:00
SAO_5391-10,São Paulo,3550308,True,,32939,,,-23.56784775,-46.64077825,,,,2,2023-06-15T14:12:15+00:00
SAO_4002-10,São Paulo,3550308,True,,2177,,,-23.53496625,-46.451767000000004,,,,1,2023-06-15T14:12:16+00:00
SAO_4002-10,São Paulo,3550308,True,,2177,,,-23.560989,-46.5188635,,,,1,2023-06-15T14:11:49+00:00
SAO_4002-10,São Paulo,3550308,True,,2177,,,-23.53482375,-46.452111,,,,1,2023-06-15T14:11:47+00:00
SAO_4002-10,São Paulo,3550308,True,,2177,,,-23.542303,-46.425173,,,,1,2023-06-15T14:07:52+00:00
SAO_4002-10,São Paulo,3550308,True,,2177,,,-23.557558,-46.3994845,,,,1,2023-06-15T14:11:36+00:00
SAO_2735-10,São Paulo,3550308,True,,1921,,,-23.5305265,-46.5466505,,,,1,2023-06-15T14:11:46+00:00
SAO_2735-10,São Paulo,3550308,True,,1921,,,-23.515144,-46.5502175,,,,1,2023-06-15T14:12:07+00:00
SAO_2735-10,São Paulo,3550308,True,,1921,,,-23.5092415,-46.547533,,,,1,2023-06-15T14:12:09+00:00
SAO_2735-10,São Paulo,3550308,True,,1921,,,-23.4818015,-46.494043500000004,,,,1,2023-06-15T13:54:06+00:00
SAO_2735-10,São Paulo,3550308,True,,1921,,,-23.4966835,-46.5239805,,,,1,2023-06-15T14:11:53+00:00
SAO_978T-10,São Paulo,3550308,True,,889,,,-23.522785499999998,-46.704229,,,,1,2023-06-15T14:12:04+00:00
SAO_978T-10,São Paulo,3550308,True,,889,,,-23.52392425,-46.69132775,,,,1,2023-06-15T14:11:42+00:00
SAO_978T-10,São Paulo,3550308,True,,889,,,-23.512507999999997,-46.690535,,,,1,2023-06-15T14:11:50+00:00
SAO_978T-10,São Paulo,3550308,True,,889,,,-23.5112685,-46.6902285,,,,1,2023-06-15T14:12:08+00:00
SAO_978T-10,São Paulo,3550308,True,,889,,,-23.4608575,-46.687422,,,,1,2023-06-15T14:12:18+00:00
SAO_978T-10,São Paulo,3550308,True,,889,,,-23.526683,-46.667058,,,,1,2023-06-15T14:11:59+00:00
SAO_978T-10,São Paulo,3550308,True,,889,,,-23.515244000000003,-46.69425,,,,1,2023-06-15T14:12:19+00:00
SAO_978T-10,São Paulo,3550308,True,,889,,,-23.505063,-46.6914715,,,,1,2023-06-15T14:12:13+00:00
SAO_978T-10,São Paulo,3550308,True,,889,,,-23.45843275,-46.697115,,,,1,2023-06-15T14:11:49+00:00
SAO_978T-10,São Paulo,3550308,True,,889,,,-23.493143,-46.6965835,,,,1,2023-06-15T14:12:06+00:00
SAO_978T-10,São Paulo,3550308,True,,889,,,-23.4608575,-46.687422,,,,1,2023-06-15T14:11:40+00:00
SAO_978T-10,São Paulo,3550308,True,,889,,,-23.526614000000002,-46.668097,,,,1,2023-06-15T14:12:14+00:00
SAO_978T-10,São Paulo,3550308,True,,889,,,-23.475637,-46.690592249999995,,,,1,2023-06-15T14:11:39+00:00
SAO_978T-10,São Paulo,3550308,True,,889,,,-23.510803,-46.690124499999996,,,,1,2023-06-15T14:11:56+00:00
SAO_978T-10,São Paulo,3550308,True,,889,,,-23.5015735,-46.695100499999995,,,,1,2023-06-15T14:12:01+00:00
SAO_978T-10,São Paulo,3550308,True,,889,,,-23.461057,-46.693392,,,,1,2023-06-15T14:12:10+00:00
SAO_978T-10,São Paulo,3550308,True,,889,,,-23.523922749999997,-46.692278,,,,1,2023-06-15T14:12:05+00:00
SAO_978T-10,São Paulo,3550308,True,,889,,,-23.52392125,-46.693022,,,,1,2023-06-15T14:11:58+00:00
SAO_978T-10,São Paulo,3550308,True,,889,,,-23.4608575,-46.687422,,,,1,2023-06-15T14:12:14+00:00
SAO_978T-10,São Paulo,3550308,True,,889,,,-23.5027985,-46.694418,,,,1,2023-06-15T14:11:54+00:00
SAO_978T-10,São Paulo,3550308,True,,889,,,-23.5215535,-46.7031755,,,,1,2023-06-15T14:12:17+00:00
SAO_978T-10,São Paulo,3550308,True,,889,,,-23.528294000000002,-46.675184,,,,1,2023-06-15T14:11:53+00:00
SAO_5630-10,São Paulo,3550308,True,,32846,,,-23.575008,-46.6414545,,,,2,2023-06-15T14:12:04+00:00
SAO_5630-10,São Paulo,3550308,True,,32846,,,-23.577369750000003,-46.64466675,,,,2,2023-06-15T14:12:16+00:00
SAO_5630-10,São Paulo,3550308,True,,32846,,,-23.6446685,-46.6731685,,,,2,2023-06-15T14:12:01+00:00
SAO_5630-10,São Paulo,3550308,True,,32846,,,-23.705064,-46.702547499999994,,,,2,2023-06-15T14:08:02+00:00
SAO_5630-10,São Paulo,3550308,True,,32846,,,-23.7377555,-46.6976535,,,,2,2023-06-15T14:12:08+00:00
SAO_5630-10,São Paulo,3550308,True,,32846,,,-23.550010999999998,-46.6384365,,,,2,2023-06-15T14:11:51+00:00
SAO_5630-10,São Paulo,3550308,True,,32846,,,-23.5474545,-46.626438,,,,2,2023-06-15T14:12:04+00:00
SAO_5630-10,São Paulo,3550308,True,,32846,,,-23.7211865,-46.698074,,,,2,2023-06-15T14:12:03+00:00
SAO_5630-10,São Paulo,3550308,True,,32846,,,-23.554022500000002,-46.636887,,,,2,2023-06-15T14:11:37+00:00
SAO_6817-10,São Paulo,3550308,True,,27,,,-23.6851545,-46.782897500000004,,,,1,2023-06-15T14:12:13+00:00
SAO_6817-10,São Paulo,3550308,True,,27,,,-23.672487500000003,-46.7733955,,,,1,2023-06-15T14:12:17+00:00
SAO_6817-10,São Paulo,3550308,True,,27,,,-23.6851545,-46.782897500000004,,,,1,2023-06-15T14:12:13+00:00
SAO_6817-10,São Paulo,3550308,True,,27,,,-23.654274,-46.7625595,,,,1,2023-06-15T14:12:02+00:00
SAO_3773-10,São Paulo,3550308,True,,33827,,,-23.598715,-46.464171,,,,2,2023-06-15T14:11:59+00:00
SAO_3773-10,São Paulo,3550308,True,,33827,,,-23.6157045,-46.465323999999995,,,,2,2023-06-15T14:12:01+00:00
SAO_3773-10,São Paulo,3550308,True,,33827,,,-23.607325375000002,-46.480639,,,,2,2023-06-15T14:12:10+00:00
SAO_3773-10,São Paulo,3550308,True,,33827,,,-23.615998,-46.4650945,,,,2,2023-06-15T14:11:40+00:00
SAO_3773-10,São Paulo,3550308,True,,33827,,,-23.5460685,-46.528548,,,,2,2023-06-15T14:12:05+00:00
SAO_3773-10,São Paulo,3550308,True,,33827,,,-23.5833195,-46.492323,,,,2,2023-06-15T14:11:43+00:00
SAO_971V-10,São Paulo,3550308,True,,619,,,-23.50536475,-46.624964125000005,,,,1,2023-06-15T14:12:02+00:00
SAO_971V-10,São Paulo,3550308,True,,619,,,-23.502999,-46.624904,,,,1,2023-06-15T14:11:37+00:00
SAO_971V-10,São Paulo,3550308,True,,619,,,-23.451514500000002,-46.6903755,,,,1,2023-06-15T14:11:59+00:00
SAO_971V-10,São Paulo,3550308,True,,619,,,-23.452334999999998,-46.687998,,,,1,2023-06-15T14:12:09+00:00
SAO_971V-10,São Paulo,3550308,True,,619,,,-23.47792,-46.67738025,,,,1,2023-06-15T14:11:41+00:00
SAO_971V-10,São Paulo,3550308,True,,619,,,-23.5131826875,-46.6161215,,,,1,2023-06-15T14:12:06+00:00
SAO_971V-10,São Paulo,3550308,True,,619,,,-23.492384,-46.656189999999995,,,,1,2023-06-15T14:12:14+00:00
SAO_6822-10,São Paulo,3550308,True,,32790,,,-23.6536315,-46.789668000000006,,,,2,2023-06-15T14:11:54+00:00
SAO_6822-10,São Paulo,3550308,True,,32790,,,-23.6513395,-46.790861,,,,2,2023-06-15T14:12:21+00:00
SAO_6822-10,São Paulo,3550308,True,,32790,,,-23.65385975,-46.79008575,,,,2,2023-06-15T14:12:02+00:00
SAO_3778-10,São Paulo,3550308,True,,1062,,,-23.569554,-46.486423,,,,1,2023-06-15T14:12:18+00:00
SAO_3778-10,São Paulo,3550308,True,,1062,,,-23.55342375,-46.52788325,,,,1,2023-06-15T14:11:57+00:00
SAO_3778-10,São Paulo,3550308,True,,1062,,,-23.541057000000002,-46.55384275,,,,1,2023-06-15T14:07:05+00:00
SAO_3778-10,São Paulo,3550308,True,,1062,,,-23.55036275,-46.533575,,,,1,2023-06-15T14:12:21+00:00
SAO_3778-10,São Paulo,3550308,True,,1062,,,-23.5739285,-46.492082999999994,,,,1,2023-06-15T14:11:46+00:00
SAO_3778-10,São Paulo,3550308,True,,1062,,,-23.571637000000003,-46.5062955,,,,1,2023-06-15T14:12:18+00:00
SAO_3778-10,São Paulo,3550308,True,,1062,,,-23.538655499999997,-46.564793,,,,1,2023-06-15T14:11:42+00:00
SAO_3778-10,São Paulo,3550308,True,,1062,,,-23.5726045,-46.50007925,,,,1,2023-06-15T14:11:50+00:00
SAO_121G-10,São Paulo,3550308,True,,691,,,-23.521499249999998,-46.562623,,,,1,2023-06-15T14:12:10+00:00
SAO_121G-10,São Paulo,3550308,True,,691,,,-23.481184,-46.60009575,,,,1,2023-06-15T14:12:07+00:00
SAO_121G-10,São Paulo,3550308,True,,691,,,-23.51505575,-46.570106249999995,,,,1,2023-06-15T14:12:17+00:00
SAO_121G-10,São Paulo,3550308,True,,691,,,-23.5027625,-46.5720745,,,,1,2023-06-15T14:11:59+00:00
SAO_121G-10,São Paulo,3550308,True,,691,,,-23.491342250000002,-46.574462,,,,1,2023-06-15T14:12:03+00:00
SAO_121G-10,São Paulo,3550308,True,,691,,,-23.481323500000002,-46.59416025,,,,1,2023-06-15T14:11:42+00:00
SAO_8007-10,São Paulo,3550308,True,,1257,,,-23.4855005,-46.7258875,,,,1,2023-06-15T14:12:14+00:00
SAO_8007-10,São Paulo,3550308,True,,1257,,,-23.4869535,-46.736667999999995,,,,1,2023-06-15T14:12:15+00:00
SAO_3762-10,São Paulo,3550308,True,,1053,,,-23.543774499999998,-46.5704915,,,,1,2023-06-15T14:12:12+00:00
SAO_3762-10,São Paulo,3550308,True,,1053,,,-23.573019000000002,-46.5331085,,,,1,2023-06-15T14:11:52+00:00
SAO_3762-10,São Paulo,3550308,True,,1053,,,-23.586036999999997,-46.518143,,,,1,2023-06-15T14:12:14+00:00
SAO_3762-10,São Paulo,3550308,True,,1053,,,-23.5496335,-46.548181625,,,,1,2023-06-15T14:12:16+00:00
SAO_3762-10,São Paulo,3550308,True,,1053,,,-23.585531000000003,-46.519232,,,,1,2023-06-15T14:12:18+00:00
SAO_3762-10,São Paulo,3550308,True,,1053,,,-23.546659375,-46.55496975,,,,1,2023-06-15T14:12:08+00:00
SAO_3762-10,São Paulo,3550308,True,,1053,,,-23.5592495,-46.546018000000004,,,,1,2023-06-15T14:12:21+00:00
SAO_3762-10,São Paulo,3550308,True,,1053,,,-23.5428875,-46.576916999999995,,,,1,2023-06-15T14:11:52+00:00
SAO_3762-10,São Paulo,3550308,True,,1053,,,-23.55543075,-46.55210225,,,,1,2023-06-15T14:12:16+00:00
SAO_9301-10,São Paulo,3550308,True,,458,,,-23.5134765,-46.65666175,,,,1,2023-06-15T14:12:15+00:00
SAO_9301-10,São Paulo,3550308,True,,458,,,-23.496439000000002,-46.6625765,,,,1,2023-06-15T14:12:03+00:00
SAO_9301-10,São Paulo,3550308,True,,458,,,-23.542839999999998,-46.6362885,,,,1,2023-06-15T14:11:58+00:00
SAO_6039-21,São Paulo,3550308,True,,2493,,,-23.6548545,-46.762672499999994,,,,1,2023-06-15T14:11:56+00:00
SAO_6039-21,São Paulo,3550308,True,,2493,,,-23.678938,-46.7943915,,,,1,2023-06-15T14:11:40+00:00
SAO_971D-10,São Paulo,3550308,True,,33477,,,-23.450640999999997,-46.699346500000004,,,,2,2023-06-15T14:12:19+00:00
SAO_971D-10,São Paulo,3550308,True,,33477,,,-23.499703,-46.624505,,,,2,2023-06-15T14:12:11+00:00
SAO_971D-10,São Paulo,3550308,True,,33477,,,-23.44795,-46.697022000000004,,,,2,2023-06-15T14:12:00+00:00
SAO_971D-10,São Paulo,3550308,True,,33477,,,-23.4517795,-46.6981375,,,,2,2023-06-15T14:11:38+00:00
SAO_971D-10,São Paulo,3550308,True,,33477,,,-23.4979755,-46.627562,,,,2,2023-06-15T14:11:41+00:00
SAO_971D-10,São Paulo,3550308,True,,33477,,,-23.49412925,-46.626003999999995,,,,2,2023-06-15T14:09:46+00:00
SAO_3741-10,São Paulo,3550308,True,,1041,,,-23.542352,-46.470546999999996,,,,1,2023-06-15T14:12:02+00:00
SAO_3741-10,São Paulo,3550308,True,,1041,,,-23.544235,-46.4490275,,,,1,2023-06-15T14:12:20+00:00
SAO_3741-10,São Paulo,3550308,True,,1041,,,-23.561774,-46.459436,,,,1,2023-06-15T14:12:05+00:00
SAO_3741-10,São Paulo,3550308,True,,1041,,,-23.542323500000002,-46.470389499999996,,,,1,2023-06-15T14:11:58+00:00
SAO_3741-10,São Paulo,3550308,True,,1041,,,-23.550766250000002,-46.450301125,,,,1,2023-06-15T14:11:50+00:00
SAO_3741-10,São Paulo,3550308,True,,1041,,,-23.55468175,-46.464259,,,,1,2023-06-15T14:12:18+00:00
SAO_3021-10,São Paulo,3550308,True,,33044,,,-23.5892045,-46.5428335,,,,2,2023-06-15T14:12:21+00:00
SAO_4709-10,São Paulo,3550308,True,,33101,,,-23.620055999999998,-46.60305137500001,,,,2,2023-06-15T14:12:18+00:00
SAO_4709-10,São Paulo,3550308,True,,33101,,,-23.5894755,-46.633868,,,,2,2023-06-15T14:11:47+00:00
SAO_4709-10,São Paulo,3550308,True,,33101,,,-23.598013,-46.636750750000004,,,,2,2023-06-15T14:12:03+00:00
SAO_4709-10,São Paulo,3550308,True,,33101,,,-23.5894755,-46.633868,,,,2,2023-06-15T14:12:20+00:00
SAO_576C-10,São Paulo,3550308,True,,1290,,,-23.678064999999997,-46.6840695,,,,1,2023-06-15T14:12:07+00:00
SAO_576C-10,São Paulo,3550308,True,,1290,,,-23.6490915,-46.7033445,,,,1,2023-06-15T14:11:50+00:00
SAO_576C-10,São Paulo,3550308,True,,1290,,,-23.6403055,-46.634141,,,,1,2023-06-15T14:12:17+00:00
SAO_576C-10,São Paulo,3550308,True,,1290,,,-23.660817,-46.651593500000004,,,,1,2023-06-15T14:11:49+00:00
SAO_576C-10,São Paulo,3550308,True,,1290,,,-23.652390500000003,-46.658559749999995,,,,1,2023-06-15T14:11:56+00:00
SAO_576C-10,São Paulo,3550308,True,,1290,,,-23.653447625,-46.666535749999994,,,,1,2023-06-15T14:12:00+00:00
SAO_576C-10,São Paulo,3550308,True,,1290,,,-23.66817475,-46.68946625,,,,1,2023-06-15T14:12:09+00:00
SAO_273D-10,São Paulo,3550308,True,,222,,,-23.494658,-46.426776000000004,,,,1,2023-06-15T14:11:49+00:00
SAO_273D-10,São Paulo,3550308,True,,222,,,-23.5105395,-46.437884499999996,,,,1,2023-06-15T14:12:00+00:00
SAO_273D-10,São Paulo,3550308,True,,222,,,-23.5169785,-46.4757555,,,,1,2023-06-15T14:12:21+00:00
SAO_273D-10,São Paulo,3550308,True,,222,,,-23.515909750000002,-46.46708712499999,,,,1,2023-06-15T14:11:45+00:00
SAO_273D-10,São Paulo,3550308,True,,222,,,-23.5255365,-46.411716999999996,,,,1,2023-06-15T14:11:56+00:00
SAO_273D-10,São Paulo,3550308,True,,222,,,-23.522900874999998,-46.47532375,,,,1,2023-06-15T14:12:00+00:00
SAO_273D-10,São Paulo,3550308,True,,222,,,-23.516624,-46.478505,,,,1,2023-06-15T14:11:44+00:00
SAO_273L-10,São Paulo,3550308,True,,224,,,-23.5346275,-46.417594625,,,,1,2023-06-15T14:11:37+00:00
SAO_273L-10,São Paulo,3550308,True,,224,,,-23.51814125,-46.443884875,,,,1,2023-06-15T14:12:09+00:00
SAO_273L-10,São Paulo,3550308,True,,224,,,-23.512560999999998,-46.427344,,,,1,2023-06-15T14:11:59+00:00
SAO_273L-10,São Paulo,3550308,True,,224,,,-23.5337065,-46.4548425,,,,1,2023-06-15T14:11:48+00:00
SAO_5300-10,São Paulo,3550308,True,,33122,,,-23.5503985,-46.63575725,,,,2,2023-06-15T14:12:17+00:00
SAO_5300-10,São Paulo,3550308,True,,33122,,,-23.5818195,-46.657885500000006,,,,2,2023-06-15T14:11:38+00:00
SAO_5300-10,São Paulo,3550308,True,,33122,,,-23.640416000000002,-46.6982995,,,,2,2023-06-15T14:12:22+00:00
SAO_5300-10,São Paulo,3550308,True,,33122,,,-23.654038,-46.708869500000006,,,,2,2023-06-15T14:12:10+00:00
SAO_5300-10,São Paulo,3550308,True,,33122,,,-23.5961815,-46.65530700000001,,,,2,2023-06-15T14:12:13+00:00
SAO_5300-10,São Paulo,3550308,True,,33122,,,-23.572406125,-46.641142875,,,,2,2023-06-15T14:11:47+00:00
SAO_5300-10,São Paulo,3550308,True,,33122,,,-23.60203975,-46.660861249999996,,,,2,2023-06-15T14:11:43+00:00
SAO_5300-10,São Paulo,3550308,True,,33122,,,-23.650700999999998,-46.707818,,,,2,2023-06-15T14:12:16+00:00
SAO_5300-10,São Paulo,3550308,True,,33122,,,-23.653890625,-46.71154075,,,,2,2023-06-15T14:11:58+00:00
SAO_5300-10,São Paulo,3550308,True,,33122,,,-23.5483595,-46.6297835,,,,2,2023-06-15T14:12:21+00:00
SAO_273G-10,São Paulo,3550308,True,,32991,,,-23.504894999999998,-46.473764,,,,2,2023-06-15T14:11:51+00:00
SAO_273G-10,São Paulo,3550308,True,,32991,,,-23.4815445,-46.41688925,,,,2,2023-06-15T14:12:06+00:00
SAO_273G-10,São Paulo,3550308,True,,32991,,,-23.540487,-46.483374,,,,2,2023-06-15T14:11:47+00:00
SAO_273G-10,São Paulo,3550308,True,,32991,,,-23.5369655,-46.4752435,,,,2,2023-06-15T14:12:15+00:00
SAO_273G-10,São Paulo,3550308,True,,32991,,,-23.513362750000002,-46.476787,,,,2,2023-06-15T14:11:42+00:00
SAO_273G-10,São Paulo,3550308,True,,32991,,,-23.4981065,-46.45855675,,,,2,2023-06-15T14:11:37+00:00
SAO_273G-10,São Paulo,3550308,True,,32991,,,-23.490626,-46.439096,,,,2,2023-06-15T14:10:04+00:00
SAO_273G-10,São Paulo,3550308,True,,32991,,,-23.481525249999997,-46.41659775,,,,2,2023-06-15T14:11:45+00:00
SAO_273G-10,São Paulo,3550308,True,,32991,,,-23.5384885,-46.47931125,,,,2,2023-06-15T14:08:50+00:00
SAO_273G-10,São Paulo,3550308,True,,32991,,,-23.5389105,-46.481078,,,,2,2023-06-15T14:11:33+00:00
SAO_273G-10,São Paulo,3550308,True,,32991,,,-23.52797175,-46.47427625,,,,2,2023-06-15T14:10:51+00:00
SAO_2076-10,São Paulo,3550308,True,,33136,,,-23.510806000000002,-46.5031455,,,,2,2023-06-15T14:11:41+00:00
SAO_2076-10,São Paulo,3550308,True,,33136,,,-23.494052500000002,-46.419838999999996,,,,2,2023-06-15T14:11:53+00:00
SAO_2076-10,São Paulo,3550308,True,,33136,,,-23.496066,-46.4561735,,,,2,2023-06-15T14:12:09+00:00
SAO_2076-10,São Paulo,3550308,True,,33136,,,-23.5037935,-46.379870499999996,,,,2,2023-06-15T14:11:36+00:00
SAO_2076-10,São Paulo,3550308,True,,33136,,,-23.503297375,-46.390640250000004,,,,2,2023-06-15T14:11:48+00:00
SAO_2076-10,São Paulo,3550308,True,,33136,,,-23.484490125,-46.47646475,,,,2,2023-06-15T14:11:49+00:00
SAO_2076-10,São Paulo,3550308,True,,33136,,,-23.52313325,-46.543812,,,,2,2023-06-15T14:11:39+00:00
SAO_3032-10,São Paulo,3550308,True,,33488,,,-23.56145075,-46.499752,,,,2,2023-06-15T14:11:58+00:00
SAO_3032-10,São Paulo,3550308,True,,33488,,,-23.56041775,-46.484408,,,,2,2023-06-15T14:12:06+00:00
SAO_715M-10,São Paulo,3550308,True,EMTU,490,https://moovitapp.com/index/pt-br/transporte_p%C3%BAblico-line-490-Sao_Paulo-242-2038937-36419517-0,5.15,-23.566740125,-46.65144025,,,,1,2023-06-15T14:11:52+00:00
SAO_715M-10,São Paulo,3550308,True,EMTU,490,https://moovitapp.com/index/pt-br/transporte_p%C3%BAblico-line-490-Sao_Paulo-242-2038937-36419517-0,5.15,-23.583236999999997,-46.761977,,,,1,2023-06-15T14:12:06+00:00
SAO_715M-10,São Paulo,3550308,True,EMTU,490,https://moovitapp.com/index/pt-br/transporte_p%C3%BAblico-line-490-Sao_Paulo-242-2038937-36419517-0,5.15,-23.572526,-46.704663,,,,1,2023-06-15T14:12:23+00:00
SAO_715M-10,São Paulo,3550308,True,EMTU,490,https://moovitapp.com/index/pt-br/transporte_p%C3%BAblico-line-490-Sao_Paulo-242-2038937-36419517-0,5.15,-23.578629499999998,-46.7493435,,,,1,2023-06-15T14:12:14+00:00
SAO_715M-10,São Paulo,3550308,True,EMTU,490,https://moovitapp.com/index/pt-br/transporte_p%C3%BAblico-line-490-Sao_Paulo-242-2038937-36419517-0,5.15,-23.5591865,-46.637835499999994,,,,1,2023-06-15T14:12:15+00:00
SAO_715M-10,São Paulo,3550308,True,EMTU,490,https://moovitapp.com/index/pt-br/transporte_p%C3%BAblico-line-490-Sao_Paulo-242-2038937-36419517-0,5.15,-23.55833775,-46.667919999999995,,,,1,2023-06-15T14:12:09+00:00
SAO_715M-10,São Paulo,3550308,True,EMTU,490,https://moovitapp.com/index/pt-br/transporte_p%C3%BAblico-line-490-Sao_Paulo-242-2038937-36419517-0,5.15,-23.575131,-46.729327,,,,1,2023-06-15T14:12:08+00:00
SAO_715M-10,São Paulo,3550308,True,EMTU,490,https://moovitapp.com/index/pt-br/transporte_p%C3%BAblico-line-490-Sao_Paulo-242-2038937-36419517-0,5.15,-23.5725605,-46.704529,,,,1,2023-06-15T14:12:22+00:00
SAO_6000-10,São Paulo,3550308,True,,33908,,,-23.770527,-46.718466500000005,,,,2,2023-06-15T14:11:51+00:00
SAO_6000-10,São Paulo,3550308,True,,33908,,,-23.675507250000003,-46.712464,,,,2,2023-06-15T14:12:09+00:00
SAO_6000-10,São Paulo,3550308,True,,33908,,,-23.82642525,-46.732391,,,,2,2023-06-15T14:12:10+00:00
SAO_6000-10,São Paulo,3550308,True,,33908,,,-23.665322,-46.71104,,,,2,2023-06-15T14:11:02+00:00
SAO_6000-10,São Paulo,3550308,True,,33908,,,-23.658461,-46.7064735,,,,2,2023-06-15T14:12:01+00:00
SAO_6000-10,São Paulo,3550308,True,,33908,,,-23.7182575,-46.6989945,,,,2,2023-06-15T14:11:51+00:00
SAO_6000-10,São Paulo,3550308,True,,33908,,,-23.7669095,-46.7173155,,,,2,2023-06-15T14:10:33+00:00
SAO_6000-10,São Paulo,3550308,True,,33908,,,-23.7531465,-46.711273000000006,,,,2,2023-06-15T14:11:44+00:00
SAO_6000-10,São Paulo,3550308,True,,33908,,,-23.710615500000003,-46.71140025,,,,2,2023-06-15T14:11:42+00:00
SAO_6000-10,São Paulo,3550308,True,,33908,,,-23.817425749999998,-46.734432874999996,,,,2,2023-06-15T14:11:46+00:00
SAO_6000-10,São Paulo,3550308,True,,33908,,,-23.689193500000002,-46.7147475,,,,2,2023-06-15T14:12:02+00:00
SAO_6000-10,São Paulo,3550308,True,,33908,,,-23.826017625,-46.732854499999995,,,,2,2023-06-15T14:11:49+00:00
SAO_118Y-10,São Paulo,3550308,True,,33609,,,-23.507309,-46.68417050000001,,,,2,2023-06-15T14:12:01+00:00
SAO_118Y-10,São Paulo,3550308,True,,33609,,,-23.47602,-46.641611499999996,,,,2,2023-06-15T14:11:56+00:00
SAO_118Y-10,São Paulo,3550308,True,,33609,,,-23.4822925,-46.6533565,,,,2,2023-06-15T14:11:41+00:00
SAO_118Y-10,São Paulo,3550308,True,,33609,,,-23.47447,-46.637241,,,,2,2023-06-15T14:12:16+00:00
SAO_118Y-10,São Paulo,3550308,True,,33609,,,-23.4940945,-46.672283,,,,2,2023-06-15T14:12:07+00:00
SAO_118Y-10,São Paulo,3550308,True,,33609,,,-23.472411,-46.634502749999996,,,,2,2023-06-15T14:11:39+00:00
SAO_118Y-10,São Paulo,3550308,True,,33609,,,-23.5196005,-46.7024955,,,,2,2023-06-15T14:11:55+00:00
SAO_408A-10,São Paulo,3550308,True,,766,,,-23.54375725,-46.649758375000005,,,,1,2023-06-15T14:11:55+00:00
SAO_408A-10,São Paulo,3550308,True,,766,,,-23.571598,-46.630553,,,,1,2023-06-15T14:12:05+00:00
SAO_408A-10,São Paulo,3550308,True,,766,,,-23.550455,-46.631951,,,,1,2023-06-15T14:11:45+00:00
SAO_408A-10,São Paulo,3550308,True,,766,,,-23.544366874999998,-46.638432125,,,,1,2023-06-15T14:12:22+00:00
SAO_6451-10,São Paulo,3550308,True,,61,,,-23.568426000000002,-46.6602445625,,,,1,2023-06-15T14:12:23+00:00
SAO_6451-10,São Paulo,3550308,True,,61,,,-23.56705225,-46.658919,,,,1,2023-06-15T14:12:07+00:00
SAO_6451-10,São Paulo,3550308,True,,61,,,-23.649198,-46.7526175,,,,1,2023-06-15T14:11:49+00:00
SAO_6451-10,São Paulo,3550308,True,,61,,,-23.59001725,-46.69107149999999,,,,1,2023-06-15T14:11:53+00:00
SAO_6451-10,São Paulo,3550308,True,,61,,,-23.642786,-46.724813,,,,1,2023-06-15T14:11:57+00:00
SAO_6451-10,São Paulo,3550308,True,,61,,,-23.64961175,-46.75538625,,,,1,2023-06-15T14:11:50+00:00
SAO_6451-10,São Paulo,3550308,True,,61,,,-23.649541,-46.7512075,,,,1,2023-06-15T14:11:48+00:00
SAO_6451-10,São Paulo,3550308,True,,61,,,-23.5512085,-46.6456885,,,,1,2023-06-15T14:12:17+00:00
SAO_6451-10,São Paulo,3550308,True,,61,,,-23.583760249999997,-46.6868875,,,,1,2023-06-15T14:11:52+00:00
SAO_6451-10,São Paulo,3550308,True,,61,,,-23.60888925,-46.697582499999996,,,,1,2023-06-15T14:12:18+00:00
SAO_6451-10,São Paulo,3550308,True,,61,,,-23.598056999999997,-46.6931175,,,,1,2023-06-15T14:12:03+00:00
SAO_6451-10,São Paulo,3550308,True,,61,,,-23.571449,-46.663485,,,,1,2023-06-15T14:12:23+00:00
SAO_6451-10,São Paulo,3550308,True,,61,,,-23.637232,-46.720438,,,,1,2023-06-15T14:12:08+00:00
SAO_6451-10,São Paulo,3550308,True,,61,,,-23.6260415,-46.7095495,,,,1,2023-06-15T14:12:01+00:00
SAO_6232-10,São Paulo,3550308,True,STT,483,https://moovitapp.com/index/pt-br/transporte_p%C3%BAblico-line-483-Sao_Paulo-242-850661-183322-0,5.3,-23.55650025,-46.67573287500001,,,,1,2023-06-15T14:12:14+00:00
SAO_6232-10,São Paulo,3550308,True,STT,483,https://moovitapp.com/index/pt-br/transporte_p%C3%BAblico-line-483-Sao_Paulo-242-850661-183322-0,5.3,-23.553422750000003,-46.698097000000004,,,,1,2023-06-15T14:11:47+00:00
SAO_5123-10,São Paulo,3550308,True,,1125,,,-23.676444,-46.6418475,,,,1,2023-06-15T14:12:00+00:00
SAO_5123-10,São Paulo,3550308,True,,1125,,,-23.6822825,-46.6363235,,,,1,2023-06-15T14:12:02+00:00
SAO_5123-10,São Paulo,3550308,True,,1125,,,-23.59562275,-46.642447000000004,,,,1,2023-06-15T14:12:10+00:00
SAO_5123-10,São Paulo,3550308,True,,1125,,,-23.6593975,-46.636264875,,,,1,2023-06-15T14:11:42+00:00
SAO_5123-10,São Paulo,3550308,True,,1125,,,-23.600730499999997,-46.63492,,,,1,2023-06-15T14:11:40+00:00
SAO_5123-10,São Paulo,3550308,True,,1125,,,-23.662988,-46.6376995,,,,1,2023-06-15T14:12:17+00:00
SAO_5123-10,São Paulo,3550308,True,,1125,,,-23.618917500000002,-46.639234,,,,1,2023-06-15T14:12:00+00:00
SAO_5123-10,São Paulo,3550308,True,,1125,,,-23.59965425,-46.638943,,,,1,2023-06-15T14:12:11+00:00
SAO_5123-10,São Paulo,3550308,True,,1125,,,-23.641212,-46.641411500000004,,,,1,2023-06-15T14:11:42+00:00
SAO_3020-10,São Paulo,3550308,True,,958,,,-23.572844500000002,-46.4911005,,,,1,2023-06-15T14:11:57+00:00
SAO_3020-10,São Paulo,3550308,True,,958,,,-23.5531335,-46.43136,,,,1,2023-06-15T14:11:53+00:00
SAO_3020-10,São Paulo,3550308,True,,958,,,-23.563811,-46.5022595,,,,1,2023-06-15T14:12:14+00:00
SAO_3020-10,São Paulo,3550308,True,,958,,,-23.533719124999998,-46.44977075,,,,1,2023-06-15T14:11:52+00:00
SAO_3020-10,São Paulo,3550308,True,,958,,,-23.5451865,-46.4607915,,,,1,2023-06-15T14:11:55+00:00
SAO_5036-10,São Paulo,3550308,True,,34434,,,-23.645803,-46.6078705,,,,2,2023-06-15T14:11:56+00:00
SAO_5036-10,São Paulo,3550308,True,,34434,,,-23.597941374999998,-46.608677,,,,2,2023-06-15T14:11:37+00:00
SAO_5036-10,São Paulo,3550308,True,,34434,,,-23.6169495,-46.6062035,,,,2,2023-06-15T14:12:08+00:00
SAO_6812-10,São Paulo,3550308,True,,34010,,,-23.656916250000002,-46.701055499999995,,,,2,2023-06-15T14:11:51+00:00
SAO_6812-10,São Paulo,3550308,True,,34010,,,-23.73195075,-46.790341,,,,2,2023-06-15T14:11:16+00:00
SAO_6812-10,São Paulo,3550308,True,,34010,,,-23.73195075,-46.790341,,,,2,2023-06-15T14:11:58+00:00
SAO_6812-10,São Paulo,3550308,True,,34010,,,-23.727213,-46.7863825,,,,2,2023-06-15T14:11:51+00:00
SAO_6812-10,São Paulo,3550308,True,,34010,,,-23.699323,-46.780207,,,,2,2023-06-15T14:11:46+00:00
SAO_297A-10,São Paulo,3550308,True,,2133,,,-23.525072,-46.66675,,,,1,2023-06-15T14:12:05+00:00
SAO_297A-10,São Paulo,3550308,True,,2133,,,-23.50757525,-46.68142725,,,,1,2023-06-15T14:12:15+00:00
SAO_297A-10,São Paulo,3550308,True,,2133,,,-23.525046875,-46.667098374999995,,,,1,2023-06-15T14:12:16+00:00
SAO_297A-10,São Paulo,3550308,True,,2133,,,-23.5036915,-46.67682275,,,,1,2023-06-15T14:12:00+00:00
SAO_297A-10,São Paulo,3550308,True,,2133,,,-23.5021335,-46.6730565,,,,1,2023-06-15T14:11:57+00:00
SAO_715M-10,São Paulo,3550308,True,,33258,,,-23.56761925,-46.684419000000005,,,,2,2023-06-15T14:11:52+00:00
SAO_715M-10,São Paulo,3550308,True,,33258,,,-23.558980000000002,-46.642120500000004,,,,2,2023-06-15T14:11:43+00:00
SAO_715M-10,São Paulo,3550308,True,,33258,,,-23.57056975,-46.6439075,,,,2,2023-06-15T14:12:21+00:00
SAO_715M-10,São Paulo,3550308,True,,33258,,,-23.5635315,-46.6457605,,,,2,2023-06-15T14:11:45+00:00
SAO_715M-10,São Paulo,3550308,True,,33258,,,-23.572222,-46.700846999999996,,,,2,2023-06-15T14:12:22+00:00
SAO_715M-10,São Paulo,3550308,True,,33258,,,-23.574123,-46.735031000000006,,,,2,2023-06-15T14:11:51+00:00
SAO_715M-10,São Paulo,3550308,True,,33258,,,-23.558881500000002,-46.637461875,,,,2,2023-06-15T14:12:17+00:00
SAO_106A-10,São Paulo,3550308,True,,516,,,-23.503476,-46.6249045,,,,1,2023-06-15T14:11:39+00:00
SAO_106A-10,São Paulo,3550308,True,,516,,,-23.511498500000002,-46.628629000000004,,,,1,2023-06-15T14:12:01+00:00
SAO_106A-10,São Paulo,3550308,True,,516,,,-23.5135205,-46.629732000000004,,,,1,2023-06-15T14:12:08+00:00
SAO_106A-10,São Paulo,3550308,True,,516,,,-23.575287250000002,-46.66902975,,,,1,2023-06-15T14:11:54+00:00
SAO_106A-10,São Paulo,3550308,True,,516,,,-23.515836999999998,-46.629764,,,,1,2023-06-15T14:11:46+00:00
SAO_106A-10,São Paulo,3550308,True,,516,,,-23.591614,-46.688942499999996,,,,1,2023-06-15T14:12:14+00:00
SAO_106A-10,São Paulo,3550308,True,,516,,,-23.5849185,-46.673345499999996,,,,1,2023-06-15T14:11:49+00:00
SAO_106A-10,São Paulo,3550308,True,,516,,,-23.5854545,-46.673177,,,,1,2023-06-15T14:12:04+00:00
SAO_106A-10,São Paulo,3550308,True,,516,,,-23.586742,-46.675079,,,,1,2023-06-15T14:11:23+00:00
SAO_106A-10,São Paulo,3550308,True,,516,,,-23.558258000000002,-46.653583999999995,,,,1,2023-06-15T14:12:14+00:00
SAO_5127-10,São Paulo,3550308,True,,33895,,,-23.677825,-46.701614500000005,,,,2,2023-06-15T14:12:06+00:00
SAO_5127-10,São Paulo,3550308,True,,33895,,,-23.692935,-46.660601,,,,2,2023-06-15T14:11:52+00:00
SAO_5127-10,São Paulo,3550308,True,,33895,,,-23.70211425,-46.640169,,,,2,2023-06-15T14:11:41+00:00
SAO_5127-10,São Paulo,3550308,True,,33895,,,-23.676564,-46.698633,,,,2,2023-06-15T14:11:38+00:00
SAO_5127-10,São Paulo,3550308,True,,33895,,,-23.677825,-46.701614500000005,,,,2,2023-06-15T14:12:13+00:00
SAO_5127-10,São Paulo,3550308,True,,33895,,,-23.702263000000002,-46.639984,,,,2,2023-06-15T14:12:20+00:00
SAO_5127-10,São Paulo,3550308,True,,33895,,,-23.6943785,-46.656471749999994,,,,2,2023-06-15T14:10:20+00:00
SAO_778J-10,São Paulo,3550308,True,EMTU,508,https://moovitapp.com/index/pt-br/transporte_p%C3%BAblico-line-508-Sao_Paulo-242-2038937-36419530-0,5.65,-23.58381225,-46.769287500000004,,,,1,2023-06-15T14:12:14+00:00
SAO_778J-10,São Paulo,3550308,True,EMTU,508,https://moovitapp.com/index/pt-br/transporte_p%C3%BAblico-line-508-Sao_Paulo-242-2038937-36419530-0,5.65,-23.526236500000003,-46.671999,,,,1,2023-06-15T14:12:00+00:00
SAO_778J-10,São Paulo,3550308,True,EMTU,508,https://moovitapp.com/index/pt-br/transporte_p%C3%BAblico-line-508-Sao_Paulo-242-2038937-36419530-0,5.65,-23.5765715,-46.763028500000004,,,,1,2023-06-15T14:11:43+00:00
SAO_5029-10,São Paulo,3550308,True,,1672,,,-23.622964000000003,-46.5900635,,,,1,2023-06-15T14:11:58+00:00
SAO_5029-10,São Paulo,3550308,True,,1672,,,-23.6031375,-46.599312999999995,,,,1,2023-06-15T14:12:21+00:00
SAO_5029-10,São Paulo,3550308,True,,1672,,,-23.607378000000004,-46.59777425,,,,1,2023-06-15T14:11:44+00:00
SAO_5029-10,São Paulo,3550308,True,,1672,,,-23.6147375,-46.596948499999996,,,,1,2023-06-15T14:12:09+00:00
SAO_5029-10,São Paulo,3550308,True,,1672,,,-23.6240915,-46.586368375000006,,,,1,2023-06-15T14:11:59+00:00
SAO_3762-10,São Paulo,3550308,True,,33821,,,-23.570710249999998,-46.53923125,,,,2,2023-06-15T14:11:56+00:00
SAO_3762-10,São Paulo,3550308,True,,33821,,,-23.545934624999997,-46.573214625,,,,2,2023-06-15T14:12:13+00:00
SAO_3762-10,São Paulo,3550308,True,,33821,,,-23.581445,-46.518536999999995,,,,2,2023-06-15T14:12:18+00:00
SAO_3762-10,São Paulo,3550308,True,,33821,,,-23.55531025,-46.55244675,,,,2,2023-06-15T14:11:51+00:00
SAO_3762-10,São Paulo,3550308,True,,33821,,,-23.5437345,-46.5620645,,,,2,2023-06-15T14:11:47+00:00
SAO_3762-10,São Paulo,3550308,True,,33821,,,-23.579010500000003,-46.5176665,,,,2,2023-06-15T14:11:55+00:00
SAO_3762-10,São Paulo,3550308,True,,33821,,,-23.55147925,-46.55122375,,,,2,2023-06-15T14:12:20+00:00
SAO_3762-10,São Paulo,3550308,True,,33821,,,-23.5727035,-46.534527499999996,,,,2,2023-06-15T14:12:07+00:00
SAO_3762-10,São Paulo,3550308,True,,33821,,,-23.5909755,-46.5166185,,,,2,2023-06-15T14:12:18+00:00
SAO_2029-10,São Paulo,3550308,True,,35038,,,-23.4308,-46.5751545,,,,2,2023-06-15T14:11:43+00:00
SAO_2029-10,São Paulo,3550308,True,,35038,,,-23.46284,-46.5951165,,,,2,2023-06-15T14:10:52+00:00
SAO_2029-10,São Paulo,3550308,True,,35038,,,-23.431675750000004,-46.5774935,,,,2,2023-06-15T14:11:54+00:00
SAO_2029-10,São Paulo,3550308,True,,35038,,,-23.430656,-46.575369499999994,,,,2,2023-06-15T14:12:05+00:00
SAO_3019-10,São Paulo,3550308,True,,957,,,-23.576628,-46.408442,,,,1,2023-06-15T14:12:20+00:00
SAO_3025-10,São Paulo,3550308,True,,961,,,-23.5774585,-46.3974935,,,,1,2023-06-15T14:12:08+00:00
SAO_3025-10,São Paulo,3550308,True,,961,,,-23.5427145,-46.4149935,,,,1,2023-06-15T14:11:44+00:00
SAO_3025-10,São Paulo,3550308,True,,961,,,-23.5774585,-46.3974935,,,,1,2023-06-15T14:11:53+00:00
SAO_3025-10,São Paulo,3550308,True,,961,,,-23.5707895,-46.4037895,,,,1,2023-06-15T14:12:11+00:00
SAO_3025-10,São Paulo,3550308,True,,961,,,-23.542614,-46.4155005,,,,1,2023-06-15T14:12:15+00:00
SAO_3025-10,São Paulo,3550308,True,,961,,,-23.559344000000003,-46.411618000000004,,,,1,2023-06-15T14:11:43+00:00
SAO_3025-10,São Paulo,3550308,True,,961,,,-23.542768,-46.41466525,,,,1,2023-06-15T14:12:20+00:00
SAO_3025-10,São Paulo,3550308,True,,961,,,-23.564211,-46.410570500000006,,,,1,2023-06-15T14:11:58+00:00
SAO_3025-10,São Paulo,3550308,True,,961,,,-23.542544,-46.4158275,,,,1,2023-06-15T14:11:52+00:00
SAO_3025-10,São Paulo,3550308,True,,961,,,-23.542544,-46.4158275,,,,1,2023-06-15T14:11:54+00:00
SAO_1742-10,São Paulo,3550308,True,,33310,,,-23.457126,-46.65923775,,,,2,2023-06-15T14:12:10+00:00
SAO_1742-10,São Paulo,3550308,True,,33310,,,-23.457126,-46.65923775,,,,2,2023-06-15T14:12:16+00:00
SAO_1742-10,São Paulo,3550308,True,,33310,,,-23.48420875,-46.630557499999995,,,,2,2023-06-15T14:12:09+00:00
SAO_1742-10,São Paulo,3550308,True,,33310,,,-23.46383275,-46.65563075,,,,2,2023-06-15T14:11:46+00:00
SAO_1742-10,São Paulo,3550308,True,,33310,,,-23.469895,-46.648627000000005,,,,2,2023-06-15T14:11:44+00:00
SAO_1742-10,São Paulo,3550308,True,,33310,,,-23.457126,-46.65923775,,,,2,2023-06-15T14:11:49+00:00
SAO_4311-10,São Paulo,3550308,True,,2171,,,-23.547011,-46.62953,,,,1,2023-06-15T14:12:01+00:00
SAO_4311-10,São Paulo,3550308,True,,2171,,,-23.5498945,-46.625344999999996,,,,1,2023-06-15T14:10:55+00:00
SAO_4311-10,São Paulo,3550308,True,,2171,,,-23.54319225,-46.58867175,,,,1,2023-06-15T14:12:01+00:00
SAO_4311-10,São Paulo,3550308,True,,2171,,,-23.546870499999997,-46.626427,,,,1,2023-06-15T14:09:20+00:00
SAO_4311-10,São Paulo,3550308,True,,2171,,,-23.5418565,-46.5343835,,,,1,2023-06-15T14:12:20+00:00
SAO_4311-10,São Paulo,3550308,True,,2171,,,-23.5861655,-46.487435500000004,,,,1,2023-06-15T14:12:10+00:00
SAO_4311-10,São Paulo,3550308,True,,2171,,,-23.561603249999997,-46.510615,,,,1,2023-06-15T14:12:06+00:00
SAO_4311-10,São Paulo,3550308,True,,2171,,,-23.544481375,-46.594098125,,,,1,2023-06-15T14:11:47+00:00
SAO_4311-10,São Paulo,3550308,True,,2171,,,-23.5782205,-46.498836499999996,,,,1,2023-06-15T14:12:08+00:00
SAO_5018-31,São Paulo,3550308,True,,34629,,,-23.6897455,-46.66808424999999,,,,2,2023-06-15T14:11:49+00:00
SAO_5018-31,São Paulo,3550308,True,,34629,,,-23.670111499999997,-46.64802925,,,,2,2023-06-15T14:11:56+00:00
SAO_5018-31,São Paulo,3550308,True,,34629,,,-23.6942165,-46.654175,,,,2,2023-06-15T14:11:16+00:00
SAO_5018-31,São Paulo,3550308,True,,34629,,,-23.651462,-46.6477005,,,,2,2023-06-15T14:12:22+00:00
SAO_342N-10,São Paulo,3550308,True,,33771,,,-23.557988,-46.4104275,,,,2,2023-06-15T14:12:04+00:00
SAO_342N-10,São Paulo,3550308,True,,33771,,,-23.565209000000003,-46.397782250000006,,,,2,2023-06-15T14:12:15+00:00
SAO_342N-10,São Paulo,3550308,True,,33771,,,-23.5380375,-46.427034,,,,2,2023-06-15T14:11:57+00:00
SAO_342N-10,São Paulo,3550308,True,,33771,,,-23.568086,-46.396243,,,,2,2023-06-15T14:12:08+00:00
SAO_342N-10,São Paulo,3550308,True,,33771,,,-23.534350125,-46.4515375,,,,2,2023-06-15T14:11:58+00:00
SAO_342N-10,São Paulo,3550308,True,,33771,,,-23.5628445,-46.3949135,,,,2,2023-06-15T14:11:40+00:00
SAO_342N-10,São Paulo,3550308,True,,33771,,,-23.5629515,-46.3946025,,,,2,2023-06-15T14:11:52+00:00
SAO_909T-10,São Paulo,3550308,True,,2256,,,-23.546077500000003,-46.631047,,,,1,2023-06-15T14:11:38+00:00
SAO_909T-10,São Paulo,3550308,True,,2256,,,-23.55553325,-46.662593,,,,1,2023-06-15T14:12:06+00:00
SAO_9051-10,São Paulo,3550308,True,,34857,,,-23.56120525,-46.6949085,,,,2,2023-06-15T14:12:15+00:00
SAO_9051-10,São Paulo,3550308,True,,34857,,,-23.5216755,-46.701507,,,,2,2023-06-15T14:12:12+00:00
SAO_9051-10,São Paulo,3550308,True,,34857,,,-23.528265,-46.7030185,,,,2,2023-06-15T14:12:15+00:00
SAO_4310-21,São Paulo,3550308,True,,2475,,,-23.535607624999997,-46.552115,,,,1,2023-06-15T14:12:12+00:00
SAO_4310-21,São Paulo,3550308,True,,2475,,,-23.5323125,-46.535538,,,,1,2023-06-15T14:11:57+00:00
SAO_4310-21,São Paulo,3550308,True,,2475,,,-23.5459015,-46.631218,,,,1,2023-06-15T14:11:59+00:00
SAO_4310-21,São Paulo,3550308,True,,2475,,,-23.541942,-46.580554,,,,1,2023-06-15T14:12:01+00:00
SAO_4310-21,São Paulo,3550308,True,,2475,,,-23.551741999999997,-46.623340875,,,,1,2023-06-15T14:12:04+00:00
SAO_7017-10,São Paulo,3550308,True,,35270,,,-23.69319,-46.790735,,,,2,2023-06-15T14:11:50+00:00
SAO_7017-10,São Paulo,3550308,True,,35270,,,-23.681694,-46.7843035,,,,2,2023-06-15T14:11:43+00:00
SAO_7017-10,São Paulo,3550308,True,,35270,,,-23.668568999999998,-46.7352145,,,,2,2023-06-15T14:12:16+00:00
SAO_7017-10,São Paulo,3550308,True,,35270,,,-23.675821,-46.7523695,,,,2,2023-06-15T14:12:16+00:00
SAO_7017-10,São Paulo,3550308,True,,35270,,,-23.691423999999998,-46.7892475,,,,2,2023-06-15T14:12:04+00:00
SAO_4085-10,São Paulo,3550308,True,,34924,,,-23.555196875,-46.453486,,,,2,2023-06-15T14:09:38+00:00
SAO_4085-10,São Paulo,3550308,True,,34924,,,-23.544307500000002,-46.4650025,,,,2,2023-06-15T14:11:41+00:00
SAO_4085-10,São Paulo,3550308,True,,34924,,,-23.542686,-46.4716125,,,,2,2023-06-15T14:01:37+00:00
SAO_4085-10,São Paulo,3550308,True,,34924,,,-23.568586500000002,-46.425250500000004,,,,2,2023-06-15T14:11:51+00:00
SAO_4085-10,São Paulo,3550308,True,,34924,,,-23.569777000000002,-46.425116,,,,2,2023-06-15T14:12:11+00:00
SAO_3033-10,São Paulo,3550308,True,,33736,,,-23.590280749999998,-46.416636999999994,,,,2,2023-06-15T14:12:12+00:00
SAO_3033-10,São Paulo,3550308,True,,33736,,,-23.559945,-46.415017750000004,,,,2,2023-06-15T14:12:02+00:00
SAO_3033-10,São Paulo,3550308,True,,33736,,,-23.5597105,-46.4129335,,,,2,2023-06-15T14:12:12+00:00
SAO_3033-10,São Paulo,3550308,True,,33736,,,-23.5986575,-46.467709,,,,2,2023-06-15T14:12:11+00:00
SAO_3033-10,São Paulo,3550308,True,,33736,,,-23.583754,-46.4150015,,,,2,2023-06-15T14:10:24+00:00
SAO_8528-10,São Paulo,3550308,True,,33343,,,-23.476029,-46.6907585,,,,2,2023-06-15T14:11:46+00:00
SAO_8528-10,São Paulo,3550308,True,,33343,,,-23.4705945,-46.692738000000006,,,,2,2023-06-15T14:12:05+00:00
SAO_8528-10,São Paulo,3550308,True,,33343,,,-23.532307000000003,-46.65802025000001,,,,2,2023-06-15T14:12:14+00:00
SAO_8528-10,São Paulo,3550308,True,,33343,,,-23.515444,-46.688474,,,,2,2023-06-15T14:10:12+00:00
SAO_8700-1,São Paulo,3550308,True,,35276,,,-23.5742965,-46.7066875,,,,2,2023-06-15T14:12:15+00:00
SAO_8700-1,São Paulo,3550308,True,,35276,,,-23.5466505,-46.6455785,,,,2,2023-06-15T14:12:00+00:00
SAO_8700-1,São Paulo,3550308,True,,35276,,,-23.547423000000002,-46.6398705,,,,2,2023-06-15T14:12:15+00:00
SAO_8700-1,São Paulo,3550308,True,,35276,,,-23.631667,-46.771628500000006,,,,2,2023-06-15T14:12:12+00:00
SAO_3735-21,São Paulo,3550308,True,,34473,,,-23.543997750000003,-46.489855250000005,,,,2,2023-06-15T14:12:12+00:00
SAO_3735-21,São Paulo,3550308,True,,34473,,,-23.5465795,-46.499334000000005,,,,2,2023-06-15T14:12:11+00:00
SAO_6115-10,São Paulo,3550308,True,,33953,,,-23.7387765,-46.6917775,,,,2,2023-06-15T14:12:23+00:00
SAO_6115-10,São Paulo,3550308,True,,33953,,,-23.742746,-46.6587425,,,,2,2023-06-15T14:12:05+00:00
SAO_6115-10,São Paulo,3550308,True,,33953,,,-23.745424999999997,-46.664337,,,,2,2023-06-15T14:12:17+00:00
SAO_6115-10,São Paulo,3550308,True,,33953,,,-23.75338125,-46.68576,,,,2,2023-06-15T14:12:08+00:00
SAO_6115-10,São Paulo,3550308,True,,33953,,,-23.749495000000003,-46.687662,,,,2,2023-06-15T14:12:12+00:00
SAO_6115-10,São Paulo,3550308,True,,33953,,,-23.75487275,-46.66714025,,,,2,2023-06-15T14:11:36+00:00
SAO_8050-31,São Paulo,3550308,True,EMTU,415,https://moovitapp.com/index/pt-br/transporte_p%C3%BAblico-line-415-Sao_Paulo-242-2038937-36419472-0,5.0,-23.51085175,-46.728298499999994,,,,1,2023-06-15T14:11:40+00:00
SAO_3001-10,São Paulo,3550308,True,,1650,,,-23.512747,-46.375370000000004,,,,1,2023-06-15T14:11:40+00:00
SAO_3001-10,São Paulo,3550308,True,,1650,,,-23.494836125,-46.407076375,,,,1,2023-06-15T14:12:17+00:00
SAO_6099-10,São Paulo,3550308,True,,34355,,,-23.755088,-46.712449,,,,2,2023-06-15T14:12:06+00:00
SAO_6099-10,São Paulo,3550308,False,,34355,,,-23.824808500000003,-46.734215000000006,,,,2,2023-06-15T14:12:11+00:00
SAO_6099-10,São Paulo,3550308,True,,34355,,,-23.73850375,-46.69805125,,,,2,2023-06-15T14:12:06+00:00
SAO_6099-10,São Paulo,3550308,True,,34355,,,-23.82240775,-46.735719687499994,,,,2,2023-06-15T14:12:14+00:00
SAO_6099-10,São Paulo,3550308,False,,34355,,,-23.8249795,-46.7339915,,,,2,2023-06-15T14:11:40+00:00
SAO_7282-10,São Paulo,3550308,True,,471,,,-23.547574,-46.6886235,,,,1,2023-06-15T14:12:02+00:00
SAO_7282-10,São Paulo,3550308,True,,471,,,-23.5248505,-46.7373815,,,,1,2023-06-15T14:11:52+00:00
SAO_7282-10,São Paulo,3550308,True,,471,,,-23.5555715,-46.749258499999996,,,,1,2023-06-15T14:12:05+00:00
SAO_3064-10,São Paulo,3550308,True,,33748,,,-23.602252999999997,-46.3983735,,,,2,2023-06-15T14:12:06+00:00
SAO_3064-10,São Paulo,3550308,True,,33748,,,-23.582938499999997,-46.408109499999995,,,,2,2023-06-15T14:11:41+00:00
SAO_3064-10,São Paulo,3550308,True,,33748,,,-23.566863499999997,-46.416275,,,,2,2023-06-15T14:12:00+00:00
SAO_3064-10,São Paulo,3550308,True,,33748,,,-23.6055615,-46.4015895,,,,2,2023-06-15T14:12:01+00:00
SAO_3064-10,São Paulo,3550308,True,,33748,,,-23.579252500000003,-46.4153375,,,,2,2023-06-15T14:12:17+00:00
SAO_3064-10,São Paulo,3550308,True,,33748,,,-23.602252999999997,-46.3983735,,,,2,2023-06-15T14:12:14+00:00
SAO_3064-10,São Paulo,3550308,True,,33748,,,-23.604827,-46.399271,,,,2,2023-06-15T14:11:56+00:00
SAO_3064-10,São Paulo,3550308,True,,33748,,,-23.546764,-46.411688,,,,2,2023-06-15T14:12:16+00:00
SAO_3064-10,São Paulo,3550308,True,,33748,,,-23.602252999999997,-46.3983735,,,,2,2023-06-15T14:12:07+00:00
SAO_3064-10,São Paulo,3550308,True,,33748,,,-23.602252999999997,-46.3983735,,,,2,2023-06-15T14:12:12+00:00
SAO_3020-10,São Paulo,3550308,True,,33726,,,-23.5523945,-46.464682,,,,2,2023-06-15T14:12:20+00:00
SAO_3020-10,São Paulo,3550308,True,,33726,,,-23.5699055,-46.488226,,,,2,2023-06-15T14:11:51+00:00
SAO_3020-10,São Paulo,3550308,True,,33726,,,-23.532414,-46.4411935,,,,2,2023-06-15T14:11:51+00:00
SAO_3020-10,São Paulo,3550308,True,,33726,,,-23.55268875,-46.431169499999996,,,,2,2023-06-15T14:12:06+00:00
SAO_6115-10,São Paulo,3550308,True,,1185,,,-23.7363815,-46.696515000000005,,,,1,2023-06-15T14:11:40+00:00
SAO_6115-10,São Paulo,3550308,True,,1185,,,-23.7364975,-46.69661000000001,,,,1,2023-06-15T14:12:13+00:00
SAO_6115-10,São Paulo,3550308,True,,1185,,,-23.73749875,-46.693042,,,,1,2023-06-15T14:11:38+00:00
SAO_6115-10,São Paulo,3550308,True,,1185,,,-23.742846999999998,-46.6583395,,,,1,2023-06-15T14:11:50+00:00
SAO_6115-10,São Paulo,3550308,True,,1185,,,-23.742497,-46.6615535,,,,1,2023-06-15T14:11:39+00:00
SAO_6115-10,São Paulo,3550308,True,,1185,,,-23.75634,-46.66749,,,,1,2023-06-15T14:11:41+00:00
SAO_8030-10,São Paulo,3550308,True,,2562,,,-23.602221,-46.727267999999995,,,,1,2023-06-15T14:11:47+00:00
SAO_8030-10,São Paulo,3550308,True,,2562,,,-23.606714500000002,-46.725979124999995,,,,1,2023-06-15T14:12:17+00:00
SAO_8030-10,São Paulo,3550308,True,,2562,,,-23.61465175,-46.7313775,,,,1,2023-06-15T14:11:56+00:00
SAO_3686-10,São Paulo,3550308,True,,32934,,,-23.5505575,-46.628187,,,,2,2023-06-15T14:11:58+00:00
SAO_3686-10,São Paulo,3550308,True,,32934,,,-23.534399999999998,-46.45086025,,,,2,2023-06-15T14:11:58+00:00
SAO_3686-10,São Paulo,3550308,True,,32934,,,-23.53758,-46.4867515,,,,2,2023-06-15T14:11:52+00:00
SAO_3686-10,São Paulo,3550308,True,,32934,,,-23.552036,-46.40650625,,,,2,2023-06-15T14:12:20+00:00
SAO_3686-10,São Paulo,3550308,True,,32934,,,-23.53434775,-46.544651,,,,2,2023-06-15T14:12:05+00:00
SAO_5757-10,São Paulo,3550308,True,,1288,,,-23.6488115,-46.641737500000005,,,,1,2023-06-15T14:12:18+00:00
SAO_5757-10,São Paulo,3550308,True,,1288,,,-23.689011999999998,-46.6349485,,,,1,2023-06-15T14:12:01+00:00
SAO_5757-10,São Paulo,3550308,True,,1288,,,-23.651421,-46.6442745,,,,1,2023-06-15T14:12:09+00:00
SAO_5757-10,São Paulo,3550308,True,,1288,,,-23.6929725,-46.6415225,,,,1,2023-06-15T14:08:45+00:00
SAO_5757-10,São Paulo,3550308,True,,1288,,,-23.637843500000002,-46.641221,,,,1,2023-06-15T14:12:07+00:00
SAO_5757-10,São Paulo,3550308,True,,1288,,,-23.651421,-46.6442745,,,,1,2023-06-15T14:11:53+00:00
SAO_5757-10,São Paulo,3550308,True,,1288,,,-23.6381935,-46.641222,,,,1,2023-06-15T14:11:55+00:00
SAO_5757-10,São Paulo,3550308,True,,1288,,,-23.676444,-46.6418475,,,,1,2023-06-15T14:12:13+00:00
SAO_5757-10,São Paulo,3550308,True,,1288,,,-23.6729965,-46.6438955,,,,1,2023-06-15T14:11:43+00:00
SAO_390E-10,São Paulo,3550308,True,,1882,,,-23.5314755,-46.5591195,,,,1,2023-06-15T14:11:54+00:00
SAO_390E-10,São Paulo,3550308,True,,1882,,,-23.545488,-46.631078,,,,1,2023-06-15T14:12:05+00:00
SAO_390E-10,São Paulo,3550308,True,,1882,,,-23.5371585,-46.593795125,,,,1,2023-06-15T14:11:45+00:00
SAO_390E-10,São Paulo,3550308,True,,1882,,,-23.541336,-46.614003499999995,,,,1,2023-06-15T14:09:20+00:00
SAO_3002-10,São Paulo,3550308,True,,1808,,,-23.498211,-46.4310865,,,,1,2023-06-15T14:12:18+00:00
SAO_3002-10,São Paulo,3550308,True,,1808,,,-23.494825,-46.406887,,,,1,2023-06-15T14:12:07+00:00
SAO_3002-10,São Paulo,3550308,True,,1808,,,-23.510468,-46.378808,,,,1,2023-06-15T14:11:29+00:00
SAO_3002-10,São Paulo,3550308,True,,1808,,,-23.496955,-46.437329,,,,1,2023-06-15T14:09:15+00:00
SAO_3002-10,São Paulo,3550308,True,,1808,,,-23.4983815,-46.395984,,,,1,2023-06-15T14:11:43+00:00
SAO_3002-10,São Paulo,3550308,True,,1808,,,-23.510468,-46.378808,,,,1,2023-06-15T14:11:00+00:00
SAO_888P-10,São Paulo,3550308,True,,33222,,,-23.445864625,-46.717133375,,,,2,2023-06-15T14:12:15+00:00
SAO_888P-10,São Paulo,3550308,True,,33222,,,-23.4042495,-46.7486155,,,,2,2023-06-15T14:11:52+00:00
SAO_888P-10,São Paulo,3550308,True,,33222,,,-23.445772499999997,-46.7359,,,,2,2023-06-15T14:11:38+00:00
SAO_888P-10,São Paulo,3550308,True,,33222,,,-23.447454999999998,-46.744018,,,,2,2023-06-15T14:11:57+00:00
SAO_888P-10,São Paulo,3550308,True,,33222,,,-23.408132000000002,-46.741365,,,,2,2023-06-15T14:11:38+00:00
SAO_6058-10,São Paulo,3550308,True,,1149,,,-23.772605,-46.70924275,,,,1,2023-06-15T14:12:20+00:00
SAO_6058-10,São Paulo,3550308,True,,1149,,,-23.7690195,-46.715415500000006,,,,1,2023-06-15T14:12:05+00:00
SAO_6058-10,São Paulo,3550308,True,,1149,,,-23.76938375,-46.677635249999994,,,,1,2023-06-15T14:11:51+00:00
SAO_719R-10,São Paulo,3550308,True,EMTU,469,https://moovitapp.com/index/pt-br/transporte_p%C3%BAblico-line-469-Sao_Paulo-242-2038937-36419507-0,5.4,-23.53046775,-46.657348999999996,,,,1,2023-06-15T14:11:39+00:00
SAO_719R-10,São Paulo,3550308,True,EMTU,469,https://moovitapp.com/index/pt-br/transporte_p%C3%BAblico-line-469-Sao_Paulo-242-2038937-36419507-0,5.4,-23.5629095,-46.7470515,,,,1,2023-06-15T14:12:10+00:00
SAO_719R-10,São Paulo,3550308,True,EMTU,469,https://moovitapp.com/index/pt-br/transporte_p%C3%BAblico-line-469-Sao_Paulo-242-2038937-36419507-0,5.4,-23.536730499999997,-46.649386125,,,,1,2023-06-15T14:11:51+00:00
SAO_719R-10,São Paulo,3550308,True,EMTU,469,https://moovitapp.com/index/pt-br/transporte_p%C3%BAblico-line-469-Sao_Paulo-242-2038937-36419507-0,5.4,-23.5739305,-46.7358065,,,,1,2023-06-15T14:11:47+00:00
SAO_719R-10,São Paulo,3550308,True,EMTU,469,https://moovitapp.com/index/pt-br/transporte_p%C3%BAblico-line-469-Sao_Paulo-242-2038937-36419507-0,5.4,-23.567124,-46.693495,,,,1,2023-06-15T14:12:10+00:00
SAO_719R-10,São Paulo,3550308,True,EMTU,469,https://moovitapp.com/index/pt-br/transporte_p%C3%BAblico-line-469-Sao_Paulo-242-2038937-36419507-0,5.4,-23.56462475,-46.76101625,,,,1,2023-06-15T14:11:47+00:00
SAO_719R-10,São Paulo,3550308,True,EMTU,469,https://moovitapp.com/index/pt-br/transporte_p%C3%BAblico-line-469-Sao_Paulo-242-2038937-36419507-0,5.4,-23.570489625,-46.7111315,,,,1,2023-06-15T14:12:22+00:00
SAO_1759-10,São Paulo,3550308,True,,553,,,-23.486907000000002,-46.6271225,,,,1,2023-06-15T14:12:18+00:00
SAO_1759-10,São Paulo,3550308,True,,553,,,-23.460855000000002,-46.649184500000004,,,,1,2023-06-15T14:11:54+00:00
SAO_1759-10,São Paulo,3550308,True,,553,,,-23.504151125,-46.62617125,,,,1,2023-06-15T14:11:44+00:00
SAO_1759-10,São Paulo,3550308,True,,553,,,-23.4650495,-46.632249,,,,1,2023-06-15T14:09:38+00:00
SAO_6062-10,São Paulo,3550308,True,,33919,,,-23.740622000000002,-46.6855565,,,,2,2023-06-15T14:11:43+00:00
SAO_6062-10,São Paulo,3550308,True,,33919,,,-23.737220375,-46.69698375,,,,2,2023-06-15T14:12:20+00:00
SAO_6062-10,São Paulo,3550308,True,,33919,,,-23.7420265,-46.684124,,,,2,2023-06-15T14:12:21+00:00
SAO_6062-10,São Paulo,3550308,True,,33919,,,-23.7419425,-46.68161550000001,,,,2,2023-06-15T14:11:42+00:00
SAO_745M-21,São Paulo,3550308,True,,34752,,,-23.630817,-46.767892,,,,2,2023-06-15T14:11:58+00:00
SAO_745M-21,São Paulo,3550308,True,,34752,,,-23.6745375,-46.758972,,,,2,2023-06-15T14:11:40+00:00
SAO_745M-21,São Paulo,3550308,True,,34752,,,-23.630699,-46.768204,,,,2,2023-06-15T14:12:08+00:00
SAO_745M-21,São Paulo,3550308,True,,34752,,,-23.637676499999998,-46.7796345,,,,2,2023-06-15T14:11:49+00:00
SAO_2202-10,São Paulo,3550308,True,Urubupungá,910,https://moovitapp.com/index/pt-br/transporte_p%C3%BAblico-line-910-Sao_Paulo-242-873835-496471-0,4.6,-23.492277,-46.388031,,,,1,2023-06-15T14:12:03+00:00
SAO_2202-10,São Paulo,3550308,True,Urubupungá,910,https://moovitapp.com/index/pt-br/transporte_p%C3%BAblico-line-910-Sao_Paulo-242-873835-496471-0,4.6,-23.537389500000003,-46.405562,,,,1,2023-06-15T14:12:04+00:00
SAO_2202-10,São Paulo,3550308,True,Urubupungá,910,https://moovitapp.com/index/pt-br/transporte_p%C3%BAblico-line-910-Sao_Paulo-242-873835-496471-0,4.6,-23.534726499999998,-46.4005875,,,,1,2023-06-15T14:11:45+00:00
SAO_2202-10,São Paulo,3550308,True,Urubupungá,910,https://moovitapp.com/index/pt-br/transporte_p%C3%BAblico-line-910-Sao_Paulo-242-873835-496471-0,4.6,-23.5064175,-46.4034345,,,,1,2023-06-15T14:11:46+00:00
SAO_2202-10,São Paulo,3550308,True,Urubupungá,910,https://moovitapp.com/index/pt-br/transporte_p%C3%BAblico-line-910-Sao_Paulo-242-873835-496471-0,4.6,-23.542133,-46.4148525,,,,1,2023-06-15T14:11:38+00:00
SAO_2202-10,São Paulo,3550308,True,Urubupungá,910,https://moovitapp.com/index/pt-br/transporte_p%C3%BAblico-line-910-Sao_Paulo-242-873835-496471-0,4.6,-23.514179,-46.402629,,,,1,2023-06-15T14:11:59+00:00
SAO_2202-10,São Paulo,3550308,True,Urubupungá,910,https://moovitapp.com/index/pt-br/transporte_p%C3%BAblico-line-910-Sao_Paulo-242-873835-496471-0,4.6,-23.542133,-46.4148525,,,,1,2023-06-15T14:11:38+00:00
SAO_2202-10,São Paulo,3550308,True,Urubupungá,910,https://moovitapp.com/index/pt-br/transporte_p%C3%BAblico-line-910-Sao_Paulo-242-873835-496471-0,4.6,-23.488425,-46.3829355,,,,1,2023-06-15T14:12:16+00:00
SAO_2202-10,São Paulo,3550308,True,Urubupungá,910,https://moovitapp.com/index/pt-br/transporte_p%C3%BAblico-line-910-Sao_Paulo-242-873835-496471-0,4.6,-23.534838,-46.400812,,,,1,2023-06-15T14:11:36+00:00
SAO_2202-10,São Paulo,3550308,True,Urubupungá,910,https://moovitapp.com/index/pt-br/transporte_p%C3%BAblico-line-910-Sao_Paulo-242-873835-496471-0,4.6,-23.538750999999998,-46.407706,,,,1,2023-06-15T14:11:46+00:00
SAO_2202-10,São Paulo,3550308,True,Urubupungá,910,https://moovitapp.com/index/pt-br/transporte_p%C3%BAblico-line-910-Sao_Paulo-242-873835-496471-0,4.6,-23.523151,-46.3995885,,,,1,2023-06-15T14:12:04+00:00
SAO_2202-10,São Paulo,3550308,True,Urubupungá,910,https://moovitapp.com/index/pt-br/transporte_p%C3%BAblico-line-910-Sao_Paulo-242-873835-496471-0,4.6,-23.53632,-46.403524000000004,,,,1,2023-06-15T14:11:52+00:00
SAO_6118-10,São Paulo,3550308,True,,1188,,,-23.7426585,-46.7068335,,,,1,2023-06-15T14:11:45+00:00
SAO_6118-10,São Paulo,3550308,True,,1188,,,-23.69705925,-46.701482999999996,,,,1,2023-06-15T14:12:01+00:00
SAO_6118-10,São Paulo,3550308,True,,1188,,,-23.655837,-46.706608,,,,1,2023-06-15T14:11:42+00:00
SAO_6118-10,São Paulo,3550308,True,,1188,,,-23.718134,-46.705582500000006,,,,1,2023-06-15T14:11:49+00:00
SAO_6118-10,São Paulo,3550308,True,,1188,,,-23.65433125,-46.70752475,,,,1,2023-06-15T14:11:59+00:00
SAO_6804-10,São Paulo,3550308,True,BR7 Mobilidade,30,https://moovitapp.com/index/pt-br/transporte_p%C3%BAblico-line-30-Sao_Paulo-242-851856-500112-0,5.75,-23.634751,-46.7527015,,,,1,2023-06-15T14:11:49+00:00
SAO_6804-10,São Paulo,3550308,True,BR7 Mobilidade,30,https://moovitapp.com/index/pt-br/transporte_p%C3%BAblico-line-30-Sao_Paulo-242-851856-500112-0,5.75,-23.641931,-46.7409265,,,,1,2023-06-15T14:12:02+00:00
SAO_6804-10,São Paulo,3550308,True,BR7 Mobilidade,30,https://moovitapp.com/index/pt-br/transporte_p%C3%BAblico-line-30-Sao_Paulo-242-851856-500112-0,5.75,-23.640235,-46.748059999999995,,,,1,2023-06-15T14:11:59+00:00
SAO_1756-10,São Paulo,3550308,True,,33315,,,-23.462412750000002,-46.651574249999996,,,,2,2023-06-15T14:12:08+00:00
SAO_1756-10,São Paulo,3550308,True,,33315,,,-23.4580645,-46.6433105,,,,2,2023-06-15T14:11:58+00:00
SAO_1756-10,São Paulo,3550308,True,,33315,,,-23.461689,-46.65046425,,,,2,2023-06-15T14:11:52+00:00
SAO_1756-10,São Paulo,3550308,True,,33315,,,-23.4967865,-46.627801000000005,,,,2,2023-06-15T14:11:52+00:00
SAO_1756-10,São Paulo,3550308,True,,33315,,,-23.4580645,-46.6433105,,,,2,2023-06-15T14:08:46+00:00
SAO_1756-10,São Paulo,3550308,True,,33315,,,-23.471776,-46.640426000000005,,,,2,2023-06-15T14:12:02+00:00
SAO_2101-10,São Paulo,3550308,True,,714,,,-23.5501015,-46.625277999999994,,,,1,2023-06-15T14:12:11+00:00
SAO_3390-10,São Paulo,3550308,True,,33506,,,-23.563609999999997,-46.612081,,,,2,2023-06-15T14:11:46+00:00
SAO_3390-10,São Paulo,3550308,True,,33506,,,-23.570310499999998,-46.5953265,,,,2,2023-06-15T14:12:14+00:00
SAO_3390-10,São Paulo,3550308,True,,33506,,,-23.570476,-46.595065000000005,,,,2,2023-06-15T14:12:08+00:00
SAO_3390-10,São Paulo,3550308,True,,33506,,,-23.571989375,-46.593901,,,,2,2023-06-15T14:11:43+00:00
SAO_3390-10,São Paulo,3550308,True,,33506,,,-23.614487500000003,-46.499342125,,,,2,2023-06-15T14:12:10+00:00
SAO_3390-10,São Paulo,3550308,True,,33506,,,-23.5473125,-46.62966,,,,2,2023-06-15T14:11:40+00:00
SAO_3390-10,São Paulo,3550308,True,,33506,,,-23.614487500000003,-46.499342125,,,,2,2023-06-15T14:12:18+00:00
SAO_3390-10,São Paulo,3550308,True,,33506,,,-23.5473125,-46.62966,,,,2,2023-06-15T14:12:17+00:00
SAO_775F-31,São Paulo,3550308,True,,2488,,,-23.59975625,-46.721888625,,,,1,2023-06-15T14:11:44+00:00
SAO_775F-31,São Paulo,3550308,True,,2488,,,-23.6312815,-46.7400175,,,,1,2023-06-15T14:12:12+00:00
SAO_775F-31,São Paulo,3550308,True,,2488,,,-23.616446500000002,-46.731505,,,,1,2023-06-15T14:11:57+00:00
SAO_775F-31,São Paulo,3550308,True,,2488,,,-23.60039875,-46.718790625,,,,1,2023-06-15T14:11:54+00:00
SAO_775F-31,São Paulo,3550308,True,,2488,,,-23.6254505,-46.7479555,,,,1,2023-06-15T14:12:14+00:00
SAO_6092-10,São Paulo,3550308,True,,33945,,,-23.774540000000002,-46.6839605,,,,2,2023-06-15T14:11:55+00:00
SAO_6092-10,São Paulo,3550308,True,,33945,,,-23.778222,-46.68462275,,,,2,2023-06-15T14:11:38+00:00
SAO_6092-10,São Paulo,3550308,True,,33945,,,-23.757704,-46.684599250000005,,,,2,2023-06-15T14:12:06+00:00
SAO_6092-10,São Paulo,3550308,True,,33945,,,-23.737876,-46.697753500000005,,,,2,2023-06-15T14:11:51+00:00
SAO_509M-10,São Paulo,3550308,True,,1277,,,-23.653799,-46.6681485,,,,1,2023-06-15T14:11:38+00:00
SAO_509M-10,São Paulo,3550308,True,,1277,,,-23.54079,-46.642476,,,,1,2023-06-15T14:11:40+00:00
SAO_509M-10,São Paulo,3550308,True,,1277,,,-23.6734805,-46.643384999999995,,,,1,2023-06-15T14:11:56+00:00
SAO_509M-10,São Paulo,3550308,True,,1277,,,-23.633614,-46.67993725,,,,1,2023-06-15T14:09:09+00:00
SAO_509M-10,São Paulo,3550308,True,,1277,,,-23.6047995,-46.663243375,,,,1,2023-06-15T14:12:13+00:00
SAO_509M-10,São Paulo,3550308,True,,1277,,,-23.569898000000002,-46.6406615,,,,1,2023-06-15T14:11:48+00:00
SAO_5030-10,São Paulo,3550308,True,,34437,,,-23.63381175,-46.605449500000006,,,,2,2023-06-15T14:12:13+00:00
SAO_938P-10,São Paulo,3550308,True,,33656,,,-23.462844,-46.6814335,,,,2,2023-06-15T14:12:05+00:00
SAO_938P-10,São Paulo,3550308,True,,33656,,,-23.501903249999998,-46.686383500000005,,,,2,2023-06-15T14:11:55+00:00
SAO_938P-10,São Paulo,3550308,True,,33656,,,-23.498207999999998,-46.6925375,,,,2,2023-06-15T14:11:38+00:00
SAO_938P-10,São Paulo,3550308,True,,33656,,,-23.515414,-46.69562175,,,,2,2023-06-15T14:12:19+00:00
SAO_938P-10,São Paulo,3550308,True,,33656,,,-23.462844,-46.6814335,,,,2,2023-06-15T14:12:15+00:00
SAO_2100-10,São Paulo,3550308,True,STT,713,https://moovitapp.com/index/pt-br/transporte_p%C3%BAblico-line-713-Sao_Paulo-242-850661-183342-0,5.3,-23.566091375,-46.544632875,,,,1,2023-06-15T14:11:42+00:00
SAO_2100-10,São Paulo,3550308,True,STT,713,https://moovitapp.com/index/pt-br/transporte_p%C3%BAblico-line-713-Sao_Paulo-242-850661-183342-0,5.3,-23.557959250000003,-46.5820705,,,,1,2023-06-15T14:12:04+00:00
SAO_2100-10,São Paulo,3550308,True,STT,713,https://moovitapp.com/index/pt-br/transporte_p%C3%BAblico-line-713-Sao_Paulo-242-850661-183342-0,5.3,-23.555145875,-46.60383099999999,,,,1,2023-06-15T14:12:07+00:00
SAO_2100-10,São Paulo,3550308,True,STT,713,https://moovitapp.com/index/pt-br/transporte_p%C3%BAblico-line-713-Sao_Paulo-242-850661-183342-0,5.3,-23.555171125,-46.603576999999994,,,,1,2023-06-15T14:12:17+00:00
SAO_2100-10,São Paulo,3550308,True,STT,713,https://moovitapp.com/index/pt-br/transporte_p%C3%BAblico-line-713-Sao_Paulo-242-850661-183342-0,5.3,-23.558451875000003,-46.584613250000004,,,,1,2023-06-15T14:12:17+00:00
SAO_2100-10,São Paulo,3550308,True,STT,713,https://moovitapp.com/index/pt-br/transporte_p%C3%BAblico-line-713-Sao_Paulo-242-850661-183342-0,5.3,-23.54944,-46.633148000000006,,,,1,2023-06-15T14:11:50+00:00
SAO_2100-10,São Paulo,3550308,True,STT,713,https://moovitapp.com/index/pt-br/transporte_p%C3%BAblico-line-713-Sao_Paulo-242-850661-183342-0,5.3,-23.5694995,-46.528506,,,,1,2023-06-15T14:11:42+00:00
SAO_2100-10,São Paulo,3550308,True,STT,713,https://moovitapp.com/index/pt-br/transporte_p%C3%BAblico-line-713-Sao_Paulo-242-850661-183342-0,5.3,-23.54945075,-46.63263675,,,,1,2023-06-15T14:12:15+00:00
SAO_2100-10,São Paulo,3550308,True,STT,713,https://moovitapp.com/index/pt-br/transporte_p%C3%BAblico-line-713-Sao_Paulo-242-850661-183342-0,5.3,-23.563481,-46.553099,,,,1,2023-06-15T14:12:22+00:00
SAO_2100-10,São Paulo,3550308,True,STT,713,https://moovitapp.com/index/pt-br/transporte_p%C3%BAblico-line-713-Sao_Paulo-242-850661-183342-0,5.3,-23.5494795,-46.632911,,,,1,2023-06-15T14:11:44+00:00
SAO_2100-10,São Paulo,3550308,True,STT,713,https://moovitapp.com/index/pt-br/transporte_p%C3%BAblico-line-713-Sao_Paulo-242-850661-183342-0,5.3,-23.554452,-46.593323,,,,1,2023-06-15T14:12:09+00:00
SAO_2100-10,São Paulo,3550308,True,STT,713,https://moovitapp.com/index/pt-br/transporte_p%C3%BAblico-line-713-Sao_Paulo-242-850661-183342-0,5.3,-23.5515695,-46.624459,,,,1,2023-06-15T14:12:10+00:00
SAO_2100-10,São Paulo,3550308,True,STT,713,https://moovitapp.com/index/pt-br/transporte_p%C3%BAblico-line-713-Sao_Paulo-242-850661-183342-0,5.3,-23.555364500000003,-46.601632125,,,,1,2023-06-15T14:11:48+00:00
SAO_2100-10,São Paulo,3550308,True,STT,713,https://moovitapp.com/index/pt-br/transporte_p%C3%BAblico-line-713-Sao_Paulo-242-850661-183342-0,5.3,-23.5509805,-46.625003500000005,,,,1,2023-06-15T14:11:39+00:00
SAO_2100-10,São Paulo,3550308,True,STT,713,https://moovitapp.com/index/pt-br/transporte_p%C3%BAblico-line-713-Sao_Paulo-242-850661-183342-0,5.3,-23.560541125,-46.565458,,,,1,2023-06-15T14:11:51+00:00
SAO_2100-10,São Paulo,3550308,True,STT,713,https://moovitapp.com/index/pt-br/transporte_p%C3%BAblico-line-713-Sao_Paulo-242-850661-183342-0,5.3,-23.559010375,-46.568846625000006,,,,1,2023-06-15T14:12:17+00:00
SAO_314J-10,São Paulo,3550308,True,Cidade de Caieiras,310,https://moovitapp.com/index/pt-br/transporte_p%C3%BAblico-line-310-Sao_Paulo-242-868761-496418-0,5.0,-23.563752875,-46.619027,,,,1,2023-06-15T14:12:15+00:00
SAO_314J-10,São Paulo,3550308,True,Cidade de Caieiras,310,https://moovitapp.com/index/pt-br/transporte_p%C3%BAblico-line-310-Sao_Paulo-242-868761-496418-0,5.0,-23.5937485,-46.554882500000005,,,,1,2023-06-15T14:12:19+00:00
SAO_314J-10,São Paulo,3550308,True,Cidade de Caieiras,310,https://moovitapp.com/index/pt-br/transporte_p%C3%BAblico-line-310-Sao_Paulo-242-868761-496418-0,5.0,-23.597359500000003,-46.564299625000004,,,,1,2023-06-15T14:12:04+00:00
SAO_314J-10,São Paulo,3550308,True,Cidade de Caieiras,310,https://moovitapp.com/index/pt-br/transporte_p%C3%BAblico-line-310-Sao_Paulo-242-868761-496418-0,5.0,-23.5571925,-46.6364135,,,,1,2023-06-15T14:12:13+00:00
SAO_314J-10,São Paulo,3550308,True,Cidade de Caieiras,310,https://moovitapp.com/index/pt-br/transporte_p%C3%BAblico-line-310-Sao_Paulo-242-868761-496418-0,5.0,-23.58184625,-46.597938,,,,1,2023-06-15T14:12:16+00:00
SAO_314J-10,São Paulo,3550308,True,Cidade de Caieiras,310,https://moovitapp.com/index/pt-br/transporte_p%C3%BAblico-line-310-Sao_Paulo-242-868761-496418-0,5.0,-23.592799999999997,-46.5453845,,,,1,2023-06-15T14:12:18+00:00
SAO_314J-10,São Paulo,3550308,True,Cidade de Caieiras,310,https://moovitapp.com/index/pt-br/transporte_p%C3%BAblico-line-310-Sao_Paulo-242-868761-496418-0,5.0,-23.614606000000002,-46.516754500000005,,,,1,2023-06-15T14:11:54+00:00
SAO_2766-41,São Paulo,3550308,True,EMTU,396,https://moovitapp.com/index/pt-br/transporte_p%C3%BAblico-line-396-Sao_Paulo-242-2038937-36419462-0,6.7,-23.526386,-46.4459665,,,,1,2023-06-15T14:12:10+00:00
SAO_2780-10,São Paulo,3550308,True,EMTU,399,https://moovitapp.com/index/pt-br/transporte_p%C3%BAblico-line-399-Sao_Paulo-242-2038937-36419463-0,6.45,-23.50149125,-46.38400825000001,,,,1,2023-06-15T14:10:09+00:00
SAO_2780-10,São Paulo,3550308,True,EMTU,399,https://moovitapp.com/index/pt-br/transporte_p%C3%BAblico-line-399-Sao_Paulo-242-2038937-36419463-0,6.45,-23.494611749999997,-46.414021250000005,,,,1,2023-06-15T14:11:53+00:00
SAO_2780-10,São Paulo,3550308,True,EMTU,399,https://moovitapp.com/index/pt-br/transporte_p%C3%BAblico-line-399-Sao_Paulo-242-2038937-36419463-0,6.45,-23.516465,-46.435456,,,,1,2023-06-15T14:11:52+00:00
SAO_2780-10,São Paulo,3550308,True,EMTU,399,https://moovitapp.com/index/pt-br/transporte_p%C3%BAblico-line-399-Sao_Paulo-242-2038937-36419463-0,6.45,-23.541739,-46.460035000000005,,,,1,2023-06-15T14:08:57+00:00
SAO_957T-10,São Paulo,3550308,True,,33232,,,-23.508036875000002,-46.690051249999996,,,,2,2023-06-15T14:11:23+00:00
SAO_957T-10,São Paulo,3550308,True,,33232,,,-23.455257625,-46.6946565,,,,2,2023-06-15T14:11:41+00:00
SAO_957T-10,São Paulo,3550308,True,,33232,,,-23.5834015,-46.683516499999996,,,,2,2023-06-15T14:11:52+00:00
SAO_957T-10,São Paulo,3550308,True,,33232,,,-23.436427374999997,-46.716528374999996,,,,2,2023-06-15T14:12:01+00:00
SAO_8020-10,São Paulo,3550308,True,,1726,,,-23.615748,-46.7131055,,,,1,2023-06-15T14:12:17+00:00
SAO_8020-10,São Paulo,3550308,True,,1726,,,-23.5872755,-46.7319515,,,,1,2023-06-15T14:11:57+00:00
SAO_971R-51,São Paulo,3550308,True,,617,,,-23.453540500000003,-46.6981165,,,,1,2023-06-15T14:11:59+00:00
SAO_971R-51,São Paulo,3550308,True,,617,,,-23.502011500000002,-46.625002499999994,,,,1,2023-06-15T14:11:47+00:00
SAO_6006-10,São Paulo,3550308,True,EMTU,175,https://moovitapp.com/index/pt-br/transporte_p%C3%BAblico-line-175-Sao_Paulo-242-2038937-36419312-0,6.25,-23.6821925,-46.749064000000004,,,,1,2023-06-15T14:11:46+00:00
SAO_6006-10,São Paulo,3550308,True,EMTU,175,https://moovitapp.com/index/pt-br/transporte_p%C3%BAblico-line-175-Sao_Paulo-242-2038937-36419312-0,6.25,-23.665488,-46.67806,,,,1,2023-06-15T14:11:43+00:00
SAO_6006-10,São Paulo,3550308,True,EMTU,175,https://moovitapp.com/index/pt-br/transporte_p%C3%BAblico-line-175-Sao_Paulo-242-2038937-36419312-0,6.25,-23.6922335,-46.757836499999996,,,,1,2023-06-15T14:08:25+00:00
SAO_6006-10,São Paulo,3550308,True,EMTU,175,https://moovitapp.com/index/pt-br/transporte_p%C3%BAblico-line-175-Sao_Paulo-242-2038937-36419312-0,6.25,-23.6758325,-46.7489495,,,,1,2023-06-15T14:12:03+00:00
SAO_6006-10,São Paulo,3550308,True,EMTU,175,https://moovitapp.com/index/pt-br/transporte_p%C3%BAblico-line-175-Sao_Paulo-242-2038937-36419312-0,6.25,-23.670195,-46.688707,,,,1,2023-06-15T14:11:45+00:00
SAO_6006-10,São Paulo,3550308,True,EMTU,175,https://moovitapp.com/index/pt-br/transporte_p%C3%BAblico-line-175-Sao_Paulo-242-2038937-36419312-0,6.25,-23.6672905,-46.727228,,,,1,2023-06-15T14:11:41+00:00
SAO_6006-10,São Paulo,3550308,True,EMTU,175,https://moovitapp.com/index/pt-br/transporte_p%C3%BAblico-line-175-Sao_Paulo-242-2038937-36419312-0,6.25,-23.666170625,-46.716131125,,,,1,2023-06-15T14:12:03+00:00
SAO_6006-10,São Paulo,3550308,True,EMTU,175,https://moovitapp.com/index/pt-br/transporte_p%C3%BAblico-line-175-Sao_Paulo-242-2038937-36419312-0,6.25,-23.666026000000002,-46.6904635,,,,1,2023-06-15T14:12:12+00:00
SAO_6006-10,São Paulo,3550308,True,EMTU,175,https://moovitapp.com/index/pt-br/transporte_p%C3%BAblico-line-175-Sao_Paulo-242-2038937-36419312-0,6.25,-23.66474125,-46.690974499999996,,,,1,2023-06-15T14:11:55+00:00
SAO_1773-10,São Paulo,3550308,True,,637,,,-23.456898,-46.6020585,,,,1,2023-06-15T14:12:00+00:00
SAO_1773-10,São Paulo,3550308,True,,637,,,-23.438405,-46.568123,,,,1,2023-06-15T14:06:17+00:00
SAO_1773-10,São Paulo,3550308,True,,637,,,-23.4838075,-46.6310405,,,,1,2023-06-15T14:12:02+00:00
SAO_1773-10,São Paulo,3550308,True,,637,,,-23.4803285,-46.6112635,,,,1,2023-06-15T14:11:42+00:00
SAO_1773-10,São Paulo,3550308,True,,637,,,-23.476818,-46.6106765,,,,1,2023-06-15T14:12:10+00:00
SAO_637A-25,São Paulo,3550308,True,,1756,,,-23.645505999999997,-46.725455499999995,,,,1,2023-06-15T14:12:07+00:00
SAO_637A-25,São Paulo,3550308,True,,1756,,,-23.666636,-46.733693,,,,1,2023-06-15T14:11:45+00:00
SAO_637A-25,São Paulo,3550308,True,,1756,,,-23.58074525,-46.68468825,,,,1,2023-06-15T14:12:13+00:00
SAO_637A-25,São Paulo,3550308,True,,1756,,,-23.5875045,-46.6893585,,,,1,2023-06-15T14:12:11+00:00
SAO_8015-10,São Paulo,3550308,True,,1345,,,-23.389069499999998,-46.734939,,,,1,2023-06-15T14:12:03+00:00
SAO_8015-10,São Paulo,3550308,True,,1345,,,-23.433005,-46.720014,,,,1,2023-06-15T14:11:50+00:00
SAO_8015-10,São Paulo,3550308,True,,1345,,,-23.486277,-46.726815875,,,,1,2023-06-15T14:11:44+00:00
SAO_8015-10,São Paulo,3550308,True,,1345,,,-23.4003945,-46.7463665,,,,1,2023-06-15T14:12:02+00:00
SAO_8015-10,São Paulo,3550308,True,,1345,,,-23.4823615,-46.720662000000004,,,,1,2023-06-15T14:12:10+00:00
SAO_8015-10,São Paulo,3550308,True,,1345,,,-23.46345525,-46.7139275,,,,1,2023-06-15T14:11:56+00:00
SAO_8015-10,São Paulo,3550308,True,,1345,,,-23.436998,-46.717544375,,,,1,2023-06-15T14:12:09+00:00
SAO_8015-10,São Paulo,3550308,True,,1345,,,-23.457422,-46.714446499999994,,,,1,2023-06-15T14:12:00+00:00
SAO_148P-10,São Paulo,3550308,True,EMTU,534,https://moovitapp.com/index/pt-br/transporte_p%C3%BAblico-line-534-Sao_Paulo-242-2038937-36419546-0,6.3,-23.502086375,-46.650934500000005,,,,1,2023-06-15T14:11:59+00:00
SAO_148P-10,São Paulo,3550308,True,EMTU,534,https://moovitapp.com/index/pt-br/transporte_p%C3%BAblico-line-534-Sao_Paulo-242-2038937-36419546-0,6.3,-23.488631,-46.66547525,,,,1,2023-06-15T14:11:53+00:00
SAO_148P-10,São Paulo,3550308,True,EMTU,534,https://moovitapp.com/index/pt-br/transporte_p%C3%BAblico-line-534-Sao_Paulo-242-2038937-36419546-0,6.3,-23.525391062500002,-46.6604019375,,,,1,2023-06-15T14:11:51+00:00
SAO_148P-10,São Paulo,3550308,True,EMTU,534,https://moovitapp.com/index/pt-br/transporte_p%C3%BAblico-line-534-Sao_Paulo-242-2038937-36419546-0,6.3,-23.47000275,-46.6488195,,,,1,2023-06-15T14:12:04+00:00
SAO_148P-10,São Paulo,3550308,True,EMTU,534,https://moovitapp.com/index/pt-br/transporte_p%C3%BAblico-line-534-Sao_Paulo-242-2038937-36419546-0,6.3,-23.502670625,-46.6521495,,,,1,2023-06-15T14:12:11+00:00
SAO_148P-10,São Paulo,3550308,True,EMTU,534,https://moovitapp.com/index/pt-br/transporte_p%C3%BAblico-line-534-Sao_Paulo-242-2038937-36419546-0,6.3,-23.51331175,-46.65775875,,,,1,2023-06-15T14:11:40+00:00
SAO_148P-10,São Paulo,3550308,True,EMTU,534,https://moovitapp.com/index/pt-br/transporte_p%C3%BAblico-line-534-Sao_Paulo-242-2038937-36419546-0,6.3,-23.47021975,-46.665391,,,,1,2023-06-15T14:11:39+00:00
SAO_148P-10,São Paulo,3550308,True,EMTU,534,https://moovitapp.com/index/pt-br/transporte_p%C3%BAblico-line-534-Sao_Paulo-242-2038937-36419546-0,6.3,-23.4908,-46.6631775,,,,1,2023-06-15T14:11:55+00:00
SAO_N535-11,São Paulo,3550308,True,,2387,,,-23.6533875,-46.6137425,,,,1,2023-06-15T14:11:38+00:00
SAO_2059-10,São Paulo,3550308,True,Cidade de Caieiras,260,https://moovitapp.com/index/pt-br/transporte_p%C3%BAblico-line-260-Sao_Paulo-242-868761-496413-0,5.0,-23.5066195,-46.4394955,,,,1,2023-06-15T14:11:37+00:00
SAO_2059-10,São Paulo,3550308,True,Cidade de Caieiras,260,https://moovitapp.com/index/pt-br/transporte_p%C3%BAblico-line-260-Sao_Paulo-242-868761-496413-0,5.0,-23.542177000000002,-46.41304,,,,1,2023-06-15T14:12:06+00:00
SAO_2059-10,São Paulo,3550308,True,Cidade de Caieiras,260,https://moovitapp.com/index/pt-br/transporte_p%C3%BAblico-line-260-Sao_Paulo-242-868761-496413-0,5.0,-23.496421499999997,-46.441998,,,,1,2023-06-15T14:11:58+00:00
SAO_2059-10,São Paulo,3550308,True,Cidade de Caieiras,260,https://moovitapp.com/index/pt-br/transporte_p%C3%BAblico-line-260-Sao_Paulo-242-868761-496413-0,5.0,-23.4909655,-46.442477499999995,,,,1,2023-06-15T14:11:46+00:00
SAO_2059-10,São Paulo,3550308,True,Cidade de Caieiras,260,https://moovitapp.com/index/pt-br/transporte_p%C3%BAblico-line-260-Sao_Paulo-242-868761-496413-0,5.0,-23.542704,-46.413382,,,,1,2023-06-15T14:11:42+00:00
SAO_2059-10,São Paulo,3550308,True,Cidade de Caieiras,260,https://moovitapp.com/index/pt-br/transporte_p%C3%BAblico-line-260-Sao_Paulo-242-868761-496413-0,5.0,-23.52666825,-46.4180455,,,,1,2023-06-15T14:11:57+00:00
SAO_2059-10,São Paulo,3550308,True,Cidade de Caieiras,260,https://moovitapp.com/index/pt-br/transporte_p%C3%BAblico-line-260-Sao_Paulo-242-868761-496413-0,5.0,-23.5308895,-46.4154145,,,,1,2023-06-15T14:11:39+00:00
SAO_2059-10,São Paulo,3550308,True,Cidade de Caieiras,260,https://moovitapp.com/index/pt-br/transporte_p%C3%BAblico-line-260-Sao_Paulo-242-868761-496413-0,5.0,-23.53897,-46.4113815,,,,1,2023-06-15T14:10:49+00:00
SAO_807P-10,São Paulo,3550308,True,,2099,,,-23.633924,-46.7242705,,,,1,2023-06-15T14:12:08+00:00
SAO_807P-10,São Paulo,3550308,True,,2099,,,-23.6512215,-46.7196505,,,,1,2023-06-15T14:11:51+00:00
SAO_807P-10,São Paulo,3550308,True,,2099,,,-23.6329815,-46.727528,,,,1,2023-06-15T14:12:13+00:00
SAO_807P-10,São Paulo,3550308,True,,2099,,,-23.6458065,-46.728268,,,,1,2023-06-15T14:12:15+00:00
SAO_807P-10,São Paulo,3550308,True,,2099,,,-23.6327115,-46.727532499999995,,,,1,2023-06-15T14:11:39+00:00
SAO_211V-10,São Paulo,3550308,True,,32922,,,-23.491248,-46.47899925,,,,2,2023-06-15T14:11:45+00:00
SAO_211V-10,São Paulo,3550308,True,,32922,,,-23.528975,-46.554253,,,,2,2023-06-15T14:11:39+00:00
SAO_211V-10,São Paulo,3550308,True,,32922,,,-23.4943225,-46.470273,,,,2,2023-06-15T14:12:03+00:00
SAO_6042-10,São Paulo,3550308,True,,33987,,,-23.673127,-46.764875,,,,2,2023-06-15T14:12:16+00:00
SAO_6042-10,São Paulo,3550308,True,,33987,,,-23.64552775,-46.722734249999995,,,,2,2023-06-15T14:12:06+00:00
SAO_4008-10,São Paulo,3550308,True,,34950,,,-23.5580685,-46.5228605,,,,2,2023-06-15T14:12:03+00:00
SAO_4008-10,São Paulo,3550308,True,,34950,,,-23.57711175,-46.50366325,,,,2,2023-06-15T14:12:09+00:00
SAO_4008-10,São Paulo,3550308,True,,34950,,,-23.5651285,-46.468226,,,,2,2023-06-15T14:12:16+00:00
SAO_4008-10,São Paulo,3550308,True,,34950,,,-23.577126999999997,-46.43735,,,,2,2023-06-15T14:11:47+00:00
SAO_4008-10,São Paulo,3550308,True,,34950,,,-23.5772245,-46.4374165,,,,2,2023-06-15T14:12:17+00:00
SAO_4008-10,São Paulo,3550308,True,,34950,,,-23.5580685,-46.5228605,,,,2,2023-06-15T14:11:54+00:00
SAO_4725-10,São Paulo,3550308,True,,33106,,,-23.614616500000004,-46.643812249999996,,,,2,2023-06-15T14:10:45+00:00
SAO_4725-10,São Paulo,3550308,True,,33106,,,-23.6335525,-46.6141865,,,,2,2023-06-15T14:12:10+00:00
SAO_6116-10,São Paulo,3550308,True,,33954,,,-23.75569,-46.657614,,,,2,2023-06-15T14:11:57+00:00
SAO_6116-10,São Paulo,3550308,True,,33954,,,-23.755157,-46.660651,,,,2,2023-06-15T14:12:18+00:00
SAO_6116-10,São Paulo,3550308,True,,33954,,,-23.7529825,-46.682478,,,,2,2023-06-15T14:12:21+00:00
SAO_6116-10,São Paulo,3550308,True,,33954,,,-23.749495000000003,-46.687662,,,,2,2023-06-15T14:12:16+00:00
SAO_6116-10,São Paulo,3550308,True,,33954,,,-23.755624,-46.657882,,,,2,2023-06-15T14:11:46+00:00
SAO_809J-10,São Paulo,3550308,True,,34834,,,-23.5941975,-46.731233,,,,2,2023-06-15T14:12:14+00:00
SAO_4010-10,São Paulo,3550308,True,,34951,,,-23.563977875000003,-46.471845875,,,,2,2023-06-15T14:11:51+00:00
SAO_4010-10,São Paulo,3550308,True,,34951,,,-23.580313,-46.5019655,,,,2,2023-06-15T14:11:48+00:00
SAO_2025-10,São Paulo,3550308,True,,2267,,,-23.470981000000002,-46.586147,,,,1,2023-06-15T14:12:02+00:00
SAO_2025-10,São Paulo,3550308,True,,2267,,,-23.50142,-46.615621000000004,,,,1,2023-06-15T14:11:29+00:00
SAO_2025-10,São Paulo,3550308,True,,2267,,,-23.4814035,-46.605526,,,,1,2023-06-15T14:11:48+00:00
SAO_2025-10,São Paulo,3550308,True,,2267,,,-23.481693749999998,-46.60575125,,,,1,2023-06-15T14:12:12+00:00
SAO_2025-10,São Paulo,3550308,True,,2267,,,-23.451731,-46.5716045,,,,1,2023-06-15T14:12:14+00:00
SAO_2025-10,São Paulo,3550308,True,,2267,,,-23.4544635,-46.575821,,,,1,2023-06-15T14:08:27+00:00
SAO_2025-10,São Paulo,3550308,True,,2267,,,-23.462808375,-46.58535775,,,,1,2023-06-15T14:12:17+00:00
SAO_407F-10,São Paulo,3550308,True,,34935,,,-23.544957,-46.592942,,,,2,2023-06-15T14:11:47+00:00
SAO_407F-10,São Paulo,3550308,True,,34935,,,-23.5991515,-46.485439875,,,,2,2023-06-15T14:11:44+00:00
SAO_407F-10,São Paulo,3550308,True,,34935,,,-23.5730085,-46.5334985,,,,2,2023-06-15T14:08:17+00:00
SAO_407F-10,São Paulo,3550308,True,,34935,,,-23.569039,-46.540398999999994,,,,2,2023-06-15T14:12:07+00:00
SAO_407F-10,São Paulo,3550308,True,,34935,,,-23.583904,-46.49325,,,,2,2023-06-15T14:12:03+00:00
SAO_4029-10,São Paulo,3550308,True,,1099,,,-23.5989185,-46.517005499999996,,,,1,2023-06-15T14:11:59+00:00
SAO_4029-10,São Paulo,3550308,True,,1099,,,-23.5796845,-46.571298999999996,,,,1,2023-06-15T14:11:45+00:00
SAO_4029-10,São Paulo,3550308,True,,1099,,,-23.57984575,-46.57058525,,,,1,2023-06-15T14:11:58+00:00
SAO_4029-10,São Paulo,3550308,True,,1099,,,-23.601991374999997,-46.511055,,,,1,2023-06-15T14:12:15+00:00
SAO_4029-10,São Paulo,3550308,True,,1099,,,-23.58234875,-46.5831115,,,,1,2023-06-15T14:11:50+00:00
SAO_4029-10,São Paulo,3550308,True,,1099,,,-23.596805000000003,-46.534255,,,,1,2023-06-15T14:12:04+00:00
SAO_4029-10,São Paulo,3550308,True,,1099,,,-23.610527500000003,-46.48628050000001,,,,1,2023-06-15T14:12:03+00:00
SAO_4029-10,São Paulo,3550308,True,,1099,,,-23.61459425,-46.500975,,,,1,2023-06-15T14:12:05+00:00
SAO_4029-10,São Paulo,3550308,True,,1099,,,-23.586758500000002,-46.544669,,,,1,2023-06-15T14:11:40+00:00
SAO_1206-10,São Paulo,3550308,True,EMTU,842,https://moovitapp.com/index/pt-br/transporte_p%C3%BAblico-line-842-Sao_Paulo-242-2038937-36419605-0,7.15,-23.533363,-46.602681625,,,,1,2023-06-15T14:12:15+00:00
SAO_1206-10,São Paulo,3550308,True,EMTU,842,https://moovitapp.com/index/pt-br/transporte_p%C3%BAblico-line-842-Sao_Paulo-242-2038937-36419605-0,7.15,-23.52496475,-46.585061499999995,,,,1,2023-06-15T14:11:41+00:00
SAO_1206-10,São Paulo,3550308,True,EMTU,842,https://moovitapp.com/index/pt-br/transporte_p%C3%BAblico-line-842-Sao_Paulo-242-2038937-36419605-0,7.15,-23.515503499999998,-46.58376175,,,,1,2023-06-15T14:11:48+00:00
SAO_1206-10,São Paulo,3550308,True,EMTU,842,https://moovitapp.com/index/pt-br/transporte_p%C3%BAblico-line-842-Sao_Paulo-242-2038937-36419605-0,7.15,-23.53916175,-46.6078665,,,,1,2023-06-15T14:12:18+00:00
SAO_1206-10,São Paulo,3550308,True,EMTU,842,https://moovitapp.com/index/pt-br/transporte_p%C3%BAblico-line-842-Sao_Paulo-242-2038937-36419605-0,7.15,-23.5291785,-46.5982695,,,,1,2023-06-15T14:12:06+00:00
SAO_2711-10,São Paulo,3550308,True,,33693,,,-23.514456000000003,-46.48103125,,,,2,2023-06-15T14:11:41+00:00
SAO_2711-10,São Paulo,3550308,True,,33693,,,-23.51583125,-46.497559499999994,,,,2,2023-06-15T14:12:08+00:00
SAO_2711-10,São Paulo,3550308,True,,33693,,,-23.514456000000003,-46.48103125,,,,2,2023-06-15T14:12:06+00:00
SAO_2711-10,São Paulo,3550308,True,,33693,,,-23.508616,-46.492057,,,,2,2023-06-15T14:12:08+00:00
SAO_2711-10,São Paulo,3550308,True,,33693,,,-23.527856999999997,-46.500628500000005,,,,2,2023-06-15T14:11:48+00:00
SAO_6075-10,São Paulo,3550308,True,,33930,,,-23.797424,-46.737873,,,,2,2023-06-15T14:11:38+00:00
SAO_6075-10,São Paulo,3550308,True,,33930,,,-23.7971525,-46.7376385,,,,2,2023-06-15T14:11:38+00:00
SAO_6075-10,São Paulo,3550308,False,,33930,,,-23.797689499999997,-46.7382825,,,,2,2023-06-15T14:11:43+00:00
SAO_6075-10,São Paulo,3550308,True,,33930,,,-23.7931755,-46.7289665,,,,2,2023-06-15T14:12:14+00:00
SAO_6075-10,São Paulo,3550308,True,,33930,,,-23.79731,-46.737770999999995,,,,2,2023-06-15T14:11:46+00:00
SAO_6803-10,São Paulo,3550308,True,,32797,,,-23.643124,-46.742253000000005,,,,2,2023-06-15T14:12:08+00:00
SAO_7050-10,São Paulo,3550308,True,,1884,,,-23.631508,-46.7726,,,,1,2023-06-15T14:12:09+00:00
SAO_7050-10,São Paulo,3550308,True,,1884,,,-23.6591795,-46.77471250000001,,,,1,2023-06-15T14:11:57+00:00
SAO_3743-10,São Paulo,3550308,True,,33811,,,-23.5823035,-46.49123075,,,,2,2023-06-15T14:12:02+00:00
SAO_3743-10,São Paulo,3550308,True,,33811,,,-23.54553525,-46.46165175,,,,2,2023-06-15T14:12:10+00:00
SAO_3743-10,São Paulo,3550308,True,,33811,,,-23.609576250000003,-46.4755425,,,,2,2023-06-15T14:12:12+00:00
SAO_3743-10,São Paulo,3550308,True,,33811,,,-23.575089499999997,-46.47713,,,,2,2023-06-15T14:12:12+00:00
SAO_3743-10,São Paulo,3550308,True,,33811,,,-23.54482325,-46.46301775,,,,2,2023-06-15T14:12:22+00:00
SAO_3743-10,São Paulo,3550308,True,,33811,,,-23.609576250000003,-46.4755425,,,,2,2023-06-15T14:12:15+00:00
SAO_3751-10,São Paulo,3550308,True,,1047,,,-23.564459,-46.415409499999996,,,,1,2023-06-15T14:11:55+00:00
SAO_3751-10,São Paulo,3550308,True,,1047,,,-23.569356,-46.4108985,,,,1,2023-06-15T14:11:58+00:00
SAO_3751-10,São Paulo,3550308,True,,1047,,,-23.54532875,-46.44691924999999,,,,1,2023-06-15T14:11:39+00:00
SAO_3751-10,São Paulo,3550308,True,,1047,,,-23.5437895,-46.44782,,,,1,2023-06-15T14:12:10+00:00
SAO_3751-10,São Paulo,3550308,True,,1047,,,-23.560481250000002,-46.42033825,,,,1,2023-06-15T14:12:18+00:00
SAO_3751-10,São Paulo,3550308,True,,1047,,,-23.540374999999997,-46.45833875,,,,1,2023-06-15T14:12:13+00:00
SAO_3751-10,São Paulo,3550308,True,,1047,,,-23.570822,-46.412718,,,,1,2023-06-15T14:11:58+00:00
SAO_3751-10,São Paulo,3550308,True,,1047,,,-23.5672305,-46.409640499999995,,,,1,2023-06-15T14:12:16+00:00
SAO_3751-10,São Paulo,3550308,True,,1047,,,-23.5422995,-46.4696955,,,,1,2023-06-15T14:12:12+00:00
SAO_8199-10,São Paulo,3550308,True,EMTU,807,https://moovitapp.com/index/pt-br/transporte_p%C3%BAblico-line-807-Sao_Paulo-242-2038937-36419583-0,7.8,-23.47459075,-46.67080675,,,,1,2023-06-15T14:12:06+00:00
SAO_8199-10,São Paulo,3550308,True,EMTU,807,https://moovitapp.com/index/pt-br/transporte_p%C3%BAblico-line-807-Sao_Paulo-242-2038937-36419583-0,7.8,-23.4882265,-46.730633,,,,1,2023-06-15T14:11:57+00:00
SAO_8199-10,São Paulo,3550308,True,EMTU,807,https://moovitapp.com/index/pt-br/transporte_p%C3%BAblico-line-807-Sao_Paulo-242-2038937-36419583-0,7.8,-23.4690875,-46.750939,,,,1,2023-06-15T14:10:05+00:00
SAO_8199-10,São Paulo,3550308,True,EMTU,807,https://moovitapp.com/index/pt-br/transporte_p%C3%BAblico-line-807-Sao_Paulo-242-2038937-36419583-0,7.8,-23.484517500000003,-46.6904495,,,,1,2023-06-15T14:12:04+00:00
SAO_8199-10,São Paulo,3550308,True,EMTU,807,https://moovitapp.com/index/pt-br/transporte_p%C3%BAblico-line-807-Sao_Paulo-242-2038937-36419583-0,7.8,-23.4966025,-46.69781125,,,,1,2023-06-15T14:11:47+00:00
SAO_8199-10,São Paulo,3550308,True,EMTU,807,https://moovitapp.com/index/pt-br/transporte_p%C3%BAblico-line-807-Sao_Paulo-242-2038937-36419583-0,7.8,-23.5018035,-46.7022105,,,,1,2023-06-15T14:12:04+00:00
SAO_8199-10,São Paulo,3550308,True,EMTU,807,https://moovitapp.com/index/pt-br/transporte_p%C3%BAblico-line-807-Sao_Paulo-242-2038937-36419583-0,7.8,-23.491166999999997,-46.7153805,,,,1,2023-06-15T14:11:51+00:00
SAO_8199-10,São Paulo,3550308,True,EMTU,807,https://moovitapp.com/index/pt-br/transporte_p%C3%BAblico-line-807-Sao_Paulo-242-2038937-36419583-0,7.8,-23.4763665,-46.667559,,,,1,2023-06-15T14:11:56+00:00
SAO_8199-10,São Paulo,3550308,True,EMTU,807,https://moovitapp.com/index/pt-br/transporte_p%C3%BAblico-line-807-Sao_Paulo-242-2038937-36419583-0,7.8,-23.486652,-46.737652,,,,1,2023-06-15T14:11:50+00:00
SAO_8199-10,São Paulo,3550308,True,EMTU,807,https://moovitapp.com/index/pt-br/transporte_p%C3%BAblico-line-807-Sao_Paulo-242-2038937-36419583-0,7.8,-23.488384250000003,-46.69350525,,,,1,2023-06-15T14:11:46+00:00
SAO_8199-10,São Paulo,3550308,True,EMTU,807,https://moovitapp.com/index/pt-br/transporte_p%C3%BAblico-line-807-Sao_Paulo-242-2038937-36419583-0,7.8,-23.476384000000003,-46.667850375,,,,1,2023-06-15T14:11:41+00:00
SAO_8029-10,São Paulo,3550308,True,,35308,,,-23.587452749999997,-46.723949000000005,,,,2,2023-06-15T14:12:00+00:00
SAO_8029-10,São Paulo,3550308,True,,35308,,,-23.615138,-46.735309,,,,2,2023-06-15T14:12:09+00:00
SAO_8029-10,São Paulo,3550308,True,,35308,,,-23.6156275,-46.746594,,,,2,2023-06-15T14:11:49+00:00
SAO_8029-10,São Paulo,3550308,True,,35308,,,-23.605904000000002,-46.7252615,,,,2,2023-06-15T14:12:19+00:00
SAO_8029-10,São Paulo,3550308,True,,35308,,,-23.593262,-46.721382,,,,2,2023-06-15T14:12:12+00:00
SAO_8029-10,São Paulo,3550308,True,,35308,,,-23.5855945,-46.724115,,,,2,2023-06-15T14:12:02+00:00
SAO_1741-10,São Paulo,3550308,True,,539,,,-23.4665505,-46.663559,,,,1,2023-06-15T14:12:01+00:00
SAO_1741-10,São Paulo,3550308,True,,539,,,-23.484345,-46.646526,,,,1,2023-06-15T14:12:18+00:00
SAO_1741-10,São Paulo,3550308,True,,539,,,-23.50035825,-46.62624075,,,,1,2023-06-15T14:11:53+00:00
SAO_1741-10,São Paulo,3550308,True,,539,,,-23.474145,-46.653328,,,,1,2023-06-15T14:11:53+00:00
SAO_6820-31,São Paulo,3550308,True,,1406,,,-23.6547625,-46.764236749999995,,,,1,2023-06-15T14:12:08+00:00
SAO_6820-31,São Paulo,3550308,True,,1406,,,-23.653719000000002,-46.762564,,,,1,2023-06-15T14:12:14+00:00
SAO_6820-31,São Paulo,3550308,True,,1406,,,-23.660007875,-46.772695,,,,1,2023-06-15T14:11:58+00:00
SAO_6820-31,São Paulo,3550308,True,,1406,,,-23.66181225,-46.78831725,,,,1,2023-06-15T14:12:12+00:00
SAO_3160-10,São Paulo,3550308,True,EMTU,125,https://moovitapp.com/index/pt-br/transporte_p%C3%BAblico-line-125-Sao_Paulo-242-2038937-36419283-0,5.15,-23.581295,-46.585907500000005,,,,1,2023-06-15T14:12:15+00:00
SAO_3160-10,São Paulo,3550308,True,EMTU,125,https://moovitapp.com/index/pt-br/transporte_p%C3%BAblico-line-125-Sao_Paulo-242-2038937-36419283-0,5.15,-23.5701045,-46.587504,,,,1,2023-06-15T14:11:57+00:00
SAO_3160-10,São Paulo,3550308,True,EMTU,125,https://moovitapp.com/index/pt-br/transporte_p%C3%BAblico-line-125-Sao_Paulo-242-2038937-36419283-0,5.15,-23.548323,-46.628571,,,,1,2023-06-15T14:12:08+00:00
SAO_3160-10,São Paulo,3550308,True,EMTU,125,https://moovitapp.com/index/pt-br/transporte_p%C3%BAblico-line-125-Sao_Paulo-242-2038937-36419283-0,5.15,-23.5465215,-46.630083,,,,1,2023-06-15T14:12:22+00:00
SAO_3160-10,São Paulo,3550308,True,EMTU,125,https://moovitapp.com/index/pt-br/transporte_p%C3%BAblico-line-125-Sao_Paulo-242-2038937-36419283-0,5.15,-23.552064,-46.620799625000004,,,,1,2023-06-15T14:11:39+00:00
SAO_3160-10,São Paulo,3550308,True,EMTU,125,https://moovitapp.com/index/pt-br/transporte_p%C3%BAblico-line-125-Sao_Paulo-242-2038937-36419283-0,5.15,-23.5521885,-46.606072,,,,1,2023-06-15T14:12:22+00:00
SAO_3160-10,São Paulo,3550308,True,EMTU,125,https://moovitapp.com/index/pt-br/transporte_p%C3%BAblico-line-125-Sao_Paulo-242-2038937-36419283-0,5.15,-23.55292775,-46.60596174999999,,,,1,2023-06-15T14:12:09+00:00
SAO_3160-10,São Paulo,3550308,True,EMTU,125,https://moovitapp.com/index/pt-br/transporte_p%C3%BAblico-line-125-Sao_Paulo-242-2038937-36419283-0,5.15,-23.565216,-46.5951905,,,,1,2023-06-15T14:11:51+00:00
SAO_2720-31,São Paulo,3550308,True,,1842,,,-23.514480374999998,-46.50638925,,,,1,2023-06-15T14:11:39+00:00
SAO_2720-31,São Paulo,3550308,True,,1842,,,-23.50896625,-46.4956785,,,,1,2023-06-15T14:11:40+00:00
SAO_2720-31,São Paulo,3550308,True,,1842,,,-23.52835225,-46.5179975,,,,1,2023-06-15T14:12:20+00:00
SAO_2720-31,São Paulo,3550308,True,,1842,,,-23.4952805,-46.4683425,,,,1,2023-06-15T14:12:04+00:00
SAO_6816-10,São Paulo,3550308,True,,32794,,,-23.656692999999997,-46.7636335,,,,2,2023-06-15T14:11:58+00:00
SAO_6816-10,São Paulo,3550308,True,,32794,,,-23.650481499999998,-46.782826,,,,2,2023-06-15T14:12:07+00:00
SAO_6816-10,São Paulo,3550308,True,,32794,,,-23.652935499999998,-46.776088,,,,2,2023-06-15T14:12:20+00:00
SAO_6913-10,São Paulo,3550308,True,,34233,,,-23.5801795,-46.67078075,,,,2,2023-06-15T14:12:12+00:00
SAO_6913-10,São Paulo,3550308,True,,34233,,,-23.666258,-46.712006,,,,2,2023-06-15T14:11:55+00:00
SAO_6913-10,São Paulo,3550308,True,,34233,,,-23.58432275,-46.67035675,,,,2,2023-06-15T14:11:59+00:00
SAO_6913-10,São Paulo,3550308,True,,34233,,,-23.7168715,-46.70501025,,,,2,2023-06-15T14:12:03+00:00
SAO_6913-10,São Paulo,3550308,True,,34233,,,-23.593270625,-46.67295975,,,,2,2023-06-15T14:11:46+00:00
SAO_6913-10,São Paulo,3550308,True,,34233,,,-23.650951499999998,-46.708732,,,,2,2023-06-15T14:12:08+00:00
SAO_6913-10,São Paulo,3550308,True,,34233,,,-23.6895115,-46.71476525,,,,2,2023-06-15T14:12:12+00:00
SAO_6913-10,São Paulo,3550308,True,,34233,,,-23.7673435,-46.7169365,,,,2,2023-06-15T14:11:40+00:00
SAO_6913-10,São Paulo,3550308,True,,34233,,,-23.6888845,-46.714738999999994,,,,2,2023-06-15T14:11:38+00:00
SAO_6913-10,São Paulo,3550308,True,,34233,,,-23.62997525,-46.69002975,,,,2,2023-06-15T14:12:17+00:00
SAO_6913-10,São Paulo,3550308,True,,34233,,,-23.567493,-46.659565,,,,2,2023-06-15T14:11:50+00:00
SAO_6913-10,São Paulo,3550308,True,,34233,,,-23.549266,-46.6401115,,,,2,2023-06-15T14:12:05+00:00
SAO_6913-10,São Paulo,3550308,True,,34233,,,-23.5880355,-46.67178575,,,,2,2023-06-15T14:11:10+00:00
SAO_6913-10,São Paulo,3550308,True,,34233,,,-23.767516,-46.7165655,,,,2,2023-06-15T14:09:32+00:00
SAO_6913-10,São Paulo,3550308,True,,34233,,,-23.767727999999998,-46.7167135,,,,2,2023-06-15T14:08:34+00:00
SAO_1036-10,São Paulo,3550308,True,,35221,,,-23.474788,-46.714447500000006,,,,2,2023-06-15T14:11:39+00:00
SAO_1036-10,São Paulo,3550308,True,,35221,,,-23.446333,-46.712293,,,,2,2023-06-15T14:11:44+00:00
SAO_1036-10,São Paulo,3550308,True,,35221,,,-23.454738,-46.71226300000001,,,,2,2023-06-15T14:12:04+00:00
SAO_1036-10,São Paulo,3550308,True,,35221,,,-23.447803999999998,-46.708335,,,,2,2023-06-15T14:12:08+00:00
SAO_1036-10,São Paulo,3550308,True,,35221,,,-23.464356000000002,-46.714244,,,,2,2023-06-15T14:12:19+00:00
SAO_1036-10,São Paulo,3550308,True,,35221,,,-23.447998,-46.708507,,,,2,2023-06-15T14:12:18+00:00
SAO_1036-10,São Paulo,3550308,True,,35221,,,-23.480751,-46.713153,,,,2,2023-06-15T14:11:56+00:00
SAO_172N-10,São Paulo,3550308,True,,33432,,,-23.529571,-46.5984615,,,,2,2023-06-15T14:11:12+00:00
SAO_172N-10,São Paulo,3550308,True,,33432,,,-23.50067,-46.615140499999995,,,,2,2023-06-15T14:12:18+00:00
SAO_172N-10,São Paulo,3550308,True,,33432,,,-23.51896975,-46.59011625000001,,,,2,2023-06-15T14:11:38+00:00
SAO_172N-10,São Paulo,3550308,True,,33432,,,-23.5017905,-46.612229,,,,2,2023-06-15T14:11:46+00:00
SAO_172N-10,São Paulo,3550308,True,,33432,,,-23.503878,-46.60835125,,,,2,2023-06-15T14:11:37+00:00
SAO_1760-10,São Paulo,3550308,True,EMTU,557,https://moovitapp.com/index/pt-br/transporte_p%C3%BAblico-line-557-Sao_Paulo-242-2038937-36419558-0,6.2,-23.493018,-46.632519,,,,1,2023-06-15T14:12:18+00:00
SAO_1760-10,São Paulo,3550308,True,EMTU,557,https://moovitapp.com/index/pt-br/transporte_p%C3%BAblico-line-557-Sao_Paulo-242-2038937-36419558-0,6.2,-23.496348500000003,-46.629380499999996,,,,1,2023-06-15T14:12:15+00:00
SAO_1760-10,São Paulo,3550308,True,EMTU,557,https://moovitapp.com/index/pt-br/transporte_p%C3%BAblico-line-557-Sao_Paulo-242-2038937-36419558-0,6.2,-23.456333,-46.659075,,,,1,2023-06-15T14:11:39+00:00
SAO_1760-10,São Paulo,3550308,True,EMTU,557,https://moovitapp.com/index/pt-br/transporte_p%C3%BAblico-line-557-Sao_Paulo-242-2038937-36419558-0,6.2,-23.468754750000002,-46.65661375,,,,1,2023-06-15T14:11:47+00:00
SAO_3134-10,São Paulo,3550308,True,,993,,,-23.579289250000002,-46.58038775,,,,1,2023-06-15T14:12:10+00:00
SAO_3134-10,São Paulo,3550308,True,,993,,,-23.5762975,-46.5157215,,,,1,2023-06-15T14:11:33+00:00
SAO_3134-10,São Paulo,3550308,True,,993,,,-23.590787,-46.587112625,,,,1,2023-06-15T14:11:52+00:00
SAO_3134-10,São Paulo,3550308,True,,993,,,-23.584028,-46.5291755,,,,1,2023-06-15T14:12:05+00:00
SAO_3134-10,São Paulo,3550308,True,,993,,,-23.5817345,-46.5369235,,,,1,2023-06-15T14:12:22+00:00
SAO_3134-10,São Paulo,3550308,True,,993,,,-23.5741765,-46.556861,,,,1,2023-06-15T14:11:50+00:00
SAO_3134-10,São Paulo,3550308,True,,993,,,-23.5932545,-46.584163000000004,,,,1,2023-06-15T14:11:52+00:00
SAO_3134-10,São Paulo,3550308,True,,993,,,-23.59086825,-46.588631500000005,,,,1,2023-06-15T14:09:20+00:00
SAO_3134-10,São Paulo,3550308,True,,993,,,-23.573424250000002,-46.56603375,,,,1,2023-06-15T14:12:22+00:00
SAO_3134-10,São Paulo,3550308,True,,993,,,-23.5733015,-46.563201,,,,1,2023-06-15T14:12:02+00:00
SAO_3134-10,São Paulo,3550308,True,,993,,,-23.590992999999997,-46.5887705,,,,1,2023-06-15T14:11:49+00:00
SAO_407W-10,São Paulo,3550308,True,,34972,,,-23.5669885,-46.543822500000005,,,,2,2023-06-15T14:12:10+00:00
SAO_407W-10,São Paulo,3550308,True,,34972,,,-23.58958175,-46.50089925,,,,2,2023-06-15T14:12:01+00:00
SAO_407W-10,São Paulo,3550308,True,,34972,,,-23.5757625,-46.530923,,,,2,2023-06-15T14:11:37+00:00
SAO_407W-10,São Paulo,3550308,True,,34972,,,-23.553763500000002,-46.537436375,,,,2,2023-06-15T14:12:20+00:00
SAO_8610-10,São Paulo,3550308,True,,34831,,,-23.580458,-46.680413,,,,2,2023-06-15T14:11:50+00:00
SAO_8610-10,São Paulo,3550308,True,,34831,,,-23.576656999999997,-46.7218955,,,,2,2023-06-15T14:11:40+00:00
SAO_8610-10,São Paulo,3550308,True,,34831,,,-23.59011,-46.797123,,,,2,2023-06-15T14:12:10+00:00
SAO_8610-10,São Paulo,3550308,True,,34831,,,-23.6032175,-46.780919,,,,2,2023-06-15T14:12:10+00:00
SAO_8610-10,São Paulo,3550308,True,,34831,,,-23.603215499999997,-46.786888000000005,,,,2,2023-06-15T14:11:47+00:00
SAO_8610-10,São Paulo,3550308,True,,34831,,,-23.5510215,-46.645524249999994,,,,2,2023-06-15T14:12:23+00:00
SAO_975A-10,São Paulo,3550308,True,,33357,,,-23.52856925,-46.660911,,,,2,2023-06-15T14:11:36+00:00
SAO_975A-10,São Paulo,3550308,True,,33357,,,-23.468571,-46.6963775,,,,2,2023-06-15T14:11:58+00:00
SAO_975A-10,São Paulo,3550308,True,,33357,,,-23.5730915,-46.642564,,,,2,2023-06-15T14:11:51+00:00
SAO_975A-10,São Paulo,3550308,True,,33357,,,-23.55223,-46.675166125,,,,2,2023-06-15T14:11:45+00:00
SAO_975A-10,São Paulo,3550308,True,,33357,,,-23.50497125,-46.67291575,,,,2,2023-06-15T14:12:02+00:00
SAO_3754-10,São Paulo,3550308,True,,1049,,,-23.551628,-46.40665875,,,,1,2023-06-15T14:11:46+00:00
SAO_3754-10,São Paulo,3550308,True,,1049,,,-23.53482375,-46.452111,,,,1,2023-06-15T14:12:08+00:00
SAO_3754-10,São Paulo,3550308,True,,1049,,,-23.5388555,-46.456513,,,,1,2023-06-15T14:11:25+00:00
SAO_3754-10,São Paulo,3550308,True,,1049,,,-23.530045,-46.4439195,,,,1,2023-06-15T14:11:56+00:00
SAO_3754-10,São Paulo,3550308,True,,1049,,,-23.5639295,-46.4052395,,,,1,2023-06-15T14:12:05+00:00
SAO_695Y-21,São Paulo,3550308,True,,1622,,,-23.7451125,-46.707049999999995,,,,1,2023-06-15T14:11:45+00:00
SAO_5013-31,São Paulo,3550308,True,,35004,,,-23.66816,-46.68959100000001,,,,2,2023-06-15T14:11:30+00:00
SAO_5013-31,São Paulo,3550308,True,,35004,,,-23.682443,-46.6377135,,,,2,2023-06-15T14:12:13+00:00
SAO_5013-31,São Paulo,3550308,True,,35004,,,-23.665648,-46.6775055,,,,2,2023-06-15T14:12:06+00:00
SAO_5013-31,São Paulo,3550308,True,,35004,,,-23.665349499999998,-46.6794905,,,,2,2023-06-15T14:11:52+00:00
SAO_5013-31,São Paulo,3550308,True,,35004,,,-23.681182,-46.634323249999994,,,,2,2023-06-15T14:08:57+00:00
SAO_4717-10,São Paulo,3550308,True,,33103,,,-23.618409,-46.6096845,,,,2,2023-06-15T14:12:07+00:00
SAO_3009-10,São Paulo,3550308,True,,35294,,,-23.517886249999997,-46.399435999999994,,,,2,2023-06-15T14:12:17+00:00
SAO_6059-10,São Paulo,3550308,True,,1226,,,-23.674042999999998,-46.7428285,,,,1,2023-06-15T14:11:50+00:00
SAO_6059-10,São Paulo,3550308,True,,1226,,,-23.645425250000002,-46.708923625000004,,,,1,2023-06-15T14:11:58+00:00
SAO_6059-10,São Paulo,3550308,True,,1226,,,-23.6378725,-46.721034875,,,,1,2023-06-15T14:12:21+00:00
SAO_6059-10,São Paulo,3550308,True,,1226,,,-23.65173375,-46.702795,,,,1,2023-06-15T14:11:54+00:00
SAO_6059-10,São Paulo,3550308,True,,1226,,,-23.653841,-46.7351865,,,,1,2023-06-15T14:11:47+00:00
SAO_6059-10,São Paulo,3550308,True,,1226,,,-23.650832,-46.7336145,,,,1,2023-06-15T14:11:44+00:00
SAO_9047-10,São Paulo,3550308,True,STT,883,https://moovitapp.com/index/pt-br/transporte_p%C3%BAblico-line-883-Sao_Paulo-242-850661-183365-0,5.3,-23.5010765,-46.6954725,,,,1,2023-06-15T14:11:52+00:00
SAO_9047-10,São Paulo,3550308,True,STT,883,https://moovitapp.com/index/pt-br/transporte_p%C3%BAblico-line-883-Sao_Paulo-242-850661-183365-0,5.3,-23.504177,-46.6968095,,,,1,2023-06-15T14:12:17+00:00
SAO_9047-10,São Paulo,3550308,True,STT,883,https://moovitapp.com/index/pt-br/transporte_p%C3%BAblico-line-883-Sao_Paulo-242-850661-183365-0,5.3,-23.50715,-46.7066135,,,,1,2023-06-15T14:11:49+00:00
SAO_9047-10,São Paulo,3550308,True,STT,883,https://moovitapp.com/index/pt-br/transporte_p%C3%BAblico-line-883-Sao_Paulo-242-850661-183365-0,5.3,-23.461419250000002,-46.706305875,,,,1,2023-06-15T14:12:18+00:00
SAO_9047-10,São Paulo,3550308,True,STT,883,https://moovitapp.com/index/pt-br/transporte_p%C3%BAblico-line-883-Sao_Paulo-242-850661-183365-0,5.3,-23.511057,-46.7055505,,,,1,2023-06-15T14:11:36+00:00
SAO_9047-10,São Paulo,3550308,True,STT,883,https://moovitapp.com/index/pt-br/transporte_p%C3%BAblico-line-883-Sao_Paulo-242-850661-183365-0,5.3,-23.4744605,-46.690138000000005,,,,1,2023-06-15T14:12:08+00:00
SAO_9047-10,São Paulo,3550308,True,STT,883,https://moovitapp.com/index/pt-br/transporte_p%C3%BAblico-line-883-Sao_Paulo-242-850661-183365-0,5.3,-23.4611935,-46.70918,,,,1,2023-06-15T14:12:02+00:00
SAO_9047-10,São Paulo,3550308,True,STT,883,https://moovitapp.com/index/pt-br/transporte_p%C3%BAblico-line-883-Sao_Paulo-242-850661-183365-0,5.3,-23.4863115,-46.692451500000004,,,,1,2023-06-15T14:11:36+00:00
SAO_9188-10,São Paulo,3550308,True,EMTU,809,https://moovitapp.com/index/pt-br/transporte_p%C3%BAblico-line-809-Sao_Paulo-242-2038937-119858519-0,5.2,-23.454082,-46.729068,,,,1,2023-06-15T14:12:18+00:00
SAO_9188-10,São Paulo,3550308,True,EMTU,809,https://moovitapp.com/index/pt-br/transporte_p%C3%BAblico-line-809-Sao_Paulo-242-2038937-119858519-0,5.2,-23.497732,-46.707164500000005,,,,1,2023-06-15T14:11:59+00:00
SAO_9188-10,São Paulo,3550308,True,EMTU,809,https://moovitapp.com/index/pt-br/transporte_p%C3%BAblico-line-809-Sao_Paulo-242-2038937-119858519-0,5.2,-23.502067,-46.7065805,,,,1,2023-06-15T14:12:08+00:00
SAO_9188-10,São Paulo,3550308,True,EMTU,809,https://moovitapp.com/index/pt-br/transporte_p%C3%BAblico-line-809-Sao_Paulo-242-2038937-119858519-0,5.2,-23.449564000000002,-46.72140675,,,,1,2023-06-15T14:12:06+00:00
SAO_9188-10,São Paulo,3550308,True,EMTU,809,https://moovitapp.com/index/pt-br/transporte_p%C3%BAblico-line-809-Sao_Paulo-242-2038937-119858519-0,5.2,-23.502997999999998,-46.7065035,,,,1,2023-06-15T14:11:46+00:00
SAO_9188-10,São Paulo,3550308,True,EMTU,809,https://moovitapp.com/index/pt-br/transporte_p%C3%BAblico-line-809-Sao_Paulo-242-2038937-119858519-0,5.2,-23.444406,-46.725922125,,,,1,2023-06-15T14:12:12+00:00
SAO_9188-10,São Paulo,3550308,True,EMTU,809,https://moovitapp.com/index/pt-br/transporte_p%C3%BAblico-line-809-Sao_Paulo-242-2038937-119858519-0,5.2,-23.48882125,-46.7111635,,,,1,2023-06-15T14:11:51+00:00
SAO_9188-10,São Paulo,3550308,True,EMTU,809,https://moovitapp.com/index/pt-br/transporte_p%C3%BAblico-line-809-Sao_Paulo-242-2038937-119858519-0,5.2,-23.477864500000003,-46.7208185,,,,1,2023-06-15T14:12:11+00:00
SAO_5705-10,São Paulo,3550308,True,,34425,,,-23.5892095,-46.63337,,,,2,2023-06-15T14:12:00+00:00
SAO_746K-10,São Paulo,3550308,True,STT,787,https://moovitapp.com/index/pt-br/transporte_p%C3%BAblico-line-787-Sao_Paulo-242-850661-183355-0,5.3,-23.617461499999997,-46.712681,,,,1,2023-06-15T14:12:21+00:00
SAO_746K-10,São Paulo,3550308,True,STT,787,https://moovitapp.com/index/pt-br/transporte_p%C3%BAblico-line-787-Sao_Paulo-242-850661-183355-0,5.3,-23.619328,-46.702023499999996,,,,1,2023-06-15T14:11:42+00:00
SAO_746K-10,São Paulo,3550308,True,STT,787,https://moovitapp.com/index/pt-br/transporte_p%C3%BAblico-line-787-Sao_Paulo-242-850661-183355-0,5.3,-23.618436000000003,-46.721787500000005,,,,1,2023-06-15T14:12:12+00:00
SAO_746K-10,São Paulo,3550308,True,STT,787,https://moovitapp.com/index/pt-br/transporte_p%C3%BAblico-line-787-Sao_Paulo-242-850661-183355-0,5.3,-23.615662999999998,-46.6798985,,,,1,2023-06-15T14:11:49+00:00
SAO_746K-10,São Paulo,3550308,True,STT,787,https://moovitapp.com/index/pt-br/transporte_p%C3%BAblico-line-787-Sao_Paulo-242-850661-183355-0,5.3,-23.61605925,-46.6855225,,,,1,2023-06-15T14:11:42+00:00
SAO_7060-10,São Paulo,3550308,True,,1889,,,-23.644125,-46.77959,,,,1,2023-06-15T14:12:22+00:00
SAO_7060-10,São Paulo,3550308,True,,1889,,,-23.6854875,-46.801269500000004,,,,1,2023-06-15T14:12:21+00:00
SAO_3462-41,São Paulo,3550308,True,,33016,,,-23.540662312500004,-46.5761359375,,,,2,2023-06-15T14:11:52+00:00
SAO_1758-10,São Paulo,3550308,True,EMTU,552,https://moovitapp.com/index/pt-br/transporte_p%C3%BAblico-line-552-Sao_Paulo-242-2038937-36419556-0,6.8,-23.4898135,-46.626243,,,,1,2023-06-15T14:11:38+00:00
SAO_1758-10,São Paulo,3550308,True,EMTU,552,https://moovitapp.com/index/pt-br/transporte_p%C3%BAblico-line-552-Sao_Paulo-242-2038937-36419556-0,6.8,-23.4647505,-46.655262,,,,1,2023-06-15T14:11:58+00:00
SAO_1758-10,São Paulo,3550308,True,EMTU,552,https://moovitapp.com/index/pt-br/transporte_p%C3%BAblico-line-552-Sao_Paulo-242-2038937-36419556-0,6.8,-23.474351499999997,-46.6304475,,,,1,2023-06-15T14:11:40+00:00
SAO_1758-10,São Paulo,3550308,True,EMTU,552,https://moovitapp.com/index/pt-br/transporte_p%C3%BAblico-line-552-Sao_Paulo-242-2038937-36419556-0,6.8,-23.453969,-46.6614815,,,,1,2023-06-15T14:12:12+00:00
SAO_1758-10,São Paulo,3550308,True,EMTU,552,https://moovitapp.com/index/pt-br/transporte_p%C3%BAblico-line-552-Sao_Paulo-242-2038937-36419556-0,6.8,-23.485498500000002,-46.628843125,,,,1,2023-06-15T14:11:58+00:00
SAO_1758-10,São Paulo,3550308,True,EMTU,552,https://moovitapp.com/index/pt-br/transporte_p%C3%BAblico-line-552-Sao_Paulo-242-2038937-36419556-0,6.8,-23.465631000000002,-46.632088499999995,,,,1,2023-06-15T14:12:02+00:00
SAO_4007-10,São Paulo,3550308,True,,2181,,,-23.554920375,-46.453962000000004,,,,1,2023-06-15T14:12:10+00:00
SAO_4007-10,São Paulo,3550308,True,,2181,,,-23.550629,-46.462598,,,,1,2023-06-15T14:11:57+00:00
SAO_4007-10,São Paulo,3550308,True,,2181,,,-23.553505,-46.4918385,,,,1,2023-06-15T14:11:37+00:00
SAO_4007-10,São Paulo,3550308,True,,2181,,,-23.56226875,-46.406988750000004,,,,1,2023-06-15T14:12:17+00:00
SAO_4007-10,São Paulo,3550308,True,,2181,,,-23.557115500000002,-46.422688125,,,,1,2023-06-15T14:12:08+00:00
SAO_4007-10,São Paulo,3550308,True,,2181,,,-23.554630500000002,-46.515926,,,,1,2023-06-15T14:11:40+00:00
SAO_6043-10,São Paulo,3550308,True,,33988,,,-23.655146000000002,-46.7441375,,,,2,2023-06-15T14:12:02+00:00
SAO_6043-10,São Paulo,3550308,True,,33988,,,-23.652692000000002,-46.734041500000004,,,,2,2023-06-15T14:12:15+00:00
SAO_6043-10,São Paulo,3550308,True,,33988,,,-23.65985575,-46.754189,,,,2,2023-06-15T14:12:21+00:00
SAO_6043-10,São Paulo,3550308,True,,33988,,,-23.645799250000003,-46.72271675,,,,2,2023-06-15T14:11:46+00:00
SAO_847J-10,São Paulo,3550308,True,,34110,,,-23.555694,-46.74268,,,,2,2023-06-15T14:12:02+00:00
SAO_847J-10,São Paulo,3550308,True,,34110,,,-23.551776250000003,-46.74080975,,,,2,2023-06-15T14:11:45+00:00
SAO_847J-10,São Paulo,3550308,True,,34110,,,-23.5275185,-46.734105,,,,2,2023-06-15T14:11:51+00:00
SAO_847J-10,São Paulo,3550308,True,,34110,,,-23.483233499999997,-46.717200500000004,,,,2,2023-06-15T14:11:51+00:00
SAO_364A-10,São Paulo,3550308,True,,1246,,,-23.589524,-46.6086725,,,,1,2023-06-15T14:12:01+00:00
SAO_364A-10,São Paulo,3550308,True,,1246,,,-23.615073,-46.501591,,,,1,2023-06-15T14:11:59+00:00
SAO_364A-10,São Paulo,3550308,True,,1246,,,-23.56468325,-46.50561075,,,,1,2023-06-15T14:11:47+00:00
SAO_364A-10,São Paulo,3550308,True,,1246,,,-23.58277975,-46.566089625000004,,,,1,2023-06-15T14:12:03+00:00
SAO_364A-10,São Paulo,3550308,True,,1246,,,-23.594236000000002,-46.5380845,,,,1,2023-06-15T14:12:13+00:00
SAO_364A-10,São Paulo,3550308,True,,1246,,,-23.6035005,-46.509857,,,,1,2023-06-15T14:12:09+00:00
SAO_2079-10,São Paulo,3550308,True,,33138,,,-23.49503275,-46.40105174999999,,,,2,2023-06-15T14:11:25+00:00
SAO_2079-10,São Paulo,3550308,True,,33138,,,-23.5138095,-46.386115000000004,,,,2,2023-06-15T14:12:21+00:00
SAO_2079-10,São Paulo,3550308,True,,33138,,,-23.49534925,-46.40080675,,,,2,2023-06-15T14:12:13+00:00
SAO_3785-10,São Paulo,3550308,True,,1063,,,-23.594592,-46.443457,,,,1,2023-06-15T14:12:23+00:00
SAO_3785-10,São Paulo,3550308,True,,1063,,,-23.55464475,-46.454436375,,,,1,2023-06-15T14:11:46+00:00
SAO_3785-10,São Paulo,3550308,True,,1063,,,-23.587325,-46.414944250000005,,,,1,2023-06-15T14:12:20+00:00
SAO_3785-10,São Paulo,3550308,True,,1063,,,-23.563545,-46.446155,,,,1,2023-06-15T14:11:31+00:00
SAO_3785-10,São Paulo,3550308,True,,1063,,,-23.542407,-46.469709,,,,1,2023-06-15T14:11:40+00:00
SAO_3785-10,São Paulo,3550308,True,,1063,,,-23.544691750000002,-46.46327125,,,,1,2023-06-15T14:11:50+00:00
SAO_3785-10,São Paulo,3550308,True,,1063,,,-23.5686415,-46.4468875,,,,1,2023-06-15T14:11:51+00:00
SAO_3785-10,São Paulo,3550308,True,,1063,,,-23.579952749999997,-46.400380375,,,,1,2023-06-15T14:11:59+00:00
SAO_2080-10,São Paulo,3550308,True,,33139,,,-23.52418025,-46.5490485,,,,2,2023-06-15T14:12:07+00:00
SAO_2080-10,São Paulo,3550308,True,,33139,,,-23.5034345,-46.36691225,,,,2,2023-06-15T14:12:17+00:00
SAO_2080-10,São Paulo,3550308,True,,33139,,,-23.5010415,-46.4701965,,,,2,2023-06-15T14:08:02+00:00
SAO_2080-10,São Paulo,3550308,True,,33139,,,-23.489440000000002,-46.377874,,,,2,2023-06-15T14:12:02+00:00
SAO_2080-10,São Paulo,3550308,True,,33139,,,-23.5107225,-46.503327,,,,2,2023-06-15T14:12:09+00:00
SAO_2080-10,São Paulo,3550308,True,,33139,,,-23.5000365,-46.369431,,,,2,2023-06-15T14:11:38+00:00
SAO_2080-10,São Paulo,3550308,True,,33139,,,-23.49821625,-46.45787275,,,,2,2023-06-15T14:12:00+00:00
SAO_2523-10,São Paulo,3550308,True,Cidade de Caieiras,250,https://moovitapp.com/index/pt-br/transporte_p%C3%BAblico-line-250-Sao_Paulo-242-868761-752902-0,5.0,-23.5152835,-46.456044500000004,,,,1,2023-06-15T14:11:40+00:00
SAO_2523-10,São Paulo,3550308,True,Cidade de Caieiras,250,https://moovitapp.com/index/pt-br/transporte_p%C3%BAblico-line-250-Sao_Paulo-242-868761-752902-0,5.0,-23.517178,-46.4754515,,,,1,2023-06-15T14:12:06+00:00
SAO_2523-10,São Paulo,3550308,True,Cidade de Caieiras,250,https://moovitapp.com/index/pt-br/transporte_p%C3%BAblico-line-250-Sao_Paulo-242-868761-752902-0,5.0,-23.5229185,-46.427019,,,,1,2023-06-15T14:12:12+00:00
SAO_233A-10,São Paulo,3550308,True,EMTU,249,https://moovitapp.com/index/pt-br/transporte_p%C3%BAblico-line-249-Sao_Paulo-242-2038937-58093193-0,5.4,-23.529028,-46.4509655,,,,1,2023-06-15T14:12:18+00:00
SAO_233A-10,São Paulo,3550308,True,EMTU,249,https://moovitapp.com/index/pt-br/transporte_p%C3%BAblico-line-249-Sao_Paulo-242-2038937-58093193-0,5.4,-23.492453875,-46.444495375,,,,1,2023-06-15T14:12:22+00:00
SAO_233A-10,São Paulo,3550308,True,EMTU,249,https://moovitapp.com/index/pt-br/transporte_p%C3%BAblico-line-249-Sao_Paulo-242-2038937-58093193-0,5.4,-23.5492615,-46.507195,,,,1,2023-06-15T14:10:30+00:00
SAO_233A-10,São Paulo,3550308,True,EMTU,249,https://moovitapp.com/index/pt-br/transporte_p%C3%BAblico-line-249-Sao_Paulo-242-2038937-58093193-0,5.4,-23.5349345,-46.49256475,,,,1,2023-06-15T14:10:55+00:00
SAO_2735-10,São Paulo,3550308,True,,34689,,,-23.5001835,-46.52027975,,,,2,2023-06-15T14:12:18+00:00
SAO_2735-10,São Paulo,3550308,True,,34689,,,-23.51376625,-46.55059375,,,,2,2023-06-15T14:12:15+00:00
SAO_2735-10,São Paulo,3550308,True,,34689,,,-23.483280999999998,-46.504102,,,,2,2023-06-15T14:11:42+00:00
SAO_2735-10,São Paulo,3550308,True,,34689,,,-23.499527,-46.519795,,,,2,2023-06-15T14:12:19+00:00
SAO_2735-10,São Paulo,3550308,True,,34689,,,-23.48108,-46.49439625,,,,2,2023-06-15T14:12:17+00:00
SAO_2735-10,São Paulo,3550308,True,,34689,,,-23.481342,-46.49426675,,,,2,2023-06-15T14:10:14+00:00
SAO_2735-10,São Paulo,3550308,True,,34689,,,-23.5300355,-46.546846,,,,2,2023-06-15T14:12:02+00:00
SAO_3161-10,São Paulo,3550308,True,,33852,,,-23.583499250000003,-46.5254795,,,,2,2023-06-15T14:12:17+00:00
SAO_3161-10,São Paulo,3550308,True,,33852,,,-23.5752635,-46.570952,,,,2,2023-06-15T14:11:54+00:00
SAO_3161-10,São Paulo,3550308,True,,33852,,,-23.560946625,-46.59329087500001,,,,2,2023-06-15T14:11:59+00:00
SAO_3161-10,São Paulo,3550308,True,,33852,,,-23.57892,-46.542646250000004,,,,2,2023-06-15T14:11:59+00:00
SAO_938C-10,São Paulo,3550308,True,,33354,,,-23.523056500000003,-46.68789162499999,,,,2,2023-06-15T14:12:06+00:00
SAO_938C-10,São Paulo,3550308,True,,33354,,,-23.497298999999998,-46.7116365,,,,2,2023-06-15T14:11:54+00:00
SAO_938C-10,São Paulo,3550308,True,,33354,,,-23.4549625,-46.714927,,,,2,2023-06-15T14:11:56+00:00
SAO_6418-10,São Paulo,3550308,True,,33539,,,-23.599560812500002,-46.6774778125,,,,2,2023-06-15T14:12:23+00:00
SAO_6418-10,São Paulo,3550308,True,,33539,,,-23.61038,-46.705295500000005,,,,2,2023-06-15T14:12:00+00:00
SAO_6418-10,São Paulo,3550308,True,,33539,,,-23.6103905,-46.7051065,,,,2,2023-06-15T14:11:48+00:00
SAO_8001-10,São Paulo,3550308,True,,1251,,,-23.5196005,-46.700601,,,,1,2023-06-15T14:12:16+00:00
SAO_8001-10,São Paulo,3550308,True,,1251,,,-23.514436625000002,-46.746601,,,,1,2023-06-15T14:11:44+00:00
SAO_2058-10,São Paulo,3550308,True,,33027,,,-23.4960275,-46.4033325,,,,2,2023-06-15T14:11:36+00:00
SAO_2058-10,São Paulo,3550308,True,,33027,,,-23.516985249999998,-46.4022685,,,,2,2023-06-15T14:12:14+00:00
SAO_3206-10,São Paulo,3550308,True,,34880,,,-23.519639624999996,-46.54811,,,,2,2023-06-15T14:12:06+00:00
SAO_3206-10,São Paulo,3550308,True,,34880,,,-23.5182675,-46.5462475,,,,2,2023-06-15T14:12:19+00:00
SAO_3206-10,São Paulo,3550308,True,,34880,,,-23.53209175,-46.54724325,,,,2,2023-06-15T14:12:03+00:00
SAO_7006-10,São Paulo,3550308,True,,1995,,,-23.7356765,-46.7810825,,,,1,2023-06-15T14:11:36+00:00
SAO_7006-10,São Paulo,3550308,True,,1995,,,-23.68714725,-46.77138625,,,,1,2023-06-15T14:12:04+00:00
SAO_7006-10,São Paulo,3550308,True,,1995,,,-23.69138175,-46.77535775,,,,1,2023-06-15T14:11:54+00:00
SAO_7006-10,São Paulo,3550308,True,,1995,,,-23.710781499999996,-46.782951499999996,,,,1,2023-06-15T14:11:39+00:00
SAO_7006-10,São Paulo,3550308,True,,1995,,,-23.7504335,-46.778401,,,,1,2023-06-15T14:12:03+00:00
SAO_7006-10,São Paulo,3550308,True,,1995,,,-23.7221965,-46.785171500000004,,,,1,2023-06-15T14:12:22+00:00
SAO_2005-10,São Paulo,3550308,True,,893,,,-23.49414625,-46.415775,,,,1,2023-06-15T14:11:58+00:00
SAO_2005-10,São Paulo,3550308,True,,893,,,-23.493834999999997,-46.4055615,,,,1,2023-06-15T14:11:38+00:00
SAO_2005-10,São Paulo,3550308,True,,893,,,-23.49066725,-46.416962999999996,,,,1,2023-06-15T14:11:33+00:00
SAO_2005-10,São Paulo,3550308,True,,893,,,-23.481623749999997,-46.37878275,,,,1,2023-06-15T14:11:41+00:00
SAO_2005-10,São Paulo,3550308,True,,893,,,-23.494716,-46.4380885,,,,1,2023-06-15T14:10:39+00:00
SAO_8538-10,São Paulo,3550308,True,,1359,,,-23.488419,-46.7130205,,,,1,2023-06-15T14:12:21+00:00
SAO_8538-10,São Paulo,3550308,True,,1359,,,-23.503915,-46.673922625,,,,1,2023-06-15T14:12:18+00:00
SAO_6034-10,São Paulo,3550308,True,,32863,,,-23.7544715,-46.673458999999994,,,,2,2023-06-15T14:12:06+00:00
SAO_6034-10,São Paulo,3550308,True,,32863,,,-23.746404499999997,-46.6716975,,,,2,2023-06-15T14:12:10+00:00
SAO_6034-10,São Paulo,3550308,True,,32863,,,-23.747656499999998,-46.6691325,,,,2,2023-06-15T14:12:01+00:00
SAO_6034-10,São Paulo,3550308,True,,32863,,,-23.747175,-46.6693765,,,,2,2023-06-15T14:11:40+00:00
SAO_6034-10,São Paulo,3550308,True,,32863,,,-23.747656499999998,-46.6691325,,,,2,2023-06-15T14:11:57+00:00
SAO_546A-10,São Paulo,3550308,True,,1131,,,-23.668531,-46.689319499999996,,,,1,2023-06-15T14:12:20+00:00
SAO_546A-10,São Paulo,3550308,True,,1131,,,-23.654280999999997,-46.70443349999999,,,,1,2023-06-15T14:12:17+00:00
SAO_546A-10,São Paulo,3550308,True,,1131,,,-23.679184749999997,-46.68463475,,,,1,2023-06-15T14:11:38+00:00
SAO_546A-10,São Paulo,3550308,True,,1131,,,-23.6917605,-46.6718595,,,,1,2023-06-15T14:11:51+00:00
SAO_9006-10,São Paulo,3550308,True,,874,,,-23.470879,-46.6803235,,,,1,2023-06-15T14:12:16+00:00
SAO_9006-10,São Paulo,3550308,True,,874,,,-23.465027,-46.690908,,,,1,2023-06-15T14:12:17+00:00
SAO_407G-10,São Paulo,3550308,True,,34964,,,-23.5365585,-46.555912,,,,2,2023-06-15T14:12:10+00:00
SAO_407G-10,São Paulo,3550308,True,,34964,,,-23.5822845,-46.4917425,,,,2,2023-06-15T14:12:14+00:00
SAO_407G-10,São Paulo,3550308,True,,34964,,,-23.5685935,-46.505149,,,,2,2023-06-15T14:12:07+00:00
SAO_407G-10,São Paulo,3550308,True,,34964,,,-23.6071935,-46.444950500000004,,,,2,2023-06-15T14:11:43+00:00
SAO_407G-10,São Paulo,3550308,True,,34964,,,-23.6022675,-46.4431745,,,,2,2023-06-15T14:12:14+00:00
SAO_407G-10,São Paulo,3550308,True,,34964,,,-23.606188250000002,-46.4794665,,,,2,2023-06-15T14:12:09+00:00
SAO_407G-10,São Paulo,3550308,True,,34964,,,-23.61278575,-46.455194375000005,,,,2,2023-06-15T14:11:55+00:00
SAO_407G-10,São Paulo,3550308,True,,34964,,,-23.61114025,-46.43407825,,,,2,2023-06-15T14:12:13+00:00
SAO_407G-10,São Paulo,3550308,True,,34964,,,-23.603975,-46.4813555,,,,2,2023-06-15T14:12:08+00:00
SAO_407G-10,São Paulo,3550308,True,,34964,,,-23.539747875,-46.543512875,,,,2,2023-06-15T14:12:07+00:00
SAO_5110-41,São Paulo,3550308,True,,34978,,,-23.5996475,-46.529557,,,,2,2023-06-15T14:12:02+00:00
SAO_6080-10,São Paulo,3550308,True,,33936,,,-23.679651125,-46.674186999999996,,,,2,2023-06-15T14:12:11+00:00
SAO_6080-10,São Paulo,3550308,True,,33936,,,-23.758962,-46.667680000000004,,,,2,2023-06-15T14:11:39+00:00
SAO_6080-10,São Paulo,3550308,True,,33936,,,-23.702490625,-46.701837375,,,,2,2023-06-15T14:11:44+00:00
SAO_6080-10,São Paulo,3550308,True,,33936,,,-23.7261575,-46.69960275,,,,2,2023-06-15T14:11:41+00:00
SAO_6080-10,São Paulo,3550308,True,,33936,,,-23.736250249999998,-46.6944315,,,,2,2023-06-15T14:11:55+00:00
SAO_6080-10,São Paulo,3550308,True,,33936,,,-23.67948225,-46.6863145,,,,2,2023-06-15T14:12:08+00:00
SAO_233C-10,São Paulo,3550308,True,,32923,,,-23.555517000000002,-46.560852999999994,,,,2,2023-06-15T14:12:16+00:00
SAO_233C-10,São Paulo,3550308,True,,32923,,,-23.570403499999998,-46.54011325,,,,2,2023-06-15T14:12:17+00:00
SAO_233C-10,São Paulo,3550308,True,,32923,,,-23.56860125,-46.54062975,,,,2,2023-06-15T14:11:39+00:00
SAO_233C-10,São Paulo,3550308,True,,32923,,,-23.518244625,-46.47605475,,,,2,2023-06-15T14:11:42+00:00
SAO_2755-10,São Paulo,3550308,True,,33001,,,-23.5157145,-46.434393,,,,2,2023-06-15T14:09:24+00:00
SAO_2755-10,São Paulo,3550308,True,,33001,,,-23.5163255,-46.4359195,,,,2,2023-06-15T14:10:20+00:00
SAO_2755-10,São Paulo,3550308,True,,33001,,,-23.523032,-46.522259000000005,,,,2,2023-06-15T14:12:10+00:00
SAO_2755-10,São Paulo,3550308,True,,33001,,,-23.5172745,-46.5062215,,,,2,2023-06-15T14:11:47+00:00
SAO_2755-10,São Paulo,3550308,True,,33001,,,-23.5421625,-46.3932645,,,,2,2023-06-15T14:12:19+00:00
SAO_2755-10,São Paulo,3550308,True,,33001,,,-23.515555999999997,-46.463905,,,,2,2023-06-15T14:11:47+00:00
SAO_5025-10,São Paulo,3550308,True,,1564,,,-23.6014145,-46.543779,,,,1,2023-06-15T14:11:53+00:00
SAO_5025-10,São Paulo,3550308,True,,1564,,,-23.5970965,-46.56724749999999,,,,1,2023-06-15T14:11:57+00:00
SAO_5025-10,São Paulo,3550308,True,,1564,,,-23.6088605,-46.5415495,,,,1,2023-06-15T14:11:51+00:00
SAO_5025-10,São Paulo,3550308,True,,1564,,,-23.6025665,-46.577621,,,,1,2023-06-15T14:12:23+00:00
SAO_8705-10,São Paulo,3550308,True,,2072,,,-23.5696525,-46.7137425,,,,1,2023-06-15T14:11:59+00:00
SAO_8705-10,São Paulo,3550308,True,,2072,,,-23.5725605,-46.704529,,,,1,2023-06-15T14:12:01+00:00
SAO_8705-10,São Paulo,3550308,True,,2072,,,-23.5718,-46.7394405,,,,1,2023-06-15T14:11:38+00:00
SAO_8705-10,São Paulo,3550308,True,,2072,,,-23.5483785,-46.759280000000004,,,,1,2023-06-15T14:11:55+00:00
SAO_8705-10,São Paulo,3550308,True,,2072,,,-23.549836499999998,-46.65359025000001,,,,1,2023-06-15T14:11:42+00:00
SAO_3134-10,São Paulo,3550308,True,,33761,,,-23.584784499999998,-46.51971825,,,,2,2023-06-15T14:12:01+00:00
SAO_3134-10,São Paulo,3550308,True,,33761,,,-23.5936005,-46.58202625,,,,2,2023-06-15T14:11:39+00:00
SAO_3134-10,São Paulo,3550308,True,,33761,,,-23.5741975,-46.569297,,,,2,2023-06-15T14:11:52+00:00
SAO_3134-10,São Paulo,3550308,True,,33761,,,-23.573284,-46.5629815,,,,2,2023-06-15T14:12:18+00:00
SAO_3134-10,São Paulo,3550308,True,,33761,,,-23.582096,-46.536333,,,,2,2023-06-15T14:12:05+00:00
SAO_3134-10,São Paulo,3550308,True,,33761,,,-23.585162,-46.584246,,,,2,2023-06-15T14:12:15+00:00
SAO_3134-10,São Paulo,3550308,True,,33761,,,-23.572279625,-46.511232125,,,,2,2023-06-15T14:11:38+00:00
SAO_3134-10,São Paulo,3550308,True,,33761,,,-23.5632475,-46.505516,,,,2,2023-06-15T14:12:12+00:00
SAO_5110-24,São Paulo,3550308,True,,2459,,,-23.5818495,-46.55778,,,,1,2023-06-15T14:11:59+00:00
SAO_5110-24,São Paulo,3550308,True,,2459,,,-23.597852,-46.534307999999996,,,,1,2023-06-15T14:12:10+00:00
SAO_5110-24,São Paulo,3550308,True,,2459,,,-23.6141015,-46.4981995,,,,1,2023-06-15T14:12:18+00:00
SAO_2013-10,São Paulo,3550308,True,,899,,,-23.470886,-46.670557,,,,1,2023-06-15T14:12:06+00:00
SAO_2013-10,São Paulo,3550308,True,,899,,,-23.462746,-46.669822999999994,,,,1,2023-06-15T14:11:54+00:00
SAO_2013-10,São Paulo,3550308,True,,899,,,-23.4686955,-46.6439505,,,,1,2023-06-15T14:12:13+00:00
SAO_2013-10,São Paulo,3550308,True,,899,,,-23.45929175,-46.648502500000006,,,,1,2023-06-15T14:12:08+00:00
SAO_2013-10,São Paulo,3550308,True,,899,,,-23.4710665,-46.650921999999994,,,,1,2023-06-15T14:12:15+00:00
SAO_2013-10,São Paulo,3550308,True,,899,,,-23.461435,-46.657986,,,,1,2023-06-15T14:12:10+00:00
SAO_2013-10,São Paulo,3550308,True,,899,,,-23.460034,-46.672446,,,,1,2023-06-15T14:11:58+00:00
SAO_2013-10,São Paulo,3550308,True,,899,,,-23.4546975,-46.658477500000004,,,,1,2023-06-15T14:12:13+00:00
SAO_9004-10,São Paulo,3550308,True,,871,,,-23.472583999999998,-46.6703775,,,,1,2023-06-15T14:11:44+00:00
SAO_9004-10,São Paulo,3550308,True,,871,,,-23.457195499999997,-46.685354,,,,1,2023-06-15T14:12:12+00:00
SAO_9004-10,São Paulo,3550308,True,,871,,,-23.457195499999997,-46.685354,,,,1,2023-06-15T14:11:52+00:00
SAO_9004-10,São Paulo,3550308,True,,871,,,-23.457195499999997,-46.685354,,,,1,2023-06-15T14:11:55+00:00
SAO_9004-10,São Paulo,3550308,True,,871,,,-23.457195499999997,-46.685354,,,,1,2023-06-15T14:11:54+00:00
SAO_9004-10,São Paulo,3550308,True,,871,,,-23.457195499999997,-46.685354,,,,1,2023-06-15T14:11:43+00:00
SAO_9004-10,São Paulo,3550308,True,,871,,,-23.4598465,-46.6751205,,,,1,2023-06-15T14:12:16+00:00
SAO_9004-10,São Paulo,3550308,True,,871,,,-23.458602499999998,-46.6805325,,,,1,2023-06-15T14:12:15+00:00
SAO_4286-10,São Paulo,3550308,True,,326,,,-23.597911,-46.5539455,,,,1,2023-06-15T14:12:03+00:00
SAO_3903-10,São Paulo,3550308,True,,34239,,,-23.5320015,-46.483429,,,,2,2023-06-15T14:08:13+00:00
SAO_3063-41,São Paulo,3550308,True,EMTU,254,https://moovitapp.com/index/pt-br/transporte_p%C3%BAblico-line-254-Sao_Paulo-242-2038937-36419365-0,4.85,-23.5367405,-46.404292999999996,,,,1,2023-06-15T14:11:33+00:00
SAO_3063-41,São Paulo,3550308,True,EMTU,254,https://moovitapp.com/index/pt-br/transporte_p%C3%BAblico-line-254-Sao_Paulo-242-2038937-36419365-0,4.85,-23.563206,-46.416537999999996,,,,1,2023-06-15T14:12:04+00:00
SAO_3063-41,São Paulo,3550308,True,EMTU,254,https://moovitapp.com/index/pt-br/transporte_p%C3%BAblico-line-254-Sao_Paulo-242-2038937-36419365-0,4.85,-23.595320625,-46.438813624999995,,,,1,2023-06-15T14:11:39+00:00
SAO_3902-10,São Paulo,3550308,True,,1470,,,-23.502316999999998,-46.384617,,,,1,2023-06-15T14:11:47+00:00
SAO_3902-10,São Paulo,3550308,True,,1470,,,-23.533508625000003,-46.405551125,,,,1,2023-06-15T14:07:57+00:00
SAO_3902-10,São Paulo,3550308,True,,1470,,,-23.4859655,-46.382026249999996,,,,1,2023-06-15T14:12:06+00:00
SAO_3902-10,São Paulo,3550308,True,,1470,,,-23.5320555,-46.40947,,,,1,2023-06-15T14:11:57+00:00
SAO_3902-10,São Paulo,3550308,True,,1470,,,-23.505386,-46.3998865,,,,1,2023-06-15T14:12:14+00:00
SAO_3738-10,São Paulo,3550308,True,,33806,,,-23.551931500000002,-46.4251575,,,,2,2023-06-15T14:12:17+00:00
SAO_3738-10,São Paulo,3550308,True,,33806,,,-23.5629515,-46.3946025,,,,2,2023-06-15T14:11:39+00:00
SAO_3738-10,São Paulo,3550308,True,,33806,,,-23.552236375,-46.442861750000006,,,,2,2023-06-15T14:11:57+00:00
SAO_3738-10,São Paulo,3550308,True,,33806,,,-23.56758575,-46.3958215,,,,2,2023-06-15T14:12:19+00:00
SAO_3738-10,São Paulo,3550308,True,,33806,,,-23.564962,-46.415743,,,,2,2023-06-15T14:11:43+00:00
SAO_3738-10,São Paulo,3550308,True,,33806,,,-23.542998,-46.4711105,,,,2,2023-06-15T14:11:56+00:00
SAO_3738-10,São Paulo,3550308,True,,33806,,,-23.541652499999998,-46.449809,,,,2,2023-06-15T14:12:22+00:00
SAO_3738-10,São Paulo,3550308,True,,33806,,,-23.5628445,-46.3949135,,,,2,2023-06-15T14:11:58+00:00
SAO_3738-10,São Paulo,3550308,True,,33806,,,-23.5632745,-46.3965405,,,,2,2023-06-15T14:12:11+00:00
SAO_3738-10,São Paulo,3550308,True,,33806,,,-23.552037,-46.444969,,,,2,2023-06-15T14:11:38+00:00
SAO_3738-10,São Paulo,3550308,True,,33806,,,-23.5422745,-46.470101,,,,2,2023-06-15T14:11:58+00:00
SAO_637G-10,São Paulo,3550308,True,,32869,,,-23.73608675,-46.694618500000004,,,,2,2023-06-15T14:12:05+00:00
SAO_637G-10,São Paulo,3550308,True,,32869,,,-23.58769125,-46.67168025,,,,2,2023-06-15T14:11:55+00:00
SAO_637G-10,São Paulo,3550308,True,,32869,,,-23.5642875,-46.69273200000001,,,,2,2023-06-15T14:11:33+00:00
SAO_637G-10,São Paulo,3550308,True,,32869,,,-23.629539,-46.689665000000005,,,,2,2023-06-15T14:12:19+00:00
SAO_1701-22,São Paulo,3550308,True,,2477,,,-23.466946,-46.589594,,,,1,2023-06-15T14:11:45+00:00
SAO_1701-22,São Paulo,3550308,True,,2477,,,-23.4498045,-46.574087500000005,,,,1,2023-06-15T14:09:09+00:00
SAO_1701-22,São Paulo,3550308,True,,2477,,,-23.469569,-46.596541,,,,1,2023-06-15T14:08:58+00:00
SAO_9166-10,São Paulo,3550308,True,,707,,,-23.4603525,-46.665507500000004,,,,1,2023-06-15T14:12:06+00:00
SAO_5107-10,São Paulo,3550308,True,,1659,,,-23.5754575,-46.61064325,,,,1,2023-06-15T14:11:59+00:00
SAO_5107-10,São Paulo,3550308,True,,1659,,,-23.539365500000002,-46.6338595,,,,1,2023-06-15T14:12:11+00:00
SAO_5107-10,São Paulo,3550308,True,,1659,,,-23.56429425,-46.617754500000004,,,,1,2023-06-15T14:12:16+00:00
SAO_1701-10,São Paulo,3550308,True,EMTU,845,https://moovitapp.com/index/pt-br/transporte_p%C3%BAblico-line-845-Sao_Paulo-242-2038937-36419607-0,5.15,-23.472378749999997,-46.59651100000001,,,,1,2023-06-15T14:11:01+00:00
SAO_1701-10,São Paulo,3550308,True,EMTU,845,https://moovitapp.com/index/pt-br/transporte_p%C3%BAblico-line-845-Sao_Paulo-242-2038937-36419607-0,5.15,-23.4646335,-46.5850265,,,,1,2023-06-15T14:11:06+00:00
SAO_1701-10,São Paulo,3550308,True,EMTU,845,https://moovitapp.com/index/pt-br/transporte_p%C3%BAblico-line-845-Sao_Paulo-242-2038937-36419607-0,5.15,-23.49468,-46.61192975,,,,1,2023-06-15T14:12:07+00:00
SAO_1701-10,São Paulo,3550308,True,EMTU,845,https://moovitapp.com/index/pt-br/transporte_p%C3%BAblico-line-845-Sao_Paulo-242-2038937-36419607-0,5.15,-23.499868499999998,-46.61434775,,,,1,2023-06-15T14:11:18+00:00
SAO_745M-21,São Paulo,3550308,True,,1984,,,-23.6297705,-46.7698795,,,,1,2023-06-15T14:12:13+00:00
SAO_745M-21,São Paulo,3550308,True,,1984,,,-23.676174500000002,-46.758608,,,,1,2023-06-15T14:12:18+00:00
SAO_745M-21,São Paulo,3550308,True,,1984,,,-23.658642,-46.7749455,,,,1,2023-06-15T14:11:46+00:00
SAO_407I-10,São Paulo,3550308,True,,2222,,,-23.540302,-46.540602,,,,1,2023-06-15T14:12:13+00:00
SAO_407I-10,São Paulo,3550308,True,,2222,,,-23.538235,-46.565107499999996,,,,1,2023-06-15T14:12:20+00:00
SAO_407I-10,São Paulo,3550308,True,,2222,,,-23.549001,-46.5066765,,,,1,2023-06-15T14:11:42+00:00
SAO_407I-10,São Paulo,3550308,True,,2222,,,-23.546651,-46.6059415,,,,1,2023-06-15T14:11:41+00:00
SAO_8400-10,São Paulo,3550308,True,,1265,,,-23.483061,-46.717266,,,,1,2023-06-15T14:11:53+00:00
SAO_8400-10,São Paulo,3550308,True,,1265,,,-23.4843705,-46.722626500000004,,,,1,2023-06-15T14:12:17+00:00
SAO_8400-10,São Paulo,3550308,True,,1265,,,-23.52577625,-46.67950425,,,,1,2023-06-15T14:11:57+00:00
SAO_8400-10,São Paulo,3550308,True,,1265,,,-23.5249595,-46.695667125,,,,1,2023-06-15T14:11:38+00:00
SAO_8400-10,São Paulo,3550308,True,,1265,,,-23.547560500000003,-46.640557,,,,1,2023-06-15T14:11:36+00:00
SAO_8400-10,São Paulo,3550308,True,,1265,,,-23.505526500000002,-46.7063345,,,,1,2023-06-15T14:12:04+00:00
SAO_8400-10,São Paulo,3550308,True,,1265,,,-23.5146865,-46.700142,,,,1,2023-06-15T14:11:50+00:00
SAO_8400-10,São Paulo,3550308,True,,1265,,,-23.4966595,-46.707632000000004,,,,1,2023-06-15T14:12:15+00:00
SAO_8400-10,São Paulo,3550308,True,,1265,,,-23.5476045,-46.640784,,,,1,2023-06-15T14:11:54+00:00
SAO_8400-10,São Paulo,3550308,True,,1265,,,-23.534517375,-46.65439375,,,,1,2023-06-15T14:12:09+00:00
SAO_8400-10,São Paulo,3550308,True,,1265,,,-23.544340375,-46.644217624999996,,,,1,2023-06-15T14:12:20+00:00
SAO_8400-10,São Paulo,3550308,True,,1265,,,-23.531838,-46.6641255,,,,1,2023-06-15T14:12:11+00:00
SAO_8400-10,São Paulo,3550308,True,,1265,,,-23.487215,-46.726875,,,,1,2023-06-15T14:12:00+00:00
SAO_8400-10,São Paulo,3550308,True,,1265,,,-23.52059125,-46.701955375,,,,1,2023-06-15T14:11:50+00:00
SAO_8400-10,São Paulo,3550308,True,,1265,,,-23.52502675,-46.68414025,,,,1,2023-06-15T14:12:05+00:00
SAO_2756-10,São Paulo,3550308,True,,33006,,,-23.5154165,-46.455321,,,,2,2023-06-15T14:12:20+00:00
SAO_2756-10,São Paulo,3550308,True,,33006,,,-23.51543675,-46.456217499999994,,,,2,2023-06-15T14:11:17+00:00
SAO_2756-10,São Paulo,3550308,True,,33006,,,-23.51661875,-46.48939225,,,,2,2023-06-15T14:11:04+00:00
SAO_2756-10,São Paulo,3550308,True,,33006,,,-23.523044,-46.418287,,,,2,2023-06-15T14:12:15+00:00
SAO_709G-10,São Paulo,3550308,True,,34788,,,-23.6289175,-46.689211,,,,2,2023-06-15T14:12:16+00:00
SAO_709G-10,São Paulo,3550308,True,,34788,,,-23.585742,-46.671857,,,,2,2023-06-15T14:12:07+00:00
SAO_709G-10,São Paulo,3550308,True,,34788,,,-23.605469749999997,-46.675501249999996,,,,2,2023-06-15T14:11:43+00:00
SAO_7016-21,São Paulo,3550308,True,,34910,,,-23.653890625,-46.71154075,,,,2,2023-06-15T14:11:06+00:00
SAO_7016-21,São Paulo,3550308,True,,34910,,,-23.6538355,-46.7110955,,,,2,2023-06-15T14:12:06+00:00
SAO_2769-10,São Paulo,3550308,True,,397,,,-23.482623750000002,-46.38145349999999,,,,1,2023-06-15T14:11:10+00:00
SAO_2769-10,São Paulo,3550308,True,,397,,,-23.539696499999998,-46.575877500000004,,,,1,2023-06-15T14:11:44+00:00
SAO_2769-10,São Paulo,3550308,True,,397,,,-23.4814275,-46.4300425,,,,1,2023-06-15T14:12:00+00:00
SAO_2769-10,São Paulo,3550308,True,,397,,,-23.539696499999998,-46.575877500000004,,,,1,2023-06-15T14:11:28+00:00
SAO_2769-10,São Paulo,3550308,True,,397,,,-23.5229885,-46.544836000000004,,,,1,2023-06-15T14:12:13+00:00
SAO_2769-10,São Paulo,3550308,True,,397,,,-23.5123885,-46.514519,,,,1,2023-06-15T14:11:54+00:00
SAO_609F-10,São Paulo,3550308,True,,32805,,,-23.61434825,-46.70116125,,,,2,2023-06-15T14:12:22+00:00
SAO_609F-10,São Paulo,3550308,True,,32805,,,-23.574096625,-46.6673885,,,,2,2023-06-15T14:11:48+00:00
SAO_609F-10,São Paulo,3550308,True,,32805,,,-23.5577015,-46.652876,,,,2,2023-06-15T14:12:00+00:00
SAO_609F-10,São Paulo,3550308,True,,32805,,,-23.535414125000003,-46.643316125,,,,2,2023-06-15T14:12:02+00:00
SAO_263C-10,São Paulo,3550308,True,EMTU,252,https://moovitapp.com/index/pt-br/transporte_p%C3%BAblico-line-252-Sao_Paulo-242-2038937-36419363-0,6.8,-23.53967,-46.439659,,,,1,2023-06-15T14:12:10+00:00
SAO_263C-10,São Paulo,3550308,True,EMTU,252,https://moovitapp.com/index/pt-br/transporte_p%C3%BAblico-line-252-Sao_Paulo-242-2038937-36419363-0,6.8,-23.514025,-46.415026,,,,1,2023-06-15T14:12:12+00:00
SAO_263C-10,São Paulo,3550308,True,EMTU,252,https://moovitapp.com/index/pt-br/transporte_p%C3%BAblico-line-252-Sao_Paulo-242-2038937-36419363-0,6.8,-23.528588,-46.417485,,,,1,2023-06-15T14:11:54+00:00
SAO_263C-10,São Paulo,3550308,True,EMTU,252,https://moovitapp.com/index/pt-br/transporte_p%C3%BAblico-line-252-Sao_Paulo-242-2038937-36419363-0,6.8,-23.542768,-46.41466525,,,,1,2023-06-15T14:12:00+00:00
SAO_273D-10,São Paulo,3550308,True,,32990,,,-23.51166225,-46.41193,,,,2,2023-06-15T14:12:14+00:00
SAO_273D-10,São Paulo,3550308,True,,32990,,,-23.5258275,-46.4113615,,,,2,2023-06-15T14:11:58+00:00
SAO_273D-10,São Paulo,3550308,True,,32990,,,-23.515647,-46.464491249999995,,,,2,2023-06-15T14:12:14+00:00
SAO_6L04-10,São Paulo,3550308,True,,33948,,,-23.871344999999998,-46.769649,,,,2,2023-06-15T14:11:44+00:00
SAO_6030-10,São Paulo,3550308,True,,33910,,,-23.6865655,-46.694117,,,,2,2023-06-15T14:12:02+00:00
SAO_6030-10,São Paulo,3550308,True,,33910,,,-23.72763775,-46.71327225,,,,2,2023-06-15T14:12:12+00:00
SAO_6030-10,São Paulo,3550308,True,,33910,,,-23.702490625,-46.701837375,,,,2,2023-06-15T14:12:05+00:00
SAO_6030-10,São Paulo,3550308,True,,33910,,,-23.663605249999996,-46.7092465,,,,2,2023-06-15T14:11:48+00:00
SAO_917M-10,São Paulo,3550308,True,,34134,,,-23.584837,-46.6365475,,,,2,2023-06-15T14:12:22+00:00
SAO_917M-10,São Paulo,3550308,True,,34134,,,-23.507382,-46.673715,,,,2,2023-06-15T14:11:39+00:00
SAO_917M-10,São Paulo,3550308,True,,34134,,,-23.500097,-46.693202,,,,2,2023-06-15T14:12:21+00:00
SAO_917M-10,São Paulo,3550308,True,,34134,,,-23.5541215,-46.670616249999995,,,,2,2023-06-15T14:12:06+00:00
SAO_917M-10,São Paulo,3550308,True,,34134,,,-23.54808,-46.672556,,,,2,2023-06-15T14:11:43+00:00
SAO_917M-10,São Paulo,3550308,True,,34134,,,-23.57014975,-46.645631,,,,2,2023-06-15T14:12:19+00:00
SAO_3735-41,São Paulo,3550308,True,,34688,,,-23.541323,-46.4845135,,,,2,2023-06-15T14:11:41+00:00
SAO_3735-41,São Paulo,3550308,True,,34688,,,-23.540658999999998,-46.4851245,,,,2,2023-06-15T14:12:02+00:00
SAO_857R-10,São Paulo,3550308,True,,34660,,,-23.6238995,-46.764221,,,,2,2023-06-15T14:11:51+00:00
SAO_857R-10,São Paulo,3550308,True,,34660,,,-23.56074075,-46.657163999999995,,,,2,2023-06-15T14:12:06+00:00
SAO_857R-10,São Paulo,3550308,True,,34660,,,-23.5713595,-46.644085000000004,,,,2,2023-06-15T14:11:58+00:00
SAO_857R-10,São Paulo,3550308,True,,34660,,,-23.578723,-46.6354325,,,,2,2023-06-15T14:11:39+00:00
SAO_857R-10,São Paulo,3550308,True,,34660,,,-23.5739135,-46.706532499999994,,,,2,2023-06-15T14:12:12+00:00
SAO_1023-10,São Paulo,3550308,True,,2559,,,-23.486826,-46.737035,,,,1,2023-06-15T14:12:03+00:00
SAO_6118-10,São Paulo,3550308,True,,33956,,,-23.752415999999997,-46.70257425,,,,2,2023-06-15T14:12:05+00:00
SAO_6118-10,São Paulo,3550308,True,,33956,,,-23.752415999999997,-46.70257425,,,,2,2023-06-15T14:11:52+00:00
SAO_6118-10,São Paulo,3550308,True,,33956,,,-23.659702,-46.7050855,,,,2,2023-06-15T14:12:17+00:00
SAO_6118-10,São Paulo,3550308,True,,33956,,,-23.686371,-46.70228025,,,,2,2023-06-15T14:11:53+00:00
SAO_6118-10,São Paulo,3550308,True,,33956,,,-23.752056,-46.7021105,,,,2,2023-06-15T14:12:06+00:00
SAO_6118-10,São Paulo,3550308,True,,33956,,,-23.74129,-46.706965499999995,,,,2,2023-06-15T14:11:56+00:00
SAO_6118-10,São Paulo,3550308,True,,33956,,,-23.712211125000003,-46.704462250000006,,,,2,2023-06-15T14:11:49+00:00
SAO_3761-10,São Paulo,3550308,True,,1051,,,-23.538011500000003,-46.564010249999995,,,,1,2023-06-15T14:12:02+00:00
SAO_3761-10,São Paulo,3550308,True,,1051,,,-23.615178999999998,-46.423012,,,,1,2023-06-15T14:11:55+00:00
SAO_3761-10,São Paulo,3550308,True,,1051,,,-23.5985995,-46.466652999999994,,,,1,2023-06-15T14:11:48+00:00
SAO_3761-10,São Paulo,3550308,True,,1051,,,-23.595320625,-46.438813624999995,,,,1,2023-06-15T14:12:20+00:00
SAO_3761-10,São Paulo,3550308,True,,1051,,,-23.59255775,-46.485488000000004,,,,1,2023-06-15T14:11:45+00:00
SAO_3761-10,São Paulo,3550308,True,,1051,,,-23.5367685,-46.547027,,,,1,2023-06-15T14:12:14+00:00
SAO_3761-10,São Paulo,3550308,True,,1051,,,-23.568853499999996,-46.504374,,,,1,2023-06-15T14:12:03+00:00
SAO_3761-10,São Paulo,3550308,True,,1051,,,-23.55711125,-46.515353499999996,,,,1,2023-06-15T14:12:22+00:00
SAO_2175-10,São Paulo,3550308,True,,33465,,,-23.51896975,-46.59011625000001,,,,2,2023-06-15T14:12:02+00:00
SAO_2175-10,São Paulo,3550308,True,,33465,,,-23.474421999999997,-46.567463000000004,,,,2,2023-06-15T14:11:57+00:00
SAO_2175-10,São Paulo,3550308,True,,33465,,,-23.4740875,-46.566756999999996,,,,2,2023-06-15T14:11:56+00:00
SAO_2175-10,São Paulo,3550308,True,,33465,,,-23.5459945,-46.621758,,,,2,2023-06-15T14:08:17+00:00
SAO_8319-10,São Paulo,3550308,True,,33244,,,-23.535398,-46.719224999999994,,,,2,2023-06-15T14:11:48+00:00
SAO_8319-10,São Paulo,3550308,True,,33244,,,-23.550544000000002,-46.757943,,,,2,2023-06-15T14:11:39+00:00
SAO_8319-10,São Paulo,3550308,True,,33244,,,-23.525143,-46.706162,,,,2,2023-06-15T14:12:17+00:00
SAO_8319-10,São Paulo,3550308,True,,33244,,,-23.5484985,-46.744228,,,,2,2023-06-15T14:11:38+00:00
SAO_7013-10,São Paulo,3550308,True,,33543,,,-23.6397885,-46.7496145,,,,2,2023-06-15T14:11:58+00:00
SAO_7013-10,São Paulo,3550308,True,,33543,,,-23.6397885,-46.7496145,,,,2,2023-06-15T14:12:22+00:00
SAO_7013-10,São Paulo,3550308,True,,33543,,,-23.611016250000002,-46.753262,,,,2,2023-06-15T14:12:16+00:00
SAO_7013-10,São Paulo,3550308,True,,33543,,,-23.6248935,-46.765611,,,,2,2023-06-15T14:12:10+00:00
SAO_7013-10,São Paulo,3550308,True,,33543,,,-23.5913265,-46.736225125,,,,2,2023-06-15T14:12:22+00:00
SAO_5107-10,São Paulo,3550308,True,,34427,,,-23.5467905,-46.631438,,,,2,2023-06-15T14:12:01+00:00
SAO_5107-10,São Paulo,3550308,True,,34427,,,-23.560561,-46.6293675,,,,2,2023-06-15T14:11:43+00:00
SAO_5107-10,São Paulo,3550308,True,,34427,,,-23.582364125,-46.6021575,,,,2,2023-06-15T14:11:51+00:00
SAO_5107-10,São Paulo,3550308,True,,34427,,,-23.5796,-46.602875,,,,2,2023-06-15T14:11:40+00:00
SAO_5029-10,São Paulo,3550308,True,,34440,,,-23.6220665,-46.5917295,,,,2,2023-06-15T14:12:15+00:00
SAO_5029-10,São Paulo,3550308,True,,34440,,,-23.628492,-46.5859155,,,,2,2023-06-15T14:12:10+00:00
SAO_5029-10,São Paulo,3550308,True,,34440,,,-23.622053,-46.586754,,,,2,2023-06-15T14:12:13+00:00
SAO_5029-10,São Paulo,3550308,True,,34440,,,-23.61819375,-46.596407,,,,2,2023-06-15T14:11:41+00:00
SAO_5029-10,São Paulo,3550308,True,,34440,,,-23.62019675,-46.5893065,,,,2,2023-06-15T14:12:07+00:00
SAO_1757-10,São Paulo,3550308,True,,548,,,-23.491550500000002,-46.626484000000005,,,,1,2023-06-15T14:10:05+00:00
SAO_1757-10,São Paulo,3550308,True,,548,,,-23.4662625,-46.6319465,,,,1,2023-06-15T14:11:39+00:00
SAO_6059-10,São Paulo,3550308,True,,33994,,,-23.6802505,-46.7430045,,,,2,2023-06-15T14:11:58+00:00
SAO_6059-10,São Paulo,3550308,True,,33994,,,-23.636633,-46.711721499999996,,,,2,2023-06-15T14:12:15+00:00
SAO_6059-10,São Paulo,3550308,True,,33994,,,-23.665262499999997,-46.7372405,,,,2,2023-06-15T14:12:20+00:00
SAO_6059-10,São Paulo,3550308,True,,33994,,,-23.678505,-46.7421585,,,,2,2023-06-15T14:12:12+00:00
SAO_5018-10,São Paulo,3550308,True,,1492,,,-23.6922575,-46.660633,,,,1,2023-06-15T14:12:12+00:00
SAO_5018-10,São Paulo,3550308,True,,1492,,,-23.653949,-46.645151999999996,,,,1,2023-06-15T14:12:13+00:00
SAO_5018-10,São Paulo,3550308,True,,1492,,,-23.675212000000002,-46.673145000000005,,,,1,2023-06-15T14:12:00+00:00
SAO_5018-10,São Paulo,3550308,True,,1492,,,-23.6850995,-46.673383,,,,1,2023-06-15T14:12:21+00:00
SAO_8300-1,São Paulo,3550308,True,,2507,,,-23.5198475,-46.700419,,,,1,2023-06-15T14:12:00+00:00
SAO_8300-1,São Paulo,3550308,True,,2507,,,-23.494314,-46.7092325,,,,1,2023-06-15T14:12:05+00:00
SAO_6093-10,São Paulo,3550308,True,,1585,,,-23.736846,-46.697306499999996,,,,1,2023-06-15T14:11:46+00:00
SAO_6093-10,São Paulo,3550308,True,,1585,,,-23.754798,-46.712202500000004,,,,1,2023-06-15T14:12:01+00:00
SAO_6093-10,São Paulo,3550308,True,,1585,,,-23.73850375,-46.69805125,,,,1,2023-06-15T14:12:12+00:00
SAO_6093-10,São Paulo,3550308,True,,1585,,,-23.736846,-46.697306499999996,,,,1,2023-06-15T14:11:58+00:00
SAO_6093-10,São Paulo,3550308,True,,1585,,,-23.82240775,-46.735719687499994,,,,1,2023-06-15T14:11:53+00:00
SAO_6093-10,São Paulo,3550308,True,,1585,,,-23.794914,-46.730383,,,,1,2023-06-15T14:12:22+00:00
SAO_6093-10,São Paulo,3550308,True,,1585,,,-23.791379499999998,-46.7271375,,,,1,2023-06-15T14:11:42+00:00
SAO_6093-10,São Paulo,3550308,True,,1585,,,-23.7365225,-46.697042499999995,,,,1,2023-06-15T14:12:20+00:00
SAO_6093-10,São Paulo,3550308,True,,1585,,,-23.786474625,-46.726147125,,,,1,2023-06-15T14:12:13+00:00
SAO_5757-10,São Paulo,3550308,True,,34056,,,-23.691199500000003,-46.639219499999996,,,,2,2023-06-15T14:12:21+00:00
SAO_5757-10,São Paulo,3550308,True,,34056,,,-23.6913305,-46.639309999999995,,,,2,2023-06-15T14:12:20+00:00
SAO_5757-10,São Paulo,3550308,True,,34056,,,-23.636175,-46.64056825,,,,2,2023-06-15T14:12:13+00:00
SAO_5757-10,São Paulo,3550308,True,,34056,,,-23.651781999999997,-46.6480595,,,,2,2023-06-15T14:11:37+00:00
SAO_5757-10,São Paulo,3550308,True,,34056,,,-23.6721485,-46.645281999999995,,,,2,2023-06-15T14:11:46+00:00
SAO_5757-10,São Paulo,3550308,True,,34056,,,-23.693634,-46.6404325,,,,2,2023-06-15T14:12:06+00:00
SAO_5757-10,São Paulo,3550308,True,,34056,,,-23.688164999999998,-46.642827,,,,2,2023-06-15T14:07:26+00:00
SAO_7281-10,São Paulo,3550308,True,,1334,,,-23.553685,-46.66035525,,,,1,2023-06-15T14:12:19+00:00
SAO_7281-10,São Paulo,3550308,True,,1334,,,-23.5408315,-46.6980305,,,,1,2023-06-15T14:11:58+00:00
SAO_7281-10,São Paulo,3550308,True,,1334,,,-23.5461035,-46.638928,,,,1,2023-06-15T14:11:54+00:00
SAO_7281-10,São Paulo,3550308,True,,1334,,,-23.529745499999997,-46.704535,,,,1,2023-06-15T14:12:00+00:00
SAO_9181-10,São Paulo,3550308,True,,33653,,,-23.4644065,-46.695459,,,,2,2023-06-15T14:11:57+00:00
SAO_9181-10,São Paulo,3550308,True,,33653,,,-23.498086999999998,-46.6931985,,,,2,2023-06-15T14:12:04+00:00
SAO_9181-10,São Paulo,3550308,True,,33653,,,-23.491466,-46.6895045,,,,2,2023-06-15T14:12:13+00:00
SAO_9181-10,São Paulo,3550308,True,,33653,,,-23.486578,-46.687713,,,,2,2023-06-15T14:12:06+00:00
SAO_9181-10,São Paulo,3550308,True,,33653,,,-23.515411,-46.69036,,,,2,2023-06-15T14:12:21+00:00
SAO_9181-10,São Paulo,3550308,True,,33653,,,-23.523198,-46.701831999999996,,,,2,2023-06-15T14:12:16+00:00
SAO_6026-10,São Paulo,3550308,True,,32855,,,-23.748841,-46.703187,,,,2,2023-06-15T14:11:40+00:00
SAO_6026-10,São Paulo,3550308,True,,32855,,,-23.723731,-46.7095015,,,,2,2023-06-15T14:12:11+00:00
SAO_6026-10,São Paulo,3550308,True,,32855,,,-23.748841,-46.703187,,,,2,2023-06-15T14:11:47+00:00
SAO_6026-10,São Paulo,3550308,True,,32855,,,-23.6826365,-46.6935225,,,,2,2023-06-15T14:11:53+00:00
SAO_6026-10,São Paulo,3550308,True,,32855,,,-23.682382750000002,-46.693752,,,,2,2023-06-15T14:12:01+00:00
SAO_930P-10,São Paulo,3550308,True,,2115,,,-23.565877999999998,-46.7022245,,,,1,2023-06-15T14:11:52+00:00
SAO_930P-10,São Paulo,3550308,True,,2115,,,-23.579709,-46.6853055,,,,1,2023-06-15T14:11:56+00:00
SAO_930P-10,São Paulo,3550308,True,,2115,,,-23.5698105,-46.67241475,,,,1,2023-06-15T14:12:21+00:00
SAO_930P-10,São Paulo,3550308,True,,2115,,,-23.5483595,-46.6297835,,,,1,2023-06-15T14:12:03+00:00
SAO_930P-10,São Paulo,3550308,True,,2115,,,-23.548107,-46.642996499999995,,,,1,2023-06-15T14:12:21+00:00
SAO_930P-10,São Paulo,3550308,True,,2115,,,-23.542938749999998,-46.640934125,,,,1,2023-06-15T14:11:49+00:00
SAO_2762-10,São Paulo,3550308,True,,32912,,,-23.4973025,-46.5042935,,,,2,2023-06-15T14:10:40+00:00
SAO_2762-10,São Paulo,3550308,True,,32912,,,-23.5219655,-46.5469565,,,,2,2023-06-15T14:12:18+00:00
SAO_2762-10,São Paulo,3550308,True,,32912,,,-23.5084935,-46.54316,,,,2,2023-06-15T14:11:55+00:00
SAO_2762-10,São Paulo,3550308,True,,32912,,,-23.486237625,-46.476904125000004,,,,2,2023-06-15T14:10:08+00:00
SAO_702U-10,São Paulo,3550308,True,,1330,,,-23.569541,-46.711640375,,,,1,2023-06-15T14:12:04+00:00
SAO_702U-10,São Paulo,3550308,True,,1330,,,-23.566491375000002,-46.68198112499999,,,,1,2023-06-15T14:12:07+00:00
SAO_702U-10,São Paulo,3550308,True,,1330,,,-23.556221,-46.7262745,,,,1,2023-06-15T14:11:36+00:00
SAO_702U-10,São Paulo,3550308,True,,1330,,,-23.5681345,-46.7360925,,,,1,2023-06-15T14:12:00+00:00
SAO_702U-10,São Paulo,3550308,True,,1330,,,-23.547296000000003,-46.6466705,,,,1,2023-06-15T14:11:38+00:00
SAO_3725-10,São Paulo,3550308,True,,1022,,,-23.532637,-46.531105,,,,1,2023-06-15T14:12:05+00:00
SAO_3725-10,São Paulo,3550308,True,,1022,,,-23.5327975,-46.532613999999995,,,,1,2023-06-15T14:11:23+00:00
SAO_3725-10,São Paulo,3550308,True,,1022,,,-23.543225125,-46.521386375,,,,1,2023-06-15T14:11:53+00:00
SAO_3725-10,São Paulo,3550308,True,,1022,,,-23.547089,-46.517481000000004,,,,1,2023-06-15T14:11:42+00:00
SAO_8015-10,São Paulo,3550308,True,,34113,,,-23.4099075,-46.734770999999995,,,,2,2023-06-15T14:12:17+00:00
SAO_8015-10,São Paulo,3550308,True,,34113,,,-23.486732,-46.726426000000004,,,,2,2023-06-15T14:12:02+00:00
SAO_8015-10,São Paulo,3550308,True,,34113,,,-23.4234875,-46.72467125,,,,2,2023-06-15T14:11:42+00:00
SAO_8015-10,São Paulo,3550308,True,,34113,,,-23.445055125000003,-46.717170875,,,,2,2023-06-15T14:11:47+00:00
SAO_8015-10,São Paulo,3550308,True,,34113,,,-23.398967749999997,-46.750726,,,,2,2023-06-15T14:12:15+00:00
SAO_6835-31,São Paulo,3550308,True,,1407,,,-23.654369000000003,-46.762426500000004,,,,1,2023-06-15T14:11:59+00:00
SAO_6835-31,São Paulo,3550308,True,,1407,,,-23.661853,-46.7689135,,,,1,2023-06-15T14:12:05+00:00
SAO_6835-31,São Paulo,3550308,True,,1407,,,-23.6865305,-46.7929775,,,,1,2023-06-15T14:11:46+00:00
SAO_1743-10,São Paulo,3550308,True,EMTU,543,https://moovitapp.com/index/pt-br/transporte_p%C3%BAblico-line-543-Sao_Paulo-242-2038937-36419552-0,5.15,-23.470834,-46.652437,,,,1,2023-06-15T14:12:09+00:00
SAO_1743-10,São Paulo,3550308,True,EMTU,543,https://moovitapp.com/index/pt-br/transporte_p%C3%BAblico-line-543-Sao_Paulo-242-2038937-36419552-0,5.15,-23.52362875,-46.62549275,,,,1,2023-06-15T14:12:20+00:00
SAO_1743-10,São Paulo,3550308,True,EMTU,543,https://moovitapp.com/index/pt-br/transporte_p%C3%BAblico-line-543-Sao_Paulo-242-2038937-36419552-0,5.15,-23.455666,-46.6677895,,,,1,2023-06-15T14:12:19+00:00
SAO_1743-10,São Paulo,3550308,True,EMTU,543,https://moovitapp.com/index/pt-br/transporte_p%C3%BAblico-line-543-Sao_Paulo-242-2038937-36419552-0,5.15,-23.4998425,-46.62548925,,,,1,2023-06-15T14:11:48+00:00
SAO_1743-10,São Paulo,3550308,True,EMTU,543,https://moovitapp.com/index/pt-br/transporte_p%C3%BAblico-line-543-Sao_Paulo-242-2038937-36419552-0,5.15,-23.50217,-46.62488,,,,1,2023-06-15T14:11:45+00:00
SAO_1743-10,São Paulo,3550308,True,EMTU,543,https://moovitapp.com/index/pt-br/transporte_p%C3%BAblico-line-543-Sao_Paulo-242-2038937-36419552-0,5.15,-23.490169,-46.6355345,,,,1,2023-06-15T14:10:09+00:00
SAO_1743-10,São Paulo,3550308,True,EMTU,543,https://moovitapp.com/index/pt-br/transporte_p%C3%BAblico-line-543-Sao_Paulo-242-2038937-36419552-0,5.15,-23.522855,-46.623938,,,,1,2023-06-15T14:12:12+00:00
SAO_1743-10,São Paulo,3550308,True,EMTU,543,https://moovitapp.com/index/pt-br/transporte_p%C3%BAblico-line-543-Sao_Paulo-242-2038937-36419552-0,5.15,-23.472155,-46.650782,,,,1,2023-06-15T14:07:11+00:00
SAO_178T-10,São Paulo,3550308,True,EMTU,565,https://moovitapp.com/index/pt-br/transporte_p%C3%BAblico-line-565-Sao_Paulo-242-2038937-36419563-0,8.1,-23.51957025,-46.70971525,,,,1,2023-06-15T14:12:00+00:00
SAO_178T-10,São Paulo,3550308,True,EMTU,565,https://moovitapp.com/index/pt-br/transporte_p%C3%BAblico-line-565-Sao_Paulo-242-2038937-36419563-0,8.1,-23.4875005,-46.638571999999996,,,,1,2023-06-15T14:12:11+00:00
SAO_178T-10,São Paulo,3550308,True,EMTU,565,https://moovitapp.com/index/pt-br/transporte_p%C3%BAblico-line-565-Sao_Paulo-242-2038937-36419563-0,8.1,-23.532139,-46.733895499999996,,,,1,2023-06-15T14:11:44+00:00
SAO_178T-10,São Paulo,3550308,True,EMTU,565,https://moovitapp.com/index/pt-br/transporte_p%C3%BAblico-line-565-Sao_Paulo-242-2038937-36419563-0,8.1,-23.50113125,-46.70671475,,,,1,2023-06-15T14:12:03+00:00
SAO_178T-10,São Paulo,3550308,True,EMTU,565,https://moovitapp.com/index/pt-br/transporte_p%C3%BAblico-line-565-Sao_Paulo-242-2038937-36419563-0,8.1,-23.5039245,-46.684534,,,,1,2023-06-15T14:12:02+00:00
SAO_178T-10,São Paulo,3550308,True,EMTU,565,https://moovitapp.com/index/pt-br/transporte_p%C3%BAblico-line-565-Sao_Paulo-242-2038937-36419563-0,8.1,-23.53450275,-46.734273,,,,1,2023-06-15T14:11:52+00:00
SAO_178T-10,São Paulo,3550308,True,EMTU,565,https://moovitapp.com/index/pt-br/transporte_p%C3%BAblico-line-565-Sao_Paulo-242-2038937-36419563-0,8.1,-23.502335875,-46.66660625,,,,1,2023-06-15T14:11:52+00:00
SAO_178T-10,São Paulo,3550308,True,EMTU,565,https://moovitapp.com/index/pt-br/transporte_p%C3%BAblico-line-565-Sao_Paulo-242-2038937-36419563-0,8.1,-23.535456875,-46.73342375,,,,1,2023-06-15T14:11:52+00:00
SAO_178T-10,São Paulo,3550308,True,EMTU,565,https://moovitapp.com/index/pt-br/transporte_p%C3%BAblico-line-565-Sao_Paulo-242-2038937-36419563-0,8.1,-23.49863425,-46.7052895,,,,1,2023-06-15T14:12:18+00:00
SAO_6422-10,São Paulo,3550308,True,EMTU,361,https://moovitapp.com/index/pt-br/transporte_p%C3%BAblico-line-361-Sao_Paulo-242-2038937-36419442-0,7.9,-23.62766125,-46.68821275,,,,1,2023-06-15T14:12:10+00:00
SAO_6422-10,São Paulo,3550308,True,EMTU,361,https://moovitapp.com/index/pt-br/transporte_p%C3%BAblico-line-361-Sao_Paulo-242-2038937-36419442-0,7.9,-23.588065999999998,-46.671693000000005,,,,1,2023-06-15T14:11:51+00:00
SAO_6422-10,São Paulo,3550308,True,EMTU,361,https://moovitapp.com/index/pt-br/transporte_p%C3%BAblico-line-361-Sao_Paulo-242-2038937-36419442-0,7.9,-23.5500985,-46.639879,,,,1,2023-06-15T14:12:04+00:00
SAO_4742-10,São Paulo,3550308,True,EMTU,342,https://moovitapp.com/index/pt-br/transporte_p%C3%BAblico-line-342-Sao_Paulo-242-2038937-36419426-0,7.55,-23.65571025,-46.61434625,,,,1,2023-06-15T14:12:00+00:00
SAO_4742-10,São Paulo,3550308,True,EMTU,342,https://moovitapp.com/index/pt-br/transporte_p%C3%BAblico-line-342-Sao_Paulo-242-2038937-36419426-0,7.55,-23.638069,-46.609136,,,,1,2023-06-15T14:12:18+00:00
SAO_4742-10,São Paulo,3550308,True,EMTU,342,https://moovitapp.com/index/pt-br/transporte_p%C3%BAblico-line-342-Sao_Paulo-242-2038937-36419426-0,7.55,-23.6397175,-46.627442,,,,1,2023-06-15T14:11:44+00:00
SAO_4742-10,São Paulo,3550308,True,EMTU,342,https://moovitapp.com/index/pt-br/transporte_p%C3%BAblico-line-342-Sao_Paulo-242-2038937-36419426-0,7.55,-23.638104,-46.6087755,,,,1,2023-06-15T14:12:09+00:00
SAO_6093-10,São Paulo,3550308,True,,34353,,,-23.825266499999998,-46.7336795,,,,2,2023-06-15T14:12:10+00:00
SAO_6093-10,São Paulo,3550308,True,,34353,,,-23.769605,-46.7179785,,,,2,2023-06-15T14:11:46+00:00
SAO_6093-10,São Paulo,3550308,True,,34353,,,-23.74367075,-46.705523,,,,2,2023-06-15T14:11:59+00:00
SAO_6093-10,São Paulo,3550308,True,,34353,,,-23.835445,-46.721818999999996,,,,2,2023-06-15T14:12:22+00:00
SAO_6093-10,São Paulo,3550308,True,,34353,,,-23.847780999999998,-46.715287,,,,2,2023-06-15T14:10:27+00:00
SAO_6093-10,São Paulo,3550308,True,,34353,,,-23.801012999999998,-46.7339515,,,,2,2023-06-15T14:12:23+00:00
SAO_647A-10,São Paulo,3550308,True,,1315,,,-23.6270625,-46.735526,,,,1,2023-06-15T14:11:43+00:00
SAO_647A-10,São Paulo,3550308,True,,1315,,,-23.637951,-46.740291,,,,1,2023-06-15T14:12:06+00:00
SAO_647A-10,São Paulo,3550308,True,,1315,,,-23.60011425,-46.718878875,,,,1,2023-06-15T14:11:58+00:00
SAO_647A-10,São Paulo,3550308,True,,1315,,,-23.686210250000002,-46.8015605,,,,1,2023-06-15T14:12:04+00:00
SAO_647A-10,São Paulo,3550308,True,,1315,,,-23.56966175,-46.69150875,,,,1,2023-06-15T14:12:07+00:00
SAO_647A-10,São Paulo,3550308,True,,1315,,,-23.646969,-46.757253500000004,,,,1,2023-06-15T14:12:10+00:00
SAO_647A-10,São Paulo,3550308,True,,1315,,,-23.59975625,-46.721888625,,,,1,2023-06-15T14:12:15+00:00
SAO_647A-10,São Paulo,3550308,True,,1315,,,-23.6945095,-46.7940355,,,,1,2023-06-15T14:12:20+00:00
SAO_647A-10,São Paulo,3550308,True,,1315,,,-23.638998625,-46.742914125,,,,1,2023-06-15T14:10:51+00:00
SAO_647A-10,São Paulo,3550308,True,,1315,,,-23.679752999999998,-46.783211,,,,1,2023-06-15T14:11:41+00:00
SAO_647A-10,São Paulo,3550308,True,,1315,,,-23.614049,-46.7310455,,,,1,2023-06-15T14:12:16+00:00
SAO_9020-10,São Paulo,3550308,True,,1434,,,-23.4834455,-46.7224415,,,,1,2023-06-15T14:11:46+00:00
SAO_9020-10,São Paulo,3550308,True,,1434,,,-23.472631,-46.716117249999996,,,,1,2023-06-15T14:11:53+00:00
SAO_5614-10,São Paulo,3550308,True,,1515,,,-23.6966665,-46.635231000000005,,,,1,2023-06-15T14:11:26+00:00
SAO_5614-10,São Paulo,3550308,True,,1515,,,-23.6663745,-46.6778045,,,,1,2023-06-15T14:11:55+00:00
SAO_5614-10,São Paulo,3550308,True,,1515,,,-23.684901,-46.6749755,,,,1,2023-06-15T14:12:16+00:00
SAO_5614-10,São Paulo,3550308,True,,1515,,,-23.6261595,-46.661417,,,,1,2023-06-15T14:11:42+00:00
SAO_5614-10,São Paulo,3550308,True,,1515,,,-23.60876,-46.653268999999995,,,,1,2023-06-15T14:11:43+00:00
SAO_1783-10,São Paulo,3550308,True,,33412,,,-23.4024395,-46.5765855,,,,2,2023-06-15T14:12:04+00:00
SAO_1783-10,São Paulo,3550308,True,,33412,,,-23.4425945,-46.5944195,,,,2,2023-06-15T14:09:46+00:00
SAO_1783-10,São Paulo,3550308,True,,33412,,,-23.478549125,-46.60900637499999,,,,2,2023-06-15T14:11:42+00:00
SAO_1783-10,São Paulo,3550308,True,,33412,,,-23.398296000000002,-46.577902,,,,2,2023-06-15T14:11:55+00:00
SAO_1783-10,São Paulo,3550308,True,,33412,,,-23.398296000000002,-46.577902,,,,2,2023-06-15T14:11:45+00:00
SAO_1783-10,São Paulo,3550308,True,,33412,,,-23.485706999999998,-46.61641025,,,,2,2023-06-15T14:12:14+00:00
SAO_9019-10,São Paulo,3550308,True,,34201,,,-23.45509475,-46.7101755,,,,2,2023-06-15T14:12:11+00:00
SAO_9019-10,São Paulo,3550308,True,,34201,,,-23.4607715,-46.715323,,,,2,2023-06-15T14:11:54+00:00
SAO_9019-10,São Paulo,3550308,True,,34201,,,-23.482476499999997,-46.7231825,,,,2,2023-06-15T14:11:58+00:00
SAO_9019-10,São Paulo,3550308,True,,34201,,,-23.46024525,-46.714256,,,,2,2023-06-15T14:11:37+00:00
SAO_9019-10,São Paulo,3550308,True,,34201,,,-23.47903575,-46.71295725,,,,2,2023-06-15T14:11:46+00:00
SAO_9019-10,São Paulo,3550308,True,,34201,,,-23.46870325,-46.713320499999995,,,,2,2023-06-15T14:11:57+00:00
SAO_9019-10,São Paulo,3550308,True,,34201,,,-23.482476499999997,-46.7231825,,,,2,2023-06-15T14:11:59+00:00
SAO_3796-10,São Paulo,3550308,True,,33842,,,-23.55107375,-46.4624665,,,,2,2023-06-15T14:12:21+00:00
SAO_3796-10,São Paulo,3550308,True,,33842,,,-23.58877925,-46.446368875,,,,2,2023-06-15T14:12:16+00:00
SAO_3796-10,São Paulo,3550308,True,,33842,,,-23.576076999999998,-46.452791250000004,,,,2,2023-06-15T14:12:16+00:00
SAO_3796-10,São Paulo,3550308,True,,33842,,,-23.58877925,-46.446368875,,,,2,2023-06-15T14:12:10+00:00
SAO_3796-10,São Paulo,3550308,True,,33842,,,-23.541867500000002,-46.47029,,,,2,2023-06-15T14:11:48+00:00
SAO_3796-10,São Paulo,3550308,True,,33842,,,-23.58877925,-46.446368875,,,,2,2023-06-15T14:12:16+00:00
SAO_3099-10,São Paulo,3550308,True,,33847,,,-23.5989245,-46.48563312499999,,,,2,2023-06-15T14:11:58+00:00
SAO_3099-10,São Paulo,3550308,True,,33847,,,-23.619660500000002,-46.460933,,,,2,2023-06-15T14:12:06+00:00
SAO_3099-10,São Paulo,3550308,True,,33847,,,-23.6094605,-46.4428775,,,,2,2023-06-15T14:12:17+00:00
SAO_3099-10,São Paulo,3550308,True,,33847,,,-23.613286000000002,-46.4441805,,,,2,2023-06-15T14:12:07+00:00
SAO_3099-10,São Paulo,3550308,True,,33847,,,-23.6124765,-46.472958,,,,2,2023-06-15T14:12:13+00:00
SAO_3099-10,São Paulo,3550308,True,,33847,,,-23.593412875000002,-46.488488499999995,,,,2,2023-06-15T14:11:39+00:00
SAO_3099-10,São Paulo,3550308,True,,33847,,,-23.6124765,-46.472958,,,,2,2023-06-15T14:12:15+00:00
SAO_3099-10,São Paulo,3550308,True,,33847,,,-23.607562,-46.446724,,,,2,2023-06-15T14:12:11+00:00
SAO_3099-10,São Paulo,3550308,True,,33847,,,-23.593412875000002,-46.488488499999995,,,,2,2023-06-15T14:12:01+00:00
SAO_3099-10,São Paulo,3550308,True,,33847,,,-23.613286000000002,-46.4441805,,,,2,2023-06-15T14:11:57+00:00
SAO_2714-10,São Paulo,3550308,True,,33695,,,-23.5119915,-46.5202875,,,,2,2023-06-15T14:12:09+00:00
SAO_2714-10,São Paulo,3550308,True,,33695,,,-23.5198125625,-46.53131475000001,,,,2,2023-06-15T14:11:50+00:00
SAO_2714-10,São Paulo,3550308,True,,33695,,,-23.5107195,-46.523055,,,,2,2023-06-15T14:11:36+00:00
SAO_2714-10,São Paulo,3550308,True,,33695,,,-23.52307875,-46.53112675,,,,2,2023-06-15T14:11:35+00:00
SAO_2714-10,São Paulo,3550308,True,,33695,,,-23.5119915,-46.5202875,,,,2,2023-06-15T14:12:18+00:00
SAO_2714-10,São Paulo,3550308,True,,33695,,,-23.531588999999997,-46.528728,,,,2,2023-06-15T14:11:51+00:00
SAO_2714-10,São Paulo,3550308,True,,33695,,,-23.51177575,-46.53083087500001,,,,2,2023-06-15T14:11:51+00:00
SAO_2060-10,São Paulo,3550308,True,,32902,,,-23.5367185,-46.474993,,,,2,2023-06-15T14:12:10+00:00
SAO_2060-10,São Paulo,3550308,True,,32902,,,-23.519024125,-46.475913874999996,,,,2,2023-06-15T14:11:58+00:00
SAO_2008-10,São Paulo,3550308,True,,897,,,-23.513238875000003,-46.39240025000001,,,,1,2023-06-15T14:12:11+00:00
SAO_2008-10,São Paulo,3550308,True,,897,,,-23.514018,-46.391044,,,,1,2023-06-15T14:11:47+00:00
SAO_2008-10,São Paulo,3550308,True,,897,,,-23.520331249999998,-46.38700925,,,,1,2023-06-15T14:12:16+00:00
SAO_2008-10,São Paulo,3550308,True,,897,,,-23.4941885,-46.400822,,,,1,2023-06-15T14:11:57+00:00
SAO_775F-10,São Paulo,3550308,True,,33564,,,-23.601592,-46.713787499999995,,,,2,2023-06-15T14:11:45+00:00
SAO_775F-10,São Paulo,3550308,True,,33564,,,-23.613568,-46.742564,,,,2,2023-06-15T14:12:12+00:00
SAO_775F-10,São Paulo,3550308,True,,33564,,,-23.580287499999997,-46.685236,,,,2,2023-06-15T14:11:55+00:00
SAO_775F-10,São Paulo,3550308,True,,33564,,,-23.57172775,-46.69049175,,,,2,2023-06-15T14:11:51+00:00
SAO_775F-10,São Paulo,3550308,True,,33564,,,-23.57172775,-46.69049175,,,,2,2023-06-15T14:12:05+00:00
SAO_775F-10,São Paulo,3550308,True,,33564,,,-23.570447,-46.691294,,,,2,2023-06-15T14:11:53+00:00
SAO_1701-22,São Paulo,3550308,True,,35245,,,-23.4551105,-46.584188999999995,,,,2,2023-06-15T14:12:01+00:00
SAO_1701-22,São Paulo,3550308,True,,35245,,,-23.466901999999997,-46.589282,,,,2,2023-06-15T14:12:01+00:00
SAO_1701-22,São Paulo,3550308,True,,35245,,,-23.4553385,-46.5832765,,,,2,2023-06-15T14:11:39+00:00
SAO_1701-22,São Paulo,3550308,True,,35245,,,-23.479745,-46.602174500000004,,,,2,2023-06-15T14:11:37+00:00
SAO_701A-10,São Paulo,3550308,True,,689,,,-23.529114999999997,-46.59873725,,,,1,2023-06-15T14:11:53+00:00
SAO_701A-10,São Paulo,3550308,True,,689,,,-23.555425,-46.663049,,,,1,2023-06-15T14:11:57+00:00
SAO_701A-10,São Paulo,3550308,True,,689,,,-23.533151750000002,-46.6291475,,,,1,2023-06-15T14:12:06+00:00
SAO_701A-10,São Paulo,3550308,True,,689,,,-23.533363,-46.602681625,,,,1,2023-06-15T14:12:07+00:00
SAO_701A-10,São Paulo,3550308,True,,689,,,-23.5372053125,-46.6343879375,,,,1,2023-06-15T14:11:50+00:00
SAO_701A-10,São Paulo,3550308,True,,689,,,-23.492824499999998,-46.579451,,,,1,2023-06-15T14:10:03+00:00
SAO_701A-10,São Paulo,3550308,True,,689,,,-23.4737385,-46.565966,,,,1,2023-06-15T14:12:12+00:00
SAO_701A-10,São Paulo,3550308,True,,689,,,-23.5551715,-46.6646375,,,,1,2023-06-15T14:12:05+00:00
SAO_1721-10,São Paulo,3550308,True,,666,,,-23.511432499999998,-46.6242005,,,,1,2023-06-15T14:12:04+00:00
SAO_1721-10,São Paulo,3550308,True,,666,,,-23.504566,-46.5979555,,,,1,2023-06-15T14:11:40+00:00
SAO_1721-10,São Paulo,3550308,True,,666,,,-23.4906315,-46.589086,,,,1,2023-06-15T14:11:38+00:00
SAO_1721-10,São Paulo,3550308,True,,666,,,-23.5010635,-46.61399,,,,1,2023-06-15T14:12:18+00:00
SAO_1721-10,São Paulo,3550308,True,,666,,,-23.48931,-46.5738365,,,,1,2023-06-15T14:12:18+00:00
SAO_3051-10,São Paulo,3550308,True,,35214,,,-23.49755125,-46.47722075,,,,2,2023-06-15T14:12:13+00:00
SAO_3051-10,São Paulo,3550308,True,,35214,,,-23.514756,-46.468974,,,,2,2023-06-15T14:11:56+00:00
SAO_3051-10,São Paulo,3550308,True,,35214,,,-23.486033,-46.47955399999999,,,,2,2023-06-15T14:12:13+00:00
SAO_971M-10,São Paulo,3550308,True,,33380,,,-23.475517375,-46.66922425,,,,2,2023-06-15T14:12:05+00:00
SAO_971M-10,São Paulo,3550308,True,,33380,,,-23.476006875,-46.66992125,,,,2,2023-06-15T14:12:10+00:00
SAO_971M-10,São Paulo,3550308,True,,33380,,,-23.49449225,-46.62656725,,,,2,2023-06-15T14:09:48+00:00
SAO_971M-10,São Paulo,3550308,True,,33380,,,-23.4770365,-46.633633,,,,2,2023-06-15T14:11:56+00:00
SAO_971M-10,São Paulo,3550308,True,,33380,,,-23.474009000000002,-46.684194000000005,,,,2,2023-06-15T14:11:45+00:00
SAO_971M-10,São Paulo,3550308,True,,33380,,,-23.490305,-46.6886595,,,,2,2023-06-15T14:12:11+00:00
SAO_971M-10,São Paulo,3550308,True,,33380,,,-23.503788375,-46.624660500000005,,,,2,2023-06-15T14:11:40+00:00
SAO_675R-10,São Paulo,3550308,True,,109,,,-23.656974249999998,-46.6796535,,,,1,2023-06-15T14:11:55+00:00
SAO_675R-10,São Paulo,3550308,True,,109,,,-23.726286,-46.6859945,,,,1,2023-06-15T14:12:20+00:00
SAO_675R-10,São Paulo,3550308,True,,109,,,-23.681455,-46.688723,,,,1,2023-06-15T14:11:30+00:00
SAO_3741-10,São Paulo,3550308,True,,33809,,,-23.542377000000002,-46.449023749999995,,,,2,2023-06-15T14:12:10+00:00
SAO_3741-10,São Paulo,3550308,True,,33809,,,-23.5425125,-46.4488915,,,,2,2023-06-15T14:11:58+00:00
SAO_3741-10,São Paulo,3550308,True,,33809,,,-23.563354500000003,-46.458228,,,,2,2023-06-15T14:11:41+00:00
SAO_3741-10,São Paulo,3550308,True,,33809,,,-23.5453475,-46.469015,,,,2,2023-06-15T14:11:46+00:00
SAO_3741-10,São Paulo,3550308,True,,33809,,,-23.556255999999998,-46.460592500000004,,,,2,2023-06-15T14:11:53+00:00
SAO_3741-10,São Paulo,3550308,True,,33809,,,-23.547940500000003,-46.461574999999996,,,,2,2023-06-15T14:12:21+00:00
SAO_3741-10,São Paulo,3550308,True,,33809,,,-23.5425125,-46.4488915,,,,2,2023-06-15T14:11:39+00:00
SAO_7057-10,São Paulo,3550308,True,,1897,,,-23.631701,-46.7721875,,,,1,2023-06-15T14:11:40+00:00
SAO_7057-10,São Paulo,3550308,True,,1897,,,-23.6431875,-46.787111,,,,1,2023-06-15T14:12:11+00:00
SAO_233C-10,São Paulo,3550308,True,,155,,,-23.526138,-46.4747285,,,,1,2023-06-15T14:12:07+00:00
SAO_233C-10,São Paulo,3550308,True,,155,,,-23.553251500000002,-46.491372999999996,,,,1,2023-06-15T14:11:57+00:00
SAO_233C-10,São Paulo,3550308,True,,155,,,-23.571325,-46.537527999999995,,,,1,2023-06-15T14:11:46+00:00
SAO_233C-10,São Paulo,3550308,True,,155,,,-23.533732,-46.481122,,,,1,2023-06-15T14:11:07+00:00
SAO_233C-10,São Paulo,3550308,True,,155,,,-23.557517,-46.520212,,,,1,2023-06-15T14:11:46+00:00
SAO_233C-10,São Paulo,3550308,True,,155,,,-23.55732225,-46.55925325,,,,1,2023-06-15T14:12:15+00:00
SAO_877T-10,São Paulo,3550308,True,,1381,,,-23.523728625000004,-46.703523875,,,,1,2023-06-15T14:11:48+00:00
SAO_877T-10,São Paulo,3550308,True,,1381,,,-23.5156265,-46.723701500000004,,,,1,2023-06-15T14:11:58+00:00
SAO_877T-10,São Paulo,3550308,True,,1381,,,-23.5644515625,-46.652986687500004,,,,1,2023-06-15T14:12:11+00:00
SAO_877T-10,São Paulo,3550308,True,,1381,,,-23.534870875000003,-46.654443625,,,,1,2023-06-15T14:11:54+00:00
SAO_5652-10,São Paulo,3550308,True,STT,274,https://moovitapp.com/index/pt-br/transporte_p%C3%BAblico-line-274-Sao_Paulo-242-850661-183274-0,5.3,-23.572684,-46.640971,,,,1,2023-06-15T14:11:48+00:00
SAO_5652-10,São Paulo,3550308,True,STT,274,https://moovitapp.com/index/pt-br/transporte_p%C3%BAblico-line-274-Sao_Paulo-242-850661-183274-0,5.3,-23.7142705,-46.6887445,,,,1,2023-06-15T14:12:13+00:00
SAO_5652-10,São Paulo,3550308,True,STT,274,https://moovitapp.com/index/pt-br/transporte_p%C3%BAblico-line-274-Sao_Paulo-242-850661-183274-0,5.3,-23.615503,-46.65987225,,,,1,2023-06-15T14:12:18+00:00
SAO_5652-10,São Paulo,3550308,True,STT,274,https://moovitapp.com/index/pt-br/transporte_p%C3%BAblico-line-274-Sao_Paulo-242-850661-183274-0,5.3,-23.677901249999998,-46.683391875,,,,1,2023-06-15T14:12:22+00:00
SAO_5652-10,São Paulo,3550308,True,STT,274,https://moovitapp.com/index/pt-br/transporte_p%C3%BAblico-line-274-Sao_Paulo-242-850661-183274-0,5.3,-23.661351,-46.679339999999996,,,,1,2023-06-15T14:12:15+00:00
SAO_9006-10,São Paulo,3550308,True,,33642,,,-23.473665500000003,-46.670654,,,,2,2023-06-15T14:12:09+00:00
SAO_9006-10,São Paulo,3550308,True,,33642,,,-23.4653195,-46.6903695,,,,2,2023-06-15T14:11:48+00:00
SAO_9006-10,São Paulo,3550308,True,,33642,,,-23.4651395,-46.690452500000006,,,,2,2023-06-15T14:12:11+00:00
SAO_9006-10,São Paulo,3550308,True,,33642,,,-23.474202,-46.669375,,,,2,2023-06-15T14:12:21+00:00
SAO_9006-10,São Paulo,3550308,True,,33642,,,-23.464864,-46.6906185,,,,2,2023-06-15T14:12:10+00:00
SAO_2713-10,São Paulo,3550308,True,,32988,,,-23.5329995,-46.543696,,,,2,2023-06-15T14:12:10+00:00
SAO_9012-10,São Paulo,3550308,True,,1268,,,-23.505086,-46.6918275,,,,1,2023-06-15T14:12:19+00:00
SAO_3712-10,São Paulo,3550308,True,,33777,,,-23.55333575,-46.42540475,,,,2,2023-06-15T14:11:49+00:00
SAO_3712-10,São Paulo,3550308,True,,33777,,,-23.551343624999998,-46.432201625000005,,,,2,2023-06-15T14:11:45+00:00
SAO_3712-10,São Paulo,3550308,True,,33777,,,-23.55333575,-46.42540475,,,,2,2023-06-15T14:11:48+00:00
SAO_3712-10,São Paulo,3550308,True,,33777,,,-23.55296125,-46.42555625,,,,2,2023-06-15T14:11:53+00:00
SAO_3712-10,São Paulo,3550308,True,,33777,,,-23.541299000000002,-46.456334125000005,,,,2,2023-06-15T14:12:17+00:00
SAO_809V-10,São Paulo,3550308,True,,2243,,,-23.57404675,-46.726603,,,,1,2023-06-15T14:11:52+00:00
SAO_809V-10,São Paulo,3550308,True,,2243,,,-23.56217925,-46.65600125,,,,1,2023-06-15T14:12:04+00:00
SAO_3069-10,São Paulo,3550308,True,,33752,,,-23.6226785,-46.4497675,,,,2,2023-06-15T14:12:06+00:00
SAO_3069-10,São Paulo,3550308,True,,33752,,,-23.621413,-46.427276500000005,,,,2,2023-06-15T14:12:13+00:00
SAO_3069-10,São Paulo,3550308,True,,33752,,,-23.60662525,-46.41692075,,,,2,2023-06-15T14:12:13+00:00
SAO_3069-10,São Paulo,3550308,True,,33752,,,-23.606299749999998,-46.41697025,,,,2,2023-06-15T14:12:05+00:00
SAO_3069-10,São Paulo,3550308,True,,33752,,,-23.60662525,-46.41692075,,,,2,2023-06-15T14:11:39+00:00
SAO_3069-10,São Paulo,3550308,True,,33752,,,-23.613176,-46.421238,,,,2,2023-06-15T14:12:12+00:00
SAO_3069-10,São Paulo,3550308,True,,33752,,,-23.6134195,-46.471976,,,,2,2023-06-15T14:12:02+00:00
SAO_2088-10,São Paulo,3550308,True,,33140,,,-23.494584,-46.425981500000006,,,,2,2023-06-15T14:11:53+00:00
SAO_2088-10,São Paulo,3550308,True,,33140,,,-23.50437075,-46.37581475,,,,2,2023-06-15T14:12:13+00:00
SAO_2088-10,São Paulo,3550308,True,,33140,,,-23.5037935,-46.379870499999996,,,,2,2023-06-15T14:11:51+00:00
SAO_5362-10,São Paulo,3550308,True,BR7 Mobilidade,70,https://moovitapp.com/index/pt-br/transporte_p%C3%BAblico-line-70-Sao_Paulo-242-851856-2250296-0,5.75,-23.575755,-46.64204975,,,,1,2023-06-15T14:11:55+00:00
SAO_5362-10,São Paulo,3550308,True,BR7 Mobilidade,70,https://moovitapp.com/index/pt-br/transporte_p%C3%BAblico-line-70-Sao_Paulo-242-851856-2250296-0,5.75,-23.649885249999997,-46.702398,,,,1,2023-06-15T14:12:05+00:00
SAO_5362-10,São Paulo,3550308,True,BR7 Mobilidade,70,https://moovitapp.com/index/pt-br/transporte_p%C3%BAblico-line-70-Sao_Paulo-242-851856-2250296-0,5.75,-23.5494405,-46.6375315,,,,1,2023-06-15T14:11:52+00:00
SAO_5362-10,São Paulo,3550308,True,BR7 Mobilidade,70,https://moovitapp.com/index/pt-br/transporte_p%C3%BAblico-line-70-Sao_Paulo-242-851856-2250296-0,5.75,-23.7379235,-46.6925615,,,,1,2023-06-15T14:12:00+00:00
SAO_5362-10,São Paulo,3550308,True,BR7 Mobilidade,70,https://moovitapp.com/index/pt-br/transporte_p%C3%BAblico-line-70-Sao_Paulo-242-851856-2250296-0,5.75,-23.616316750000003,-46.67408725,,,,1,2023-06-15T14:11:41+00:00
SAO_5362-10,São Paulo,3550308,True,BR7 Mobilidade,70,https://moovitapp.com/index/pt-br/transporte_p%C3%BAblico-line-70-Sao_Paulo-242-851856-2250296-0,5.75,-23.680556,-46.713172,,,,1,2023-06-15T14:12:17+00:00
SAO_5362-10,São Paulo,3550308,True,BR7 Mobilidade,70,https://moovitapp.com/index/pt-br/transporte_p%C3%BAblico-line-70-Sao_Paulo-242-851856-2250296-0,5.75,-23.75324375,-46.685306,,,,1,2023-06-15T14:12:01+00:00
SAO_5362-10,São Paulo,3550308,True,BR7 Mobilidade,70,https://moovitapp.com/index/pt-br/transporte_p%C3%BAblico-line-70-Sao_Paulo-242-851856-2250296-0,5.75,-23.637498,-46.694182749999996,,,,1,2023-06-15T14:11:53+00:00
SAO_5362-10,São Paulo,3550308,True,BR7 Mobilidade,70,https://moovitapp.com/index/pt-br/transporte_p%C3%BAblico-line-70-Sao_Paulo-242-851856-2250296-0,5.75,-23.7445215,-46.670979,,,,1,2023-06-15T14:11:53+00:00
SAO_5362-10,São Paulo,3550308,True,BR7 Mobilidade,70,https://moovitapp.com/index/pt-br/transporte_p%C3%BAblico-line-70-Sao_Paulo-242-851856-2250296-0,5.75,-23.714960750000003,-46.70706,,,,1,2023-06-15T14:12:00+00:00
SAO_5362-10,São Paulo,3550308,True,BR7 Mobilidade,70,https://moovitapp.com/index/pt-br/transporte_p%C3%BAblico-line-70-Sao_Paulo-242-851856-2250296-0,5.75,-23.637275250000002,-46.693982500000004,,,,1,2023-06-15T14:11:48+00:00
SAO_748A-10,São Paulo,3550308,True,,33266,,,-23.5376155,-46.726127,,,,2,2023-06-15T14:12:11+00:00
SAO_748A-10,São Paulo,3550308,True,,33266,,,-23.549408875000005,-46.73855825,,,,2,2023-06-15T14:11:44+00:00
SAO_748A-10,São Paulo,3550308,True,,33266,,,-23.5758515,-46.7756445,,,,2,2023-06-15T14:11:52+00:00
SAO_748A-10,São Paulo,3550308,True,,33266,,,-23.5701815,-46.7579705,,,,2,2023-06-15T14:11:40+00:00
SAO_748A-10,São Paulo,3550308,True,,33266,,,-23.58186675,-46.78311625,,,,2,2023-06-15T14:12:20+00:00
SAO_6051-31,São Paulo,3550308,True,,34374,,,-23.7628215,-46.688933500000005,,,,2,2023-06-15T14:11:48+00:00
SAO_476G-41,São Paulo,3550308,True,,33880,,,-23.5768865,-46.610588,,,,2,2023-06-15T14:11:57+00:00
SAO_476G-41,São Paulo,3550308,True,,33880,,,-23.60581125,-46.53627575,,,,2,2023-06-15T14:12:09+00:00
SAO_476G-41,São Paulo,3550308,True,,33880,,,-23.58713975,-46.58388075,,,,2,2023-06-15T14:12:19+00:00
SAO_476G-41,São Paulo,3550308,True,,33880,,,-23.6102795,-46.5296235,,,,2,2023-06-15T14:11:48+00:00
SAO_476G-41,São Paulo,3550308,True,,33880,,,-23.6098365,-46.529281,,,,2,2023-06-15T14:12:16+00:00
SAO_2123-10,São Paulo,3550308,True,,33460,,,-23.489123499999998,-46.581668500000006,,,,2,2023-06-15T14:12:02+00:00
SAO_2123-10,São Paulo,3550308,True,,33460,,,-23.491212500000003,-46.585395000000005,,,,2,2023-06-15T14:11:56+00:00
SAO_2123-10,São Paulo,3550308,True,,33460,,,-23.546586249999997,-46.623060499999994,,,,2,2023-06-15T14:11:17+00:00
SAO_2123-10,São Paulo,3550308,True,,33460,,,-23.514908249999998,-46.60765574999999,,,,2,2023-06-15T14:11:38+00:00
SAO_2123-10,São Paulo,3550308,True,,33460,,,-23.488902500000002,-46.5819175,,,,2,2023-06-15T14:11:47+00:00
SAO_6022-10,São Paulo,3550308,True,,1207,,,-23.705963,-46.784294,,,,1,2023-06-15T14:12:01+00:00
SAO_6022-10,São Paulo,3550308,True,,1207,,,-23.729324,-46.782303,,,,1,2023-06-15T14:12:03+00:00
SAO_6022-10,São Paulo,3550308,True,,1207,,,-23.690631,-46.774444,,,,1,2023-06-15T14:12:11+00:00
SAO_6400-10,São Paulo,3550308,True,,32825,,,-23.643862,-46.734012500000006,,,,2,2023-06-15T14:11:49+00:00
SAO_6400-10,São Paulo,3550308,True,,32825,,,-23.5568825,-46.6515995,,,,2,2023-06-15T14:12:02+00:00
SAO_6400-10,São Paulo,3550308,True,,32825,,,-23.58729175,-46.67156075,,,,2,2023-06-15T14:11:57+00:00
SAO_807P-10,São Paulo,3550308,True,,34867,,,-23.645799250000003,-46.72271675,,,,2,2023-06-15T14:12:01+00:00
SAO_807P-10,São Paulo,3550308,True,,34867,,,-23.652657750000003,-46.70861875,,,,2,2023-06-15T14:12:20+00:00
SAO_807P-10,São Paulo,3550308,True,,34867,,,-23.6253475,-46.7212615,,,,2,2023-06-15T14:12:13+00:00
SAO_807P-10,São Paulo,3550308,True,,34867,,,-23.64552775,-46.722734249999995,,,,2,2023-06-15T14:11:57+00:00
SAO_807P-10,São Paulo,3550308,True,,34867,,,-23.6163415,-46.720850999999996,,,,2,2023-06-15T14:12:06+00:00
SAO_807P-10,São Paulo,3550308,True,,34867,,,-23.625848,-46.7191125,,,,2,2023-06-15T14:11:58+00:00
SAO_807P-10,São Paulo,3550308,True,,34867,,,-23.616477500000002,-46.7208605,,,,2,2023-06-15T14:12:23+00:00
SAO_807P-10,São Paulo,3550308,True,,34867,,,-23.616477500000002,-46.7208605,,,,2,2023-06-15T14:11:54+00:00
SAO_5106-10,São Paulo,3550308,True,,34048,,,-23.6952165,-46.6546855,,,,2,2023-06-15T14:11:35+00:00
SAO_5106-10,São Paulo,3550308,True,,34048,,,-23.589805,-46.6468755,,,,2,2023-06-15T14:11:45+00:00
SAO_5106-10,São Paulo,3550308,True,,34048,,,-23.695206499999998,-46.6534155,,,,2,2023-06-15T14:11:43+00:00
SAO_5106-10,São Paulo,3550308,True,,34048,,,-23.5504715,-46.635545,,,,2,2023-06-15T14:11:41+00:00
SAO_5106-10,São Paulo,3550308,True,,34048,,,-23.62981975,-46.641482499999995,,,,2,2023-06-15T14:11:47+00:00
SAO_106A-10,São Paulo,3550308,True,,33284,,,-23.525461999999997,-46.6307205,,,,2,2023-06-15T14:11:00+00:00
SAO_106A-10,São Paulo,3550308,True,,33284,,,-23.57470325,-46.66798862500001,,,,2,2023-06-15T14:12:06+00:00
SAO_106A-10,São Paulo,3550308,True,,33284,,,-23.580373875,-46.677000625000005,,,,2,2023-06-15T14:11:59+00:00
SAO_106A-10,São Paulo,3550308,True,,33284,,,-23.56705225,-46.658919,,,,2,2023-06-15T14:11:00+00:00
SAO_106A-10,São Paulo,3550308,True,,33284,,,-23.505223,-46.625815,,,,2,2023-06-15T14:12:16+00:00
SAO_106A-10,São Paulo,3550308,True,,33284,,,-23.513420500000002,-46.627432999999996,,,,2,2023-06-15T14:11:36+00:00
SAO_106A-10,São Paulo,3550308,True,,33284,,,-23.502871,-46.624226,,,,2,2023-06-15T14:11:53+00:00
SAO_106A-10,São Paulo,3550308,True,,33284,,,-23.5025625,-46.624213,,,,2,2023-06-15T14:11:56+00:00
SAO_106A-10,São Paulo,3550308,True,,33284,,,-23.5512085,-46.6456885,,,,2,2023-06-15T14:12:10+00:00
SAO_107T-10,São Paulo,3550308,True,,33389,,,-23.533191875,-46.632661625,,,,2,2023-06-15T14:11:39+00:00
SAO_107T-10,São Paulo,3550308,True,,33389,,,-23.529816750000002,-46.631610375,,,,2,2023-06-15T14:11:57+00:00
SAO_107T-10,São Paulo,3550308,True,,33389,,,-23.4809415,-46.603984499999996,,,,2,2023-06-15T14:11:55+00:00
SAO_107T-10,São Paulo,3550308,True,,33389,,,-23.5661885,-46.702104000000006,,,,2,2023-06-15T14:12:04+00:00
SAO_107T-10,São Paulo,3550308,True,,33389,,,-23.4821945,-46.604354,,,,2,2023-06-15T14:11:55+00:00
SAO_107T-10,São Paulo,3550308,True,,33389,,,-23.481503500000002,-46.60353,,,,2,2023-06-15T14:12:13+00:00
SAO_107T-10,São Paulo,3550308,True,,33389,,,-23.570447,-46.691294,,,,2,2023-06-15T14:11:58+00:00
SAO_107T-10,São Paulo,3550308,True,,33389,,,-23.581507000000002,-46.684625499999996,,,,2,2023-06-15T14:12:02+00:00
SAO_107T-10,São Paulo,3550308,True,,33389,,,-23.4810725,-46.603761500000005,,,,2,2023-06-15T14:12:08+00:00
SAO_908T-10,São Paulo,3550308,True,,34884,,,-23.560659625,-46.662874,,,,2,2023-06-15T14:12:07+00:00
SAO_908T-10,São Paulo,3550308,True,,34884,,,-23.55022025,-46.631459750000005,,,,2,2023-06-15T14:11:39+00:00
SAO_908T-10,São Paulo,3550308,True,,34884,,,-23.5748155,-46.703287,,,,2,2023-06-15T14:12:03+00:00
SAO_1019-10,São Paulo,3550308,True,,35263,,,-23.437991500000003,-46.760926,,,,2,2023-06-15T14:12:12+00:00
SAO_1019-10,São Paulo,3550308,True,,35263,,,-23.485708,-46.725275999999994,,,,2,2023-06-15T14:12:04+00:00
SAO_1019-10,São Paulo,3550308,True,,35263,,,-23.471862,-46.750509,,,,2,2023-06-15T14:12:18+00:00
SAO_6338-10,São Paulo,3550308,True,,1293,,,-23.676444,-46.6418475,,,,1,2023-06-15T14:11:47+00:00
SAO_6338-10,São Paulo,3550308,True,,1293,,,-23.650205,-46.64696525,,,,1,2023-06-15T14:12:21+00:00
SAO_6338-10,São Paulo,3550308,True,,1293,,,-23.63094375,-46.6425045,,,,1,2023-06-15T14:11:51+00:00
SAO_6338-10,São Paulo,3550308,True,,1293,,,-23.6015305,-46.635998,,,,1,2023-06-15T14:12:16+00:00
SAO_7011-31,São Paulo,3550308,True,,34722,,,-23.6848575,-46.7702205,,,,2,2023-06-15T14:12:16+00:00
SAO_7011-31,São Paulo,3550308,True,,34722,,,-23.7013825,-46.7901125,,,,2,2023-06-15T14:11:54+00:00
SAO_7011-31,São Paulo,3550308,True,,34722,,,-23.707812,-46.7918005,,,,2,2023-06-15T14:12:19+00:00
SAO_7011-31,São Paulo,3550308,True,,34722,,,-23.6921255,-46.776663,,,,2,2023-06-15T14:12:14+00:00
SAO_7011-31,São Paulo,3550308,True,,34722,,,-23.707812,-46.7918005,,,,2,2023-06-15T14:09:30+00:00
SAO_847P-42,São Paulo,3550308,True,,1424,,,-23.510699,-46.705584,,,,1,2023-06-15T14:12:16+00:00
SAO_847P-42,São Paulo,3550308,True,,1424,,,-23.477207,-46.691008499999995,,,,1,2023-06-15T14:12:06+00:00
SAO_847P-42,São Paulo,3550308,True,,1424,,,-23.554025125000003,-46.69139799999999,,,,1,2023-06-15T14:11:49+00:00
SAO_407K-10,São Paulo,3550308,True,,2168,,,-23.6124515,-46.475421999999995,,,,1,2023-06-15T14:11:50+00:00
SAO_407K-10,São Paulo,3550308,True,,2168,,,-23.538633500000003,-46.544771,,,,1,2023-06-15T14:12:14+00:00
SAO_407K-10,São Paulo,3550308,True,,2168,,,-23.5732925,-46.503786500000004,,,,1,2023-06-15T14:11:38+00:00
SAO_4053-10,São Paulo,3550308,True,,34914,,,-23.55839375,-46.39521125,,,,2,2023-06-15T14:12:06+00:00
SAO_4053-10,São Paulo,3550308,True,,34914,,,-23.544548499999998,-46.410154000000006,,,,2,2023-06-15T14:11:53+00:00
SAO_4053-10,São Paulo,3550308,True,,34914,,,-23.5550415,-46.392004,,,,2,2023-06-15T14:10:34+00:00
SAO_4053-10,São Paulo,3550308,True,,34914,,,-23.5592895,-46.399390999999994,,,,2,2023-06-15T14:11:46+00:00
SAO_4030-10,São Paulo,3550308,True,,1100,,,-23.6142675,-46.487496,,,,1,2023-06-15T14:11:42+00:00
SAO_4030-10,São Paulo,3550308,True,,1100,,,-23.57247625,-46.5058975,,,,1,2023-06-15T14:11:45+00:00
SAO_4030-10,São Paulo,3550308,True,,1100,,,-23.613035500000002,-46.4948125,,,,1,2023-06-15T14:11:56+00:00
SAO_4030-10,São Paulo,3550308,True,,1100,,,-23.611138999999998,-46.48667775,,,,1,2023-06-15T14:11:49+00:00
SAO_4030-10,São Paulo,3550308,True,,1100,,,-23.612544,-46.4763325,,,,1,2023-06-15T14:11:39+00:00
SAO_4030-10,São Paulo,3550308,True,,1100,,,-23.5838745,-46.4931675,,,,1,2023-06-15T14:11:44+00:00
SAO_605A-10,São Paulo,3550308,True,,2522,,,-23.645297,-46.6360235,,,,1,2023-06-15T14:11:41+00:00
SAO_271F-10,São Paulo,3550308,True,,33451,,,-23.51473325,-46.609391,,,,2,2023-06-15T14:11:58+00:00
SAO_271F-10,São Paulo,3550308,True,,33451,,,-23.537573000000002,-46.596209375,,,,2,2023-06-15T14:12:12+00:00
SAO_271F-10,São Paulo,3550308,True,,33451,,,-23.539574875,-46.609840250000005,,,,2,2023-06-15T14:11:37+00:00
SAO_271F-10,São Paulo,3550308,True,,33451,,,-23.542482,-46.590168000000006,,,,2,2023-06-15T14:12:20+00:00
SAO_271F-10,São Paulo,3550308,True,,33451,,,-23.54076025,-46.61705775,,,,2,2023-06-15T14:11:26+00:00
SAO_271F-10,São Paulo,3550308,True,,33451,,,-23.517277999999997,-46.616387,,,,2,2023-06-15T14:11:54+00:00
SAO_271C-10,São Paulo,3550308,True,STT,682,https://moovitapp.com/index/pt-br/transporte_p%C3%BAblico-line-682-Sao_Paulo-242-850661-183336-0,5.3,-23.507360499999997,-46.5711955,,,,1,2023-06-15T14:12:02+00:00
SAO_271C-10,São Paulo,3550308,True,STT,682,https://moovitapp.com/index/pt-br/transporte_p%C3%BAblico-line-682-Sao_Paulo-242-850661-183336-0,5.3,-23.4977115,-46.587558,,,,1,2023-06-15T14:11:46+00:00
SAO_271C-10,São Paulo,3550308,True,STT,682,https://moovitapp.com/index/pt-br/transporte_p%C3%BAblico-line-682-Sao_Paulo-242-850661-183336-0,5.3,-23.5289435,-46.639902250000006,,,,1,2023-06-15T14:12:04+00:00
SAO_271C-10,São Paulo,3550308,True,STT,682,https://moovitapp.com/index/pt-br/transporte_p%C3%BAblico-line-682-Sao_Paulo-242-850661-183336-0,5.3,-23.509783750000004,-46.62508137500001,,,,1,2023-06-15T14:11:38+00:00
SAO_8013-41,São Paulo,3550308,True,,2011,,,-23.436493,-46.805865,,,,1,2023-06-15T14:12:13+00:00
SAO_8013-41,São Paulo,3550308,True,,2011,,,-23.432446499999998,-46.787048,,,,1,2023-06-15T14:11:55+00:00
SAO_3787-10,São Paulo,3550308,True,,34380,,,-23.56521875,-46.4465064375,,,,2,2023-06-15T14:11:57+00:00
SAO_3787-10,São Paulo,3550308,True,,34380,,,-23.594282999999997,-46.405967249999996,,,,2,2023-06-15T14:12:05+00:00
SAO_3787-10,São Paulo,3550308,True,,34380,,,-23.594714,-46.443023,,,,2,2023-06-15T14:11:57+00:00
SAO_3787-10,São Paulo,3550308,True,,34380,,,-23.552208625000002,-46.458646125,,,,2,2023-06-15T14:12:05+00:00
SAO_3787-10,São Paulo,3550308,True,,34380,,,-23.583288000000003,-46.409053,,,,2,2023-06-15T14:12:09+00:00
SAO_3787-10,São Paulo,3550308,True,,34380,,,-23.544971500000003,-46.46274225,,,,2,2023-06-15T14:12:20+00:00
SAO_407N-10,São Paulo,3550308,True,,2169,,,-23.595138125,-46.429589,,,,1,2023-06-15T14:12:11+00:00
SAO_407N-10,São Paulo,3550308,True,,2169,,,-23.588790000000003,-46.4804625,,,,1,2023-06-15T14:12:15+00:00
SAO_407N-10,São Paulo,3550308,True,,2169,,,-23.563410499999996,-46.50840425,,,,1,2023-06-15T14:12:00+00:00
SAO_407N-10,São Paulo,3550308,True,,2169,,,-23.5784915,-46.497611,,,,1,2023-06-15T14:12:09+00:00
SAO_407N-10,São Paulo,3550308,True,,2169,,,-23.597196500000003,-46.45712625,,,,1,2023-06-15T14:11:43+00:00
SAO_407N-10,São Paulo,3550308,True,,2169,,,-23.534121,-46.543020999999996,,,,1,2023-06-15T14:11:52+00:00
SAO_407N-10,São Paulo,3550308,True,,2169,,,-23.582728,-46.4150995,,,,1,2023-06-15T14:11:52+00:00
SAO_407N-10,São Paulo,3550308,True,,2169,,,-23.5958445,-46.434946499999995,,,,1,2023-06-15T14:12:12+00:00
SAO_407N-10,São Paulo,3550308,True,,2169,,,-23.595284499999998,-46.451296,,,,1,2023-06-15T14:11:37+00:00
SAO_407N-10,São Paulo,3550308,True,,2169,,,-23.5406085,-46.5399215,,,,1,2023-06-15T14:11:54+00:00
SAO_407N-10,São Paulo,3550308,True,,2169,,,-23.5394475,-46.542668500000005,,,,1,2023-06-15T14:11:52+00:00
SAO_407N-10,São Paulo,3550308,True,,2169,,,-23.542552,-46.533373499999996,,,,1,2023-06-15T14:11:52+00:00
SAO_3033-10,São Paulo,3550308,True,,968,,,-23.610867499999998,-46.4746765,,,,1,2023-06-15T14:12:05+00:00
SAO_3033-10,São Paulo,3550308,True,,968,,,-23.610867499999998,-46.4746765,,,,1,2023-06-15T14:09:02+00:00
SAO_3033-10,São Paulo,3550308,True,,968,,,-23.542768,-46.41466525,,,,1,2023-06-15T14:12:18+00:00
SAO_3033-10,São Paulo,3550308,True,,968,,,-23.604619749999998,-46.471101,,,,1,2023-06-15T14:12:18+00:00
SAO_3033-10,São Paulo,3550308,True,,968,,,-23.595864,-46.4524015,,,,1,2023-06-15T14:12:18+00:00
SAO_3033-10,São Paulo,3550308,True,,968,,,-23.5594945,-46.4119435,,,,1,2023-06-15T14:12:00+00:00
SAO_3033-10,São Paulo,3550308,True,,968,,,-23.554762,-46.401109500000004,,,,1,2023-06-15T14:11:41+00:00
SAO_3033-10,São Paulo,3550308,True,,968,,,-23.554859,-46.401108,,,,1,2023-06-15T14:11:57+00:00
SAO_5142-10,São Paulo,3550308,True,,34394,,,-23.614496,-46.500415000000004,,,,2,2023-06-15T14:12:06+00:00
SAO_5142-10,São Paulo,3550308,True,,34394,,,-23.561816,-46.624824,,,,2,2023-06-15T14:12:04+00:00
SAO_5142-10,São Paulo,3550308,True,,34394,,,-23.582364125,-46.6021575,,,,2,2023-06-15T14:11:38+00:00
SAO_5142-10,São Paulo,3550308,True,,34394,,,-23.613987,-46.5014315,,,,2,2023-06-15T14:11:56+00:00
SAO_5142-10,São Paulo,3550308,True,,34394,,,-23.602759499999998,-46.529866,,,,2,2023-06-15T14:11:56+00:00
SAO_5142-10,São Paulo,3550308,True,,34394,,,-23.601045,-46.5367575,,,,2,2023-06-15T14:11:49+00:00
SAO_2016-10,São Paulo,3550308,True,,902,,,-23.495135,-46.4351205,,,,1,2023-06-15T14:12:06+00:00
SAO_2016-10,São Paulo,3550308,True,,902,,,-23.49961725,-46.376692000000006,,,,1,2023-06-15T14:11:49+00:00
SAO_2016-10,São Paulo,3550308,True,,902,,,-23.49534925,-46.40080675,,,,1,2023-06-15T14:11:58+00:00
SAO_2016-10,São Paulo,3550308,True,,902,,,-23.4934865,-46.389315499999995,,,,1,2023-06-15T14:09:59+00:00
SAO_1732-10,São Paulo,3550308,True,,671,,,-23.5105505,-46.653246,,,,1,2023-06-15T14:12:02+00:00
SAO_1732-10,São Paulo,3550308,True,,671,,,-23.503546,-46.634462125,,,,1,2023-06-15T14:12:05+00:00
SAO_1732-10,São Paulo,3550308,True,,671,,,-23.52228575,-46.65115900000001,,,,1,2023-06-15T14:12:18+00:00
SAO_1732-10,São Paulo,3550308,True,,671,,,-23.481374000000002,-46.59976925,,,,1,2023-06-15T14:11:38+00:00
SAO_1732-10,São Paulo,3550308,True,,671,,,-23.5062925,-46.6438625,,,,1,2023-06-15T14:12:02+00:00
SAO_1732-10,São Paulo,3550308,True,,671,,,-23.486338,-46.572199999999995,,,,1,2023-06-15T14:10:57+00:00
SAO_1732-10,São Paulo,3550308,True,,671,,,-23.48334725,-46.584164,,,,1,2023-06-15T14:11:52+00:00
SAO_1732-10,São Paulo,3550308,True,,671,,,-23.535702999999998,-46.651074,,,,1,2023-06-15T14:12:01+00:00
SAO_4093-10,São Paulo,3550308,True,,35216,,,-23.589771499999998,-46.395229,,,,2,2023-06-15T14:12:18+00:00
SAO_4093-10,São Paulo,3550308,True,,35216,,,-23.589295,-46.405482500000005,,,,2,2023-06-15T14:11:41+00:00
SAO_4093-10,São Paulo,3550308,True,,35216,,,-23.585726,-46.4073625,,,,2,2023-06-15T13:59:32+00:00
SAO_4093-10,São Paulo,3550308,True,,35216,,,-23.589805625000004,-46.398660875000004,,,,2,2023-06-15T14:11:50+00:00
SAO_4093-10,São Paulo,3550308,True,,35216,,,-23.582877500000002,-46.40746899999999,,,,2,2023-06-15T14:10:42+00:00
SAO_6099-10,São Paulo,3550308,True,,1587,,,-23.801012999999998,-46.7339515,,,,1,2023-06-15T14:12:10+00:00
SAO_6099-10,São Paulo,3550308,True,,1587,,,-23.736292,-46.696856499999996,,,,1,2023-06-15T14:12:11+00:00
SAO_6099-10,São Paulo,3550308,True,,1587,,,-23.7505585,-46.7104225,,,,1,2023-06-15T14:12:19+00:00
SAO_6099-10,São Paulo,3550308,True,,1587,,,-23.840921875,-46.73944399999999,,,,1,2023-06-15T14:12:14+00:00
SAO_6056-10,São Paulo,3550308,True,,1147,,,-23.763081,-46.700550250000006,,,,1,2023-06-15T14:11:51+00:00
SAO_6056-10,São Paulo,3550308,True,,1147,,,-23.746338,-46.7073465,,,,1,2023-06-15T14:12:22+00:00
SAO_6056-10,São Paulo,3550308,True,,1147,,,-23.736947,-46.697388000000004,,,,1,2023-06-15T14:11:53+00:00
SAO_6056-10,São Paulo,3550308,True,,1147,,,-23.74271025,-46.70255975,,,,1,2023-06-15T14:12:20+00:00
SAO_407I-10,São Paulo,3550308,True,,34990,,,-23.550265,-46.5084015,,,,2,2023-06-15T14:12:14+00:00
SAO_407I-10,São Paulo,3550308,True,,34990,,,-23.542156499999997,-46.48561475,,,,2,2023-06-15T14:05:49+00:00
SAO_407I-10,São Paulo,3550308,True,,34990,,,-23.538123,-46.562737,,,,2,2023-06-15T14:11:23+00:00
SAO_407I-10,São Paulo,3550308,True,,34990,,,-23.544610875,-46.481382499999995,,,,2,2023-06-15T14:11:57+00:00
SAO_2770-10,São Paulo,3550308,True,,243,,,-23.517125,-46.52261,,,,1,2023-06-15T14:11:52+00:00
SAO_2770-10,São Paulo,3550308,True,,243,,,-23.531409,-46.529441,,,,1,2023-06-15T14:12:06+00:00
SAO_2770-10,São Paulo,3550308,True,,243,,,-23.495103,-46.435818,,,,1,2023-06-15T14:12:03+00:00
SAO_2770-10,São Paulo,3550308,True,,243,,,-23.536846,-46.41603,,,,1,2023-06-15T14:09:58+00:00
SAO_2770-10,São Paulo,3550308,True,,243,,,-23.510844249999998,-46.508745000000005,,,,1,2023-06-15T14:12:09+00:00
SAO_2720-10,São Paulo,3550308,True,,33701,,,-23.493021,-46.470974,,,,2,2023-06-15T14:12:18+00:00
SAO_2720-10,São Paulo,3550308,True,,33701,,,-23.492872,-46.471083,,,,2,2023-06-15T14:12:20+00:00
SAO_2720-10,São Paulo,3550308,True,,33701,,,-23.501606,-46.4799655,,,,2,2023-06-15T14:12:18+00:00
SAO_2720-10,São Paulo,3550308,True,,33701,,,-23.518421500000002,-46.511289500000004,,,,2,2023-06-15T14:11:53+00:00
SAO_2720-10,São Paulo,3550308,True,,33701,,,-23.4919115,-46.4728255,,,,2,2023-06-15T14:11:56+00:00
SAO_2720-10,São Paulo,3550308,True,,33701,,,-23.5089325,-46.4953145,,,,2,2023-06-15T14:12:14+00:00
SAO_2720-10,São Paulo,3550308,True,,33701,,,-23.5288095,-46.517675499999996,,,,2,2023-06-15T14:12:13+00:00
SAO_179X-10,São Paulo,3550308,True,,33448,,,-23.530757,-46.634438,,,,2,2023-06-15T14:11:53+00:00
SAO_179X-10,São Paulo,3550308,True,,33448,,,-23.5125105,-46.6249215,,,,2,2023-06-15T14:12:06+00:00
SAO_179X-10,São Paulo,3550308,True,,33448,,,-23.4567765,-46.589734,,,,2,2023-06-15T14:12:01+00:00
SAO_179X-10,São Paulo,3550308,True,,33448,,,-23.49211675,-46.601492,,,,2,2023-06-15T14:12:01+00:00
SAO_179X-10,São Paulo,3550308,True,,33448,,,-23.4385705,-46.58372,,,,2,2023-06-15T14:12:01+00:00
SAO_9014-10,São Paulo,3550308,True,,34193,,,-23.521074499999997,-46.699605500000004,,,,2,2023-06-15T14:12:17+00:00
SAO_9014-10,São Paulo,3550308,True,,34193,,,-23.488349999999997,-46.697484,,,,2,2023-06-15T14:12:18+00:00
SAO_9014-10,São Paulo,3550308,True,,34193,,,-23.471716,-46.707287,,,,2,2023-06-15T14:11:46+00:00
SAO_9014-10,São Paulo,3550308,True,,34193,,,-23.502781249999998,-46.685883000000004,,,,2,2023-06-15T14:12:00+00:00
SAO_6062-51,São Paulo,3550308,True,,1739,,,-23.7183425,-46.698665000000005,,,,1,2023-06-15T14:12:22+00:00
SAO_6062-51,São Paulo,3550308,True,,1739,,,-23.7418525,-46.6808185,,,,1,2023-06-15T14:12:04+00:00
SAO_6062-51,São Paulo,3550308,True,,1739,,,-23.664426,-46.7058895,,,,1,2023-06-15T14:11:37+00:00
SAO_6062-51,São Paulo,3550308,True,,1739,,,-23.6851195,-46.692526,,,,1,2023-06-15T14:11:38+00:00
SAO_6062-51,São Paulo,3550308,True,,1739,,,-23.7419465,-46.681698499999996,,,,1,2023-06-15T14:11:51+00:00
SAO_6062-51,São Paulo,3550308,True,,1739,,,-23.739197249999997,-46.68610925,,,,1,2023-06-15T14:12:20+00:00
SAO_6062-51,São Paulo,3550308,True,,1739,,,-23.6843775,-46.6920075,,,,1,2023-06-15T14:12:14+00:00
SAO_6062-51,São Paulo,3550308,True,,1739,,,-23.709000500000002,-46.699838,,,,1,2023-06-15T14:11:57+00:00
SAO_6062-51,São Paulo,3550308,True,,1739,,,-23.662529,-46.706588499999995,,,,1,2023-06-15T14:12:12+00:00
SAO_4311-10,São Paulo,3550308,True,,34939,,,-23.6131485,-46.4762315,,,,2,2023-06-15T14:11:47+00:00
SAO_4311-10,São Paulo,3550308,True,,34939,,,-23.5413985,-46.5389835,,,,2,2023-06-15T14:11:39+00:00
SAO_4311-10,São Paulo,3550308,True,,34939,,,-23.5419155,-46.53512,,,,2,2023-06-15T14:11:58+00:00
SAO_4311-10,São Paulo,3550308,True,,34939,,,-23.55839775,-46.51477475,,,,2,2023-06-15T14:11:55+00:00
SAO_4311-10,São Paulo,3550308,True,,34939,,,-23.54462675,-46.593598125,,,,2,2023-06-15T14:12:02+00:00
SAO_4311-10,São Paulo,3550308,True,,34939,,,-23.538713,-46.56663875,,,,2,2023-06-15T14:12:16+00:00
SAO_4311-10,São Paulo,3550308,True,,34939,,,-23.612038499999997,-46.4762595,,,,2,2023-06-15T14:11:58+00:00
SAO_4311-10,São Paulo,3550308,True,,34939,,,-23.598397,-46.468504499999995,,,,2,2023-06-15T14:11:49+00:00
SAO_5145-10,São Paulo,3550308,True,,34409,,,-23.583652875,-46.5304515,,,,2,2023-06-15T14:12:17+00:00
SAO_5145-10,São Paulo,3550308,True,,34409,,,-23.561743999999997,-46.625128,,,,2,2023-06-15T14:12:18+00:00
SAO_5145-10,São Paulo,3550308,True,,34409,,,-23.5830855,-46.6005955,,,,2,2023-06-15T14:12:07+00:00
SAO_5145-10,São Paulo,3550308,True,,34409,,,-23.6139405,-46.501206499999995,,,,2,2023-06-15T14:11:46+00:00
SAO_648P-10,São Paulo,3550308,True,,32834,,,-23.6488675,-46.7535655,,,,2,2023-06-15T14:12:11+00:00
SAO_648P-10,São Paulo,3550308,True,,32834,,,-23.567622999999998,-46.695747,,,,2,2023-06-15T14:12:17+00:00
SAO_648P-10,São Paulo,3550308,True,,32834,,,-23.644767125,-46.721720375,,,,2,2023-06-15T14:12:09+00:00
SAO_648P-10,São Paulo,3550308,True,,32834,,,-23.6068035,-46.69352575,,,,2,2023-06-15T14:12:12+00:00
SAO_971T-10,São Paulo,3550308,True,,33386,,,-23.5023735,-46.628179,,,,2,2023-06-15T14:11:38+00:00
SAO_971T-10,São Paulo,3550308,True,,33386,,,-23.493449,-46.675949,,,,2,2023-06-15T14:12:01+00:00
SAO_971T-10,São Paulo,3550308,True,,33386,,,-23.4934605,-46.676176999999996,,,,2,2023-06-15T14:11:53+00:00
SAO_971T-10,São Paulo,3550308,True,,33386,,,-23.493424500000003,-46.675837,,,,2,2023-06-15T14:11:50+00:00
SAO_971T-10,São Paulo,3550308,True,,33386,,,-23.489710000000002,-46.643010000000004,,,,2,2023-06-15T14:11:47+00:00
SAO_971T-10,São Paulo,3550308,True,,33386,,,-23.491830999999998,-46.66832075,,,,2,2023-06-15T14:12:16+00:00
SAO_546A-10,São Paulo,3550308,True,,33899,,,-23.7003985,-46.6491245,,,,2,2023-06-15T14:12:01+00:00
SAO_546A-10,São Paulo,3550308,True,,33899,,,-23.6943935,-46.675351,,,,2,2023-06-15T14:12:00+00:00
SAO_546A-10,São Paulo,3550308,True,,33899,,,-23.6849505,-46.680904,,,,2,2023-06-15T14:12:09+00:00
SAO_546A-10,São Paulo,3550308,True,,33899,,,-23.658919,-46.699098,,,,2,2023-06-15T14:12:17+00:00
SAO_546A-10,São Paulo,3550308,True,,33899,,,-23.6541985,-46.704713999999996,,,,2,2023-06-15T14:03:38+00:00
SAO_546A-10,São Paulo,3550308,True,,33899,,,-23.713665,-46.65656725,,,,2,2023-06-15T14:11:43+00:00
SAO_3902-10,São Paulo,3550308,True,,34238,,,-23.485104,-46.384288999999995,,,,2,2023-06-15T14:10:26+00:00
SAO_3902-10,São Paulo,3550308,True,,34238,,,-23.541865,-46.4163455,,,,2,2023-06-15T14:03:18+00:00
SAO_3902-10,São Paulo,3550308,True,,34238,,,-23.536396,-46.4036605,,,,2,2023-06-15T14:12:20+00:00
SAO_3902-10,São Paulo,3550308,True,,34238,,,-23.529066999999998,-46.408433,,,,2,2023-06-15T14:12:07+00:00
SAO_307C-10,São Paulo,3550308,True,,34882,,,-23.537879,-46.47686375000001,,,,2,2023-06-15T14:10:59+00:00
SAO_307C-10,São Paulo,3550308,True,,34882,,,-23.4940365,-46.4196,,,,2,2023-06-15T14:12:15+00:00
SAO_307C-10,São Paulo,3550308,True,,34882,,,-23.518203,-46.3863025,,,,2,2023-06-15T14:08:45+00:00
SAO_307C-10,São Paulo,3550308,True,,34882,,,-23.507931,-46.375753,,,,2,2023-06-15T14:12:15+00:00
SAO_4005-10,São Paulo,3550308,True,,34947,,,-23.58888925,-46.394664,,,,2,2023-06-15T14:12:04+00:00
SAO_4005-10,São Paulo,3550308,True,,34947,,,-23.58888925,-46.394664,,,,2,2023-06-15T14:11:53+00:00
SAO_4005-10,São Paulo,3550308,True,,34947,,,-23.59733025,-46.39794500000001,,,,2,2023-06-15T14:11:56+00:00
SAO_4005-10,São Paulo,3550308,True,,34947,,,-23.58888925,-46.394664,,,,2,2023-06-15T14:11:53+00:00
SAO_4005-10,São Paulo,3550308,True,,34947,,,-23.58888925,-46.394664,,,,2,2023-06-15T14:11:57+00:00
SAO_6010-10,São Paulo,3550308,True,,33970,,,-23.688127,-46.792548499999995,,,,2,2023-06-15T14:11:43+00:00
SAO_6010-10,São Paulo,3550308,True,,33970,,,-23.660350625,-46.765821875,,,,2,2023-06-15T14:12:20+00:00
SAO_6010-10,São Paulo,3550308,True,,33970,,,-23.6668885,-46.743710500000006,,,,2,2023-06-15T14:11:51+00:00
SAO_6010-10,São Paulo,3550308,True,,33970,,,-23.683652000000002,-46.7977915,,,,2,2023-06-15T14:11:45+00:00
SAO_6010-10,São Paulo,3550308,True,,33970,,,-23.6701825,-46.7647465,,,,2,2023-06-15T14:12:03+00:00
SAO_6010-10,São Paulo,3550308,True,,33970,,,-23.693631500000002,-46.7942325,,,,2,2023-06-15T14:11:40+00:00
SAO_6010-10,São Paulo,3550308,True,,33970,,,-23.665778,-46.7481365,,,,2,2023-06-15T14:12:22+00:00
SAO_6010-10,São Paulo,3550308,True,,33970,,,-23.659985,-46.769174,,,,2,2023-06-15T14:12:19+00:00
SAO_6010-10,São Paulo,3550308,True,,33970,,,-23.6933645,-46.794154,,,,2,2023-06-15T14:12:11+00:00
SAO_8050-10,São Paulo,3550308,True,,412,,,-23.5194975,-46.702704499999996,,,,1,2023-06-15T14:11:52+00:00
SAO_8050-10,São Paulo,3550308,True,,412,,,-23.438782,-46.791399,,,,1,2023-06-15T14:12:18+00:00
SAO_8050-10,São Paulo,3550308,True,,412,,,-23.524615500000003,-46.707330625,,,,1,2023-06-15T14:12:21+00:00
SAO_8050-10,São Paulo,3550308,True,,412,,,-23.4414225,-46.786497,,,,1,2023-06-15T14:11:52+00:00
SAO_8050-10,São Paulo,3550308,True,,412,,,-23.5190025,-46.724245499999995,,,,1,2023-06-15T14:11:58+00:00
SAO_4114-10,São Paulo,3550308,True,EMTU,321,https://moovitapp.com/index/pt-br/transporte_p%C3%BAblico-line-321-Sao_Paulo-242-2038937-36419411-0,5.4,-23.545558,-46.631282,,,,1,2023-06-15T14:11:55+00:00
SAO_4114-10,São Paulo,3550308,True,EMTU,321,https://moovitapp.com/index/pt-br/transporte_p%C3%BAblico-line-321-Sao_Paulo-242-2038937-36419411-0,5.4,-23.5878095,-46.6295035,,,,1,2023-06-15T14:11:56+00:00
SAO_3729-10,São Paulo,3550308,True,,33794,,,-23.567203,-46.543442999999996,,,,2,2023-06-15T14:12:15+00:00
SAO_3729-10,São Paulo,3550308,True,,33794,,,-23.564308,-46.5048635,,,,2,2023-06-15T14:12:20+00:00
SAO_3729-10,São Paulo,3550308,True,,33794,,,-23.577884,-46.542209,,,,2,2023-06-15T14:11:39+00:00
SAO_3729-10,São Paulo,3550308,True,,33794,,,-23.57136325,-46.51021,,,,2,2023-06-15T14:11:44+00:00
SAO_3729-10,São Paulo,3550308,True,,33794,,,-23.57716925,-46.54208375,,,,2,2023-06-15T14:12:05+00:00
SAO_3729-10,São Paulo,3550308,True,,33794,,,-23.57844125,-46.541396750000004,,,,2,2023-06-15T14:12:19+00:00
SAO_3729-10,São Paulo,3550308,True,,33794,,,-23.5851015,-46.5251025,,,,2,2023-06-15T14:12:19+00:00
SAO_3729-10,São Paulo,3550308,True,,33794,,,-23.551105999999997,-46.562325,,,,2,2023-06-15T14:09:42+00:00
SAO_3729-10,São Paulo,3550308,True,,33794,,,-23.564648,-46.5464445,,,,2,2023-06-15T14:12:03+00:00
SAO_3729-10,São Paulo,3550308,True,,33794,,,-23.5422763125,-46.5628918125,,,,2,2023-06-15T14:11:38+00:00
SAO_3063-41,São Paulo,3550308,True,,33022,,,-23.569121000000003,-46.41598925,,,,2,2023-06-15T14:11:48+00:00
SAO_714C-10,São Paulo,3550308,True,,487,,,-23.5864335,-46.748573,,,,1,2023-06-15T14:12:12+00:00
SAO_714C-10,São Paulo,3550308,True,,487,,,-23.5681295,-46.6967615,,,,1,2023-06-15T14:11:57+00:00
SAO_714C-10,São Paulo,3550308,True,,487,,,-23.602587,-46.784125,,,,1,2023-06-15T14:11:42+00:00
SAO_3728-10,São Paulo,3550308,True,,1025,,,-23.553251500000002,-46.491372999999996,,,,1,2023-06-15T14:12:15+00:00
SAO_3728-10,São Paulo,3550308,True,,1025,,,-23.5420065,-46.483900500000004,,,,1,2023-06-15T14:11:56+00:00
SAO_3728-10,São Paulo,3550308,True,,1025,,,-23.566628,-46.491564,,,,1,2023-06-15T14:12:11+00:00
SAO_3728-10,São Paulo,3550308,True,,1025,,,-23.540392,-46.485367499999995,,,,1,2023-06-15T14:11:43+00:00
SAO_2709-10,São Paulo,3550308,True,,922,,,-23.529494999999997,-46.48419575,,,,1,2023-06-15T14:11:40+00:00
SAO_2709-10,São Paulo,3550308,True,,922,,,-23.529814000000002,-46.5011675,,,,1,2023-06-15T14:11:44+00:00
SAO_2709-10,São Paulo,3550308,True,,922,,,-23.528870750000003,-46.498439,,,,1,2023-06-15T14:12:15+00:00
SAO_175P-10,São Paulo,3550308,True,,675,,,-23.50283425,-46.6530875,,,,1,2023-06-15T14:11:48+00:00
SAO_175P-10,São Paulo,3550308,True,,675,,,-23.53124325,-46.661021749999996,,,,1,2023-06-15T14:11:39+00:00
SAO_175P-10,São Paulo,3550308,True,,675,,,-23.57276425,-46.64287075,,,,1,2023-06-15T14:12:05+00:00
SAO_175P-10,São Paulo,3550308,True,,675,,,-23.502483249999997,-46.646373,,,,1,2023-06-15T14:10:19+00:00
SAO_175P-10,São Paulo,3550308,True,,675,,,-23.547316000000002,-46.6735795,,,,1,2023-06-15T14:12:09+00:00
SAO_175P-10,São Paulo,3550308,True,,675,,,-23.53321175,-46.66163025,,,,1,2023-06-15T14:11:59+00:00
SAO_175P-10,São Paulo,3550308,True,,675,,,-23.563619625,-46.65398987499999,,,,1,2023-06-15T14:12:03+00:00
SAO_175P-10,São Paulo,3550308,True,,675,,,-23.502153,-46.650743500000004,,,,1,2023-06-15T14:11:52+00:00
SAO_175P-10,São Paulo,3550308,True,,675,,,-23.5030195,-46.625746500000005,,,,1,2023-06-15T14:11:51+00:00
SAO_175P-10,São Paulo,3550308,True,,675,,,-23.502616875,-46.6518685,,,,1,2023-06-15T14:12:12+00:00
SAO_175P-10,São Paulo,3550308,True,,675,,,-23.5758255,-46.6414265,,,,1,2023-06-15T14:11:41+00:00
SAO_175P-10,São Paulo,3550308,True,,675,,,-23.5015255,-46.63959,,,,1,2023-06-15T14:11:49+00:00
SAO_2707-31,São Paulo,3550308,True,,33688,,,-23.5426475,-46.469744,,,,2,2023-06-15T14:12:12+00:00
SAO_5119-23,São Paulo,3550308,True,,34893,,,-23.64353475,-46.73348675,,,,2,2023-06-15T14:12:13+00:00
SAO_5028-10,São Paulo,3550308,True,,1634,,,-23.605959499999997,-46.5937775,,,,1,2023-06-15T14:12:09+00:00
SAO_5028-10,São Paulo,3550308,True,,1634,,,-23.5747045,-46.605752249999995,,,,1,2023-06-15T14:11:57+00:00
SAO_6050-10,São Paulo,3550308,True,,1225,,,-23.750818000000002,-46.6788645,,,,1,2023-06-15T14:11:40+00:00
SAO_6050-10,São Paulo,3550308,True,,1225,,,-23.7505945,-46.677605,,,,1,2023-06-15T14:12:03+00:00
SAO_6050-10,São Paulo,3550308,True,,1225,,,-23.736994000000003,-46.69702,,,,1,2023-06-15T14:12:11+00:00
SAO_6050-10,São Paulo,3550308,True,,1225,,,-23.750869,-46.688227,,,,1,2023-06-15T14:11:42+00:00
SAO_6003-21,São Paulo,3550308,True,,35344,,,-23.7663985,-46.71736,,,,2,2023-06-15T14:12:15+00:00
SAO_6003-21,São Paulo,3550308,True,,35344,,,-23.7663985,-46.71736,,,,2,2023-06-15T14:12:07+00:00
SAO_6003-21,São Paulo,3550308,True,,35344,,,-23.748344875,-46.708523375,,,,2,2023-06-15T14:12:07+00:00
SAO_607A-10,São Paulo,3550308,True,,2139,,,-23.660861000000004,-46.71707725,,,,1,2023-06-15T14:12:06+00:00
SAO_607A-10,São Paulo,3550308,True,,2139,,,-23.6920815,-46.67773,,,,1,2023-06-15T14:12:17+00:00
SAO_607A-10,São Paulo,3550308,True,,2139,,,-23.6952165,-46.6546855,,,,1,2023-06-15T14:08:31+00:00
SAO_607A-10,São Paulo,3550308,True,,2139,,,-23.663823999999998,-46.70703675,,,,1,2023-06-15T14:12:00+00:00
SAO_607A-10,São Paulo,3550308,True,,2139,,,-23.7106125,-46.652516,,,,1,2023-06-15T14:08:13+00:00
SAO_607A-10,São Paulo,3550308,True,,2139,,,-23.67968775,-46.686580500000005,,,,1,2023-06-15T14:10:42+00:00
SAO_607A-10,São Paulo,3550308,True,,2139,,,-23.679184749999997,-46.68463475,,,,1,2023-06-15T14:11:48+00:00
SAO_6837-10,São Paulo,3550308,True,,32774,,,-23.645162,-46.763911,,,,2,2023-06-15T14:11:45+00:00
SAO_6837-10,São Paulo,3550308,True,,32774,,,-23.623043,-46.763360000000006,,,,2,2023-06-15T14:12:09+00:00
SAO_6837-10,São Paulo,3550308,True,,32774,,,-23.63106425,-46.759031750000005,,,,2,2023-06-15T14:11:55+00:00
SAO_6837-10,São Paulo,3550308,True,,32774,,,-23.616782,-46.7534455,,,,2,2023-06-15T14:11:53+00:00
SAO_6837-10,São Paulo,3550308,True,,32774,,,-23.61645525,-46.754044750000006,,,,2,2023-06-15T14:11:46+00:00
SAO_6837-10,São Paulo,3550308,True,,32774,,,-23.654980000000002,-46.762824,,,,2,2023-06-15T14:11:48+00:00
SAO_6837-10,São Paulo,3550308,True,,32774,,,-23.637208,-46.76146850000001,,,,2,2023-06-15T14:12:06+00:00
SAO_6837-10,São Paulo,3550308,True,,32774,,,-23.65376125,-46.76335925,,,,2,2023-06-15T14:11:44+00:00
SAO_917M-10,São Paulo,3550308,True,,1366,,,-23.505019500000003,-46.691104499999994,,,,1,2023-06-15T14:11:56+00:00
SAO_917M-10,São Paulo,3550308,True,,1366,,,-23.565439499999997,-46.651795875000005,,,,1,2023-06-15T14:12:04+00:00
SAO_917M-10,São Paulo,3550308,True,,1366,,,-23.5455145,-46.6683855,,,,1,2023-06-15T14:11:58+00:00
SAO_917M-10,São Paulo,3550308,True,,1366,,,-23.5036915,-46.67682275,,,,1,2023-06-15T14:11:39+00:00
SAO_917M-10,São Paulo,3550308,True,,1366,,,-23.4750185,-46.70448225,,,,1,2023-06-15T14:12:05+00:00
SAO_307C-10,São Paulo,3550308,True,,2114,,,-23.5403095,-46.483497,,,,1,2023-06-15T14:12:02+00:00
SAO_307C-10,São Paulo,3550308,True,,2114,,,-23.5343395,-46.473802000000006,,,,1,2023-06-15T14:12:18+00:00
SAO_307C-10,São Paulo,3550308,True,,2114,,,-23.49116,-46.445023500000005,,,,1,2023-06-15T14:11:09+00:00
SAO_307C-10,São Paulo,3550308,True,,2114,,,-23.514332500000002,-46.3800935,,,,1,2023-06-15T14:11:59+00:00
SAO_307C-10,São Paulo,3550308,True,,2114,,,-23.503588,-46.380306000000004,,,,1,2023-06-15T14:12:15+00:00
SAO_307C-10,São Paulo,3550308,True,,2114,,,-23.4953155,-46.4310045,,,,1,2023-06-15T14:12:00+00:00
SAO_307C-10,São Paulo,3550308,True,,2114,,,-23.4973395,-46.4007245,,,,1,2023-06-15T14:11:46+00:00
SAO_9181-10,São Paulo,3550308,True,,885,,,-23.457559,-46.6963325,,,,1,2023-06-15T14:12:15+00:00
SAO_9181-10,São Paulo,3550308,True,,885,,,-23.457559,-46.6963325,,,,1,2023-06-15T14:11:39+00:00
SAO_9181-10,São Paulo,3550308,True,,885,,,-23.497529999999998,-46.691912,,,,1,2023-06-15T14:12:06+00:00
SAO_9181-10,São Paulo,3550308,True,,885,,,-23.48442,-46.687509,,,,1,2023-06-15T14:12:05+00:00
SAO_9181-10,São Paulo,3550308,True,,885,,,-23.504002999999997,-46.688412,,,,1,2023-06-15T14:12:04+00:00
SAO_9181-10,São Paulo,3550308,True,,885,,,-23.4581075,-46.6975355,,,,1,2023-06-15T14:12:06+00:00
SAO_9181-10,São Paulo,3550308,True,,885,,,-23.52059125,-46.701955375,,,,1,2023-06-15T14:11:38+00:00
SAO_9181-10,São Paulo,3550308,True,,885,,,-23.457559,-46.6963325,,,,1,2023-06-15T14:11:44+00:00
SAO_9181-10,São Paulo,3550308,True,,885,,,-23.502132500000002,-46.68749725,,,,1,2023-06-15T14:12:07+00:00
SAO_9181-10,São Paulo,3550308,True,,885,,,-23.501521,-46.68719,,,,1,2023-06-15T14:11:46+00:00
SAO_9181-10,São Paulo,3550308,True,,885,,,-23.4682645,-46.68951,,,,1,2023-06-15T14:11:50+00:00
SAO_9181-10,São Paulo,3550308,True,,885,,,-23.51715,-46.698991500000005,,,,1,2023-06-15T14:11:47+00:00
SAO_6071-10,São Paulo,3550308,True,,33924,,,-23.651206124999998,-46.704931125,,,,2,2023-06-15T14:11:48+00:00
SAO_6071-10,São Paulo,3550308,True,,33924,,,-23.711804,-46.6862275,,,,2,2023-06-15T14:12:01+00:00
SAO_6071-10,São Paulo,3550308,True,,33924,,,-23.719182250000003,-46.678818750000005,,,,2,2023-06-15T14:12:05+00:00
SAO_6071-10,São Paulo,3550308,True,,33924,,,-23.701869,-46.691286,,,,2,2023-06-15T14:12:15+00:00
SAO_6071-10,São Paulo,3550308,True,,33924,,,-23.71901475,-46.67920225,,,,2,2023-06-15T14:12:09+00:00
SAO_6071-10,São Paulo,3550308,True,,33924,,,-23.7072985,-46.689386999999996,,,,2,2023-06-15T14:12:10+00:00
SAO_6071-10,São Paulo,3550308,True,,33924,,,-23.66265025,-46.69258024999999,,,,2,2023-06-15T14:12:12+00:00
SAO_3721-41,São Paulo,3550308,True,,1693,,,-23.5424675,-46.470273500000005,,,,1,2023-06-15T14:11:44+00:00
SAO_3721-41,São Paulo,3550308,True,,1693,,,-23.5636785,-46.5006755,,,,1,2023-06-15T14:11:57+00:00
SAO_3721-41,São Paulo,3550308,True,,1693,,,-23.560782500000002,-46.493244000000004,,,,1,2023-06-15T14:12:08+00:00
SAO_3721-41,São Paulo,3550308,True,,1693,,,-23.558625,-46.495583499999995,,,,1,2023-06-15T14:11:39+00:00
SAO_3721-41,São Paulo,3550308,True,,1693,,,-23.550708,-46.4887265,,,,1,2023-06-15T14:11:40+00:00
SAO_3721-41,São Paulo,3550308,True,,1693,,,-23.540392,-46.485367499999995,,,,1,2023-06-15T14:12:06+00:00
SAO_3721-41,São Paulo,3550308,True,,1693,,,-23.542912,-46.484694250000004,,,,1,2023-06-15T14:12:04+00:00
SAO_6049-10,São Paulo,3550308,True,,1309,,,-23.6557545,-46.74125225,,,,1,2023-06-15T14:11:38+00:00
SAO_6049-10,São Paulo,3550308,True,,1309,,,-23.6531645,-46.7385905,,,,1,2023-06-15T14:12:18+00:00
SAO_6049-10,São Paulo,3550308,True,,1309,,,-23.668273,-46.784604,,,,1,2023-06-15T14:12:15+00:00
SAO_6049-10,São Paulo,3550308,True,,1309,,,-23.6532725,-46.7370815,,,,1,2023-06-15T14:11:42+00:00
SAO_6049-10,São Paulo,3550308,True,,1309,,,-23.6571445,-46.741644375,,,,1,2023-06-15T14:11:41+00:00
SAO_6049-10,São Paulo,3550308,True,,1309,,,-23.6528835,-46.713273,,,,1,2023-06-15T14:11:51+00:00
SAO_4726-10,São Paulo,3550308,True,,1680,,,-23.5444115,-46.576912750000005,,,,1,2023-06-15T14:11:43+00:00
SAO_4726-10,São Paulo,3550308,True,,1680,,,-23.554745500000003,-46.58412,,,,1,2023-06-15T14:11:43+00:00
SAO_4726-10,São Paulo,3550308,True,,1680,,,-23.543136,-46.581145500000005,,,,1,2023-06-15T14:12:08+00:00
SAO_4726-10,São Paulo,3550308,True,,1680,,,-23.564877499999998,-46.5858795,,,,1,2023-06-15T14:12:03+00:00
SAO_4726-10,São Paulo,3550308,True,,1680,,,-23.563452749999996,-46.58902125,,,,1,2023-06-15T14:11:50+00:00
SAO_4726-10,São Paulo,3550308,True,,1680,,,-23.56174025,-46.58215875,,,,1,2023-06-15T14:12:22+00:00
SAO_4726-10,São Paulo,3550308,True,,1680,,,-23.563505,-46.591331499999995,,,,1,2023-06-15T14:12:05+00:00
SAO_5024-31,São Paulo,3550308,True,,33891,,,-23.6867895,-46.6627105,,,,2,2023-06-15T14:11:51+00:00
SAO_5024-31,São Paulo,3550308,True,,33891,,,-23.680556250000002,-46.683567999999994,,,,2,2023-06-15T14:12:13+00:00
SAO_5024-31,São Paulo,3550308,True,,33891,,,-23.659301499999998,-46.6998575,,,,2,2023-06-15T14:12:17+00:00
SAO_5024-31,São Paulo,3550308,True,,33891,,,-23.6904375,-46.678267000000005,,,,2,2023-06-15T14:12:01+00:00
SAO_5024-31,São Paulo,3550308,True,,33891,,,-23.6941195,-46.65682925,,,,2,2023-06-15T14:12:16+00:00
SAO_5024-31,São Paulo,3550308,True,,33891,,,-23.689408999999998,-46.6492585,,,,2,2023-06-15T14:11:37+00:00
SAO_4028-10,São Paulo,3550308,True,,1098,,,-23.62257125,-46.448010249999996,,,,1,2023-06-15T14:11:42+00:00
SAO_4028-10,São Paulo,3550308,True,,1098,,,-23.64320175,-46.442264,,,,1,2023-06-15T14:12:19+00:00
SAO_4028-10,São Paulo,3550308,True,,1098,,,-23.608555,-46.477866999999996,,,,1,2023-06-15T14:11:42+00:00
SAO_4028-10,São Paulo,3550308,True,,1098,,,-23.593264,-46.489357999999996,,,,1,2023-06-15T14:12:01+00:00
SAO_2740-10,São Paulo,3550308,True,,1792,,,-23.458216375,-46.613158999999996,,,,1,2023-06-15T14:12:04+00:00
SAO_2740-10,São Paulo,3550308,True,,1792,,,-23.465179499999998,-46.6347515,,,,1,2023-06-15T14:11:08+00:00
SAO_2740-10,São Paulo,3550308,True,,1792,,,-23.472089,-46.60690475,,,,1,2023-06-15T14:12:16+00:00
SAO_177Y-10,São Paulo,3550308,True,,867,,,-23.5659435,-46.701088999999996,,,,1,2023-06-15T14:11:40+00:00
SAO_177Y-10,São Paulo,3550308,True,,867,,,-23.532419,-46.675732499999995,,,,1,2023-06-15T14:11:38+00:00
SAO_177Y-10,São Paulo,3550308,True,,867,,,-23.560107625,-46.685760125,,,,1,2023-06-15T14:12:02+00:00
SAO_177Y-10,São Paulo,3550308,True,,867,,,-23.527138875,-46.669329125000004,,,,1,2023-06-15T14:11:58+00:00
SAO_177Y-10,São Paulo,3550308,True,,867,,,-23.5521475,-46.678421,,,,1,2023-06-15T14:12:21+00:00
SAO_2756-10,São Paulo,3550308,True,EMTU,238,https://moovitapp.com/index/pt-br/transporte_p%C3%BAblico-line-238-Sao_Paulo-242-2038937-36419351-0,4.85,-23.53623475,-46.39591825,,,,1,2023-06-15T14:11:40+00:00
SAO_2756-10,São Paulo,3550308,True,EMTU,238,https://moovitapp.com/index/pt-br/transporte_p%C3%BAblico-line-238-Sao_Paulo-242-2038937-36419351-0,4.85,-23.51624825,-46.46807774999999,,,,1,2023-06-15T14:12:03+00:00
SAO_2756-10,São Paulo,3550308,True,EMTU,238,https://moovitapp.com/index/pt-br/transporte_p%C3%BAblico-line-238-Sao_Paulo-242-2038937-36419351-0,4.85,-23.5416465,-46.416104000000004,,,,1,2023-06-15T14:12:14+00:00
SAO_3725-41,São Paulo,3550308,True,,1531,,,-23.53645475,-46.53750375,,,,1,2023-06-15T14:11:51+00:00
SAO_3725-41,São Paulo,3550308,True,,1531,,,-23.5345795,-46.536777,,,,1,2023-06-15T14:12:04+00:00
SAO_2703-22,São Paulo,3550308,True,,1809,,,-23.523226,-46.427603500000004,,,,1,2023-06-15T14:11:51+00:00
SAO_2703-22,São Paulo,3550308,True,,1809,,,-23.542603999999997,-46.469476,,,,1,2023-06-15T14:08:30+00:00
SAO_5178-10,São Paulo,3550308,True,,33363,,,-23.582549999999998,-46.6571475,,,,2,2023-06-15T14:12:18+00:00
SAO_5178-10,São Paulo,3550308,True,,33363,,,-23.5584245,-46.641648,,,,2,2023-06-15T14:11:57+00:00
SAO_5178-10,São Paulo,3550308,True,,33363,,,-23.6822745,-46.6427635,,,,2,2023-06-15T14:11:52+00:00
SAO_5178-10,São Paulo,3550308,True,,33363,,,-23.574786500000002,-46.656538,,,,2,2023-06-15T14:12:10+00:00
SAO_5178-10,São Paulo,3550308,True,,33363,,,-23.5520365,-46.6375055,,,,2,2023-06-15T14:11:43+00:00
SAO_5178-10,São Paulo,3550308,True,,33363,,,-23.64849625,-46.670482250000006,,,,2,2023-06-15T14:12:05+00:00
SAO_5178-10,São Paulo,3550308,True,,33363,,,-23.6721485,-46.645281999999995,,,,2,2023-06-15T14:11:44+00:00
SAO_271M-10,São Paulo,3550308,True,,33452,,,-23.508508499999998,-46.563338,,,,2,2023-06-15T14:11:52+00:00
SAO_271M-10,São Paulo,3550308,True,,33452,,,-23.512393250000002,-46.56326850000001,,,,2,2023-06-15T14:11:49+00:00
SAO_271M-10,São Paulo,3550308,True,,33452,,,-23.5182255,-46.567927,,,,2,2023-06-15T14:12:16+00:00
SAO_271M-10,São Paulo,3550308,True,,33452,,,-23.50415625,-46.61156525,,,,2,2023-06-15T14:09:44+00:00
SAO_271M-10,São Paulo,3550308,True,,33452,,,-23.500060750000003,-46.58330275,,,,2,2023-06-15T14:11:51+00:00
SAO_476A-10,São Paulo,3550308,True,,33072,,,-23.577792125000002,-46.601164,,,,2,2023-06-15T14:12:20+00:00
SAO_476A-10,São Paulo,3550308,True,,33072,,,-23.654134499999998,-46.708625,,,,2,2023-06-15T14:11:42+00:00
SAO_476A-10,São Paulo,3550308,True,,33072,,,-23.6023505,-46.620087,,,,2,2023-06-15T14:12:10+00:00
SAO_476A-10,São Paulo,3550308,True,,33072,,,-23.617955000000002,-46.6619415,,,,2,2023-06-15T14:11:46+00:00
SAO_476A-10,São Paulo,3550308,True,,33072,,,-23.578396750000003,-46.6022665,,,,2,2023-06-15T14:11:56+00:00
SAO_6726-10,São Paulo,3550308,True,,33961,,,-23.75512775,-46.67639150000001,,,,2,2023-06-15T14:12:03+00:00
SAO_6726-10,São Paulo,3550308,True,,33961,,,-23.7379235,-46.6925615,,,,2,2023-06-15T14:11:40+00:00
SAO_6726-10,São Paulo,3550308,True,,33961,,,-23.734559,-46.663270499999996,,,,2,2023-06-15T14:12:11+00:00
SAO_6726-10,São Paulo,3550308,True,,33961,,,-23.7529775,-46.6886025,,,,2,2023-06-15T14:11:55+00:00
SAO_6726-10,São Paulo,3550308,True,,33961,,,-23.752692,-46.666751000000005,,,,2,2023-06-15T14:12:10+00:00
SAO_9011-21,São Paulo,3550308,True,,1768,,,-23.448071499999998,-46.734787499999996,,,,1,2023-06-15T14:12:10+00:00
SAO_9011-21,São Paulo,3550308,True,,1768,,,-23.4547945,-46.738510500000004,,,,1,2023-06-15T14:11:57+00:00
SAO_9011-21,São Paulo,3550308,True,,1768,,,-23.444221,-46.732800499999996,,,,1,2023-06-15T14:12:01+00:00
SAO_9011-21,São Paulo,3550308,True,,1768,,,-23.4547945,-46.738510500000004,,,,1,2023-06-15T14:11:49+00:00
SAO_9011-21,São Paulo,3550308,True,,1768,,,-23.4547945,-46.738510500000004,,,,1,2023-06-15T14:12:09+00:00
SAO_9011-21,São Paulo,3550308,True,,1768,,,-23.4547945,-46.738510500000004,,,,1,2023-06-15T14:11:46+00:00
SAO_314V-10,São Paulo,3550308,True,EMTU,311,https://moovitapp.com/index/pt-br/transporte_p%C3%BAblico-line-311-Sao_Paulo-242-2038937-36419403-0,7.9,-23.55919575,-46.624180499999994,,,,1,2023-06-15T14:12:18+00:00
SAO_314V-10,São Paulo,3550308,True,EMTU,311,https://moovitapp.com/index/pt-br/transporte_p%C3%BAblico-line-311-Sao_Paulo-242-2038937-36419403-0,7.9,-23.5819315,-46.589115,,,,1,2023-06-15T14:12:07+00:00
SAO_546J-10,São Paulo,3550308,True,,1133,,,-23.674671,-46.661978500000004,,,,1,2023-06-15T14:12:15+00:00
SAO_546J-10,São Paulo,3550308,True,,1133,,,-23.672999,-46.686725,,,,1,2023-06-15T14:11:36+00:00
SAO_546J-10,São Paulo,3550308,True,,1133,,,-23.65503275,-46.701815249999996,,,,1,2023-06-15T14:11:59+00:00
SAO_546J-10,São Paulo,3550308,True,,1133,,,-23.687824,-46.658593499999995,,,,1,2023-06-15T14:11:48+00:00
SAO_546J-10,São Paulo,3550308,True,,1133,,,-23.690593999999997,-46.6572405,,,,1,2023-06-15T14:12:08+00:00
SAO_3003-10,São Paulo,3550308,True,,34565,,,-23.479100875,-46.421538125,,,,2,2023-06-15T14:12:02+00:00
SAO_3003-10,São Paulo,3550308,True,,34565,,,-23.493530999999997,-46.4036435,,,,2,2023-06-15T14:11:57+00:00
SAO_3003-10,São Paulo,3550308,True,,34565,,,-23.4914235,-46.419171000000006,,,,2,2023-06-15T14:11:43+00:00
SAO_6815-10,São Paulo,3550308,True,,32793,,,-23.6717625,-46.7794765,,,,2,2023-06-15T14:12:15+00:00
SAO_6815-10,São Paulo,3550308,True,,32793,,,-23.6758025,-46.783198,,,,2,2023-06-15T14:11:38+00:00
SAO_874T-10,São Paulo,3550308,True,EMTU,307,https://moovitapp.com/index/pt-br/transporte_p%C3%BAblico-line-307-Sao_Paulo-242-2038937-36419399-0,5.2,-23.5851185,-46.62779225,,,,1,2023-06-15T14:12:06+00:00
SAO_874T-10,São Paulo,3550308,True,EMTU,307,https://moovitapp.com/index/pt-br/transporte_p%C3%BAblico-line-307-Sao_Paulo-242-2038937-36419399-0,5.2,-23.5312815,-46.6629875,,,,1,2023-06-15T14:12:03+00:00
SAO_874T-10,São Paulo,3550308,True,EMTU,307,https://moovitapp.com/index/pt-br/transporte_p%C3%BAblico-line-307-Sao_Paulo-242-2038937-36419399-0,5.2,-23.542212375000002,-46.65603987499999,,,,1,2023-06-15T14:11:47+00:00
SAO_874T-10,São Paulo,3550308,True,EMTU,307,https://moovitapp.com/index/pt-br/transporte_p%C3%BAblico-line-307-Sao_Paulo-242-2038937-36419399-0,5.2,-23.56325125,-46.654227000000006,,,,1,2023-06-15T14:11:55+00:00
SAO_874T-10,São Paulo,3550308,True,EMTU,307,https://moovitapp.com/index/pt-br/transporte_p%C3%BAblico-line-307-Sao_Paulo-242-2038937-36419399-0,5.2,-23.5214275,-46.698573499999995,,,,1,2023-06-15T14:11:43+00:00
SAO_477U-10,São Paulo,3550308,True,,306,,,-23.602657999999998,-46.601800499999996,,,,1,2023-06-15T14:12:10+00:00
SAO_477U-10,São Paulo,3550308,True,,306,,,-23.586337375,-46.616891624999994,,,,1,2023-06-15T14:12:19+00:00
SAO_5317-10,São Paulo,3550308,True,,69,,,-23.65257425,-46.70175025,,,,1,2023-06-15T14:11:50+00:00
SAO_5317-10,São Paulo,3550308,True,,69,,,-23.7072735,-46.6955685,,,,1,2023-06-15T14:12:14+00:00
SAO_5317-10,São Paulo,3550308,True,,69,,,-23.674028,-46.6861365,,,,1,2023-06-15T14:12:08+00:00
SAO_5317-10,São Paulo,3550308,True,,69,,,-23.5969325,-46.655863,,,,1,2023-06-15T14:11:37+00:00
SAO_7040-10,São Paulo,3550308,True,,776,,,-23.613955,-46.714941499999995,,,,1,2023-06-15T14:11:47+00:00
SAO_7040-10,São Paulo,3550308,True,,776,,,-23.621510999999998,-46.7241905,,,,1,2023-06-15T14:11:55+00:00
SAO_7040-10,São Paulo,3550308,True,,776,,,-23.576448749999997,-46.6872905,,,,1,2023-06-15T14:12:06+00:00
SAO_7040-10,São Paulo,3550308,True,,776,,,-23.56998325,-46.691308250000006,,,,1,2023-06-15T14:11:50+00:00
SAO_7040-10,São Paulo,3550308,True,,776,,,-23.590335500000002,-46.702703,,,,1,2023-06-15T14:12:17+00:00
SAO_7040-10,São Paulo,3550308,True,,776,,,-23.616042,-46.720892,,,,1,2023-06-15T14:11:50+00:00
SAO_7040-10,São Paulo,3550308,True,,776,,,-23.6132705,-46.715894750000004,,,,1,2023-06-15T14:12:02+00:00
SAO_7040-10,São Paulo,3550308,True,,776,,,-23.586852999999998,-46.692325,,,,1,2023-06-15T14:12:20+00:00
SAO_7040-10,São Paulo,3550308,True,,776,,,-23.586164750000002,-46.68934275,,,,1,2023-06-15T14:11:49+00:00
SAO_6048-10,São Paulo,3550308,True,BR7 Mobilidade,56,https://moovitapp.com/index/pt-br/transporte_p%C3%BAblico-line-56-Sao_Paulo-242-851856-518592-0,5.75,-23.667064,-46.772805000000005,,,,1,2023-06-15T14:12:00+00:00
SAO_6048-10,São Paulo,3550308,True,BR7 Mobilidade,56,https://moovitapp.com/index/pt-br/transporte_p%C3%BAblico-line-56-Sao_Paulo-242-851856-518592-0,5.75,-23.6490105,-46.7535625,,,,1,2023-06-15T14:11:47+00:00
SAO_6048-10,São Paulo,3550308,True,BR7 Mobilidade,56,https://moovitapp.com/index/pt-br/transporte_p%C3%BAblico-line-56-Sao_Paulo-242-851856-518592-0,5.75,-23.6805215,-46.769168500000006,,,,1,2023-06-15T14:11:59+00:00
SAO_6048-10,São Paulo,3550308,True,BR7 Mobilidade,56,https://moovitapp.com/index/pt-br/transporte_p%C3%BAblico-line-56-Sao_Paulo-242-851856-518592-0,5.75,-23.651250249999997,-46.757353499999994,,,,1,2023-06-15T14:11:59+00:00
SAO_6048-10,São Paulo,3550308,True,BR7 Mobilidade,56,https://moovitapp.com/index/pt-br/transporte_p%C3%BAblico-line-56-Sao_Paulo-242-851856-518592-0,5.75,-23.6440135,-46.734696,,,,1,2023-06-15T14:11:51+00:00
SAO_1024-10,São Paulo,3550308,True,,35070,,,-23.47855175,-46.6953225,,,,2,2023-06-15T14:11:52+00:00
SAO_1024-10,São Paulo,3550308,True,,35070,,,-23.4603515,-46.699286,,,,2,2023-06-15T14:11:54+00:00
SAO_1024-10,São Paulo,3550308,True,,35070,,,-23.460870999999997,-46.708670999999995,,,,2,2023-06-15T14:11:50+00:00
SAO_1024-10,São Paulo,3550308,True,,35070,,,-23.458507,-46.706540000000004,,,,2,2023-06-15T14:11:52+00:00
SAO_1024-10,São Paulo,3550308,True,,35070,,,-23.473467499999998,-46.698116999999996,,,,2,2023-06-15T14:12:19+00:00
SAO_1024-10,São Paulo,3550308,True,,35070,,,-23.460804500000002,-46.7086025,,,,2,2023-06-15T14:11:46+00:00
SAO_1024-10,São Paulo,3550308,True,,35070,,,-23.457645499999998,-46.7053405,,,,2,2023-06-15T14:11:49+00:00
SAO_1024-10,São Paulo,3550308,True,,35070,,,-23.4888795,-46.6980565,,,,2,2023-06-15T14:11:39+00:00
SAO_1024-10,São Paulo,3550308,True,,35070,,,-23.457389625,-46.70285975,,,,2,2023-06-15T14:12:11+00:00
SAO_1024-10,São Paulo,3550308,True,,35070,,,-23.457645499999998,-46.7053405,,,,2,2023-06-15T14:12:05+00:00
SAO_6835-10,São Paulo,3550308,True,BR7 Mobilidade,12,https://moovitapp.com/index/pt-br/transporte_p%C3%BAblico-line-12-Sao_Paulo-242-851856-542340-0,5.75,-23.6616725,-46.768751,,,,1,2023-06-15T14:11:56+00:00
SAO_6835-10,São Paulo,3550308,True,BR7 Mobilidade,12,https://moovitapp.com/index/pt-br/transporte_p%C3%BAblico-line-12-Sao_Paulo-242-851856-542340-0,5.75,-23.685769,-46.791277,,,,1,2023-06-15T14:12:08+00:00
SAO_6835-10,São Paulo,3550308,True,BR7 Mobilidade,12,https://moovitapp.com/index/pt-br/transporte_p%C3%BAblico-line-12-Sao_Paulo-242-851856-542340-0,5.75,-23.654369000000003,-46.762426500000004,,,,1,2023-06-15T14:11:49+00:00
SAO_4025-10,São Paulo,3550308,True,,33863,,,-23.584137,-46.581708000000006,,,,2,2023-06-15T14:11:45+00:00
SAO_4025-10,São Paulo,3550308,True,,33863,,,-23.607989375000002,-46.553975375,,,,2,2023-06-15T14:11:38+00:00
SAO_4025-10,São Paulo,3550308,True,,33863,,,-23.607989375000002,-46.553975375,,,,2,2023-06-15T14:11:57+00:00
SAO_4025-10,São Paulo,3550308,True,,33863,,,-23.580627749999998,-46.583367249999995,,,,2,2023-06-15T14:11:51+00:00
SAO_4025-10,São Paulo,3550308,True,,33863,,,-23.607989375000002,-46.553975375,,,,2,2023-06-15T14:12:08+00:00
SAO_4025-10,São Paulo,3550308,True,,33863,,,-23.58301,-46.572325,,,,2,2023-06-15T14:12:09+00:00
SAO_4025-10,São Paulo,3550308,True,,33863,,,-23.544867000000004,-46.58021675,,,,2,2023-06-15T14:12:16+00:00
SAO_4721-10,São Paulo,3550308,True,,33105,,,-23.613474,-46.627472,,,,2,2023-06-15T14:11:40+00:00
SAO_271M-10,São Paulo,3550308,True,,684,,,-23.51560625,-46.569621749999996,,,,1,2023-06-15T14:12:10+00:00
SAO_271M-10,São Paulo,3550308,True,,684,,,-23.50162425,-46.62357300000001,,,,1,2023-06-15T14:11:40+00:00
SAO_271M-10,São Paulo,3550308,True,,684,,,-23.50067,-46.615140499999995,,,,1,2023-06-15T14:12:20+00:00
SAO_271M-10,São Paulo,3550308,True,,684,,,-23.514609749999998,-46.57052675,,,,1,2023-06-15T14:11:56+00:00
SAO_271M-10,São Paulo,3550308,True,,684,,,-23.509921,-46.562571500000004,,,,1,2023-06-15T14:11:08+00:00
SAO_775A-10,São Paulo,3550308,True,,33241,,,-23.562497999999998,-46.764742999999996,,,,2,2023-06-15T14:12:16+00:00
SAO_775A-10,São Paulo,3550308,True,,33241,,,-23.5623195,-46.7647105,,,,2,2023-06-15T14:11:48+00:00
SAO_775A-10,São Paulo,3550308,True,,33241,,,-23.5649705,-46.6948935,,,,2,2023-06-15T14:12:08+00:00
SAO_513L-10,São Paulo,3550308,True,,34423,,,-23.582075375000002,-46.6021845,,,,2,2023-06-15T14:12:06+00:00
SAO_513L-10,São Paulo,3550308,True,,34423,,,-23.581279625,-46.591347,,,,2,2023-06-15T14:12:07+00:00
SAO_513L-10,São Paulo,3550308,True,,34423,,,-23.55637575,-46.595012249999996,,,,2,2023-06-15T14:11:57+00:00
SAO_178Y-21,São Paulo,3550308,True,,34993,,,-23.478721,-46.630316,,,,2,2023-06-15T14:11:36+00:00
SAO_178Y-21,São Paulo,3550308,True,,34993,,,-23.491414,-46.617603,,,,2,2023-06-15T14:12:04+00:00
SAO_6014-10,São Paulo,3550308,True,,188,,,-23.667816000000002,-46.7312965,,,,1,2023-06-15T14:11:34+00:00
SAO_6014-10,São Paulo,3550308,True,,188,,,-23.741947500000002,-46.801043,,,,1,2023-06-15T14:12:14+00:00
SAO_6014-10,São Paulo,3550308,True,,188,,,-23.741947500000002,-46.801043,,,,1,2023-06-15T14:11:49+00:00
SAO_6014-10,São Paulo,3550308,True,,188,,,-23.727213,-46.7863825,,,,1,2023-06-15T14:12:00+00:00
SAO_6014-10,São Paulo,3550308,True,,188,,,-23.6677405,-46.73030275,,,,1,2023-06-15T14:12:16+00:00
SAO_6014-10,São Paulo,3550308,True,,188,,,-23.742814499999998,-46.80108325,,,,1,2023-06-15T14:12:13+00:00
SAO_6014-10,São Paulo,3550308,True,,188,,,-23.7397715,-46.79327000000001,,,,1,2023-06-15T14:12:22+00:00
SAO_6014-10,São Paulo,3550308,True,,188,,,-23.69138175,-46.77535775,,,,1,2023-06-15T14:11:54+00:00
SAO_6062-10,São Paulo,3550308,True,,1151,,,-23.731355999999998,-46.688134,,,,1,2023-06-15T14:12:15+00:00
SAO_7060-10,São Paulo,3550308,True,,34657,,,-23.630855500000003,-46.774021,,,,2,2023-06-15T14:11:48+00:00
SAO_7060-10,São Paulo,3550308,True,,34657,,,-23.659789500000002,-46.775850000000005,,,,2,2023-06-15T14:12:23+00:00
SAO_7272-10,São Paulo,3550308,True,,34101,,,-23.55165475,-46.657360749999995,,,,2,2023-06-15T14:11:51+00:00
SAO_7272-10,São Paulo,3550308,True,,34101,,,-23.543237750000003,-46.64136375,,,,2,2023-06-15T14:11:59+00:00
SAO_2202-10,São Paulo,3550308,True,,33678,,,-23.5083535,-46.402369,,,,2,2023-06-15T14:12:21+00:00
SAO_2202-10,São Paulo,3550308,True,,33678,,,-23.4974775,-46.405567250000004,,,,2,2023-06-15T14:10:08+00:00
SAO_2202-10,São Paulo,3550308,True,,33678,,,-23.496322499999998,-46.40204725,,,,2,2023-06-15T14:12:10+00:00
SAO_2202-10,São Paulo,3550308,True,,33678,,,-23.48792525,-46.382452,,,,2,2023-06-15T14:12:07+00:00
SAO_2202-10,São Paulo,3550308,True,,33678,,,-23.488201,-46.382996500000004,,,,2,2023-06-15T14:12:13+00:00
SAO_2202-10,São Paulo,3550308,True,,33678,,,-23.489198000000002,-46.3856065,,,,2,2023-06-15T14:12:14+00:00
SAO_2202-10,São Paulo,3550308,True,,33678,,,-23.512179500000002,-46.402067,,,,2,2023-06-15T14:12:20+00:00
SAO_2202-10,São Paulo,3550308,True,,33678,,,-23.53268275,-46.39854750000001,,,,2,2023-06-15T14:10:37+00:00
SAO_2202-10,São Paulo,3550308,True,,33678,,,-23.4972505,-46.3946555,,,,2,2023-06-15T14:11:38+00:00
SAO_2202-10,São Paulo,3550308,True,,33678,,,-23.4942705,-46.390076500000006,,,,2,2023-06-15T14:12:15+00:00
SAO_2202-10,São Paulo,3550308,True,,33678,,,-23.5427125,-46.4099635,,,,2,2023-06-15T14:11:54+00:00
SAO_2202-10,São Paulo,3550308,True,,33678,,,-23.537285,-46.405343,,,,2,2023-06-15T14:10:04+00:00
SAO_2202-10,São Paulo,3550308,True,,33678,,,-23.512909999999998,-46.4023665,,,,2,2023-06-15T14:10:23+00:00
SAO_2202-10,São Paulo,3550308,True,,33678,,,-23.488027000000002,-46.3826605,,,,2,2023-06-15T14:11:45+00:00
SAO_8025-10,São Paulo,3550308,True,,34844,,,-23.590518,-46.76971475,,,,2,2023-06-15T14:11:56+00:00
SAO_8025-10,São Paulo,3550308,True,,34844,,,-23.594862499999998,-46.7623825,,,,2,2023-06-15T14:11:41+00:00
SAO_8025-10,São Paulo,3550308,True,,34844,,,-23.586356000000002,-46.7490075,,,,2,2023-06-15T14:12:14+00:00
SAO_8025-10,São Paulo,3550308,True,,34844,,,-23.590518,-46.76971475,,,,2,2023-06-15T14:11:35+00:00
SAO_1775-10,São Paulo,3550308,True,,638,,,-23.4835615,-46.631298,,,,1,2023-06-15T14:11:58+00:00
SAO_1775-10,São Paulo,3550308,True,,638,,,-23.446804,-46.614689,,,,1,2023-06-15T14:12:01+00:00
SAO_2104-10,São Paulo,3550308,True,,2255,,,-23.5463275,-46.631088000000005,,,,1,2023-06-15T14:11:41+00:00
SAO_2104-10,São Paulo,3550308,True,,2255,,,-23.509142750000002,-46.625062875,,,,1,2023-06-15T14:12:17+00:00
SAO_2104-10,São Paulo,3550308,True,,2255,,,-23.524874000000004,-46.62553725,,,,1,2023-06-15T14:11:49+00:00
SAO_2104-10,São Paulo,3550308,True,,2255,,,-23.53435175,-46.62695425,,,,1,2023-06-15T14:07:39+00:00
SAO_7267-10,São Paulo,3550308,True,,1427,,,-23.550384,-46.6786415,,,,1,2023-06-15T14:11:59+00:00
SAO_7267-10,São Paulo,3550308,True,,1427,,,-23.5522855,-46.675430500000004,,,,1,2023-06-15T14:12:19+00:00
SAO_7267-10,São Paulo,3550308,True,,1427,,,-23.536978499999996,-46.676947999999996,,,,1,2023-06-15T14:11:42+00:00
SAO_7267-10,São Paulo,3550308,True,,1427,,,-23.547706875000003,-46.644175000000004,,,,1,2023-06-15T14:12:15+00:00
SAO_609F-10,São Paulo,3550308,True,BR7 Mobilidade,37,https://moovitapp.com/index/pt-br/transporte_p%C3%BAblico-line-37-Sao_Paulo-242-851856-596010-0,5.75,-23.6577795,-46.7420685,,,,1,2023-06-15T14:12:16+00:00
SAO_609F-10,São Paulo,3550308,True,BR7 Mobilidade,37,https://moovitapp.com/index/pt-br/transporte_p%C3%BAblico-line-37-Sao_Paulo-242-851856-596010-0,5.75,-23.652874,-46.7341555,,,,1,2023-06-15T14:11:41+00:00
SAO_609F-10,São Paulo,3550308,True,BR7 Mobilidade,37,https://moovitapp.com/index/pt-br/transporte_p%C3%BAblico-line-37-Sao_Paulo-242-851856-596010-0,5.75,-23.667381499999998,-46.752379499999996,,,,1,2023-06-15T14:12:14+00:00
SAO_609F-10,São Paulo,3550308,True,BR7 Mobilidade,37,https://moovitapp.com/index/pt-br/transporte_p%C3%BAblico-line-37-Sao_Paulo-242-851856-596010-0,5.75,-23.653208874999997,-46.73795762499999,,,,1,2023-06-15T14:12:14+00:00
SAO_609F-10,São Paulo,3550308,True,BR7 Mobilidade,37,https://moovitapp.com/index/pt-br/transporte_p%C3%BAblico-line-37-Sao_Paulo-242-851856-596010-0,5.75,-23.541601625,-46.639498625,,,,1,2023-06-15T14:12:20+00:00
SAO_609F-10,São Paulo,3550308,True,BR7 Mobilidade,37,https://moovitapp.com/index/pt-br/transporte_p%C3%BAblico-line-37-Sao_Paulo-242-851856-596010-0,5.75,-23.58251925,-46.685676,,,,1,2023-06-15T14:11:51+00:00
SAO_609F-10,São Paulo,3550308,True,BR7 Mobilidade,37,https://moovitapp.com/index/pt-br/transporte_p%C3%BAblico-line-37-Sao_Paulo-242-851856-596010-0,5.75,-23.65455275,-46.741048,,,,1,2023-06-15T14:11:48+00:00
SAO_609F-10,São Paulo,3550308,True,BR7 Mobilidade,37,https://moovitapp.com/index/pt-br/transporte_p%C3%BAblico-line-37-Sao_Paulo-242-851856-596010-0,5.75,-23.540213,-46.63380175,,,,1,2023-06-15T14:11:49+00:00
SAO_609F-10,São Paulo,3550308,True,BR7 Mobilidade,37,https://moovitapp.com/index/pt-br/transporte_p%C3%BAblico-line-37-Sao_Paulo-242-851856-596010-0,5.75,-23.6437205,-46.7251745,,,,1,2023-06-15T14:12:15+00:00
SAO_314V-10,São Paulo,3550308,True,,33079,,,-23.5786585,-46.6091775,,,,2,2023-06-15T14:11:42+00:00
SAO_314V-10,São Paulo,3550308,True,,33079,,,-23.5813825,-46.565096499999996,,,,2,2023-06-15T14:11:45+00:00
SAO_314V-10,São Paulo,3550308,True,,33079,,,-23.5903485,-46.5381825,,,,2,2023-06-15T14:12:08+00:00
SAO_6806-10,São Paulo,3550308,True,,32800,,,-23.634156,-46.757954,,,,2,2023-06-15T14:11:49+00:00
SAO_5033-10,São Paulo,3550308,True,,34433,,,-23.60328075,-46.602380499999995,,,,2,2023-06-15T14:11:51+00:00
SAO_5033-10,São Paulo,3550308,True,,34433,,,-23.6285635,-46.614759,,,,2,2023-06-15T14:11:52+00:00
SAO_7053-21,São Paulo,3550308,True,,34663,,,-23.642354750000003,-46.78591075,,,,2,2023-06-15T14:11:45+00:00
SAO_7053-21,São Paulo,3550308,True,,34663,,,-23.64219025,-46.78573025,,,,2,2023-06-15T14:11:50+00:00
SAO_7053-21,São Paulo,3550308,True,,34663,,,-23.631475000000002,-46.77217,,,,2,2023-06-15T14:11:40+00:00
SAO_8610-10,São Paulo,3550308,True,,2063,,,-23.5495285,-46.6402545,,,,1,2023-06-15T14:12:06+00:00
SAO_8610-10,São Paulo,3550308,True,,2063,,,-23.5851105,-46.7662865,,,,1,2023-06-15T14:12:15+00:00
SAO_8610-10,São Paulo,3550308,True,,2063,,,-23.5754435,-46.717406249999996,,,,1,2023-06-15T14:12:04+00:00
SAO_8610-10,São Paulo,3550308,True,,2063,,,-23.56775975,-46.69600174999999,,,,1,2023-06-15T14:12:00+00:00
SAO_8610-10,São Paulo,3550308,True,,2063,,,-23.56705225,-46.658919,,,,1,2023-06-15T14:12:15+00:00
SAO_748A-10,São Paulo,3550308,True,EMTU,498,https://moovitapp.com/index/pt-br/transporte_p%C3%BAblico-line-498-Sao_Paulo-242-2038937-36419523-0,5.4,-23.58381225,-46.769287500000004,,,,1,2023-06-15T14:12:11+00:00
SAO_748A-10,São Paulo,3550308,True,EMTU,498,https://moovitapp.com/index/pt-br/transporte_p%C3%BAblico-line-498-Sao_Paulo-242-2038937-36419523-0,5.4,-23.5502831875,-46.7392525625,,,,1,2023-06-15T14:12:10+00:00
SAO_2722-31,São Paulo,3550308,True,,936,,,-23.528614,-46.5162345,,,,1,2023-06-15T14:11:59+00:00
SAO_2722-31,São Paulo,3550308,True,,936,,,-23.486069,-46.502661,,,,1,2023-06-15T14:10:38+00:00
SAO_2722-31,São Paulo,3550308,True,,936,,,-23.52382025,-46.512840999999995,,,,1,2023-06-15T14:12:20+00:00
SAO_2722-31,São Paulo,3550308,True,,936,,,-23.494568,-46.491175,,,,1,2023-06-15T14:10:17+00:00
SAO_2722-31,São Paulo,3550308,True,,936,,,-23.5138325,-46.50269475,,,,1,2023-06-15T14:12:19+00:00
SAO_709A-10,São Paulo,3550308,True,,2092,,,-23.592902000000002,-46.689128,,,,1,2023-06-15T14:11:41+00:00
SAO_709A-10,São Paulo,3550308,True,,2092,,,-23.581969,-46.638467500000004,,,,1,2023-06-15T14:11:37+00:00
SAO_709A-10,São Paulo,3550308,True,,2092,,,-23.587499,-46.672521,,,,1,2023-06-15T14:12:11+00:00
SAO_2007-10,São Paulo,3550308,True,,33664,,,-23.504101,-46.379472,,,,2,2023-06-15T14:11:40+00:00
SAO_2007-10,São Paulo,3550308,True,,33664,,,-23.4982915,-46.396243999999996,,,,2,2023-06-15T14:12:13+00:00
SAO_2007-10,São Paulo,3550308,True,,33664,,,-23.499038,-46.3845775,,,,2,2023-06-15T14:11:25+00:00
SAO_2007-10,São Paulo,3550308,True,,33664,,,-23.50683025,-46.368320749999995,,,,2,2023-06-15T14:11:50+00:00
SAO_2007-10,São Paulo,3550308,True,,33664,,,-23.5095785,-46.37041775,,,,2,2023-06-15T14:11:45+00:00
SAO_2007-10,São Paulo,3550308,True,,33664,,,-23.5095785,-46.37041775,,,,2,2023-06-15T14:11:59+00:00
SAO_2007-10,São Paulo,3550308,True,,33664,,,-23.51009825,-46.370076499999996,,,,2,2023-06-15T14:11:17+00:00
SAO_4222-10,São Paulo,3550308,True,EMTU,288,https://moovitapp.com/index/pt-br/transporte_p%C3%BAblico-line-288-Sao_Paulo-242-2038937-36419389-0,5.1,-23.5813485,-46.586081,,,,1,2023-06-15T14:09:18+00:00
SAO_4222-10,São Paulo,3550308,True,EMTU,288,https://moovitapp.com/index/pt-br/transporte_p%C3%BAblico-line-288-Sao_Paulo-242-2038937-36419389-0,5.1,-23.601495,-46.5332695,,,,1,2023-06-15T14:12:04+00:00
SAO_4222-10,São Paulo,3550308,True,EMTU,288,https://moovitapp.com/index/pt-br/transporte_p%C3%BAblico-line-288-Sao_Paulo-242-2038937-36419389-0,5.1,-23.58419225,-46.564051500000005,,,,1,2023-06-15T14:12:07+00:00
SAO_675N-10,São Paulo,3550308,True,,33130,,,-23.623034750000002,-46.69963249999999,,,,2,2023-06-15T14:12:08+00:00
SAO_675N-10,São Paulo,3550308,True,,33130,,,-23.65423,-46.7120225,,,,2,2023-06-15T14:11:50+00:00
SAO_675N-10,São Paulo,3550308,True,,33130,,,-23.61237275,-46.6955505,,,,2,2023-06-15T14:12:06+00:00
SAO_675N-10,São Paulo,3550308,True,,33130,,,-23.604844875,-46.673831250000006,,,,2,2023-06-15T14:12:18+00:00
SAO_675N-10,São Paulo,3550308,True,,33130,,,-23.654935000000002,-46.715513625,,,,2,2023-06-15T14:11:55+00:00
SAO_675N-10,São Paulo,3550308,True,,33130,,,-23.5882905,-46.647251,,,,2,2023-06-15T14:12:02+00:00
SAO_2010-10,São Paulo,3550308,True,,2104,,,-23.50563825,-46.624972375,,,,1,2023-06-15T14:12:18+00:00
SAO_2010-10,São Paulo,3550308,True,,2104,,,-23.499875499999998,-46.62425675,,,,1,2023-06-15T14:11:16+00:00
SAO_2010-10,São Paulo,3550308,True,,2104,,,-23.49212525,-46.597162,,,,1,2023-06-15T14:12:20+00:00
SAO_2010-10,São Paulo,3550308,True,,2104,,,-23.516329,-46.625257500000004,,,,1,2023-06-15T14:12:07+00:00
SAO_2010-10,São Paulo,3550308,True,,2104,,,-23.476959,-46.5640815,,,,1,2023-06-15T14:11:47+00:00
SAO_2010-10,São Paulo,3550308,True,,2104,,,-23.47739,-46.564792499999996,,,,1,2023-06-15T14:12:20+00:00
SAO_2010-10,São Paulo,3550308,True,,2104,,,-23.4796495,-46.584830499999995,,,,1,2023-06-15T14:11:37+00:00
SAO_509J-10,São Paulo,3550308,True,,33032,,,-23.58114725,-46.6574995,,,,2,2023-06-15T14:11:35+00:00
SAO_509J-10,São Paulo,3550308,True,,33032,,,-23.6430315,-46.672696,,,,2,2023-06-15T14:12:18+00:00
SAO_509J-10,São Paulo,3550308,True,,33032,,,-23.6742275,-46.663416999999995,,,,2,2023-06-15T14:12:10+00:00
SAO_509J-10,São Paulo,3550308,True,,33032,,,-23.608048375000003,-46.661811375,,,,2,2023-06-15T14:11:42+00:00
SAO_509J-10,São Paulo,3550308,True,,33032,,,-23.6791355,-46.663644000000005,,,,2,2023-06-15T14:12:03+00:00
SAO_509J-10,São Paulo,3550308,True,,33032,,,-23.6875885,-46.654850499999995,,,,2,2023-06-15T14:11:35+00:00
SAO_6913-21,São Paulo,3550308,True,,34317,,,-23.6153455,-46.6797895,,,,2,2023-06-15T14:12:21+00:00
SAO_6913-21,São Paulo,3550308,True,,34317,,,-23.655545,-46.707713999999996,,,,2,2023-06-15T14:11:59+00:00
SAO_6913-21,São Paulo,3550308,True,,34317,,,-23.7168715,-46.70501025,,,,2,2023-06-15T14:11:51+00:00
SAO_6913-21,São Paulo,3550308,True,,34317,,,-23.595443500000002,-46.6732535,,,,2,2023-06-15T14:12:18+00:00
SAO_2733-10,São Paulo,3550308,True,,33716,,,-23.5162355,-46.4623365,,,,2,2023-06-15T14:11:43+00:00
SAO_2733-10,São Paulo,3550308,True,,33716,,,-23.518345500000002,-46.45482025,,,,2,2023-06-15T14:12:20+00:00
SAO_2733-10,São Paulo,3550308,True,,33716,,,-23.5183365,-46.45441875,,,,2,2023-06-15T14:11:57+00:00
SAO_2733-10,São Paulo,3550308,True,,33716,,,-23.5425825,-46.4709825,,,,2,2023-06-15T14:11:50+00:00
SAO_2733-10,São Paulo,3550308,True,,33716,,,-23.5385975,-46.4567525,,,,2,2023-06-15T14:11:56+00:00
SAO_2733-10,São Paulo,3550308,True,,33716,,,-23.5162355,-46.4623365,,,,2,2023-06-15T14:12:17+00:00
SAO_8027-10,São Paulo,3550308,True,,2162,,,-23.56772125,-46.758096249999994,,,,1,2023-06-15T14:12:03+00:00
SAO_2704-10,São Paulo,3550308,True,,33684,,,-23.519921500000002,-46.441227,,,,2,2023-06-15T14:12:22+00:00
SAO_2704-10,São Paulo,3550308,True,,33684,,,-23.526239,-46.409855500000006,,,,2,2023-06-15T14:12:05+00:00
SAO_2704-10,São Paulo,3550308,True,,33684,,,-23.521565000000002,-46.412428500000004,,,,2,2023-06-15T14:11:29+00:00
SAO_2704-10,São Paulo,3550308,True,,33684,,,-23.53420275,-46.45427425,,,,2,2023-06-15T14:10:38+00:00
SAO_2704-10,São Paulo,3550308,True,,33684,,,-23.540059,-46.4627985,,,,2,2023-06-15T14:11:19+00:00
SAO_6120-10,São Paulo,3550308,True,,33957,,,-23.738467,-46.6919475,,,,2,2023-06-15T14:11:46+00:00
SAO_6120-10,São Paulo,3550308,True,,33957,,,-23.753559000000003,-46.68118,,,,2,2023-06-15T14:12:23+00:00
SAO_6120-10,São Paulo,3550308,True,,33957,,,-23.76019175,-46.677102749999996,,,,2,2023-06-15T14:12:07+00:00
SAO_971C-10,São Paulo,3550308,True,,33339,,,-23.496423,-46.636557499999995,,,,2,2023-06-15T14:12:02+00:00
SAO_971C-10,São Paulo,3550308,True,,33339,,,-23.448803499999997,-46.710332,,,,2,2023-06-15T14:12:03+00:00
SAO_971C-10,São Paulo,3550308,True,,33339,,,-23.479823500000002,-46.658761999999996,,,,2,2023-06-15T14:11:48+00:00
SAO_971C-10,São Paulo,3550308,True,,33339,,,-23.4680295,-46.6775685,,,,2,2023-06-15T14:12:02+00:00
SAO_971C-10,São Paulo,3550308,True,,33339,,,-23.447202750000002,-46.717077625,,,,2,2023-06-15T14:11:56+00:00
SAO_971C-10,São Paulo,3550308,True,,33339,,,-23.4351795,-46.717514,,,,2,2023-06-15T14:12:05+00:00
SAO_971C-10,São Paulo,3550308,True,,33339,,,-23.4540605,-46.696717,,,,2,2023-06-15T14:12:00+00:00
SAO_971C-10,São Paulo,3550308,True,,33339,,,-23.459804999999996,-46.68515025,,,,2,2023-06-15T14:11:58+00:00
SAO_6250-10,São Paulo,3550308,True,,33236,,,-23.597096,-46.7681435,,,,2,2023-06-15T14:11:54+00:00
SAO_6250-10,São Paulo,3550308,True,,33236,,,-23.56467225,-46.69334775,,,,2,2023-06-15T14:12:22+00:00
SAO_3054-10,São Paulo,3550308,True,,975,,,-23.59326,-46.489832500000006,,,,1,2023-06-15T14:12:06+00:00
SAO_3054-10,São Paulo,3550308,True,,975,,,-23.5958,-46.45216550000001,,,,1,2023-06-15T14:11:53+00:00
SAO_3054-10,São Paulo,3550308,True,,975,,,-23.605030499999998,-46.410557499999996,,,,1,2023-06-15T14:12:06+00:00
SAO_3054-10,São Paulo,3550308,True,,975,,,-23.594462,-46.423862,,,,1,2023-06-15T14:11:42+00:00
SAO_3054-10,São Paulo,3550308,True,,975,,,-23.600215249999998,-46.48453775,,,,1,2023-06-15T14:11:42+00:00
SAO_5021-10,São Paulo,3550308,True,,1667,,,-23.6364305,-46.617072,,,,1,2023-06-15T14:12:01+00:00
SAO_5021-10,São Paulo,3550308,True,,1667,,,-23.60362825,-46.602778,,,,1,2023-06-15T14:11:44+00:00
SAO_5021-10,São Paulo,3550308,True,,1667,,,-23.60477175,-46.614219750000004,,,,1,2023-06-15T14:11:44+00:00
SAO_6091-51,São Paulo,3550308,True,,1691,,,-23.683052125,-46.6925795,,,,1,2023-06-15T14:11:48+00:00
SAO_2708-10,São Paulo,3550308,True,,33689,,,-23.5264505,-46.4105955,,,,2,2023-06-15T14:12:02+00:00
SAO_2708-10,São Paulo,3550308,True,,33689,,,-23.525986000000003,-46.43213,,,,2,2023-06-15T14:12:00+00:00
SAO_2708-10,São Paulo,3550308,True,,33689,,,-23.523204749999998,-46.429665,,,,2,2023-06-15T14:11:58+00:00
SAO_2708-10,São Paulo,3550308,True,,33689,,,-23.526938,-46.4099685,,,,2,2023-06-15T14:11:36+00:00
SAO_2708-10,São Paulo,3550308,True,,33689,,,-23.53124375,-46.445772375000004,,,,2,2023-06-15T14:12:19+00:00
SAO_2708-10,São Paulo,3550308,True,,33689,,,-23.52332825,-46.430065,,,,2,2023-06-15T14:12:06+00:00
SAO_2708-10,São Paulo,3550308,True,,33689,,,-23.532455,-46.4477235,,,,2,2023-06-15T14:11:07+00:00
SAO_6045-21,São Paulo,3550308,True,,34932,,,-23.693677,-46.793632,,,,2,2023-06-15T14:11:44+00:00
SAO_6045-21,São Paulo,3550308,True,,34932,,,-23.6990275,-46.7964265,,,,2,2023-06-15T14:12:06+00:00
SAO_6045-21,São Paulo,3550308,True,,34932,,,-23.6575565,-46.764503,,,,2,2023-06-15T14:11:53+00:00
SAO_6045-21,São Paulo,3550308,True,,34932,,,-23.66415625,-46.7700475,,,,2,2023-06-15T14:11:45+00:00
SAO_6045-21,São Paulo,3550308,True,,34932,,,-23.698768,-46.796265500000004,,,,2,2023-06-15T14:12:14+00:00
SAO_9050-10,São Paulo,3550308,True,,2088,,,-23.584650000000003,-46.683251999999996,,,,1,2023-06-15T14:11:48+00:00
SAO_9050-10,São Paulo,3550308,True,,2088,,,-23.57392075,-46.689063625,,,,1,2023-06-15T14:11:59+00:00
SAO_9050-10,São Paulo,3550308,True,,2088,,,-23.540153500000002,-46.7044175,,,,1,2023-06-15T14:11:54+00:00
SAO_9050-10,São Paulo,3550308,True,,2088,,,-23.55892875,-46.698054,,,,1,2023-06-15T14:11:55+00:00
SAO_9050-10,São Paulo,3550308,True,,2088,,,-23.553903,-46.698106499999994,,,,1,2023-06-15T14:11:49+00:00
SAO_5110-41,São Paulo,3550308,True,,2210,,,-23.584305999999998,-46.583688499999994,,,,1,2023-06-15T14:12:15+00:00
SAO_5110-41,São Paulo,3550308,True,,2210,,,-23.6028755,-46.514859,,,,1,2023-06-15T14:11:52+00:00
SAO_5110-41,São Paulo,3550308,True,,2210,,,-23.61259,-46.479862999999995,,,,1,2023-06-15T14:11:06+00:00
SAO_477A-10,São Paulo,3550308,True,,33114,,,-23.589254,-46.635151,,,,2,2023-06-15T14:12:09+00:00
SAO_477A-10,São Paulo,3550308,True,,33114,,,-23.579624000000003,-46.603175,,,,2,2023-06-15T14:12:12+00:00
SAO_477A-10,São Paulo,3550308,True,,33114,,,-23.570104,-46.651428499999994,,,,2,2023-06-15T14:12:08+00:00
SAO_477A-10,São Paulo,3550308,True,,33114,,,-23.603988,-46.6042725,,,,2,2023-06-15T14:11:56+00:00
SAO_477A-10,São Paulo,3550308,True,,33114,,,-23.58260575,-46.6703895,,,,2,2023-06-15T14:11:58+00:00
SAO_477A-10,São Paulo,3550308,True,,33114,,,-23.567622999999998,-46.695747,,,,2,2023-06-15T14:11:50+00:00
SAO_477A-10,São Paulo,3550308,True,,33114,,,-23.566889500000002,-46.7014895,,,,2,2023-06-15T14:11:37+00:00
SAO_6414-10,São Paulo,3550308,True,,33128,,,-23.584882,-46.6705855,,,,2,2023-06-15T14:12:18+00:00
SAO_6414-10,São Paulo,3550308,True,,33128,,,-23.613670749999997,-46.679034,,,,2,2023-06-15T14:11:51+00:00
SAO_6414-10,São Paulo,3550308,True,,33128,,,-23.583803500000002,-46.670236,,,,2,2023-06-15T14:12:22+00:00
SAO_6414-10,São Paulo,3550308,True,,33128,,,-23.668376,-46.712089500000005,,,,2,2023-06-15T14:11:46+00:00
SAO_7725-10,São Paulo,3550308,True,EMTU,472,https://moovitapp.com/index/pt-br/transporte_p%C3%BAblico-line-472-Sao_Paulo-242-2038937-36419508-0,35.0,-23.554525249999998,-46.735040375,,,,1,2023-06-15T14:11:40+00:00
SAO_7016-10,São Paulo,3550308,True,,2118,,,-23.6642255,-46.7086015,,,,1,2023-06-15T14:11:17+00:00
SAO_7016-10,São Paulo,3550308,True,,2118,,,-23.668219999999998,-46.7326085,,,,1,2023-06-15T14:12:18+00:00
SAO_7016-10,São Paulo,3550308,True,,2118,,,-23.671987,-46.73451,,,,1,2023-06-15T14:12:08+00:00
SAO_7016-10,São Paulo,3550308,True,,2118,,,-23.653890625,-46.71154075,,,,1,2023-06-15T14:12:01+00:00
SAO_7016-10,São Paulo,3550308,True,,2118,,,-23.690072,-46.76208575,,,,1,2023-06-15T14:11:49+00:00
SAO_4001-10,São Paulo,3550308,True,,34944,,,-23.539476,-46.453823,,,,2,2023-06-15T14:11:37+00:00
SAO_4001-10,São Paulo,3550308,True,,34944,,,-23.549845500000004,-46.5077,,,,2,2023-06-15T14:12:19+00:00
SAO_4001-10,São Paulo,3550308,True,,34944,,,-23.551757000000002,-46.4640355,,,,2,2023-06-15T14:11:55+00:00
SAO_2709-10,São Paulo,3550308,True,,33690,,,-23.52831975,-46.49943450000001,,,,2,2023-06-15T14:12:19+00:00
SAO_2709-10,São Paulo,3550308,True,,33690,,,-23.5292135,-46.497814500000004,,,,2,2023-06-15T14:11:39+00:00
SAO_2709-10,São Paulo,3550308,True,,33690,,,-23.526327000000002,-46.4833175,,,,2,2023-06-15T14:11:45+00:00
SAO_575C-10,São Paulo,3550308,True,,34454,,,-23.581989999999998,-46.528656999999995,,,,2,2023-06-15T14:09:33+00:00
SAO_107T-10,São Paulo,3550308,True,,621,,,-23.540414,-46.637564499999996,,,,1,2023-06-15T14:12:19+00:00
SAO_107T-10,São Paulo,3550308,True,,621,,,-23.579002250000002,-46.6857225,,,,1,2023-06-15T14:12:12+00:00
SAO_107T-10,São Paulo,3550308,True,,621,,,-23.4811525,-46.612036,,,,1,2023-06-15T14:11:32+00:00
SAO_107T-10,São Paulo,3550308,True,,621,,,-23.518088499999998,-46.630359999999996,,,,1,2023-06-15T14:11:51+00:00
SAO_107T-10,São Paulo,3550308,True,,621,,,-23.557371625000002,-46.65941925,,,,1,2023-06-15T14:11:57+00:00
SAO_107T-10,São Paulo,3550308,True,,621,,,-23.492136000000002,-46.618042,,,,1,2023-06-15T14:09:01+00:00
SAO_107T-10,São Paulo,3550308,True,,621,,,-23.5101255,-46.62509225,,,,1,2023-06-15T14:11:59+00:00
SAO_107T-10,São Paulo,3550308,True,,621,,,-23.518316,-46.628175999999996,,,,1,2023-06-15T14:12:12+00:00
SAO_107T-10,São Paulo,3550308,True,,621,,,-23.566104,-46.702168,,,,1,2023-06-15T14:11:50+00:00
SAO_6813-10,São Paulo,3550308,True,,32801,,,-23.668012249999997,-46.764174,,,,2,2023-06-15T14:11:43+00:00
SAO_6813-10,São Paulo,3550308,True,,32801,,,-23.656692999999997,-46.7636335,,,,2,2023-06-15T14:11:52+00:00
SAO_857R-10,São Paulo,3550308,True,,1892,,,-23.5642905,-46.62959549999999,,,,1,2023-06-15T14:12:18+00:00
SAO_857R-10,São Paulo,3550308,True,,1892,,,-23.578781499999998,-46.6354795,,,,1,2023-06-15T14:11:47+00:00
SAO_857R-10,São Paulo,3550308,True,,1892,,,-23.578483124999998,-46.641913875,,,,1,2023-06-15T14:11:50+00:00
SAO_857R-10,São Paulo,3550308,True,,1892,,,-23.6065685,-46.748829,,,,1,2023-06-15T14:12:19+00:00
SAO_857R-10,São Paulo,3550308,True,,1892,,,-23.626072999999998,-46.765776,,,,1,2023-06-15T14:12:21+00:00
SAO_857R-10,São Paulo,3550308,True,,1892,,,-23.584879,-46.718874,,,,1,2023-06-15T14:12:08+00:00
SAO_857R-10,São Paulo,3550308,True,,1892,,,-23.5605665,-46.671968,,,,1,2023-06-15T14:12:15+00:00
SAO_2705-10,São Paulo,3550308,True,,33685,,,-23.536912375,-46.427527624999996,,,,2,2023-06-15T14:11:39+00:00
SAO_2705-10,São Paulo,3550308,True,,33685,,,-23.5476025,-46.3901545,,,,2,2023-06-15T14:11:36+00:00
SAO_2705-10,São Paulo,3550308,True,,33685,,,-23.546270625000002,-46.393018375000004,,,,2,2023-06-15T14:11:54+00:00
SAO_4012-10,São Paulo,3550308,True,,2185,,,-23.612609,-46.476212000000004,,,,1,2023-06-15T14:12:00+00:00
SAO_4012-10,São Paulo,3550308,True,,2185,,,-23.6130335,-46.4763365,,,,1,2023-06-15T14:11:36+00:00
SAO_6115-41,São Paulo,3550308,True,,35009,,,-23.736617,-46.696708,,,,2,2023-06-15T14:11:44+00:00
SAO_6115-41,São Paulo,3550308,True,,35009,,,-23.745988,-46.688644,,,,2,2023-06-15T14:12:17+00:00
SAO_172Y-10,São Paulo,3550308,True,,33630,,,-23.500083500000002,-46.588798999999995,,,,2,2023-06-15T14:11:53+00:00
SAO_172Y-10,São Paulo,3550308,True,,33630,,,-23.525623250000002,-46.59533675,,,,2,2023-06-15T14:09:49+00:00
SAO_172Y-10,São Paulo,3550308,True,,33630,,,-23.512845,-46.585291,,,,2,2023-06-15T14:09:57+00:00
SAO_172Y-10,São Paulo,3550308,True,,33630,,,-23.47515075,-46.57989525000001,,,,2,2023-06-15T14:08:45+00:00
SAO_172Y-10,São Paulo,3550308,True,,33630,,,-23.495592000000002,-46.5866285,,,,2,2023-06-15T14:11:39+00:00
SAO_172Y-10,São Paulo,3550308,True,,33630,,,-23.47473425,-46.58000975,,,,2,2023-06-15T14:11:17+00:00
SAO_3712-10,São Paulo,3550308,True,,1009,,,-23.543047,-46.446271249999995,,,,1,2023-06-15T14:12:09+00:00
SAO_3712-10,São Paulo,3550308,True,,1009,,,-23.550909,-46.4391215,,,,1,2023-06-15T14:12:22+00:00
SAO_3712-10,São Paulo,3550308,True,,1009,,,-23.541867500000002,-46.47029,,,,1,2023-06-15T14:11:48+00:00
SAO_3712-10,São Paulo,3550308,True,,1009,,,-23.5425595,-46.469581500000004,,,,1,2023-06-15T14:12:00+00:00
SAO_2551-10,São Paulo,3550308,True,,32909,,,-23.53937725,-46.608977749999994,,,,2,2023-06-15T14:11:52+00:00
SAO_2551-10,São Paulo,3550308,True,,32909,,,-23.5185405,-46.5484945,,,,2,2023-06-15T14:11:05+00:00
SAO_2551-10,São Paulo,3550308,True,,32909,,,-23.5180825,-46.4756835,,,,2,2023-06-15T14:11:40+00:00
SAO_2551-10,São Paulo,3550308,True,,32909,,,-23.531905000000002,-46.56037025,,,,2,2023-06-15T14:11:17+00:00
SAO_139A-10,São Paulo,3550308,True,,2451,,,-23.501952,-46.705148,,,,1,2023-06-15T14:11:42+00:00
SAO_139A-10,São Paulo,3550308,True,,2451,,,-23.4844765,-46.7103195,,,,1,2023-06-15T14:11:49+00:00
SAO_607C-10,São Paulo,3550308,True,,34745,,,-23.621601,-46.6980435,,,,2,2023-06-15T14:12:02+00:00
SAO_607C-10,São Paulo,3550308,True,,34745,,,-23.648146750000002,-46.67058075,,,,2,2023-06-15T14:12:00+00:00
SAO_607C-10,São Paulo,3550308,True,,34745,,,-23.6769795,-46.641791,,,,2,2023-06-15T14:11:52+00:00
SAO_607C-10,São Paulo,3550308,True,,34745,,,-23.5897885,-46.6880525,,,,2,2023-06-15T14:12:09+00:00
SAO_607C-10,São Paulo,3550308,True,,34745,,,-23.5897885,-46.6880525,,,,2,2023-06-15T14:11:55+00:00
SAO_607C-10,São Paulo,3550308,True,,34745,,,-23.689499,-46.635158000000004,,,,2,2023-06-15T14:12:11+00:00
SAO_607C-10,São Paulo,3550308,True,,34745,,,-23.6546655,-46.6672455,,,,2,2023-06-15T14:11:57+00:00
SAO_607C-10,São Paulo,3550308,True,,34745,,,-23.60629,-46.69334,,,,2,2023-06-15T14:11:38+00:00
SAO_607C-10,São Paulo,3550308,True,,34745,,,-23.666135125,-46.656549625,,,,2,2023-06-15T14:12:14+00:00
SAO_607C-10,São Paulo,3550308,True,,34745,,,-23.61368975,-46.696019,,,,2,2023-06-15T14:11:54+00:00
SAO_607C-10,São Paulo,3550308,True,,34745,,,-23.630915,-46.68352275,,,,2,2023-06-15T14:12:03+00:00
SAO_607C-10,São Paulo,3550308,True,,34745,,,-23.64849625,-46.670482250000006,,,,2,2023-06-15T14:11:58+00:00
SAO_607C-10,São Paulo,3550308,True,,34745,,,-23.596403000000002,-46.69108,,,,2,2023-06-15T14:12:01+00:00
SAO_607C-10,São Paulo,3550308,True,,34745,,,-23.671859,-46.6456785,,,,2,2023-06-15T14:11:37+00:00
SAO_746V-10,São Paulo,3550308,True,,33560,,,-23.6194735,-46.75412375,,,,2,2023-06-15T14:12:04+00:00
SAO_746V-10,São Paulo,3550308,True,,33560,,,-23.6246985,-46.749353,,,,2,2023-06-15T14:11:52+00:00
SAO_746V-10,São Paulo,3550308,True,,33560,,,-23.62728025,-46.7482535,,,,2,2023-06-15T14:12:18+00:00
SAO_746V-10,São Paulo,3550308,True,,33560,,,-23.61934475,-46.758154000000005,,,,2,2023-06-15T14:12:04+00:00
SAO_746V-10,São Paulo,3550308,True,,33560,,,-23.6479635,-46.747952999999995,,,,2,2023-06-15T14:11:54+00:00
SAO_746V-10,São Paulo,3550308,True,,33560,,,-23.623240000000003,-46.750433,,,,2,2023-06-15T14:11:48+00:00
SAO_3791-10,São Paulo,3550308,True,,33837,,,-23.54173,-46.50106825,,,,2,2023-06-15T14:12:21+00:00
SAO_3791-10,São Paulo,3550308,True,,33837,,,-23.5497875,-46.5078805,,,,2,2023-06-15T14:12:04+00:00
SAO_3791-10,São Paulo,3550308,True,,33837,,,-23.550252999999998,-46.510763,,,,2,2023-06-15T14:11:56+00:00
SAO_3791-10,São Paulo,3550308,True,,33837,,,-23.5642735,-46.5049835,,,,2,2023-06-15T14:11:57+00:00
SAO_3791-10,São Paulo,3550308,True,,33837,,,-23.56491575,-46.508068249999994,,,,2,2023-06-15T14:11:52+00:00
SAO_3791-10,São Paulo,3550308,True,,33837,,,-23.538189,-46.490446000000006,,,,2,2023-06-15T14:12:04+00:00
SAO_3791-10,São Paulo,3550308,True,,33837,,,-23.558153375,-46.512169625,,,,2,2023-06-15T14:12:05+00:00
SAO_3791-10,São Paulo,3550308,True,,33837,,,-23.5638,-46.505301,,,,2,2023-06-15T14:11:31+00:00
SAO_637V-10,São Paulo,3550308,True,EMTU,104,https://moovitapp.com/index/pt-br/transporte_p%C3%BAblico-line-104-Sao_Paulo-242-2038937-36419267-0,5.1,-23.6740335,-46.7122325,,,,1,2023-06-15T14:11:45+00:00
SAO_637V-10,São Paulo,3550308,True,EMTU,104,https://moovitapp.com/index/pt-br/transporte_p%C3%BAblico-line-104-Sao_Paulo-242-2038937-36419267-0,5.1,-23.7382055,-46.6893095,,,,1,2023-06-15T14:11:51+00:00
SAO_637V-10,São Paulo,3550308,True,EMTU,104,https://moovitapp.com/index/pt-br/transporte_p%C3%BAblico-line-104-Sao_Paulo-242-2038937-36419267-0,5.1,-23.7383965,-46.6864375,,,,1,2023-06-15T14:11:46+00:00
SAO_637V-10,São Paulo,3550308,True,EMTU,104,https://moovitapp.com/index/pt-br/transporte_p%C3%BAblico-line-104-Sao_Paulo-242-2038937-36419267-0,5.1,-23.722518,-46.688628,,,,1,2023-06-15T14:12:04+00:00
SAO_637V-10,São Paulo,3550308,True,EMTU,104,https://moovitapp.com/index/pt-br/transporte_p%C3%BAblico-line-104-Sao_Paulo-242-2038937-36419267-0,5.1,-23.6886315,-46.701716,,,,1,2023-06-15T14:12:18+00:00
SAO_637V-10,São Paulo,3550308,True,EMTU,104,https://moovitapp.com/index/pt-br/transporte_p%C3%BAblico-line-104-Sao_Paulo-242-2038937-36419267-0,5.1,-23.66985675,-46.711535999999995,,,,1,2023-06-15T14:12:17+00:00
SAO_2719-10,São Paulo,3550308,True,,932,,,-23.49613925,-46.485310375,,,,1,2023-06-15T14:11:58+00:00
SAO_2719-10,São Paulo,3550308,True,,932,,,-23.493141,-46.474854750000006,,,,1,2023-06-15T14:12:01+00:00
SAO_2719-10,São Paulo,3550308,True,,932,,,-23.510844249999998,-46.508745000000005,,,,1,2023-06-15T14:12:14+00:00
SAO_2719-10,São Paulo,3550308,True,,932,,,-23.51992275,-46.524655749999994,,,,1,2023-06-15T14:12:16+00:00
SAO_2719-10,São Paulo,3550308,True,,932,,,-23.531472,-46.5291255,,,,1,2023-06-15T14:12:10+00:00
SAO_2719-10,São Paulo,3550308,True,,932,,,-23.496595749999997,-46.485659,,,,1,2023-06-15T14:11:49+00:00
SAO_2719-10,São Paulo,3550308,True,,932,,,-23.518179687499998,-46.523469375,,,,1,2023-06-15T14:12:16+00:00
SAO_2719-10,São Paulo,3550308,True,,932,,,-23.5113895,-46.502336,,,,1,2023-06-15T14:11:40+00:00
SAO_2719-10,São Paulo,3550308,True,,932,,,-23.531444999999998,-46.5293925,,,,1,2023-06-15T14:11:53+00:00
SAO_213E-10,São Paulo,3550308,True,,35266,,,-23.477516625,-46.564321375,,,,2,2023-06-15T14:12:20+00:00
SAO_213E-10,São Paulo,3550308,True,,35266,,,-23.5410465,-46.5898715,,,,2,2023-06-15T14:11:58+00:00
SAO_213E-10,São Paulo,3550308,True,,35266,,,-23.484405,-46.5781945,,,,2,2023-06-15T14:11:49+00:00
SAO_213E-10,São Paulo,3550308,True,,35266,,,-23.481941749999997,-46.57298675,,,,2,2023-06-15T14:07:33+00:00
SAO_6115-41,São Paulo,3550308,True,,2241,,,-23.742515,-46.6656395,,,,1,2023-06-15T14:11:54+00:00
SAO_4732-10,São Paulo,3550308,True,Rápido Campinas,302,https://moovitapp.com/index/pt-br/transporte_p%C3%BAblico-line-302-Sao_Paulo-242-858660-23262913-0,5.3,-23.620514,-46.6280965,,,,1,2023-06-15T14:12:04+00:00
SAO_4732-10,São Paulo,3550308,True,Rápido Campinas,302,https://moovitapp.com/index/pt-br/transporte_p%C3%BAblico-line-302-Sao_Paulo-242-858660-23262913-0,5.3,-23.631398750000002,-46.6143395,,,,1,2023-06-15T14:12:08+00:00
SAO_273N-10,São Paulo,3550308,True,,33158,,,-23.502428000000002,-46.384383,,,,2,2023-06-15T14:11:49+00:00
SAO_273N-10,São Paulo,3550308,True,,33158,,,-23.5046015,-46.367096,,,,2,2023-06-15T14:12:01+00:00
SAO_273N-10,São Paulo,3550308,True,,33158,,,-23.515555999999997,-46.463905,,,,2,2023-06-15T14:11:49+00:00
SAO_129F-41,São Paulo,3550308,True,,35073,,,-23.498175500000002,-46.7061365,,,,2,2023-06-15T14:11:40+00:00
SAO_701H-10,São Paulo,3550308,True,,35326,,,-23.705015250000002,-46.742442,,,,2,2023-06-15T14:11:51+00:00
SAO_5034-10,São Paulo,3550308,True,,1663,,,-23.629247,-46.60199475,,,,1,2023-06-15T14:11:35+00:00
SAO_5034-10,São Paulo,3550308,True,,1663,,,-23.619966749999996,-46.6014995,,,,1,2023-06-15T14:12:12+00:00
SAO_5034-10,São Paulo,3550308,True,,1663,,,-23.6457425,-46.5950055,,,,1,2023-06-15T14:11:41+00:00
SAO_809N-10,São Paulo,3550308,True,,2244,,,-23.551776250000003,-46.74080975,,,,1,2023-06-15T14:11:46+00:00
SAO_809N-10,São Paulo,3550308,True,,2244,,,-23.56772125,-46.758096249999994,,,,1,2023-06-15T14:11:47+00:00
SAO_875P-10,São Paulo,3550308,True,,1341,,,-23.581666,-46.6386555,,,,1,2023-06-15T14:12:15+00:00
SAO_875P-10,São Paulo,3550308,True,,1341,,,-23.53321175,-46.66163025,,,,1,2023-06-15T14:11:45+00:00
SAO_875P-10,São Paulo,3550308,True,,1341,,,-23.549114000000003,-46.674974500000005,,,,1,2023-06-15T14:12:18+00:00
SAO_875P-10,São Paulo,3550308,True,,1341,,,-23.559982625000004,-46.658242,,,,1,2023-06-15T14:12:05+00:00
SAO_209P-10,São Paulo,3550308,True,,34984,,,-23.5232625,-46.6676005,,,,2,2023-06-15T14:12:03+00:00
SAO_209P-10,São Paulo,3550308,True,,34984,,,-23.47223525,-46.670243,,,,2,2023-06-15T14:11:58+00:00
SAO_209P-10,São Paulo,3550308,True,,34984,,,-23.519329499999998,-46.674521,,,,2,2023-06-15T14:12:21+00:00
SAO_209P-10,São Paulo,3550308,True,,34984,,,-23.47277475,-46.6701725,,,,2,2023-06-15T14:12:04+00:00
SAO_209P-10,São Paulo,3550308,True,,34984,,,-23.47356075,-46.67007725,,,,2,2023-06-15T14:12:01+00:00
SAO_209P-10,São Paulo,3550308,True,,34984,,,-23.472988,-46.670319000000006,,,,2,2023-06-15T14:12:20+00:00
SAO_209P-10,São Paulo,3550308,True,,34984,,,-23.556728,-46.6827015,,,,2,2023-06-15T14:12:08+00:00
SAO_6422-10,São Paulo,3550308,True,,33129,,,-23.567678875000002,-46.659757,,,,2,2023-06-15T14:12:20+00:00
SAO_6422-10,São Paulo,3550308,True,,33129,,,-23.549774749999997,-46.642553250000006,,,,2,2023-06-15T14:11:53+00:00
SAO_6422-10,São Paulo,3550308,True,,33129,,,-23.633491,-46.698472,,,,2,2023-06-15T14:12:15+00:00
SAO_6422-10,São Paulo,3550308,True,,33129,,,-23.641471,-46.716970625,,,,2,2023-06-15T14:12:21+00:00
SAO_6422-10,São Paulo,3550308,True,,33129,,,-23.640591,-46.711721749999995,,,,2,2023-06-15T14:11:42+00:00
SAO_546J-10,São Paulo,3550308,True,,33901,,,-23.6725995,-46.6775145,,,,2,2023-06-15T14:12:19+00:00
SAO_546J-10,São Paulo,3550308,True,,33901,,,-23.67647675,-46.662813,,,,2,2023-06-15T14:12:19+00:00
SAO_546J-10,São Paulo,3550308,True,,33901,,,-23.691888,-46.6605995,,,,2,2023-06-15T14:12:05+00:00
SAO_546J-10,São Paulo,3550308,True,,33901,,,-23.653215125000003,-46.702096749999995,,,,2,2023-06-15T14:11:54+00:00
SAO_847J-10,São Paulo,3550308,True,,1342,,,-23.548802125,-46.73792374999999,,,,1,2023-06-15T14:11:58+00:00
SAO_847J-10,São Paulo,3550308,True,,1342,,,-23.521648499999998,-46.718697500000005,,,,1,2023-06-15T14:12:14+00:00
SAO_847J-10,São Paulo,3550308,True,,1342,,,-23.508279,-46.705783,,,,1,2023-06-15T14:11:54+00:00
SAO_847J-10,São Paulo,3550308,True,,1342,,,-23.447972999999998,-46.732623000000004,,,,1,2023-06-15T14:12:04+00:00
SAO_6072-10,São Paulo,3550308,True,,1588,,,-23.767025,-46.716373,,,,1,2023-06-15T14:11:56+00:00
SAO_6072-10,São Paulo,3550308,True,,1588,,,-23.827348,-46.69764012499999,,,,1,2023-06-15T14:11:48+00:00
SAO_6072-10,São Paulo,3550308,True,,1588,,,-23.767210499999997,-46.7163985,,,,1,2023-06-15T14:12:21+00:00
SAO_6072-10,São Paulo,3550308,True,,1588,,,-23.827404,-46.697334,,,,1,2023-06-15T14:12:19+00:00
SAO_6072-10,São Paulo,3550308,True,,1588,,,-23.781298,-46.7139595,,,,1,2023-06-15T14:12:06+00:00
SAO_6072-10,São Paulo,3550308,True,,1588,,,-23.773351875,-46.720543375000005,,,,1,2023-06-15T14:11:50+00:00
SAO_6072-10,São Paulo,3550308,True,,1588,,,-23.788801,-46.715255,,,,1,2023-06-15T14:11:48+00:00
SAO_6072-10,São Paulo,3550308,True,,1588,,,-23.821581000000002,-46.7042785,,,,1,2023-06-15T14:12:01+00:00
SAO_7281-10,São Paulo,3550308,True,,34102,,,-23.5216575,-46.7021335,,,,2,2023-06-15T14:12:04+00:00
SAO_7281-10,São Paulo,3550308,True,,34102,,,-23.531218250000002,-46.704431,,,,2,2023-06-15T14:12:17+00:00
SAO_2059-10,São Paulo,3550308,True,,33028,,,-23.4910335,-46.441784,,,,2,2023-06-15T14:12:13+00:00
SAO_2059-10,São Paulo,3550308,True,,33028,,,-23.491016,-46.441969,,,,2,2023-06-15T14:11:49+00:00
SAO_2059-10,São Paulo,3550308,True,,33028,,,-23.5428845,-46.410059000000004,,,,2,2023-06-15T14:12:05+00:00
SAO_2059-10,São Paulo,3550308,True,,33028,,,-23.514255,-46.425095999999996,,,,2,2023-06-15T14:11:44+00:00
SAO_2059-10,São Paulo,3550308,True,,33028,,,-23.5120495,-46.432227,,,,2,2023-06-15T14:11:49+00:00
SAO_476L-10,São Paulo,3550308,True,EMTU,262,https://moovitapp.com/index/pt-br/transporte_p%C3%BAblico-line-262-Sao_Paulo-242-2038937-36419372-0,5.2,-23.597293999999998,-46.6554255,,,,1,2023-06-15T14:12:18+00:00
SAO_748A-41,São Paulo,3550308,True,EMTU,499,https://moovitapp.com/index/pt-br/transporte_p%C3%BAblico-line-499-Sao_Paulo-242-2038937-36419524-0,5.4,-23.54419525,-46.7328195,,,,1,2023-06-15T14:12:17+00:00
SAO_748A-41,São Paulo,3550308,True,EMTU,499,https://moovitapp.com/index/pt-br/transporte_p%C3%BAblico-line-499-Sao_Paulo-242-2038937-36419524-0,5.4,-23.5890345,-46.737365499999996,,,,1,2023-06-15T14:12:11+00:00
SAO_6063-41,São Paulo,3550308,True,,1773,,,-23.767032,-46.7162295,,,,1,2023-06-15T14:11:53+00:00
SAO_6063-41,São Paulo,3550308,True,,1773,,,-23.7786855,-46.6923355,,,,1,2023-06-15T14:11:53+00:00
SAO_714C-10,São Paulo,3550308,True,,33255,,,-23.595202999999998,-46.788933,,,,2,2023-06-15T14:12:20+00:00
SAO_714C-10,São Paulo,3550308,True,,33255,,,-23.553594500000003,-46.674957500000005,,,,2,2023-06-15T14:12:01+00:00
SAO_714C-10,São Paulo,3550308,True,,33255,,,-23.586056499999998,-46.762819,,,,2,2023-06-15T14:11:58+00:00
SAO_8319-10,São Paulo,3550308,True,,476,,,-23.545834,-46.73451275,,,,1,2023-06-15T14:12:10+00:00
SAO_8319-10,São Paulo,3550308,True,,476,,,-23.5525265,-46.743382,,,,1,2023-06-15T14:11:42+00:00
SAO_8319-10,São Paulo,3550308,True,,476,,,-23.548241500000003,-46.759495,,,,1,2023-06-15T14:11:59+00:00
SAO_8319-10,São Paulo,3550308,True,,476,,,-23.52484175,-46.701406500000004,,,,1,2023-06-15T14:11:45+00:00
SAO_4221-10,São Paulo,3550308,True,,33093,,,-23.60548,-46.513875,,,,2,2023-06-15T14:11:37+00:00
SAO_4221-10,São Paulo,3550308,True,,33093,,,-23.5473415,-46.629296499999995,,,,2,2023-06-15T14:11:45+00:00
SAO_4221-10,São Paulo,3550308,True,,33093,,,-23.597107,-46.566068,,,,2,2023-06-15T14:11:57+00:00
SAO_1765-10,São Paulo,3550308,True,,34550,,,-23.472050499999998,-46.587659,,,,2,2023-06-15T14:12:06+00:00
SAO_1765-10,São Paulo,3550308,True,,34550,,,-23.465392375,-46.57932025,,,,2,2023-06-15T14:12:19+00:00
SAO_1765-10,São Paulo,3550308,True,,34550,,,-23.4671435,-46.566408,,,,2,2023-06-15T14:11:53+00:00
SAO_1765-10,São Paulo,3550308,True,,34550,,,-23.480598,-46.602716,,,,2,2023-06-15T14:11:59+00:00
SAO_274P-10,São Paulo,3550308,True,Grupo Vida,232,https://moovitapp.com/index/pt-br/transporte_p%C3%BAblico-line-232-Sao_Paulo-242-887112-748347-0,5.3,-23.521649500000002,-46.54576,,,,1,2023-06-15T14:12:14+00:00
SAO_274P-10,São Paulo,3550308,True,Grupo Vida,232,https://moovitapp.com/index/pt-br/transporte_p%C3%BAblico-line-232-Sao_Paulo-242-887112-748347-0,5.3,-23.553483999999997,-46.623046,,,,1,2023-06-15T14:11:41+00:00
SAO_274P-10,São Paulo,3550308,True,Grupo Vida,232,https://moovitapp.com/index/pt-br/transporte_p%C3%BAblico-line-232-Sao_Paulo-242-887112-748347-0,5.3,-23.5529335,-46.61557,,,,1,2023-06-15T14:11:44+00:00
SAO_274P-10,São Paulo,3550308,True,Grupo Vida,232,https://moovitapp.com/index/pt-br/transporte_p%C3%BAblico-line-232-Sao_Paulo-242-887112-748347-0,5.3,-23.538661,-46.6044205,,,,1,2023-06-15T14:11:49+00:00
SAO_311C-10,São Paulo,3550308,True,,33077,,,-23.595524500000003,-46.5551765,,,,2,2023-06-15T14:12:21+00:00
SAO_311C-10,São Paulo,3550308,True,,33077,,,-23.54130125,-46.607457249999996,,,,2,2023-06-15T14:12:14+00:00
SAO_311C-10,São Paulo,3550308,True,,33077,,,-23.519177,-46.647842,,,,2,2023-06-15T14:12:12+00:00
SAO_311C-10,São Paulo,3550308,True,,33077,,,-23.537926874999997,-46.618530125,,,,2,2023-06-15T14:12:19+00:00
SAO_311C-10,São Paulo,3550308,True,,33077,,,-23.535777000000003,-46.641333,,,,2,2023-06-15T14:11:59+00:00
SAO_3139-10,São Paulo,3550308,True,,33763,,,-23.55607175,-46.581324499999994,,,,2,2023-06-15T14:11:52+00:00
SAO_3139-10,São Paulo,3550308,True,,33763,,,-23.5675965,-46.523500999999996,,,,2,2023-06-15T14:12:06+00:00
SAO_6L01-10,São Paulo,3550308,True,,1171,,,-23.82240775,-46.735719687499994,,,,1,2023-06-15T14:12:19+00:00
SAO_6L01-10,São Paulo,3550308,True,,1171,,,-23.871236500000002,-46.7379805,,,,1,2023-06-15T14:11:57+00:00
SAO_6L01-10,São Paulo,3550308,True,,1171,,,-23.768802,-46.71633,,,,1,2023-06-15T14:11:52+00:00
SAO_6L01-10,São Paulo,3550308,True,,1171,,,-23.7766115,-46.723039,,,,1,2023-06-15T14:12:01+00:00
SAO_2020-10,São Paulo,3550308,True,,35030,,,-23.4593665,-46.632753,,,,2,2023-06-15T14:07:56+00:00
SAO_2020-10,São Paulo,3550308,True,,35030,,,-23.4662005,-46.603466,,,,2,2023-06-15T14:11:50+00:00
SAO_9191-21,São Paulo,3550308,True,,34725,,,-23.524153,-46.644054,,,,2,2023-06-15T14:12:18+00:00
SAO_4003-10,São Paulo,3550308,True,,34927,,,-23.574084,-46.39846300000001,,,,2,2023-06-15T14:11:46+00:00
SAO_4003-10,São Paulo,3550308,True,,34927,,,-23.574084,-46.39846300000001,,,,2,2023-06-15T14:11:40+00:00
SAO_4003-10,São Paulo,3550308,True,,34927,,,-23.533742750000002,-46.429751374999995,,,,2,2023-06-15T14:11:15+00:00
SAO_4003-10,São Paulo,3550308,True,,34927,,,-23.5351835,-46.454012000000006,,,,2,2023-06-15T14:12:15+00:00
SAO_4003-10,São Paulo,3550308,True,,34927,,,-23.568029499999998,-46.409910499999995,,,,2,2023-06-15T14:12:14+00:00
SAO_8000-10,São Paulo,3550308,True,,1273,,,-23.520449499999998,-46.6996115,,,,1,2023-06-15T14:11:54+00:00
SAO_8000-10,São Paulo,3550308,True,,1273,,,-23.52501625,-46.685184250000006,,,,1,2023-06-15T14:12:09+00:00
SAO_8000-10,São Paulo,3550308,True,,1273,,,-23.5392585,-46.645940249999995,,,,1,2023-06-15T14:12:13+00:00
SAO_1756-10,São Paulo,3550308,True,,547,,,-23.501071500000002,-46.6259735,,,,1,2023-06-15T14:12:14+00:00
SAO_1756-10,São Paulo,3550308,True,,547,,,-23.4694165,-46.6462725,,,,1,2023-06-15T14:12:11+00:00
SAO_1756-10,São Paulo,3550308,True,,547,,,-23.47937675,-46.63257825,,,,1,2023-06-15T14:11:58+00:00
SAO_1756-10,São Paulo,3550308,True,,547,,,-23.477774500000002,-46.633253249999996,,,,1,2023-06-15T14:11:41+00:00
SAO_5025-10,São Paulo,3550308,True,,34332,,,-23.603224,-46.542550750000004,,,,2,2023-06-15T14:12:11+00:00
SAO_5025-10,São Paulo,3550308,True,,34332,,,-23.6068425,-46.579948,,,,2,2023-06-15T14:12:05+00:00
SAO_5025-10,São Paulo,3550308,True,,34332,,,-23.60295,-46.54262025,,,,2,2023-06-15T14:11:57+00:00
SAO_5025-10,São Paulo,3550308,True,,34332,,,-23.5976405,-46.560338,,,,2,2023-06-15T14:12:05+00:00
SAO_5025-10,São Paulo,3550308,True,,34332,,,-23.5963995,-46.5774675,,,,2,2023-06-15T14:12:13+00:00
SAO_6291-10,São Paulo,3550308,True,,33126,,,-23.618911,-46.7133515,,,,2,2023-06-15T14:12:21+00:00
SAO_6291-10,São Paulo,3550308,True,,33126,,,-23.5706045,-46.6626015,,,,2,2023-06-15T14:11:40+00:00
SAO_6291-10,São Paulo,3550308,True,,33126,,,-23.639899999999997,-46.7367985,,,,2,2023-06-15T14:12:16+00:00
SAO_6291-10,São Paulo,3550308,True,,33126,,,-23.5509225,-46.64522875,,,,2,2023-06-15T14:12:12+00:00
SAO_4019-10,São Paulo,3550308,True,,35292,,,-23.54629875,-46.470483,,,,2,2023-06-15T14:11:54+00:00
SAO_4019-10,São Paulo,3550308,True,,35292,,,-23.548913,-46.473406499999996,,,,2,2023-06-15T14:12:18+00:00
SAO_8700-1,São Paulo,3550308,True,,2508,,,-23.605860999999997,-46.7470555,,,,1,2023-06-15T14:08:33+00:00
SAO_8700-1,São Paulo,3550308,True,,2508,,,-23.604575,-46.745453999999995,,,,1,2023-06-15T14:12:01+00:00
SAO_8700-1,São Paulo,3550308,True,,2508,,,-23.6178785,-46.7583855,,,,1,2023-06-15T14:11:45+00:00
SAO_8700-1,São Paulo,3550308,True,,2508,,,-23.6304685,-46.773606,,,,1,2023-06-15T14:11:39+00:00
SAO_8700-1,São Paulo,3550308,True,,2508,,,-23.548316375,-46.649981625,,,,1,2023-06-15T14:12:12+00:00
SAO_8700-1,São Paulo,3550308,True,,2508,,,-23.5770875,-46.70783025,,,,1,2023-06-15T14:12:04+00:00
SAO_407T-10,São Paulo,3550308,True,,34970,,,-23.532935000000002,-46.4407205,,,,2,2023-06-15T14:12:14+00:00
SAO_7057-10,São Paulo,3550308,True,,34665,,,-23.64922775,-46.78505225,,,,2,2023-06-15T14:11:48+00:00
SAO_7057-10,São Paulo,3550308,True,,34665,,,-23.64154275,-46.7845795,,,,2,2023-06-15T14:11:48+00:00
SAO_7057-10,São Paulo,3550308,True,,34665,,,-23.64922775,-46.78505225,,,,2,2023-06-15T14:11:45+00:00
SAO_574A-10,São Paulo,3550308,True,,33370,,,-23.61845,-46.6392775,,,,2,2023-06-15T14:11:54+00:00
SAO_574A-10,São Paulo,3550308,True,,33370,,,-23.586989499999998,-46.63333025,,,,2,2023-06-15T14:11:40+00:00
SAO_574A-10,São Paulo,3550308,True,,33370,,,-23.643800749999997,-46.641321,,,,2,2023-06-15T14:09:31+00:00
SAO_574A-10,São Paulo,3550308,True,,33370,,,-23.627548125,-46.643055875,,,,2,2023-06-15T14:12:01+00:00
SAO_574A-10,São Paulo,3550308,True,,33370,,,-23.5846165,-46.62772325,,,,2,2023-06-15T14:11:59+00:00
SAO_574A-10,São Paulo,3550308,True,,33370,,,-23.564082499999998,-46.620993999999996,,,,2,2023-06-15T14:12:09+00:00
SAO_574A-10,São Paulo,3550308,True,,33370,,,-23.651840999999997,-46.6380705,,,,2,2023-06-15T14:11:58+00:00
SAO_278A-10,São Paulo,3550308,True,,706,,,-23.535124,-46.5762615,,,,1,2023-06-15T14:12:03+00:00
SAO_278A-10,São Paulo,3550308,True,,706,,,-23.52355925,-46.5462585,,,,1,2023-06-15T14:11:57+00:00
SAO_278A-10,São Paulo,3550308,True,,706,,,-23.520126,-46.624500999999995,,,,1,2023-06-15T14:11:53+00:00
SAO_253F-10,São Paulo,3550308,True,,32926,,,-23.56664525,-46.44654975,,,,2,2023-06-15T14:10:46+00:00
SAO_253F-10,São Paulo,3550308,True,,32926,,,-23.5153105,-46.46291,,,,2,2023-06-15T14:12:00+00:00
SAO_253F-10,São Paulo,3550308,True,,32926,,,-23.517572,-46.475783,,,,2,2023-06-15T14:12:09+00:00
SAO_253F-10,São Paulo,3550308,True,,32926,,,-23.606507999999998,-46.471641250000005,,,,2,2023-06-15T14:12:09+00:00
SAO_8215-10,São Paulo,3550308,True,,574,,,-23.506884499999998,-46.6726815,,,,1,2023-06-15T14:12:02+00:00
SAO_8215-10,São Paulo,3550308,True,,574,,,-23.461478,-46.7084365,,,,1,2023-06-15T14:11:52+00:00
SAO_8215-10,São Paulo,3550308,True,,574,,,-23.54222525,-46.6382325,,,,1,2023-06-15T14:12:07+00:00
SAO_8215-10,São Paulo,3550308,True,,574,,,-23.468989,-46.696481500000004,,,,1,2023-06-15T14:11:39+00:00
SAO_8215-10,São Paulo,3550308,True,,574,,,-23.5040555,-46.683237500000004,,,,1,2023-06-15T14:11:56+00:00
SAO_8215-10,São Paulo,3550308,True,,574,,,-23.528603,-46.6610195,,,,1,2023-06-15T14:12:11+00:00
SAO_8215-10,São Paulo,3550308,True,,574,,,-23.5421285,-46.636072,,,,1,2023-06-15T14:12:15+00:00
SAO_6L10-41,São Paulo,3550308,True,,34773,,,-23.759415,-46.7500255,,,,2,2023-06-15T14:12:05+00:00
SAO_6L10-41,São Paulo,3550308,True,,34773,,,-23.7878855,-46.765459,,,,2,2023-06-15T14:06:54+00:00
SAO_6L10-41,São Paulo,3550308,True,,34773,,,-23.7880685,-46.765596,,,,2,2023-06-15T14:11:46+00:00
SAO_1742-10,São Paulo,3550308,True,EMTU,542,https://moovitapp.com/index/pt-br/transporte_p%C3%BAblico-line-542-Sao_Paulo-242-2038937-59914572-0,5.4,-23.49390775,-46.626114,,,,1,2023-06-15T14:11:56+00:00
SAO_1742-10,São Paulo,3550308,True,EMTU,542,https://moovitapp.com/index/pt-br/transporte_p%C3%BAblico-line-542-Sao_Paulo-242-2038937-59914572-0,5.4,-23.470169499999997,-46.637637999999995,,,,1,2023-06-15T14:12:06+00:00
SAO_1742-10,São Paulo,3550308,True,EMTU,542,https://moovitapp.com/index/pt-br/transporte_p%C3%BAblico-line-542-Sao_Paulo-242-2038937-59914572-0,5.4,-23.4570255,-46.661734499999994,,,,1,2023-06-15T14:12:13+00:00
SAO_1742-10,São Paulo,3550308,True,EMTU,542,https://moovitapp.com/index/pt-br/transporte_p%C3%BAblico-line-542-Sao_Paulo-242-2038937-59914572-0,5.4,-23.504123625000002,-46.625460249999996,,,,1,2023-06-15T14:12:16+00:00
SAO_8073-10,São Paulo,3550308,True,,2081,,,-23.586578125000003,-46.753012125,,,,1,2023-06-15T14:12:02+00:00
SAO_8073-10,São Paulo,3550308,True,,2081,,,-23.594969,-46.7682965,,,,1,2023-06-15T14:11:40+00:00
SAO_8073-10,São Paulo,3550308,True,,2081,,,-23.59203575,-46.735672,,,,1,2023-06-15T14:11:38+00:00
SAO_5164-21,São Paulo,3550308,True,,34384,,,-23.596769000000002,-46.646705374999996,,,,2,2023-06-15T14:11:55+00:00
SAO_5164-21,São Paulo,3550308,True,,34384,,,-23.635889,-46.6414665,,,,2,2023-06-15T14:12:09+00:00
SAO_5164-21,São Paulo,3550308,True,,34384,,,-23.642553999999997,-46.6508685,,,,2,2023-06-15T14:11:39+00:00
SAO_4708-10,São Paulo,3550308,True,,33100,,,-23.593193,-46.634358000000006,,,,2,2023-06-15T14:11:49+00:00
SAO_4708-10,São Paulo,3550308,True,,33100,,,-23.639317499999997,-46.607468,,,,2,2023-06-15T14:11:55+00:00
SAO_4708-10,São Paulo,3550308,True,,33100,,,-23.609352,-46.61279825,,,,2,2023-06-15T14:11:56+00:00
SAO_172X-10,São Paulo,3550308,True,,33629,,,-23.504942874999998,-46.566456124999995,,,,2,2023-06-15T14:10:20+00:00
SAO_172X-10,São Paulo,3550308,True,,33629,,,-23.52406875,-46.567310750000004,,,,2,2023-06-15T14:11:39+00:00
SAO_172X-10,São Paulo,3550308,True,,33629,,,-23.523745499999997,-46.5583965,,,,2,2023-06-15T14:09:45+00:00
SAO_172X-10,São Paulo,3550308,True,,33629,,,-23.516526,-46.56781,,,,2,2023-06-15T14:12:01+00:00
SAO_172X-10,São Paulo,3550308,True,,33629,,,-23.504903,-46.5672395,,,,2,2023-06-15T14:09:13+00:00
SAO_172X-10,São Paulo,3550308,True,,33629,,,-23.5263965,-46.56380325,,,,2,2023-06-15T14:10:05+00:00
SAO_172X-10,São Paulo,3550308,True,,33629,,,-23.522757,-46.564029500000004,,,,2,2023-06-15T14:11:54+00:00
SAO_172X-10,São Paulo,3550308,True,,33629,,,-23.504231249999997,-46.56582875,,,,2,2023-06-15T14:11:22+00:00
SAO_2767-10,São Paulo,3550308,True,,33009,,,-23.511281500000003,-46.5025315,,,,2,2023-06-15T14:12:01+00:00
SAO_6822-10,São Paulo,3550308,True,Del Rey,22,https://moovitapp.com/index/pt-br/transporte_p%C3%BAblico-line-22-Sao_Paulo-242-868760-496394-0,4.5,-23.6591795,-46.77471250000001,,,,1,2023-06-15T14:11:40+00:00
SAO_6822-10,São Paulo,3550308,True,Del Rey,22,https://moovitapp.com/index/pt-br/transporte_p%C3%BAblico-line-22-Sao_Paulo-242-868760-496394-0,4.5,-23.6539115,-46.789851999999996,,,,1,2023-06-15T14:11:51+00:00
SAO_6822-10,São Paulo,3550308,True,Del Rey,22,https://moovitapp.com/index/pt-br/transporte_p%C3%BAblico-line-22-Sao_Paulo-242-868760-496394-0,4.5,-23.6395135,-46.780288,,,,1,2023-06-15T14:12:21+00:00
SAO_6822-10,São Paulo,3550308,True,Del Rey,22,https://moovitapp.com/index/pt-br/transporte_p%C3%BAblico-line-22-Sao_Paulo-242-868760-496394-0,4.5,-23.659836,-46.7703075,,,,1,2023-06-15T14:11:49+00:00
SAO_6822-10,São Paulo,3550308,True,Del Rey,22,https://moovitapp.com/index/pt-br/transporte_p%C3%BAblico-line-22-Sao_Paulo-242-868760-496394-0,4.5,-23.6566405,-46.776344,,,,1,2023-06-15T14:12:10+00:00
SAO_6822-10,São Paulo,3550308,True,Del Rey,22,https://moovitapp.com/index/pt-br/transporte_p%C3%BAblico-line-22-Sao_Paulo-242-868760-496394-0,4.5,-23.654044,-46.7630505,,,,1,2023-06-15T14:12:00+00:00
SAO_6016-41,São Paulo,3550308,True,,1706,,,-23.735033875,-46.694067875,,,,1,2023-06-15T14:12:23+00:00
SAO_6016-41,São Paulo,3550308,True,,1706,,,-23.748095499999998,-46.68762275,,,,1,2023-06-15T14:12:17+00:00
SAO_6016-41,São Paulo,3550308,True,,1706,,,-23.76762,-46.681449125,,,,1,2023-06-15T14:11:58+00:00
SAO_6016-41,São Paulo,3550308,True,,1706,,,-23.736172000000003,-46.696405,,,,1,2023-06-15T14:11:58+00:00
SAO_4014-10,São Paulo,3550308,True,,2187,,,-23.594245,-46.482181,,,,1,2023-06-15T14:12:11+00:00
SAO_4014-10,São Paulo,3550308,True,,2187,,,-23.609278500000002,-46.4592115,,,,1,2023-06-15T14:11:38+00:00
SAO_4014-10,São Paulo,3550308,True,,2187,,,-23.570831,-46.506951875,,,,1,2023-06-15T14:12:08+00:00
SAO_1759-10,São Paulo,3550308,True,,33321,,,-23.462308999999998,-46.659564,,,,2,2023-06-15T14:11:59+00:00
SAO_1759-10,São Paulo,3550308,True,,33321,,,-23.459585249999996,-46.6485335,,,,2,2023-06-15T14:11:49+00:00
SAO_1759-10,São Paulo,3550308,True,,33321,,,-23.471283,-46.62984,,,,2,2023-06-15T14:11:45+00:00
SAO_1759-10,São Paulo,3550308,True,,33321,,,-23.501340499999998,-46.624582000000004,,,,2,2023-06-15T14:12:09+00:00
SAO_1759-10,São Paulo,3550308,True,,33321,,,-23.502099,-46.62419250000001,,,,2,2023-06-15T14:11:44+00:00
SAO_2100-10,São Paulo,3550308,True,,33481,,,-23.555129625,-46.593239374999996,,,,2,2023-06-15T14:11:47+00:00
SAO_2100-10,São Paulo,3550308,True,,33481,,,-23.567639,-46.541397,,,,2,2023-06-15T14:12:03+00:00
SAO_2100-10,São Paulo,3550308,True,,33481,,,-23.566314125,-46.544446625,,,,2,2023-06-15T14:12:02+00:00
SAO_2100-10,São Paulo,3550308,True,,33481,,,-23.561529999999998,-46.56333,,,,2,2023-06-15T14:12:22+00:00
SAO_2100-10,São Paulo,3550308,True,,33481,,,-23.548256000000002,-46.618879,,,,2,2023-06-15T14:12:19+00:00
SAO_2100-10,São Paulo,3550308,True,,33481,,,-23.5517535,-46.632543999999996,,,,2,2023-06-15T14:12:21+00:00
SAO_2100-10,São Paulo,3550308,True,,33481,,,-23.5583985,-46.523131,,,,2,2023-06-15T14:11:41+00:00
SAO_2100-10,São Paulo,3550308,True,,33481,,,-23.55802025,-46.591345625,,,,2,2023-06-15T14:12:02+00:00
SAO_2100-10,São Paulo,3550308,True,,33481,,,-23.558281,-46.523303,,,,2,2023-06-15T14:11:40+00:00
SAO_2100-10,São Paulo,3550308,True,,33481,,,-23.5580275,-46.523286999999996,,,,2,2023-06-15T14:11:41+00:00
SAO_2100-10,São Paulo,3550308,True,,33481,,,-23.5632235,-46.554036249999996,,,,2,2023-06-15T14:11:44+00:00
SAO_2100-10,São Paulo,3550308,True,,33481,,,-23.559779,-46.5874285,,,,2,2023-06-15T14:11:46+00:00
SAO_2100-10,São Paulo,3550308,True,,33481,,,-23.558325,-46.523238500000005,,,,2,2023-06-15T14:11:53+00:00
SAO_2100-10,São Paulo,3550308,True,,33481,,,-23.560973875000002,-46.564498,,,,2,2023-06-15T14:12:01+00:00
SAO_2100-10,São Paulo,3550308,True,,33481,,,-23.555413375,-46.593389625,,,,2,2023-06-15T14:11:40+00:00
SAO_6970-10,São Paulo,3550308,True,,1505,,,-23.737581499999997,-46.697899500000005,,,,1,2023-06-15T14:11:53+00:00
SAO_6970-10,São Paulo,3550308,True,,1505,,,-23.737581499999997,-46.697899500000005,,,,1,2023-06-15T14:12:07+00:00
SAO_6970-10,São Paulo,3550308,True,,1505,,,-23.737581499999997,-46.697899500000005,,,,1,2023-06-15T14:11:41+00:00
SAO_6970-10,São Paulo,3550308,True,,1505,,,-23.737581499999997,-46.697899500000005,,,,1,2023-06-15T14:12:08+00:00
SAO_6970-10,São Paulo,3550308,True,,1505,,,-23.66088375,-46.71217925,,,,1,2023-06-15T14:12:11+00:00
SAO_6970-10,São Paulo,3550308,True,,1505,,,-23.673554375000002,-46.712203625,,,,1,2023-06-15T14:11:56+00:00
SAO_6970-10,São Paulo,3550308,True,,1505,,,-23.70768725,-46.7126435,,,,1,2023-06-15T14:11:49+00:00
SAO_8010-21,São Paulo,3550308,True,,34505,,,-23.42738025,-46.72517325,,,,2,2023-06-15T14:11:57+00:00
SAO_1741-10,São Paulo,3550308,True,,33307,,,-23.50036675,-46.62596025,,,,2,2023-06-15T14:12:05+00:00
SAO_1741-10,São Paulo,3550308,True,,33307,,,-23.4930305,-46.6328465,,,,2,2023-06-15T14:12:09+00:00
SAO_1741-10,São Paulo,3550308,True,,33307,,,-23.4751325,-46.6512695,,,,2,2023-06-15T14:12:07+00:00
SAO_1741-10,São Paulo,3550308,True,,33307,,,-23.4647525,-46.6632075,,,,2,2023-06-15T14:12:13+00:00
SAO_1741-10,São Paulo,3550308,True,,33307,,,-23.5022175,-46.624197499999994,,,,2,2023-06-15T14:11:53+00:00
SAO_1741-10,São Paulo,3550308,True,,33307,,,-23.485021000000003,-46.6463705,,,,2,2023-06-15T14:11:57+00:00
SAO_1786-10,São Paulo,3550308,True,,649,,,-23.494260500000003,-46.6248475,,,,1,2023-06-15T14:11:48+00:00
SAO_1786-10,São Paulo,3550308,True,,649,,,-23.45376775,-46.607023,,,,1,2023-06-15T14:12:02+00:00
SAO_1786-10,São Paulo,3550308,True,,649,,,-23.4752545,-46.619263000000004,,,,1,2023-06-15T14:12:16+00:00
SAO_1786-10,São Paulo,3550308,True,,649,,,-23.455313500000003,-46.614382500000005,,,,1,2023-06-15T14:12:04+00:00
SAO_771P-10,São Paulo,3550308,True,,33274,,,-23.584966,-46.766254,,,,2,2023-06-15T14:11:54+00:00
SAO_6063-10,São Paulo,3550308,True,,33920,,,-23.783673,-46.6827105,,,,2,2023-06-15T14:12:02+00:00
SAO_6063-10,São Paulo,3550308,True,,33920,,,-23.783823750000003,-46.68278600000001,,,,2,2023-06-15T14:12:03+00:00
SAO_6063-10,São Paulo,3550308,True,,33920,,,-23.783673,-46.6827105,,,,2,2023-06-15T14:11:51+00:00
SAO_6063-10,São Paulo,3550308,True,,33920,,,-23.783673,-46.6827105,,,,2,2023-06-15T14:11:55+00:00
SAO_6063-10,São Paulo,3550308,True,,33920,,,-23.783673,-46.6827105,,,,2,2023-06-15T14:11:44+00:00
SAO_6063-10,São Paulo,3550308,True,,33920,,,-23.783673,-46.6827105,,,,2,2023-06-15T14:12:18+00:00
SAO_6063-10,São Paulo,3550308,True,,33920,,,-23.766647,-46.716179,,,,2,2023-06-15T14:12:02+00:00
SAO_6063-10,São Paulo,3550308,True,,33920,,,-23.783673,-46.6827105,,,,2,2023-06-15T14:07:10+00:00
SAO_6063-10,São Paulo,3550308,True,,33920,,,-23.783823750000003,-46.68278600000001,,,,2,2023-06-15T14:11:50+00:00
SAO_6063-10,São Paulo,3550308,True,,33920,,,-23.783673,-46.6827105,,,,2,2023-06-15T14:11:45+00:00
SAO_6063-10,São Paulo,3550308,True,,33920,,,-23.783673,-46.6827105,,,,2,2023-06-15T14:12:12+00:00
SAO_8077-10,São Paulo,3550308,True,,2050,,,-23.59181125,-46.73579,,,,1,2023-06-15T14:11:57+00:00
SAO_8077-10,São Paulo,3550308,True,,2050,,,-23.588268,-46.7654955,,,,1,2023-06-15T14:12:03+00:00
SAO_172K-10,São Paulo,3550308,True,,857,,,-23.5268725,-46.5765085,,,,1,2023-06-15T14:12:16+00:00
SAO_172K-10,São Paulo,3550308,True,,857,,,-23.4798715,-46.5902615,,,,1,2023-06-15T14:11:40+00:00
SAO_172K-10,São Paulo,3550308,True,,857,,,-23.46196475,-46.60291125,,,,1,2023-06-15T14:12:04+00:00
SAO_172K-10,São Paulo,3550308,True,,857,,,-23.456629,-46.601509,,,,1,2023-06-15T14:12:08+00:00
SAO_172K-10,São Paulo,3550308,True,,857,,,-23.5268455,-46.576276500000006,,,,1,2023-06-15T14:11:39+00:00
SAO_172K-10,São Paulo,3550308,True,,857,,,-23.476336,-46.5952705,,,,1,2023-06-15T14:12:15+00:00
SAO_172K-10,São Paulo,3550308,True,,857,,,-23.5066865,-46.5957705,,,,1,2023-06-15T14:11:59+00:00
SAO_172K-10,São Paulo,3550308,True,,857,,,-23.47611975,-46.609401250000005,,,,1,2023-06-15T14:11:39+00:00
SAO_172K-10,São Paulo,3550308,True,,857,,,-23.520619625000002,-46.591565875,,,,1,2023-06-15T14:11:42+00:00
SAO_6L10-10,São Paulo,3550308,True,,1159,,,-23.7931755,-46.7289665,,,,1,2023-06-15T14:11:45+00:00
SAO_6L10-10,São Paulo,3550308,True,,1159,,,-23.767440999999998,-46.716431,,,,1,2023-06-15T14:12:17+00:00
SAO_6L10-10,São Paulo,3550308,True,,1159,,,-23.767440999999998,-46.716431,,,,1,2023-06-15T14:11:50+00:00
SAO_8019-10,São Paulo,3550308,True,,2071,,,-23.57266825,-46.738367749999995,,,,1,2023-06-15T14:12:06+00:00
SAO_8019-10,São Paulo,3550308,True,,2071,,,-23.545834,-46.75603875,,,,1,2023-06-15T14:12:03+00:00
SAO_2021-10,São Paulo,3550308,True,,906,,,-23.53750675,-46.40020525,,,,1,2023-06-15T14:11:41+00:00
SAO_2021-10,São Paulo,3550308,True,,906,,,-23.542704,-46.413382,,,,1,2023-06-15T14:10:28+00:00
SAO_2021-10,São Paulo,3550308,True,,906,,,-23.54115575,-46.39248875,,,,1,2023-06-15T14:12:09+00:00
SAO_2021-10,São Paulo,3550308,True,,906,,,-23.542830000000002,-46.40196924999999,,,,1,2023-06-15T14:11:42+00:00
SAO_2021-10,São Paulo,3550308,True,,906,,,-23.5443145,-46.389241999999996,,,,1,2023-06-15T14:10:32+00:00
SAO_2105-10,São Paulo,3550308,True,,2247,,,-23.435150999999998,-46.581629,,,,1,2023-06-15T14:12:18+00:00
SAO_2105-10,São Paulo,3550308,True,,2247,,,-23.512515,-46.6251575,,,,1,2023-06-15T14:12:08+00:00
SAO_2105-10,São Paulo,3550308,True,,2247,,,-23.456634,-46.6017545,,,,1,2023-06-15T14:12:03+00:00
SAO_2105-10,São Paulo,3550308,True,,2247,,,-23.523996500000003,-46.6255045,,,,1,2023-06-15T14:11:50+00:00
SAO_8072-10,São Paulo,3550308,True,,34847,,,-23.5857665,-46.723943,,,,2,2023-06-15T14:11:57+00:00
SAO_8072-10,São Paulo,3550308,True,,34847,,,-23.643324,-46.763181,,,,2,2023-06-15T14:11:59+00:00
SAO_8072-10,São Paulo,3550308,True,,34847,,,-23.6423545,-46.7659975,,,,2,2023-06-15T14:11:43+00:00
SAO_8072-10,São Paulo,3550308,True,,34847,,,-23.624746000000002,-46.76548475,,,,2,2023-06-15T14:12:15+00:00
SAO_8072-10,São Paulo,3550308,True,,34847,,,-23.5857665,-46.723943,,,,2,2023-06-15T14:12:01+00:00
SAO_8072-10,São Paulo,3550308,True,,34847,,,-23.607095,-46.751127,,,,2,2023-06-15T14:12:08+00:00
SAO_4727-10,São Paulo,3550308,True,,33108,,,-23.611452,-46.636671,,,,2,2023-06-15T14:12:02+00:00
SAO_4727-10,São Paulo,3550308,True,,33108,,,-23.635216,-46.615286499999996,,,,2,2023-06-15T14:11:39+00:00
SAO_4727-10,São Paulo,3550308,True,,33108,,,-23.638268,-46.608056,,,,2,2023-06-15T14:11:59+00:00
SAO_748A-41,São Paulo,3550308,True,,33267,,,-23.531752,-46.7171865,,,,2,2023-06-15T14:12:23+00:00
SAO_748A-41,São Paulo,3550308,True,,33267,,,-23.5970595,-46.750583,,,,2,2023-06-15T14:12:11+00:00
SAO_2725-10,São Paulo,3550308,True,,939,,,-23.5053695,-46.4669645,,,,1,2023-06-15T14:11:45+00:00
SAO_2725-10,São Paulo,3550308,True,,939,,,-23.530268375,-46.473850625,,,,1,2023-06-15T14:12:15+00:00
SAO_2725-10,São Paulo,3550308,True,,939,,,-23.5230935,-46.4710595,,,,1,2023-06-15T14:12:03+00:00
SAO_2725-10,São Paulo,3550308,True,,939,,,-23.5083075,-46.4711215,,,,1,2023-06-15T14:12:20+00:00
SAO_2725-10,São Paulo,3550308,True,,939,,,-23.510603,-46.468389,,,,1,2023-06-15T14:12:19+00:00
SAO_2725-10,São Paulo,3550308,True,,939,,,-23.5388255,-46.480726000000004,,,,1,2023-06-15T14:11:42+00:00
SAO_702C-10,São Paulo,3550308,True,,33253,,,-23.557931500000002,-46.667739,,,,2,2023-06-15T14:12:09+00:00
SAO_702C-10,São Paulo,3550308,True,,33253,,,-23.570996375,-46.74430525,,,,2,2023-06-15T14:11:53+00:00
SAO_702C-10,São Paulo,3550308,True,,33253,,,-23.541068499999998,-46.595891124999994,,,,2,2023-06-15T14:11:45+00:00
SAO_702C-10,São Paulo,3550308,True,,33253,,,-23.542428,-46.589980499999996,,,,2,2023-06-15T14:12:16+00:00
SAO_702C-10,São Paulo,3550308,True,,33253,,,-23.5742965,-46.7066875,,,,2,2023-06-15T14:12:21+00:00
SAO_702C-10,São Paulo,3550308,True,,33253,,,-23.539747,-46.636518499999994,,,,2,2023-06-15T14:12:04+00:00
SAO_702C-10,São Paulo,3550308,True,,33253,,,-23.54167475,-46.6280045,,,,2,2023-06-15T14:11:45+00:00
SAO_2023-41,São Paulo,3550308,True,,35307,,,-23.465352000000003,-46.6037415,,,,2,2023-06-15T14:12:15+00:00
SAO_4056-10,São Paulo,3550308,True,,2237,,,-23.596109,-46.454237375,,,,1,2023-06-15T14:12:04+00:00
SAO_4056-10,São Paulo,3550308,True,,2237,,,-23.607075000000002,-46.4513815,,,,1,2023-06-15T14:12:15+00:00
SAO_4056-10,São Paulo,3550308,True,,2237,,,-23.611646,-46.476250500000006,,,,1,2023-06-15T14:12:10+00:00
SAO_4056-10,São Paulo,3550308,True,,2237,,,-23.606942,-46.4511915,,,,1,2023-06-15T14:12:05+00:00
SAO_4056-10,São Paulo,3550308,True,,2237,,,-23.607075000000002,-46.4513815,,,,1,2023-06-15T14:12:06+00:00
SAO_4056-10,São Paulo,3550308,True,,2237,,,-23.609756249999997,-46.46421475,,,,1,2023-06-15T14:11:43+00:00
SAO_7052-10,São Paulo,3550308,True,,34654,,,-23.6361275,-46.777404,,,,2,2023-06-15T14:12:11+00:00
SAO_7052-10,São Paulo,3550308,True,,34654,,,-23.6525575,-46.773193,,,,2,2023-06-15T14:11:54+00:00
SAO_7052-10,São Paulo,3550308,True,,34654,,,-23.6525575,-46.773193,,,,2,2023-06-15T14:11:55+00:00
SAO_7052-10,São Paulo,3550308,True,,34654,,,-23.6510435,-46.776185,,,,2,2023-06-15T14:12:15+00:00
SAO_6002-10,São Paulo,3550308,True,,34747,,,-23.70916425,-46.69858725,,,,2,2023-06-15T14:11:39+00:00
SAO_6002-10,São Paulo,3550308,True,,34747,,,-23.687144500000002,-46.68091,,,,2,2023-06-15T14:12:04+00:00
SAO_2678-41,São Paulo,3550308,True,STT,387,https://moovitapp.com/index/pt-br/transporte_p%C3%BAblico-line-387-Sao_Paulo-242-850661-183297-0,5.3,-23.536562749999998,-46.5887755,,,,1,2023-06-15T14:11:59+00:00
SAO_2678-41,São Paulo,3550308,True,STT,387,https://moovitapp.com/index/pt-br/transporte_p%C3%BAblico-line-387-Sao_Paulo-242-850661-183297-0,5.3,-23.523029,-46.5326585,,,,1,2023-06-15T14:11:52+00:00
SAO_2678-41,São Paulo,3550308,True,STT,387,https://moovitapp.com/index/pt-br/transporte_p%C3%BAblico-line-387-Sao_Paulo-242-850661-183297-0,5.3,-23.507372125000003,-46.488834374999996,,,,1,2023-06-15T14:11:59+00:00
SAO_2678-41,São Paulo,3550308,True,STT,387,https://moovitapp.com/index/pt-br/transporte_p%C3%BAblico-line-387-Sao_Paulo-242-850661-183297-0,5.3,-23.5340445,-46.5672505,,,,1,2023-06-15T14:12:19+00:00
SAO_647P-10,São Paulo,3550308,True,,34084,,,-23.6492395,-46.73245,,,,2,2023-06-15T14:12:02+00:00
SAO_647P-10,São Paulo,3550308,True,,34084,,,-23.5729335,-46.6897095,,,,2,2023-06-15T14:11:50+00:00
SAO_647P-10,São Paulo,3550308,True,,34084,,,-23.6749685,-46.784116,,,,2,2023-06-15T14:11:46+00:00
SAO_647P-10,São Paulo,3550308,True,,34084,,,-23.660588,-46.7580235,,,,2,2023-06-15T14:12:07+00:00
SAO_647P-10,São Paulo,3550308,True,,34084,,,-23.598392250000003,-46.719709,,,,2,2023-06-15T14:12:18+00:00
SAO_478P-10,São Paulo,3550308,True,EMTU,349,https://moovitapp.com/index/pt-br/transporte_p%C3%BAblico-line-349-Sao_Paulo-242-2038937-36419432-0,5.1,-23.585894500000002,-46.634992,,,,1,2023-06-15T14:12:07+00:00
SAO_478P-10,São Paulo,3550308,True,EMTU,349,https://moovitapp.com/index/pt-br/transporte_p%C3%BAblico-line-349-Sao_Paulo-242-2038937-36419432-0,5.1,-23.576390000000004,-46.625099250000005,,,,1,2023-06-15T14:11:49+00:00
SAO_478P-10,São Paulo,3550308,True,EMTU,349,https://moovitapp.com/index/pt-br/transporte_p%C3%BAblico-line-349-Sao_Paulo-242-2038937-36419432-0,5.1,-23.6127665,-46.6067735,,,,1,2023-06-15T14:12:00+00:00
SAO_478P-10,São Paulo,3550308,True,EMTU,349,https://moovitapp.com/index/pt-br/transporte_p%C3%BAblico-line-349-Sao_Paulo-242-2038937-36419432-0,5.1,-23.586485125000003,-46.616701875000004,,,,1,2023-06-15T14:12:19+00:00
SAO_478P-10,São Paulo,3550308,True,EMTU,349,https://moovitapp.com/index/pt-br/transporte_p%C3%BAblico-line-349-Sao_Paulo-242-2038937-36419432-0,5.1,-23.549581,-46.6800535,,,,1,2023-06-15T14:12:08+00:00
SAO_746P-10,São Paulo,3550308,True,,788,,,-23.6182985,-46.7215985,,,,1,2023-06-15T14:12:19+00:00
SAO_746P-10,São Paulo,3550308,True,,788,,,-23.64851525,-46.708147999999994,,,,1,2023-06-15T14:12:22+00:00
SAO_746P-10,São Paulo,3550308,True,,788,,,-23.620366,-46.733360000000005,,,,1,2023-06-15T14:11:41+00:00
SAO_746P-10,São Paulo,3550308,True,,788,,,-23.6373245,-46.736935,,,,1,2023-06-15T14:12:16+00:00
SAO_746P-10,São Paulo,3550308,True,,788,,,-23.6282095,-46.735962,,,,1,2023-06-15T14:12:10+00:00
SAO_746P-10,São Paulo,3550308,True,,788,,,-23.62322075,-46.728378,,,,1,2023-06-15T14:12:16+00:00
SAO_746P-10,São Paulo,3550308,True,,788,,,-23.6201165,-46.7305705,,,,1,2023-06-15T14:11:56+00:00
SAO_178A-10,São Paulo,3550308,True,,33326,,,-23.530268,-46.631746750000005,,,,2,2023-06-15T14:10:28+00:00
SAO_178A-10,São Paulo,3550308,True,,33326,,,-23.502758,-46.623603,,,,2,2023-06-15T14:11:53+00:00
SAO_178A-10,São Paulo,3550308,True,,33326,,,-23.5204915,-46.704470875,,,,2,2023-06-15T14:12:06+00:00
SAO_178A-10,São Paulo,3550308,True,,33326,,,-23.526614000000002,-46.668097,,,,2,2023-06-15T14:11:36+00:00
SAO_273L-10,São Paulo,3550308,True,,32992,,,-23.5324405,-46.424979,,,,2,2023-06-15T14:10:51+00:00
SAO_273L-10,São Paulo,3550308,True,,32992,,,-23.533704,-46.4256835,,,,2,2023-06-15T14:09:03+00:00
SAO_273L-10,São Paulo,3550308,True,,32992,,,-23.525890500000003,-46.418178,,,,2,2023-06-15T14:11:19+00:00
SAO_273L-10,São Paulo,3550308,True,,32992,,,-23.540654000000004,-46.483247500000004,,,,2,2023-06-15T14:11:42+00:00
SAO_273L-10,São Paulo,3550308,True,,32992,,,-23.532677,-46.424471,,,,2,2023-06-15T14:12:18+00:00
SAO_273L-10,São Paulo,3550308,True,,32992,,,-23.538571500000003,-46.479667750000004,,,,2,2023-06-15T14:07:52+00:00
SAO_273L-10,São Paulo,3550308,True,,32992,,,-23.539111,-46.4313315,,,,2,2023-06-15T14:11:44+00:00
SAO_677V-10,São Paulo,3550308,True,,32880,,,-23.736755,-46.710538,,,,2,2023-06-15T14:12:12+00:00
SAO_677V-10,São Paulo,3550308,True,,32880,,,-23.732136249999996,-46.71543575,,,,2,2023-06-15T14:12:15+00:00
SAO_677V-10,São Paulo,3550308,True,,32880,,,-23.736681,-46.6952685,,,,2,2023-06-15T14:11:40+00:00
SAO_677V-10,São Paulo,3550308,True,,32880,,,-23.725812,-46.7036315,,,,2,2023-06-15T14:12:01+00:00
SAO_677V-10,São Paulo,3550308,True,,32880,,,-23.723862,-46.6914355,,,,2,2023-06-15T14:11:53+00:00
SAO_5022-10,São Paulo,3550308,True,,33888,,,-23.671428499999998,-46.644313499999996,,,,2,2023-06-15T14:12:18+00:00
SAO_5022-10,São Paulo,3550308,True,,33888,,,-23.6720685,-46.638756,,,,2,2023-06-15T14:11:40+00:00
SAO_5022-10,São Paulo,3550308,True,,33888,,,-23.671723,-46.642508500000005,,,,2,2023-06-15T14:11:54+00:00
SAO_5022-10,São Paulo,3550308,True,,33888,,,-23.6721505,-46.638467,,,,2,2023-06-15T14:12:19+00:00
SAO_5022-10,São Paulo,3550308,True,,33888,,,-23.6721505,-46.638467,,,,2,2023-06-15T14:11:50+00:00
SAO_5022-10,São Paulo,3550308,True,,33888,,,-23.657960000000003,-46.636026,,,,2,2023-06-15T14:11:56+00:00
SAO_5022-10,São Paulo,3550308,True,,33888,,,-23.6721505,-46.638467,,,,2,2023-06-15T14:11:39+00:00
SAO_6826-10,São Paulo,3550308,True,BR7 Mobilidade,16,https://moovitapp.com/index/pt-br/transporte_p%C3%BAblico-line-16-Sao_Paulo-242-851856-513215-0,5.75,-23.670197,-46.782209,,,,1,2023-06-15T14:12:15+00:00
SAO_6826-10,São Paulo,3550308,True,BR7 Mobilidade,16,https://moovitapp.com/index/pt-br/transporte_p%C3%BAblico-line-16-Sao_Paulo-242-851856-513215-0,5.75,-23.654369000000003,-46.762426500000004,,,,1,2023-06-15T14:11:50+00:00
SAO_6008-10,São Paulo,3550308,True,,33968,,,-23.68727,-46.7629345,,,,2,2023-06-15T14:11:57+00:00
SAO_6008-10,São Paulo,3550308,True,,33968,,,-23.68727,-46.7629345,,,,2,2023-06-15T14:12:11+00:00
SAO_6008-10,São Paulo,3550308,True,,33968,,,-23.6671625,-46.727432,,,,2,2023-06-15T14:11:54+00:00
SAO_6008-10,São Paulo,3550308,True,,33968,,,-23.6849505,-46.745304250000004,,,,2,2023-06-15T14:12:06+00:00
SAO_6818-10,São Paulo,3550308,True,BR7 Mobilidade,28,https://moovitapp.com/index/pt-br/transporte_p%C3%BAblico-line-28-Sao_Paulo-242-851856-596008-0,5.75,-23.6458005,-46.770576500000004,,,,1,2023-06-15T14:11:54+00:00
SAO_6818-10,São Paulo,3550308,True,BR7 Mobilidade,28,https://moovitapp.com/index/pt-br/transporte_p%C3%BAblico-line-28-Sao_Paulo-242-851856-596008-0,5.75,-23.653596750000002,-46.76351725,,,,1,2023-06-15T14:12:02+00:00
SAO_6818-10,São Paulo,3550308,True,BR7 Mobilidade,28,https://moovitapp.com/index/pt-br/transporte_p%C3%BAblico-line-28-Sao_Paulo-242-851856-596008-0,5.75,-23.655842999999997,-46.7727765,,,,1,2023-06-15T14:11:43+00:00
SAO_8622-10,São Paulo,3550308,True,,33206,,,-23.529582875,-46.667863125,,,,2,2023-06-15T14:11:58+00:00
SAO_8622-10,São Paulo,3550308,True,,33206,,,-23.507429000000002,-46.7428345,,,,2,2023-06-15T14:12:11+00:00
SAO_8622-10,São Paulo,3550308,True,,33206,,,-23.5214275,-46.698573499999995,,,,2,2023-06-15T14:11:52+00:00
SAO_8622-10,São Paulo,3550308,True,,33206,,,-23.5456625,-46.6384795,,,,2,2023-06-15T14:12:19+00:00
SAO_8622-10,São Paulo,3550308,True,,33206,,,-23.4300815,-46.79488875,,,,2,2023-06-15T14:11:56+00:00
SAO_8622-10,São Paulo,3550308,True,,33206,,,-23.4805925,-46.770524,,,,2,2023-06-15T14:11:44+00:00
SAO_8622-10,São Paulo,3550308,True,,33206,,,-23.443279500000003,-46.796715500000005,,,,2,2023-06-15T14:10:03+00:00
SAO_8622-10,São Paulo,3550308,True,,33206,,,-23.5148565,-46.7260195,,,,2,2023-06-15T14:12:00+00:00
SAO_8622-10,São Paulo,3550308,True,,33206,,,-23.53275275,-46.65722375,,,,2,2023-06-15T14:12:00+00:00
SAO_8622-10,São Paulo,3550308,True,,33206,,,-23.445935,-46.798052,,,,2,2023-06-15T14:12:04+00:00
SAO_607M-10,São Paulo,3550308,True,,2036,,,-23.714732499999997,-46.69886625,,,,1,2023-06-15T14:12:17+00:00
SAO_607M-10,São Paulo,3550308,True,,2036,,,-23.6137345,-46.695820499999996,,,,1,2023-06-15T14:11:42+00:00
SAO_607M-10,São Paulo,3550308,True,,2036,,,-23.6503890625,-46.7043493125,,,,1,2023-06-15T14:12:15+00:00
SAO_8700-10,São Paulo,3550308,True,,34645,,,-23.622368,-46.761258,,,,2,2023-06-15T14:11:40+00:00
SAO_8700-10,São Paulo,3550308,True,,34645,,,-23.542782250000002,-46.640742375,,,,2,2023-06-15T14:11:40+00:00
SAO_8700-10,São Paulo,3550308,True,,34645,,,-23.584801249999998,-46.7190375,,,,2,2023-06-15T14:12:08+00:00
SAO_8700-10,São Paulo,3550308,True,,34645,,,-23.595108000000003,-46.7386755,,,,2,2023-06-15T14:12:14+00:00
SAO_8700-10,São Paulo,3550308,True,,34645,,,-23.557931500000002,-46.667739,,,,2,2023-06-15T14:12:02+00:00
SAO_8700-10,São Paulo,3550308,True,,34645,,,-23.631218,-46.773197499999995,,,,2,2023-06-15T14:12:15+00:00
SAO_8700-10,São Paulo,3550308,True,,34645,,,-23.6181825,-46.7585295,,,,2,2023-06-15T14:11:56+00:00
SAO_8700-10,São Paulo,3550308,True,,34645,,,-23.586711,-46.7247815,,,,2,2023-06-15T14:12:23+00:00
SAO_8700-10,São Paulo,3550308,True,,34645,,,-23.566025500000002,-46.6814145,,,,2,2023-06-15T14:12:09+00:00
SAO_8700-10,São Paulo,3550308,True,,34645,,,-23.631026499999997,-46.773642,,,,2,2023-06-15T14:12:04+00:00
SAO_8700-10,São Paulo,3550308,True,,34645,,,-23.61119875,-46.753526,,,,2,2023-06-15T14:12:04+00:00
SAO_4724-10,São Paulo,3550308,True,,2060,,,-23.542709000000002,-46.493756000000005,,,,1,2023-06-15T14:11:46+00:00
SAO_5100-10,São Paulo,3550308,True,,1370,,,-23.546077500000003,-46.631047,,,,1,2023-06-15T14:11:38+00:00
SAO_5100-10,São Paulo,3550308,True,,1370,,,-23.584966,-46.68315199999999,,,,1,2023-06-15T14:11:47+00:00
SAO_1758-10,São Paulo,3550308,True,,33320,,,-23.45955825,-46.64559225,,,,2,2023-06-15T14:12:09+00:00
SAO_1758-10,São Paulo,3550308,True,,33320,,,-23.454044,-46.661868999999996,,,,2,2023-06-15T14:11:42+00:00
SAO_1758-10,São Paulo,3550308,True,,33320,,,-23.456342749999997,-46.66142825,,,,2,2023-06-15T14:12:14+00:00
SAO_1758-10,São Paulo,3550308,True,,33320,,,-23.49449225,-46.62656725,,,,2,2023-06-15T14:12:08+00:00
SAO_6027-10,São Paulo,3550308,True,,90,,,-23.715336,-46.69901,,,,1,2023-06-15T14:12:21+00:00
SAO_6027-10,São Paulo,3550308,True,,90,,,-23.672977,-46.70973425,,,,1,2023-06-15T14:12:07+00:00
SAO_6027-10,São Paulo,3550308,True,,90,,,-23.724225,-46.68775825,,,,1,2023-06-15T14:12:01+00:00
SAO_6027-10,São Paulo,3550308,True,,90,,,-23.679793,-46.7063865,,,,1,2023-06-15T14:12:21+00:00
SAO_6027-10,São Paulo,3550308,True,,90,,,-23.691834999999998,-46.701584,,,,1,2023-06-15T14:12:09+00:00
SAO_6027-10,São Paulo,3550308,True,,90,,,-23.7203175,-46.674643,,,,1,2023-06-15T14:12:01+00:00
SAO_6027-10,São Paulo,3550308,True,,90,,,-23.6624305,-46.710928749999994,,,,1,2023-06-15T14:12:11+00:00
SAO_8029-10,São Paulo,3550308,True,,2540,,,-23.5941905,-46.720518,,,,1,2023-06-15T14:12:03+00:00
SAO_8029-10,São Paulo,3550308,True,,2540,,,-23.610439375,-46.727247375000005,,,,1,2023-06-15T14:11:45+00:00
SAO_8029-10,São Paulo,3550308,True,,2540,,,-23.615122562499998,-46.743167312500006,,,,1,2023-06-15T14:11:48+00:00
SAO_6016-10,São Paulo,3550308,True,,32852,,,-23.7530115,-46.6886865,,,,2,2023-06-15T14:12:07+00:00
SAO_6016-10,São Paulo,3550308,True,,32852,,,-23.7413045,-46.69165425,,,,2,2023-06-15T14:11:56+00:00
SAO_354M-10,São Paulo,3550308,True,,1619,,,-23.5023385,-46.4427095,,,,1,2023-06-15T14:11:39+00:00
SAO_354M-10,São Paulo,3550308,True,,1619,,,-23.517252,-46.455884,,,,1,2023-06-15T14:11:43+00:00
SAO_354M-10,São Paulo,3550308,True,,1619,,,-23.5947335,-46.449229,,,,1,2023-06-15T14:11:56+00:00
SAO_354M-10,São Paulo,3550308,True,,1619,,,-23.5709435,-46.44690025,,,,1,2023-06-15T14:12:01+00:00
SAO_354M-10,São Paulo,3550308,True,,1619,,,-23.5959875,-46.453278,,,,1,2023-06-15T14:12:07+00:00
SAO_354M-10,São Paulo,3550308,True,,1619,,,-23.593206000000002,-46.445038,,,,1,2023-06-15T14:12:07+00:00
SAO_3766-10,São Paulo,3550308,True,,1055,,,-23.538075874999997,-46.455483,,,,1,2023-06-15T14:12:12+00:00
SAO_3766-10,São Paulo,3550308,True,,1055,,,-23.551720875,-46.43650625,,,,1,2023-06-15T14:12:23+00:00
SAO_3766-10,São Paulo,3550308,True,,1055,,,-23.552760499999998,-46.427728,,,,1,2023-06-15T14:12:10+00:00
SAO_3766-10,São Paulo,3550308,True,,1055,,,-23.530652,-46.44358700000001,,,,1,2023-06-15T14:12:16+00:00
SAO_3766-10,São Paulo,3550308,True,,1055,,,-23.54340725,-46.439274874999995,,,,1,2023-06-15T14:12:12+00:00
SAO_3766-10,São Paulo,3550308,True,,1055,,,-23.542434,-46.471034,,,,1,2023-06-15T14:11:44+00:00
SAO_948A-10,São Paulo,3550308,True,,1423,,,-23.481441,-46.717953,,,,1,2023-06-15T14:12:12+00:00
SAO_948A-10,São Paulo,3550308,True,,1423,,,-23.5069485,-46.7103605,,,,1,2023-06-15T14:11:49+00:00
SAO_948A-10,São Paulo,3550308,True,,1423,,,-23.524198874999996,-46.700546875,,,,1,2023-06-15T14:12:04+00:00
SAO_948A-10,São Paulo,3550308,True,,1423,,,-23.507260000000002,-46.708095,,,,1,2023-06-15T14:11:52+00:00
SAO_6045-10,São Paulo,3550308,True,,33990,,,-23.698768,-46.796265500000004,,,,2,2023-06-15T14:11:58+00:00
SAO_6045-10,São Paulo,3550308,True,,33990,,,-23.646980875000004,-46.706912875,,,,2,2023-06-15T14:11:43+00:00
SAO_6045-10,São Paulo,3550308,True,,33990,,,-23.698768,-46.796265500000004,,,,2,2023-06-15T14:11:51+00:00
SAO_6045-10,São Paulo,3550308,True,,33990,,,-23.650330500000003,-46.708101,,,,2,2023-06-15T14:11:38+00:00
SAO_695V-10,São Paulo,3550308,True,,32776,,,-23.6488365,-46.75021125000001,,,,2,2023-06-15T14:12:22+00:00
SAO_695V-10,São Paulo,3550308,True,,32776,,,-23.64543925,-46.70422875,,,,2,2023-06-15T14:11:41+00:00
SAO_695V-10,São Paulo,3550308,True,,32776,,,-23.588800749999997,-46.64825825,,,,2,2023-06-15T14:12:19+00:00
SAO_695V-10,São Paulo,3550308,True,,32776,,,-23.6422995,-46.740056,,,,2,2023-06-15T14:12:05+00:00
SAO_9191-10,São Paulo,3550308,True,EMTU,810,https://moovitapp.com/index/pt-br/transporte_p%C3%BAblico-line-810-Sao_Paulo-242-2038937-36419585-0,5.4,-23.523754,-46.66150025,,,,1,2023-06-15T14:12:13+00:00
SAO_9191-10,São Paulo,3550308,True,EMTU,810,https://moovitapp.com/index/pt-br/transporte_p%C3%BAblico-line-810-Sao_Paulo-242-2038937-36419585-0,5.4,-23.456902,-46.682719500000005,,,,1,2023-06-15T14:12:09+00:00
SAO_9191-10,São Paulo,3550308,True,EMTU,810,https://moovitapp.com/index/pt-br/transporte_p%C3%BAblico-line-810-Sao_Paulo-242-2038937-36419585-0,5.4,-23.48556575,-46.674890250000004,,,,1,2023-06-15T14:09:47+00:00
SAO_9191-10,São Paulo,3550308,True,EMTU,810,https://moovitapp.com/index/pt-br/transporte_p%C3%BAblico-line-810-Sao_Paulo-242-2038937-36419585-0,5.4,-23.5028925,-46.684608,,,,1,2023-06-15T14:11:47+00:00
SAO_9191-10,São Paulo,3550308,True,EMTU,810,https://moovitapp.com/index/pt-br/transporte_p%C3%BAblico-line-810-Sao_Paulo-242-2038937-36419585-0,5.4,-23.5244895,-46.66598325,,,,1,2023-06-15T14:12:10+00:00
SAO_9191-10,São Paulo,3550308,True,EMTU,810,https://moovitapp.com/index/pt-br/transporte_p%C3%BAblico-line-810-Sao_Paulo-242-2038937-36419585-0,5.4,-23.50622625,-46.67333725,,,,1,2023-06-15T14:11:34+00:00
SAO_9191-10,São Paulo,3550308,True,EMTU,810,https://moovitapp.com/index/pt-br/transporte_p%C3%BAblico-line-810-Sao_Paulo-242-2038937-36419585-0,5.4,-23.529093125,-46.635799375000005,,,,1,2023-06-15T14:12:03+00:00
SAO_9191-10,São Paulo,3550308,True,EMTU,810,https://moovitapp.com/index/pt-br/transporte_p%C3%BAblico-line-810-Sao_Paulo-242-2038937-36419585-0,5.4,-23.507103,-46.67362525,,,,1,2023-06-15T14:11:43+00:00
SAO_9191-10,São Paulo,3550308,True,EMTU,810,https://moovitapp.com/index/pt-br/transporte_p%C3%BAblico-line-810-Sao_Paulo-242-2038937-36419585-0,5.4,-23.524431999999997,-46.666677,,,,1,2023-06-15T14:11:51+00:00
SAO_9191-10,São Paulo,3550308,True,EMTU,810,https://moovitapp.com/index/pt-br/transporte_p%C3%BAblico-line-810-Sao_Paulo-242-2038937-36419585-0,5.4,-23.479096,-46.672417749999994,,,,1,2023-06-15T14:12:16+00:00
SAO_9191-10,São Paulo,3550308,True,EMTU,810,https://moovitapp.com/index/pt-br/transporte_p%C3%BAblico-line-810-Sao_Paulo-242-2038937-36419585-0,5.4,-23.524628375,-46.65868225,,,,1,2023-06-15T14:11:51+00:00
SAO_9191-10,São Paulo,3550308,True,EMTU,810,https://moovitapp.com/index/pt-br/transporte_p%C3%BAblico-line-810-Sao_Paulo-242-2038937-36419585-0,5.4,-23.459656000000003,-46.674226000000004,,,,1,2023-06-15T14:11:48+00:00
SAO_502J-10,São Paulo,3550308,True,,34043,,,-23.612827250000002,-46.63807025,,,,2,2023-06-15T14:12:17+00:00
SAO_502J-10,São Paulo,3550308,True,,34043,,,-23.6953095,-46.6763895,,,,2,2023-06-15T14:12:10+00:00
SAO_502J-10,São Paulo,3550308,True,,34043,,,-23.7058085,-46.6886045,,,,2,2023-06-15T14:12:21+00:00
SAO_502J-10,São Paulo,3550308,True,,34043,,,-23.676822,-46.662923,,,,2,2023-06-15T14:12:20+00:00
SAO_502J-10,São Paulo,3550308,True,,34043,,,-23.641105500000002,-46.661388,,,,2,2023-06-15T14:11:50+00:00
SAO_502J-10,São Paulo,3550308,True,,34043,,,-23.6278265,-46.643551,,,,2,2023-06-15T14:12:04+00:00
SAO_502J-10,São Paulo,3550308,True,,34043,,,-23.650084,-46.663842125,,,,2,2023-06-15T14:11:38+00:00
SAO_502J-10,São Paulo,3550308,True,,34043,,,-23.637887499999998,-46.6539365,,,,2,2023-06-15T14:11:40+00:00
SAO_527R-10,São Paulo,3550308,True,,271,,,-23.656916250000002,-46.701055499999995,,,,1,2023-06-15T14:12:11+00:00
SAO_527R-10,São Paulo,3550308,True,,271,,,-23.664663500000003,-46.69089700000001,,,,1,2023-06-15T14:11:53+00:00
SAO_527R-10,São Paulo,3550308,True,,271,,,-23.6606035,-46.669649500000006,,,,1,2023-06-15T14:11:41+00:00
SAO_527R-10,São Paulo,3550308,True,,271,,,-23.663611500000002,-46.665974500000004,,,,1,2023-06-15T14:12:09+00:00
SAO_527R-10,São Paulo,3550308,True,,271,,,-23.6695705,-46.65706,,,,1,2023-06-15T14:11:36+00:00
SAO_527R-10,São Paulo,3550308,True,,271,,,-23.653906999999997,-46.710535500000006,,,,1,2023-06-15T14:12:10+00:00
SAO_1744-10,São Paulo,3550308,True,,544,,,-23.485959,-46.640467,,,,1,2023-06-15T14:12:22+00:00
SAO_1744-10,São Paulo,3550308,True,,544,,,-23.503125,-46.6245765,,,,1,2023-06-15T14:11:52+00:00
SAO_1744-10,São Paulo,3550308,True,,544,,,-23.481235249999997,-46.6395295,,,,1,2023-06-15T14:12:17+00:00
SAO_1744-10,São Paulo,3550308,True,,544,,,-23.475894500000003,-46.641337,,,,1,2023-06-15T14:11:45+00:00
SAO_637A-26,São Paulo,3550308,True,,1757,,,-23.667555,-46.7294615,,,,1,2023-06-15T14:09:54+00:00
SAO_637A-26,São Paulo,3550308,True,,1757,,,-23.565849,-46.701745,,,,1,2023-06-15T14:11:44+00:00
SAO_637A-26,São Paulo,3550308,True,,1757,,,-23.60045375,-46.69480324999999,,,,1,2023-06-15T14:12:09+00:00
SAO_637A-26,São Paulo,3550308,True,,1757,,,-23.6435075,-46.725114000000005,,,,1,2023-06-15T14:11:44+00:00
SAO_9015-10,São Paulo,3550308,True,,34037,,,-23.479723999999997,-46.7126465,,,,2,2023-06-15T14:12:15+00:00
SAO_9015-10,São Paulo,3550308,True,,34037,,,-23.4697465,-46.71376,,,,2,2023-06-15T14:12:13+00:00
SAO_9015-10,São Paulo,3550308,True,,34037,,,-23.487581499999997,-46.713153500000004,,,,2,2023-06-15T14:12:08+00:00
SAO_9015-10,São Paulo,3550308,True,,34037,,,-23.4694535,-46.7135935,,,,2,2023-06-15T14:11:54+00:00
SAO_9015-10,São Paulo,3550308,True,,34037,,,-23.488825,-46.722633,,,,2,2023-06-15T14:11:52+00:00
SAO_3725-41,São Paulo,3550308,True,,34299,,,-23.532833500000002,-46.530833,,,,2,2023-06-15T14:11:40+00:00
SAO_3725-41,São Paulo,3550308,True,,34299,,,-23.5325795,-46.531303,,,,2,2023-06-15T14:12:14+00:00
SAO_5119-22,São Paulo,3550308,True,,2124,,,-23.609519249999998,-46.726653999999996,,,,1,2023-06-15T14:11:47+00:00
SAO_5119-22,São Paulo,3550308,True,,2124,,,-23.5728045,-46.65438175,,,,1,2023-06-15T14:12:02+00:00
SAO_8075-21,São Paulo,3550308,True,,35305,,,-23.6316405,-46.772316,,,,2,2023-06-15T14:12:12+00:00
SAO_8060-10,São Paulo,3550308,True,EMTU,418,https://moovitapp.com/index/pt-br/transporte_p%C3%BAblico-line-418-Sao_Paulo-242-2038937-36419475-0,6.55,-23.514012,-46.7540155,,,,1,2023-06-15T14:11:45+00:00
SAO_8060-10,São Paulo,3550308,True,EMTU,418,https://moovitapp.com/index/pt-br/transporte_p%C3%BAblico-line-418-Sao_Paulo-242-2038937-36419475-0,6.55,-23.521034,-46.72589275,,,,1,2023-06-15T14:11:37+00:00
SAO_8060-10,São Paulo,3550308,True,EMTU,418,https://moovitapp.com/index/pt-br/transporte_p%C3%BAblico-line-418-Sao_Paulo-242-2038937-36419475-0,6.55,-23.520083,-46.7030455,,,,1,2023-06-15T14:11:56+00:00
SAO_5110-21,São Paulo,3550308,True,,2239,,,-23.5840895,-46.584984500000004,,,,1,2023-06-15T14:12:17+00:00
SAO_5110-21,São Paulo,3550308,True,,2239,,,-23.59929,-46.529866,,,,1,2023-06-15T14:11:56+00:00
SAO_6825-10,São Paulo,3550308,True,,32782,,,-23.666321,-46.7832565,,,,2,2023-06-15T14:11:43+00:00
SAO_6825-10,São Paulo,3550308,True,,32782,,,-23.68316,-46.797407,,,,2,2023-06-15T14:11:56+00:00
SAO_6805-31,São Paulo,3550308,True,,34556,,,-23.654267,-46.763731,,,,2,2023-06-15T14:11:55+00:00
SAO_508L-10,São Paulo,3550308,True,,32885,,,-23.53435325,-46.644056,,,,2,2023-06-15T14:12:15+00:00
SAO_508L-10,São Paulo,3550308,True,,32885,,,-23.5662105,-46.63256075,,,,2,2023-06-15T14:11:46+00:00
SAO_508L-10,São Paulo,3550308,True,,32885,,,-23.5475755,-46.6332745,,,,2,2023-06-15T14:11:37+00:00
SAO_508L-10,São Paulo,3550308,True,,32885,,,-23.546508,-46.633447000000004,,,,2,2023-06-15T14:11:41+00:00
SAO_5362-22,São Paulo,3550308,True,,1645,,,-23.594857375,-46.653917625,,,,1,2023-06-15T14:11:52+00:00
SAO_5362-22,São Paulo,3550308,True,,1645,,,-23.6643605,-46.708846750000006,,,,1,2023-06-15T14:12:20+00:00
SAO_2182-10,São Paulo,3550308,True,,33468,,,-23.549428,-46.628941499999996,,,,2,2023-06-15T14:08:45+00:00
SAO_2182-10,São Paulo,3550308,True,,33468,,,-23.538654,-46.62950925,,,,2,2023-06-15T14:11:54+00:00
SAO_2182-10,São Paulo,3550308,True,,33468,,,-23.529847,-46.598688499999994,,,,2,2023-06-15T14:11:41+00:00
SAO_2182-10,São Paulo,3550308,True,,33468,,,-23.4893875,-46.570685,,,,2,2023-06-15T14:07:46+00:00
SAO_2182-10,São Paulo,3550308,True,,33468,,,-23.493533499999998,-46.5747825,,,,2,2023-06-15T14:11:40+00:00
SAO_2182-10,São Paulo,3550308,True,,33468,,,-23.4817665,-46.57117050000001,,,,2,2023-06-15T14:11:56+00:00
SAO_2182-10,São Paulo,3550308,True,,33468,,,-23.543049125,-46.61677125,,,,2,2023-06-15T14:09:49+00:00
SAO_2182-10,São Paulo,3550308,True,,33468,,,-23.538654,-46.62950925,,,,2,2023-06-15T14:11:59+00:00
SAO_9701-10,São Paulo,3550308,True,,33337,,,-23.5103725,-46.6695065,,,,2,2023-06-15T14:12:18+00:00
SAO_9701-10,São Paulo,3550308,True,,33337,,,-23.4843185,-46.6640565,,,,2,2023-06-15T14:11:25+00:00
SAO_9701-10,São Paulo,3550308,True,,33337,,,-23.476384000000003,-46.667850375,,,,2,2023-06-15T14:12:17+00:00
SAO_2711-10,São Paulo,3550308,True,,925,,,-23.5143605,-46.480638,,,,1,2023-06-15T14:11:39+00:00
SAO_2711-10,São Paulo,3550308,True,,925,,,-23.51266,-46.4940605,,,,1,2023-06-15T14:11:39+00:00
SAO_2711-10,São Paulo,3550308,True,,925,,,-23.512807000000002,-46.484980500000006,,,,1,2023-06-15T14:11:53+00:00
SAO_2711-10,São Paulo,3550308,True,,925,,,-23.5272905,-46.500267750000006,,,,1,2023-06-15T14:12:00+00:00
SAO_2123-10,São Paulo,3550308,True,,692,,,-23.528377,-46.61342562499999,,,,1,2023-06-15T14:11:38+00:00
SAO_2123-10,São Paulo,3550308,True,,692,,,-23.498901,-46.588927,,,,1,2023-06-15T14:12:19+00:00
SAO_2123-10,São Paulo,3550308,True,,692,,,-23.5436655,-46.620252,,,,1,2023-06-15T14:12:04+00:00
SAO_253F-10,São Paulo,3550308,True,EMTU,158,https://moovitapp.com/index/pt-br/transporte_p%C3%BAblico-line-158-Sao_Paulo-242-2038937-36419303-0,7.45,-23.5185795,-46.475586,,,,1,2023-06-15T14:12:08+00:00
SAO_253F-10,São Paulo,3550308,True,EMTU,158,https://moovitapp.com/index/pt-br/transporte_p%C3%BAblico-line-158-Sao_Paulo-242-2038937-36419303-0,7.45,-23.542841625,-46.45448999999999,,,,1,2023-06-15T14:11:58+00:00
SAO_253F-10,São Paulo,3550308,True,EMTU,158,https://moovitapp.com/index/pt-br/transporte_p%C3%BAblico-line-158-Sao_Paulo-242-2038937-36419303-0,7.45,-23.612406,-46.476185,,,,1,2023-06-15T14:12:12+00:00
SAO_253F-10,São Paulo,3550308,True,EMTU,158,https://moovitapp.com/index/pt-br/transporte_p%C3%BAblico-line-158-Sao_Paulo-242-2038937-36419303-0,7.45,-23.575983,-46.444523000000004,,,,1,2023-06-15T14:11:36+00:00
SAO_2018-10,São Paulo,3550308,True,,33672,,,-23.510322000000002,-46.40719,,,,2,2023-06-15T14:12:03+00:00
SAO_208M-10,São Paulo,3550308,True,,35246,,,-23.501943500000003,-46.6235805,,,,2,2023-06-15T14:11:40+00:00
SAO_208M-10,São Paulo,3550308,True,,35246,,,-23.55246,-46.67460725,,,,2,2023-06-15T14:12:17+00:00
SAO_208M-10,São Paulo,3550308,True,,35246,,,-23.519671250000002,-46.6551575,,,,2,2023-06-15T14:12:18+00:00
SAO_208M-10,São Paulo,3550308,True,,35246,,,-23.520683,-46.6576715,,,,2,2023-06-15T14:11:51+00:00
SAO_208M-10,São Paulo,3550308,True,,35246,,,-23.50419,-46.6281265,,,,2,2023-06-15T14:11:48+00:00
SAO_208M-10,São Paulo,3550308,True,,35246,,,-23.552127999999996,-46.675418875,,,,2,2023-06-15T14:11:51+00:00
SAO_4018-10,São Paulo,3550308,True,,2191,,,-23.596497,-46.456201,,,,1,2023-06-15T14:11:48+00:00
SAO_4018-10,São Paulo,3550308,True,,2191,,,-23.590024,-46.4165285,,,,1,2023-06-15T14:07:32+00:00
SAO_4018-10,São Paulo,3550308,True,,2191,,,-23.595921,-46.45270375,,,,1,2023-06-15T14:10:55+00:00
SAO_4018-10,São Paulo,3550308,True,,2191,,,-23.6105395,-46.474952,,,,1,2023-06-15T14:12:19+00:00
SAO_4018-10,São Paulo,3550308,True,,2191,,,-23.583288000000003,-46.409053,,,,1,2023-06-15T14:11:59+00:00
SAO_4018-10,São Paulo,3550308,True,,2191,,,-23.599863499999998,-46.4006545,,,,1,2023-06-15T14:12:18+00:00
SAO_4018-10,São Paulo,3550308,True,,2191,,,-23.610132,-46.4745525,,,,1,2023-06-15T14:12:16+00:00
SAO_4018-10,São Paulo,3550308,True,,2191,,,-23.5941205,-46.4227635,,,,1,2023-06-15T14:12:11+00:00
SAO_4018-10,São Paulo,3550308,True,,2191,,,-23.6105395,-46.474952,,,,1,2023-06-15T14:12:07+00:00
SAO_4018-10,São Paulo,3550308,True,,2191,,,-23.599477999999998,-46.469597,,,,1,2023-06-15T14:12:02+00:00
SAO_2203-10,São Paulo,3550308,True,,33679,,,-23.522909,-46.4939085,,,,2,2023-06-15T14:09:01+00:00
SAO_2203-10,São Paulo,3550308,True,,33679,,,-23.52349625,-46.525154375,,,,2,2023-06-15T14:11:42+00:00
SAO_2203-10,São Paulo,3550308,True,,33679,,,-23.5247055,-46.545694,,,,2,2023-06-15T14:12:19+00:00
SAO_2203-10,São Paulo,3550308,True,,33679,,,-23.5204035,-46.484047000000004,,,,2,2023-06-15T14:12:13+00:00
SAO_2004-10,São Paulo,3550308,True,,892,,,-23.531609000000003,-46.397344000000004,,,,1,2023-06-15T14:12:05+00:00
SAO_2004-10,São Paulo,3550308,True,,892,,,-23.538750999999998,-46.407706,,,,1,2023-06-15T14:12:14+00:00
SAO_2004-10,São Paulo,3550308,True,,892,,,-23.5260345,-46.3903465,,,,1,2023-06-15T14:11:41+00:00
SAO_2004-10,São Paulo,3550308,True,,892,,,-23.527984500000002,-46.394363999999996,,,,1,2023-06-15T14:12:09+00:00
SAO_1703-10,São Paulo,3550308,True,,33615,,,-23.430699500000003,-46.573944499999996,,,,2,2023-06-15T14:11:58+00:00
SAO_1703-10,São Paulo,3550308,True,,33615,,,-23.512875625,-46.615914749999995,,,,2,2023-06-15T14:12:20+00:00
SAO_7021-10,São Paulo,3550308,True,,1989,,,-23.670236,-46.761182500000004,,,,1,2023-06-15T14:11:56+00:00
SAO_7021-10,São Paulo,3550308,True,,1989,,,-23.66259625,-46.7369195,,,,1,2023-06-15T14:08:53+00:00
SAO_7021-10,São Paulo,3550308,True,,1989,,,-23.65415875,-46.73539475,,,,1,2023-06-15T14:12:18+00:00
SAO_7021-10,São Paulo,3550308,True,,1989,,,-23.651751500000003,-46.73382775,,,,1,2023-06-15T14:11:53+00:00
SAO_407R-10,São Paulo,3550308,True,,2201,,,-23.5716525,-46.536777,,,,1,2023-06-15T14:11:55+00:00
SAO_407R-10,São Paulo,3550308,True,,2201,,,-23.5653845,-46.545204999999996,,,,1,2023-06-15T14:11:57+00:00
SAO_407R-10,São Paulo,3550308,True,,2201,,,-23.554279,-46.578238,,,,1,2023-06-15T14:11:58+00:00
SAO_407R-10,São Paulo,3550308,True,,2201,,,-23.542945500000002,-46.588449,,,,1,2023-06-15T14:11:52+00:00
SAO_407R-10,São Paulo,3550308,True,,2201,,,-23.560794,-46.521892,,,,1,2023-06-15T14:12:06+00:00
SAO_407R-10,São Paulo,3550308,True,,2201,,,-23.5452365,-46.58544325,,,,1,2023-06-15T14:12:00+00:00
SAO_6824-10,São Paulo,3550308,True,BR7 Mobilidade,23,https://moovitapp.com/index/pt-br/transporte_p%C3%BAblico-line-23-Sao_Paulo-242-851856-518590-0,5.75,-23.6701665,-46.7932305,,,,1,2023-06-15T14:11:59+00:00
SAO_6824-10,São Paulo,3550308,True,BR7 Mobilidade,23,https://moovitapp.com/index/pt-br/transporte_p%C3%BAblico-line-23-Sao_Paulo-242-851856-518590-0,5.75,-23.6539115,-46.762288,,,,1,2023-06-15T14:12:10+00:00
SAO_6824-10,São Paulo,3550308,True,BR7 Mobilidade,23,https://moovitapp.com/index/pt-br/transporte_p%C3%BAblico-line-23-Sao_Paulo-242-851856-518590-0,5.75,-23.6606095,-46.7777425,,,,1,2023-06-15T14:11:53+00:00
SAO_6072-23,São Paulo,3550308,True,,2004,,,-23.767591,-46.7163045,,,,1,2023-06-15T14:11:44+00:00
SAO_807A-10,São Paulo,3550308,True,,34668,,,-23.646546999999998,-46.747060000000005,,,,2,2023-06-15T14:12:01+00:00
SAO_807A-10,São Paulo,3550308,True,,34668,,,-23.648709500000002,-46.7533605,,,,2,2023-06-15T14:12:08+00:00
SAO_807A-10,São Paulo,3550308,True,,34668,,,-23.645086,-46.7024635,,,,2,2023-06-15T14:11:58+00:00
SAO_807A-10,São Paulo,3550308,True,,34668,,,-23.642995499999998,-46.7421335,,,,2,2023-06-15T14:12:18+00:00
SAO_807A-10,São Paulo,3550308,True,,34668,,,-23.630661,-46.773396000000005,,,,2,2023-06-15T14:11:54+00:00
SAO_2710-31,São Paulo,3550308,True,,34422,,,-23.5184925,-46.493787499999996,,,,2,2023-06-15T14:12:15+00:00
SAO_6055-10,São Paulo,3550308,True,,1146,,,-23.75413,-46.708843,,,,1,2023-06-15T14:12:07+00:00
SAO_6055-10,São Paulo,3550308,True,,1146,,,-23.7093575,-46.699754999999996,,,,1,2023-06-15T14:12:23+00:00
SAO_6055-10,São Paulo,3550308,True,,1146,,,-23.7578095,-46.705231,,,,1,2023-06-15T14:11:51+00:00
SAO_6055-10,São Paulo,3550308,True,,1146,,,-23.68648425,-46.6938545,,,,1,2023-06-15T14:12:05+00:00
SAO_6055-10,São Paulo,3550308,True,,1146,,,-23.7460435,-46.699434999999994,,,,1,2023-06-15T14:11:49+00:00
SAO_573A-10,São Paulo,3550308,True,,1637,,,-23.607488500000002,-46.562635,,,,1,2023-06-15T14:11:41+00:00
SAO_573A-10,São Paulo,3550308,True,,1637,,,-23.59011075,-46.582215,,,,1,2023-06-15T14:12:18+00:00
SAO_573A-10,São Paulo,3550308,True,,1637,,,-23.611031,-46.5566345,,,,1,2023-06-15T14:11:54+00:00
SAO_573A-10,São Paulo,3550308,True,,1637,,,-23.55373125,-46.5999865,,,,1,2023-06-15T14:11:51+00:00
SAO_573A-10,São Paulo,3550308,True,,1637,,,-23.5548885,-46.6001105,,,,1,2023-06-15T14:12:02+00:00
SAO_2735-21,São Paulo,3550308,True,,514,,,-23.519504375,-46.549013375,,,,1,2023-06-15T14:12:10+00:00
SAO_2735-21,São Paulo,3550308,True,,514,,,-23.4993145,-46.529726999999994,,,,1,2023-06-15T14:12:11+00:00
SAO_2666-21,São Paulo,3550308,True,EMTU,379,https://moovitapp.com/index/pt-br/transporte_p%C3%BAblico-line-379-Sao_Paulo-242-2038937-36419453-0,16.35,-23.531905000000002,-46.56037025,,,,1,2023-06-15T14:10:20+00:00
SAO_647A-10,São Paulo,3550308,True,,34083,,,-23.573482,-46.6893395,,,,2,2023-06-15T14:11:48+00:00
SAO_647A-10,São Paulo,3550308,True,,34083,,,-23.602262,-46.7118095,,,,2,2023-06-15T14:12:15+00:00
SAO_647A-10,São Paulo,3550308,True,,34083,,,-23.686801,-46.797537250000005,,,,2,2023-06-15T14:11:54+00:00
SAO_647A-10,São Paulo,3550308,True,,34083,,,-23.600318,-46.709047749999996,,,,2,2023-06-15T14:11:56+00:00
SAO_8075-10,São Paulo,3550308,True,,2044,,,-23.610121,-46.752266,,,,1,2023-06-15T14:11:42+00:00
SAO_8075-10,São Paulo,3550308,True,,2044,,,-23.582939500000002,-46.7141125,,,,1,2023-06-15T14:11:59+00:00
SAO_8075-10,São Paulo,3550308,True,,2044,,,-23.602119000000002,-46.7437865,,,,1,2023-06-15T14:12:17+00:00
SAO_3019-10,São Paulo,3550308,True,,33725,,,-23.582577,-46.408426,,,,2,2023-06-15T14:12:09+00:00
SAO_3019-10,São Paulo,3550308,True,,33725,,,-23.5828655,-46.4087975,,,,2,2023-06-15T14:11:58+00:00
SAO_609J-10,São Paulo,3550308,True,,2242,,,-23.6243665,-46.650174,,,,1,2023-06-15T14:12:18+00:00
SAO_8019-10,São Paulo,3550308,True,,34839,,,-23.569272625,-46.715618375000005,,,,2,2023-06-15T14:12:23+00:00
SAO_8019-10,São Paulo,3550308,True,,34839,,,-23.548139,-46.7517815,,,,2,2023-06-15T14:12:17+00:00
SAO_8019-10,São Paulo,3550308,True,,34839,,,-23.55085125,-46.757824,,,,2,2023-06-15T14:11:51+00:00
SAO_637G-51,São Paulo,3550308,True,EMTU,102,https://moovitapp.com/index/pt-br/transporte_p%C3%BAblico-line-102-Sao_Paulo-242-2038937-36419265-0,4.8,-23.584785124999996,-46.675336375,,,,1,2023-06-15T14:11:38+00:00
SAO_5370-21,São Paulo,3550308,True,,1551,,,-23.7673145,-46.7161625,,,,1,2023-06-15T14:11:38+00:00
SAO_5370-21,São Paulo,3550308,True,,1551,,,-23.619649,-46.67723875,,,,1,2023-06-15T14:11:44+00:00
SAO_5370-21,São Paulo,3550308,True,,1551,,,-23.767859,-46.716285,,,,1,2023-06-15T14:12:12+00:00
SAO_2582-10,São Paulo,3550308,True,,33142,,,-23.49844375,-46.519395124999996,,,,2,2023-06-15T14:12:14+00:00
SAO_2582-10,São Paulo,3550308,True,,33142,,,-23.54648075,-46.6228335,,,,2,2023-06-15T14:10:21+00:00
SAO_2582-10,São Paulo,3550308,True,,33142,,,-23.546292,-46.630885,,,,2,2023-06-15T14:12:06+00:00
SAO_2582-10,São Paulo,3550308,True,,33142,,,-23.51908225,-46.42337275,,,,2,2023-06-15T14:12:04+00:00
SAO_342C-10,São Paulo,3550308,True,,33770,,,-23.52208,-46.5394035,,,,2,2023-06-15T14:11:52+00:00
SAO_342C-10,São Paulo,3550308,True,,33770,,,-23.5431175,-46.5215855,,,,2,2023-06-15T14:11:58+00:00
SAO_342C-10,São Paulo,3550308,True,,33770,,,-23.560944,-46.4918265,,,,2,2023-06-15T14:11:46+00:00
SAO_342C-10,São Paulo,3550308,True,,33770,,,-23.560944,-46.4918265,,,,2,2023-06-15T14:11:52+00:00
SAO_342C-10,São Paulo,3550308,True,,33770,,,-23.5529145,-46.49150875,,,,2,2023-06-15T14:12:09+00:00
SAO_6019-10,São Paulo,3550308,True,,34258,,,-23.670203,-46.737471,,,,2,2023-06-15T14:11:38+00:00
SAO_6412-10,São Paulo,3550308,True,,770,,,-23.617671,-46.7210095,,,,1,2023-06-15T14:12:09+00:00
SAO_6412-10,São Paulo,3550308,True,,770,,,-23.615765,-46.689985750000005,,,,1,2023-06-15T14:11:38+00:00
SAO_6412-10,São Paulo,3550308,True,,770,,,-23.569029875,-46.65027825,,,,1,2023-06-15T14:11:57+00:00
SAO_6412-10,São Paulo,3550308,True,,770,,,-23.6024965,-46.6800715,,,,1,2023-06-15T14:11:54+00:00
SAO_6412-10,São Paulo,3550308,True,,770,,,-23.617148874999998,-46.70866425,,,,1,2023-06-15T14:11:52+00:00
SAO_6412-10,São Paulo,3550308,True,,770,,,-23.5843835,-46.67018725,,,,1,2023-06-15T14:12:16+00:00
SAO_6412-10,São Paulo,3550308,True,,770,,,-23.617671,-46.7210095,,,,1,2023-06-15T14:11:42+00:00
SAO_745M-10,São Paulo,3550308,True,,33550,,,-23.630615499999998,-46.768413,,,,2,2023-06-15T14:11:45+00:00
SAO_745M-10,São Paulo,3550308,True,,33550,,,-23.674133,-46.759112,,,,2,2023-06-15T14:11:55+00:00
SAO_745M-10,São Paulo,3550308,True,,33550,,,-23.671468750000003,-46.70246374999999,,,,2,2023-06-15T14:12:11+00:00
SAO_745M-10,São Paulo,3550308,True,,33550,,,-23.630817,-46.767892,,,,2,2023-06-15T14:12:16+00:00
SAO_745M-10,São Paulo,3550308,True,,33550,,,-23.666209374999998,-46.717598249999995,,,,2,2023-06-15T14:11:39+00:00
SAO_745M-10,São Paulo,3550308,True,,33550,,,-23.67283,-46.787716,,,,2,2023-06-15T14:11:50+00:00
SAO_745M-10,São Paulo,3550308,True,,33550,,,-23.6698995,-46.7623875,,,,2,2023-06-15T14:12:07+00:00
SAO_745M-10,São Paulo,3550308,True,,33550,,,-23.630817,-46.767892,,,,2,2023-06-15T14:11:51+00:00
SAO_745M-10,São Paulo,3550308,True,,33550,,,-23.630699,-46.768204,,,,2,2023-06-15T14:11:47+00:00
SAO_3722-10,São Paulo,3550308,True,,1020,,,-23.5564635,-46.4705115,,,,1,2023-06-15T14:11:59+00:00
SAO_3722-10,São Paulo,3550308,True,,1020,,,-23.544141500000002,-46.434969499999994,,,,1,2023-06-15T14:11:42+00:00
SAO_3064-41,São Paulo,3550308,True,,1933,,,-23.58092275,-46.411011,,,,1,2023-06-15T14:08:54+00:00
SAO_675A-10,São Paulo,3550308,True,,34086,,,-23.6571445,-46.741644375,,,,2,2023-06-15T14:11:58+00:00
SAO_675A-10,São Paulo,3550308,True,,34086,,,-23.623557999999996,-46.666597749999994,,,,2,2023-06-15T14:12:12+00:00
SAO_709M-10,São Paulo,3550308,True,,2462,,,-23.591614,-46.688942499999996,,,,1,2023-06-15T14:12:00+00:00
SAO_709M-10,São Paulo,3550308,True,,2462,,,-23.63470675,-46.693451875,,,,1,2023-06-15T14:12:23+00:00
SAO_709M-10,São Paulo,3550308,True,,2462,,,-23.575620999999998,-46.6877935,,,,1,2023-06-15T14:12:14+00:00
SAO_709M-10,São Paulo,3550308,True,,2462,,,-23.623357499999997,-46.6963355,,,,1,2023-06-15T14:12:10+00:00
SAO_6012-10,São Paulo,3550308,True,,33972,,,-23.680974499999998,-46.7659755,,,,2,2023-06-15T14:12:20+00:00
SAO_6012-10,São Paulo,3550308,True,,33972,,,-23.695997500000004,-46.783731125,,,,2,2023-06-15T14:12:16+00:00
SAO_6035-10,São Paulo,3550308,True,,33981,,,-23.668778500000002,-46.7340385,,,,2,2023-06-15T14:12:19+00:00
SAO_6035-10,São Paulo,3550308,True,,33981,,,-23.658661,-46.705994000000004,,,,2,2023-06-15T14:12:04+00:00
SAO_6035-10,São Paulo,3550308,True,,33981,,,-23.6728545,-46.74413925,,,,2,2023-06-15T14:11:48+00:00
SAO_6035-10,São Paulo,3550308,True,,33981,,,-23.71589375,-46.768761,,,,2,2023-06-15T14:11:55+00:00
SAO_6035-10,São Paulo,3550308,True,,33981,,,-23.710302374999998,-46.7832095,,,,2,2023-06-15T14:12:19+00:00
SAO_6035-10,São Paulo,3550308,True,,33981,,,-23.650700999999998,-46.707818,,,,2,2023-06-15T14:12:19+00:00
SAO_809R-10,São Paulo,3550308,True,,34835,,,-23.57962,-46.7611155,,,,2,2023-06-15T14:12:17+00:00
SAO_1764-10,São Paulo,3550308,True,,625,,,-23.47484,-46.613084,,,,1,2023-06-15T14:10:53+00:00
SAO_1764-10,São Paulo,3550308,True,,625,,,-23.449006,-46.5882555,,,,1,2023-06-15T14:11:49+00:00
SAO_1764-10,São Paulo,3550308,True,,625,,,-23.4597075,-46.602514,,,,1,2023-06-15T14:12:19+00:00
SAO_1764-10,São Paulo,3550308,True,,625,,,-23.502498000000003,-46.62359549999999,,,,1,2023-06-15T14:12:05+00:00
SAO_1764-10,São Paulo,3550308,True,,625,,,-23.456646499999998,-46.601419500000006,,,,1,2023-06-15T14:12:12+00:00
SAO_1764-10,São Paulo,3550308,True,,625,,,-23.47856,-46.621167,,,,1,2023-06-15T14:09:47+00:00
SAO_1767-10,São Paulo,3550308,True,,33396,,,-23.469286249999996,-46.57589425,,,,2,2023-06-15T14:12:02+00:00
SAO_1767-10,São Paulo,3550308,True,,33396,,,-23.4736435,-46.565765999999996,,,,2,2023-06-15T14:11:52+00:00
SAO_1767-10,São Paulo,3550308,True,,33396,,,-23.4821675,-46.566207,,,,2,2023-06-15T14:10:57+00:00
SAO_1767-10,São Paulo,3550308,True,,33396,,,-23.4771445,-46.5972415,,,,2,2023-06-15T14:12:07+00:00
SAO_7903-10,São Paulo,3550308,True,,512,,,-23.602749,-46.786892,,,,1,2023-06-15T14:11:52+00:00
SAO_7903-10,São Paulo,3550308,True,,512,,,-23.573331500000002,-46.7058505,,,,1,2023-06-15T14:12:20+00:00
SAO_7903-10,São Paulo,3550308,True,,512,,,-23.572126,-46.6996935,,,,1,2023-06-15T14:12:02+00:00
SAO_7903-10,São Paulo,3550308,True,,512,,,-23.5857325,-46.7615905,,,,1,2023-06-15T14:11:42+00:00
SAO_8002-10,São Paulo,3550308,True,,1252,,,-23.485778,-46.725765,,,,1,2023-06-15T14:12:13+00:00
SAO_8002-10,São Paulo,3550308,True,,1252,,,-23.51381475,-46.72313375,,,,1,2023-06-15T14:11:54+00:00
SAO_8002-10,São Paulo,3550308,True,,1252,,,-23.5203765,-46.704732625000005,,,,1,2023-06-15T14:11:55+00:00
SAO_8002-10,São Paulo,3550308,True,,1252,,,-23.493972499999998,-46.7376705,,,,1,2023-06-15T14:12:10+00:00
SAO_805L-10,São Paulo,3550308,True,EMTU,124,https://moovitapp.com/index/pt-br/transporte_p%C3%BAblico-line-124-Sao_Paulo-242-2038937-36419282-0,5.15,-23.548976500000002,-46.64247775,,,,1,2023-06-15T14:11:46+00:00
SAO_805L-10,São Paulo,3550308,True,EMTU,124,https://moovitapp.com/index/pt-br/transporte_p%C3%BAblico-line-124-Sao_Paulo-242-2038937-36419282-0,5.15,-23.534672999999998,-46.6441935,,,,1,2023-06-15T14:12:03+00:00
SAO_805L-10,São Paulo,3550308,True,EMTU,124,https://moovitapp.com/index/pt-br/transporte_p%C3%BAblico-line-124-Sao_Paulo-242-2038937-36419282-0,5.15,-23.564948875,-46.632460875,,,,1,2023-06-15T14:11:54+00:00
SAO_978L-10,São Paulo,3550308,True,EMTU,466,https://moovitapp.com/index/pt-br/transporte_p%C3%BAblico-line-466-Sao_Paulo-242-2038937-72712754-0,5.4,-23.510908,-46.6661825,,,,1,2023-06-15T14:12:08+00:00
SAO_978L-10,São Paulo,3550308,True,EMTU,466,https://moovitapp.com/index/pt-br/transporte_p%C3%BAblico-line-466-Sao_Paulo-242-2038937-72712754-0,5.4,-23.486318,-46.6752465,,,,1,2023-06-15T14:12:13+00:00
SAO_978L-10,São Paulo,3550308,True,EMTU,466,https://moovitapp.com/index/pt-br/transporte_p%C3%BAblico-line-466-Sao_Paulo-242-2038937-72712754-0,5.4,-23.53506275,-46.644746999999995,,,,1,2023-06-15T14:12:07+00:00
SAO_978L-10,São Paulo,3550308,True,EMTU,466,https://moovitapp.com/index/pt-br/transporte_p%C3%BAblico-line-466-Sao_Paulo-242-2038937-72712754-0,5.4,-23.522087624999998,-46.6635535,,,,1,2023-06-15T14:11:47+00:00
SAO_7063-10,São Paulo,3550308,True,,34667,,,-23.631308,-46.772546,,,,2,2023-06-15T14:12:02+00:00
SAO_7063-10,São Paulo,3550308,True,,34667,,,-23.65178525,-46.78974675,,,,2,2023-06-15T14:11:57+00:00
SAO_7063-10,São Paulo,3550308,True,,34667,,,-23.65070025,-46.7790325,,,,2,2023-06-15T14:11:40+00:00
SAO_8199-10,São Paulo,3550308,True,,33575,,,-23.484436,-46.691058999999996,,,,2,2023-06-15T14:12:01+00:00
SAO_8199-10,São Paulo,3550308,True,,33575,,,-23.48722275,-46.726573,,,,2,2023-06-15T14:11:59+00:00
SAO_8199-10,São Paulo,3550308,True,,33575,,,-23.468643,-46.7512295,,,,2,2023-06-15T14:11:55+00:00
SAO_8199-10,São Paulo,3550308,True,,33575,,,-23.4737985,-46.668848499999996,,,,2,2023-06-15T14:12:01+00:00
SAO_8199-10,São Paulo,3550308,True,,33575,,,-23.476183,-46.6637865,,,,2,2023-06-15T14:12:12+00:00
SAO_8199-10,São Paulo,3550308,True,,33575,,,-23.502224499999997,-46.703413499999996,,,,2,2023-06-15T14:11:44+00:00
SAO_8199-10,São Paulo,3550308,True,,33575,,,-23.468643,-46.7512295,,,,2,2023-06-15T14:11:55+00:00
SAO_8199-10,São Paulo,3550308,True,,33575,,,-23.484306,-46.741941,,,,2,2023-06-15T14:11:45+00:00
SAO_8199-10,São Paulo,3550308,True,,33575,,,-23.49344925,-46.696834249999995,,,,2,2023-06-15T14:12:00+00:00
SAO_8199-10,São Paulo,3550308,True,,33575,,,-23.481434,-46.682754,,,,2,2023-06-15T14:11:52+00:00
SAO_3795-10,São Paulo,3550308,True,,33841,,,-23.565074,-46.423409,,,,2,2023-06-15T14:12:12+00:00
SAO_9008-41,São Paulo,3550308,True,,33644,,,-23.4747495,-46.6698195,,,,2,2023-06-15T14:11:56+00:00
SAO_4721-10,São Paulo,3550308,True,EMTU,337,https://moovitapp.com/index/pt-br/transporte_p%C3%BAblico-line-337-Sao_Paulo-242-2038937-36419422-0,6.35,-23.645832750000004,-46.640719000000004,,,,1,2023-06-15T14:11:58+00:00
SAO_4721-10,São Paulo,3550308,True,EMTU,337,https://moovitapp.com/index/pt-br/transporte_p%C3%BAblico-line-337-Sao_Paulo-242-2038937-36419422-0,6.35,-23.609676,-46.637005,,,,1,2023-06-15T14:12:17+00:00
SAO_5144-10,São Paulo,3550308,True,,34395,,,-23.580135499999997,-46.5396095,,,,2,2023-06-15T14:12:00+00:00
SAO_5144-10,São Paulo,3550308,True,,34395,,,-23.560509500000002,-46.5757495,,,,2,2023-06-15T14:11:47+00:00
SAO_5144-10,São Paulo,3550308,True,,34395,,,-23.605445500000002,-46.508540749999995,,,,2,2023-06-15T14:11:50+00:00
SAO_5144-10,São Paulo,3550308,True,,34395,,,-23.5378405,-46.616395624999996,,,,2,2023-06-15T14:12:13+00:00
SAO_3010-10,São Paulo,3550308,True,,2543,,,-23.516019,-46.4677285,,,,1,2023-06-15T14:11:55+00:00
SAO_677Y-10,São Paulo,3550308,True,,34008,,,-23.6184955,-46.698805,,,,2,2023-06-15T14:11:50+00:00
SAO_677Y-10,São Paulo,3550308,True,,34008,,,-23.6762085,-46.791264,,,,2,2023-06-15T14:11:39+00:00
SAO_677Y-10,São Paulo,3550308,True,,34008,,,-23.63569975,-46.721984750000004,,,,2,2023-06-15T14:11:54+00:00
SAO_8075-21,São Paulo,3550308,True,,2537,,,-23.5953965,-46.7388565,,,,1,2023-06-15T14:11:49+00:00
SAO_8075-21,São Paulo,3550308,True,,2537,,,-23.6081645,-46.751436,,,,1,2023-06-15T14:12:07+00:00
SAO_7458-10,São Paulo,3550308,True,EMTU,496,https://moovitapp.com/index/pt-br/transporte_p%C3%BAblico-line-496-Sao_Paulo-242-2038937-36419521-0,5.4,-23.583723,-46.77855125,,,,1,2023-06-15T14:12:19+00:00
SAO_7458-10,São Paulo,3550308,True,EMTU,496,https://moovitapp.com/index/pt-br/transporte_p%C3%BAblico-line-496-Sao_Paulo-242-2038937-36419521-0,5.4,-23.584220000000002,-46.791039,,,,1,2023-06-15T14:11:47+00:00
SAO_7458-10,São Paulo,3550308,True,EMTU,496,https://moovitapp.com/index/pt-br/transporte_p%C3%BAblico-line-496-Sao_Paulo-242-2038937-36419521-0,5.4,-23.58399275,-46.7689285,,,,1,2023-06-15T14:11:39+00:00
SAO_7458-10,São Paulo,3550308,True,EMTU,496,https://moovitapp.com/index/pt-br/transporte_p%C3%BAblico-line-496-Sao_Paulo-242-2038937-36419521-0,5.4,-23.5852465,-46.7411325,,,,1,2023-06-15T14:12:13+00:00
SAO_2026-10,São Paulo,3550308,True,,35037,,,-23.521624,-46.56174025,,,,2,2023-06-15T14:09:11+00:00
SAO_2026-10,São Paulo,3550308,True,,35037,,,-23.48938,-46.570454,,,,2,2023-06-15T14:10:30+00:00
SAO_2026-10,São Paulo,3550308,True,,35037,,,-23.5143415,-46.570785,,,,2,2023-06-15T14:12:09+00:00
SAO_2666-10,São Paulo,3550308,True,EMTU,378,https://moovitapp.com/index/pt-br/transporte_p%C3%BAblico-line-378-Sao_Paulo-242-2038937-36419452-0,12.1,-23.546727,-46.629723999999996,,,,1,2023-06-15T14:12:03+00:00
SAO_2666-10,São Paulo,3550308,True,EMTU,378,https://moovitapp.com/index/pt-br/transporte_p%C3%BAblico-line-378-Sao_Paulo-242-2038937-36419452-0,12.1,-23.494194,-46.421617625,,,,1,2023-06-15T14:12:13+00:00
SAO_2666-10,São Paulo,3550308,True,EMTU,378,https://moovitapp.com/index/pt-br/transporte_p%C3%BAblico-line-378-Sao_Paulo-242-2038937-36419452-0,12.1,-23.5359015,-46.571622000000005,,,,1,2023-06-15T14:12:21+00:00
SAO_2666-10,São Paulo,3550308,True,EMTU,378,https://moovitapp.com/index/pt-br/transporte_p%C3%BAblico-line-378-Sao_Paulo-242-2038937-36419452-0,12.1,-23.5382745,-46.601580999999996,,,,1,2023-06-15T14:12:16+00:00
SAO_2666-10,São Paulo,3550308,True,EMTU,378,https://moovitapp.com/index/pt-br/transporte_p%C3%BAblico-line-378-Sao_Paulo-242-2038937-36419452-0,12.1,-23.515519,-46.3897665,,,,1,2023-06-15T14:11:51+00:00
SAO_2666-10,São Paulo,3550308,True,EMTU,378,https://moovitapp.com/index/pt-br/transporte_p%C3%BAblico-line-378-Sao_Paulo-242-2038937-36419452-0,12.1,-23.5007605,-46.4701065,,,,1,2023-06-15T14:11:54+00:00
SAO_2666-10,São Paulo,3550308,True,EMTU,378,https://moovitapp.com/index/pt-br/transporte_p%C3%BAblico-line-378-Sao_Paulo-242-2038937-36419452-0,12.1,-23.498184,-46.4575575,,,,1,2023-06-15T14:12:17+00:00
SAO_2666-10,São Paulo,3550308,True,EMTU,378,https://moovitapp.com/index/pt-br/transporte_p%C3%BAblico-line-378-Sao_Paulo-242-2038937-36419452-0,12.1,-23.5143955,-46.519346999999996,,,,1,2023-06-15T14:12:07+00:00
SAO_2666-10,São Paulo,3550308,True,EMTU,378,https://moovitapp.com/index/pt-br/transporte_p%C3%BAblico-line-378-Sao_Paulo-242-2038937-36419452-0,12.1,-23.540582750000002,-46.61279999999999,,,,1,2023-06-15T14:10:50+00:00
SAO_6837-10,São Paulo,3550308,True,,6,,,-23.617836,-46.7439175,,,,1,2023-06-15T14:11:41+00:00
SAO_6837-10,São Paulo,3550308,True,,6,,,-23.614690000000003,-46.74092225,,,,1,2023-06-15T14:11:56+00:00
SAO_6837-10,São Paulo,3550308,True,,6,,,-23.62412475,-46.76502275,,,,1,2023-06-15T14:12:11+00:00
SAO_6837-10,São Paulo,3550308,True,,6,,,-23.6161065,-46.739967,,,,1,2023-06-15T14:12:00+00:00
SAO_6837-10,São Paulo,3550308,True,,6,,,-23.654980000000002,-46.762824,,,,1,2023-06-15T14:11:41+00:00
SAO_6837-10,São Paulo,3550308,True,,6,,,-23.6443705,-46.764159,,,,1,2023-06-15T14:11:55+00:00
SAO_6837-10,São Paulo,3550308,True,,6,,,-23.654980000000002,-46.762824,,,,1,2023-06-15T14:12:03+00:00
SAO_8548-10,São Paulo,3550308,True,EMTU,578,https://moovitapp.com/index/pt-br/transporte_p%C3%BAblico-line-578-Sao_Paulo-242-2038937-36419568-0,5.4,-23.5193815,-46.7004685,,,,1,2023-06-15T14:12:08+00:00
SAO_8548-10,São Paulo,3550308,True,EMTU,578,https://moovitapp.com/index/pt-br/transporte_p%C3%BAblico-line-578-Sao_Paulo-242-2038937-36419568-0,5.4,-23.504904,-46.6898445,,,,1,2023-06-15T14:11:48+00:00
SAO_8548-10,São Paulo,3550308,True,EMTU,578,https://moovitapp.com/index/pt-br/transporte_p%C3%BAblico-line-578-Sao_Paulo-242-2038937-36419568-0,5.4,-23.4718705,-46.682831,,,,1,2023-06-15T14:11:47+00:00
SAO_8548-10,São Paulo,3550308,True,EMTU,578,https://moovitapp.com/index/pt-br/transporte_p%C3%BAblico-line-578-Sao_Paulo-242-2038937-36419568-0,5.4,-23.4540605,-46.696717,,,,1,2023-06-15T14:11:34+00:00
SAO_6250-10,São Paulo,3550308,True,EMTU,468,https://moovitapp.com/index/pt-br/transporte_p%C3%BAblico-line-468-Sao_Paulo-242-2038937-36419506-0,6.65,-23.588658,-46.72801575,,,,1,2023-06-15T14:12:20+00:00
SAO_6250-10,São Paulo,3550308,True,EMTU,468,https://moovitapp.com/index/pt-br/transporte_p%C3%BAblico-line-468-Sao_Paulo-242-2038937-36419506-0,6.65,-23.564640500000003,-46.6570085,,,,1,2023-06-15T14:12:13+00:00
SAO_9011-21,São Paulo,3550308,True,,34536,,,-23.435501000000002,-46.7348485,,,,2,2023-06-15T14:12:12+00:00
SAO_9011-21,São Paulo,3550308,True,,34536,,,-23.44610575,-46.73117525,,,,2,2023-06-15T14:12:03+00:00
SAO_9011-21,São Paulo,3550308,True,,34536,,,-23.4517415,-46.735037,,,,2,2023-06-15T14:11:33+00:00
SAO_3796-10,São Paulo,3550308,True,,1074,,,-23.57722775,-46.45540575,,,,1,2023-06-15T14:12:16+00:00
SAO_3796-10,São Paulo,3550308,True,,1074,,,-23.560423,-46.465949,,,,1,2023-06-15T14:12:17+00:00
SAO_3796-10,São Paulo,3550308,True,,1074,,,-23.543105,-46.46927075,,,,1,2023-06-15T14:11:54+00:00
SAO_573T-31,São Paulo,3550308,True,,35016,,,-23.561701375000002,-46.5177355,,,,2,2023-06-15T14:11:49+00:00
SAO_573T-31,São Paulo,3550308,True,,35016,,,-23.610163875,-46.495749375,,,,2,2023-06-15T14:11:53+00:00
SAO_4001-10,São Paulo,3550308,True,,2176,,,-23.55427425,-46.51506,,,,1,2023-06-15T14:12:02+00:00
SAO_4001-10,São Paulo,3550308,True,,2176,,,-23.5565775,-46.470824500000006,,,,1,2023-06-15T14:12:01+00:00
SAO_3773-10,São Paulo,3550308,True,,1059,,,-23.5380945,-46.564400750000004,,,,1,2023-06-15T14:11:47+00:00
SAO_3773-10,São Paulo,3550308,True,,1059,,,-23.60457275,-46.48084675,,,,1,2023-06-15T14:12:12+00:00
SAO_3773-10,São Paulo,3550308,True,,1059,,,-23.615941999999997,-46.464735000000005,,,,1,2023-06-15T14:11:55+00:00
SAO_3773-10,São Paulo,3550308,True,,1059,,,-23.600816625,-46.46621875,,,,1,2023-06-15T14:12:07+00:00
SAO_3773-10,São Paulo,3550308,True,,1059,,,-23.568497,-46.504586,,,,1,2023-06-15T14:12:02+00:00
SAO_3773-10,São Paulo,3550308,True,,1059,,,-23.615941999999997,-46.464735000000005,,,,1,2023-06-15T14:11:41+00:00
SAO_3773-10,São Paulo,3550308,True,,1059,,,-23.555835375,-46.516417125000004,,,,1,2023-06-15T14:12:14+00:00
SAO_3773-10,São Paulo,3550308,True,,1059,,,-23.587206,-46.49083125,,,,1,2023-06-15T14:12:01+00:00
SAO_3773-10,São Paulo,3550308,True,,1059,,,-23.537869125,-46.563317375000004,,,,1,2023-06-15T14:11:45+00:00
SAO_273N-10,São Paulo,3550308,True,EMTU,390,https://moovitapp.com/index/pt-br/transporte_p%C3%BAblico-line-390-Sao_Paulo-242-2038937-36419459-0,5.45,-23.531532499999997,-46.5288405,,,,1,2023-06-15T14:11:53+00:00
SAO_273N-10,São Paulo,3550308,True,EMTU,390,https://moovitapp.com/index/pt-br/transporte_p%C3%BAblico-line-390-Sao_Paulo-242-2038937-36419459-0,5.45,-23.513828125000003,-46.518165499999995,,,,1,2023-06-15T14:12:05+00:00
SAO_273N-10,São Paulo,3550308,True,EMTU,390,https://moovitapp.com/index/pt-br/transporte_p%C3%BAblico-line-390-Sao_Paulo-242-2038937-36419459-0,5.45,-23.506556,-46.386415,,,,1,2023-06-15T14:12:03+00:00
SAO_273N-10,São Paulo,3550308,True,EMTU,390,https://moovitapp.com/index/pt-br/transporte_p%C3%BAblico-line-390-Sao_Paulo-242-2038937-36419459-0,5.45,-23.5153105,-46.46291,,,,1,2023-06-15T14:12:16+00:00
SAO_273N-10,São Paulo,3550308,True,EMTU,390,https://moovitapp.com/index/pt-br/transporte_p%C3%BAblico-line-390-Sao_Paulo-242-2038937-36419459-0,5.45,-23.512710499999997,-46.4332225,,,,1,2023-06-15T14:10:36+00:00
SAO_273N-10,São Paulo,3550308,True,EMTU,390,https://moovitapp.com/index/pt-br/transporte_p%C3%BAblico-line-390-Sao_Paulo-242-2038937-36419459-0,5.45,-23.531503,-46.5289355,,,,1,2023-06-15T14:12:05+00:00
SAO_273N-10,São Paulo,3550308,True,EMTU,390,https://moovitapp.com/index/pt-br/transporte_p%C3%BAblico-line-390-Sao_Paulo-242-2038937-36419459-0,5.45,-23.515555499999998,-46.4851265,,,,1,2023-06-15T14:12:07+00:00
SAO_273N-10,São Paulo,3550308,True,EMTU,390,https://moovitapp.com/index/pt-br/transporte_p%C3%BAblico-line-390-Sao_Paulo-242-2038937-36419459-0,5.45,-23.515351000000003,-46.4856135,,,,1,2023-06-15T14:12:00+00:00
SAO_273N-10,São Paulo,3550308,True,EMTU,390,https://moovitapp.com/index/pt-br/transporte_p%C3%BAblico-line-390-Sao_Paulo-242-2038937-36419459-0,5.45,-23.5056495,-46.366514,,,,1,2023-06-15T14:11:56+00:00
SAO_273N-10,São Paulo,3550308,True,EMTU,390,https://moovitapp.com/index/pt-br/transporte_p%C3%BAblico-line-390-Sao_Paulo-242-2038937-36419459-0,5.45,-23.503297375,-46.390640250000004,,,,1,2023-06-15T14:11:46+00:00
SAO_1732-10,São Paulo,3550308,True,,33439,,,-23.523722375000002,-46.650105374999995,,,,2,2023-06-15T14:11:36+00:00
SAO_1732-10,São Paulo,3550308,True,,33439,,,-23.487271,-46.5741175,,,,2,2023-06-15T14:12:15+00:00
SAO_1732-10,São Paulo,3550308,True,,33439,,,-23.504194,-46.626874,,,,2,2023-06-15T14:11:57+00:00
SAO_1732-10,São Paulo,3550308,True,,33439,,,-23.501295,-46.6148315,,,,2,2023-06-15T14:12:18+00:00
SAO_701U-10,São Paulo,3550308,True,,33425,,,-23.55246025,-46.729495,,,,2,2023-06-15T14:11:17+00:00
SAO_701U-10,São Paulo,3550308,True,,33425,,,-23.505131125,-46.624702875,,,,2,2023-06-15T14:11:36+00:00
SAO_701U-10,São Paulo,3550308,True,,33425,,,-23.564658125,-46.68934275,,,,2,2023-06-15T14:12:06+00:00
SAO_6836-10,São Paulo,3550308,True,,32781,,,-23.6520225,-46.73388525,,,,2,2023-06-15T14:12:19+00:00
SAO_6836-10,São Paulo,3550308,True,,32781,,,-23.6436575,-46.734001,,,,2,2023-06-15T14:11:42+00:00
SAO_909T-10,São Paulo,3550308,True,,35024,,,-23.542485499999998,-46.627157,,,,2,2023-06-15T14:11:44+00:00
SAO_6047-10,São Paulo,3550308,True,,1224,,,-23.6506245,-46.733541,,,,1,2023-06-15T14:11:44+00:00
SAO_6047-10,São Paulo,3550308,True,,1224,,,-23.664142,-46.76223775,,,,1,2023-06-15T14:12:15+00:00
SAO_6047-10,São Paulo,3550308,True,,1224,,,-23.6611755,-46.74822399999999,,,,1,2023-06-15T14:11:40+00:00
SAO_6047-10,São Paulo,3550308,True,,1224,,,-23.653319,-46.735434999999995,,,,1,2023-06-15T14:12:15+00:00
SAO_6047-10,São Paulo,3550308,True,,1224,,,-23.64906275,-46.709715,,,,1,2023-06-15T14:11:44+00:00
SAO_6047-10,São Paulo,3550308,True,,1224,,,-23.653139250000002,-46.73891825,,,,1,2023-06-15T14:11:52+00:00
SAO_6047-10,São Paulo,3550308,True,,1224,,,-23.6532175,-46.74036099999999,,,,1,2023-06-15T14:11:44+00:00
SAO_6L04-42,São Paulo,3550308,True,,34335,,,-23.8281815,-46.7272275,,,,2,2023-06-15T14:11:41+00:00
SAO_736I-10,São Paulo,3550308,True,,33549,,,-23.632452999999998,-46.7480465,,,,2,2023-06-15T14:11:41+00:00
SAO_736I-10,São Paulo,3550308,True,,33549,,,-23.643080500000003,-46.735619,,,,2,2023-06-15T14:12:11+00:00
SAO_736I-10,São Paulo,3550308,True,,33549,,,-23.6324355,-46.748238,,,,2,2023-06-15T14:11:49+00:00
SAO_736I-10,São Paulo,3550308,True,,33549,,,-23.6415175,-46.744009500000004,,,,2,2023-06-15T14:11:57+00:00
SAO_1787-10,São Paulo,3550308,True,,650,,,-23.461476750000003,-46.615653249999994,,,,1,2023-06-15T14:11:54+00:00
SAO_1787-10,São Paulo,3550308,True,,650,,,-23.48207875,-46.622136999999995,,,,1,2023-06-15T14:11:57+00:00
SAO_271P-10,São Paulo,3550308,True,,704,,,-23.5306115,-46.556734250000005,,,,1,2023-06-15T14:09:51+00:00
SAO_271P-10,São Paulo,3550308,True,,704,,,-23.502815000000002,-46.52919525,,,,1,2023-06-15T14:11:18+00:00
SAO_271P-10,São Paulo,3550308,True,,704,,,-23.525634,-46.61856,,,,1,2023-06-15T14:10:50+00:00
SAO_271P-10,São Paulo,3550308,True,,704,,,-23.53380975,-46.60571,,,,1,2023-06-15T14:11:15+00:00
SAO_7267-10,São Paulo,3550308,True,,34195,,,-23.537106,-46.6799305,,,,2,2023-06-15T14:12:11+00:00
SAO_7267-10,São Paulo,3550308,True,,34195,,,-23.55165475,-46.657360749999995,,,,2,2023-06-15T14:11:58+00:00
SAO_8707-10,São Paulo,3550308,True,,2064,,,-23.5418015,-46.64132525,,,,1,2023-06-15T14:11:55+00:00
SAO_8707-10,São Paulo,3550308,True,,2064,,,-23.566324,-46.752572,,,,1,2023-06-15T14:12:15+00:00
SAO_8707-10,São Paulo,3550308,True,,2064,,,-23.5679185,-46.684665249999995,,,,1,2023-06-15T14:12:12+00:00
SAO_8707-10,São Paulo,3550308,True,,2064,,,-23.578939500000004,-46.764137500000004,,,,1,2023-06-15T14:12:14+00:00
SAO_1782-10,São Paulo,3550308,True,,643,,,-23.458576,-46.6023755,,,,1,2023-06-15T14:12:21+00:00
SAO_1782-10,São Paulo,3550308,True,,643,,,-23.472089,-46.60690475,,,,1,2023-06-15T14:11:35+00:00
SAO_1782-10,São Paulo,3550308,True,,643,,,-23.4799035,-46.611354000000006,,,,1,2023-06-15T14:09:18+00:00
SAO_1782-10,São Paulo,3550308,True,,643,,,-23.454784,-46.57433,,,,1,2023-06-15T14:11:40+00:00
SAO_8545-10,São Paulo,3550308,True,,34132,,,-23.509285,-46.689667125,,,,2,2023-06-15T14:11:41+00:00
SAO_8545-10,São Paulo,3550308,True,,34132,,,-23.4687105,-46.689349,,,,2,2023-06-15T14:12:04+00:00
SAO_809D-10,São Paulo,3550308,True,,34836,,,-23.5844065,-46.738124,,,,2,2023-06-15T14:12:00+00:00
SAO_809D-10,São Paulo,3550308,True,,34836,,,-23.566219500000003,-46.7014485,,,,2,2023-06-15T14:12:01+00:00
SAO_809D-10,São Paulo,3550308,True,,34836,,,-23.5963105,-46.776351500000004,,,,2,2023-06-15T14:11:41+00:00
SAO_7011-10,São Paulo,3550308,True,,1952,,,-23.6946865,-46.7820615,,,,1,2023-06-15T14:12:10+00:00
SAO_7011-10,São Paulo,3550308,True,,1952,,,-23.683546999999997,-46.7694185,,,,1,2023-06-15T14:11:39+00:00
SAO_7011-10,São Paulo,3550308,True,,1952,,,-23.7087205,-46.792103499999996,,,,1,2023-06-15T14:12:09+00:00
SAO_4028-10,São Paulo,3550308,True,,33866,,,-23.642302,-46.441234,,,,2,2023-06-15T14:11:56+00:00
SAO_4028-10,São Paulo,3550308,True,,33866,,,-23.593083,-46.4887815,,,,2,2023-06-15T14:12:11+00:00
SAO_4028-10,São Paulo,3550308,True,,33866,,,-23.6112775,-46.475717,,,,2,2023-06-15T14:12:07+00:00
SAO_4028-10,São Paulo,3550308,True,,33866,,,-23.62320825,-46.446789249999995,,,,2,2023-06-15T14:12:21+00:00
SAO_4028-10,São Paulo,3550308,True,,33866,,,-23.6261985,-46.459625,,,,2,2023-06-15T14:12:21+00:00
SAO_4028-10,São Paulo,3550308,True,,33866,,,-23.593083,-46.4887815,,,,2,2023-06-15T14:12:08+00:00
SAO_7005-10,São Paulo,3550308,True,,1998,,,-23.731922750000003,-46.78523975,,,,1,2023-06-15T14:12:04+00:00
SAO_7005-10,São Paulo,3550308,True,,1998,,,-23.699928,-46.7806655,,,,1,2023-06-15T14:12:19+00:00
SAO_3737-31,São Paulo,3550308,True,,1354,,,-23.53788825,-46.51315475,,,,1,2023-06-15T14:11:55+00:00
SAO_3737-31,São Paulo,3550308,True,,1354,,,-23.530606499999998,-46.51745699999999,,,,1,2023-06-15T14:11:59+00:00
SAO_4035-10,São Paulo,3550308,True,,2560,,,-23.542768,-46.41466525,,,,1,2023-06-15T14:11:52+00:00
SAO_4035-10,São Paulo,3550308,True,,2560,,,-23.563477,-46.4284705,,,,1,2023-06-15T14:11:18+00:00
SAO_4035-10,São Paulo,3550308,True,,2560,,,-23.5389385,-46.453555,,,,1,2023-06-15T14:11:39+00:00
SAO_4035-10,São Paulo,3550308,True,,2560,,,-23.554515,-46.447324249999994,,,,1,2023-06-15T14:11:52+00:00
SAO_1018-10,São Paulo,3550308,True,,33600,,,-23.489608750000002,-46.624299500000006,,,,2,2023-06-15T14:09:01+00:00
SAO_1018-10,São Paulo,3550308,True,,33600,,,-23.4590375,-46.628820499999996,,,,2,2023-06-15T14:08:15+00:00
SAO_1018-10,São Paulo,3550308,True,,33600,,,-23.45992,-46.625714,,,,2,2023-06-15T14:12:04+00:00
SAO_1018-10,São Paulo,3550308,True,,33600,,,-23.501668875,-46.62240787500001,,,,2,2023-06-15T14:11:57+00:00
SAO_1018-10,São Paulo,3550308,True,,33600,,,-23.4614515,-46.628695500000006,,,,2,2023-06-15T14:11:39+00:00
SAO_809N-10,São Paulo,3550308,True,,35012,,,-23.5227365,-46.701160625,,,,2,2023-06-15T14:11:46+00:00
SAO_809N-10,São Paulo,3550308,True,,35012,,,-23.537649000000002,-46.719566,,,,2,2023-06-15T14:11:52+00:00
SAO_2290-21,São Paulo,3550308,True,,1881,,,-23.5354965,-46.5703025,,,,1,2023-06-15T14:11:57+00:00
SAO_2290-21,São Paulo,3550308,True,,1881,,,-23.5670195,-46.5109545,,,,1,2023-06-15T14:12:21+00:00
SAO_2290-21,São Paulo,3550308,True,,1881,,,-23.54385625,-46.62111325,,,,1,2023-06-15T14:12:02+00:00
SAO_9019-10,São Paulo,3550308,True,,1433,,,-23.473871000000003,-46.7142015,,,,1,2023-06-15T14:12:18+00:00
SAO_9019-10,São Paulo,3550308,True,,1433,,,-23.482241,-46.720363500000005,,,,1,2023-06-15T14:12:15+00:00
SAO_9019-10,São Paulo,3550308,True,,1433,,,-23.456587499999998,-46.7111335,,,,1,2023-06-15T14:12:00+00:00
SAO_9019-10,São Paulo,3550308,True,,1433,,,-23.46345525,-46.7139275,,,,1,2023-06-15T14:11:45+00:00
SAO_2702-10,São Paulo,3550308,True,,914,,,-23.49215,-46.444004500000005,,,,1,2023-06-15T14:08:45+00:00
SAO_2702-10,São Paulo,3550308,True,,914,,,-23.5055965,-46.475289000000004,,,,1,2023-06-15T14:11:58+00:00
SAO_174M-10,São Paulo,3550308,True,,673,,,-23.481396500000002,-46.593853499999994,,,,1,2023-06-15T14:12:10+00:00
SAO_174M-10,São Paulo,3550308,True,,673,,,-23.487883500000002,-46.574864500000004,,,,1,2023-06-15T14:11:46+00:00
SAO_174M-10,São Paulo,3550308,True,,673,,,-23.50217,-46.62488,,,,1,2023-06-15T14:11:49+00:00
SAO_174M-10,São Paulo,3550308,True,,673,,,-23.553712124999997,-46.61954175,,,,1,2023-06-15T14:12:06+00:00
SAO_174M-10,São Paulo,3550308,True,,673,,,-23.480353,-46.606736,,,,1,2023-06-15T14:11:57+00:00
SAO_5109-10,São Paulo,3550308,True,,34619,,,-23.5843055,-46.5848285,,,,2,2023-06-15T14:12:13+00:00
SAO_5109-10,São Paulo,3550308,True,,34619,,,-23.5849575,-46.5830825,,,,2,2023-06-15T14:11:56+00:00
SAO_5109-10,São Paulo,3550308,True,,34619,,,-23.546896,-46.629020999999995,,,,2,2023-06-15T14:11:52+00:00
SAO_5109-10,São Paulo,3550308,True,,34619,,,-23.5550285,-46.624151,,,,2,2023-06-15T14:12:15+00:00
SAO_517J-10,São Paulo,3550308,True,,33897,,,-23.691205,-46.656296499999996,,,,2,2023-06-15T14:11:42+00:00
SAO_517J-10,São Paulo,3550308,True,,33897,,,-23.65913975,-46.6795975,,,,2,2023-06-15T14:12:00+00:00
SAO_517J-10,São Paulo,3550308,True,,33897,,,-23.6911755,-46.656424,,,,2,2023-06-15T14:12:18+00:00
SAO_517J-10,São Paulo,3550308,True,,33897,,,-23.651116000000002,-46.67831525,,,,2,2023-06-15T14:12:03+00:00
SAO_517J-10,São Paulo,3550308,True,,33897,,,-23.6908785,-46.6505535,,,,2,2023-06-15T14:12:18+00:00
SAO_517J-10,São Paulo,3550308,True,,33897,,,-23.678459500000002,-46.657086,,,,2,2023-06-15T14:12:18+00:00
SAO_517J-10,São Paulo,3550308,True,,33897,,,-23.6210435,-46.6985825,,,,2,2023-06-15T14:12:15+00:00
SAO_6403-10,São Paulo,3550308,True,,32826,,,-23.598491375000002,-46.697108625,,,,2,2023-06-15T14:12:11+00:00
SAO_6403-10,São Paulo,3550308,True,,32826,,,-23.580835,-46.684070999999996,,,,2,2023-06-15T14:12:03+00:00
SAO_6403-10,São Paulo,3550308,True,,32826,,,-23.542946,-46.6354345,,,,2,2023-06-15T14:12:19+00:00
SAO_6053-10,São Paulo,3550308,True,,1145,,,-23.750869,-46.688227,,,,1,2023-06-15T14:11:39+00:00
SAO_6053-10,São Paulo,3550308,True,,1145,,,-23.736617,-46.696708,,,,1,2023-06-15T14:11:43+00:00
SAO_6053-10,São Paulo,3550308,True,,1145,,,-23.76803225,-46.66741725,,,,1,2023-06-15T14:12:16+00:00
SAO_6053-10,São Paulo,3550308,True,,1145,,,-23.7664875,-46.669521,,,,1,2023-06-15T14:11:41+00:00
SAO_271A-10,São Paulo,3550308,True,STT,702,https://moovitapp.com/index/pt-br/transporte_p%C3%BAblico-line-702-Sao_Paulo-242-850661-641780-0,5.3,-23.512289875,-46.57106937499999,,,,1,2023-06-15T14:12:20+00:00
SAO_271A-10,São Paulo,3550308,True,STT,702,https://moovitapp.com/index/pt-br/transporte_p%C3%BAblico-line-702-Sao_Paulo-242-850661-641780-0,5.3,-23.4983015,-46.595521,,,,1,2023-06-15T14:11:41+00:00
SAO_271A-10,São Paulo,3550308,True,STT,702,https://moovitapp.com/index/pt-br/transporte_p%C3%BAblico-line-702-Sao_Paulo-242-850661-641780-0,5.3,-23.502720500000002,-46.623693,,,,1,2023-06-15T14:12:09+00:00
SAO_271A-10,São Paulo,3550308,True,STT,702,https://moovitapp.com/index/pt-br/transporte_p%C3%BAblico-line-702-Sao_Paulo-242-850661-641780-0,5.3,-23.518916500000003,-46.546872500000006,,,,1,2023-06-15T14:11:50+00:00
SAO_271A-10,São Paulo,3550308,True,STT,702,https://moovitapp.com/index/pt-br/transporte_p%C3%BAblico-line-702-Sao_Paulo-242-850661-641780-0,5.3,-23.5200935,-46.560075874999995,,,,1,2023-06-15T14:08:44+00:00
SAO_271A-10,São Paulo,3550308,True,STT,702,https://moovitapp.com/index/pt-br/transporte_p%C3%BAblico-line-702-Sao_Paulo-242-850661-641780-0,5.3,-23.518916500000003,-46.546872500000006,,,,1,2023-06-15T14:12:16+00:00
SAO_1178-32,São Paulo,3550308,True,,2009,,,-23.54147725,-46.63535375,,,,1,2023-06-15T14:12:07+00:00
SAO_1178-32,São Paulo,3550308,True,,2009,,,-23.522425499999997,-46.609192,,,,1,2023-06-15T14:11:56+00:00
SAO_5020-10,São Paulo,3550308,True,,1670,,,-23.605618999999997,-46.593915,,,,1,2023-06-15T14:11:50+00:00
SAO_5020-10,São Paulo,3550308,True,,1670,,,-23.60002275,-46.5988935,,,,1,2023-06-15T14:12:16+00:00
SAO_5020-10,São Paulo,3550308,True,,1670,,,-23.601851,-46.602715,,,,1,2023-06-15T14:12:10+00:00
SAO_2011-10,São Paulo,3550308,True,,2136,,,-23.473675875,-46.58939,,,,1,2023-06-15T14:12:19+00:00
SAO_2011-10,São Paulo,3550308,True,,2136,,,-23.472487,-46.5715875,,,,1,2023-06-15T14:12:04+00:00
SAO_2011-10,São Paulo,3550308,True,,2136,,,-23.502214000000002,-46.6235875,,,,1,2023-06-15T14:12:07+00:00
SAO_2011-10,São Paulo,3550308,True,,2136,,,-23.480182,-46.5999325,,,,1,2023-06-15T14:10:42+00:00
SAO_2011-10,São Paulo,3550308,True,,2136,,,-23.481127,-46.611909,,,,1,2023-06-15T14:10:28+00:00
SAO_2011-10,São Paulo,3550308,True,,2136,,,-23.480353,-46.606736,,,,1,2023-06-15T14:12:10+00:00
SAO_2011-10,São Paulo,3550308,True,,2136,,,-23.49214825,-46.573387249999996,,,,1,2023-06-15T14:10:38+00:00
SAO_8200-10,São Paulo,3550308,True,,1263,,,-23.50573,-46.7108375,,,,1,2023-06-15T14:12:20+00:00
SAO_8200-10,São Paulo,3550308,True,,1263,,,-23.507066000000002,-46.7066925,,,,1,2023-06-15T14:11:44+00:00
SAO_129F-10,São Paulo,3550308,True,,35072,,,-23.4989925,-46.706629,,,,2,2023-06-15T14:12:18+00:00
SAO_129F-10,São Paulo,3550308,True,,35072,,,-23.52278075,-46.694173500000005,,,,2,2023-06-15T14:12:12+00:00
SAO_129F-10,São Paulo,3550308,True,,35072,,,-23.525606,-46.6712185,,,,2,2023-06-15T14:12:17+00:00
SAO_129F-10,São Paulo,3550308,True,,35072,,,-23.5168675,-46.6987555,,,,2,2023-06-15T14:11:35+00:00
SAO_677A-10,São Paulo,3550308,True,,34007,,,-23.653719000000002,-46.7248265,,,,2,2023-06-15T14:12:01+00:00
SAO_677A-10,São Paulo,3550308,True,,34007,,,-23.590872500000003,-46.6873245,,,,2,2023-06-15T14:11:49+00:00
SAO_677A-10,São Paulo,3550308,True,,34007,,,-23.641709249999998,-46.7267995,,,,2,2023-06-15T14:12:02+00:00
SAO_677A-10,São Paulo,3550308,True,,34007,,,-23.6819565,-46.767112499999996,,,,2,2023-06-15T14:11:56+00:00
SAO_677A-10,São Paulo,3550308,True,,34007,,,-23.6473695,-46.72761,,,,2,2023-06-15T14:11:55+00:00
SAO_5362-23,São Paulo,3550308,True,,34628,,,-23.63989275,-46.69774125000001,,,,2,2023-06-15T14:12:11+00:00
SAO_5362-23,São Paulo,3550308,True,,34628,,,-23.6881275,-46.71470775,,,,2,2023-06-15T14:12:12+00:00
SAO_5362-23,São Paulo,3550308,True,,34628,,,-23.747837,-46.687671,,,,2,2023-06-15T14:11:52+00:00
SAO_5362-23,São Paulo,3550308,True,,34628,,,-23.65045875,-46.704966999999996,,,,2,2023-06-15T14:12:10+00:00
SAO_8600-22,São Paulo,3550308,True,,34822,,,-23.542382500000002,-46.638102,,,,2,2023-06-15T14:11:49+00:00
SAO_5632-51,São Paulo,3550308,True,,83,,,-23.56357825,-46.64013575,,,,1,2023-06-15T14:12:19+00:00
SAO_8043-10,São Paulo,3550308,True,,407,,,-23.522496125,-46.70803975,,,,1,2023-06-15T14:12:08+00:00
SAO_8043-10,São Paulo,3550308,True,,407,,,-23.50596,-46.747656,,,,1,2023-06-15T14:12:01+00:00
SAO_7054-10,São Paulo,3550308,True,,41,,,-23.644126999999997,-46.783966,,,,1,2023-06-15T14:11:42+00:00
SAO_7054-10,São Paulo,3550308,True,,41,,,-23.6517055,-46.7906215,,,,1,2023-06-15T14:12:04+00:00
SAO_3006-10,São Paulo,3550308,True,,1865,,,-23.547345,-46.39286325,,,,1,2023-06-15T14:12:10+00:00
SAO_3006-10,São Paulo,3550308,True,,1865,,,-23.54564175,-46.401308,,,,1,2023-06-15T14:11:49+00:00
SAO_6038-10,São Paulo,3550308,True,,33984,,,-23.64214475,-46.711892500000005,,,,2,2023-06-15T14:11:49+00:00
SAO_6038-10,São Paulo,3550308,True,,33984,,,-23.654061749999997,-46.76002575,,,,2,2023-06-15T14:12:08+00:00
SAO_6038-10,São Paulo,3550308,True,,33984,,,-23.6582735,-46.7893885,,,,2,2023-06-15T14:11:53+00:00
SAO_6038-10,São Paulo,3550308,True,,33984,,,-23.649475000000002,-46.70701,,,,2,2023-06-15T14:12:00+00:00
SAO_6038-10,São Paulo,3550308,True,,33984,,,-23.646858125,-46.707122125,,,,2,2023-06-15T14:11:39+00:00
SAO_4729-10,São Paulo,3550308,True,,33876,,,-23.58404975,-46.541501,,,,2,2023-06-15T14:12:15+00:00
SAO_4729-10,São Paulo,3550308,True,,33876,,,-23.574747625,-46.555035,,,,2,2023-06-15T14:11:41+00:00
SAO_4729-10,São Paulo,3550308,True,,33876,,,-23.591147,-46.507459999999995,,,,2,2023-06-15T14:12:12+00:00
SAO_4729-10,São Paulo,3550308,True,,33876,,,-23.574183875,-46.56499099999999,,,,2,2023-06-15T14:12:02+00:00
SAO_1021-10,São Paulo,3550308,True,,33601,,,-23.457822999999998,-46.7147755,,,,2,2023-06-15T14:12:07+00:00
SAO_1021-10,São Paulo,3550308,True,,33601,,,-23.486604,-46.726802000000006,,,,2,2023-06-15T14:11:58+00:00
SAO_6805-10,São Paulo,3550308,True,,31,,,-23.657926,-46.74222,,,,1,2023-06-15T14:12:15+00:00
SAO_6805-10,São Paulo,3550308,True,,31,,,-23.6532025,-46.734795,,,,1,2023-06-15T14:11:58+00:00
SAO_6805-10,São Paulo,3550308,True,,31,,,-23.643883,-46.7336615,,,,1,2023-06-15T14:12:11+00:00
SAO_6805-10,São Paulo,3550308,True,,31,,,-23.65310575,-46.73930875,,,,1,2023-06-15T14:11:51+00:00
SAO_4724-10,São Paulo,3550308,True,,34828,,,-23.530963,-46.502753,,,,2,2023-06-15T14:12:03+00:00
SAO_4724-10,São Paulo,3550308,True,,34828,,,-23.536869625,-46.5029365,,,,2,2023-06-15T14:12:03+00:00
SAO_4724-10,São Paulo,3550308,True,,34828,,,-23.530963,-46.502753,,,,2,2023-06-15T14:11:45+00:00
SAO_8008-10,São Paulo,3550308,True,,34026,,,-23.4879405,-46.748191500000004,,,,2,2023-06-15T14:12:13+00:00
SAO_8008-10,São Paulo,3550308,True,,34026,,,-23.487215,-46.726875,,,,2,2023-06-15T14:11:47+00:00
SAO_8008-10,São Paulo,3550308,True,,34026,,,-23.473222999999997,-46.7498765,,,,2,2023-06-15T14:12:20+00:00
SAO_3015-10,São Paulo,3550308,True,,2454,,,-23.493432249999998,-46.3895375,,,,1,2023-06-15T14:12:08+00:00
SAO_8047-10,São Paulo,3550308,True,,33176,,,-23.518019,-46.7077245,,,,2,2023-06-15T14:12:00+00:00
SAO_8047-10,São Paulo,3550308,True,,33176,,,-23.514592125,-46.714954999999996,,,,2,2023-06-15T14:11:20+00:00
SAO_8047-10,São Paulo,3550308,True,,33176,,,-23.500678,-46.754298,,,,2,2023-06-15T14:12:10+00:00
SAO_8047-10,São Paulo,3550308,True,,33176,,,-23.4835645,-46.7553525,,,,2,2023-06-15T14:11:41+00:00
SAO_8047-10,São Paulo,3550308,True,,33176,,,-23.453412999999998,-46.7499445,,,,2,2023-06-15T14:11:48+00:00
SAO_6821-10,São Paulo,3550308,True,,32789,,,-23.686324,-46.7810235,,,,2,2023-06-15T14:12:05+00:00
SAO_6821-10,São Paulo,3550308,True,,32789,,,-23.670794,-46.772879,,,,2,2023-06-15T14:11:39+00:00
SAO_6821-10,São Paulo,3550308,True,,32789,,,-23.656517,-46.763396,,,,2,2023-06-15T14:12:04+00:00
SAO_263C-10,São Paulo,3550308,True,,33020,,,-23.5371415,-46.415614500000004,,,,2,2023-06-15T14:09:16+00:00
SAO_263C-10,São Paulo,3550308,True,,33020,,,-23.54549575,-46.43555725,,,,2,2023-06-15T14:12:07+00:00
SAO_263C-10,São Paulo,3550308,True,,33020,,,-23.501409250000002,-46.4151715,,,,2,2023-06-15T14:12:05+00:00
SAO_263C-10,São Paulo,3550308,True,,33020,,,-23.49533075,-46.430634999999995,,,,2,2023-06-15T14:12:08+00:00
SAO_8021-10,São Paulo,3550308,True,,2073,,,-23.573963,-46.738628,,,,1,2023-06-15T14:12:08+00:00
SAO_8700-21,São Paulo,3550308,True,,1982,,,-23.552126125,-46.657847875,,,,1,2023-06-15T14:12:17+00:00
SAO_4113-10,São Paulo,3550308,True,,768,,,-23.54262575,-46.640550625,,,,1,2023-06-15T14:11:55+00:00
SAO_4113-10,São Paulo,3550308,True,,768,,,-23.57692825,-46.622881500000005,,,,1,2023-06-15T14:12:00+00:00
SAO_4113-10,São Paulo,3550308,True,,768,,,-23.582532999999998,-46.613176,,,,1,2023-06-15T14:12:14+00:00
SAO_8003-10,São Paulo,3550308,True,,1253,,,-23.517246,-46.7273625,,,,1,2023-06-15T14:12:20+00:00
SAO_7050-10,São Paulo,3550308,True,,34652,,,-23.661082999999998,-46.79261375,,,,2,2023-06-15T14:11:43+00:00
SAO_7050-10,São Paulo,3550308,True,,34652,,,-23.6326575,-46.772532,,,,2,2023-06-15T14:11:43+00:00
SAO_7050-10,São Paulo,3550308,True,,34652,,,-23.658609,-46.78921425,,,,2,2023-06-15T14:11:42+00:00
SAO_5011-10,São Paulo,3550308,True,,1115,,,-23.679184749999997,-46.68463475,,,,1,2023-06-15T14:11:52+00:00
SAO_5011-10,São Paulo,3550308,True,,1115,,,-23.68198025,-46.68218475,,,,1,2023-06-15T14:11:39+00:00
SAO_5011-10,São Paulo,3550308,True,,1115,,,-23.665187000000003,-46.69069275,,,,1,2023-06-15T14:12:16+00:00
SAO_5011-10,São Paulo,3550308,True,,1115,,,-23.6584155,-46.6984925,,,,1,2023-06-15T14:12:00+00:00
SAO_5011-10,São Paulo,3550308,True,,1115,,,-23.654514,-46.7036375,,,,1,2023-06-15T14:12:04+00:00
SAO_5011-10,São Paulo,3550308,True,,1115,,,-23.699539,-46.646921,,,,1,2023-06-15T14:12:07+00:00
SAO_5011-10,São Paulo,3550308,True,,1115,,,-23.710265,-46.620691,,,,1,2023-06-15T14:08:16+00:00
SAO_3003-10,São Paulo,3550308,True,,1797,,,-23.486869625,-46.40756375,,,,1,2023-06-15T14:12:07+00:00
SAO_1177-31,São Paulo,3550308,True,,1831,,,-23.5176275,-46.475961,,,,1,2023-06-15T14:12:18+00:00
SAO_1177-31,São Paulo,3550308,True,,1831,,,-23.552158,-46.62005225,,,,1,2023-06-15T14:11:45+00:00
SAO_3735-10,São Paulo,3550308,True,,33803,,,-23.543638,-46.492011000000005,,,,2,2023-06-15T14:12:07+00:00
SAO_3735-10,São Paulo,3550308,True,,33803,,,-23.5433355,-46.48539675000001,,,,2,2023-06-15T14:11:50+00:00
SAO_6816-10,São Paulo,3550308,True,BR7 Mobilidade,26,https://moovitapp.com/index/pt-br/transporte_p%C3%BAblico-line-26-Sao_Paulo-242-851856-577923-0,5.75,-23.658209499999998,-46.774430499999994,,,,1,2023-06-15T14:12:00+00:00
SAO_669A-10,São Paulo,3550308,True,,32772,,,-23.586312,-46.671220749999996,,,,2,2023-06-15T14:12:07+00:00
SAO_669A-10,São Paulo,3550308,True,,32772,,,-23.590801,-46.672607,,,,2,2023-06-15T14:12:10+00:00
SAO_669A-10,São Paulo,3550308,True,,32772,,,-23.5341755,-46.6447165,,,,2,2023-06-15T14:11:44+00:00
SAO_669A-10,São Paulo,3550308,True,,32772,,,-23.5576405,-46.660886500000004,,,,2,2023-06-15T14:11:55+00:00
SAO_669A-10,São Paulo,3550308,True,,32772,,,-23.5779285,-46.660012249999994,,,,2,2023-06-15T14:12:02+00:00
SAO_669A-10,São Paulo,3550308,True,,32772,,,-23.5681561875,-46.65047274999999,,,,2,2023-06-15T14:12:16+00:00
SAO_669A-10,São Paulo,3550308,True,,32772,,,-23.61045,-46.677327500000004,,,,2,2023-06-15T14:12:22+00:00
SAO_669A-10,São Paulo,3550308,True,,32772,,,-23.546312999999998,-46.64511,,,,2,2023-06-15T14:12:09+00:00
SAO_874C-10,São Paulo,3550308,True,,33245,,,-23.55351625,-46.672011,,,,2,2023-06-15T14:12:21+00:00
SAO_874C-10,São Paulo,3550308,True,,33245,,,-23.542930375,-46.731735625,,,,2,2023-06-15T14:12:19+00:00
SAO_874C-10,São Paulo,3550308,True,,33245,,,-23.55085125,-46.757824,,,,2,2023-06-15T14:11:59+00:00
SAO_874C-10,São Paulo,3550308,True,,33245,,,-23.53707225,-46.72250775,,,,2,2023-06-15T14:12:19+00:00
SAO_273R-10,São Paulo,3550308,True,EMTU,226,https://moovitapp.com/index/pt-br/transporte_p%C3%BAblico-line-226-Sao_Paulo-242-2038937-36419343-0,5.05,-23.517178,-46.4754515,,,,1,2023-06-15T14:11:49+00:00
SAO_273R-10,São Paulo,3550308,True,EMTU,226,https://moovitapp.com/index/pt-br/transporte_p%C3%BAblico-line-226-Sao_Paulo-242-2038937-36419343-0,5.05,-23.514074,-46.4194955,,,,1,2023-06-15T14:11:36+00:00
SAO_273R-10,São Paulo,3550308,True,EMTU,226,https://moovitapp.com/index/pt-br/transporte_p%C3%BAblico-line-226-Sao_Paulo-242-2038937-36419343-0,5.05,-23.514421999999996,-46.45295874999999,,,,1,2023-06-15T14:12:21+00:00
SAO_273R-10,São Paulo,3550308,True,EMTU,226,https://moovitapp.com/index/pt-br/transporte_p%C3%BAblico-line-226-Sao_Paulo-242-2038937-36419343-0,5.05,-23.524209499999998,-46.414941999999996,,,,1,2023-06-15T14:12:14+00:00
SAO_273R-10,São Paulo,3550308,True,EMTU,226,https://moovitapp.com/index/pt-br/transporte_p%C3%BAblico-line-226-Sao_Paulo-242-2038937-36419343-0,5.05,-23.533288,-46.47363,,,,1,2023-06-15T14:07:55+00:00
SAO_7009-10,São Paulo,3550308,True,,34719,,,-23.6905325,-46.774566500000006,,,,2,2023-06-15T14:11:42+00:00
SAO_7009-10,São Paulo,3550308,True,,34719,,,-23.70431375,-46.78732575,,,,2,2023-06-15T14:11:46+00:00
SAO_4027-41,São Paulo,3550308,True,,2309,,,-23.636123750000003,-46.4389025,,,,1,2023-06-15T14:12:13+00:00
SAO_4027-41,São Paulo,3550308,True,,2309,,,-23.6119035,-46.474137,,,,1,2023-06-15T14:11:50+00:00
SAO_4717-10,São Paulo,3550308,True,EMTU,335,https://moovitapp.com/index/pt-br/transporte_p%C3%BAblico-line-335-Sao_Paulo-242-2038937-36419420-0,5.35,-23.621675000000003,-46.61581125,,,,1,2023-06-15T14:12:00+00:00
SAO_8065-10,São Paulo,3550308,True,EMTU,421,https://moovitapp.com/index/pt-br/transporte_p%C3%BAblico-line-421-Sao_Paulo-242-2038937-36419478-0,5.2,-23.507277000000002,-46.7175165,,,,1,2023-06-15T14:12:15+00:00
SAO_2028-10,São Paulo,3550308,True,,2263,,,-23.435837,-46.5764425,,,,1,2023-06-15T14:12:00+00:00
SAO_2028-10,São Paulo,3550308,True,,2263,,,-23.473537874999998,-46.6009555,,,,1,2023-06-15T14:10:12+00:00
SAO_2028-10,São Paulo,3550308,True,,2263,,,-23.459795,-46.5837205,,,,1,2023-06-15T14:12:12+00:00
SAO_373M-10,São Paulo,3550308,True,,33049,,,-23.59102875,-46.55742775,,,,2,2023-06-15T14:12:22+00:00
SAO_373M-10,São Paulo,3550308,True,,33049,,,-23.566287000000003,-46.5934935,,,,2,2023-06-15T14:12:06+00:00
SAO_2451-10,São Paulo,3550308,True,,32981,,,-23.52313325,-46.543812,,,,2,2023-06-15T14:11:33+00:00
SAO_8600-10,São Paulo,3550308,True,,34200,,,-23.486121,-46.726629624999994,,,,2,2023-06-15T14:11:37+00:00
SAO_8600-10,São Paulo,3550308,True,,34200,,,-23.521528500000002,-46.666227,,,,2,2023-06-15T14:12:19+00:00
SAO_8600-10,São Paulo,3550308,True,,34200,,,-23.537661500000002,-46.64148875,,,,2,2023-06-15T14:12:10+00:00
SAO_8600-10,São Paulo,3550308,True,,34200,,,-23.482421000000002,-46.717359,,,,2,2023-06-15T14:12:03+00:00
SAO_8600-10,São Paulo,3550308,True,,34200,,,-23.484618,-46.723207,,,,2,2023-06-15T14:11:45+00:00
SAO_3901-10,São Paulo,3550308,True,,34237,,,-23.5063325,-46.5185215,,,,2,2023-06-15T14:12:08+00:00
SAO_5164-41,São Paulo,3550308,True,,1617,,,-23.635831,-46.64012,,,,1,2023-06-15T14:11:42+00:00
SAO_5164-41,São Paulo,3550308,True,,1617,,,-23.64675425,-46.645568,,,,1,2023-06-15T14:12:05+00:00
SAO_6813-10,São Paulo,3550308,True,BR7 Mobilidade,33,https://moovitapp.com/index/pt-br/transporte_p%C3%BAblico-line-33-Sao_Paulo-242-851856-529134-0,5.75,-23.660350625,-46.765821875,,,,1,2023-06-15T14:11:45+00:00
SAO_8300-10,São Paulo,3550308,True,,34032,,,-23.485485500000003,-46.7254255,,,,2,2023-06-15T14:11:58+00:00
SAO_8300-10,São Paulo,3550308,True,,34032,,,-23.484178999999997,-46.7163345,,,,2,2023-06-15T14:12:16+00:00
SAO_8300-10,São Paulo,3550308,True,,34032,,,-23.505661,-46.7059915,,,,2,2023-06-15T14:11:51+00:00
SAO_4051-10,São Paulo,3550308,True,,34912,,,-23.558796,-46.400097,,,,2,2023-06-15T14:11:48+00:00
SAO_4051-10,São Paulo,3550308,True,,34912,,,-23.5618325,-46.4012755,,,,2,2023-06-15T14:11:53+00:00
SAO_4051-10,São Paulo,3550308,True,,34912,,,-23.561816,-46.401179,,,,2,2023-06-15T14:12:01+00:00
SAO_6400-10,São Paulo,3550308,True,,57,,,-23.624177500000002,-46.685713500000006,,,,1,2023-06-15T14:12:21+00:00
SAO_2522-10,São Paulo,3550308,True,Cidade de Caieiras,140,https://moovitapp.com/index/pt-br/transporte_p%C3%BAblico-line-140-Sao_Paulo-242-868761-496401-0,5.0,-23.537307374999997,-46.454972875,,,,1,2023-06-15T14:11:40+00:00
SAO_2522-10,São Paulo,3550308,True,Cidade de Caieiras,140,https://moovitapp.com/index/pt-br/transporte_p%C3%BAblico-line-140-Sao_Paulo-242-868761-496401-0,5.0,-23.5242365,-46.4449125,,,,1,2023-06-15T14:12:03+00:00
SAO_1026-10,São Paulo,3550308,True,,35074,,,-23.47114175,-46.71015375,,,,2,2023-06-15T14:11:38+00:00
SAO_1018-10,São Paulo,3550308,True,,832,,,-23.4613745,-46.62963549999999,,,,1,2023-06-15T14:11:41+00:00
SAO_1018-10,São Paulo,3550308,True,,832,,,-23.460677,-46.6218025,,,,1,2023-06-15T14:11:47+00:00
SAO_1018-10,São Paulo,3550308,True,,832,,,-23.4806915,-46.6113555,,,,1,2023-06-15T14:11:11+00:00
SAO_6052-31,São Paulo,3550308,True,,34600,,,-23.7757335,-46.691438500000004,,,,2,2023-06-15T14:12:21+00:00
SAO_7016-21,São Paulo,3550308,True,,2142,,,-23.665815000000002,-46.7117615,,,,1,2023-06-15T14:09:27+00:00
SAO_7016-21,São Paulo,3550308,True,,2142,,,-23.671273499999998,-46.734524,,,,1,2023-06-15T14:11:37+00:00
SAO_5013-31,São Paulo,3550308,True,,2236,,,-23.6711305,-46.682508999999996,,,,1,2023-06-15T14:10:39+00:00
SAO_5013-31,São Paulo,3550308,True,,2236,,,-23.66487675,-46.6788885,,,,1,2023-06-15T14:12:12+00:00
SAO_5013-31,São Paulo,3550308,True,,2236,,,-23.6697665,-46.681861999999995,,,,1,2023-06-15T14:12:21+00:00
SAO_4111-10,São Paulo,3550308,True,Cidade de Caieiras,320,https://moovitapp.com/index/pt-br/transporte_p%C3%BAblico-line-320-Sao_Paulo-242-868761-752903-0,5.0,-23.571739,-46.6164815,,,,1,2023-06-15T14:12:06+00:00
SAO_4111-10,São Paulo,3550308,True,Cidade de Caieiras,320,https://moovitapp.com/index/pt-br/transporte_p%C3%BAblico-line-320-Sao_Paulo-242-868761-752903-0,5.0,-23.554541,-46.63316525,,,,1,2023-06-15T14:11:46+00:00
SAO_5018-31,São Paulo,3550308,True,,1861,,,-23.6654005,-46.651238000000006,,,,1,2023-06-15T14:11:40+00:00
SAO_5018-31,São Paulo,3550308,True,,1861,,,-23.6907965,-46.649257500000004,,,,1,2023-06-15T14:11:41+00:00
SAO_5018-31,São Paulo,3550308,True,,1861,,,-23.650495,-46.6434925,,,,1,2023-06-15T14:12:03+00:00
SAO_5018-31,São Paulo,3550308,True,,1861,,,-23.6744326875,-46.676046812500005,,,,1,2023-06-15T14:11:52+00:00
SAO_5630-21,São Paulo,3550308,True,,1447,,,-23.549413,-46.637629000000004,,,,1,2023-06-15T14:12:20+00:00
SAO_5630-21,São Paulo,3550308,True,,1447,,,-23.7095945,-46.698440500000004,,,,1,2023-06-15T14:09:37+00:00
SAO_5630-21,São Paulo,3550308,True,,1447,,,-23.639591499999998,-46.673327,,,,1,2023-06-15T14:12:00+00:00
SAO_2033-10,São Paulo,3550308,True,,35267,,,-23.51550175,-46.604923,,,,2,2023-06-15T14:12:10+00:00
SAO_2033-10,São Paulo,3550308,True,,35267,,,-23.52260625,-46.6238185,,,,2,2023-06-15T14:12:05+00:00
SAO_2033-10,São Paulo,3550308,True,,35267,,,-23.49762775,-46.57275125,,,,2,2023-06-15T14:09:40+00:00
SAO_6L08-10,São Paulo,3550308,True,,33950,,,-23.825851,-46.7034265,,,,2,2023-06-15T14:11:45+00:00
SAO_6L08-10,São Paulo,3550308,True,,33950,,,-23.827348,-46.69764012499999,,,,2,2023-06-15T14:10:37+00:00
SAO_6L08-10,São Paulo,3550308,True,,33950,,,-23.826470999999998,-46.730503999999996,,,,2,2023-06-15T14:11:53+00:00
SAO_695H-10,São Paulo,3550308,True,,33964,,,-23.7538865,-46.711673,,,,2,2023-06-15T14:11:35+00:00
SAO_695H-10,São Paulo,3550308,True,,33964,,,-23.700084750000002,-46.70120025,,,,2,2023-06-15T14:12:05+00:00
SAO_695H-10,São Paulo,3550308,True,,33964,,,-23.706274999999998,-46.70078,,,,2,2023-06-15T14:12:13+00:00
SAO_695H-10,São Paulo,3550308,True,,33964,,,-23.788611500000002,-46.715200499999995,,,,2,2023-06-15T14:12:17+00:00
SAO_695H-10,São Paulo,3550308,True,,33964,,,-23.7320845,-46.6979035,,,,2,2023-06-15T14:12:16+00:00
SAO_695H-10,São Paulo,3550308,True,,33964,,,-23.7166585,-46.699293,,,,2,2023-06-15T14:09:38+00:00
SAO_577T-10,São Paulo,3550308,True,,1291,,,-23.6695585,-46.6485505,,,,1,2023-06-15T14:11:37+00:00
SAO_577T-10,São Paulo,3550308,True,,1291,,,-23.5817005,-46.639141375,,,,1,2023-06-15T14:12:03+00:00
SAO_577T-10,São Paulo,3550308,True,,1291,,,-23.6301705,-46.6466845,,,,1,2023-06-15T14:12:21+00:00
SAO_577T-10,São Paulo,3550308,True,,1291,,,-23.651386625,-46.65262375,,,,1,2023-06-15T14:11:37+00:00
SAO_577T-10,São Paulo,3550308,True,,1291,,,-23.605085000000003,-46.636889499999995,,,,1,2023-06-15T14:12:06+00:00
SAO_7053-22,São Paulo,3550308,True,,34664,,,-23.631475000000002,-46.77217,,,,2,2023-06-15T14:12:22+00:00
SAO_6052-10,São Paulo,3550308,True,,1144,,,-23.7676725,-46.7163155,,,,1,2023-06-15T14:11:52+00:00
SAO_6052-10,São Paulo,3550308,True,,1144,,,-23.774424000000003,-46.6916865,,,,1,2023-06-15T14:11:55+00:00
SAO_3010-10,São Paulo,3550308,True,,35311,,,-23.517819,-46.4759315,,,,2,2023-06-15T14:12:06+00:00
SAO_3010-10,São Paulo,3550308,True,,35311,,,-23.511785,-46.443619999999996,,,,2,2023-06-15T14:12:14+00:00
SAO_7903-10,São Paulo,3550308,True,,33280,,,-23.5806975,-46.7292735,,,,2,2023-06-15T14:12:22+00:00
SAO_7903-10,São Paulo,3550308,True,,33280,,,-23.59946,-46.784845000000004,,,,2,2023-06-15T14:11:45+00:00
SAO_7903-10,São Paulo,3550308,True,,33280,,,-23.547223000000002,-46.6471605,,,,2,2023-06-15T14:12:06+00:00
SAO_7903-10,São Paulo,3550308,True,,33280,,,-23.5477705,-46.641587,,,,2,2023-06-15T14:11:45+00:00
SAO_6815-10,São Paulo,3550308,True,BR7 Mobilidade,25,https://moovitapp.com/index/pt-br/transporte_p%C3%BAblico-line-25-Sao_Paulo-242-851856-758720-0,5.75,-23.654442500000002,-46.7623235,,,,1,2023-06-15T14:11:44+00:00
SAO_6815-10,São Paulo,3550308,True,BR7 Mobilidade,25,https://moovitapp.com/index/pt-br/transporte_p%C3%BAblico-line-25-Sao_Paulo-242-851856-758720-0,5.75,-23.665974,-46.771114499999996,,,,1,2023-06-15T14:12:01+00:00
SAO_5030-10,São Paulo,3550308,True,,1669,,,-23.636793,-46.6031315,,,,1,2023-06-15T14:11:41+00:00
SAO_5030-10,São Paulo,3550308,True,,1669,,,-23.613719000000003,-46.60432874999999,,,,1,2023-06-15T14:12:04+00:00
SAO_701H-10,São Paulo,3550308,True,,2558,,,-23.7055225,-46.7421525,,,,1,2023-06-15T14:12:01+00:00
SAO_6L10-10,São Paulo,3550308,True,,33927,,,-23.7934825,-46.729563999999996,,,,2,2023-06-15T14:12:08+00:00
SAO_2201-10,São Paulo,3550308,True,,33677,,,-23.5324795,-46.3946915,,,,2,2023-06-15T14:11:29+00:00
SAO_2201-10,São Paulo,3550308,True,,33677,,,-23.533054999999997,-46.39453999999999,,,,2,2023-06-15T14:11:18+00:00
SAO_2201-10,São Paulo,3550308,True,,33677,,,-23.53389425,-46.3980105,,,,2,2023-06-15T14:11:49+00:00
SAO_2201-10,São Paulo,3550308,True,,33677,,,-23.532773499999998,-46.394621,,,,2,2023-06-15T14:11:37+00:00
SAO_5702-10,São Paulo,3550308,True,,33905,,,-23.645945500000003,-46.643193,,,,2,2023-06-15T14:09:03+00:00
SAO_5702-10,São Paulo,3550308,True,,33905,,,-23.680716,-46.639063,,,,2,2023-06-15T14:11:41+00:00
SAO_5702-10,São Paulo,3550308,True,,33905,,,-23.646594,-46.641467000000006,,,,2,2023-06-15T14:12:01+00:00
SAO_5702-10,São Paulo,3550308,True,,33905,,,-23.698087,-46.646107,,,,2,2023-06-15T14:11:40+00:00
SAO_5702-10,São Paulo,3550308,True,,33905,,,-23.673295000000003,-46.6437625,,,,2,2023-06-15T14:12:08+00:00
SAO_6816-31,São Paulo,3550308,True,,1748,,,-23.652200999999998,-46.778690499999996,,,,1,2023-06-15T14:11:49+00:00
SAO_6816-31,São Paulo,3550308,True,,1748,,,-23.653212,-46.7764515,,,,1,2023-06-15T14:12:06+00:00
SAO_6816-31,São Paulo,3550308,True,,1748,,,-23.654044,-46.7630505,,,,1,2023-06-15T14:12:10+00:00
SAO_6058-10,São Paulo,3550308,True,,33917,,,-23.769380499999997,-46.67707625,,,,2,2023-06-15T14:11:44+00:00
SAO_6058-10,São Paulo,3550308,True,,33917,,,-23.7688255,-46.715897999999996,,,,2,2023-06-15T14:11:55+00:00
SAO_6058-10,São Paulo,3550308,True,,33917,,,-23.769479,-46.6820165,,,,2,2023-06-15T14:11:59+00:00
SAO_2710-31,São Paulo,3550308,True,,1654,,,-23.526115499999996,-46.500827875,,,,1,2023-06-15T14:11:40+00:00
SAO_8600-22,São Paulo,3550308,True,,2054,,,-23.48521,-46.71083,,,,1,2023-06-15T14:12:19+00:00
SAO_8600-22,São Paulo,3550308,True,,2054,,,-23.5232055,-46.654367,,,,1,2023-06-15T14:11:59+00:00
SAO_8600-22,São Paulo,3550308,True,,2054,,,-23.5426495,-46.637809000000004,,,,1,2023-06-15T14:12:18+00:00
SAO_8600-22,São Paulo,3550308,True,,2054,,,-23.501786250000002,-46.70661375,,,,1,2023-06-15T14:11:25+00:00
SAO_2161-10,São Paulo,3550308,True,,694,,,-23.528257937499998,-46.60183925,,,,1,2023-06-15T14:11:02+00:00
SAO_2161-10,São Paulo,3550308,True,,694,,,-23.527593500000002,-46.59697274999999,,,,1,2023-06-15T14:09:58+00:00
SAO_2161-10,São Paulo,3550308,True,,694,,,-23.5389835,-46.6357835,,,,1,2023-06-15T14:11:41+00:00
SAO_2161-10,São Paulo,3550308,True,,694,,,-23.477003,-46.56850825,,,,1,2023-06-15T14:12:16+00:00
SAO_2161-10,São Paulo,3550308,True,,694,,,-23.542213,-46.627381,,,,1,2023-06-15T14:12:09+00:00
SAO_2161-10,São Paulo,3550308,True,,694,,,-23.500872,-46.589718000000005,,,,1,2023-06-15T14:11:39+00:00
SAO_7012-10,São Paulo,3550308,True,,2043,,,-23.707652250000002,-46.771890750000004,,,,1,2023-06-15T14:12:02+00:00
SAO_7012-10,São Paulo,3550308,True,,2043,,,-23.703774000000003,-46.77636699999999,,,,1,2023-06-15T14:12:04+00:00
SAO_7012-10,São Paulo,3550308,True,,2043,,,-23.66813,-46.735502499999996,,,,1,2023-06-15T14:11:50+00:00
SAO_7012-10,São Paulo,3550308,True,,2043,,,-23.670668499999998,-46.7393725,,,,1,2023-06-15T14:12:05+00:00
SAO_7012-10,São Paulo,3550308,True,,2043,,,-23.67595125,-46.75247675,,,,1,2023-06-15T14:12:06+00:00
SAO_7012-10,São Paulo,3550308,True,,2043,,,-23.6857005,-46.7702335,,,,1,2023-06-15T14:11:42+00:00
SAO_1775-10,São Paulo,3550308,True,,33406,,,-23.49449225,-46.62656725,,,,2,2023-06-15T14:09:59+00:00
SAO_1775-10,São Paulo,3550308,True,,33406,,,-23.448662499999998,-46.608729499999995,,,,2,2023-06-15T14:11:40+00:00
SAO_1775-10,São Paulo,3550308,True,,33406,,,-23.509007500000003,-46.6155115,,,,2,2023-06-15T14:12:03+00:00
SAO_719R-10,São Paulo,3550308,True,,33237,,,-23.564782,-46.760630500000005,,,,2,2023-06-15T14:12:20+00:00
SAO_719R-10,São Paulo,3550308,True,,33237,,,-23.5272325,-46.663443,,,,2,2023-06-15T14:12:15+00:00
SAO_719R-10,São Paulo,3550308,True,,33237,,,-23.5703315,-46.7001985,,,,2,2023-06-15T14:12:01+00:00
SAO_719R-10,São Paulo,3550308,True,,33237,,,-23.5619675,-46.7643025,,,,2,2023-06-15T14:11:49+00:00
SAO_719R-10,São Paulo,3550308,True,,33237,,,-23.560417,-46.68626575,,,,2,2023-06-15T14:11:46+00:00
SAO_719R-10,São Paulo,3550308,True,,33237,,,-23.546972250000003,-46.658325250000004,,,,2,2023-06-15T14:12:11+00:00
SAO_8014-10,São Paulo,3550308,True,,801,,,-23.4379705,-46.7933815,,,,1,2023-06-15T14:12:07+00:00
SAO_8014-10,São Paulo,3550308,True,,801,,,-23.407032,-46.758294,,,,1,2023-06-15T14:12:01+00:00
SAO_8014-10,São Paulo,3550308,True,,801,,,-23.4387565,-46.791599500000004,,,,1,2023-06-15T14:11:40+00:00
SAO_8014-10,São Paulo,3550308,True,,801,,,-23.432118687499997,-46.786837625000004,,,,1,2023-06-15T14:12:20+00:00
SAO_2127-10,São Paulo,3550308,True,,693,,,-23.489214500000003,-46.5709745,,,,1,2023-06-15T14:11:49+00:00
SAO_2127-10,São Paulo,3550308,True,,693,,,-23.515690125,-46.604185,,,,1,2023-06-15T14:11:29+00:00
SAO_2127-10,São Paulo,3550308,True,,693,,,-23.5316875,-46.61717025,,,,1,2023-06-15T14:12:10+00:00
SAO_2127-10,São Paulo,3550308,True,,693,,,-23.50821325,-46.59716175,,,,1,2023-06-15T14:11:56+00:00
SAO_546J-31,São Paulo,3550308,True,,2015,,,-23.674671,-46.661978500000004,,,,1,2023-06-15T14:12:13+00:00
SAO_546J-31,São Paulo,3550308,True,,2015,,,-23.687824,-46.658593499999995,,,,1,2023-06-15T14:12:18+00:00
SAO_546J-31,São Paulo,3550308,True,,2015,,,-23.6857875,-46.6638175,,,,1,2023-06-15T14:11:43+00:00
SAO_546J-31,São Paulo,3550308,True,,2015,,,-23.669486499999998,-46.670733,,,,1,2023-06-15T14:12:17+00:00
SAO_1738-10,São Paulo,3550308,True,,672,,,-23.499994,-46.61247,,,,1,2023-06-15T14:12:11+00:00
SAO_1738-10,São Paulo,3550308,True,,672,,,-23.4814035,-46.605526,,,,1,2023-06-15T14:11:54+00:00
SAO_1738-10,São Paulo,3550308,True,,672,,,-23.474353,-46.58118950000001,,,,1,2023-06-15T14:11:25+00:00
SAO_746R-10,São Paulo,3550308,True,,790,,,-23.6466655,-46.727632,,,,1,2023-06-15T14:12:02+00:00
SAO_746R-10,São Paulo,3550308,True,,790,,,-23.651937500000003,-46.72569,,,,1,2023-06-15T14:12:19+00:00
SAO_5106-31,São Paulo,3550308,True,,1305,,,-23.6876055,-46.640014,,,,1,2023-06-15T14:11:51+00:00
SAO_5106-31,São Paulo,3550308,True,,1305,,,-23.649404,-46.6404125,,,,1,2023-06-15T14:11:38+00:00
SAO_5106-31,São Paulo,3550308,True,,1305,,,-23.600056375,-46.644242125000005,,,,1,2023-06-15T14:10:08+00:00
SAO_5106-31,São Paulo,3550308,True,,1305,,,-23.580652375,-46.639004375,,,,1,2023-06-15T14:12:17+00:00
SAO_5024-31,São Paulo,3550308,True,,1123,,,-23.6819445,-46.667696,,,,1,2023-06-15T14:11:49+00:00
SAO_5024-31,São Paulo,3550308,True,,1123,,,-23.660213499999998,-46.6960475,,,,1,2023-06-15T14:12:00+00:00
SAO_5024-31,São Paulo,3550308,True,,1123,,,-23.681588249999997,-46.663475,,,,1,2023-06-15T14:12:19+00:00
SAO_5024-31,São Paulo,3550308,True,,1123,,,-23.658659,-46.69838,,,,1,2023-06-15T14:12:13+00:00
SAO_3015-10,São Paulo,3550308,True,,35222,,,-23.48382,-46.3837995,,,,2,2023-06-15T14:10:17+00:00
SAO_719P-10,São Paulo,3550308,True,,1372,,,-23.538012375,-46.651158375,,,,1,2023-06-15T14:11:41+00:00
SAO_719P-10,São Paulo,3550308,True,,1372,,,-23.53506275,-46.644746999999995,,,,1,2023-06-15T14:11:36+00:00
SAO_719P-10,São Paulo,3550308,True,,1372,,,-23.560696,-46.6827325,,,,1,2023-06-15T14:12:21+00:00
SAO_9188-42,São Paulo,3550308,True,,34479,,,-23.4546235,-46.7441885,,,,2,2023-06-15T14:11:39+00:00
SAO_5020-10,São Paulo,3550308,True,,34438,,,-23.5989925,-46.60508725,,,,2,2023-06-15T14:12:19+00:00
SAO_5020-10,São Paulo,3550308,True,,34438,,,-23.6102245,-46.59347325,,,,2,2023-06-15T14:12:03+00:00
SAO_5020-10,São Paulo,3550308,True,,34438,,,-23.610409500000003,-46.593145750000005,,,,2,2023-06-15T14:11:43+00:00
SAO_5020-10,São Paulo,3550308,True,,34438,,,-23.598277,-46.6040165,,,,2,2023-06-15T14:11:40+00:00
SAO_7458-10,São Paulo,3550308,True,,33264,,,-23.57896425,-46.792259625,,,,2,2023-06-15T14:12:20+00:00
SAO_7458-10,São Paulo,3550308,True,,33264,,,-23.588651249999998,-46.73641225,,,,2,2023-06-15T14:11:44+00:00
SAO_7458-10,São Paulo,3550308,True,,33264,,,-23.580585,-46.7940725,,,,2,2023-06-15T14:12:18+00:00
SAO_7272-10,São Paulo,3550308,True,,1333,,,-23.531695125,-46.686111374999996,,,,1,2023-06-15T14:11:42+00:00
SAO_7272-10,São Paulo,3550308,True,,1333,,,-23.5496655,-46.682962,,,,1,2023-06-15T14:11:37+00:00
SAO_7272-10,São Paulo,3550308,True,,1333,,,-23.5183185,-46.706914499999996,,,,1,2023-06-15T14:12:00+00:00
SAO_846M-10,São Paulo,3550308,True,,33190,,,-23.5306,-46.737716500000005,,,,2,2023-06-15T14:11:35+00:00
SAO_846M-10,São Paulo,3550308,True,,33190,,,-23.564226875,-46.688621250000004,,,,2,2023-06-15T14:11:40+00:00
SAO_6403-10,São Paulo,3550308,True,,58,,,-23.552009499999997,-46.636031,,,,1,2023-06-15T14:12:16+00:00
SAO_6403-10,São Paulo,3550308,True,,58,,,-23.643054499999998,-46.724938,,,,1,2023-06-15T14:12:00+00:00
SAO_6403-10,São Paulo,3550308,True,,58,,,-23.551914,-46.635693,,,,1,2023-06-15T14:11:39+00:00
SAO_6403-10,São Paulo,3550308,True,,58,,,-23.5866805,-46.689777500000005,,,,1,2023-06-15T14:12:11+00:00
SAO_909T-1,São Paulo,3550308,True,,35280,,,-23.553594500000003,-46.674957500000005,,,,2,2023-06-15T14:11:57+00:00
SAO_909T-1,São Paulo,3550308,True,,35280,,,-23.56555875,-46.7010795,,,,2,2023-06-15T14:12:10+00:00
SAO_909T-1,São Paulo,3550308,True,,35280,,,-23.546607,-46.6308205,,,,2,2023-06-15T14:11:57+00:00
SAO_575C-10,São Paulo,3550308,True,,1686,,,-23.5780355,-46.602048499999995,,,,1,2023-06-15T14:12:13+00:00
SAO_575C-10,São Paulo,3550308,True,,1686,,,-23.5692795,-46.557717999999994,,,,1,2023-06-15T14:11:37+00:00
SAO_3735-10,São Paulo,3550308,True,,1035,,,-23.542685,-46.498018,,,,1,2023-06-15T14:12:14+00:00
SAO_3735-10,São Paulo,3550308,True,,1035,,,-23.540855999999998,-46.4849405,,,,1,2023-06-15T14:12:03+00:00
SAO_3735-10,São Paulo,3550308,True,,1035,,,-23.540855999999998,-46.4849405,,,,1,2023-06-15T14:11:39+00:00
SAO_6017-10,São Paulo,3550308,True,,33974,,,-23.6657155,-46.712301499999995,,,,2,2023-06-15T14:12:13+00:00
SAO_6017-10,São Paulo,3550308,True,,33974,,,-23.6848575,-46.7702205,,,,2,2023-06-15T14:12:19+00:00
SAO_6017-10,São Paulo,3550308,True,,33974,,,-23.696951,-46.761001,,,,2,2023-06-15T14:12:04+00:00
SAO_6017-10,São Paulo,3550308,True,,33974,,,-23.686505,-46.770951,,,,2,2023-06-15T14:12:01+00:00
SAO_6826-10,São Paulo,3550308,True,,32784,,,-23.670344999999998,-46.7781285,,,,2,2023-06-15T14:12:05+00:00
SAO_6826-10,São Paulo,3550308,True,,32784,,,-23.673772,-46.797123,,,,2,2023-06-15T14:11:51+00:00
SAO_1702-10,São Paulo,3550308,True,,33614,,,-23.48474625,-46.603764999999996,,,,2,2023-06-15T14:11:53+00:00
SAO_1702-10,São Paulo,3550308,True,,33614,,,-23.4718735,-46.587429,,,,2,2023-06-15T14:12:05+00:00
SAO_1702-10,São Paulo,3550308,True,,33614,,,-23.45207,-46.577799999999996,,,,2,2023-06-15T14:11:57+00:00
SAO_1702-10,São Paulo,3550308,True,,33614,,,-23.476422,-46.595453,,,,2,2023-06-15T14:12:15+00:00
SAO_1702-10,São Paulo,3550308,True,,33614,,,-23.4433975,-46.5772815,,,,2,2023-06-15T14:11:43+00:00
SAO_1702-10,São Paulo,3550308,True,,33614,,,-23.5276345,-46.6267855,,,,2,2023-06-15T14:11:44+00:00
SAO_1702-10,São Paulo,3550308,True,,33614,,,-23.462808375,-46.58535775,,,,2,2023-06-15T14:11:59+00:00
SAO_1702-10,São Paulo,3550308,True,,33614,,,-23.443305000000002,-46.5771705,,,,2,2023-06-15T14:12:01+00:00
SAO_707A-10,São Paulo,3550308,True,,34758,,,-23.651578750000002,-46.7089575,,,,2,2023-06-15T14:11:53+00:00
SAO_707A-10,São Paulo,3550308,True,,34758,,,-23.610847,-46.634391,,,,2,2023-06-15T14:12:18+00:00
SAO_707A-10,São Paulo,3550308,True,,34758,,,-23.609676,-46.637005,,,,2,2023-06-15T14:12:20+00:00
SAO_707A-10,São Paulo,3550308,True,,34758,,,-23.607986750000002,-46.64731375,,,,2,2023-06-15T14:11:38+00:00
SAO_707A-10,São Paulo,3550308,True,,34758,,,-23.6870885,-46.7715025,,,,2,2023-06-15T14:11:53+00:00
SAO_707A-10,São Paulo,3550308,True,,34758,,,-23.6728545,-46.74413925,,,,2,2023-06-15T14:11:40+00:00
SAO_707A-10,São Paulo,3550308,True,,34758,,,-23.607850125,-46.661623125000006,,,,2,2023-06-15T14:11:39+00:00
SAO_6052-10,São Paulo,3550308,True,,33912,,,-23.7760525,-46.691014499999994,,,,2,2023-06-15T14:12:16+00:00
SAO_6052-10,São Paulo,3550308,True,,33912,,,-23.773944125,-46.69059625,,,,2,2023-06-15T14:11:53+00:00
SAO_6052-10,São Paulo,3550308,True,,33912,,,-23.768027500000002,-46.6957705,,,,2,2023-06-15T14:11:58+00:00
SAO_6052-10,São Paulo,3550308,True,,33912,,,-23.775877,-46.6912655,,,,2,2023-06-15T14:12:14+00:00
SAO_5028-10,São Paulo,3550308,True,,34402,,,-23.602352125000003,-46.611489000000006,,,,2,2023-06-15T14:12:10+00:00
SAO_5028-10,São Paulo,3550308,True,,34402,,,-23.606277,-46.5938615,,,,2,2023-06-15T14:11:55+00:00
SAO_6091-10,São Paulo,3550308,True,,1175,,,-23.6815635,-46.693855,,,,1,2023-06-15T14:11:47+00:00
SAO_6091-10,São Paulo,3550308,True,,1175,,,-23.729495,-46.69856875,,,,1,2023-06-15T14:11:58+00:00
SAO_6091-10,São Paulo,3550308,True,,1175,,,-23.837743,-46.720296000000005,,,,1,2023-06-15T14:09:47+00:00
SAO_6091-10,São Paulo,3550308,True,,1175,,,-23.7361265,-46.6991285,,,,1,2023-06-15T14:11:55+00:00
SAO_6091-10,São Paulo,3550308,True,,1175,,,-23.672378875,-46.701694625,,,,1,2023-06-15T14:12:12+00:00
SAO_6091-10,São Paulo,3550308,True,,1175,,,-23.862353499999998,-46.712526,,,,1,2023-06-15T14:11:55+00:00
SAO_6091-10,São Paulo,3550308,True,,1175,,,-23.716451499999998,-46.699146999999996,,,,1,2023-06-15T14:12:13+00:00
SAO_6091-10,São Paulo,3550308,True,,1175,,,-23.7582485,-46.7147595,,,,1,2023-06-15T14:11:52+00:00
SAO_6091-10,São Paulo,3550308,True,,1175,,,-23.7934825,-46.729563999999996,,,,1,2023-06-15T14:12:06+00:00
SAO_476A-10,São Paulo,3550308,True,,304,,,-23.597994874999998,-46.609217,,,,1,2023-06-15T14:11:57+00:00
SAO_476A-10,São Paulo,3550308,True,,304,,,-23.600050000000003,-46.62293,,,,1,2023-06-15T14:11:49+00:00
SAO_476A-10,São Paulo,3550308,True,,304,,,-23.597880250000003,-46.649058,,,,1,2023-06-15T14:11:53+00:00
SAO_476A-10,São Paulo,3550308,True,,304,,,-23.615135625,-46.677083374999995,,,,1,2023-06-15T14:12:04+00:00
SAO_476A-10,São Paulo,3550308,True,,304,,,-23.576850875,-46.604337125,,,,1,2023-06-15T14:12:21+00:00
SAO_1743-10,São Paulo,3550308,True,,33311,,,-23.4723215,-46.650537,,,,2,2023-06-15T14:11:38+00:00
SAO_1743-10,São Paulo,3550308,True,,33311,,,-23.494444125,-46.631189375,,,,2,2023-06-15T14:12:12+00:00
SAO_1743-10,São Paulo,3550308,True,,33311,,,-23.468081,-46.661008499999994,,,,2,2023-06-15T14:12:13+00:00
SAO_1743-10,São Paulo,3550308,True,,33311,,,-23.509144,-46.624826999999996,,,,2,2023-06-15T14:12:09+00:00
SAO_1778-10,São Paulo,3550308,True,,1789,,,-23.466949999999997,-46.56727925,,,,1,2023-06-15T14:12:11+00:00
SAO_1778-10,São Paulo,3550308,True,,1789,,,-23.4699055,-46.6048205,,,,1,2023-06-15T14:11:44+00:00
SAO_1778-10,São Paulo,3550308,True,,1789,,,-23.50006475,-46.61709175,,,,1,2023-06-15T14:12:12+00:00
SAO_4015-10,São Paulo,3550308,True,,34956,,,-23.612118000000002,-46.47348,,,,2,2023-06-15T14:12:14+00:00
SAO_7059-10,São Paulo,3550308,True,,34692,,,-23.630901,-46.7733995,,,,2,2023-06-15T14:11:54+00:00
SAO_7059-10,São Paulo,3550308,True,,34692,,,-23.658105,-46.7818715,,,,2,2023-06-15T14:12:11+00:00
SAO_7059-10,São Paulo,3550308,True,,34692,,,-23.662627,-46.78067125,,,,2,2023-06-15T14:11:43+00:00
SAO_2363-10,São Paulo,3550308,True,,32903,,,-23.4987395,-46.50209475,,,,2,2023-06-15T14:11:37+00:00
SAO_2363-10,São Paulo,3550308,True,,32903,,,-23.5380105,-46.598118625,,,,2,2023-06-15T14:12:00+00:00
SAO_2363-10,São Paulo,3550308,True,,32903,,,-23.53567325,-46.5733845,,,,2,2023-06-15T14:12:13+00:00
SAO_2363-10,São Paulo,3550308,True,,32903,,,-23.5066925,-46.532425,,,,2,2023-06-15T14:11:38+00:00
SAO_6048-10,São Paulo,3550308,True,,32824,,,-23.646046,-46.704235,,,,2,2023-06-15T14:12:20+00:00
SAO_6048-10,São Paulo,3550308,True,,32824,,,-23.643165500000002,-46.735275,,,,2,2023-06-15T14:11:49+00:00
SAO_2703-21,São Paulo,3550308,True,,34295,,,-23.5425865,-46.4696165,,,,2,2023-06-15T14:11:55+00:00
SAO_7005-10,São Paulo,3550308,True,,34766,,,-23.684067,-46.769816500000005,,,,2,2023-06-15T14:12:20+00:00
SAO_7005-10,São Paulo,3550308,True,,34766,,,-23.684067,-46.769816500000005,,,,2,2023-06-15T14:11:43+00:00
SAO_7005-10,São Paulo,3550308,True,,34766,,,-23.731465,-46.78581,,,,2,2023-06-15T14:12:11+00:00
SAO_7005-10,São Paulo,3550308,True,,34766,,,-23.6848575,-46.7702205,,,,2,2023-06-15T14:11:55+00:00
SAO_6042-21,São Paulo,3550308,True,,34543,,,-23.6637095,-46.76981,,,,2,2023-06-15T14:12:20+00:00
SAO_6042-21,São Paulo,3550308,True,,34543,,,-23.6541735,-46.763611,,,,2,2023-06-15T14:12:13+00:00
SAO_6258-31,São Paulo,3550308,True,,34551,,,-23.6779645,-46.7482445,,,,2,2023-06-15T14:11:54+00:00
SAO_6258-31,São Paulo,3550308,True,,34551,,,-23.6664835,-46.73265525,,,,2,2023-06-15T14:12:02+00:00
SAO_8022-10,São Paulo,3550308,True,,34853,,,-23.5653845,-46.713071,,,,2,2023-06-15T14:11:26+00:00
SAO_8022-10,São Paulo,3550308,True,,34853,,,-23.56169975,-46.72976525,,,,2,2023-06-15T14:11:57+00:00
SAO_8022-10,São Paulo,3550308,True,,34853,,,-23.561491,-46.729974999999996,,,,2,2023-06-15T14:11:47+00:00
SAO_4115-10,São Paulo,3550308,True,EMTU,322,https://moovitapp.com/index/pt-br/transporte_p%C3%BAblico-line-322-Sao_Paulo-242-2038937-36419412-0,6.2,-23.5909165,-46.6202265625,,,,1,2023-06-15T14:11:59+00:00
SAO_4115-10,São Paulo,3550308,True,EMTU,322,https://moovitapp.com/index/pt-br/transporte_p%C3%BAblico-line-322-Sao_Paulo-242-2038937-36419412-0,6.2,-23.562807,-46.62085925,,,,1,2023-06-15T14:12:10+00:00
SAO_524L-10,São Paulo,3550308,True,,1715,,,-23.568595000000002,-46.557557,,,,1,2023-06-15T14:12:09+00:00
SAO_524L-10,São Paulo,3550308,True,,1715,,,-23.593453374999996,-46.544578375,,,,1,2023-06-15T14:12:06+00:00
SAO_524L-10,São Paulo,3550308,True,,1715,,,-23.582527499999998,-46.5633555,,,,1,2023-06-15T14:12:03+00:00
SAO_524L-10,São Paulo,3550308,True,,1715,,,-23.546267750000002,-46.56613887499999,,,,1,2023-06-15T14:11:39+00:00
SAO_6039-21,São Paulo,3550308,True,,35261,,,-23.66162,-46.7787955,,,,2,2023-06-15T14:12:10+00:00
SAO_6039-21,São Paulo,3550308,True,,35261,,,-23.654061499999997,-46.763393,,,,2,2023-06-15T14:12:01+00:00
SAO_6039-21,São Paulo,3550308,True,,35261,,,-23.654061499999997,-46.763393,,,,2,2023-06-15T14:12:19+00:00
SAO_8060-10,São Paulo,3550308,True,,33186,,,-23.5250945,-46.7134585,,,,2,2023-06-15T14:11:58+00:00
SAO_8060-10,São Paulo,3550308,True,,33186,,,-23.503231125,-46.759893375,,,,2,2023-06-15T14:11:51+00:00
SAO_8060-10,São Paulo,3550308,True,,33186,,,-23.519169,-46.7532095,,,,2,2023-06-15T14:11:55+00:00
SAO_8060-10,São Paulo,3550308,True,,33186,,,-23.526586,-46.740691999999996,,,,2,2023-06-15T14:12:08+00:00
SAO_9301-10,São Paulo,3550308,True,,33226,,,-23.5118305,-46.653274999999994,,,,2,2023-06-15T14:11:48+00:00
SAO_9301-10,São Paulo,3550308,True,,33226,,,-23.54009,-46.6370545,,,,2,2023-06-15T14:12:04+00:00
SAO_1771-10,São Paulo,3550308,True,,634,,,-23.502432499999998,-46.6235935,,,,1,2023-06-15T14:11:56+00:00
SAO_1771-10,São Paulo,3550308,True,,634,,,-23.476779,-46.600969500000005,,,,1,2023-06-15T14:12:10+00:00
SAO_1771-10,São Paulo,3550308,True,,634,,,-23.430882500000003,-46.574838,,,,1,2023-06-15T14:11:41+00:00
SAO_1771-10,São Paulo,3550308,True,,634,,,-23.4579605,-46.59347700000001,,,,1,2023-06-15T14:11:20+00:00
SAO_5759-10,São Paulo,3550308,True,,33906,,,-23.6948495,-46.64830975,,,,2,2023-06-15T14:11:45+00:00
SAO_5759-10,São Paulo,3550308,True,,33906,,,-23.675676,-46.66063125,,,,2,2023-06-15T14:12:19+00:00
SAO_5759-10,São Paulo,3550308,True,,33906,,,-23.636175,-46.64056825,,,,2,2023-06-15T14:11:54+00:00
SAO_4003-10,São Paulo,3550308,True,,2159,,,-23.53161,-46.441763,,,,1,2023-06-15T14:12:10+00:00
SAO_4003-10,São Paulo,3550308,True,,2159,,,-23.570379000000003,-46.3989755,,,,1,2023-06-15T14:11:46+00:00
SAO_4003-10,São Paulo,3550308,True,,2159,,,-23.5583965,-46.421824375,,,,1,2023-06-15T14:09:26+00:00
SAO_2006-10,São Paulo,3550308,True,,33663,,,-23.4942415,-46.4017335,,,,2,2023-06-15T14:12:12+00:00
SAO_2006-10,São Paulo,3550308,True,,33663,,,-23.4993805,-46.370111,,,,2,2023-06-15T14:11:48+00:00
SAO_2006-10,São Paulo,3550308,True,,33663,,,-23.494194,-46.400918,,,,2,2023-06-15T14:11:56+00:00
SAO_2006-10,São Paulo,3550308,True,,33663,,,-23.494988499999998,-46.3906405,,,,2,2023-06-15T14:11:42+00:00
SAO_2006-10,São Paulo,3550308,True,,33663,,,-23.497806500000003,-46.3697715,,,,2,2023-06-15T14:12:06+00:00
SAO_2006-10,São Paulo,3550308,True,,33663,,,-23.4945765,-46.390327,,,,2,2023-06-15T14:11:59+00:00
SAO_7062-41,São Paulo,3550308,True,,2271,,,-23.649936500000003,-46.764868,,,,1,2023-06-15T14:11:40+00:00
SAO_8019-31,São Paulo,3550308,True,,35342,,,-23.571946875,-46.752888999999996,,,,2,2023-06-15T14:11:43+00:00
SAO_8019-31,São Paulo,3550308,True,,35342,,,-23.53915425,-46.75856325,,,,2,2023-06-15T14:11:45+00:00
SAO_513C-10,São Paulo,3550308,True,,35303,,,-23.608352749999998,-46.563292624999995,,,,2,2023-06-15T14:11:51+00:00
SAO_513C-10,São Paulo,3550308,True,,35303,,,-23.597867,-46.5226035,,,,2,2023-06-15T14:12:15+00:00
SAO_513C-10,São Paulo,3550308,True,,35303,,,-23.5963375,-46.55586225,,,,2,2023-06-15T14:12:17+00:00
SAO_8538-10,São Paulo,3550308,True,,34127,,,-23.542068,-46.635954,,,,2,2023-06-15T14:12:19+00:00
SAO_8538-10,São Paulo,3550308,True,,34127,,,-23.50366675,-46.6791195,,,,2,2023-06-15T14:12:14+00:00
SAO_8050-31,São Paulo,3550308,True,,33183,,,-23.4744715,-46.7709885,,,,2,2023-06-15T14:11:45+00:00
SAO_8050-31,São Paulo,3550308,True,,33183,,,-23.518814999999996,-46.702155000000005,,,,2,2023-06-15T14:12:12+00:00
SAO_675L-10,São Paulo,3550308,True,,34246,,,-23.600362625000002,-46.659273,,,,2,2023-06-15T14:12:14+00:00
SAO_675L-10,São Paulo,3550308,True,,34246,,,-23.598484,-46.636875,,,,2,2023-06-15T14:12:03+00:00
SAO_675L-10,São Paulo,3550308,True,,34246,,,-23.597957,-46.648168,,,,2,2023-06-15T14:12:06+00:00
SAO_4020-10,São Paulo,3550308,True,,35298,,,-23.546598375,-46.446583625,,,,2,2023-06-15T14:12:14+00:00
SAO_2731-10,São Paulo,3550308,True,,33714,,,-23.518088249999998,-46.439505,,,,2,2023-06-15T14:12:18+00:00
SAO_2731-10,São Paulo,3550308,True,,33714,,,-23.531547124999996,-46.453197,,,,2,2023-06-15T14:09:40+00:00
SAO_2731-10,São Paulo,3550308,True,,33714,,,-23.538349125000003,-46.454322125000004,,,,2,2023-06-15T14:12:01+00:00
SAO_2731-10,São Paulo,3550308,True,,33714,,,-23.518088249999998,-46.439505,,,,2,2023-06-15T14:11:02+00:00
SAO_677V-10,São Paulo,3550308,True,EMTU,112,https://moovitapp.com/index/pt-br/transporte_p%C3%BAblico-line-112-Sao_Paulo-242-2038937-36419272-0,5.7,-23.7357105,-46.702399,,,,1,2023-06-15T14:12:14+00:00
SAO_677V-10,São Paulo,3550308,True,EMTU,112,https://moovitapp.com/index/pt-br/transporte_p%C3%BAblico-line-112-Sao_Paulo-242-2038937-36419272-0,5.7,-23.73318525,-46.705743,,,,1,2023-06-15T14:11:52+00:00
SAO_677V-10,São Paulo,3550308,True,EMTU,112,https://moovitapp.com/index/pt-br/transporte_p%C3%BAblico-line-112-Sao_Paulo-242-2038937-36419272-0,5.7,-23.744489,-46.7097325,,,,1,2023-06-15T14:11:39+00:00
SAO_4735-10,São Paulo,3550308,True,,1110,,,-23.6191365,-46.472797,,,,1,2023-06-15T14:12:19+00:00
SAO_4735-10,São Paulo,3550308,True,,1110,,,-23.6120385,-46.4736475,,,,1,2023-06-15T14:11:57+00:00
SAO_4725-10,São Paulo,3550308,True,,338,,,-23.611656625,-46.632747625,,,,1,2023-06-15T14:11:58+00:00
SAO_4725-10,São Paulo,3550308,True,,338,,,-23.605480999999997,-46.65938625,,,,1,2023-06-15T14:11:52+00:00
SAO_4725-10,São Paulo,3550308,True,,338,,,-23.610160125,-46.62692,,,,1,2023-06-15T14:11:56+00:00
SAO_2023-10,São Paulo,3550308,True,,35028,,,-23.480353,-46.606736,,,,2,2023-06-15T14:12:03+00:00
SAO_2023-10,São Paulo,3550308,True,,35028,,,-23.406170000000003,-46.5806565,,,,2,2023-06-15T14:11:25+00:00
SAO_2023-10,São Paulo,3550308,True,,35028,,,-23.42106175,-46.58913,,,,2,2023-06-15T14:09:20+00:00
SAO_2023-10,São Paulo,3550308,True,,35028,,,-23.4809215,-46.6029615,,,,2,2023-06-15T14:12:19+00:00
SAO_675X-10,São Paulo,3550308,True,EMTU,111,https://moovitapp.com/index/pt-br/transporte_p%C3%BAblico-line-111-Sao_Paulo-242-2038937-36419271-0,5.1,-23.70004375,-46.701075625,,,,1,2023-06-15T14:11:34+00:00
SAO_675X-10,São Paulo,3550308,True,EMTU,111,https://moovitapp.com/index/pt-br/transporte_p%C3%BAblico-line-111-Sao_Paulo-242-2038937-36419271-0,5.1,-23.652263249999997,-46.70189575,,,,1,2023-06-15T14:11:55+00:00
SAO_675X-10,São Paulo,3550308,True,EMTU,111,https://moovitapp.com/index/pt-br/transporte_p%C3%BAblico-line-111-Sao_Paulo-242-2038937-36419271-0,5.1,-23.62182025,-46.679286,,,,1,2023-06-15T14:11:49+00:00
SAO_675X-10,São Paulo,3550308,True,EMTU,111,https://moovitapp.com/index/pt-br/transporte_p%C3%BAblico-line-111-Sao_Paulo-242-2038937-36419271-0,5.1,-23.60085575,-46.65953425000001,,,,1,2023-06-15T14:12:13+00:00
SAO_675X-10,São Paulo,3550308,True,EMTU,111,https://moovitapp.com/index/pt-br/transporte_p%C3%BAblico-line-111-Sao_Paulo-242-2038937-36419271-0,5.1,-23.670877750000002,-46.710792999999995,,,,1,2023-06-15T14:08:43+00:00
SAO_3746-31,São Paulo,3550308,True,,2097,,,-23.566003000000002,-46.5569245,,,,1,2023-06-15T14:11:48+00:00
SAO_3746-31,São Paulo,3550308,True,,2097,,,-23.574655,-46.544032,,,,1,2023-06-15T14:12:15+00:00
SAO_6820-10,São Paulo,3550308,True,,32787,,,-23.656924,-46.7639025,,,,2,2023-06-15T14:11:41+00:00
SAO_6820-10,São Paulo,3550308,True,,32787,,,-23.658609,-46.78921425,,,,2,2023-06-15T14:12:13+00:00
SAO_6820-10,São Paulo,3550308,True,,32787,,,-23.663413,-46.781583999999995,,,,2,2023-06-15T14:12:13+00:00
SAO_3013-10,São Paulo,3550308,True,,33722,,,-23.5857655,-46.4092625,,,,2,2023-06-15T14:11:43+00:00
SAO_425E-10,São Paulo,3550308,True,,34404,,,-23.614496,-46.500415000000004,,,,2,2023-06-15T14:11:38+00:00
SAO_4036-10,São Paulo,3550308,True,,35329,,,-23.542727,-46.470595,,,,2,2023-06-15T14:11:46+00:00
SAO_4036-10,São Paulo,3550308,True,,35329,,,-23.550883,-46.4633385,,,,2,2023-06-15T14:12:15+00:00
SAO_4036-10,São Paulo,3550308,True,,35329,,,-23.550339,-46.509219,,,,2,2023-06-15T14:11:49+00:00
SAO_1709-21,São Paulo,3550308,True,,1967,,,-23.4787025,-46.602729499999995,,,,1,2023-06-15T14:11:57+00:00
SAO_1709-21,São Paulo,3550308,True,,1967,,,-23.456898,-46.6020585,,,,1,2023-06-15T14:11:39+00:00
SAO_3021-10,São Paulo,3550308,True,STT,276,https://moovitapp.com/index/pt-br/transporte_p%C3%BAblico-line-276-Sao_Paulo-242-850661-183276-0,5.3,-23.584865999999998,-46.582376499999995,,,,1,2023-06-15T14:11:41+00:00
SAO_3021-10,São Paulo,3550308,True,STT,276,https://moovitapp.com/index/pt-br/transporte_p%C3%BAblico-line-276-Sao_Paulo-242-850661-183276-0,5.3,-23.598350500000002,-46.5219465,,,,1,2023-06-15T14:10:20+00:00
SAO_2582-21,São Paulo,3550308,True,,1770,,,-23.540216,-46.61209975,,,,1,2023-06-15T14:11:50+00:00
SAO_2582-21,São Paulo,3550308,True,,1770,,,-23.49669375,-46.514936750000004,,,,1,2023-06-15T14:11:50+00:00
SAO_8032-10,São Paulo,3550308,True,,35313,,,-23.563682,-46.715475,,,,2,2023-06-15T14:12:04+00:00
SAO_8032-10,São Paulo,3550308,True,,35313,,,-23.571393625,-46.708289875000006,,,,2,2023-06-15T14:12:06+00:00
SAO_6036-10,São Paulo,3550308,True,,33982,,,-23.64345,-46.7424415,,,,2,2023-06-15T14:11:53+00:00
SAO_6036-10,São Paulo,3550308,True,,33982,,,-23.651247624999996,-46.709779999999995,,,,2,2023-06-15T14:12:18+00:00
SAO_877T-10,São Paulo,3550308,True,,34149,,,-23.559489125,-46.658570499999996,,,,2,2023-06-15T14:12:15+00:00
SAO_877T-10,São Paulo,3550308,True,,34149,,,-23.51331475,-46.72147137500001,,,,2,2023-06-15T14:12:05+00:00
SAO_877T-10,São Paulo,3550308,True,,34149,,,-23.520746000000003,-46.720389999999995,,,,2,2023-06-15T14:11:57+00:00
SAO_877T-10,São Paulo,3550308,True,,34149,,,-23.5285105625,-46.669801875000005,,,,2,2023-06-15T14:12:08+00:00
SAO_7725-10,São Paulo,3550308,True,,33240,,,-23.52588575,-46.70134425,,,,2,2023-06-15T14:11:54+00:00
SAO_7725-10,São Paulo,3550308,True,,33240,,,-23.5556725,-46.743877499999996,,,,2,2023-06-15T14:12:16+00:00
SAO_8000-1,São Paulo,3550308,True,,35274,,,-23.5263085,-46.6738405,,,,2,2023-06-15T14:11:54+00:00
SAO_8000-1,São Paulo,3550308,True,,35274,,,-23.520775999999998,-46.70046,,,,2,2023-06-15T14:11:56+00:00
SAO_8000-1,São Paulo,3550308,True,,35274,,,-23.527727249999998,-46.671215,,,,2,2023-06-15T14:12:22+00:00
SAO_1024-10,São Paulo,3550308,True,,2302,,,-23.459164,-46.6987805,,,,1,2023-06-15T14:11:49+00:00
SAO_1024-10,São Paulo,3550308,True,,2302,,,-23.48888,-46.698154,,,,1,2023-06-15T14:11:57+00:00
SAO_1024-10,São Paulo,3550308,True,,2302,,,-23.4761305,-46.695646,,,,1,2023-06-15T14:11:58+00:00
SAO_1024-10,São Paulo,3550308,True,,2302,,,-23.457571,-46.703492,,,,1,2023-06-15T14:12:00+00:00
SAO_4055-10,São Paulo,3550308,True,,35215,,,-23.546826,-46.422013,,,,2,2023-06-15T14:06:15+00:00
SAO_273F-10,São Paulo,3550308,True,,32927,,,-23.479658,-46.423798000000005,,,,2,2023-06-15T14:12:00+00:00
SAO_273F-10,São Paulo,3550308,True,,32927,,,-23.5128555,-46.4437095,,,,2,2023-06-15T14:11:41+00:00
SAO_6821-10,São Paulo,3550308,True,BR7 Mobilidade,21,https://moovitapp.com/index/pt-br/transporte_p%C3%BAblico-line-21-Sao_Paulo-242-851856-707765-0,5.75,-23.6700805,-46.7730215,,,,1,2023-06-15T14:12:08+00:00
SAO_6821-10,São Paulo,3550308,True,BR7 Mobilidade,21,https://moovitapp.com/index/pt-br/transporte_p%C3%BAblico-line-21-Sao_Paulo-242-851856-707765-0,5.75,-23.65865,-46.765243,,,,1,2023-06-15T14:12:05+00:00
SAO_6028-10,São Paulo,3550308,True,,33979,,,-23.702140999999997,-46.744587499999994,,,,2,2023-06-15T14:12:02+00:00
SAO_6028-10,São Paulo,3550308,True,,33979,,,-23.702140999999997,-46.744587499999994,,,,2,2023-06-15T14:12:21+00:00
SAO_6028-10,São Paulo,3550308,True,,33979,,,-23.668340999999998,-46.7331165,,,,2,2023-06-15T14:11:50+00:00
SAO_6028-10,São Paulo,3550308,True,,33979,,,-23.674248749999997,-46.734306000000004,,,,2,2023-06-15T14:12:08+00:00
SAO_6028-10,São Paulo,3550308,True,,33979,,,-23.702140999999997,-46.744587499999994,,,,2,2023-06-15T14:12:01+00:00
SAO_607A-21,São Paulo,3550308,True,,34908,,,-23.686578875,-46.69010475,,,,2,2023-06-15T14:11:42+00:00
SAO_607A-21,São Paulo,3550308,True,,34908,,,-23.6927905,-46.6601135,,,,2,2023-06-15T14:09:29+00:00
SAO_607A-21,São Paulo,3550308,True,,34908,,,-23.696395,-46.649801499999995,,,,2,2023-06-15T14:12:12+00:00
SAO_9015-10,São Paulo,3550308,True,,1269,,,-23.478245,-46.7134185,,,,1,2023-06-15T14:12:09+00:00
SAO_9015-10,São Paulo,3550308,True,,1269,,,-23.4868005,-46.726985,,,,1,2023-06-15T14:11:39+00:00
SAO_9015-10,São Paulo,3550308,True,,1269,,,-23.4875885,-46.7127185,,,,1,2023-06-15T14:11:53+00:00
SAO_9015-10,São Paulo,3550308,True,,1269,,,-23.488314000000003,-46.7216245,,,,1,2023-06-15T14:12:18+00:00
SAO_6120-10,São Paulo,3550308,True,,1189,,,-23.734681375,-46.694479375,,,,1,2023-06-15T14:11:41+00:00
SAO_6120-10,São Paulo,3550308,True,,1189,,,-23.762068499999998,-46.6734885,,,,1,2023-06-15T14:12:10+00:00
SAO_6120-10,São Paulo,3550308,True,,1189,,,-23.751331,-46.688252,,,,1,2023-06-15T14:11:54+00:00
SAO_6052-31,São Paulo,3550308,True,,1832,,,-23.7730165,-46.7025605,,,,1,2023-06-15T14:12:02+00:00
SAO_2032-10,São Paulo,3550308,True,,2266,,,-23.500587250000002,-46.611298,,,,1,2023-06-15T14:12:11+00:00
SAO_2032-10,São Paulo,3550308,True,,2266,,,-23.4842545,-46.573038499999996,,,,1,2023-06-15T14:11:30+00:00
SAO_2032-10,São Paulo,3550308,True,,2266,,,-23.485602,-46.5922305,,,,1,2023-06-15T14:12:14+00:00
SAO_2707-10,São Paulo,3550308,True,,33687,,,-23.533742750000002,-46.429751374999995,,,,2,2023-06-15T14:12:18+00:00
SAO_2707-10,São Paulo,3550308,True,,33687,,,-23.534775500000002,-46.404453000000004,,,,2,2023-06-15T14:10:57+00:00
SAO_2707-10,São Paulo,3550308,True,,33687,,,-23.5259545,-46.40527,,,,2,2023-06-15T14:12:15+00:00
SAO_2707-10,São Paulo,3550308,True,,33687,,,-23.532984499999998,-46.448578999999995,,,,2,2023-06-15T14:11:44+00:00
SAO_2707-10,São Paulo,3550308,True,,33687,,,-23.54371725,-46.461616750000005,,,,2,2023-06-15T14:11:41+00:00
SAO_6805-10,São Paulo,3550308,True,,32799,,,-23.654267,-46.763731,,,,2,2023-06-15T14:11:50+00:00
SAO_9008-10,São Paulo,3550308,True,,33643,,,-23.453066,-46.6995655,,,,2,2023-06-15T14:11:57+00:00
SAO_9008-10,São Paulo,3550308,True,,33643,,,-23.473703999999998,-46.669427,,,,2,2023-06-15T14:11:24+00:00
SAO_9008-10,São Paulo,3550308,True,,33643,,,-23.475020999999998,-46.670199,,,,2,2023-06-15T14:11:38+00:00
SAO_9008-10,São Paulo,3550308,True,,33643,,,-23.440492,-46.7082695,,,,2,2023-06-15T14:12:11+00:00
SAO_9008-10,São Paulo,3550308,True,,33643,,,-23.459804999999996,-46.68515025,,,,2,2023-06-15T14:11:42+00:00
SAO_9008-10,São Paulo,3550308,True,,33643,,,-23.463238750000002,-46.682105750000005,,,,2,2023-06-15T14:12:03+00:00
SAO_605A-10,São Paulo,3550308,True,,35290,,,-23.646513499999998,-46.639127,,,,2,2023-06-15T14:12:17+00:00
SAO_605A-10,São Paulo,3550308,True,,35290,,,-23.6495975,-46.632069,,,,2,2023-06-15T14:12:09+00:00
SAO_6076-41,São Paulo,3550308,True,,34754,,,-23.655170249999998,-46.70783675,,,,2,2023-06-15T14:11:48+00:00
SAO_6L04-10,São Paulo,3550308,True,,1180,,,-23.827983,-46.727349000000004,,,,1,2023-06-15T14:11:44+00:00
SAO_6L04-10,São Paulo,3550308,True,,1180,,,-23.865668499999998,-46.75787,,,,1,2023-06-15T14:11:39+00:00
SAO_5026-10,São Paulo,3550308,True,,34403,,,-23.622177999999998,-46.499795500000005,,,,2,2023-06-15T14:12:03+00:00
SAO_5026-10,São Paulo,3550308,True,,34403,,,-23.605611,-46.496804,,,,2,2023-06-15T14:11:48+00:00
SAO_3462-10,São Paulo,3550308,True,EMTU,247,https://moovitapp.com/index/pt-br/transporte_p%C3%BAblico-line-247-Sao_Paulo-242-2038937-36419359-0,6.55,-23.532877,-46.5402285,,,,1,2023-06-15T14:11:50+00:00
SAO_3462-10,São Paulo,3550308,True,EMTU,247,https://moovitapp.com/index/pt-br/transporte_p%C3%BAblico-line-247-Sao_Paulo-242-2038937-36419359-0,6.55,-23.5340585,-46.46348,,,,1,2023-06-15T14:11:09+00:00
SAO_5759-10,São Paulo,3550308,True,,1138,,,-23.68949,-46.643446,,,,1,2023-06-15T14:11:43+00:00
SAO_5759-10,São Paulo,3550308,True,,1138,,,-23.677872,-46.6578515,,,,1,2023-06-15T14:12:15+00:00
SAO_5759-10,São Paulo,3550308,True,,1138,,,-23.6869495,-46.639608,,,,1,2023-06-15T14:11:39+00:00
SAO_5759-10,São Paulo,3550308,True,,1138,,,-23.6366175,-46.641171,,,,1,2023-06-15T14:12:00+00:00
SAO_2028-10,São Paulo,3550308,True,,35031,,,-23.4757495,-46.603131,,,,2,2023-06-15T14:09:47+00:00
SAO_2028-10,São Paulo,3550308,True,,35031,,,-23.436342,-46.576679,,,,2,2023-06-15T14:12:12+00:00
SAO_6824-10,São Paulo,3550308,True,,32791,,,-23.673696749999998,-46.79064525,,,,2,2023-06-15T14:12:23+00:00
SAO_6824-10,São Paulo,3550308,True,,32791,,,-23.67516425,-46.789285,,,,2,2023-06-15T14:12:20+00:00
SAO_6824-10,São Paulo,3550308,True,,32791,,,-23.662273499999998,-46.780083000000005,,,,2,2023-06-15T14:11:50+00:00
SAO_2023-41,São Paulo,3550308,True,,2539,,,-23.4789475,-46.607421,,,,1,2023-06-15T14:07:48+00:00
SAO_2023-41,São Paulo,3550308,True,,2539,,,-23.454196,-46.6019615,,,,1,2023-06-15T14:11:41+00:00
SAO_6258-31,São Paulo,3550308,True,,1783,,,-23.6676995,-46.7355,,,,1,2023-06-15T14:11:52+00:00
SAO_6806-10,São Paulo,3550308,True,BR7 Mobilidade,32,https://moovitapp.com/index/pt-br/transporte_p%C3%BAblico-line-32-Sao_Paulo-242-851856-586488-0,5.75,-23.641842,-46.741538,,,,1,2023-06-15T14:11:52+00:00
SAO_6806-10,São Paulo,3550308,True,BR7 Mobilidade,32,https://moovitapp.com/index/pt-br/transporte_p%C3%BAblico-line-32-Sao_Paulo-242-851856-586488-0,5.75,-23.640235,-46.748059999999995,,,,1,2023-06-15T14:12:10+00:00
SAO_1016-10,São Paulo,3550308,True,EMTU,831,https://moovitapp.com/index/pt-br/transporte_p%C3%BAblico-line-831-Sao_Paulo-242-2038937-36419598-0,5.7,-23.45062925,-46.61138125,,,,1,2023-06-15T14:12:09+00:00
SAO_1016-10,São Paulo,3550308,True,EMTU,831,https://moovitapp.com/index/pt-br/transporte_p%C3%BAblico-line-831-Sao_Paulo-242-2038937-36419598-0,5.7,-23.4521245,-46.6074715,,,,1,2023-06-15T14:10:00+00:00
SAO_1016-10,São Paulo,3550308,True,EMTU,831,https://moovitapp.com/index/pt-br/transporte_p%C3%BAblico-line-831-Sao_Paulo-242-2038937-36419598-0,5.7,-23.4597075,-46.602514,,,,1,2023-06-15T14:11:40+00:00
SAO_1016-10,São Paulo,3550308,True,EMTU,831,https://moovitapp.com/index/pt-br/transporte_p%C3%BAblico-line-831-Sao_Paulo-242-2038937-36419598-0,5.7,-23.4775935,-46.610530499999996,,,,1,2023-06-15T14:11:48+00:00
SAO_1016-10,São Paulo,3550308,True,EMTU,831,https://moovitapp.com/index/pt-br/transporte_p%C3%BAblico-line-831-Sao_Paulo-242-2038937-36419598-0,5.7,-23.4505645,-46.6075825,,,,1,2023-06-15T14:10:43+00:00
SAO_1016-10,São Paulo,3550308,True,EMTU,831,https://moovitapp.com/index/pt-br/transporte_p%C3%BAblico-line-831-Sao_Paulo-242-2038937-36419598-0,5.7,-23.513510625000002,-46.616156249999996,,,,1,2023-06-15T14:11:48+00:00
SAO_1016-10,São Paulo,3550308,True,EMTU,831,https://moovitapp.com/index/pt-br/transporte_p%C3%BAblico-line-831-Sao_Paulo-242-2038937-36419598-0,5.7,-23.5008435,-46.615061999999995,,,,1,2023-06-15T14:11:44+00:00
SAO_6076-41,São Paulo,3550308,True,,1986,,,-23.718534,-46.697025,,,,1,2023-06-15T14:12:05+00:00
SAO_6076-41,São Paulo,3550308,True,,1986,,,-23.709000500000002,-46.699838,,,,1,2023-06-15T14:12:16+00:00
SAO_5031-21,São Paulo,3550308,True,,1747,,,-23.6028795,-46.601814000000005,,,,1,2023-06-15T14:11:47+00:00
SAO_3024-10,São Paulo,3550308,True,EMTU,277,https://moovitapp.com/index/pt-br/transporte_p%C3%BAblico-line-277-Sao_Paulo-242-2038937-36419380-0,8.15,-23.596598,-46.541945,,,,1,2023-06-15T14:12:08+00:00
SAO_3024-10,São Paulo,3550308,True,EMTU,277,https://moovitapp.com/index/pt-br/transporte_p%C3%BAblico-line-277-Sao_Paulo-242-2038937-36419380-0,8.15,-23.5827775,-46.5626685,,,,1,2023-06-15T14:11:42+00:00
SAO_2002-10,São Paulo,3550308,True,,33479,,,-23.546762,-46.629915499999996,,,,2,2023-06-15T14:11:41+00:00
SAO_2002-10,São Paulo,3550308,True,,33479,,,-23.546065499999997,-46.6320345,,,,2,2023-06-15T14:11:57+00:00
SAO_2724-10,São Paulo,3550308,True,,938,,,-23.524880625,-46.470176374999994,,,,1,2023-06-15T14:12:00+00:00
SAO_6801-10,São Paulo,3550308,True,,5,,,-23.653664499999998,-46.733382500000005,,,,1,2023-06-15T14:12:14+00:00
SAO_6801-10,São Paulo,3550308,True,,5,,,-23.6492395,-46.73245,,,,1,2023-06-15T14:11:40+00:00
SAO_6L11-10,São Paulo,3550308,True,,1167,,,-23.786157,-46.643626,,,,1,2023-06-15T14:11:48+00:00
SAO_6L11-10,São Paulo,3550308,True,,1167,,,-23.75891975,-46.664819,,,,1,2023-06-15T14:11:50+00:00
SAO_7062-31,São Paulo,3550308,True,,34682,,,-23.6326575,-46.772532,,,,2,2023-06-15T14:12:15+00:00
SAO_7062-31,São Paulo,3550308,True,,34682,,,-23.6463475,-46.7730035,,,,2,2023-06-15T14:11:40+00:00
SAO_7051-10,São Paulo,3550308,True,,1885,,,-23.643807,-46.779624,,,,1,2023-06-15T14:12:08+00:00
SAO_7051-10,São Paulo,3550308,True,,1885,,,-23.635189500000003,-46.775909,,,,1,2023-06-15T14:11:58+00:00
SAO_1015-10,São Paulo,3550308,True,,2230,,,-23.4324985,-46.7870395,,,,1,2023-06-15T14:11:54+00:00
SAO_1015-10,São Paulo,3550308,True,,2230,,,-23.4324985,-46.7870395,,,,1,2023-06-15T14:12:00+00:00
SAO_1025-10,São Paulo,3550308,True,,2303,,,-23.48888,-46.698154,,,,1,2023-06-15T14:12:07+00:00
SAO_1025-10,São Paulo,3550308,True,,2303,,,-23.45772675,-46.703227,,,,1,2023-06-15T14:11:42+00:00
SAO_1720-21,São Paulo,3550308,True,,34705,,,-23.48156,-46.5994185,,,,2,2023-06-15T14:11:40+00:00
SAO_1720-21,São Paulo,3550308,True,,34705,,,-23.479704875,-46.579556,,,,2,2023-06-15T14:10:44+00:00
SAO_1720-21,São Paulo,3550308,True,,34705,,,-23.481293,-46.602469125,,,,2,2023-06-15T14:12:18+00:00
SAO_1720-21,São Paulo,3550308,True,,34705,,,-23.4794695,-46.581993,,,,2,2023-06-15T14:11:49+00:00
SAO_1720-21,São Paulo,3550308,True,,34705,,,-23.487230500000003,-46.574059500000004,,,,2,2023-06-15T14:12:15+00:00
SAO_4718-10,São Paulo,3550308,True,,33104,,,-23.6132835,-46.62029750000001,,,,2,2023-06-15T14:12:08+00:00
SAO_5010-10,São Paulo,3550308,True,,33882,,,-23.656219375,-46.693859875,,,,2,2023-06-15T14:11:15+00:00
SAO_5010-10,São Paulo,3550308,True,,33882,,,-23.642576750000003,-46.65633875,,,,2,2023-06-15T14:11:42+00:00
SAO_5010-10,São Paulo,3550308,True,,33882,,,-23.6527015,-46.679465,,,,2,2023-06-15T14:11:45+00:00
SAO_5010-10,São Paulo,3550308,True,,33882,,,-23.650662,-46.662901000000005,,,,2,2023-06-15T14:12:03+00:00
SAO_5010-10,São Paulo,3550308,True,,33882,,,-23.662,-46.631691,,,,2,2023-06-15T14:12:12+00:00
SAO_4008-10,São Paulo,3550308,True,,2182,,,-23.5741,-46.450098999999994,,,,1,2023-06-15T14:11:43+00:00
SAO_4008-10,São Paulo,3550308,True,,2182,,,-23.5823035,-46.49123075,,,,1,2023-06-15T14:12:08+00:00
SAO_513C-10,São Paulo,3550308,True,,2535,,,-23.606816,-46.5630875,,,,1,2023-06-15T14:11:03+00:00
SAO_513C-10,São Paulo,3550308,True,,2535,,,-23.614725749999998,-46.500750749999995,,,,1,2023-06-15T14:12:01+00:00
SAO_513C-10,São Paulo,3550308,True,,2535,,,-23.6014565,-46.5436505,,,,1,2023-06-15T14:12:11+00:00
SAO_513C-10,São Paulo,3550308,True,,2535,,,-23.6003265,-46.512518,,,,1,2023-06-15T14:11:33+00:00
SAO_6003-21,São Paulo,3550308,True,,2576,,,-23.766613,-46.71643,,,,1,2023-06-15T14:11:59+00:00
SAO_6003-21,São Paulo,3550308,True,,2576,,,-23.766613,-46.71643,,,,1,2023-06-15T14:12:02+00:00
SAO_1772-10,São Paulo,3550308,True,,33403,,,-23.48009,-46.602402,,,,2,2023-06-15T14:11:38+00:00
SAO_1772-10,São Paulo,3550308,True,,33403,,,-23.463031,-46.5952255,,,,2,2023-06-15T14:09:47+00:00
SAO_1772-10,São Paulo,3550308,True,,33403,,,-23.434998,-46.5813665,,,,2,2023-06-15T14:11:48+00:00
SAO_1772-10,São Paulo,3550308,True,,33403,,,-23.451824000000002,-46.585422,,,,2,2023-06-15T14:11:46+00:00
SAO_1772-10,São Paulo,3550308,True,,33403,,,-23.4484685,-46.582323,,,,2,2023-06-15T14:09:30+00:00
SAO_4085-10,São Paulo,3550308,True,,2156,,,-23.554235249999998,-46.455140625,,,,1,2023-06-15T14:11:41+00:00
SAO_4085-10,São Paulo,3550308,True,,2156,,,-23.563363000000003,-46.42911,,,,1,2023-06-15T14:12:20+00:00
SAO_4085-10,São Paulo,3550308,True,,2156,,,-23.54517825,-46.4688915,,,,1,2023-06-15T14:11:18+00:00
SAO_938L-10,São Paulo,3550308,True,,1368,,,-23.515133,-46.6971045,,,,1,2023-06-15T14:11:40+00:00
SAO_938L-10,São Paulo,3550308,True,,1368,,,-23.504002999999997,-46.688412,,,,1,2023-06-15T14:12:17+00:00
SAO_938L-10,São Paulo,3550308,True,,1368,,,-23.517339999999997,-46.704061125,,,,1,2023-06-15T14:11:55+00:00
SAO_938L-10,São Paulo,3550308,True,,1368,,,-23.479086000000002,-46.673387500000004,,,,1,2023-06-15T14:11:48+00:00
SAO_6805-31,São Paulo,3550308,True,,1788,,,-23.6566125,-46.73590299999999,,,,1,2023-06-15T14:11:53+00:00
SAO_6805-31,São Paulo,3550308,True,,1788,,,-23.643871,-46.73386,,,,1,2023-06-15T14:11:38+00:00
SAO_6805-31,São Paulo,3550308,True,,1788,,,-23.653764,-46.7351,,,,1,2023-06-15T14:11:39+00:00
SAO_4024-10,São Paulo,3550308,True,,2158,,,-23.552701,-46.4297185,,,,1,2023-06-15T14:11:04+00:00
SAO_4024-10,São Paulo,3550308,True,,2158,,,-23.5648095,-46.418372,,,,1,2023-06-15T14:11:58+00:00
SAO_4024-10,São Paulo,3550308,True,,2158,,,-23.566568249999996,-46.424478,,,,1,2023-06-15T14:12:14+00:00
SAO_4024-10,São Paulo,3550308,True,,2158,,,-23.5406495,-46.447179000000006,,,,1,2023-06-15T14:11:38+00:00
SAO_4024-10,São Paulo,3550308,True,,2158,,,-23.5567995,-46.4355855,,,,1,2023-06-15T14:08:00+00:00
SAO_4111-10,São Paulo,3550308,True,,33088,,,-23.574576,-46.624724,,,,2,2023-06-15T14:12:10+00:00
SAO_4111-10,São Paulo,3550308,True,,33088,,,-23.5520875,-46.636109000000005,,,,2,2023-06-15T14:12:11+00:00
SAO_2079-10,São Paulo,3550308,True,,370,,,-23.50476775,-46.389867,,,,1,2023-06-15T14:12:03+00:00
SAO_2079-10,São Paulo,3550308,True,,370,,,-23.516762,-46.384977500000005,,,,1,2023-06-15T14:09:49+00:00
SAO_6818-10,São Paulo,3550308,True,,32796,,,-23.653626000000003,-46.77088875,,,,2,2023-06-15T14:11:43+00:00
SAO_6818-10,São Paulo,3550308,True,,32796,,,-23.655419000000002,-46.7722955,,,,2,2023-06-15T14:11:46+00:00
SAO_607A-21,São Paulo,3550308,True,,2140,,,-23.687529125,-46.689072874999994,,,,1,2023-06-15T14:12:20+00:00
SAO_607A-21,São Paulo,3550308,True,,2140,,,-23.695213000000003,-46.6539025,,,,1,2023-06-15T14:10:38+00:00
SAO_373M-10,São Paulo,3550308,True,EMTU,281,https://moovitapp.com/index/pt-br/transporte_p%C3%BAblico-line-281-Sao_Paulo-242-2038937-36419383-0,6.25,-23.5834665,-46.5627165,,,,1,2023-06-15T14:11:54+00:00
SAO_373M-10,São Paulo,3550308,True,EMTU,281,https://moovitapp.com/index/pt-br/transporte_p%C3%BAblico-line-281-Sao_Paulo-242-2038937-36419383-0,6.25,-23.5471865,-46.5869215,,,,1,2023-06-15T14:11:54+00:00
SAO_3722-10,São Paulo,3550308,True,,33788,,,-23.551389,-46.463671500000004,,,,2,2023-06-15T14:12:07+00:00
SAO_3722-10,São Paulo,3550308,True,,33788,,,-23.5340875,-46.542839,,,,2,2023-06-15T14:12:19+00:00
SAO_7181-10,São Paulo,3550308,True,,34100,,,-23.544208,-46.644346,,,,2,2023-06-15T14:12:06+00:00
SAO_7181-10,São Paulo,3550308,True,,34100,,,-23.567683000000002,-46.670198,,,,2,2023-06-15T14:11:46+00:00
SAO_9090-10,São Paulo,3550308,True,,884,,,-23.478749999999998,-46.673298,,,,1,2023-06-15T14:12:19+00:00
SAO_9090-10,São Paulo,3550308,True,,884,,,-23.492528,-46.670823999999996,,,,1,2023-06-15T14:12:10+00:00
SAO_8013-41,São Paulo,3550308,True,,34779,,,-23.428596,-46.798662,,,,2,2023-06-15T14:12:10+00:00
SAO_6823-10,São Paulo,3550308,True,,32802,,,-23.692131,-46.78990950000001,,,,2,2023-06-15T14:11:56+00:00
SAO_8007-10,São Paulo,3550308,True,,34025,,,-23.475406,-46.7563575,,,,2,2023-06-15T14:12:15+00:00
SAO_8007-10,São Paulo,3550308,True,,34025,,,-23.482908000000002,-46.7408755,,,,2,2023-06-15T14:12:07+00:00
SAO_6063-43,São Paulo,3550308,True,,2480,,,-23.7911025,-46.6894355,,,,1,2023-06-15T14:11:58+00:00
SAO_6063-43,São Paulo,3550308,True,,2480,,,-23.829154,-46.66572599999999,,,,1,2023-06-15T14:12:12+00:00
SAO_6418-10,São Paulo,3550308,True,,771,,,-23.6214085,-46.6988585,,,,1,2023-06-15T14:11:55+00:00
SAO_1026-10,São Paulo,3550308,True,,2306,,,-23.4721745,-46.7085915,,,,1,2023-06-15T14:11:38+00:00
SAO_1026-10,São Paulo,3550308,True,,2306,,,-23.488557999999998,-46.697984500000004,,,,1,2023-06-15T14:12:14+00:00
SAO_2101-41,São Paulo,3550308,True,STT,715,https://moovitapp.com/index/pt-br/transporte_p%C3%BAblico-line-715-Sao_Paulo-242-850661-183343-0,5.3,-23.572797,-46.5876505,,,,1,2023-06-15T14:12:07+00:00
SAO_6L03-10,São Paulo,3550308,True,,34333,,,-23.87961475,-46.77750225,,,,2,2023-06-15T14:12:03+00:00
SAO_6L03-10,São Paulo,3550308,True,,34333,,,-23.878455,-46.776332,,,,2,2023-06-15T14:12:09+00:00
SAO_3009-10,São Paulo,3550308,True,,2526,,,-23.50764325,-46.39817525000001,,,,1,2023-06-15T14:10:31+00:00
SAO_3414-10,São Paulo,3550308,True,,33514,,,-23.5445375,-46.5214515,,,,2,2023-06-15T14:11:48+00:00
SAO_3414-10,São Paulo,3550308,True,,33514,,,-23.535432,-46.537717125,,,,2,2023-06-15T14:11:41+00:00
SAO_3414-10,São Paulo,3550308,True,,33514,,,-23.5452285,-46.596523000000005,,,,2,2023-06-15T14:11:50+00:00
SAO_2201-10,São Paulo,3550308,True,,909,,,-23.5324795,-46.3946915,,,,1,2023-06-15T14:12:03+00:00
SAO_2201-10,São Paulo,3550308,True,,909,,,-23.534992,-46.401114500000006,,,,1,2023-06-15T14:11:44+00:00
SAO_809U-10,São Paulo,3550308,True,,2254,,,-23.531790375,-46.686048,,,,1,2023-06-15T14:11:51+00:00
SAO_5033-10,São Paulo,3550308,True,,1665,,,-23.618652,-46.610078,,,,1,2023-06-15T14:11:38+00:00
SAO_2735-21,São Paulo,3550308,True,,33282,,,-23.49869475,-46.5298885,,,,2,2023-06-15T14:12:20+00:00
SAO_2735-21,São Paulo,3550308,True,,33282,,,-23.5231655,-46.545469499999996,,,,2,2023-06-15T14:11:39+00:00
SAO_8100-10,São Paulo,3550308,True,,34030,,,-23.5180455,-46.70389725,,,,2,2023-06-15T14:11:55+00:00
SAO_4053-10,São Paulo,3550308,True,,2146,,,-23.542544,-46.4158275,,,,1,2023-06-15T14:11:49+00:00
SAO_4053-10,São Paulo,3550308,True,,2146,,,-23.5590895,-46.399975,,,,1,2023-06-15T14:12:12+00:00
SAO_4053-10,São Paulo,3550308,True,,2146,,,-23.5590895,-46.399975,,,,1,2023-06-15T14:12:14+00:00
SAO_607A-10,São Paulo,3550308,True,,34907,,,-23.682382750000002,-46.693752,,,,2,2023-06-15T14:11:38+00:00
SAO_607A-10,São Paulo,3550308,True,,34907,,,-23.7099995,-46.652274500000004,,,,2,2023-06-15T14:12:12+00:00
SAO_607A-10,São Paulo,3550308,True,,34907,,,-23.697074,-46.669842,,,,2,2023-06-15T14:12:07+00:00
SAO_211L-10,São Paulo,3550308,True,,35033,,,-23.50387,-46.685015,,,,2,2023-06-15T14:11:59+00:00
SAO_211L-10,São Paulo,3550308,True,,35033,,,-23.4826065,-46.6307425,,,,2,2023-06-15T14:11:47+00:00
SAO_211L-10,São Paulo,3550308,True,,35033,,,-23.4698565,-46.654622,,,,2,2023-06-15T14:12:00+00:00
SAO_6801-10,São Paulo,3550308,True,,32773,,,-23.646122499999997,-46.730146500000004,,,,2,2023-06-15T14:12:12+00:00
SAO_6801-10,São Paulo,3550308,True,,32773,,,-23.660584,-46.7336095,,,,2,2023-06-15T14:11:43+00:00
SAO_2702-21,São Paulo,3550308,True,,1526,,,-23.537959999999998,-46.4775645,,,,1,2023-06-15T14:11:07+00:00
SAO_2702-21,São Paulo,3550308,True,,1526,,,-23.5052305,-46.47451825,,,,1,2023-06-15T14:12:02+00:00
SAO_9032-21,São Paulo,3550308,True,,1815,,,-23.453649,-46.6968745,,,,1,2023-06-15T14:11:44+00:00
SAO_9032-21,São Paulo,3550308,True,,1815,,,-23.4749165,-46.6693955,,,,1,2023-06-15T14:11:37+00:00
SAO_6045-21,São Paulo,3550308,True,,2164,,,-23.681593,-46.7864925,,,,1,2023-06-15T14:12:02+00:00
SAO_1767-10,São Paulo,3550308,True,,628,,,-23.481042000000002,-46.601279000000005,,,,1,2023-06-15T14:12:18+00:00
SAO_1767-10,São Paulo,3550308,True,,628,,,-23.473826,-46.5661475,,,,1,2023-06-15T14:11:57+00:00
SAO_1767-10,São Paulo,3550308,True,,628,,,-23.467816749999997,-46.583675,,,,1,2023-06-15T14:11:48+00:00
SAO_1767-10,São Paulo,3550308,True,,628,,,-23.4752315,-46.5700525,,,,1,2023-06-15T14:11:52+00:00
SAO_1785-10,São Paulo,3550308,True,,34584,,,-23.503023499999998,-46.623708500000006,,,,2,2023-06-15T14:12:16+00:00
SAO_1785-10,São Paulo,3550308,True,,34584,,,-23.4861765,-46.623152000000005,,,,2,2023-06-15T14:12:17+00:00
SAO_719P-10,São Paulo,3550308,True,,34140,,,-23.5480965,-46.65888137499999,,,,2,2023-06-15T14:11:39+00:00
SAO_2709-31,São Paulo,3550308,True,,923,,,-23.53000875,-46.48747,,,,1,2023-06-15T14:11:53+00:00
SAO_4706-10,São Paulo,3550308,True,,33067,,,-23.587885375,-46.610709375,,,,2,2023-06-15T14:12:11+00:00
SAO_4706-10,São Paulo,3550308,True,,33067,,,-23.601038875,-46.609465125,,,,2,2023-06-15T14:12:05+00:00
SAO_1019-10,São Paulo,3550308,True,,2495,,,-23.4326525,-46.778844,,,,1,2023-06-15T14:12:20+00:00
SAO_407W-10,São Paulo,3550308,True,,2204,,,-23.54226125,-46.560091875,,,,1,2023-06-15T14:10:52+00:00
SAO_407W-10,São Paulo,3550308,True,,2204,,,-23.5820895,-46.50640824999999,,,,1,2023-06-15T14:11:59+00:00
SAO_407W-10,São Paulo,3550308,True,,2204,,,-23.54807875,-46.53864475,,,,1,2023-06-15T14:12:03+00:00
SAO_407W-10,São Paulo,3550308,True,,2204,,,-23.5735485,-46.532583,,,,1,2023-06-15T14:11:22+00:00
SAO_857C-10,São Paulo,3550308,True,,34669,,,-23.637491,-46.66292,,,,2,2023-06-15T14:12:04+00:00
SAO_857C-10,São Paulo,3550308,True,,34669,,,-23.615479125,-46.676651875000005,,,,2,2023-06-15T14:12:21+00:00
SAO_857C-10,São Paulo,3550308,True,,34669,,,-23.627750125000002,-46.67491475,,,,2,2023-06-15T14:11:42+00:00
SAO_524L-10,São Paulo,3550308,True,,34483,,,-23.5576335,-46.558638,,,,2,2023-06-15T14:12:20+00:00
SAO_524L-10,São Paulo,3550308,True,,34483,,,-23.571804375,-46.561348875,,,,2,2023-06-15T14:11:41+00:00
SAO_524L-10,São Paulo,3550308,True,,34483,,,-23.601273999999997,-46.536525499999996,,,,2,2023-06-15T14:11:42+00:00
SAO_695D-10,São Paulo,3550308,True,,32882,,,-23.738132,-46.686593,,,,2,2023-06-15T14:12:20+00:00
SAO_695D-10,São Paulo,3550308,True,,32882,,,-23.6660915,-46.677988,,,,2,2023-06-15T14:12:01+00:00
SAO_695D-10,São Paulo,3550308,True,,32882,,,-23.653155374999997,-46.66630225,,,,2,2023-06-15T14:11:56+00:00
SAO_695D-10,São Paulo,3550308,True,,32882,,,-23.706483,-46.700525999999996,,,,2,2023-06-15T14:12:22+00:00
SAO_2017-10,São Paulo,3550308,True,,903,,,-23.494115,-46.43924975,,,,1,2023-06-15T14:10:11+00:00
SAO_2017-10,São Paulo,3550308,True,,903,,,-23.497004500000003,-46.41507475,,,,1,2023-06-15T14:10:46+00:00
SAO_2017-10,São Paulo,3550308,True,,903,,,-23.495147000000003,-46.4347765,,,,1,2023-06-15T14:10:35+00:00
SAO_2101-10,São Paulo,3550308,True,,33482,,,-23.551116999999998,-46.5893145,,,,2,2023-06-15T14:12:07+00:00
SAO_8002-10,São Paulo,3550308,True,,34020,,,-23.505135,-46.7394925,,,,2,2023-06-15T14:12:01+00:00
SAO_272N-10,São Paulo,3550308,True,,33473,,,-23.54893,-46.62942425,,,,2,2023-06-15T14:11:37+00:00
SAO_272N-10,São Paulo,3550308,True,,33473,,,-23.512845,-46.585291,,,,2,2023-06-15T14:11:37+00:00
SAO_4284-10,São Paulo,3550308,True,,33057,,,-23.598563,-46.558642000000006,,,,2,2023-06-15T14:11:54+00:00
SAO_8047-41,São Paulo,3550308,True,,33178,,,-23.434162999999998,-46.754868,,,,2,2023-06-15T14:11:42+00:00
SAO_8047-41,São Paulo,3550308,True,,33178,,,-23.541287500000003,-46.696898000000004,,,,2,2023-06-15T14:12:06+00:00
SAO_8047-41,São Paulo,3550308,True,,33178,,,-23.509777999999997,-46.74725,,,,2,2023-06-15T14:12:04+00:00
SAO_7021-10,São Paulo,3550308,True,,34757,,,-23.6515555,-46.7337945,,,,2,2023-06-15T14:12:10+00:00
SAO_7021-10,São Paulo,3550308,True,,34757,,,-23.6739495,-46.7591975,,,,2,2023-06-15T14:11:45+00:00
SAO_971R-21,São Paulo,3550308,True,,615,,,-23.479156500000002,-46.662243000000004,,,,1,2023-06-15T14:12:00+00:00
SAO_971R-21,São Paulo,3550308,True,,615,,,-23.500266,-46.6352555,,,,1,2023-06-15T14:11:56+00:00
SAO_4015-10,São Paulo,3550308,True,,2188,,,-23.628712750000002,-46.470687749999996,,,,1,2023-06-15T14:12:02+00:00
SAO_4015-10,São Paulo,3550308,True,,2188,,,-23.611307500000002,-46.475449,,,,1,2023-06-15T14:12:14+00:00
SAO_4015-10,São Paulo,3550308,True,,2188,,,-23.613228499999998,-46.476530999999994,,,,1,2023-06-15T14:12:03+00:00
SAO_637A-21,São Paulo,3550308,True,,32949,,,-23.565980000000003,-46.701752,,,,2,2023-06-15T14:11:41+00:00
SAO_2012-10,São Paulo,3550308,True,,35049,,,-23.489519,-46.58121775,,,,2,2023-06-15T14:12:02+00:00
SAO_2012-10,São Paulo,3550308,True,,35049,,,-23.501205,-46.600502,,,,2,2023-06-15T14:11:49+00:00
SAO_1703-10,São Paulo,3550308,True,,847,,,-23.47126,-46.586546625,,,,1,2023-06-15T14:08:51+00:00
SAO_1703-10,São Paulo,3550308,True,,847,,,-23.44310575,-46.5899405,,,,1,2023-06-15T14:11:41+00:00
SAO_1703-10,São Paulo,3550308,True,,847,,,-23.499353499999998,-46.613966500000004,,,,1,2023-06-15T14:12:08+00:00
SAO_1015-10,São Paulo,3550308,True,,34998,,,-23.414205,-46.8114775,,,,2,2023-06-15T14:12:10+00:00
SAO_6003-10,São Paulo,3550308,True,,34240,,,-23.736408,-46.699144000000004,,,,2,2023-06-15T14:12:06+00:00
SAO_271C-10,São Paulo,3550308,True,,33450,,,-23.519358249999996,-46.577099,,,,2,2023-06-15T14:12:18+00:00
SAO_271C-10,São Paulo,3550308,True,,33450,,,-23.503926999999997,-46.6143,,,,2,2023-06-15T14:12:21+00:00
SAO_5131-10,São Paulo,3550308,True,,34050,,,-23.56742725,-46.648875000000004,,,,2,2023-06-15T14:12:05+00:00
SAO_5131-10,São Paulo,3550308,True,,34050,,,-23.662461999999998,-46.669380000000004,,,,2,2023-06-15T14:12:17+00:00
SAO_5131-10,São Paulo,3550308,True,,34050,,,-23.592735249999997,-46.6728895,,,,2,2023-06-15T14:12:19+00:00
SAO_5131-10,São Paulo,3550308,True,,34050,,,-23.585085,-46.6707805,,,,2,2023-06-15T14:11:52+00:00
SAO_4727-10,São Paulo,3550308,True,Cidade de Caieiras,340,https://moovitapp.com/index/pt-br/transporte_p%C3%BAblico-line-340-Sao_Paulo-242-868761-101563062-0,5.0,-23.611991,-46.62674975,,,,1,2023-06-15T14:12:00+00:00
SAO_4727-10,São Paulo,3550308,True,Cidade de Caieiras,340,https://moovitapp.com/index/pt-br/transporte_p%C3%BAblico-line-340-Sao_Paulo-242-868761-101563062-0,5.0,-23.647494000000002,-46.61273,,,,1,2023-06-15T14:12:15+00:00
SAO_9018-10,São Paulo,3550308,True,,1271,,,-23.4843435,-46.7227915,,,,1,2023-06-15T14:12:03+00:00
SAO_9018-10,São Paulo,3550308,True,,1271,,,-23.469575,-46.721953,,,,1,2023-06-15T14:12:17+00:00
SAO_1705-51,São Paulo,3550308,True,,35282,,,-23.4452475,-46.5899275,,,,2,2023-06-15T14:11:52+00:00
SAO_4006-21,São Paulo,3550308,True,,2482,,,-23.596856,-46.436479,,,,1,2023-06-15T14:12:18+00:00
SAO_771P-10,São Paulo,3550308,True,EMTU,506,https://moovitapp.com/index/pt-br/transporte_p%C3%BAblico-line-506-Sao_Paulo-242-2038937-36419528-0,5.65,-23.58381975,-46.779043375,,,,1,2023-06-15T14:11:58+00:00
SAO_771P-10,São Paulo,3550308,True,EMTU,506,https://moovitapp.com/index/pt-br/transporte_p%C3%BAblico-line-506-Sao_Paulo-242-2038937-36419528-0,5.65,-23.5970695,-46.7908305,,,,1,2023-06-15T14:12:01+00:00
SAO_771P-10,São Paulo,3550308,True,EMTU,506,https://moovitapp.com/index/pt-br/transporte_p%C3%BAblico-line-506-Sao_Paulo-242-2038937-36419528-0,5.65,-23.5754435,-46.717406249999996,,,,1,2023-06-15T14:12:12+00:00
SAO_6L03-10,São Paulo,3550308,True,,1565,,,-23.827983,-46.727349000000004,,,,1,2023-06-15T14:12:22+00:00
SAO_3462-41,São Paulo,3550308,True,EMTU,248,https://moovitapp.com/index/pt-br/transporte_p%C3%BAblico-line-248-Sao_Paulo-242-2038937-36419360-0,6.8,-23.525548,-46.5045945,,,,1,2023-06-15T14:11:22+00:00
SAO_8300-10,São Paulo,3550308,True,,1264,,,-23.4857985,-46.72474375,,,,1,2023-06-15T14:12:15+00:00
SAO_8300-10,São Paulo,3550308,True,,1264,,,-23.516236999999997,-46.698377,,,,1,2023-06-15T14:12:19+00:00
SAO_809T-10,São Paulo,3550308,True,,2246,,,-23.551931500000002,-46.740971,,,,1,2023-06-15T14:11:41+00:00
SAO_809T-10,São Paulo,3550308,True,,2246,,,-23.58358125,-46.77853125,,,,1,2023-06-15T14:11:42+00:00
SAO_809T-10,São Paulo,3550308,True,,2246,,,-23.529069749999998,-46.732646625,,,,1,2023-06-15T14:11:57+00:00
SAO_7062-31,São Paulo,3550308,True,,1914,,,-23.639405,-46.778650999999996,,,,1,2023-06-15T14:12:11+00:00
SAO_5129-41,São Paulo,3550308,True,,1974,,,-23.6779065,-46.641213,,,,1,2023-06-15T14:11:45+00:00
SAO_5129-41,São Paulo,3550308,True,,1974,,,-23.65208425,-46.6873595,,,,1,2023-06-15T14:10:27+00:00
SAO_8594-21,São Paulo,3550308,True,,33201,,,-23.5477505,-46.641476,,,,2,2023-06-15T14:12:09+00:00
SAO_6063-21,São Paulo,3550308,True,,2001,,,-23.767886500000003,-46.7165485,,,,1,2023-06-15T14:11:49+00:00
SAO_4115-10,São Paulo,3550308,True,,33090,,,-23.549505000000003,-46.64236225,,,,2,2023-06-15T14:12:13+00:00
SAO_4115-10,São Paulo,3550308,True,,33090,,,-23.582033000000003,-46.622231,,,,2,2023-06-15T14:12:14+00:00
SAO_5031-21,São Paulo,3550308,True,,34515,,,-23.603051,-46.603314,,,,2,2023-06-15T14:12:13+00:00
SAO_5031-21,São Paulo,3550308,True,,34515,,,-23.6126175,-46.59456,,,,2,2023-06-15T14:12:14+00:00
SAO_5031-21,São Paulo,3550308,True,,34515,,,-23.602815,-46.602648,,,,2,2023-06-15T14:12:16+00:00
SAO_736G-10,São Paulo,3550308,True,,33548,,,-23.640024,-46.7486895,,,,2,2023-06-15T14:12:12+00:00
SAO_736G-10,São Paulo,3550308,True,,33548,,,-23.632452999999998,-46.7480465,,,,2,2023-06-15T14:11:45+00:00
SAO_736G-10,São Paulo,3550308,True,,33548,,,-23.6251605,-46.70214850000001,,,,2,2023-06-15T14:11:52+00:00
SAO_6001-10,São Paulo,3550308,True,,52,,,-23.65128825,-46.709048499999994,,,,1,2023-06-15T14:11:51+00:00
SAO_6001-10,São Paulo,3550308,True,,52,,,-23.649005000000002,-46.7539805,,,,1,2023-06-15T14:12:22+00:00
SAO_1012-10,São Paulo,3550308,True,,2486,,,-23.4355895,-46.790264500000006,,,,1,2023-06-15T14:12:01+00:00
SAO_407M-10,São Paulo,3550308,True,,318,,,-23.574442,-46.612339,,,,1,2023-06-15T14:12:14+00:00
SAO_7053-22,São Paulo,3550308,True,,1896,,,-23.644146,-46.788485,,,,1,2023-06-15T14:12:10+00:00
SAO_8252-10,São Paulo,3550308,True,,34016,,,-23.529177124999997,-46.699888625,,,,2,2023-06-15T14:11:55+00:00
SAO_3735-21,São Paulo,3550308,True,,1705,,,-23.540855999999998,-46.4849405,,,,1,2023-06-15T14:11:48+00:00
SAO_3735-21,São Paulo,3550308,True,,1705,,,-23.54353575,-46.48761725,,,,1,2023-06-15T14:11:52+00:00
SAO_9162-10,São Paulo,3550308,True,,1365,,,-23.488519,-46.6590975,,,,1,2023-06-15T14:12:05+00:00
SAO_8032-10,São Paulo,3550308,True,,2545,,,-23.562393625,-46.719397,,,,1,2023-06-15T14:12:02+00:00
SAO_6232-10,São Paulo,3550308,True,,33251,,,-23.538559,-46.66399,,,,2,2023-06-15T14:12:06+00:00
SAO_948A-10,São Paulo,3550308,True,,34191,,,-23.5241095,-46.6842925,,,,2,2023-06-15T14:11:59+00:00
SAO_948A-10,São Paulo,3550308,True,,34191,,,-23.507753,-46.7089275,,,,2,2023-06-15T14:11:41+00:00
SAO_6063-21,São Paulo,3550308,True,,34769,,,-23.767591,-46.7163045,,,,2,2023-06-15T14:11:48+00:00
SAO_1778-10,São Paulo,3550308,True,,34557,,,-23.4579565,-46.602463,,,,2,2023-06-15T14:11:23+00:00
SAO_6816-31,São Paulo,3550308,True,,34516,,,-23.6555405,-46.7694495,,,,2,2023-06-15T14:12:02+00:00
SAO_7059-10,São Paulo,3550308,True,,1924,,,-23.659461,-46.774684500000006,,,,1,2023-06-15T14:12:09+00:00
SAO_6051-10,São Paulo,3550308,True,,1143,,,-23.7727045,-46.701348,,,,1,2023-06-15T14:12:06+00:00
SAO_3001-10,São Paulo,3550308,True,,34418,,,-23.4964555,-46.40174775,,,,2,2023-06-15T14:12:14+00:00
SAO_3001-10,São Paulo,3550308,True,,34418,,,-23.511333999999998,-46.379008999999996,,,,2,2023-06-15T14:09:33+00:00
SAO_6L10-41,São Paulo,3550308,True,,2005,,,-23.779139,-46.746362000000005,,,,1,2023-06-15T14:11:50+00:00
SAO_273V-10,São Paulo,3550308,True,EMTU,231,https://moovitapp.com/index/pt-br/transporte_p%C3%BAblico-line-231-Sao_Paulo-242-2038937-36419348-0,6.2,-23.5298835,-46.452235625,,,,1,2023-06-15T14:11:51+00:00
SAO_273V-10,São Paulo,3550308,True,EMTU,231,https://moovitapp.com/index/pt-br/transporte_p%C3%BAblico-line-231-Sao_Paulo-242-2038937-36419348-0,6.2,-23.522708,-46.518773,,,,1,2023-06-15T14:10:56+00:00
SAO_4016-10,São Paulo,3550308,True,,34957,,,-23.6325615,-46.462689,,,,2,2023-06-15T14:12:19+00:00
SAO_6019-10,São Paulo,3550308,True,,1490,,,-23.6801205,-46.736149,,,,1,2023-06-15T14:12:07+00:00
SAO_6019-10,São Paulo,3550308,True,,1490,,,-23.667917,-46.7355005,,,,1,2023-06-15T14:11:43+00:00
SAO_909T-1,São Paulo,3550308,True,,2512,,,-23.551023999999998,-46.6345835,,,,1,2023-06-15T14:11:57+00:00
SAO_3008-10,São Paulo,3550308,True,,2515,,,-23.5145305,-46.3958775,,,,1,2023-06-15T14:12:05+00:00
SAO_3008-10,São Paulo,3550308,True,,2515,,,-23.5139615,-46.39591575,,,,1,2023-06-15T14:09:09+00:00
SAO_3008-10,São Paulo,3550308,True,,2515,,,-23.4941755,-46.4006435,,,,1,2023-06-15T14:12:14+00:00
SAO_7053-21,São Paulo,3550308,True,,1895,,,-23.634363,-46.774752,,,,1,2023-06-15T14:12:02+00:00
SAO_119L-10,São Paulo,3550308,True,,2273,,,-23.448286500000002,-46.7875425,,,,1,2023-06-15T14:11:54+00:00
SAO_7052-10,São Paulo,3550308,True,,1886,,,-23.6415285,-46.7732285,,,,1,2023-06-15T14:12:18+00:00
SAO_7052-10,São Paulo,3550308,True,,1886,,,-23.6325105,-46.7723915,,,,1,2023-06-15T14:11:44+00:00
SAO_7052-10,São Paulo,3550308,True,,1886,,,-23.641812,-46.7711815,,,,1,2023-06-15T14:12:05+00:00
SAO_1730-10,São Paulo,3550308,True,,33633,,,-23.51559625,-46.61637925,,,,2,2023-06-15T14:11:45+00:00
SAO_1730-10,São Paulo,3550308,True,,33633,,,-23.50543025,-46.6263175,,,,2,2023-06-15T14:11:55+00:00
SAO_1730-10,São Paulo,3550308,True,,33633,,,-23.502589,-46.623686500000005,,,,2,2023-06-15T14:11:41+00:00
SAO_6L01-22,São Paulo,3550308,True,,34595,,,-23.767305999999998,-46.716412,,,,2,2023-06-15T14:11:49+00:00
SAO_8023-10,São Paulo,3550308,True,,2074,,,-23.5834515,-46.77714175,,,,1,2023-06-15T14:11:47+00:00
SAO_8023-10,São Paulo,3550308,True,,2074,,,-23.592484750000004,-46.735436,,,,1,2023-06-15T14:11:47+00:00
SAO_129F-41,São Paulo,3550308,True,,2305,,,-23.5300135,-46.647273999999996,,,,1,2023-06-15T14:11:57+00:00
SAO_129F-41,São Paulo,3550308,True,,2305,,,-23.497653,-46.705223000000004,,,,1,2023-06-15T14:12:06+00:00
SAO_2033-10,São Paulo,3550308,True,,2499,,,-23.517968500000002,-46.605515875,,,,1,2023-06-15T14:10:23+00:00
SAO_8047-51,São Paulo,3550308,False,EMTU,411,https://moovitapp.com/index/pt-br/transporte_p%C3%BAblico-line-411-Sao_Paulo-242-2038937-36419470-0,7.3,-23.520660499999998,-46.712124,,,,1,2023-06-15T14:11:39+00:00
SAO_1021-10,São Paulo,3550308,True,EMTU,833,https://moovitapp.com/index/pt-br/transporte_p%C3%BAblico-line-833-Sao_Paulo-242-2038937-36419599-0,5.4,-23.46019,-46.7183245,,,,1,2023-06-15T14:10:54+00:00
SAO_1021-10,São Paulo,3550308,True,EMTU,833,https://moovitapp.com/index/pt-br/transporte_p%C3%BAblico-line-833-Sao_Paulo-242-2038937-36419599-0,5.4,-23.45242175,-46.7130895,,,,1,2023-06-15T14:11:46+00:00
SAO_978L-10,São Paulo,3550308,True,,33234,,,-23.479243,-46.6732695,,,,2,2023-06-15T14:12:06+00:00
SAO_978L-10,São Paulo,3550308,True,,33234,,,-23.525191,-46.664248,,,,2,2023-06-15T14:12:10+00:00
SAO_2030-10,São Paulo,3550308,True,,2264,,,-23.503203499999998,-46.624899,,,,1,2023-06-15T14:11:48+00:00
SAO_9005-41,São Paulo,3550308,True,,34208,,,-23.4527295,-46.687453,,,,2,2023-06-15T14:12:12+00:00
SAO_2703-22,São Paulo,3550308,True,,34577,,,-23.5426475,-46.469744,,,,2,2023-06-15T14:09:21+00:00
SAO_8015-21,São Paulo,3550308,True,,34797,,,-23.394917250000002,-46.741938499999996,,,,2,2023-06-15T14:11:40+00:00
SAO_9014-42,São Paulo,3550308,True,,1426,,,-23.517795125,-46.699339875,,,,1,2023-06-15T14:12:15+00:00
SAO_6012-31,São Paulo,3550308,True,,34544,,,-23.6868325,-46.787843499999994,,,,2,2023-06-15T14:11:44+00:00
SAO_6012-31,São Paulo,3550308,True,,34544,,,-23.6942245,-46.7864945,,,,2,2023-06-15T14:11:40+00:00
SAO_5110-23,São Paulo,3550308,True,,35211,,,-23.6034905,-46.512074,,,,2,2023-06-15T14:12:02+00:00
SAO_6L02-10,São Paulo,3550308,True,,33946,,,-23.8884125,-46.748808,,,,2,2023-06-15T14:11:40+00:00
SAO_6012-31,São Paulo,3550308,True,,1776,,,-23.6942245,-46.7864945,,,,1,2023-06-15T14:11:57+00:00
SAO_9162-10,São Paulo,3550308,True,,34133,,,-23.473307499999997,-46.6835035,,,,2,2023-06-15T14:12:17+00:00
SAO_1023-10,São Paulo,3550308,True,,35327,,,-23.482210000000002,-46.7243665,,,,2,2023-06-15T14:12:06+00:00
SAO_6L08-10,São Paulo,3550308,True,,1182,,,-23.827348,-46.69764012499999,,,,1,2023-06-15T14:11:54+00:00
SAO_2020-10,São Paulo,3550308,True,,2262,,,-23.476981,-46.610052249999995,,,,1,2023-06-15T14:11:38+00:00
SAO_2020-10,São Paulo,3550308,True,,2262,,,-23.461714,-46.60282599999999,,,,1,2023-06-15T14:12:13+00:00
SAO_8021-10,São Paulo,3550308,True,,34841,,,-23.5845,-46.7545205,,,,2,2023-06-15T14:11:53+00:00
SAO_8018-10,São Paulo,3550308,True,,2070,,,-23.59175775,-46.729853999999996,,,,1,2023-06-15T14:11:51+00:00
SAO_8700-24,São Paulo,3550308,True,,2509,,,-23.547649,-46.641011500000005,,,,1,2023-06-15T14:12:01+00:00
SAO_6L04-41,São Paulo,3550308,True,,34334,,,-23.828018,-46.727301,,,,2,2023-06-15T14:12:15+00:00
SAO_213E-10,São Paulo,3550308,True,,2498,,,-23.5272735,-46.5898285,,,,1,2023-06-15T14:09:17+00:00
SAO_1783-22,São Paulo,3550308,True,,34814,,,-23.5024435,-46.623836,,,,2,2023-06-15T14:12:14+00:00
SAO_272N-10,São Paulo,3550308,True,,705,,,-23.5264005,-46.606629999999996,,,,1,2023-06-15T14:12:18+00:00
SAO_272N-10,São Paulo,3550308,True,,705,,,-23.512560999999998,-46.563621499999996,,,,1,2023-06-15T14:11:53+00:00
SAO_272N-10,São Paulo,3550308,True,,705,,,-23.5176135,-46.57032975,,,,1,2023-06-15T14:11:46+00:00
SAO_2030-10,São Paulo,3550308,True,,35032,,,-23.4755375,-46.64553000000001,,,,2,2023-06-15T14:11:49+00:00
SAO_2678-41,São Paulo,3550308,True,,33155,,,-23.547011,-46.62953,,,,2,2023-06-15T14:11:38+00:00
SAO_6L05-10,São Paulo,3550308,True,,33941,,,-23.86863,-46.679596000000004,,,,2,2023-06-15T14:11:23+00:00
SAO_6L05-10,São Paulo,3550308,True,,33941,,,-23.828234000000002,-46.7270185,,,,2,2023-06-15T14:12:21+00:00
SAO_6L05-10,São Paulo,3550308,True,,33941,,,-23.828234000000002,-46.7270185,,,,2,2023-06-15T14:12:18+00:00
SAO_6042-21,São Paulo,3550308,True,,1775,,,-23.66952,-46.773173,,,,1,2023-06-15T14:12:13+00:00
SAO_2702-21,São Paulo,3550308,True,,34294,,,-23.539782000000002,-46.482977500000004,,,,2,2023-06-15T14:11:58+00:00
SAO_7054-10,São Paulo,3550308,True,,32809,,,-23.631097500000003,-46.7730065,,,,2,2023-06-15T14:12:09+00:00
SAO_TREI-10,São Paulo,3550308,True,,35257,,,-23.5894755,-46.633868,,,,2,2023-06-15T14:11:44+00:00
