bus_id,city,city_code,adapted,agency,line_code,line_url,line_fare,latitude,longitude,bus_speed,is_eletric,bus_type,bus_direction,updated_at
SAO_407N-10,São Paulo,3550308,True,,34937,,,-23.595904250000004,-46.43729625,,,,2,2023-06-17T17:59:02+00:00
SAO_407N-10,São Paulo,3550308,True,,34937,,,-23.5407045,-46.541008000000005,,,,2,2023-06-17T17:58:36+00:00
SAO_407N-10,São Paulo,3550308,True,,34937,,,-23.534,-46.5424035,,,,2,2023-06-17T17:59:06+00:00
SAO_407N-10,São Paulo,3550308,True,,34937,,,-23.534,-46.5424035,,,,2,2023-06-17T17:58:49+00:00
SAO_407N-10,São Paulo,3550308,True,,34937,,,-23.596220625,-46.4545145,,,,2,2023-06-17T17:58:57+00:00
SAO_407N-10,São Paulo,3550308,True,,34937,,,-23.534,-46.5424035,,,,2,2023-06-17T17:58:31+00:00
SAO_407N-10,São Paulo,3550308,True,,34937,,,-23.582285499999998,-46.491486,,,,2,2023-06-17T17:59:02+00:00
SAO_407N-10,São Paulo,3550308,True,,34937,,,-23.5630785,-46.509451,,,,2,2023-06-17T17:58:38+00:00
SAO_407N-10,São Paulo,3550308,True,,34937,,,-23.58308,-46.408871000000005,,,,2,2023-06-17T17:58:57+00:00
SAO_1771-10,São Paulo,3550308,True,,33402,,,-23.430906,-46.574909,,,,2,2023-06-17T17:59:06+00:00
SAO_1771-10,São Paulo,3550308,True,,33402,,,-23.4330815,-46.5784795,,,,2,2023-06-17T17:59:11+00:00
SAO_1771-10,São Paulo,3550308,True,,33402,,,-23.497363,-46.62208,,,,2,2023-06-17T17:59:09+00:00
SAO_1771-10,São Paulo,3550308,True,,33402,,,-23.4504945,-46.589238,,,,2,2023-06-17T17:58:51+00:00
SAO_118C-10,São Paulo,3550308,True,,33287,,,-23.5394115,-46.648294500000006,,,,2,2023-06-17T17:58:33+00:00
SAO_118C-10,São Paulo,3550308,True,,33287,,,-23.477407499999998,-46.63344175,,,,2,2023-06-17T17:59:01+00:00
SAO_118C-10,São Paulo,3550308,True,,33287,,,-23.457777,-46.672866,,,,2,2023-06-17T17:59:13+00:00
SAO_118C-10,São Paulo,3550308,True,,33287,,,-23.458088500000002,-46.6717525,,,,2,2023-06-17T17:58:43+00:00
SAO_118C-10,São Paulo,3550308,True,,33287,,,-23.531848249999996,-46.63544175,,,,2,2023-06-17T17:59:01+00:00
SAO_118C-10,São Paulo,3550308,True,,33287,,,-23.4579625,-46.67248,,,,2,2023-06-17T17:58:58+00:00
SAO_118C-10,São Paulo,3550308,True,,33287,,,-23.5394115,-46.648294500000006,,,,2,2023-06-17T17:59:00+00:00
SAO_118C-10,São Paulo,3550308,True,,33287,,,-23.49449225,-46.62656725,,,,2,2023-06-17T17:58:52+00:00
SAO_118C-10,São Paulo,3550308,True,,33287,,,-23.4579625,-46.67248,,,,2,2023-06-17T17:59:03+00:00
SAO_118C-10,São Paulo,3550308,True,,33287,,,-23.458088500000002,-46.6717525,,,,2,2023-06-17T17:59:08+00:00
SAO_118C-10,São Paulo,3550308,True,,33287,,,-23.458088500000002,-46.6717525,,,,2,2023-06-17T17:59:09+00:00
SAO_6840-10,São Paulo,3550308,True,,32969,,,-23.71889675,-46.78474375,,,,2,2023-06-17T17:58:50+00:00
SAO_6840-10,São Paulo,3550308,True,,32969,,,-23.742814499999998,-46.80108325,,,,2,2023-06-17T17:58:38+00:00
SAO_6840-10,São Paulo,3550308,True,,32969,,,-23.6731425,-46.7734105,,,,2,2023-06-17T17:59:13+00:00
SAO_6840-10,São Paulo,3550308,True,,32969,,,-23.742814499999998,-46.80108325,,,,2,2023-06-17T17:58:54+00:00
SAO_6840-10,São Paulo,3550308,True,,32969,,,-23.7424915,-46.80109975,,,,2,2023-06-17T17:58:55+00:00
SAO_6840-10,São Paulo,3550308,True,,32969,,,-23.689074125,-46.77322225,,,,2,2023-06-17T17:59:02+00:00
SAO_6840-10,São Paulo,3550308,True,,32969,,,-23.7309495,-46.785837,,,,2,2023-06-17T17:59:00+00:00
SAO_6840-10,São Paulo,3550308,True,,32969,,,-23.742065,-46.8005655,,,,2,2023-06-17T17:58:49+00:00
SAO_6840-10,São Paulo,3550308,True,,32969,,,-23.742814499999998,-46.80108325,,,,2,2023-06-17T17:59:01+00:00
SAO_6840-10,São Paulo,3550308,True,,32969,,,-23.742127,-46.8004705,,,,2,2023-06-17T17:58:43+00:00
SAO_6840-10,São Paulo,3550308,True,,32969,,,-23.741588,-46.793865000000004,,,,2,2023-06-17T17:58:49+00:00
SAO_5106-31,São Paulo,3550308,True,,1305,,,-23.6926985,-46.6452105,,,,1,2023-06-17T17:59:01+00:00
SAO_5106-31,São Paulo,3550308,True,,1305,,,-23.608689499999997,-46.641785999999996,,,,1,2023-06-17T17:58:55+00:00
SAO_5106-31,São Paulo,3550308,True,,1305,,,-23.6341145,-46.643016,,,,1,2023-06-17T17:59:01+00:00
SAO_6505-10,São Paulo,3550308,True,,1450,,,-23.6049955,-46.675182500000005,,,,1,2023-06-17T17:58:55+00:00
SAO_6505-10,São Paulo,3550308,True,,1450,,,-23.666136875,-46.715764375,,,,1,2023-06-17T17:59:12+00:00
SAO_6505-10,São Paulo,3550308,True,,1450,,,-23.549348000000002,-46.6413825,,,,1,2023-06-17T17:59:17+00:00
SAO_6505-10,São Paulo,3550308,True,,1450,,,-23.648898000000003,-46.703265,,,,1,2023-06-17T17:59:03+00:00
SAO_6505-10,São Paulo,3550308,True,,1450,,,-23.63036125,-46.69017075,,,,1,2023-06-17T17:59:07+00:00
SAO_6505-10,São Paulo,3550308,True,,1450,,,-23.668707,-46.7352225,,,,1,2023-06-17T17:59:12+00:00
SAO_6726-10,São Paulo,3550308,True,,1193,,,-23.736596499999997,-46.6971045,,,,1,2023-06-17T17:58:34+00:00
SAO_6726-10,São Paulo,3550308,True,,1193,,,-23.736596499999997,-46.6971045,,,,1,2023-06-17T17:58:39+00:00
SAO_6726-10,São Paulo,3550308,True,,1193,,,-23.753659499999998,-46.6869415,,,,1,2023-06-17T17:58:45+00:00
SAO_6726-10,São Paulo,3550308,True,,1193,,,-23.736596499999997,-46.6971045,,,,1,2023-06-17T17:58:56+00:00
SAO_6726-10,São Paulo,3550308,True,,1193,,,-23.736596499999997,-46.6971045,,,,1,2023-06-17T17:58:44+00:00
SAO_6726-10,São Paulo,3550308,True,,1193,,,-23.73467,-46.66268825,,,,1,2023-06-17T17:58:45+00:00
SAO_6726-10,São Paulo,3550308,True,,1193,,,-23.744774999999997,-46.668831499999996,,,,1,2023-06-17T17:58:54+00:00
SAO_4742-10,São Paulo,3550308,True,,33110,,,-23.6268125,-46.640924999999996,,,,2,2023-06-17T17:59:14+00:00
SAO_4742-10,São Paulo,3550308,True,,33110,,,-23.6410935,-46.6071935,,,,2,2023-06-17T17:59:02+00:00
SAO_407G-10,São Paulo,3550308,True,,34964,,,-23.611837,-46.4334745,,,,2,2023-06-17T17:55:19+00:00
SAO_407G-10,São Paulo,3550308,True,,34964,,,-23.615748500000002,-46.45990525,,,,2,2023-06-17T17:58:57+00:00
SAO_407G-10,São Paulo,3550308,True,,34964,,,-23.610859750000003,-46.4343145,,,,2,2023-06-17T17:59:02+00:00
SAO_407G-10,São Paulo,3550308,True,,34964,,,-23.6117105,-46.476273000000006,,,,2,2023-06-17T17:59:03+00:00
SAO_407G-10,São Paulo,3550308,True,,34964,,,-23.61114025,-46.43407825,,,,2,2023-06-17T17:59:09+00:00
SAO_407G-10,São Paulo,3550308,True,,34964,,,-23.538373,-46.5628095,,,,2,2023-06-17T17:59:00+00:00
SAO_407G-10,São Paulo,3550308,True,,34964,,,-23.61138675,-46.43386674999999,,,,2,2023-06-17T17:59:11+00:00
SAO_407G-10,São Paulo,3550308,True,,34964,,,-23.552763249999998,-46.51981875,,,,2,2023-06-17T17:59:03+00:00
SAO_407G-10,São Paulo,3550308,True,,34964,,,-23.5952735,-46.487778999999996,,,,2,2023-06-17T17:58:39+00:00
SAO_407G-10,São Paulo,3550308,True,,34964,,,-23.61138675,-46.43386674999999,,,,2,2023-06-17T17:58:41+00:00
SAO_407G-10,São Paulo,3550308,True,,34964,,,-23.61138675,-46.43386674999999,,,,2,2023-06-17T17:59:02+00:00
SAO_1017-10,São Paulo,3550308,True,,34909,,,-23.4776485,-46.714215,,,,2,2023-06-17T17:59:17+00:00
SAO_1017-10,São Paulo,3550308,True,,34909,,,-23.412557375,-46.75643050000001,,,,2,2023-06-17T17:59:17+00:00
SAO_1017-10,São Paulo,3550308,True,,34909,,,-23.45177,-46.713561999999996,,,,2,2023-06-17T17:59:06+00:00
SAO_1017-10,São Paulo,3550308,True,,34909,,,-23.4673995,-46.713725,,,,2,2023-06-17T17:58:37+00:00
SAO_1017-10,São Paulo,3550308,True,,34909,,,-23.450778,-46.7145835,,,,2,2023-06-17T17:58:36+00:00
SAO_1017-10,São Paulo,3550308,True,,34909,,,-23.412557375,-46.75643050000001,,,,2,2023-06-17T17:59:07+00:00
SAO_1017-10,São Paulo,3550308,True,,34909,,,-23.412557375,-46.75643050000001,,,,2,2023-06-17T17:59:02+00:00
SAO_1017-10,São Paulo,3550308,True,,34909,,,-23.4054775,-46.735215,,,,2,2023-06-17T17:59:03+00:00
SAO_1017-10,São Paulo,3550308,True,,34909,,,-23.40490425,-46.736446,,,,2,2023-06-17T17:58:34+00:00
SAO_1017-10,São Paulo,3550308,True,,34909,,,-23.4745535,-46.7143335,,,,2,2023-06-17T17:58:48+00:00
SAO_1017-10,São Paulo,3550308,True,,34909,,,-23.404906750000002,-46.743017249999994,,,,2,2023-06-17T17:59:02+00:00
SAO_1017-10,São Paulo,3550308,True,,34909,,,-23.404906750000002,-46.743017249999994,,,,2,2023-06-17T17:59:10+00:00
SAO_1017-10,São Paulo,3550308,True,,34909,,,-23.406954,-46.758654,,,,2,2023-06-17T17:58:49+00:00
SAO_175T-10,São Paulo,3550308,True,,623,,,-23.523408250000003,-46.63083175,,,,1,2023-06-17T17:59:08+00:00
SAO_175T-10,São Paulo,3550308,True,,623,,,-23.61344975,-46.65811375,,,,1,2023-06-17T17:58:56+00:00
SAO_175T-10,São Paulo,3550308,True,,623,,,-23.653267,-46.637658,,,,1,2023-06-17T17:58:59+00:00
SAO_175T-10,São Paulo,3550308,True,,623,,,-23.55959,-46.639277500000006,,,,1,2023-06-17T17:58:55+00:00
SAO_175T-10,São Paulo,3550308,True,,623,,,-23.63761125,-46.65798275,,,,1,2023-06-17T17:58:38+00:00
SAO_175T-10,São Paulo,3550308,True,,623,,,-23.633218,-46.660176500000006,,,,1,2023-06-17T17:59:11+00:00
SAO_175T-10,São Paulo,3550308,True,,623,,,-23.65404,-46.63784,,,,1,2023-06-17T17:59:16+00:00
SAO_3735-10,São Paulo,3550308,True,,1035,,,-23.54143525,-46.48684725,,,,1,2023-06-17T17:59:11+00:00
SAO_3735-10,São Paulo,3550308,True,,1035,,,-23.5497325,-46.495328,,,,1,2023-06-17T17:58:42+00:00
SAO_3735-10,São Paulo,3550308,True,,1035,,,-23.540855999999998,-46.4849405,,,,1,2023-06-17T17:58:33+00:00
SAO_3735-10,São Paulo,3550308,True,,1035,,,-23.540855999999998,-46.4849405,,,,1,2023-06-17T17:59:10+00:00
SAO_3025-10,São Paulo,3550308,True,,33729,,,-23.555701499999998,-46.4124645,,,,2,2023-06-17T17:58:36+00:00
SAO_3025-10,São Paulo,3550308,True,,33729,,,-23.5770275,-46.397946000000005,,,,2,2023-06-17T17:58:45+00:00
SAO_3025-10,São Paulo,3550308,True,,33729,,,-23.5739525,-46.39987,,,,2,2023-06-17T17:58:57+00:00
SAO_546T-10,São Paulo,3550308,True,,272,,,-23.7036385,-46.627480000000006,,,,1,2023-06-17T17:59:15+00:00
SAO_546T-10,São Paulo,3550308,True,,272,,,-23.7036385,-46.627480000000006,,,,1,2023-06-17T17:58:52+00:00
SAO_546T-10,São Paulo,3550308,True,,272,,,-23.7036385,-46.627480000000006,,,,1,2023-06-17T17:58:57+00:00
SAO_546T-10,São Paulo,3550308,True,,272,,,-23.6571255,-46.69942625,,,,1,2023-06-17T17:58:30+00:00
SAO_546T-10,São Paulo,3550308,True,,272,,,-23.692717000000002,-46.6602795,,,,1,2023-06-17T17:58:02+00:00
SAO_546T-10,São Paulo,3550308,True,,272,,,-23.653906999999997,-46.710535500000006,,,,1,2023-06-17T17:59:15+00:00
SAO_546T-10,São Paulo,3550308,True,,272,,,-23.7004575,-46.6406505,,,,1,2023-06-17T17:58:40+00:00
SAO_546T-10,São Paulo,3550308,True,,272,,,-23.662496,-46.692569500000005,,,,1,2023-06-17T17:59:07+00:00
SAO_546T-10,São Paulo,3550308,True,,272,,,-23.6576195,-46.69899275,,,,1,2023-06-17T17:58:56+00:00
SAO_546T-10,São Paulo,3550308,True,,272,,,-23.6889555,-46.679862,,,,1,2023-06-17T17:58:51+00:00
SAO_4033-10,São Paulo,3550308,True,,1103,,,-23.61924475,-46.44708275,,,,1,2023-06-17T17:58:55+00:00
SAO_4033-10,São Paulo,3550308,True,,1103,,,-23.597001499999998,-46.523629,,,,1,2023-06-17T17:59:03+00:00
SAO_4033-10,São Paulo,3550308,True,,1103,,,-23.6198505,-46.443889999999996,,,,1,2023-06-17T17:58:35+00:00
SAO_4033-10,São Paulo,3550308,True,,1103,,,-23.599377,-46.538903000000005,,,,1,2023-06-17T17:58:46+00:00
SAO_4033-10,São Paulo,3550308,True,,1103,,,-23.619987000000002,-46.4442025,,,,1,2023-06-17T17:59:03+00:00
SAO_4033-10,São Paulo,3550308,True,,1103,,,-23.6142385,-46.497279,,,,1,2023-06-17T17:59:02+00:00
SAO_4033-10,São Paulo,3550308,True,,1103,,,-23.5988745,-46.517365,,,,1,2023-06-17T17:59:07+00:00
SAO_475R-10,São Paulo,3550308,True,,33112,,,-23.61119625,-46.637972,,,,2,2023-06-17T17:58:36+00:00
SAO_475R-10,São Paulo,3550308,True,,33112,,,-23.5470345,-46.6298525,,,,2,2023-06-17T17:58:28+00:00
SAO_475R-10,São Paulo,3550308,True,,33112,,,-23.5470345,-46.6298525,,,,2,2023-06-17T17:58:33+00:00
SAO_475R-10,São Paulo,3550308,True,,33112,,,-23.5470345,-46.6298525,,,,2,2023-06-17T17:59:04+00:00
SAO_475R-10,São Paulo,3550308,True,,33112,,,-23.5470345,-46.6298525,,,,2,2023-06-17T17:58:46+00:00
SAO_475R-10,São Paulo,3550308,True,,33112,,,-23.5470345,-46.6298525,,,,2,2023-06-17T17:58:44+00:00
SAO_475R-10,São Paulo,3550308,True,,33112,,,-23.653319500000002,-46.607946999999996,,,,2,2023-06-17T17:59:09+00:00
SAO_475R-10,São Paulo,3550308,True,,33112,,,-23.5797585,-46.651051499999994,,,,2,2023-06-17T17:58:50+00:00
SAO_475R-10,São Paulo,3550308,True,,33112,,,-23.5470345,-46.6298525,,,,2,2023-06-17T17:58:58+00:00
SAO_475R-10,São Paulo,3550308,True,,33112,,,-23.5470345,-46.6298525,,,,2,2023-06-17T17:59:07+00:00
SAO_475R-10,São Paulo,3550308,True,,33112,,,-23.5470345,-46.6298525,,,,2,2023-06-17T17:59:05+00:00
SAO_475R-10,São Paulo,3550308,True,,33112,,,-23.5470345,-46.6298525,,,,2,2023-06-17T17:59:05+00:00
SAO_475R-10,São Paulo,3550308,True,,33112,,,-23.5493455,-46.6333285,,,,2,2023-06-17T17:58:33+00:00
SAO_475R-10,São Paulo,3550308,True,,33112,,,-23.653473499999997,-46.608090000000004,,,,2,2023-06-17T17:58:58+00:00
SAO_475R-10,São Paulo,3550308,True,,33112,,,-23.5470345,-46.6298525,,,,2,2023-06-17T17:58:40+00:00
SAO_475R-10,São Paulo,3550308,True,,33112,,,-23.5470345,-46.6298525,,,,2,2023-06-17T17:59:08+00:00
SAO_475R-10,São Paulo,3550308,True,,33112,,,-23.5470345,-46.6298525,,,,2,2023-06-17T17:58:51+00:00
SAO_475R-10,São Paulo,3550308,True,,33112,,,-23.5470345,-46.6298525,,,,2,2023-06-17T17:59:07+00:00
SAO_475R-10,São Paulo,3550308,True,,33112,,,-23.5470345,-46.6298525,,,,2,2023-06-17T17:59:16+00:00
SAO_5013-10,São Paulo,3550308,True,,1117,,,-23.676298,-46.68559875,,,,1,2023-06-17T17:59:17+00:00
SAO_5013-10,São Paulo,3550308,True,,1117,,,-23.682060999999997,-46.633000499999994,,,,1,2023-06-17T17:59:00+00:00
SAO_5013-10,São Paulo,3550308,True,,1117,,,-23.67482,-46.661744,,,,1,2023-06-17T17:58:28+00:00
SAO_5013-10,São Paulo,3550308,True,,1117,,,-23.675023,-46.6614665,,,,1,2023-06-17T17:59:08+00:00
SAO_5013-10,São Paulo,3550308,True,,1117,,,-23.682060999999997,-46.633000499999994,,,,1,2023-06-17T17:59:13+00:00
SAO_5013-10,São Paulo,3550308,True,,1117,,,-23.674602,-46.6620855,,,,1,2023-06-17T17:58:55+00:00
SAO_5013-10,São Paulo,3550308,True,,1117,,,-23.672249,-46.677648500000004,,,,1,2023-06-17T17:58:35+00:00
SAO_5013-10,São Paulo,3550308,True,,1117,,,-23.6690335,-46.6722125,,,,1,2023-06-17T17:59:07+00:00
SAO_5013-10,São Paulo,3550308,True,,1117,,,-23.68385575,-46.645083,,,,1,2023-06-17T17:55:41+00:00
SAO_5013-10,São Paulo,3550308,True,,1117,,,-23.682060999999997,-46.633000499999994,,,,1,2023-06-17T17:58:36+00:00
SAO_3160-10,São Paulo,3550308,True,,32893,,,-23.583925999999998,-46.585930000000005,,,,2,2023-06-17T17:58:34+00:00
SAO_3160-10,São Paulo,3550308,True,,32893,,,-23.565325,-46.5952585,,,,2,2023-06-17T17:59:17+00:00
SAO_4027-10,São Paulo,3550308,True,,1097,,,-23.6135575,-46.471833000000004,,,,1,2023-06-17T17:58:37+00:00
SAO_4027-10,São Paulo,3550308,True,,1097,,,-23.592456937500003,-46.488848812499995,,,,1,2023-06-17T17:58:45+00:00
SAO_4027-10,São Paulo,3550308,True,,1097,,,-23.6335585,-46.4430015,,,,1,2023-06-17T17:59:05+00:00
SAO_4027-10,São Paulo,3550308,True,,1097,,,-23.593209,-46.4896265,,,,1,2023-06-17T17:58:46+00:00
SAO_4027-10,São Paulo,3550308,True,,1097,,,-23.6203215,-46.4616525,,,,1,2023-06-17T17:59:17+00:00
SAO_4027-10,São Paulo,3550308,True,,1097,,,-23.641852999999998,-46.439471,,,,1,2023-06-17T17:58:35+00:00
SAO_6016-41,São Paulo,3550308,True,,34474,,,-23.7745565,-46.675799,,,,2,2023-06-17T17:58:44+00:00
SAO_6016-41,São Paulo,3550308,True,,34474,,,-23.7435615,-46.6914735,,,,2,2023-06-17T17:59:05+00:00
SAO_6016-41,São Paulo,3550308,True,,34474,,,-23.774908500000002,-46.675708,,,,2,2023-06-17T17:59:10+00:00
SAO_6016-41,São Paulo,3550308,True,,34474,,,-23.767297,-46.681498,,,,2,2023-06-17T17:58:42+00:00
SAO_2703-10,São Paulo,3550308,True,Urubupungá,915,https://moovitapp.com/index/pt-br/transporte_p%C3%BAblico-line-915-Sao_Paulo-242-873835-75841134-0,4.6,-23.5286724375,-46.4178523125,,,,1,2023-06-17T17:58:49+00:00
SAO_2703-10,São Paulo,3550308,True,Urubupungá,915,https://moovitapp.com/index/pt-br/transporte_p%C3%BAblico-line-915-Sao_Paulo-242-873835-75841134-0,4.6,-23.529542499999998,-46.420608,,,,1,2023-06-17T17:58:59+00:00
SAO_2703-10,São Paulo,3550308,True,Urubupungá,915,https://moovitapp.com/index/pt-br/transporte_p%C3%BAblico-line-915-Sao_Paulo-242-873835-75841134-0,4.6,-23.529542499999998,-46.420608,,,,1,2023-06-17T17:58:50+00:00
SAO_2703-10,São Paulo,3550308,True,Urubupungá,915,https://moovitapp.com/index/pt-br/transporte_p%C3%BAblico-line-915-Sao_Paulo-242-873835-75841134-0,4.6,-23.538722999999997,-46.4570675,,,,1,2023-06-17T17:58:40+00:00
SAO_2703-10,São Paulo,3550308,True,Urubupungá,915,https://moovitapp.com/index/pt-br/transporte_p%C3%BAblico-line-915-Sao_Paulo-242-873835-75841134-0,4.6,-23.529542499999998,-46.420608,,,,1,2023-06-17T17:59:07+00:00
SAO_2703-10,São Paulo,3550308,True,Urubupungá,915,https://moovitapp.com/index/pt-br/transporte_p%C3%BAblico-line-915-Sao_Paulo-242-873835-75841134-0,4.6,-23.542138,-46.471932499999994,,,,1,2023-06-17T17:59:16+00:00
SAO_2703-10,São Paulo,3550308,True,Urubupungá,915,https://moovitapp.com/index/pt-br/transporte_p%C3%BAblico-line-915-Sao_Paulo-242-873835-75841134-0,4.6,-23.52533675,-46.41941025,,,,1,2023-06-17T17:57:36+00:00
SAO_2703-10,São Paulo,3550308,True,Urubupungá,915,https://moovitapp.com/index/pt-br/transporte_p%C3%BAblico-line-915-Sao_Paulo-242-873835-75841134-0,4.6,-23.525697,-46.4374215,,,,1,2023-06-17T17:58:41+00:00
SAO_2703-10,São Paulo,3550308,True,Urubupungá,915,https://moovitapp.com/index/pt-br/transporte_p%C3%BAblico-line-915-Sao_Paulo-242-873835-75841134-0,4.6,-23.52376175,-46.42969325,,,,1,2023-06-17T17:59:09+00:00
SAO_2290-10,São Paulo,3550308,True,,718,,,-23.541601625,-46.639498625,,,,1,2023-06-17T17:58:49+00:00
SAO_2290-10,São Paulo,3550308,True,,718,,,-23.5352075,-46.575731000000005,,,,1,2023-06-17T17:59:11+00:00
SAO_2290-10,São Paulo,3550308,True,,718,,,-23.552137000000002,-46.634062,,,,1,2023-06-17T17:59:10+00:00
SAO_2290-10,São Paulo,3550308,True,,718,,,-23.546762,-46.629915499999996,,,,1,2023-06-17T17:59:09+00:00
SAO_2290-10,São Paulo,3550308,True,,718,,,-23.6131955,-46.476123,,,,1,2023-06-17T17:58:57+00:00
SAO_2290-10,São Paulo,3550308,True,,718,,,-23.56466275,-46.513441,,,,1,2023-06-17T17:59:05+00:00
SAO_2290-10,São Paulo,3550308,True,,718,,,-23.612175999999998,-46.475071,,,,1,2023-06-17T17:58:46+00:00
SAO_2290-10,São Paulo,3550308,True,,718,,,-23.533828,-46.55939325,,,,1,2023-06-17T17:58:38+00:00
SAO_2290-10,São Paulo,3550308,True,,718,,,-23.544082,-46.622383,,,,1,2023-06-17T17:58:35+00:00
SAO_2290-10,São Paulo,3550308,True,,718,,,-23.5524535,-46.528812,,,,1,2023-06-17T17:59:02+00:00
SAO_2290-10,São Paulo,3550308,True,,718,,,-23.544515125,-46.644026874999994,,,,1,2023-06-17T17:58:50+00:00
SAO_2290-10,São Paulo,3550308,True,,718,,,-23.600499499999998,-46.4842965,,,,1,2023-06-17T17:58:42+00:00
SAO_2290-10,São Paulo,3550308,True,,718,,,-23.546634500000003,-46.6300045,,,,1,2023-06-17T17:58:37+00:00
SAO_2290-10,São Paulo,3550308,True,,718,,,-23.54209775,-46.61522575,,,,1,2023-06-17T17:59:08+00:00
SAO_2290-10,São Paulo,3550308,True,,718,,,-23.574832,-46.50474925,,,,1,2023-06-17T17:59:14+00:00
SAO_2100-10,São Paulo,3550308,True,STT,713,https://moovitapp.com/index/pt-br/transporte_p%C3%BAblico-line-713-Sao_Paulo-242-850661-183342-0,5.3,-23.5587215,-46.522659000000004,,,,1,2023-06-17T17:59:04+00:00
SAO_2100-10,São Paulo,3550308,True,STT,713,https://moovitapp.com/index/pt-br/transporte_p%C3%BAblico-line-713-Sao_Paulo-242-850661-183342-0,5.3,-23.54944,-46.633148000000006,,,,1,2023-06-17T17:59:09+00:00
SAO_2100-10,São Paulo,3550308,True,STT,713,https://moovitapp.com/index/pt-br/transporte_p%C3%BAblico-line-713-Sao_Paulo-242-850661-183342-0,5.3,-23.5623905,-46.550664499999996,,,,1,2023-06-17T17:59:16+00:00
SAO_2100-10,São Paulo,3550308,True,STT,713,https://moovitapp.com/index/pt-br/transporte_p%C3%BAblico-line-713-Sao_Paulo-242-850661-183342-0,5.3,-23.555538,-46.599913,,,,1,2023-06-17T17:59:02+00:00
SAO_2100-10,São Paulo,3550308,True,STT,713,https://moovitapp.com/index/pt-br/transporte_p%C3%BAblico-line-713-Sao_Paulo-242-850661-183342-0,5.3,-23.5587215,-46.522659000000004,,,,1,2023-06-17T17:59:07+00:00
SAO_2100-10,São Paulo,3550308,True,STT,713,https://moovitapp.com/index/pt-br/transporte_p%C3%BAblico-line-713-Sao_Paulo-242-850661-183342-0,5.3,-23.55526025,-46.602681000000004,,,,1,2023-06-17T17:58:35+00:00
SAO_273R-10,São Paulo,3550308,True,,32994,,,-23.522662999999998,-46.41263875,,,,2,2023-06-17T17:58:35+00:00
SAO_273R-10,São Paulo,3550308,True,,32994,,,-23.52228,-46.4125755,,,,2,2023-06-17T17:58:47+00:00
SAO_273R-10,São Paulo,3550308,True,,32994,,,-23.522433625,-46.47530275,,,,2,2023-06-17T17:59:06+00:00
SAO_273R-10,São Paulo,3550308,True,,32994,,,-23.511377500000002,-46.420735,,,,2,2023-06-17T17:58:27+00:00
SAO_273R-10,São Paulo,3550308,True,,32994,,,-23.523322375,-46.41274475,,,,2,2023-06-17T17:57:49+00:00
SAO_930P-10,São Paulo,3550308,True,,2115,,,-23.565846,-46.7022225,,,,1,2023-06-17T17:58:40+00:00
SAO_930P-10,São Paulo,3550308,True,,2115,,,-23.556693625,-46.658698875,,,,1,2023-06-17T17:58:40+00:00
SAO_930P-10,São Paulo,3550308,True,,2115,,,-23.5471145,-46.63716975,,,,1,2023-06-17T17:58:35+00:00
SAO_930P-10,São Paulo,3550308,True,,2115,,,-23.57730625,-46.6867535,,,,1,2023-06-17T17:58:58+00:00
SAO_6016-41,São Paulo,3550308,True,,1706,,,-23.736897499999998,-46.69694,,,,1,2023-06-17T17:58:48+00:00
SAO_6016-41,São Paulo,3550308,True,,1706,,,-23.768983,-46.68107725,,,,1,2023-06-17T17:58:56+00:00
SAO_6013-10,São Paulo,3550308,True,,32954,,,-23.699237,-46.763135000000005,,,,2,2023-06-17T17:59:07+00:00
SAO_6013-10,São Paulo,3550308,True,,32954,,,-23.6905325,-46.774566500000006,,,,2,2023-06-17T17:53:49+00:00
SAO_6013-10,São Paulo,3550308,True,,32954,,,-23.6708995,-46.7403595,,,,2,2023-06-17T17:59:03+00:00
SAO_5164-41,São Paulo,3550308,True,,1617,,,-23.65129,-46.649718,,,,1,2023-06-17T17:58:51+00:00
SAO_5164-41,São Paulo,3550308,True,,1617,,,-23.6461105,-46.6469465,,,,1,2023-06-17T17:58:56+00:00
SAO_5164-41,São Paulo,3550308,True,,1617,,,-23.63668,-46.6332335,,,,1,2023-06-17T17:58:48+00:00
SAO_2733-10,São Paulo,3550308,True,,948,,,-23.5418215,-46.460291,,,,1,2023-06-17T17:59:09+00:00
SAO_2733-10,São Paulo,3550308,True,,948,,,-23.51868,-46.45395,,,,1,2023-06-17T17:58:54+00:00
SAO_2733-10,São Paulo,3550308,True,,948,,,-23.5185655,-46.462767,,,,1,2023-06-17T17:59:15+00:00
SAO_4029-10,São Paulo,3550308,True,,33867,,,-23.6105855,-46.4805655,,,,2,2023-06-17T17:58:55+00:00
SAO_4029-10,São Paulo,3550308,True,,33867,,,-23.595846,-46.5240965,,,,2,2023-06-17T17:59:01+00:00
SAO_4029-10,São Paulo,3550308,True,,33867,,,-23.58507,-46.583846,,,,2,2023-06-17T17:59:14+00:00
SAO_4029-10,São Paulo,3550308,True,,33867,,,-23.6125885,-46.4815175,,,,2,2023-06-17T17:58:33+00:00
SAO_4029-10,São Paulo,3550308,True,,33867,,,-23.581095750000003,-46.55580325,,,,2,2023-06-17T17:58:41+00:00
SAO_4029-10,São Paulo,3550308,True,,33867,,,-23.6128455,-46.5041845,,,,2,2023-06-17T17:58:35+00:00
SAO_5178-10,São Paulo,3550308,True,,595,,,-23.682447,-46.642358,,,,1,2023-06-17T17:53:44+00:00
SAO_5178-10,São Paulo,3550308,True,,595,,,-23.5756555,-46.6574995,,,,1,2023-06-17T17:58:45+00:00
SAO_5178-10,São Paulo,3550308,True,,595,,,-23.6024515,-46.651000999999994,,,,1,2023-06-17T17:58:53+00:00
SAO_128Y-10,São Paulo,3550308,True,,33611,,,-23.49483275,-46.66014525,,,,2,2023-06-17T17:58:43+00:00
SAO_128Y-10,São Paulo,3550308,True,,33611,,,-23.457428999999998,-46.6675345,,,,2,2023-06-17T17:59:01+00:00
SAO_128Y-10,São Paulo,3550308,True,,33611,,,-23.5071115,-46.68866,,,,2,2023-06-17T17:59:01+00:00
SAO_128Y-10,São Paulo,3550308,True,,33611,,,-23.457446,-46.673119,,,,2,2023-06-17T17:58:33+00:00
SAO_128Y-10,São Paulo,3550308,True,,33611,,,-23.457446,-46.673119,,,,2,2023-06-17T17:58:57+00:00
SAO_128Y-10,São Paulo,3550308,True,,33611,,,-23.457446,-46.673119,,,,2,2023-06-17T17:59:07+00:00
SAO_6072-10,São Paulo,3550308,True,,34356,,,-23.8274015,-46.69739250000001,,,,2,2023-06-17T17:59:09+00:00
SAO_6072-10,São Paulo,3550308,True,,34356,,,-23.827348,-46.69764012499999,,,,2,2023-06-17T17:59:16+00:00
SAO_6072-10,São Paulo,3550308,True,,34356,,,-23.77712675,-46.717968,,,,2,2023-06-17T17:58:56+00:00
SAO_6072-10,São Paulo,3550308,True,,34356,,,-23.8274015,-46.69739250000001,,,,2,2023-06-17T17:58:42+00:00
SAO_6072-10,São Paulo,3550308,True,,34356,,,-23.8274015,-46.69739250000001,,,,2,2023-06-17T17:59:04+00:00
SAO_6072-10,São Paulo,3550308,True,,34356,,,-23.8274015,-46.69739250000001,,,,2,2023-06-17T17:58:42+00:00
SAO_6072-10,São Paulo,3550308,True,,34356,,,-23.765957,-46.716463,,,,2,2023-06-17T17:58:57+00:00
SAO_6072-10,São Paulo,3550308,True,,34356,,,-23.8274015,-46.69739250000001,,,,2,2023-06-17T17:58:50+00:00
SAO_6072-10,São Paulo,3550308,True,,34356,,,-23.771853,-46.719546,,,,2,2023-06-17T17:59:01+00:00
SAO_6072-10,São Paulo,3550308,True,,34356,,,-23.8274015,-46.69739250000001,,,,2,2023-06-17T17:59:04+00:00
SAO_6072-10,São Paulo,3550308,True,,34356,,,-23.8274015,-46.69739250000001,,,,2,2023-06-17T17:58:36+00:00
SAO_6072-10,São Paulo,3550308,True,,34356,,,-23.8274015,-46.69739250000001,,,,2,2023-06-17T17:58:45+00:00
SAO_6072-10,São Paulo,3550308,True,,34356,,,-23.822808000000002,-46.706244999999996,,,,2,2023-06-17T17:58:59+00:00
SAO_2703-10,São Paulo,3550308,True,,33683,,,-23.526925,-46.418003,,,,2,2023-06-17T17:56:28+00:00
SAO_2703-10,São Paulo,3550308,True,,33683,,,-23.524173500000003,-46.4308195,,,,2,2023-06-17T17:59:11+00:00
SAO_2703-10,São Paulo,3550308,True,,33683,,,-23.525112,-46.433735,,,,2,2023-06-17T17:58:56+00:00
SAO_2703-10,São Paulo,3550308,True,,33683,,,-23.529125,-46.4206985,,,,2,2023-06-17T17:58:52+00:00
SAO_2703-10,São Paulo,3550308,True,,33683,,,-23.5416255,-46.4728035,,,,2,2023-06-17T17:58:59+00:00
SAO_2703-10,São Paulo,3550308,True,,33683,,,-23.525671,-46.4367845,,,,2,2023-06-17T17:58:51+00:00
SAO_2703-10,São Paulo,3550308,True,,33683,,,-23.52299,-46.426497,,,,2,2023-06-17T17:59:07+00:00
SAO_2703-10,São Paulo,3550308,True,,33683,,,-23.529327000000002,-46.4207565,,,,2,2023-06-17T17:59:12+00:00
SAO_2703-10,São Paulo,3550308,True,,33683,,,-23.529075,-46.42023275,,,,2,2023-06-17T17:58:41+00:00
SAO_675K-10,São Paulo,3550308,True,EMTU,198,https://moovitapp.com/index/pt-br/transporte_p%C3%BAblico-line-198-Sao_Paulo-242-2038937-59811937-0,6.35,-23.690517,-46.7737425,,,,1,2023-06-17T17:58:48+00:00
SAO_675K-10,São Paulo,3550308,True,EMTU,198,https://moovitapp.com/index/pt-br/transporte_p%C3%BAblico-line-198-Sao_Paulo-242-2038937-59811937-0,6.35,-23.603474,-46.661992,,,,1,2023-06-17T17:59:12+00:00
SAO_675K-10,São Paulo,3550308,True,EMTU,198,https://moovitapp.com/index/pt-br/transporte_p%C3%BAblico-line-198-Sao_Paulo-242-2038937-59811937-0,6.35,-23.690517,-46.7737425,,,,1,2023-06-17T17:59:09+00:00
SAO_675K-10,São Paulo,3550308,True,EMTU,198,https://moovitapp.com/index/pt-br/transporte_p%C3%BAblico-line-198-Sao_Paulo-242-2038937-59811937-0,6.35,-23.620270124999998,-46.677818,,,,1,2023-06-17T17:59:12+00:00
SAO_675K-10,São Paulo,3550308,True,EMTU,198,https://moovitapp.com/index/pt-br/transporte_p%C3%BAblico-line-198-Sao_Paulo-242-2038937-59811937-0,6.35,-23.6497811875,-46.70390193750001,,,,1,2023-06-17T17:59:06+00:00
SAO_675K-10,São Paulo,3550308,True,EMTU,198,https://moovitapp.com/index/pt-br/transporte_p%C3%BAblico-line-198-Sao_Paulo-242-2038937-59811937-0,6.35,-23.690517,-46.7737425,,,,1,2023-06-17T17:58:47+00:00
SAO_675K-10,São Paulo,3550308,True,EMTU,198,https://moovitapp.com/index/pt-br/transporte_p%C3%BAblico-line-198-Sao_Paulo-242-2038937-59811937-0,6.35,-23.666632999999997,-46.7204375,,,,1,2023-06-17T17:59:02+00:00
SAO_675K-10,São Paulo,3550308,True,EMTU,198,https://moovitapp.com/index/pt-br/transporte_p%C3%BAblico-line-198-Sao_Paulo-242-2038937-59811937-0,6.35,-23.6848355,-46.7700415,,,,1,2023-06-17T17:58:54+00:00
SAO_675K-10,São Paulo,3550308,True,EMTU,198,https://moovitapp.com/index/pt-br/transporte_p%C3%BAblico-line-198-Sao_Paulo-242-2038937-59811937-0,6.35,-23.5986175,-46.637634000000006,,,,1,2023-06-17T17:59:12+00:00
SAO_675K-10,São Paulo,3550308,True,EMTU,198,https://moovitapp.com/index/pt-br/transporte_p%C3%BAblico-line-198-Sao_Paulo-242-2038937-59811937-0,6.35,-23.690517,-46.7737425,,,,1,2023-06-17T17:58:37+00:00
SAO_675K-10,São Paulo,3550308,True,EMTU,198,https://moovitapp.com/index/pt-br/transporte_p%C3%BAblico-line-198-Sao_Paulo-242-2038937-59811937-0,6.35,-23.690517,-46.7737425,,,,1,2023-06-17T17:58:43+00:00
SAO_675K-10,São Paulo,3550308,True,EMTU,198,https://moovitapp.com/index/pt-br/transporte_p%C3%BAblico-line-198-Sao_Paulo-242-2038937-59811937-0,6.35,-23.669901250000002,-46.737123499999996,,,,1,2023-06-17T17:59:13+00:00
SAO_675K-10,São Paulo,3550308,True,EMTU,198,https://moovitapp.com/index/pt-br/transporte_p%C3%BAblico-line-198-Sao_Paulo-242-2038937-59811937-0,6.35,-23.690517,-46.7737425,,,,1,2023-06-17T17:58:49+00:00
SAO_675K-10,São Paulo,3550308,True,EMTU,198,https://moovitapp.com/index/pt-br/transporte_p%C3%BAblico-line-198-Sao_Paulo-242-2038937-59811937-0,6.35,-23.598833,-46.637642,,,,1,2023-06-17T17:59:14+00:00
SAO_3778-10,São Paulo,3550308,True,,33830,,,-23.575971,-46.5026145,,,,2,2023-06-17T17:58:53+00:00
SAO_3778-10,São Paulo,3550308,True,,33830,,,-23.574534,-46.4943855,,,,2,2023-06-17T17:58:52+00:00
SAO_3778-10,São Paulo,3550308,True,,33830,,,-23.5699735,-46.486311,,,,2,2023-06-17T17:59:09+00:00
SAO_3778-10,São Paulo,3550308,True,,33830,,,-23.553631250000002,-46.527705749999996,,,,2,2023-06-17T17:58:51+00:00
SAO_4051-10,São Paulo,3550308,True,,2144,,,-23.559947,-46.4038685,,,,1,2023-06-17T17:58:39+00:00
SAO_4051-10,São Paulo,3550308,True,,2144,,,-23.544839000000003,-46.40937275,,,,1,2023-06-17T17:58:49+00:00
SAO_4051-10,São Paulo,3550308,True,,2144,,,-23.561616,-46.401831,,,,1,2023-06-17T17:59:16+00:00
SAO_4288-10,São Paulo,3550308,True,Cidade de Caieiras,290,https://moovitapp.com/index/pt-br/transporte_p%C3%BAblico-line-290-Sao_Paulo-242-868761-496416-0,5.0,-23.55360875,-46.621063750000005,,,,1,2023-06-17T17:59:08+00:00
SAO_4288-10,São Paulo,3550308,True,Cidade de Caieiras,290,https://moovitapp.com/index/pt-br/transporte_p%C3%BAblico-line-290-Sao_Paulo-242-868761-496416-0,5.0,-23.606460249999998,-46.53110825,,,,1,2023-06-17T17:58:32+00:00
SAO_5123-10,São Paulo,3550308,True,,1125,,,-23.678448500000002,-46.630771499999994,,,,1,2023-06-17T17:58:36+00:00
SAO_5123-10,São Paulo,3550308,True,,1125,,,-23.59562275,-46.642447000000004,,,,1,2023-06-17T17:58:41+00:00
SAO_5123-10,São Paulo,3550308,True,,1125,,,-23.678013,-46.6305545,,,,1,2023-06-17T17:58:46+00:00
SAO_5123-10,São Paulo,3550308,True,,1125,,,-23.65513,-46.6366075,,,,1,2023-06-17T17:59:02+00:00
SAO_5123-10,São Paulo,3550308,True,,1125,,,-23.678236499999997,-46.630762000000004,,,,1,2023-06-17T17:59:05+00:00
SAO_5123-10,São Paulo,3550308,True,,1125,,,-23.601335499999998,-46.634947499999996,,,,1,2023-06-17T17:59:08+00:00
SAO_5123-10,São Paulo,3550308,True,,1125,,,-23.681742,-46.6372135,,,,1,2023-06-17T17:58:49+00:00
SAO_4310-10,São Paulo,3550308,True,,2160,,,-23.53586775,-46.491378,,,,1,2023-06-17T17:58:48+00:00
SAO_4310-10,São Paulo,3550308,True,,2160,,,-23.5404725,-46.5751875,,,,1,2023-06-17T17:58:57+00:00
SAO_4310-10,São Paulo,3550308,True,,2160,,,-23.528694,-46.51490425,,,,1,2023-06-17T17:59:00+00:00
SAO_4310-10,São Paulo,3550308,True,,2160,,,-23.545308,-46.626332000000005,,,,1,2023-06-17T17:59:01+00:00
SAO_4310-10,São Paulo,3550308,True,,2160,,,-23.532228,-46.529176,,,,1,2023-06-17T17:58:49+00:00
SAO_4310-10,São Paulo,3550308,True,,2160,,,-23.532500499999998,-46.536503,,,,1,2023-06-17T17:58:55+00:00
SAO_4310-10,São Paulo,3550308,True,,2160,,,-23.534623,-46.4529845,,,,1,2023-06-17T17:58:51+00:00
SAO_4310-10,São Paulo,3550308,True,,2160,,,-23.5369425,-46.455622,,,,1,2023-06-17T17:59:05+00:00
SAO_4310-10,São Paulo,3550308,True,,2160,,,-23.5323125,-46.535538,,,,1,2023-06-17T17:58:59+00:00
SAO_5614-21,São Paulo,3550308,True,,35232,,,-23.715893,-46.624467,,,,2,2023-06-17T17:58:45+00:00
SAO_5614-21,São Paulo,3550308,True,,35232,,,-23.606899,-46.652261,,,,2,2023-06-17T17:58:42+00:00
SAO_5614-21,São Paulo,3550308,True,,35232,,,-23.7021245,-46.6260485,,,,2,2023-06-17T17:56:28+00:00
SAO_5614-21,São Paulo,3550308,True,,35232,,,-23.6730705,-46.6776605,,,,2,2023-06-17T17:58:56+00:00
SAO_5614-21,São Paulo,3550308,True,,35232,,,-23.69726225,-46.63264975,,,,2,2023-06-17T17:59:12+00:00
SAO_5614-21,São Paulo,3550308,True,,35232,,,-23.7156935,-46.623911,,,,2,2023-06-17T17:58:55+00:00
SAO_5362-10,São Paulo,3550308,True,,32838,,,-23.74435,-46.6720445,,,,2,2023-06-17T17:58:48+00:00
SAO_5362-10,São Paulo,3550308,True,,32838,,,-23.653986500000002,-46.70165837500001,,,,2,2023-06-17T17:59:13+00:00
SAO_5362-10,São Paulo,3550308,True,,32838,,,-23.7171235,-46.70471,,,,2,2023-06-17T17:58:43+00:00
SAO_5362-10,São Paulo,3550308,True,,32838,,,-23.55959,-46.639277500000006,,,,2,2023-06-17T17:59:08+00:00
SAO_5362-10,São Paulo,3550308,True,,32838,,,-23.612731000000004,-46.67087775,,,,2,2023-06-17T17:59:03+00:00
SAO_5362-10,São Paulo,3550308,True,,32838,,,-23.7448935,-46.6708945,,,,2,2023-06-17T17:58:55+00:00
SAO_695H-10,São Paulo,3550308,True,,33964,,,-23.765362,-46.717729000000006,,,,2,2023-06-17T17:58:39+00:00
SAO_695H-10,São Paulo,3550308,True,,33964,,,-23.78837,-46.715108,,,,2,2023-06-17T17:57:40+00:00
SAO_695H-10,São Paulo,3550308,True,,33964,,,-23.78837,-46.715108,,,,2,2023-06-17T17:59:02+00:00
SAO_695H-10,São Paulo,3550308,True,,33964,,,-23.78837,-46.715108,,,,2,2023-06-17T17:57:28+00:00
SAO_695H-10,São Paulo,3550308,True,,33964,,,-23.7824135,-46.7136895,,,,2,2023-06-17T17:56:38+00:00
SAO_695H-10,São Paulo,3550308,True,,33964,,,-23.685366000000002,-46.6930385,,,,2,2023-06-17T17:56:48+00:00
SAO_695H-10,São Paulo,3550308,True,,33964,,,-23.659927500000002,-46.697138,,,,2,2023-06-17T17:58:49+00:00
SAO_9009-10,São Paulo,3550308,True,,33645,,,-23.4437535,-46.7127525,,,,2,2023-06-17T17:59:13+00:00
SAO_9009-10,São Paulo,3550308,True,,33645,,,-23.447803999999998,-46.708335,,,,2,2023-06-17T17:58:37+00:00
SAO_9009-10,São Paulo,3550308,True,,33645,,,-23.473703999999998,-46.669427,,,,2,2023-06-17T17:58:58+00:00
SAO_9009-10,São Paulo,3550308,True,,33645,,,-23.459349,-46.686189999999996,,,,2,2023-06-17T17:59:12+00:00
SAO_9009-10,São Paulo,3550308,True,,33645,,,-23.441991875,-46.707130375,,,,2,2023-06-17T17:58:41+00:00
SAO_9009-10,São Paulo,3550308,True,,33645,,,-23.4352575,-46.716595,,,,2,2023-06-17T17:58:49+00:00
SAO_9009-10,São Paulo,3550308,True,,33645,,,-23.472353124999998,-46.6730405,,,,2,2023-06-17T17:54:51+00:00
SAO_9009-10,São Paulo,3550308,True,,33645,,,-23.447998,-46.708507,,,,2,2023-06-17T17:59:03+00:00
SAO_352A-10,São Paulo,3550308,True,,164,,,-23.606188250000002,-46.4794665,,,,1,2023-06-17T17:58:59+00:00
SAO_352A-10,São Paulo,3550308,True,,164,,,-23.602717124999998,-46.482420624999996,,,,1,2023-06-17T17:59:01+00:00
SAO_352A-10,São Paulo,3550308,True,,164,,,-23.500049,-46.442477,,,,1,2023-06-17T17:57:31+00:00
SAO_6091-10,São Paulo,3550308,True,,33943,,,-23.858989,-46.7080625,,,,2,2023-06-17T17:58:38+00:00
SAO_6091-10,São Paulo,3550308,True,,33943,,,-23.737624,-46.699929499999996,,,,2,2023-06-17T17:59:02+00:00
SAO_6091-10,São Paulo,3550308,True,,33943,,,-23.685366000000002,-46.6930385,,,,2,2023-06-17T17:58:51+00:00
SAO_6091-10,São Paulo,3550308,True,,33943,,,-23.862347500000002,-46.712974,,,,2,2023-06-17T17:57:03+00:00
SAO_6091-10,São Paulo,3550308,True,,33943,,,-23.769605,-46.7179785,,,,2,2023-06-17T17:57:00+00:00
SAO_6091-10,São Paulo,3550308,True,,33943,,,-23.8623725,-46.713284,,,,2,2023-06-17T17:59:06+00:00
SAO_6091-10,São Paulo,3550308,True,,33943,,,-23.862353499999998,-46.712526,,,,2,2023-06-17T17:58:44+00:00
SAO_6091-10,São Paulo,3550308,True,,33943,,,-23.862347500000002,-46.712974,,,,2,2023-06-17T17:58:50+00:00
SAO_695V-10,São Paulo,3550308,True,,32776,,,-23.58738175,-46.644548875,,,,2,2023-06-17T17:59:09+00:00
SAO_695V-10,São Paulo,3550308,True,,32776,,,-23.582805,-46.6376355,,,,2,2023-06-17T17:58:45+00:00
SAO_695V-10,São Paulo,3550308,True,,32776,,,-23.582805,-46.6376355,,,,2,2023-06-17T17:59:14+00:00
SAO_695V-10,São Paulo,3550308,True,,32776,,,-23.645891,-46.7467405,,,,2,2023-06-17T17:58:45+00:00
SAO_1738-10,São Paulo,3550308,True,,33440,,,-23.4736905,-46.58086,,,,2,2023-06-17T17:58:38+00:00
SAO_1738-10,São Paulo,3550308,True,,33440,,,-23.48191425,-46.591546875000006,,,,2,2023-06-17T17:58:42+00:00
SAO_1738-10,São Paulo,3550308,True,,33440,,,-23.491946249999998,-46.60058125,,,,2,2023-06-17T17:59:02+00:00
SAO_4724-10,São Paulo,3550308,True,,2060,,,-23.540192500000003,-46.500518,,,,1,2023-06-17T17:58:58+00:00
SAO_9011-21,São Paulo,3550308,True,,1768,,,-23.4547945,-46.738510500000004,,,,1,2023-06-17T17:58:33+00:00
SAO_9011-21,São Paulo,3550308,True,,1768,,,-23.452516,-46.7367185,,,,1,2023-06-17T17:58:42+00:00
SAO_9011-21,São Paulo,3550308,True,,1768,,,-23.44190725,-46.733870249999995,,,,1,2023-06-17T17:58:31+00:00
SAO_9011-21,São Paulo,3550308,True,,1768,,,-23.4547945,-46.738510500000004,,,,1,2023-06-17T17:58:55+00:00
SAO_9011-21,São Paulo,3550308,True,,1768,,,-23.4547945,-46.738510500000004,,,,1,2023-06-17T17:58:35+00:00
SAO_9011-21,São Paulo,3550308,True,,1768,,,-23.4547945,-46.738510500000004,,,,1,2023-06-17T17:59:14+00:00
SAO_9011-21,São Paulo,3550308,True,,1768,,,-23.439357,-46.721387500000006,,,,1,2023-06-17T17:59:03+00:00
SAO_9011-21,São Paulo,3550308,True,,1768,,,-23.4547945,-46.738510500000004,,,,1,2023-06-17T17:59:07+00:00
SAO_3031-10,São Paulo,3550308,True,,967,,,-23.6050855,-46.4426445,,,,1,2023-06-17T17:58:42+00:00
SAO_3031-10,São Paulo,3550308,True,,967,,,-23.54388975,-46.4691365,,,,1,2023-06-17T17:59:11+00:00
SAO_3031-10,São Paulo,3550308,True,,967,,,-23.594634,-46.441854500000005,,,,1,2023-06-17T17:59:11+00:00
SAO_3031-10,São Paulo,3550308,True,,967,,,-23.609755375,-46.453646375000005,,,,1,2023-06-17T17:58:34+00:00
SAO_9009-10,São Paulo,3550308,True,,877,,,-23.438745500000003,-46.717242,,,,1,2023-06-17T17:58:38+00:00
SAO_9009-10,São Paulo,3550308,True,,877,,,-23.4480805,-46.715621,,,,1,2023-06-17T17:58:36+00:00
SAO_9009-10,São Paulo,3550308,True,,877,,,-23.464365,-46.6799485,,,,1,2023-06-17T17:58:43+00:00
SAO_9009-10,São Paulo,3550308,True,,877,,,-23.473204,-46.671903,,,,1,2023-06-17T17:59:09+00:00
SAO_9009-10,São Paulo,3550308,True,,877,,,-23.455434500000003,-46.6937785,,,,1,2023-06-17T17:58:46+00:00
SAO_3053-10,São Paulo,3550308,True,,33741,,,-23.586692499999998,-46.513864,,,,2,2023-06-17T17:58:49+00:00
SAO_3053-10,São Paulo,3550308,True,,33741,,,-23.588525,-46.510872,,,,2,2023-06-17T17:57:49+00:00
SAO_3053-10,São Paulo,3550308,True,,33741,,,-23.56475375,-46.55982075,,,,2,2023-06-17T17:58:59+00:00
SAO_3053-10,São Paulo,3550308,True,,33741,,,-23.5507575,-46.587599999999995,,,,2,2023-06-17T17:58:45+00:00
SAO_3053-10,São Paulo,3550308,True,,33741,,,-23.582936500000002,-46.535351000000006,,,,2,2023-06-17T17:58:39+00:00
SAO_8038-10,São Paulo,3550308,True,,33565,,,-23.5192465,-46.7041905,,,,2,2023-06-17T17:59:02+00:00
SAO_8038-10,São Paulo,3550308,True,,33565,,,-23.5192465,-46.7041905,,,,2,2023-06-17T17:58:45+00:00
SAO_8038-10,São Paulo,3550308,True,,33565,,,-23.53488225,-46.76081775,,,,2,2023-06-17T17:58:42+00:00
SAO_8038-10,São Paulo,3550308,True,,33565,,,-23.520201,-46.710451,,,,2,2023-06-17T17:59:11+00:00
SAO_8038-10,São Paulo,3550308,True,,33565,,,-23.546903999999998,-46.735981249999995,,,,2,2023-06-17T17:59:03+00:00
SAO_8038-10,São Paulo,3550308,True,,33565,,,-23.541970499999998,-46.747388,,,,2,2023-06-17T17:58:34+00:00
SAO_8038-10,São Paulo,3550308,True,,33565,,,-23.53488225,-46.76081775,,,,2,2023-06-17T17:59:05+00:00
SAO_6000-10,São Paulo,3550308,True,,1140,,,-23.8284425,-46.72717900000001,,,,1,2023-06-17T17:58:31+00:00
SAO_6000-10,São Paulo,3550308,True,,1140,,,-23.653938,-46.709849000000006,,,,1,2023-06-17T17:58:34+00:00
SAO_6000-10,São Paulo,3550308,True,,1140,,,-23.765209499999997,-46.71674,,,,1,2023-06-17T17:58:39+00:00
SAO_6000-10,São Paulo,3550308,True,,1140,,,-23.7805965,-46.724967,,,,1,2023-06-17T17:56:47+00:00
SAO_6000-10,São Paulo,3550308,True,,1140,,,-23.6542205,-46.710612,,,,1,2023-06-17T17:58:44+00:00
SAO_6000-10,São Paulo,3550308,True,,1140,,,-23.82240775,-46.735719687499994,,,,1,2023-06-17T17:58:55+00:00
SAO_6000-10,São Paulo,3550308,True,,1140,,,-23.719488,-46.698268999999996,,,,1,2023-06-17T17:58:33+00:00
SAO_6000-10,São Paulo,3550308,True,,1140,,,-23.67810275,-46.71239575,,,,1,2023-06-17T17:58:42+00:00
SAO_6000-10,São Paulo,3550308,True,,1140,,,-23.6657555,-46.711549000000005,,,,1,2023-06-17T17:58:05+00:00
SAO_5164-10,São Paulo,3550308,True,,34051,,,-23.5809745,-46.6566785,,,,2,2023-06-17T17:58:37+00:00
SAO_5164-10,São Paulo,3550308,True,,34051,,,-23.636047,-46.641386,,,,2,2023-06-17T17:58:40+00:00
SAO_5164-10,São Paulo,3550308,True,,34051,,,-23.6428035,-46.6614245,,,,2,2023-06-17T17:59:13+00:00
SAO_5164-10,São Paulo,3550308,True,,34051,,,-23.64369675,-46.665294,,,,2,2023-06-17T17:58:40+00:00
SAO_5164-10,São Paulo,3550308,True,,34051,,,-23.597216,-46.64144575,,,,2,2023-06-17T17:59:16+00:00
SAO_1764-10,São Paulo,3550308,True,,33393,,,-23.448738,-46.588122,,,,2,2023-06-17T17:59:13+00:00
SAO_1764-10,São Paulo,3550308,True,,33393,,,-23.4260595,-46.581732,,,,2,2023-06-17T17:43:46+00:00
SAO_1764-10,São Paulo,3550308,True,,33393,,,-23.489323499999998,-46.62424,,,,2,2023-06-17T17:56:23+00:00
SAO_1764-10,São Paulo,3550308,True,,33393,,,-23.4259,-46.581689,,,,2,2023-06-17T17:58:47+00:00
SAO_1764-10,São Paulo,3550308,True,,33393,,,-23.458708,-46.6023755,,,,2,2023-06-17T17:59:08+00:00
SAO_4017-10,São Paulo,3550308,True,,34958,,,-23.6008165,-46.399510500000005,,,,2,2023-06-17T17:58:49+00:00
SAO_4017-10,São Paulo,3550308,True,,34958,,,-23.582577,-46.408426,,,,2,2023-06-17T17:58:41+00:00
SAO_4017-10,São Paulo,3550308,True,,34958,,,-23.584338,-46.383472,,,,2,2023-06-17T17:53:47+00:00
SAO_4017-10,São Paulo,3550308,True,,34958,,,-23.60109525,-46.39926,,,,2,2023-06-17T17:58:42+00:00
SAO_478P-10,São Paulo,3550308,True,,33117,,,-23.62985725,-46.598586999999995,,,,2,2023-06-17T17:59:13+00:00
SAO_478P-10,São Paulo,3550308,True,,33117,,,-23.553197812500002,-46.673207937499996,,,,2,2023-06-17T17:59:04+00:00
SAO_478P-10,São Paulo,3550308,True,,33117,,,-23.62819825,-46.602064,,,,2,2023-06-17T17:59:07+00:00
SAO_478P-10,São Paulo,3550308,True,,33117,,,-23.615277,-46.6053245,,,,2,2023-06-17T17:58:45+00:00
SAO_3029-10,São Paulo,3550308,True,,966,,,-23.542123,-46.559355,,,,1,2023-06-17T17:58:35+00:00
SAO_3029-10,São Paulo,3550308,True,,966,,,-23.5405965,-46.55148225,,,,1,2023-06-17T17:58:27+00:00
SAO_3029-10,São Paulo,3550308,True,,966,,,-23.5677895,-46.541187,,,,1,2023-06-17T17:58:53+00:00
SAO_3029-10,São Paulo,3550308,True,,966,,,-23.5790915,-46.512854000000004,,,,1,2023-06-17T17:58:18+00:00
SAO_3029-10,São Paulo,3550308,True,,966,,,-23.585262999999998,-46.506369500000005,,,,1,2023-06-17T17:58:57+00:00
SAO_5110-10,São Paulo,3550308,True,,34977,,,-23.6136555,-46.476372999999995,,,,2,2023-06-17T17:59:05+00:00
SAO_5110-10,São Paulo,3550308,True,,34977,,,-23.597563,-46.535602,,,,2,2023-06-17T17:59:04+00:00
SAO_5110-10,São Paulo,3550308,True,,34977,,,-23.5843055,-46.5848285,,,,2,2023-06-17T17:58:49+00:00
SAO_5110-10,São Paulo,3550308,True,,34977,,,-23.608694,-46.506142499999996,,,,2,2023-06-17T17:56:32+00:00
SAO_5110-10,São Paulo,3550308,True,,34977,,,-23.612746,-46.4787005,,,,2,2023-06-17T17:58:47+00:00
SAO_5110-10,São Paulo,3550308,True,,34977,,,-23.5474295,-46.628690000000006,,,,2,2023-06-17T17:58:32+00:00
SAO_5110-10,São Paulo,3550308,True,,34977,,,-23.587142749999998,-46.54643025,,,,2,2023-06-17T17:58:41+00:00
SAO_6338-10,São Paulo,3550308,True,,34061,,,-23.680498999999998,-46.6375295,,,,2,2023-06-17T17:58:51+00:00
SAO_6338-10,São Paulo,3550308,True,,34061,,,-23.6068985,-46.6378555,,,,2,2023-06-17T17:58:37+00:00
SAO_6338-10,São Paulo,3550308,True,,34061,,,-23.654864,-46.64818925,,,,2,2023-06-17T17:58:48+00:00
SAO_3778-10,São Paulo,3550308,True,,1062,,,-23.569554,-46.486423,,,,1,2023-06-17T17:58:42+00:00
SAO_3778-10,São Paulo,3550308,True,,1062,,,-23.570583,-46.507211625,,,,1,2023-06-17T17:58:47+00:00
SAO_3778-10,São Paulo,3550308,True,,1062,,,-23.57411425,-46.494031,,,,1,2023-06-17T17:58:37+00:00
SAO_3778-10,São Paulo,3550308,True,,1062,,,-23.538515,-46.56404,,,,1,2023-06-17T17:58:48+00:00
SAO_3778-10,São Paulo,3550308,True,,1062,,,-23.558417,-46.521811,,,,1,2023-06-17T17:59:18+00:00
SAO_3778-10,São Paulo,3550308,True,,1062,,,-23.538545499999998,-46.564205,,,,1,2023-06-17T17:59:03+00:00
SAO_3778-10,São Paulo,3550308,True,,1062,,,-23.54680525,-46.54149425,,,,1,2023-06-17T17:58:36+00:00
SAO_2769-10,São Paulo,3550308,True,,33165,,,-23.522648750000002,-46.53158125,,,,2,2023-06-17T17:58:42+00:00
SAO_2769-10,São Paulo,3550308,True,,33165,,,-23.497997999999995,-46.461394625,,,,2,2023-06-17T17:58:48+00:00
SAO_2769-10,São Paulo,3550308,True,,33165,,,-23.481961499999997,-46.379926,,,,2,2023-06-17T17:58:44+00:00
SAO_6L11-10,São Paulo,3550308,True,,1167,,,-23.737402125000003,-46.697143249999996,,,,1,2023-06-17T17:58:59+00:00
SAO_6L11-10,São Paulo,3550308,True,,1167,,,-23.7668425,-46.650896625,,,,1,2023-06-17T17:58:39+00:00
SAO_208V-10,São Paulo,3550308,True,Rápido Campinas,207,https://moovitapp.com/index/pt-br/transporte_p%C3%BAblico-line-207-Sao_Paulo-242-858660-638984-0,5.3,-23.52265525,-46.536402249999995,,,,1,2023-06-17T17:58:43+00:00
SAO_208V-10,São Paulo,3550308,True,Rápido Campinas,207,https://moovitapp.com/index/pt-br/transporte_p%C3%BAblico-line-207-Sao_Paulo-242-858660-638984-0,5.3,-23.517753,-46.475941500000005,,,,1,2023-06-17T17:58:43+00:00
SAO_208V-10,São Paulo,3550308,True,Rápido Campinas,207,https://moovitapp.com/index/pt-br/transporte_p%C3%BAblico-line-207-Sao_Paulo-242-858660-638984-0,5.3,-23.510844249999998,-46.508745000000005,,,,1,2023-06-17T17:59:13+00:00
SAO_208V-10,São Paulo,3550308,True,Rápido Campinas,207,https://moovitapp.com/index/pt-br/transporte_p%C3%BAblico-line-207-Sao_Paulo-242-858660-638984-0,5.3,-23.517753,-46.475941500000005,,,,1,2023-06-17T17:58:43+00:00
SAO_208V-10,São Paulo,3550308,True,Rápido Campinas,207,https://moovitapp.com/index/pt-br/transporte_p%C3%BAblico-line-207-Sao_Paulo-242-858660-638984-0,5.3,-23.517753,-46.475941500000005,,,,1,2023-06-17T17:59:02+00:00
SAO_208V-10,São Paulo,3550308,True,Rápido Campinas,207,https://moovitapp.com/index/pt-br/transporte_p%C3%BAblico-line-207-Sao_Paulo-242-858660-638984-0,5.3,-23.5473685,-46.629486,,,,1,2023-06-17T17:58:44+00:00
SAO_208V-10,São Paulo,3550308,True,Rápido Campinas,207,https://moovitapp.com/index/pt-br/transporte_p%C3%BAblico-line-207-Sao_Paulo-242-858660-638984-0,5.3,-23.538731,-46.6048935,,,,1,2023-06-17T17:58:56+00:00
SAO_208V-10,São Paulo,3550308,True,Rápido Campinas,207,https://moovitapp.com/index/pt-br/transporte_p%C3%BAblico-line-207-Sao_Paulo-242-858660-638984-0,5.3,-23.517753,-46.475941500000005,,,,1,2023-06-17T17:58:41+00:00
SAO_208V-10,São Paulo,3550308,True,Rápido Campinas,207,https://moovitapp.com/index/pt-br/transporte_p%C3%BAblico-line-207-Sao_Paulo-242-858660-638984-0,5.3,-23.517753,-46.475941500000005,,,,1,2023-06-17T17:58:42+00:00
SAO_208V-10,São Paulo,3550308,True,Rápido Campinas,207,https://moovitapp.com/index/pt-br/transporte_p%C3%BAblico-line-207-Sao_Paulo-242-858660-638984-0,5.3,-23.517753,-46.475941500000005,,,,1,2023-06-17T17:58:42+00:00
SAO_6080-10,São Paulo,3550308,True,,33936,,,-23.73404675,-46.696197,,,,2,2023-06-17T17:59:12+00:00
SAO_6080-10,São Paulo,3550308,True,,33936,,,-23.6732865,-46.6777205,,,,2,2023-06-17T17:59:17+00:00
SAO_6080-10,São Paulo,3550308,True,,33936,,,-23.760257,-46.677628999999996,,,,2,2023-06-17T17:58:54+00:00
SAO_3134-10,São Paulo,3550308,True,,993,,,-23.590500499999997,-46.5817555,,,,1,2023-06-17T17:58:37+00:00
SAO_3134-10,São Paulo,3550308,True,,993,,,-23.57136325,-46.51021,,,,1,2023-06-17T17:59:08+00:00
SAO_3134-10,São Paulo,3550308,True,,993,,,-23.58935825,-46.585088,,,,1,2023-06-17T17:58:53+00:00
SAO_3134-10,São Paulo,3550308,True,,993,,,-23.57843475,-46.544036250000005,,,,1,2023-06-17T17:58:58+00:00
SAO_2017-10,São Paulo,3550308,True,,33671,,,-23.51882525,-46.413051249999995,,,,2,2023-06-17T17:48:16+00:00
SAO_2017-10,São Paulo,3550308,True,,33671,,,-23.496574000000003,-46.415542,,,,2,2023-06-17T17:59:13+00:00
SAO_2017-10,São Paulo,3550308,True,,33671,,,-23.51918,-46.412904,,,,2,2023-06-17T17:57:47+00:00
SAO_3390-10,São Paulo,3550308,True,,738,,,-23.612506,-46.479178,,,,1,2023-06-17T17:59:06+00:00
SAO_3390-10,São Paulo,3550308,True,,738,,,-23.5665725,-46.602482499999994,,,,1,2023-06-17T17:58:45+00:00
SAO_3390-10,São Paulo,3550308,True,,738,,,-23.612823,-46.4947585,,,,1,2023-06-17T17:58:44+00:00
SAO_3390-10,São Paulo,3550308,True,,738,,,-23.6123785,-46.482487,,,,1,2023-06-17T17:58:34+00:00
SAO_3390-10,São Paulo,3550308,True,,738,,,-23.612506,-46.479178,,,,1,2023-06-17T17:58:36+00:00
SAO_3390-10,São Paulo,3550308,True,,738,,,-23.581540250000003,-46.55393675,,,,1,2023-06-17T17:58:54+00:00
SAO_736G-10,São Paulo,3550308,True,,780,,,-23.632856500000003,-46.747603999999995,,,,1,2023-06-17T17:58:39+00:00
SAO_736G-10,São Paulo,3550308,True,,780,,,-23.632856500000003,-46.747603999999995,,,,1,2023-06-17T17:58:53+00:00
SAO_736G-10,São Paulo,3550308,True,,780,,,-23.632856500000003,-46.747603999999995,,,,1,2023-06-17T17:58:58+00:00
SAO_736G-10,São Paulo,3550308,True,,780,,,-23.62853475,-46.71229375,,,,1,2023-06-17T17:59:06+00:00
SAO_736G-10,São Paulo,3550308,True,,780,,,-23.618506,-46.699464,,,,1,2023-06-17T17:58:44+00:00
SAO_118Y-10,São Paulo,3550308,True,,33609,,,-23.504464499999997,-46.6723695,,,,2,2023-06-17T17:59:07+00:00
SAO_118Y-10,São Paulo,3550308,True,,33609,,,-23.504334999999998,-46.675652,,,,2,2023-06-17T17:59:13+00:00
SAO_118Y-10,São Paulo,3550308,True,,33609,,,-23.492537,-46.6724595,,,,2,2023-06-17T17:58:36+00:00
SAO_118Y-10,São Paulo,3550308,True,,33609,,,-23.471871999999998,-46.6346485,,,,2,2023-06-17T17:59:12+00:00
SAO_118Y-10,São Paulo,3550308,True,,33609,,,-23.4760315,-46.64643425,,,,2,2023-06-17T17:56:34+00:00
SAO_6500-10,São Paulo,3550308,True,,32814,,,-23.63537675,-46.694847249999995,,,,2,2023-06-17T17:59:07+00:00
SAO_6500-10,São Paulo,3550308,True,,32814,,,-23.567493,-46.659565,,,,2,2023-06-17T17:59:13+00:00
SAO_6500-10,São Paulo,3550308,True,,32814,,,-23.6541295,-46.712835999999996,,,,2,2023-06-17T17:58:56+00:00
SAO_6500-10,São Paulo,3550308,True,,32814,,,-23.603011875,-46.674597750000004,,,,2,2023-06-17T17:59:11+00:00
SAO_6500-10,São Paulo,3550308,True,,32814,,,-23.5496475,-46.6398245,,,,2,2023-06-17T17:58:44+00:00
SAO_6500-10,São Paulo,3550308,True,,32814,,,-23.653125,-46.70848074999999,,,,2,2023-06-17T17:58:56+00:00
SAO_6044-10,São Paulo,3550308,True,,1221,,,-23.642553499999998,-46.739124000000004,,,,1,2023-06-17T17:59:12+00:00
SAO_6044-10,São Paulo,3550308,True,,1221,,,-23.660479000000002,-46.777412,,,,1,2023-06-17T17:58:51+00:00
SAO_6044-10,São Paulo,3550308,True,,1221,,,-23.676944,-46.7986715,,,,1,2023-06-17T17:58:41+00:00
SAO_6044-10,São Paulo,3550308,True,,1221,,,-23.653890625,-46.71154075,,,,1,2023-06-17T17:59:05+00:00
SAO_975A-10,São Paulo,3550308,True,,33357,,,-23.513585999999997,-46.666418,,,,2,2023-06-17T17:58:57+00:00
SAO_975A-10,São Paulo,3550308,True,,33357,,,-23.469106500000002,-46.695824,,,,2,2023-06-17T17:58:36+00:00
SAO_975A-10,São Paulo,3550308,True,,33357,,,-23.4686585,-46.6961615,,,,2,2023-06-17T17:59:00+00:00
SAO_5632-10,São Paulo,3550308,True,,32849,,,-23.62573775,-46.683155,,,,2,2023-06-17T17:59:04+00:00
SAO_5632-10,São Paulo,3550308,True,,32849,,,-23.73809,-46.709101000000004,,,,2,2023-06-17T17:58:48+00:00
SAO_5632-10,São Paulo,3550308,True,,32849,,,-23.565061125,-46.640767624999995,,,,2,2023-06-17T17:59:11+00:00
SAO_5632-10,São Paulo,3550308,True,,32849,,,-23.7231885,-46.702659249999996,,,,2,2023-06-17T17:59:16+00:00
SAO_5632-10,São Paulo,3550308,True,,32849,,,-23.658726,-46.7062175,,,,2,2023-06-17T17:59:01+00:00
SAO_6028-10,São Paulo,3550308,True,,33979,,,-23.702151,-46.7444065,,,,2,2023-06-17T17:58:38+00:00
SAO_6028-10,São Paulo,3550308,True,,33979,,,-23.702140999999997,-46.744587499999994,,,,2,2023-06-17T17:59:09+00:00
SAO_6028-10,São Paulo,3550308,True,,33979,,,-23.6553375,-46.7077755,,,,2,2023-06-17T17:58:45+00:00
SAO_6028-10,São Paulo,3550308,True,,33979,,,-23.702326,-46.744178000000005,,,,2,2023-06-17T17:58:53+00:00
SAO_6028-10,São Paulo,3550308,True,,33979,,,-23.70160075,-46.74645875,,,,2,2023-06-17T17:59:11+00:00
SAO_819A-10,São Paulo,3550308,True,,33571,,,-23.442749,-46.7351855,,,,2,2023-06-17T17:58:56+00:00
SAO_819A-10,São Paulo,3550308,True,,33571,,,-23.4352575,-46.716595,,,,2,2023-06-17T17:58:46+00:00
SAO_819A-10,São Paulo,3550308,True,,33571,,,-23.4386675,-46.748738,,,,2,2023-06-17T17:58:44+00:00
SAO_819A-10,São Paulo,3550308,True,,33571,,,-23.4353805,-46.748854,,,,2,2023-06-17T17:58:39+00:00
SAO_819A-10,São Paulo,3550308,True,,33571,,,-23.474333,-46.667280500000004,,,,2,2023-06-17T17:58:56+00:00
SAO_819A-10,São Paulo,3550308,True,,33571,,,-23.43420675,-46.719553499999996,,,,2,2023-06-17T17:59:06+00:00
SAO_819A-10,São Paulo,3550308,True,,33571,,,-23.439236,-46.750571,,,,2,2023-06-17T17:58:53+00:00
SAO_819A-10,São Paulo,3550308,True,,33571,,,-23.461734,-46.684047,,,,2,2023-06-17T17:59:08+00:00
SAO_637G-10,São Paulo,3550308,True,,32869,,,-23.570447,-46.691294,,,,2,2023-06-17T17:58:42+00:00
SAO_637G-10,São Paulo,3550308,True,,32869,,,-23.67395575,-46.709228249999995,,,,2,2023-06-17T17:58:54+00:00
SAO_637G-10,São Paulo,3550308,True,,32869,,,-23.709693,-46.69967,,,,2,2023-06-17T17:58:44+00:00
SAO_637G-10,São Paulo,3550308,True,,32869,,,-23.602771625,-46.674507250000005,,,,2,2023-06-17T17:59:14+00:00
SAO_1709-10,São Paulo,3550308,True,,851,,,-23.4579565,-46.602463,,,,1,2023-06-17T17:59:00+00:00
SAO_1709-10,São Paulo,3550308,True,,851,,,-23.4412375,-46.5814765,,,,1,2023-06-17T17:58:52+00:00
SAO_1709-10,São Paulo,3550308,True,,851,,,-23.4412375,-46.5814765,,,,1,2023-06-17T17:59:14+00:00
SAO_1709-10,São Paulo,3550308,True,,851,,,-23.4412375,-46.5814765,,,,1,2023-06-17T17:59:07+00:00
SAO_1709-10,São Paulo,3550308,True,,851,,,-23.4412375,-46.5814765,,,,1,2023-06-17T17:58:36+00:00
SAO_1709-10,São Paulo,3550308,True,,851,,,-23.4412375,-46.5814765,,,,1,2023-06-17T17:58:39+00:00
SAO_1709-10,São Paulo,3550308,True,,851,,,-23.4412375,-46.5814765,,,,1,2023-06-17T17:58:35+00:00
SAO_1709-10,São Paulo,3550308,True,,851,,,-23.4412375,-46.5814765,,,,1,2023-06-17T17:59:10+00:00
SAO_1709-10,São Paulo,3550308,True,,851,,,-23.44393975,-46.59236425,,,,1,2023-06-17T17:58:50+00:00
SAO_1709-10,São Paulo,3550308,True,,851,,,-23.4412375,-46.5814765,,,,1,2023-06-17T17:58:38+00:00
SAO_1709-10,São Paulo,3550308,True,,851,,,-23.46496175,-46.59650325,,,,1,2023-06-17T17:59:10+00:00
SAO_5127-10,São Paulo,3550308,True,,33895,,,-23.702263000000002,-46.639984,,,,2,2023-06-17T17:58:38+00:00
SAO_5127-10,São Paulo,3550308,True,,33895,,,-23.70192475,-46.640395,,,,2,2023-06-17T17:58:56+00:00
SAO_5127-10,São Paulo,3550308,True,,33895,,,-23.680172499999998,-46.684109500000005,,,,2,2023-06-17T17:59:05+00:00
SAO_5127-10,São Paulo,3550308,True,,33895,,,-23.677825,-46.701614500000005,,,,2,2023-06-17T17:58:56+00:00
SAO_5127-10,São Paulo,3550308,True,,33895,,,-23.677825,-46.701614500000005,,,,2,2023-06-17T17:59:01+00:00
SAO_5127-10,São Paulo,3550308,True,,33895,,,-23.677825,-46.701614500000005,,,,2,2023-06-17T17:59:07+00:00
SAO_5127-10,São Paulo,3550308,True,,33895,,,-23.677825,-46.701614500000005,,,,2,2023-06-17T17:58:56+00:00
SAO_5127-10,São Paulo,3550308,True,,33895,,,-23.677825,-46.701614500000005,,,,2,2023-06-17T17:58:43+00:00
SAO_5127-10,São Paulo,3550308,True,,33895,,,-23.677825,-46.701614500000005,,,,2,2023-06-17T17:58:46+00:00
SAO_5127-10,São Paulo,3550308,True,,33895,,,-23.677825,-46.701614500000005,,,,2,2023-06-17T17:59:05+00:00
SAO_5127-10,São Paulo,3550308,True,,33895,,,-23.677825,-46.701614500000005,,,,2,2023-06-17T17:58:59+00:00
SAO_5127-10,São Paulo,3550308,True,,33895,,,-23.70211425,-46.640169,,,,2,2023-06-17T17:58:52+00:00
SAO_5127-10,São Paulo,3550308,True,,33895,,,-23.677825,-46.701614500000005,,,,2,2023-06-17T17:58:52+00:00
SAO_5127-10,São Paulo,3550308,True,,33895,,,-23.677825,-46.701614500000005,,,,2,2023-06-17T17:59:08+00:00
SAO_273N-10,São Paulo,3550308,True,,33158,,,-23.5047085,-46.3668095,,,,2,2023-06-17T17:58:32+00:00
SAO_273N-10,São Paulo,3550308,True,,33158,,,-23.531391999999997,-46.529958,,,,2,2023-06-17T17:56:48+00:00
SAO_273N-10,São Paulo,3550308,True,,33158,,,-23.495839500000002,-46.403145499999994,,,,2,2023-06-17T17:58:57+00:00
SAO_273N-10,São Paulo,3550308,True,,33158,,,-23.5046015,-46.367096,,,,2,2023-06-17T17:58:50+00:00
SAO_2100-10,São Paulo,3550308,True,,33481,,,-23.54773075,-46.625347000000005,,,,2,2023-06-17T17:59:08+00:00
SAO_2100-10,São Paulo,3550308,True,,33481,,,-23.558199000000002,-46.522121,,,,2,2023-06-17T17:58:47+00:00
SAO_2100-10,São Paulo,3550308,True,,33481,,,-23.558037,-46.578609,,,,2,2023-06-17T17:58:38+00:00
SAO_2100-10,São Paulo,3550308,True,,33481,,,-23.558199000000002,-46.522121,,,,2,2023-06-17T17:59:00+00:00
SAO_2100-10,São Paulo,3550308,True,,33481,,,-23.554403,-46.593630000000005,,,,2,2023-06-17T17:59:02+00:00
SAO_2100-10,São Paulo,3550308,True,,33481,,,-23.5658625,-46.5448215,,,,2,2023-06-17T17:58:41+00:00
SAO_5012-10,São Paulo,3550308,True,,33884,,,-23.706321250000002,-46.628551,,,,2,2023-06-17T17:57:43+00:00
SAO_5012-10,São Paulo,3550308,True,,33884,,,-23.6459105,-46.6397875,,,,2,2023-06-17T17:58:53+00:00
SAO_5012-10,São Paulo,3550308,True,,33884,,,-23.6459105,-46.6397875,,,,2,2023-06-17T17:58:53+00:00
SAO_5012-10,São Paulo,3550308,True,,33884,,,-23.6459105,-46.6397875,,,,2,2023-06-17T17:58:57+00:00
SAO_5012-10,São Paulo,3550308,True,,33884,,,-23.675799499999997,-46.642252,,,,2,2023-06-17T17:59:09+00:00
SAO_5012-10,São Paulo,3550308,True,,33884,,,-23.6459105,-46.6397875,,,,2,2023-06-17T17:59:12+00:00
SAO_5012-10,São Paulo,3550308,True,,33884,,,-23.6459105,-46.6397875,,,,2,2023-06-17T17:58:37+00:00
SAO_5012-10,São Paulo,3550308,True,,33884,,,-23.710001,-46.6357225,,,,2,2023-06-17T17:59:12+00:00
SAO_5012-10,São Paulo,3550308,True,,33884,,,-23.7100645,-46.6359875,,,,2,2023-06-17T17:59:15+00:00
SAO_5012-10,São Paulo,3550308,True,,33884,,,-23.687432,-46.633538,,,,2,2023-06-17T17:58:32+00:00
SAO_5012-10,São Paulo,3550308,True,,33884,,,-23.702092,-46.627287499999994,,,,2,2023-06-17T17:59:05+00:00
SAO_5012-10,São Paulo,3550308,True,,33884,,,-23.6459105,-46.6397875,,,,2,2023-06-17T17:58:30+00:00
SAO_8025-10,São Paulo,3550308,True,,34844,,,-23.587674,-46.77014125,,,,2,2023-06-17T17:58:57+00:00
SAO_8025-10,São Paulo,3550308,True,,34844,,,-23.5914875,-46.735569999999996,,,,2,2023-06-17T17:58:52+00:00
SAO_8025-10,São Paulo,3550308,True,,34844,,,-23.590482125,-46.771224000000004,,,,2,2023-06-17T17:58:56+00:00
SAO_8025-10,São Paulo,3550308,True,,34844,,,-23.58528175,-46.76132,,,,2,2023-06-17T17:58:47+00:00
SAO_8025-10,São Paulo,3550308,True,,34844,,,-23.590518,-46.76971475,,,,2,2023-06-17T17:58:52+00:00
SAO_647A-10,São Paulo,3550308,True,,1315,,,-23.6624305,-46.769189,,,,1,2023-06-17T17:59:12+00:00
SAO_647A-10,São Paulo,3550308,True,,1315,,,-23.6945095,-46.7940355,,,,1,2023-06-17T17:58:49+00:00
SAO_647A-10,São Paulo,3550308,True,,1315,,,-23.5944665,-46.70651,,,,1,2023-06-17T17:58:49+00:00
SAO_647A-10,São Paulo,3550308,True,,1315,,,-23.68583125,-46.7915265,,,,1,2023-06-17T17:59:07+00:00
SAO_647A-10,São Paulo,3550308,True,,1315,,,-23.641247,-46.735923,,,,1,2023-06-17T17:59:08+00:00
SAO_5031-10,São Paulo,3550308,True,,34514,,,-23.6344365,-46.589236,,,,2,2023-06-17T17:58:57+00:00
SAO_5031-10,São Paulo,3550308,True,,34514,,,-23.63630825,-46.590938249999994,,,,2,2023-06-17T17:58:44+00:00
SAO_5031-10,São Paulo,3550308,True,,34514,,,-23.603051999999998,-46.602856,,,,2,2023-06-17T17:58:57+00:00
SAO_5031-10,São Paulo,3550308,True,,34514,,,-23.6220665,-46.5917295,,,,2,2023-06-17T17:58:45+00:00
SAO_5031-10,São Paulo,3550308,True,,34514,,,-23.603051999999998,-46.602856,,,,2,2023-06-17T17:58:55+00:00
SAO_5031-10,São Paulo,3550308,True,,34514,,,-23.608896,-46.596655999999996,,,,2,2023-06-17T17:59:15+00:00
SAO_5031-10,São Paulo,3550308,True,,34514,,,-23.6369775,-46.591483000000004,,,,2,2023-06-17T17:59:06+00:00
SAO_5031-10,São Paulo,3550308,True,,34514,,,-23.61746275,-46.592978,,,,2,2023-06-17T17:59:07+00:00
SAO_5031-10,São Paulo,3550308,True,,34514,,,-23.6343115,-46.5886045,,,,2,2023-06-17T17:58:33+00:00
SAO_5031-10,São Paulo,3550308,True,,34514,,,-23.6365255,-46.5910045,,,,2,2023-06-17T17:58:57+00:00
SAO_6072-10,São Paulo,3550308,True,,1588,,,-23.8250415,-46.7076615,,,,1,2023-06-17T17:59:12+00:00
SAO_6072-10,São Paulo,3550308,True,,1588,,,-23.827404,-46.697334,,,,1,2023-06-17T17:58:40+00:00
SAO_6072-10,São Paulo,3550308,True,,1588,,,-23.797131999999998,-46.709621,,,,1,2023-06-17T17:58:37+00:00
SAO_6035-21,São Paulo,3550308,True,,1795,,,-23.720715499999997,-46.755851,,,,1,2023-06-17T17:58:49+00:00
SAO_6035-21,São Paulo,3550308,True,,1795,,,-23.69149,-46.761425,,,,1,2023-06-17T17:59:04+00:00
SAO_6035-21,São Paulo,3550308,True,,1795,,,-23.6723615,-46.738079,,,,1,2023-06-17T17:58:45+00:00
SAO_6035-21,São Paulo,3550308,True,,1795,,,-23.72059625,-46.76496125,,,,1,2023-06-17T17:59:10+00:00
SAO_6035-21,São Paulo,3550308,True,,1795,,,-23.720715499999997,-46.755851,,,,1,2023-06-17T17:58:45+00:00
SAO_6960-10,São Paulo,3550308,True,,34211,,,-23.6543295,-46.7121355,,,,2,2023-06-17T17:58:37+00:00
SAO_6960-10,São Paulo,3550308,True,,34211,,,-23.6543295,-46.7121355,,,,2,2023-06-17T17:58:47+00:00
SAO_6960-10,São Paulo,3550308,True,,34211,,,-23.757526,-46.714652,,,,2,2023-06-17T17:59:13+00:00
SAO_6960-10,São Paulo,3550308,True,,34211,,,-23.668036,-46.7120825,,,,2,2023-06-17T17:59:01+00:00
SAO_6960-10,São Paulo,3550308,True,,34211,,,-23.6543295,-46.7121355,,,,2,2023-06-17T17:59:15+00:00
SAO_6960-10,São Paulo,3550308,True,,34211,,,-23.7384045,-46.700663500000005,,,,2,2023-06-17T17:59:04+00:00
SAO_6960-10,São Paulo,3550308,True,,34211,,,-23.703293000000002,-46.7149365,,,,2,2023-06-17T17:58:01+00:00
SAO_677A-10,São Paulo,3550308,True,,1239,,,-23.690655,-46.774251500000005,,,,1,2023-06-17T17:58:50+00:00
SAO_677A-10,São Paulo,3550308,True,,1239,,,-23.591614,-46.688942499999996,,,,1,2023-06-17T17:58:58+00:00
SAO_677A-10,São Paulo,3550308,True,,1239,,,-23.690655,-46.774251500000005,,,,1,2023-06-17T17:58:43+00:00
SAO_677A-10,São Paulo,3550308,True,,1239,,,-23.675908,-46.753772,,,,1,2023-06-17T17:59:14+00:00
SAO_677A-10,São Paulo,3550308,True,,1239,,,-23.624718625,-46.706378625,,,,1,2023-06-17T17:59:13+00:00
SAO_677A-10,São Paulo,3550308,True,,1239,,,-23.690559,-46.774157,,,,1,2023-06-17T17:58:45+00:00
SAO_677A-10,São Paulo,3550308,True,,1239,,,-23.690655,-46.774251500000005,,,,1,2023-06-17T17:58:55+00:00
SAO_354M-10,São Paulo,3550308,True,,1619,,,-23.598715249999998,-46.464727749999994,,,,1,2023-06-17T17:58:51+00:00
SAO_354M-10,São Paulo,3550308,True,,1619,,,-23.492453875,-46.444495375,,,,1,2023-06-17T17:59:02+00:00
SAO_354M-10,São Paulo,3550308,True,,1619,,,-23.527967,-46.457707,,,,1,2023-06-17T17:58:43+00:00
SAO_8019-10,São Paulo,3550308,True,,2071,,,-23.545325,-46.7467535,,,,1,2023-06-17T17:58:36+00:00
SAO_8019-10,São Paulo,3550308,True,,2071,,,-23.545834,-46.75603875,,,,1,2023-06-17T17:59:06+00:00
SAO_8019-10,São Paulo,3550308,True,,2071,,,-23.5696525,-46.7137425,,,,1,2023-06-17T17:59:10+00:00
SAO_209P-10,São Paulo,3550308,True,,2216,,,-23.516272625,-46.68611025,,,,1,2023-06-17T17:58:57+00:00
SAO_209P-10,São Paulo,3550308,True,,2216,,,-23.522572250000003,-46.66452174999999,,,,1,2023-06-17T17:59:10+00:00
SAO_209P-10,São Paulo,3550308,True,,2216,,,-23.47206025,-46.670438250000004,,,,1,2023-06-17T17:58:55+00:00
SAO_209P-10,São Paulo,3550308,True,,2216,,,-23.486594999999998,-46.682212,,,,1,2023-06-17T17:59:09+00:00
SAO_209P-10,São Paulo,3550308,True,,2216,,,-23.5664245,-46.701924500000004,,,,1,2023-06-17T17:59:12+00:00
SAO_209P-10,São Paulo,3550308,True,,2216,,,-23.472319999999996,-46.6704065,,,,1,2023-06-17T17:59:13+00:00
SAO_209P-10,São Paulo,3550308,True,,2216,,,-23.47120975,-46.67053275,,,,1,2023-06-17T17:58:48+00:00
SAO_209P-10,São Paulo,3550308,True,,2216,,,-23.533958,-46.674707999999995,,,,1,2023-06-17T17:58:57+00:00
SAO_3729-10,São Paulo,3550308,True,,33794,,,-23.58125,-46.537955,,,,2,2023-06-17T17:58:46+00:00
SAO_3729-10,São Paulo,3550308,True,,33794,,,-23.585137,-46.526382999999996,,,,2,2023-06-17T17:59:08+00:00
SAO_3729-10,São Paulo,3550308,True,,33794,,,-23.561736500000002,-46.56283375,,,,2,2023-06-17T17:58:48+00:00
SAO_3729-10,São Paulo,3550308,True,,33794,,,-23.565974500000003,-46.5075115,,,,2,2023-06-17T17:58:36+00:00
SAO_3729-10,São Paulo,3550308,True,,33794,,,-23.554627500000002,-46.5621395,,,,2,2023-06-17T17:59:04+00:00
SAO_3731-10,São Paulo,3550308,True,,1028,,,-23.5531515,-46.5130305,,,,1,2023-06-17T17:58:50+00:00
SAO_3731-10,São Paulo,3550308,True,,1028,,,-23.5317385,-46.5281095,,,,1,2023-06-17T17:58:50+00:00
SAO_3731-10,São Paulo,3550308,True,,1028,,,-23.55984775,-46.51250399999999,,,,1,2023-06-17T17:59:04+00:00
SAO_3731-10,São Paulo,3550308,True,,1028,,,-23.546692999999998,-46.513327499999995,,,,1,2023-06-17T17:58:44+00:00
SAO_3731-10,São Paulo,3550308,True,,1028,,,-23.54034975,-46.51591475,,,,1,2023-06-17T17:58:52+00:00
SAO_3731-10,São Paulo,3550308,True,,1028,,,-23.539874,-46.516463,,,,1,2023-06-17T17:57:32+00:00
SAO_9784-10,São Paulo,3550308,True,,33595,,,-23.466843,-46.6689485,,,,2,2023-06-17T17:58:50+00:00
SAO_9784-10,São Paulo,3550308,True,,33595,,,-23.46623,-46.668721,,,,2,2023-06-17T17:58:52+00:00
SAO_9784-10,São Paulo,3550308,True,,33595,,,-23.50045425,-46.66472075,,,,2,2023-06-17T17:59:06+00:00
SAO_9784-10,São Paulo,3550308,True,,33595,,,-23.4507675,-46.683319374999996,,,,2,2023-06-17T17:58:45+00:00
SAO_9784-10,São Paulo,3550308,True,,33595,,,-23.4507675,-46.683319374999996,,,,2,2023-06-17T17:58:42+00:00
SAO_9784-10,São Paulo,3550308,True,,33595,,,-23.4509365,-46.683104125,,,,2,2023-06-17T17:58:38+00:00
SAO_6069-10,São Paulo,3550308,True,,1154,,,-23.752782500000002,-46.698995,,,,1,2023-06-17T17:59:15+00:00
SAO_6069-10,São Paulo,3550308,True,,1154,,,-23.69461475,-46.701530250000005,,,,1,2023-06-17T17:59:06+00:00
SAO_6069-10,São Paulo,3550308,True,,1154,,,-23.653890625,-46.71154075,,,,1,2023-06-17T17:58:55+00:00
SAO_6069-10,São Paulo,3550308,True,,1154,,,-23.738172875,-46.700179750000004,,,,1,2023-06-17T17:58:54+00:00
SAO_5362-10,São Paulo,3550308,True,BR7 Mobilidade,70,https://moovitapp.com/index/pt-br/transporte_p%C3%BAblico-line-70-Sao_Paulo-242-851856-2250296-0,5.75,-23.751072,-46.688243,,,,1,2023-06-17T17:59:13+00:00
SAO_5362-10,São Paulo,3550308,True,BR7 Mobilidade,70,https://moovitapp.com/index/pt-br/transporte_p%C3%BAblico-line-70-Sao_Paulo-242-851856-2250296-0,5.75,-23.74488,-46.668146,,,,1,2023-06-17T17:59:07+00:00
SAO_5362-10,São Paulo,3550308,True,BR7 Mobilidade,70,https://moovitapp.com/index/pt-br/transporte_p%C3%BAblico-line-70-Sao_Paulo-242-851856-2250296-0,5.75,-23.6636725,-46.7077935,,,,1,2023-06-17T17:58:49+00:00
SAO_5362-10,São Paulo,3550308,True,BR7 Mobilidade,70,https://moovitapp.com/index/pt-br/transporte_p%C3%BAblico-line-70-Sao_Paulo-242-851856-2250296-0,5.75,-23.7379235,-46.6925615,,,,1,2023-06-17T17:58:51+00:00
SAO_5362-10,São Paulo,3550308,True,BR7 Mobilidade,70,https://moovitapp.com/index/pt-br/transporte_p%C3%BAblico-line-70-Sao_Paulo-242-851856-2250296-0,5.75,-23.648898000000003,-46.703265,,,,1,2023-06-17T17:58:32+00:00
SAO_5362-10,São Paulo,3550308,True,BR7 Mobilidade,70,https://moovitapp.com/index/pt-br/transporte_p%C3%BAblico-line-70-Sao_Paulo-242-851856-2250296-0,5.75,-23.59598675,-46.65497125,,,,1,2023-06-17T17:58:53+00:00
SAO_5362-10,São Paulo,3550308,True,BR7 Mobilidade,70,https://moovitapp.com/index/pt-br/transporte_p%C3%BAblico-line-70-Sao_Paulo-242-851856-2250296-0,5.75,-23.7445215,-46.670979,,,,1,2023-06-17T17:58:24+00:00
SAO_8013-41,São Paulo,3550308,True,,2011,,,-23.4283135,-46.794535249999996,,,,1,2023-06-17T17:58:59+00:00
SAO_8013-41,São Paulo,3550308,True,,2011,,,-23.432446499999998,-46.787048,,,,1,2023-06-17T17:59:00+00:00
SAO_208V-10,São Paulo,3550308,True,,32975,,,-23.5476865,-46.6292585,,,,2,2023-06-17T17:59:04+00:00
SAO_208V-10,São Paulo,3550308,True,,32975,,,-23.5476865,-46.6292585,,,,2,2023-06-17T17:58:28+00:00
SAO_208V-10,São Paulo,3550308,True,,32975,,,-23.5476865,-46.6292585,,,,2,2023-06-17T17:59:13+00:00
SAO_208V-10,São Paulo,3550308,True,,32975,,,-23.517151499999997,-46.47592275,,,,2,2023-06-17T17:58:57+00:00
SAO_208V-10,São Paulo,3550308,True,,32975,,,-23.5476865,-46.6292585,,,,2,2023-06-17T17:59:10+00:00
SAO_208V-10,São Paulo,3550308,True,,32975,,,-23.5476865,-46.6292585,,,,2,2023-06-17T17:59:02+00:00
SAO_208V-10,São Paulo,3550308,True,,32975,,,-23.53699725,-46.59209275,,,,2,2023-06-17T17:58:44+00:00
SAO_208V-10,São Paulo,3550308,True,,32975,,,-23.517678,-46.475762,,,,2,2023-06-17T17:58:35+00:00
SAO_208V-10,São Paulo,3550308,True,,32975,,,-23.51775,-46.4757475,,,,2,2023-06-17T17:58:56+00:00
SAO_208V-10,São Paulo,3550308,True,,32975,,,-23.5120595,-46.5119935,,,,2,2023-06-17T17:58:32+00:00
SAO_208V-10,São Paulo,3550308,True,,32975,,,-23.5178825,-46.475722000000005,,,,2,2023-06-17T17:59:03+00:00
SAO_208V-10,São Paulo,3550308,True,,32975,,,-23.5182095,-46.475659,,,,2,2023-06-17T12:58:50+00:00
SAO_208V-10,São Paulo,3550308,True,,32975,,,-23.517815499999998,-46.475735,,,,2,2023-06-17T17:59:07+00:00
SAO_208V-10,São Paulo,3550308,True,,32975,,,-23.518140000000002,-46.4756725,,,,2,2023-06-17T17:58:35+00:00
SAO_208V-10,São Paulo,3550308,True,,32975,,,-23.5476865,-46.6292585,,,,2,2023-06-17T17:58:36+00:00
SAO_7055-10,São Paulo,3550308,True,,1888,,,-23.649175,-46.7793,,,,1,2023-06-17T17:58:43+00:00
SAO_7055-10,São Paulo,3550308,True,,1888,,,-23.6614595,-46.768571,,,,1,2023-06-17T17:58:56+00:00
SAO_7055-10,São Paulo,3550308,True,,1888,,,-23.6783705,-46.77687925,,,,1,2023-06-17T17:59:17+00:00
SAO_7055-10,São Paulo,3550308,True,,1888,,,-23.6919635,-46.7907745,,,,1,2023-06-17T17:59:14+00:00
SAO_7055-10,São Paulo,3550308,True,,1888,,,-23.682612499999998,-46.788652,,,,1,2023-06-17T17:59:15+00:00
SAO_745M-10,São Paulo,3550308,True,,782,,,-23.681128625,-46.693011375,,,,1,2023-06-17T17:58:50+00:00
SAO_745M-10,São Paulo,3550308,True,,782,,,-23.6384965,-46.779754499999996,,,,1,2023-06-17T17:59:04+00:00
SAO_745M-10,São Paulo,3550308,True,,782,,,-23.630615499999998,-46.768413,,,,1,2023-06-17T17:59:15+00:00
SAO_745M-10,São Paulo,3550308,True,,782,,,-23.6746975,-46.758979499999995,,,,1,2023-06-17T17:58:47+00:00
SAO_745M-10,São Paulo,3550308,True,,782,,,-23.630615499999998,-46.768413,,,,1,2023-06-17T17:59:15+00:00
SAO_745M-10,São Paulo,3550308,True,,782,,,-23.660350625,-46.765821875,,,,1,2023-06-17T17:58:50+00:00
SAO_745M-10,São Paulo,3550308,True,,782,,,-23.682125624999998,-46.69107475,,,,1,2023-06-17T17:59:04+00:00
SAO_745M-10,São Paulo,3550308,True,,782,,,-23.681940875000002,-46.69123225,,,,1,2023-06-17T17:58:38+00:00
SAO_745M-10,São Paulo,3550308,True,,782,,,-23.682125624999998,-46.69107475,,,,1,2023-06-17T17:59:04+00:00
SAO_745M-10,São Paulo,3550308,True,,782,,,-23.6672905,-46.727228,,,,1,2023-06-17T17:59:03+00:00
SAO_745M-10,São Paulo,3550308,True,,782,,,-23.6662345,-46.771350999999996,,,,1,2023-06-17T17:59:10+00:00
SAO_745M-10,São Paulo,3550308,True,,782,,,-23.670386999999998,-46.7386205,,,,1,2023-06-17T17:59:16+00:00
SAO_6818-10,São Paulo,3550308,True,,32796,,,-23.654823,-46.763025,,,,2,2023-06-17T17:58:48+00:00
SAO_6818-10,São Paulo,3550308,True,,32796,,,-23.645670000000003,-46.7712555,,,,2,2023-06-17T17:59:04+00:00
SAO_6818-10,São Paulo,3550308,True,,32796,,,-23.655842999999997,-46.7727765,,,,2,2023-06-17T17:58:57+00:00
SAO_6818-10,São Paulo,3550308,True,,32796,,,-23.655419000000002,-46.7722955,,,,2,2023-06-17T17:59:01+00:00
SAO_978A-10,São Paulo,3550308,True,,34137,,,-23.5152745,-46.689216,,,,2,2023-06-17T17:58:38+00:00
SAO_971D-10,São Paulo,3550308,True,,709,,,-23.447513,-46.696985,,,,1,2023-06-17T17:59:04+00:00
SAO_971D-10,São Paulo,3550308,True,,709,,,-23.455132499999998,-46.695186,,,,1,2023-06-17T17:59:10+00:00
SAO_971D-10,São Paulo,3550308,True,,709,,,-23.46045675,-46.677351,,,,1,2023-06-17T17:59:06+00:00
SAO_971D-10,São Paulo,3550308,True,,709,,,-23.447513,-46.696985,,,,1,2023-06-17T17:58:41+00:00
SAO_971D-10,São Paulo,3550308,True,,709,,,-23.514648375,-46.61627775,,,,1,2023-06-17T17:59:12+00:00
SAO_971D-10,São Paulo,3550308,True,,709,,,-23.483185499999998,-46.6351715,,,,1,2023-06-17T17:58:49+00:00
SAO_3746-10,São Paulo,3550308,True,,33051,,,-23.542912,-46.588283000000004,,,,2,2023-06-17T17:59:06+00:00
SAO_3746-10,São Paulo,3550308,True,,33051,,,-23.542912,-46.588283000000004,,,,2,2023-06-17T17:58:55+00:00
SAO_3746-10,São Paulo,3550308,True,,33051,,,-23.542912,-46.588283000000004,,,,2,2023-06-17T17:58:45+00:00
SAO_3746-10,São Paulo,3550308,True,,33051,,,-23.542912,-46.588283000000004,,,,2,2023-06-17T17:58:43+00:00
SAO_3746-10,São Paulo,3550308,True,,33051,,,-23.57825575,-46.541642249999995,,,,2,2023-06-17T17:58:57+00:00
SAO_3746-10,São Paulo,3550308,True,,33051,,,-23.542912,-46.588283000000004,,,,2,2023-06-17T17:58:33+00:00
SAO_3746-10,São Paulo,3550308,True,,33051,,,-23.542912,-46.588283000000004,,,,2,2023-06-17T17:58:41+00:00
SAO_3746-10,São Paulo,3550308,True,,33051,,,-23.542912,-46.588283000000004,,,,2,2023-06-17T17:58:38+00:00
SAO_3746-10,São Paulo,3550308,True,,33051,,,-23.542912,-46.588283000000004,,,,2,2023-06-17T17:58:40+00:00
SAO_3746-10,São Paulo,3550308,True,,33051,,,-23.594203999999998,-46.502838,,,,2,2023-06-17T17:59:10+00:00
SAO_9011-10,São Paulo,3550308,True,,33646,,,-23.449800500000002,-46.735158,,,,2,2023-06-17T17:59:13+00:00
SAO_9011-10,São Paulo,3550308,True,,33646,,,-23.47494,-46.67014399999999,,,,2,2023-06-17T17:58:35+00:00
SAO_9011-10,São Paulo,3550308,True,,33646,,,-23.444357500000002,-46.732141999999996,,,,2,2023-06-17T17:58:43+00:00
SAO_9011-10,São Paulo,3550308,True,,33646,,,-23.474271,-46.668220250000005,,,,2,2023-06-17T17:59:10+00:00
SAO_9011-10,São Paulo,3550308,True,,33646,,,-23.460402000000002,-46.684407,,,,2,2023-06-17T17:58:54+00:00
SAO_9011-10,São Paulo,3550308,True,,33646,,,-23.47494,-46.67014399999999,,,,2,2023-06-17T17:58:46+00:00
SAO_9011-10,São Paulo,3550308,True,,33646,,,-23.45467,-46.738116000000005,,,,2,2023-06-17T17:58:52+00:00
SAO_9011-10,São Paulo,3550308,True,,33646,,,-23.443857,-46.719284,,,,2,2023-06-17T17:59:07+00:00
SAO_8615-10,São Paulo,3550308,True,,34107,,,-23.548326,-46.633191499999995,,,,2,2023-06-17T17:58:32+00:00
SAO_8615-10,São Paulo,3550308,True,,34107,,,-23.519003125000005,-46.7092655,,,,2,2023-06-17T17:58:46+00:00
SAO_8615-10,São Paulo,3550308,True,,34107,,,-23.5361915,-46.725013000000004,,,,2,2023-06-17T17:58:35+00:00
SAO_8047-41,São Paulo,3550308,True,STT,410,https://moovitapp.com/index/pt-br/transporte_p%C3%BAblico-line-410-Sao_Paulo-242-850661-183302-0,5.3,-23.5466355,-46.69045,,,,1,2023-06-17T17:58:40+00:00
SAO_8047-41,São Paulo,3550308,True,STT,410,https://moovitapp.com/index/pt-br/transporte_p%C3%BAblico-line-410-Sao_Paulo-242-850661-183302-0,5.3,-23.442826500000002,-46.749123499999996,,,,1,2023-06-17T17:58:47+00:00
SAO_6826-10,São Paulo,3550308,True,,32784,,,-23.67401875,-46.79687199999999,,,,2,2023-06-17T17:58:33+00:00
SAO_6200-10,São Paulo,3550308,True,,355,,,-23.56705225,-46.658919,,,,1,2023-06-17T17:58:56+00:00
SAO_6200-10,São Paulo,3550308,True,,355,,,-23.654400000000003,-46.7146665,,,,1,2023-06-17T17:58:44+00:00
SAO_6200-10,São Paulo,3550308,True,,355,,,-23.5491125,-46.640139500000004,,,,1,2023-06-17T17:58:42+00:00
SAO_6200-10,São Paulo,3550308,True,,355,,,-23.6203225,-46.700261,,,,1,2023-06-17T17:59:11+00:00
SAO_6200-10,São Paulo,3550308,True,,355,,,-23.6544435,-46.714867,,,,1,2023-06-17T17:59:06+00:00
SAO_6200-10,São Paulo,3550308,True,,355,,,-23.65423,-46.7120225,,,,1,2023-06-17T17:59:06+00:00
SAO_6200-10,São Paulo,3550308,True,,355,,,-23.5866805,-46.689777500000005,,,,1,2023-06-17T17:58:38+00:00
SAO_6200-10,São Paulo,3550308,True,,355,,,-23.654486499999997,-46.7150675,,,,1,2023-06-17T17:58:43+00:00
SAO_6200-10,São Paulo,3550308,True,,355,,,-23.551287000000002,-46.6459355,,,,1,2023-06-17T17:59:17+00:00
SAO_6200-10,São Paulo,3550308,True,,355,,,-23.629996,-46.713632000000004,,,,1,2023-06-17T17:59:10+00:00
SAO_6200-10,São Paulo,3550308,True,,355,,,-23.580629000000002,-46.6799365,,,,1,2023-06-17T17:58:54+00:00
SAO_5108-10,São Paulo,3550308,True,,1675,,,-23.6144195,-46.6172205,,,,1,2023-06-17T17:59:07+00:00
SAO_5108-10,São Paulo,3550308,True,,1675,,,-23.6622845,-46.619986,,,,1,2023-06-17T17:55:30+00:00
SAO_5108-10,São Paulo,3550308,True,,1675,,,-23.6278965,-46.61908,,,,1,2023-06-17T17:59:13+00:00
SAO_5108-10,São Paulo,3550308,True,,1675,,,-23.5465215,-46.630083,,,,1,2023-06-17T17:59:16+00:00
SAO_9023-10,São Paulo,3550308,True,,34205,,,-23.44113,-46.7118225,,,,2,2023-06-17T17:58:42+00:00
SAO_9023-10,São Paulo,3550308,True,,34205,,,-23.455118,-46.7144825,,,,2,2023-06-17T17:59:09+00:00
SAO_9023-10,São Paulo,3550308,True,,34205,,,-23.419693000000002,-46.716714,,,,2,2023-06-17T17:56:37+00:00
SAO_9023-10,São Paulo,3550308,True,,34205,,,-23.487007,-46.726683,,,,2,2023-06-17T17:58:46+00:00
SAO_1760-10,São Paulo,3550308,True,EMTU,557,https://moovitapp.com/index/pt-br/transporte_p%C3%BAblico-line-557-Sao_Paulo-242-2038937-36419558-0,6.2,-23.514648375,-46.61627775,,,,1,2023-06-17T17:58:45+00:00
SAO_1760-10,São Paulo,3550308,True,EMTU,557,https://moovitapp.com/index/pt-br/transporte_p%C3%BAblico-line-557-Sao_Paulo-242-2038937-36419558-0,6.2,-23.4715225,-46.651405999999994,,,,1,2023-06-17T17:58:40+00:00
SAO_3746-10,São Paulo,3550308,True,EMTU,283,https://moovitapp.com/index/pt-br/transporte_p%C3%BAblico-line-283-Sao_Paulo-242-2038937-36419384-0,5.2,-23.57421175,-46.541283750000005,,,,1,2023-06-17T17:58:39+00:00
SAO_3746-10,São Paulo,3550308,True,EMTU,283,https://moovitapp.com/index/pt-br/transporte_p%C3%BAblico-line-283-Sao_Paulo-242-2038937-36419384-0,5.2,-23.5907695,-46.50138,,,,1,2023-06-17T17:58:30+00:00
SAO_407E-10,São Paulo,3550308,True,,2215,,,-23.6335585,-46.4430015,,,,1,2023-06-17T17:59:00+00:00
SAO_407E-10,São Paulo,3550308,True,,2215,,,-23.622617500000004,-46.46532175,,,,1,2023-06-17T17:58:52+00:00
SAO_407E-10,São Paulo,3550308,True,,2215,,,-23.53936825,-46.54289575,,,,1,2023-06-17T17:58:40+00:00
SAO_407E-10,São Paulo,3550308,True,,2215,,,-23.599986375,-46.46668475,,,,1,2023-06-17T17:58:41+00:00
SAO_407E-10,São Paulo,3550308,True,,2215,,,-23.558925,-46.51338125,,,,1,2023-06-17T17:58:41+00:00
SAO_407E-10,São Paulo,3550308,True,,2215,,,-23.6335585,-46.4430015,,,,1,2023-06-17T17:58:58+00:00
SAO_3785-10,São Paulo,3550308,True,,1063,,,-23.595830375,-46.436915625,,,,1,2023-06-17T17:58:45+00:00
SAO_3785-10,São Paulo,3550308,True,,1063,,,-23.5632265,-46.44612325,,,,1,2023-06-17T17:58:54+00:00
SAO_3785-10,São Paulo,3550308,True,,1063,,,-23.563545,-46.446155,,,,1,2023-06-17T17:59:12+00:00
SAO_3785-10,São Paulo,3550308,True,,1063,,,-23.581818249999998,-46.410364125,,,,1,2023-06-17T17:58:59+00:00
SAO_3785-10,São Paulo,3550308,True,,1063,,,-23.548436375,-46.460986000000005,,,,1,2023-06-17T17:58:52+00:00
SAO_3785-10,São Paulo,3550308,True,,1063,,,-23.542547,-46.4707595,,,,1,2023-06-17T17:59:16+00:00
SAO_2716-10,São Paulo,3550308,True,,929,,,-23.5250965,-46.54026725,,,,1,2023-06-17T17:58:34+00:00
SAO_2716-10,São Paulo,3550308,True,,929,,,-23.532959499999997,-46.543440000000004,,,,1,2023-06-17T17:58:56+00:00
SAO_2716-10,São Paulo,3550308,True,,929,,,-23.5330545,-46.543981,,,,1,2023-06-17T17:58:31+00:00
SAO_2716-10,São Paulo,3550308,True,,929,,,-23.512081000000002,-46.536728499999995,,,,1,2023-06-17T17:58:52+00:00
SAO_5010-10,São Paulo,3550308,True,,33882,,,-23.649881999999998,-46.662268,,,,2,2023-06-17T17:58:58+00:00
SAO_5010-10,São Paulo,3550308,True,,33882,,,-23.662217,-46.631516500000004,,,,2,2023-06-17T17:58:38+00:00
SAO_5010-10,São Paulo,3550308,True,,33882,,,-23.6642235,-46.632067,,,,2,2023-06-17T17:58:58+00:00
SAO_5010-10,São Paulo,3550308,True,,33882,,,-23.655951625,-46.6366125,,,,2,2023-06-17T17:58:40+00:00
SAO_3734-10,São Paulo,3550308,True,,33802,,,-23.5410875,-46.4842785,,,,2,2023-06-17T17:59:14+00:00
SAO_3734-10,São Paulo,3550308,True,,33802,,,-23.550147250000002,-46.48212975,,,,2,2023-06-17T17:59:10+00:00
SAO_3734-10,São Paulo,3550308,True,,33802,,,-23.557147,-46.4726745,,,,2,2023-06-17T17:58:46+00:00
SAO_3734-10,São Paulo,3550308,True,,33802,,,-23.552827,-46.472971,,,,2,2023-06-17T17:59:01+00:00
SAO_707K-10,São Paulo,3550308,True,,2503,,,-23.649881999999998,-46.662268,,,,1,2023-06-17T17:58:46+00:00
SAO_707K-10,São Paulo,3550308,True,,2503,,,-23.656086000000002,-46.693602,,,,1,2023-06-17T17:59:08+00:00
SAO_707K-10,São Paulo,3550308,True,,2503,,,-23.644662124999996,-46.641911375,,,,1,2023-06-17T17:58:38+00:00
SAO_856R-10,São Paulo,3550308,True,,1428,,,-23.536431625000002,-46.686132,,,,1,2023-06-17T17:58:25+00:00
SAO_856R-10,São Paulo,3550308,True,,1428,,,-23.600961499999997,-46.67407025,,,,1,2023-06-17T17:59:03+00:00
SAO_856R-10,São Paulo,3550308,True,,1428,,,-23.5214275,-46.698573499999995,,,,1,2023-06-17T17:58:33+00:00
SAO_856R-10,São Paulo,3550308,True,,1428,,,-23.669544,-46.71888375,,,,1,2023-06-17T17:58:53+00:00
SAO_856R-10,São Paulo,3550308,True,,1428,,,-23.5809395,-46.684903250000005,,,,1,2023-06-17T17:59:09+00:00
SAO_856R-10,São Paulo,3550308,True,,1428,,,-23.669694,-46.71912525,,,,1,2023-06-17T17:58:59+00:00
SAO_856R-10,São Paulo,3550308,True,,1428,,,-23.65811275,-46.70672275,,,,1,2023-06-17T17:59:03+00:00
SAO_746P-10,São Paulo,3550308,True,,788,,,-23.6190105,-46.722972999999996,,,,1,2023-06-17T17:58:58+00:00
SAO_746P-10,São Paulo,3550308,True,,788,,,-23.642134499999997,-46.7365615,,,,1,2023-06-17T17:58:39+00:00
SAO_746P-10,São Paulo,3550308,True,,788,,,-23.618063,-46.72137,,,,1,2023-06-17T17:58:49+00:00
SAO_8542-21,São Paulo,3550308,True,,34129,,,-23.507077375,-46.689163875000006,,,,2,2023-06-17T17:58:46+00:00
SAO_8542-21,São Paulo,3550308,True,,34129,,,-23.475505,-46.679226,,,,2,2023-06-17T17:59:10+00:00
SAO_8542-21,São Paulo,3550308,True,,34129,,,-23.470285,-46.698313999999996,,,,2,2023-06-17T17:59:15+00:00
SAO_8542-21,São Paulo,3550308,True,,34129,,,-23.4726875,-46.7023155,,,,2,2023-06-17T17:58:42+00:00
SAO_2590-10,São Paulo,3550308,True,,33680,,,-23.53574375,-46.5730255,,,,2,2023-06-17T17:59:00+00:00
SAO_2590-10,São Paulo,3550308,True,,33680,,,-23.48327475,-46.466404999999995,,,,2,2023-06-17T17:59:15+00:00
SAO_2590-10,São Paulo,3550308,True,,33680,,,-23.485488500000002,-46.48123775,,,,2,2023-06-17T17:57:00+00:00
SAO_2590-10,São Paulo,3550308,True,,33680,,,-23.5429045,-46.61651275,,,,2,2023-06-17T17:59:09+00:00
SAO_2590-10,São Paulo,3550308,True,,33680,,,-23.521622,-46.5468105,,,,2,2023-06-17T17:58:58+00:00
SAO_7001-10,São Paulo,3550308,True,,1722,,,-23.71865675,-46.76532925,,,,1,2023-06-17T17:58:50+00:00
SAO_7001-10,São Paulo,3550308,True,,1722,,,-23.7209395,-46.755970500000004,,,,1,2023-06-17T17:58:44+00:00
SAO_7001-10,São Paulo,3550308,True,,1722,,,-23.7021595,-46.782621,,,,1,2023-06-17T17:59:08+00:00
SAO_7001-10,São Paulo,3550308,True,,1722,,,-23.6943285,-46.7797875,,,,1,2023-06-17T17:58:56+00:00
SAO_7001-10,São Paulo,3550308,True,,1722,,,-23.684296,-46.769915999999995,,,,1,2023-06-17T17:58:48+00:00
SAO_7001-10,São Paulo,3550308,True,,1722,,,-23.7247405,-46.7552985,,,,1,2023-06-17T17:55:37+00:00
SAO_8023-10,São Paulo,3550308,True,,34842,,,-23.590418624999998,-46.802857625,,,,2,2023-06-17T17:58:50+00:00
SAO_8023-10,São Paulo,3550308,True,,34842,,,-23.590517875,-46.802538874999996,,,,2,2023-06-17T17:59:15+00:00
SAO_517J-10,São Paulo,3550308,True,,1129,,,-23.686716500000003,-46.647694,,,,1,2023-06-17T17:58:09+00:00
SAO_517J-10,São Paulo,3550308,True,,1129,,,-23.690821999999997,-46.655268,,,,1,2023-06-17T17:59:11+00:00
SAO_517J-10,São Paulo,3550308,True,,1129,,,-23.62399,-46.695368,,,,1,2023-06-17T17:59:02+00:00
SAO_517J-10,São Paulo,3550308,True,,1129,,,-23.690821999999997,-46.655268,,,,1,2023-06-17T17:58:45+00:00
SAO_517J-10,São Paulo,3550308,True,,1129,,,-23.673853,-46.6645685,,,,1,2023-06-17T17:58:47+00:00
SAO_517J-10,São Paulo,3550308,True,,1129,,,-23.622093125,-46.697390375,,,,1,2023-06-17T17:58:32+00:00
SAO_178T-10,São Paulo,3550308,True,EMTU,565,https://moovitapp.com/index/pt-br/transporte_p%C3%BAblico-line-565-Sao_Paulo-242-2038937-36419563-0,8.1,-23.520166,-46.710088,,,,1,2023-06-17T17:59:13+00:00
SAO_178T-10,São Paulo,3550308,True,EMTU,565,https://moovitapp.com/index/pt-br/transporte_p%C3%BAblico-line-565-Sao_Paulo-242-2038937-36419563-0,8.1,-23.50318,-46.6723615,,,,1,2023-06-17T17:59:09+00:00
SAO_178T-10,São Paulo,3550308,True,EMTU,565,https://moovitapp.com/index/pt-br/transporte_p%C3%BAblico-line-565-Sao_Paulo-242-2038937-36419563-0,8.1,-23.503732,-46.675767500000006,,,,1,2023-06-17T17:58:41+00:00
SAO_178T-10,São Paulo,3550308,True,EMTU,565,https://moovitapp.com/index/pt-br/transporte_p%C3%BAblico-line-565-Sao_Paulo-242-2038937-36419563-0,8.1,-23.502784499999997,-46.6242225,,,,1,2023-06-17T17:58:49+00:00
SAO_178T-10,São Paulo,3550308,True,EMTU,565,https://moovitapp.com/index/pt-br/transporte_p%C3%BAblico-line-565-Sao_Paulo-242-2038937-36419563-0,8.1,-23.5315425,-46.734446500000004,,,,1,2023-06-17T17:58:42+00:00
SAO_178T-10,São Paulo,3550308,True,EMTU,565,https://moovitapp.com/index/pt-br/transporte_p%C3%BAblico-line-565-Sao_Paulo-242-2038937-36419563-0,8.1,-23.53174025,-46.734263999999996,,,,1,2023-06-17T17:59:02+00:00
SAO_6074-10,São Paulo,3550308,True,,1161,,,-23.679049,-46.69600025,,,,1,2023-06-17T17:59:17+00:00
SAO_6074-10,São Paulo,3550308,True,,1161,,,-23.73546775,-46.6647705,,,,1,2023-06-17T17:59:02+00:00
SAO_6074-10,São Paulo,3550308,True,,1161,,,-23.716451499999998,-46.699146999999996,,,,1,2023-06-17T17:59:03+00:00
SAO_6074-10,São Paulo,3550308,True,,1161,,,-23.74375,-46.691297,,,,1,2023-06-17T17:58:37+00:00
SAO_6074-10,São Paulo,3550308,False,,1161,,,-23.734544,-46.664035999999996,,,,1,2023-06-17T17:58:46+00:00
SAO_6074-10,São Paulo,3550308,True,,1161,,,-23.754600250000003,-46.667077250000006,,,,1,2023-06-17T17:59:15+00:00
SAO_2731-10,São Paulo,3550308,True,,33714,,,-23.54147425,-46.4575135,,,,2,2023-06-17T17:59:16+00:00
SAO_2731-10,São Paulo,3550308,True,,33714,,,-23.531987,-46.45337675,,,,2,2023-06-17T17:59:04+00:00
SAO_2731-10,São Paulo,3550308,True,,33714,,,-23.5183655,-46.439734,,,,2,2023-06-17T17:56:48+00:00
SAO_8100-10,São Paulo,3550308,True,,34030,,,-23.520201,-46.710451,,,,2,2023-06-17T17:58:56+00:00
SAO_8100-10,São Paulo,3550308,True,,34030,,,-23.4854235,-46.725742,,,,2,2023-06-17T17:58:33+00:00
SAO_8100-10,São Paulo,3550308,True,,34030,,,-23.48722275,-46.726573,,,,2,2023-06-17T17:59:02+00:00
SAO_577T-10,São Paulo,3550308,True,,1291,,,-23.667998,-46.651894999999996,,,,1,2023-06-17T17:58:45+00:00
SAO_577T-10,São Paulo,3550308,True,,1291,,,-23.605686625,-46.6370845,,,,1,2023-06-17T17:58:54+00:00
SAO_577T-10,São Paulo,3550308,True,,1291,,,-23.634149,-46.642894999999996,,,,1,2023-06-17T17:58:54+00:00
SAO_4734-10,São Paulo,3550308,True,,1109,,,-23.622278,-46.62997675,,,,1,2023-06-17T17:59:14+00:00
SAO_4734-10,São Paulo,3550308,True,,1109,,,-23.625893124999997,-46.62190725000001,,,,1,2023-06-17T17:58:41+00:00
SAO_4734-10,São Paulo,3550308,True,,1109,,,-23.629689,-46.618383,,,,1,2023-06-17T17:59:10+00:00
SAO_4734-10,São Paulo,3550308,True,,1109,,,-23.642179499999997,-46.6067185,,,,1,2023-06-17T17:59:01+00:00
SAO_4734-10,São Paulo,3550308,True,,1109,,,-23.643363,-46.61251300000001,,,,1,2023-06-17T17:59:01+00:00
SAO_5010-10,São Paulo,3550308,True,,1114,,,-23.654766,-46.636694500000004,,,,1,2023-06-17T17:59:10+00:00
SAO_5010-10,São Paulo,3550308,True,,1114,,,-23.65490625,-46.702261750000005,,,,1,2023-06-17T17:59:08+00:00
SAO_5010-10,São Paulo,3550308,True,,1114,,,-23.636906125000003,-46.670910250000006,,,,1,2023-06-17T17:59:10+00:00
SAO_5010-10,São Paulo,3550308,True,,1114,,,-23.662679500000003,-46.6311435,,,,1,2023-06-17T17:58:54+00:00
SAO_5010-10,São Paulo,3550308,True,,1114,,,-23.6537065,-46.7041145,,,,1,2023-06-17T17:59:05+00:00
SAO_3010-10,São Paulo,3550308,True,,35311,,,-23.5168835,-46.4515105,,,,2,2023-06-17T17:58:41+00:00
SAO_9004-10,São Paulo,3550308,True,,33639,,,-23.45973,-46.6748785,,,,2,2023-06-17T17:58:47+00:00
SAO_9004-10,São Paulo,3550308,True,,33639,,,-23.456852,-46.6850795,,,,2,2023-06-17T17:59:00+00:00
SAO_9004-10,São Paulo,3550308,True,,33639,,,-23.475167499999998,-46.6699895,,,,2,2023-06-17T17:59:02+00:00
SAO_9004-10,São Paulo,3550308,True,,33639,,,-23.457446,-46.681489,,,,2,2023-06-17T17:59:15+00:00
SAO_9004-10,São Paulo,3550308,True,,33639,,,-23.4567555,-46.6849275,,,,2,2023-06-17T17:58:58+00:00
SAO_9004-10,São Paulo,3550308,True,,33639,,,-23.457427,-46.6851585,,,,2,2023-06-17T17:59:07+00:00
SAO_9004-10,São Paulo,3550308,True,,33639,,,-23.47277475,-46.6701725,,,,2,2023-06-17T17:58:45+00:00
SAO_3789-10,São Paulo,3550308,True,,33835,,,-23.592865250000003,-46.40673075000001,,,,2,2023-06-17T17:58:35+00:00
SAO_3789-10,São Paulo,3550308,True,,33835,,,-23.595904250000004,-46.43729625,,,,2,2023-06-17T17:59:13+00:00
SAO_3789-10,São Paulo,3550308,True,,33835,,,-23.611663,-46.3964115,,,,2,2023-06-17T17:58:43+00:00
SAO_3789-10,São Paulo,3550308,True,,33835,,,-23.582943,-46.408454,,,,2,2023-06-17T17:59:17+00:00
SAO_3789-10,São Paulo,3550308,True,,33835,,,-23.54632,-46.468813,,,,2,2023-06-17T17:58:37+00:00
SAO_3789-10,São Paulo,3550308,True,,33835,,,-23.574852,-46.455546999999996,,,,2,2023-06-17T17:59:03+00:00
SAO_3789-10,São Paulo,3550308,True,,33835,,,-23.6077545,-46.4003205,,,,2,2023-06-17T17:58:44+00:00
SAO_3789-10,São Paulo,3550308,True,,33835,,,-23.611373,-46.396543,,,,2,2023-06-17T17:59:02+00:00
SAO_1726-10,São Paulo,3550308,True,,34171,,,-23.4492635,-46.5886495,,,,2,2023-06-17T17:59:02+00:00
SAO_1726-10,São Paulo,3550308,True,,34171,,,-23.496474499999998,-46.6219715,,,,2,2023-06-17T17:58:57+00:00
SAO_1726-10,São Paulo,3550308,True,,34171,,,-23.435107000000002,-46.566191,,,,2,2023-06-17T17:58:43+00:00
SAO_1726-10,São Paulo,3550308,True,,34171,,,-23.4359105,-46.566243,,,,2,2023-06-17T17:59:09+00:00
SAO_1726-10,São Paulo,3550308,True,,34171,,,-23.435107000000002,-46.566191,,,,2,2023-06-17T17:58:38+00:00
SAO_1726-10,São Paulo,3550308,True,,34171,,,-23.438252,-46.566261,,,,2,2023-06-17T17:57:06+00:00
SAO_311C-10,São Paulo,3550308,True,,33077,,,-23.537978000000003,-46.60840375,,,,2,2023-06-17T17:58:57+00:00
SAO_311C-10,São Paulo,3550308,True,,33077,,,-23.594777,-46.5478045,,,,2,2023-06-17T17:58:48+00:00
SAO_311C-10,São Paulo,3550308,True,,33077,,,-23.535859,-46.624573,,,,2,2023-06-17T17:54:02+00:00
SAO_311C-10,São Paulo,3550308,True,,33077,,,-23.594777,-46.5478045,,,,2,2023-06-17T17:59:08+00:00
SAO_407I-10,São Paulo,3550308,True,,34990,,,-23.551834999999997,-46.512696000000005,,,,2,2023-06-17T17:56:29+00:00
SAO_407I-10,São Paulo,3550308,True,,34990,,,-23.5431125,-46.48502825,,,,2,2023-06-17T17:58:47+00:00
SAO_407I-10,São Paulo,3550308,True,,34990,,,-23.54686625,-46.600010375,,,,2,2023-06-17T17:58:45+00:00
SAO_9047-10,São Paulo,3550308,True,STT,883,https://moovitapp.com/index/pt-br/transporte_p%C3%BAblico-line-883-Sao_Paulo-242-850661-183365-0,5.3,-23.513156000000002,-46.705575499999995,,,,1,2023-06-17T17:59:11+00:00
SAO_9047-10,São Paulo,3550308,True,STT,883,https://moovitapp.com/index/pt-br/transporte_p%C3%BAblico-line-883-Sao_Paulo-242-850661-183365-0,5.3,-23.4678525,-46.69779,,,,1,2023-06-17T17:58:55+00:00
SAO_9047-10,São Paulo,3550308,True,STT,883,https://moovitapp.com/index/pt-br/transporte_p%C3%BAblico-line-883-Sao_Paulo-242-850661-183365-0,5.3,-23.4611935,-46.70918,,,,1,2023-06-17T17:58:40+00:00
SAO_9047-10,São Paulo,3550308,True,STT,883,https://moovitapp.com/index/pt-br/transporte_p%C3%BAblico-line-883-Sao_Paulo-242-850661-183365-0,5.3,-23.48717,-46.692834500000004,,,,1,2023-06-17T17:59:03+00:00
SAO_2702-10,São Paulo,3550308,True,,33682,,,-23.5076175,-46.4778793125,,,,2,2023-06-17T17:58:33+00:00
SAO_2702-10,São Paulo,3550308,True,,33682,,,-23.4979315,-46.459634,,,,2,2023-06-17T17:58:47+00:00
SAO_2702-10,São Paulo,3550308,True,,33682,,,-23.517210374999998,-46.476245250000005,,,,2,2023-06-17T17:58:30+00:00
SAO_2702-10,São Paulo,3550308,True,,33682,,,-23.498499000000002,-46.46443599999999,,,,2,2023-06-17T17:58:02+00:00
SAO_106A-10,São Paulo,3550308,True,,516,,,-23.58940875,-46.688128000000006,,,,1,2023-06-17T17:58:52+00:00
SAO_106A-10,São Paulo,3550308,True,,516,,,-23.59028475,-46.688441499999996,,,,1,2023-06-17T17:59:00+00:00
SAO_106A-10,São Paulo,3550308,True,,516,,,-23.589979,-46.688332,,,,1,2023-06-17T17:58:37+00:00
SAO_106A-10,São Paulo,3550308,True,,516,,,-23.551130999999998,-46.645861999999994,,,,1,2023-06-17T17:59:08+00:00
SAO_106A-10,São Paulo,3550308,True,,516,,,-23.59055825,-46.68854449999999,,,,1,2023-06-17T17:59:12+00:00
SAO_106A-10,São Paulo,3550308,True,,516,,,-23.581230124999998,-46.674516625,,,,1,2023-06-17T17:58:53+00:00
SAO_106A-10,São Paulo,3550308,True,,516,,,-23.503203499999998,-46.624899,,,,1,2023-06-17T17:59:13+00:00
SAO_106A-10,São Paulo,3550308,True,,516,,,-23.58940875,-46.688128000000006,,,,1,2023-06-17T17:58:47+00:00
SAO_2707-10,São Paulo,3550308,True,,33687,,,-23.5259545,-46.40527,,,,2,2023-06-17T17:59:10+00:00
SAO_2707-10,São Paulo,3550308,True,,33687,,,-23.543388,-46.469908000000004,,,,2,2023-06-17T17:59:01+00:00
SAO_2707-10,São Paulo,3550308,True,,33687,,,-23.538663999999997,-46.4076325,,,,2,2023-06-17T17:58:46+00:00
SAO_2707-10,São Paulo,3550308,True,,33687,,,-23.526104,-46.4052965,,,,2,2023-06-17T17:59:03+00:00
SAO_2707-10,São Paulo,3550308,True,,33687,,,-23.538772,-46.426711499999996,,,,2,2023-06-17T17:59:02+00:00
SAO_2707-10,São Paulo,3550308,True,,33687,,,-23.5258185,-46.405353,,,,2,2023-06-17T17:57:20+00:00
SAO_574R-10,São Paulo,3550308,True,,1623,,,-23.550426,-46.58040475,,,,1,2023-06-17T17:59:17+00:00
SAO_574R-10,São Paulo,3550308,True,,1623,,,-23.577271000000003,-46.5486035,,,,1,2023-06-17T17:59:07+00:00
SAO_574R-10,São Paulo,3550308,True,,1623,,,-23.6141215,-46.501234,,,,1,2023-06-17T17:58:47+00:00
SAO_2105-10,São Paulo,3550308,True,,2247,,,-23.5417215,-46.6173165,,,,1,2023-06-17T17:59:08+00:00
SAO_2105-10,São Paulo,3550308,True,,2247,,,-23.434711,-46.580977000000004,,,,1,2023-06-17T17:59:05+00:00
SAO_2105-10,São Paulo,3550308,True,,2247,,,-23.46223225,-46.60303975,,,,1,2023-06-17T17:59:17+00:00
SAO_2105-10,São Paulo,3550308,True,,2247,,,-23.434711,-46.580977000000004,,,,1,2023-06-17T17:58:49+00:00
SAO_695Y-10,São Paulo,3550308,True,,33966,,,-23.765,-46.7168425,,,,2,2023-06-17T17:58:41+00:00
SAO_695Y-10,São Paulo,3550308,True,,33966,,,-23.8279045,-46.727655,,,,2,2023-06-17T17:58:43+00:00
SAO_695Y-10,São Paulo,3550308,True,,33966,,,-23.608873875,-46.667271375,,,,2,2023-06-17T17:58:52+00:00
SAO_695Y-10,São Paulo,3550308,True,,33966,,,-23.677156500000002,-46.6972815,,,,2,2023-06-17T17:58:56+00:00
SAO_695Y-10,São Paulo,3550308,True,,33966,,,-23.8279045,-46.727655,,,,2,2023-06-17T17:59:04+00:00
SAO_695Y-10,São Paulo,3550308,True,,33966,,,-23.65173375,-46.702795,,,,2,2023-06-17T17:59:08+00:00
SAO_695Y-10,São Paulo,3550308,True,,33966,,,-23.827983,-46.727349000000004,,,,2,2023-06-17T17:58:42+00:00
SAO_695Y-10,São Paulo,3550308,True,,33966,,,-23.794101,-46.7302985,,,,2,2023-06-17T17:59:06+00:00
SAO_695Y-10,São Paulo,3550308,True,,33966,,,-23.827945999999997,-46.727483500000005,,,,2,2023-06-17T17:59:07+00:00
SAO_607M-10,São Paulo,3550308,True,,34804,,,-23.735022999999998,-46.6957585,,,,2,2023-06-17T17:58:37+00:00
SAO_607M-10,São Paulo,3550308,True,,34804,,,-23.64715225,-46.70342325,,,,2,2023-06-17T17:59:03+00:00
SAO_607M-10,São Paulo,3550308,True,,34804,,,-23.735022999999998,-46.6957585,,,,2,2023-06-17T17:58:48+00:00
SAO_607M-10,São Paulo,3550308,True,,34804,,,-23.7358915,-46.6961075,,,,2,2023-06-17T17:58:39+00:00
SAO_607M-10,São Paulo,3550308,True,,34804,,,-23.621678000000003,-46.698978,,,,2,2023-06-17T17:58:41+00:00
SAO_607M-10,São Paulo,3550308,True,,34804,,,-23.713037999999997,-46.698539999999994,,,,2,2023-06-17T17:59:14+00:00
SAO_1772-10,São Paulo,3550308,True,,33403,,,-23.434998,-46.5813665,,,,2,2023-06-17T17:59:00+00:00
SAO_1772-10,São Paulo,3550308,True,,33403,,,-23.4352895,-46.5818785,,,,2,2023-06-17T17:58:44+00:00
SAO_1772-10,São Paulo,3550308,True,,33403,,,-23.480144,-46.6024375,,,,2,2023-06-17T17:58:38+00:00
SAO_6414-10,São Paulo,3550308,True,EMTU,360,https://moovitapp.com/index/pt-br/transporte_p%C3%BAblico-line-360-Sao_Paulo-242-2038937-36419441-0,5.2,-23.638920249999998,-46.696384,,,,1,2023-06-17T17:59:03+00:00
SAO_6414-10,São Paulo,3550308,True,EMTU,360,https://moovitapp.com/index/pt-br/transporte_p%C3%BAblico-line-360-Sao_Paulo-242-2038937-36419441-0,5.2,-23.672438999999997,-46.713768,,,,1,2023-06-17T17:58:35+00:00
SAO_6414-10,São Paulo,3550308,True,EMTU,360,https://moovitapp.com/index/pt-br/transporte_p%C3%BAblico-line-360-Sao_Paulo-242-2038937-36419441-0,5.2,-23.559824499999998,-46.6545525,,,,1,2023-06-17T17:58:55+00:00
SAO_6414-10,São Paulo,3550308,True,EMTU,360,https://moovitapp.com/index/pt-br/transporte_p%C3%BAblico-line-360-Sao_Paulo-242-2038937-36419441-0,5.2,-23.6100275,-46.686949999999996,,,,1,2023-06-17T17:58:40+00:00
SAO_6414-10,São Paulo,3550308,True,EMTU,360,https://moovitapp.com/index/pt-br/transporte_p%C3%BAblico-line-360-Sao_Paulo-242-2038937-36419441-0,5.2,-23.670816,-46.712731000000005,,,,1,2023-06-17T17:58:42+00:00
SAO_7002-10,São Paulo,3550308,True,,772,,,-23.591182,-46.753821,,,,1,2023-06-17T17:59:06+00:00
SAO_7002-10,São Paulo,3550308,True,,772,,,-23.581624875,-46.731044624999996,,,,1,2023-06-17T17:58:03+00:00
SAO_1177-10,São Paulo,3550308,True,,32897,,,-23.5184535,-46.475611,,,,2,2023-06-17T17:59:13+00:00
SAO_1177-10,São Paulo,3550308,True,,32897,,,-23.52354225,-46.550478875,,,,2,2023-06-17T17:58:45+00:00
SAO_1177-10,São Paulo,3550308,True,,32897,,,-23.5361185,-46.632417000000004,,,,2,2023-06-17T17:58:54+00:00
SAO_1177-10,São Paulo,3550308,True,,32897,,,-23.5182095,-46.475659,,,,2,2023-06-17T17:58:55+00:00
SAO_1177-10,São Paulo,3550308,True,,32897,,,-23.5073265,-46.478872499999994,,,,2,2023-06-17T17:58:38+00:00
SAO_2735-10,São Paulo,3550308,True,,34689,,,-23.49990725,-46.52805575,,,,2,2023-06-17T17:59:05+00:00
SAO_2735-10,São Paulo,3550308,True,,34689,,,-23.499706500000002,-46.519852,,,,2,2023-06-17T17:59:01+00:00
SAO_2735-10,São Paulo,3550308,True,,34689,,,-23.479529125,-46.499848687500005,,,,2,2023-06-17T17:56:33+00:00
SAO_4028-10,São Paulo,3550308,True,,1098,,,-23.6122415,-46.4733945,,,,1,2023-06-17T17:59:02+00:00
SAO_4028-10,São Paulo,3550308,True,,1098,,,-23.6367625,-46.4451655,,,,1,2023-06-17T17:58:57+00:00
SAO_4028-10,São Paulo,3550308,True,,1098,,,-23.641898,-46.438882500000005,,,,1,2023-06-17T17:59:00+00:00
SAO_4028-10,São Paulo,3550308,True,,1098,,,-23.641896000000003,-46.4389945,,,,1,2023-06-17T17:58:33+00:00
SAO_407A-10,São Paulo,3550308,True,,34962,,,-23.557406,-46.570645999999996,,,,2,2023-06-17T17:59:13+00:00
SAO_407A-10,São Paulo,3550308,True,,34962,,,-23.5635905,-46.50201199999999,,,,2,2023-06-17T17:58:51+00:00
SAO_407A-10,São Paulo,3550308,True,,34962,,,-23.53823675,-46.61301375000001,,,,2,2023-06-17T17:59:13+00:00
SAO_407A-10,São Paulo,3550308,True,,34962,,,-23.58353025,-46.53235825,,,,2,2023-06-17T17:58:52+00:00
SAO_407A-10,São Paulo,3550308,True,,34962,,,-23.53916175,-46.6078665,,,,2,2023-06-17T17:59:02+00:00
SAO_5175-10,São Paulo,3550308,True,,33361,,,-23.5505945,-46.635301,,,,2,2023-06-17T17:58:57+00:00
SAO_5175-10,São Paulo,3550308,True,,33361,,,-23.5505945,-46.635301,,,,2,2023-06-17T17:59:01+00:00
SAO_5175-10,São Paulo,3550308,True,,33361,,,-23.702181500000002,-46.650177,,,,2,2023-06-17T17:58:42+00:00
SAO_5175-10,São Paulo,3550308,True,,33361,,,-23.5505945,-46.635301,,,,2,2023-06-17T17:58:58+00:00
SAO_5175-10,São Paulo,3550308,True,,33361,,,-23.5505945,-46.635301,,,,2,2023-06-17T17:59:08+00:00
SAO_5175-10,São Paulo,3550308,True,,33361,,,-23.6427335,-46.672699,,,,2,2023-06-17T17:59:15+00:00
SAO_5175-10,São Paulo,3550308,True,,33361,,,-23.559811500000002,-46.642827499999996,,,,2,2023-06-17T17:58:49+00:00
SAO_5175-10,São Paulo,3550308,True,,33361,,,-23.699813,-46.648508,,,,2,2023-06-17T17:56:29+00:00
SAO_5175-10,São Paulo,3550308,True,,33361,,,-23.67531375,-46.661088500000005,,,,2,2023-06-17T17:58:45+00:00
SAO_5175-10,São Paulo,3550308,True,,33361,,,-23.5505945,-46.635301,,,,2,2023-06-17T17:59:08+00:00
SAO_5175-10,São Paulo,3550308,True,,33361,,,-23.576101375,-46.65769225,,,,2,2023-06-17T17:59:01+00:00
SAO_5175-10,São Paulo,3550308,True,,33361,,,-23.702581000000002,-46.6501255,,,,2,2023-06-17T17:58:58+00:00
SAO_5175-10,São Paulo,3550308,True,,33361,,,-23.675676,-46.66063125,,,,2,2023-06-17T17:58:42+00:00
SAO_5175-10,São Paulo,3550308,True,,33361,,,-23.5505945,-46.635301,,,,2,2023-06-17T17:58:41+00:00
SAO_5175-10,São Paulo,3550308,True,,33361,,,-23.702181500000002,-46.650177,,,,2,2023-06-17T17:59:01+00:00
SAO_5175-10,São Paulo,3550308,True,,33361,,,-23.5505945,-46.635301,,,,2,2023-06-17T17:58:54+00:00
SAO_5175-10,São Paulo,3550308,True,,33361,,,-23.7018975,-46.65018325,,,,2,2023-06-17T17:58:36+00:00
SAO_177H-21,São Paulo,3550308,True,,33399,,,-23.503129,-46.6243705,,,,2,2023-06-17T17:58:52+00:00
SAO_177H-21,São Paulo,3550308,True,,33399,,,-23.503538,-46.6444415,,,,2,2023-06-17T17:59:12+00:00
SAO_177H-21,São Paulo,3550308,True,,33399,,,-23.513164,-46.658817,,,,2,2023-06-17T17:58:45+00:00
SAO_177H-21,São Paulo,3550308,True,,33399,,,-23.55525825,-46.66827575,,,,2,2023-06-17T17:58:41+00:00
SAO_2678-10,São Paulo,3550308,True,STT,383,https://moovitapp.com/index/pt-br/transporte_p%C3%BAblico-line-383-Sao_Paulo-242-850661-183294-0,5.3,-23.5115195,-46.51065,,,,1,2023-06-17T17:58:37+00:00
SAO_2678-10,São Paulo,3550308,True,STT,383,https://moovitapp.com/index/pt-br/transporte_p%C3%BAblico-line-383-Sao_Paulo-242-850661-183294-0,5.3,-23.52137775,-46.54647,,,,1,2023-06-17T17:58:43+00:00
SAO_2678-10,São Paulo,3550308,True,STT,383,https://moovitapp.com/index/pt-br/transporte_p%C3%BAblico-line-383-Sao_Paulo-242-850661-183294-0,5.3,-23.4925435,-46.388335,,,,1,2023-06-17T17:58:56+00:00
SAO_2678-10,São Paulo,3550308,True,STT,383,https://moovitapp.com/index/pt-br/transporte_p%C3%BAblico-line-383-Sao_Paulo-242-850661-183294-0,5.3,-23.5314755,-46.5591195,,,,1,2023-06-17T17:58:02+00:00
SAO_2678-10,São Paulo,3550308,True,STT,383,https://moovitapp.com/index/pt-br/transporte_p%C3%BAblico-line-383-Sao_Paulo-242-850661-183294-0,5.3,-23.50476775,-46.389867,,,,1,2023-06-17T17:57:33+00:00
SAO_2678-10,São Paulo,3550308,True,STT,383,https://moovitapp.com/index/pt-br/transporte_p%C3%BAblico-line-383-Sao_Paulo-242-850661-183294-0,5.3,-23.547011,-46.62953,,,,1,2023-06-17T17:58:34+00:00
SAO_2678-10,São Paulo,3550308,True,STT,383,https://moovitapp.com/index/pt-br/transporte_p%C3%BAblico-line-383-Sao_Paulo-242-850661-183294-0,5.3,-23.53805475,-46.598439,,,,1,2023-06-17T17:58:33+00:00
SAO_2678-10,São Paulo,3550308,True,STT,383,https://moovitapp.com/index/pt-br/transporte_p%C3%BAblico-line-383-Sao_Paulo-242-850661-183294-0,5.3,-23.4952525,-46.43242,,,,1,2023-06-17T17:55:42+00:00
SAO_2678-10,São Paulo,3550308,True,STT,383,https://moovitapp.com/index/pt-br/transporte_p%C3%BAblico-line-383-Sao_Paulo-242-850661-183294-0,5.3,-23.508490000000002,-46.494468999999995,,,,1,2023-06-17T17:58:43+00:00
SAO_2678-10,São Paulo,3550308,True,STT,383,https://moovitapp.com/index/pt-br/transporte_p%C3%BAblico-line-383-Sao_Paulo-242-850661-183294-0,5.3,-23.4968335,-46.453520499999996,,,,1,2023-06-17T17:58:58+00:00
SAO_175P-10,São Paulo,3550308,True,,33443,,,-23.557978875,-46.66027225,,,,2,2023-06-17T17:58:59+00:00
SAO_175P-10,São Paulo,3550308,True,,33443,,,-23.528005999999998,-46.661822,,,,2,2023-06-17T17:58:45+00:00
SAO_175P-10,São Paulo,3550308,True,,33443,,,-23.50352,-46.643195000000006,,,,2,2023-06-17T17:59:13+00:00
SAO_175P-10,São Paulo,3550308,True,,33443,,,-23.585694562500002,-46.63656756249999,,,,2,2023-06-17T17:59:01+00:00
SAO_175P-10,São Paulo,3550308,True,,33443,,,-23.5852253125,-46.636866312500004,,,,2,2023-06-17T17:58:58+00:00
SAO_175P-10,São Paulo,3550308,True,,33443,,,-23.582161499999998,-46.637816,,,,2,2023-06-17T17:58:47+00:00
SAO_175P-10,São Paulo,3550308,True,,33443,,,-23.5029325,-46.6262295,,,,2,2023-06-17T17:58:51+00:00
SAO_175P-10,São Paulo,3550308,True,,33443,,,-23.585694562500002,-46.63656756249999,,,,2,2023-06-17T17:59:02+00:00
SAO_175P-10,São Paulo,3550308,True,,33443,,,-23.53387475,-46.660867374999995,,,,2,2023-06-17T17:59:12+00:00
SAO_971R-10,São Paulo,3550308,True,,614,,,-23.5020025,-46.6254745,,,,1,2023-06-17T17:58:34+00:00
SAO_971R-10,São Paulo,3550308,True,,614,,,-23.50025125,-46.63437975,,,,1,2023-06-17T17:59:15+00:00
SAO_971R-10,São Paulo,3550308,True,,614,,,-23.4593045,-46.687814,,,,1,2023-06-17T17:59:17+00:00
SAO_971R-10,São Paulo,3550308,True,,614,,,-23.5020055,-46.625392000000005,,,,1,2023-06-17T17:59:15+00:00
SAO_971R-10,São Paulo,3550308,True,,614,,,-23.4832245,-46.654132000000004,,,,1,2023-06-17T17:59:07+00:00
SAO_971R-10,São Paulo,3550308,True,,614,,,-23.454421500000002,-46.7374495,,,,1,2023-06-17T17:58:25+00:00
SAO_971R-10,São Paulo,3550308,True,,614,,,-23.470599999999997,-46.676241,,,,1,2023-06-17T17:58:58+00:00
SAO_971R-10,São Paulo,3550308,True,,614,,,-23.454421500000002,-46.7374495,,,,1,2023-06-17T17:58:49+00:00
SAO_971R-10,São Paulo,3550308,True,,614,,,-23.499176,-46.6375395,,,,1,2023-06-17T17:58:34+00:00
SAO_971R-10,São Paulo,3550308,True,,614,,,-23.4503895,-46.7353535,,,,1,2023-06-17T17:59:12+00:00
SAO_971R-10,São Paulo,3550308,True,,614,,,-23.454421500000002,-46.7374495,,,,1,2023-06-17T17:59:14+00:00
SAO_971R-10,São Paulo,3550308,True,,614,,,-23.454421500000002,-46.7374495,,,,1,2023-06-17T17:58:36+00:00
SAO_971R-10,São Paulo,3550308,True,,614,,,-23.4800945,-46.657217,,,,1,2023-06-17T17:58:49+00:00
SAO_971R-10,São Paulo,3550308,True,,614,,,-23.444840499999998,-46.705281,,,,1,2023-06-17T17:58:42+00:00
SAO_971R-10,São Paulo,3550308,True,,614,,,-23.453954500000002,-46.7372915,,,,1,2023-06-17T17:57:10+00:00
SAO_971R-10,São Paulo,3550308,True,,614,,,-23.454421500000002,-46.7374495,,,,1,2023-06-17T17:58:58+00:00
SAO_971R-10,São Paulo,3550308,True,,614,,,-23.43829825,-46.72869,,,,1,2023-06-17T17:59:06+00:00
SAO_971R-10,São Paulo,3550308,True,,614,,,-23.43390975,-46.719890625,,,,1,2023-06-17T17:58:50+00:00
SAO_576M-10,São Paulo,3550308,True,,33372,,,-23.6774965,-46.6406015,,,,2,2023-06-17T17:58:45+00:00
SAO_576M-10,São Paulo,3550308,True,,33372,,,-23.637032625000003,-46.651756000000006,,,,2,2023-06-17T17:58:52+00:00
SAO_576M-10,São Paulo,3550308,True,,33372,,,-23.6776715,-46.640977,,,,2,2023-06-17T17:58:48+00:00
SAO_576M-10,São Paulo,3550308,True,,33372,,,-23.6774965,-46.6406015,,,,2,2023-06-17T17:58:37+00:00
SAO_2766-10,São Paulo,3550308,True,,33173,,,-23.493734,-46.440037000000004,,,,2,2023-06-17T17:53:51+00:00
SAO_2766-10,São Paulo,3550308,True,,33173,,,-23.49533075,-46.430634999999995,,,,2,2023-06-17T17:57:46+00:00
SAO_2766-10,São Paulo,3550308,True,,33173,,,-23.5069535,-46.4431555,,,,2,2023-06-17T17:59:03+00:00
SAO_2766-10,São Paulo,3550308,True,,33173,,,-23.5425775,-46.4719335,,,,2,2023-06-17T17:59:01+00:00
SAO_2766-10,São Paulo,3550308,True,,33173,,,-23.5425775,-46.4719335,,,,2,2023-06-17T17:58:41+00:00
SAO_2766-10,São Paulo,3550308,True,,33173,,,-23.5425775,-46.4719335,,,,2,2023-06-17T17:58:32+00:00
SAO_2766-10,São Paulo,3550308,True,,33173,,,-23.495415,-46.404151,,,,2,2023-06-17T17:58:53+00:00
SAO_2766-10,São Paulo,3550308,True,,33173,,,-23.498489125,-46.442313375,,,,2,2023-06-17T17:59:04+00:00
SAO_2766-10,São Paulo,3550308,True,,33173,,,-23.538643,-46.452152749999996,,,,2,2023-06-17T17:59:00+00:00
SAO_2766-10,São Paulo,3550308,True,,33173,,,-23.5425775,-46.4719335,,,,2,2023-06-17T17:59:05+00:00
SAO_2766-10,São Paulo,3550308,True,,33173,,,-23.5425775,-46.4719335,,,,2,2023-06-17T17:58:52+00:00
SAO_3051-10,São Paulo,3550308,True,,35214,,,-23.486794,-46.4828025,,,,2,2023-06-17T17:59:17+00:00
SAO_3051-10,São Paulo,3550308,True,,35214,,,-23.5162865,-46.46791,,,,2,2023-06-17T17:59:01+00:00
SAO_3051-10,São Paulo,3550308,True,,35214,,,-23.514756,-46.468974,,,,2,2023-06-17T17:58:04+00:00
SAO_3051-10,São Paulo,3550308,True,,35214,,,-23.5181815,-46.4758755,,,,2,2023-06-17T17:59:05+00:00
SAO_3051-10,São Paulo,3550308,True,,35214,,,-23.48653925,-46.48247525,,,,2,2023-06-17T17:58:33+00:00
SAO_2666-10,São Paulo,3550308,True,EMTU,378,https://moovitapp.com/index/pt-br/transporte_p%C3%BAblico-line-378-Sao_Paulo-242-2038937-36419452-0,12.1,-23.503527499999997,-46.3970025,,,,1,2023-06-17T17:58:44+00:00
SAO_2666-10,São Paulo,3550308,True,EMTU,378,https://moovitapp.com/index/pt-br/transporte_p%C3%BAblico-line-378-Sao_Paulo-242-2038937-36419452-0,12.1,-23.52078025,-46.549026749999996,,,,1,2023-06-17T17:58:40+00:00
SAO_2666-10,São Paulo,3550308,True,EMTU,378,https://moovitapp.com/index/pt-br/transporte_p%C3%BAblico-line-378-Sao_Paulo-242-2038937-36419452-0,12.1,-23.546727,-46.629723999999996,,,,1,2023-06-17T17:58:56+00:00
SAO_2666-10,São Paulo,3550308,True,EMTU,378,https://moovitapp.com/index/pt-br/transporte_p%C3%BAblico-line-378-Sao_Paulo-242-2038937-36419452-0,12.1,-23.54102225,-46.613502249999996,,,,1,2023-06-17T17:59:07+00:00
SAO_2666-10,São Paulo,3550308,True,EMTU,378,https://moovitapp.com/index/pt-br/transporte_p%C3%BAblico-line-378-Sao_Paulo-242-2038937-36419452-0,12.1,-23.494612,-46.4263205,,,,1,2023-06-17T17:58:30+00:00
SAO_4036-10,São Paulo,3550308,True,,35329,,,-23.542672000000003,-46.470274,,,,2,2023-06-17T17:58:36+00:00
SAO_4036-10,São Paulo,3550308,True,,35329,,,-23.55025,-46.4979785,,,,2,2023-06-17T17:59:17+00:00
SAO_6036-10,São Paulo,3550308,True,,33982,,,-23.65385975,-46.79008575,,,,2,2023-06-17T17:58:36+00:00
SAO_6036-10,São Paulo,3550308,True,,33982,,,-23.6589665,-46.774750999999995,,,,2,2023-06-17T17:58:59+00:00
SAO_6036-10,São Paulo,3550308,True,,33982,,,-23.6538115,-46.789655499999995,,,,2,2023-06-17T17:59:18+00:00
SAO_6036-10,São Paulo,3550308,True,,33982,,,-23.645136,-46.7794655,,,,2,2023-06-17T17:58:46+00:00
SAO_6036-10,São Paulo,3550308,True,,33982,,,-23.651544,-46.7907405,,,,2,2023-06-17T17:58:43+00:00
SAO_6036-10,São Paulo,3550308,True,,33982,,,-23.650370000000002,-46.7069175,,,,2,2023-06-17T17:59:18+00:00
SAO_6036-10,São Paulo,3550308,True,,33982,,,-23.65385975,-46.79008575,,,,2,2023-06-17T17:59:08+00:00
SAO_6L10-10,São Paulo,3550308,True,,1159,,,-23.767440999999998,-46.716431,,,,1,2023-06-17T17:58:47+00:00
SAO_6L10-10,São Paulo,3550308,True,,1159,,,-23.812497999999998,-46.752753999999996,,,,1,2023-06-17T17:54:55+00:00
SAO_6L10-10,São Paulo,3550308,True,,1159,,,-23.767440999999998,-46.716431,,,,1,2023-06-17T17:58:56+00:00
SAO_6L10-10,São Paulo,3550308,True,,1159,,,-23.767440999999998,-46.716431,,,,1,2023-06-17T17:59:03+00:00
SAO_6L10-10,São Paulo,3550308,True,,1159,,,-23.767440999999998,-46.716431,,,,1,2023-06-17T17:58:55+00:00
SAO_172K-10,São Paulo,3550308,True,,33625,,,-23.47485075,-46.589771,,,,2,2023-06-17T17:59:09+00:00
SAO_172K-10,São Paulo,3550308,True,,33625,,,-23.456656000000002,-46.5947925,,,,2,2023-06-17T17:59:10+00:00
SAO_172K-10,São Paulo,3550308,True,,33625,,,-23.529847,-46.598688499999994,,,,2,2023-06-17T17:59:03+00:00
SAO_172K-10,São Paulo,3550308,True,,33625,,,-23.480142,-46.599883500000004,,,,2,2023-06-17T17:59:07+00:00
SAO_172K-10,São Paulo,3550308,True,,33625,,,-23.528331,-46.59752075,,,,2,2023-06-17T17:59:17+00:00
SAO_172K-10,São Paulo,3550308,True,,33625,,,-23.456327,-46.5947025,,,,2,2023-06-17T17:58:56+00:00
SAO_172K-10,São Paulo,3550308,True,,33625,,,-23.456574500000002,-46.5947105,,,,2,2023-06-17T17:58:33+00:00
SAO_172K-10,São Paulo,3550308,True,,33625,,,-23.456327,-46.5947025,,,,2,2023-06-17T17:59:13+00:00
SAO_172K-10,São Paulo,3550308,True,,33625,,,-23.456656000000002,-46.5947925,,,,2,2023-06-17T17:58:34+00:00
SAO_407N-10,São Paulo,3550308,True,,2169,,,-23.5550475,-46.5169645,,,,1,2023-06-17T17:59:15+00:00
SAO_407N-10,São Paulo,3550308,True,,2169,,,-23.5963415,-46.4557815,,,,1,2023-06-17T17:59:02+00:00
SAO_407N-10,São Paulo,3550308,True,,2169,,,-23.53406,-46.5427015,,,,1,2023-06-17T17:58:51+00:00
SAO_407N-10,São Paulo,3550308,True,,2169,,,-23.583354,-46.406538499999996,,,,1,2023-06-17T17:58:35+00:00
SAO_407N-10,São Paulo,3550308,True,,2169,,,-23.558144,-46.5142625,,,,1,2023-06-17T17:59:00+00:00
SAO_407N-10,São Paulo,3550308,True,,2169,,,-23.583056749999997,-46.415069,,,,1,2023-06-17T17:59:00+00:00
SAO_407N-10,São Paulo,3550308,True,,2169,,,-23.5783445,-46.4984085,,,,1,2023-06-17T17:59:01+00:00
SAO_1722-10,São Paulo,3550308,True,,864,,,-23.479046500000003,-46.6015705,,,,1,2023-06-17T17:59:16+00:00
SAO_1722-10,São Paulo,3550308,True,,864,,,-23.479046500000003,-46.6015705,,,,1,2023-06-17T17:58:49+00:00
SAO_1722-10,São Paulo,3550308,True,,864,,,-23.46841275,-46.59106175,,,,1,2023-06-17T17:59:14+00:00
SAO_1722-10,São Paulo,3550308,True,,864,,,-23.46938875,-46.645715,,,,1,2023-06-17T17:58:28+00:00
SAO_1722-10,São Paulo,3550308,True,,864,,,-23.482215500000002,-46.672433999999996,,,,1,2023-06-17T17:58:50+00:00
SAO_1722-10,São Paulo,3550308,True,,864,,,-23.474145,-46.653328,,,,1,2023-06-17T17:58:43+00:00
SAO_1722-10,São Paulo,3550308,True,,864,,,-23.456875,-46.589292,,,,1,2023-06-17T17:59:01+00:00
SAO_1722-10,São Paulo,3550308,True,,864,,,-23.479046500000003,-46.6015705,,,,1,2023-06-17T17:59:13+00:00
SAO_1722-10,São Paulo,3550308,True,,864,,,-23.458327,-46.619606000000005,,,,1,2023-06-17T17:58:41+00:00
SAO_8055-51,São Paulo,3550308,True,EMTU,417,https://moovitapp.com/index/pt-br/transporte_p%C3%BAblico-line-417-Sao_Paulo-242-2038937-36419474-0,5.2,-23.4096175,-46.764516,,,,1,2023-06-17T17:58:53+00:00
SAO_8055-51,São Paulo,3550308,True,EMTU,417,https://moovitapp.com/index/pt-br/transporte_p%C3%BAblico-line-417-Sao_Paulo-242-2038937-36419474-0,5.2,-23.526488,-46.668684,,,,1,2023-06-17T17:59:09+00:00
SAO_9047-10,São Paulo,3550308,True,,33651,,,-23.513976,-46.70928125,,,,2,2023-06-17T17:58:45+00:00
SAO_9047-10,São Paulo,3550308,True,,33651,,,-23.4597215,-46.709969,,,,2,2023-06-17T17:59:15+00:00
SAO_9047-10,São Paulo,3550308,True,,33651,,,-23.49471425,-46.6975085,,,,2,2023-06-17T17:59:13+00:00
SAO_9047-10,São Paulo,3550308,True,,33651,,,-23.4820725,-46.6921595,,,,2,2023-06-17T17:59:07+00:00
SAO_9047-10,São Paulo,3550308,True,,33651,,,-23.46596,-46.699267500000005,,,,2,2023-06-17T17:58:40+00:00
SAO_9047-10,São Paulo,3550308,True,,33651,,,-23.4613235,-46.713106499999995,,,,2,2023-06-17T17:58:42+00:00
SAO_9047-10,São Paulo,3550308,True,,33651,,,-23.461492999999997,-46.713212999999996,,,,2,2023-06-17T17:59:00+00:00
SAO_2718-10,São Paulo,3550308,True,,931,,,-23.50816475,-46.543025,,,,1,2023-06-17T17:59:02+00:00
SAO_2718-10,São Paulo,3550308,True,,931,,,-23.4999295,-46.52546825,,,,1,2023-06-17T17:58:49+00:00
SAO_2718-10,São Paulo,3550308,True,,931,,,-23.525396,-46.54912725,,,,1,2023-06-17T17:58:40+00:00
SAO_6826-10,São Paulo,3550308,True,BR7 Mobilidade,16,https://moovitapp.com/index/pt-br/transporte_p%C3%BAblico-line-16-Sao_Paulo-242-851856-513215-0,5.75,-23.6553155,-46.763464,,,,1,2023-06-17T17:59:11+00:00
SAO_6826-10,São Paulo,3550308,True,BR7 Mobilidade,16,https://moovitapp.com/index/pt-br/transporte_p%C3%BAblico-line-16-Sao_Paulo-242-851856-513215-0,5.75,-23.673604,-46.7972985,,,,1,2023-06-17T17:59:11+00:00
SAO_8500-10,São Paulo,3550308,True,,1267,,,-23.486366500000003,-46.726082,,,,1,2023-06-17T17:58:59+00:00
SAO_8500-10,São Paulo,3550308,True,,1267,,,-23.5147575,-46.699583000000004,,,,1,2023-06-17T17:58:49+00:00
SAO_8500-10,São Paulo,3550308,True,,1267,,,-23.488023,-46.719959,,,,1,2023-06-17T17:59:13+00:00
SAO_978T-10,São Paulo,3550308,True,,33657,,,-23.461057,-46.693392,,,,2,2023-06-17T17:58:33+00:00
SAO_978T-10,São Paulo,3550308,True,,33657,,,-23.47694525,-46.690980249999996,,,,2,2023-06-17T17:59:12+00:00
SAO_978T-10,São Paulo,3550308,True,,33657,,,-23.521206499999998,-46.70162524999999,,,,2,2023-06-17T17:59:13+00:00
SAO_978T-10,São Paulo,3550308,True,,33657,,,-23.461289,-46.6872475,,,,2,2023-06-17T17:58:54+00:00
SAO_978T-10,São Paulo,3550308,True,,33657,,,-23.461351,-46.6872735,,,,2,2023-06-17T17:58:46+00:00
SAO_978T-10,São Paulo,3550308,True,,33657,,,-23.468989,-46.69489,,,,2,2023-06-17T17:59:12+00:00
SAO_978T-10,São Paulo,3550308,True,,33657,,,-23.494135999999997,-46.697305,,,,2,2023-06-17T17:58:55+00:00
SAO_978T-10,São Paulo,3550308,True,,33657,,,-23.526267500000003,-46.667531499999996,,,,2,2023-06-17T17:59:11+00:00
SAO_978T-10,São Paulo,3550308,True,,33657,,,-23.515414,-46.69562175,,,,2,2023-06-17T17:58:54+00:00
SAO_978T-10,São Paulo,3550308,True,,33657,,,-23.461351,-46.6872735,,,,2,2023-06-17T17:59:02+00:00
SAO_978T-10,São Paulo,3550308,True,,33657,,,-23.46006275,-46.6962265,,,,2,2023-06-17T17:58:31+00:00
SAO_978T-10,São Paulo,3550308,True,,33657,,,-23.5231135,-46.687495375,,,,2,2023-06-17T17:59:12+00:00
SAO_978T-10,São Paulo,3550308,True,,33657,,,-23.507077375,-46.689163875000006,,,,2,2023-06-17T17:59:04+00:00
SAO_3004-10,São Paulo,3550308,True,,34566,,,-23.47940875,-46.420387,,,,2,2023-06-17T17:50:44+00:00
SAO_3004-10,São Paulo,3550308,True,,34566,,,-23.47940875,-46.420387,,,,2,2023-06-17T17:58:34+00:00
SAO_745M-10,São Paulo,3550308,True,,33550,,,-23.67422475,-46.7471625,,,,2,2023-06-17T17:59:06+00:00
SAO_745M-10,São Paulo,3550308,True,,33550,,,-23.677174,-46.69760425,,,,2,2023-06-17T17:58:57+00:00
SAO_745M-10,São Paulo,3550308,True,,33550,,,-23.630817,-46.767892,,,,2,2023-06-17T17:58:43+00:00
SAO_745M-10,São Paulo,3550308,True,,33550,,,-23.662800500000003,-46.769311,,,,2,2023-06-17T17:59:06+00:00
SAO_745M-10,São Paulo,3550308,True,,33550,,,-23.630474,-46.770542000000006,,,,2,2023-06-17T17:59:14+00:00
SAO_745M-10,São Paulo,3550308,True,,33550,,,-23.6736525,-46.7593465,,,,2,2023-06-17T17:58:47+00:00
SAO_745M-10,São Paulo,3550308,True,,33550,,,-23.6330375,-46.7729265,,,,2,2023-06-17T17:58:41+00:00
SAO_745M-10,São Paulo,3550308,True,,33550,,,-23.630817,-46.767892,,,,2,2023-06-17T17:59:03+00:00
SAO_745M-10,São Paulo,3550308,True,,33550,,,-23.668170500000002,-46.732837,,,,2,2023-06-17T17:59:13+00:00
SAO_1034-10,São Paulo,3550308,True,,35220,,,-23.47083525,-46.71026325,,,,2,2023-06-17T17:58:50+00:00
SAO_1034-10,São Paulo,3550308,True,,35220,,,-23.4718425,-46.706483000000006,,,,2,2023-06-17T17:58:52+00:00
SAO_1034-10,São Paulo,3550308,True,,35220,,,-23.476332,-46.704468,,,,2,2023-06-17T17:59:05+00:00
SAO_874T-10,São Paulo,3550308,True,EMTU,307,https://moovitapp.com/index/pt-br/transporte_p%C3%BAblico-line-307-Sao_Paulo-242-2038937-36419399-0,5.2,-23.578074,-46.6021865,,,,1,2023-06-17T17:58:56+00:00
SAO_874T-10,São Paulo,3550308,True,EMTU,307,https://moovitapp.com/index/pt-br/transporte_p%C3%BAblico-line-307-Sao_Paulo-242-2038937-36419399-0,5.2,-23.576390000000004,-46.625099250000005,,,,1,2023-06-17T17:58:55+00:00
SAO_874T-10,São Paulo,3550308,True,EMTU,307,https://moovitapp.com/index/pt-br/transporte_p%C3%BAblico-line-307-Sao_Paulo-242-2038937-36419399-0,5.2,-23.577174,-46.608561,,,,1,2023-06-17T17:58:58+00:00
SAO_874T-10,São Paulo,3550308,True,EMTU,307,https://moovitapp.com/index/pt-br/transporte_p%C3%BAblico-line-307-Sao_Paulo-242-2038937-36419399-0,5.2,-23.522999499999997,-46.688287875,,,,1,2023-06-17T17:59:12+00:00
SAO_1726-10,São Paulo,3550308,True,,1403,,,-23.4614865,-46.602793,,,,1,2023-06-17T17:59:13+00:00
SAO_1726-10,São Paulo,3550308,True,,1403,,,-23.447426,-46.589282999999995,,,,1,2023-06-17T17:59:17+00:00
SAO_1726-10,São Paulo,3550308,True,,1403,,,-23.4359105,-46.566243,,,,1,2023-06-17T17:58:48+00:00
SAO_502J-10,São Paulo,3550308,True,,34043,,,-23.706488999999998,-46.68819,,,,2,2023-06-17T17:58:35+00:00
SAO_502J-10,São Paulo,3550308,True,,34043,,,-23.61682625,-46.638924,,,,2,2023-06-17T17:58:44+00:00
SAO_502J-10,São Paulo,3550308,True,,34043,,,-23.6893395,-46.662277,,,,2,2023-06-17T17:58:45+00:00
SAO_502J-10,São Paulo,3550308,True,,34043,,,-23.659368,-46.669723000000005,,,,2,2023-06-17T17:58:49+00:00
SAO_3902-10,São Paulo,3550308,True,,34238,,,-23.539548500000002,-46.4082395,,,,2,2023-06-17T17:57:51+00:00
SAO_3902-10,São Paulo,3550308,True,,34238,,,-23.507111000000002,-46.400102000000004,,,,2,2023-06-17T17:58:44+00:00
SAO_3902-10,São Paulo,3550308,True,,34238,,,-23.51532175,-46.41113875,,,,2,2023-06-17T17:59:15+00:00
SAO_877T-10,São Paulo,3550308,True,,1381,,,-23.5238765,-46.698122,,,,1,2023-06-17T17:58:34+00:00
SAO_877T-10,São Paulo,3550308,True,,1381,,,-23.556968249999997,-46.66170875,,,,1,2023-06-17T17:59:06+00:00
SAO_2721-10,São Paulo,3550308,True,,934,,,-23.54223,-46.4724785,,,,1,2023-06-17T17:59:11+00:00
SAO_2721-10,São Paulo,3550308,True,,934,,,-23.500723999999998,-46.440051,,,,1,2023-06-17T17:58:52+00:00
SAO_2721-10,São Paulo,3550308,True,,934,,,-23.5347915,-46.4544115,,,,1,2023-06-17T17:59:00+00:00
SAO_2721-10,São Paulo,3550308,True,,934,,,-23.494612,-46.4263205,,,,1,2023-06-17T17:58:34+00:00
SAO_2721-10,São Paulo,3550308,True,,934,,,-23.50390275,-46.411304,,,,1,2023-06-17T17:58:57+00:00
SAO_2721-10,São Paulo,3550308,True,,934,,,-23.500723999999998,-46.440051,,,,1,2023-06-17T17:58:40+00:00
SAO_9784-10,São Paulo,3550308,True,EMTU,827,https://moovitapp.com/index/pt-br/transporte_p%C3%BAblico-line-827-Sao_Paulo-242-2038937-36419596-0,12.1,-23.451341,-46.682001,,,,1,2023-06-17T17:59:01+00:00
SAO_9784-10,São Paulo,3550308,True,EMTU,827,https://moovitapp.com/index/pt-br/transporte_p%C3%BAblico-line-827-Sao_Paulo-242-2038937-36419596-0,12.1,-23.468349,-46.667956000000004,,,,1,2023-06-17T17:58:56+00:00
SAO_9784-10,São Paulo,3550308,True,EMTU,827,https://moovitapp.com/index/pt-br/transporte_p%C3%BAblico-line-827-Sao_Paulo-242-2038937-36419596-0,12.1,-23.524358749999998,-46.66768450000001,,,,1,2023-06-17T17:59:07+00:00
SAO_9784-10,São Paulo,3550308,True,EMTU,827,https://moovitapp.com/index/pt-br/transporte_p%C3%BAblico-line-827-Sao_Paulo-242-2038937-36419596-0,12.1,-23.4954665,-46.661544,,,,1,2023-06-17T17:59:12+00:00
SAO_9784-10,São Paulo,3550308,True,EMTU,827,https://moovitapp.com/index/pt-br/transporte_p%C3%BAblico-line-827-Sao_Paulo-242-2038937-36419596-0,12.1,-23.524385,-46.6672945,,,,1,2023-06-17T17:59:16+00:00
SAO_9784-10,São Paulo,3550308,True,EMTU,827,https://moovitapp.com/index/pt-br/transporte_p%C3%BAblico-line-827-Sao_Paulo-242-2038937-36419596-0,12.1,-23.479807,-46.660022,,,,1,2023-06-17T17:58:59+00:00
SAO_5021-10,São Paulo,3550308,True,,1667,,,-23.602352125000003,-46.611489000000006,,,,1,2023-06-17T17:59:06+00:00
SAO_809P-10,São Paulo,3550308,True,,34659,,,-23.60130325,-46.743193500000004,,,,2,2023-06-17T17:59:18+00:00
SAO_809P-10,São Paulo,3550308,True,,34659,,,-23.6312955,-46.773033999999996,,,,2,2023-06-17T17:58:40+00:00
SAO_809P-10,São Paulo,3550308,True,,34659,,,-23.631508,-46.7726,,,,2,2023-06-17T17:58:36+00:00
SAO_809P-10,São Paulo,3550308,True,,34659,,,-23.6313825,-46.77286,,,,2,2023-06-17T17:59:06+00:00
SAO_809P-10,São Paulo,3550308,True,,34659,,,-23.6129475,-46.754987,,,,2,2023-06-17T17:58:38+00:00
SAO_809P-10,São Paulo,3550308,True,,34659,,,-23.628953000000003,-46.768699999999995,,,,2,2023-06-17T17:58:36+00:00
SAO_809P-10,São Paulo,3550308,True,,34659,,,-23.58272925,-46.713883249999995,,,,2,2023-06-17T17:59:17+00:00
SAO_5391-10,São Paulo,3550308,True,,32939,,,-23.692826,-46.7782155,,,,2,2023-06-17T17:58:59+00:00
SAO_5391-10,São Paulo,3550308,True,,32939,,,-23.572406125,-46.641142875,,,,2,2023-06-17T17:59:06+00:00
SAO_5391-10,São Paulo,3550308,True,,32939,,,-23.692586,-46.7779375,,,,2,2023-06-17T17:59:06+00:00
SAO_5391-10,São Paulo,3550308,True,,32939,,,-23.6675375,-46.730432,,,,2,2023-06-17T17:58:42+00:00
SAO_5391-10,São Paulo,3550308,True,,32939,,,-23.61011225,-46.668431749999996,,,,2,2023-06-17T17:59:15+00:00
SAO_5391-10,São Paulo,3550308,True,,32939,,,-23.607679625000003,-46.666152125,,,,2,2023-06-17T17:58:46+00:00
SAO_5391-10,São Paulo,3550308,True,,32939,,,-23.692511000000003,-46.7778525,,,,2,2023-06-17T17:59:09+00:00
SAO_5391-10,São Paulo,3550308,True,,32939,,,-23.6658605,-46.71429475,,,,2,2023-06-17T17:59:03+00:00
SAO_5391-10,São Paulo,3550308,True,,32939,,,-23.6926255,-46.7779375,,,,2,2023-06-17T17:59:12+00:00
SAO_5391-10,São Paulo,3550308,True,,32939,,,-23.6755615,-46.75482325,,,,2,2023-06-17T17:59:07+00:00
SAO_5391-10,São Paulo,3550308,True,,32939,,,-23.692511000000003,-46.7778525,,,,2,2023-06-17T17:58:48+00:00
SAO_3762-10,São Paulo,3550308,True,,1053,,,-23.5722585,-46.535480812500005,,,,1,2023-06-17T17:58:37+00:00
SAO_3762-10,São Paulo,3550308,True,,1053,,,-23.54292375,-46.56343075,,,,1,2023-06-17T17:59:03+00:00
SAO_3762-10,São Paulo,3550308,True,,1053,,,-23.591546,-46.5161705,,,,1,2023-06-17T17:59:12+00:00
SAO_3762-10,São Paulo,3550308,True,,1053,,,-23.577033,-46.5164375,,,,1,2023-06-17T17:59:06+00:00
SAO_3762-10,São Paulo,3550308,True,,1053,,,-23.541,-46.576643000000004,,,,1,2023-06-17T17:58:41+00:00
SAO_3762-10,São Paulo,3550308,True,,1053,,,-23.546459,-46.552701750000004,,,,1,2023-06-17T17:58:40+00:00
SAO_2363-10,São Paulo,3550308,True,,32903,,,-23.5246445,-46.549759375,,,,2,2023-06-17T17:59:08+00:00
SAO_2363-10,São Paulo,3550308,True,,32903,,,-23.53686725,-46.59059525,,,,2,2023-06-17T17:59:12+00:00
SAO_2363-10,São Paulo,3550308,True,,32903,,,-23.4987395,-46.50209475,,,,2,2023-06-17T17:58:38+00:00
SAO_2363-10,São Paulo,3550308,True,,32903,,,-23.4987395,-46.50209475,,,,2,2023-06-17T17:59:03+00:00
SAO_2363-10,São Paulo,3550308,True,,32903,,,-23.50253275,-46.5011915,,,,2,2023-06-17T17:57:16+00:00
SAO_2363-10,São Paulo,3550308,True,,32903,,,-23.513284249999998,-46.545886374999995,,,,2,2023-06-17T17:57:44+00:00
SAO_3686-10,São Paulo,3550308,True,,32934,,,-23.559947,-46.4038685,,,,2,2023-06-17T17:59:10+00:00
SAO_3686-10,São Paulo,3550308,True,,32934,,,-23.53232725,-46.53496,,,,2,2023-06-17T17:59:14+00:00
SAO_3686-10,São Paulo,3550308,True,,32934,,,-23.54375225,-46.411161500000006,,,,2,2023-06-17T17:59:01+00:00
SAO_3686-10,São Paulo,3550308,True,,32934,,,-23.538708999999997,-46.56631225,,,,2,2023-06-17T17:58:47+00:00
SAO_3686-10,São Paulo,3550308,True,,32934,,,-23.55986625,-46.40348975,,,,2,2023-06-17T17:58:37+00:00
SAO_3686-10,São Paulo,3550308,True,,32934,,,-23.547694,-46.6290445,,,,2,2023-06-17T17:58:43+00:00
SAO_3686-10,São Paulo,3550308,True,,32934,,,-23.541479250000002,-46.45005525,,,,2,2023-06-17T17:59:14+00:00
SAO_3686-10,São Paulo,3550308,True,,32934,,,-23.54375225,-46.411161500000006,,,,2,2023-06-17T17:58:43+00:00
SAO_2019-10,São Paulo,3550308,True,,33673,,,-23.52949575,-46.540100249999995,,,,2,2023-06-17T17:59:05+00:00
SAO_2019-10,São Paulo,3550308,True,,33673,,,-23.529691999999997,-46.47905,,,,2,2023-06-17T17:58:40+00:00
SAO_2019-10,São Paulo,3550308,True,,33673,,,-23.52949575,-46.540100249999995,,,,2,2023-06-17T17:59:10+00:00
SAO_2019-10,São Paulo,3550308,True,,33673,,,-23.531948999999997,-46.485862,,,,2,2023-06-17T17:58:53+00:00
SAO_2019-10,São Paulo,3550308,True,,33673,,,-23.524129000000002,-46.508711,,,,2,2023-06-17T17:57:59+00:00
SAO_177Y-10,São Paulo,3550308,True,,867,,,-23.565374249999998,-46.698355,,,,1,2023-06-17T17:59:11+00:00
SAO_4315-10,São Paulo,3550308,True,,2175,,,-23.54875,-46.537158500000004,,,,1,2023-06-17T17:58:44+00:00
SAO_4315-10,São Paulo,3550308,True,,2175,,,-23.54645675,-46.629903999999996,,,,1,2023-06-17T17:58:52+00:00
SAO_4315-10,São Paulo,3550308,True,,2175,,,-23.5582535,-46.5229645,,,,1,2023-06-17T17:59:06+00:00
SAO_575A-10,São Paulo,3550308,True,,34406,,,-23.602311375,-46.5706325,,,,2,2023-06-17T17:58:39+00:00
SAO_575A-10,São Paulo,3550308,True,,34406,,,-23.560656,-46.585447,,,,2,2023-06-17T17:58:41+00:00
SAO_575A-10,São Paulo,3550308,True,,34406,,,-23.602311375,-46.5706325,,,,2,2023-06-17T17:58:31+00:00
SAO_575A-10,São Paulo,3550308,True,,34406,,,-23.554263499999998,-46.583863,,,,2,2023-06-17T17:57:36+00:00
SAO_273L-10,São Paulo,3550308,True,,32992,,,-23.538865,-46.431186499999995,,,,2,2023-06-17T17:59:14+00:00
SAO_273L-10,São Paulo,3550308,True,,32992,,,-23.52114525,-46.418904,,,,2,2023-06-17T17:59:07+00:00
SAO_775N-10,São Paulo,3550308,True,,474,,,-23.538618375000002,-46.72700450000001,,,,1,2023-06-17T17:58:59+00:00
SAO_775N-10,São Paulo,3550308,True,,474,,,-23.55123175,-46.740238250000004,,,,1,2023-06-17T17:59:08+00:00
SAO_775N-10,São Paulo,3550308,True,,474,,,-23.55123175,-46.740238250000004,,,,1,2023-06-17T17:59:01+00:00
SAO_775N-10,São Paulo,3550308,True,,474,,,-23.576089,-46.765473,,,,1,2023-06-17T17:58:54+00:00
SAO_519M-10,São Paulo,3550308,True,,2211,,,-23.579377625,-46.607089,,,,1,2023-06-17T17:58:40+00:00
SAO_519M-10,São Paulo,3550308,True,,2211,,,-23.612666,-46.480691,,,,1,2023-06-17T17:58:55+00:00
SAO_519M-10,São Paulo,3550308,True,,2211,,,-23.601516500000002,-46.533545000000004,,,,1,2023-06-17T17:58:47+00:00
SAO_938P-10,São Paulo,3550308,True,,888,,,-23.530187625000003,-46.6816805,,,,1,2023-06-17T17:58:37+00:00
SAO_938P-10,São Paulo,3550308,True,,888,,,-23.5238065,-46.70035625,,,,1,2023-06-17T17:58:39+00:00
SAO_938P-10,São Paulo,3550308,True,,888,,,-23.4976145,-46.69053275,,,,1,2023-06-17T17:59:03+00:00
SAO_938P-10,São Paulo,3550308,True,,888,,,-23.471570999999997,-46.6821805,,,,1,2023-06-17T17:58:51+00:00
SAO_648P-10,São Paulo,3550308,True,,32834,,,-23.572206,-46.690203999999994,,,,2,2023-06-17T17:58:55+00:00
SAO_648P-10,São Paulo,3550308,True,,32834,,,-23.566234,-46.7020095,,,,2,2023-06-17T17:58:56+00:00
SAO_648P-10,São Paulo,3550308,True,,32834,,,-23.643844625,-46.71626450000001,,,,2,2023-06-17T17:58:44+00:00
SAO_648P-10,São Paulo,3550308,True,,32834,,,-23.6550385,-46.761806,,,,2,2023-06-17T17:59:01+00:00
SAO_6063-41,São Paulo,3550308,True,,34541,,,-23.766307,-46.7160825,,,,2,2023-06-17T17:58:53+00:00
SAO_6063-41,São Paulo,3550308,True,,34541,,,-23.787551999999998,-46.679802,,,,2,2023-06-17T17:58:36+00:00
SAO_6063-41,São Paulo,3550308,True,,34541,,,-23.787596999999998,-46.679432,,,,2,2023-06-17T17:58:49+00:00
SAO_6063-41,São Paulo,3550308,True,,34541,,,-23.787596999999998,-46.679432,,,,2,2023-06-17T17:58:58+00:00
SAO_6063-41,São Paulo,3550308,True,,34541,,,-23.781824999999998,-46.690094,,,,2,2023-06-17T17:59:08+00:00
SAO_1206-10,São Paulo,3550308,True,,33610,,,-23.518892249999997,-46.576647375,,,,2,2023-06-17T17:59:14+00:00
SAO_1206-10,São Paulo,3550308,True,,33610,,,-23.54055625,-46.6338425,,,,2,2023-06-17T17:59:00+00:00
SAO_1206-10,São Paulo,3550308,True,,33610,,,-23.538661,-46.6044205,,,,2,2023-06-17T17:59:08+00:00
SAO_1206-10,São Paulo,3550308,True,,33610,,,-23.52606925,-46.58249925,,,,2,2023-06-17T17:59:00+00:00
SAO_1206-10,São Paulo,3550308,True,,33610,,,-23.526221749999998,-46.582573499999995,,,,2,2023-06-17T17:59:10+00:00
SAO_2714-10,São Paulo,3550308,True,,33695,,,-23.5154885,-46.5316015,,,,2,2023-06-17T17:58:50+00:00
SAO_2714-10,São Paulo,3550308,True,,33695,,,-23.508772,-46.521370000000005,,,,2,2023-06-17T17:58:57+00:00
SAO_3725-41,São Paulo,3550308,True,,1531,,,-23.5391965,-46.5332245,,,,1,2023-06-17T17:58:53+00:00
SAO_3725-41,São Paulo,3550308,True,,1531,,,-23.5325795,-46.531303,,,,1,2023-06-17T17:59:07+00:00
SAO_701A-10,São Paulo,3550308,True,,33457,,,-23.528083000000002,-46.597326249999995,,,,2,2023-06-17T17:56:20+00:00
SAO_701A-10,São Paulo,3550308,True,,33457,,,-23.473947,-46.5664555,,,,2,2023-06-17T17:59:05+00:00
SAO_701A-10,São Paulo,3550308,True,,33457,,,-23.473947,-46.5664555,,,,2,2023-06-17T17:59:15+00:00
SAO_701A-10,São Paulo,3550308,True,,33457,,,-23.4737385,-46.565966,,,,2,2023-06-17T17:59:05+00:00
SAO_701A-10,São Paulo,3550308,True,,33457,,,-23.473947,-46.5664555,,,,2,2023-06-17T17:58:43+00:00
SAO_701A-10,São Paulo,3550308,True,,33457,,,-23.5473125,-46.690042500000004,,,,2,2023-06-17T17:58:40+00:00
SAO_701A-10,São Paulo,3550308,True,,33457,,,-23.53931525,-46.6086885,,,,2,2023-06-17T17:59:13+00:00
SAO_6000-10,São Paulo,3550308,True,,33908,,,-23.8284605,-46.7271145,,,,2,2023-06-17T17:58:41+00:00
SAO_6000-10,São Paulo,3550308,True,,33908,,,-23.8278345,-46.7279345,,,,2,2023-06-17T17:58:50+00:00
SAO_6000-10,São Paulo,3550308,True,,33908,,,-23.827945999999997,-46.727483500000005,,,,2,2023-06-17T17:58:55+00:00
SAO_6000-10,São Paulo,3550308,True,,33908,,,-23.7647345,-46.7167295,,,,2,2023-06-17T17:58:47+00:00
SAO_6000-10,São Paulo,3550308,True,,33908,,,-23.705411500000004,-46.7139273125,,,,2,2023-06-17T17:58:50+00:00
SAO_6000-10,São Paulo,3550308,True,,33908,,,-23.737624,-46.699929499999996,,,,2,2023-06-17T17:58:54+00:00
SAO_6000-10,São Paulo,3550308,True,,33908,,,-23.828090500000002,-46.7269385,,,,2,2023-06-17T17:59:11+00:00
SAO_6000-10,São Paulo,3550308,True,,33908,,,-23.828025500000003,-46.7271865,,,,2,2023-06-17T17:58:38+00:00
SAO_6000-10,São Paulo,3550308,True,,33908,,,-23.65811275,-46.70672275,,,,2,2023-06-17T17:59:02+00:00
SAO_958P-10,São Paulo,3550308,True,,33233,,,-23.48044,-46.7584765,,,,2,2023-06-17T17:58:37+00:00
SAO_958P-10,São Paulo,3550308,True,,33233,,,-23.4800695,-46.7585985,,,,2,2023-06-17T17:58:56+00:00
SAO_958P-10,São Paulo,3550308,True,,33233,,,-23.5726325,-46.689627,,,,2,2023-06-17T17:58:49+00:00
SAO_1705-10,São Paulo,3550308,True,,33617,,,-23.4458615,-46.589753,,,,2,2023-06-17T17:58:46+00:00
SAO_1705-10,São Paulo,3550308,True,,33617,,,-23.434339,-46.58389525,,,,2,2023-06-17T17:52:22+00:00
SAO_1705-10,São Paulo,3550308,True,,33617,,,-23.434097,-46.583839749999996,,,,2,2023-06-17T17:58:48+00:00
SAO_1705-10,São Paulo,3550308,True,,33617,,,-23.434097,-46.583839749999996,,,,2,2023-06-17T17:58:31+00:00
SAO_1705-10,São Paulo,3550308,True,,33617,,,-23.4768525,-46.6045845,,,,2,2023-06-17T17:54:20+00:00
SAO_1705-10,São Paulo,3550308,True,,33617,,,-23.434339,-46.58389525,,,,2,2023-06-17T17:59:12+00:00
SAO_2728-10,São Paulo,3550308,True,,33711,,,-23.5061045,-46.5284435,,,,2,2023-06-17T17:58:52+00:00
SAO_2728-10,São Paulo,3550308,True,,33711,,,-23.50133,-46.5125285,,,,2,2023-06-17T17:58:33+00:00
SAO_2728-10,São Paulo,3550308,True,,33711,,,-23.50133,-46.5125285,,,,2,2023-06-17T17:59:05+00:00
SAO_1785-10,São Paulo,3550308,True,,1816,,,-23.494260500000003,-46.6248475,,,,1,2023-06-17T17:55:52+00:00
SAO_7011-31,São Paulo,3550308,True,,34722,,,-23.7083255,-46.7920035,,,,2,2023-06-17T17:59:10+00:00
SAO_7011-31,São Paulo,3550308,True,,34722,,,-23.687598,-46.771941,,,,2,2023-06-17T17:59:17+00:00
SAO_6071-10,São Paulo,3550308,True,,33924,,,-23.7190325,-46.689988,,,,2,2023-06-17T17:58:55+00:00
SAO_6071-10,São Paulo,3550308,True,,33924,,,-23.71901475,-46.67920225,,,,2,2023-06-17T17:58:43+00:00
SAO_6071-10,São Paulo,3550308,True,,33924,,,-23.69414275,-46.699196,,,,2,2023-06-17T17:58:38+00:00
SAO_6071-10,São Paulo,3550308,True,,33924,,,-23.657572,-46.701373875,,,,2,2023-06-17T17:58:54+00:00
SAO_372F-10,São Paulo,3550308,True,,1015,,,-23.54634425,-46.60539125,,,,1,2023-06-17T17:58:39+00:00
SAO_9785-10,São Paulo,3550308,True,,828,,,-23.5210205,-46.6689425,,,,1,2023-06-17T17:58:52+00:00
SAO_9785-10,São Paulo,3550308,True,,828,,,-23.4920635,-46.69051625,,,,1,2023-06-17T17:59:04+00:00
SAO_9785-10,São Paulo,3550308,True,,828,,,-23.4675385,-46.6980035,,,,1,2023-06-17T17:58:51+00:00
SAO_9785-10,São Paulo,3550308,True,,828,,,-23.4561785,-46.698985,,,,1,2023-06-17T17:59:13+00:00
SAO_9785-10,São Paulo,3550308,True,,828,,,-23.478918,-46.6856615,,,,1,2023-06-17T17:58:50+00:00
SAO_9785-10,São Paulo,3550308,True,,828,,,-23.4561785,-46.698985,,,,1,2023-06-17T17:59:01+00:00
SAO_1701-10,São Paulo,3550308,True,,33613,,,-23.476422,-46.595453,,,,2,2023-06-17T17:59:14+00:00
SAO_1701-10,São Paulo,3550308,True,,33613,,,-23.447903750000002,-46.57596337499999,,,,2,2023-06-17T17:58:58+00:00
SAO_1701-10,São Paulo,3550308,True,,33613,,,-23.4589785,-46.585784,,,,2,2023-06-17T17:58:50+00:00
SAO_1701-10,São Paulo,3550308,True,,33613,,,-23.447903750000002,-46.57596337499999,,,,2,2023-06-17T17:59:11+00:00
SAO_4030-10,São Paulo,3550308,True,,33868,,,-23.6162555,-46.484555375,,,,2,2023-06-17T17:58:50+00:00
SAO_4030-10,São Paulo,3550308,True,,33868,,,-23.5912988125,-46.489284437500004,,,,2,2023-06-17T17:59:09+00:00
SAO_4030-10,São Paulo,3550308,True,,33868,,,-23.612435,-46.4811885,,,,2,2023-06-17T17:59:05+00:00
SAO_4030-10,São Paulo,3550308,True,,33868,,,-23.619491500000002,-46.4878035,,,,2,2023-06-17T17:58:44+00:00
SAO_4030-10,São Paulo,3550308,True,,33868,,,-23.615775499999998,-46.488022,,,,2,2023-06-17T17:58:59+00:00
SAO_4706-10,São Paulo,3550308,True,,33067,,,-23.6025555,-46.6141385,,,,2,2023-06-17T17:58:54+00:00
SAO_647A-10,São Paulo,3550308,True,,34083,,,-23.604088,-46.725159,,,,2,2023-06-17T17:58:43+00:00
SAO_647A-10,São Paulo,3550308,True,,34083,,,-23.5944665,-46.70651,,,,2,2023-06-17T17:59:00+00:00
SAO_647A-10,São Paulo,3550308,True,,34083,,,-23.68605675,-46.80172075,,,,2,2023-06-17T17:58:37+00:00
SAO_647A-10,São Paulo,3550308,True,,34083,,,-23.6624305,-46.769189,,,,2,2023-06-17T17:58:47+00:00
SAO_647A-10,São Paulo,3550308,True,,34083,,,-23.694454,-46.794375,,,,2,2023-06-17T17:59:02+00:00
SAO_647A-10,São Paulo,3550308,True,,34083,,,-23.5652765,-46.692343,,,,2,2023-06-17T17:53:19+00:00
SAO_6039-21,São Paulo,3550308,True,,35261,,,-23.654132,-46.7632315,,,,2,2023-06-17T17:58:36+00:00
SAO_6039-21,São Paulo,3550308,True,,35261,,,-23.6762085,-46.791264,,,,2,2023-06-17T17:58:59+00:00
SAO_6039-21,São Paulo,3550308,True,,35261,,,-23.654061499999997,-46.763393,,,,2,2023-06-17T17:58:55+00:00
SAO_3761-10,São Paulo,3550308,True,,33819,,,-23.5536615,-46.518634500000005,,,,2,2023-06-17T17:58:53+00:00
SAO_3761-10,São Paulo,3550308,True,,33819,,,-23.600475000000003,-46.470719,,,,2,2023-06-17T17:58:58+00:00
SAO_3761-10,São Paulo,3550308,True,,33819,,,-23.61803925,-46.42337725,,,,2,2023-06-17T17:59:00+00:00
SAO_3761-10,São Paulo,3550308,True,,33819,,,-23.606879,-46.427408,,,,2,2023-06-17T17:59:02+00:00
SAO_5107-10,São Paulo,3550308,True,,1659,,,-23.587055125,-46.60293324999999,,,,1,2023-06-17T17:59:07+00:00
SAO_5107-10,São Paulo,3550308,True,,1659,,,-23.602105,-46.602912,,,,1,2023-06-17T17:58:49+00:00
SAO_5107-10,São Paulo,3550308,True,,1659,,,-23.543395500000003,-46.627023,,,,1,2023-06-17T17:58:40+00:00
SAO_4056-10,São Paulo,3550308,True,,35005,,,-23.606942,-46.4511915,,,,2,2023-06-17T17:59:01+00:00
SAO_4056-10,São Paulo,3550308,True,,35005,,,-23.606856,-46.451112,,,,2,2023-06-17T17:58:53+00:00
SAO_4056-10,São Paulo,3550308,True,,35005,,,-23.612665,-46.476373499999994,,,,2,2023-06-17T17:59:09+00:00
SAO_271A-10,São Paulo,3550308,True,STT,702,https://moovitapp.com/index/pt-br/transporte_p%C3%BAblico-line-702-Sao_Paulo-242-850661-641780-0,5.3,-23.5173295,-46.567662999999996,,,,1,2023-06-17T17:58:48+00:00
SAO_271A-10,São Paulo,3550308,True,STT,702,https://moovitapp.com/index/pt-br/transporte_p%C3%BAblico-line-702-Sao_Paulo-242-850661-641780-0,5.3,-23.518916500000003,-46.546872500000006,,,,1,2023-06-17T17:58:38+00:00
SAO_271A-10,São Paulo,3550308,True,STT,702,https://moovitapp.com/index/pt-br/transporte_p%C3%BAblico-line-702-Sao_Paulo-242-850661-641780-0,5.3,-23.518916500000003,-46.546872500000006,,,,1,2023-06-17T17:58:49+00:00
SAO_271A-10,São Paulo,3550308,True,STT,702,https://moovitapp.com/index/pt-br/transporte_p%C3%BAblico-line-702-Sao_Paulo-242-850661-641780-0,5.3,-23.5000585,-46.599841,,,,1,2023-06-17T17:59:01+00:00
SAO_271A-10,São Paulo,3550308,True,STT,702,https://moovitapp.com/index/pt-br/transporte_p%C3%BAblico-line-702-Sao_Paulo-242-850661-641780-0,5.3,-23.5008655,-46.6041215,,,,1,2023-06-17T17:58:46+00:00
SAO_8019-10,São Paulo,3550308,True,,34839,,,-23.544992,-46.7471585,,,,2,2023-06-17T17:58:36+00:00
SAO_8019-10,São Paulo,3550308,True,,34839,,,-23.574617,-46.730098,,,,2,2023-06-17T17:59:03+00:00
SAO_3743-10,São Paulo,3550308,True,,33811,,,-23.548194875,-46.46164675,,,,2,2023-06-17T17:59:05+00:00
SAO_3743-10,São Paulo,3550308,True,,33811,,,-23.589315125,-46.4900365,,,,2,2023-06-17T17:59:15+00:00
SAO_3743-10,São Paulo,3550308,True,,33811,,,-23.609576250000003,-46.4755425,,,,2,2023-06-17T17:58:39+00:00
SAO_6078-10,São Paulo,3550308,True,,1166,,,-23.738467,-46.6919475,,,,1,2023-06-17T17:58:34+00:00
SAO_6078-10,São Paulo,3550308,True,,1166,,,-23.6843225,-46.691713,,,,1,2023-06-17T17:58:35+00:00
SAO_6078-10,São Paulo,3550308,True,,1166,,,-23.668704499999997,-46.677477999999994,,,,1,2023-06-17T17:59:04+00:00
SAO_6078-10,São Paulo,3550308,True,,1166,,,-23.7563855,-46.667607000000004,,,,1,2023-06-17T17:59:08+00:00
SAO_6078-10,São Paulo,3550308,True,,1166,,,-23.726964000000002,-46.6992625,,,,1,2023-06-17T17:59:03+00:00
SAO_5011-10,São Paulo,3550308,True,,33883,,,-23.7103285,-46.62034,,,,2,2023-06-17T17:59:08+00:00
SAO_5011-10,São Paulo,3550308,True,,33883,,,-23.6922395,-46.664291250000005,,,,2,2023-06-17T17:59:14+00:00
SAO_5011-10,São Paulo,3550308,True,,33883,,,-23.713311500000003,-46.62008075,,,,2,2023-06-17T17:59:09+00:00
SAO_5011-10,São Paulo,3550308,True,,33883,,,-23.7102955,-46.6205395,,,,2,2023-06-17T17:57:27+00:00
SAO_5011-10,São Paulo,3550308,True,,33883,,,-23.7016985,-46.645367500000006,,,,2,2023-06-17T17:59:07+00:00
SAO_5011-10,São Paulo,3550308,True,,33883,,,-23.66008575,-46.696712250000004,,,,2,2023-06-17T17:59:13+00:00
SAO_5011-10,São Paulo,3550308,True,,33883,,,-23.6851675,-46.6808695,,,,2,2023-06-17T17:58:43+00:00
SAO_2582-10,São Paulo,3550308,True,EMTU,374,https://moovitapp.com/index/pt-br/transporte_p%C3%BAblico-line-374-Sao_Paulo-242-2038937-36419448-0,3.7,-23.49116,-46.445023500000005,,,,1,2023-06-17T17:58:54+00:00
SAO_2582-10,São Paulo,3550308,True,EMTU,374,https://moovitapp.com/index/pt-br/transporte_p%C3%BAblico-line-374-Sao_Paulo-242-2038937-36419448-0,3.7,-23.493029999999997,-46.475331499999996,,,,1,2023-06-17T17:59:04+00:00
SAO_2582-10,São Paulo,3550308,True,EMTU,374,https://moovitapp.com/index/pt-br/transporte_p%C3%BAblico-line-374-Sao_Paulo-242-2038937-36419448-0,3.7,-23.528427999999998,-46.552193249999995,,,,1,2023-06-17T17:58:57+00:00
SAO_2582-10,São Paulo,3550308,True,EMTU,374,https://moovitapp.com/index/pt-br/transporte_p%C3%BAblico-line-374-Sao_Paulo-242-2038937-36419448-0,3.7,-23.518628,-46.423688999999996,,,,1,2023-06-17T17:58:53+00:00
SAO_2582-10,São Paulo,3550308,True,EMTU,374,https://moovitapp.com/index/pt-br/transporte_p%C3%BAblico-line-374-Sao_Paulo-242-2038937-36419448-0,3.7,-23.5134735,-46.4259215,,,,1,2023-06-17T17:59:01+00:00
SAO_2582-10,São Paulo,3550308,True,EMTU,374,https://moovitapp.com/index/pt-br/transporte_p%C3%BAblico-line-374-Sao_Paulo-242-2038937-36419448-0,3.7,-23.545441,-46.630475000000004,,,,1,2023-06-17T17:59:02+00:00
SAO_2582-10,São Paulo,3550308,True,EMTU,374,https://moovitapp.com/index/pt-br/transporte_p%C3%BAblico-line-374-Sao_Paulo-242-2038937-36419448-0,3.7,-23.5035465,-46.53686075,,,,1,2023-06-17T17:58:33+00:00
SAO_9162-10,São Paulo,3550308,True,,1365,,,-23.46769525,-46.678713,,,,1,2023-06-17T17:58:32+00:00
SAO_702C-10,São Paulo,3550308,True,STT,485,https://moovitapp.com/index/pt-br/transporte_p%C3%BAblico-line-485-Sao_Paulo-242-850661-183324-0,5.3,-23.54041625,-46.612528,,,,1,2023-06-17T17:58:53+00:00
SAO_702C-10,São Paulo,3550308,True,STT,485,https://moovitapp.com/index/pt-br/transporte_p%C3%BAblico-line-485-Sao_Paulo-242-850661-183324-0,5.3,-23.575554750000002,-46.740933,,,,1,2023-06-17T17:58:50+00:00
SAO_702C-10,São Paulo,3550308,True,STT,485,https://moovitapp.com/index/pt-br/transporte_p%C3%BAblico-line-485-Sao_Paulo-242-850661-183324-0,5.3,-23.5649485,-46.679060250000006,,,,1,2023-06-17T17:59:17+00:00
SAO_6061-10,São Paulo,3550308,True,,1150,,,-23.7794155,-46.691409,,,,1,2023-06-17T17:59:14+00:00
SAO_6061-10,São Paulo,3550308,True,,1150,,,-23.747397499999998,-46.687747,,,,1,2023-06-17T17:59:16+00:00
SAO_6061-10,São Paulo,3550308,True,,1150,,,-23.7817615,-46.681180499999996,,,,1,2023-06-17T17:58:51+00:00
SAO_6061-10,São Paulo,3550308,True,,1150,,,-23.7374655,-46.6974125,,,,1,2023-06-17T17:58:55+00:00
SAO_3026-10,São Paulo,3550308,True,,962,,,-23.58505825,-46.3809895,,,,1,2023-06-17T17:59:05+00:00
SAO_3026-10,São Paulo,3550308,True,,962,,,-23.58657675,-46.3814955,,,,1,2023-06-17T17:58:45+00:00
SAO_3026-10,São Paulo,3550308,True,,962,,,-23.542614,-46.4155005,,,,1,2023-06-17T17:59:01+00:00
SAO_3026-10,São Paulo,3550308,True,,962,,,-23.5827675,-46.386084,,,,1,2023-06-17T17:59:10+00:00
SAO_6062-51,São Paulo,3550308,True,,34507,,,-23.692721,-46.698578,,,,2,2023-06-17T17:58:47+00:00
SAO_6062-51,São Paulo,3550308,True,,34507,,,-23.7433685,-46.682570999999996,,,,2,2023-06-17T17:58:56+00:00
SAO_6062-51,São Paulo,3550308,True,,34507,,,-23.741882,-46.6813055,,,,2,2023-06-17T17:58:43+00:00
SAO_6062-51,São Paulo,3550308,True,,34507,,,-23.721926,-46.695498,,,,2,2023-06-17T17:58:38+00:00
SAO_513L-10,São Paulo,3550308,True,,1655,,,-23.6019195,-46.603135,,,,1,2023-06-17T17:59:10+00:00
SAO_513L-10,São Paulo,3550308,True,,1655,,,-23.546959375,-46.59089725,,,,1,2023-06-17T17:58:51+00:00
SAO_513L-10,São Paulo,3550308,True,,1655,,,-23.582738,-46.5999265,,,,1,2023-06-17T17:58:45+00:00
SAO_857P-10,São Paulo,3550308,True,,34694,,,-23.6312955,-46.773033999999996,,,,2,2023-06-17T17:59:13+00:00
SAO_857P-10,São Paulo,3550308,True,,34694,,,-23.575689500000003,-46.642773500000004,,,,2,2023-06-17T17:59:17+00:00
SAO_857P-10,São Paulo,3550308,True,,34694,,,-23.5653425,-46.6517025,,,,2,2023-06-17T17:58:52+00:00
SAO_857P-10,São Paulo,3550308,True,,34694,,,-23.584044499999997,-46.7171075,,,,2,2023-06-17T17:58:53+00:00
SAO_857P-10,São Paulo,3550308,True,,34694,,,-23.624658,-46.7646215,,,,2,2023-06-17T17:58:53+00:00
SAO_857P-10,São Paulo,3550308,True,,34694,,,-23.61608425,-46.75695325,,,,2,2023-06-17T17:59:08+00:00
SAO_7060-10,São Paulo,3550308,True,,1889,,,-23.653073499999998,-46.7778225,,,,1,2023-06-17T17:58:37+00:00
SAO_7060-10,São Paulo,3550308,True,,1889,,,-23.659702,-46.7750665,,,,1,2023-06-17T17:58:59+00:00
SAO_978J-10,São Paulo,3550308,True,EMTU,591,https://moovitapp.com/index/pt-br/transporte_p%C3%BAblico-line-591-Sao_Paulo-242-2038937-36419577-0,5.4,-23.4736945,-46.725893,,,,1,2023-06-17T17:58:38+00:00
SAO_978J-10,São Paulo,3550308,True,EMTU,591,https://moovitapp.com/index/pt-br/transporte_p%C3%BAblico-line-591-Sao_Paulo-242-2038937-36419577-0,5.4,-23.53471425,-46.64500699999999,,,,1,2023-06-17T17:58:32+00:00
SAO_3063-10,São Paulo,3550308,True,,33021,,,-23.578276250000002,-46.41574225,,,,2,2023-06-17T17:58:39+00:00
SAO_3063-10,São Paulo,3550308,True,,33021,,,-23.558008,-46.3996015,,,,2,2023-06-17T17:59:07+00:00
SAO_5018-31,São Paulo,3550308,True,,34629,,,-23.675471,-46.6729985,,,,2,2023-06-17T17:58:54+00:00
SAO_5018-31,São Paulo,3550308,True,,34629,,,-23.675765,-46.673557,,,,2,2023-06-17T17:58:33+00:00
SAO_5018-31,São Paulo,3550308,True,,34629,,,-23.69257275,-46.67391825,,,,2,2023-06-17T17:59:01+00:00
SAO_5018-31,São Paulo,3550308,True,,34629,,,-23.679003,-46.6707165,,,,2,2023-06-17T17:59:13+00:00
SAO_6262-10,São Paulo,3550308,True,,34139,,,-23.52968025,-46.732086375,,,,2,2023-06-17T17:59:02+00:00
SAO_6262-10,São Paulo,3550308,True,,34139,,,-23.53244175,-46.72951625,,,,2,2023-06-17T17:58:43+00:00
SAO_6262-10,São Paulo,3550308,True,,34139,,,-23.570538499999998,-46.6909515,,,,2,2023-06-17T17:59:02+00:00
SAO_1730-10,São Paulo,3550308,True,,865,,,-23.5100785,-46.624854,,,,1,2023-06-17T17:59:06+00:00
SAO_342M-10,São Paulo,3550308,True,,33515,,,-23.5662689375,-46.5117471875,,,,2,2023-06-17T17:58:45+00:00
SAO_342M-10,São Paulo,3550308,True,,33515,,,-23.613857,-46.476304,,,,2,2023-06-17T17:58:45+00:00
SAO_342M-10,São Paulo,3550308,True,,33515,,,-23.518709,-46.546899499999995,,,,2,2023-06-17T17:59:02+00:00
SAO_342M-10,São Paulo,3550308,True,,33515,,,-23.583146,-46.495833000000005,,,,2,2023-06-17T17:58:50+00:00
SAO_342M-10,São Paulo,3550308,True,,33515,,,-23.518709,-46.546899499999995,,,,2,2023-06-17T17:59:11+00:00
SAO_342M-10,São Paulo,3550308,True,,33515,,,-23.518918499999998,-46.546471,,,,2,2023-06-17T17:58:33+00:00
SAO_342M-10,São Paulo,3550308,True,,33515,,,-23.613857,-46.476304,,,,2,2023-06-17T17:58:17+00:00
SAO_342M-10,São Paulo,3550308,True,,33515,,,-23.613857,-46.476304,,,,2,2023-06-17T17:59:15+00:00
SAO_342M-10,São Paulo,3550308,True,,33515,,,-23.518709,-46.546899499999995,,,,2,2023-06-17T17:58:51+00:00
SAO_342M-10,São Paulo,3550308,True,,33515,,,-23.613857,-46.476304,,,,2,2023-06-17T17:58:54+00:00
SAO_342M-10,São Paulo,3550308,True,,33515,,,-23.612884,-46.4762945,,,,2,2023-06-17T17:59:01+00:00
SAO_342M-10,São Paulo,3550308,True,,33515,,,-23.518709,-46.546899499999995,,,,2,2023-06-17T17:58:59+00:00
SAO_342M-10,São Paulo,3550308,True,,33515,,,-23.551885,-46.530148,,,,2,2023-06-17T17:58:39+00:00
SAO_707K-10,São Paulo,3550308,True,,35271,,,-23.667917,-46.7355005,,,,2,2023-06-17T17:59:13+00:00
SAO_707K-10,São Paulo,3550308,True,,35271,,,-23.667807,-46.7355005,,,,2,2023-06-17T17:58:45+00:00
SAO_707K-10,São Paulo,3550308,True,,35271,,,-23.656727062500003,-46.694886499999996,,,,2,2023-06-17T17:59:17+00:00
SAO_707K-10,São Paulo,3550308,True,,35271,,,-23.667807,-46.7355005,,,,2,2023-06-17T17:59:17+00:00
SAO_707K-10,São Paulo,3550308,True,,35271,,,-23.6483395,-46.661147,,,,2,2023-06-17T17:58:47+00:00
SAO_8548-10,São Paulo,3550308,True,,33346,,,-23.446651625,-46.715378375,,,,2,2023-06-17T17:58:39+00:00
SAO_8548-10,São Paulo,3550308,True,,33346,,,-23.446651625,-46.715378375,,,,2,2023-06-17T17:59:15+00:00
SAO_8548-10,São Paulo,3550308,True,,33346,,,-23.501903249999998,-46.686383500000005,,,,2,2023-06-17T17:59:16+00:00
SAO_719R-10,São Paulo,3550308,True,,33237,,,-23.566717,-46.754007,,,,2,2023-06-17T17:58:47+00:00
SAO_719R-10,São Paulo,3550308,True,,33237,,,-23.562170000000002,-46.764854125,,,,2,2023-06-17T17:59:11+00:00
SAO_719R-10,São Paulo,3550308,True,,33237,,,-23.5642875,-46.69273200000001,,,,2,2023-06-17T17:59:05+00:00
SAO_719R-10,São Paulo,3550308,True,,33237,,,-23.53363775,-46.65609475,,,,2,2023-06-17T17:58:49+00:00
SAO_4029-10,São Paulo,3550308,True,,1099,,,-23.580336000000003,-46.5690835,,,,1,2023-06-17T17:58:35+00:00
SAO_4029-10,São Paulo,3550308,True,,1099,,,-23.5997585,-46.513968,,,,1,2023-06-17T17:58:39+00:00
SAO_4029-10,São Paulo,3550308,True,,1099,,,-23.584286,-46.5815445,,,,1,2023-06-17T17:59:13+00:00
SAO_4029-10,São Paulo,3550308,True,,1099,,,-23.6101915,-46.480281500000004,,,,1,2023-06-17T17:59:14+00:00
SAO_4029-10,São Paulo,3550308,True,,1099,,,-23.612506,-46.479178,,,,1,2023-06-17T17:58:53+00:00
SAO_4029-10,São Paulo,3550308,True,,1099,,,-23.597552,-46.5317445,,,,1,2023-06-17T17:58:46+00:00
SAO_6084-10,São Paulo,3550308,True,,33937,,,-23.7812805,-46.67209375,,,,2,2023-06-17T17:58:33+00:00
SAO_6084-10,São Paulo,3550308,True,,33937,,,-23.767566000000002,-46.690196,,,,2,2023-06-17T17:58:44+00:00
SAO_6084-10,São Paulo,3550308,True,,33937,,,-23.7812805,-46.67209375,,,,2,2023-06-17T17:59:05+00:00
SAO_6084-10,São Paulo,3550308,True,,33937,,,-23.7812805,-46.67209375,,,,2,2023-06-17T17:58:55+00:00
SAO_6084-10,São Paulo,3550308,True,,33937,,,-23.7812805,-46.67209375,,,,2,2023-06-17T17:59:11+00:00
SAO_6084-10,São Paulo,3550308,True,,33937,,,-23.7812805,-46.67209375,,,,2,2023-06-17T17:58:39+00:00
SAO_6084-10,São Paulo,3550308,True,,33937,,,-23.7812805,-46.67209375,,,,2,2023-06-17T17:59:16+00:00
SAO_6084-10,São Paulo,3550308,True,,33937,,,-23.7812805,-46.67209375,,,,2,2023-06-17T17:58:52+00:00
SAO_6084-10,São Paulo,3550308,True,,33937,,,-23.7804005,-46.6732885,,,,2,2023-06-17T17:59:01+00:00
SAO_6084-10,São Paulo,3550308,True,,33937,,,-23.7812805,-46.67209375,,,,2,2023-06-17T17:58:58+00:00
SAO_2582-10,São Paulo,3550308,True,,33142,,,-23.5005265,-46.442524500000005,,,,2,2023-06-17T17:58:58+00:00
SAO_2582-10,São Paulo,3550308,True,,33142,,,-23.545680249999997,-46.62105475,,,,2,2023-06-17T17:58:52+00:00
SAO_2582-10,São Paulo,3550308,True,,33142,,,-23.49814,-46.4631835,,,,2,2023-06-17T17:58:08+00:00
SAO_2582-10,São Paulo,3550308,True,,33142,,,-23.51908225,-46.42337275,,,,2,2023-06-17T17:59:06+00:00
SAO_2582-10,São Paulo,3550308,True,,33142,,,-23.5076095,-46.542421000000004,,,,2,2023-06-17T17:58:19+00:00
SAO_2582-10,São Paulo,3550308,True,,33142,,,-23.535605250000003,-46.57373975,,,,2,2023-06-17T17:59:07+00:00
SAO_PAEC-10,São Paulo,3550308,True,,34190,,,-23.5361185,-46.632417000000004,,,,2,2023-06-17T17:58:53+00:00
SAO_PAEC-10,São Paulo,3550308,True,,34190,,,-23.5216,-46.4253885,,,,2,2023-06-17T17:54:02+00:00
SAO_PAEC-10,São Paulo,3550308,True,,34190,,,-23.5216,-46.4253885,,,,2,2023-06-17T17:59:03+00:00
SAO_PAEC-10,São Paulo,3550308,True,,34190,,,-23.5216,-46.4253885,,,,2,2023-06-17T17:58:41+00:00
SAO_PAEC-10,São Paulo,3550308,True,,34190,,,-23.5216,-46.4253885,,,,2,2023-06-17T17:58:41+00:00
SAO_PAEC-10,São Paulo,3550308,True,,34190,,,-23.613302,-46.4764105,,,,2,2023-06-17T17:58:52+00:00
SAO_PAEC-10,São Paulo,3550308,True,,34190,,,-23.5216,-46.4253885,,,,2,2023-06-17T17:59:13+00:00
SAO_PAEC-10,São Paulo,3550308,True,,34190,,,-23.5361185,-46.632417000000004,,,,2,2023-06-17T17:59:12+00:00
SAO_PAEC-10,São Paulo,3550308,True,,34190,,,-23.613302,-46.4764105,,,,2,2023-06-17T17:58:53+00:00
SAO_PAEC-10,São Paulo,3550308,True,,34190,,,-23.613302,-46.4764105,,,,2,2023-06-17T17:58:35+00:00
SAO_502J-10,São Paulo,3550308,True,,1275,,,-23.67482,-46.661744,,,,1,2023-06-17T17:56:37+00:00
SAO_502J-10,São Paulo,3550308,True,,1275,,,-23.705199,-46.689096000000006,,,,1,2023-06-17T17:59:13+00:00
SAO_502J-10,São Paulo,3550308,True,,1275,,,-23.609718,-46.637817749999996,,,,1,2023-06-17T17:58:51+00:00
SAO_2727-10,São Paulo,3550308,True,,942,,,-23.540153,-46.483096,,,,1,2023-06-17T17:58:58+00:00
SAO_2727-10,São Paulo,3550308,True,,942,,,-23.540153,-46.483096,,,,1,2023-06-17T17:59:04+00:00
SAO_2727-10,São Paulo,3550308,True,,942,,,-23.522907000000004,-46.461566749999996,,,,1,2023-06-17T17:58:45+00:00
SAO_2727-10,São Paulo,3550308,True,,942,,,-23.540153,-46.483096,,,,1,2023-06-17T17:59:15+00:00
SAO_2727-10,São Paulo,3550308,True,,942,,,-23.536091,-46.4673475,,,,1,2023-06-17T17:58:50+00:00
SAO_2727-10,São Paulo,3550308,True,,942,,,-23.540153,-46.483096,,,,1,2023-06-17T17:59:15+00:00
SAO_2727-10,São Paulo,3550308,True,,942,,,-23.540153,-46.483096,,,,1,2023-06-17T17:58:48+00:00
SAO_2727-10,São Paulo,3550308,True,,942,,,-23.536505,-46.474794,,,,1,2023-06-17T17:59:03+00:00
SAO_2727-10,São Paulo,3550308,True,,942,,,-23.540153,-46.483096,,,,1,2023-06-17T17:59:00+00:00
SAO_2727-10,São Paulo,3550308,True,,942,,,-23.540153,-46.483096,,,,1,2023-06-17T17:58:48+00:00
SAO_6063-43,São Paulo,3550308,True,,2480,,,-23.767428000000002,-46.7162825,,,,1,2023-06-17T17:58:43+00:00
SAO_4031-10,São Paulo,3550308,True,,1101,,,-23.61408,-46.517419000000004,,,,1,2023-06-17T17:59:00+00:00
SAO_4031-10,São Paulo,3550308,True,,1101,,,-23.61408,-46.517419000000004,,,,1,2023-06-17T17:58:34+00:00
SAO_4031-10,São Paulo,3550308,True,,1101,,,-23.59086825,-46.588631500000005,,,,1,2023-06-17T17:58:48+00:00
SAO_4031-10,São Paulo,3550308,True,,1101,,,-23.6040425,-46.5242355,,,,1,2023-06-17T17:59:14+00:00
SAO_4031-10,São Paulo,3550308,True,,1101,,,-23.592827999999997,-46.54524,,,,1,2023-06-17T17:59:17+00:00
SAO_4031-10,São Paulo,3550308,True,,1101,,,-23.57795575,-46.575274500000006,,,,1,2023-06-17T17:59:07+00:00
SAO_263C-10,São Paulo,3550308,True,EMTU,252,https://moovitapp.com/index/pt-br/transporte_p%C3%BAblico-line-252-Sao_Paulo-242-2038937-36419363-0,6.8,-23.53939075,-46.4398695,,,,1,2023-06-17T17:59:06+00:00
SAO_263C-10,São Paulo,3550308,True,EMTU,252,https://moovitapp.com/index/pt-br/transporte_p%C3%BAblico-line-252-Sao_Paulo-242-2038937-36419363-0,6.8,-23.53967,-46.439659,,,,1,2023-06-17T17:59:04+00:00
SAO_263C-10,São Paulo,3550308,True,EMTU,252,https://moovitapp.com/index/pt-br/transporte_p%C3%BAblico-line-252-Sao_Paulo-242-2038937-36419363-0,6.8,-23.543654500000002,-46.4110235,,,,1,2023-06-17T17:58:50+00:00
SAO_263C-10,São Paulo,3550308,True,EMTU,252,https://moovitapp.com/index/pt-br/transporte_p%C3%BAblico-line-252-Sao_Paulo-242-2038937-36419363-0,6.8,-23.483308375,-46.415213249999994,,,,1,2023-06-17T17:58:34+00:00
SAO_627J-10,São Paulo,3550308,True,,2056,,,-23.681029375,-46.63345662500001,,,,1,2023-06-17T17:58:58+00:00
SAO_627J-10,São Paulo,3550308,True,,2056,,,-23.66656975,-46.63719225,,,,1,2023-06-17T17:58:54+00:00
SAO_627J-10,São Paulo,3550308,True,,2056,,,-23.681756,-46.63262625,,,,1,2023-06-17T17:56:21+00:00
SAO_1178-10,São Paulo,3550308,True,,132,,,-23.52935425,-46.631918,,,,1,2023-06-17T17:58:38+00:00
SAO_1178-10,São Paulo,3550308,True,,132,,,-23.502042,-46.519952,,,,1,2023-06-17T17:58:59+00:00
SAO_1178-10,São Paulo,3550308,True,,132,,,-23.491422999999998,-46.478532,,,,1,2023-06-17T17:59:03+00:00
SAO_1178-10,São Paulo,3550308,True,,132,,,-23.49302575,-46.44936625,,,,1,2023-06-17T17:58:57+00:00
SAO_1178-10,São Paulo,3550308,True,,132,,,-23.522693500000003,-46.558447,,,,1,2023-06-17T17:55:32+00:00
SAO_2666-10,São Paulo,3550308,True,,33146,,,-23.498091000000002,-46.4627415,,,,2,2023-06-17T17:59:15+00:00
SAO_2666-10,São Paulo,3550308,True,,33146,,,-23.518412250000004,-46.391846125,,,,2,2023-06-17T17:58:43+00:00
SAO_2666-10,São Paulo,3550308,True,,33146,,,-23.546655,-46.630598,,,,2,2023-06-17T17:58:49+00:00
SAO_2666-10,São Paulo,3550308,True,,33146,,,-23.498171499999998,-46.401257,,,,2,2023-06-17T17:59:10+00:00
SAO_2666-10,São Paulo,3550308,True,,33146,,,-23.518342,-46.391026,,,,2,2023-06-17T17:58:37+00:00
SAO_2666-10,São Paulo,3550308,True,,33146,,,-23.535598125,-46.584652750000004,,,,2,2023-06-17T17:59:12+00:00
SAO_2666-10,São Paulo,3550308,True,,33146,,,-23.514127000000002,-46.5185385,,,,2,2023-06-17T17:58:46+00:00
SAO_2666-10,São Paulo,3550308,True,,33146,,,-23.5185215,-46.387811,,,,2,2023-06-17T17:58:45+00:00
SAO_2666-10,São Paulo,3550308,True,,33146,,,-23.546655,-46.630598,,,,2,2023-06-17T17:58:50+00:00
SAO_2666-10,São Paulo,3550308,True,,33146,,,-23.51798475,-46.3882325,,,,2,2023-06-17T17:58:38+00:00
SAO_6835-31,São Paulo,3550308,True,,1407,,,-23.676651999999997,-46.7756605,,,,1,2023-06-17T17:58:59+00:00
SAO_6835-31,São Paulo,3550308,True,,1407,,,-23.654369000000003,-46.762426500000004,,,,1,2023-06-17T17:58:33+00:00
SAO_2707-10,São Paulo,3550308,True,,919,,,-23.53482375,-46.452111,,,,1,2023-06-17T17:58:49+00:00
SAO_2707-10,São Paulo,3550308,True,,919,,,-23.5432865,-46.4104485,,,,1,2023-06-17T17:57:24+00:00
SAO_2707-10,São Paulo,3550308,True,,919,,,-23.525353,-46.4059125,,,,1,2023-06-17T17:59:07+00:00
SAO_2707-10,São Paulo,3550308,True,,919,,,-23.5390525,-46.4079415,,,,1,2023-06-17T17:59:03+00:00
SAO_677V-10,São Paulo,3550308,True,,32880,,,-23.734155,-46.6945605,,,,2,2023-06-17T17:59:16+00:00
SAO_677V-10,São Paulo,3550308,True,,32880,,,-23.730344000000002,-46.70999075,,,,2,2023-06-17T17:59:11+00:00
SAO_6960-10,São Paulo,3550308,True,,1443,,,-23.674310499999997,-46.7122475,,,,1,2023-06-17T17:59:13+00:00
SAO_6960-10,São Paulo,3550308,True,,1443,,,-23.766952500000002,-46.7161155,,,,1,2023-06-17T17:58:43+00:00
SAO_6960-10,São Paulo,3550308,True,,1443,,,-23.766952500000002,-46.7161155,,,,1,2023-06-17T17:58:53+00:00
SAO_6960-10,São Paulo,3550308,True,,1443,,,-23.766952500000002,-46.7161155,,,,1,2023-06-17T17:59:10+00:00
SAO_6960-10,São Paulo,3550308,True,,1443,,,-23.765073,-46.716688500000004,,,,1,2023-06-17T17:58:46+00:00
SAO_6960-10,São Paulo,3550308,True,,1443,,,-23.731749999999998,-46.6976785,,,,1,2023-06-17T17:59:15+00:00
SAO_6960-10,São Paulo,3550308,True,,1443,,,-23.767961,-46.716508,,,,1,2023-06-17T17:59:13+00:00
SAO_6960-10,São Paulo,3550308,True,,1443,,,-23.71413125,-46.70804875,,,,1,2023-06-17T17:58:39+00:00
SAO_6960-10,São Paulo,3550308,True,,1443,,,-23.76764575,-46.717001249999996,,,,1,2023-06-17T17:58:38+00:00
SAO_6960-10,São Paulo,3550308,True,,1443,,,-23.7671525,-46.716142500000004,,,,1,2023-06-17T17:58:49+00:00
SAO_4008-10,São Paulo,3550308,True,,2182,,,-23.576673,-46.4371055,,,,1,2023-06-17T17:58:49+00:00
SAO_4008-10,São Paulo,3550308,True,,2182,,,-23.57919175,-46.458842000000004,,,,1,2023-06-17T17:58:59+00:00
SAO_4008-10,São Paulo,3550308,True,,2182,,,-23.580059,-46.5022495,,,,1,2023-06-17T17:58:32+00:00
SAO_7040-10,São Paulo,3550308,True,,33544,,,-23.6236665,-46.7280325,,,,2,2023-06-17T17:58:57+00:00
SAO_7040-10,São Paulo,3550308,True,,33544,,,-23.623910000000002,-46.727845,,,,2,2023-06-17T17:59:07+00:00
SAO_7040-10,São Paulo,3550308,True,,33544,,,-23.624064,-46.727723,,,,2,2023-06-17T17:59:12+00:00
SAO_7040-10,São Paulo,3550308,True,,33544,,,-23.623783500000002,-46.727943999999994,,,,2,2023-06-17T17:58:58+00:00
SAO_7040-10,São Paulo,3550308,True,,33544,,,-23.624064,-46.727723,,,,2,2023-06-17T17:59:05+00:00
SAO_7040-10,São Paulo,3550308,True,,33544,,,-23.574119250000003,-46.688941375,,,,2,2023-06-17T17:58:02+00:00
SAO_7040-10,São Paulo,3550308,True,,33544,,,-23.59875075,-46.708562,,,,2,2023-06-17T17:58:28+00:00
SAO_8020-10,São Paulo,3550308,True,,1726,,,-23.5844155,-46.739757499999996,,,,1,2023-06-17T17:58:39+00:00
SAO_8020-10,São Paulo,3550308,True,,1726,,,-23.603258750000002,-46.7121355,,,,1,2023-06-17T17:58:46+00:00
SAO_6913-10,São Paulo,3550308,True,,34233,,,-23.59112175,-46.6726545,,,,2,2023-06-17T17:58:52+00:00
SAO_6913-10,São Paulo,3550308,True,,34233,,,-23.6758155,-46.712479,,,,2,2023-06-17T17:59:09+00:00
SAO_6913-10,São Paulo,3550308,True,,34233,,,-23.765661,-46.7178655,,,,2,2023-06-17T17:59:09+00:00
SAO_6913-10,São Paulo,3550308,True,,34233,,,-23.7669475,-46.7164815,,,,2,2023-06-17T17:58:39+00:00
SAO_6913-10,São Paulo,3550308,True,,34233,,,-23.74478,-46.70714075,,,,2,2023-06-17T17:54:08+00:00
SAO_6913-10,São Paulo,3550308,True,,34233,,,-23.615032,-46.679569,,,,2,2023-06-17T17:59:07+00:00
SAO_6913-10,São Paulo,3550308,True,,34233,,,-23.549266,-46.6401115,,,,2,2023-06-17T17:58:59+00:00
SAO_6913-10,São Paulo,3550308,True,,34233,,,-23.5589985,-46.6541765,,,,2,2023-06-17T17:59:15+00:00
SAO_6913-10,São Paulo,3550308,True,,34233,,,-23.6802825,-46.713233875,,,,2,2023-06-17T17:59:08+00:00
SAO_5022-10,São Paulo,3550308,True,,1120,,,-23.662514125,-46.644206999999994,,,,1,2023-06-17T17:59:11+00:00
SAO_5022-10,São Paulo,3550308,True,,1120,,,-23.672228,-46.638205,,,,1,2023-06-17T17:58:44+00:00
SAO_6045-10,São Paulo,3550308,True,,33990,,,-23.642863249999998,-46.73661775000001,,,,2,2023-06-17T17:59:13+00:00
SAO_6045-10,São Paulo,3550308,True,,33990,,,-23.665974,-46.771114499999996,,,,2,2023-06-17T17:58:37+00:00
SAO_6045-10,São Paulo,3550308,True,,33990,,,-23.685405000000003,-46.7908765,,,,2,2023-06-17T17:58:41+00:00
SAO_6045-10,São Paulo,3550308,True,,33990,,,-23.64856825,-46.70599425,,,,2,2023-06-17T17:58:44+00:00
SAO_6045-10,São Paulo,3550308,True,,33990,,,-23.6871765,-46.80113,,,,2,2023-06-17T17:59:07+00:00
SAO_6045-10,São Paulo,3550308,True,,33990,,,-23.650330500000003,-46.708101,,,,2,2023-06-17T17:59:09+00:00
SAO_6045-10,São Paulo,3550308,True,,33990,,,-23.650240000000004,-46.756395999999995,,,,2,2023-06-17T17:59:00+00:00
SAO_6045-10,São Paulo,3550308,True,,33990,,,-23.6990275,-46.7964265,,,,2,2023-06-17T17:59:09+00:00
SAO_1730-10,São Paulo,3550308,True,,33633,,,-23.51559625,-46.61637925,,,,2,2023-06-17T17:58:48+00:00
SAO_1730-10,São Paulo,3550308,True,,33633,,,-23.514648375,-46.61627775,,,,2,2023-06-17T17:59:13+00:00
SAO_1730-10,São Paulo,3550308,True,,33633,,,-23.515316,-46.6163495,,,,2,2023-06-17T17:59:10+00:00
SAO_1730-10,São Paulo,3550308,True,,33633,,,-23.51559625,-46.61637925,,,,2,2023-06-17T17:59:11+00:00
SAO_1730-10,São Paulo,3550308,True,,33633,,,-23.5141125,-46.625975,,,,2,2023-06-17T17:58:31+00:00
SAO_675G-10,São Paulo,3550308,True,,32874,,,-23.7563975,-46.6678165,,,,2,2023-06-17T17:58:52+00:00
SAO_675G-10,São Paulo,3550308,True,,32874,,,-23.64649975,-46.64515875,,,,2,2023-06-17T17:58:46+00:00
SAO_675G-10,São Paulo,3550308,True,,32874,,,-23.6667985,-46.677833500000006,,,,2,2023-06-17T17:58:34+00:00
SAO_675G-10,São Paulo,3550308,True,,32874,,,-23.743226,-46.669959500000004,,,,2,2023-06-17T17:59:04+00:00
SAO_675G-10,São Paulo,3550308,True,,32874,,,-23.743226,-46.669959500000004,,,,2,2023-06-17T17:59:08+00:00
SAO_675G-10,São Paulo,3550308,True,,32874,,,-23.6468255,-46.6391905,,,,2,2023-06-17T17:58:48+00:00
SAO_807M-10,São Paulo,3550308,True,,1916,,,-23.617910000000002,-46.750499500000004,,,,1,2023-06-17T17:58:51+00:00
SAO_807M-10,São Paulo,3550308,True,,1916,,,-23.6065585,-46.708417999999995,,,,1,2023-06-17T17:59:13+00:00
SAO_807M-10,São Paulo,3550308,True,,1916,,,-23.615018499999998,-46.7338955,,,,1,2023-06-17T17:58:37+00:00
SAO_807M-10,São Paulo,3550308,True,,1916,,,-23.626072999999998,-46.765776,,,,1,2023-06-17T17:58:40+00:00
SAO_807M-10,São Paulo,3550308,True,,1916,,,-23.631579000000002,-46.772447,,,,1,2023-06-17T17:58:41+00:00
SAO_273X-10,São Paulo,3550308,True,,33160,,,-23.4979315,-46.459634,,,,2,2023-06-17T17:59:03+00:00
SAO_273X-10,São Paulo,3550308,True,,33160,,,-23.497997624999996,-46.376735124999996,,,,2,2023-06-17T17:59:01+00:00
SAO_273X-10,São Paulo,3550308,True,,33160,,,-23.53815425,-46.47790475,,,,2,2023-06-17T17:56:31+00:00
SAO_273X-10,São Paulo,3550308,True,,33160,,,-23.492202499999998,-46.380666500000004,,,,2,2023-06-17T17:58:58+00:00
SAO_273X-10,São Paulo,3550308,True,,33160,,,-23.497997624999996,-46.376735124999996,,,,2,2023-06-17T17:59:12+00:00
SAO_273X-10,São Paulo,3550308,True,,33160,,,-23.4922375,-46.379825499999995,,,,2,2023-06-17T17:58:59+00:00
SAO_273X-10,São Paulo,3550308,True,,33160,,,-23.521725375,-46.4754291875,,,,2,2023-06-17T17:58:56+00:00
SAO_273X-10,São Paulo,3550308,True,,33160,,,-23.493997,-46.4163525,,,,2,2023-06-17T17:58:42+00:00
SAO_273X-10,São Paulo,3550308,True,,33160,,,-23.492062249999996,-46.444908999999996,,,,2,2023-06-17T17:59:09+00:00
SAO_1788-10,São Paulo,3550308,True,,653,,,-23.472721,-46.6074105,,,,1,2023-06-17T17:58:50+00:00
SAO_1788-10,São Paulo,3550308,True,,653,,,-23.456357750000002,-46.591373000000004,,,,1,2023-06-17T17:58:35+00:00
SAO_1788-10,São Paulo,3550308,True,,653,,,-23.4310905,-46.572236000000004,,,,1,2023-06-17T17:58:37+00:00
SAO_2290-10,São Paulo,3550308,True,,33486,,,-23.5369035,-46.590994,,,,2,2023-06-17T17:58:45+00:00
SAO_2290-10,São Paulo,3550308,True,,33486,,,-23.547039,-46.540972374999996,,,,2,2023-06-17T17:59:06+00:00
SAO_2290-10,São Paulo,3550308,True,,33486,,,-23.613355,-46.476290500000005,,,,2,2023-06-17T17:58:35+00:00
SAO_2290-10,São Paulo,3550308,True,,33486,,,-23.612541,-46.4761165,,,,2,2023-06-17T17:59:10+00:00
SAO_2290-10,São Paulo,3550308,True,,33486,,,-23.5829775,-46.4962375,,,,2,2023-06-17T17:59:08+00:00
SAO_2290-10,São Paulo,3550308,True,,33486,,,-23.582850999999998,-46.4964795,,,,2,2023-06-17T17:58:44+00:00
SAO_2290-10,São Paulo,3550308,True,,33486,,,-23.538731,-46.6048935,,,,2,2023-06-17T17:59:18+00:00
SAO_2290-10,São Paulo,3550308,True,,33486,,,-23.535034250000002,-46.5596185,,,,2,2023-06-17T17:58:53+00:00
SAO_2290-10,São Paulo,3550308,True,,33486,,,-23.6131485,-46.4762315,,,,2,2023-06-17T17:58:43+00:00
SAO_2290-10,São Paulo,3550308,True,,33486,,,-23.613456,-46.476318500000005,,,,2,2023-06-17T17:58:57+00:00
SAO_2290-10,São Paulo,3550308,True,,33486,,,-23.548418749999996,-46.53788350000001,,,,2,2023-06-17T17:58:39+00:00
SAO_2290-10,São Paulo,3550308,True,,33486,,,-23.612947,-46.476177500000006,,,,2,2023-06-17T17:58:44+00:00
SAO_2290-10,São Paulo,3550308,True,,33486,,,-23.60136275,-46.483574250000004,,,,2,2023-06-17T17:59:01+00:00
SAO_1788-10,São Paulo,3550308,True,,33421,,,-23.502733499999998,-46.623853,,,,2,2023-06-17T17:58:56+00:00
SAO_1788-10,São Paulo,3550308,True,,33421,,,-23.433918,-46.578261,,,,2,2023-06-17T17:58:34+00:00
SAO_1788-10,São Paulo,3550308,True,,33421,,,-23.46223225,-46.60303975,,,,2,2023-06-17T17:59:06+00:00
SAO_2088-10,São Paulo,3550308,True,,33140,,,-23.518565000000002,-46.475817500000005,,,,2,2023-06-17T17:58:34+00:00
SAO_2088-10,São Paulo,3550308,True,,33140,,,-23.4883005,-46.3847875,,,,2,2023-06-17T17:58:50+00:00
SAO_2088-10,São Paulo,3550308,True,,33140,,,-23.504168999999997,-46.379309,,,,2,2023-06-17T17:58:34+00:00
SAO_407J-10,São Paulo,3550308,True,,2198,,,-23.541351,-46.55537425,,,,1,2023-06-17T17:58:44+00:00
SAO_407J-10,São Paulo,3550308,True,,2198,,,-23.541215,-46.5774215,,,,1,2023-06-17T17:58:52+00:00
SAO_407J-10,São Paulo,3550308,True,,2198,,,-23.534982499999998,-46.428518499999996,,,,1,2023-06-17T17:59:09+00:00
SAO_407J-10,São Paulo,3550308,True,,2198,,,-23.5693245,-46.47815,,,,1,2023-06-17T17:59:14+00:00
SAO_407J-10,São Paulo,3550308,True,,2198,,,-23.5347285,-46.4537885,,,,1,2023-06-17T17:59:13+00:00
SAO_407J-10,São Paulo,3550308,True,,2198,,,-23.553662,-46.403915,,,,1,2023-06-17T17:59:08+00:00
SAO_407J-10,São Paulo,3550308,True,,2198,,,-23.5626435,-46.515698,,,,1,2023-06-17T17:58:43+00:00
SAO_407J-10,São Paulo,3550308,True,,2198,,,-23.545092,-46.573637500000004,,,,1,2023-06-17T17:58:57+00:00
SAO_407J-10,São Paulo,3550308,True,,2198,,,-23.553662,-46.403915,,,,1,2023-06-17T17:58:33+00:00
SAO_407J-10,São Paulo,3550308,True,,2198,,,-23.57958775,-46.48392174999999,,,,1,2023-06-17T17:58:36+00:00
SAO_3001-10,São Paulo,3550308,True,,34418,,,-23.509563749999998,-46.38600675,,,,2,2023-06-17T17:57:31+00:00
SAO_3001-10,São Paulo,3550308,True,,34418,,,-23.49527875,-46.431802250000004,,,,2,2023-06-17T17:58:45+00:00
SAO_3001-10,São Paulo,3550308,True,,34418,,,-23.491646000000003,-46.434507499999995,,,,2,2023-06-17T17:58:32+00:00
SAO_209P-1,São Paulo,3550308,True,,2301,,,-23.5229265,-46.66457275,,,,1,2023-06-17T17:58:58+00:00
SAO_209P-1,São Paulo,3550308,True,,2301,,,-23.5029975,-46.687920000000005,,,,1,2023-06-17T17:59:11+00:00
SAO_209P-1,São Paulo,3550308,True,,2301,,,-23.46998575,-46.670573000000005,,,,1,2023-06-17T17:58:41+00:00
SAO_209P-1,São Paulo,3550308,True,,2301,,,-23.560813625,-46.686966375,,,,1,2023-06-17T17:58:38+00:00
SAO_209P-1,São Paulo,3550308,True,,2301,,,-23.470886,-46.670557,,,,1,2023-06-17T17:59:14+00:00
SAO_6110-10,São Paulo,3550308,True,,1184,,,-23.689155,-46.697402499999995,,,,1,2023-06-17T17:59:11+00:00
SAO_6110-10,São Paulo,3550308,True,,1184,,,-23.757465,-46.7053555,,,,1,2023-06-17T17:58:47+00:00
SAO_6110-10,São Paulo,3550308,True,,1184,,,-23.7193395,-46.698786,,,,1,2023-06-17T17:59:03+00:00
SAO_6110-10,São Paulo,3550308,True,,1184,,,-23.742089,-46.7067665,,,,1,2023-06-17T17:58:40+00:00
SAO_475M-10,São Paulo,3550308,True,EMTU,343,https://moovitapp.com/index/pt-br/transporte_p%C3%BAblico-line-343-Sao_Paulo-242-2038937-36419427-0,5.15,-23.571779749999997,-46.64357325,,,,1,2023-06-17T17:59:09+00:00
SAO_475M-10,São Paulo,3550308,True,EMTU,343,https://moovitapp.com/index/pt-br/transporte_p%C3%BAblico-line-343-Sao_Paulo-242-2038937-36419427-0,5.15,-23.60304225,-46.61479775,,,,1,2023-06-17T17:58:38+00:00
SAO_875A-10,São Paulo,3550308,True,,609,,,-23.539435,-46.647825,,,,1,2023-06-17T17:59:10+00:00
SAO_875A-10,São Paulo,3550308,True,,609,,,-23.627972999999997,-46.64439625,,,,1,2023-06-17T17:59:09+00:00
SAO_875A-10,São Paulo,3550308,True,,609,,,-23.53743275,-46.67880050000001,,,,1,2023-06-17T17:58:52+00:00
SAO_875A-10,São Paulo,3550308,True,,609,,,-23.61856425,-46.651517875,,,,1,2023-06-17T17:59:15+00:00
SAO_875A-10,São Paulo,3550308,True,,609,,,-23.591474499999997,-46.6357215,,,,1,2023-06-17T17:59:12+00:00
SAO_5632-10,São Paulo,3550308,True,,81,,,-23.6032305,-46.661763875,,,,1,2023-06-17T17:59:17+00:00
SAO_5632-10,São Paulo,3550308,True,,81,,,-23.7375215,-46.709300999999996,,,,1,2023-06-17T17:59:08+00:00
SAO_5632-10,São Paulo,3550308,True,,81,,,-23.718445000000003,-46.698815499999995,,,,1,2023-06-17T17:59:17+00:00
SAO_5632-10,São Paulo,3550308,True,,81,,,-23.7375215,-46.709300999999996,,,,1,2023-06-17T17:59:13+00:00
SAO_5632-10,São Paulo,3550308,True,,81,,,-23.663378,-46.707454999999996,,,,1,2023-06-17T17:59:00+00:00
SAO_5632-10,São Paulo,3550308,True,,81,,,-23.7375215,-46.709300999999996,,,,1,2023-06-17T17:59:01+00:00
SAO_695T-10,São Paulo,3550308,True,,34090,,,-23.6546255,-46.761425,,,,2,2023-06-17T17:58:57+00:00
SAO_695T-10,São Paulo,3550308,True,,34090,,,-23.59914325,-46.63838525,,,,2,2023-06-17T17:58:44+00:00
SAO_695T-10,São Paulo,3550308,True,,34090,,,-23.6540245,-46.762589000000006,,,,2,2023-06-17T17:58:36+00:00
SAO_695T-10,São Paulo,3550308,True,,34090,,,-23.654660999999997,-46.7609705,,,,2,2023-06-17T17:58:56+00:00
SAO_695T-10,São Paulo,3550308,True,,34090,,,-23.64300925,-46.7002665,,,,2,2023-06-17T17:59:12+00:00
SAO_4210-10,São Paulo,3550308,True,,34938,,,-23.5469065,-46.623822125000004,,,,2,2023-06-17T17:59:05+00:00
SAO_4210-10,São Paulo,3550308,True,,34938,,,-23.583026,-46.408417,,,,2,2023-06-17T17:59:04+00:00
SAO_4210-10,São Paulo,3550308,True,,34938,,,-23.541336,-46.539277,,,,2,2023-06-17T17:59:01+00:00
SAO_4210-10,São Paulo,3550308,True,,34938,,,-23.583026,-46.408417,,,,2,2023-06-17T17:59:01+00:00
SAO_4210-10,São Paulo,3550308,True,,34938,,,-23.533744,-46.565806,,,,2,2023-06-17T17:58:07+00:00
SAO_4210-10,São Paulo,3550308,True,,34938,,,-23.535033,-46.578162000000006,,,,2,2023-06-17T17:59:08+00:00
SAO_4210-10,São Paulo,3550308,True,,34938,,,-23.583026,-46.408417,,,,2,2023-06-17T17:58:50+00:00
SAO_4210-10,São Paulo,3550308,True,,34938,,,-23.583026,-46.408417,,,,2,2023-06-17T17:58:44+00:00
SAO_4210-10,São Paulo,3550308,True,,34938,,,-23.583026,-46.408417,,,,2,2023-06-17T17:59:07+00:00
SAO_4210-10,São Paulo,3550308,True,,34938,,,-23.594773,-46.4452475,,,,2,2023-06-17T17:59:14+00:00
SAO_2734-10,São Paulo,3550308,True,,1760,,,-23.513431500000003,-46.433152,,,,1,2023-06-17T17:56:48+00:00
SAO_2734-10,São Paulo,3550308,True,,1760,,,-23.512009,-46.40866,,,,1,2023-06-17T17:59:13+00:00
SAO_2734-10,São Paulo,3550308,True,,1760,,,-23.512009,-46.40866,,,,1,2023-06-17T17:58:36+00:00
SAO_2734-10,São Paulo,3550308,True,,1760,,,-23.510592000000003,-46.42127175,,,,1,2023-06-17T17:59:11+00:00
SAO_2734-10,São Paulo,3550308,True,,1760,,,-23.5398675,-46.47278,,,,1,2023-06-17T17:58:47+00:00
SAO_2006-10,São Paulo,3550308,True,,33663,,,-23.4934865,-46.389315499999995,,,,2,2023-06-17T17:59:08+00:00
SAO_2006-10,São Paulo,3550308,True,,33663,,,-23.48935125,-46.38078975,,,,2,2023-06-17T17:58:51+00:00
SAO_2006-10,São Paulo,3550308,True,,33663,,,-23.4976325,-46.395881,,,,2,2023-06-17T17:57:28+00:00
SAO_2006-10,São Paulo,3550308,True,,33663,,,-23.495845,-46.371767500000004,,,,2,2023-06-17T17:58:42+00:00
SAO_7051-10,São Paulo,3550308,True,,1885,,,-23.652745,-46.785092,,,,1,2023-06-17T17:58:35+00:00
SAO_7051-10,São Paulo,3550308,True,,1885,,,-23.655096,-46.7838845,,,,1,2023-06-17T17:59:02+00:00
SAO_7051-10,São Paulo,3550308,True,,1885,,,-23.655096,-46.7838845,,,,1,2023-06-17T17:58:42+00:00
SAO_7051-10,São Paulo,3550308,True,,1885,,,-23.652041,-46.7788175,,,,1,2023-06-17T17:59:14+00:00
SAO_425E-10,São Paulo,3550308,True,,34404,,,-23.610245499999998,-46.4856875,,,,2,2023-06-17T17:58:35+00:00
SAO_748R-10,São Paulo,3550308,True,EMTU,501,https://moovitapp.com/index/pt-br/transporte_p%C3%BAblico-line-501-Sao_Paulo-242-2038937-36419526-0,7.55,-23.5631055,-46.747722499999995,,,,1,2023-06-17T17:58:53+00:00
SAO_748R-10,São Paulo,3550308,True,EMTU,501,https://moovitapp.com/index/pt-br/transporte_p%C3%BAblico-line-501-Sao_Paulo-242-2038937-36419526-0,7.55,-23.591109,-46.7736625,,,,1,2023-06-17T17:59:07+00:00
SAO_748R-10,São Paulo,3550308,True,EMTU,501,https://moovitapp.com/index/pt-br/transporte_p%C3%BAblico-line-501-Sao_Paulo-242-2038937-36419526-0,7.55,-23.5510456875,-46.740044062500004,,,,1,2023-06-17T17:59:03+00:00
SAO_748R-10,São Paulo,3550308,True,EMTU,501,https://moovitapp.com/index/pt-br/transporte_p%C3%BAblico-line-501-Sao_Paulo-242-2038937-36419526-0,7.55,-23.540564,-46.714097499999994,,,,1,2023-06-17T17:58:54+00:00
SAO_2123-10,São Paulo,3550308,True,,33460,,,-23.4886805,-46.582163,,,,2,2023-06-17T17:59:14+00:00
SAO_2123-10,São Paulo,3550308,True,,33460,,,-23.5466925,-46.623303625000005,,,,2,2023-06-17T17:59:00+00:00
SAO_2123-10,São Paulo,3550308,True,,33460,,,-23.4884535,-46.582411,,,,2,2023-06-17T17:58:35+00:00
SAO_2123-10,São Paulo,3550308,True,,33460,,,-23.529330124999998,-46.614175125,,,,2,2023-06-17T17:57:54+00:00
SAO_778R-10,São Paulo,3550308,True,,33277,,,-23.5692045,-46.687413500000005,,,,2,2023-06-17T17:58:36+00:00
SAO_778R-10,São Paulo,3550308,True,,33277,,,-23.584824249999997,-46.744031625000005,,,,2,2023-06-17T17:59:17+00:00
SAO_778R-10,São Paulo,3550308,True,,33277,,,-23.585484,-46.805596,,,,2,2023-06-17T17:58:48+00:00
SAO_778R-10,São Paulo,3550308,True,,33277,,,-23.535274125,-46.64826074999999,,,,2,2023-06-17T17:59:07+00:00
SAO_1023-10,São Paulo,3550308,True,,35327,,,-23.4768735,-46.742759,,,,2,2023-06-17T17:58:55+00:00
SAO_709A-10,São Paulo,3550308,True,,2092,,,-23.6132095,-46.696375,,,,1,2023-06-17T17:59:15+00:00
SAO_709A-10,São Paulo,3550308,True,,2092,,,-23.589175,-46.6763045,,,,1,2023-06-17T17:58:42+00:00
SAO_709A-10,São Paulo,3550308,True,,2092,,,-23.6132095,-46.696375,,,,1,2023-06-17T17:59:14+00:00
SAO_7053-22,São Paulo,3550308,True,,1896,,,-23.642704000000002,-46.786391249999994,,,,1,2023-06-17T17:59:07+00:00
SAO_7053-22,São Paulo,3550308,True,,1896,,,-23.640779000000002,-46.7825665,,,,1,2023-06-17T17:58:43+00:00
SAO_7053-22,São Paulo,3550308,True,,1896,,,-23.640779000000002,-46.7825665,,,,1,2023-06-17T17:58:53+00:00
SAO_7053-22,São Paulo,3550308,True,,1896,,,-23.631153500000003,-46.7733425,,,,1,2023-06-17T17:59:07+00:00
SAO_7053-22,São Paulo,3550308,True,,1896,,,-23.642704000000002,-46.786391249999994,,,,1,2023-06-17T17:58:41+00:00
SAO_5752-10,São Paulo,3550308,True,,1287,,,-23.636491,-46.6411605,,,,1,2023-06-17T17:58:42+00:00
SAO_5752-10,São Paulo,3550308,True,,1287,,,-23.6667235,-46.6677805,,,,1,2023-06-17T17:58:37+00:00
SAO_5752-10,São Paulo,3550308,True,,1287,,,-23.675023,-46.6614665,,,,1,2023-06-17T17:58:52+00:00
SAO_5752-10,São Paulo,3550308,True,,1287,,,-23.6887665,-46.6485045,,,,1,2023-06-17T17:58:40+00:00
SAO_5752-10,São Paulo,3550308,True,,1287,,,-23.6908765,-46.650728,,,,1,2023-06-17T17:58:33+00:00
SAO_677Y-10,São Paulo,3550308,True,,34008,,,-23.683731,-46.789654999999996,,,,2,2023-06-17T17:59:04+00:00
SAO_677Y-10,São Paulo,3550308,True,,34008,,,-23.683731,-46.789654999999996,,,,2,2023-06-17T17:59:15+00:00
SAO_677Y-10,São Paulo,3550308,True,,34008,,,-23.679377,-46.795765,,,,2,2023-06-17T17:59:03+00:00
SAO_677Y-10,São Paulo,3550308,True,,34008,,,-23.6550665,-46.7610545,,,,2,2023-06-17T17:59:06+00:00
SAO_677Y-10,São Paulo,3550308,True,,34008,,,-23.68357,-46.7894015,,,,2,2023-06-17T17:59:16+00:00
SAO_8605-10,São Paulo,3550308,True,,1917,,,-23.5512085,-46.6456885,,,,1,2023-06-17T17:59:08+00:00
SAO_8605-10,São Paulo,3550308,True,,1917,,,-23.590868,-46.7305185,,,,1,2023-06-17T17:59:05+00:00
SAO_3008-10,São Paulo,3550308,True,,35283,,,-23.52351625,-46.39590125,,,,2,2023-06-17T17:58:54+00:00
SAO_3008-10,São Paulo,3550308,True,,35283,,,-23.498953,-46.40014,,,,2,2023-06-17T17:58:03+00:00
SAO_3008-10,São Paulo,3550308,True,,35283,,,-23.52351625,-46.39590125,,,,2,2023-06-17T17:59:08+00:00
SAO_3008-10,São Paulo,3550308,True,,35283,,,-23.52351625,-46.39590125,,,,2,2023-06-17T17:58:55+00:00
SAO_1016-10,São Paulo,3550308,True,,33599,,,-23.513872,-46.6160225,,,,2,2023-06-17T17:58:33+00:00
SAO_1016-10,São Paulo,3550308,True,,33599,,,-23.513872,-46.6160225,,,,2,2023-06-17T17:58:53+00:00
SAO_1016-10,São Paulo,3550308,True,,33599,,,-23.4467415,-46.611489000000006,,,,2,2023-06-17T17:58:48+00:00
SAO_1016-10,São Paulo,3550308,True,,33599,,,-23.486895,-46.608577499999996,,,,2,2023-06-17T17:58:56+00:00
SAO_1016-10,São Paulo,3550308,True,,33599,,,-23.51205925,-46.61582812500001,,,,2,2023-06-17T17:58:59+00:00
SAO_1016-10,São Paulo,3550308,True,,33599,,,-23.4583385,-46.6024095,,,,2,2023-06-17T17:58:18+00:00
SAO_1016-10,São Paulo,3550308,True,,33599,,,-23.513872,-46.6160225,,,,2,2023-06-17T17:59:04+00:00
SAO_1016-10,São Paulo,3550308,True,,33599,,,-23.513872,-46.6160225,,,,2,2023-06-17T17:58:52+00:00
SAO_2730-10,São Paulo,3550308,True,Urubupungá,945,https://moovitapp.com/index/pt-br/transporte_p%C3%BAblico-line-945-Sao_Paulo-242-873835-75841138-0,4.6,-23.533288,-46.47363,,,,1,2023-06-17T17:58:32+00:00
SAO_2730-10,São Paulo,3550308,True,Urubupungá,945,https://moovitapp.com/index/pt-br/transporte_p%C3%BAblico-line-945-Sao_Paulo-242-873835-75841138-0,4.6,-23.519312499999998,-46.4715595,,,,1,2023-06-17T17:58:49+00:00
SAO_2730-10,São Paulo,3550308,True,Urubupungá,945,https://moovitapp.com/index/pt-br/transporte_p%C3%BAblico-line-945-Sao_Paulo-242-873835-75841138-0,4.6,-23.5062605,-46.457139999999995,,,,1,2023-06-17T17:58:42+00:00
SAO_2730-10,São Paulo,3550308,True,Urubupungá,945,https://moovitapp.com/index/pt-br/transporte_p%C3%BAblico-line-945-Sao_Paulo-242-873835-75841138-0,4.6,-23.509246750000003,-46.446446,,,,1,2023-06-17T17:59:07+00:00
SAO_7903-10,São Paulo,3550308,True,,512,,,-23.569701000000002,-46.68799425,,,,1,2023-06-17T17:58:43+00:00
SAO_7903-10,São Paulo,3550308,True,,512,,,-23.601868250000003,-46.78341825,,,,1,2023-06-17T17:59:16+00:00
SAO_7903-10,São Paulo,3550308,True,,512,,,-23.583783,-46.778802,,,,1,2023-06-17T17:58:49+00:00
SAO_4005-10,São Paulo,3550308,True,,34947,,,-23.58888925,-46.394664,,,,2,2023-06-17T17:58:44+00:00
SAO_4005-10,São Paulo,3550308,True,,34947,,,-23.589074375000003,-46.396154875,,,,2,2023-06-17T17:59:09+00:00
SAO_4005-10,São Paulo,3550308,True,,34947,,,-23.5833245,-46.4079025,,,,2,2023-06-17T17:59:02+00:00
SAO_6063-41,São Paulo,3550308,True,,1773,,,-23.767591,-46.7163045,,,,1,2023-06-17T17:59:16+00:00
SAO_407P-10,São Paulo,3550308,True,,34968,,,-23.541269,-46.5768465,,,,2,2023-06-17T17:59:13+00:00
SAO_407P-10,São Paulo,3550308,True,,34968,,,-23.5831585,-46.407859,,,,2,2023-06-17T17:58:50+00:00
SAO_407P-10,São Paulo,3550308,True,,34968,,,-23.5830695,-46.408172,,,,2,2023-06-17T17:58:48+00:00
SAO_407P-10,São Paulo,3550308,True,,34968,,,-23.541129750000003,-46.41910375,,,,2,2023-06-17T17:58:56+00:00
SAO_407P-10,São Paulo,3550308,True,,34968,,,-23.583131,-46.4090595,,,,2,2023-06-17T17:59:14+00:00
SAO_407P-10,São Paulo,3550308,True,,34968,,,-23.5594945,-46.4119435,,,,2,2023-06-17T17:59:10+00:00
SAO_407P-10,São Paulo,3550308,True,,34968,,,-23.541269,-46.5768465,,,,2,2023-06-17T17:59:13+00:00
SAO_407P-10,São Paulo,3550308,True,,34968,,,-23.53159675,-46.52138024999999,,,,2,2023-06-17T17:58:45+00:00
SAO_5175-10,São Paulo,3550308,True,,593,,,-23.5725515,-46.65410525,,,,1,2023-06-17T17:58:59+00:00
SAO_5175-10,São Paulo,3550308,True,,593,,,-23.6830435,-46.644234499999996,,,,1,2023-06-17T17:56:53+00:00
SAO_5175-10,São Paulo,3550308,True,,593,,,-23.671075000000002,-46.668807,,,,1,2023-06-17T17:58:54+00:00
SAO_5175-10,São Paulo,3550308,True,,593,,,-23.702821,-46.6472885,,,,1,2023-06-17T17:58:50+00:00
SAO_5175-10,São Paulo,3550308,True,,593,,,-23.628245,-46.6623575,,,,1,2023-06-17T17:59:05+00:00
SAO_5119-10,São Paulo,3550308,True,,32769,,,-23.6547725,-46.760792499999994,,,,2,2023-06-17T17:58:32+00:00
SAO_5119-10,São Paulo,3550308,True,,32769,,,-23.63488975,-46.7370035,,,,2,2023-06-17T17:59:18+00:00
SAO_5119-10,São Paulo,3550308,True,,32769,,,-23.551664000000002,-46.6372965,,,,2,2023-06-17T17:59:03+00:00
SAO_5119-10,São Paulo,3550308,True,,32769,,,-23.5739305,-46.655609,,,,2,2023-06-17T17:58:34+00:00
SAO_5119-10,São Paulo,3550308,True,,32769,,,-23.5839185,-46.682648,,,,2,2023-06-17T17:58:58+00:00
SAO_5119-10,São Paulo,3550308,True,,32769,,,-23.642516,-46.7384915,,,,2,2023-06-17T17:59:00+00:00
SAO_8528-10,São Paulo,3550308,True,,575,,,-23.461451,-46.689819,,,,1,2023-06-17T17:58:55+00:00
SAO_8528-10,São Paulo,3550308,True,,575,,,-23.498753999999998,-46.696639250000004,,,,1,2023-06-17T17:58:42+00:00
SAO_8528-10,São Paulo,3550308,True,,575,,,-23.46088275,-46.6941725,,,,1,2023-06-17T17:59:14+00:00
SAO_8528-10,São Paulo,3550308,True,,575,,,-23.52253925,-46.660652999999996,,,,1,2023-06-17T17:59:04+00:00
SAO_6451-10,São Paulo,3550308,True,,32829,,,-23.5568825,-46.6515995,,,,2,2023-06-17T17:58:57+00:00
SAO_6451-10,São Paulo,3550308,True,,32829,,,-23.6303515,-46.717298,,,,2,2023-06-17T17:59:06+00:00
SAO_6451-10,São Paulo,3550308,True,,32829,,,-23.654501,-46.76131049999999,,,,2,2023-06-17T17:59:08+00:00
SAO_6451-10,São Paulo,3550308,True,,32829,,,-23.6546575,-46.761719,,,,2,2023-06-17T17:58:43+00:00
SAO_6451-10,São Paulo,3550308,True,,32829,,,-23.654127000000003,-46.762448000000006,,,,2,2023-06-17T17:59:12+00:00
SAO_6451-10,São Paulo,3550308,True,,32829,,,-23.580458,-46.680413,,,,2,2023-06-17T17:58:36+00:00
SAO_6451-10,São Paulo,3550308,True,,32829,,,-23.654660999999997,-46.7609705,,,,2,2023-06-17T17:59:10+00:00
SAO_778J-41,São Paulo,3550308,True,,34254,,,-23.5856145,-46.8057505,,,,2,2023-06-17T17:59:04+00:00
SAO_778J-41,São Paulo,3550308,True,,34254,,,-23.5829375,-46.7722435,,,,2,2023-06-17T17:58:55+00:00
SAO_2721-10,São Paulo,3550308,True,,33702,,,-23.523739,-46.406469,,,,2,2023-06-17T17:58:42+00:00
SAO_2721-10,São Paulo,3550308,True,,33702,,,-23.52011275,-46.408684750000006,,,,2,2023-06-17T17:58:53+00:00
SAO_2721-10,São Paulo,3550308,True,,33702,,,-23.495266,-46.432126,,,,2,2023-06-17T17:58:35+00:00
SAO_2721-10,São Paulo,3550308,True,,33702,,,-23.5298835,-46.452235625,,,,2,2023-06-17T17:59:17+00:00
SAO_2721-10,São Paulo,3550308,True,,33702,,,-23.494659499999997,-46.413801500000005,,,,2,2023-06-17T17:58:43+00:00
SAO_7063-10,São Paulo,3550308,True,,1899,,,-23.647163499999998,-46.779050999999995,,,,1,2023-06-17T17:58:41+00:00
SAO_7063-10,São Paulo,3550308,True,,1899,,,-23.6316405,-46.772316,,,,1,2023-06-17T17:58:33+00:00
SAO_7063-10,São Paulo,3550308,True,,1899,,,-23.651991000000002,-46.789846499999996,,,,1,2023-06-17T17:58:44+00:00
SAO_7063-10,São Paulo,3550308,True,,1899,,,-23.651991000000002,-46.789846499999996,,,,1,2023-06-17T17:58:59+00:00
SAO_7063-10,São Paulo,3550308,True,,1899,,,-23.651991000000002,-46.789846499999996,,,,1,2023-06-17T17:58:51+00:00
SAO_7063-10,São Paulo,3550308,True,,1899,,,-23.651991000000002,-46.789846499999996,,,,1,2023-06-17T17:59:14+00:00
SAO_6010-10,São Paulo,3550308,True,,1202,,,-23.6607035,-46.7779355,,,,1,2023-06-17T17:58:57+00:00
SAO_6010-10,São Paulo,3550308,True,,1202,,,-23.662126,-46.7494965,,,,1,2023-06-17T17:58:49+00:00
SAO_6010-10,São Paulo,3550308,False,,1202,,,-23.693805,-46.7944445,,,,1,2023-06-17T17:57:45+00:00
SAO_6010-10,São Paulo,3550308,True,,1202,,,-23.670895,-46.75936299999999,,,,1,2023-06-17T17:58:47+00:00
SAO_6010-10,São Paulo,3550308,True,,1202,,,-23.672202,-46.787373,,,,1,2023-06-17T17:58:57+00:00
SAO_1758-10,São Paulo,3550308,True,,33320,,,-23.4954985,-46.6276555,,,,2,2023-06-17T17:58:43+00:00
SAO_1758-10,São Paulo,3550308,True,,33320,,,-23.454469,-46.6620805,,,,2,2023-06-17T17:58:47+00:00
SAO_1758-10,São Paulo,3550308,True,,33320,,,-23.454469,-46.6620805,,,,2,2023-06-17T17:58:44+00:00
SAO_1758-10,São Paulo,3550308,True,,33320,,,-23.4540025,-46.6616765,,,,2,2023-06-17T17:59:15+00:00
SAO_1758-10,São Paulo,3550308,True,,33320,,,-23.464035125000002,-46.654045625,,,,2,2023-06-17T17:58:56+00:00
SAO_311C-10,São Paulo,3550308,True,EMTU,309,https://moovitapp.com/index/pt-br/transporte_p%C3%BAblico-line-309-Sao_Paulo-242-2038937-36419401-0,7.5,-23.529207375,-46.638867375000004,,,,1,2023-06-17T17:59:08+00:00
SAO_311C-10,São Paulo,3550308,True,EMTU,309,https://moovitapp.com/index/pt-br/transporte_p%C3%BAblico-line-309-Sao_Paulo-242-2038937-36419401-0,7.5,-23.552172499999998,-46.5998195,,,,1,2023-06-17T17:59:09+00:00
SAO_311C-10,São Paulo,3550308,True,EMTU,309,https://moovitapp.com/index/pt-br/transporte_p%C3%BAblico-line-309-Sao_Paulo-242-2038937-36419401-0,7.5,-23.591703,-46.548860250000004,,,,1,2023-06-17T17:58:37+00:00
SAO_1896-10,São Paulo,3550308,True,,2520,,,-23.4444145,-46.7533035,,,,1,2023-06-17T17:58:44+00:00
SAO_1896-10,São Paulo,3550308,True,,2520,,,-23.523029,-46.717975499999994,,,,1,2023-06-17T17:58:54+00:00
SAO_1896-10,São Paulo,3550308,True,,2520,,,-23.454359500000002,-46.7555115,,,,1,2023-06-17T17:59:09+00:00
SAO_6017-10,São Paulo,3550308,True,,33974,,,-23.665769,-46.7133115,,,,2,2023-06-17T17:58:48+00:00
SAO_6017-10,São Paulo,3550308,True,,33974,,,-23.684307500000003,-46.770112749999996,,,,2,2023-06-17T17:58:56+00:00
SAO_6017-10,São Paulo,3550308,True,,33974,,,-23.696901,-46.761,,,,2,2023-06-17T17:59:06+00:00
SAO_971T-10,São Paulo,3550308,True,,33386,,,-23.493633000000003,-46.6745315,,,,2,2023-06-17T17:58:36+00:00
SAO_971T-10,São Paulo,3550308,True,,33386,,,-23.490892,-46.642143000000004,,,,2,2023-06-17T17:58:59+00:00
SAO_971T-10,São Paulo,3550308,True,,33386,,,-23.493746,-46.674699000000004,,,,2,2023-06-17T17:58:31+00:00
SAO_9020-10,São Paulo,3550308,True,,34202,,,-23.468928499999997,-46.7213345,,,,2,2023-06-17T17:58:57+00:00
SAO_9020-10,São Paulo,3550308,True,,34202,,,-23.4744765,-46.717892000000006,,,,2,2023-06-17T17:58:59+00:00
SAO_9020-10,São Paulo,3550308,True,,34202,,,-23.4863175,-46.72653,,,,2,2023-06-17T17:58:49+00:00
SAO_8199-10,São Paulo,3550308,True,EMTU,807,https://moovitapp.com/index/pt-br/transporte_p%C3%BAblico-line-807-Sao_Paulo-242-2038937-36419583-0,7.8,-23.469164499999998,-46.751718,,,,1,2023-06-17T17:58:41+00:00
SAO_8199-10,São Paulo,3550308,True,EMTU,807,https://moovitapp.com/index/pt-br/transporte_p%C3%BAblico-line-807-Sao_Paulo-242-2038937-36419583-0,7.8,-23.4690875,-46.750939,,,,1,2023-06-17T17:58:41+00:00
SAO_8199-10,São Paulo,3550308,True,EMTU,807,https://moovitapp.com/index/pt-br/transporte_p%C3%BAblico-line-807-Sao_Paulo-242-2038937-36419583-0,7.8,-23.495662000000003,-46.71040575000001,,,,1,2023-06-17T17:59:07+00:00
SAO_8199-10,São Paulo,3550308,True,EMTU,807,https://moovitapp.com/index/pt-br/transporte_p%C3%BAblico-line-807-Sao_Paulo-242-2038937-36419583-0,7.8,-23.501858499999997,-46.700037,,,,1,2023-06-17T17:58:40+00:00
SAO_8199-10,São Paulo,3550308,True,EMTU,807,https://moovitapp.com/index/pt-br/transporte_p%C3%BAblico-line-807-Sao_Paulo-242-2038937-36419583-0,7.8,-23.4771125,-46.680814999999996,,,,1,2023-06-17T17:59:03+00:00
SAO_8199-10,São Paulo,3550308,True,EMTU,807,https://moovitapp.com/index/pt-br/transporte_p%C3%BAblico-line-807-Sao_Paulo-242-2038937-36419583-0,7.8,-23.4771125,-46.680814999999996,,,,1,2023-06-17T17:58:51+00:00
SAO_8199-10,São Paulo,3550308,True,EMTU,807,https://moovitapp.com/index/pt-br/transporte_p%C3%BAblico-line-807-Sao_Paulo-242-2038937-36419583-0,7.8,-23.486174,-46.721794,,,,1,2023-06-17T17:59:14+00:00
SAO_517J-10,São Paulo,3550308,True,,33897,,,-23.691205,-46.656296499999996,,,,2,2023-06-17T17:59:09+00:00
SAO_517J-10,São Paulo,3550308,True,,33897,,,-23.662841999999998,-46.6811345,,,,2,2023-06-17T17:59:09+00:00
SAO_517J-10,São Paulo,3550308,True,,33897,,,-23.679972,-46.655108999999996,,,,2,2023-06-17T17:53:30+00:00
SAO_517J-10,São Paulo,3550308,True,,33897,,,-23.630719,-46.68372025,,,,2,2023-06-17T17:58:48+00:00
SAO_517J-10,São Paulo,3550308,True,,33897,,,-23.68395925,-46.64995075,,,,2,2023-06-17T17:57:53+00:00
SAO_4210-10,São Paulo,3550308,True,,2170,,,-23.5562255,-46.516131,,,,1,2023-06-17T17:59:09+00:00
SAO_4210-10,São Paulo,3550308,True,,2170,,,-23.546727,-46.629723999999996,,,,1,2023-06-17T17:59:03+00:00
SAO_4210-10,São Paulo,3550308,True,,2170,,,-23.5350455,-46.577882,,,,1,2023-06-17T17:58:43+00:00
SAO_4210-10,São Paulo,3550308,True,,2170,,,-23.5984915,-46.460445,,,,1,2023-06-17T17:58:44+00:00
SAO_1018-10,São Paulo,3550308,True,,832,,,-23.481085,-46.6117725,,,,1,2023-06-17T17:56:52+00:00
SAO_1018-10,São Paulo,3550308,True,,832,,,-23.460016500000002,-46.62078,,,,1,2023-06-17T17:58:47+00:00
SAO_7004-10,São Paulo,3550308,True,,34760,,,-23.731146000000003,-46.785866999999996,,,,2,2023-06-17T17:58:58+00:00
SAO_7004-10,São Paulo,3550308,True,,34760,,,-23.686511000000003,-46.7701075,,,,2,2023-06-17T17:59:14+00:00
SAO_7004-10,São Paulo,3550308,True,,34760,,,-23.742814499999998,-46.80108325,,,,2,2023-06-17T17:58:45+00:00
SAO_7004-10,São Paulo,3550308,True,,34760,,,-23.7418715,-46.800807,,,,2,2023-06-17T17:59:02+00:00
SAO_7004-10,São Paulo,3550308,True,,34760,,,-23.7305335,-46.7858295,,,,2,2023-06-17T17:59:15+00:00
SAO_7004-10,São Paulo,3550308,True,,34760,,,-23.738588749999998,-46.7910585,,,,2,2023-06-17T17:58:58+00:00
SAO_7004-10,São Paulo,3550308,True,,34760,,,-23.7317975,-46.7861475,,,,2,2023-06-17T17:58:14+00:00
SAO_7004-10,São Paulo,3550308,True,,34760,,,-23.7267805,-46.7863775,,,,2,2023-06-17T17:59:08+00:00
SAO_7004-10,São Paulo,3550308,True,,34760,,,-23.7317975,-46.7861475,,,,2,2023-06-17T17:58:26+00:00
SAO_7004-10,São Paulo,3550308,True,,34760,,,-23.741885,-46.8007335,,,,2,2023-06-17T17:58:52+00:00
SAO_7004-10,São Paulo,3550308,True,,34760,,,-23.741992,-46.8006415,,,,2,2023-06-17T17:58:37+00:00
SAO_7004-10,São Paulo,3550308,True,,34760,,,-23.738588749999998,-46.7910585,,,,2,2023-06-17T17:59:04+00:00
SAO_695H-10,São Paulo,3550308,True,,1196,,,-23.747792,-46.708254499999995,,,,1,2023-06-17T17:58:46+00:00
SAO_695H-10,São Paulo,3550308,True,,1196,,,-23.6539175,-46.710299500000005,,,,1,2023-06-17T17:59:10+00:00
SAO_233A-10,São Paulo,3550308,True,,33017,,,-23.5325455,-46.4610755,,,,2,2023-06-17T17:59:05+00:00
SAO_233A-10,São Paulo,3550308,True,,33017,,,-23.479422,-46.4206095,,,,2,2023-06-17T17:59:14+00:00
SAO_233A-10,São Paulo,3550308,True,,33017,,,-23.556941,-46.520354499999996,,,,2,2023-06-17T17:58:34+00:00
SAO_514T-10,São Paulo,3550308,True,,34439,,,-23.590844249999996,-46.53041125,,,,2,2023-06-17T17:58:49+00:00
SAO_514T-10,São Paulo,3550308,True,,34439,,,-23.5828225,-46.6003165,,,,2,2023-06-17T17:58:47+00:00
SAO_514T-10,São Paulo,3550308,True,,34439,,,-23.58756625,-46.52932625,,,,2,2023-06-17T17:58:38+00:00
SAO_514T-10,São Paulo,3550308,True,,34439,,,-23.5786635,-46.61135349999999,,,,2,2023-06-17T17:59:06+00:00
SAO_514T-10,São Paulo,3550308,True,,34439,,,-23.5825985,-46.5662145,,,,2,2023-06-17T17:59:15+00:00
SAO_514T-10,São Paulo,3550308,True,,34439,,,-23.59663175,-46.516338000000005,,,,2,2023-06-17T17:58:35+00:00
SAO_6970-10,São Paulo,3550308,True,,34273,,,-23.717793,-46.6995395,,,,2,2023-06-17T17:58:59+00:00
SAO_6970-10,São Paulo,3550308,True,,34273,,,-23.67370725,-46.712368999999995,,,,2,2023-06-17T17:58:59+00:00
SAO_6970-10,São Paulo,3550308,True,,34273,,,-23.654252,-46.711555000000004,,,,2,2023-06-17T17:59:13+00:00
SAO_746C-10,São Paulo,3550308,True,,33551,,,-23.608888999999998,-46.750856,,,,2,2023-06-17T17:58:46+00:00
SAO_746C-10,São Paulo,3550308,True,,33551,,,-23.609017,-46.750698,,,,2,2023-06-17T17:58:47+00:00
SAO_746C-10,São Paulo,3550308,True,,33551,,,-23.609017,-46.750698,,,,2,2023-06-17T17:55:24+00:00
SAO_746C-10,São Paulo,3550308,True,,33551,,,-23.64418975,-46.711704749999996,,,,2,2023-06-17T17:58:58+00:00
SAO_746C-10,São Paulo,3550308,True,,33551,,,-23.6369465,-46.7369695,,,,2,2023-06-17T17:59:15+00:00
SAO_746C-10,São Paulo,3550308,True,,33551,,,-23.6225375,-46.7388185,,,,2,2023-06-17T17:58:46+00:00
SAO_746C-10,São Paulo,3550308,True,,33551,,,-23.608864,-46.7509105,,,,2,2023-06-17T17:59:00+00:00
SAO_199D-10,São Paulo,3550308,True,,34903,,,-23.565356875,-46.69051075,,,,2,2023-06-17T17:59:07+00:00
SAO_199D-10,São Paulo,3550308,True,,34903,,,-23.4862405,-46.71064,,,,2,2023-06-17T17:58:56+00:00
SAO_199D-10,São Paulo,3550308,True,,34903,,,-23.487222250000002,-46.7106,,,,2,2023-06-17T17:58:55+00:00
SAO_199D-10,São Paulo,3550308,True,,34903,,,-23.537251,-46.68477575,,,,2,2023-06-17T17:59:06+00:00
SAO_8028-10,São Paulo,3550308,True,,2532,,,-23.619704,-46.723344999999995,,,,1,2023-06-17T17:58:42+00:00
SAO_8028-10,São Paulo,3550308,True,,2532,,,-23.6020095,-46.709911500000004,,,,1,2023-06-17T17:58:42+00:00
SAO_3134-10,São Paulo,3550308,True,,33761,,,-23.583824375,-46.5298735,,,,2,2023-06-17T17:58:55+00:00
SAO_3134-10,São Paulo,3550308,True,,33761,,,-23.5750745,-46.55404300000001,,,,2,2023-06-17T17:58:44+00:00
SAO_3134-10,São Paulo,3550308,True,,33761,,,-23.585771,-46.584298000000004,,,,2,2023-06-17T17:58:45+00:00
SAO_3134-10,São Paulo,3550308,True,,33761,,,-23.563912000000002,-46.5052585,,,,2,2023-06-17T17:58:51+00:00
SAO_3134-10,São Paulo,3550308,True,,33761,,,-23.565618,-46.5068805,,,,2,2023-06-17T17:59:04+00:00
SAO_3134-10,São Paulo,3550308,True,,33761,,,-23.563608000000002,-46.5053735,,,,2,2023-06-17T17:58:48+00:00
SAO_8610-10,São Paulo,3550308,True,,2063,,,-23.5648935,-46.6570955,,,,1,2023-06-17T17:58:59+00:00
SAO_8610-10,São Paulo,3550308,True,,2063,,,-23.601411499999998,-46.793253,,,,1,2023-06-17T17:59:00+00:00
SAO_8610-10,São Paulo,3550308,True,,2063,,,-23.567509,-46.69385,,,,1,2023-06-17T17:58:59+00:00
SAO_6099-10,São Paulo,3550308,True,,1587,,,-23.788978,-46.72659337500001,,,,1,2023-06-17T17:58:59+00:00
SAO_6099-10,São Paulo,3550308,True,,1587,,,-23.73824725,-46.69784775,,,,1,2023-06-17T17:58:57+00:00
SAO_4314-10,São Paulo,3550308,True,,34942,,,-23.558173250000003,-46.4462325,,,,2,2023-06-17T17:59:08+00:00
SAO_4314-10,São Paulo,3550308,True,,34942,,,-23.56919,-46.400694,,,,2,2023-06-17T17:58:35+00:00
SAO_4314-10,São Paulo,3550308,True,,34942,,,-23.5518795,-46.435438500000004,,,,2,2023-06-17T17:59:04+00:00
SAO_4314-10,São Paulo,3550308,True,,34942,,,-23.5382475,-46.563386,,,,2,2023-06-17T17:58:26+00:00
SAO_4314-10,São Paulo,3550308,True,,34942,,,-23.573559000000003,-46.3988215,,,,2,2023-06-17T17:58:33+00:00
SAO_4314-10,São Paulo,3550308,True,,34942,,,-23.5736485,-46.3986825,,,,2,2023-06-17T17:58:58+00:00
SAO_3161-10,São Paulo,3550308,True,,33852,,,-23.558124499999998,-46.604515125,,,,2,2023-06-17T17:59:12+00:00
SAO_3161-10,São Paulo,3550308,True,,33852,,,-23.569006,-46.5820135,,,,2,2023-06-17T17:58:35+00:00
SAO_3161-10,São Paulo,3550308,True,,33852,,,-23.583499250000003,-46.5254795,,,,2,2023-06-17T17:59:04+00:00
SAO_3161-10,São Paulo,3550308,True,,33852,,,-23.5842765,-46.528354,,,,2,2023-06-17T17:58:47+00:00
SAO_6035-10,São Paulo,3550308,True,,33981,,,-23.6901525,-46.774198999999996,,,,2,2023-06-17T17:59:02+00:00
SAO_6035-10,São Paulo,3550308,True,,33981,,,-23.705192,-46.784183,,,,2,2023-06-17T17:59:01+00:00
SAO_6035-10,São Paulo,3550308,True,,33981,,,-23.7163055,-46.7675665,,,,2,2023-06-17T17:58:56+00:00
SAO_6035-10,São Paulo,3550308,True,,33981,,,-23.6755615,-46.75482325,,,,2,2023-06-17T17:59:10+00:00
SAO_6035-10,São Paulo,3550308,True,,33981,,,-23.705192,-46.784183,,,,2,2023-06-17T17:59:09+00:00
SAO_6035-10,São Paulo,3550308,True,,33981,,,-23.720201000000003,-46.75602,,,,2,2023-06-17T17:58:53+00:00
SAO_1757-10,São Paulo,3550308,True,,33316,,,-23.4668555,-46.6397955,,,,2,2023-06-17T17:59:10+00:00
SAO_1757-10,São Paulo,3550308,True,,33316,,,-23.466537000000002,-46.639383,,,,2,2023-06-17T17:59:13+00:00
SAO_3736-10,São Paulo,3550308,True,,33804,,,-23.5758665,-46.4834185,,,,2,2023-06-17T17:58:38+00:00
SAO_3736-10,São Paulo,3550308,True,,33804,,,-23.5467505,-46.4834755,,,,2,2023-06-17T17:59:03+00:00
SAO_3736-10,São Paulo,3550308,True,,33804,,,-23.571056499999997,-46.480340999999996,,,,2,2023-06-17T17:59:03+00:00
SAO_3736-10,São Paulo,3550308,True,,33804,,,-23.564656499999998,-46.475842,,,,2,2023-06-17T17:58:46+00:00
SAO_3736-10,São Paulo,3550308,True,,33804,,,-23.5758665,-46.4834185,,,,2,2023-06-17T17:58:33+00:00
SAO_2626-10,São Paulo,3550308,True,EMTU,376,https://moovitapp.com/index/pt-br/transporte_p%C3%BAblico-line-376-Sao_Paulo-242-2038937-114744732-0,5.1,-23.5122855,-46.4021795,,,,1,2023-06-17T17:58:50+00:00
SAO_2626-10,São Paulo,3550308,True,EMTU,376,https://moovitapp.com/index/pt-br/transporte_p%C3%BAblico-line-376-Sao_Paulo-242-2038937-114744732-0,5.1,-23.538179999999997,-46.60034075,,,,1,2023-06-17T17:58:36+00:00
SAO_2626-10,São Paulo,3550308,True,EMTU,376,https://moovitapp.com/index/pt-br/transporte_p%C3%BAblico-line-376-Sao_Paulo-242-2038937-114744732-0,5.1,-23.521750750000002,-46.527384999999995,,,,1,2023-06-17T17:58:56+00:00
SAO_6038-10,São Paulo,3550308,True,,33984,,,-23.662014499999998,-46.7892645,,,,2,2023-06-17T17:58:38+00:00
SAO_6038-10,São Paulo,3550308,True,,33984,,,-23.658400999999998,-46.78931475,,,,2,2023-06-17T17:58:47+00:00
SAO_6038-10,São Paulo,3550308,True,,33984,,,-23.659622,-46.766826,,,,2,2023-06-17T17:58:50+00:00
SAO_1741-10,São Paulo,3550308,True,,539,,,-23.5031265,-46.624462,,,,1,2023-06-17T17:58:48+00:00
SAO_1741-10,São Paulo,3550308,True,,539,,,-23.46414,-46.663788499999995,,,,1,2023-06-17T17:58:55+00:00
SAO_1741-10,São Paulo,3550308,True,,539,,,-23.4751325,-46.6512695,,,,1,2023-06-17T17:59:09+00:00
SAO_7011-10,São Paulo,3550308,True,,34720,,,-23.708223500000003,-46.7919435,,,,2,2023-06-17T17:58:52+00:00
SAO_7011-10,São Paulo,3550308,True,,34720,,,-23.7075705,-46.7917315,,,,2,2023-06-17T17:59:02+00:00
SAO_2018-10,São Paulo,3550308,True,,904,,,-23.510486999999998,-46.406726500000005,,,,1,2023-06-17T17:58:32+00:00
SAO_2018-10,São Paulo,3550308,True,,904,,,-23.507794812500002,-46.418029187500004,,,,1,2023-06-17T17:58:07+00:00
SAO_2018-10,São Paulo,3550308,True,,904,,,-23.5093165,-46.411480499999996,,,,1,2023-06-17T17:52:51+00:00
SAO_2018-10,São Paulo,3550308,True,,904,,,-23.494838,-46.437851499999994,,,,1,2023-06-17T17:55:11+00:00
SAO_4086-10,São Paulo,3550308,True,,35018,,,-23.582943,-46.408454,,,,2,2023-06-17T17:58:44+00:00
SAO_4086-10,São Paulo,3550308,True,,35018,,,-23.5996685,-46.40114799999999,,,,2,2023-06-17T17:58:44+00:00
SAO_4310-10,São Paulo,3550308,True,,34928,,,-23.534565999999998,-46.4530625,,,,2,2023-06-17T17:59:00+00:00
SAO_4310-10,São Paulo,3550308,True,,34928,,,-23.55284975,-46.617076999999995,,,,2,2023-06-17T17:58:41+00:00
SAO_4310-10,São Paulo,3550308,True,,34928,,,-23.534565999999998,-46.4530625,,,,2,2023-06-17T17:59:06+00:00
SAO_4310-10,São Paulo,3550308,True,,34928,,,-23.530600749999998,-46.5029675,,,,2,2023-06-17T17:58:30+00:00
SAO_4310-10,São Paulo,3550308,True,,34928,,,-23.547625,-46.630348,,,,2,2023-06-17T17:58:55+00:00
SAO_4310-10,São Paulo,3550308,True,,34928,,,-23.534565999999998,-46.4530625,,,,2,2023-06-17T17:58:57+00:00
SAO_4310-10,São Paulo,3550308,True,,34928,,,-23.534565999999998,-46.4530625,,,,2,2023-06-17T17:58:57+00:00
SAO_4310-10,São Paulo,3550308,True,,34928,,,-23.538702999999998,-46.565937000000005,,,,2,2023-06-17T17:58:54+00:00
SAO_4310-10,São Paulo,3550308,True,,34928,,,-23.532797000000002,-46.537234999999995,,,,2,2023-06-17T17:59:11+00:00
SAO_514T-10,São Paulo,3550308,True,,1671,,,-23.583741500000002,-46.601492,,,,1,2023-06-17T17:55:41+00:00
SAO_514T-10,São Paulo,3550308,True,,1671,,,-23.593101500000003,-46.498408749999996,,,,1,2023-06-17T17:58:38+00:00
SAO_514T-10,São Paulo,3550308,True,,1671,,,-23.58297475,-46.5681515,,,,1,2023-06-17T17:58:51+00:00
SAO_514T-10,São Paulo,3550308,True,,1671,,,-23.5977235,-46.6058655,,,,1,2023-06-17T17:58:49+00:00
SAO_514T-10,São Paulo,3550308,True,,1671,,,-23.593101500000003,-46.498408749999996,,,,1,2023-06-17T17:59:17+00:00
SAO_514T-10,São Paulo,3550308,True,,1671,,,-23.594571000000002,-46.526594,,,,1,2023-06-17T17:59:01+00:00
SAO_514T-10,São Paulo,3550308,True,,1671,,,-23.5929065,-46.4985205,,,,1,2023-06-17T17:59:14+00:00
SAO_514T-10,São Paulo,3550308,True,,1671,,,-23.5966615,-46.516619,,,,1,2023-06-17T17:59:17+00:00
SAO_3901-10,São Paulo,3550308,True,,34237,,,-23.5063325,-46.5185215,,,,2,2023-06-17T17:58:47+00:00
SAO_3901-10,São Paulo,3550308,True,,34237,,,-23.4984825,-46.502362250000004,,,,2,2023-06-17T17:59:02+00:00
SAO_6037-10,São Paulo,3550308,True,,33983,,,-23.648692250000003,-46.78592975,,,,2,2023-06-17T17:59:12+00:00
SAO_6037-10,São Paulo,3550308,True,,33983,,,-23.642516,-46.7384915,,,,2,2023-06-17T17:59:17+00:00
SAO_6037-10,São Paulo,3550308,True,,33983,,,-23.64835625,-46.78649075,,,,2,2023-06-17T17:59:01+00:00
SAO_6037-10,São Paulo,3550308,True,,33983,,,-23.64887075,-46.78563725,,,,2,2023-06-17T17:58:43+00:00
SAO_6037-10,São Paulo,3550308,True,,33983,,,-23.64887075,-46.78563725,,,,2,2023-06-17T17:59:15+00:00
SAO_6037-10,São Paulo,3550308,True,,33983,,,-23.659830499999998,-46.76968,,,,2,2023-06-17T17:59:02+00:00
SAO_7051-10,São Paulo,3550308,True,,34653,,,-23.65463675,-46.78451475,,,,2,2023-06-17T17:58:41+00:00
SAO_7051-10,São Paulo,3550308,True,,34653,,,-23.636305999999998,-46.777711,,,,2,2023-06-17T17:58:36+00:00
SAO_3766-51,São Paulo,3550308,True,,2575,,,-23.552112,-46.427907000000005,,,,1,2023-06-17T17:59:08+00:00
SAO_3766-51,São Paulo,3550308,True,,2575,,,-23.5504205,-46.4362705,,,,1,2023-06-17T17:58:59+00:00
SAO_3766-51,São Paulo,3550308,True,,2575,,,-23.534623500000002,-46.453379999999996,,,,1,2023-06-17T17:59:07+00:00
SAO_3766-51,São Paulo,3550308,True,,2575,,,-23.54940475,-46.4286065,,,,1,2023-06-17T17:58:57+00:00
SAO_3766-51,São Paulo,3550308,True,,2575,,,-23.54940475,-46.4286065,,,,1,2023-06-17T17:58:41+00:00
SAO_3766-51,São Paulo,3550308,True,,2575,,,-23.537307374999997,-46.454972875,,,,1,2023-06-17T17:59:06+00:00
SAO_695X-10,São Paulo,3550308,True,,34209,,,-23.766890250000003,-46.7169705,,,,2,2023-06-17T17:59:08+00:00
SAO_695X-10,São Paulo,3550308,True,,34209,,,-23.647087499999998,-46.63931,,,,2,2023-06-17T17:59:11+00:00
SAO_695X-10,São Paulo,3550308,True,,34209,,,-23.647087499999998,-46.63931,,,,2,2023-06-17T17:58:44+00:00
SAO_695X-10,São Paulo,3550308,True,,34209,,,-23.6462925,-46.6451105,,,,2,2023-06-17T17:58:43+00:00
SAO_695X-10,São Paulo,3550308,True,,34209,,,-23.76583,-46.717698,,,,2,2023-06-17T17:59:03+00:00
SAO_695X-10,São Paulo,3550308,True,,34209,,,-23.647087499999998,-46.63931,,,,2,2023-06-17T17:59:07+00:00
SAO_695X-10,São Paulo,3550308,True,,34209,,,-23.646812500000003,-46.659991500000004,,,,2,2023-06-17T17:59:15+00:00
SAO_695X-10,São Paulo,3550308,True,,34209,,,-23.647087499999998,-46.63931,,,,2,2023-06-17T17:58:40+00:00
SAO_695X-10,São Paulo,3550308,True,,34209,,,-23.670839,-46.677949999999996,,,,2,2023-06-17T17:59:14+00:00
SAO_695X-10,São Paulo,3550308,True,,34209,,,-23.703141,-46.701998,,,,2,2023-06-17T17:59:12+00:00
SAO_695X-10,São Paulo,3550308,True,,34209,,,-23.683918499999997,-46.691693,,,,2,2023-06-17T17:58:49+00:00
SAO_695X-10,São Paulo,3550308,True,,34209,,,-23.767811000000002,-46.716611,,,,2,2023-06-17T17:53:41+00:00
SAO_3722-10,São Paulo,3550308,True,,33788,,,-23.539017,-46.5426075,,,,2,2023-06-17T17:59:10+00:00
SAO_3722-10,São Paulo,3550308,True,,33788,,,-23.5527555,-46.457689875,,,,2,2023-06-17T17:58:39+00:00
SAO_179X-10,São Paulo,3550308,True,STT,680,https://moovitapp.com/index/pt-br/transporte_p%C3%BAblico-line-680-Sao_Paulo-242-850661-183334-0,5.3,-23.513296,-46.6251845,,,,1,2023-06-17T17:59:02+00:00
SAO_179X-10,São Paulo,3550308,True,STT,680,https://moovitapp.com/index/pt-br/transporte_p%C3%BAblico-line-680-Sao_Paulo-242-850661-183334-0,5.3,-23.437455,-46.576051,,,,1,2023-06-17T17:58:37+00:00
SAO_179X-10,São Paulo,3550308,True,STT,680,https://moovitapp.com/index/pt-br/transporte_p%C3%BAblico-line-680-Sao_Paulo-242-850661-183334-0,5.3,-23.526348,-46.6492265,,,,1,2023-06-17T17:58:53+00:00
SAO_179X-10,São Paulo,3550308,True,STT,680,https://moovitapp.com/index/pt-br/transporte_p%C3%BAblico-line-680-Sao_Paulo-242-850661-183334-0,5.3,-23.432215,-46.571414000000004,,,,1,2023-06-17T17:58:38+00:00
SAO_179X-10,São Paulo,3550308,True,STT,680,https://moovitapp.com/index/pt-br/transporte_p%C3%BAblico-line-680-Sao_Paulo-242-850661-183334-0,5.3,-23.432215,-46.571414000000004,,,,1,2023-06-17T17:59:12+00:00
SAO_179X-10,São Paulo,3550308,True,STT,680,https://moovitapp.com/index/pt-br/transporte_p%C3%BAblico-line-680-Sao_Paulo-242-850661-183334-0,5.3,-23.46398175,-46.58406825,,,,1,2023-06-17T17:58:39+00:00
SAO_179X-10,São Paulo,3550308,True,STT,680,https://moovitapp.com/index/pt-br/transporte_p%C3%BAblico-line-680-Sao_Paulo-242-850661-183334-0,5.3,-23.48711475,-46.60057525,,,,1,2023-06-17T17:59:04+00:00
SAO_3739-10,São Paulo,3550308,True,,1039,,,-23.5425685,-46.470890999999995,,,,1,2023-06-17T17:58:54+00:00
SAO_3739-10,São Paulo,3550308,True,,1039,,,-23.595496625000003,-46.43816737499999,,,,1,2023-06-17T17:59:08+00:00
SAO_3739-10,São Paulo,3550308,True,,1039,,,-23.544472499999998,-46.463771,,,,1,2023-06-17T17:58:45+00:00
SAO_3739-10,São Paulo,3550308,True,,1039,,,-23.5632265,-46.44612325,,,,1,2023-06-17T17:58:32+00:00
SAO_3739-10,São Paulo,3550308,True,,1039,,,-23.611822,-46.416231499999995,,,,1,2023-06-17T17:58:33+00:00
SAO_3739-10,São Paulo,3550308,True,,1039,,,-23.5572845,-46.44540225,,,,1,2023-06-17T17:59:15+00:00
SAO_3739-10,São Paulo,3550308,True,,1039,,,-23.612713999999997,-46.42463825,,,,1,2023-06-17T17:59:13+00:00
SAO_128Y-10,São Paulo,3550308,True,EMTU,843,https://moovitapp.com/index/pt-br/transporte_p%C3%BAblico-line-843-Sao_Paulo-242-2038937-36419606-0,4.1,-23.4682475,-46.6681925,,,,1,2023-06-17T17:59:11+00:00
SAO_128Y-10,São Paulo,3550308,True,EMTU,843,https://moovitapp.com/index/pt-br/transporte_p%C3%BAblico-line-843-Sao_Paulo-242-2038937-36419606-0,4.1,-23.496296,-46.6623345,,,,1,2023-06-17T17:58:59+00:00
SAO_128Y-10,São Paulo,3550308,True,EMTU,843,https://moovitapp.com/index/pt-br/transporte_p%C3%BAblico-line-843-Sao_Paulo-242-2038937-36419606-0,4.1,-23.519586,-46.701313999999996,,,,1,2023-06-17T17:59:07+00:00
SAO_128Y-10,São Paulo,3550308,True,EMTU,843,https://moovitapp.com/index/pt-br/transporte_p%C3%BAblico-line-843-Sao_Paulo-242-2038937-36419606-0,4.1,-23.50374475,-46.67541,,,,1,2023-06-17T17:58:32+00:00
SAO_546J-31,São Paulo,3550308,True,,2015,,,-23.654705749999998,-46.70295675,,,,1,2023-06-17T17:58:38+00:00
SAO_546J-31,São Paulo,3550308,True,,2015,,,-23.6929245,-46.659800000000004,,,,1,2023-06-17T17:59:16+00:00
SAO_546J-31,São Paulo,3550308,True,,2015,,,-23.687824,-46.658593499999995,,,,1,2023-06-17T17:59:13+00:00
SAO_546J-31,São Paulo,3550308,True,,2015,,,-23.654280999999997,-46.70443349999999,,,,1,2023-06-17T17:58:50+00:00
SAO_546J-31,São Paulo,3550308,True,,2015,,,-23.671726625,-46.66776975,,,,1,2023-06-17T17:58:58+00:00
SAO_2717-10,São Paulo,3550308,True,Urubupungá,930,https://moovitapp.com/index/pt-br/transporte_p%C3%BAblico-line-930-Sao_Paulo-242-873835-496473-0,4.6,-23.504864625,-46.5094584375,,,,1,2023-06-17T17:58:42+00:00
SAO_2717-10,São Paulo,3550308,True,Urubupungá,930,https://moovitapp.com/index/pt-br/transporte_p%C3%BAblico-line-930-Sao_Paulo-242-873835-496473-0,4.6,-23.5287615,-46.516549499999996,,,,1,2023-06-17T17:58:36+00:00
SAO_2717-10,São Paulo,3550308,True,Urubupungá,930,https://moovitapp.com/index/pt-br/transporte_p%C3%BAblico-line-930-Sao_Paulo-242-873835-496473-0,4.6,-23.52723925,-46.518798000000004,,,,1,2023-06-17T17:58:28+00:00
SAO_342M-10,São Paulo,3550308,True,,747,,,-23.5989245,-46.48563312499999,,,,1,2023-06-17T17:59:07+00:00
SAO_342M-10,São Paulo,3550308,True,,747,,,-23.60457275,-46.48084675,,,,1,2023-06-17T17:59:11+00:00
SAO_342M-10,São Paulo,3550308,True,,747,,,-23.60958175,-46.477186,,,,1,2023-06-17T17:59:16+00:00
SAO_342M-10,São Paulo,3550308,True,,747,,,-23.5670195,-46.5109545,,,,1,2023-06-17T17:59:06+00:00
SAO_342M-10,São Paulo,3550308,True,,747,,,-23.533635500000003,-46.559470000000005,,,,1,2023-06-17T17:58:59+00:00
SAO_342M-10,São Paulo,3550308,True,,747,,,-23.519315499999998,-46.5471005,,,,1,2023-06-17T17:58:36+00:00
SAO_342M-10,São Paulo,3550308,True,,747,,,-23.531755500000003,-46.55994225,,,,1,2023-06-17T17:59:01+00:00
SAO_342M-10,São Paulo,3550308,True,,747,,,-23.5563895,-46.525339,,,,1,2023-06-17T17:58:38+00:00
SAO_342M-10,São Paulo,3550308,True,,747,,,-23.582608,-46.49683475,,,,1,2023-06-17T17:59:09+00:00
SAO_342M-10,São Paulo,3550308,True,,747,,,-23.524431749999998,-46.551324125,,,,1,2023-06-17T17:59:01+00:00
SAO_6057-10,São Paulo,3550308,True,,33916,,,-23.767335250000002,-46.7050505,,,,2,2023-06-17T17:58:36+00:00
SAO_6057-10,São Paulo,3550308,True,,33916,,,-23.7471885,-46.708067,,,,2,2023-06-17T17:58:59+00:00
SAO_6057-10,São Paulo,3550308,True,,33916,,,-23.743626,-46.705650000000006,,,,2,2023-06-17T17:58:41+00:00
SAO_4027-41,São Paulo,3550308,True,,35077,,,-23.638209500000002,-46.437941,,,,2,2023-06-17T17:58:57+00:00
SAO_4027-41,São Paulo,3550308,True,,35077,,,-23.619910500000003,-46.4613825,,,,2,2023-06-17T17:58:38+00:00
SAO_7017-10,São Paulo,3550308,True,,35270,,,-23.6698995,-46.7623875,,,,2,2023-06-17T17:58:58+00:00
SAO_7017-10,São Paulo,3550308,True,,35270,,,-23.668242,-46.7355055,,,,2,2023-06-17T17:58:53+00:00
SAO_7017-10,São Paulo,3550308,True,,35270,,,-23.693268000000003,-46.790838,,,,2,2023-06-17T17:59:14+00:00
SAO_3459-10,São Paulo,3550308,True,,33170,,,-23.51514375,-46.498414999999994,,,,2,2023-06-17T17:58:39+00:00
SAO_3459-10,São Paulo,3550308,True,,33170,,,-23.547625500000002,-46.629791499999996,,,,2,2023-06-17T17:59:15+00:00
SAO_3459-10,São Paulo,3550308,True,,33170,,,-23.5171875,-46.509521,,,,2,2023-06-17T17:57:50+00:00
SAO_3459-10,São Paulo,3550308,True,,33170,,,-23.5395165,-46.571670499999996,,,,2,2023-06-17T17:58:50+00:00
SAO_3459-10,São Paulo,3550308,True,,33170,,,-23.513590999999998,-46.501145,,,,2,2023-06-17T17:58:56+00:00
SAO_3459-10,São Paulo,3550308,True,,33170,,,-23.547625500000002,-46.629791499999996,,,,2,2023-06-17T17:58:39+00:00
SAO_3459-10,São Paulo,3550308,True,,33170,,,-23.547625500000002,-46.629791499999996,,,,2,2023-06-17T17:58:50+00:00
SAO_3459-10,São Paulo,3550308,True,,33170,,,-23.547625500000002,-46.629791499999996,,,,2,2023-06-17T17:59:09+00:00
SAO_3459-10,São Paulo,3550308,True,,33170,,,-23.547625500000002,-46.629791499999996,,,,2,2023-06-17T17:53:03+00:00
SAO_3459-10,São Paulo,3550308,True,,33170,,,-23.516762,-46.384977500000005,,,,2,2023-06-17T17:57:04+00:00
SAO_3459-10,São Paulo,3550308,True,,33170,,,-23.516686749999998,-46.38517525,,,,2,2023-06-17T17:58:27+00:00
SAO_3459-10,São Paulo,3550308,True,,33170,,,-23.510035000000002,-46.385686,,,,2,2023-06-17T17:59:08+00:00
SAO_3459-10,São Paulo,3550308,True,,33170,,,-23.547625500000002,-46.629791499999996,,,,2,2023-06-17T17:59:06+00:00
SAO_3459-10,São Paulo,3550308,True,,33170,,,-23.516686749999998,-46.38517525,,,,2,2023-06-17T17:58:03+00:00
SAO_3459-10,São Paulo,3550308,True,,33170,,,-23.516762,-46.384977500000005,,,,2,2023-06-17T17:58:42+00:00
SAO_3459-10,São Paulo,3550308,True,,33170,,,-23.516686749999998,-46.38517525,,,,2,2023-06-17T17:58:33+00:00
SAO_3459-10,São Paulo,3550308,True,,33170,,,-23.494785,-46.406074,,,,2,2023-06-17T17:58:32+00:00
SAO_3459-10,São Paulo,3550308,True,,33170,,,-23.5322725,-46.5346785,,,,2,2023-06-17T17:58:59+00:00
SAO_3459-10,São Paulo,3550308,True,,33170,,,-23.547625500000002,-46.629791499999996,,,,2,2023-06-17T17:44:16+00:00
SAO_1721-10,São Paulo,3550308,True,,33434,,,-23.4990905,-46.59541125,,,,2,2023-06-17T17:58:55+00:00
SAO_1721-10,São Paulo,3550308,True,,33434,,,-23.48941525,-46.571597749999995,,,,2,2023-06-17T17:58:39+00:00
SAO_1721-10,São Paulo,3550308,True,,33434,,,-23.499039500000002,-46.59570375,,,,2,2023-06-17T17:59:08+00:00
SAO_1721-10,São Paulo,3550308,True,,33434,,,-23.48941525,-46.571597749999995,,,,2,2023-06-17T17:58:48+00:00
SAO_2723-10,São Paulo,3550308,True,,937,,,-23.522540499999998,-46.443321499999996,,,,1,2023-06-17T17:59:05+00:00
SAO_2723-10,São Paulo,3550308,True,,937,,,-23.4910745,-46.4538655,,,,1,2023-06-17T17:58:56+00:00
SAO_2723-10,São Paulo,3550308,True,,937,,,-23.5390375,-46.470048250000005,,,,1,2023-06-17T17:58:32+00:00
SAO_2723-10,São Paulo,3550308,True,,937,,,-23.542247500000002,-46.47267,,,,1,2023-06-17T17:58:53+00:00
SAO_2723-10,São Paulo,3550308,True,,937,,,-23.493354,-46.443937000000005,,,,1,2023-06-17T17:59:12+00:00
SAO_6072-23,São Paulo,3550308,True,,2004,,,-23.767591,-46.7163045,,,,1,2023-06-17T17:58:33+00:00
SAO_6072-23,São Paulo,3550308,True,,2004,,,-23.767591,-46.7163045,,,,1,2023-06-17T17:59:14+00:00
SAO_6072-23,São Paulo,3550308,True,,2004,,,-23.772029,-46.719725999999994,,,,1,2023-06-17T17:58:35+00:00
SAO_6072-23,São Paulo,3550308,True,,2004,,,-23.767591,-46.7163045,,,,1,2023-06-17T17:58:33+00:00
SAO_6072-23,São Paulo,3550308,True,,2004,,,-23.767591,-46.7163045,,,,1,2023-06-17T17:58:47+00:00
SAO_6072-23,São Paulo,3550308,True,,2004,,,-23.767242500000002,-46.7162575,,,,1,2023-06-17T17:58:38+00:00
SAO_6072-23,São Paulo,3550308,True,,2004,,,-23.767194,-46.716251,,,,1,2023-06-17T17:58:42+00:00
SAO_6072-23,São Paulo,3550308,True,,2004,,,-23.767591,-46.7163045,,,,1,2023-06-17T17:59:12+00:00
SAO_6072-23,São Paulo,3550308,True,,2004,,,-23.767591,-46.7163045,,,,1,2023-06-17T17:58:39+00:00
SAO_6072-23,São Paulo,3550308,True,,2004,,,-23.767591,-46.7163045,,,,1,2023-06-17T17:59:06+00:00
SAO_6072-23,São Paulo,3550308,True,,2004,,,-23.767299,-46.716265,,,,1,2023-06-17T17:58:36+00:00
SAO_6072-23,São Paulo,3550308,True,,2004,,,-23.767591,-46.7163045,,,,1,2023-06-17T17:59:07+00:00
SAO_6072-23,São Paulo,3550308,True,,2004,,,-23.767591,-46.7163045,,,,1,2023-06-17T17:59:12+00:00
SAO_6072-23,São Paulo,3550308,True,,2004,,,-23.767591,-46.7163045,,,,1,2023-06-17T17:58:49+00:00
SAO_6072-23,São Paulo,3550308,True,,2004,,,-23.767591,-46.7163045,,,,1,2023-06-17T17:59:17+00:00
SAO_6072-23,São Paulo,3550308,True,,2004,,,-23.767591,-46.7163045,,,,1,2023-06-17T17:58:55+00:00
SAO_6072-23,São Paulo,3550308,True,,2004,,,-23.767591,-46.7163045,,,,1,2023-06-17T17:58:51+00:00
SAO_6072-23,São Paulo,3550308,True,,2004,,,-23.767299,-46.716265,,,,1,2023-06-17T17:58:33+00:00
SAO_6072-23,São Paulo,3550308,True,,2004,,,-23.767591,-46.7163045,,,,1,2023-06-17T17:59:05+00:00
SAO_4709-10,São Paulo,3550308,True,,33101,,,-23.5894755,-46.633868,,,,2,2023-06-17T17:58:56+00:00
SAO_4709-10,São Paulo,3550308,True,,33101,,,-23.629247,-46.60199475,,,,2,2023-06-17T17:58:42+00:00
SAO_4709-10,São Paulo,3550308,True,,33101,,,-23.5894755,-46.633868,,,,2,2023-06-17T17:58:46+00:00
SAO_4709-10,São Paulo,3550308,True,,33101,,,-23.6537185,-46.608308,,,,2,2023-06-17T17:58:44+00:00
SAO_4709-10,São Paulo,3550308,True,,33101,,,-23.5894755,-46.633868,,,,2,2023-06-17T17:58:48+00:00
SAO_4709-10,São Paulo,3550308,True,,33101,,,-23.59871175,-46.638375749999994,,,,2,2023-06-17T17:58:35+00:00
SAO_4709-10,São Paulo,3550308,True,,33101,,,-23.5894755,-46.633868,,,,2,2023-06-17T17:58:58+00:00
SAO_148P-10,São Paulo,3550308,True,,33302,,,-23.4580645,-46.6433105,,,,2,2023-06-17T17:58:52+00:00
SAO_148P-10,São Paulo,3550308,True,,33302,,,-23.4580725,-46.648678000000004,,,,2,2023-06-17T17:59:08+00:00
SAO_148P-10,São Paulo,3550308,True,,33302,,,-23.4580645,-46.6433105,,,,2,2023-06-17T17:58:34+00:00
SAO_148P-10,São Paulo,3550308,True,,33302,,,-23.5082105,-46.654773500000005,,,,2,2023-06-17T17:55:41+00:00
SAO_148P-10,São Paulo,3550308,True,,33302,,,-23.503747750000002,-46.657065625,,,,2,2023-06-17T17:58:52+00:00
SAO_148P-10,São Paulo,3550308,True,,33302,,,-23.458313,-46.6485815,,,,2,2023-06-17T17:59:05+00:00
SAO_746R-10,São Paulo,3550308,True,,790,,,-23.6103905,-46.7051065,,,,1,2023-06-17T17:58:49+00:00
SAO_746R-10,São Paulo,3550308,True,,790,,,-23.6532775,-46.7161135,,,,1,2023-06-17T17:59:05+00:00
SAO_8078-10,São Paulo,3550308,True,,34848,,,-23.625425999999997,-46.7482945,,,,2,2023-06-17T17:58:34+00:00
SAO_8078-10,São Paulo,3550308,True,,34848,,,-23.617719,-46.758205000000004,,,,2,2023-06-17T17:59:12+00:00
SAO_8078-10,São Paulo,3550308,True,,34848,,,-23.6254505,-46.7479555,,,,2,2023-06-17T17:58:38+00:00
SAO_4313-10,São Paulo,3550308,True,,2173,,,-23.548638750000002,-46.524874249999996,,,,1,2023-06-17T17:59:09+00:00
SAO_4313-10,São Paulo,3550308,True,,2173,,,-23.597962000000003,-46.4589105,,,,1,2023-06-17T17:58:37+00:00
SAO_4313-10,São Paulo,3550308,True,,2173,,,-23.5934825,-46.4185905,,,,1,2023-06-17T17:59:02+00:00
SAO_4313-10,São Paulo,3550308,True,,2173,,,-23.569494,-46.504106,,,,1,2023-06-17T17:58:39+00:00
SAO_4313-10,São Paulo,3550308,True,,2173,,,-23.540915249999998,-46.538081,,,,1,2023-06-17T17:59:01+00:00
SAO_4313-10,São Paulo,3550308,True,,2173,,,-23.547058,-46.6300155,,,,1,2023-06-17T17:59:06+00:00
SAO_4313-10,São Paulo,3550308,True,,2173,,,-23.595320625,-46.438813624999995,,,,1,2023-06-17T17:58:59+00:00
SAO_9717-10,São Paulo,3550308,True,,33585,,,-23.4737975,-46.678788,,,,2,2023-06-17T17:58:45+00:00
SAO_9717-10,São Paulo,3550308,True,,33585,,,-23.511433874999998,-46.62551675,,,,2,2023-06-17T17:59:08+00:00
SAO_9717-10,São Paulo,3550308,True,,33585,,,-23.509027000000003,-46.6654485,,,,2,2023-06-17T17:59:03+00:00
SAO_3459-10,São Paulo,3550308,True,EMTU,402,https://moovitapp.com/index/pt-br/transporte_p%C3%BAblico-line-402-Sao_Paulo-242-2038937-36419464-0,3.7,-23.5006185,-46.394673999999995,,,,1,2023-06-17T17:58:53+00:00
SAO_3459-10,São Paulo,3550308,True,EMTU,402,https://moovitapp.com/index/pt-br/transporte_p%C3%BAblico-line-402-Sao_Paulo-242-2038937-36419464-0,3.7,-23.5218395,-46.5271815,,,,1,2023-06-17T17:58:49+00:00
SAO_3459-10,São Paulo,3550308,True,EMTU,402,https://moovitapp.com/index/pt-br/transporte_p%C3%BAblico-line-402-Sao_Paulo-242-2038937-36419464-0,3.7,-23.5153105,-46.46291,,,,1,2023-06-17T17:58:47+00:00
SAO_3459-10,São Paulo,3550308,True,EMTU,402,https://moovitapp.com/index/pt-br/transporte_p%C3%BAblico-line-402-Sao_Paulo-242-2038937-36419464-0,3.7,-23.51413275,-46.38354875,,,,1,2023-06-17T17:58:57+00:00
SAO_3459-10,São Paulo,3550308,True,EMTU,402,https://moovitapp.com/index/pt-br/transporte_p%C3%BAblico-line-402-Sao_Paulo-242-2038937-36419464-0,3.7,-23.49527875,-46.431802250000004,,,,1,2023-06-17T17:55:11+00:00
SAO_3459-10,São Paulo,3550308,True,EMTU,402,https://moovitapp.com/index/pt-br/transporte_p%C3%BAblico-line-402-Sao_Paulo-242-2038937-36419464-0,3.7,-23.5165205,-46.385602000000006,,,,1,2023-06-17T17:58:48+00:00
SAO_3459-10,São Paulo,3550308,True,EMTU,402,https://moovitapp.com/index/pt-br/transporte_p%C3%BAblico-line-402-Sao_Paulo-242-2038937-36419464-0,3.7,-23.5165205,-46.385602000000006,,,,1,2023-06-17T17:58:50+00:00
SAO_3459-10,São Paulo,3550308,True,EMTU,402,https://moovitapp.com/index/pt-br/transporte_p%C3%BAblico-line-402-Sao_Paulo-242-2038937-36419464-0,3.7,-23.5165205,-46.385602000000006,,,,1,2023-06-17T17:59:02+00:00
SAO_3459-10,São Paulo,3550308,True,EMTU,402,https://moovitapp.com/index/pt-br/transporte_p%C3%BAblico-line-402-Sao_Paulo-242-2038937-36419464-0,3.7,-23.5165205,-46.385602000000006,,,,1,2023-06-17T17:58:59+00:00
SAO_3459-10,São Paulo,3550308,True,EMTU,402,https://moovitapp.com/index/pt-br/transporte_p%C3%BAblico-line-402-Sao_Paulo-242-2038937-36419464-0,3.7,-23.497187625,-46.442173249999996,,,,1,2023-06-17T17:58:45+00:00
SAO_3459-10,São Paulo,3550308,True,EMTU,402,https://moovitapp.com/index/pt-br/transporte_p%C3%BAblico-line-402-Sao_Paulo-242-2038937-36419464-0,3.7,-23.53089975,-46.5278395,,,,1,2023-06-17T17:58:52+00:00
SAO_3459-10,São Paulo,3550308,True,EMTU,402,https://moovitapp.com/index/pt-br/transporte_p%C3%BAblico-line-402-Sao_Paulo-242-2038937-36419464-0,3.7,-23.4943015,-46.415208500000006,,,,1,2023-06-17T17:58:47+00:00
SAO_3459-10,São Paulo,3550308,True,EMTU,402,https://moovitapp.com/index/pt-br/transporte_p%C3%BAblico-line-402-Sao_Paulo-242-2038937-36419464-0,3.7,-23.5165205,-46.385602000000006,,,,1,2023-06-17T17:58:40+00:00
SAO_3459-10,São Paulo,3550308,True,EMTU,402,https://moovitapp.com/index/pt-br/transporte_p%C3%BAblico-line-402-Sao_Paulo-242-2038937-36419464-0,3.7,-23.5165205,-46.385602000000006,,,,1,2023-06-17T17:58:52+00:00
SAO_5370-10,São Paulo,3550308,True,,1442,,,-23.6532785,-46.7017075,,,,1,2023-06-17T17:58:56+00:00
SAO_5370-10,São Paulo,3550308,True,,1442,,,-23.625822,-46.683039,,,,1,2023-06-17T17:58:53+00:00
SAO_5370-10,São Paulo,3550308,True,,1442,,,-23.7673145,-46.7161625,,,,1,2023-06-17T17:58:34+00:00
SAO_5370-10,São Paulo,3550308,True,,1442,,,-23.767859,-46.716285,,,,1,2023-06-17T17:58:35+00:00
SAO_5370-10,São Paulo,3550308,True,,1442,,,-23.701860125000003,-46.701362125,,,,1,2023-06-17T17:59:02+00:00
SAO_5370-10,São Paulo,3550308,True,,1442,,,-23.767859,-46.716285,,,,1,2023-06-17T17:56:03+00:00
SAO_5370-10,São Paulo,3550308,True,,1442,,,-23.583636499999997,-46.652561,,,,1,2023-06-17T17:58:43+00:00
SAO_5370-10,São Paulo,3550308,True,,1442,,,-23.739612,-46.701891,,,,1,2023-06-17T17:58:38+00:00
SAO_3789-10,São Paulo,3550308,True,,1067,,,-23.592452499999997,-46.417823625,,,,1,2023-06-17T17:58:49+00:00
SAO_3789-10,São Paulo,3550308,True,,1067,,,-23.611982,-46.3961475,,,,1,2023-06-17T17:59:07+00:00
SAO_3789-10,São Paulo,3550308,True,,1067,,,-23.552771999999997,-46.4631605,,,,1,2023-06-17T17:59:12+00:00
SAO_3789-10,São Paulo,3550308,True,,1067,,,-23.54254,-46.4707135,,,,1,2023-06-17T17:58:38+00:00
SAO_3789-10,São Paulo,3550308,True,,1067,,,-23.611982,-46.3961475,,,,1,2023-06-17T17:58:36+00:00
SAO_3789-10,São Paulo,3550308,True,,1067,,,-23.574809000000002,-46.4449745,,,,1,2023-06-17T17:58:46+00:00
SAO_3751-10,São Paulo,3550308,True,,33815,,,-23.569102,-46.411361,,,,2,2023-06-17T17:59:07+00:00
SAO_3751-10,São Paulo,3550308,True,,33815,,,-23.5695605,-46.4102685,,,,2,2023-06-17T17:58:39+00:00
SAO_3751-10,São Paulo,3550308,True,,33815,,,-23.538100375,-46.454151374999995,,,,2,2023-06-17T17:58:51+00:00
SAO_3751-10,São Paulo,3550308,True,,33815,,,-23.5695605,-46.4102685,,,,2,2023-06-17T17:58:37+00:00
SAO_3751-10,São Paulo,3550308,True,,33815,,,-23.5653435,-46.415782500000006,,,,2,2023-06-17T17:58:51+00:00
SAO_7054-10,São Paulo,3550308,True,,41,,,-23.6517055,-46.7906215,,,,1,2023-06-17T17:58:55+00:00
SAO_7054-10,São Paulo,3550308,True,,41,,,-23.6384965,-46.779754499999996,,,,1,2023-06-17T17:59:05+00:00
SAO_7054-10,São Paulo,3550308,True,,41,,,-23.6517055,-46.7906215,,,,1,2023-06-17T17:58:36+00:00
SAO_917M-10,São Paulo,3550308,True,,34134,,,-23.471427499999997,-46.7060325,,,,2,2023-06-17T17:59:12+00:00
SAO_917M-10,São Paulo,3550308,True,,34134,,,-23.557784625,-46.66049075,,,,2,2023-06-17T17:58:40+00:00
SAO_917M-10,São Paulo,3550308,True,,34134,,,-23.50397675,-46.6840085,,,,2,2023-06-17T17:58:53+00:00
SAO_8400-10,São Paulo,3550308,True,,1265,,,-23.52502425,-46.68442075,,,,1,2023-06-17T17:58:55+00:00
SAO_8400-10,São Paulo,3550308,True,,1265,,,-23.5316625,-46.66445225,,,,1,2023-06-17T17:59:08+00:00
SAO_8400-10,São Paulo,3550308,True,,1265,,,-23.54737275,-46.642726249999996,,,,1,2023-06-17T17:58:41+00:00
SAO_8400-10,São Paulo,3550308,True,,1265,,,-23.50629,-46.7060955,,,,1,2023-06-17T17:59:06+00:00
SAO_8400-10,São Paulo,3550308,True,,1265,,,-23.486878500000003,-46.7265645,,,,1,2023-06-17T17:59:06+00:00
SAO_8400-10,São Paulo,3550308,True,,1265,,,-23.487215,-46.726875,,,,1,2023-06-17T17:59:12+00:00
SAO_8400-10,São Paulo,3550308,True,,1265,,,-23.482115999999998,-46.718284,,,,1,2023-06-17T17:58:50+00:00
SAO_2731-10,São Paulo,3550308,True,,946,,,-23.520965875,-46.437704,,,,1,2023-06-17T17:59:16+00:00
SAO_2731-10,São Paulo,3550308,True,,946,,,-23.515597,-46.43280812500001,,,,1,2023-06-17T17:58:30+00:00
SAO_2731-10,São Paulo,3550308,True,,946,,,-23.518249,-46.439041,,,,1,2023-06-17T17:58:57+00:00
SAO_2731-10,São Paulo,3550308,True,,946,,,-23.542657499999997,-46.4698,,,,1,2023-06-17T17:58:51+00:00
SAO_2731-10,São Paulo,3550308,True,,946,,,-23.5342945,-46.454449,,,,1,2023-06-17T17:59:15+00:00
SAO_2731-10,São Paulo,3550308,True,,946,,,-23.532367,-46.45353425,,,,1,2023-06-17T17:59:05+00:00
SAO_2731-10,São Paulo,3550308,True,,946,,,-23.518249,-46.439041,,,,1,2023-06-17T17:59:07+00:00
SAO_4313-10,São Paulo,3550308,True,,34941,,,-23.596052999999998,-46.453267,,,,2,2023-06-17T17:58:58+00:00
SAO_4313-10,São Paulo,3550308,True,,34941,,,-23.5479245,-46.629473,,,,2,2023-06-17T17:58:49+00:00
SAO_4313-10,São Paulo,3550308,True,,34941,,,-23.583754,-46.4150015,,,,2,2023-06-17T17:59:05+00:00
SAO_4313-10,São Paulo,3550308,True,,34941,,,-23.5479245,-46.629473,,,,2,2023-06-17T17:58:59+00:00
SAO_4313-10,São Paulo,3550308,True,,34941,,,-23.566796,-46.507122499999994,,,,2,2023-06-17T17:58:50+00:00
SAO_4313-10,São Paulo,3550308,True,,34941,,,-23.5479245,-46.629473,,,,2,2023-06-17T17:58:46+00:00
SAO_4313-10,São Paulo,3550308,True,,34941,,,-23.5884725,-46.4151555,,,,2,2023-06-17T17:59:05+00:00
SAO_4313-10,São Paulo,3550308,True,,34941,,,-23.583091000000003,-46.4080965,,,,2,2023-06-17T17:58:54+00:00
SAO_4313-10,São Paulo,3550308,True,,34941,,,-23.583196,-46.407725,,,,2,2023-06-17T17:58:59+00:00
SAO_4313-10,São Paulo,3550308,True,,34941,,,-23.548697,-46.60355875,,,,2,2023-06-17T17:58:40+00:00
SAO_4313-10,São Paulo,3550308,True,,34941,,,-23.583026,-46.408417,,,,2,2023-06-17T17:58:55+00:00
SAO_4313-10,São Paulo,3550308,True,,34941,,,-23.538639,-46.54645,,,,2,2023-06-17T17:58:34+00:00
SAO_9018-10,São Paulo,3550308,True,,34039,,,-23.475520500000002,-46.7195965,,,,2,2023-06-17T17:59:08+00:00
SAO_9018-10,São Paulo,3550308,True,,34039,,,-23.4698875,-46.721775,,,,2,2023-06-17T17:58:55+00:00
SAO_8700-1,São Paulo,3550308,True,,35276,,,-23.54862,-46.65147,,,,2,2023-06-17T17:59:03+00:00
SAO_8700-1,São Paulo,3550308,True,,35276,,,-23.6316405,-46.772316,,,,2,2023-06-17T17:58:35+00:00
SAO_1016-10,São Paulo,3550308,True,EMTU,831,https://moovitapp.com/index/pt-br/transporte_p%C3%BAblico-line-831-Sao_Paulo-242-2038937-36419598-0,5.7,-23.469533000000002,-46.610533375,,,,1,2023-06-17T17:58:47+00:00
SAO_1016-10,São Paulo,3550308,True,EMTU,831,https://moovitapp.com/index/pt-br/transporte_p%C3%BAblico-line-831-Sao_Paulo-242-2038937-36419598-0,5.7,-23.50523225,-46.61524025,,,,1,2023-06-17T17:55:37+00:00
SAO_1016-10,São Paulo,3550308,True,EMTU,831,https://moovitapp.com/index/pt-br/transporte_p%C3%BAblico-line-831-Sao_Paulo-242-2038937-36419598-0,5.7,-23.450523999999998,-46.61116475,,,,1,2023-06-17T17:58:53+00:00
SAO_1016-10,São Paulo,3550308,True,EMTU,831,https://moovitapp.com/index/pt-br/transporte_p%C3%BAblico-line-831-Sao_Paulo-242-2038937-36419598-0,5.7,-23.453610750000003,-46.607701,,,,1,2023-06-17T17:51:52+00:00
SAO_408A-10,São Paulo,3550308,True,,33534,,,-23.58005825,-46.633172625,,,,2,2023-06-17T17:59:14+00:00
SAO_408A-10,São Paulo,3550308,True,,33534,,,-23.555592000000004,-46.6330895,,,,2,2023-06-17T17:58:58+00:00
SAO_576M-10,São Paulo,3550308,True,,604,,,-23.652592499999997,-46.637114,,,,1,2023-06-17T17:58:41+00:00
SAO_576M-10,São Paulo,3550308,True,,604,,,-23.628353,-46.662602500000006,,,,1,2023-06-17T17:59:14+00:00
SAO_576M-10,São Paulo,3550308,True,,604,,,-23.581440999999998,-46.6842455,,,,1,2023-06-17T17:58:54+00:00
SAO_576M-10,São Paulo,3550308,True,,604,,,-23.565959,-46.6944145,,,,1,2023-06-17T17:58:46+00:00
SAO_978T-10,São Paulo,3550308,True,,889,,,-23.4615935,-46.69121775,,,,1,2023-06-17T17:58:43+00:00
SAO_978T-10,São Paulo,3550308,True,,889,,,-23.498554125,-46.6968825,,,,1,2023-06-17T17:58:31+00:00
SAO_978T-10,São Paulo,3550308,True,,889,,,-23.523708125,-46.704222375,,,,1,2023-06-17T17:59:09+00:00
SAO_978T-10,São Paulo,3550308,True,,889,,,-23.5238175,-46.70002075000001,,,,1,2023-06-17T17:59:07+00:00
SAO_978T-10,São Paulo,3550308,True,,889,,,-23.466738499999998,-46.6986495,,,,1,2023-06-17T17:58:54+00:00
SAO_978T-10,São Paulo,3550308,True,,889,,,-23.5282585,-46.684850374999996,,,,1,2023-06-17T17:58:56+00:00
SAO_978T-10,São Paulo,3550308,True,,889,,,-23.525927000000003,-46.669558499999994,,,,1,2023-06-17T17:59:14+00:00
SAO_978T-10,São Paulo,3550308,True,,889,,,-23.483549,-46.691667249999995,,,,1,2023-06-17T17:59:03+00:00
SAO_978T-10,São Paulo,3550308,True,,889,,,-23.506587875,-46.68920250000001,,,,1,2023-06-17T17:59:11+00:00
SAO_6451-10,São Paulo,3550308,True,,61,,,-23.62399925,-46.704225,,,,1,2023-06-17T17:58:33+00:00
SAO_6451-10,São Paulo,3550308,True,,61,,,-23.551287000000002,-46.6459355,,,,1,2023-06-17T17:59:04+00:00
SAO_6451-10,São Paulo,3550308,True,,61,,,-23.643682,-46.7423945,,,,1,2023-06-17T17:58:58+00:00
SAO_6451-10,São Paulo,3550308,True,,61,,,-23.58212,-46.68524725,,,,1,2023-06-17T17:59:14+00:00
SAO_875H-10,São Paulo,3550308,True,,34108,,,-23.527877875,-46.6803525,,,,2,2023-06-17T17:59:02+00:00
SAO_875H-10,São Paulo,3550308,True,,34108,,,-23.542675000000003,-46.6763545,,,,2,2023-06-17T17:59:04+00:00
SAO_875H-10,São Paulo,3550308,True,,34108,,,-23.5205245,-46.7007655,,,,2,2023-06-17T17:58:53+00:00
SAO_5630-10,São Paulo,3550308,True,,32846,,,-23.737647000000003,-46.6975635,,,,2,2023-06-17T17:59:13+00:00
SAO_5630-10,São Paulo,3550308,True,,32846,,,-23.551625,-46.637268500000005,,,,2,2023-06-17T17:59:15+00:00
SAO_5630-10,São Paulo,3550308,True,,32846,,,-23.709693,-46.69967,,,,2,2023-06-17T17:58:29+00:00
SAO_5630-10,São Paulo,3550308,True,,32846,,,-23.73404675,-46.696197,,,,2,2023-06-17T17:58:38+00:00
SAO_5630-10,São Paulo,3550308,True,,32846,,,-23.734577,-46.696059000000005,,,,2,2023-06-17T17:59:05+00:00
SAO_5630-10,São Paulo,3550308,True,,32846,,,-23.6441285,-46.672854,,,,2,2023-06-17T17:59:11+00:00
SAO_5630-10,São Paulo,3550308,True,,32846,,,-23.6021585,-46.651525,,,,2,2023-06-17T17:59:01+00:00
SAO_5630-10,São Paulo,3550308,True,,32846,,,-23.546747,-46.6164905,,,,2,2023-06-17T17:58:05+00:00
SAO_5391-10,São Paulo,3550308,True,EMTU,171,https://moovitapp.com/index/pt-br/transporte_p%C3%BAblico-line-171-Sao_Paulo-242-2038937-36419310-0,4.8,-23.692995500000002,-46.7785065,,,,1,2023-06-17T17:58:38+00:00
SAO_5391-10,São Paulo,3550308,True,EMTU,171,https://moovitapp.com/index/pt-br/transporte_p%C3%BAblico-line-171-Sao_Paulo-242-2038937-36419310-0,4.8,-23.666610749999997,-46.720212499999995,,,,1,2023-06-17T17:58:42+00:00
SAO_5391-10,São Paulo,3550308,True,EMTU,171,https://moovitapp.com/index/pt-br/transporte_p%C3%BAblico-line-171-Sao_Paulo-242-2038937-36419310-0,4.8,-23.672914499999997,-46.743935,,,,1,2023-06-17T17:58:36+00:00
SAO_5391-10,São Paulo,3550308,True,EMTU,171,https://moovitapp.com/index/pt-br/transporte_p%C3%BAblico-line-171-Sao_Paulo-242-2038937-36419310-0,4.8,-23.633492750000002,-46.690376,,,,1,2023-06-17T17:59:05+00:00
SAO_403A-10,São Paulo,3550308,True,,2192,,,-23.519419499999998,-46.547022,,,,1,2023-06-17T17:58:48+00:00
SAO_403A-10,São Paulo,3550308,True,,2192,,,-23.548748500000002,-46.460446,,,,1,2023-06-17T17:59:14+00:00
SAO_403A-10,São Paulo,3550308,True,,2192,,,-23.5452195,-46.514132000000004,,,,1,2023-06-17T17:59:13+00:00
SAO_4734-10,São Paulo,3550308,True,,33877,,,-23.638523499999998,-46.608882,,,,2,2023-06-17T17:59:08+00:00
SAO_4734-10,São Paulo,3550308,True,,33877,,,-23.61789175,-46.63753925,,,,2,2023-06-17T17:59:02+00:00
SAO_4734-10,São Paulo,3550308,True,,33877,,,-23.6411645,-46.610744,,,,2,2023-06-17T17:58:33+00:00
SAO_4734-10,São Paulo,3550308,True,,33877,,,-23.627274,-46.6191805,,,,2,2023-06-17T17:58:42+00:00
SAO_4734-10,São Paulo,3550308,True,,33877,,,-23.6411645,-46.610744,,,,2,2023-06-17T17:58:45+00:00
SAO_4734-10,São Paulo,3550308,True,,33877,,,-23.626011374999997,-46.625563625000005,,,,2,2023-06-17T17:59:00+00:00
SAO_8545-10,São Paulo,3550308,True,,1364,,,-23.52559025,-46.6819255,,,,1,2023-06-17T17:59:11+00:00
SAO_8545-10,São Paulo,3550308,True,,1364,,,-23.48606875,-46.69230325,,,,1,2023-06-17T17:59:15+00:00
SAO_2014-10,São Paulo,3550308,True,Urubupungá,900,https://moovitapp.com/index/pt-br/transporte_p%C3%BAblico-line-900-Sao_Paulo-242-873835-496470-0,4.6,-23.457081000000002,-46.669748,,,,1,2023-06-17T17:58:42+00:00
SAO_2014-10,São Paulo,3550308,True,Urubupungá,900,https://moovitapp.com/index/pt-br/transporte_p%C3%BAblico-line-900-Sao_Paulo-242-873835-496470-0,4.6,-23.457081000000002,-46.669748,,,,1,2023-06-17T17:59:18+00:00
SAO_2014-10,São Paulo,3550308,True,Urubupungá,900,https://moovitapp.com/index/pt-br/transporte_p%C3%BAblico-line-900-Sao_Paulo-242-873835-496470-0,4.6,-23.505270250000002,-46.66304925,,,,1,2023-06-17T17:58:50+00:00
SAO_2014-10,São Paulo,3550308,True,Urubupungá,900,https://moovitapp.com/index/pt-br/transporte_p%C3%BAblico-line-900-Sao_Paulo-242-873835-496470-0,4.6,-23.457081000000002,-46.669748,,,,1,2023-06-17T17:58:46+00:00
SAO_2014-10,São Paulo,3550308,True,Urubupungá,900,https://moovitapp.com/index/pt-br/transporte_p%C3%BAblico-line-900-Sao_Paulo-242-873835-496470-0,4.6,-23.457081000000002,-46.669748,,,,1,2023-06-17T17:58:48+00:00
SAO_2014-10,São Paulo,3550308,True,Urubupungá,900,https://moovitapp.com/index/pt-br/transporte_p%C3%BAblico-line-900-Sao_Paulo-242-873835-496470-0,4.6,-23.457081000000002,-46.669748,,,,1,2023-06-17T17:58:37+00:00
SAO_2014-10,São Paulo,3550308,True,Urubupungá,900,https://moovitapp.com/index/pt-br/transporte_p%C3%BAblico-line-900-Sao_Paulo-242-873835-496470-0,4.6,-23.4947995,-46.66153425,,,,1,2023-06-17T17:58:32+00:00
SAO_2014-10,São Paulo,3550308,True,Urubupungá,900,https://moovitapp.com/index/pt-br/transporte_p%C3%BAblico-line-900-Sao_Paulo-242-873835-496470-0,4.6,-23.457081000000002,-46.669748,,,,1,2023-06-17T17:58:35+00:00
SAO_2014-10,São Paulo,3550308,True,Urubupungá,900,https://moovitapp.com/index/pt-br/transporte_p%C3%BAblico-line-900-Sao_Paulo-242-873835-496470-0,4.6,-23.461007000000002,-46.670221,,,,1,2023-06-17T17:59:12+00:00
SAO_2014-10,São Paulo,3550308,True,Urubupungá,900,https://moovitapp.com/index/pt-br/transporte_p%C3%BAblico-line-900-Sao_Paulo-242-873835-496470-0,4.6,-23.469003,-46.6672425,,,,1,2023-06-17T17:58:36+00:00
SAO_2014-10,São Paulo,3550308,True,Urubupungá,900,https://moovitapp.com/index/pt-br/transporte_p%C3%BAblico-line-900-Sao_Paulo-242-873835-496470-0,4.6,-23.48179775,-46.66905975,,,,1,2023-06-17T17:59:11+00:00
SAO_2014-10,São Paulo,3550308,True,Urubupungá,900,https://moovitapp.com/index/pt-br/transporte_p%C3%BAblico-line-900-Sao_Paulo-242-873835-496470-0,4.6,-23.457081000000002,-46.669748,,,,1,2023-06-17T17:58:37+00:00
SAO_7053-10,São Paulo,3550308,True,,34655,,,-23.653941000000003,-46.78870825,,,,2,2023-06-17T17:59:08+00:00
SAO_7053-10,São Paulo,3550308,True,,34655,,,-23.653941000000003,-46.78870825,,,,2,2023-06-17T17:58:57+00:00
SAO_7053-10,São Paulo,3550308,True,,34655,,,-23.653941000000003,-46.78870825,,,,2,2023-06-17T17:58:51+00:00
SAO_7053-10,São Paulo,3550308,True,,34655,,,-23.654055,-46.78842275,,,,2,2023-06-17T17:59:04+00:00
SAO_7053-10,São Paulo,3550308,True,,34655,,,-23.646655875,-46.789297875,,,,2,2023-06-17T17:58:42+00:00
SAO_7053-10,São Paulo,3550308,True,,34655,,,-23.653941000000003,-46.78870825,,,,2,2023-06-17T17:58:41+00:00
SAO_7053-10,São Paulo,3550308,True,,34655,,,-23.653941000000003,-46.78870825,,,,2,2023-06-17T17:58:59+00:00
SAO_3728-10,São Paulo,3550308,True,,1025,,,-23.546035500000002,-46.485485749999995,,,,1,2023-06-17T17:59:05+00:00
SAO_3728-10,São Paulo,3550308,True,,1025,,,-23.565255,-46.49103425,,,,1,2023-06-17T17:59:06+00:00
SAO_3728-10,São Paulo,3550308,True,,1025,,,-23.573595,-46.490476,,,,1,2023-06-17T17:58:41+00:00
SAO_746H-10,São Paulo,3550308,True,STT,785,https://moovitapp.com/index/pt-br/transporte_p%C3%BAblico-line-785-Sao_Paulo-242-850661-183353-0,5.3,-23.622393000000002,-46.733672999999996,,,,1,2023-06-17T17:58:56+00:00
SAO_746H-10,São Paulo,3550308,True,STT,785,https://moovitapp.com/index/pt-br/transporte_p%C3%BAblico-line-785-Sao_Paulo-242-850661-183353-0,5.3,-23.6492675,-46.7064685,,,,1,2023-06-17T17:58:43+00:00
SAO_746H-10,São Paulo,3550308,True,STT,785,https://moovitapp.com/index/pt-br/transporte_p%C3%BAblico-line-785-Sao_Paulo-242-850661-183353-0,5.3,-23.6491045,-46.7063595,,,,1,2023-06-17T17:59:00+00:00
SAO_746H-10,São Paulo,3550308,True,STT,785,https://moovitapp.com/index/pt-br/transporte_p%C3%BAblico-line-785-Sao_Paulo-242-850661-183353-0,5.3,-23.63775525,-46.719529,,,,1,2023-06-17T17:58:39+00:00
SAO_746H-10,São Paulo,3550308,True,STT,785,https://moovitapp.com/index/pt-br/transporte_p%C3%BAblico-line-785-Sao_Paulo-242-850661-183353-0,5.3,-23.60453,-46.7251305,,,,1,2023-06-17T17:58:31+00:00
SAO_746H-10,São Paulo,3550308,True,STT,785,https://moovitapp.com/index/pt-br/transporte_p%C3%BAblico-line-785-Sao_Paulo-242-850661-183353-0,5.3,-23.5951465,-46.744837000000004,,,,1,2023-06-17T17:59:06+00:00
SAO_746H-10,São Paulo,3550308,True,STT,785,https://moovitapp.com/index/pt-br/transporte_p%C3%BAblico-line-785-Sao_Paulo-242-850661-183353-0,5.3,-23.6491045,-46.7063595,,,,1,2023-06-17T17:54:37+00:00
SAO_9181-10,São Paulo,3550308,True,,33653,,,-23.470232000000003,-46.6838595,,,,2,2023-06-17T17:58:37+00:00
SAO_9181-10,São Paulo,3550308,True,,33653,,,-23.457219000000002,-46.696751,,,,2,2023-06-17T17:59:11+00:00
SAO_9181-10,São Paulo,3550308,True,,33653,,,-23.520627,-46.7015185,,,,2,2023-06-17T17:59:04+00:00
SAO_9181-10,São Paulo,3550308,True,,33653,,,-23.4963495,-46.69267575,,,,2,2023-06-17T17:59:07+00:00
SAO_9181-10,São Paulo,3550308,True,,33653,,,-23.506232,-46.688947,,,,2,2023-06-17T17:59:05+00:00
SAO_9181-10,São Paulo,3550308,True,,33653,,,-23.4595325,-46.6976875,,,,2,2023-06-17T17:58:03+00:00
SAO_9181-10,São Paulo,3550308,True,,33653,,,-23.457219000000002,-46.696751,,,,2,2023-06-17T17:59:12+00:00
SAO_917H-10,São Paulo,3550308,True,STT,456,https://moovitapp.com/index/pt-br/transporte_p%C3%BAblico-line-456-Sao_Paulo-242-850661-10416524-0,5.3,-23.533249499999997,-46.728767000000005,,,,1,2023-06-17T17:58:41+00:00
SAO_917H-10,São Paulo,3550308,True,STT,456,https://moovitapp.com/index/pt-br/transporte_p%C3%BAblico-line-456-Sao_Paulo-242-850661-10416524-0,5.3,-23.5770275,-46.640961000000004,,,,1,2023-06-17T17:58:39+00:00
SAO_917H-10,São Paulo,3550308,True,STT,456,https://moovitapp.com/index/pt-br/transporte_p%C3%BAblico-line-456-Sao_Paulo-242-850661-10416524-0,5.3,-23.487392,-46.7353445,,,,1,2023-06-17T17:59:14+00:00
SAO_917H-10,São Paulo,3550308,True,STT,456,https://moovitapp.com/index/pt-br/transporte_p%C3%BAblico-line-456-Sao_Paulo-242-850661-10416524-0,5.3,-23.486014,-46.7257505,,,,1,2023-06-17T17:58:46+00:00
SAO_917H-10,São Paulo,3550308,True,STT,456,https://moovitapp.com/index/pt-br/transporte_p%C3%BAblico-line-456-Sao_Paulo-242-850661-10416524-0,5.3,-23.547102000000002,-46.689769999999996,,,,1,2023-06-17T17:59:11+00:00
SAO_917H-10,São Paulo,3550308,True,STT,456,https://moovitapp.com/index/pt-br/transporte_p%C3%BAblico-line-456-Sao_Paulo-242-850661-10416524-0,5.3,-23.48608,-46.7258125,,,,1,2023-06-17T17:59:12+00:00
SAO_917H-10,São Paulo,3550308,True,STT,456,https://moovitapp.com/index/pt-br/transporte_p%C3%BAblico-line-456-Sao_Paulo-242-850661-10416524-0,5.3,-23.507889,-46.7485735,,,,1,2023-06-17T17:59:07+00:00
SAO_2772-10,São Paulo,3550308,True,,33166,,,-23.522687749999996,-46.524844625,,,,2,2023-06-17T17:58:32+00:00
SAO_2772-10,São Paulo,3550308,True,,33166,,,-23.507361500000002,-46.4838385,,,,2,2023-06-17T17:58:37+00:00
SAO_2772-10,São Paulo,3550308,True,,33166,,,-23.533080499999997,-46.543136,,,,2,2023-06-17T17:59:05+00:00
SAO_2772-10,São Paulo,3550308,True,,33166,,,-23.49448,-46.414542499999996,,,,2,2023-06-17T17:58:10+00:00
SAO_574C-10,São Paulo,3550308,True,,34407,,,-23.598585,-46.519808499999996,,,,2,2023-06-17T17:58:57+00:00
SAO_574C-10,São Paulo,3550308,True,,34407,,,-23.614725749999998,-46.500750749999995,,,,2,2023-06-17T17:57:33+00:00
SAO_574C-10,São Paulo,3550308,True,,34407,,,-23.606329000000002,-46.507915,,,,2,2023-06-17T17:57:22+00:00
SAO_574C-10,São Paulo,3550308,True,,34407,,,-23.597359500000003,-46.564299625000004,,,,2,2023-06-17T17:59:08+00:00
SAO_2203-10,São Paulo,3550308,True,,911,,,-23.5191485,-46.496350500000005,,,,1,2023-06-17T17:59:13+00:00
SAO_2203-10,São Paulo,3550308,True,,911,,,-23.522708,-46.518773,,,,1,2023-06-17T17:58:38+00:00
SAO_7005-51,São Paulo,3550308,True,,1999,,,-23.718654,-46.7846245,,,,1,2023-06-17T17:59:10+00:00
SAO_7005-51,São Paulo,3550308,True,,1999,,,-23.7285845,-46.78616075,,,,1,2023-06-17T17:59:03+00:00
SAO_7005-51,São Paulo,3550308,True,,1999,,,-23.684067,-46.769816500000005,,,,1,2023-06-17T17:59:16+00:00
SAO_7005-51,São Paulo,3550308,True,,1999,,,-23.700973,-46.7817845,,,,1,2023-06-17T17:58:42+00:00
SAO_6062-51,São Paulo,3550308,True,,1739,,,-23.653906999999997,-46.710535500000006,,,,1,2023-06-17T17:58:41+00:00
SAO_6062-51,São Paulo,3550308,True,,1739,,,-23.742103,-46.680484,,,,1,2023-06-17T17:58:34+00:00
SAO_6062-51,São Paulo,3550308,True,,1739,,,-23.7093575,-46.699754999999996,,,,1,2023-06-17T17:59:09+00:00
SAO_7021-10,São Paulo,3550308,True,,34757,,,-23.6588135,-46.73664175,,,,2,2023-06-17T17:58:57+00:00
SAO_7021-10,São Paulo,3550308,True,,34757,,,-23.6706775,-46.767814,,,,2,2023-06-17T17:58:41+00:00
SAO_7021-10,São Paulo,3550308,True,,34757,,,-23.670501,-46.767642,,,,2,2023-06-17T17:59:13+00:00
SAO_172R-10,São Paulo,3550308,True,,33627,,,-23.477681500000003,-46.573469,,,,2,2023-06-17T17:58:39+00:00
SAO_172R-10,São Paulo,3550308,True,,33627,,,-23.507937,-46.5800615,,,,2,2023-06-17T17:59:06+00:00
SAO_172R-10,São Paulo,3550308,True,,33627,,,-23.541875875,-46.592259125,,,,2,2023-06-17T17:58:33+00:00
SAO_172R-10,São Paulo,3550308,True,,33627,,,-23.529571,-46.5984615,,,,2,2023-06-17T17:58:34+00:00
SAO_172R-10,São Paulo,3550308,True,,33627,,,-23.465638499999997,-46.583501999999996,,,,2,2023-06-17T17:58:35+00:00
SAO_172R-10,São Paulo,3550308,True,,33627,,,-23.465638499999997,-46.583501999999996,,,,2,2023-06-17T17:59:05+00:00
SAO_172R-10,São Paulo,3550308,True,,33627,,,-23.52323975,-46.593453875,,,,2,2023-06-17T17:58:59+00:00
SAO_172R-10,São Paulo,3550308,True,,33627,,,-23.5073825,-46.578048499999994,,,,2,2023-06-17T17:58:56+00:00
SAO_172R-10,São Paulo,3550308,True,,33627,,,-23.472684,-46.576261,,,,2,2023-06-17T17:58:44+00:00
SAO_4726-10,São Paulo,3550308,True,,1680,,,-23.5409625,-46.5764615,,,,1,2023-06-17T17:59:06+00:00
SAO_4726-10,São Paulo,3550308,True,,1680,,,-23.565662500000002,-46.579933999999994,,,,1,2023-06-17T17:59:05+00:00
SAO_8073-10,São Paulo,3550308,True,,2081,,,-23.59344,-46.764057,,,,1,2023-06-17T17:59:01+00:00
SAO_8073-10,São Paulo,3550308,True,,2081,,,-23.59203575,-46.735672,,,,1,2023-06-17T17:58:59+00:00
SAO_809P-10,São Paulo,3550308,True,,1891,,,-23.621262,-46.757731500000006,,,,1,2023-06-17T17:59:01+00:00
SAO_809P-10,São Paulo,3550308,True,,1891,,,-23.591012499999998,-46.73065575,,,,1,2023-06-17T17:59:11+00:00
SAO_809P-10,São Paulo,3550308,True,,1891,,,-23.5662595,-46.7016385,,,,1,2023-06-17T17:58:42+00:00
SAO_809P-10,São Paulo,3550308,True,,1891,,,-23.581322,-46.711684500000004,,,,1,2023-06-17T17:58:54+00:00
SAO_775V-10,São Paulo,3550308,True,,33243,,,-23.56578425,-46.699188,,,,2,2023-06-17T17:58:39+00:00
SAO_775V-10,São Paulo,3550308,True,,33243,,,-23.575860749999997,-46.76582475,,,,2,2023-06-17T17:58:41+00:00
SAO_775V-10,São Paulo,3550308,True,,33243,,,-23.58588375,-46.679390250000004,,,,2,2023-06-17T17:58:54+00:00
SAO_775V-10,São Paulo,3550308,True,,33243,,,-23.57609025,-46.76591425,,,,2,2023-06-17T17:58:49+00:00
SAO_271F-10,São Paulo,3550308,True,,683,,,-23.537831249999996,-46.61362925,,,,1,2023-06-17T17:59:12+00:00
SAO_271F-10,São Paulo,3550308,True,,683,,,-23.5420145,-46.589681,,,,1,2023-06-17T17:58:52+00:00
SAO_4717-10,São Paulo,3550308,True,EMTU,335,https://moovitapp.com/index/pt-br/transporte_p%C3%BAblico-line-335-Sao_Paulo-242-2038937-36419420-0,5.35,-23.62158975,-46.6119045,,,,1,2023-06-17T17:58:44+00:00
SAO_407J-10,São Paulo,3550308,True,,34966,,,-23.553976,-46.403709,,,,2,2023-06-17T17:58:56+00:00
SAO_407J-10,São Paulo,3550308,True,,34966,,,-23.543906999999997,-46.5629395,,,,2,2023-06-17T17:56:38+00:00
SAO_407J-10,São Paulo,3550308,True,,34966,,,-23.55256375,-46.403938875,,,,2,2023-06-17T17:58:47+00:00
SAO_407J-10,São Paulo,3550308,True,,34966,,,-23.5538775,-46.403907,,,,2,2023-06-17T17:59:03+00:00
SAO_407J-10,São Paulo,3550308,True,,34966,,,-23.55275125,-46.403627625,,,,2,2023-06-17T17:59:14+00:00
SAO_407J-10,São Paulo,3550308,True,,34966,,,-23.584375,-46.4926265,,,,2,2023-06-17T17:58:57+00:00
SAO_407J-10,São Paulo,3550308,True,,34966,,,-23.540083499999998,-46.426136625,,,,2,2023-06-17T17:59:02+00:00
SAO_407J-10,São Paulo,3550308,True,,34966,,,-23.550987499999998,-46.463438499999995,,,,2,2023-06-17T17:59:11+00:00
SAO_407J-10,São Paulo,3550308,True,,34966,,,-23.545313,-46.544859,,,,2,2023-06-17T17:59:01+00:00
SAO_8200-10,São Paulo,3550308,True,,1263,,,-23.486106499999998,-46.726086499999994,,,,1,2023-06-17T17:59:14+00:00
SAO_8200-10,São Paulo,3550308,True,,1263,,,-23.5195885,-46.700672,,,,1,2023-06-17T17:58:54+00:00
SAO_807P-10,São Paulo,3550308,True,,34867,,,-23.654375,-46.714551,,,,2,2023-06-17T17:58:35+00:00
SAO_807P-10,São Paulo,3550308,True,,34867,,,-23.6162335,-46.720848000000004,,,,2,2023-06-17T17:58:51+00:00
SAO_807P-10,São Paulo,3550308,True,,34867,,,-23.634223249999998,-46.7243045,,,,2,2023-06-17T17:59:03+00:00
SAO_807P-10,São Paulo,3550308,True,,34867,,,-23.616477500000002,-46.7208605,,,,2,2023-06-17T17:59:16+00:00
SAO_807P-10,São Paulo,3550308,True,,34867,,,-23.616477500000002,-46.7208605,,,,2,2023-06-17T17:58:54+00:00
SAO_5091-10,São Paulo,3550308,True,,1523,,,-23.69080125,-46.67419325,,,,1,2023-06-17T17:58:56+00:00
SAO_5091-10,São Paulo,3550308,True,,1523,,,-23.625718499999998,-46.6407605,,,,1,2023-06-17T17:59:08+00:00
SAO_5091-10,São Paulo,3550308,True,,1523,,,-23.693475499999998,-46.644855,,,,1,2023-06-17T17:58:43+00:00
SAO_5091-10,São Paulo,3550308,True,,1523,,,-23.681486,-46.63249275,,,,1,2023-06-17T17:54:23+00:00
SAO_7005-10,São Paulo,3550308,True,,34766,,,-23.734791,-46.7816675,,,,2,2023-06-17T17:58:37+00:00
SAO_1705-10,São Paulo,3550308,True,,849,,,-23.4800385,-46.602105,,,,1,2023-06-17T17:59:06+00:00
SAO_1705-10,São Paulo,3550308,True,,849,,,-23.443497,-46.5890665,,,,1,2023-06-17T17:58:43+00:00
SAO_1705-10,São Paulo,3550308,True,,849,,,-23.480655499999997,-46.6039585,,,,1,2023-06-17T17:59:11+00:00
SAO_1705-10,São Paulo,3550308,True,,849,,,-23.434117999999998,-46.5843315,,,,1,2023-06-17T17:58:54+00:00
SAO_1705-10,São Paulo,3550308,True,,849,,,-23.443497,-46.5890665,,,,1,2023-06-17T17:58:36+00:00
SAO_1705-10,São Paulo,3550308,True,,849,,,-23.442104999999998,-46.5884335,,,,1,2023-06-17T17:59:08+00:00
SAO_1705-10,São Paulo,3550308,True,,849,,,-23.434117999999998,-46.5843315,,,,1,2023-06-17T17:58:48+00:00
SAO_1705-10,São Paulo,3550308,True,,849,,,-23.4447155,-46.585969000000006,,,,1,2023-06-17T17:58:59+00:00
SAO_1705-10,São Paulo,3550308,True,,849,,,-23.445391,-46.587396,,,,1,2023-06-17T17:59:01+00:00
SAO_702U-22,São Paulo,3550308,True,,2581,,,-23.557124,-46.6660635,,,,1,2023-06-17T17:59:14+00:00
SAO_702U-22,São Paulo,3550308,True,,2581,,,-23.546077500000003,-46.631047,,,,1,2023-06-17T17:58:48+00:00
SAO_702U-22,São Paulo,3550308,True,,2581,,,-23.571887,-46.7083135,,,,1,2023-06-17T17:58:58+00:00
SAO_4016-10,São Paulo,3550308,True,,2189,,,-23.613115999999998,-46.476499,,,,1,2023-06-17T17:58:44+00:00
SAO_4016-10,São Paulo,3550308,True,,2189,,,-23.613115999999998,-46.476499,,,,1,2023-06-17T17:58:55+00:00
SAO_407E-10,São Paulo,3550308,True,,34983,,,-23.551747499999998,-46.52163375,,,,2,2023-06-17T17:58:36+00:00
SAO_407E-10,São Paulo,3550308,True,,34983,,,-23.633248000000002,-46.4428945,,,,2,2023-06-17T17:46:33+00:00
SAO_407E-10,São Paulo,3550308,True,,34983,,,-23.60116325,-46.46740749999999,,,,2,2023-06-17T17:59:05+00:00
SAO_407E-10,São Paulo,3550308,True,,34983,,,-23.633248000000002,-46.4428945,,,,2,2023-06-17T17:58:56+00:00
SAO_6803-10,São Paulo,3550308,True,,32797,,,-23.6548925,-46.753122,,,,2,2023-06-17T17:58:55+00:00
SAO_6803-10,São Paulo,3550308,True,,32797,,,-23.6470935,-46.7412025,,,,2,2023-06-17T17:59:03+00:00
SAO_208M-10,São Paulo,3550308,True,,35246,,,-23.566066,-46.701753499999995,,,,2,2023-06-17T17:58:43+00:00
SAO_208M-10,São Paulo,3550308,True,,35246,,,-23.5559995,-46.674885625,,,,2,2023-06-17T17:58:54+00:00
SAO_208M-10,São Paulo,3550308,True,,35246,,,-23.519679500000002,-46.656206,,,,2,2023-06-17T17:58:56+00:00
SAO_208M-10,São Paulo,3550308,True,,35246,,,-23.566066,-46.701753499999995,,,,2,2023-06-17T17:58:43+00:00
SAO_208M-10,São Paulo,3550308,True,,35246,,,-23.501943500000003,-46.6235805,,,,2,2023-06-17T17:58:56+00:00
SAO_1785-10,São Paulo,3550308,True,,34584,,,-23.4735285,-46.625415000000004,,,,2,2023-06-17T17:58:44+00:00
SAO_1785-10,São Paulo,3550308,True,,34584,,,-23.478056000000002,-46.6228885,,,,2,2023-06-17T17:58:46+00:00
SAO_6804-10,São Paulo,3550308,True,,32798,,,-23.635806000000002,-46.748086,,,,2,2023-06-17T17:58:52+00:00
SAO_6804-10,São Paulo,3550308,True,,32798,,,-23.64126,-46.744789999999995,,,,2,2023-06-17T17:58:42+00:00
SAO_6804-10,São Paulo,3550308,True,,32798,,,-23.635654000000002,-46.747935999999996,,,,2,2023-06-17T17:58:38+00:00
SAO_8018-10,São Paulo,3550308,True,,34838,,,-23.60268375,-46.735613,,,,2,2023-06-17T17:58:46+00:00
SAO_8018-10,São Paulo,3550308,True,,34838,,,-23.5984475,-46.73722,,,,2,2023-06-17T17:59:05+00:00
SAO_407F-10,São Paulo,3550308,True,,34935,,,-23.5989245,-46.48563312499999,,,,2,2023-06-17T17:58:55+00:00
SAO_407F-10,São Paulo,3550308,True,,34935,,,-23.612315,-46.476184,,,,2,2023-06-17T17:59:16+00:00
SAO_407F-10,São Paulo,3550308,True,,34935,,,-23.550193999999998,-46.580555000000004,,,,2,2023-06-17T17:58:50+00:00
SAO_407F-10,São Paulo,3550308,True,,34935,,,-23.581359499999998,-46.498451,,,,2,2023-06-17T17:58:53+00:00
SAO_2762-10,São Paulo,3550308,True,,32912,,,-23.491234499999997,-46.478373,,,,2,2023-06-17T17:58:58+00:00
SAO_2762-10,São Paulo,3550308,True,,32912,,,-23.524410500000002,-46.549203875,,,,2,2023-06-17T17:59:02+00:00
SAO_2762-10,São Paulo,3550308,True,,32912,,,-23.486438749999998,-46.47584725,,,,2,2023-06-17T17:58:52+00:00
SAO_2762-10,São Paulo,3550308,True,,32912,,,-23.486237625,-46.476904125000004,,,,2,2023-06-17T17:58:37+00:00
SAO_1034-10,São Paulo,3550308,True,,2452,,,-23.482195,-46.7083255,,,,1,2023-06-17T17:58:48+00:00
SAO_637A-10,São Paulo,3550308,True,,185,,,-23.5649705,-46.6948935,,,,1,2023-06-17T17:59:10+00:00
SAO_637A-10,São Paulo,3550308,True,,185,,,-23.56614425,-46.70165525,,,,1,2023-06-17T17:58:44+00:00
SAO_637A-10,São Paulo,3550308,True,,185,,,-23.678915250000003,-46.7633535,,,,1,2023-06-17T17:56:12+00:00
SAO_637A-10,São Paulo,3550308,True,,185,,,-23.651391249999996,-46.72272275,,,,1,2023-06-17T17:58:30+00:00
SAO_637A-10,São Paulo,3550308,True,,185,,,-23.664808,-46.726552,,,,1,2023-06-17T17:59:00+00:00
SAO_637A-10,São Paulo,3550308,True,,185,,,-23.690886,-46.774112,,,,1,2023-06-17T17:59:03+00:00
SAO_637A-10,São Paulo,3550308,True,,185,,,-23.57996325,-46.6851545,,,,1,2023-06-17T17:58:58+00:00
SAO_637A-10,São Paulo,3550308,True,,185,,,-23.59748125,-46.6928145,,,,1,2023-06-17T17:58:50+00:00
SAO_637A-10,São Paulo,3550308,True,,185,,,-23.690886,-46.774112,,,,1,2023-06-17T17:58:51+00:00
SAO_637A-10,São Paulo,3550308,True,,185,,,-23.690886,-46.774112,,,,1,2023-06-17T17:59:08+00:00
SAO_6046-10,São Paulo,3550308,True,,33991,,,-23.684154999999997,-46.7816525,,,,2,2023-06-17T17:58:34+00:00
SAO_6046-10,São Paulo,3550308,True,,33991,,,-23.649104,-46.7524655,,,,2,2023-06-17T17:58:58+00:00
SAO_6046-10,São Paulo,3550308,True,,33991,,,-23.673530999999997,-46.773515,,,,2,2023-06-17T17:59:09+00:00
SAO_6046-10,São Paulo,3550308,True,,33991,,,-23.6434435,-46.709315000000004,,,,2,2023-06-17T17:59:08+00:00
SAO_695X-10,São Paulo,3550308,True,,1441,,,-23.647795000000002,-46.67543625,,,,1,2023-06-17T17:59:10+00:00
SAO_695X-10,São Paulo,3550308,True,,1441,,,-23.7151,-46.698939499999994,,,,1,2023-06-17T17:58:22+00:00
SAO_695X-10,São Paulo,3550308,True,,1441,,,-23.767062,-46.7161295,,,,1,2023-06-17T17:58:51+00:00
SAO_695X-10,São Paulo,3550308,True,,1441,,,-23.747792,-46.708254499999995,,,,1,2023-06-17T17:58:59+00:00
SAO_695X-10,São Paulo,3550308,True,,1441,,,-23.767062,-46.7161295,,,,1,2023-06-17T17:59:16+00:00
SAO_695X-10,São Paulo,3550308,True,,1441,,,-23.6448975,-46.6647425,,,,1,2023-06-17T17:58:37+00:00
SAO_695X-10,São Paulo,3550308,True,,1441,,,-23.646406,-46.644999,,,,1,2023-06-17T17:58:42+00:00
SAO_695X-10,São Paulo,3550308,True,,1441,,,-23.693935,-46.698987,,,,1,2023-06-17T17:55:10+00:00
SAO_695X-10,São Paulo,3550308,True,,1441,,,-23.767062,-46.7161295,,,,1,2023-06-17T17:59:07+00:00
SAO_9015-10,São Paulo,3550308,True,,34037,,,-23.482053999999998,-46.711775,,,,2,2023-06-17T17:58:55+00:00
SAO_9015-10,São Paulo,3550308,True,,34037,,,-23.4695875,-46.713718,,,,2,2023-06-17T17:58:44+00:00
SAO_9015-10,São Paulo,3550308,True,,34037,,,-23.488825,-46.722633,,,,2,2023-06-17T17:59:05+00:00
SAO_9015-10,São Paulo,3550308,True,,34037,,,-23.4694535,-46.7135935,,,,2,2023-06-17T17:59:04+00:00
SAO_4008-10,São Paulo,3550308,True,,34950,,,-23.5772245,-46.4374165,,,,2,2023-06-17T17:58:47+00:00
SAO_4008-10,São Paulo,3550308,True,,34950,,,-23.5816635,-46.4538825,,,,2,2023-06-17T17:58:27+00:00
SAO_4008-10,São Paulo,3550308,True,,34950,,,-23.5810795,-46.4988575,,,,2,2023-06-17T17:59:14+00:00
SAO_4008-10,São Paulo,3550308,True,,34950,,,-23.576923999999998,-46.437244,,,,2,2023-06-17T17:58:39+00:00
SAO_475M-10,São Paulo,3550308,True,,33111,,,-23.590272999999996,-46.61842125,,,,2,2023-06-17T17:58:58+00:00
SAO_475M-10,São Paulo,3550308,True,,33111,,,-23.555086125000003,-46.64574912500001,,,,2,2023-06-17T17:58:35+00:00
SAO_407G-10,São Paulo,3550308,True,,2196,,,-23.574068,-46.5034,,,,1,2023-06-17T17:58:46+00:00
SAO_407G-10,São Paulo,3550308,True,,2196,,,-23.611837,-46.4334745,,,,1,2023-06-17T17:59:05+00:00
SAO_407G-10,São Paulo,3550308,True,,2196,,,-23.6071935,-46.444950500000004,,,,1,2023-06-17T17:57:57+00:00
SAO_407G-10,São Paulo,3550308,True,,2196,,,-23.611837,-46.4334745,,,,1,2023-06-17T17:58:45+00:00
SAO_407G-10,São Paulo,3550308,True,,2196,,,-23.541683499999998,-46.534606,,,,1,2023-06-17T17:59:01+00:00
SAO_407G-10,São Paulo,3550308,True,,2196,,,-23.602150625,-46.482904125,,,,1,2023-06-17T17:59:16+00:00
SAO_407G-10,São Paulo,3550308,True,,2196,,,-23.620677999999998,-46.466676,,,,1,2023-06-17T17:58:33+00:00
SAO_1760-10,São Paulo,3550308,True,,33325,,,-23.457146,-46.659533249999996,,,,2,2023-06-17T17:58:37+00:00
SAO_1760-10,São Paulo,3550308,True,,33325,,,-23.457126,-46.65923775,,,,2,2023-06-17T17:58:52+00:00
SAO_546J-10,São Paulo,3550308,True,,1133,,,-23.6541985,-46.704713999999996,,,,1,2023-06-17T17:59:10+00:00
SAO_546J-10,São Paulo,3550308,True,,1133,,,-23.675676,-46.66063125,,,,1,2023-06-17T17:58:57+00:00
SAO_546J-10,São Paulo,3550308,True,,1133,,,-23.687824,-46.658593499999995,,,,1,2023-06-17T17:58:42+00:00
SAO_546J-10,São Paulo,3550308,True,,1133,,,-23.687824,-46.658593499999995,,,,1,2023-06-17T17:58:57+00:00
SAO_546J-10,São Paulo,3550308,True,,1133,,,-23.676465999999998,-46.679821000000004,,,,1,2023-06-17T17:59:16+00:00
SAO_3020-10,São Paulo,3550308,True,,33726,,,-23.55268875,-46.431169499999996,,,,2,2023-06-17T17:58:54+00:00
SAO_3020-10,São Paulo,3550308,True,,33726,,,-23.573439999999998,-46.494905,,,,2,2023-06-17T17:59:15+00:00
SAO_3020-10,São Paulo,3550308,True,,33726,,,-23.550987499999998,-46.463438499999995,,,,2,2023-06-17T17:59:03+00:00
SAO_6200-10,São Paulo,3550308,True,,33123,,,-23.61633925,-46.701590249999995,,,,2,2023-06-17T17:58:45+00:00
SAO_6200-10,São Paulo,3550308,True,,33123,,,-23.65399525,-46.716798999999995,,,,2,2023-06-17T17:59:03+00:00
SAO_6200-10,São Paulo,3550308,True,,33123,,,-23.5790805,-46.67680300000001,,,,2,2023-06-17T17:58:42+00:00
SAO_6200-10,São Paulo,3550308,True,,33123,,,-23.588956000000003,-46.692911499999994,,,,2,2023-06-17T17:59:05+00:00
SAO_6200-10,São Paulo,3550308,True,,33123,,,-23.650898749999996,-46.719009,,,,2,2023-06-17T17:58:33+00:00
SAO_6200-10,São Paulo,3550308,True,,33123,,,-23.654868999999998,-46.715183874999994,,,,2,2023-06-17T17:58:35+00:00
SAO_6200-10,São Paulo,3550308,True,,33123,,,-23.555481999999998,-46.649518,,,,2,2023-06-17T17:59:17+00:00
SAO_9012-10,São Paulo,3550308,True,,34036,,,-23.507349124999998,-46.68923062500001,,,,2,2023-06-17T17:58:47+00:00
SAO_9012-10,São Paulo,3550308,True,,34036,,,-23.4662065,-46.6825265,,,,2,2023-06-17T17:58:55+00:00
SAO_4115-10,São Paulo,3550308,True,EMTU,322,https://moovitapp.com/index/pt-br/transporte_p%C3%BAblico-line-322-Sao_Paulo-242-2038937-36419412-0,6.2,-23.575957875,-46.62345525,,,,1,2023-06-17T17:59:08+00:00
SAO_6L01-10,São Paulo,3550308,True,,1171,,,-23.8674075,-46.743596999999994,,,,1,2023-06-17T17:55:40+00:00
SAO_6L01-10,São Paulo,3550308,True,,1171,,,-23.8380465,-46.732744,,,,1,2023-06-17T17:58:45+00:00
SAO_6L01-10,São Paulo,3550308,True,,1171,,,-23.77495725,-46.72226175,,,,1,2023-06-17T17:58:51+00:00
SAO_6L01-10,São Paulo,3550308,True,,1171,,,-23.838986750000004,-46.7364625,,,,1,2023-06-17T17:59:13+00:00
SAO_857R-10,São Paulo,3550308,True,,34660,,,-23.55592425,-46.6650535,,,,2,2023-06-17T17:59:16+00:00
SAO_857R-10,São Paulo,3550308,True,,34660,,,-23.5646643125,-46.652521875,,,,2,2023-06-17T17:58:38+00:00
SAO_857R-10,São Paulo,3550308,True,,34660,,,-23.631026499999997,-46.773642,,,,2,2023-06-17T17:59:13+00:00
SAO_857R-10,São Paulo,3550308,True,,34660,,,-23.631153500000003,-46.7733425,,,,2,2023-06-17T17:58:54+00:00
SAO_857R-10,São Paulo,3550308,True,,34660,,,-23.62733425,-46.76683075,,,,2,2023-06-17T17:59:17+00:00
SAO_857R-10,São Paulo,3550308,True,,34660,,,-23.631026499999997,-46.773642,,,,2,2023-06-17T17:58:57+00:00
SAO_857R-10,São Paulo,3550308,True,,34660,,,-23.5684265,-46.633215,,,,2,2023-06-17T17:58:36+00:00
SAO_807J-10,São Paulo,3550308,True,,34826,,,-23.6191465,-46.696652,,,,2,2023-06-17T17:59:11+00:00
SAO_807J-10,São Paulo,3550308,True,,34826,,,-23.631797499999998,-46.7719915,,,,2,2023-06-17T17:58:56+00:00
SAO_807J-10,São Paulo,3550308,True,,34826,,,-23.6220155,-46.758391,,,,2,2023-06-17T17:59:00+00:00
SAO_807J-10,São Paulo,3550308,True,,34826,,,-23.631797499999998,-46.7719915,,,,2,2023-06-17T17:58:42+00:00
SAO_3033-10,São Paulo,3550308,True,,968,,,-23.5978785,-46.458639500000004,,,,1,2023-06-17T17:53:13+00:00
SAO_3033-10,São Paulo,3550308,True,,968,,,-23.610867499999998,-46.4746765,,,,1,2023-06-17T17:59:07+00:00
SAO_3033-10,São Paulo,3550308,True,,968,,,-23.6107935,-46.4748,,,,1,2023-06-17T17:59:15+00:00
SAO_3033-10,São Paulo,3550308,True,,968,,,-23.595830375,-46.436915625,,,,1,2023-06-17T17:58:48+00:00
SAO_3033-10,São Paulo,3550308,True,,968,,,-23.554762,-46.401109500000004,,,,1,2023-06-17T17:58:36+00:00
SAO_3033-10,São Paulo,3550308,True,,968,,,-23.5556415,-46.4125245,,,,1,2023-06-17T17:58:44+00:00
SAO_3033-10,São Paulo,3550308,True,,968,,,-23.545155,-46.409308249999995,,,,1,2023-06-17T17:58:35+00:00
SAO_3033-10,São Paulo,3550308,True,,968,,,-23.5427145,-46.4149935,,,,1,2023-06-17T17:58:42+00:00
SAO_6817-10,São Paulo,3550308,True,,32795,,,-23.6657115,-46.7709265,,,,2,2023-06-17T17:59:13+00:00
SAO_527R-10,São Paulo,3550308,True,,33039,,,-23.66008575,-46.696712250000004,,,,2,2023-06-17T17:59:09+00:00
SAO_527R-10,São Paulo,3550308,True,,33039,,,-23.664074749999997,-46.67850525,,,,2,2023-06-17T17:58:50+00:00
SAO_527R-10,São Paulo,3550308,True,,33039,,,-23.67516125,-46.650865499999995,,,,2,2023-06-17T17:58:32+00:00
SAO_527R-10,São Paulo,3550308,True,,33039,,,-23.665928625,-46.657025125000004,,,,2,2023-06-17T17:59:03+00:00
SAO_208M-10,São Paulo,3550308,True,,2478,,,-23.564864749999998,-46.69365725,,,,1,2023-06-17T17:59:00+00:00
SAO_208M-10,São Paulo,3550308,True,,2478,,,-23.50216075,-46.626225000000005,,,,1,2023-06-17T17:58:29+00:00
SAO_208M-10,São Paulo,3550308,True,,2478,,,-23.5269835,-46.664647,,,,1,2023-06-17T17:58:42+00:00
SAO_476G-10,São Paulo,3550308,True,,33879,,,-23.5999895,-46.5513115,,,,2,2023-06-17T17:58:34+00:00
SAO_476G-10,São Paulo,3550308,True,,33879,,,-23.5861638125,-46.63626881249999,,,,2,2023-06-17T17:59:09+00:00
SAO_809V-10,São Paulo,3550308,True,,2243,,,-23.5587165,-46.659662874999995,,,,1,2023-06-17T17:59:08+00:00
SAO_809V-10,São Paulo,3550308,True,,2243,,,-23.575131,-46.729327,,,,1,2023-06-17T17:58:57+00:00
SAO_607C-10,São Paulo,3550308,True,,1977,,,-23.621447,-46.6979135,,,,1,2023-06-17T17:59:14+00:00
SAO_607C-10,São Paulo,3550308,True,,1977,,,-23.589897999999998,-46.6877415,,,,1,2023-06-17T17:58:50+00:00
SAO_607C-10,São Paulo,3550308,True,,1977,,,-23.676444,-46.6418475,,,,1,2023-06-17T17:58:31+00:00
SAO_607C-10,São Paulo,3550308,True,,1977,,,-23.6589095,-46.663281,,,,1,2023-06-17T17:58:35+00:00
SAO_607C-10,São Paulo,3550308,True,,1977,,,-23.6896565,-46.635254,,,,1,2023-06-17T17:59:06+00:00
SAO_971V-10,São Paulo,3550308,True,,33387,,,-23.511030499999997,-46.615718,,,,2,2023-06-17T17:59:14+00:00
SAO_971V-10,São Paulo,3550308,True,,33387,,,-23.4513575,-46.691139,,,,2,2023-06-17T17:58:59+00:00
SAO_971V-10,São Paulo,3550308,True,,33387,,,-23.48808,-46.6733335,,,,2,2023-06-17T17:58:48+00:00
SAO_971V-10,São Paulo,3550308,True,,33387,,,-23.4805725,-46.6731805,,,,2,2023-06-17T17:58:39+00:00
SAO_971V-10,São Paulo,3550308,True,,33387,,,-23.4599695,-46.675379,,,,2,2023-06-17T17:58:43+00:00
SAO_8004-10,São Paulo,3550308,True,,1254,,,-23.519486,-46.700917000000004,,,,1,2023-06-17T17:59:09+00:00
SAO_709A-10,São Paulo,3550308,True,,34860,,,-23.612644250000002,-46.6956455,,,,2,2023-06-17T17:59:15+00:00
SAO_709A-10,São Paulo,3550308,True,,34860,,,-23.58944175,-46.67779975,,,,2,2023-06-17T17:59:09+00:00
SAO_709A-10,São Paulo,3550308,True,,34860,,,-23.583329750000004,-46.637890375,,,,2,2023-06-17T17:58:56+00:00
SAO_5106-10,São Paulo,3550308,True,,1280,,,-23.63208425,-46.64162075,,,,1,2023-06-17T17:58:54+00:00
SAO_5106-10,São Paulo,3550308,True,,1280,,,-23.571423,-46.6437665,,,,1,2023-06-17T17:58:32+00:00
SAO_5106-10,São Paulo,3550308,True,,1280,,,-23.6110015,-46.637828,,,,1,2023-06-17T17:58:52+00:00
SAO_5106-10,São Paulo,3550308,True,,1280,,,-23.695118,-46.648917999999995,,,,1,2023-06-17T17:58:39+00:00
SAO_8000-10,São Paulo,3550308,True,,1273,,,-23.520449499999998,-46.6996115,,,,1,2023-06-17T17:58:43+00:00
SAO_172X-10,São Paulo,3550308,True,,33629,,,-23.512637,-46.567854249999996,,,,2,2023-06-17T17:58:38+00:00
SAO_172X-10,São Paulo,3550308,True,,33629,,,-23.539328250000004,-46.57760775,,,,2,2023-06-17T17:58:41+00:00
SAO_172X-10,São Paulo,3550308,True,,33629,,,-23.50426375,-46.565462249999996,,,,2,2023-06-17T17:59:08+00:00
SAO_172X-10,São Paulo,3550308,True,,33629,,,-23.50426375,-46.565462249999996,,,,2,2023-06-17T17:58:34+00:00
SAO_172X-10,São Paulo,3550308,True,,33629,,,-23.50426375,-46.565462249999996,,,,2,2023-06-17T17:56:08+00:00
SAO_172X-10,São Paulo,3550308,True,,33629,,,-23.50426375,-46.565462249999996,,,,2,2023-06-17T17:57:01+00:00
SAO_172X-10,São Paulo,3550308,True,,33629,,,-23.527297500000003,-46.565541249999995,,,,2,2023-06-17T17:58:56+00:00
SAO_9090-10,São Paulo,3550308,True,,884,,,-23.49192075,-46.6688365,,,,1,2023-06-17T17:58:51+00:00
SAO_9090-10,São Paulo,3550308,True,,884,,,-23.4596165,-46.6746275,,,,1,2023-06-17T17:59:06+00:00
SAO_9011-10,São Paulo,3550308,True,,878,,,-23.45467,-46.738116000000005,,,,1,2023-06-17T17:58:37+00:00
SAO_9011-10,São Paulo,3550308,True,,878,,,-23.4411685,-46.732647,,,,1,2023-06-17T17:58:37+00:00
SAO_9011-10,São Paulo,3550308,True,,878,,,-23.45467,-46.738116000000005,,,,1,2023-06-17T17:58:44+00:00
SAO_9011-10,São Paulo,3550308,True,,878,,,-23.436998,-46.717544375,,,,1,2023-06-17T17:58:47+00:00
SAO_9011-10,São Paulo,3550308,True,,878,,,-23.464514,-46.679869,,,,1,2023-06-17T17:58:59+00:00
SAO_9011-10,São Paulo,3550308,True,,878,,,-23.45467,-46.738116000000005,,,,1,2023-06-17T17:58:31+00:00
SAO_9011-10,São Paulo,3550308,True,,878,,,-23.45467,-46.738116000000005,,,,1,2023-06-17T17:58:35+00:00
SAO_9011-10,São Paulo,3550308,True,,878,,,-23.45467,-46.738116000000005,,,,1,2023-06-17T17:58:36+00:00
SAO_6037-10,São Paulo,3550308,True,,1215,,,-23.659836,-46.7703075,,,,1,2023-06-17T17:58:35+00:00
SAO_6037-10,São Paulo,3550308,True,,1215,,,-23.649607000000003,-46.707680499999995,,,,1,2023-06-17T17:59:03+00:00
SAO_6037-10,São Paulo,3550308,True,,1215,,,-23.638312125000002,-46.720681375,,,,1,2023-06-17T17:59:07+00:00
SAO_6118-10,São Paulo,3550308,True,,33956,,,-23.732136249999996,-46.71543575,,,,2,2023-06-17T17:58:57+00:00
SAO_6118-10,São Paulo,3550308,True,,33956,,,-23.689815000000003,-46.701563750000005,,,,2,2023-06-17T17:59:15+00:00
SAO_6118-10,São Paulo,3550308,True,,33956,,,-23.6539735,-46.71161549999999,,,,2,2023-06-17T17:58:51+00:00
SAO_6118-10,São Paulo,3550308,True,,33956,,,-23.752415999999997,-46.70257425,,,,2,2023-06-17T17:58:47+00:00
SAO_5178-10,São Paulo,3550308,True,,33363,,,-23.627580000000002,-46.661883,,,,2,2023-06-17T17:59:00+00:00
SAO_5178-10,São Paulo,3550308,True,,33363,,,-23.6819205,-46.642920000000004,,,,2,2023-06-17T17:58:41+00:00
SAO_5178-10,São Paulo,3550308,True,,33363,,,-23.682023,-46.6429045,,,,2,2023-06-17T17:59:08+00:00
SAO_5178-10,São Paulo,3550308,True,,33363,,,-23.56742725,-46.648875000000004,,,,2,2023-06-17T17:59:04+00:00
SAO_5178-10,São Paulo,3550308,True,,33363,,,-23.6744245,-46.642954,,,,2,2023-06-17T17:58:35+00:00
SAO_2710-10,São Paulo,3550308,True,,33692,,,-23.52512675,-46.50018275,,,,2,2023-06-17T17:58:48+00:00
SAO_2710-10,São Paulo,3550308,True,,33692,,,-23.529382,-46.50029325,,,,2,2023-06-17T17:58:59+00:00
SAO_2710-10,São Paulo,3550308,True,,33692,,,-23.529882,-46.501219000000006,,,,2,2023-06-17T17:58:47+00:00
SAO_2710-10,São Paulo,3550308,True,,33692,,,-23.52483075,-46.490063750000004,,,,2,2023-06-17T17:58:58+00:00
SAO_2710-10,São Paulo,3550308,True,,33692,,,-23.5190345,-46.4963295,,,,2,2023-06-17T17:59:00+00:00
SAO_374M-10,São Paulo,3550308,True,,34733,,,-23.48555,-46.48161125,,,,2,2023-06-17T17:58:37+00:00
SAO_374M-10,São Paulo,3550308,True,,34733,,,-23.508188500000003,-46.5002075,,,,2,2023-06-17T17:55:43+00:00
SAO_574C-10,São Paulo,3550308,True,,1639,,,-23.595524500000003,-46.5551765,,,,1,2023-06-17T17:58:57+00:00
SAO_574C-10,São Paulo,3550308,True,,1639,,,-23.588513375,-46.543343750000005,,,,1,2023-06-17T17:59:10+00:00
SAO_574C-10,São Paulo,3550308,True,,1639,,,-23.611480999999998,-46.476130999999995,,,,1,2023-06-17T17:59:08+00:00
SAO_575A-10,São Paulo,3550308,True,,1638,,,-23.5727425,-46.581624000000005,,,,1,2023-06-17T17:58:59+00:00
SAO_575A-10,São Paulo,3550308,True,,1638,,,-23.541288,-46.5781875,,,,1,2023-06-17T17:59:04+00:00
SAO_172J-10,São Paulo,3550308,True,,33624,,,-23.514658750000002,-46.586711625,,,,2,2023-06-17T17:58:50+00:00
SAO_172J-10,São Paulo,3550308,True,,33624,,,-23.4976675,-46.574518499999996,,,,2,2023-06-17T17:58:41+00:00
SAO_172J-10,São Paulo,3550308,True,,33624,,,-23.479189750000003,-46.56941425,,,,2,2023-06-17T17:58:53+00:00
SAO_172J-10,São Paulo,3550308,True,,33624,,,-23.479189750000003,-46.56941425,,,,2,2023-06-17T17:59:15+00:00
SAO_172J-10,São Paulo,3550308,True,,33624,,,-23.525704,-46.5803455,,,,2,2023-06-17T17:59:13+00:00
SAO_172J-10,São Paulo,3550308,True,,33624,,,-23.49467,-46.575655,,,,2,2023-06-17T17:59:09+00:00
SAO_172J-10,São Paulo,3550308,True,,33624,,,-23.531266,-46.578759250000004,,,,2,2023-06-17T17:59:02+00:00
SAO_172J-10,São Paulo,3550308,True,,33624,,,-23.517405374999996,-46.588878375,,,,2,2023-06-17T17:58:39+00:00
SAO_2626-10,São Paulo,3550308,True,,33144,,,-23.498297,-46.457488,,,,2,2023-06-17T17:58:48+00:00
SAO_2626-10,São Paulo,3550308,True,,33144,,,-23.546787000000002,-46.630505,,,,2,2023-06-17T17:59:11+00:00
SAO_2626-10,São Paulo,3550308,True,,33144,,,-23.523885,-46.4105465,,,,2,2023-06-17T17:58:43+00:00
SAO_2626-10,São Paulo,3550308,True,,33144,,,-23.523301,-46.4105365,,,,2,2023-06-17T17:58:38+00:00
SAO_2626-10,São Paulo,3550308,True,,33144,,,-23.495254000000003,-46.4290445,,,,2,2023-06-17T17:59:15+00:00
SAO_2626-10,São Paulo,3550308,True,,33144,,,-23.5147755,-46.519738000000004,,,,2,2023-06-17T17:58:52+00:00
SAO_2626-10,São Paulo,3550308,True,,33144,,,-23.535095,-46.5766945,,,,2,2023-06-17T17:58:47+00:00
SAO_2626-10,São Paulo,3550308,True,,33144,,,-23.5469065,-46.623822125000004,,,,2,2023-06-17T17:57:20+00:00
SAO_7022-10,São Paulo,3550308,True,,34852,,,-23.685029999999998,-46.7754175,,,,2,2023-06-17T17:58:52+00:00
SAO_7022-10,São Paulo,3550308,True,,34852,,,-23.654007,-46.710475,,,,2,2023-06-17T17:59:10+00:00
SAO_7022-10,São Paulo,3550308,True,,34852,,,-23.66995275,-46.76266525,,,,2,2023-06-17T17:59:11+00:00
SAO_857A-10,São Paulo,3550308,True,,34693,,,-23.583962,-46.716936000000004,,,,2,2023-06-17T17:59:04+00:00
SAO_857A-10,São Paulo,3550308,True,,34693,,,-23.6313825,-46.77286,,,,2,2023-06-17T17:59:15+00:00
SAO_857A-10,São Paulo,3550308,True,,34693,,,-23.6312955,-46.773033999999996,,,,2,2023-06-17T17:58:42+00:00
SAO_857A-10,São Paulo,3550308,True,,34693,,,-23.6313825,-46.77286,,,,2,2023-06-17T17:59:03+00:00
SAO_857A-10,São Paulo,3550308,True,,34693,,,-23.631218,-46.773197499999995,,,,2,2023-06-17T17:59:02+00:00
SAO_857A-10,São Paulo,3550308,True,,34693,,,-23.583496249999996,-46.66908875,,,,2,2023-06-17T17:58:42+00:00
SAO_1783-10,São Paulo,3550308,True,,644,,,-23.402776,-46.580669,,,,1,2023-06-17T17:56:54+00:00
SAO_1783-10,São Paulo,3550308,True,,644,,,-23.398522,-46.578048,,,,1,2023-06-17T17:59:13+00:00
SAO_1783-10,São Paulo,3550308,True,,644,,,-23.470223,-46.605329499999996,,,,1,2023-06-17T17:58:44+00:00
SAO_1783-10,São Paulo,3550308,True,,644,,,-23.3987925,-46.5782825,,,,1,2023-06-17T17:59:01+00:00
SAO_1783-10,São Paulo,3550308,True,,644,,,-23.495586,-46.6240705,,,,1,2023-06-17T17:58:57+00:00
SAO_2025-10,São Paulo,3550308,True,,2267,,,-23.47031725,-46.5851495,,,,1,2023-06-17T17:58:35+00:00
SAO_2025-10,São Paulo,3550308,True,,2267,,,-23.5025945,-46.6191225,,,,1,2023-06-17T17:57:10+00:00
SAO_2025-10,São Paulo,3550308,True,,2267,,,-23.4532025,-46.571693499999995,,,,1,2023-06-17T17:55:37+00:00
SAO_3099-10,São Paulo,3550308,True,,33847,,,-23.613286000000002,-46.4441805,,,,2,2023-06-17T17:58:46+00:00
SAO_3099-10,São Paulo,3550308,True,,33847,,,-23.6199455,-46.46758025,,,,2,2023-06-17T17:58:53+00:00
SAO_3099-10,São Paulo,3550308,True,,33847,,,-23.611579,-46.454283000000004,,,,2,2023-06-17T17:58:44+00:00
SAO_3099-10,São Paulo,3550308,True,,33847,,,-23.5993785,-46.485246625,,,,2,2023-06-17T17:58:52+00:00
SAO_3099-10,São Paulo,3550308,True,,33847,,,-23.6094635,-46.442282000000006,,,,2,2023-06-17T17:58:37+00:00
SAO_3539-10,São Paulo,3550308,True,,33516,,,-23.5923555,-46.406994,,,,2,2023-06-17T17:59:14+00:00
SAO_3539-10,São Paulo,3550308,True,,33516,,,-23.531082249999997,-46.5022635,,,,2,2023-06-17T17:57:32+00:00
SAO_3539-10,São Paulo,3550308,True,,33516,,,-23.548731,-46.606120875,,,,2,2023-06-17T17:58:36+00:00
SAO_3539-10,São Paulo,3550308,True,,33516,,,-23.56919525,-46.461098,,,,2,2023-06-17T17:58:42+00:00
SAO_3539-10,São Paulo,3550308,True,,33516,,,-23.601313750000003,-46.399062,,,,2,2023-06-17T17:58:47+00:00
SAO_3539-10,São Paulo,3550308,True,,33516,,,-23.6008165,-46.399510500000005,,,,2,2023-06-17T17:58:49+00:00
SAO_3539-10,São Paulo,3550308,True,,33516,,,-23.5956305,-46.43828325,,,,2,2023-06-17T17:58:55+00:00
SAO_3539-10,São Paulo,3550308,True,,33516,,,-23.601313750000003,-46.399062,,,,2,2023-06-17T17:58:47+00:00
SAO_4025-10,São Paulo,3550308,True,,1095,,,-23.5929145,-46.56408175,,,,1,2023-06-17T17:59:15+00:00
SAO_4025-10,São Paulo,3550308,True,,1095,,,-23.593271,-46.560283,,,,1,2023-06-17T17:58:53+00:00
SAO_4025-10,São Paulo,3550308,True,,1095,,,-23.57687875,-46.5771465,,,,1,2023-06-17T17:58:45+00:00
SAO_4025-10,São Paulo,3550308,True,,1095,,,-23.5713795,-46.5763225,,,,1,2023-06-17T17:58:38+00:00
SAO_4025-10,São Paulo,3550308,True,,1095,,,-23.5452975,-46.5777885,,,,1,2023-06-17T17:59:15+00:00
SAO_1020-10,São Paulo,3550308,True,,2497,,,-23.478384,-46.727853499999995,,,,1,2023-06-17T17:58:41+00:00
SAO_1020-10,São Paulo,3550308,True,,2497,,,-23.485329,-46.7108505,,,,1,2023-06-17T17:59:08+00:00
SAO_1020-10,São Paulo,3550308,True,,2497,,,-23.404873000000002,-46.742253500000004,,,,1,2023-06-17T17:59:08+00:00
SAO_5012-10,São Paulo,3550308,True,,1116,,,-23.7097155,-46.6354455,,,,1,2023-06-17T17:59:02+00:00
SAO_5012-10,São Paulo,3550308,True,,1116,,,-23.7097155,-46.6354455,,,,1,2023-06-17T17:59:08+00:00
SAO_5012-10,São Paulo,3550308,True,,1116,,,-23.6849845,-46.633231,,,,1,2023-06-17T17:58:36+00:00
SAO_5012-10,São Paulo,3550308,True,,1116,,,-23.7097155,-46.6354455,,,,1,2023-06-17T17:58:37+00:00
SAO_5012-10,São Paulo,3550308,True,,1116,,,-23.7097155,-46.6354455,,,,1,2023-06-17T17:58:46+00:00
SAO_5012-10,São Paulo,3550308,True,,1116,,,-23.7097155,-46.6354455,,,,1,2023-06-17T17:58:38+00:00
SAO_5012-10,São Paulo,3550308,True,,1116,,,-23.7097155,-46.6354455,,,,1,2023-06-17T17:57:11+00:00
SAO_5012-10,São Paulo,3550308,True,,1116,,,-23.66151025,-46.6372925,,,,1,2023-06-17T17:58:38+00:00
SAO_5012-10,São Paulo,3550308,True,,1116,,,-23.648361,-46.640132,,,,1,2023-06-17T17:58:43+00:00
SAO_5012-10,São Paulo,3550308,True,,1116,,,-23.702232,-46.638964,,,,1,2023-06-17T17:58:46+00:00
SAO_5012-10,São Paulo,3550308,True,,1116,,,-23.7097155,-46.6354455,,,,1,2023-06-17T17:58:56+00:00
SAO_9181-10,São Paulo,3550308,True,,885,,,-23.457559,-46.6963325,,,,1,2023-06-17T17:58:48+00:00
SAO_9181-10,São Paulo,3550308,True,,885,,,-23.52363175,-46.70185575,,,,1,2023-06-17T17:58:38+00:00
SAO_9181-10,São Paulo,3550308,True,,885,,,-23.4644065,-46.695459,,,,1,2023-06-17T17:58:34+00:00
SAO_9181-10,São Paulo,3550308,True,,885,,,-23.473666,-46.683777,,,,1,2023-06-17T17:58:29+00:00
SAO_9181-10,São Paulo,3550308,True,,885,,,-23.500742000000002,-46.6871175,,,,1,2023-06-17T17:58:59+00:00
SAO_9181-10,São Paulo,3550308,True,,885,,,-23.497529999999998,-46.691912,,,,1,2023-06-17T17:58:47+00:00
SAO_7005-51,São Paulo,3550308,True,,34767,,,-23.696150250000002,-46.77961,,,,2,2023-06-17T17:58:41+00:00
SAO_7005-51,São Paulo,3550308,True,,34767,,,-23.7160765,-46.78321925,,,,2,2023-06-17T17:58:53+00:00
SAO_7005-51,São Paulo,3550308,True,,34767,,,-23.6604345,-46.768545,,,,2,2023-06-17T17:58:43+00:00
SAO_7005-51,São Paulo,3550308,True,,34767,,,-23.73646075,-46.776863250000005,,,,2,2023-06-17T17:58:33+00:00
SAO_5145-10,São Paulo,3550308,True,,1641,,,-23.5749995,-46.554281,,,,1,2023-06-17T17:59:10+00:00
SAO_5145-10,São Paulo,3550308,True,,1641,,,-23.613952,-46.500666,,,,1,2023-06-17T17:58:53+00:00
SAO_5129-10,São Paulo,3550308,True,,34049,,,-23.646082999999997,-46.673944,,,,2,2023-06-17T17:59:11+00:00
SAO_5129-10,São Paulo,3550308,True,,34049,,,-23.66649675,-46.7191605,,,,2,2023-06-17T17:58:45+00:00
SAO_5129-10,São Paulo,3550308,True,,34049,,,-23.674775,-46.642773000000005,,,,2,2023-06-17T17:59:05+00:00
SAO_5129-10,São Paulo,3550308,True,,34049,,,-23.6828115,-46.635679749999994,,,,2,2023-06-17T17:58:52+00:00
SAO_5129-10,São Paulo,3550308,True,,34049,,,-23.6801235,-46.637139000000005,,,,2,2023-06-17T17:58:38+00:00
SAO_5129-10,São Paulo,3550308,True,,34049,,,-23.668323,-46.735209499999996,,,,2,2023-06-17T17:58:54+00:00
SAO_3766-10,São Paulo,3550308,True,,1055,,,-23.553675499999997,-46.427672,,,,1,2023-06-17T17:59:17+00:00
SAO_3766-10,São Paulo,3550308,True,,1055,,,-23.553675499999997,-46.427672,,,,1,2023-06-17T17:59:17+00:00
SAO_3002-10,São Paulo,3550308,True,,1808,,,-23.494825,-46.406887,,,,1,2023-06-17T17:58:47+00:00
SAO_3002-10,São Paulo,3550308,True,,1808,,,-23.50838525,-46.3779095,,,,1,2023-06-17T17:58:48+00:00
SAO_3002-10,São Paulo,3550308,True,,1808,,,-23.496955,-46.437329,,,,1,2023-06-17T17:58:59+00:00
SAO_3002-10,São Paulo,3550308,True,,1808,,,-23.49718625,-46.39991175,,,,1,2023-06-17T17:57:18+00:00
SAO_3002-10,São Paulo,3550308,True,,1808,,,-23.506603625000004,-46.379921125,,,,1,2023-06-17T17:58:46+00:00
SAO_6812-10,São Paulo,3550308,True,,34010,,,-23.7221965,-46.785171500000004,,,,2,2023-06-17T17:58:55+00:00
SAO_6812-10,São Paulo,3550308,True,,34010,,,-23.73195075,-46.790341,,,,2,2023-06-17T17:58:51+00:00
SAO_6812-10,São Paulo,3550308,True,,34010,,,-23.6886205,-46.77281625,,,,2,2023-06-17T17:58:55+00:00
SAO_6812-10,São Paulo,3550308,True,,34010,,,-23.677212500000003,-46.760749000000004,,,,2,2023-06-17T17:58:37+00:00
SAO_6812-10,São Paulo,3550308,True,,34010,,,-23.73195075,-46.790341,,,,2,2023-06-17T17:59:11+00:00
SAO_6812-10,São Paulo,3550308,True,,34010,,,-23.652938749999997,-46.701730749999996,,,,2,2023-06-17T17:59:14+00:00
SAO_6063-10,São Paulo,3550308,True,,33920,,,-23.766647,-46.716179,,,,2,2023-06-17T17:58:45+00:00
SAO_6063-10,São Paulo,3550308,True,,33920,,,-23.783673,-46.6827105,,,,2,2023-06-17T17:58:55+00:00
SAO_6063-10,São Paulo,3550308,True,,33920,,,-23.783673,-46.6827105,,,,2,2023-06-17T17:59:16+00:00
SAO_6063-10,São Paulo,3550308,True,,33920,,,-23.766647,-46.716179,,,,2,2023-06-17T17:58:55+00:00
SAO_6063-10,São Paulo,3550308,True,,33920,,,-23.783673,-46.6827105,,,,2,2023-06-17T17:59:00+00:00
SAO_6063-10,São Paulo,3550308,True,,33920,,,-23.766647,-46.716179,,,,2,2023-06-17T17:58:39+00:00
SAO_6063-10,São Paulo,3550308,True,,33920,,,-23.783673,-46.6827105,,,,2,2023-06-17T17:58:57+00:00
SAO_6063-10,São Paulo,3550308,True,,33920,,,-23.783673,-46.6827105,,,,2,2023-06-17T17:59:16+00:00
SAO_6063-10,São Paulo,3550308,True,,33920,,,-23.789133,-46.689169,,,,2,2023-06-17T17:59:07+00:00
SAO_3027-10,São Paulo,3550308,True,,963,,,-23.5431315,-46.420833,,,,1,2023-06-17T17:58:40+00:00
SAO_3027-10,São Paulo,3550308,True,,963,,,-23.5431935,-46.4152505,,,,1,2023-06-17T17:58:46+00:00
SAO_3027-10,São Paulo,3550308,True,,963,,,-23.550971500000003,-46.436522,,,,1,2023-06-17T17:58:40+00:00
SAO_3027-10,São Paulo,3550308,True,,963,,,-23.563912000000002,-46.5052585,,,,1,2023-06-17T17:58:47+00:00
SAO_3027-10,São Paulo,3550308,True,,963,,,-23.5431935,-46.4152505,,,,1,2023-06-17T17:59:00+00:00
SAO_3027-10,São Paulo,3550308,True,,963,,,-23.580675499999998,-46.4888265,,,,1,2023-06-17T17:58:45+00:00
SAO_3027-10,São Paulo,3550308,True,,963,,,-23.5431935,-46.4152505,,,,1,2023-06-17T17:59:15+00:00
SAO_477U-10,São Paulo,3550308,True,,306,,,-23.59611075,-46.60376175,,,,1,2023-06-17T17:59:11+00:00
SAO_477U-10,São Paulo,3550308,True,,306,,,-23.5894045,-46.634211,,,,1,2023-06-17T17:59:09+00:00
SAO_148L-10,São Paulo,3550308,True,EMTU,531,https://moovitapp.com/index/pt-br/transporte_p%C3%BAblico-line-531-Sao_Paulo-242-2038937-36419543-0,4.4,-23.4813695,-46.673145500000004,,,,1,2023-06-17T17:59:02+00:00
SAO_148L-10,São Paulo,3550308,True,EMTU,531,https://moovitapp.com/index/pt-br/transporte_p%C3%BAblico-line-531-Sao_Paulo-242-2038937-36419543-0,4.4,-23.5199865,-46.701155,,,,1,2023-06-17T17:59:14+00:00
SAO_148L-10,São Paulo,3550308,True,EMTU,531,https://moovitapp.com/index/pt-br/transporte_p%C3%BAblico-line-531-Sao_Paulo-242-2038937-36419543-0,4.4,-23.472155,-46.650782,,,,1,2023-06-17T17:58:46+00:00
SAO_148L-10,São Paulo,3550308,True,EMTU,531,https://moovitapp.com/index/pt-br/transporte_p%C3%BAblico-line-531-Sao_Paulo-242-2038937-36419543-0,4.4,-23.519864499999997,-46.700969,,,,1,2023-06-17T17:58:59+00:00
SAO_148L-10,São Paulo,3550308,True,EMTU,531,https://moovitapp.com/index/pt-br/transporte_p%C3%BAblico-line-531-Sao_Paulo-242-2038937-36419543-0,4.4,-23.462044,-46.65852075,,,,1,2023-06-17T17:59:14+00:00
SAO_148L-10,São Paulo,3550308,True,EMTU,531,https://moovitapp.com/index/pt-br/transporte_p%C3%BAblico-line-531-Sao_Paulo-242-2038937-36419543-0,4.4,-23.5097565,-46.689898,,,,1,2023-06-17T17:58:50+00:00
SAO_2723-10,São Paulo,3550308,True,,33705,,,-23.493571000000003,-46.4435505,,,,2,2023-06-17T17:58:52+00:00
SAO_2723-10,São Paulo,3550308,True,,33705,,,-23.4873525,-46.463664,,,,2,2023-06-17T17:58:46+00:00
SAO_2723-10,São Paulo,3550308,True,,33705,,,-23.4873525,-46.463664,,,,2,2023-06-17T17:59:08+00:00
SAO_2723-10,São Paulo,3550308,True,,33705,,,-23.5102435,-46.443466,,,,2,2023-06-17T17:58:42+00:00
SAO_2723-10,São Paulo,3550308,True,,33705,,,-23.49727,-46.4540775,,,,2,2023-06-17T17:59:12+00:00
SAO_9300-10,São Paulo,3550308,True,EMTU,116,https://moovitapp.com/index/pt-br/transporte_p%C3%BAblico-line-116-Sao_Paulo-242-2038937-36419276-0,12.1,-23.4959565,-46.6621375,,,,1,2023-06-17T17:59:14+00:00
SAO_9300-10,São Paulo,3550308,True,EMTU,116,https://moovitapp.com/index/pt-br/transporte_p%C3%BAblico-line-116-Sao_Paulo-242-2038937-36419276-0,12.1,-23.54894,-46.6423725,,,,1,2023-06-17T17:59:08+00:00
SAO_9300-10,São Paulo,3550308,True,EMTU,116,https://moovitapp.com/index/pt-br/transporte_p%C3%BAblico-line-116-Sao_Paulo-242-2038937-36419276-0,12.1,-23.546077500000003,-46.631047,,,,1,2023-06-17T17:59:13+00:00
SAO_9300-10,São Paulo,3550308,True,EMTU,116,https://moovitapp.com/index/pt-br/transporte_p%C3%BAblico-line-116-Sao_Paulo-242-2038937-36419276-0,12.1,-23.523119562499996,-46.6516929375,,,,1,2023-06-17T17:58:49+00:00
SAO_6913-10,São Paulo,3550308,True,,1465,,,-23.6205565,-46.6834085,,,,1,2023-06-17T17:59:04+00:00
SAO_6913-10,São Paulo,3550308,True,,1465,,,-23.767560000000003,-46.7161905,,,,1,2023-06-17T17:59:12+00:00
SAO_6913-10,São Paulo,3550308,True,,1465,,,-23.715574500000002,-46.706303000000005,,,,1,2023-06-17T17:58:55+00:00
SAO_6913-10,São Paulo,3550308,True,,1465,,,-23.591649750000002,-46.672610750000004,,,,1,2023-06-17T17:59:16+00:00
SAO_6913-10,São Paulo,3550308,True,,1465,,,-23.7398555,-46.702405999999996,,,,1,2023-06-17T17:59:13+00:00
SAO_6913-10,São Paulo,3550308,True,,1465,,,-23.767560000000003,-46.7161905,,,,1,2023-06-17T17:59:11+00:00
SAO_6913-10,São Paulo,3550308,True,,1465,,,-23.767961,-46.716508,,,,1,2023-06-17T17:59:12+00:00
SAO_6913-10,São Paulo,3550308,True,,1465,,,-23.648898000000003,-46.703265,,,,1,2023-06-17T17:59:12+00:00
SAO_6913-10,São Paulo,3550308,True,,1465,,,-23.6737855,-46.7122165,,,,1,2023-06-17T17:59:07+00:00
SAO_3686-10,São Paulo,3550308,True,EMTU,166,https://moovitapp.com/index/pt-br/transporte_p%C3%BAblico-line-166-Sao_Paulo-242-2038937-36419307-0,7.8,-23.5473415,-46.629296499999995,,,,1,2023-06-17T17:59:00+00:00
SAO_3686-10,São Paulo,3550308,True,EMTU,166,https://moovitapp.com/index/pt-br/transporte_p%C3%BAblico-line-166-Sao_Paulo-242-2038937-36419307-0,7.8,-23.534845,-46.548697000000004,,,,1,2023-06-17T17:58:53+00:00
SAO_3686-10,São Paulo,3550308,True,EMTU,166,https://moovitapp.com/index/pt-br/transporte_p%C3%BAblico-line-166-Sao_Paulo-242-2038937-36419307-0,7.8,-23.535967,-46.490805,,,,1,2023-06-17T17:54:15+00:00
SAO_3686-10,São Paulo,3550308,True,EMTU,166,https://moovitapp.com/index/pt-br/transporte_p%C3%BAblico-line-166-Sao_Paulo-242-2038937-36419307-0,7.8,-23.537591749999997,-46.427231500000005,,,,1,2023-06-17T17:58:54+00:00
SAO_546T-10,São Paulo,3550308,True,,33040,,,-23.652103750000002,-46.70216125,,,,2,2023-06-17T17:59:08+00:00
SAO_546T-10,São Paulo,3550308,True,,33040,,,-23.697122125,-46.670599125,,,,2,2023-06-17T17:58:46+00:00
SAO_546T-10,São Paulo,3550308,True,,33040,,,-23.6541035,-46.710938999999996,,,,2,2023-06-17T17:58:38+00:00
SAO_546T-10,São Paulo,3550308,True,,33040,,,-23.7040635,-46.626618500000006,,,,2,2023-06-17T17:58:39+00:00
SAO_546T-10,São Paulo,3550308,True,,33040,,,-23.6541035,-46.710938999999996,,,,2,2023-06-17T17:58:43+00:00
SAO_546T-10,São Paulo,3550308,True,,33040,,,-23.701979,-46.6271055,,,,2,2023-06-17T17:58:55+00:00
SAO_546T-10,São Paulo,3550308,True,,33040,,,-23.658801250000003,-46.701466499999995,,,,2,2023-06-17T17:58:45+00:00
SAO_546T-10,São Paulo,3550308,True,,33040,,,-23.693718500000003,-46.677829,,,,2,2023-06-17T17:58:48+00:00
SAO_546T-10,São Paulo,3550308,True,,33040,,,-23.677236999999998,-46.685503499999996,,,,2,2023-06-17T17:58:48+00:00
SAO_546T-10,São Paulo,3550308,True,,33040,,,-23.68187725,-46.68235475,,,,2,2023-06-17T17:58:55+00:00
SAO_546T-10,São Paulo,3550308,True,,33040,,,-23.7011465,-46.6395155,,,,2,2023-06-17T17:58:39+00:00
SAO_546T-10,São Paulo,3550308,True,,33040,,,-23.6541035,-46.710938999999996,,,,2,2023-06-17T17:57:24+00:00
SAO_847P-10,São Paulo,3550308,True,,33191,,,-23.571728999999998,-46.69021325,,,,2,2023-06-17T17:58:55+00:00
SAO_847P-10,São Paulo,3550308,True,,33191,,,-23.5733195,-46.689200125,,,,2,2023-06-17T17:58:46+00:00
SAO_847P-10,São Paulo,3550308,True,,33191,,,-23.542265,-46.696285,,,,2,2023-06-17T17:58:38+00:00
SAO_847P-10,São Paulo,3550308,True,,33191,,,-23.596461,-46.691906,,,,2,2023-06-17T17:58:44+00:00
SAO_9191-10,São Paulo,3550308,True,,33578,,,-23.460837249999997,-46.671147250000004,,,,2,2023-06-17T17:58:58+00:00
SAO_9191-10,São Paulo,3550308,True,,33578,,,-23.4561095,-46.678686,,,,2,2023-06-17T17:58:31+00:00
SAO_9191-10,São Paulo,3550308,True,,33578,,,-23.523927999999998,-46.66606025,,,,2,2023-06-17T17:59:10+00:00
SAO_9191-10,São Paulo,3550308,True,,33578,,,-23.456177500000003,-46.678882,,,,2,2023-06-17T17:58:44+00:00
SAO_9191-10,São Paulo,3550308,True,,33578,,,-23.456177500000003,-46.678882,,,,2,2023-06-17T17:58:35+00:00
SAO_9191-10,São Paulo,3550308,True,,33578,,,-23.497087,-46.683332,,,,2,2023-06-17T17:58:50+00:00
SAO_9191-10,São Paulo,3550308,True,,33578,,,-23.4561095,-46.678686,,,,2,2023-06-17T17:59:14+00:00
SAO_9191-10,São Paulo,3550308,True,,33578,,,-23.5259165,-46.63162,,,,2,2023-06-17T17:58:54+00:00
SAO_9191-10,São Paulo,3550308,True,,33578,,,-23.5280495,-46.633629625,,,,2,2023-06-17T17:59:04+00:00
SAO_9191-10,São Paulo,3550308,True,,33578,,,-23.4816705,-46.6731425,,,,2,2023-06-17T17:58:40+00:00
SAO_8677-10,São Paulo,3550308,True,EMTU,443,https://moovitapp.com/index/pt-br/transporte_p%C3%BAblico-line-443-Sao_Paulo-242-2038937-36419491-0,5.4,-23.5250385,-46.683922,,,,1,2023-06-17T17:59:16+00:00
SAO_8677-10,São Paulo,3550308,True,EMTU,443,https://moovitapp.com/index/pt-br/transporte_p%C3%BAblico-line-443-Sao_Paulo-242-2038937-36419491-0,5.4,-23.48443975,-46.76457025,,,,1,2023-06-17T17:58:44+00:00
SAO_8677-10,São Paulo,3550308,True,EMTU,443,https://moovitapp.com/index/pt-br/transporte_p%C3%BAblico-line-443-Sao_Paulo-242-2038937-36419491-0,5.4,-23.542588000000002,-46.63816,,,,1,2023-06-17T17:59:08+00:00
SAO_7049-10,São Paulo,3550308,True,,1912,,,-23.6766065,-46.7739425,,,,1,2023-06-17T17:58:42+00:00
SAO_7049-10,São Paulo,3550308,True,,1912,,,-23.7116535,-46.777972,,,,1,2023-06-17T17:58:58+00:00
SAO_7049-10,São Paulo,3550308,True,,1912,,,-23.7116535,-46.777972,,,,1,2023-06-17T17:59:17+00:00
SAO_7049-10,São Paulo,3550308,True,,1912,,,-23.69319,-46.778980000000004,,,,1,2023-06-17T17:59:12+00:00
SAO_7049-10,São Paulo,3550308,True,,1912,,,-23.692809,-46.778341,,,,1,2023-06-17T17:59:07+00:00
SAO_2711-10,São Paulo,3550308,True,,925,,,-23.5297945,-46.500789,,,,1,2023-06-17T17:58:59+00:00
SAO_2711-10,São Paulo,3550308,True,,925,,,-23.51043025,-46.493969500000006,,,,1,2023-06-17T17:58:52+00:00
SAO_233C-10,São Paulo,3550308,True,,32923,,,-23.519024125,-46.475913874999996,,,,2,2023-06-17T17:58:31+00:00
SAO_233C-10,São Paulo,3550308,True,,32923,,,-23.531578000000003,-46.4851105,,,,2,2023-06-17T17:59:13+00:00
SAO_233C-10,São Paulo,3550308,True,,32923,,,-23.563548,-46.549237500000004,,,,2,2023-06-17T17:58:57+00:00
SAO_233C-10,São Paulo,3550308,True,,32923,,,-23.519024125,-46.475913874999996,,,,2,2023-06-17T17:58:55+00:00
SAO_233C-10,São Paulo,3550308,True,,32923,,,-23.572862999999998,-46.534161999999995,,,,2,2023-06-17T17:58:43+00:00
SAO_2732-10,São Paulo,3550308,True,,33715,,,-23.5364515,-46.473638,,,,2,2023-06-17T17:58:40+00:00
SAO_2732-10,São Paulo,3550308,True,,33715,,,-23.52940975,-46.4556305,,,,2,2023-06-17T17:58:46+00:00
SAO_2732-10,São Paulo,3550308,True,,33715,,,-23.529743,-46.45955,,,,2,2023-06-17T17:58:53+00:00
SAO_2732-10,São Paulo,3550308,True,,33715,,,-23.539938499999998,-46.482815,,,,2,2023-06-17T17:58:49+00:00
SAO_2732-10,São Paulo,3550308,True,,33715,,,-23.529743,-46.45955,,,,2,2023-06-17T17:59:10+00:00
SAO_1036-10,São Paulo,3550308,True,,2453,,,-23.485856,-46.71054650000001,,,,1,2023-06-17T17:59:13+00:00
SAO_1036-10,São Paulo,3550308,True,,2453,,,-23.4731695,-46.713997,,,,1,2023-06-17T17:58:43+00:00
SAO_1036-10,São Paulo,3550308,True,,2453,,,-23.4531075,-46.711831000000004,,,,1,2023-06-17T17:58:59+00:00
SAO_1036-10,São Paulo,3550308,True,,2453,,,-23.448158,-46.7087345,,,,1,2023-06-17T17:58:45+00:00
SAO_1036-10,São Paulo,3550308,True,,2453,,,-23.4466055,-46.708261,,,,1,2023-06-17T17:59:12+00:00
SAO_1036-10,São Paulo,3550308,True,,2453,,,-23.451693,-46.712231,,,,1,2023-06-17T17:59:14+00:00
SAO_1036-10,São Paulo,3550308,True,,2453,,,-23.4841615,-46.7107205,,,,1,2023-06-17T17:58:29+00:00
SAO_1036-10,São Paulo,3550308,True,,2453,,,-23.447775,-46.708842000000004,,,,1,2023-06-17T17:58:53+00:00
SAO_273X-10,São Paulo,3550308,True,EMTU,392,https://moovitapp.com/index/pt-br/transporte_p%C3%BAblico-line-392-Sao_Paulo-242-2038937-36419460-0,5.8,-23.498495,-46.376676,,,,1,2023-06-17T17:58:56+00:00
SAO_273X-10,São Paulo,3550308,True,EMTU,392,https://moovitapp.com/index/pt-br/transporte_p%C3%BAblico-line-392-Sao_Paulo-242-2038937-36419460-0,5.8,-23.534727,-46.473905,,,,1,2023-06-17T17:58:14+00:00
SAO_273X-10,São Paulo,3550308,True,EMTU,392,https://moovitapp.com/index/pt-br/transporte_p%C3%BAblico-line-392-Sao_Paulo-242-2038937-36419460-0,5.8,-23.493909000000002,-46.416891500000006,,,,1,2023-06-17T17:59:14+00:00
SAO_273X-10,São Paulo,3550308,True,EMTU,392,https://moovitapp.com/index/pt-br/transporte_p%C3%BAblico-line-392-Sao_Paulo-242-2038937-36419460-0,5.8,-23.491332,-46.386855,,,,1,2023-06-17T17:58:55+00:00
SAO_273X-10,São Paulo,3550308,True,EMTU,392,https://moovitapp.com/index/pt-br/transporte_p%C3%BAblico-line-392-Sao_Paulo-242-2038937-36419460-0,5.8,-23.49793,-46.4590195,,,,1,2023-06-17T17:57:05+00:00
SAO_273X-10,São Paulo,3550308,True,EMTU,392,https://moovitapp.com/index/pt-br/transporte_p%C3%BAblico-line-392-Sao_Paulo-242-2038937-36419460-0,5.8,-23.505614875,-46.385231250000004,,,,1,2023-06-17T17:59:05+00:00
SAO_273X-10,São Paulo,3550308,True,EMTU,392,https://moovitapp.com/index/pt-br/transporte_p%C3%BAblico-line-392-Sao_Paulo-242-2038937-36419460-0,5.8,-23.4952525,-46.43242,,,,1,2023-06-17T17:55:10+00:00
SAO_4312-10,São Paulo,3550308,True,,34940,,,-23.570552125,-46.489686875,,,,2,2023-06-17T17:59:14+00:00
SAO_4312-10,São Paulo,3550308,True,,34940,,,-23.570552125,-46.489686875,,,,2,2023-06-17T17:59:06+00:00
SAO_4312-10,São Paulo,3550308,True,,34940,,,-23.545980125,-46.598475750000006,,,,2,2023-06-17T17:59:15+00:00
SAO_7016-10,São Paulo,3550308,True,,34886,,,-23.6671625,-46.727432,,,,2,2023-06-17T17:59:00+00:00
SAO_7016-10,São Paulo,3550308,True,,34886,,,-23.688352000000002,-46.773396500000004,,,,2,2023-06-17T17:58:52+00:00
SAO_7016-10,São Paulo,3550308,True,,34886,,,-23.688352000000002,-46.773396500000004,,,,2,2023-06-17T17:58:56+00:00
SAO_7016-10,São Paulo,3550308,True,,34886,,,-23.688399500000003,-46.77262075,,,,2,2023-06-17T17:58:52+00:00
SAO_7016-10,São Paulo,3550308,True,,34886,,,-23.688326562500002,-46.7663701875,,,,2,2023-06-17T17:58:59+00:00
SAO_6258-31,São Paulo,3550308,True,,34551,,,-23.666969,-46.732350499999995,,,,2,2023-06-17T17:59:08+00:00
SAO_6258-31,São Paulo,3550308,True,,34551,,,-23.678276,-46.7470385,,,,2,2023-06-17T17:58:57+00:00
SAO_414P-10,São Paulo,3550308,True,,1105,,,-23.540388375,-46.57119725,,,,1,2023-06-17T17:59:12+00:00
SAO_414P-10,São Paulo,3550308,True,,1105,,,-23.587276000000003,-46.532540749999995,,,,1,2023-06-17T17:58:40+00:00
SAO_414P-10,São Paulo,3550308,True,,1105,,,-23.567358499999997,-46.541426,,,,1,2023-06-17T17:58:57+00:00
SAO_414P-10,São Paulo,3550308,True,,1105,,,-23.610801000000002,-46.5299455,,,,1,2023-06-17T17:59:18+00:00
SAO_273R-10,São Paulo,3550308,True,EMTU,226,https://moovitapp.com/index/pt-br/transporte_p%C3%BAblico-line-226-Sao_Paulo-242-2038937-36419343-0,5.05,-23.51480175,-46.41941425,,,,1,2023-06-17T17:58:46+00:00
SAO_273R-10,São Paulo,3550308,True,EMTU,226,https://moovitapp.com/index/pt-br/transporte_p%C3%BAblico-line-226-Sao_Paulo-242-2038937-36419343-0,5.05,-23.5337275,-46.473676999999995,,,,1,2023-06-17T17:56:28+00:00
SAO_273R-10,São Paulo,3550308,True,EMTU,226,https://moovitapp.com/index/pt-br/transporte_p%C3%BAblico-line-226-Sao_Paulo-242-2038937-36419343-0,5.05,-23.539938499999998,-46.482815,,,,1,2023-06-17T17:58:54+00:00
SAO_273R-10,São Paulo,3550308,True,EMTU,226,https://moovitapp.com/index/pt-br/transporte_p%C3%BAblico-line-226-Sao_Paulo-242-2038937-36419343-0,5.05,-23.5118045,-46.43378525,,,,1,2023-06-17T17:56:18+00:00
SAO_8700-10,São Paulo,3550308,True,,1877,,,-23.6304685,-46.773606,,,,1,2023-06-17T17:58:34+00:00
SAO_8700-10,São Paulo,3550308,True,,1877,,,-23.5489345,-46.651877,,,,1,2023-06-17T17:59:14+00:00
SAO_8700-10,São Paulo,3550308,True,,1877,,,-23.584919,-46.719221000000005,,,,1,2023-06-17T17:59:13+00:00
SAO_8700-10,São Paulo,3550308,True,,1877,,,-23.608897,-46.7516605,,,,1,2023-06-17T17:58:45+00:00
SAO_8700-10,São Paulo,3550308,True,,1877,,,-23.628953000000003,-46.768699999999995,,,,1,2023-06-17T17:58:53+00:00
SAO_8700-10,São Paulo,3550308,True,,1877,,,-23.547560500000003,-46.640557,,,,1,2023-06-17T17:59:17+00:00
SAO_9191-10,São Paulo,3550308,True,EMTU,810,https://moovitapp.com/index/pt-br/transporte_p%C3%BAblico-line-810-Sao_Paulo-242-2038937-36419585-0,5.4,-23.4599635,-46.6801725,,,,1,2023-06-17T17:59:03+00:00
SAO_9191-10,São Paulo,3550308,True,EMTU,810,https://moovitapp.com/index/pt-br/transporte_p%C3%BAblico-line-810-Sao_Paulo-242-2038937-36419585-0,5.4,-23.463489000000003,-46.6694855,,,,1,2023-06-17T17:59:09+00:00
SAO_9191-10,São Paulo,3550308,True,EMTU,810,https://moovitapp.com/index/pt-br/transporte_p%C3%BAblico-line-810-Sao_Paulo-242-2038937-36419585-0,5.4,-23.48529925,-46.67476475000001,,,,1,2023-06-17T17:59:02+00:00
SAO_9191-10,São Paulo,3550308,True,EMTU,810,https://moovitapp.com/index/pt-br/transporte_p%C3%BAblico-line-810-Sao_Paulo-242-2038937-36419585-0,5.4,-23.509770000000003,-46.670873,,,,1,2023-06-17T17:58:47+00:00
SAO_9191-10,São Paulo,3550308,True,EMTU,810,https://moovitapp.com/index/pt-br/transporte_p%C3%BAblico-line-810-Sao_Paulo-242-2038937-36419585-0,5.4,-23.528706,-46.6389825,,,,1,2023-06-17T17:58:51+00:00
SAO_6083-10,São Paulo,3550308,True,,1733,,,-23.7379235,-46.6925615,,,,1,2023-06-17T17:58:58+00:00
SAO_6083-10,São Paulo,3550308,True,,1733,,,-23.755481000000003,-46.6672705,,,,1,2023-06-17T17:59:16+00:00
SAO_175T-10,São Paulo,3550308,True,,33391,,,-23.6539315,-46.637958,,,,2,2023-06-17T17:58:34+00:00
SAO_175T-10,São Paulo,3550308,True,,33391,,,-23.63191125,-46.66177475,,,,2,2023-06-17T17:58:59+00:00
SAO_175T-10,São Paulo,3550308,True,,33391,,,-23.5031265,-46.624462,,,,2,2023-06-17T17:59:06+00:00
SAO_175T-10,São Paulo,3550308,True,,33391,,,-23.557202874999998,-46.637838625,,,,2,2023-06-17T17:59:09+00:00
SAO_175T-10,São Paulo,3550308,True,,33391,,,-23.503133,-46.624143000000004,,,,2,2023-06-17T17:58:50+00:00
SAO_175T-10,São Paulo,3550308,True,,33391,,,-23.59844725,-46.650623,,,,2,2023-06-17T17:59:13+00:00
SAO_175T-10,São Paulo,3550308,True,,33391,,,-23.646867999999998,-46.6402595,,,,2,2023-06-17T17:59:00+00:00
SAO_5031-10,São Paulo,3550308,True,,1746,,,-23.631887499999998,-46.5856905,,,,1,2023-06-17T17:59:11+00:00
SAO_5031-10,São Paulo,3550308,True,,1746,,,-23.6097225,-46.596173500000006,,,,1,2023-06-17T17:59:11+00:00
SAO_5031-10,São Paulo,3550308,True,,1746,,,-23.619279499999998,-46.59243025,,,,1,2023-06-17T17:59:18+00:00
SAO_5031-10,São Paulo,3550308,True,,1746,,,-23.60347625,-46.6025595,,,,1,2023-06-17T17:58:51+00:00
SAO_5031-10,São Paulo,3550308,True,,1746,,,-23.637415,-46.592847500000005,,,,1,2023-06-17T17:58:33+00:00
SAO_5031-10,São Paulo,3550308,True,,1746,,,-23.62608475,-46.591164500000005,,,,1,2023-06-17T17:58:34+00:00
SAO_2014-10,São Paulo,3550308,True,,33668,,,-23.457081000000002,-46.669748,,,,2,2023-06-17T17:58:44+00:00
SAO_2014-10,São Paulo,3550308,True,,33668,,,-23.48179775,-46.66905975,,,,2,2023-06-17T17:59:01+00:00
SAO_2014-10,São Paulo,3550308,True,,33668,,,-23.502699500000002,-46.66208,,,,2,2023-06-17T17:58:46+00:00
SAO_2014-10,São Paulo,3550308,True,,33668,,,-23.457081000000002,-46.669748,,,,2,2023-06-17T17:58:41+00:00
SAO_2014-10,São Paulo,3550308,True,,33668,,,-23.490610625000002,-46.6637995,,,,2,2023-06-17T17:58:44+00:00
SAO_2014-10,São Paulo,3550308,True,,33668,,,-23.457437,-46.670062,,,,2,2023-06-17T17:59:02+00:00
SAO_2014-10,São Paulo,3550308,True,,33668,,,-23.457518,-46.670135,,,,2,2023-06-17T17:59:13+00:00
SAO_2014-10,São Paulo,3550308,True,,33668,,,-23.457437,-46.670062,,,,2,2023-06-17T17:58:43+00:00
SAO_2014-10,São Paulo,3550308,True,,33668,,,-23.522473374999997,-46.66870625,,,,2,2023-06-17T17:58:44+00:00
SAO_2014-10,São Paulo,3550308,True,,33668,,,-23.52644,-46.66704,,,,2,2023-06-17T17:59:11+00:00
SAO_2014-10,São Paulo,3550308,True,,33668,,,-23.457342,-46.669977,,,,2,2023-06-17T17:58:53+00:00
SAO_6450-10,São Paulo,3550308,True,,59,,,-23.57027475,-46.66202125,,,,1,2023-06-17T17:58:48+00:00
SAO_6450-10,São Paulo,3550308,True,,59,,,-23.599134499999998,-46.673831500000006,,,,1,2023-06-17T17:59:17+00:00
SAO_6450-10,São Paulo,3550308,True,,59,,,-23.645292625000003,-46.71380275,,,,1,2023-06-17T17:59:02+00:00
SAO_6450-10,São Paulo,3550308,True,,59,,,-23.638153374999998,-46.695850750000005,,,,1,2023-06-17T17:58:54+00:00
SAO_3098-10,São Paulo,3550308,True,,33846,,,-23.5761295,-46.502480500000004,,,,2,2023-06-17T17:59:01+00:00
SAO_3098-10,São Paulo,3550308,True,,33846,,,-23.63146325,-46.456264,,,,2,2023-06-17T17:59:15+00:00
SAO_3098-10,São Paulo,3550308,True,,33846,,,-23.597652500000002,-46.48668725,,,,2,2023-06-17T17:58:43+00:00
SAO_3098-10,São Paulo,3550308,True,,33846,,,-23.6119445,-46.474575,,,,2,2023-06-17T17:59:08+00:00
SAO_3098-10,São Paulo,3550308,True,,33846,,,-23.631781750000002,-46.45626,,,,2,2023-06-17T17:58:44+00:00
SAO_3098-10,São Paulo,3550308,True,,33846,,,-23.631460750000002,-46.461935249999996,,,,2,2023-06-17T17:58:51+00:00
SAO_3098-10,São Paulo,3550308,True,,33846,,,-23.631781750000002,-46.45626,,,,2,2023-06-17T17:58:53+00:00
SAO_4725-10,São Paulo,3550308,True,,33106,,,-23.60916775,-46.638339875,,,,2,2023-06-17T17:58:50+00:00
SAO_4725-10,São Paulo,3550308,True,,33106,,,-23.6335525,-46.6141865,,,,2,2023-06-17T17:59:14+00:00
SAO_3738-10,São Paulo,3550308,True,,1038,,,-23.542684,-46.4693915,,,,1,2023-06-17T17:58:38+00:00
SAO_3738-10,São Paulo,3550308,True,,1038,,,-23.5630765,-46.394354,,,,1,2023-06-17T17:58:43+00:00
SAO_3738-10,São Paulo,3550308,True,,1038,,,-23.552049750000002,-46.443172000000004,,,,1,2023-06-17T17:59:04+00:00
SAO_3738-10,São Paulo,3550308,True,,1038,,,-23.56751,-46.397960499999996,,,,1,2023-06-17T17:58:58+00:00
SAO_3738-10,São Paulo,3550308,True,,1038,,,-23.550763500000002,-46.42701125000001,,,,1,2023-06-17T17:59:01+00:00
SAO_3738-10,São Paulo,3550308,True,,1038,,,-23.542569999999998,-46.46953499999999,,,,1,2023-06-17T17:58:42+00:00
SAO_7053-10,São Paulo,3550308,True,,1887,,,-23.6475215,-46.790608000000006,,,,1,2023-06-17T17:58:56+00:00
SAO_7053-10,São Paulo,3550308,True,,1887,,,-23.640528,-46.7818175,,,,1,2023-06-17T17:58:45+00:00
SAO_7053-10,São Paulo,3550308,True,,1887,,,-23.631258,-46.773112999999995,,,,1,2023-06-17T17:58:36+00:00
SAO_7053-10,São Paulo,3550308,True,,1887,,,-23.640779000000002,-46.7825665,,,,1,2023-06-17T17:58:47+00:00
SAO_7004-10,São Paulo,3550308,True,,1992,,,-23.741947500000002,-46.801043,,,,1,2023-06-17T17:59:12+00:00
SAO_7004-10,São Paulo,3550308,True,,1992,,,-23.686432,-46.7554505,,,,1,2023-06-17T17:59:10+00:00
SAO_7004-10,São Paulo,3550308,True,,1992,,,-23.69945,-46.780288,,,,1,2023-06-17T17:59:02+00:00
SAO_7004-10,São Paulo,3550308,True,,1992,,,-23.712547999999998,-46.7819985,,,,1,2023-06-17T17:59:04+00:00
SAO_3725-41,São Paulo,3550308,True,,34299,,,-23.5327405,-46.530938500000005,,,,2,2023-06-17T17:58:48+00:00
SAO_4002-10,São Paulo,3550308,True,,34945,,,-23.5577225,-46.399697,,,,2,2023-06-17T17:58:50+00:00
SAO_4002-10,São Paulo,3550308,True,,34945,,,-23.5592195,-46.399505500000004,,,,2,2023-06-17T17:58:45+00:00
SAO_4002-10,São Paulo,3550308,True,,34945,,,-23.558238,-46.399558999999996,,,,2,2023-06-17T17:58:46+00:00
SAO_4002-10,São Paulo,3550308,True,,34945,,,-23.566021499999998,-46.467914,,,,2,2023-06-17T17:59:02+00:00
SAO_4002-10,São Paulo,3550308,True,,34945,,,-23.5423825,-46.417452,,,,2,2023-06-17T17:59:01+00:00
SAO_4053-10,São Paulo,3550308,True,,2146,,,-23.54492,-46.4067535,,,,1,2023-06-17T17:58:50+00:00
SAO_4053-10,São Paulo,3550308,True,,2146,,,-23.542614,-46.4155005,,,,1,2023-06-17T17:59:00+00:00
SAO_817C-10,São Paulo,3550308,True,,34105,,,-23.53911025,-46.6974715,,,,2,2023-06-17T17:59:14+00:00
SAO_817C-10,São Paulo,3550308,True,,34105,,,-23.5216915,-46.7010605,,,,2,2023-06-17T17:58:53+00:00
SAO_1709-10,São Paulo,3550308,True,,33619,,,-23.479985,-46.603936000000004,,,,2,2023-06-17T17:59:15+00:00
SAO_1709-10,São Paulo,3550308,True,,33619,,,-23.479985,-46.603936000000004,,,,2,2023-06-17T17:59:15+00:00
SAO_1709-10,São Paulo,3550308,True,,33619,,,-23.43873,-46.585522,,,,2,2023-06-17T17:58:51+00:00
SAO_1709-10,São Paulo,3550308,True,,33619,,,-23.463499,-46.602832,,,,2,2023-06-17T17:58:49+00:00
SAO_1709-10,São Paulo,3550308,True,,33619,,,-23.44072075,-46.581562000000005,,,,2,2023-06-17T17:59:13+00:00
SAO_1709-10,São Paulo,3550308,True,,33619,,,-23.479985,-46.603936000000004,,,,2,2023-06-17T17:59:06+00:00
SAO_1709-10,São Paulo,3550308,True,,33619,,,-23.44393975,-46.59236425,,,,2,2023-06-17T17:58:32+00:00
SAO_1709-10,São Paulo,3550308,True,,33619,,,-23.479985,-46.603936000000004,,,,2,2023-06-17T17:59:10+00:00
SAO_372U-10,São Paulo,3550308,True,,1016,,,-23.5646865,-46.546281500000006,,,,1,2023-06-17T17:58:44+00:00
SAO_372U-10,São Paulo,3550308,True,,1016,,,-23.5649205,-46.54091,,,,1,2023-06-17T17:59:15+00:00
SAO_372U-10,São Paulo,3550308,True,,1016,,,-23.555517000000002,-46.560852999999994,,,,1,2023-06-17T17:58:37+00:00
SAO_372U-10,São Paulo,3550308,True,,1016,,,-23.541065,-46.576965,,,,1,2023-06-17T17:59:02+00:00
SAO_3539-10,São Paulo,3550308,True,,748,,,-23.542925625000002,-46.47786599999999,,,,1,2023-06-17T17:59:08+00:00
SAO_3539-10,São Paulo,3550308,True,,748,,,-23.583291000000003,-46.4080295,,,,1,2023-06-17T17:59:11+00:00
SAO_3539-10,São Paulo,3550308,True,,748,,,-23.5362375,-46.554914499999995,,,,1,2023-06-17T17:58:53+00:00
SAO_3539-10,São Paulo,3550308,True,,748,,,-23.601442499999997,-46.3991005,,,,1,2023-06-17T17:59:11+00:00
SAO_3539-10,São Paulo,3550308,True,,748,,,-23.53215,-46.527902,,,,1,2023-06-17T17:59:02+00:00
SAO_273J-10,São Paulo,3550308,True,,33157,,,-23.49050125,-46.42068775,,,,2,2023-06-17T17:58:55+00:00
SAO_273J-10,São Paulo,3550308,True,,33157,,,-23.479107999999997,-46.385157,,,,2,2023-06-17T17:55:55+00:00
SAO_273J-10,São Paulo,3550308,True,,33157,,,-23.479006,-46.384915,,,,2,2023-06-17T17:58:39+00:00
SAO_273J-10,São Paulo,3550308,True,,33157,,,-23.481710999999997,-46.384003500000006,,,,2,2023-06-17T17:54:02+00:00
SAO_273J-10,São Paulo,3550308,True,,33157,,,-23.479516375,-46.385100625,,,,2,2023-06-17T17:54:37+00:00
SAO_273J-10,São Paulo,3550308,True,,33157,,,-23.51619,-46.467780000000005,,,,2,2023-06-17T17:58:42+00:00
SAO_4021-10,São Paulo,3550308,True,,2548,,,-23.552127499999997,-46.456644499999996,,,,1,2023-06-17T17:58:47+00:00
SAO_4021-10,São Paulo,3550308,True,,2548,,,-23.561562000000002,-46.446068749999995,,,,1,2023-06-17T17:59:13+00:00
SAO_3763-10,São Paulo,3550308,True,,1054,,,-23.567342,-46.541645,,,,1,2023-06-17T17:58:50+00:00
SAO_3763-10,São Paulo,3550308,True,,1054,,,-23.5620575,-46.552293500000005,,,,1,2023-06-17T17:58:36+00:00
SAO_3763-10,São Paulo,3550308,True,,1054,,,-23.5409455,-46.5763775,,,,1,2023-06-17T17:58:37+00:00
SAO_3763-10,São Paulo,3550308,True,,1054,,,-23.549994875,-46.554627124999996,,,,1,2023-06-17T17:57:07+00:00
SAO_3763-10,São Paulo,3550308,True,,1054,,,-23.547521,-46.56494425,,,,1,2023-06-17T17:59:06+00:00
SAO_675I-10,São Paulo,3550308,True,,32836,,,-23.611332,-46.651164875000006,,,,2,2023-06-17T17:59:14+00:00
SAO_675I-10,São Paulo,3550308,True,,32836,,,-23.643846500000002,-46.734212,,,,2,2023-06-17T17:58:48+00:00
SAO_675I-10,São Paulo,3550308,True,,32836,,,-23.644759875000002,-46.722154624999995,,,,2,2023-06-17T17:58:48+00:00
SAO_175P-10,São Paulo,3550308,True,,675,,,-23.5861638125,-46.63626881249999,,,,1,2023-06-17T17:59:10+00:00
SAO_175P-10,São Paulo,3550308,True,,675,,,-23.5863984375,-46.6361194375,,,,1,2023-06-17T17:58:58+00:00
SAO_175P-10,São Paulo,3550308,True,,675,,,-23.526289,-46.66064625,,,,1,2023-06-17T17:58:33+00:00
SAO_175P-10,São Paulo,3550308,True,,675,,,-23.5859291875,-46.6364181875,,,,1,2023-06-17T17:58:38+00:00
SAO_175P-10,São Paulo,3550308,True,,675,,,-23.5660375,-46.65107437500001,,,,1,2023-06-17T17:58:45+00:00
SAO_175P-10,São Paulo,3550308,True,,675,,,-23.537879125,-46.668306375,,,,1,2023-06-17T17:59:07+00:00
SAO_746H-10,São Paulo,3550308,True,,33553,,,-23.593705999999997,-46.7524735,,,,2,2023-06-17T17:58:40+00:00
SAO_746H-10,São Paulo,3550308,True,,33553,,,-23.5850375,-46.724237,,,,2,2023-06-17T17:58:26+00:00
SAO_746H-10,São Paulo,3550308,True,,33553,,,-23.59373,-46.7524135,,,,2,2023-06-17T17:58:59+00:00
SAO_746H-10,São Paulo,3550308,True,,33553,,,-23.64431275,-46.728536500000004,,,,2,2023-06-17T17:59:06+00:00
SAO_746H-10,São Paulo,3550308,True,,33553,,,-23.622065,-46.733575,,,,2,2023-06-17T17:58:51+00:00
SAO_746H-10,São Paulo,3550308,True,,33553,,,-23.595331875,-46.720275750000006,,,,2,2023-06-17T17:59:01+00:00
SAO_746H-10,São Paulo,3550308,True,,33553,,,-23.593532,-46.7529005,,,,2,2023-06-17T17:58:07+00:00
SAO_746H-10,São Paulo,3550308,True,,33553,,,-23.5967445,-46.749624499999996,,,,2,2023-06-17T17:58:33+00:00
SAO_2720-10,São Paulo,3550308,True,,33701,,,-23.493021,-46.470974,,,,2,2023-06-17T17:58:41+00:00
SAO_2720-10,São Paulo,3550308,True,,33701,,,-23.5288095,-46.517675499999996,,,,2,2023-06-17T17:59:05+00:00
SAO_2720-10,São Paulo,3550308,True,,33701,,,-23.5077375,-46.4912295,,,,2,2023-06-17T17:59:16+00:00
SAO_2720-10,São Paulo,3550308,True,,33701,,,-23.49497225,-46.47841175,,,,2,2023-06-17T17:57:58+00:00
SAO_6021-10,São Paulo,3550308,True,EMTU,177,https://moovitapp.com/index/pt-br/transporte_p%C3%BAblico-line-177-Sao_Paulo-242-2038937-36419313-0,5.2,-23.7668205,-46.716344500000005,,,,1,2023-06-17T17:58:36+00:00
SAO_6021-10,São Paulo,3550308,True,EMTU,177,https://moovitapp.com/index/pt-br/transporte_p%C3%BAblico-line-177-Sao_Paulo-242-2038937-36419313-0,5.2,-23.7668205,-46.716344500000005,,,,1,2023-06-17T17:59:14+00:00
SAO_6021-10,São Paulo,3550308,True,EMTU,177,https://moovitapp.com/index/pt-br/transporte_p%C3%BAblico-line-177-Sao_Paulo-242-2038937-36419313-0,5.2,-23.788642,-46.72653612500001,,,,1,2023-06-17T17:59:02+00:00
SAO_6021-10,São Paulo,3550308,True,EMTU,177,https://moovitapp.com/index/pt-br/transporte_p%C3%BAblico-line-177-Sao_Paulo-242-2038937-36419313-0,5.2,-23.7668205,-46.716344500000005,,,,1,2023-06-17T17:58:35+00:00
SAO_847J-10,São Paulo,3550308,True,,34110,,,-23.524976000000002,-46.73644375000001,,,,2,2023-06-17T17:58:59+00:00
SAO_847J-10,São Paulo,3550308,True,,34110,,,-23.555694,-46.74268,,,,2,2023-06-17T17:59:05+00:00
SAO_8707-10,São Paulo,3550308,True,,2064,,,-23.535300999999997,-46.64457,,,,1,2023-06-17T17:59:18+00:00
SAO_6041-10,São Paulo,3550308,True,,33986,,,-23.675430499999997,-46.773945,,,,2,2023-06-17T17:59:04+00:00
SAO_6041-10,São Paulo,3550308,True,,33986,,,-23.689674500000002,-46.78096725,,,,2,2023-06-17T17:59:10+00:00
SAO_6041-10,São Paulo,3550308,True,,33986,,,-23.6899145,-46.7808755,,,,2,2023-06-17T17:59:14+00:00
SAO_6041-10,São Paulo,3550308,True,,33986,,,-23.6493095,-46.7519875,,,,2,2023-06-17T17:58:38+00:00
SAO_6041-10,São Paulo,3550308,True,,33986,,,-23.6899145,-46.7808755,,,,2,2023-06-17T17:59:15+00:00
SAO_2013-10,São Paulo,3550308,True,,899,,,-23.46891025,-46.66029775,,,,1,2023-06-17T17:58:50+00:00
SAO_2013-10,São Paulo,3550308,True,,899,,,-23.47152125,-46.67050425,,,,1,2023-06-17T17:58:55+00:00
SAO_2013-10,São Paulo,3550308,True,,899,,,-23.4650205,-46.6549455,,,,1,2023-06-17T17:58:34+00:00
SAO_2013-10,São Paulo,3550308,True,,899,,,-23.468244499999997,-46.6435975,,,,1,2023-06-17T17:58:55+00:00
SAO_736I-10,São Paulo,3550308,True,STT,781,https://moovitapp.com/index/pt-br/transporte_p%C3%BAblico-line-781-Sao_Paulo-242-850661-183349-0,5.3,-23.640164,-46.7484015,,,,1,2023-06-17T17:58:39+00:00
SAO_736I-10,São Paulo,3550308,True,STT,781,https://moovitapp.com/index/pt-br/transporte_p%C3%BAblico-line-781-Sao_Paulo-242-850661-183349-0,5.3,-23.645425250000002,-46.708923625000004,,,,1,2023-06-17T17:58:42+00:00
SAO_736I-10,São Paulo,3550308,True,STT,781,https://moovitapp.com/index/pt-br/transporte_p%C3%BAblico-line-781-Sao_Paulo-242-850661-183349-0,5.3,-23.632875,-46.7479035,,,,1,2023-06-17T17:58:47+00:00
SAO_736I-10,São Paulo,3550308,True,STT,781,https://moovitapp.com/index/pt-br/transporte_p%C3%BAblico-line-781-Sao_Paulo-242-850661-183349-0,5.3,-23.64951875,-46.70788325,,,,1,2023-06-17T17:58:36+00:00
SAO_736I-10,São Paulo,3550308,True,STT,781,https://moovitapp.com/index/pt-br/transporte_p%C3%BAblico-line-781-Sao_Paulo-242-850661-183349-0,5.3,-23.6498405,-46.707801,,,,1,2023-06-17T17:58:41+00:00
SAO_3738-10,São Paulo,3550308,True,,33806,,,-23.56278,-46.419038,,,,2,2023-06-17T17:58:49+00:00
SAO_3738-10,São Paulo,3550308,True,,33806,,,-23.5629515,-46.3946025,,,,2,2023-06-17T17:58:39+00:00
SAO_3738-10,São Paulo,3550308,True,,33806,,,-23.5629515,-46.3946025,,,,2,2023-06-17T17:58:33+00:00
SAO_3738-10,São Paulo,3550308,True,,33806,,,-23.551851,-46.446431000000004,,,,2,2023-06-17T17:59:06+00:00
SAO_3738-10,São Paulo,3550308,True,,33806,,,-23.56629225,-46.39787325,,,,2,2023-06-17T17:58:46+00:00
SAO_9717-10,São Paulo,3550308,True,,817,,,-23.463303,-46.6814685,,,,1,2023-06-17T17:58:58+00:00
SAO_9717-10,São Paulo,3550308,True,,817,,,-23.514806999999998,-46.650347000000004,,,,1,2023-06-17T17:58:38+00:00
SAO_9717-10,São Paulo,3550308,True,,817,,,-23.5040555,-46.683237500000004,,,,1,2023-06-17T17:58:52+00:00
SAO_5652-22,São Paulo,3550308,True,,2516,,,-23.63476,-46.669057,,,,1,2023-06-17T17:58:55+00:00
SAO_5652-22,São Paulo,3550308,True,,2516,,,-23.713643,-46.6889945,,,,1,2023-06-17T17:58:37+00:00
SAO_5652-22,São Paulo,3550308,True,,2516,,,-23.70614075,-46.6854995,,,,1,2023-06-17T17:59:08+00:00
SAO_5652-22,São Paulo,3550308,True,,2516,,,-23.69451225,-46.699273500000004,,,,1,2023-06-17T17:58:43+00:00
SAO_677A-10,São Paulo,3550308,True,,34007,,,-23.689947,-46.7740025,,,,2,2023-06-17T17:59:09+00:00
SAO_677A-10,São Paulo,3550308,True,,34007,,,-23.6739245,-46.748644,,,,2,2023-06-17T17:58:46+00:00
SAO_677A-10,São Paulo,3550308,True,,34007,,,-23.674698499999998,-46.749091,,,,2,2023-06-17T17:58:41+00:00
SAO_677A-10,São Paulo,3550308,True,,34007,,,-23.603097499999997,-46.692173749999995,,,,2,2023-06-17T17:58:59+00:00
SAO_677A-10,São Paulo,3550308,True,,34007,,,-23.6901525,-46.774198999999996,,,,2,2023-06-17T17:58:59+00:00
SAO_9789-10,São Paulo,3550308,True,,829,,,-23.509638000000002,-46.672126500000005,,,,1,2023-06-17T17:59:13+00:00
SAO_9789-10,São Paulo,3550308,True,,829,,,-23.460728000000003,-46.7085375,,,,1,2023-06-17T17:58:50+00:00
SAO_9789-10,São Paulo,3550308,True,,829,,,-23.508577625,-46.6704565,,,,1,2023-06-17T17:59:00+00:00
SAO_9789-10,São Paulo,3550308,True,,829,,,-23.460588,-46.70847,,,,1,2023-06-17T17:59:12+00:00
SAO_9789-10,São Paulo,3550308,True,,829,,,-23.467788499999997,-46.697843500000005,,,,1,2023-06-17T17:58:46+00:00
SAO_9789-10,São Paulo,3550308,True,,829,,,-23.4893045,-46.685835999999995,,,,1,2023-06-17T17:58:49+00:00
SAO_172P-10,São Paulo,3550308,True,,858,,,-23.4387035,-46.580979,,,,1,2023-06-17T17:58:07+00:00
SAO_172P-10,São Paulo,3550308,True,,858,,,-23.467872,-46.5833195,,,,1,2023-06-17T17:58:12+00:00
SAO_172P-10,São Paulo,3550308,True,,858,,,-23.502634,-46.591027999999994,,,,1,2023-06-17T17:58:56+00:00
SAO_172P-10,São Paulo,3550308,True,,858,,,-23.4773085,-46.5744725,,,,1,2023-06-17T17:57:26+00:00
SAO_172P-10,São Paulo,3550308,True,,858,,,-23.441876999999998,-46.5883755,,,,1,2023-06-17T17:59:15+00:00
SAO_172P-10,São Paulo,3550308,True,,858,,,-23.441848999999998,-46.588781499999996,,,,1,2023-06-17T17:59:11+00:00
SAO_172P-10,São Paulo,3550308,True,,858,,,-23.48395175,-46.591115625,,,,1,2023-06-17T17:59:16+00:00
SAO_172P-10,São Paulo,3550308,True,,858,,,-23.46398175,-46.58406825,,,,1,2023-06-17T17:59:14+00:00
SAO_172P-10,São Paulo,3550308,True,,858,,,-23.5291785,-46.5982695,,,,1,2023-06-17T17:58:42+00:00
SAO_172P-10,São Paulo,3550308,True,,858,,,-23.541687,-46.5937295,,,,1,2023-06-17T17:58:34+00:00
SAO_8199-10,São Paulo,3550308,True,,33575,,,-23.468867000000003,-46.7510885,,,,2,2023-06-17T17:58:32+00:00
SAO_8199-10,São Paulo,3550308,True,,33575,,,-23.476183,-46.6637865,,,,2,2023-06-17T17:59:12+00:00
SAO_8199-10,São Paulo,3550308,True,,33575,,,-23.495906749999996,-46.71329375,,,,2,2023-06-17T17:58:44+00:00
SAO_8199-10,São Paulo,3550308,True,,33575,,,-23.488678999999998,-46.729378499999996,,,,2,2023-06-17T17:58:51+00:00
SAO_8199-10,São Paulo,3550308,True,,33575,,,-23.4848165,-46.6891945,,,,2,2023-06-17T17:58:59+00:00
SAO_8199-10,São Paulo,3550308,True,,33575,,,-23.468757,-46.7514565,,,,2,2023-06-17T17:58:37+00:00
SAO_8199-10,São Paulo,3550308,True,,33575,,,-23.474411,-46.670858499999994,,,,2,2023-06-17T17:58:44+00:00
SAO_3032-10,São Paulo,3550308,True,STT,720,https://moovitapp.com/index/pt-br/transporte_p%C3%BAblico-line-720-Sao_Paulo-242-850661-183345-0,5.3,-23.558674,-46.522539,,,,1,2023-06-17T17:58:53+00:00
SAO_3032-10,São Paulo,3550308,True,STT,720,https://moovitapp.com/index/pt-br/transporte_p%C3%BAblico-line-720-Sao_Paulo-242-850661-183345-0,5.3,-23.56254,-46.499680999999995,,,,1,2023-06-17T17:58:45+00:00
SAO_908T-10,São Paulo,3550308,True,,2116,,,-23.582692875,-46.699729125,,,,1,2023-06-17T17:58:41+00:00
SAO_908T-10,São Paulo,3550308,True,,2116,,,-23.557935125,-46.660014249999996,,,,1,2023-06-17T17:59:14+00:00
SAO_908T-10,São Paulo,3550308,True,,2116,,,-23.546701,-46.6302515,,,,1,2023-06-17T17:58:45+00:00
SAO_139A-10,São Paulo,3550308,True,,2451,,,-23.4876765,-46.7041055,,,,1,2023-06-17T17:58:38+00:00
SAO_139A-10,São Paulo,3550308,True,,2451,,,-23.50629,-46.7060955,,,,1,2023-06-17T17:58:46+00:00
SAO_8100-10,São Paulo,3550308,True,,1262,,,-23.497056,-46.727548999999996,,,,1,2023-06-17T17:58:59+00:00
SAO_8100-10,São Paulo,3550308,True,,1262,,,-23.5257625,-46.7135805,,,,1,2023-06-17T17:58:55+00:00
SAO_2127-10,São Paulo,3550308,True,,33461,,,-23.478431,-46.570043,,,,2,2023-06-17T17:59:09+00:00
SAO_2127-10,São Paulo,3550308,True,,33461,,,-23.47858,-46.570366,,,,2,2023-06-17T17:58:35+00:00
SAO_2127-10,São Paulo,3550308,True,,33461,,,-23.54076025,-46.61705775,,,,2,2023-06-17T17:58:54+00:00
SAO_2127-10,São Paulo,3550308,True,,33461,,,-23.5095895,-46.59786,,,,2,2023-06-17T17:52:41+00:00
SAO_477P-10,São Paulo,3550308,True,EMTU,348,https://moovitapp.com/index/pt-br/transporte_p%C3%BAblico-line-348-Sao_Paulo-242-2038937-36419431-0,5.1,-23.6120705,-46.608466,,,,1,2023-06-17T17:58:33+00:00
SAO_477P-10,São Paulo,3550308,True,EMTU,348,https://moovitapp.com/index/pt-br/transporte_p%C3%BAblico-line-348-Sao_Paulo-242-2038937-36419431-0,5.1,-23.624087625,-46.640517875,,,,1,2023-06-17T17:59:02+00:00
SAO_477P-10,São Paulo,3550308,True,EMTU,348,https://moovitapp.com/index/pt-br/transporte_p%C3%BAblico-line-348-Sao_Paulo-242-2038937-36419431-0,5.1,-23.604938125000004,-46.680549375,,,,1,2023-06-17T17:59:09+00:00
SAO_3739-10,São Paulo,3550308,True,,33807,,,-23.612918,-46.42441075000001,,,,2,2023-06-17T17:59:02+00:00
SAO_3739-10,São Paulo,3550308,True,,33807,,,-23.565071500000002,-46.4464825,,,,2,2023-06-17T17:58:43+00:00
SAO_3739-10,São Paulo,3550308,True,,33807,,,-23.6121585,-46.416186499999995,,,,2,2023-06-17T17:59:01+00:00
SAO_3739-10,São Paulo,3550308,True,,33807,,,-23.5947165,-46.442795000000004,,,,2,2023-06-17T17:58:46+00:00
SAO_3739-10,São Paulo,3550308,True,,33807,,,-23.618126500000002,-46.411363,,,,2,2023-06-17T17:59:02+00:00
SAO_3766-51,São Paulo,3550308,True,,35343,,,-23.5536365,-46.4321555,,,,2,2023-06-17T17:58:47+00:00
SAO_3766-51,São Paulo,3550308,True,,35343,,,-23.536885249999997,-46.4508485,,,,2,2023-06-17T17:58:58+00:00
SAO_3766-51,São Paulo,3550308,True,,35343,,,-23.54172825,-46.439352125,,,,2,2023-06-17T17:59:09+00:00
SAO_8016-10,São Paulo,3550308,True,,34114,,,-23.443813499999997,-46.735476500000004,,,,2,2023-06-17T17:58:35+00:00
SAO_8016-10,São Paulo,3550308,True,,34114,,,-23.435700375000003,-46.717766875,,,,2,2023-06-17T17:58:49+00:00
SAO_8016-10,São Paulo,3550308,True,,34114,,,-23.487007,-46.726683,,,,2,2023-06-17T17:59:17+00:00
SAO_8016-10,São Paulo,3550308,True,,34114,,,-23.4435615,-46.735414500000005,,,,2,2023-06-17T17:58:11+00:00
SAO_8016-10,São Paulo,3550308,True,,34114,,,-23.441609,-46.732722499999994,,,,2,2023-06-17T17:58:39+00:00
SAO_8016-10,São Paulo,3550308,True,,34114,,,-23.462593,-46.7211165,,,,2,2023-06-17T17:58:40+00:00
SAO_4025-10,São Paulo,3550308,True,,33863,,,-23.605169875,-46.56499725,,,,2,2023-06-17T17:58:55+00:00
SAO_4025-10,São Paulo,3550308,True,,33863,,,-23.543136,-46.581145500000005,,,,2,2023-06-17T17:58:43+00:00
SAO_4025-10,São Paulo,3550308,True,,33863,,,-23.577547000000003,-46.5783675,,,,2,2023-06-17T17:59:00+00:00
SAO_4025-10,São Paulo,3550308,True,,33863,,,-23.607989375000002,-46.553975375,,,,2,2023-06-17T17:59:05+00:00
SAO_4025-10,São Paulo,3550308,True,,33863,,,-23.572699,-46.5784955,,,,2,2023-06-17T17:58:49+00:00
SAO_637V-10,São Paulo,3550308,True,EMTU,104,https://moovitapp.com/index/pt-br/transporte_p%C3%BAblico-line-104-Sao_Paulo-242-2038937-36419267-0,5.1,-23.670022,-46.7114045,,,,1,2023-06-17T17:59:02+00:00
SAO_637V-10,São Paulo,3550308,True,EMTU,104,https://moovitapp.com/index/pt-br/transporte_p%C3%BAblico-line-104-Sao_Paulo-242-2038937-36419267-0,5.1,-23.7382055,-46.6893095,,,,1,2023-06-17T17:58:53+00:00
SAO_637V-10,São Paulo,3550308,True,EMTU,104,https://moovitapp.com/index/pt-br/transporte_p%C3%BAblico-line-104-Sao_Paulo-242-2038937-36419267-0,5.1,-23.707521,-46.694968,,,,1,2023-06-17T17:59:04+00:00
SAO_3787-10,São Paulo,3550308,True,,1612,,,-23.5629695,-46.44609975,,,,1,2023-06-17T17:58:50+00:00
SAO_3787-10,São Paulo,3550308,True,,1612,,,-23.562078624999998,-46.445963,,,,1,2023-06-17T17:58:41+00:00
SAO_3787-10,São Paulo,3550308,True,,1612,,,-23.574809000000002,-46.4449745,,,,1,2023-06-17T17:58:53+00:00
SAO_3787-10,São Paulo,3550308,True,,1612,,,-23.5563915,-46.4500565,,,,1,2023-06-17T17:58:38+00:00
SAO_3787-10,São Paulo,3550308,True,,1612,,,-23.5890895,-46.410906999999995,,,,1,2023-06-17T17:58:41+00:00
SAO_3787-10,São Paulo,3550308,True,,1612,,,-23.5629695,-46.44609975,,,,1,2023-06-17T17:58:51+00:00
SAO_3787-10,São Paulo,3550308,True,,1612,,,-23.602574,-46.3981365,,,,1,2023-06-17T17:59:07+00:00
SAO_3787-10,São Paulo,3550308,True,,1612,,,-23.6027795,-46.398026,,,,1,2023-06-17T17:59:01+00:00
SAO_107T-10,São Paulo,3550308,True,,33389,,,-23.5661885,-46.702104000000006,,,,2,2023-06-17T17:59:13+00:00
SAO_107T-10,São Paulo,3550308,True,,33389,,,-23.559566,-46.661731624999994,,,,2,2023-06-17T17:59:13+00:00
SAO_107T-10,São Paulo,3550308,True,,33389,,,-23.488102250000004,-46.618995874999996,,,,2,2023-06-17T17:57:49+00:00
SAO_107T-10,São Paulo,3550308,True,,33389,,,-23.5429635,-46.636864,,,,2,2023-06-17T17:58:51+00:00
SAO_107T-10,São Paulo,3550308,True,,33389,,,-23.481157500000002,-46.603626500000004,,,,2,2023-06-17T17:58:55+00:00
SAO_107T-10,São Paulo,3550308,True,,33389,,,-23.481503500000002,-46.60353,,,,2,2023-06-17T17:58:53+00:00
SAO_107T-10,São Paulo,3550308,True,,33389,,,-23.481503500000002,-46.60353,,,,2,2023-06-17T17:58:45+00:00
SAO_2104-10,São Paulo,3550308,True,,35023,,,-23.51405075,-46.62495075,,,,2,2023-06-17T17:58:53+00:00
SAO_2104-10,São Paulo,3550308,True,,35023,,,-23.502574,-46.624022999999994,,,,2,2023-06-17T17:59:01+00:00
SAO_2104-10,São Paulo,3550308,True,,35023,,,-23.5401975,-46.6275335,,,,2,2023-06-17T17:58:49+00:00
SAO_8050-31,São Paulo,3550308,True,,33183,,,-23.433999999999997,-46.78926375,,,,2,2023-06-17T17:56:13+00:00
SAO_5035-10,São Paulo,3550308,True,,1668,,,-23.629303,-46.592378,,,,1,2023-06-17T17:59:17+00:00
SAO_5035-10,São Paulo,3550308,True,,1668,,,-23.6028555,-46.60199,,,,1,2023-06-17T17:58:50+00:00
SAO_5035-10,São Paulo,3550308,True,,1668,,,-23.637237,-46.5923005,,,,1,2023-06-17T17:58:46+00:00
SAO_5028-10,São Paulo,3550308,True,,1634,,,-23.58721575,-46.600413625,,,,1,2023-06-17T17:59:01+00:00
SAO_4093-10,São Paulo,3550308,True,,2448,,,-23.584181,-46.4084645,,,,1,2023-06-17T17:58:53+00:00
SAO_4093-10,São Paulo,3550308,True,,2448,,,-23.582922,-46.4081745,,,,1,2023-06-17T17:59:07+00:00
SAO_4093-10,São Paulo,3550308,True,,2448,,,-23.583288000000003,-46.409053,,,,1,2023-06-17T17:58:40+00:00
SAO_971R-10,São Paulo,3550308,True,,33382,,,-23.4316975,-46.725563,,,,2,2023-06-17T17:59:12+00:00
SAO_971R-10,São Paulo,3550308,True,,33382,,,-23.4737985,-46.668848499999996,,,,2,2023-06-17T17:58:39+00:00
SAO_971R-10,São Paulo,3550308,True,,33382,,,-23.489514,-46.6510315,,,,2,2023-06-17T17:58:42+00:00
SAO_971R-10,São Paulo,3550308,True,,33382,,,-23.442922,-46.735243499999996,,,,2,2023-06-17T17:59:14+00:00
SAO_971R-10,São Paulo,3550308,True,,33382,,,-23.500099374999998,-46.636344625,,,,2,2023-06-17T17:58:59+00:00
SAO_971R-10,São Paulo,3550308,True,,33382,,,-23.4397915,-46.708363500000004,,,,2,2023-06-17T17:59:01+00:00
SAO_971R-10,São Paulo,3550308,True,,33382,,,-23.4704665,-46.676357499999995,,,,2,2023-06-17T17:59:01+00:00
SAO_573T-10,São Paulo,3550308,True,,1632,,,-23.581359499999998,-46.498451,,,,1,2023-06-17T17:58:37+00:00
SAO_573T-10,São Paulo,3550308,True,,1632,,,-23.614199499999998,-46.5007885,,,,1,2023-06-17T17:58:55+00:00
SAO_573T-10,São Paulo,3550308,True,,1632,,,-23.602078,-46.491597999999996,,,,1,2023-06-17T17:58:58+00:00
SAO_573T-10,São Paulo,3550308,True,,1632,,,-23.614199499999998,-46.5007885,,,,1,2023-06-17T17:59:04+00:00
SAO_573T-10,São Paulo,3550308,True,,1632,,,-23.5406165,-46.56605125,,,,1,2023-06-17T17:59:12+00:00
SAO_573T-10,São Paulo,3550308,True,,1632,,,-23.544847,-46.545604999999995,,,,1,2023-06-17T17:58:58+00:00
SAO_573T-10,São Paulo,3550308,True,,1632,,,-23.54875,-46.537158500000004,,,,1,2023-06-17T17:58:53+00:00
SAO_6052-31,São Paulo,3550308,True,,34600,,,-23.775509999999997,-46.691679,,,,2,2023-06-17T17:59:03+00:00
SAO_6052-31,São Paulo,3550308,True,,34600,,,-23.775509999999997,-46.691679,,,,2,2023-06-17T17:58:54+00:00
SAO_4018-10,São Paulo,3550308,True,,34959,,,-23.6006425,-46.3996595,,,,2,2023-06-17T17:59:12+00:00
SAO_4018-10,São Paulo,3550308,True,,34959,,,-23.595138125,-46.429589,,,,2,2023-06-17T17:59:07+00:00
SAO_4018-10,São Paulo,3550308,True,,34959,,,-23.590070500000003,-46.408122250000005,,,,2,2023-06-17T17:58:58+00:00
SAO_4018-10,São Paulo,3550308,True,,34959,,,-23.596308999999998,-46.455173,,,,2,2023-06-17T17:58:37+00:00
SAO_4018-10,São Paulo,3550308,True,,34959,,,-23.6006425,-46.3996595,,,,2,2023-06-17T17:59:15+00:00
SAO_4018-10,São Paulo,3550308,True,,34959,,,-23.60109525,-46.39926,,,,2,2023-06-17T17:58:50+00:00
SAO_2013-10,São Paulo,3550308,True,,33667,,,-23.4552945,-46.659262,,,,2,2023-06-17T17:59:17+00:00
SAO_2013-10,São Paulo,3550308,True,,33667,,,-23.4631585,-46.652715,,,,2,2023-06-17T17:58:51+00:00
SAO_2013-10,São Paulo,3550308,True,,33667,,,-23.454283,-46.658618,,,,2,2023-06-17T17:58:44+00:00
SAO_2013-10,São Paulo,3550308,True,,33667,,,-23.454400999999997,-46.658887,,,,2,2023-06-17T17:59:11+00:00
SAO_2013-10,São Paulo,3550308,True,,33667,,,-23.46288075,-46.65228175,,,,2,2023-06-17T17:59:13+00:00
SAO_2013-10,São Paulo,3550308,True,,33667,,,-23.4632575,-46.672467999999995,,,,2,2023-06-17T17:58:44+00:00
SAO_2013-10,São Paulo,3550308,True,,33667,,,-23.469281000000002,-46.655507,,,,2,2023-06-17T17:58:42+00:00
SAO_2013-10,São Paulo,3550308,True,,33667,,,-23.454283,-46.658618,,,,2,2023-06-17T17:59:00+00:00
SAO_6837-10,São Paulo,3550308,True,,32774,,,-23.622718,-46.7627075,,,,2,2023-06-17T17:58:51+00:00
SAO_6837-10,São Paulo,3550308,True,,32774,,,-23.6154705,-46.7401805,,,,2,2023-06-17T17:59:04+00:00
SAO_6837-10,São Paulo,3550308,True,,32774,,,-23.648814,-46.75828,,,,2,2023-06-17T17:59:12+00:00
SAO_6837-10,São Paulo,3550308,True,,32774,,,-23.6159155,-46.739995,,,,2,2023-06-17T17:58:56+00:00
SAO_6837-10,São Paulo,3550308,True,,32774,,,-23.6375605,-46.762115,,,,2,2023-06-17T17:58:54+00:00
SAO_2028-10,São Paulo,3550308,True,,35031,,,-23.4359255,-46.5758615,,,,2,2023-06-17T17:59:12+00:00
SAO_2028-10,São Paulo,3550308,True,,35031,,,-23.4341645,-46.5716975,,,,2,2023-06-17T17:58:48+00:00
SAO_5129-10,São Paulo,3550308,True,,1281,,,-23.6711165,-46.67788924999999,,,,1,2023-06-17T17:59:00+00:00
SAO_5129-10,São Paulo,3550308,True,,1281,,,-23.667713999999997,-46.731905499999996,,,,1,2023-06-17T17:59:07+00:00
SAO_5129-10,São Paulo,3550308,True,,1281,,,-23.6564315,-46.6655055,,,,1,2023-06-17T17:59:04+00:00
SAO_5020-10,São Paulo,3550308,True,,1670,,,-23.602458,-46.6029235,,,,1,2023-06-17T17:58:38+00:00
SAO_2059-10,São Paulo,3550308,True,,33028,,,-23.5399915,-46.4126765,,,,2,2023-06-17T17:58:47+00:00
SAO_2059-10,São Paulo,3550308,True,,33028,,,-23.491044000000002,-46.4416915,,,,2,2023-06-17T17:59:07+00:00
SAO_2059-10,São Paulo,3550308,True,,33028,,,-23.5090665,-46.438832000000005,,,,2,2023-06-17T17:58:28+00:00
SAO_2059-10,São Paulo,3550308,True,,33028,,,-23.491025999999998,-46.441859,,,,2,2023-06-17T17:59:07+00:00
SAO_2059-10,São Paulo,3550308,True,,33028,,,-23.52666825,-46.4180455,,,,2,2023-06-17T17:58:57+00:00
SAO_2059-10,São Paulo,3550308,True,,33028,,,-23.510910000000003,-46.430927999999994,,,,2,2023-06-17T17:59:08+00:00
SAO_2059-10,São Paulo,3550308,True,,33028,,,-23.494025999999998,-46.443504499999996,,,,2,2023-06-17T17:58:03+00:00
SAO_2059-10,São Paulo,3550308,True,,33028,,,-23.510714999999998,-46.4290655,,,,2,2023-06-17T17:58:55+00:00
SAO_3745-10,São Paulo,3550308,True,,33812,,,-23.57752225,-46.521272999999994,,,,2,2023-06-17T17:58:49+00:00
SAO_3745-10,São Paulo,3550308,True,,33812,,,-23.58958175,-46.50089925,,,,2,2023-06-17T17:59:03+00:00
SAO_3745-10,São Paulo,3550308,True,,33812,,,-23.5464675,-46.542268500000006,,,,2,2023-06-17T17:59:01+00:00
SAO_3745-10,São Paulo,3550308,True,,33812,,,-23.58958175,-46.50089925,,,,2,2023-06-17T17:58:41+00:00
SAO_607C-10,São Paulo,3550308,True,,34745,,,-23.6893455,-46.635084,,,,2,2023-06-17T17:58:41+00:00
SAO_607C-10,São Paulo,3550308,True,,34745,,,-23.610340625,-46.69480337499999,,,,2,2023-06-17T17:58:43+00:00
SAO_607C-10,São Paulo,3550308,True,,34745,,,-23.689011999999998,-46.6349485,,,,2,2023-06-17T17:59:06+00:00
SAO_607C-10,São Paulo,3550308,True,,34745,,,-23.674775,-46.642773000000005,,,,2,2023-06-17T17:59:03+00:00
SAO_607C-10,São Paulo,3550308,True,,34745,,,-23.6502625,-46.669930875000006,,,,2,2023-06-17T17:59:04+00:00
SAO_607C-10,São Paulo,3550308,True,,34745,,,-23.6893455,-46.635084,,,,2,2023-06-17T17:58:59+00:00
SAO_172P-10,São Paulo,3550308,True,,33626,,,-23.449354,-46.5887865,,,,2,2023-06-17T17:58:45+00:00
SAO_172P-10,São Paulo,3550308,True,,33626,,,-23.4424695,-46.589804,,,,2,2023-06-17T17:58:55+00:00
SAO_172P-10,São Paulo,3550308,True,,33626,,,-23.499281,-46.594284,,,,2,2023-06-17T17:58:59+00:00
SAO_172P-10,São Paulo,3550308,True,,33626,,,-23.47914875,-46.58227025000001,,,,2,2023-06-17T17:58:56+00:00
SAO_172P-10,São Paulo,3550308,True,,33626,,,-23.438558999999998,-46.581469,,,,2,2023-06-17T17:58:06+00:00
SAO_172P-10,São Paulo,3550308,True,,33626,,,-23.4378765,-46.5662585,,,,2,2023-06-17T17:58:40+00:00
SAO_172P-10,São Paulo,3550308,True,,33626,,,-23.466220625,-46.583831125,,,,2,2023-06-17T17:59:07+00:00
SAO_172P-10,São Paulo,3550308,True,,33626,,,-23.52323975,-46.593453875,,,,2,2023-06-17T17:58:50+00:00
SAO_172P-10,São Paulo,3550308,True,,33626,,,-23.438042000000003,-46.5662555,,,,2,2023-06-17T17:58:48+00:00
SAO_172P-10,São Paulo,3550308,True,,33626,,,-23.4418065,-46.5890285,,,,2,2023-06-17T17:59:08+00:00
SAO_715M-10,São Paulo,3550308,True,,33258,,,-23.583534999999998,-46.7620345,,,,2,2023-06-17T17:58:41+00:00
SAO_715M-10,São Paulo,3550308,True,,33258,,,-23.583236999999997,-46.761977,,,,2,2023-06-17T17:59:13+00:00
SAO_715M-10,São Paulo,3550308,True,,33258,,,-23.56295275,-46.645478499999996,,,,2,2023-06-17T17:59:14+00:00
SAO_715M-10,São Paulo,3550308,True,,33258,,,-23.5691565,-46.715317999999996,,,,2,2023-06-17T17:58:37+00:00
SAO_2080-10,São Paulo,3550308,True,,33139,,,-23.510135124999998,-46.366632749999994,,,,2,2023-06-17T17:58:42+00:00
SAO_2080-10,São Paulo,3550308,True,,33139,,,-23.507385499999998,-46.4841135,,,,2,2023-06-17T17:58:47+00:00
SAO_2080-10,São Paulo,3550308,True,,33139,,,-23.510135124999998,-46.366632749999994,,,,2,2023-06-17T17:58:56+00:00
SAO_2080-10,São Paulo,3550308,True,,33139,,,-23.499008,-46.466243000000006,,,,2,2023-06-17T17:58:42+00:00
SAO_2080-10,São Paulo,3550308,True,,33139,,,-23.510135124999998,-46.366632749999994,,,,2,2023-06-17T17:58:27+00:00
SAO_2080-10,São Paulo,3550308,True,,33139,,,-23.5288685,-46.554319,,,,2,2023-06-17T17:59:16+00:00
SAO_2202-10,São Paulo,3550308,True,Urubupungá,910,https://moovitapp.com/index/pt-br/transporte_p%C3%BAblico-line-910-Sao_Paulo-242-873835-496471-0,4.6,-23.494988499999998,-46.3906405,,,,1,2023-06-17T17:58:35+00:00
SAO_2202-10,São Paulo,3550308,True,Urubupungá,910,https://moovitapp.com/index/pt-br/transporte_p%C3%BAblico-line-910-Sao_Paulo-242-873835-496471-0,4.6,-23.488201,-46.382996500000004,,,,1,2023-06-17T17:58:37+00:00
SAO_2202-10,São Paulo,3550308,True,Urubupungá,910,https://moovitapp.com/index/pt-br/transporte_p%C3%BAblico-line-910-Sao_Paulo-242-873835-496471-0,4.6,-23.530777999999998,-46.396762499999994,,,,1,2023-06-17T17:58:40+00:00
SAO_2202-10,São Paulo,3550308,True,Urubupungá,910,https://moovitapp.com/index/pt-br/transporte_p%C3%BAblico-line-910-Sao_Paulo-242-873835-496471-0,4.6,-23.542133,-46.4148525,,,,1,2023-06-17T17:59:07+00:00
SAO_2202-10,São Paulo,3550308,True,Urubupungá,910,https://moovitapp.com/index/pt-br/transporte_p%C3%BAblico-line-910-Sao_Paulo-242-873835-496471-0,4.6,-23.488201,-46.382996500000004,,,,1,2023-06-17T17:58:55+00:00
SAO_2202-10,São Paulo,3550308,True,Urubupungá,910,https://moovitapp.com/index/pt-br/transporte_p%C3%BAblico-line-910-Sao_Paulo-242-873835-496471-0,4.6,-23.490159,-46.386007,,,,1,2023-06-17T17:58:36+00:00
SAO_2202-10,São Paulo,3550308,True,Urubupungá,910,https://moovitapp.com/index/pt-br/transporte_p%C3%BAblico-line-910-Sao_Paulo-242-873835-496471-0,4.6,-23.53283825,-46.398762500000004,,,,1,2023-06-17T17:59:00+00:00
SAO_2202-10,São Paulo,3550308,True,Urubupungá,910,https://moovitapp.com/index/pt-br/transporte_p%C3%BAblico-line-910-Sao_Paulo-242-873835-496471-0,4.6,-23.530970500000002,-46.3968665,,,,1,2023-06-17T17:59:01+00:00
SAO_2202-10,São Paulo,3550308,True,Urubupungá,910,https://moovitapp.com/index/pt-br/transporte_p%C3%BAblico-line-910-Sao_Paulo-242-873835-496471-0,4.6,-23.487195500000002,-46.3824805,,,,1,2023-06-17T17:59:01+00:00
SAO_2202-10,São Paulo,3550308,True,Urubupungá,910,https://moovitapp.com/index/pt-br/transporte_p%C3%BAblico-line-910-Sao_Paulo-242-873835-496471-0,4.6,-23.515798,-46.4029085,,,,1,2023-06-17T17:58:57+00:00
SAO_2202-10,São Paulo,3550308,True,Urubupungá,910,https://moovitapp.com/index/pt-br/transporte_p%C3%BAblico-line-910-Sao_Paulo-242-873835-496471-0,4.6,-23.505705,-46.403741,,,,1,2023-06-17T17:58:54+00:00
SAO_2202-10,São Paulo,3550308,True,Urubupungá,910,https://moovitapp.com/index/pt-br/transporte_p%C3%BAblico-line-910-Sao_Paulo-242-873835-496471-0,4.6,-23.488201,-46.382996500000004,,,,1,2023-06-17T17:59:09+00:00
SAO_4721-10,São Paulo,3550308,True,,33105,,,-23.615119749999998,-46.6272615,,,,2,2023-06-17T17:58:56+00:00
SAO_6026-10,São Paulo,3550308,True,,32855,,,-23.6751985,-46.687617,,,,2,2023-06-17T17:59:10+00:00
SAO_6026-10,São Paulo,3550308,True,,32855,,,-23.742428,-46.7067815,,,,2,2023-06-17T17:59:05+00:00
SAO_6026-10,São Paulo,3550308,True,,32855,,,-23.718925,-46.7049655,,,,2,2023-06-17T17:58:51+00:00
SAO_4030-10,São Paulo,3550308,True,,1100,,,-23.6129775,-46.488949,,,,1,2023-06-17T17:58:48+00:00
SAO_4030-10,São Paulo,3550308,True,,1100,,,-23.621837999999997,-46.4884975,,,,1,2023-06-17T17:58:55+00:00
SAO_4030-10,São Paulo,3550308,True,,1100,,,-23.5692095,-46.504706,,,,1,2023-06-17T17:59:01+00:00
SAO_4030-10,São Paulo,3550308,True,,1100,,,-23.584497499999998,-46.4919365,,,,1,2023-06-17T17:58:50+00:00
SAO_4030-10,São Paulo,3550308,True,,1100,,,-23.587206,-46.49083125,,,,1,2023-06-17T17:59:14+00:00
SAO_3796-10,São Paulo,3550308,True,,33842,,,-23.5422855,-46.4701625,,,,2,2023-06-17T17:59:15+00:00
SAO_3796-10,São Paulo,3550308,True,,33842,,,-23.580612000000002,-46.460556,,,,2,2023-06-17T17:58:53+00:00
SAO_5194-21,São Paulo,3550308,True,,34863,,,-23.688996500000002,-46.662983499999996,,,,2,2023-06-17T17:58:37+00:00
SAO_5194-21,São Paulo,3550308,True,,34863,,,-23.63928375,-46.67317525,,,,2,2023-06-17T17:58:39+00:00
SAO_5194-21,São Paulo,3550308,True,,34863,,,-23.68220375,-46.68218025,,,,2,2023-06-17T17:58:51+00:00
SAO_7281-10,São Paulo,3550308,True,,1334,,,-23.5473585,-46.6892985,,,,1,2023-06-17T17:59:12+00:00
SAO_7281-10,São Paulo,3550308,True,,1334,,,-23.521652,-46.702393,,,,1,2023-06-17T17:58:38+00:00
SAO_7281-10,São Paulo,3550308,True,,1334,,,-23.521652,-46.702393,,,,1,2023-06-17T17:58:53+00:00
SAO_263J-10,São Paulo,3550308,True,,32987,,,-23.5227955,-46.548518125,,,,2,2023-06-17T17:58:55+00:00
SAO_263J-10,São Paulo,3550308,True,,32987,,,-23.510705,-46.477252,,,,2,2023-06-17T17:58:55+00:00
SAO_263J-10,São Paulo,3550308,True,,32987,,,-23.533719124999998,-46.44977075,,,,2,2023-06-17T17:58:53+00:00
SAO_263J-10,São Paulo,3550308,True,,32987,,,-23.52015825,-46.52482325,,,,2,2023-06-17T17:59:07+00:00
SAO_2755-10,São Paulo,3550308,True,STT,233,https://moovitapp.com/index/pt-br/transporte_p%C3%BAblico-line-233-Sao_Paulo-242-850661-183266-0,5.3,-23.51420925,-46.4523685,,,,1,2023-06-17T17:58:50+00:00
SAO_2755-10,São Paulo,3550308,True,STT,233,https://moovitapp.com/index/pt-br/transporte_p%C3%BAblico-line-233-Sao_Paulo-242-850661-183266-0,5.3,-23.5369655,-46.415866,,,,1,2023-06-17T17:58:01+00:00
SAO_2755-10,São Paulo,3550308,True,STT,233,https://moovitapp.com/index/pt-br/transporte_p%C3%BAblico-line-233-Sao_Paulo-242-850661-183266-0,5.3,-23.521616,-46.529561,,,,1,2023-06-17T17:58:43+00:00
SAO_407P-10,São Paulo,3550308,True,,2200,,,-23.559675499999997,-46.412636500000005,,,,1,2023-06-17T17:58:48+00:00
SAO_407P-10,São Paulo,3550308,True,,2200,,,-23.538722999999997,-46.4570675,,,,1,2023-06-17T17:59:11+00:00
SAO_407P-10,São Paulo,3550308,True,,2200,,,-23.536408375,-46.55574425,,,,1,2023-06-17T17:59:10+00:00
SAO_407P-10,São Paulo,3550308,True,,2200,,,-23.53253625,-46.49975325,,,,1,2023-06-17T17:58:41+00:00
SAO_1156-10,São Paulo,3550308,True,,659,,,-23.517061125,-46.588775999999996,,,,1,2023-06-17T17:58:44+00:00
SAO_1156-10,São Paulo,3550308,True,,659,,,-23.5427505,-46.635459,,,,1,2023-06-17T17:58:59+00:00
SAO_1156-10,São Paulo,3550308,True,,659,,,-23.517737750000002,-46.62811175,,,,1,2023-06-17T17:59:05+00:00
SAO_1156-10,São Paulo,3550308,True,,659,,,-23.489211,-46.570646999999994,,,,1,2023-06-17T17:59:01+00:00
SAO_9023-10,São Paulo,3550308,True,,1437,,,-23.4399935,-46.711143,,,,1,2023-06-17T17:59:00+00:00
SAO_9023-10,São Paulo,3550308,True,,1437,,,-23.4567205,-46.717958499999995,,,,1,2023-06-17T17:57:08+00:00
SAO_9023-10,São Paulo,3550308,True,,1437,,,-23.427988,-46.71467975,,,,1,2023-06-17T17:59:12+00:00
SAO_8600-10,São Paulo,3550308,True,,34200,,,-23.4819955,-46.7176395,,,,2,2023-06-17T17:58:53+00:00
SAO_8600-10,São Paulo,3550308,True,,34200,,,-23.532278374999997,-46.645416125,,,,2,2023-06-17T17:59:04+00:00
SAO_576C-10,São Paulo,3550308,True,,34058,,,-23.65493875,-46.668006000000005,,,,2,2023-06-17T17:59:10+00:00
SAO_576C-10,São Paulo,3550308,True,,34058,,,-23.65397075,-46.7077515,,,,2,2023-06-17T17:59:00+00:00
SAO_576C-10,São Paulo,3550308,True,,34058,,,-23.638040500000002,-46.632286,,,,2,2023-06-17T17:58:57+00:00
SAO_576C-10,São Paulo,3550308,True,,34058,,,-23.637947,-46.632115999999996,,,,2,2023-06-17T17:59:13+00:00
SAO_576C-10,São Paulo,3550308,True,,34058,,,-23.6472665,-46.6452565,,,,2,2023-06-17T17:55:45+00:00
SAO_576C-10,São Paulo,3550308,True,,34058,,,-23.67699675,-46.68555524999999,,,,2,2023-06-17T17:58:51+00:00
SAO_2718-10,São Paulo,3550308,True,,33699,,,-23.4930065,-46.4991965,,,,2,2023-06-17T17:58:34+00:00
SAO_2718-10,São Paulo,3550308,True,,33699,,,-23.505642,-46.5402445,,,,2,2023-06-17T17:58:40+00:00
SAO_2718-10,São Paulo,3550308,True,,33699,,,-23.499855500000002,-46.5233905,,,,2,2023-06-17T17:58:46+00:00
SAO_2718-10,São Paulo,3550308,True,,33699,,,-23.4930925,-46.49988925,,,,2,2023-06-17T17:59:12+00:00
SAO_6051-31,São Paulo,3550308,True,,34374,,,-23.7621455,-46.689133,,,,2,2023-06-17T17:59:14+00:00
SAO_6051-31,São Paulo,3550308,True,,34374,,,-23.7621455,-46.689133,,,,2,2023-06-17T17:59:09+00:00
SAO_6051-31,São Paulo,3550308,True,,34374,,,-23.7621455,-46.689133,,,,2,2023-06-17T17:59:06+00:00
SAO_3141-10,São Paulo,3550308,True,,33502,,,-23.54728575,-46.593526000000004,,,,2,2023-06-17T17:58:29+00:00
SAO_3141-10,São Paulo,3550308,True,,33502,,,-23.586420250000003,-46.53305075,,,,2,2023-06-17T17:59:13+00:00
SAO_3141-10,São Paulo,3550308,True,,33502,,,-23.612826,-46.479245,,,,2,2023-06-17T17:58:38+00:00
SAO_7006-51,São Paulo,3550308,True,,34765,,,-23.6697275,-46.773159,,,,2,2023-06-17T17:58:45+00:00
SAO_7006-51,São Paulo,3550308,True,,34765,,,-23.7021595,-46.782621,,,,2,2023-06-17T17:59:02+00:00
SAO_7006-51,São Paulo,3550308,True,,34765,,,-23.7488905,-46.7831885,,,,2,2023-06-17T17:59:06+00:00
SAO_7006-51,São Paulo,3550308,True,,34765,,,-23.697936,-46.779256000000004,,,,2,2023-06-17T17:59:14+00:00
SAO_2708-10,São Paulo,3550308,True,,33689,,,-23.533179124999997,-46.40071425,,,,2,2023-06-17T17:58:36+00:00
SAO_2708-10,São Paulo,3550308,True,,33689,,,-23.5211035,-46.4279465,,,,2,2023-06-17T17:49:00+00:00
SAO_2708-10,São Paulo,3550308,True,,33689,,,-23.523810750000003,-46.43026725,,,,2,2023-06-17T17:58:48+00:00
SAO_2708-10,São Paulo,3550308,True,,33689,,,-23.533335875,-46.40048375,,,,2,2023-06-17T17:56:55+00:00
SAO_637P-10,São Paulo,3550308,True,,32815,,,-23.585707,-46.671751,,,,2,2023-06-17T17:58:35+00:00
SAO_637P-10,São Paulo,3550308,True,,32815,,,-23.566628,-46.701685499999996,,,,2,2023-06-17T17:59:06+00:00
SAO_637P-10,São Paulo,3550308,True,,32815,,,-23.5669185,-46.701476,,,,2,2023-06-17T17:59:17+00:00
SAO_637P-10,São Paulo,3550308,True,,32815,,,-23.566628,-46.701685499999996,,,,2,2023-06-17T17:58:47+00:00
SAO_637P-10,São Paulo,3550308,True,,32815,,,-23.63537675,-46.694847249999995,,,,2,2023-06-17T17:59:16+00:00
SAO_637P-10,São Paulo,3550308,True,,32815,,,-23.610749,-46.677432,,,,2,2023-06-17T17:59:11+00:00
SAO_637P-10,São Paulo,3550308,True,,32815,,,-23.566628,-46.701685499999996,,,,2,2023-06-17T17:59:00+00:00
SAO_3064-10,São Paulo,3550308,True,,33748,,,-23.544960500000002,-46.411311999999995,,,,2,2023-06-17T17:58:46+00:00
SAO_3064-10,São Paulo,3550308,True,,33748,,,-23.602252999999997,-46.3983735,,,,2,2023-06-17T17:58:43+00:00
SAO_3064-10,São Paulo,3550308,True,,33748,,,-23.570022,-46.415741499999996,,,,2,2023-06-17T17:58:57+00:00
SAO_3064-10,São Paulo,3550308,True,,33748,,,-23.601957499999997,-46.3986365,,,,2,2023-06-17T17:59:04+00:00
SAO_3064-10,São Paulo,3550308,True,,33748,,,-23.582452,-46.40991075,,,,2,2023-06-17T17:58:41+00:00
SAO_3064-10,São Paulo,3550308,True,,33748,,,-23.583129,-46.4092945,,,,2,2023-06-17T17:59:11+00:00
SAO_3064-10,São Paulo,3550308,True,,33748,,,-23.5430265,-46.4157135,,,,2,2023-06-17T17:58:57+00:00
SAO_8007-10,São Paulo,3550308,True,,1257,,,-23.4688045,-46.753536,,,,1,2023-06-17T17:59:02+00:00
SAO_5038-10,São Paulo,3550308,True,,34429,,,-23.6530245,-46.602299,,,,2,2023-06-17T17:59:10+00:00
SAO_5038-10,São Paulo,3550308,True,,34429,,,-23.649334,-46.6137015,,,,2,2023-06-17T17:59:11+00:00
SAO_5038-10,São Paulo,3550308,True,,34429,,,-23.6186955,-46.601816,,,,2,2023-06-17T17:58:54+00:00
SAO_5038-10,São Paulo,3550308,True,,34429,,,-23.653293500000004,-46.602455000000006,,,,2,2023-06-17T17:59:00+00:00
SAO_546J-10,São Paulo,3550308,True,,33901,,,-23.692935,-46.660601,,,,2,2023-06-17T17:58:46+00:00
SAO_546J-10,São Paulo,3550308,True,,33901,,,-23.687413749999997,-46.6586645,,,,2,2023-06-17T17:58:40+00:00
SAO_546J-10,São Paulo,3550308,True,,33901,,,-23.672126125,-46.66713075,,,,2,2023-06-17T17:59:12+00:00
SAO_297A-10,São Paulo,3550308,True,,34901,,,-23.49799025,-46.67594525,,,,2,2023-06-17T17:58:40+00:00
SAO_297A-10,São Paulo,3550308,True,,34901,,,-23.52381775,-46.66664875,,,,2,2023-06-17T17:58:45+00:00
SAO_9032-10,São Paulo,3550308,True,,33648,,,-23.450512,-46.6995745,,,,2,2023-06-17T17:59:10+00:00
SAO_9032-10,São Paulo,3550308,True,,33648,,,-23.4462225,-46.6920085,,,,2,2023-06-17T17:59:05+00:00
SAO_9032-10,São Paulo,3550308,True,,33648,,,-23.463628,-46.6811755,,,,2,2023-06-17T17:59:12+00:00
SAO_9032-10,São Paulo,3550308,True,,33648,,,-23.473833999999997,-46.669099,,,,2,2023-06-17T17:58:55+00:00
SAO_1780-10,São Paulo,3550308,True,,33637,,,-23.464134,-46.583101,,,,2,2023-06-17T17:57:12+00:00
SAO_1780-10,São Paulo,3550308,True,,33637,,,-23.4821975,-46.604628,,,,2,2023-06-17T17:59:14+00:00
SAO_1780-10,São Paulo,3550308,True,,33637,,,-23.447813,-46.5792565,,,,2,2023-06-17T17:59:14+00:00
SAO_1780-10,São Paulo,3550308,True,,33637,,,-23.4483715,-46.5789425,,,,2,2023-06-17T17:58:34+00:00
SAO_1780-10,São Paulo,3550308,True,,33637,,,-23.4483715,-46.5789425,,,,2,2023-06-17T17:59:14+00:00
SAO_6840-10,São Paulo,3550308,True,EMTU,201,https://moovitapp.com/index/pt-br/transporte_p%C3%BAblico-line-201-Sao_Paulo-242-2038937-58093160-0,20.4,-23.71163975,-46.782505,,,,1,2023-06-17T17:58:46+00:00
SAO_6840-10,São Paulo,3550308,True,EMTU,201,https://moovitapp.com/index/pt-br/transporte_p%C3%BAblico-line-201-Sao_Paulo-242-2038937-58093160-0,20.4,-23.746540500000002,-46.7951595,,,,1,2023-06-17T17:59:01+00:00
SAO_6840-10,São Paulo,3550308,True,EMTU,201,https://moovitapp.com/index/pt-br/transporte_p%C3%BAblico-line-201-Sao_Paulo-242-2038937-58093160-0,20.4,-23.654061499999997,-46.763393,,,,1,2023-06-17T17:59:13+00:00
SAO_6840-10,São Paulo,3550308,True,EMTU,201,https://moovitapp.com/index/pt-br/transporte_p%C3%BAblico-line-201-Sao_Paulo-242-2038937-58093160-0,20.4,-23.7317975,-46.7861475,,,,1,2023-06-17T17:59:02+00:00
SAO_6840-10,São Paulo,3550308,True,EMTU,201,https://moovitapp.com/index/pt-br/transporte_p%C3%BAblico-line-201-Sao_Paulo-242-2038937-58093160-0,20.4,-23.699928,-46.7806655,,,,1,2023-06-17T17:58:57+00:00
SAO_6840-10,São Paulo,3550308,True,EMTU,201,https://moovitapp.com/index/pt-br/transporte_p%C3%BAblico-line-201-Sao_Paulo-242-2038937-58093160-0,20.4,-23.6553155,-46.763464,,,,1,2023-06-17T17:59:00+00:00
SAO_6840-10,São Paulo,3550308,True,EMTU,201,https://moovitapp.com/index/pt-br/transporte_p%C3%BAblico-line-201-Sao_Paulo-242-2038937-58093160-0,20.4,-23.7317975,-46.7861475,,,,1,2023-06-17T17:36:15+00:00
SAO_6840-10,São Paulo,3550308,True,EMTU,201,https://moovitapp.com/index/pt-br/transporte_p%C3%BAblico-line-201-Sao_Paulo-242-2038937-58093160-0,20.4,-23.732810999999998,-46.786792750000004,,,,1,2023-06-17T17:58:48+00:00
SAO_6840-10,São Paulo,3550308,True,EMTU,201,https://moovitapp.com/index/pt-br/transporte_p%C3%BAblico-line-201-Sao_Paulo-242-2038937-58093160-0,20.4,-23.685298500000002,-46.770142500000006,,,,1,2023-06-17T17:58:36+00:00
SAO_8010-10,São Paulo,3550308,True,,33566,,,-23.419767,-46.7495725,,,,2,2023-06-17T17:59:09+00:00
SAO_8010-10,São Paulo,3550308,True,,33566,,,-23.4383475,-46.721445,,,,2,2023-06-17T17:58:31+00:00
SAO_8010-10,São Paulo,3550308,True,,33566,,,-23.438611,-46.7214735,,,,2,2023-06-17T17:58:33+00:00
SAO_8010-10,São Paulo,3550308,True,,33566,,,-23.4877265,-46.7263995,,,,2,2023-06-17T17:58:39+00:00
SAO_8010-10,São Paulo,3550308,True,,33566,,,-23.51759175,-46.70132625000001,,,,2,2023-06-17T17:58:45+00:00
SAO_8010-10,São Paulo,3550308,True,,33566,,,-23.4047485,-46.740904,,,,2,2023-06-17T17:58:42+00:00
SAO_8010-10,São Paulo,3550308,True,,33566,,,-23.503464,-46.7111625,,,,2,2023-06-17T17:59:03+00:00
SAO_8010-10,São Paulo,3550308,True,,33566,,,-23.4063025,-46.758756749999996,,,,2,2023-06-17T17:58:41+00:00
SAO_8010-10,São Paulo,3550308,True,,33566,,,-23.419567999999998,-46.749461499999995,,,,2,2023-06-17T17:58:46+00:00
SAO_8010-10,São Paulo,3550308,True,,33566,,,-23.4188695,-46.748881499999996,,,,2,2023-06-17T17:58:54+00:00
SAO_8010-10,São Paulo,3550308,True,,33566,,,-23.419337,-46.749284,,,,2,2023-06-17T17:59:02+00:00
SAO_3728-10,São Paulo,3550308,True,,33793,,,-23.5421635,-46.4837615,,,,2,2023-06-17T17:59:09+00:00
SAO_3728-10,São Paulo,3550308,True,,33793,,,-23.549337,-46.487021,,,,2,2023-06-17T17:58:51+00:00
SAO_3728-10,São Paulo,3550308,True,,33793,,,-23.542378,-46.48379425,,,,2,2023-06-17T17:58:54+00:00
SAO_3728-10,São Paulo,3550308,True,,33793,,,-23.560937,-46.483025999999995,,,,2,2023-06-17T17:58:48+00:00
SAO_3728-10,São Paulo,3550308,True,,33793,,,-23.542378,-46.48379425,,,,2,2023-06-17T17:59:12+00:00
SAO_3728-41,São Paulo,3550308,True,,34756,,,-23.5593935,-46.487684,,,,2,2023-06-17T17:58:35+00:00
SAO_3728-41,São Paulo,3550308,True,,34756,,,-23.542556,-46.48409475,,,,2,2023-06-17T17:59:05+00:00
SAO_4288-10,São Paulo,3550308,True,,33058,,,-23.5846995,-46.583796,,,,2,2023-06-17T17:59:14+00:00
SAO_4288-10,São Paulo,3550308,True,,33058,,,-23.611155,-46.519178499999995,,,,2,2023-06-17T17:59:14+00:00
SAO_8038-10,São Paulo,3550308,True,,797,,,-23.51957075,-46.703840375,,,,1,2023-06-17T17:58:48+00:00
SAO_8038-10,São Paulo,3550308,True,,797,,,-23.5369275,-46.731688,,,,1,2023-06-17T17:58:10+00:00
SAO_8038-10,São Paulo,3550308,True,,797,,,-23.525329625,-46.71097425,,,,1,2023-06-17T17:58:35+00:00
SAO_8038-10,São Paulo,3550308,True,,797,,,-23.5449195,-46.746204,,,,1,2023-06-17T17:58:58+00:00
SAO_2005-10,São Paulo,3550308,True,,33661,,,-23.489579,-46.415228875000004,,,,2,2023-06-17T17:57:24+00:00
SAO_2005-10,São Paulo,3550308,True,,33661,,,-23.490944499999998,-46.445358,,,,2,2023-06-17T17:59:03+00:00
SAO_2021-10,São Paulo,3550308,True,,906,,,-23.543503625,-46.4090985,,,,1,2023-06-17T17:58:36+00:00
SAO_2021-10,São Paulo,3550308,True,,906,,,-23.544384,-46.389341,,,,1,2023-06-17T17:58:53+00:00
SAO_2021-10,São Paulo,3550308,True,,906,,,-23.5361205,-46.39729,,,,1,2023-06-17T17:58:36+00:00
SAO_2021-10,São Paulo,3550308,True,,906,,,-23.5443145,-46.389241999999996,,,,1,2023-06-17T17:58:09+00:00
SAO_2021-10,São Paulo,3550308,True,,906,,,-23.5443145,-46.389241999999996,,,,1,2023-06-17T17:58:04+00:00
SAO_3712-51,São Paulo,3550308,True,,2505,,,-23.556411500000003,-46.423050374999995,,,,1,2023-06-17T17:58:41+00:00
SAO_3712-51,São Paulo,3550308,True,,2505,,,-23.5346945,-46.4535035,,,,1,2023-06-17T17:59:15+00:00
SAO_3712-51,São Paulo,3550308,True,,2505,,,-23.5419105,-46.4705625,,,,1,2023-06-17T17:59:16+00:00
SAO_737A-10,São Paulo,3550308,True,,1730,,,-23.666076875,-46.715127249999995,,,,1,2023-06-17T17:58:56+00:00
SAO_737A-10,São Paulo,3550308,True,,1730,,,-23.6541015,-46.7120065,,,,1,2023-06-17T17:58:50+00:00
SAO_737A-10,São Paulo,3550308,True,,1730,,,-23.67875375,-46.7631745,,,,1,2023-06-17T17:59:06+00:00
SAO_737A-10,São Paulo,3550308,True,,1730,,,-23.6541015,-46.7120065,,,,1,2023-06-17T17:59:16+00:00
SAO_737A-10,São Paulo,3550308,True,,1730,,,-23.6902125,-46.773815,,,,1,2023-06-17T17:58:38+00:00
SAO_737A-10,São Paulo,3550308,True,,1730,,,-23.6902125,-46.773815,,,,1,2023-06-17T17:58:50+00:00
SAO_2722-10,São Paulo,3550308,True,,33703,,,-23.52856,-46.5161185,,,,2,2023-06-17T17:59:13+00:00
SAO_2722-10,São Paulo,3550308,True,,33703,,,-23.503092000000002,-46.4939385,,,,2,2023-06-17T17:59:15+00:00
SAO_2722-10,São Paulo,3550308,True,,33703,,,-23.48643075,-46.5030025,,,,2,2023-06-17T17:58:54+00:00
SAO_2722-10,São Paulo,3550308,True,,33703,,,-23.49297825,-46.497193499999995,,,,2,2023-06-17T17:56:13+00:00
SAO_1744-10,São Paulo,3550308,True,,33312,,,-23.497836,-46.6276935,,,,2,2023-06-17T17:58:53+00:00
SAO_1744-10,São Paulo,3550308,True,,33312,,,-23.47214175,-46.642127375,,,,2,2023-06-17T17:58:13+00:00
SAO_1744-10,São Paulo,3550308,True,,33312,,,-23.4764375,-46.642156,,,,2,2023-06-17T17:58:58+00:00
SAO_1744-10,São Paulo,3550308,True,,33312,,,-23.472376,-46.64149449999999,,,,2,2023-06-17T17:59:09+00:00
SAO_6118-10,São Paulo,3550308,True,,1188,,,-23.7251125,-46.7113245,,,,1,2023-06-17T17:59:10+00:00
SAO_6118-10,São Paulo,3550308,True,,1188,,,-23.7435915,-46.70258525,,,,1,2023-06-17T17:58:34+00:00
SAO_6118-10,São Paulo,3550308,True,,1188,,,-23.752625000000002,-46.7028335,,,,1,2023-06-17T17:58:42+00:00
SAO_6118-10,São Paulo,3550308,True,,1188,,,-23.672977,-46.70973425,,,,1,2023-06-17T17:59:09+00:00
SAO_6970-10,São Paulo,3550308,True,,1505,,,-23.737581499999997,-46.697899500000005,,,,1,2023-06-17T17:58:52+00:00
SAO_6970-10,São Paulo,3550308,True,,1505,,,-23.737581499999997,-46.697899500000005,,,,1,2023-06-17T17:59:15+00:00
SAO_6970-10,São Paulo,3550308,True,,1505,,,-23.737581499999997,-46.697899500000005,,,,1,2023-06-17T17:59:01+00:00
SAO_6970-10,São Paulo,3550308,True,,1505,,,-23.675501625,-46.712304875,,,,1,2023-06-17T17:59:07+00:00
SAO_6970-10,São Paulo,3550308,True,,1505,,,-23.737581499999997,-46.697899500000005,,,,1,2023-06-17T17:58:55+00:00
SAO_6970-10,São Paulo,3550308,True,,1505,,,-23.715574500000002,-46.706303000000005,,,,1,2023-06-17T17:58:59+00:00
SAO_6970-10,São Paulo,3550308,True,,1505,,,-23.737581499999997,-46.697899500000005,,,,1,2023-06-17T17:58:33+00:00
SAO_4036-10,São Paulo,3550308,True,,2561,,,-23.556207,-46.47783,,,,1,2023-06-17T17:59:06+00:00
SAO_516N-10,São Paulo,3550308,True,EMTU,266,https://moovitapp.com/index/pt-br/transporte_p%C3%BAblico-line-266-Sao_Paulo-242-2038937-36419376-0,6.8,-23.60233775,-46.674246999999994,,,,1,2023-06-17T17:58:53+00:00
SAO_516N-10,São Paulo,3550308,True,EMTU,266,https://moovitapp.com/index/pt-br/transporte_p%C3%BAblico-line-266-Sao_Paulo-242-2038937-36419376-0,6.8,-23.65504,-46.666771,,,,1,2023-06-17T17:58:55+00:00
SAO_516N-10,São Paulo,3550308,True,EMTU,266,https://moovitapp.com/index/pt-br/transporte_p%C3%BAblico-line-266-Sao_Paulo-242-2038937-36419376-0,6.8,-23.69054175,-46.64376375,,,,1,2023-06-17T17:58:11+00:00
SAO_516N-10,São Paulo,3550308,True,EMTU,266,https://moovitapp.com/index/pt-br/transporte_p%C3%BAblico-line-266-Sao_Paulo-242-2038937-36419376-0,6.8,-23.6678605,-46.652286000000004,,,,1,2023-06-17T17:59:00+00:00
SAO_4085-10,São Paulo,3550308,True,,2156,,,-23.563233,-46.434481000000005,,,,1,2023-06-17T17:59:16+00:00
SAO_4085-10,São Paulo,3550308,True,,2156,,,-23.548584124999998,-46.460736,,,,1,2023-06-17T17:59:10+00:00
SAO_7545-10,São Paulo,3550308,True,,504,,,-23.578221499999998,-46.726243249999996,,,,1,2023-06-17T17:59:09+00:00
SAO_7545-10,São Paulo,3550308,True,,504,,,-23.602068,-46.7944835,,,,1,2023-06-17T17:58:58+00:00
SAO_7545-10,São Paulo,3550308,True,,504,,,-23.5477505,-46.641476,,,,1,2023-06-17T17:58:37+00:00
SAO_8600-10,São Paulo,3550308,True,,1432,,,-23.5231116875,-46.6514318125,,,,1,2023-06-17T17:59:14+00:00
SAO_8600-10,São Paulo,3550308,True,,1432,,,-23.486732,-46.726426000000004,,,,1,2023-06-17T17:58:48+00:00
SAO_8600-10,São Paulo,3550308,True,,1432,,,-23.490379,-46.710350250000005,,,,1,2023-06-17T17:59:12+00:00
SAO_3773-10,São Paulo,3550308,True,,1059,,,-23.597997,-46.470507,,,,1,2023-06-17T17:58:53+00:00
SAO_3773-10,São Paulo,3550308,True,,1059,,,-23.614292499999998,-46.4699875,,,,1,2023-06-17T17:59:17+00:00
SAO_3773-10,São Paulo,3550308,True,,1059,,,-23.615941999999997,-46.464735000000005,,,,1,2023-06-17T17:58:44+00:00
SAO_3773-10,São Paulo,3550308,True,,1059,,,-23.578761,-46.494406,,,,1,2023-06-17T17:58:53+00:00
SAO_3773-10,São Paulo,3550308,True,,1059,,,-23.615941999999997,-46.464735000000005,,,,1,2023-06-17T17:58:41+00:00
SAO_3773-10,São Paulo,3550308,True,,1059,,,-23.54821175,-46.525225,,,,1,2023-06-17T17:58:52+00:00
SAO_6012-10,São Paulo,3550308,True,,1204,,,-23.654648,-46.706824999999995,,,,1,2023-06-17T17:59:11+00:00
SAO_6012-10,São Paulo,3550308,True,,1204,,,-23.686436999999998,-46.7873475,,,,1,2023-06-17T17:59:05+00:00
SAO_6012-10,São Paulo,3550308,True,,1204,,,-23.6865015,-46.7875165,,,,1,2023-06-17T17:58:57+00:00
SAO_6012-10,São Paulo,3550308,True,,1204,,,-23.684296,-46.769915999999995,,,,1,2023-06-17T17:58:38+00:00
SAO_3099-10,São Paulo,3550308,True,,1079,,,-23.6134195,-46.471976,,,,1,2023-06-17T17:58:36+00:00
SAO_3099-10,São Paulo,3550308,True,,1079,,,-23.6071935,-46.444950500000004,,,,1,2023-06-17T17:58:36+00:00
SAO_3099-10,São Paulo,3550308,True,,1079,,,-23.60686225,-46.478975250000005,,,,1,2023-06-17T17:59:11+00:00
SAO_3099-10,São Paulo,3550308,True,,1079,,,-23.592958000000003,-46.4883885,,,,1,2023-06-17T17:58:44+00:00
SAO_3099-10,São Paulo,3550308,True,,1079,,,-23.6255375,-46.463149,,,,1,2023-06-17T17:58:47+00:00
SAO_3099-10,São Paulo,3550308,True,,1079,,,-23.5989245,-46.48563312499999,,,,1,2023-06-17T17:58:40+00:00
SAO_3099-10,São Paulo,3550308,True,,1079,,,-23.6126845,-46.4445915,,,,1,2023-06-17T17:58:38+00:00
SAO_5759-10,São Paulo,3550308,True,,1138,,,-23.6461565,-46.644951,,,,1,2023-06-17T17:57:07+00:00
SAO_5759-10,São Paulo,3550308,True,,1138,,,-23.6850445,-46.6472195,,,,1,2023-06-17T17:51:41+00:00
SAO_5759-10,São Paulo,3550308,True,,1138,,,-23.661416000000003,-46.662572499999996,,,,1,2023-06-17T17:59:11+00:00
SAO_5145-10,São Paulo,3550308,True,,34409,,,-23.5733015,-46.563201,,,,2,2023-06-17T17:59:14+00:00
SAO_5145-10,São Paulo,3550308,True,,34409,,,-23.613924,-46.5010425,,,,2,2023-06-17T17:58:34+00:00
SAO_5145-10,São Paulo,3550308,True,,34409,,,-23.557059,-46.633474,,,,2,2023-06-17T17:58:51+00:00
SAO_6110-10,São Paulo,3550308,True,,33952,,,-23.701327749999997,-46.70153175,,,,2,2023-06-17T17:58:49+00:00
SAO_6110-10,São Paulo,3550308,True,,33952,,,-23.739710000000002,-46.709402499999996,,,,2,2023-06-17T17:59:13+00:00
SAO_6110-10,São Paulo,3550308,True,,33952,,,-23.6711165,-46.67788924999999,,,,2,2023-06-17T17:59:08+00:00
SAO_6110-10,São Paulo,3550308,True,,33952,,,-23.757465,-46.7053555,,,,2,2023-06-17T17:58:33+00:00
SAO_6110-10,São Paulo,3550308,True,,33952,,,-23.623208750000003,-46.66179275,,,,2,2023-06-17T17:59:09+00:00
SAO_6110-10,São Paulo,3550308,True,,33952,,,-23.7570445,-46.7057305,,,,2,2023-06-17T17:59:16+00:00
SAO_6110-10,São Paulo,3550308,True,,33952,,,-23.7505585,-46.7104225,,,,2,2023-06-17T17:59:18+00:00
SAO_6049-10,São Paulo,3550308,True,,1309,,,-23.682366000000002,-46.7972355,,,,1,2023-06-17T17:59:09+00:00
SAO_6049-10,São Paulo,3550308,True,,1309,,,-23.652508249999997,-46.717436625000005,,,,1,2023-06-17T17:58:51+00:00
SAO_6049-10,São Paulo,3550308,True,,1309,,,-23.675129249999998,-46.78836575,,,,1,2023-06-17T17:59:15+00:00
SAO_6049-10,São Paulo,3550308,True,,1309,,,-23.694253,-46.793887,,,,1,2023-06-17T17:59:16+00:00
SAO_5015-10,São Paulo,3550308,True,,1119,,,-23.685632,-46.6640105,,,,1,2023-06-17T17:58:54+00:00
SAO_5015-10,São Paulo,3550308,True,,1119,,,-23.676828,-46.65915525,,,,1,2023-06-17T17:53:45+00:00
SAO_5015-10,São Paulo,3550308,True,,1119,,,-23.6924525,-46.659774999999996,,,,1,2023-06-17T17:58:42+00:00
SAO_5015-10,São Paulo,3550308,True,,1119,,,-23.650150500000002,-46.640345499999995,,,,1,2023-06-17T17:58:35+00:00
SAO_695T-10,São Paulo,3550308,True,,1322,,,-23.641070999999997,-46.697597375,,,,1,2023-06-17T17:59:03+00:00
SAO_695T-10,São Paulo,3550308,True,,1322,,,-23.597188,-46.64177725,,,,1,2023-06-17T17:58:52+00:00
SAO_695T-10,São Paulo,3550308,True,,1322,,,-23.654826,-46.761785,,,,1,2023-06-17T17:58:42+00:00
SAO_174M-10,São Paulo,3550308,True,,673,,,-23.479855,-46.5817945,,,,1,2023-06-17T17:59:12+00:00
SAO_174M-10,São Paulo,3550308,True,,673,,,-23.487883500000002,-46.574864500000004,,,,1,2023-06-17T17:59:03+00:00
SAO_174M-10,São Paulo,3550308,True,,673,,,-23.49316025,-46.6173505,,,,1,2023-06-17T17:58:45+00:00
SAO_174M-10,São Paulo,3550308,True,,673,,,-23.5782995,-46.609729,,,,1,2023-06-17T17:59:02+00:00
SAO_8073-10,São Paulo,3550308,True,,34849,,,-23.599168,-46.766690999999994,,,,2,2023-06-17T17:58:33+00:00
SAO_8073-10,São Paulo,3550308,True,,34849,,,-23.5914395,-46.7359765,,,,2,2023-06-17T17:58:41+00:00
SAO_476A-10,São Paulo,3550308,True,,33072,,,-23.578396750000003,-46.6022665,,,,2,2023-06-17T17:59:12+00:00
SAO_476A-10,São Paulo,3550308,True,,33072,,,-23.63577325,-46.694183125,,,,2,2023-06-17T17:58:43+00:00
SAO_476A-10,São Paulo,3550308,True,,33072,,,-23.60676,-46.65908975000001,,,,2,2023-06-17T17:58:48+00:00
SAO_172K-10,São Paulo,3550308,True,,857,,,-23.482073999999997,-46.603697,,,,1,2023-06-17T17:59:05+00:00
SAO_172K-10,São Paulo,3550308,True,,857,,,-23.539696499999998,-46.575877500000004,,,,1,2023-06-17T17:59:17+00:00
SAO_172K-10,São Paulo,3550308,True,,857,,,-23.49212525,-46.597162,,,,1,2023-06-17T17:59:16+00:00
SAO_172K-10,São Paulo,3550308,True,,857,,,-23.518577,-46.58996512499999,,,,1,2023-06-17T17:59:15+00:00
SAO_172K-10,São Paulo,3550308,True,,857,,,-23.464372875000002,-46.603658249999995,,,,1,2023-06-17T17:58:35+00:00
SAO_172K-10,São Paulo,3550308,True,,857,,,-23.4816495,-46.590118000000004,,,,1,2023-06-17T17:58:33+00:00
SAO_6035-10,São Paulo,3550308,True,,1213,,,-23.7035675,-46.783773499999995,,,,1,2023-06-17T17:59:15+00:00
SAO_6035-10,São Paulo,3550308,True,,1213,,,-23.672914499999997,-46.743935,,,,1,2023-06-17T17:59:10+00:00
SAO_6035-10,São Paulo,3550308,True,,1213,,,-23.648574,-46.704207,,,,1,2023-06-17T17:59:13+00:00
SAO_6035-10,São Paulo,3550308,True,,1213,,,-23.7276515,-46.7608515,,,,1,2023-06-17T17:58:58+00:00
SAO_6035-10,São Paulo,3550308,True,,1213,,,-23.72062,-46.7558005,,,,1,2023-06-17T17:59:13+00:00
SAO_172U-10,São Paulo,3550308,True,,860,,,-23.51966025,-46.625365,,,,1,2023-06-17T17:59:17+00:00
SAO_172U-10,São Paulo,3550308,True,,860,,,-23.575955999999998,-46.5786795,,,,1,2023-06-17T17:59:16+00:00
SAO_172U-10,São Paulo,3550308,True,,860,,,-23.4789475,-46.607421,,,,1,2023-06-17T17:58:36+00:00
SAO_172U-10,São Paulo,3550308,True,,860,,,-23.46496175,-46.59650325,,,,1,2023-06-17T17:59:04+00:00
SAO_172U-10,São Paulo,3550308,True,,860,,,-23.538787999999997,-46.61216025,,,,1,2023-06-17T17:59:11+00:00
SAO_172U-10,São Paulo,3550308,True,,860,,,-23.444759,-46.59014,,,,1,2023-06-17T17:59:16+00:00
SAO_172U-10,São Paulo,3550308,True,,860,,,-23.5575185,-46.597006,,,,1,2023-06-17T17:59:06+00:00
SAO_172U-10,São Paulo,3550308,True,,860,,,-23.576000999999998,-46.5784125,,,,1,2023-06-17T17:59:16+00:00
SAO_172U-10,São Paulo,3550308,True,,860,,,-23.523996500000003,-46.6255045,,,,1,2023-06-17T17:59:18+00:00
SAO_9653-10,São Paulo,3550308,True,EMTU,588,https://moovitapp.com/index/pt-br/transporte_p%C3%BAblico-line-588-Sao_Paulo-242-2038937-36419575-0,7.55,-23.5072215,-46.6709805,,,,1,2023-06-17T17:59:00+00:00
SAO_9653-10,São Paulo,3550308,True,EMTU,588,https://moovitapp.com/index/pt-br/transporte_p%C3%BAblico-line-588-Sao_Paulo-242-2038937-36419575-0,7.55,-23.532875625000003,-46.6451405,,,,1,2023-06-17T17:59:12+00:00
SAO_9653-10,São Paulo,3550308,True,EMTU,588,https://moovitapp.com/index/pt-br/transporte_p%C3%BAblico-line-588-Sao_Paulo-242-2038937-36419575-0,7.55,-23.4689585,-46.663446500000006,,,,1,2023-06-17T17:58:52+00:00
SAO_9653-10,São Paulo,3550308,True,EMTU,588,https://moovitapp.com/index/pt-br/transporte_p%C3%BAblico-line-588-Sao_Paulo-242-2038937-36419575-0,7.55,-23.464035125000002,-46.654045625,,,,1,2023-06-17T17:59:11+00:00
SAO_2726-10,São Paulo,3550308,True,Urubupungá,940,https://moovitapp.com/index/pt-br/transporte_p%C3%BAblico-line-940-Sao_Paulo-242-873835-496474-0,4.6,-23.5102145,-46.50556,,,,1,2023-06-17T17:58:55+00:00
SAO_2726-10,São Paulo,3550308,True,Urubupungá,940,https://moovitapp.com/index/pt-br/transporte_p%C3%BAblico-line-940-Sao_Paulo-242-873835-496474-0,4.6,-23.514874499999998,-46.4689515,,,,1,2023-06-17T17:59:08+00:00
SAO_2726-10,São Paulo,3550308,True,Urubupungá,940,https://moovitapp.com/index/pt-br/transporte_p%C3%BAblico-line-940-Sao_Paulo-242-873835-496474-0,4.6,-23.5142095,-46.479327999999995,,,,1,2023-06-17T17:58:55+00:00
SAO_2726-10,São Paulo,3550308,True,Urubupungá,940,https://moovitapp.com/index/pt-br/transporte_p%C3%BAblico-line-940-Sao_Paulo-242-873835-496474-0,4.6,-23.532725,-46.5457485,,,,1,2023-06-17T17:58:52+00:00
SAO_2726-10,São Paulo,3550308,True,Urubupungá,940,https://moovitapp.com/index/pt-br/transporte_p%C3%BAblico-line-940-Sao_Paulo-242-873835-496474-0,4.6,-23.520444499999996,-46.52502875,,,,1,2023-06-17T17:58:37+00:00
SAO_407L-10,São Paulo,3550308,True,,2199,,,-23.532169500000002,-46.4864495,,,,1,2023-06-17T17:56:22+00:00
SAO_407L-10,São Paulo,3550308,True,,2199,,,-23.5368875,-46.470751500000006,,,,1,2023-06-17T17:58:48+00:00
SAO_407L-10,São Paulo,3550308,True,,2199,,,-23.533132000000002,-46.493969750000005,,,,1,2023-06-17T17:59:01+00:00
SAO_407L-10,São Paulo,3550308,True,,2199,,,-23.528501,-46.5159915,,,,1,2023-06-17T17:58:52+00:00
SAO_407L-10,São Paulo,3550308,True,,2199,,,-23.5849955,-46.3906585,,,,1,2023-06-17T17:55:03+00:00
SAO_407L-10,São Paulo,3550308,True,,2199,,,-23.530773500000002,-46.445034,,,,1,2023-06-17T17:58:54+00:00
SAO_407L-10,São Paulo,3550308,True,,2199,,,-23.5832695,-46.4081135,,,,1,2023-06-17T17:59:10+00:00
SAO_6050-10,São Paulo,3550308,True,,1225,,,-23.750414499999998,-46.679019499999995,,,,1,2023-06-17T17:58:34+00:00
SAO_6050-10,São Paulo,3550308,True,,1225,,,-23.753013,-46.681681,,,,1,2023-06-17T17:59:09+00:00
SAO_3718-10,São Paulo,3550308,True,,1013,,,-23.557025,-46.4865765,,,,1,2023-06-17T17:59:14+00:00
SAO_3718-10,São Paulo,3550308,True,,1013,,,-23.557748000000004,-46.489372375,,,,1,2023-06-17T17:59:17+00:00
SAO_3718-10,São Paulo,3550308,True,,1013,,,-23.5526605,-46.4857035,,,,1,2023-06-17T17:58:59+00:00
SAO_3718-10,São Paulo,3550308,True,,1013,,,-23.557025,-46.4865765,,,,1,2023-06-17T17:58:48+00:00
SAO_3718-10,São Paulo,3550308,True,,1013,,,-23.557025,-46.4865765,,,,1,2023-06-17T17:58:56+00:00
SAO_778R-10,São Paulo,3550308,True,EMTU,509,https://moovitapp.com/index/pt-br/transporte_p%C3%BAblico-line-509-Sao_Paulo-242-2038937-36419531-0,4.95,-23.583851250000002,-46.735541874999996,,,,1,2023-06-17T17:58:57+00:00
SAO_778R-10,São Paulo,3550308,True,EMTU,509,https://moovitapp.com/index/pt-br/transporte_p%C3%BAblico-line-509-Sao_Paulo-242-2038937-36419531-0,4.95,-23.585532999999998,-46.8056635,,,,1,2023-06-17T17:59:13+00:00
SAO_778R-10,São Paulo,3550308,True,EMTU,509,https://moovitapp.com/index/pt-br/transporte_p%C3%BAblico-line-509-Sao_Paulo-242-2038937-36419531-0,4.95,-23.55553325,-46.662593,,,,1,2023-06-17T17:59:01+00:00
SAO_8003-10,São Paulo,3550308,True,,1253,,,-23.520432,-46.747237750000004,,,,1,2023-06-17T17:59:07+00:00
SAO_8003-10,São Paulo,3550308,True,,1253,,,-23.5196005,-46.700601,,,,1,2023-06-17T17:58:36+00:00
SAO_775P-10,São Paulo,3550308,True,,33275,,,-23.56074075,-46.657163999999995,,,,2,2023-06-17T17:58:41+00:00
SAO_775P-10,São Paulo,3550308,True,,33275,,,-23.597096,-46.7681435,,,,2,2023-06-17T17:59:07+00:00
SAO_775P-10,São Paulo,3550308,True,,33275,,,-23.593742,-46.753746,,,,2,2023-06-17T17:58:45+00:00
SAO_4035-10,São Paulo,3550308,True,,35328,,,-23.5591695,-46.3996545,,,,2,2023-06-17T17:59:13+00:00
SAO_4035-10,São Paulo,3550308,True,,35328,,,-23.545434999999998,-46.4051695,,,,2,2023-06-17T17:58:09+00:00
SAO_6412-10,São Paulo,3550308,True,,770,,,-23.617671,-46.7210095,,,,1,2023-06-17T17:58:49+00:00
SAO_6412-10,São Paulo,3550308,True,,770,,,-23.611616374999997,-46.686839125,,,,1,2023-06-17T17:58:39+00:00
SAO_6412-10,São Paulo,3550308,True,,770,,,-23.573643750000002,-46.65529775,,,,1,2023-06-17T17:58:56+00:00
SAO_573A-10,São Paulo,3550308,True,,1637,,,-23.58713975,-46.58388075,,,,1,2023-06-17T17:59:06+00:00
SAO_573A-10,São Paulo,3550308,True,,1637,,,-23.5472225,-46.60696,,,,1,2023-06-17T17:59:11+00:00
SAO_573A-10,São Paulo,3550308,True,,1637,,,-23.5472225,-46.60696,,,,1,2023-06-17T17:58:57+00:00
SAO_573A-10,São Paulo,3550308,True,,1637,,,-23.553249375,-46.600373875,,,,1,2023-06-17T17:58:57+00:00
SAO_573A-10,São Paulo,3550308,True,,1637,,,-23.5976405,-46.560338,,,,1,2023-06-17T17:58:20+00:00
SAO_6450-10,São Paulo,3550308,True,,32827,,,-23.590801,-46.672607,,,,2,2023-06-17T17:59:16+00:00
SAO_6450-10,São Paulo,3550308,True,,32827,,,-23.600961499999997,-46.67407025,,,,2,2023-06-17T17:58:57+00:00
SAO_6450-10,São Paulo,3550308,True,,32827,,,-23.5494755,-46.6392205,,,,2,2023-06-17T17:58:59+00:00
SAO_6450-10,São Paulo,3550308,True,,32827,,,-23.65115025,-46.7574565,,,,2,2023-06-17T17:58:59+00:00
SAO_6450-10,São Paulo,3550308,True,,32827,,,-23.6540245,-46.762589000000006,,,,2,2023-06-17T17:59:03+00:00
SAO_6450-10,São Paulo,3550308,True,,32827,,,-23.645891,-46.7467405,,,,2,2023-06-17T17:59:12+00:00
SAO_6450-10,São Paulo,3550308,True,,32827,,,-23.6542305,-46.7623055,,,,2,2023-06-17T17:59:14+00:00
SAO_6450-10,São Paulo,3550308,True,,32827,,,-23.654660999999997,-46.7609705,,,,2,2023-06-17T17:58:57+00:00
SAO_6450-10,São Paulo,3550308,True,,32827,,,-23.654559499999998,-46.761131500000005,,,,2,2023-06-17T17:59:12+00:00
SAO_6450-10,São Paulo,3550308,True,,32827,,,-23.572814375,-46.665649375,,,,2,2023-06-17T17:59:18+00:00
SAO_6075-10,São Paulo,3550308,True,,33930,,,-23.769367000000003,-46.71789149999999,,,,2,2023-06-17T17:59:01+00:00
SAO_6075-10,São Paulo,3550308,True,,33930,,,-23.797689499999997,-46.7382825,,,,2,2023-06-17T17:59:15+00:00
SAO_6075-10,São Paulo,3550308,True,,33930,,,-23.797689499999997,-46.7382825,,,,2,2023-06-17T17:59:14+00:00
SAO_6075-10,São Paulo,3550308,True,,33930,,,-23.766939,-46.716361,,,,2,2023-06-17T17:58:41+00:00
SAO_6042-10,São Paulo,3550308,True,,33987,,,-23.64450025,-46.7264155,,,,2,2023-06-17T17:59:16+00:00
SAO_6042-10,São Paulo,3550308,True,,33987,,,-23.6733335,-46.773441,,,,2,2023-06-17T17:58:49+00:00
SAO_6042-10,São Paulo,3550308,True,,33987,,,-23.673127,-46.764875,,,,2,2023-06-17T17:59:16+00:00
SAO_707A-10,São Paulo,3550308,True,,34758,,,-23.611459500000002,-46.6358635,,,,2,2023-06-17T17:59:09+00:00
SAO_707A-10,São Paulo,3550308,True,,34758,,,-23.6019655,-46.651228,,,,2,2023-06-17T17:58:47+00:00
SAO_707A-10,São Paulo,3550308,True,,34758,,,-23.6905325,-46.774566500000006,,,,2,2023-06-17T17:58:59+00:00
SAO_707A-10,São Paulo,3550308,True,,34758,,,-23.692809,-46.778341,,,,2,2023-06-17T17:58:32+00:00
SAO_707A-10,São Paulo,3550308,True,,34758,,,-23.6926835,-46.778135500000005,,,,2,2023-06-17T17:58:32+00:00
SAO_707A-10,São Paulo,3550308,True,,34758,,,-23.633721,-46.69058475,,,,2,2023-06-17T17:58:54+00:00
SAO_8040-10,São Paulo,3550308,True,,33174,,,-23.448324,-46.7556005,,,,2,2023-06-17T17:59:14+00:00
SAO_8040-10,São Paulo,3550308,True,,33174,,,-23.518255,-46.70807549999999,,,,2,2023-06-17T17:59:10+00:00
SAO_8040-10,São Paulo,3550308,True,,33174,,,-23.446433,-46.75631274999999,,,,2,2023-06-17T17:58:36+00:00
SAO_8040-10,São Paulo,3550308,True,,33174,,,-23.473019999999998,-46.7546585,,,,2,2023-06-17T17:58:48+00:00
SAO_1178-10,São Paulo,3550308,True,,32900,,,-23.504152499999996,-46.432775,,,,2,2023-06-17T17:58:51+00:00
SAO_1178-10,São Paulo,3550308,True,,32900,,,-23.4933645,-46.480191000000005,,,,2,2023-06-17T17:59:09+00:00
SAO_1178-10,São Paulo,3550308,True,,32900,,,-23.490523,-46.479083,,,,2,2023-06-17T17:58:38+00:00
SAO_1178-10,São Paulo,3550308,True,,32900,,,-23.520176,-46.624061999999995,,,,2,2023-06-17T17:58:39+00:00
SAO_1178-10,São Paulo,3550308,True,,32900,,,-23.4962585,-46.4528315,,,,2,2023-06-17T17:58:38+00:00
SAO_1178-10,São Paulo,3550308,True,,32900,,,-23.52004,-46.622507,,,,2,2023-06-17T17:59:04+00:00
SAO_1178-10,São Paulo,3550308,True,,32900,,,-23.5263965,-46.56380325,,,,2,2023-06-17T17:57:40+00:00
SAO_1178-10,São Paulo,3550308,True,,32900,,,-23.504154,-46.433862,,,,2,2023-06-17T17:59:07+00:00
SAO_172U-10,São Paulo,3550308,True,,33628,,,-23.462445125000002,-46.594866999999994,,,,2,2023-06-17T17:59:17+00:00
SAO_172U-10,São Paulo,3550308,True,,33628,,,-23.490607,-46.624592500000006,,,,2,2023-06-17T17:59:14+00:00
SAO_172U-10,São Paulo,3550308,True,,33628,,,-23.43716675,-46.56625975,,,,2,2023-06-17T17:58:41+00:00
SAO_172U-10,São Paulo,3550308,True,,33628,,,-23.438723500000002,-46.5689235,,,,2,2023-06-17T17:58:53+00:00
SAO_172U-10,São Paulo,3550308,True,,33628,,,-23.557084125,-46.5955705,,,,2,2023-06-17T17:59:13+00:00
SAO_172U-10,São Paulo,3550308,True,,33628,,,-23.523602250000003,-46.625249,,,,2,2023-06-17T17:58:58+00:00
SAO_172U-10,São Paulo,3550308,True,,33628,,,-23.541466625,-46.6122675,,,,2,2023-06-17T17:59:14+00:00
SAO_172U-10,São Paulo,3550308,True,,33628,,,-23.436823500000003,-46.566249,,,,2,2023-06-17T17:59:06+00:00
SAO_172U-10,São Paulo,3550308,True,,33628,,,-23.436823500000003,-46.566249,,,,2,2023-06-17T17:57:39+00:00
SAO_172U-10,São Paulo,3550308,True,,33628,,,-23.5390625,-46.617619625,,,,2,2023-06-17T17:59:12+00:00
SAO_172U-10,São Paulo,3550308,True,,33628,,,-23.43716675,-46.56625975,,,,2,2023-06-17T17:58:55+00:00
SAO_8013-10,São Paulo,3550308,True,,33568,,,-23.519316000000003,-46.70403,,,,2,2023-06-17T17:59:14+00:00
SAO_8013-10,São Paulo,3550308,True,,33568,,,-23.5202495,-46.710781999999995,,,,2,2023-06-17T17:59:07+00:00
SAO_8013-10,São Paulo,3550308,True,,33568,,,-23.51843975,-46.708361499999995,,,,2,2023-06-17T17:59:08+00:00
SAO_8013-10,São Paulo,3550308,True,,33568,,,-23.521557,-46.718848,,,,2,2023-06-17T17:58:57+00:00
SAO_8013-10,São Paulo,3550308,True,,33568,,,-23.435269499999997,-46.7862265,,,,2,2023-06-17T17:58:47+00:00
SAO_5144-10,São Paulo,3550308,True,,1627,,,-23.540383749999997,-46.594314624999996,,,,1,2023-06-17T17:58:52+00:00
SAO_5144-10,São Paulo,3550308,True,,1627,,,-23.5764595,-46.550095,,,,1,2023-06-17T17:59:14+00:00
SAO_5144-10,São Paulo,3550308,True,,1627,,,-23.614258999999997,-46.501757,,,,1,2023-06-17T17:57:48+00:00
SAO_6006-10,São Paulo,3550308,True,EMTU,175,https://moovitapp.com/index/pt-br/transporte_p%C3%BAblico-line-175-Sao_Paulo-242-2038937-36419312-0,6.25,-23.6922335,-46.757836499999996,,,,1,2023-06-17T17:58:51+00:00
SAO_6006-10,São Paulo,3550308,True,EMTU,175,https://moovitapp.com/index/pt-br/transporte_p%C3%BAblico-line-175-Sao_Paulo-242-2038937-36419312-0,6.25,-23.6798535,-46.7529275,,,,1,2023-06-17T17:58:24+00:00
SAO_6006-10,São Paulo,3550308,True,EMTU,175,https://moovitapp.com/index/pt-br/transporte_p%C3%BAblico-line-175-Sao_Paulo-242-2038937-36419312-0,6.25,-23.6922335,-46.757836499999996,,,,1,2023-06-17T17:59:01+00:00
SAO_6006-10,São Paulo,3550308,True,EMTU,175,https://moovitapp.com/index/pt-br/transporte_p%C3%BAblico-line-175-Sao_Paulo-242-2038937-36419312-0,6.25,-23.6922335,-46.757836499999996,,,,1,2023-06-17T17:50:14+00:00
SAO_6006-10,São Paulo,3550308,True,EMTU,175,https://moovitapp.com/index/pt-br/transporte_p%C3%BAblico-line-175-Sao_Paulo-242-2038937-36419312-0,6.25,-23.674839,-46.685976999999994,,,,1,2023-06-17T17:58:43+00:00
SAO_2724-10,São Paulo,3550308,True,,938,,,-23.5396445,-46.483602,,,,1,2023-06-17T17:58:33+00:00
SAO_2724-10,São Paulo,3550308,True,,938,,,-23.5396445,-46.483602,,,,1,2023-06-17T17:58:38+00:00
SAO_2724-10,São Paulo,3550308,True,,938,,,-23.5396445,-46.483602,,,,1,2023-06-17T17:59:04+00:00
SAO_2724-10,São Paulo,3550308,True,,938,,,-23.530833875,-46.473745125,,,,1,2023-06-17T17:58:43+00:00
SAO_2724-10,São Paulo,3550308,True,,938,,,-23.5396445,-46.483602,,,,1,2023-06-17T17:59:09+00:00
SAO_2709-10,São Paulo,3550308,True,,33690,,,-23.5296485,-46.497018999999995,,,,2,2023-06-17T17:58:59+00:00
SAO_2709-10,São Paulo,3550308,True,,33690,,,-23.529587499999998,-46.5004265,,,,2,2023-06-17T17:59:01+00:00
SAO_2709-10,São Paulo,3550308,True,,33690,,,-23.533782,-46.488301750000005,,,,2,2023-06-17T17:58:36+00:00
SAO_573H-10,São Paulo,3550308,True,,1630,,,-23.6116475,-46.493727,,,,1,2023-06-17T17:59:10+00:00
SAO_573H-10,São Paulo,3550308,True,,1630,,,-23.551912,-46.606304,,,,1,2023-06-17T17:59:09+00:00
SAO_573H-10,São Paulo,3550308,True,,1630,,,-23.5766975,-46.5496675,,,,1,2023-06-17T17:59:00+00:00
SAO_573H-10,São Paulo,3550308,True,,1630,,,-23.598108500000002,-46.500811,,,,1,2023-06-17T17:58:54+00:00
SAO_573H-10,São Paulo,3550308,True,,1630,,,-23.551912,-46.606304,,,,1,2023-06-17T17:58:54+00:00
SAO_573H-10,São Paulo,3550308,True,,1630,,,-23.5848875,-46.523315499999995,,,,1,2023-06-17T17:58:35+00:00
SAO_573H-10,São Paulo,3550308,True,,1630,,,-23.57351575,-46.565294249999994,,,,1,2023-06-17T17:59:07+00:00
SAO_7040-10,São Paulo,3550308,True,,776,,,-23.5822815,-46.6852115,,,,1,2023-06-17T17:58:29+00:00
SAO_7040-10,São Paulo,3550308,True,,776,,,-23.622961,-46.7285805,,,,1,2023-06-17T17:58:33+00:00
SAO_7040-10,São Paulo,3550308,True,,776,,,-23.6113325,-46.719258499999995,,,,1,2023-06-17T17:59:06+00:00
SAO_7040-10,São Paulo,3550308,True,,776,,,-23.622961,-46.7285805,,,,1,2023-06-17T17:58:47+00:00
SAO_7040-10,São Paulo,3550308,True,,776,,,-23.565738500000002,-46.6936375,,,,1,2023-06-17T17:58:27+00:00
SAO_8029-10,São Paulo,3550308,True,,35308,,,-23.592665500000003,-46.721523000000005,,,,2,2023-06-17T17:58:39+00:00
SAO_8029-10,São Paulo,3550308,True,,35308,,,-23.615398,-46.746458000000004,,,,2,2023-06-17T17:59:00+00:00
SAO_8029-10,São Paulo,3550308,True,,35308,,,-23.615239000000003,-46.746427,,,,2,2023-06-17T17:58:43+00:00
SAO_857C-10,São Paulo,3550308,True,,34669,,,-23.6313825,-46.77286,,,,2,2023-06-17T17:58:49+00:00
SAO_857C-10,São Paulo,3550308,True,,34669,,,-23.6393215,-46.660048,,,,2,2023-06-17T17:58:46+00:00
SAO_857C-10,São Paulo,3550308,True,,34669,,,-23.642847,-46.76572,,,,2,2023-06-17T17:58:56+00:00
SAO_857C-10,São Paulo,3550308,True,,34669,,,-23.6452905,-46.7039895,,,,2,2023-06-17T17:58:36+00:00
SAO_857C-10,São Paulo,3550308,True,,34669,,,-23.631508,-46.7726,,,,2,2023-06-17T17:59:01+00:00
SAO_3054-10,São Paulo,3550308,True,,33743,,,-23.6112465,-46.493599,,,,2,2023-06-17T17:58:41+00:00
SAO_3054-10,São Paulo,3550308,True,,33743,,,-23.5947675,-46.444869999999995,,,,2,2023-06-17T17:58:59+00:00
SAO_3054-10,São Paulo,3550308,True,,33743,,,-23.601649,-46.4833325,,,,2,2023-06-17T17:58:46+00:00
SAO_3054-10,São Paulo,3550308,True,,33743,,,-23.609623,-46.4081455,,,,2,2023-06-17T17:58:43+00:00
SAO_507T-10,São Paulo,3550308,True,,2208,,,-23.586036999999997,-46.518143,,,,1,2023-06-17T17:58:33+00:00
SAO_507T-10,São Paulo,3550308,True,,2208,,,-23.607737,-46.5011825,,,,1,2023-06-17T17:58:36+00:00
SAO_507T-10,São Paulo,3550308,True,,2208,,,-23.561701375000002,-46.5177355,,,,1,2023-06-17T17:59:02+00:00
SAO_507T-10,São Paulo,3550308,True,,2208,,,-23.597771,-46.50065575,,,,1,2023-06-17T17:58:39+00:00
SAO_507T-10,São Paulo,3550308,True,,2208,,,-23.543281999999998,-46.55424875,,,,1,2023-06-17T17:58:37+00:00
SAO_6036-10,São Paulo,3550308,True,,1214,,,-23.65376725,-46.79044725,,,,1,2023-06-17T17:59:17+00:00
SAO_6036-10,São Paulo,3550308,True,,1214,,,-23.660608,-46.7679,,,,1,2023-06-17T17:58:46+00:00
SAO_6036-10,São Paulo,3550308,True,,1214,,,-23.64164275,-46.715305875,,,,1,2023-06-17T17:58:58+00:00
SAO_6036-10,São Paulo,3550308,True,,1214,,,-23.647449,-46.790492,,,,1,2023-06-17T17:58:43+00:00
SAO_5105-10,São Paulo,3550308,True,,34419,,,-23.60158425,-46.599048749999994,,,,2,2023-06-17T17:59:11+00:00
SAO_5105-10,São Paulo,3550308,True,,34419,,,-23.58018775,-46.599688,,,,2,2023-06-17T17:58:35+00:00
SAO_5105-10,São Paulo,3550308,True,,34419,,,-23.603226749999997,-46.60239175,,,,2,2023-06-17T17:59:14+00:00
SAO_5105-10,São Paulo,3550308,True,,34419,,,-23.602994000000002,-46.602816000000004,,,,2,2023-06-17T17:58:37+00:00
SAO_5105-10,São Paulo,3550308,True,,34419,,,-23.5474295,-46.628690000000006,,,,2,2023-06-17T17:59:05+00:00
SAO_5105-10,São Paulo,3550308,True,,34419,,,-23.602994000000002,-46.602816000000004,,,,2,2023-06-17T17:59:06+00:00
SAO_5105-10,São Paulo,3550308,True,,34419,,,-23.603538999999998,-46.601470500000005,,,,2,2023-06-17T17:59:11+00:00
SAO_263J-10,São Paulo,3550308,True,EMTU,219,https://moovitapp.com/index/pt-br/transporte_p%C3%BAblico-line-219-Sao_Paulo-242-2038937-36419341-0,8.55,-23.515887999999997,-46.47655725,,,,1,2023-06-17T17:58:59+00:00
SAO_263J-10,São Paulo,3550308,True,EMTU,219,https://moovitapp.com/index/pt-br/transporte_p%C3%BAblico-line-219-Sao_Paulo-242-2038937-36419341-0,8.55,-23.511250625000002,-46.509610124999995,,,,1,2023-06-17T17:58:39+00:00
SAO_263J-10,São Paulo,3550308,True,EMTU,219,https://moovitapp.com/index/pt-br/transporte_p%C3%BAblico-line-219-Sao_Paulo-242-2038937-36419341-0,8.55,-23.549966249999997,-46.43092575,,,,1,2023-06-17T17:58:37+00:00
SAO_263J-10,São Paulo,3550308,True,EMTU,219,https://moovitapp.com/index/pt-br/transporte_p%C3%BAblico-line-219-Sao_Paulo-242-2038937-36419341-0,8.55,-23.54970875,-46.43107325,,,,1,2023-06-17T17:58:41+00:00
SAO_263J-10,São Paulo,3550308,True,EMTU,219,https://moovitapp.com/index/pt-br/transporte_p%C3%BAblico-line-219-Sao_Paulo-242-2038937-36419341-0,8.55,-23.535805,-46.45599,,,,1,2023-06-17T17:58:58+00:00
SAO_607A-10,São Paulo,3550308,True,,2139,,,-23.69599325,-46.650322,,,,1,2023-06-17T17:58:58+00:00
SAO_607A-10,São Paulo,3550308,True,,2139,,,-23.660861000000004,-46.71707725,,,,1,2023-06-17T17:58:34+00:00
SAO_607A-10,São Paulo,3550308,True,,2139,,,-23.6888145,-46.6800005,,,,1,2023-06-17T17:58:35+00:00
SAO_129F-10,São Paulo,3550308,True,,35072,,,-23.490185,-46.698744500000004,,,,2,2023-06-17T17:59:07+00:00
SAO_129F-10,São Paulo,3550308,True,,35072,,,-23.525452,-46.681762,,,,2,2023-06-17T17:59:11+00:00
SAO_875A-10,São Paulo,3550308,True,,33377,,,-23.6431975,-46.6622785,,,,2,2023-06-17T17:59:14+00:00
SAO_875A-10,São Paulo,3550308,True,,33377,,,-23.533396500000002,-46.6767755,,,,2,2023-06-17T17:59:11+00:00
SAO_875A-10,São Paulo,3550308,True,,33377,,,-23.57124375,-46.644467250000005,,,,2,2023-06-17T17:58:54+00:00
SAO_875A-10,São Paulo,3550308,True,,33377,,,-23.642954500000002,-46.6617585,,,,2,2023-06-17T17:58:38+00:00
SAO_875A-10,São Paulo,3550308,True,,33377,,,-23.642954500000002,-46.6617585,,,,2,2023-06-17T17:58:46+00:00
SAO_7012-10,São Paulo,3550308,True,,2043,,,-23.6759545,-46.7530775,,,,1,2023-06-17T17:59:16+00:00
SAO_7012-10,São Paulo,3550308,True,,2043,,,-23.69138175,-46.77535775,,,,1,2023-06-17T17:58:43+00:00
SAO_3063-10,São Paulo,3550308,True,EMTU,253,https://moovitapp.com/index/pt-br/transporte_p%C3%BAblico-line-253-Sao_Paulo-242-2038937-36419364-0,5.4,-23.5475305,-46.40872625,,,,1,2023-06-17T17:59:03+00:00
SAO_3063-10,São Paulo,3550308,True,EMTU,253,https://moovitapp.com/index/pt-br/transporte_p%C3%BAblico-line-253-Sao_Paulo-242-2038937-36419364-0,5.4,-23.6134395,-46.476588500000005,,,,1,2023-06-17T17:59:03+00:00
SAO_3063-10,São Paulo,3550308,True,EMTU,253,https://moovitapp.com/index/pt-br/transporte_p%C3%BAblico-line-253-Sao_Paulo-242-2038937-36419364-0,5.4,-23.558697000000002,-46.3999615,,,,1,2023-06-17T17:59:11+00:00
SAO_3063-10,São Paulo,3550308,True,EMTU,253,https://moovitapp.com/index/pt-br/transporte_p%C3%BAblico-line-253-Sao_Paulo-242-2038937-36419364-0,5.4,-23.573906,-46.4160055,,,,1,2023-06-17T17:58:37+00:00
SAO_575C-10,São Paulo,3550308,True,,34454,,,-23.581749375,-46.593965125,,,,2,2023-06-17T17:58:42+00:00
SAO_575C-10,São Paulo,3550308,True,,34454,,,-23.580758250000002,-46.5259895,,,,2,2023-06-17T17:59:06+00:00
SAO_509J-10,São Paulo,3550308,True,,33032,,,-23.6875885,-46.654850499999995,,,,2,2023-06-17T17:58:39+00:00
SAO_509J-10,São Paulo,3550308,True,,33032,,,-23.60364225,-46.663199750000004,,,,2,2023-06-17T17:58:07+00:00
SAO_509J-10,São Paulo,3550308,True,,33032,,,-23.627511749999996,-46.66323725,,,,2,2023-06-17T17:58:46+00:00
SAO_509J-10,São Paulo,3550308,True,,33032,,,-23.67482,-46.661744,,,,2,2023-06-17T17:59:05+00:00
SAO_509J-10,São Paulo,3550308,True,,33032,,,-23.688083499999998,-46.6542825,,,,2,2023-06-17T17:59:09+00:00
SAO_9014-10,São Paulo,3550308,True,,34193,,,-23.520236,-46.6997165,,,,2,2023-06-17T17:58:54+00:00
SAO_9014-10,São Paulo,3550308,True,,34193,,,-23.507077375,-46.689163875000006,,,,2,2023-06-17T17:59:05+00:00
SAO_9014-10,São Paulo,3550308,True,,34193,,,-23.5207145,-46.700672499999996,,,,2,2023-06-17T17:59:11+00:00
SAO_9014-10,São Paulo,3550308,True,,34193,,,-23.4739335,-46.7078185,,,,2,2023-06-17T17:58:41+00:00
SAO_1743-10,São Paulo,3550308,True,EMTU,543,https://moovitapp.com/index/pt-br/transporte_p%C3%BAblico-line-543-Sao_Paulo-242-2038937-36419552-0,5.15,-23.50217,-46.62488,,,,1,2023-06-17T17:59:14+00:00
SAO_1743-10,São Paulo,3550308,True,EMTU,543,https://moovitapp.com/index/pt-br/transporte_p%C3%BAblico-line-543-Sao_Paulo-242-2038937-36419552-0,5.15,-23.455666,-46.6677895,,,,1,2023-06-17T17:58:51+00:00
SAO_1743-10,São Paulo,3550308,True,EMTU,543,https://moovitapp.com/index/pt-br/transporte_p%C3%BAblico-line-543-Sao_Paulo-242-2038937-36419552-0,5.15,-23.470757499999998,-46.6525355,,,,1,2023-06-17T17:58:58+00:00
SAO_1743-10,São Paulo,3550308,True,EMTU,543,https://moovitapp.com/index/pt-br/transporte_p%C3%BAblico-line-543-Sao_Paulo-242-2038937-36419552-0,5.15,-23.4893505,-46.63634125,,,,1,2023-06-17T17:58:27+00:00
SAO_1743-10,São Paulo,3550308,True,EMTU,543,https://moovitapp.com/index/pt-br/transporte_p%C3%BAblico-line-543-Sao_Paulo-242-2038937-36419552-0,5.15,-23.455666,-46.6677895,,,,1,2023-06-17T17:58:39+00:00
SAO_1743-10,São Paulo,3550308,True,EMTU,543,https://moovitapp.com/index/pt-br/transporte_p%C3%BAblico-line-543-Sao_Paulo-242-2038937-36419552-0,5.15,-23.522855,-46.623938,,,,1,2023-06-17T17:58:36+00:00
SAO_1743-10,São Paulo,3550308,True,EMTU,543,https://moovitapp.com/index/pt-br/transporte_p%C3%BAblico-line-543-Sao_Paulo-242-2038937-36419552-0,5.15,-23.455666,-46.6677895,,,,1,2023-06-17T17:59:02+00:00
SAO_1771-10,São Paulo,3550308,True,,634,,,-23.444759,-46.59014,,,,1,2023-06-17T17:58:59+00:00
SAO_1771-10,São Paulo,3550308,True,,634,,,-23.4865515,-46.6189555,,,,1,2023-06-17T17:57:14+00:00
SAO_3741-10,São Paulo,3550308,True,,1041,,,-23.542065,-46.449332,,,,1,2023-06-17T17:58:38+00:00
SAO_3741-10,São Paulo,3550308,True,,1041,,,-23.560477499999998,-46.45577,,,,1,2023-06-17T17:59:06+00:00
SAO_3741-10,São Paulo,3550308,True,,1041,,,-23.5422665,-46.470055,,,,1,2023-06-17T17:58:44+00:00
SAO_3741-10,São Paulo,3550308,True,,1041,,,-23.5439955,-46.449085,,,,1,2023-06-17T17:59:11+00:00
SAO_2552-10,São Paulo,3550308,True,,32910,,,-23.489174499999997,-46.420949500000006,,,,2,2023-06-17T17:59:13+00:00
SAO_2552-10,São Paulo,3550308,True,,32910,,,-23.49444,-46.451092,,,,2,2023-06-17T17:59:13+00:00
SAO_2552-10,São Paulo,3550308,True,,32910,,,-23.489174499999997,-46.420949500000006,,,,2,2023-06-17T17:58:54+00:00
SAO_2552-10,São Paulo,3550308,True,,32910,,,-23.523795749999998,-46.5478295,,,,2,2023-06-17T17:58:51+00:00
SAO_2552-10,São Paulo,3550308,True,,32910,,,-23.500506,-46.469696,,,,2,2023-06-17T17:58:33+00:00
SAO_2552-10,São Paulo,3550308,True,,32910,,,-23.5465065,-46.6305435,,,,2,2023-06-17T17:58:43+00:00
SAO_5759-10,São Paulo,3550308,True,,33906,,,-23.656804249999997,-46.653883,,,,2,2023-06-17T17:58:53+00:00
SAO_5759-10,São Paulo,3550308,True,,33906,,,-23.690873625000002,-46.6438615,,,,2,2023-06-17T17:59:08+00:00
SAO_5759-10,São Paulo,3550308,True,,33906,,,-23.67314475,-46.662715250000005,,,,2,2023-06-17T17:59:03+00:00
SAO_5759-10,São Paulo,3550308,True,,33906,,,-23.6948495,-46.64830975,,,,2,2023-06-17T17:58:51+00:00
SAO_5759-10,São Paulo,3550308,True,,33906,,,-23.68760275,-46.64107775000001,,,,2,2023-06-17T17:58:44+00:00
SAO_5759-10,São Paulo,3550308,True,,33906,,,-23.6948495,-46.64830975,,,,2,2023-06-17T17:58:37+00:00
SAO_6455-10,São Paulo,3550308,True,,32831,,,-23.654408500000002,-46.762060999999996,,,,2,2023-06-17T17:58:44+00:00
SAO_6455-10,São Paulo,3550308,True,,32831,,,-23.6438595,-46.731730999999996,,,,2,2023-06-17T17:58:53+00:00
SAO_6455-10,São Paulo,3550308,True,,32831,,,-23.600558375,-46.659465,,,,2,2023-06-17T17:59:13+00:00
SAO_9300-10,São Paulo,3550308,True,,32884,,,-23.5393625,-46.634071500000005,,,,2,2023-06-17T17:58:53+00:00
SAO_9300-10,São Paulo,3550308,True,,32884,,,-23.49913175,-46.66397675,,,,2,2023-06-17T17:59:03+00:00
SAO_9300-10,São Paulo,3550308,True,,32884,,,-23.522023750000002,-46.663078999999996,,,,2,2023-06-17T17:59:03+00:00
SAO_746K-10,São Paulo,3550308,True,,33555,,,-23.6178315,-46.702445499999996,,,,2,2023-06-17T17:58:42+00:00
SAO_746K-10,São Paulo,3550308,True,,33555,,,-23.6187375,-46.722241,,,,2,2023-06-17T17:58:37+00:00
SAO_746K-10,São Paulo,3550308,True,,33555,,,-23.6188595,-46.7225445,,,,2,2023-06-17T17:59:12+00:00
SAO_746K-10,São Paulo,3550308,True,,33555,,,-23.6187375,-46.722241,,,,2,2023-06-17T17:59:01+00:00
SAO_746K-10,São Paulo,3550308,True,,33555,,,-23.61837225,-46.674561375,,,,2,2023-06-17T17:58:52+00:00
SAO_8014-10,São Paulo,3550308,True,,801,,,-23.40689175,-46.741677875,,,,1,2023-06-17T17:59:11+00:00
SAO_8014-10,São Paulo,3550308,True,,801,,,-23.444716,-46.7917305,,,,1,2023-06-17T17:58:47+00:00
SAO_8014-10,São Paulo,3550308,True,,801,,,-23.4216695,-46.7868895,,,,1,2023-06-17T17:58:53+00:00
SAO_8014-10,São Paulo,3550308,True,,801,,,-23.434037375,-46.786545875,,,,1,2023-06-17T17:58:44+00:00
SAO_9005-10,São Paulo,3550308,True,,33640,,,-23.47223525,-46.670243,,,,2,2023-06-17T17:59:12+00:00
SAO_9005-10,São Paulo,3550308,True,,33640,,,-23.4541735,-46.694269750000004,,,,2,2023-06-17T17:58:53+00:00
SAO_9005-10,São Paulo,3550308,True,,33640,,,-23.4748455,-46.669852500000005,,,,2,2023-06-17T17:58:41+00:00
SAO_9005-10,São Paulo,3550308,True,,33640,,,-23.4543195,-46.6936435,,,,2,2023-06-17T17:58:53+00:00
SAO_9005-10,São Paulo,3550308,True,,33640,,,-23.4543195,-46.6936435,,,,2,2023-06-17T17:58:28+00:00
SAO_9005-10,São Paulo,3550308,True,,33640,,,-23.454976124999998,-46.675517375,,,,2,2023-06-17T17:59:15+00:00
SAO_9005-10,São Paulo,3550308,True,,33640,,,-23.4511,-46.681731,,,,2,2023-06-17T17:58:25+00:00
SAO_9005-10,São Paulo,3550308,True,,33640,,,-23.4748455,-46.669852500000005,,,,2,2023-06-17T17:59:09+00:00
SAO_6084-10,São Paulo,3550308,True,,1169,,,-23.773833500000002,-46.7073295,,,,1,2023-06-17T17:59:14+00:00
SAO_6084-10,São Paulo,3550308,True,,1169,,,-23.7748835,-46.683806000000004,,,,1,2023-06-17T17:59:01+00:00
SAO_2031-10,São Paulo,3550308,True,EMTU,367,https://moovitapp.com/index/pt-br/transporte_p%C3%BAblico-line-367-Sao_Paulo-242-2038937-36419446-0,4.9,-23.4950075,-46.410849999999996,,,,1,2023-06-17T17:59:11+00:00
SAO_2031-10,São Paulo,3550308,True,EMTU,367,https://moovitapp.com/index/pt-br/transporte_p%C3%BAblico-line-367-Sao_Paulo-242-2038937-36419446-0,4.9,-23.505951,-46.372015,,,,1,2023-06-17T17:59:01+00:00
SAO_2031-10,São Paulo,3550308,True,EMTU,367,https://moovitapp.com/index/pt-br/transporte_p%C3%BAblico-line-367-Sao_Paulo-242-2038937-36419446-0,4.9,-23.508602500000002,-46.4433135,,,,1,2023-06-17T17:58:53+00:00
SAO_2523-10,São Paulo,3550308,True,Cidade de Caieiras,250,https://moovitapp.com/index/pt-br/transporte_p%C3%BAblico-line-250-Sao_Paulo-242-868761-752902-0,5.0,-23.5182095,-46.475659,,,,1,2023-06-17T17:58:42+00:00
SAO_2523-10,São Paulo,3550308,True,Cidade de Caieiras,250,https://moovitapp.com/index/pt-br/transporte_p%C3%BAblico-line-250-Sao_Paulo-242-868761-752902-0,5.0,-23.517325,-46.4753045,,,,1,2023-06-17T17:58:49+00:00
SAO_2523-10,São Paulo,3550308,True,Cidade de Caieiras,250,https://moovitapp.com/index/pt-br/transporte_p%C3%BAblico-line-250-Sao_Paulo-242-868761-752902-0,5.0,-23.51775,-46.4757475,,,,1,2023-06-17T17:59:01+00:00
SAO_2523-10,São Paulo,3550308,True,Cidade de Caieiras,250,https://moovitapp.com/index/pt-br/transporte_p%C3%BAblico-line-250-Sao_Paulo-242-868761-752902-0,5.0,-23.5216,-46.4253885,,,,1,2023-06-17T17:58:49+00:00
SAO_6047-10,São Paulo,3550308,True,,33992,,,-23.6658145,-46.762111,,,,2,2023-06-17T17:59:03+00:00
SAO_6047-10,São Paulo,3550308,True,,33992,,,-23.6658145,-46.762111,,,,2,2023-06-17T17:59:12+00:00
SAO_6047-10,São Paulo,3550308,True,,33992,,,-23.6419265,-46.7127905,,,,2,2023-06-17T17:58:42+00:00
SAO_930P-10,São Paulo,3550308,True,,34883,,,-23.561319375,-46.66356875,,,,2,2023-06-17T17:59:02+00:00
SAO_930P-10,São Paulo,3550308,True,,34883,,,-23.5661855,-46.702046499999994,,,,2,2023-06-17T17:59:12+00:00
SAO_930P-10,São Paulo,3550308,True,,34883,,,-23.546217,-46.6305745,,,,2,2023-06-17T17:59:05+00:00
SAO_930P-10,São Paulo,3550308,True,,34883,,,-23.5457195,-46.631136999999995,,,,2,2023-06-17T17:58:56+00:00
SAO_930P-10,São Paulo,3550308,True,,34883,,,-23.580028374999998,-46.683860499999994,,,,2,2023-06-17T17:59:08+00:00
SAO_930P-10,São Paulo,3550308,True,,34883,,,-23.551139999999997,-46.632251499999995,,,,2,2023-06-17T17:59:07+00:00
SAO_9008-10,São Paulo,3550308,True,,33643,,,-23.427988,-46.71467975,,,,2,2023-06-17T17:58:46+00:00
SAO_9008-10,São Paulo,3550308,True,,33643,,,-23.427988,-46.71467975,,,,2,2023-06-17T17:58:47+00:00
SAO_9008-10,São Paulo,3550308,True,,33643,,,-23.459640999999998,-46.68550275,,,,2,2023-06-17T17:59:12+00:00
SAO_9008-10,São Paulo,3550308,True,,33643,,,-23.467498,-46.6781805,,,,2,2023-06-17T17:59:01+00:00
SAO_9008-10,São Paulo,3550308,True,,33643,,,-23.446253,-46.704586500000005,,,,2,2023-06-17T17:58:50+00:00
SAO_9008-10,São Paulo,3550308,True,,33643,,,-23.475020999999998,-46.670199,,,,2,2023-06-17T17:59:10+00:00
SAO_5034-10,São Paulo,3550308,True,,1663,,,-23.653462500000003,-46.6025525,,,,1,2023-06-17T17:58:55+00:00
SAO_5034-10,São Paulo,3550308,True,,1663,,,-23.603003,-46.601517,,,,1,2023-06-17T17:59:02+00:00
SAO_5034-10,São Paulo,3550308,True,,1663,,,-23.643723,-46.588291999999996,,,,1,2023-06-17T17:58:51+00:00
SAO_390E-10,São Paulo,3550308,True,,34650,,,-23.540104,-46.611777249999996,,,,2,2023-06-17T17:58:56+00:00
SAO_390E-10,São Paulo,3550308,True,,34650,,,-23.519537999999997,-46.546806000000004,,,,2,2023-06-17T17:59:00+00:00
SAO_390E-10,São Paulo,3550308,True,,34650,,,-23.538246,-46.60124675,,,,2,2023-06-17T17:58:33+00:00
SAO_6475-10,São Paulo,3550308,True,,1317,,,-23.578942875000003,-46.675972125,,,,1,2023-06-17T17:59:11+00:00
SAO_6475-10,São Paulo,3550308,True,,1317,,,-23.643338,-46.74752,,,,1,2023-06-17T17:58:36+00:00
SAO_6825-10,São Paulo,3550308,True,BR7 Mobilidade,14,https://moovitapp.com/index/pt-br/transporte_p%C3%BAblico-line-14-Sao_Paulo-242-851856-183465-0,5.75,-23.660608,-46.7679,,,,1,2023-06-17T17:58:37+00:00
SAO_6825-10,São Paulo,3550308,True,BR7 Mobilidade,14,https://moovitapp.com/index/pt-br/transporte_p%C3%BAblico-line-14-Sao_Paulo-242-851856-183465-0,5.75,-23.685346,-46.800567,,,,1,2023-06-17T17:58:39+00:00
SAO_6825-10,São Paulo,3550308,True,BR7 Mobilidade,14,https://moovitapp.com/index/pt-br/transporte_p%C3%BAblico-line-14-Sao_Paulo-242-851856-183465-0,5.75,-23.675971,-46.789157,,,,1,2023-06-17T17:58:56+00:00
SAO_5024-10,São Paulo,3550308,True,,1122,,,-23.6862685,-46.66844325,,,,1,2023-06-17T17:59:05+00:00
SAO_5024-10,São Paulo,3550308,True,,1122,,,-23.684175,-46.676418,,,,1,2023-06-17T17:59:01+00:00
SAO_5024-10,São Paulo,3550308,True,,1122,,,-23.68858,-46.648693,,,,1,2023-06-17T17:59:16+00:00
SAO_5024-10,São Paulo,3550308,True,,1122,,,-23.654280999999997,-46.70443349999999,,,,1,2023-06-17T17:58:41+00:00
SAO_5143-10,São Paulo,3550308,True,,1628,,,-23.5827495,-46.5677015,,,,1,2023-06-17T17:58:29+00:00
SAO_5143-10,São Paulo,3550308,True,,1628,,,-23.614242,-46.501176,,,,1,2023-06-17T17:58:46+00:00
SAO_5018-10,São Paulo,3550308,True,,34260,,,-23.682794,-46.675934,,,,2,2023-06-17T17:58:51+00:00
SAO_5018-10,São Paulo,3550308,True,,34260,,,-23.687585,-46.670572,,,,2,2023-06-17T17:58:50+00:00
SAO_5018-10,São Paulo,3550308,True,,34260,,,-23.675586,-46.67307475,,,,2,2023-06-17T17:59:15+00:00
SAO_5018-10,São Paulo,3550308,True,,34260,,,-23.691535000000002,-46.671471,,,,2,2023-06-17T17:59:07+00:00
SAO_272N-10,São Paulo,3550308,True,,33473,,,-23.512845,-46.585291,,,,2,2023-06-17T17:58:38+00:00
SAO_272N-10,São Paulo,3550308,True,,33473,,,-23.511872,-46.563117500000004,,,,2,2023-06-17T17:58:44+00:00
SAO_627J-10,São Paulo,3550308,True,,34824,,,-23.6812385,-46.633822499999994,,,,2,2023-06-17T17:58:44+00:00
SAO_627J-10,São Paulo,3550308,True,,34824,,,-23.6278265,-46.643551,,,,2,2023-06-17T17:58:55+00:00
SAO_627J-10,São Paulo,3550308,True,,34824,,,-23.6812385,-46.633822499999994,,,,2,2023-06-17T17:58:42+00:00
SAO_627J-10,São Paulo,3550308,True,,34824,,,-23.6812385,-46.633822499999994,,,,2,2023-06-17T17:58:33+00:00
SAO_719R-10,São Paulo,3550308,True,EMTU,469,https://moovitapp.com/index/pt-br/transporte_p%C3%BAblico-line-469-Sao_Paulo-242-2038937-36419507-0,5.4,-23.5548085,-46.672899125,,,,1,2023-06-17T17:59:10+00:00
SAO_719R-10,São Paulo,3550308,True,EMTU,469,https://moovitapp.com/index/pt-br/transporte_p%C3%BAblico-line-469-Sao_Paulo-242-2038937-36419507-0,5.4,-23.5692555,-46.715265,,,,1,2023-06-17T17:59:00+00:00
SAO_707A-10,São Paulo,3550308,True,,1990,,,-23.620468375,-46.678004,,,,1,2023-06-17T17:59:04+00:00
SAO_707A-10,São Paulo,3550308,True,,1990,,,-23.672914499999997,-46.743935,,,,1,2023-06-17T17:59:10+00:00
SAO_707A-10,São Paulo,3550308,True,,1990,,,-23.6930965,-46.7786725,,,,1,2023-06-17T17:59:08+00:00
SAO_707A-10,São Paulo,3550308,True,,1990,,,-23.6037975,-46.656294625,,,,1,2023-06-17T17:57:15+00:00
SAO_707A-10,São Paulo,3550308,True,,1990,,,-23.665831500000003,-46.7126115,,,,1,2023-06-17T17:59:16+00:00
SAO_2059-10,São Paulo,3550308,True,Cidade de Caieiras,260,https://moovitapp.com/index/pt-br/transporte_p%C3%BAblico-line-260-Sao_Paulo-242-868761-496413-0,5.0,-23.5417865,-46.410886000000005,,,,1,2023-06-17T17:57:54+00:00
SAO_2059-10,São Paulo,3550308,True,Cidade de Caieiras,260,https://moovitapp.com/index/pt-br/transporte_p%C3%BAblico-line-260-Sao_Paulo-242-868761-496413-0,5.0,-23.508796750000002,-46.43900725,,,,1,2023-06-17T17:55:38+00:00
SAO_2059-10,São Paulo,3550308,True,Cidade de Caieiras,260,https://moovitapp.com/index/pt-br/transporte_p%C3%BAblico-line-260-Sao_Paulo-242-868761-496413-0,5.0,-23.493598499999997,-46.443783499999995,,,,1,2023-06-17T17:58:37+00:00
SAO_2059-10,São Paulo,3550308,True,Cidade de Caieiras,260,https://moovitapp.com/index/pt-br/transporte_p%C3%BAblico-line-260-Sao_Paulo-242-868761-496413-0,5.0,-23.5157755,-46.4234925,,,,1,2023-06-17T17:59:12+00:00
SAO_2059-10,São Paulo,3550308,True,Cidade de Caieiras,260,https://moovitapp.com/index/pt-br/transporte_p%C3%BAblico-line-260-Sao_Paulo-242-868761-496413-0,5.0,-23.5341155,-46.4167245,,,,1,2023-06-17T17:57:47+00:00
SAO_2182-10,São Paulo,3550308,True,STT,700,https://moovitapp.com/index/pt-br/transporte_p%C3%BAblico-line-700-Sao_Paulo-242-850661-183337-0,5.3,-23.5291785,-46.5982695,,,,1,2023-06-17T17:58:59+00:00
SAO_2182-10,São Paulo,3550308,True,STT,700,https://moovitapp.com/index/pt-br/transporte_p%C3%BAblico-line-700-Sao_Paulo-242-850661-183337-0,5.3,-23.539365500000002,-46.633747,,,,1,2023-06-17T17:56:33+00:00
SAO_2182-10,São Paulo,3550308,True,STT,700,https://moovitapp.com/index/pt-br/transporte_p%C3%BAblico-line-700-Sao_Paulo-242-850661-183337-0,5.3,-23.50057,-46.5727125,,,,1,2023-06-17T17:57:07+00:00
SAO_118C-10,São Paulo,3550308,True,,519,,,-23.538791500000002,-46.6486655,,,,1,2023-06-17T17:58:54+00:00
SAO_118C-10,São Paulo,3550308,True,,519,,,-23.50217,-46.62488,,,,1,2023-06-17T17:59:16+00:00
SAO_118C-10,São Paulo,3550308,True,,519,,,-23.52280775,-46.630720999999994,,,,1,2023-06-17T17:59:14+00:00
SAO_118C-10,São Paulo,3550308,True,,519,,,-23.47000275,-46.6488195,,,,1,2023-06-17T17:59:05+00:00
SAO_118C-10,São Paulo,3550308,True,,519,,,-23.465983,-46.668587,,,,1,2023-06-17T17:59:12+00:00
SAO_3390-10,São Paulo,3550308,True,,33506,,,-23.578641249999997,-46.578925874999996,,,,2,2023-06-17T17:58:46+00:00
SAO_3390-10,São Paulo,3550308,True,,33506,,,-23.57885675,-46.57353125,,,,2,2023-06-17T17:59:05+00:00
SAO_3390-10,São Paulo,3550308,True,,33506,,,-23.5473125,-46.62966,,,,2,2023-06-17T17:59:17+00:00
SAO_5015-10,São Paulo,3550308,True,,33887,,,-23.672664500000003,-46.64458449999999,,,,2,2023-06-17T17:58:55+00:00
SAO_5015-10,São Paulo,3550308,True,,33887,,,-23.6921215,-46.6596865,,,,2,2023-06-17T17:59:14+00:00
SAO_5015-10,São Paulo,3550308,True,,33887,,,-23.6782395,-46.657366249999995,,,,2,2023-06-17T17:58:50+00:00
SAO_5015-10,São Paulo,3550308,True,,33887,,,-23.691779,-46.65973,,,,2,2023-06-17T17:59:12+00:00
SAO_5015-10,São Paulo,3550308,True,,33887,,,-23.6473075,-46.6389825,,,,2,2023-06-17T17:58:34+00:00
SAO_7021-10,São Paulo,3550308,True,,1989,,,-23.670209999999997,-46.763918000000004,,,,1,2023-06-17T17:58:35+00:00
SAO_7021-10,São Paulo,3550308,True,,1989,,,-23.6492395,-46.73245,,,,1,2023-06-17T17:59:02+00:00
SAO_5018-31,São Paulo,3550308,True,,1861,,,-23.670821500000002,-46.646834999999996,,,,1,2023-06-17T17:58:47+00:00
SAO_5018-31,São Paulo,3550308,True,,1861,,,-23.689822,-46.661465,,,,1,2023-06-17T17:58:34+00:00
SAO_4007-10,São Paulo,3550308,True,,34949,,,-23.565451,-46.3961775,,,,2,2023-06-17T17:59:07+00:00
SAO_4007-10,São Paulo,3550308,True,,34949,,,-23.5564045,-46.4495915,,,,2,2023-06-17T17:59:12+00:00
SAO_4007-10,São Paulo,3550308,True,,34949,,,-23.565266,-46.396473,,,,2,2023-06-17T17:58:57+00:00
SAO_4007-10,São Paulo,3550308,True,,34949,,,-23.562077875,-46.419486625000005,,,,2,2023-06-17T17:59:01+00:00
SAO_4007-10,São Paulo,3550308,True,,34949,,,-23.567116,-46.400690999999995,,,,2,2023-06-17T17:58:40+00:00
SAO_4007-10,São Paulo,3550308,True,,34949,,,-23.565266,-46.396473,,,,2,2023-06-17T17:58:52+00:00
SAO_8008-10,São Paulo,3550308,True,,34026,,,-23.470457,-46.751476499999995,,,,2,2023-06-17T17:58:55+00:00
SAO_8008-10,São Paulo,3550308,True,,34026,,,-23.488875999999998,-46.755903,,,,2,2023-06-17T17:59:17+00:00
SAO_6093-10,São Paulo,3550308,True,,1585,,,-23.829530499999997,-46.723845,,,,1,2023-06-17T17:59:10+00:00
SAO_6093-10,São Paulo,3550308,True,,1585,,,-23.736596499999997,-46.6971045,,,,1,2023-06-17T17:59:16+00:00
SAO_6093-10,São Paulo,3550308,True,,1585,,,-23.80132475,-46.73395625,,,,1,2023-06-17T17:59:02+00:00
SAO_6093-10,São Paulo,3550308,True,,1585,,,-23.769907000000003,-46.717877,,,,1,2023-06-17T17:59:07+00:00
SAO_2717-10,São Paulo,3550308,True,,33698,,,-23.513953375,-46.5184105,,,,2,2023-06-17T17:57:48+00:00
SAO_2717-10,São Paulo,3550308,True,,33698,,,-23.509014875,-46.512962625,,,,2,2023-06-17T17:58:56+00:00
SAO_374V-10,São Paulo,3550308,True,,1647,,,-23.5235365,-46.4510905,,,,1,2023-06-17T17:59:14+00:00
SAO_374V-10,São Paulo,3550308,True,,1647,,,-23.541880499999998,-46.460533999999996,,,,1,2023-06-17T17:59:11+00:00
SAO_8400-10,São Paulo,3550308,True,,34033,,,-23.530519749999996,-46.66617625,,,,2,2023-06-17T17:59:09+00:00
SAO_8400-10,São Paulo,3550308,True,,34033,,,-23.484986499999998,-46.723839999999996,,,,2,2023-06-17T17:58:49+00:00
SAO_8400-10,São Paulo,3550308,True,,34033,,,-23.485637500000003,-46.7260535,,,,2,2023-06-17T17:58:43+00:00
SAO_8400-10,São Paulo,3550308,True,,34033,,,-23.521546,-46.6982285,,,,2,2023-06-17T17:59:09+00:00
SAO_2021-10,São Paulo,3550308,True,,33674,,,-23.542068,-46.415377500000005,,,,2,2023-06-17T17:54:30+00:00
SAO_2021-10,São Paulo,3550308,True,,33674,,,-23.542830000000002,-46.40196924999999,,,,2,2023-06-17T17:58:54+00:00
SAO_2021-10,São Paulo,3550308,True,,33674,,,-23.544535,-46.389844,,,,2,2023-06-17T17:58:18+00:00
SAO_2021-10,São Paulo,3550308,True,,33674,,,-23.540580749999997,-46.395444875,,,,2,2023-06-17T17:58:04+00:00
SAO_2021-10,São Paulo,3550308,True,,33674,,,-23.544535,-46.389844,,,,2,2023-06-17T17:57:12+00:00
SAO_575C-10,São Paulo,3550308,True,,1686,,,-23.575232999999997,-46.564122499999996,,,,1,2023-06-17T17:59:14+00:00
SAO_5034-31,São Paulo,3550308,True,,34432,,,-23.60347625,-46.6025595,,,,2,2023-06-17T17:59:00+00:00
SAO_5034-31,São Paulo,3550308,True,,34432,,,-23.63409125,-46.6055705,,,,2,2023-06-17T17:58:55+00:00
SAO_5034-31,São Paulo,3550308,True,,34432,,,-23.6468805,-46.60790825,,,,2,2023-06-17T17:58:34+00:00
SAO_809H-10,São Paulo,3550308,True,,2245,,,-23.5768525,-46.74184075,,,,1,2023-06-17T17:58:58+00:00
SAO_809H-10,São Paulo,3550308,True,,2245,,,-23.539113,-46.72753,,,,1,2023-06-17T17:59:09+00:00
SAO_809H-10,São Paulo,3550308,True,,2245,,,-23.521440499999997,-46.719474000000005,,,,1,2023-06-17T17:58:38+00:00
SAO_177H-21,São Paulo,3550308,True,,631,,,-23.517755,-46.654183,,,,1,2023-06-17T17:58:41+00:00
SAO_177H-21,São Paulo,3550308,True,,631,,,-23.562089999999998,-46.68909625,,,,1,2023-06-17T17:58:36+00:00
SAO_177H-21,São Paulo,3550308,True,,631,,,-23.5026345,-46.641588,,,,1,2023-06-17T17:59:16+00:00
SAO_6835-10,São Paulo,3550308,True,BR7 Mobilidade,12,https://moovitapp.com/index/pt-br/transporte_p%C3%BAblico-line-12-Sao_Paulo-242-851856-542340-0,5.75,-23.661853,-46.7689135,,,,1,2023-06-17T17:59:12+00:00
SAO_6835-10,São Paulo,3550308,True,BR7 Mobilidade,12,https://moovitapp.com/index/pt-br/transporte_p%C3%BAblico-line-12-Sao_Paulo-242-851856-542340-0,5.75,-23.683338499999998,-46.789263000000005,,,,1,2023-06-17T17:59:02+00:00
SAO_971D-10,São Paulo,3550308,True,,33477,,,-23.460118,-46.675818,,,,2,2023-06-17T17:58:39+00:00
SAO_971D-10,São Paulo,3550308,True,,33477,,,-23.457116,-46.69102975,,,,2,2023-06-17T17:59:13+00:00
SAO_971D-10,São Paulo,3550308,True,,33477,,,-23.49449225,-46.62656725,,,,2,2023-06-17T17:59:08+00:00
SAO_971D-10,São Paulo,3550308,True,,33477,,,-23.447985,-46.697056,,,,2,2023-06-17T17:58:41+00:00
SAO_971D-10,São Paulo,3550308,True,,33477,,,-23.447985,-46.697056,,,,2,2023-06-17T17:59:01+00:00
SAO_809D-10,São Paulo,3550308,True,,34836,,,-23.59577325,-46.78307875,,,,2,2023-06-17T17:58:52+00:00
SAO_809D-10,São Paulo,3550308,True,,34836,,,-23.603227500000003,-46.7807495,,,,2,2023-06-17T17:58:57+00:00
SAO_7050-10,São Paulo,3550308,True,,1884,,,-23.6326575,-46.772532,,,,1,2023-06-17T17:59:12+00:00
SAO_7050-10,São Paulo,3550308,True,,1884,,,-23.6565075,-46.7763865,,,,1,2023-06-17T17:58:49+00:00
SAO_7050-10,São Paulo,3550308,True,,1884,,,-23.6566405,-46.776344,,,,1,2023-06-17T17:59:08+00:00
SAO_7050-10,São Paulo,3550308,True,,1884,,,-23.6316405,-46.772316,,,,1,2023-06-17T17:59:12+00:00
SAO_7050-10,São Paulo,3550308,True,,1884,,,-23.6566405,-46.776344,,,,1,2023-06-17T17:58:58+00:00
SAO_1024-10,São Paulo,3550308,True,,35070,,,-23.460870999999997,-46.708670999999995,,,,2,2023-06-17T17:58:49+00:00
SAO_1024-10,São Paulo,3550308,True,,35070,,,-23.4892355,-46.6982065,,,,2,2023-06-17T17:59:15+00:00
SAO_1024-10,São Paulo,3550308,True,,35070,,,-23.45985725,-46.698544,,,,2,2023-06-17T17:58:52+00:00
SAO_1024-10,São Paulo,3550308,True,,35070,,,-23.460870999999997,-46.708670999999995,,,,2,2023-06-17T17:58:46+00:00
SAO_1024-10,São Paulo,3550308,True,,35070,,,-23.456681500000002,-46.701632000000004,,,,2,2023-06-17T17:59:06+00:00
SAO_2017-10,São Paulo,3550308,True,,903,,,-23.4950105,-46.4373425,,,,1,2023-06-17T17:57:23+00:00
SAO_2017-10,São Paulo,3550308,True,,903,,,-23.49821,-46.42299425,,,,1,2023-06-17T17:58:48+00:00
SAO_2017-10,São Paulo,3550308,True,,903,,,-23.5195115,-46.4125905,,,,1,2023-06-17T17:59:06+00:00
SAO_4286-10,São Paulo,3550308,True,,33094,,,-23.5850115,-46.5840575,,,,2,2023-06-17T17:58:36+00:00
SAO_4286-10,São Paulo,3550308,True,,33094,,,-23.609526,-46.529048,,,,2,2023-06-17T17:58:31+00:00
SAO_199D-10,São Paulo,3550308,True,,2135,,,-23.485856,-46.71054650000001,,,,1,2023-06-17T17:58:45+00:00
SAO_199D-10,São Paulo,3550308,True,,2135,,,-23.555842625000004,-46.678695499999996,,,,1,2023-06-17T17:58:54+00:00
SAO_199D-10,São Paulo,3550308,True,,2135,,,-23.528131375,-46.699012749999994,,,,1,2023-06-17T17:59:15+00:00
SAO_971M-10,São Paulo,3550308,True,,33380,,,-23.4861135,-46.628057874999996,,,,2,2023-06-17T17:59:00+00:00
SAO_971M-10,São Paulo,3550308,True,,33380,,,-23.490531,-46.688970499999996,,,,2,2023-06-17T17:58:49+00:00
SAO_971M-10,São Paulo,3550308,True,,33380,,,-23.467498,-46.6781805,,,,2,2023-06-17T17:58:43+00:00
SAO_971M-10,São Paulo,3550308,True,,33380,,,-23.482530500000003,-46.631914,,,,2,2023-06-17T17:58:50+00:00
SAO_971M-10,São Paulo,3550308,True,,33380,,,-23.4962275,-46.6277245,,,,2,2023-06-17T17:59:06+00:00
SAO_971M-10,São Paulo,3550308,True,,33380,,,-23.490170499999998,-46.688534000000004,,,,2,2023-06-17T17:59:06+00:00
SAO_6099-10,São Paulo,3550308,True,,34355,,,-23.7754925,-46.722877,,,,2,2023-06-17T17:58:43+00:00
SAO_6099-10,São Paulo,3550308,True,,34355,,,-23.828041,-46.731192500000006,,,,2,2023-06-17T17:58:47+00:00
SAO_6099-10,São Paulo,3550308,True,,34355,,,-23.8466795,-46.7473815,,,,2,2023-06-17T17:59:10+00:00
SAO_6099-10,São Paulo,3550308,True,,34355,,,-23.73850375,-46.69805125,,,,2,2023-06-17T17:58:48+00:00
SAO_746C-10,São Paulo,3550308,True,STT,783,https://moovitapp.com/index/pt-br/transporte_p%C3%BAblico-line-783-Sao_Paulo-242-850661-183351-0,5.3,-23.636239,-46.736978,,,,1,2023-06-17T17:59:04+00:00
SAO_746C-10,São Paulo,3550308,True,STT,783,https://moovitapp.com/index/pt-br/transporte_p%C3%BAblico-line-783-Sao_Paulo-242-850661-183351-0,5.3,-23.6498405,-46.707801,,,,1,2023-06-17T17:58:52+00:00
SAO_746C-10,São Paulo,3550308,True,STT,783,https://moovitapp.com/index/pt-br/transporte_p%C3%BAblico-line-783-Sao_Paulo-242-850661-183351-0,5.3,-23.642044249999998,-46.712233499999996,,,,1,2023-06-17T17:59:08+00:00
SAO_746C-10,São Paulo,3550308,True,STT,783,https://moovitapp.com/index/pt-br/transporte_p%C3%BAblico-line-783-Sao_Paulo-242-850661-183351-0,5.3,-23.6498405,-46.707801,,,,1,2023-06-17T17:58:37+00:00
SAO_746C-10,São Paulo,3550308,True,STT,783,https://moovitapp.com/index/pt-br/transporte_p%C3%BAblico-line-783-Sao_Paulo-242-850661-183351-0,5.3,-23.6091595,-46.7512945,,,,1,2023-06-17T17:58:52+00:00
SAO_746C-10,São Paulo,3550308,True,STT,783,https://moovitapp.com/index/pt-br/transporte_p%C3%BAblico-line-783-Sao_Paulo-242-850661-183351-0,5.3,-23.609321,-46.749241749999996,,,,1,2023-06-17T17:58:37+00:00
SAO_9050-10,São Paulo,3550308,True,,34856,,,-23.54231325,-46.700286500000004,,,,2,2023-06-17T17:58:50+00:00
SAO_9050-10,São Paulo,3550308,True,,34856,,,-23.55163275,-46.697501,,,,2,2023-06-17T17:59:03+00:00
SAO_6L01-10,São Paulo,3550308,True,,33939,,,-23.90679,-46.708217000000005,,,,2,2023-06-17T17:59:08+00:00
SAO_6L01-10,São Paulo,3550308,True,,33939,,,-23.900865,-46.7182465,,,,2,2023-06-17T17:55:20+00:00
SAO_6L01-10,São Paulo,3550308,True,,33939,,,-23.90679,-46.708217000000005,,,,2,2023-06-17T17:58:35+00:00
SAO_6L01-10,São Paulo,3550308,True,,33939,,,-23.90679,-46.708217000000005,,,,2,2023-06-17T17:59:01+00:00
SAO_6L01-10,São Paulo,3550308,True,,33939,,,-23.90679,-46.708217000000005,,,,2,2023-06-17T17:58:47+00:00
SAO_6L01-10,São Paulo,3550308,True,,33939,,,-23.771853,-46.719546,,,,2,2023-06-17T17:58:51+00:00
SAO_6L01-10,São Paulo,3550308,True,,33939,,,-23.824503,-46.734706,,,,2,2023-06-17T17:59:06+00:00
SAO_1783-10,São Paulo,3550308,True,,33412,,,-23.398296000000002,-46.577902,,,,2,2023-06-17T17:59:11+00:00
SAO_1783-10,São Paulo,3550308,True,,33412,,,-23.459166,-46.60244175,,,,2,2023-06-17T17:58:44+00:00
SAO_1783-10,São Paulo,3550308,True,,33412,,,-23.495282375000002,-46.622356375,,,,2,2023-06-17T17:59:03+00:00
SAO_3754-10,São Paulo,3550308,True,,33817,,,-23.573843,-46.398298,,,,2,2023-06-17T17:58:59+00:00
SAO_3754-10,São Paulo,3550308,True,,33817,,,-23.572236500000002,-46.399409500000004,,,,2,2023-06-17T17:58:48+00:00
SAO_3754-10,São Paulo,3550308,True,,33817,,,-23.5430055,-46.47176,,,,2,2023-06-17T17:59:09+00:00
SAO_3754-10,São Paulo,3550308,True,,33817,,,-23.5458365,-46.409215,,,,2,2023-06-17T17:58:53+00:00
SAO_3754-10,São Paulo,3550308,True,,33817,,,-23.542322,-46.458357,,,,2,2023-06-17T17:58:40+00:00
SAO_3754-10,São Paulo,3550308,True,,33817,,,-23.5738885,-46.3986,,,,2,2023-06-17T17:59:14+00:00
SAO_2756-10,São Paulo,3550308,True,,33006,,,-23.507859500000002,-46.423662,,,,2,2023-06-17T17:58:38+00:00
SAO_2756-10,São Paulo,3550308,True,,33006,,,-23.5423175,-46.3935295,,,,2,2023-06-17T17:58:38+00:00
SAO_2756-10,São Paulo,3550308,True,,33006,,,-23.515441,-46.45831225,,,,2,2023-06-17T17:56:48+00:00
SAO_4033-10,São Paulo,3550308,True,,33871,,,-23.619361499999997,-46.4604315,,,,2,2023-06-17T17:58:51+00:00
SAO_4033-10,São Paulo,3550308,True,,33871,,,-23.598543,-46.5201735,,,,2,2023-06-17T17:58:42+00:00
SAO_4033-10,São Paulo,3550308,True,,33871,,,-23.610173,-46.484986,,,,2,2023-06-17T17:58:40+00:00
SAO_4033-10,São Paulo,3550308,True,,33871,,,-23.60225475,-46.50354575,,,,2,2023-06-17T17:58:44+00:00
SAO_4033-10,São Paulo,3550308,True,,33871,,,-23.604264,-46.538593500000005,,,,2,2023-06-17T17:58:54+00:00
SAO_2702-10,São Paulo,3550308,True,,914,,,-23.495964,-46.444634,,,,1,2023-06-17T17:58:32+00:00
SAO_2702-10,São Paulo,3550308,True,,914,,,-23.537339000000003,-46.475914,,,,1,2023-06-17T17:59:08+00:00
SAO_2702-10,São Paulo,3550308,True,,914,,,-23.539938499999998,-46.482815,,,,1,2023-06-17T17:55:20+00:00
SAO_2702-10,São Paulo,3550308,True,,914,,,-23.495477,-46.4449435,,,,1,2023-06-17T17:58:28+00:00
SAO_2702-10,São Paulo,3550308,True,,914,,,-23.495477,-46.4449435,,,,1,2023-06-17T17:57:53+00:00
SAO_2702-10,São Paulo,3550308,True,,914,,,-23.49206775,-46.447616249999996,,,,1,2023-06-17T17:58:34+00:00
SAO_3161-10,São Paulo,3550308,True,,1084,,,-23.583561000000003,-46.5251485,,,,1,2023-06-17T17:58:45+00:00
SAO_3161-10,São Paulo,3550308,True,,1084,,,-23.5733015,-46.563201,,,,1,2023-06-17T17:59:00+00:00
SAO_3751-10,São Paulo,3550308,True,,1047,,,-23.569356,-46.4108985,,,,1,2023-06-17T17:59:11+00:00
SAO_3751-10,São Paulo,3550308,True,,1047,,,-23.569356,-46.4108985,,,,1,2023-06-17T17:58:52+00:00
SAO_3751-10,São Paulo,3550308,True,,1047,,,-23.542569999999998,-46.46953499999999,,,,1,2023-06-17T17:58:49+00:00
SAO_3751-10,São Paulo,3550308,True,,1047,,,-23.569356,-46.4108985,,,,1,2023-06-17T17:58:50+00:00
SAO_3751-10,São Paulo,3550308,True,,1047,,,-23.552049750000002,-46.443172000000004,,,,1,2023-06-17T17:59:11+00:00
SAO_3751-10,São Paulo,3550308,True,,1047,,,-23.564459,-46.415409499999996,,,,1,2023-06-17T17:58:59+00:00
SAO_148P-10,São Paulo,3550308,True,EMTU,534,https://moovitapp.com/index/pt-br/transporte_p%C3%BAblico-line-534-Sao_Paulo-242-2038937-36419546-0,6.3,-23.489176999999998,-46.665773,,,,1,2023-06-17T17:59:11+00:00
SAO_148P-10,São Paulo,3550308,True,EMTU,534,https://moovitapp.com/index/pt-br/transporte_p%C3%BAblico-line-534-Sao_Paulo-242-2038937-36419546-0,6.3,-23.4646075,-46.654741,,,,1,2023-06-17T17:58:59+00:00
SAO_148P-10,São Paulo,3550308,True,EMTU,534,https://moovitapp.com/index/pt-br/transporte_p%C3%BAblico-line-534-Sao_Paulo-242-2038937-36419546-0,6.3,-23.472409,-46.66674225,,,,1,2023-06-17T17:58:54+00:00
SAO_148P-10,São Paulo,3550308,True,EMTU,534,https://moovitapp.com/index/pt-br/transporte_p%C3%BAblico-line-534-Sao_Paulo-242-2038937-36419546-0,6.3,-23.526382499999997,-46.6660375,,,,1,2023-06-17T17:59:02+00:00
SAO_6007-10,São Paulo,3550308,True,,176,,,-23.671504749999997,-46.752424,,,,1,2023-06-17T17:58:56+00:00
SAO_6007-10,São Paulo,3550308,True,,176,,,-23.654448000000002,-46.763219500000005,,,,1,2023-06-17T17:59:07+00:00
SAO_6007-10,São Paulo,3550308,True,,176,,,-23.6619925,-46.7557755,,,,1,2023-06-17T17:58:44+00:00
SAO_6007-10,São Paulo,3550308,True,,176,,,-23.6540225,-46.711386000000005,,,,1,2023-06-17T17:58:55+00:00
SAO_6007-10,São Paulo,3550308,True,,176,,,-23.667369,-46.728165,,,,1,2023-06-17T17:58:25+00:00
SAO_5300-10,São Paulo,3550308,True,,33122,,,-23.5507755,-46.6346735,,,,2,2023-06-17T17:59:16+00:00
SAO_5300-10,São Paulo,3550308,True,,33122,,,-23.57514,-46.641556,,,,2,2023-06-17T17:59:08+00:00
SAO_5300-10,São Paulo,3550308,True,,33122,,,-23.547731,-46.6300275,,,,2,2023-06-17T17:58:48+00:00
SAO_5300-10,São Paulo,3550308,True,,33122,,,-23.63947625,-46.696091,,,,2,2023-06-17T17:59:01+00:00
SAO_5300-10,São Paulo,3550308,True,,33122,,,-23.608873875,-46.667271375,,,,2,2023-06-17T17:59:15+00:00
SAO_875P-10,São Paulo,3550308,True,,1341,,,-23.53310775,-46.66405225,,,,1,2023-06-17T17:58:48+00:00
SAO_3756-10,São Paulo,3550308,True,,1050,,,-23.5711865,-46.395934,,,,1,2023-06-17T17:56:51+00:00
SAO_3756-10,São Paulo,3550308,True,,1050,,,-23.5577185,-46.44346325,,,,1,2023-06-17T17:55:14+00:00
SAO_3756-10,São Paulo,3550308,True,,1050,,,-23.5705685,-46.3973825,,,,1,2023-06-17T17:58:24+00:00
SAO_746P-10,São Paulo,3550308,True,,33556,,,-23.61699275,-46.720967,,,,2,2023-06-17T17:59:02+00:00
SAO_746P-10,São Paulo,3550308,True,,33556,,,-23.6172295,-46.720997,,,,2,2023-06-17T17:59:00+00:00
SAO_746P-10,São Paulo,3550308,True,,33556,,,-23.617432,-46.7210475,,,,2,2023-06-17T17:59:04+00:00
SAO_746P-10,São Paulo,3550308,True,,33556,,,-23.644799,-46.722792,,,,2,2023-06-17T17:58:58+00:00
SAO_746P-10,São Paulo,3550308,True,,33556,,,-23.62332725,-46.733875749999996,,,,2,2023-06-17T17:58:36+00:00
SAO_746P-10,São Paulo,3550308,True,,33556,,,-23.6120565,-46.7220875,,,,2,2023-06-17T17:59:00+00:00
SAO_746P-10,São Paulo,3550308,True,,33556,,,-23.649947,-46.7061525,,,,2,2023-06-17T17:59:05+00:00
SAO_2725-10,São Paulo,3550308,True,,939,,,-23.519662500000003,-46.469243000000006,,,,1,2023-06-17T17:58:58+00:00
SAO_2725-10,São Paulo,3550308,True,,939,,,-23.540045,-46.483149499999996,,,,1,2023-06-17T17:58:46+00:00
SAO_2725-10,São Paulo,3550308,True,,939,,,-23.507019999999997,-46.4660035,,,,1,2023-06-17T17:58:40+00:00
SAO_2725-10,São Paulo,3550308,True,,939,,,-23.540045,-46.483149499999996,,,,1,2023-06-17T17:59:09+00:00
SAO_2725-10,São Paulo,3550308,True,,939,,,-23.5389105,-46.481078,,,,1,2023-06-17T17:58:57+00:00
SAO_875C-10,São Paulo,3550308,True,,33246,,,-23.599600000000002,-46.6372275,,,,2,2023-06-17T17:58:43+00:00
SAO_875C-10,São Paulo,3550308,True,,33246,,,-23.52087225,-46.70017,,,,2,2023-06-17T17:58:33+00:00
SAO_875C-10,São Paulo,3550308,True,,33246,,,-23.58588375,-46.679390250000004,,,,2,2023-06-17T17:59:13+00:00
SAO_875C-10,São Paulo,3550308,True,,33246,,,-23.519776,-46.70033,,,,2,2023-06-17T17:59:16+00:00
SAO_875C-10,São Paulo,3550308,True,,33246,,,-23.571728999999998,-46.69021325,,,,2,2023-06-17T17:58:55+00:00
SAO_1720-21,São Paulo,3550308,True,,34705,,,-23.482158,-46.590494,,,,2,2023-06-17T17:58:46+00:00
SAO_1720-21,São Paulo,3550308,True,,34705,,,-23.487143500000002,-46.57385,,,,2,2023-06-17T17:58:36+00:00
SAO_1720-21,São Paulo,3550308,True,,34705,,,-23.487230500000003,-46.574059500000004,,,,2,2023-06-17T17:58:42+00:00
SAO_637P-10,São Paulo,3550308,True,,47,,,-23.56862075,-46.69213975,,,,1,2023-06-17T17:58:37+00:00
SAO_637P-10,São Paulo,3550308,True,,47,,,-23.6541465,-46.711351,,,,1,2023-06-17T17:59:13+00:00
SAO_637P-10,São Paulo,3550308,True,,47,,,-23.638920249999998,-46.696384,,,,1,2023-06-17T17:58:56+00:00
SAO_637P-10,São Paulo,3550308,True,,47,,,-23.612157,-46.677786250000004,,,,1,2023-06-17T17:59:12+00:00
SAO_637P-10,São Paulo,3550308,True,,47,,,-23.584655374999997,-46.674867125,,,,1,2023-06-17T17:59:06+00:00
SAO_3006-10,São Paulo,3550308,True,,34633,,,-23.547792,-46.390069,,,,2,2023-06-17T17:59:03+00:00
SAO_5652-22,São Paulo,3550308,True,,35284,,,-23.599954,-46.65132725,,,,2,2023-06-17T17:59:01+00:00
SAO_5652-22,São Paulo,3550308,True,,35284,,,-23.644296500000003,-46.6729175,,,,2,2023-06-17T17:58:42+00:00
SAO_5652-22,São Paulo,3550308,True,,35284,,,-23.5809745,-46.6566785,,,,2,2023-06-17T17:58:59+00:00
SAO_5652-22,São Paulo,3550308,True,,35284,,,-23.715232,-46.699111,,,,2,2023-06-17T17:58:54+00:00
SAO_5652-22,São Paulo,3550308,True,,35284,,,-23.7058085,-46.6886045,,,,2,2023-06-17T17:59:12+00:00
SAO_9162-10,São Paulo,3550308,True,,34133,,,-23.46997825,-46.67925975,,,,2,2023-06-17T17:59:13+00:00
SAO_9162-10,São Paulo,3550308,True,,34133,,,-23.496061249999997,-46.660341125,,,,2,2023-06-17T17:59:12+00:00
SAO_577T-10,São Paulo,3550308,True,,34059,,,-23.6857025,-46.637755999999996,,,,2,2023-06-17T17:58:32+00:00
SAO_577T-10,São Paulo,3550308,True,,34059,,,-23.685834,-46.637785,,,,2,2023-06-17T17:58:36+00:00
SAO_577T-10,São Paulo,3550308,True,,34059,,,-23.65364,-46.656865499999995,,,,2,2023-06-17T17:58:41+00:00
SAO_577T-10,São Paulo,3550308,True,,34059,,,-23.684418,-46.6330985,,,,2,2023-06-17T17:58:56+00:00
SAO_577T-10,São Paulo,3550308,True,,34059,,,-23.58399,-46.637046999999995,,,,2,2023-06-17T17:58:54+00:00
SAO_577T-10,São Paulo,3550308,True,,34059,,,-23.612827250000002,-46.63807025,,,,2,2023-06-17T17:59:08+00:00
SAO_2104-10,São Paulo,3550308,True,,2255,,,-23.538226499999997,-46.628575875,,,,1,2023-06-17T17:58:51+00:00
SAO_2104-10,São Paulo,3550308,True,,2255,,,-23.50591175,-46.624980625000006,,,,1,2023-06-17T17:58:57+00:00
SAO_2104-10,São Paulo,3550308,True,,2255,,,-23.541693625,-46.630030375000004,,,,1,2023-06-17T17:59:12+00:00
SAO_3069-10,São Paulo,3550308,True,,984,,,-23.622916500000002,-46.4338245,,,,1,2023-06-17T17:58:34+00:00
SAO_3069-10,São Paulo,3550308,True,,984,,,-23.615395749999998,-46.41418387499999,,,,1,2023-06-17T17:58:56+00:00
SAO_3069-10,São Paulo,3550308,True,,984,,,-23.620321500000003,-46.467113499999996,,,,1,2023-06-17T17:59:09+00:00
SAO_4732-10,São Paulo,3550308,True,Rápido Campinas,302,https://moovitapp.com/index/pt-br/transporte_p%C3%BAblico-line-302-Sao_Paulo-242-858660-23262913-0,5.3,-23.620776499999998,-46.621475000000004,,,,1,2023-06-17T17:59:08+00:00
SAO_4732-10,São Paulo,3550308,True,Rápido Campinas,302,https://moovitapp.com/index/pt-br/transporte_p%C3%BAblico-line-302-Sao_Paulo-242-858660-23262913-0,5.3,-23.648355,-46.6053285,,,,1,2023-06-17T17:58:38+00:00
SAO_737A-10,São Paulo,3550308,True,,34498,,,-23.6902125,-46.773815,,,,2,2023-06-17T17:59:10+00:00
SAO_737A-10,São Paulo,3550308,True,,34498,,,-23.6902125,-46.773815,,,,2,2023-06-17T17:58:34+00:00
SAO_737A-10,São Paulo,3550308,True,,34498,,,-23.654108,-46.712056000000004,,,,2,2023-06-17T17:58:31+00:00
SAO_737A-10,São Paulo,3550308,True,,34498,,,-23.675596499999997,-46.7491525,,,,2,2023-06-17T17:58:41+00:00
SAO_737A-10,São Paulo,3550308,True,,34498,,,-23.6902125,-46.773815,,,,2,2023-06-17T17:58:53+00:00
SAO_737A-10,São Paulo,3550308,True,,34498,,,-23.6902125,-46.773815,,,,2,2023-06-17T17:58:37+00:00
SAO_737A-10,São Paulo,3550308,True,,34498,,,-23.667147,-46.726717,,,,2,2023-06-17T17:58:58+00:00
SAO_3069-10,São Paulo,3550308,True,,33752,,,-23.612884,-46.4762945,,,,2,2023-06-17T17:59:00+00:00
SAO_3069-10,São Paulo,3550308,True,,33752,,,-23.6192525,-46.4131865,,,,2,2023-06-17T17:58:46+00:00
SAO_3069-10,São Paulo,3550308,True,,33752,,,-23.606299749999998,-46.41697025,,,,2,2023-06-17T17:58:36+00:00
SAO_3069-10,São Paulo,3550308,True,,33752,,,-23.606299749999998,-46.41697025,,,,2,2023-06-17T17:59:14+00:00
SAO_3069-10,São Paulo,3550308,True,,33752,,,-23.613998000000002,-46.4765975,,,,2,2023-06-17T17:59:09+00:00
SAO_3069-10,São Paulo,3550308,True,,33752,,,-23.60662525,-46.41692075,,,,2,2023-06-17T17:58:39+00:00
SAO_3069-10,São Paulo,3550308,True,,33752,,,-23.60662525,-46.41692075,,,,2,2023-06-17T17:58:52+00:00
SAO_856R-10,São Paulo,3550308,True,,34196,,,-23.653042999999997,-46.706222,,,,2,2023-06-17T17:58:42+00:00
SAO_856R-10,São Paulo,3550308,True,,34196,,,-23.53454625,-46.686665250000004,,,,2,2023-06-17T17:58:54+00:00
SAO_856R-10,São Paulo,3550308,True,,34196,,,-23.56408175,-46.6883795,,,,2,2023-06-17T17:58:52+00:00
SAO_856R-10,São Paulo,3550308,True,,34196,,,-23.595483,-46.6730785,,,,2,2023-06-17T17:59:13+00:00
SAO_364A-10,São Paulo,3550308,True,,34014,,,-23.5633995,-46.5007685,,,,2,2023-06-17T17:58:50+00:00
SAO_364A-10,São Paulo,3550308,True,,34014,,,-23.599153,-46.515468999999996,,,,2,2023-06-17T17:58:55+00:00
SAO_364A-10,São Paulo,3550308,True,,34014,,,-23.602074,-46.50701624999999,,,,2,2023-06-17T17:58:39+00:00
SAO_364A-10,São Paulo,3550308,True,,34014,,,-23.58161475,-46.55359825,,,,2,2023-06-17T17:58:54+00:00
SAO_364A-10,São Paulo,3550308,True,,34014,,,-23.582709,-46.6001205,,,,2,2023-06-17T17:58:50+00:00
SAO_364A-10,São Paulo,3550308,True,,34014,,,-23.5793815,-46.5025895,,,,2,2023-06-17T17:58:48+00:00
SAO_2076-10,São Paulo,3550308,True,,368,,,-23.48515725,-46.48001325,,,,1,2023-06-17T17:57:06+00:00
SAO_2076-10,São Paulo,3550308,True,,368,,,-23.510208,-46.50679,,,,1,2023-06-17T17:58:46+00:00
SAO_2076-10,São Paulo,3550308,True,,368,,,-23.51055875,-46.507974000000004,,,,1,2023-06-17T17:59:04+00:00
SAO_2076-10,São Paulo,3550308,True,,368,,,-23.504972000000002,-46.384457,,,,1,2023-06-17T17:58:36+00:00
SAO_2076-10,São Paulo,3550308,True,,368,,,-23.4923765,-46.458422999999996,,,,1,2023-06-17T17:54:47+00:00
SAO_6073-10,São Paulo,3550308,True,,33928,,,-23.853313,-46.6956225,,,,2,2023-06-17T17:58:44+00:00
SAO_6073-10,São Paulo,3550308,True,,33928,,,-23.853313,-46.6956225,,,,2,2023-06-17T17:58:40+00:00
SAO_6073-10,São Paulo,3550308,True,,33928,,,-23.853313,-46.6956225,,,,2,2023-06-17T17:58:55+00:00
SAO_6073-10,São Paulo,3550308,True,,33928,,,-23.853313,-46.6956225,,,,2,2023-06-17T17:59:12+00:00
SAO_6073-10,São Paulo,3550308,True,,33928,,,-23.844949,-46.716616,,,,2,2023-06-17T17:56:15+00:00
SAO_6073-10,São Paulo,3550308,True,,33928,,,-23.853313,-46.6956225,,,,2,2023-06-17T17:59:00+00:00
SAO_6073-10,São Paulo,3550308,True,,33928,,,-23.853313,-46.6956225,,,,2,2023-06-17T17:58:44+00:00
SAO_6073-10,São Paulo,3550308,True,,33928,,,-23.7931755,-46.7289665,,,,2,2023-06-17T17:58:50+00:00
SAO_4726-10,São Paulo,3550308,True,,34448,,,-23.563701249999998,-46.58846275,,,,2,2023-06-17T17:59:11+00:00
SAO_4726-10,São Paulo,3550308,True,,34448,,,-23.555286000000002,-46.5844125,,,,2,2023-06-17T17:59:06+00:00
SAO_4726-10,São Paulo,3550308,True,,34448,,,-23.5410385,-46.575868,,,,2,2023-06-17T17:58:42+00:00
SAO_4726-10,São Paulo,3550308,True,,34448,,,-23.5633635,-46.591837500000004,,,,2,2023-06-17T17:59:14+00:00
SAO_6824-10,São Paulo,3550308,True,,32791,,,-23.675574500000003,-46.7897385,,,,2,2023-06-17T17:58:42+00:00
SAO_6824-10,São Paulo,3550308,True,,32791,,,-23.6592755,-46.766434,,,,2,2023-06-17T17:59:09+00:00
SAO_6824-10,São Paulo,3550308,True,,32791,,,-23.673696749999998,-46.79064525,,,,2,2023-06-17T17:58:58+00:00
SAO_1701-21,São Paulo,3550308,True,,35244,,,-23.4556905,-46.5846945,,,,2,2023-06-17T17:56:05+00:00
SAO_1701-21,São Paulo,3550308,True,,35244,,,-23.473375,-46.598246,,,,2,2023-06-17T17:58:05+00:00
SAO_1701-21,São Paulo,3550308,True,,35244,,,-23.447695250000002,-46.576127125,,,,2,2023-06-17T17:58:42+00:00
SAO_407K-10,São Paulo,3550308,True,,2168,,,-23.567313499999997,-46.5057575,,,,1,2023-06-17T17:59:09+00:00
SAO_407K-10,São Paulo,3550308,True,,2168,,,-23.5367685,-46.547027,,,,1,2023-06-17T17:59:11+00:00
SAO_407K-10,São Paulo,3550308,True,,2168,,,-23.570038,-46.503977500000005,,,,1,2023-06-17T17:58:23+00:00
SAO_4013-10,São Paulo,3550308,True,,2186,,,-23.625567500000002,-46.4625125,,,,1,2023-06-17T17:59:09+00:00
SAO_4013-10,São Paulo,3550308,True,,2186,,,-23.612293,-46.4762035,,,,1,2023-06-17T17:58:53+00:00
SAO_178T-10,São Paulo,3550308,True,,33333,,,-23.488821,-46.651511,,,,2,2023-06-17T17:59:09+00:00
SAO_178T-10,São Paulo,3550308,True,,33333,,,-23.5049105,-46.689612999999994,,,,2,2023-06-17T17:58:54+00:00
SAO_178T-10,São Paulo,3550308,True,,33333,,,-23.5168675,-46.6987555,,,,2,2023-06-17T17:59:09+00:00
SAO_6021-10,São Paulo,3550308,True,,32945,,,-23.7942,-46.740337,,,,2,2023-06-17T17:58:48+00:00
SAO_6021-10,São Paulo,3550308,True,,32945,,,-23.77879,-46.7244905,,,,2,2023-06-17T17:59:12+00:00
SAO_574J-10,São Paulo,3550308,True,,34453,,,-23.636083499999998,-46.641462,,,,2,2023-06-17T17:59:02+00:00
SAO_574J-10,São Paulo,3550308,True,,34453,,,-23.5732415,-46.569624499999996,,,,2,2023-06-17T17:58:52+00:00
SAO_574J-10,São Paulo,3550308,True,,34453,,,-23.616961,-46.601735500000004,,,,2,2023-06-17T17:58:59+00:00
SAO_574J-10,São Paulo,3550308,True,,34453,,,-23.588458,-46.601588500000005,,,,2,2023-06-17T17:58:58+00:00
SAO_574J-10,São Paulo,3550308,True,,34453,,,-23.636083499999998,-46.641462,,,,2,2023-06-17T17:59:01+00:00
SAO_574J-10,São Paulo,3550308,True,,34453,,,-23.636083499999998,-46.641462,,,,2,2023-06-17T17:59:14+00:00
SAO_574J-10,São Paulo,3550308,True,,34453,,,-23.561186,-46.51887225,,,,2,2023-06-17T17:58:19+00:00
SAO_675A-10,São Paulo,3550308,True,,34086,,,-23.619660500000002,-46.67143325000001,,,,2,2023-06-17T17:59:00+00:00
SAO_675A-10,São Paulo,3550308,True,,34086,,,-23.6619785,-46.755653,,,,2,2023-06-17T17:59:02+00:00
SAO_675A-10,São Paulo,3550308,True,,34086,,,-23.65335,-46.7356915,,,,2,2023-06-17T17:59:10+00:00
SAO_675A-10,São Paulo,3550308,True,,34086,,,-23.6619785,-46.755653,,,,2,2023-06-17T17:58:50+00:00
SAO_675A-10,São Paulo,3550308,True,,34086,,,-23.66295325,-46.75586225000001,,,,2,2023-06-17T17:59:17+00:00
SAO_675A-10,São Paulo,3550308,True,,34086,,,-23.626981,-46.6420605,,,,2,2023-06-17T17:59:02+00:00
SAO_875C-1,São Paulo,3550308,True,,35278,,,-23.528194,-46.7032985,,,,2,2023-06-17T17:59:14+00:00
SAO_875C-1,São Paulo,3550308,True,,35278,,,-23.5198445,-46.700163,,,,2,2023-06-17T17:58:59+00:00
SAO_6837-10,São Paulo,3550308,True,,6,,,-23.62388025,-46.76489825,,,,1,2023-06-17T17:59:10+00:00
SAO_6837-10,São Paulo,3550308,True,,6,,,-23.654101,-46.763310000000004,,,,1,2023-06-17T17:58:46+00:00
SAO_6837-10,São Paulo,3550308,True,,6,,,-23.6161065,-46.739967,,,,1,2023-06-17T17:58:52+00:00
SAO_6837-10,São Paulo,3550308,True,,6,,,-23.624753,-46.76442324999999,,,,1,2023-06-17T17:59:08+00:00
SAO_8610-10,São Paulo,3550308,True,,34831,,,-23.602587,-46.784125,,,,2,2023-06-17T17:58:59+00:00
SAO_8610-10,São Paulo,3550308,True,,34831,,,-23.6031905,-46.781071999999995,,,,2,2023-06-17T17:58:45+00:00
SAO_8610-10,São Paulo,3550308,True,,34831,,,-23.57225625,-46.7011325,,,,2,2023-06-17T17:58:39+00:00
SAO_8610-10,São Paulo,3550308,True,,34831,,,-23.586338812499996,-46.79026731249999,,,,2,2023-06-17T17:59:08+00:00
SAO_3737-10,São Paulo,3550308,True,,1037,,,-23.531374999999997,-46.516896,,,,1,2023-06-17T17:58:44+00:00
SAO_3737-10,São Paulo,3550308,True,,1037,,,-23.5504195,-46.507943999999995,,,,1,2023-06-17T17:58:47+00:00
SAO_3737-10,São Paulo,3550308,True,,1037,,,-23.55673375,-46.5089895,,,,1,2023-06-17T17:59:08+00:00
SAO_3737-10,São Paulo,3550308,True,,1037,,,-23.530354000000003,-46.5168625,,,,1,2023-06-17T17:58:41+00:00
SAO_9008-10,São Paulo,3550308,True,,875,,,-23.4698175,-46.676846999999995,,,,1,2023-06-17T17:58:42+00:00
SAO_9008-10,São Paulo,3550308,True,,875,,,-23.456180000000003,-46.691851,,,,1,2023-06-17T17:58:54+00:00
SAO_9008-10,São Paulo,3550308,True,,875,,,-23.43821325,-46.709458999999995,,,,1,2023-06-17T17:59:08+00:00
SAO_9008-10,São Paulo,3550308,True,,875,,,-23.427475,-46.7146125,,,,1,2023-06-17T17:59:04+00:00
SAO_3768-10,São Paulo,3550308,True,,1056,,,-23.580689999999997,-46.388988999999995,,,,1,2023-06-17T17:57:30+00:00
SAO_3768-10,São Paulo,3550308,True,,1056,,,-23.547237000000003,-46.426441499999996,,,,1,2023-06-17T17:58:41+00:00
SAO_3768-10,São Paulo,3550308,True,,1056,,,-23.586175500000003,-46.3863525,,,,1,2023-06-17T17:58:50+00:00
SAO_6076-41,São Paulo,3550308,True,,34754,,,-23.668470749999997,-46.71369075,,,,2,2023-06-17T17:59:04+00:00
SAO_6076-41,São Paulo,3550308,True,,34754,,,-23.71894975,-46.696418249999994,,,,2,2023-06-17T17:59:04+00:00
SAO_6007-10,São Paulo,3550308,True,,32944,,,-23.672069,-46.7528325,,,,2,2023-06-17T17:58:25+00:00
SAO_6007-10,São Paulo,3550308,True,,32944,,,-23.65401725,-46.76189925,,,,2,2023-06-17T17:58:57+00:00
SAO_6007-10,São Paulo,3550308,True,,32944,,,-23.656567000000003,-46.732271,,,,2,2023-06-17T17:56:31+00:00
SAO_8047-10,São Paulo,3550308,True,EMTU,408,https://moovitapp.com/index/pt-br/transporte_p%C3%BAblico-line-408-Sao_Paulo-242-2038937-36419468-0,7.55,-23.471709500000003,-46.754494124999994,,,,1,2023-06-17T17:58:57+00:00
SAO_6047-10,São Paulo,3550308,True,,1224,,,-23.661958499999997,-46.755533,,,,1,2023-06-17T17:58:44+00:00
SAO_6047-10,São Paulo,3550308,True,,1224,,,-23.649743,-46.7095055,,,,1,2023-06-17T17:58:39+00:00
SAO_6047-10,São Paulo,3550308,True,,1224,,,-23.65480225,-46.741082,,,,1,2023-06-17T17:58:50+00:00
SAO_8028-10,São Paulo,3550308,True,,35300,,,-23.622413,-46.727976,,,,2,2023-06-17T17:58:42+00:00
SAO_8028-10,São Paulo,3550308,True,,35300,,,-23.6173735,-46.706605999999994,,,,2,2023-06-17T17:58:42+00:00
SAO_8028-10,São Paulo,3550308,True,,35300,,,-23.585625,-46.723908,,,,2,2023-06-17T17:58:58+00:00
SAO_8028-10,São Paulo,3550308,True,,35300,,,-23.6222185,-46.7278965,,,,2,2023-06-17T17:59:00+00:00
SAO_233A-10,São Paulo,3550308,True,EMTU,249,https://moovitapp.com/index/pt-br/transporte_p%C3%BAblico-line-249-Sao_Paulo-242-2038937-58093193-0,5.4,-23.481382625000002,-46.421119000000004,,,,1,2023-06-17T17:58:17+00:00
SAO_233A-10,São Paulo,3550308,True,EMTU,249,https://moovitapp.com/index/pt-br/transporte_p%C3%BAblico-line-249-Sao_Paulo-242-2038937-58093193-0,5.4,-23.5328875,-46.481821999999994,,,,1,2023-06-17T17:58:35+00:00
SAO_1702-10,São Paulo,3550308,True,,846,,,-23.504861374999997,-46.624694625000004,,,,1,2023-06-17T17:58:49+00:00
SAO_1702-10,São Paulo,3550308,True,,846,,,-23.487395499999998,-46.6071795,,,,1,2023-06-17T17:59:15+00:00
SAO_1702-10,São Paulo,3550308,True,,846,,,-23.527362500000002,-46.6269225,,,,1,2023-06-17T17:58:40+00:00
SAO_1702-10,São Paulo,3550308,True,,846,,,-23.442846,-46.57655,,,,1,2023-06-17T17:58:51+00:00
SAO_1702-10,São Paulo,3550308,True,,846,,,-23.47126,-46.586546625,,,,1,2023-06-17T17:58:52+00:00
SAO_1702-10,São Paulo,3550308,True,,846,,,-23.442846,-46.57655,,,,1,2023-06-17T17:58:50+00:00
SAO_1702-10,São Paulo,3550308,True,,846,,,-23.458181500000002,-46.585585,,,,1,2023-06-17T17:58:54+00:00
SAO_1702-10,São Paulo,3550308,True,,846,,,-23.505131125,-46.624702875,,,,1,2023-06-17T17:59:15+00:00
SAO_971A-10,São Paulo,3550308,True,,658,,,-23.502669,-46.6721585,,,,1,2023-06-17T17:58:59+00:00
SAO_971A-10,São Paulo,3550308,True,,658,,,-23.503359000000003,-46.642907750000006,,,,1,2023-06-17T17:58:52+00:00
SAO_971A-10,São Paulo,3550308,True,,658,,,-23.522862,-46.623778,,,,1,2023-06-17T17:59:14+00:00
SAO_3006-10,São Paulo,3550308,True,,1865,,,-23.548099999999998,-46.389815,,,,1,2023-06-17T17:59:02+00:00
SAO_3006-10,São Paulo,3550308,True,,1865,,,-23.544642375000002,-46.4053111875,,,,1,2023-06-17T17:58:52+00:00
SAO_3006-10,São Paulo,3550308,True,,1865,,,-23.548099999999998,-46.389815,,,,1,2023-06-17T17:58:57+00:00
SAO_3006-10,São Paulo,3550308,True,,1865,,,-23.548099999999998,-46.389815,,,,1,2023-06-17T17:58:36+00:00
SAO_3006-10,São Paulo,3550308,True,,1865,,,-23.546026875000003,-46.393056125,,,,1,2023-06-17T17:58:44+00:00
SAO_3006-10,São Paulo,3550308,True,,1865,,,-23.548099999999998,-46.389815,,,,1,2023-06-17T17:58:34+00:00
SAO_7013-10,São Paulo,3550308,True,,33543,,,-23.609004,-46.751954250000004,,,,2,2023-06-17T17:59:07+00:00
SAO_7013-10,São Paulo,3550308,True,,33543,,,-23.626946750000002,-46.7576955,,,,2,2023-06-17T17:58:53+00:00
SAO_7013-10,São Paulo,3550308,True,,33543,,,-23.6397885,-46.7496145,,,,2,2023-06-17T17:58:52+00:00
SAO_7013-10,São Paulo,3550308,True,,33543,,,-23.6397885,-46.7496145,,,,2,2023-06-17T17:58:50+00:00
SAO_273L-10,São Paulo,3550308,True,,224,,,-23.5401805,-46.483284,,,,1,2023-06-17T17:58:52+00:00
SAO_273L-10,São Paulo,3550308,True,,224,,,-23.53443925,-46.41679925,,,,1,2023-06-17T17:58:43+00:00
SAO_6822-10,São Paulo,3550308,True,Del Rey,22,https://moovitapp.com/index/pt-br/transporte_p%C3%BAblico-line-22-Sao_Paulo-242-868760-496394-0,4.5,-23.647452,-46.779009,,,,1,2023-06-17T17:58:52+00:00
SAO_6822-10,São Paulo,3550308,True,Del Rey,22,https://moovitapp.com/index/pt-br/transporte_p%C3%BAblico-line-22-Sao_Paulo-242-868760-496394-0,4.5,-23.654044,-46.7630505,,,,1,2023-06-17T17:59:00+00:00
SAO_8677-10,São Paulo,3550308,True,,33211,,,-23.52237175,-46.69641625,,,,2,2023-06-17T17:59:08+00:00
SAO_8677-10,São Paulo,3550308,True,,33211,,,-23.487239000000002,-46.7323545,,,,2,2023-06-17T17:59:05+00:00
SAO_8677-10,São Paulo,3550308,True,,33211,,,-23.4862875,-46.750287,,,,2,2023-06-17T17:58:37+00:00
SAO_8677-10,São Paulo,3550308,True,,33211,,,-23.487239000000002,-46.7323545,,,,2,2023-06-17T17:58:54+00:00
SAO_8677-10,São Paulo,3550308,True,,33211,,,-23.4820435,-46.757343,,,,2,2023-06-17T17:59:06+00:00
SAO_7022-10,São Paulo,3550308,True,,2084,,,-23.667247875,-46.726662250000004,,,,1,2023-06-17T17:58:58+00:00
SAO_7022-10,São Paulo,3550308,True,,2084,,,-23.684780500000002,-46.7757505,,,,1,2023-06-17T17:59:01+00:00
SAO_7022-10,São Paulo,3550308,True,,2084,,,-23.653948,-46.71043675,,,,1,2023-06-17T17:58:40+00:00
SAO_4311-10,São Paulo,3550308,True,,2171,,,-23.55728175,-46.5151685,,,,1,2023-06-17T17:59:14+00:00
SAO_4311-10,São Paulo,3550308,True,,2171,,,-23.5428105,-46.587509,,,,1,2023-06-17T17:58:34+00:00
SAO_4311-10,São Paulo,3550308,True,,2171,,,-23.5915295,-46.4754985,,,,1,2023-06-17T17:58:25+00:00
SAO_1020-10,São Paulo,3550308,True,,35265,,,-23.448366625,-46.721793250000005,,,,2,2023-06-17T17:58:57+00:00
SAO_1020-10,São Paulo,3550308,True,,35265,,,-23.4106675,-46.763892,,,,2,2023-06-17T17:58:56+00:00
SAO_1020-10,São Paulo,3550308,True,,35265,,,-23.404953,-46.744240250000004,,,,2,2023-06-17T17:59:01+00:00
SAO_675I-10,São Paulo,3550308,True,BR7 Mobilidade,68,https://moovitapp.com/index/pt-br/transporte_p%C3%BAblico-line-68-Sao_Paulo-242-851856-560661-0,5.75,-23.6449195,-46.719300000000004,,,,1,2023-06-17T17:59:16+00:00
SAO_675I-10,São Paulo,3550308,True,BR7 Mobilidade,68,https://moovitapp.com/index/pt-br/transporte_p%C3%BAblico-line-68-Sao_Paulo-242-851856-560661-0,5.75,-23.610236999999998,-46.651759999999996,,,,1,2023-06-17T17:58:52+00:00
SAO_675I-10,São Paulo,3550308,True,BR7 Mobilidade,68,https://moovitapp.com/index/pt-br/transporte_p%C3%BAblico-line-68-Sao_Paulo-242-851856-560661-0,5.75,-23.617976249999998,-46.6770055,,,,1,2023-06-17T17:58:38+00:00
SAO_5614-21,São Paulo,3550308,True,,2464,,,-23.697120375,-46.670897375,,,,1,2023-06-17T17:58:51+00:00
SAO_5614-21,São Paulo,3550308,True,,2464,,,-23.7047635,-46.626839000000004,,,,1,2023-06-17T17:58:13+00:00
SAO_5614-21,São Paulo,3550308,True,,2464,,,-23.648092249999998,-46.675681,,,,1,2023-06-17T17:58:35+00:00
SAO_273J-10,São Paulo,3550308,True,STT,389,https://moovitapp.com/index/pt-br/transporte_p%C3%BAblico-line-389-Sao_Paulo-242-850661-183299-0,5.3,-23.490437500000002,-46.419823750000006,,,,1,2023-06-17T17:57:53+00:00
SAO_273J-10,São Paulo,3550308,True,STT,389,https://moovitapp.com/index/pt-br/transporte_p%C3%BAblico-line-389-Sao_Paulo-242-850661-183299-0,5.3,-23.5210185,-46.51567,,,,1,2023-06-17T17:55:29+00:00
SAO_273J-10,São Paulo,3550308,True,STT,389,https://moovitapp.com/index/pt-br/transporte_p%C3%BAblico-line-389-Sao_Paulo-242-850661-183299-0,5.3,-23.5154095,-46.504579500000006,,,,1,2023-06-17T17:59:09+00:00
SAO_273J-10,São Paulo,3550308,True,STT,389,https://moovitapp.com/index/pt-br/transporte_p%C3%BAblico-line-389-Sao_Paulo-242-850661-183299-0,5.3,-23.52311625,-46.52112375,,,,1,2023-06-17T17:54:27+00:00
SAO_273J-10,São Paulo,3550308,True,STT,389,https://moovitapp.com/index/pt-br/transporte_p%C3%BAblico-line-389-Sao_Paulo-242-850661-183299-0,5.3,-23.49945475,-46.442415749999995,,,,1,2023-06-17T17:59:10+00:00
SAO_273J-10,São Paulo,3550308,True,STT,389,https://moovitapp.com/index/pt-br/transporte_p%C3%BAblico-line-389-Sao_Paulo-242-850661-183299-0,5.3,-23.5129375,-46.462881499999995,,,,1,2023-06-17T17:59:09+00:00
SAO_6052-10,São Paulo,3550308,True,,33912,,,-23.7690195,-46.715415500000006,,,,2,2023-06-17T17:58:40+00:00
SAO_6052-10,São Paulo,3550308,True,,33912,,,-23.772455,-46.70955025,,,,2,2023-06-17T17:59:03+00:00
SAO_6052-10,São Paulo,3550308,True,,33912,,,-23.7692035,-46.715246500000006,,,,2,2023-06-17T17:58:48+00:00
SAO_6052-10,São Paulo,3550308,True,,33912,,,-23.775877,-46.6912655,,,,2,2023-06-17T17:58:45+00:00
SAO_6052-10,São Paulo,3550308,True,,33912,,,-23.775509999999997,-46.691679,,,,2,2023-06-17T17:58:33+00:00
SAO_5111-10,São Paulo,3550308,True,,48,,,-23.576032499999997,-46.65792175,,,,1,2023-06-17T17:58:42+00:00
SAO_5111-10,São Paulo,3550308,True,,48,,,-23.65162375,-46.705222125,,,,1,2023-06-17T17:59:14+00:00
SAO_5111-10,São Paulo,3550308,True,,48,,,-23.6148545,-46.679258000000004,,,,1,2023-06-17T17:58:54+00:00
SAO_5111-10,São Paulo,3550308,True,,48,,,-23.552490499999998,-46.637502999999995,,,,1,2023-06-17T17:59:01+00:00
SAO_5111-10,São Paulo,3550308,True,,48,,,-23.6542935,-46.7114185,,,,1,2023-06-17T17:58:42+00:00
SAO_2552-10,São Paulo,3550308,True,,142,,,-23.4983565,-46.4643375,,,,1,2023-06-17T17:58:56+00:00
SAO_2552-10,São Paulo,3550308,True,,142,,,-23.5417405,-46.6146495,,,,1,2023-06-17T17:55:27+00:00
SAO_2552-10,São Paulo,3550308,True,,142,,,-23.48438325,-46.423771,,,,1,2023-06-17T17:59:00+00:00
SAO_2552-10,São Paulo,3550308,True,,142,,,-23.5301775,-46.55544449999999,,,,1,2023-06-17T17:56:40+00:00
SAO_3046-10,São Paulo,3550308,True,,971,,,-23.57133125,-46.5659435,,,,1,2023-06-17T17:58:59+00:00
SAO_3046-10,São Paulo,3550308,True,,971,,,-23.541215,-46.5774215,,,,1,2023-06-17T17:59:00+00:00
SAO_3046-10,São Paulo,3550308,True,,971,,,-23.580204000000002,-46.5255565,,,,1,2023-06-17T17:59:14+00:00
SAO_3046-10,São Paulo,3550308,True,,971,,,-23.5798445,-46.5519195,,,,1,2023-06-17T17:58:32+00:00
SAO_3046-10,São Paulo,3550308,True,,971,,,-23.579357,-46.525084,,,,1,2023-06-17T17:59:03+00:00
SAO_3046-10,São Paulo,3550308,True,,971,,,-23.582308,-46.53506,,,,1,2023-06-17T17:58:52+00:00
SAO_3098-10,São Paulo,3550308,True,,1078,,,-23.637763874999997,-46.464589375,,,,1,2023-06-17T17:58:40+00:00
SAO_3098-10,São Paulo,3550308,True,,1078,,,-23.5645445,-46.508259,,,,1,2023-06-17T17:59:03+00:00
SAO_3098-10,São Paulo,3550308,True,,1078,,,-23.60428225,-46.48109225,,,,1,2023-06-17T17:58:56+00:00
SAO_3098-10,São Paulo,3550308,True,,1078,,,-23.568644499999998,-46.504490000000004,,,,1,2023-06-17T17:59:08+00:00
SAO_3098-10,São Paulo,3550308,True,,1078,,,-23.620321500000003,-46.467113499999996,,,,1,2023-06-17T17:58:44+00:00
SAO_9032-10,São Paulo,3550308,True,STT,880,https://moovitapp.com/index/pt-br/transporte_p%C3%BAblico-line-880-Sao_Paulo-242-850661-183362-0,5.3,-23.4462385,-46.692054,,,,1,2023-06-17T17:58:50+00:00
SAO_9032-10,São Paulo,3550308,True,STT,880,https://moovitapp.com/index/pt-br/transporte_p%C3%BAblico-line-880-Sao_Paulo-242-850661-183362-0,5.3,-23.446290750000003,-46.692449249999996,,,,1,2023-06-17T17:59:15+00:00
SAO_9032-10,São Paulo,3550308,True,STT,880,https://moovitapp.com/index/pt-br/transporte_p%C3%BAblico-line-880-Sao_Paulo-242-850661-183362-0,5.3,-23.4698175,-46.676846999999995,,,,1,2023-06-17T17:58:41+00:00
SAO_9032-10,São Paulo,3550308,True,STT,880,https://moovitapp.com/index/pt-br/transporte_p%C3%BAblico-line-880-Sao_Paulo-242-850661-183362-0,5.3,-23.446264499999998,-46.692169,,,,1,2023-06-17T17:58:53+00:00
SAO_9032-10,São Paulo,3550308,True,STT,880,https://moovitapp.com/index/pt-br/transporte_p%C3%BAblico-line-880-Sao_Paulo-242-850661-183362-0,5.3,-23.449997500000002,-46.695049,,,,1,2023-06-17T17:58:44+00:00
SAO_9032-10,São Paulo,3550308,True,STT,880,https://moovitapp.com/index/pt-br/transporte_p%C3%BAblico-line-880-Sao_Paulo-242-850661-183362-0,5.3,-23.453606999999998,-46.698404,,,,1,2023-06-17T17:58:46+00:00
SAO_574R-10,São Paulo,3550308,True,,34391,,,-23.585713499999997,-46.533454500000005,,,,2,2023-06-17T17:58:04+00:00
SAO_574R-10,São Paulo,3550308,True,,34391,,,-23.574661874999997,-46.555289,,,,2,2023-06-17T17:58:45+00:00
SAO_574R-10,São Paulo,3550308,True,,34391,,,-23.542323000000003,-46.5901025,,,,2,2023-06-17T17:57:12+00:00
SAO_875P-10,São Paulo,3550308,True,,34109,,,-23.5708805,-46.644690375,,,,2,2023-06-17T17:59:07+00:00
SAO_875P-10,São Paulo,3550308,True,,34109,,,-23.526525499999998,-46.6658365,,,,2,2023-06-17T17:59:00+00:00
SAO_6403-10,São Paulo,3550308,True,,32826,,,-23.580458,-46.680413,,,,2,2023-06-17T17:58:46+00:00
SAO_6403-10,São Paulo,3550308,True,,32826,,,-23.540765375,-46.62913525,,,,2,2023-06-17T17:59:07+00:00
SAO_6403-10,São Paulo,3550308,True,,32826,,,-23.6435415,-46.7327735,,,,2,2023-06-17T17:58:41+00:00
SAO_6403-10,São Paulo,3550308,True,,32826,,,-23.6435415,-46.7327735,,,,2,2023-06-17T17:59:00+00:00
SAO_857C-10,São Paulo,3550308,True,,1901,,,-23.646051125,-46.709631375,,,,1,2023-06-17T17:59:10+00:00
SAO_857C-10,São Paulo,3550308,True,,1901,,,-23.643051,-46.7656045,,,,1,2023-06-17T17:59:01+00:00
SAO_857C-10,São Paulo,3550308,True,,1901,,,-23.635937499999997,-46.6503935,,,,1,2023-06-17T17:58:58+00:00
SAO_888P-10,São Paulo,3550308,True,EMTU,454,https://moovitapp.com/index/pt-br/transporte_p%C3%BAblico-line-454-Sao_Paulo-242-2038937-36419497-0,5.25,-23.4044015,-46.7525905,,,,1,2023-06-17T17:58:40+00:00
SAO_888P-10,São Paulo,3550308,True,EMTU,454,https://moovitapp.com/index/pt-br/transporte_p%C3%BAblico-line-454-Sao_Paulo-242-2038937-36419497-0,5.25,-23.433729999999997,-46.7215695,,,,1,2023-06-17T17:59:01+00:00
SAO_888P-10,São Paulo,3550308,True,EMTU,454,https://moovitapp.com/index/pt-br/transporte_p%C3%BAblico-line-454-Sao_Paulo-242-2038937-36419497-0,5.25,-23.404773499999997,-46.750828999999996,,,,1,2023-06-17T17:58:40+00:00
SAO_888P-10,São Paulo,3550308,True,EMTU,454,https://moovitapp.com/index/pt-br/transporte_p%C3%BAblico-line-454-Sao_Paulo-242-2038937-36419497-0,5.25,-23.43866725,-46.729525249999995,,,,1,2023-06-17T17:58:22+00:00
SAO_524M-10,São Paulo,3550308,True,,34399,,,-23.61456675,-46.49981325,,,,2,2023-06-17T17:58:47+00:00
SAO_524M-10,São Paulo,3550308,True,,34399,,,-23.619495,-46.495613,,,,2,2023-06-17T17:59:04+00:00
SAO_524M-10,São Paulo,3550308,True,,34399,,,-23.5630685,-46.508694500000004,,,,2,2023-06-17T17:58:40+00:00
SAO_524M-10,São Paulo,3550308,True,,34399,,,-23.5761115,-46.51551475,,,,2,2023-06-17T17:59:06+00:00
SAO_524M-10,São Paulo,3550308,True,,34399,,,-23.594828,-46.503370000000004,,,,2,2023-06-17T17:59:05+00:00
SAO_524M-10,São Paulo,3550308,True,,34399,,,-23.619122750000002,-46.4958135,,,,2,2023-06-17T17:59:10+00:00
SAO_524M-10,São Paulo,3550308,True,,34399,,,-23.619122750000002,-46.4958135,,,,2,2023-06-17T17:59:14+00:00
SAO_2583-10,São Paulo,3550308,True,EMTU,375,https://moovitapp.com/index/pt-br/transporte_p%C3%BAblico-line-375-Sao_Paulo-242-2038937-36419449-0,11.7,-23.494294,-46.4433315,,,,1,2023-06-17T17:58:45+00:00
SAO_4052-10,São Paulo,3550308,True,,34913,,,-23.538500499999998,-46.4264005,,,,2,2023-06-17T17:58:55+00:00
SAO_4052-10,São Paulo,3550308,True,,34913,,,-23.5422285,-46.472757,,,,2,2023-06-17T17:58:49+00:00
SAO_4052-10,São Paulo,3550308,True,,34913,,,-23.542444,-46.416917999999995,,,,2,2023-06-17T17:59:00+00:00
SAO_6022-10,São Paulo,3550308,True,,33975,,,-23.728424,-46.7823315,,,,2,2023-06-17T17:58:50+00:00
SAO_5185-10,São Paulo,3550308,True,,34076,,,-23.574786500000002,-46.656538,,,,2,2023-06-17T17:58:47+00:00
SAO_5185-10,São Paulo,3550308,True,,34076,,,-23.646387750000002,-46.674438499999994,,,,2,2023-06-17T17:59:02+00:00
SAO_5185-10,São Paulo,3550308,True,,34076,,,-23.667807,-46.7355005,,,,2,2023-06-17T17:59:07+00:00
SAO_5185-10,São Paulo,3550308,True,,34076,,,-23.667278,-46.72853275,,,,2,2023-06-17T17:59:01+00:00
SAO_917M-10,São Paulo,3550308,True,,1366,,,-23.471259500000002,-46.706211499999995,,,,1,2023-06-17T17:58:42+00:00
SAO_917M-10,São Paulo,3550308,True,,1366,,,-23.472009,-46.705339499999994,,,,1,2023-06-17T17:59:10+00:00
SAO_917M-10,São Paulo,3550308,True,,1366,,,-23.503671,-46.6774875,,,,1,2023-06-17T17:58:55+00:00
SAO_6L07-10,São Paulo,3550308,True,,34313,,,-23.831390374999998,-46.712019875,,,,2,2023-06-17T17:59:09+00:00
SAO_6L07-10,São Paulo,3550308,True,,34313,,,-23.76811025,-46.717556,,,,2,2023-06-17T17:58:43+00:00
SAO_6L07-10,São Paulo,3550308,True,,34313,,,-23.8313465,-46.711774500000004,,,,2,2023-06-17T17:59:05+00:00
SAO_6093-10,São Paulo,3550308,True,,34353,,,-23.826017625,-46.732854499999995,,,,2,2023-06-17T17:59:04+00:00
SAO_6093-10,São Paulo,3550308,True,,34353,,,-23.8542515,-46.7138505,,,,2,2023-06-17T17:56:07+00:00
SAO_6093-10,São Paulo,3550308,True,,34353,,,-23.7440905,-46.703618000000006,,,,2,2023-06-17T17:58:59+00:00
SAO_6093-10,São Paulo,3550308,True,,34353,,,-23.745033999999997,-46.70720825,,,,2,2023-06-17T17:59:13+00:00
SAO_4727-10,São Paulo,3550308,True,Cidade de Caieiras,340,https://moovitapp.com/index/pt-br/transporte_p%C3%BAblico-line-340-Sao_Paulo-242-868761-101563062-0,5.0,-23.611078,-46.637181,,,,1,2023-06-17T17:58:37+00:00
SAO_4727-10,São Paulo,3550308,True,Cidade de Caieiras,340,https://moovitapp.com/index/pt-br/transporte_p%C3%BAblico-line-340-Sao_Paulo-242-868761-101563062-0,5.0,-23.641878,-46.6132375,,,,1,2023-06-17T17:59:00+00:00
SAO_775N-10,São Paulo,3550308,True,,33242,,,-23.577069,-46.7659285,,,,2,2023-06-17T17:58:55+00:00
SAO_775N-10,São Paulo,3550308,True,,33242,,,-23.576906,-46.7658355,,,,2,2023-06-17T17:59:02+00:00
SAO_775N-10,São Paulo,3550308,True,,33242,,,-23.5818105,-46.760456500000004,,,,2,2023-06-17T17:59:09+00:00
SAO_775N-10,São Paulo,3550308,True,,33242,,,-23.558501,-46.747934,,,,2,2023-06-17T17:58:55+00:00
SAO_677Y-10,São Paulo,3550308,True,,1240,,,-23.613538,-46.695644,,,,1,2023-06-17T17:58:57+00:00
SAO_677Y-10,São Paulo,3550308,True,,1240,,,-23.693631500000002,-46.7942325,,,,1,2023-06-17T17:58:40+00:00
SAO_677Y-10,São Paulo,3550308,True,,1240,,,-23.666980000000002,-46.773514250000005,,,,1,2023-06-17T17:58:55+00:00
SAO_677Y-10,São Paulo,3550308,True,,1240,,,-23.645789999999998,-46.7465015,,,,1,2023-06-17T17:58:56+00:00
SAO_8047-10,São Paulo,3550308,True,,33176,,,-23.4343715,-46.754760000000005,,,,2,2023-06-17T17:59:11+00:00
SAO_8047-10,São Paulo,3550308,True,,33176,,,-23.519586,-46.701313999999996,,,,2,2023-06-17T17:59:14+00:00
SAO_8047-10,São Paulo,3550308,True,,33176,,,-23.5075423125,-46.7403725,,,,2,2023-06-17T17:58:52+00:00
SAO_8047-10,São Paulo,3550308,True,,33176,,,-23.4536795,-46.7437235,,,,2,2023-06-17T17:59:09+00:00
SAO_4014-10,São Paulo,3550308,True,,34955,,,-23.607132,-46.464128,,,,2,2023-06-17T17:59:12+00:00
SAO_4014-10,São Paulo,3550308,True,,34955,,,-23.612962500000002,-46.4565635,,,,2,2023-06-17T17:58:57+00:00
SAO_4014-10,São Paulo,3550308,True,,34955,,,-23.5611575,-46.518677,,,,2,2023-06-17T17:55:48+00:00
SAO_709M-10,São Paulo,3550308,True,,35230,,,-23.6431665,-46.700297250000006,,,,2,2023-06-17T17:58:46+00:00
SAO_709M-10,São Paulo,3550308,True,,35230,,,-23.566688,-46.701549,,,,2,2023-06-17T17:59:05+00:00
SAO_709M-10,São Paulo,3550308,True,,35230,,,-23.566688,-46.701549,,,,2,2023-06-17T17:58:56+00:00
SAO_709M-10,São Paulo,3550308,True,,35230,,,-23.5988225,-46.691124,,,,2,2023-06-17T17:59:15+00:00
SAO_373L-10,São Paulo,3550308,True,,33795,,,-23.571554,-46.450586,,,,2,2023-06-17T17:59:11+00:00
SAO_373L-10,São Paulo,3550308,True,,33795,,,-23.542998,-46.4711105,,,,2,2023-06-17T17:58:36+00:00
SAO_373L-10,São Paulo,3550308,True,,33795,,,-23.60855775,-46.426596125,,,,2,2023-06-17T17:59:09+00:00
SAO_373L-10,São Paulo,3550308,True,,33795,,,-23.6227125,-46.414294,,,,2,2023-06-17T17:58:58+00:00
SAO_6338-10,São Paulo,3550308,True,,1293,,,-23.667998,-46.651894999999996,,,,1,2023-06-17T17:58:56+00:00
SAO_6338-10,São Paulo,3550308,True,,1293,,,-23.595349499999998,-46.650389000000004,,,,1,2023-06-17T17:58:48+00:00
SAO_6338-10,São Paulo,3550308,True,,1293,,,-23.63242475,-46.64454825,,,,1,2023-06-17T17:58:27+00:00
SAO_695D-10,São Paulo,3550308,True,EMTU,114,https://moovitapp.com/index/pt-br/transporte_p%C3%BAblico-line-114-Sao_Paulo-242-2038937-36419274-0,6.4,-23.693011,-46.6985605,,,,1,2023-06-17T17:59:13+00:00
SAO_695D-10,São Paulo,3550308,True,EMTU,114,https://moovitapp.com/index/pt-br/transporte_p%C3%BAblico-line-114-Sao_Paulo-242-2038937-36419274-0,6.4,-23.6466115,-46.6388855,,,,1,2023-06-17T17:59:00+00:00
SAO_695D-10,São Paulo,3550308,True,EMTU,114,https://moovitapp.com/index/pt-br/transporte_p%C3%BAblico-line-114-Sao_Paulo-242-2038937-36419274-0,6.4,-23.738139500000003,-46.686422,,,,1,2023-06-17T17:59:04+00:00
SAO_278A-10,São Paulo,3550308,True,,33474,,,-23.512024250000003,-46.528602,,,,2,2023-06-17T17:59:08+00:00
SAO_278A-10,São Paulo,3550308,True,,33474,,,-23.53424775,-46.601362625,,,,2,2023-06-17T17:59:12+00:00
SAO_4113-10,São Paulo,3550308,True,,33536,,,-23.54337975,-46.643962,,,,2,2023-06-17T17:58:51+00:00
SAO_4113-10,São Paulo,3550308,True,,33536,,,-23.57826725,-46.624153750000005,,,,2,2023-06-17T17:58:58+00:00
SAO_4113-10,São Paulo,3550308,True,,33536,,,-23.5658475,-46.632071499999995,,,,2,2023-06-17T17:59:02+00:00
SAO_4113-10,São Paulo,3550308,True,,33536,,,-23.58679375,-46.610808750000004,,,,2,2023-06-17T17:59:03+00:00
SAO_4113-10,São Paulo,3550308,True,,33536,,,-23.5523195,-46.63850325,,,,2,2023-06-17T17:58:42+00:00
SAO_4113-10,São Paulo,3550308,True,,33536,,,-23.602394500000003,-46.61205100000001,,,,2,2023-06-17T17:59:11+00:00
SAO_7057-10,São Paulo,3550308,True,,34665,,,-23.64922775,-46.78505225,,,,2,2023-06-17T17:59:11+00:00
SAO_7057-10,São Paulo,3550308,True,,34665,,,-23.64922775,-46.78505225,,,,2,2023-06-17T17:59:03+00:00
SAO_7057-10,São Paulo,3550308,True,,34665,,,-23.6341555,-46.774440999999996,,,,2,2023-06-17T17:58:34+00:00
SAO_7057-10,São Paulo,3550308,True,,34665,,,-23.64922775,-46.78505225,,,,2,2023-06-17T17:58:48+00:00
SAO_8700-10,São Paulo,3550308,True,,34645,,,-23.606322000000002,-46.748422250000004,,,,2,2023-06-17T17:58:52+00:00
SAO_8700-10,São Paulo,3550308,True,,34645,,,-23.6157585,-46.756756499999995,,,,2,2023-06-17T17:59:06+00:00
SAO_8700-10,São Paulo,3550308,True,,34645,,,-23.6317985,-46.771744,,,,2,2023-06-17T17:58:37+00:00
SAO_8700-10,São Paulo,3550308,True,,34645,,,-23.631153500000003,-46.7733425,,,,2,2023-06-17T17:58:55+00:00
SAO_8700-10,São Paulo,3550308,True,,34645,,,-23.584773749999997,-46.7187885,,,,2,2023-06-17T17:58:57+00:00
SAO_8700-10,São Paulo,3550308,True,,34645,,,-23.631026499999997,-46.773642,,,,2,2023-06-17T17:59:15+00:00
SAO_8700-10,São Paulo,3550308,True,,34645,,,-23.5692045,-46.687413500000005,,,,2,2023-06-17T17:59:12+00:00
SAO_8700-10,São Paulo,3550308,True,,34645,,,-23.631153500000003,-46.7733425,,,,2,2023-06-17T17:59:01+00:00
SAO_8700-10,São Paulo,3550308,True,,34645,,,-23.544776249999998,-46.63853225,,,,2,2023-06-17T17:59:02+00:00
SAO_8700-10,São Paulo,3550308,True,,34645,,,-23.572976750000002,-46.705288499999995,,,,2,2023-06-17T17:58:43+00:00
SAO_8700-10,São Paulo,3550308,True,,34645,,,-23.559941,-46.67114024999999,,,,2,2023-06-17T17:59:18+00:00
SAO_8700-10,São Paulo,3550308,True,,34645,,,-23.6317985,-46.771744,,,,2,2023-06-17T17:59:11+00:00
SAO_8700-10,São Paulo,3550308,True,,34645,,,-23.629922,-46.770032,,,,2,2023-06-17T17:58:46+00:00
SAO_2016-10,São Paulo,3550308,True,,33670,,,-23.503359250000003,-46.375994750000004,,,,2,2023-06-17T17:59:00+00:00
SAO_2016-10,São Paulo,3550308,True,,33670,,,-23.494984,-46.37855975,,,,2,2023-06-17T17:59:03+00:00
SAO_2016-10,São Paulo,3550308,True,,33670,,,-23.503878,-46.376667499999996,,,,2,2023-06-17T17:54:56+00:00
SAO_2016-10,São Paulo,3550308,True,,33670,,,-23.493997,-46.4163525,,,,2,2023-06-17T17:59:08+00:00
SAO_2016-10,São Paulo,3550308,True,,33670,,,-23.4972285,-46.44054,,,,2,2023-06-17T17:59:01+00:00
SAO_6063-42,São Paulo,3550308,True,,2002,,,-23.809403,-46.6612485,,,,1,2023-06-17T17:58:50+00:00
SAO_6063-42,São Paulo,3550308,True,,2002,,,-23.8170545,-46.677409,,,,1,2023-06-17T17:58:51+00:00
SAO_9789-10,São Paulo,3550308,True,,33597,,,-23.461478,-46.7084365,,,,2,2023-06-17T17:58:36+00:00
SAO_9789-10,São Paulo,3550308,True,,33597,,,-23.5244395,-46.666582000000005,,,,2,2023-06-17T17:58:45+00:00
SAO_9789-10,São Paulo,3550308,True,,33597,,,-23.469682749999997,-46.693912999999995,,,,2,2023-06-17T17:58:59+00:00
SAO_9789-10,São Paulo,3550308,True,,33597,,,-23.4845855,-46.690155,,,,2,2023-06-17T17:59:12+00:00
SAO_675M-10,São Paulo,3550308,True,,32876,,,-23.720974499999997,-46.6767225,,,,2,2023-06-17T17:58:56+00:00
SAO_675M-10,São Paulo,3550308,True,,32876,,,-23.64616975,-46.644012000000004,,,,2,2023-06-17T17:58:49+00:00
SAO_675M-10,São Paulo,3550308,True,,32876,,,-23.6848045,-46.691715,,,,2,2023-06-17T17:59:01+00:00
SAO_1024-10,São Paulo,3550308,True,,2302,,,-23.459429999999998,-46.69849375,,,,1,2023-06-17T17:59:00+00:00
SAO_1024-10,São Paulo,3550308,True,,2302,,,-23.482987,-46.6951605,,,,1,2023-06-17T17:59:10+00:00
SAO_9301-10,São Paulo,3550308,True,,33226,,,-23.495991,-46.662211,,,,2,2023-06-17T17:59:15+00:00
SAO_9301-10,São Paulo,3550308,True,,33226,,,-23.50267125,-46.65943025,,,,2,2023-06-17T17:58:40+00:00
SAO_524M-10,São Paulo,3550308,True,,1631,,,-23.585614,-46.5190085,,,,1,2023-06-17T17:58:53+00:00
SAO_524M-10,São Paulo,3550308,True,,1631,,,-23.6133385,-46.5013505,,,,1,2023-06-17T17:58:44+00:00
SAO_524M-10,São Paulo,3550308,True,,1631,,,-23.6136355,-46.495384,,,,1,2023-06-17T17:59:01+00:00
SAO_524M-10,São Paulo,3550308,True,,1631,,,-23.564117500000002,-46.505180499999994,,,,1,2023-06-17T17:59:04+00:00
SAO_N535-11,São Paulo,3550308,True,,35155,,,-23.603310999999998,-46.6028315,,,,2,2023-06-17T17:58:49+00:00
SAO_875C-10,São Paulo,3550308,True,EMTU,478,https://moovitapp.com/index/pt-br/transporte_p%C3%BAblico-line-478-Sao_Paulo-242-2038937-36419510-0,6.25,-23.583325124999998,-46.676494125000005,,,,1,2023-06-17T17:59:12+00:00
SAO_875C-10,São Paulo,3550308,True,EMTU,478,https://moovitapp.com/index/pt-br/transporte_p%C3%BAblico-line-478-Sao_Paulo-242-2038937-36419510-0,6.25,-23.551009,-46.706939,,,,1,2023-06-17T17:58:50+00:00
SAO_875C-10,São Paulo,3550308,True,EMTU,478,https://moovitapp.com/index/pt-br/transporte_p%C3%BAblico-line-478-Sao_Paulo-242-2038937-36419510-0,6.25,-23.597021999999996,-46.643793125,,,,1,2023-06-17T17:59:01+00:00
SAO_875C-10,São Paulo,3550308,True,EMTU,478,https://moovitapp.com/index/pt-br/transporte_p%C3%BAblico-line-478-Sao_Paulo-242-2038937-36419510-0,6.25,-23.5201835,-46.699305499999994,,,,1,2023-06-17T17:58:46+00:00
SAO_4017-10,São Paulo,3550308,True,,2190,,,-23.5902125,-46.3823955,,,,1,2023-06-17T17:58:36+00:00
SAO_4017-10,São Paulo,3550308,True,,2190,,,-23.6019235,-46.4042885,,,,1,2023-06-17T17:57:01+00:00
SAO_5611-10,São Paulo,3550308,True,,33366,,,-23.679941,-46.684365,,,,2,2023-06-17T17:58:42+00:00
SAO_5611-10,São Paulo,3550308,True,,33366,,,-23.55364325,-46.635,,,,2,2023-06-17T17:58:32+00:00
SAO_5611-10,São Paulo,3550308,True,,33366,,,-23.716158999999998,-46.626090500000004,,,,2,2023-06-17T17:58:48+00:00
SAO_5611-10,São Paulo,3550308,True,,33366,,,-23.7160135,-46.624853,,,,2,2023-06-17T17:58:40+00:00
SAO_5611-10,São Paulo,3550308,True,,33366,,,-23.69710125,-46.67282025,,,,2,2023-06-17T17:58:40+00:00
SAO_5611-10,São Paulo,3550308,True,,33366,,,-23.552754,-46.6355435,,,,2,2023-06-17T17:59:10+00:00
SAO_6825-10,São Paulo,3550308,True,,32782,,,-23.672202,-46.787373,,,,2,2023-06-17T17:58:55+00:00
SAO_5791-21,São Paulo,3550308,True,,2463,,,-23.68760275,-46.64107775000001,,,,1,2023-06-17T17:59:06+00:00
SAO_5791-21,São Paulo,3550308,True,,2463,,,-23.71619,-46.62593,,,,1,2023-06-17T17:59:06+00:00
SAO_5791-21,São Paulo,3550308,True,,2463,,,-23.697336,-46.630615000000006,,,,1,2023-06-17T17:59:09+00:00
SAO_5791-21,São Paulo,3550308,True,,2463,,,-23.646283500000003,-46.640574,,,,1,2023-06-17T17:59:13+00:00
SAO_5791-21,São Paulo,3550308,True,,2463,,,-23.71619,-46.62593,,,,1,2023-06-17T17:59:12+00:00
SAO_5791-21,São Paulo,3550308,True,,2463,,,-23.71619,-46.62593,,,,1,2023-06-17T17:58:55+00:00
SAO_129F-10,São Paulo,3550308,True,,2304,,,-23.52490925,-46.6994055,,,,1,2023-06-17T17:59:05+00:00
SAO_129F-10,São Paulo,3550308,True,,2304,,,-23.489015000000002,-46.6980575,,,,1,2023-06-17T17:59:05+00:00
SAO_129F-10,São Paulo,3550308,True,,2304,,,-23.489177,-46.698320499999994,,,,1,2023-06-17T17:58:40+00:00
SAO_1743-10,São Paulo,3550308,True,,33311,,,-23.497569499999997,-46.6278205,,,,2,2023-06-17T17:58:52+00:00
SAO_1743-10,São Paulo,3550308,True,,33311,,,-23.46381325,-46.66751825,,,,2,2023-06-17T17:59:14+00:00
SAO_675K-10,São Paulo,3550308,True,,32966,,,-23.62885825,-46.686011500000006,,,,2,2023-06-17T17:59:08+00:00
SAO_675K-10,São Paulo,3550308,True,,32966,,,-23.677198500000003,-46.760401,,,,2,2023-06-17T17:59:02+00:00
SAO_675K-10,São Paulo,3550308,True,,32966,,,-23.667147,-46.726717,,,,2,2023-06-17T17:58:51+00:00
SAO_675K-10,São Paulo,3550308,True,,32966,,,-23.600558375,-46.659465,,,,2,2023-06-17T17:58:54+00:00
SAO_675K-10,São Paulo,3550308,True,,32966,,,-23.6433235,-46.70051375,,,,2,2023-06-17T17:59:12+00:00
SAO_675K-10,São Paulo,3550308,True,,32966,,,-23.6904285,-46.774029,,,,2,2023-06-17T17:58:51+00:00
SAO_675K-10,São Paulo,3550308,True,,32966,,,-23.6901525,-46.774198999999996,,,,2,2023-06-17T17:59:01+00:00
SAO_675K-10,São Paulo,3550308,True,,32966,,,-23.6613095,-46.707041,,,,2,2023-06-17T17:59:01+00:00
SAO_1745-10,São Paulo,3550308,True,,546,,,-23.497854500000003,-46.637576,,,,1,2023-06-17T17:58:52+00:00
SAO_1745-10,São Paulo,3550308,True,,546,,,-23.473242499999998,-46.665350000000004,,,,1,2023-06-17T17:59:04+00:00
SAO_1745-10,São Paulo,3550308,True,,546,,,-23.513510625000002,-46.616156249999996,,,,1,2023-06-17T17:59:03+00:00
SAO_1745-10,São Paulo,3550308,True,,546,,,-23.473242499999998,-46.665350000000004,,,,1,2023-06-17T17:59:08+00:00
SAO_1745-10,São Paulo,3550308,True,,546,,,-23.47266725,-46.65999975,,,,1,2023-06-17T17:59:13+00:00
SAO_6455-10,São Paulo,3550308,True,,63,,,-23.609165312499997,-46.667339875,,,,1,2023-06-17T17:59:08+00:00
SAO_6455-10,São Paulo,3550308,True,,63,,,-23.550775125,-46.63637825,,,,1,2023-06-17T17:58:41+00:00
SAO_6455-10,São Paulo,3550308,True,,63,,,-23.6455275,-46.746255500000004,,,,1,2023-06-17T17:58:56+00:00
SAO_6042-10,São Paulo,3550308,True,,1219,,,-23.660376499999998,-46.767345500000005,,,,1,2023-06-17T17:58:59+00:00
SAO_6042-10,São Paulo,3550308,True,,1219,,,-23.652858000000002,-46.724315,,,,1,2023-06-17T17:58:44+00:00
SAO_6042-10,São Paulo,3550308,True,,1219,,,-23.650515,-46.708068499999996,,,,1,2023-06-17T17:59:16+00:00
SAO_4035-10,São Paulo,3550308,True,,2560,,,-23.542741499999998,-46.470274,,,,1,2023-06-17T17:58:39+00:00
SAO_4035-10,São Paulo,3550308,True,,2560,,,-23.5441625,-46.4121875,,,,1,2023-06-17T17:59:02+00:00
SAO_6080-10,São Paulo,3550308,True,,1168,,,-23.738225999999997,-46.6922225,,,,1,2023-06-17T17:58:45+00:00
SAO_6080-10,São Paulo,3550308,True,,1168,,,-23.698259999999998,-46.700607500000004,,,,1,2023-06-17T17:59:16+00:00
SAO_6080-10,São Paulo,3550308,True,,1168,,,-23.7559325,-46.671024,,,,1,2023-06-17T17:59:01+00:00
SAO_6080-10,São Paulo,3550308,True,,1168,,,-23.678708,-46.673573,,,,1,2023-06-17T17:58:48+00:00
SAO_6080-10,São Paulo,3550308,True,,1168,,,-23.762193500000002,-46.673326,,,,1,2023-06-17T17:58:49+00:00
SAO_2023-10,São Paulo,3550308,True,,35028,,,-23.4801875,-46.607173,,,,2,2023-06-17T17:58:41+00:00
SAO_2023-10,São Paulo,3550308,True,,35028,,,-23.398296000000002,-46.577902,,,,2,2023-06-17T17:59:08+00:00
SAO_2023-10,São Paulo,3550308,True,,35028,,,-23.443286,-46.5951455,,,,2,2023-06-17T17:58:50+00:00
SAO_2023-10,São Paulo,3550308,True,,35028,,,-23.3988855,-46.5776345,,,,2,2023-06-17T17:59:08+00:00
SAO_748A-41,São Paulo,3550308,True,,33267,,,-23.5969165,-46.7683385,,,,2,2023-06-17T17:59:01+00:00
SAO_748A-41,São Paulo,3550308,True,,33267,,,-23.553489999999996,-46.74281275,,,,2,2023-06-17T17:58:57+00:00
SAO_574J-10,São Paulo,3550308,True,,1685,,,-23.58483075,-46.58689775,,,,1,2023-06-17T17:59:01+00:00
SAO_574J-10,São Paulo,3550308,True,,1685,,,-23.5713365,-46.525215,,,,1,2023-06-17T17:58:40+00:00
SAO_574J-10,São Paulo,3550308,True,,1685,,,-23.622329375,-46.604202,,,,1,2023-06-17T17:58:43+00:00
SAO_574J-10,São Paulo,3550308,True,,1685,,,-23.633249250000002,-46.64442137499999,,,,1,2023-06-17T17:58:45+00:00
SAO_574J-10,São Paulo,3550308,True,,1685,,,-23.567314,-46.5583695,,,,1,2023-06-17T17:59:09+00:00
SAO_574J-10,São Paulo,3550308,True,,1685,,,-23.636083499999998,-46.641462,,,,1,2023-06-17T17:58:59+00:00
SAO_675P-10,São Paulo,3550308,True,,33043,,,-23.6408175,-46.643728499999995,,,,2,2023-06-17T17:57:42+00:00
SAO_675P-10,São Paulo,3550308,True,,33043,,,-23.65260525,-46.6880745,,,,2,2023-06-17T17:58:20+00:00
SAO_675P-10,São Paulo,3550308,True,,33043,,,-23.645801499999997,-46.6450435,,,,2,2023-06-17T17:59:11+00:00
SAO_675P-10,São Paulo,3550308,True,,33043,,,-23.677098,-46.701800500000004,,,,2,2023-06-17T17:58:59+00:00
SAO_675P-10,São Paulo,3550308,True,,33043,,,-23.645801499999997,-46.6450435,,,,2,2023-06-17T17:59:01+00:00
SAO_179X-10,São Paulo,3550308,True,,33448,,,-23.466220625,-46.583831125,,,,2,2023-06-17T17:58:47+00:00
SAO_179X-10,São Paulo,3550308,True,,33448,,,-23.432215,-46.571414000000004,,,,2,2023-06-17T17:58:57+00:00
SAO_179X-10,São Paulo,3550308,True,,33448,,,-23.437635,-46.5759515,,,,2,2023-06-17T17:59:05+00:00
SAO_179X-10,São Paulo,3550308,True,,33448,,,-23.4930885,-46.607461,,,,2,2023-06-17T17:59:08+00:00
SAO_179X-10,São Paulo,3550308,True,,33448,,,-23.432447249999996,-46.57144625,,,,2,2023-06-17T17:59:00+00:00
SAO_179X-10,São Paulo,3550308,True,,33448,,,-23.526791,-46.63036124999999,,,,2,2023-06-17T17:58:49+00:00
SAO_4015-10,São Paulo,3550308,True,,34956,,,-23.611721000000003,-46.474964,,,,2,2023-06-17T17:58:43+00:00
SAO_4015-10,São Paulo,3550308,True,,34956,,,-23.6128775,-46.476433,,,,2,2023-06-17T17:59:07+00:00
SAO_917H-10,São Paulo,3550308,True,,33224,,,-23.566753687499997,-46.6499989375,,,,2,2023-06-17T17:58:56+00:00
SAO_917H-10,São Paulo,3550308,True,,33224,,,-23.485809500000002,-46.7462855,,,,2,2023-06-17T17:59:05+00:00
SAO_917H-10,São Paulo,3550308,True,,33224,,,-23.520730999999998,-46.75018,,,,2,2023-06-17T17:58:43+00:00
SAO_917H-10,São Paulo,3550308,True,,33224,,,-23.48722275,-46.726573,,,,2,2023-06-17T17:59:13+00:00
SAO_917H-10,São Paulo,3550308,True,,33224,,,-23.539997999999997,-46.7049815,,,,2,2023-06-17T17:59:08+00:00
SAO_847P-10,São Paulo,3550308,True,,423,,,-23.5447055,-46.6933205,,,,1,2023-06-17T17:58:55+00:00
SAO_847P-10,São Paulo,3550308,True,,423,,,-23.486366500000003,-46.726082,,,,1,2023-06-17T17:59:08+00:00
SAO_847P-10,São Paulo,3550308,True,,423,,,-23.486492,-46.725708499999996,,,,1,2023-06-17T17:58:55+00:00
SAO_847P-10,São Paulo,3550308,True,,423,,,-23.563143,-46.690856,,,,1,2023-06-17T17:58:53+00:00
SAO_847P-10,São Paulo,3550308,True,,423,,,-23.4861505,-46.7258785,,,,1,2023-06-17T17:59:04+00:00
SAO_847P-10,São Paulo,3550308,True,,423,,,-23.505803999999998,-46.706290499999994,,,,1,2023-06-17T17:59:13+00:00
SAO_847P-10,São Paulo,3550308,True,,423,,,-23.48629,-46.7260085,,,,1,2023-06-17T17:58:52+00:00
SAO_6056-10,São Paulo,3550308,True,,1147,,,-23.7374635,-46.697805,,,,1,2023-06-17T17:58:37+00:00
SAO_6056-10,São Paulo,3550308,True,,1147,,,-23.742642500000002,-46.701443499999996,,,,1,2023-06-17T17:58:47+00:00
SAO_6056-10,São Paulo,3550308,True,,1147,,,-23.76292425,-46.7047625,,,,1,2023-06-17T17:58:58+00:00
SAO_746R-10,São Paulo,3550308,True,,33558,,,-23.609506625,-46.707918125,,,,2,2023-06-17T17:58:52+00:00
SAO_746R-10,São Paulo,3550308,True,,33558,,,-23.6098715,-46.7052635,,,,2,2023-06-17T17:59:08+00:00
SAO_746R-10,São Paulo,3550308,True,,33558,,,-23.609197,-46.7043725,,,,2,2023-06-17T17:59:04+00:00
SAO_746R-10,São Paulo,3550308,True,,33558,,,-23.610664,-46.706013,,,,2,2023-06-17T17:59:05+00:00
SAO_746R-10,São Paulo,3550308,True,,33558,,,-23.654375,-46.714551,,,,2,2023-06-17T17:59:04+00:00
SAO_3053-10,São Paulo,3550308,True,,973,,,-23.544050749999997,-46.586432,,,,1,2023-06-17T17:58:43+00:00
SAO_3053-10,São Paulo,3550308,True,,973,,,-23.588394875,-46.49630725,,,,1,2023-06-17T17:58:38+00:00
SAO_3053-10,São Paulo,3550308,True,,973,,,-23.56371325,-46.561571375,,,,1,2023-06-17T17:58:23+00:00
SAO_3053-10,São Paulo,3550308,True,,973,,,-23.5821945,-46.5361005,,,,1,2023-06-17T17:57:47+00:00
SAO_6078-10,São Paulo,3550308,True,,33934,,,-23.741188,-46.6605715,,,,2,2023-06-17T17:59:11+00:00
SAO_6078-10,São Paulo,3550308,True,,33934,,,-23.7414065,-46.6603845,,,,2,2023-06-17T17:59:05+00:00
SAO_6078-10,São Paulo,3550308,True,,33934,,,-23.754741125000002,-46.672484125,,,,2,2023-06-17T17:58:34+00:00
SAO_6078-10,São Paulo,3550308,True,,33934,,,-23.741188,-46.6605715,,,,2,2023-06-17T17:59:12+00:00
SAO_6078-10,São Paulo,3550308,True,,33934,,,-23.691092375,-46.698085500000005,,,,2,2023-06-17T17:59:11+00:00
SAO_6078-10,São Paulo,3550308,True,,33934,,,-23.744446,-46.6905335,,,,2,2023-06-17T17:58:59+00:00
SAO_6078-10,São Paulo,3550308,True,,33934,,,-23.741188,-46.6605715,,,,2,2023-06-17T17:59:02+00:00
SAO_6078-10,São Paulo,3550308,True,,33934,,,-23.727758,-46.69934625,,,,2,2023-06-17T17:59:11+00:00
SAO_6043-10,São Paulo,3550308,True,,33988,,,-23.6532175,-46.74036099999999,,,,2,2023-06-17T17:59:13+00:00
SAO_6043-10,São Paulo,3550308,True,,33988,,,-23.65985575,-46.754189,,,,2,2023-06-17T17:59:03+00:00
SAO_6043-10,São Paulo,3550308,True,,33988,,,-23.65985575,-46.754189,,,,2,2023-06-17T17:59:16+00:00
SAO_775A-10,São Paulo,3550308,True,EMTU,473,https://moovitapp.com/index/pt-br/transporte_p%C3%BAblico-line-473-Sao_Paulo-242-2038937-36419509-0,7.55,-23.5626215,-46.764761,,,,1,2023-06-17T17:58:34+00:00
SAO_775A-10,São Paulo,3550308,True,EMTU,473,https://moovitapp.com/index/pt-br/transporte_p%C3%BAblico-line-473-Sao_Paulo-242-2038937-36419509-0,7.55,-23.562497999999998,-46.764742999999996,,,,1,2023-06-17T17:59:17+00:00
SAO_2201-10,São Paulo,3550308,True,,33677,,,-23.533054999999997,-46.39453999999999,,,,2,2023-06-17T17:58:49+00:00
SAO_2201-10,São Paulo,3550308,True,,33677,,,-23.532773499999998,-46.394621,,,,2,2023-06-17T17:59:09+00:00
SAO_2201-10,São Paulo,3550308,True,,33677,,,-23.5324795,-46.3946915,,,,2,2023-06-17T17:58:15+00:00
SAO_2201-10,São Paulo,3550308,True,,33677,,,-23.5390525,-46.4079415,,,,2,2023-06-17T17:58:08+00:00
SAO_4114-10,São Paulo,3550308,True,,33089,,,-23.611375000000002,-46.62250025,,,,2,2023-06-17T17:58:44+00:00
SAO_938P-10,São Paulo,3550308,True,,33656,,,-23.4676795,-46.680904999999996,,,,2,2023-06-17T17:59:07+00:00
SAO_938P-10,São Paulo,3550308,True,,33656,,,-23.462844,-46.6814335,,,,2,2023-06-17T17:59:09+00:00
SAO_938P-10,São Paulo,3550308,True,,33656,,,-23.515402,-46.69489875000001,,,,2,2023-06-17T17:59:06+00:00
SAO_938P-10,São Paulo,3550308,True,,33656,,,-23.463069,-46.6814145,,,,2,2023-06-17T17:59:01+00:00
SAO_778J-41,São Paulo,3550308,True,,1486,,,-23.5861085,-46.802381,,,,1,2023-06-17T17:59:17+00:00
SAO_778J-41,São Paulo,3550308,True,,1486,,,-23.526614000000002,-46.668097,,,,1,2023-06-17T17:58:50+00:00
SAO_778J-41,São Paulo,3550308,True,,1486,,,-23.5331925,-46.674949,,,,1,2023-06-17T17:58:41+00:00
SAO_778J-41,São Paulo,3550308,True,,1486,,,-23.585532999999998,-46.8056635,,,,1,2023-06-17T17:58:56+00:00
SAO_6030-10,São Paulo,3550308,True,,33910,,,-23.732105,-46.706808499999994,,,,2,2023-06-17T17:58:48+00:00
SAO_6030-10,São Paulo,3550308,True,,33910,,,-23.717411,-46.6993415,,,,2,2023-06-17T17:59:07+00:00
SAO_6030-10,São Paulo,3550308,True,,33910,,,-23.653945999999998,-46.711372,,,,2,2023-06-17T17:58:48+00:00
SAO_6030-10,São Paulo,3550308,True,,33910,,,-23.6539085,-46.71104,,,,2,2023-06-17T17:59:16+00:00
SAO_6030-10,São Paulo,3550308,True,,33910,,,-23.7189155,-46.7047865,,,,2,2023-06-17T17:58:46+00:00
SAO_6030-10,São Paulo,3550308,True,,33910,,,-23.68360025,-46.69271275,,,,2,2023-06-17T17:59:17+00:00
SAO_6030-10,São Paulo,3550308,True,,33910,,,-23.737641,-46.7047985,,,,2,2023-06-17T17:59:05+00:00
SAO_2076-10,São Paulo,3550308,True,,33136,,,-23.5102575,-46.506122500000004,,,,2,2023-06-17T17:58:44+00:00
SAO_2076-10,São Paulo,3550308,True,,33136,,,-23.49475125,-46.378811750000004,,,,2,2023-06-17T17:58:35+00:00
SAO_2076-10,São Paulo,3550308,True,,33136,,,-23.523039249999997,-46.542952,,,,2,2023-06-17T17:58:13+00:00
SAO_2076-10,São Paulo,3550308,True,,33136,,,-23.4831405,-46.4700165,,,,2,2023-06-17T17:58:53+00:00
SAO_605A-10,São Paulo,3550308,True,,35290,,,-23.6494365,-46.6320625,,,,2,2023-06-17T17:59:10+00:00
SAO_605A-10,São Paulo,3550308,True,,35290,,,-23.6460285,-46.640586,,,,2,2023-06-17T17:56:19+00:00
SAO_6820-31,São Paulo,3550308,True,,1406,,,-23.659633,-46.7687415,,,,1,2023-06-17T17:58:42+00:00
SAO_9500-10,São Paulo,3550308,True,,33229,,,-23.4742495,-46.669781,,,,2,2023-06-17T17:59:16+00:00
SAO_9500-10,São Paulo,3550308,True,,33229,,,-23.50468325,-46.67281975,,,,2,2023-06-17T17:58:57+00:00
SAO_9500-10,São Paulo,3550308,True,,33229,,,-23.52196825,-46.663425000000004,,,,2,2023-06-17T17:59:07+00:00
SAO_1786-10,São Paulo,3550308,True,,33417,,,-23.5024515,-46.62368,,,,2,2023-06-17T17:58:11+00:00
SAO_1786-10,São Paulo,3550308,True,,33417,,,-23.450523999999998,-46.61116475,,,,2,2023-06-17T17:58:48+00:00
SAO_1786-10,São Paulo,3550308,True,,33417,,,-23.446623,-46.612751,,,,2,2023-06-17T17:58:45+00:00
SAO_7282-10,São Paulo,3550308,True,,471,,,-23.52725,-46.734348999999995,,,,1,2023-06-17T17:59:13+00:00
SAO_7282-10,São Paulo,3550308,True,,471,,,-23.547646999999998,-46.760248000000004,,,,1,2023-06-17T17:58:36+00:00
SAO_6726-10,São Paulo,3550308,True,,33961,,,-23.7530775,-46.6846825,,,,2,2023-06-17T17:58:52+00:00
SAO_6726-10,São Paulo,3550308,True,,33961,,,-23.7417285,-46.669328,,,,2,2023-06-17T17:58:54+00:00
SAO_3735-41,São Paulo,3550308,True,,34688,,,-23.541107,-46.4847105,,,,2,2023-06-17T17:58:39+00:00
SAO_7903-10,São Paulo,3550308,True,,33280,,,-23.5477705,-46.641587,,,,2,2023-06-17T17:58:46+00:00
SAO_7903-10,São Paulo,3550308,True,,33280,,,-23.5754325,-46.7176135,,,,2,2023-06-17T17:58:36+00:00
SAO_7903-10,São Paulo,3550308,True,,33280,,,-23.5473645,-46.639769,,,,2,2023-06-17T17:58:38+00:00
SAO_7903-10,São Paulo,3550308,True,,33280,,,-23.602629999999998,-46.7893595,,,,2,2023-06-17T17:58:49+00:00
SAO_1720-10,São Paulo,3550308,True,,863,,,-23.4609905,-46.615545,,,,1,2023-06-17T17:58:42+00:00
SAO_1720-10,São Paulo,3550308,True,,863,,,-23.48228375,-46.5737015,,,,1,2023-06-17T17:55:58+00:00
SAO_1720-10,São Paulo,3550308,True,,863,,,-23.481364,-46.597455249999996,,,,1,2023-06-17T17:59:04+00:00
SAO_1720-10,São Paulo,3550308,True,,863,,,-23.4583015,-46.6150785,,,,1,2023-06-17T17:58:42+00:00
SAO_1720-10,São Paulo,3550308,True,,863,,,-23.480636,-46.6059255,,,,1,2023-06-17T17:59:10+00:00
SAO_1720-10,São Paulo,3550308,True,,863,,,-23.48940375,-46.57123325,,,,1,2023-06-17T17:58:55+00:00
SAO_5108-10,São Paulo,3550308,True,,34443,,,-23.650326,-46.614008999999996,,,,2,2023-06-17T17:58:59+00:00
SAO_5108-10,São Paulo,3550308,True,,34443,,,-23.6178485,-46.618297,,,,2,2023-06-17T17:59:00+00:00
SAO_5108-10,São Paulo,3550308,True,,34443,,,-23.66302925,-46.6197265,,,,2,2023-06-17T17:58:52+00:00
SAO_5108-10,São Paulo,3550308,True,,34443,,,-23.567805749999998,-46.612582,,,,2,2023-06-17T17:59:08+00:00
SAO_6058-10,São Paulo,3550308,True,,33917,,,-23.769851000000003,-46.676743,,,,2,2023-06-17T17:58:52+00:00
SAO_6058-10,São Paulo,3550308,True,,33917,,,-23.769588,-46.6772535,,,,2,2023-06-17T17:58:39+00:00
SAO_6058-10,São Paulo,3550308,True,,33917,,,-23.769851000000003,-46.676743,,,,2,2023-06-17T17:58:56+00:00
SAO_6058-10,São Paulo,3550308,True,,33917,,,-23.7671035,-46.69091,,,,2,2023-06-17T17:58:53+00:00
SAO_4735-10,São Paulo,3550308,True,,1110,,,-23.614929,-46.4703365,,,,1,2023-06-17T17:58:54+00:00
SAO_4735-10,São Paulo,3550308,True,,1110,,,-23.6120385,-46.4736475,,,,1,2023-06-17T17:58:59+00:00
SAO_2732-10,São Paulo,3550308,True,,947,,,-23.5365545,-46.469376249999996,,,,1,2023-06-17T17:59:05+00:00
SAO_271A-51,São Paulo,3550308,True,,33471,,,-23.508029999999998,-46.535542500000005,,,,2,2023-06-17T17:58:58+00:00
SAO_271A-51,São Paulo,3550308,True,,33471,,,-23.50225,-46.623670000000004,,,,2,2023-06-17T17:58:53+00:00
SAO_271A-51,São Paulo,3550308,True,,33471,,,-23.491212500000003,-46.585395000000005,,,,2,2023-06-17T17:58:41+00:00
SAO_2710-10,São Paulo,3550308,True,,924,,,-23.516633499999998,-46.490055999999996,,,,1,2023-06-17T17:59:13+00:00
SAO_637R-10,São Paulo,3550308,True,,32964,,,-23.676606,-46.757901000000004,,,,2,2023-06-17T17:58:58+00:00
SAO_637R-10,São Paulo,3550308,True,,32964,,,-23.719981500000003,-46.769767374999994,,,,2,2023-06-17T17:58:59+00:00
SAO_637R-10,São Paulo,3550308,True,,32964,,,-23.71945075,-46.768851749999996,,,,2,2023-06-17T17:59:11+00:00
SAO_637R-10,São Paulo,3550308,True,,32964,,,-23.719750500000004,-46.769661125,,,,2,2023-06-17T17:59:03+00:00
SAO_637R-10,São Paulo,3550308,True,,32964,,,-23.666209374999998,-46.717598249999995,,,,2,2023-06-17T17:57:02+00:00
SAO_637R-10,São Paulo,3550308,True,,32964,,,-23.71969,-46.7694645,,,,2,2023-06-17T17:58:39+00:00
SAO_971X-10,São Paulo,3550308,True,,1695,,,-23.4823775,-46.6547675,,,,1,2023-06-17T17:58:51+00:00
SAO_971X-10,São Paulo,3550308,True,,1695,,,-23.4747695,-46.669715,,,,1,2023-06-17T17:58:52+00:00
SAO_971X-10,São Paulo,3550308,True,,1695,,,-23.4747695,-46.669715,,,,1,2023-06-17T17:59:04+00:00
SAO_971X-10,São Paulo,3550308,True,,1695,,,-23.4998475,-46.637671999999995,,,,1,2023-06-17T17:58:47+00:00
SAO_978J-10,São Paulo,3550308,True,,33359,,,-23.436899500000003,-46.739963,,,,2,2023-06-17T17:59:13+00:00
SAO_978J-10,São Paulo,3550308,True,,33359,,,-23.453826499999998,-46.7194135,,,,2,2023-06-17T17:58:55+00:00
SAO_6048-10,São Paulo,3550308,True,BR7 Mobilidade,56,https://moovitapp.com/index/pt-br/transporte_p%C3%BAblico-line-56-Sao_Paulo-242-851856-518592-0,5.75,-23.6805215,-46.769168500000006,,,,1,2023-06-17T17:59:18+00:00
SAO_6048-10,São Paulo,3550308,True,BR7 Mobilidade,56,https://moovitapp.com/index/pt-br/transporte_p%C3%BAblico-line-56-Sao_Paulo-242-851856-518592-0,5.75,-23.64951,-46.7071935,,,,1,2023-06-17T17:58:49+00:00
SAO_6048-10,São Paulo,3550308,True,BR7 Mobilidade,56,https://moovitapp.com/index/pt-br/transporte_p%C3%BAblico-line-56-Sao_Paulo-242-851856-518592-0,5.75,-23.658084,-46.76473575,,,,1,2023-06-17T17:59:09+00:00
SAO_6055-10,São Paulo,3550308,True,,33914,,,-23.716895,-46.699312750000004,,,,2,2023-06-17T17:58:39+00:00
SAO_6055-10,São Paulo,3550308,True,,33914,,,-23.754704,-46.709073000000004,,,,2,2023-06-17T17:59:09+00:00
SAO_6055-10,São Paulo,3550308,True,,33914,,,-23.743973750000002,-46.699783249999996,,,,2,2023-06-17T17:58:41+00:00
SAO_6055-10,São Paulo,3550308,True,,33914,,,-23.6845445,-46.692333000000005,,,,2,2023-06-17T17:59:01+00:00
SAO_807M-10,São Paulo,3550308,True,,34684,,,-23.631797499999998,-46.7719915,,,,2,2023-06-17T17:58:50+00:00
SAO_807M-10,São Paulo,3550308,True,,34684,,,-23.6212585,-46.745376500000006,,,,2,2023-06-17T17:58:35+00:00
SAO_807M-10,São Paulo,3550308,True,,34684,,,-23.631797499999998,-46.7719915,,,,2,2023-06-17T17:58:53+00:00
SAO_807M-10,São Paulo,3550308,True,,34684,,,-23.61994025,-46.69403425,,,,2,2023-06-17T17:58:54+00:00
SAO_807M-10,São Paulo,3550308,True,,34684,,,-23.631797499999998,-46.7719915,,,,2,2023-06-17T17:58:59+00:00
SAO_807M-10,São Paulo,3550308,True,,34684,,,-23.6154705,-46.7401805,,,,2,2023-06-17T17:59:14+00:00
SAO_807M-10,São Paulo,3550308,True,,34684,,,-23.6196075,-46.698184,,,,2,2023-06-17T17:59:10+00:00
SAO_9500-10,São Paulo,3550308,True,EMTU,461,https://moovitapp.com/index/pt-br/transporte_p%C3%BAblico-line-461-Sao_Paulo-242-2038937-36419501-0,5.1,-23.474427,-46.669637,,,,1,2023-06-17T17:58:41+00:00
SAO_9500-10,São Paulo,3550308,True,EMTU,461,https://moovitapp.com/index/pt-br/transporte_p%C3%BAblico-line-461-Sao_Paulo-242-2038937-36419501-0,5.1,-23.507158750000002,-46.67135625,,,,1,2023-06-17T17:58:38+00:00
SAO_9500-10,São Paulo,3550308,True,EMTU,461,https://moovitapp.com/index/pt-br/transporte_p%C3%BAblico-line-461-Sao_Paulo-242-2038937-36419501-0,5.1,-23.53906225,-46.640638,,,,1,2023-06-17T17:58:36+00:00
SAO_9500-10,São Paulo,3550308,True,EMTU,461,https://moovitapp.com/index/pt-br/transporte_p%C3%BAblico-line-461-Sao_Paulo-242-2038937-36419501-0,5.1,-23.4908665,-46.6758365,,,,1,2023-06-17T17:59:00+00:00
SAO_351F-10,São Paulo,3550308,True,,687,,,-23.478817499999998,-46.572841499999996,,,,1,2023-06-17T17:59:13+00:00
SAO_351F-10,São Paulo,3550308,True,,687,,,-23.461732,-46.5828865,,,,1,2023-06-17T17:58:38+00:00
SAO_351F-10,São Paulo,3550308,True,,687,,,-23.461732,-46.5828865,,,,1,2023-06-17T17:58:26+00:00
SAO_351F-10,São Paulo,3550308,True,,687,,,-23.573301999999998,-46.5276355,,,,1,2023-06-17T17:59:03+00:00
SAO_351F-10,São Paulo,3550308,True,,687,,,-23.54830225,-46.563432500000005,,,,1,2023-06-17T17:57:55+00:00
SAO_351F-10,São Paulo,3550308,True,,687,,,-23.524451250000002,-46.59457875,,,,1,2023-06-17T17:59:01+00:00
SAO_637V-10,São Paulo,3550308,True,,32872,,,-23.6834225,-46.71018375,,,,2,2023-06-17T17:59:00+00:00
SAO_637V-10,São Paulo,3550308,True,,32872,,,-23.6558075,-46.707770999999994,,,,2,2023-06-17T17:58:48+00:00
SAO_637V-10,São Paulo,3550308,True,,32872,,,-23.726286,-46.6859945,,,,2,2023-06-17T17:59:16+00:00
SAO_573T-10,São Paulo,3550308,True,,34400,,,-23.587206,-46.49083125,,,,2,2023-06-17T17:59:00+00:00
SAO_573T-10,São Paulo,3550308,True,,34400,,,-23.5577185,-46.5233075,,,,2,2023-06-17T17:58:46+00:00
SAO_573T-10,São Paulo,3550308,True,,34400,,,-23.542583,-46.54966025,,,,2,2023-06-17T17:59:12+00:00
SAO_573T-10,São Paulo,3550308,True,,34400,,,-23.614441499999998,-46.500118,,,,2,2023-06-17T17:59:17+00:00
SAO_573T-10,São Paulo,3550308,True,,34400,,,-23.614441499999998,-46.500118,,,,2,2023-06-17T17:58:58+00:00
SAO_573T-10,São Paulo,3550308,True,,34400,,,-23.614496,-46.500415000000004,,,,2,2023-06-17T17:59:04+00:00
SAO_2033-10,São Paulo,3550308,True,,2499,,,-23.497806,-46.572927,,,,1,2023-06-17T17:55:51+00:00
SAO_2033-10,São Paulo,3550308,True,,2499,,,-23.515762625,-46.61184575,,,,1,2023-06-17T17:59:05+00:00
SAO_273N-10,São Paulo,3550308,True,EMTU,390,https://moovitapp.com/index/pt-br/transporte_p%C3%BAblico-line-390-Sao_Paulo-242-2038937-36419459-0,5.45,-23.515555499999998,-46.4851265,,,,1,2023-06-17T17:58:42+00:00
SAO_273N-10,São Paulo,3550308,True,EMTU,390,https://moovitapp.com/index/pt-br/transporte_p%C3%BAblico-line-390-Sao_Paulo-242-2038937-36419459-0,5.45,-23.5112645,-46.431642,,,,1,2023-06-17T17:54:19+00:00
SAO_273N-10,São Paulo,3550308,True,EMTU,390,https://moovitapp.com/index/pt-br/transporte_p%C3%BAblico-line-390-Sao_Paulo-242-2038937-36419459-0,5.45,-23.504757,-46.369820375,,,,1,2023-06-17T17:57:31+00:00
SAO_273N-10,São Paulo,3550308,True,EMTU,390,https://moovitapp.com/index/pt-br/transporte_p%C3%BAblico-line-390-Sao_Paulo-242-2038937-36419459-0,5.45,-23.53089975,-46.5278395,,,,1,2023-06-17T17:58:40+00:00
SAO_5154-10,São Paulo,3550308,True,,33121,,,-23.6515685,-46.7110445,,,,2,2023-06-17T17:58:39+00:00
SAO_5154-10,São Paulo,3550308,True,,33121,,,-23.613400249999998,-46.679373999999996,,,,2,2023-06-17T17:59:10+00:00
SAO_5154-10,São Paulo,3550308,True,,33121,,,-23.564806125,-46.647083,,,,2,2023-06-17T17:58:46+00:00
SAO_5154-10,São Paulo,3550308,True,,33121,,,-23.6118685,-46.68129175,,,,2,2023-06-17T17:58:59+00:00
SAO_5154-10,São Paulo,3550308,True,,33121,,,-23.653271750000002,-46.717008375000006,,,,2,2023-06-17T17:59:11+00:00
SAO_5154-10,São Paulo,3550308,True,,33121,,,-23.654868999999998,-46.715183874999994,,,,2,2023-06-17T17:59:05+00:00
SAO_8004-10,São Paulo,3550308,True,,34022,,,-23.479198,-46.747557,,,,2,2023-06-17T17:58:33+00:00
SAO_8004-10,São Paulo,3550308,True,,34022,,,-23.47043,-46.752005999999994,,,,2,2023-06-17T17:59:04+00:00
SAO_3010-10,São Paulo,3550308,True,,2543,,,-23.51420925,-46.4523685,,,,1,2023-06-17T17:59:11+00:00
SAO_3010-10,São Paulo,3550308,True,,2543,,,-23.510495499999998,-46.4462745,,,,1,2023-06-17T17:59:06+00:00
SAO_6041-10,São Paulo,3550308,True,,1218,,,-23.6440495,-46.7252575,,,,1,2023-06-17T17:59:12+00:00
SAO_6041-10,São Paulo,3550308,True,,1218,,,-23.658084,-46.76473575,,,,1,2023-06-17T17:58:56+00:00
SAO_6041-10,São Paulo,3550308,True,,1218,,,-23.6779205,-46.776494,,,,1,2023-06-17T17:58:54+00:00
SAO_271M-10,São Paulo,3550308,True,,33452,,,-23.504462999999998,-46.61211875000001,,,,2,2023-06-17T17:57:56+00:00
SAO_271M-10,São Paulo,3550308,True,,33452,,,-23.512197999999998,-46.563227499999996,,,,2,2023-06-17T17:58:53+00:00
SAO_271M-10,São Paulo,3550308,True,,33452,,,-23.5120595,-46.5631845,,,,2,2023-06-17T17:59:05+00:00
SAO_271M-10,São Paulo,3550308,True,,33452,,,-23.511872,-46.563117500000004,,,,2,2023-06-17T17:59:16+00:00
SAO_271M-10,São Paulo,3550308,True,,33452,,,-23.504783500000002,-46.572897499999996,,,,2,2023-06-17T17:59:13+00:00
SAO_5129-41,São Paulo,3550308,True,,34742,,,-23.65280525,-46.680805750000005,,,,2,2023-06-17T17:59:01+00:00
SAO_5129-41,São Paulo,3550308,True,,34742,,,-23.645107,-46.673094750000004,,,,2,2023-06-17T17:58:49+00:00
SAO_5129-41,São Paulo,3550308,True,,34742,,,-23.682443,-46.6377135,,,,2,2023-06-17T17:58:54+00:00
SAO_5129-41,São Paulo,3550308,True,,34742,,,-23.68026475,-46.63590725,,,,2,2023-06-17T17:58:50+00:00
SAO_5129-41,São Paulo,3550308,True,,34742,,,-23.6795345,-46.6401085,,,,2,2023-06-17T17:58:54+00:00
SAO_5020-10,São Paulo,3550308,True,,34438,,,-23.5989925,-46.60508725,,,,2,2023-06-17T17:58:42+00:00
SAO_5020-10,São Paulo,3550308,True,,34438,,,-23.609996,-46.592488375,,,,2,2023-06-17T17:59:04+00:00
SAO_5020-10,São Paulo,3550308,True,,34438,,,-23.6102245,-46.59347325,,,,2,2023-06-17T17:59:15+00:00
SAO_2715-10,São Paulo,3550308,True,,33696,,,-23.514140249999997,-46.500502,,,,2,2023-06-17T17:58:02+00:00
SAO_2715-10,São Paulo,3550308,True,,33696,,,-23.4980505,-46.503099,,,,2,2023-06-17T17:58:41+00:00
SAO_2678-10,São Paulo,3550308,True,,33151,,,-23.539515625,-46.60960075,,,,2,2023-06-17T17:58:58+00:00
SAO_2678-10,São Paulo,3550308,True,,33151,,,-23.512256999999998,-46.512705,,,,2,2023-06-17T17:58:37+00:00
SAO_2678-10,São Paulo,3550308,True,,33151,,,-23.4980715,-46.45881025,,,,2,2023-06-17T17:58:54+00:00
SAO_2678-10,São Paulo,3550308,True,,33151,,,-23.4992725,-46.38611725,,,,2,2023-06-17T17:59:05+00:00
SAO_2678-10,São Paulo,3550308,True,,33151,,,-23.4941295,-46.3767385,,,,2,2023-06-17T17:58:50+00:00
SAO_2678-10,São Paulo,3550308,True,,33151,,,-23.494611749999997,-46.414021250000005,,,,2,2023-06-17T17:59:17+00:00
SAO_3301-10,São Paulo,3550308,True,,1618,,,-23.5456715,-46.630392,,,,1,2023-06-17T17:59:02+00:00
SAO_3301-10,São Paulo,3550308,True,,1618,,,-23.49263275,-46.43716875,,,,1,2023-06-17T17:55:18+00:00
SAO_3301-10,São Paulo,3550308,True,,1618,,,-23.5086175,-46.494797,,,,1,2023-06-17T17:59:11+00:00
SAO_5032-10,São Paulo,3550308,True,,1662,,,-23.601533,-46.60274700000001,,,,1,2023-06-17T17:59:15+00:00
SAO_5032-10,São Paulo,3550308,True,,1662,,,-23.6010755,-46.587044125,,,,1,2023-06-17T17:58:36+00:00
SAO_5032-10,São Paulo,3550308,True,,1662,,,-23.6283925,-46.590581,,,,1,2023-06-17T17:59:09+00:00
SAO_2007-10,São Paulo,3550308,True,,33664,,,-23.5098355,-46.370437249999995,,,,2,2023-06-17T17:58:19+00:00
SAO_2007-10,São Paulo,3550308,True,,33664,,,-23.510008749999997,-46.3703235,,,,2,2023-06-17T17:58:00+00:00
SAO_2007-10,São Paulo,3550308,True,,33664,,,-23.496409,-46.4013475,,,,2,2023-06-17T17:59:04+00:00
SAO_2007-10,São Paulo,3550308,True,,33664,,,-23.501832999999998,-46.3846645,,,,2,2023-06-17T17:58:52+00:00
SAO_5164-21,São Paulo,3550308,True,,1616,,,-23.608787999999997,-46.6377915,,,,1,2023-06-17T17:58:42+00:00
SAO_5164-21,São Paulo,3550308,True,,1616,,,-23.646229499999997,-46.646701500000006,,,,1,2023-06-17T17:56:18+00:00
SAO_5164-21,São Paulo,3550308,True,,1616,,,-23.642232749999998,-46.655570499999996,,,,1,2023-06-17T17:59:00+00:00
SAO_8528-10,São Paulo,3550308,True,,33343,,,-23.4615645,-46.69032075,,,,2,2023-06-17T17:58:55+00:00
SAO_8528-10,São Paulo,3550308,True,,33343,,,-23.46596,-46.699267500000005,,,,2,2023-06-17T17:58:30+00:00
SAO_8528-10,São Paulo,3550308,True,,33343,,,-23.5422395,-46.636115000000004,,,,2,2023-06-17T17:58:53+00:00
SAO_8528-10,São Paulo,3550308,True,,33343,,,-23.518080500000003,-46.67824424999999,,,,2,2023-06-17T17:58:56+00:00
SAO_407H-10,São Paulo,3550308,True,,34965,,,-23.630965500000002,-46.4467205,,,,2,2023-06-17T17:59:04+00:00
SAO_407H-10,São Paulo,3550308,True,,34965,,,-23.631637499999997,-46.44689875,,,,2,2023-06-17T17:59:11+00:00
SAO_407H-10,São Paulo,3550308,True,,34965,,,-23.56620175,-46.4666585,,,,2,2023-06-17T17:59:07+00:00
SAO_407H-10,São Paulo,3550308,True,,34965,,,-23.601544,-46.451852,,,,2,2023-06-17T17:59:03+00:00
SAO_407H-10,São Paulo,3550308,True,,34965,,,-23.6309805,-46.4468875,,,,2,2023-06-17T17:58:39+00:00
SAO_407H-10,São Paulo,3550308,True,,34965,,,-23.57627425,-46.44435325,,,,2,2023-06-17T17:59:12+00:00
SAO_6505-10,São Paulo,3550308,True,,34218,,,-23.63886875,-46.697340375,,,,2,2023-06-17T17:59:09+00:00
SAO_6505-10,São Paulo,3550308,True,,34218,,,-23.5603275,-46.6551405,,,,2,2023-06-17T17:58:57+00:00
SAO_6505-10,São Paulo,3550308,True,,34218,,,-23.596951,-46.6738295,,,,2,2023-06-17T17:58:54+00:00
SAO_6505-10,São Paulo,3550308,True,,34218,,,-23.6630835,-46.707423000000006,,,,2,2023-06-17T17:58:53+00:00
SAO_6505-10,São Paulo,3550308,True,,34218,,,-23.668594499999998,-46.7355085,,,,2,2023-06-17T17:59:09+00:00
SAO_407R-10,São Paulo,3550308,True,,2201,,,-23.5673605,-46.542109999999994,,,,1,2023-06-17T17:58:41+00:00
SAO_407R-10,São Paulo,3550308,True,,2201,,,-23.546960499999997,-46.583724875,,,,1,2023-06-17T17:59:02+00:00
SAO_407R-10,São Paulo,3550308,True,,2201,,,-23.558462,-46.5226175,,,,1,2023-06-17T17:58:48+00:00
SAO_5128-10,São Paulo,3550308,True,,33896,,,-23.703937500000002,-46.640801499999995,,,,2,2023-06-17T17:57:39+00:00
SAO_5128-10,São Paulo,3550308,True,,33896,,,-23.687653,-46.641932,,,,2,2023-06-17T17:58:30+00:00
SAO_5128-10,São Paulo,3550308,True,,33896,,,-23.688808,-46.643223,,,,2,2023-06-17T17:58:49+00:00
SAO_5128-10,São Paulo,3550308,True,,33896,,,-23.7127065,-46.6521065,,,,2,2023-06-17T17:58:51+00:00
SAO_5128-10,São Paulo,3550308,True,,33896,,,-23.7122905,-46.651968499999995,,,,2,2023-06-17T17:58:49+00:00
SAO_8615-10,São Paulo,3550308,True,,1339,,,-23.533794999999998,-46.723917,,,,1,2023-06-17T17:59:06+00:00
SAO_8615-10,São Paulo,3550308,True,,1339,,,-23.5249795,-46.689600625,,,,1,2023-06-17T17:58:46+00:00
SAO_8615-10,São Paulo,3550308,True,,1339,,,-23.5499795,-46.634563,,,,1,2023-06-17T17:58:46+00:00
SAO_8006-10,São Paulo,3550308,True,,34024,,,-23.4479275,-46.721939500000005,,,,2,2023-06-17T17:58:53+00:00
SAO_8006-10,São Paulo,3550308,True,,34024,,,-23.432887,-46.7297695,,,,2,2023-06-17T17:58:57+00:00
SAO_6115-10,São Paulo,3550308,True,,1185,,,-23.754685625,-46.674394125,,,,1,2023-06-17T17:59:16+00:00
SAO_6115-10,São Paulo,3550308,True,,1185,,,-23.742619249999997,-46.660379999999996,,,,1,2023-06-17T17:59:06+00:00
SAO_6115-10,São Paulo,3550308,True,,1185,,,-23.736116000000003,-46.6964145,,,,1,2023-06-17T17:59:06+00:00
SAO_6115-10,São Paulo,3550308,True,,1185,,,-23.7410455,-46.69155675,,,,1,2023-06-17T17:59:09+00:00
SAO_7012-10,São Paulo,3550308,True,,34811,,,-23.714484,-46.7775065,,,,2,2023-06-17T17:58:44+00:00
SAO_7012-10,São Paulo,3550308,True,,34811,,,-23.6870885,-46.7715025,,,,2,2023-06-17T17:58:56+00:00
SAO_7012-10,São Paulo,3550308,True,,34811,,,-23.7103945,-46.77583224999999,,,,2,2023-06-17T17:59:13+00:00
SAO_7012-10,São Paulo,3550308,True,,34811,,,-23.669655,-46.7366765,,,,2,2023-06-17T17:58:49+00:00
SAO_6015-10,São Paulo,3550308,True,,33973,,,-23.677557999999998,-46.7619,,,,2,2023-06-17T17:59:09+00:00
SAO_6015-10,São Paulo,3550308,True,,33973,,,-23.737433125000003,-46.789553625,,,,2,2023-06-17T17:59:06+00:00
SAO_6015-10,São Paulo,3550308,True,,33973,,,-23.644049000000003,-46.701765,,,,2,2023-06-17T17:59:15+00:00
SAO_6015-10,São Paulo,3550308,True,,33973,,,-23.729893,-46.785934999999995,,,,2,2023-06-17T17:58:58+00:00
SAO_6015-10,São Paulo,3550308,True,,33973,,,-23.7065485,-46.7843755,,,,2,2023-06-17T17:59:15+00:00
SAO_6015-10,São Paulo,3550308,True,,33973,,,-23.718152,-46.7843545,,,,2,2023-06-17T17:58:48+00:00
SAO_6015-10,São Paulo,3550308,True,,33973,,,-23.6755615,-46.75482325,,,,2,2023-06-17T17:59:18+00:00
SAO_1732-10,São Paulo,3550308,True,,33439,,,-23.53891,-46.648267000000004,,,,2,2023-06-17T17:58:47+00:00
SAO_1732-10,São Paulo,3550308,True,,33439,,,-23.487143500000002,-46.57385,,,,2,2023-06-17T17:58:51+00:00
SAO_1732-10,São Paulo,3550308,True,,33439,,,-23.487271,-46.5741175,,,,2,2023-06-17T17:58:32+00:00
SAO_1732-10,São Paulo,3550308,True,,33439,,,-23.500983124999998,-46.622532500000005,,,,2,2023-06-17T17:58:47+00:00
SAO_1732-10,São Paulo,3550308,True,,33439,,,-23.479228749999997,-46.578548500000004,,,,2,2023-06-17T17:56:14+00:00
SAO_7023-10,São Paulo,3550308,True,,2152,,,-23.6540015,-46.708521000000005,,,,1,2023-06-17T17:58:54+00:00
SAO_7023-10,São Paulo,3550308,True,,2152,,,-23.691074,-46.76053,,,,1,2023-06-17T17:57:07+00:00
SAO_7023-10,São Paulo,3550308,True,,2152,,,-23.6703765,-46.734385,,,,1,2023-06-17T17:59:06+00:00
SAO_8705-10,São Paulo,3550308,True,,34840,,,-23.572149500000002,-46.7223695,,,,2,2023-06-17T17:58:58+00:00
SAO_8705-10,São Paulo,3550308,True,,34840,,,-23.547785,-46.759952,,,,2,2023-06-17T17:58:51+00:00
SAO_8705-10,São Paulo,3550308,True,,34840,,,-23.547321,-46.7604965,,,,2,2023-06-17T17:58:36+00:00
SAO_8705-10,São Paulo,3550308,True,,34840,,,-23.547321,-46.7604965,,,,2,2023-06-17T17:59:09+00:00
SAO_8705-10,São Paulo,3550308,True,,34840,,,-23.55085125,-46.757824,,,,2,2023-06-17T17:59:08+00:00
SAO_8705-10,São Paulo,3550308,True,,34840,,,-23.547628500000002,-46.6409075,,,,2,2023-06-17T17:58:38+00:00
SAO_5370-10,São Paulo,3550308,True,,34210,,,-23.702490625,-46.701837375,,,,2,2023-06-17T17:59:00+00:00
SAO_5370-10,São Paulo,3550308,True,,34210,,,-23.669546500000003,-46.714390374999994,,,,2,2023-06-17T17:59:08+00:00
SAO_5370-10,São Paulo,3550308,True,,34210,,,-23.572032375000003,-46.641120625,,,,2,2023-06-17T17:59:02+00:00
SAO_5370-10,São Paulo,3550308,True,,34210,,,-23.551356,-46.637087,,,,2,2023-06-17T17:58:50+00:00
SAO_5370-10,São Paulo,3550308,True,,34210,,,-23.551356,-46.637087,,,,2,2023-06-17T17:59:09+00:00
SAO_5370-10,São Paulo,3550308,True,,34210,,,-23.608076625000002,-46.666523624999996,,,,2,2023-06-17T17:59:08+00:00
SAO_5370-10,São Paulo,3550308,True,,34210,,,-23.737882,-46.7001675,,,,2,2023-06-17T17:58:48+00:00
SAO_5370-10,São Paulo,3550308,True,,34210,,,-23.644843,-46.701825625,,,,2,2023-06-17T17:59:11+00:00
SAO_5370-10,São Paulo,3550308,True,,34210,,,-23.767440999999998,-46.716431,,,,2,2023-06-17T17:53:54+00:00
SAO_647P-10,São Paulo,3550308,True,,34084,,,-23.6459005,-46.730048,,,,2,2023-06-17T17:58:38+00:00
SAO_647P-10,São Paulo,3550308,True,,34084,,,-23.674748,-46.78398249999999,,,,2,2023-06-17T17:58:55+00:00
SAO_647P-10,São Paulo,3550308,True,,34084,,,-23.60358225,-46.7122065,,,,2,2023-06-17T17:58:54+00:00
SAO_647P-10,São Paulo,3550308,True,,34084,,,-23.674748,-46.78398249999999,,,,2,2023-06-17T17:58:34+00:00
SAO_274P-10,São Paulo,3550308,True,,33000,,,-23.562807,-46.62085925,,,,2,2023-06-17T17:58:36+00:00
SAO_3718-10,São Paulo,3550308,True,,33781,,,-23.540855999999998,-46.4849405,,,,2,2023-06-17T17:58:34+00:00
SAO_3718-10,São Paulo,3550308,True,,33781,,,-23.541107,-46.4847105,,,,2,2023-06-17T17:59:00+00:00
SAO_3718-10,São Paulo,3550308,True,,33781,,,-23.540547,-46.485232999999994,,,,2,2023-06-17T17:59:04+00:00
SAO_3718-10,São Paulo,3550308,True,,33781,,,-23.54996175,-46.482555250000004,,,,2,2023-06-17T17:58:33+00:00
SAO_5127-10,São Paulo,3550308,True,,1127,,,-23.702027,-46.63333,,,,1,2023-06-17T17:58:59+00:00
SAO_5127-10,São Paulo,3550308,True,,1127,,,-23.6929245,-46.659800000000004,,,,1,2023-06-17T17:58:33+00:00
SAO_5127-10,São Paulo,3550308,True,,1127,,,-23.677442999999997,-46.701724999999996,,,,1,2023-06-17T17:58:37+00:00
SAO_5127-10,São Paulo,3550308,True,,1127,,,-23.67678425,-46.6967715,,,,1,2023-06-17T17:58:37+00:00
SAO_5127-10,São Paulo,3550308,True,,1127,,,-23.7015515,-46.640887,,,,1,2023-06-17T17:58:42+00:00
SAO_5119-10,São Paulo,3550308,True,,1,,,-23.6317895,-46.7367685,,,,1,2023-06-17T17:59:06+00:00
SAO_5119-10,São Paulo,3550308,True,,1,,,-23.585817499999997,-46.687672,,,,1,2023-06-17T17:58:45+00:00
SAO_5119-10,São Paulo,3550308,True,,1,,,-23.654369000000003,-46.762426500000004,,,,1,2023-06-17T17:58:47+00:00
SAO_5119-10,São Paulo,3550308,True,,1,,,-23.649005000000002,-46.7539805,,,,1,2023-06-17T17:58:55+00:00
SAO_5119-10,São Paulo,3550308,True,,1,,,-23.59904875,-46.720963999999995,,,,1,2023-06-17T17:58:50+00:00
SAO_5119-10,São Paulo,3550308,True,,1,,,-23.574493500000003,-46.656222,,,,1,2023-06-17T17:58:37+00:00
SAO_5119-10,São Paulo,3550308,True,,1,,,-23.55238875,-46.63715675,,,,1,2023-06-17T17:58:40+00:00
SAO_2709-31,São Paulo,3550308,True,,33691,,,-23.532353,-46.4884625,,,,2,2023-06-17T17:58:43+00:00
SAO_2709-31,São Paulo,3550308,True,,33691,,,-23.529627,-46.5010255,,,,2,2023-06-17T17:58:59+00:00
SAO_2709-31,São Paulo,3550308,True,,33691,,,-23.5200645,-46.4798915,,,,2,2023-06-17T17:58:41+00:00
SAO_809L-10,São Paulo,3550308,True,,1949,,,-23.57953,-46.719868500000004,,,,1,2023-06-17T17:58:48+00:00
SAO_809L-10,São Paulo,3550308,True,,1949,,,-23.6323625,-46.7722555,,,,1,2023-06-17T17:59:10+00:00
SAO_809L-10,São Paulo,3550308,True,,1949,,,-23.61404,-46.7555395,,,,1,2023-06-17T17:59:13+00:00
SAO_809L-10,São Paulo,3550308,True,,1949,,,-23.524549625000002,-46.699218625,,,,1,2023-06-17T17:58:55+00:00
SAO_809L-10,São Paulo,3550308,True,,1949,,,-23.62651675,-46.76614625,,,,1,2023-06-17T17:58:49+00:00
SAO_809L-10,São Paulo,3550308,True,,1949,,,-23.524549625000002,-46.699218625,,,,1,2023-06-17T17:58:56+00:00
SAO_476A-10,São Paulo,3550308,True,,304,,,-23.643996,-46.7012325,,,,1,2023-06-17T17:59:14+00:00
SAO_476A-10,São Paulo,3550308,True,,304,,,-23.6021765,-46.656264,,,,1,2023-06-17T17:58:54+00:00
SAO_476A-10,São Paulo,3550308,True,,304,,,-23.601378500000003,-46.600769,,,,1,2023-06-17T17:59:11+00:00
SAO_6074-10,São Paulo,3550308,True,,33929,,,-23.734685,-46.664041499999996,,,,2,2023-06-17T17:58:41+00:00
SAO_6074-10,São Paulo,3550308,True,,33929,,,-23.67698475,-46.701097749999995,,,,2,2023-06-17T17:58:42+00:00
SAO_6074-10,São Paulo,3550308,True,,33929,,,-23.747397499999998,-46.6642005,,,,2,2023-06-17T17:58:47+00:00
SAO_6074-10,São Paulo,3550308,True,,33929,,,-23.736779,-46.69382425,,,,2,2023-06-17T17:58:51+00:00
SAO_6074-10,São Paulo,3550308,True,,33929,,,-23.710868125,-46.699293624999996,,,,2,2023-06-17T17:59:16+00:00
SAO_2709-10,São Paulo,3550308,True,,922,,,-23.528220875000002,-46.483773625,,,,1,2023-06-17T17:58:58+00:00
SAO_6076-10,São Paulo,3550308,True,,1165,,,-23.663378,-46.707454999999996,,,,1,2023-06-17T17:58:55+00:00
SAO_6076-10,São Paulo,3550308,True,,1165,,,-23.709000500000002,-46.699838,,,,1,2023-06-17T17:58:55+00:00
SAO_6076-10,São Paulo,3550308,True,,1165,,,-23.738034499999998,-46.6862,,,,1,2023-06-17T17:59:16+00:00
SAO_2009-10,São Paulo,3550308,True,,898,,,-23.53779,-46.4150605,,,,1,2023-06-17T17:58:11+00:00
SAO_6083-10,São Paulo,3550308,True,,34501,,,-23.7530115,-46.6886865,,,,2,2023-06-17T17:59:05+00:00
SAO_6083-10,São Paulo,3550308,True,,34501,,,-23.7532605,-46.670314,,,,2,2023-06-17T17:58:35+00:00
SAO_3761-10,São Paulo,3550308,True,,1051,,,-23.5945835,-46.48145925,,,,1,2023-06-17T17:58:39+00:00
SAO_3761-10,São Paulo,3550308,True,,1051,,,-23.5564535,-46.515974,,,,1,2023-06-17T17:59:14+00:00
SAO_3761-10,São Paulo,3550308,True,,1051,,,-23.618599,-46.4234555,,,,1,2023-06-17T17:59:13+00:00
SAO_3761-10,São Paulo,3550308,True,,1051,,,-23.537936375,-46.563649125,,,,1,2023-06-17T17:59:01+00:00
SAO_3761-10,São Paulo,3550308,True,,1051,,,-23.618599,-46.4234555,,,,1,2023-06-17T17:59:08+00:00
SAO_3761-10,São Paulo,3550308,True,,1051,,,-23.5960245,-46.4362195,,,,1,2023-06-17T17:59:15+00:00
SAO_6056-10,São Paulo,3550308,True,,33915,,,-23.76282875,-46.704477499999996,,,,2,2023-06-17T17:59:09+00:00
SAO_6056-10,São Paulo,3550308,True,,33915,,,-23.744039,-46.704888499999996,,,,2,2023-06-17T17:58:44+00:00
SAO_6056-10,São Paulo,3550308,True,,33915,,,-23.7632185,-46.697809,,,,2,2023-06-17T17:58:52+00:00
SAO_6056-10,São Paulo,3550308,True,,33915,,,-23.7632185,-46.697809,,,,2,2023-06-17T17:59:05+00:00
SAO_6056-10,São Paulo,3550308,True,,33915,,,-23.7628795,-46.7084105,,,,2,2023-06-17T17:58:59+00:00
SAO_6069-10,São Paulo,3550308,True,,33922,,,-23.7451965,-46.6944955,,,,2,2023-06-17T17:59:08+00:00
SAO_6069-10,São Paulo,3550308,True,,33922,,,-23.7431635,-46.70675775,,,,2,2023-06-17T17:59:02+00:00
SAO_6069-10,São Paulo,3550308,True,,33922,,,-23.69434425,-46.70153875,,,,2,2023-06-17T17:58:57+00:00
SAO_3795-10,São Paulo,3550308,True,,1073,,,-23.559945,-46.415017750000004,,,,1,2023-06-17T17:58:45+00:00
SAO_3795-10,São Paulo,3550308,True,,1073,,,-23.553093999999998,-46.44729375,,,,1,2023-06-17T17:54:53+00:00
SAO_3795-10,São Paulo,3550308,True,,1073,,,-23.559945,-46.415017750000004,,,,1,2023-06-17T17:58:53+00:00
SAO_172X-10,São Paulo,3550308,True,,861,,,-23.531536499999998,-46.5756435,,,,1,2023-06-17T17:58:34+00:00
SAO_172X-10,São Paulo,3550308,True,,861,,,-23.527744,-46.5854385,,,,1,2023-06-17T17:57:11+00:00
SAO_172X-10,São Paulo,3550308,True,,861,,,-23.519875624999997,-46.56822650000001,,,,1,2023-06-17T17:59:16+00:00
SAO_6058-10,São Paulo,3550308,True,,1149,,,-23.774055625000003,-46.706195,,,,1,2023-06-17T17:58:42+00:00
SAO_5757-51,São Paulo,3550308,True,,34744,,,-23.70655,-46.641415,,,,2,2023-06-17T17:59:04+00:00
SAO_5757-51,São Paulo,3550308,True,,34744,,,-23.635112499999998,-46.640995000000004,,,,2,2023-06-17T17:59:13+00:00
SAO_5757-51,São Paulo,3550308,True,,34744,,,-23.635112499999998,-46.640995000000004,,,,2,2023-06-17T17:58:40+00:00
SAO_5757-51,São Paulo,3550308,True,,34744,,,-23.707351,-46.641422000000006,,,,2,2023-06-17T17:58:59+00:00
SAO_5757-51,São Paulo,3550308,True,,34744,,,-23.635112499999998,-46.640995000000004,,,,2,2023-06-17T17:59:11+00:00
SAO_5757-51,São Paulo,3550308,True,,34744,,,-23.705652,-46.641996,,,,2,2023-06-17T17:58:49+00:00
SAO_5757-51,São Paulo,3550308,True,,34744,,,-23.635112499999998,-46.640995000000004,,,,2,2023-06-17T17:58:30+00:00
SAO_5757-51,São Paulo,3550308,True,,34744,,,-23.688647,-46.6349885,,,,2,2023-06-17T17:59:14+00:00
SAO_5757-51,São Paulo,3550308,True,,34744,,,-23.666031874999998,-46.65678737500001,,,,2,2023-06-17T17:59:16+00:00
SAO_5757-51,São Paulo,3550308,True,,34744,,,-23.635112499999998,-46.640995000000004,,,,2,2023-06-17T17:59:16+00:00
SAO_5757-51,São Paulo,3550308,True,,34744,,,-23.7070925,-46.641482499999995,,,,2,2023-06-17T17:55:41+00:00
SAO_5757-51,São Paulo,3550308,True,,34744,,,-23.635112499999998,-46.640995000000004,,,,2,2023-06-17T17:58:41+00:00
SAO_351F-10,São Paulo,3550308,True,,33455,,,-23.507199,-46.589262500000004,,,,2,2023-06-17T17:58:37+00:00
SAO_351F-10,São Paulo,3550308,True,,33455,,,-23.542261250000003,-46.577360999999996,,,,2,2023-06-17T17:58:37+00:00
SAO_351F-10,São Paulo,3550308,True,,33455,,,-23.57060475,-46.53953175,,,,2,2023-06-17T17:58:40+00:00
SAO_351F-10,São Paulo,3550308,True,,33455,,,-23.468183749999998,-46.581630875,,,,2,2023-06-17T17:57:06+00:00
SAO_775F-10,São Paulo,3550308,True,,33564,,,-23.6135655,-46.730607,,,,2,2023-06-17T17:58:52+00:00
SAO_775F-10,São Paulo,3550308,True,,33564,,,-23.625434499999997,-46.7480455,,,,2,2023-06-17T17:59:12+00:00
SAO_775F-10,São Paulo,3550308,True,,33564,,,-23.616099,-46.75492,,,,2,2023-06-17T17:58:42+00:00
SAO_775F-10,São Paulo,3550308,True,,33564,,,-23.565002,-46.693871,,,,2,2023-06-17T17:58:38+00:00
SAO_5154-10,São Paulo,3550308,True,EMTU,353,https://moovitapp.com/index/pt-br/transporte_p%C3%BAblico-line-353-Sao_Paulo-242-2038937-36419436-0,5.1,-23.648898000000003,-46.703265,,,,1,2023-06-17T17:58:59+00:00
SAO_5154-10,São Paulo,3550308,True,EMTU,353,https://moovitapp.com/index/pt-br/transporte_p%C3%BAblico-line-353-Sao_Paulo-242-2038937-36419436-0,5.1,-23.541629999999998,-46.634266499999995,,,,1,2023-06-17T17:58:56+00:00
SAO_5154-10,São Paulo,3550308,True,EMTU,353,https://moovitapp.com/index/pt-br/transporte_p%C3%BAblico-line-353-Sao_Paulo-242-2038937-36419436-0,5.1,-23.606327,-46.66468075,,,,1,2023-06-17T17:59:18+00:00
SAO_5154-10,São Paulo,3550308,True,EMTU,353,https://moovitapp.com/index/pt-br/transporte_p%C3%BAblico-line-353-Sao_Paulo-242-2038937-36419436-0,5.1,-23.541766875,-46.639697874999996,,,,1,2023-06-17T17:59:09+00:00
SAO_5154-10,São Paulo,3550308,True,EMTU,353,https://moovitapp.com/index/pt-br/transporte_p%C3%BAblico-line-353-Sao_Paulo-242-2038937-36419436-0,5.1,-23.541195000000002,-46.642272500000004,,,,1,2023-06-17T17:58:38+00:00
SAO_6013-10,São Paulo,3550308,True,,186,,,-23.7001475,-46.7671195,,,,1,2023-06-17T17:58:32+00:00
SAO_6013-10,São Paulo,3550308,True,,186,,,-23.654108,-46.712056000000004,,,,1,2023-06-17T17:58:46+00:00
SAO_6013-10,São Paulo,3550308,True,,186,,,-23.672203,-46.7421475,,,,1,2023-06-17T17:58:48+00:00
SAO_6076-10,São Paulo,3550308,True,,33933,,,-23.7240855,-46.691392,,,,2,2023-06-17T17:58:34+00:00
SAO_6076-10,São Paulo,3550308,True,,33933,,,-23.6628155,-46.707258625,,,,2,2023-06-17T17:58:41+00:00
SAO_6076-10,São Paulo,3550308,True,,33933,,,-23.710868125,-46.699293624999996,,,,2,2023-06-17T17:59:00+00:00
SAO_6076-10,São Paulo,3550308,True,,33933,,,-23.733666,-46.6772885,,,,2,2023-06-17T17:58:43+00:00
SAO_2719-10,São Paulo,3550308,True,,932,,,-23.4951915,-46.4686765,,,,1,2023-06-17T17:58:56+00:00
SAO_2719-10,São Paulo,3550308,True,,932,,,-23.4970015,-46.485974999999996,,,,1,2023-06-17T17:58:49+00:00
SAO_2719-10,São Paulo,3550308,True,,932,,,-23.5113895,-46.502336,,,,1,2023-06-17T17:59:02+00:00
SAO_2719-10,São Paulo,3550308,True,,932,,,-23.5317065,-46.528416,,,,1,2023-06-17T17:59:14+00:00
SAO_5021-10,São Paulo,3550308,True,,34435,,,-23.6310125,-46.62344,,,,2,2023-06-17T17:58:37+00:00
SAO_5164-10,São Paulo,3550308,True,,1283,,,-23.6466305,-46.6450555,,,,1,2023-06-17T17:58:38+00:00
SAO_5164-10,São Paulo,3550308,True,,1283,,,-23.650871,-46.65999049999999,,,,1,2023-06-17T17:59:03+00:00
SAO_5164-10,São Paulo,3550308,True,,1283,,,-23.6314365,-46.6415645,,,,1,2023-06-17T17:59:10+00:00
SAO_5164-10,São Paulo,3550308,True,,1283,,,-23.605909875000002,-46.6371595,,,,1,2023-06-17T17:59:04+00:00
SAO_5317-10,São Paulo,3550308,True,,32837,,,-23.6430275,-46.700108,,,,2,2023-06-17T17:58:37+00:00
SAO_5317-10,São Paulo,3550308,True,,32837,,,-23.54756425,-46.638352749999996,,,,2,2023-06-17T17:58:55+00:00
SAO_5757-51,São Paulo,3550308,True,,1976,,,-23.7079895,-46.641386499999996,,,,1,2023-06-17T17:58:59+00:00
SAO_5757-51,São Paulo,3550308,True,,1976,,,-23.6593145,-46.653207,,,,1,2023-06-17T17:58:49+00:00
SAO_5757-51,São Paulo,3550308,True,,1976,,,-23.6488865,-46.646154499999994,,,,1,2023-06-17T17:58:34+00:00
SAO_5757-51,São Paulo,3550308,True,,1976,,,-23.7078395,-46.641367,,,,1,2023-06-17T17:57:29+00:00
SAO_5757-51,São Paulo,3550308,True,,1976,,,-23.68925575,-46.63622,,,,1,2023-06-17T17:58:55+00:00
SAO_5025-10,São Paulo,3550308,True,,1564,,,-23.6032955,-46.5422345,,,,1,2023-06-17T17:58:37+00:00
SAO_5025-10,São Paulo,3550308,True,,1564,,,-23.60609975,-46.579004499999996,,,,1,2023-06-17T17:58:57+00:00
SAO_5025-10,São Paulo,3550308,True,,1564,,,-23.596298,-46.558651499999996,,,,1,2023-06-17T17:58:35+00:00
SAO_5025-10,São Paulo,3550308,True,,1564,,,-23.594565437500002,-46.58966356249999,,,,1,2023-06-17T17:58:49+00:00
SAO_5025-10,São Paulo,3550308,True,,1564,,,-23.609332000000002,-46.541878999999994,,,,1,2023-06-17T17:58:57+00:00
SAO_6475-10,São Paulo,3550308,True,,34085,,,-23.670895,-46.75936299999999,,,,2,2023-06-17T17:58:34+00:00
SAO_6475-10,São Paulo,3550308,True,,34085,,,-23.670236,-46.761182500000004,,,,2,2023-06-17T17:59:01+00:00
SAO_6475-10,São Paulo,3550308,True,,34085,,,-23.645967499999998,-46.755309,,,,2,2023-06-17T17:59:00+00:00
SAO_6475-10,São Paulo,3550308,True,,34085,,,-23.573234875,-46.666225875,,,,2,2023-06-17T17:59:18+00:00
SAO_6475-10,São Paulo,3550308,True,,34085,,,-23.670895,-46.75936299999999,,,,2,2023-06-17T17:59:08+00:00
SAO_5110-10,São Paulo,3550308,True,,2209,,,-23.5504855,-46.626986,,,,1,2023-06-17T17:59:10+00:00
SAO_5110-10,São Paulo,3550308,True,,2209,,,-23.5841055,-46.5769345,,,,1,2023-06-17T17:58:57+00:00
SAO_5110-10,São Paulo,3550308,True,,2209,,,-23.601866,-46.5242925,,,,1,2023-06-17T17:58:48+00:00
SAO_5110-10,São Paulo,3550308,True,,2209,,,-23.6141145,-46.476496999999995,,,,1,2023-06-17T17:58:56+00:00
SAO_5110-10,São Paulo,3550308,True,,2209,,,-23.61438175,-46.49979675,,,,1,2023-06-17T17:58:47+00:00
SAO_7281-10,São Paulo,3550308,True,,34102,,,-23.55246,-46.67460725,,,,2,2023-06-17T17:59:08+00:00
SAO_5106-21,São Paulo,3550308,True,,34740,,,-23.667442,-46.636444999999995,,,,2,2023-06-17T17:59:16+00:00
SAO_5106-21,São Paulo,3550308,True,,34740,,,-23.691144875,-46.6439405,,,,2,2023-06-17T17:59:10+00:00
SAO_5106-21,São Paulo,3550308,True,,34740,,,-23.6848065,-46.653604,,,,2,2023-06-17T17:58:53+00:00
SAO_5106-21,São Paulo,3550308,True,,34740,,,-23.6274845,-46.642675,,,,2,2023-06-17T17:58:46+00:00
SAO_6116-10,São Paulo,3550308,True,,33954,,,-23.7554115,-46.659749500000004,,,,2,2023-06-17T17:58:42+00:00
SAO_6116-10,São Paulo,3550308,True,,33954,,,-23.755624,-46.657882,,,,2,2023-06-17T17:59:04+00:00
SAO_6116-10,São Paulo,3550308,True,,33954,,,-23.735712499999998,-46.69611125,,,,2,2023-06-17T17:58:43+00:00
SAO_6116-10,São Paulo,3550308,True,,33954,,,-23.7563975,-46.6678165,,,,2,2023-06-17T17:59:11+00:00
SAO_373T-10,São Paulo,3550308,True,,33859,,,-23.5884785,-46.532263,,,,2,2023-06-17T17:58:48+00:00
SAO_373T-10,São Paulo,3550308,True,,33859,,,-23.5941885,-46.498267,,,,2,2023-06-17T17:58:51+00:00
SAO_373T-10,São Paulo,3550308,True,,33859,,,-23.5469055,-46.6063945,,,,2,2023-06-17T17:59:05+00:00
SAO_373T-10,São Paulo,3550308,True,,33859,,,-23.5941885,-46.498267,,,,2,2023-06-17T17:59:00+00:00
SAO_373T-10,São Paulo,3550308,True,,33859,,,-23.596046,-46.514727,,,,2,2023-06-17T17:58:35+00:00
SAO_373T-10,São Paulo,3550308,True,,33859,,,-23.583302,-46.574507,,,,2,2023-06-17T17:58:45+00:00
SAO_373T-10,São Paulo,3550308,True,,33859,,,-23.565325,-46.5952585,,,,2,2023-06-17T17:59:16+00:00
SAO_3725-10,São Paulo,3550308,True,,1022,,,-23.533265500000002,-46.53251075,,,,1,2023-06-17T17:58:53+00:00
SAO_3725-10,São Paulo,3550308,True,,1022,,,-23.5475565,-46.5196315,,,,1,2023-06-17T17:58:55+00:00
SAO_3725-10,São Paulo,3550308,True,,1022,,,-23.541942499999998,-46.5232755,,,,1,2023-06-17T17:59:02+00:00
SAO_407K-10,São Paulo,3550308,True,,34936,,,-23.600499499999998,-46.4842965,,,,2,2023-06-17T17:58:47+00:00
SAO_407K-10,São Paulo,3550308,True,,34936,,,-23.613653,-46.4766475,,,,2,2023-06-17T17:59:02+00:00
SAO_407K-10,São Paulo,3550308,True,,34936,,,-23.613653,-46.4766475,,,,2,2023-06-17T17:58:57+00:00
SAO_407K-10,São Paulo,3550308,True,,34936,,,-23.5387,-46.5644465,,,,2,2023-06-17T17:59:11+00:00
SAO_2765-10,São Paulo,3550308,True,,32913,,,-23.492718500000002,-46.494104750000005,,,,2,2023-06-17T17:58:45+00:00
SAO_2765-10,São Paulo,3550308,True,,32913,,,-23.5041825,-46.504876499999995,,,,2,2023-06-17T17:59:00+00:00
SAO_2765-10,São Paulo,3550308,True,,32913,,,-23.52422,-46.548732,,,,2,2023-06-17T17:58:31+00:00
SAO_2765-10,São Paulo,3550308,True,,32913,,,-23.53254525,-46.562278250000006,,,,2,2023-06-17T17:57:20+00:00
SAO_2765-10,São Paulo,3550308,True,,32913,,,-23.501373,-46.494032000000004,,,,2,2023-06-17T17:58:25+00:00
SAO_2765-10,São Paulo,3550308,True,,32913,,,-23.50021,-46.493883,,,,2,2023-06-17T17:59:01+00:00
SAO_2765-10,São Paulo,3550308,True,,32913,,,-23.535464,-46.574429,,,,2,2023-06-17T17:59:08+00:00
SAO_675L-10,São Paulo,3550308,True,,1478,,,-23.653993,-46.710736499999996,,,,1,2023-06-17T17:59:01+00:00
SAO_675L-10,São Paulo,3550308,True,,1478,,,-23.653993,-46.710736499999996,,,,1,2023-06-17T17:59:09+00:00
SAO_675L-10,São Paulo,3550308,True,,1478,,,-23.596544375,-46.649333375,,,,1,2023-06-17T17:58:36+00:00
SAO_524L-10,São Paulo,3550308,True,,1715,,,-23.5733015,-46.563201,,,,1,2023-06-17T17:58:49+00:00
SAO_524L-10,São Paulo,3550308,True,,1715,,,-23.54147175,-46.573660249999996,,,,1,2023-06-17T17:58:46+00:00
SAO_7005-10,São Paulo,3550308,True,,1998,,,-23.702422,-46.783027000000004,,,,1,2023-06-17T17:58:52+00:00
SAO_7005-10,São Paulo,3550308,True,,1998,,,-23.6894615,-46.77340325,,,,1,2023-06-17T17:59:06+00:00
SAO_7005-10,São Paulo,3550308,True,,1998,,,-23.718654,-46.7846245,,,,1,2023-06-17T17:59:00+00:00
SAO_7005-10,São Paulo,3550308,True,,1998,,,-23.7368285,-46.776495999999995,,,,1,2023-06-17T17:58:34+00:00
SAO_9050-10,São Paulo,3550308,True,,2088,,,-23.552721499999997,-46.698541,,,,1,2023-06-17T17:59:10+00:00
SAO_8010-10,São Paulo,3550308,True,,798,,,-23.409693,-46.750879,,,,1,2023-06-17T17:59:01+00:00
SAO_8010-10,São Paulo,3550308,True,,798,,,-23.4872525,-46.7270515,,,,1,2023-06-17T17:58:41+00:00
SAO_8010-10,São Paulo,3550308,True,,798,,,-23.51816525,-46.70211325,,,,1,2023-06-17T17:59:04+00:00
SAO_8010-10,São Paulo,3550308,True,,798,,,-23.4047855,-46.73988,,,,1,2023-06-17T17:58:58+00:00
SAO_8010-10,São Paulo,3550308,True,,798,,,-23.490656,-46.715757499999995,,,,1,2023-06-17T17:58:35+00:00
SAO_507T-10,São Paulo,3550308,True,,34976,,,-23.613898499999998,-46.5016255,,,,2,2023-06-17T17:58:53+00:00
SAO_507T-10,São Paulo,3550308,True,,34976,,,-23.597154500000002,-46.5003635,,,,2,2023-06-17T17:58:53+00:00
SAO_507T-10,São Paulo,3550308,True,,34976,,,-23.53996825,-46.552042,,,,2,2023-06-17T17:59:12+00:00
SAO_507T-10,São Paulo,3550308,True,,34976,,,-23.613987,-46.5014315,,,,2,2023-06-17T17:58:33+00:00
SAO_507T-10,São Paulo,3550308,True,,34976,,,-23.6139405,-46.501206499999995,,,,2,2023-06-17T17:58:37+00:00
SAO_507T-10,São Paulo,3550308,True,,34976,,,-23.5762975,-46.5157215,,,,2,2023-06-17T17:58:54+00:00
SAO_2523-10,São Paulo,3550308,True,,33018,,,-23.5216,-46.4253885,,,,2,2023-06-17T17:58:37+00:00
SAO_2523-10,São Paulo,3550308,True,,33018,,,-23.52099475,-46.43233375,,,,2,2023-06-17T17:58:37+00:00
SAO_2523-10,São Paulo,3550308,True,,33018,,,-23.521767500000003,-46.4247855,,,,2,2023-06-17T17:58:43+00:00
SAO_3742-10,São Paulo,3550308,True,,33810,,,-23.542998,-46.4711105,,,,2,2023-06-17T17:58:36+00:00
SAO_3742-10,São Paulo,3550308,True,,33810,,,-23.602328999999997,-46.4351405,,,,2,2023-06-17T17:58:58+00:00
SAO_3742-10,São Paulo,3550308,True,,33810,,,-23.564909749999998,-46.44646,,,,2,2023-06-17T17:58:37+00:00
SAO_3742-10,São Paulo,3550308,True,,33810,,,-23.604736000000003,-46.4346285,,,,2,2023-06-17T17:59:09+00:00
SAO_373T-10,São Paulo,3550308,True,,1091,,,-23.5954585,-46.5181525,,,,1,2023-06-17T17:59:14+00:00
SAO_373T-10,São Paulo,3550308,True,,1091,,,-23.581701499999998,-46.553227750000005,,,,1,2023-06-17T17:59:11+00:00
SAO_373T-10,São Paulo,3550308,True,,1091,,,-23.5488625,-46.60194,,,,1,2023-06-17T17:58:51+00:00
SAO_373T-10,São Paulo,3550308,True,,1091,,,-23.5916055,-46.530082,,,,1,2023-06-17T17:59:08+00:00
SAO_373T-10,São Paulo,3550308,True,,1091,,,-23.593679,-46.498469,,,,1,2023-06-17T17:59:03+00:00
SAO_373T-10,São Paulo,3550308,True,,1091,,,-23.555158,-46.59998975,,,,1,2023-06-17T17:58:58+00:00
SAO_778J-10,São Paulo,3550308,True,,33276,,,-23.54849375,-46.677107500000005,,,,2,2023-06-17T17:58:46+00:00
SAO_778J-10,São Paulo,3550308,True,,33276,,,-23.5872235,-46.7896705,,,,2,2023-06-17T17:59:06+00:00
SAO_778J-10,São Paulo,3550308,True,,33276,,,-23.586923,-46.7897105,,,,2,2023-06-17T17:58:49+00:00
SAO_8003-10,São Paulo,3550308,True,,34021,,,-23.5120405,-46.756833,,,,2,2023-06-17T17:59:01+00:00
SAO_407I-10,São Paulo,3550308,True,,2222,,,-23.5508455,-46.496613,,,,1,2023-06-17T17:58:54+00:00
SAO_407I-10,São Paulo,3550308,True,,2222,,,-23.535607624999997,-46.552115,,,,1,2023-06-17T17:58:46+00:00
SAO_407I-10,São Paulo,3550308,True,,2222,,,-23.542726000000002,-46.485018999999994,,,,1,2023-06-17T17:58:48+00:00
SAO_273G-10,São Paulo,3550308,True,,32991,,,-23.48150775,-46.41633925,,,,2,2023-06-17T17:58:58+00:00
SAO_273G-10,São Paulo,3550308,True,,32991,,,-23.511464375000003,-46.47710375,,,,2,2023-06-17T17:58:52+00:00
SAO_273G-10,São Paulo,3550308,True,,32991,,,-23.483729375,-46.43355393750001,,,,2,2023-06-17T17:58:43+00:00
SAO_273G-10,São Paulo,3550308,True,,32991,,,-23.48150775,-46.41633925,,,,2,2023-06-17T17:59:12+00:00
SAO_273G-10,São Paulo,3550308,True,,32991,,,-23.5103375,-46.477322,,,,2,2023-06-17T17:59:16+00:00
SAO_312N-10,São Paulo,3550308,True,,33758,,,-23.56919,-46.400694,,,,2,2023-06-17T17:59:05+00:00
SAO_312N-10,São Paulo,3550308,True,,33758,,,-23.491016,-46.441969,,,,2,2023-06-17T17:58:44+00:00
SAO_312N-10,São Paulo,3550308,True,,33758,,,-23.5675145,-46.413428499999995,,,,2,2023-06-17T17:57:06+00:00
SAO_312N-10,São Paulo,3550308,True,,33758,,,-23.5435515,-46.410552499999994,,,,2,2023-06-17T17:58:53+00:00
SAO_312N-10,São Paulo,3550308,True,,33758,,,-23.491016,-46.441969,,,,2,2023-06-17T17:58:59+00:00
SAO_312N-10,São Paulo,3550308,True,,33758,,,-23.494612,-46.4263205,,,,2,2023-06-17T17:59:12+00:00
SAO_312N-10,São Paulo,3550308,True,,33758,,,-23.512503875,-46.415661,,,,2,2023-06-17T17:58:44+00:00
SAO_312N-10,São Paulo,3550308,True,,33758,,,-23.523432999999997,-46.3995695,,,,2,2023-06-17T17:58:33+00:00
SAO_312N-10,São Paulo,3550308,True,,33758,,,-23.537285,-46.405343,,,,2,2023-06-17T17:58:06+00:00
SAO_312N-10,São Paulo,3550308,True,,33758,,,-23.491016,-46.441969,,,,2,2023-06-17T17:59:03+00:00
SAO_312N-10,São Paulo,3550308,True,,33758,,,-23.56913025,-46.4137075,,,,2,2023-06-17T17:58:48+00:00
SAO_312N-10,São Paulo,3550308,True,,33758,,,-23.491016,-46.441969,,,,2,2023-06-17T17:58:51+00:00
SAO_476G-41,São Paulo,3550308,True,,33880,,,-23.6098365,-46.529281,,,,2,2023-06-17T17:59:15+00:00
SAO_476G-41,São Paulo,3550308,True,,33880,,,-23.6098365,-46.529281,,,,2,2023-06-17T17:58:51+00:00
SAO_476G-41,São Paulo,3550308,True,,33880,,,-23.5795035,-46.6241905,,,,2,2023-06-17T17:58:57+00:00
SAO_119C-10,São Paulo,3550308,True,,661,,,-23.508077,-46.597575500000005,,,,1,2023-06-17T17:57:17+00:00
SAO_119C-10,São Paulo,3550308,True,,661,,,-23.53473475,-46.623506125000006,,,,1,2023-06-17T17:59:00+00:00
SAO_3462-10,São Paulo,3550308,True,EMTU,247,https://moovitapp.com/index/pt-br/transporte_p%C3%BAblico-line-247-Sao_Paulo-242-2038937-36419359-0,6.55,-23.533106,-46.540568,,,,1,2023-06-17T17:58:55+00:00
SAO_3462-10,São Paulo,3550308,True,EMTU,247,https://moovitapp.com/index/pt-br/transporte_p%C3%BAblico-line-247-Sao_Paulo-242-2038937-36419359-0,6.55,-23.527069124999997,-46.474440875,,,,1,2023-06-17T17:58:35+00:00
SAO_3462-10,São Paulo,3550308,True,EMTU,247,https://moovitapp.com/index/pt-br/transporte_p%C3%BAblico-line-247-Sao_Paulo-242-2038937-36419359-0,6.55,-23.5365575,-46.45536575,,,,1,2023-06-17T17:58:43+00:00
SAO_6291-10,São Paulo,3550308,True,,33126,,,-23.596516,-46.708437,,,,2,2023-06-17T17:59:13+00:00
SAO_6291-10,São Paulo,3550308,True,,33126,,,-23.6449725,-46.77473,,,,2,2023-06-17T17:58:46+00:00
SAO_6291-10,São Paulo,3550308,True,,33126,,,-23.5788085,-46.67636325,,,,2,2023-06-17T17:58:52+00:00
SAO_6291-10,São Paulo,3550308,True,,33126,,,-23.6463915,-46.7728495,,,,2,2023-06-17T17:58:43+00:00
SAO_4315-10,São Paulo,3550308,True,,34943,,,-23.53996825,-46.552042,,,,2,2023-06-17T17:58:59+00:00
SAO_4315-10,São Paulo,3550308,True,,34943,,,-23.557819000000002,-46.523201,,,,2,2023-06-17T17:58:37+00:00
SAO_4031-10,São Paulo,3550308,True,,33869,,,-23.581889,-46.585524,,,,2,2023-06-17T17:58:47+00:00
SAO_4031-10,São Paulo,3550308,True,,33869,,,-23.597137,-46.541412,,,,2,2023-06-17T17:59:03+00:00
SAO_4031-10,São Paulo,3550308,True,,33869,,,-23.6055755,-46.513704000000004,,,,2,2023-06-17T17:58:48+00:00
SAO_9354-10,São Paulo,3550308,True,,33476,,,-23.4742495,-46.669781,,,,2,2023-06-17T17:58:46+00:00
SAO_9354-10,São Paulo,3550308,True,,33476,,,-23.494119,-46.6464515,,,,2,2023-06-17T17:59:09+00:00
SAO_9354-10,São Paulo,3550308,True,,33476,,,-23.52007725,-46.652227999999994,,,,2,2023-06-17T17:59:08+00:00
SAO_9354-10,São Paulo,3550308,True,,33476,,,-23.474438499999998,-46.669928999999996,,,,2,2023-06-17T17:59:01+00:00
SAO_6120-10,São Paulo,3550308,True,,1189,,,-23.762068499999998,-46.6734885,,,,1,2023-06-17T17:59:01+00:00
SAO_6120-10,São Paulo,3550308,True,,1189,,,-23.748095499999998,-46.68762275,,,,1,2023-06-17T17:58:35+00:00
SAO_748A-10,São Paulo,3550308,True,,33266,,,-23.5505625625,-46.739762625,,,,2,2023-06-17T17:59:11+00:00
SAO_748A-10,São Paulo,3550308,True,,33266,,,-23.5667485,-46.754223499999995,,,,2,2023-06-17T17:59:03+00:00
SAO_8500-10,São Paulo,3550308,True,,34035,,,-23.4883175,-46.713229999999996,,,,2,2023-06-17T17:59:03+00:00
SAO_8500-10,São Paulo,3550308,True,,34035,,,-23.486474,-46.7266785,,,,2,2023-06-17T17:59:02+00:00
SAO_8500-10,São Paulo,3550308,True,,34035,,,-23.518983125000002,-46.675736,,,,2,2023-06-17T17:59:15+00:00
SAO_8500-10,São Paulo,3550308,True,,34035,,,-23.485965,-46.726443374999995,,,,2,2023-06-17T17:58:56+00:00
SAO_8542-21,São Paulo,3550308,True,,1361,,,-23.519666,-46.700277,,,,1,2023-06-17T17:59:06+00:00
SAO_8542-21,São Paulo,3550308,True,,1361,,,-23.4683565,-46.689459,,,,1,2023-06-17T17:59:12+00:00
SAO_8542-21,São Paulo,3550308,True,,1361,,,-23.491668,-46.685556500000004,,,,1,2023-06-17T17:59:03+00:00
SAO_1759-10,São Paulo,3550308,True,,33321,,,-23.482530500000003,-46.631914,,,,2,2023-06-17T17:59:12+00:00
SAO_1759-10,São Paulo,3550308,True,,33321,,,-23.462308999999998,-46.659564,,,,2,2023-06-17T17:58:55+00:00
SAO_1759-10,São Paulo,3550308,True,,33321,,,-23.462498500000002,-46.659318999999996,,,,2,2023-06-17T17:58:43+00:00
SAO_6822-10,São Paulo,3550308,True,,32790,,,-23.65385975,-46.79008575,,,,2,2023-06-17T17:59:18+00:00
SAO_6822-10,São Paulo,3550308,True,,32790,,,-23.65385975,-46.79008575,,,,2,2023-06-17T17:58:42+00:00
SAO_6822-10,São Paulo,3550308,True,,32790,,,-23.643524499999998,-46.779653749999994,,,,2,2023-06-17T17:59:06+00:00
SAO_637A-10,São Paulo,3550308,True,,32953,,,-23.5988295,-46.697057,,,,2,2023-06-17T17:58:30+00:00
SAO_637A-10,São Paulo,3550308,True,,32953,,,-23.569531375,-46.691846375,,,,2,2023-06-17T17:58:44+00:00
SAO_637A-10,São Paulo,3550308,True,,32953,,,-23.6903555,-46.7743995,,,,2,2023-06-17T17:58:37+00:00
SAO_637A-10,São Paulo,3550308,True,,32953,,,-23.689947,-46.7740025,,,,2,2023-06-17T17:59:01+00:00
SAO_637A-10,São Paulo,3550308,True,,32953,,,-23.566554,-46.701409999999996,,,,2,2023-06-17T17:58:55+00:00
SAO_637A-10,São Paulo,3550308,True,,32953,,,-23.6903555,-46.7743995,,,,2,2023-06-17T17:59:12+00:00
SAO_637A-10,São Paulo,3550308,True,,32953,,,-23.67580725,-46.757124000000005,,,,2,2023-06-17T17:59:16+00:00
SAO_637A-10,São Paulo,3550308,True,,32953,,,-23.683644,-46.7697455,,,,2,2023-06-17T17:57:23+00:00
SAO_637A-10,São Paulo,3550308,True,,32953,,,-23.581545750000004,-46.684775125,,,,2,2023-06-17T17:58:36+00:00
SAO_637A-10,São Paulo,3550308,True,,32953,,,-23.667442,-46.729826,,,,2,2023-06-17T17:58:56+00:00
SAO_637A-10,São Paulo,3550308,True,,32953,,,-23.6304725,-46.7174,,,,2,2023-06-17T17:58:51+00:00
SAO_637A-10,São Paulo,3550308,True,,32953,,,-23.6901525,-46.774198999999996,,,,2,2023-06-17T17:58:54+00:00
SAO_6028-10,São Paulo,3550308,True,,1211,,,-23.6794005,-46.734505999999996,,,,1,2023-06-17T17:58:59+00:00
SAO_6028-10,São Paulo,3550308,True,,1211,,,-23.693113,-46.7572035,,,,1,2023-06-17T17:58:56+00:00
SAO_6028-10,São Paulo,3550308,True,,1211,,,-23.665875,-46.7128965,,,,1,2023-06-17T17:59:08+00:00
SAO_2722-10,São Paulo,3550308,True,Urubupungá,935,https://moovitapp.com/index/pt-br/transporte_p%C3%BAblico-line-935-Sao_Paulo-242-873835-76437456-0,4.6,-23.5172745,-46.5062215,,,,1,2023-06-17T17:58:40+00:00
SAO_2722-10,São Paulo,3550308,True,Urubupungá,935,https://moovitapp.com/index/pt-br/transporte_p%C3%BAblico-line-935-Sao_Paulo-242-873835-76437456-0,4.6,-23.49297825,-46.497193499999995,,,,1,2023-06-17T17:58:46+00:00
SAO_2722-10,São Paulo,3550308,True,Urubupungá,935,https://moovitapp.com/index/pt-br/transporte_p%C3%BAblico-line-935-Sao_Paulo-242-873835-76437456-0,4.6,-23.4905725,-46.5019355,,,,1,2023-06-17T17:58:56+00:00
SAO_6027-10,São Paulo,3550308,True,,32858,,,-23.72318425,-46.670979,,,,2,2023-06-17T17:59:07+00:00
SAO_6027-10,São Paulo,3550308,True,,32858,,,-23.7218025,-46.69073675,,,,2,2023-06-17T17:58:41+00:00
SAO_6027-10,São Paulo,3550308,True,,32858,,,-23.72318425,-46.670979,,,,2,2023-06-17T17:58:47+00:00
SAO_6027-10,São Paulo,3550308,True,,32858,,,-23.668470749999997,-46.71369075,,,,2,2023-06-17T17:59:17+00:00
SAO_6027-10,São Paulo,3550308,True,,32858,,,-23.7193395,-46.698786,,,,2,2023-06-17T17:58:37+00:00
SAO_1156-10,São Paulo,3550308,True,,33427,,,-23.486996,-46.568324000000004,,,,2,2023-06-17T17:58:52+00:00
SAO_1156-10,São Paulo,3550308,True,,33427,,,-23.525959,-46.6295565,,,,2,2023-06-17T17:59:03+00:00
SAO_1156-10,São Paulo,3550308,True,,33427,,,-23.518244125000002,-46.589543,,,,2,2023-06-17T17:59:06+00:00
SAO_1156-10,São Paulo,3550308,True,,33427,,,-23.487218,-46.568332,,,,2,2023-06-17T17:58:45+00:00
SAO_675P-10,São Paulo,3550308,True,STT,275,https://moovitapp.com/index/pt-br/transporte_p%C3%BAblico-line-275-Sao_Paulo-242-850661-183275-0,5.3,-23.655182749999998,-46.692094999999995,,,,1,2023-06-17T17:58:43+00:00
SAO_675P-10,São Paulo,3550308,True,STT,275,https://moovitapp.com/index/pt-br/transporte_p%C3%BAblico-line-275-Sao_Paulo-242-850661-183275-0,5.3,-23.6466305,-46.6450555,,,,1,2023-06-17T17:58:57+00:00
SAO_6022-10,São Paulo,3550308,True,,1207,,,-23.71137775,-46.782644250000004,,,,1,2023-06-17T17:58:48+00:00
SAO_6022-10,São Paulo,3550308,True,,1207,,,-23.718654,-46.7846245,,,,1,2023-06-17T17:58:56+00:00
SAO_6022-10,São Paulo,3550308,True,,1207,,,-23.6848355,-46.7700415,,,,1,2023-06-17T17:58:42+00:00
SAO_177Y-10,São Paulo,3550308,True,,33635,,,-23.5265025,-46.6722305,,,,2,2023-06-17T17:58:36+00:00
SAO_177Y-10,São Paulo,3550308,True,,33635,,,-23.5269075,-46.66671425,,,,2,2023-06-17T17:58:35+00:00
SAO_177Y-10,São Paulo,3550308,True,,33635,,,-23.527178499999998,-46.66675275,,,,2,2023-06-17T17:59:06+00:00
SAO_177Y-10,São Paulo,3550308,True,,33635,,,-23.5269075,-46.66671425,,,,2,2023-06-17T17:59:08+00:00
SAO_177Y-10,São Paulo,3550308,True,,33635,,,-23.535204,-46.674107500000005,,,,2,2023-06-17T17:59:08+00:00
SAO_6038-10,São Paulo,3550308,True,,1216,,,-23.665846000000002,-46.788559,,,,1,2023-06-17T17:58:44+00:00
SAO_6038-10,São Paulo,3550308,True,,1216,,,-23.665846000000002,-46.788559,,,,1,2023-06-17T17:59:04+00:00
SAO_6038-10,São Paulo,3550308,True,,1216,,,-23.660479000000002,-46.777412,,,,1,2023-06-17T17:59:05+00:00
SAO_6038-10,São Paulo,3550308,True,,1216,,,-23.6578735,-46.7897725,,,,1,2023-06-17T17:59:16+00:00
SAO_6038-10,São Paulo,3550308,True,,1216,,,-23.64209925,-46.710427499999994,,,,1,2023-06-17T17:58:48+00:00
SAO_6038-10,São Paulo,3550308,True,,1216,,,-23.642593499999997,-46.7411735,,,,1,2023-06-17T17:58:38+00:00
SAO_6038-10,São Paulo,3550308,True,,1216,,,-23.665846000000002,-46.788559,,,,1,2023-06-17T17:58:49+00:00
SAO_6038-10,São Paulo,3550308,True,,1216,,,-23.6578735,-46.7897725,,,,1,2023-06-17T17:58:53+00:00
SAO_6038-10,São Paulo,3550308,True,,1216,,,-23.66464475,-46.79163275,,,,1,2023-06-17T17:59:18+00:00
SAO_9019-10,São Paulo,3550308,True,,1433,,,-23.478245,-46.7134185,,,,1,2023-06-17T17:58:40+00:00
SAO_9019-10,São Paulo,3550308,True,,1433,,,-23.4545785,-46.7102915,,,,1,2023-06-17T17:58:42+00:00
SAO_9019-10,São Paulo,3550308,True,,1433,,,-23.4545785,-46.7102915,,,,1,2023-06-17T17:59:01+00:00
SAO_6232-10,São Paulo,3550308,True,,33251,,,-23.54590575,-46.708266,,,,2,2023-06-17T17:59:16+00:00
SAO_6232-10,São Paulo,3550308,True,,33251,,,-23.539515,-46.6640815,,,,2,2023-06-17T17:58:35+00:00
SAO_8594-10,São Paulo,3550308,True,,33200,,,-23.451815,-46.7463895,,,,2,2023-06-17T17:59:09+00:00
SAO_8594-10,São Paulo,3550308,True,,33200,,,-23.5231135,-46.687495375,,,,2,2023-06-17T17:59:08+00:00
SAO_8594-10,São Paulo,3550308,True,,33200,,,-23.454738,-46.740838999999994,,,,2,2023-06-17T17:59:14+00:00
SAO_8594-10,São Paulo,3550308,True,,33200,,,-23.451815,-46.7463895,,,,2,2023-06-17T17:57:59+00:00
SAO_8594-10,São Paulo,3550308,True,,33200,,,-23.484056,-46.7164895,,,,2,2023-06-17T17:58:52+00:00
SAO_121G-10,São Paulo,3550308,True,,33459,,,-23.497451,-46.574927875,,,,2,2023-06-17T17:57:27+00:00
SAO_121G-10,São Paulo,3550308,True,,33459,,,-23.481042000000002,-46.601279000000005,,,,2,2023-06-17T17:58:31+00:00
SAO_121G-10,São Paulo,3550308,True,,33459,,,-23.4810685,-46.603014,,,,2,2023-06-17T17:58:36+00:00
SAO_121G-10,São Paulo,3550308,True,,33459,,,-23.490158,-46.5854655,,,,2,2023-06-17T17:59:04+00:00
SAO_3301-10,São Paulo,3550308,True,,34386,,,-23.538731,-46.6048935,,,,2,2023-06-17T17:58:45+00:00
SAO_3301-10,São Paulo,3550308,True,,34386,,,-23.546292,-46.630885,,,,2,2023-06-17T17:58:55+00:00
SAO_3301-10,São Paulo,3550308,True,,34386,,,-23.491535,-46.434552,,,,2,2023-06-17T17:59:00+00:00
SAO_3301-10,São Paulo,3550308,True,,34386,,,-23.529712,-46.554124,,,,2,2023-06-17T17:59:14+00:00
SAO_3301-10,São Paulo,3550308,True,,34386,,,-23.498499000000002,-46.46443599999999,,,,2,2023-06-17T17:59:11+00:00
SAO_3301-10,São Paulo,3550308,True,,34386,,,-23.494137000000002,-46.45074150000001,,,,2,2023-06-17T17:59:16+00:00
SAO_3791-10,São Paulo,3550308,True,,33837,,,-23.538007999999998,-46.4884455,,,,2,2023-06-17T17:59:02+00:00
SAO_3791-10,São Paulo,3550308,True,,33837,,,-23.5414835,-46.4843695,,,,2,2023-06-17T17:58:50+00:00
SAO_3791-10,São Paulo,3550308,True,,33837,,,-23.56468325,-46.50561075,,,,2,2023-06-17T17:58:48+00:00
SAO_6039-10,São Paulo,3550308,True,,1217,,,-23.6431855,-46.7421195,,,,1,2023-06-17T17:59:11+00:00
SAO_6039-10,São Paulo,3550308,True,,1217,,,-23.6621345,-46.779826,,,,1,2023-06-17T17:58:43+00:00
SAO_6039-10,São Paulo,3550308,True,,1217,,,-23.639331625,-46.72237625,,,,1,2023-06-17T17:59:02+00:00
SAO_118Y-10,São Paulo,3550308,True,EMTU,841,https://moovitapp.com/index/pt-br/transporte_p%C3%BAblico-line-841-Sao_Paulo-242-2038937-36419604-0,5.15,-23.495590749999998,-46.67239225,,,,1,2023-06-17T17:59:15+00:00
SAO_118Y-10,São Paulo,3550308,True,EMTU,841,https://moovitapp.com/index/pt-br/transporte_p%C3%BAblico-line-841-Sao_Paulo-242-2038937-36419604-0,5.15,-23.482014749999998,-46.670722,,,,1,2023-06-17T17:58:42+00:00
SAO_118Y-10,São Paulo,3550308,True,EMTU,841,https://moovitapp.com/index/pt-br/transporte_p%C3%BAblico-line-841-Sao_Paulo-242-2038937-36419604-0,5.15,-23.512912999999998,-46.690622000000005,,,,1,2023-06-17T17:58:46+00:00
SAO_118Y-10,São Paulo,3550308,True,EMTU,841,https://moovitapp.com/index/pt-br/transporte_p%C3%BAblico-line-841-Sao_Paulo-242-2038937-36419604-0,5.15,-23.471871999999998,-46.6346485,,,,1,2023-06-17T17:58:32+00:00
SAO_118Y-10,São Paulo,3550308,True,EMTU,841,https://moovitapp.com/index/pt-br/transporte_p%C3%BAblico-line-841-Sao_Paulo-242-2038937-36419604-0,5.15,-23.477594625,-46.64425225,,,,1,2023-06-17T17:58:36+00:00
SAO_2088-10,São Paulo,3550308,True,EMTU,372,https://moovitapp.com/index/pt-br/transporte_p%C3%BAblico-line-372-Sao_Paulo-242-2038937-36419447-0,4.9,-23.502475,-46.375921000000005,,,,1,2023-06-17T17:58:33+00:00
SAO_2088-10,São Paulo,3550308,True,EMTU,372,https://moovitapp.com/index/pt-br/transporte_p%C3%BAblico-line-372-Sao_Paulo-242-2038937-36419447-0,4.9,-23.495135,-46.4351205,,,,1,2023-06-17T17:54:34+00:00
SAO_148L-10,São Paulo,3550308,True,,33299,,,-23.5015775,-46.673408499999994,,,,2,2023-06-17T17:58:50+00:00
SAO_148L-10,São Paulo,3550308,True,,33299,,,-23.454971999999998,-46.6523675,,,,2,2023-06-17T17:59:11+00:00
SAO_148L-10,São Paulo,3550308,True,,33299,,,-23.46421,-46.65332975,,,,2,2023-06-17T17:58:59+00:00
SAO_148L-10,São Paulo,3550308,True,,33299,,,-23.4750395,-46.6685415,,,,2,2023-06-17T17:59:14+00:00
SAO_148L-10,São Paulo,3550308,True,,33299,,,-23.465025999999998,-46.65187775,,,,2,2023-06-17T17:59:16+00:00
SAO_148L-10,São Paulo,3550308,True,,33299,,,-23.50397675,-46.6840085,,,,2,2023-06-17T17:58:47+00:00
SAO_148L-10,São Paulo,3550308,True,,33299,,,-23.455160499999998,-46.6525175,,,,2,2023-06-17T17:59:04+00:00
SAO_148L-10,São Paulo,3550308,True,,33299,,,-23.45483,-46.652328999999995,,,,2,2023-06-17T17:58:37+00:00
SAO_148L-10,São Paulo,3550308,True,,33299,,,-23.4551215,-46.652438000000004,,,,2,2023-06-17T17:58:40+00:00
SAO_148L-10,São Paulo,3550308,True,,33299,,,-23.46481,-46.65197525,,,,2,2023-06-17T17:58:48+00:00
SAO_148L-10,São Paulo,3550308,True,,33299,,,-23.455058,-46.652393,,,,2,2023-06-17T17:59:10+00:00
SAO_148L-10,São Paulo,3550308,True,,33299,,,-23.464495499999998,-46.65211625,,,,2,2023-06-17T17:59:11+00:00
SAO_2767-10,São Paulo,3550308,True,,33009,,,-23.5027085,-46.467242999999996,,,,2,2023-06-17T17:59:16+00:00
SAO_2767-10,São Paulo,3550308,True,,33009,,,-23.540022,-46.577601,,,,2,2023-06-17T17:59:14+00:00
SAO_516N-10,São Paulo,3550308,True,,33034,,,-23.587968250000003,-46.67514825,,,,2,2023-06-17T17:58:50+00:00
SAO_516N-10,São Paulo,3550308,True,,33034,,,-23.689969249999997,-46.649679000000006,,,,2,2023-06-17T17:56:57+00:00
SAO_516N-10,São Paulo,3550308,True,,33034,,,-23.625450375,-46.686779625,,,,2,2023-06-17T17:59:16+00:00
SAO_516N-10,São Paulo,3550308,True,,33034,,,-23.689773,-46.6435305,,,,2,2023-06-17T17:58:36+00:00
SAO_516N-10,São Paulo,3550308,True,,33034,,,-23.689736500000002,-46.6497535,,,,2,2023-06-17T17:58:50+00:00
SAO_8043-10,São Paulo,3550308,True,,407,,,-23.47013175,-46.754321375,,,,1,2023-06-17T17:59:06+00:00
SAO_8043-10,São Paulo,3550308,True,,407,,,-23.518856,-46.703469,,,,1,2023-06-17T17:58:56+00:00
SAO_8043-10,São Paulo,3550308,True,,407,,,-23.47551,-46.756638499999994,,,,1,2023-06-17T17:58:56+00:00
SAO_342N-10,São Paulo,3550308,True,,33771,,,-23.538268000000002,-46.4269345,,,,2,2023-06-17T17:58:43+00:00
SAO_342N-10,São Paulo,3550308,True,,33771,,,-23.5629515,-46.3946025,,,,2,2023-06-17T17:58:37+00:00
SAO_342N-10,São Paulo,3550308,True,,33771,,,-23.5653435,-46.415782500000006,,,,2,2023-06-17T17:59:07+00:00
SAO_5109-10,São Paulo,3550308,True,,1851,,,-23.585912,-46.588908,,,,1,2023-06-17T17:59:14+00:00
SAO_2012-10,São Paulo,3550308,True,,2281,,,-23.490921999999998,-46.58627525,,,,1,2023-06-17T17:58:40+00:00
SAO_6414-10,São Paulo,3550308,True,,33128,,,-23.6453730625,-46.70219924999999,,,,2,2023-06-17T17:59:00+00:00
SAO_6414-10,São Paulo,3550308,True,,33128,,,-23.577875999999996,-46.6711985,,,,2,2023-06-17T17:59:12+00:00
SAO_6414-10,São Paulo,3550308,True,,33128,,,-23.6120785,-46.677924,,,,2,2023-06-17T17:58:58+00:00
SAO_574W-10,São Paulo,3550308,True,,1629,,,-23.598914999999998,-46.5131125,,,,1,2023-06-17T17:59:17+00:00
SAO_574W-10,São Paulo,3550308,True,,1629,,,-23.610528,-46.484711,,,,1,2023-06-17T17:59:14+00:00
SAO_574W-10,São Paulo,3550308,True,,1629,,,-23.562289,-46.5611545,,,,1,2023-06-17T17:59:01+00:00
SAO_574W-10,São Paulo,3550308,True,,1629,,,-23.567232,-46.5405605,,,,1,2023-06-17T17:59:00+00:00
SAO_574W-10,São Paulo,3550308,True,,1629,,,-23.577268,-46.516579,,,,1,2023-06-17T17:59:06+00:00
SAO_4020-10,São Paulo,3550308,True,,2530,,,-23.595993749999998,-46.43696775000001,,,,1,2023-06-17T17:59:06+00:00
SAO_4020-10,São Paulo,3550308,True,,2530,,,-23.5376555,-46.4513745,,,,1,2023-06-17T17:59:07+00:00
SAO_4020-10,São Paulo,3550308,True,,2530,,,-23.534623,-46.4529845,,,,1,2023-06-17T17:58:59+00:00
SAO_8030-10,São Paulo,3550308,True,,35330,,,-23.612814625000002,-46.729544125000004,,,,2,2023-06-17T17:59:07+00:00
SAO_8030-10,São Paulo,3550308,True,,35330,,,-23.605904000000002,-46.7252615,,,,2,2023-06-17T17:59:15+00:00
SAO_4028-10,São Paulo,3550308,True,,33866,,,-23.59214825,-46.48641325,,,,2,2023-06-17T17:58:50+00:00
SAO_4028-10,São Paulo,3550308,True,,33866,,,-23.6404895,-46.4505595,,,,2,2023-06-17T17:58:52+00:00
SAO_6035-21,São Paulo,3550308,True,,34563,,,-23.716781500000003,-46.767703,,,,2,2023-06-17T17:58:46+00:00
SAO_6035-21,São Paulo,3550308,True,,34563,,,-23.693733,-46.7622435,,,,2,2023-06-17T17:58:58+00:00
SAO_1756-10,São Paulo,3550308,True,,33315,,,-23.4579845,-46.642551999999995,,,,2,2023-06-17T17:58:39+00:00
SAO_1756-10,São Paulo,3550308,True,,33315,,,-23.4580515,-46.6428225,,,,2,2023-06-17T17:58:37+00:00
SAO_1756-10,São Paulo,3550308,True,,33315,,,-23.494507499999997,-46.6269135,,,,2,2023-06-17T17:58:47+00:00
SAO_1756-10,São Paulo,3550308,True,,33315,,,-23.46433675,-46.65358325,,,,2,2023-06-17T17:58:54+00:00
SAO_3029-10,São Paulo,3550308,True,,33734,,,-23.577377249999998,-46.525481,,,,2,2023-06-17T17:58:43+00:00
SAO_3029-10,São Paulo,3550308,True,,33734,,,-23.537377749999997,-46.560140875,,,,2,2023-06-17T17:58:45+00:00
SAO_3029-10,São Paulo,3550308,True,,33734,,,-23.57635275,-46.52759725,,,,2,2023-06-17T17:59:10+00:00
SAO_342N-10,São Paulo,3550308,True,,1003,,,-23.548352,-46.412249,,,,1,2023-06-17T17:59:05+00:00
SAO_342N-10,São Paulo,3550308,True,,1003,,,-23.53482375,-46.452111,,,,1,2023-06-17T17:59:16+00:00
SAO_342N-10,São Paulo,3550308,True,,1003,,,-23.562509,-46.399685500000004,,,,1,2023-06-17T17:58:49+00:00
SAO_342N-10,São Paulo,3550308,True,,1003,,,-23.563197,-46.3939975,,,,1,2023-06-17T17:58:47+00:00
SAO_6006-10,São Paulo,3550308,True,,32943,,,-23.667364,-46.680078,,,,2,2023-06-17T17:59:12+00:00
SAO_6006-10,São Paulo,3550308,True,,32943,,,-23.67837375,-46.684760749999995,,,,2,2023-06-17T17:59:10+00:00
SAO_6006-10,São Paulo,3550308,True,,32943,,,-23.677407375,-46.75377175,,,,2,2023-06-17T17:58:24+00:00
SAO_6258-10,São Paulo,3550308,True,,1232,,,-23.653938,-46.709849000000006,,,,1,2023-06-17T17:59:01+00:00
SAO_6258-10,São Paulo,3550308,True,,1232,,,-23.65423,-46.7120225,,,,1,2023-06-17T17:59:08+00:00
SAO_6258-10,São Paulo,3550308,True,,1232,,,-23.6542125,-46.711884999999995,,,,1,2023-06-17T17:58:45+00:00
SAO_6258-10,São Paulo,3550308,True,,1232,,,-23.691460499999998,-46.746868500000005,,,,1,2023-06-17T17:59:05+00:00
SAO_6258-10,São Paulo,3550308,True,,1232,,,-23.669065000000003,-46.7337665,,,,1,2023-06-17T17:59:13+00:00
SAO_6258-10,São Paulo,3550308,True,,1232,,,-23.654259500000002,-46.7122535,,,,1,2023-06-17T17:58:44+00:00
SAO_4286-10,São Paulo,3550308,True,,326,,,-23.610093499999998,-46.5294835,,,,1,2023-06-17T17:58:57+00:00
SAO_809D-10,São Paulo,3550308,True,,2068,,,-23.5844465,-46.737025,,,,1,2023-06-17T17:58:55+00:00
SAO_809D-10,São Paulo,3550308,True,,2068,,,-23.565880999999997,-46.701195,,,,1,2023-06-17T17:59:02+00:00
SAO_809D-10,São Paulo,3550308,True,,2068,,,-23.602618,-46.7863555,,,,1,2023-06-17T17:58:48+00:00
SAO_342C-10,São Paulo,3550308,True,,33770,,,-23.543997750000003,-46.489855250000005,,,,2,2023-06-17T17:58:54+00:00
SAO_342C-10,São Paulo,3550308,True,,33770,,,-23.536285499999998,-46.526264999999995,,,,2,2023-06-17T17:58:56+00:00
SAO_2730-10,São Paulo,3550308,True,,33713,,,-23.510537499999998,-46.4468945,,,,2,2023-06-17T17:58:43+00:00
SAO_2730-10,São Paulo,3550308,True,,33713,,,-23.5082095,-46.45935325,,,,2,2023-06-17T17:59:04+00:00
SAO_2730-10,São Paulo,3550308,True,,33713,,,-23.539009125,-46.481483999999995,,,,2,2023-06-17T17:58:47+00:00
SAO_2730-10,São Paulo,3550308,True,,33713,,,-23.510537499999998,-46.4468945,,,,2,2023-06-17T17:58:47+00:00
SAO_2730-10,São Paulo,3550308,True,,33713,,,-23.51947075,-46.469544,,,,2,2023-06-17T17:59:06+00:00
SAO_2730-10,São Paulo,3550308,True,,33713,,,-23.509568,-46.44579975,,,,2,2023-06-17T17:59:04+00:00
SAO_2724-10,São Paulo,3550308,True,,33706,,,-23.5224605,-46.4677965,,,,2,2023-06-17T17:58:54+00:00
SAO_2724-10,São Paulo,3550308,True,,33706,,,-23.539782000000002,-46.482977500000004,,,,2,2023-06-17T17:58:48+00:00
SAO_2724-10,São Paulo,3550308,True,,33706,,,-23.539783999999997,-46.483161,,,,2,2023-06-17T17:59:05+00:00
SAO_2724-10,São Paulo,3550308,True,,33706,,,-23.5403095,-46.483497,,,,2,2023-06-17T17:58:34+00:00
SAO_271A-51,São Paulo,3550308,True,,703,,,-23.5030725,-46.524626,,,,1,2023-06-17T17:59:13+00:00
SAO_271A-51,São Paulo,3550308,True,,703,,,-23.4997295,-46.606901500000006,,,,1,2023-06-17T17:58:46+00:00
SAO_271A-51,São Paulo,3550308,True,,703,,,-23.513809125,-46.571135625,,,,1,2023-06-17T17:58:34+00:00
SAO_107T-10,São Paulo,3550308,True,,621,,,-23.573535,-46.6763045,,,,1,2023-06-17T17:58:45+00:00
SAO_107T-10,São Paulo,3550308,True,,621,,,-23.49316025,-46.6173505,,,,1,2023-06-17T17:58:52+00:00
SAO_107T-10,São Paulo,3550308,True,,621,,,-23.5377290625,-46.634547187500004,,,,1,2023-06-17T17:58:55+00:00
SAO_107T-10,São Paulo,3550308,True,,621,,,-23.4808435,-46.604151,,,,1,2023-06-17T17:59:03+00:00
SAO_8707-10,São Paulo,3550308,True,,34832,,,-23.534661999999997,-46.6444695,,,,2,2023-06-17T17:59:08+00:00
SAO_8707-10,São Paulo,3550308,True,,34832,,,-23.574688000000002,-46.728376,,,,2,2023-06-17T17:59:02+00:00
SAO_8707-10,São Paulo,3550308,True,,34832,,,-23.5743785,-46.727658,,,,2,2023-06-17T17:58:36+00:00
SAO_8707-10,São Paulo,3550308,True,,34832,,,-23.5823195,-46.759943,,,,2,2023-06-17T17:58:53+00:00
SAO_8707-10,São Paulo,3550308,True,,34832,,,-23.5501595,-46.6545185,,,,2,2023-06-17T17:59:00+00:00
SAO_857P-10,São Paulo,3550308,True,,1926,,,-23.584879,-46.718874,,,,1,2023-06-17T17:59:13+00:00
SAO_857P-10,São Paulo,3550308,True,,1926,,,-23.6285345,-46.7679945,,,,1,2023-06-17T17:58:47+00:00
SAO_857P-10,São Paulo,3550308,True,,1926,,,-23.57616375,-46.643564749999996,,,,1,2023-06-17T17:58:51+00:00
SAO_857P-10,São Paulo,3550308,True,,1926,,,-23.61608425,-46.75695325,,,,1,2023-06-17T17:58:43+00:00
SAO_857P-10,São Paulo,3550308,True,,1926,,,-23.5639891875,-46.653543562500005,,,,1,2023-06-17T17:59:16+00:00
SAO_5630-10,São Paulo,3550308,True,,78,,,-23.7374635,-46.697805,,,,1,2023-06-17T17:58:49+00:00
SAO_5630-10,São Paulo,3550308,True,,78,,,-23.575944999999997,-46.64233525,,,,1,2023-06-17T17:58:54+00:00
SAO_5630-10,São Paulo,3550308,True,,78,,,-23.7374635,-46.697805,,,,1,2023-06-17T17:58:44+00:00
SAO_5630-10,São Paulo,3550308,True,,78,,,-23.613298999999998,-46.6577865,,,,1,2023-06-17T17:58:37+00:00
SAO_5630-10,São Paulo,3550308,True,,78,,,-23.5470685,-46.617057,,,,1,2023-06-17T17:58:39+00:00
SAO_5630-10,São Paulo,3550308,True,,78,,,-23.7374635,-46.697805,,,,1,2023-06-17T17:58:46+00:00
SAO_5630-10,São Paulo,3550308,True,,78,,,-23.72721975,-46.69921875,,,,1,2023-06-17T17:59:15+00:00
SAO_5630-10,São Paulo,3550308,True,,78,,,-23.7016095,-46.7014035,,,,1,2023-06-17T17:59:09+00:00
SAO_5630-10,São Paulo,3550308,True,,78,,,-23.7374635,-46.697805,,,,1,2023-06-17T17:58:32+00:00
SAO_5630-10,São Paulo,3550308,True,,78,,,-23.661078500000002,-46.6793775,,,,1,2023-06-17T17:59:14+00:00
SAO_1720-10,São Paulo,3550308,True,,33631,,,-23.4730435,-46.6150825,,,,2,2023-06-17T17:59:08+00:00
SAO_1720-10,São Paulo,3550308,True,,33631,,,-23.479107,-46.578289500000004,,,,2,2023-06-17T17:55:02+00:00
SAO_1720-10,São Paulo,3550308,True,,33631,,,-23.481203,-46.602722375,,,,2,2023-06-17T17:58:54+00:00
SAO_1720-10,São Paulo,3550308,True,,33631,,,-23.493856,-46.568802,,,,2,2023-06-17T17:58:50+00:00
SAO_1720-10,São Paulo,3550308,True,,33631,,,-23.4491595,-46.610466,,,,2,2023-06-17T17:58:49+00:00
SAO_1720-10,São Paulo,3550308,True,,33631,,,-23.481246249999998,-46.58206275,,,,2,2023-06-17T17:59:01+00:00
SAO_819A-10,São Paulo,3550308,True,Rápido Campinas,803,https://moovitapp.com/index/pt-br/transporte_p%C3%BAblico-line-803-Sao_Paulo-242-858660-544941-0,5.3,-23.4757485,-46.66410075,,,,1,2023-06-17T17:58:53+00:00
SAO_819A-10,São Paulo,3550308,True,Rápido Campinas,803,https://moovitapp.com/index/pt-br/transporte_p%C3%BAblico-line-803-Sao_Paulo-242-858660-544941-0,5.3,-23.488441875,-46.675133875,,,,1,2023-06-17T17:59:04+00:00
SAO_819A-10,São Paulo,3550308,True,Rápido Campinas,803,https://moovitapp.com/index/pt-br/transporte_p%C3%BAblico-line-803-Sao_Paulo-242-858660-544941-0,5.3,-23.4495085,-46.700829999999996,,,,1,2023-06-17T17:58:57+00:00
SAO_819A-10,São Paulo,3550308,True,Rápido Campinas,803,https://moovitapp.com/index/pt-br/transporte_p%C3%BAblico-line-803-Sao_Paulo-242-858660-544941-0,5.3,-23.438405,-46.748092,,,,1,2023-06-17T17:59:06+00:00
SAO_819A-10,São Paulo,3550308,True,Rápido Campinas,803,https://moovitapp.com/index/pt-br/transporte_p%C3%BAblico-line-803-Sao_Paulo-242-858660-544941-0,5.3,-23.438405,-46.748092,,,,1,2023-06-17T17:58:43+00:00
SAO_819A-10,São Paulo,3550308,True,Rápido Campinas,803,https://moovitapp.com/index/pt-br/transporte_p%C3%BAblico-line-803-Sao_Paulo-242-858660-544941-0,5.3,-23.43384825,-46.720632375,,,,1,2023-06-17T17:58:46+00:00
SAO_819A-10,São Paulo,3550308,True,Rápido Campinas,803,https://moovitapp.com/index/pt-br/transporte_p%C3%BAblico-line-803-Sao_Paulo-242-858660-544941-0,5.3,-23.46340425,-46.68168125,,,,1,2023-06-17T17:58:55+00:00
SAO_819A-10,São Paulo,3550308,True,Rápido Campinas,803,https://moovitapp.com/index/pt-br/transporte_p%C3%BAblico-line-803-Sao_Paulo-242-858660-544941-0,5.3,-23.4492795,-46.73480575,,,,1,2023-06-17T17:59:14+00:00
SAO_819A-10,São Paulo,3550308,True,Rápido Campinas,803,https://moovitapp.com/index/pt-br/transporte_p%C3%BAblico-line-803-Sao_Paulo-242-858660-544941-0,5.3,-23.444962625000002,-46.748129250000005,,,,1,2023-06-17T17:58:40+00:00
SAO_5141-10,São Paulo,3550308,True,,1625,,,-23.592548,-46.5289955,,,,1,2023-06-17T17:58:51+00:00
SAO_5141-10,São Paulo,3550308,True,,1625,,,-23.573755249999998,-46.55818375,,,,1,2023-06-17T17:59:15+00:00
SAO_5141-10,São Paulo,3550308,True,,1625,,,-23.55159325,-46.609397,,,,1,2023-06-17T17:56:03+00:00
SAO_809H-10,São Paulo,3550308,True,,35013,,,-23.5806105,-46.793718,,,,2,2023-06-17T17:59:07+00:00
SAO_809H-10,São Paulo,3550308,True,,35013,,,-23.583657,-46.780884,,,,2,2023-06-17T17:58:49+00:00
SAO_809H-10,São Paulo,3550308,True,,35013,,,-23.542752125,-46.731549875,,,,2,2023-06-17T17:58:57+00:00
SAO_2019-10,São Paulo,3550308,True,,905,,,-23.53018775,-46.496078499999996,,,,1,2023-06-17T17:58:32+00:00
SAO_2019-10,São Paulo,3550308,True,,905,,,-23.5316515,-46.52857349999999,,,,1,2023-06-17T17:58:57+00:00
SAO_6014-10,São Paulo,3550308,True,,188,,,-23.74353425,-46.801079,,,,1,2023-06-17T17:59:13+00:00
SAO_6014-10,São Paulo,3550308,True,,188,,,-23.714302500000002,-46.7821605,,,,1,2023-06-17T17:58:35+00:00
SAO_6014-10,São Paulo,3550308,True,,188,,,-23.7019605,-46.7823185,,,,1,2023-06-17T17:59:13+00:00
SAO_6014-10,São Paulo,3550308,True,,188,,,-23.6759515,-46.7527535,,,,1,2023-06-17T17:58:51+00:00
SAO_6045-10,São Paulo,3550308,True,,1222,,,-23.69435,-46.794564,,,,1,2023-06-17T17:58:52+00:00
SAO_6045-10,São Paulo,3550308,True,,1222,,,-23.6760265,-46.7747005,,,,1,2023-06-17T17:59:15+00:00
SAO_6045-10,São Paulo,3550308,True,,1222,,,-23.68599675,-46.8012415,,,,1,2023-06-17T17:59:09+00:00
SAO_6045-10,São Paulo,3550308,True,,1222,,,-23.69435,-46.794564,,,,1,2023-06-17T17:59:07+00:00
SAO_6045-10,São Paulo,3550308,True,,1222,,,-23.694674999999997,-46.793941000000004,,,,1,2023-06-17T17:59:16+00:00
SAO_6045-10,São Paulo,3550308,True,,1222,,,-23.6945445,-46.794182,,,,1,2023-06-17T17:58:44+00:00
SAO_1012-10,São Paulo,3550308,True,,2486,,,-23.4297035,-46.795139500000005,,,,1,2023-06-17T17:58:56+00:00
SAO_1012-10,São Paulo,3550308,True,,2486,,,-23.441249499999998,-46.80630825,,,,1,2023-06-17T17:59:10+00:00
SAO_477P-10,São Paulo,3550308,True,,33116,,,-23.577896000000003,-46.765409500000004,,,,2,2023-06-17T17:59:11+00:00
SAO_477P-10,São Paulo,3550308,True,,33116,,,-23.61229925,-46.628619,,,,2,2023-06-17T17:58:52+00:00
SAO_477P-10,São Paulo,3550308,True,,33116,,,-23.5692155,-46.6972605,,,,2,2023-06-17T17:58:55+00:00
SAO_477P-10,São Paulo,3550308,True,,33116,,,-23.612551,-46.60875125,,,,2,2023-06-17T17:59:11+00:00
SAO_477P-10,São Paulo,3550308,True,,33116,,,-23.58154325,-46.613892500000006,,,,2,2023-06-17T17:58:40+00:00
SAO_7013-10,São Paulo,3550308,True,,775,,,-23.624555,-46.763753,,,,1,2023-06-17T17:58:35+00:00
SAO_7013-10,São Paulo,3550308,True,,775,,,-23.638996125,-46.753004875,,,,1,2023-06-17T17:59:06+00:00
SAO_7013-10,São Paulo,3550308,True,,775,,,-23.591237,-46.7360755,,,,1,2023-06-17T17:58:57+00:00
SAO_5106-21,São Paulo,3550308,True,,1972,,,-23.692334250000002,-46.658640375,,,,1,2023-06-17T17:59:01+00:00
SAO_5106-21,São Paulo,3550308,True,,1972,,,-23.613776125,-46.650147000000004,,,,1,2023-06-17T17:59:09+00:00
SAO_5106-21,São Paulo,3550308,True,,1972,,,-23.6137345,-46.695820499999996,,,,1,2023-06-17T17:58:55+00:00
SAO_5106-21,São Paulo,3550308,True,,1972,,,-23.6920295,-46.644213500000006,,,,1,2023-06-17T17:59:14+00:00
SAO_5106-21,São Paulo,3550308,True,,1972,,,-23.604115999999998,-46.6748135,,,,1,2023-06-17T17:58:54+00:00
SAO_5106-21,São Paulo,3550308,True,,1972,,,-23.641469999999998,-46.641408,,,,1,2023-06-17T17:58:37+00:00
SAO_607M-10,São Paulo,3550308,True,,2036,,,-23.6503890625,-46.7043493125,,,,1,2023-06-17T17:59:13+00:00
SAO_607M-10,São Paulo,3550308,True,,2036,,,-23.713739750000002,-46.69859025,,,,1,2023-06-17T17:59:15+00:00
SAO_8055-10,São Paulo,3550308,True,,33182,,,-23.405629499999996,-46.75294575,,,,2,2023-06-17T17:58:38+00:00
SAO_8055-10,São Paulo,3550308,True,,33182,,,-23.408545500000002,-46.740751,,,,2,2023-06-17T17:59:10+00:00
SAO_8055-10,São Paulo,3550308,True,,33182,,,-23.518145500000003,-46.7036745,,,,2,2023-06-17T17:58:33+00:00
SAO_2032-10,São Paulo,3550308,True,,35034,,,-23.484299999999998,-46.573052000000004,,,,2,2023-06-17T17:58:53+00:00
SAO_2032-10,São Paulo,3550308,True,,35034,,,-23.480001,-46.581720000000004,,,,2,2023-06-17T17:58:58+00:00
SAO_9019-10,São Paulo,3550308,True,,34201,,,-23.482098,-46.718140000000005,,,,2,2023-06-17T17:58:57+00:00
SAO_9019-10,São Paulo,3550308,True,,34201,,,-23.482210000000002,-46.7243665,,,,2,2023-06-17T17:58:52+00:00
SAO_9019-10,São Paulo,3550308,True,,34201,,,-23.462889,-46.714138500000004,,,,2,2023-06-17T17:58:55+00:00
SAO_273D-10,São Paulo,3550308,True,,32990,,,-23.538571500000003,-46.479667750000004,,,,2,2023-06-17T17:57:27+00:00
SAO_273D-10,São Paulo,3550308,True,,32990,,,-23.5214175,-46.4108045,,,,2,2023-06-17T17:59:12+00:00
SAO_273D-10,São Paulo,3550308,True,,32990,,,-23.540174,-46.483585500000004,,,,2,2023-06-17T17:58:50+00:00
SAO_273D-10,São Paulo,3550308,True,,32990,,,-23.521214999999998,-46.41099,,,,2,2023-06-17T17:59:05+00:00
SAO_6805-31,São Paulo,3550308,True,,34556,,,-23.648217000000002,-46.7317995,,,,2,2023-06-17T17:59:17+00:00
SAO_6805-31,São Paulo,3550308,True,,34556,,,-23.654442500000002,-46.7623235,,,,2,2023-06-17T17:58:36+00:00
SAO_3736-10,São Paulo,3550308,True,,1036,,,-23.575533,-46.4834125,,,,1,2023-06-17T17:59:03+00:00
SAO_3736-10,São Paulo,3550308,True,,1036,,,-23.568877999999998,-46.4758675,,,,1,2023-06-17T17:59:06+00:00
SAO_3736-10,São Paulo,3550308,True,,1036,,,-23.575533,-46.4834125,,,,1,2023-06-17T17:58:36+00:00
SAO_3736-10,São Paulo,3550308,True,,1036,,,-23.575533,-46.4834125,,,,1,2023-06-17T17:59:08+00:00
SAO_3736-10,São Paulo,3550308,True,,1036,,,-23.5546785,-46.483837,,,,1,2023-06-17T17:58:39+00:00
SAO_3736-10,São Paulo,3550308,True,,1036,,,-23.542085,-46.483832,,,,1,2023-06-17T17:59:06+00:00
SAO_3736-10,São Paulo,3550308,True,,1036,,,-23.575533,-46.4834125,,,,1,2023-06-17T17:58:58+00:00
SAO_314V-10,São Paulo,3550308,True,EMTU,311,https://moovitapp.com/index/pt-br/transporte_p%C3%BAblico-line-311-Sao_Paulo-242-2038937-36419403-0,7.9,-23.589647999999997,-46.539651750000004,,,,1,2023-06-17T17:58:46+00:00
SAO_314V-10,São Paulo,3550308,True,EMTU,311,https://moovitapp.com/index/pt-br/transporte_p%C3%BAblico-line-311-Sao_Paulo-242-2038937-36419403-0,7.9,-23.561131125,-46.62167975,,,,1,2023-06-17T17:59:01+00:00
SAO_5318-10,São Paulo,3550308,True,,45,,,-23.549182000000002,-46.638737500000005,,,,1,2023-06-17T17:58:44+00:00
SAO_5318-10,São Paulo,3550308,True,,45,,,-23.670436,-46.740786,,,,1,2023-06-17T17:58:58+00:00
SAO_5318-10,São Paulo,3550308,True,,45,,,-23.637971375,-46.69459475000001,,,,1,2023-06-17T17:58:41+00:00
SAO_4027-10,São Paulo,3550308,True,,33865,,,-23.617521500000002,-46.468498999999994,,,,2,2023-06-17T17:59:02+00:00
SAO_4027-10,São Paulo,3550308,True,,33865,,,-23.600215249999998,-46.48453775,,,,2,2023-06-17T17:58:57+00:00
SAO_4027-10,São Paulo,3550308,True,,33865,,,-23.607842,-46.478333500000005,,,,2,2023-06-17T17:58:35+00:00
SAO_4027-10,São Paulo,3550308,True,,33865,,,-23.6367605,-46.4446925,,,,2,2023-06-17T17:59:03+00:00
SAO_4027-10,São Paulo,3550308,True,,33865,,,-23.6235405,-46.446826,,,,2,2023-06-17T17:58:45+00:00
SAO_4708-10,São Paulo,3550308,True,EMTU,332,https://moovitapp.com/index/pt-br/transporte_p%C3%BAblico-line-332-Sao_Paulo-242-2038937-36419418-0,4.5,-23.590708,-46.63347625,,,,1,2023-06-17T17:58:37+00:00
SAO_2715-10,São Paulo,3550308,True,,928,,,-23.526123374999997,-46.50213975,,,,1,2023-06-17T17:59:01+00:00
SAO_2715-10,São Paulo,3550308,True,,928,,,-23.510765499999998,-46.499801,,,,1,2023-06-17T17:59:17+00:00
SAO_211V-10,São Paulo,3550308,True,,32922,,,-23.485762375,-46.475267875,,,,2,2023-06-17T17:58:31+00:00
SAO_211V-10,São Paulo,3550308,True,,32922,,,-23.5060765,-46.530457,,,,2,2023-06-17T17:55:53+00:00
SAO_702U-22,São Paulo,3550308,True,,35349,,,-23.57169525,-46.7078775,,,,2,2023-06-17T17:58:36+00:00
SAO_702U-22,São Paulo,3550308,True,,35349,,,-23.56505575,-46.679587999999995,,,,2,2023-06-17T17:59:03+00:00
SAO_702U-22,São Paulo,3550308,True,,35349,,,-23.5422895,-46.640137499999994,,,,2,2023-06-17T17:59:14+00:00
SAO_6048-10,São Paulo,3550308,True,,32824,,,-23.65097275,-46.7572675,,,,2,2023-06-17T17:59:02+00:00
SAO_8549-10,São Paulo,3550308,True,EMTU,580,https://moovitapp.com/index/pt-br/transporte_p%C3%BAblico-line-580-Sao_Paulo-242-2038937-36419570-0,7.55,-23.534087625,-46.65517224999999,,,,1,2023-06-17T17:58:38+00:00
SAO_8549-10,São Paulo,3550308,True,EMTU,580,https://moovitapp.com/index/pt-br/transporte_p%C3%BAblico-line-580-Sao_Paulo-242-2038937-36419570-0,7.55,-23.504904,-46.6898445,,,,1,2023-06-17T17:59:08+00:00
SAO_8549-10,São Paulo,3550308,True,EMTU,580,https://moovitapp.com/index/pt-br/transporte_p%C3%BAblico-line-580-Sao_Paulo-242-2038937-36419570-0,7.55,-23.453165,-46.6974415,,,,1,2023-06-17T17:58:38+00:00
SAO_9301-10,São Paulo,3550308,True,,458,,,-23.502119999999998,-46.657633000000004,,,,1,2023-06-17T17:58:37+00:00
SAO_9301-10,São Paulo,3550308,True,,458,,,-23.5429095,-46.636401500000005,,,,1,2023-06-17T17:58:58+00:00
SAO_8194-10,São Paulo,3550308,True,,33573,,,-23.443126499999998,-46.705809,,,,2,2023-06-17T17:58:45+00:00
SAO_8194-10,São Paulo,3550308,True,,33573,,,-23.401451,-46.742627999999996,,,,2,2023-06-17T17:59:12+00:00
SAO_8194-10,São Paulo,3550308,True,,33573,,,-23.4746105,-46.669987000000006,,,,2,2023-06-17T17:59:16+00:00
SAO_8194-10,São Paulo,3550308,True,,33573,,,-23.450783,-46.700252,,,,2,2023-06-17T17:58:57+00:00
SAO_8194-10,São Paulo,3550308,True,,33573,,,-23.4746105,-46.669987000000006,,,,2,2023-06-17T17:58:37+00:00
SAO_8194-10,São Paulo,3550308,True,,33573,,,-23.4015435,-46.742804500000005,,,,2,2023-06-17T17:59:00+00:00
SAO_8194-10,São Paulo,3550308,True,,33573,,,-23.463973,-46.68045425,,,,2,2023-06-17T17:58:34+00:00
SAO_8194-10,São Paulo,3550308,True,,33573,,,-23.4134345,-46.749998500000004,,,,2,2023-06-17T17:58:41+00:00
SAO_809L-10,São Paulo,3550308,True,,34717,,,-23.6297705,-46.7698795,,,,2,2023-06-17T17:59:03+00:00
SAO_809L-10,São Paulo,3550308,True,,34717,,,-23.631868500000003,-46.772482,,,,2,2023-06-17T17:58:57+00:00
SAO_809L-10,São Paulo,3550308,True,,34717,,,-23.574813499999998,-46.7120835,,,,2,2023-06-17T17:59:14+00:00
SAO_809L-10,São Paulo,3550308,True,,34717,,,-23.629406,-46.769467,,,,2,2023-06-17T17:59:00+00:00
SAO_809L-10,São Paulo,3550308,True,,34717,,,-23.5289005,-46.7059645,,,,2,2023-06-17T17:58:55+00:00
SAO_809L-10,São Paulo,3550308,True,,34717,,,-23.632016,-46.772219500000006,,,,2,2023-06-17T17:58:56+00:00
SAO_4021-10,São Paulo,3550308,True,,35316,,,-23.542792499999997,-46.470580999999996,,,,2,2023-06-17T17:58:40+00:00
SAO_4021-10,São Paulo,3550308,True,,35316,,,-23.542766999999998,-46.470433,,,,2,2023-06-17T17:59:18+00:00
SAO_4021-10,São Paulo,3550308,True,,35316,,,-23.56196875,-46.4501485,,,,2,2023-06-17T17:58:59+00:00
SAO_4021-10,São Paulo,3550308,True,,35316,,,-23.54942475,-46.455927,,,,2,2023-06-17T17:58:40+00:00
SAO_4021-10,São Paulo,3550308,True,,35316,,,-23.542792499999997,-46.470580999999996,,,,2,2023-06-17T17:59:17+00:00
SAO_4021-10,São Paulo,3550308,True,,35316,,,-23.542792499999997,-46.470580999999996,,,,2,2023-06-17T17:59:10+00:00
SAO_4021-10,São Paulo,3550308,True,,35316,,,-23.542792499999997,-46.470580999999996,,,,2,2023-06-17T17:55:50+00:00
SAO_4221-10,São Paulo,3550308,True,,325,,,-23.581951,-46.5902595,,,,1,2023-06-17T17:59:12+00:00
SAO_4221-10,São Paulo,3550308,True,,325,,,-23.609287000000002,-46.514108,,,,1,2023-06-17T17:58:52+00:00
SAO_4221-10,São Paulo,3550308,True,,325,,,-23.596298,-46.558651499999996,,,,1,2023-06-17T17:59:07+00:00
SAO_4012-10,São Paulo,3550308,True,,2185,,,-23.598098999999998,-46.4409325,,,,1,2023-06-17T17:58:39+00:00
SAO_4012-10,São Paulo,3550308,True,,2185,,,-23.620516000000002,-46.4668725,,,,1,2023-06-17T17:59:13+00:00
SAO_4012-10,São Paulo,3550308,True,,2185,,,-23.604257499999996,-46.443991375,,,,1,2023-06-17T17:55:54+00:00
SAO_6042-21,São Paulo,3550308,True,,1775,,,-23.6591095,-46.766191,,,,1,2023-06-17T17:59:08+00:00
SAO_3031-10,São Paulo,3550308,True,,33735,,,-23.6129015,-46.444473,,,,2,2023-06-17T17:59:10+00:00
SAO_3031-10,São Paulo,3550308,True,,33735,,,-23.57300425,-46.458472,,,,2,2023-06-17T17:58:38+00:00
SAO_3031-10,São Paulo,3550308,True,,33735,,,-23.5962685,-46.43877275,,,,2,2023-06-17T17:59:09+00:00
SAO_3031-10,São Paulo,3550308,True,,33735,,,-23.6126845,-46.4445915,,,,2,2023-06-17T17:58:47+00:00
SAO_7023-10,São Paulo,3550308,True,,34920,,,-23.6998485,-46.7636555,,,,2,2023-06-17T17:55:11+00:00
SAO_7023-10,São Paulo,3550308,True,,34920,,,-23.682937,-46.735759,,,,2,2023-06-17T17:59:03+00:00
SAO_7023-10,São Paulo,3550308,True,,34920,,,-23.6540115,-46.7103915,,,,2,2023-06-17T17:59:07+00:00
SAO_7023-10,São Paulo,3550308,True,,34920,,,-23.6995785,-46.763411500000004,,,,2,2023-06-17T17:57:32+00:00
SAO_7023-10,São Paulo,3550308,True,,34920,,,-23.6917745,-46.7619045,,,,2,2023-06-17T17:53:24+00:00
SAO_6836-10,São Paulo,3550308,True,BR7 Mobilidade,13,https://moovitapp.com/index/pt-br/transporte_p%C3%BAblico-line-13-Sao_Paulo-242-851856-705937-0,5.75,-23.659055000000002,-46.7433415,,,,1,2023-06-17T17:58:43+00:00
SAO_6836-10,São Paulo,3550308,True,BR7 Mobilidade,13,https://moovitapp.com/index/pt-br/transporte_p%C3%BAblico-line-13-Sao_Paulo-242-851856-705937-0,5.75,-23.684404999999998,-46.7817855,,,,1,2023-06-17T17:58:37+00:00
SAO_4092-10,São Paulo,3550308,True,,1876,,,-23.583388999999997,-46.4215205,,,,1,2023-06-17T17:58:39+00:00
SAO_957T-10,São Paulo,3550308,True,,33232,,,-23.544715,-46.7194765,,,,2,2023-06-17T17:58:38+00:00
SAO_957T-10,São Paulo,3550308,True,,33232,,,-23.444875,-46.714068499999996,,,,2,2023-06-17T17:58:49+00:00
SAO_957T-10,São Paulo,3550308,True,,33232,,,-23.436427374999997,-46.716528374999996,,,,2,2023-06-17T17:58:45+00:00
SAO_178Y-10,São Paulo,3550308,True,,868,,,-23.487201,-46.623954,,,,1,2023-06-17T17:57:00+00:00
SAO_178Y-10,São Paulo,3550308,True,,868,,,-23.475748625,-46.63433175,,,,1,2023-06-17T17:58:34+00:00
SAO_178Y-10,São Paulo,3550308,True,,868,,,-23.49191325,-46.618136,,,,1,2023-06-17T17:59:01+00:00
SAO_1786-10,São Paulo,3550308,True,,649,,,-23.45376775,-46.607023,,,,1,2023-06-17T17:55:00+00:00
SAO_1786-10,São Paulo,3550308,True,,649,,,-23.472018,-46.617746,,,,1,2023-06-17T17:55:40+00:00
SAO_1786-10,São Paulo,3550308,True,,649,,,-23.454599,-46.614706999999996,,,,1,2023-06-17T17:59:14+00:00
SAO_3008-10,São Paulo,3550308,True,,2515,,,-23.5127195,-46.3963775,,,,1,2023-06-17T17:58:57+00:00
SAO_3008-10,São Paulo,3550308,True,,2515,,,-23.4941885,-46.400822,,,,1,2023-06-17T17:58:41+00:00
SAO_7049-10,São Paulo,3550308,True,,34680,,,-23.705192,-46.784183,,,,2,2023-06-17T17:59:04+00:00
SAO_7049-10,São Paulo,3550308,True,,34680,,,-23.7115665,-46.7780305,,,,2,2023-06-17T17:59:03+00:00
SAO_7049-10,São Paulo,3550308,True,,34680,,,-23.711143749999998,-46.778219750000005,,,,2,2023-06-17T17:58:48+00:00
SAO_7049-10,São Paulo,3550308,True,,34680,,,-23.6315095,-46.772093,,,,2,2023-06-17T17:58:34+00:00
SAO_7049-10,São Paulo,3550308,True,,34680,,,-23.6374695,-46.7795415,,,,2,2023-06-17T17:59:10+00:00
SAO_7049-10,São Paulo,3550308,True,,34680,,,-23.71138725,-46.77812725,,,,2,2023-06-17T17:58:43+00:00
SAO_7049-10,São Paulo,3550308,True,,34680,,,-23.681503,-46.7741345,,,,2,2023-06-17T17:58:45+00:00
SAO_5036-10,São Paulo,3550308,True,,1666,,,-23.621416625000002,-46.602973875,,,,1,2023-06-17T17:58:37+00:00
SAO_875C-1,São Paulo,3550308,True,,2510,,,-23.5720645,-46.690287999999995,,,,1,2023-06-17T17:58:51+00:00
SAO_875C-1,São Paulo,3550308,True,,2510,,,-23.520611,-46.699345,,,,1,2023-06-17T17:59:04+00:00
SAO_9653-10,São Paulo,3550308,True,,33356,,,-23.4580645,-46.6433105,,,,2,2023-06-17T17:58:34+00:00
SAO_9653-10,São Paulo,3550308,True,,33356,,,-23.521528500000002,-46.666227,,,,2,2023-06-17T17:59:14+00:00
SAO_9653-10,São Paulo,3550308,True,,33356,,,-23.4953185,-46.677420999999995,,,,2,2023-06-17T17:58:52+00:00
SAO_9653-10,São Paulo,3550308,True,,33356,,,-23.4580645,-46.6433105,,,,2,2023-06-17T17:59:09+00:00
SAO_9653-10,São Paulo,3550308,True,,33356,,,-23.4580645,-46.6433105,,,,2,2023-06-17T17:58:46+00:00
SAO_695D-10,São Paulo,3550308,True,,32882,,,-23.732850999999997,-46.6761405,,,,2,2023-06-17T17:58:55+00:00
SAO_695D-10,São Paulo,3550308,True,,32882,,,-23.691661874999998,-46.698263499999996,,,,2,2023-06-17T17:58:59+00:00
SAO_695D-10,São Paulo,3550308,True,,32882,,,-23.650265375,-46.663811624999994,,,,2,2023-06-17T17:58:35+00:00
SAO_695D-10,São Paulo,3550308,True,,32882,,,-23.718638499999997,-46.690209499999995,,,,2,2023-06-17T17:58:51+00:00
SAO_695D-10,São Paulo,3550308,True,,32882,,,-23.662321,-46.6791595,,,,2,2023-06-17T17:58:58+00:00
SAO_7017-10,São Paulo,3550308,True,,2502,,,-23.683731,-46.789654999999996,,,,1,2023-06-17T17:59:10+00:00
SAO_7017-10,São Paulo,3550308,True,,2502,,,-23.6683575,-46.7355065,,,,1,2023-06-17T17:59:04+00:00
SAO_7017-10,São Paulo,3550308,True,,2502,,,-23.670794,-46.772879,,,,1,2023-06-17T17:58:49+00:00
SAO_519M-10,São Paulo,3550308,True,,34979,,,-23.597983874999997,-46.54017375,,,,2,2023-06-17T17:58:33+00:00
SAO_519M-10,São Paulo,3550308,True,,34979,,,-23.613173500000002,-46.482603499999996,,,,2,2023-06-17T17:58:55+00:00
SAO_546L-10,São Paulo,3550308,True,,34053,,,-23.688204,-46.638465,,,,2,2023-06-17T17:58:39+00:00
SAO_546L-10,São Paulo,3550308,True,,34053,,,-23.668132999999997,-46.6735075,,,,2,2023-06-17T17:58:59+00:00
SAO_546L-10,São Paulo,3550308,True,,34053,,,-23.682536874999997,-46.643675125,,,,2,2023-06-17T17:56:18+00:00
SAO_546L-10,São Paulo,3550308,True,,34053,,,-23.666846,-46.7062655,,,,2,2023-06-17T17:57:43+00:00
SAO_6010-10,São Paulo,3550308,True,,33970,,,-23.6938785,-46.7945825,,,,2,2023-06-17T17:59:08+00:00
SAO_6010-10,São Paulo,3550308,True,,33970,,,-23.6839735,-46.798265,,,,2,2023-06-17T17:59:13+00:00
SAO_6010-10,São Paulo,3550308,True,,33970,,,-23.669655,-46.7366765,,,,2,2023-06-17T17:58:53+00:00
SAO_6010-10,São Paulo,3550308,True,,33970,,,-23.693805,-46.7944445,,,,2,2023-06-17T17:59:06+00:00
SAO_6010-10,São Paulo,3550308,True,,33970,,,-23.66411325,-46.748219,,,,2,2023-06-17T17:58:49+00:00
SAO_6010-10,São Paulo,3550308,True,,33970,,,-23.667592,-46.7354985,,,,2,2023-06-17T17:59:09+00:00
SAO_6010-10,São Paulo,3550308,True,,33970,,,-23.693499,-46.7941555,,,,2,2023-06-17T17:58:39+00:00
SAO_6010-10,São Paulo,3550308,True,,33970,,,-23.669559749999998,-46.765223750000004,,,,2,2023-06-17T17:59:02+00:00
SAO_6010-10,São Paulo,3550308,True,,33970,,,-23.693631500000002,-46.7942325,,,,2,2023-06-17T17:58:39+00:00
SAO_364A-10,São Paulo,3550308,True,,1246,,,-23.59711,-46.5067995,,,,1,2023-06-17T17:59:07+00:00
SAO_364A-10,São Paulo,3550308,True,,1246,,,-23.6035005,-46.509857,,,,1,2023-06-17T17:58:47+00:00
SAO_364A-10,São Paulo,3550308,True,,1246,,,-23.58525975,-46.5894495,,,,1,2023-06-17T17:58:34+00:00
SAO_364A-10,São Paulo,3550308,True,,1246,,,-23.5828975,-46.6110835,,,,1,2023-06-17T17:59:00+00:00
SAO_364A-10,São Paulo,3550308,True,,1246,,,-23.587295750000003,-46.5442235,,,,1,2023-06-17T17:58:48+00:00
SAO_364A-10,São Paulo,3550308,True,,1246,,,-23.5632085,-46.5012665,,,,1,2023-06-17T17:59:06+00:00
SAO_364A-10,São Paulo,3550308,True,,1246,,,-23.569069,-46.5042595,,,,1,2023-06-17T17:58:54+00:00
SAO_2772-10,São Paulo,3550308,True,,398,,,-23.5129495,-46.516337,,,,1,2023-06-17T17:58:40+00:00
SAO_2772-10,São Paulo,3550308,True,,398,,,-23.510419499999998,-46.409161,,,,1,2023-06-17T17:58:54+00:00
SAO_5131-10,São Paulo,3550308,True,,34050,,,-23.554767500000004,-46.639010375000005,,,,2,2023-06-17T17:58:37+00:00
SAO_5131-10,São Paulo,3550308,True,,34050,,,-23.6444445,-46.672484,,,,2,2023-06-17T17:58:41+00:00
SAO_5131-10,São Paulo,3550308,True,,34050,,,-23.662461999999998,-46.669380000000004,,,,2,2023-06-17T17:58:32+00:00
SAO_527R-10,São Paulo,3550308,True,,271,,,-23.653906999999997,-46.710535500000006,,,,1,2023-06-17T17:59:15+00:00
SAO_527R-10,São Paulo,3550308,True,,271,,,-23.6756785,-46.6504555,,,,1,2023-06-17T17:58:42+00:00
SAO_527R-10,São Paulo,3550308,True,,271,,,-23.654038,-46.708869500000006,,,,1,2023-06-17T17:58:40+00:00
SAO_527R-10,São Paulo,3550308,True,,271,,,-23.6756785,-46.6504555,,,,1,2023-06-17T17:58:38+00:00
SAO_527R-10,São Paulo,3550308,True,,271,,,-23.6756785,-46.6504555,,,,1,2023-06-17T17:59:01+00:00
SAO_527R-10,São Paulo,3550308,True,,271,,,-23.659582999999998,-46.677249375,,,,1,2023-06-17T17:58:53+00:00
SAO_2161-10,São Paulo,3550308,True,,33462,,,-23.541629999999998,-46.634266499999995,,,,2,2023-06-17T17:59:13+00:00
SAO_2161-10,São Paulo,3550308,True,,33462,,,-23.53324975,-46.6122195,,,,2,2023-06-17T17:59:13+00:00
SAO_2161-10,São Paulo,3550308,True,,33462,,,-23.474255499999998,-46.56712,,,,2,2023-06-17T17:58:46+00:00
SAO_2161-10,São Paulo,3550308,True,,33462,,,-23.4740875,-46.566756999999996,,,,2,2023-06-17T17:58:31+00:00
SAO_121G-10,São Paulo,3550308,True,,691,,,-23.50326,-46.5724835,,,,1,2023-06-17T17:58:19+00:00
SAO_121G-10,São Paulo,3550308,True,,691,,,-23.490578499999998,-46.58591425,,,,1,2023-06-17T17:57:16+00:00
SAO_6057-10,São Paulo,3550308,True,,1148,,,-23.766551999999997,-46.7091615,,,,1,2023-06-17T17:58:43+00:00
SAO_6057-10,São Paulo,3550308,True,,1148,,,-23.766783,-46.703367,,,,1,2023-06-17T17:59:04+00:00
SAO_6057-10,São Paulo,3550308,True,,1148,,,-23.7424755,-46.701293,,,,1,2023-06-17T17:59:06+00:00
SAO_4491-10,São Paulo,3550308,True,EMTU,327,https://moovitapp.com/index/pt-br/transporte_p%C3%BAblico-line-327-Sao_Paulo-242-2038937-36419415-0,5.35,-23.651626999999998,-46.6194775,,,,1,2023-06-17T17:54:54+00:00
SAO_4491-10,São Paulo,3550308,True,EMTU,327,https://moovitapp.com/index/pt-br/transporte_p%C3%BAblico-line-327-Sao_Paulo-242-2038937-36419415-0,5.35,-23.556942125,-46.61972575,,,,1,2023-06-17T17:59:07+00:00
SAO_8030-10,São Paulo,3550308,True,,2562,,,-23.6228935,-46.7287175,,,,1,2023-06-17T17:59:15+00:00
SAO_8030-10,São Paulo,3550308,True,,2562,,,-23.6154675,-46.7315305,,,,1,2023-06-17T17:58:54+00:00
SAO_8030-10,São Paulo,3550308,True,,2562,,,-23.6004665,-46.7334285,,,,1,2023-06-17T17:59:12+00:00
SAO_8030-10,São Paulo,3550308,True,,2562,,,-23.6228935,-46.7287175,,,,1,2023-06-17T17:58:59+00:00
SAO_4716-10,São Paulo,3550308,True,,1106,,,-23.617225124999997,-46.6111035,,,,1,2023-06-17T17:58:47+00:00
SAO_4716-10,São Paulo,3550308,True,,1106,,,-23.60718,-46.62083725,,,,1,2023-06-17T17:59:16+00:00
SAO_4732-31,São Paulo,3550308,True,,34895,,,-23.63154375,-46.6059505,,,,2,2023-06-17T17:59:00+00:00
SAO_4732-31,São Paulo,3550308,True,,34895,,,-23.6475085,-46.600749,,,,2,2023-06-17T17:55:21+00:00
SAO_4732-31,São Paulo,3550308,True,,34895,,,-23.647584000000002,-46.6004335,,,,2,2023-06-17T17:54:19+00:00
SAO_809U-21,São Paulo,3550308,True,,2307,,,-23.5468295,-46.6903115,,,,1,2023-06-17T17:59:12+00:00
SAO_809U-21,São Paulo,3550308,True,,2307,,,-23.5466355,-46.69045,,,,1,2023-06-17T17:58:51+00:00
SAO_6008-10,São Paulo,3550308,True,,33968,,,-23.6783645,-46.7343125,,,,2,2023-06-17T17:59:10+00:00
SAO_6008-10,São Paulo,3550308,True,,33968,,,-23.686118,-46.753211,,,,2,2023-06-17T17:58:49+00:00
SAO_6008-10,São Paulo,3550308,True,,33968,,,-23.68727,-46.7629345,,,,2,2023-06-17T17:59:03+00:00
SAO_746K-10,São Paulo,3550308,True,STT,787,https://moovitapp.com/index/pt-br/transporte_p%C3%BAblico-line-787-Sao_Paulo-242-850661-183355-0,5.3,-23.6173055,-46.712680500000005,,,,1,2023-06-17T17:59:16+00:00
SAO_8705-10,São Paulo,3550308,True,,2072,,,-23.547646999999998,-46.760248000000004,,,,1,2023-06-17T17:59:07+00:00
SAO_8705-10,São Paulo,3550308,True,,2072,,,-23.547646999999998,-46.760248000000004,,,,1,2023-06-17T17:58:54+00:00
SAO_8705-10,São Paulo,3550308,True,,2072,,,-23.5467645,-46.761089999999996,,,,1,2023-06-17T17:59:14+00:00
SAO_8705-10,São Paulo,3550308,True,,2072,,,-23.563919,-46.7457965,,,,1,2023-06-17T17:59:06+00:00
SAO_8705-10,São Paulo,3550308,True,,2072,,,-23.547646999999998,-46.760248000000004,,,,1,2023-06-17T17:59:04+00:00
SAO_8705-10,São Paulo,3550308,True,,2072,,,-23.547646999999998,-46.760248000000004,,,,1,2023-06-17T17:58:36+00:00
SAO_8705-10,São Paulo,3550308,True,,2072,,,-23.547646999999998,-46.760248000000004,,,,1,2023-06-17T17:59:18+00:00
SAO_189L-10,São Paulo,3550308,True,,35218,,,-23.5179265,-46.702667,,,,2,2023-06-17T17:58:57+00:00
SAO_189L-10,São Paulo,3550308,True,,35218,,,-23.49102025,-46.70991,,,,2,2023-06-17T17:57:26+00:00
SAO_189L-10,São Paulo,3550308,True,,35218,,,-23.4869675,-46.710637,,,,2,2023-06-17T17:58:41+00:00
SAO_2728-10,São Paulo,3550308,True,,943,,,-23.505173999999997,-46.5195985,,,,1,2023-06-17T17:58:48+00:00
SAO_2728-10,São Paulo,3550308,True,,943,,,-23.527606249999998,-46.54924075,,,,1,2023-06-17T17:58:57+00:00
SAO_2728-10,São Paulo,3550308,True,,943,,,-23.532396249999998,-46.5431725,,,,1,2023-06-17T17:59:02+00:00
SAO_2728-10,São Paulo,3550308,True,,943,,,-23.5184955,-46.546330999999995,,,,1,2023-06-17T17:59:13+00:00
SAO_6358-10,São Paulo,3550308,True,,34062,,,-23.612098,-46.6702855,,,,2,2023-06-17T17:59:04+00:00
SAO_6358-10,São Paulo,3550308,True,,34062,,,-23.686289000000002,-46.6379425,,,,2,2023-06-17T17:58:37+00:00
SAO_6358-10,São Paulo,3550308,True,,34062,,,-23.552871,-46.647738000000004,,,,2,2023-06-17T17:59:16+00:00
SAO_6358-10,São Paulo,3550308,True,,34062,,,-23.6769795,-46.641791,,,,2,2023-06-17T17:59:02+00:00
SAO_8017-10,São Paulo,3550308,True,,1261,,,-23.44610825,-46.726713125,,,,1,2023-06-17T17:59:12+00:00
SAO_8017-10,São Paulo,3550308,True,,1261,,,-23.472459,-46.725044,,,,1,2023-06-17T17:59:03+00:00
SAO_3021-10,São Paulo,3550308,True,,33044,,,-23.596344000000002,-46.512599249999994,,,,2,2023-06-17T17:52:42+00:00
SAO_3021-10,São Paulo,3550308,True,,33044,,,-23.5844595,-46.5833285,,,,2,2023-06-17T17:59:12+00:00
SAO_546A-31,São Paulo,3550308,True,,33900,,,-23.6987815,-46.647917,,,,2,2023-06-17T17:59:13+00:00
SAO_546A-31,São Paulo,3550308,True,,33900,,,-23.687429,-46.68083250000001,,,,2,2023-06-17T17:58:49+00:00
SAO_546A-31,São Paulo,3550308,True,,33900,,,-23.654280999999997,-46.70443349999999,,,,2,2023-06-17T17:59:01+00:00
SAO_546A-31,São Paulo,3550308,True,,33900,,,-23.7138275,-46.65522,,,,2,2023-06-17T17:49:36+00:00
SAO_546A-31,São Paulo,3550308,True,,33900,,,-23.713665,-46.65656725,,,,2,2023-06-17T17:59:02+00:00
SAO_546A-31,São Paulo,3550308,True,,33900,,,-23.675898500000002,-46.6857565,,,,2,2023-06-17T17:59:01+00:00
SAO_7055-10,São Paulo,3550308,True,,34656,,,-23.6649185,-46.770462,,,,2,2023-06-17T17:58:48+00:00
SAO_7055-10,São Paulo,3550308,True,,34656,,,-23.645696,-46.779379,,,,2,2023-06-17T17:59:14+00:00
SAO_7055-10,São Paulo,3550308,True,,34656,,,-23.6923765,-46.7911055,,,,2,2023-06-17T17:59:00+00:00
SAO_7055-10,São Paulo,3550308,True,,34656,,,-23.6921555,-46.7909265,,,,2,2023-06-17T17:58:53+00:00
SAO_7055-10,São Paulo,3550308,True,,34656,,,-23.659836,-46.7703075,,,,2,2023-06-17T17:59:02+00:00
SAO_7055-10,São Paulo,3550308,True,,34656,,,-23.683731,-46.789654999999996,,,,2,2023-06-17T17:59:18+00:00
SAO_4113-10,São Paulo,3550308,True,,768,,,-23.571780250000003,-46.622745,,,,1,2023-06-17T17:58:52+00:00
SAO_4113-10,São Paulo,3550308,True,,768,,,-23.60223775,-46.61006825,,,,1,2023-06-17T17:59:02+00:00
SAO_4113-10,São Paulo,3550308,True,,768,,,-23.60155975,-46.612840250000005,,,,1,2023-06-17T17:58:44+00:00
SAO_4113-10,São Paulo,3550308,True,,768,,,-23.550600000000003,-46.6320195,,,,1,2023-06-17T17:59:09+00:00
SAO_4113-10,São Paulo,3550308,True,,768,,,-23.60181325,-46.61281475,,,,1,2023-06-17T17:58:51+00:00
SAO_4113-10,São Paulo,3550308,True,,768,,,-23.5716675,-46.6234045,,,,1,2023-06-17T17:58:40+00:00
SAO_4113-10,São Paulo,3550308,True,,768,,,-23.60206675,-46.612789250000006,,,,1,2023-06-17T17:59:12+00:00
SAO_4113-10,São Paulo,3550308,True,,768,,,-23.584576,-46.612165000000005,,,,1,2023-06-17T17:59:15+00:00
SAO_4113-10,São Paulo,3550308,True,,768,,,-23.555592000000004,-46.6330895,,,,1,2023-06-17T17:59:13+00:00
SAO_2020-10,São Paulo,3550308,True,,2262,,,-23.475579500000002,-46.609004,,,,1,2023-06-17T17:59:12+00:00
SAO_2020-10,São Paulo,3550308,True,,2262,,,-23.458434500000003,-46.608059499999996,,,,1,2023-06-17T17:58:50+00:00
SAO_2020-10,São Paulo,3550308,True,,2262,,,-23.45846625,-46.60761875,,,,1,2023-06-17T17:58:52+00:00
SAO_3160-10,São Paulo,3550308,True,EMTU,125,https://moovitapp.com/index/pt-br/transporte_p%C3%BAblico-line-125-Sao_Paulo-242-2038937-36419283-0,5.15,-23.55162475,-46.624117500000004,,,,1,2023-06-17T17:59:17+00:00
SAO_3160-10,São Paulo,3550308,True,EMTU,125,https://moovitapp.com/index/pt-br/transporte_p%C3%BAblico-line-125-Sao_Paulo-242-2038937-36419283-0,5.15,-23.583320999999998,-46.5848845,,,,1,2023-06-17T17:58:44+00:00
SAO_3160-10,São Paulo,3550308,True,EMTU,125,https://moovitapp.com/index/pt-br/transporte_p%C3%BAblico-line-125-Sao_Paulo-242-2038937-36419283-0,5.15,-23.5461345,-46.630341,,,,1,2023-06-17T17:58:40+00:00
SAO_3160-10,São Paulo,3550308,True,EMTU,125,https://moovitapp.com/index/pt-br/transporte_p%C3%BAblico-line-125-Sao_Paulo-242-2038937-36419283-0,5.15,-23.5838375,-46.584777,,,,1,2023-06-17T17:59:12+00:00
SAO_3160-10,São Paulo,3550308,True,EMTU,125,https://moovitapp.com/index/pt-br/transporte_p%C3%BAblico-line-125-Sao_Paulo-242-2038937-36419283-0,5.15,-23.5838375,-46.584777,,,,1,2023-06-17T17:58:41+00:00
SAO_3160-10,São Paulo,3550308,True,EMTU,125,https://moovitapp.com/index/pt-br/transporte_p%C3%BAblico-line-125-Sao_Paulo-242-2038937-36419283-0,5.15,-23.5579055,-46.600278,,,,1,2023-06-17T17:59:10+00:00
SAO_809A-10,São Paulo,3550308,True,,34837,,,-23.586385999999997,-46.7576615,,,,2,2023-06-17T17:58:48+00:00
SAO_809A-10,São Paulo,3550308,True,,34837,,,-23.5723855,-46.70432,,,,2,2023-06-17T17:58:58+00:00
SAO_809A-10,São Paulo,3550308,True,,34837,,,-23.575184,-46.7754385,,,,2,2023-06-17T17:58:45+00:00
SAO_119L-10,São Paulo,3550308,True,,2273,,,-23.4294545,-46.7868505,,,,1,2023-06-17T17:58:57+00:00
SAO_119L-10,São Paulo,3550308,True,,2273,,,-23.5198805,-46.702942,,,,1,2023-06-17T17:58:53+00:00
SAO_6092-10,São Paulo,3550308,True,,33945,,,-23.737322624999997,-46.69579075,,,,2,2023-06-17T17:58:37+00:00
SAO_6092-10,São Paulo,3550308,True,,33945,,,-23.763927,-46.689744000000005,,,,2,2023-06-17T17:58:42+00:00
SAO_702C-10,São Paulo,3550308,True,,33253,,,-23.571505000000002,-46.748618750000006,,,,2,2023-06-17T17:58:56+00:00
SAO_702C-10,São Paulo,3550308,True,,33253,,,-23.5771705,-46.72413,,,,2,2023-06-17T17:58:42+00:00
SAO_702C-10,São Paulo,3550308,True,,33253,,,-23.5394805,-46.6363335,,,,2,2023-06-17T17:59:16+00:00
SAO_702C-10,São Paulo,3550308,True,,33253,,,-23.571233,-46.74876825,,,,2,2023-06-17T17:58:40+00:00
SAO_702C-10,São Paulo,3550308,True,,33253,,,-23.571233,-46.74876825,,,,2,2023-06-17T17:59:13+00:00
SAO_702C-10,São Paulo,3550308,True,,33253,,,-23.5772245,-46.724641500000004,,,,2,2023-06-17T17:59:06+00:00
SAO_702C-10,São Paulo,3550308,True,,33253,,,-23.5447675,-46.6071845,,,,2,2023-06-17T17:59:10+00:00
SAO_1773-10,São Paulo,3550308,True,,33405,,,-23.47484,-46.613084,,,,2,2023-06-17T17:57:37+00:00
SAO_1773-10,São Paulo,3550308,True,,33405,,,-23.4365295,-46.566240500000006,,,,2,2023-06-17T17:58:42+00:00
SAO_2704-10,São Paulo,3550308,True,,33684,,,-23.519289,-46.440655500000005,,,,2,2023-06-17T17:59:11+00:00
SAO_2704-10,São Paulo,3550308,True,,33684,,,-23.5133025,-46.4263115,,,,2,2023-06-17T17:58:33+00:00
SAO_2704-10,São Paulo,3550308,True,,33684,,,-23.532367,-46.45353425,,,,2,2023-06-17T17:59:03+00:00
SAO_4001-10,São Paulo,3550308,True,,34944,,,-23.536513,-46.4431315,,,,2,2023-06-17T17:58:34+00:00
SAO_4001-10,São Paulo,3550308,True,,34944,,,-23.5571495,-46.472419,,,,2,2023-06-17T17:58:42+00:00
SAO_7062-10,São Paulo,3550308,True,,1898,,,-23.634901999999997,-46.769939,,,,1,2023-06-17T17:58:48+00:00
SAO_7062-10,São Paulo,3550308,True,,1898,,,-23.645670000000003,-46.7712555,,,,1,2023-06-17T17:58:35+00:00
SAO_6059-10,São Paulo,3550308,True,,1226,,,-23.671774,-46.7412225,,,,1,2023-06-17T17:58:42+00:00
SAO_6059-10,São Paulo,3550308,True,,1226,,,-23.6517625,-46.7005535,,,,1,2023-06-17T17:58:41+00:00
SAO_6059-10,São Paulo,3550308,True,,1226,,,-23.64927025,-46.70794375,,,,1,2023-06-17T17:59:12+00:00
SAO_352A-10,São Paulo,3550308,True,,32932,,,-23.610713,-46.476423624999995,,,,2,2023-06-17T17:58:45+00:00
SAO_352A-10,São Paulo,3550308,True,,32932,,,-23.548706375,-46.46178975,,,,2,2023-06-17T17:58:43+00:00
SAO_352A-10,São Paulo,3550308,True,,32932,,,-23.497425874999998,-46.442197750000005,,,,2,2023-06-17T17:58:50+00:00
SAO_8622-10,São Paulo,3550308,True,,33206,,,-23.507483999999998,-46.742230750000004,,,,2,2023-06-17T17:58:49+00:00
SAO_8622-10,São Paulo,3550308,True,,33206,,,-23.530353499999997,-46.66647525,,,,2,2023-06-17T17:59:13+00:00
SAO_8622-10,São Paulo,3550308,True,,33206,,,-23.443016,-46.796606,,,,2,2023-06-17T17:59:04+00:00
SAO_8622-10,São Paulo,3550308,True,,33206,,,-23.446143499999998,-46.798213,,,,2,2023-06-17T17:59:05+00:00
SAO_8622-10,São Paulo,3550308,True,,33206,,,-23.4463025,-46.7983075,,,,2,2023-06-17T17:55:35+00:00
SAO_4093-10,São Paulo,3550308,True,,35216,,,-23.5951425,-46.397026499999996,,,,2,2023-06-17T17:58:49+00:00
SAO_4093-10,São Paulo,3550308,True,,35216,,,-23.589463375,-46.398782125,,,,2,2023-06-17T17:59:10+00:00
SAO_4093-10,São Paulo,3550308,True,,35216,,,-23.5919765,-46.4034575,,,,2,2023-06-17T17:57:29+00:00
SAO_4093-10,São Paulo,3550308,True,,35216,,,-23.5829095,-46.408221499999996,,,,2,2023-06-17T17:58:03+00:00
SAO_8024-10,São Paulo,3550308,True,,34843,,,-23.597578125,-46.744982625000006,,,,2,2023-06-17T17:58:41+00:00
SAO_8024-10,São Paulo,3550308,True,,34843,,,-23.597385375,-46.74518487500001,,,,2,2023-06-17T17:59:02+00:00
SAO_5128-10,São Paulo,3550308,True,,1128,,,-23.678982,-46.640367,,,,1,2023-06-17T17:59:05+00:00
SAO_5128-10,São Paulo,3550308,True,,1128,,,-23.667535,-46.6500905,,,,1,2023-06-17T17:59:04+00:00
SAO_5128-10,São Paulo,3550308,True,,1128,,,-23.699939999999998,-46.641423,,,,1,2023-06-17T17:59:09+00:00
SAO_5128-10,São Paulo,3550308,True,,1128,,,-23.698710499999997,-46.647746,,,,1,2023-06-17T17:58:35+00:00
SAO_5128-10,São Paulo,3550308,True,,1128,,,-23.641469999999998,-46.641408,,,,1,2023-06-17T17:58:53+00:00
SAO_1744-10,São Paulo,3550308,True,,544,,,-23.47507575,-46.6394425,,,,1,2023-06-17T17:58:43+00:00
SAO_1744-10,São Paulo,3550308,True,,544,,,-23.496185,-46.629568,,,,1,2023-06-17T17:58:49+00:00
SAO_2363-10,São Paulo,3550308,True,,135,,,-23.54450075,-46.623701,,,,1,2023-06-17T17:58:58+00:00
SAO_2363-10,São Paulo,3550308,True,,135,,,-23.5358395,-46.572618,,,,1,2023-06-17T17:58:50+00:00
SAO_2363-10,São Paulo,3550308,True,,135,,,-23.5044745,-46.5154,,,,1,2023-06-17T17:58:00+00:00
SAO_3729-10,São Paulo,3550308,True,,1026,,,-23.565213,-46.5086535,,,,1,2023-06-17T17:58:55+00:00
SAO_3729-10,São Paulo,3550308,True,,1026,,,-23.553058,-46.564013,,,,1,2023-06-17T17:59:07+00:00
SAO_3729-10,São Paulo,3550308,True,,1026,,,-23.538515,-46.56404,,,,1,2023-06-17T17:59:05+00:00
SAO_3729-10,São Paulo,3550308,True,,1026,,,-23.572909125,-46.54093175,,,,1,2023-06-17T17:59:04+00:00
SAO_3729-10,São Paulo,3550308,True,,1026,,,-23.5765035,-46.5159505,,,,1,2023-06-17T17:58:41+00:00
SAO_3729-10,São Paulo,3550308,True,,1026,,,-23.5756765,-46.54115875,,,,1,2023-06-17T17:58:46+00:00
SAO_4006-10,São Paulo,3550308,True,,34948,,,-23.59756025,-46.436505374999996,,,,2,2023-06-17T17:59:14+00:00
SAO_4006-10,São Paulo,3550308,True,,34948,,,-23.609581499999997,-46.434909,,,,2,2023-06-17T17:50:00+00:00
SAO_4006-10,São Paulo,3550308,True,,34948,,,-23.5970085,-46.4355535,,,,2,2023-06-17T17:59:10+00:00
SAO_675X-10,São Paulo,3550308,True,,32879,,,-23.596426,-46.650729999999996,,,,2,2023-06-17T17:59:14+00:00
SAO_675X-10,São Paulo,3550308,True,,32879,,,-23.662143,-46.7065235,,,,2,2023-06-17T17:55:42+00:00
SAO_675X-10,São Paulo,3550308,True,,32879,,,-23.737876,-46.697753500000005,,,,2,2023-06-17T17:58:50+00:00
SAO_675X-10,São Paulo,3550308,True,,32879,,,-23.607085625000003,-46.66559675,,,,2,2023-06-17T17:58:38+00:00
SAO_6016-10,São Paulo,3550308,True,,84,,,-23.740786,-46.691494500000005,,,,1,2023-06-17T17:58:41+00:00
SAO_6016-10,São Paulo,3550308,True,,84,,,-23.7716985,-46.6731285,,,,1,2023-06-17T17:58:54+00:00
SAO_6016-10,São Paulo,3550308,True,,84,,,-23.7697815,-46.681726999999995,,,,1,2023-06-17T17:58:46+00:00
SAO_6016-10,São Paulo,3550308,True,,84,,,-23.7716985,-46.6731285,,,,1,2023-06-17T17:59:16+00:00
SAO_1177-10,São Paulo,3550308,True,,129,,,-23.522693500000003,-46.558447,,,,1,2023-06-17T17:56:48+00:00
SAO_1177-10,São Paulo,3550308,True,,129,,,-23.5345365,-46.633379500000004,,,,1,2023-06-17T17:59:13+00:00
SAO_1177-10,São Paulo,3550308,True,,129,,,-23.510327500000002,-46.507297,,,,1,2023-06-17T17:58:49+00:00
SAO_509M-10,São Paulo,3550308,True,,34045,,,-23.54756425,-46.638352749999996,,,,2,2023-06-17T17:58:32+00:00
SAO_509M-10,São Paulo,3550308,True,,34045,,,-23.633191,-46.680735,,,,2,2023-06-17T17:59:05+00:00
SAO_509M-10,São Paulo,3550308,True,,34045,,,-23.681841,-46.6377285,,,,2,2023-06-17T17:59:00+00:00
SAO_509M-10,São Paulo,3550308,True,,34045,,,-23.679968000000002,-46.636858000000004,,,,2,2023-06-17T17:59:11+00:00
SAO_172J-10,São Paulo,3550308,True,,856,,,-23.48007325,-46.569047,,,,1,2023-06-17T17:57:45+00:00
SAO_172J-10,São Paulo,3550308,True,,856,,,-23.508032,-46.5795535,,,,1,2023-06-17T17:59:02+00:00
SAO_172J-10,São Paulo,3550308,True,,856,,,-23.5128515,-46.5854645,,,,1,2023-06-17T17:59:15+00:00
SAO_172J-10,São Paulo,3550308,True,,856,,,-23.529132250000004,-46.5854255,,,,1,2023-06-17T17:58:53+00:00
SAO_8078-10,São Paulo,3550308,True,,2080,,,-23.622524,-46.762103999999994,,,,1,2023-06-17T17:59:05+00:00
SAO_8060-10,São Paulo,3550308,True,,33186,,,-23.519003125000005,-46.7092655,,,,2,2023-06-17T17:58:28+00:00
SAO_8060-10,São Paulo,3550308,True,,33186,,,-23.502658,-46.760932499999996,,,,2,2023-06-17T17:58:58+00:00
SAO_8060-10,São Paulo,3550308,True,,33186,,,-23.50283475,-46.760608500000004,,,,2,2023-06-17T17:59:05+00:00
SAO_4718-10,São Paulo,3550308,True,,33104,,,-23.657285,-46.6139885,,,,2,2023-06-17T17:58:41+00:00
SAO_2029-10,São Paulo,3550308,True,,35038,,,-23.479921500000003,-46.602290499999995,,,,2,2023-06-17T17:58:42+00:00
SAO_2029-10,São Paulo,3550308,True,,35038,,,-23.479921500000003,-46.602290499999995,,,,2,2023-06-17T17:59:03+00:00
SAO_2029-10,São Paulo,3550308,True,,35038,,,-23.4308935,-46.575003499999994,,,,2,2023-06-17T17:58:59+00:00
SAO_2029-10,São Paulo,3550308,True,,35038,,,-23.4452475,-46.5899275,,,,2,2023-06-17T17:59:15+00:00
SAO_5131-10,São Paulo,3550308,True,,1282,,,-23.662285500000003,-46.66524224999999,,,,1,2023-06-17T17:58:58+00:00
SAO_5131-10,São Paulo,3550308,True,,1282,,,-23.5720795,-46.653583,,,,1,2023-06-17T17:59:08+00:00
SAO_1701-21,São Paulo,3550308,True,,2476,,,-23.467475999999998,-46.591588,,,,1,2023-06-17T17:58:43+00:00
SAO_3023-10,São Paulo,3550308,True,Urubupungá,960,https://moovitapp.com/index/pt-br/transporte_p%C3%BAblico-line-960-Sao_Paulo-242-873835-31663702-0,4.6,-23.60103025,-46.48385275,,,,1,2023-06-17T17:58:36+00:00
SAO_3023-10,São Paulo,3550308,True,Urubupungá,960,https://moovitapp.com/index/pt-br/transporte_p%C3%BAblico-line-960-Sao_Paulo-242-873835-31663702-0,4.6,-23.63368825,-46.472753250000004,,,,1,2023-06-17T17:59:14+00:00
SAO_3023-10,São Paulo,3550308,True,Urubupungá,960,https://moovitapp.com/index/pt-br/transporte_p%C3%BAblico-line-960-Sao_Paulo-242-873835-31663702-0,4.6,-23.5722175,-46.50602175,,,,1,2023-06-17T17:58:53+00:00
SAO_3023-10,São Paulo,3550308,True,Urubupungá,960,https://moovitapp.com/index/pt-br/transporte_p%C3%BAblico-line-960-Sao_Paulo-242-873835-31663702-0,4.6,-23.633410750000003,-46.47284775,,,,1,2023-06-17T17:58:48+00:00
SAO_7006-10,São Paulo,3550308,True,,1995,,,-23.698557,-46.779469000000006,,,,1,2023-06-17T17:58:45+00:00
SAO_7006-10,São Paulo,3550308,True,,1995,,,-23.7503745,-46.7771065,,,,1,2023-06-17T17:58:42+00:00
SAO_7006-10,São Paulo,3550308,True,,1995,,,-23.7301305,-46.7858815,,,,1,2023-06-17T17:58:51+00:00
SAO_971A-10,São Paulo,3550308,True,,33426,,,-23.5007805,-46.6499245,,,,2,2023-06-17T17:58:51+00:00
SAO_971A-10,São Paulo,3550308,True,,33426,,,-23.486301,-46.680533,,,,2,2023-06-17T17:59:11+00:00
SAO_971A-10,São Paulo,3550308,True,,33426,,,-23.486307,-46.680385,,,,2,2023-06-17T17:58:51+00:00
SAO_775F-31,São Paulo,3550308,True,,2488,,,-23.6254505,-46.7479555,,,,1,2023-06-17T17:58:56+00:00
SAO_775F-31,São Paulo,3550308,True,,2488,,,-23.600732875,-46.723114249999995,,,,1,2023-06-17T17:58:41+00:00
SAO_775F-31,São Paulo,3550308,True,,2488,,,-23.6236485,-46.748863,,,,1,2023-06-17T17:58:46+00:00
SAO_3033-10,São Paulo,3550308,True,,33736,,,-23.599062,-46.468776000000005,,,,2,2023-06-17T17:58:45+00:00
SAO_3033-10,São Paulo,3550308,True,,33736,,,-23.57796875,-46.415870749999996,,,,2,2023-06-17T17:59:13+00:00
SAO_3033-10,São Paulo,3550308,True,,33736,,,-23.554381,-46.4016475,,,,2,2023-06-17T17:58:34+00:00
SAO_3033-10,São Paulo,3550308,True,,33736,,,-23.594590500000002,-46.447583,,,,2,2023-06-17T17:58:33+00:00
SAO_3033-10,São Paulo,3550308,True,,33736,,,-23.5646835,-46.4158675,,,,2,2023-06-17T17:59:00+00:00
SAO_3033-10,São Paulo,3550308,True,,33736,,,-23.554381499999998,-46.401443,,,,2,2023-06-17T17:58:58+00:00
SAO_8015-10,São Paulo,3550308,True,,34113,,,-23.388557499999997,-46.735341500000004,,,,2,2023-06-17T17:58:33+00:00
SAO_8015-10,São Paulo,3550308,True,,34113,,,-23.404828,-46.741736875,,,,2,2023-06-17T17:59:05+00:00
SAO_8015-10,São Paulo,3550308,True,,34113,,,-23.4868015,-46.726492,,,,2,2023-06-17T17:58:57+00:00
SAO_8015-10,São Paulo,3550308,True,,34113,,,-23.388937,-46.73497450000001,,,,2,2023-06-17T17:58:38+00:00
SAO_8015-10,São Paulo,3550308,True,,34113,,,-23.456364,-46.713815499999995,,,,2,2023-06-17T17:58:36+00:00
SAO_8015-10,São Paulo,3550308,True,,34113,,,-23.389069499999998,-46.734939,,,,2,2023-06-17T17:58:42+00:00
SAO_1772-10,São Paulo,3550308,True,,635,,,-23.43909325,-46.57422325,,,,1,2023-06-17T17:57:50+00:00
SAO_1772-10,São Paulo,3550308,True,,635,,,-23.4775135,-46.600294500000004,,,,1,2023-06-17T17:58:53+00:00
SAO_1772-10,São Paulo,3550308,True,,635,,,-23.4565595,-46.593346999999994,,,,1,2023-06-17T17:58:48+00:00
SAO_7002-10,São Paulo,3550308,True,,33540,,,-23.586444125,-46.75585637499999,,,,2,2023-06-17T17:58:18+00:00
SAO_7002-10,São Paulo,3550308,True,,33540,,,-23.590518,-46.76971475,,,,2,2023-06-17T17:58:49+00:00
SAO_7002-10,São Paulo,3550308,True,,33540,,,-23.590518,-46.76971475,,,,2,2023-06-17T17:58:51+00:00
SAO_7002-10,São Paulo,3550308,True,,33540,,,-23.590518,-46.76971475,,,,2,2023-06-17T17:59:11+00:00
SAO_7002-10,São Paulo,3550308,True,,33540,,,-23.573998,-46.7147795,,,,2,2023-06-17T17:58:35+00:00
SAO_7002-10,São Paulo,3550308,True,,33540,,,-23.5900535,-46.769859,,,,2,2023-06-17T17:59:07+00:00
SAO_7002-10,São Paulo,3550308,True,,33540,,,-23.5553855,-46.673866000000004,,,,2,2023-06-17T17:59:00+00:00
SAO_3745-10,São Paulo,3550308,True,,1044,,,-23.57321725,-46.51985225,,,,1,2023-06-17T17:59:01+00:00
SAO_3745-10,São Paulo,3550308,True,,1044,,,-23.54444625,-46.54590225,,,,1,2023-06-17T17:59:07+00:00
SAO_3745-10,São Paulo,3550308,True,,1044,,,-23.58888,-46.5006235,,,,1,2023-06-17T17:58:44+00:00
SAO_3745-10,São Paulo,3550308,True,,1044,,,-23.586928,-46.517063500000006,,,,1,2023-06-17T17:58:32+00:00
SAO_3745-10,São Paulo,3550308,True,,1044,,,-23.54132,-46.57769475,,,,1,2023-06-17T17:59:07+00:00
SAO_6059-10,São Paulo,3550308,True,,33994,,,-23.64474175,-46.708640875,,,,2,2023-06-17T17:58:45+00:00
SAO_6059-10,São Paulo,3550308,True,,33994,,,-23.6802505,-46.7430045,,,,2,2023-06-17T17:58:57+00:00
SAO_6059-10,São Paulo,3550308,True,,33994,,,-23.6723895,-46.7429465,,,,2,2023-06-17T17:58:37+00:00
SAO_5111-10,São Paulo,3550308,True,,32816,,,-23.54805,-46.629795,,,,2,2023-06-17T17:58:56+00:00
SAO_5111-10,São Paulo,3550308,True,,32816,,,-23.61896,-46.682627,,,,2,2023-06-17T17:59:14+00:00
SAO_5111-10,São Paulo,3550308,True,,32816,,,-23.5739305,-46.655609,,,,2,2023-06-17T17:58:44+00:00
SAO_5111-10,São Paulo,3550308,True,,32816,,,-23.646549812499998,-46.70300625,,,,2,2023-06-17T17:59:17+00:00
SAO_5111-10,São Paulo,3550308,True,,32816,,,-23.550523499999997,-46.635397,,,,2,2023-06-17T17:58:58+00:00
SAO_736G-10,São Paulo,3550308,True,,33548,,,-23.632452999999998,-46.7480465,,,,2,2023-06-17T17:59:01+00:00
SAO_736G-10,São Paulo,3550308,True,,33548,,,-23.64353475,-46.73348675,,,,2,2023-06-17T17:59:04+00:00
SAO_6001-10,São Paulo,3550308,True,,52,,,-23.644852625,-46.72260862499999,,,,1,2023-06-17T17:59:10+00:00
SAO_425E-10,São Paulo,3550308,True,,1636,,,-23.612155,-46.4735505,,,,1,2023-06-17T17:58:39+00:00
SAO_5164-21,São Paulo,3550308,True,,34384,,,-23.652772499999998,-46.64590575,,,,2,2023-06-17T17:59:08+00:00
SAO_5164-21,São Paulo,3550308,True,,34384,,,-23.639851,-46.64321,,,,2,2023-06-17T17:58:56+00:00
SAO_5164-21,São Paulo,3550308,True,,34384,,,-23.5962065,-46.65095975,,,,2,2023-06-17T17:58:42+00:00
SAO_5141-10,São Paulo,3550308,True,,34393,,,-23.55236825,-46.62128250000001,,,,2,2023-06-17T17:59:09+00:00
SAO_5141-10,São Paulo,3550308,True,,34393,,,-23.61459425,-46.500975,,,,2,2023-06-17T17:58:39+00:00
SAO_5141-10,São Paulo,3550308,True,,34393,,,-23.574183875,-46.56499099999999,,,,2,2023-06-17T17:59:11+00:00
SAO_5103-10,São Paulo,3550308,True,,1646,,,-23.6032445,-46.602611499999995,,,,1,2023-06-17T17:58:33+00:00
SAO_5103-10,São Paulo,3550308,True,,1646,,,-23.602330375,-46.611205,,,,1,2023-06-17T17:59:15+00:00
SAO_5103-10,São Paulo,3550308,True,,1646,,,-23.605086874999998,-46.659013,,,,1,2023-06-17T17:58:57+00:00
SAO_709P-10,São Paulo,3550308,True,,34761,,,-23.617876,-46.70220625,,,,2,2023-06-17T17:59:11+00:00
SAO_709P-10,São Paulo,3550308,True,,34761,,,-23.65607825,-46.722472499999995,,,,2,2023-06-17T17:59:09+00:00
SAO_709P-10,São Paulo,3550308,True,,34761,,,-23.5905625,-46.687347,,,,2,2023-06-17T17:59:14+00:00
SAO_6091-10,São Paulo,3550308,True,,1175,,,-23.666010749999998,-46.70610375,,,,1,2023-06-17T17:58:59+00:00
SAO_6091-10,São Paulo,3550308,True,,1175,,,-23.70727825,-46.700247250000004,,,,1,2023-06-17T17:58:49+00:00
SAO_6091-10,São Paulo,3550308,True,,1175,,,-23.779435499999998,-46.72487,,,,1,2023-06-17T17:58:49+00:00
SAO_6091-10,São Paulo,3550308,True,,1175,,,-23.862353499999998,-46.712526,,,,1,2023-06-17T17:54:21+00:00
SAO_6091-10,São Paulo,3550308,True,,1175,,,-23.828674,-46.724955,,,,1,2023-06-17T17:58:33+00:00
SAO_2765-10,São Paulo,3550308,True,EMTU,145,https://moovitapp.com/index/pt-br/transporte_p%C3%BAblico-line-145-Sao_Paulo-242-2038937-36419293-0,5.35,-23.520069499999998,-46.548517375,,,,1,2023-06-17T17:58:54+00:00
SAO_2765-10,São Paulo,3550308,True,EMTU,145,https://moovitapp.com/index/pt-br/transporte_p%C3%BAblico-line-145-Sao_Paulo-242-2038937-36419293-0,5.35,-23.495269,-46.497088000000005,,,,1,2023-06-17T17:55:39+00:00
SAO_2765-10,São Paulo,3550308,True,EMTU,145,https://moovitapp.com/index/pt-br/transporte_p%C3%BAblico-line-145-Sao_Paulo-242-2038937-36419293-0,5.35,-23.53119025,-46.55830350000001,,,,1,2023-06-17T17:58:10+00:00
SAO_2765-10,São Paulo,3550308,True,EMTU,145,https://moovitapp.com/index/pt-br/transporte_p%C3%BAblico-line-145-Sao_Paulo-242-2038937-36419293-0,5.35,-23.5397765,-46.5765665,,,,1,2023-06-17T17:59:04+00:00
SAO_6816-10,São Paulo,3550308,True,BR7 Mobilidade,26,https://moovitapp.com/index/pt-br/transporte_p%C3%BAblico-line-26-Sao_Paulo-242-851856-577923-0,5.75,-23.653454,-46.776790500000004,,,,1,2023-06-17T17:59:00+00:00
SAO_6816-10,São Paulo,3550308,True,BR7 Mobilidade,26,https://moovitapp.com/index/pt-br/transporte_p%C3%BAblico-line-26-Sao_Paulo-242-851856-577923-0,5.75,-23.657880499999997,-46.7665395,,,,1,2023-06-17T17:59:13+00:00
SAO_6816-10,São Paulo,3550308,True,BR7 Mobilidade,26,https://moovitapp.com/index/pt-br/transporte_p%C3%BAblico-line-26-Sao_Paulo-242-851856-577923-0,5.75,-23.6488825,-46.784435,,,,1,2023-06-17T17:59:02+00:00
SAO_971C-10,São Paulo,3550308,True,,33339,,,-23.46107025,-46.684215,,,,2,2023-06-17T17:58:42+00:00
SAO_971C-10,São Paulo,3550308,True,,33339,,,-23.473261,-46.67176,,,,2,2023-06-17T17:58:59+00:00
SAO_971C-10,São Paulo,3550308,True,,33339,,,-23.436176,-46.717684625000004,,,,2,2023-06-17T17:59:05+00:00
SAO_971C-10,São Paulo,3550308,True,,33339,,,-23.496884625,-46.63644225,,,,2,2023-06-17T17:59:09+00:00
SAO_971C-10,São Paulo,3550308,True,,33339,,,-23.4490485,-46.710132,,,,2,2023-06-17T17:59:03+00:00
SAO_971C-10,São Paulo,3550308,True,,33339,,,-23.4615145,-46.6841035,,,,2,2023-06-17T17:58:48+00:00
SAO_5757-10,São Paulo,3550308,True,,1288,,,-23.6907885,-46.638878000000005,,,,1,2023-06-17T17:58:32+00:00
SAO_5757-10,São Paulo,3550308,True,,1288,,,-23.65955075,-46.6437505,,,,1,2023-06-17T17:58:33+00:00
SAO_5757-10,São Paulo,3550308,True,,1288,,,-23.6919145,-46.640306,,,,1,2023-06-17T17:58:34+00:00
SAO_5757-10,São Paulo,3550308,True,,1288,,,-23.6753735,-46.642289500000004,,,,1,2023-06-17T17:59:13+00:00
SAO_3763-10,São Paulo,3550308,True,,33822,,,-23.558019,-46.522945,,,,2,2023-06-17T17:59:09+00:00
SAO_3763-10,São Paulo,3550308,True,,33822,,,-23.547047,-46.573969500000004,,,,2,2023-06-17T17:59:11+00:00
SAO_3763-10,São Paulo,3550308,True,,33822,,,-23.5493935,-46.569001,,,,2,2023-06-17T17:58:39+00:00
SAO_3763-10,São Paulo,3550308,True,,33822,,,-23.561369,-46.5528015,,,,2,2023-06-17T17:59:05+00:00
SAO_3763-10,São Paulo,3550308,True,,33822,,,-23.568325,-46.5407785,,,,2,2023-06-17T17:58:45+00:00
SAO_3763-10,São Paulo,3550308,True,,33822,,,-23.5620575,-46.552293500000005,,,,2,2023-06-17T17:58:36+00:00
SAO_5317-10,São Paulo,3550308,True,,69,,,-23.7212425,-46.6767315,,,,1,2023-06-17T17:58:01+00:00
SAO_5317-10,São Paulo,3550308,True,,69,,,-23.670073000000002,-46.68866375,,,,1,2023-06-17T17:58:53+00:00
SAO_5317-10,São Paulo,3550308,True,,69,,,-23.6079315,-46.666180999999995,,,,1,2023-06-17T17:58:49+00:00
SAO_5317-10,São Paulo,3550308,True,,69,,,-23.663169000000003,-46.69183075,,,,1,2023-06-17T17:59:05+00:00
SAO_5317-10,São Paulo,3550308,True,,69,,,-23.7212425,-46.6767315,,,,1,2023-06-17T17:58:40+00:00
SAO_5317-10,São Paulo,3550308,True,,69,,,-23.7212425,-46.6767315,,,,1,2023-06-17T17:58:48+00:00
SAO_513C-10,São Paulo,3550308,True,,35303,,,-23.6115,-46.4733145,,,,2,2023-06-17T17:58:55+00:00
SAO_513C-10,São Paulo,3550308,True,,35303,,,-23.611891999999997,-46.4742795,,,,2,2023-06-17T17:59:09+00:00
SAO_513C-10,São Paulo,3550308,True,,35303,,,-23.5999205,-46.513554,,,,2,2023-06-17T17:58:57+00:00
SAO_513C-10,São Paulo,3550308,True,,35303,,,-23.606419000000002,-46.5629485,,,,2,2023-06-17T17:58:53+00:00
SAO_8686-10,São Paulo,3550308,True,EMTU,446,https://moovitapp.com/index/pt-br/transporte_p%C3%BAblico-line-446-Sao_Paulo-242-2038937-36419492-0,4.8,-23.5316625,-46.66445225,,,,1,2023-06-17T17:58:55+00:00
SAO_8686-10,São Paulo,3550308,True,EMTU,446,https://moovitapp.com/index/pt-br/transporte_p%C3%BAblico-line-446-Sao_Paulo-242-2038937-36419492-0,4.8,-23.49188675,-46.74509325,,,,1,2023-06-17T17:58:57+00:00
SAO_5103-10,São Paulo,3550308,True,,34414,,,-23.603656,-46.6035635,,,,2,2023-06-17T17:59:00+00:00
SAO_5103-10,São Paulo,3550308,True,,34414,,,-23.596933999999997,-46.63184174999999,,,,2,2023-06-17T17:58:38+00:00
SAO_7050-10,São Paulo,3550308,True,,34652,,,-23.643807,-46.779624,,,,2,2023-06-17T17:58:49+00:00
SAO_7050-10,São Paulo,3550308,True,,34652,,,-23.655358999999997,-46.7765715,,,,2,2023-06-17T17:59:17+00:00
SAO_7050-10,São Paulo,3550308,True,,34652,,,-23.658609,-46.78921425,,,,2,2023-06-17T17:58:52+00:00
SAO_5013-10,São Paulo,3550308,True,,33885,,,-23.684418,-46.6330985,,,,2,2023-06-17T17:58:59+00:00
SAO_5013-10,São Paulo,3550308,True,,33885,,,-23.6723145,-46.676287,,,,2,2023-06-17T17:58:51+00:00
SAO_5013-10,São Paulo,3550308,True,,33885,,,-23.682509,-46.633010999999996,,,,2,2023-06-17T17:59:06+00:00
SAO_5013-10,São Paulo,3550308,True,,33885,,,-23.674471,-46.662462000000005,,,,2,2023-06-17T17:58:46+00:00
SAO_5013-10,São Paulo,3550308,True,,33885,,,-23.6836895,-46.633624,,,,2,2023-06-17T17:59:09+00:00
SAO_5013-10,São Paulo,3550308,True,,33885,,,-23.670388000000003,-46.673527500000006,,,,2,2023-06-17T17:58:36+00:00
SAO_5013-10,São Paulo,3550308,True,,33885,,,-23.682261,-46.632887,,,,2,2023-06-17T17:58:50+00:00
SAO_5013-10,São Paulo,3550308,True,,33885,,,-23.6742275,-46.663416999999995,,,,2,2023-06-17T17:58:38+00:00
SAO_5144-10,São Paulo,3550308,True,,34395,,,-23.5328425,-46.6303805,,,,2,2023-06-17T17:58:41+00:00
SAO_5144-10,São Paulo,3550308,True,,34395,,,-23.549618,-46.588823500000004,,,,2,2023-06-17T17:59:01+00:00
SAO_5144-10,São Paulo,3550308,True,,34395,,,-23.6139405,-46.501206499999995,,,,2,2023-06-17T17:59:06+00:00
SAO_5144-10,São Paulo,3550308,True,,34395,,,-23.5731365,-46.560228499999994,,,,2,2023-06-17T17:58:46+00:00
SAO_756A-10,São Paulo,3550308,True,,33561,,,-23.598115999999997,-46.7961385,,,,2,2023-06-17T17:58:52+00:00
SAO_756A-10,São Paulo,3550308,True,,33561,,,-23.598115999999997,-46.7961385,,,,2,2023-06-17T17:59:04+00:00
SAO_756A-10,São Paulo,3550308,True,,33561,,,-23.5981675,-46.7963465,,,,2,2023-06-17T17:58:48+00:00
SAO_756A-10,São Paulo,3550308,True,,33561,,,-23.5853305,-46.7242915,,,,2,2023-06-17T17:58:47+00:00
SAO_756A-10,São Paulo,3550308,True,,33561,,,-23.6049055,-46.712445125,,,,2,2023-06-17T17:59:01+00:00
SAO_8002-10,São Paulo,3550308,True,,34020,,,-23.5167955,-46.7221945,,,,2,2023-06-17T17:58:42+00:00
SAO_342C-10,São Paulo,3550308,True,,1002,,,-23.5231735,-46.533573000000004,,,,1,2023-06-17T17:58:45+00:00
SAO_342C-10,São Paulo,3550308,True,,1002,,,-23.5588625,-46.498341499999995,,,,1,2023-06-17T17:59:04+00:00
SAO_342C-10,São Paulo,3550308,True,,1002,,,-23.5441195,-46.51961,,,,1,2023-06-17T17:59:06+00:00
SAO_5702-10,São Paulo,3550308,True,,1137,,,-23.670113999999998,-46.6427115,,,,1,2023-06-17T17:59:02+00:00
SAO_5702-10,São Paulo,3550308,True,,1137,,,-23.698729999999998,-46.6457525,,,,1,2023-06-17T17:59:02+00:00
SAO_5702-10,São Paulo,3550308,True,,1137,,,-23.68925575,-46.63622,,,,1,2023-06-17T17:58:34+00:00
SAO_5702-10,São Paulo,3550308,True,,1137,,,-23.6983535,-46.646030499999995,,,,1,2023-06-17T17:58:38+00:00
SAO_3112-10,São Paulo,3550308,True,,1080,,,-23.6105545,-46.529823500000006,,,,1,2023-06-17T17:59:05+00:00
SAO_3112-10,São Paulo,3550308,True,,1080,,,-23.584286,-46.5815445,,,,1,2023-06-17T17:59:00+00:00
SAO_3112-10,São Paulo,3550308,True,,1080,,,-23.580848000000003,-46.567910999999995,,,,1,2023-06-17T17:58:41+00:00
SAO_3112-10,São Paulo,3550308,True,,1080,,,-23.54375675,-46.593661,,,,1,2023-06-17T17:58:41+00:00
SAO_3112-10,São Paulo,3550308,True,,1080,,,-23.600451,-46.537202,,,,1,2023-06-17T17:58:34+00:00
SAO_3112-10,São Paulo,3550308,True,,1080,,,-23.560407625,-46.599445625,,,,1,2023-06-17T17:58:45+00:00
SAO_2522-10,São Paulo,3550308,True,,32908,,,-23.516617500000002,-46.4262835,,,,2,2023-06-17T17:58:45+00:00
SAO_2522-10,São Paulo,3550308,True,,32908,,,-23.533876499999998,-46.4543015,,,,2,2023-06-17T17:58:49+00:00
SAO_546L-10,São Paulo,3550308,True,,1285,,,-23.654266,-46.711191,,,,1,2023-06-17T17:58:39+00:00
SAO_546L-10,São Paulo,3550308,True,,1285,,,-23.670839,-46.677949999999996,,,,1,2023-06-17T17:58:49+00:00
SAO_546L-10,São Paulo,3550308,True,,1285,,,-23.677216,-46.658675,,,,1,2023-06-17T17:58:37+00:00
SAO_546L-10,São Paulo,3550308,True,,1285,,,-23.684008749999997,-46.63948375,,,,1,2023-06-17T17:58:39+00:00
SAO_8544-10,São Paulo,3550308,True,EMTU,430,https://moovitapp.com/index/pt-br/transporte_p%C3%BAblico-line-430-Sao_Paulo-242-2038937-36584270-0,5.2,-23.466859499999998,-46.724212,,,,1,2023-06-17T17:58:43+00:00
SAO_5791-21,São Paulo,3550308,True,,35231,,,-23.7040635,-46.626618500000006,,,,2,2023-06-17T17:58:24+00:00
SAO_5791-21,São Paulo,3550308,True,,35231,,,-23.6954925,-46.64957,,,,2,2023-06-17T17:58:44+00:00
SAO_5791-21,São Paulo,3550308,True,,35231,,,-23.677267999999998,-46.628326,,,,2,2023-06-17T17:56:13+00:00
SAO_2767-10,São Paulo,3550308,True,EMTU,241,https://moovitapp.com/index/pt-br/transporte_p%C3%BAblico-line-241-Sao_Paulo-242-2038937-36419354-0,5.15,-23.494344749999996,-46.47102725,,,,1,2023-06-17T17:58:36+00:00
SAO_8594-10,São Paulo,3550308,True,EMTU,432,https://moovitapp.com/index/pt-br/transporte_p%C3%BAblico-line-432-Sao_Paulo-242-2038937-36419486-0,4.8,-23.547871999999998,-46.642169499999994,,,,1,2023-06-17T17:59:01+00:00
SAO_8594-10,São Paulo,3550308,True,EMTU,432,https://moovitapp.com/index/pt-br/transporte_p%C3%BAblico-line-432-Sao_Paulo-242-2038937-36419486-0,4.8,-23.5249595,-46.695667125,,,,1,2023-06-17T17:59:09+00:00
SAO_8594-10,São Paulo,3550308,True,EMTU,432,https://moovitapp.com/index/pt-br/transporte_p%C3%BAblico-line-432-Sao_Paulo-242-2038937-36419486-0,4.8,-23.477802500000003,-46.7208485,,,,1,2023-06-17T17:59:02+00:00
SAO_8594-10,São Paulo,3550308,True,EMTU,432,https://moovitapp.com/index/pt-br/transporte_p%C3%BAblico-line-432-Sao_Paulo-242-2038937-36419486-0,4.8,-23.4512005,-46.7459975,,,,1,2023-06-17T17:58:07+00:00
SAO_3731-10,São Paulo,3550308,True,,33796,,,-23.560794,-46.509615999999994,,,,2,2023-06-17T17:59:15+00:00
SAO_3731-10,São Paulo,3550308,True,,33796,,,-23.563811,-46.5022595,,,,2,2023-06-17T17:59:10+00:00
SAO_3731-10,São Paulo,3550308,True,,33796,,,-23.53780825,-46.518872,,,,2,2023-06-17T17:58:46+00:00
SAO_3731-10,São Paulo,3550308,True,,33796,,,-23.539611999999998,-46.516724999999994,,,,2,2023-06-17T17:58:55+00:00
SAO_6500-10,São Paulo,3550308,True,,46,,,-23.595483,-46.6730785,,,,1,2023-06-17T17:58:40+00:00
SAO_6500-10,São Paulo,3550308,True,,46,,,-23.637909125,-46.695680249999995,,,,1,2023-06-17T17:59:00+00:00
SAO_6500-10,São Paulo,3550308,True,,46,,,-23.654395,-46.7121185,,,,1,2023-06-17T17:59:05+00:00
SAO_775V-10,São Paulo,3550308,True,,475,,,-23.5765195,-46.765648,,,,1,2023-06-17T17:59:15+00:00
SAO_775V-10,São Paulo,3550308,True,,475,,,-23.5765195,-46.765648,,,,1,2023-06-17T17:58:53+00:00
SAO_775V-10,São Paulo,3550308,True,,475,,,-23.570693125,-46.7104935,,,,1,2023-06-17T17:59:05+00:00
SAO_4010-10,São Paulo,3550308,True,,34951,,,-23.57869325,-46.50291525,,,,2,2023-06-17T17:58:16+00:00
SAO_4010-10,São Paulo,3550308,True,,34951,,,-23.55797,-46.523029,,,,2,2023-06-17T17:58:31+00:00
SAO_4010-10,São Paulo,3550308,True,,34951,,,-23.57842625,-46.481565625,,,,2,2023-06-17T17:59:10+00:00
SAO_4010-10,São Paulo,3550308,True,,34951,,,-23.557868,-46.4672915,,,,2,2023-06-17T17:58:46+00:00
SAO_4010-10,São Paulo,3550308,True,,34951,,,-23.557868,-46.4672915,,,,2,2023-06-17T17:58:34+00:00
SAO_3732-10,São Paulo,3550308,True,,33797,,,-23.539638500000002,-46.4317615,,,,2,2023-06-17T17:59:01+00:00
SAO_3732-10,São Paulo,3550308,True,,33797,,,-23.55453925,-46.439656,,,,2,2023-06-17T17:58:54+00:00
SAO_3732-10,São Paulo,3550308,True,,33797,,,-23.538100375,-46.454151374999995,,,,2,2023-06-17T17:59:05+00:00
SAO_3732-10,São Paulo,3550308,True,,33797,,,-23.54019125,-46.436308749999995,,,,2,2023-06-17T17:59:06+00:00
SAO_3785-10,São Paulo,3550308,True,,33831,,,-23.5884725,-46.4151555,,,,2,2023-06-17T17:59:07+00:00
SAO_3785-10,São Paulo,3550308,True,,33831,,,-23.591442999999998,-46.394348,,,,2,2023-06-17T17:59:09+00:00
SAO_3785-10,São Paulo,3550308,True,,33831,,,-23.589282250000004,-46.393872625,,,,2,2023-06-17T17:58:50+00:00
SAO_3785-10,São Paulo,3550308,True,,33831,,,-23.591442999999998,-46.394348,,,,2,2023-06-17T17:58:34+00:00
SAO_3785-10,São Paulo,3550308,True,,33831,,,-23.573963,-46.445578,,,,2,2023-06-17T17:59:15+00:00
SAO_695Y-10,São Paulo,3550308,True,,1198,,,-23.791151499999998,-46.727039500000004,,,,1,2023-06-17T17:56:50+00:00
SAO_695Y-10,São Paulo,3550308,True,,1198,,,-23.648898000000003,-46.703265,,,,1,2023-06-17T17:58:32+00:00
SAO_695Y-10,São Paulo,3550308,True,,1198,,,-23.589384000000003,-46.634009500000005,,,,1,2023-06-17T17:59:03+00:00
SAO_695Y-10,São Paulo,3550308,True,,1198,,,-23.685820999999997,-46.69318425,,,,1,2023-06-17T17:59:12+00:00
SAO_695Y-10,São Paulo,3550308,True,,1198,,,-23.726087,-46.699416,,,,1,2023-06-17T17:58:48+00:00
SAO_695Y-10,São Paulo,3550308,True,,1198,,,-23.597861062499998,-46.6567281875,,,,1,2023-06-17T17:58:59+00:00
SAO_6015-10,São Paulo,3550308,True,,1205,,,-23.7282675,-46.786224250000004,,,,1,2023-06-17T17:59:17+00:00
SAO_6015-10,São Paulo,3550308,True,,1205,,,-23.682036,-46.7670365,,,,1,2023-06-17T17:59:07+00:00
SAO_6015-10,São Paulo,3550308,True,,1205,,,-23.718654,-46.7846245,,,,1,2023-06-17T17:58:35+00:00
SAO_6015-10,São Paulo,3550308,True,,1205,,,-23.667816000000002,-46.7312965,,,,1,2023-06-17T17:59:18+00:00
SAO_6015-10,São Paulo,3550308,True,,1205,,,-23.659702,-46.7050855,,,,1,2023-06-17T17:59:13+00:00
SAO_6015-10,São Paulo,3550308,True,,1205,,,-23.702687,-46.7833245,,,,1,2023-06-17T17:59:07+00:00
SAO_178L-10,São Paulo,3550308,True,,33328,,,-23.539908250000003,-46.64632675,,,,2,2023-06-17T17:59:14+00:00
SAO_178L-10,São Paulo,3550308,True,,33328,,,-23.486548499999998,-46.6398135,,,,2,2023-06-17T17:59:03+00:00
SAO_178L-10,São Paulo,3550308,True,,33328,,,-23.4747265,-46.64295,,,,2,2023-06-17T17:58:47+00:00
SAO_178L-10,São Paulo,3550308,True,,33328,,,-23.474617000000002,-46.6435345,,,,2,2023-06-17T17:59:11+00:00
SAO_178L-10,São Paulo,3550308,True,,33328,,,-23.504151125,-46.62617125,,,,2,2023-06-17T17:58:48+00:00
SAO_3721-41,São Paulo,3550308,True,,1693,,,-23.5636785,-46.5006755,,,,1,2023-06-17T17:58:39+00:00
SAO_3721-41,São Paulo,3550308,True,,1693,,,-23.541323,-46.4845135,,,,1,2023-06-17T17:58:46+00:00
SAO_3721-41,São Paulo,3550308,True,,1693,,,-23.561016000000002,-46.4913875,,,,1,2023-06-17T17:58:48+00:00
SAO_701H-10,São Paulo,3550308,True,,35326,,,-23.705281749999997,-46.742294,,,,2,2023-06-17T17:58:39+00:00
SAO_4312-10,São Paulo,3550308,True,,2172,,,-23.5314975,-46.52150949999999,,,,1,2023-06-17T17:58:45+00:00
SAO_4312-10,São Paulo,3550308,True,,2172,,,-23.54645675,-46.629903999999996,,,,1,2023-06-17T17:59:12+00:00
SAO_4312-10,São Paulo,3550308,True,,2172,,,-23.5498945,-46.625344999999996,,,,1,2023-06-17T17:58:38+00:00
SAO_3112-10,São Paulo,3550308,True,,33848,,,-23.592364,-46.5460185,,,,2,2023-06-17T17:59:03+00:00
SAO_3112-10,São Paulo,3550308,True,,33848,,,-23.610093499999998,-46.5294835,,,,2,2023-06-17T17:58:51+00:00
SAO_3112-10,São Paulo,3550308,True,,33848,,,-23.567067875,-46.591996125,,,,2,2023-06-17T17:59:17+00:00
SAO_3112-10,São Paulo,3550308,True,,33848,,,-23.541312875000003,-46.592650000000006,,,,2,2023-06-17T17:58:34+00:00
SAO_3112-10,São Paulo,3550308,True,,33848,,,-23.581467500000002,-46.5852565,,,,2,2023-06-17T17:58:50+00:00
SAO_3112-10,São Paulo,3550308,True,,33848,,,-23.60308325,-46.52735025,,,,2,2023-06-17T17:58:43+00:00
SAO_6053-10,São Paulo,3550308,True,,1145,,,-23.7687405,-46.661952,,,,1,2023-06-17T17:59:12+00:00
SAO_6053-10,São Paulo,3550308,True,,1145,,,-23.7413045,-46.69165425,,,,1,2023-06-17T17:59:12+00:00
SAO_7245-21,São Paulo,3550308,True,,35306,,,-23.6134835,-46.695440500000004,,,,2,2023-06-17T17:58:56+00:00
SAO_7245-21,São Paulo,3550308,True,,35306,,,-23.6134835,-46.695440500000004,,,,2,2023-06-17T17:59:09+00:00
SAO_3141-10,São Paulo,3550308,True,,734,,,-23.5731365,-46.560228499999994,,,,1,2023-06-17T17:59:08+00:00
SAO_3141-10,São Paulo,3550308,True,,734,,,-23.612431,-46.478824,,,,1,2023-06-17T17:59:03+00:00
SAO_3141-10,São Paulo,3550308,True,,734,,,-23.608726,-46.505896,,,,1,2023-06-17T17:58:10+00:00
SAO_3141-10,São Paulo,3550308,True,,734,,,-23.5491905,-46.6049595,,,,1,2023-06-17T17:59:07+00:00
SAO_3141-10,São Paulo,3550308,True,,734,,,-23.612431,-46.478824,,,,1,2023-06-17T17:58:52+00:00
SAO_4002-10,São Paulo,3550308,True,,2177,,,-23.530247000000003,-46.444227,,,,1,2023-06-17T17:59:07+00:00
SAO_4002-10,São Paulo,3550308,True,,2177,,,-23.5838515,-46.492776500000005,,,,1,2023-06-17T17:58:36+00:00
SAO_2011-10,São Paulo,3550308,True,,34904,,,-23.4821945,-46.604354,,,,2,2023-06-17T17:59:10+00:00
SAO_2011-10,São Paulo,3550308,True,,34904,,,-23.476896749999998,-46.56910525000001,,,,2,2023-06-17T17:59:04+00:00
SAO_2011-10,São Paulo,3550308,True,,34904,,,-23.490259,-46.5709545,,,,2,2023-06-17T17:58:55+00:00
SAO_2011-10,São Paulo,3550308,True,,34904,,,-23.490259,-46.5709545,,,,2,2023-06-17T17:56:23+00:00
SAO_2011-10,São Paulo,3550308,True,,34904,,,-23.48920375,-46.57026875,,,,2,2023-06-17T17:58:59+00:00
SAO_476G-10,São Paulo,3550308,True,,1111,,,-23.59238,-46.647018,,,,1,2023-06-17T17:59:04+00:00
SAO_476G-10,São Paulo,3550308,True,,1111,,,-23.6143955,-46.504852,,,,1,2023-06-17T17:58:57+00:00
SAO_476G-10,São Paulo,3550308,True,,1111,,,-23.5817945,-46.5922445,,,,1,2023-06-17T17:58:46+00:00
SAO_476G-10,São Paulo,3550308,True,,1111,,,-23.6110605,-46.530139500000004,,,,1,2023-06-17T17:58:46+00:00
SAO_3020-10,São Paulo,3550308,True,,958,,,-23.532984499999998,-46.448578999999995,,,,1,2023-06-17T17:59:07+00:00
SAO_3020-10,São Paulo,3550308,True,,958,,,-23.5660035,-46.5068395,,,,1,2023-06-17T17:58:53+00:00
SAO_3712-51,São Paulo,3550308,True,,35273,,,-23.55940725,-46.422336875,,,,2,2023-06-17T17:58:35+00:00
SAO_3712-51,São Paulo,3550308,True,,35273,,,-23.552236375,-46.442861750000006,,,,2,2023-06-17T17:58:50+00:00
SAO_6412-10,São Paulo,3550308,True,,33538,,,-23.6115255,-46.7218435,,,,2,2023-06-17T17:59:05+00:00
SAO_6412-10,São Paulo,3550308,True,,33538,,,-23.577015000000003,-46.659004249999995,,,,2,2023-06-17T17:58:52+00:00
SAO_6412-10,São Paulo,3550308,True,,33538,,,-23.6172295,-46.720997,,,,2,2023-06-17T17:58:35+00:00
SAO_6412-10,São Paulo,3550308,True,,33538,,,-23.600961499999997,-46.67407025,,,,2,2023-06-17T17:59:09+00:00
SAO_6412-10,São Paulo,3550308,True,,33538,,,-23.617464,-46.705532749999996,,,,2,2023-06-17T17:58:48+00:00
SAO_5757-10,São Paulo,3550308,True,,34056,,,-23.690149249999997,-46.64364725,,,,2,2023-06-17T17:58:49+00:00
SAO_5757-10,São Paulo,3550308,True,,34056,,,-23.691199500000003,-46.639219499999996,,,,2,2023-06-17T17:59:15+00:00
SAO_5757-10,São Paulo,3550308,True,,34056,,,-23.671619,-46.646021,,,,2,2023-06-17T17:58:58+00:00
SAO_5757-10,São Paulo,3550308,True,,34056,,,-23.63472,-46.640936499999995,,,,2,2023-06-17T17:59:08+00:00
SAO_253F-10,São Paulo,3550308,True,,32926,,,-23.5175915,-46.4751235,,,,2,2023-06-17T17:58:50+00:00
SAO_253F-10,São Paulo,3550308,True,,32926,,,-23.5165075,-46.4549485,,,,2,2023-06-17T17:58:12+00:00
SAO_253F-10,São Paulo,3550308,True,,32926,,,-23.600106500000003,-46.469812,,,,2,2023-06-17T17:59:00+00:00
SAO_253F-10,São Paulo,3550308,True,,32926,,,-23.5188595,-46.4743185,,,,2,2023-06-17T17:59:07+00:00
SAO_6092-10,São Paulo,3550308,True,,1177,,,-23.745988,-46.688644,,,,1,2023-06-17T17:59:10+00:00
SAO_6092-10,São Paulo,3550308,True,,1177,,,-23.777242,-46.682151874999995,,,,1,2023-06-17T17:59:11+00:00
SAO_4114-10,São Paulo,3550308,True,EMTU,321,https://moovitapp.com/index/pt-br/transporte_p%C3%BAblico-line-321-Sao_Paulo-242-2038937-36419411-0,5.4,-23.582496499999998,-46.6298775,,,,1,2023-06-17T17:58:41+00:00
SAO_6403-10,São Paulo,3550308,True,,58,,,-23.643911000000003,-46.733135000000004,,,,1,2023-06-17T17:58:36+00:00
SAO_6403-10,São Paulo,3550308,True,,58,,,-23.5568825,-46.6515995,,,,1,2023-06-17T17:59:14+00:00
SAO_6403-10,São Paulo,3550308,True,,58,,,-23.588016500000002,-46.690049,,,,1,2023-06-17T17:58:47+00:00
SAO_7009-10,São Paulo,3550308,True,,1951,,,-23.69138175,-46.77535775,,,,1,2023-06-17T17:58:51+00:00
SAO_7009-10,São Paulo,3550308,True,,1951,,,-23.7041605,-46.787671,,,,1,2023-06-17T17:59:02+00:00
SAO_5300-10,São Paulo,3550308,True,EMTU,354,https://moovitapp.com/index/pt-br/transporte_p%C3%BAblico-line-354-Sao_Paulo-242-2038937-36419437-0,7.55,-23.577484499999997,-46.644529,,,,1,2023-06-17T17:58:34+00:00
SAO_5300-10,São Paulo,3550308,True,EMTU,354,https://moovitapp.com/index/pt-br/transporte_p%C3%BAblico-line-354-Sao_Paulo-242-2038937-36419437-0,7.55,-23.575755,-46.64204975,,,,1,2023-06-17T17:59:10+00:00
SAO_5300-10,São Paulo,3550308,True,EMTU,354,https://moovitapp.com/index/pt-br/transporte_p%C3%BAblico-line-354-Sao_Paulo-242-2038937-36419437-0,7.55,-23.654195,-46.711744499999995,,,,1,2023-06-17T17:59:05+00:00
SAO_5300-10,São Paulo,3550308,True,EMTU,354,https://moovitapp.com/index/pt-br/transporte_p%C3%BAblico-line-354-Sao_Paulo-242-2038937-36419437-0,7.55,-23.6326475,-46.68952175,,,,1,2023-06-17T17:59:16+00:00
SAO_5300-10,São Paulo,3550308,True,EMTU,354,https://moovitapp.com/index/pt-br/transporte_p%C3%BAblico-line-354-Sao_Paulo-242-2038937-36419437-0,7.55,-23.6071845,-46.665484,,,,1,2023-06-17T17:58:43+00:00
SAO_5300-10,São Paulo,3550308,True,EMTU,354,https://moovitapp.com/index/pt-br/transporte_p%C3%BAblico-line-354-Sao_Paulo-242-2038937-36419437-0,7.55,-23.654195,-46.711744499999995,,,,1,2023-06-17T17:58:34+00:00
SAO_5300-10,São Paulo,3550308,True,EMTU,354,https://moovitapp.com/index/pt-br/transporte_p%C3%BAblico-line-354-Sao_Paulo-242-2038937-36419437-0,7.55,-23.5471955,-46.630402000000004,,,,1,2023-06-17T17:59:09+00:00
SAO_5300-10,São Paulo,3550308,True,EMTU,354,https://moovitapp.com/index/pt-br/transporte_p%C3%BAblico-line-354-Sao_Paulo-242-2038937-36419437-0,7.55,-23.654134499999998,-46.708625,,,,1,2023-06-17T17:58:33+00:00
SAO_637G-10,São Paulo,3550308,True,EMTU,101,https://moovitapp.com/index/pt-br/transporte_p%C3%BAblico-line-101-Sao_Paulo-242-2038937-36419264-0,4.8,-23.6810125,-46.705592,,,,1,2023-06-17T17:58:08+00:00
SAO_637G-10,São Paulo,3550308,True,EMTU,101,https://moovitapp.com/index/pt-br/transporte_p%C3%BAblico-line-101-Sao_Paulo-242-2038937-36419264-0,4.8,-23.63014175,-46.69001025,,,,1,2023-06-17T17:59:06+00:00
SAO_637G-10,São Paulo,3550308,True,EMTU,101,https://moovitapp.com/index/pt-br/transporte_p%C3%BAblico-line-101-Sao_Paulo-242-2038937-36419264-0,4.8,-23.5653665,-46.6941725,,,,1,2023-06-17T17:58:37+00:00
SAO_637G-10,São Paulo,3550308,True,EMTU,101,https://moovitapp.com/index/pt-br/transporte_p%C3%BAblico-line-101-Sao_Paulo-242-2038937-36419264-0,4.8,-23.7537615,-46.6807515,,,,1,2023-06-17T17:59:09+00:00
SAO_637G-10,São Paulo,3550308,True,EMTU,101,https://moovitapp.com/index/pt-br/transporte_p%C3%BAblico-line-101-Sao_Paulo-242-2038937-36419264-0,4.8,-23.72721975,-46.69921875,,,,1,2023-06-17T17:58:51+00:00
SAO_637G-10,São Paulo,3550308,True,EMTU,101,https://moovitapp.com/index/pt-br/transporte_p%C3%BAblico-line-101-Sao_Paulo-242-2038937-36419264-0,4.8,-23.7537615,-46.6807515,,,,1,2023-06-17T17:58:58+00:00
SAO_637G-10,São Paulo,3550308,True,EMTU,101,https://moovitapp.com/index/pt-br/transporte_p%C3%BAblico-line-101-Sao_Paulo-242-2038937-36419264-0,4.8,-23.7537615,-46.6807515,,,,1,2023-06-17T17:58:52+00:00
SAO_736I-10,São Paulo,3550308,True,,33549,,,-23.6324805,-46.7479005,,,,2,2023-06-17T17:59:01+00:00
SAO_736I-10,São Paulo,3550308,True,,33549,,,-23.64450025,-46.7264155,,,,2,2023-06-17T17:58:51+00:00
SAO_736I-10,São Paulo,3550308,True,,33549,,,-23.632452999999998,-46.7480465,,,,2,2023-06-17T17:58:59+00:00
SAO_736I-10,São Paulo,3550308,True,,33549,,,-23.632810499999998,-46.749061,,,,2,2023-06-17T17:59:02+00:00
SAO_736I-10,São Paulo,3550308,True,,33549,,,-23.640376,-46.74718825,,,,2,2023-06-17T17:59:05+00:00
SAO_719P-10,São Paulo,3550308,True,,34140,,,-23.53967925,-46.6551705,,,,2,2023-06-17T17:58:39+00:00
SAO_3712-10,São Paulo,3550308,True,,1009,,,-23.5418825,-46.4703705,,,,1,2023-06-17T17:58:50+00:00
SAO_3712-10,São Paulo,3550308,True,,1009,,,-23.5496355,-46.42588549999999,,,,1,2023-06-17T17:58:59+00:00
SAO_3712-10,São Paulo,3550308,True,,1009,,,-23.5525595,-46.4257145,,,,1,2023-06-17T17:59:01+00:00
SAO_3712-10,São Paulo,3550308,True,,1009,,,-23.5525595,-46.4257145,,,,1,2023-06-17T17:58:40+00:00
SAO_3712-10,São Paulo,3550308,True,,1009,,,-23.5525595,-46.4257145,,,,1,2023-06-17T17:58:51+00:00
SAO_3712-10,São Paulo,3550308,True,,1009,,,-23.546056,-46.44557425,,,,1,2023-06-17T17:58:57+00:00
SAO_3712-10,São Paulo,3550308,True,,1009,,,-23.5525595,-46.4257145,,,,1,2023-06-17T17:58:46+00:00
SAO_6258-10,São Paulo,3550308,True,,34000,,,-23.691460499999998,-46.746868500000005,,,,2,2023-06-17T17:58:45+00:00
SAO_6258-10,São Paulo,3550308,True,,34000,,,-23.691406,-46.7461455,,,,2,2023-06-17T17:58:35+00:00
SAO_6258-10,São Paulo,3550308,True,,34000,,,-23.670888,-46.7344865,,,,2,2023-06-17T17:58:33+00:00
SAO_6258-10,São Paulo,3550308,True,,34000,,,-23.691460499999998,-46.746868500000005,,,,2,2023-06-17T17:59:17+00:00
SAO_3025-10,São Paulo,3550308,True,,961,,,-23.56785875,-46.4059255,,,,1,2023-06-17T17:58:47+00:00
SAO_3025-10,São Paulo,3550308,True,,961,,,-23.5772695,-46.39736550000001,,,,1,2023-06-17T17:58:56+00:00
SAO_3025-10,São Paulo,3550308,True,,961,,,-23.5711865,-46.395934,,,,1,2023-06-17T17:58:54+00:00
SAO_3025-10,São Paulo,3550308,True,,961,,,-23.5571725,-46.410432,,,,1,2023-06-17T17:59:04+00:00
SAO_3025-10,São Paulo,3550308,True,,961,,,-23.54247075,-46.41617375,,,,1,2023-06-17T17:58:36+00:00
SAO_6012-10,São Paulo,3550308,True,,33972,,,-23.684307500000003,-46.770112749999996,,,,2,2023-06-17T17:59:04+00:00
SAO_6012-10,São Paulo,3550308,True,,33972,,,-23.6869815,-46.7875065,,,,2,2023-06-17T17:59:02+00:00
SAO_6012-10,São Paulo,3550308,True,,33972,,,-23.650700999999998,-46.707818,,,,2,2023-06-17T17:59:17+00:00
SAO_6012-10,São Paulo,3550308,True,,33972,,,-23.686754,-46.7876415,,,,2,2023-06-17T17:58:58+00:00
SAO_119L-10,São Paulo,3550308,True,,35041,,,-23.445461,-46.7844485,,,,2,2023-06-17T17:58:30+00:00
SAO_809T-10,São Paulo,3550308,True,,2246,,,-23.5508550625,-46.73984618750001,,,,1,2023-06-17T17:58:35+00:00
SAO_809T-10,São Paulo,3550308,True,,2246,,,-23.584963000000002,-46.756026500000004,,,,1,2023-06-17T17:59:12+00:00
SAO_809T-10,São Paulo,3550308,True,,2246,,,-23.5508550625,-46.73984618750001,,,,1,2023-06-17T17:58:41+00:00
SAO_809T-10,São Paulo,3550308,True,,2246,,,-23.524919125000004,-46.699054749999995,,,,1,2023-06-17T17:59:01+00:00
SAO_6L02-10,São Paulo,3550308,True,,1178,,,-23.83902525,-46.7350815,,,,1,2023-06-17T17:58:34+00:00
SAO_172N-10,São Paulo,3550308,True,,33432,,,-23.528331,-46.59752075,,,,2,2023-06-17T17:57:34+00:00
SAO_172N-10,São Paulo,3550308,True,,33432,,,-23.515946749999998,-46.61641775,,,,2,2023-06-17T17:58:49+00:00
SAO_172N-10,São Paulo,3550308,True,,33432,,,-23.515946749999998,-46.61641775,,,,2,2023-06-17T17:59:03+00:00
SAO_172N-10,São Paulo,3550308,True,,33432,,,-23.515946749999998,-46.61641775,,,,2,2023-06-17T17:58:45+00:00
SAO_172N-10,São Paulo,3550308,True,,33432,,,-23.50653475,-46.60203,,,,2,2023-06-17T17:57:49+00:00
SAO_6061-10,São Paulo,3550308,True,,33918,,,-23.76810825,-46.6962705,,,,2,2023-06-17T17:59:16+00:00
SAO_172Y-10,São Paulo,3550308,True,,33630,,,-23.501680999999998,-46.5904595,,,,2,2023-06-17T17:59:16+00:00
SAO_172Y-10,São Paulo,3550308,True,,33630,,,-23.47473425,-46.58000975,,,,2,2023-06-17T17:58:32+00:00
SAO_172Y-10,São Paulo,3550308,True,,33630,,,-23.47473425,-46.58000975,,,,2,2023-06-17T17:59:02+00:00
SAO_172Y-10,São Paulo,3550308,True,,33630,,,-23.539028375,-46.598683750000006,,,,2,2023-06-17T17:57:04+00:00
SAO_3721-10,São Paulo,3550308,True,,33787,,,-23.563750499999998,-46.505320499999996,,,,2,2023-06-17T17:59:12+00:00
SAO_3721-10,São Paulo,3550308,True,,33787,,,-23.549149,-46.483338,,,,2,2023-06-17T17:59:02+00:00
SAO_3721-10,São Paulo,3550308,True,,33787,,,-23.566587,-46.493535,,,,2,2023-06-17T17:59:08+00:00
SAO_4706-10,São Paulo,3550308,True,,299,,,-23.646547499999997,-46.59753499999999,,,,1,2023-06-17T17:59:14+00:00
SAO_4706-10,São Paulo,3550308,True,,299,,,-23.590708,-46.63347625,,,,1,2023-06-17T17:58:50+00:00
SAO_4706-10,São Paulo,3550308,True,,299,,,-23.6135245,-46.6090195,,,,1,2023-06-17T17:59:07+00:00
SAO_2033-10,São Paulo,3550308,True,,35267,,,-23.51444625,-46.586548875,,,,2,2023-06-17T17:58:44+00:00
SAO_2033-10,São Paulo,3550308,True,,35267,,,-23.4872685,-46.568211500000004,,,,2,2023-06-17T17:56:49+00:00
SAO_4284-10,São Paulo,3550308,True,EMTU,289,https://moovitapp.com/index/pt-br/transporte_p%C3%BAblico-line-289-Sao_Paulo-242-2038937-36419390-0,5.1,-23.594124125,-46.578191625,,,,1,2023-06-17T17:59:06+00:00
SAO_5105-10,São Paulo,3550308,True,,1651,,,-23.58257275,-46.599735875,,,,1,2023-06-17T17:59:00+00:00
SAO_5105-10,São Paulo,3550308,True,,1651,,,-23.55480725,-46.624383,,,,1,2023-06-17T17:59:02+00:00
SAO_5290-10,São Paulo,3550308,True,,597,,,-23.65513,-46.6366075,,,,1,2023-06-17T17:58:43+00:00
SAO_5290-10,São Paulo,3550308,True,,597,,,-23.5464215,-46.626594499999996,,,,1,2023-06-17T17:59:04+00:00
SAO_5290-10,São Paulo,3550308,True,,597,,,-23.6816055,-46.6367515,,,,1,2023-06-17T17:59:05+00:00
SAO_5290-10,São Paulo,3550308,True,,597,,,-23.591474499999997,-46.6357215,,,,1,2023-06-17T17:59:12+00:00
SAO_5290-10,São Paulo,3550308,True,,597,,,-23.611379499999998,-46.6378325,,,,1,2023-06-17T17:58:52+00:00
SAO_3064-41,São Paulo,3550308,True,,34701,,,-23.583026,-46.408417,,,,2,2023-06-17T17:59:02+00:00
SAO_719P-10,São Paulo,3550308,True,,1372,,,-23.5661695,-46.701891,,,,1,2023-06-17T17:58:46+00:00
SAO_719P-10,São Paulo,3550308,True,,1372,,,-23.567622999999998,-46.695747,,,,1,2023-06-17T17:58:50+00:00
SAO_719P-10,São Paulo,3550308,True,,1372,,,-23.53790525,-46.65263625,,,,1,2023-06-17T17:58:47+00:00
SAO_1741-10,São Paulo,3550308,True,,33307,,,-23.486641,-46.639146,,,,2,2023-06-17T17:59:07+00:00
SAO_1741-10,São Paulo,3550308,True,,33307,,,-23.4647525,-46.6632075,,,,2,2023-06-17T17:59:15+00:00
SAO_874C-10,São Paulo,3550308,True,,33245,,,-23.546825,-46.7609525,,,,2,2023-06-17T17:58:46+00:00
SAO_874C-10,São Paulo,3550308,True,,33245,,,-23.531549,-46.712389,,,,2,2023-06-17T17:58:07+00:00
SAO_874C-10,São Paulo,3550308,True,,33245,,,-23.5321865,-46.7122215,,,,2,2023-06-17T17:59:00+00:00
SAO_2060-10,São Paulo,3550308,True,,32902,,,-23.536156,-46.4681715,,,,2,2023-06-17T17:58:52+00:00
SAO_2060-10,São Paulo,3550308,True,,32902,,,-23.518619375,-46.475986625,,,,2,2023-06-17T17:58:42+00:00
SAO_6262-10,São Paulo,3550308,True,,1371,,,-23.529834,-46.732059500000005,,,,1,2023-06-17T17:58:33+00:00
SAO_6262-10,São Paulo,3550308,True,,1371,,,-23.529834,-46.732059500000005,,,,1,2023-06-17T17:59:09+00:00
SAO_6262-10,São Paulo,3550308,True,,1371,,,-23.55787625,-46.700644,,,,1,2023-06-17T17:59:06+00:00
SAO_6262-10,São Paulo,3550308,True,,1371,,,-23.5724685,-46.690042500000004,,,,1,2023-06-17T17:58:34+00:00
SAO_5705-10,São Paulo,3550308,True,,34425,,,-23.5836355,-46.62760975,,,,2,2023-06-17T17:59:14+00:00
SAO_6L04-10,São Paulo,3550308,True,,1180,,,-23.868416000000003,-46.768221,,,,1,2023-06-17T17:58:38+00:00
SAO_6L04-10,São Paulo,3550308,True,,1180,,,-23.828025500000003,-46.7271865,,,,1,2023-06-17T17:58:50+00:00
SAO_2719-10,São Paulo,3550308,True,,33700,,,-23.494684,-46.4697925,,,,2,2023-06-17T17:59:02+00:00
SAO_2719-10,São Paulo,3550308,True,,33700,,,-23.5163385,-46.520989,,,,2,2023-06-17T17:58:58+00:00
SAO_2719-10,São Paulo,3550308,True,,33700,,,-23.507659,-46.4908995,,,,2,2023-06-17T17:59:16+00:00
SAO_2719-10,São Paulo,3550308,True,,33700,,,-23.494799999999998,-46.4693685,,,,2,2023-06-17T17:59:05+00:00
SAO_2719-10,São Paulo,3550308,True,,33700,,,-23.493141,-46.474854750000006,,,,2,2023-06-17T17:58:34+00:00
SAO_2719-10,São Paulo,3550308,True,,33700,,,-23.531342000000002,-46.5303805,,,,2,2023-06-17T17:59:09+00:00
SAO_675L-10,São Paulo,3550308,True,,34246,,,-23.625414499999998,-46.682889,,,,2,2023-06-17T17:59:07+00:00
SAO_6008-10,São Paulo,3550308,True,,1200,,,-23.685931500000002,-46.755784,,,,1,2023-06-17T17:59:12+00:00
SAO_6008-10,São Paulo,3550308,True,,1200,,,-23.665815000000002,-46.7117615,,,,1,2023-06-17T17:59:09+00:00
SAO_6008-10,São Paulo,3550308,True,,1200,,,-23.6540115,-46.7103915,,,,1,2023-06-17T17:58:42+00:00
SAO_6008-10,São Paulo,3550308,True,,1200,,,-23.681127249999996,-46.735015,,,,1,2023-06-17T17:58:55+00:00
SAO_6805-31,São Paulo,3550308,True,,1788,,,-23.6551175,-46.762319500000004,,,,1,2023-06-17T17:58:46+00:00
SAO_6805-31,São Paulo,3550308,True,,1788,,,-23.660562999999996,-46.747134,,,,1,2023-06-17T17:58:38+00:00
SAO_6801-10,São Paulo,3550308,True,,32773,,,-23.660584,-46.7336095,,,,2,2023-06-17T17:58:59+00:00
SAO_6801-10,São Paulo,3550308,True,,32773,,,-23.6607655,-46.7335995,,,,2,2023-06-17T17:58:49+00:00
SAO_7060-10,São Paulo,3550308,True,,34657,,,-23.634623,-46.775131,,,,2,2023-06-17T17:59:09+00:00
SAO_7060-10,São Paulo,3550308,True,,34657,,,-23.68466,-46.799467,,,,2,2023-06-17T17:59:09+00:00
SAO_8050-10,São Paulo,3550308,True,,412,,,-23.43608375,-46.78625825,,,,1,2023-06-17T17:59:01+00:00
SAO_2011-10,São Paulo,3550308,True,,2136,,,-23.473266375,-46.58897,,,,1,2023-06-17T17:59:07+00:00
SAO_2011-10,São Paulo,3550308,True,,2136,,,-23.4865575,-46.619282,,,,1,2023-06-17T17:58:47+00:00
SAO_2011-10,São Paulo,3550308,True,,2136,,,-23.4897535,-46.570575500000004,,,,1,2023-06-17T17:56:28+00:00
SAO_174M-10,São Paulo,3550308,True,,33441,,,-23.4799795,-46.58862,,,,2,2023-06-17T17:58:42+00:00
SAO_174M-10,São Paulo,3550308,True,,33441,,,-23.4879515,-46.574379500000006,,,,2,2023-06-17T17:59:02+00:00
SAO_174M-10,São Paulo,3550308,True,,33441,,,-23.542787500000003,-46.61627625,,,,2,2023-06-17T17:58:54+00:00
SAO_174M-10,São Paulo,3550308,True,,33441,,,-23.487699,-46.575016500000004,,,,2,2023-06-17T17:59:02+00:00
SAO_174M-10,São Paulo,3550308,True,,33441,,,-23.487852,-46.5743735,,,,2,2023-06-17T17:58:47+00:00
SAO_174M-10,São Paulo,3550308,True,,33441,,,-23.506921,-46.62476025,,,,2,2023-06-17T17:58:53+00:00
SAO_6L11-10,São Paulo,3550308,True,,33935,,,-23.762444000000002,-46.655004000000005,,,,2,2023-06-17T17:58:41+00:00
SAO_6L11-10,São Paulo,3550308,True,,33935,,,-23.753559000000003,-46.68118,,,,2,2023-06-17T17:59:18+00:00
SAO_6L11-10,São Paulo,3550308,True,,33935,,,-23.8015465,-46.6276715,,,,2,2023-06-17T17:59:07+00:00
SAO_6003-10,São Paulo,3550308,True,,1472,,,-23.727567,-46.6990155,,,,1,2023-06-17T17:58:53+00:00
SAO_6003-10,São Paulo,3550308,True,,1472,,,-23.7371425,-46.697546,,,,1,2023-06-17T17:58:57+00:00
SAO_5034-10,São Paulo,3550308,True,,34431,,,-23.6530245,-46.602299,,,,2,2023-06-17T17:58:46+00:00
SAO_2551-10,São Paulo,3550308,True,,32909,,,-23.522458,-46.547261,,,,2,2023-06-17T17:59:09+00:00
SAO_2551-10,São Paulo,3550308,True,,32909,,,-23.516312499999998,-46.4764995,,,,2,2023-06-17T17:59:00+00:00
SAO_546J-31,São Paulo,3550308,True,,34783,,,-23.68778,-46.65928825,,,,2,2023-06-17T17:59:04+00:00
SAO_546J-31,São Paulo,3550308,True,,34783,,,-23.6741345,-46.6637275,,,,2,2023-06-17T17:58:36+00:00
SAO_546J-31,São Paulo,3550308,True,,34783,,,-23.68907575,-46.662764749999994,,,,2,2023-06-17T17:58:54+00:00
SAO_546J-31,São Paulo,3550308,True,,34783,,,-23.688448,-46.6592945,,,,2,2023-06-17T17:58:37+00:00
SAO_8001-10,São Paulo,3550308,True,,34019,,,-23.502658,-46.760932499999996,,,,2,2023-06-17T17:58:39+00:00
SAO_4011-10,São Paulo,3550308,True,,34952,,,-23.6224175,-46.414038500000004,,,,2,2023-06-17T17:59:05+00:00
SAO_4011-10,São Paulo,3550308,True,,34952,,,-23.594590500000002,-46.4477785,,,,2,2023-06-17T17:59:02+00:00
SAO_4011-10,São Paulo,3550308,True,,34952,,,-23.6227125,-46.414294,,,,2,2023-06-17T17:58:43+00:00
SAO_4011-10,São Paulo,3550308,True,,34952,,,-23.6213605,-46.418718,,,,2,2023-06-17T17:58:48+00:00
SAO_3023-10,São Paulo,3550308,True,,33728,,,-23.5671075,-46.505986,,,,2,2023-06-17T17:58:49+00:00
SAO_3023-10,São Paulo,3550308,True,,33728,,,-23.60563525,-46.47994,,,,2,2023-06-17T17:58:35+00:00
SAO_3023-10,São Paulo,3550308,True,,33728,,,-23.603975,-46.4813555,,,,2,2023-06-17T17:58:45+00:00
SAO_3023-10,São Paulo,3550308,True,,33728,,,-23.624857,-46.471247500000004,,,,2,2023-06-17T17:58:39+00:00
SAO_2024-10,São Paulo,3550308,True,,35029,,,-23.3976045,-46.577535999999995,,,,2,2023-06-17T17:58:57+00:00
SAO_178Y-10,São Paulo,3550308,True,,33636,,,-23.4632465,-46.6413395,,,,2,2023-06-17T17:59:00+00:00
SAO_178Y-10,São Paulo,3550308,True,,33636,,,-23.479611499999997,-46.6273595,,,,2,2023-06-17T17:59:14+00:00
SAO_675R-10,São Paulo,3550308,True,,32877,,,-23.7542595,-46.680344,,,,2,2023-06-17T17:59:05+00:00
SAO_675R-10,São Paulo,3550308,True,,32877,,,-23.7268125,-46.685533,,,,2,2023-06-17T17:58:59+00:00
SAO_675R-10,São Paulo,3550308,True,,32877,,,-23.6667985,-46.677833500000006,,,,2,2023-06-17T17:58:47+00:00
SAO_675R-10,São Paulo,3550308,True,,32877,,,-23.7545765,-46.679976499999995,,,,2,2023-06-17T17:59:09+00:00
SAO_609F-10,São Paulo,3550308,True,,32805,,,-23.534974,-46.6443435,,,,2,2023-06-17T17:59:09+00:00
SAO_609F-10,São Paulo,3550308,True,,32805,,,-23.668001500000003,-46.7491535,,,,2,2023-06-17T17:58:46+00:00
SAO_609F-10,São Paulo,3550308,True,,32805,,,-23.651751500000003,-46.73382775,,,,2,2023-06-17T17:59:11+00:00
SAO_807J-10,São Paulo,3550308,True,,2058,,,-23.61608425,-46.75695325,,,,1,2023-06-17T17:58:54+00:00
SAO_807J-10,São Paulo,3550308,True,,2058,,,-23.59921775,-46.721178375,,,,1,2023-06-17T17:58:55+00:00
SAO_637R-10,São Paulo,3550308,True,EMTU,196,https://moovitapp.com/index/pt-br/transporte_p%C3%BAblico-line-196-Sao_Paulo-242-2038937-36419323-0,4.85,-23.714867749999996,-46.77118175,,,,1,2023-06-17T17:59:12+00:00
SAO_637R-10,São Paulo,3550308,True,EMTU,196,https://moovitapp.com/index/pt-br/transporte_p%C3%BAblico-line-196-Sao_Paulo-242-2038937-36419323-0,4.85,-23.702687,-46.7833245,,,,1,2023-06-17T17:58:48+00:00
SAO_637R-10,São Paulo,3550308,True,EMTU,196,https://moovitapp.com/index/pt-br/transporte_p%C3%BAblico-line-196-Sao_Paulo-242-2038937-36419323-0,4.85,-23.690900499999998,-46.774835499999995,,,,1,2023-06-17T17:58:54+00:00
SAO_637R-10,São Paulo,3550308,True,EMTU,196,https://moovitapp.com/index/pt-br/transporte_p%C3%BAblico-line-196-Sao_Paulo-242-2038937-36419323-0,4.85,-23.6672905,-46.727228,,,,1,2023-06-17T17:58:59+00:00
SAO_7052-10,São Paulo,3550308,True,,34654,,,-23.6525575,-46.773193,,,,2,2023-06-17T17:58:47+00:00
SAO_7052-10,São Paulo,3550308,True,,34654,,,-23.631172,-46.7728455,,,,2,2023-06-17T17:58:53+00:00
SAO_7052-10,São Paulo,3550308,True,,34654,,,-23.653421,-46.773264999999995,,,,2,2023-06-17T17:58:51+00:00
SAO_372U-10,São Paulo,3550308,True,,33784,,,-23.5426195,-46.575008499999996,,,,2,2023-06-17T17:58:43+00:00
SAO_372U-10,São Paulo,3550308,True,,33784,,,-23.5568485,-46.537368,,,,2,2023-06-17T17:59:09+00:00
SAO_372U-10,São Paulo,3550308,True,,33784,,,-23.54928975,-46.568483,,,,2,2023-06-17T17:58:49+00:00
SAO_372U-10,São Paulo,3550308,True,,33784,,,-23.5570765,-46.53751749999999,,,,2,2023-06-17T17:58:58+00:00
SAO_372U-10,São Paulo,3550308,True,,33784,,,-23.564991250000002,-46.545677749999996,,,,2,2023-06-17T17:59:16+00:00
SAO_372U-10,São Paulo,3550308,True,,33784,,,-23.552728625000004,-46.543964625,,,,2,2023-06-17T17:59:01+00:00
SAO_3721-41,São Paulo,3550308,True,,34461,,,-23.563325499999998,-46.5007915,,,,2,2023-06-17T17:59:16+00:00
SAO_3721-41,São Paulo,3550308,True,,34461,,,-23.5577255,-46.491423499999996,,,,2,2023-06-17T17:58:57+00:00
SAO_3721-41,São Paulo,3550308,True,,34461,,,-23.54209025,-46.4833155,,,,2,2023-06-17T17:59:00+00:00
SAO_3721-41,São Paulo,3550308,True,,34461,,,-23.558219,-46.497948,,,,2,2023-06-17T17:58:42+00:00
SAO_3721-41,São Paulo,3550308,True,,34461,,,-23.5631595,-46.500921000000005,,,,2,2023-06-17T17:58:38+00:00
SAO_3721-41,São Paulo,3550308,True,,34461,,,-23.5425225,-46.470603999999994,,,,2,2023-06-17T17:58:59+00:00
SAO_5318-10,São Paulo,3550308,True,,32813,,,-23.665154625,-46.753176499999995,,,,2,2023-06-17T17:59:05+00:00
SAO_5318-10,São Paulo,3550308,True,,32813,,,-23.664875000000002,-46.753225,,,,2,2023-06-17T17:58:36+00:00
SAO_5318-10,São Paulo,3550308,True,,32813,,,-23.5961815,-46.65530700000001,,,,2,2023-06-17T17:58:41+00:00
SAO_5318-10,São Paulo,3550308,True,,32813,,,-23.634339500000003,-46.694065249999994,,,,2,2023-06-17T17:59:15+00:00
SAO_5318-10,São Paulo,3550308,True,,32813,,,-23.6646575,-46.753386,,,,2,2023-06-17T17:58:43+00:00
SAO_5035-10,São Paulo,3550308,True,,34436,,,-23.637159500000003,-46.592059,,,,2,2023-06-17T17:58:44+00:00
SAO_5035-10,São Paulo,3550308,True,,34436,,,-23.628139,-46.5938255,,,,2,2023-06-17T17:59:17+00:00
SAO_374V-10,São Paulo,3550308,True,,34415,,,-23.5116805,-46.454798749999995,,,,2,2023-06-17T17:58:39+00:00
SAO_374V-10,São Paulo,3550308,True,,34415,,,-23.530681625,-46.453834125,,,,2,2023-06-17T17:59:01+00:00
SAO_374V-10,São Paulo,3550308,True,,34415,,,-23.511018999999997,-46.4545,,,,2,2023-06-17T17:58:51+00:00
SAO_374V-10,São Paulo,3550308,True,,34415,,,-23.5171235,-46.455089,,,,2,2023-06-17T17:54:38+00:00
SAO_957T-10,São Paulo,3550308,True,,464,,,-23.459683,-46.6885965,,,,1,2023-06-17T17:58:54+00:00
SAO_957T-10,São Paulo,3550308,True,,464,,,-23.521752,-46.7185675,,,,1,2023-06-17T17:59:02+00:00
SAO_3902-10,São Paulo,3550308,True,,1470,,,-23.491952750000003,-46.37485425,,,,1,2023-06-17T17:59:16+00:00
SAO_3902-10,São Paulo,3550308,True,,1470,,,-23.50660225,-46.40030874999999,,,,1,2023-06-17T17:58:57+00:00
SAO_8622-10,São Paulo,3550308,True,EMTU,438,https://moovitapp.com/index/pt-br/transporte_p%C3%BAblico-line-438-Sao_Paulo-242-2038937-36419488-0,7.65,-23.52660825,-46.67352775,,,,1,2023-06-17T17:59:01+00:00
SAO_8622-10,São Paulo,3550308,True,EMTU,438,https://moovitapp.com/index/pt-br/transporte_p%C3%BAblico-line-438-Sao_Paulo-242-2038937-36419488-0,7.65,-23.50888975,-46.7347195,,,,1,2023-06-17T17:58:47+00:00
SAO_8622-10,São Paulo,3550308,True,EMTU,438,https://moovitapp.com/index/pt-br/transporte_p%C3%BAblico-line-438-Sao_Paulo-242-2038937-36419488-0,7.65,-23.436309875,-46.79227,,,,1,2023-06-17T17:59:16+00:00
SAO_8622-10,São Paulo,3550308,True,EMTU,438,https://moovitapp.com/index/pt-br/transporte_p%C3%BAblico-line-438-Sao_Paulo-242-2038937-36419488-0,7.65,-23.547871999999998,-46.642169499999994,,,,1,2023-06-17T17:59:03+00:00
SAO_7006-51,São Paulo,3550308,True,,1997,,,-23.718654,-46.7846245,,,,1,2023-06-17T17:59:13+00:00
SAO_7006-51,São Paulo,3550308,True,,1997,,,-23.718654,-46.7846245,,,,1,2023-06-17T17:58:57+00:00
SAO_7006-51,São Paulo,3550308,True,,1997,,,-23.71959125,-46.78506625,,,,1,2023-06-17T17:58:49+00:00
SAO_7006-51,São Paulo,3550308,True,,1997,,,-23.681235,-46.7693535,,,,1,2023-06-17T17:58:34+00:00
SAO_5030-10,São Paulo,3550308,True,,34437,,,-23.637222,-46.595223000000004,,,,2,2023-06-17T17:59:04+00:00
SAO_5030-10,São Paulo,3550308,True,,34437,,,-23.626294,-46.60661575,,,,2,2023-06-17T17:58:05+00:00
SAO_877T-10,São Paulo,3550308,True,,34149,,,-23.518145500000003,-46.7036745,,,,2,2023-06-17T17:58:54+00:00
SAO_877T-10,São Paulo,3550308,True,,34149,,,-23.51331475,-46.72147137500001,,,,2,2023-06-17T17:58:44+00:00
SAO_9188-10,São Paulo,3550308,True,EMTU,809,https://moovitapp.com/index/pt-br/transporte_p%C3%BAblico-line-809-Sao_Paulo-242-2038937-119858519-0,5.2,-23.5183395,-46.701709,,,,1,2023-06-17T17:59:14+00:00
SAO_9188-10,São Paulo,3550308,True,EMTU,809,https://moovitapp.com/index/pt-br/transporte_p%C3%BAblico-line-809-Sao_Paulo-242-2038937-119858519-0,5.2,-23.4754055,-46.724346749999995,,,,1,2023-06-17T17:59:03+00:00
SAO_9188-10,São Paulo,3550308,True,EMTU,809,https://moovitapp.com/index/pt-br/transporte_p%C3%BAblico-line-809-Sao_Paulo-242-2038937-119858519-0,5.2,-23.454766,-46.728925,,,,1,2023-06-17T17:58:46+00:00
SAO_9188-10,São Paulo,3550308,True,EMTU,809,https://moovitapp.com/index/pt-br/transporte_p%C3%BAblico-line-809-Sao_Paulo-242-2038937-119858519-0,5.2,-23.454766,-46.728925,,,,1,2023-06-17T17:58:16+00:00
SAO_8549-10,São Paulo,3550308,True,,33348,,,-23.4881125,-46.68801,,,,2,2023-06-17T17:58:49+00:00
SAO_8549-10,São Paulo,3550308,True,,33348,,,-23.534146,-46.6547235,,,,2,2023-06-17T17:59:10+00:00
SAO_8549-10,São Paulo,3550308,True,,33348,,,-23.4362225,-46.717113499999996,,,,2,2023-06-17T17:58:56+00:00
SAO_8549-10,São Paulo,3550308,True,,33348,,,-23.436301125,-46.716888125,,,,2,2023-06-17T17:58:40+00:00
SAO_8549-10,São Paulo,3550308,True,,33348,,,-23.4405935,-46.7116415,,,,2,2023-06-17T17:58:50+00:00
SAO_3768-10,São Paulo,3550308,True,,33824,,,-23.5867215,-46.386095999999995,,,,2,2023-06-17T17:59:10+00:00
SAO_3768-10,São Paulo,3550308,True,,33824,,,-23.5665205,-46.416188000000005,,,,2,2023-06-17T17:58:50+00:00
SAO_3768-10,São Paulo,3550308,True,,33824,,,-23.54132175,-46.42654025,,,,2,2023-06-17T17:58:37+00:00
SAO_938V-10,São Paulo,3550308,True,,33581,,,-23.477605500000003,-46.681760999999995,,,,2,2023-06-17T17:59:08+00:00
SAO_938V-10,São Paulo,3550308,True,,33581,,,-23.4527645,-46.6849925,,,,2,2023-06-17T17:58:57+00:00
SAO_938V-10,São Paulo,3550308,True,,33581,,,-23.526135,-46.668659500000004,,,,2,2023-06-17T17:59:07+00:00
SAO_938V-10,São Paulo,3550308,True,,33581,,,-23.471548,-46.6778415,,,,2,2023-06-17T17:59:07+00:00
SAO_938V-10,São Paulo,3550308,True,,33581,,,-23.467692999999997,-46.677919,,,,2,2023-06-17T17:59:01+00:00
SAO_938V-10,São Paulo,3550308,True,,33581,,,-23.515389250000002,-46.69335575,,,,2,2023-06-17T17:58:50+00:00
SAO_938V-10,São Paulo,3550308,True,,33581,,,-23.455579,-46.675582750000004,,,,2,2023-06-17T17:58:51+00:00
SAO_938V-10,São Paulo,3550308,True,,33581,,,-23.5227545,-46.700604125,,,,2,2023-06-17T17:58:45+00:00
SAO_938V-10,São Paulo,3550308,True,,33581,,,-23.452824999999997,-46.6848085,,,,2,2023-06-17T17:58:37+00:00
SAO_938V-10,São Paulo,3550308,True,,33581,,,-23.4527645,-46.6849925,,,,2,2023-06-17T17:58:57+00:00
SAO_4716-10,São Paulo,3550308,True,,33874,,,-23.6080215,-46.619577,,,,2,2023-06-17T17:58:51+00:00
SAO_4716-10,São Paulo,3550308,True,,33874,,,-23.6114425,-46.608366000000004,,,,2,2023-06-17T17:59:05+00:00
SAO_4716-10,São Paulo,3550308,True,,33874,,,-23.6104375,-46.622153,,,,2,2023-06-17T17:58:50+00:00
SAO_4716-10,São Paulo,3550308,True,,33874,,,-23.600459937500002,-46.636761125,,,,2,2023-06-17T17:58:35+00:00
SAO_4716-10,São Paulo,3550308,True,,33874,,,-23.599436,-46.6383915,,,,2,2023-06-17T17:59:17+00:00
SAO_948A-10,São Paulo,3550308,True,,34191,,,-23.4694535,-46.7135935,,,,2,2023-06-17T17:58:56+00:00
SAO_948A-10,São Paulo,3550308,True,,34191,,,-23.526135,-46.668659500000004,,,,2,2023-06-17T17:59:03+00:00
SAO_6818-10,São Paulo,3550308,True,BR7 Mobilidade,28,https://moovitapp.com/index/pt-br/transporte_p%C3%BAblico-line-28-Sao_Paulo-242-851856-596008-0,5.75,-23.655842999999997,-46.7727765,,,,1,2023-06-17T17:58:56+00:00
SAO_6818-10,São Paulo,3550308,True,BR7 Mobilidade,28,https://moovitapp.com/index/pt-br/transporte_p%C3%BAblico-line-28-Sao_Paulo-242-851856-596008-0,5.75,-23.655842999999997,-46.7727765,,,,1,2023-06-17T17:59:13+00:00
SAO_6818-10,São Paulo,3550308,True,BR7 Mobilidade,28,https://moovitapp.com/index/pt-br/transporte_p%C3%BAblico-line-28-Sao_Paulo-242-851856-596008-0,5.75,-23.655842999999997,-46.7727765,,,,1,2023-06-17T17:59:07+00:00
SAO_1764-10,São Paulo,3550308,True,,625,,,-23.461714,-46.60282599999999,,,,1,2023-06-17T17:59:00+00:00
SAO_1764-10,São Paulo,3550308,True,,625,,,-23.425084,-46.582206,,,,1,2023-06-17T17:58:50+00:00
SAO_1764-10,São Paulo,3550308,True,,625,,,-23.4787515,-46.620213,,,,1,2023-06-17T17:58:56+00:00
SAO_3787-10,São Paulo,3550308,True,,34380,,,-23.5425565,-46.4708155,,,,2,2023-06-17T17:58:43+00:00
SAO_3787-10,São Paulo,3550308,True,,34380,,,-23.60156875,-46.398831,,,,2,2023-06-17T17:58:54+00:00
SAO_3787-10,São Paulo,3550308,True,,34380,,,-23.594010500000003,-46.420961,,,,2,2023-06-17T17:59:08+00:00
SAO_3787-10,São Paulo,3550308,True,,34380,,,-23.569903500000002,-46.4473195,,,,2,2023-06-17T17:58:49+00:00
SAO_3787-10,São Paulo,3550308,True,,34380,,,-23.60079075,-46.400482249999996,,,,2,2023-06-17T17:58:38+00:00
SAO_2018-10,São Paulo,3550308,True,,33672,,,-23.5000301875,-46.4212580625,,,,2,2023-06-17T17:58:32+00:00
SAO_2018-10,São Paulo,3550308,True,,33672,,,-23.510322000000002,-46.40719,,,,2,2023-06-17T17:58:42+00:00
SAO_8545-10,São Paulo,3550308,True,,34132,,,-23.4648145,-46.6961405,,,,2,2023-06-17T17:59:00+00:00
SAO_8545-10,São Paulo,3550308,True,,34132,,,-23.489151,-46.6940735,,,,2,2023-06-17T17:58:52+00:00
SAO_8545-10,São Paulo,3550308,True,,34132,,,-23.472373500000003,-46.68387774999999,,,,2,2023-06-17T17:58:57+00:00
SAO_5123-10,São Paulo,3550308,True,,33893,,,-23.600459937500002,-46.636761125,,,,2,2023-06-17T17:59:10+00:00
SAO_5123-10,São Paulo,3550308,True,,33893,,,-23.6697305,-46.638155499999996,,,,2,2023-06-17T17:59:08+00:00
SAO_5123-10,São Paulo,3550308,True,,33893,,,-23.655705875000002,-46.636681499999995,,,,2,2023-06-17T17:59:02+00:00
SAO_5123-10,São Paulo,3550308,True,,33893,,,-23.679383,-46.631049625,,,,2,2023-06-17T17:58:45+00:00
SAO_5123-10,São Paulo,3550308,True,,33893,,,-23.6450955,-46.64122625,,,,2,2023-06-17T17:58:43+00:00
SAO_701A-10,São Paulo,3550308,True,,689,,,-23.52939825,-46.602333,,,,1,2023-06-17T17:58:54+00:00
SAO_701A-10,São Paulo,3550308,True,,689,,,-23.532737750000003,-46.631499250000005,,,,1,2023-06-17T17:59:14+00:00
SAO_701A-10,São Paulo,3550308,True,,689,,,-23.551071750000002,-46.69033175,,,,1,2023-06-17T17:59:02+00:00
SAO_1780-10,São Paulo,3550308,True,,869,,,-23.4657055,-46.584512000000004,,,,1,2023-06-17T17:59:10+00:00
SAO_8072-10,São Paulo,3550308,True,,34847,,,-23.62664225,-46.76194475,,,,2,2023-06-17T17:58:54+00:00
SAO_8072-10,São Paulo,3550308,True,,34847,,,-23.5857665,-46.723943,,,,2,2023-06-17T17:58:41+00:00
SAO_8072-10,São Paulo,3550308,True,,34847,,,-23.6423545,-46.7659975,,,,2,2023-06-17T17:59:03+00:00
SAO_8072-10,São Paulo,3550308,True,,34847,,,-23.61119875,-46.753526,,,,2,2023-06-17T17:59:11+00:00
SAO_8072-10,São Paulo,3550308,True,,34847,,,-23.5857665,-46.723943,,,,2,2023-06-17T17:58:58+00:00
SAO_8072-10,São Paulo,3550308,True,,34847,,,-23.5857665,-46.723943,,,,2,2023-06-17T17:59:14+00:00
SAO_8072-10,São Paulo,3550308,True,,34847,,,-23.642632499999998,-46.7658355,,,,2,2023-06-17T17:58:33+00:00
SAO_1896-10,São Paulo,3550308,True,,35288,,,-23.5466395,-46.639284,,,,2,2023-06-17T17:58:56+00:00
SAO_1896-10,São Paulo,3550308,True,,35288,,,-23.48807025,-46.73292275,,,,2,2023-06-17T17:59:04+00:00
SAO_1896-10,São Paulo,3550308,True,,35288,,,-23.444561999999998,-46.7535965,,,,2,2023-06-17T17:58:49+00:00
SAO_5759-31,São Paulo,3550308,True,,1139,,,-23.684308,-46.6451685,,,,1,2023-06-17T17:56:28+00:00
SAO_5759-31,São Paulo,3550308,True,,1139,,,-23.673710999999997,-46.655961,,,,1,2023-06-17T17:56:46+00:00
SAO_5759-31,São Paulo,3550308,True,,1139,,,-23.64049275,-46.65238,,,,1,2023-06-17T17:58:58+00:00
SAO_6801-10,São Paulo,3550308,True,,5,,,-23.643900000000002,-46.733340999999996,,,,1,2023-06-17T17:58:50+00:00
SAO_2551-10,São Paulo,3550308,True,EMTU,141,https://moovitapp.com/index/pt-br/transporte_p%C3%BAblico-line-141-Sao_Paulo-242-2038937-36419292-0,8.15,-23.546433999999998,-46.630430000000004,,,,1,2023-06-17T17:59:10+00:00
SAO_2551-10,São Paulo,3550308,True,EMTU,141,https://moovitapp.com/index/pt-br/transporte_p%C3%BAblico-line-141-Sao_Paulo-242-2038937-36419292-0,8.15,-23.49497225,-46.47841175,,,,1,2023-06-17T17:58:53+00:00
SAO_2551-10,São Paulo,3550308,True,EMTU,141,https://moovitapp.com/index/pt-br/transporte_p%C3%BAblico-line-141-Sao_Paulo-242-2038937-36419292-0,8.15,-23.5382745,-46.601580999999996,,,,1,2023-06-17T17:58:44+00:00
SAO_5036-10,São Paulo,3550308,True,,34434,,,-23.6136725,-46.605738,,,,2,2023-06-17T17:59:02+00:00
SAO_5036-10,São Paulo,3550308,True,,34434,,,-23.657341,-46.6139265,,,,2,2023-06-17T17:58:40+00:00
SAO_3001-10,São Paulo,3550308,True,,1650,,,-23.494836125,-46.407076375,,,,1,2023-06-17T17:58:56+00:00
SAO_9012-10,São Paulo,3550308,True,,1268,,,-23.4764445,-46.684829,,,,1,2023-06-17T17:58:39+00:00
SAO_715M-10,São Paulo,3550308,True,EMTU,490,https://moovitapp.com/index/pt-br/transporte_p%C3%BAblico-line-490-Sao_Paulo-242-2038937-36419517-0,5.15,-23.5587165,-46.659662874999995,,,,1,2023-06-17T17:59:05+00:00
SAO_715M-10,São Paulo,3550308,True,EMTU,490,https://moovitapp.com/index/pt-br/transporte_p%C3%BAblico-line-490-Sao_Paulo-242-2038937-36419517-0,5.15,-23.5782905,-46.74737399999999,,,,1,2023-06-17T17:58:47+00:00
SAO_715M-10,São Paulo,3550308,True,EMTU,490,https://moovitapp.com/index/pt-br/transporte_p%C3%BAblico-line-490-Sao_Paulo-242-2038937-36419517-0,5.15,-23.5679590625,-46.650708249999994,,,,1,2023-06-17T17:59:09+00:00
SAO_715M-10,São Paulo,3550308,True,EMTU,490,https://moovitapp.com/index/pt-br/transporte_p%C3%BAblico-line-490-Sao_Paulo-242-2038937-36419517-0,5.15,-23.583236999999997,-46.761977,,,,1,2023-06-17T17:58:47+00:00
SAO_4007-10,São Paulo,3550308,True,,2181,,,-23.5475675,-46.426792,,,,1,2023-06-17T17:58:51+00:00
SAO_4007-10,São Paulo,3550308,True,,2181,,,-23.5502075,-46.508866999999995,,,,1,2023-06-17T17:58:05+00:00
SAO_4007-10,São Paulo,3550308,True,,2181,,,-23.56024525,-46.411693,,,,1,2023-06-17T17:59:01+00:00
SAO_178L-10,São Paulo,3550308,True,EMTU,560,https://moovitapp.com/index/pt-br/transporte_p%C3%BAblico-line-560-Sao_Paulo-242-2038937-36419561-0,6.2,-23.55165475,-46.657360749999995,,,,1,2023-06-17T17:58:48+00:00
SAO_178L-10,São Paulo,3550308,True,EMTU,560,https://moovitapp.com/index/pt-br/transporte_p%C3%BAblico-line-560-Sao_Paulo-242-2038937-36419561-0,6.2,-23.4778565,-46.64502,,,,1,2023-06-17T17:58:49+00:00
SAO_178L-10,São Paulo,3550308,True,EMTU,560,https://moovitapp.com/index/pt-br/transporte_p%C3%BAblico-line-560-Sao_Paulo-242-2038937-36419561-0,6.2,-23.53482675,-46.643970749999994,,,,1,2023-06-17T17:58:45+00:00
SAO_178L-10,São Paulo,3550308,True,EMTU,560,https://moovitapp.com/index/pt-br/transporte_p%C3%BAblico-line-560-Sao_Paulo-242-2038937-36419561-0,6.2,-23.549608875,-46.681905125,,,,1,2023-06-17T17:58:57+00:00
SAO_178L-10,São Paulo,3550308,True,EMTU,560,https://moovitapp.com/index/pt-br/transporte_p%C3%BAblico-line-560-Sao_Paulo-242-2038937-36419561-0,6.2,-23.5496345,-46.682542,,,,1,2023-06-17T17:58:40+00:00
SAO_178L-10,São Paulo,3550308,True,EMTU,560,https://moovitapp.com/index/pt-br/transporte_p%C3%BAblico-line-560-Sao_Paulo-242-2038937-36419561-0,6.2,-23.492924000000002,-46.6331685,,,,1,2023-06-17T17:59:14+00:00
SAO_5026-10,São Paulo,3550308,True,,1635,,,-23.6153985,-46.503564999999995,,,,1,2023-06-17T17:54:55+00:00
SAO_5759-31,São Paulo,3550308,True,,33907,,,-23.669916999999998,-46.6571455,,,,2,2023-06-17T17:59:17+00:00
SAO_5759-31,São Paulo,3550308,True,,33907,,,-23.68377575,-46.650192249999996,,,,2,2023-06-17T17:58:45+00:00
SAO_5759-31,São Paulo,3550308,True,,33907,,,-23.6948495,-46.64830975,,,,2,2023-06-17T17:59:12+00:00
SAO_5759-31,São Paulo,3550308,True,,33907,,,-23.6947445,-46.64808025,,,,2,2023-06-17T17:58:55+00:00
SAO_5759-31,São Paulo,3550308,True,,33907,,,-23.635912,-46.640206500000005,,,,2,2023-06-17T17:58:44+00:00
SAO_5759-31,São Paulo,3550308,True,,33907,,,-23.6947445,-46.64808025,,,,2,2023-06-17T17:58:44+00:00
SAO_4018-10,São Paulo,3550308,True,,2191,,,-23.598791499999997,-46.468892,,,,1,2023-06-17T17:58:34+00:00
SAO_4018-10,São Paulo,3550308,True,,2191,,,-23.5835525,-46.408947,,,,1,2023-06-17T17:58:41+00:00
SAO_4018-10,São Paulo,3550308,True,,2191,,,-23.5948245,-46.4406075,,,,1,2023-06-17T17:59:04+00:00
SAO_4018-10,São Paulo,3550308,True,,2191,,,-23.613115999999998,-46.476499,,,,1,2023-06-17T17:59:06+00:00
SAO_1012-10,São Paulo,3550308,True,,35254,,,-23.432324,-46.792401999999996,,,,2,2023-06-17T17:58:52+00:00
SAO_1012-10,São Paulo,3550308,True,,35254,,,-23.429463,-46.800258,,,,2,2023-06-17T17:58:41+00:00
SAO_1012-10,São Paulo,3550308,True,,35254,,,-23.4324985,-46.7870395,,,,2,2023-06-17T17:59:06+00:00
SAO_1012-10,São Paulo,3550308,True,,35254,,,-23.432584,-46.787028,,,,2,2023-06-17T17:58:43+00:00
SAO_1012-10,São Paulo,3550308,True,,35254,,,-23.438719499999998,-46.806748,,,,2,2023-06-17T17:58:48+00:00
SAO_178A-10,São Paulo,3550308,True,,33326,,,-23.502758,-46.623603,,,,2,2023-06-17T17:58:48+00:00
SAO_178A-10,São Paulo,3550308,True,,33326,,,-23.502498000000003,-46.62359549999999,,,,2,2023-06-17T17:59:07+00:00
SAO_178A-10,São Paulo,3550308,True,,33326,,,-23.52385225,-46.698935250000005,,,,2,2023-06-17T17:59:06+00:00
SAO_6291-10,São Paulo,3550308,True,EMTU,358,https://moovitapp.com/index/pt-br/transporte_p%C3%BAblico-line-358-Sao_Paulo-242-2038937-36419439-0,4.8,-23.586769500000003,-46.6903145,,,,1,2023-06-17T17:58:42+00:00
SAO_6291-10,São Paulo,3550308,True,EMTU,358,https://moovitapp.com/index/pt-br/transporte_p%C3%BAblico-line-358-Sao_Paulo-242-2038937-36419439-0,4.8,-23.559576,-46.65437225000001,,,,1,2023-06-17T17:58:48+00:00
SAO_6291-10,São Paulo,3550308,True,EMTU,358,https://moovitapp.com/index/pt-br/transporte_p%C3%BAblico-line-358-Sao_Paulo-242-2038937-36419439-0,4.8,-23.642342,-46.7663905,,,,1,2023-06-17T17:58:35+00:00
SAO_6291-10,São Paulo,3550308,True,EMTU,358,https://moovitapp.com/index/pt-br/transporte_p%C3%BAblico-line-358-Sao_Paulo-242-2038937-36419439-0,4.8,-23.6348505,-46.73362725,,,,1,2023-06-17T17:59:11+00:00
SAO_848L-10,São Paulo,3550308,True,,33576,,,-23.4144305,-46.7510005,,,,2,2023-06-17T17:59:09+00:00
SAO_848L-10,São Paulo,3550308,True,,33576,,,-23.441576374999997,-46.72480925,,,,2,2023-06-17T17:59:13+00:00
SAO_848L-10,São Paulo,3550308,True,,33576,,,-23.4286505,-46.7271095,,,,2,2023-06-17T17:59:15+00:00
SAO_3742-10,São Paulo,3550308,True,,1042,,,-23.5740275,-46.4453305,,,,1,2023-06-17T17:59:01+00:00
SAO_3742-10,São Paulo,3550308,True,,1042,,,-23.5434505,-46.4634435,,,,1,2023-06-17T17:58:43+00:00
SAO_3742-10,São Paulo,3550308,True,,1042,,,-23.601422499999998,-46.436319,,,,1,2023-06-17T17:58:52+00:00
SAO_847P-42,São Paulo,3550308,True,,1424,,,-23.468989,-46.696481500000004,,,,1,2023-06-17T17:58:52+00:00
SAO_847P-42,São Paulo,3550308,True,,1424,,,-23.5147575,-46.699583000000004,,,,1,2023-06-17T17:59:16+00:00
SAO_7059-10,São Paulo,3550308,True,,34692,,,-23.660479000000002,-46.777412,,,,2,2023-06-17T17:58:58+00:00
SAO_7059-10,São Paulo,3550308,True,,34692,,,-23.658301,-46.7819395,,,,2,2023-06-17T17:58:48+00:00
SAO_978A-10,São Paulo,3550308,True,,1369,,,-23.49840075,-46.685363499999994,,,,1,2023-06-17T17:59:12+00:00
SAO_978A-10,São Paulo,3550308,True,,1369,,,-23.4756295,-46.6704885,,,,1,2023-06-17T17:58:56+00:00
SAO_978A-10,São Paulo,3550308,True,,1369,,,-23.475662999999997,-46.670556,,,,1,2023-06-17T17:59:01+00:00
SAO_978A-10,São Paulo,3550308,True,,1369,,,-23.5249625,-46.668324,,,,1,2023-06-17T17:59:10+00:00
SAO_748R-10,São Paulo,3550308,True,,33269,,,-23.5776495,-46.7618245,,,,2,2023-06-17T17:59:00+00:00
SAO_748R-10,São Paulo,3550308,True,,33269,,,-23.60201,-46.7903515,,,,2,2023-06-17T17:58:54+00:00
SAO_748R-10,São Paulo,3550308,True,,33269,,,-23.533213500000002,-46.7134635,,,,2,2023-06-17T17:59:11+00:00
SAO_748R-10,São Paulo,3550308,True,,33269,,,-23.6001115,-46.7843265,,,,2,2023-06-17T17:59:06+00:00
SAO_5752-10,São Paulo,3550308,True,,34055,,,-23.6543385,-46.651799125000004,,,,2,2023-06-17T17:59:06+00:00
SAO_5752-10,São Paulo,3550308,True,,34055,,,-23.690883999999997,-46.6502995,,,,2,2023-06-17T17:59:04+00:00
SAO_5752-10,São Paulo,3550308,True,,34055,,,-23.690854,-46.649566,,,,2,2023-06-17T17:58:34+00:00
SAO_5752-10,São Paulo,3550308,True,,34055,,,-23.6601195,-46.662659,,,,2,2023-06-17T17:58:43+00:00
SAO_5752-10,São Paulo,3550308,True,,34055,,,-23.690879,-46.649802,,,,2,2023-06-17T17:59:11+00:00
SAO_407L-10,São Paulo,3550308,True,,34967,,,-23.580379,-46.4113845,,,,2,2023-06-17T17:58:54+00:00
SAO_407L-10,São Paulo,3550308,True,,34967,,,-23.590592,-46.3947795,,,,2,2023-06-17T17:59:10+00:00
SAO_407L-10,São Paulo,3550308,True,,34967,,,-23.539366,-46.4264545,,,,2,2023-06-17T17:58:29+00:00
SAO_407L-10,São Paulo,3550308,True,,34967,,,-23.588742125000003,-46.396207625,,,,2,2023-06-17T17:58:43+00:00
SAO_407L-10,São Paulo,3550308,True,,34967,,,-23.5347835,-46.454962249999994,,,,2,2023-06-17T17:58:47+00:00
SAO_407L-10,São Paulo,3550308,True,,34967,,,-23.535334499999998,-46.475890500000006,,,,2,2023-06-17T17:58:40+00:00
SAO_407L-10,São Paulo,3550308,True,,34967,,,-23.590415999999998,-46.394861500000005,,,,2,2023-06-17T17:58:39+00:00
SAO_407L-10,São Paulo,3550308,True,,34967,,,-23.590592,-46.3947795,,,,2,2023-06-17T17:59:03+00:00
SAO_407L-10,São Paulo,3550308,True,,34967,,,-23.54088075,-46.42579125,,,,2,2023-06-17T17:56:35+00:00
SAO_407L-10,São Paulo,3550308,True,,34967,,,-23.5385685,-46.426801,,,,2,2023-06-17T17:57:06+00:00
SAO_407L-10,São Paulo,3550308,True,,34967,,,-23.5230605,-46.5141815,,,,2,2023-06-17T17:59:05+00:00
SAO_5185-10,São Paulo,3550308,True,,1308,,,-23.5739305,-46.655609,,,,1,2023-06-17T17:58:54+00:00
SAO_5185-10,São Paulo,3550308,True,,1308,,,-23.668568999999998,-46.7352145,,,,1,2023-06-17T17:58:40+00:00
SAO_5185-10,São Paulo,3550308,True,,1308,,,-23.546979,-46.63057,,,,1,2023-06-17T17:59:08+00:00
SAO_5185-10,São Paulo,3550308,True,,1308,,,-23.6677575,-46.7351975,,,,1,2023-06-17T17:58:51+00:00
SAO_5185-10,São Paulo,3550308,True,,1308,,,-23.6415765,-46.673032,,,,1,2023-06-17T17:58:35+00:00
SAO_6014-10,São Paulo,3550308,True,,32956,,,-23.742814499999998,-46.80108325,,,,2,2023-06-17T17:59:05+00:00
SAO_6014-10,São Paulo,3550308,True,,32956,,,-23.6659005,-46.71467625,,,,2,2023-06-17T17:59:01+00:00
SAO_6014-10,São Paulo,3550308,True,,32956,,,-23.724219125,-46.78567475,,,,2,2023-06-17T17:58:45+00:00
SAO_6014-10,São Paulo,3550308,True,,32956,,,-23.684307500000003,-46.770112749999996,,,,2,2023-06-17T17:58:52+00:00
SAO_6014-10,São Paulo,3550308,True,,32956,,,-23.742814499999998,-46.80108325,,,,2,2023-06-17T17:58:48+00:00
SAO_6014-10,São Paulo,3550308,True,,32956,,,-23.745942499999998,-46.798471,,,,2,2023-06-17T17:59:02+00:00
SAO_6014-10,São Paulo,3550308,True,,32956,,,-23.742814499999998,-46.80108325,,,,2,2023-06-17T17:58:58+00:00
SAO_6014-10,São Paulo,3550308,True,,32956,,,-23.725223,-46.7859485,,,,2,2023-06-17T17:58:48+00:00
SAO_5022-10,São Paulo,3550308,True,,33888,,,-23.6720685,-46.638756,,,,2,2023-06-17T17:58:56+00:00
SAO_5022-10,São Paulo,3550308,True,,33888,,,-23.6721505,-46.638467,,,,2,2023-06-17T17:58:52+00:00
SAO_5022-10,São Paulo,3550308,True,,33888,,,-23.66005425,-46.640764875,,,,2,2023-06-17T17:58:43+00:00
SAO_574W-10,São Paulo,3550308,True,,34397,,,-23.615775499999998,-46.488022,,,,2,2023-06-17T17:58:57+00:00
SAO_574W-10,São Paulo,3550308,True,,34397,,,-23.585531000000003,-46.519232,,,,2,2023-06-17T17:58:59+00:00
SAO_574W-10,São Paulo,3550308,True,,34397,,,-23.616920999999998,-46.4814375,,,,2,2023-06-17T17:59:06+00:00
SAO_574W-10,São Paulo,3550308,True,,34397,,,-23.5764435,-46.5203245,,,,2,2023-06-17T17:59:04+00:00
SAO_574W-10,São Paulo,3550308,True,,34397,,,-23.561101,-46.564223,,,,2,2023-06-17T17:58:33+00:00
SAO_574W-10,São Paulo,3550308,True,,34397,,,-23.5448785,-46.59236575,,,,2,2023-06-17T17:58:34+00:00
SAO_574W-10,São Paulo,3550308,True,,34397,,,-23.6177525,-46.483706999999995,,,,2,2023-06-17T17:58:40+00:00
SAO_1775-10,São Paulo,3550308,True,,638,,,-23.513510625000002,-46.616156249999996,,,,1,2023-06-17T17:58:46+00:00
SAO_1775-10,São Paulo,3550308,True,,638,,,-23.477942499999997,-46.632588,,,,1,2023-06-17T17:58:35+00:00
SAO_6063-42,São Paulo,3550308,True,,34770,,,-23.809403,-46.6612485,,,,2,2023-06-17T17:58:53+00:00
SAO_6063-42,São Paulo,3550308,True,,34770,,,-23.77068775,-46.7134735,,,,2,2023-06-17T17:59:00+00:00
SAO_6063-42,São Paulo,3550308,True,,34770,,,-23.809403,-46.6612485,,,,2,2023-06-17T17:59:01+00:00
SAO_6063-42,São Paulo,3550308,True,,34770,,,-23.809384,-46.6617685,,,,2,2023-06-17T17:58:29+00:00
SAO_263C-10,São Paulo,3550308,True,,33020,,,-23.499538,-46.4151365,,,,2,2023-06-17T17:58:53+00:00
SAO_263C-10,São Paulo,3550308,True,,33020,,,-23.4839515,-46.417107,,,,2,2023-06-17T17:58:50+00:00
SAO_8008-10,São Paulo,3550308,True,,1258,,,-23.4854615,-46.740288750000005,,,,1,2023-06-17T17:58:52+00:00
SAO_8008-10,São Paulo,3550308,True,,1258,,,-23.470188,-46.751977,,,,1,2023-06-17T17:58:35+00:00
SAO_807A-10,São Paulo,3550308,True,,34668,,,-23.645365500000004,-46.701983,,,,2,2023-06-17T17:58:45+00:00
SAO_807A-10,São Paulo,3550308,True,,34668,,,-23.631153500000003,-46.7733425,,,,2,2023-06-17T17:59:13+00:00
SAO_807A-10,São Paulo,3550308,True,,34668,,,-23.630661,-46.773396000000005,,,,2,2023-06-17T17:59:04+00:00
SAO_407H-10,São Paulo,3550308,True,,2197,,,-23.5804245,-46.44250475,,,,1,2023-06-17T17:59:09+00:00
SAO_407H-10,São Paulo,3550308,True,,2197,,,-23.630965500000002,-46.4467205,,,,1,2023-06-17T17:56:45+00:00
SAO_407H-10,São Paulo,3550308,True,,2197,,,-23.5445995,-46.466583,,,,1,2023-06-17T17:56:33+00:00
SAO_407H-10,São Paulo,3550308,True,,2197,,,-23.597241,-46.453534,,,,1,2023-06-17T17:58:45+00:00
SAO_407H-10,São Paulo,3550308,True,,2197,,,-23.630965500000002,-46.4467205,,,,1,2023-06-17T17:59:06+00:00
SAO_407H-10,São Paulo,3550308,True,,2197,,,-23.630965500000002,-46.4467205,,,,1,2023-06-17T17:58:37+00:00
SAO_407H-10,São Paulo,3550308,True,,2197,,,-23.616934999999998,-46.461402750000005,,,,1,2023-06-17T17:58:34+00:00
SAO_407H-10,São Paulo,3550308,True,,2197,,,-23.546198500000003,-46.461079999999995,,,,1,2023-06-17T17:59:04+00:00
SAO_2002-10,São Paulo,3550308,True,,33479,,,-23.550129750000004,-46.641155,,,,2,2023-06-17T17:58:49+00:00
SAO_2002-10,São Paulo,3550308,True,,33479,,,-23.5463875,-46.630173,,,,2,2023-06-17T17:58:37+00:00
SAO_2002-10,São Paulo,3550308,True,,33479,,,-23.5463875,-46.630173,,,,2,2023-06-17T17:58:53+00:00
SAO_2002-10,São Paulo,3550308,True,,33479,,,-23.5465215,-46.630083,,,,2,2023-06-17T17:58:57+00:00
SAO_407A-10,São Paulo,3550308,True,,2194,,,-23.5631345,-46.501291499999994,,,,1,2023-06-17T17:58:57+00:00
SAO_407A-10,São Paulo,3550308,True,,2194,,,-23.573899,-46.5411965,,,,1,2023-06-17T17:58:41+00:00
SAO_407A-10,São Paulo,3550308,True,,2194,,,-23.5468075,-46.583911125,,,,1,2023-06-17T17:58:55+00:00
SAO_407A-10,São Paulo,3550308,True,,2194,,,-23.54209775,-46.61522575,,,,1,2023-06-17T17:59:00+00:00
SAO_407A-10,São Paulo,3550308,True,,2194,,,-23.580374499999998,-46.5181565,,,,1,2023-06-17T17:58:54+00:00
SAO_809J-10,São Paulo,3550308,True,,34834,,,-23.591769,-46.713781499999996,,,,2,2023-06-17T17:58:48+00:00
SAO_809J-10,São Paulo,3550308,True,,34834,,,-23.595149499999998,-46.7319415,,,,2,2023-06-17T17:58:41+00:00
SAO_407M-10,São Paulo,3550308,True,,33086,,,-23.5757655,-46.6136105,,,,2,2023-06-17T17:58:59+00:00
SAO_407M-10,São Paulo,3550308,True,,33086,,,-23.589255,-46.628969,,,,2,2023-06-17T17:58:39+00:00
SAO_2720-10,São Paulo,3550308,True,,933,,,-23.490983999999997,-46.479035749999994,,,,1,2023-06-17T17:58:46+00:00
SAO_2720-10,São Paulo,3550308,True,,933,,,-23.4896785,-46.4792755,,,,1,2023-06-17T17:59:11+00:00
SAO_2720-10,São Paulo,3550308,True,,933,,,-23.51862675,-46.51180975,,,,1,2023-06-17T17:58:49+00:00
SAO_8544-10,São Paulo,3550308,True,,33198,,,-23.437372250000003,-46.752472499999996,,,,2,2023-06-17T17:59:01+00:00
SAO_8544-10,São Paulo,3550308,True,,33198,,,-23.542485499999998,-46.635850500000004,,,,2,2023-06-17T17:58:57+00:00
SAO_8544-10,São Paulo,3550308,True,,33198,,,-23.5393885,-46.6401865,,,,2,2023-06-17T17:58:56+00:00
SAO_7053-22,São Paulo,3550308,True,,34664,,,-23.645042500000002,-46.789187999999996,,,,2,2023-06-17T17:58:34+00:00
SAO_7053-22,São Paulo,3550308,True,,34664,,,-23.6451655,-46.789329499999994,,,,2,2023-06-17T17:59:08+00:00
SAO_7053-22,São Paulo,3550308,True,,34664,,,-23.642704000000002,-46.786391249999994,,,,2,2023-06-17T17:58:50+00:00
SAO_9785-10,São Paulo,3550308,True,,33596,,,-23.51007,-46.67918725,,,,2,2023-06-17T17:58:47+00:00
SAO_9785-10,São Paulo,3550308,True,,33596,,,-23.5263745,-46.6661375,,,,2,2023-06-17T17:58:41+00:00
SAO_9785-10,São Paulo,3550308,True,,33596,,,-23.4603695,-46.698406000000006,,,,2,2023-06-17T17:58:56+00:00
SAO_273V-10,São Paulo,3550308,True,,32999,,,-23.519945,-46.432424499999996,,,,2,2023-06-17T17:59:13+00:00
SAO_273V-10,São Paulo,3550308,True,,32999,,,-23.521850999999998,-46.4244515,,,,2,2023-06-17T17:59:05+00:00
SAO_2727-10,São Paulo,3550308,True,,33710,,,-23.5365825,-46.475021999999996,,,,2,2023-06-17T17:58:16+00:00
SAO_8006-10,São Paulo,3550308,True,,1256,,,-23.448146875,-46.72186175,,,,1,2023-06-17T17:59:07+00:00
SAO_5705-10,São Paulo,3550308,True,,1657,,,-23.602926,-46.6020545,,,,1,2023-06-17T17:58:34+00:00
SAO_5705-10,São Paulo,3550308,True,,1657,,,-23.5855405,-46.6353845,,,,1,2023-06-17T17:59:06+00:00
SAO_5705-10,São Paulo,3550308,True,,1657,,,-23.6033575,-46.6029935,,,,1,2023-06-17T17:59:12+00:00
SAO_576C-10,São Paulo,3550308,True,,1290,,,-23.640203,-46.634164,,,,1,2023-06-17T17:58:35+00:00
SAO_576C-10,São Paulo,3550308,True,,1290,,,-23.6460415,-46.644780499999996,,,,1,2023-06-17T17:59:04+00:00
SAO_576C-10,São Paulo,3550308,True,,1290,,,-23.6629765,-46.6789515,,,,1,2023-06-17T17:58:51+00:00
SAO_576C-10,São Paulo,3550308,True,,1290,,,-23.6572775,-46.6992645,,,,1,2023-06-17T17:58:38+00:00
SAO_576C-10,São Paulo,3550308,True,,1290,,,-23.659412250000003,-46.6504695,,,,1,2023-06-17T17:58:35+00:00
SAO_576C-10,São Paulo,3550308,True,,1290,,,-23.638162,-46.6322935,,,,1,2023-06-17T17:59:08+00:00
SAO_5106-31,São Paulo,3550308,True,,34073,,,-23.6929535,-46.6450975,,,,2,2023-06-17T17:59:05+00:00
SAO_5106-31,São Paulo,3550308,True,,34073,,,-23.601461125,-46.64380925,,,,2,2023-06-17T17:59:00+00:00
SAO_5106-31,São Paulo,3550308,True,,34073,,,-23.6636745,-46.63802325,,,,2,2023-06-17T17:58:52+00:00
SAO_675A-10,São Paulo,3550308,True,,1318,,,-23.6485705,-46.732006,,,,1,2023-06-17T17:58:54+00:00
SAO_407F-10,São Paulo,3550308,True,,2167,,,-23.5838885,-46.492875999999995,,,,1,2023-06-17T17:59:09+00:00
SAO_407F-10,São Paulo,3550308,True,,2167,,,-23.612665,-46.476373499999994,,,,1,2023-06-17T17:59:13+00:00
SAO_407F-10,São Paulo,3550308,True,,2167,,,-23.564541249999998,-46.54697425,,,,1,2023-06-17T17:58:51+00:00
SAO_4222-10,São Paulo,3550308,True,EMTU,288,https://moovitapp.com/index/pt-br/transporte_p%C3%BAblico-line-288-Sao_Paulo-242-2038937-36419389-0,5.1,-23.599205249999997,-46.53805525,,,,1,2023-06-17T17:54:35+00:00
SAO_4222-10,São Paulo,3550308,True,EMTU,288,https://moovitapp.com/index/pt-br/transporte_p%C3%BAblico-line-288-Sao_Paulo-242-2038937-36419389-0,5.1,-23.5752155,-46.592425,,,,1,2023-06-17T17:59:06+00:00
SAO_6071-10,São Paulo,3550308,True,,1156,,,-23.685332000000002,-46.692723,,,,1,2023-06-17T17:59:05+00:00
SAO_6071-10,São Paulo,3550308,True,,1156,,,-23.654038,-46.708869500000006,,,,1,2023-06-17T17:58:35+00:00
SAO_3054-10,São Paulo,3550308,True,,975,,,-23.59419625,-46.42337975,,,,1,2023-06-17T17:58:56+00:00
SAO_3054-10,São Paulo,3550308,True,,975,,,-23.6012365,-46.4957585,,,,1,2023-06-17T17:59:08+00:00
SAO_3054-10,São Paulo,3550308,True,,975,,,-23.6065295,-46.471886999999995,,,,1,2023-06-17T17:58:47+00:00
SAO_1722-10,São Paulo,3550308,True,,33632,,,-23.482091500000003,-46.671369,,,,2,2023-06-17T17:58:34+00:00
SAO_1722-10,São Paulo,3550308,True,,33632,,,-23.482176000000003,-46.671173,,,,2,2023-06-17T17:58:51+00:00
SAO_1722-10,São Paulo,3550308,True,,33632,,,-23.460544499999997,-46.621515,,,,2,2023-06-17T17:59:04+00:00
SAO_1722-10,São Paulo,3550308,True,,33632,,,-23.482122250000003,-46.671637000000004,,,,2,2023-06-17T17:58:34+00:00
SAO_1722-10,São Paulo,3550308,True,,33632,,,-23.45670625,-46.601217250000005,,,,2,2023-06-17T17:56:03+00:00
SAO_1722-10,São Paulo,3550308,True,,33632,,,-23.4812,-46.6031955,,,,2,2023-06-17T17:59:05+00:00
SAO_477A-10,São Paulo,3550308,True,EMTU,346,https://moovitapp.com/index/pt-br/transporte_p%C3%BAblico-line-346-Sao_Paulo-242-2038937-36419429-0,6.3,-23.598758500000002,-46.601824750000006,,,,1,2023-06-17T17:58:49+00:00
SAO_477A-10,São Paulo,3550308,True,EMTU,346,https://moovitapp.com/index/pt-br/transporte_p%C3%BAblico-line-346-Sao_Paulo-242-2038937-36419429-0,6.3,-23.60465225,-46.603868000000006,,,,1,2023-06-17T17:59:01+00:00
SAO_477A-10,São Paulo,3550308,True,EMTU,346,https://moovitapp.com/index/pt-br/transporte_p%C3%BAblico-line-346-Sao_Paulo-242-2038937-36419429-0,6.3,-23.565869,-46.701094499999996,,,,1,2023-06-17T17:59:05+00:00
SAO_477A-10,São Paulo,3550308,True,EMTU,346,https://moovitapp.com/index/pt-br/transporte_p%C3%BAblico-line-346-Sao_Paulo-242-2038937-36419429-0,6.3,-23.583978000000002,-46.67028,,,,1,2023-06-17T17:58:36+00:00
SAO_477A-10,São Paulo,3550308,True,EMTU,346,https://moovitapp.com/index/pt-br/transporte_p%C3%BAblico-line-346-Sao_Paulo-242-2038937-36419429-0,6.3,-23.603806499999997,-46.603359499999996,,,,1,2023-06-17T17:58:52+00:00
SAO_477A-10,São Paulo,3550308,True,EMTU,346,https://moovitapp.com/index/pt-br/transporte_p%C3%BAblico-line-346-Sao_Paulo-242-2038937-36419429-0,6.3,-23.576072,-46.62504,,,,1,2023-06-17T17:59:10+00:00
SAO_8014-10,São Paulo,3550308,True,,33569,,,-23.422869,-46.791542500000006,,,,2,2023-06-17T17:59:02+00:00
SAO_8014-10,São Paulo,3550308,True,,33569,,,-23.404799500000003,-46.7535185,,,,2,2023-06-17T17:58:45+00:00
SAO_8014-10,São Paulo,3550308,True,,33569,,,-23.438640749999998,-46.79363425,,,,2,2023-06-17T17:58:46+00:00
SAO_8014-10,São Paulo,3550308,True,,33569,,,-23.446309499999998,-46.789116,,,,2,2023-06-17T17:58:39+00:00
SAO_8014-10,São Paulo,3550308,True,,33569,,,-23.446182,-46.7890905,,,,2,2023-06-17T17:58:56+00:00
SAO_2734-10,São Paulo,3550308,True,,34528,,,-23.5103705,-46.434796500000004,,,,2,2023-06-17T17:59:05+00:00
SAO_2734-10,São Paulo,3550308,True,,34528,,,-23.540277,-46.4675575,,,,2,2023-06-17T17:59:15+00:00
SAO_2734-10,São Paulo,3550308,True,,34528,,,-23.5373765,-46.455624,,,,2,2023-06-17T17:58:54+00:00
SAO_5290-10,São Paulo,3550308,True,,33365,,,-23.624087625,-46.640517875,,,,2,2023-06-17T17:59:12+00:00
SAO_5290-10,São Paulo,3550308,True,,33365,,,-23.5520375,-46.634936999999994,,,,2,2023-06-17T17:58:37+00:00
SAO_5290-10,São Paulo,3550308,True,,33365,,,-23.561947,-46.6387565,,,,2,2023-06-17T17:59:10+00:00
SAO_5290-10,São Paulo,3550308,True,,33365,,,-23.6810605,-46.6363105,,,,2,2023-06-17T17:59:01+00:00
SAO_5290-10,São Paulo,3550308,True,,33365,,,-23.654470625,-46.636961,,,,2,2023-06-17T17:58:52+00:00
SAO_2755-10,São Paulo,3550308,True,,33001,,,-23.51883275,-46.443968125,,,,2,2023-06-17T17:58:36+00:00
SAO_2755-10,São Paulo,3550308,True,,33001,,,-23.5385345,-46.4074915,,,,2,2023-06-17T17:59:15+00:00
SAO_2755-10,São Paulo,3550308,True,,33001,,,-23.540091,-46.394296499999996,,,,2,2023-06-17T17:59:16+00:00
SAO_2755-10,São Paulo,3550308,True,,33001,,,-23.541795,-46.415766,,,,2,2023-06-17T17:59:01+00:00
SAO_2755-10,São Paulo,3550308,True,,33001,,,-23.540091,-46.394296499999996,,,,2,2023-06-17T17:58:42+00:00
SAO_675G-10,São Paulo,3550308,True,ETT,106,https://moovitapp.com/index/pt-br/transporte_p%C3%BAblico-line-106-Sao_Paulo-242-876373-496508-0,5.3,-23.675421999999998,-46.678796000000006,,,,1,2023-06-17T17:58:42+00:00
SAO_675G-10,São Paulo,3550308,True,ETT,106,https://moovitapp.com/index/pt-br/transporte_p%C3%BAblico-line-106-Sao_Paulo-242-876373-496508-0,5.3,-23.748095499999998,-46.68762275,,,,1,2023-06-17T17:59:00+00:00
SAO_675G-10,São Paulo,3550308,True,ETT,106,https://moovitapp.com/index/pt-br/transporte_p%C3%BAblico-line-106-Sao_Paulo-242-876373-496508-0,5.3,-23.658695125,-46.679549875,,,,1,2023-06-17T17:58:49+00:00
SAO_675G-10,São Paulo,3550308,True,ETT,106,https://moovitapp.com/index/pt-br/transporte_p%C3%BAblico-line-106-Sao_Paulo-242-876373-496508-0,5.3,-23.645804499999997,-46.644913,,,,1,2023-06-17T17:58:50+00:00
SAO_8016-10,São Paulo,3550308,True,,1346,,,-23.4585145,-46.7189625,,,,1,2023-06-17T17:58:34+00:00
SAO_8016-10,São Paulo,3550308,True,,1346,,,-23.4854275,-46.7255765,,,,1,2023-06-17T17:58:50+00:00
SAO_8016-10,São Paulo,3550308,True,,1346,,,-23.432105,-46.724803,,,,1,2023-06-17T17:58:53+00:00
SAO_9006-10,São Paulo,3550308,True,,874,,,-23.4692325,-46.6785155,,,,1,2023-06-17T17:58:34+00:00
SAO_908T-10,São Paulo,3550308,True,,34884,,,-23.546217,-46.6305745,,,,2,2023-06-17T17:59:14+00:00
SAO_908T-10,São Paulo,3550308,True,,34884,,,-23.566099,-46.710501,,,,2,2023-06-17T17:58:55+00:00
SAO_908T-10,São Paulo,3550308,True,,34884,,,-23.55205075,-46.636024250000006,,,,2,2023-06-17T17:58:26+00:00
SAO_4024-10,São Paulo,3550308,True,,2158,,,-23.551931500000002,-46.4251575,,,,1,2023-06-17T17:56:45+00:00
SAO_4024-10,São Paulo,3550308,True,,2158,,,-23.534623500000002,-46.453379999999996,,,,1,2023-06-17T17:58:56+00:00
SAO_4024-10,São Paulo,3550308,True,,2158,,,-23.566142499999998,-46.424344500000004,,,,1,2023-06-17T17:59:09+00:00
SAO_2020-10,São Paulo,3550308,True,,35030,,,-23.4593665,-46.632753,,,,2,2023-06-17T17:59:07+00:00
SAO_2020-10,São Paulo,3550308,True,,35030,,,-23.458202,-46.61283925,,,,2,2023-06-17T17:58:35+00:00
SAO_4708-10,São Paulo,3550308,True,,33100,,,-23.639317499999997,-46.607468,,,,2,2023-06-17T17:58:55+00:00
SAO_4708-10,São Paulo,3550308,True,,33100,,,-23.61224575,-46.610688749999994,,,,2,2023-06-17T17:59:15+00:00
SAO_8019-31,São Paulo,3550308,True,,35342,,,-23.566778999999997,-46.754403499999995,,,,2,2023-06-17T17:58:54+00:00
SAO_8019-31,São Paulo,3550308,True,,35342,,,-23.5450735,-46.7477165,,,,2,2023-06-17T17:59:02+00:00
SAO_8019-31,São Paulo,3550308,True,,35342,,,-23.5450735,-46.7477165,,,,2,2023-06-17T17:59:10+00:00
SAO_408A-10,São Paulo,3550308,True,,766,,,-23.55527325,-46.63311125,,,,1,2023-06-17T17:59:08+00:00
SAO_408A-10,São Paulo,3550308,True,,766,,,-23.5440265,-46.67212325,,,,1,2023-06-17T17:59:11+00:00
SAO_189L-10,São Paulo,3550308,True,,2450,,,-23.490379,-46.710350250000005,,,,1,2023-06-17T17:58:35+00:00
SAO_8009-31,São Paulo,3550308,True,,1260,,,-23.455059499999997,-46.7491765,,,,1,2023-06-17T17:59:11+00:00
SAO_8013-10,São Paulo,3550308,True,,800,,,-23.4316619375,-46.786911125,,,,1,2023-06-17T17:59:06+00:00
SAO_8013-10,São Paulo,3550308,True,,800,,,-23.431413,-46.7872125,,,,1,2023-06-17T17:58:31+00:00
SAO_8013-10,São Paulo,3550308,True,,800,,,-23.5193205,-46.723766499999996,,,,1,2023-06-17T17:59:02+00:00
SAO_8013-10,São Paulo,3550308,True,,800,,,-23.4800995,-46.770947500000005,,,,1,2023-06-17T17:58:55+00:00
SAO_8013-10,São Paulo,3550308,True,,800,,,-23.431413,-46.7872125,,,,1,2023-06-17T17:58:51+00:00
SAO_8013-10,São Paulo,3550308,True,,800,,,-23.508707,-46.737736,,,,1,2023-06-17T17:59:12+00:00
SAO_8013-10,São Paulo,3550308,True,,800,,,-23.4314335625,-46.786947874999996,,,,1,2023-06-17T17:59:05+00:00
SAO_8013-10,São Paulo,3550308,True,,800,,,-23.432118687499997,-46.786837625000004,,,,1,2023-06-17T17:59:09+00:00
SAO_8013-10,São Paulo,3550308,True,,800,,,-23.434485125000002,-46.786480624999996,,,,1,2023-06-17T17:58:57+00:00
SAO_874C-10,São Paulo,3550308,True,,477,,,-23.556414500000002,-46.662214750000004,,,,1,2023-06-17T17:59:08+00:00
SAO_874C-10,São Paulo,3550308,True,,477,,,-23.5513245,-46.7499185,,,,1,2023-06-17T17:58:58+00:00
SAO_2203-10,São Paulo,3550308,True,,33679,,,-23.524728,-46.5455005,,,,2,2023-06-17T17:59:12+00:00
SAO_2203-10,São Paulo,3550308,True,,33679,,,-23.523399750000003,-46.51253475,,,,2,2023-06-17T17:58:39+00:00
SAO_2203-10,São Paulo,3550308,True,,33679,,,-23.52389875,-46.546583749999996,,,,2,2023-06-17T17:58:41+00:00
SAO_874T-10,São Paulo,3550308,True,,33075,,,-23.52577625,-46.67950425,,,,2,2023-06-17T17:59:11+00:00
SAO_874T-10,São Paulo,3550308,True,,33075,,,-23.579728125000003,-46.639589875,,,,2,2023-06-17T17:59:10+00:00
SAO_6L04-10,São Paulo,3550308,True,,33948,,,-23.8716915,-46.769601,,,,2,2023-06-17T17:58:44+00:00
SAO_6L04-10,São Paulo,3550308,True,,33948,,,-23.8669075,-46.7646275,,,,2,2023-06-17T17:58:41+00:00
SAO_390E-10,São Paulo,3550308,True,,1882,,,-23.5314755,-46.5591195,,,,1,2023-06-17T17:59:07+00:00
SAO_390E-10,São Paulo,3550308,True,,1882,,,-23.539987,-46.61139225,,,,1,2023-06-17T17:53:20+00:00
SAO_6043-10,São Paulo,3550308,True,,1220,,,-23.660353999999998,-46.754538999999994,,,,1,2023-06-17T17:58:36+00:00
SAO_6043-10,São Paulo,3550308,True,,1220,,,-23.653319,-46.735434999999995,,,,1,2023-06-17T17:59:13+00:00
SAO_6043-10,São Paulo,3550308,True,,1220,,,-23.654097999999998,-46.710685,,,,1,2023-06-17T17:59:13+00:00
SAO_5143-10,São Paulo,3550308,True,,34396,,,-23.607084,-46.508317000000005,,,,2,2023-06-17T17:57:47+00:00
SAO_5143-10,São Paulo,3550308,True,,34396,,,-23.546677,-46.63009649999999,,,,2,2023-06-17T17:59:15+00:00
SAO_2590-10,São Paulo,3550308,True,,912,,,-23.4829785,-46.467121,,,,1,2023-06-17T17:57:34+00:00
SAO_2590-10,São Paulo,3550308,True,,912,,,-23.546543999999997,-46.631561000000005,,,,1,2023-06-17T17:56:42+00:00
SAO_2590-10,São Paulo,3550308,True,,912,,,-23.5037115,-46.53714225,,,,1,2023-06-17T17:59:06+00:00
SAO_2590-10,São Paulo,3550308,True,,912,,,-23.48536275,-46.481235,,,,1,2023-06-17T17:58:45+00:00
SAO_4085-10,São Paulo,3550308,True,,34924,,,-23.558173250000003,-46.4462325,,,,2,2023-06-17T17:58:43+00:00
SAO_4085-10,São Paulo,3550308,True,,34924,,,-23.570631750000004,-46.42831675,,,,2,2023-06-17T17:56:41+00:00
SAO_4085-10,São Paulo,3550308,True,,34924,,,-23.5697455,-46.42894,,,,2,2023-06-17T17:59:06+00:00
SAO_4085-10,São Paulo,3550308,True,,34924,,,-23.542686,-46.4716125,,,,2,2023-06-17T17:58:55+00:00
SAO_948A-10,São Paulo,3550308,True,,1423,,,-23.469206,-46.713176000000004,,,,1,2023-06-17T17:59:09+00:00
SAO_307C-10,São Paulo,3550308,True,,2114,,,-23.498798999999998,-46.399873,,,,1,2023-06-17T17:59:12+00:00
SAO_307C-10,São Paulo,3550308,True,,2114,,,-23.518732999999997,-46.4760785,,,,1,2023-06-17T17:59:16+00:00
SAO_6804-10,São Paulo,3550308,True,BR7 Mobilidade,30,https://moovitapp.com/index/pt-br/transporte_p%C3%BAblico-line-30-Sao_Paulo-242-851856-500112-0,5.75,-23.642022500000003,-46.74018475,,,,1,2023-06-17T17:58:49+00:00
SAO_4032-10,São Paulo,3550308,True,,33870,,,-23.605933999999998,-46.6489945,,,,2,2023-06-17T17:59:07+00:00
SAO_4032-10,São Paulo,3550308,True,,33870,,,-23.62815825,-46.600349,,,,2,2023-06-17T17:58:54+00:00
SAO_233C-10,São Paulo,3550308,True,,155,,,-23.5584815,-46.521664,,,,1,2023-06-17T17:58:31+00:00
SAO_233C-10,São Paulo,3550308,True,,155,,,-23.5490525,-46.503769500000004,,,,1,2023-06-17T17:58:34+00:00
SAO_233C-10,São Paulo,3550308,True,,155,,,-23.531156000000003,-46.473783,,,,1,2023-06-17T17:58:51+00:00
SAO_273V-10,São Paulo,3550308,True,EMTU,231,https://moovitapp.com/index/pt-br/transporte_p%C3%BAblico-line-231-Sao_Paulo-242-2038937-36419348-0,6.2,-23.536414,-46.45577825,,,,1,2023-06-17T17:58:32+00:00
SAO_4491-10,São Paulo,3550308,True,,33095,,,-23.547694,-46.6290445,,,,2,2023-06-17T17:58:45+00:00
SAO_4491-10,São Paulo,3550308,True,,33095,,,-23.6479855,-46.600024000000005,,,,2,2023-06-17T17:57:13+00:00
SAO_4491-10,São Paulo,3550308,True,,33095,,,-23.6446705,-46.626183,,,,2,2023-06-17T17:57:33+00:00
SAO_809T-10,São Paulo,3550308,True,,35014,,,-23.5851925,-46.7558655,,,,2,2023-06-17T17:58:43+00:00
SAO_809T-10,São Paulo,3550308,True,,35014,,,-23.585870999999997,-46.8051445,,,,2,2023-06-17T17:58:34+00:00
SAO_809T-10,São Paulo,3550308,True,,35014,,,-23.5507539375,-46.739962375000005,,,,2,2023-06-17T17:59:10+00:00
SAO_1782-10,São Paulo,3550308,True,,33411,,,-23.4579565,-46.602463,,,,2,2023-06-17T17:59:00+00:00
SAO_1782-10,São Paulo,3550308,True,,33411,,,-23.501941625,-46.622416625,,,,2,2023-06-17T17:58:37+00:00
SAO_1782-10,São Paulo,3550308,True,,33411,,,-23.450515,-46.5724465,,,,2,2023-06-17T17:59:05+00:00
SAO_8009-10,São Paulo,3550308,True,,34027,,,-23.4861075,-46.726333499999996,,,,2,2023-06-17T17:58:57+00:00
SAO_8009-10,São Paulo,3550308,True,,34027,,,-23.4337315,-46.751121,,,,2,2023-06-17T17:59:00+00:00
SAO_2712-10,São Paulo,3550308,True,,33694,,,-23.5268035,-46.478916999999996,,,,2,2023-06-17T17:59:05+00:00
SAO_2712-10,São Paulo,3550308,True,,33694,,,-23.527357000000002,-46.479188,,,,2,2023-06-17T17:58:33+00:00
SAO_2712-10,São Paulo,3550308,True,,33694,,,-23.52595075,-46.47799225,,,,2,2023-06-17T17:58:57+00:00
SAO_2722-31,São Paulo,3550308,True,,936,,,-23.512731,-46.503159999999994,,,,1,2023-06-17T17:58:44+00:00
SAO_414P-10,São Paulo,3550308,True,,33873,,,-23.557299999999998,-46.553235,,,,2,2023-06-17T17:59:08+00:00
SAO_414P-10,São Paulo,3550308,True,,33873,,,-23.5879985,-46.5323345,,,,2,2023-06-17T17:59:12+00:00
SAO_414P-10,São Paulo,3550308,True,,33873,,,-23.6103715,-46.529692,,,,2,2023-06-17T17:58:59+00:00
SAO_414P-10,São Paulo,3550308,True,,33873,,,-23.54279175,-46.570645999999996,,,,2,2023-06-17T17:59:11+00:00
SAO_414P-10,São Paulo,3550308,True,,33873,,,-23.609657499999997,-46.52914749999999,,,,2,2023-06-17T17:58:55+00:00
SAO_4019-10,São Paulo,3550308,True,,2524,,,-23.549065374999998,-46.474633374999996,,,,1,2023-06-17T17:56:04+00:00
SAO_3773-10,São Paulo,3550308,True,,33827,,,-23.602150625,-46.482904125,,,,2,2023-06-17T17:58:59+00:00
SAO_3773-10,São Paulo,3550308,True,,33827,,,-23.612097,-46.46674125,,,,2,2023-06-17T17:58:46+00:00
SAO_3773-10,São Paulo,3550308,True,,33827,,,-23.575791,-46.5027715,,,,2,2023-06-17T17:58:46+00:00
SAO_3773-10,São Paulo,3550308,True,,33827,,,-23.536845749999998,-46.557497749999996,,,,2,2023-06-17T17:59:10+00:00
SAO_5106-10,São Paulo,3550308,True,,34048,,,-23.5767715,-46.650786,,,,2,2023-06-17T17:58:48+00:00
SAO_5106-10,São Paulo,3550308,True,,34048,,,-23.69054175,-46.64376375,,,,2,2023-06-17T17:59:10+00:00
SAO_5106-10,São Paulo,3550308,True,,34048,,,-23.690149249999997,-46.64364725,,,,2,2023-06-17T17:58:35+00:00
SAO_5106-10,São Paulo,3550308,True,,34048,,,-23.608994,-46.63794125,,,,2,2023-06-17T17:58:42+00:00
SAO_5106-10,São Paulo,3550308,True,,34048,,,-23.685274,-46.654033,,,,2,2023-06-17T17:58:41+00:00
SAO_3762-10,São Paulo,3550308,True,,33821,,,-23.567569499999998,-46.541512999999995,,,,2,2023-06-17T17:58:39+00:00
SAO_3762-10,São Paulo,3550308,True,,33821,,,-23.55543075,-46.55210225,,,,2,2023-06-17T17:56:09+00:00
SAO_3762-10,São Paulo,3550308,True,,33821,,,-23.591546,-46.5161705,,,,2,2023-06-17T17:58:42+00:00
SAO_3762-10,São Paulo,3550308,True,,33821,,,-23.5775075,-46.524880499999995,,,,2,2023-06-17T17:56:26+00:00
SAO_3762-10,São Paulo,3550308,True,,33821,,,-23.5452855,-46.558391625,,,,2,2023-06-17T17:58:36+00:00
SAO_8000-1,São Paulo,3550308,True,,35274,,,-23.5310105,-46.665240999999995,,,,2,2023-06-17T17:58:47+00:00
SAO_8000-1,São Paulo,3550308,True,,35274,,,-23.520104500000002,-46.700487499999994,,,,2,2023-06-17T17:58:52+00:00
SAO_8000-1,São Paulo,3550308,True,,35274,,,-23.525425,-46.6819085,,,,2,2023-06-17T17:59:04+00:00
SAO_271C-10,São Paulo,3550308,True,STT,682,https://moovitapp.com/index/pt-br/transporte_p%C3%BAblico-line-682-Sao_Paulo-242-850661-183336-0,5.3,-23.52935425,-46.631918,,,,1,2023-06-17T17:59:05+00:00
SAO_271C-10,São Paulo,3550308,True,STT,682,https://moovitapp.com/index/pt-br/transporte_p%C3%BAblico-line-682-Sao_Paulo-242-850661-183336-0,5.3,-23.503002000000002,-46.5722195,,,,1,2023-06-17T17:58:38+00:00
SAO_3735-10,São Paulo,3550308,True,,33803,,,-23.5479725,-46.4960035,,,,2,2023-06-17T17:59:08+00:00
SAO_3735-10,São Paulo,3550308,True,,33803,,,-23.541323,-46.4845135,,,,2,2023-06-17T17:58:59+00:00
SAO_3735-10,São Paulo,3550308,True,,33803,,,-23.542734,-46.48439475,,,,2,2023-06-17T17:59:05+00:00
SAO_6805-10,São Paulo,3550308,True,,32799,,,-23.654369000000003,-46.762426500000004,,,,2,2023-06-17T17:59:17+00:00
SAO_4742-10,São Paulo,3550308,True,EMTU,342,https://moovitapp.com/index/pt-br/transporte_p%C3%BAblico-line-342-Sao_Paulo-242-2038937-36419426-0,7.55,-23.656089,-46.6167215,,,,1,2023-06-17T17:57:58+00:00
SAO_4709-10,São Paulo,3550308,True,,333,,,-23.639716,-46.60748,,,,1,2023-06-17T17:59:07+00:00
SAO_4709-10,São Paulo,3550308,True,,333,,,-23.60897825,-46.61283875,,,,1,2023-06-17T17:59:09+00:00
SAO_2712-10,São Paulo,3550308,True,,926,,,-23.530868124999998,-46.478264499999995,,,,1,2023-06-17T17:58:42+00:00
SAO_2712-10,São Paulo,3550308,True,,926,,,-23.5407195,-46.482772499999996,,,,1,2023-06-17T17:58:41+00:00
SAO_775A-10,São Paulo,3550308,True,,33241,,,-23.581709,-46.684529999999995,,,,2,2023-06-17T17:59:06+00:00
SAO_775A-10,São Paulo,3550308,True,,33241,,,-23.562497999999998,-46.764742999999996,,,,2,2023-06-17T17:59:03+00:00
SAO_7059-10,São Paulo,3550308,True,,1924,,,-23.6625825,-46.7936165,,,,1,2023-06-17T17:58:55+00:00
SAO_7059-10,São Paulo,3550308,True,,1924,,,-23.640196000000003,-46.779968249999996,,,,1,2023-06-17T17:59:14+00:00
SAO_1775-10,São Paulo,3550308,True,,33406,,,-23.459989999999998,-46.6259165,,,,2,2023-06-17T17:58:42+00:00
SAO_1775-10,São Paulo,3550308,True,,33406,,,-23.447626999999997,-46.608738,,,,2,2023-06-17T17:56:54+00:00
SAO_1025-10,São Paulo,3550308,True,,35071,,,-23.45985725,-46.698544,,,,2,2023-06-17T17:58:50+00:00
SAO_1025-10,São Paulo,3550308,True,,35071,,,-23.453629,-46.706905500000005,,,,2,2023-06-17T17:58:59+00:00
SAO_2451-10,São Paulo,3550308,True,EMTU,213,https://moovitapp.com/index/pt-br/transporte_p%C3%BAblico-line-213-Sao_Paulo-242-2038937-36419335-0,6.7,-23.522063,-46.539857999999995,,,,1,2023-06-17T17:58:06+00:00
SAO_2451-10,São Paulo,3550308,True,EMTU,213,https://moovitapp.com/index/pt-br/transporte_p%C3%BAblico-line-213-Sao_Paulo-242-2038937-36419335-0,6.7,-23.52614175,-46.49553675,,,,1,2023-06-17T17:57:43+00:00
SAO_1702-10,São Paulo,3550308,True,,33614,,,-23.481244,-46.60159,,,,2,2023-06-17T17:59:02+00:00
SAO_1702-10,São Paulo,3550308,True,,33614,,,-23.480885999999998,-46.60091,,,,2,2023-06-17T17:58:51+00:00
SAO_1702-10,São Paulo,3550308,True,,33614,,,-23.443305000000002,-46.5771705,,,,2,2023-06-17T17:58:41+00:00
SAO_1702-10,São Paulo,3550308,True,,33614,,,-23.51405075,-46.62495075,,,,2,2023-06-17T17:58:57+00:00
SAO_1702-10,São Paulo,3550308,True,,33614,,,-23.443305000000002,-46.5771705,,,,2,2023-06-17T17:58:40+00:00
SAO_1702-10,São Paulo,3550308,True,,33614,,,-23.487085999999998,-46.606674999999996,,,,2,2023-06-17T17:58:48+00:00
SAO_6L07-10,São Paulo,3550308,True,,1545,,,-23.7667025,-46.7163285,,,,1,2023-06-17T17:59:01+00:00
SAO_8022-10,São Paulo,3550308,True,,34853,,,-23.568754,-46.732451499999996,,,,2,2023-06-17T17:58:57+00:00
SAO_8022-10,São Paulo,3550308,True,,34853,,,-23.565445500000003,-46.71235625,,,,2,2023-06-17T17:59:13+00:00
SAO_478P-10,São Paulo,3550308,True,EMTU,349,https://moovitapp.com/index/pt-br/transporte_p%C3%BAblico-line-349-Sao_Paulo-242-2038937-36419432-0,5.1,-23.59760075,-46.60965912500001,,,,1,2023-06-17T17:58:52+00:00
SAO_478P-10,São Paulo,3550308,True,EMTU,349,https://moovitapp.com/index/pt-br/transporte_p%C3%BAblico-line-349-Sao_Paulo-242-2038937-36419432-0,5.1,-23.56074075,-46.657163999999995,,,,1,2023-06-17T17:58:39+00:00
SAO_271P-10,São Paulo,3550308,True,,33472,,,-23.4979085,-46.514503000000005,,,,2,2023-06-17T17:58:33+00:00
SAO_271P-10,São Paulo,3550308,True,,33472,,,-23.5421585,-46.6357505,,,,2,2023-06-17T17:58:43+00:00
SAO_271P-10,São Paulo,3550308,True,,33472,,,-23.4979085,-46.514503000000005,,,,2,2023-06-17T17:58:45+00:00
SAO_271P-10,São Paulo,3550308,True,,33472,,,-23.535688375,-46.58498425,,,,2,2023-06-17T17:58:55+00:00
SAO_2202-10,São Paulo,3550308,True,,33678,,,-23.4940625,-46.3898925,,,,2,2023-06-17T17:58:37+00:00
SAO_2202-10,São Paulo,3550308,True,,33678,,,-23.543321,-46.411139500000004,,,,2,2023-06-17T17:58:47+00:00
SAO_2202-10,São Paulo,3550308,True,,33678,,,-23.537389500000003,-46.405562,,,,2,2023-06-17T17:57:06+00:00
SAO_2202-10,São Paulo,3550308,True,,33678,,,-23.5311865,-46.39701825,,,,2,2023-06-17T17:58:37+00:00
SAO_2202-10,São Paulo,3550308,True,,33678,,,-23.495683999999997,-46.391336499999994,,,,2,2023-06-17T17:58:22+00:00
SAO_2202-10,São Paulo,3550308,True,,33678,,,-23.5377505,-46.4062055,,,,2,2023-06-17T17:59:15+00:00
SAO_2202-10,São Paulo,3550308,True,,33678,,,-23.5065995,-46.403357,,,,2,2023-06-17T17:58:39+00:00
SAO_2202-10,São Paulo,3550308,True,,33678,,,-23.5382185,-46.406962,,,,2,2023-06-17T17:58:18+00:00
SAO_2202-10,São Paulo,3550308,True,,33678,,,-23.521974999999998,-46.3996545,,,,2,2023-06-17T17:58:46+00:00
SAO_2202-10,São Paulo,3550308,True,,33678,,,-23.4881205,-46.382844500000004,,,,2,2023-06-17T17:58:59+00:00
SAO_6051-10,São Paulo,3550308,True,,1143,,,-23.767376,-46.716275499999995,,,,1,2023-06-17T17:58:48+00:00
SAO_6062-10,São Paulo,3550308,True,,33919,,,-23.73624075,-46.69617425,,,,2,2023-06-17T17:58:46+00:00
SAO_6062-10,São Paulo,3550308,True,,33919,,,-23.740555,-46.6855895,,,,2,2023-06-17T17:59:05+00:00
SAO_4003-10,São Paulo,3550308,True,,34927,,,-23.5493165,-46.4259845,,,,2,2023-06-17T17:57:12+00:00
SAO_4003-10,São Paulo,3550308,True,,34927,,,-23.5351835,-46.454012000000006,,,,2,2023-06-17T17:59:14+00:00
SAO_4311-10,São Paulo,3550308,True,,34939,,,-23.612626499999998,-46.476102499999996,,,,2,2023-06-17T17:58:52+00:00
SAO_4311-10,São Paulo,3550308,True,,34939,,,-23.5931125,-46.468656499999994,,,,2,2023-06-17T17:58:35+00:00
SAO_4311-10,São Paulo,3550308,True,,34939,,,-23.554520875,-46.517936625000004,,,,2,2023-06-17T17:59:05+00:00
SAO_4311-10,São Paulo,3550308,True,,34939,,,-23.545980125,-46.598475750000006,,,,2,2023-06-17T17:59:11+00:00
SAO_2770-10,São Paulo,3550308,True,,243,,,-23.541556,-46.4170445,,,,1,2023-06-17T17:59:08+00:00
SAO_2770-10,São Paulo,3550308,True,,243,,,-23.50721925,-46.41891875,,,,1,2023-06-17T17:58:36+00:00
SAO_2770-10,São Paulo,3550308,True,,243,,,-23.491736500000002,-46.444477,,,,1,2023-06-17T17:59:04+00:00
SAO_3414-10,São Paulo,3550308,True,,33514,,,-23.552977,-46.615747,,,,2,2023-06-17T17:58:39+00:00
SAO_3414-10,São Paulo,3550308,True,,33514,,,-23.544379499999998,-46.521928,,,,2,2023-06-17T17:58:59+00:00
SAO_3414-10,São Paulo,3550308,True,,33514,,,-23.5445375,-46.5214515,,,,2,2023-06-17T17:59:05+00:00
SAO_3414-10,São Paulo,3550308,True,,33514,,,-23.5444565,-46.521542,,,,2,2023-06-17T17:58:57+00:00
SAO_1767-10,São Paulo,3550308,True,,628,,,-23.473675875,-46.58939,,,,1,2023-06-17T17:59:15+00:00
SAO_775F-10,São Paulo,3550308,True,,796,,,-23.6225235,-46.747406,,,,1,2023-06-17T17:58:49+00:00
SAO_775F-10,São Paulo,3550308,True,,796,,,-23.6254505,-46.7479555,,,,1,2023-06-17T17:58:37+00:00
SAO_775F-10,São Paulo,3550308,True,,796,,,-23.5997445,-46.7087315,,,,1,2023-06-17T17:58:38+00:00
SAO_775F-10,São Paulo,3550308,True,,796,,,-23.6154705,-46.7401805,,,,1,2023-06-17T17:58:59+00:00
SAO_775F-10,São Paulo,3550308,True,,796,,,-23.565648375000002,-46.69100575,,,,1,2023-06-17T17:59:09+00:00
SAO_307C-10,São Paulo,3550308,True,,34882,,,-23.4953155,-46.4310045,,,,2,2023-06-17T17:59:01+00:00
SAO_307C-10,São Paulo,3550308,True,,34882,,,-23.5038615,-46.3797665,,,,2,2023-06-17T17:58:35+00:00
SAO_307C-10,São Paulo,3550308,True,,34882,,,-23.519428875000003,-46.475841124999995,,,,2,2023-06-17T17:58:37+00:00
SAO_5142-10,São Paulo,3550308,True,,34394,,,-23.567877,-46.612243500000005,,,,2,2023-06-17T17:58:58+00:00
SAO_5142-10,São Paulo,3550308,True,,34394,,,-23.61459425,-46.500975,,,,2,2023-06-17T17:58:58+00:00
SAO_5142-10,São Paulo,3550308,True,,34394,,,-23.558204500000002,-46.62828075,,,,2,2023-06-17T17:58:32+00:00
SAO_5142-10,São Paulo,3550308,True,,34394,,,-23.592405999999997,-46.54717125,,,,2,2023-06-17T17:58:50+00:00
SAO_5142-10,São Paulo,3550308,True,,34394,,,-23.605251000000003,-46.514367500000006,,,,2,2023-06-17T17:59:09+00:00
SAO_2004-10,São Paulo,3550308,True,,892,,,-23.519621,-46.383444499999996,,,,1,2023-06-17T17:58:25+00:00
SAO_2004-10,São Paulo,3550308,True,,892,,,-23.519621,-46.383444499999996,,,,1,2023-06-17T17:58:07+00:00
SAO_2004-10,São Paulo,3550308,True,,892,,,-23.535989999999998,-46.402924999999996,,,,1,2023-06-17T17:58:36+00:00
SAO_2769-10,São Paulo,3550308,True,,397,,,-23.5397695,-46.576158,,,,1,2023-06-17T17:59:08+00:00
SAO_2769-10,São Paulo,3550308,True,,397,,,-23.48826175,-46.391821375,,,,1,2023-06-17T17:57:07+00:00
SAO_2769-10,São Paulo,3550308,True,,397,,,-23.510327500000002,-46.507297,,,,1,2023-06-17T17:58:43+00:00
SAO_2769-10,São Paulo,3550308,True,,397,,,-23.50715,-46.4823215,,,,1,2023-06-17T17:59:02+00:00
SAO_807P-10,São Paulo,3550308,True,,2099,,,-23.642817,-46.728558500000005,,,,1,2023-06-17T17:58:46+00:00
SAO_2756-10,São Paulo,3550308,True,EMTU,238,https://moovitapp.com/index/pt-br/transporte_p%C3%BAblico-line-238-Sao_Paulo-242-2038937-36419351-0,4.85,-23.5135595,-46.4823505,,,,1,2023-06-17T17:58:25+00:00
SAO_209P-10,São Paulo,3550308,True,,34984,,,-23.473060250000003,-46.6701395,,,,2,2023-06-17T17:58:44+00:00
SAO_209P-10,São Paulo,3550308,True,,34984,,,-23.4805165,-46.673632,,,,2,2023-06-17T17:58:46+00:00
SAO_209P-10,São Paulo,3550308,True,,34984,,,-23.471954750000002,-46.6702775,,,,2,2023-06-17T17:58:34+00:00
SAO_209P-10,São Paulo,3550308,True,,34984,,,-23.4699605,-46.6704005,,,,2,2023-06-17T17:59:11+00:00
SAO_209P-10,São Paulo,3550308,True,,34984,,,-23.5377805,-46.674307,,,,2,2023-06-17T17:58:38+00:00
SAO_209P-10,São Paulo,3550308,True,,34984,,,-23.47277475,-46.6701725,,,,2,2023-06-17T17:59:10+00:00
SAO_209P-10,São Paulo,3550308,True,,34984,,,-23.564658125,-46.68934275,,,,2,2023-06-17T17:59:01+00:00
SAO_7062-31,São Paulo,3550308,True,,1914,,,-23.646552,-46.7725675,,,,1,2023-06-17T17:58:54+00:00
SAO_8686-10,São Paulo,3550308,True,,33214,,,-23.52242525,-46.696148750000006,,,,2,2023-06-17T17:58:47+00:00
SAO_8686-10,São Paulo,3550308,True,,33214,,,-23.48884275,-46.74307775,,,,2,2023-06-17T17:58:38+00:00
SAO_1732-10,São Paulo,3550308,True,,671,,,-23.511947,-46.653448625,,,,1,2023-06-17T17:59:03+00:00
SAO_1732-10,São Paulo,3550308,True,,671,,,-23.481246249999998,-46.58206275,,,,1,2023-06-17T17:56:36+00:00
SAO_809A-10,São Paulo,3550308,True,,2069,,,-23.575936499999997,-46.775704000000005,,,,1,2023-06-17T17:58:43+00:00
SAO_809A-10,São Paulo,3550308,True,,2069,,,-23.575936499999997,-46.775704000000005,,,,1,2023-06-17T17:58:39+00:00
SAO_809A-10,São Paulo,3550308,True,,2069,,,-23.575720750000002,-46.77557075,,,,1,2023-06-17T17:58:42+00:00
SAO_809A-10,São Paulo,3550308,True,,2069,,,-23.573342,-46.77949925,,,,1,2023-06-17T17:59:02+00:00
SAO_809A-10,São Paulo,3550308,True,,2069,,,-23.5833225,-46.7343945,,,,1,2023-06-17T17:58:56+00:00
SAO_1756-10,São Paulo,3550308,True,,547,,,-23.4700785,-46.64462575,,,,1,2023-06-17T17:58:48+00:00
SAO_1756-10,São Paulo,3550308,True,,547,,,-23.5032745,-46.626395,,,,1,2023-06-17T17:59:01+00:00
SAO_8017-10,São Paulo,3550308,True,,34029,,,-23.43882425,-46.7467245,,,,2,2023-06-17T17:59:06+00:00
SAO_8017-10,São Paulo,3550308,True,,34029,,,-23.43846075,-46.7467815,,,,2,2023-06-17T17:59:13+00:00
SAO_8017-10,São Paulo,3550308,True,,34029,,,-23.4483625,-46.7350055,,,,2,2023-06-17T17:58:28+00:00
SAO_8017-10,São Paulo,3550308,True,,34029,,,-23.4821255,-46.718467000000004,,,,2,2023-06-17T17:58:59+00:00
SAO_8605-10,São Paulo,3550308,True,,34685,,,-23.6312955,-46.773033999999996,,,,2,2023-06-17T17:59:06+00:00
SAO_8605-10,São Paulo,3550308,True,,34685,,,-23.631797499999998,-46.7719915,,,,2,2023-06-17T17:58:42+00:00
SAO_8605-10,São Paulo,3550308,True,,34685,,,-23.579289000000003,-46.707387499999996,,,,2,2023-06-17T17:59:03+00:00
SAO_8605-10,São Paulo,3550308,True,,34685,,,-23.629406,-46.769467,,,,2,2023-06-17T17:58:37+00:00
SAO_8605-10,São Paulo,3550308,True,,34685,,,-23.6317985,-46.771744,,,,2,2023-06-17T17:59:12+00:00
SAO_7052-10,São Paulo,3550308,True,,1886,,,-23.6529745,-46.773157999999995,,,,1,2023-06-17T17:59:10+00:00
SAO_7052-10,São Paulo,3550308,True,,1886,,,-23.6434025,-46.771781000000004,,,,1,2023-06-17T17:59:08+00:00
SAO_4115-10,São Paulo,3550308,True,,33090,,,-23.552137000000002,-46.634062,,,,2,2023-06-17T17:58:59+00:00
SAO_4115-10,São Paulo,3550308,True,,33090,,,-23.621776,-46.62868,,,,2,2023-06-17T17:59:06+00:00
SAO_5142-10,São Paulo,3550308,True,,1626,,,-23.597894625000002,-46.54044925,,,,1,2023-06-17T17:58:04+00:00
SAO_5142-10,São Paulo,3550308,True,,1626,,,-23.6041495,-46.5197875,,,,1,2023-06-17T17:58:37+00:00
SAO_5142-10,São Paulo,3550308,True,,1626,,,-23.5577185,-46.62682125,,,,1,2023-06-17T17:58:53+00:00
SAO_5142-10,São Paulo,3550308,True,,1626,,,-23.6147785,-46.5128045,,,,1,2023-06-17T17:59:07+00:00
SAO_9014-10,São Paulo,3550308,True,,1425,,,-23.512507999999997,-46.690535,,,,1,2023-06-17T17:59:02+00:00
SAO_9014-10,São Paulo,3550308,True,,1425,,,-23.482381,-46.701432,,,,1,2023-06-17T17:59:10+00:00
SAO_1787-10,São Paulo,3550308,True,,33418,,,-23.4511155,-46.62305775,,,,2,2023-06-17T17:58:36+00:00
SAO_1787-10,São Paulo,3550308,True,,33418,,,-23.4606995,-46.6223065,,,,2,2023-06-17T17:59:10+00:00
SAO_1787-10,São Paulo,3550308,True,,33418,,,-23.485170500000002,-46.622783,,,,2,2023-06-17T17:58:52+00:00
SAO_1787-10,São Paulo,3550308,True,,33418,,,-23.451757999999998,-46.622930999999994,,,,2,2023-06-17T17:58:59+00:00
SAO_6044-10,São Paulo,3550308,True,,33989,,,-23.65126075,-46.707950999999994,,,,2,2023-06-17T17:58:40+00:00
SAO_6044-10,São Paulo,3550308,True,,33989,,,-23.659830499999998,-46.76968,,,,2,2023-06-17T17:59:04+00:00
SAO_6044-10,São Paulo,3550308,True,,33989,,,-23.643124,-46.742253000000005,,,,2,2023-06-17T17:58:45+00:00
SAO_6044-10,São Paulo,3550308,True,,33989,,,-23.676567,-46.798396,,,,2,2023-06-17T17:58:40+00:00
SAO_573A-10,São Paulo,3550308,True,,34405,,,-23.5575805,-46.6002435,,,,2,2023-06-17T17:59:09+00:00
SAO_573A-10,São Paulo,3550308,True,,34405,,,-23.5842345,-46.583538250000004,,,,2,2023-06-17T17:59:13+00:00
SAO_573A-10,São Paulo,3550308,True,,34405,,,-23.5469055,-46.6063945,,,,2,2023-06-17T17:59:09+00:00
SAO_3732-10,São Paulo,3550308,True,,1029,,,-23.542612,-46.44882,,,,1,2023-06-17T17:58:46+00:00
SAO_3732-10,São Paulo,3550308,True,,1029,,,-23.539538,-46.4317025,,,,1,2023-06-17T17:59:14+00:00
SAO_3732-10,São Paulo,3550308,True,,1029,,,-23.539538,-46.4317025,,,,1,2023-06-17T17:58:53+00:00
SAO_3732-10,São Paulo,3550308,True,,1029,,,-23.548497499999996,-46.43609175,,,,1,2023-06-17T17:59:01+00:00
SAO_2726-10,São Paulo,3550308,True,,33708,,,-23.511121,-46.500026000000005,,,,2,2023-06-17T17:58:56+00:00
SAO_2726-10,São Paulo,3550308,True,,33708,,,-23.521926,-46.530342,,,,2,2023-06-17T17:59:06+00:00
SAO_2726-10,São Paulo,3550308,True,,33708,,,-23.515945000000002,-46.4681455,,,,2,2023-06-17T17:58:56+00:00
SAO_2726-10,São Paulo,3550308,True,,33708,,,-23.5077375,-46.4912295,,,,2,2023-06-17T17:58:43+00:00
SAO_2726-10,São Paulo,3550308,True,,33708,,,-23.508325499999998,-46.4684905,,,,2,2023-06-17T17:59:07+00:00
SAO_2726-10,São Paulo,3550308,True,,33708,,,-23.507967,-46.468248,,,,2,2023-06-17T17:58:42+00:00
SAO_574A-21,São Paulo,3550308,True,,1690,,,-23.6683785,-46.642662,,,,1,2023-06-17T17:58:34+00:00
SAO_574A-21,São Paulo,3550308,True,,1690,,,-23.62112775,-46.639723249999996,,,,1,2023-06-17T17:58:34+00:00
SAO_574A-21,São Paulo,3550308,True,,1690,,,-23.591289,-46.6355605,,,,1,2023-06-17T17:59:11+00:00
SAO_574A-21,São Paulo,3550308,True,,1690,,,-23.664088,-46.637847,,,,1,2023-06-17T17:59:13+00:00
SAO_6820-10,São Paulo,3550308,True,,32787,,,-23.658609,-46.78921425,,,,2,2023-06-17T17:59:10+00:00
SAO_6820-10,São Paulo,3550308,True,,32787,,,-23.658020999999998,-46.7897125,,,,2,2023-06-17T17:58:59+00:00
SAO_6820-10,São Paulo,3550308,True,,32787,,,-23.66557675,-46.78298225,,,,2,2023-06-17T17:59:06+00:00
SAO_2175-10,São Paulo,3550308,True,,697,,,-23.492123,-46.57163,,,,1,2023-06-17T17:56:38+00:00
SAO_2175-10,São Paulo,3550308,True,,697,,,-23.546910500000003,-46.6306845,,,,1,2023-06-17T17:58:33+00:00
SAO_2105-10,São Paulo,3550308,True,,35015,,,-23.4350765,-46.581492999999995,,,,2,2023-06-17T17:59:02+00:00
SAO_2105-10,São Paulo,3550308,True,,35015,,,-23.434998,-46.5813665,,,,2,2023-06-17T17:59:01+00:00
SAO_2105-10,São Paulo,3550308,True,,35015,,,-23.43896,-46.5747255,,,,2,2023-06-17T17:58:34+00:00
SAO_2105-10,São Paulo,3550308,True,,35015,,,-23.4352895,-46.5818785,,,,2,2023-06-17T17:59:16+00:00
SAO_978L-10,São Paulo,3550308,True,,33234,,,-23.4749005,-46.670119,,,,2,2023-06-17T17:58:40+00:00
SAO_978L-10,São Paulo,3550308,True,,33234,,,-23.4742495,-46.669781,,,,2,2023-06-17T17:58:49+00:00
SAO_978L-10,São Paulo,3550308,True,,33234,,,-23.525536250000002,-46.663494,,,,2,2023-06-17T17:58:52+00:00
SAO_8050-10,São Paulo,3550308,True,,33180,,,-23.4385925,-46.790155,,,,2,2023-06-17T17:59:13+00:00
SAO_8050-10,São Paulo,3550308,True,,33180,,,-23.442098,-46.791021,,,,2,2023-06-17T17:58:37+00:00
SAO_8050-10,São Paulo,3550308,True,,33180,,,-23.51957025,-46.70971525,,,,2,2023-06-17T17:58:47+00:00
SAO_2123-10,São Paulo,3550308,True,,692,,,-23.515682499999997,-46.6071485,,,,1,2023-06-17T17:59:02+00:00
SAO_2123-10,São Paulo,3550308,True,,692,,,-23.55598125,-46.634207,,,,1,2023-06-17T17:58:41+00:00
SAO_3139-10,São Paulo,3550308,True,,33763,,,-23.567994,-46.523497,,,,2,2023-06-17T17:59:05+00:00
SAO_3139-10,São Paulo,3550308,True,,33763,,,-23.553501,-46.626577999999995,,,,2,2023-06-17T17:59:17+00:00
SAO_609J-10,São Paulo,3550308,True,,35010,,,-23.6269225,-46.659399,,,,2,2023-06-17T17:58:35+00:00
SAO_8015-10,São Paulo,3550308,True,,1345,,,-23.4062145,-46.755367500000006,,,,1,2023-06-17T17:58:43+00:00
SAO_8015-10,São Paulo,3550308,True,,1345,,,-23.480324375000002,-46.71505325,,,,1,2023-06-17T17:59:13+00:00
SAO_8015-10,São Paulo,3550308,True,,1345,,,-23.4306765,-46.7207355,,,,1,2023-06-17T17:58:42+00:00
SAO_971X-10,São Paulo,3550308,True,,34463,,,-23.49803525,-46.639185499999996,,,,2,2023-06-17T17:56:23+00:00
SAO_971X-10,São Paulo,3550308,True,,34463,,,-23.500266,-46.6352555,,,,2,2023-06-17T17:58:54+00:00
SAO_971X-10,São Paulo,3550308,True,,34463,,,-23.4752765,-46.6688805,,,,2,2023-06-17T17:59:07+00:00
SAO_971X-10,São Paulo,3550308,True,,34463,,,-23.475517375,-46.66922425,,,,2,2023-06-17T17:59:01+00:00
SAO_971X-10,São Paulo,3550308,True,,34463,,,-23.4752765,-46.6688805,,,,2,2023-06-17T17:59:07+00:00
SAO_971X-10,São Paulo,3550308,True,,34463,,,-23.476567,-46.6630275,,,,2,2023-06-17T17:58:55+00:00
SAO_4027-41,São Paulo,3550308,True,,2309,,,-23.6105855,-46.4805655,,,,1,2023-06-17T17:59:06+00:00
SAO_5107-10,São Paulo,3550308,True,,34427,,,-23.562417500000002,-46.6214665,,,,2,2023-06-17T17:59:14+00:00
SAO_6820-31,São Paulo,3550308,True,,34174,,,-23.661741499999998,-46.780210499999995,,,,2,2023-06-17T17:59:02+00:00
SAO_6820-31,São Paulo,3550308,True,,34174,,,-23.658609,-46.78921425,,,,2,2023-06-17T17:59:07+00:00
SAO_6820-31,São Paulo,3550308,True,,34174,,,-23.658020999999998,-46.7897125,,,,2,2023-06-17T17:58:33+00:00
SAO_938L-10,São Paulo,3550308,True,,34136,,,-23.5151065,-46.6904805,,,,2,2023-06-17T17:59:08+00:00
SAO_938L-10,São Paulo,3550308,True,,34136,,,-23.488078,-46.683124875000004,,,,2,2023-06-17T17:59:01+00:00
SAO_4729-10,São Paulo,3550308,True,,33876,,,-23.5947675,-46.525518,,,,2,2023-06-17T17:59:18+00:00
SAO_4729-10,São Paulo,3550308,True,,33876,,,-23.5798445,-46.5519195,,,,2,2023-06-17T17:58:41+00:00
SAO_4729-10,São Paulo,3550308,True,,33876,,,-23.591147,-46.507459999999995,,,,2,2023-06-17T17:59:15+00:00
SAO_4729-10,São Paulo,3550308,True,,33876,,,-23.540139,-46.594167,,,,2,2023-06-17T17:59:11+00:00
SAO_1742-10,São Paulo,3550308,True,EMTU,542,https://moovitapp.com/index/pt-br/transporte_p%C3%BAblico-line-542-Sao_Paulo-242-2038937-59914572-0,5.4,-23.4539105,-46.660306,,,,1,2023-06-17T17:59:13+00:00
SAO_1742-10,São Paulo,3550308,True,EMTU,542,https://moovitapp.com/index/pt-br/transporte_p%C3%BAblico-line-542-Sao_Paulo-242-2038937-59914572-0,5.4,-23.4568285,-46.658956,,,,1,2023-06-17T17:58:45+00:00
SAO_1742-10,São Paulo,3550308,True,EMTU,542,https://moovitapp.com/index/pt-br/transporte_p%C3%BAblico-line-542-Sao_Paulo-242-2038937-59914572-0,5.4,-23.476370375000002,-46.63398225,,,,1,2023-06-17T17:58:38+00:00
SAO_5611-10,São Paulo,3550308,True,EMTU,598,https://moovitapp.com/index/pt-br/transporte_p%C3%BAblico-line-598-Sao_Paulo-242-2038937-36419579-0,7.05,-23.6997785,-46.646700499999994,,,,1,2023-06-17T17:58:33+00:00
SAO_5611-10,São Paulo,3550308,True,EMTU,598,https://moovitapp.com/index/pt-br/transporte_p%C3%BAblico-line-598-Sao_Paulo-242-2038937-36419579-0,7.05,-23.575944999999997,-46.64233525,,,,1,2023-06-17T17:58:40+00:00
SAO_2725-10,São Paulo,3550308,True,,33707,,,-23.512969499999997,-46.4736135,,,,2,2023-06-17T17:58:41+00:00
SAO_2725-10,São Paulo,3550308,True,,33707,,,-23.518818500000002,-46.469753,,,,2,2023-06-17T17:58:43+00:00
SAO_2725-10,São Paulo,3550308,True,,33707,,,-23.515551,-46.468538499999994,,,,2,2023-06-17T17:59:10+00:00
SAO_7006-10,São Paulo,3550308,True,,34763,,,-23.7307125,-46.785826,,,,2,2023-06-17T17:58:56+00:00
SAO_7006-10,São Paulo,3550308,True,,34763,,,-23.686805,-46.771235000000004,,,,2,2023-06-17T17:58:38+00:00
SAO_7006-10,São Paulo,3550308,True,,34763,,,-23.750601,-46.777545,,,,2,2023-06-17T17:59:12+00:00
SAO_675X-10,São Paulo,3550308,True,EMTU,111,https://moovitapp.com/index/pt-br/transporte_p%C3%BAblico-line-111-Sao_Paulo-242-2038937-36419271-0,5.1,-23.737689500000002,-46.697986,,,,1,2023-06-17T17:59:04+00:00
SAO_675X-10,São Paulo,3550308,True,EMTU,111,https://moovitapp.com/index/pt-br/transporte_p%C3%BAblico-line-111-Sao_Paulo-242-2038937-36419271-0,5.1,-23.737689500000002,-46.697986,,,,1,2023-06-17T17:58:58+00:00
SAO_675X-10,São Paulo,3550308,True,EMTU,111,https://moovitapp.com/index/pt-br/transporte_p%C3%BAblico-line-111-Sao_Paulo-242-2038937-36419271-0,5.1,-23.7149145,-46.6989035,,,,1,2023-06-17T17:58:58+00:00
SAO_675X-10,São Paulo,3550308,True,EMTU,111,https://moovitapp.com/index/pt-br/transporte_p%C3%BAblico-line-111-Sao_Paulo-242-2038937-36419271-0,5.1,-23.737689500000002,-46.697986,,,,1,2023-06-17T17:58:23+00:00
SAO_675X-10,São Paulo,3550308,True,EMTU,111,https://moovitapp.com/index/pt-br/transporte_p%C3%BAblico-line-111-Sao_Paulo-242-2038937-36419271-0,5.1,-23.652103750000002,-46.70216125,,,,1,2023-06-17T17:59:09+00:00
SAO_2023-10,São Paulo,3550308,True,,2260,,,-23.4412285,-46.5937865,,,,1,2023-06-17T17:53:45+00:00
SAO_2023-10,São Paulo,3550308,True,,2260,,,-23.479325000000003,-46.609796,,,,1,2023-06-17T17:59:06+00:00
SAO_2023-10,São Paulo,3550308,True,,2260,,,-23.4040935,-46.581972,,,,1,2023-06-17T17:58:58+00:00
SAO_8000-10,São Paulo,3550308,True,,34041,,,-23.539440749999997,-46.645388249999996,,,,2,2023-06-17T17:59:12+00:00
SAO_8075-21,São Paulo,3550308,True,,2537,,,-23.628953000000003,-46.768699999999995,,,,1,2023-06-17T17:59:16+00:00
SAO_8075-21,São Paulo,3550308,True,,2537,,,-23.608897,-46.7516605,,,,1,2023-06-17T17:58:40+00:00
SAO_6046-10,São Paulo,3550308,True,,1223,,,-23.684711,-46.7822195,,,,1,2023-06-17T17:58:36+00:00
SAO_6046-10,São Paulo,3550308,True,,1223,,,-23.6761975,-46.775214,,,,1,2023-06-17T17:58:55+00:00
SAO_6046-10,São Paulo,3550308,True,,1223,,,-23.6429795,-46.7368055,,,,1,2023-06-17T17:59:11+00:00
SAO_7001-10,São Paulo,3550308,True,,34490,,,-23.7243085,-46.754826,,,,2,2023-06-17T17:58:56+00:00
SAO_7001-10,São Paulo,3550308,True,,34490,,,-23.7163055,-46.7675665,,,,2,2023-06-17T17:58:49+00:00
SAO_7001-10,São Paulo,3550308,True,,34490,,,-23.7237105,-46.7553985,,,,2,2023-06-17T17:59:12+00:00
SAO_509J-10,São Paulo,3550308,True,EMTU,264,https://moovitapp.com/index/pt-br/transporte_p%C3%BAblico-line-264-Sao_Paulo-242-2038937-36419374-0,6.2,-23.587973249999997,-46.66414175,,,,1,2023-06-17T17:58:48+00:00
SAO_509J-10,São Paulo,3550308,True,EMTU,264,https://moovitapp.com/index/pt-br/transporte_p%C3%BAblico-line-264-Sao_Paulo-242-2038937-36419374-0,6.2,-23.68611125,-46.6634235,,,,1,2023-06-17T17:59:10+00:00
SAO_509J-10,São Paulo,3550308,True,EMTU,264,https://moovitapp.com/index/pt-br/transporte_p%C3%BAblico-line-264-Sao_Paulo-242-2038937-36419374-0,6.2,-23.647795000000002,-46.67543625,,,,1,2023-06-17T17:59:11+00:00
SAO_6049-10,São Paulo,3550308,True,,34077,,,-23.69435,-46.794564,,,,2,2023-06-17T17:59:04+00:00
SAO_6049-10,São Paulo,3550308,True,,34077,,,-23.694454,-46.794375,,,,2,2023-06-17T17:58:35+00:00
SAO_6049-10,São Paulo,3550308,True,,34077,,,-23.6582785,-46.760383000000004,,,,2,2023-06-17T17:59:16+00:00
SAO_5018-10,São Paulo,3550308,True,,1492,,,-23.6483995,-46.641465,,,,1,2023-06-17T17:58:47+00:00
SAO_5018-10,São Paulo,3550308,True,,1492,,,-23.692901,-46.660759999999996,,,,1,2023-06-17T17:59:15+00:00
SAO_5018-10,São Paulo,3550308,True,,1492,,,-23.675194312499997,-46.6748501875,,,,1,2023-06-17T17:58:51+00:00
SAO_5018-10,São Paulo,3550308,True,,1492,,,-23.648213,-46.6413555,,,,1,2023-06-17T17:59:11+00:00
SAO_9188-10,São Paulo,3550308,True,,33577,,,-23.51377175,-46.7025705,,,,2,2023-06-17T17:58:35+00:00
SAO_9188-10,São Paulo,3550308,True,,33577,,,-23.450701000000002,-46.728078499999995,,,,2,2023-06-17T17:58:33+00:00
SAO_9188-10,São Paulo,3550308,True,,33577,,,-23.4533525,-46.7306565,,,,2,2023-06-17T17:59:03+00:00
SAO_9188-10,São Paulo,3550308,True,,33577,,,-23.471646,-46.724875,,,,2,2023-06-17T17:59:13+00:00
SAO_4724-10,São Paulo,3550308,True,,34828,,,-23.531094,-46.50255,,,,2,2023-06-17T17:59:10+00:00
SAO_6055-10,São Paulo,3550308,True,,1146,,,-23.7542585,-46.699595,,,,1,2023-06-17T17:58:34+00:00
SAO_6055-10,São Paulo,3550308,True,,1146,,,-23.716742,-46.699164999999994,,,,1,2023-06-17T17:59:09+00:00
SAO_6055-10,São Paulo,3550308,True,,1146,,,-23.684998999999998,-46.692417,,,,1,2023-06-17T17:59:16+00:00
SAO_3754-10,São Paulo,3550308,True,,1049,,,-23.552851124999997,-46.4056195,,,,1,2023-06-17T17:58:56+00:00
SAO_3754-10,São Paulo,3550308,True,,1049,,,-23.5347465,-46.428923999999995,,,,1,2023-06-17T17:58:44+00:00
SAO_3754-10,São Paulo,3550308,True,,1049,,,-23.559031375,-46.4015515,,,,1,2023-06-17T17:59:11+00:00
SAO_3754-10,São Paulo,3550308,True,,1049,,,-23.5738885,-46.3986,,,,1,2023-06-17T17:59:16+00:00
SAO_3754-10,São Paulo,3550308,True,,1049,,,-23.539126,-46.4265615,,,,1,2023-06-17T17:58:20+00:00
SAO_8018-10,São Paulo,3550308,True,,2070,,,-23.595382,-46.7291995,,,,1,2023-06-17T17:58:55+00:00
SAO_1018-10,São Paulo,3550308,True,,33600,,,-23.4546135,-46.62934975,,,,2,2023-06-17T17:59:15+00:00
SAO_1018-10,São Paulo,3550308,True,,33600,,,-23.472891,-46.615843,,,,2,2023-06-17T17:58:20+00:00
SAO_1018-10,São Paulo,3550308,True,,33600,,,-23.50031125,-46.622367999999994,,,,2,2023-06-17T17:59:00+00:00
SAO_1018-10,São Paulo,3550308,True,,33600,,,-23.446595000000002,-46.6274435,,,,2,2023-06-17T17:58:48+00:00
SAO_846M-10,São Paulo,3550308,True,,33190,,,-23.504873,-46.758556,,,,2,2023-06-17T17:58:54+00:00
SAO_846M-10,São Paulo,3550308,True,,33190,,,-23.5458805,-46.691953,,,,2,2023-06-17T17:53:15+00:00
SAO_513C-31,São Paulo,3550308,True,,35304,,,-23.596768500000003,-46.4565665,,,,2,2023-06-17T17:59:04+00:00
SAO_8027-10,São Paulo,3550308,True,,2162,,,-23.56723925,-46.7639365,,,,1,2023-06-17T17:58:41+00:00
SAO_8215-10,São Paulo,3550308,True,,574,,,-23.537624,-46.643964,,,,1,2023-06-17T17:58:58+00:00
SAO_8215-10,São Paulo,3550308,True,,574,,,-23.467788499999997,-46.697843500000005,,,,1,2023-06-17T17:59:12+00:00
SAO_8215-10,São Paulo,3550308,True,,574,,,-23.504945499999998,-46.6889805,,,,1,2023-06-17T17:58:50+00:00
SAO_709P-10,São Paulo,3550308,True,,1993,,,-23.5660455,-46.7021505,,,,1,2023-06-17T17:59:09+00:00
SAO_709P-10,São Paulo,3550308,True,,1993,,,-23.6559545,-46.724166999999994,,,,1,2023-06-17T17:58:46+00:00
SAO_709P-10,São Paulo,3550308,True,,1993,,,-23.58797525,-46.683934,,,,1,2023-06-17T17:58:51+00:00
SAO_3741-10,São Paulo,3550308,True,,33809,,,-23.542377000000002,-46.449023749999995,,,,2,2023-06-17T17:59:14+00:00
SAO_3741-10,São Paulo,3550308,True,,33809,,,-23.55597225,-46.453845,,,,2,2023-06-17T17:58:49+00:00
SAO_3741-10,São Paulo,3550308,True,,33809,,,-23.552114500000002,-46.4628695,,,,2,2023-06-17T17:58:53+00:00
SAO_3721-10,São Paulo,3550308,True,,1019,,,-23.566962,-46.493964250000005,,,,1,2023-06-17T17:58:35+00:00
SAO_3721-10,São Paulo,3550308,True,,1019,,,-23.540229250000003,-46.486224750000005,,,,1,2023-06-17T17:59:08+00:00
SAO_5701-10,São Paulo,3550308,True,,1136,,,-23.651217,-46.6596735,,,,1,2023-06-17T17:58:51+00:00
SAO_5701-10,São Paulo,3550308,True,,1136,,,-23.620464,-46.6923435,,,,1,2023-06-17T17:58:58+00:00
SAO_5702-10,São Paulo,3550308,True,,33905,,,-23.6983535,-46.646030499999995,,,,2,2023-06-17T17:58:47+00:00
SAO_5702-10,São Paulo,3550308,True,,33905,,,-23.651377625000002,-46.639163625,,,,2,2023-06-17T17:58:43+00:00
SAO_9501-10,São Paulo,3550308,True,EMTU,462,https://moovitapp.com/index/pt-br/transporte_p%C3%BAblico-line-462-Sao_Paulo-242-2038937-36419502-0,7.4,-23.475306,-46.6698155,,,,1,2023-06-17T17:59:01+00:00
SAO_9501-10,São Paulo,3550308,True,EMTU,462,https://moovitapp.com/index/pt-br/transporte_p%C3%BAblico-line-462-Sao_Paulo-242-2038937-36419502-0,7.4,-23.475306,-46.6698155,,,,1,2023-06-17T17:59:04+00:00
SAO_9501-10,São Paulo,3550308,True,EMTU,462,https://moovitapp.com/index/pt-br/transporte_p%C3%BAblico-line-462-Sao_Paulo-242-2038937-36419502-0,7.4,-23.509191,-46.6897765,,,,1,2023-06-17T17:58:28+00:00
SAO_9501-10,São Paulo,3550308,True,EMTU,462,https://moovitapp.com/index/pt-br/transporte_p%C3%BAblico-line-462-Sao_Paulo-242-2038937-36419502-0,7.4,-23.523119562499996,-46.6516929375,,,,1,2023-06-17T17:59:04+00:00
SAO_648P-10,São Paulo,3550308,True,,66,,,-23.642229625,-46.715749499999994,,,,1,2023-06-17T17:58:34+00:00
SAO_648P-10,São Paulo,3550308,True,,66,,,-23.576448749999997,-46.6872905,,,,1,2023-06-17T17:58:55+00:00
SAO_5038-10,São Paulo,3550308,True,,1661,,,-23.646933500000003,-46.6117685,,,,1,2023-06-17T17:58:59+00:00
SAO_5038-10,São Paulo,3550308,True,,1661,,,-23.608112625,-46.599444,,,,1,2023-06-17T17:58:56+00:00
SAO_9501-10,São Paulo,3550308,True,,33230,,,-23.474438499999998,-46.669928999999996,,,,2,2023-06-17T17:59:00+00:00
SAO_9501-10,São Paulo,3550308,True,,33230,,,-23.543206,-46.6386375,,,,2,2023-06-17T17:58:54+00:00
SAO_9501-10,São Paulo,3550308,True,,33230,,,-23.5152745,-46.689216,,,,2,2023-06-17T17:58:48+00:00
SAO_9501-10,São Paulo,3550308,True,,33230,,,-23.4754695,-46.6707,,,,2,2023-06-17T17:59:07+00:00
SAO_2008-10,São Paulo,3550308,True,,33665,,,-23.496948875,-46.400600749999995,,,,2,2023-06-17T17:59:10+00:00
SAO_2008-10,São Paulo,3550308,True,,33665,,,-23.52118775,-46.38765975,,,,2,2023-06-17T17:58:45+00:00
SAO_2705-10,São Paulo,3550308,True,,33685,,,-23.546270625000002,-46.393018375000004,,,,2,2023-06-17T17:59:01+00:00
SAO_2705-10,São Paulo,3550308,True,,33685,,,-23.542409499999998,-46.417221,,,,2,2023-06-17T17:58:34+00:00
SAO_2705-10,São Paulo,3550308,True,,33685,,,-23.547278,-46.391322,,,,2,2023-06-17T17:58:57+00:00
SAO_2705-10,São Paulo,3550308,True,,33685,,,-23.53334175,-46.430012874999996,,,,2,2023-06-17T17:58:41+00:00
SAO_7272-10,São Paulo,3550308,True,,34101,,,-23.52606725,-46.688992625,,,,2,2023-06-17T17:59:02+00:00
SAO_971V-10,São Paulo,3550308,True,,619,,,-23.4514105,-46.676018,,,,1,2023-06-17T17:58:41+00:00
SAO_971V-10,São Paulo,3550308,True,,619,,,-23.467165,-46.678850999999995,,,,1,2023-06-17T17:59:01+00:00
SAO_971V-10,São Paulo,3550308,True,,619,,,-23.499700500000003,-46.64506625,,,,1,2023-06-17T17:58:52+00:00
SAO_971V-10,São Paulo,3550308,True,,619,,,-23.4517745,-46.691843500000004,,,,1,2023-06-17T17:59:14+00:00
SAO_971V-10,São Paulo,3550308,True,,619,,,-23.50850175,-46.625044375,,,,1,2023-06-17T17:59:09+00:00
SAO_3743-10,São Paulo,3550308,True,,1043,,,-23.568247999999997,-46.468511500000005,,,,1,2023-06-17T17:58:49+00:00
SAO_3743-10,São Paulo,3550308,True,,1043,,,-23.60590275,-46.4797095,,,,1,2023-06-17T17:58:50+00:00
SAO_3743-10,São Paulo,3550308,True,,1043,,,-23.5424255,-46.470012,,,,1,2023-06-17T17:58:31+00:00
SAO_647P-10,São Paulo,3550308,True,,1316,,,-23.565936,-46.702017999999995,,,,1,2023-06-17T17:58:40+00:00
SAO_647P-10,São Paulo,3550308,True,,1316,,,-23.675376999999997,-46.7844185,,,,1,2023-06-17T17:59:00+00:00
SAO_647P-10,São Paulo,3550308,True,,1316,,,-23.6616725,-46.768751,,,,1,2023-06-17T17:59:01+00:00
SAO_647P-10,São Paulo,3550308,True,,1316,,,-23.600576500000003,-46.722911499999995,,,,1,2023-06-17T17:59:01+00:00
SAO_647P-10,São Paulo,3550308,True,,1316,,,-23.652692000000002,-46.734041500000004,,,,1,2023-06-17T17:58:46+00:00
SAO_8027-10,São Paulo,3550308,True,,34930,,,-23.5680185,-46.765499500000004,,,,2,2023-06-17T17:58:44+00:00
SAO_8027-10,São Paulo,3550308,True,,34930,,,-23.568452999999998,-46.765302,,,,2,2023-06-17T17:59:06+00:00
SAO_1206-10,São Paulo,3550308,True,EMTU,842,https://moovitapp.com/index/pt-br/transporte_p%C3%BAblico-line-842-Sao_Paulo-242-2038937-36419605-0,7.15,-23.51919025,-46.59044775,,,,1,2023-06-17T17:58:54+00:00
SAO_1206-10,São Paulo,3550308,True,EMTU,842,https://moovitapp.com/index/pt-br/transporte_p%C3%BAblico-line-842-Sao_Paulo-242-2038937-36419605-0,7.15,-23.5445875,-46.624413000000004,,,,1,2023-06-17T17:59:09+00:00
SAO_6075-10,São Paulo,3550308,True,,1162,,,-23.788642,-46.72653612500001,,,,1,2023-06-17T17:58:57+00:00
SAO_9002-10,São Paulo,3550308,True,,870,,,-23.4579405,-46.6705775,,,,1,2023-06-17T17:58:43+00:00
SAO_9002-10,São Paulo,3550308,True,,870,,,-23.4601725,-46.665375,,,,1,2023-06-17T17:58:40+00:00
SAO_9002-10,São Paulo,3550308,True,,870,,,-23.472319999999996,-46.6704065,,,,1,2023-06-17T17:58:53+00:00
SAO_5701-10,São Paulo,3550308,True,,33904,,,-23.645137,-46.664572,,,,2,2023-06-17T17:58:36+00:00
SAO_5701-10,São Paulo,3550308,True,,33904,,,-23.624073000000003,-46.6955445,,,,2,2023-06-17T17:59:12+00:00
SAO_5701-10,São Paulo,3550308,True,,33904,,,-23.6352275,-46.6415195,,,,2,2023-06-17T17:58:48+00:00
SAO_5701-10,São Paulo,3550308,True,,33904,,,-23.635565,-46.641472,,,,2,2023-06-17T17:59:10+00:00
SAO_709M-10,São Paulo,3550308,True,,2462,,,-23.5661695,-46.701891,,,,1,2023-06-17T17:58:40+00:00
SAO_709M-10,São Paulo,3550308,True,,2462,,,-23.62399,-46.695368,,,,1,2023-06-17T17:58:56+00:00
SAO_709M-10,São Paulo,3550308,True,,2462,,,-23.589979,-46.688332,,,,1,2023-06-17T17:58:35+00:00
SAO_5025-10,São Paulo,3550308,True,,34332,,,-23.601098999999998,-46.549096500000005,,,,2,2023-06-17T17:58:53+00:00
SAO_3027-10,São Paulo,3550308,True,,33731,,,-23.56693975,-46.4681915,,,,2,2023-06-17T17:58:55+00:00
SAO_3027-10,São Paulo,3550308,True,,33731,,,-23.543791499999998,-46.42228,,,,2,2023-06-17T17:58:36+00:00
SAO_3027-10,São Paulo,3550308,True,,33731,,,-23.54769175,-46.43866225,,,,2,2023-06-17T17:59:18+00:00
SAO_3722-10,São Paulo,3550308,True,,1020,,,-23.550804499999998,-46.436499,,,,1,2023-06-17T17:58:41+00:00
SAO_3722-10,São Paulo,3550308,True,,1020,,,-23.549668,-46.5014635,,,,1,2023-06-17T17:59:06+00:00
SAO_7545-10,São Paulo,3550308,True,,33272,,,-23.601537,-46.791821999999996,,,,2,2023-06-17T17:58:39+00:00
SAO_7545-10,São Paulo,3550308,True,,33272,,,-23.567417749999997,-46.684039,,,,2,2023-06-17T17:58:42+00:00
SAO_7545-10,São Paulo,3550308,True,,33272,,,-23.6016895,-46.791908,,,,2,2023-06-17T17:59:11+00:00
SAO_7545-10,São Paulo,3550308,True,,33272,,,-23.585096999999998,-46.74026275,,,,2,2023-06-17T17:59:06+00:00
SAO_669A-10,São Paulo,3550308,True,,32772,,,-23.600961499999997,-46.67407025,,,,2,2023-06-17T17:59:06+00:00
SAO_669A-10,São Paulo,3550308,True,,32772,,,-23.535529375,-46.65080275,,,,2,2023-06-17T17:58:42+00:00
SAO_669A-10,São Paulo,3550308,True,,32772,,,-23.5341755,-46.6447165,,,,2,2023-06-17T17:58:40+00:00
SAO_669A-10,São Paulo,3550308,True,,32772,,,-23.5611995,-46.65686025,,,,2,2023-06-17T17:58:51+00:00
SAO_669A-10,São Paulo,3550308,True,,32772,,,-23.5341755,-46.6447165,,,,2,2023-06-17T17:59:15+00:00
SAO_669A-10,São Paulo,3550308,True,,32772,,,-23.64797425,-46.70399725,,,,2,2023-06-17T17:59:08+00:00
SAO_5011-10,São Paulo,3550308,True,,1115,,,-23.654514,-46.7036375,,,,1,2023-06-17T17:58:46+00:00
SAO_5011-10,São Paulo,3550308,True,,1115,,,-23.7145995,-46.634277,,,,1,2023-06-17T17:57:43+00:00
SAO_5011-10,São Paulo,3550308,True,,1115,,,-23.695213000000003,-46.6539025,,,,1,2023-06-17T17:58:36+00:00
SAO_5011-10,São Paulo,3550308,True,,1115,,,-23.679492250000003,-46.684490249999996,,,,1,2023-06-17T17:59:13+00:00
SAO_4055-10,São Paulo,3550308,True,,2447,,,-23.5430895,-46.416463,,,,1,2023-06-17T17:59:11+00:00
SAO_6027-10,São Paulo,3550308,True,,90,,,-23.659484,-46.713754,,,,1,2023-06-17T17:59:11+00:00
SAO_6027-10,São Paulo,3550308,True,,90,,,-23.7215,-46.6892115,,,,1,2023-06-17T17:58:35+00:00
SAO_6027-10,São Paulo,3550308,True,,90,,,-23.699200749999996,-46.700843125000006,,,,1,2023-06-17T17:58:52+00:00
SAO_PAEC-10,São Paulo,3550308,True,,1422,,,-23.5182095,-46.475659,,,,1,2023-06-17T17:58:37+00:00
SAO_PAEC-10,São Paulo,3550308,True,,1422,,,-23.5182095,-46.475659,,,,1,2023-06-17T17:58:48+00:00
SAO_PAEC-10,São Paulo,3550308,True,,1422,,,-23.5185795,-46.475586,,,,1,2023-06-17T17:59:11+00:00
SAO_PAEC-10,São Paulo,3550308,True,,1422,,,-23.5185795,-46.475586,,,,1,2023-06-17T17:59:03+00:00
SAO_675R-10,São Paulo,3550308,True,,109,,,-23.7391755,-46.69092175,,,,1,2023-06-17T17:58:35+00:00
SAO_675R-10,São Paulo,3550308,True,,109,,,-23.6462455,-46.6397385,,,,1,2023-06-17T17:58:46+00:00
SAO_675R-10,São Paulo,3550308,True,,109,,,-23.638562,-46.6703145,,,,1,2023-06-17T17:59:02+00:00
SAO_1019-10,São Paulo,3550308,True,,35263,,,-23.433686,-46.782641,,,,2,2023-06-17T17:59:00+00:00
SAO_1019-10,São Paulo,3550308,True,,35263,,,-23.469331,-46.752179999999996,,,,2,2023-06-17T17:58:44+00:00
SAO_354M-10,São Paulo,3550308,True,,34387,,,-23.491775,-46.434236999999996,,,,2,2023-06-17T17:59:09+00:00
SAO_354M-10,São Paulo,3550308,True,,34387,,,-23.558768999999998,-46.445477999999994,,,,2,2023-06-17T17:58:55+00:00
SAO_354M-10,São Paulo,3550308,True,,34387,,,-23.491803500000003,-46.434038,,,,2,2023-06-17T17:59:03+00:00
SAO_354M-10,São Paulo,3550308,True,,34387,,,-23.495649,-46.44248375000001,,,,2,2023-06-17T17:58:36+00:00
SAO_354M-10,São Paulo,3550308,True,,34387,,,-23.60228425,-46.47049225,,,,2,2023-06-17T17:58:43+00:00
SAO_8012-10,São Paulo,3550308,True,,34791,,,-23.571924000000003,-46.7087345,,,,2,2023-06-17T17:59:10+00:00
SAO_8012-10,São Paulo,3550308,True,,34791,,,-23.55289975,-46.72857725,,,,2,2023-06-17T17:58:17+00:00
SAO_6816-10,São Paulo,3550308,True,,32794,,,-23.6476135,-46.78443175,,,,2,2023-06-17T17:59:09+00:00
SAO_6816-10,São Paulo,3550308,True,,32794,,,-23.659830499999998,-46.76968,,,,2,2023-06-17T17:59:09+00:00
SAO_1765-10,São Paulo,3550308,True,,34550,,,-23.467372,-46.568509750000004,,,,2,2023-06-17T17:58:42+00:00
SAO_1765-10,São Paulo,3550308,True,,34550,,,-23.46935225,-46.57555375,,,,2,2023-06-17T17:58:48+00:00
SAO_1765-10,São Paulo,3550308,True,,34550,,,-23.480548,-46.602700999999996,,,,2,2023-06-17T17:58:45+00:00
SAO_3064-10,São Paulo,3550308,True,Urubupungá,980,https://moovitapp.com/index/pt-br/transporte_p%C3%BAblico-line-980-Sao_Paulo-242-873835-76224585-0,4.6,-23.58138925,-46.410665625,,,,1,2023-06-17T17:59:14+00:00
SAO_3064-10,São Paulo,3550308,True,Urubupungá,980,https://moovitapp.com/index/pt-br/transporte_p%C3%BAblico-line-980-Sao_Paulo-242-873835-76224585-0,4.6,-23.600921,-46.399572000000006,,,,1,2023-06-17T17:59:01+00:00
SAO_3064-10,São Paulo,3550308,True,Urubupungá,980,https://moovitapp.com/index/pt-br/transporte_p%C3%BAblico-line-980-Sao_Paulo-242-873835-76224585-0,4.6,-23.55319725,-46.41349425,,,,1,2023-06-17T17:58:40+00:00
SAO_3064-10,São Paulo,3550308,True,Urubupungá,980,https://moovitapp.com/index/pt-br/transporte_p%C3%BAblico-line-980-Sao_Paulo-242-873835-76224585-0,4.6,-23.559738,-46.413317500000005,,,,1,2023-06-17T17:59:00+00:00
SAO_857A-10,São Paulo,3550308,True,,1925,,,-23.567515,-46.69430799999999,,,,1,2023-06-17T17:59:13+00:00
SAO_857A-10,São Paulo,3550308,True,,1925,,,-23.59849075,-46.63781375,,,,1,2023-06-17T17:59:12+00:00
SAO_857A-10,São Paulo,3550308,True,,1925,,,-23.623043,-46.763360000000006,,,,1,2023-06-17T17:59:12+00:00
SAO_3002-10,São Paulo,3550308,True,,34576,,,-23.49414625,-46.415775,,,,2,2023-06-17T17:58:36+00:00
SAO_3002-10,São Paulo,3550308,True,,34576,,,-23.4950105,-46.4373425,,,,2,2023-06-17T17:58:29+00:00
SAO_2008-10,São Paulo,3550308,True,,897,,,-23.5144425,-46.3903165,,,,1,2023-06-17T17:58:49+00:00
SAO_2008-10,São Paulo,3550308,True,,897,,,-23.521084000000002,-46.3870275,,,,1,2023-06-17T17:58:55+00:00
SAO_2008-10,São Paulo,3550308,True,,897,,,-23.494199000000002,-46.4010145,,,,1,2023-06-17T17:59:15+00:00
SAO_2008-10,São Paulo,3550308,True,,897,,,-23.505883,-46.3961795,,,,1,2023-06-17T17:58:51+00:00
SAO_8300-10,São Paulo,3550308,True,,34032,,,-23.485965,-46.726443374999995,,,,2,2023-06-17T17:59:02+00:00
SAO_8300-10,São Paulo,3550308,True,,34032,,,-23.498233,-46.706727,,,,2,2023-06-17T17:59:13+00:00
SAO_1778-10,São Paulo,3550308,True,,34557,,,-23.488464625,-46.60941125000001,,,,2,2023-06-17T17:58:54+00:00
SAO_1778-10,São Paulo,3550308,True,,34557,,,-23.482988499999998,-46.613475125,,,,2,2023-06-17T17:58:53+00:00
SAO_1778-10,São Paulo,3550308,True,,34557,,,-23.467172,-46.56877125,,,,2,2023-06-17T17:57:41+00:00
SAO_6031-10,São Paulo,3550308,True,,92,,,-23.7380205,-46.697914499999996,,,,1,2023-06-17T17:58:39+00:00
SAO_6031-10,São Paulo,3550308,True,,92,,,-23.7444865,-46.699613,,,,1,2023-06-17T17:58:49+00:00
SAO_6031-10,São Paulo,3550308,True,,92,,,-23.73824725,-46.69784775,,,,1,2023-06-17T17:58:41+00:00
SAO_6031-10,São Paulo,3550308,True,,92,,,-23.754704,-46.709073000000004,,,,1,2023-06-17T17:59:04+00:00
SAO_2031-10,São Paulo,3550308,True,,33135,,,-23.50583075,-46.37282175,,,,2,2023-06-17T17:59:07+00:00
SAO_2031-10,São Paulo,3550308,True,,33135,,,-23.5026625,-46.384508,,,,2,2023-06-17T17:59:02+00:00
SAO_2031-10,São Paulo,3550308,True,,33135,,,-23.497187625,-46.442173249999996,,,,2,2023-06-17T17:59:04+00:00
SAO_848L-10,São Paulo,3550308,True,EMTU,808,https://moovitapp.com/index/pt-br/transporte_p%C3%BAblico-line-808-Sao_Paulo-242-2038937-36419584-0,4.8,-23.436571,-46.723671499999995,,,,1,2023-06-17T17:59:12+00:00
SAO_848L-10,São Paulo,3550308,True,EMTU,808,https://moovitapp.com/index/pt-br/transporte_p%C3%BAblico-line-808-Sao_Paulo-242-2038937-36419584-0,4.8,-23.4130935,-46.741695,,,,1,2023-06-17T17:58:53+00:00
SAO_848L-10,São Paulo,3550308,True,EMTU,808,https://moovitapp.com/index/pt-br/transporte_p%C3%BAblico-line-808-Sao_Paulo-242-2038937-36419584-0,4.8,-23.4754335,-46.727731750000004,,,,1,2023-06-17T17:58:51+00:00
SAO_848L-10,São Paulo,3550308,True,EMTU,808,https://moovitapp.com/index/pt-br/transporte_p%C3%BAblico-line-808-Sao_Paulo-242-2038937-36419584-0,4.8,-23.413953499999998,-46.750866,,,,1,2023-06-17T17:58:46+00:00
SAO_756A-10,São Paulo,3550308,True,,793,,,-23.5978395,-46.7957555,,,,1,2023-06-17T17:58:39+00:00
SAO_756A-10,São Paulo,3550308,True,,793,,,-23.6136575,-46.6956995,,,,1,2023-06-17T17:59:09+00:00
SAO_756A-10,São Paulo,3550308,True,,793,,,-23.59857875,-46.719541,,,,1,2023-06-17T17:58:38+00:00
SAO_756A-10,São Paulo,3550308,True,,793,,,-23.600323000000003,-46.75374325,,,,1,2023-06-17T17:58:35+00:00
SAO_1721-10,São Paulo,3550308,True,,666,,,-23.4978745,-46.594651,,,,1,2023-06-17T17:58:50+00:00
SAO_1721-10,São Paulo,3550308,True,,666,,,-23.4894945,-46.5710555,,,,1,2023-06-17T17:58:57+00:00
SAO_1721-10,São Paulo,3550308,True,,666,,,-23.50140275,-46.61314575,,,,1,2023-06-17T17:58:34+00:00
SAO_273G-10,São Paulo,3550308,True,EMTU,223,https://moovitapp.com/index/pt-br/transporte_p%C3%BAblico-line-223-Sao_Paulo-242-2038937-36419342-0,5.2,-23.5399795,-46.4833685,,,,1,2023-06-17T17:58:57+00:00
SAO_273G-10,São Paulo,3550308,True,EMTU,223,https://moovitapp.com/index/pt-br/transporte_p%C3%BAblico-line-223-Sao_Paulo-242-2038937-36419342-0,5.2,-23.478618499999996,-46.4211535,,,,1,2023-06-17T17:58:09+00:00
SAO_273G-10,São Paulo,3550308,True,EMTU,223,https://moovitapp.com/index/pt-br/transporte_p%C3%BAblico-line-223-Sao_Paulo-242-2038937-36419342-0,5.2,-23.491375499999997,-46.443605500000004,,,,1,2023-06-17T17:59:09+00:00
SAO_273G-10,São Paulo,3550308,True,EMTU,223,https://moovitapp.com/index/pt-br/transporte_p%C3%BAblico-line-223-Sao_Paulo-242-2038937-36419342-0,5.2,-23.49206775,-46.447616249999996,,,,1,2023-06-17T17:59:13+00:00
SAO_8000-1,São Paulo,3550308,True,,2506,,,-23.521565,-46.700398500000006,,,,1,2023-06-17T17:58:47+00:00
SAO_8000-1,São Paulo,3550308,True,,2506,,,-23.547871999999998,-46.642169499999994,,,,1,2023-06-17T17:59:13+00:00
SAO_8000-1,São Paulo,3550308,True,,2506,,,-23.534374125000003,-46.654653249999996,,,,1,2023-06-17T17:59:06+00:00
SAO_8000-1,São Paulo,3550308,True,,2506,,,-23.532761,-46.657568,,,,1,2023-06-17T17:59:05+00:00
SAO_8000-1,São Paulo,3550308,True,,2506,,,-23.52559025,-46.6819255,,,,1,2023-06-17T17:59:14+00:00
SAO_1021-10,São Paulo,3550308,True,,33601,,,-23.471604,-46.725013000000004,,,,2,2023-06-17T17:58:47+00:00
SAO_1021-10,São Paulo,3550308,True,,33601,,,-23.444401,-46.712193,,,,2,2023-06-17T17:59:08+00:00
SAO_475R-10,São Paulo,3550308,True,,344,,,-23.55217625,-46.636614249999994,,,,1,2023-06-17T17:59:07+00:00
SAO_475R-10,São Paulo,3550308,True,,344,,,-23.6524755,-46.618695,,,,1,2023-06-17T17:57:04+00:00
SAO_475R-10,São Paulo,3550308,True,,344,,,-23.596413125,-46.64517975,,,,1,2023-06-17T17:58:33+00:00
SAO_2005-10,São Paulo,3550308,True,,893,,,-23.490341,-46.415386625,,,,1,2023-06-17T17:58:38+00:00
SAO_2005-10,São Paulo,3550308,True,,893,,,-23.481623749999997,-46.37878275,,,,1,2023-06-17T17:58:36+00:00
SAO_2005-10,São Paulo,3550308,True,,893,,,-23.494115,-46.43924975,,,,1,2023-06-17T17:54:06+00:00
SAO_675M-10,São Paulo,3550308,True,ETT,108,https://moovitapp.com/index/pt-br/transporte_p%C3%BAblico-line-108-Sao_Paulo-242-876373-496510-0,5.3,-23.7212885,-46.688989500000005,,,,1,2023-06-17T17:58:38+00:00
SAO_675M-10,São Paulo,3550308,True,ETT,108,https://moovitapp.com/index/pt-br/transporte_p%C3%BAblico-line-108-Sao_Paulo-242-876373-496510-0,5.3,-23.653447625,-46.666535749999994,,,,1,2023-06-17T17:58:45+00:00
SAO_675M-10,São Paulo,3550308,True,ETT,108,https://moovitapp.com/index/pt-br/transporte_p%C3%BAblico-line-108-Sao_Paulo-242-876373-496510-0,5.3,-23.646229499999997,-46.646701500000006,,,,1,2023-06-17T17:58:13+00:00
SAO_2080-10,São Paulo,3550308,True,,371,,,-23.5143355,-46.53614625,,,,1,2023-06-17T17:59:00+00:00
SAO_2735-10,São Paulo,3550308,True,,1921,,,-23.52418025,-46.5490485,,,,1,2023-06-17T17:58:37+00:00
SAO_2735-10,São Paulo,3550308,True,,1921,,,-23.507911,-46.5428165,,,,1,2023-06-17T17:58:15+00:00
SAO_2735-10,São Paulo,3550308,True,,1921,,,-23.4949499375,-46.518449187499996,,,,1,2023-06-17T17:58:33+00:00
SAO_6001-10,São Paulo,3550308,True,,32820,,,-23.652468812500004,-46.710300000000004,,,,2,2023-06-17T17:58:55+00:00
SAO_6001-10,São Paulo,3550308,True,,32820,,,-23.6438595,-46.731730999999996,,,,2,2023-06-17T17:58:50+00:00
SAO_6001-10,São Paulo,3550308,True,,32820,,,-23.654408500000002,-46.762060999999996,,,,2,2023-06-17T17:58:39+00:00
SAO_3756-10,São Paulo,3550308,True,,33818,,,-23.582981,-46.390744,,,,2,2023-06-17T17:58:41+00:00
SAO_3756-10,São Paulo,3550308,True,,33818,,,-23.590653500000002,-46.389331375,,,,2,2023-06-17T17:58:23+00:00
SAO_3756-10,São Paulo,3550308,True,,33818,,,-23.5580285,-46.445443499999996,,,,2,2023-06-17T17:58:39+00:00
SAO_3756-10,São Paulo,3550308,True,,33818,,,-23.590653500000002,-46.389331375,,,,2,2023-06-17T17:58:56+00:00
SAO_3756-10,São Paulo,3550308,True,,33818,,,-23.575471,-46.3924385,,,,2,2023-06-17T17:58:42+00:00
SAO_3756-10,São Paulo,3550308,True,,33818,,,-23.590653500000002,-46.389331375,,,,2,2023-06-17T17:58:24+00:00
SAO_9006-10,São Paulo,3550308,True,,33642,,,-23.468052,-46.6889005,,,,2,2023-06-17T17:58:52+00:00
SAO_9006-10,São Paulo,3550308,True,,33642,,,-23.464918,-46.690571500000004,,,,2,2023-06-17T17:59:15+00:00
SAO_9006-10,São Paulo,3550308,True,,33642,,,-23.473703999999998,-46.669427,,,,2,2023-06-17T17:58:33+00:00
SAO_278A-10,São Paulo,3550308,True,,706,,,-23.513296,-46.6251845,,,,1,2023-06-17T17:59:05+00:00
SAO_278A-10,São Paulo,3550308,True,,706,,,-23.532468,-46.562047500000006,,,,1,2023-06-17T17:56:35+00:00
SAO_278A-10,São Paulo,3550308,True,,706,,,-23.5077785,-46.525954999999996,,,,1,2023-06-17T17:58:52+00:00
SAO_1015-10,São Paulo,3550308,True,,34998,,,-23.41403275,-46.808622,,,,2,2023-06-17T17:58:34+00:00
SAO_403A-10,São Paulo,3550308,True,,34960,,,-23.5322325,-46.5275315,,,,2,2023-06-17T17:59:16+00:00
SAO_403A-10,São Paulo,3550308,True,,34960,,,-23.5542555,-46.4375685,,,,2,2023-06-17T17:58:53+00:00
SAO_403A-10,São Paulo,3550308,True,,34960,,,-23.540297,-46.431876,,,,2,2023-06-17T17:58:54+00:00
SAO_403A-10,São Paulo,3550308,True,,34960,,,-23.542267499999998,-46.43534325,,,,2,2023-06-17T17:58:31+00:00
SAO_403A-10,São Paulo,3550308,True,,34960,,,-23.540503,-46.431996,,,,2,2023-06-17T17:58:52+00:00
SAO_2060-10,São Paulo,3550308,True,EMTU,134,https://moovitapp.com/index/pt-br/transporte_p%C3%BAblico-line-134-Sao_Paulo-242-2038937-36419287-0,5.2,-23.5329705,-46.468946,,,,1,2023-06-17T17:58:35+00:00
SAO_4014-10,São Paulo,3550308,True,,2187,,,-23.5971695,-46.474425124999996,,,,1,2023-06-17T17:59:12+00:00
SAO_178A-10,São Paulo,3550308,True,EMTU,558,https://moovitapp.com/index/pt-br/transporte_p%C3%BAblico-line-558-Sao_Paulo-242-2038937-36419559-0,4.4,-23.526956499999997,-46.63140625,,,,1,2023-06-17T17:59:03+00:00
SAO_178A-10,São Paulo,3550308,True,EMTU,558,https://moovitapp.com/index/pt-br/transporte_p%C3%BAblico-line-558-Sao_Paulo-242-2038937-36419559-0,4.4,-23.5255835,-46.671588,,,,1,2023-06-17T17:59:09+00:00
SAO_2733-10,São Paulo,3550308,True,,33716,,,-23.532367,-46.45353425,,,,2,2023-06-17T17:58:52+00:00
SAO_2733-10,São Paulo,3550308,True,,33716,,,-23.516232000000002,-46.454931,,,,2,2023-06-17T17:56:35+00:00
SAO_2733-10,São Paulo,3550308,True,,33716,,,-23.515938499999997,-46.4623815,,,,2,2023-06-17T17:59:08+00:00
SAO_5029-10,São Paulo,3550308,True,,34440,,,-23.6284755,-46.5863025,,,,2,2023-06-17T17:59:03+00:00
SAO_5029-10,São Paulo,3550308,True,,34440,,,-23.6029185,-46.6023305,,,,2,2023-06-17T17:59:03+00:00
SAO_5030-10,São Paulo,3550308,True,,1669,,,-23.603278,-46.60311,,,,1,2023-06-17T17:59:04+00:00
SAO_1742-10,São Paulo,3550308,True,,33310,,,-23.497836,-46.6276935,,,,2,2023-06-17T17:58:41+00:00
SAO_1742-10,São Paulo,3550308,True,,33310,,,-23.46433675,-46.65358325,,,,2,2023-06-17T17:58:44+00:00
SAO_1742-10,São Paulo,3550308,True,,33310,,,-23.457146,-46.659533249999996,,,,2,2023-06-17T17:59:13+00:00
SAO_2028-10,São Paulo,3550308,True,,2263,,,-23.4339305,-46.5714275,,,,1,2023-06-17T17:56:36+00:00
SAO_2028-10,São Paulo,3550308,True,,2263,,,-23.47148775,-46.598993,,,,1,2023-06-17T17:56:29+00:00
SAO_6816-31,São Paulo,3550308,True,,1748,,,-23.65279,-46.778128499999994,,,,1,2023-06-17T17:59:08+00:00
SAO_6817-10,São Paulo,3550308,True,,27,,,-23.684818,-46.782738,,,,1,2023-06-17T17:59:13+00:00
SAO_6817-10,São Paulo,3550308,True,,27,,,-23.6664815,-46.771662,,,,1,2023-06-17T17:59:13+00:00
SAO_6051-10,São Paulo,3550308,True,,33911,,,-23.76764575,-46.717001249999996,,,,2,2023-06-17T17:58:46+00:00
SAO_6051-10,São Paulo,3550308,True,,33911,,,-23.7621455,-46.689133,,,,2,2023-06-17T17:58:38+00:00
SAO_6051-10,São Paulo,3550308,True,,33911,,,-23.7621455,-46.689133,,,,2,2023-06-17T17:59:02+00:00
SAO_6051-10,São Paulo,3550308,True,,33911,,,-23.762576000000003,-46.689004,,,,2,2023-06-17T17:58:45+00:00
SAO_6051-10,São Paulo,3550308,True,,33911,,,-23.7628215,-46.688933500000005,,,,2,2023-06-17T17:58:54+00:00
SAO_8024-10,São Paulo,3550308,True,,2075,,,-23.59298025,-46.733645249999995,,,,1,2023-06-17T17:59:17+00:00
SAO_6034-10,São Paulo,3550308,True,,32863,,,-23.7401655,-46.691473,,,,2,2023-06-17T17:58:52+00:00
SAO_6034-10,São Paulo,3550308,True,,32863,,,-23.7445235,-46.670696500000005,,,,2,2023-06-17T17:59:10+00:00
SAO_6034-10,São Paulo,3550308,True,,32863,,,-23.747656499999998,-46.6691325,,,,2,2023-06-17T17:59:00+00:00
SAO_4056-10,São Paulo,3550308,True,,2237,,,-23.599230750000004,-46.4634925,,,,1,2023-06-17T17:55:17+00:00
SAO_6003-21,São Paulo,3550308,True,,35344,,,-23.7669475,-46.7164815,,,,2,2023-06-17T17:58:33+00:00
SAO_6003-21,São Paulo,3550308,True,,35344,,,-23.7673435,-46.7169365,,,,2,2023-06-17T17:58:50+00:00
SAO_6063-10,São Paulo,3550308,True,,1152,,,-23.786331,-46.6892655,,,,1,2023-06-17T17:58:52+00:00
SAO_6063-10,São Paulo,3550308,True,,1152,,,-23.772777249999997,-46.7016495,,,,1,2023-06-17T17:59:05+00:00
SAO_6063-10,São Paulo,3550308,True,,1152,,,-23.767242500000002,-46.7162575,,,,1,2023-06-17T17:58:55+00:00
SAO_314V-10,São Paulo,3550308,True,,33079,,,-23.5903485,-46.5381825,,,,2,2023-06-17T17:59:05+00:00
SAO_314V-10,São Paulo,3550308,True,,33079,,,-23.567427625,-46.61434975,,,,2,2023-06-17T17:58:43+00:00
SAO_4732-10,São Paulo,3550308,True,,33070,,,-23.625577999999997,-46.6205905,,,,2,2023-06-17T17:59:03+00:00
SAO_6003-10,São Paulo,3550308,True,,34240,,,-23.7377555,-46.6976535,,,,2,2023-06-17T17:51:03+00:00
SAO_2770-10,São Paulo,3550308,True,,33011,,,-23.539615124999997,-46.431626875000006,,,,2,2023-06-17T17:58:57+00:00
SAO_2770-10,São Paulo,3550308,True,,33011,,,-23.5078946875,-46.4177933125,,,,2,2023-06-17T17:58:40+00:00
SAO_2770-10,São Paulo,3550308,True,,33011,,,-23.498449,-46.4568225,,,,2,2023-06-17T17:58:48+00:00
SAO_2770-10,São Paulo,3550308,True,,33011,,,-23.5416465,-46.416104000000004,,,,2,2023-06-17T17:53:01+00:00
SAO_6034-10,São Paulo,3550308,True,,95,,,-23.745268375000002,-46.66581537500001,,,,1,2023-06-17T17:58:49+00:00
SAO_6034-10,São Paulo,3550308,True,,95,,,-23.7403345,-46.691452999999996,,,,1,2023-06-17T17:58:59+00:00
SAO_546A-10,São Paulo,3550308,True,,1131,,,-23.691342499999998,-46.671116,,,,1,2023-06-17T17:58:53+00:00
SAO_546A-10,São Paulo,3550308,True,,1131,,,-23.69599325,-46.650322,,,,1,2023-06-17T17:56:55+00:00
SAO_546A-10,São Paulo,3550308,True,,1131,,,-23.6543235,-46.7042885,,,,1,2023-06-17T17:59:11+00:00
SAO_6017-10,São Paulo,3550308,True,,1206,,,-23.67594,-46.753428,,,,1,2023-06-17T17:58:47+00:00
SAO_6017-10,São Paulo,3550308,True,,1206,,,-23.66710225,-46.724622,,,,1,2023-06-17T17:59:02+00:00
SAO_6017-10,São Paulo,3550308,True,,1206,,,-23.6497811875,-46.70390193750001,,,,1,2023-06-17T17:59:16+00:00
SAO_6017-10,São Paulo,3550308,True,,1206,,,-23.7001305,-46.76988,,,,1,2023-06-17T17:59:07+00:00
SAO_211V-10,São Paulo,3550308,True,EMTU,154,https://moovitapp.com/index/pt-br/transporte_p%C3%BAblico-line-154-Sao_Paulo-242-2038937-36419300-0,6.8,-23.48515725,-46.48001325,,,,1,2023-06-17T17:58:57+00:00
SAO_978L-10,São Paulo,3550308,True,EMTU,466,https://moovitapp.com/index/pt-br/transporte_p%C3%BAblico-line-466-Sao_Paulo-242-2038937-72712754-0,5.4,-23.531897,-46.658859,,,,1,2023-06-17T17:59:03+00:00
SAO_8022-10,São Paulo,3550308,True,,2085,,,-23.568171,-46.7400035,,,,1,2023-06-17T17:58:57+00:00
SAO_2004-10,São Paulo,3550308,True,,33660,,,-23.519621,-46.383444499999996,,,,2,2023-06-17T17:58:50+00:00
SAO_2004-10,São Paulo,3550308,True,,33660,,,-23.543295999999998,-46.410864000000004,,,,2,2023-06-17T17:58:43+00:00
SAO_2004-10,São Paulo,3550308,True,,33660,,,-23.5199755,-46.384038000000004,,,,2,2023-06-17T17:59:08+00:00
SAO_2004-10,São Paulo,3550308,True,,33660,,,-23.53008775,-46.3952355,,,,2,2023-06-17T17:59:01+00:00
SAO_7063-10,São Paulo,3550308,True,,34667,,,-23.6474735,-46.788791,,,,2,2023-06-17T17:59:17+00:00
SAO_6073-10,São Paulo,3550308,True,,1160,,,-23.8268665,-46.727982,,,,1,2023-06-17T17:59:06+00:00
SAO_6073-10,São Paulo,3550308,True,,1160,,,-23.77512775,-46.72249925,,,,1,2023-06-17T17:58:34+00:00
SAO_172R-10,São Paulo,3550308,True,,859,,,-23.48447975,-46.569690249999994,,,,1,2023-06-17T17:58:39+00:00
SAO_172R-10,São Paulo,3550308,True,,859,,,-23.465965,-46.584261999999995,,,,1,2023-06-17T17:56:27+00:00
SAO_172R-10,São Paulo,3550308,True,,859,,,-23.518577,-46.58996512499999,,,,1,2023-06-17T17:57:30+00:00
SAO_172R-10,São Paulo,3550308,True,,859,,,-23.497451,-46.574927875,,,,1,2023-06-17T17:57:43+00:00
SAO_172R-10,São Paulo,3550308,True,,859,,,-23.51308975,-46.585654875,,,,1,2023-06-17T17:58:38+00:00
SAO_172R-10,São Paulo,3550308,True,,859,,,-23.52939825,-46.602333,,,,1,2023-06-17T17:55:58+00:00
SAO_4222-10,São Paulo,3550308,True,,33056,,,-23.6143715,-46.512184000000005,,,,2,2023-06-17T17:59:16+00:00
SAO_4222-10,São Paulo,3550308,True,,33056,,,-23.59648,-46.5421085,,,,2,2023-06-17T17:58:46+00:00
SAO_508L-10,São Paulo,3550308,True,,32885,,,-23.558581874999998,-46.63291125,,,,2,2023-06-17T17:59:12+00:00
SAO_775F-31,São Paulo,3550308,True,,35256,,,-23.625424,-46.748162,,,,2,2023-06-17T17:58:56+00:00
SAO_775F-31,São Paulo,3550308,True,,35256,,,-23.602641,-46.71300825,,,,2,2023-06-17T17:59:04+00:00
SAO_2002-10,São Paulo,3550308,True,STT,711,https://moovitapp.com/index/pt-br/transporte_p%C3%BAblico-line-711-Sao_Paulo-242-850661-183340-0,5.3,-23.54894,-46.6423725,,,,1,2023-06-17T17:59:07+00:00
SAO_2002-10,São Paulo,3550308,True,STT,711,https://moovitapp.com/index/pt-br/transporte_p%C3%BAblico-line-711-Sao_Paulo-242-850661-183340-0,5.3,-23.546399375,-46.6381465,,,,1,2023-06-17T17:59:16+00:00
SAO_5032-10,São Paulo,3550308,True,,34430,,,-23.636195999999998,-46.5934805,,,,2,2023-06-17T17:58:51+00:00
SAO_5032-10,São Paulo,3550308,True,,34430,,,-23.6295695,-46.5882465,,,,2,2023-06-17T17:58:42+00:00
SAO_5032-10,São Paulo,3550308,True,,34430,,,-23.594769,-46.591508125,,,,2,2023-06-17T17:58:40+00:00
SAO_4727-10,São Paulo,3550308,True,,33108,,,-23.638341,-46.6080665,,,,2,2023-06-17T17:58:47+00:00
SAO_9005-10,São Paulo,3550308,True,,872,,,-23.454976124999998,-46.675517375,,,,1,2023-06-17T17:59:13+00:00
SAO_9005-10,São Paulo,3550308,True,,872,,,-23.453954749999998,-46.6753905,,,,1,2023-06-17T17:59:12+00:00
SAO_9005-10,São Paulo,3550308,True,,872,,,-23.454378499999997,-46.693401,,,,1,2023-06-17T17:58:43+00:00
SAO_9005-10,São Paulo,3550308,True,,872,,,-23.45375225,-46.69233625,,,,1,2023-06-17T17:59:08+00:00
SAO_8026-10,São Paulo,3550308,True,,34851,,,-23.6329055,-46.74839,,,,2,2023-06-17T17:58:35+00:00
SAO_8026-10,São Paulo,3550308,True,,34851,,,-23.6328835,-46.748059,,,,2,2023-06-17T17:59:00+00:00
SAO_8026-10,São Paulo,3550308,True,,34851,,,-23.604668750000002,-46.746986750000005,,,,2,2023-06-17T17:58:43+00:00
SAO_975A-10,São Paulo,3550308,True,EMTU,589,https://moovitapp.com/index/pt-br/transporte_p%C3%BAblico-line-589-Sao_Paulo-242-2038937-36419576-0,5.35,-23.572313,-46.6431575,,,,1,2023-06-17T17:57:38+00:00
SAO_975A-10,São Paulo,3550308,True,EMTU,589,https://moovitapp.com/index/pt-br/transporte_p%C3%BAblico-line-589-Sao_Paulo-242-2038937-36419576-0,5.35,-23.502888,-46.6943375,,,,1,2023-06-17T17:59:13+00:00
SAO_106A-10,São Paulo,3550308,True,,33284,,,-23.559058999999998,-46.654014000000004,,,,2,2023-06-17T17:59:12+00:00
SAO_106A-10,São Paulo,3550308,True,,33284,,,-23.511872,-46.626156,,,,2,2023-06-17T17:58:44+00:00
SAO_106A-10,São Paulo,3550308,True,,33284,,,-23.584108,-46.679387750000004,,,,2,2023-06-17T17:59:05+00:00
SAO_7062-41,São Paulo,3550308,True,,35039,,,-23.649641000000003,-46.7594945,,,,2,2023-06-17T17:58:34+00:00
SAO_7062-41,São Paulo,3550308,True,,35039,,,-23.650688625,-46.770039874999995,,,,2,2023-06-17T17:58:59+00:00
SAO_7062-41,São Paulo,3550308,True,,35039,,,-23.6495855,-46.759575,,,,2,2023-06-17T17:57:34+00:00
SAO_2009-10,São Paulo,3550308,True,,33666,,,-23.542068,-46.415377500000005,,,,2,2023-06-17T17:59:12+00:00
SAO_2009-10,São Paulo,3550308,True,,33666,,,-23.529469499999998,-46.416161,,,,2,2023-06-17T17:55:21+00:00
SAO_2009-10,São Paulo,3550308,True,,33666,,,-23.541999750000002,-46.412657749999994,,,,2,2023-06-17T17:58:59+00:00
SAO_1026-10,São Paulo,3550308,True,,35074,,,-23.488951999999998,-46.698082,,,,2,2023-06-17T17:59:09+00:00
SAO_1026-10,São Paulo,3550308,True,,35074,,,-23.47114175,-46.71015375,,,,2,2023-06-17T17:59:04+00:00
SAO_8319-10,São Paulo,3550308,True,,476,,,-23.5528765,-46.74196425,,,,1,2023-06-17T17:58:47+00:00
SAO_373M-10,São Paulo,3550308,True,,33049,,,-23.5826265,-46.56284,,,,2,2023-06-17T17:58:44+00:00
SAO_373M-10,São Paulo,3550308,True,,33049,,,-23.5438835,-46.574712250000005,,,,2,2023-06-17T17:59:00+00:00
SAO_314J-10,São Paulo,3550308,True,Cidade de Caieiras,310,https://moovitapp.com/index/pt-br/transporte_p%C3%BAblico-line-310-Sao_Paulo-242-868761-496418-0,5.0,-23.5565325,-46.636225499999995,,,,1,2023-06-17T17:58:41+00:00
SAO_314J-10,São Paulo,3550308,True,Cidade de Caieiras,310,https://moovitapp.com/index/pt-br/transporte_p%C3%BAblico-line-310-Sao_Paulo-242-868761-496418-0,5.0,-23.596298,-46.558651499999996,,,,1,2023-06-17T17:59:08+00:00
SAO_314J-10,São Paulo,3550308,True,Cidade de Caieiras,310,https://moovitapp.com/index/pt-br/transporte_p%C3%BAblico-line-310-Sao_Paulo-242-868761-496418-0,5.0,-23.60602075,-46.511673375,,,,1,2023-06-17T17:58:41+00:00
SAO_3903-10,São Paulo,3550308,True,,1471,,,-23.5322585,-46.46684675,,,,1,2023-06-17T17:59:05+00:00
SAO_3903-10,São Paulo,3550308,True,,1471,,,-23.516833875000003,-46.542909249999994,,,,1,2023-06-17T17:59:00+00:00
SAO_546A-31,São Paulo,3550308,True,,1132,,,-23.7139475,-46.6571055,,,,1,2023-06-17T17:54:17+00:00
SAO_546A-31,São Paulo,3550308,True,,1132,,,-23.6994545,-46.648315499999995,,,,1,2023-06-17T17:58:53+00:00
SAO_546A-31,São Paulo,3550308,True,,1132,,,-23.6544305,-46.703920499999995,,,,1,2023-06-17T17:58:45+00:00
SAO_314J-10,São Paulo,3550308,True,,33078,,,-23.614278,-46.5171455,,,,2,2023-06-17T17:59:15+00:00
SAO_314J-10,São Paulo,3550308,True,,33078,,,-23.582738,-46.5999265,,,,2,2023-06-17T17:58:42+00:00
SAO_8050-31,São Paulo,3550308,True,EMTU,415,https://moovitapp.com/index/pt-br/transporte_p%C3%BAblico-line-415-Sao_Paulo-242-2038937-36419472-0,5.0,-23.447068,-46.7988035,,,,1,2023-06-17T17:59:06+00:00
SAO_8050-31,São Paulo,3550308,True,EMTU,415,https://moovitapp.com/index/pt-br/transporte_p%C3%BAblico-line-415-Sao_Paulo-242-2038937-36419472-0,5.0,-23.5214025,-46.7047665,,,,1,2023-06-17T17:59:05+00:00
SAO_809N-10,São Paulo,3550308,True,,2244,,,-23.572331249999998,-46.7605825,,,,1,2023-06-17T17:58:54+00:00
SAO_6835-31,São Paulo,3550308,True,,34175,,,-23.692555,-46.795084,,,,2,2023-06-17T17:58:41+00:00
SAO_6835-31,São Paulo,3550308,True,,34175,,,-23.6884105,-46.800267500000004,,,,2,2023-06-17T17:59:13+00:00
SAO_3046-10,São Paulo,3550308,True,,33739,,,-23.5635505,-46.572115,,,,2,2023-06-17T17:56:59+00:00
SAO_3046-10,São Paulo,3550308,True,,33739,,,-23.543301,-46.5748485,,,,2,2023-06-17T17:59:07+00:00
SAO_3046-10,São Paulo,3550308,True,,33739,,,-23.57883775,-46.552043250000004,,,,2,2023-06-17T17:58:36+00:00
SAO_746V-10,São Paulo,3550308,True,,33560,,,-23.62296475,-46.753889,,,,2,2023-06-17T17:59:00+00:00
SAO_746V-10,São Paulo,3550308,True,,33560,,,-23.63194,-46.7658135,,,,2,2023-06-17T17:59:07+00:00
SAO_746V-10,São Paulo,3550308,True,,33560,,,-23.620384,-46.75313125,,,,2,2023-06-17T17:58:38+00:00
SAO_746V-10,São Paulo,3550308,True,,33560,,,-23.62274625,-46.754206999999994,,,,2,2023-06-17T17:59:16+00:00
SAO_1703-10,São Paulo,3550308,True,,847,,,-23.513889875,-46.61619675,,,,1,2023-06-17T17:58:07+00:00
SAO_1703-10,São Paulo,3550308,True,,847,,,-23.4711475,-46.586389999999994,,,,1,2023-06-17T17:57:46+00:00
SAO_1703-10,São Paulo,3550308,True,,847,,,-23.436003499999998,-46.5749245,,,,1,2023-06-17T17:58:50+00:00
SAO_938L-10,São Paulo,3550308,True,,1368,,,-23.478749999999998,-46.673298,,,,1,2023-06-17T17:59:10+00:00
SAO_938L-10,São Paulo,3550308,True,,1368,,,-23.475696,-46.670624000000004,,,,1,2023-06-17T17:58:45+00:00
SAO_938L-10,São Paulo,3550308,True,,1368,,,-23.5122315,-46.701803,,,,1,2023-06-17T17:59:04+00:00
SAO_4721-10,São Paulo,3550308,True,EMTU,337,https://moovitapp.com/index/pt-br/transporte_p%C3%BAblico-line-337-Sao_Paulo-242-2038937-36419422-0,6.35,-23.61246775,-46.63803075,,,,1,2023-06-17T17:59:09+00:00
SAO_6358-10,São Paulo,3550308,True,,1294,,,-23.685083,-46.637559499999995,,,,1,2023-06-17T17:58:53+00:00
SAO_6358-10,São Paulo,3550308,True,,1294,,,-23.660463,-46.6631135,,,,1,2023-06-17T17:58:44+00:00
SAO_6358-10,São Paulo,3550308,True,,1294,,,-23.5848505,-46.6533125,,,,1,2023-06-17T17:59:14+00:00
SAO_6805-10,São Paulo,3550308,True,,31,,,-23.6552405,-46.762154499999994,,,,1,2023-06-17T17:58:49+00:00
SAO_6805-10,São Paulo,3550308,True,,31,,,-23.643883,-46.7336615,,,,1,2023-06-17T17:58:45+00:00
SAO_5024-31,São Paulo,3550308,True,,1123,,,-23.6913455,-46.676970499999996,,,,1,2023-06-17T17:58:59+00:00
SAO_2451-10,São Paulo,3550308,True,,32981,,,-23.516976999999997,-46.489253000000005,,,,2,2023-06-17T17:58:33+00:00
SAO_2451-10,São Paulo,3550308,True,,32981,,,-23.52324325,-46.54482,,,,2,2023-06-17T17:59:13+00:00
SAO_1767-10,São Paulo,3550308,True,,33396,,,-23.4735285,-46.5655225,,,,2,2023-06-17T17:58:42+00:00
SAO_1767-10,São Paulo,3550308,True,,33396,,,-23.4736435,-46.565765999999996,,,,2,2023-06-17T17:59:09+00:00
SAO_1767-10,São Paulo,3550308,True,,33396,,,-23.476336,-46.5952705,,,,2,2023-06-17T17:58:51+00:00
SAO_1767-10,São Paulo,3550308,True,,33396,,,-23.4735285,-46.5655225,,,,2,2023-06-17T17:59:05+00:00
SAO_6803-10,São Paulo,3550308,True,BR7 Mobilidade,29,https://moovitapp.com/index/pt-br/transporte_p%C3%BAblico-line-29-Sao_Paulo-242-851856-500111-0,5.75,-23.659364500000002,-46.743022499999995,,,,1,2023-06-17T17:59:11+00:00
SAO_2716-10,São Paulo,3550308,True,,33697,,,-23.508369000000002,-46.5314175,,,,2,2023-06-17T17:58:33+00:00
SAO_2716-10,São Paulo,3550308,True,,33697,,,-23.522164,-46.53876775,,,,2,2023-06-17T17:58:32+00:00
SAO_4051-10,São Paulo,3550308,True,,34912,,,-23.561855,-46.4014265,,,,2,2023-06-17T17:57:50+00:00
SAO_4051-10,São Paulo,3550308,True,,34912,,,-23.562855,-46.401430749999996,,,,2,2023-06-17T17:59:03+00:00
SAO_4051-10,São Paulo,3550308,True,,34912,,,-23.5618325,-46.4012755,,,,2,2023-06-17T17:57:45+00:00
SAO_4718-10,São Paulo,3550308,True,EMTU,336,https://moovitapp.com/index/pt-br/transporte_p%C3%BAblico-line-336-Sao_Paulo-242-2038937-36419421-0,4.8,-23.601335499999998,-46.634947499999996,,,,1,2023-06-17T17:58:41+00:00
SAO_607A-10,São Paulo,3550308,True,,34907,,,-23.663089499999998,-46.707156499999996,,,,2,2023-06-17T17:58:14+00:00
SAO_607A-10,São Paulo,3550308,True,,34907,,,-23.6932335,-46.658049,,,,2,2023-06-17T17:58:39+00:00
SAO_607A-10,São Paulo,3550308,True,,34907,,,-23.70361625,-46.6500595,,,,2,2023-06-17T17:57:17+00:00
SAO_7458-10,São Paulo,3550308,True,,33264,,,-23.5817465,-46.7893335,,,,2,2023-06-17T17:58:41+00:00
SAO_7458-10,São Paulo,3550308,True,,33264,,,-23.592567625,-46.73500212500001,,,,2,2023-06-17T17:59:18+00:00
SAO_6053-10,São Paulo,3550308,True,,33913,,,-23.76223825,-46.67615075,,,,2,2023-06-17T17:58:56+00:00
SAO_7267-10,São Paulo,3550308,True,,34195,,,-23.53661,-46.6775025,,,,2,2023-06-17T17:58:46+00:00
SAO_7267-10,São Paulo,3550308,True,,34195,,,-23.55246,-46.67460725,,,,2,2023-06-17T17:59:06+00:00
SAO_9354-10,São Paulo,3550308,True,,708,,,-23.4817745,-46.655383,,,,1,2023-06-17T17:59:14+00:00
SAO_9354-10,São Paulo,3550308,True,,708,,,-23.49597875,-46.64640825,,,,1,2023-06-17T17:54:01+00:00
SAO_9354-10,São Paulo,3550308,True,,708,,,-23.53906225,-46.640638,,,,1,2023-06-17T17:59:10+00:00
SAO_8215-10,São Paulo,3550308,True,,33342,,,-23.461624,-46.7081955,,,,2,2023-06-17T17:59:03+00:00
SAO_8215-10,São Paulo,3550308,True,,33342,,,-23.510385,-46.673281625,,,,2,2023-06-17T17:59:08+00:00
SAO_8215-10,São Paulo,3550308,True,,33342,,,-23.494981,-46.6975975,,,,2,2023-06-17T17:58:11+00:00
SAO_271F-10,São Paulo,3550308,True,,33451,,,-23.5174605,-46.6164065,,,,2,2023-06-17T17:58:32+00:00
SAO_271F-10,São Paulo,3550308,True,,33451,,,-23.530674750000003,-46.615444249999996,,,,2,2023-06-17T17:58:37+00:00
SAO_271F-10,São Paulo,3550308,True,,33451,,,-23.5160025,-46.611976999999996,,,,2,2023-06-17T17:59:12+00:00
SAO_4111-10,São Paulo,3550308,True,Cidade de Caieiras,320,https://moovitapp.com/index/pt-br/transporte_p%C3%BAblico-line-320-Sao_Paulo-242-868761-752903-0,5.0,-23.564082499999998,-46.620993999999996,,,,1,2023-06-17T17:58:38+00:00
SAO_271C-10,São Paulo,3550308,True,,33450,,,-23.5261585,-46.629774,,,,2,2023-06-17T17:58:56+00:00
SAO_271C-10,São Paulo,3550308,True,,33450,,,-23.523229999999998,-46.583715,,,,2,2023-06-17T17:59:06+00:00
SAO_271C-10,São Paulo,3550308,True,,33450,,,-23.523229999999998,-46.583715,,,,2,2023-06-17T17:59:03+00:00
SAO_172Y-10,São Paulo,3550308,True,,862,,,-23.518577,-46.58996512499999,,,,1,2023-06-17T17:56:44+00:00
SAO_172Y-10,São Paulo,3550308,True,,862,,,-23.474249,-46.580423499999995,,,,1,2023-06-17T17:56:42+00:00
SAO_172Y-10,São Paulo,3550308,True,,862,,,-23.4877835,-46.582933,,,,1,2023-06-17T17:58:45+00:00
SAO_272N-10,São Paulo,3550308,True,,705,,,-23.514365875000003,-46.586659625,,,,1,2023-06-17T17:59:14+00:00
SAO_4032-10,São Paulo,3550308,True,,1102,,,-23.6227265,-46.613021,,,,1,2023-06-17T17:58:57+00:00
SAO_4032-10,São Paulo,3550308,True,,1102,,,-23.606096,-46.648861,,,,1,2023-06-17T17:58:51+00:00
SAO_3725-10,São Paulo,3550308,True,,33790,,,-23.533086,-46.530659,,,,2,2023-06-17T17:59:14+00:00
SAO_3725-10,São Paulo,3550308,True,,33790,,,-23.548524999999998,-46.5192565,,,,2,2023-06-17T17:57:20+00:00
SAO_847J-10,São Paulo,3550308,True,,1342,,,-23.476392,-46.7231345,,,,1,2023-06-17T17:58:42+00:00
SAO_1778-10,São Paulo,3550308,True,,1789,,,-23.4567765,-46.589734,,,,1,2023-06-17T17:59:16+00:00
SAO_2711-10,São Paulo,3550308,True,,33693,,,-23.51266,-46.4940605,,,,2,2023-06-17T17:59:11+00:00
SAO_2711-10,São Paulo,3550308,True,,33693,,,-23.514456000000003,-46.48103125,,,,2,2023-06-17T17:59:05+00:00
SAO_312N-10,São Paulo,3550308,True,,990,,,-23.559385,-46.4041045,,,,1,2023-06-17T17:58:44+00:00
SAO_312N-10,São Paulo,3550308,True,,990,,,-23.56411225,-46.409397500000004,,,,1,2023-06-17T17:59:13+00:00
SAO_312N-10,São Paulo,3550308,True,,990,,,-23.540014,-46.408364500000005,,,,1,2023-06-17T17:59:09+00:00
SAO_312N-10,São Paulo,3550308,True,,990,,,-23.522366499999997,-46.39963399999999,,,,1,2023-06-17T17:58:45+00:00
SAO_312N-10,São Paulo,3550308,True,,990,,,-23.4910945,-46.441233999999994,,,,1,2023-06-17T17:59:09+00:00
SAO_312N-10,São Paulo,3550308,True,,990,,,-23.5200605,-46.4011835,,,,1,2023-06-17T17:58:48+00:00
SAO_8025-10,São Paulo,3550308,True,,2076,,,-23.5853465,-46.738911,,,,1,2023-06-17T17:59:11+00:00
SAO_8025-10,São Paulo,3550308,True,,2076,,,-23.5900615,-46.770019500000004,,,,1,2023-06-17T17:58:44+00:00
SAO_8055-10,São Paulo,3550308,True,,414,,,-23.404943000000003,-46.743956749999995,,,,1,2023-06-17T17:58:58+00:00
SAO_8055-10,São Paulo,3550308,True,,414,,,-23.476867,-46.770472,,,,1,2023-06-17T17:58:54+00:00
SAO_6820-10,São Paulo,3550308,True,BR7 Mobilidade,19,https://moovitapp.com/index/pt-br/transporte_p%C3%BAblico-line-19-Sao_Paulo-242-851856-516833-0,5.75,-23.660479000000002,-46.777412,,,,1,2023-06-17T17:58:41+00:00
SAO_7062-31,São Paulo,3550308,True,,34682,,,-23.6365825,-46.7782305,,,,2,2023-06-17T17:58:34+00:00
SAO_7062-31,São Paulo,3550308,True,,34682,,,-23.6463475,-46.7730035,,,,2,2023-06-17T17:59:06+00:00
SAO_7011-10,São Paulo,3550308,True,,1952,,,-23.677487,-46.761376,,,,1,2023-06-17T17:59:09+00:00
SAO_7011-10,São Paulo,3550308,True,,1952,,,-23.6938945,-46.785349499999995,,,,1,2023-06-17T17:58:34+00:00
SAO_809N-10,São Paulo,3550308,True,,35012,,,-23.5387785,-46.7273835,,,,2,2023-06-17T17:58:59+00:00
SAO_6120-10,São Paulo,3550308,True,,33957,,,-23.76019175,-46.677102749999996,,,,2,2023-06-17T17:58:49+00:00
SAO_6120-10,São Paulo,3550308,True,,33957,,,-23.736897499999998,-46.69694,,,,2,2023-06-17T17:59:04+00:00
SAO_6813-10,São Paulo,3550308,True,BR7 Mobilidade,33,https://moovitapp.com/index/pt-br/transporte_p%C3%BAblico-line-33-Sao_Paulo-242-851856-529134-0,5.75,-23.654044,-46.7630505,,,,1,2023-06-17T17:59:03+00:00
SAO_4729-10,São Paulo,3550308,True,,1108,,,-23.57360975,-46.56469475,,,,1,2023-06-17T17:59:02+00:00
SAO_4729-10,São Paulo,3550308,True,,1108,,,-23.597140250000002,-46.51444175,,,,1,2023-06-17T17:59:07+00:00
SAO_677V-10,São Paulo,3550308,True,EMTU,112,https://moovitapp.com/index/pt-br/transporte_p%C3%BAblico-line-112-Sao_Paulo-242-2038937-36419272-0,5.7,-23.734155,-46.6945605,,,,1,2023-06-17T17:58:38+00:00
SAO_677V-10,São Paulo,3550308,True,EMTU,112,https://moovitapp.com/index/pt-br/transporte_p%C3%BAblico-line-112-Sao_Paulo-242-2038937-36419272-0,5.7,-23.7429865,-46.706905500000005,,,,1,2023-06-17T17:58:53+00:00
SAO_677V-10,São Paulo,3550308,True,EMTU,112,https://moovitapp.com/index/pt-br/transporte_p%C3%BAblico-line-112-Sao_Paulo-242-2038937-36419272-0,5.7,-23.724494999999997,-46.7047885,,,,1,2023-06-17T17:58:52+00:00
SAO_6812-10,São Paulo,3550308,True,,1242,,,-23.669539,-46.7358925,,,,1,2023-06-17T17:58:40+00:00
SAO_2766-10,São Paulo,3550308,True,EMTU,405,https://moovitapp.com/index/pt-br/transporte_p%C3%BAblico-line-405-Sao_Paulo-242-2038937-36419467-0,5.35,-23.5425775,-46.4719335,,,,1,2023-06-17T17:58:36+00:00
SAO_6L08-10,São Paulo,3550308,True,,33950,,,-23.825081,-46.708471,,,,2,2023-06-17T17:58:59+00:00
SAO_3462-10,São Paulo,3550308,True,,33015,,,-23.523005,-46.5144485,,,,2,2023-06-17T17:59:07+00:00
SAO_3462-10,São Paulo,3550308,True,,33015,,,-23.5240775,-46.50899,,,,2,2023-06-17T17:53:37+00:00
SAO_8055-51,São Paulo,3550308,True,,33185,,,-23.408178,-46.7411865,,,,2,2023-06-17T17:58:50+00:00
SAO_8055-51,São Paulo,3550308,True,,33185,,,-23.407459000000003,-46.758563249999995,,,,2,2023-06-17T17:58:50+00:00
SAO_508L-10,São Paulo,3550308,True,EMTU,117,https://moovitapp.com/index/pt-br/transporte_p%C3%BAblico-line-117-Sao_Paulo-242-2038937-36419277-0,4.8,-23.571849,-46.64370825,,,,1,2023-06-17T17:58:59+00:00
SAO_508L-10,São Paulo,3550308,True,EMTU,117,https://moovitapp.com/index/pt-br/transporte_p%C3%BAblico-line-117-Sao_Paulo-242-2038937-36419277-0,4.8,-23.534772,-46.644349,,,,1,2023-06-17T17:59:16+00:00
SAO_508L-10,São Paulo,3550308,True,EMTU,117,https://moovitapp.com/index/pt-br/transporte_p%C3%BAblico-line-117-Sao_Paulo-242-2038937-36419277-0,4.8,-23.540080000000003,-46.6552945,,,,1,2023-06-17T17:58:47+00:00
SAO_4111-10,São Paulo,3550308,True,,33088,,,-23.5716855,-46.6135905,,,,2,2023-06-17T17:58:33+00:00
SAO_4111-10,São Paulo,3550308,True,,33088,,,-23.552137000000002,-46.634062,,,,2,2023-06-17T17:59:03+00:00
SAO_5091-10,São Paulo,3550308,True,,34291,,,-23.68224575,-46.6769735,,,,2,2023-06-17T17:59:02+00:00
SAO_5091-10,São Paulo,3550308,True,,34291,,,-23.6676795,-46.636367,,,,2,2023-06-17T17:58:02+00:00
SAO_5091-10,São Paulo,3550308,True,,34291,,,-23.691687375,-46.6440985,,,,2,2023-06-17T17:59:14+00:00
SAO_8700-1,São Paulo,3550308,True,,2508,,,-23.5567645,-46.665305000000004,,,,1,2023-06-17T17:59:06+00:00
SAO_8700-1,São Paulo,3550308,True,,2508,,,-23.599027,-46.741259,,,,1,2023-06-17T17:58:45+00:00
SAO_971M-10,São Paulo,3550308,True,,612,,,-23.478508499999997,-46.632876249999995,,,,1,2023-06-17T17:58:33+00:00
SAO_971M-10,São Paulo,3550308,True,,612,,,-23.482331000000002,-46.687046,,,,1,2023-06-17T17:58:39+00:00
SAO_971M-10,São Paulo,3550308,True,,612,,,-23.4819315,-46.655193,,,,1,2023-06-17T17:58:34+00:00
SAO_971M-10,São Paulo,3550308,True,,612,,,-23.473550250000002,-46.670976249999995,,,,1,2023-06-17T17:58:48+00:00
SAO_971M-10,São Paulo,3550308,True,,612,,,-23.4988015,-46.6265425,,,,1,2023-06-17T17:58:40+00:00
SAO_5194-21,São Paulo,3550308,True,,2095,,,-23.689685500000003,-46.6727755,,,,1,2023-06-17T17:58:31+00:00
SAO_5194-21,São Paulo,3550308,True,,2095,,,-23.6971935,-46.649187,,,,1,2023-06-17T17:56:31+00:00
SAO_6115-10,São Paulo,3550308,True,,33953,,,-23.755181625,-46.671980624999996,,,,2,2023-06-17T17:58:58+00:00
SAO_6115-10,São Paulo,3550308,True,,33953,,,-23.741635000000002,-46.6917615,,,,2,2023-06-17T17:58:56+00:00
SAO_6115-10,São Paulo,3550308,True,,33953,,,-23.742746,-46.6587425,,,,2,2023-06-17T17:59:13+00:00
SAO_6115-10,São Paulo,3550308,True,,33953,,,-23.744211749999998,-46.664820750000004,,,,2,2023-06-17T17:59:14+00:00
SAO_1759-10,São Paulo,3550308,True,,553,,,-23.4620415,-46.659859,,,,1,2023-06-17T17:58:55+00:00
SAO_1759-10,São Paulo,3550308,True,,553,,,-23.478038499999997,-46.6325515,,,,1,2023-06-17T17:59:11+00:00
SAO_1759-10,São Paulo,3550308,True,,553,,,-23.5026995,-46.624219,,,,1,2023-06-17T17:58:33+00:00
SAO_1759-10,São Paulo,3550308,True,,553,,,-23.4662625,-46.6319465,,,,1,2023-06-17T17:59:00+00:00
SAO_805L-10,São Paulo,3550308,True,,32892,,,-23.534046500000002,-46.64469425,,,,2,2023-06-17T17:58:45+00:00
SAO_805L-10,São Paulo,3550308,True,,32892,,,-23.565940499999996,-46.6509805,,,,2,2023-06-17T17:58:56+00:00
SAO_805L-10,São Paulo,3550308,True,,32892,,,-23.535300999999997,-46.64457,,,,2,2023-06-17T17:58:42+00:00
SAO_6824-10,São Paulo,3550308,True,BR7 Mobilidade,23,https://moovitapp.com/index/pt-br/transporte_p%C3%BAblico-line-23-Sao_Paulo-242-851856-518590-0,5.75,-23.66175,-46.778977,,,,1,2023-06-17T17:59:14+00:00
SAO_6836-10,São Paulo,3550308,True,,32781,,,-23.6531165,-46.740077,,,,2,2023-06-17T17:59:15+00:00
SAO_6836-10,São Paulo,3550308,True,,32781,,,-23.683948,-46.7815925,,,,2,2023-06-17T17:58:56+00:00
SAO_5129-41,São Paulo,3550308,True,,1974,,,-23.6571954375,-46.6958015,,,,1,2023-06-17T17:59:01+00:00
SAO_4004-10,São Paulo,3550308,True,,2178,,,-23.5833935,-46.4076395,,,,1,2023-06-17T17:56:17+00:00
SAO_4004-10,São Paulo,3550308,True,,2178,,,-23.5920095,-46.39401775,,,,1,2023-06-17T17:59:00+00:00
SAO_4004-10,São Paulo,3550308,True,,2178,,,-23.583408499999997,-46.4075835,,,,1,2023-06-17T17:58:33+00:00
SAO_8075-21,São Paulo,3550308,True,,35305,,,-23.606322000000002,-46.748422250000004,,,,2,2023-06-17T17:58:56+00:00
SAO_8075-21,São Paulo,3550308,True,,35305,,,-23.631508,-46.7726,,,,2,2023-06-17T17:58:39+00:00
SAO_8075-21,São Paulo,3550308,True,,35305,,,-23.6313825,-46.77286,,,,2,2023-06-17T17:58:46+00:00
SAO_8075-21,São Paulo,3550308,True,,35305,,,-23.631258,-46.773112999999995,,,,2,2023-06-17T17:58:48+00:00
SAO_2762-10,São Paulo,3550308,True,,144,,,-23.495269,-46.497088000000005,,,,1,2023-06-17T17:50:55+00:00
SAO_2762-10,São Paulo,3550308,True,,144,,,-23.529491999999998,-46.553540999999996,,,,1,2023-06-17T17:59:11+00:00
SAO_748A-10,São Paulo,3550308,True,EMTU,498,https://moovitapp.com/index/pt-br/transporte_p%C3%BAblico-line-498-Sao_Paulo-242-2038937-36419523-0,5.4,-23.549901937500003,-46.7388568125,,,,1,2023-06-17T17:59:14+00:00
SAO_748A-10,São Paulo,3550308,True,EMTU,498,https://moovitapp.com/index/pt-br/transporte_p%C3%BAblico-line-498-Sao_Paulo-242-2038937-36419523-0,5.4,-23.573436,-46.777516,,,,1,2023-06-17T17:58:58+00:00
SAO_9002-10,São Paulo,3550308,True,,33638,,,-23.464143749999998,-46.66763475,,,,2,2023-06-17T17:58:32+00:00
SAO_9002-10,São Paulo,3550308,True,,33638,,,-23.458032000000003,-46.671023,,,,2,2023-06-17T17:58:58+00:00
SAO_9002-10,São Paulo,3550308,True,,33638,,,-23.458032000000003,-46.671023,,,,2,2023-06-17T17:58:34+00:00
SAO_9002-10,São Paulo,3550308,True,,33638,,,-23.45437475,-46.668664500000006,,,,2,2023-06-17T17:58:58+00:00
SAO_938V-10,São Paulo,3550308,True,STT,813,https://moovitapp.com/index/pt-br/transporte_p%C3%BAblico-line-813-Sao_Paulo-242-850661-183360-0,5.3,-23.4541855,-46.675418,,,,1,2023-06-17T17:58:57+00:00
SAO_938V-10,São Paulo,3550308,True,STT,813,https://moovitapp.com/index/pt-br/transporte_p%C3%BAblico-line-813-Sao_Paulo-242-850661-183360-0,5.3,-23.530187625000003,-46.6816805,,,,1,2023-06-17T17:58:32+00:00
SAO_938V-10,São Paulo,3550308,True,STT,813,https://moovitapp.com/index/pt-br/transporte_p%C3%BAblico-line-813-Sao_Paulo-242-850661-183360-0,5.3,-23.5049275,-46.689317,,,,1,2023-06-17T17:58:58+00:00
SAO_938V-10,São Paulo,3550308,True,STT,813,https://moovitapp.com/index/pt-br/transporte_p%C3%BAblico-line-813-Sao_Paulo-242-850661-183360-0,5.3,-23.4863115,-46.692451500000004,,,,1,2023-06-17T17:59:01+00:00
SAO_7011-31,São Paulo,3550308,True,,1954,,,-23.7083255,-46.7920035,,,,1,2023-06-17T17:58:33+00:00
SAO_7011-31,São Paulo,3550308,True,,1954,,,-23.68714725,-46.77138625,,,,1,2023-06-17T17:59:09+00:00
SAO_2006-10,São Paulo,3550308,True,,895,,,-23.50453625,-46.3667135,,,,1,2023-06-17T17:56:57+00:00
SAO_2006-10,São Paulo,3550308,True,,895,,,-23.488076999999997,-46.3817875,,,,1,2023-06-17T17:59:01+00:00
SAO_2006-10,São Paulo,3550308,True,,895,,,-23.4941615,-46.400386,,,,1,2023-06-17T17:57:27+00:00
SAO_2006-10,São Paulo,3550308,True,,895,,,-23.491450999999998,-46.386998,,,,1,2023-06-17T17:58:10+00:00
SAO_7458-10,São Paulo,3550308,True,EMTU,496,https://moovitapp.com/index/pt-br/transporte_p%C3%BAblico-line-496-Sao_Paulo-242-2038937-36419521-0,5.4,-23.585059,-46.745138,,,,1,2023-06-17T17:58:51+00:00
SAO_7458-10,São Paulo,3550308,True,EMTU,496,https://moovitapp.com/index/pt-br/transporte_p%C3%BAblico-line-496-Sao_Paulo-242-2038937-36419521-0,5.4,-23.579507,-46.792781500000004,,,,1,2023-06-17T17:58:49+00:00
SAO_6L05-10,São Paulo,3550308,True,,33941,,,-23.846876,-46.715995500000005,,,,2,2023-06-17T17:57:01+00:00
SAO_509M-10,São Paulo,3550308,True,,1277,,,-23.676444,-46.6418475,,,,1,2023-06-17T17:58:36+00:00
SAO_509M-10,São Paulo,3550308,True,,1277,,,-23.540213,-46.63380175,,,,1,2023-06-17T17:58:42+00:00
SAO_509M-10,São Paulo,3550308,True,,1277,,,-23.6071845,-46.665484,,,,1,2023-06-17T17:58:59+00:00
SAO_2032-10,São Paulo,3550308,True,,2266,,,-23.4842545,-46.573038499999996,,,,1,2023-06-17T17:58:51+00:00
SAO_8026-10,São Paulo,3550308,True,,2083,,,-23.614442000000004,-46.74095975,,,,1,2023-06-17T17:59:04+00:00
SAO_8026-10,São Paulo,3550308,True,,2083,,,-23.59181125,-46.73579,,,,1,2023-06-17T17:58:56+00:00
SAO_3796-10,São Paulo,3550308,True,,1074,,,-23.5498035,-46.4621065,,,,1,2023-06-17T17:59:11+00:00
SAO_3796-10,São Paulo,3550308,True,,1074,,,-23.5881005,-46.4466185,,,,1,2023-06-17T17:58:44+00:00
SAO_3796-10,São Paulo,3550308,True,,1074,,,-23.583665,-46.4487295,,,,1,2023-06-17T17:54:06+00:00
SAO_1787-10,São Paulo,3550308,True,,650,,,-23.4927415,-46.62547,,,,1,2023-06-17T17:58:45+00:00
SAO_2127-10,São Paulo,3550308,True,,693,,,-23.515682499999997,-46.6071485,,,,1,2023-06-17T17:58:35+00:00
SAO_2127-10,São Paulo,3550308,True,,693,,,-23.4815795,-46.571271,,,,1,2023-06-17T17:58:58+00:00
SAO_2127-10,São Paulo,3550308,True,,693,,,-23.554126250000003,-46.635248,,,,1,2023-06-17T17:59:09+00:00
SAO_2127-10,São Paulo,3550308,True,,693,,,-23.535790249999998,-46.618985499999994,,,,1,2023-06-17T17:55:13+00:00
SAO_771P-10,São Paulo,3550308,True,EMTU,506,https://moovitapp.com/index/pt-br/transporte_p%C3%BAblico-line-506-Sao_Paulo-242-2038937-36419528-0,5.65,-23.5725605,-46.704529,,,,1,2023-06-17T17:59:12+00:00
SAO_771P-10,São Paulo,3550308,True,EMTU,506,https://moovitapp.com/index/pt-br/transporte_p%C3%BAblico-line-506-Sao_Paulo-242-2038937-36419528-0,5.65,-23.602749,-46.795367,,,,1,2023-06-17T17:58:43+00:00
SAO_139A-10,São Paulo,3550308,True,,35219,,,-23.486026000000003,-46.710671500000004,,,,2,2023-06-17T17:59:07+00:00
SAO_139A-10,São Paulo,3550308,True,,35219,,,-23.485765,-46.703143,,,,2,2023-06-17T17:58:52+00:00
SAO_513C-10,São Paulo,3550308,True,,2535,,,-23.5955875,-46.524572000000006,,,,1,2023-06-17T17:59:05+00:00
SAO_3019-10,São Paulo,3550308,True,,33725,,,-23.582958499999997,-46.408029,,,,2,2023-06-17T17:59:15+00:00
SAO_1021-10,São Paulo,3550308,True,EMTU,833,https://moovitapp.com/index/pt-br/transporte_p%C3%BAblico-line-833-Sao_Paulo-242-2038937-36419599-0,5.4,-23.451526,-46.71373,,,,1,2023-06-17T17:59:05+00:00
SAO_4006-10,São Paulo,3550308,True,,2180,,,-23.602890000000002,-46.43807825,,,,1,2023-06-17T17:58:51+00:00
SAO_9090-10,São Paulo,3550308,True,,33652,,,-23.4832685,-46.670148,,,,2,2023-06-17T17:59:00+00:00
SAO_9090-10,São Paulo,3550308,True,,33652,,,-23.462843874999997,-46.676674625000004,,,,2,2023-06-17T17:59:05+00:00
SAO_809R-10,São Paulo,3550308,True,,2067,,,-23.578390249999998,-46.76158075,,,,1,2023-06-17T17:58:40+00:00
SAO_211L-10,São Paulo,3550308,True,,35033,,,-23.490231,-46.6755455,,,,2,2023-06-17T17:58:37+00:00
SAO_211L-10,São Paulo,3550308,True,,35033,,,-23.4825085,-46.630541,,,,2,2023-06-17T17:58:35+00:00
SAO_4725-10,São Paulo,3550308,True,,338,,,-23.6151055,-46.617372,,,,1,2023-06-17T17:59:12+00:00
SAO_3139-10,São Paulo,3550308,True,,995,,,-23.5699055,-46.5406025,,,,1,2023-06-17T17:59:12+00:00
SAO_6821-10,São Paulo,3550308,True,BR7 Mobilidade,21,https://moovitapp.com/index/pt-br/transporte_p%C3%BAblico-line-21-Sao_Paulo-242-851856-707765-0,5.75,-23.6616725,-46.768751,,,,1,2023-06-17T17:59:08+00:00
SAO_6821-10,São Paulo,3550308,True,BR7 Mobilidade,21,https://moovitapp.com/index/pt-br/transporte_p%C3%BAblico-line-21-Sao_Paulo-242-851856-707765-0,5.75,-23.654274,-46.7625595,,,,1,2023-06-17T17:59:00+00:00
SAO_938C-10,São Paulo,3550308,True,,33354,,,-23.531844,-46.660304749999995,,,,2,2023-06-17T17:58:47+00:00
SAO_938C-10,São Paulo,3550308,True,,33354,,,-23.4435605,-46.7129695,,,,2,2023-06-17T17:58:50+00:00
SAO_938C-10,São Paulo,3550308,True,,33354,,,-23.465842000000002,-46.722174499999994,,,,2,2023-06-17T17:59:09+00:00
SAO_2713-10,São Paulo,3550308,True,,32988,,,-23.533479,-46.545751499999994,,,,2,2023-06-17T17:58:35+00:00
SAO_2722-31,São Paulo,3550308,True,,33704,,,-23.5287615,-46.516549499999996,,,,2,2023-06-17T17:58:50+00:00
SAO_2722-31,São Paulo,3550308,True,,33704,,,-23.491521249999998,-46.49028225,,,,2,2023-06-17T17:57:04+00:00
SAO_2722-31,São Paulo,3550308,True,,33704,,,-23.486069,-46.502661,,,,2,2023-06-17T17:58:44+00:00
SAO_809R-10,São Paulo,3550308,True,,34835,,,-23.5661625,-46.701485500000004,,,,2,2023-06-17T17:59:01+00:00
SAO_809R-10,São Paulo,3550308,True,,34835,,,-23.57371,-46.733017000000004,,,,2,2023-06-17T17:58:52+00:00
SAO_3051-10,São Paulo,3550308,True,,2446,,,-23.49773125,-46.4761355625,,,,1,2023-06-17T17:58:36+00:00
SAO_5029-10,São Paulo,3550308,True,,1672,,,-23.622508500000002,-46.585417,,,,1,2023-06-17T17:59:07+00:00
SAO_271P-10,São Paulo,3550308,True,,704,,,-23.510826,-46.5425445,,,,1,2023-06-17T17:57:49+00:00
SAO_271P-10,São Paulo,3550308,True,,704,,,-23.525437,-46.618519,,,,1,2023-06-17T17:58:34+00:00
SAO_2780-10,São Paulo,3550308,True,,33167,,,-23.5083085,-46.372563,,,,2,2023-06-17T17:59:05+00:00
SAO_2780-10,São Paulo,3550308,True,,33167,,,-23.5082065,-46.372476,,,,2,2023-06-17T17:59:07+00:00
SAO_2780-10,São Paulo,3550308,True,,33167,,,-23.508565,-46.3726665,,,,2,2023-06-17T17:58:51+00:00
SAO_6806-10,São Paulo,3550308,True,,32800,,,-23.6411615,-46.745121999999995,,,,2,2023-06-17T17:58:35+00:00
SAO_6806-10,São Paulo,3550308,True,,32800,,,-23.634156,-46.757954,,,,2,2023-06-17T17:58:54+00:00
SAO_574A-21,São Paulo,3550308,True,,34458,,,-23.6276635,-46.6432605,,,,2,2023-06-17T17:59:00+00:00
SAO_6003-21,São Paulo,3550308,True,,2576,,,-23.755461,-46.7097945,,,,1,2023-06-17T17:58:58+00:00
SAO_3903-10,São Paulo,3550308,True,,34239,,,-23.5323245,-46.486216999999996,,,,2,2023-06-17T17:57:28+00:00
SAO_3903-10,São Paulo,3550308,True,,34239,,,-23.5214465,-46.4572275,,,,2,2023-06-17T17:58:41+00:00
SAO_8548-10,São Paulo,3550308,True,EMTU,578,https://moovitapp.com/index/pt-br/transporte_p%C3%BAblico-line-578-Sao_Paulo-242-2038937-36419568-0,5.4,-23.500093874999997,-46.69436962499999,,,,1,2023-06-17T17:58:58+00:00
SAO_4732-31,São Paulo,3550308,True,,2127,,,-23.629752000000003,-46.604234874999996,,,,1,2023-06-17T17:58:50+00:00
SAO_4732-31,São Paulo,3550308,True,,2127,,,-23.61897725,-46.637902249999996,,,,1,2023-06-17T17:58:38+00:00
SAO_775P-10,São Paulo,3550308,True,EMTU,507,https://moovitapp.com/index/pt-br/transporte_p%C3%BAblico-line-507-Sao_Paulo-242-2038937-36419529-0,5.65,-23.582939500000002,-46.7141125,,,,1,2023-06-17T17:59:09+00:00
SAO_6806-10,São Paulo,3550308,True,BR7 Mobilidade,32,https://moovitapp.com/index/pt-br/transporte_p%C3%BAblico-line-32-Sao_Paulo-242-851856-586488-0,5.75,-23.6440135,-46.734696,,,,1,2023-06-17T17:59:02+00:00
SAO_3795-10,São Paulo,3550308,True,,33841,,,-23.557353499999998,-46.4103125,,,,2,2023-06-17T17:58:49+00:00
SAO_8065-10,São Paulo,3550308,True,EMTU,421,https://moovitapp.com/index/pt-br/transporte_p%C3%BAblico-line-421-Sao_Paulo-242-2038937-36419478-0,5.2,-23.488273,-46.7322395,,,,1,2023-06-17T17:59:05+00:00
SAO_2435-10,São Paulo,3550308,True,Cidade de Caieiras,210,https://moovitapp.com/index/pt-br/transporte_p%C3%BAblico-line-210-Sao_Paulo-242-868761-496408-0,5.0,-23.530656,-46.4955115,,,,1,2023-06-17T17:55:52+00:00
SAO_372F-10,São Paulo,3550308,True,,33783,,,-23.551867,-46.599465,,,,2,2023-06-17T17:58:52+00:00
SAO_372F-10,São Paulo,3550308,True,,33783,,,-23.552103000000002,-46.598889,,,,2,2023-06-17T17:58:35+00:00
SAO_3024-10,São Paulo,3550308,True,EMTU,277,https://moovitapp.com/index/pt-br/transporte_p%C3%BAblico-line-277-Sao_Paulo-242-2038937-36419380-0,8.15,-23.5844595,-46.5833285,,,,1,2023-06-17T17:59:04+00:00
SAO_3024-10,São Paulo,3550308,True,EMTU,277,https://moovitapp.com/index/pt-br/transporte_p%C3%BAblico-line-277-Sao_Paulo-242-2038937-36419380-0,8.15,-23.608881,-46.533136,,,,1,2023-06-17T17:58:48+00:00
SAO_2010-10,São Paulo,3550308,True,,2104,,,-23.481050500000002,-46.562782,,,,1,2023-06-17T17:56:07+00:00
SAO_2010-10,São Paulo,3550308,True,,2104,,,-23.490735,-46.5960445,,,,1,2023-06-17T17:58:46+00:00
SAO_2522-10,São Paulo,3550308,True,Cidade de Caieiras,140,https://moovitapp.com/index/pt-br/transporte_p%C3%BAblico-line-140-Sao_Paulo-242-868761-496401-0,5.0,-23.5161545,-46.4327555,,,,1,2023-06-17T17:58:05+00:00
SAO_4013-10,São Paulo,3550308,True,,34954,,,-23.62320825,-46.446789249999995,,,,2,2023-06-17T17:58:44+00:00
SAO_4013-10,São Paulo,3550308,True,,34954,,,-23.635369500000003,-46.445468500000004,,,,2,2023-06-17T17:58:52+00:00
SAO_4013-10,São Paulo,3550308,True,,34954,,,-23.6349765,-46.443518499999996,,,,2,2023-06-17T17:59:06+00:00
SAO_7062-10,São Paulo,3550308,True,,34666,,,-23.640061000000003,-46.766554,,,,2,2023-06-17T17:59:05+00:00
SAO_477A-10,São Paulo,3550308,True,,33114,,,-23.580652375,-46.639004375,,,,2,2023-06-17T17:59:03+00:00
SAO_477A-10,São Paulo,3550308,True,,33114,,,-23.5671335,-46.616830500000006,,,,2,2023-06-17T17:59:06+00:00
SAO_524L-10,São Paulo,3550308,True,,34483,,,-23.59195,-46.5476825,,,,2,2023-06-17T17:58:57+00:00
SAO_524L-10,São Paulo,3550308,True,,34483,,,-23.598761,-46.5339095,,,,2,2023-06-17T17:59:16+00:00
SAO_524L-10,São Paulo,3550308,True,,34483,,,-23.541379,-46.574191,,,,2,2023-06-17T17:58:44+00:00
SAO_119C-10,São Paulo,3550308,True,,33429,,,-23.4786885,-46.5694165,,,,2,2023-06-17T17:59:16+00:00
SAO_119C-10,São Paulo,3550308,True,,33429,,,-23.478727,-46.5693105,,,,2,2023-06-17T17:58:59+00:00
SAO_5024-10,São Paulo,3550308,True,,33890,,,-23.6667895,-46.69017375,,,,2,2023-06-17T17:58:33+00:00
SAO_5024-10,São Paulo,3550308,True,,33890,,,-23.681588249999997,-46.663475,,,,2,2023-06-17T17:58:47+00:00
SAO_5024-10,São Paulo,3550308,True,,33890,,,-23.689408999999998,-46.6492585,,,,2,2023-06-17T17:58:39+00:00
SAO_5024-10,São Paulo,3550308,True,,33890,,,-23.689080750000002,-46.64931275,,,,2,2023-06-17T17:59:03+00:00
SAO_609F-10,São Paulo,3550308,True,BR7 Mobilidade,37,https://moovitapp.com/index/pt-br/transporte_p%C3%BAblico-line-37-Sao_Paulo-242-851856-596010-0,5.75,-23.620607,-46.700401,,,,1,2023-06-17T17:59:17+00:00
SAO_609F-10,São Paulo,3550308,True,BR7 Mobilidade,37,https://moovitapp.com/index/pt-br/transporte_p%C3%BAblico-line-37-Sao_Paulo-242-851856-596010-0,5.75,-23.542248999999998,-46.640299999999996,,,,1,2023-06-17T17:58:43+00:00
SAO_609F-10,São Paulo,3550308,True,BR7 Mobilidade,37,https://moovitapp.com/index/pt-br/transporte_p%C3%BAblico-line-37-Sao_Paulo-242-851856-596010-0,5.75,-23.6680755,-46.748797,,,,1,2023-06-17T17:58:47+00:00
SAO_609F-10,São Paulo,3550308,True,BR7 Mobilidade,37,https://moovitapp.com/index/pt-br/transporte_p%C3%BAblico-line-37-Sao_Paulo-242-851856-596010-0,5.75,-23.663772,-46.753134,,,,1,2023-06-17T17:59:11+00:00
SAO_971T-10,São Paulo,3550308,True,,618,,,-23.493399,-46.6757375,,,,1,2023-06-17T17:58:41+00:00
SAO_971T-10,São Paulo,3550308,True,,618,,,-23.49615,-46.638271,,,,1,2023-06-17T17:58:52+00:00
SAO_971T-10,São Paulo,3550308,True,,618,,,-23.496491499999998,-46.637582,,,,1,2023-06-17T17:58:48+00:00
SAO_3734-10,São Paulo,3550308,True,,1034,,,-23.554643499999997,-46.480227,,,,1,2023-06-17T17:58:36+00:00
SAO_3734-10,São Paulo,3550308,True,,1034,,,-23.552729,-46.473189500000004,,,,1,2023-06-17T17:58:50+00:00
SAO_3737-31,São Paulo,3550308,True,,1354,,,-23.530606499999998,-46.51745699999999,,,,1,2023-06-17T17:58:51+00:00
SAO_5033-10,São Paulo,3550308,True,,34433,,,-23.597763999999998,-46.6063515,,,,2,2023-06-17T17:58:46+00:00
SAO_5033-10,São Paulo,3550308,True,,34433,,,-23.6334285,-46.614411000000004,,,,2,2023-06-17T17:58:43+00:00
SAO_5024-31,São Paulo,3550308,True,,33891,,,-23.689408999999998,-46.6492585,,,,2,2023-06-17T17:58:35+00:00
SAO_5024-31,São Paulo,3550308,True,,33891,,,-23.689080750000002,-46.64931275,,,,2,2023-06-17T17:59:13+00:00
SAO_5024-31,São Paulo,3550308,True,,33891,,,-23.659787,-46.697496,,,,2,2023-06-17T17:58:52+00:00
SAO_407R-10,São Paulo,3550308,True,,34969,,,-23.543033,-46.588872,,,,2,2023-06-17T17:58:46+00:00
SAO_407R-10,São Paulo,3550308,True,,34969,,,-23.56460175,-46.54666675,,,,2,2023-06-17T17:58:39+00:00
SAO_4284-10,São Paulo,3550308,True,,33057,,,-23.601928,-46.557066500000005,,,,2,2023-06-17T17:58:34+00:00
SAO_6821-10,São Paulo,3550308,True,,32789,,,-23.686324,-46.7810235,,,,2,2023-06-17T17:58:53+00:00
SAO_6821-10,São Paulo,3550308,True,,32789,,,-23.671858999999998,-46.7732835,,,,2,2023-06-17T17:59:05+00:00
SAO_4053-10,São Paulo,3550308,True,,34914,,,-23.5591695,-46.3996545,,,,2,2023-06-17T17:59:10+00:00
SAO_6L05-10,São Paulo,3550308,True,,1173,,,-23.841513,-46.718498499999995,,,,1,2023-06-17T17:58:42+00:00
SAO_7016-10,São Paulo,3550308,True,,2118,,,-23.688173499999998,-46.773318,,,,1,2023-06-17T17:59:06+00:00
SAO_7016-10,São Paulo,3550308,True,,2118,,,-23.684907,-46.747448500000004,,,,1,2023-06-17T17:58:33+00:00
SAO_7016-10,São Paulo,3550308,True,,2118,,,-23.65393525,-46.707456500000006,,,,1,2023-06-17T17:58:57+00:00
SAO_5109-10,São Paulo,3550308,True,,34619,,,-23.559365,-46.614228,,,,2,2023-06-17T17:58:56+00:00
SAO_5109-10,São Paulo,3550308,True,,34619,,,-23.547353,-46.6287365,,,,2,2023-06-17T17:59:00+00:00
SAO_714C-10,São Paulo,3550308,True,,487,,,-23.5898335,-46.7701605,,,,1,2023-06-17T17:58:36+00:00
SAO_746V-10,São Paulo,3550308,True,,792,,,-23.6174925,-46.75708,,,,1,2023-06-17T17:58:57+00:00
SAO_746V-10,São Paulo,3550308,True,,792,,,-23.6495575,-46.7515635,,,,1,2023-06-17T17:58:51+00:00
SAO_573H-10,São Paulo,3550308,True,,34398,,,-23.591687,-46.502846500000004,,,,2,2023-06-17T17:58:45+00:00
SAO_573H-10,São Paulo,3550308,True,,34398,,,-23.612196500000003,-46.493525500000004,,,,2,2023-06-17T17:59:14+00:00
SAO_573H-10,São Paulo,3550308,True,,34398,,,-23.612196500000003,-46.493525500000004,,,,2,2023-06-17T17:59:06+00:00
SAO_573H-10,São Paulo,3550308,True,,34398,,,-23.583397249999997,-46.53500275,,,,2,2023-06-17T17:58:49+00:00
SAO_573H-10,São Paulo,3550308,True,,34398,,,-23.569543,-46.581421500000005,,,,2,2023-06-17T17:58:49+00:00
SAO_573H-10,São Paulo,3550308,True,,34398,,,-23.561676,-46.59624375,,,,2,2023-06-17T17:59:09+00:00
SAO_2025-10,São Paulo,3550308,True,,35035,,,-23.4509685,-46.57224025,,,,2,2023-06-17T17:58:43+00:00
SAO_2025-10,São Paulo,3550308,True,,35035,,,-23.4507355,-46.57235675,,,,2,2023-06-17T17:59:06+00:00
SAO_2025-10,São Paulo,3550308,True,,35035,,,-23.502243999999997,-46.623825,,,,2,2023-06-17T17:58:45+00:00
SAO_2025-10,São Paulo,3550308,True,,35035,,,-23.4610315,-46.585725000000004,,,,2,2023-06-17T17:58:55+00:00
SAO_3206-10,São Paulo,3550308,True,,2112,,,-23.5330545,-46.543981,,,,1,2023-06-17T17:58:37+00:00
SAO_6258-31,São Paulo,3550308,True,,1783,,,-23.671913,-46.740975000000006,,,,1,2023-06-17T17:58:53+00:00
SAO_6039-10,São Paulo,3550308,True,,33985,,,-23.66557675,-46.78298225,,,,2,2023-06-17T17:58:42+00:00
SAO_6039-10,São Paulo,3550308,True,,33985,,,-23.65556425,-46.761855749999995,,,,2,2023-06-17T17:58:42+00:00
SAO_2182-10,São Paulo,3550308,True,,33468,,,-23.5388835,-46.605918,,,,2,2023-06-17T17:58:37+00:00
SAO_2182-10,São Paulo,3550308,True,,33468,,,-23.48941525,-46.571597749999995,,,,2,2023-06-17T17:58:00+00:00
SAO_2182-10,São Paulo,3550308,True,,33468,,,-23.5141215,-46.58303325,,,,2,2023-06-17T17:58:51+00:00
SAO_2182-10,São Paulo,3550308,True,,33468,,,-23.539641500000002,-46.6291705,,,,2,2023-06-17T17:58:55+00:00
SAO_2182-10,São Paulo,3550308,True,,33468,,,-23.4819775,-46.571059500000004,,,,2,2023-06-17T17:58:50+00:00
SAO_857R-10,São Paulo,3550308,True,,1892,,,-23.6032505,-46.744566,,,,1,2023-06-17T17:59:15+00:00
SAO_274P-10,São Paulo,3550308,True,Grupo Vida,232,https://moovitapp.com/index/pt-br/transporte_p%C3%BAblico-line-232-Sao_Paulo-242-887112-748347-0,5.3,-23.540302500000003,-46.612326499999995,,,,1,2023-06-17T17:59:15+00:00
SAO_6016-10,São Paulo,3550308,True,,32852,,,-23.750571,-46.6881895,,,,2,2023-06-17T17:59:13+00:00
SAO_6823-10,São Paulo,3550308,True,,34,,,-23.664915,-46.7826465,,,,1,2023-06-17T17:59:13+00:00
SAO_2720-31,São Paulo,3550308,True,,34610,,,-23.4951015,-46.468767,,,,2,2023-06-17T17:59:11+00:00
SAO_875H-10,São Paulo,3550308,True,,1340,,,-23.580180624999997,-46.639305375,,,,1,2023-06-17T17:58:46+00:00
SAO_875H-10,São Paulo,3550308,True,,1340,,,-23.5322195,-46.6760695,,,,1,2023-06-17T17:58:54+00:00
SAO_2740-10,São Paulo,3550308,True,,1792,,,-23.4662625,-46.6319465,,,,1,2023-06-17T17:57:59+00:00
SAO_8072-10,São Paulo,3550308,True,,2079,,,-23.6142575,-46.7556145,,,,1,2023-06-17T17:59:11+00:00
SAO_8047-41,São Paulo,3550308,True,,33178,,,-23.45485625,-46.749022249999996,,,,2,2023-06-17T17:58:42+00:00
SAO_938C-10,São Paulo,3550308,True,,586,,,-23.5071105,-46.708053,,,,1,2023-06-17T17:59:02+00:00
SAO_9018-10,São Paulo,3550308,True,,1271,,,-23.4823615,-46.720662000000004,,,,1,2023-06-17T17:58:51+00:00
SAO_8009-31,São Paulo,3550308,True,,34028,,,-23.433573000000003,-46.751002,,,,2,2023-06-17T17:58:55+00:00
SAO_8009-31,São Paulo,3550308,True,,34028,,,-23.444454375,-46.7278355,,,,2,2023-06-17T17:59:09+00:00
SAO_1036-10,São Paulo,3550308,True,,35221,,,-23.447803999999998,-46.708335,,,,2,2023-06-17T17:58:38+00:00
SAO_1036-10,São Paulo,3550308,True,,35221,,,-23.444692500000002,-46.71084275,,,,2,2023-06-17T17:58:33+00:00
SAO_1036-10,São Paulo,3550308,True,,35221,,,-23.447865999999998,-46.708386,,,,2,2023-06-17T17:59:13+00:00
SAO_4012-10,São Paulo,3550308,True,,34953,,,-23.623067,-46.461839999999995,,,,2,2023-06-17T17:58:53+00:00
SAO_4012-10,São Paulo,3550308,True,,34953,,,-23.598488,-46.44115775,,,,2,2023-06-17T17:58:33+00:00
SAO_6019-10,São Paulo,3550308,True,,34258,,,-23.671472,-46.738629,,,,2,2023-06-17T17:59:03+00:00
SAO_2705-10,São Paulo,3550308,True,,917,,,-23.534623500000002,-46.453379999999996,,,,1,2023-06-17T17:59:04+00:00
SAO_2705-10,São Paulo,3550308,True,,917,,,-23.5425525,-46.4250465,,,,1,2023-06-17T17:58:32+00:00
SAO_1745-10,São Paulo,3550308,True,,33314,,,-23.4925435,-46.648844,,,,2,2023-06-17T17:58:32+00:00
SAO_8029-10,São Paulo,3550308,True,,2540,,,-23.614710000000002,-46.7327535,,,,1,2023-06-17T17:58:45+00:00
SAO_8029-10,São Paulo,3550308,True,,2540,,,-23.587162874999997,-46.7239195,,,,1,2023-06-17T17:58:54+00:00
SAO_273D-10,São Paulo,3550308,True,,222,,,-23.494658,-46.426776000000004,,,,1,2023-06-17T17:59:14+00:00
SAO_273D-10,São Paulo,3550308,True,,222,,,-23.514643999999997,-46.453541,,,,1,2023-06-17T17:58:49+00:00
SAO_3712-10,São Paulo,3550308,True,,33777,,,-23.551291999999997,-46.4451045,,,,2,2023-06-17T17:58:45+00:00
SAO_3712-10,São Paulo,3550308,True,,33777,,,-23.55296125,-46.42555625,,,,2,2023-06-17T17:58:37+00:00
SAO_1773-10,São Paulo,3550308,True,,637,,,-23.482353500000002,-46.630331,,,,1,2023-06-17T17:58:45+00:00
SAO_1773-10,São Paulo,3550308,True,,637,,,-23.444098,-46.5901555,,,,1,2023-06-17T17:58:51+00:00
SAO_1773-10,São Paulo,3550308,True,,637,,,-23.46223225,-46.60303975,,,,1,2023-06-17T17:59:08+00:00
SAO_8300-10,São Paulo,3550308,True,,1264,,,-23.48646425,-46.71524725,,,,1,2023-06-17T17:59:05+00:00
SAO_3791-10,São Paulo,3550308,True,,1069,,,-23.543080500000002,-46.498378,,,,1,2023-06-17T17:59:08+00:00
SAO_3791-10,São Paulo,3550308,True,,1069,,,-23.550331,-46.509814500000005,,,,1,2023-06-17T17:58:33+00:00
SAO_714C-10,São Paulo,3550308,True,,33255,,,-23.562957625000003,-46.690546499999996,,,,2,2023-06-17T17:59:09+00:00
SAO_714C-10,São Paulo,3550308,True,,33255,,,-23.6003325,-46.784207,,,,2,2023-06-17T17:58:54+00:00
SAO_172N-10,São Paulo,3550308,True,,664,,,-23.50764075,-46.60251125,,,,1,2023-06-17T17:59:04+00:00
SAO_172N-10,São Paulo,3550308,True,,664,,,-23.51919025,-46.59044775,,,,1,2023-06-17T17:59:15+00:00
SAO_172N-10,São Paulo,3550308,True,,664,,,-23.5092905,-46.6155445,,,,1,2023-06-17T17:58:49+00:00
SAO_2435-10,São Paulo,3550308,True,,32978,,,-23.5289775,-46.4795655,,,,2,2023-06-17T17:58:40+00:00
SAO_1758-10,São Paulo,3550308,True,EMTU,552,https://moovitapp.com/index/pt-br/transporte_p%C3%BAblico-line-552-Sao_Paulo-242-2038937-36419556-0,6.8,-23.461765999999997,-46.653731500000006,,,,1,2023-06-17T17:59:00+00:00
SAO_1758-10,São Paulo,3550308,True,EMTU,552,https://moovitapp.com/index/pt-br/transporte_p%C3%BAblico-line-552-Sao_Paulo-242-2038937-36419556-0,6.8,-23.491704,-46.626024,,,,1,2023-06-17T17:57:37+00:00
SAO_695V-10,São Paulo,3550308,True,,8,,,-23.608968437499996,-46.667152625,,,,1,2023-06-17T17:59:00+00:00
SAO_5026-10,São Paulo,3550308,True,,34403,,,-23.608322,-46.497585,,,,2,2023-06-17T17:54:14+00:00
SAO_3024-10,São Paulo,3550308,True,,33045,,,-23.602173375000003,-46.532409,,,,2,2023-06-17T17:59:02+00:00
SAO_2583-10,São Paulo,3550308,True,,33143,,,-23.506374,-46.4395195,,,,2,2023-06-17T17:59:13+00:00
SAO_2583-10,São Paulo,3550308,True,,33143,,,-23.510611750000002,-46.42148025,,,,2,2023-06-17T17:59:03+00:00
SAO_2583-10,São Paulo,3550308,True,,33143,,,-23.5117145,-46.5109505,,,,2,2023-06-17T17:59:11+00:00
SAO_1720-21,São Paulo,3550308,True,,1937,,,-23.481042000000002,-46.601279000000005,,,,1,2023-06-17T17:58:42+00:00
SAO_1720-21,São Paulo,3550308,True,,1937,,,-23.48016775,-46.58053175,,,,1,2023-06-17T17:58:50+00:00
SAO_8065-10,São Paulo,3550308,True,,33189,,,-23.489214750000002,-46.72656549999999,,,,2,2023-06-17T17:58:48+00:00
SAO_9015-10,São Paulo,3550308,True,,1269,,,-23.485649,-46.710353999999995,,,,1,2023-06-17T17:59:04+00:00
SAO_3032-10,São Paulo,3550308,True,,33488,,,-23.568683999999998,-46.508034249999994,,,,2,2023-06-17T17:58:56+00:00
SAO_3032-10,São Paulo,3550308,True,,33488,,,-23.558024500000002,-46.487721875000005,,,,2,2023-06-17T17:58:39+00:00
SAO_3901-10,São Paulo,3550308,True,,1469,,,-23.5315665,-46.5462215,,,,1,2023-06-17T17:59:03+00:00
SAO_407T-10,São Paulo,3550308,True,,34970,,,-23.5384515,-46.44110425,,,,2,2023-06-17T17:59:13+00:00
SAO_2007-10,São Paulo,3550308,True,,896,,,-23.5090605,-46.3729855,,,,1,2023-06-17T17:59:05+00:00
SAO_2007-10,São Paulo,3550308,True,,896,,,-23.502917125,-46.390830750000006,,,,1,2023-06-17T17:58:24+00:00
SAO_2007-10,São Paulo,3550308,True,,896,,,-23.494778625000002,-46.4035085,,,,1,2023-06-17T17:59:16+00:00
SAO_6823-10,São Paulo,3550308,True,,32802,,,-23.6559925,-46.76256875,,,,2,2023-06-17T17:59:13+00:00
SAO_6823-10,São Paulo,3550308,True,,32802,,,-23.6921555,-46.7909265,,,,2,2023-06-17T17:58:35+00:00
SAO_374M-10,São Paulo,3550308,True,,1965,,,-23.5310395,-46.488172000000006,,,,1,2023-06-17T17:58:22+00:00
SAO_374M-10,São Paulo,3550308,True,,1965,,,-23.5139275,-46.505485500000006,,,,1,2023-06-17T17:58:45+00:00
SAO_2058-10,São Paulo,3550308,True,,33027,,,-23.494052500000002,-46.419838999999996,,,,2,2023-06-17T17:59:07+00:00
SAO_2058-10,São Paulo,3550308,True,,33027,,,-23.542628999999998,-46.409923,,,,2,2023-06-17T17:58:47+00:00
SAO_546A-10,São Paulo,3550308,True,,33899,,,-23.656916250000002,-46.701055499999995,,,,2,2023-06-17T17:58:56+00:00
SAO_546A-10,São Paulo,3550308,True,,33899,,,-23.707843,-46.6554405,,,,2,2023-06-17T17:58:56+00:00
SAO_546A-10,São Paulo,3550308,True,,33899,,,-23.693718500000003,-46.677829,,,,2,2023-06-17T17:59:10+00:00
SAO_4003-10,São Paulo,3550308,True,,2159,,,-23.563639000000002,-46.417193,,,,1,2023-06-17T17:58:55+00:00
SAO_4003-10,São Paulo,3550308,True,,2159,,,-23.5742745,-46.3983295,,,,1,2023-06-17T17:58:57+00:00
SAO_669A-10,São Paulo,3550308,True,,4,,,-23.5547715,-46.661674,,,,1,2023-06-17T17:58:55+00:00
SAO_669A-10,São Paulo,3550308,True,,4,,,-23.643459999999997,-46.69953325,,,,1,2023-06-17T17:59:14+00:00
SAO_669A-10,São Paulo,3550308,True,,4,,,-23.5843835,-46.67018725,,,,1,2023-06-17T17:59:12+00:00
SAO_8319-10,São Paulo,3550308,True,,33244,,,-23.52242525,-46.696148750000006,,,,2,2023-06-17T17:58:45+00:00
SAO_8319-10,São Paulo,3550308,True,,33244,,,-23.550041999999998,-46.748635500000006,,,,2,2023-06-17T17:58:51+00:00
SAO_8319-10,São Paulo,3550308,True,,33244,,,-23.546825,-46.7609525,,,,2,2023-06-17T17:59:08+00:00
SAO_805L-10,São Paulo,3550308,True,EMTU,124,https://moovitapp.com/index/pt-br/transporte_p%C3%BAblico-line-124-Sao_Paulo-242-2038937-36419282-0,5.15,-23.5521975,-46.63650425,,,,1,2023-06-17T17:58:35+00:00
SAO_2740-10,São Paulo,3550308,True,,34560,,,-23.457892,-46.642534,,,,2,2023-06-17T17:58:53+00:00
SAO_2740-10,São Paulo,3550308,True,,34560,,,-23.486551499999997,-46.617423,,,,2,2023-06-17T17:58:47+00:00
SAO_2740-10,São Paulo,3550308,True,,34560,,,-23.460458125000002,-46.60262575,,,,2,2023-06-17T17:58:55+00:00
SAO_2740-10,São Paulo,3550308,True,,34560,,,-23.458094,-46.642975500000006,,,,2,2023-06-17T17:58:31+00:00
SAO_4024-10,São Paulo,3550308,True,,34926,,,-23.550209625,-46.445062875000005,,,,2,2023-06-17T17:58:34+00:00
SAO_4024-10,São Paulo,3550308,True,,34926,,,-23.565687,-46.415973,,,,2,2023-06-17T17:58:51+00:00
SAO_4001-10,São Paulo,3550308,True,,2176,,,-23.55284975,-46.493506499999995,,,,1,2023-06-17T17:59:09+00:00
SAO_2708-10,São Paulo,3550308,True,,921,,,-23.5337795,-46.399814,,,,1,2023-06-17T17:59:05+00:00
SAO_2708-10,São Paulo,3550308,True,,921,,,-23.524158,-46.430437,,,,1,2023-06-17T17:58:29+00:00
SAO_2708-10,São Paulo,3550308,True,,921,,,-23.5255365,-46.411716999999996,,,,1,2023-06-17T17:56:25+00:00
SAO_2708-10,São Paulo,3550308,True,,921,,,-23.537307374999997,-46.454972875,,,,1,2023-06-17T17:58:38+00:00
SAO_2708-10,São Paulo,3550308,True,,921,,,-23.542153499999998,-46.4720245,,,,1,2023-06-17T17:58:31+00:00
SAO_817C-10,São Paulo,3550308,True,,1337,,,-23.554204249999998,-46.67634475,,,,1,2023-06-17T17:57:46+00:00
SAO_817C-10,São Paulo,3550308,True,,1337,,,-23.5217005,-46.700518,,,,1,2023-06-17T17:59:12+00:00
SAO_7245-21,São Paulo,3550308,True,,2538,,,-23.654266,-46.711191,,,,1,2023-06-17T17:59:05+00:00
SAO_7245-21,São Paulo,3550308,True,,2538,,,-23.633794,-46.711484,,,,1,2023-06-17T17:59:06+00:00
SAO_6050-10,São Paulo,3550308,True,,33993,,,-23.735961500000002,-46.69631975,,,,2,2023-06-17T17:58:58+00:00
SAO_8062-10,São Paulo,3550308,True,EMTU,420,https://moovitapp.com/index/pt-br/transporte_p%C3%BAblico-line-420-Sao_Paulo-242-2038937-36419477-0,7.1,-23.508137,-46.705693999999994,,,,1,2023-06-17T17:59:10+00:00
SAO_958P-10,São Paulo,3550308,True,,465,,,-23.487043999999997,-46.760374,,,,1,2023-06-17T17:58:52+00:00
SAO_809J-10,São Paulo,3550308,True,,2066,,,-23.6051455,-46.7266555,,,,1,2023-06-17T17:59:06+00:00
SAO_4717-10,São Paulo,3550308,True,,33103,,,-23.621879,-46.62059599999999,,,,2,2023-06-17T17:59:02+00:00
SAO_6835-10,São Paulo,3550308,True,,32780,,,-23.683218,-46.7892375,,,,2,2023-06-17T17:59:08+00:00
SAO_888P-10,São Paulo,3550308,True,,33222,,,-23.408123,-46.741294999999994,,,,2,2023-06-17T17:58:51+00:00
SAO_4092-10,São Paulo,3550308,True,,34644,,,-23.582991999999997,-46.4079,,,,2,2023-06-17T17:58:44+00:00
SAO_4092-10,São Paulo,3550308,True,,34644,,,-23.5823635,-46.416059000000004,,,,2,2023-06-17T17:59:06+00:00
SAO_373L-10,São Paulo,3550308,True,,1027,,,-23.594118,-46.4441925,,,,1,2023-06-17T17:58:48+00:00
SAO_373L-10,São Paulo,3550308,True,,1027,,,-23.562819125,-46.465247875,,,,1,2023-06-17T17:58:38+00:00
SAO_209P-1,São Paulo,3550308,True,,35069,,,-23.47223525,-46.670243,,,,2,2023-06-17T17:59:09+00:00
SAO_809V-10,São Paulo,3550308,True,,35011,,,-23.5763605,-46.732949500000004,,,,2,2023-06-17T17:58:53+00:00
SAO_8062-10,São Paulo,3550308,True,,33188,,,-23.514784249999998,-46.738164,,,,2,2023-06-17T17:58:36+00:00
SAO_2720-31,São Paulo,3550308,True,,1842,,,-23.522622,-46.518521500000006,,,,1,2023-06-17T17:58:49+00:00
SAO_5028-10,São Paulo,3550308,True,,34402,,,-23.6108005,-46.580852500000006,,,,2,2023-06-17T17:59:03+00:00
SAO_5028-10,São Paulo,3550308,True,,34402,,,-23.590585500000003,-46.61032675,,,,2,2023-06-17T17:58:57+00:00
SAO_6L10-41,São Paulo,3550308,True,,2005,,,-23.7831255,-46.749644,,,,1,2023-06-17T17:59:08+00:00
SAO_407T-10,São Paulo,3550308,True,,2202,,,-23.53482375,-46.452111,,,,1,2023-06-17T17:58:53+00:00
SAO_407T-10,São Paulo,3550308,True,,2202,,,-23.542544499999998,-46.4716805,,,,1,2023-06-17T17:58:38+00:00
SAO_7267-10,São Paulo,3550308,True,,1427,,,-23.547548,-46.647615,,,,1,2023-06-17T17:58:33+00:00
SAO_9004-10,São Paulo,3550308,True,,871,,,-23.455446,-46.6819535,,,,1,2023-06-17T17:58:48+00:00
SAO_9004-10,São Paulo,3550308,True,,871,,,-23.475167499999998,-46.6699895,,,,1,2023-06-17T17:58:37+00:00
SAO_9004-10,São Paulo,3550308,True,,871,,,-23.459055,-46.6797295,,,,1,2023-06-17T17:58:25+00:00
SAO_9004-10,São Paulo,3550308,True,,871,,,-23.457195499999997,-46.685354,,,,1,2023-06-17T17:58:30+00:00
SAO_9004-10,São Paulo,3550308,True,,871,,,-23.457195499999997,-46.685354,,,,1,2023-06-17T17:58:33+00:00
SAO_3746-31,São Paulo,3550308,True,,34865,,,-23.542912,-46.588283000000004,,,,2,2023-06-17T17:58:53+00:00
SAO_971C-10,São Paulo,3550308,True,,571,,,-23.4665345,-46.6792645,,,,1,2023-06-17T17:58:55+00:00
SAO_971C-10,São Paulo,3550308,True,,571,,,-23.4591725,-46.6875575,,,,1,2023-06-17T17:58:53+00:00
SAO_971C-10,São Paulo,3550308,True,,571,,,-23.445651625000004,-46.709019125,,,,1,2023-06-17T17:58:58+00:00
SAO_971C-10,São Paulo,3550308,True,,571,,,-23.448967500000002,-46.710255000000004,,,,1,2023-06-17T17:59:11+00:00
SAO_4052-10,São Paulo,3550308,True,,2145,,,-23.538573749999998,-46.425582500000004,,,,1,2023-06-17T17:59:08+00:00
SAO_4052-10,São Paulo,3550308,True,,2145,,,-23.542894500000003,-46.416357000000005,,,,1,2023-06-17T17:58:22+00:00
SAO_4052-10,São Paulo,3550308,True,,2145,,,-23.5372685,-46.455660249999994,,,,1,2023-06-17T17:57:53+00:00
SAO_3735-41,São Paulo,3550308,True,,1920,,,-23.540658999999998,-46.4851245,,,,1,2023-06-17T17:59:01+00:00
SAO_8007-10,São Paulo,3550308,True,,34025,,,-23.4754595,-46.756460000000004,,,,2,2023-06-17T17:59:01+00:00
SAO_5164-41,São Paulo,3550308,True,,34385,,,-23.6429755,-46.633741,,,,2,2023-06-17T17:58:46+00:00
SAO_477U-10,São Paulo,3550308,True,,33074,,,-23.60258,-46.59782175,,,,2,2023-06-17T17:59:01+00:00
SAO_3003-10,São Paulo,3550308,True,,34565,,,-23.482393000000002,-46.43152675,,,,2,2023-06-17T17:59:11+00:00
SAO_9020-10,São Paulo,3550308,True,,1434,,,-23.472040749999998,-46.716882,,,,1,2023-06-17T17:59:02+00:00
SAO_6062-10,São Paulo,3550308,True,,1151,,,-23.742861,-46.680646,,,,1,2023-06-17T17:58:49+00:00
SAO_4314-10,São Paulo,3550308,True,,2174,,,-23.545514,-46.5983455,,,,1,2023-06-17T17:58:53+00:00
SAO_4314-10,São Paulo,3550308,True,,2174,,,-23.5501205,-46.50835,,,,1,2023-06-17T17:57:40+00:00
SAO_8002-10,São Paulo,3550308,True,,1252,,,-23.4881485,-46.731331499999996,,,,1,2023-06-17T17:59:06+00:00
SAO_3013-10,São Paulo,3550308,True,,33722,,,-23.590664,-46.407829,,,,2,2023-06-17T17:59:02+00:00
SAO_1765-10,São Paulo,3550308,True,,1782,,,-23.459774375000002,-46.57108674999999,,,,1,2023-06-17T17:56:04+00:00
SAO_1765-10,São Paulo,3550308,True,,1782,,,-23.466963,-46.5690415,,,,1,2023-06-17T17:58:49+00:00
SAO_1701-10,São Paulo,3550308,True,EMTU,845,https://moovitapp.com/index/pt-br/transporte_p%C3%BAblico-line-845-Sao_Paulo-242-2038937-36419607-0,5.15,-23.467361500000003,-46.592951,,,,1,2023-06-17T17:58:53+00:00
SAO_1701-10,São Paulo,3550308,True,EMTU,845,https://moovitapp.com/index/pt-br/transporte_p%C3%BAblico-line-845-Sao_Paulo-242-2038937-36419607-0,5.15,-23.5019535,-46.6163515,,,,1,2023-06-17T17:56:30+00:00
SAO_4011-10,São Paulo,3550308,True,,2184,,,-23.602146375000004,-46.470685375,,,,1,2023-06-17T17:58:49+00:00
SAO_4011-10,São Paulo,3550308,True,,2184,,,-23.5982555,-46.462136,,,,1,2023-06-17T17:58:56+00:00
SAO_4011-10,São Paulo,3550308,True,,2184,,,-23.61645625,-46.422670749999995,,,,1,2023-06-17T17:58:40+00:00
SAO_6019-10,São Paulo,3550308,True,,1490,,,-23.6747095,-46.739397499999995,,,,1,2023-06-17T17:59:16+00:00
SAO_6L10-41,São Paulo,3550308,True,,34773,,,-23.7880685,-46.765596,,,,2,2023-06-17T17:59:09+00:00
SAO_6L10-41,São Paulo,3550308,True,,34773,,,-23.7880685,-46.765596,,,,2,2023-06-17T17:58:53+00:00
SAO_6L10-41,São Paulo,3550308,True,,34773,,,-23.7880685,-46.765596,,,,2,2023-06-17T17:58:45+00:00
SAO_6L10-41,São Paulo,3550308,True,,34773,,,-23.7665035,-46.7483665,,,,2,2023-06-17T17:57:09+00:00
SAO_476L-10,São Paulo,3550308,True,EMTU,262,https://moovitapp.com/index/pt-br/transporte_p%C3%BAblico-line-262-Sao_Paulo-242-2038937-36419372-0,5.2,-23.59890925,-46.636741,,,,1,2023-06-17T17:58:54+00:00
SAO_2010-10,São Paulo,3550308,True,,34872,,,-23.477516625,-46.564321375,,,,2,2023-06-17T17:58:38+00:00
SAO_2010-10,São Paulo,3550308,True,,34872,,,-23.47934825,-46.578801500000004,,,,2,2023-06-17T17:58:08+00:00
SAO_2010-10,São Paulo,3550308,True,,34872,,,-23.501627499999998,-46.6245885,,,,2,2023-06-17T17:58:47+00:00
SAO_2010-10,São Paulo,3550308,True,,34872,,,-23.477516625,-46.564321375,,,,2,2023-06-17T17:59:16+00:00
SAO_7009-10,São Paulo,3550308,True,,34719,,,-23.705192,-46.784183,,,,2,2023-06-17T17:58:52+00:00
SAO_2780-10,São Paulo,3550308,True,EMTU,399,https://moovitapp.com/index/pt-br/transporte_p%C3%BAblico-line-399-Sao_Paulo-242-2038937-36419463-0,6.45,-23.535213,-46.4545445,,,,1,2023-06-17T17:59:15+00:00
SAO_2780-10,São Paulo,3550308,True,EMTU,399,https://moovitapp.com/index/pt-br/transporte_p%C3%BAblico-line-399-Sao_Paulo-242-2038937-36419463-0,6.45,-23.5088505,-46.4323605,,,,1,2023-06-17T17:59:04+00:00
SAO_1025-10,São Paulo,3550308,True,,2303,,,-23.48604925,-46.6965175,,,,1,2023-06-17T17:58:42+00:00
SAO_6L03-10,São Paulo,3550308,True,,34333,,,-23.8723505,-46.7378605,,,,2,2023-06-17T17:58:51+00:00
SAO_1703-10,São Paulo,3550308,True,,33615,,,-23.430702,-46.574294,,,,2,2023-06-17T17:59:00+00:00
SAO_1703-10,São Paulo,3550308,True,,33615,,,-23.430699500000003,-46.573944499999996,,,,2,2023-06-17T17:59:13+00:00
SAO_1703-10,São Paulo,3550308,True,,33615,,,-23.481293,-46.602469125,,,,2,2023-06-17T17:58:45+00:00
SAO_476G-41,São Paulo,3550308,True,,1112,,,-23.564442999999997,-46.6212785,,,,1,2023-06-17T17:58:58+00:00
SAO_476G-41,São Paulo,3550308,True,,1112,,,-23.5836385,-46.5845555,,,,1,2023-06-17T17:58:56+00:00
SAO_7272-10,São Paulo,3550308,True,,1333,,,-23.547548,-46.647615,,,,1,2023-06-17T17:58:39+00:00
SAO_7272-10,São Paulo,3550308,True,,1333,,,-23.5183185,-46.706914499999996,,,,1,2023-06-17T17:59:10+00:00
SAO_6031-10,São Paulo,3550308,True,,32860,,,-23.7515425,-46.698473,,,,2,2023-06-17T17:58:34+00:00
SAO_2026-10,São Paulo,3550308,True,,35037,,,-23.486708,-46.568445499999996,,,,2,2023-06-17T17:58:49+00:00
SAO_2026-10,São Paulo,3550308,True,,35037,,,-23.461197499999997,-46.582989999999995,,,,2,2023-06-17T17:58:32+00:00
SAO_8040-10,São Paulo,3550308,True,,406,,,-23.4349705,-46.7826465,,,,1,2023-06-17T17:59:01+00:00
SAO_373M-10,São Paulo,3550308,True,EMTU,281,https://moovitapp.com/index/pt-br/transporte_p%C3%BAblico-line-281-Sao_Paulo-242-2038937-36419383-0,6.25,-23.59008175,-46.574976500000005,,,,1,2023-06-17T17:59:05+00:00
SAO_8001-10,São Paulo,3550308,True,,1251,,,-23.51422,-46.741336000000004,,,,1,2023-06-17T17:59:00+00:00
SAO_6813-10,São Paulo,3550308,True,,32801,,,-23.66809,-46.76330299999999,,,,2,2023-06-17T17:58:51+00:00
SAO_6052-10,São Paulo,3550308,True,,1144,,,-23.766564250000002,-46.69761425,,,,1,2023-06-17T17:58:40+00:00
SAO_809U-21,São Paulo,3550308,True,,35075,,,-23.5266615,-46.6675825,,,,2,2023-06-17T17:58:40+00:00
SAO_7282-10,São Paulo,3550308,True,,33239,,,-23.532770499999998,-46.735802,,,,2,2023-06-17T17:59:07+00:00
SAO_807A-10,São Paulo,3550308,True,,1900,,,-23.649198,-46.7526175,,,,1,2023-06-17T17:58:50+00:00
SAO_807A-10,São Paulo,3550308,True,,1900,,,-23.653841,-46.710967,,,,1,2023-06-17T17:58:40+00:00
SAO_253F-10,São Paulo,3550308,True,EMTU,158,https://moovitapp.com/index/pt-br/transporte_p%C3%BAblico-line-158-Sao_Paulo-242-2038937-36419303-0,7.45,-23.541796,-46.455333499999995,,,,1,2023-06-17T17:59:03+00:00
SAO_3737-10,São Paulo,3550308,True,,33805,,,-23.564476499999998,-46.504782500000005,,,,2,2023-06-17T17:58:35+00:00
SAO_3737-10,São Paulo,3550308,True,,33805,,,-23.554401,-46.5004285,,,,2,2023-06-17T17:58:15+00:00
SAO_3737-10,São Paulo,3550308,True,,33805,,,-23.54275225,-46.510781875,,,,2,2023-06-17T17:58:35+00:00
SAO_3414-10,São Paulo,3550308,True,,746,,,-23.537326,-46.5605764375,,,,1,2023-06-17T17:59:17+00:00
SAO_2029-10,São Paulo,3550308,True,,2270,,,-23.453883499999996,-46.5893845,,,,1,2023-06-17T17:59:06+00:00
SAO_6026-10,São Paulo,3550308,True,,87,,,-23.6941345,-46.6828045,,,,1,2023-06-17T17:58:36+00:00
SAO_6116-10,São Paulo,3550308,True,,1186,,,-23.7529775,-46.6886025,,,,1,2023-06-17T17:59:01+00:00
SAO_6L03-10,São Paulo,3550308,True,,1565,,,-23.87446425,-46.738432,,,,1,2023-06-17T17:59:14+00:00
SAO_1017-10,São Paulo,3550308,True,,2141,,,-23.452231249999997,-46.7132365,,,,1,2023-06-17T17:58:34+00:00
SAO_513C-31,São Paulo,3550308,True,,2536,,,-23.599377,-46.538903000000005,,,,1,2023-06-17T17:58:33+00:00
SAO_513C-31,São Paulo,3550308,True,,2536,,,-23.5355795,-46.4543135,,,,1,2023-06-17T17:58:35+00:00
SAO_3009-10,São Paulo,3550308,True,,2526,,,-23.518288499999997,-46.399242,,,,1,2023-06-17T17:59:01+00:00
SAO_3728-41,São Paulo,3550308,True,,1988,,,-23.5607995,-46.483093,,,,1,2023-06-17T17:59:01+00:00
SAO_3026-10,São Paulo,3550308,True,,33730,,,-23.57801475,-46.391714,,,,2,2023-06-17T17:58:56+00:00
SAO_4016-10,São Paulo,3550308,True,,34957,,,-23.6322985,-46.464764125,,,,2,2023-06-17T17:58:41+00:00
SAO_8020-10,São Paulo,3550308,True,,34494,,,-23.58491,-46.7172405,,,,2,2023-06-17T17:58:47+00:00
SAO_2714-10,São Paulo,3550308,True,,927,,,-23.513185999999997,-46.5306225,,,,1,2023-06-17T17:58:49+00:00
SAO_3737-31,São Paulo,3550308,True,,34122,,,-23.530354000000003,-46.5168625,,,,2,2023-06-17T17:59:02+00:00
SAO_4015-10,São Paulo,3550308,True,,2188,,,-23.634128125000004,-46.471551999999996,,,,1,2023-06-17T17:58:44+00:00
SAO_3009-10,São Paulo,3550308,True,,35294,,,-23.4963505,-46.405026,,,,2,2023-06-17T17:59:06+00:00
SAO_2704-10,São Paulo,3550308,True,,916,,,-23.5424555,-46.471157500000004,,,,1,2023-06-17T17:58:26+00:00
SAO_2704-10,São Paulo,3550308,True,,916,,,-23.526659000000002,-46.409887999999995,,,,1,2023-06-17T17:58:33+00:00
SAO_2704-10,São Paulo,3550308,True,,916,,,-23.526659000000002,-46.409887999999995,,,,1,2023-06-17T17:58:51+00:00
SAO_2704-10,São Paulo,3550308,True,,916,,,-23.512912,-46.4331255,,,,1,2023-06-17T17:55:50+00:00
SAO_211L-10,São Paulo,3550308,True,,2265,,,-23.5199865,-46.701155,,,,1,2023-06-17T17:58:32+00:00
SAO_211L-10,São Paulo,3550308,True,,2265,,,-23.4770365,-46.633633,,,,1,2023-06-17T17:59:05+00:00
SAO_4221-10,São Paulo,3550308,True,,33093,,,-23.5941185,-46.55320725,,,,2,2023-06-17T17:59:03+00:00
SAO_2012-10,São Paulo,3550308,True,,35049,,,-23.4886805,-46.582163,,,,2,2023-06-17T17:59:04+00:00
SAO_6L08-10,São Paulo,3550308,True,,1182,,,-23.8284455,-46.7255825,,,,1,2023-06-17T17:58:45+00:00
SAO_2161-10,São Paulo,3550308,True,,694,,,-23.51919025,-46.59044775,,,,1,2023-06-17T17:57:54+00:00
SAO_2016-10,São Paulo,3550308,True,,902,,,-23.49402225,-46.419398,,,,1,2023-06-17T17:57:17+00:00
SAO_2016-10,São Paulo,3550308,True,,902,,,-23.496939,-46.400448999999995,,,,1,2023-06-17T17:59:06+00:00
SAO_271A-10,São Paulo,3550308,True,,33470,,,-23.521359750000002,-46.562355,,,,2,2023-06-17T17:57:23+00:00
SAO_271A-10,São Paulo,3550308,True,,33470,,,-23.5248995,-46.561969000000005,,,,2,2023-06-17T17:57:48+00:00
SAO_2175-10,São Paulo,3550308,True,,33465,,,-23.474421999999997,-46.567463000000004,,,,2,2023-06-17T17:58:57+00:00
SAO_6072-23,São Paulo,3550308,True,,34772,,,-23.76714475,-46.71695750000001,,,,2,2023-06-17T17:59:02+00:00
SAO_2026-10,São Paulo,3550308,True,,2269,,,-23.4976665,-46.574697,,,,1,2023-06-17T17:58:09+00:00
SAO_9011-21,São Paulo,3550308,True,,34536,,,-23.4434275,-46.735071500000004,,,,2,2023-06-17T17:59:09+00:00
SAO_271M-10,São Paulo,3550308,True,,684,,,-23.5068545,-46.595503,,,,1,2023-06-17T17:59:13+00:00
SAO_1757-10,São Paulo,3550308,True,,548,,,-23.4775785,-46.632708,,,,1,2023-06-17T17:59:00+00:00
SAO_6042-21,São Paulo,3550308,True,,34543,,,-23.675623,-46.771407499999995,,,,2,2023-06-17T17:59:11+00:00
SAO_6030-10,São Paulo,3550308,True,,1142,,,-23.653856875,-46.71128025,,,,1,2023-06-17T17:58:43+00:00
SAO_1782-10,São Paulo,3550308,True,,643,,,-23.4563785,-46.59083275,,,,1,2023-06-17T17:59:12+00:00
