bus_id,city,city_code,adapted,agency,line_code,line_url,line_fare,latitude,longitude,bus_speed,is_eletric,bus_type,bus_direction,updated_at
SAO_6110-10,São Paulo,3550308,True,,1184,,,-23.68648425,-46.6938545,,,,1,2023-06-14T05:31:29+00:00
SAO_6110-10,São Paulo,3550308,True,,1184,,,-23.7575345,-46.706884,,,,1,2023-06-14T05:31:17+00:00
SAO_6013-10,São Paulo,3550308,True,,186,,,-23.671774,-46.7412225,,,,1,2023-06-14T05:31:27+00:00
SAO_2451-10,São Paulo,3550308,True,,32981,,,-23.516843,-46.489267999999996,,,,2,2023-06-14T05:31:42+00:00
SAO_2451-10,São Paulo,3550308,True,,32981,,,-23.523905499999998,-46.492754,,,,2,2023-06-14T05:31:18+00:00
SAO_2755-10,São Paulo,3550308,True,,33001,,,-23.539911,-46.394,,,,2,2023-06-14T05:31:24+00:00
SAO_2755-10,São Paulo,3550308,True,,33001,,,-23.51526125,-46.498729,,,,2,2023-06-14T05:31:42+00:00
SAO_2755-10,São Paulo,3550308,True,,33001,,,-23.517379,-46.4437935,,,,2,2023-06-14T05:31:32+00:00
SAO_2755-10,São Paulo,3550308,True,,33001,,,-23.542133,-46.4148525,,,,2,2023-06-14T05:31:19+00:00
SAO_2755-10,São Paulo,3550308,True,,33001,,,-23.540091,-46.394296499999996,,,,2,2023-06-14T05:31:38+00:00
SAO_2755-10,São Paulo,3550308,True,,33001,,,-23.517118,-46.475767000000005,,,,2,2023-06-14T05:28:20+00:00
SAO_2755-10,São Paulo,3550308,True,,33001,,,-23.522532249999998,-46.52493525,,,,2,2023-06-14T05:31:08+00:00
SAO_695X-10,São Paulo,3550308,True,,1441,,,-23.666128,-46.677873,,,,1,2023-06-14T05:31:28+00:00
SAO_148P-10,São Paulo,3550308,True,EMTU,534,https://moovitapp.com/index/pt-br/transporte_p%C3%BAblico-line-534-Sao_Paulo-242-2038937-36419546-0,6.3,-23.463883875,-46.653815375,,,,1,2023-06-14T05:31:34+00:00
SAO_148P-10,São Paulo,3550308,True,EMTU,534,https://moovitapp.com/index/pt-br/transporte_p%C3%BAblico-line-534-Sao_Paulo-242-2038937-36419546-0,6.3,-23.4947995,-46.66153425,,,,1,2023-06-14T05:31:27+00:00
SAO_148P-10,São Paulo,3550308,True,EMTU,534,https://moovitapp.com/index/pt-br/transporte_p%C3%BAblico-line-534-Sao_Paulo-242-2038937-36419546-0,6.3,-23.517755,-46.654183,,,,1,2023-06-14T05:31:41+00:00
SAO_3686-10,São Paulo,3550308,True,,32934,,,-23.55986625,-46.40348975,,,,2,2023-06-14T05:31:32+00:00
SAO_3686-10,São Paulo,3550308,True,,32934,,,-23.5348265,-46.4511975,,,,2,2023-06-14T05:31:44+00:00
SAO_3686-10,São Paulo,3550308,True,,32934,,,-23.541990499999997,-46.580344499999995,,,,2,2023-06-14T05:27:55+00:00
SAO_3686-10,São Paulo,3550308,True,,32934,,,-23.53674225,-46.472368,,,,2,2023-06-14T05:31:21+00:00
SAO_3686-10,São Paulo,3550308,True,,32934,,,-23.559947,-46.4038685,,,,2,2023-06-14T05:31:24+00:00
SAO_3686-10,São Paulo,3550308,True,,32934,,,-23.559947,-46.4038685,,,,2,2023-06-14T05:31:12+00:00
SAO_6450-10,São Paulo,3550308,True,,59,,,-23.577733000000002,-46.6710645,,,,1,2023-06-14T05:31:39+00:00
SAO_6450-10,São Paulo,3550308,True,,59,,,-23.645846,-46.704647,,,,1,2023-06-14T05:31:30+00:00
SAO_4035-10,São Paulo,3550308,True,,2560,,,-23.538317999999997,-46.4559175,,,,1,2023-06-14T05:31:27+00:00
SAO_4035-10,São Paulo,3550308,True,,2560,,,-23.5520405,-46.413284000000004,,,,1,2023-06-14T05:29:24+00:00
SAO_372U-10,São Paulo,3550308,True,,33784,,,-23.540841,-46.575876,,,,2,2023-06-14T05:31:07+00:00
SAO_372U-10,São Paulo,3550308,True,,33784,,,-23.552728625000004,-46.543964625,,,,2,2023-06-14T05:31:23+00:00
SAO_372U-10,São Paulo,3550308,True,,33784,,,-23.5568485,-46.537368,,,,2,2023-06-14T05:31:09+00:00
SAO_372U-10,São Paulo,3550308,True,,33784,,,-23.5653845,-46.545204999999996,,,,2,2023-06-14T05:31:34+00:00
SAO_N836-11,São Paulo,3550308,True,,2435,,,-23.566105999999998,-46.7019325,,,,1,2023-06-14T05:31:10+00:00
SAO_6084-10,São Paulo,3550308,True,,33937,,,-23.7812805,-46.67209375,,,,2,2023-06-14T05:31:44+00:00
SAO_6084-10,São Paulo,3550308,True,,33937,,,-23.7812805,-46.67209375,,,,2,2023-06-14T05:31:44+00:00
SAO_6084-10,São Paulo,3550308,True,,33937,,,-23.7812805,-46.67209375,,,,2,2023-06-14T05:31:43+00:00
SAO_6084-10,São Paulo,3550308,True,,33937,,,-23.7812805,-46.67209375,,,,2,2023-06-14T05:31:10+00:00
SAO_6084-10,São Paulo,3550308,True,,33937,,,-23.775796,-46.682169,,,,2,2023-06-14T05:31:26+00:00
SAO_6084-10,São Paulo,3550308,True,,33937,,,-23.7812805,-46.67209375,,,,2,2023-06-14T05:31:22+00:00
SAO_6084-10,São Paulo,3550308,True,,33937,,,-23.7812805,-46.67209375,,,,2,2023-06-14T05:31:36+00:00
SAO_6084-10,São Paulo,3550308,True,,33937,,,-23.7812805,-46.67209375,,,,2,2023-06-14T05:31:17+00:00
SAO_6084-10,São Paulo,3550308,True,,33937,,,-23.7804115,-46.6731975,,,,2,2023-06-14T05:31:37+00:00
SAO_8594-10,São Paulo,3550308,True,,33200,,,-23.53755025,-46.648718,,,,2,2023-06-14T05:31:15+00:00
SAO_8594-10,São Paulo,3550308,True,,33200,,,-23.454822749999998,-46.74858474999999,,,,2,2023-06-14T05:31:47+00:00
SAO_8594-10,São Paulo,3550308,True,,33200,,,-23.47905375,-46.7191255,,,,2,2023-06-14T05:31:36+00:00
SAO_8594-10,São Paulo,3550308,True,,33200,,,-23.451815,-46.7463895,,,,2,2023-06-14T05:31:41+00:00
SAO_8594-10,São Paulo,3550308,True,,33200,,,-23.522756625,-46.692119812499996,,,,2,2023-06-14T05:31:23+00:00
SAO_8594-10,São Paulo,3550308,True,,33200,,,-23.465689,-46.722066,,,,2,2023-06-14T05:31:45+00:00
SAO_5031-10,São Paulo,3550308,True,,34514,,,-23.63559925,-46.5928035,,,,2,2023-06-14T05:31:17+00:00
SAO_5031-10,São Paulo,3550308,True,,34514,,,-23.63630825,-46.590938249999994,,,,2,2023-06-14T05:31:34+00:00
SAO_5031-10,São Paulo,3550308,True,,34514,,,-23.603051999999998,-46.602856,,,,2,2023-06-14T05:31:12+00:00
SAO_5031-10,São Paulo,3550308,True,,34514,,,-23.631254499999997,-46.5850025,,,,2,2023-06-14T05:31:32+00:00
SAO_5031-10,São Paulo,3550308,True,,34514,,,-23.6365255,-46.5910045,,,,2,2023-06-14T05:31:22+00:00
SAO_5031-10,São Paulo,3550308,True,,34514,,,-23.603051999999998,-46.602856,,,,2,2023-06-14T05:31:45+00:00
SAO_5031-10,São Paulo,3550308,True,,34514,,,-23.610830749999998,-46.59545625,,,,2,2023-06-14T05:31:11+00:00
SAO_5031-10,São Paulo,3550308,True,,34514,,,-23.6369775,-46.591483000000004,,,,2,2023-06-14T05:31:36+00:00
SAO_8707-10,São Paulo,3550308,True,,34832,,,-23.579904,-46.764865,,,,2,2023-06-14T05:31:14+00:00
SAO_8707-10,São Paulo,3550308,True,,34832,,,-23.571602375,-46.696492875000004,,,,2,2023-06-14T05:31:38+00:00
SAO_8707-10,São Paulo,3550308,True,,34832,,,-23.582739625000002,-46.76021837500001,,,,2,2023-06-14T05:31:08+00:00
SAO_8707-10,São Paulo,3550308,True,,34832,,,-23.536034625,-46.64288462500001,,,,2,2023-06-14T05:31:21+00:00
SAO_5175-10,São Paulo,3550308,True,,33361,,,-23.6742275,-46.663416999999995,,,,2,2023-06-14T05:31:46+00:00
SAO_5175-10,São Paulo,3550308,True,,33361,,,-23.5505945,-46.635301,,,,2,2023-06-14T05:30:21+00:00
SAO_5175-10,São Paulo,3550308,True,,33361,,,-23.5505945,-46.635301,,,,2,2023-06-14T05:31:24+00:00
SAO_5175-10,São Paulo,3550308,True,,33361,,,-23.5505945,-46.635301,,,,2,2023-06-14T05:31:27+00:00
SAO_5175-10,São Paulo,3550308,True,,33361,,,-23.683476,-46.64286425,,,,2,2023-06-14T05:31:04+00:00
SAO_5175-10,São Paulo,3550308,True,,33361,,,-23.5505945,-46.635301,,,,2,2023-06-14T05:30:20+00:00
SAO_5175-10,São Paulo,3550308,True,,33361,,,-23.5505945,-46.635301,,,,2,2023-06-14T05:30:36+00:00
SAO_5175-10,São Paulo,3550308,True,,33361,,,-23.6132595,-46.657935,,,,2,2023-06-14T05:31:31+00:00
SAO_5175-10,São Paulo,3550308,True,,33361,,,-23.5505945,-46.635301,,,,2,2023-06-14T05:31:07+00:00
SAO_5175-10,São Paulo,3550308,True,,33361,,,-23.5505945,-46.635301,,,,2,2023-06-14T05:31:15+00:00
SAO_5175-10,São Paulo,3550308,True,,33361,,,-23.5505945,-46.635301,,,,2,2023-06-14T05:31:04+00:00
SAO_5175-10,São Paulo,3550308,True,,33361,,,-23.5505945,-46.635301,,,,2,2023-06-14T05:31:43+00:00
SAO_5175-10,São Paulo,3550308,True,,33361,,,-23.5505945,-46.635301,,,,2,2023-06-14T05:31:32+00:00
SAO_5175-10,São Paulo,3550308,True,,33361,,,-23.5505945,-46.635301,,,,2,2023-06-14T05:31:08+00:00
SAO_5175-10,São Paulo,3550308,True,,33361,,,-23.56045,-46.643369375,,,,2,2023-06-14T05:31:26+00:00
SAO_5175-10,São Paulo,3550308,True,,33361,,,-23.5505945,-46.635301,,,,2,2023-06-14T05:31:33+00:00
SAO_5175-10,São Paulo,3550308,True,,33361,,,-23.5505945,-46.635301,,,,2,2023-06-14T05:31:24+00:00
SAO_4028-10,São Paulo,3550308,True,,33866,,,-23.5926885625,-46.4887616875,,,,2,2023-06-14T05:31:05+00:00
SAO_4028-10,São Paulo,3550308,True,,33866,,,-23.610713,-46.476423624999995,,,,2,2023-06-14T05:31:42+00:00
SAO_4028-10,São Paulo,3550308,True,,33866,,,-23.642302,-46.441234,,,,2,2023-06-14T05:31:27+00:00
SAO_4028-10,São Paulo,3550308,True,,33866,,,-23.593083,-46.4887815,,,,2,2023-06-14T05:31:18+00:00
SAO_4732-10,São Paulo,3550308,True,Rápido Campinas,302,https://moovitapp.com/index/pt-br/transporte_p%C3%BAblico-line-302-Sao_Paulo-242-858660-23262913-0,5.3,-23.62930325,-46.60496775,,,,1,2023-06-14T05:31:31+00:00
SAO_4732-10,São Paulo,3550308,True,Rápido Campinas,302,https://moovitapp.com/index/pt-br/transporte_p%C3%BAblico-line-302-Sao_Paulo-242-858660-23262913-0,5.3,-23.618575749999998,-46.637992499999996,,,,1,2023-06-14T05:31:03+00:00
SAO_2076-10,São Paulo,3550308,True,,33136,,,-23.497377375,-46.37710187500001,,,,2,2023-06-14T05:31:43+00:00
SAO_2076-10,São Paulo,3550308,True,,33136,,,-23.4977945,-46.456711,,,,2,2023-06-14T05:31:38+00:00
SAO_2076-10,São Paulo,3550308,True,,33136,,,-23.504168999999997,-46.379309,,,,2,2023-06-14T05:31:25+00:00
SAO_2076-10,São Paulo,3550308,True,,33136,,,-23.52422,-46.548732,,,,2,2023-06-14T05:30:55+00:00
SAO_2076-10,São Paulo,3550308,True,,33136,,,-23.489856,-46.479231999999996,,,,2,2023-06-14T05:31:30+00:00
SAO_4011-10,São Paulo,3550308,True,,34952,,,-23.605759,-46.4711575,,,,2,2023-06-14T05:31:29+00:00
SAO_4011-10,São Paulo,3550308,True,,34952,,,-23.614127500000002,-46.4232595,,,,2,2023-06-14T05:31:39+00:00
SAO_6037-10,São Paulo,3550308,True,,1215,,,-23.6493575,-46.7848365,,,,1,2023-06-14T05:31:38+00:00
SAO_6037-10,São Paulo,3550308,True,,1215,,,-23.643999,-46.7324175,,,,1,2023-06-14T05:31:08+00:00
SAO_6037-10,São Paulo,3550308,True,,1215,,,-23.6493575,-46.7848365,,,,1,2023-06-14T05:31:14+00:00
SAO_6037-10,São Paulo,3550308,True,,1215,,,-23.6493575,-46.7848365,,,,1,2023-06-14T05:31:12+00:00
SAO_857P-10,São Paulo,3550308,True,,34694,,,-23.59362225,-46.735629,,,,2,2023-06-14T05:31:46+00:00
SAO_857P-10,São Paulo,3550308,True,,34694,,,-23.56074075,-46.657163999999995,,,,2,2023-06-14T05:31:23+00:00
SAO_857P-10,São Paulo,3550308,True,,34694,,,-23.629269,-46.769253500000005,,,,2,2023-06-14T05:31:05+00:00
SAO_857P-10,São Paulo,3550308,True,,34694,,,-23.622169,-46.7590395,,,,2,2023-06-14T05:31:19+00:00
SAO_857P-10,São Paulo,3550308,True,,34694,,,-23.631508,-46.7726,,,,2,2023-06-14T05:31:43+00:00
SAO_8025-10,São Paulo,3550308,True,,34844,,,-23.590518,-46.76971475,,,,2,2023-06-14T05:31:35+00:00
SAO_8025-10,São Paulo,3550308,True,,34844,,,-23.592308875,-46.735138375000005,,,,2,2023-06-14T05:31:07+00:00
SAO_4310-10,São Paulo,3550308,True,,34928,,,-23.543355124999998,-46.587194749999995,,,,2,2023-06-14T05:31:30+00:00
SAO_4310-10,São Paulo,3550308,True,,34928,,,-23.542818,-46.466494999999995,,,,2,2023-06-14T05:31:38+00:00
SAO_4310-10,São Paulo,3550308,True,,34928,,,-23.547625,-46.630348,,,,2,2023-06-14T05:31:41+00:00
SAO_4310-10,São Paulo,3550308,True,,34928,,,-23.53165625,-46.521626749999996,,,,2,2023-06-14T05:31:41+00:00
SAO_4310-10,São Paulo,3550308,True,,34928,,,-23.5506826875,-46.6071488125,,,,2,2023-06-14T05:31:22+00:00
SAO_4310-10,São Paulo,3550308,True,,34928,,,-23.536148500000003,-46.488023999999996,,,,2,2023-06-14T05:31:27+00:00
SAO_4310-10,São Paulo,3550308,True,,34928,,,-23.531871875,-46.5248325,,,,2,2023-06-14T05:31:44+00:00
SAO_4310-10,São Paulo,3550308,True,,34928,,,-23.531678499999998,-46.5012945,,,,2,2023-06-14T05:29:55+00:00
SAO_4310-10,São Paulo,3550308,True,,34928,,,-23.534565999999998,-46.4530625,,,,2,2023-06-14T05:31:19+00:00
SAO_4310-10,São Paulo,3550308,True,,34928,,,-23.547625,-46.630348,,,,2,2023-06-14T05:31:39+00:00
SAO_576M-10,São Paulo,3550308,True,,33372,,,-23.630839,-46.6688795,,,,2,2023-06-14T05:31:30+00:00
SAO_576M-10,São Paulo,3550308,True,,33372,,,-23.6394745,-46.641374500000005,,,,2,2023-06-14T05:31:44+00:00
SAO_576M-10,São Paulo,3550308,True,,33372,,,-23.597613,-46.66661775,,,,2,2023-06-14T05:31:02+00:00
SAO_576M-10,São Paulo,3550308,True,,33372,,,-23.565585,-46.693946499999996,,,,2,2023-06-14T05:31:19+00:00
SAO_6007-10,São Paulo,3550308,True,,176,,,-23.654448000000002,-46.763219500000005,,,,1,2023-06-14T05:31:16+00:00
SAO_6007-10,São Paulo,3550308,True,,176,,,-23.669815749999998,-46.73685449999999,,,,1,2023-06-14T05:31:20+00:00
SAO_6007-10,São Paulo,3550308,True,,176,,,-23.654448000000002,-46.763219500000005,,,,1,2023-06-14T05:31:11+00:00
SAO_6007-10,São Paulo,3550308,True,,176,,,-23.652702875000003,-46.723836375000005,,,,1,2023-06-14T05:31:28+00:00
SAO_373M-10,São Paulo,3550308,True,EMTU,281,https://moovitapp.com/index/pt-br/transporte_p%C3%BAblico-line-281-Sao_Paulo-242-2038937-36419383-0,6.25,-23.601646000000002,-46.539491,,,,1,2023-06-14T05:31:03+00:00
SAO_373M-10,São Paulo,3550308,True,EMTU,281,https://moovitapp.com/index/pt-br/transporte_p%C3%BAblico-line-281-Sao_Paulo-242-2038937-36419383-0,6.25,-23.590937,-46.5689415,,,,1,2023-06-14T05:31:45+00:00
SAO_809U-21,São Paulo,3550308,True,,35075,,,-23.5266425,-46.66785350000001,,,,2,2023-06-14T05:31:34+00:00
SAO_809U-21,São Paulo,3550308,True,,35075,,,-23.532100624999998,-46.686268,,,,2,2023-06-14T05:31:16+00:00
SAO_8040-10,São Paulo,3550308,True,,33174,,,-23.504867,-46.7521245,,,,2,2023-06-14T05:31:23+00:00
SAO_8040-10,São Paulo,3550308,True,,33174,,,-23.437984,-46.771956,,,,2,2023-06-14T05:31:08+00:00
SAO_8040-10,São Paulo,3550308,True,,33174,,,-23.455455999999998,-46.756054,,,,2,2023-06-14T05:31:03+00:00
SAO_7001-10,São Paulo,3550308,True,,1722,,,-23.715165,-46.773805499999995,,,,1,2023-06-14T05:31:19+00:00
SAO_7001-10,São Paulo,3550308,True,,1722,,,-23.7247405,-46.7552985,,,,1,2023-06-14T05:31:42+00:00
SAO_7001-10,São Paulo,3550308,True,,1722,,,-23.6889305,-46.77293075,,,,1,2023-06-14T05:31:31+00:00
SAO_7001-10,São Paulo,3550308,True,,1722,,,-23.71497925,-46.77094325,,,,1,2023-06-14T05:31:18+00:00
SAO_7001-10,São Paulo,3550308,True,,1722,,,-23.7247405,-46.7552985,,,,1,2023-06-14T05:31:42+00:00
SAO_178Y-10,São Paulo,3550308,True,,868,,,-23.4902185,-46.6188515,,,,1,2023-06-14T05:31:28+00:00
SAO_178Y-10,São Paulo,3550308,True,,868,,,-23.475955874999997,-46.634215250000004,,,,1,2023-06-14T05:31:20+00:00
SAO_9717-10,São Paulo,3550308,True,,33585,,,-23.504057,-46.623647500000004,,,,2,2023-06-14T05:31:14+00:00
SAO_9717-10,São Paulo,3550308,True,,33585,,,-23.490866,-46.688945000000004,,,,2,2023-06-14T05:31:40+00:00
SAO_2290-10,São Paulo,3550308,True,,718,,,-23.5392205,-46.634851,,,,1,2023-06-14T05:31:12+00:00
SAO_2290-10,São Paulo,3550308,True,,718,,,-23.5330105,-46.563687,,,,1,2023-06-14T05:31:32+00:00
SAO_2290-10,São Paulo,3550308,True,,718,,,-23.546634500000003,-46.6300045,,,,1,2023-06-14T05:31:44+00:00
SAO_2290-10,São Paulo,3550308,True,,718,,,-23.5711865,-46.5065785,,,,1,2023-06-14T05:31:04+00:00
SAO_2290-10,São Paulo,3550308,True,,718,,,-23.551586999999998,-46.530832000000004,,,,1,2023-06-14T05:31:31+00:00
SAO_2290-10,São Paulo,3550308,True,,718,,,-23.5518875,-46.635358,,,,1,2023-06-14T05:31:17+00:00
SAO_2290-10,São Paulo,3550308,True,,718,,,-23.58171175,-46.49799425,,,,1,2023-06-14T05:31:19+00:00
SAO_2290-10,São Paulo,3550308,True,,718,,,-23.601889,-46.483127499999995,,,,1,2023-06-14T05:31:28+00:00
SAO_2290-10,São Paulo,3550308,True,,718,,,-23.5465215,-46.630083,,,,1,2023-06-14T05:31:08+00:00
SAO_2290-10,São Paulo,3550308,True,,718,,,-23.542485499999998,-46.627157,,,,1,2023-06-14T05:31:38+00:00
SAO_2290-10,São Paulo,3550308,True,,718,,,-23.53633625,-46.5875245,,,,1,2023-06-14T05:31:47+00:00
SAO_2290-10,São Paulo,3550308,True,,718,,,-23.5465725,-46.5420275,,,,1,2023-06-14T05:31:25+00:00
SAO_2290-10,São Paulo,3550308,True,,718,,,-23.5926885625,-46.4887616875,,,,1,2023-06-14T05:31:16+00:00
SAO_2290-10,São Paulo,3550308,True,,718,,,-23.546634500000003,-46.6300045,,,,1,2023-06-14T05:31:35+00:00
SAO_3019-10,São Paulo,3550308,True,,33725,,,-23.582577,-46.408426,,,,2,2023-06-14T05:31:22+00:00
SAO_352A-10,São Paulo,3550308,True,,164,,,-23.47527825,-46.4232065,,,,1,2023-06-14T05:30:39+00:00
SAO_352A-10,São Paulo,3550308,True,,164,,,-23.587206,-46.49083125,,,,1,2023-06-14T05:31:45+00:00
SAO_2678-10,São Paulo,3550308,True,,33151,,,-23.506402,-46.3862285,,,,2,2023-06-14T05:30:19+00:00
SAO_2678-10,São Paulo,3550308,True,,33151,,,-23.547307,-46.630022,,,,2,2023-06-14T05:31:46+00:00
SAO_2678-10,São Paulo,3550308,True,,33151,,,-23.507473,-46.480382,,,,2,2023-06-14T05:31:28+00:00
SAO_2678-10,São Paulo,3550308,True,,33151,,,-23.537876500000003,-46.597537125,,,,2,2023-06-14T05:31:45+00:00
SAO_2678-10,São Paulo,3550308,True,,33151,,,-23.511943000000002,-46.501031,,,,2,2023-06-14T05:31:23+00:00
SAO_2678-10,São Paulo,3550308,True,,33151,,,-23.492414,-46.377462,,,,2,2023-06-14T05:31:32+00:00
SAO_2678-10,São Paulo,3550308,True,,33151,,,-23.5175965,-46.522942,,,,2,2023-06-14T05:31:44+00:00
SAO_809H-10,São Paulo,3550308,True,,35013,,,-23.579083,-46.7458795,,,,2,2023-06-14T05:31:18+00:00
SAO_809H-10,São Paulo,3550308,True,,35013,,,-23.5501798125,-46.739363125,,,,2,2023-06-14T05:31:49+00:00
SAO_5164-10,São Paulo,3550308,True,,1283,,,-23.6183865,-46.639121,,,,1,2023-06-14T05:31:17+00:00
SAO_5164-10,São Paulo,3550308,True,,1283,,,-23.64759,-46.645392,,,,1,2023-06-14T05:31:22+00:00
SAO_5164-10,São Paulo,3550308,True,,1283,,,-23.6468385,-46.645112,,,,1,2023-06-14T05:31:31+00:00
SAO_5164-10,São Paulo,3550308,True,,1283,,,-23.649483500000002,-46.646519,,,,1,2023-06-14T05:31:33+00:00
SAO_516N-10,São Paulo,3550308,True,,33034,,,-23.687432,-46.633538,,,,2,2023-06-14T05:31:32+00:00
SAO_516N-10,São Paulo,3550308,True,,33034,,,-23.694032749999998,-46.64595975,,,,2,2023-06-14T05:31:20+00:00
SAO_516N-10,São Paulo,3550308,True,,33034,,,-23.585649,-46.6715685,,,,2,2023-06-14T05:31:33+00:00
SAO_938C-10,São Paulo,3550308,True,,33354,,,-23.53435325,-46.644056,,,,2,2023-06-14T05:31:23+00:00
SAO_938C-10,São Paulo,3550308,True,,33354,,,-23.507522,-46.705747,,,,2,2023-06-14T05:31:46+00:00
SAO_938C-10,São Paulo,3550308,True,,33354,,,-23.44866375,-46.71702125,,,,2,2023-06-14T05:31:28+00:00
SAO_233A-10,São Paulo,3550308,True,,33017,,,-23.5357075,-46.493848,,,,2,2023-06-14T05:31:40+00:00
SAO_233A-10,São Paulo,3550308,True,,33017,,,-23.479430999999998,-46.420737,,,,2,2023-06-14T05:31:21+00:00
SAO_8017-10,São Paulo,3550308,True,,1261,,,-23.449913875,-46.72128925,,,,1,2023-06-14T05:31:33+00:00
SAO_2727-10,São Paulo,3550308,True,,942,,,-23.540153,-46.483096,,,,1,2023-06-14T05:31:17+00:00
SAO_2727-10,São Paulo,3550308,True,,942,,,-23.540153,-46.483096,,,,1,2023-06-14T05:31:30+00:00
SAO_2727-10,São Paulo,3550308,True,,942,,,-23.540153,-46.483096,,,,1,2023-06-14T05:31:21+00:00
SAO_2727-10,São Paulo,3550308,True,,942,,,-23.539121375,-46.481944,,,,1,2023-06-14T05:30:36+00:00
SAO_2727-10,São Paulo,3550308,True,,942,,,-23.540153,-46.483096,,,,1,2023-06-14T05:31:37+00:00
SAO_2727-10,São Paulo,3550308,True,,942,,,-23.540153,-46.483096,,,,1,2023-06-14T05:31:43+00:00
SAO_2727-10,São Paulo,3550308,True,,942,,,-23.540153,-46.483096,,,,1,2023-06-14T05:31:15+00:00
SAO_2727-10,São Paulo,3550308,True,,942,,,-23.528239687499998,-46.4616185625,,,,1,2023-06-14T05:31:46+00:00
SAO_2727-10,São Paulo,3550308,True,,942,,,-23.540153,-46.483096,,,,1,2023-06-14T05:31:36+00:00
SAO_1756-10,São Paulo,3550308,True,,33315,,,-23.500336,-46.624546,,,,2,2023-06-14T05:31:30+00:00
SAO_1756-10,São Paulo,3550308,True,,33315,,,-23.464495499999998,-46.65211625,,,,2,2023-06-14T05:31:10+00:00
SAO_1756-10,São Paulo,3550308,True,,33315,,,-23.4580645,-46.6433105,,,,2,2023-06-14T05:31:32+00:00
SAO_3762-10,São Paulo,3550308,True,,1053,,,-23.5437,-46.5701625,,,,1,2023-06-14T05:31:08+00:00
SAO_3762-10,São Paulo,3550308,True,,1053,,,-23.57420325,-46.5310405,,,,1,2023-06-14T05:31:35+00:00
SAO_7002-10,São Paulo,3550308,True,,33540,,,-23.5725155,-46.7095475,,,,2,2023-06-14T05:31:15+00:00
SAO_7002-10,São Paulo,3550308,True,,33540,,,-23.590518,-46.76971475,,,,2,2023-06-14T05:31:23+00:00
SAO_2076-10,São Paulo,3550308,True,,368,,,-23.501893,-46.3736815,,,,1,2023-06-14T05:31:27+00:00
SAO_2076-10,São Paulo,3550308,True,,368,,,-23.494838,-46.437851499999994,,,,1,2023-06-14T05:31:22+00:00
SAO_2076-10,São Paulo,3550308,True,,368,,,-23.522916624999997,-46.542014875,,,,1,2023-06-14T05:31:33+00:00
SAO_5033-10,São Paulo,3550308,True,,34433,,,-23.6023425,-46.6026925,,,,2,2023-06-14T05:31:28+00:00
SAO_775A-10,São Paulo,3550308,True,,33241,,,-23.5623195,-46.7647105,,,,2,2023-06-14T05:31:30+00:00
SAO_775A-10,São Paulo,3550308,True,,33241,,,-23.56966175,-46.69150875,,,,2,2023-06-14T05:31:44+00:00
SAO_775A-10,São Paulo,3550308,True,,33241,,,-23.5619675,-46.7643025,,,,2,2023-06-14T05:31:36+00:00
SAO_407L-10,São Paulo,3550308,True,,2199,,,-23.590169500000002,-46.3950145,,,,1,2023-06-14T05:31:10+00:00
SAO_407L-10,São Paulo,3550308,True,,2199,,,-23.52782775,-46.51593075,,,,1,2023-06-14T05:31:19+00:00
SAO_407L-10,São Paulo,3550308,True,,2199,,,-23.580644,-46.4041795,,,,1,2023-06-14T05:30:52+00:00
SAO_407L-10,São Paulo,3550308,True,,2199,,,-23.528501,-46.5159915,,,,1,2023-06-14T05:31:18+00:00
SAO_5012-10,São Paulo,3550308,True,,33884,,,-23.6459105,-46.6397875,,,,2,2023-06-14T05:28:28+00:00
SAO_5012-10,São Paulo,3550308,True,,33884,,,-23.7097155,-46.6354455,,,,2,2023-06-14T05:31:31+00:00
SAO_5012-10,São Paulo,3550308,True,,33884,,,-23.696679,-46.635141000000004,,,,2,2023-06-14T05:31:32+00:00
SAO_5012-10,São Paulo,3550308,True,,33884,,,-23.6459105,-46.6397875,,,,2,2023-06-14T05:29:11+00:00
SAO_5012-10,São Paulo,3550308,True,,33884,,,-23.6459105,-46.6397875,,,,2,2023-06-14T05:30:54+00:00
SAO_5012-10,São Paulo,3550308,True,,33884,,,-23.6459105,-46.6397875,,,,2,2023-06-14T05:31:08+00:00
SAO_5012-10,São Paulo,3550308,True,,33884,,,-23.6459105,-46.6397875,,,,2,2023-06-14T05:30:34+00:00
SAO_5012-10,São Paulo,3550308,True,,33884,,,-23.6459105,-46.6397875,,,,2,2023-06-14T05:31:36+00:00
SAO_5012-10,São Paulo,3550308,True,,33884,,,-23.6701525,-46.642258,,,,2,2023-06-14T05:31:14+00:00
SAO_5012-10,São Paulo,3550308,True,,33884,,,-23.6459105,-46.6397875,,,,2,2023-06-14T05:30:18+00:00
SAO_5012-10,São Paulo,3550308,True,,33884,,,-23.6459105,-46.6397875,,,,2,2023-06-14T05:30:21+00:00
SAO_5012-10,São Paulo,3550308,True,,33884,,,-23.688210499999997,-46.634085,,,,2,2023-06-14T05:31:11+00:00
SAO_4210-10,São Paulo,3550308,True,,2170,,,-23.535697499999998,-46.558485000000005,,,,1,2023-06-14T05:31:29+00:00
SAO_4210-10,São Paulo,3550308,True,,2170,,,-23.594970500000002,-46.4320705,,,,1,2023-06-14T05:31:11+00:00
SAO_4210-10,São Paulo,3550308,True,,2170,,,-23.5671075,-46.505986,,,,1,2023-06-14T05:31:09+00:00
SAO_4210-10,São Paulo,3550308,True,,2170,,,-23.538731,-46.6048935,,,,1,2023-06-14T05:31:05+00:00
SAO_7060-10,São Paulo,3550308,True,,34657,,,-23.635189500000003,-46.775909,,,,2,2023-06-14T05:31:13+00:00
SAO_647P-10,São Paulo,3550308,True,,34084,,,-23.56881575,-46.692298750000006,,,,2,2023-06-14T05:31:47+00:00
SAO_647P-10,São Paulo,3550308,True,,34084,,,-23.622735,-46.733772,,,,2,2023-06-14T05:31:06+00:00
SAO_647P-10,São Paulo,3550308,True,,34084,,,-23.6582785,-46.760383000000004,,,,2,2023-06-14T05:31:14+00:00
SAO_647P-10,São Paulo,3550308,True,,34084,,,-23.674748,-46.78398249999999,,,,2,2023-06-14T05:31:31+00:00
SAO_4012-10,São Paulo,3550308,True,,2185,,,-23.612038499999997,-46.4762595,,,,1,2023-06-14T05:31:34+00:00
SAO_4012-10,São Paulo,3550308,True,,2185,,,-23.606361874999997,-46.443740500000004,,,,1,2023-06-14T05:31:23+00:00
SAO_695Y-10,São Paulo,3550308,True,,1198,,,-23.7681395,-46.717362875,,,,1,2023-06-14T05:31:43+00:00
SAO_695Y-10,São Paulo,3550308,True,,1198,,,-23.773636,-46.720771,,,,1,2023-06-14T05:31:25+00:00
SAO_695Y-10,São Paulo,3550308,True,,1198,,,-23.596363625,-46.651486375000005,,,,1,2023-06-14T05:31:36+00:00
SAO_695Y-10,São Paulo,3550308,True,,1198,,,-23.8269145,-46.727439,,,,1,2023-06-14T05:31:03+00:00
SAO_695Y-10,São Paulo,3550308,True,,1198,,,-23.702572625000002,-46.701214625,,,,1,2023-06-14T05:31:46+00:00
SAO_6019-10,São Paulo,3550308,True,,34258,,,-23.669815749999998,-46.73685449999999,,,,2,2023-06-14T05:31:23+00:00
SAO_5108-10,São Paulo,3550308,True,,1675,,,-23.662470499999998,-46.619994999999996,,,,1,2023-06-14T05:30:44+00:00
SAO_5108-10,São Paulo,3550308,True,,1675,,,-23.64901575,-46.61358575,,,,1,2023-06-14T05:31:43+00:00
SAO_5108-10,São Paulo,3550308,True,,1675,,,-23.5581705,-46.6318205,,,,1,2023-06-14T05:31:19+00:00
SAO_2721-10,São Paulo,3550308,True,,33702,,,-23.5144155,-46.443856499999995,,,,2,2023-06-14T05:31:03+00:00
SAO_2721-10,São Paulo,3550308,True,,33702,,,-23.5196375,-46.4094415,,,,2,2023-06-14T05:31:46+00:00
SAO_2721-10,São Paulo,3550308,True,,33702,,,-23.519512499999998,-46.4094765,,,,2,2023-06-14T05:31:05+00:00
SAO_2721-10,São Paulo,3550308,True,,33702,,,-23.500211,-46.4112635,,,,2,2023-06-14T05:31:44+00:00
SAO_6057-10,São Paulo,3550308,True,,33916,,,-23.766202,-46.7087025,,,,2,2023-06-14T05:31:44+00:00
SAO_6057-10,São Paulo,3550308,True,,33916,,,-23.766202,-46.7087025,,,,2,2023-06-14T05:31:34+00:00
SAO_6057-10,São Paulo,3550308,True,,33916,,,-23.765654,-46.70358924999999,,,,2,2023-06-14T05:31:48+00:00
SAO_1178-10,São Paulo,3550308,True,,32900,,,-23.540038625,-46.633901124999994,,,,2,2023-06-14T05:31:06+00:00
SAO_1178-10,São Paulo,3550308,True,,32900,,,-23.504152499999996,-46.432775,,,,2,2023-06-14T05:31:06+00:00
SAO_1178-10,São Paulo,3550308,True,,32900,,,-23.499057999999998,-46.467495,,,,2,2023-06-14T05:31:07+00:00
SAO_1178-10,São Paulo,3550308,True,,32900,,,-23.527853375,-46.58040375,,,,2,2023-06-14T05:31:14+00:00
SAO_1178-10,São Paulo,3550308,True,,32900,,,-23.530341,-46.589765,,,,2,2023-06-14T05:31:41+00:00
SAO_1178-10,São Paulo,3550308,True,,32900,,,-23.4983885,-46.464096,,,,2,2023-06-14T05:31:04+00:00
SAO_1178-10,São Paulo,3550308,True,,32900,,,-23.49155975,-46.44657925,,,,2,2023-06-14T05:31:00+00:00
SAO_1178-10,São Paulo,3550308,True,,32900,,,-23.50278875,-46.47767,,,,2,2023-06-14T05:31:14+00:00
SAO_809V-10,São Paulo,3550308,True,,35011,,,-23.5621635,-46.674863,,,,2,2023-06-14T05:31:25+00:00
SAO_273F-10,São Paulo,3550308,True,,32927,,,-23.526847500000002,-46.446185,,,,2,2023-06-14T05:31:10+00:00
SAO_273F-10,São Paulo,3550308,True,,32927,,,-23.4896375,-46.417036249999995,,,,2,2023-06-14T05:31:03+00:00
SAO_2005-10,São Paulo,3550308,True,,893,,,-23.489856250000003,-46.393434,,,,1,2023-06-14T05:31:05+00:00
SAO_3063-10,São Paulo,3550308,True,EMTU,253,https://moovitapp.com/index/pt-br/transporte_p%C3%BAblico-line-253-Sao_Paulo-242-2038937-36419364-0,5.4,-23.5653435,-46.415782500000006,,,,1,2023-06-14T05:31:16+00:00
SAO_3063-10,São Paulo,3550308,True,EMTU,253,https://moovitapp.com/index/pt-br/transporte_p%C3%BAblico-line-253-Sao_Paulo-242-2038937-36419364-0,5.4,-23.58459925,-46.41492925,,,,1,2023-06-14T05:27:53+00:00
SAO_3063-10,São Paulo,3550308,True,EMTU,253,https://moovitapp.com/index/pt-br/transporte_p%C3%BAblico-line-253-Sao_Paulo-242-2038937-36419364-0,5.4,-23.6052745,-46.471232,,,,1,2023-06-14T05:31:09+00:00
SAO_3063-10,São Paulo,3550308,True,EMTU,253,https://moovitapp.com/index/pt-br/transporte_p%C3%BAblico-line-253-Sao_Paulo-242-2038937-36419364-0,5.4,-23.603368000000003,-46.47088875,,,,1,2023-06-14T05:31:44+00:00
SAO_809L-10,São Paulo,3550308,True,,34717,,,-23.607010375,-46.750833875,,,,2,2023-06-14T05:31:14+00:00
SAO_407Y-10,São Paulo,3550308,True,,2206,,,-23.5703855,-46.489906500000004,,,,1,2023-06-14T05:31:30+00:00
SAO_407Y-10,São Paulo,3550308,True,,2206,,,-23.574747625,-46.555035,,,,1,2023-06-14T05:31:32+00:00
SAO_6058-10,São Paulo,3550308,True,,33917,,,-23.769750000000002,-46.714714,,,,2,2023-06-14T05:31:27+00:00
SAO_6058-10,São Paulo,3550308,True,,33917,,,-23.7695835,-46.7148705,,,,2,2023-06-14T05:31:29+00:00
SAO_6058-10,São Paulo,3550308,True,,33917,,,-23.769851000000003,-46.676743,,,,2,2023-06-14T05:31:21+00:00
SAO_6058-10,São Paulo,3550308,True,,33917,,,-23.769588,-46.6772535,,,,2,2023-06-14T05:31:43+00:00
SAO_6058-10,São Paulo,3550308,True,,33917,,,-23.767194,-46.716251,,,,2,2023-06-14T05:31:25+00:00
SAO_508L-10,São Paulo,3550308,True,,32885,,,-23.5523945,-46.632870499999996,,,,2,2023-06-14T05:31:38+00:00
SAO_508L-10,São Paulo,3550308,True,,32885,,,-23.5338515,-46.644406000000004,,,,2,2023-06-14T05:31:07+00:00
SAO_508L-10,São Paulo,3550308,True,,32885,,,-23.543206,-46.6386375,,,,2,2023-06-14T05:31:34+00:00
SAO_938V-10,São Paulo,3550308,True,STT,813,https://moovitapp.com/index/pt-br/transporte_p%C3%BAblico-line-813-Sao_Paulo-242-850661-183360-0,5.3,-23.452056499999998,-46.686962,,,,1,2023-06-14T05:31:45+00:00
SAO_938V-10,São Paulo,3550308,True,STT,813,https://moovitapp.com/index/pt-br/transporte_p%C3%BAblico-line-813-Sao_Paulo-242-850661-183360-0,5.3,-23.4520905,-46.686641,,,,1,2023-06-14T05:31:45+00:00
SAO_938V-10,São Paulo,3550308,True,STT,813,https://moovitapp.com/index/pt-br/transporte_p%C3%BAblico-line-813-Sao_Paulo-242-850661-183360-0,5.3,-23.505134249999998,-46.6888445,,,,1,2023-06-14T05:31:24+00:00
SAO_938V-10,São Paulo,3550308,True,STT,813,https://moovitapp.com/index/pt-br/transporte_p%C3%BAblico-line-813-Sao_Paulo-242-850661-183360-0,5.3,-23.4921025,-46.6962185,,,,1,2023-06-14T05:31:47+00:00
SAO_107T-10,São Paulo,3550308,True,,621,,,-23.518316,-46.628175999999996,,,,1,2023-06-14T05:31:43+00:00
SAO_107T-10,São Paulo,3550308,True,,621,,,-23.560438875000003,-46.662642,,,,1,2023-06-14T05:31:23+00:00
SAO_107T-10,São Paulo,3550308,True,,621,,,-23.4808435,-46.604151,,,,1,2023-06-14T05:31:34+00:00
SAO_107T-10,São Paulo,3550308,True,,621,,,-23.565837000000002,-46.7022295,,,,1,2023-06-14T05:31:09+00:00
SAO_607A-10,São Paulo,3550308,True,,2139,,,-23.68253,-46.693040499999995,,,,1,2023-06-14T05:31:03+00:00
SAO_607A-10,São Paulo,3550308,True,,2139,,,-23.6669335,-46.705710499999995,,,,1,2023-06-14T05:31:02+00:00
SAO_7550-10,São Paulo,3550308,True,,34861,,,-23.6546575,-46.7166435,,,,2,2023-06-14T05:31:44+00:00
SAO_7550-10,São Paulo,3550308,True,,34861,,,-23.6084115,-46.676658,,,,2,2023-06-14T05:31:34+00:00
SAO_7550-10,São Paulo,3550308,True,,34861,,,-23.538724000000002,-46.648355,,,,2,2023-06-14T05:31:21+00:00
SAO_7550-10,São Paulo,3550308,True,,34861,,,-23.569668,-46.6509615,,,,2,2023-06-14T05:31:47+00:00
SAO_172P-10,São Paulo,3550308,True,,33626,,,-23.4418065,-46.5890285,,,,2,2023-06-14T05:31:19+00:00
SAO_172P-10,São Paulo,3550308,True,,33626,,,-23.438558999999998,-46.581469,,,,2,2023-06-14T05:30:04+00:00
SAO_172P-10,São Paulo,3550308,True,,33626,,,-23.541961124999997,-46.589186749999996,,,,2,2023-06-14T05:31:06+00:00
SAO_172P-10,São Paulo,3550308,True,,33626,,,-23.47934825,-46.578801500000004,,,,2,2023-06-14T05:28:10+00:00
SAO_4025-10,São Paulo,3550308,True,,33863,,,-23.5688775,-46.5763215,,,,2,2023-06-14T05:31:33+00:00
SAO_4025-10,São Paulo,3550308,True,,33863,,,-23.605126,-46.5661695,,,,2,2023-06-14T05:31:24+00:00
SAO_4025-10,São Paulo,3550308,True,,33863,,,-23.607989375000002,-46.553975375,,,,2,2023-06-14T05:31:09+00:00
SAO_1024-10,São Paulo,3550308,True,,35070,,,-23.488280500000002,-46.6978755,,,,2,2023-06-14T05:31:13+00:00
SAO_1024-10,São Paulo,3550308,True,,35070,,,-23.467734999999998,-46.697888000000006,,,,2,2023-06-14T05:31:30+00:00
SAO_1024-10,São Paulo,3550308,True,,35070,,,-23.4578855,-46.705899,,,,2,2023-06-14T05:31:27+00:00
SAO_9032-10,São Paulo,3550308,True,STT,880,https://moovitapp.com/index/pt-br/transporte_p%C3%BAblico-line-880-Sao_Paulo-242-850661-183362-0,5.3,-23.455257625,-46.6946565,,,,1,2023-06-14T05:31:34+00:00
SAO_9032-10,São Paulo,3550308,True,STT,880,https://moovitapp.com/index/pt-br/transporte_p%C3%BAblico-line-880-Sao_Paulo-242-850661-183362-0,5.3,-23.446290750000003,-46.692449249999996,,,,1,2023-06-14T05:31:33+00:00
SAO_1709-10,São Paulo,3550308,True,,851,,,-23.4412375,-46.5814765,,,,1,2023-06-14T05:31:03+00:00
SAO_1709-10,São Paulo,3550308,True,,851,,,-23.4412375,-46.5814765,,,,1,2023-06-14T05:30:55+00:00
SAO_1709-10,São Paulo,3550308,True,,851,,,-23.4412375,-46.5814765,,,,1,2023-06-14T05:31:24+00:00
SAO_1709-10,São Paulo,3550308,True,,851,,,-23.4412375,-46.5814765,,,,1,2023-06-14T05:28:25+00:00
SAO_1709-10,São Paulo,3550308,True,,851,,,-23.4412375,-46.5814765,,,,1,2023-06-14T05:31:17+00:00
SAO_1709-10,São Paulo,3550308,True,,851,,,-23.449037,-46.59597,,,,1,2023-06-14T05:31:32+00:00
SAO_1709-10,São Paulo,3550308,True,,851,,,-23.4412375,-46.5814765,,,,1,2023-06-14T05:31:25+00:00
SAO_1709-10,São Paulo,3550308,True,,851,,,-23.4412375,-46.5814765,,,,1,2023-06-14T05:31:23+00:00
SAO_1709-10,São Paulo,3550308,True,,851,,,-23.4412375,-46.5814765,,,,1,2023-06-14T05:31:00+00:00
SAO_1709-10,São Paulo,3550308,True,,851,,,-23.4412375,-46.5814765,,,,1,2023-06-14T05:31:24+00:00
SAO_1709-10,São Paulo,3550308,True,,851,,,-23.4412375,-46.5814765,,,,1,2023-06-14T05:31:26+00:00
SAO_1709-10,São Paulo,3550308,True,,851,,,-23.4412375,-46.5814765,,,,1,2023-06-14T05:31:00+00:00
SAO_1709-10,São Paulo,3550308,True,,851,,,-23.4412375,-46.5814765,,,,1,2023-06-14T05:31:06+00:00
SAO_2666-10,São Paulo,3550308,True,,33146,,,-23.51768925,-46.388467500000004,,,,2,2023-06-14T05:31:31+00:00
SAO_2666-10,São Paulo,3550308,True,,33146,,,-23.49155975,-46.44657925,,,,2,2023-06-14T05:31:23+00:00
SAO_2666-10,São Paulo,3550308,True,,33146,,,-23.5169485,-46.3890475,,,,2,2023-06-14T05:31:32+00:00
SAO_2666-10,São Paulo,3550308,True,,33146,,,-23.51828025,-46.3879975,,,,2,2023-06-14T05:31:03+00:00
SAO_2666-10,São Paulo,3550308,True,,33146,,,-23.546655,-46.630598,,,,2,2023-06-14T05:31:46+00:00
SAO_2666-10,São Paulo,3550308,True,,33146,,,-23.516187000000002,-46.5208335,,,,2,2023-06-14T05:31:38+00:00
SAO_2666-10,São Paulo,3550308,True,,33146,,,-23.546655,-46.630598,,,,2,2023-06-14T05:31:02+00:00
SAO_5032-10,São Paulo,3550308,True,,34430,,,-23.636301000000003,-46.593498499999995,,,,2,2023-06-14T05:31:31+00:00
SAO_5032-10,São Paulo,3550308,True,,34430,,,-23.636195999999998,-46.5934805,,,,2,2023-06-14T05:31:27+00:00
SAO_5032-10,São Paulo,3550308,True,,34430,,,-23.59882125,-46.59797275,,,,2,2023-06-14T05:31:26+00:00
SAO_675A-10,São Paulo,3550308,True,,1318,,,-23.6463705,-46.730281000000005,,,,1,2023-06-14T05:31:27+00:00
SAO_675A-10,São Paulo,3550308,True,,1318,,,-23.612108624999998,-46.650991375000004,,,,1,2023-06-14T05:31:41+00:00
SAO_3718-10,São Paulo,3550308,True,,1013,,,-23.5472815,-46.481521,,,,1,2023-06-14T05:31:43+00:00
SAO_3718-10,São Paulo,3550308,True,,1013,,,-23.554206999999998,-46.49043975,,,,1,2023-06-14T05:31:16+00:00
SAO_3718-10,São Paulo,3550308,True,,1013,,,-23.557025,-46.4865765,,,,1,2023-06-14T05:31:46+00:00
SAO_3718-10,São Paulo,3550308,True,,1013,,,-23.557025,-46.4865765,,,,1,2023-06-14T05:31:09+00:00
SAO_3718-10,São Paulo,3550308,True,,1013,,,-23.557025,-46.4865765,,,,1,2023-06-14T05:31:25+00:00
SAO_5110-10,São Paulo,3550308,True,,34977,,,-23.610891,-46.4864075,,,,2,2023-06-14T05:31:12+00:00
SAO_5110-10,São Paulo,3550308,True,,34977,,,-23.599069749999998,-46.53139025,,,,2,2023-06-14T05:31:14+00:00
SAO_5110-10,São Paulo,3550308,True,,34977,,,-23.599552,-46.529858000000004,,,,2,2023-06-14T05:31:27+00:00
SAO_5110-10,São Paulo,3550308,True,,34977,,,-23.568081999999997,-46.6090905,,,,2,2023-06-14T05:31:27+00:00
SAO_5110-10,São Paulo,3550308,True,,34977,,,-23.6141145,-46.476496999999995,,,,2,2023-06-14T05:31:28+00:00
SAO_5110-10,São Paulo,3550308,True,,34977,,,-23.6135545,-46.476344499999996,,,,2,2023-06-14T05:31:26+00:00
SAO_5110-10,São Paulo,3550308,True,,34977,,,-23.610891,-46.4864075,,,,2,2023-06-14T05:30:44+00:00
SAO_1034-10,São Paulo,3550308,True,,2452,,,-23.485937,-46.710612499999996,,,,1,2023-06-14T05:31:31+00:00
SAO_4020-10,São Paulo,3550308,True,,2530,,,-23.589437,-46.438303,,,,1,2023-06-14T05:31:23+00:00
SAO_4020-10,São Paulo,3550308,True,,2530,,,-23.534623,-46.4529845,,,,1,2023-06-14T05:31:10+00:00
SAO_573A-10,São Paulo,3550308,True,,34405,,,-23.5469055,-46.6063945,,,,2,2023-06-14T05:31:44+00:00
SAO_573A-10,São Paulo,3550308,True,,34405,,,-23.5470055,-46.606573499999996,,,,2,2023-06-14T05:28:52+00:00
SAO_573A-10,São Paulo,3550308,True,,34405,,,-23.59778,-46.5610085,,,,2,2023-06-14T05:31:15+00:00
SAO_778R-10,São Paulo,3550308,True,,33277,,,-23.556492499999997,-46.665206,,,,2,2023-06-14T05:31:39+00:00
SAO_778R-10,São Paulo,3550308,True,,33277,,,-23.53587225,-46.645671500000006,,,,2,2023-06-14T05:31:09+00:00
SAO_778R-10,São Paulo,3550308,True,,33277,,,-23.5754325,-46.7176135,,,,2,2023-06-14T05:31:10+00:00
SAO_778R-10,São Paulo,3550308,True,,33277,,,-23.582862,-46.733851,,,,2,2023-06-14T05:31:45+00:00
SAO_3004-10,São Paulo,3550308,True,,1798,,,-23.4924305,-46.416829250000006,,,,1,2023-06-14T05:31:28+00:00
SAO_2722-10,São Paulo,3550308,True,,33703,,,-23.5273885,-46.5142805,,,,2,2023-06-14T05:31:13+00:00
SAO_2722-10,São Paulo,3550308,True,,33703,,,-23.4930925,-46.49988925,,,,2,2023-06-14T05:31:14+00:00
SAO_2722-10,São Paulo,3550308,True,,33703,,,-23.4905365,-46.49019025,,,,2,2023-06-14T05:31:36+00:00
SAO_3739-10,São Paulo,3550308,True,,1039,,,-23.546198500000003,-46.461079999999995,,,,1,2023-06-14T05:31:10+00:00
SAO_3739-10,São Paulo,3550308,True,,1039,,,-23.542442,-46.470101,,,,1,2023-06-14T05:31:36+00:00
SAO_3739-10,São Paulo,3550308,True,,1039,,,-23.579055999999998,-46.442871124999996,,,,1,2023-06-14T05:31:46+00:00
SAO_3739-10,São Paulo,3550308,True,,1039,,,-23.5879805,-46.4426885,,,,1,2023-06-14T05:31:23+00:00
SAO_3739-10,São Paulo,3550308,True,,1039,,,-23.5973705,-46.434762500000005,,,,1,2023-06-14T05:31:35+00:00
SAO_2780-10,São Paulo,3550308,True,EMTU,399,https://moovitapp.com/index/pt-br/transporte_p%C3%BAblico-line-399-Sao_Paulo-242-2038937-36419463-0,6.45,-23.5279305,-46.447353,,,,1,2023-06-14T05:31:15+00:00
SAO_3778-10,São Paulo,3550308,True,,33830,,,-23.5699735,-46.486311,,,,2,2023-06-14T05:31:45+00:00
SAO_3778-10,São Paulo,3550308,True,,33830,,,-23.5455355,-46.544327499999994,,,,2,2023-06-14T05:31:31+00:00
SAO_3778-10,São Paulo,3550308,True,,33830,,,-23.570103,-46.486686,,,,2,2023-06-14T05:31:39+00:00
SAO_3778-10,São Paulo,3550308,True,,33830,,,-23.573487,-46.493708,,,,2,2023-06-14T05:31:09+00:00
SAO_3778-10,São Paulo,3550308,True,,33830,,,-23.5726495,-46.504860875,,,,2,2023-06-14T05:31:21+00:00
SAO_971V-10,São Paulo,3550308,True,,33387,,,-23.451152999999998,-46.690967,,,,2,2023-06-14T05:31:36+00:00
SAO_971V-10,São Paulo,3550308,True,,33387,,,-23.499936249999998,-46.64690075,,,,2,2023-06-14T05:31:39+00:00
SAO_971V-10,São Paulo,3550308,True,,33387,,,-23.451152999999998,-46.690967,,,,2,2023-06-14T05:31:11+00:00
SAO_971V-10,São Paulo,3550308,True,,33387,,,-23.4805725,-46.6731805,,,,2,2023-06-14T05:31:35+00:00
SAO_971V-10,São Paulo,3550308,True,,33387,,,-23.504861374999997,-46.624694625000004,,,,2,2023-06-14T05:31:38+00:00
SAO_9009-10,São Paulo,3550308,True,,877,,,-23.4516405,-46.700128,,,,1,2023-06-14T05:31:40+00:00
SAO_6825-10,São Paulo,3550308,True,,32782,,,-23.67899,-46.795347,,,,2,2023-06-14T05:31:11+00:00
SAO_273G-10,São Paulo,3550308,True,,32991,,,-23.481525249999997,-46.41659775,,,,2,2023-06-14T05:31:02+00:00
SAO_273G-10,São Paulo,3550308,True,,32991,,,-23.48150775,-46.41633925,,,,2,2023-06-14T05:31:09+00:00
SAO_273G-10,São Paulo,3550308,True,,32991,,,-23.481525249999997,-46.41659775,,,,2,2023-06-14T05:31:43+00:00
SAO_273G-10,São Paulo,3550308,True,,32991,,,-23.500419,-46.469609500000004,,,,2,2023-06-14T05:31:22+00:00
SAO_273G-10,São Paulo,3550308,True,,32991,,,-23.529199875,-46.474048499999995,,,,2,2023-06-14T05:31:27+00:00
SAO_273G-10,São Paulo,3550308,True,,32991,,,-23.481939,-46.430823000000004,,,,2,2023-06-14T05:31:21+00:00
SAO_5129-41,São Paulo,3550308,True,,34742,,,-23.6535105,-46.668632,,,,2,2023-06-14T05:31:44+00:00
SAO_5129-41,São Paulo,3550308,True,,34742,,,-23.6571954375,-46.6958015,,,,2,2023-06-14T05:31:08+00:00
SAO_5129-41,São Paulo,3550308,True,,34742,,,-23.6818485,-46.637181,,,,2,2023-06-14T05:31:37+00:00
SAO_2008-10,São Paulo,3550308,True,,33665,,,-23.513869999999997,-46.391301999999996,,,,2,2023-06-14T05:31:06+00:00
SAO_2008-10,São Paulo,3550308,True,,33665,,,-23.5188675,-46.3875915,,,,2,2023-06-14T05:31:46+00:00
SAO_2008-10,São Paulo,3550308,True,,33665,,,-23.4942305,-46.401536,,,,2,2023-06-14T05:31:10+00:00
SAO_5103-10,São Paulo,3550308,True,,1646,,,-23.6032445,-46.602611499999995,,,,1,2023-06-14T05:31:11+00:00
SAO_5103-10,São Paulo,3550308,True,,1646,,,-23.6014935,-46.655564,,,,1,2023-06-14T05:31:40+00:00
SAO_5103-10,São Paulo,3550308,True,,1646,,,-23.603091499999998,-46.602479,,,,1,2023-06-14T05:31:35+00:00
SAO_3462-10,São Paulo,3550308,True,,33015,,,-23.530570500000003,-46.470275,,,,2,2023-06-14T05:31:34+00:00
SAO_3462-10,São Paulo,3550308,True,,33015,,,-23.538123,-46.562737,,,,2,2023-06-14T05:30:28+00:00
SAO_3462-10,São Paulo,3550308,True,,33015,,,-23.5231385,-46.5208425,,,,2,2023-06-14T05:31:05+00:00
SAO_6030-10,São Paulo,3550308,True,,33910,,,-23.735186125,-46.703917125000004,,,,2,2023-06-14T05:31:38+00:00
SAO_6030-10,São Paulo,3550308,True,,33910,,,-23.702261874999998,-46.701778125000004,,,,2,2023-06-14T05:31:37+00:00
SAO_2014-10,São Paulo,3550308,True,,33668,,,-23.458364500000002,-46.667662,,,,2,2023-06-14T05:31:24+00:00
SAO_2014-10,São Paulo,3550308,True,,33668,,,-23.52644,-46.66704,,,,2,2023-06-14T05:31:30+00:00
SAO_2014-10,São Paulo,3550308,True,,33668,,,-23.52644,-46.66704,,,,2,2023-06-14T05:31:25+00:00
SAO_2014-10,São Paulo,3550308,True,,33668,,,-23.49589675,-46.660531875000004,,,,2,2023-06-14T05:31:18+00:00
SAO_2014-10,São Paulo,3550308,True,,33668,,,-23.52644,-46.66704,,,,2,2023-06-14T05:31:43+00:00
SAO_2014-10,São Paulo,3550308,True,,33668,,,-23.5246085,-46.670619,,,,2,2023-06-14T05:31:20+00:00
SAO_2014-10,São Paulo,3550308,True,,33668,,,-23.525684,-46.670137499999996,,,,2,2023-06-14T05:31:38+00:00
SAO_8300-10,São Paulo,3550308,True,,34032,,,-23.520215999999998,-46.700196000000005,,,,2,2023-06-14T05:31:35+00:00
SAO_8300-10,São Paulo,3550308,True,,34032,,,-23.485965,-46.726443374999995,,,,2,2023-06-14T05:31:28+00:00
SAO_8300-10,São Paulo,3550308,True,,34032,,,-23.489748,-46.710138,,,,2,2023-06-14T05:31:38+00:00
SAO_3766-10,São Paulo,3550308,True,,33823,,,-23.5430025,-46.47133650000001,,,,2,2023-06-14T05:31:18+00:00
SAO_3766-10,São Paulo,3550308,True,,33823,,,-23.535265250000002,-46.4387115,,,,2,2023-06-14T05:31:05+00:00
SAO_3766-10,São Paulo,3550308,True,,33823,,,-23.5414565,-46.4498525,,,,2,2023-06-14T05:31:16+00:00
SAO_4027-10,São Paulo,3550308,True,,33865,,,-23.620516000000002,-46.4668725,,,,2,2023-06-14T05:31:48+00:00
SAO_4027-10,São Paulo,3550308,True,,33865,,,-23.625573,-46.4626455,,,,2,2023-06-14T05:31:14+00:00
SAO_4027-10,São Paulo,3550308,True,,33865,,,-23.625357,-46.4633855,,,,2,2023-06-14T05:31:17+00:00
SAO_4027-10,São Paulo,3550308,True,,33865,,,-23.5931925,-46.489129500000004,,,,2,2023-06-14T05:31:21+00:00
SAO_6075-10,São Paulo,3550308,True,,33930,,,-23.797689499999997,-46.7382825,,,,2,2023-06-14T05:31:35+00:00
SAO_6075-10,São Paulo,3550308,True,,33930,,,-23.797689499999997,-46.7382825,,,,2,2023-06-14T05:31:06+00:00
SAO_6075-10,São Paulo,3550308,True,,33930,,,-23.79731,-46.737770999999995,,,,2,2023-06-14T05:31:42+00:00
SAO_6075-10,São Paulo,3550308,True,,33930,,,-23.797689499999997,-46.7382825,,,,2,2023-06-14T05:31:33+00:00
SAO_4029-10,São Paulo,3550308,True,,1099,,,-23.612157500000002,-46.477629,,,,1,2023-06-14T05:31:16+00:00
SAO_4029-10,São Paulo,3550308,True,,1099,,,-23.585518,-46.58293475,,,,1,2023-06-14T05:31:08+00:00
SAO_4029-10,São Paulo,3550308,True,,1099,,,-23.6109815,-46.4835785,,,,1,2023-06-14T05:31:29+00:00
SAO_4029-10,São Paulo,3550308,True,,1099,,,-23.6107595,-46.486537,,,,1,2023-06-14T05:31:43+00:00
SAO_4029-10,São Paulo,3550308,True,,1099,,,-23.58163475,-46.583984,,,,1,2023-06-14T05:31:08+00:00
SAO_4029-10,São Paulo,3550308,True,,1099,,,-23.5853015,-46.583083,,,,1,2023-06-14T05:31:07+00:00
SAO_1732-10,São Paulo,3550308,True,,671,,,-23.5054105,-46.6422455,,,,1,2023-06-14T05:31:37+00:00
SAO_1732-10,São Paulo,3550308,True,,671,,,-23.540298,-46.647906000000006,,,,1,2023-06-14T05:31:04+00:00
SAO_1785-10,São Paulo,3550308,True,,34584,,,-23.478056000000002,-46.6228885,,,,2,2023-06-14T05:31:42+00:00
SAO_1785-10,São Paulo,3550308,True,,34584,,,-23.4781285,-46.6229335,,,,2,2023-06-14T05:31:11+00:00
SAO_748R-10,São Paulo,3550308,True,,33269,,,-23.5999665,-46.7844135,,,,2,2023-06-14T05:31:29+00:00
SAO_748R-10,São Paulo,3550308,True,,33269,,,-23.585937,-46.758838499999996,,,,2,2023-06-14T05:31:37+00:00
SAO_748R-10,São Paulo,3550308,True,,33269,,,-23.5635715,-46.748678,,,,2,2023-06-14T05:31:26+00:00
SAO_748R-10,São Paulo,3550308,True,,33269,,,-23.53467,-46.7140415,,,,2,2023-06-14T05:31:09+00:00
SAO_748R-10,São Paulo,3550308,True,,33269,,,-23.593501000000003,-46.7853225,,,,2,2023-06-14T05:31:23+00:00
SAO_748R-10,São Paulo,3550308,True,,33269,,,-23.5263085,-46.6738405,,,,2,2023-06-14T05:31:08+00:00
SAO_8008-10,São Paulo,3550308,True,,1258,,,-23.4860235,-46.739406,,,,1,2023-06-14T05:31:03+00:00
SAO_5131-10,São Paulo,3550308,True,,1282,,,-23.54752,-46.631861,,,,1,2023-06-14T05:31:09+00:00
SAO_5131-10,São Paulo,3550308,True,,1282,,,-23.6205565,-46.6834085,,,,1,2023-06-14T05:31:39+00:00
SAO_5131-10,São Paulo,3550308,True,,1282,,,-23.66491225,-46.668946250000005,,,,1,2023-06-14T05:31:17+00:00
SAO_2707-10,São Paulo,3550308,True,,33687,,,-23.542055,-46.471434,,,,2,2023-06-14T05:31:38+00:00
SAO_2707-10,São Paulo,3550308,True,,33687,,,-23.5419685,-46.4697735,,,,2,2023-06-14T05:31:46+00:00
SAO_2707-10,São Paulo,3550308,True,,33687,,,-23.5326615,-46.44805375,,,,2,2023-06-14T05:31:36+00:00
SAO_2707-10,São Paulo,3550308,True,,33687,,,-23.530773500000002,-46.445034,,,,2,2023-06-14T05:30:46+00:00
SAO_2707-10,São Paulo,3550308,True,,33687,,,-23.532632,-46.407225499999996,,,,2,2023-06-14T05:30:39+00:00
SAO_3010-10,São Paulo,3550308,True,,35311,,,-23.517386000000002,-46.4759985,,,,2,2023-06-14T05:31:40+00:00
SAO_1783-10,São Paulo,3550308,True,,33412,,,-23.40741725,-46.58134825,,,,2,2023-06-14T05:28:32+00:00
SAO_1783-10,São Paulo,3550308,True,,33412,,,-23.5024435,-46.623836,,,,2,2023-06-14T05:31:37+00:00
SAO_1783-10,São Paulo,3550308,True,,33412,,,-23.482988499999998,-46.613475125,,,,2,2023-06-14T05:29:03+00:00
SAO_675P-10,São Paulo,3550308,True,STT,275,https://moovitapp.com/index/pt-br/transporte_p%C3%BAblico-line-275-Sao_Paulo-242-850661-183275-0,5.3,-23.648326,-46.645797,,,,1,2023-06-14T05:31:12+00:00
SAO_675P-10,São Paulo,3550308,True,STT,275,https://moovitapp.com/index/pt-br/transporte_p%C3%BAblico-line-275-Sao_Paulo-242-850661-183275-0,5.3,-23.6382755,-46.641268499999995,,,,1,2023-06-14T05:31:27+00:00
SAO_675P-10,São Paulo,3550308,True,STT,275,https://moovitapp.com/index/pt-br/transporte_p%C3%BAblico-line-275-Sao_Paulo-242-850661-183275-0,5.3,-23.6387555,-46.632828,,,,1,2023-06-14T05:31:37+00:00
SAO_675P-10,São Paulo,3550308,True,STT,275,https://moovitapp.com/index/pt-br/transporte_p%C3%BAblico-line-275-Sao_Paulo-242-850661-183275-0,5.3,-23.658919,-46.699098,,,,1,2023-06-14T05:31:45+00:00
SAO_675P-10,São Paulo,3550308,True,STT,275,https://moovitapp.com/index/pt-br/transporte_p%C3%BAblico-line-275-Sao_Paulo-242-850661-183275-0,5.3,-23.6488865,-46.646154499999994,,,,1,2023-06-14T05:31:31+00:00
SAO_1742-10,São Paulo,3550308,True,EMTU,542,https://moovitapp.com/index/pt-br/transporte_p%C3%BAblico-line-542-Sao_Paulo-242-2038937-59914572-0,5.4,-23.502429499999998,-46.624207,,,,1,2023-06-14T05:31:27+00:00
SAO_1742-10,São Paulo,3550308,True,EMTU,542,https://moovitapp.com/index/pt-br/transporte_p%C3%BAblico-line-542-Sao_Paulo-242-2038937-59914572-0,5.4,-23.4638735,-46.6520765,,,,1,2023-06-14T05:31:32+00:00
SAO_364A-10,São Paulo,3550308,True,,1246,,,-23.5763245,-46.502314,,,,1,2023-06-14T05:31:26+00:00
SAO_364A-10,São Paulo,3550308,True,,1246,,,-23.5631475,-46.501079000000004,,,,1,2023-06-14T05:31:17+00:00
SAO_364A-10,São Paulo,3550308,True,,1246,,,-23.59850425,-46.52051,,,,1,2023-06-14T05:31:39+00:00
SAO_364A-10,São Paulo,3550308,True,,1246,,,-23.564607000000002,-46.505224999999996,,,,1,2023-06-14T05:31:07+00:00
SAO_364A-10,São Paulo,3550308,True,,1246,,,-23.58244925,-46.59925725,,,,1,2023-06-14T05:31:18+00:00
SAO_364A-10,São Paulo,3550308,True,,1246,,,-23.60255025,-46.50354525,,,,1,2023-06-14T05:31:28+00:00
SAO_364A-10,São Paulo,3550308,True,,1246,,,-23.58464225,-46.57904725,,,,1,2023-06-14T05:31:05+00:00
SAO_364A-10,São Paulo,3550308,True,,1246,,,-23.59711,-46.5067995,,,,1,2023-06-14T05:31:38+00:00
SAO_7005-51,São Paulo,3550308,True,,1999,,,-23.692809,-46.778341,,,,1,2023-06-14T05:31:45+00:00
SAO_7005-51,São Paulo,3550308,True,,1999,,,-23.7149015,-46.7825185,,,,1,2023-06-14T05:31:45+00:00
SAO_6505-10,São Paulo,3550308,True,,34218,,,-23.668594499999998,-46.7355085,,,,2,2023-06-14T05:31:11+00:00
SAO_6505-10,São Paulo,3550308,True,,34218,,,-23.646549812499998,-46.70300625,,,,2,2023-06-14T05:31:30+00:00
SAO_6505-10,São Paulo,3550308,True,,34218,,,-23.6671625,-46.727432,,,,2,2023-06-14T05:31:08+00:00
SAO_6505-10,São Paulo,3550308,True,,34218,,,-23.551130999999998,-46.645861999999994,,,,2,2023-06-14T05:31:24+00:00
SAO_856R-10,São Paulo,3550308,True,,34196,,,-23.5316465,-46.67941625,,,,2,2023-06-14T05:31:26+00:00
SAO_856R-10,São Paulo,3550308,True,,34196,,,-23.61499175,-46.6793665,,,,2,2023-06-14T05:31:36+00:00
SAO_856R-10,São Paulo,3550308,True,,34196,,,-23.5816995,-46.6840755,,,,2,2023-06-14T05:31:44+00:00
SAO_856R-10,São Paulo,3550308,True,,34196,,,-23.523056500000003,-46.68789162499999,,,,2,2023-06-14T05:31:26+00:00
SAO_8605-10,São Paulo,3550308,True,,34685,,,-23.6143955,-46.755677000000006,,,,2,2023-06-14T05:31:23+00:00
SAO_8605-10,São Paulo,3550308,True,,34685,,,-23.574347875,-46.66773549999999,,,,2,2023-06-14T05:31:07+00:00
SAO_8605-10,São Paulo,3550308,True,,34685,,,-23.631508,-46.7726,,,,2,2023-06-14T05:31:45+00:00
SAO_2010-10,São Paulo,3550308,True,,2104,,,-23.5010635,-46.61399,,,,1,2023-06-14T05:31:33+00:00
SAO_9785-10,São Paulo,3550308,True,,33596,,,-23.482331000000002,-46.687046,,,,2,2023-06-14T05:31:17+00:00
SAO_9785-10,São Paulo,3550308,True,,33596,,,-23.507322000000002,-46.680547000000004,,,,2,2023-06-14T05:31:14+00:00
SAO_9785-10,São Paulo,3550308,True,,33596,,,-23.52315175,-46.66931,,,,2,2023-06-14T05:31:03+00:00
SAO_2766-10,São Paulo,3550308,True,,33173,,,-23.520543500000002,-46.389382499999996,,,,2,2023-06-14T05:31:11+00:00
SAO_2766-10,São Paulo,3550308,True,,33173,,,-23.54414475,-46.460653,,,,2,2023-06-14T05:31:14+00:00
SAO_2766-10,São Paulo,3550308,True,,33173,,,-23.5169485,-46.3890475,,,,2,2023-06-14T05:31:06+00:00
SAO_2766-10,São Paulo,3550308,True,,33173,,,-23.5425775,-46.4719335,,,,2,2023-06-14T05:31:06+00:00
SAO_2766-10,São Paulo,3550308,True,,33173,,,-23.5425775,-46.4719335,,,,2,2023-06-14T05:31:31+00:00
SAO_2766-10,São Paulo,3550308,True,,33173,,,-23.520543500000002,-46.389382499999996,,,,2,2023-06-14T05:26:23+00:00
SAO_2766-10,São Paulo,3550308,True,,33173,,,-23.5425775,-46.4719335,,,,2,2023-06-14T05:30:42+00:00
SAO_2766-10,São Paulo,3550308,True,,33173,,,-23.5142615,-46.390609,,,,2,2023-06-14T05:31:12+00:00
SAO_2766-10,São Paulo,3550308,True,,33173,,,-23.520581999999997,-46.3893115,,,,2,2023-06-14T05:31:28+00:00
SAO_2766-10,São Paulo,3550308,True,,33173,,,-23.495135,-46.4351205,,,,2,2023-06-14T05:31:29+00:00
SAO_2766-10,São Paulo,3550308,True,,33173,,,-23.541479250000002,-46.45005525,,,,2,2023-06-14T05:31:01+00:00
SAO_637P-10,São Paulo,3550308,True,,32815,,,-23.576913500000003,-46.68722325,,,,2,2023-06-14T05:31:38+00:00
SAO_637P-10,São Paulo,3550308,True,,32815,,,-23.6127515,-46.678169999999994,,,,2,2023-06-14T05:31:37+00:00
SAO_118Y-10,São Paulo,3550308,True,EMTU,841,https://moovitapp.com/index/pt-br/transporte_p%C3%BAblico-line-841-Sao_Paulo-242-2038937-36419604-0,5.15,-23.50735,-46.681245000000004,,,,1,2023-06-14T05:31:18+00:00
SAO_118Y-10,São Paulo,3550308,True,EMTU,841,https://moovitapp.com/index/pt-br/transporte_p%C3%BAblico-line-841-Sao_Paulo-242-2038937-36419604-0,5.15,-23.4818265,-46.648085,,,,1,2023-06-14T05:31:02+00:00
SAO_546T-10,São Paulo,3550308,True,,33040,,,-23.663834,-46.6913885,,,,2,2023-06-14T05:31:13+00:00
SAO_546T-10,São Paulo,3550308,True,,33040,,,-23.704088499999997,-46.6266995,,,,2,2023-06-14T05:31:26+00:00
SAO_546T-10,São Paulo,3550308,True,,33040,,,-23.7036385,-46.627480000000006,,,,2,2023-06-14T05:31:16+00:00
SAO_5652-10,São Paulo,3550308,True,STT,274,https://moovitapp.com/index/pt-br/transporte_p%C3%BAblico-line-274-Sao_Paulo-242-850661-183274-0,5.3,-23.588272,-46.652007749999996,,,,1,2023-06-14T05:31:31+00:00
SAO_5652-10,São Paulo,3550308,True,STT,274,https://moovitapp.com/index/pt-br/transporte_p%C3%BAblico-line-274-Sao_Paulo-242-850661-183274-0,5.3,-23.550704500000002,-46.6344205,,,,1,2023-06-14T05:31:46+00:00
SAO_5652-10,São Paulo,3550308,True,STT,274,https://moovitapp.com/index/pt-br/transporte_p%C3%BAblico-line-274-Sao_Paulo-242-850661-183274-0,5.3,-23.713739750000002,-46.69859025,,,,1,2023-06-14T05:31:35+00:00
SAO_6003-10,São Paulo,3550308,True,,34240,,,-23.758666,-46.71491675,,,,2,2023-06-14T05:31:31+00:00
SAO_6450-10,São Paulo,3550308,True,,32827,,,-23.5986035,-46.674003,,,,2,2023-06-14T05:31:39+00:00
SAO_6450-10,São Paulo,3550308,True,,32827,,,-23.5568825,-46.6515995,,,,2,2023-06-14T05:31:31+00:00
SAO_6450-10,São Paulo,3550308,True,,32827,,,-23.6334315,-46.693186749999995,,,,2,2023-06-14T05:31:45+00:00
SAO_6450-10,São Paulo,3550308,True,,32827,,,-23.654408500000002,-46.762060999999996,,,,2,2023-06-14T05:31:44+00:00
SAO_6450-10,São Paulo,3550308,True,,32827,,,-23.6436265,-46.7330035,,,,2,2023-06-14T05:31:21+00:00
SAO_502J-10,São Paulo,3550308,True,,34043,,,-23.6397045,-46.66222,,,,2,2023-06-14T05:31:18+00:00
SAO_502J-10,São Paulo,3550308,True,,34043,,,-23.6688265,-46.6681515,,,,2,2023-06-14T05:31:24+00:00
SAO_502J-10,São Paulo,3550308,True,,34043,,,-23.705745,-46.687827999999996,,,,2,2023-06-14T05:31:04+00:00
SAO_502J-10,São Paulo,3550308,True,,34043,,,-23.706856000000002,-46.6883125,,,,2,2023-06-14T05:31:01+00:00
SAO_502J-10,São Paulo,3550308,True,,34043,,,-23.597682,-46.636748,,,,2,2023-06-14T05:31:22+00:00
SAO_7040-10,São Paulo,3550308,True,,33544,,,-23.6236665,-46.7280325,,,,2,2023-06-14T05:31:28+00:00
SAO_7040-10,São Paulo,3550308,True,,33544,,,-23.616376000000002,-46.7209705,,,,2,2023-06-14T05:31:16+00:00
SAO_7040-10,São Paulo,3550308,True,,33544,,,-23.5723485,-46.690096,,,,2,2023-06-14T05:31:13+00:00
SAO_2060-10,São Paulo,3550308,True,,32902,,,-23.5405655,-46.483314500000006,,,,2,2023-06-14T05:31:04+00:00
SAO_2060-10,São Paulo,3550308,True,,32902,,,-23.519024125,-46.475913874999996,,,,2,2023-06-14T05:31:21+00:00
SAO_3751-10,São Paulo,3550308,True,,33815,,,-23.569356,-46.4108985,,,,2,2023-06-14T05:31:07+00:00
SAO_3751-10,São Paulo,3550308,True,,33815,,,-23.5654685,-46.415849,,,,2,2023-06-14T05:31:35+00:00
SAO_3751-10,São Paulo,3550308,True,,33815,,,-23.552524499999997,-46.4325885,,,,2,2023-06-14T05:31:27+00:00
SAO_875C-1,São Paulo,3550308,True,,35278,,,-23.5978475,-46.64945349999999,,,,2,2023-06-14T05:31:39+00:00
SAO_574J-10,São Paulo,3550308,True,,34453,,,-23.636083499999998,-46.641462,,,,2,2023-06-14T05:31:11+00:00
SAO_574J-10,São Paulo,3550308,True,,34453,,,-23.558235500000002,-46.522756,,,,2,2023-06-14T05:31:46+00:00
SAO_574J-10,São Paulo,3550308,True,,34453,,,-23.582364125,-46.6021575,,,,2,2023-06-14T05:31:32+00:00
SAO_7545-10,São Paulo,3550308,True,,33272,,,-23.576656999999997,-46.7218955,,,,2,2023-06-14T05:31:32+00:00
SAO_7545-10,São Paulo,3550308,True,,33272,,,-23.5476045,-46.640784,,,,2,2023-06-14T05:31:36+00:00
SAO_7545-10,São Paulo,3550308,True,,33272,,,-23.571602375,-46.696492875000004,,,,2,2023-06-14T05:31:15+00:00
SAO_7545-10,São Paulo,3550308,True,,33272,,,-23.6016895,-46.791908,,,,2,2023-06-14T05:31:20+00:00
SAO_7545-10,São Paulo,3550308,True,,33272,,,-23.5580585,-46.6678845,,,,2,2023-06-14T05:31:06+00:00
SAO_7545-10,São Paulo,3550308,True,,33272,,,-23.601419749999998,-46.79448587500001,,,,2,2023-06-14T05:31:37+00:00
SAO_178A-10,São Paulo,3550308,True,,33326,,,-23.518422,-46.7045445,,,,2,2023-06-14T05:31:07+00:00
SAO_178A-10,São Paulo,3550308,True,,33326,,,-23.5267445,-46.65180475,,,,2,2023-06-14T05:31:32+00:00
SAO_3004-10,São Paulo,3550308,True,,34566,,,-23.479422,-46.4206095,,,,2,2023-06-14T05:31:34+00:00
SAO_178T-10,São Paulo,3550308,True,,33333,,,-23.503125,-46.6245765,,,,2,2023-06-14T05:31:03+00:00
SAO_178T-10,São Paulo,3550308,True,,33333,,,-23.51442875,-46.700751499999996,,,,2,2023-06-14T05:31:22+00:00
SAO_178T-10,São Paulo,3550308,True,,33333,,,-23.502936375,-46.666782375,,,,2,2023-06-14T05:31:30+00:00
SAO_2626-10,São Paulo,3550308,True,,33144,,,-23.518871,-46.404691,,,,2,2023-06-14T05:31:27+00:00
SAO_2626-10,São Paulo,3550308,True,,33144,,,-23.535182374999998,-46.58226225,,,,2,2023-06-14T05:31:26+00:00
SAO_2626-10,São Paulo,3550308,True,,33144,,,-23.494246,-46.422235125,,,,2,2023-06-14T05:30:52+00:00
SAO_2626-10,São Paulo,3550308,True,,33144,,,-23.523171750000003,-46.544194250000004,,,,2,2023-06-14T05:30:51+00:00
SAO_2626-10,São Paulo,3550308,True,,33144,,,-23.50797625,-46.49230525,,,,2,2023-06-14T05:31:15+00:00
SAO_2626-10,São Paulo,3550308,True,,33144,,,-23.494554,-46.42565275,,,,2,2023-06-14T05:31:35+00:00
SAO_888P-10,São Paulo,3550308,True,,33222,,,-23.442003,-46.708443,,,,2,2023-06-14T05:31:22+00:00
SAO_888P-10,São Paulo,3550308,True,,33222,,,-23.417488499999997,-46.755898,,,,2,2023-06-14T05:31:42+00:00
SAO_888P-10,São Paulo,3550308,True,,33222,,,-23.441704,-46.7126485,,,,2,2023-06-14T05:31:11+00:00
SAO_888P-10,São Paulo,3550308,True,,33222,,,-23.452496500000002,-46.7365985,,,,2,2023-06-14T05:31:10+00:00
SAO_5791-10,São Paulo,3550308,True,,607,,,-23.697735,-46.6277745,,,,1,2023-06-14T05:31:23+00:00
SAO_5791-10,São Paulo,3550308,True,,607,,,-23.59652825,-46.636562749999996,,,,1,2023-06-14T05:31:38+00:00
SAO_5791-10,São Paulo,3550308,True,,607,,,-23.664088,-46.637847,,,,1,2023-06-14T05:30:58+00:00
SAO_5791-10,São Paulo,3550308,True,,607,,,-23.566405875,-46.63973025,,,,1,2023-06-14T05:31:11+00:00
SAO_702C-10,São Paulo,3550308,True,,33253,,,-23.542469249999996,-46.640358875000004,,,,2,2023-06-14T05:31:42+00:00
SAO_702C-10,São Paulo,3550308,True,,33253,,,-23.57014475,-46.74494275,,,,2,2023-06-14T05:31:11+00:00
SAO_702C-10,São Paulo,3550308,True,,33253,,,-23.577265500000003,-46.714676,,,,2,2023-06-14T05:31:07+00:00
SAO_874C-10,São Paulo,3550308,True,,477,,,-23.5510915,-46.7491075,,,,1,2023-06-14T05:31:10+00:00
SAO_874C-10,São Paulo,3550308,True,,477,,,-23.5507245,-46.7580175,,,,1,2023-06-14T05:31:42+00:00
SAO_874C-10,São Paulo,3550308,True,,477,,,-23.5478735,-46.760012,,,,1,2023-06-14T05:31:20+00:00
SAO_9011-21,São Paulo,3550308,True,,1768,,,-23.4547945,-46.738510500000004,,,,1,2023-06-14T05:31:33+00:00
SAO_9011-21,São Paulo,3550308,True,,1768,,,-23.4547945,-46.738510500000004,,,,1,2023-06-14T05:30:33+00:00
SAO_9011-21,São Paulo,3550308,True,,1768,,,-23.4547945,-46.738510500000004,,,,1,2023-06-14T05:30:02+00:00
SAO_9011-21,São Paulo,3550308,True,,1768,,,-23.4443055,-46.7219605,,,,1,2023-06-14T05:31:29+00:00
SAO_9011-21,São Paulo,3550308,True,,1768,,,-23.444015999999998,-46.735533000000004,,,,1,2023-06-14T05:31:37+00:00
SAO_9011-21,São Paulo,3550308,True,,1768,,,-23.4547945,-46.738510500000004,,,,1,2023-06-14T05:31:17+00:00
SAO_9011-21,São Paulo,3550308,True,,1768,,,-23.4547945,-46.738510500000004,,,,1,2023-06-14T05:28:57+00:00
SAO_9011-21,São Paulo,3550308,True,,1768,,,-23.4547945,-46.738510500000004,,,,1,2023-06-14T05:31:21+00:00
SAO_607M-10,São Paulo,3550308,True,,2036,,,-23.63584925,-46.69447825,,,,1,2023-06-14T05:31:04+00:00
SAO_607M-10,São Paulo,3550308,True,,2036,,,-23.7374655,-46.6974125,,,,1,2023-06-14T05:31:24+00:00
SAO_607M-10,São Paulo,3550308,True,,2036,,,-23.737971,-46.6978485,,,,1,2023-06-14T05:31:33+00:00
SAO_607M-10,São Paulo,3550308,True,,2036,,,-23.7374655,-46.6974125,,,,1,2023-06-14T05:31:42+00:00
SAO_6074-10,São Paulo,3550308,True,,1161,,,-23.741011,-46.668302,,,,1,2023-06-14T05:31:40+00:00
SAO_6074-10,São Paulo,3550308,True,,1161,,,-23.710421625000002,-46.69945312499999,,,,1,2023-06-14T05:31:24+00:00
SAO_6074-10,São Paulo,3550308,True,,1161,,,-23.677098,-46.701800500000004,,,,1,2023-06-14T05:31:37+00:00
SAO_2523-10,São Paulo,3550308,True,Cidade de Caieiras,250,https://moovitapp.com/index/pt-br/transporte_p%C3%BAblico-line-250-Sao_Paulo-242-868761-752902-0,5.0,-23.515301,-46.461203,,,,1,2023-06-14T05:31:33+00:00
SAO_2523-10,São Paulo,3550308,True,Cidade de Caieiras,250,https://moovitapp.com/index/pt-br/transporte_p%C3%BAblico-line-250-Sao_Paulo-242-868761-752902-0,5.0,-23.5182095,-46.475659,,,,1,2023-06-14T05:31:09+00:00
SAO_2523-10,São Paulo,3550308,True,Cidade de Caieiras,250,https://moovitapp.com/index/pt-br/transporte_p%C3%BAblico-line-250-Sao_Paulo-242-868761-752902-0,5.0,-23.5182095,-46.475659,,,,1,2023-06-14T05:31:26+00:00
SAO_2523-10,São Paulo,3550308,True,Cidade de Caieiras,250,https://moovitapp.com/index/pt-br/transporte_p%C3%BAblico-line-250-Sao_Paulo-242-868761-752902-0,5.0,-23.5182095,-46.475659,,,,1,2023-06-14T05:31:35+00:00
SAO_2523-10,São Paulo,3550308,True,Cidade de Caieiras,250,https://moovitapp.com/index/pt-br/transporte_p%C3%BAblico-line-250-Sao_Paulo-242-868761-752902-0,5.0,-23.5182095,-46.475659,,,,1,2023-06-14T05:31:40+00:00
SAO_8677-10,São Paulo,3550308,True,,33211,,,-23.486871999999998,-46.7340225,,,,2,2023-06-14T05:31:26+00:00
SAO_8677-10,São Paulo,3550308,True,,33211,,,-23.5036645,-46.7469215,,,,2,2023-06-14T05:31:07+00:00
SAO_8677-10,São Paulo,3550308,True,,33211,,,-23.527305749999996,-46.671981,,,,2,2023-06-14T05:31:20+00:00
SAO_8677-10,São Paulo,3550308,True,,33211,,,-23.485072000000002,-46.7645025,,,,2,2023-06-14T05:31:28+00:00
SAO_8047-41,São Paulo,3550308,True,STT,410,https://moovitapp.com/index/pt-br/transporte_p%C3%BAblico-line-410-Sao_Paulo-242-850661-183302-0,5.3,-23.5365855,-46.72600275,,,,1,2023-06-14T05:31:41+00:00
SAO_8047-41,São Paulo,3550308,True,STT,410,https://moovitapp.com/index/pt-br/transporte_p%C3%BAblico-line-410-Sao_Paulo-242-850661-183302-0,5.3,-23.490979375,-46.75142125,,,,1,2023-06-14T05:31:18+00:00
SAO_778J-41,São Paulo,3550308,True,,34254,,,-23.57332275,-46.712734,,,,2,2023-06-14T05:31:47+00:00
SAO_778J-41,São Paulo,3550308,True,,34254,,,-23.584103499999998,-46.7850885,,,,2,2023-06-14T05:31:07+00:00
SAO_778J-41,São Paulo,3550308,True,,34254,,,-23.5255835,-46.671588,,,,2,2023-06-14T05:31:35+00:00
SAO_9785-10,São Paulo,3550308,True,,828,,,-23.45783,-46.699751500000005,,,,1,2023-06-14T05:31:18+00:00
SAO_9785-10,São Paulo,3550308,True,,828,,,-23.458394499999997,-46.6995575,,,,1,2023-06-14T05:31:38+00:00
SAO_9785-10,São Paulo,3550308,True,,828,,,-23.513127,-46.6808975,,,,1,2023-06-14T05:31:08+00:00
SAO_9785-10,São Paulo,3550308,True,,828,,,-23.4561785,-46.698985,,,,1,2023-06-14T05:31:03+00:00
SAO_875C-10,São Paulo,3550308,True,EMTU,478,https://moovitapp.com/index/pt-br/transporte_p%C3%BAblico-line-478-Sao_Paulo-242-2038937-36419510-0,6.25,-23.5201835,-46.699305499999994,,,,1,2023-06-14T05:31:45+00:00
SAO_875C-10,São Paulo,3550308,True,EMTU,478,https://moovitapp.com/index/pt-br/transporte_p%C3%BAblico-line-478-Sao_Paulo-242-2038937-36419510-0,6.25,-23.597024249999997,-46.65053575,,,,1,2023-06-14T05:31:09+00:00
SAO_875C-10,São Paulo,3550308,True,EMTU,478,https://moovitapp.com/index/pt-br/transporte_p%C3%BAblico-line-478-Sao_Paulo-242-2038937-36419510-0,6.25,-23.5850205,-46.68194475,,,,1,2023-06-14T05:31:30+00:00
SAO_875C-10,São Paulo,3550308,True,EMTU,478,https://moovitapp.com/index/pt-br/transporte_p%C3%BAblico-line-478-Sao_Paulo-242-2038937-36419510-0,6.25,-23.52012,-46.6994665,,,,1,2023-06-14T05:31:04+00:00
SAO_6455-10,São Paulo,3550308,True,,32831,,,-23.64531,-46.7130375,,,,2,2023-06-14T05:31:07+00:00
SAO_6455-10,São Paulo,3550308,True,,32831,,,-23.654660999999997,-46.7609705,,,,2,2023-06-14T05:31:48+00:00
SAO_6455-10,São Paulo,3550308,True,,32831,,,-23.572032375000003,-46.641120625,,,,2,2023-06-14T05:31:47+00:00
SAO_5022-10,São Paulo,3550308,True,,1120,,,-23.672228,-46.638205,,,,1,2023-06-14T05:31:24+00:00
SAO_5022-10,São Paulo,3550308,True,,1120,,,-23.672228,-46.638205,,,,1,2023-06-14T05:31:17+00:00
SAO_273D-10,São Paulo,3550308,True,,32990,,,-23.51546425,-46.46263175,,,,2,2023-06-14T05:31:13+00:00
SAO_273D-10,São Paulo,3550308,True,,32990,,,-23.5214175,-46.4108045,,,,2,2023-06-14T05:31:26+00:00
SAO_273D-10,São Paulo,3550308,True,,32990,,,-23.5212985,-46.410903,,,,2,2023-06-14T05:31:13+00:00
SAO_6818-10,São Paulo,3550308,True,BR7 Mobilidade,28,https://moovitapp.com/index/pt-br/transporte_p%C3%BAblico-line-28-Sao_Paulo-242-851856-596008-0,5.75,-23.655842999999997,-46.7727765,,,,1,2023-06-14T05:31:31+00:00
SAO_6818-10,São Paulo,3550308,True,BR7 Mobilidade,28,https://moovitapp.com/index/pt-br/transporte_p%C3%BAblico-line-28-Sao_Paulo-242-851856-596008-0,5.75,-23.655842999999997,-46.7727765,,,,1,2023-06-14T05:31:05+00:00
SAO_574W-10,São Paulo,3550308,True,,1629,,,-23.59660325,-46.516042,,,,1,2023-06-14T05:31:06+00:00
SAO_574W-10,São Paulo,3550308,True,,1629,,,-23.6147775,-46.4877295,,,,1,2023-06-14T05:31:33+00:00
SAO_574W-10,São Paulo,3550308,True,,1629,,,-23.5632235,-46.554036249999996,,,,1,2023-06-14T05:31:36+00:00
SAO_2290-10,São Paulo,3550308,True,,33486,,,-23.545786749999998,-46.621292249999996,,,,2,2023-06-14T05:31:49+00:00
SAO_2290-10,São Paulo,3550308,True,,33486,,,-23.535066999999998,-46.581428,,,,2,2023-06-14T05:31:41+00:00
SAO_2290-10,São Paulo,3550308,True,,33486,,,-23.545680249999997,-46.62105475,,,,2,2023-06-14T05:31:23+00:00
SAO_2290-10,São Paulo,3550308,True,,33486,,,-23.583575500000002,-46.4946405,,,,2,2023-06-14T05:31:46+00:00
SAO_2290-10,São Paulo,3550308,True,,33486,,,-23.53805475,-46.598439,,,,2,2023-06-14T05:31:36+00:00
SAO_2290-10,São Paulo,3550308,True,,33486,,,-23.548481000000002,-46.6297445,,,,2,2023-06-14T05:31:27+00:00
SAO_2290-10,São Paulo,3550308,True,,33486,,,-23.564242999999998,-46.5138835,,,,2,2023-06-14T05:31:43+00:00
SAO_2290-10,São Paulo,3550308,True,,33486,,,-23.535066999999998,-46.581428,,,,2,2023-06-14T05:31:31+00:00
SAO_2290-10,São Paulo,3550308,True,,33486,,,-23.612947,-46.476177500000006,,,,2,2023-06-14T05:31:43+00:00
SAO_2290-10,São Paulo,3550308,True,,33486,,,-23.559302000000002,-46.5206565,,,,2,2023-06-14T05:31:09+00:00
SAO_2290-10,São Paulo,3550308,True,,33486,,,-23.53254525,-46.562278250000006,,,,2,2023-06-14T05:31:31+00:00
SAO_5391-10,São Paulo,3550308,True,,32939,,,-23.692995500000002,-46.7785065,,,,2,2023-06-14T05:31:43+00:00
SAO_5391-10,São Paulo,3550308,True,,32939,,,-23.60336625,-46.6620935,,,,2,2023-06-14T05:31:10+00:00
SAO_5391-10,São Paulo,3550308,True,,32939,,,-23.686505,-46.770951,,,,2,2023-06-14T05:31:34+00:00
SAO_5391-10,São Paulo,3550308,True,,32939,,,-23.6658605,-46.71429475,,,,2,2023-06-14T05:31:33+00:00
SAO_N138-11,São Paulo,3550308,True,,35062,,,-23.474438499999998,-46.669928999999996,,,,2,2023-06-14T05:31:30+00:00
SAO_6035-10,São Paulo,3550308,True,,33981,,,-23.716194,-46.767927,,,,2,2023-06-14T05:31:21+00:00
SAO_6035-10,São Paulo,3550308,True,,33981,,,-23.7141845,-46.776850499999995,,,,2,2023-06-14T05:31:30+00:00
SAO_6035-10,São Paulo,3550308,True,,33981,,,-23.6511035,-46.7090995,,,,2,2023-06-14T05:31:39+00:00
SAO_6035-10,São Paulo,3550308,True,,33981,,,-23.6848575,-46.7702205,,,,2,2023-06-14T05:31:19+00:00
SAO_637P-10,São Paulo,3550308,True,,47,,,-23.6541465,-46.711351,,,,1,2023-06-14T05:31:04+00:00
SAO_637P-10,São Paulo,3550308,True,,47,,,-23.6541465,-46.711351,,,,1,2023-06-14T05:31:19+00:00
SAO_637P-10,São Paulo,3550308,True,,47,,,-23.622873750000004,-46.6848195,,,,1,2023-06-14T05:31:49+00:00
SAO_637P-10,São Paulo,3550308,True,,47,,,-23.5730925,-46.689340875,,,,1,2023-06-14T05:31:30+00:00
SAO_637P-10,São Paulo,3550308,True,,47,,,-23.6541465,-46.711351,,,,1,2023-06-14T05:31:43+00:00
SAO_6L01-10,São Paulo,3550308,True,,33939,,,-23.90679,-46.708217000000005,,,,2,2023-06-14T05:31:14+00:00
SAO_6L01-10,São Paulo,3550308,True,,33939,,,-23.90679,-46.708217000000005,,,,2,2023-06-14T05:31:05+00:00
SAO_6L01-10,São Paulo,3550308,True,,33939,,,-23.90679,-46.708217000000005,,,,2,2023-06-14T05:31:36+00:00
SAO_6L01-10,São Paulo,3550308,True,,33939,,,-23.90679,-46.708217000000005,,,,2,2023-06-14T05:31:44+00:00
SAO_6L01-10,São Paulo,3550308,True,,33939,,,-23.90031325,-46.71905925,,,,2,2023-06-14T05:29:19+00:00
SAO_6L01-10,São Paulo,3550308,True,,33939,,,-23.776175,-46.723071,,,,2,2023-06-14T05:31:44+00:00
SAO_6L01-10,São Paulo,3550308,True,,33939,,,-23.860702,-46.7506315,,,,2,2023-06-14T05:30:34+00:00
SAO_5757-51,São Paulo,3550308,True,,34744,,,-23.635112499999998,-46.640995000000004,,,,2,2023-06-14T05:31:05+00:00
SAO_5757-51,São Paulo,3550308,True,,34744,,,-23.707351,-46.641422000000006,,,,2,2023-06-14T05:30:46+00:00
SAO_5757-51,São Paulo,3550308,True,,34744,,,-23.635112499999998,-46.640995000000004,,,,2,2023-06-14T05:30:44+00:00
SAO_5757-51,São Paulo,3550308,True,,34744,,,-23.70792925,-46.6410225,,,,2,2023-06-14T05:31:23+00:00
SAO_5757-51,São Paulo,3550308,True,,34744,,,-23.635112499999998,-46.640995000000004,,,,2,2023-06-14T05:31:34+00:00
SAO_5757-51,São Paulo,3550308,True,,34744,,,-23.635112499999998,-46.640995000000004,,,,2,2023-06-14T05:31:11+00:00
SAO_5757-51,São Paulo,3550308,True,,34744,,,-23.681212000000002,-46.638399500000006,,,,2,2023-06-14T05:31:19+00:00
SAO_5757-51,São Paulo,3550308,True,,34744,,,-23.695118,-46.648917999999995,,,,2,2023-06-14T05:31:16+00:00
SAO_5757-51,São Paulo,3550308,True,,34744,,,-23.635112499999998,-46.640995000000004,,,,2,2023-06-14T05:30:37+00:00
SAO_5757-51,São Paulo,3550308,True,,34744,,,-23.635112499999998,-46.640995000000004,,,,2,2023-06-14T05:31:26+00:00
SAO_5757-51,São Paulo,3550308,True,,34744,,,-23.64461825,-46.644951,,,,2,2023-06-14T05:31:38+00:00
SAO_5757-51,São Paulo,3550308,True,,34744,,,-23.635112499999998,-46.640995000000004,,,,2,2023-06-14T05:31:25+00:00
SAO_675N-10,São Paulo,3550308,True,,33130,,,-23.600435125,-46.6789515,,,,2,2023-06-14T05:31:12+00:00
SAO_675N-10,São Paulo,3550308,True,,33130,,,-23.644170625,-46.717442999999996,,,,2,2023-06-14T05:31:09+00:00
SAO_5011-10,São Paulo,3550308,True,,33883,,,-23.710102499999998,-46.619408,,,,2,2023-06-14T05:30:22+00:00
SAO_5011-10,São Paulo,3550308,True,,33883,,,-23.654356,-46.704178,,,,2,2023-06-14T05:31:34+00:00
SAO_5011-10,São Paulo,3550308,True,,33883,,,-23.679679,-46.684530499999994,,,,2,2023-06-14T05:31:31+00:00
SAO_107T-10,São Paulo,3550308,True,,33389,,,-23.4810725,-46.603761500000005,,,,2,2023-06-14T05:31:11+00:00
SAO_107T-10,São Paulo,3550308,True,,33389,,,-23.564620750000003,-46.667006875,,,,2,2023-06-14T05:31:42+00:00
SAO_107T-10,São Paulo,3550308,True,,33389,,,-23.5006865,-46.6153665,,,,2,2023-06-14T05:31:25+00:00
SAO_208V-10,São Paulo,3550308,True,,32975,,,-23.5476865,-46.6292585,,,,2,2023-06-14T05:31:26+00:00
SAO_208V-10,São Paulo,3550308,True,,32975,,,-23.5476865,-46.6292585,,,,2,2023-06-14T05:31:45+00:00
SAO_208V-10,São Paulo,3550308,True,,32975,,,-23.5476865,-46.6292585,,,,2,2023-06-14T05:31:21+00:00
SAO_208V-10,São Paulo,3550308,True,,32975,,,-23.517572,-46.475783,,,,2,2023-06-14T05:31:30+00:00
SAO_208V-10,São Paulo,3550308,True,,32975,,,-23.518022000000002,-46.475695,,,,2,2023-06-14T05:31:28+00:00
SAO_208V-10,São Paulo,3550308,True,,32975,,,-23.5476865,-46.6292585,,,,2,2023-06-14T05:31:09+00:00
SAO_208V-10,São Paulo,3550308,True,,32975,,,-23.5476865,-46.6292585,,,,2,2023-06-14T05:31:30+00:00
SAO_208V-10,São Paulo,3550308,True,,32975,,,-23.54893,-46.62942425,,,,2,2023-06-14T05:31:00+00:00
SAO_208V-10,São Paulo,3550308,True,,32975,,,-23.5184535,-46.475611,,,,2,2023-06-14T05:31:45+00:00
SAO_208V-10,São Paulo,3550308,True,,32975,,,-23.531755500000003,-46.55994225,,,,2,2023-06-14T05:30:22+00:00
SAO_208V-10,São Paulo,3550308,True,,32975,,,-23.5127235,-46.515349,,,,2,2023-06-14T05:31:19+00:00
SAO_208V-10,São Paulo,3550308,True,,32975,,,-23.5476865,-46.6292585,,,,2,2023-06-14T05:31:25+00:00
SAO_208V-10,São Paulo,3550308,True,,32975,,,-23.5476865,-46.6292585,,,,2,2023-06-14T05:31:11+00:00
SAO_5164-21,São Paulo,3550308,True,,34384,,,-23.646292250000002,-46.653619,,,,2,2023-06-14T05:31:37+00:00
SAO_5164-21,São Paulo,3550308,True,,34384,,,-23.60416,-46.636821499999996,,,,2,2023-06-14T05:31:35+00:00
SAO_5757-51,São Paulo,3550308,True,,1976,,,-23.7079895,-46.641386499999996,,,,1,2023-06-14T05:31:15+00:00
SAO_5757-51,São Paulo,3550308,True,,1976,,,-23.667998,-46.651894999999996,,,,1,2023-06-14T05:31:10+00:00
SAO_5757-51,São Paulo,3550308,True,,1976,,,-23.7079895,-46.641386499999996,,,,1,2023-06-14T05:31:45+00:00
SAO_5757-51,São Paulo,3550308,True,,1976,,,-23.7067605,-46.6414085,,,,1,2023-06-14T05:30:47+00:00
SAO_5757-51,São Paulo,3550308,True,,1976,,,-23.635112499999998,-46.640995000000004,,,,1,2023-06-14T05:31:29+00:00
SAO_709G-10,São Paulo,3550308,True,,2020,,,-23.668707,-46.7352225,,,,1,2023-06-14T05:31:28+00:00
SAO_709G-10,São Paulo,3550308,True,,2020,,,-23.5852035,-46.6768855,,,,1,2023-06-14T05:31:18+00:00
SAO_2678-10,São Paulo,3550308,True,STT,383,https://moovitapp.com/index/pt-br/transporte_p%C3%BAblico-line-383-Sao_Paulo-242-850661-183294-0,5.3,-23.547011,-46.62953,,,,1,2023-06-14T05:31:23+00:00
SAO_2678-10,São Paulo,3550308,True,STT,383,https://moovitapp.com/index/pt-br/transporte_p%C3%BAblico-line-383-Sao_Paulo-242-850661-183294-0,5.3,-23.4950305,-46.410520500000004,,,,1,2023-06-14T05:31:19+00:00
SAO_2678-10,São Paulo,3550308,True,STT,383,https://moovitapp.com/index/pt-br/transporte_p%C3%BAblico-line-383-Sao_Paulo-242-850661-183294-0,5.3,-23.5352665,-46.5828685,,,,1,2023-06-14T05:31:17+00:00
SAO_2678-10,São Paulo,3550308,True,STT,383,https://moovitapp.com/index/pt-br/transporte_p%C3%BAblico-line-383-Sao_Paulo-242-850661-183294-0,5.3,-23.5119425,-46.5119675,,,,1,2023-06-14T05:31:24+00:00
SAO_5024-10,São Paulo,3550308,True,,1122,,,-23.655201625,-46.70150175,,,,1,2023-06-14T05:31:36+00:00
SAO_5024-10,São Paulo,3550308,True,,1122,,,-23.679797999999998,-46.6653565,,,,1,2023-06-14T05:31:15+00:00
SAO_576C-10,São Paulo,3550308,True,,34058,,,-23.650205,-46.64696525,,,,2,2023-06-14T05:31:42+00:00
SAO_576C-10,São Paulo,3550308,True,,34058,,,-23.65908975,-46.7012395,,,,2,2023-06-14T05:31:41+00:00
SAO_576C-10,São Paulo,3550308,True,,34058,,,-23.639416,-46.634463499999995,,,,2,2023-06-14T05:31:05+00:00
SAO_576C-10,São Paulo,3550308,True,,34058,,,-23.659582999999998,-46.677249375,,,,2,2023-06-14T05:31:30+00:00
SAO_6000-10,São Paulo,3550308,True,,33908,,,-23.728766999999998,-46.699123,,,,2,2023-06-14T05:31:43+00:00
SAO_6000-10,São Paulo,3550308,True,,33908,,,-23.757526,-46.714652,,,,2,2023-06-14T05:31:43+00:00
SAO_6000-10,São Paulo,3550308,True,,33908,,,-23.828090500000002,-46.7269385,,,,2,2023-06-14T05:31:33+00:00
SAO_6000-10,São Paulo,3550308,True,,33908,,,-23.67847175,-46.7125835,,,,2,2023-06-14T05:31:22+00:00
SAO_6000-10,São Paulo,3550308,True,,33908,,,-23.81407925,-46.735397875000004,,,,2,2023-06-14T05:31:35+00:00
SAO_6000-10,São Paulo,3550308,True,,33908,,,-23.7991965,-46.731486000000004,,,,2,2023-06-14T05:31:19+00:00
SAO_6091-10,São Paulo,3550308,True,,33943,,,-23.862347500000002,-46.712974,,,,2,2023-06-14T05:26:52+00:00
SAO_6091-10,São Paulo,3550308,True,,33943,,,-23.8623725,-46.713284,,,,2,2023-06-14T05:31:23+00:00
SAO_6091-10,São Paulo,3550308,True,,33943,,,-23.654212,-46.711248999999995,,,,2,2023-06-14T05:31:23+00:00
SAO_6091-10,São Paulo,3550308,True,,33943,,,-23.824735500000003,-46.7343515,,,,2,2023-06-14T05:31:30+00:00
SAO_6091-10,São Paulo,3550308,True,,33943,,,-23.7217245,-46.698,,,,2,2023-06-14T05:31:43+00:00
SAO_6L11-10,São Paulo,3550308,True,,33935,,,-23.8015465,-46.6276715,,,,2,2023-06-14T05:31:38+00:00
SAO_6L11-10,São Paulo,3550308,True,,33935,,,-23.762112000000002,-46.655372,,,,2,2023-06-14T05:31:15+00:00
SAO_2100-10,São Paulo,3550308,True,STT,713,https://moovitapp.com/index/pt-br/transporte_p%C3%BAblico-line-713-Sao_Paulo-242-850661-183342-0,5.3,-23.5587215,-46.522659000000004,,,,1,2023-06-14T05:31:36+00:00
SAO_2100-10,São Paulo,3550308,True,STT,713,https://moovitapp.com/index/pt-br/transporte_p%C3%BAblico-line-713-Sao_Paulo-242-850661-183342-0,5.3,-23.5587215,-46.522659000000004,,,,1,2023-06-14T05:31:22+00:00
SAO_2100-10,São Paulo,3550308,True,STT,713,https://moovitapp.com/index/pt-br/transporte_p%C3%BAblico-line-713-Sao_Paulo-242-850661-183342-0,5.3,-23.555538,-46.599913,,,,1,2023-06-14T05:31:34+00:00
SAO_2100-10,São Paulo,3550308,True,STT,713,https://moovitapp.com/index/pt-br/transporte_p%C3%BAblico-line-713-Sao_Paulo-242-850661-183342-0,5.3,-23.552281,-46.619065500000005,,,,1,2023-06-14T05:31:41+00:00
SAO_209P-10,São Paulo,3550308,True,,34984,,,-23.5666285,-46.7017565,,,,2,2023-06-14T05:31:42+00:00
SAO_209P-10,São Paulo,3550308,True,,34984,,,-23.5593705,-46.68124,,,,2,2023-06-14T05:31:19+00:00
SAO_209P-10,São Paulo,3550308,True,,34984,,,-23.530450000000002,-46.677245,,,,2,2023-06-14T05:31:04+00:00
SAO_209P-10,São Paulo,3550308,True,,34984,,,-23.472988,-46.670319000000006,,,,2,2023-06-14T05:31:30+00:00
SAO_209P-10,São Paulo,3550308,True,,34984,,,-23.522572250000003,-46.66452174999999,,,,2,2023-06-14T05:31:43+00:00
SAO_209P-10,São Paulo,3550308,True,,34984,,,-23.48078375,-46.67379425,,,,2,2023-06-14T05:31:34+00:00
SAO_209P-10,São Paulo,3550308,True,,34984,,,-23.4805165,-46.673632,,,,2,2023-06-14T05:31:41+00:00
SAO_209P-10,São Paulo,3550308,True,,34984,,,-23.474352500000002,-46.670071500000006,,,,2,2023-06-14T05:31:06+00:00
SAO_209P-10,São Paulo,3550308,True,,34984,,,-23.567013625,-46.69330325,,,,2,2023-06-14T05:31:13+00:00
SAO_513L-10,São Paulo,3550308,True,,1655,,,-23.54534125,-46.590634875,,,,1,2023-06-14T05:31:14+00:00
SAO_513L-10,São Paulo,3550308,True,,1655,,,-23.603196500000003,-46.602447999999995,,,,1,2023-06-14T05:31:03+00:00
SAO_3903-10,São Paulo,3550308,True,,1471,,,-23.516833875000003,-46.542909249999994,,,,1,2023-06-14T05:31:04+00:00
SAO_364A-10,São Paulo,3550308,True,,34014,,,-23.564287,-46.50465749999999,,,,2,2023-06-14T05:31:27+00:00
SAO_364A-10,São Paulo,3550308,True,,34014,,,-23.5846835,-46.6112045,,,,2,2023-06-14T05:31:45+00:00
SAO_364A-10,São Paulo,3550308,True,,34014,,,-23.584294999999997,-46.5882,,,,2,2023-06-14T05:31:18+00:00
SAO_364A-10,São Paulo,3550308,True,,34014,,,-23.584865999999998,-46.582376499999995,,,,2,2023-06-14T05:31:45+00:00
SAO_364A-10,São Paulo,3550308,True,,34014,,,-23.5959155,-46.50609,,,,2,2023-06-14T05:31:36+00:00
SAO_364A-10,São Paulo,3550308,True,,34014,,,-23.597365500000002,-46.532557999999995,,,,2,2023-06-14T05:31:22+00:00
SAO_364A-10,São Paulo,3550308,True,,34014,,,-23.5847285,-46.611627500000004,,,,2,2023-06-14T05:31:15+00:00
SAO_4734-10,São Paulo,3550308,True,,1109,,,-23.645744999999998,-46.6136155,,,,1,2023-06-14T05:31:22+00:00
SAO_4734-10,São Paulo,3550308,True,,1109,,,-23.619794249999998,-46.634939,,,,1,2023-06-14T05:31:43+00:00
SAO_6500-10,São Paulo,3550308,True,,46,,,-23.654395,-46.7121185,,,,1,2023-06-14T05:31:24+00:00
SAO_6500-10,São Paulo,3550308,True,,46,,,-23.549083,-46.6398165,,,,1,2023-06-14T05:31:12+00:00
SAO_6500-10,São Paulo,3550308,True,,46,,,-23.62766125,-46.68821275,,,,1,2023-06-14T05:26:59+00:00
SAO_175T-10,São Paulo,3550308,True,,33391,,,-23.6379025,-46.653625000000005,,,,2,2023-06-14T05:31:11+00:00
SAO_175T-10,São Paulo,3550308,True,,33391,,,-23.558108125,-46.638202375000006,,,,2,2023-06-14T05:31:43+00:00
SAO_175T-10,São Paulo,3550308,True,,33391,,,-23.503125,-46.6245765,,,,2,2023-06-14T05:31:09+00:00
SAO_175T-10,São Paulo,3550308,True,,33391,,,-23.6541565,-46.637633,,,,2,2023-06-14T05:31:05+00:00
SAO_175T-10,São Paulo,3550308,True,,33391,,,-23.65404,-46.63784,,,,2,2023-06-14T05:31:34+00:00
SAO_175T-10,São Paulo,3550308,True,,33391,,,-23.648361,-46.640132,,,,2,2023-06-14T05:31:28+00:00
SAO_175T-10,São Paulo,3550308,True,,33391,,,-23.5227295,-46.6302785,,,,2,2023-06-14T05:31:11+00:00
SAO_175T-10,São Paulo,3550308,True,,33391,,,-23.557504625,-46.63795987499999,,,,2,2023-06-14T05:31:43+00:00
SAO_175T-10,São Paulo,3550308,True,,33391,,,-23.6314275,-46.6627735,,,,2,2023-06-14T05:31:40+00:00
SAO_7062-10,São Paulo,3550308,True,,1898,,,-23.636761,-46.76919,,,,1,2023-06-14T05:31:38+00:00
SAO_7062-10,São Paulo,3550308,True,,1898,,,-23.645773,-46.771611500000006,,,,1,2023-06-14T05:31:24+00:00
SAO_4288-10,São Paulo,3550308,True,,33058,,,-23.5473685,-46.629486,,,,2,2023-06-14T05:31:19+00:00
SAO_4288-10,São Paulo,3550308,True,,33058,,,-23.61188675,-46.525380999999996,,,,2,2023-06-14T05:31:32+00:00
SAO_4288-10,São Paulo,3550308,True,,33058,,,-23.602016,-46.5305495,,,,2,2023-06-14T05:31:40+00:00
SAO_1780-10,São Paulo,3550308,True,,869,,,-23.468541000000002,-46.592489,,,,1,2023-06-14T05:31:16+00:00
SAO_8050-10,São Paulo,3550308,True,,412,,,-23.4842005,-46.770596999999995,,,,1,2023-06-14T05:31:09+00:00
SAO_8050-10,São Paulo,3550308,True,,412,,,-23.46821575,-46.7787895,,,,1,2023-06-14T05:31:05+00:00
SAO_8050-10,São Paulo,3550308,True,,412,,,-23.519485,-46.702647,,,,1,2023-06-14T05:31:43+00:00
SAO_908T-10,São Paulo,3550308,True,,34884,,,-23.566099,-46.710501,,,,2,2023-06-14T05:31:20+00:00
SAO_908T-10,São Paulo,3550308,True,,34884,,,-23.548397875,-46.643313625000005,,,,2,2023-06-14T05:31:28+00:00
SAO_908T-10,São Paulo,3550308,True,,34884,,,-23.56663975,-46.709927625,,,,2,2023-06-14T05:31:05+00:00
SAO_374V-10,São Paulo,3550308,True,,1647,,,-23.540374999999997,-46.45833875,,,,1,2023-06-14T05:31:13+00:00
SAO_374V-10,São Paulo,3550308,True,,1647,,,-23.5218245,-46.4466865,,,,1,2023-06-14T05:31:32+00:00
SAO_374V-10,São Paulo,3550308,True,,1647,,,-23.542716,-46.469168499999995,,,,1,2023-06-14T05:31:29+00:00
SAO_374V-10,São Paulo,3550308,True,,1647,,,-23.5263255,-46.452581,,,,1,2023-06-14T05:31:12+00:00
SAO_7004-10,São Paulo,3550308,True,,1992,,,-23.7317975,-46.7861475,,,,1,2023-06-14T05:31:18+00:00
SAO_7004-10,São Paulo,3550308,True,,1992,,,-23.731146000000003,-46.785866999999996,,,,1,2023-06-14T05:30:28+00:00
SAO_7004-10,São Paulo,3550308,True,,1992,,,-23.718400000000003,-46.784493499999996,,,,1,2023-06-14T05:31:32+00:00
SAO_7004-10,São Paulo,3550308,True,,1992,,,-23.667369,-46.728165,,,,1,2023-06-14T05:31:23+00:00
SAO_857C-10,São Paulo,3550308,True,,34669,,,-23.622114000000003,-46.684443,,,,2,2023-06-14T05:31:48+00:00
SAO_857C-10,São Paulo,3550308,True,,34669,,,-23.637984,-46.7405595,,,,2,2023-06-14T05:31:24+00:00
SAO_7052-10,São Paulo,3550308,True,,1886,,,-23.631508,-46.7726,,,,1,2023-06-14T05:31:20+00:00
SAO_7052-10,São Paulo,3550308,True,,1886,,,-23.640652000000003,-46.7734775,,,,1,2023-06-14T05:31:27+00:00
SAO_7052-10,São Paulo,3550308,True,,1886,,,-23.6529745,-46.773157999999995,,,,1,2023-06-14T05:31:23+00:00
SAO_8542-21,São Paulo,3550308,True,,34129,,,-23.4728725,-46.702325,,,,2,2023-06-14T05:31:22+00:00
SAO_8542-21,São Paulo,3550308,True,,34129,,,-23.4680295,-46.6775685,,,,2,2023-06-14T05:31:28+00:00
SAO_8542-21,São Paulo,3550308,True,,34129,,,-23.4887675,-46.6837815,,,,2,2023-06-14T05:31:22+00:00
SAO_N701-11,São Paulo,3550308,True,,2406,,,-23.654395,-46.7121185,,,,1,2023-06-14T05:31:28+00:00
SAO_546T-10,São Paulo,3550308,True,,272,,,-23.6963775,-46.675318000000004,,,,1,2023-06-14T05:31:20+00:00
SAO_9004-10,São Paulo,3550308,True,,33639,,,-23.475167499999998,-46.6699895,,,,2,2023-06-14T05:31:16+00:00
SAO_9004-10,São Paulo,3550308,True,,33639,,,-23.457418,-46.681838,,,,2,2023-06-14T05:31:20+00:00
SAO_307C-10,São Paulo,3550308,True,,2114,,,-23.492470499999996,-46.44839175,,,,1,2023-06-14T05:31:40+00:00
SAO_307C-10,São Paulo,3550308,True,,2114,,,-23.51828025,-46.3879975,,,,1,2023-06-14T05:31:26+00:00
SAO_307C-10,São Paulo,3550308,True,,2114,,,-23.5098475,-46.375734,,,,1,2023-06-14T05:31:12+00:00
SAO_307C-10,São Paulo,3550308,True,,2114,,,-23.516330250000003,-46.383790999999995,,,,1,2023-06-14T05:31:38+00:00
SAO_172J-10,São Paulo,3550308,True,,856,,,-23.514157124999997,-46.586495375000005,,,,1,2023-06-14T05:31:05+00:00
SAO_172J-10,São Paulo,3550308,True,,856,,,-23.53875525,-46.575541,,,,1,2023-06-14T05:31:35+00:00
SAO_172J-10,São Paulo,3550308,True,,856,,,-23.481194000000002,-46.5679305,,,,1,2023-06-14T05:31:03+00:00
SAO_6099-10,São Paulo,3550308,True,,1587,,,-23.829518750000002,-46.73104625,,,,1,2023-06-14T05:31:08+00:00
SAO_6099-10,São Paulo,3550308,True,,1587,,,-23.743267000000003,-46.702691,,,,1,2023-06-14T05:31:14+00:00
SAO_6099-10,São Paulo,3550308,True,,1587,,,-23.736292,-46.696856499999996,,,,1,2023-06-14T05:31:08+00:00
SAO_6099-10,São Paulo,3550308,True,,1587,,,-23.738032500000003,-46.697669000000005,,,,1,2023-06-14T05:31:43+00:00
SAO_847P-42,São Paulo,3550308,True,,34192,,,-23.52363175,-46.70185575,,,,2,2023-06-14T05:31:44+00:00
SAO_5144-10,São Paulo,3550308,True,,34395,,,-23.614496,-46.500415000000004,,,,2,2023-06-14T05:31:41+00:00
SAO_5144-10,São Paulo,3550308,True,,34395,,,-23.534460000000003,-46.6450875,,,,2,2023-06-14T05:31:46+00:00
SAO_5144-10,São Paulo,3550308,True,,34395,,,-23.58125,-46.537955,,,,2,2023-06-14T05:31:27+00:00
SAO_N402-11,São Paulo,3550308,True,,35126,,,-23.5585995,-46.5228375,,,,2,2023-06-14T05:31:45+00:00
SAO_5029-10,São Paulo,3550308,True,,1672,,,-23.6029815,-46.6021055,,,,1,2023-06-14T05:31:42+00:00
SAO_6115-10,São Paulo,3550308,True,,33953,,,-23.750700000000002,-46.688210999999995,,,,2,2023-06-14T05:31:42+00:00
SAO_6115-10,São Paulo,3550308,True,,33953,,,-23.755194,-46.6776735,,,,2,2023-06-14T05:31:38+00:00
SAO_3761-10,São Paulo,3550308,True,,1051,,,-23.564828249999998,-46.50758175,,,,1,2023-06-14T05:31:43+00:00
SAO_3761-10,São Paulo,3550308,True,,1051,,,-23.594651,-46.4445415,,,,1,2023-06-14T05:31:20+00:00
SAO_3761-10,São Paulo,3550308,True,,1051,,,-23.5642495,-46.5078495,,,,1,2023-06-14T05:31:24+00:00
SAO_3761-10,São Paulo,3550308,True,,1051,,,-23.535632,-46.54746475,,,,1,2023-06-14T05:31:22+00:00
SAO_3761-10,São Paulo,3550308,True,,1051,,,-23.618599,-46.4234555,,,,1,2023-06-14T05:31:14+00:00
SAO_6013-10,São Paulo,3550308,True,,32954,,,-23.6998485,-46.7636555,,,,2,2023-06-14T05:28:18+00:00
SAO_6013-10,São Paulo,3550308,True,,32954,,,-23.647256999999996,-46.73100425,,,,2,2023-06-14T05:31:39+00:00
SAO_6013-10,São Paulo,3550308,True,,32954,,,-23.6995785,-46.763411500000004,,,,2,2023-06-14T05:31:22+00:00
SAO_6013-10,São Paulo,3550308,True,,32954,,,-23.688845375,-46.77301675,,,,2,2023-06-14T05:31:02+00:00
SAO_6013-10,São Paulo,3550308,True,,32954,,,-23.654,-46.7111995,,,,2,2023-06-14T05:31:30+00:00
SAO_6013-10,São Paulo,3550308,True,,32954,,,-23.6995785,-46.763411500000004,,,,2,2023-06-14T05:31:42+00:00
SAO_5143-10,São Paulo,3550308,True,,34396,,,-23.6148035,-46.5002005,,,,2,2023-06-14T05:31:35+00:00
SAO_5143-10,São Paulo,3550308,True,,34396,,,-23.594706375,-46.538557000000004,,,,2,2023-06-14T05:31:31+00:00
SAO_5143-10,São Paulo,3550308,True,,34396,,,-23.5473415,-46.629296499999995,,,,2,2023-06-14T05:31:16+00:00
SAO_3735-10,São Paulo,3550308,True,,1035,,,-23.5425265,-46.498612,,,,1,2023-06-14T05:31:05+00:00
SAO_3735-10,São Paulo,3550308,True,,1035,,,-23.547182,-46.493660500000004,,,,1,2023-06-14T05:31:22+00:00
SAO_637G-10,São Paulo,3550308,True,,32869,,,-23.7401655,-46.691473,,,,2,2023-06-14T05:31:44+00:00
SAO_637G-10,São Paulo,3550308,True,,32869,,,-23.6173675,-46.681235,,,,2,2023-06-14T05:31:34+00:00
SAO_637G-10,São Paulo,3550308,True,,32869,,,-23.734577,-46.696059000000005,,,,2,2023-06-14T05:31:46+00:00
SAO_637G-10,São Paulo,3550308,True,,32869,,,-23.569049,-46.6921575,,,,2,2023-06-14T05:31:39+00:00
SAO_6118-10,São Paulo,3550308,True,,33956,,,-23.67794525,-46.7071395,,,,2,2023-06-14T05:31:48+00:00
SAO_6118-10,São Paulo,3550308,True,,33956,,,-23.741073,-46.707885000000005,,,,2,2023-06-14T05:31:43+00:00
SAO_2731-10,São Paulo,3550308,True,,946,,,-23.542913,-46.4716945,,,,1,2023-06-14T05:31:09+00:00
SAO_2731-10,São Paulo,3550308,True,,946,,,-23.542697,-46.4700195,,,,1,2023-06-14T05:31:48+00:00
SAO_2731-10,São Paulo,3550308,True,,946,,,-23.516869,-46.4381955,,,,1,2023-06-14T05:29:43+00:00
SAO_2731-10,São Paulo,3550308,True,,946,,,-23.521501,-46.442832499999994,,,,1,2023-06-14T05:28:51+00:00
SAO_2731-10,São Paulo,3550308,True,,946,,,-23.51948625,-46.43783512500001,,,,1,2023-06-14T05:31:04+00:00
SAO_4027-41,São Paulo,3550308,True,,2309,,,-23.6113915,-46.475266500000004,,,,1,2023-06-14T05:31:04+00:00
SAO_2711-10,São Paulo,3550308,True,,925,,,-23.529722,-46.500626,,,,1,2023-06-14T05:31:04+00:00
SAO_2714-10,São Paulo,3550308,True,,33695,,,-23.531472,-46.5291255,,,,2,2023-06-14T05:31:38+00:00
SAO_2714-10,São Paulo,3550308,True,,33695,,,-23.52182625,-46.53116325,,,,2,2023-06-14T05:31:35+00:00
SAO_2714-10,São Paulo,3550308,True,,33695,,,-23.5135815,-46.521307,,,,2,2023-06-14T05:31:06+00:00
SAO_311C-10,São Paulo,3550308,True,,33077,,,-23.53574425,-46.62530325,,,,2,2023-06-14T05:31:42+00:00
SAO_311C-10,São Paulo,3550308,True,,33077,,,-23.594777,-46.5478045,,,,2,2023-06-14T05:31:28+00:00
SAO_311C-10,São Paulo,3550308,True,,33077,,,-23.594777,-46.5478045,,,,2,2023-06-14T05:31:34+00:00
SAO_6262-10,São Paulo,3550308,True,,1371,,,-23.576913500000003,-46.68722325,,,,1,2023-06-14T05:31:28+00:00
SAO_178T-10,São Paulo,3550308,True,EMTU,565,https://moovitapp.com/index/pt-br/transporte_p%C3%BAblico-line-565-Sao_Paulo-242-2038937-36419563-0,8.1,-23.498372375,-46.6971075,,,,1,2023-06-14T05:31:44+00:00
SAO_178T-10,São Paulo,3550308,True,EMTU,565,https://moovitapp.com/index/pt-br/transporte_p%C3%BAblico-line-565-Sao_Paulo-242-2038937-36419563-0,8.1,-23.530177625,-46.728134625,,,,1,2023-06-14T05:31:30+00:00
SAO_178T-10,São Paulo,3550308,True,EMTU,565,https://moovitapp.com/index/pt-br/transporte_p%C3%BAblico-line-565-Sao_Paulo-242-2038937-36419563-0,8.1,-23.502784499999997,-46.6242225,,,,1,2023-06-14T05:31:24+00:00
SAO_178T-10,São Paulo,3550308,True,EMTU,565,https://moovitapp.com/index/pt-br/transporte_p%C3%BAblico-line-565-Sao_Paulo-242-2038937-36419563-0,8.1,-23.53174025,-46.734263999999996,,,,1,2023-06-14T05:31:44+00:00
SAO_178T-10,São Paulo,3550308,True,EMTU,565,https://moovitapp.com/index/pt-br/transporte_p%C3%BAblico-line-565-Sao_Paulo-242-2038937-36419563-0,8.1,-23.502784499999997,-46.6242225,,,,1,2023-06-14T05:31:34+00:00
SAO_2013-10,São Paulo,3550308,True,,33667,,,-23.4680205,-46.668636,,,,2,2023-06-14T05:31:39+00:00
SAO_2013-10,São Paulo,3550308,True,,33667,,,-23.46105225,-46.65765125,,,,2,2023-06-14T05:31:21+00:00
SAO_2013-10,São Paulo,3550308,True,,33667,,,-23.4661005,-46.637766,,,,2,2023-06-14T05:31:12+00:00
SAO_2013-10,São Paulo,3550308,True,,33667,,,-23.46891575,-46.670204,,,,2,2023-06-14T05:31:23+00:00
SAO_2013-10,São Paulo,3550308,True,,33667,,,-23.4552945,-46.659262,,,,2,2023-06-14T05:31:17+00:00
SAO_3746-10,São Paulo,3550308,True,,33051,,,-23.542912,-46.588283000000004,,,,2,2023-06-14T05:31:44+00:00
SAO_3746-10,São Paulo,3550308,True,,33051,,,-23.584871,-46.5206295,,,,2,2023-06-14T05:31:42+00:00
SAO_3746-10,São Paulo,3550308,True,,33051,,,-23.545913,-46.585528,,,,2,2023-06-14T05:31:46+00:00
SAO_3746-10,São Paulo,3550308,True,,33051,,,-23.542912,-46.588283000000004,,,,2,2023-06-14T05:31:24+00:00
SAO_475R-10,São Paulo,3550308,True,,33112,,,-23.6301985,-46.631521500000005,,,,2,2023-06-14T05:31:39+00:00
SAO_475R-10,São Paulo,3550308,True,,33112,,,-23.5470345,-46.6298525,,,,2,2023-06-14T05:31:11+00:00
SAO_475R-10,São Paulo,3550308,True,,33112,,,-23.6268616875,-46.6349815625,,,,2,2023-06-14T05:31:04+00:00
SAO_475R-10,São Paulo,3550308,True,,33112,,,-23.5470345,-46.6298525,,,,2,2023-06-14T05:31:35+00:00
SAO_475R-10,São Paulo,3550308,True,,33112,,,-23.5470345,-46.6298525,,,,2,2023-06-14T05:30:53+00:00
SAO_475R-10,São Paulo,3550308,True,,33112,,,-23.5470345,-46.6298525,,,,2,2023-06-14T05:31:32+00:00
SAO_475R-10,São Paulo,3550308,True,,33112,,,-23.60966275,-46.63795625,,,,2,2023-06-14T05:31:08+00:00
SAO_475R-10,São Paulo,3550308,True,,33112,,,-23.547510000000003,-46.6293855,,,,2,2023-06-14T05:31:40+00:00
SAO_637V-10,São Paulo,3550308,True,EMTU,104,https://moovitapp.com/index/pt-br/transporte_p%C3%BAblico-line-104-Sao_Paulo-242-2038937-36419267-0,5.1,-23.6547265,-46.7070535,,,,1,2023-06-14T05:31:34+00:00
SAO_637V-10,São Paulo,3550308,True,EMTU,104,https://moovitapp.com/index/pt-br/transporte_p%C3%BAblico-line-104-Sao_Paulo-242-2038937-36419267-0,5.1,-23.717885,-46.689847,,,,1,2023-06-14T05:31:44+00:00
SAO_8022-10,São Paulo,3550308,True,,2085,,,-23.564799,-46.7126965,,,,1,2023-06-14T05:29:02+00:00
SAO_3020-10,São Paulo,3550308,True,,33726,,,-23.564223499999997,-46.50445,,,,2,2023-06-14T05:31:04+00:00
SAO_3020-10,São Paulo,3550308,True,,33726,,,-23.563928500000003,-46.477431,,,,2,2023-06-14T05:31:12+00:00
SAO_3020-10,São Paulo,3550308,True,,33726,,,-23.535265250000002,-46.4387115,,,,2,2023-06-14T05:31:18+00:00
SAO_6063-43,São Paulo,3550308,True,,35248,,,-23.8149625,-46.669669,,,,2,2023-06-14T05:31:16+00:00
SAO_2202-10,São Paulo,3550308,True,Urubupungá,910,https://moovitapp.com/index/pt-br/transporte_p%C3%BAblico-line-910-Sao_Paulo-242-873835-496471-0,4.6,-23.5161345,-46.402854000000005,,,,1,2023-06-14T05:31:13+00:00
SAO_2202-10,São Paulo,3550308,True,Urubupungá,910,https://moovitapp.com/index/pt-br/transporte_p%C3%BAblico-line-910-Sao_Paulo-242-873835-496471-0,4.6,-23.5332815,-46.399273,,,,1,2023-06-14T05:30:36+00:00
SAO_2202-10,São Paulo,3550308,True,Urubupungá,910,https://moovitapp.com/index/pt-br/transporte_p%C3%BAblico-line-910-Sao_Paulo-242-873835-496471-0,4.6,-23.488425,-46.3829355,,,,1,2023-06-14T05:26:27+00:00
SAO_2202-10,São Paulo,3550308,True,Urubupungá,910,https://moovitapp.com/index/pt-br/transporte_p%C3%BAblico-line-910-Sao_Paulo-242-873835-496471-0,4.6,-23.5122855,-46.4021795,,,,1,2023-06-14T05:31:17+00:00
SAO_233A-10,São Paulo,3550308,True,EMTU,249,https://moovitapp.com/index/pt-br/transporte_p%C3%BAblico-line-249-Sao_Paulo-242-2038937-58093193-0,5.4,-23.4909575,-46.4425615,,,,1,2023-06-14T05:31:37+00:00
SAO_6036-10,São Paulo,3550308,True,,1214,,,-23.658478000000002,-46.765071,,,,1,2023-06-14T05:31:19+00:00
SAO_6036-10,São Paulo,3550308,True,,1214,,,-23.6538115,-46.789655499999995,,,,1,2023-06-14T05:31:48+00:00
SAO_6036-10,São Paulo,3550308,True,,1214,,,-23.6538115,-46.789655499999995,,,,1,2023-06-14T05:31:12+00:00
SAO_6036-10,São Paulo,3550308,True,,1214,,,-23.65376725,-46.79044725,,,,1,2023-06-14T05:31:48+00:00
SAO_273R-10,São Paulo,3550308,True,,32994,,,-23.522662999999998,-46.41263875,,,,2,2023-06-14T05:31:12+00:00
SAO_273R-10,São Paulo,3550308,True,,32994,,,-23.524883375,-46.474853625,,,,2,2023-06-14T05:31:08+00:00
SAO_273R-10,São Paulo,3550308,True,,32994,,,-23.5154615,-46.462446,,,,2,2023-06-14T05:31:09+00:00
SAO_273R-10,São Paulo,3550308,True,,32994,,,-23.515109250000002,-46.41938475,,,,2,2023-06-14T05:31:20+00:00
SAO_273R-10,São Paulo,3550308,True,,32994,,,-23.519109999999998,-46.474035,,,,2,2023-06-14T05:31:20+00:00
SAO_273R-10,São Paulo,3550308,True,,32994,,,-23.517555125,-46.47618175,,,,2,2023-06-14T05:31:34+00:00
SAO_273R-10,São Paulo,3550308,True,,32994,,,-23.52228,-46.4125755,,,,2,2023-06-14T05:31:02+00:00
SAO_978L-10,São Paulo,3550308,True,,33234,,,-23.4742495,-46.669781,,,,2,2023-06-14T05:31:19+00:00
SAO_978L-10,São Paulo,3550308,True,,33234,,,-23.521,-46.667287,,,,2,2023-06-14T05:31:32+00:00
SAO_978L-10,São Paulo,3550308,True,,33234,,,-23.482403,-46.673315,,,,2,2023-06-14T05:31:33+00:00
SAO_4311-10,São Paulo,3550308,True,,2171,,,-23.5728465,-46.503921500000004,,,,1,2023-06-14T05:31:40+00:00
SAO_4311-10,São Paulo,3550308,True,,2171,,,-23.55258825,-46.616667125000006,,,,1,2023-06-14T05:31:04+00:00
SAO_9301-10,São Paulo,3550308,True,,458,,,-23.542927,-46.6365225,,,,1,2023-06-14T05:31:39+00:00
SAO_9301-10,São Paulo,3550308,True,,458,,,-23.4962345,-46.662550499999995,,,,1,2023-06-14T05:31:09+00:00
SAO_4312-10,São Paulo,3550308,True,,34940,,,-23.541481,-46.512601000000004,,,,2,2023-06-14T05:31:24+00:00
SAO_4312-10,São Paulo,3550308,True,,34940,,,-23.56096,-46.490867,,,,2,2023-06-14T05:31:48+00:00
SAO_4312-10,São Paulo,3550308,True,,34940,,,-23.53726475,-46.559556375,,,,2,2023-06-14T05:31:22+00:00
SAO_4312-10,São Paulo,3550308,True,,34940,,,-23.570582,-46.490271500000006,,,,2,2023-06-14T05:31:13+00:00
SAO_4725-10,São Paulo,3550308,True,,338,,,-23.61220075,-46.644679999999994,,,,1,2023-06-14T05:31:09+00:00
SAO_5702-10,São Paulo,3550308,True,,33905,,,-23.698087,-46.646107,,,,2,2023-06-14T05:31:08+00:00
SAO_5702-10,São Paulo,3550308,True,,33905,,,-23.693949500000002,-46.640812,,,,2,2023-06-14T05:31:25+00:00
SAO_5702-10,São Paulo,3550308,True,,33905,,,-23.6817,-46.6375505,,,,2,2023-06-14T05:31:25+00:00
SAO_5702-10,São Paulo,3550308,True,,33905,,,-23.646939,-46.640949,,,,2,2023-06-14T05:31:37+00:00
SAO_5702-10,São Paulo,3550308,True,,33905,,,-23.698087,-46.646107,,,,2,2023-06-14T05:31:20+00:00
SAO_6028-10,São Paulo,3550308,True,,1211,,,-23.702326,-46.744178000000005,,,,1,2023-06-14T05:31:40+00:00
SAO_6028-10,São Paulo,3550308,True,,1211,,,-23.666870000000003,-46.722808,,,,1,2023-06-14T05:31:43+00:00
SAO_573H-10,São Paulo,3550308,True,,34398,,,-23.612196500000003,-46.493525500000004,,,,2,2023-06-14T05:31:06+00:00
SAO_573H-10,São Paulo,3550308,True,,34398,,,-23.56143375,-46.5952635,,,,2,2023-06-14T05:31:43+00:00
SAO_573H-10,São Paulo,3550308,True,,34398,,,-23.58799275,-46.5115205,,,,2,2023-06-14T05:31:26+00:00
SAO_573H-10,São Paulo,3550308,True,,34398,,,-23.612196500000003,-46.493525500000004,,,,2,2023-06-14T05:31:24+00:00
SAO_573H-10,São Paulo,3550308,True,,34398,,,-23.5826475,-46.535585,,,,2,2023-06-14T05:31:27+00:00
SAO_677Y-10,São Paulo,3550308,True,,34008,,,-23.693805,-46.7944445,,,,2,2023-06-14T05:31:48+00:00
SAO_677Y-10,São Paulo,3550308,True,,34008,,,-23.670783999999998,-46.786465,,,,2,2023-06-14T05:31:31+00:00
SAO_677Y-10,São Paulo,3550308,True,,34008,,,-23.6434815,-46.733768999999995,,,,2,2023-06-14T05:31:47+00:00
SAO_677Y-10,São Paulo,3550308,True,,34008,,,-23.6939725,-46.7947725,,,,2,2023-06-14T05:31:45+00:00
SAO_5127-10,São Paulo,3550308,True,,33895,,,-23.677825,-46.701614500000005,,,,2,2023-06-14T05:31:11+00:00
SAO_5127-10,São Paulo,3550308,True,,33895,,,-23.677825,-46.701614500000005,,,,2,2023-06-14T05:30:08+00:00
SAO_5127-10,São Paulo,3550308,True,,33895,,,-23.676409,-46.69882775000001,,,,2,2023-06-14T05:31:31+00:00
SAO_5127-10,São Paulo,3550308,True,,33895,,,-23.677825,-46.701614500000005,,,,2,2023-06-14T05:31:32+00:00
SAO_5127-10,São Paulo,3550308,True,,33895,,,-23.687965,-46.6639645,,,,2,2023-06-14T05:31:06+00:00
SAO_5127-10,São Paulo,3550308,True,,33895,,,-23.684175,-46.676418,,,,2,2023-06-14T05:31:09+00:00
SAO_5127-10,São Paulo,3550308,True,,33895,,,-23.677825,-46.701614500000005,,,,2,2023-06-14T05:31:19+00:00
SAO_189L-10,São Paulo,3550308,True,,35218,,,-23.501877,-46.7062765,,,,2,2023-06-14T05:31:40+00:00
SAO_189L-10,São Paulo,3550308,True,,35218,,,-23.4869675,-46.710637,,,,2,2023-06-14T05:31:18+00:00
SAO_172X-10,São Paulo,3550308,True,,861,,,-23.5043195,-46.56510075,,,,1,2023-06-14T05:29:13+00:00
SAO_172X-10,São Paulo,3550308,True,,861,,,-23.527012250000002,-46.575765875,,,,1,2023-06-14T05:31:26+00:00
SAO_172X-10,São Paulo,3550308,True,,861,,,-23.508826,-46.56786475,,,,1,2023-06-14T05:31:44+00:00
SAO_8615-10,São Paulo,3550308,True,,1339,,,-23.5489825,-46.6375515,,,,1,2023-06-14T05:31:37+00:00
SAO_8615-10,São Paulo,3550308,True,,1339,,,-23.5245785,-46.720169,,,,1,2023-06-14T05:31:22+00:00
SAO_8615-10,São Paulo,3550308,True,,1339,,,-23.54132525,-46.64217575,,,,1,2023-06-14T05:31:35+00:00
SAO_8615-10,São Paulo,3550308,True,,1339,,,-23.545814999999997,-46.6311165,,,,1,2023-06-14T05:31:31+00:00
SAO_8615-10,São Paulo,3550308,True,,1339,,,-23.524263,-46.71927475,,,,1,2023-06-14T05:31:05+00:00
SAO_N201-11,São Paulo,3550308,True,,2311,,,-23.480196,-46.602474,,,,1,2023-06-14T05:31:17+00:00
SAO_3745-10,São Paulo,3550308,True,,1044,,,-23.547271000000002,-46.540456875000004,,,,1,2023-06-14T05:31:09+00:00
SAO_3745-10,São Paulo,3550308,True,,1044,,,-23.574472749999998,-46.52010425,,,,1,2023-06-14T05:31:13+00:00
SAO_5317-10,São Paulo,3550308,True,,69,,,-23.695162,-46.6995915,,,,1,2023-06-14T05:31:33+00:00
SAO_5317-10,São Paulo,3550308,True,,69,,,-23.640510999999996,-46.697053874999995,,,,1,2023-06-14T05:31:24+00:00
SAO_N702-11,São Paulo,3550308,True,,2407,,,-23.608375000000002,-46.666595875,,,,1,2023-06-14T05:31:06+00:00
SAO_179X-10,São Paulo,3550308,True,,33448,,,-23.435955,-46.5745405,,,,2,2023-06-14T05:31:27+00:00
SAO_179X-10,São Paulo,3550308,True,,33448,,,-23.5266425,-46.66785350000001,,,,2,2023-06-14T05:31:38+00:00
SAO_179X-10,São Paulo,3550308,True,,33448,,,-23.5161885,-46.625014,,,,2,2023-06-14T05:31:30+00:00
SAO_179X-10,São Paulo,3550308,True,,33448,,,-23.528823,-46.66128500000001,,,,2,2023-06-14T05:31:37+00:00
SAO_2718-10,São Paulo,3550308,True,,931,,,-23.4998535,-46.523844249999996,,,,1,2023-06-14T05:31:23+00:00
SAO_2718-10,São Paulo,3550308,True,,931,,,-23.5331175,-46.545609,,,,1,2023-06-14T05:31:27+00:00
SAO_N745-11,São Paulo,3550308,True,,35194,,,-23.6566405,-46.776344,,,,2,2023-06-14T05:31:42+00:00
SAO_9011-10,São Paulo,3550308,True,,878,,,-23.45467,-46.738116000000005,,,,1,2023-06-14T05:31:38+00:00
SAO_9011-10,São Paulo,3550308,True,,878,,,-23.45467,-46.738116000000005,,,,1,2023-06-14T05:31:16+00:00
SAO_9011-10,São Paulo,3550308,True,,878,,,-23.437127500000003,-46.734156999999996,,,,1,2023-06-14T05:31:25+00:00
SAO_9011-10,São Paulo,3550308,True,,878,,,-23.45467,-46.738116000000005,,,,1,2023-06-14T05:31:33+00:00
SAO_9011-10,São Paulo,3550308,True,,878,,,-23.45467,-46.738116000000005,,,,1,2023-06-14T05:31:11+00:00
SAO_9011-10,São Paulo,3550308,True,,878,,,-23.4671145,-46.678969499999994,,,,1,2023-06-14T05:31:10+00:00
SAO_9011-10,São Paulo,3550308,True,,878,,,-23.4528515,-46.699654499999994,,,,1,2023-06-14T05:31:39+00:00
SAO_9011-10,São Paulo,3550308,True,,878,,,-23.45467,-46.738116000000005,,,,1,2023-06-14T05:31:01+00:00
SAO_9011-10,São Paulo,3550308,True,,878,,,-23.45467,-46.738116000000005,,,,1,2023-06-14T05:30:39+00:00
SAO_9011-10,São Paulo,3550308,True,,878,,,-23.45467,-46.738116000000005,,,,1,2023-06-14T05:31:15+00:00
SAO_9011-10,São Paulo,3550308,True,,878,,,-23.45467,-46.738116000000005,,,,1,2023-06-14T05:31:03+00:00
SAO_5611-10,São Paulo,3550308,True,,33366,,,-23.7160135,-46.624853,,,,2,2023-06-14T05:31:14+00:00
SAO_5611-10,São Paulo,3550308,True,,33366,,,-23.5522555,-46.636894,,,,2,2023-06-14T05:31:44+00:00
SAO_5611-10,São Paulo,3550308,True,,33366,,,-23.716158999999998,-46.626090500000004,,,,2,2023-06-14T05:31:20+00:00
SAO_5611-10,São Paulo,3550308,True,,33366,,,-23.6927905,-46.6601135,,,,2,2023-06-14T05:31:27+00:00
SAO_5611-10,São Paulo,3550308,True,,33366,,,-23.658857249999997,-46.6796145,,,,2,2023-06-14T05:31:18+00:00
SAO_807A-10,São Paulo,3550308,True,,34668,,,-23.6310935,-46.773485,,,,2,2023-06-14T05:31:45+00:00
SAO_807A-10,São Paulo,3550308,True,,34668,,,-23.645217000000002,-46.746117999999996,,,,2,2023-06-14T05:31:40+00:00
SAO_807A-10,São Paulo,3550308,True,,34668,,,-23.6383785,-46.767320999999995,,,,2,2023-06-14T05:31:48+00:00
SAO_807A-10,São Paulo,3550308,True,,34668,,,-23.6542185,-46.7095555,,,,2,2023-06-14T05:31:41+00:00
SAO_351F-10,São Paulo,3550308,True,,33455,,,-23.5714835,-46.537152,,,,2,2023-06-14T05:31:27+00:00
SAO_351F-10,São Paulo,3550308,True,,33455,,,-23.5408795,-46.595539875,,,,2,2023-06-14T05:31:05+00:00
SAO_351F-10,São Paulo,3550308,True,,33455,,,-23.467872,-46.5833195,,,,2,2023-06-14T05:31:43+00:00
SAO_6726-10,São Paulo,3550308,True,,1193,,,-23.736596499999997,-46.6971045,,,,1,2023-06-14T05:31:17+00:00
SAO_6726-10,São Paulo,3550308,True,,1193,,,-23.736596499999997,-46.6971045,,,,1,2023-06-14T05:31:10+00:00
SAO_6726-10,São Paulo,3550308,True,,1193,,,-23.751979,-46.6664275,,,,1,2023-06-14T05:31:41+00:00
SAO_6726-10,São Paulo,3550308,True,,1193,,,-23.73467,-46.66268825,,,,1,2023-06-14T05:31:47+00:00
SAO_607A-10,São Paulo,3550308,True,,34907,,,-23.666456500000002,-46.7063305,,,,2,2023-06-14T05:31:24+00:00
SAO_607A-10,São Paulo,3550308,True,,34907,,,-23.6891975,-46.679761,,,,2,2023-06-14T05:31:39+00:00
SAO_273X-10,São Paulo,3550308,True,,33160,,,-23.4940365,-46.4196,,,,2,2023-06-14T05:31:34+00:00
SAO_273X-10,São Paulo,3550308,True,,33160,,,-23.540174,-46.483585500000004,,,,2,2023-06-14T05:31:40+00:00
SAO_273X-10,São Paulo,3550308,True,,33160,,,-23.497997624999996,-46.376735124999996,,,,2,2023-06-14T05:31:24+00:00
SAO_273X-10,São Paulo,3550308,True,,33160,,,-23.496948875,-46.400600749999995,,,,2,2023-06-14T05:31:23+00:00
SAO_273X-10,São Paulo,3550308,True,,33160,,,-23.5389105,-46.481078,,,,2,2023-06-14T05:29:27+00:00
SAO_273X-10,São Paulo,3550308,True,,33160,,,-23.495147000000003,-46.4347765,,,,2,2023-06-14T05:31:40+00:00
SAO_273X-10,São Paulo,3550308,True,,33160,,,-23.497997624999996,-46.376735124999996,,,,2,2023-06-14T05:31:25+00:00
SAO_273X-10,São Paulo,3550308,True,,33160,,,-23.497997624999996,-46.376735124999996,,,,2,2023-06-14T05:31:10+00:00
SAO_2666-10,São Paulo,3550308,True,EMTU,378,https://moovitapp.com/index/pt-br/transporte_p%C3%BAblico-line-378-Sao_Paulo-242-2038937-36419452-0,12.1,-23.5111895,-46.5025015,,,,1,2023-06-14T05:31:20+00:00
SAO_2666-10,São Paulo,3550308,True,EMTU,378,https://moovitapp.com/index/pt-br/transporte_p%C3%BAblico-line-378-Sao_Paulo-242-2038937-36419452-0,12.1,-23.535285000000002,-46.5829895,,,,1,2023-06-14T05:31:15+00:00
SAO_2666-10,São Paulo,3550308,True,EMTU,378,https://moovitapp.com/index/pt-br/transporte_p%C3%BAblico-line-378-Sao_Paulo-242-2038937-36419452-0,12.1,-23.546727,-46.629723999999996,,,,1,2023-06-14T05:31:38+00:00
SAO_2666-10,São Paulo,3550308,True,EMTU,378,https://moovitapp.com/index/pt-br/transporte_p%C3%BAblico-line-378-Sao_Paulo-242-2038937-36419452-0,12.1,-23.51828025,-46.3879975,,,,1,2023-06-14T05:31:37+00:00
SAO_2666-10,São Paulo,3550308,True,EMTU,378,https://moovitapp.com/index/pt-br/transporte_p%C3%BAblico-line-378-Sao_Paulo-242-2038937-36419452-0,12.1,-23.518915999999997,-46.3897985,,,,1,2023-06-14T05:31:44+00:00
SAO_6358-10,São Paulo,3550308,True,,1294,,,-23.68493,-46.637550000000005,,,,1,2023-06-14T05:26:47+00:00
SAO_6358-10,São Paulo,3550308,True,,1294,,,-23.548989,-46.6395165,,,,1,2023-06-14T05:31:11+00:00
SAO_6358-10,São Paulo,3550308,True,,1294,,,-23.58299325,-46.655358250000006,,,,1,2023-06-14T05:31:35+00:00
SAO_4491-10,São Paulo,3550308,True,,33095,,,-23.565278,-46.611848125,,,,2,2023-06-14T05:31:12+00:00
SAO_4491-10,São Paulo,3550308,True,,33095,,,-23.592546875,-46.620915375,,,,2,2023-06-14T05:31:15+00:00
SAO_4491-10,São Paulo,3550308,True,,33095,,,-23.655145500000003,-46.608768999999995,,,,2,2023-06-14T05:30:29+00:00
SAO_1177-10,São Paulo,3550308,True,,32897,,,-23.516118,-46.47652574999999,,,,2,2023-06-14T05:31:24+00:00
SAO_1177-10,São Paulo,3550308,True,,32897,,,-23.527502750000004,-46.56731125,,,,2,2023-06-14T05:31:40+00:00
SAO_1177-10,São Paulo,3550308,True,,32897,,,-23.5361185,-46.632417000000004,,,,2,2023-06-14T05:31:27+00:00
SAO_1177-10,São Paulo,3550308,True,,32897,,,-23.5361185,-46.632417000000004,,,,2,2023-06-14T05:31:21+00:00
SAO_1177-10,São Paulo,3550308,True,,32897,,,-23.509484,-46.477599875,,,,2,2023-06-14T05:31:44+00:00
SAO_1177-10,São Paulo,3550308,True,,32897,,,-23.5361185,-46.632417000000004,,,,2,2023-06-14T05:31:42+00:00
SAO_5131-10,São Paulo,3550308,True,,34050,,,-23.6444445,-46.672484,,,,2,2023-06-14T05:31:38+00:00
SAO_5131-10,São Paulo,3550308,True,,34050,,,-23.5561075,-46.639743499999994,,,,2,2023-06-14T05:31:43+00:00
SAO_5032-10,São Paulo,3550308,True,,1662,,,-23.6338165,-46.587291,,,,1,2023-06-14T05:31:40+00:00
SAO_5032-10,São Paulo,3550308,True,,1662,,,-23.5997145,-46.6005205,,,,1,2023-06-14T05:31:43+00:00
SAO_8028-10,São Paulo,3550308,True,,35300,,,-23.6146165,-46.721431,,,,2,2023-06-14T05:31:44+00:00
SAO_8028-10,São Paulo,3550308,True,,35300,,,-23.585691,-46.724018,,,,2,2023-06-14T05:31:26+00:00
SAO_709P-10,São Paulo,3550308,True,,34761,,,-23.61237275,-46.6955505,,,,2,2023-06-14T05:31:33+00:00
SAO_709P-10,São Paulo,3550308,True,,34761,,,-23.566234,-46.7020095,,,,2,2023-06-14T05:31:19+00:00
SAO_709P-10,São Paulo,3550308,True,,34761,,,-23.6555325,-46.7221545,,,,2,2023-06-14T05:31:27+00:00
SAO_5362-10,São Paulo,3550308,True,,32838,,,-23.675507250000003,-46.712464,,,,2,2023-06-14T05:31:43+00:00
SAO_5362-10,São Paulo,3550308,True,,32838,,,-23.613059,-46.671189,,,,2,2023-06-14T05:31:27+00:00
SAO_5362-10,São Paulo,3550308,True,,32838,,,-23.708065375,-46.71264775,,,,2,2023-06-14T05:29:53+00:00
SAO_5362-10,São Paulo,3550308,True,,32838,,,-23.6293215,-46.686449999999994,,,,2,2023-06-14T05:31:30+00:00
SAO_4053-10,São Paulo,3550308,True,,34914,,,-23.5592195,-46.399505500000004,,,,2,2023-06-14T05:31:18+00:00
SAO_2704-10,São Paulo,3550308,True,,916,,,-23.5198535,-46.41966,,,,1,2023-06-14T05:31:36+00:00
SAO_2704-10,São Paulo,3550308,True,,916,,,-23.5424075,-46.470879499999995,,,,1,2023-06-14T05:30:17+00:00
SAO_2704-10,São Paulo,3550308,True,,916,,,-23.542716,-46.469168499999995,,,,1,2023-06-14T05:29:54+00:00
SAO_2704-10,São Paulo,3550308,True,,916,,,-23.525634,-46.4456145,,,,1,2023-06-14T05:31:04+00:00
SAO_509J-10,São Paulo,3550308,True,EMTU,264,https://moovitapp.com/index/pt-br/transporte_p%C3%BAblico-line-264-Sao_Paulo-242-2038937-36419374-0,6.2,-23.64641275,-46.674286,,,,1,2023-06-14T05:31:38+00:00
SAO_509J-10,São Paulo,3550308,True,EMTU,264,https://moovitapp.com/index/pt-br/transporte_p%C3%BAblico-line-264-Sao_Paulo-242-2038937-36419374-0,6.2,-23.601715874999996,-46.662136000000004,,,,1,2023-06-14T05:31:02+00:00
SAO_3751-10,São Paulo,3550308,True,,1047,,,-23.569356,-46.4108985,,,,1,2023-06-14T05:31:07+00:00
SAO_3751-10,São Paulo,3550308,True,,1047,,,-23.569416500000003,-46.4101175,,,,1,2023-06-14T05:31:46+00:00
SAO_3751-10,São Paulo,3550308,True,,1047,,,-23.569356,-46.4108985,,,,1,2023-06-14T05:31:39+00:00
SAO_3751-10,São Paulo,3550308,True,,1047,,,-23.5437895,-46.44782,,,,1,2023-06-14T05:31:36+00:00
SAO_8010-10,São Paulo,3550308,True,,33566,,,-23.485437,-46.7282735,,,,2,2023-06-14T05:31:00+00:00
SAO_8010-10,São Paulo,3550308,True,,33566,,,-23.4092995,-46.751996000000005,,,,2,2023-06-14T05:31:35+00:00
SAO_9354-10,São Paulo,3550308,True,,708,,,-23.4829505,-46.654344249999994,,,,1,2023-06-14T05:31:44+00:00
SAO_9354-10,São Paulo,3550308,True,,708,,,-23.5260055,-46.648977,,,,1,2023-06-14T05:31:45+00:00
SAO_3029-10,São Paulo,3550308,True,,966,,,-23.541215,-46.5774215,,,,1,2023-06-14T05:31:28+00:00
SAO_3029-10,São Paulo,3550308,True,,966,,,-23.542620499999998,-46.5481845,,,,1,2023-06-14T05:31:35+00:00
SAO_3029-10,São Paulo,3550308,True,,966,,,-23.576951,-46.5261795,,,,1,2023-06-14T05:31:06+00:00
SAO_2712-10,São Paulo,3550308,True,,926,,,-23.5402495,-46.4829455,,,,1,2023-06-14T05:31:37+00:00
SAO_2712-10,São Paulo,3550308,True,,926,,,-23.541428,-46.482171,,,,1,2023-06-14T05:31:26+00:00
SAO_2712-10,São Paulo,3550308,True,,926,,,-23.5409525,-46.482635,,,,1,2023-06-14T05:31:12+00:00
SAO_2712-10,São Paulo,3550308,True,,926,,,-23.527357000000002,-46.479188,,,,1,2023-06-14T05:31:30+00:00
SAO_2712-10,São Paulo,3550308,True,,926,,,-23.5403625,-46.482903,,,,1,2023-06-14T05:31:24+00:00
SAO_513C-31,São Paulo,3550308,True,,2536,,,-23.596132124999997,-46.453888500000005,,,,1,2023-06-14T05:31:36+00:00
SAO_513C-31,São Paulo,3550308,True,,2536,,,-23.571699000000002,-46.446363500000004,,,,1,2023-06-14T05:31:24+00:00
SAO_513C-31,São Paulo,3550308,True,,2536,,,-23.6068155,-46.563219000000004,,,,1,2023-06-14T05:31:42+00:00
SAO_6035-10,São Paulo,3550308,True,,1213,,,-23.6539185,-46.7067565,,,,1,2023-06-14T05:31:07+00:00
SAO_6035-10,São Paulo,3550308,True,,1213,,,-23.690631,-46.774444,,,,1,2023-06-14T05:31:35+00:00
SAO_6035-10,São Paulo,3550308,True,,1213,,,-23.7202625,-46.75875475,,,,1,2023-06-14T05:31:18+00:00
SAO_6035-10,São Paulo,3550308,True,,1213,,,-23.668913,-46.7339305,,,,1,2023-06-14T05:31:22+00:00
SAO_9191-10,São Paulo,3550308,True,,33578,,,-23.524739,-46.6646185,,,,2,2023-06-14T05:31:44+00:00
SAO_9191-10,São Paulo,3550308,True,,33578,,,-23.481932999999998,-46.673136,,,,2,2023-06-14T05:31:19+00:00
SAO_9191-10,São Paulo,3550308,True,,33578,,,-23.471132,-46.665958,,,,2,2023-06-14T05:31:19+00:00
SAO_9191-10,São Paulo,3550308,True,,33578,,,-23.5036915,-46.67682275,,,,2,2023-06-14T05:31:05+00:00
SAO_1743-10,São Paulo,3550308,True,,33311,,,-23.4671235,-46.662875,,,,2,2023-06-14T05:31:12+00:00
SAO_1743-10,São Paulo,3550308,True,,33311,,,-23.504861374999997,-46.624694625000004,,,,2,2023-06-14T05:31:35+00:00
SAO_4314-10,São Paulo,3550308,True,,34942,,,-23.550176,-46.498211749999996,,,,2,2023-06-14T05:31:43+00:00
SAO_4314-10,São Paulo,3550308,True,,34942,,,-23.57374,-46.398475000000005,,,,2,2023-06-14T05:31:20+00:00
SAO_4314-10,São Paulo,3550308,True,,34942,,,-23.564289000000002,-46.4139585,,,,2,2023-06-14T05:31:24+00:00
SAO_4314-10,São Paulo,3550308,True,,34942,,,-23.53726475,-46.559556375,,,,2,2023-06-14T05:31:27+00:00
SAO_4314-10,São Paulo,3550308,True,,34942,,,-23.55453925,-46.439656,,,,2,2023-06-14T05:31:44+00:00
SAO_4314-10,São Paulo,3550308,True,,34942,,,-23.5465295,-46.630686,,,,2,2023-06-14T05:31:43+00:00
SAO_6200-10,São Paulo,3550308,True,,355,,,-23.6546015,-46.715593,,,,1,2023-06-14T05:31:20+00:00
SAO_6200-10,São Paulo,3550308,True,,355,,,-23.57703,-46.6713885,,,,1,2023-06-14T05:31:27+00:00
SAO_6200-10,São Paulo,3550308,True,,355,,,-23.647133750000002,-46.725201999999996,,,,1,2023-06-14T05:31:09+00:00
SAO_6200-10,São Paulo,3550308,True,,355,,,-23.549173,-46.640448,,,,1,2023-06-14T05:31:17+00:00
SAO_6200-10,São Paulo,3550308,True,,355,,,-23.6543085,-46.714079999999996,,,,1,2023-06-14T05:31:06+00:00
SAO_6200-10,São Paulo,3550308,True,,355,,,-23.654618,-46.715665,,,,1,2023-06-14T05:31:29+00:00
SAO_6200-10,São Paulo,3550308,True,,355,,,-23.654238499999998,-46.7135015,,,,1,2023-06-14T05:31:18+00:00
SAO_6200-10,São Paulo,3550308,True,,355,,,-23.654262,-46.713696,,,,1,2023-06-14T05:31:32+00:00
SAO_6200-10,São Paulo,3550308,True,,355,,,-23.654573,-46.7154675,,,,1,2023-06-14T05:31:13+00:00
SAO_3013-10,São Paulo,3550308,True,,954,,,-23.58372,-46.4090675,,,,1,2023-06-14T05:31:37+00:00
SAO_875C-10,São Paulo,3550308,True,,33246,,,-23.583526499999998,-46.67080075,,,,2,2023-06-14T05:31:07+00:00
SAO_875C-10,São Paulo,3550308,True,,33246,,,-23.571949,-46.6900785,,,,2,2023-06-14T05:31:15+00:00
SAO_875C-10,São Paulo,3550308,True,,33246,,,-23.543759375,-46.715436,,,,2,2023-06-14T05:31:31+00:00
SAO_2765-10,São Paulo,3550308,True,EMTU,145,https://moovitapp.com/index/pt-br/transporte_p%C3%BAblico-line-145-Sao_Paulo-242-2038937-36419293-0,5.35,-23.519413375,-46.547896,,,,1,2023-06-14T05:31:20+00:00
SAO_2765-10,São Paulo,3550308,True,EMTU,145,https://moovitapp.com/index/pt-br/transporte_p%C3%BAblico-line-145-Sao_Paulo-242-2038937-36419293-0,5.35,-23.498179,-46.495687000000004,,,,1,2023-06-14T05:31:27+00:00
SAO_2765-10,São Paulo,3550308,True,EMTU,145,https://moovitapp.com/index/pt-br/transporte_p%C3%BAblico-line-145-Sao_Paulo-242-2038937-36419293-0,5.35,-23.493289,-46.493515,,,,1,2023-06-14T05:31:02+00:00
SAO_5194-10,São Paulo,3550308,True,EMTU,269,https://moovitapp.com/index/pt-br/transporte_p%C3%BAblico-line-269-Sao_Paulo-242-2038937-36419377-0,5.35,-23.645107,-46.673094750000004,,,,1,2023-06-14T05:31:36+00:00
SAO_5194-10,São Paulo,3550308,True,EMTU,269,https://moovitapp.com/index/pt-br/transporte_p%C3%BAblico-line-269-Sao_Paulo-242-2038937-36419377-0,5.35,-23.693239,-46.6589885,,,,1,2023-06-14T05:31:14+00:00
SAO_273R-10,São Paulo,3550308,True,EMTU,226,https://moovitapp.com/index/pt-br/transporte_p%C3%BAblico-line-226-Sao_Paulo-242-2038937-36419343-0,5.05,-23.540062499999998,-46.482594375,,,,1,2023-06-14T05:31:43+00:00
SAO_273R-10,São Paulo,3550308,True,EMTU,226,https://moovitapp.com/index/pt-br/transporte_p%C3%BAblico-line-226-Sao_Paulo-242-2038937-36419343-0,5.05,-23.5175915,-46.4751235,,,,1,2023-06-14T05:31:02+00:00
SAO_273R-10,São Paulo,3550308,True,EMTU,226,https://moovitapp.com/index/pt-br/transporte_p%C3%BAblico-line-226-Sao_Paulo-242-2038937-36419343-0,5.05,-23.523995749999997,-46.47512025,,,,1,2023-06-14T05:31:40+00:00
SAO_273R-10,São Paulo,3550308,True,EMTU,226,https://moovitapp.com/index/pt-br/transporte_p%C3%BAblico-line-226-Sao_Paulo-242-2038937-36419343-0,5.05,-23.52377925,-46.417449,,,,1,2023-06-14T05:31:23+00:00
SAO_7017-10,São Paulo,3550308,True,,35270,,,-23.693227,-46.790786999999995,,,,2,2023-06-14T05:31:11+00:00
SAO_7017-10,São Paulo,3550308,True,,35270,,,-23.675478,-46.755183,,,,2,2023-06-14T05:31:20+00:00
SAO_7017-10,São Paulo,3550308,True,,35270,,,-23.6814885,-46.7849445,,,,2,2023-06-14T05:31:03+00:00
SAO_1720-10,São Paulo,3550308,True,,863,,,-23.446601,-46.613535999999996,,,,1,2023-06-14T05:31:15+00:00
SAO_1720-10,São Paulo,3550308,True,,863,,,-23.481530499999998,-46.59320700000001,,,,1,2023-06-14T05:31:20+00:00
SAO_1720-10,São Paulo,3550308,True,,863,,,-23.48399,-46.56519425,,,,1,2023-06-14T05:31:05+00:00
SAO_4029-10,São Paulo,3550308,True,,33867,,,-23.608555,-46.477866999999996,,,,2,2023-06-14T05:31:17+00:00
SAO_4029-10,São Paulo,3550308,True,,33867,,,-23.593782750000003,-46.538532625,,,,2,2023-06-14T05:31:40+00:00
SAO_4029-10,São Paulo,3550308,True,,33867,,,-23.60928525,-46.477388000000005,,,,2,2023-06-14T05:31:22+00:00
SAO_3785-10,São Paulo,3550308,True,,1063,,,-23.591207,-46.394471,,,,1,2023-06-14T05:31:43+00:00
SAO_3785-10,São Paulo,3550308,True,,1063,,,-23.5425685,-46.470890999999995,,,,1,2023-06-14T05:31:37+00:00
SAO_3785-10,São Paulo,3550308,True,,1063,,,-23.562426875,-46.446031,,,,1,2023-06-14T05:31:12+00:00
SAO_3785-10,São Paulo,3550308,True,,1063,,,-23.591207,-46.394471,,,,1,2023-06-14T05:31:33+00:00
SAO_3785-10,São Paulo,3550308,True,,1063,,,-23.594634,-46.441854500000005,,,,1,2023-06-14T05:31:43+00:00
SAO_3778-10,São Paulo,3550308,True,,1062,,,-23.538655499999997,-46.564793,,,,1,2023-06-14T05:31:26+00:00
SAO_3778-10,São Paulo,3550308,True,,1062,,,-23.574680999999998,-46.4972545,,,,1,2023-06-14T05:31:08+00:00
SAO_3778-10,São Paulo,3550308,True,,1062,,,-23.54680525,-46.54149425,,,,1,2023-06-14T05:31:45+00:00
SAO_3778-10,São Paulo,3550308,True,,1062,,,-23.538515,-46.56404,,,,1,2023-06-14T05:31:14+00:00
SAO_6812-10,São Paulo,3550308,True,,34010,,,-23.65192725,-46.702461,,,,2,2023-06-14T05:31:29+00:00
SAO_6812-10,São Paulo,3550308,True,,34010,,,-23.7021595,-46.782621,,,,2,2023-06-14T05:31:22+00:00
SAO_6812-10,São Paulo,3550308,True,,34010,,,-23.6922445,-46.7772405,,,,2,2023-06-14T05:31:20+00:00
SAO_746R-10,São Paulo,3550308,True,,33558,,,-23.627139999999997,-46.7109685,,,,2,2023-06-14T05:31:38+00:00
SAO_6010-10,São Paulo,3550308,True,,33970,,,-23.6938785,-46.7945825,,,,2,2023-06-14T05:31:46+00:00
SAO_6010-10,São Paulo,3550308,True,,33970,,,-23.664692000000002,-46.747955,,,,2,2023-06-14T05:31:06+00:00
SAO_6010-10,São Paulo,3550308,True,,33970,,,-23.667592,-46.7354985,,,,2,2023-06-14T05:31:20+00:00
SAO_6010-10,São Paulo,3550308,True,,33970,,,-23.667592,-46.7354985,,,,2,2023-06-14T05:31:45+00:00
SAO_6010-10,São Paulo,3550308,True,,33970,,,-23.6698995,-46.7623875,,,,2,2023-06-14T05:31:45+00:00
SAO_6010-10,São Paulo,3550308,True,,33970,,,-23.6938785,-46.7945825,,,,2,2023-06-14T05:31:05+00:00
SAO_6010-10,São Paulo,3550308,True,,33970,,,-23.693805,-46.7944445,,,,2,2023-06-14T05:31:41+00:00
SAO_6010-10,São Paulo,3550308,True,,33970,,,-23.6938785,-46.7945825,,,,2,2023-06-14T05:31:15+00:00
SAO_6010-10,São Paulo,3550308,True,,33970,,,-23.6938785,-46.7945825,,,,2,2023-06-14T05:31:28+00:00
SAO_6010-10,São Paulo,3550308,True,,33970,,,-23.667592,-46.7354985,,,,2,2023-06-14T05:31:16+00:00
SAO_6010-10,São Paulo,3550308,True,,33970,,,-23.6938785,-46.7945825,,,,2,2023-06-14T05:31:22+00:00
SAO_6L10-10,São Paulo,3550308,True,,1159,,,-23.7854925,-46.725989,,,,1,2023-06-14T05:31:49+00:00
SAO_6L10-10,São Paulo,3550308,True,,1159,,,-23.767440999999998,-46.716431,,,,1,2023-06-14T05:31:12+00:00
SAO_6L10-10,São Paulo,3550308,True,,1159,,,-23.767440999999998,-46.716431,,,,1,2023-06-14T05:31:31+00:00
SAO_6L10-10,São Paulo,3550308,True,,1159,,,-23.772029,-46.719725999999994,,,,1,2023-06-14T05:31:13+00:00
SAO_6L10-10,São Paulo,3550308,True,,1159,,,-23.767440999999998,-46.716431,,,,1,2023-06-14T05:31:32+00:00
SAO_6L10-10,São Paulo,3550308,True,,1159,,,-23.767440999999998,-46.716431,,,,1,2023-06-14T05:31:30+00:00
SAO_6837-10,São Paulo,3550308,True,,32774,,,-23.636105999999998,-46.75953475,,,,2,2023-06-14T05:31:37+00:00
SAO_374V-10,São Paulo,3550308,True,,34415,,,-23.5266365,-46.455377,,,,2,2023-06-14T05:31:09+00:00
SAO_374V-10,São Paulo,3550308,True,,34415,,,-23.526107250000003,-46.4522605,,,,2,2023-06-14T05:31:03+00:00
SAO_374V-10,São Paulo,3550308,True,,34415,,,-23.5263255,-46.452581,,,,2,2023-06-14T05:31:19+00:00
SAO_374V-10,São Paulo,3550308,True,,34415,,,-23.5165075,-46.4549485,,,,2,2023-06-14T05:31:31+00:00
SAO_8077-10,São Paulo,3550308,True,,34818,,,-23.592308875,-46.735138375000005,,,,2,2023-06-14T05:31:21+00:00
SAO_8077-10,São Paulo,3550308,True,,34818,,,-23.595788,-46.7893465,,,,2,2023-06-14T05:31:19+00:00
SAO_311C-10,São Paulo,3550308,True,EMTU,309,https://moovitapp.com/index/pt-br/transporte_p%C3%BAblico-line-309-Sao_Paulo-242-2038937-36419401-0,7.5,-23.519045,-46.6502195,,,,1,2023-06-14T05:31:42+00:00
SAO_3098-10,São Paulo,3550308,True,,33846,,,-23.631781750000002,-46.45626,,,,2,2023-06-14T05:31:41+00:00
SAO_3098-10,São Paulo,3550308,True,,33846,,,-23.60364525,-46.4816365,,,,2,2023-06-14T05:31:34+00:00
SAO_3098-10,São Paulo,3550308,True,,33846,,,-23.5650915,-46.5085165,,,,2,2023-06-14T05:31:23+00:00
SAO_3098-10,São Paulo,3550308,True,,33846,,,-23.6298355,-46.4616865,,,,2,2023-06-14T05:31:04+00:00
SAO_N636-11,São Paulo,3550308,True,,2401,,,-23.7469375,-46.707896,,,,1,2023-06-14T05:31:29+00:00
SAO_3069-10,São Paulo,3550308,True,,33752,,,-23.60662525,-46.41692075,,,,2,2023-06-14T05:31:18+00:00
SAO_3069-10,São Paulo,3550308,True,,33752,,,-23.606299749999998,-46.41697025,,,,2,2023-06-14T05:31:19+00:00
SAO_3069-10,São Paulo,3550308,True,,33752,,,-23.613243,-46.422848,,,,2,2023-06-14T05:31:17+00:00
SAO_3069-10,São Paulo,3550308,True,,33752,,,-23.606299749999998,-46.41697025,,,,2,2023-06-14T05:31:20+00:00
SAO_3069-10,São Paulo,3550308,True,,33752,,,-23.60662525,-46.41692075,,,,2,2023-06-14T05:31:04+00:00
SAO_1787-10,São Paulo,3550308,True,,650,,,-23.4678685,-46.6166155,,,,1,2023-06-14T05:30:30+00:00
SAO_6007-10,São Paulo,3550308,True,,32944,,,-23.65276275,-46.717293875,,,,2,2023-06-14T05:31:43+00:00
SAO_6007-10,São Paulo,3550308,True,,32944,,,-23.654044,-46.7630505,,,,2,2023-06-14T05:31:22+00:00
SAO_6007-10,São Paulo,3550308,True,,32944,,,-23.666486499999998,-46.727189499999994,,,,2,2023-06-14T05:31:16+00:00
SAO_6007-10,São Paulo,3550308,True,,32944,,,-23.6721535,-46.754016,,,,2,2023-06-14T05:31:21+00:00
SAO_6007-10,São Paulo,3550308,True,,32944,,,-23.6541265,-46.7631545,,,,2,2023-06-14T05:31:04+00:00
SAO_917M-10,São Paulo,3550308,True,,34134,,,-23.5438395,-46.665178999999995,,,,2,2023-06-14T05:31:41+00:00
SAO_917M-10,São Paulo,3550308,True,,34134,,,-23.583523999999997,-46.637173250000004,,,,2,2023-06-14T05:31:37+00:00
SAO_917M-10,São Paulo,3550308,True,,34134,,,-23.49746425,-46.697986,,,,2,2023-06-14T05:31:09+00:00
SAO_7011-31,São Paulo,3550308,True,,34722,,,-23.6787785,-46.7634405,,,,2,2023-06-14T05:31:26+00:00
SAO_7011-31,São Paulo,3550308,True,,34722,,,-23.70074475,-46.789197,,,,2,2023-06-14T05:31:42+00:00
SAO_975A-10,São Paulo,3550308,True,,33357,,,-23.533997375,-46.66536025,,,,2,2023-06-14T05:31:44+00:00
SAO_975A-10,São Paulo,3550308,True,,33357,,,-23.562974750000002,-46.65455800000001,,,,2,2023-06-14T05:31:11+00:00
SAO_975A-10,São Paulo,3550308,True,,33357,,,-23.502781249999998,-46.685883000000004,,,,2,2023-06-14T05:31:43+00:00
SAO_975A-10,São Paulo,3550308,True,,33357,,,-23.468571,-46.6963775,,,,2,2023-06-14T05:31:38+00:00
SAO_975A-10,São Paulo,3550308,True,,33357,,,-23.469106500000002,-46.695824,,,,2,2023-06-14T05:31:44+00:00
SAO_7411-10,São Paulo,3550308,True,,1376,,,-23.572526,-46.704663,,,,1,2023-06-14T05:31:17+00:00
SAO_7411-10,São Paulo,3550308,True,,1376,,,-23.554655750000002,-46.7329685,,,,1,2023-06-14T05:31:33+00:00
SAO_1767-10,São Paulo,3550308,True,,33396,,,-23.4807845,-46.6028295,,,,2,2023-06-14T05:31:03+00:00
SAO_4314-10,São Paulo,3550308,True,,2174,,,-23.546727,-46.629723999999996,,,,1,2023-06-14T05:31:16+00:00
SAO_4314-10,São Paulo,3550308,True,,2174,,,-23.54645675,-46.629903999999996,,,,1,2023-06-14T05:31:17+00:00
SAO_4314-10,São Paulo,3550308,True,,2174,,,-23.5549255,-46.4428925,,,,1,2023-06-14T05:31:29+00:00
SAO_4314-10,São Paulo,3550308,True,,2174,,,-23.5506455,-46.5115885,,,,1,2023-06-14T05:31:24+00:00
SAO_6063-41,São Paulo,3550308,True,,34541,,,-23.787667499999998,-46.6800415,,,,2,2023-06-14T05:31:17+00:00
SAO_6063-41,São Paulo,3550308,True,,34541,,,-23.787596999999998,-46.679432,,,,2,2023-06-14T05:31:24+00:00
SAO_6063-41,São Paulo,3550308,True,,34541,,,-23.787596999999998,-46.679432,,,,2,2023-06-14T05:31:24+00:00
SAO_6063-41,São Paulo,3550308,True,,34541,,,-23.766574,-46.716055499999996,,,,2,2023-06-14T05:31:04+00:00
SAO_6063-41,São Paulo,3550308,True,,34541,,,-23.7880545,-46.680126,,,,2,2023-06-14T05:31:29+00:00
SAO_6063-41,São Paulo,3550308,True,,34541,,,-23.776175000000002,-46.69686,,,,2,2023-06-14T05:31:46+00:00
SAO_N231-11,São Paulo,3550308,True,,2320,,,-23.474603000000002,-46.669678000000005,,,,1,2023-06-14T05:31:30+00:00
SAO_N433-11,São Paulo,3550308,True,,2366,,,-23.557687,-46.52319850000001,,,,1,2023-06-14T05:31:43+00:00
SAO_8622-10,São Paulo,3550308,True,EMTU,438,https://moovitapp.com/index/pt-br/transporte_p%C3%BAblico-line-438-Sao_Paulo-242-2038937-36419488-0,7.65,-23.444484250000002,-46.78716225,,,,1,2023-06-14T05:31:11+00:00
SAO_8622-10,São Paulo,3550308,True,EMTU,438,https://moovitapp.com/index/pt-br/transporte_p%C3%BAblico-line-438-Sao_Paulo-242-2038937-36419488-0,7.65,-23.50888975,-46.7347195,,,,1,2023-06-14T05:31:09+00:00
SAO_8622-10,São Paulo,3550308,True,EMTU,438,https://moovitapp.com/index/pt-br/transporte_p%C3%BAblico-line-438-Sao_Paulo-242-2038937-36419488-0,7.65,-23.540161750000003,-46.64419375,,,,1,2023-06-14T05:31:43+00:00
SAO_8622-10,São Paulo,3550308,True,EMTU,438,https://moovitapp.com/index/pt-br/transporte_p%C3%BAblico-line-438-Sao_Paulo-242-2038937-36419488-0,7.65,-23.542453000000002,-46.642850499999994,,,,1,2023-06-14T05:31:27+00:00
SAO_6803-10,São Paulo,3550308,True,BR7 Mobilidade,29,https://moovitapp.com/index/pt-br/transporte_p%C3%BAblico-line-29-Sao_Paulo-242-851856-500111-0,5.75,-23.6439105,-46.7348865,,,,1,2023-06-14T05:31:44+00:00
SAO_6824-10,São Paulo,3550308,True,,32791,,,-23.667778,-46.785968499999996,,,,2,2023-06-14T05:31:27+00:00
SAO_6031-10,São Paulo,3550308,True,,92,,,-23.757718,-46.706506000000005,,,,1,2023-06-14T05:31:12+00:00
SAO_6031-10,São Paulo,3550308,True,,92,,,-23.737982,-46.697884,,,,1,2023-06-14T05:31:25+00:00
SAO_6031-10,São Paulo,3550308,True,,92,,,-23.75532225,-46.699929999999995,,,,1,2023-06-14T05:31:48+00:00
SAO_2718-10,São Paulo,3550308,True,,33699,,,-23.4930925,-46.49988925,,,,2,2023-06-14T05:31:12+00:00
SAO_2718-10,São Paulo,3550308,True,,33699,,,-23.4930065,-46.4991965,,,,2,2023-06-14T05:31:04+00:00
SAO_2718-10,São Paulo,3550308,True,,33699,,,-23.4930925,-46.49988925,,,,2,2023-06-14T05:31:21+00:00
SAO_3026-10,São Paulo,3550308,True,,33730,,,-23.5772445,-46.393585,,,,2,2023-06-14T05:31:08+00:00
SAO_3026-10,São Paulo,3550308,True,,33730,,,-23.578707,-46.39442875,,,,2,2023-06-14T05:26:50+00:00
SAO_3026-10,São Paulo,3550308,True,,33730,,,-23.568060000000003,-46.40042699999999,,,,2,2023-06-14T05:31:10+00:00
SAO_3026-10,São Paulo,3550308,True,,33730,,,-23.557988,-46.4104275,,,,2,2023-06-14T05:31:47+00:00
SAO_8002-10,São Paulo,3550308,False,,34020,,,-23.48722275,-46.726573,,,,2,2023-06-14T05:31:29+00:00
SAO_8002-10,São Paulo,3550308,True,,34020,,,-23.51414,-46.721074,,,,2,2023-06-14T05:31:05+00:00
SAO_8002-10,São Paulo,3550308,False,,34020,,,-23.48722275,-46.726573,,,,2,2023-06-14T05:31:37+00:00
SAO_5013-10,São Paulo,3550308,True,,1117,,,-23.6722,-46.6751345,,,,1,2023-06-14T05:31:29+00:00
SAO_5013-10,São Paulo,3550308,True,,1117,,,-23.6584155,-46.6984925,,,,1,2023-06-14T05:31:36+00:00
SAO_5013-10,São Paulo,3550308,True,,1117,,,-23.682060999999997,-46.633000499999994,,,,1,2023-06-14T05:31:09+00:00
SAO_3901-10,São Paulo,3550308,True,,34237,,,-23.5048465,-46.507285,,,,2,2023-06-14T05:31:24+00:00
SAO_2710-10,São Paulo,3550308,True,,33692,,,-23.529882,-46.501219000000006,,,,2,2023-06-14T05:31:07+00:00
SAO_748R-10,São Paulo,3550308,True,EMTU,501,https://moovitapp.com/index/pt-br/transporte_p%C3%BAblico-line-501-Sao_Paulo-242-2038937-36419526-0,7.55,-23.5259505,-46.6781165,,,,1,2023-06-14T05:31:45+00:00
SAO_748R-10,São Paulo,3550308,True,EMTU,501,https://moovitapp.com/index/pt-br/transporte_p%C3%BAblico-line-501-Sao_Paulo-242-2038937-36419526-0,7.55,-23.5382545,-46.719578999999996,,,,1,2023-06-14T05:31:45+00:00
SAO_748R-10,São Paulo,3550308,True,EMTU,501,https://moovitapp.com/index/pt-br/transporte_p%C3%BAblico-line-501-Sao_Paulo-242-2038937-36419526-0,7.55,-23.550664437500004,-46.739648312499995,,,,1,2023-06-14T05:31:48+00:00
SAO_8400-10,São Paulo,3550308,True,,1265,,,-23.5259075,-46.678520000000006,,,,1,2023-06-14T05:31:48+00:00
SAO_8400-10,São Paulo,3550308,True,,1265,,,-23.547871999999998,-46.642169499999994,,,,1,2023-06-14T05:31:30+00:00
SAO_8400-10,São Paulo,3550308,True,,1265,,,-23.486878500000003,-46.7265645,,,,1,2023-06-14T05:31:23+00:00
SAO_8400-10,São Paulo,3550308,True,,1265,,,-23.486878500000003,-46.7265645,,,,1,2023-06-14T05:31:45+00:00
SAO_6L01-10,São Paulo,3550308,True,,1171,,,-23.828041,-46.731192500000006,,,,1,2023-06-14T05:31:35+00:00
SAO_6L01-10,São Paulo,3550308,True,,1171,,,-23.799326999999998,-46.7314595,,,,1,2023-06-14T05:31:15+00:00
SAO_874T-10,São Paulo,3550308,True,,33075,,,-23.5557355,-46.663118,,,,2,2023-06-14T05:31:44+00:00
SAO_874T-10,São Paulo,3550308,True,,33075,,,-23.53967925,-46.6551705,,,,2,2023-06-14T05:31:29+00:00
SAO_5018-10,São Paulo,3550308,True,,34260,,,-23.64654725,-46.64174575,,,,2,2023-06-14T05:31:16+00:00
SAO_5018-10,São Paulo,3550308,True,,34260,,,-23.664243499999998,-46.6507365,,,,2,2023-06-14T05:31:43+00:00
SAO_2717-10,São Paulo,3550308,True,Urubupungá,930,https://moovitapp.com/index/pt-br/transporte_p%C3%BAblico-line-930-Sao_Paulo-242-873835-496473-0,4.6,-23.528614,-46.5162345,,,,1,2023-06-14T05:31:43+00:00
SAO_2717-10,São Paulo,3550308,True,Urubupungá,930,https://moovitapp.com/index/pt-br/transporte_p%C3%BAblico-line-930-Sao_Paulo-242-873835-496473-0,4.6,-23.51067575,-46.51338625,,,,1,2023-06-14T05:31:38+00:00
SAO_609F-10,São Paulo,3550308,True,BR7 Mobilidade,37,https://moovitapp.com/index/pt-br/transporte_p%C3%BAblico-line-37-Sao_Paulo-242-851856-596010-0,5.75,-23.615141,-46.698925,,,,1,2023-06-14T05:31:39+00:00
SAO_609F-10,São Paulo,3550308,True,BR7 Mobilidade,37,https://moovitapp.com/index/pt-br/transporte_p%C3%BAblico-line-37-Sao_Paulo-242-851856-596010-0,5.75,-23.5560215,-46.6502465,,,,1,2023-06-14T05:31:36+00:00
SAO_609F-10,São Paulo,3550308,True,BR7 Mobilidade,37,https://moovitapp.com/index/pt-br/transporte_p%C3%BAblico-line-37-Sao_Paulo-242-851856-596010-0,5.75,-23.53471425,-46.64500699999999,,,,1,2023-06-14T05:31:09+00:00
SAO_609F-10,São Paulo,3550308,True,BR7 Mobilidade,37,https://moovitapp.com/index/pt-br/transporte_p%C3%BAblico-line-37-Sao_Paulo-242-851856-596010-0,5.75,-23.663668,-46.753144,,,,1,2023-06-14T05:31:47+00:00
SAO_514T-10,São Paulo,3550308,True,,1671,,,-23.585639,-46.5373795,,,,1,2023-06-14T05:31:16+00:00
SAO_514T-10,São Paulo,3550308,True,,1671,,,-23.580041,-46.6023785,,,,1,2023-06-14T05:31:36+00:00
SAO_514T-10,São Paulo,3550308,True,,1671,,,-23.5964545,-46.501602500000004,,,,1,2023-06-14T05:31:39+00:00
SAO_514T-10,São Paulo,3550308,True,,1671,,,-23.597327,-46.50967675,,,,1,2023-06-14T05:31:46+00:00
SAO_5318-10,São Paulo,3550308,True,,32813,,,-23.6713685,-46.7465525,,,,2,2023-06-14T05:31:46+00:00
SAO_5318-10,São Paulo,3550308,True,,32813,,,-23.671293,-46.746714999999995,,,,2,2023-06-14T05:31:35+00:00
SAO_5318-10,São Paulo,3550308,True,,32813,,,-23.6520225,-46.73388525,,,,2,2023-06-14T05:31:09+00:00
SAO_5318-10,São Paulo,3550308,True,,32813,,,-23.62486125,-46.682301499999994,,,,2,2023-06-14T05:31:42+00:00
SAO_5318-10,São Paulo,3550308,True,,32813,,,-23.597199500000002,-46.6562685,,,,2,2023-06-14T05:31:15+00:00
SAO_3731-10,São Paulo,3550308,True,,1028,,,-23.539874,-46.516463,,,,1,2023-06-14T05:30:21+00:00
SAO_3731-10,São Paulo,3550308,True,,1028,,,-23.54011525,-46.51618425,,,,1,2023-06-14T05:31:23+00:00
SAO_3731-10,São Paulo,3550308,True,,1028,,,-23.54011525,-46.51618425,,,,1,2023-06-14T05:31:33+00:00
SAO_3731-10,São Paulo,3550308,True,,1028,,,-23.539874,-46.516463,,,,1,2023-06-14T05:31:21+00:00
SAO_3731-10,São Paulo,3550308,True,,1028,,,-23.54011525,-46.51618425,,,,1,2023-06-14T05:31:29+00:00
SAO_3731-10,São Paulo,3550308,True,,1028,,,-23.54011525,-46.51618425,,,,1,2023-06-14T05:31:44+00:00
SAO_3731-10,São Paulo,3550308,True,,1028,,,-23.539874,-46.516463,,,,1,2023-06-14T05:31:36+00:00
SAO_3731-10,São Paulo,3550308,True,,1028,,,-23.539874,-46.516463,,,,1,2023-06-14T05:31:46+00:00
SAO_9188-10,São Paulo,3550308,True,EMTU,809,https://moovitapp.com/index/pt-br/transporte_p%C3%BAblico-line-809-Sao_Paulo-242-2038937-119858519-0,5.2,-23.454015,-46.7321205,,,,1,2023-06-14T05:31:21+00:00
SAO_9188-10,São Paulo,3550308,True,EMTU,809,https://moovitapp.com/index/pt-br/transporte_p%C3%BAblico-line-809-Sao_Paulo-242-2038937-119858519-0,5.2,-23.450181625000003,-46.72119775,,,,1,2023-06-14T05:31:31+00:00
SAO_9188-10,São Paulo,3550308,True,EMTU,809,https://moovitapp.com/index/pt-br/transporte_p%C3%BAblico-line-809-Sao_Paulo-242-2038937-119858519-0,5.2,-23.5183825,-46.7016105,,,,1,2023-06-14T05:31:28+00:00
SAO_3051-10,São Paulo,3550308,True,,35214,,,-23.515721499999998,-46.4683775,,,,2,2023-06-14T05:31:46+00:00
SAO_3051-10,São Paulo,3550308,True,,35214,,,-23.49755125,-46.47722075,,,,2,2023-06-14T05:31:32+00:00
SAO_3051-10,São Paulo,3550308,True,,35214,,,-23.514632499999998,-46.4689835,,,,2,2023-06-14T05:31:09+00:00
SAO_3051-10,São Paulo,3550308,True,,35214,,,-23.514632499999998,-46.4689835,,,,2,2023-06-14T05:31:10+00:00
SAO_5105-10,São Paulo,3550308,True,,34419,,,-23.5472265,-46.6288135,,,,2,2023-06-14T05:31:26+00:00
SAO_5105-10,São Paulo,3550308,True,,34419,,,-23.603226749999997,-46.60239175,,,,2,2023-06-14T05:31:29+00:00
SAO_5105-10,São Paulo,3550308,True,,34419,,,-23.594309875,-46.597579999999994,,,,2,2023-06-14T05:31:47+00:00
SAO_5105-10,São Paulo,3550308,True,,34419,,,-23.5472265,-46.6288135,,,,2,2023-06-14T05:31:19+00:00
SAO_4311-10,São Paulo,3550308,True,,34939,,,-23.543421375,-46.58752825,,,,2,2023-06-14T05:31:39+00:00
SAO_4311-10,São Paulo,3550308,True,,34939,,,-23.5689645,-46.504851,,,,2,2023-06-14T05:31:41+00:00
SAO_4311-10,São Paulo,3550308,True,,34939,,,-23.5956395,-46.4660925,,,,2,2023-06-14T05:31:34+00:00
SAO_4311-10,São Paulo,3550308,True,,34939,,,-23.612947,-46.476177500000006,,,,2,2023-06-14T05:31:33+00:00
SAO_4311-10,São Paulo,3550308,True,,34939,,,-23.6127315,-46.476122000000004,,,,2,2023-06-14T05:31:03+00:00
SAO_637R-10,São Paulo,3550308,True,EMTU,196,https://moovitapp.com/index/pt-br/transporte_p%C3%BAblico-line-196-Sao_Paulo-242-2038937-36419323-0,4.85,-23.711851,-46.781596,,,,1,2023-06-14T05:31:30+00:00
SAO_637R-10,São Paulo,3550308,True,EMTU,196,https://moovitapp.com/index/pt-br/transporte_p%C3%BAblico-line-196-Sao_Paulo-242-2038937-36419323-0,4.85,-23.7207345,-46.77011,,,,1,2023-06-14T05:31:33+00:00
SAO_637R-10,São Paulo,3550308,True,EMTU,196,https://moovitapp.com/index/pt-br/transporte_p%C3%BAblico-line-196-Sao_Paulo-242-2038937-36419323-0,4.85,-23.66148025,-46.71162674999999,,,,1,2023-06-14T05:31:37+00:00
SAO_6073-10,São Paulo,3550308,True,,33928,,,-23.853313,-46.6956225,,,,2,2023-06-14T05:31:39+00:00
SAO_6073-10,São Paulo,3550308,True,,33928,,,-23.853313,-46.6956225,,,,2,2023-06-14T05:31:43+00:00
SAO_6073-10,São Paulo,3550308,True,,33928,,,-23.853313,-46.6956225,,,,2,2023-06-14T05:31:09+00:00
SAO_6073-10,São Paulo,3550308,True,,33928,,,-23.8489605,-46.7112125,,,,2,2023-06-14T05:25:40+00:00
SAO_6073-10,São Paulo,3550308,True,,33928,,,-23.853313,-46.6956225,,,,2,2023-06-14T05:31:13+00:00
SAO_6073-10,São Paulo,3550308,True,,33928,,,-23.817156250000004,-46.734556125,,,,2,2023-06-14T05:31:22+00:00
SAO_6073-10,São Paulo,3550308,True,,33928,,,-23.853313,-46.6956225,,,,2,2023-06-14T05:31:32+00:00
SAO_6412-10,São Paulo,3550308,True,,770,,,-23.617671,-46.7210095,,,,1,2023-06-14T05:31:25+00:00
SAO_6412-10,São Paulo,3550308,True,,770,,,-23.585045,-46.670448,,,,1,2023-06-14T05:31:18+00:00
SAO_6412-10,São Paulo,3550308,True,,770,,,-23.617671,-46.7210095,,,,1,2023-06-14T05:31:38+00:00
SAO_9501-10,São Paulo,3550308,True,,33230,,,-23.532787874999997,-46.645032625,,,,2,2023-06-14T05:31:31+00:00
SAO_9501-10,São Paulo,3550308,True,,33230,,,-23.515228,-46.68981025,,,,2,2023-06-14T05:28:19+00:00
SAO_6014-10,São Paulo,3550308,True,,188,,,-23.710302374999998,-46.7832095,,,,1,2023-06-14T05:31:21+00:00
SAO_6014-10,São Paulo,3550308,True,,188,,,-23.7339,-46.792988,,,,1,2023-06-14T05:31:11+00:00
SAO_6014-10,São Paulo,3550308,True,,188,,,-23.666204375,-46.716497874999995,,,,1,2023-06-14T05:31:40+00:00
SAO_6014-10,São Paulo,3550308,True,,188,,,-23.654557,-46.713256,,,,1,2023-06-14T05:31:43+00:00
SAO_8065-10,São Paulo,3550308,True,,33189,,,-23.4963615,-46.72187575,,,,2,2023-06-14T05:31:06+00:00
SAO_971R-42,São Paulo,3550308,True,,33384,,,-23.4503195,-46.7003875,,,,2,2023-06-14T05:31:17+00:00
SAO_971R-42,São Paulo,3550308,True,,33384,,,-23.502444750000002,-46.62786200000001,,,,2,2023-06-14T05:31:40+00:00
SAO_1788-10,São Paulo,3550308,True,,33421,,,-23.49336625,-46.617109125,,,,2,2023-06-14T05:31:27+00:00
SAO_1788-10,São Paulo,3550308,True,,33421,,,-23.4452475,-46.5899275,,,,2,2023-06-14T05:31:36+00:00
SAO_1722-10,São Paulo,3550308,True,,864,,,-23.4581925,-46.615493,,,,1,2023-06-14T05:31:26+00:00
SAO_1722-10,São Paulo,3550308,True,,864,,,-23.457732749999998,-46.603072999999995,,,,1,2023-06-14T05:29:25+00:00
SAO_1722-10,São Paulo,3550308,True,,864,,,-23.477635999999997,-46.5987135,,,,1,2023-06-14T05:31:01+00:00
SAO_1722-10,São Paulo,3550308,True,,864,,,-23.469759749999998,-46.648073874999994,,,,1,2023-06-14T05:31:44+00:00
SAO_1722-10,São Paulo,3550308,True,,864,,,-23.478811999999998,-46.6014165,,,,1,2023-06-14T05:31:33+00:00
SAO_8050-31,São Paulo,3550308,True,EMTU,415,https://moovitapp.com/index/pt-br/transporte_p%C3%BAblico-line-415-Sao_Paulo-242-2038937-36419472-0,5.0,-23.4545395,-46.786209,,,,1,2023-06-14T05:31:17+00:00
SAO_2029-10,São Paulo,3550308,True,,2270,,,-23.4303765,-46.576007000000004,,,,1,2023-06-14T05:31:19+00:00
SAO_172P-10,São Paulo,3550308,True,,858,,,-23.48181,-46.58838,,,,1,2023-06-14T05:31:23+00:00
SAO_172P-10,São Paulo,3550308,True,,858,,,-23.43987125,-46.578169,,,,1,2023-06-14T05:29:47+00:00
SAO_172P-10,São Paulo,3550308,True,,858,,,-23.441876999999998,-46.5883755,,,,1,2023-06-14T05:31:28+00:00
SAO_172P-10,São Paulo,3550308,True,,858,,,-23.540861999999997,-46.5948595,,,,1,2023-06-14T05:31:25+00:00
SAO_172P-10,São Paulo,3550308,True,,858,,,-23.4418065,-46.5890285,,,,1,2023-06-14T05:31:14+00:00
SAO_1744-10,São Paulo,3550308,True,,544,,,-23.475215,-46.638718,,,,1,2023-06-14T05:31:34+00:00
SAO_8026-10,São Paulo,3550308,True,,2083,,,-23.622369,-46.7547615,,,,1,2023-06-14T05:31:09+00:00
SAO_8026-10,São Paulo,3550308,True,,2083,,,-23.5915995,-46.735897,,,,1,2023-06-14T05:31:34+00:00
SAO_8026-10,São Paulo,3550308,True,,2083,,,-23.5910905,-46.735774500000005,,,,1,2023-06-14T05:31:35+00:00
SAO_3099-10,São Paulo,3550308,True,,1079,,,-23.61233075,-46.454850875000005,,,,1,2023-06-14T05:31:09+00:00
SAO_3099-10,São Paulo,3550308,True,,1079,,,-23.599889750000003,-46.484817250000006,,,,1,2023-06-14T05:31:38+00:00
SAO_3099-10,São Paulo,3550308,True,,1079,,,-23.6126845,-46.4445915,,,,1,2023-06-14T05:31:08+00:00
SAO_6475-10,São Paulo,3550308,True,,34085,,,-23.577004000000002,-46.6724405,,,,2,2023-06-14T05:31:48+00:00
SAO_6475-10,São Paulo,3550308,True,,34085,,,-23.586446,-46.6898745,,,,2,2023-06-14T05:31:06+00:00
SAO_6475-10,São Paulo,3550308,True,,34085,,,-23.655769499999998,-46.76306,,,,2,2023-06-14T05:31:29+00:00
SAO_1156-10,São Paulo,3550308,True,,659,,,-23.497692999999998,-46.5860805,,,,1,2023-06-14T05:31:31+00:00
SAO_1156-10,São Paulo,3550308,True,,659,,,-23.5358959375,-46.6339898125,,,,1,2023-06-14T05:31:22+00:00
SAO_425E-10,São Paulo,3550308,True,,1636,,,-23.625636,-46.4627555,,,,1,2023-06-14T05:31:29+00:00
SAO_425E-10,São Paulo,3550308,True,,1636,,,-23.614058,-46.5006185,,,,1,2023-06-14T05:25:42+00:00
SAO_7055-10,São Paulo,3550308,True,,1888,,,-23.6313825,-46.77286,,,,1,2023-06-14T05:31:45+00:00
SAO_7055-10,São Paulo,3550308,True,,1888,,,-23.6919635,-46.7907745,,,,1,2023-06-14T05:31:41+00:00
SAO_7055-10,São Paulo,3550308,True,,1888,,,-23.6316405,-46.772316,,,,1,2023-06-14T05:31:05+00:00
SAO_7055-10,São Paulo,3550308,True,,1888,,,-23.6759635,-46.774329,,,,1,2023-06-14T05:31:09+00:00
SAO_7055-10,São Paulo,3550308,True,,1888,,,-23.6808805,-46.782784500000005,,,,1,2023-06-14T05:31:16+00:00
SAO_7055-10,São Paulo,3550308,True,,1888,,,-23.6919635,-46.7907745,,,,1,2023-06-14T05:31:06+00:00
SAO_7055-10,São Paulo,3550308,True,,1888,,,-23.6919635,-46.7907745,,,,1,2023-06-14T05:31:09+00:00
SAO_5123-10,São Paulo,3550308,True,,1125,,,-23.669349,-46.635788500000004,,,,1,2023-06-14T05:31:12+00:00
SAO_5123-10,São Paulo,3550308,True,,1125,,,-23.599655375,-46.635678125,,,,1,2023-06-14T05:31:43+00:00
SAO_546A-10,São Paulo,3550308,True,,33899,,,-23.6929175,-46.6603865,,,,2,2023-06-14T05:30:09+00:00
SAO_546A-10,São Paulo,3550308,True,,33899,,,-23.713665,-46.65656725,,,,2,2023-06-14T05:31:42+00:00
SAO_546A-10,São Paulo,3550308,True,,33899,,,-23.653215125000003,-46.702096749999995,,,,2,2023-06-14T05:31:17+00:00
SAO_546A-10,São Paulo,3550308,True,,33899,,,-23.713665,-46.65656725,,,,2,2023-06-14T05:31:06+00:00
SAO_546A-10,São Paulo,3550308,True,,33899,,,-23.702581000000002,-46.6501255,,,,2,2023-06-14T05:31:08+00:00
SAO_7006-51,São Paulo,3550308,True,,34765,,,-23.686805,-46.771235000000004,,,,2,2023-06-14T05:31:48+00:00
SAO_7006-51,São Paulo,3550308,True,,34765,,,-23.661021499999997,-46.7695115,,,,2,2023-06-14T05:31:22+00:00
SAO_7006-51,São Paulo,3550308,True,,34765,,,-23.7488905,-46.7831885,,,,2,2023-06-14T05:31:09+00:00
SAO_7006-51,São Paulo,3550308,True,,34765,,,-23.7491515,-46.783023,,,,2,2023-06-14T05:31:26+00:00
SAO_8528-10,São Paulo,3550308,True,,33343,,,-23.535493625,-46.65231887499999,,,,2,2023-06-14T05:31:44+00:00
SAO_8528-10,São Paulo,3550308,True,,33343,,,-23.461527,-46.6993475,,,,2,2023-06-14T05:31:36+00:00
SAO_8528-10,São Paulo,3550308,True,,33343,,,-23.476029,-46.6907585,,,,2,2023-06-14T05:31:41+00:00
SAO_8528-10,São Paulo,3550308,True,,33343,,,-23.4997915,-46.693145,,,,2,2023-06-14T05:31:12+00:00
SAO_5110-10,São Paulo,3550308,True,,2209,,,-23.61459425,-46.500975,,,,1,2023-06-14T05:31:29+00:00
SAO_5110-10,São Paulo,3550308,True,,2209,,,-23.6141145,-46.476496999999995,,,,1,2023-06-14T05:31:13+00:00
SAO_5110-10,São Paulo,3550308,True,,2209,,,-23.547036,-46.628932,,,,1,2023-06-14T05:31:19+00:00
SAO_5110-10,São Paulo,3550308,True,,2209,,,-23.584677749999997,-46.5867685,,,,1,2023-06-14T05:31:32+00:00
SAO_5110-10,São Paulo,3550308,True,,2209,,,-23.547036,-46.628932,,,,1,2023-06-14T05:31:02+00:00
SAO_5110-10,São Paulo,3550308,True,,2209,,,-23.5472265,-46.6288135,,,,1,2023-06-14T05:31:04+00:00
SAO_877T-10,São Paulo,3550308,True,,1381,,,-23.520982500000002,-46.703351999999995,,,,1,2023-06-14T05:31:42+00:00
SAO_877T-10,São Paulo,3550308,True,,1381,,,-23.555418,-46.662732500000004,,,,1,2023-06-14T05:31:06+00:00
SAO_4313-10,São Paulo,3550308,True,,34941,,,-23.54933475,-46.604704,,,,2,2023-06-14T05:31:32+00:00
SAO_4313-10,São Paulo,3550308,True,,34941,,,-23.56521725,-46.50791875,,,,2,2023-06-14T05:31:27+00:00
SAO_4313-10,São Paulo,3550308,True,,34941,,,-23.550768750000003,-46.52336075,,,,2,2023-06-14T05:27:56+00:00
SAO_4313-10,São Paulo,3550308,True,,34941,,,-23.543874125,-46.589819250000005,,,,2,2023-06-14T05:31:17+00:00
SAO_4313-10,São Paulo,3550308,True,,34941,,,-23.594901,-46.466057,,,,2,2023-06-14T05:31:08+00:00
SAO_4313-10,São Paulo,3550308,True,,34941,,,-23.56521725,-46.50791875,,,,2,2023-06-14T05:31:21+00:00
SAO_4313-10,São Paulo,3550308,True,,34941,,,-23.5831585,-46.407859,,,,2,2023-06-14T05:31:37+00:00
SAO_4313-10,São Paulo,3550308,True,,34941,,,-23.594739,-46.4462135,,,,2,2023-06-14T05:31:43+00:00
SAO_4313-10,São Paulo,3550308,True,,34941,,,-23.541545499999998,-46.5357815,,,,2,2023-06-14T05:31:22+00:00
SAO_4313-10,São Paulo,3550308,True,,34941,,,-23.595138125,-46.429589,,,,2,2023-06-14T05:31:11+00:00
SAO_4313-10,São Paulo,3550308,True,,34941,,,-23.595548625,-46.43856662500001,,,,2,2023-06-14T05:31:22+00:00
SAO_4313-10,São Paulo,3550308,True,,34941,,,-23.542776500000002,-46.5339835,,,,2,2023-06-14T05:31:18+00:00
SAO_2079-10,São Paulo,3550308,True,,370,,,-23.516762,-46.384977500000005,,,,1,2023-06-14T05:31:05+00:00
SAO_2079-10,São Paulo,3550308,True,,370,,,-23.516762,-46.384977500000005,,,,1,2023-06-14T05:31:24+00:00
SAO_2079-10,São Paulo,3550308,True,,370,,,-23.50494725,-46.389699,,,,1,2023-06-14T05:31:04+00:00
SAO_2723-10,São Paulo,3550308,True,,937,,,-23.487495,-46.463618999999994,,,,1,2023-06-14T05:29:14+00:00
SAO_2723-10,São Paulo,3550308,True,,937,,,-23.487495,-46.463618999999994,,,,1,2023-06-14T05:31:20+00:00
SAO_2723-10,São Paulo,3550308,True,,937,,,-23.487495,-46.463618999999994,,,,1,2023-06-14T05:31:14+00:00
SAO_2723-10,São Paulo,3550308,True,,937,,,-23.4945855,-46.443143,,,,1,2023-06-14T05:31:47+00:00
SAO_2723-10,São Paulo,3550308,True,,937,,,-23.54223,-46.4724785,,,,1,2023-06-14T05:31:05+00:00
SAO_2723-10,São Paulo,3550308,True,,937,,,-23.487495,-46.463618999999994,,,,1,2023-06-14T05:31:43+00:00
SAO_524M-10,São Paulo,3550308,True,,1631,,,-23.602242,-46.4990715,,,,1,2023-06-14T05:31:30+00:00
SAO_524M-10,São Paulo,3550308,True,,1631,,,-23.563701000000002,-46.505339,,,,1,2023-06-14T05:31:26+00:00
SAO_513C-10,São Paulo,3550308,True,,35303,,,-23.601640500000002,-46.547612,,,,2,2023-06-14T05:28:26+00:00
SAO_513C-10,São Paulo,3550308,True,,35303,,,-23.606003625,-46.564541250000005,,,,2,2023-06-14T05:31:44+00:00
SAO_3754-10,São Paulo,3550308,True,,33817,,,-23.573559000000003,-46.3988215,,,,2,2023-06-14T05:31:30+00:00
SAO_3754-10,São Paulo,3550308,True,,33817,,,-23.536653125,-46.427642875000004,,,,2,2023-06-14T05:31:32+00:00
SAO_3754-10,São Paulo,3550308,True,,33817,,,-23.559081,-46.402304,,,,2,2023-06-14T05:31:14+00:00
SAO_3754-10,São Paulo,3550308,True,,33817,,,-23.542686500000002,-46.472357,,,,2,2023-06-14T05:31:24+00:00
SAO_177Y-10,São Paulo,3550308,True,,33635,,,-23.531558,-46.676778,,,,2,2023-06-14T05:31:29+00:00
SAO_177Y-10,São Paulo,3550308,True,,33635,,,-23.5269075,-46.66671425,,,,2,2023-06-14T05:31:18+00:00
SAO_1016-10,São Paulo,3550308,True,,33599,,,-23.4812825,-46.609808,,,,2,2023-06-14T05:31:17+00:00
SAO_1016-10,São Paulo,3550308,True,,33599,,,-23.510266375,-46.61564475,,,,2,2023-06-14T05:28:53+00:00
SAO_1016-10,São Paulo,3550308,True,,33599,,,-23.513872,-46.6160225,,,,2,2023-06-14T05:31:05+00:00
SAO_809T-10,São Paulo,3550308,True,,2246,,,-23.589924500000002,-46.7972025,,,,1,2023-06-14T05:31:36+00:00
SAO_809T-10,São Paulo,3550308,True,,2246,,,-23.541544000000002,-46.730027750000005,,,,1,2023-06-14T05:31:18+00:00
SAO_809T-10,São Paulo,3550308,True,,2246,,,-23.55123175,-46.740238250000004,,,,1,2023-06-14T05:31:28+00:00
SAO_3134-10,São Paulo,3550308,True,,33761,,,-23.575364999999998,-46.571534,,,,2,2023-06-14T05:31:21+00:00
SAO_3134-10,São Paulo,3550308,True,,33761,,,-23.5641785,-46.5039335,,,,2,2023-06-14T05:31:22+00:00
SAO_3134-10,São Paulo,3550308,True,,33761,,,-23.584467625,-46.527975,,,,2,2023-06-14T05:31:16+00:00
SAO_5038-10,São Paulo,3550308,True,,34429,,,-23.650012,-46.6139055,,,,2,2023-06-14T05:31:28+00:00
SAO_5038-10,São Paulo,3550308,True,,34429,,,-23.640499,-46.607504500000005,,,,2,2023-06-14T05:28:26+00:00
SAO_5038-10,São Paulo,3550308,True,,34429,,,-23.653293500000004,-46.602455000000006,,,,2,2023-06-14T05:31:18+00:00
SAO_5038-10,São Paulo,3550308,True,,34429,,,-23.602812,-46.60224,,,,2,2023-06-14T05:31:07+00:00
SAO_342M-10,São Paulo,3550308,True,,33515,,,-23.582402,-46.49710425,,,,2,2023-06-14T05:31:12+00:00
SAO_342M-10,São Paulo,3550308,True,,33515,,,-23.5422865,-46.549737500000006,,,,2,2023-06-14T05:31:08+00:00
SAO_342M-10,São Paulo,3550308,True,,33515,,,-23.613432500000002,-46.476448,,,,2,2023-06-14T05:31:39+00:00
SAO_342M-10,São Paulo,3550308,True,,33515,,,-23.6135615,-46.476484,,,,2,2023-06-14T05:31:22+00:00
SAO_2007-10,São Paulo,3550308,True,,896,,,-23.510203,-46.3698615,,,,1,2023-06-14T05:31:15+00:00
SAO_2007-10,São Paulo,3550308,True,,896,,,-23.508315500000002,-46.3686815,,,,1,2023-06-14T05:30:28+00:00
SAO_5111-10,São Paulo,3550308,True,,48,,,-23.5471955,-46.630402000000004,,,,1,2023-06-14T05:31:32+00:00
SAO_5111-10,São Paulo,3550308,True,,48,,,-23.6542935,-46.7114185,,,,1,2023-06-14T05:31:47+00:00
SAO_5111-10,São Paulo,3550308,True,,48,,,-23.5523785,-46.6334785,,,,1,2023-06-14T05:31:22+00:00
SAO_4221-10,São Paulo,3550308,True,,325,,,-23.59300275,-46.57938375,,,,1,2023-06-14T05:31:24+00:00
SAO_4221-10,São Paulo,3550308,True,,325,,,-23.54620025,-46.63007,,,,1,2023-06-14T05:31:23+00:00
SAO_4221-10,São Paulo,3550308,True,,325,,,-23.6015385,-46.533745499999995,,,,1,2023-06-14T05:31:12+00:00
SAO_6044-10,São Paulo,3550308,True,,1221,,,-23.65436375,-46.760079499999996,,,,1,2023-06-14T05:31:04+00:00
SAO_6044-10,São Paulo,3550308,True,,1221,,,-23.653841,-46.710967,,,,1,2023-06-14T05:31:43+00:00
SAO_6073-10,São Paulo,3550308,True,,1160,,,-23.771877,-46.719210000000004,,,,1,2023-06-14T05:31:43+00:00
SAO_6073-10,São Paulo,3550308,True,,1160,,,-23.767210499999997,-46.7163985,,,,1,2023-06-14T05:31:33+00:00
SAO_6073-10,São Paulo,3550308,True,,1160,,,-23.791151499999998,-46.727039500000004,,,,1,2023-06-14T05:31:36+00:00
SAO_5109-10,São Paulo,3550308,True,,34619,,,-23.547353,-46.6287365,,,,2,2023-06-14T05:31:28+00:00
SAO_5109-10,São Paulo,3550308,True,,34619,,,-23.586449,-46.598427,,,,2,2023-06-14T05:31:20+00:00
SAO_N133-11,São Paulo,3550308,True,,35057,,,-23.4885875,-46.7297985,,,,2,2023-06-14T05:31:28+00:00
SAO_4021-10,São Paulo,3550308,True,,35316,,,-23.542792499999997,-46.470580999999996,,,,2,2023-06-14T05:31:34+00:00
SAO_4021-10,São Paulo,3550308,True,,35316,,,-23.542792499999997,-46.470580999999996,,,,2,2023-06-14T05:31:23+00:00
SAO_4021-10,São Paulo,3550308,True,,35316,,,-23.542792499999997,-46.470580999999996,,,,2,2023-06-14T05:31:15+00:00
SAO_4021-10,São Paulo,3550308,True,,35316,,,-23.542792499999997,-46.470580999999996,,,,2,2023-06-14T05:31:29+00:00
SAO_4021-10,São Paulo,3550308,True,,35316,,,-23.5427535,-46.470349999999996,,,,2,2023-06-14T05:31:09+00:00
SAO_4003-10,São Paulo,3550308,True,,34927,,,-23.5352535,-46.4282775,,,,2,2023-06-14T05:31:26+00:00
SAO_4003-10,São Paulo,3550308,True,,34927,,,-23.574084,-46.39846300000001,,,,2,2023-06-14T05:31:13+00:00
SAO_647A-10,São Paulo,3550308,True,,34083,,,-23.65312575,-46.76304975,,,,2,2023-06-14T05:31:07+00:00
SAO_647A-10,São Paulo,3550308,True,,34083,,,-23.612494125,-46.729085625,,,,2,2023-06-14T05:31:27+00:00
SAO_5128-10,São Paulo,3550308,True,,1128,,,-23.6543855,-46.6367665,,,,1,2023-06-14T05:31:13+00:00
SAO_5128-10,São Paulo,3550308,True,,1128,,,-23.68760275,-46.64107775000001,,,,1,2023-06-14T05:30:46+00:00
SAO_5128-10,São Paulo,3550308,True,,1128,,,-23.7062055,-46.6525685,,,,1,2023-06-14T05:28:28+00:00
SAO_2582-10,São Paulo,3550308,True,EMTU,374,https://moovitapp.com/index/pt-br/transporte_p%C3%BAblico-line-374-Sao_Paulo-242-2038937-36419448-0,3.7,-23.489552500000002,-46.4782205,,,,1,2023-06-14T05:28:46+00:00
SAO_2582-10,São Paulo,3550308,True,EMTU,374,https://moovitapp.com/index/pt-br/transporte_p%C3%BAblico-line-374-Sao_Paulo-242-2038937-36419448-0,3.7,-23.5358395,-46.572618,,,,1,2023-06-14T05:31:16+00:00
SAO_2582-10,São Paulo,3550308,True,EMTU,374,https://moovitapp.com/index/pt-br/transporte_p%C3%BAblico-line-374-Sao_Paulo-242-2038937-36419448-0,3.7,-23.5456715,-46.630392,,,,1,2023-06-14T05:30:00+00:00
SAO_2582-10,São Paulo,3550308,True,EMTU,374,https://moovitapp.com/index/pt-br/transporte_p%C3%BAblico-line-374-Sao_Paulo-242-2038937-36419448-0,3.7,-23.51150825,-46.4283315,,,,1,2023-06-14T05:31:22+00:00
SAO_9018-10,São Paulo,3550308,True,,34039,,,-23.4698875,-46.721775,,,,2,2023-06-14T05:31:39+00:00
SAO_8605-10,São Paulo,3550308,True,,1917,,,-23.549173,-46.640448,,,,1,2023-06-14T05:31:12+00:00
SAO_8605-10,São Paulo,3550308,True,,1917,,,-23.587075499999997,-46.7254545,,,,1,2023-06-14T05:31:47+00:00
SAO_3459-10,São Paulo,3550308,True,,33170,,,-23.547625500000002,-46.629791499999996,,,,2,2023-06-14T05:31:13+00:00
SAO_3459-10,São Paulo,3550308,True,,33170,,,-23.547625500000002,-46.629791499999996,,,,2,2023-06-14T05:29:43+00:00
SAO_3459-10,São Paulo,3550308,True,,33170,,,-23.522844,-46.519173,,,,2,2023-06-14T05:30:02+00:00
SAO_3459-10,São Paulo,3550308,True,,33170,,,-23.513731500000002,-46.446048125000004,,,,2,2023-06-14T05:31:16+00:00
SAO_3459-10,São Paulo,3550308,True,,33170,,,-23.547625500000002,-46.629791499999996,,,,2,2023-06-14T05:31:26+00:00
SAO_3459-10,São Paulo,3550308,True,,33170,,,-23.547625500000002,-46.629791499999996,,,,2,2023-06-14T05:31:46+00:00
SAO_3459-10,São Paulo,3550308,True,,33170,,,-23.547625500000002,-46.629791499999996,,,,2,2023-06-14T05:31:44+00:00
SAO_3459-10,São Paulo,3550308,True,,33170,,,-23.498171499999998,-46.401257,,,,2,2023-06-14T05:31:13+00:00
SAO_3459-10,São Paulo,3550308,True,,33170,,,-23.547625500000002,-46.629791499999996,,,,2,2023-06-14T05:31:17+00:00
SAO_3459-10,São Paulo,3550308,True,,33170,,,-23.547625500000002,-46.629791499999996,,,,2,2023-06-14T05:31:35+00:00
SAO_3459-10,São Paulo,3550308,True,,33170,,,-23.547625500000002,-46.629791499999996,,,,2,2023-06-14T05:31:03+00:00
SAO_3459-10,São Paulo,3550308,True,,33170,,,-23.547625500000002,-46.629791499999996,,,,2,2023-06-14T05:31:06+00:00
SAO_3459-10,São Paulo,3550308,True,,33170,,,-23.496949375,-46.44214875,,,,2,2023-06-14T05:31:38+00:00
SAO_3459-10,São Paulo,3550308,True,,33170,,,-23.544390999999997,-46.5923645,,,,2,2023-06-14T05:31:20+00:00
SAO_3459-10,São Paulo,3550308,True,,33170,,,-23.547625500000002,-46.629791499999996,,,,2,2023-06-14T05:31:21+00:00
SAO_3459-10,São Paulo,3550308,True,,33170,,,-23.551575874999997,-46.608794625,,,,2,2023-06-14T05:31:47+00:00
SAO_3459-10,São Paulo,3550308,True,,33170,,,-23.5143665,-46.4523265,,,,2,2023-06-14T05:31:25+00:00
SAO_3459-10,São Paulo,3550308,True,,33170,,,-23.547625500000002,-46.629791499999996,,,,2,2023-06-14T05:31:40+00:00
SAO_3459-10,São Paulo,3550308,True,,33170,,,-23.54362975,-46.58858725,,,,2,2023-06-14T05:31:05+00:00
SAO_3459-10,São Paulo,3550308,True,,33170,,,-23.547625500000002,-46.629791499999996,,,,2,2023-06-14T05:30:39+00:00
SAO_3459-10,São Paulo,3550308,True,,33170,,,-23.547625500000002,-46.629791499999996,,,,2,2023-06-14T05:31:18+00:00
SAO_3459-10,São Paulo,3550308,True,,33170,,,-23.547625500000002,-46.629791499999996,,,,2,2023-06-14T05:31:43+00:00
SAO_6358-10,São Paulo,3550308,True,,34062,,,-23.6677745,-46.65292325,,,,2,2023-06-14T05:31:44+00:00
SAO_6358-10,São Paulo,3550308,True,,34062,,,-23.57338475,-46.66782875,,,,2,2023-06-14T05:31:33+00:00
SAO_6358-10,São Paulo,3550308,True,,34062,,,-23.624178750000002,-46.68163249999999,,,,2,2023-06-14T05:31:23+00:00
SAO_6358-10,São Paulo,3550308,True,,34062,,,-23.6865375,-46.6380315,,,,2,2023-06-14T05:31:11+00:00
SAO_3721-41,São Paulo,3550308,True,,34461,,,-23.54998325,-46.48678149999999,,,,2,2023-06-14T05:31:35+00:00
SAO_3721-41,São Paulo,3550308,True,,34461,,,-23.5632565,-46.500804,,,,2,2023-06-14T05:31:07+00:00
SAO_3721-41,São Paulo,3550308,True,,34461,,,-23.563214000000002,-46.500834,,,,2,2023-06-14T05:31:30+00:00
SAO_118Y-10,São Paulo,3550308,True,,33609,,,-23.482091500000003,-46.671369,,,,2,2023-06-14T05:31:34+00:00
SAO_118Y-10,São Paulo,3550308,True,,33609,,,-23.5195885,-46.700672,,,,2,2023-06-14T05:31:37+00:00
SAO_6038-10,São Paulo,3550308,True,,1216,,,-23.66161925,-46.790662874999995,,,,1,2023-06-14T05:31:07+00:00
SAO_6038-10,São Paulo,3550308,True,,1216,,,-23.64951875,-46.70788325,,,,1,2023-06-14T05:31:23+00:00
SAO_6038-10,São Paulo,3550308,True,,1216,,,-23.6578735,-46.7897725,,,,1,2023-06-14T05:31:28+00:00
SAO_6038-10,São Paulo,3550308,True,,1216,,,-23.66189,-46.790254000000004,,,,1,2023-06-14T05:31:22+00:00
SAO_6038-10,São Paulo,3550308,True,,1216,,,-23.6578735,-46.7897725,,,,1,2023-06-14T05:31:07+00:00
SAO_3099-10,São Paulo,3550308,True,,33847,,,-23.613286000000002,-46.4441805,,,,2,2023-06-14T05:31:19+00:00
SAO_3099-10,São Paulo,3550308,True,,33847,,,-23.6128985,-46.472453,,,,2,2023-06-14T05:31:26+00:00
SAO_574A-10,São Paulo,3550308,True,Rápido Campinas,602,https://moovitapp.com/index/pt-br/transporte_p%C3%BAblico-line-602-Sao_Paulo-242-858660-638986-0,5.3,-23.5654535,-46.61330425,,,,1,2023-06-14T05:31:15+00:00
SAO_574A-10,São Paulo,3550308,True,Rápido Campinas,602,https://moovitapp.com/index/pt-br/transporte_p%C3%BAblico-line-602-Sao_Paulo-242-858660-638986-0,5.3,-23.621463,-46.639799,,,,1,2023-06-14T05:31:29+00:00
SAO_1701-21,São Paulo,3550308,True,,35244,,,-23.447695250000002,-46.576127125,,,,2,2023-06-14T05:31:36+00:00
SAO_1701-21,São Paulo,3550308,True,,35244,,,-23.4558605,-46.5830645,,,,2,2023-06-14T05:30:00+00:00
SAO_1701-21,São Paulo,3550308,True,,35244,,,-23.447903750000002,-46.57596337499999,,,,2,2023-06-14T05:31:09+00:00
SAO_6414-10,São Paulo,3550308,True,,33128,,,-23.61159275,-46.6777375,,,,2,2023-06-14T05:31:22+00:00
SAO_6414-10,São Paulo,3550308,True,,33128,,,-23.654928749999996,-46.70791425,,,,2,2023-06-14T05:31:39+00:00
SAO_272N-10,São Paulo,3550308,True,,33473,,,-23.516997,-46.5676585,,,,2,2023-06-14T05:31:45+00:00
SAO_272N-10,São Paulo,3550308,True,,33473,,,-23.53391225,-46.6125635,,,,2,2023-06-14T05:31:37+00:00
SAO_272N-10,São Paulo,3550308,True,,33473,,,-23.5120595,-46.5631845,,,,2,2023-06-14T05:31:38+00:00
SAO_6258-31,São Paulo,3550308,True,,34551,,,-23.675717499999998,-46.7465925,,,,2,2023-06-14T05:31:24+00:00
SAO_6041-10,São Paulo,3550308,True,,33986,,,-23.689674500000002,-46.78096725,,,,2,2023-06-14T05:31:08+00:00
SAO_6041-10,São Paulo,3550308,True,,33986,,,-23.643249,-46.734951,,,,2,2023-06-14T05:31:29+00:00
SAO_6041-10,São Paulo,3550308,True,,33986,,,-23.6899145,-46.7808755,,,,2,2023-06-14T05:31:26+00:00
SAO_6041-10,São Paulo,3550308,True,,33986,,,-23.689674500000002,-46.78096725,,,,2,2023-06-14T05:31:38+00:00
SAO_6041-10,São Paulo,3550308,True,,33986,,,-23.689674500000002,-46.78096725,,,,2,2023-06-14T05:31:13+00:00
SAO_6041-10,São Paulo,3550308,True,,33986,,,-23.67434825,-46.77373575,,,,2,2023-06-14T05:31:29+00:00
SAO_6041-10,São Paulo,3550308,True,,33986,,,-23.6899145,-46.7808755,,,,2,2023-06-14T05:31:22+00:00
SAO_6041-10,São Paulo,3550308,True,,33986,,,-23.6899145,-46.7808755,,,,2,2023-06-14T05:31:12+00:00
SAO_3539-10,São Paulo,3550308,True,,33516,,,-23.574255,-46.4454465,,,,2,2023-06-14T05:31:04+00:00
SAO_3539-10,São Paulo,3550308,True,,33516,,,-23.5381725,-46.563,,,,2,2023-06-14T05:31:24+00:00
SAO_3539-10,São Paulo,3550308,True,,33516,,,-23.5498035,-46.4621065,,,,2,2023-06-14T05:31:34+00:00
SAO_3539-10,São Paulo,3550308,True,,33516,,,-23.546485,-46.605644,,,,2,2023-06-14T05:31:25+00:00
SAO_574R-10,São Paulo,3550308,True,,1623,,,-23.55589525,-46.5761605,,,,1,2023-06-14T05:31:20+00:00
SAO_574R-10,São Paulo,3550308,True,,1623,,,-23.542389999999997,-46.5898445,,,,1,2023-06-14T05:31:44+00:00
SAO_9012-10,São Paulo,3550308,True,,34036,,,-23.489645000000003,-46.694264000000004,,,,2,2023-06-14T05:31:11+00:00
SAO_4001-10,São Paulo,3550308,True,,34944,,,-23.545121375,-46.452991,,,,2,2023-06-14T05:31:18+00:00
SAO_4001-10,São Paulo,3550308,True,,34944,,,-23.55577425,-46.517879750000006,,,,2,2023-06-14T05:31:16+00:00
SAO_1021-10,São Paulo,3550308,True,,33601,,,-23.451526,-46.71373,,,,2,2023-06-14T05:31:27+00:00
SAO_637R-10,São Paulo,3550308,True,,32964,,,-23.677204500000002,-46.75976,,,,2,2023-06-14T05:31:45+00:00
SAO_637R-10,São Paulo,3550308,True,,32964,,,-23.71137775,-46.782644250000004,,,,2,2023-06-14T05:31:37+00:00
SAO_637R-10,São Paulo,3550308,True,,32964,,,-23.6657155,-46.712301499999995,,,,2,2023-06-14T05:31:37+00:00
SAO_637R-10,São Paulo,3550308,True,,32964,,,-23.71842075,-46.768392250000005,,,,2,2023-06-14T05:31:20+00:00
SAO_637R-10,São Paulo,3550308,True,,32964,,,-23.69138175,-46.77535775,,,,2,2023-06-14T05:28:25+00:00
SAO_637R-10,São Paulo,3550308,True,,32964,,,-23.671176000000003,-46.7405645,,,,2,2023-06-14T05:31:30+00:00
SAO_407N-10,São Paulo,3550308,True,,34937,,,-23.534,-46.5424035,,,,2,2023-06-14T05:31:11+00:00
SAO_407N-10,São Paulo,3550308,True,,34937,,,-23.539816000000002,-46.542639,,,,2,2023-06-14T05:31:41+00:00
SAO_407N-10,São Paulo,3550308,True,,34937,,,-23.598305500000002,-46.467234000000005,,,,2,2023-06-14T05:31:41+00:00
SAO_2732-10,São Paulo,3550308,True,,33715,,,-23.5341035,-46.454536000000004,,,,2,2023-06-14T05:29:55+00:00
SAO_2732-10,São Paulo,3550308,True,,33715,,,-23.529743,-46.45955,,,,2,2023-06-14T05:31:47+00:00
SAO_2732-10,São Paulo,3550308,True,,33715,,,-23.539928500000002,-46.482043874999995,,,,2,2023-06-14T05:31:45+00:00
SAO_8200-10,São Paulo,3550308,True,,1263,,,-23.519739,-46.7008255,,,,1,2023-06-14T05:31:34+00:00
SAO_8200-10,São Paulo,3550308,True,,1263,,,-23.486106499999998,-46.726086499999994,,,,1,2023-06-14T05:31:21+00:00
SAO_8677-10,São Paulo,3550308,True,EMTU,443,https://moovitapp.com/index/pt-br/transporte_p%C3%BAblico-line-443-Sao_Paulo-242-2038937-36419491-0,5.4,-23.540844,-46.6430345,,,,1,2023-06-14T05:31:23+00:00
SAO_8677-10,São Paulo,3550308,True,EMTU,443,https://moovitapp.com/index/pt-br/transporte_p%C3%BAblico-line-443-Sao_Paulo-242-2038937-36419491-0,5.4,-23.524566999999998,-46.705220499999996,,,,1,2023-06-14T05:31:37+00:00
SAO_8677-10,São Paulo,3550308,True,EMTU,443,https://moovitapp.com/index/pt-br/transporte_p%C3%BAblico-line-443-Sao_Paulo-242-2038937-36419491-0,5.4,-23.486441,-46.761682,,,,1,2023-06-14T05:31:40+00:00
SAO_8677-10,São Paulo,3550308,True,EMTU,443,https://moovitapp.com/index/pt-br/transporte_p%C3%BAblico-line-443-Sao_Paulo-242-2038937-36419491-0,5.4,-23.487316,-46.7325825,,,,1,2023-06-14T05:31:28+00:00
SAO_8677-10,São Paulo,3550308,True,EMTU,443,https://moovitapp.com/index/pt-br/transporte_p%C3%BAblico-line-443-Sao_Paulo-242-2038937-36419491-0,5.4,-23.542668,-46.638296,,,,1,2023-06-14T05:31:46+00:00
SAO_5141-10,São Paulo,3550308,True,,34393,,,-23.553014500000003,-46.615337499999995,,,,2,2023-06-14T05:31:13+00:00
SAO_172X-10,São Paulo,3550308,True,,33629,,,-23.5190855,-46.558642,,,,2,2023-06-14T05:28:20+00:00
SAO_172X-10,São Paulo,3550308,True,,33629,,,-23.5043195,-46.56510075,,,,2,2023-06-14T05:28:37+00:00
SAO_172X-10,São Paulo,3550308,True,,33629,,,-23.50426375,-46.565462249999996,,,,2,2023-06-14T05:29:07+00:00
SAO_172X-10,São Paulo,3550308,True,,33629,,,-23.53920575,-46.575556999999996,,,,2,2023-06-14T05:31:06+00:00
SAO_1702-10,São Paulo,3550308,True,,33614,,,-23.444761999999997,-46.577672,,,,2,2023-06-14T05:31:05+00:00
SAO_1702-10,São Paulo,3550308,True,,33614,,,-23.501265500000002,-46.61516,,,,2,2023-06-14T05:31:28+00:00
SAO_1702-10,São Paulo,3550308,True,,33614,,,-23.455576999999998,-46.581724,,,,2,2023-06-14T05:31:31+00:00
SAO_2028-10,São Paulo,3550308,True,,35031,,,-23.434176,-46.5715125,,,,2,2023-06-14T05:31:10+00:00
SAO_2028-10,São Paulo,3550308,True,,35031,,,-23.434341,-46.571740000000005,,,,2,2023-06-14T05:31:19+00:00
SAO_2028-10,São Paulo,3550308,True,,35031,,,-23.4339345,-46.5715405,,,,2,2023-06-14T05:31:18+00:00
SAO_2028-10,São Paulo,3550308,True,,35031,,,-23.448007,-46.5873205,,,,2,2023-06-14T05:31:36+00:00
SAO_2028-10,São Paulo,3550308,True,,35031,,,-23.434402499999997,-46.5717385,,,,2,2023-06-14T05:31:43+00:00
SAO_7012-10,São Paulo,3550308,True,,34811,,,-23.7115665,-46.7780305,,,,2,2023-06-14T05:31:25+00:00
SAO_7012-10,São Paulo,3550308,True,,34811,,,-23.694482,-46.7798025,,,,2,2023-06-14T05:31:14+00:00
SAO_7012-10,São Paulo,3550308,True,,34811,,,-23.668179000000002,-46.7352085,,,,2,2023-06-14T05:31:27+00:00
SAO_7012-10,São Paulo,3550308,True,,34811,,,-23.7103945,-46.77583224999999,,,,2,2023-06-14T05:31:11+00:00
SAO_6055-10,São Paulo,3550308,True,,33914,,,-23.755325499999998,-46.7091925,,,,2,2023-06-14T05:31:38+00:00
SAO_6055-10,São Paulo,3550308,True,,33914,,,-23.6689565,-46.6773375,,,,2,2023-06-14T05:31:04+00:00
SAO_6055-10,São Paulo,3550308,True,,33914,,,-23.713037999999997,-46.698539999999994,,,,2,2023-06-14T05:31:20+00:00
SAO_5164-21,São Paulo,3550308,True,,1616,,,-23.6461105,-46.6469465,,,,1,2023-06-14T05:31:11+00:00
SAO_5164-21,São Paulo,3550308,True,,1616,,,-23.6460145,-46.6522105,,,,1,2023-06-14T05:31:05+00:00
SAO_5164-21,São Paulo,3550308,True,,1616,,,-23.646586749999997,-46.645936000000006,,,,1,2023-06-14T05:31:05+00:00
SAO_5164-21,São Paulo,3550308,True,,1616,,,-23.64675425,-46.645568,,,,1,2023-06-14T05:31:21+00:00
SAO_5164-21,São Paulo,3550308,True,,1616,,,-23.646586749999997,-46.645936000000006,,,,1,2023-06-14T05:31:07+00:00
SAO_5164-21,São Paulo,3550308,True,,1616,,,-23.5981175,-46.646237,,,,1,2023-06-14T05:31:20+00:00
SAO_477A-10,São Paulo,3550308,True,EMTU,346,https://moovitapp.com/index/pt-br/transporte_p%C3%BAblico-line-346-Sao_Paulo-242-2038937-36419429-0,6.3,-23.603806499999997,-46.603359499999996,,,,1,2023-06-14T05:31:32+00:00
SAO_477A-10,São Paulo,3550308,True,EMTU,346,https://moovitapp.com/index/pt-br/transporte_p%C3%BAblico-line-346-Sao_Paulo-242-2038937-36419429-0,6.3,-23.603154500000002,-46.603531000000004,,,,1,2023-06-14T05:31:43+00:00
SAO_477A-10,São Paulo,3550308,True,EMTU,346,https://moovitapp.com/index/pt-br/transporte_p%C3%BAblico-line-346-Sao_Paulo-242-2038937-36419429-0,6.3,-23.583918500000003,-46.63666375,,,,1,2023-06-14T05:31:47+00:00
SAO_477A-10,São Paulo,3550308,True,EMTU,346,https://moovitapp.com/index/pt-br/transporte_p%C3%BAblico-line-346-Sao_Paulo-242-2038937-36419429-0,6.3,-23.579002250000002,-46.6857225,,,,1,2023-06-14T05:31:06+00:00
SAO_2582-21,São Paulo,3550308,True,,34538,,,-23.546727,-46.629723999999996,,,,2,2023-06-14T05:29:29+00:00
SAO_1709-10,São Paulo,3550308,True,,33619,,,-23.47893225,-46.605864499999996,,,,2,2023-06-14T05:31:42+00:00
SAO_1709-10,São Paulo,3550308,True,,33619,,,-23.479985,-46.603936000000004,,,,2,2023-06-14T05:26:44+00:00
SAO_1709-10,São Paulo,3550308,True,,33619,,,-23.479985,-46.603936000000004,,,,2,2023-06-14T05:29:57+00:00
SAO_1709-10,São Paulo,3550308,True,,33619,,,-23.4508565,-46.595991749999996,,,,2,2023-06-14T05:31:36+00:00
SAO_N140-11,São Paulo,3550308,True,,35064,,,-23.4685845,-46.721347,,,,2,2023-06-14T05:31:29+00:00
SAO_4313-10,São Paulo,3550308,True,,2173,,,-23.58338225,-46.415035,,,,1,2023-06-14T05:28:32+00:00
SAO_4313-10,São Paulo,3550308,True,,2173,,,-23.5472815,-46.629869,,,,1,2023-06-14T05:31:31+00:00
SAO_4313-10,São Paulo,3550308,True,,2173,,,-23.582577,-46.408426,,,,1,2023-06-14T05:31:41+00:00
SAO_4313-10,São Paulo,3550308,True,,2173,,,-23.547058,-46.6300155,,,,1,2023-06-14T05:31:23+00:00
SAO_4313-10,São Paulo,3550308,True,,2173,,,-23.547545,-46.629699,,,,1,2023-06-14T05:31:36+00:00
SAO_4313-10,São Paulo,3550308,True,,2173,,,-23.546832000000002,-46.6301665,,,,1,2023-06-14T05:31:25+00:00
SAO_4313-10,São Paulo,3550308,True,,2173,,,-23.5507965,-46.6079395,,,,1,2023-06-14T05:31:40+00:00
SAO_4313-10,São Paulo,3550308,True,,2173,,,-23.537675999999998,-46.562360562500004,,,,1,2023-06-14T05:31:41+00:00
SAO_519M-10,São Paulo,3550308,True,,34979,,,-23.613173500000002,-46.482603499999996,,,,2,2023-06-14T05:31:26+00:00
SAO_519M-10,São Paulo,3550308,True,,34979,,,-23.593414625,-46.560600750000006,,,,2,2023-06-14T05:31:27+00:00
SAO_2014-10,São Paulo,3550308,True,Urubupungá,900,https://moovitapp.com/index/pt-br/transporte_p%C3%BAblico-line-900-Sao_Paulo-242-873835-496470-0,4.6,-23.457081000000002,-46.669748,,,,1,2023-06-14T05:31:33+00:00
SAO_2014-10,São Paulo,3550308,True,Urubupungá,900,https://moovitapp.com/index/pt-br/transporte_p%C3%BAblico-line-900-Sao_Paulo-242-873835-496470-0,4.6,-23.457081000000002,-46.669748,,,,1,2023-06-14T05:31:11+00:00
SAO_2014-10,São Paulo,3550308,True,Urubupungá,900,https://moovitapp.com/index/pt-br/transporte_p%C3%BAblico-line-900-Sao_Paulo-242-873835-496470-0,4.6,-23.457081000000002,-46.669748,,,,1,2023-06-14T05:31:28+00:00
SAO_2014-10,São Paulo,3550308,True,Urubupungá,900,https://moovitapp.com/index/pt-br/transporte_p%C3%BAblico-line-900-Sao_Paulo-242-873835-496470-0,4.6,-23.457081000000002,-46.669748,,,,1,2023-06-14T05:31:33+00:00
SAO_2014-10,São Paulo,3550308,True,Urubupungá,900,https://moovitapp.com/index/pt-br/transporte_p%C3%BAblico-line-900-Sao_Paulo-242-873835-496470-0,4.6,-23.457081000000002,-46.669748,,,,1,2023-06-14T05:31:31+00:00
SAO_2014-10,São Paulo,3550308,True,Urubupungá,900,https://moovitapp.com/index/pt-br/transporte_p%C3%BAblico-line-900-Sao_Paulo-242-873835-496470-0,4.6,-23.457081000000002,-46.669748,,,,1,2023-06-14T05:31:22+00:00
SAO_2014-10,São Paulo,3550308,True,Urubupungá,900,https://moovitapp.com/index/pt-br/transporte_p%C3%BAblico-line-900-Sao_Paulo-242-873835-496470-0,4.6,-23.457081000000002,-46.669748,,,,1,2023-06-14T05:31:47+00:00
SAO_2014-10,São Paulo,3550308,True,Urubupungá,900,https://moovitapp.com/index/pt-br/transporte_p%C3%BAblico-line-900-Sao_Paulo-242-873835-496470-0,4.6,-23.457081000000002,-46.669748,,,,1,2023-06-14T05:31:18+00:00
SAO_2014-10,São Paulo,3550308,True,Urubupungá,900,https://moovitapp.com/index/pt-br/transporte_p%C3%BAblico-line-900-Sao_Paulo-242-873835-496470-0,4.6,-23.48628825,-46.66490475,,,,1,2023-06-14T05:31:40+00:00
SAO_2014-10,São Paulo,3550308,True,Urubupungá,900,https://moovitapp.com/index/pt-br/transporte_p%C3%BAblico-line-900-Sao_Paulo-242-873835-496470-0,4.6,-23.457081000000002,-46.669748,,,,1,2023-06-14T05:31:19+00:00
SAO_2014-10,São Paulo,3550308,True,Urubupungá,900,https://moovitapp.com/index/pt-br/transporte_p%C3%BAblico-line-900-Sao_Paulo-242-873835-496470-0,4.6,-23.457081000000002,-46.669748,,,,1,2023-06-14T05:31:14+00:00
SAO_2014-10,São Paulo,3550308,True,Urubupungá,900,https://moovitapp.com/index/pt-br/transporte_p%C3%BAblico-line-900-Sao_Paulo-242-873835-496470-0,4.6,-23.457081000000002,-46.669748,,,,1,2023-06-14T05:31:14+00:00
SAO_2014-10,São Paulo,3550308,True,Urubupungá,900,https://moovitapp.com/index/pt-br/transporte_p%C3%BAblico-line-900-Sao_Paulo-242-873835-496470-0,4.6,-23.457081000000002,-46.669748,,,,1,2023-06-14T05:31:07+00:00
SAO_2014-10,São Paulo,3550308,True,Urubupungá,900,https://moovitapp.com/index/pt-br/transporte_p%C3%BAblico-line-900-Sao_Paulo-242-873835-496470-0,4.6,-23.457081000000002,-46.669748,,,,1,2023-06-14T05:31:11+00:00
SAO_2014-10,São Paulo,3550308,True,Urubupungá,900,https://moovitapp.com/index/pt-br/transporte_p%C3%BAblico-line-900-Sao_Paulo-242-873835-496470-0,4.6,-23.457081000000002,-46.669748,,,,1,2023-06-14T05:31:05+00:00
SAO_2014-10,São Paulo,3550308,True,Urubupungá,900,https://moovitapp.com/index/pt-br/transporte_p%C3%BAblico-line-900-Sao_Paulo-242-873835-496470-0,4.6,-23.457081000000002,-46.669748,,,,1,2023-06-14T05:31:12+00:00
SAO_2014-10,São Paulo,3550308,True,Urubupungá,900,https://moovitapp.com/index/pt-br/transporte_p%C3%BAblico-line-900-Sao_Paulo-242-873835-496470-0,4.6,-23.457081000000002,-46.669748,,,,1,2023-06-14T05:31:39+00:00
SAO_2014-10,São Paulo,3550308,True,Urubupungá,900,https://moovitapp.com/index/pt-br/transporte_p%C3%BAblico-line-900-Sao_Paulo-242-873835-496470-0,4.6,-23.457081000000002,-46.669748,,,,1,2023-06-14T05:31:39+00:00
SAO_6403-10,São Paulo,3550308,True,,32826,,,-23.540828,-46.6343855,,,,2,2023-06-14T05:31:33+00:00
SAO_6403-10,São Paulo,3550308,True,,32826,,,-23.5954015,-46.6957245,,,,2,2023-06-14T05:31:19+00:00
SAO_6403-10,São Paulo,3550308,True,,32826,,,-23.62513025,-46.711890499999996,,,,2,2023-06-14T05:31:20+00:00
SAO_407K-10,São Paulo,3550308,True,,2168,,,-23.5386545,-46.565125,,,,1,2023-06-14T05:31:22+00:00
SAO_407K-10,São Paulo,3550308,True,,2168,,,-23.570038,-46.503977500000005,,,,1,2023-06-14T05:31:43+00:00
SAO_576M-10,São Paulo,3550308,True,,604,,,-23.638963625,-46.641260875,,,,1,2023-06-14T05:31:03+00:00
SAO_576M-10,São Paulo,3550308,True,,604,,,-23.604508375,-46.65865575000001,,,,1,2023-06-14T05:31:08+00:00
SAO_576M-10,São Paulo,3550308,True,,604,,,-23.678067499999997,-46.640125499999996,,,,1,2023-06-14T05:31:27+00:00
SAO_971A-10,São Paulo,3550308,True,,33426,,,-23.491877,-46.676823999999996,,,,2,2023-06-14T05:31:08+00:00
SAO_971A-10,São Paulo,3550308,True,,33426,,,-23.502650499999998,-46.656012125,,,,2,2023-06-14T05:31:09+00:00
SAO_971A-10,São Paulo,3550308,True,,33426,,,-23.511257375,-46.624893,,,,2,2023-06-14T05:31:25+00:00
SAO_6250-10,São Paulo,3550308,True,EMTU,468,https://moovitapp.com/index/pt-br/transporte_p%C3%BAblico-line-468-Sao_Paulo-242-2038937-36419506-0,6.65,-23.59604,-46.74582100000001,,,,1,2023-06-14T05:31:06+00:00
SAO_6250-10,São Paulo,3550308,True,EMTU,468,https://moovitapp.com/index/pt-br/transporte_p%C3%BAblico-line-468-Sao_Paulo-242-2038937-36419506-0,6.65,-23.5498335,-46.64009,,,,1,2023-06-14T05:31:21+00:00
SAO_6072-10,São Paulo,3550308,True,,1588,,,-23.766939,-46.716361,,,,1,2023-06-14T05:31:12+00:00
SAO_6072-10,São Paulo,3550308,True,,1588,,,-23.827348,-46.69764012499999,,,,1,2023-06-14T05:30:39+00:00
SAO_6072-10,São Paulo,3550308,True,,1588,,,-23.7836565,-46.713528,,,,1,2023-06-14T05:31:20+00:00
SAO_6072-10,São Paulo,3550308,True,,1588,,,-23.794864500000003,-46.712574000000004,,,,1,2023-06-14T05:31:47+00:00
SAO_6072-10,São Paulo,3550308,True,,1588,,,-23.7665845,-46.7163125,,,,1,2023-06-14T05:31:19+00:00
SAO_9011-21,São Paulo,3550308,True,,34536,,,-23.446984,-46.7225025,,,,2,2023-06-14T05:30:55+00:00
SAO_9011-21,São Paulo,3550308,True,,34536,,,-23.446984,-46.7225025,,,,2,2023-06-14T05:31:19+00:00
SAO_875P-10,São Paulo,3550308,True,,34109,,,-23.5820815,-46.6384025,,,,2,2023-06-14T05:31:17+00:00
SAO_875P-10,São Paulo,3550308,True,,34109,,,-23.5369465,-46.667593499999995,,,,2,2023-06-14T05:31:23+00:00
SAO_577T-10,São Paulo,3550308,True,,1291,,,-23.667998,-46.651894999999996,,,,1,2023-06-14T05:31:28+00:00
SAO_577T-10,São Paulo,3550308,True,,1291,,,-23.602343624999996,-46.6350005,,,,1,2023-06-14T05:31:05+00:00
SAO_577T-10,São Paulo,3550308,True,,1291,,,-23.5814375,-46.6387255,,,,1,2023-06-14T05:31:20+00:00
SAO_577T-10,São Paulo,3550308,True,,1291,,,-23.6855415,-46.637704,,,,1,2023-06-14T05:31:19+00:00
SAO_6970-10,São Paulo,3550308,True,,34273,,,-23.73436225,-46.696115000000006,,,,2,2023-06-14T05:30:55+00:00
SAO_7006-10,São Paulo,3550308,True,,1995,,,-23.7503745,-46.7771065,,,,1,2023-06-14T05:31:40+00:00
SAO_7006-10,São Paulo,3550308,True,,1995,,,-23.736588,-46.7808355,,,,1,2023-06-14T05:31:40+00:00
SAO_7006-10,São Paulo,3550308,True,,1995,,,-23.684296,-46.769915999999995,,,,1,2023-06-14T05:31:46+00:00
SAO_407I-10,São Paulo,3550308,True,,34990,,,-23.549704,-46.524748,,,,2,2023-06-14T05:31:03+00:00
SAO_407I-10,São Paulo,3550308,True,,34990,,,-23.5433355,-46.48539675000001,,,,2,2023-06-14T05:30:37+00:00
SAO_6804-10,São Paulo,3550308,True,BR7 Mobilidade,30,https://moovitapp.com/index/pt-br/transporte_p%C3%BAblico-line-30-Sao_Paulo-242-851856-500112-0,5.75,-23.6402955,-46.747759,,,,1,2023-06-14T05:31:04+00:00
SAO_6016-10,São Paulo,3550308,True,,84,,,-23.737647000000003,-46.6975635,,,,1,2023-06-14T05:31:40+00:00
SAO_6016-10,São Paulo,3550308,True,,84,,,-23.748095499999998,-46.68762275,,,,1,2023-06-14T05:31:06+00:00
SAO_2734-10,São Paulo,3550308,True,,1760,,,-23.5094565,-46.422525,,,,1,2023-06-14T05:28:34+00:00
SAO_2734-10,São Paulo,3550308,True,,1760,,,-23.539089500000003,-46.4721445,,,,1,2023-06-14T05:30:49+00:00
SAO_2734-10,São Paulo,3550308,True,,1760,,,-23.512009,-46.40866,,,,1,2023-06-14T05:31:24+00:00
SAO_6250-10,São Paulo,3550308,True,,33236,,,-23.58831575,-46.727644874999996,,,,2,2023-06-14T05:31:08+00:00
SAO_6250-10,São Paulo,3550308,True,,33236,,,-23.598350500000002,-46.7651645,,,,2,2023-06-14T05:31:30+00:00
SAO_1020-10,São Paulo,3550308,True,,35265,,,-23.488585,-46.711756,,,,2,2023-06-14T05:31:46+00:00
SAO_1020-10,São Paulo,3550308,True,,35265,,,-23.4106675,-46.763892,,,,2,2023-06-14T05:31:17+00:00
SAO_1020-10,São Paulo,3550308,True,,35265,,,-23.4135325,-46.731986500000005,,,,2,2023-06-14T05:31:48+00:00
SAO_1020-10,São Paulo,3550308,True,,35265,,,-23.4107685,-46.764154000000005,,,,2,2023-06-14T05:31:48+00:00
SAO_8017-10,São Paulo,3550308,True,,34029,,,-23.4862075,-46.726428,,,,2,2023-06-14T05:31:03+00:00
SAO_8017-10,São Paulo,3550308,True,,34029,,,-23.4402695,-46.7233015,,,,2,2023-06-14T05:31:09+00:00
SAO_8017-10,São Paulo,3550308,True,,34029,,,-23.43846075,-46.7467815,,,,2,2023-06-14T05:31:19+00:00
SAO_2725-10,São Paulo,3550308,True,,939,,,-23.526735875,-46.474504124999996,,,,1,2023-06-14T05:31:43+00:00
SAO_2725-10,São Paulo,3550308,True,,939,,,-23.540045,-46.483149499999996,,,,1,2023-06-14T05:31:17+00:00
SAO_2725-10,São Paulo,3550308,True,,939,,,-23.5230935,-46.4710595,,,,1,2023-06-14T05:31:32+00:00
SAO_2725-10,São Paulo,3550308,True,,939,,,-23.540045,-46.483149499999996,,,,1,2023-06-14T05:31:17+00:00
SAO_2725-10,São Paulo,3550308,True,,939,,,-23.508325499999998,-46.4684905,,,,1,2023-06-14T05:31:04+00:00
SAO_2725-10,São Paulo,3550308,True,,939,,,-23.540045,-46.483149499999996,,,,1,2023-06-14T05:31:13+00:00
SAO_2725-10,São Paulo,3550308,True,,939,,,-23.540045,-46.483149499999996,,,,1,2023-06-14T05:31:06+00:00
SAO_2725-10,São Paulo,3550308,True,,939,,,-23.540219999999998,-46.4830825,,,,1,2023-06-14T05:31:47+00:00
SAO_2725-10,São Paulo,3550308,True,,939,,,-23.505404499999997,-46.4693225,,,,1,2023-06-14T05:31:10+00:00
SAO_1788-10,São Paulo,3550308,True,,653,,,-23.49316025,-46.6173505,,,,1,2023-06-14T05:31:33+00:00
SAO_1788-10,São Paulo,3550308,True,,653,,,-23.4310905,-46.572236000000004,,,,1,2023-06-14T05:31:43+00:00
SAO_7545-10,São Paulo,3550308,True,,504,,,-23.587972875,-46.764603375,,,,1,2023-06-14T05:31:15+00:00
SAO_7545-10,São Paulo,3550308,True,,504,,,-23.5477705,-46.641587,,,,1,2023-06-14T05:31:19+00:00
SAO_7545-10,São Paulo,3550308,True,,504,,,-23.5643305,-46.6778755,,,,1,2023-06-14T05:31:47+00:00
SAO_6035-21,São Paulo,3550308,True,,1795,,,-23.6925895,-46.76232,,,,1,2023-06-14T05:31:32+00:00
SAO_2709-10,São Paulo,3550308,True,,922,,,-23.531321,-46.495141000000004,,,,1,2023-06-14T05:31:40+00:00
SAO_2709-10,São Paulo,3550308,True,,922,,,-23.52873725,-46.49987575,,,,1,2023-06-14T05:31:35+00:00
SAO_6093-10,São Paulo,3550308,True,,1585,,,-23.7933225,-46.7292295,,,,1,2023-06-14T05:31:16+00:00
SAO_6093-10,São Paulo,3550308,True,,1585,,,-23.7578345,-46.714565,,,,1,2023-06-14T05:31:23+00:00
SAO_6093-10,São Paulo,3550308,True,,1585,,,-23.737581499999997,-46.697899500000005,,,,1,2023-06-14T05:31:25+00:00
SAO_6970-10,São Paulo,3550308,True,,1505,,,-23.737581499999997,-46.697899500000005,,,,1,2023-06-14T05:31:37+00:00
SAO_6970-10,São Paulo,3550308,True,,1505,,,-23.737581499999997,-46.697899500000005,,,,1,2023-06-14T05:31:27+00:00
SAO_6970-10,São Paulo,3550308,True,,1505,,,-23.737581499999997,-46.697899500000005,,,,1,2023-06-14T05:31:06+00:00
SAO_6970-10,São Paulo,3550308,True,,1505,,,-23.737581499999997,-46.697899500000005,,,,1,2023-06-14T05:31:10+00:00
SAO_6970-10,São Paulo,3550308,True,,1505,,,-23.684355500000002,-46.714387,,,,1,2023-06-14T05:31:27+00:00
SAO_6970-10,São Paulo,3550308,True,,1505,,,-23.737581499999997,-46.697899500000005,,,,1,2023-06-14T05:31:43+00:00
SAO_373T-10,São Paulo,3550308,True,,33859,,,-23.58550225,-46.537720125,,,,2,2023-06-14T05:31:09+00:00
SAO_373T-10,São Paulo,3550308,True,,33859,,,-23.5941885,-46.498267,,,,2,2023-06-14T05:31:24+00:00
SAO_373T-10,São Paulo,3550308,True,,33859,,,-23.548945,-46.60593862499999,,,,2,2023-06-14T05:31:29+00:00
SAO_175P-10,São Paulo,3550308,True,,675,,,-23.5234005,-46.65988275,,,,1,2023-06-14T05:31:45+00:00
SAO_175P-10,São Paulo,3550308,True,,675,,,-23.567867125,-46.648855749999996,,,,1,2023-06-14T05:31:23+00:00
SAO_3029-10,São Paulo,3550308,True,,33734,,,-23.54744825,-46.540079,,,,2,2023-06-14T05:31:03+00:00
SAO_3029-10,São Paulo,3550308,True,,33734,,,-23.541,-46.576643000000004,,,,2,2023-06-14T05:31:34+00:00
SAO_3029-10,São Paulo,3550308,True,,33734,,,-23.585295,-46.5067185,,,,2,2023-06-14T05:31:48+00:00
SAO_3029-10,São Paulo,3550308,True,,33734,,,-23.5754835,-46.531512,,,,2,2023-06-14T05:31:18+00:00
SAO_407P-10,São Paulo,3550308,True,,34968,,,-23.541269,-46.5768465,,,,2,2023-06-14T05:31:10+00:00
SAO_407P-10,São Paulo,3550308,True,,34968,,,-23.52739625,-46.445774,,,,2,2023-06-14T05:31:30+00:00
SAO_407P-10,São Paulo,3550308,True,,34968,,,-23.530224,-46.44788575,,,,2,2023-06-14T05:31:32+00:00
SAO_407P-10,São Paulo,3550308,True,,34968,,,-23.529762499999997,-46.5041935,,,,2,2023-06-14T05:31:21+00:00
SAO_407P-10,São Paulo,3550308,True,,34968,,,-23.543808499999997,-46.410647,,,,2,2023-06-14T05:31:06+00:00
SAO_8215-10,São Paulo,3550308,True,,33342,,,-23.523042250000003,-46.65956725,,,,2,2023-06-14T05:31:27+00:00
SAO_8215-10,São Paulo,3550308,True,,33342,,,-23.460388000000002,-46.709881499999995,,,,2,2023-06-14T05:31:25+00:00
SAO_8215-10,São Paulo,3550308,True,,33342,,,-23.5059845,-46.673250499999995,,,,2,2023-06-14T05:31:48+00:00
SAO_746C-10,São Paulo,3550308,True,,33551,,,-23.608864,-46.7509105,,,,2,2023-06-14T05:31:37+00:00
SAO_746C-10,São Paulo,3550308,True,,33551,,,-23.647837250000002,-46.710092,,,,2,2023-06-14T05:31:14+00:00
SAO_746C-10,São Paulo,3550308,True,,33551,,,-23.617186250000003,-46.74299875,,,,2,2023-06-14T05:31:41+00:00
SAO_273J-10,São Paulo,3550308,True,,33157,,,-23.502059,-46.4481915,,,,2,2023-06-14T05:31:27+00:00
SAO_273J-10,São Paulo,3550308,True,,33157,,,-23.51850825,-46.511503250000004,,,,2,2023-06-14T05:31:31+00:00
SAO_273J-10,São Paulo,3550308,True,,33157,,,-23.4934145,-46.411364000000006,,,,2,2023-06-14T05:31:25+00:00
SAO_6455-10,São Paulo,3550308,True,,63,,,-23.644018,-46.7325855,,,,1,2023-06-14T05:31:40+00:00
SAO_6455-10,São Paulo,3550308,True,,63,,,-23.557504625,-46.63795987499999,,,,1,2023-06-14T05:31:46+00:00
SAO_354M-10,São Paulo,3550308,True,,34387,,,-23.596392,-46.444724,,,,2,2023-06-14T05:31:17+00:00
SAO_354M-10,São Paulo,3550308,True,,34387,,,-23.526028500000002,-46.4575835,,,,2,2023-06-14T05:31:12+00:00
SAO_354M-10,São Paulo,3550308,True,,34387,,,-23.525287249999998,-46.4573665,,,,2,2023-06-14T05:31:46+00:00
SAO_354M-10,São Paulo,3550308,True,,34387,,,-23.491775,-46.434236999999996,,,,2,2023-06-14T05:31:11+00:00
SAO_354M-10,São Paulo,3550308,True,,34387,,,-23.609278,-46.472927,,,,2,2023-06-14T05:31:19+00:00
SAO_647P-10,São Paulo,3550308,True,,1316,,,-23.658284000000002,-46.76490525,,,,1,2023-06-14T05:31:39+00:00
SAO_647P-10,São Paulo,3550308,True,,1316,,,-23.578105,-46.68626825,,,,1,2023-06-14T05:31:47+00:00
SAO_647P-10,São Paulo,3550308,True,,1316,,,-23.640162,-46.736765500000004,,,,1,2023-06-14T05:31:09+00:00
SAO_3785-10,São Paulo,3550308,True,,33831,,,-23.5879865,-46.3952925,,,,2,2023-06-14T05:31:13+00:00
SAO_3785-10,São Paulo,3550308,True,,33831,,,-23.56241275,-46.4461925,,,,2,2023-06-14T05:31:47+00:00
SAO_3785-10,São Paulo,3550308,True,,33831,,,-23.56241275,-46.4461925,,,,2,2023-06-14T05:31:08+00:00
SAO_3785-10,São Paulo,3550308,True,,33831,,,-23.591442999999998,-46.394348,,,,2,2023-06-14T05:31:17+00:00
SAO_3785-10,São Paulo,3550308,True,,33831,,,-23.591703000000003,-46.3941935,,,,2,2023-06-14T05:31:29+00:00
SAO_3785-10,São Paulo,3550308,True,,33831,,,-23.579605,-46.412025,,,,2,2023-06-14T05:31:15+00:00
SAO_8100-10,São Paulo,3550308,True,,1262,,,-23.524615500000003,-46.707330625,,,,1,2023-06-14T05:31:13+00:00
SAO_8100-10,São Paulo,3550308,True,,1262,,,-23.5201505,-46.69993,,,,1,2023-06-14T05:31:38+00:00
SAO_6840-10,São Paulo,3550308,True,,32969,,,-23.7309495,-46.785837,,,,2,2023-06-14T05:31:33+00:00
SAO_6840-10,São Paulo,3550308,True,,32969,,,-23.7317975,-46.7861475,,,,2,2023-06-14T05:30:54+00:00
SAO_6840-10,São Paulo,3550308,True,,32969,,,-23.7420195,-46.800329000000005,,,,2,2023-06-14T05:31:37+00:00
SAO_6840-10,São Paulo,3550308,True,,32969,,,-23.7317975,-46.7861475,,,,2,2023-06-14T05:31:34+00:00
SAO_6840-10,São Paulo,3550308,True,,32969,,,-23.731146000000003,-46.785866999999996,,,,2,2023-06-14T05:31:45+00:00
SAO_6840-10,São Paulo,3550308,True,,32969,,,-23.690684,-46.774680000000004,,,,2,2023-06-14T05:30:55+00:00
SAO_6840-10,São Paulo,3550308,True,,32969,,,-23.724967,-46.78587950000001,,,,2,2023-06-14T05:31:35+00:00
SAO_273J-10,São Paulo,3550308,True,STT,389,https://moovitapp.com/index/pt-br/transporte_p%C3%BAblico-line-389-Sao_Paulo-242-850661-183299-0,5.3,-23.522025,-46.51734225,,,,1,2023-06-14T05:31:08+00:00
SAO_273J-10,São Paulo,3550308,True,STT,389,https://moovitapp.com/index/pt-br/transporte_p%C3%BAblico-line-389-Sao_Paulo-242-850661-183299-0,5.3,-23.4976955,-46.442229499999996,,,,1,2023-06-14T05:31:37+00:00
SAO_273J-10,São Paulo,3550308,True,STT,389,https://moovitapp.com/index/pt-br/transporte_p%C3%BAblico-line-389-Sao_Paulo-242-850661-183299-0,5.3,-23.53265475,-46.5431335,,,,1,2023-06-14T05:31:33+00:00
SAO_273J-10,São Paulo,3550308,True,STT,389,https://moovitapp.com/index/pt-br/transporte_p%C3%BAblico-line-389-Sao_Paulo-242-850661-183299-0,5.3,-23.48365375,-46.3834735,,,,1,2023-06-14T05:31:46+00:00
SAO_2059-10,São Paulo,3550308,True,Cidade de Caieiras,260,https://moovitapp.com/index/pt-br/transporte_p%C3%BAblico-line-260-Sao_Paulo-242-868761-496413-0,5.0,-23.4909655,-46.442477499999995,,,,1,2023-06-14T05:31:40+00:00
SAO_2059-10,São Paulo,3550308,True,Cidade de Caieiras,260,https://moovitapp.com/index/pt-br/transporte_p%C3%BAblico-line-260-Sao_Paulo-242-868761-496413-0,5.0,-23.5413755,-46.4099815,,,,1,2023-06-14T05:31:09+00:00
SAO_2059-10,São Paulo,3550308,True,Cidade de Caieiras,260,https://moovitapp.com/index/pt-br/transporte_p%C3%BAblico-line-260-Sao_Paulo-242-868761-496413-0,5.0,-23.4984545,-46.440679,,,,1,2023-06-14T05:31:08+00:00
SAO_2059-10,São Paulo,3550308,True,Cidade de Caieiras,260,https://moovitapp.com/index/pt-br/transporte_p%C3%BAblico-line-260-Sao_Paulo-242-868761-496413-0,5.0,-23.542049,-46.4118605,,,,1,2023-06-14T05:31:46+00:00
SAO_2059-10,São Paulo,3550308,True,Cidade de Caieiras,260,https://moovitapp.com/index/pt-br/transporte_p%C3%BAblico-line-260-Sao_Paulo-242-868761-496413-0,5.0,-23.4909655,-46.442477499999995,,,,1,2023-06-14T05:31:33+00:00
SAO_106A-10,São Paulo,3550308,True,,33284,,,-23.531568,-46.632143,,,,2,2023-06-14T05:31:22+00:00
SAO_106A-10,São Paulo,3550308,True,,33284,,,-23.520471,-46.6301885,,,,2,2023-06-14T05:31:18+00:00
SAO_106A-10,São Paulo,3550308,True,,33284,,,-23.503788375,-46.624660500000005,,,,2,2023-06-14T05:31:37+00:00
SAO_775F-10,São Paulo,3550308,True,,796,,,-23.615971000000002,-46.7552545,,,,1,2023-06-14T05:31:31+00:00
SAO_775F-10,São Paulo,3550308,True,,796,,,-23.5744145,-46.688534250000004,,,,1,2023-06-14T05:31:38+00:00
SAO_3161-10,São Paulo,3550308,True,,1084,,,-23.5646415,-46.5897985,,,,1,2023-06-14T05:31:25+00:00
SAO_271P-10,São Paulo,3550308,True,,704,,,-23.533564000000002,-46.606010999999995,,,,1,2023-06-14T05:31:14+00:00
SAO_271P-10,São Paulo,3550308,True,,704,,,-23.499681000000002,-46.518896,,,,1,2023-06-14T05:31:14+00:00
SAO_8038-10,São Paulo,3550308,True,,33565,,,-23.5192465,-46.7041905,,,,2,2023-06-14T05:31:18+00:00
SAO_8038-10,São Paulo,3550308,True,,33565,,,-23.542439,-46.743663999999995,,,,2,2023-06-14T05:31:44+00:00
SAO_677A-10,São Paulo,3550308,True,,34007,,,-23.659469875,-46.725195062500006,,,,2,2023-06-14T05:31:21+00:00
SAO_677A-10,São Paulo,3550308,True,,34007,,,-23.592324,-46.689248,,,,2,2023-06-14T05:31:38+00:00
SAO_N334-11,São Paulo,3550308,True,,35114,,,-23.517459000000002,-46.475209500000005,,,,2,2023-06-14T05:31:21+00:00
SAO_177H-10,São Paulo,3550308,True,,630,,,-23.500714000000002,-46.624559500000004,,,,1,2023-06-14T05:31:26+00:00
SAO_177H-10,São Paulo,3550308,True,,630,,,-23.52731275,-46.66091225,,,,1,2023-06-14T05:31:04+00:00
SAO_177H-10,São Paulo,3550308,True,,630,,,-23.565798,-46.7111515,,,,1,2023-06-14T05:31:33+00:00
SAO_7004-10,São Paulo,3550308,True,,34760,,,-23.7317975,-46.7861475,,,,2,2023-06-14T05:31:23+00:00
SAO_7004-10,São Paulo,3550308,True,,34760,,,-23.7317975,-46.7861475,,,,2,2023-06-14T05:31:40+00:00
SAO_7004-10,São Paulo,3550308,True,,34760,,,-23.7301305,-46.7858815,,,,2,2023-06-14T05:31:37+00:00
SAO_7004-10,São Paulo,3550308,True,,34760,,,-23.731146000000003,-46.785866999999996,,,,2,2023-06-14T05:31:30+00:00
SAO_7004-10,São Paulo,3550308,True,,34760,,,-23.667442,-46.729826,,,,2,2023-06-14T05:31:43+00:00
SAO_7004-10,São Paulo,3550308,True,,34760,,,-23.709560625,-46.7836145,,,,2,2023-06-14T05:31:38+00:00
SAO_7004-10,São Paulo,3550308,True,,34760,,,-23.724632375,-46.785788249999996,,,,2,2023-06-14T05:31:31+00:00
SAO_7004-10,São Paulo,3550308,True,,34760,,,-23.742005499999998,-46.80109,,,,2,2023-06-14T05:31:19+00:00
SAO_7004-10,São Paulo,3550308,True,,34760,,,-23.7309495,-46.785837,,,,2,2023-06-14T05:29:53+00:00
SAO_7004-10,São Paulo,3550308,True,,34760,,,-23.742065,-46.8005655,,,,2,2023-06-14T05:31:04+00:00
SAO_7004-10,São Paulo,3550308,True,,34760,,,-23.7317975,-46.7861475,,,,2,2023-06-14T05:31:35+00:00
SAO_7004-10,São Paulo,3550308,True,,34760,,,-23.685933,-46.7530695,,,,2,2023-06-14T05:25:15+00:00
SAO_7004-10,São Paulo,3550308,True,,34760,,,-23.731476999999998,-46.7859925,,,,2,2023-06-14T05:31:27+00:00
SAO_7004-10,São Paulo,3550308,True,,34760,,,-23.7305335,-46.7858295,,,,2,2023-06-14T05:31:28+00:00
SAO_4053-10,São Paulo,3550308,True,,2146,,,-23.542544,-46.4158275,,,,1,2023-06-14T05:28:54+00:00
SAO_4053-10,São Paulo,3550308,True,,2146,,,-23.5529695,-46.3943265,,,,1,2023-06-14T05:31:27+00:00
SAO_4053-10,São Paulo,3550308,True,,2146,,,-23.553117999999998,-46.394191,,,,1,2023-06-14T05:31:23+00:00
SAO_2626-10,São Paulo,3550308,True,EMTU,376,https://moovitapp.com/index/pt-br/transporte_p%C3%BAblico-line-376-Sao_Paulo-242-2038937-114744732-0,5.1,-23.546727,-46.629723999999996,,,,1,2023-06-14T05:31:29+00:00
SAO_2626-10,São Paulo,3550308,True,EMTU,376,https://moovitapp.com/index/pt-br/transporte_p%C3%BAblico-line-376-Sao_Paulo-242-2038937-114744732-0,5.1,-23.52182825,-46.40966175,,,,1,2023-06-14T05:31:37+00:00
SAO_2626-10,São Paulo,3550308,True,EMTU,376,https://moovitapp.com/index/pt-br/transporte_p%C3%BAblico-line-376-Sao_Paulo-242-2038937-114744732-0,5.1,-23.4980145,-46.46293,,,,1,2023-06-14T05:31:38+00:00
SAO_2626-10,São Paulo,3550308,True,EMTU,376,https://moovitapp.com/index/pt-br/transporte_p%C3%BAblico-line-376-Sao_Paulo-242-2038937-114744732-0,5.1,-23.538731,-46.6048935,,,,1,2023-06-14T05:31:44+00:00
SAO_2626-10,São Paulo,3550308,True,EMTU,376,https://moovitapp.com/index/pt-br/transporte_p%C3%BAblico-line-376-Sao_Paulo-242-2038937-114744732-0,5.1,-23.5103975,-46.40651475,,,,1,2023-06-14T05:31:21+00:00
SAO_909T-1,São Paulo,3550308,True,,2512,,,-23.5553855,-46.673866000000004,,,,1,2023-06-14T05:31:49+00:00
SAO_909T-1,São Paulo,3550308,True,,2512,,,-23.546077500000003,-46.631047,,,,1,2023-06-14T05:31:38+00:00
SAO_3098-10,São Paulo,3550308,True,,1078,,,-23.629245750000003,-46.46185800000001,,,,1,2023-06-14T05:31:05+00:00
SAO_3098-10,São Paulo,3550308,True,,1078,,,-23.61718525,-46.46862075,,,,1,2023-06-14T05:31:47+00:00
SAO_3098-10,São Paulo,3550308,True,,1078,,,-23.565915,-46.5070785,,,,1,2023-06-14T05:31:19+00:00
SAO_6057-10,São Paulo,3550308,True,,1148,,,-23.74208275,-46.70319025,,,,1,2023-06-14T05:31:37+00:00
SAO_6057-10,São Paulo,3550308,True,,1148,,,-23.737235,-46.6976205,,,,1,2023-06-14T05:31:10+00:00
SAO_6L04-10,São Paulo,3550308,True,,1180,,,-23.8279045,-46.727655,,,,1,2023-06-14T05:31:12+00:00
SAO_609F-10,São Paulo,3550308,True,,32805,,,-23.534974,-46.6443435,,,,2,2023-06-14T05:31:35+00:00
SAO_609F-10,São Paulo,3550308,True,,32805,,,-23.645328,-46.729937,,,,2,2023-06-14T05:31:17+00:00
SAO_609F-10,São Paulo,3550308,True,,32805,,,-23.573024625000002,-46.665937625,,,,2,2023-06-14T05:31:44+00:00
SAO_609F-10,São Paulo,3550308,True,,32805,,,-23.548032,-46.638667999999996,,,,2,2023-06-14T05:31:34+00:00
SAO_609F-10,São Paulo,3550308,True,,32805,,,-23.59340625,-46.6947755,,,,2,2023-06-14T05:31:27+00:00
SAO_609F-10,São Paulo,3550308,True,,32805,,,-23.6611755,-46.74822399999999,,,,2,2023-06-14T05:31:34+00:00
SAO_253F-10,São Paulo,3550308,True,EMTU,158,https://moovitapp.com/index/pt-br/transporte_p%C3%BAblico-line-158-Sao_Paulo-242-2038937-36419303-0,7.45,-23.596217,-46.454994875,,,,1,2023-06-14T05:31:09+00:00
SAO_253F-10,São Paulo,3550308,True,EMTU,158,https://moovitapp.com/index/pt-br/transporte_p%C3%BAblico-line-158-Sao_Paulo-242-2038937-36419303-0,7.45,-23.5746405,-46.4543305,,,,1,2023-06-14T05:28:13+00:00
SAO_253F-10,São Paulo,3550308,True,EMTU,158,https://moovitapp.com/index/pt-br/transporte_p%C3%BAblico-line-158-Sao_Paulo-242-2038937-36419303-0,7.45,-23.51739625,-46.462149,,,,1,2023-06-14T05:31:46+00:00
SAO_253F-10,São Paulo,3550308,True,EMTU,158,https://moovitapp.com/index/pt-br/transporte_p%C3%BAblico-line-158-Sao_Paulo-242-2038937-36419303-0,7.45,-23.5185795,-46.475586,,,,1,2023-06-14T05:31:26+00:00
SAO_4221-10,São Paulo,3550308,True,,33093,,,-23.601728,-46.531013,,,,2,2023-06-14T05:31:30+00:00
SAO_4221-10,São Paulo,3550308,True,,33093,,,-23.5861285,-46.5890555,,,,2,2023-06-14T05:31:46+00:00
SAO_709M-10,São Paulo,3550308,True,,35230,,,-23.617715500000003,-46.697503624999996,,,,2,2023-06-14T05:31:13+00:00
SAO_709M-10,São Paulo,3550308,True,,35230,,,-23.654038,-46.708869500000006,,,,2,2023-06-14T05:31:48+00:00
SAO_7063-10,São Paulo,3550308,True,,1899,,,-23.651991000000002,-46.789846499999996,,,,1,2023-06-14T05:31:05+00:00
SAO_7063-10,São Paulo,3550308,True,,1899,,,-23.651991000000002,-46.789846499999996,,,,1,2023-06-14T05:31:21+00:00
SAO_7063-10,São Paulo,3550308,True,,1899,,,-23.651991000000002,-46.789846499999996,,,,1,2023-06-14T05:31:38+00:00
SAO_7063-10,São Paulo,3550308,True,,1899,,,-23.6364275,-46.7779335,,,,1,2023-06-14T05:31:30+00:00
SAO_7063-10,São Paulo,3550308,True,,1899,,,-23.651991000000002,-46.789846499999996,,,,1,2023-06-14T05:31:13+00:00
SAO_7063-10,São Paulo,3550308,True,,1899,,,-23.651991000000002,-46.789846499999996,,,,1,2023-06-14T05:31:07+00:00
SAO_7063-10,São Paulo,3550308,True,,1899,,,-23.651991000000002,-46.789846499999996,,,,1,2023-06-14T05:31:35+00:00
SAO_7063-10,São Paulo,3550308,True,,1899,,,-23.651991000000002,-46.789846499999996,,,,1,2023-06-14T05:31:25+00:00
SAO_7051-10,São Paulo,3550308,True,,1885,,,-23.655096,-46.7838845,,,,1,2023-06-14T05:31:39+00:00
SAO_7051-10,São Paulo,3550308,True,,1885,,,-23.6316405,-46.772316,,,,1,2023-06-14T05:31:35+00:00
SAO_917H-10,São Paulo,3550308,True,STT,456,https://moovitapp.com/index/pt-br/transporte_p%C3%BAblico-line-456-Sao_Paulo-242-850661-10416524-0,5.3,-23.58924,-46.63493750000001,,,,1,2023-06-14T05:31:15+00:00
SAO_917H-10,São Paulo,3550308,True,STT,456,https://moovitapp.com/index/pt-br/transporte_p%C3%BAblico-line-456-Sao_Paulo-242-850661-10416524-0,5.3,-23.551668999999997,-46.676715,,,,1,2023-06-14T05:31:28+00:00
SAO_917H-10,São Paulo,3550308,True,STT,456,https://moovitapp.com/index/pt-br/transporte_p%C3%BAblico-line-456-Sao_Paulo-242-850661-10416524-0,5.3,-23.517538000000002,-46.753069874999994,,,,1,2023-06-14T05:31:17+00:00
SAO_917H-10,São Paulo,3550308,True,STT,456,https://moovitapp.com/index/pt-br/transporte_p%C3%BAblico-line-456-Sao_Paulo-242-850661-10416524-0,5.3,-23.486014,-46.7257505,,,,1,2023-06-14T05:31:32+00:00
SAO_917H-10,São Paulo,3550308,True,STT,456,https://moovitapp.com/index/pt-br/transporte_p%C3%BAblico-line-456-Sao_Paulo-242-850661-10416524-0,5.3,-23.538091,-46.708571000000006,,,,1,2023-06-14T05:31:01+00:00
SAO_917H-10,São Paulo,3550308,True,STT,456,https://moovitapp.com/index/pt-br/transporte_p%C3%BAblico-line-456-Sao_Paulo-242-850661-10416524-0,5.3,-23.48608,-46.7258125,,,,1,2023-06-14T05:31:38+00:00
SAO_917H-10,São Paulo,3550308,True,STT,456,https://moovitapp.com/index/pt-br/transporte_p%C3%BAblico-line-456-Sao_Paulo-242-850661-10416524-0,5.3,-23.488678999999998,-46.729378499999996,,,,1,2023-06-14T05:31:29+00:00
SAO_917H-10,São Paulo,3550308,True,STT,456,https://moovitapp.com/index/pt-br/transporte_p%C3%BAblico-line-456-Sao_Paulo-242-850661-10416524-0,5.3,-23.589214499999997,-46.634663,,,,1,2023-06-14T05:31:37+00:00
SAO_N301-11,São Paulo,3550308,True,,35103,,,-23.5469355,-46.630097,,,,2,2023-06-14T05:31:42+00:00
SAO_N301-11,São Paulo,3550308,True,,35103,,,-23.5469355,-46.630097,,,,2,2023-06-14T05:31:22+00:00
SAO_3051-10,São Paulo,3550308,True,,2446,,,-23.4861275,-46.4802475,,,,1,2023-06-14T05:31:08+00:00
SAO_3051-10,São Paulo,3550308,True,,2446,,,-23.5175915,-46.4751235,,,,1,2023-06-14T05:31:19+00:00
SAO_3051-10,São Paulo,3550308,True,,2446,,,-23.51418675,-46.46895275,,,,1,2023-06-14T05:30:58+00:00
SAO_6824-10,São Paulo,3550308,True,BR7 Mobilidade,23,https://moovitapp.com/index/pt-br/transporte_p%C3%BAblico-line-23-Sao_Paulo-242-851856-518590-0,5.75,-23.6669765,-46.783674500000004,,,,1,2023-06-14T05:31:40+00:00
SAO_2755-10,São Paulo,3550308,True,STT,233,https://moovitapp.com/index/pt-br/transporte_p%C3%BAblico-line-233-Sao_Paulo-242-850661-183266-0,5.3,-23.514619500000002,-46.4438655,,,,1,2023-06-14T05:31:05+00:00
SAO_2755-10,São Paulo,3550308,True,STT,233,https://moovitapp.com/index/pt-br/transporte_p%C3%BAblico-line-233-Sao_Paulo-242-850661-183266-0,5.3,-23.531146,-46.4154125,,,,1,2023-06-14T05:31:09+00:00
SAO_2755-10,São Paulo,3550308,True,STT,233,https://moovitapp.com/index/pt-br/transporte_p%C3%BAblico-line-233-Sao_Paulo-242-850661-183266-0,5.3,-23.515267,-46.4554825,,,,1,2023-06-14T05:31:13+00:00
SAO_2755-10,São Paulo,3550308,True,STT,233,https://moovitapp.com/index/pt-br/transporte_p%C3%BAblico-line-233-Sao_Paulo-242-850661-183266-0,5.3,-23.5121825,-46.432359000000005,,,,1,2023-06-14T05:28:35+00:00
SAO_2755-10,São Paulo,3550308,True,STT,233,https://moovitapp.com/index/pt-br/transporte_p%C3%BAblico-line-233-Sao_Paulo-242-850661-183266-0,5.3,-23.514140249999997,-46.500502,,,,1,2023-06-14T05:31:20+00:00
SAO_2755-10,São Paulo,3550308,True,STT,233,https://moovitapp.com/index/pt-br/transporte_p%C3%BAblico-line-233-Sao_Paulo-242-850661-183266-0,5.3,-23.522961000000002,-46.551280500000004,,,,1,2023-06-14T05:31:12+00:00
SAO_524M-10,São Paulo,3550308,True,,34399,,,-23.614382,-46.501851,,,,2,2023-06-14T05:31:28+00:00
SAO_524M-10,São Paulo,3550308,True,,34399,,,-23.6137795,-46.501670000000004,,,,2,2023-06-14T05:31:24+00:00
SAO_524M-10,São Paulo,3550308,True,,34399,,,-23.5899325,-46.5070465,,,,2,2023-06-14T05:31:10+00:00
SAO_2733-10,São Paulo,3550308,True,,33716,,,-23.519585,-46.4576835,,,,2,2023-06-14T05:31:24+00:00
SAO_6049-10,São Paulo,3550308,True,,1309,,,-23.65865,-46.765243,,,,1,2023-06-14T05:31:30+00:00
SAO_6049-10,São Paulo,3550308,True,,1309,,,-23.69435,-46.794564,,,,1,2023-06-14T05:31:44+00:00
SAO_6049-10,São Paulo,3550308,True,,1309,,,-23.650330500000003,-46.708101,,,,1,2023-06-14T05:31:46+00:00
SAO_2011-10,São Paulo,3550308,True,,34904,,,-23.479325000000003,-46.609796,,,,2,2023-06-14T05:31:12+00:00
SAO_2011-10,São Paulo,3550308,True,,34904,,,-23.488168,-46.565489750000005,,,,2,2023-06-14T05:31:42+00:00
SAO_1764-10,São Paulo,3550308,True,,625,,,-23.46883425,-46.609131375000004,,,,1,2023-06-14T05:31:13+00:00
SAO_1764-10,São Paulo,3550308,True,,625,,,-23.425084,-46.582206,,,,1,2023-06-14T05:31:38+00:00
SAO_9501-10,São Paulo,3550308,True,EMTU,462,https://moovitapp.com/index/pt-br/transporte_p%C3%BAblico-line-462-Sao_Paulo-242-2038937-36419502-0,7.4,-23.4881395,-46.68366975000001,,,,1,2023-06-14T05:31:46+00:00
SAO_9501-10,São Paulo,3550308,True,EMTU,462,https://moovitapp.com/index/pt-br/transporte_p%C3%BAblico-line-462-Sao_Paulo-242-2038937-36419502-0,7.4,-23.49493225,-46.684929,,,,1,2023-06-14T05:31:34+00:00
SAO_9501-10,São Paulo,3550308,True,EMTU,462,https://moovitapp.com/index/pt-br/transporte_p%C3%BAblico-line-462-Sao_Paulo-242-2038937-36419502-0,7.4,-23.475306,-46.6698155,,,,1,2023-06-14T05:31:28+00:00
SAO_9501-10,São Paulo,3550308,True,EMTU,462,https://moovitapp.com/index/pt-br/transporte_p%C3%BAblico-line-462-Sao_Paulo-242-2038937-36419502-0,7.4,-23.5432715,-46.6377405,,,,1,2023-06-14T05:31:41+00:00
SAO_3301-10,São Paulo,3550308,True,,1618,,,-23.494310249999998,-46.43849349999999,,,,1,2023-06-14T05:31:32+00:00
SAO_3301-10,São Paulo,3550308,True,,1618,,,-23.5314755,-46.5591195,,,,1,2023-06-14T05:29:23+00:00
SAO_478P-10,São Paulo,3550308,True,,33117,,,-23.5556045,-46.6631385,,,,2,2023-06-14T05:31:35+00:00
SAO_478P-10,São Paulo,3550308,True,,33117,,,-23.568927625,-46.611437249999994,,,,2,2023-06-14T05:31:37+00:00
SAO_478P-10,São Paulo,3550308,True,,33117,,,-23.6287405,-46.59849,,,,2,2023-06-14T05:31:14+00:00
SAO_3738-10,São Paulo,3550308,True,,1038,,,-23.5630765,-46.394354,,,,1,2023-06-14T05:31:07+00:00
SAO_3738-10,São Paulo,3550308,True,,1038,,,-23.564264625,-46.412696624999995,,,,1,2023-06-14T05:31:20+00:00
SAO_3738-10,São Paulo,3550308,True,,1038,,,-23.5437895,-46.44782,,,,1,2023-06-14T05:31:35+00:00
SAO_7059-10,São Paulo,3550308,True,,34692,,,-23.658105,-46.7818715,,,,2,2023-06-14T05:31:46+00:00
SAO_7059-10,São Paulo,3550308,True,,34692,,,-23.667596,-46.786499000000006,,,,2,2023-06-14T05:31:11+00:00
SAO_373L-10,São Paulo,3550308,True,,1027,,,-23.542569999999998,-46.46953499999999,,,,1,2023-06-14T05:31:33+00:00
SAO_172J-10,São Paulo,3550308,True,,33624,,,-23.479189750000003,-46.56941425,,,,2,2023-06-14T05:31:32+00:00
SAO_172J-10,São Paulo,3550308,True,,33624,,,-23.52605,-46.5800825,,,,2,2023-06-14T05:31:21+00:00
SAO_172J-10,São Paulo,3550308,True,,33624,,,-23.5400505,-46.5773875,,,,2,2023-06-14T05:31:26+00:00
SAO_172J-10,São Paulo,3550308,True,,33624,,,-23.537334125,-46.57809475,,,,2,2023-06-14T05:31:41+00:00
SAO_5036-10,São Paulo,3550308,True,,1666,,,-23.651166500000002,-46.6143845,,,,1,2023-06-14T05:31:07+00:00
SAO_5036-10,São Paulo,3550308,True,,1666,,,-23.634966499999997,-46.6059425,,,,1,2023-06-14T05:31:09+00:00
SAO_148L-10,São Paulo,3550308,True,,33299,,,-23.4653245,-46.6517335,,,,2,2023-06-14T05:31:30+00:00
SAO_148L-10,São Paulo,3550308,True,,33299,,,-23.4653245,-46.6517335,,,,2,2023-06-14T05:31:39+00:00
SAO_148L-10,São Paulo,3550308,True,,33299,,,-23.454971999999998,-46.6523675,,,,2,2023-06-14T05:31:29+00:00
SAO_148L-10,São Paulo,3550308,True,,33299,,,-23.4753245,-46.6590505,,,,2,2023-06-14T05:31:07+00:00
SAO_148L-10,São Paulo,3550308,True,,33299,,,-23.4653245,-46.6517335,,,,2,2023-06-14T05:31:18+00:00
SAO_148L-10,São Paulo,3550308,True,,33299,,,-23.46433675,-46.65358325,,,,2,2023-06-14T05:31:23+00:00
SAO_148L-10,São Paulo,3550308,True,,33299,,,-23.465820625,-46.6515105,,,,2,2023-06-14T05:31:28+00:00
SAO_148L-10,São Paulo,3550308,True,,33299,,,-23.4656105,-46.6516035,,,,2,2023-06-14T05:31:30+00:00
SAO_148L-10,São Paulo,3550308,True,,33299,,,-23.465025999999998,-46.65187775,,,,2,2023-06-14T05:31:28+00:00
SAO_148L-10,São Paulo,3550308,True,,33299,,,-23.504489749999998,-46.67995675,,,,2,2023-06-14T05:31:43+00:00
SAO_4716-10,São Paulo,3550308,True,,1106,,,-23.601743,-46.601547,,,,1,2023-06-14T05:31:05+00:00
SAO_4716-10,São Paulo,3550308,True,,1106,,,-23.613049,-46.6218425,,,,1,2023-06-14T05:31:05+00:00
SAO_4716-10,São Paulo,3550308,True,,1106,,,-23.5996435,-46.636989,,,,1,2023-06-14T05:31:12+00:00
SAO_4718-10,São Paulo,3550308,True,EMTU,336,https://moovitapp.com/index/pt-br/transporte_p%C3%BAblico-line-336-Sao_Paulo-242-2038937-36419421-0,4.8,-23.6178485,-46.618297,,,,1,2023-06-14T05:31:06+00:00
SAO_4718-10,São Paulo,3550308,True,EMTU,336,https://moovitapp.com/index/pt-br/transporte_p%C3%BAblico-line-336-Sao_Paulo-242-2038937-36419421-0,4.8,-23.657176,-46.613479999999996,,,,1,2023-06-14T05:31:46+00:00
SAO_6045-10,São Paulo,3550308,True,,1222,,,-23.6945445,-46.794182,,,,1,2023-06-14T05:31:21+00:00
SAO_6045-10,São Paulo,3550308,True,,1222,,,-23.694674999999997,-46.793941000000004,,,,1,2023-06-14T05:31:37+00:00
SAO_6045-10,São Paulo,3550308,True,,1222,,,-23.69435,-46.794564,,,,1,2023-06-14T05:31:04+00:00
SAO_6045-10,São Paulo,3550308,True,,1222,,,-23.694674999999997,-46.793941000000004,,,,1,2023-06-14T05:31:48+00:00
SAO_6045-10,São Paulo,3550308,True,,1222,,,-23.69435,-46.794564,,,,1,2023-06-14T05:31:11+00:00
SAO_6045-10,São Paulo,3550308,True,,1222,,,-23.6498405,-46.707801,,,,1,2023-06-14T05:31:30+00:00
SAO_6045-10,São Paulo,3550308,True,,1222,,,-23.668696,-46.7730905,,,,1,2023-06-14T05:31:33+00:00
SAO_6045-10,São Paulo,3550308,True,,1222,,,-23.694674999999997,-46.793941000000004,,,,1,2023-06-14T05:31:23+00:00
SAO_6045-10,São Paulo,3550308,True,,1222,,,-23.6945995,-46.794075500000005,,,,1,2023-06-14T05:31:10+00:00
SAO_3762-10,São Paulo,3550308,True,,33821,,,-23.546781625,-46.55560675,,,,2,2023-06-14T05:31:45+00:00
SAO_3762-10,São Paulo,3550308,True,,33821,,,-23.5763095,-46.518285,,,,2,2023-06-14T05:26:20+00:00
SAO_3762-10,São Paulo,3550308,True,,33821,,,-23.564736500000002,-46.545368499999995,,,,2,2023-06-14T05:31:23+00:00
SAO_3762-10,São Paulo,3550308,True,,33821,,,-23.5495425,-46.548421375,,,,2,2023-06-14T05:31:28+00:00
SAO_609J-10,São Paulo,3550308,True,,35010,,,-23.6278265,-46.643551,,,,2,2023-06-14T05:31:43+00:00
SAO_609J-10,São Paulo,3550308,True,,35010,,,-23.62553725,-46.6404665,,,,2,2023-06-14T05:31:07+00:00
SAO_971T-10,São Paulo,3550308,True,,33386,,,-23.489092999999997,-46.665768,,,,2,2023-06-14T05:31:15+00:00
SAO_971T-10,São Paulo,3550308,True,,33386,,,-23.4939125,-46.674904,,,,2,2023-06-14T05:31:39+00:00
SAO_407A-10,São Paulo,3550308,True,,2194,,,-23.542392999999997,-46.616875500000006,,,,1,2023-06-14T05:31:04+00:00
SAO_407A-10,São Paulo,3550308,True,,2194,,,-23.540216,-46.61209975,,,,1,2023-06-14T05:31:04+00:00
SAO_407A-10,São Paulo,3550308,True,,2194,,,-23.56305875,-46.549729,,,,1,2023-06-14T05:31:10+00:00
SAO_407A-10,São Paulo,3550308,True,,2194,,,-23.5631345,-46.501291499999994,,,,1,2023-06-14T05:31:24+00:00
SAO_407A-10,São Paulo,3550308,True,,2194,,,-23.564146,-46.504219500000005,,,,1,2023-06-14T05:31:40+00:00
SAO_4007-10,São Paulo,3550308,True,,2181,,,-23.565451,-46.3961775,,,,1,2023-06-14T05:31:38+00:00
SAO_4007-10,São Paulo,3550308,True,,2181,,,-23.565759,-46.3995245,,,,1,2023-06-14T05:31:11+00:00
SAO_4007-10,São Paulo,3550308,True,,2181,,,-23.5515545,-46.46403275,,,,1,2023-06-14T05:31:34+00:00
SAO_4007-10,São Paulo,3550308,True,,2181,,,-23.557861,-46.522673,,,,1,2023-06-14T05:31:44+00:00
SAO_4113-10,São Paulo,3550308,True,,768,,,-23.553307,-46.6332235,,,,1,2023-06-14T05:31:07+00:00
SAO_4113-10,São Paulo,3550308,True,,768,,,-23.545339499999997,-46.635621,,,,1,2023-06-14T05:31:41+00:00
SAO_4113-10,São Paulo,3550308,True,,768,,,-23.56566925,-46.631097000000004,,,,1,2023-06-14T05:31:20+00:00
SAO_4113-10,São Paulo,3550308,True,,768,,,-23.5694545,-46.62651375,,,,1,2023-06-14T05:31:45+00:00
SAO_4113-10,São Paulo,3550308,True,,768,,,-23.551519499999998,-46.6324345,,,,1,2023-06-14T05:31:43+00:00
SAO_4113-10,São Paulo,3550308,True,,768,,,-23.5997415,-46.6094625,,,,1,2023-06-14T05:31:29+00:00
SAO_4113-10,São Paulo,3550308,True,,768,,,-23.59137775,-46.61025074999999,,,,1,2023-06-14T05:31:15+00:00
SAO_4113-10,São Paulo,3550308,True,,768,,,-23.592658125,-46.610139625,,,,1,2023-06-14T05:31:44+00:00
SAO_4113-10,São Paulo,3550308,True,,768,,,-23.59137775,-46.61025074999999,,,,1,2023-06-14T05:31:11+00:00
SAO_938L-10,São Paulo,3550308,True,,34136,,,-23.5005185,-46.68631524999999,,,,2,2023-06-14T05:31:35+00:00
SAO_8055-51,São Paulo,3550308,True,EMTU,417,https://moovitapp.com/index/pt-br/transporte_p%C3%BAblico-line-417-Sao_Paulo-242-2038937-36419474-0,5.2,-23.419503,-46.7858465,,,,1,2023-06-14T05:31:41+00:00
SAO_8055-51,São Paulo,3550308,True,EMTU,417,https://moovitapp.com/index/pt-br/transporte_p%C3%BAblico-line-417-Sao_Paulo-242-2038937-36419474-0,5.2,-23.524974375,-46.691024875,,,,1,2023-06-14T05:31:14+00:00
SAO_8055-51,São Paulo,3550308,True,EMTU,417,https://moovitapp.com/index/pt-br/transporte_p%C3%BAblico-line-417-Sao_Paulo-242-2038937-36419474-0,5.2,-23.443168625,-46.786857,,,,1,2023-06-14T05:31:41+00:00
SAO_118C-10,São Paulo,3550308,True,,33287,,,-23.470672,-46.65263,,,,2,2023-06-14T05:31:32+00:00
SAO_118C-10,São Paulo,3550308,True,,33287,,,-23.4579625,-46.67248,,,,2,2023-06-14T05:31:33+00:00
SAO_118C-10,São Paulo,3550308,True,,33287,,,-23.5385375,-46.6486515,,,,2,2023-06-14T05:31:25+00:00
SAO_118C-10,São Paulo,3550308,True,,33287,,,-23.50798675,-46.624788499999994,,,,2,2023-06-14T05:31:37+00:00
SAO_7049-10,São Paulo,3550308,True,,1912,,,-23.658069,-46.7754705,,,,1,2023-06-14T05:31:29+00:00
SAO_7049-10,São Paulo,3550308,True,,1912,,,-23.7116535,-46.777972,,,,1,2023-06-14T05:31:32+00:00
SAO_7049-10,São Paulo,3550308,True,,1912,,,-23.7116535,-46.777972,,,,1,2023-06-14T05:31:18+00:00
SAO_7049-10,São Paulo,3550308,True,,1912,,,-23.7116535,-46.777972,,,,1,2023-06-14T05:31:38+00:00
SAO_7049-10,São Paulo,3550308,True,,1912,,,-23.7116535,-46.777972,,,,1,2023-06-14T05:31:35+00:00
SAO_7049-10,São Paulo,3550308,True,,1912,,,-23.690655,-46.774251500000005,,,,1,2023-06-14T05:31:23+00:00
SAO_7049-10,São Paulo,3550308,True,,1912,,,-23.7116535,-46.777972,,,,1,2023-06-14T05:31:37+00:00
SAO_7049-10,São Paulo,3550308,True,,1912,,,-23.7116535,-46.777972,,,,1,2023-06-14T05:31:36+00:00
SAO_5143-10,São Paulo,3550308,True,,1628,,,-23.614242,-46.501176,,,,1,2023-06-14T05:31:26+00:00
SAO_3021-10,São Paulo,3550308,True,,33044,,,-23.587554,-46.54402975,,,,2,2023-06-14T05:31:19+00:00
SAO_8199-10,São Paulo,3550308,True,,33575,,,-23.4881275,-46.7275635,,,,2,2023-06-14T05:31:44+00:00
SAO_8199-10,São Paulo,3550308,True,,33575,,,-23.4986715,-46.698163,,,,2,2023-06-14T05:31:09+00:00
SAO_8199-10,São Paulo,3550308,True,,33575,,,-23.47520075,-46.665144,,,,2,2023-06-14T05:31:05+00:00
SAO_8199-10,São Paulo,3550308,True,,33575,,,-23.468867000000003,-46.7510885,,,,2,2023-06-14T05:31:16+00:00
SAO_8050-31,São Paulo,3550308,True,,33183,,,-23.4246655,-46.788027,,,,2,2023-06-14T05:31:10+00:00
SAO_8050-31,São Paulo,3550308,True,,33183,,,-23.514042500000002,-46.726122000000004,,,,2,2023-06-14T05:31:37+00:00
SAO_6232-10,São Paulo,3550308,True,,33251,,,-23.563485625,-46.69804375,,,,2,2023-06-14T05:31:36+00:00
SAO_4709-10,São Paulo,3550308,True,,333,,,-23.653377,-46.6069295,,,,1,2023-06-14T05:31:18+00:00
SAO_4709-10,São Paulo,3550308,True,,333,,,-23.653377,-46.6069295,,,,1,2023-06-14T05:31:16+00:00
SAO_4709-10,São Paulo,3550308,True,,333,,,-23.653377,-46.6069295,,,,1,2023-06-14T05:31:11+00:00
SAO_4709-10,São Paulo,3550308,True,,333,,,-23.63409125,-46.6055705,,,,1,2023-06-14T05:31:18+00:00
SAO_4709-10,São Paulo,3550308,True,,333,,,-23.653377,-46.6069295,,,,1,2023-06-14T05:31:11+00:00
SAO_4709-10,São Paulo,3550308,True,,333,,,-23.653377,-46.6069295,,,,1,2023-06-14T05:31:44+00:00
SAO_874T-10,São Paulo,3550308,True,EMTU,307,https://moovitapp.com/index/pt-br/transporte_p%C3%BAblico-line-307-Sao_Paulo-242-2038937-36419399-0,5.2,-23.53774775,-46.652840749999996,,,,1,2023-06-14T05:31:41+00:00
SAO_874T-10,São Paulo,3550308,True,EMTU,307,https://moovitapp.com/index/pt-br/transporte_p%C3%BAblico-line-307-Sao_Paulo-242-2038937-36419399-0,5.2,-23.56777075,-46.623321125000004,,,,1,2023-06-14T05:31:27+00:00
SAO_874T-10,São Paulo,3550308,True,EMTU,307,https://moovitapp.com/index/pt-br/transporte_p%C3%BAblico-line-307-Sao_Paulo-242-2038937-36419399-0,5.2,-23.5191865,-46.707478,,,,1,2023-06-14T05:31:39+00:00
SAO_5145-10,São Paulo,3550308,True,,34409,,,-23.584799,-46.522501,,,,2,2023-06-14T05:31:17+00:00
SAO_7062-10,São Paulo,3550308,True,,34666,,,-23.646465,-46.772504,,,,2,2023-06-14T05:31:39+00:00
SAO_7062-10,São Paulo,3550308,True,,34666,,,-23.641876500000002,-46.7664805,,,,2,2023-06-14T05:31:06+00:00
SAO_7062-10,São Paulo,3550308,True,,34666,,,-23.6459635,-46.772086,,,,2,2023-06-14T05:31:03+00:00
SAO_5107-10,São Paulo,3550308,True,,1659,,,-23.541373,-46.634491,,,,1,2023-06-14T05:31:19+00:00
SAO_5107-10,São Paulo,3550308,True,,1659,,,-23.6033435,-46.602573,,,,1,2023-06-14T05:31:12+00:00
SAO_6835-31,São Paulo,3550308,True,,34175,,,-23.688822000000002,-46.799983499999996,,,,2,2023-06-14T05:31:41+00:00
SAO_6835-31,São Paulo,3550308,True,,34175,,,-23.6550385,-46.761806,,,,2,2023-06-14T05:31:46+00:00
SAO_6034-10,São Paulo,3550308,True,,32863,,,-23.7530115,-46.6886865,,,,2,2023-06-14T05:31:17+00:00
SAO_6034-10,São Paulo,3550308,True,,32863,,,-23.747656499999998,-46.6691325,,,,2,2023-06-14T05:31:40+00:00
SAO_7245-10,São Paulo,3550308,True,,33131,,,-23.595878499999998,-46.6875675,,,,2,2023-06-14T05:31:13+00:00
SAO_7245-10,São Paulo,3550308,True,,33131,,,-23.54849225,-46.656468624999995,,,,2,2023-06-14T05:31:48+00:00
SAO_7245-10,São Paulo,3550308,True,,33131,,,-23.623034750000002,-46.69963249999999,,,,2,2023-06-14T05:31:21+00:00
SAO_3787-10,São Paulo,3550308,True,,1612,,,-23.5941455,-46.4230125,,,,1,2023-06-14T05:31:14+00:00
SAO_3787-10,São Paulo,3550308,True,,1612,,,-23.58169475,-46.44217775,,,,1,2023-06-14T05:31:22+00:00
SAO_3787-10,São Paulo,3550308,True,,1612,,,-23.5601775,-46.4455895,,,,1,2023-06-14T05:31:26+00:00
SAO_3787-10,São Paulo,3550308,True,,1612,,,-23.546198500000003,-46.461079999999995,,,,1,2023-06-14T05:31:04+00:00
SAO_3787-10,São Paulo,3550308,True,,1612,,,-23.542410500000003,-46.4699315,,,,1,2023-06-14T05:31:04+00:00
SAO_3787-10,São Paulo,3550308,True,,1612,,,-23.563545,-46.446155,,,,1,2023-06-14T05:31:07+00:00
SAO_3787-10,São Paulo,3550308,True,,1612,,,-23.5884755,-46.4102885,,,,1,2023-06-14T05:31:49+00:00
SAO_3787-10,São Paulo,3550308,True,,1612,,,-23.5629695,-46.44609975,,,,1,2023-06-14T05:31:15+00:00
SAO_5119-10,São Paulo,3550308,True,,1,,,-23.586769500000003,-46.6903145,,,,1,2023-06-14T05:31:35+00:00
SAO_5119-10,São Paulo,3550308,True,,1,,,-23.649305,-46.7523525,,,,1,2023-06-14T05:31:38+00:00
SAO_5119-10,São Paulo,3550308,True,,1,,,-23.552288499999996,-46.63682875000001,,,,1,2023-06-14T05:31:42+00:00
SAO_5119-10,São Paulo,3550308,True,,1,,,-23.6218125,-46.7335165,,,,1,2023-06-14T05:31:04+00:00
SAO_5119-10,São Paulo,3550308,True,,1,,,-23.649198,-46.7526175,,,,1,2023-06-14T05:31:45+00:00
SAO_6037-10,São Paulo,3550308,True,,33983,,,-23.64887075,-46.78563725,,,,2,2023-06-14T05:31:16+00:00
SAO_6037-10,São Paulo,3550308,True,,33983,,,-23.64904925,-46.78534475,,,,2,2023-06-14T05:31:15+00:00
SAO_6037-10,São Paulo,3550308,True,,33983,,,-23.64887075,-46.78563725,,,,2,2023-06-14T05:31:47+00:00
SAO_6037-10,São Paulo,3550308,True,,33983,,,-23.643584250000004,-46.73323425,,,,2,2023-06-14T05:31:46+00:00
SAO_6037-10,São Paulo,3550308,True,,33983,,,-23.648520750000003,-46.78621425,,,,2,2023-06-14T05:31:43+00:00
SAO_6037-10,São Paulo,3550308,True,,33983,,,-23.64904925,-46.78534475,,,,2,2023-06-14T05:31:16+00:00
SAO_6037-10,São Paulo,3550308,True,,33983,,,-23.648692250000003,-46.78592975,,,,2,2023-06-14T05:31:06+00:00
SAO_6816-10,São Paulo,3550308,True,BR7 Mobilidade,26,https://moovitapp.com/index/pt-br/transporte_p%C3%BAblico-line-26-Sao_Paulo-242-851856-577923-0,5.75,-23.653073499999998,-46.7778225,,,,1,2023-06-14T05:31:23+00:00
SAO_6816-10,São Paulo,3550308,True,BR7 Mobilidade,26,https://moovitapp.com/index/pt-br/transporte_p%C3%BAblico-line-26-Sao_Paulo-242-851856-577923-0,5.75,-23.6549115,-46.770806500000006,,,,1,2023-06-14T05:31:41+00:00
SAO_8001-10,São Paulo,3550308,True,,34019,,,-23.512175499999998,-46.738009999999996,,,,2,2023-06-14T05:31:24+00:00
SAO_8001-10,São Paulo,3550308,True,,34019,,,-23.502658,-46.760932499999996,,,,2,2023-06-14T05:31:44+00:00
SAO_8100-10,São Paulo,3550308,True,,34030,,,-23.4863135,-46.725455,,,,2,2023-06-14T05:31:17+00:00
SAO_8100-10,São Paulo,3550308,True,,34030,,,-23.4885585,-46.7280655,,,,2,2023-06-14T05:31:44+00:00
SAO_5100-10,São Paulo,3550308,True,,1370,,,-23.551139999999997,-46.632251499999995,,,,1,2023-06-14T05:31:41+00:00
SAO_5100-10,São Paulo,3550308,True,,1370,,,-23.5809395,-46.684903250000005,,,,1,2023-06-14T05:31:47+00:00
SAO_3006-10,São Paulo,3550308,True,,1865,,,-23.548099999999998,-46.389815,,,,1,2023-06-14T05:31:11+00:00
SAO_3006-10,São Paulo,3550308,True,,1865,,,-23.548099999999998,-46.389815,,,,1,2023-06-14T05:31:05+00:00
SAO_3006-10,São Paulo,3550308,True,,1865,,,-23.548099999999998,-46.389815,,,,1,2023-06-14T05:31:08+00:00
SAO_978T-10,São Paulo,3550308,True,,33657,,,-23.501723,-46.68985,,,,2,2023-06-14T05:31:19+00:00
SAO_978T-10,São Paulo,3550308,True,,33657,,,-23.478335,-46.690929499999996,,,,2,2023-06-14T05:31:05+00:00
SAO_978T-10,São Paulo,3550308,True,,33657,,,-23.4599865,-46.697098499999996,,,,2,2023-06-14T05:31:14+00:00
SAO_978T-10,São Paulo,3550308,True,,33657,,,-23.526874,-46.673227,,,,2,2023-06-14T05:31:01+00:00
SAO_978T-10,São Paulo,3550308,True,,33657,,,-23.461289,-46.6872475,,,,2,2023-06-14T05:31:37+00:00
SAO_978T-10,São Paulo,3550308,True,,33657,,,-23.501794500000003,-46.689585,,,,2,2023-06-14T05:31:09+00:00
SAO_8038-10,São Paulo,3550308,True,,797,,,-23.5213865,-46.733866000000006,,,,1,2023-06-14T05:31:43+00:00
SAO_573T-10,São Paulo,3550308,True,,1632,,,-23.561563125,-46.517986500000006,,,,1,2023-06-14T05:31:43+00:00
SAO_573T-10,São Paulo,3550308,True,,1632,,,-23.6023905,-46.491066,,,,1,2023-06-14T05:31:46+00:00
SAO_573T-10,São Paulo,3550308,True,,1632,,,-23.538655499999997,-46.564793,,,,1,2023-06-14T05:31:30+00:00
SAO_573T-10,São Paulo,3550308,True,,1632,,,-23.5386545,-46.565125,,,,1,2023-06-14T05:31:34+00:00
SAO_4002-10,São Paulo,3550308,True,,34945,,,-23.57247625,-46.5058975,,,,2,2023-06-14T05:31:26+00:00
SAO_4002-10,São Paulo,3550308,True,,34945,,,-23.5577225,-46.399697,,,,2,2023-06-14T05:31:11+00:00
SAO_4002-10,São Paulo,3550308,True,,34945,,,-23.55704,-46.3984605,,,,2,2023-06-14T05:31:25+00:00
SAO_4002-10,São Paulo,3550308,True,,34945,,,-23.558238,-46.399558999999996,,,,2,2023-06-14T05:31:14+00:00
SAO_4002-10,São Paulo,3550308,True,,34945,,,-23.53496625,-46.451767000000004,,,,2,2023-06-14T05:31:23+00:00
SAO_4002-10,São Paulo,3550308,True,,34945,,,-23.53314125,-46.430143625,,,,2,2023-06-14T05:26:06+00:00
SAO_3027-10,São Paulo,3550308,True,,963,,,-23.5431935,-46.4152505,,,,1,2023-06-14T05:31:25+00:00
SAO_3027-10,São Paulo,3550308,True,,963,,,-23.5431935,-46.4152505,,,,1,2023-06-14T05:31:45+00:00
SAO_3027-10,São Paulo,3550308,True,,963,,,-23.563912000000002,-46.5052585,,,,1,2023-06-14T05:31:05+00:00
SAO_3027-10,São Paulo,3550308,True,,963,,,-23.556651000000002,-46.444810000000004,,,,1,2023-06-14T05:31:48+00:00
SAO_3027-10,São Paulo,3550308,True,,963,,,-23.563912000000002,-46.5052585,,,,1,2023-06-14T05:31:21+00:00
SAO_N732-11,São Paulo,3550308,True,,35181,,,-23.690812,-46.77459,,,,2,2023-06-14T05:31:21+00:00
SAO_1786-10,São Paulo,3550308,True,,649,,,-23.45376775,-46.607023,,,,1,2023-06-14T05:31:18+00:00
SAO_1786-10,São Paulo,3550308,True,,649,,,-23.4682835,-46.616710499999996,,,,1,2023-06-14T05:30:47+00:00
SAO_971X-10,São Paulo,3550308,True,,34463,,,-23.50308,-46.6253845,,,,2,2023-06-14T05:31:43+00:00
SAO_971X-10,São Paulo,3550308,True,,34463,,,-23.497191875000002,-46.63643275,,,,2,2023-06-14T05:31:20+00:00
SAO_1772-10,São Paulo,3550308,True,,33403,,,-23.4350765,-46.581492999999995,,,,2,2023-06-14T05:31:11+00:00
SAO_1772-10,São Paulo,3550308,True,,33403,,,-23.435150999999998,-46.581629,,,,2,2023-06-14T05:31:21+00:00
SAO_1772-10,São Paulo,3550308,True,,33403,,,-23.440286,-46.5750605,,,,2,2023-06-14T05:31:15+00:00
SAO_1772-10,São Paulo,3550308,True,,33403,,,-23.434998,-46.5813665,,,,2,2023-06-14T05:30:11+00:00
SAO_1896-10,São Paulo,3550308,True,,2520,,,-23.5092315,-46.7216705,,,,1,2023-06-14T05:31:31+00:00
SAO_1896-10,São Paulo,3550308,True,,2520,,,-23.4831455,-46.740826999999996,,,,1,2023-06-14T05:31:24+00:00
SAO_1896-10,São Paulo,3550308,True,,2520,,,-23.528008,-46.6709235,,,,1,2023-06-14T05:31:47+00:00
SAO_8549-10,São Paulo,3550308,True,EMTU,580,https://moovitapp.com/index/pt-br/transporte_p%C3%BAblico-line-580-Sao_Paulo-242-2038937-36419570-0,7.55,-23.5414745,-46.638814499999995,,,,1,2023-06-14T05:31:11+00:00
SAO_8549-10,São Paulo,3550308,True,EMTU,580,https://moovitapp.com/index/pt-br/transporte_p%C3%BAblico-line-580-Sao_Paulo-242-2038937-36419570-0,7.55,-23.436121,-46.7174615,,,,1,2023-06-14T05:31:03+00:00
SAO_8549-10,São Paulo,3550308,True,EMTU,580,https://moovitapp.com/index/pt-br/transporte_p%C3%BAblico-line-580-Sao_Paulo-242-2038937-36419570-0,7.55,-23.501570875,-46.694356125,,,,1,2023-06-14T05:31:14+00:00
SAO_8549-10,São Paulo,3550308,True,EMTU,580,https://moovitapp.com/index/pt-br/transporte_p%C3%BAblico-line-580-Sao_Paulo-242-2038937-36419570-0,7.55,-23.436998,-46.717544375,,,,1,2023-06-14T05:31:42+00:00
SAO_8549-10,São Paulo,3550308,True,EMTU,580,https://moovitapp.com/index/pt-br/transporte_p%C3%BAblico-line-580-Sao_Paulo-242-2038937-36419570-0,7.55,-23.4680295,-46.6775685,,,,1,2023-06-14T05:31:28+00:00
SAO_8549-10,São Paulo,3550308,True,EMTU,580,https://moovitapp.com/index/pt-br/transporte_p%C3%BAblico-line-580-Sao_Paulo-242-2038937-36419570-0,7.55,-23.542839999999998,-46.6362885,,,,1,2023-06-14T05:31:30+00:00
SAO_8549-10,São Paulo,3550308,True,EMTU,580,https://moovitapp.com/index/pt-br/transporte_p%C3%BAblico-line-580-Sao_Paulo-242-2038937-36419570-0,7.55,-23.53875625,-46.64681725,,,,1,2023-06-14T05:31:29+00:00
SAO_3718-10,São Paulo,3550308,True,,33781,,,-23.5452995,-46.481271750000005,,,,2,2023-06-14T05:31:27+00:00
SAO_3718-10,São Paulo,3550308,True,,33781,,,-23.540855999999998,-46.4849405,,,,2,2023-06-14T05:31:41+00:00
SAO_701A-10,São Paulo,3550308,True,,33457,,,-23.529847,-46.598688499999994,,,,2,2023-06-14T05:31:23+00:00
SAO_701A-10,São Paulo,3550308,True,,33457,,,-23.4737385,-46.565966,,,,2,2023-06-14T05:31:24+00:00
SAO_701A-10,São Paulo,3550308,True,,33457,,,-23.5474995,-46.640241,,,,2,2023-06-14T05:31:09+00:00
SAO_701A-10,São Paulo,3550308,True,,33457,,,-23.552754,-46.689258499999994,,,,2,2023-06-14T05:31:19+00:00
SAO_701A-10,São Paulo,3550308,True,,33457,,,-23.476602749999998,-46.56572625,,,,2,2023-06-14T05:31:21+00:00
SAO_3033-10,São Paulo,3550308,True,,33736,,,-23.56695375,-46.41705925,,,,2,2023-06-14T05:31:11+00:00
SAO_3033-10,São Paulo,3550308,True,,33736,,,-23.548683500000003,-46.4123445,,,,2,2023-06-14T05:31:02+00:00
SAO_2726-10,São Paulo,3550308,True,,33708,,,-23.509086,-46.4956995,,,,2,2023-06-14T05:31:04+00:00
SAO_2726-10,São Paulo,3550308,True,,33708,,,-23.5120485,-46.5011855,,,,2,2023-06-14T05:31:32+00:00
SAO_2726-10,São Paulo,3550308,True,,33708,,,-23.53209775,-46.5480615,,,,2,2023-06-14T05:31:38+00:00
SAO_2726-10,São Paulo,3550308,True,,33708,,,-23.5142095,-46.479327999999995,,,,2,2023-06-14T05:31:20+00:00
SAO_2722-10,São Paulo,3550308,True,Urubupungá,935,https://moovitapp.com/index/pt-br/transporte_p%C3%BAblico-line-935-Sao_Paulo-242-873835-76437456-0,4.6,-23.511811,-46.5014105,,,,1,2023-06-14T05:31:30+00:00
SAO_2722-10,São Paulo,3550308,True,Urubupungá,935,https://moovitapp.com/index/pt-br/transporte_p%C3%BAblico-line-935-Sao_Paulo-242-873835-76437456-0,4.6,-23.489907000000002,-46.489976,,,,1,2023-06-14T05:25:49+00:00
SAO_6030-10,São Paulo,3550308,True,,1142,,,-23.741073,-46.707885000000005,,,,1,2023-06-14T05:31:28+00:00
SAO_6030-10,São Paulo,3550308,True,,1142,,,-23.70004375,-46.701075625,,,,1,2023-06-14T05:31:34+00:00
SAO_6030-10,São Paulo,3550308,True,,1142,,,-23.741073,-46.707885000000005,,,,1,2023-06-14T05:31:03+00:00
SAO_5791-10,São Paulo,3550308,True,,33375,,,-23.7026545,-46.624683,,,,2,2023-06-14T05:31:31+00:00
SAO_5791-10,São Paulo,3550308,True,,33375,,,-23.612057,-46.6379915,,,,2,2023-06-14T05:31:42+00:00
SAO_5791-10,São Paulo,3550308,True,,33375,,,-23.654470625,-46.636961,,,,2,2023-06-14T05:31:02+00:00
SAO_5791-10,São Paulo,3550308,True,,33375,,,-23.688210499999997,-46.634085,,,,2,2023-06-14T05:31:41+00:00
SAO_5791-10,São Paulo,3550308,True,,33375,,,-23.6954925,-46.64957,,,,2,2023-06-14T05:31:10+00:00
SAO_2734-10,São Paulo,3550308,True,,34528,,,-23.503872,-46.429575,,,,2,2023-06-14T05:31:15+00:00
SAO_2734-10,São Paulo,3550308,True,,34528,,,-23.528056499999998,-46.44623,,,,2,2023-06-14T05:31:35+00:00
SAO_2734-10,São Paulo,3550308,True,,34528,,,-23.541961999999998,-46.470873,,,,2,2023-06-14T05:31:05+00:00
SAO_2734-10,São Paulo,3550308,True,,34528,,,-23.511936499999997,-46.409634,,,,2,2023-06-14T05:31:27+00:00
SAO_778R-10,São Paulo,3550308,True,EMTU,509,https://moovitapp.com/index/pt-br/transporte_p%C3%BAblico-line-509-Sao_Paulo-242-2038937-36419531-0,4.95,-23.5884734375,-46.797815375,,,,1,2023-06-14T05:31:48+00:00
SAO_778R-10,São Paulo,3550308,True,EMTU,509,https://moovitapp.com/index/pt-br/transporte_p%C3%BAblico-line-509-Sao_Paulo-242-2038937-36419531-0,4.95,-23.585532999999998,-46.8056635,,,,1,2023-06-14T05:31:08+00:00
SAO_778R-10,São Paulo,3550308,True,EMTU,509,https://moovitapp.com/index/pt-br/transporte_p%C3%BAblico-line-509-Sao_Paulo-242-2038937-36419531-0,4.95,-23.585882375000004,-46.789244499999995,,,,1,2023-06-14T05:31:48+00:00
SAO_778R-10,São Paulo,3550308,True,EMTU,509,https://moovitapp.com/index/pt-br/transporte_p%C3%BAblico-line-509-Sao_Paulo-242-2038937-36419531-0,4.95,-23.548194625,-46.649595375000004,,,,1,2023-06-14T05:31:40+00:00
SAO_778R-10,São Paulo,3550308,True,EMTU,509,https://moovitapp.com/index/pt-br/transporte_p%C3%BAblico-line-509-Sao_Paulo-242-2038937-36419531-0,4.95,-23.53506275,-46.644746999999995,,,,1,2023-06-14T05:31:11+00:00
SAO_778R-10,São Paulo,3550308,True,EMTU,509,https://moovitapp.com/index/pt-br/transporte_p%C3%BAblico-line-509-Sao_Paulo-242-2038937-36419531-0,4.95,-23.584765500000003,-46.8090545,,,,1,2023-06-14T05:31:34+00:00
SAO_1705-10,São Paulo,3550308,True,,849,,,-23.4579605,-46.59347700000001,,,,1,2023-06-14T05:29:35+00:00
SAO_1705-10,São Paulo,3550308,True,,849,,,-23.434117999999998,-46.5843315,,,,1,2023-06-14T05:31:14+00:00
SAO_9166-10,São Paulo,3550308,True,,707,,,-23.458893,-46.667648,,,,1,2023-06-14T05:31:28+00:00
SAO_175P-10,São Paulo,3550308,True,,33443,,,-23.51671475,-46.653946625,,,,2,2023-06-14T05:31:09+00:00
SAO_175P-10,São Paulo,3550308,True,,33443,,,-23.554472750000002,-46.669765749999996,,,,2,2023-06-14T05:31:43+00:00
SAO_175P-10,São Paulo,3550308,True,,33443,,,-23.50252225,-46.626307,,,,2,2023-06-14T05:31:33+00:00
SAO_175P-10,São Paulo,3550308,True,,33443,,,-23.581832499999997,-46.6380255,,,,2,2023-06-14T05:31:34+00:00
SAO_175P-10,São Paulo,3550308,True,,33443,,,-23.502966999999998,-46.6260415,,,,2,2023-06-14T05:31:16+00:00
SAO_746H-10,São Paulo,3550308,True,,33553,,,-23.590621499999997,-46.7373755,,,,2,2023-06-14T05:31:34+00:00
SAO_746H-10,São Paulo,3550308,True,,33553,,,-23.6120345,-46.7284655,,,,2,2023-06-14T05:31:15+00:00
SAO_2002-10,São Paulo,3550308,True,STT,711,https://moovitapp.com/index/pt-br/transporte_p%C3%BAblico-line-711-Sao_Paulo-242-850661-183340-0,5.3,-23.543206,-46.6386375,,,,1,2023-06-14T05:31:36+00:00
SAO_3064-10,São Paulo,3550308,True,,33748,,,-23.5430265,-46.4157135,,,,2,2023-06-14T05:31:14+00:00
SAO_3064-10,São Paulo,3550308,True,,33748,,,-23.544960500000002,-46.411311999999995,,,,2,2023-06-14T05:28:45+00:00
SAO_3064-10,São Paulo,3550308,True,,33748,,,-23.602252999999997,-46.3983735,,,,2,2023-06-14T05:31:10+00:00
SAO_8610-10,São Paulo,3550308,True,,34831,,,-23.584975,-46.740498,,,,2,2023-06-14T05:31:17+00:00
SAO_8610-10,São Paulo,3550308,True,,34831,,,-23.570017,-46.662004,,,,2,2023-06-14T05:31:38+00:00
SAO_8610-10,São Paulo,3550308,True,,34831,,,-23.59284,-46.800805,,,,2,2023-06-14T05:31:44+00:00
SAO_4021-10,São Paulo,3550308,True,,2548,,,-23.561562000000002,-46.446068749999995,,,,1,2023-06-14T05:31:31+00:00
SAO_4021-10,São Paulo,3550308,True,,2548,,,-23.556495124999998,-46.447555,,,,1,2023-06-14T05:31:44+00:00
SAO_4021-10,São Paulo,3550308,True,,2548,,,-23.561562000000002,-46.446068749999995,,,,1,2023-06-14T05:31:22+00:00
SAO_4021-10,São Paulo,3550308,True,,2548,,,-23.542802000000002,-46.470636,,,,1,2023-06-14T05:31:10+00:00
SAO_573T-10,São Paulo,3550308,True,,34400,,,-23.614441499999998,-46.500118,,,,2,2023-06-14T05:31:42+00:00
SAO_573T-10,São Paulo,3550308,True,,34400,,,-23.5953565,-46.4950195,,,,2,2023-06-14T05:31:48+00:00
SAO_573T-10,São Paulo,3550308,True,,34400,,,-23.542583,-46.54966025,,,,2,2023-06-14T05:31:33+00:00
SAO_573T-10,São Paulo,3550308,True,,34400,,,-23.614441499999998,-46.500118,,,,2,2023-06-14T05:31:12+00:00
SAO_573T-10,São Paulo,3550308,True,,34400,,,-23.6031415,-46.4883905,,,,2,2023-06-14T05:31:29+00:00
SAO_573T-10,São Paulo,3550308,True,,34400,,,-23.5767295,-46.50384125,,,,2,2023-06-14T05:31:10+00:00
SAO_5127-10,São Paulo,3550308,True,,1127,,,-23.7015515,-46.640887,,,,1,2023-06-14T05:31:15+00:00
SAO_5127-10,São Paulo,3550308,True,,1127,,,-23.7015515,-46.640887,,,,1,2023-06-14T05:30:55+00:00
SAO_5127-10,São Paulo,3550308,True,,1127,,,-23.7015515,-46.640887,,,,1,2023-06-14T05:30:38+00:00
SAO_5127-10,São Paulo,3550308,True,,1127,,,-23.7015515,-46.640887,,,,1,2023-06-14T05:31:34+00:00
SAO_5127-10,São Paulo,3550308,True,,1127,,,-23.699324499999996,-46.647161,,,,1,2023-06-14T05:31:30+00:00
SAO_5127-10,São Paulo,3550308,True,,1127,,,-23.7015515,-46.640887,,,,1,2023-06-14T05:31:24+00:00
SAO_5127-10,São Paulo,3550308,True,,1127,,,-23.677442999999997,-46.701724999999996,,,,1,2023-06-14T05:31:08+00:00
SAO_5127-10,São Paulo,3550308,True,,1127,,,-23.7015515,-46.640887,,,,1,2023-06-14T05:26:58+00:00
SAO_5127-10,São Paulo,3550308,True,,1127,,,-23.7015515,-46.640887,,,,1,2023-06-14T05:31:29+00:00
SAO_5127-10,São Paulo,3550308,True,,1127,,,-23.7015515,-46.640887,,,,1,2023-06-14T05:30:00+00:00
SAO_5194-10,São Paulo,3550308,True,,33037,,,-23.678338,-46.685114,,,,2,2023-06-14T05:31:17+00:00
SAO_5194-10,São Paulo,3550308,True,,33037,,,-23.61136975,-46.6561365,,,,2,2023-06-14T05:31:34+00:00
SAO_5194-10,São Paulo,3550308,True,,33037,,,-23.703401,-46.6489565,,,,2,2023-06-14T05:31:42+00:00
SAO_6028-10,São Paulo,3550308,True,,33979,,,-23.702140999999997,-46.744587499999994,,,,2,2023-06-14T05:31:36+00:00
SAO_6028-10,São Paulo,3550308,True,,33979,,,-23.692501,-46.7576015,,,,2,2023-06-14T05:31:17+00:00
SAO_6028-10,São Paulo,3550308,True,,33979,,,-23.702140999999997,-46.744587499999994,,,,2,2023-06-14T05:31:34+00:00
SAO_6028-10,São Paulo,3550308,True,,33979,,,-23.66598725,-46.7154595,,,,2,2023-06-14T05:31:45+00:00
SAO_6028-10,São Paulo,3550308,True,,33979,,,-23.702140999999997,-46.744587499999994,,,,2,2023-06-14T05:31:13+00:00
SAO_6028-10,São Paulo,3550308,True,,33979,,,-23.702140999999997,-46.744587499999994,,,,2,2023-06-14T05:31:24+00:00
SAO_6028-10,São Paulo,3550308,True,,33979,,,-23.702019,-46.7446975,,,,2,2023-06-14T05:31:43+00:00
SAO_2702-10,São Paulo,3550308,True,,33682,,,-23.495196,-46.444438000000005,,,,2,2023-06-14T05:30:29+00:00
SAO_2702-10,São Paulo,3550308,True,,33682,,,-23.495196,-46.444438000000005,,,,2,2023-06-14T05:31:34+00:00
SAO_2702-10,São Paulo,3550308,True,,33682,,,-23.499526250000002,-46.468301249999996,,,,2,2023-06-14T05:31:34+00:00
SAO_846M-10,São Paulo,3550308,True,,33190,,,-23.531573,-46.730147625,,,,2,2023-06-14T05:31:44+00:00
SAO_7054-10,São Paulo,3550308,True,,32809,,,-23.651257,-46.7909195,,,,2,2023-06-14T05:31:42+00:00
SAO_7054-10,São Paulo,3550308,True,,32809,,,-23.651447,-46.790718,,,,2,2023-06-14T05:31:11+00:00
SAO_9784-10,São Paulo,3550308,True,EMTU,827,https://moovitapp.com/index/pt-br/transporte_p%C3%BAblico-line-827-Sao_Paulo-242-2038937-36419596-0,12.1,-23.450320249999997,-46.68110299999999,,,,1,2023-06-14T05:31:33+00:00
SAO_9784-10,São Paulo,3550308,True,EMTU,827,https://moovitapp.com/index/pt-br/transporte_p%C3%BAblico-line-827-Sao_Paulo-242-2038937-36419596-0,12.1,-23.519931999999997,-46.667540375,,,,1,2023-06-14T05:31:44+00:00
SAO_9784-10,São Paulo,3550308,True,EMTU,827,https://moovitapp.com/index/pt-br/transporte_p%C3%BAblico-line-827-Sao_Paulo-242-2038937-36419596-0,12.1,-23.478199500000002,-46.6625155,,,,1,2023-06-14T05:31:13+00:00
SAO_9784-10,São Paulo,3550308,True,EMTU,827,https://moovitapp.com/index/pt-br/transporte_p%C3%BAblico-line-827-Sao_Paulo-242-2038937-36419596-0,12.1,-23.5244035,-46.667024999999995,,,,1,2023-06-14T05:31:06+00:00
SAO_6045-21,São Paulo,3550308,True,,2164,,,-23.694674999999997,-46.793941000000004,,,,1,2023-06-14T05:30:54+00:00
SAO_6045-21,São Paulo,3550308,True,,2164,,,-23.6945095,-46.7940355,,,,1,2023-06-14T05:31:35+00:00
SAO_6045-21,São Paulo,3550308,True,,2164,,,-23.696893000000003,-46.7927635,,,,1,2023-06-14T05:31:07+00:00
SAO_6045-21,São Paulo,3550308,True,,2164,,,-23.6945095,-46.7940355,,,,1,2023-06-14T05:31:15+00:00
SAO_9354-10,São Paulo,3550308,True,,33476,,,-23.51153,-46.654093125,,,,2,2023-06-14T05:31:30+00:00
SAO_9354-10,São Paulo,3550308,True,,33476,,,-23.474438499999998,-46.669928999999996,,,,2,2023-06-14T05:29:08+00:00
SAO_9354-10,São Paulo,3550308,True,,33476,,,-23.4975915,-46.65054775,,,,2,2023-06-14T05:31:15+00:00
SAO_9354-10,São Paulo,3550308,True,,33476,,,-23.541526499999996,-46.63584525,,,,2,2023-06-14T05:31:26+00:00
SAO_6046-10,São Paulo,3550308,True,,33991,,,-23.6624305,-46.769189,,,,2,2023-06-14T05:31:10+00:00
SAO_6046-10,São Paulo,3550308,True,,33991,,,-23.683948,-46.7815925,,,,2,2023-06-14T05:31:31+00:00
SAO_6046-10,São Paulo,3550308,True,,33991,,,-23.64331675,-46.734660000000005,,,,2,2023-06-14T05:31:04+00:00
SAO_8040-10,São Paulo,3550308,True,,406,,,-23.4805955,-46.7714585,,,,1,2023-06-14T05:31:07+00:00
SAO_8040-10,São Paulo,3550308,True,,406,,,-23.44202875,-46.75877125,,,,1,2023-06-14T05:31:18+00:00
SAO_8040-10,São Paulo,3550308,True,,406,,,-23.49438275,-46.76378125,,,,1,2023-06-14T05:31:39+00:00
SAO_8040-10,São Paulo,3550308,True,,406,,,-23.5244535,-46.706688,,,,1,2023-06-14T05:31:21+00:00
SAO_1782-10,São Paulo,3550308,True,,33411,,,-23.491946,-46.6248135,,,,2,2023-06-14T05:30:36+00:00
SAO_1782-10,São Paulo,3550308,True,,33411,,,-23.4762675,-46.6090345,,,,2,2023-06-14T05:31:35+00:00
SAO_1782-10,São Paulo,3550308,True,,33411,,,-23.502214000000002,-46.6235875,,,,2,2023-06-14T05:31:12+00:00
SAO_3414-10,São Paulo,3550308,True,,746,,,-23.5511505,-46.6085935,,,,1,2023-06-14T05:31:30+00:00
SAO_3737-31,São Paulo,3550308,True,,1354,,,-23.530606499999998,-46.51745699999999,,,,1,2023-06-14T05:31:42+00:00
SAO_3737-31,São Paulo,3550308,True,,1354,,,-23.535318,-46.50708375000001,,,,1,2023-06-14T05:31:47+00:00
SAO_1785-10,São Paulo,3550308,True,,1816,,,-23.4840765,-46.622665999999995,,,,1,2023-06-14T05:31:07+00:00
SAO_1759-10,São Paulo,3550308,True,,33321,,,-23.462308999999998,-46.659564,,,,2,2023-06-14T05:31:42+00:00
SAO_2059-10,São Paulo,3550308,True,,33028,,,-23.4910335,-46.441784,,,,2,2023-06-14T05:31:35+00:00
SAO_2059-10,São Paulo,3550308,True,,33028,,,-23.491016,-46.441969,,,,2,2023-06-14T05:31:26+00:00
SAO_2009-10,São Paulo,3550308,True,,898,,,-23.51560775,-46.41381975,,,,1,2023-06-14T05:31:33+00:00
SAO_2009-10,São Paulo,3550308,True,,898,,,-23.5099475,-46.413949,,,,1,2023-06-14T05:31:20+00:00
SAO_1775-10,São Paulo,3550308,True,,33406,,,-23.476931999999998,-46.6322265,,,,2,2023-06-14T05:31:06+00:00
SAO_8544-10,São Paulo,3550308,True,,33198,,,-23.515252500000003,-46.695087,,,,2,2023-06-14T05:31:42+00:00
SAO_8544-10,São Paulo,3550308,True,,33198,,,-23.441454,-46.745452,,,,2,2023-06-14T05:31:48+00:00
SAO_677V-10,São Paulo,3550308,True,,32880,,,-23.7443095,-46.709995500000005,,,,2,2023-06-14T05:31:12+00:00
SAO_677V-10,São Paulo,3550308,True,,32880,,,-23.7281375,-46.704094,,,,2,2023-06-14T05:31:42+00:00
SAO_272N-10,São Paulo,3550308,True,,705,,,-23.533626124999998,-46.614151625,,,,1,2023-06-14T05:31:02+00:00
SAO_3712-10,São Paulo,3550308,True,,1009,,,-23.551171500000002,-46.425402500000004,,,,1,2023-06-14T05:31:44+00:00
SAO_3712-10,São Paulo,3550308,True,,1009,,,-23.5525595,-46.4257145,,,,1,2023-06-14T05:31:46+00:00
SAO_3712-10,São Paulo,3550308,True,,1009,,,-23.542745500000002,-46.470704,,,,1,2023-06-14T05:31:41+00:00
SAO_3712-10,São Paulo,3550308,True,,1009,,,-23.543429,-46.464350499999995,,,,1,2023-06-14T05:31:24+00:00
SAO_3712-10,São Paulo,3550308,True,,1009,,,-23.5525595,-46.4257145,,,,1,2023-06-14T05:31:32+00:00
SAO_3712-10,São Paulo,3550308,True,,1009,,,-23.5525595,-46.4257145,,,,1,2023-06-14T05:31:44+00:00
SAO_7053-10,São Paulo,3550308,True,,34655,,,-23.648116,-46.791214,,,,2,2023-06-14T05:31:23+00:00
SAO_7053-10,São Paulo,3550308,True,,34655,,,-23.653941000000003,-46.78870825,,,,2,2023-06-14T05:31:06+00:00
SAO_7053-10,São Paulo,3550308,True,,34655,,,-23.653941000000003,-46.78870825,,,,2,2023-06-14T05:31:31+00:00
SAO_7053-10,São Paulo,3550308,True,,34655,,,-23.653941000000003,-46.78870825,,,,2,2023-06-14T05:31:38+00:00
SAO_7053-10,São Paulo,3550308,True,,34655,,,-23.653941000000003,-46.78870825,,,,2,2023-06-14T05:31:16+00:00
SAO_7053-10,São Paulo,3550308,True,,34655,,,-23.653941000000003,-46.78870825,,,,2,2023-06-14T05:31:23+00:00
SAO_7053-10,São Paulo,3550308,True,,34655,,,-23.653941000000003,-46.78870825,,,,2,2023-06-14T05:31:30+00:00
SAO_3024-10,São Paulo,3550308,True,,33045,,,-23.600451,-46.537202,,,,2,2023-06-14T05:31:17+00:00
SAO_9020-10,São Paulo,3550308,True,,1434,,,-23.482273499999998,-46.723265999999995,,,,1,2023-06-14T05:31:44+00:00
SAO_971C-10,São Paulo,3550308,True,,33339,,,-23.448803499999997,-46.710332,,,,2,2023-06-14T05:31:05+00:00
SAO_971C-10,São Paulo,3550308,True,,33339,,,-23.4491315,-46.7098465,,,,2,2023-06-14T05:31:36+00:00
SAO_971C-10,São Paulo,3550308,True,,33339,,,-23.473441,-46.66831725,,,,2,2023-06-14T05:31:34+00:00
SAO_971C-10,São Paulo,3550308,True,,33339,,,-23.4503195,-46.7003875,,,,2,2023-06-14T05:31:18+00:00
SAO_971C-10,São Paulo,3550308,True,,33339,,,-23.4491315,-46.7098465,,,,2,2023-06-14T05:31:06+00:00
SAO_3739-10,São Paulo,3550308,True,,33807,,,-23.615769,-46.4181995,,,,2,2023-06-14T05:31:20+00:00
SAO_3739-10,São Paulo,3550308,True,,33807,,,-23.595441,-46.4455795,,,,2,2023-06-14T05:31:40+00:00
SAO_3739-10,São Paulo,3550308,True,,33807,,,-23.61229,-46.416155,,,,2,2023-06-14T05:31:34+00:00
SAO_3739-10,São Paulo,3550308,True,,33807,,,-23.5498035,-46.4621065,,,,2,2023-06-14T05:31:25+00:00
SAO_3795-10,São Paulo,3550308,True,,1073,,,-23.545722875,-46.453399000000005,,,,1,2023-06-14T05:31:19+00:00
SAO_707A-10,São Paulo,3550308,True,,34758,,,-23.692594,-46.777992,,,,2,2023-06-14T05:31:42+00:00
SAO_707A-10,São Paulo,3550308,True,,34758,,,-23.6081675,-46.666203249999995,,,,2,2023-06-14T05:31:24+00:00
SAO_707A-10,São Paulo,3550308,True,,34758,,,-23.667395499999998,-46.729535,,,,2,2023-06-14T05:31:28+00:00
SAO_707A-10,São Paulo,3550308,True,,34758,,,-23.692423,-46.7776975,,,,2,2023-06-14T05:31:32+00:00
SAO_675I-10,São Paulo,3550308,True,,32836,,,-23.643936,-46.732529,,,,2,2023-06-14T05:31:22+00:00
SAO_675I-10,São Paulo,3550308,True,,32836,,,-23.609587249999997,-46.65190025,,,,2,2023-06-14T05:31:48+00:00
SAO_675I-10,São Paulo,3550308,True,,32836,,,-23.643911000000003,-46.733135000000004,,,,2,2023-06-14T05:31:35+00:00
SAO_8610-10,São Paulo,3550308,True,,2063,,,-23.602598999999998,-46.782628,,,,1,2023-06-14T05:31:26+00:00
SAO_8610-10,São Paulo,3550308,True,,2063,,,-23.57703,-46.6713885,,,,1,2023-06-14T05:31:34+00:00
SAO_6418-10,São Paulo,3550308,True,,771,,,-23.61399525,-46.702613625,,,,1,2023-06-14T05:31:10+00:00
SAO_1178-31,São Paulo,3550308,True,,34580,,,-23.493579750000002,-46.44058475,,,,2,2023-06-14T05:31:41+00:00
SAO_1178-31,São Paulo,3550308,True,,34580,,,-23.483373,-46.469578,,,,2,2023-06-14T05:31:25+00:00
SAO_1178-31,São Paulo,3550308,True,,34580,,,-23.514047750000003,-46.545876625000005,,,,2,2023-06-14T05:31:04+00:00
SAO_1178-31,São Paulo,3550308,True,,34580,,,-23.54047,-46.633945999999995,,,,2,2023-06-14T05:30:57+00:00
SAO_2730-10,São Paulo,3550308,True,Urubupungá,945,https://moovitapp.com/index/pt-br/transporte_p%C3%BAblico-line-945-Sao_Paulo-242-873835-75841138-0,4.6,-23.540062499999998,-46.482594375,,,,1,2023-06-14T05:31:24+00:00
SAO_2730-10,São Paulo,3550308,True,Urubupungá,945,https://moovitapp.com/index/pt-br/transporte_p%C3%BAblico-line-945-Sao_Paulo-242-873835-75841138-0,4.6,-23.508934500000002,-46.447211249999995,,,,1,2023-06-14T05:31:29+00:00
SAO_2730-10,São Paulo,3550308,True,Urubupungá,945,https://moovitapp.com/index/pt-br/transporte_p%C3%BAblico-line-945-Sao_Paulo-242-873835-75841138-0,4.6,-23.539782000000002,-46.482977500000004,,,,1,2023-06-14T05:31:40+00:00
SAO_2730-10,São Paulo,3550308,True,Urubupungá,945,https://moovitapp.com/index/pt-br/transporte_p%C3%BAblico-line-945-Sao_Paulo-242-873835-75841138-0,4.6,-23.52157075,-46.46873475,,,,1,2023-06-14T05:31:22+00:00
SAO_6913-10,São Paulo,3550308,True,,34233,,,-23.76714475,-46.71695750000001,,,,2,2023-06-14T05:31:21+00:00
SAO_6913-10,São Paulo,3550308,True,,34233,,,-23.7673435,-46.7169365,,,,2,2023-06-14T05:31:42+00:00
SAO_6913-10,São Paulo,3550308,True,,34233,,,-23.5986035,-46.674003,,,,2,2023-06-14T05:31:25+00:00
SAO_6913-10,São Paulo,3550308,True,,34233,,,-23.738153,-46.700427000000005,,,,2,2023-06-14T05:31:47+00:00
SAO_6913-10,São Paulo,3550308,True,,34233,,,-23.658461,-46.7064735,,,,2,2023-06-14T05:31:15+00:00
SAO_6016-41,São Paulo,3550308,True,,34474,,,-23.7401655,-46.691473,,,,2,2023-06-14T05:31:41+00:00
SAO_6016-41,São Paulo,3550308,True,,34474,,,-23.7745565,-46.675799,,,,2,2023-06-14T05:31:40+00:00
SAO_746K-10,São Paulo,3550308,True,,33555,,,-23.61681825,-46.711477875,,,,2,2023-06-14T05:31:09+00:00
SAO_746K-10,São Paulo,3550308,True,,33555,,,-23.617283375,-46.68392125,,,,2,2023-06-14T05:31:39+00:00
SAO_2175-10,São Paulo,3550308,True,,33465,,,-23.507701500000003,-46.578309000000004,,,,2,2023-06-14T05:31:18+00:00
SAO_175T-10,São Paulo,3550308,True,,623,,,-23.6539315,-46.637958,,,,1,2023-06-14T05:31:26+00:00
SAO_175T-10,São Paulo,3550308,True,,623,,,-23.653136,-46.6373365,,,,1,2023-06-14T05:31:35+00:00
SAO_175T-10,São Paulo,3550308,True,,623,,,-23.54261975,-46.63521125,,,,1,2023-06-14T05:31:32+00:00
SAO_175T-10,São Paulo,3550308,True,,623,,,-23.60118775,-46.6514405,,,,1,2023-06-14T05:31:37+00:00
SAO_9014-10,São Paulo,3550308,True,,1425,,,-23.5152575,-46.6954555,,,,1,2023-06-14T05:31:38+00:00
SAO_9014-10,São Paulo,3550308,True,,1425,,,-23.47469,-46.7083305,,,,1,2023-06-14T05:31:42+00:00
SAO_675K-10,São Paulo,3550308,True,EMTU,198,https://moovitapp.com/index/pt-br/transporte_p%C3%BAblico-line-198-Sao_Paulo-242-2038937-59811937-0,6.35,-23.690517,-46.7737425,,,,1,2023-06-14T05:31:28+00:00
SAO_675K-10,São Paulo,3550308,True,EMTU,198,https://moovitapp.com/index/pt-br/transporte_p%C3%BAblico-line-198-Sao_Paulo-242-2038937-59811937-0,6.35,-23.67163175,-46.7409715,,,,1,2023-06-14T05:31:27+00:00
SAO_675K-10,São Paulo,3550308,True,EMTU,198,https://moovitapp.com/index/pt-br/transporte_p%C3%BAblico-line-198-Sao_Paulo-242-2038937-59811937-0,6.35,-23.611075999999997,-46.669148,,,,1,2023-06-14T05:31:07+00:00
SAO_675K-10,São Paulo,3550308,True,EMTU,198,https://moovitapp.com/index/pt-br/transporte_p%C3%BAblico-line-198-Sao_Paulo-242-2038937-59811937-0,6.35,-23.665815000000002,-46.7117615,,,,1,2023-06-14T05:31:24+00:00
SAO_675K-10,São Paulo,3550308,True,EMTU,198,https://moovitapp.com/index/pt-br/transporte_p%C3%BAblico-line-198-Sao_Paulo-242-2038937-59811937-0,6.35,-23.689673,-46.773585499999996,,,,1,2023-06-14T05:31:06+00:00
SAO_675K-10,São Paulo,3550308,True,EMTU,198,https://moovitapp.com/index/pt-br/transporte_p%C3%BAblico-line-198-Sao_Paulo-242-2038937-59811937-0,6.35,-23.596709,-46.647362875,,,,1,2023-06-14T05:31:38+00:00
SAO_274P-10,São Paulo,3550308,True,,33000,,,-23.523171750000003,-46.544194250000004,,,,2,2023-06-14T05:29:52+00:00
SAO_274P-10,São Paulo,3550308,True,,33000,,,-23.512736500000003,-46.530539000000005,,,,2,2023-06-14T05:31:12+00:00
SAO_274P-10,São Paulo,3550308,True,,33000,,,-23.575655124999997,-46.62339075,,,,2,2023-06-14T05:31:27+00:00
SAO_2756-10,São Paulo,3550308,True,,33006,,,-23.5444265,-46.390927,,,,2,2023-06-14T05:31:20+00:00
SAO_2756-10,São Paulo,3550308,True,,33006,,,-23.527684,-46.4178605,,,,2,2023-06-14T05:31:27+00:00
SAO_3031-10,São Paulo,3550308,True,,33735,,,-23.6126845,-46.4445915,,,,2,2023-06-14T05:31:29+00:00
SAO_3031-10,São Paulo,3550308,True,,33735,,,-23.571554,-46.450586,,,,2,2023-06-14T05:31:26+00:00
SAO_2033-10,São Paulo,3550308,True,,35267,,,-23.512845,-46.585291,,,,2,2023-06-14T05:31:20+00:00
SAO_2033-10,São Paulo,3550308,True,,35267,,,-23.517,-46.625068999999996,,,,2,2023-06-14T05:31:44+00:00
SAO_7052-10,São Paulo,3550308,True,,34654,,,-23.6533545,-46.773467,,,,2,2023-06-14T05:31:16+00:00
SAO_7052-10,São Paulo,3550308,True,,34654,,,-23.652754,-46.773064500000004,,,,2,2023-06-14T05:31:15+00:00
SAO_5119-10,São Paulo,3550308,True,,32769,,,-23.6545125,-46.761236499999995,,,,2,2023-06-14T05:31:30+00:00
SAO_5119-10,São Paulo,3550308,True,,32769,,,-23.646546999999998,-46.747060000000005,,,,2,2023-06-14T05:31:34+00:00
SAO_5119-10,São Paulo,3550308,True,,32769,,,-23.644223,-46.733958,,,,2,2023-06-14T05:31:39+00:00
SAO_5119-10,São Paulo,3550308,True,,32769,,,-23.5861565,-46.697488,,,,2,2023-06-14T05:31:04+00:00
SAO_5119-10,São Paulo,3550308,True,,32769,,,-23.58588375,-46.679390250000004,,,,2,2023-06-14T05:31:20+00:00
SAO_5119-10,São Paulo,3550308,True,,32769,,,-23.569412375,-46.650685249999995,,,,2,2023-06-14T05:31:37+00:00
SAO_5119-10,São Paulo,3550308,True,,32769,,,-23.551664000000002,-46.6372965,,,,2,2023-06-14T05:31:47+00:00
SAO_5119-10,São Paulo,3550308,True,,32769,,,-23.551664000000002,-46.6372965,,,,2,2023-06-14T05:31:46+00:00
SAO_5119-10,São Paulo,3550308,True,,32769,,,-23.5541775,-46.638684,,,,2,2023-06-14T05:31:46+00:00
SAO_5119-10,São Paulo,3550308,True,,32769,,,-23.63488975,-46.7370035,,,,2,2023-06-14T05:31:15+00:00
SAO_6016-10,São Paulo,3550308,True,,32852,,,-23.765596000000002,-46.6840105,,,,2,2023-06-14T05:31:14+00:00
SAO_6016-10,São Paulo,3550308,True,,32852,,,-23.771321,-46.6737205,,,,2,2023-06-14T05:31:32+00:00
SAO_9701-10,São Paulo,3550308,True,,33337,,,-23.507705375,-46.6703935,,,,2,2023-06-14T05:30:58+00:00
SAO_5030-10,São Paulo,3550308,True,,34437,,,-23.603232499999997,-46.602761,,,,2,2023-06-14T05:31:45+00:00
SAO_475M-10,São Paulo,3550308,True,,33111,,,-23.617908999999997,-46.618153500000005,,,,2,2023-06-14T05:31:15+00:00
SAO_475M-10,São Paulo,3550308,True,,33111,,,-23.57056975,-46.6439075,,,,2,2023-06-14T05:31:39+00:00
SAO_3006-10,São Paulo,3550308,True,,34633,,,-23.5473625,-46.3907525,,,,2,2023-06-14T05:30:41+00:00
SAO_3006-10,São Paulo,3550308,True,,34633,,,-23.547393,-46.3947845,,,,2,2023-06-14T05:31:08+00:00
SAO_3006-10,São Paulo,3550308,True,,34633,,,-23.5476935,-46.390091,,,,2,2023-06-14T05:17:30+00:00
SAO_5038-10,São Paulo,3550308,True,,1661,,,-23.651166500000002,-46.6143845,,,,1,2023-06-14T05:31:18+00:00
SAO_5038-10,São Paulo,3550308,True,,1661,,,-23.645526,-46.6070175,,,,1,2023-06-14T05:31:28+00:00
SAO_N842-11,São Paulo,3550308,True,,35209,,,-23.5727175,-46.704574,,,,2,2023-06-14T05:31:25+00:00
SAO_118C-10,São Paulo,3550308,True,,519,,,-23.4580775,-46.671527499999996,,,,1,2023-06-14T05:31:31+00:00
SAO_118C-10,São Paulo,3550308,True,,519,,,-23.502808,-46.624896,,,,1,2023-06-14T05:31:44+00:00
SAO_118C-10,São Paulo,3550308,True,,519,,,-23.475215,-46.638718,,,,1,2023-06-14T05:31:45+00:00
SAO_118C-10,São Paulo,3550308,True,,519,,,-23.504806125,-46.624947625000004,,,,1,2023-06-14T05:31:34+00:00
SAO_6078-10,São Paulo,3550308,True,,1166,,,-23.74375,-46.691297,,,,1,2023-06-14T05:31:43+00:00
SAO_6078-10,São Paulo,3550308,True,,1166,,,-23.693935,-46.698987,,,,1,2023-06-14T05:31:42+00:00
SAO_6078-10,São Paulo,3550308,True,,1166,,,-23.669695375000003,-46.67798275,,,,1,2023-06-14T05:31:39+00:00
SAO_6078-10,São Paulo,3550308,True,,1166,,,-23.74616025,-46.66538525,,,,1,2023-06-14T05:31:11+00:00
SAO_9500-10,São Paulo,3550308,True,EMTU,461,https://moovitapp.com/index/pt-br/transporte_p%C3%BAblico-line-461-Sao_Paulo-242-2038937-36419501-0,5.1,-23.4995205,-46.675076000000004,,,,1,2023-06-14T05:31:17+00:00
SAO_9500-10,São Paulo,3550308,True,EMTU,461,https://moovitapp.com/index/pt-br/transporte_p%C3%BAblico-line-461-Sao_Paulo-242-2038937-36419501-0,5.1,-23.5340575,-46.644261,,,,1,2023-06-14T05:31:38+00:00
SAO_2715-10,São Paulo,3550308,True,,928,,,-23.518375,-46.5013665,,,,1,2023-06-14T05:31:28+00:00
SAO_2715-10,São Paulo,3550308,True,,928,,,-23.5304705,-46.501718,,,,1,2023-06-14T05:31:09+00:00
SAO_312N-10,São Paulo,3550308,True,,990,,,-23.542768,-46.41466525,,,,1,2023-06-14T05:31:44+00:00
SAO_312N-10,São Paulo,3550308,True,,990,,,-23.497709,-46.411232749999996,,,,1,2023-06-14T05:31:10+00:00
SAO_5021-10,São Paulo,3550308,True,,34435,,,-23.6319825,-46.6232785,,,,2,2023-06-14T05:31:13+00:00
SAO_5021-10,São Paulo,3550308,True,,34435,,,-23.6302405,-46.62586,,,,2,2023-06-14T05:31:07+00:00
SAO_8600-22,São Paulo,3550308,True,,34822,,,-23.54222525,-46.6382325,,,,2,2023-06-14T05:31:17+00:00
SAO_8600-22,São Paulo,3550308,True,,34822,,,-23.54222525,-46.6382325,,,,2,2023-06-14T05:31:13+00:00
SAO_971R-10,São Paulo,3550308,True,,33382,,,-23.435499999999998,-46.71588675,,,,2,2023-06-14T05:31:23+00:00
SAO_971R-10,São Paulo,3550308,True,,33382,,,-23.453236250000003,-46.737245,,,,2,2023-06-14T05:29:44+00:00
SAO_971R-10,São Paulo,3550308,True,,33382,,,-23.473550250000002,-46.670976249999995,,,,2,2023-06-14T05:31:39+00:00
SAO_971R-10,São Paulo,3550308,True,,33382,,,-23.5033405,-46.634254,,,,2,2023-06-14T05:31:42+00:00
SAO_407J-10,São Paulo,3550308,True,,2198,,,-23.532303,-46.430503,,,,1,2023-06-14T05:29:30+00:00
SAO_407J-10,São Paulo,3550308,True,,2198,,,-23.57247625,-46.5058975,,,,1,2023-06-14T05:31:48+00:00
SAO_407J-10,São Paulo,3550308,True,,2198,,,-23.5410925,-46.577089,,,,1,2023-06-14T05:31:34+00:00
SAO_407J-10,São Paulo,3550308,True,,2198,,,-23.541351,-46.55537425,,,,1,2023-06-14T05:31:40+00:00
SAO_407J-10,São Paulo,3550308,True,,2198,,,-23.582557,-46.491575499999996,,,,1,2023-06-14T05:31:46+00:00
SAO_8009-31,São Paulo,3550308,True,,34028,,,-23.4337315,-46.751121,,,,2,2023-06-14T05:31:32+00:00
SAO_8009-31,São Paulo,3550308,True,,34028,,,-23.442661,-46.7552625,,,,2,2023-06-14T05:31:38+00:00
SAO_8009-31,São Paulo,3550308,True,,34028,,,-23.464613,-46.721359,,,,2,2023-06-14T05:31:26+00:00
SAO_8009-31,São Paulo,3550308,True,,34028,,,-23.4859365,-46.725919,,,,2,2023-06-14T05:31:37+00:00
SAO_675A-10,São Paulo,3550308,True,,34086,,,-23.6619785,-46.755653,,,,2,2023-06-14T05:31:16+00:00
SAO_675A-10,São Paulo,3550308,True,,34086,,,-23.66295325,-46.75586225000001,,,,2,2023-06-14T05:31:42+00:00
SAO_675A-10,São Paulo,3550308,True,,34086,,,-23.622443750000002,-46.661860000000004,,,,2,2023-06-14T05:31:30+00:00
SAO_675A-10,São Paulo,3550308,True,,34086,,,-23.651751500000003,-46.73382775,,,,2,2023-06-14T05:31:12+00:00
SAO_4030-10,São Paulo,3550308,True,,33868,,,-23.6113085,-46.476020500000004,,,,2,2023-06-14T05:31:17+00:00
SAO_4030-10,São Paulo,3550308,True,,33868,,,-23.57711175,-46.50366325,,,,2,2023-06-14T05:31:36+00:00
SAO_4030-10,São Paulo,3550308,True,,33868,,,-23.616428499999998,-46.4814985,,,,2,2023-06-14T05:31:10+00:00
SAO_4030-10,São Paulo,3550308,True,,33868,,,-23.6204915,-46.483697,,,,2,2023-06-14T05:31:14+00:00
SAO_4734-10,São Paulo,3550308,True,,33877,,,-23.62030175,-46.63470062500001,,,,2,2023-06-14T05:31:28+00:00
SAO_4734-10,São Paulo,3550308,True,,33877,,,-23.630949,-46.617639499999996,,,,2,2023-06-14T05:31:24+00:00
SAO_4734-10,São Paulo,3550308,True,,33877,,,-23.6411645,-46.610744,,,,2,2023-06-14T05:31:37+00:00
SAO_4734-10,São Paulo,3550308,True,,33877,,,-23.64546,-46.6068955,,,,2,2023-06-14T05:31:16+00:00
SAO_8014-10,São Paulo,3550308,True,,801,,,-23.406576,-46.774401,,,,1,2023-06-14T05:31:38+00:00
SAO_8014-10,São Paulo,3550308,True,,801,,,-23.447645,-46.7893785,,,,1,2023-06-14T05:31:01+00:00
SAO_273L-10,São Paulo,3550308,True,,224,,,-23.534931,-46.454436,,,,1,2023-06-14T05:31:45+00:00
SAO_273L-10,São Paulo,3550308,True,,224,,,-23.5401805,-46.483284,,,,1,2023-06-14T05:31:08+00:00
SAO_273L-10,São Paulo,3550308,True,,224,,,-23.519652999999998,-46.444062,,,,1,2023-06-14T05:30:41+00:00
SAO_917H-10,São Paulo,3550308,True,,33224,,,-23.531947000000002,-46.734734375,,,,2,2023-06-14T05:31:13+00:00
SAO_917H-10,São Paulo,3550308,True,,33224,,,-23.560971000000002,-46.65690549999999,,,,2,2023-06-14T05:31:14+00:00
SAO_917H-10,São Paulo,3550308,True,,33224,,,-23.4860235,-46.739406,,,,2,2023-06-14T05:31:42+00:00
SAO_917H-10,São Paulo,3550308,True,,33224,,,-23.538819500000002,-46.706824499999996,,,,2,2023-06-14T05:31:22+00:00
SAO_917H-10,São Paulo,3550308,True,,33224,,,-23.541606,-46.696702,,,,2,2023-06-14T05:31:35+00:00
SAO_917H-10,São Paulo,3550308,True,,33224,,,-23.4983085,-46.746239,,,,2,2023-06-14T05:31:30+00:00
SAO_917H-10,São Paulo,3550308,True,,33224,,,-23.582161499999998,-46.637816,,,,2,2023-06-14T05:31:05+00:00
SAO_917H-10,São Paulo,3550308,True,,33224,,,-23.5083695,-46.7525045,,,,2,2023-06-14T05:31:30+00:00
SAO_6050-10,São Paulo,3550308,True,,33993,,,-23.737971,-46.6978485,,,,2,2023-06-14T05:31:05+00:00
SAO_7011-10,São Paulo,3550308,True,,34720,,,-23.7030035,-46.791391,,,,2,2023-06-14T05:31:21+00:00
SAO_7011-10,São Paulo,3550308,True,,34720,,,-23.707812,-46.7918005,,,,2,2023-06-14T05:31:13+00:00
SAO_374M-10,São Paulo,3550308,True,,34733,,,-23.48555,-46.48161125,,,,2,2023-06-14T05:31:12+00:00
SAO_374M-10,São Paulo,3550308,True,,34733,,,-23.503326375,-46.495587375,,,,2,2023-06-14T05:31:18+00:00
SAO_374M-10,São Paulo,3550308,True,,34733,,,-23.5426945,-46.4722115,,,,2,2023-06-14T05:31:25+00:00
SAO_407I-10,São Paulo,3550308,True,,2222,,,-23.546651,-46.6059415,,,,1,2023-06-14T05:31:23+00:00
SAO_407I-10,São Paulo,3550308,True,,2222,,,-23.536211,-46.547247,,,,1,2023-06-14T05:31:16+00:00
SAO_407I-10,São Paulo,3550308,True,,2222,,,-23.542726000000002,-46.485018999999994,,,,1,2023-06-14T05:31:03+00:00
SAO_1726-10,São Paulo,3550308,True,,34171,,,-23.4662005,-46.603466,,,,2,2023-06-14T05:31:19+00:00
SAO_6021-10,São Paulo,3550308,True,EMTU,177,https://moovitapp.com/index/pt-br/transporte_p%C3%BAblico-line-177-Sao_Paulo-242-2038937-36419313-0,5.2,-23.7668205,-46.716344500000005,,,,1,2023-06-14T05:31:20+00:00
SAO_6021-10,São Paulo,3550308,True,EMTU,177,https://moovitapp.com/index/pt-br/transporte_p%C3%BAblico-line-177-Sao_Paulo-242-2038937-36419313-0,5.2,-23.795147999999998,-46.7426145,,,,1,2023-06-14T05:31:08+00:00
SAO_6021-10,São Paulo,3550308,True,EMTU,177,https://moovitapp.com/index/pt-br/transporte_p%C3%BAblico-line-177-Sao_Paulo-242-2038937-36419313-0,5.2,-23.7668205,-46.716344500000005,,,,1,2023-06-14T05:31:28+00:00
SAO_3731-10,São Paulo,3550308,True,,33796,,,-23.539182500000003,-46.51704,,,,2,2023-06-14T05:31:42+00:00
SAO_3731-10,São Paulo,3550308,True,,33796,,,-23.55026875,-46.512952999999996,,,,2,2023-06-14T05:31:23+00:00
SAO_3731-10,São Paulo,3550308,True,,33796,,,-23.531274500000002,-46.5303835,,,,2,2023-06-14T05:31:33+00:00
SAO_3731-10,São Paulo,3550308,True,,33796,,,-23.5639065,-46.5024395,,,,2,2023-06-14T05:31:28+00:00
SAO_9051-10,São Paulo,3550308,True,,2089,,,-23.565806000000002,-46.7018425,,,,1,2023-06-14T05:31:16+00:00
SAO_2522-10,São Paulo,3550308,True,Cidade de Caieiras,140,https://moovitapp.com/index/pt-br/transporte_p%C3%BAblico-line-140-Sao_Paulo-242-868761-496401-0,5.0,-23.5347915,-46.4544115,,,,1,2023-06-14T05:31:33+00:00
SAO_4056-10,São Paulo,3550308,True,,35005,,,-23.612665,-46.476373499999994,,,,2,2023-06-14T05:31:20+00:00
SAO_4056-10,São Paulo,3550308,True,,35005,,,-23.612665,-46.476373499999994,,,,2,2023-06-14T05:31:37+00:00
SAO_4056-10,São Paulo,3550308,True,,35005,,,-23.609568,-46.45907375,,,,2,2023-06-14T05:31:13+00:00
SAO_5362-10,São Paulo,3550308,True,BR7 Mobilidade,70,https://moovitapp.com/index/pt-br/transporte_p%C3%BAblico-line-70-Sao_Paulo-242-851856-2250296-0,5.75,-23.6079315,-46.666180999999995,,,,1,2023-06-14T05:31:17+00:00
SAO_5752-10,São Paulo,3550308,True,,34055,,,-23.665019,-46.6669505,,,,2,2023-06-14T05:31:45+00:00
SAO_5752-10,São Paulo,3550308,True,,34055,,,-23.636175,-46.64056825,,,,2,2023-06-14T05:31:29+00:00
SAO_5752-10,São Paulo,3550308,True,,34055,,,-23.686449,-46.6478555,,,,2,2023-06-14T05:31:21+00:00
SAO_407G-10,São Paulo,3550308,True,,2196,,,-23.55382675,-46.517827249999996,,,,1,2023-06-14T05:31:32+00:00
SAO_407G-10,São Paulo,3550308,True,,2196,,,-23.538169,-46.564766500000005,,,,1,2023-06-14T05:31:10+00:00
SAO_407G-10,São Paulo,3550308,True,,2196,,,-23.610467,-46.476589375,,,,1,2023-06-14T05:31:42+00:00
SAO_407G-10,São Paulo,3550308,True,,2196,,,-23.61138675,-46.43386674999999,,,,1,2023-06-14T05:31:25+00:00
SAO_3459-10,São Paulo,3550308,True,EMTU,402,https://moovitapp.com/index/pt-br/transporte_p%C3%BAblico-line-402-Sao_Paulo-242-2038937-36419464-0,3.7,-23.5165205,-46.385602000000006,,,,1,2023-06-14T05:31:18+00:00
SAO_3459-10,São Paulo,3550308,True,EMTU,402,https://moovitapp.com/index/pt-br/transporte_p%C3%BAblico-line-402-Sao_Paulo-242-2038937-36419464-0,3.7,-23.49215,-46.444004500000005,,,,1,2023-06-14T05:31:48+00:00
SAO_3459-10,São Paulo,3550308,True,EMTU,402,https://moovitapp.com/index/pt-br/transporte_p%C3%BAblico-line-402-Sao_Paulo-242-2038937-36419464-0,3.7,-23.501575250000002,-46.39714775,,,,1,2023-06-14T05:31:34+00:00
SAO_3459-10,São Paulo,3550308,True,EMTU,402,https://moovitapp.com/index/pt-br/transporte_p%C3%BAblico-line-402-Sao_Paulo-242-2038937-36419464-0,3.7,-23.5515345,-46.6246215,,,,1,2023-06-14T05:31:01+00:00
SAO_3459-10,São Paulo,3550308,True,EMTU,402,https://moovitapp.com/index/pt-br/transporte_p%C3%BAblico-line-402-Sao_Paulo-242-2038937-36419464-0,3.7,-23.5165205,-46.385602000000006,,,,1,2023-06-14T05:31:29+00:00
SAO_3459-10,São Paulo,3550308,True,EMTU,402,https://moovitapp.com/index/pt-br/transporte_p%C3%BAblico-line-402-Sao_Paulo-242-2038937-36419464-0,3.7,-23.4950305,-46.410520500000004,,,,1,2023-06-14T05:31:27+00:00
SAO_3459-10,São Paulo,3550308,True,EMTU,402,https://moovitapp.com/index/pt-br/transporte_p%C3%BAblico-line-402-Sao_Paulo-242-2038937-36419464-0,3.7,-23.5165205,-46.385602000000006,,,,1,2023-06-14T05:31:07+00:00
SAO_3459-10,São Paulo,3550308,True,EMTU,402,https://moovitapp.com/index/pt-br/transporte_p%C3%BAblico-line-402-Sao_Paulo-242-2038937-36419464-0,3.7,-23.5173785,-46.481305500000005,,,,1,2023-06-14T05:31:43+00:00
SAO_3459-10,São Paulo,3550308,True,EMTU,402,https://moovitapp.com/index/pt-br/transporte_p%C3%BAblico-line-402-Sao_Paulo-242-2038937-36419464-0,3.7,-23.5165205,-46.385602000000006,,,,1,2023-06-14T05:31:03+00:00
SAO_3459-10,São Paulo,3550308,True,EMTU,402,https://moovitapp.com/index/pt-br/transporte_p%C3%BAblico-line-402-Sao_Paulo-242-2038937-36419464-0,3.7,-23.5473415,-46.629296499999995,,,,1,2023-06-14T05:31:40+00:00
SAO_3459-10,São Paulo,3550308,True,EMTU,402,https://moovitapp.com/index/pt-br/transporte_p%C3%BAblico-line-402-Sao_Paulo-242-2038937-36419464-0,3.7,-23.5165205,-46.385602000000006,,,,1,2023-06-14T05:31:39+00:00
SAO_3459-10,São Paulo,3550308,True,EMTU,402,https://moovitapp.com/index/pt-br/transporte_p%C3%BAblico-line-402-Sao_Paulo-242-2038937-36419464-0,3.7,-23.55162475,-46.624117500000004,,,,1,2023-06-14T05:31:25+00:00
SAO_3459-10,São Paulo,3550308,True,EMTU,402,https://moovitapp.com/index/pt-br/transporte_p%C3%BAblico-line-402-Sao_Paulo-242-2038937-36419464-0,3.7,-23.5473415,-46.629296499999995,,,,1,2023-06-14T05:31:39+00:00
SAO_3459-10,São Paulo,3550308,True,EMTU,402,https://moovitapp.com/index/pt-br/transporte_p%C3%BAblico-line-402-Sao_Paulo-242-2038937-36419464-0,3.7,-23.521750750000002,-46.527384999999995,,,,1,2023-06-14T05:31:26+00:00
SAO_3459-10,São Paulo,3550308,True,EMTU,402,https://moovitapp.com/index/pt-br/transporte_p%C3%BAblico-line-402-Sao_Paulo-242-2038937-36419464-0,3.7,-23.5165205,-46.385602000000006,,,,1,2023-06-14T05:30:33+00:00
SAO_172K-10,São Paulo,3550308,True,,857,,,-23.456327,-46.5947025,,,,1,2023-06-14T05:31:22+00:00
SAO_172K-10,São Paulo,3550308,True,,857,,,-23.53920575,-46.575556999999996,,,,1,2023-06-14T05:31:15+00:00
SAO_172K-10,São Paulo,3550308,True,,857,,,-23.529685375,-46.58763325,,,,1,2023-06-14T05:31:45+00:00
SAO_172K-10,São Paulo,3550308,True,,857,,,-23.5092925,-46.591224,,,,1,2023-06-14T05:31:45+00:00
SAO_271A-10,São Paulo,3550308,True,STT,702,https://moovitapp.com/index/pt-br/transporte_p%C3%BAblico-line-702-Sao_Paulo-242-850661-641780-0,5.3,-23.518916500000003,-46.546872500000006,,,,1,2023-06-14T05:31:12+00:00
SAO_271A-10,São Paulo,3550308,True,STT,702,https://moovitapp.com/index/pt-br/transporte_p%C3%BAblico-line-702-Sao_Paulo-242-850661-641780-0,5.3,-23.5011735,-46.591432,,,,1,2023-06-14T05:31:18+00:00
SAO_5012-10,São Paulo,3550308,True,,1116,,,-23.669349,-46.635788500000004,,,,1,2023-06-14T05:31:45+00:00
SAO_5012-10,São Paulo,3550308,True,,1116,,,-23.7097155,-46.6354455,,,,1,2023-06-14T05:31:27+00:00
SAO_5012-10,São Paulo,3550308,True,,1116,,,-23.7097155,-46.6354455,,,,1,2023-06-14T05:26:20+00:00
SAO_5012-10,São Paulo,3550308,True,,1116,,,-23.7097155,-46.6354455,,,,1,2023-06-14T05:31:22+00:00
SAO_5012-10,São Paulo,3550308,True,,1116,,,-23.7097155,-46.6354455,,,,1,2023-06-14T05:29:31+00:00
SAO_5012-10,São Paulo,3550308,True,,1116,,,-23.7097155,-46.6354455,,,,1,2023-06-14T05:30:51+00:00
SAO_5012-10,São Paulo,3550308,True,,1116,,,-23.66262025,-46.63764125,,,,1,2023-06-14T05:31:06+00:00
SAO_5012-10,São Paulo,3550308,True,,1116,,,-23.703068000000002,-46.6298395,,,,1,2023-06-14T05:31:02+00:00
SAO_5012-10,São Paulo,3550308,True,,1116,,,-23.7097155,-46.6354455,,,,1,2023-06-14T05:30:54+00:00
SAO_7012-10,São Paulo,3550308,True,,2043,,,-23.699388,-46.778516499999995,,,,1,2023-06-14T05:31:41+00:00
SAO_9181-10,São Paulo,3550308,True,,885,,,-23.52363175,-46.70185575,,,,1,2023-06-14T05:31:13+00:00
SAO_8686-10,São Paulo,3550308,True,EMTU,446,https://moovitapp.com/index/pt-br/transporte_p%C3%BAblico-line-446-Sao_Paulo-242-2038937-36419492-0,4.8,-23.54132525,-46.64217575,,,,1,2023-06-14T05:31:30+00:00
SAO_8686-10,São Paulo,3550308,True,EMTU,446,https://moovitapp.com/index/pt-br/transporte_p%C3%BAblico-line-446-Sao_Paulo-242-2038937-36419492-0,4.8,-23.542786,-46.6384895,,,,1,2023-06-14T05:31:14+00:00
SAO_271A-10,São Paulo,3550308,True,,33470,,,-23.507386,-46.5845135,,,,2,2023-06-14T05:31:38+00:00
SAO_271A-10,São Paulo,3550308,True,,33470,,,-23.5200375,-46.56575225,,,,2,2023-06-14T05:31:43+00:00
SAO_6076-10,São Paulo,3550308,True,,33933,,,-23.654133,-46.7095305,,,,2,2023-06-14T05:31:09+00:00
SAO_6076-10,São Paulo,3550308,True,,33933,,,-23.729339500000002,-46.688754,,,,2,2023-06-14T05:31:31+00:00
SAO_2363-10,São Paulo,3550308,True,,32903,,,-23.532804,-46.563056,,,,2,2023-06-14T05:31:12+00:00
SAO_2363-10,São Paulo,3550308,True,,32903,,,-23.546607,-46.630478,,,,2,2023-06-14T05:31:14+00:00
SAO_2363-10,São Paulo,3550308,True,,32903,,,-23.5069825,-46.5329195,,,,2,2023-06-14T05:31:39+00:00
SAO_2363-10,São Paulo,3550308,True,,32903,,,-23.4987395,-46.50209475,,,,2,2023-06-14T05:31:37+00:00
SAO_7049-10,São Paulo,3550308,True,,34680,,,-23.7115665,-46.7780305,,,,2,2023-06-14T05:31:17+00:00
SAO_7049-10,São Paulo,3550308,True,,34680,,,-23.634995500000002,-46.775629,,,,2,2023-06-14T05:31:25+00:00
SAO_7049-10,São Paulo,3550308,True,,34680,,,-23.711143749999998,-46.778219750000005,,,,2,2023-06-14T05:31:10+00:00
SAO_7049-10,São Paulo,3550308,True,,34680,,,-23.711614,-46.7822575,,,,2,2023-06-14T05:31:24+00:00
SAO_7049-10,São Paulo,3550308,True,,34680,,,-23.6752255,-46.783927,,,,2,2023-06-14T05:31:15+00:00
SAO_7049-10,São Paulo,3550308,True,,34680,,,-23.71138725,-46.77812725,,,,2,2023-06-14T05:31:44+00:00
SAO_6046-10,São Paulo,3550308,True,,1223,,,-23.68424,-46.781687000000005,,,,1,2023-06-14T05:31:45+00:00
SAO_5318-10,São Paulo,3550308,True,,45,,,-23.550115500000004,-46.635157,,,,1,2023-06-14T05:31:15+00:00
SAO_5318-10,São Paulo,3550308,True,,45,,,-23.6326475,-46.68952175,,,,1,2023-06-14T05:31:45+00:00
SAO_3791-10,São Paulo,3550308,True,,33837,,,-23.5414835,-46.4843695,,,,2,2023-06-14T05:31:25+00:00
SAO_3791-10,São Paulo,3550308,True,,33837,,,-23.543233,-46.4940895,,,,2,2023-06-14T05:31:19+00:00
SAO_3791-10,São Paulo,3550308,True,,33837,,,-23.5414835,-46.4843695,,,,2,2023-06-14T05:31:44+00:00
SAO_909T-10,São Paulo,3550308,True,,35024,,,-23.55715,-46.680869625,,,,2,2023-06-14T05:31:18+00:00
SAO_909T-10,São Paulo,3550308,True,,35024,,,-23.5657815,-46.7010925,,,,2,2023-06-14T05:31:09+00:00
SAO_177H-10,São Paulo,3550308,True,,33398,,,-23.5036185,-46.6441615,,,,2,2023-06-14T05:31:43+00:00
SAO_177H-10,São Paulo,3550308,True,,33398,,,-23.53544175,-46.653703750000005,,,,2,2023-06-14T05:31:43+00:00
SAO_177H-10,São Paulo,3550308,True,,33398,,,-23.50032625,-46.62695925,,,,2,2023-06-14T05:31:19+00:00
SAO_177H-10,São Paulo,3550308,True,,33398,,,-23.562929625,-46.686464125,,,,2,2023-06-14T05:31:41+00:00
SAO_5630-10,São Paulo,3550308,True,,78,,,-23.7374635,-46.697805,,,,1,2023-06-14T05:31:43+00:00
SAO_5630-10,São Paulo,3550308,True,,78,,,-23.7374635,-46.697805,,,,1,2023-06-14T05:31:24+00:00
SAO_5630-10,São Paulo,3550308,True,,78,,,-23.5472435,-46.617357,,,,1,2023-06-14T05:31:30+00:00
SAO_5630-10,São Paulo,3550308,True,,78,,,-23.7374635,-46.697805,,,,1,2023-06-14T05:31:02+00:00
SAO_5630-10,São Paulo,3550308,True,,78,,,-23.7374635,-46.697805,,,,1,2023-06-14T05:31:13+00:00
SAO_5630-10,São Paulo,3550308,True,,78,,,-23.7374635,-46.697805,,,,1,2023-06-14T05:31:38+00:00
SAO_5317-10,São Paulo,3550308,True,,32837,,,-23.67657975,-46.696490499999996,,,,2,2023-06-14T05:31:20+00:00
SAO_5317-10,São Paulo,3550308,True,,32837,,,-23.594691625000003,-46.653908,,,,2,2023-06-14T05:31:47+00:00
SAO_5317-10,São Paulo,3550308,True,,32837,,,-23.686692,-46.6943,,,,2,2023-06-14T05:31:03+00:00
SAO_975A-10,São Paulo,3550308,True,EMTU,589,https://moovitapp.com/index/pt-br/transporte_p%C3%BAblico-line-589-Sao_Paulo-242-2038937-36419576-0,5.35,-23.5814585,-46.6389305,,,,1,2023-06-14T05:31:30+00:00
SAO_975A-10,São Paulo,3550308,True,EMTU,589,https://moovitapp.com/index/pt-br/transporte_p%C3%BAblico-line-589-Sao_Paulo-242-2038937-36419576-0,5.35,-23.5040325,-46.67317,,,,1,2023-06-14T05:31:40+00:00
SAO_975A-10,São Paulo,3550308,True,EMTU,589,https://moovitapp.com/index/pt-br/transporte_p%C3%BAblico-line-589-Sao_Paulo-242-2038937-36419576-0,5.35,-23.542395000000003,-46.6718525,,,,1,2023-06-14T05:31:05+00:00
SAO_GUIN-10,São Paulo,3550308,False,,3008,,,-23.667010499999996,-46.72490075,,,,1,2023-06-14T05:31:30+00:00
SAO_695H-10,São Paulo,3550308,True,,33964,,,-23.727758,-46.69934625,,,,2,2023-06-14T05:31:42+00:00
SAO_695H-10,São Paulo,3550308,True,,33964,,,-23.675007,-46.6919475,,,,2,2023-06-14T05:31:27+00:00
SAO_9653-10,São Paulo,3550308,True,EMTU,588,https://moovitapp.com/index/pt-br/transporte_p%C3%BAblico-line-588-Sao_Paulo-242-2038937-36419575-0,7.55,-23.5071825,-46.670416,,,,1,2023-06-14T05:31:02+00:00
SAO_9653-10,São Paulo,3550308,True,EMTU,588,https://moovitapp.com/index/pt-br/transporte_p%C3%BAblico-line-588-Sao_Paulo-242-2038937-36419575-0,7.55,-23.5428705,-46.636174,,,,1,2023-06-14T05:31:41+00:00
SAO_9653-10,São Paulo,3550308,True,EMTU,588,https://moovitapp.com/index/pt-br/transporte_p%C3%BAblico-line-588-Sao_Paulo-242-2038937-36419575-0,7.55,-23.45724525,-46.646855,,,,1,2023-06-14T05:31:39+00:00
SAO_6822-10,São Paulo,3550308,True,,32790,,,-23.65385975,-46.79008575,,,,2,2023-06-14T05:31:33+00:00
SAO_6822-10,São Paulo,3550308,True,,32790,,,-23.640573000000003,-46.780058,,,,2,2023-06-14T05:31:16+00:00
SAO_6822-10,São Paulo,3550308,True,,32790,,,-23.655283,-46.762097,,,,2,2023-06-14T05:31:34+00:00
SAO_129F-10,São Paulo,3550308,True,,35072,,,-23.5168675,-46.6987555,,,,2,2023-06-14T05:31:08+00:00
SAO_129F-10,São Paulo,3550308,True,,35072,,,-23.490247500000002,-46.698889,,,,2,2023-06-14T05:31:40+00:00
SAO_807A-10,São Paulo,3550308,True,,1900,,,-23.648263749999998,-46.709958,,,,1,2023-06-14T05:31:35+00:00
SAO_807A-10,São Paulo,3550308,True,,1900,,,-23.630661,-46.773396000000005,,,,1,2023-06-14T05:31:36+00:00
SAO_129F-10,São Paulo,3550308,True,,2304,,,-23.525985,-46.669427,,,,1,2023-06-14T05:31:36+00:00
SAO_2010-10,São Paulo,3550308,True,,34872,,,-23.477516625,-46.564321375,,,,2,2023-06-14T05:31:37+00:00
SAO_2010-10,São Paulo,3550308,True,,34872,,,-23.477967125,-46.564062875,,,,2,2023-06-14T05:31:20+00:00
SAO_2010-10,São Paulo,3550308,True,,34872,,,-23.488075000000002,-46.59378375,,,,2,2023-06-14T05:31:11+00:00
SAO_2010-10,São Paulo,3550308,True,,34872,,,-23.52005775,-46.62516875,,,,2,2023-06-14T05:31:44+00:00
SAO_9500-10,São Paulo,3550308,True,,33229,,,-23.4742495,-46.669781,,,,2,2023-06-14T05:31:28+00:00
SAO_9500-10,São Paulo,3550308,True,,33229,,,-23.4754695,-46.6707,,,,2,2023-06-14T05:31:48+00:00
SAO_9500-10,São Paulo,3550308,True,,33229,,,-23.542425,-46.6356045,,,,2,2023-06-14T05:31:19+00:00
SAO_978J-10,São Paulo,3550308,True,EMTU,591,https://moovitapp.com/index/pt-br/transporte_p%C3%BAblico-line-591-Sao_Paulo-242-2038937-36419577-0,5.4,-23.52385225,-46.698935250000005,,,,1,2023-06-14T05:31:21+00:00
SAO_978J-10,São Paulo,3550308,True,EMTU,591,https://moovitapp.com/index/pt-br/transporte_p%C3%BAblico-line-591-Sao_Paulo-242-2038937-36419577-0,5.4,-23.53506275,-46.644746999999995,,,,1,2023-06-14T05:31:32+00:00
SAO_978J-10,São Paulo,3550308,True,EMTU,591,https://moovitapp.com/index/pt-br/transporte_p%C3%BAblico-line-591-Sao_Paulo-242-2038937-36419577-0,5.4,-23.458869999999997,-46.718959,,,,1,2023-06-14T05:31:09+00:00
SAO_701U-10,São Paulo,3550308,True,,33425,,,-23.506921,-46.62476025,,,,2,2023-06-14T05:31:26+00:00
SAO_701U-10,São Paulo,3550308,True,,33425,,,-23.566859125,-46.727248,,,,2,2023-06-14T05:31:19+00:00
SAO_701U-10,São Paulo,3550308,True,,33425,,,-23.548194625,-46.649595375000004,,,,2,2023-06-14T05:31:28+00:00
SAO_3686-10,São Paulo,3550308,True,EMTU,166,https://moovitapp.com/index/pt-br/transporte_p%C3%BAblico-line-166-Sao_Paulo-242-2038937-36419307-0,7.8,-23.5473415,-46.629296499999995,,,,1,2023-06-14T05:31:41+00:00
SAO_3686-10,São Paulo,3550308,True,EMTU,166,https://moovitapp.com/index/pt-br/transporte_p%C3%BAblico-line-166-Sao_Paulo-242-2038937-36419307-0,7.8,-23.533742125,-46.542444625,,,,1,2023-06-14T05:31:43+00:00
SAO_3686-10,São Paulo,3550308,True,EMTU,166,https://moovitapp.com/index/pt-br/transporte_p%C3%BAblico-line-166-Sao_Paulo-242-2038937-36419307-0,7.8,-23.5583375,-46.399699,,,,1,2023-06-14T05:31:10+00:00
SAO_3686-10,São Paulo,3550308,True,EMTU,166,https://moovitapp.com/index/pt-br/transporte_p%C3%BAblico-line-166-Sao_Paulo-242-2038937-36419307-0,7.8,-23.535881500000002,-46.489933,,,,1,2023-06-14T05:31:17+00:00
SAO_N302-11,São Paulo,3550308,True,,35104,,,-23.546701,-46.6302515,,,,2,2023-06-14T05:31:03+00:00
SAO_N302-11,São Paulo,3550308,True,,35104,,,-23.516517999999998,-46.476467,,,,2,2023-06-14T05:31:39+00:00
SAO_2765-10,São Paulo,3550308,True,,32913,,,-23.539903000000002,-46.578267,,,,2,2023-06-14T05:31:36+00:00
SAO_2765-10,São Paulo,3550308,True,,32913,,,-23.5321845,-46.561195,,,,2,2023-06-14T05:30:28+00:00
SAO_2765-10,São Paulo,3550308,True,,32913,,,-23.512117500000002,-46.5453145,,,,2,2023-06-14T05:31:25+00:00
SAO_2765-10,São Paulo,3550308,True,,32913,,,-23.5034955,-46.4982625,,,,2,2023-06-14T05:31:22+00:00
SAO_971M-10,São Paulo,3550308,True,,33380,,,-23.4707975,-46.680422,,,,2,2023-06-14T05:31:26+00:00
SAO_971M-10,São Paulo,3550308,True,,33380,,,-23.4795115,-46.645416499999996,,,,2,2023-06-14T05:31:19+00:00
SAO_971M-10,São Paulo,3550308,True,,33380,,,-23.490409,-46.6888085,,,,2,2023-06-14T05:31:19+00:00
SAO_5025-10,São Paulo,3550308,True,,1564,,,-23.594665,-46.5787265,,,,1,2023-06-14T05:31:32+00:00
SAO_5025-10,São Paulo,3550308,True,,1564,,,-23.603224,-46.542550750000004,,,,1,2023-06-14T05:31:16+00:00
SAO_5025-10,São Paulo,3550308,True,,1564,,,-23.594565437500002,-46.58966356249999,,,,1,2023-06-14T05:31:15+00:00
SAO_607C-10,São Paulo,3550308,True,,34745,,,-23.652768000000002,-46.66912,,,,2,2023-06-14T05:31:31+00:00
SAO_607C-10,São Paulo,3550308,True,,34745,,,-23.618018499999998,-46.697607375000004,,,,2,2023-06-14T05:31:12+00:00
SAO_607C-10,São Paulo,3550308,True,,34745,,,-23.6896565,-46.635254,,,,2,2023-06-14T05:31:18+00:00
SAO_607C-10,São Paulo,3550308,True,,34745,,,-23.6832165,-46.634994250000005,,,,2,2023-06-14T05:31:30+00:00
SAO_607C-10,São Paulo,3550308,True,,34745,,,-23.5897885,-46.6880525,,,,2,2023-06-14T05:31:13+00:00
SAO_971A-10,São Paulo,3550308,True,,658,,,-23.5228465,-46.625156000000004,,,,1,2023-06-14T05:31:15+00:00
SAO_971A-10,São Paulo,3550308,True,,658,,,-23.489724000000002,-46.675415,,,,1,2023-06-14T05:31:06+00:00
SAO_809H-10,São Paulo,3550308,True,,2245,,,-23.522034500000004,-46.701772625000004,,,,1,2023-06-14T05:31:45+00:00
SAO_809H-10,São Paulo,3550308,True,,2245,,,-23.58333075,-46.7710895,,,,1,2023-06-14T05:31:36+00:00
SAO_809H-10,São Paulo,3550308,True,,2245,,,-23.55123175,-46.740238250000004,,,,1,2023-06-14T05:31:45+00:00
SAO_809H-10,São Paulo,3550308,True,,2245,,,-23.55123175,-46.740238250000004,,,,1,2023-06-14T05:31:31+00:00
SAO_373T-10,São Paulo,3550308,True,,1091,,,-23.59741,-46.510109,,,,1,2023-06-14T05:31:41+00:00
SAO_373T-10,São Paulo,3550308,True,,1091,,,-23.584690000000002,-46.5214445,,,,1,2023-06-14T05:31:26+00:00
SAO_373T-10,São Paulo,3550308,True,,1091,,,-23.582797499999998,-46.5710975,,,,1,2023-06-14T05:31:06+00:00
SAO_373T-10,São Paulo,3550308,True,,1091,,,-23.549130249999997,-46.60170725,,,,1,2023-06-14T05:31:24+00:00
SAO_5028-10,São Paulo,3550308,True,,1634,,,-23.6116715,-46.58122,,,,1,2023-06-14T05:31:07+00:00
SAO_5028-10,São Paulo,3550308,True,,1634,,,-23.583483375000004,-46.60734475,,,,1,2023-06-14T05:31:10+00:00
SAO_6063-42,São Paulo,3550308,True,,34770,,,-23.809403,-46.6612485,,,,2,2023-06-14T05:31:45+00:00
SAO_6063-42,São Paulo,3550308,True,,34770,,,-23.809403,-46.6612485,,,,2,2023-06-14T05:31:07+00:00
SAO_6063-42,São Paulo,3550308,True,,34770,,,-23.783384249999997,-46.68995525,,,,2,2023-06-14T05:31:11+00:00
SAO_6063-42,São Paulo,3550308,True,,34770,,,-23.809403,-46.6612485,,,,2,2023-06-14T05:31:04+00:00
SAO_3032-10,São Paulo,3550308,True,,33488,,,-23.5580635,-46.522337500000006,,,,2,2023-06-14T05:31:27+00:00
SAO_8600-10,São Paulo,3550308,True,,34200,,,-23.51769625,-46.680097,,,,2,2023-06-14T05:31:34+00:00
SAO_8600-10,São Paulo,3550308,True,,34200,,,-23.486277,-46.726815875,,,,2,2023-06-14T05:31:09+00:00
SAO_475R-10,São Paulo,3550308,True,,344,,,-23.570104,-46.651428499999994,,,,1,2023-06-14T05:31:40+00:00
SAO_475R-10,São Paulo,3550308,True,,344,,,-23.65282,-46.607729000000006,,,,1,2023-06-14T05:31:14+00:00
SAO_475R-10,São Paulo,3550308,True,,344,,,-23.65282,-46.607729000000006,,,,1,2023-06-14T05:31:24+00:00
SAO_475R-10,São Paulo,3550308,True,,344,,,-23.65282,-46.607729000000006,,,,1,2023-06-14T05:31:06+00:00
SAO_475R-10,São Paulo,3550308,True,,344,,,-23.65282,-46.607729000000006,,,,1,2023-06-14T05:31:25+00:00
SAO_475R-10,São Paulo,3550308,True,,344,,,-23.65282,-46.607729000000006,,,,1,2023-06-14T05:30:09+00:00
SAO_475R-10,São Paulo,3550308,True,,344,,,-23.65282,-46.607729000000006,,,,1,2023-06-14T05:30:43+00:00
SAO_475R-10,São Paulo,3550308,True,,344,,,-23.65282,-46.607729000000006,,,,1,2023-06-14T05:31:04+00:00
SAO_475R-10,São Paulo,3550308,True,,344,,,-23.620249,-46.6277835,,,,1,2023-06-14T05:31:29+00:00
SAO_475R-10,São Paulo,3550308,True,,344,,,-23.65282,-46.607729000000006,,,,1,2023-06-14T05:30:56+00:00
SAO_475R-10,São Paulo,3550308,True,,344,,,-23.65282,-46.607729000000006,,,,1,2023-06-14T05:31:43+00:00
SAO_3064-10,São Paulo,3550308,True,Urubupungá,980,https://moovitapp.com/index/pt-br/transporte_p%C3%BAblico-line-980-Sao_Paulo-242-873835-76224585-0,4.6,-23.542614,-46.4155005,,,,1,2023-06-14T05:31:36+00:00
SAO_3064-10,São Paulo,3550308,True,Urubupungá,980,https://moovitapp.com/index/pt-br/transporte_p%C3%BAblico-line-980-Sao_Paulo-242-873835-76224585-0,4.6,-23.583026,-46.408417,,,,1,2023-06-14T05:31:31+00:00
SAO_3064-10,São Paulo,3550308,True,Urubupungá,980,https://moovitapp.com/index/pt-br/transporte_p%C3%BAblico-line-980-Sao_Paulo-242-873835-76224585-0,4.6,-23.581818249999998,-46.410364125,,,,1,2023-06-14T05:31:03+00:00
SAO_4210-10,São Paulo,3550308,True,,34938,,,-23.532384,-46.5618135,,,,2,2023-06-14T05:31:41+00:00
SAO_4210-10,São Paulo,3550308,True,,34938,,,-23.5469065,-46.623822125000004,,,,2,2023-06-14T05:31:40+00:00
SAO_4210-10,São Paulo,3550308,True,,34938,,,-23.547062,-46.630193000000006,,,,2,2023-06-14T05:31:10+00:00
SAO_4210-10,São Paulo,3550308,True,,34938,,,-23.566796,-46.507122499999994,,,,2,2023-06-14T05:31:43+00:00
SAO_4210-10,São Paulo,3550308,True,,34938,,,-23.539208374999998,-46.5571805,,,,2,2023-06-14T05:31:14+00:00
SAO_4210-10,São Paulo,3550308,True,,34938,,,-23.583091000000003,-46.4080965,,,,2,2023-06-14T05:31:36+00:00
SAO_4210-10,São Paulo,3550308,True,,34938,,,-23.5428925,-46.53379674999999,,,,2,2023-06-14T05:31:44+00:00
SAO_N139-11,São Paulo,3550308,True,,35063,,,-23.454788999999998,-46.7104675,,,,2,2023-06-14T05:31:27+00:00
SAO_6042-10,São Paulo,3550308,True,,33987,,,-23.646546999999998,-46.747060000000005,,,,2,2023-06-14T05:31:11+00:00
SAO_6042-10,São Paulo,3550308,True,,33987,,,-23.6787845,-46.768453,,,,2,2023-06-14T05:31:12+00:00
SAO_957T-10,São Paulo,3550308,True,,33232,,,-23.508004749999998,-46.68937475,,,,2,2023-06-14T05:31:40+00:00
SAO_957T-10,São Paulo,3550308,True,,33232,,,-23.5589715,-46.6974695,,,,2,2023-06-14T05:31:30+00:00
SAO_957T-10,São Paulo,3550308,True,,33232,,,-23.453215,-46.6994825,,,,2,2023-06-14T05:31:34+00:00
SAO_957T-10,São Paulo,3550308,True,,33232,,,-23.521279,-46.73072725,,,,2,2023-06-14T05:31:34+00:00
SAO_957T-10,São Paulo,3550308,True,,33232,,,-23.4655835,-46.6794295,,,,2,2023-06-14T05:31:45+00:00
SAO_8072-10,São Paulo,3550308,True,,34847,,,-23.62852975,-46.7605115,,,,2,2023-06-14T05:31:30+00:00
SAO_8072-10,São Paulo,3550308,True,,34847,,,-23.5857665,-46.723943,,,,2,2023-06-14T05:31:38+00:00
SAO_8072-10,São Paulo,3550308,True,,34847,,,-23.590498500000002,-46.7371345,,,,2,2023-06-14T05:31:27+00:00
SAO_178L-10,São Paulo,3550308,True,,33328,,,-23.510025,-46.652857,,,,2,2023-06-14T05:31:42+00:00
SAO_178L-10,São Paulo,3550308,True,,33328,,,-23.5518185,-46.6764575,,,,2,2023-06-14T05:31:32+00:00
SAO_477U-10,São Paulo,3550308,True,,306,,,-23.6069485,-46.593801,,,,1,2023-06-14T05:31:35+00:00
SAO_930P-10,São Paulo,3550308,True,,2115,,,-23.57504275,-46.688142,,,,1,2023-06-14T05:31:17+00:00
SAO_930P-10,São Paulo,3550308,True,,2115,,,-23.552423,-46.653400624999996,,,,1,2023-06-14T05:31:25+00:00
SAO_2551-10,São Paulo,3550308,True,,32909,,,-23.546832000000002,-46.6301665,,,,2,2023-06-14T05:31:24+00:00
SAO_2551-10,São Paulo,3550308,True,,32909,,,-23.546832000000002,-46.6301665,,,,2,2023-06-14T05:31:07+00:00
SAO_2551-10,São Paulo,3550308,True,,32909,,,-23.4968635,-46.4794165,,,,2,2023-06-14T05:31:13+00:00
SAO_2551-10,São Paulo,3550308,True,,32909,,,-23.546832000000002,-46.6301665,,,,2,2023-06-14T05:31:43+00:00
SAO_2551-10,São Paulo,3550308,True,,32909,,,-23.535124,-46.5762615,,,,2,2023-06-14T05:31:40+00:00
SAO_2551-10,São Paulo,3550308,True,,32909,,,-23.546832000000002,-46.6301665,,,,2,2023-06-14T05:31:27+00:00
SAO_2551-10,São Paulo,3550308,True,,32909,,,-23.546832000000002,-46.6301665,,,,2,2023-06-14T05:31:33+00:00
SAO_2551-10,São Paulo,3550308,True,,32909,,,-23.49796225,-46.518165875,,,,2,2023-06-14T05:30:39+00:00
SAO_669A-10,São Paulo,3550308,True,,32772,,,-23.5816095,-46.665850875000004,,,,2,2023-06-14T05:31:32+00:00
SAO_669A-10,São Paulo,3550308,True,,32772,,,-23.5557355,-46.663118,,,,2,2023-06-14T05:31:07+00:00
SAO_669A-10,São Paulo,3550308,True,,32772,,,-23.53435325,-46.644056,,,,2,2023-06-14T05:31:48+00:00
SAO_2723-10,São Paulo,3550308,True,,33705,,,-23.487481000000002,-46.463549,,,,2,2023-06-14T05:31:11+00:00
SAO_2723-10,São Paulo,3550308,True,,33705,,,-23.487481000000002,-46.463549,,,,2,2023-06-14T05:31:12+00:00
SAO_2723-10,São Paulo,3550308,True,,33705,,,-23.4838335,-46.459630000000004,,,,2,2023-06-14T05:31:11+00:00
SAO_2723-10,São Paulo,3550308,True,,33705,,,-23.526604499999998,-46.446069,,,,2,2023-06-14T05:31:05+00:00
SAO_2723-10,São Paulo,3550308,True,,33705,,,-23.487599000000003,-46.4633835,,,,2,2023-06-14T05:31:47+00:00
SAO_2723-10,São Paulo,3550308,True,,33705,,,-23.487720250000002,-46.463173499999996,,,,2,2023-06-14T05:31:23+00:00
SAO_2723-10,São Paulo,3550308,True,,33705,,,-23.487599000000003,-46.4633835,,,,2,2023-06-14T05:31:37+00:00
SAO_2723-10,São Paulo,3550308,True,,33705,,,-23.487226,-46.4637175,,,,2,2023-06-14T05:31:31+00:00
SAO_N502-11,São Paulo,3550308,True,,35144,,,-23.557548250000004,-46.61909125,,,,2,2023-06-14T05:31:29+00:00
SAO_6072-23,São Paulo,3550308,True,,2004,,,-23.766712,-46.716187500000004,,,,1,2023-06-14T05:31:44+00:00
SAO_6072-23,São Paulo,3550308,True,,2004,,,-23.767591,-46.7163045,,,,1,2023-06-14T05:31:13+00:00
SAO_6072-23,São Paulo,3550308,True,,2004,,,-23.772347,-46.71992,,,,1,2023-06-14T05:31:44+00:00
SAO_675R-10,São Paulo,3550308,True,,109,,,-23.644068,-46.657943,,,,1,2023-06-14T05:31:30+00:00
SAO_675R-10,São Paulo,3550308,True,,109,,,-23.751331,-46.688252,,,,1,2023-06-14T05:31:00+00:00
SAO_675R-10,São Paulo,3550308,True,,109,,,-23.754641,-46.679715,,,,1,2023-06-14T05:31:33+00:00
SAO_5013-10,São Paulo,3550308,True,,33885,,,-23.681486,-46.63249275,,,,2,2023-06-14T05:31:31+00:00
SAO_5013-10,São Paulo,3550308,True,,33885,,,-23.68201,-46.632758749999994,,,,2,2023-06-14T05:30:55+00:00
SAO_5013-10,São Paulo,3550308,True,,33885,,,-23.67450975,-46.6782595,,,,2,2023-06-14T05:31:09+00:00
SAO_5105-10,São Paulo,3550308,True,,1651,,,-23.587950749999997,-46.59818925,,,,1,2023-06-14T05:31:25+00:00
SAO_5105-10,São Paulo,3550308,True,,1651,,,-23.603084250000002,-46.60265125,,,,1,2023-06-14T05:31:43+00:00
SAO_5105-10,São Paulo,3550308,True,,1651,,,-23.57484325,-46.6027775,,,,1,2023-06-14T05:31:33+00:00
SAO_875A-10,São Paulo,3550308,True,,609,,,-23.533095,-46.674427,,,,1,2023-06-14T05:31:17+00:00
SAO_875A-10,São Paulo,3550308,True,,609,,,-23.628226125,-46.643981375,,,,1,2023-06-14T05:31:38+00:00
SAO_875A-10,São Paulo,3550308,True,,609,,,-23.549547125,-46.653091875,,,,1,2023-06-14T05:31:37+00:00
SAO_8004-10,São Paulo,3550308,True,,1254,,,-23.503850999999997,-46.748137,,,,1,2023-06-14T05:31:30+00:00
SAO_8004-10,São Paulo,3550308,True,,1254,,,-23.469990000000003,-46.751969,,,,1,2023-06-14T05:29:25+00:00
SAO_5142-10,São Paulo,3550308,True,,34394,,,-23.6040565,-46.516653,,,,2,2023-06-14T05:31:20+00:00
SAO_5142-10,São Paulo,3550308,True,,34394,,,-23.567095000000002,-46.617407,,,,2,2023-06-14T05:31:25+00:00
SAO_5142-10,São Paulo,3550308,True,,34394,,,-23.5671335,-46.616830500000006,,,,2,2023-06-14T05:31:25+00:00
SAO_5142-10,São Paulo,3550308,True,,34394,,,-23.6139405,-46.501206499999995,,,,2,2023-06-14T05:31:30+00:00
SAO_3027-10,São Paulo,3550308,True,,33731,,,-23.5663895,-46.4680315,,,,2,2023-06-14T05:31:21+00:00
SAO_6026-10,São Paulo,3550308,True,,32855,,,-23.740912,-46.704578,,,,2,2023-06-14T05:31:46+00:00
SAO_6026-10,São Paulo,3550308,True,,32855,,,-23.678960500000002,-46.69667525,,,,2,2023-06-14T05:31:21+00:00
SAO_5630-10,São Paulo,3550308,True,,32846,,,-23.7367375,-46.696807,,,,2,2023-06-14T05:31:13+00:00
SAO_5630-10,São Paulo,3550308,True,,32846,,,-23.546747,-46.6164905,,,,2,2023-06-14T05:31:17+00:00
SAO_5630-10,São Paulo,3550308,True,,32846,,,-23.683536,-46.6912135,,,,2,2023-06-14T05:31:28+00:00
SAO_5630-10,São Paulo,3550308,True,,32846,,,-23.7358045,-46.6959215,,,,2,2023-06-14T05:31:38+00:00
SAO_5034-31,São Paulo,3550308,True,,1664,,,-23.6029265,-46.603229,,,,1,2023-06-14T05:31:18+00:00
SAO_8030-10,São Paulo,3550308,True,,35330,,,-23.59999525,-46.7358155,,,,2,2023-06-14T05:31:04+00:00
SAO_8030-10,São Paulo,3550308,True,,35330,,,-23.623484249999997,-46.728172,,,,2,2023-06-14T05:31:27+00:00
SAO_5141-10,São Paulo,3550308,True,,1625,,,-23.542628,-46.627095999999995,,,,1,2023-06-14T05:30:30+00:00
SAO_5141-10,São Paulo,3550308,True,,1625,,,-23.614258999999997,-46.501757,,,,1,2023-06-14T05:31:26+00:00
SAO_4310-10,São Paulo,3550308,True,,2160,,,-23.535320187499998,-46.550744062499994,,,,1,2023-06-14T05:31:44+00:00
SAO_4310-10,São Paulo,3550308,True,,2160,,,-23.534838999999998,-46.453271,,,,1,2023-06-14T05:31:46+00:00
SAO_4310-10,São Paulo,3550308,True,,2160,,,-23.534838999999998,-46.453271,,,,1,2023-06-14T05:31:17+00:00
SAO_4310-10,São Paulo,3550308,True,,2160,,,-23.538235,-46.565107499999996,,,,1,2023-06-14T05:31:13+00:00
SAO_4310-10,São Paulo,3550308,True,,2160,,,-23.5515695,-46.624459,,,,1,2023-06-14T05:31:31+00:00
SAO_8020-10,São Paulo,3550308,True,,34494,,,-23.58929825,-46.71591275,,,,2,2023-06-14T05:31:16+00:00
SAO_508L-10,São Paulo,3550308,True,EMTU,117,https://moovitapp.com/index/pt-br/transporte_p%C3%BAblico-line-117-Sao_Paulo-242-2038937-36419277-0,4.8,-23.549818375,-46.65974075,,,,1,2023-06-14T05:31:35+00:00
SAO_508L-10,São Paulo,3550308,True,EMTU,117,https://moovitapp.com/index/pt-br/transporte_p%C3%BAblico-line-117-Sao_Paulo-242-2038937-36419277-0,4.8,-23.5773275,-46.6409095,,,,1,2023-06-14T05:31:37+00:00
SAO_1896-10,São Paulo,3550308,True,,35288,,,-23.481738999999997,-46.7410085,,,,2,2023-06-14T05:31:07+00:00
SAO_1896-10,São Paulo,3550308,True,,35288,,,-23.543921375,-46.638149625,,,,2,2023-06-14T05:31:35+00:00
SAO_1896-10,São Paulo,3550308,True,,35288,,,-23.521074499999997,-46.699605500000004,,,,2,2023-06-14T05:31:09+00:00
SAO_1896-10,São Paulo,3550308,True,,35288,,,-23.447287250000002,-46.74545125,,,,2,2023-06-14T05:31:30+00:00
SAO_2552-10,São Paulo,3550308,True,,32910,,,-23.5117145,-46.5109505,,,,2,2023-06-14T05:31:11+00:00
SAO_2552-10,São Paulo,3550308,True,,32910,,,-23.5383115,-46.601995,,,,2,2023-06-14T05:31:06+00:00
SAO_2552-10,São Paulo,3550308,True,,32910,,,-23.535543750000002,-46.57404325,,,,2,2023-06-14T05:31:31+00:00
SAO_2552-10,São Paulo,3550308,True,,32910,,,-23.5118425,-46.500848,,,,2,2023-06-14T05:31:31+00:00
SAO_2552-10,São Paulo,3550308,True,,32910,,,-23.489174499999997,-46.420949500000006,,,,2,2023-06-14T05:30:48+00:00
SAO_2552-10,São Paulo,3550308,True,,32910,,,-23.48438325,-46.423771,,,,2,2023-06-14T05:31:37+00:00
SAO_2552-10,São Paulo,3550308,True,,32910,,,-23.50721325,-46.478616,,,,2,2023-06-14T05:31:37+00:00
SAO_8047-41,São Paulo,3550308,True,,33178,,,-23.52517625,-46.741083,,,,2,2023-06-14T05:31:18+00:00
SAO_8047-41,São Paulo,3550308,True,,33178,,,-23.444962625000002,-46.748129250000005,,,,2,2023-06-14T05:31:29+00:00
SAO_3006-21,São Paulo,3550308,True,,35318,,,-23.542133,-46.4148525,,,,2,2023-06-14T05:31:01+00:00
SAO_6078-10,São Paulo,3550308,True,,33934,,,-23.7563975,-46.6678165,,,,2,2023-06-14T05:31:34+00:00
SAO_5154-10,São Paulo,3550308,True,,33121,,,-23.646549812499998,-46.70300625,,,,2,2023-06-14T05:31:43+00:00
SAO_5154-10,São Paulo,3550308,True,,33121,,,-23.6082335,-46.668510125,,,,2,2023-06-14T05:31:14+00:00
SAO_5154-10,São Paulo,3550308,True,,33121,,,-23.554797999999998,-46.64031275,,,,2,2023-06-14T05:31:47+00:00
SAO_2767-10,São Paulo,3550308,True,,33009,,,-23.52355925,-46.5462585,,,,2,2023-06-14T05:31:44+00:00
SAO_2767-10,São Paulo,3550308,True,,33009,,,-23.50654875,-46.4583015,,,,2,2023-06-14T05:31:37+00:00
SAO_121G-10,São Paulo,3550308,True,,33459,,,-23.4816675,-46.592599500000006,,,,2,2023-06-14T05:31:32+00:00
SAO_637A-10,São Paulo,3550308,True,,32953,,,-23.689751,-46.773829500000005,,,,2,2023-06-14T05:31:26+00:00
SAO_637A-10,São Paulo,3550308,True,,32953,,,-23.6675885,-46.730721,,,,2,2023-06-14T05:31:42+00:00
SAO_637A-10,São Paulo,3550308,True,,32953,,,-23.588956000000003,-46.692911499999994,,,,2,2023-06-14T05:31:06+00:00
SAO_637A-10,São Paulo,3550308,True,,32953,,,-23.575138250000002,-46.6883195,,,,2,2023-06-14T05:31:30+00:00
SAO_637A-10,São Paulo,3550308,True,,32953,,,-23.678326,-46.762874,,,,2,2023-06-14T05:29:06+00:00
SAO_637A-10,São Paulo,3550308,True,,32953,,,-23.6901525,-46.774198999999996,,,,2,2023-06-14T05:31:11+00:00
SAO_2127-10,São Paulo,3550308,True,,33461,,,-23.515624,-46.60465175,,,,2,2023-06-14T05:31:05+00:00
SAO_2127-10,São Paulo,3550308,True,,33461,,,-23.478293,-46.56974099999999,,,,2,2023-06-14T05:31:43+00:00
SAO_2127-10,São Paulo,3550308,True,,33461,,,-23.5453765,-46.620453499999996,,,,2,2023-06-14T05:31:32+00:00
SAO_2011-10,São Paulo,3550308,True,,2136,,,-23.467816749999997,-46.583675,,,,1,2023-06-14T05:31:13+00:00
SAO_3736-10,São Paulo,3550308,True,,1036,,,-23.575533,-46.4834125,,,,1,2023-06-14T05:31:05+00:00
SAO_3736-10,São Paulo,3550308,True,,1036,,,-23.575533,-46.4834125,,,,1,2023-06-14T05:31:24+00:00
SAO_3736-10,São Paulo,3550308,True,,1036,,,-23.5529105,-46.4843045,,,,1,2023-06-14T05:31:24+00:00
SAO_3736-10,São Paulo,3550308,True,,1036,,,-23.575533,-46.4834125,,,,1,2023-06-14T05:31:34+00:00
SAO_3736-10,São Paulo,3550308,True,,1036,,,-23.575533,-46.4834125,,,,1,2023-06-14T05:31:46+00:00
SAO_3736-10,São Paulo,3550308,True,,1036,,,-23.575533,-46.4834125,,,,1,2023-06-14T05:31:14+00:00
SAO_6043-10,São Paulo,3550308,True,,33988,,,-23.658476999999998,-46.744626499999995,,,,2,2023-06-14T05:31:31+00:00
SAO_6042-21,São Paulo,3550308,True,,34543,,,-23.6540545,-46.763478,,,,2,2023-06-14T05:31:48+00:00
SAO_3462-10,São Paulo,3550308,True,EMTU,247,https://moovitapp.com/index/pt-br/transporte_p%C3%BAblico-line-247-Sao_Paulo-242-2038937-36419359-0,6.55,-23.533782,-46.488301750000005,,,,1,2023-06-14T05:31:41+00:00
SAO_6017-10,São Paulo,3550308,True,,1206,,,-23.646524499999998,-46.704567999999995,,,,1,2023-06-14T05:31:20+00:00
SAO_6017-10,São Paulo,3550308,True,,1206,,,-23.671774,-46.7412225,,,,1,2023-06-14T05:31:32+00:00
SAO_6017-10,São Paulo,3550308,True,,1206,,,-23.696863,-46.760326500000005,,,,1,2023-06-14T05:31:05+00:00
SAO_6017-10,São Paulo,3550308,True,,1206,,,-23.679985875,-46.764589875,,,,1,2023-06-14T05:31:40+00:00
SAO_6017-10,São Paulo,3550308,True,,1206,,,-23.696498499999997,-46.76089,,,,1,2023-06-14T05:31:26+00:00
SAO_746C-10,São Paulo,3550308,True,STT,783,https://moovitapp.com/index/pt-br/transporte_p%C3%BAblico-line-783-Sao_Paulo-242-850661-183351-0,5.3,-23.6226395,-46.7385935,,,,1,2023-06-14T05:31:33+00:00
SAO_746C-10,São Paulo,3550308,True,STT,783,https://moovitapp.com/index/pt-br/transporte_p%C3%BAblico-line-783-Sao_Paulo-242-850661-183351-0,5.3,-23.639575875,-46.72260675,,,,1,2023-06-14T05:26:06+00:00
SAO_746C-10,São Paulo,3550308,True,STT,783,https://moovitapp.com/index/pt-br/transporte_p%C3%BAblico-line-783-Sao_Paulo-242-850661-183351-0,5.3,-23.6498405,-46.707801,,,,1,2023-06-14T05:31:05+00:00
SAO_6045-21,São Paulo,3550308,True,,34932,,,-23.6614595,-46.768571,,,,2,2023-06-14T05:31:04+00:00
SAO_6200-10,São Paulo,3550308,True,,33123,,,-23.652586625,-46.72356512500001,,,,2,2023-06-14T05:31:19+00:00
SAO_6200-10,São Paulo,3550308,True,,33123,,,-23.575943000000002,-46.669936,,,,2,2023-06-14T05:31:38+00:00
SAO_373L-10,São Paulo,3550308,True,,33795,,,-23.6227125,-46.414294,,,,2,2023-06-14T05:31:37+00:00
SAO_373L-10,São Paulo,3550308,True,,33795,,,-23.604969500000003,-46.4288195,,,,2,2023-06-14T05:31:34+00:00
SAO_4004-10,São Paulo,3550308,True,,2178,,,-23.58736125,-46.406421249999994,,,,1,2023-06-14T05:28:48+00:00
SAO_4004-10,São Paulo,3550308,True,,2178,,,-23.5834235,-46.407529999999994,,,,1,2023-06-14T05:31:29+00:00
SAO_179X-10,São Paulo,3550308,True,STT,680,https://moovitapp.com/index/pt-br/transporte_p%C3%BAblico-line-680-Sao_Paulo-242-850661-183334-0,5.3,-23.511228,-46.625122250000004,,,,1,2023-06-14T05:31:21+00:00
SAO_179X-10,São Paulo,3550308,True,STT,680,https://moovitapp.com/index/pt-br/transporte_p%C3%BAblico-line-680-Sao_Paulo-242-850661-183334-0,5.3,-23.452106999999998,-46.588797,,,,1,2023-06-14T05:31:49+00:00
SAO_2032-10,São Paulo,3550308,True,,35034,,,-23.484436000000002,-46.5735145,,,,2,2023-06-14T05:31:28+00:00
SAO_3139-10,São Paulo,3550308,True,,995,,,-23.553771,-46.618669,,,,1,2023-06-14T05:31:39+00:00
SAO_4222-10,São Paulo,3550308,True,,33056,,,-23.6059235,-46.5129965,,,,2,2023-06-14T05:31:19+00:00
SAO_4222-10,São Paulo,3550308,True,,33056,,,-23.6023675,-46.530199499999995,,,,2,2023-06-14T05:31:17+00:00
SAO_4222-10,São Paulo,3550308,True,,33056,,,-23.566516625,-46.606283125000004,,,,2,2023-06-14T05:31:17+00:00
SAO_8194-10,São Paulo,3550308,True,,805,,,-23.467498,-46.6781805,,,,1,2023-06-14T05:31:28+00:00
SAO_8194-10,São Paulo,3550308,True,,805,,,-23.407198,-46.735012499999996,,,,1,2023-06-14T05:31:33+00:00
SAO_8194-10,São Paulo,3550308,True,,805,,,-23.4116035,-46.750313,,,,1,2023-06-14T05:31:37+00:00
SAO_1744-10,São Paulo,3550308,True,,33312,,,-23.496773500000003,-46.628341500000005,,,,2,2023-06-14T05:31:08+00:00
SAO_1744-10,São Paulo,3550308,True,,33312,,,-23.47214175,-46.642127375,,,,2,2023-06-14T05:31:29+00:00
SAO_1744-10,São Paulo,3550308,True,,33312,,,-23.472376,-46.64149449999999,,,,2,2023-06-14T05:31:17+00:00
SAO_407H-10,São Paulo,3550308,True,,2197,,,-23.630965500000002,-46.4467205,,,,1,2023-06-14T05:31:24+00:00
SAO_407H-10,São Paulo,3550308,True,,2197,,,-23.598689,-46.453281,,,,1,2023-06-14T05:30:25+00:00
SAO_407H-10,São Paulo,3550308,True,,2197,,,-23.5443405,-46.4653265,,,,1,2023-06-14T05:31:20+00:00
SAO_745M-10,São Paulo,3550308,True,,782,,,-23.6637095,-46.76981,,,,1,2023-06-14T05:31:21+00:00
SAO_745M-10,São Paulo,3550308,True,,782,,,-23.681756125,-46.69138975,,,,1,2023-06-14T05:31:06+00:00
SAO_745M-10,São Paulo,3550308,True,,782,,,-23.682125624999998,-46.69107475,,,,1,2023-06-14T05:31:05+00:00
SAO_745M-10,São Paulo,3550308,True,,782,,,-23.637383,-46.779483,,,,1,2023-06-14T05:31:48+00:00
SAO_745M-10,São Paulo,3550308,True,,782,,,-23.6374695,-46.7795415,,,,1,2023-06-14T05:31:43+00:00
SAO_6262-10,São Paulo,3550308,True,,34139,,,-23.530085375,-46.731711000000004,,,,2,2023-06-14T05:31:05+00:00
SAO_6262-10,São Paulo,3550308,True,,34139,,,-23.5603275,-46.6551405,,,,2,2023-06-14T05:31:11+00:00
SAO_6262-10,São Paulo,3550308,True,,34139,,,-23.537047,-46.7249725,,,,2,2023-06-14T05:31:27+00:00
SAO_3787-10,São Paulo,3550308,True,,34380,,,-23.56241275,-46.4461925,,,,2,2023-06-14T05:31:14+00:00
SAO_3787-10,São Paulo,3550308,True,,34380,,,-23.60186025,-46.398567,,,,2,2023-06-14T05:31:31+00:00
SAO_3787-10,São Paulo,3550308,True,,34380,,,-23.601295750000002,-46.404359,,,,2,2023-06-14T05:31:04+00:00
SAO_3787-10,São Paulo,3550308,True,,34380,,,-23.5943525,-46.4129645,,,,2,2023-06-14T05:31:30+00:00
SAO_3787-10,São Paulo,3550308,True,,34380,,,-23.55775775,-46.4462135,,,,2,2023-06-14T05:31:27+00:00
SAO_2703-10,São Paulo,3550308,True,,33683,,,-23.529075,-46.42023275,,,,2,2023-06-14T05:31:14+00:00
SAO_2703-10,São Paulo,3550308,True,,33683,,,-23.528895,-46.420494250000004,,,,2,2023-06-14T05:31:04+00:00
SAO_2703-10,São Paulo,3550308,True,,33683,,,-23.522907,-46.42693,,,,2,2023-06-14T05:31:24+00:00
SAO_2703-10,São Paulo,3550308,True,,33683,,,-23.535671999999998,-46.4544545,,,,2,2023-06-14T05:31:38+00:00
SAO_715M-10,São Paulo,3550308,True,,33258,,,-23.571602375,-46.696492875000004,,,,2,2023-06-14T05:31:07+00:00
SAO_715M-10,São Paulo,3550308,True,,33258,,,-23.58507,-46.7551355,,,,2,2023-06-14T05:31:39+00:00
SAO_715M-10,São Paulo,3550308,True,,33258,,,-23.56325125,-46.654227000000006,,,,2,2023-06-14T05:31:48+00:00
SAO_715M-10,São Paulo,3550308,True,,33258,,,-23.557294,-46.64040625,,,,2,2023-06-14T05:31:40+00:00
SAO_715M-10,São Paulo,3550308,True,,33258,,,-23.5566095,-46.634146,,,,2,2023-06-14T05:31:15+00:00
SAO_715M-10,São Paulo,3550308,True,,33258,,,-23.582764,-46.761630999999994,,,,2,2023-06-14T05:31:10+00:00
SAO_715M-10,São Paulo,3550308,True,,33258,,,-23.577744,-46.743339,,,,2,2023-06-14T05:31:13+00:00
SAO_N207-11,São Paulo,3550308,True,,35085,,,-23.495928,-46.662061,,,,2,2023-06-14T05:31:33+00:00
SAO_N207-11,São Paulo,3550308,True,,35085,,,-23.5475055,-46.6302635,,,,2,2023-06-14T05:31:31+00:00
SAO_307C-10,São Paulo,3550308,True,,34882,,,-23.5037935,-46.379870499999996,,,,2,2023-06-14T05:31:14+00:00
SAO_307C-10,São Paulo,3550308,True,,34882,,,-23.513021625,-46.39278075,,,,2,2023-06-14T05:31:29+00:00
SAO_307C-10,São Paulo,3550308,True,,34882,,,-23.49155975,-46.44657925,,,,2,2023-06-14T05:31:07+00:00
SAO_307C-10,São Paulo,3550308,True,,34882,,,-23.5033965,-46.471863750000004,,,,2,2023-06-14T05:31:28+00:00
SAO_1017-10,São Paulo,3550308,True,,34909,,,-23.4697465,-46.71376,,,,2,2023-06-14T05:31:25+00:00
SAO_1017-10,São Paulo,3550308,True,,34909,,,-23.405804749999998,-46.756376,,,,2,2023-06-14T05:31:28+00:00
SAO_1017-10,São Paulo,3550308,True,,34909,,,-23.413738000000002,-46.750985,,,,2,2023-06-14T05:31:36+00:00
SAO_1017-10,São Paulo,3550308,True,,34909,,,-23.445864625,-46.717133375,,,,2,2023-06-14T05:31:44+00:00
SAO_8015-10,São Paulo,3550308,True,,34113,,,-23.4815805,-46.7165795,,,,2,2023-06-14T05:31:23+00:00
SAO_8015-10,São Paulo,3550308,True,,34113,,,-23.39880675,-46.75126325,,,,2,2023-06-14T05:31:13+00:00
SAO_8015-10,São Paulo,3550308,True,,34113,,,-23.3891815,-46.738451999999995,,,,2,2023-06-14T05:31:32+00:00
SAO_1757-10,São Paulo,3550308,True,,33316,,,-23.471317499999998,-46.6368435,,,,2,2023-06-14T05:31:25+00:00
SAO_1757-10,São Paulo,3550308,True,,33316,,,-23.500336,-46.624546,,,,2,2023-06-14T05:31:38+00:00
SAO_8000-10,São Paulo,3550308,True,,34041,,,-23.525676875,-46.679121125,,,,2,2023-06-14T05:31:13+00:00
SAO_517J-10,São Paulo,3550308,True,,33897,,,-23.686676249999998,-46.6573345,,,,2,2023-06-14T05:31:35+00:00
SAO_517J-10,São Paulo,3550308,True,,33897,,,-23.625897000000002,-46.6909115,,,,2,2023-06-14T05:31:30+00:00
SAO_517J-10,São Paulo,3550308,True,,33897,,,-23.6942075,-46.653941,,,,2,2023-06-14T05:31:29+00:00
SAO_4017-10,São Paulo,3550308,True,,34958,,,-23.586068500000003,-46.4092865,,,,2,2023-06-14T05:31:39+00:00
SAO_4017-10,São Paulo,3550308,True,,34958,,,-23.573402,-46.393754,,,,2,2023-06-14T05:31:02+00:00
SAO_3796-10,São Paulo,3550308,True,,33842,,,-23.58877925,-46.446368875,,,,2,2023-06-14T05:31:46+00:00
SAO_3796-10,São Paulo,3550308,True,,33842,,,-23.5498035,-46.4621065,,,,2,2023-06-14T05:31:43+00:00
SAO_7550-10,São Paulo,3550308,True,,2093,,,-23.654166500000002,-46.711513,,,,1,2023-06-14T05:31:17+00:00
SAO_7550-10,São Paulo,3550308,True,,2093,,,-23.654109,-46.709678,,,,1,2023-06-14T05:31:48+00:00
SAO_7550-10,São Paulo,3550308,True,,2093,,,-23.654166500000002,-46.711513,,,,1,2023-06-14T05:31:30+00:00
SAO_8025-10,São Paulo,3550308,True,,2076,,,-23.59181125,-46.73579,,,,1,2023-06-14T05:31:12+00:00
SAO_8025-10,São Paulo,3550308,True,,2076,,,-23.589796999999997,-46.7712085,,,,1,2023-06-14T05:31:23+00:00
SAO_2702-10,São Paulo,3550308,True,,914,,,-23.492538,-46.443638500000006,,,,1,2023-06-14T05:31:42+00:00
SAO_2702-10,São Paulo,3550308,True,,914,,,-23.540101,-46.483252,,,,1,2023-06-14T05:31:07+00:00
SAO_2702-10,São Paulo,3550308,True,,914,,,-23.495735500000002,-46.4447775,,,,1,2023-06-14T05:31:29+00:00
SAO_9717-10,São Paulo,3550308,True,,817,,,-23.4774045,-46.681499,,,,1,2023-06-14T05:31:34+00:00
SAO_5175-10,São Paulo,3550308,True,,593,,,-23.687024,-46.6385275,,,,1,2023-06-14T05:31:16+00:00
SAO_5175-10,São Paulo,3550308,True,,593,,,-23.664074749999997,-46.67850525,,,,1,2023-06-14T05:31:41+00:00
SAO_5175-10,São Paulo,3550308,True,,593,,,-23.702581000000002,-46.6501255,,,,1,2023-06-14T05:31:20+00:00
SAO_5175-10,São Paulo,3550308,True,,593,,,-23.568310750000002,-46.649578000000005,,,,1,2023-06-14T05:31:16+00:00
SAO_5175-10,São Paulo,3550308,True,,593,,,-23.702581000000002,-46.6501255,,,,1,2023-06-14T05:31:05+00:00
SAO_6071-10,São Paulo,3550308,True,,33924,,,-23.698785,-46.692432,,,,2,2023-06-14T05:31:10+00:00
SAO_6071-10,São Paulo,3550308,True,,33924,,,-23.65908975,-46.7012395,,,,2,2023-06-14T05:31:48+00:00
SAO_6071-10,São Paulo,3550308,True,,33924,,,-23.72222325,-46.68881025,,,,2,2023-06-14T05:31:15+00:00
SAO_372U-10,São Paulo,3550308,True,,1016,,,-23.541065,-46.576965,,,,1,2023-06-14T05:31:14+00:00
SAO_372U-10,São Paulo,3550308,True,,1016,,,-23.555024500000002,-46.56034475,,,,1,2023-06-14T05:31:11+00:00
SAO_372U-10,São Paulo,3550308,True,,1016,,,-23.54132,-46.57769475,,,,1,2023-06-14T05:31:36+00:00
SAO_4006-10,São Paulo,3550308,True,,34948,,,-23.59722475,-46.436351125,,,,2,2023-06-14T05:31:11+00:00
SAO_4006-10,São Paulo,3550308,True,,34948,,,-23.6022325,-46.438126499999996,,,,2,2023-06-14T05:31:33+00:00
SAO_5300-10,São Paulo,3550308,True,EMTU,354,https://moovitapp.com/index/pt-br/transporte_p%C3%BAblico-line-354-Sao_Paulo-242-2038937-36419437-0,7.55,-23.654195,-46.711744499999995,,,,1,2023-06-14T05:31:29+00:00
SAO_5300-10,São Paulo,3550308,True,EMTU,354,https://moovitapp.com/index/pt-br/transporte_p%C3%BAblico-line-354-Sao_Paulo-242-2038937-36419437-0,7.55,-23.621113,-46.6786125,,,,1,2023-06-14T05:31:44+00:00
SAO_5300-10,São Paulo,3550308,True,EMTU,354,https://moovitapp.com/index/pt-br/transporte_p%C3%BAblico-line-354-Sao_Paulo-242-2038937-36419437-0,7.55,-23.654195,-46.711744499999995,,,,1,2023-06-14T05:31:23+00:00
SAO_5300-10,São Paulo,3550308,True,EMTU,354,https://moovitapp.com/index/pt-br/transporte_p%C3%BAblico-line-354-Sao_Paulo-242-2038937-36419437-0,7.55,-23.654195,-46.711744499999995,,,,1,2023-06-14T05:31:17+00:00
SAO_5300-10,São Paulo,3550308,True,EMTU,354,https://moovitapp.com/index/pt-br/transporte_p%C3%BAblico-line-354-Sao_Paulo-242-2038937-36419437-0,7.55,-23.654195,-46.711744499999995,,,,1,2023-06-14T05:31:19+00:00
SAO_5300-10,São Paulo,3550308,True,EMTU,354,https://moovitapp.com/index/pt-br/transporte_p%C3%BAblico-line-354-Sao_Paulo-242-2038937-36419437-0,7.55,-23.546505,-46.630880000000005,,,,1,2023-06-14T05:31:22+00:00
SAO_5300-10,São Paulo,3550308,True,EMTU,354,https://moovitapp.com/index/pt-br/transporte_p%C3%BAblico-line-354-Sao_Paulo-242-2038937-36419437-0,7.55,-23.654195,-46.711744499999995,,,,1,2023-06-14T05:31:38+00:00
SAO_5300-10,São Paulo,3550308,True,EMTU,354,https://moovitapp.com/index/pt-br/transporte_p%C3%BAblico-line-354-Sao_Paulo-242-2038937-36419437-0,7.55,-23.654195,-46.711744499999995,,,,1,2023-06-14T05:31:18+00:00
SAO_5300-10,São Paulo,3550308,True,EMTU,354,https://moovitapp.com/index/pt-br/transporte_p%C3%BAblico-line-354-Sao_Paulo-242-2038937-36419437-0,7.55,-23.654195,-46.711744499999995,,,,1,2023-06-14T05:31:29+00:00
SAO_2772-10,São Paulo,3550308,True,,33166,,,-23.533080499999997,-46.543136,,,,2,2023-06-14T05:31:07+00:00
SAO_2772-10,São Paulo,3550308,True,,33166,,,-23.513284499999997,-46.516854,,,,2,2023-06-14T05:31:34+00:00
SAO_2772-10,São Paulo,3550308,True,,33166,,,-23.5075325,-46.489591250000004,,,,2,2023-06-14T05:31:34+00:00
SAO_2772-10,São Paulo,3550308,True,,33166,,,-23.533080499999997,-46.543136,,,,2,2023-06-14T05:31:42+00:00
SAO_2772-10,São Paulo,3550308,True,,33166,,,-23.507914,-46.413594,,,,2,2023-06-14T05:31:41+00:00
SAO_2772-10,São Paulo,3550308,True,,33166,,,-23.49980575,-46.4128955,,,,2,2023-06-14T05:31:22+00:00
SAO_5091-10,São Paulo,3550308,True,,1523,,,-23.638963625,-46.641260875,,,,1,2023-06-14T05:31:10+00:00
SAO_172K-10,São Paulo,3550308,True,,33625,,,-23.5372395,-46.599286500000005,,,,2,2023-06-14T05:31:37+00:00
SAO_172K-10,São Paulo,3550308,True,,33625,,,-23.48142325,-46.603758125,,,,2,2023-06-14T05:31:11+00:00
SAO_172K-10,São Paulo,3550308,True,,33625,,,-23.49608425,-46.59809,,,,2,2023-06-14T05:31:22+00:00
SAO_1759-10,São Paulo,3550308,True,,553,,,-23.483169,-46.6316585,,,,1,2023-06-14T05:31:46+00:00
SAO_8549-10,São Paulo,3550308,True,,33348,,,-23.496611,-46.69276,,,,2,2023-06-14T05:31:33+00:00
SAO_8549-10,São Paulo,3550308,True,,33348,,,-23.455434500000003,-46.6937785,,,,2,2023-06-14T05:31:30+00:00
SAO_8549-10,São Paulo,3550308,True,,33348,,,-23.525108,-46.68243,,,,2,2023-06-14T05:31:03+00:00
SAO_607M-10,São Paulo,3550308,True,,34804,,,-23.62632975,-46.703208249999996,,,,2,2023-06-14T05:31:12+00:00
SAO_7903-10,São Paulo,3550308,True,,33280,,,-23.5476045,-46.640784,,,,2,2023-06-14T05:31:42+00:00
SAO_7903-10,São Paulo,3550308,True,,33280,,,-23.600395499999998,-46.7841735,,,,2,2023-06-14T05:31:37+00:00
SAO_7903-10,São Paulo,3550308,True,,33280,,,-23.5754325,-46.7176135,,,,2,2023-06-14T05:31:23+00:00
SAO_971M-10,São Paulo,3550308,True,,612,,,-23.481932,-46.6320255,,,,1,2023-06-14T05:31:28+00:00
SAO_971M-10,São Paulo,3550308,True,,612,,,-23.50089775,-46.62579637500001,,,,1,2023-06-14T05:31:39+00:00
SAO_6063-10,São Paulo,3550308,True,,33920,,,-23.7736105,-46.7001355,,,,2,2023-06-14T05:31:09+00:00
SAO_6063-10,São Paulo,3550308,True,,33920,,,-23.783673,-46.6827105,,,,2,2023-06-14T05:31:27+00:00
SAO_6063-10,São Paulo,3550308,True,,33920,,,-23.773763000000002,-46.700019999999995,,,,2,2023-06-14T05:31:16+00:00
SAO_6063-10,São Paulo,3550308,True,,33920,,,-23.783673,-46.6827105,,,,2,2023-06-14T05:31:26+00:00
SAO_6063-10,São Paulo,3550308,True,,33920,,,-23.78403325,-46.68289,,,,2,2023-06-14T05:31:41+00:00
SAO_407N-10,São Paulo,3550308,True,,2169,,,-23.583056749999997,-46.415069,,,,1,2023-06-14T05:28:32+00:00
SAO_407N-10,São Paulo,3550308,True,,2169,,,-23.598276499999997,-46.462346,,,,1,2023-06-14T05:31:15+00:00
SAO_407N-10,São Paulo,3550308,True,,2169,,,-23.534121,-46.543020999999996,,,,1,2023-06-14T05:31:19+00:00
SAO_8010-10,São Paulo,3550308,True,,798,,,-23.419342999999998,-46.7491585,,,,1,2023-06-14T05:31:24+00:00
SAO_8010-10,São Paulo,3550308,True,,798,,,-23.51816525,-46.70211325,,,,1,2023-06-14T05:31:41+00:00
SAO_6042-10,São Paulo,3550308,True,,1219,,,-23.65126075,-46.707950999999994,,,,1,2023-06-14T05:31:37+00:00
SAO_6042-10,São Paulo,3550308,True,,1219,,,-23.672669,-46.7646945,,,,1,2023-06-14T05:31:03+00:00
SAO_746K-10,São Paulo,3550308,True,STT,787,https://moovitapp.com/index/pt-br/transporte_p%C3%BAblico-line-787-Sao_Paulo-242-850661-183355-0,5.3,-23.618436000000003,-46.721787500000005,,,,1,2023-06-14T05:31:12+00:00
SAO_707A-10,São Paulo,3550308,True,,1990,,,-23.669137499999998,-46.73461125,,,,1,2023-06-14T05:31:45+00:00
SAO_707A-10,São Paulo,3550308,True,,1990,,,-23.675841,-46.75692025,,,,1,2023-06-14T05:31:42+00:00
SAO_707A-10,São Paulo,3550308,True,,1990,,,-23.692511000000003,-46.7778525,,,,1,2023-06-14T05:31:43+00:00
SAO_707A-10,São Paulo,3550308,True,,1990,,,-23.666136875,-46.715764375,,,,1,2023-06-14T05:31:42+00:00
SAO_707A-10,São Paulo,3550308,True,,1990,,,-23.665815000000002,-46.7117615,,,,1,2023-06-14T05:31:17+00:00
SAO_707A-10,São Paulo,3550308,True,,1990,,,-23.611078,-46.637181,,,,1,2023-06-14T05:31:09+00:00
SAO_8538-10,São Paulo,3550308,True,,34127,,,-23.488499,-46.705948375,,,,2,2023-06-14T05:30:49+00:00
SAO_6418-10,São Paulo,3550308,True,,33539,,,-23.605470625000002,-46.682599,,,,2,2023-06-14T05:31:28+00:00
SAO_3735-10,São Paulo,3550308,True,,33803,,,-23.541323,-46.4845135,,,,2,2023-06-14T05:31:36+00:00
SAO_3735-10,São Paulo,3550308,True,,33803,,,-23.545573,-46.500811999999996,,,,2,2023-06-14T05:31:36+00:00
SAO_3735-10,São Paulo,3550308,True,,33803,,,-23.5417935,-46.4841375,,,,2,2023-06-14T05:31:14+00:00
SAO_637A-10,São Paulo,3550308,True,,185,,,-23.5841835,-46.68321875,,,,1,2023-06-14T05:31:30+00:00
SAO_637A-10,São Paulo,3550308,True,,185,,,-23.565869,-46.701094499999996,,,,1,2023-06-14T05:31:05+00:00
SAO_637A-10,São Paulo,3550308,True,,185,,,-23.669014499999996,-46.734237750000005,,,,1,2023-06-14T05:31:23+00:00
SAO_573H-10,São Paulo,3550308,True,,1630,,,-23.561914375,-46.593670374999995,,,,1,2023-06-14T05:31:44+00:00
SAO_573H-10,São Paulo,3550308,True,,1630,,,-23.546872999999998,-46.608591000000004,,,,1,2023-06-14T05:31:25+00:00
SAO_573H-10,São Paulo,3550308,True,,1630,,,-23.5831795,-46.535168999999996,,,,1,2023-06-14T05:31:25+00:00
SAO_6027-10,São Paulo,3550308,True,,90,,,-23.7114245,-46.6990955,,,,1,2023-06-14T05:31:45+00:00
SAO_805L-10,São Paulo,3550308,True,EMTU,124,https://moovitapp.com/index/pt-br/transporte_p%C3%BAblico-line-124-Sao_Paulo-242-2038937-36419282-0,5.15,-23.536344874999998,-46.642668875,,,,1,2023-06-14T05:31:24+00:00
SAO_6063-42,São Paulo,3550308,True,,2002,,,-23.8114715,-46.665651,,,,1,2023-06-14T05:31:07+00:00
SAO_575C-10,São Paulo,3550308,True,,34454,,,-23.5825975,-46.5999365,,,,2,2023-06-14T05:31:08+00:00
SAO_390E-10,São Paulo,3550308,True,,1882,,,-23.5382745,-46.601580999999996,,,,1,2023-06-14T05:31:29+00:00
SAO_3053-10,São Paulo,3550308,True,,33741,,,-23.58734725,-46.51230625,,,,2,2023-06-14T05:31:40+00:00
SAO_3053-10,São Paulo,3550308,True,,33741,,,-23.586322000000003,-46.517802,,,,2,2023-06-14T05:31:07+00:00
SAO_3053-10,São Paulo,3550308,True,,33741,,,-23.584741,-46.495041,,,,2,2023-06-14T05:31:06+00:00
SAO_3053-10,São Paulo,3550308,True,,33741,,,-23.564211750000002,-46.560891749999996,,,,2,2023-06-14T05:31:47+00:00
SAO_3773-10,São Paulo,3550308,True,,33827,,,-23.613648249999997,-46.47027325,,,,2,2023-06-14T05:31:14+00:00
SAO_3773-10,São Paulo,3550308,True,,33827,,,-23.60364525,-46.4816365,,,,2,2023-06-14T05:31:32+00:00
SAO_3773-10,São Paulo,3550308,True,,33827,,,-23.559269125,-46.513891875,,,,2,2023-06-14T05:31:46+00:00
SAO_7011-31,São Paulo,3550308,True,,1954,,,-23.7083255,-46.7920035,,,,1,2023-06-14T05:31:27+00:00
SAO_7060-10,São Paulo,3550308,True,,1889,,,-23.674187500000002,-46.7879595,,,,1,2023-06-14T05:31:46+00:00
SAO_6052-10,São Paulo,3550308,True,,33912,,,-23.775509999999997,-46.691679,,,,2,2023-06-14T05:31:34+00:00
SAO_6052-10,São Paulo,3550308,True,,33912,,,-23.775509999999997,-46.691679,,,,2,2023-06-14T05:31:20+00:00
SAO_6052-10,São Paulo,3550308,True,,33912,,,-23.775509999999997,-46.691679,,,,2,2023-06-14T05:31:24+00:00
SAO_6052-10,São Paulo,3550308,True,,33912,,,-23.775509999999997,-46.691679,,,,2,2023-06-14T05:31:40+00:00
SAO_6052-10,São Paulo,3550308,True,,33912,,,-23.7648875,-46.6957575,,,,2,2023-06-14T05:31:46+00:00
SAO_6052-10,São Paulo,3550308,True,,33912,,,-23.775509999999997,-46.691679,,,,2,2023-06-14T05:31:11+00:00
SAO_1020-10,São Paulo,3550308,True,,2497,,,-23.4721695,-46.7252545,,,,1,2023-06-14T05:31:23+00:00
SAO_1020-10,São Paulo,3550308,True,,2497,,,-23.404693,-46.73866,,,,1,2023-06-14T05:31:29+00:00
SAO_N837-11,São Paulo,3550308,True,,35204,,,-23.644154,-46.733861000000005,,,,2,2023-06-14T05:31:31+00:00
SAO_3134-10,São Paulo,3550308,True,,993,,,-23.58261625,-46.582962499999994,,,,1,2023-06-14T05:31:20+00:00
SAO_3134-10,São Paulo,3550308,True,,993,,,-23.580374499999998,-46.5181565,,,,1,2023-06-14T05:31:27+00:00
SAO_3134-10,São Paulo,3550308,True,,993,,,-23.590992999999997,-46.5887705,,,,1,2023-06-14T05:31:03+00:00
SAO_8194-10,São Paulo,3550308,True,,33573,,,-23.42128975,-46.72910975,,,,2,2023-06-14T05:31:32+00:00
SAO_8194-10,São Paulo,3550308,True,,33573,,,-23.405774125,-46.756894,,,,2,2023-06-14T05:31:39+00:00
SAO_8194-10,São Paulo,3550308,True,,33573,,,-23.436710249999997,-46.712452000000006,,,,2,2023-06-14T05:31:29+00:00
SAO_6061-10,São Paulo,3550308,True,,1150,,,-23.78522025,-46.6837875,,,,1,2023-06-14T05:31:32+00:00
SAO_2161-10,São Paulo,3550308,True,,694,,,-23.4924635,-46.584970999999996,,,,1,2023-06-14T05:31:45+00:00
SAO_2161-10,São Paulo,3550308,True,,694,,,-23.542205000000003,-46.636548000000005,,,,1,2023-06-14T05:31:38+00:00
SAO_736G-10,São Paulo,3550308,True,,33548,,,-23.638572500000002,-46.7500675,,,,2,2023-06-14T05:31:08+00:00
SAO_7050-10,São Paulo,3550308,True,,34652,,,-23.658609,-46.78921425,,,,2,2023-06-14T05:31:41+00:00
SAO_7050-10,São Paulo,3550308,True,,34652,,,-23.6315435,-46.771726,,,,2,2023-06-14T05:31:19+00:00
SAO_N743-11,São Paulo,3550308,True,,2424,,,-23.643670999999998,-46.7338575,,,,1,2023-06-14T05:31:23+00:00
SAO_2552-10,São Paulo,3550308,True,,142,,,-23.537088,-46.593248,,,,1,2023-06-14T05:31:13+00:00
SAO_2552-10,São Paulo,3550308,True,,142,,,-23.5029555,-46.4715915,,,,1,2023-06-14T05:31:30+00:00
SAO_2552-10,São Paulo,3550308,True,,142,,,-23.522057,-46.5395755,,,,1,2023-06-14T05:31:23+00:00
SAO_2552-10,São Paulo,3550308,True,,142,,,-23.50725925,-46.48718375,,,,1,2023-06-14T05:31:38+00:00
SAO_2552-10,São Paulo,3550308,True,,142,,,-23.49206775,-46.447616249999996,,,,1,2023-06-14T05:31:14+00:00
SAO_2552-10,São Paulo,3550308,True,,142,,,-23.545886,-46.6302635,,,,1,2023-06-14T05:31:47+00:00
SAO_2740-10,São Paulo,3550308,True,,34560,,,-23.459727,-46.6207115,,,,2,2023-06-14T05:31:07+00:00
SAO_4033-10,São Paulo,3550308,True,,1103,,,-23.5947215,-46.505426,,,,1,2023-06-14T05:31:47+00:00
SAO_4033-10,São Paulo,3550308,True,,1103,,,-23.619807,-46.461239000000006,,,,1,2023-06-14T05:31:20+00:00
SAO_4033-10,São Paulo,3550308,True,,1103,,,-23.6129285,-46.488800999999995,,,,1,2023-06-14T05:31:24+00:00
SAO_4033-10,São Paulo,3550308,True,,1103,,,-23.604014499999998,-46.538113499999994,,,,1,2023-06-14T05:31:09+00:00
SAO_4033-10,São Paulo,3550308,True,,1103,,,-23.61771625,-46.458070250000006,,,,1,2023-06-14T05:31:15+00:00
SAO_6015-10,São Paulo,3550308,True,,1205,,,-23.653857000000002,-46.7067565,,,,1,2023-06-14T05:31:25+00:00
SAO_6015-10,São Paulo,3550308,True,,1205,,,-23.7160765,-46.78321925,,,,1,2023-06-14T05:31:22+00:00
SAO_6015-10,São Paulo,3550308,True,,1205,,,-23.734715,-46.7945555,,,,1,2023-06-14T05:31:41+00:00
SAO_7013-10,São Paulo,3550308,True,,33543,,,-23.6396455,-46.74996425,,,,2,2023-06-14T05:31:40+00:00
SAO_7013-10,São Paulo,3550308,True,,33543,,,-23.600198,-46.747525499999995,,,,2,2023-06-14T05:31:34+00:00
SAO_7013-10,São Paulo,3550308,True,,33543,,,-23.6397885,-46.7496145,,,,2,2023-06-14T05:31:31+00:00
SAO_746P-10,São Paulo,3550308,True,,33556,,,-23.6172295,-46.720997,,,,2,2023-06-14T05:31:41+00:00
SAO_746P-10,São Paulo,3550308,True,,33556,,,-23.649947,-46.7061525,,,,2,2023-06-14T05:31:21+00:00
SAO_746P-10,São Paulo,3550308,True,,33556,,,-23.64331675,-46.734660000000005,,,,2,2023-06-14T05:31:17+00:00
SAO_6L03-10,São Paulo,3550308,True,,1565,,,-23.879709,-46.778187,,,,1,2023-06-14T05:31:09+00:00
SAO_8006-10,São Paulo,3550308,True,,34024,,,-23.432887,-46.7297695,,,,2,2023-06-14T05:31:39+00:00
SAO_8006-10,São Paulo,3550308,True,,34024,,,-23.468854,-46.724845,,,,2,2023-06-14T05:31:30+00:00
SAO_8006-10,São Paulo,3550308,True,,34024,,,-23.487007,-46.726683,,,,2,2023-06-14T05:31:33+00:00
SAO_3053-10,São Paulo,3550308,True,,973,,,-23.542897,-46.588194,,,,1,2023-06-14T05:31:39+00:00
SAO_3053-10,São Paulo,3550308,True,,973,,,-23.542912,-46.588283000000004,,,,1,2023-06-14T05:31:04+00:00
SAO_3053-10,São Paulo,3550308,True,,973,,,-23.57460475,-46.54351675,,,,1,2023-06-14T05:31:41+00:00
SAO_6804-10,São Paulo,3550308,True,,32798,,,-23.6310595,-46.7511865,,,,2,2023-06-14T05:31:18+00:00
SAO_N704-11,São Paulo,3550308,True,,2409,,,-23.654214,-46.7129695,,,,1,2023-06-14T05:31:24+00:00
SAO_3160-10,São Paulo,3550308,True,EMTU,125,https://moovitapp.com/index/pt-br/transporte_p%C3%BAblico-line-125-Sao_Paulo-242-2038937-36419283-0,5.15,-23.5515695,-46.624459,,,,1,2023-06-14T05:31:24+00:00
SAO_3160-10,São Paulo,3550308,True,EMTU,125,https://moovitapp.com/index/pt-br/transporte_p%C3%BAblico-line-125-Sao_Paulo-242-2038937-36419283-0,5.15,-23.579991,-46.586749,,,,1,2023-06-14T05:31:39+00:00
SAO_1726-10,São Paulo,3550308,True,,1403,,,-23.4359105,-46.566243,,,,1,2023-06-14T05:31:16+00:00
SAO_1726-10,São Paulo,3550308,True,,1403,,,-23.482635625,-46.613326875,,,,1,2023-06-14T05:28:48+00:00
SAO_1726-10,São Paulo,3550308,True,,1403,,,-23.4356145,-46.5662275,,,,1,2023-06-14T05:31:17+00:00
SAO_N832-11,São Paulo,3550308,True,,35199,,,-23.5197335,-46.700115,,,,2,2023-06-14T05:31:33+00:00
SAO_702C-10,São Paulo,3550308,True,STT,485,https://moovitapp.com/index/pt-br/transporte_p%C3%BAblico-line-485-Sao_Paulo-242-850661-183324-0,5.3,-23.54102225,-46.613502249999996,,,,1,2023-06-14T05:31:09+00:00
SAO_702C-10,São Paulo,3550308,True,STT,485,https://moovitapp.com/index/pt-br/transporte_p%C3%BAblico-line-485-Sao_Paulo-242-850661-183324-0,5.3,-23.542462,-46.590803,,,,1,2023-06-14T05:31:38+00:00
SAO_702C-10,São Paulo,3550308,True,STT,485,https://moovitapp.com/index/pt-br/transporte_p%C3%BAblico-line-485-Sao_Paulo-242-850661-183324-0,5.3,-23.55553325,-46.662593,,,,1,2023-06-14T05:31:11+00:00
SAO_702C-10,São Paulo,3550308,True,STT,485,https://moovitapp.com/index/pt-br/transporte_p%C3%BAblico-line-485-Sao_Paulo-242-850661-183324-0,5.3,-23.5824045,-46.733759500000005,,,,1,2023-06-14T05:31:27+00:00
SAO_3141-10,São Paulo,3550308,True,,734,,,-23.612414,-46.481665,,,,1,2023-06-14T05:31:07+00:00
SAO_3141-10,São Paulo,3550308,True,,734,,,-23.61432325,-46.499484249999995,,,,1,2023-06-14T05:31:47+00:00
SAO_3141-10,São Paulo,3550308,True,,734,,,-23.552281,-46.619065500000005,,,,1,2023-06-14T05:31:30+00:00
SAO_4033-10,São Paulo,3550308,True,,33871,,,-23.604264,-46.538593500000005,,,,2,2023-06-14T05:31:29+00:00
SAO_4033-10,São Paulo,3550308,True,,33871,,,-23.5963955,-46.5068245,,,,2,2023-06-14T05:31:06+00:00
SAO_4033-10,São Paulo,3550308,True,,33871,,,-23.621077999999997,-46.4662835,,,,2,2023-06-14T05:31:22+00:00
SAO_1786-10,São Paulo,3550308,True,,33417,,,-23.493175,-46.6231845,,,,2,2023-06-14T05:30:25+00:00
SAO_4013-10,São Paulo,3550308,True,,2186,,,-23.6353085,-46.443883,,,,1,2023-06-14T05:31:03+00:00
SAO_4013-10,São Paulo,3550308,True,,2186,,,-23.633248000000002,-46.4428945,,,,1,2023-06-14T05:31:25+00:00
SAO_7057-10,São Paulo,3550308,True,,1897,,,-23.649582000000002,-46.784457,,,,1,2023-06-14T05:31:28+00:00
SAO_7057-10,São Paulo,3550308,True,,1897,,,-23.631797499999998,-46.7719915,,,,1,2023-06-14T05:31:34+00:00
SAO_2058-10,São Paulo,3550308,True,,33027,,,-23.491640500000003,-46.434661,,,,2,2023-06-14T05:31:33+00:00
SAO_2058-10,São Paulo,3550308,True,,33027,,,-23.51491325,-46.402773499999995,,,,2,2023-06-14T05:31:24+00:00
SAO_2058-10,São Paulo,3550308,True,,33027,,,-23.491640500000003,-46.434661,,,,2,2023-06-14T05:31:44+00:00
SAO_8060-10,São Paulo,3550308,True,,33186,,,-23.51397,-46.754827500000005,,,,2,2023-06-14T05:31:17+00:00
SAO_8060-10,São Paulo,3550308,True,,33186,,,-23.519959,-46.700407999999996,,,,2,2023-06-14T05:31:26+00:00
SAO_1760-10,São Paulo,3550308,True,EMTU,557,https://moovitapp.com/index/pt-br/transporte_p%C3%BAblico-line-557-Sao_Paulo-242-2038937-36419558-0,6.2,-23.4575335,-46.65623175,,,,1,2023-06-14T05:31:38+00:00
SAO_1760-10,São Paulo,3550308,True,EMTU,557,https://moovitapp.com/index/pt-br/transporte_p%C3%BAblico-line-557-Sao_Paulo-242-2038937-36419558-0,6.2,-23.510856,-46.625114749999995,,,,1,2023-06-14T05:31:16+00:00
SAO_675X-10,São Paulo,3550308,True,,32879,,,-23.668470749999997,-46.71369075,,,,2,2023-06-14T05:31:28+00:00
SAO_675X-10,São Paulo,3550308,True,,32879,,,-23.7374655,-46.6974125,,,,2,2023-06-14T05:31:32+00:00
SAO_4017-10,São Paulo,3550308,True,,2190,,,-23.6040865,-46.403037499999996,,,,1,2023-06-14T05:29:55+00:00
SAO_4017-10,São Paulo,3550308,True,,2190,,,-23.582737,-46.380604000000005,,,,1,2023-06-14T05:27:04+00:00
SAO_4017-10,São Paulo,3550308,True,,2190,,,-23.5768145,-46.3970555,,,,1,2023-06-14T05:31:19+00:00
SAO_7040-10,São Paulo,3550308,True,,776,,,-23.58662875,-46.69451874999999,,,,1,2023-06-14T05:31:27+00:00
SAO_7040-10,São Paulo,3550308,True,,776,,,-23.565806000000002,-46.6937535,,,,1,2023-06-14T05:31:36+00:00
SAO_675X-10,São Paulo,3550308,True,EMTU,111,https://moovitapp.com/index/pt-br/transporte_p%C3%BAblico-line-111-Sao_Paulo-242-2038937-36419271-0,5.1,-23.726964000000002,-46.6992625,,,,1,2023-06-14T05:31:25+00:00
SAO_675X-10,São Paulo,3550308,True,EMTU,111,https://moovitapp.com/index/pt-br/transporte_p%C3%BAblico-line-111-Sao_Paulo-242-2038937-36419271-0,5.1,-23.61276225,-46.6707505,,,,1,2023-06-14T05:31:42+00:00
SAO_5123-10,São Paulo,3550308,True,,33893,,,-23.59716,-46.64210875,,,,2,2023-06-14T05:31:03+00:00
SAO_5123-10,São Paulo,3550308,True,,33893,,,-23.678922999999998,-46.630571,,,,2,2023-06-14T05:31:23+00:00
SAO_4014-10,São Paulo,3550308,True,,2187,,,-23.612996,-46.456739999999996,,,,1,2023-06-14T05:31:40+00:00
SAO_4014-10,São Paulo,3550308,True,,2187,,,-23.612996,-46.456739999999996,,,,1,2023-06-14T05:31:03+00:00
SAO_4014-10,São Paulo,3550308,True,,2187,,,-23.565397,-46.512668250000004,,,,1,2023-06-14T05:31:38+00:00
SAO_477P-10,São Paulo,3550308,True,EMTU,348,https://moovitapp.com/index/pt-br/transporte_p%C3%BAblico-line-348-Sao_Paulo-242-2038937-36419431-0,5.1,-23.611086,-46.651268125,,,,1,2023-06-14T05:31:19+00:00
SAO_477P-10,São Paulo,3550308,True,EMTU,348,https://moovitapp.com/index/pt-br/transporte_p%C3%BAblico-line-348-Sao_Paulo-242-2038937-36419431-0,5.1,-23.579002250000002,-46.6857225,,,,1,2023-06-14T05:31:23+00:00
SAO_477P-10,São Paulo,3550308,True,EMTU,348,https://moovitapp.com/index/pt-br/transporte_p%C3%BAblico-line-348-Sao_Paulo-242-2038937-36419431-0,5.1,-23.6120705,-46.608466,,,,1,2023-06-14T05:31:19+00:00
SAO_809D-10,São Paulo,3550308,True,,2068,,,-23.587256,-46.7624405,,,,1,2023-06-14T05:31:28+00:00
SAO_775N-10,São Paulo,3550308,True,,474,,,-23.54645025,-46.690705,,,,1,2023-06-14T05:31:31+00:00
SAO_775N-10,São Paulo,3550308,True,,474,,,-23.5378695,-46.708763250000004,,,,1,2023-06-14T05:31:47+00:00
SAO_775N-10,São Paulo,3550308,True,,474,,,-23.5776215,-46.765493000000006,,,,1,2023-06-14T05:31:11+00:00
SAO_4028-10,São Paulo,3550308,True,,1098,,,-23.622709999999998,-46.449493000000004,,,,1,2023-06-14T05:31:21+00:00
SAO_4028-10,São Paulo,3550308,True,,1098,,,-23.644046,-46.446642999999995,,,,1,2023-06-14T05:31:24+00:00
SAO_877T-10,São Paulo,3550308,True,,34149,,,-23.518145500000003,-46.7036745,,,,2,2023-06-14T05:31:22+00:00
SAO_877T-10,São Paulo,3550308,True,,34149,,,-23.53275275,-46.65722375,,,,2,2023-06-14T05:31:30+00:00
SAO_4024-10,São Paulo,3550308,True,,2158,,,-23.5527795,-46.430165,,,,1,2023-06-14T05:27:06+00:00
SAO_2709-31,São Paulo,3550308,True,,923,,,-23.52902425,-46.498163,,,,1,2023-06-14T05:31:09+00:00
SAO_263C-10,São Paulo,3550308,True,,33020,,,-23.542654499999998,-46.410148500000005,,,,2,2023-06-14T05:31:08+00:00
SAO_263C-10,São Paulo,3550308,True,,33020,,,-23.47940875,-46.420387,,,,2,2023-06-14T05:31:28+00:00
SAO_263C-10,São Paulo,3550308,True,,33020,,,-23.488234,-46.436364999999995,,,,2,2023-06-14T05:31:30+00:00
SAO_2710-10,São Paulo,3550308,True,,924,,,-23.5199,-46.483823,,,,1,2023-06-14T05:31:43+00:00
SAO_2710-10,São Paulo,3550308,True,,924,,,-23.52873725,-46.49987575,,,,1,2023-06-14T05:31:44+00:00
SAO_4001-10,São Paulo,3550308,True,,2176,,,-23.5502075,-46.508866999999995,,,,1,2023-06-14T05:30:49+00:00
SAO_4001-10,São Paulo,3550308,True,,2176,,,-23.534701,-46.453723499999995,,,,1,2023-06-14T05:31:42+00:00
SAO_5145-10,São Paulo,3550308,True,,1641,,,-23.6139845,-46.5009785,,,,1,2023-06-14T05:31:05+00:00
SAO_5145-10,São Paulo,3550308,True,,1641,,,-23.555317,-46.6358045,,,,1,2023-06-14T05:31:36+00:00
SAO_5145-10,São Paulo,3550308,True,,1641,,,-23.607287499999998,-46.501462000000004,,,,1,2023-06-14T05:31:25+00:00
SAO_5145-10,São Paulo,3550308,True,,1641,,,-23.581717374999997,-46.594501125,,,,1,2023-06-14T05:31:21+00:00
SAO_174M-10,São Paulo,3550308,True,,673,,,-23.49316025,-46.6173505,,,,1,2023-06-14T05:31:37+00:00
SAO_174M-10,São Paulo,3550308,True,,673,,,-23.530885375,-46.62572337499999,,,,1,2023-06-14T05:31:19+00:00
SAO_174M-10,São Paulo,3550308,True,,673,,,-23.579577625,-46.604839125,,,,1,2023-06-14T05:31:42+00:00
SAO_354M-10,São Paulo,3550308,True,,1619,,,-23.501392000000003,-46.44882375,,,,1,2023-06-14T05:31:08+00:00
SAO_354M-10,São Paulo,3550308,True,,1619,,,-23.494310249999998,-46.43849349999999,,,,1,2023-06-14T05:31:40+00:00
SAO_354M-10,São Paulo,3550308,True,,1619,,,-23.564601250000003,-46.446416,,,,1,2023-06-14T05:31:41+00:00
SAO_2175-10,São Paulo,3550308,True,,697,,,-23.51949775,-46.59069025,,,,1,2023-06-14T05:30:09+00:00
SAO_2175-10,São Paulo,3550308,True,,697,,,-23.546565,-46.630926,,,,1,2023-06-14T05:31:30+00:00
SAO_6008-10,São Paulo,3550308,True,,33968,,,-23.660839,-46.705425,,,,2,2023-06-14T05:31:43+00:00
SAO_6008-10,São Paulo,3550308,True,,33968,,,-23.68727,-46.7629345,,,,2,2023-06-14T05:31:38+00:00
SAO_8012-10,São Paulo,3550308,True,,34791,,,-23.568531,-46.73986,,,,2,2023-06-14T05:31:34+00:00
SAO_8012-10,São Paulo,3550308,True,,34791,,,-23.553513875,-46.73230925,,,,2,2023-06-14T05:31:40+00:00
SAO_8012-10,São Paulo,3550308,True,,34791,,,-23.567972,-46.740382499999996,,,,2,2023-06-14T05:31:11+00:00
SAO_8012-10,São Paulo,3550308,True,,34791,,,-23.571972,-46.708549500000004,,,,2,2023-06-14T05:31:32+00:00
SAO_273V-10,São Paulo,3550308,True,EMTU,231,https://moovitapp.com/index/pt-br/transporte_p%C3%BAblico-line-231-Sao_Paulo-242-2038937-36419348-0,6.2,-23.533132000000002,-46.493969750000005,,,,1,2023-06-14T05:31:38+00:00
SAO_2708-10,São Paulo,3550308,True,,33689,,,-23.5348265,-46.4511975,,,,2,2023-06-14T05:31:39+00:00
SAO_4008-10,São Paulo,3550308,True,,34950,,,-23.577126999999997,-46.43735,,,,2,2023-06-14T05:31:12+00:00
SAO_4008-10,São Paulo,3550308,True,,34950,,,-23.57919175,-46.458842000000004,,,,2,2023-06-14T05:30:34+00:00
SAO_5362-41,São Paulo,3550308,True,,72,,,-23.74494,-46.667812,,,,1,2023-06-14T05:29:38+00:00
SAO_5362-41,São Paulo,3550308,True,,72,,,-23.745211124999997,-46.666166125000004,,,,1,2023-06-14T05:23:42+00:00
SAO_5108-10,São Paulo,3550308,True,,34443,,,-23.56166375,-46.62546775,,,,2,2023-06-14T05:31:31+00:00
SAO_5108-10,São Paulo,3550308,True,,34443,,,-23.65344,-46.613988500000005,,,,2,2023-06-14T05:31:14+00:00
SAO_2727-10,São Paulo,3550308,True,,33710,,,-23.525360499999998,-46.463035000000005,,,,2,2023-06-14T05:31:21+00:00
SAO_2727-10,São Paulo,3550308,True,,33710,,,-23.521929,-46.4574135,,,,2,2023-06-14T05:31:34+00:00
SAO_2727-10,São Paulo,3550308,True,,33710,,,-23.521929,-46.4574135,,,,2,2023-06-14T05:31:28+00:00
SAO_2727-10,São Paulo,3550308,True,,33710,,,-23.540062499999998,-46.482594375,,,,2,2023-06-14T05:31:37+00:00
SAO_958P-10,São Paulo,3550308,True,,33233,,,-23.596435375,-46.680593875,,,,2,2023-06-14T05:31:05+00:00
SAO_958P-10,São Paulo,3550308,True,,33233,,,-23.5292645,-46.7385465,,,,2,2023-06-14T05:31:36+00:00
SAO_958P-10,São Paulo,3550308,True,,33233,,,-23.5066725,-46.736708,,,,2,2023-06-14T05:31:29+00:00
SAO_958P-10,São Paulo,3550308,True,,33233,,,-23.483289499999998,-46.754857,,,,2,2023-06-14T05:31:45+00:00
SAO_7054-10,São Paulo,3550308,True,,41,,,-23.6323625,-46.7722555,,,,1,2023-06-14T05:31:40+00:00
SAO_7054-10,São Paulo,3550308,True,,41,,,-23.6517055,-46.7906215,,,,1,2023-06-14T05:31:16+00:00
SAO_846M-10,São Paulo,3550308,True,EMTU,422,https://moovitapp.com/index/pt-br/transporte_p%C3%BAblico-line-422-Sao_Paulo-242-2038937-36419479-0,7.15,-23.56555875,-46.7010795,,,,1,2023-06-14T05:31:23+00:00
SAO_846M-10,São Paulo,3550308,True,EMTU,422,https://moovitapp.com/index/pt-br/transporte_p%C3%BAblico-line-422-Sao_Paulo-242-2038937-36419479-0,7.15,-23.5289875,-46.7390515,,,,1,2023-06-14T05:31:30+00:00
SAO_4011-10,São Paulo,3550308,True,,2184,,,-23.622194,-46.413724,,,,1,2023-06-14T05:30:51+00:00
SAO_4011-10,São Paulo,3550308,True,,2184,,,-23.605694375000002,-46.428222625,,,,1,2023-06-14T05:31:34+00:00
SAO_4011-10,São Paulo,3550308,True,,2184,,,-23.612406,-46.476185,,,,1,2023-06-14T05:31:09+00:00
SAO_971R-10,São Paulo,3550308,True,,614,,,-23.4538115,-46.7372725,,,,1,2023-06-14T05:31:44+00:00
SAO_971R-10,São Paulo,3550308,True,,614,,,-23.452733000000002,-46.737095499999995,,,,1,2023-06-14T05:31:01+00:00
SAO_971R-10,São Paulo,3550308,True,,614,,,-23.4743105,-46.667728,,,,1,2023-06-14T05:31:19+00:00
SAO_971R-10,São Paulo,3550308,True,,614,,,-23.4526065,-46.699762,,,,1,2023-06-14T05:31:40+00:00
SAO_971R-10,São Paulo,3550308,True,,614,,,-23.454421500000002,-46.7374495,,,,1,2023-06-14T05:31:33+00:00
SAO_7055-10,São Paulo,3550308,True,,34656,,,-23.6880315,-46.790276000000006,,,,2,2023-06-14T05:31:08+00:00
SAO_7055-10,São Paulo,3550308,True,,34656,,,-23.6604345,-46.768545,,,,2,2023-06-14T05:31:30+00:00
SAO_N405-11,São Paulo,3550308,True,,2361,,,-23.558473,-46.523022499999996,,,,1,2023-06-14T05:31:31+00:00
SAO_7053-22,São Paulo,3550308,True,,1896,,,-23.6431875,-46.787111,,,,1,2023-06-14T05:31:18+00:00
SAO_7053-22,São Paulo,3550308,True,,1896,,,-23.642704000000002,-46.786391249999994,,,,1,2023-06-14T05:31:37+00:00
SAO_7053-22,São Paulo,3550308,True,,1896,,,-23.645486499999997,-46.789591,,,,1,2023-06-14T05:31:33+00:00
SAO_178A-10,São Paulo,3550308,True,EMTU,558,https://moovitapp.com/index/pt-br/transporte_p%C3%BAblico-line-558-Sao_Paulo-242-2038937-36419559-0,4.4,-23.530471,-46.6322655,,,,1,2023-06-14T05:31:45+00:00
SAO_516N-10,São Paulo,3550308,True,EMTU,266,https://moovitapp.com/index/pt-br/transporte_p%C3%BAblico-line-266-Sao_Paulo-242-2038937-36419376-0,6.8,-23.68925575,-46.63622,,,,1,2023-06-14T05:31:31+00:00
SAO_516N-10,São Paulo,3550308,True,EMTU,266,https://moovitapp.com/index/pt-br/transporte_p%C3%BAblico-line-266-Sao_Paulo-242-2038937-36419376-0,6.8,-23.595483,-46.6730785,,,,1,2023-06-14T05:31:24+00:00
SAO_1765-10,São Paulo,3550308,True,,34550,,,-23.46360775,-46.58052925,,,,2,2023-06-14T05:31:31+00:00
SAO_6069-10,São Paulo,3550308,True,,1154,,,-23.662343874999998,-46.706628,,,,1,2023-06-14T05:31:44+00:00
SAO_847P-10,São Paulo,3550308,True,,33191,,,-23.4865305,-46.721605624999995,,,,2,2023-06-14T05:31:47+00:00
SAO_847P-10,São Paulo,3550308,True,,33191,,,-23.591584374999996,-46.6809705,,,,2,2023-06-14T05:31:22+00:00
SAO_847P-10,São Paulo,3550308,True,,33191,,,-23.5168675,-46.6987555,,,,2,2023-06-14T05:31:14+00:00
SAO_847P-10,São Paulo,3550308,True,,33191,,,-23.5964025,-46.69135850000001,,,,2,2023-06-14T05:31:29+00:00
SAO_847P-10,São Paulo,3550308,True,,33191,,,-23.553174,-46.689970625,,,,2,2023-06-14T05:31:15+00:00
SAO_2161-10,São Paulo,3550308,True,,33462,,,-23.5387115,-46.617633874999996,,,,2,2023-06-14T05:31:27+00:00
SAO_2161-10,São Paulo,3550308,True,,33462,,,-23.478983,-46.5780245,,,,2,2023-06-14T05:30:28+00:00
SAO_967A-10,São Paulo,3550308,True,EMTU,568,https://moovitapp.com/index/pt-br/transporte_p%C3%BAblico-line-568-Sao_Paulo-242-2038937-36419565-0,7.8,-23.501825125,-46.651225499999995,,,,1,2023-06-14T05:31:21+00:00
SAO_967A-10,São Paulo,3550308,True,EMTU,568,https://moovitapp.com/index/pt-br/transporte_p%C3%BAblico-line-568-Sao_Paulo-242-2038937-36419565-0,7.8,-23.58116375,-46.665085,,,,1,2023-06-14T05:31:42+00:00
SAO_675N-10,São Paulo,3550308,True,EMTU,362,https://moovitapp.com/index/pt-br/transporte_p%C3%BAblico-line-362-Sao_Paulo-242-2038937-36419443-0,6.25,-23.6544285,-46.7148,,,,1,2023-06-14T05:31:39+00:00
SAO_675N-10,São Paulo,3550308,True,EMTU,362,https://moovitapp.com/index/pt-br/transporte_p%C3%BAblico-line-362-Sao_Paulo-242-2038937-36419443-0,6.25,-23.580652375,-46.639004375,,,,1,2023-06-14T05:31:44+00:00
SAO_675N-10,São Paulo,3550308,True,EMTU,362,https://moovitapp.com/index/pt-br/transporte_p%C3%BAblico-line-362-Sao_Paulo-242-2038937-36419443-0,6.25,-23.634502249999997,-46.71291575,,,,1,2023-06-14T05:31:31+00:00
SAO_709M-10,São Paulo,3550308,True,,2462,,,-23.60643825,-46.693220499999995,,,,1,2023-06-14T05:31:19+00:00
SAO_709M-10,São Paulo,3550308,True,,2462,,,-23.566504000000002,-46.701674,,,,1,2023-06-14T05:31:08+00:00
SAO_709M-10,São Paulo,3550308,True,,2462,,,-23.654158,-46.710677000000004,,,,1,2023-06-14T05:31:47+00:00
SAO_709M-10,São Paulo,3550308,True,,2462,,,-23.654158,-46.710677000000004,,,,1,2023-06-14T05:31:41+00:00
SAO_709M-10,São Paulo,3550308,True,,2462,,,-23.654158,-46.710677000000004,,,,1,2023-06-14T05:31:27+00:00
SAO_6038-10,São Paulo,3550308,True,,33984,,,-23.658400999999998,-46.78931475,,,,2,2023-06-14T05:31:37+00:00
SAO_6038-10,São Paulo,3550308,True,,33984,,,-23.6580875,-46.789572,,,,2,2023-06-14T05:31:06+00:00
SAO_6038-10,São Paulo,3550308,True,,33984,,,-23.6432905,-46.742360000000005,,,,2,2023-06-14T05:31:06+00:00
SAO_6038-10,São Paulo,3550308,True,,33984,,,-23.6493255,-46.7064985,,,,2,2023-06-14T05:31:28+00:00
SAO_6038-10,São Paulo,3550308,True,,33984,,,-23.658400999999998,-46.78931475,,,,2,2023-06-14T05:31:14+00:00
SAO_6038-10,São Paulo,3550308,True,,33984,,,-23.6582735,-46.7893885,,,,2,2023-06-14T05:31:43+00:00
SAO_6038-10,São Paulo,3550308,True,,33984,,,-23.6597115,-46.766908,,,,2,2023-06-14T05:31:35+00:00
SAO_4706-10,São Paulo,3550308,True,,299,,,-23.654068,-46.60257675,,,,1,2023-06-14T05:31:41+00:00
SAO_1720-10,São Paulo,3550308,True,,33631,,,-23.494107,-46.568782999999996,,,,2,2023-06-14T05:31:33+00:00
SAO_1720-10,São Paulo,3550308,True,,33631,,,-23.441626,-46.616757,,,,2,2023-06-14T05:29:03+00:00
SAO_1720-10,São Paulo,3550308,True,,33631,,,-23.4555065,-46.6143675,,,,2,2023-06-14T05:31:31+00:00
SAO_6960-10,São Paulo,3550308,True,,1443,,,-23.7671525,-46.716142500000004,,,,1,2023-06-14T05:31:44+00:00
SAO_6960-10,São Paulo,3550308,True,,1443,,,-23.664639375,-46.708090125,,,,1,2023-06-14T05:31:04+00:00
SAO_6960-10,São Paulo,3550308,True,,1443,,,-23.729186,-46.698715,,,,1,2023-06-14T05:31:31+00:00
SAO_546J-10,São Paulo,3550308,True,,33901,,,-23.673778,-46.664724,,,,2,2023-06-14T05:31:05+00:00
SAO_546J-10,São Paulo,3550308,True,,33901,,,-23.678205499999997,-46.684208,,,,2,2023-06-14T05:31:22+00:00
SAO_7022-10,São Paulo,3550308,True,,34852,,,-23.6657155,-46.712301499999995,,,,2,2023-06-14T05:31:32+00:00
SAO_7022-10,São Paulo,3550308,True,,34852,,,-23.6700285,-46.7614755,,,,2,2023-06-14T05:31:05+00:00
SAO_3732-10,São Paulo,3550308,True,,1029,,,-23.547725999999997,-46.44630875,,,,1,2023-06-14T05:31:44+00:00
SAO_3732-10,São Paulo,3550308,True,,1029,,,-23.542716,-46.469168499999995,,,,1,2023-06-14T05:31:23+00:00
SAO_3732-10,São Paulo,3550308,True,,1029,,,-23.539538,-46.4317025,,,,1,2023-06-14T05:31:45+00:00
SAO_3732-10,São Paulo,3550308,True,,1029,,,-23.541017250000003,-46.4325235,,,,1,2023-06-14T05:31:12+00:00
SAO_574J-10,São Paulo,3550308,True,,1685,,,-23.637061000000003,-46.641504999999995,,,,1,2023-06-14T05:31:29+00:00
SAO_574J-10,São Paulo,3550308,True,,1685,,,-23.581467500000002,-46.5852565,,,,1,2023-06-14T05:31:11+00:00
SAO_574J-10,São Paulo,3550308,True,,1685,,,-23.636083499999998,-46.641462,,,,1,2023-06-14T05:31:44+00:00
SAO_4014-10,São Paulo,3550308,True,,34955,,,-23.584042,-46.4926035,,,,2,2023-06-14T05:31:10+00:00
SAO_9014-10,São Paulo,3550308,True,,34193,,,-23.4890575,-46.69748,,,,2,2023-06-14T05:31:21+00:00
SAO_2703-10,São Paulo,3550308,True,Urubupungá,915,https://moovitapp.com/index/pt-br/transporte_p%C3%BAblico-line-915-Sao_Paulo-242-873835-75841134-0,4.6,-23.5428295,-46.4707985,,,,1,2023-06-14T05:31:27+00:00
SAO_2703-10,São Paulo,3550308,True,Urubupungá,915,https://moovitapp.com/index/pt-br/transporte_p%C3%BAblico-line-915-Sao_Paulo-242-873835-75841134-0,4.6,-23.531222,-46.419270499999996,,,,1,2023-06-14T05:31:21+00:00
SAO_2703-10,São Paulo,3550308,True,Urubupungá,915,https://moovitapp.com/index/pt-br/transporte_p%C3%BAblico-line-915-Sao_Paulo-242-873835-75841134-0,4.6,-23.524147,-46.431007,,,,1,2023-06-14T05:31:13+00:00
SAO_2703-10,São Paulo,3550308,True,Urubupungá,915,https://moovitapp.com/index/pt-br/transporte_p%C3%BAblico-line-915-Sao_Paulo-242-873835-75841134-0,4.6,-23.529542499999998,-46.420608,,,,1,2023-06-14T05:31:27+00:00
SAO_2703-10,São Paulo,3550308,True,Urubupungá,915,https://moovitapp.com/index/pt-br/transporte_p%C3%BAblico-line-915-Sao_Paulo-242-873835-75841134-0,4.6,-23.529542499999998,-46.420608,,,,1,2023-06-14T05:29:52+00:00
SAO_121G-10,São Paulo,3550308,True,,691,,,-23.5220485,-46.56366175,,,,1,2023-06-14T05:31:37+00:00
SAO_121G-10,São Paulo,3550308,True,,691,,,-23.5216375,-46.56288625,,,,1,2023-06-14T05:31:44+00:00
SAO_121G-10,São Paulo,3550308,True,,691,,,-23.49013475,-46.57661625,,,,1,2023-06-14T05:31:24+00:00
SAO_2722-31,São Paulo,3550308,True,,33704,,,-23.5068585,-46.494322499999996,,,,2,2023-06-14T05:31:39+00:00
SAO_2722-31,São Paulo,3550308,True,,33704,,,-23.5201605,-46.514399999999995,,,,2,2023-06-14T05:31:26+00:00
SAO_1702-10,São Paulo,3550308,True,,846,,,-23.5276345,-46.6267855,,,,1,2023-06-14T05:31:32+00:00
SAO_1702-10,São Paulo,3550308,True,,846,,,-23.4438385,-46.577704,,,,1,2023-06-14T05:31:23+00:00
SAO_1702-10,São Paulo,3550308,True,,846,,,-23.5114605,-46.622949000000006,,,,1,2023-06-14T05:31:44+00:00
SAO_199D-10,São Paulo,3550308,True,,2135,,,-23.549839,-46.680800000000005,,,,1,2023-06-14T05:31:35+00:00
SAO_199D-10,São Paulo,3550308,True,,2135,,,-23.5661725,-46.7018415,,,,1,2023-06-14T05:31:26+00:00
SAO_6820-10,São Paulo,3550308,True,BR7 Mobilidade,19,https://moovitapp.com/index/pt-br/transporte_p%C3%BAblico-line-19-Sao_Paulo-242-851856-516833-0,5.75,-23.6599145,-46.7696945,,,,1,2023-06-14T05:31:38+00:00
SAO_6820-10,São Paulo,3550308,True,BR7 Mobilidade,19,https://moovitapp.com/index/pt-br/transporte_p%C3%BAblico-line-19-Sao_Paulo-242-851856-516833-0,5.75,-23.665846000000002,-46.788559,,,,1,2023-06-14T05:31:19+00:00
SAO_6820-10,São Paulo,3550308,True,BR7 Mobilidade,19,https://moovitapp.com/index/pt-br/transporte_p%C3%BAblico-line-19-Sao_Paulo-242-851856-516833-0,5.75,-23.660220000000002,-46.776787,,,,1,2023-06-14T05:31:11+00:00
SAO_875A-10,São Paulo,3550308,True,,33377,,,-23.612827250000002,-46.63807025,,,,2,2023-06-14T05:31:36+00:00
SAO_875A-10,São Paulo,3550308,True,,33377,,,-23.578484,-46.640373999999994,,,,2,2023-06-14T05:31:13+00:00
SAO_875A-10,São Paulo,3550308,True,,33377,,,-23.53553325,-46.68153125,,,,2,2023-06-14T05:31:38+00:00
SAO_875A-10,São Paulo,3550308,True,,33377,,,-23.642743,-46.660957999999994,,,,2,2023-06-14T05:31:42+00:00
SAO_875A-10,São Paulo,3550308,True,,33377,,,-23.53841075,-46.6488,,,,2,2023-06-14T05:31:40+00:00
SAO_701A-10,São Paulo,3550308,True,,689,,,-23.542469249999996,-46.640358875000004,,,,1,2023-06-14T05:31:45+00:00
SAO_701A-10,São Paulo,3550308,True,,689,,,-23.54627875,-46.690937,,,,1,2023-06-14T05:31:43+00:00
SAO_701A-10,São Paulo,3550308,True,,689,,,-23.491352499999998,-46.577901999999995,,,,1,2023-06-14T05:31:32+00:00
SAO_178L-10,São Paulo,3550308,True,EMTU,560,https://moovitapp.com/index/pt-br/transporte_p%C3%BAblico-line-560-Sao_Paulo-242-2038937-36419561-0,6.2,-23.54563925,-46.64478325,,,,1,2023-06-14T05:31:32+00:00
SAO_178L-10,São Paulo,3550308,True,EMTU,560,https://moovitapp.com/index/pt-br/transporte_p%C3%BAblico-line-560-Sao_Paulo-242-2038937-36419561-0,6.2,-23.483802,-46.642412500000006,,,,1,2023-06-14T05:31:43+00:00
SAO_8252-10,São Paulo,3550308,True,,34016,,,-23.5267005,-46.666815,,,,2,2023-06-14T05:31:44+00:00
SAO_8252-10,São Paulo,3550308,True,,34016,,,-23.525927000000003,-46.669558499999994,,,,2,2023-06-14T05:31:14+00:00
SAO_746P-10,São Paulo,3550308,True,,788,,,-23.621403,-46.7257025,,,,1,2023-06-14T05:31:35+00:00
SAO_746P-10,São Paulo,3550308,True,,788,,,-23.619421000000003,-46.723327499999996,,,,1,2023-06-14T05:31:30+00:00
SAO_746P-10,São Paulo,3550308,True,,788,,,-23.64074825,-46.723622000000006,,,,1,2023-06-14T05:31:27+00:00
SAO_746P-10,São Paulo,3550308,True,,788,,,-23.619129,-46.72311,,,,1,2023-06-14T05:31:38+00:00
SAO_967A-10,São Paulo,3550308,True,,33336,,,-23.584408500000002,-46.68334,,,,2,2023-06-14T05:31:16+00:00
SAO_967A-10,São Paulo,3550308,True,,33336,,,-23.512549999999997,-46.6593875,,,,2,2023-06-14T05:31:08+00:00
SAO_967A-10,São Paulo,3550308,True,,33336,,,-23.4809025,-46.656053,,,,2,2023-06-14T05:31:23+00:00
SAO_967A-10,São Paulo,3550308,True,,33336,,,-23.5583075,-46.645256,,,,2,2023-06-14T05:31:23+00:00
SAO_4315-10,São Paulo,3550308,True,,34943,,,-23.5566115,-46.525148,,,,2,2023-06-14T05:31:37+00:00
SAO_4315-10,São Paulo,3550308,True,,34943,,,-23.545980125,-46.598475750000006,,,,2,2023-06-14T05:31:42+00:00
SAO_574W-10,São Paulo,3550308,True,,34397,,,-23.543109,-46.5892405,,,,2,2023-06-14T05:31:36+00:00
SAO_574W-10,São Paulo,3550308,True,,34397,,,-23.61862175,-46.48132725,,,,2,2023-06-14T05:31:17+00:00
SAO_574W-10,São Paulo,3550308,True,,34397,,,-23.6177525,-46.483706999999995,,,,2,2023-06-14T05:31:07+00:00
SAO_574W-10,São Paulo,3550308,True,,34397,,,-23.6144385,-46.499078375,,,,2,2023-06-14T05:31:04+00:00
SAO_574W-10,São Paulo,3550308,True,,34397,,,-23.571325,-46.537527999999995,,,,2,2023-06-14T05:31:21+00:00
SAO_2031-10,São Paulo,3550308,True,,33135,,,-23.494785,-46.406074,,,,2,2023-06-14T05:31:18+00:00
SAO_2031-10,São Paulo,3550308,True,,33135,,,-23.50584575,-46.37234624999999,,,,2,2023-06-14T05:31:37+00:00
SAO_2031-10,São Paulo,3550308,True,,33135,,,-23.5154165,-46.455321,,,,2,2023-06-14T05:28:10+00:00
SAO_2058-10,São Paulo,3550308,True,,259,,,-23.52098575,-46.399708000000004,,,,1,2023-06-14T05:31:29+00:00
SAO_2123-10,São Paulo,3550308,True,,33460,,,-23.557769,-46.6367215,,,,2,2023-06-14T05:31:33+00:00
SAO_2123-10,São Paulo,3550308,True,,33460,,,-23.507511,-46.595960500000004,,,,2,2023-06-14T05:28:27+00:00
SAO_857C-10,São Paulo,3550308,True,,1901,,,-23.636318375000002,-46.694568875,,,,1,2023-06-14T05:31:49+00:00
SAO_857C-10,São Paulo,3550308,True,,1901,,,-23.635625,-46.6414725,,,,1,2023-06-14T05:31:44+00:00
SAO_857C-10,São Paulo,3550308,True,,1901,,,-23.6311435,-46.7724795,,,,1,2023-06-14T05:31:13+00:00
SAO_172R-10,São Paulo,3550308,True,,33627,,,-23.511311499999998,-46.5809935,,,,2,2023-06-14T05:31:23+00:00
SAO_172R-10,São Paulo,3550308,True,,33627,,,-23.468576875000004,-46.579609125000005,,,,2,2023-06-14T05:31:18+00:00
SAO_172R-10,São Paulo,3550308,True,,33627,,,-23.53589025,-46.599886,,,,2,2023-06-14T05:31:21+00:00
SAO_3725-41,São Paulo,3550308,True,,1531,,,-23.541708999999997,-46.5311305,,,,1,2023-06-14T05:31:45+00:00
SAO_3725-41,São Paulo,3550308,True,,1531,,,-23.5325795,-46.531303,,,,1,2023-06-14T05:31:10+00:00
SAO_4111-10,São Paulo,3550308,True,,33088,,,-23.5562275,-46.6341875,,,,2,2023-06-14T05:31:21+00:00
SAO_5091-10,São Paulo,3550308,True,,34291,,,-23.62553725,-46.6404665,,,,2,2023-06-14T05:31:29+00:00
SAO_5091-10,São Paulo,3550308,True,,34291,,,-23.6412635,-46.641486,,,,2,2023-06-14T05:31:44+00:00
SAO_5106-31,São Paulo,3550308,True,,1305,,,-23.6890705,-46.65611,,,,1,2023-06-14T05:31:33+00:00
SAO_5106-31,São Paulo,3550308,True,,1305,,,-23.6502635,-46.640309,,,,1,2023-06-14T05:31:38+00:00
SAO_5106-31,São Paulo,3550308,True,,1305,,,-23.595766625,-46.645112749999996,,,,1,2023-06-14T05:31:37+00:00
SAO_5129-10,São Paulo,3550308,True,,34049,,,-23.668323,-46.735209499999996,,,,2,2023-06-14T05:31:38+00:00
SAO_5129-10,São Paulo,3550308,True,,34049,,,-23.6830815,-46.63522275,,,,2,2023-06-14T05:31:39+00:00
SAO_5129-10,São Paulo,3550308,True,,34049,,,-23.668958,-46.677846,,,,2,2023-06-14T05:31:15+00:00
SAO_8600-10,São Paulo,3550308,True,,1432,,,-23.51554625,-46.68866075,,,,1,2023-06-14T05:31:45+00:00
SAO_8600-10,São Paulo,3550308,True,,1432,,,-23.487215,-46.726875,,,,1,2023-06-14T05:31:16+00:00
SAO_8600-10,São Paulo,3550308,True,,1432,,,-23.542727499999998,-46.637761499999996,,,,1,2023-06-14T05:31:30+00:00
SAO_273G-10,São Paulo,3550308,True,EMTU,223,https://moovitapp.com/index/pt-br/transporte_p%C3%BAblico-line-223-Sao_Paulo-242-2038937-36419342-0,5.2,-23.475255500000003,-46.424809499999995,,,,1,2023-06-14T05:31:49+00:00
SAO_273G-10,São Paulo,3550308,True,EMTU,223,https://moovitapp.com/index/pt-br/transporte_p%C3%BAblico-line-223-Sao_Paulo-242-2038937-36419342-0,5.2,-23.5401805,-46.483284,,,,1,2023-06-14T05:31:37+00:00
SAO_273G-10,São Paulo,3550308,True,EMTU,223,https://moovitapp.com/index/pt-br/transporte_p%C3%BAblico-line-223-Sao_Paulo-242-2038937-36419342-0,5.2,-23.50760375,-46.47799125,,,,1,2023-06-14T05:31:46+00:00
SAO_273G-10,São Paulo,3550308,True,EMTU,223,https://moovitapp.com/index/pt-br/transporte_p%C3%BAblico-line-223-Sao_Paulo-242-2038937-36419342-0,5.2,-23.4814825,-46.415851,,,,1,2023-06-14T05:31:19+00:00
SAO_273G-10,São Paulo,3550308,True,EMTU,223,https://moovitapp.com/index/pt-br/transporte_p%C3%BAblico-line-223-Sao_Paulo-242-2038937-36419342-0,5.2,-23.4937895,-46.450446,,,,1,2023-06-14T05:31:44+00:00
SAO_273G-10,São Paulo,3550308,True,EMTU,223,https://moovitapp.com/index/pt-br/transporte_p%C3%BAblico-line-223-Sao_Paulo-242-2038937-36419342-0,5.2,-23.49152025,-46.443892500000004,,,,1,2023-06-14T05:31:23+00:00
SAO_273G-10,São Paulo,3550308,True,EMTU,223,https://moovitapp.com/index/pt-br/transporte_p%C3%BAblico-line-223-Sao_Paulo-242-2038937-36419342-0,5.2,-23.48147025,-46.415574250000006,,,,1,2023-06-14T05:31:28+00:00
SAO_6056-10,São Paulo,3550308,True,,33915,,,-23.743816250000002,-46.705317,,,,2,2023-06-14T05:31:23+00:00
SAO_6056-10,São Paulo,3550308,True,,33915,,,-23.7626425,-46.7039515,,,,2,2023-06-14T05:31:15+00:00
SAO_9023-10,São Paulo,3550308,True,,34205,,,-23.419681500000003,-46.716796,,,,2,2023-06-14T05:30:59+00:00
SAO_9023-10,São Paulo,3550308,True,,34205,,,-23.432154,-46.712711,,,,2,2023-06-14T05:31:40+00:00
SAO_9023-10,São Paulo,3550308,True,,34205,,,-23.481776,-46.7234585,,,,2,2023-06-14T05:31:07+00:00
SAO_273N-10,São Paulo,3550308,True,EMTU,390,https://moovitapp.com/index/pt-br/transporte_p%C3%BAblico-line-390-Sao_Paulo-242-2038937-36419459-0,5.45,-23.4984495,-46.3958055,,,,1,2023-06-14T05:31:36+00:00
SAO_273N-10,São Paulo,3550308,True,EMTU,390,https://moovitapp.com/index/pt-br/transporte_p%C3%BAblico-line-390-Sao_Paulo-242-2038937-36419459-0,5.45,-23.494004750000002,-46.419138000000004,,,,1,2023-06-14T05:31:31+00:00
SAO_273N-10,São Paulo,3550308,True,EMTU,390,https://moovitapp.com/index/pt-br/transporte_p%C3%BAblico-line-390-Sao_Paulo-242-2038937-36419459-0,5.45,-23.51654875,-46.46826725,,,,1,2023-06-14T05:30:34+00:00
SAO_273N-10,São Paulo,3550308,True,EMTU,390,https://moovitapp.com/index/pt-br/transporte_p%C3%BAblico-line-390-Sao_Paulo-242-2038937-36419459-0,5.45,-23.5128555,-46.4437095,,,,1,2023-06-14T05:31:24+00:00
SAO_273N-10,São Paulo,3550308,True,EMTU,390,https://moovitapp.com/index/pt-br/transporte_p%C3%BAblico-line-390-Sao_Paulo-242-2038937-36419459-0,5.45,-23.51581475,-46.466496625000005,,,,1,2023-06-14T05:31:19+00:00
SAO_271A-51,São Paulo,3550308,True,,703,,,-23.502815,-46.623698,,,,1,2023-06-14T05:31:45+00:00
SAO_271A-51,São Paulo,3550308,True,,703,,,-23.4997765,-46.607851499999995,,,,1,2023-06-14T05:31:06+00:00
SAO_271A-51,São Paulo,3550308,True,,703,,,-23.4985585,-46.514556999999996,,,,1,2023-06-14T05:31:40+00:00
SAO_271A-51,São Paulo,3550308,True,,703,,,-23.5114875,-46.54417975,,,,1,2023-06-14T05:31:31+00:00
SAO_N740-11,São Paulo,3550308,True,,35189,,,-23.7026185,-46.7441755,,,,2,2023-06-14T05:31:13+00:00
SAO_4093-10,São Paulo,3550308,True,,2448,,,-23.58308,-46.408871000000005,,,,1,2023-06-14T05:31:34+00:00
SAO_4093-10,São Paulo,3550308,True,,2448,,,-23.5840055,-46.408583500000006,,,,1,2023-06-14T05:27:10+00:00
SAO_4093-10,São Paulo,3550308,True,,2448,,,-23.588952,-46.395677,,,,1,2023-06-14T05:31:29+00:00
SAO_6015-10,São Paulo,3550308,True,,33973,,,-23.7375985,-46.78966200000001,,,,2,2023-06-14T05:31:31+00:00
SAO_6015-10,São Paulo,3550308,True,,33973,,,-23.718400000000003,-46.784493499999996,,,,2,2023-06-14T05:31:43+00:00
SAO_6015-10,São Paulo,3550308,True,,33973,,,-23.7345975,-46.794219999999996,,,,2,2023-06-14T05:31:14+00:00
SAO_6015-10,São Paulo,3550308,True,,33973,,,-23.69319,-46.778980000000004,,,,2,2023-06-14T05:31:41+00:00
SAO_6015-10,São Paulo,3550308,True,,33973,,,-23.665824,-46.713703499999994,,,,2,2023-06-14T05:31:05+00:00
SAO_3796-10,São Paulo,3550308,True,,1074,,,-23.5809565,-46.453523000000004,,,,1,2023-06-14T05:31:07+00:00
SAO_3796-10,São Paulo,3550308,True,,1074,,,-23.5811925,-46.4617135,,,,1,2023-06-14T05:31:20+00:00
SAO_407W-10,São Paulo,3550308,True,,2204,,,-23.5889955,-46.5006685,,,,1,2023-06-14T05:31:09+00:00
SAO_407W-10,São Paulo,3550308,True,,2204,,,-23.576435,-46.527277999999995,,,,1,2023-06-14T05:31:04+00:00
SAO_3902-10,São Paulo,3550308,True,,34238,,,-23.5109605,-46.39687325,,,,2,2023-06-14T05:31:25+00:00
SAO_3902-10,São Paulo,3550308,True,,34238,,,-23.485104,-46.384288999999995,,,,2,2023-06-14T05:31:44+00:00
SAO_3902-10,São Paulo,3550308,True,,34238,,,-23.484951000000002,-46.38398325,,,,2,2023-06-14T05:22:47+00:00
SAO_6422-10,São Paulo,3550308,True,,33129,,,-23.5501795,-46.639476,,,,2,2023-06-14T05:31:17+00:00
SAO_6422-10,São Paulo,3550308,True,,33129,,,-23.633491,-46.698472,,,,2,2023-06-14T05:31:44+00:00
SAO_6422-10,São Paulo,3550308,True,,33129,,,-23.641471,-46.716970625,,,,2,2023-06-14T05:31:06+00:00
SAO_7017-10,São Paulo,3550308,True,,2502,,,-23.6931665,-46.791157,,,,1,2023-06-14T05:31:23+00:00
SAO_7017-10,São Paulo,3550308,True,,2502,,,-23.6931665,-46.791157,,,,1,2023-06-14T05:31:11+00:00
SAO_7017-10,São Paulo,3550308,True,,2502,,,-23.6784235,-46.77720175,,,,1,2023-06-14T05:31:41+00:00
SAO_271F-10,São Paulo,3550308,True,,33451,,,-23.516209,-46.612091500000005,,,,2,2023-06-14T05:31:02+00:00
SAO_271F-10,São Paulo,3550308,True,,33451,,,-23.5425185,-46.590292500000004,,,,2,2023-06-14T05:31:23+00:00
SAO_N538-11,São Paulo,3550308,True,,2390,,,-23.602812,-46.60224,,,,1,2023-06-14T05:31:46+00:00
SAO_5034-10,São Paulo,3550308,True,,34431,,,-23.6529585,-46.600877499999996,,,,2,2023-06-14T05:31:32+00:00
SAO_5034-10,São Paulo,3550308,True,,34431,,,-23.6354045,-46.599288,,,,2,2023-06-14T05:31:37+00:00
SAO_1703-10,São Paulo,3550308,True,,847,,,-23.456770499999998,-46.5874395,,,,1,2023-06-14T05:31:32+00:00
SAO_4717-10,São Paulo,3550308,True,EMTU,335,https://moovitapp.com/index/pt-br/transporte_p%C3%BAblico-line-335-Sao_Paulo-242-2038937-36419420-0,5.35,-23.6180425,-46.6102255,,,,1,2023-06-14T05:31:05+00:00
SAO_N842-11,São Paulo,3550308,True,,2441,,,-23.566504000000002,-46.701674,,,,1,2023-06-14T05:31:46+00:00
SAO_695X-10,São Paulo,3550308,True,,34209,,,-23.713989249999997,-46.6986405,,,,2,2023-06-14T05:31:21+00:00
SAO_695X-10,São Paulo,3550308,True,,34209,,,-23.76728,-46.716530500000005,,,,2,2023-06-14T05:31:33+00:00
SAO_695X-10,São Paulo,3550308,True,,34209,,,-23.7578265,-46.714801,,,,2,2023-06-14T05:31:22+00:00
SAO_695X-10,São Paulo,3550308,True,,34209,,,-23.64322,-46.657120500000005,,,,2,2023-06-14T05:31:21+00:00
SAO_4018-10,São Paulo,3550308,True,,2191,,,-23.613342000000003,-46.476561000000004,,,,1,2023-06-14T05:31:21+00:00
SAO_4018-10,São Paulo,3550308,True,,2191,,,-23.598454,-46.468053,,,,1,2023-06-14T05:31:44+00:00
SAO_4030-10,São Paulo,3550308,True,,1100,,,-23.5633835,-46.501695,,,,1,2023-06-14T05:31:15+00:00
SAO_1745-10,São Paulo,3550308,True,,546,,,-23.514648375,-46.61627775,,,,1,2023-06-14T05:31:17+00:00
SAO_1745-10,São Paulo,3550308,True,,546,,,-23.473242499999998,-46.665350000000004,,,,1,2023-06-14T05:31:29+00:00
SAO_5759-31,São Paulo,3550308,True,,33907,,,-23.6948495,-46.64830975,,,,2,2023-06-14T05:31:27+00:00
SAO_5759-31,São Paulo,3550308,True,,33907,,,-23.6758205,-46.6506995,,,,2,2023-06-14T05:29:08+00:00
SAO_4729-10,São Paulo,3550308,True,,33876,,,-23.578012,-46.551641625,,,,2,2023-06-14T05:31:36+00:00
SAO_4729-10,São Paulo,3550308,True,,33876,,,-23.573755249999998,-46.55818375,,,,2,2023-06-14T05:31:40+00:00
SAO_4729-10,São Paulo,3550308,True,,33876,,,-23.5988375,-46.517680999999996,,,,2,2023-06-14T05:31:20+00:00
SAO_4729-10,São Paulo,3550308,True,,33876,,,-23.5425015,-46.5902345,,,,2,2023-06-14T05:31:23+00:00
SAO_3009-10,São Paulo,3550308,True,,2526,,,-23.518288499999997,-46.399242,,,,1,2023-06-14T05:31:47+00:00
SAO_1783-10,São Paulo,3550308,True,,644,,,-23.50117875,-46.623563000000004,,,,1,2023-06-14T05:31:15+00:00
SAO_1783-10,São Paulo,3550308,True,,644,,,-23.457352999999998,-46.602538499999994,,,,1,2023-06-14T05:31:40+00:00
SAO_1783-10,São Paulo,3550308,True,,644,,,-23.4811525,-46.612036,,,,1,2023-06-14T05:30:57+00:00
SAO_2721-10,São Paulo,3550308,True,,934,,,-23.52011275,-46.408684750000006,,,,1,2023-06-14T05:31:31+00:00
SAO_2721-10,São Paulo,3550308,True,,934,,,-23.494978500000002,-46.411100000000005,,,,1,2023-06-14T05:31:47+00:00
SAO_2721-10,São Paulo,3550308,True,,934,,,-23.5193225,-46.409525,,,,1,2023-06-14T05:31:15+00:00
SAO_2721-10,São Paulo,3550308,True,,934,,,-23.492140624999998,-46.444689125,,,,1,2023-06-14T05:31:37+00:00
SAO_2721-10,São Paulo,3550308,True,,934,,,-23.539934000000002,-46.4609565,,,,1,2023-06-14T05:31:25+00:00
SAO_N531-11,São Paulo,3550308,True,,35151,,,-23.6139405,-46.501206499999995,,,,2,2023-06-14T05:31:36+00:00
SAO_3025-10,São Paulo,3550308,True,,961,,,-23.542768,-46.41466525,,,,1,2023-06-14T05:31:05+00:00
SAO_3025-10,São Paulo,3550308,True,,961,,,-23.542544,-46.4158275,,,,1,2023-06-14T05:31:38+00:00
SAO_3025-10,São Paulo,3550308,True,,961,,,-23.542544,-46.4158275,,,,1,2023-06-14T05:31:14+00:00
SAO_8004-10,São Paulo,3550308,True,,34022,,,-23.511011500000002,-46.7276125,,,,2,2023-06-14T05:31:27+00:00
SAO_8004-10,São Paulo,3550308,True,,34022,,,-23.5197905,-46.6999755,,,,2,2023-06-14T05:31:12+00:00
SAO_8004-10,São Paulo,3550308,True,,34022,,,-23.48378625,-46.74662525,,,,2,2023-06-14T05:31:13+00:00
SAO_2080-10,São Paulo,3550308,True,,33139,,,-23.495147000000003,-46.4347765,,,,2,2023-06-14T05:31:45+00:00
SAO_2080-10,São Paulo,3550308,True,,33139,,,-23.5196595,-46.546581,,,,2,2023-06-14T05:31:22+00:00
SAO_2080-10,São Paulo,3550308,True,,33139,,,-23.4883005,-46.3847875,,,,2,2023-06-14T05:31:24+00:00
SAO_2080-10,São Paulo,3550308,True,,33139,,,-23.5075325,-46.489591250000004,,,,2,2023-06-14T05:31:17+00:00
SAO_N604-11,São Paulo,3550308,True,,35163,,,-23.547913,-46.6299575,,,,2,2023-06-14T05:31:29+00:00
SAO_6815-10,São Paulo,3550308,True,BR7 Mobilidade,25,https://moovitapp.com/index/pt-br/transporte_p%C3%BAblico-line-25-Sao_Paulo-242-851856-758720-0,5.75,-23.6762685,-46.783033,,,,1,2023-06-14T05:31:40+00:00
SAO_627J-10,São Paulo,3550308,True,,2056,,,-23.682060999999997,-46.633000499999994,,,,1,2023-06-14T05:30:42+00:00
SAO_6232-10,São Paulo,3550308,True,STT,483,https://moovitapp.com/index/pt-br/transporte_p%C3%BAblico-line-483-Sao_Paulo-242-850661-183322-0,5.3,-23.55886025,-46.679667875,,,,1,2023-06-14T05:31:36+00:00
SAO_1178-31,São Paulo,3550308,True,,1812,,,-23.5223485,-46.558676999999996,,,,1,2023-06-14T05:28:56+00:00
SAO_1178-31,São Paulo,3550308,True,,1812,,,-23.484701,-46.46814175,,,,1,2023-06-14T05:31:07+00:00
SAO_675G-10,São Paulo,3550308,True,ETT,106,https://moovitapp.com/index/pt-br/transporte_p%C3%BAblico-line-106-Sao_Paulo-242-876373-496508-0,5.3,-23.6911585,-46.698021,,,,1,2023-06-14T05:31:09+00:00
SAO_675G-10,São Paulo,3550308,True,ETT,106,https://moovitapp.com/index/pt-br/transporte_p%C3%BAblico-line-106-Sao_Paulo-242-876373-496508-0,5.3,-23.6457805,-46.647411500000004,,,,1,2023-06-14T05:31:43+00:00
SAO_8008-10,São Paulo,3550308,True,,34026,,,-23.486517,-46.7262255,,,,2,2023-06-14T05:31:22+00:00
SAO_8008-10,São Paulo,3550308,True,,34026,,,-23.474154249999998,-46.749757125,,,,2,2023-06-14T05:31:14+00:00
SAO_8008-10,São Paulo,3550308,True,,34026,,,-23.470457,-46.751476499999995,,,,2,2023-06-14T05:31:26+00:00
SAO_8622-10,São Paulo,3550308,True,,33206,,,-23.525676875,-46.679121125,,,,2,2023-06-14T05:31:26+00:00
SAO_8622-10,São Paulo,3550308,True,,33206,,,-23.430353,-46.7939315,,,,2,2023-06-14T05:31:24+00:00
SAO_8622-10,São Paulo,3550308,True,,33206,,,-23.44343,-46.796728,,,,2,2023-06-14T05:31:38+00:00
SAO_8622-10,São Paulo,3550308,True,,33206,,,-23.5474995,-46.640241,,,,2,2023-06-14T05:31:24+00:00
SAO_8622-10,São Paulo,3550308,True,,33206,,,-23.492511999999998,-46.7655725,,,,2,2023-06-14T05:31:44+00:00
SAO_695D-10,São Paulo,3550308,True,EMTU,114,https://moovitapp.com/index/pt-br/transporte_p%C3%BAblico-line-114-Sao_Paulo-242-2038937-36419274-0,6.4,-23.7329935,-46.676147,,,,1,2023-06-14T05:31:05+00:00
SAO_695D-10,São Paulo,3550308,True,EMTU,114,https://moovitapp.com/index/pt-br/transporte_p%C3%BAblico-line-114-Sao_Paulo-242-2038937-36419274-0,6.4,-23.686941500000003,-46.694518,,,,1,2023-06-14T05:31:11+00:00
SAO_695D-10,São Paulo,3550308,True,EMTU,114,https://moovitapp.com/index/pt-br/transporte_p%C3%BAblico-line-114-Sao_Paulo-242-2038937-36419274-0,6.4,-23.646357000000002,-46.639497500000004,,,,1,2023-06-14T05:31:43+00:00
SAO_372F-10,São Paulo,3550308,True,,33783,,,-23.552103000000002,-46.598889,,,,2,2023-06-14T05:31:31+00:00
SAO_372F-10,São Paulo,3550308,True,,33783,,,-23.552103000000002,-46.598889,,,,2,2023-06-14T05:31:46+00:00
SAO_372F-10,São Paulo,3550308,True,,33783,,,-23.552103000000002,-46.598889,,,,2,2023-06-14T05:31:09+00:00
SAO_7053-21,São Paulo,3550308,True,,34663,,,-23.642522,-46.786126499999995,,,,2,2023-06-14T05:31:12+00:00
SAO_7053-21,São Paulo,3550308,True,,34663,,,-23.64219025,-46.78573025,,,,2,2023-06-14T05:31:17+00:00
SAO_7053-21,São Paulo,3550308,True,,34663,,,-23.642771,-46.786125,,,,2,2023-06-14T05:31:17+00:00
SAO_7051-10,São Paulo,3550308,True,,34653,,,-23.6548705,-46.7842895,,,,2,2023-06-14T05:31:22+00:00
SAO_7051-10,São Paulo,3550308,True,,34653,,,-23.654142999999998,-46.78494925,,,,2,2023-06-14T05:31:14+00:00
SAO_709A-10,São Paulo,3550308,True,,2092,,,-23.610649000000002,-46.694736000000006,,,,1,2023-06-14T05:31:42+00:00
SAO_709A-10,São Paulo,3550308,True,,2092,,,-23.5820815,-46.6384025,,,,1,2023-06-14T05:31:47+00:00
SAO_978T-10,São Paulo,3550308,True,,889,,,-23.4608575,-46.687422,,,,1,2023-06-14T05:31:16+00:00
SAO_978T-10,São Paulo,3550308,True,,889,,,-23.526074,-46.6876685,,,,1,2023-06-14T05:31:16+00:00
SAO_978T-10,São Paulo,3550308,True,,889,,,-23.526545499999997,-46.668566999999996,,,,1,2023-06-14T05:31:22+00:00
SAO_978T-10,São Paulo,3550308,True,,889,,,-23.4683525,-46.697411,,,,1,2023-06-14T05:31:16+00:00
SAO_352A-10,São Paulo,3550308,True,,32932,,,-23.479201250000003,-46.42118275,,,,2,2023-06-14T05:31:40+00:00
SAO_352A-10,São Paulo,3550308,True,,32932,,,-23.540413,-46.4565365,,,,2,2023-06-14T05:31:12+00:00
SAO_352A-10,São Paulo,3550308,True,,32932,,,-23.479201250000003,-46.42118275,,,,2,2023-06-14T05:31:40+00:00
SAO_352A-10,São Paulo,3550308,True,,32932,,,-23.529028,-46.4509655,,,,2,2023-06-14T05:31:18+00:00
SAO_352A-10,São Paulo,3550308,True,,32932,,,-23.477876000000002,-46.419193,,,,2,2023-06-14T05:31:29+00:00
SAO_352A-10,São Paulo,3550308,True,,32932,,,-23.479059749999998,-46.42096825,,,,2,2023-06-14T05:31:44+00:00
SAO_3112-10,São Paulo,3550308,True,,33848,,,-23.601481,-46.5329735,,,,2,2023-06-14T05:31:09+00:00
SAO_3112-10,São Paulo,3550308,True,,33848,,,-23.57928275,-46.57270175,,,,2,2023-06-14T05:31:46+00:00
SAO_3112-10,São Paulo,3550308,True,,33848,,,-23.542482,-46.590168000000006,,,,2,2023-06-14T05:31:44+00:00
SAO_809A-10,São Paulo,3550308,True,,2069,,,-23.58387075,-46.779576875000004,,,,1,2023-06-14T05:31:16+00:00
SAO_8594-10,São Paulo,3550308,True,EMTU,432,https://moovitapp.com/index/pt-br/transporte_p%C3%BAblico-line-432-Sao_Paulo-242-2038937-36419486-0,4.8,-23.479386499999997,-46.7200265,,,,1,2023-06-14T05:31:06+00:00
SAO_8594-10,São Paulo,3550308,True,EMTU,432,https://moovitapp.com/index/pt-br/transporte_p%C3%BAblico-line-432-Sao_Paulo-242-2038937-36419486-0,4.8,-23.544864625,-46.64364537499999,,,,1,2023-06-14T05:31:44+00:00
SAO_8594-10,São Paulo,3550308,True,EMTU,432,https://moovitapp.com/index/pt-br/transporte_p%C3%BAblico-line-432-Sao_Paulo-242-2038937-36419486-0,4.8,-23.520409,-46.701754,,,,1,2023-06-14T05:31:43+00:00
SAO_9032-10,São Paulo,3550308,True,,33648,,,-23.4489095,-46.698080000000004,,,,2,2023-06-14T05:31:15+00:00
SAO_6822-10,São Paulo,3550308,True,Del Rey,22,https://moovitapp.com/index/pt-br/transporte_p%C3%BAblico-line-22-Sao_Paulo-242-868760-496394-0,4.5,-23.653551,-46.777357,,,,1,2023-06-14T05:31:34+00:00
SAO_6822-10,São Paulo,3550308,True,Del Rey,22,https://moovitapp.com/index/pt-br/transporte_p%C3%BAblico-line-22-Sao_Paulo-242-868760-496394-0,4.5,-23.658801,-46.7748385,,,,1,2023-06-14T05:31:19+00:00
SAO_6822-10,São Paulo,3550308,True,Del Rey,22,https://moovitapp.com/index/pt-br/transporte_p%C3%BAblico-line-22-Sao_Paulo-242-868760-496394-0,4.5,-23.653551,-46.777357,,,,1,2023-06-14T05:31:17+00:00
SAO_3734-10,São Paulo,3550308,True,,1034,,,-23.543688500000002,-46.481572,,,,1,2023-06-14T05:31:04+00:00
SAO_3734-10,São Paulo,3550308,True,,1034,,,-23.551243499999998,-46.463754249999994,,,,1,2023-06-14T05:31:18+00:00
SAO_775P-10,São Paulo,3550308,True,EMTU,507,https://moovitapp.com/index/pt-br/transporte_p%C3%BAblico-line-507-Sao_Paulo-242-2038937-36419529-0,5.65,-23.594093,-46.752194,,,,1,2023-06-14T05:31:07+00:00
SAO_775P-10,São Paulo,3550308,True,EMTU,507,https://moovitapp.com/index/pt-br/transporte_p%C3%BAblico-line-507-Sao_Paulo-242-2038937-36419529-0,5.65,-23.581666,-46.6386555,,,,1,2023-06-14T05:31:33+00:00
SAO_6044-10,São Paulo,3550308,True,,33989,,,-23.64856825,-46.70599425,,,,2,2023-06-14T05:31:31+00:00
SAO_6044-10,São Paulo,3550308,True,,33989,,,-23.676567,-46.798396,,,,2,2023-06-14T05:31:32+00:00
SAO_2088-10,São Paulo,3550308,True,EMTU,372,https://moovitapp.com/index/pt-br/transporte_p%C3%BAblico-line-372-Sao_Paulo-242-2038937-36419447-0,4.9,-23.49173,-46.44601225,,,,1,2023-06-14T05:31:17+00:00
SAO_2088-10,São Paulo,3550308,True,EMTU,372,https://moovitapp.com/index/pt-br/transporte_p%C3%BAblico-line-372-Sao_Paulo-242-2038937-36419447-0,4.9,-23.5178905,-46.469077,,,,1,2023-06-14T05:31:20+00:00
SAO_2088-10,São Paulo,3550308,True,EMTU,372,https://moovitapp.com/index/pt-br/transporte_p%C3%BAblico-line-372-Sao_Paulo-242-2038937-36419447-0,4.9,-23.5032615,-46.380213499999996,,,,1,2023-06-14T05:31:27+00:00
SAO_2088-10,São Paulo,3550308,True,EMTU,372,https://moovitapp.com/index/pt-br/transporte_p%C3%BAblico-line-372-Sao_Paulo-242-2038937-36419447-0,4.9,-23.486828,-46.382237375,,,,1,2023-06-14T05:31:18+00:00
SAO_4288-10,São Paulo,3550308,True,Cidade de Caieiras,290,https://moovitapp.com/index/pt-br/transporte_p%C3%BAblico-line-290-Sao_Paulo-242-868761-496416-0,5.0,-23.603599250000002,-46.5296635,,,,1,2023-06-14T05:31:35+00:00
SAO_675M-10,São Paulo,3550308,True,ETT,108,https://moovitapp.com/index/pt-br/transporte_p%C3%BAblico-line-108-Sao_Paulo-242-876373-496510-0,5.3,-23.645421125000002,-46.6480325,,,,1,2023-06-14T05:31:43+00:00
SAO_675M-10,São Paulo,3550308,True,ETT,108,https://moovitapp.com/index/pt-br/transporte_p%C3%BAblico-line-108-Sao_Paulo-242-876373-496510-0,5.3,-23.70614075,-46.6854995,,,,1,2023-06-14T05:31:39+00:00
SAO_675M-10,São Paulo,3550308,True,ETT,108,https://moovitapp.com/index/pt-br/transporte_p%C3%BAblico-line-108-Sao_Paulo-242-876373-496510-0,5.3,-23.720964000000002,-46.676227,,,,1,2023-06-14T05:31:11+00:00
SAO_351F-10,São Paulo,3550308,True,,687,,,-23.5577635,-46.522865499999995,,,,1,2023-06-14T05:31:11+00:00
SAO_351F-10,São Paulo,3550308,True,,687,,,-23.575013249999998,-46.527756,,,,1,2023-06-14T05:31:28+00:00
SAO_351F-10,São Paulo,3550308,True,,687,,,-23.4967695,-46.5863285,,,,1,2023-06-14T05:31:30+00:00
SAO_351F-10,São Paulo,3550308,True,,687,,,-23.54830225,-46.563432500000005,,,,1,2023-06-14T05:29:01+00:00
SAO_7016-10,São Paulo,3550308,True,,34886,,,-23.688399500000003,-46.77262075,,,,2,2023-06-14T05:31:13+00:00
SAO_7016-10,São Paulo,3550308,True,,34886,,,-23.69079975,-46.759958,,,,2,2023-06-14T05:31:21+00:00
SAO_7016-10,São Paulo,3550308,True,,34886,,,-23.688399500000003,-46.77262075,,,,2,2023-06-14T05:31:17+00:00
SAO_N202-11,São Paulo,3550308,True,,2312,,,-23.565859,-46.7013775,,,,1,2023-06-14T05:31:17+00:00
SAO_6072-10,São Paulo,3550308,True,,34356,,,-23.789228,-46.715351999999996,,,,2,2023-06-14T05:31:28+00:00
SAO_6072-10,São Paulo,3550308,True,,34356,,,-23.8274015,-46.69739250000001,,,,2,2023-06-14T05:31:05+00:00
SAO_6072-10,São Paulo,3550308,True,,34356,,,-23.817320000000002,-46.705675,,,,2,2023-06-14T05:31:22+00:00
SAO_6072-10,São Paulo,3550308,True,,34356,,,-23.820137000000003,-46.704139999999995,,,,2,2023-06-14T05:31:11+00:00
SAO_8078-10,São Paulo,3550308,True,,2080,,,-23.6254505,-46.7479555,,,,1,2023-06-14T05:31:18+00:00
SAO_8078-10,São Paulo,3550308,True,,2080,,,-23.61833175,-46.74912025,,,,1,2023-06-14T05:31:30+00:00
SAO_211L-10,São Paulo,3550308,True,,35033,,,-23.4826065,-46.6307425,,,,2,2023-06-14T05:31:13+00:00
SAO_211L-10,São Paulo,3550308,True,,35033,,,-23.4805725,-46.6731805,,,,2,2023-06-14T05:31:37+00:00
SAO_211L-10,São Paulo,3550308,True,,35033,,,-23.4825085,-46.630541,,,,2,2023-06-14T05:31:27+00:00
SAO_2006-10,São Paulo,3550308,True,,895,,,-23.510832999999998,-46.366727,,,,1,2023-06-14T05:31:27+00:00
SAO_2006-10,São Paulo,3550308,True,,895,,,-23.4885625,-46.385093,,,,1,2023-06-14T05:31:04+00:00
SAO_2006-10,São Paulo,3550308,True,,895,,,-23.496754000000003,-46.393516000000005,,,,1,2023-06-14T05:31:05+00:00
SAO_2006-10,São Paulo,3550308,True,,895,,,-23.4941615,-46.400386,,,,1,2023-06-14T05:31:36+00:00
SAO_2006-10,São Paulo,3550308,True,,895,,,-23.510832999999998,-46.366727,,,,1,2023-06-14T05:31:41+00:00
SAO_2006-10,São Paulo,3550308,True,,895,,,-23.510832999999998,-46.366727,,,,1,2023-06-14T05:28:16+00:00
SAO_3539-10,São Paulo,3550308,True,,748,,,-23.5291325,-46.515853,,,,1,2023-06-14T05:31:31+00:00
SAO_3539-10,São Paulo,3550308,True,,748,,,-23.5835525,-46.408947,,,,1,2023-06-14T05:31:23+00:00
SAO_3539-10,São Paulo,3550308,True,,748,,,-23.573947,-46.4534285,,,,1,2023-06-14T05:31:07+00:00
SAO_3539-10,São Paulo,3550308,True,,748,,,-23.597203999999998,-46.404201,,,,1,2023-06-14T05:31:44+00:00
SAO_403A-10,São Paulo,3550308,True,,2192,,,-23.554682,-46.4848825,,,,1,2023-06-14T05:31:17+00:00
SAO_403A-10,São Paulo,3550308,True,,2192,,,-23.54924075,-46.436223749999996,,,,1,2023-06-14T05:31:44+00:00
SAO_403A-10,São Paulo,3550308,True,,2192,,,-23.551506000000003,-46.436625,,,,1,2023-06-14T05:31:22+00:00
SAO_403A-10,São Paulo,3550308,True,,2192,,,-23.546380749999997,-46.51233675,,,,1,2023-06-14T05:31:03+00:00
SAO_5025-10,São Paulo,3550308,True,,34332,,,-23.59935775,-46.58558375,,,,2,2023-06-14T05:31:30+00:00
SAO_5025-10,São Paulo,3550308,True,,34332,,,-23.60857425,-46.54131325,,,,2,2023-06-14T05:31:32+00:00
SAO_2021-10,São Paulo,3550308,True,,33674,,,-23.544535,-46.389844,,,,2,2023-06-14T05:30:47+00:00
SAO_2021-10,São Paulo,3550308,True,,33674,,,-23.5437275,-46.408610499999995,,,,2,2023-06-14T05:30:11+00:00
SAO_2013-10,São Paulo,3550308,True,,899,,,-23.46383275,-46.65563075,,,,1,2023-06-14T05:31:27+00:00
SAO_2719-10,São Paulo,3550308,True,,33700,,,-23.4925925,-46.479817499999996,,,,2,2023-06-14T05:31:20+00:00
SAO_2719-10,São Paulo,3550308,True,,33700,,,-23.525838,-46.526068499999994,,,,2,2023-06-14T05:31:16+00:00
SAO_2719-10,São Paulo,3550308,True,,33700,,,-23.494799999999998,-46.4693685,,,,2,2023-06-14T05:31:05+00:00
SAO_2719-10,São Paulo,3550308,True,,33700,,,-23.510270499999997,-46.505897,,,,2,2023-06-14T05:31:11+00:00
SAO_8013-10,São Paulo,3550308,True,,33568,,,-23.493917500000002,-46.75814325,,,,2,2023-06-14T05:31:42+00:00
SAO_8013-10,São Paulo,3550308,True,,33568,,,-23.520064875000003,-46.72187112500001,,,,2,2023-06-14T05:31:41+00:00
SAO_8013-10,São Paulo,3550308,True,,33568,,,-23.4322595,-46.786679250000006,,,,2,2023-06-14T05:31:03+00:00
SAO_8013-10,São Paulo,3550308,True,,33568,,,-23.4318945,-46.786733749999996,,,,2,2023-06-14T05:31:05+00:00
SAO_8013-10,São Paulo,3550308,True,,33568,,,-23.42338075,-46.789095,,,,2,2023-06-14T05:31:08+00:00
SAO_809V-10,São Paulo,3550308,True,,2243,,,-23.576418,-46.7333665,,,,1,2023-06-14T05:31:24+00:00
SAO_809V-10,São Paulo,3550308,True,,2243,,,-23.55622725,-46.662549500000004,,,,1,2023-06-14T05:31:44+00:00
SAO_5106-21,São Paulo,3550308,True,,1972,,,-23.6848065,-46.653604,,,,1,2023-06-14T05:31:40+00:00
SAO_5106-21,São Paulo,3550308,True,,1972,,,-23.607663875,-46.666823,,,,1,2023-06-14T05:31:28+00:00
SAO_5106-21,São Paulo,3550308,True,,1972,,,-23.6459645,-46.640748,,,,1,2023-06-14T05:31:01+00:00
SAO_5106-21,São Paulo,3550308,True,,1972,,,-23.6137995,-46.695978,,,,1,2023-06-14T05:31:14+00:00
SAO_407K-10,São Paulo,3550308,True,,34936,,,-23.592456937500003,-46.488848812499995,,,,2,2023-06-14T05:31:42+00:00
SAO_407K-10,São Paulo,3550308,True,,34936,,,-23.613653,-46.4766475,,,,2,2023-06-14T05:31:21+00:00
SAO_407R-10,São Paulo,3550308,True,,2201,,,-23.5585245,-46.522515999999996,,,,1,2023-06-14T05:31:43+00:00
SAO_407R-10,São Paulo,3550308,True,,2201,,,-23.559123125,-46.568599875000004,,,,1,2023-06-14T05:31:08+00:00
SAO_407R-10,São Paulo,3550308,True,,2201,,,-23.5428375,-46.587731000000005,,,,1,2023-06-14T05:31:41+00:00
SAO_1034-10,São Paulo,3550308,True,,35220,,,-23.47114175,-46.71015375,,,,2,2023-06-14T05:31:41+00:00
SAO_6092-10,São Paulo,3550308,True,,1177,,,-23.736617,-46.696708,,,,1,2023-06-14T05:31:32+00:00
SAO_6093-10,São Paulo,3550308,True,,34353,,,-23.769367000000003,-46.71789149999999,,,,2,2023-06-14T05:31:28+00:00
SAO_6093-10,São Paulo,3550308,True,,34353,,,-23.82751025,-46.731438999999995,,,,2,2023-06-14T05:31:13+00:00
SAO_6093-10,São Paulo,3550308,True,,34353,,,-23.856023999999998,-46.715227,,,,2,2023-06-14T05:28:16+00:00
SAO_273D-10,São Paulo,3550308,True,,222,,,-23.520804,-46.4114145,,,,1,2023-06-14T05:31:15+00:00
SAO_273D-10,São Paulo,3550308,True,,222,,,-23.521151250000003,-46.412079,,,,1,2023-06-14T05:31:27+00:00
SAO_273D-10,São Paulo,3550308,True,,222,,,-23.539782000000002,-46.482977500000004,,,,1,2023-06-14T05:31:09+00:00
SAO_273D-10,São Paulo,3550308,True,,222,,,-23.494635000000002,-46.4265625,,,,1,2023-06-14T05:31:41+00:00
SAO_6080-10,São Paulo,3550308,True,,33936,,,-23.687738000000003,-46.69618749999999,,,,2,2023-06-14T05:31:44+00:00
SAO_6080-10,São Paulo,3550308,True,,33936,,,-23.7617185,-46.670583,,,,2,2023-06-14T05:31:18+00:00
SAO_6080-10,São Paulo,3550308,True,,33936,,,-23.682682999999997,-46.675507499999995,,,,2,2023-06-14T05:31:38+00:00
SAO_7053-10,São Paulo,3550308,True,,1887,,,-23.640779000000002,-46.7825665,,,,1,2023-06-14T05:31:30+00:00
SAO_7053-10,São Paulo,3550308,True,,1887,,,-23.654132500000003,-46.788232,,,,1,2023-06-14T05:31:39+00:00
SAO_7053-10,São Paulo,3550308,True,,1887,,,-23.640779000000002,-46.7825665,,,,1,2023-06-14T05:31:12+00:00
SAO_7053-10,São Paulo,3550308,True,,1887,,,-23.64189,-46.7853535,,,,1,2023-06-14T05:31:19+00:00
SAO_2770-10,São Paulo,3550308,True,,33011,,,-23.52812875,-46.41775825,,,,2,2023-06-14T05:31:41+00:00
SAO_2770-10,São Paulo,3550308,True,,33011,,,-23.539380375,-46.431489625,,,,2,2023-06-14T05:31:30+00:00
SAO_2770-10,São Paulo,3550308,True,,33011,,,-23.513284499999997,-46.516854,,,,2,2023-06-14T05:31:29+00:00
SAO_6813-10,São Paulo,3550308,True,BR7 Mobilidade,33,https://moovitapp.com/index/pt-br/transporte_p%C3%BAblico-line-33-Sao_Paulo-242-851856-529134-0,5.75,-23.6601165,-46.76611175000001,,,,1,2023-06-14T05:31:36+00:00
SAO_3031-10,São Paulo,3550308,True,,967,,,-23.573159,-46.4529575,,,,1,2023-06-14T05:31:18+00:00
SAO_3031-10,São Paulo,3550308,True,,967,,,-23.542684,-46.4693915,,,,1,2023-06-14T05:31:09+00:00
SAO_3031-10,São Paulo,3550308,True,,967,,,-23.6129015,-46.444473,,,,1,2023-06-14T05:31:43+00:00
SAO_3766-10,São Paulo,3550308,True,,1055,,,-23.553675499999997,-46.427672,,,,1,2023-06-14T05:31:35+00:00
SAO_3766-10,São Paulo,3550308,True,,1055,,,-23.553675499999997,-46.427672,,,,1,2023-06-14T05:31:17+00:00
SAO_3766-10,São Paulo,3550308,True,,1055,,,-23.554517,-46.435314000000005,,,,1,2023-06-14T05:31:35+00:00
SAO_3766-10,São Paulo,3550308,True,,1055,,,-23.553675499999997,-46.427672,,,,1,2023-06-14T05:31:35+00:00
SAO_3766-10,São Paulo,3550308,True,,1055,,,-23.553675499999997,-46.427672,,,,1,2023-06-14T05:31:09+00:00
SAO_3766-10,São Paulo,3550308,True,,1055,,,-23.5347285,-46.4537885,,,,1,2023-06-14T05:31:37+00:00
SAO_9023-10,São Paulo,3550308,True,,1437,,,-23.438453,-46.708883,,,,1,2023-06-14T05:31:21+00:00
SAO_8200-10,São Paulo,3550308,True,,34031,,,-23.497197999999997,-46.7117765,,,,2,2023-06-14T05:31:07+00:00
SAO_8200-10,São Paulo,3550308,True,,34031,,,-23.5201365,-46.700402999999994,,,,2,2023-06-14T05:31:20+00:00
SAO_3789-10,São Paulo,3550308,True,,1067,,,-23.599097999999998,-46.402054250000006,,,,1,2023-06-14T05:31:34+00:00
SAO_3789-10,São Paulo,3550308,True,,1067,,,-23.542547,-46.4707595,,,,1,2023-06-14T05:31:15+00:00
SAO_3789-10,São Paulo,3550308,True,,1067,,,-23.560872500000002,-46.4658875,,,,1,2023-06-14T05:31:48+00:00
SAO_3789-10,São Paulo,3550308,True,,1067,,,-23.611982,-46.3961475,,,,1,2023-06-14T05:26:10+00:00
SAO_3789-10,São Paulo,3550308,True,,1067,,,-23.5727255,-46.445909,,,,1,2023-06-14T05:31:32+00:00
SAO_7411-10,São Paulo,3550308,True,,34144,,,-23.545989,-46.6388205,,,,2,2023-06-14T05:31:26+00:00
SAO_2080-10,São Paulo,3550308,True,,371,,,-23.510844249999998,-46.508745000000005,,,,1,2023-06-14T05:31:08+00:00
SAO_2080-10,São Paulo,3550308,True,,371,,,-23.4934865,-46.389315499999995,,,,1,2023-06-14T05:31:45+00:00
SAO_2080-10,São Paulo,3550308,True,,371,,,-23.507994,-46.49281825,,,,1,2023-06-14T05:31:26+00:00
SAO_809J-10,São Paulo,3550308,True,,2066,,,-23.60355975,-46.729710499999996,,,,1,2023-06-14T05:31:38+00:00
SAO_756A-10,São Paulo,3550308,True,,33561,,,-23.598115999999997,-46.7961385,,,,2,2023-06-14T05:31:44+00:00
SAO_756A-10,São Paulo,3550308,True,,33561,,,-23.589634,-46.7350005,,,,2,2023-06-14T05:31:27+00:00
SAO_756A-10,São Paulo,3550308,True,,33561,,,-23.5968515,-46.781251499999996,,,,2,2023-06-14T05:31:05+00:00
SAO_2451-10,São Paulo,3550308,True,EMTU,213,https://moovitapp.com/index/pt-br/transporte_p%C3%BAblico-line-213-Sao_Paulo-242-2038937-36419335-0,6.7,-23.52313325,-46.543812,,,,1,2023-06-14T05:31:38+00:00
SAO_3743-10,São Paulo,3550308,True,,33811,,,-23.596551500000004,-46.487297874999996,,,,2,2023-06-14T05:31:46+00:00
SAO_3743-10,São Paulo,3550308,True,,33811,,,-23.542998,-46.4711105,,,,2,2023-06-14T05:31:12+00:00
SAO_5752-10,São Paulo,3550308,True,,1287,,,-23.6908785,-46.6505535,,,,1,2023-06-14T05:31:26+00:00
SAO_5752-10,São Paulo,3550308,True,,1287,,,-23.6908875,-46.650045000000006,,,,1,2023-06-14T05:31:37+00:00
SAO_5752-10,São Paulo,3550308,True,,1287,,,-23.6358015,-46.6410555,,,,1,2023-06-14T05:31:20+00:00
SAO_5752-10,São Paulo,3550308,True,,1287,,,-23.6908765,-46.650728,,,,1,2023-06-14T05:31:36+00:00
SAO_9050-10,São Paulo,3550308,True,,2088,,,-23.5200315,-46.699387,,,,1,2023-06-14T05:31:08+00:00
SAO_9050-10,São Paulo,3550308,True,,2088,,,-23.5435043125,-46.7024263125,,,,1,2023-06-14T05:31:38+00:00
SAO_148P-10,São Paulo,3550308,True,,33302,,,-23.464495499999998,-46.65211625,,,,2,2023-06-14T05:31:45+00:00
SAO_148P-10,São Paulo,3550308,True,,33302,,,-23.51208775,-46.65870775,,,,2,2023-06-14T05:31:45+00:00
SAO_148P-10,São Paulo,3550308,True,,33302,,,-23.4567195,-46.6457775,,,,2,2023-06-14T05:30:18+00:00
SAO_148P-10,São Paulo,3550308,True,,33302,,,-23.4872835,-46.6647795,,,,2,2023-06-14T05:31:11+00:00
SAO_9008-10,São Paulo,3550308,True,,33643,,,-23.430883,-46.71344,,,,2,2023-06-14T05:31:40+00:00
SAO_9008-10,São Paulo,3550308,True,,33643,,,-23.45906,-46.6869905,,,,2,2023-06-14T05:31:07+00:00
SAO_6012-10,São Paulo,3550308,True,,1204,,,-23.66692225,-46.7231535,,,,1,2023-06-14T05:31:36+00:00
SAO_6012-10,São Paulo,3550308,True,,1204,,,-23.686436999999998,-46.7873475,,,,1,2023-06-14T05:31:21+00:00
SAO_9300-10,São Paulo,3550308,True,EMTU,116,https://moovitapp.com/index/pt-br/transporte_p%C3%BAblico-line-116-Sao_Paulo-242-2038937-36419276-0,12.1,-23.552270999999998,-46.633739500000004,,,,1,2023-06-14T05:31:38+00:00
SAO_9300-10,São Paulo,3550308,True,EMTU,116,https://moovitapp.com/index/pt-br/transporte_p%C3%BAblico-line-116-Sao_Paulo-242-2038937-36419276-0,12.1,-23.5458935,-46.631106,,,,1,2023-06-14T05:31:24+00:00
SAO_4007-10,São Paulo,3550308,True,,34949,,,-23.5518795,-46.435438500000004,,,,2,2023-06-14T05:31:23+00:00
SAO_4007-10,São Paulo,3550308,True,,34949,,,-23.55599675,-46.51803525,,,,2,2023-06-14T05:31:26+00:00
SAO_857P-10,São Paulo,3550308,True,,1926,,,-23.578650625,-46.70917975,,,,1,2023-06-14T05:31:44+00:00
SAO_857P-10,São Paulo,3550308,True,,1926,,,-23.62752575,-46.766991250000004,,,,1,2023-06-14T05:31:46+00:00
SAO_857P-10,São Paulo,3550308,True,,1926,,,-23.575947,-46.643428,,,,1,2023-06-14T05:31:26+00:00
SAO_2762-10,São Paulo,3550308,True,,144,,,-23.4899055,-46.4894135,,,,1,2023-06-14T05:29:12+00:00
SAO_948A-10,São Paulo,3550308,True,,34191,,,-23.486086,-46.7251615,,,,2,2023-06-14T05:31:28+00:00
SAO_948A-10,São Paulo,3550308,True,,34191,,,-23.5262005,-46.6741125,,,,2,2023-06-14T05:31:45+00:00
SAO_8055-10,São Paulo,3550308,True,,33182,,,-23.40642675,-46.73843025,,,,2,2023-06-14T05:31:16+00:00
SAO_8055-10,São Paulo,3550308,True,,33182,,,-23.418445,-46.78449750000001,,,,2,2023-06-14T05:31:32+00:00
SAO_8055-10,São Paulo,3550308,True,,33182,,,-23.520279375,-46.721380624999995,,,,2,2023-06-14T05:31:16+00:00
SAO_314J-10,São Paulo,3550308,True,Cidade de Caieiras,310,https://moovitapp.com/index/pt-br/transporte_p%C3%BAblico-line-310-Sao_Paulo-242-868761-496418-0,5.0,-23.6015385,-46.533745499999995,,,,1,2023-06-14T05:31:22+00:00
SAO_314J-10,São Paulo,3550308,True,Cidade de Caieiras,310,https://moovitapp.com/index/pt-br/transporte_p%C3%BAblico-line-310-Sao_Paulo-242-868761-496418-0,5.0,-23.55941875,-46.6236665,,,,1,2023-06-14T05:31:03+00:00
SAO_3023-10,São Paulo,3550308,True,Urubupungá,960,https://moovitapp.com/index/pt-br/transporte_p%C3%BAblico-line-960-Sao_Paulo-242-873835-31663702-0,4.6,-23.619868750000002,-46.47931375,,,,1,2023-06-14T05:31:08+00:00
SAO_3023-10,São Paulo,3550308,True,Urubupungá,960,https://moovitapp.com/index/pt-br/transporte_p%C3%BAblico-line-960-Sao_Paulo-242-873835-31663702-0,4.6,-23.5803545,-46.500555,,,,1,2023-06-14T05:31:39+00:00
SAO_8073-10,São Paulo,3550308,True,,34849,,,-23.599168,-46.766690999999994,,,,2,2023-06-14T05:31:27+00:00
SAO_8073-10,São Paulo,3550308,True,,34849,,,-23.586309999999997,-46.7582515,,,,2,2023-06-14T05:31:22+00:00
SAO_312N-10,São Paulo,3550308,True,,33758,,,-23.544293000000003,-46.4108215,,,,2,2023-06-14T05:31:01+00:00
SAO_312N-10,São Paulo,3550308,True,,33758,,,-23.5739525,-46.39987,,,,2,2023-06-14T05:31:29+00:00
SAO_312N-10,São Paulo,3550308,True,,33758,,,-23.4957155,-46.410714999999996,,,,2,2023-06-14T05:31:36+00:00
SAO_312N-10,São Paulo,3550308,True,,33758,,,-23.579121999999998,-46.411722499999996,,,,2,2023-06-14T05:31:24+00:00
SAO_809P-10,São Paulo,3550308,True,,34659,,,-23.631173750000002,-46.77117525,,,,2,2023-06-14T05:31:35+00:00
SAO_809P-10,São Paulo,3550308,True,,34659,,,-23.631258,-46.773112999999995,,,,2,2023-06-14T05:31:47+00:00
SAO_809P-10,São Paulo,3550308,True,,34659,,,-23.622176500000002,-46.759738999999996,,,,2,2023-06-14T05:31:22+00:00
SAO_809P-10,São Paulo,3550308,True,,34659,,,-23.572976750000002,-46.705288499999995,,,,2,2023-06-14T05:31:19+00:00
SAO_5759-31,São Paulo,3550308,True,,1139,,,-23.653155374999997,-46.66630225,,,,1,2023-06-14T05:31:11+00:00
SAO_5759-31,São Paulo,3550308,True,,1139,,,-23.634568,-46.6410685,,,,1,2023-06-14T05:31:33+00:00
SAO_208V-10,São Paulo,3550308,True,Rápido Campinas,207,https://moovitapp.com/index/pt-br/transporte_p%C3%BAblico-line-207-Sao_Paulo-242-858660-638984-0,5.3,-23.517753,-46.475941500000005,,,,1,2023-06-14T05:31:22+00:00
SAO_208V-10,São Paulo,3550308,True,Rápido Campinas,207,https://moovitapp.com/index/pt-br/transporte_p%C3%BAblico-line-207-Sao_Paulo-242-858660-638984-0,5.3,-23.521616,-46.529561,,,,1,2023-06-14T05:31:08+00:00
SAO_208V-10,São Paulo,3550308,True,Rápido Campinas,207,https://moovitapp.com/index/pt-br/transporte_p%C3%BAblico-line-207-Sao_Paulo-242-858660-638984-0,5.3,-23.512327499999998,-46.514167,,,,1,2023-06-14T05:31:33+00:00
SAO_208V-10,São Paulo,3550308,True,Rápido Campinas,207,https://moovitapp.com/index/pt-br/transporte_p%C3%BAblico-line-207-Sao_Paulo-242-858660-638984-0,5.3,-23.54102225,-46.613502249999996,,,,1,2023-06-14T05:31:44+00:00
SAO_1156-10,São Paulo,3550308,True,,33427,,,-23.4874285,-46.568459749999995,,,,2,2023-06-14T05:30:35+00:00
SAO_1156-10,São Paulo,3550308,True,,33427,,,-23.49646525,-46.5862415,,,,2,2023-06-14T05:31:38+00:00
SAO_1156-10,São Paulo,3550308,True,,33427,,,-23.523892,-46.6034605,,,,2,2023-06-14T05:28:27+00:00
SAO_1156-10,São Paulo,3550308,True,,33427,,,-23.487218,-46.568332,,,,2,2023-06-14T05:31:40+00:00
SAO_209P-10,São Paulo,3550308,True,,2216,,,-23.542545500000003,-46.6765175,,,,1,2023-06-14T05:31:13+00:00
SAO_209P-10,São Paulo,3550308,True,,2216,,,-23.46998575,-46.670573000000005,,,,1,2023-06-14T05:31:31+00:00
SAO_8700-10,São Paulo,3550308,True,,1877,,,-23.6304685,-46.773606,,,,1,2023-06-14T05:31:12+00:00
SAO_8700-10,São Paulo,3550308,True,,1877,,,-23.622368,-46.761258,,,,1,2023-06-14T05:31:22+00:00
SAO_8700-10,São Paulo,3550308,True,,1877,,,-23.5643305,-46.6778755,,,,1,2023-06-14T05:31:44+00:00
SAO_2719-10,São Paulo,3550308,True,,932,,,-23.4920145,-46.4795125,,,,1,2023-06-14T05:31:37+00:00
SAO_2719-10,São Paulo,3550308,True,,932,,,-23.531444999999998,-46.5293925,,,,1,2023-06-14T05:31:40+00:00
SAO_2719-10,São Paulo,3550308,True,,932,,,-23.504108374999998,-46.488180625,,,,1,2023-06-14T05:31:43+00:00
SAO_2719-10,São Paulo,3550308,True,,932,,,-23.526511499999998,-46.528253750000005,,,,1,2023-06-14T05:31:36+00:00
SAO_2719-10,São Paulo,3550308,True,,932,,,-23.516181500000002,-46.5209605,,,,1,2023-06-14T05:31:16+00:00
SAO_8500-10,São Paulo,3550308,True,,34035,,,-23.511425,-46.70535825,,,,2,2023-06-14T05:31:44+00:00
SAO_8500-10,São Paulo,3550308,True,,34035,,,-23.485485500000003,-46.7254255,,,,2,2023-06-14T05:31:11+00:00
SAO_2710-31,São Paulo,3550308,True,,34422,,,-23.517386000000002,-46.4759985,,,,2,2023-06-14T05:31:20+00:00
SAO_2756-10,São Paulo,3550308,True,EMTU,238,https://moovitapp.com/index/pt-br/transporte_p%C3%BAblico-line-238-Sao_Paulo-242-2038937-36419351-0,4.85,-23.5041175,-46.432467,,,,1,2023-06-14T05:31:08+00:00
SAO_2756-10,São Paulo,3550308,True,EMTU,238,https://moovitapp.com/index/pt-br/transporte_p%C3%BAblico-line-238-Sao_Paulo-242-2038937-36419351-0,4.85,-23.544459500000002,-46.390429999999995,,,,1,2023-06-14T05:31:46+00:00
SAO_2756-10,São Paulo,3550308,True,EMTU,238,https://moovitapp.com/index/pt-br/transporte_p%C3%BAblico-line-238-Sao_Paulo-242-2038937-36419351-0,4.85,-23.525861,-46.495355375,,,,1,2023-06-14T05:31:24+00:00
SAO_7005-10,São Paulo,3550308,True,,34766,,,-23.684067,-46.769816500000005,,,,2,2023-06-14T05:31:05+00:00
SAO_7005-10,São Paulo,3550308,True,,34766,,,-23.695515,-46.779732499999994,,,,2,2023-06-14T05:31:23+00:00
SAO_2724-10,São Paulo,3550308,True,,938,,,-23.524668375,-46.46905662499999,,,,1,2023-06-14T05:31:41+00:00
SAO_2724-10,São Paulo,3550308,True,,938,,,-23.5396445,-46.483602,,,,1,2023-06-14T05:31:46+00:00
SAO_2724-10,São Paulo,3550308,True,,938,,,-23.5396435,-46.483474,,,,1,2023-06-14T05:31:27+00:00
SAO_2724-10,São Paulo,3550308,True,,938,,,-23.5396445,-46.483602,,,,1,2023-06-14T05:31:23+00:00
SAO_2724-10,São Paulo,3550308,True,,938,,,-23.5396445,-46.483602,,,,1,2023-06-14T05:31:44+00:00
SAO_3768-10,São Paulo,3550308,True,,33824,,,-23.590299,-46.381682,,,,2,2023-06-14T05:31:37+00:00
SAO_3768-10,São Paulo,3550308,True,,33824,,,-23.586175500000003,-46.3863525,,,,2,2023-06-14T05:31:24+00:00
SAO_3768-10,São Paulo,3550308,True,,33824,,,-23.575471,-46.3924385,,,,2,2023-06-14T05:31:24+00:00
SAO_3768-10,São Paulo,3550308,True,,33824,,,-23.586175500000003,-46.3863525,,,,2,2023-06-14T05:30:22+00:00
SAO_3768-10,São Paulo,3550308,True,,33824,,,-23.5867215,-46.386095999999995,,,,2,2023-06-14T05:31:33+00:00
SAO_8009-31,São Paulo,3550308,True,,1260,,,-23.44382975,-46.754130375,,,,1,2023-06-14T05:31:32+00:00
SAO_8009-31,São Paulo,3550308,True,,1260,,,-23.440916125,-46.722196,,,,1,2023-06-14T05:31:29+00:00
SAO_3902-10,São Paulo,3550308,True,,1470,,,-23.507192500000002,-46.41142000000001,,,,1,2023-06-14T05:31:03+00:00
SAO_3902-10,São Paulo,3550308,True,,1470,,,-23.484951000000002,-46.38398325,,,,1,2023-06-14T05:31:15+00:00
SAO_6821-10,São Paulo,3550308,True,,32789,,,-23.686324,-46.7810235,,,,2,2023-06-14T05:31:17+00:00
SAO_857R-10,São Paulo,3550308,True,,1892,,,-23.631071,-46.7724605,,,,1,2023-06-14T05:31:49+00:00
SAO_857R-10,São Paulo,3550308,True,,1892,,,-23.5914425,-46.73106299999999,,,,1,2023-06-14T05:31:32+00:00
SAO_857R-10,São Paulo,3550308,True,,1892,,,-23.630915,-46.772762,,,,1,2023-06-14T05:31:19+00:00
SAO_857R-10,São Paulo,3550308,True,,1892,,,-23.57276425,-46.64287075,,,,1,2023-06-14T05:29:16+00:00
SAO_7022-10,São Paulo,3550308,True,,2084,,,-23.659002,-46.705525,,,,1,2023-06-14T05:31:47+00:00
SAO_7022-10,São Paulo,3550308,True,,2084,,,-23.684780500000002,-46.7757505,,,,1,2023-06-14T05:31:15+00:00
SAO_2104-10,São Paulo,3550308,True,,35023,,,-23.5419015,-46.6275185,,,,2,2023-06-14T05:31:14+00:00
SAO_637J-10,São Paulo,3550308,True,,32871,,,-23.675466,-46.69907525,,,,2,2023-06-14T05:31:11+00:00
SAO_637J-10,São Paulo,3550308,True,,32871,,,-23.71424175,-46.6987015,,,,2,2023-06-14T05:31:21+00:00
SAO_637J-10,São Paulo,3550308,True,,32871,,,-23.583599875,-46.67752337500001,,,,2,2023-06-14T05:31:42+00:00
SAO_637J-10,São Paulo,3550308,True,,32871,,,-23.7212645,-46.706295,,,,2,2023-06-14T05:31:44+00:00
SAO_637J-10,São Paulo,3550308,True,,32871,,,-23.6453730625,-46.70219924999999,,,,2,2023-06-14T05:31:29+00:00
SAO_677A-10,São Paulo,3550308,True,,1239,,,-23.679529374999998,-46.764053375,,,,1,2023-06-14T05:31:32+00:00
SAO_677A-10,São Paulo,3550308,True,,1239,,,-23.672885,-46.7448165,,,,1,2023-06-14T05:31:43+00:00
SAO_737A-10,São Paulo,3550308,True,,1730,,,-23.653879,-46.7107595,,,,1,2023-06-14T05:31:31+00:00
SAO_737A-10,São Paulo,3550308,True,,1730,,,-23.65399,-46.71233,,,,1,2023-06-14T05:31:02+00:00
SAO_737A-10,São Paulo,3550308,True,,1730,,,-23.6894615,-46.77340325,,,,1,2023-06-14T05:31:44+00:00
SAO_737A-10,São Paulo,3550308,True,,1730,,,-23.6902125,-46.773815,,,,1,2023-06-14T05:31:46+00:00
SAO_737A-10,São Paulo,3550308,True,,1730,,,-23.67875375,-46.7631745,,,,1,2023-06-14T05:31:25+00:00
SAO_775F-10,São Paulo,3550308,True,,33564,,,-23.625425999999997,-46.7482945,,,,2,2023-06-14T05:31:24+00:00
SAO_775F-10,São Paulo,3550308,True,,33564,,,-23.6167005,-46.73553,,,,2,2023-06-14T05:31:06+00:00
SAO_775F-10,São Paulo,3550308,True,,33564,,,-23.560952874999998,-46.687199125,,,,2,2023-06-14T05:31:18+00:00
SAO_6041-10,São Paulo,3550308,True,,1218,,,-23.642553499999998,-46.739124000000004,,,,1,2023-06-14T05:31:49+00:00
SAO_6041-10,São Paulo,3550308,True,,1218,,,-23.690493500000002,-46.780443,,,,1,2023-06-14T05:31:22+00:00
SAO_6041-10,São Paulo,3550308,True,,1218,,,-23.676005500000002,-46.7745545,,,,1,2023-06-14T05:31:39+00:00
SAO_3743-10,São Paulo,3550308,True,,1043,,,-23.610739000000002,-46.475106,,,,1,2023-06-14T05:31:47+00:00
SAO_3743-10,São Paulo,3550308,True,,1043,,,-23.542454999999997,-46.470183000000006,,,,1,2023-06-14T05:31:12+00:00
SAO_253F-10,São Paulo,3550308,True,,32926,,,-23.613302,-46.4764105,,,,2,2023-06-14T05:31:21+00:00
SAO_253F-10,São Paulo,3550308,True,,32926,,,-23.5813,-46.453654,,,,2,2023-06-14T05:27:00+00:00
SAO_5128-10,São Paulo,3550308,True,,33896,,,-23.6975695,-46.648551,,,,2,2023-06-14T05:31:11+00:00
SAO_5128-10,São Paulo,3550308,True,,33896,,,-23.7068665,-46.654761,,,,2,2023-06-14T05:25:05+00:00
SAO_5128-10,São Paulo,3550308,True,,33896,,,-23.7011465,-46.6395155,,,,2,2023-06-14T05:31:39+00:00
SAO_5128-10,São Paulo,3550308,True,,33896,,,-23.658774,-46.64309299999999,,,,2,2023-06-14T05:31:33+00:00
SAO_314V-10,São Paulo,3550308,True,,33079,,,-23.5593525,-46.633675499999995,,,,2,2023-06-14T05:31:33+00:00
SAO_1701-21,São Paulo,3550308,True,,2476,,,-23.448513,-46.574664,,,,1,2023-06-14T05:31:19+00:00
SAO_N204-11,São Paulo,3550308,True,,35082,,,-23.547062,-46.6305785,,,,2,2023-06-14T05:31:45+00:00
SAO_2021-10,São Paulo,3550308,True,,906,,,-23.544535,-46.389844,,,,1,2023-06-14T05:31:23+00:00
SAO_2021-10,São Paulo,3550308,True,,906,,,-23.5443145,-46.389241999999996,,,,1,2023-06-14T05:31:47+00:00
SAO_2021-10,São Paulo,3550308,True,,906,,,-23.544384,-46.389341,,,,1,2023-06-14T05:31:03+00:00
SAO_2021-10,São Paulo,3550308,True,,906,,,-23.5443145,-46.389241999999996,,,,1,2023-06-14T05:29:54+00:00
SAO_2021-10,São Paulo,3550308,True,,906,,,-23.541898500000002,-46.4154965,,,,1,2023-06-14T05:31:23+00:00
SAO_5036-10,São Paulo,3550308,True,,34434,,,-23.6367875,-46.606539,,,,2,2023-06-14T05:31:45+00:00
SAO_5036-10,São Paulo,3550308,True,,34434,,,-23.602308625,-46.610921000000005,,,,2,2023-06-14T05:31:31+00:00
SAO_271P-10,São Paulo,3550308,True,,33472,,,-23.535645,-46.570648500000004,,,,2,2023-06-14T05:31:30+00:00
SAO_271P-10,São Paulo,3550308,True,,33472,,,-23.5267495,-46.6111525,,,,2,2023-06-14T05:31:16+00:00
SAO_271P-10,São Paulo,3550308,True,,33472,,,-23.4985705,-46.51483,,,,2,2023-06-14T05:31:39+00:00
SAO_314V-10,São Paulo,3550308,True,EMTU,311,https://moovitapp.com/index/pt-br/transporte_p%C3%BAblico-line-311-Sao_Paulo-242-2038937-36419403-0,7.9,-23.5909025,-46.54026975000001,,,,1,2023-06-14T05:31:44+00:00
SAO_5106-10,São Paulo,3550308,True,,34048,,,-23.695213000000003,-46.6539025,,,,2,2023-06-14T05:31:12+00:00
SAO_5106-10,São Paulo,3550308,True,,34048,,,-23.6394745,-46.641374500000005,,,,2,2023-06-14T05:31:12+00:00
SAO_5106-10,São Paulo,3550308,True,,34048,,,-23.6636745,-46.63802325,,,,2,2023-06-14T05:31:20+00:00
SAO_5106-10,São Paulo,3550308,True,,34048,,,-23.580244999999998,-46.650667999999996,,,,2,2023-06-14T05:31:38+00:00
SAO_8012-10,São Paulo,3550308,True,,2023,,,-23.571716,-46.709317999999996,,,,1,2023-06-14T05:31:39+00:00
SAO_8012-10,São Paulo,3550308,True,,2023,,,-23.5611355,-46.72562275,,,,1,2023-06-14T05:31:44+00:00
SAO_6012-10,São Paulo,3550308,True,,33972,,,-23.6869815,-46.7875065,,,,2,2023-06-14T05:31:18+00:00
SAO_6012-10,São Paulo,3550308,True,,33972,,,-23.69319,-46.778980000000004,,,,2,2023-06-14T05:31:18+00:00
SAO_4032-10,São Paulo,3550308,True,,1102,,,-23.623220875,-46.620166499999996,,,,1,2023-06-14T05:31:31+00:00
SAO_4032-10,São Paulo,3550308,True,,1102,,,-23.597021999999996,-46.643793125,,,,1,2023-06-14T05:31:37+00:00
SAO_4032-10,São Paulo,3550308,True,,1102,,,-23.628401,-46.6002985,,,,1,2023-06-14T05:31:46+00:00
SAO_971D-10,São Paulo,3550308,True,,33477,,,-23.447985,-46.697056,,,,2,2023-06-14T05:31:30+00:00
SAO_971D-10,São Paulo,3550308,True,,33477,,,-23.4596165,-46.6746275,,,,2,2023-06-14T05:31:42+00:00
SAO_971D-10,São Paulo,3550308,True,,33477,,,-23.4591725,-46.6875575,,,,2,2023-06-14T05:25:45+00:00
SAO_3390-10,São Paulo,3550308,True,,738,,,-23.597566999999998,-46.522822500000004,,,,1,2023-06-14T05:31:28+00:00
SAO_3390-10,São Paulo,3550308,True,,738,,,-23.567042,-46.611682,,,,1,2023-06-14T05:31:45+00:00
SAO_342N-10,São Paulo,3550308,True,,1003,,,-23.5352535,-46.4282775,,,,1,2023-06-14T05:31:36+00:00
SAO_342N-10,São Paulo,3550308,True,,1003,,,-23.563197,-46.3939975,,,,1,2023-06-14T05:31:37+00:00
SAO_271C-10,São Paulo,3550308,True,,33450,,,-23.508278249999996,-46.6247975,,,,2,2023-06-14T05:31:09+00:00
SAO_271C-10,São Paulo,3550308,True,,33450,,,-23.51960475,-46.577343,,,,2,2023-06-14T05:31:16+00:00
SAO_695Y-41,São Paulo,3550308,True,,33967,,,-23.808391,-46.7369095,,,,2,2023-06-14T05:31:46+00:00
SAO_5142-10,São Paulo,3550308,True,,1626,,,-23.5901755,-46.5521255,,,,1,2023-06-14T05:31:18+00:00
SAO_5142-10,São Paulo,3550308,True,,1626,,,-23.613964,-46.500782,,,,1,2023-06-14T05:31:12+00:00
SAO_5142-10,São Paulo,3550308,True,,1626,,,-23.558575249999997,-46.624121,,,,1,2023-06-14T05:31:14+00:00
SAO_5362-23,São Paulo,3550308,True,,34628,,,-23.710615500000003,-46.71140025,,,,2,2023-06-14T05:31:25+00:00
SAO_5362-23,São Paulo,3550308,True,,34628,,,-23.752941999999997,-46.684159,,,,2,2023-06-14T05:31:36+00:00
SAO_8029-10,São Paulo,3550308,True,,35308,,,-23.5855945,-46.724115,,,,2,2023-06-14T05:31:44+00:00
SAO_8029-10,São Paulo,3550308,True,,35308,,,-23.615535,-46.746506499999995,,,,2,2023-06-14T05:31:41+00:00
SAO_8029-10,São Paulo,3550308,True,,35308,,,-23.61074325,-46.727450000000005,,,,2,2023-06-14T05:31:35+00:00
SAO_407L-10,São Paulo,3550308,True,,34967,,,-23.524529,-46.5066195,,,,2,2023-06-14T05:31:24+00:00
SAO_407L-10,São Paulo,3550308,True,,34967,,,-23.532783000000002,-46.481978999999995,,,,2,2023-06-14T05:31:16+00:00
SAO_407L-10,São Paulo,3550308,True,,34967,,,-23.54334725,-46.413296,,,,2,2023-06-14T05:31:43+00:00
SAO_3046-10,São Paulo,3550308,True,,33739,,,-23.57389375,-46.557759250000004,,,,2,2023-06-14T05:31:10+00:00
SAO_3046-10,São Paulo,3550308,True,,33739,,,-23.55228675,-46.575444125000004,,,,2,2023-06-14T05:31:35+00:00
SAO_N604-11,São Paulo,3550308,True,,2395,,,-23.6468255,-46.6391905,,,,1,2023-06-14T05:31:35+00:00
SAO_N604-11,São Paulo,3550308,True,,2395,,,-23.6468255,-46.6391905,,,,1,2023-06-14T05:31:44+00:00
SAO_2762-10,São Paulo,3550308,True,,32912,,,-23.5345895,-46.568281999999996,,,,2,2023-06-14T05:28:57+00:00
SAO_2762-10,São Paulo,3550308,True,,32912,,,-23.496284250000002,-46.51229025,,,,2,2023-06-14T05:31:46+00:00
SAO_2762-10,São Paulo,3550308,True,,32912,,,-23.48935225,-46.47819475,,,,2,2023-06-14T05:31:32+00:00
SAO_9653-10,São Paulo,3550308,True,,33356,,,-23.471168499999997,-46.651476,,,,2,2023-06-14T05:31:42+00:00
SAO_9653-10,São Paulo,3550308,True,,33356,,,-23.526348,-46.6492265,,,,2,2023-06-14T05:31:15+00:00
SAO_648P-10,São Paulo,3550308,True,,32834,,,-23.644767125,-46.721720375,,,,2,2023-06-14T05:31:40+00:00
SAO_648P-10,São Paulo,3550308,True,,32834,,,-23.5745605,-46.688671,,,,2,2023-06-14T05:31:07+00:00
SAO_2714-10,São Paulo,3550308,True,,927,,,-23.51593275,-46.53157325,,,,1,2023-06-14T05:31:33+00:00
SAO_978J-10,São Paulo,3550308,True,,33359,,,-23.4883175,-46.713229999999996,,,,2,2023-06-14T05:31:30+00:00
SAO_978J-10,São Paulo,3550308,True,,33359,,,-23.436899500000003,-46.739963,,,,2,2023-06-14T05:31:38+00:00
SAO_978J-10,São Paulo,3550308,True,,33359,,,-23.4470745,-46.7225145,,,,2,2023-06-14T05:31:39+00:00
SAO_978J-10,São Paulo,3550308,True,,33359,,,-23.52242525,-46.696148750000006,,,,2,2023-06-14T05:31:31+00:00
SAO_2026-10,São Paulo,3550308,True,,2269,,,-23.512747,-46.5637975,,,,1,2023-06-14T05:31:21+00:00
SAO_2026-10,São Paulo,3550308,True,,2269,,,-23.48447975,-46.569690249999994,,,,1,2023-06-14T05:31:30+00:00
SAO_N508-11,São Paulo,3550308,True,,2382,,,-23.603398,-46.6027475,,,,1,2023-06-14T05:31:17+00:00
SAO_N843-11,São Paulo,3550308,True,,2442,,,-23.65401725,-46.76189925,,,,1,2023-06-14T05:31:44+00:00
SAO_7002-10,São Paulo,3550308,True,,772,,,-23.559575499999998,-46.68085475,,,,1,2023-06-14T05:31:26+00:00
SAO_7002-10,São Paulo,3550308,True,,772,,,-23.589883,-46.770945,,,,1,2023-06-14T05:31:23+00:00
SAO_938P-10,São Paulo,3550308,True,,33656,,,-23.468326249999997,-46.68026225,,,,2,2023-06-14T05:31:38+00:00
SAO_938P-10,São Paulo,3550308,True,,33656,,,-23.498039125,-46.689312875,,,,2,2023-06-14T05:31:17+00:00
SAO_5178-10,São Paulo,3550308,True,,33363,,,-23.652300500000003,-46.66928475,,,,2,2023-06-14T05:31:12+00:00
SAO_5178-10,São Paulo,3550308,True,,33363,,,-23.5529175,-46.6346465,,,,2,2023-06-14T05:31:22+00:00
SAO_5178-10,São Paulo,3550308,True,,33363,,,-23.6821245,-46.642878,,,,2,2023-06-14T05:31:04+00:00
SAO_5178-10,São Paulo,3550308,True,,33363,,,-23.687742,-46.63932225,,,,2,2023-06-14T05:30:55+00:00
SAO_5178-10,São Paulo,3550308,True,,33363,,,-23.600917250000002,-46.6514215,,,,2,2023-06-14T05:31:23+00:00
SAO_8319-10,São Paulo,3550308,True,,33244,,,-23.54837,-46.7591325,,,,2,2023-06-14T05:31:43+00:00
SAO_8319-10,São Paulo,3550308,True,,33244,,,-23.548024875,-46.748991875,,,,2,2023-06-14T05:31:44+00:00
SAO_809U-10,São Paulo,3550308,True,,2254,,,-23.532100624999998,-46.686268,,,,1,2023-06-14T05:31:26+00:00
SAO_213E-10,São Paulo,3550308,True,,35266,,,-23.477741875,-46.564192125,,,,2,2023-06-14T05:31:37+00:00
SAO_213E-10,São Paulo,3550308,True,,35266,,,-23.4891395,-46.56877075,,,,2,2023-06-14T05:31:41+00:00
SAO_342M-10,São Paulo,3550308,True,,747,,,-23.601889,-46.483127499999995,,,,1,2023-06-14T05:31:22+00:00
SAO_342M-10,São Paulo,3550308,True,,747,,,-23.53197275,-46.5546685,,,,1,2023-06-14T05:31:33+00:00
SAO_342M-10,São Paulo,3550308,True,,747,,,-23.531755500000003,-46.55994225,,,,1,2023-06-14T05:29:45+00:00
SAO_342M-10,São Paulo,3550308,True,,747,,,-23.5846885,-46.491835,,,,1,2023-06-14T05:31:39+00:00
SAO_3054-10,São Paulo,3550308,True,,975,,,-23.5995085,-46.495256999999995,,,,1,2023-06-14T05:31:06+00:00
SAO_3738-10,São Paulo,3550308,True,,33806,,,-23.5429425,-46.472151499999995,,,,2,2023-06-14T05:31:35+00:00
SAO_3738-10,São Paulo,3550308,True,,33806,,,-23.5663695,-46.39482699999999,,,,2,2023-06-14T05:31:36+00:00
SAO_3738-10,São Paulo,3550308,True,,33806,,,-23.551931500000002,-46.4251575,,,,2,2023-06-14T05:31:46+00:00
SAO_3738-10,São Paulo,3550308,True,,33806,,,-23.5629515,-46.3946025,,,,2,2023-06-14T05:31:08+00:00
SAO_3738-10,São Paulo,3550308,True,,33806,,,-23.5629515,-46.3946025,,,,2,2023-06-14T05:31:33+00:00
SAO_3738-10,São Paulo,3550308,True,,33806,,,-23.5629515,-46.3946025,,,,2,2023-06-14T05:31:20+00:00
SAO_809D-10,São Paulo,3550308,True,,34836,,,-23.566219500000003,-46.7014485,,,,2,2023-06-14T05:31:43+00:00
SAO_809D-10,São Paulo,3550308,True,,34836,,,-23.596543,-46.7877535,,,,2,2023-06-14T05:31:38+00:00
SAO_2720-10,São Paulo,3550308,True,,933,,,-23.507372125000003,-46.488834374999996,,,,1,2023-06-14T05:31:10+00:00
SAO_2720-10,São Paulo,3550308,True,,933,,,-23.510765499999998,-46.499801,,,,1,2023-06-14T05:30:43+00:00
SAO_2720-10,São Paulo,3550308,True,,933,,,-23.4933645,-46.480191000000005,,,,1,2023-06-14T05:31:42+00:00
SAO_809P-10,São Paulo,3550308,True,,1891,,,-23.565859,-46.7013775,,,,1,2023-06-14T05:31:45+00:00
SAO_1780-10,São Paulo,3550308,True,,33637,,,-23.486546,-46.608093499999995,,,,2,2023-06-14T05:31:15+00:00
SAO_1780-10,São Paulo,3550308,True,,33637,,,-23.448106,-46.5790305,,,,2,2023-06-14T05:31:30+00:00
SAO_5614-10,São Paulo,3550308,True,,34283,,,-23.6921605,-46.661827,,,,2,2023-06-14T05:31:41+00:00
SAO_5614-10,São Paulo,3550308,True,,34283,,,-23.695206499999998,-46.6534155,,,,2,2023-06-14T05:31:20+00:00
SAO_5614-10,São Paulo,3550308,True,,34283,,,-23.5521755,-46.6354605,,,,2,2023-06-14T05:31:06+00:00
SAO_5614-10,São Paulo,3550308,True,,34283,,,-23.6132595,-46.657935,,,,2,2023-06-14T05:31:38+00:00
SAO_736G-10,São Paulo,3550308,True,,780,,,-23.632354499999998,-46.747608,,,,1,2023-06-14T05:31:08+00:00
SAO_8019-10,São Paulo,3550308,True,,2071,,,-23.546747,-46.759662500000005,,,,1,2023-06-14T05:31:16+00:00
SAO_271C-10,São Paulo,3550308,True,STT,682,https://moovitapp.com/index/pt-br/transporte_p%C3%BAblico-line-682-Sao_Paulo-242-850661-183336-0,5.3,-23.504217,-46.57328,,,,1,2023-06-14T05:31:46+00:00
SAO_271C-10,São Paulo,3550308,True,STT,682,https://moovitapp.com/index/pt-br/transporte_p%C3%BAblico-line-682-Sao_Paulo-242-850661-183336-0,5.3,-23.531155749999996,-46.632473375,,,,1,2023-06-14T05:31:21+00:00
SAO_407E-10,São Paulo,3550308,True,,34983,,,-23.571313500000002,-46.50451175,,,,2,2023-06-14T05:31:32+00:00
SAO_407E-10,São Paulo,3550308,True,,34983,,,-23.536060499999998,-46.55332249999999,,,,2,2023-06-14T05:31:17+00:00
SAO_407E-10,São Paulo,3550308,True,,34983,,,-23.612640499999998,-46.4676285,,,,2,2023-06-14T05:31:37+00:00
SAO_407E-10,São Paulo,3550308,True,,34983,,,-23.6226135,-46.4620505,,,,2,2023-06-14T05:31:06+00:00
SAO_407E-10,São Paulo,3550308,True,,34983,,,-23.609471749999997,-46.464200250000005,,,,2,2023-06-14T05:31:40+00:00
SAO_856R-10,São Paulo,3550308,True,,1428,,,-23.669865,-46.719399249999995,,,,1,2023-06-14T05:31:14+00:00
SAO_856R-10,São Paulo,3550308,True,,1428,,,-23.597112000000003,-46.673897,,,,1,2023-06-14T05:31:06+00:00
SAO_856R-10,São Paulo,3550308,True,,1428,,,-23.6643745,-46.709156500000006,,,,1,2023-06-14T05:31:33+00:00
SAO_856R-10,São Paulo,3550308,True,,1428,,,-23.521862,-46.6976475,,,,1,2023-06-14T05:31:29+00:00
SAO_6039-10,São Paulo,3550308,True,,33985,,,-23.648877499999998,-46.753294499999996,,,,2,2023-06-14T05:31:34+00:00
SAO_6039-10,São Paulo,3550308,True,,33985,,,-23.673364,-46.787792499999995,,,,2,2023-06-14T05:31:33+00:00
SAO_6039-10,São Paulo,3550308,True,,33985,,,-23.685482999999998,-46.800789249999994,,,,2,2023-06-14T05:31:32+00:00
SAO_6818-10,São Paulo,3550308,True,,32796,,,-23.64541,-46.763852,,,,2,2023-06-14T05:31:18+00:00
SAO_6818-10,São Paulo,3550308,True,,32796,,,-23.654823,-46.763025,,,,2,2023-06-14T05:31:15+00:00
SAO_6036-10,São Paulo,3550308,True,,33982,,,-23.6536865,-46.79074925,,,,2,2023-06-14T05:31:48+00:00
SAO_6036-10,São Paulo,3550308,True,,33982,,,-23.65385975,-46.79008575,,,,2,2023-06-14T05:31:40+00:00
SAO_6036-10,São Paulo,3550308,True,,33982,,,-23.6497485,-46.7062485,,,,2,2023-06-14T05:31:28+00:00
SAO_6036-10,São Paulo,3550308,True,,33982,,,-23.6455925,-46.784718,,,,2,2023-06-14T05:31:18+00:00
SAO_6036-10,São Paulo,3550308,True,,33982,,,-23.6539115,-46.789851999999996,,,,2,2023-06-14T05:31:48+00:00
SAO_6036-10,São Paulo,3550308,True,,33982,,,-23.6497485,-46.7062485,,,,2,2023-06-14T05:31:18+00:00
SAO_476G-10,São Paulo,3550308,True,,1111,,,-23.592154999999998,-46.5796895,,,,1,2023-06-14T05:29:11+00:00
SAO_476G-10,São Paulo,3550308,True,,1111,,,-23.6143955,-46.504852,,,,1,2023-06-14T05:31:31+00:00
SAO_675M-10,São Paulo,3550308,True,,32876,,,-23.69019775,-46.686975625,,,,2,2023-06-14T05:31:25+00:00
SAO_675M-10,São Paulo,3550308,True,,32876,,,-23.726286,-46.6859945,,,,2,2023-06-14T05:28:40+00:00
SAO_675M-10,São Paulo,3550308,True,,32876,,,-23.64675425,-46.645568,,,,2,2023-06-14T05:31:32+00:00
SAO_675M-10,São Paulo,3550308,True,,32876,,,-23.647273499999997,-46.6403325,,,,2,2023-06-14T05:31:36+00:00
SAO_4051-10,São Paulo,3550308,True,,2144,,,-23.547098000000002,-46.40892125,,,,1,2023-06-14T05:31:33+00:00
SAO_4051-10,São Paulo,3550308,True,,2144,,,-23.561616,-46.401831,,,,1,2023-06-14T05:31:17+00:00
SAO_5144-10,São Paulo,3550308,True,,1627,,,-23.538731,-46.6048935,,,,1,2023-06-14T05:31:32+00:00
SAO_701U-10,São Paulo,3550308,True,,657,,,-23.5521175,-46.7315415,,,,1,2023-06-14T05:31:36+00:00
SAO_701U-10,São Paulo,3550308,True,,657,,,-23.5609245,-46.7197855,,,,1,2023-06-14T05:31:34+00:00
SAO_701U-10,São Paulo,3550308,True,,657,,,-23.5421525,-46.639970500000004,,,,1,2023-06-14T05:31:06+00:00
SAO_106A-10,São Paulo,3550308,True,,516,,,-23.5490265,-46.6406525,,,,1,2023-06-14T05:31:45+00:00
SAO_106A-10,São Paulo,3550308,True,,516,,,-23.58963425,-46.688204,,,,1,2023-06-14T05:31:18+00:00
SAO_106A-10,São Paulo,3550308,True,,516,,,-23.59055825,-46.68854449999999,,,,1,2023-06-14T05:31:39+00:00
SAO_106A-10,São Paulo,3550308,True,,516,,,-23.502099,-46.62419250000001,,,,1,2023-06-14T05:31:11+00:00
SAO_106A-10,São Paulo,3550308,True,,516,,,-23.502999,-46.624904,,,,1,2023-06-14T05:31:09+00:00
SAO_106A-10,São Paulo,3550308,True,,516,,,-23.502099,-46.62419250000001,,,,1,2023-06-14T05:31:04+00:00
SAO_5106-21,São Paulo,3550308,True,,34740,,,-23.628226125,-46.643981375,,,,2,2023-06-14T05:31:37+00:00
SAO_5106-21,São Paulo,3550308,True,,34740,,,-23.695118,-46.648917999999995,,,,2,2023-06-14T05:31:14+00:00
SAO_5106-21,São Paulo,3550308,True,,34740,,,-23.674090999999997,-46.63091075,,,,2,2023-06-14T05:31:17+00:00
SAO_5106-21,São Paulo,3550308,True,,34740,,,-23.603036625,-46.67484950000001,,,,2,2023-06-14T05:31:33+00:00
SAO_5106-21,São Paulo,3550308,True,,34740,,,-23.6902985,-46.6568725,,,,2,2023-06-14T05:31:07+00:00
SAO_8026-10,São Paulo,3550308,True,,34851,,,-23.62618175,-46.75068575,,,,2,2023-06-14T05:31:02+00:00
SAO_8026-10,São Paulo,3550308,True,,34851,,,-23.592308875,-46.735138375000005,,,,2,2023-06-14T05:31:34+00:00
SAO_9009-10,São Paulo,3550308,True,,33645,,,-23.447998,-46.708507,,,,2,2023-06-14T05:31:36+00:00
SAO_9009-10,São Paulo,3550308,True,,33645,,,-23.4528515,-46.699654499999994,,,,2,2023-06-14T05:31:26+00:00
SAO_9009-10,São Paulo,3550308,True,,33645,,,-23.441166,-46.716872499999994,,,,2,2023-06-14T05:31:24+00:00
SAO_9009-10,São Paulo,3550308,True,,33645,,,-23.474776,-46.6700495,,,,2,2023-06-14T05:31:06+00:00
SAO_637A-22,São Paulo,3550308,True,,34370,,,-23.6873035,-46.7716925,,,,2,2023-06-14T05:31:05+00:00
SAO_637A-22,São Paulo,3550308,True,,34370,,,-23.689751,-46.773829500000005,,,,2,2023-06-14T05:30:55+00:00
SAO_6726-10,São Paulo,3550308,True,,33961,,,-23.7513335,-46.666135499999996,,,,2,2023-06-14T05:31:04+00:00
SAO_6726-10,São Paulo,3550308,True,,33961,,,-23.736856875,-46.69666475,,,,2,2023-06-14T05:31:42+00:00
SAO_6726-10,São Paulo,3550308,False,,33961,,,-23.754875374999997,-46.675204875,,,,2,2023-06-14T05:31:19+00:00
SAO_807M-10,São Paulo,3550308,True,,1916,,,-23.618586,-46.698989,,,,1,2023-06-14T05:31:39+00:00
SAO_807M-10,São Paulo,3550308,True,,1916,,,-23.605525749999998,-46.70825975,,,,1,2023-06-14T05:31:32+00:00
SAO_807M-10,São Paulo,3550308,True,,1916,,,-23.6310935,-46.773485,,,,1,2023-06-14T05:31:43+00:00
SAO_807M-10,São Paulo,3550308,True,,1916,,,-23.621568,-46.745321,,,,1,2023-06-14T05:31:19+00:00
SAO_2715-10,São Paulo,3550308,True,,33696,,,-23.4992205,-46.499804999999995,,,,2,2023-06-14T05:31:32+00:00
SAO_2715-10,São Paulo,3550308,True,,33696,,,-23.511271,-46.502427499999996,,,,2,2023-06-14T05:31:32+00:00
SAO_2715-10,São Paulo,3550308,True,,33696,,,-23.5132375,-46.5012095,,,,2,2023-06-14T05:31:28+00:00
SAO_6120-10,São Paulo,3550308,True,,1189,,,-23.736897499999998,-46.69694,,,,1,2023-06-14T05:31:13+00:00
SAO_8700-10,São Paulo,3550308,True,,34645,,,-23.5922615,-46.7322235,,,,2,2023-06-14T05:31:44+00:00
SAO_8700-10,São Paulo,3550308,True,,34645,,,-23.5602905,-46.671777500000005,,,,2,2023-06-14T05:31:37+00:00
SAO_8700-10,São Paulo,3550308,True,,34645,,,-23.622176500000002,-46.759738999999996,,,,2,2023-06-14T05:31:14+00:00
SAO_9002-10,São Paulo,3550308,True,,870,,,-23.465608,-46.668305000000004,,,,1,2023-06-14T05:31:09+00:00
SAO_9002-10,São Paulo,3550308,True,,870,,,-23.458007000000002,-46.6708255,,,,1,2023-06-14T05:31:40+00:00
SAO_9002-10,São Paulo,3550308,True,,870,,,-23.474822500000002,-46.670317999999995,,,,1,2023-06-14T05:31:14+00:00
SAO_233C-10,São Paulo,3550308,True,,32923,,,-23.518619375,-46.475986625,,,,2,2023-06-14T05:31:32+00:00
SAO_233C-10,São Paulo,3550308,True,,32923,,,-23.5354885,-46.474587,,,,2,2023-06-14T05:31:33+00:00
SAO_233C-10,São Paulo,3550308,True,,32923,,,-23.5529145,-46.49150875,,,,2,2023-06-14T05:31:38+00:00
SAO_233C-10,São Paulo,3550308,True,,32923,,,-23.519024125,-46.475913874999996,,,,2,2023-06-14T05:31:42+00:00
SAO_233C-10,São Paulo,3550308,True,,32923,,,-23.569288,-46.5403325,,,,2,2023-06-14T05:31:41+00:00
SAO_5701-10,São Paulo,3550308,True,,1136,,,-23.644954750000004,-46.644973,,,,1,2023-06-14T05:31:28+00:00
SAO_5701-10,São Paulo,3550308,True,,1136,,,-23.627633125000003,-46.679231625,,,,1,2023-06-14T05:31:21+00:00
SAO_5701-10,São Paulo,3550308,True,,1136,,,-23.635625,-46.6414725,,,,1,2023-06-14T05:31:35+00:00
SAO_938V-10,São Paulo,3550308,True,,33581,,,-23.515414,-46.69562175,,,,2,2023-06-14T05:31:39+00:00
SAO_938V-10,São Paulo,3550308,True,,33581,,,-23.500097,-46.693202,,,,2,2023-06-14T05:31:09+00:00
SAO_938V-10,São Paulo,3550308,True,,33581,,,-23.460701999999998,-46.6784725,,,,2,2023-06-14T05:31:16+00:00
SAO_574R-10,São Paulo,3550308,True,,34391,,,-23.590806,-46.5314155,,,,2,2023-06-14T05:29:32+00:00
SAO_8047-10,São Paulo,3550308,True,,33176,,,-23.51828,-46.7033565,,,,2,2023-06-14T05:31:43+00:00
SAO_8047-10,São Paulo,3550308,True,,33176,,,-23.4681735,-46.754369,,,,2,2023-06-14T05:31:42+00:00
SAO_8047-10,São Paulo,3550308,True,,33176,,,-23.447362,-46.746086000000005,,,,2,2023-06-14T05:31:21+00:00
SAO_8047-10,São Paulo,3550308,True,,33176,,,-23.507187125,-46.747682125,,,,2,2023-06-14T05:31:27+00:00
SAO_6048-10,São Paulo,3550308,True,,32824,,,-23.64331675,-46.734660000000005,,,,2,2023-06-14T05:31:26+00:00
SAO_6048-10,São Paulo,3550308,True,,32824,,,-23.680662499999997,-46.76965250000001,,,,2,2023-06-14T05:31:05+00:00
SAO_6048-10,São Paulo,3550308,True,,32824,,,-23.67882,-46.77142675,,,,2,2023-06-14T05:31:30+00:00
SAO_4732-31,São Paulo,3550308,True,,34895,,,-23.6223595,-46.620441,,,,2,2023-06-14T05:31:07+00:00
SAO_4732-31,São Paulo,3550308,True,,34895,,,-23.647538500000003,-46.6005685,,,,2,2023-06-14T05:28:20+00:00
SAO_4732-31,São Paulo,3550308,True,,34895,,,-23.641339000000002,-46.596542,,,,2,2023-06-14T05:31:12+00:00
SAO_4732-31,São Paulo,3550308,True,,34895,,,-23.64357725,-46.59530225,,,,2,2023-06-14T05:31:21+00:00
SAO_5164-41,São Paulo,3550308,True,,1617,,,-23.63668,-46.6332335,,,,1,2023-06-14T05:31:21+00:00
SAO_5164-41,São Paulo,3550308,True,,1617,,,-23.6464495,-46.646234750000005,,,,1,2023-06-14T05:31:10+00:00
SAO_6008-10,São Paulo,3550308,True,,1200,,,-23.670888,-46.7344865,,,,1,2023-06-14T05:31:14+00:00
SAO_6008-10,São Paulo,3550308,True,,1200,,,-23.6740395,-46.7342875,,,,1,2023-06-14T05:31:42+00:00
SAO_3112-10,São Paulo,3550308,True,,1080,,,-23.5851185,-46.5459695,,,,1,2023-06-14T05:31:36+00:00
SAO_3112-10,São Paulo,3550308,True,,1080,,,-23.543085875000003,-46.592667375,,,,1,2023-06-14T05:31:26+00:00
SAO_669A-10,São Paulo,3550308,True,,4,,,-23.5843835,-46.67018725,,,,1,2023-06-14T05:31:05+00:00
SAO_669A-10,São Paulo,3550308,True,,4,,,-23.640705124999997,-46.697613875,,,,1,2023-06-14T05:31:15+00:00
SAO_669A-10,São Paulo,3550308,True,,4,,,-23.544469,-46.64770825,,,,1,2023-06-14T05:31:38+00:00
SAO_607C-10,São Paulo,3550308,True,,1977,,,-23.631325,-46.682837250000006,,,,1,2023-06-14T05:31:45+00:00
SAO_607C-10,São Paulo,3550308,True,,1977,,,-23.685967499999997,-46.6334375,,,,1,2023-06-14T05:31:29+00:00
SAO_3795-10,São Paulo,3550308,True,,33841,,,-23.548054,-46.45499175,,,,2,2023-06-14T05:31:11+00:00
SAO_3795-10,São Paulo,3550308,True,,33841,,,-23.563723500000002,-46.4169715,,,,2,2023-06-14T05:31:15+00:00
SAO_477P-10,São Paulo,3550308,True,,33116,,,-23.571393625,-46.708289875000006,,,,2,2023-06-14T05:31:30+00:00
SAO_477P-10,São Paulo,3550308,True,,33116,,,-23.602993625,-46.655339624999996,,,,2,2023-06-14T05:31:38+00:00
SAO_477P-10,São Paulo,3550308,True,,33116,,,-23.578860125,-46.604907624999996,,,,2,2023-06-14T05:31:35+00:00
SAO_477P-10,São Paulo,3550308,True,,33116,,,-23.571310875,-46.708549625,,,,2,2023-06-14T05:31:01+00:00
SAO_477P-10,São Paulo,3550308,True,,33116,,,-23.616033875000003,-46.649355875,,,,2,2023-06-14T05:31:41+00:00
SAO_719R-10,São Paulo,3550308,True,,33237,,,-23.56533275,-46.698793,,,,2,2023-06-14T05:31:31+00:00
SAO_719R-10,São Paulo,3550308,True,,33237,,,-23.561231375,-46.687664625,,,,2,2023-06-14T05:31:30+00:00
SAO_719R-10,São Paulo,3550308,True,,33237,,,-23.543826000000003,-46.656762,,,,2,2023-06-14T05:31:48+00:00
SAO_3721-10,São Paulo,3550308,True,,1019,,,-23.5404345,-46.48488075,,,,1,2023-06-14T05:31:13+00:00
SAO_3721-10,São Paulo,3550308,True,,1019,,,-23.5609875,-46.492261,,,,1,2023-06-14T05:31:48+00:00
SAO_5106-31,São Paulo,3550308,True,,34073,,,-23.63311175,-46.644645125,,,,2,2023-06-14T05:31:28+00:00
SAO_5106-31,São Paulo,3550308,True,,34073,,,-23.693209500000002,-46.658558,,,,2,2023-06-14T05:31:45+00:00
SAO_5106-31,São Paulo,3550308,True,,34073,,,-23.597188,-46.64177725,,,,2,2023-06-14T05:31:07+00:00
SAO_476G-10,São Paulo,3550308,True,,33879,,,-23.60735,-46.5177045,,,,2,2023-06-14T05:31:22+00:00
SAO_476G-10,São Paulo,3550308,True,,33879,,,-23.591563,-46.644712,,,,2,2023-06-14T05:31:21+00:00
SAO_4721-10,São Paulo,3550308,True,,33105,,,-23.6470815,-46.639527,,,,2,2023-06-14T05:31:06+00:00
SAO_4721-10,São Paulo,3550308,True,,33105,,,-23.621776,-46.62868,,,,2,2023-06-14T05:31:34+00:00
SAO_414P-10,São Paulo,3550308,True,,1105,,,-23.5694235,-46.5403615,,,,1,2023-06-14T05:31:11+00:00
SAO_414P-10,São Paulo,3550308,True,,1105,,,-23.536963,-46.563204,,,,1,2023-06-14T05:31:19+00:00
SAO_172Y-10,São Paulo,3550308,True,,33630,,,-23.538322625,-46.59894625,,,,2,2023-06-14T05:31:04+00:00
SAO_172Y-10,São Paulo,3550308,True,,33630,,,-23.47473425,-46.58000975,,,,2,2023-06-14T05:31:46+00:00
SAO_1703-10,São Paulo,3550308,True,,33615,,,-23.493206,-46.611466500000006,,,,2,2023-06-14T05:31:25+00:00
SAO_1703-10,São Paulo,3550308,True,,33615,,,-23.430699500000003,-46.573944499999996,,,,2,2023-06-14T05:31:35+00:00
SAO_1703-10,São Paulo,3550308,True,,33615,,,-23.436342,-46.576679,,,,2,2023-06-14T05:30:35+00:00
SAO_2713-10,São Paulo,3550308,True,Cidade de Caieiras,220,https://moovitapp.com/index/pt-br/transporte_p%C3%BAblico-line-220-Sao_Paulo-242-868761-496409-0,5.0,-23.533023999999997,-46.5438255,,,,1,2023-06-14T05:31:26+00:00
SAO_8400-10,São Paulo,3550308,True,,34033,,,-23.49131775,-46.70986,,,,2,2023-06-14T05:31:40+00:00
SAO_8400-10,São Paulo,3550308,True,,34033,,,-23.54132525,-46.64217575,,,,2,2023-06-14T05:31:31+00:00
SAO_809T-10,São Paulo,3550308,True,,35014,,,-23.5241835,-46.7171265,,,,2,2023-06-14T05:31:29+00:00
SAO_809T-10,São Paulo,3550308,True,,35014,,,-23.5823015,-46.752065375,,,,2,2023-06-14T05:31:11+00:00
SAO_7181-10,São Paulo,3550308,True,,1332,,,-23.5476795,-46.6480115,,,,1,2023-06-14T05:31:35+00:00
SAO_7181-10,São Paulo,3550308,True,,1332,,,-23.569963625,-46.70630075,,,,1,2023-06-14T05:31:47+00:00
SAO_6820-10,São Paulo,3550308,True,,32787,,,-23.659737,-46.788748999999996,,,,2,2023-06-14T05:31:28+00:00
SAO_6820-10,São Paulo,3550308,True,,32787,,,-23.659761125,-46.773871,,,,2,2023-06-14T05:31:27+00:00
SAO_5370-10,São Paulo,3550308,True,,34210,,,-23.612731000000004,-46.67087775,,,,2,2023-06-14T05:31:13+00:00
SAO_5370-10,São Paulo,3550308,True,,34210,,,-23.704718,-46.702425000000005,,,,2,2023-06-14T05:31:39+00:00
SAO_5370-10,São Paulo,3550308,True,,34210,,,-23.7049335,-46.702473499999996,,,,2,2023-06-14T05:31:39+00:00
SAO_5370-10,São Paulo,3550308,True,,34210,,,-23.597199500000002,-46.6562685,,,,2,2023-06-14T05:31:11+00:00
SAO_5370-10,São Paulo,3550308,True,,34210,,,-23.609273375,-46.667640875,,,,2,2023-06-14T05:31:06+00:00
SAO_2590-10,São Paulo,3550308,True,,912,,,-23.53911325,-46.6075235,,,,1,2023-06-14T05:31:27+00:00
SAO_2590-10,São Paulo,3550308,True,,912,,,-23.5004525,-46.5314945,,,,1,2023-06-14T05:31:04+00:00
SAO_888P-10,São Paulo,3550308,True,EMTU,454,https://moovitapp.com/index/pt-br/transporte_p%C3%BAblico-line-454-Sao_Paulo-242-2038937-36419497-0,5.25,-23.435429999999997,-46.753901625,,,,1,2023-06-14T05:31:32+00:00
SAO_888P-10,São Paulo,3550308,True,EMTU,454,https://moovitapp.com/index/pt-br/transporte_p%C3%BAblico-line-454-Sao_Paulo-242-2038937-36419497-0,5.25,-23.4424835,-46.7083255,,,,1,2023-06-14T05:31:35+00:00
SAO_888P-10,São Paulo,3550308,True,EMTU,454,https://moovitapp.com/index/pt-br/transporte_p%C3%BAblico-line-454-Sao_Paulo-242-2038937-36419497-0,5.25,-23.44199575,-46.73411675,,,,1,2023-06-14T05:31:24+00:00
SAO_5035-10,São Paulo,3550308,True,,1668,,,-23.6373265,-46.5925755,,,,1,2023-06-14T05:31:48+00:00
SAO_8003-10,São Paulo,3550308,True,,34021,,,-23.523113281249998,-46.75373578125,,,,2,2023-06-14T05:31:33+00:00
SAO_707K-10,São Paulo,3550308,True,,35271,,,-23.669023250000002,-46.734721500000006,,,,2,2023-06-14T05:31:33+00:00
SAO_707K-10,São Paulo,3550308,True,,35271,,,-23.6474935,-46.638982999999996,,,,2,2023-06-14T05:31:28+00:00
SAO_707K-10,São Paulo,3550308,True,,35271,,,-23.6683575,-46.7355065,,,,2,2023-06-14T05:31:07+00:00
SAO_707K-10,São Paulo,3550308,True,,35271,,,-23.6404035,-46.668009749999996,,,,2,2023-06-14T05:31:13+00:00
SAO_1021-10,São Paulo,3550308,True,EMTU,833,https://moovitapp.com/index/pt-br/transporte_p%C3%BAblico-line-833-Sao_Paulo-242-2038937-36419599-0,5.4,-23.486697,-46.726888,,,,1,2023-06-14T05:31:32+00:00
SAO_4013-10,São Paulo,3550308,True,,34954,,,-23.61275,-46.476256,,,,2,2023-06-14T05:31:17+00:00
SAO_4013-10,São Paulo,3550308,True,,34954,,,-23.62289875,-46.446745750000005,,,,2,2023-06-14T05:31:21+00:00
SAO_N701-11,São Paulo,3550308,True,,35174,,,-23.572604125,-46.665361125,,,,2,2023-06-14T05:31:46+00:00
SAO_172Y-10,São Paulo,3550308,True,,862,,,-23.5416595,-46.58983475,,,,1,2023-06-14T05:31:25+00:00
SAO_172Y-10,São Paulo,3550308,True,,862,,,-23.4877835,-46.582933,,,,1,2023-06-14T05:28:14+00:00
SAO_4031-10,São Paulo,3550308,True,,33869,,,-23.595260500000002,-46.582444,,,,2,2023-06-14T05:31:28+00:00
SAO_4031-10,São Paulo,3550308,True,,33869,,,-23.60350125,-46.52614375,,,,2,2023-06-14T05:31:19+00:00
SAO_5031-10,São Paulo,3550308,True,,1746,,,-23.603036000000003,-46.602155999999994,,,,1,2023-06-14T05:31:15+00:00
SAO_5031-10,São Paulo,3550308,True,,1746,,,-23.6291995,-46.589616500000005,,,,1,2023-06-14T05:31:45+00:00
SAO_8072-10,São Paulo,3550308,True,,2079,,,-23.595822,-46.74582650000001,,,,1,2023-06-14T05:31:40+00:00
SAO_4312-10,São Paulo,3550308,True,,2172,,,-23.560974,-46.492546000000004,,,,1,2023-06-14T05:31:16+00:00
SAO_4312-10,São Paulo,3550308,True,,2172,,,-23.537376000000002,-46.5608313125,,,,1,2023-06-14T05:30:40+00:00
SAO_4312-10,São Paulo,3550308,True,,2172,,,-23.535868,-46.553349624999996,,,,1,2023-06-14T05:31:29+00:00
SAO_4312-10,São Paulo,3550308,True,,2172,,,-23.5702925,-46.489608000000004,,,,1,2023-06-14T05:31:21+00:00
SAO_6291-10,São Paulo,3550308,True,EMTU,358,https://moovitapp.com/index/pt-br/transporte_p%C3%BAblico-line-358-Sao_Paulo-242-2038937-36419439-0,4.8,-23.640373500000003,-46.7372515,,,,1,2023-06-14T05:31:19+00:00
SAO_6291-10,São Paulo,3550308,True,EMTU,358,https://moovitapp.com/index/pt-br/transporte_p%C3%BAblico-line-358-Sao_Paulo-242-2038937-36419439-0,4.8,-23.5911195,-46.7032535,,,,1,2023-06-14T05:31:46+00:00
SAO_6120-10,São Paulo,3550308,True,,33957,,,-23.76019175,-46.677102749999996,,,,2,2023-06-14T05:31:48+00:00
SAO_6110-10,São Paulo,3550308,True,,33952,,,-23.7405495,-46.708932000000004,,,,2,2023-06-14T05:31:41+00:00
SAO_6110-10,São Paulo,3550308,True,,33952,,,-23.757465,-46.7053555,,,,2,2023-06-14T05:31:09+00:00
SAO_3773-10,São Paulo,3550308,True,,1059,,,-23.5472905,-46.526373,,,,1,2023-06-14T05:31:15+00:00
SAO_3773-10,São Paulo,3550308,True,,1059,,,-23.59935875,-46.46643675,,,,1,2023-06-14T05:31:27+00:00
SAO_3773-10,São Paulo,3550308,True,,1059,,,-23.537936375,-46.563649125,,,,1,2023-06-14T05:31:11+00:00
SAO_342C-10,São Paulo,3550308,True,,1002,,,-23.5232615,-46.545676,,,,1,2023-06-14T05:31:05+00:00
SAO_342C-10,São Paulo,3550308,True,,1002,,,-23.548675000000003,-46.484409,,,,1,2023-06-14T05:31:24+00:00
SAO_5011-10,São Paulo,3550308,True,,1115,,,-23.685175,-46.680721500000004,,,,1,2023-06-14T05:31:35+00:00
SAO_5652-10,São Paulo,3550308,True,,33042,,,-23.716895,-46.699312750000004,,,,2,2023-06-14T05:31:28+00:00
SAO_5652-10,São Paulo,3550308,True,,33042,,,-23.716895,-46.699312750000004,,,,2,2023-06-14T05:31:20+00:00
SAO_5652-10,São Paulo,3550308,True,,33042,,,-23.634141,-46.6691485,,,,2,2023-06-14T05:31:28+00:00
SAO_5103-10,São Paulo,3550308,True,,34414,,,-23.596679,-46.64769162499999,,,,2,2023-06-14T05:31:27+00:00
SAO_477A-10,São Paulo,3550308,True,,33114,,,-23.5991805,-46.6005705,,,,2,2023-06-14T05:31:06+00:00
SAO_477A-10,São Paulo,3550308,True,,33114,,,-23.58173925,-46.625897,,,,2,2023-06-14T05:31:03+00:00
SAO_477A-10,São Paulo,3550308,True,,33114,,,-23.569412375,-46.650685249999995,,,,2,2023-06-14T05:31:37+00:00
SAO_477A-10,São Paulo,3550308,True,,33114,,,-23.5782995,-46.609729,,,,2,2023-06-14T05:31:47+00:00
SAO_7006-10,São Paulo,3550308,True,,34763,,,-23.727213,-46.7863825,,,,2,2023-06-14T05:31:12+00:00
SAO_7006-10,São Paulo,3550308,True,,34763,,,-23.750509,-46.777068,,,,2,2023-06-14T05:31:24+00:00
SAO_7006-10,São Paulo,3550308,True,,34763,,,-23.7505915,-46.777343,,,,2,2023-06-14T05:31:46+00:00
SAO_695V-10,São Paulo,3550308,True,,8,,,-23.605765499999997,-46.664158,,,,1,2023-06-14T05:31:20+00:00
SAO_695V-10,São Paulo,3550308,True,,8,,,-23.6544345,-46.762947,,,,1,2023-06-14T05:31:09+00:00
SAO_502J-10,São Paulo,3550308,True,,1275,,,-23.65493875,-46.668006000000005,,,,1,2023-06-14T05:31:32+00:00
SAO_502J-10,São Paulo,3550308,True,,1275,,,-23.59849075,-46.63781375,,,,1,2023-06-14T05:31:31+00:00
SAO_502J-10,São Paulo,3550308,True,,1275,,,-23.7042705,-46.6881725,,,,1,2023-06-14T05:31:33+00:00
SAO_6076-10,São Paulo,3550308,True,,1165,,,-23.7332185,-46.676162500000004,,,,1,2023-06-14T05:31:34+00:00
SAO_1177-10,São Paulo,3550308,True,,129,,,-23.5217465,-46.5299695,,,,1,2023-06-14T05:31:22+00:00
SAO_1177-10,São Paulo,3550308,True,,129,,,-23.526388000000004,-46.59639425,,,,1,2023-06-14T05:26:58+00:00
SAO_1177-10,São Paulo,3550308,True,,129,,,-23.518318999999998,-46.4758545,,,,1,2023-06-14T05:31:03+00:00
SAO_2025-10,São Paulo,3550308,True,,35035,,,-23.456113000000002,-46.579876999999996,,,,2,2023-06-14T05:29:10+00:00
SAO_2025-10,São Paulo,3550308,True,,35035,,,-23.4509685,-46.57224025,,,,2,2023-06-14T05:31:40+00:00
SAO_2726-10,São Paulo,3550308,True,Urubupungá,940,https://moovitapp.com/index/pt-br/transporte_p%C3%BAblico-line-940-Sao_Paulo-242-873835-496474-0,4.6,-23.515029499999997,-46.468916500000006,,,,1,2023-06-14T05:31:30+00:00
SAO_2726-10,São Paulo,3550308,True,Urubupungá,940,https://moovitapp.com/index/pt-br/transporte_p%C3%BAblico-line-940-Sao_Paulo-242-873835-496474-0,4.6,-23.513876250000003,-46.46891024999999,,,,1,2023-06-14T05:31:15+00:00
SAO_2726-10,São Paulo,3550308,True,Urubupungá,940,https://moovitapp.com/index/pt-br/transporte_p%C3%BAblico-line-940-Sao_Paulo-242-873835-496474-0,4.6,-23.51418675,-46.46895275,,,,1,2023-06-14T05:31:46+00:00
SAO_2726-10,São Paulo,3550308,True,Urubupungá,940,https://moovitapp.com/index/pt-br/transporte_p%C3%BAblico-line-940-Sao_Paulo-242-873835-496474-0,4.6,-23.516517,-46.5214645,,,,1,2023-06-14T05:31:08+00:00
SAO_2726-10,São Paulo,3550308,True,Urubupungá,940,https://moovitapp.com/index/pt-br/transporte_p%C3%BAblico-line-940-Sao_Paulo-242-873835-496474-0,4.6,-23.510603,-46.468389,,,,1,2023-06-14T05:31:41+00:00
SAO_8705-10,São Paulo,3550308,True,,34840,,,-23.5602905,-46.671777500000005,,,,2,2023-06-14T05:31:45+00:00
SAO_8705-10,São Paulo,3550308,True,,34840,,,-23.547628500000002,-46.6409075,,,,2,2023-06-14T05:31:31+00:00
SAO_8705-10,São Paulo,3550308,True,,34840,,,-23.547614000000003,-46.760172999999995,,,,2,2023-06-14T05:31:23+00:00
SAO_8705-10,São Paulo,3550308,True,,34840,,,-23.5739305,-46.7358065,,,,2,2023-06-14T05:31:13+00:00
SAO_3721-41,São Paulo,3550308,True,,1693,,,-23.546772,-46.484496,,,,1,2023-06-14T05:31:44+00:00
SAO_3721-41,São Paulo,3550308,True,,1693,,,-23.5424675,-46.470273500000005,,,,1,2023-06-14T05:31:36+00:00
SAO_1722-10,São Paulo,3550308,True,,33632,,,-23.479125000000003,-46.60149975,,,,2,2023-06-14T05:31:08+00:00
SAO_1722-10,São Paulo,3550308,True,,33632,,,-23.482215500000002,-46.672433999999996,,,,2,2023-06-14T05:31:41+00:00
SAO_1722-10,São Paulo,3550308,True,,33632,,,-23.48280425,-46.67273725,,,,2,2023-06-14T05:31:18+00:00
SAO_1722-10,São Paulo,3550308,True,,33632,,,-23.465683,-46.636298999999994,,,,2,2023-06-14T05:31:27+00:00
SAO_1722-10,São Paulo,3550308,True,,33632,,,-23.458323999999998,-46.609674,,,,2,2023-06-14T05:31:00+00:00
SAO_1722-10,São Paulo,3550308,True,,33632,,,-23.476422499999998,-46.59735499999999,,,,2,2023-06-14T05:30:29+00:00
SAO_1722-10,São Paulo,3550308,True,,33632,,,-23.47520075,-46.665144,,,,2,2023-06-14T05:31:09+00:00
SAO_2725-10,São Paulo,3550308,True,,33707,,,-23.512969499999997,-46.4736135,,,,2,2023-06-14T05:31:06+00:00
SAO_2725-10,São Paulo,3550308,True,,33707,,,-23.512969499999997,-46.4736135,,,,2,2023-06-14T05:31:06+00:00
SAO_6075-10,São Paulo,3550308,True,,1162,,,-23.768802,-46.71633,,,,1,2023-06-14T05:31:24+00:00
SAO_172U-10,São Paulo,3550308,True,,860,,,-23.440261,-46.576557,,,,1,2023-06-14T05:31:48+00:00
SAO_172U-10,São Paulo,3550308,True,,860,,,-23.437303,-46.56643425,,,,1,2023-06-14T05:31:18+00:00
SAO_172U-10,São Paulo,3550308,True,,860,,,-23.494519,-46.6246805,,,,1,2023-06-14T05:31:41+00:00
SAO_172U-10,São Paulo,3550308,True,,860,,,-23.558355499999998,-46.59565775,,,,1,2023-06-14T05:31:45+00:00
SAO_N739-11,São Paulo,3550308,True,,35188,,,-23.653897,-46.7629255,,,,2,2023-06-14T05:31:36+00:00
SAO_4727-10,São Paulo,3550308,True,Cidade de Caieiras,340,https://moovitapp.com/index/pt-br/transporte_p%C3%BAblico-line-340-Sao_Paulo-242-868761-101563062-0,5.0,-23.611078,-46.637181,,,,1,2023-06-14T05:31:43+00:00
SAO_4727-10,São Paulo,3550308,True,Cidade de Caieiras,340,https://moovitapp.com/index/pt-br/transporte_p%C3%BAblico-line-340-Sao_Paulo-242-868761-101563062-0,5.0,-23.6379275,-46.608517500000005,,,,1,2023-06-14T05:31:06+00:00
SAO_675P-10,São Paulo,3550308,True,,33043,,,-23.660881500000002,-46.659060749999995,,,,2,2023-06-14T05:31:05+00:00
SAO_675P-10,São Paulo,3550308,True,,33043,,,-23.645426,-46.645011499999995,,,,2,2023-06-14T05:30:17+00:00
SAO_675P-10,São Paulo,3550308,True,,33043,,,-23.66606675,-46.70750775,,,,2,2023-06-14T05:31:13+00:00
SAO_8016-10,São Paulo,3550308,True,,1346,,,-23.44199575,-46.73411675,,,,1,2023-06-14T05:31:29+00:00
SAO_8016-10,São Paulo,3550308,True,,1346,,,-23.466143000000002,-46.722682500000005,,,,1,2023-06-14T05:31:15+00:00
SAO_7023-10,São Paulo,3550308,True,,2152,,,-23.698786,-46.7627765,,,,1,2023-06-14T05:31:24+00:00
SAO_677Y-10,São Paulo,3550308,True,,1240,,,-23.624443,-46.705509000000006,,,,1,2023-06-14T05:31:11+00:00
SAO_677Y-10,São Paulo,3550308,True,,1240,,,-23.6836685,-46.7890555,,,,1,2023-06-14T05:31:15+00:00
SAO_677Y-10,São Paulo,3550308,True,,1240,,,-23.66398625,-46.782029,,,,1,2023-06-14T05:31:13+00:00
SAO_7282-10,São Paulo,3550308,True,,33239,,,-23.5546425,-46.663935499999994,,,,2,2023-06-14T05:31:12+00:00
SAO_6006-10,São Paulo,3550308,True,,32943,,,-23.6828965,-46.749384000000006,,,,2,2023-06-14T05:31:18+00:00
SAO_6006-10,São Paulo,3550308,True,,32943,,,-23.670507,-46.6779885,,,,2,2023-06-14T05:31:38+00:00
SAO_6006-10,São Paulo,3550308,True,,32943,,,-23.671547,-46.7411115,,,,2,2023-06-14T05:31:37+00:00
SAO_6006-10,São Paulo,3550308,True,,32943,,,-23.659418000000002,-46.697904,,,,2,2023-06-14T05:31:22+00:00
SAO_5164-41,São Paulo,3550308,True,,34385,,,-23.6461035,-46.6444255,,,,2,2023-06-14T05:31:37+00:00
SAO_7725-10,São Paulo,3550308,True,EMTU,472,https://moovitapp.com/index/pt-br/transporte_p%C3%BAblico-line-472-Sao_Paulo-242-2038937-36419508-0,35.0,-23.55273575,-46.709129375,,,,1,2023-06-14T05:31:33+00:00
SAO_8707-10,São Paulo,3550308,True,,2064,,,-23.573604500000002,-46.731939,,,,1,2023-06-14T05:31:35+00:00
SAO_8707-10,São Paulo,3550308,True,,2064,,,-23.556821499999998,-46.665468000000004,,,,1,2023-06-14T05:31:47+00:00
SAO_719P-10,São Paulo,3550308,True,,1372,,,-23.5559995,-46.674885625,,,,1,2023-06-14T05:31:41+00:00
SAO_719P-10,São Paulo,3550308,True,,1372,,,-23.53506275,-46.644746999999995,,,,1,2023-06-14T05:31:32+00:00
SAO_6000-10,São Paulo,3550308,True,,1140,,,-23.8093345,-46.7371645,,,,1,2023-06-14T05:31:40+00:00
SAO_6000-10,São Paulo,3550308,True,,1140,,,-23.6669665,-46.7119285,,,,1,2023-06-14T05:31:19+00:00
SAO_6000-10,São Paulo,3550308,True,,1140,,,-23.781652,-46.725950999999995,,,,1,2023-06-14T05:29:33+00:00
SAO_6000-10,São Paulo,3550308,True,,1140,,,-23.718445000000003,-46.698815499999995,,,,1,2023-06-14T05:31:17+00:00
SAO_6000-10,São Paulo,3550308,True,,1140,,,-23.6541295,-46.712835999999996,,,,1,2023-06-14T05:31:06+00:00
SAO_637G-10,São Paulo,3550308,True,EMTU,101,https://moovitapp.com/index/pt-br/transporte_p%C3%BAblico-line-101-Sao_Paulo-242-2038937-36419264-0,4.8,-23.7537615,-46.6807515,,,,1,2023-06-14T05:31:17+00:00
SAO_637G-10,São Paulo,3550308,True,EMTU,101,https://moovitapp.com/index/pt-br/transporte_p%C3%BAblico-line-101-Sao_Paulo-242-2038937-36419264-0,4.8,-23.752885499999998,-46.682042,,,,1,2023-06-14T05:30:54+00:00
SAO_637G-10,São Paulo,3550308,True,EMTU,101,https://moovitapp.com/index/pt-br/transporte_p%C3%BAblico-line-101-Sao_Paulo-242-2038937-36419264-0,4.8,-23.59367525,-46.672832,,,,1,2023-06-14T05:31:24+00:00
SAO_971X-10,São Paulo,3550308,True,,1695,,,-23.500266,-46.6352555,,,,1,2023-06-14T05:31:29+00:00
SAO_4051-10,São Paulo,3550308,True,,34912,,,-23.545251999999998,-46.409628250000004,,,,2,2023-06-14T05:31:46+00:00
SAO_4051-10,São Paulo,3550308,True,,34912,,,-23.561855,-46.4014265,,,,2,2023-06-14T05:31:43+00:00
SAO_4025-10,São Paulo,3550308,True,,1095,,,-23.588527,-46.568012499999995,,,,1,2023-06-14T05:31:48+00:00
SAO_4025-10,São Paulo,3550308,True,,1095,,,-23.541552,-46.574095,,,,1,2023-06-14T05:31:31+00:00
SAO_4025-10,São Paulo,3550308,True,,1095,,,-23.597994999999997,-46.55969925,,,,1,2023-06-14T05:31:08+00:00
SAO_4025-10,São Paulo,3550308,True,,1095,,,-23.5407625,-46.5757575,,,,1,2023-06-14T05:31:34+00:00
SAO_4025-10,São Paulo,3550308,True,,1095,,,-23.56801375,-46.57701575,,,,1,2023-06-14T05:31:41+00:00
SAO_4025-10,São Paulo,3550308,True,,1095,,,-23.54147175,-46.573660249999996,,,,1,2023-06-14T05:31:35+00:00
SAO_2769-10,São Paulo,3550308,True,,33165,,,-23.507430624999998,-46.480697125,,,,2,2023-06-14T05:31:19+00:00
SAO_2769-10,São Paulo,3550308,True,,33165,,,-23.481961499999997,-46.379926,,,,2,2023-06-14T05:31:22+00:00
SAO_2769-10,São Paulo,3550308,True,,33165,,,-23.535577875,-46.57796025,,,,2,2023-06-14T05:29:19+00:00
SAO_2769-10,São Paulo,3550308,True,,33165,,,-23.481961499999997,-46.379926,,,,2,2023-06-14T05:31:09+00:00
SAO_N639-11,São Paulo,3550308,True,,35172,,,-23.740912,-46.704578,,,,2,2023-06-14T05:31:24+00:00
SAO_6913-10,São Paulo,3550308,True,,1465,,,-23.684355500000002,-46.714387,,,,1,2023-06-14T05:31:13+00:00
SAO_6913-10,São Paulo,3550308,True,,1465,,,-23.578016750000003,-46.671012000000005,,,,1,2023-06-14T05:31:41+00:00
SAO_847P-42,São Paulo,3550308,True,,1424,,,-23.468989,-46.696481500000004,,,,1,2023-06-14T05:31:11+00:00
SAO_9181-10,São Paulo,3550308,True,,33653,,,-23.480950874999998,-46.68658275,,,,2,2023-06-14T05:31:23+00:00
SAO_6836-10,São Paulo,3550308,True,BR7 Mobilidade,13,https://moovitapp.com/index/pt-br/transporte_p%C3%BAblico-line-13-Sao_Paulo-242-851856-705937-0,5.75,-23.684404999999998,-46.7817855,,,,1,2023-06-14T05:31:47+00:00
SAO_6836-10,São Paulo,3550308,True,BR7 Mobilidade,13,https://moovitapp.com/index/pt-br/transporte_p%C3%BAblico-line-13-Sao_Paulo-242-851856-705937-0,5.75,-23.643877,-46.733764,,,,1,2023-06-14T05:31:46+00:00
SAO_6836-10,São Paulo,3550308,True,BR7 Mobilidade,13,https://moovitapp.com/index/pt-br/transporte_p%C3%BAblico-line-13-Sao_Paulo-242-851856-705937-0,5.75,-23.6706845,-46.760554,,,,1,2023-06-14T05:31:34+00:00
SAO_775V-10,São Paulo,3550308,True,,33243,,,-23.572117,-46.76438175,,,,2,2023-06-14T05:31:26+00:00
SAO_775V-10,São Paulo,3550308,True,,33243,,,-23.5816995,-46.6840755,,,,2,2023-06-14T05:31:37+00:00
SAO_6805-10,São Paulo,3550308,True,,32799,,,-23.6577795,-46.7420685,,,,2,2023-06-14T05:31:33+00:00
SAO_957T-10,São Paulo,3550308,True,,464,,,-23.59616325,-46.691351,,,,1,2023-06-14T05:31:42+00:00
SAO_771P-10,São Paulo,3550308,True,EMTU,506,https://moovitapp.com/index/pt-br/transporte_p%C3%BAblico-line-506-Sao_Paulo-242-2038937-36419528-0,5.65,-23.596944,-46.7904425,,,,1,2023-06-14T05:31:12+00:00
SAO_546A-31,São Paulo,3550308,True,,1132,,,-23.669839,-46.688775250000006,,,,1,2023-06-14T05:31:20+00:00
SAO_848L-10,São Paulo,3550308,True,,33576,,,-23.418999499999998,-46.730676,,,,2,2023-06-14T05:31:25+00:00
SAO_848L-10,São Paulo,3550308,True,,33576,,,-23.4130405,-46.750367,,,,2,2023-06-14T05:31:39+00:00
SAO_848L-10,São Paulo,3550308,True,,33576,,,-23.4859685,-46.7262025,,,,2,2023-06-14T05:31:19+00:00
SAO_848L-10,São Paulo,3550308,True,,33576,,,-23.4144305,-46.7510005,,,,2,2023-06-14T05:31:31+00:00
SAO_775P-10,São Paulo,3550308,True,,33275,,,-23.5597575,-46.670805,,,,2,2023-06-14T05:31:08+00:00
SAO_775P-10,São Paulo,3550308,True,,33275,,,-23.594013,-46.754341,,,,2,2023-06-14T05:31:19+00:00
SAO_546J-10,São Paulo,3550308,True,,1133,,,-23.686829,-46.657602,,,,1,2023-06-14T05:31:42+00:00
SAO_546J-10,São Paulo,3550308,True,,1133,,,-23.654280999999997,-46.70443349999999,,,,1,2023-06-14T05:31:26+00:00
SAO_3008-10,São Paulo,3550308,True,,35283,,,-23.4965255,-46.405099,,,,2,2023-06-14T05:31:10+00:00
SAO_745M-10,São Paulo,3550308,True,,33550,,,-23.66910075,-46.775980875,,,,2,2023-06-14T05:31:27+00:00
SAO_745M-10,São Paulo,3550308,True,,33550,,,-23.668708000000002,-46.704702749999996,,,,2,2023-06-14T05:31:23+00:00
SAO_745M-10,São Paulo,3550308,True,,33550,,,-23.6745375,-46.758972,,,,2,2023-06-14T05:31:37+00:00
SAO_745M-10,São Paulo,3550308,True,,33550,,,-23.655358999999997,-46.7765715,,,,2,2023-06-14T05:31:15+00:00
SAO_745M-10,São Paulo,3550308,True,,33550,,,-23.6684115,-46.704903,,,,2,2023-06-14T05:31:36+00:00
SAO_745M-10,São Paulo,3550308,True,,33550,,,-23.630817,-46.767892,,,,2,2023-06-14T05:31:27+00:00
SAO_6027-10,São Paulo,3550308,True,,32858,,,-23.722904999999997,-46.671150499999996,,,,2,2023-06-14T05:31:04+00:00
SAO_6027-10,São Paulo,3550308,True,,32858,,,-23.685622000000002,-46.7025435,,,,2,2023-06-14T05:31:45+00:00
SAO_6027-10,São Paulo,3550308,True,,32858,,,-23.7232675,-46.680481,,,,2,2023-06-14T05:31:39+00:00
SAO_4086-10,São Paulo,3550308,True,,35018,,,-23.599357625,-46.39645525,,,,2,2023-06-14T05:31:43+00:00
SAO_4086-10,São Paulo,3550308,True,,35018,,,-23.5829765,-46.40796,,,,2,2023-06-14T05:31:48+00:00
SAO_5632-10,São Paulo,3550308,True,,32849,,,-23.617609875,-46.675457249999994,,,,2,2023-06-14T05:31:29+00:00
SAO_5632-10,São Paulo,3550308,True,,32849,,,-23.701024250000003,-46.71515425,,,,2,2023-06-14T05:30:47+00:00
SAO_6010-10,São Paulo,3550308,True,,1202,,,-23.6938785,-46.7945825,,,,1,2023-06-14T05:31:22+00:00
SAO_6010-10,São Paulo,3550308,True,,1202,,,-23.665689,-46.747922,,,,1,2023-06-14T05:31:44+00:00
SAO_6010-10,São Paulo,3550308,True,,1202,,,-23.674031499999998,-46.787904499999996,,,,1,2023-06-14T05:31:40+00:00
SAO_2582-10,São Paulo,3550308,True,,33142,,,-23.52017275,-46.546484750000005,,,,2,2023-06-14T05:31:45+00:00
SAO_2582-10,São Paulo,3550308,True,,33142,,,-23.485982,-46.502407,,,,2,2023-06-14T05:31:32+00:00
SAO_1732-10,São Paulo,3550308,True,,33439,,,-23.507038343749997,-46.64623643750001,,,,2,2023-06-14T05:31:43+00:00
SAO_1732-10,São Paulo,3550308,True,,33439,,,-23.4840115,-46.567589,,,,2,2023-06-14T05:31:25+00:00
SAO_1732-10,São Paulo,3550308,True,,33439,,,-23.4832875,-46.585381,,,,2,2023-06-14T05:31:03+00:00
SAO_1732-10,São Paulo,3550308,True,,33439,,,-23.4873935,-46.5741675,,,,2,2023-06-14T05:31:29+00:00
SAO_971C-10,São Paulo,3550308,True,,571,,,-23.501604,-46.624865,,,,1,2023-06-14T05:31:06+00:00
SAO_971C-10,São Paulo,3550308,True,,571,,,-23.449666999999998,-46.700716,,,,1,2023-06-14T05:31:36+00:00
SAO_971C-10,São Paulo,3550308,True,,571,,,-23.4998475,-46.637671999999995,,,,1,2023-06-14T05:31:06+00:00
SAO_5185-10,São Paulo,3550308,True,,1308,,,-23.546979,-46.63057,,,,1,2023-06-14T05:31:12+00:00
SAO_5185-10,São Paulo,3550308,True,,1308,,,-23.610266000000003,-46.654694,,,,1,2023-06-14T05:31:36+00:00
SAO_407M-10,São Paulo,3550308,True,,318,,,-23.57844725,-46.621433249999995,,,,1,2023-06-14T05:31:34+00:00
SAO_476G-41,São Paulo,3550308,True,,33880,,,-23.581986,-46.5917685,,,,2,2023-06-14T05:30:32+00:00
SAO_476G-41,São Paulo,3550308,True,,33880,,,-23.609757000000002,-46.529221,,,,2,2023-06-14T05:31:39+00:00
SAO_6840-10,São Paulo,3550308,True,EMTU,201,https://moovitapp.com/index/pt-br/transporte_p%C3%BAblico-line-201-Sao_Paulo-242-2038937-58093160-0,20.4,-23.7420195,-46.800329000000005,,,,1,2023-06-14T05:31:37+00:00
SAO_6840-10,São Paulo,3550308,True,EMTU,201,https://moovitapp.com/index/pt-br/transporte_p%C3%BAblico-line-201-Sao_Paulo-242-2038937-58093160-0,20.4,-23.7388185,-46.79168475,,,,1,2023-06-14T05:31:19+00:00
SAO_6840-10,São Paulo,3550308,True,EMTU,201,https://moovitapp.com/index/pt-br/transporte_p%C3%BAblico-line-201-Sao_Paulo-242-2038937-58093160-0,20.4,-23.7317975,-46.7861475,,,,1,2023-06-14T05:31:10+00:00
SAO_6840-10,São Paulo,3550308,True,EMTU,201,https://moovitapp.com/index/pt-br/transporte_p%C3%BAblico-line-201-Sao_Paulo-242-2038937-58093160-0,20.4,-23.7317975,-46.7861475,,,,1,2023-06-14T05:31:21+00:00
SAO_6840-10,São Paulo,3550308,True,EMTU,201,https://moovitapp.com/index/pt-br/transporte_p%C3%BAblico-line-201-Sao_Paulo-242-2038937-58093160-0,20.4,-23.7420195,-46.800329000000005,,,,1,2023-06-14T05:31:11+00:00
SAO_6840-10,São Paulo,3550308,True,EMTU,201,https://moovitapp.com/index/pt-br/transporte_p%C3%BAblico-line-201-Sao_Paulo-242-2038937-58093160-0,20.4,-23.654132,-46.7632315,,,,1,2023-06-14T05:31:36+00:00
SAO_1178-10,São Paulo,3550308,True,,132,,,-23.5278855,-46.591263999999995,,,,1,2023-06-14T05:30:04+00:00
SAO_1178-10,São Paulo,3550308,True,,132,,,-23.4977125,-46.517759999999996,,,,1,2023-06-14T05:31:16+00:00
SAO_1178-10,São Paulo,3550308,True,,132,,,-23.526568750000003,-46.5958825,,,,1,2023-06-14T05:29:30+00:00
SAO_1178-10,São Paulo,3550308,True,,132,,,-23.504322000000002,-46.433214,,,,1,2023-06-14T05:29:26+00:00
SAO_1178-10,São Paulo,3550308,True,,132,,,-23.525353000000003,-46.57530225000001,,,,1,2023-06-14T05:31:11+00:00
SAO_7005-10,São Paulo,3550308,True,,1998,,,-23.7368285,-46.776495999999995,,,,1,2023-06-14T05:31:05+00:00
SAO_7005-51,São Paulo,3550308,True,,34767,,,-23.670586,-46.772875,,,,2,2023-06-14T05:31:21+00:00
SAO_7005-51,São Paulo,3550308,True,,34767,,,-23.73646075,-46.776863250000005,,,,2,2023-06-14T05:31:45+00:00
SAO_5029-10,São Paulo,3550308,True,,34440,,,-23.6185425,-46.584223,,,,2,2023-06-14T05:31:37+00:00
SAO_5029-10,São Paulo,3550308,True,,34440,,,-23.628492,-46.5859155,,,,2,2023-06-14T05:31:25+00:00
SAO_1772-10,São Paulo,3550308,True,,635,,,-23.4347785,-46.5810585,,,,1,2023-06-14T05:31:15+00:00
SAO_1772-10,São Paulo,3550308,True,,635,,,-23.4674525,-46.594819,,,,1,2023-06-14T05:31:07+00:00
SAO_3741-10,São Paulo,3550308,True,,33809,,,-23.5459,-46.460999,,,,2,2023-06-14T05:31:48+00:00
SAO_3741-10,São Paulo,3550308,True,,33809,,,-23.542377000000002,-46.449023749999995,,,,2,2023-06-14T05:31:44+00:00
SAO_3741-10,São Paulo,3550308,True,,33809,,,-23.5629275,-46.45613,,,,2,2023-06-14T05:31:15+00:00
SAO_3741-10,São Paulo,3550308,True,,33809,,,-23.5424215,-46.470960500000004,,,,2,2023-06-14T05:31:14+00:00
SAO_2732-10,São Paulo,3550308,True,,947,,,-23.5340585,-46.46348,,,,1,2023-06-14T05:31:38+00:00
SAO_2732-10,São Paulo,3550308,True,,947,,,-23.5402155,-46.483134,,,,1,2023-06-14T05:31:46+00:00
SAO_2732-10,São Paulo,3550308,True,,947,,,-23.5402155,-46.483134,,,,1,2023-06-14T05:31:41+00:00
SAO_2732-10,São Paulo,3550308,True,,947,,,-23.5402155,-46.483134,,,,1,2023-06-14T05:31:35+00:00
SAO_2732-10,São Paulo,3550308,True,,947,,,-23.5402155,-46.483134,,,,1,2023-06-14T05:28:49+00:00
SAO_N135-11,São Paulo,3550308,True,,2291,,,-23.4861665,-46.726144,,,,1,2023-06-14T05:31:43+00:00
SAO_273N-10,São Paulo,3550308,True,,33158,,,-23.513284499999997,-46.516854,,,,2,2023-06-14T05:31:17+00:00
SAO_273N-10,São Paulo,3550308,True,,33158,,,-23.5048955,-46.366649,,,,2,2023-06-14T05:31:23+00:00
SAO_273N-10,São Paulo,3550308,True,,33158,,,-23.5046015,-46.367096,,,,2,2023-06-14T05:31:15+00:00
SAO_702U-10,São Paulo,3550308,True,,1330,,,-23.55012275,-46.63123525,,,,1,2023-06-14T05:31:32+00:00
SAO_702U-10,São Paulo,3550308,True,,1330,,,-23.5715885,-46.7076625,,,,1,2023-06-14T05:31:44+00:00
SAO_8043-10,São Paulo,3550308,False,,33175,,,-23.478116,-46.747901,,,,2,2023-06-14T05:31:46+00:00
SAO_6052-31,São Paulo,3550308,True,,34600,,,-23.775509999999997,-46.691679,,,,2,2023-06-14T05:31:21+00:00
SAO_6052-31,São Paulo,3550308,True,,34600,,,-23.775509999999997,-46.691679,,,,2,2023-06-14T05:31:11+00:00
SAO_509M-10,São Paulo,3550308,True,,34045,,,-23.603628750000002,-46.6623445,,,,2,2023-06-14T05:31:23+00:00
SAO_509M-10,São Paulo,3550308,True,,34045,,,-23.681403,-46.638069,,,,2,2023-06-14T05:31:42+00:00
SAO_509M-10,São Paulo,3550308,True,,34045,,,-23.67924,-46.6355285,,,,2,2023-06-14T05:31:45+00:00
SAO_N404-11,São Paulo,3550308,True,,35128,,,-23.580451500000002,-46.5002865,,,,2,2023-06-14T05:31:27+00:00
SAO_2780-10,São Paulo,3550308,True,,33167,,,-23.5082065,-46.372476,,,,2,2023-06-14T05:31:39+00:00
SAO_2780-10,São Paulo,3550308,True,,33167,,,-23.495269,-46.404499,,,,2,2023-06-14T05:31:30+00:00
SAO_2780-10,São Paulo,3550308,True,,33167,,,-23.507832,-46.375870000000006,,,,2,2023-06-14T05:30:35+00:00
SAO_2711-10,São Paulo,3550308,True,,33693,,,-23.514456000000003,-46.48103125,,,,2,2023-06-14T05:31:22+00:00
SAO_2711-10,São Paulo,3550308,True,,33693,,,-23.508784624999997,-46.49068875,,,,2,2023-06-14T05:31:13+00:00
SAO_3754-10,São Paulo,3550308,True,,1049,,,-23.56980775,-46.3985435,,,,1,2023-06-14T05:31:12+00:00
SAO_3754-10,São Paulo,3550308,True,,1049,,,-23.543495,-46.463897,,,,1,2023-06-14T05:31:06+00:00
SAO_407R-10,São Paulo,3550308,True,,34969,,,-23.545831,-46.585125000000005,,,,2,2023-06-14T05:31:08+00:00
SAO_407R-10,São Paulo,3550308,True,,34969,,,-23.5700745,-46.529242999999994,,,,2,2023-06-14T05:31:37+00:00
SAO_1741-10,São Paulo,3550308,True,,33307,,,-23.4647525,-46.6632075,,,,2,2023-06-14T05:31:43+00:00
SAO_1741-10,São Paulo,3550308,True,,33307,,,-23.475978,-46.6504775,,,,2,2023-06-14T05:31:36+00:00
SAO_647A-10,São Paulo,3550308,True,,1315,,,-23.565532,-46.692781999999994,,,,1,2023-06-14T05:31:30+00:00
SAO_647A-10,São Paulo,3550308,True,,1315,,,-23.640714000000003,-46.737080500000005,,,,1,2023-06-14T05:31:46+00:00
SAO_647A-10,São Paulo,3550308,True,,1315,,,-23.6945095,-46.7940355,,,,1,2023-06-14T05:31:17+00:00
SAO_9006-10,São Paulo,3550308,True,,33642,,,-23.4745815,-46.669976500000004,,,,2,2023-06-14T05:31:29+00:00
SAO_9006-10,São Paulo,3550308,True,,33642,,,-23.464864,-46.6906185,,,,2,2023-06-14T05:31:44+00:00
SAO_2023-10,São Paulo,3550308,True,,2260,,,-23.478789,-46.6041915,,,,1,2023-06-14T05:31:45+00:00
SAO_2023-10,São Paulo,3550308,True,,2260,,,-23.3987925,-46.5782825,,,,1,2023-06-14T05:31:38+00:00
SAO_2023-10,São Paulo,3550308,True,,2260,,,-23.42767,-46.5939135,,,,1,2023-06-14T05:28:33+00:00
SAO_6083-10,São Paulo,3550308,True,,1733,,,-23.753087999999998,-46.6704845,,,,1,2023-06-14T05:31:46+00:00
SAO_517J-10,São Paulo,3550308,True,,1129,,,-23.6136795,-46.695497,,,,1,2023-06-14T05:31:43+00:00
SAO_517J-10,São Paulo,3550308,True,,1129,,,-23.648919125,-46.676356999999996,,,,1,2023-06-14T05:31:27+00:00
SAO_8545-10,São Paulo,3550308,True,,34132,,,-23.4647875,-46.6958485,,,,2,2023-06-14T05:31:26+00:00
SAO_8545-10,São Paulo,3550308,True,,34132,,,-23.5227275,-46.701438874999994,,,,2,2023-06-14T05:31:16+00:00
SAO_3054-10,São Paulo,3550308,True,,33743,,,-23.60902375,-46.492121,,,,2,2023-06-14T05:31:45+00:00
SAO_3054-10,São Paulo,3550308,True,,33743,,,-23.5998515,-46.4695975,,,,2,2023-06-14T05:31:35+00:00
SAO_3054-10,São Paulo,3550308,True,,33743,,,-23.598686,-46.4639445,,,,2,2023-06-14T05:31:16+00:00
SAO_3054-10,São Paulo,3550308,True,,33743,,,-23.609623,-46.4081455,,,,2,2023-06-14T05:31:44+00:00
SAO_3054-10,São Paulo,3550308,True,,33743,,,-23.599873249999998,-46.4235685,,,,2,2023-06-14T05:31:31+00:00
SAO_2705-10,São Paulo,3550308,True,,917,,,-23.542333999999997,-46.470445999999995,,,,1,2023-06-14T05:31:26+00:00
SAO_2705-10,São Paulo,3550308,True,,917,,,-23.5417775,-46.4057655,,,,1,2023-06-14T05:31:16+00:00
SAO_2705-10,São Paulo,3550308,True,,917,,,-23.5425595,-46.469581500000004,,,,1,2023-06-14T05:30:48+00:00
SAO_2705-10,São Paulo,3550308,True,,917,,,-23.5315145,-46.439524500000005,,,,1,2023-06-14T05:31:12+00:00
SAO_2127-10,São Paulo,3550308,True,,693,,,-23.51555775,-46.60742875,,,,1,2023-06-14T05:31:13+00:00
SAO_2127-10,São Paulo,3550308,True,,693,,,-23.5562275,-46.6341875,,,,1,2023-06-14T05:31:11+00:00
SAO_1765-10,São Paulo,3550308,True,,1782,,,-23.47156,-46.586985125,,,,1,2023-06-14T05:31:29+00:00
SAO_7057-10,São Paulo,3550308,True,,34665,,,-23.64922775,-46.78505225,,,,2,2023-06-14T05:31:15+00:00
SAO_7057-10,São Paulo,3550308,True,,34665,,,-23.64904925,-46.78534475,,,,2,2023-06-14T05:31:28+00:00
SAO_7057-10,São Paulo,3550308,True,,34665,,,-23.64922775,-46.78505225,,,,2,2023-06-14T05:31:29+00:00
SAO_4093-10,São Paulo,3550308,True,,35216,,,-23.5861375,-46.407075500000005,,,,2,2023-06-14T05:31:30+00:00
SAO_4093-10,São Paulo,3550308,True,,35216,,,-23.588005000000003,-46.396929,,,,2,2023-06-14T05:31:07+00:00
SAO_4093-10,São Paulo,3550308,True,,35216,,,-23.5879695,-46.396435,,,,2,2023-06-14T05:31:37+00:00
SAO_119C-10,São Paulo,3550308,True,,33429,,,-23.507183125,-46.60357450000001,,,,2,2023-06-14T05:31:07+00:00
SAO_119C-10,São Paulo,3550308,True,,33429,,,-23.53497825,-46.64421025,,,,2,2023-06-14T05:31:06+00:00
SAO_119C-10,São Paulo,3550308,True,,33429,,,-23.4788315,-46.5691755,,,,2,2023-06-14T05:31:12+00:00
SAO_128Y-10,São Paulo,3550308,True,EMTU,843,https://moovitapp.com/index/pt-br/transporte_p%C3%BAblico-line-843-Sao_Paulo-242-2038937-36419606-0,4.1,-23.4732865,-46.6671755,,,,1,2023-06-14T05:31:16+00:00
SAO_128Y-10,São Paulo,3550308,True,EMTU,843,https://moovitapp.com/index/pt-br/transporte_p%C3%BAblico-line-843-Sao_Paulo-242-2038937-36419606-0,4.1,-23.4534275,-46.6714075,,,,1,2023-06-14T05:31:22+00:00
SAO_128Y-10,São Paulo,3550308,True,EMTU,843,https://moovitapp.com/index/pt-br/transporte_p%C3%BAblico-line-843-Sao_Paulo-242-2038937-36419606-0,4.1,-23.5204915,-46.704470875,,,,1,2023-06-14T05:31:44+00:00
SAO_756A-10,São Paulo,3550308,True,,793,,,-23.6137345,-46.695820499999996,,,,1,2023-06-14T05:31:39+00:00
SAO_756A-10,São Paulo,3550308,True,,793,,,-23.6136575,-46.6956995,,,,1,2023-06-14T05:31:42+00:00
SAO_756A-10,São Paulo,3550308,True,,793,,,-23.598816499999998,-46.719355,,,,1,2023-06-14T05:31:08+00:00
SAO_8319-10,São Paulo,3550308,True,,476,,,-23.52685,-46.708924999999994,,,,1,2023-06-14T05:31:17+00:00
SAO_8319-10,São Paulo,3550308,True,,476,,,-23.5533165,-46.742431499999995,,,,1,2023-06-14T05:31:14+00:00
SAO_6003-21,São Paulo,3550308,True,,2576,,,-23.766613,-46.71643,,,,1,2023-06-14T05:31:08+00:00
SAO_857A-10,São Paulo,3550308,True,,34693,,,-23.6313825,-46.77286,,,,2,2023-06-14T05:31:34+00:00
SAO_857A-10,São Paulo,3550308,True,,34693,,,-23.572976750000002,-46.705288499999995,,,,2,2023-06-14T05:31:27+00:00
SAO_857A-10,São Paulo,3550308,True,,34693,,,-23.6317985,-46.771744,,,,2,2023-06-14T05:31:32+00:00
SAO_857A-10,São Paulo,3550308,True,,34693,,,-23.59901925,-46.644137625,,,,2,2023-06-14T05:31:34+00:00
SAO_N232-11,São Paulo,3550308,True,,35089,,,-23.4798095,-46.601954500000005,,,,2,2023-06-14T05:31:45+00:00
SAO_2029-10,São Paulo,3550308,True,,35038,,,-23.467872500000002,-46.59734525,,,,2,2023-06-14T05:31:46+00:00
SAO_2029-10,São Paulo,3550308,True,,35038,,,-23.430335,-46.576527,,,,2,2023-06-14T05:31:38+00:00
SAO_8078-10,São Paulo,3550308,True,,34848,,,-23.648564874999998,-46.756998249999995,,,,2,2023-06-14T05:31:17+00:00
SAO_8078-10,São Paulo,3550308,True,,34848,,,-23.64895,-46.750393,,,,2,2023-06-14T05:25:46+00:00
SAO_675I-10,São Paulo,3550308,True,BR7 Mobilidade,68,https://moovitapp.com/index/pt-br/transporte_p%C3%BAblico-line-68-Sao_Paulo-242-851856-560661-0,5.75,-23.632859,-46.6693435,,,,1,2023-06-14T05:31:28+00:00
SAO_3745-10,São Paulo,3550308,True,,33812,,,-23.558470749999998,-46.534753249999994,,,,2,2023-06-14T05:31:32+00:00
SAO_3745-10,São Paulo,3550308,True,,33812,,,-23.589163499999998,-46.500732,,,,2,2023-06-14T05:31:43+00:00
SAO_3745-10,São Paulo,3550308,True,,33812,,,-23.53933725,-46.5706445,,,,2,2023-06-14T05:31:25+00:00
SAO_5035-10,São Paulo,3550308,True,,34436,,,-23.633640999999997,-46.5938885,,,,2,2023-06-14T05:30:24+00:00
SAO_5035-10,São Paulo,3550308,True,,34436,,,-23.637068499999998,-46.591771,,,,2,2023-06-14T05:31:43+00:00
SAO_546A-31,São Paulo,3550308,True,,33900,,,-23.713665,-46.65656725,,,,2,2023-06-14T05:31:00+00:00
SAO_546A-31,São Paulo,3550308,True,,33900,,,-23.69708775,-46.67308475,,,,2,2023-06-14T05:31:14+00:00
SAO_2008-10,São Paulo,3550308,True,,897,,,-23.513238875000003,-46.39240025000001,,,,1,2023-06-14T05:31:41+00:00
SAO_4005-10,São Paulo,3550308,True,,34947,,,-23.5833245,-46.4079025,,,,2,2023-06-14T05:31:28+00:00
SAO_778J-10,São Paulo,3550308,True,EMTU,508,https://moovitapp.com/index/pt-br/transporte_p%C3%BAblico-line-508-Sao_Paulo-242-2038937-36419530-0,5.65,-23.5849425,-46.761996499999995,,,,1,2023-06-14T05:31:43+00:00
SAO_778J-10,São Paulo,3550308,True,EMTU,508,https://moovitapp.com/index/pt-br/transporte_p%C3%BAblico-line-508-Sao_Paulo-242-2038937-36419530-0,5.65,-23.5725605,-46.704529,,,,1,2023-06-14T05:31:25+00:00
SAO_778J-10,São Paulo,3550308,True,EMTU,508,https://moovitapp.com/index/pt-br/transporte_p%C3%BAblico-line-508-Sao_Paulo-242-2038937-36419530-0,5.65,-23.529377,-46.676681,,,,1,2023-06-14T05:31:32+00:00
SAO_263J-10,São Paulo,3550308,True,EMTU,219,https://moovitapp.com/index/pt-br/transporte_p%C3%BAblico-line-219-Sao_Paulo-242-2038937-36419341-0,8.55,-23.54970875,-46.43107325,,,,1,2023-06-14T05:31:22+00:00
SAO_263J-10,São Paulo,3550308,True,EMTU,219,https://moovitapp.com/index/pt-br/transporte_p%C3%BAblico-line-219-Sao_Paulo-242-2038937-36419341-0,8.55,-23.534185,-46.456308500000006,,,,1,2023-06-14T05:31:04+00:00
SAO_263J-10,São Paulo,3550308,True,EMTU,219,https://moovitapp.com/index/pt-br/transporte_p%C3%BAblico-line-219-Sao_Paulo-242-2038937-36419341-0,8.55,-23.549456,-46.4312205,,,,1,2023-06-14T05:31:29+00:00
SAO_263J-10,São Paulo,3550308,True,EMTU,219,https://moovitapp.com/index/pt-br/transporte_p%C3%BAblico-line-219-Sao_Paulo-242-2038937-36419341-0,8.55,-23.5230025,-46.545165499999996,,,,1,2023-06-14T05:31:40+00:00
SAO_263J-10,São Paulo,3550308,True,EMTU,219,https://moovitapp.com/index/pt-br/transporte_p%C3%BAblico-line-219-Sao_Paulo-242-2038937-36419341-0,8.55,-23.532935000000002,-46.4407205,,,,1,2023-06-14T05:30:52+00:00
SAO_263J-10,São Paulo,3550308,True,EMTU,219,https://moovitapp.com/index/pt-br/transporte_p%C3%BAblico-line-219-Sao_Paulo-242-2038937-36419341-0,8.55,-23.507388624999997,-46.48745075,,,,1,2023-06-14T05:31:25+00:00
SAO_263J-10,São Paulo,3550308,True,EMTU,219,https://moovitapp.com/index/pt-br/transporte_p%C3%BAblico-line-219-Sao_Paulo-242-2038937-36419341-0,8.55,-23.535243,-46.474087499999996,,,,1,2023-06-14T05:26:31+00:00
SAO_1012-10,São Paulo,3550308,True,,35254,,,-23.43743775,-46.801731625,,,,2,2023-06-14T05:31:08+00:00
SAO_1012-10,São Paulo,3550308,True,,35254,,,-23.4350905,-46.7920215,,,,2,2023-06-14T05:31:29+00:00
SAO_3742-10,São Paulo,3550308,True,,33810,,,-23.56210475,-46.4461535,,,,2,2023-06-14T05:31:22+00:00
SAO_3742-10,São Paulo,3550308,True,,33810,,,-23.542613,-46.4721415,,,,2,2023-06-14T05:31:44+00:00
SAO_3742-10,São Paulo,3550308,True,,33810,,,-23.591801500000003,-46.4441925,,,,2,2023-06-14T05:31:17+00:00
SAO_8300-1,São Paulo,3550308,True,,35275,,,-23.5202965,-46.6999955,,,,2,2023-06-14T05:31:19+00:00
SAO_3736-10,São Paulo,3550308,True,,33804,,,-23.5758665,-46.4834185,,,,2,2023-06-14T05:31:31+00:00
SAO_3736-10,São Paulo,3550308,True,,33804,,,-23.5761605,-46.48341425,,,,2,2023-06-14T05:31:20+00:00
SAO_3736-10,São Paulo,3550308,True,,33804,,,-23.575811875000003,-46.481615875,,,,2,2023-06-14T05:31:09+00:00
SAO_3736-10,São Paulo,3550308,True,,33804,,,-23.546227000000002,-46.483521999999994,,,,2,2023-06-14T05:31:47+00:00
SAO_6821-10,São Paulo,3550308,True,BR7 Mobilidade,21,https://moovitapp.com/index/pt-br/transporte_p%C3%BAblico-line-21-Sao_Paulo-242-851856-707765-0,5.75,-23.654274,-46.7625595,,,,1,2023-06-14T05:31:18+00:00
SAO_2717-10,São Paulo,3550308,True,,33698,,,-23.518539500000003,-46.519559,,,,2,2023-06-14T05:31:21+00:00
SAO_2717-10,São Paulo,3550308,True,,33698,,,-23.497959,-46.50716,,,,2,2023-06-14T05:30:54+00:00
SAO_857A-10,São Paulo,3550308,True,,1925,,,-23.580563,-46.6637285,,,,1,2023-06-14T05:31:21+00:00
SAO_857A-10,São Paulo,3550308,True,,1925,,,-23.5992485,-46.7413895,,,,1,2023-06-14T05:31:14+00:00
SAO_817C-10,São Paulo,3550308,True,,34105,,,-23.528004000000003,-46.69788775000001,,,,2,2023-06-14T05:31:19+00:00
SAO_273X-10,São Paulo,3550308,True,EMTU,392,https://moovitapp.com/index/pt-br/transporte_p%C3%BAblico-line-392-Sao_Paulo-242-2038937-36419460-0,5.8,-23.506909,-46.3876055,,,,1,2023-06-14T05:31:47+00:00
SAO_273X-10,São Paulo,3550308,True,EMTU,392,https://moovitapp.com/index/pt-br/transporte_p%C3%BAblico-line-392-Sao_Paulo-242-2038937-36419460-0,5.8,-23.49834025,-46.3763575,,,,1,2023-06-14T05:31:42+00:00
SAO_273X-10,São Paulo,3550308,True,EMTU,392,https://moovitapp.com/index/pt-br/transporte_p%C3%BAblico-line-392-Sao_Paulo-242-2038937-36419460-0,5.8,-23.519623,-46.4759125,,,,1,2023-06-14T05:31:30+00:00
SAO_273X-10,São Paulo,3550308,True,EMTU,392,https://moovitapp.com/index/pt-br/transporte_p%C3%BAblico-line-392-Sao_Paulo-242-2038937-36419460-0,5.8,-23.494543999999998,-46.438418999999996,,,,1,2023-06-14T05:31:46+00:00
SAO_478P-10,São Paulo,3550308,True,EMTU,349,https://moovitapp.com/index/pt-br/transporte_p%C3%BAblico-line-349-Sao_Paulo-242-2038937-36419432-0,5.1,-23.5750675,-46.62483400000001,,,,1,2023-06-14T05:31:29+00:00
SAO_N736-11,São Paulo,3550308,True,,35185,,,-23.6908305,-46.774423999999996,,,,2,2023-06-14T05:31:25+00:00
SAO_407F-10,São Paulo,3550308,True,,34935,,,-23.546442499999998,-46.588213499999995,,,,2,2023-06-14T05:31:09+00:00
SAO_407F-10,São Paulo,3550308,True,,34935,,,-23.608555,-46.477866999999996,,,,2,2023-06-14T05:31:26+00:00
SAO_407F-10,São Paulo,3550308,True,,34935,,,-23.5760345,-46.529959000000005,,,,2,2023-06-14T05:31:47+00:00
SAO_6115-41,São Paulo,3550308,True,,35009,,,-23.736796499999997,-46.696856,,,,2,2023-06-14T05:31:46+00:00
SAO_1036-10,São Paulo,3550308,True,,35221,,,-23.447629,-46.708247,,,,2,2023-06-14T05:31:34+00:00
SAO_1036-10,São Paulo,3550308,True,,35221,,,-23.4673995,-46.713725,,,,2,2023-06-14T05:31:46+00:00
SAO_1036-10,São Paulo,3550308,True,,35221,,,-23.447865999999998,-46.708386,,,,2,2023-06-14T05:31:25+00:00
SAO_1036-10,São Paulo,3550308,True,,35221,,,-23.448940999999998,-46.7130775,,,,2,2023-06-14T05:31:27+00:00
SAO_848L-10,São Paulo,3550308,True,EMTU,808,https://moovitapp.com/index/pt-br/transporte_p%C3%BAblico-line-808-Sao_Paulo-242-2038937-36419584-0,4.8,-23.465767,-46.722112499999994,,,,1,2023-06-14T05:31:41+00:00
SAO_6003-10,São Paulo,3550308,True,,1472,,,-23.754360499999997,-46.712065499999994,,,,1,2023-06-14T05:31:16+00:00
SAO_6003-10,São Paulo,3550308,True,,1472,,,-23.737047,-46.697469,,,,1,2023-06-14T05:31:02+00:00
SAO_6003-10,São Paulo,3550308,True,,1472,,,-23.7377555,-46.6976535,,,,1,2023-06-14T05:31:23+00:00
SAO_719R-10,São Paulo,3550308,True,EMTU,469,https://moovitapp.com/index/pt-br/transporte_p%C3%BAblico-line-469-Sao_Paulo-242-2038937-36419507-0,5.4,-23.552204875,-46.66093425,,,,1,2023-06-14T05:31:16+00:00
SAO_719R-10,São Paulo,3550308,True,EMTU,469,https://moovitapp.com/index/pt-br/transporte_p%C3%BAblico-line-469-Sao_Paulo-242-2038937-36419507-0,5.4,-23.5263675,-46.666242999999994,,,,1,2023-06-14T05:31:25+00:00
SAO_719R-10,São Paulo,3550308,True,EMTU,469,https://moovitapp.com/index/pt-br/transporte_p%C3%BAblico-line-469-Sao_Paulo-242-2038937-36419507-0,5.4,-23.5623195,-46.7647105,,,,1,2023-06-14T05:31:43+00:00
SAO_2007-10,São Paulo,3550308,True,,33664,,,-23.510825,-46.3760255,,,,2,2023-06-14T05:27:31+00:00
SAO_2007-10,São Paulo,3550308,True,,33664,,,-23.496948875,-46.400600749999995,,,,2,2023-06-14T05:31:10+00:00
SAO_2007-10,São Paulo,3550308,True,,33664,,,-23.510008749999997,-46.3703235,,,,2,2023-06-14T05:31:24+00:00
SAO_9789-10,São Paulo,3550308,True,,33597,,,-23.522572250000003,-46.66452174999999,,,,2,2023-06-14T05:31:21+00:00
SAO_9789-10,São Paulo,3550308,True,,33597,,,-23.482808,-46.692036,,,,2,2023-06-14T05:31:35+00:00
SAO_9789-10,São Paulo,3550308,True,,33597,,,-23.4705945,-46.692738000000006,,,,2,2023-06-14T05:31:17+00:00
SAO_7001-10,São Paulo,3550308,True,,34490,,,-23.715726,-46.76919,,,,2,2023-06-14T05:31:39+00:00
SAO_7001-10,São Paulo,3550308,True,,34490,,,-23.684307500000003,-46.770112749999996,,,,2,2023-06-14T05:31:32+00:00
SAO_7001-10,São Paulo,3550308,True,,34490,,,-23.684307500000003,-46.770112749999996,,,,2,2023-06-14T05:31:45+00:00
SAO_7001-10,São Paulo,3550308,True,,34490,,,-23.7243085,-46.754826,,,,2,2023-06-14T05:31:12+00:00
SAO_8006-10,São Paulo,3550308,True,,1256,,,-23.447173250000002,-46.72335525,,,,1,2023-06-14T05:31:39+00:00
SAO_2182-10,São Paulo,3550308,True,,33468,,,-23.544483125,-46.619135625,,,,2,2023-06-14T05:31:47+00:00
SAO_5129-10,São Paulo,3550308,True,,1281,,,-23.670217875,-46.703531625,,,,1,2023-06-14T05:31:33+00:00
SAO_5129-10,São Paulo,3550308,True,,1281,,,-23.680207,-46.636137500000004,,,,1,2023-06-14T05:31:40+00:00
SAO_8000-10,São Paulo,3550308,True,,1273,,,-23.520449499999998,-46.6996115,,,,1,2023-06-14T05:31:27+00:00
SAO_8000-10,São Paulo,3550308,True,,1273,,,-23.547649,-46.641011500000005,,,,1,2023-06-14T05:31:26+00:00
SAO_8073-10,São Paulo,3550308,True,,2081,,,-23.59181125,-46.73579,,,,1,2023-06-14T05:31:32+00:00
SAO_8073-10,São Paulo,3550308,True,,2081,,,-23.598914999999998,-46.7661705,,,,1,2023-06-14T05:31:17+00:00
SAO_3160-10,São Paulo,3550308,True,,32893,,,-23.555388999999998,-46.600162999999995,,,,2,2023-06-14T05:31:44+00:00
SAO_9004-10,São Paulo,3550308,True,,871,,,-23.4567555,-46.6849275,,,,1,2023-06-14T05:31:12+00:00
SAO_5024-31,São Paulo,3550308,True,,1123,,,-23.690504999999998,-46.6484425,,,,1,2023-06-14T05:30:35+00:00
SAO_7245-10,São Paulo,3550308,True,EMTU,363,https://moovitapp.com/index/pt-br/transporte_p%C3%BAblico-line-363-Sao_Paulo-242-2038937-36419444-0,5.1,-23.591584374999996,-46.6809705,,,,1,2023-06-14T05:31:28+00:00
SAO_527R-10,São Paulo,3550308,True,,33039,,,-23.660805,-46.67940575,,,,2,2023-06-14T05:31:27+00:00
SAO_527R-10,São Paulo,3550308,True,,33039,,,-23.6756785,-46.6504555,,,,2,2023-06-14T05:31:05+00:00
SAO_2203-10,São Paulo,3550308,True,,911,,,-23.520712000000003,-46.484475,,,,1,2023-06-14T05:31:38+00:00
SAO_6074-10,São Paulo,3550308,True,,33929,,,-23.7546125,-46.6740805,,,,2,2023-06-14T05:31:28+00:00
SAO_6074-10,São Paulo,3550308,True,,33929,,,-23.7196165,-46.6985965,,,,2,2023-06-14T05:31:44+00:00
SAO_6043-10,São Paulo,3550308,True,,1220,,,-23.6598135,-46.7549975,,,,1,2023-06-14T05:31:07+00:00
SAO_6043-10,São Paulo,3550308,True,,1220,,,-23.6540945,-46.710452000000004,,,,1,2023-06-14T05:31:33+00:00
SAO_819A-10,São Paulo,3550308,True,Rápido Campinas,803,https://moovitapp.com/index/pt-br/transporte_p%C3%BAblico-line-803-Sao_Paulo-242-858660-544941-0,5.3,-23.438405,-46.748092,,,,1,2023-06-14T05:31:36+00:00
SAO_819A-10,São Paulo,3550308,True,Rápido Campinas,803,https://moovitapp.com/index/pt-br/transporte_p%C3%BAblico-line-803-Sao_Paulo-242-858660-544941-0,5.3,-23.436167249999997,-46.72843075,,,,1,2023-06-14T05:31:19+00:00
SAO_819A-10,São Paulo,3550308,True,Rápido Campinas,803,https://moovitapp.com/index/pt-br/transporte_p%C3%BAblico-line-803-Sao_Paulo-242-858660-544941-0,5.3,-23.4583065,-46.690271749999994,,,,1,2023-06-14T05:31:22+00:00
SAO_819A-10,São Paulo,3550308,True,Rápido Campinas,803,https://moovitapp.com/index/pt-br/transporte_p%C3%BAblico-line-803-Sao_Paulo-242-858660-544941-0,5.3,-23.45468325,-46.74114925,,,,1,2023-06-14T05:31:44+00:00
SAO_819A-10,São Paulo,3550308,True,Rápido Campinas,803,https://moovitapp.com/index/pt-br/transporte_p%C3%BAblico-line-803-Sao_Paulo-242-858660-544941-0,5.3,-23.437556999999998,-46.748661999999996,,,,1,2023-06-14T05:31:30+00:00
SAO_7282-10,São Paulo,3550308,True,,471,,,-23.54970225,-46.681945999999996,,,,1,2023-06-14T05:31:32+00:00
SAO_7282-10,São Paulo,3550308,True,,471,,,-23.5584785,-46.746572,,,,1,2023-06-14T05:31:33+00:00
SAO_7282-10,São Paulo,3550308,True,,471,,,-23.5473665,-46.7605345,,,,1,2023-06-14T05:31:25+00:00
SAO_9012-10,São Paulo,3550308,True,,1268,,,-23.492722750000002,-46.6937195,,,,1,2023-06-14T05:31:32+00:00
SAO_978L-10,São Paulo,3550308,True,EMTU,466,https://moovitapp.com/index/pt-br/transporte_p%C3%BAblico-line-466-Sao_Paulo-242-2038937-72712754-0,5.4,-23.53506275,-46.644746999999995,,,,1,2023-06-14T05:31:37+00:00
SAO_978L-10,São Paulo,3550308,True,EMTU,466,https://moovitapp.com/index/pt-br/transporte_p%C3%BAblico-line-466-Sao_Paulo-242-2038937-72712754-0,5.4,-23.520164,-46.66757212500001,,,,1,2023-06-14T05:31:26+00:00
SAO_2733-10,São Paulo,3550308,True,,948,,,-23.5423965,-46.469851,,,,1,2023-06-14T05:31:15+00:00
SAO_2733-10,São Paulo,3550308,True,,948,,,-23.5179325,-46.462062,,,,1,2023-06-14T05:31:34+00:00
SAO_2708-10,São Paulo,3550308,True,,921,,,-23.542467000000002,-46.4712235,,,,1,2023-06-14T05:31:30+00:00
SAO_2708-10,São Paulo,3550308,True,,921,,,-23.533921499999998,-46.399558999999996,,,,1,2023-06-14T05:31:09+00:00
SAO_2708-10,São Paulo,3550308,True,,921,,,-23.534502,-46.453213500000004,,,,1,2023-06-14T05:30:56+00:00
SAO_2708-10,São Paulo,3550308,True,,921,,,-23.533492625,-46.40025325,,,,1,2023-06-14T05:31:46+00:00
SAO_2740-10,São Paulo,3550308,True,,1792,,,-23.4573135,-46.648775,,,,1,2023-06-14T05:31:12+00:00
SAO_2740-10,São Paulo,3550308,True,,1792,,,-23.493053000000003,-46.625555500000004,,,,1,2023-06-14T05:31:20+00:00
SAO_2740-10,São Paulo,3550308,True,,1792,,,-23.455055,-46.6432505,,,,1,2023-06-14T05:31:07+00:00
SAO_9301-10,São Paulo,3550308,True,,33226,,,-23.495852,-46.6619745,,,,2,2023-06-14T05:31:08+00:00
SAO_6258-10,São Paulo,3550308,True,,1232,,,-23.653927,-46.710094,,,,1,2023-06-14T05:31:41+00:00
SAO_3063-10,São Paulo,3550308,True,,33021,,,-23.558238,-46.399558999999996,,,,2,2023-06-14T05:31:26+00:00
SAO_3063-10,São Paulo,3550308,True,,33021,,,-23.5947165,-46.442795000000004,,,,2,2023-06-14T05:31:32+00:00
SAO_3063-10,São Paulo,3550308,True,,33021,,,-23.558238,-46.399558999999996,,,,2,2023-06-14T05:31:42+00:00
SAO_3063-10,São Paulo,3550308,True,,33021,,,-23.556375000000003,-46.411114,,,,2,2023-06-14T05:31:04+00:00
SAO_3063-10,São Paulo,3550308,True,,33021,,,-23.5541475,-46.402835499999995,,,,2,2023-06-14T05:31:36+00:00
SAO_4019-10,São Paulo,3550308,True,,2524,,,-23.549081125,-46.474309125000005,,,,1,2023-06-14T05:31:13+00:00
SAO_2023-10,São Paulo,3550308,True,,35028,,,-23.440773,-46.592898500000004,,,,2,2023-06-14T05:31:02+00:00
SAO_695T-10,São Paulo,3550308,True,,34090,,,-23.654660999999997,-46.7609705,,,,2,2023-06-14T05:31:07+00:00
SAO_695T-10,São Paulo,3550308,True,,34090,,,-23.597957,-46.648168,,,,2,2023-06-14T05:31:10+00:00
SAO_695T-10,São Paulo,3550308,True,,34090,,,-23.64531,-46.7130375,,,,2,2023-06-14T05:31:21+00:00
SAO_1741-10,São Paulo,3550308,True,,539,,,-23.484766,-46.646427,,,,1,2023-06-14T05:31:41+00:00
SAO_1741-10,São Paulo,3550308,True,,539,,,-23.503125,-46.6245765,,,,1,2023-06-14T05:31:36+00:00
SAO_N503-11,São Paulo,3550308,True,,35145,,,-23.5533335,-46.6255135,,,,2,2023-06-14T05:31:36+00:00
SAO_N503-11,São Paulo,3550308,True,,35145,,,-23.6117525,-46.483436999999995,,,,2,2023-06-14T05:31:35+00:00
SAO_6006-10,São Paulo,3550308,True,EMTU,175,https://moovitapp.com/index/pt-br/transporte_p%C3%BAblico-line-175-Sao_Paulo-242-2038937-36419312-0,6.25,-23.679902499999997,-46.753609000000004,,,,1,2023-06-14T05:28:54+00:00
SAO_6006-10,São Paulo,3550308,True,EMTU,175,https://moovitapp.com/index/pt-br/transporte_p%C3%BAblico-line-175-Sao_Paulo-242-2038937-36419312-0,6.25,-23.667765000000003,-46.680365,,,,1,2023-06-14T05:31:27+00:00
SAO_6006-10,São Paulo,3550308,True,EMTU,175,https://moovitapp.com/index/pt-br/transporte_p%C3%BAblico-line-175-Sao_Paulo-242-2038937-36419312-0,6.25,-23.6922335,-46.757836499999996,,,,1,2023-06-14T05:31:26+00:00
SAO_3033-10,São Paulo,3550308,True,,968,,,-23.5427145,-46.4149935,,,,1,2023-06-14T05:28:25+00:00
SAO_3033-10,São Paulo,3550308,True,,968,,,-23.596217,-46.454994875,,,,1,2023-06-14T05:31:18+00:00
SAO_695Y-10,São Paulo,3550308,True,,33966,,,-23.8279045,-46.727655,,,,2,2023-06-14T05:31:33+00:00
SAO_695Y-10,São Paulo,3550308,True,,33966,,,-23.773401749999998,-46.720679,,,,2,2023-06-14T05:31:07+00:00
SAO_695Y-10,São Paulo,3550308,True,,33966,,,-23.713037999999997,-46.698539999999994,,,,2,2023-06-14T05:31:00+00:00
SAO_695Y-10,São Paulo,3550308,True,,33966,,,-23.827983,-46.727349000000004,,,,2,2023-06-14T05:31:27+00:00
SAO_695Y-10,São Paulo,3550308,True,,33966,,,-23.727758,-46.69934625,,,,2,2023-06-14T05:31:43+00:00
SAO_695Y-10,São Paulo,3550308,True,,33966,,,-23.62020275,-46.67793424999999,,,,2,2023-06-14T05:31:31+00:00
SAO_695Y-10,São Paulo,3550308,True,,33966,,,-23.598325,-46.63674425,,,,2,2023-06-14T05:31:29+00:00
SAO_8548-10,São Paulo,3550308,True,,33346,,,-23.507077375,-46.689163875000006,,,,2,2023-06-14T05:31:18+00:00
SAO_8548-10,São Paulo,3550308,True,,33346,,,-23.4493245,-46.70102,,,,2,2023-06-14T05:31:34+00:00
SAO_5614-10,São Paulo,3550308,True,,1515,,,-23.693857,-46.677666,,,,1,2023-06-14T05:31:31+00:00
SAO_5614-10,São Paulo,3550308,True,,1515,,,-23.639591499999998,-46.673327,,,,1,2023-06-14T05:31:14+00:00
SAO_2202-10,São Paulo,3550308,True,,33678,,,-23.5261105,-46.3979645,,,,2,2023-06-14T05:31:12+00:00
SAO_2202-10,São Paulo,3550308,True,,33678,,,-23.48792525,-46.382452,,,,2,2023-06-14T05:30:16+00:00
SAO_2202-10,São Paulo,3550308,True,,33678,,,-23.51521375,-46.4028285,,,,2,2023-06-14T05:30:54+00:00
SAO_2202-10,São Paulo,3550308,True,,33678,,,-23.4940625,-46.3898925,,,,2,2023-06-14T05:31:28+00:00
SAO_2202-10,São Paulo,3550308,True,,33678,,,-23.534992,-46.401114500000006,,,,2,2023-06-14T05:31:47+00:00
SAO_3725-10,São Paulo,3550308,True,,33790,,,-23.5440585,-46.518887,,,,2,2023-06-14T05:31:18+00:00
SAO_3725-10,São Paulo,3550308,True,,33790,,,-23.533086,-46.530659,,,,2,2023-06-14T05:31:06+00:00
SAO_6258-10,São Paulo,3550308,True,,34000,,,-23.676066499999997,-46.73429175,,,,2,2023-06-14T05:31:28+00:00
SAO_6258-10,São Paulo,3550308,True,,34000,,,-23.691446499999998,-46.7465235,,,,2,2023-06-14T05:31:19+00:00
SAO_6258-10,São Paulo,3550308,True,,34000,,,-23.691460499999998,-46.746868500000005,,,,2,2023-06-14T05:31:15+00:00
SAO_1764-10,São Paulo,3550308,True,,33393,,,-23.47934975,-46.62164125,,,,2,2023-06-14T05:30:17+00:00
SAO_1764-10,São Paulo,3550308,True,,33393,,,-23.428493500000002,-46.582912,,,,2,2023-06-14T05:30:12+00:00
SAO_1764-10,São Paulo,3550308,True,,33393,,,-23.446809000000002,-46.5898955,,,,2,2023-06-14T05:31:02+00:00
SAO_2030-10,São Paulo,3550308,True,,2264,,,-23.47261175,-46.641650999999996,,,,1,2023-06-14T05:31:03+00:00
SAO_208M-10,São Paulo,3550308,True,,35246,,,-23.5676875,-46.6986795,,,,2,2023-06-14T05:31:45+00:00
SAO_208M-10,São Paulo,3550308,True,,35246,,,-23.5291395,-46.660743499999995,,,,2,2023-06-14T05:31:42+00:00
SAO_208M-10,São Paulo,3550308,True,,35246,,,-23.503069,-46.6246315,,,,2,2023-06-14T05:31:11+00:00
SAO_1743-10,São Paulo,3550308,True,EMTU,543,https://moovitapp.com/index/pt-br/transporte_p%C3%BAblico-line-543-Sao_Paulo-242-2038937-36419552-0,5.15,-23.46075625,-46.66565825,,,,1,2023-06-14T05:31:28+00:00
SAO_1743-10,São Paulo,3550308,True,EMTU,543,https://moovitapp.com/index/pt-br/transporte_p%C3%BAblico-line-543-Sao_Paulo-242-2038937-36419552-0,5.15,-23.512515,-46.6251575,,,,1,2023-06-14T05:31:36+00:00
SAO_5757-10,São Paulo,3550308,True,,1288,,,-23.6824265,-46.636086,,,,1,2023-06-14T05:31:23+00:00
SAO_5757-10,São Paulo,3550308,True,,1288,,,-23.6488115,-46.641737500000005,,,,1,2023-06-14T05:31:47+00:00
SAO_695H-10,São Paulo,3550308,True,,1196,,,-23.722034,-46.697830499999995,,,,1,2023-06-14T05:31:38+00:00
SAO_546L-10,São Paulo,3550308,True,,1285,,,-23.671984000000002,-46.677689,,,,1,2023-06-14T05:31:40+00:00
SAO_3046-10,São Paulo,3550308,True,,971,,,-23.541215,-46.5774215,,,,1,2023-06-14T05:31:31+00:00
SAO_3046-10,São Paulo,3550308,True,,971,,,-23.580204000000002,-46.5255565,,,,1,2023-06-14T05:31:25+00:00
SAO_3046-10,São Paulo,3550308,True,,971,,,-23.582313625,-46.5372675,,,,1,2023-06-14T05:31:44+00:00
SAO_3046-10,São Paulo,3550308,True,,971,,,-23.569699999999997,-46.5672575,,,,1,2023-06-14T05:31:08+00:00
SAO_3735-41,São Paulo,3550308,True,,1920,,,-23.5497695,-46.4928965,,,,1,2023-06-14T05:31:25+00:00
SAO_3728-10,São Paulo,3550308,True,,33793,,,-23.550708,-46.4887265,,,,2,2023-06-14T05:31:37+00:00
SAO_3728-10,São Paulo,3550308,True,,33793,,,-23.542244,-46.483686,,,,2,2023-06-14T05:31:43+00:00
SAO_3728-10,São Paulo,3550308,True,,33793,,,-23.570445,-46.490663,,,,2,2023-06-14T05:31:45+00:00
SAO_N331-11,São Paulo,3550308,True,,35111,,,-23.4950075,-46.410849999999996,,,,2,2023-06-14T05:31:26+00:00
SAO_407J-10,São Paulo,3550308,True,,34966,,,-23.554236,-46.4023265,,,,2,2023-06-14T05:30:57+00:00
SAO_407J-10,São Paulo,3550308,True,,34966,,,-23.55016825,-46.533999,,,,2,2023-06-14T05:31:17+00:00
SAO_407J-10,São Paulo,3550308,True,,34966,,,-23.581359499999998,-46.498451,,,,2,2023-06-14T05:31:28+00:00
SAO_407J-10,São Paulo,3550308,True,,34966,,,-23.580977,-46.499053,,,,2,2023-06-14T05:31:44+00:00
SAO_407J-10,São Paulo,3550308,True,,34966,,,-23.5412835,-46.576983,,,,2,2023-06-14T05:31:40+00:00
SAO_971D-10,São Paulo,3550308,True,,709,,,-23.4831135,-46.633771499999995,,,,1,2023-06-14T05:31:27+00:00
SAO_971D-10,São Paulo,3550308,True,,709,,,-23.461734,-46.684047,,,,1,2023-06-14T05:31:41+00:00
SAO_971D-10,São Paulo,3550308,True,,709,,,-23.4503535,-46.699721,,,,1,2023-06-14T05:31:09+00:00
SAO_971D-10,São Paulo,3550308,True,,709,,,-23.511491,-46.625126,,,,1,2023-06-14T05:31:20+00:00
SAO_5020-10,São Paulo,3550308,True,,34438,,,-23.6102245,-46.59347325,,,,2,2023-06-14T05:31:07+00:00
SAO_N738-11,São Paulo,3550308,True,,35187,,,-23.6687515,-46.735510000000005,,,,2,2023-06-14T05:31:22+00:00
SAO_958P-10,São Paulo,3550308,True,,465,,,-23.5943915,-46.680428,,,,1,2023-06-14T05:31:37+00:00
SAO_N336-11,São Paulo,3550308,True,,35116,,,-23.491775,-46.434236999999996,,,,2,2023-06-14T05:31:30+00:00
SAO_938C-10,São Paulo,3550308,True,,586,,,-23.5249795,-46.689600625,,,,1,2023-06-14T05:31:19+00:00
SAO_938C-10,São Paulo,3550308,True,,586,,,-23.486174,-46.721794,,,,1,2023-06-14T05:31:31+00:00
SAO_5759-10,São Paulo,3550308,True,,33906,,,-23.64150825,-46.6440095,,,,2,2023-06-14T05:31:10+00:00
SAO_5759-10,São Paulo,3550308,True,,33906,,,-23.6742275,-46.663416999999995,,,,2,2023-06-14T05:31:29+00:00
SAO_5759-10,São Paulo,3550308,True,,33906,,,-23.6947445,-46.64808025,,,,2,2023-06-14T05:31:12+00:00
SAO_1721-10,São Paulo,3550308,True,,33434,,,-23.50805625,-46.59979325,,,,2,2023-06-14T05:31:24+00:00
SAO_1721-10,São Paulo,3550308,True,,33434,,,-23.4897535,-46.570575500000004,,,,2,2023-06-14T05:29:55+00:00
SAO_5022-10,São Paulo,3550308,True,,33888,,,-23.66527225,-46.646952,,,,2,2023-06-14T05:31:34+00:00
SAO_5022-10,São Paulo,3550308,True,,33888,,,-23.672228,-46.638205,,,,2,2023-06-14T05:31:28+00:00
SAO_5022-10,São Paulo,3550308,True,,33888,,,-23.6472215,-46.64103,,,,2,2023-06-14T05:31:22+00:00
SAO_4003-10,São Paulo,3550308,True,,2159,,,-23.532261249999998,-46.44741775,,,,1,2023-06-14T05:31:12+00:00
SAO_3390-10,São Paulo,3550308,True,,33506,,,-23.612805,-46.479608999999996,,,,2,2023-06-14T05:31:16+00:00
SAO_3390-10,São Paulo,3550308,True,,33506,,,-23.6126435,-46.4882995,,,,2,2023-06-14T05:31:21+00:00
SAO_3390-10,São Paulo,3550308,True,,33506,,,-23.561685,-46.627884,,,,2,2023-06-14T05:31:35+00:00
SAO_3390-10,São Paulo,3550308,True,,33506,,,-23.581067375,-46.591447,,,,2,2023-06-14T05:31:22+00:00
SAO_2201-10,São Paulo,3550308,True,,33677,,,-23.532773499999998,-46.394621,,,,2,2023-06-14T05:31:32+00:00
SAO_2201-10,São Paulo,3550308,True,,33677,,,-23.533054999999997,-46.39453999999999,,,,2,2023-06-14T05:30:50+00:00
SAO_978A-10,São Paulo,3550308,True,,1369,,,-23.483652,-46.679422,,,,1,2023-06-14T05:31:44+00:00
SAO_978A-10,São Paulo,3550308,True,,1369,,,-23.525046875,-46.667098374999995,,,,1,2023-06-14T05:31:30+00:00
SAO_N733-11,São Paulo,3550308,True,,35182,,,-23.69138175,-46.77535775,,,,2,2023-06-14T05:31:39+00:00
SAO_675G-22,São Paulo,3550308,True,,34217,,,-23.75637075,-46.6682945,,,,2,2023-06-14T05:31:27+00:00
SAO_2009-10,São Paulo,3550308,True,,33666,,,-23.541789,-46.4160215,,,,2,2023-06-14T05:31:09+00:00
SAO_2009-10,São Paulo,3550308,True,,33666,,,-23.542082999999998,-46.41141950000001,,,,2,2023-06-14T05:29:28+00:00
SAO_2004-10,São Paulo,3550308,True,,33660,,,-23.51998075,-46.384243,,,,2,2023-06-14T05:28:58+00:00
SAO_2004-10,São Paulo,3550308,True,,33660,,,-23.5241945,-46.388077499999994,,,,2,2023-06-14T05:31:43+00:00
SAO_2004-10,São Paulo,3550308,True,,33660,,,-23.5418345,-46.4158545,,,,2,2023-06-14T05:31:34+00:00
SAO_8019-31,São Paulo,3550308,True,,2574,,,-23.59203575,-46.735672,,,,1,2023-06-14T05:31:33+00:00
SAO_8019-31,São Paulo,3550308,True,,2574,,,-23.539541875,-46.75765787500001,,,,1,2023-06-14T05:31:45+00:00
SAO_6835-10,São Paulo,3550308,True,BR7 Mobilidade,12,https://moovitapp.com/index/pt-br/transporte_p%C3%BAblico-line-12-Sao_Paulo-242-851856-542340-0,5.75,-23.683338499999998,-46.789263000000005,,,,1,2023-06-14T05:31:12+00:00
SAO_5702-10,São Paulo,3550308,True,,1137,,,-23.6892415,-46.6358475,,,,1,2023-06-14T05:31:26+00:00
SAO_1720-21,São Paulo,3550308,True,,34705,,,-23.480515125,-46.586259625,,,,2,2023-06-14T05:31:20+00:00
SAO_4315-10,São Paulo,3550308,True,,2175,,,-23.5428375,-46.587731000000005,,,,1,2023-06-14T05:31:14+00:00
SAO_5391-10,São Paulo,3550308,True,EMTU,171,https://moovitapp.com/index/pt-br/transporte_p%C3%BAblico-line-171-Sao_Paulo-242-2038937-36419310-0,4.8,-23.6862755,-46.770596999999995,,,,1,2023-06-14T05:27:10+00:00
SAO_5391-10,São Paulo,3550308,True,EMTU,171,https://moovitapp.com/index/pt-br/transporte_p%C3%BAblico-line-171-Sao_Paulo-242-2038937-36419310-0,4.8,-23.680369499999998,-46.7650515,,,,1,2023-06-14T05:31:24+00:00
SAO_5391-10,São Paulo,3550308,True,EMTU,171,https://moovitapp.com/index/pt-br/transporte_p%C3%BAblico-line-171-Sao_Paulo-242-2038937-36419310-0,4.8,-23.669815749999998,-46.73685449999999,,,,1,2023-06-14T05:31:06+00:00
SAO_5391-10,São Paulo,3550308,True,EMTU,171,https://moovitapp.com/index/pt-br/transporte_p%C3%BAblico-line-171-Sao_Paulo-242-2038937-36419310-0,4.8,-23.630059375000002,-46.68707825,,,,1,2023-06-14T05:31:30+00:00
SAO_675L-10,São Paulo,3550308,True,,1478,,,-23.651206124999998,-46.704931125,,,,1,2023-06-14T05:31:41+00:00
SAO_675L-10,São Paulo,3550308,True,,1478,,,-23.653993,-46.710736499999996,,,,1,2023-06-14T05:31:30+00:00
SAO_675L-10,São Paulo,3550308,True,,1478,,,-23.596571250000004,-46.649004875,,,,1,2023-06-14T05:31:35+00:00
SAO_2004-10,São Paulo,3550308,True,,892,,,-23.519267,-46.386627250000004,,,,1,2023-06-14T05:31:08+00:00
SAO_2004-10,São Paulo,3550308,True,,892,,,-23.5260345,-46.3903465,,,,1,2023-06-14T05:31:05+00:00
SAO_1771-10,São Paulo,3550308,True,,33402,,,-23.495719875,-46.622153875,,,,2,2023-06-14T05:31:13+00:00
SAO_1771-10,São Paulo,3550308,True,,33402,,,-23.4790025,-46.60396525,,,,2,2023-06-14T05:31:30+00:00
SAO_1771-10,São Paulo,3550308,True,,33402,,,-23.4308,-46.5751545,,,,2,2023-06-14T05:31:42+00:00
SAO_1771-10,São Paulo,3550308,True,,33402,,,-23.4326865,-46.5783985,,,,2,2023-06-14T05:31:11+00:00
SAO_373M-10,São Paulo,3550308,True,,33049,,,-23.545111249999998,-46.589477875,,,,2,2023-06-14T05:31:39+00:00
SAO_4012-10,São Paulo,3550308,True,,34953,,,-23.613228499999998,-46.476530999999994,,,,2,2023-06-14T05:31:30+00:00
SAO_4012-10,São Paulo,3550308,True,,34953,,,-23.605283999999997,-46.442593,,,,2,2023-06-14T05:31:15+00:00
SAO_1773-10,São Paulo,3550308,True,,637,,,-23.46842175,-46.60826575,,,,1,2023-06-14T05:31:43+00:00
SAO_1773-10,São Paulo,3550308,True,,637,,,-23.4826065,-46.6307425,,,,1,2023-06-14T05:31:28+00:00
SAO_736I-10,São Paulo,3550308,True,,33549,,,-23.647837250000002,-46.710092,,,,2,2023-06-14T05:31:18+00:00
SAO_736I-10,São Paulo,3550308,True,,33549,,,-23.63938175,-46.749374,,,,2,2023-06-14T05:31:15+00:00
SAO_2766-10,São Paulo,3550308,True,EMTU,405,https://moovitapp.com/index/pt-br/transporte_p%C3%BAblico-line-405-Sao_Paulo-242-2038937-36419467-0,5.35,-23.507417,-46.4431985,,,,1,2023-06-14T05:31:23+00:00
SAO_2766-10,São Paulo,3550308,True,EMTU,405,https://moovitapp.com/index/pt-br/transporte_p%C3%BAblico-line-405-Sao_Paulo-242-2038937-36419467-0,5.35,-23.494825,-46.406887,,,,1,2023-06-14T05:31:25+00:00
SAO_2766-10,São Paulo,3550308,True,EMTU,405,https://moovitapp.com/index/pt-br/transporte_p%C3%BAblico-line-405-Sao_Paulo-242-2038937-36419467-0,5.35,-23.5205845,-46.390026500000005,,,,1,2023-06-14T05:31:38+00:00
SAO_6960-10,São Paulo,3550308,True,,34211,,,-23.730846375,-46.698150749999996,,,,2,2023-06-14T05:31:21+00:00
SAO_9011-10,São Paulo,3550308,True,,33646,,,-23.47494,-46.67014399999999,,,,2,2023-06-14T05:31:39+00:00
SAO_9011-10,São Paulo,3550308,True,,33646,,,-23.434585,-46.7359005,,,,2,2023-06-14T05:31:42+00:00
SAO_9011-10,São Paulo,3550308,True,,33646,,,-23.4413925,-46.7078645,,,,2,2023-06-14T05:31:33+00:00
SAO_9011-10,São Paulo,3550308,True,,33646,,,-23.454522500000003,-46.737875,,,,2,2023-06-14T05:31:04+00:00
SAO_274P-10,São Paulo,3550308,True,Grupo Vida,232,https://moovitapp.com/index/pt-br/transporte_p%C3%BAblico-line-232-Sao_Paulo-242-887112-748347-0,5.3,-23.555226,-46.627632000000006,,,,1,2023-06-14T05:31:21+00:00
SAO_4035-10,São Paulo,3550308,True,,35328,,,-23.558356,-46.3995355,,,,2,2023-06-14T05:31:12+00:00
SAO_4035-10,São Paulo,3550308,True,,35328,,,-23.5598985,-46.435769,,,,2,2023-06-14T05:31:35+00:00
SAO_4035-10,São Paulo,3550308,True,,35328,,,-23.544784,-46.4105195,,,,2,2023-06-14T05:31:31+00:00
SAO_2712-10,São Paulo,3550308,True,,33694,,,-23.527357000000002,-46.479188,,,,2,2023-06-14T05:31:09+00:00
SAO_2712-10,São Paulo,3550308,True,,33694,,,-23.5268035,-46.478916999999996,,,,2,2023-06-14T05:31:32+00:00
SAO_6338-10,São Paulo,3550308,True,,1293,,,-23.641147500000002,-46.6437115,,,,1,2023-06-14T05:31:18+00:00
SAO_714C-10,São Paulo,3550308,True,,33255,,,-23.600459999999998,-46.784138999999996,,,,2,2023-06-14T05:31:29+00:00
SAO_8014-10,São Paulo,3550308,True,,33569,,,-23.4492045,-46.7881325,,,,2,2023-06-14T05:31:37+00:00
SAO_8014-10,São Paulo,3550308,True,,33569,,,-23.4044015,-46.7525905,,,,2,2023-06-14T05:31:24+00:00
SAO_N637-11,São Paulo,3550308,True,,2402,,,-23.6470815,-46.639527,,,,1,2023-06-14T05:31:29+00:00
SAO_3141-10,São Paulo,3550308,True,,33502,,,-23.54665675,-46.5893605,,,,2,2023-06-14T05:31:03+00:00
SAO_3141-10,São Paulo,3550308,True,,33502,,,-23.580135499999997,-46.5396095,,,,2,2023-06-14T05:31:26+00:00
SAO_3141-10,São Paulo,3550308,True,,33502,,,-23.6124435,-46.504377500000004,,,,2,2023-06-14T05:31:39+00:00
SAO_1018-10,São Paulo,3550308,True,,33600,,,-23.477621749999997,-46.610039,,,,2,2023-06-14T05:31:43+00:00
SAO_3024-10,São Paulo,3550308,True,EMTU,277,https://moovitapp.com/index/pt-br/transporte_p%C3%BAblico-line-277-Sao_Paulo-242-2038937-36419380-0,8.15,-23.609657499999997,-46.52914749999999,,,,1,2023-06-14T05:31:45+00:00
SAO_1778-10,São Paulo,3550308,True,,1789,,,-23.4806915,-46.6113555,,,,1,2023-06-14T05:30:33+00:00
SAO_271F-10,São Paulo,3550308,True,,683,,,-23.5123405,-46.6111245,,,,1,2023-06-14T05:31:25+00:00
SAO_507T-10,São Paulo,3550308,True,,34976,,,-23.5419685,-46.549824,,,,2,2023-06-14T05:31:38+00:00
SAO_507T-10,São Paulo,3550308,True,,34976,,,-23.5823635,-46.5188615,,,,2,2023-06-14T05:31:45+00:00
SAO_507T-10,São Paulo,3550308,True,,34976,,,-23.610244125,-46.50135375000001,,,,2,2023-06-14T05:31:40+00:00
SAO_9047-10,São Paulo,3550308,True,,33651,,,-23.461382750000002,-46.705947124999994,,,,2,2023-06-14T05:31:41+00:00
SAO_9047-10,São Paulo,3550308,True,,33651,,,-23.461111,-46.7129705,,,,2,2023-06-14T05:31:25+00:00
SAO_9047-10,São Paulo,3550308,True,,33651,,,-23.49344925,-46.696834249999995,,,,2,2023-06-14T05:29:55+00:00
SAO_2724-10,São Paulo,3550308,True,,33706,,,-23.5224605,-46.4677965,,,,2,2023-06-14T05:31:41+00:00
SAO_2724-10,São Paulo,3550308,True,,33706,,,-23.528417625,-46.47430275000001,,,,2,2023-06-14T05:30:54+00:00
SAO_2724-10,São Paulo,3550308,True,,33706,,,-23.539782000000002,-46.482977500000004,,,,2,2023-06-14T05:31:41+00:00
SAO_2012-10,São Paulo,3550308,True,,35049,,,-23.4884535,-46.582411,,,,2,2023-06-14T05:31:10+00:00
SAO_2012-10,São Paulo,3550308,True,,35049,,,-23.488902500000002,-46.5819175,,,,2,2023-06-14T05:31:08+00:00
SAO_2012-10,São Paulo,3550308,True,,35049,,,-23.5103665,-46.615824625,,,,2,2023-06-14T05:31:12+00:00
SAO_3732-10,São Paulo,3550308,True,,33797,,,-23.5544125,-46.43836225,,,,2,2023-06-14T05:31:32+00:00
SAO_3732-10,São Paulo,3550308,True,,33797,,,-23.542908,-46.466794,,,,2,2023-06-14T05:31:20+00:00
SAO_8003-10,São Paulo,3550308,True,,1253,,,-23.513059,-46.7562985,,,,1,2023-06-14T05:31:27+00:00
SAO_8003-10,São Paulo,3550308,True,,1253,,,-23.5196005,-46.700601,,,,1,2023-06-14T05:31:36+00:00
SAO_574C-10,São Paulo,3550308,True,,34407,,,-23.59001475,-46.544565750000004,,,,2,2023-06-14T05:30:06+00:00
SAO_5757-10,São Paulo,3550308,True,,34056,,,-23.6932255,-46.640126,,,,2,2023-06-14T05:27:38+00:00
SAO_5757-10,São Paulo,3550308,True,,34056,,,-23.635986000000003,-46.640302,,,,2,2023-06-14T05:31:22+00:00
SAO_5757-10,São Paulo,3550308,True,,34056,,,-23.67138,-46.646340499999994,,,,2,2023-06-14T05:31:18+00:00
SAO_8215-10,São Paulo,3550308,True,,574,,,-23.5071325,-46.6670345,,,,1,2023-06-14T05:31:12+00:00
SAO_8215-10,São Paulo,3550308,True,,574,,,-23.461478,-46.7084365,,,,1,2023-06-14T05:31:30+00:00
SAO_8215-10,São Paulo,3550308,True,,574,,,-23.53948475,-46.646238249999996,,,,1,2023-06-14T05:31:42+00:00
SAO_8215-10,São Paulo,3550308,True,,574,,,-23.46538975,-46.69978175,,,,1,2023-06-14T05:31:30+00:00
SAO_3728-10,São Paulo,3550308,True,,1025,,,-23.540392,-46.485367499999995,,,,1,2023-06-14T05:31:42+00:00
SAO_3728-10,São Paulo,3550308,True,,1025,,,-23.573595,-46.490476,,,,1,2023-06-14T05:28:13+00:00
SAO_3728-10,São Paulo,3550308,True,,1025,,,-23.573595,-46.490476,,,,1,2023-06-14T05:31:09+00:00
SAO_7021-10,São Paulo,3550308,True,,34757,,,-23.671203,-46.768555000000006,,,,2,2023-06-14T05:31:21+00:00
SAO_7021-10,São Paulo,3550308,True,,34757,,,-23.643644000000002,-46.734159500000004,,,,2,2023-06-14T05:30:10+00:00
SAO_172N-10,São Paulo,3550308,True,,664,,,-23.5420145,-46.589681,,,,1,2023-06-14T05:31:18+00:00
SAO_172N-10,São Paulo,3550308,True,,664,,,-23.5379493125,-46.602249,,,,1,2023-06-14T05:31:33+00:00
SAO_8528-10,São Paulo,3550308,True,,575,,,-23.5045035,-46.6936825,,,,1,2023-06-14T05:31:10+00:00
SAO_8528-10,São Paulo,3550308,True,,575,,,-23.53875625,-46.64681725,,,,1,2023-06-14T05:31:36+00:00
SAO_N602-11,São Paulo,3550308,True,,2393,,,-23.737344,-46.697708500000005,,,,1,2023-06-14T05:31:32+00:00
SAO_2006-10,São Paulo,3550308,True,,33663,,,-23.49981,-46.369885,,,,2,2023-06-14T05:30:48+00:00
SAO_N337-11,São Paulo,3550308,True,,35117,,,-23.491765,-46.4345455,,,,2,2023-06-14T05:31:28+00:00
SAO_2025-10,São Paulo,3550308,True,,2267,,,-23.501134,-46.615305500000005,,,,1,2023-06-14T05:30:37+00:00
SAO_2025-10,São Paulo,3550308,True,,2267,,,-23.4507355,-46.57235675,,,,1,2023-06-14T05:30:55+00:00
SAO_2104-10,São Paulo,3550308,True,,2255,,,-23.502102999999998,-46.624000499999994,,,,1,2023-06-14T05:31:36+00:00
SAO_546L-10,São Paulo,3550308,True,,34053,,,-23.656375875000002,-46.7074965,,,,2,2023-06-14T05:31:45+00:00
SAO_546L-10,São Paulo,3550308,True,,34053,,,-23.681927,-46.638729,,,,2,2023-06-14T05:29:53+00:00
SAO_546L-10,São Paulo,3550308,True,,34053,,,-23.682921999999998,-46.651296,,,,2,2023-06-14T05:29:16+00:00
SAO_546L-10,São Paulo,3550308,True,,34053,,,-23.678932250000003,-46.68546274999999,,,,2,2023-06-14T05:31:44+00:00
SAO_546L-10,São Paulo,3550308,True,,34053,,,-23.689011999999998,-46.6349485,,,,2,2023-06-14T05:31:07+00:00
SAO_5290-10,São Paulo,3550308,True,,33365,,,-23.651669374999997,-46.638441375,,,,2,2023-06-14T05:31:44+00:00
SAO_5290-10,São Paulo,3550308,True,,33365,,,-23.557462,-46.6366825,,,,2,2023-06-14T05:31:38+00:00
SAO_5290-10,São Paulo,3550308,True,,33365,,,-23.61246775,-46.63803075,,,,2,2023-06-14T05:31:36+00:00
SAO_4008-10,São Paulo,3550308,True,,2182,,,-23.5580635,-46.522337500000006,,,,1,2023-06-14T05:31:20+00:00
SAO_4008-10,São Paulo,3550308,True,,2182,,,-23.567839749999997,-46.4724855,,,,1,2023-06-14T05:31:46+00:00
SAO_9019-10,São Paulo,3550308,True,,34201,,,-23.482115999999998,-46.718284,,,,2,2023-06-14T05:31:43+00:00
SAO_9019-10,São Paulo,3550308,True,,34201,,,-23.45509475,-46.7101755,,,,2,2023-06-14T05:31:43+00:00
SAO_509J-10,São Paulo,3550308,True,,33032,,,-23.673432,-46.6652705,,,,2,2023-06-14T05:31:04+00:00
SAO_509J-10,São Paulo,3550308,True,,33032,,,-23.6315625,-46.669128,,,,2,2023-06-14T05:31:27+00:00
SAO_509J-10,São Paulo,3550308,True,,33032,,,-23.580849999999998,-46.656758999999994,,,,2,2023-06-14T05:31:01+00:00
SAO_408A-10,São Paulo,3550308,True,,33534,,,-23.543692999999998,-46.672401,,,,2,2023-06-14T05:31:04+00:00
SAO_408A-10,São Paulo,3550308,True,,33534,,,-23.5736355,-46.6312145,,,,2,2023-06-14T05:31:20+00:00
SAO_408A-10,São Paulo,3550308,True,,33534,,,-23.545476999999998,-46.6453635,,,,2,2023-06-14T05:31:42+00:00
SAO_4114-10,São Paulo,3550308,True,EMTU,321,https://moovitapp.com/index/pt-br/transporte_p%C3%BAblico-line-321-Sao_Paulo-242-2038937-36419411-0,5.4,-23.5584025,-46.636120500000004,,,,1,2023-06-14T05:31:06+00:00
SAO_4114-10,São Paulo,3550308,True,EMTU,321,https://moovitapp.com/index/pt-br/transporte_p%C3%BAblico-line-321-Sao_Paulo-242-2038937-36419411-0,5.4,-23.6112175,-46.62105975,,,,1,2023-06-14T05:31:44+00:00
SAO_407G-10,São Paulo,3550308,True,,34964,,,-23.538373,-46.5628095,,,,2,2023-06-14T05:30:27+00:00
SAO_407G-10,São Paulo,3550308,True,,34964,,,-23.609581499999997,-46.434909,,,,2,2023-06-14T05:31:21+00:00
SAO_407G-10,São Paulo,3550308,True,,34964,,,-23.594932500000002,-46.487908999999995,,,,2,2023-06-14T05:31:04+00:00
SAO_407G-10,São Paulo,3550308,True,,34964,,,-23.622237,-46.462159,,,,2,2023-06-14T05:31:04+00:00
SAO_407G-10,São Paulo,3550308,True,,34964,,,-23.621319,-46.462046,,,,2,2023-06-14T05:31:24+00:00
SAO_6003-21,São Paulo,3550308,True,,35344,,,-23.767832,-46.7165455,,,,2,2023-06-14T05:31:19+00:00
SAO_3725-10,São Paulo,3550308,True,,1022,,,-23.54286625,-46.521994375000006,,,,1,2023-06-14T05:31:46+00:00
SAO_6013-21,São Paulo,3550308,True,,32955,,,-23.6900295,-46.773885,,,,2,2023-06-14T05:31:36+00:00
SAO_5290-10,São Paulo,3550308,True,,597,,,-23.649404,-46.6404125,,,,1,2023-06-14T05:31:39+00:00
SAO_5290-10,São Paulo,3550308,True,,597,,,-23.6816055,-46.6367515,,,,1,2023-06-14T05:31:46+00:00
SAO_5290-10,São Paulo,3550308,True,,597,,,-23.5841275,-46.63652525,,,,1,2023-06-14T05:31:28+00:00
SAO_3746-10,São Paulo,3550308,True,EMTU,283,https://moovitapp.com/index/pt-br/transporte_p%C3%BAblico-line-283-Sao_Paulo-242-2038937-36419384-0,5.2,-23.5556785,-46.576248,,,,1,2023-06-14T05:31:22+00:00
SAO_3746-10,São Paulo,3550308,True,EMTU,283,https://moovitapp.com/index/pt-br/transporte_p%C3%BAblico-line-283-Sao_Paulo-242-2038937-36419384-0,5.2,-23.594817,-46.5027665,,,,1,2023-06-14T05:31:28+00:00
SAO_3746-10,São Paulo,3550308,True,EMTU,283,https://moovitapp.com/index/pt-br/transporte_p%C3%BAblico-line-283-Sao_Paulo-242-2038937-36419384-0,5.2,-23.583910125000003,-46.5295845,,,,1,2023-06-14T05:31:41+00:00
SAO_3746-10,São Paulo,3550308,True,EMTU,283,https://moovitapp.com/index/pt-br/transporte_p%C3%BAblico-line-283-Sao_Paulo-242-2038937-36419384-0,5.2,-23.594817,-46.5027665,,,,1,2023-06-14T05:26:59+00:00
SAO_3746-10,São Paulo,3550308,True,EMTU,283,https://moovitapp.com/index/pt-br/transporte_p%C3%BAblico-line-283-Sao_Paulo-242-2038937-36419384-0,5.2,-23.594817,-46.5027665,,,,1,2023-06-14T05:20:21+00:00
SAO_5109-10,São Paulo,3550308,True,,1851,,,-23.55480725,-46.624383,,,,1,2023-06-14T05:31:35+00:00
SAO_1738-10,São Paulo,3550308,True,,33440,,,-23.501295,-46.6148315,,,,2,2023-06-14T05:31:37+00:00
SAO_1738-10,São Paulo,3550308,True,,33440,,,-23.4735475,-46.581099,,,,2,2023-06-14T05:31:20+00:00
SAO_702U-10,São Paulo,3550308,True,,34098,,,-23.5521175,-46.7315415,,,,2,2023-06-14T05:31:08+00:00
SAO_702U-10,São Paulo,3550308,True,,34098,,,-23.543395500000003,-46.627023,,,,2,2023-06-14T05:31:08+00:00
SAO_3712-51,São Paulo,3550308,True,,35273,,,-23.55940725,-46.422336875,,,,2,2023-06-14T05:31:12+00:00
SAO_6815-10,São Paulo,3550308,True,,32793,,,-23.6550385,-46.761806,,,,2,2023-06-14T05:31:40+00:00
SAO_1730-10,São Paulo,3550308,True,,865,,,-23.515809499999996,-46.6162245,,,,1,2023-06-14T05:31:18+00:00
SAO_1730-10,São Paulo,3550308,True,,865,,,-23.5155045,-46.616187499999995,,,,1,2023-06-14T05:31:25+00:00
SAO_6826-10,São Paulo,3550308,True,BR7 Mobilidade,16,https://moovitapp.com/index/pt-br/transporte_p%C3%BAblico-line-16-Sao_Paulo-242-851856-513215-0,5.75,-23.658478000000002,-46.765071,,,,1,2023-06-14T05:31:33+00:00
SAO_695T-10,São Paulo,3550308,True,,1322,,,-23.643999,-46.7324175,,,,1,2023-06-14T05:31:25+00:00
SAO_695T-10,São Paulo,3550308,True,,1322,,,-23.595532499999997,-46.6365505,,,,1,2023-06-14T05:31:37+00:00
SAO_7458-10,São Paulo,3550308,True,,33264,,,-23.586458187500003,-46.753187125,,,,2,2023-06-14T05:31:14+00:00
SAO_875H-10,São Paulo,3550308,True,,1340,,,-23.5412815,-46.6761795,,,,1,2023-06-14T05:31:19+00:00
SAO_6500-10,São Paulo,3550308,True,,32814,,,-23.650007000000002,-46.7059785,,,,2,2023-06-14T05:31:12+00:00
SAO_6500-10,São Paulo,3550308,True,,32814,,,-23.574347875,-46.66773549999999,,,,2,2023-06-14T05:31:04+00:00
SAO_1017-10,São Paulo,3550308,True,,2141,,,-23.476325,-46.714956,,,,1,2023-06-14T05:31:29+00:00
SAO_1017-10,São Paulo,3550308,True,,2141,,,-23.4049325,-46.743669499999996,,,,1,2023-06-14T05:31:33+00:00
SAO_1017-10,São Paulo,3550308,True,,2141,,,-23.448962,-46.717008,,,,1,2023-06-14T05:31:47+00:00
SAO_4724-10,São Paulo,3550308,True,,34828,,,-23.536869625,-46.5029365,,,,2,2023-06-14T05:31:11+00:00
SAO_N540-11,São Paulo,3550308,True,,35249,,,-23.614552,-46.500257000000005,,,,2,2023-06-14T05:31:28+00:00
SAO_5028-10,São Paulo,3550308,True,,34402,,,-23.598853,-46.5983385,,,,2,2023-06-14T05:31:28+00:00
SAO_675G-10,São Paulo,3550308,True,,32874,,,-23.7563975,-46.6678165,,,,2,2023-06-14T05:31:07+00:00
SAO_675G-10,São Paulo,3550308,True,,32874,,,-23.743473,-46.670099,,,,2,2023-06-14T05:31:47+00:00
SAO_675G-10,São Paulo,3550308,True,,32874,,,-23.7530115,-46.6886865,,,,2,2023-06-14T05:31:08+00:00
SAO_675G-10,São Paulo,3550308,True,,32874,,,-23.6446685,-46.6731685,,,,2,2023-06-14T05:31:29+00:00
SAO_6047-10,São Paulo,3550308,True,,33992,,,-23.661099,-46.7542155,,,,2,2023-06-14T05:31:26+00:00
SAO_6047-10,São Paulo,3550308,True,,33992,,,-23.668464,-46.7637515,,,,2,2023-06-14T05:31:04+00:00
SAO_6047-10,São Paulo,3550308,True,,33992,,,-23.668284,-46.763536,,,,2,2023-06-14T05:31:08+00:00
SAO_172U-10,São Paulo,3550308,True,,33628,,,-23.5005775,-46.622377,,,,2,2023-06-14T05:31:32+00:00
SAO_172U-10,São Paulo,3550308,True,,33628,,,-23.555611312499998,-46.599202625000004,,,,2,2023-06-14T05:31:07+00:00
SAO_172U-10,São Paulo,3550308,True,,33628,,,-23.465628000000002,-46.5970065,,,,2,2023-06-14T05:31:19+00:00
SAO_N801-11,São Paulo,3550308,True,,2428,,,-23.5714765,-46.7093415,,,,1,2023-06-14T05:31:06+00:00
SAO_677V-10,São Paulo,3550308,True,EMTU,112,https://moovitapp.com/index/pt-br/transporte_p%C3%BAblico-line-112-Sao_Paulo-242-2038937-36419272-0,5.7,-23.724915000000003,-46.704544999999996,,,,1,2023-06-14T05:31:30+00:00
SAO_6022-10,São Paulo,3550308,True,,33975,,,-23.728424,-46.7823315,,,,2,2023-06-14T05:31:25+00:00
SAO_6L04-10,São Paulo,3550308,True,,33948,,,-23.87118,-46.769697,,,,2,2023-06-14T05:31:15+00:00
SAO_6L04-10,São Paulo,3550308,True,,33948,,,-23.827535500000003,-46.7273075,,,,2,2023-06-14T05:31:18+00:00
SAO_6L11-10,São Paulo,3550308,True,,1167,,,-23.762444000000002,-46.655004000000005,,,,1,2023-06-14T05:31:44+00:00
SAO_6L11-10,São Paulo,3550308,True,,1167,,,-23.73624075,-46.69617425,,,,1,2023-06-14T05:31:40+00:00
SAO_971V-10,São Paulo,3550308,True,,619,,,-23.45167,-46.691542999999996,,,,1,2023-06-14T05:31:44+00:00
SAO_971V-10,São Paulo,3550308,True,,619,,,-23.4816705,-46.6731425,,,,1,2023-06-14T05:31:39+00:00
SAO_971V-10,São Paulo,3550308,True,,619,,,-23.5131826875,-46.6161215,,,,1,2023-06-14T05:31:19+00:00
SAO_2770-10,São Paulo,3550308,True,,243,,,-23.507387,-46.479367999999994,,,,1,2023-06-14T05:31:23+00:00
SAO_2770-10,São Paulo,3550308,True,,243,,,-23.541819500000003,-46.4130385,,,,1,2023-06-14T05:31:22+00:00
SAO_2770-10,São Paulo,3550308,True,,243,,,-23.517261,-46.4136915,,,,1,2023-06-14T05:31:40+00:00
SAO_736I-10,São Paulo,3550308,True,STT,781,https://moovitapp.com/index/pt-br/transporte_p%C3%BAblico-line-781-Sao_Paulo-242-850661-183349-0,5.3,-23.643456999999998,-46.7356385,,,,1,2023-06-14T05:31:33+00:00
SAO_736I-10,São Paulo,3550308,True,STT,781,https://moovitapp.com/index/pt-br/transporte_p%C3%BAblico-line-781-Sao_Paulo-242-850661-183349-0,5.3,-23.64951875,-46.70788325,,,,1,2023-06-14T05:31:31+00:00
SAO_2101-10,São Paulo,3550308,True,,33482,,,-23.54871825,-46.61855,,,,2,2023-06-14T05:31:10+00:00
SAO_746V-10,São Paulo,3550308,True,,792,,,-23.6470354375,-46.756466875,,,,1,2023-06-14T05:31:29+00:00
SAO_9090-10,São Paulo,3550308,True,,884,,,-23.474822500000002,-46.670317999999995,,,,1,2023-06-14T05:31:14+00:00
SAO_273L-10,São Paulo,3550308,True,,32992,,,-23.510303,-46.438032500000006,,,,2,2023-06-14T05:31:28+00:00
SAO_273L-10,São Paulo,3550308,True,,32992,,,-23.539615124999997,-46.431626875000006,,,,2,2023-06-14T05:31:46+00:00
SAO_273L-10,São Paulo,3550308,True,,32992,,,-23.540654000000004,-46.483247500000004,,,,2,2023-06-14T05:31:03+00:00
SAO_N706-11,São Paulo,3550308,True,,2411,,,-23.599408250000003,-46.74150425,,,,1,2023-06-14T05:31:18+00:00
SAO_2728-10,São Paulo,3550308,True,,33711,,,-23.533628,-46.5452065,,,,2,2023-06-14T05:31:05+00:00
SAO_2728-10,São Paulo,3550308,True,,33711,,,-23.505135,-46.5205625,,,,2,2023-06-14T05:31:29+00:00
SAO_2728-10,São Paulo,3550308,True,,33711,,,-23.500805999999997,-46.5126535,,,,2,2023-06-14T05:31:22+00:00
SAO_2728-10,São Paulo,3550308,True,,33711,,,-23.50133,-46.5125285,,,,2,2023-06-14T05:31:13+00:00
SAO_5154-10,São Paulo,3550308,True,EMTU,353,https://moovitapp.com/index/pt-br/transporte_p%C3%BAblico-line-353-Sao_Paulo-242-2038937-36419436-0,5.1,-23.654157,-46.710629,,,,1,2023-06-14T05:31:17+00:00
SAO_5154-10,São Paulo,3550308,True,EMTU,353,https://moovitapp.com/index/pt-br/transporte_p%C3%BAblico-line-353-Sao_Paulo-242-2038937-36419436-0,5.1,-23.65397075,-46.7077515,,,,1,2023-06-14T05:31:37+00:00
SAO_5154-10,São Paulo,3550308,True,EMTU,353,https://moovitapp.com/index/pt-br/transporte_p%C3%BAblico-line-353-Sao_Paulo-242-2038937-36419436-0,5.1,-23.553324625000002,-46.63820749999999,,,,1,2023-06-14T05:31:13+00:00
SAO_5154-10,São Paulo,3550308,True,EMTU,353,https://moovitapp.com/index/pt-br/transporte_p%C3%BAblico-line-353-Sao_Paulo-242-2038937-36419436-0,5.1,-23.654157,-46.710629,,,,1,2023-06-14T05:31:37+00:00
SAO_3069-10,São Paulo,3550308,True,,984,,,-23.605977,-46.417018999999996,,,,1,2023-06-14T05:31:45+00:00
SAO_3069-10,São Paulo,3550308,True,,984,,,-23.609757000000002,-46.4162565,,,,1,2023-06-14T05:31:36+00:00
SAO_3069-10,São Paulo,3550308,True,,984,,,-23.62028,-46.4601015,,,,1,2023-06-14T05:31:19+00:00
SAO_3069-10,São Paulo,3550308,True,,984,,,-23.605977,-46.417018999999996,,,,1,2023-06-14T05:31:21+00:00
SAO_847P-10,São Paulo,3550308,True,,423,,,-23.486517,-46.7262255,,,,1,2023-06-14T05:31:17+00:00
SAO_847P-10,São Paulo,3550308,True,,423,,,-23.543159,-46.6949245,,,,1,2023-06-14T05:31:01+00:00
SAO_847P-10,São Paulo,3550308,True,,423,,,-23.576913500000003,-46.68722325,,,,1,2023-06-14T05:31:44+00:00
SAO_6816-31,São Paulo,3550308,True,,1748,,,-23.653212,-46.7764515,,,,1,2023-06-14T05:31:36+00:00
SAO_6816-31,São Paulo,3550308,True,,1748,,,-23.652925,-46.777986999999996,,,,1,2023-06-14T05:31:47+00:00
SAO_6816-31,São Paulo,3550308,True,,1748,,,-23.652424,-46.775907000000004,,,,1,2023-06-14T05:31:40+00:00
SAO_6059-10,São Paulo,3550308,True,,1226,,,-23.63487,-46.711732999999995,,,,1,2023-06-14T05:31:15+00:00
SAO_199D-10,São Paulo,3550308,True,,34903,,,-23.563214875,-46.686939249999995,,,,2,2023-06-14T05:31:27+00:00
SAO_199D-10,São Paulo,3550308,True,,34903,,,-23.524021375,-46.697750125,,,,2,2023-06-14T05:31:41+00:00
SAO_N702-11,São Paulo,3550308,True,,35175,,,-23.547731,-46.6300275,,,,2,2023-06-14T05:31:33+00:00
SAO_4113-10,São Paulo,3550308,True,,33536,,,-23.583312,-46.611079,,,,2,2023-06-14T05:31:37+00:00
SAO_4113-10,São Paulo,3550308,True,,33536,,,-23.552137000000002,-46.634062,,,,2,2023-06-14T05:31:26+00:00
SAO_4113-10,São Paulo,3550308,True,,33536,,,-23.56054725,-46.632771625000004,,,,2,2023-06-14T05:31:08+00:00
SAO_4284-10,São Paulo,3550308,True,,33057,,,-23.6049335,-46.559254124999995,,,,2,2023-06-14T05:31:29+00:00
SAO_695D-10,São Paulo,3550308,True,,32882,,,-23.664075500000003,-46.678611000000004,,,,2,2023-06-14T05:31:46+00:00
SAO_N234-11,São Paulo,3550308,True,,35091,,,-23.4798095,-46.601954500000005,,,,2,2023-06-14T05:31:45+00:00
SAO_2435-10,São Paulo,3550308,True,,32978,,,-23.5289775,-46.4795655,,,,2,2023-06-14T05:31:14+00:00
SAO_6055-10,São Paulo,3550308,True,,1146,,,-23.716451499999998,-46.699146999999996,,,,1,2023-06-14T05:31:32+00:00
SAO_209P-1,São Paulo,3550308,True,,2301,,,-23.47152125,-46.67050425,,,,1,2023-06-14T05:31:09+00:00
SAO_209P-1,São Paulo,3550308,True,,2301,,,-23.522572250000003,-46.66452174999999,,,,1,2023-06-14T05:31:44+00:00
SAO_209P-1,São Paulo,3550308,True,,2301,,,-23.500201500000003,-46.686513500000004,,,,1,2023-06-14T05:31:42+00:00
SAO_6061-10,São Paulo,3550308,True,,33918,,,-23.7637985,-46.692477499999995,,,,2,2023-06-14T05:31:16+00:00
SAO_6061-10,São Paulo,3550308,True,,33918,,,-23.737535875,-46.69596824999999,,,,2,2023-06-14T05:31:46+00:00
SAO_6061-10,São Paulo,3550308,True,,33918,,,-23.784246,-46.6830005,,,,2,2023-06-14T05:31:41+00:00
SAO_6061-10,São Paulo,3550308,True,,33918,,,-23.7822775,-46.681824,,,,2,2023-06-14T05:31:22+00:00
SAO_2031-10,São Paulo,3550308,True,EMTU,367,https://moovitapp.com/index/pt-br/transporte_p%C3%BAblico-line-367-Sao_Paulo-242-2038937-36419446-0,4.9,-23.502127,-46.380302,,,,1,2023-06-14T05:31:09+00:00
SAO_546A-10,São Paulo,3550308,True,,1131,,,-23.6943935,-46.675351,,,,1,2023-06-14T05:31:05+00:00
SAO_9191-10,São Paulo,3550308,True,EMTU,810,https://moovitapp.com/index/pt-br/transporte_p%C3%BAblico-line-810-Sao_Paulo-242-2038937-36419585-0,5.4,-23.456287500000002,-46.679615999999996,,,,1,2023-06-14T05:31:35+00:00
SAO_9191-10,São Paulo,3550308,True,EMTU,810,https://moovitapp.com/index/pt-br/transporte_p%C3%BAblico-line-810-Sao_Paulo-242-2038937-36419585-0,5.4,-23.499454,-46.683838,,,,1,2023-06-14T05:31:41+00:00
SAO_9191-10,São Paulo,3550308,True,EMTU,810,https://moovitapp.com/index/pt-br/transporte_p%C3%BAblico-line-810-Sao_Paulo-242-2038937-36419585-0,5.4,-23.525751,-46.655295,,,,1,2023-06-14T05:31:35+00:00
SAO_407H-10,São Paulo,3550308,True,,34965,,,-23.619684499999998,-46.4560385,,,,2,2023-06-14T05:31:45+00:00
SAO_407H-10,São Paulo,3550308,True,,34965,,,-23.594251,-46.445907,,,,2,2023-06-14T05:31:20+00:00
SAO_9051-10,São Paulo,3550308,True,,34857,,,-23.540110499999997,-46.705622500000004,,,,2,2023-06-14T05:31:30+00:00
SAO_4015-10,São Paulo,3550308,True,,2188,,,-23.630812,-46.469649000000004,,,,1,2023-06-14T05:31:05+00:00
SAO_4015-10,São Paulo,3550308,True,,2188,,,-23.613228499999998,-46.476530999999994,,,,1,2023-06-14T05:31:22+00:00
SAO_5024-10,São Paulo,3550308,True,,33890,,,-23.679664000000002,-46.6658475,,,,2,2023-06-14T05:31:34+00:00
SAO_5759-10,São Paulo,3550308,True,,1138,,,-23.657638499999997,-46.6549165,,,,1,2023-06-14T05:31:42+00:00
SAO_775V-10,São Paulo,3550308,True,,475,,,-23.5765195,-46.765648,,,,1,2023-06-14T05:31:42+00:00
SAO_4032-10,São Paulo,3550308,True,,33870,,,-23.620514,-46.6280965,,,,2,2023-06-14T05:31:22+00:00
SAO_4032-10,São Paulo,3550308,True,,33870,,,-23.609188,-46.642162,,,,2,2023-06-14T05:31:19+00:00
SAO_4032-10,São Paulo,3550308,True,,33870,,,-23.62781275,-46.600421,,,,2,2023-06-14T05:31:11+00:00
SAO_6091-10,São Paulo,3550308,True,,1175,,,-23.747792,-46.708254499999995,,,,1,2023-06-14T05:31:17+00:00
SAO_6091-10,São Paulo,3550308,True,,1175,,,-23.810487000000002,-46.736965999999995,,,,1,2023-06-14T05:31:44+00:00
SAO_3789-10,São Paulo,3550308,True,,33835,,,-23.611373,-46.396543,,,,2,2023-06-14T05:31:28+00:00
SAO_3789-10,São Paulo,3550308,True,,33835,,,-23.6050895,-46.3995355,,,,2,2023-06-14T05:31:45+00:00
SAO_3789-10,São Paulo,3550308,True,,33835,,,-23.57804675,-46.44340625,,,,2,2023-06-14T05:31:36+00:00
SAO_3789-10,São Paulo,3550308,True,,33835,,,-23.542599000000003,-46.4710815,,,,2,2023-06-14T05:31:06+00:00
SAO_6062-10,São Paulo,3550308,True,,1151,,,-23.7379375,-46.697804500000004,,,,1,2023-06-14T05:31:14+00:00
SAO_6062-10,São Paulo,3550308,True,,1151,,,-23.7429935,-46.6811555,,,,1,2023-06-14T05:31:49+00:00
SAO_6451-10,São Paulo,3550308,True,,32829,,,-23.573234875,-46.666225875,,,,2,2023-06-14T05:31:46+00:00
SAO_6451-10,São Paulo,3550308,True,,32829,,,-23.6546575,-46.761719,,,,2,2023-06-14T05:31:32+00:00
SAO_6451-10,São Paulo,3550308,True,,32829,,,-23.621050500000003,-46.70347,,,,2,2023-06-14T05:31:41+00:00
SAO_6051-31,São Paulo,3550308,True,,34374,,,-23.7621455,-46.689133,,,,2,2023-06-14T05:31:41+00:00
SAO_6051-31,São Paulo,3550308,True,,34374,,,-23.7621455,-46.689133,,,,2,2023-06-14T05:31:08+00:00
SAO_524L-10,São Paulo,3550308,True,,34483,,,-23.597983874999997,-46.54017375,,,,2,2023-06-14T05:31:33+00:00
SAO_524L-10,São Paulo,3550308,True,,34483,,,-23.5426195,-46.575008499999996,,,,2,2023-06-14T05:31:09+00:00
SAO_3414-10,São Paulo,3550308,True,,33514,,,-23.5353085,-46.53148,,,,2,2023-06-14T05:31:12+00:00
SAO_8199-10,São Paulo,3550308,True,EMTU,807,https://moovitapp.com/index/pt-br/transporte_p%C3%BAblico-line-807-Sao_Paulo-242-2038937-36419583-0,7.8,-23.497198750000003,-46.697934,,,,1,2023-06-14T05:31:18+00:00
SAO_1026-10,São Paulo,3550308,True,,35074,,,-23.47083525,-46.71026325,,,,2,2023-06-14T05:31:08+00:00
SAO_4036-10,São Paulo,3550308,True,,2561,,,-23.5547825,-46.5163485,,,,1,2023-06-14T05:31:45+00:00
SAO_4036-10,São Paulo,3550308,True,,2561,,,-23.542727,-46.470595,,,,1,2023-06-14T05:31:39+00:00
SAO_4052-10,São Paulo,3550308,True,,34913,,,-23.542564499999997,-46.41676,,,,2,2023-06-14T05:26:32+00:00
SAO_4052-10,São Paulo,3550308,True,,34913,,,-23.542444,-46.416917999999995,,,,2,2023-06-14T05:30:49+00:00
SAO_4052-10,São Paulo,3550308,True,,34913,,,-23.525567000000002,-46.4330855,,,,2,2023-06-14T05:31:18+00:00
SAO_2704-10,São Paulo,3550308,True,,33684,,,-23.526239,-46.409855500000006,,,,2,2023-06-14T05:29:08+00:00
SAO_2704-10,São Paulo,3550308,True,,33684,,,-23.517191500000003,-46.438682,,,,2,2023-06-14T05:31:19+00:00
SAO_2704-10,São Paulo,3550308,True,,33684,,,-23.519686999999998,-46.419834,,,,2,2023-06-14T05:31:11+00:00
SAO_5185-10,São Paulo,3550308,True,,34076,,,-23.57965175,-46.6557275,,,,2,2023-06-14T05:31:35+00:00
SAO_5185-10,São Paulo,3550308,True,,34076,,,-23.658186,-46.697758,,,,2,2023-06-14T05:31:29+00:00
SAO_3761-10,São Paulo,3550308,True,,33819,,,-23.59899875,-46.4336115,,,,2,2023-06-14T05:31:40+00:00
SAO_3761-10,São Paulo,3550308,True,,33819,,,-23.600106500000003,-46.469812,,,,2,2023-06-14T05:31:14+00:00
SAO_3761-10,São Paulo,3550308,True,,33819,,,-23.61839375,-46.42342575,,,,2,2023-06-14T05:31:34+00:00
SAO_524L-10,São Paulo,3550308,True,,1715,,,-23.5917475,-46.548376,,,,1,2023-06-14T05:31:37+00:00
SAO_524L-10,São Paulo,3550308,True,,1715,,,-23.5512105,-46.564979,,,,1,2023-06-14T05:31:08+00:00
SAO_5300-10,São Paulo,3550308,True,,33122,,,-23.619201375000003,-46.676969375,,,,2,2023-06-14T05:31:41+00:00
SAO_5300-10,São Paulo,3550308,True,,33122,,,-23.547731,-46.6300275,,,,2,2023-06-14T05:31:11+00:00
SAO_5300-10,São Paulo,3550308,True,,33122,,,-23.5593225,-46.639075000000005,,,,2,2023-06-14T05:31:47+00:00
SAO_6001-10,São Paulo,3550308,True,,32820,,,-23.6541295,-46.712835999999996,,,,2,2023-06-14T05:31:24+00:00
SAO_6001-10,São Paulo,3550308,True,,32820,,,-23.65141,-46.757695999999996,,,,2,2023-06-14T05:31:42+00:00
SAO_8013-10,São Paulo,3550308,True,,800,,,-23.508144125,-46.742458375,,,,1,2023-06-14T05:31:16+00:00
SAO_3025-10,São Paulo,3550308,True,,33729,,,-23.5687275,-46.404073,,,,2,2023-06-14T05:31:06+00:00
SAO_3025-10,São Paulo,3550308,True,,33729,,,-23.5642765,-46.4132625,,,,2,2023-06-14T05:31:42+00:00
SAO_6823-10,São Paulo,3550308,True,,34,,,-23.659638,-46.775295,,,,1,2023-06-14T05:31:34+00:00
SAO_9008-10,São Paulo,3550308,True,,875,,,-23.46847,-46.677327,,,,1,2023-06-14T05:31:42+00:00
SAO_4024-10,São Paulo,3550308,True,,34926,,,-23.5654145,-46.4185315,,,,2,2023-06-14T05:31:03+00:00
SAO_4024-10,São Paulo,3550308,True,,34926,,,-23.540315999999997,-46.447314500000005,,,,2,2023-06-14T05:31:30+00:00
SAO_3756-10,São Paulo,3550308,True,,33818,,,-23.553295124999998,-46.456754000000004,,,,2,2023-06-14T05:29:06+00:00
SAO_3756-10,São Paulo,3550308,True,,33818,,,-23.56919,-46.400694,,,,2,2023-06-14T05:30:39+00:00
SAO_1036-10,São Paulo,3550308,True,,2453,,,-23.4663835,-46.714443,,,,1,2023-06-14T05:31:23+00:00
SAO_3206-10,São Paulo,3550308,True,,2112,,,-23.533289500000002,-46.544641999999996,,,,1,2023-06-14T05:31:40+00:00
SAO_407F-10,São Paulo,3550308,True,,2167,,,-23.553988,-46.578389,,,,1,2023-06-14T05:30:43+00:00
SAO_407F-10,São Paulo,3550308,True,,2167,,,-23.60590275,-46.4797095,,,,1,2023-06-14T05:31:08+00:00
SAO_6L03-10,São Paulo,3550308,True,,34333,,,-23.843864,-46.7435405,,,,2,2023-06-14T05:30:24+00:00
SAO_414P-10,São Paulo,3550308,True,,33873,,,-23.6028555,-46.5297195,,,,2,2023-06-14T05:31:07+00:00
SAO_414P-10,São Paulo,3550308,True,,33873,,,-23.549848750000002,-46.571312,,,,2,2023-06-14T05:31:34+00:00
SAO_6083-10,São Paulo,3550308,True,,34501,,,-23.737971,-46.6978485,,,,2,2023-06-14T05:31:14+00:00
SAO_1758-10,São Paulo,3550308,True,,33320,,,-23.4695215,-46.63047,,,,2,2023-06-14T05:31:25+00:00
SAO_1758-10,São Paulo,3550308,True,,33320,,,-23.4540025,-46.6616765,,,,2,2023-06-14T05:31:10+00:00
SAO_2722-31,São Paulo,3550308,True,,936,,,-23.510289,-46.497982,,,,1,2023-06-14T05:31:16+00:00
SAO_4031-10,São Paulo,3550308,True,,1101,,,-23.61408,-46.517419000000004,,,,1,2023-06-14T05:31:04+00:00
SAO_4031-10,São Paulo,3550308,True,,1101,,,-23.59086825,-46.588631500000005,,,,1,2023-06-14T05:31:33+00:00
SAO_4725-10,São Paulo,3550308,True,,33106,,,-23.603006999999998,-46.655541375,,,,2,2023-06-14T05:31:33+00:00
SAO_4725-10,São Paulo,3550308,True,,33106,,,-23.613037,-46.617622499999996,,,,2,2023-06-14T05:31:10+00:00
SAO_809J-10,São Paulo,3550308,True,,34834,,,-23.604088,-46.725159,,,,2,2023-06-14T05:31:37+00:00
SAO_8013-41,São Paulo,3550308,True,,2011,,,-23.431721500000002,-46.787169500000005,,,,1,2023-06-14T05:31:08+00:00
SAO_172R-10,São Paulo,3550308,True,,859,,,-23.5423885,-46.590565,,,,1,2023-06-14T05:31:27+00:00
SAO_172R-10,São Paulo,3550308,True,,859,,,-23.465965,-46.584261999999995,,,,1,2023-06-14T05:31:25+00:00
SAO_172R-10,São Paulo,3550308,True,,859,,,-23.491342250000002,-46.574462,,,,1,2023-06-14T05:31:30+00:00
SAO_172R-10,São Paulo,3550308,True,,859,,,-23.5423885,-46.590565,,,,1,2023-06-14T05:31:08+00:00
SAO_3161-10,São Paulo,3550308,True,,33852,,,-23.56100325,-46.593046,,,,2,2023-06-14T05:31:26+00:00
SAO_6812-10,São Paulo,3550308,True,,1242,,,-23.671774,-46.7412225,,,,1,2023-06-14T05:31:35+00:00
SAO_6812-10,São Paulo,3550308,True,,1242,,,-23.68773675,-46.771885250000004,,,,1,2023-06-14T05:31:43+00:00
SAO_9300-10,São Paulo,3550308,True,,32884,,,-23.523000125,-46.652147375,,,,2,2023-06-14T05:31:19+00:00
SAO_9300-10,São Paulo,3550308,True,,32884,,,-23.496948500000002,-46.66255175,,,,2,2023-06-14T05:31:10+00:00
SAO_6L08-10,São Paulo,3550308,True,,33950,,,-23.8280685,-46.7132145,,,,2,2023-06-14T05:31:35+00:00
SAO_709A-10,São Paulo,3550308,True,,34860,,,-23.5863245,-46.673634,,,,2,2023-06-14T05:31:22+00:00
SAO_297A-10,São Paulo,3550308,True,,34901,,,-23.505570249999998,-46.67704925,,,,2,2023-06-14T05:31:34+00:00
SAO_3002-10,São Paulo,3550308,True,,34576,,,-23.504057875,-46.39025925,,,,2,2023-06-14T05:31:43+00:00
SAO_3002-10,São Paulo,3550308,True,,34576,,,-23.510973,-46.3788175,,,,2,2023-06-14T05:31:20+00:00
SAO_3002-10,São Paulo,3550308,True,,34576,,,-23.496948875,-46.400600749999995,,,,2,2023-06-14T05:31:16+00:00
SAO_6826-10,São Paulo,3550308,True,,32784,,,-23.670483500000003,-46.777657500000004,,,,2,2023-06-14T05:31:32+00:00
SAO_715M-10,São Paulo,3550308,True,EMTU,490,https://moovitapp.com/index/pt-br/transporte_p%C3%BAblico-line-490-Sao_Paulo-242-2038937-36419517-0,5.15,-23.559811500000002,-46.642827499999996,,,,1,2023-06-14T05:31:42+00:00
SAO_715M-10,São Paulo,3550308,True,EMTU,490,https://moovitapp.com/index/pt-br/transporte_p%C3%BAblico-line-490-Sao_Paulo-242-2038937-36419517-0,5.15,-23.583236999999997,-46.761977,,,,1,2023-06-14T05:31:43+00:00
SAO_715M-10,São Paulo,3550308,True,EMTU,490,https://moovitapp.com/index/pt-br/transporte_p%C3%BAblico-line-490-Sao_Paulo-242-2038937-36419517-0,5.15,-23.5725605,-46.704529,,,,1,2023-06-14T05:31:22+00:00
SAO_6823-10,São Paulo,3550308,True,,32802,,,-23.6544345,-46.762947,,,,2,2023-06-14T05:31:40+00:00
SAO_809A-10,São Paulo,3550308,True,,34837,,,-23.575936499999997,-46.775704000000005,,,,2,2023-06-14T05:31:22+00:00
SAO_809A-10,São Paulo,3550308,True,,34837,,,-23.58006975,-46.782570500000006,,,,2,2023-06-14T05:31:40+00:00
SAO_1773-10,São Paulo,3550308,True,,33405,,,-23.441848999999998,-46.588781499999996,,,,2,2023-06-14T05:31:25+00:00
SAO_1773-10,São Paulo,3550308,True,,33405,,,-23.438042000000003,-46.5662555,,,,2,2023-06-14T05:25:34+00:00
SAO_342C-10,São Paulo,3550308,True,,33770,,,-23.5412,-46.512998,,,,2,2023-06-14T05:31:42+00:00
SAO_342C-10,São Paulo,3550308,True,,33770,,,-23.5526135,-46.49163625,,,,2,2023-06-14T05:31:36+00:00
SAO_637V-10,São Paulo,3550308,True,,32872,,,-23.7378305,-46.685841499999995,,,,2,2023-06-14T05:31:28+00:00
SAO_637V-10,São Paulo,3550308,True,,32872,,,-23.714688,-46.690999,,,,2,2023-06-14T05:31:35+00:00
SAO_4036-10,São Paulo,3550308,True,,35329,,,-23.5546645,-46.480943999999994,,,,2,2023-06-14T05:31:37+00:00
SAO_3009-10,São Paulo,3550308,True,,35294,,,-23.501186,-46.401478,,,,2,2023-06-14T05:31:08+00:00
SAO_8500-10,São Paulo,3550308,True,,1267,,,-23.487353,-46.716833,,,,1,2023-06-14T05:31:30+00:00
SAO_8500-10,São Paulo,3550308,True,,1267,,,-23.525104499999998,-46.666349499999995,,,,1,2023-06-14T05:31:41+00:00
SAO_5111-10,São Paulo,3550308,True,,32816,,,-23.600961499999997,-46.67407025,,,,2,2023-06-14T05:31:28+00:00
SAO_5111-10,São Paulo,3550308,True,,32816,,,-23.6540525,-46.712609,,,,2,2023-06-14T05:31:48+00:00
SAO_5111-10,São Paulo,3550308,True,,32816,,,-23.56706775,-46.648686999999995,,,,2,2023-06-14T05:31:43+00:00
SAO_6115-10,São Paulo,3550308,True,,1185,,,-23.742846999999998,-46.6583395,,,,1,2023-06-14T05:31:09+00:00
SAO_6115-10,São Paulo,3550308,True,,1185,,,-23.734681375,-46.694479375,,,,1,2023-06-14T05:31:21+00:00
SAO_6115-10,São Paulo,3550308,True,,1185,,,-23.75514825,-46.66720275,,,,1,2023-06-14T05:31:33+00:00
SAO_5034-31,São Paulo,3550308,True,,34432,,,-23.621280374999998,-46.602735124999995,,,,2,2023-06-14T05:31:12+00:00
SAO_3459-23,São Paulo,3550308,True,EMTU,404,https://moovitapp.com/index/pt-br/transporte_p%C3%BAblico-line-404-Sao_Paulo-242-2038937-36419466-0,5.2,-23.5165205,-46.385602000000006,,,,1,2023-06-14T05:31:21+00:00
SAO_6051-10,São Paulo,3550308,True,,1143,,,-23.773833500000002,-46.7073295,,,,1,2023-06-14T05:31:24+00:00
SAO_675L-10,São Paulo,3550308,True,,34246,,,-23.6518805,-46.708862999999994,,,,2,2023-06-14T05:31:43+00:00
SAO_675L-10,São Paulo,3550308,True,,34246,,,-23.597349,-46.65512,,,,2,2023-06-14T05:31:20+00:00
SAO_273F-10,São Paulo,3550308,True,,159,,,-23.542716,-46.469168499999995,,,,1,2023-06-14T05:31:24+00:00
SAO_8077-10,São Paulo,3550308,True,,2050,,,-23.601596,-46.791070000000005,,,,1,2023-06-14T05:31:05+00:00
SAO_263J-10,São Paulo,3550308,True,,32987,,,-23.519428875000003,-46.475841124999995,,,,2,2023-06-14T05:31:42+00:00
SAO_263J-10,São Paulo,3550308,True,,32987,,,-23.536434,-46.437982500000004,,,,2,2023-06-14T05:29:15+00:00
SAO_263J-10,São Paulo,3550308,True,,32987,,,-23.5504205,-46.4362705,,,,2,2023-06-14T05:31:34+00:00
SAO_8050-10,São Paulo,3550308,True,,33180,,,-23.443239375000005,-46.786709,,,,2,2023-06-14T05:31:31+00:00
SAO_8050-10,São Paulo,3550308,True,,33180,,,-23.442286,-46.791363000000004,,,,2,2023-06-14T05:31:29+00:00
SAO_8705-10,São Paulo,3550308,True,,2072,,,-23.54766925,-46.643515,,,,1,2023-06-14T05:31:31+00:00
SAO_8705-10,São Paulo,3550308,True,,2072,,,-23.569509,-46.741300124999995,,,,1,2023-06-14T05:31:25+00:00
SAO_4010-10,São Paulo,3550308,True,,2183,,,-23.564011250000004,-46.4698715,,,,1,2023-06-14T05:31:05+00:00
SAO_4010-10,São Paulo,3550308,True,,2183,,,-23.5579695,-46.522496000000004,,,,1,2023-06-14T05:31:27+00:00
SAO_8007-10,São Paulo,3550308,True,,34025,,,-23.486233,-46.726208,,,,2,2023-06-14T05:31:21+00:00
SAO_8007-10,São Paulo,3550308,True,,34025,,,-23.487007,-46.726683,,,,2,2023-06-14T05:31:31+00:00
SAO_6816-10,São Paulo,3550308,True,,32794,,,-23.655684,-46.772633,,,,2,2023-06-14T05:31:20+00:00
SAO_N840-11,São Paulo,3550308,True,,35207,,,-23.589368999999998,-46.6338575,,,,2,2023-06-14T05:31:32+00:00
SAO_8615-10,São Paulo,3550308,True,,34107,,,-23.523056500000003,-46.68789162499999,,,,2,2023-06-14T05:31:39+00:00
SAO_8615-10,São Paulo,3550308,True,,34107,,,-23.542964499999997,-46.639151,,,,2,2023-06-14T05:31:46+00:00
SAO_8615-10,São Paulo,3550308,True,,34107,,,-23.530797,-46.729025625000006,,,,2,2023-06-14T05:31:28+00:00
SAO_4729-10,São Paulo,3550308,True,,1108,,,-23.594998,-46.506915000000006,,,,1,2023-06-14T05:31:38+00:00
SAO_4729-10,São Paulo,3550308,True,,1108,,,-23.592040000000004,-46.5295815,,,,1,2023-06-14T05:31:15+00:00
SAO_4729-10,São Paulo,3550308,True,,1108,,,-23.55306775,-46.57824325,,,,1,2023-06-14T05:31:49+00:00
SAO_N205-11,São Paulo,3550308,True,,35083,,,-23.566112500000003,-46.701726,,,,2,2023-06-14T05:31:15+00:00
SAO_6063-43,São Paulo,3550308,True,,2480,,,-23.767299,-46.716265,,,,1,2023-06-14T05:31:16+00:00
SAO_3010-10,São Paulo,3550308,True,,2543,,,-23.510351749999998,-46.444563,,,,1,2023-06-14T05:31:15+00:00
SAO_9789-10,São Paulo,3550308,True,,829,,,-23.4865455,-46.6860335,,,,1,2023-06-14T05:31:29+00:00
SAO_857R-10,São Paulo,3550308,True,,34660,,,-23.577937,-46.6401535,,,,2,2023-06-14T05:31:49+00:00
SAO_857R-10,São Paulo,3550308,True,,34660,,,-23.586288500000002,-46.7236685,,,,2,2023-06-14T05:31:27+00:00
SAO_857R-10,São Paulo,3550308,True,,34660,,,-23.61547325,-46.756547,,,,2,2023-06-14T05:31:33+00:00
SAO_390E-10,São Paulo,3550308,True,,34650,,,-23.519315499999998,-46.5471005,,,,2,2023-06-14T05:31:09+00:00
SAO_N835-11,São Paulo,3550308,True,,35202,,,-23.571806000000002,-46.700509499999995,,,,2,2023-06-14T05:31:17+00:00
SAO_6806-10,São Paulo,3550308,True,,32800,,,-23.642398999999997,-46.753658,,,,2,2023-06-14T05:31:09+00:00
SAO_8075-10,São Paulo,3550308,True,,34812,,,-23.5922615,-46.7322235,,,,2,2023-06-14T05:31:48+00:00
SAO_8075-10,São Paulo,3550308,True,,34812,,,-23.6313825,-46.77286,,,,2,2023-06-14T05:31:16+00:00
SAO_7062-31,São Paulo,3550308,True,,1914,,,-23.646552,-46.7725675,,,,1,2023-06-14T05:31:18+00:00
SAO_748A-41,São Paulo,3550308,True,EMTU,499,https://moovitapp.com/index/pt-br/transporte_p%C3%BAblico-line-499-Sao_Paulo-242-2038937-36419524-0,5.4,-23.5242165,-46.7058745,,,,1,2023-06-14T05:31:47+00:00
SAO_748A-10,São Paulo,3550308,True,,33266,,,-23.526631000000002,-46.70843,,,,2,2023-06-14T05:31:42+00:00
SAO_748A-10,São Paulo,3550308,True,,33266,,,-23.5776215,-46.765493000000006,,,,2,2023-06-14T05:31:33+00:00
SAO_807M-10,São Paulo,3550308,True,,34684,,,-23.609004,-46.751954250000004,,,,2,2023-06-14T05:31:46+00:00
SAO_807M-10,São Paulo,3550308,True,,34684,,,-23.608116875,-46.708242874999996,,,,2,2023-06-14T05:31:40+00:00
SAO_6837-10,São Paulo,3550308,True,,6,,,-23.640119,-46.7613635,,,,1,2023-06-14T05:31:28+00:00
SAO_6837-10,São Paulo,3550308,True,,6,,,-23.616975,-46.738842500000004,,,,1,2023-06-14T05:31:19+00:00
SAO_6837-10,São Paulo,3550308,True,,6,,,-23.6161065,-46.739967,,,,1,2023-06-14T05:31:06+00:00
SAO_7009-10,São Paulo,3550308,True,,1951,,,-23.695515,-46.779732499999994,,,,1,2023-06-14T05:31:33+00:00
SAO_7009-10,São Paulo,3550308,True,,1951,,,-23.690631,-46.774444,,,,1,2023-06-14T05:31:31+00:00
SAO_938P-10,São Paulo,3550308,True,,888,,,-23.4636965,-46.6817285,,,,1,2023-06-14T05:31:21+00:00
SAO_938P-10,São Paulo,3550308,True,,888,,,-23.525985,-46.669427,,,,1,2023-06-14T05:31:16+00:00
SAO_938P-10,São Paulo,3550308,True,,888,,,-23.5199865,-46.701155,,,,1,2023-06-14T05:31:14+00:00
SAO_809R-10,São Paulo,3550308,True,,2067,,,-23.571101,-46.698893999999996,,,,1,2023-06-14T05:31:23+00:00
SAO_576C-10,São Paulo,3550308,True,,1290,,,-23.646105499999997,-46.6450805,,,,1,2023-06-14T05:31:04+00:00
SAO_576C-10,São Paulo,3550308,True,,1290,,,-23.653986500000002,-46.70165837500001,,,,1,2023-06-14T05:31:26+00:00
SAO_576C-10,São Paulo,3550308,True,,1290,,,-23.64676125,-46.64523025,,,,1,2023-06-14T05:31:14+00:00
SAO_576C-10,São Paulo,3550308,True,,1290,,,-23.65695675,-46.65429575,,,,1,2023-06-14T05:31:05+00:00
SAO_9005-10,São Paulo,3550308,True,,33640,,,-23.458678749999997,-46.67508175,,,,2,2023-06-14T05:31:24+00:00
SAO_9005-10,São Paulo,3550308,True,,33640,,,-23.450438,-46.687506,,,,2,2023-06-14T05:31:08+00:00
SAO_507T-10,São Paulo,3550308,True,,2208,,,-23.5386545,-46.565125,,,,1,2023-06-14T05:31:09+00:00
SAO_507T-10,São Paulo,3550308,True,,2208,,,-23.588690999999997,-46.500551,,,,1,2023-06-14T05:31:14+00:00
SAO_3756-10,São Paulo,3550308,True,,1050,,,-23.58079,-46.3943935,,,,1,2023-06-14T05:31:40+00:00
SAO_3756-10,São Paulo,3550308,True,,1050,,,-23.542527,-46.4715645,,,,1,2023-06-14T05:31:08+00:00
SAO_178Y-10,São Paulo,3550308,True,,33636,,,-23.463978,-46.6390355,,,,2,2023-06-14T05:29:42+00:00
SAO_719P-10,São Paulo,3550308,True,,34140,,,-23.565806000000002,-46.7018425,,,,2,2023-06-14T05:31:34+00:00
SAO_719P-10,São Paulo,3550308,True,,34140,,,-23.534283000000002,-46.6443985,,,,2,2023-06-14T05:31:06+00:00
SAO_2709-31,São Paulo,3550308,True,,33691,,,-23.532353,-46.4884625,,,,2,2023-06-14T05:31:29+00:00
SAO_847J-10,São Paulo,3550308,True,,1342,,,-23.555346,-46.742667999999995,,,,1,2023-06-14T05:31:18+00:00
SAO_1206-10,São Paulo,3550308,True,,33610,,,-23.539212,-46.608181,,,,2,2023-06-14T05:31:42+00:00
SAO_1206-10,São Paulo,3550308,True,,33610,,,-23.526392,-46.58306725,,,,2,2023-06-14T05:31:23+00:00
SAO_3729-10,São Paulo,3550308,True,,33794,,,-23.564021500000003,-46.5052175,,,,2,2023-06-14T05:31:00+00:00
SAO_3729-10,São Paulo,3550308,True,,33794,,,-23.5646865,-46.546281500000006,,,,2,2023-06-14T05:31:21+00:00
SAO_3729-10,São Paulo,3550308,True,,33794,,,-23.5814765,-46.537658,,,,2,2023-06-14T05:31:07+00:00
SAO_3729-10,São Paulo,3550308,True,,33794,,,-23.538428500000002,-46.563574,,,,2,2023-06-14T05:31:05+00:00
SAO_3729-10,São Paulo,3550308,True,,33794,,,-23.53860225,-46.562544125,,,,2,2023-06-14T05:31:35+00:00
SAO_3729-10,São Paulo,3550308,True,,33794,,,-23.564287,-46.50465749999999,,,,2,2023-06-14T05:31:08+00:00
SAO_N141-11,São Paulo,3550308,True,,35065,,,-23.4744375,-46.669333,,,,2,2023-06-14T05:31:33+00:00
SAO_6045-10,São Paulo,3550308,True,,33990,,,-23.694238,-46.79535625,,,,2,2023-06-14T05:31:36+00:00
SAO_775F-31,São Paulo,3550308,True,,35256,,,-23.5867475,-46.690154,,,,2,2023-06-14T05:31:31+00:00
SAO_775F-31,São Paulo,3550308,True,,35256,,,-23.622735,-46.733772,,,,2,2023-06-14T05:31:16+00:00
SAO_775F-31,São Paulo,3550308,True,,35256,,,-23.625434499999997,-46.7480455,,,,2,2023-06-14T05:31:20+00:00
SAO_775F-31,São Paulo,3550308,True,,35256,,,-23.62332725,-46.733875749999996,,,,2,2023-06-14T05:31:07+00:00
SAO_1721-10,São Paulo,3550308,True,,666,,,-23.50287125,-46.597601499999996,,,,1,2023-06-14T05:28:31+00:00
SAO_8686-10,São Paulo,3550308,True,,33214,,,-23.520775999999998,-46.70046,,,,2,2023-06-14T05:31:45+00:00
SAO_8700-1,São Paulo,3550308,True,,35276,,,-23.547456,-46.6400205,,,,2,2023-06-14T05:31:39+00:00
SAO_8700-1,São Paulo,3550308,True,,35276,,,-23.631508,-46.7726,,,,2,2023-06-14T05:31:31+00:00
SAO_8700-1,São Paulo,3550308,True,,35276,,,-23.600338,-46.74234875,,,,2,2023-06-14T05:31:43+00:00
SAO_8700-1,São Paulo,3550308,True,,35276,,,-23.6310935,-46.773485,,,,2,2023-06-14T05:31:19+00:00
SAO_746V-10,São Paulo,3550308,True,,33560,,,-23.62989725,-46.76927125,,,,2,2023-06-14T05:31:15+00:00
SAO_746V-10,São Paulo,3550308,True,,33560,,,-23.62274625,-46.754206999999994,,,,2,2023-06-14T05:31:04+00:00
SAO_546J-31,São Paulo,3550308,True,,34783,,,-23.665536000000003,-46.677709,,,,2,2023-06-14T05:31:28+00:00
SAO_6056-10,São Paulo,3550308,True,,1147,,,-23.746338,-46.7073465,,,,1,2023-06-14T05:31:32+00:00
SAO_4018-10,São Paulo,3550308,True,,34959,,,-23.596272999999997,-46.435561500000006,,,,2,2023-06-14T05:31:36+00:00
SAO_4018-10,São Paulo,3550308,True,,34959,,,-23.60109525,-46.39926,,,,2,2023-06-14T05:31:43+00:00
SAO_4018-10,São Paulo,3550308,True,,34959,,,-23.600070000000002,-46.4004245,,,,2,2023-06-14T05:31:12+00:00
SAO_6118-10,São Paulo,3550308,True,,1188,,,-23.6703155,-46.711173,,,,1,2023-06-14T05:31:20+00:00
SAO_3728-41,São Paulo,3550308,True,,1988,,,-23.540392,-46.485367499999995,,,,1,2023-06-14T05:31:44+00:00
SAO_3728-41,São Paulo,3550308,True,,1988,,,-23.540392,-46.485367499999995,,,,1,2023-06-14T05:31:09+00:00
SAO_3728-41,São Paulo,3550308,True,,1988,,,-23.5607995,-46.483093,,,,1,2023-06-14T05:31:43+00:00
SAO_N344-11,São Paulo,3550308,True,,35124,,,-23.519357,-46.5466775,,,,2,2023-06-14T05:31:22+00:00
SAO_407E-10,São Paulo,3550308,True,,2215,,,-23.6335585,-46.4430015,,,,1,2023-06-14T05:31:07+00:00
SAO_407E-10,São Paulo,3550308,True,,2215,,,-23.54821175,-46.525225,,,,1,2023-06-14T05:31:05+00:00
SAO_407E-10,São Paulo,3550308,True,,2215,,,-23.582572,-46.490185999999994,,,,1,2023-06-14T05:31:16+00:00
SAO_4027-10,São Paulo,3550308,True,,1097,,,-23.641852999999998,-46.439471,,,,1,2023-06-14T05:31:43+00:00
SAO_4027-10,São Paulo,3550308,True,,1097,,,-23.6379695,-46.442641,,,,1,2023-06-14T05:31:11+00:00
SAO_4027-10,São Paulo,3550308,True,,1097,,,-23.597877875,-46.486518000000004,,,,1,2023-06-14T05:31:46+00:00
SAO_4027-10,São Paulo,3550308,True,,1097,,,-23.6226785,-46.4497675,,,,1,2023-06-14T05:31:34+00:00
SAO_1012-10,São Paulo,3550308,True,,2486,,,-23.438074999999998,-46.801916,,,,1,2023-06-14T05:31:04+00:00
SAO_407A-10,São Paulo,3550308,True,,34962,,,-23.562221,-46.5566235,,,,2,2023-06-14T05:31:42+00:00
SAO_407A-10,São Paulo,3550308,True,,34962,,,-23.583973,-46.5332455,,,,2,2023-06-14T05:31:40+00:00
SAO_4111-10,São Paulo,3550308,True,Cidade de Caieiras,320,https://moovitapp.com/index/pt-br/transporte_p%C3%BAblico-line-320-Sao_Paulo-242-868761-752903-0,5.0,-23.575021874999997,-46.612866000000004,,,,1,2023-06-14T05:31:16+00:00
SAO_1778-10,São Paulo,3550308,True,,34557,,,-23.467172,-46.56877125,,,,2,2023-06-14T05:31:19+00:00
SAO_938L-10,São Paulo,3550308,True,,1368,,,-23.512507999999997,-46.690535,,,,1,2023-06-14T05:31:28+00:00
SAO_2716-10,São Paulo,3550308,True,,33697,,,-23.509306249999998,-46.533319250000005,,,,2,2023-06-14T05:31:34+00:00
SAO_6052-10,São Paulo,3550308,True,,1144,,,-23.775054,-46.689104875,,,,1,2023-06-14T05:31:12+00:00
SAO_675R-10,São Paulo,3550308,True,,32877,,,-23.712544,-46.6920395,,,,2,2023-06-14T05:31:23+00:00
SAO_6116-10,São Paulo,3550308,True,,33954,,,-23.7563975,-46.6678165,,,,2,2023-06-14T05:31:45+00:00
SAO_6116-10,São Paulo,3550308,True,,33954,,,-23.75569,-46.657614,,,,2,2023-06-14T05:31:32+00:00
SAO_6035-21,São Paulo,3550308,True,,34563,,,-23.686587,-46.7549035,,,,2,2023-06-14T05:31:13+00:00
SAO_6035-21,São Paulo,3550308,True,,34563,,,-23.717386750000003,-46.76792375,,,,2,2023-06-14T05:31:07+00:00
SAO_6412-10,São Paulo,3550308,True,,33538,,,-23.58138925,-46.665473,,,,2,2023-06-14T05:31:40+00:00
SAO_6412-10,São Paulo,3550308,True,,33538,,,-23.615108,-46.721340999999995,,,,2,2023-06-14T05:31:29+00:00
SAO_4726-10,São Paulo,3550308,True,,34448,,,-23.5622205,-46.591803999999996,,,,2,2023-06-14T05:31:36+00:00
SAO_4726-10,São Paulo,3550308,True,,34448,,,-23.5411315,-46.576247,,,,2,2023-06-14T05:31:48+00:00
SAO_177Y-10,São Paulo,3550308,True,,867,,,-23.55368575,-46.679702500000005,,,,1,2023-06-14T05:31:38+00:00
SAO_177Y-10,São Paulo,3550308,True,,867,,,-23.566136750000002,-46.701097,,,,1,2023-06-14T05:31:39+00:00
SAO_2728-10,São Paulo,3550308,True,,943,,,-23.505495000000003,-46.518197,,,,1,2023-06-14T05:31:21+00:00
SAO_778J-10,São Paulo,3550308,True,,33276,,,-23.5872235,-46.7896705,,,,2,2023-06-14T05:31:10+00:00
SAO_778J-10,São Paulo,3550308,True,,33276,,,-23.572155000000002,-46.70553525,,,,2,2023-06-14T05:31:28+00:00
SAO_7006-51,São Paulo,3550308,True,,1997,,,-23.6894615,-46.77340325,,,,1,2023-06-14T05:31:18+00:00
SAO_N601-11,São Paulo,3550308,True,,35160,,,-23.5468745,-46.630641499999996,,,,2,2023-06-14T05:31:22+00:00
SAO_271M-10,São Paulo,3550308,True,,684,,,-23.512827,-46.563369,,,,1,2023-06-14T05:28:18+00:00
SAO_271M-10,São Paulo,3550308,True,,684,,,-23.516528,-46.568326,,,,1,2023-06-14T05:31:31+00:00
SAO_3763-10,São Paulo,3550308,True,,1054,,,-23.541,-46.576643000000004,,,,1,2023-06-14T05:31:25+00:00
SAO_3763-10,São Paulo,3550308,True,,1054,,,-23.5657025,-46.5386295,,,,1,2023-06-14T05:31:27+00:00
SAO_4726-10,São Paulo,3550308,True,,1680,,,-23.554745500000003,-46.58412,,,,1,2023-06-14T05:31:46+00:00
SAO_342N-10,São Paulo,3550308,True,,33771,,,-23.546002,-46.411421000000004,,,,2,2023-06-14T05:31:09+00:00
SAO_N137-11,São Paulo,3550308,True,,35061,,,-23.4854235,-46.725742,,,,2,2023-06-14T05:31:14+00:00
SAO_9047-10,São Paulo,3550308,True,STT,883,https://moovitapp.com/index/pt-br/transporte_p%C3%BAblico-line-883-Sao_Paulo-242-850661-183365-0,5.3,-23.5182955,-46.701809499999996,,,,1,2023-06-14T05:31:23+00:00
SAO_9047-10,São Paulo,3550308,True,STT,883,https://moovitapp.com/index/pt-br/transporte_p%C3%BAblico-line-883-Sao_Paulo-242-850661-183365-0,5.3,-23.470148000000002,-46.693363500000004,,,,1,2023-06-14T05:31:41+00:00
SAO_8075-10,São Paulo,3550308,True,,2044,,,-23.585697250000003,-46.721805,,,,1,2023-06-14T05:31:17+00:00
SAO_6014-10,São Paulo,3550308,True,,32956,,,-23.705192,-46.784183,,,,2,2023-06-14T05:31:44+00:00
SAO_6014-10,São Paulo,3550308,True,,32956,,,-23.6671625,-46.727432,,,,2,2023-06-14T05:31:22+00:00
SAO_6813-10,São Paulo,3550308,True,,32801,,,-23.661292375,-46.764638375000004,,,,2,2023-06-14T05:31:40+00:00
SAO_9090-10,São Paulo,3550308,True,,33652,,,-23.487645999999998,-46.672117,,,,2,2023-06-14T05:31:31+00:00
SAO_1019-10,São Paulo,3550308,True,,2495,,,-23.437415,-46.779865,,,,1,2023-06-14T05:31:43+00:00
SAO_4092-10,São Paulo,3550308,True,,34644,,,-23.582943,-46.408454,,,,2,2023-06-14T05:31:35+00:00
SAO_875P-10,São Paulo,3550308,True,,1341,,,-23.5436455,-46.672842,,,,1,2023-06-14T05:31:35+00:00
SAO_737A-10,São Paulo,3550308,True,,34498,,,-23.671547,-46.7411115,,,,2,2023-06-14T05:31:29+00:00
SAO_4742-10,São Paulo,3550308,True,,33110,,,-23.64877525,-46.61350125,,,,2,2023-06-14T05:29:29+00:00
SAO_6092-10,São Paulo,3550308,True,,33945,,,-23.778222,-46.68462275,,,,2,2023-06-14T05:31:28+00:00
SAO_6092-10,São Paulo,3550308,True,,33945,,,-23.7711295,-46.687188,,,,2,2023-06-14T05:31:17+00:00
SAO_374M-10,São Paulo,3550308,True,,1965,,,-23.491167,-46.497721999999996,,,,1,2023-06-14T05:31:29+00:00
SAO_2123-10,São Paulo,3550308,True,,692,,,-23.502135000000003,-46.59744675,,,,1,2023-06-14T05:27:55+00:00
SAO_407W-10,São Paulo,3550308,True,,34972,,,-23.557619000000003,-46.541991,,,,2,2023-06-14T05:31:32+00:00
SAO_273V-10,São Paulo,3550308,True,,32999,,,-23.533338,-46.487570749999996,,,,2,2023-06-14T05:31:05+00:00
SAO_6475-10,São Paulo,3550308,True,,1317,,,-23.64471425,-46.726479,,,,1,2023-06-14T05:31:34+00:00
SAO_271M-10,São Paulo,3550308,True,,33452,,,-23.5176485,-46.562740500000004,,,,2,2023-06-14T05:31:45+00:00
SAO_271M-10,São Paulo,3550308,True,,33452,,,-23.5038795,-46.614502,,,,2,2023-06-14T05:31:14+00:00
SAO_148L-10,São Paulo,3550308,True,EMTU,531,https://moovitapp.com/index/pt-br/transporte_p%C3%BAblico-line-531-Sao_Paulo-242-2038937-36419543-0,4.4,-23.474085000000002,-46.65519449999999,,,,1,2023-06-14T05:31:24+00:00
SAO_148L-10,São Paulo,3550308,True,EMTU,531,https://moovitapp.com/index/pt-br/transporte_p%C3%BAblico-line-531-Sao_Paulo-242-2038937-36419543-0,4.4,-23.515133,-46.6980535,,,,1,2023-06-14T05:31:41+00:00
SAO_407P-10,São Paulo,3550308,True,,2200,,,-23.538666,-46.5677505,,,,1,2023-06-14T05:31:05+00:00
SAO_6825-10,São Paulo,3550308,True,BR7 Mobilidade,14,https://moovitapp.com/index/pt-br/transporte_p%C3%BAblico-line-14-Sao_Paulo-242-851856-183465-0,5.75,-23.656632000000002,-46.7632865,,,,1,2023-06-14T05:31:32+00:00
SAO_3021-10,São Paulo,3550308,True,STT,276,https://moovitapp.com/index/pt-br/transporte_p%C3%BAblico-line-276-Sao_Paulo-242-850661-183276-0,5.3,-23.5968575,-46.51249525,,,,1,2023-06-14T05:31:48+00:00
SAO_3734-10,São Paulo,3550308,True,,33802,,,-23.5558615,-46.468648,,,,2,2023-06-14T05:31:40+00:00
SAO_3734-10,São Paulo,3550308,True,,33802,,,-23.552827,-46.472971,,,,2,2023-06-14T05:31:33+00:00
SAO_3734-10,São Paulo,3550308,True,,33802,,,-23.54176,-46.4834655,,,,2,2023-06-14T05:31:10+00:00
SAO_1745-10,São Paulo,3550308,True,,33314,,,-23.503788375,-46.624660500000005,,,,2,2023-06-14T05:31:19+00:00
SAO_1745-10,São Paulo,3550308,True,,33314,,,-23.470659500000004,-46.6638605,,,,2,2023-06-14T05:31:35+00:00
SAO_575A-10,São Paulo,3550308,True,,1638,,,-23.6018625,-46.5700175,,,,1,2023-06-14T05:29:54+00:00
SAO_575A-10,São Paulo,3550308,True,,1638,,,-23.5410235,-46.577115500000005,,,,1,2023-06-14T05:31:39+00:00
SAO_119C-10,São Paulo,3550308,True,,661,,,-23.5080955,-46.5957845,,,,1,2023-06-14T05:30:03+00:00
SAO_6062-51,São Paulo,3550308,True,,34507,,,-23.7316775,-46.688246500000005,,,,2,2023-06-14T05:31:09+00:00
SAO_6062-51,São Paulo,3550308,True,,34507,,,-23.6975755,-46.700532125,,,,2,2023-06-14T05:31:08+00:00
SAO_1760-10,São Paulo,3550308,True,,33325,,,-23.4575565,-46.65649125,,,,2,2023-06-14T05:31:44+00:00
SAO_1760-10,São Paulo,3550308,True,,33325,,,-23.4891875,-46.63659775000001,,,,2,2023-06-14T05:31:37+00:00
SAO_514T-10,São Paulo,3550308,True,,34439,,,-23.603754000000002,-46.603399499999995,,,,2,2023-06-14T05:31:40+00:00
SAO_514T-10,São Paulo,3550308,True,,34439,,,-23.582715625,-46.5673475,,,,2,2023-06-14T05:31:34+00:00
SAO_514T-10,São Paulo,3550308,True,,34439,,,-23.6026645,-46.60273,,,,2,2023-06-14T05:31:23+00:00
SAO_514T-10,São Paulo,3550308,True,,34439,,,-23.584845,-46.5229395,,,,2,2023-06-14T05:31:46+00:00
SAO_1701-10,São Paulo,3550308,True,EMTU,845,https://moovitapp.com/index/pt-br/transporte_p%C3%BAblico-line-845-Sao_Paulo-242-2038937-36419607-0,5.15,-23.447538,-46.576252999999994,,,,1,2023-06-14T05:31:12+00:00
SAO_1701-10,São Paulo,3550308,True,EMTU,845,https://moovitapp.com/index/pt-br/transporte_p%C3%BAblico-line-845-Sao_Paulo-242-2038937-36419607-0,5.15,-23.48666325,-46.6088145,,,,1,2023-06-14T05:31:29+00:00
SAO_5370-10,São Paulo,3550308,True,,1442,,,-23.629555,-46.686644,,,,1,2023-06-14T05:31:34+00:00
SAO_5370-10,São Paulo,3550308,True,,1442,,,-23.698055749999998,-46.701179749999994,,,,1,2023-06-14T05:31:25+00:00
SAO_5370-10,São Paulo,3550308,True,,1442,,,-23.7673145,-46.7161625,,,,1,2023-06-14T05:31:37+00:00
SAO_8548-10,São Paulo,3550308,True,EMTU,578,https://moovitapp.com/index/pt-br/transporte_p%C3%BAblico-line-578-Sao_Paulo-242-2038937-36419568-0,5.4,-23.435700375000003,-46.717766875,,,,1,2023-06-14T05:31:43+00:00
SAO_8548-10,São Paulo,3550308,True,EMTU,578,https://moovitapp.com/index/pt-br/transporte_p%C3%BAblico-line-578-Sao_Paulo-242-2038937-36419568-0,5.4,-23.519864499999997,-46.700969,,,,1,2023-06-14T05:31:23+00:00
SAO_2705-10,São Paulo,3550308,True,,33685,,,-23.532943000000003,-46.4321125,,,,2,2023-06-14T05:31:17+00:00
SAO_9784-10,São Paulo,3550308,True,,33595,,,-23.490522499999997,-46.655308250000004,,,,2,2023-06-14T05:31:24+00:00
SAO_9784-10,São Paulo,3550308,True,,33595,,,-23.4577905,-46.675678,,,,2,2023-06-14T05:31:46+00:00
SAO_139A-10,São Paulo,3550308,True,,35219,,,-23.4861205,-46.710727500000004,,,,2,2023-06-14T05:31:36+00:00
SAO_1756-10,São Paulo,3550308,True,,547,,,-23.503036,-46.624043,,,,1,2023-06-14T05:31:27+00:00
SAO_8015-10,São Paulo,3550308,True,,1345,,,-23.405729,-46.7548605,,,,1,2023-06-14T05:31:03+00:00
SAO_N532-11,São Paulo,3550308,True,,2384,,,-23.6141215,-46.501234,,,,1,2023-06-14T05:31:33+00:00
SAO_6116-10,São Paulo,3550308,True,,1186,,,-23.75634,-46.66749,,,,1,2023-06-14T05:31:11+00:00
SAO_6116-10,São Paulo,3550308,True,,1186,,,-23.736701500000002,-46.696777499999996,,,,1,2023-06-14T05:31:06+00:00
SAO_2730-10,São Paulo,3550308,True,,33713,,,-23.4996145,-46.450824999999995,,,,2,2023-06-14T05:31:04+00:00
SAO_2730-10,São Paulo,3550308,True,,33713,,,-23.5200645,-46.468615,,,,2,2023-06-14T05:31:23+00:00
SAO_3763-10,São Paulo,3550308,True,,33822,,,-23.5581125,-46.5227855,,,,2,2023-06-14T05:31:34+00:00
SAO_3763-10,São Paulo,3550308,True,,33822,,,-23.565387,-46.5380875,,,,2,2023-06-14T05:31:18+00:00
SAO_3763-10,São Paulo,3550308,True,,33822,,,-23.5663375,-46.5514565,,,,2,2023-06-14T05:31:00+00:00
SAO_3763-10,São Paulo,3550308,True,,33822,,,-23.543301,-46.5748485,,,,2,2023-06-14T05:31:46+00:00
SAO_908T-10,São Paulo,3550308,True,,2116,,,-23.547786000000002,-46.629532999999995,,,,1,2023-06-14T05:31:21+00:00
SAO_6062-51,São Paulo,3550308,True,,1739,,,-23.653879,-46.7107595,,,,1,2023-06-14T05:31:05+00:00
SAO_6062-51,São Paulo,3550308,True,,1739,,,-23.690635999999998,-46.697860000000006,,,,1,2023-06-14T05:31:14+00:00
SAO_6291-10,São Paulo,3550308,True,,33126,,,-23.6444905,-46.7752555,,,,2,2023-06-14T05:31:33+00:00
SAO_6291-10,São Paulo,3550308,True,,33126,,,-23.577006500000003,-46.671992,,,,2,2023-06-14T05:31:45+00:00
SAO_6291-10,São Paulo,3550308,True,,33126,,,-23.5488975,-46.639228,,,,2,2023-06-14T05:31:31+00:00
SAO_8023-10,São Paulo,3550308,True,,2074,,,-23.5909885,-46.79851375,,,,1,2023-06-14T05:31:14+00:00
SAO_N506-11,São Paulo,3550308,True,,35148,,,-23.559445125000003,-46.658842,,,,2,2023-06-14T05:31:45+00:00
SAO_6053-10,São Paulo,3550308,True,,33913,,,-23.767863,-46.661317499999996,,,,2,2023-06-14T05:31:48+00:00
SAO_6053-10,São Paulo,3550308,True,,33913,,,-23.736994000000003,-46.69702,,,,2,2023-06-14T05:31:37+00:00
SAO_6801-10,São Paulo,3550308,True,,32773,,,-23.65665725,-46.731927999999996,,,,2,2023-06-14T05:31:12+00:00
SAO_3791-10,São Paulo,3550308,True,,1069,,,-23.5513165,-46.51211975,,,,1,2023-06-14T05:29:51+00:00
SAO_3791-10,São Paulo,3550308,True,,1069,,,-23.5419325,-46.484893125,,,,1,2023-06-14T05:31:24+00:00
SAO_3206-10,São Paulo,3550308,True,,34880,,,-23.532084500000003,-46.546014,,,,2,2023-06-14T05:31:31+00:00
SAO_6805-31,São Paulo,3550308,True,,1788,,,-23.6551175,-46.762319500000004,,,,1,2023-06-14T05:31:13+00:00
SAO_4112-10,São Paulo,3550308,True,,33535,,,-23.580921500000002,-46.6260625,,,,2,2023-06-14T05:31:41+00:00
SAO_6017-10,São Paulo,3550308,True,,33974,,,-23.6905325,-46.774566500000006,,,,2,2023-06-14T05:31:42+00:00
SAO_8020-10,São Paulo,3550308,True,,1726,,,-23.585871375000004,-46.73753775,,,,1,2023-06-14T05:31:27+00:00
SAO_476A-10,São Paulo,3550308,True,,33072,,,-23.625884125,-46.676454250000006,,,,2,2023-06-14T05:31:45+00:00
SAO_476A-10,São Paulo,3550308,True,,33072,,,-23.599051625,-46.629237249999996,,,,2,2023-06-14T05:31:05+00:00
SAO_3742-10,São Paulo,3550308,True,,1042,,,-23.557015,-46.4453875,,,,1,2023-06-14T05:31:34+00:00
SAO_3742-10,São Paulo,3550308,True,,1042,,,-23.60493325,-46.434424,,,,1,2023-06-14T05:31:13+00:00
SAO_N737-11,São Paulo,3550308,True,,35186,,,-23.690812,-46.77459,,,,2,2023-06-14T05:31:13+00:00
SAO_3301-10,São Paulo,3550308,True,,34386,,,-23.5499195,-46.628721,,,,2,2023-06-14T05:31:05+00:00
SAO_3301-10,São Paulo,3550308,True,,34386,,,-23.507530000000003,-46.4797125,,,,2,2023-06-14T05:31:35+00:00
SAO_3301-10,São Paulo,3550308,True,,34386,,,-23.4915305,-46.434647,,,,2,2023-06-14T05:31:07+00:00
SAO_3301-10,São Paulo,3550308,True,,34386,,,-23.51430775,-46.52650725,,,,2,2023-06-14T05:31:23+00:00
SAO_819A-10,São Paulo,3550308,True,,33571,,,-23.460716750000003,-46.684309,,,,2,2023-06-14T05:31:08+00:00
SAO_819A-10,São Paulo,3550308,True,,33571,,,-23.4876565,-46.6751125,,,,2,2023-06-14T05:31:17+00:00
SAO_819A-10,São Paulo,3550308,True,,33571,,,-23.4351505,-46.7177835,,,,2,2023-06-14T05:31:16+00:00
SAO_6016-41,São Paulo,3550308,True,,1706,,,-23.7356285,-46.694379749999996,,,,1,2023-06-14T05:31:47+00:00
SAO_7281-10,São Paulo,3550308,True,,1334,,,-23.538051,-46.707268,,,,1,2023-06-14T05:31:19+00:00
SAO_7281-10,São Paulo,3550308,True,,1334,,,-23.5508835,-46.677870999999996,,,,1,2023-06-14T05:31:13+00:00
SAO_695V-10,São Paulo,3550308,True,,32776,,,-23.58324825,-46.63735,,,,2,2023-06-14T05:31:15+00:00
SAO_695V-10,São Paulo,3550308,True,,32776,,,-23.582805,-46.6376355,,,,2,2023-06-14T05:31:36+00:00
SAO_695V-10,São Paulo,3550308,True,,32776,,,-23.64481825,-46.71861725,,,,2,2023-06-14T05:31:47+00:00
SAO_5164-10,São Paulo,3550308,True,,34051,,,-23.624087625,-46.640517875,,,,2,2023-06-14T05:31:17+00:00
SAO_5164-10,São Paulo,3550308,True,,34051,,,-23.645801499999997,-46.6450435,,,,2,2023-06-14T05:31:20+00:00
SAO_7458-10,São Paulo,3550308,True,EMTU,496,https://moovitapp.com/index/pt-br/transporte_p%C3%BAblico-line-496-Sao_Paulo-242-2038937-36419521-0,5.4,-23.59181125,-46.73579,,,,1,2023-06-14T05:31:33+00:00
SAO_7458-10,São Paulo,3550308,True,EMTU,496,https://moovitapp.com/index/pt-br/transporte_p%C3%BAblico-line-496-Sao_Paulo-242-2038937-36419521-0,5.4,-23.57958025,-46.79153425,,,,1,2023-06-14T05:31:07+00:00
SAO_263C-10,São Paulo,3550308,True,EMTU,252,https://moovitapp.com/index/pt-br/transporte_p%C3%BAblico-line-252-Sao_Paulo-242-2038937-36419363-0,6.8,-23.523834625000003,-46.414113875,,,,1,2023-06-14T05:31:40+00:00
SAO_263C-10,São Paulo,3550308,True,EMTU,252,https://moovitapp.com/index/pt-br/transporte_p%C3%BAblico-line-252-Sao_Paulo-242-2038937-36419363-0,6.8,-23.53939075,-46.4398695,,,,1,2023-06-14T05:31:26+00:00
SAO_7272-10,São Paulo,3550308,True,,1333,,,-23.523728625000004,-46.703523875,,,,1,2023-06-14T05:31:37+00:00
SAO_6L05-10,São Paulo,3550308,True,,33941,,,-23.8418845,-46.717929,,,,2,2023-06-14T05:31:31+00:00
SAO_6L10-41,São Paulo,3550308,True,,34773,,,-23.7831775,-46.7497645,,,,2,2023-06-14T05:31:46+00:00
SAO_6L10-41,São Paulo,3550308,True,,34773,,,-23.7880685,-46.765596,,,,2,2023-06-14T05:31:17+00:00
SAO_6L10-41,São Paulo,3550308,True,,34773,,,-23.7880685,-46.765596,,,,2,2023-06-14T05:31:46+00:00
SAO_233C-10,São Paulo,3550308,True,,155,,,-23.564484999999998,-46.547264,,,,1,2023-06-14T05:31:39+00:00
SAO_233C-10,São Paulo,3550308,True,,155,,,-23.5374365,-46.49104225,,,,1,2023-06-14T05:31:35+00:00
SAO_N203-11,São Paulo,3550308,True,,2313,,,-23.546077500000003,-46.631047,,,,1,2023-06-14T05:31:13+00:00
SAO_N203-11,São Paulo,3550308,True,,2313,,,-23.480144,-46.6024375,,,,1,2023-06-14T05:31:40+00:00
SAO_917M-10,São Paulo,3550308,True,,1366,,,-23.503671,-46.6774875,,,,1,2023-06-14T05:31:33+00:00
SAO_7013-10,São Paulo,3550308,True,,775,,,-23.612126,-46.754433,,,,1,2023-06-14T05:31:39+00:00
SAO_7267-10,São Paulo,3550308,True,,34195,,,-23.550698750000002,-46.655497249999996,,,,2,2023-06-14T05:31:36+00:00
SAO_7267-10,São Paulo,3550308,True,,34195,,,-23.544144125,-46.638290875,,,,2,2023-06-14T05:31:35+00:00
SAO_746H-10,São Paulo,3550308,True,STT,785,https://moovitapp.com/index/pt-br/transporte_p%C3%BAblico-line-785-Sao_Paulo-242-850661-183353-0,5.3,-23.649475000000002,-46.70701,,,,1,2023-06-14T05:31:30+00:00
SAO_9005-10,São Paulo,3550308,True,,872,,,-23.472319999999996,-46.6704065,,,,1,2023-06-14T05:31:39+00:00
SAO_1775-10,São Paulo,3550308,True,,638,,,-23.5104885,-46.62510475,,,,1,2023-06-14T05:31:12+00:00
SAO_847J-10,São Paulo,3550308,True,,34110,,,-23.4564795,-46.72054,,,,2,2023-06-14T05:31:38+00:00
SAO_N601-11,São Paulo,3550308,True,,2392,,,-23.56357825,-46.64013575,,,,1,2023-06-14T05:31:18+00:00
SAO_709G-10,São Paulo,3550308,True,,34788,,,-23.637452,-46.696471,,,,2,2023-06-14T05:31:45+00:00
SAO_6414-10,São Paulo,3550308,True,EMTU,360,https://moovitapp.com/index/pt-br/transporte_p%C3%BAblico-line-360-Sao_Paulo-242-2038937-36419441-0,5.2,-23.621661500000002,-46.6977385,,,,1,2023-06-14T05:31:16+00:00
SAO_6414-10,São Paulo,3550308,True,EMTU,360,https://moovitapp.com/index/pt-br/transporte_p%C3%BAblico-line-360-Sao_Paulo-242-2038937-36419441-0,5.2,-23.57826025,-46.67097,,,,1,2023-06-14T05:31:29+00:00
SAO_N209-11,São Paulo,3550308,True,,35087,,,-23.4747695,-46.669715,,,,2,2023-06-14T05:31:35+00:00
SAO_4732-10,São Paulo,3550308,True,,33070,,,-23.646155625,-46.60862925000001,,,,2,2023-06-14T05:31:35+00:00
SAO_8032-10,São Paulo,3550308,True,,2545,,,-23.571887,-46.7083135,,,,1,2023-06-14T05:31:38+00:00
SAO_8032-10,São Paulo,3550308,True,,2545,,,-23.564622,-46.713383,,,,1,2023-06-14T05:31:06+00:00
SAO_4708-10,São Paulo,3550308,True,EMTU,332,https://moovitapp.com/index/pt-br/transporte_p%C3%BAblico-line-332-Sao_Paulo-242-2038937-36419418-0,4.5,-23.61249325,-46.61064625,,,,1,2023-06-14T05:31:37+00:00
SAO_2583-10,São Paulo,3550308,True,EMTU,375,https://moovitapp.com/index/pt-br/transporte_p%C3%BAblico-line-375-Sao_Paulo-242-2038937-36419449-0,11.7,-23.5293885,-46.553996,,,,1,2023-06-14T05:31:28+00:00
SAO_2583-10,São Paulo,3550308,True,EMTU,375,https://moovitapp.com/index/pt-br/transporte_p%C3%BAblico-line-375-Sao_Paulo-242-2038937-36419449-0,11.7,-23.49864325,-46.46517275,,,,1,2023-06-14T05:31:24+00:00
SAO_6039-10,São Paulo,3550308,True,,1217,,,-23.660277999999998,-46.768888000000004,,,,1,2023-06-14T05:31:14+00:00
SAO_6039-10,São Paulo,3550308,True,,1217,,,-23.6518805,-46.708862999999994,,,,1,2023-06-14T05:31:31+00:00
SAO_1705-10,São Paulo,3550308,True,,33617,,,-23.4803195,-46.603912,,,,2,2023-06-14T05:31:45+00:00
SAO_1705-10,São Paulo,3550308,True,,33617,,,-23.443153000000002,-46.587354000000005,,,,2,2023-06-14T05:31:42+00:00
SAO_7062-41,São Paulo,3550308,True,,2271,,,-23.649676499999998,-46.7584875,,,,1,2023-06-14T05:31:13+00:00
SAO_407T-10,São Paulo,3550308,True,,34970,,,-23.53828275,-46.440828,,,,2,2023-06-14T05:30:22+00:00
SAO_6069-10,São Paulo,3550308,True,,33922,,,-23.747588999999998,-46.696588000000006,,,,2,2023-06-14T05:31:16+00:00
SAO_6069-10,São Paulo,3550308,True,,33922,,,-23.686371,-46.70228025,,,,2,2023-06-14T05:31:21+00:00
SAO_139A-10,São Paulo,3550308,True,,2451,,,-23.515466375000003,-46.704370624999996,,,,1,2023-06-14T05:31:41+00:00
SAO_875C-1,São Paulo,3550308,True,,2510,,,-23.5648645,-46.6946855,,,,1,2023-06-14T05:31:44+00:00
SAO_875C-1,São Paulo,3550308,True,,2510,,,-23.5227545,-46.700604125,,,,1,2023-06-14T05:31:33+00:00
SAO_5015-10,São Paulo,3550308,True,,33887,,,-23.680304,-46.641373,,,,2,2023-06-14T05:24:05+00:00
SAO_4716-10,São Paulo,3550308,True,,33874,,,-23.59871175,-46.638375749999994,,,,2,2023-06-14T05:31:23+00:00
SAO_4716-10,São Paulo,3550308,True,,33874,,,-23.6123605,-46.618151999999995,,,,2,2023-06-14T05:31:16+00:00
SAO_6338-10,São Paulo,3550308,True,,34061,,,-23.66527,-46.6512055,,,,2,2023-06-14T05:31:22+00:00
SAO_6338-10,São Paulo,3550308,True,,34061,,,-23.6721485,-46.645281999999995,,,,2,2023-06-14T05:31:20+00:00
SAO_577T-10,São Paulo,3550308,True,,34059,,,-23.6697135,-46.648595,,,,2,2023-06-14T05:31:09+00:00
SAO_577T-10,São Paulo,3550308,True,,34059,,,-23.61845,-46.6392775,,,,2,2023-06-14T05:31:23+00:00
SAO_408A-10,São Paulo,3550308,True,,766,,,-23.544046,-46.65810999999999,,,,1,2023-06-14T05:31:14+00:00
SAO_6051-31,São Paulo,3550308,True,,1606,,,-23.7688625,-46.7155645,,,,1,2023-06-14T05:31:10+00:00
SAO_2522-10,São Paulo,3550308,True,,32908,,,-23.516551999999997,-46.426590250000004,,,,2,2023-06-14T05:31:05+00:00
SAO_2522-10,São Paulo,3550308,True,,32908,,,-23.5278695,-46.447181,,,,2,2023-06-14T05:31:47+00:00
SAO_6803-10,São Paulo,3550308,True,,32797,,,-23.6548925,-46.753122,,,,2,2023-06-14T05:31:48+00:00
SAO_6071-10,São Paulo,3550308,True,,1156,,,-23.65503275,-46.701815249999996,,,,1,2023-06-14T05:31:28+00:00
SAO_6071-10,São Paulo,3550308,True,,1156,,,-23.707628,-46.6883165,,,,1,2023-06-14T05:31:05+00:00
SAO_6071-10,São Paulo,3550308,True,,1156,,,-23.717939,-46.6858125,,,,1,2023-06-14T05:31:24+00:00
SAO_4112-10,São Paulo,3550308,True,,767,,,-23.5627685,-46.6316325,,,,1,2023-06-14T05:31:40+00:00
SAO_8055-51,São Paulo,3550308,True,,33185,,,-23.4939325,-46.758435750000004,,,,2,2023-06-14T05:31:38+00:00
SAO_8055-51,São Paulo,3550308,True,,33185,,,-23.409594,-46.762107,,,,2,2023-06-14T05:31:09+00:00
SAO_1178-33,São Paulo,3550308,True,,34778,,,-23.5041175,-46.432467,,,,2,2023-06-14T05:31:38+00:00
SAO_8542-21,São Paulo,3550308,True,,1361,,,-23.519666,-46.700277,,,,1,2023-06-14T05:31:18+00:00
SAO_7272-10,São Paulo,3550308,True,,34101,,,-23.543237750000003,-46.64136375,,,,2,2023-06-14T05:30:56+00:00
SAO_6049-10,São Paulo,3550308,True,,34077,,,-23.660775,-46.778054,,,,2,2023-06-14T05:31:28+00:00
SAO_6026-10,São Paulo,3550308,True,,87,,,-23.7292675,-46.7174,,,,1,2023-06-14T05:31:38+00:00
SAO_6026-10,São Paulo,3550308,True,,87,,,-23.6622935,-46.69279,,,,1,2023-06-14T05:31:15+00:00
SAO_N142-11,São Paulo,3550308,True,,2298,,,-23.4866745,-46.725972999999996,,,,1,2023-06-14T05:31:04+00:00
SAO_3023-10,São Paulo,3550308,True,,33728,,,-23.564628499999998,-46.505382999999995,,,,2,2023-06-14T05:31:31+00:00
SAO_3023-10,São Paulo,3550308,True,,33728,,,-23.6114825,-46.475153000000006,,,,2,2023-06-14T05:31:24+00:00
SAO_8047-10,São Paulo,3550308,True,EMTU,408,https://moovitapp.com/index/pt-br/transporte_p%C3%BAblico-line-408-Sao_Paulo-242-2038937-36419468-0,7.55,-23.486551,-46.7614455,,,,1,2023-06-14T05:31:03+00:00
SAO_8047-10,São Paulo,3550308,True,EMTU,408,https://moovitapp.com/index/pt-br/transporte_p%C3%BAblico-line-408-Sao_Paulo-242-2038937-36419468-0,7.55,-23.522560249999998,-46.70887625,,,,1,2023-06-14T05:31:15+00:00
SAO_8047-10,São Paulo,3550308,True,EMTU,408,https://moovitapp.com/index/pt-br/transporte_p%C3%BAblico-line-408-Sao_Paulo-242-2038937-36419468-0,7.55,-23.453830500000002,-46.749128999999996,,,,1,2023-06-14T05:31:10+00:00
SAO_3003-10,São Paulo,3550308,True,,34565,,,-23.478614,-46.428421,,,,2,2023-06-14T05:31:40+00:00
SAO_809R-10,São Paulo,3550308,True,,34835,,,-23.5658345,-46.751884000000004,,,,2,2023-06-14T05:31:24+00:00
SAO_6820-31,São Paulo,3550308,True,,1406,,,-23.653719000000002,-46.762564,,,,1,2023-06-14T05:31:46+00:00
SAO_1024-10,São Paulo,3550308,True,,2302,,,-23.461319000000003,-46.7094535,,,,1,2023-06-14T05:31:14+00:00
SAO_1024-10,São Paulo,3550308,True,,2302,,,-23.4757675,-46.695800000000006,,,,1,2023-06-14T05:31:13+00:00
SAO_3712-10,São Paulo,3550308,True,,33777,,,-23.54950875,-46.431876375,,,,2,2023-06-14T05:31:12+00:00
SAO_3712-10,São Paulo,3550308,True,,33777,,,-23.55296125,-46.42555625,,,,2,2023-06-14T05:31:10+00:00
SAO_5030-10,São Paulo,3550308,True,,1669,,,-23.641288,-46.600836,,,,1,2023-06-14T05:31:12+00:00
SAO_9188-10,São Paulo,3550308,True,,33577,,,-23.446334999999998,-46.722477,,,,2,2023-06-14T05:31:08+00:00
SAO_6084-10,São Paulo,3550308,True,,1169,,,-23.7688625,-46.7155645,,,,1,2023-06-14T05:31:18+00:00
SAO_278A-10,São Paulo,3550308,True,,33474,,,-23.5215805,-46.529390500000005,,,,2,2023-06-14T05:31:37+00:00
SAO_278A-10,São Paulo,3550308,True,,33474,,,-23.5146405,-46.6262935,,,,2,2023-06-14T05:31:17+00:00
SAO_805L-10,São Paulo,3550308,True,,32892,,,-23.5675121875,-46.649083437499996,,,,2,2023-06-14T05:31:23+00:00
SAO_805L-10,São Paulo,3550308,True,,32892,,,-23.5355075,-46.644417000000004,,,,2,2023-06-14T05:31:23+00:00
SAO_407Y-10,São Paulo,3550308,True,,34974,,,-23.5754245,-46.5716805,,,,2,2023-06-14T05:31:23+00:00
SAO_627J-10,São Paulo,3550308,True,,34824,,,-23.66116725,-46.637347000000005,,,,2,2023-06-14T05:31:30+00:00
SAO_8019-31,São Paulo,3550308,True,,35342,,,-23.539228625,-46.757734625,,,,2,2023-06-14T05:31:44+00:00
SAO_174M-10,São Paulo,3550308,True,,33441,,,-23.511257375,-46.624893,,,,2,2023-06-14T05:31:23+00:00
SAO_174M-10,São Paulo,3550308,True,,33441,,,-23.487555999999998,-46.5742625,,,,2,2023-06-14T05:31:42+00:00
SAO_174M-10,São Paulo,3550308,True,,33441,,,-23.4796325,-46.6107155,,,,2,2023-06-14T05:31:26+00:00
SAO_174M-10,São Paulo,3550308,True,,33441,,,-23.577151999999998,-46.6081955,,,,2,2023-06-14T05:31:09+00:00
SAO_1016-10,São Paulo,3550308,True,EMTU,831,https://moovitapp.com/index/pt-br/transporte_p%C3%BAblico-line-831-Sao_Paulo-242-2038937-36419598-0,5.7,-23.4467025,-46.612065,,,,1,2023-06-14T05:31:14+00:00
SAO_3001-10,São Paulo,3550308,True,,34418,,,-23.513059249999998,-46.3758725,,,,2,2023-06-14T05:31:26+00:00
SAO_3001-10,São Paulo,3550308,True,,34418,,,-23.491646000000003,-46.434507499999995,,,,2,2023-06-14T05:31:04+00:00
SAO_N801-11,São Paulo,3550308,True,,35196,,,-23.569049500000002,-46.6871225,,,,2,2023-06-14T05:31:48+00:00
SAO_707K-10,São Paulo,3550308,True,,2503,,,-23.648754500000003,-46.661461,,,,1,2023-06-14T05:31:15+00:00
SAO_7062-31,São Paulo,3550308,True,,34682,,,-23.6463475,-46.7730035,,,,2,2023-06-14T05:31:39+00:00
SAO_7062-31,São Paulo,3550308,True,,34682,,,-23.6463475,-46.7730035,,,,2,2023-06-14T05:31:21+00:00
SAO_4016-10,São Paulo,3550308,True,,2189,,,-23.613115999999998,-46.476499,,,,1,2023-06-14T05:31:15+00:00
SAO_4016-10,São Paulo,3550308,True,,2189,,,-23.613342000000003,-46.476561000000004,,,,1,2023-06-14T05:31:33+00:00
SAO_6076-41,São Paulo,3550308,True,,1986,,,-23.70004375,-46.701075625,,,,1,2023-06-14T05:31:43+00:00
SAO_978A-10,São Paulo,3550308,True,,34137,,,-23.506533875000002,-46.689030375,,,,2,2023-06-14T05:31:41+00:00
SAO_978A-10,São Paulo,3550308,True,,34137,,,-23.4762785,-46.672192499999994,,,,2,2023-06-14T05:31:36+00:00
SAO_8544-10,São Paulo,3550308,True,EMTU,430,https://moovitapp.com/index/pt-br/transporte_p%C3%BAblico-line-430-Sao_Paulo-242-2038937-36584270-0,5.2,-23.542927,-46.6365225,,,,1,2023-06-14T05:31:40+00:00
SAO_8544-10,São Paulo,3550308,True,EMTU,430,https://moovitapp.com/index/pt-br/transporte_p%C3%BAblico-line-430-Sao_Paulo-242-2038937-36584270-0,5.2,-23.468055,-46.7248625,,,,1,2023-06-14T05:31:25+00:00
SAO_4085-10,São Paulo,3550308,True,,2156,,,-23.569565,-46.428962,,,,1,2023-06-14T05:24:32+00:00
SAO_4085-10,São Paulo,3550308,True,,2156,,,-23.5426165,-46.4711865,,,,1,2023-06-14T05:31:30+00:00
SAO_2772-10,São Paulo,3550308,True,,398,,,-23.5235135,-46.410546499999995,,,,1,2023-06-14T05:31:25+00:00
SAO_8300-10,São Paulo,3550308,True,,1264,,,-23.485881499999998,-46.725865,,,,1,2023-06-14T05:31:35+00:00
SAO_8300-10,São Paulo,3550308,True,,1264,,,-23.494314,-46.7092325,,,,1,2023-06-14T05:31:37+00:00
SAO_2720-10,São Paulo,3550308,True,,33701,,,-23.507659,-46.4908995,,,,2,2023-06-14T05:31:13+00:00
SAO_2720-10,São Paulo,3550308,True,,33701,,,-23.514655124999997,-46.50667975,,,,2,2023-06-14T05:31:16+00:00
SAO_2720-10,São Paulo,3550308,True,,33701,,,-23.5288095,-46.517675499999996,,,,2,2023-06-14T05:31:48+00:00
SAO_2720-10,São Paulo,3550308,True,,33701,,,-23.489454000000002,-46.470586499999996,,,,2,2023-06-14T05:31:29+00:00
SAO_2731-10,São Paulo,3550308,True,,33714,,,-23.538100375,-46.454151374999995,,,,2,2023-06-14T05:31:22+00:00
SAO_189L-10,São Paulo,3550308,True,,2450,,,-23.510699,-46.705584,,,,1,2023-06-14T05:31:13+00:00
SAO_6805-10,São Paulo,3550308,True,,31,,,-23.6587635,-46.7430065,,,,1,2023-06-14T05:31:09+00:00
SAO_778J-41,São Paulo,3550308,True,,1486,,,-23.587121562500002,-46.799738624999996,,,,1,2023-06-14T05:31:44+00:00
SAO_3032-10,São Paulo,3550308,True,STT,720,https://moovitapp.com/index/pt-br/transporte_p%C3%BAblico-line-720-Sao_Paulo-242-850661-183345-0,5.3,-23.562509,-46.516124,,,,1,2023-06-14T05:31:43+00:00
SAO_8009-10,São Paulo,3550308,True,,34027,,,-23.433639499999998,-46.751054999999994,,,,2,2023-06-14T05:31:27+00:00
SAO_314J-10,São Paulo,3550308,True,,33078,,,-23.573319625,-46.610918749999996,,,,2,2023-06-14T05:31:09+00:00
SAO_314J-10,São Paulo,3550308,True,,33078,,,-23.60672175,-46.511289875,,,,2,2023-06-14T05:31:40+00:00
SAO_9002-10,São Paulo,3550308,True,,33638,,,-23.458088500000002,-46.6717525,,,,2,2023-06-14T05:31:36+00:00
SAO_9002-10,São Paulo,3550308,True,,33638,,,-23.459767,-46.665929500000004,,,,2,2023-06-14T05:31:26+00:00
SAO_2079-10,São Paulo,3550308,True,,33138,,,-23.515093999999998,-46.385408999999996,,,,2,2023-06-14T05:31:41+00:00
SAO_2079-10,São Paulo,3550308,True,,33138,,,-23.494310499999997,-46.402223,,,,2,2023-06-14T05:31:13+00:00
SAO_2079-10,São Paulo,3550308,True,,33138,,,-23.494310499999997,-46.402223,,,,2,2023-06-14T05:31:23+00:00
SAO_6059-10,São Paulo,3550308,True,,33994,,,-23.6515555,-46.7337945,,,,2,2023-06-14T05:31:16+00:00
SAO_6059-10,São Paulo,3550308,True,,33994,,,-23.6794975,-46.7422225,,,,2,2023-06-14T05:31:32+00:00
SAO_648P-10,São Paulo,3550308,True,,66,,,-23.588738999999997,-46.6876635,,,,1,2023-06-14T05:31:09+00:00
SAO_648P-10,São Paulo,3550308,True,,66,,,-23.6545265,-46.762821,,,,1,2023-06-14T05:31:18+00:00
SAO_4002-10,São Paulo,3550308,True,,2177,,,-23.559530000000002,-46.465918,,,,1,2023-06-14T05:31:07+00:00
SAO_N308-11,São Paulo,3550308,True,,35110,,,-23.542833,-46.4712255,,,,2,2023-06-14T05:31:37+00:00
SAO_5018-31,São Paulo,3550308,True,,34629,,,-23.6480225,-46.641234999999995,,,,2,2023-06-14T05:31:25+00:00
SAO_675K-10,São Paulo,3550308,True,,32966,,,-23.598398125,-46.642908750000004,,,,2,2023-06-14T05:31:38+00:00
SAO_675K-10,São Paulo,3550308,True,,32966,,,-23.60476975,-46.663418500000006,,,,2,2023-06-14T05:31:27+00:00
SAO_675K-10,São Paulo,3550308,True,,32966,,,-23.669655,-46.7366765,,,,2,2023-06-14T05:31:27+00:00
SAO_4708-10,São Paulo,3550308,True,,33100,,,-23.619184,-46.608797,,,,2,2023-06-14T05:31:39+00:00
SAO_208M-10,São Paulo,3550308,True,,2478,,,-23.565859,-46.7013775,,,,1,2023-06-14T05:31:21+00:00
SAO_208M-10,São Paulo,3550308,True,,2478,,,-23.5225045,-46.659496000000004,,,,1,2023-06-14T05:31:46+00:00
SAO_775F-31,São Paulo,3550308,True,,2488,,,-23.63103775,-46.73734375,,,,1,2023-06-14T05:31:30+00:00
SAO_8055-10,São Paulo,3550308,True,,414,,,-23.48802125,-46.768007499999996,,,,1,2023-06-14T05:31:39+00:00
SAO_8055-10,São Paulo,3550308,True,,414,,,-23.5028955,-46.7543515,,,,1,2023-06-14T05:31:16+00:00
SAO_8055-10,São Paulo,3550308,True,,414,,,-23.4963685,-46.755108750000005,,,,1,2023-06-14T05:31:04+00:00
SAO_7903-10,São Paulo,3550308,True,,512,,,-23.585499999999996,-46.7635585,,,,1,2023-06-14T05:31:10+00:00
SAO_2523-10,São Paulo,3550308,True,,33018,,,-23.521690999999997,-46.4250675,,,,2,2023-06-14T05:31:41+00:00
SAO_2523-10,São Paulo,3550308,True,,33018,,,-23.5183655,-46.439734,,,,2,2023-06-14T05:30:56+00:00
SAO_2523-10,São Paulo,3550308,True,,33018,,,-23.5216,-46.4253885,,,,2,2023-06-14T05:31:36+00:00
SAO_2523-10,São Paulo,3550308,True,,33018,,,-23.5216,-46.4253885,,,,2,2023-06-14T05:31:28+00:00
SAO_2105-10,São Paulo,3550308,True,,35015,,,-23.434998,-46.5813665,,,,2,2023-06-14T05:31:42+00:00
SAO_2105-10,São Paulo,3550308,True,,35015,,,-23.4400605,-46.576306,,,,2,2023-06-14T05:29:48+00:00
SAO_2735-10,São Paulo,3550308,True,,1921,,,-23.5256875,-46.549023500000004,,,,1,2023-06-14T05:31:17+00:00
SAO_2735-10,São Paulo,3550308,True,,1921,,,-23.4808408125,-46.502381,,,,1,2023-06-14T05:31:19+00:00
SAO_2735-10,São Paulo,3550308,True,,1921,,,-23.501238999999998,-46.53284775,,,,1,2023-06-14T05:31:26+00:00
SAO_1730-10,São Paulo,3550308,True,,33633,,,-23.5115375,-46.6218,,,,2,2023-06-14T05:31:40+00:00
SAO_1730-10,São Paulo,3550308,True,,33633,,,-23.502815,-46.623698,,,,2,2023-06-14T05:31:38+00:00
SAO_2767-10,São Paulo,3550308,True,EMTU,241,https://moovitapp.com/index/pt-br/transporte_p%C3%BAblico-line-241-Sao_Paulo-242-2038937-36419354-0,5.15,-23.5143955,-46.519346999999996,,,,1,2023-06-14T05:31:32+00:00
SAO_N703-11,São Paulo,3550308,True,,35176,,,-23.6902125,-46.773815,,,,2,2023-06-14T05:31:32+00:00
SAO_N703-11,São Paulo,3550308,True,,35176,,,-23.6901525,-46.774198999999996,,,,2,2023-06-14T05:31:17+00:00
SAO_7059-10,São Paulo,3550308,True,,1924,,,-23.6365825,-46.7782305,,,,1,2023-06-14T05:31:41+00:00
SAO_6012-31,São Paulo,3550308,True,,34544,,,-23.6869815,-46.7875065,,,,2,2023-06-14T05:31:10+00:00
SAO_2435-10,São Paulo,3550308,True,Cidade de Caieiras,210,https://moovitapp.com/index/pt-br/transporte_p%C3%BAblico-line-210-Sao_Paulo-242-868761-496408-0,5.0,-23.529806,-46.49673799999999,,,,1,2023-06-14T05:31:41+00:00
SAO_2435-10,São Paulo,3550308,True,Cidade de Caieiras,210,https://moovitapp.com/index/pt-br/transporte_p%C3%BAblico-line-210-Sao_Paulo-242-868761-496408-0,5.0,-23.528722000000002,-46.5544085,,,,1,2023-06-14T05:31:04+00:00
SAO_N501-11,São Paulo,3550308,True,,2375,,,-23.546035500000002,-46.6306175,,,,1,2023-06-14T05:31:14+00:00
SAO_6817-10,São Paulo,3550308,True,,32795,,,-23.6603265,-46.7674475,,,,2,2023-06-14T05:31:08+00:00
SAO_6817-10,São Paulo,3550308,True,,32795,,,-23.684784,-46.782332499999995,,,,2,2023-06-14T05:31:08+00:00
SAO_6820-31,São Paulo,3550308,True,,34174,,,-23.66166175,-46.780684750000006,,,,2,2023-06-14T05:31:22+00:00
SAO_6820-31,São Paulo,3550308,True,,34174,,,-23.658609,-46.78921425,,,,2,2023-06-14T05:31:10+00:00
SAO_2590-10,São Paulo,3550308,True,,33680,,,-23.543049125,-46.61677125,,,,2,2023-06-14T05:31:16+00:00
SAO_2590-10,São Paulo,3550308,True,,33680,,,-23.4846215,-46.496114,,,,2,2023-06-14T05:30:25+00:00
SAO_8022-10,São Paulo,3550308,True,,34853,,,-23.56901275,-46.73457075,,,,2,2023-06-14T05:31:39+00:00
SAO_8022-10,São Paulo,3550308,True,,34853,,,-23.568505000000002,-46.731221500000004,,,,2,2023-06-14T05:31:16+00:00
SAO_8022-10,São Paulo,3550308,True,,34853,,,-23.5716415,-46.7082335,,,,2,2023-06-14T05:31:18+00:00
SAO_7725-10,São Paulo,3550308,True,,33240,,,-23.5452665625,-46.710906625,,,,2,2023-06-14T05:31:14+00:00
SAO_7725-10,São Paulo,3550308,True,,33240,,,-23.5687575,-46.7626855,,,,2,2023-06-14T05:31:44+00:00
SAO_6806-10,São Paulo,3550308,True,BR7 Mobilidade,32,https://moovitapp.com/index/pt-br/transporte_p%C3%BAblico-line-32-Sao_Paulo-242-851856-586488-0,5.75,-23.640328,-46.74752075,,,,1,2023-06-14T05:31:21+00:00
SAO_574A-10,São Paulo,3550308,True,,33370,,,-23.651572125,-46.638682124999995,,,,2,2023-06-14T05:31:48+00:00
SAO_574A-10,São Paulo,3550308,True,,33370,,,-23.59326775,-46.6366685,,,,2,2023-06-14T05:31:10+00:00
SAO_8075-21,São Paulo,3550308,True,,35305,,,-23.606322000000002,-46.748422250000004,,,,2,2023-06-14T05:31:22+00:00
SAO_N603-11,São Paulo,3550308,True,,35162,,,-23.5665885,-46.701569500000005,,,,2,2023-06-14T05:31:12+00:00
SAO_4286-10,São Paulo,3550308,True,,326,,,-23.610093499999998,-46.5294835,,,,1,2023-06-14T05:31:18+00:00
SAO_2182-10,São Paulo,3550308,True,STT,700,https://moovitapp.com/index/pt-br/transporte_p%C3%BAblico-line-700-Sao_Paulo-242-850661-183337-0,5.3,-23.481513999999997,-46.5715465,,,,1,2023-06-14T05:31:40+00:00
SAO_2182-10,São Paulo,3550308,True,STT,700,https://moovitapp.com/index/pt-br/transporte_p%C3%BAblico-line-700-Sao_Paulo-242-850661-183337-0,5.3,-23.51365075,-46.583479499999996,,,,1,2023-06-14T05:31:07+00:00
SAO_8538-10,São Paulo,3550308,True,,1359,,,-23.542485499999998,-46.635850500000004,,,,1,2023-06-14T05:31:43+00:00
SAO_3008-10,São Paulo,3550308,True,,2515,,,-23.523311999999997,-46.3965295,,,,1,2023-06-14T05:31:26+00:00
SAO_8019-10,São Paulo,3550308,True,,34839,,,-23.554809750000004,-46.75622725,,,,2,2023-06-14T05:31:41+00:00
SAO_6051-10,São Paulo,3550308,True,,33911,,,-23.7621455,-46.689133,,,,2,2023-06-14T05:31:27+00:00
SAO_6051-10,São Paulo,3550308,True,,33911,,,-23.7621455,-46.689133,,,,2,2023-06-14T05:31:17+00:00
SAO_6051-10,São Paulo,3550308,True,,33911,,,-23.7621455,-46.689133,,,,2,2023-06-14T05:31:15+00:00
SAO_476A-10,São Paulo,3550308,True,,304,,,-23.6279505,-46.662186500000004,,,,1,2023-06-14T05:31:39+00:00
SAO_476A-10,São Paulo,3550308,True,,304,,,-23.576825625,-46.60403637500001,,,,1,2023-06-14T05:31:12+00:00
SAO_1701-10,São Paulo,3550308,True,,33613,,,-23.447903750000002,-46.57596337499999,,,,2,2023-06-14T05:31:29+00:00
SAO_1701-10,São Paulo,3550308,True,,33613,,,-23.4812645,-46.603043,,,,2,2023-06-14T05:31:06+00:00
SAO_5034-10,São Paulo,3550308,True,,1663,,,-23.60528875,-46.599537624999996,,,,1,2023-06-14T05:31:31+00:00
SAO_5034-10,São Paulo,3550308,True,,1663,,,-23.6463425,-46.5955115,,,,1,2023-06-14T05:31:05+00:00
SAO_2088-10,São Paulo,3550308,True,,33140,,,-23.495269,-46.404499,,,,2,2023-06-14T05:31:46+00:00
SAO_8001-10,São Paulo,3550308,True,,1251,,,-23.5196005,-46.700601,,,,1,2023-06-14T05:31:32+00:00
SAO_6063-10,São Paulo,3550308,True,,1152,,,-23.766607,-46.716176000000004,,,,1,2023-06-14T05:31:17+00:00
SAO_6L08-10,São Paulo,3550308,True,,1182,,,-23.827219,-46.71281125,,,,1,2023-06-14T05:31:12+00:00
SAO_119L-10,São Paulo,3550308,True,,35041,,,-23.4870635,-46.767631625,,,,2,2023-06-14T05:31:29+00:00
SAO_2735-10,São Paulo,3550308,True,,34689,,,-23.479697,-46.501482249999995,,,,2,2023-06-14T05:31:46+00:00
SAO_2735-10,São Paulo,3550308,True,,34689,,,-23.532947,-46.545554,,,,2,2023-06-14T05:31:17+00:00
SAO_8030-10,São Paulo,3550308,True,,2562,,,-23.599493000000002,-46.734613749999994,,,,1,2023-06-14T05:31:38+00:00
SAO_8030-10,São Paulo,3550308,True,,2562,,,-23.59181125,-46.73579,,,,1,2023-06-14T05:31:10+00:00
SAO_1787-10,São Paulo,3550308,True,,33418,,,-23.4593985,-46.62359925,,,,2,2023-06-14T05:31:34+00:00
SAO_3020-10,São Paulo,3550308,True,,958,,,-23.539859999999997,-46.439590499999994,,,,1,2023-06-14T05:31:42+00:00
SAO_3020-10,São Paulo,3550308,True,,958,,,-23.565172,-46.482924,,,,1,2023-06-14T05:31:07+00:00
SAO_8545-10,São Paulo,3550308,True,,1364,,,-23.504166499999997,-46.6937995,,,,1,2023-06-14T05:31:20+00:00
SAO_2016-10,São Paulo,3550308,True,,33670,,,-23.497147,-46.377221000000006,,,,2,2023-06-14T05:31:16+00:00
SAO_1767-10,São Paulo,3550308,True,,628,,,-23.47470675,-46.56185125,,,,1,2023-06-14T05:31:02+00:00
SAO_1767-10,São Paulo,3550308,True,,628,,,-23.473826,-46.5661475,,,,1,2023-06-14T05:31:31+00:00
SAO_477U-10,São Paulo,3550308,True,,33074,,,-23.589077250000003,-46.6134895,,,,2,2023-06-14T05:31:43+00:00
SAO_8021-10,São Paulo,3550308,True,,34841,,,-23.576906,-46.7658355,,,,2,2023-06-14T05:31:17+00:00
SAO_6L02-10,São Paulo,3550308,True,,1178,,,-23.87622,-46.738834499999996,,,,1,2023-06-14T05:31:24+00:00
SAO_8023-10,São Paulo,3550308,True,,34842,,,-23.584821499999997,-46.745107000000004,,,,2,2023-06-14T05:31:24+00:00
SAO_2100-10,São Paulo,3550308,True,,33481,,,-23.55918175,-46.58243325,,,,2,2023-06-14T05:31:22+00:00
SAO_2100-10,São Paulo,3550308,True,,33481,,,-23.571008499999998,-46.5311175,,,,2,2023-06-14T05:31:27+00:00
SAO_2100-10,São Paulo,3550308,True,,33481,,,-23.5459115,-46.621572,,,,2,2023-06-14T05:31:14+00:00
SAO_9162-10,São Paulo,3550308,True,,34133,,,-23.486944,-46.6590985,,,,2,2023-06-14T05:31:07+00:00
SAO_5100-10,São Paulo,3550308,True,,34138,,,-23.558980000000002,-46.642120500000004,,,,2,2023-06-14T05:31:22+00:00
SAO_4491-10,São Paulo,3550308,True,EMTU,327,https://moovitapp.com/index/pt-br/transporte_p%C3%BAblico-line-327-Sao_Paulo-242-2038937-36419415-0,5.35,-23.6497095,-46.60154,,,,1,2023-06-14T05:30:46+00:00
SAO_407M-10,São Paulo,3550308,True,,33086,,,-23.5757655,-46.6136105,,,,2,2023-06-14T05:31:07+00:00
SAO_6034-10,São Paulo,3550308,True,,95,,,-23.750869,-46.688227,,,,1,2023-06-14T05:31:10+00:00
SAO_6034-10,São Paulo,3550308,True,,95,,,-23.753704,-46.6872095,,,,1,2023-06-14T05:31:29+00:00
SAO_4052-10,São Paulo,3550308,True,,2145,,,-23.542498000000002,-46.471391499999996,,,,1,2023-06-14T05:31:01+00:00
SAO_5018-31,São Paulo,3550308,True,,1861,,,-23.6783435,-46.644641,,,,1,2023-06-14T05:31:20+00:00
SAO_5705-10,São Paulo,3550308,True,,1657,,,-23.565323,-46.639509687499995,,,,1,2023-06-14T05:31:29+00:00
SAO_3901-10,São Paulo,3550308,True,,1469,,,-23.52168475,-46.525845000000004,,,,1,2023-06-14T05:31:07+00:00
SAO_1758-10,São Paulo,3550308,True,EMTU,552,https://moovitapp.com/index/pt-br/transporte_p%C3%BAblico-line-552-Sao_Paulo-242-2038937-36419556-0,6.8,-23.480925999999997,-46.632119,,,,1,2023-06-14T05:31:42+00:00
SAO_6835-10,São Paulo,3550308,True,,32780,,,-23.6614595,-46.768571,,,,2,2023-06-14T05:31:08+00:00
SAO_714C-10,São Paulo,3550308,True,,487,,,-23.556463,-46.6654235,,,,1,2023-06-14T05:31:14+00:00
SAO_714C-10,São Paulo,3550308,True,,487,,,-23.589663,-46.7715915,,,,1,2023-06-14T05:31:27+00:00
SAO_4008-21,São Paulo,3550308,True,,35295,,,-23.574430500000002,-46.4451555,,,,2,2023-06-14T05:31:23+00:00
SAO_4286-10,São Paulo,3550308,True,,33094,,,-23.6083435,-46.53635375,,,,2,2023-06-14T05:31:33+00:00
SAO_3737-10,São Paulo,3550308,True,,1037,,,-23.551135,-46.5077045,,,,1,2023-06-14T05:31:25+00:00
SAO_3737-10,São Paulo,3550308,True,,1037,,,-23.559866,-46.5055195,,,,1,2023-06-14T05:31:43+00:00
SAO_1720-21,São Paulo,3550308,True,,1937,,,-23.4840385,-46.573389,,,,1,2023-06-14T05:29:46+00:00
SAO_4115-10,São Paulo,3550308,True,EMTU,322,https://moovitapp.com/index/pt-br/transporte_p%C3%BAblico-line-322-Sao_Paulo-242-2038937-36419412-0,6.2,-23.586965,-46.6204845,,,,1,2023-06-14T05:31:31+00:00
SAO_5026-10,São Paulo,3550308,True,,1635,,,-23.610114250000002,-46.500593,,,,1,2023-06-14T05:31:47+00:00
SAO_5015-10,São Paulo,3550308,True,,1119,,,-23.646787,-46.638737,,,,1,2023-06-14T05:31:07+00:00
SAO_5015-10,São Paulo,3550308,True,,1119,,,-23.6924525,-46.659774999999996,,,,1,2023-06-14T05:31:14+00:00
SAO_8018-10,São Paulo,3550308,True,,2070,,,-23.5971935,-46.738200500000005,,,,1,2023-06-14T05:31:22+00:00
SAO_809U-10,São Paulo,3550308,True,,35022,,,-23.5526805,-46.731851500000005,,,,2,2023-06-14T05:31:43+00:00
SAO_4115-10,São Paulo,3550308,True,,33090,,,-23.543599,-46.641833,,,,2,2023-06-14T05:31:22+00:00
SAO_4115-10,São Paulo,3550308,True,,33090,,,-23.62159825,-46.62854025,,,,2,2023-06-14T05:31:38+00:00
SAO_8002-10,São Paulo,3550308,False,,1252,,,-23.515147,-46.725674,,,,1,2023-06-14T05:31:38+00:00
SAO_5705-10,São Paulo,3550308,True,,34425,,,-23.603344,-46.60414,,,,2,2023-06-14T05:31:38+00:00
SAO_3459-23,São Paulo,3550308,True,,33172,,,-23.5165205,-46.385602000000006,,,,2,2023-06-14T05:31:47+00:00
SAO_930P-10,São Paulo,3550308,True,,34883,,,-23.551276,-46.640491499999996,,,,2,2023-06-14T05:31:24+00:00
SAO_930P-10,São Paulo,3550308,True,,34883,,,-23.546217,-46.6305745,,,,2,2023-06-14T05:31:40+00:00
SAO_6031-10,São Paulo,3550308,True,,32860,,,-23.752253250000003,-46.6987915,,,,2,2023-06-14T05:31:14+00:00
SAO_3735-41,São Paulo,3550308,True,,34688,,,-23.541323,-46.4845135,,,,2,2023-06-14T05:31:12+00:00
SAO_4732-31,São Paulo,3550308,True,,2127,,,-23.61897725,-46.637902249999996,,,,1,2023-06-14T05:31:30+00:00
SAO_6835-31,São Paulo,3550308,True,,1407,,,-23.694444,-46.796903,,,,1,2023-06-14T05:31:47+00:00
SAO_809N-10,São Paulo,3550308,True,,35012,,,-23.568452999999998,-46.765302,,,,2,2023-06-14T05:31:22+00:00
SAO_N640-11,São Paulo,3550308,True,,2405,,,-23.6541005,-46.710821,,,,1,2023-06-14T05:31:28+00:00
SAO_7050-10,São Paulo,3550308,True,,1884,,,-23.6486025,-46.779092,,,,1,2023-06-14T05:31:06+00:00
SAO_2363-10,São Paulo,3550308,True,,135,,,-23.535285000000002,-46.5829895,,,,1,2023-06-14T05:31:13+00:00
SAO_2363-10,São Paulo,3550308,True,,135,,,-23.523282875,-46.548980125,,,,1,2023-06-14T05:31:42+00:00
SAO_5010-10,São Paulo,3550308,True,,33882,,,-23.645241249999998,-46.658818249999996,,,,2,2023-06-14T05:31:12+00:00
SAO_5010-10,São Paulo,3550308,True,,33882,,,-23.656464875000005,-46.69435937499999,,,,2,2023-06-14T05:31:18+00:00
SAO_5010-10,São Paulo,3550308,True,,33882,,,-23.6535685,-46.703556,,,,2,2023-06-14T05:31:41+00:00
SAO_874C-10,São Paulo,3550308,True,,33245,,,-23.5470875,-46.7607205,,,,2,2023-06-14T05:31:15+00:00
SAO_874C-10,São Paulo,3550308,True,,33245,,,-23.55351625,-46.672011,,,,2,2023-06-14T05:31:43+00:00
SAO_8027-10,São Paulo,3550308,True,,2162,,,-23.5712225,-46.719969,,,,1,2023-06-14T05:31:19+00:00
SAO_6039-21,São Paulo,3550308,True,,35261,,,-23.659638,-46.775295,,,,2,2023-06-14T05:31:13+00:00
SAO_2716-10,São Paulo,3550308,True,,929,,,-23.513289,-46.536362,,,,1,2023-06-14T05:31:46+00:00
SAO_2716-10,São Paulo,3550308,True,,929,,,-23.53304,-46.5439035,,,,1,2023-06-14T05:31:14+00:00
SAO_3737-10,São Paulo,3550308,True,,33805,,,-23.563519,-46.5054075,,,,2,2023-06-14T05:31:05+00:00
SAO_3737-10,São Paulo,3550308,True,,33805,,,-23.5562565,-46.5055905,,,,2,2023-06-14T05:29:42+00:00
SAO_N634-11,São Paulo,3550308,True,,35167,,,-23.6547965,-46.714842,,,,2,2023-06-14T05:31:13+00:00
SAO_2032-10,São Paulo,3550308,True,,2266,,,-23.482828249999997,-46.590039000000004,,,,1,2023-06-14T05:31:03+00:00
SAO_8028-10,São Paulo,3550308,True,,2532,,,-23.6220775,-46.7278395,,,,1,2023-06-14T05:31:26+00:00
SAO_775N-10,São Paulo,3550308,True,,33242,,,-23.578403625,-46.765035874999995,,,,2,2023-06-14T05:31:39+00:00
SAO_1026-10,São Paulo,3550308,True,,2306,,,-23.4855825,-46.696236999999996,,,,1,2023-06-14T05:31:45+00:00
SAO_5020-10,São Paulo,3550308,True,,1670,,,-23.602233,-46.602855,,,,1,2023-06-14T05:31:11+00:00
SAO_4092-10,São Paulo,3550308,True,,1876,,,-23.579399000000002,-46.419160250000004,,,,1,2023-06-14T05:31:12+00:00
SAO_8319-21,São Paulo,3550308,True,,34475,,,-23.549398500000002,-46.758377499999995,,,,2,2023-06-14T05:31:04+00:00
SAO_2016-10,São Paulo,3550308,True,,902,,,-23.4939885,-46.4189085,,,,1,2023-06-14T05:31:42+00:00
SAO_271A-51,São Paulo,3550308,True,,33471,,,-23.499975999999997,-46.524038250000004,,,,2,2023-06-14T05:31:34+00:00
SAO_271A-51,São Paulo,3550308,True,,33471,,,-23.498339,-46.514398,,,,2,2023-06-14T05:31:03+00:00
SAO_271A-51,São Paulo,3550308,True,,33471,,,-23.4895155,-46.5750515,,,,2,2023-06-14T05:31:38+00:00
SAO_1015-10,São Paulo,3550308,True,,34998,,,-23.415713,-46.810044000000005,,,,2,2023-06-14T05:31:41+00:00
SAO_6422-10,São Paulo,3550308,True,EMTU,361,https://moovitapp.com/index/pt-br/transporte_p%C3%BAblico-line-361-Sao_Paulo-242-2038937-36419442-0,7.9,-23.622253999999998,-46.684399,,,,1,2023-06-14T05:31:48+00:00
SAO_211V-10,São Paulo,3550308,True,,32922,,,-23.489734,-46.469719999999995,,,,2,2023-06-14T05:31:09+00:00
SAO_7181-10,São Paulo,3550308,True,,34100,,,-23.5698105,-46.67241475,,,,2,2023-06-14T05:31:44+00:00
SAO_4706-10,São Paulo,3550308,True,,33067,,,-23.5950375,-46.6269145,,,,2,2023-06-14T05:31:26+00:00
SAO_4706-10,São Paulo,3550308,True,,33067,,,-23.635271,-46.600493,,,,2,2023-06-14T05:31:44+00:00
SAO_6063-41,São Paulo,3550308,True,,1773,,,-23.7711635,-46.7127105,,,,1,2023-06-14T05:31:14+00:00
SAO_771P-10,São Paulo,3550308,True,,33274,,,-23.577202250000003,-46.723330000000004,,,,2,2023-06-14T05:31:47+00:00
SAO_6047-10,São Paulo,3550308,True,,1224,,,-23.649793,-46.708727499999995,,,,1,2023-06-14T05:31:41+00:00
SAO_573A-10,São Paulo,3550308,True,,1637,,,-23.604969750000002,-46.566522500000005,,,,1,2023-06-14T05:31:43+00:00
SAO_1018-10,São Paulo,3550308,True,,832,,,-23.49590225,-46.62386375,,,,1,2023-06-14T05:31:33+00:00
SAO_1018-10,São Paulo,3550308,True,,832,,,-23.4580725,-46.615971,,,,1,2023-06-14T05:31:07+00:00
SAO_6836-10,São Paulo,3550308,True,,32781,,,-23.671153,-46.758511,,,,2,2023-06-14T05:31:42+00:00
SAO_8016-10,São Paulo,3550308,True,,34114,,,-23.437568,-46.728502,,,,2,2023-06-14T05:31:33+00:00
SAO_8016-10,São Paulo,3550308,True,,34114,,,-23.481229,-46.723877,,,,2,2023-06-14T05:31:07+00:00
SAO_948A-10,São Paulo,3550308,True,,1423,,,-23.506650999999998,-46.709604,,,,1,2023-06-14T05:31:25+00:00
SAO_4005-10,São Paulo,3550308,True,,2179,,,-23.5833585,-46.4077735,,,,1,2023-06-14T05:31:30+00:00
SAO_4005-10,São Paulo,3550308,True,,2179,,,-23.583490500000003,-46.40723,,,,1,2023-06-14T05:29:42+00:00
SAO_527R-10,São Paulo,3550308,True,,271,,,-23.6756785,-46.6504555,,,,1,2023-06-14T05:31:03+00:00
SAO_527R-10,São Paulo,3550308,True,,271,,,-23.673710999999997,-46.655961,,,,1,2023-06-14T05:31:26+00:00
SAO_8027-10,São Paulo,3550308,True,,34930,,,-23.5656345,-46.7610215,,,,2,2023-06-14T05:31:06+00:00
SAO_7011-10,São Paulo,3550308,True,,1952,,,-23.69138175,-46.77535775,,,,1,2023-06-14T05:31:33+00:00
SAO_7016-10,São Paulo,3550308,True,,2118,,,-23.665815000000002,-46.7117615,,,,1,2023-06-14T05:31:13+00:00
SAO_5010-10,São Paulo,3550308,True,,1114,,,-23.637447625,-46.67142925,,,,1,2023-06-14T05:31:37+00:00
SAO_403A-10,São Paulo,3550308,True,,34960,,,-23.556663999999998,-46.4772105,,,,2,2023-06-14T05:31:25+00:00
SAO_403A-10,São Paulo,3550308,True,,34960,,,-23.53209175,-46.54724325,,,,2,2023-06-14T05:31:22+00:00
SAO_575C-10,São Paulo,3550308,True,,1686,,,-23.571994,-46.5455135,,,,1,2023-06-14T05:31:04+00:00
SAO_6048-10,São Paulo,3550308,True,BR7 Mobilidade,56,https://moovitapp.com/index/pt-br/transporte_p%C3%BAblico-line-56-Sao_Paulo-242-851856-518592-0,5.75,-23.644158500000003,-46.7343455,,,,1,2023-06-14T05:31:30+00:00
SAO_N633-11,São Paulo,3550308,True,,2398,,,-23.6467095,-46.639369,,,,1,2023-06-14T05:31:07+00:00
SAO_4056-10,São Paulo,3550308,True,,2237,,,-23.6119130625,-46.464155000000005,,,,1,2023-06-14T05:31:21+00:00
SAO_6805-31,São Paulo,3550308,True,,34556,,,-23.643651,-46.734079,,,,2,2023-06-14T05:31:10+00:00
SAO_297A-10,São Paulo,3550308,True,,2133,,,-23.498793,-46.675239,,,,1,2023-06-14T05:31:11+00:00
SAO_4085-10,São Paulo,3550308,True,,34924,,,-23.570172499999998,-46.428875000000005,,,,2,2023-06-14T05:26:41+00:00
SAO_4085-10,São Paulo,3550308,True,,34924,,,-23.5750465,-46.427730499999996,,,,2,2023-06-14T05:31:21+00:00
SAO_4085-10,São Paulo,3550308,True,,34924,,,-23.556516,-46.446722,,,,2,2023-06-14T05:31:41+00:00
SAO_3139-10,São Paulo,3550308,True,,33763,,,-23.5570385,-46.580895749999996,,,,2,2023-06-14T05:31:04+00:00
SAO_N705-11,São Paulo,3550308,True,,35178,,,-23.566554,-46.701409999999996,,,,2,2023-06-14T05:31:03+00:00
SAO_4735-10,São Paulo,3550308,True,,1110,,,-23.6051385,-46.480371500000004,,,,1,2023-06-14T05:31:22+00:00
SAO_4735-10,São Paulo,3550308,True,,1110,,,-23.6191365,-46.472797,,,,1,2023-06-14T05:31:19+00:00
SAO_8009-10,São Paulo,3550308,True,,1259,,,-23.4854235,-46.725742,,,,1,2023-06-14T05:31:13+00:00
SAO_2720-31,São Paulo,3550308,True,,34610,,,-23.494459,-46.46767,,,,2,2023-06-14T05:31:18+00:00
SAO_746R-10,São Paulo,3550308,True,,790,,,-23.6103905,-46.7051065,,,,1,2023-06-14T05:31:35+00:00
SAO_3741-10,São Paulo,3550308,True,,1041,,,-23.551051875,-46.450498125,,,,1,2023-06-14T05:31:29+00:00
SAO_6058-10,São Paulo,3550308,True,,1149,,,-23.769851000000003,-46.676743,,,,1,2023-06-14T05:31:15+00:00
SAO_6505-10,São Paulo,3550308,True,,1450,,,-23.59082175,-46.6725005,,,,1,2023-06-14T05:31:35+00:00
SAO_2026-10,São Paulo,3550308,True,,35037,,,-23.46939875,-46.575307249999994,,,,2,2023-06-14T05:31:30+00:00
SAO_N401-11,São Paulo,3550308,True,,35125,,,-23.546433999999998,-46.630430000000004,,,,2,2023-06-14T05:30:04+00:00
SAO_9701-10,São Paulo,3550308,True,,569,,,-23.4765885,-46.6674915,,,,1,2023-06-14T05:31:18+00:00
SAO_2769-10,São Paulo,3550308,True,,397,,,-23.5115195,-46.51065,,,,1,2023-06-14T05:31:11+00:00
SAO_128Y-10,São Paulo,3550308,True,,33611,,,-23.4966235,-46.66229725,,,,2,2023-06-14T05:31:16+00:00
SAO_5611-10,São Paulo,3550308,True,EMTU,598,https://moovitapp.com/index/pt-br/transporte_p%C3%BAblico-line-598-Sao_Paulo-242-2038937-36419579-0,7.05,-23.692508750000002,-46.660829750000005,,,,1,2023-06-14T05:31:43+00:00
SAO_5611-10,São Paulo,3550308,True,EMTU,598,https://moovitapp.com/index/pt-br/transporte_p%C3%BAblico-line-598-Sao_Paulo-242-2038937-36419579-0,7.05,-23.634524,-46.669036500000004,,,,1,2023-06-14T05:31:31+00:00
SAO_5611-10,São Paulo,3550308,True,EMTU,598,https://moovitapp.com/index/pt-br/transporte_p%C3%BAblico-line-598-Sao_Paulo-242-2038937-36419579-0,7.05,-23.7028335,-46.644758499999995,,,,1,2023-06-14T05:31:32+00:00
SAO_5611-10,São Paulo,3550308,True,EMTU,598,https://moovitapp.com/index/pt-br/transporte_p%C3%BAblico-line-598-Sao_Paulo-242-2038937-36419579-0,7.05,-23.7029555,-46.644625500000004,,,,1,2023-06-14T05:30:51+00:00
SAO_N603-11,São Paulo,3550308,True,,2394,,,-23.5658305,-46.701625500000006,,,,1,2023-06-14T05:31:45+00:00
SAO_N603-11,São Paulo,3550308,True,,2394,,,-23.647087499999998,-46.63931,,,,1,2023-06-14T05:31:28+00:00
SAO_1019-10,São Paulo,3550308,True,,35263,,,-23.4863635,-46.726336,,,,2,2023-06-14T05:31:27+00:00
SAO_N241-11,São Paulo,3550308,True,,35098,,,-23.49620075,-46.62365925,,,,2,2023-06-14T05:29:12+00:00
SAO_5024-31,São Paulo,3550308,True,,33891,,,-23.679797999999998,-46.6653565,,,,2,2023-06-14T05:31:39+00:00
SAO_407T-10,São Paulo,3550308,True,,2202,,,-23.538669499999997,-46.4415705,,,,1,2023-06-14T05:31:39+00:00
SAO_407T-10,São Paulo,3550308,True,,2202,,,-23.538669499999997,-46.4415705,,,,1,2023-06-14T03:05:34+00:00
SAO_5106-10,São Paulo,3550308,True,,1280,,,-23.592708000000002,-46.6467195,,,,1,2023-06-14T05:31:08+00:00
SAO_5018-10,São Paulo,3550308,True,,1492,,,-23.6729965,-46.6438955,,,,1,2023-06-14T05:31:06+00:00
SAO_519M-10,São Paulo,3550308,True,,2211,,,-23.5854145,-46.584243,,,,1,2023-06-14T05:31:33+00:00
SAO_172N-10,São Paulo,3550308,True,,33432,,,-23.513438750000002,-46.58576475,,,,2,2023-06-14T05:31:43+00:00
SAO_172N-10,São Paulo,3550308,True,,33432,,,-23.515946749999998,-46.61641775,,,,2,2023-06-14T05:31:07+00:00
SAO_172N-10,São Paulo,3550308,True,,33432,,,-23.50591175,-46.624980625000006,,,,2,2023-06-14T05:31:40+00:00
SAO_546J-31,São Paulo,3550308,True,,2015,,,-23.654280999999997,-46.70443349999999,,,,1,2023-06-14T05:31:43+00:00
SAO_546J-31,São Paulo,3550308,True,,2015,,,-23.687824,-46.658593499999995,,,,1,2023-06-14T05:31:15+00:00
SAO_2020-10,São Paulo,3550308,True,,2262,,,-23.460226874999996,-46.60259225,,,,1,2023-06-14T05:31:38+00:00
SAO_211L-10,São Paulo,3550308,True,,2265,,,-23.5142335,-46.690912,,,,1,2023-06-14T05:31:24+00:00
SAO_2201-10,São Paulo,3550308,True,,909,,,-23.5413755,-46.4099815,,,,1,2023-06-14T05:31:30+00:00
SAO_5178-10,São Paulo,3550308,True,,595,,,-23.568310750000002,-46.649578000000005,,,,1,2023-06-14T05:31:32+00:00
SAO_5701-10,São Paulo,3550308,True,,33904,,,-23.620571750000003,-46.698548,,,,2,2023-06-14T05:31:34+00:00
SAO_5701-10,São Paulo,3550308,True,,33904,,,-23.645137,-46.664572,,,,2,2023-06-14T05:31:23+00:00
SAO_2020-10,São Paulo,3550308,True,,35030,,,-23.4599445,-46.6245205,,,,2,2023-06-14T05:31:03+00:00
SAO_PAEC-10,São Paulo,3550308,True,,34190,,,-23.503125,-46.6245765,,,,2,2023-06-14T05:31:38+00:00
SAO_1742-10,São Paulo,3550308,True,,33310,,,-23.4646355,-46.6545445,,,,2,2023-06-14T05:31:32+00:00
SAO_475M-10,São Paulo,3550308,True,EMTU,343,https://moovitapp.com/index/pt-br/transporte_p%C3%BAblico-line-343-Sao_Paulo-242-2038937-36419427-0,5.15,-23.543815625,-46.647546625000004,,,,1,2023-06-14T05:31:38+00:00
SAO_4724-10,São Paulo,3550308,True,,2060,,,-23.5347595,-46.5014025,,,,1,2023-06-14T05:26:51+00:00
SAO_971T-10,São Paulo,3550308,True,,618,,,-23.501332,-46.624855,,,,1,2023-06-14T05:31:40+00:00
SAO_9020-10,São Paulo,3550308,True,,34202,,,-23.4749095,-46.718833000000004,,,,2,2023-06-14T05:31:38+00:00
SAO_6L10-41,São Paulo,3550308,True,,2005,,,-23.7675415,-46.716446000000005,,,,1,2023-06-14T05:31:32+00:00
SAO_N233-11,São Paulo,3550308,True,,35090,,,-23.503036,-46.624043,,,,2,2023-06-14T05:31:38+00:00
SAO_213E-10,São Paulo,3550308,True,,2498,,,-23.540801375,-46.588932625,,,,1,2023-06-14T05:31:37+00:00
SAO_7023-10,São Paulo,3550308,True,,34920,,,-23.655170249999998,-46.70783675,,,,2,2023-06-14T05:31:20+00:00
SAO_7023-10,São Paulo,3550308,True,,34920,,,-23.691074,-46.76053,,,,2,2023-06-14T05:31:31+00:00
SAO_546J-41,São Paulo,3550308,True,,1134,,,-23.687986000000002,-46.65963875,,,,1,2023-06-14T05:31:36+00:00
SAO_4222-10,São Paulo,3550308,True,EMTU,288,https://moovitapp.com/index/pt-br/transporte_p%C3%BAblico-line-288-Sao_Paulo-242-2038937-36419389-0,5.1,-23.6015685,-46.533896,,,,1,2023-06-14T05:31:46+00:00
SAO_3729-10,São Paulo,3550308,True,,1026,,,-23.565791,-46.50929975,,,,1,2023-06-14T05:31:17+00:00
SAO_3729-10,São Paulo,3550308,True,,1026,,,-23.5592805,-46.5608535,,,,1,2023-06-14T05:31:13+00:00
SAO_3729-10,São Paulo,3550308,True,,1026,,,-23.57421175,-46.541283750000005,,,,1,2023-06-14T05:31:32+00:00
SAO_2033-10,São Paulo,3550308,True,,2499,,,-23.5002645,-46.5809675,,,,1,2023-06-14T05:30:23+00:00
SAO_574C-10,São Paulo,3550308,True,,1639,,,-23.6018625,-46.5700175,,,,1,2023-06-14T05:31:44+00:00
SAO_2709-10,São Paulo,3550308,True,,33690,,,-23.5296485,-46.497018999999995,,,,2,2023-06-14T05:31:10+00:00
SAO_6042-21,São Paulo,3550308,True,,1775,,,-23.674391999999997,-46.769508,,,,1,2023-06-14T05:31:45+00:00
SAO_2735-21,São Paulo,3550308,True,,33282,,,-23.53107775,-46.545169625,,,,2,2023-06-14T05:31:34+00:00
SAO_875H-10,São Paulo,3550308,True,,34108,,,-23.584545499999997,-46.636248249999994,,,,2,2023-06-14T05:31:45+00:00
SAO_2105-10,São Paulo,3550308,True,,2247,,,-23.541803,-46.617389,,,,1,2023-06-14T05:31:33+00:00
SAO_8062-10,São Paulo,3550308,True,,33188,,,-23.515147,-46.725674,,,,2,2023-06-14T05:31:27+00:00
SAO_9050-10,São Paulo,3550308,True,,34856,,,-23.56998325,-46.691308250000006,,,,2,2023-06-14T05:31:20+00:00
SAO_8000-1,São Paulo,3550308,True,,2506,,,-23.525997,-46.677726,,,,1,2023-06-14T05:31:24+00:00
SAO_N534-11,São Paulo,3550308,True,,2386,,,-23.602662000000002,-46.602517500000005,,,,1,2023-06-14T05:31:30+00:00
SAO_2551-10,São Paulo,3550308,True,EMTU,141,https://moovitapp.com/index/pt-br/transporte_p%C3%BAblico-line-141-Sao_Paulo-242-2038937-36419292-0,8.15,-23.517939,-46.475913500000004,,,,1,2023-06-14T05:31:10+00:00
SAO_1023-10,São Paulo,3550308,True,,2559,,,-23.4868945,-46.7270755,,,,1,2023-06-14T05:31:39+00:00
SAO_8007-10,São Paulo,3550308,True,,1257,,,-23.4680785,-46.7489895,,,,1,2023-06-14T05:31:25+00:00
SAO_809U-21,São Paulo,3550308,True,,2307,,,-23.54645025,-46.690705,,,,1,2023-06-14T05:31:35+00:00
SAO_3721-10,São Paulo,3550308,True,,33787,,,-23.565069,-46.496131,,,,2,2023-06-14T05:31:21+00:00
