bus_id,city,city_code,adapted,agency,line_code,line_url,line_fare,latitude,longitude,bus_speed,is_eletric,bus_type,bus_direction,updated_at
SAO_172R-10,São Paulo,3550308,True,,33627,,,-23.467682,-46.58439575,,,,2,2023-06-20T02:35:23+00:00
SAO_172R-10,São Paulo,3550308,True,,33627,,,-23.465826,-46.583746000000005,,,,2,2023-06-20T02:34:58+00:00
SAO_172R-10,São Paulo,3550308,True,,33627,,,-23.53805475,-46.598439,,,,2,2023-06-20T02:32:23+00:00
SAO_172R-10,São Paulo,3550308,True,,33627,,,-23.465826,-46.583746000000005,,,,2,2023-06-20T02:34:55+00:00
SAO_172R-10,São Paulo,3550308,True,,33627,,,-23.5143505,-46.581822,,,,2,2023-06-20T02:34:35+00:00
SAO_172R-10,São Paulo,3550308,True,,33627,,,-23.503114500000002,-46.576271000000006,,,,2,2023-06-20T02:34:21+00:00
SAO_172R-10,São Paulo,3550308,True,,33627,,,-23.465826,-46.583746000000005,,,,2,2023-06-20T02:35:04+00:00
SAO_172R-10,São Paulo,3550308,True,,33627,,,-23.4662775,-46.584824,,,,2,2023-06-20T02:35:12+00:00
SAO_172R-10,São Paulo,3550308,True,,33627,,,-23.541605125,-46.591473875000005,,,,2,2023-06-20T02:35:04+00:00
SAO_172R-10,São Paulo,3550308,True,,33627,,,-23.467079124999998,-46.584031624999994,,,,2,2023-06-20T02:34:52+00:00
SAO_172R-10,São Paulo,3550308,True,,33627,,,-23.489365,-46.56996025,,,,2,2023-06-20T02:30:49+00:00
SAO_172R-10,São Paulo,3550308,True,,33627,,,-23.465638499999997,-46.583501999999996,,,,2,2023-06-20T02:35:36+00:00
SAO_8700-1,São Paulo,3550308,True,,2508,,,-23.547548,-46.647615,,,,1,2023-06-20T02:35:16+00:00
SAO_8700-1,São Paulo,3550308,True,,2508,,,-23.572417,-46.7029555,,,,1,2023-06-20T02:35:04+00:00
SAO_6110-10,São Paulo,3550308,True,,33952,,,-23.745232,-46.707255,,,,2,2023-06-20T02:35:07+00:00
SAO_6110-10,São Paulo,3550308,True,,33952,,,-23.65030175,-46.677640624999995,,,,2,2023-06-20T02:35:36+00:00
SAO_6110-10,São Paulo,3550308,True,,33952,,,-23.705064,-46.702547499999994,,,,2,2023-06-20T02:35:06+00:00
SAO_6110-10,São Paulo,3550308,True,,33952,,,-23.625134000000003,-46.6618845,,,,2,2023-06-20T02:34:57+00:00
SAO_6110-10,São Paulo,3550308,True,,33952,,,-23.757558500000002,-46.708102,,,,2,2023-06-20T02:34:59+00:00
SAO_6110-10,São Paulo,3550308,True,,33952,,,-23.72879,-46.717845499999996,,,,2,2023-06-20T02:35:06+00:00
SAO_6110-10,São Paulo,3550308,True,,33952,,,-23.757112499999998,-46.7054435,,,,2,2023-06-20T02:35:10+00:00
SAO_6110-10,São Paulo,3550308,True,,33952,,,-23.6931925,-46.698746,,,,2,2023-06-20T02:35:01+00:00
SAO_6110-10,São Paulo,3550308,True,,33952,,,-23.757465,-46.7053555,,,,2,2023-06-20T02:34:53+00:00
SAO_807M-10,São Paulo,3550308,True,,34684,,,-23.6316405,-46.772316,,,,2,2023-06-20T02:35:11+00:00
SAO_807M-10,São Paulo,3550308,True,,34684,,,-23.614564,-46.75580375,,,,2,2023-06-20T02:35:35+00:00
SAO_807M-10,São Paulo,3550308,True,,34684,,,-23.616933500000002,-46.753187,,,,2,2023-06-20T02:35:13+00:00
SAO_807M-10,São Paulo,3550308,True,,34684,,,-23.631797499999998,-46.7719915,,,,2,2023-06-20T02:35:11+00:00
SAO_807M-10,São Paulo,3550308,True,,34684,,,-23.619259749999998,-46.74734875,,,,2,2023-06-20T02:35:15+00:00
SAO_807M-10,São Paulo,3550308,True,,34684,,,-23.604368,-46.725131,,,,2,2023-06-20T02:34:53+00:00
SAO_807M-10,São Paulo,3550308,True,,34684,,,-23.605064999999996,-46.7251735,,,,2,2023-06-20T02:35:00+00:00
SAO_807M-10,São Paulo,3550308,True,,34684,,,-23.6020095,-46.709911500000004,,,,2,2023-06-20T02:35:05+00:00
SAO_807M-10,São Paulo,3550308,True,,34684,,,-23.631797499999998,-46.7719915,,,,2,2023-06-20T02:35:34+00:00
SAO_807M-10,São Paulo,3550308,True,,34684,,,-23.6014975,-46.7241205,,,,2,2023-06-20T02:35:01+00:00
SAO_807M-10,São Paulo,3550308,True,,34684,,,-23.610787000000002,-46.7448585,,,,2,2023-06-20T02:35:28+00:00
SAO_807M-10,São Paulo,3550308,True,,34684,,,-23.62253975,-46.6941495,,,,2,2023-06-20T02:35:04+00:00
SAO_807M-10,São Paulo,3550308,True,,34684,,,-23.605064999999996,-46.7251735,,,,2,2023-06-20T02:35:33+00:00
SAO_2011-10,São Paulo,3550308,True,,34904,,,-23.48918925,-46.569988249999994,,,,2,2023-06-20T02:35:22+00:00
SAO_2011-10,São Paulo,3550308,True,,34904,,,-23.48750425,-46.565513,,,,2,2023-06-20T02:34:59+00:00
SAO_2011-10,São Paulo,3550308,True,,34904,,,-23.490259,-46.5709545,,,,2,2023-06-20T02:35:19+00:00
SAO_2011-10,São Paulo,3550308,True,,34904,,,-23.481383,-46.602215875,,,,2,2023-06-20T02:35:10+00:00
SAO_2011-10,São Paulo,3550308,True,,34904,,,-23.4814035,-46.605526,,,,2,2023-06-20T02:35:28+00:00
SAO_875P-10,São Paulo,3550308,True,,1341,,,-23.5611995,-46.65686025,,,,1,2023-06-20T02:35:06+00:00
SAO_875P-10,São Paulo,3550308,True,,1341,,,-23.5276315,-46.662600499999996,,,,1,2023-06-20T02:35:06+00:00
SAO_875P-10,São Paulo,3550308,True,,1341,,,-23.5814585,-46.6389305,,,,1,2023-06-20T02:34:58+00:00
SAO_4030-10,São Paulo,3550308,True,,33868,,,-23.61519175,-46.48790975,,,,2,2023-06-20T02:35:13+00:00
SAO_4030-10,São Paulo,3550308,True,,33868,,,-23.612038499999997,-46.4762595,,,,2,2023-06-20T02:35:16+00:00
SAO_4030-10,São Paulo,3550308,True,,33868,,,-23.620106999999997,-46.486779999999996,,,,2,2023-06-20T02:35:13+00:00
SAO_4030-10,São Paulo,3550308,True,,33868,,,-23.615775499999998,-46.488022,,,,2,2023-06-20T02:34:57+00:00
SAO_4030-10,São Paulo,3550308,True,,33868,,,-23.6161065,-46.4880085,,,,2,2023-06-20T02:35:13+00:00
SAO_4030-10,São Paulo,3550308,True,,33868,,,-23.615775499999998,-46.488022,,,,2,2023-06-20T02:35:01+00:00
SAO_4030-10,São Paulo,3550308,True,,33868,,,-23.566834749999998,-46.5102355,,,,2,2023-06-20T02:35:04+00:00
SAO_4030-10,São Paulo,3550308,True,,33868,,,-23.615547499999998,-46.484655000000004,,,,2,2023-06-20T02:35:24+00:00
SAO_607M-10,São Paulo,3550308,True,,2036,,,-23.729495,-46.69856875,,,,1,2023-06-20T02:35:31+00:00
SAO_607M-10,São Paulo,3550308,True,,2036,,,-23.7374655,-46.6974125,,,,1,2023-06-20T02:35:01+00:00
SAO_607M-10,São Paulo,3550308,True,,2036,,,-23.638920249999998,-46.696384,,,,1,2023-06-20T02:35:34+00:00
SAO_607M-10,São Paulo,3550308,True,,2036,,,-23.7374655,-46.6974125,,,,1,2023-06-20T02:35:10+00:00
SAO_6505-10,São Paulo,3550308,True,,1450,,,-23.627395999999997,-46.688033250000004,,,,1,2023-06-20T02:35:26+00:00
SAO_6505-10,São Paulo,3550308,True,,1450,,,-23.668707,-46.7352225,,,,1,2023-06-20T02:35:32+00:00
SAO_6505-10,São Paulo,3550308,True,,1450,,,-23.668707,-46.7352225,,,,1,2023-06-20T02:35:26+00:00
SAO_6505-10,São Paulo,3550308,True,,1450,,,-23.549415,-46.6397865,,,,1,2023-06-20T02:35:11+00:00
SAO_6505-10,São Paulo,3550308,True,,1450,,,-23.5885945,-46.67185075,,,,1,2023-06-20T02:35:37+00:00
SAO_6505-10,São Paulo,3550308,True,,1450,,,-23.668707,-46.7352225,,,,1,2023-06-20T02:35:06+00:00
SAO_6505-10,São Paulo,3550308,True,,1450,,,-23.667802000000002,-46.730776500000005,,,,1,2023-06-20T02:35:06+00:00
SAO_6505-10,São Paulo,3550308,True,,1450,,,-23.5533975,-46.64797,,,,1,2023-06-20T02:35:33+00:00
SAO_6505-10,São Paulo,3550308,True,,1450,,,-23.6540295,-46.7067845,,,,1,2023-06-20T02:35:12+00:00
SAO_6505-10,São Paulo,3550308,True,,1450,,,-23.668707,-46.7352225,,,,1,2023-06-20T02:35:10+00:00
SAO_2708-10,São Paulo,3550308,True,,921,,,-23.542434,-46.471034,,,,1,2023-06-20T02:33:23+00:00
SAO_2708-10,São Paulo,3550308,True,,921,,,-23.531106,-46.44554675,,,,1,2023-06-20T02:35:01+00:00
SAO_2708-10,São Paulo,3550308,True,,921,,,-23.542467000000002,-46.4712235,,,,1,2023-06-20T02:33:27+00:00
SAO_2708-10,São Paulo,3550308,True,,921,,,-23.523727,-46.417736500000004,,,,1,2023-06-20T02:35:28+00:00
SAO_2708-10,São Paulo,3550308,True,,921,,,-23.521529,-46.425782,,,,1,2023-06-20T02:35:22+00:00
SAO_8021-10,São Paulo,3550308,True,,34841,,,-23.577069,-46.7659285,,,,2,2023-06-20T02:35:21+00:00
SAO_8021-10,São Paulo,3550308,True,,34841,,,-23.576906,-46.7658355,,,,2,2023-06-20T02:35:35+00:00
SAO_5705-10,São Paulo,3550308,True,,1657,,,-23.602926,-46.6020545,,,,1,2023-06-20T02:35:28+00:00
SAO_5705-10,São Paulo,3550308,True,,1657,,,-23.590001625,-46.607108625,,,,1,2023-06-20T02:35:18+00:00
SAO_5705-10,São Paulo,3550308,True,,1657,,,-23.567341125,-46.63987575,,,,1,2023-06-20T02:34:56+00:00
SAO_5035-10,São Paulo,3550308,True,,34436,,,-23.637237,-46.5923005,,,,2,2023-06-20T02:35:19+00:00
SAO_5035-10,São Paulo,3550308,True,,34436,,,-23.633811,-46.5940635,,,,2,2023-06-20T02:32:15+00:00
SAO_5035-10,São Paulo,3550308,True,,34436,,,-23.602815,-46.602648,,,,2,2023-06-20T02:35:06+00:00
SAO_5035-10,São Paulo,3550308,True,,34436,,,-23.6265115,-46.5947045,,,,2,2023-06-20T02:35:23+00:00
SAO_5012-10,São Paulo,3550308,True,,1116,,,-23.7112165,-46.6380265,,,,1,2023-06-20T02:32:36+00:00
SAO_5012-10,São Paulo,3550308,True,,1116,,,-23.669463,-46.6367755,,,,1,2023-06-20T02:34:57+00:00
SAO_5012-10,São Paulo,3550308,True,,1116,,,-23.7097155,-46.6354455,,,,1,2023-06-20T02:35:28+00:00
SAO_5012-10,São Paulo,3550308,True,,1116,,,-23.6889705,-46.63420825,,,,1,2023-06-20T02:35:03+00:00
SAO_5012-10,São Paulo,3550308,True,,1116,,,-23.7097155,-46.6354455,,,,1,2023-06-20T02:35:04+00:00
SAO_5012-10,São Paulo,3550308,True,,1116,,,-23.7097155,-46.6354455,,,,1,2023-06-20T02:35:31+00:00
SAO_5012-10,São Paulo,3550308,True,,1116,,,-23.7097155,-46.6354455,,,,1,2023-06-20T02:35:29+00:00
SAO_5012-10,São Paulo,3550308,True,,1116,,,-23.7097155,-46.6354455,,,,1,2023-06-20T02:34:58+00:00
SAO_637J-10,São Paulo,3550308,True,EMTU,103,https://moovitapp.com/index/pt-br/transporte_p%C3%BAblico-line-103-Sao_Paulo-242-2038937-36419266-0,5.1,-23.59367525,-46.672832,,,,1,2023-06-20T02:35:08+00:00
SAO_637J-10,São Paulo,3550308,True,EMTU,103,https://moovitapp.com/index/pt-br/transporte_p%C3%BAblico-line-103-Sao_Paulo-242-2038937-36419266-0,5.1,-23.69789625,-46.700514999999996,,,,1,2023-06-20T02:35:09+00:00
SAO_637J-10,São Paulo,3550308,True,EMTU,103,https://moovitapp.com/index/pt-br/transporte_p%C3%BAblico-line-103-Sao_Paulo-242-2038937-36419266-0,5.1,-23.670984500000003,-46.688139,,,,1,2023-06-20T02:35:25+00:00
SAO_637J-10,São Paulo,3550308,True,EMTU,103,https://moovitapp.com/index/pt-br/transporte_p%C3%BAblico-line-103-Sao_Paulo-242-2038937-36419266-0,5.1,-23.738949499999997,-46.70854475,,,,1,2023-06-20T02:35:25+00:00
SAO_637J-10,São Paulo,3550308,True,EMTU,103,https://moovitapp.com/index/pt-br/transporte_p%C3%BAblico-line-103-Sao_Paulo-242-2038937-36419266-0,5.1,-23.5733195,-46.689200125,,,,1,2023-06-20T02:35:32+00:00
SAO_637J-10,São Paulo,3550308,True,EMTU,103,https://moovitapp.com/index/pt-br/transporte_p%C3%BAblico-line-103-Sao_Paulo-242-2038937-36419266-0,5.1,-23.565959,-46.6944145,,,,1,2023-06-20T02:35:03+00:00
SAO_637J-10,São Paulo,3550308,True,EMTU,103,https://moovitapp.com/index/pt-br/transporte_p%C3%BAblico-line-103-Sao_Paulo-242-2038937-36419266-0,5.1,-23.58413775,-46.672977249999995,,,,1,2023-06-20T02:34:58+00:00
SAO_6076-10,São Paulo,3550308,True,,1165,,,-23.680429750000002,-46.7105145,,,,1,2023-06-20T02:35:05+00:00
SAO_6076-10,São Paulo,3550308,True,,1165,,,-23.734243499999998,-46.676866000000004,,,,1,2023-06-20T02:35:04+00:00
SAO_6076-10,São Paulo,3550308,True,,1165,,,-23.733597500000002,-46.676829,,,,1,2023-06-20T02:34:00+00:00
SAO_6076-10,São Paulo,3550308,True,,1165,,,-23.653924375,-46.71180125000001,,,,1,2023-06-20T02:35:20+00:00
SAO_6076-10,São Paulo,3550308,True,,1165,,,-23.733559500000002,-46.6761855,,,,1,2023-06-20T02:35:31+00:00
SAO_6116-10,São Paulo,3550308,True,,1186,,,-23.7563855,-46.667607000000004,,,,1,2023-06-20T02:35:06+00:00
SAO_6116-10,São Paulo,3550308,True,,1186,,,-23.734681375,-46.694479375,,,,1,2023-06-20T02:35:07+00:00
SAO_3112-10,São Paulo,3550308,True,,1080,,,-23.54375675,-46.593661,,,,1,2023-06-20T02:35:32+00:00
SAO_3112-10,São Paulo,3550308,True,,1080,,,-23.60316975,-46.52697475,,,,1,2023-06-20T02:35:28+00:00
SAO_3112-10,São Paulo,3550308,True,,1080,,,-23.58105725,-46.55611775,,,,1,2023-06-20T02:35:07+00:00
SAO_3112-10,São Paulo,3550308,True,,1080,,,-23.5425485,-46.590969,,,,1,2023-06-20T02:35:03+00:00
SAO_3112-10,São Paulo,3550308,True,,1080,,,-23.54521725,-46.58771825,,,,1,2023-06-20T02:35:26+00:00
SAO_3112-10,São Paulo,3550308,True,,1080,,,-23.582278,-46.583759,,,,1,2023-06-20T02:35:00+00:00
SAO_7281-10,São Paulo,3550308,True,,34102,,,-23.5216575,-46.7021335,,,,2,2023-06-20T02:35:13+00:00
SAO_7281-10,São Paulo,3550308,True,,34102,,,-23.552773000000002,-46.67386,,,,2,2023-06-20T02:35:14+00:00
SAO_7281-10,São Paulo,3550308,True,,34102,,,-23.5216575,-46.7021335,,,,2,2023-06-20T02:35:13+00:00
SAO_9002-10,São Paulo,3550308,True,,33638,,,-23.469727,-46.6703635,,,,2,2023-06-20T02:35:25+00:00
SAO_9002-10,São Paulo,3550308,True,,33638,,,-23.458092999999998,-46.6720015,,,,2,2023-06-20T02:35:30+00:00
SAO_9002-10,São Paulo,3550308,True,,33638,,,-23.458042,-46.671117499999994,,,,2,2023-06-20T02:35:27+00:00
SAO_9002-10,São Paulo,3550308,True,,33638,,,-23.4624885,-46.666263,,,,2,2023-06-20T02:34:56+00:00
SAO_9002-10,São Paulo,3550308,True,,33638,,,-23.458054,-46.671271000000004,,,,2,2023-06-20T02:35:20+00:00
SAO_9002-10,São Paulo,3550308,True,,33638,,,-23.458088500000002,-46.6717525,,,,2,2023-06-20T02:35:37+00:00
SAO_6038-10,São Paulo,3550308,True,,33984,,,-23.659604,-46.775132,,,,2,2023-06-20T02:35:17+00:00
SAO_6038-10,São Paulo,3550308,True,,33984,,,-23.66557675,-46.78298225,,,,2,2023-06-20T02:35:05+00:00
SAO_6038-10,São Paulo,3550308,True,,33984,,,-23.658400999999998,-46.78931475,,,,2,2023-06-20T02:35:26+00:00
SAO_6038-10,São Paulo,3550308,True,,33984,,,-23.649475000000002,-46.70701,,,,2,2023-06-20T02:35:14+00:00
SAO_6038-10,São Paulo,3550308,True,,33984,,,-23.658400999999998,-46.78931475,,,,2,2023-06-20T02:34:55+00:00
SAO_6038-10,São Paulo,3550308,True,,33984,,,-23.6582,-46.7894615,,,,2,2023-06-20T02:35:23+00:00
SAO_6038-10,São Paulo,3550308,True,,33984,,,-23.659761125,-46.773871,,,,2,2023-06-20T02:35:15+00:00
SAO_6038-10,São Paulo,3550308,True,,33984,,,-23.6582,-46.7894615,,,,2,2023-06-20T02:35:27+00:00
SAO_6038-10,São Paulo,3550308,True,,33984,,,-23.6488675,-46.7535655,,,,2,2023-06-20T02:35:20+00:00
SAO_175P-10,São Paulo,3550308,True,,675,,,-23.57299675,-46.642757,,,,1,2023-06-20T02:35:21+00:00
SAO_175P-10,São Paulo,3550308,True,,675,,,-23.511624249999997,-46.65935425,,,,1,2023-06-20T02:35:35+00:00
SAO_175P-10,São Paulo,3550308,True,,675,,,-23.5611995,-46.65686025,,,,1,2023-06-20T02:35:24+00:00
SAO_175P-10,São Paulo,3550308,True,,675,,,-23.502966999999998,-46.6260415,,,,1,2023-06-20T02:35:14+00:00
SAO_175P-10,São Paulo,3550308,True,,675,,,-23.50030975,-46.637405375,,,,1,2023-06-20T02:35:29+00:00
SAO_175P-10,São Paulo,3550308,True,,675,,,-23.53321175,-46.66163025,,,,1,2023-06-20T02:35:35+00:00
SAO_2734-10,São Paulo,3550308,True,,34528,,,-23.507143,-46.4353935,,,,2,2023-06-20T02:35:08+00:00
SAO_2734-10,São Paulo,3550308,True,,34528,,,-23.50894475,-46.415527,,,,2,2023-06-20T02:35:00+00:00
SAO_2734-10,São Paulo,3550308,True,,34528,,,-23.5038695,-46.430047,,,,2,2023-06-20T02:35:35+00:00
SAO_2734-10,São Paulo,3550308,True,,34528,,,-23.512508250000003,-46.40890675,,,,2,2023-06-20T02:35:11+00:00
SAO_2734-10,São Paulo,3550308,True,,34528,,,-23.520958,-46.4417105,,,,2,2023-06-20T02:35:24+00:00
SAO_271A-51,São Paulo,3550308,True,,33471,,,-23.50225,-46.623670000000004,,,,2,2023-06-20T02:35:24+00:00
SAO_271A-51,São Paulo,3550308,True,,33471,,,-23.492914624999997,-46.585450124999994,,,,2,2023-06-20T02:35:27+00:00
SAO_271A-51,São Paulo,3550308,True,,33471,,,-23.518323,-46.562215249999994,,,,2,2023-06-20T02:35:27+00:00
SAO_271A-51,São Paulo,3550308,True,,33471,,,-23.5039895,-46.614057,,,,2,2023-06-20T02:35:24+00:00
SAO_271A-51,São Paulo,3550308,True,,33471,,,-23.4979085,-46.514503000000005,,,,2,2023-06-20T02:35:29+00:00
SAO_271A-51,São Paulo,3550308,True,,33471,,,-23.50225,-46.623670000000004,,,,2,2023-06-20T02:35:31+00:00
SAO_271A-51,São Paulo,3550308,True,,33471,,,-23.50919125,-46.53906925,,,,2,2023-06-20T02:35:31+00:00
SAO_373T-10,São Paulo,3550308,True,,33859,,,-23.5941885,-46.498267,,,,2,2023-06-20T02:35:02+00:00
SAO_373T-10,São Paulo,3550308,True,,33859,,,-23.5897875,-46.530763,,,,2,2023-06-20T02:35:16+00:00
SAO_373T-10,São Paulo,3550308,True,,33859,,,-23.5963095,-46.515056,,,,2,2023-06-20T02:35:05+00:00
SAO_373T-10,São Paulo,3550308,True,,33859,,,-23.58173075,-46.58667925,,,,2,2023-06-20T02:35:31+00:00
SAO_373T-10,São Paulo,3550308,True,,33859,,,-23.593915,-46.498316,,,,2,2023-06-20T02:34:53+00:00
SAO_373T-10,São Paulo,3550308,True,,33859,,,-23.5469055,-46.6063945,,,,2,2023-06-20T02:35:31+00:00
SAO_373T-10,São Paulo,3550308,True,,33859,,,-23.5696725,-46.587848,,,,2,2023-06-20T02:35:24+00:00
SAO_373T-10,São Paulo,3550308,True,,33859,,,-23.5858985,-46.518677999999994,,,,2,2023-06-20T02:35:35+00:00
SAO_373T-10,São Paulo,3550308,True,,33859,,,-23.5870875,-46.543103,,,,2,2023-06-20T02:35:03+00:00
SAO_373T-10,São Paulo,3550308,True,,33859,,,-23.582425,-46.563123000000004,,,,2,2023-06-20T02:34:54+00:00
SAO_373T-10,São Paulo,3550308,True,,33859,,,-23.5941885,-46.498267,,,,2,2023-06-20T02:35:15+00:00
SAO_373T-10,São Paulo,3550308,True,,33859,,,-23.553160499999997,-46.6012405,,,,2,2023-06-20T02:35:21+00:00
SAO_978T-10,São Paulo,3550308,True,,889,,,-23.4608575,-46.687422,,,,1,2023-06-20T02:35:09+00:00
SAO_978T-10,São Paulo,3550308,True,,889,,,-23.527382,-46.673319,,,,1,2023-06-20T02:35:22+00:00
SAO_978T-10,São Paulo,3550308,True,,889,,,-23.4608195,-46.6877345,,,,1,2023-06-20T02:35:11+00:00
SAO_978T-10,São Paulo,3550308,True,,889,,,-23.512507999999997,-46.690535,,,,1,2023-06-20T02:34:55+00:00
SAO_978T-10,São Paulo,3550308,True,,889,,,-23.4610565,-46.689226500000004,,,,1,2023-06-20T02:35:32+00:00
SAO_978T-10,São Paulo,3550308,True,,889,,,-23.523922125,-46.693594875,,,,1,2023-06-20T02:34:59+00:00
SAO_978T-10,São Paulo,3550308,True,,889,,,-23.472665250000002,-46.69103375,,,,1,2023-06-20T02:34:57+00:00
SAO_978T-10,São Paulo,3550308,True,,889,,,-23.523787875,-46.701026125,,,,1,2023-06-20T02:35:27+00:00
SAO_978T-10,São Paulo,3550308,True,,889,,,-23.530642999999998,-46.6780485,,,,1,2023-06-20T02:35:32+00:00
SAO_978T-10,São Paulo,3550308,True,,889,,,-23.467943499999997,-46.697711,,,,1,2023-06-20T02:35:03+00:00
SAO_978T-10,São Paulo,3550308,True,,889,,,-23.4790215,-46.6910145,,,,1,2023-06-20T02:35:10+00:00
SAO_856R-10,São Paulo,3550308,True,,1428,,,-23.669865,-46.719399249999995,,,,1,2023-06-20T02:35:30+00:00
SAO_856R-10,São Paulo,3550308,True,,1428,,,-23.669646,-46.718458,,,,1,2023-06-20T02:35:25+00:00
SAO_856R-10,São Paulo,3550308,True,,1428,,,-23.555988375,-46.678938499999994,,,,1,2023-06-20T02:35:23+00:00
SAO_856R-10,São Paulo,3550308,True,,1428,,,-23.555136,-46.677518500000005,,,,1,2023-06-20T02:35:04+00:00
SAO_856R-10,São Paulo,3550308,True,,1428,,,-23.556279250000003,-46.679423125,,,,1,2023-06-20T02:35:13+00:00
SAO_856R-10,São Paulo,3550308,True,,1428,,,-23.6202255,-46.6834215,,,,1,2023-06-20T02:35:30+00:00
SAO_856R-10,São Paulo,3550308,True,,1428,,,-23.669646,-46.718458,,,,1,2023-06-20T02:33:15+00:00
SAO_856R-10,São Paulo,3550308,True,,1428,,,-23.521862,-46.6976475,,,,1,2023-06-20T02:35:07+00:00
SAO_856R-10,São Paulo,3550308,True,,1428,,,-23.668746249999998,-46.71387425,,,,1,2023-06-20T02:35:34+00:00
SAO_856R-10,São Paulo,3550308,True,,1428,,,-23.584966,-46.68315199999999,,,,1,2023-06-20T02:35:27+00:00
SAO_856R-10,São Paulo,3550308,True,,1428,,,-23.669694,-46.71912525,,,,1,2023-06-20T02:35:25+00:00
SAO_856R-10,São Paulo,3550308,True,,1428,,,-23.593024874999998,-46.67293325,,,,1,2023-06-20T02:35:23+00:00
SAO_856R-10,São Paulo,3550308,True,,1428,,,-23.58769125,-46.67168025,,,,1,2023-06-20T02:35:35+00:00
SAO_856R-10,São Paulo,3550308,True,,1428,,,-23.669646,-46.718458,,,,1,2023-06-20T02:35:28+00:00
SAO_4115-10,São Paulo,3550308,True,,33090,,,-23.621776,-46.62868,,,,2,2023-06-20T02:35:04+00:00
SAO_4115-10,São Paulo,3550308,True,,33090,,,-23.62159825,-46.62854025,,,,2,2023-06-20T02:35:18+00:00
SAO_7002-10,São Paulo,3550308,True,,33540,,,-23.590518,-46.76971475,,,,2,2023-06-20T02:35:16+00:00
SAO_7002-10,São Paulo,3550308,True,,33540,,,-23.577092750000002,-46.722904,,,,2,2023-06-20T02:35:29+00:00
SAO_7002-10,São Paulo,3550308,True,,33540,,,-23.59443125,-46.7658055,,,,2,2023-06-20T02:35:20+00:00
SAO_7002-10,São Paulo,3550308,True,,33540,,,-23.590518,-46.76971475,,,,2,2023-06-20T02:35:20+00:00
SAO_7002-10,São Paulo,3550308,True,,33540,,,-23.55351625,-46.672011,,,,2,2023-06-20T02:35:07+00:00
SAO_7002-10,São Paulo,3550308,True,,33540,,,-23.560813625,-46.686966375,,,,2,2023-06-20T02:35:13+00:00
SAO_7002-10,São Paulo,3550308,True,,33540,,,-23.59505025,-46.766716375,,,,2,2023-06-20T02:35:28+00:00
SAO_7002-10,São Paulo,3550308,True,,33540,,,-23.586444125,-46.75585637499999,,,,2,2023-06-20T02:34:50+00:00
SAO_2583-10,São Paulo,3550308,True,,33143,,,-23.4989105,-46.465675000000005,,,,2,2023-06-20T02:35:36+00:00
SAO_2583-10,São Paulo,3550308,True,,33143,,,-23.510806000000002,-46.5031455,,,,2,2023-06-20T02:35:25+00:00
SAO_2583-10,São Paulo,3550308,True,,33143,,,-23.510439249999997,-46.42165275,,,,2,2023-06-20T02:35:25+00:00
SAO_2583-10,São Paulo,3550308,True,,33143,,,-23.510611750000002,-46.42148025,,,,2,2023-06-20T02:35:24+00:00
SAO_8028-10,São Paulo,3550308,True,,2532,,,-23.6166155,-46.7208725,,,,1,2023-06-20T02:35:32+00:00
SAO_8028-10,São Paulo,3550308,True,,2532,,,-23.588779,-46.722904875,,,,1,2023-06-20T02:35:25+00:00
SAO_8028-10,São Paulo,3550308,True,,2532,,,-23.619704,-46.723344999999995,,,,1,2023-06-20T02:35:31+00:00
SAO_8028-10,São Paulo,3550308,True,,2532,,,-23.6200615,-46.723408,,,,1,2023-06-20T02:35:12+00:00
SAO_8028-10,São Paulo,3550308,True,,2532,,,-23.619550500000003,-46.723292,,,,1,2023-06-20T02:35:35+00:00
SAO_5105-10,São Paulo,3550308,True,,1651,,,-23.603084250000002,-46.60265125,,,,1,2023-06-20T02:34:49+00:00
SAO_5105-10,São Paulo,3550308,True,,1651,,,-23.578526125,-46.600201625,,,,1,2023-06-20T02:35:31+00:00
SAO_9023-10,São Paulo,3550308,True,,1437,,,-23.425355500000002,-46.715058,,,,1,2023-06-20T02:35:23+00:00
SAO_9023-10,São Paulo,3550308,True,,1437,,,-23.4831475,-46.722691,,,,1,2023-06-20T02:35:00+00:00
SAO_675N-10,São Paulo,3550308,True,EMTU,362,https://moovitapp.com/index/pt-br/transporte_p%C3%BAblico-line-362-Sao_Paulo-242-2038937-36419443-0,6.25,-23.588572,-46.65187925,,,,1,2023-06-20T02:35:34+00:00
SAO_675N-10,São Paulo,3550308,True,EMTU,362,https://moovitapp.com/index/pt-br/transporte_p%C3%BAblico-line-362-Sao_Paulo-242-2038937-36419443-0,6.25,-23.6543085,-46.714079999999996,,,,1,2023-06-20T02:34:58+00:00
SAO_675N-10,São Paulo,3550308,True,EMTU,362,https://moovitapp.com/index/pt-br/transporte_p%C3%BAblico-line-362-Sao_Paulo-242-2038937-36419443-0,6.25,-23.60925175,-46.694238,,,,1,2023-06-20T02:35:30+00:00
SAO_675N-10,São Paulo,3550308,True,EMTU,362,https://moovitapp.com/index/pt-br/transporte_p%C3%BAblico-line-362-Sao_Paulo-242-2038937-36419443-0,6.25,-23.58601075,-46.648474875000005,,,,1,2023-06-20T02:35:32+00:00
SAO_888P-10,São Paulo,3550308,True,,33222,,,-23.4450055,-46.735884,,,,2,2023-06-20T02:35:29+00:00
SAO_888P-10,São Paulo,3550308,True,,33222,,,-23.408178,-46.7411865,,,,2,2023-06-20T02:34:56+00:00
SAO_888P-10,São Paulo,3550308,True,,33222,,,-23.434525,-46.754654,,,,2,2023-06-20T02:34:53+00:00
SAO_888P-10,São Paulo,3550308,True,,33222,,,-23.441611,-46.7082665,,,,2,2023-06-20T02:35:29+00:00
SAO_888P-10,São Paulo,3550308,True,,33222,,,-23.408318,-46.7415825,,,,2,2023-06-20T02:35:24+00:00
SAO_888P-10,São Paulo,3550308,True,,33222,,,-23.442003,-46.708443,,,,2,2023-06-20T02:35:17+00:00
SAO_888P-10,São Paulo,3550308,True,,33222,,,-23.442003,-46.708443,,,,2,2023-06-20T02:35:28+00:00
SAO_675P-10,São Paulo,3550308,True,,33043,,,-23.66088375,-46.71217925,,,,2,2023-06-20T02:34:56+00:00
SAO_675P-10,São Paulo,3550308,True,,33043,,,-23.677098,-46.701800500000004,,,,2,2023-06-20T02:34:56+00:00
SAO_675P-10,São Paulo,3550308,True,,33043,,,-23.64955225,-46.677019125,,,,2,2023-06-20T02:35:18+00:00
SAO_675P-10,São Paulo,3550308,True,,33043,,,-23.676848999999997,-46.7017435,,,,2,2023-06-20T02:35:27+00:00
SAO_675P-10,São Paulo,3550308,True,,33043,,,-23.643296499999998,-46.644746999999995,,,,2,2023-06-20T02:35:16+00:00
SAO_675P-10,São Paulo,3550308,True,,33043,,,-23.673758499999998,-46.698253,,,,2,2023-06-20T02:35:02+00:00
SAO_6059-10,São Paulo,3550308,True,,1226,,,-23.6785125,-46.7425295,,,,1,2023-06-20T02:35:07+00:00
SAO_6059-10,São Paulo,3550308,True,,1226,,,-23.65173375,-46.702795,,,,1,2023-06-20T02:35:37+00:00
SAO_6059-10,São Paulo,3550308,True,,1226,,,-23.633264500000003,-46.71235125,,,,1,2023-06-20T02:35:26+00:00
SAO_695V-10,São Paulo,3550308,True,,8,,,-23.654617,-46.762697,,,,1,2023-06-20T02:35:06+00:00
SAO_695V-10,São Paulo,3550308,True,,8,,,-23.649115000000002,-46.752907,,,,1,2023-06-20T02:35:37+00:00
SAO_695V-10,São Paulo,3550308,True,,8,,,-23.581740500000002,-46.6383125,,,,1,2023-06-20T02:35:22+00:00
SAO_695V-10,São Paulo,3550308,True,,8,,,-23.6079315,-46.666180999999995,,,,1,2023-06-20T02:35:23+00:00
SAO_407E-10,São Paulo,3550308,True,,34983,,,-23.6335585,-46.4430015,,,,2,2023-06-20T02:34:56+00:00
SAO_407E-10,São Paulo,3550308,True,,34983,,,-23.626135499999997,-46.44640149999999,,,,2,2023-06-20T02:35:19+00:00
SAO_407E-10,São Paulo,3550308,True,,34983,,,-23.5380825,-46.5625515,,,,2,2023-06-20T02:32:27+00:00
SAO_407E-10,São Paulo,3550308,True,,34983,,,-23.61692,-46.468823,,,,2,2023-06-20T02:35:05+00:00
SAO_407E-10,São Paulo,3550308,True,,34983,,,-23.633248000000002,-46.4428945,,,,2,2023-06-20T02:35:05+00:00
SAO_407E-10,São Paulo,3550308,True,,34983,,,-23.610802375,-46.4648605,,,,2,2023-06-20T02:35:23+00:00
SAO_407E-10,São Paulo,3550308,True,,34983,,,-23.633839,-46.44308975,,,,2,2023-06-20T02:35:10+00:00
SAO_407E-10,São Paulo,3550308,True,,34983,,,-23.5643365,-46.5083775,,,,2,2023-06-20T02:35:16+00:00
SAO_5290-10,São Paulo,3550308,True,,33365,,,-23.577540499999998,-46.640858,,,,2,2023-06-20T02:35:28+00:00
SAO_5290-10,São Paulo,3550308,True,,33365,,,-23.6211654375,-46.6398798125,,,,2,2023-06-20T02:35:16+00:00
SAO_5290-10,São Paulo,3550308,True,,33365,,,-23.680734,-46.635801,,,,2,2023-06-20T02:35:22+00:00
SAO_5290-10,São Paulo,3550308,True,,33365,,,-23.680734,-46.635801,,,,2,2023-06-20T02:35:06+00:00
SAO_5290-10,São Paulo,3550308,True,,33365,,,-23.680852,-46.636013000000005,,,,2,2023-06-20T02:35:28+00:00
SAO_5290-10,São Paulo,3550308,True,,33365,,,-23.6728425,-46.631443000000004,,,,2,2023-06-20T02:35:31+00:00
SAO_5290-10,São Paulo,3550308,True,,33365,,,-23.5469355,-46.630097,,,,2,2023-06-20T02:35:31+00:00
SAO_5290-10,São Paulo,3550308,True,,33365,,,-23.680952499999997,-46.636174499999996,,,,2,2023-06-20T02:35:27+00:00
SAO_5290-10,São Paulo,3550308,True,,33365,,,-23.6810605,-46.6363105,,,,2,2023-06-20T02:35:23+00:00
SAO_8300-10,São Paulo,3550308,True,,1264,,,-23.482795,-46.71741,,,,1,2023-06-20T02:35:08+00:00
SAO_8300-10,São Paulo,3550308,True,,1264,,,-23.485881499999998,-46.725865,,,,1,2023-06-20T02:34:54+00:00
SAO_8300-10,São Paulo,3550308,True,,1264,,,-23.485745,-46.725733000000005,,,,1,2023-06-20T02:35:32+00:00
SAO_5362-10,São Paulo,3550308,True,,32838,,,-23.75241525,-46.68851050000001,,,,2,2023-06-20T02:34:32+00:00
SAO_5362-10,São Paulo,3550308,True,,32838,,,-23.742629,-46.665431625,,,,2,2023-06-20T02:35:35+00:00
SAO_5362-10,São Paulo,3550308,True,,32838,,,-23.736480999999998,-46.69416675,,,,2,2023-06-20T02:35:12+00:00
SAO_5362-10,São Paulo,3550308,True,,32838,,,-23.73608675,-46.694618500000004,,,,2,2023-06-20T02:34:53+00:00
SAO_5362-10,São Paulo,3550308,True,,32838,,,-23.7563975,-46.6678165,,,,2,2023-06-20T02:34:53+00:00
SAO_5362-10,São Paulo,3550308,True,,32838,,,-23.583121750000004,-46.65512475,,,,2,2023-06-20T02:34:51+00:00
SAO_5362-10,São Paulo,3550308,True,,32838,,,-23.60336625,-46.6620935,,,,2,2023-06-20T02:35:34+00:00
SAO_5362-10,São Paulo,3550308,True,,32838,,,-23.65045875,-46.704966999999996,,,,2,2023-06-20T02:35:32+00:00
SAO_5362-10,São Paulo,3550308,True,,32838,,,-23.661725,-46.7062455,,,,2,2023-06-20T02:35:05+00:00
SAO_5362-10,São Paulo,3550308,True,,32838,,,-23.6326475,-46.68952175,,,,2,2023-06-20T02:35:01+00:00
SAO_5630-10,São Paulo,3550308,True,,32846,,,-23.604923,-46.6517575,,,,2,2023-06-20T02:35:21+00:00
SAO_5630-10,São Paulo,3550308,True,,32846,,,-23.608795249999996,-46.653958,,,,2,2023-06-20T02:34:54+00:00
SAO_5630-10,São Paulo,3550308,True,,32846,,,-23.706274999999998,-46.70078,,,,2,2023-06-20T02:35:24+00:00
SAO_5630-10,São Paulo,3550308,True,,32846,,,-23.577533250000002,-46.64489225,,,,2,2023-06-20T02:35:17+00:00
SAO_5630-10,São Paulo,3550308,True,,32846,,,-23.546747,-46.6164905,,,,2,2023-06-20T02:35:35+00:00
SAO_5630-10,São Paulo,3550308,True,,32846,,,-23.70703875,-46.700295749999995,,,,2,2023-06-20T02:35:21+00:00
SAO_5630-10,São Paulo,3550308,True,,32846,,,-23.7250655,-46.699728500000006,,,,2,2023-06-20T02:34:58+00:00
SAO_5630-10,São Paulo,3550308,True,,32846,,,-23.731274999999997,-46.6979575,,,,2,2023-06-20T02:34:39+00:00
SAO_5630-10,São Paulo,3550308,True,,32846,,,-23.657353375,-46.679717999999994,,,,2,2023-06-20T02:35:09+00:00
SAO_5630-10,São Paulo,3550308,True,,32846,,,-23.616957749999997,-46.66142575000001,,,,2,2023-06-20T02:35:33+00:00
SAO_271F-10,São Paulo,3550308,True,,683,,,-23.5422145,-46.589565,,,,1,2023-06-20T02:34:55+00:00
SAO_271F-10,São Paulo,3550308,True,,683,,,-23.53906475,-46.6071805,,,,1,2023-06-20T02:35:21+00:00
SAO_271F-10,São Paulo,3550308,True,,683,,,-23.5420145,-46.589681,,,,1,2023-06-20T02:35:01+00:00
SAO_271F-10,São Paulo,3550308,True,,683,,,-23.5214105,-46.610858,,,,1,2023-06-20T02:34:56+00:00
SAO_6027-10,São Paulo,3550308,True,,90,,,-23.705854625,-46.700533875,,,,1,2023-06-20T02:35:17+00:00
SAO_6027-10,São Paulo,3550308,True,,90,,,-23.70004375,-46.701075625,,,,1,2023-06-20T02:35:05+00:00
SAO_6027-10,São Paulo,3550308,True,,90,,,-23.724111,-46.670826,,,,1,2023-06-20T02:35:29+00:00
SAO_6027-10,São Paulo,3550308,True,,90,,,-23.723727500000003,-46.6707085,,,,1,2023-06-20T02:35:28+00:00
SAO_6027-10,São Paulo,3550308,True,,90,,,-23.7068195,-46.700339,,,,1,2023-06-20T02:35:37+00:00
SAO_6027-10,São Paulo,3550308,True,,90,,,-23.654132,-46.712552,,,,1,2023-06-20T02:35:37+00:00
SAO_6013-10,São Paulo,3550308,True,,32954,,,-23.6459005,-46.730048,,,,2,2023-06-20T02:34:50+00:00
SAO_6013-10,São Paulo,3550308,True,,32954,,,-23.6755615,-46.75482325,,,,2,2023-06-20T02:35:04+00:00
SAO_6013-10,São Paulo,3550308,True,,32954,,,-23.693506999999997,-46.779404,,,,2,2023-06-20T02:34:49+00:00
SAO_6013-10,São Paulo,3550308,True,,32954,,,-23.654,-46.7111995,,,,2,2023-06-20T02:34:01+00:00
SAO_6013-10,São Paulo,3550308,True,,32954,,,-23.661845,-46.736380999999994,,,,2,2023-06-20T02:35:27+00:00
SAO_971D-10,São Paulo,3550308,True,,33477,,,-23.4898135,-46.626243,,,,2,2023-06-20T02:33:28+00:00
SAO_971D-10,São Paulo,3550308,True,,33477,,,-23.459640999999998,-46.68550275,,,,2,2023-06-20T02:35:12+00:00
SAO_971D-10,São Paulo,3550308,True,,33477,,,-23.508861250000002,-46.6248155,,,,2,2023-06-20T02:35:26+00:00
SAO_971D-10,São Paulo,3550308,True,,33477,,,-23.449257,-46.6974485,,,,2,2023-06-20T02:34:54+00:00
SAO_971D-10,São Paulo,3550308,True,,33477,,,-23.459438249999998,-46.688077250000006,,,,2,2023-06-20T02:34:55+00:00
SAO_971D-10,São Paulo,3550308,True,,33477,,,-23.448029,-46.6970745,,,,2,2023-06-20T02:35:04+00:00
SAO_971D-10,São Paulo,3550308,True,,33477,,,-23.447985,-46.697056,,,,2,2023-06-20T02:35:24+00:00
SAO_971D-10,São Paulo,3550308,True,,33477,,,-23.469003,-46.6672425,,,,2,2023-06-20T02:35:12+00:00
SAO_971D-10,São Paulo,3550308,True,,33477,,,-23.4512145,-46.697321,,,,2,2023-06-20T02:35:10+00:00
SAO_1709-10,São Paulo,3550308,True,,851,,,-23.4412375,-46.5814765,,,,1,2023-06-20T02:35:28+00:00
SAO_1709-10,São Paulo,3550308,True,,851,,,-23.4412375,-46.5814765,,,,1,2023-06-20T02:35:12+00:00
SAO_1709-10,São Paulo,3550308,True,,851,,,-23.4412375,-46.5814765,,,,1,2023-06-20T02:35:34+00:00
SAO_1709-10,São Paulo,3550308,True,,851,,,-23.4412375,-46.5814765,,,,1,2023-06-20T02:34:59+00:00
SAO_1709-10,São Paulo,3550308,True,,851,,,-23.4412375,-46.5814765,,,,1,2023-06-20T02:35:24+00:00
SAO_1709-10,São Paulo,3550308,True,,851,,,-23.4547785,-46.5987245,,,,1,2023-06-20T02:34:28+00:00
SAO_1709-10,São Paulo,3550308,True,,851,,,-23.479376375,-46.603372625,,,,1,2023-06-20T02:35:32+00:00
SAO_1709-10,São Paulo,3550308,True,,851,,,-23.4412375,-46.5814765,,,,1,2023-06-20T02:33:43+00:00
SAO_1709-10,São Paulo,3550308,True,,851,,,-23.441764,-46.589729000000005,,,,1,2023-06-20T02:35:34+00:00
SAO_1709-10,São Paulo,3550308,True,,851,,,-23.4412375,-46.5814765,,,,1,2023-06-20T02:35:33+00:00
SAO_2733-10,São Paulo,3550308,True,,948,,,-23.5157015,-46.462250999999995,,,,1,2023-06-20T02:35:13+00:00
SAO_2733-10,São Paulo,3550308,True,,948,,,-23.5157015,-46.462250999999995,,,,1,2023-06-20T02:34:56+00:00
SAO_2733-10,São Paulo,3550308,True,,948,,,-23.542716,-46.469168499999995,,,,1,2023-06-20T02:34:01+00:00
SAO_2733-10,São Paulo,3550308,True,,948,,,-23.5157015,-46.462250999999995,,,,1,2023-06-20T02:35:11+00:00
SAO_2733-10,São Paulo,3550308,True,,948,,,-23.5157015,-46.462250999999995,,,,1,2023-06-20T02:35:28+00:00
SAO_2733-10,São Paulo,3550308,True,,948,,,-23.51516725,-46.454432249999996,,,,1,2023-06-20T02:35:01+00:00
SAO_3739-10,São Paulo,3550308,True,,1039,,,-23.6044985,-46.4292195,,,,1,2023-06-20T02:35:35+00:00
SAO_3739-10,São Paulo,3550308,True,,1039,,,-23.5960245,-46.4362195,,,,1,2023-06-20T02:35:03+00:00
SAO_3739-10,São Paulo,3550308,True,,1039,,,-23.5425685,-46.470890999999995,,,,1,2023-06-20T02:35:33+00:00
SAO_3739-10,São Paulo,3550308,True,,1039,,,-23.611822,-46.416231499999995,,,,1,2023-06-20T02:35:31+00:00
SAO_3739-10,São Paulo,3550308,True,,1039,,,-23.619418,-46.4120085,,,,1,2023-06-20T02:35:23+00:00
SAO_3739-10,São Paulo,3550308,True,,1039,,,-23.595074,-46.4396905,,,,1,2023-06-20T02:35:35+00:00
SAO_3739-10,São Paulo,3550308,True,,1039,,,-23.595953,-46.4364655,,,,1,2023-06-20T02:34:56+00:00
SAO_3739-10,São Paulo,3550308,True,,1039,,,-23.55464475,-46.454436375,,,,1,2023-06-20T02:35:29+00:00
SAO_3739-10,São Paulo,3550308,True,,1039,,,-23.5423925,-46.4697755,,,,1,2023-06-20T02:35:33+00:00
SAO_3739-10,São Paulo,3550308,True,,1039,,,-23.563545,-46.446155,,,,1,2023-06-20T02:35:11+00:00
SAO_3739-10,São Paulo,3550308,True,,1039,,,-23.563545,-46.446155,,,,1,2023-06-20T02:35:19+00:00
SAO_3739-10,São Paulo,3550308,True,,1039,,,-23.5423895,-46.4698085,,,,1,2023-06-20T02:25:11+00:00
SAO_6035-10,São Paulo,3550308,True,,1213,,,-23.6672905,-46.727228,,,,1,2023-06-20T02:35:35+00:00
SAO_6035-10,São Paulo,3550308,True,,1213,,,-23.72062,-46.7558005,,,,1,2023-06-20T02:35:19+00:00
SAO_6035-10,São Paulo,3550308,True,,1213,,,-23.72062,-46.7558005,,,,1,2023-06-20T02:35:34+00:00
SAO_6035-10,São Paulo,3550308,True,,1213,,,-23.694482,-46.7798025,,,,1,2023-06-20T02:30:25+00:00
SAO_6035-10,São Paulo,3550308,True,,1213,,,-23.7142915,-46.7779025,,,,1,2023-06-20T02:35:01+00:00
SAO_6035-10,São Paulo,3550308,True,,1213,,,-23.7203095,-46.7557755,,,,1,2023-06-20T02:35:35+00:00
SAO_6035-10,São Paulo,3550308,True,,1213,,,-23.671774,-46.7412225,,,,1,2023-06-20T02:35:35+00:00
SAO_971M-10,São Paulo,3550308,True,,612,,,-23.4965555,-46.627765,,,,1,2023-06-20T02:35:22+00:00
SAO_971M-10,São Paulo,3550308,True,,612,,,-23.490531,-46.688970499999996,,,,1,2023-06-20T02:35:27+00:00
SAO_971M-10,São Paulo,3550308,True,,612,,,-23.475320500000002,-46.684425000000005,,,,1,2023-06-20T02:34:58+00:00
SAO_971M-10,São Paulo,3550308,True,,612,,,-23.4798945,-46.658268500000005,,,,1,2023-06-20T02:34:58+00:00
SAO_971M-10,São Paulo,3550308,True,,612,,,-23.475635500000003,-46.66432425000001,,,,1,2023-06-20T02:34:54+00:00
SAO_675A-10,São Paulo,3550308,True,,34086,,,-23.661958499999997,-46.755533,,,,2,2023-06-20T02:35:33+00:00
SAO_675A-10,São Paulo,3550308,True,,34086,,,-23.6619925,-46.7557755,,,,2,2023-06-20T02:35:11+00:00
SAO_675A-10,São Paulo,3550308,True,,34086,,,-23.613291500000003,-46.650352999999996,,,,2,2023-06-20T02:35:17+00:00
SAO_675A-10,São Paulo,3550308,True,,34086,,,-23.642614625,-46.716104,,,,2,2023-06-20T02:35:00+00:00
SAO_675A-10,São Paulo,3550308,True,,34086,,,-23.626981,-46.6420605,,,,2,2023-06-20T02:35:24+00:00
SAO_6030-10,São Paulo,3550308,True,,1142,,,-23.741073,-46.707885000000005,,,,1,2023-06-20T02:35:00+00:00
SAO_6030-10,São Paulo,3550308,True,,1142,,,-23.741073,-46.707885000000005,,,,1,2023-06-20T02:35:05+00:00
SAO_6030-10,São Paulo,3550308,True,,1142,,,-23.741073,-46.707885000000005,,,,1,2023-06-20T02:35:16+00:00
SAO_6030-10,São Paulo,3550308,True,,1142,,,-23.741073,-46.707885000000005,,,,1,2023-06-20T02:35:18+00:00
SAO_6030-10,São Paulo,3550308,True,,1142,,,-23.741073,-46.707885000000005,,,,1,2023-06-20T02:35:35+00:00
SAO_6030-10,São Paulo,3550308,True,,1142,,,-23.741073,-46.707885000000005,,,,1,2023-06-20T02:34:58+00:00
SAO_6030-10,São Paulo,3550308,True,,1142,,,-23.685589999999998,-46.692966,,,,1,2023-06-20T02:35:37+00:00
SAO_6030-10,São Paulo,3550308,True,,1142,,,-23.741073,-46.707885000000005,,,,1,2023-06-20T02:35:18+00:00
SAO_6030-10,São Paulo,3550308,True,,1142,,,-23.728809,-46.711701500000004,,,,1,2023-06-20T02:35:27+00:00
SAO_6030-10,São Paulo,3550308,True,,1142,,,-23.741073,-46.707885000000005,,,,1,2023-06-20T02:35:36+00:00
SAO_6030-10,São Paulo,3550308,True,,1142,,,-23.6538355,-46.7110955,,,,1,2023-06-20T02:35:18+00:00
SAO_6030-10,São Paulo,3550308,True,,1142,,,-23.741073,-46.707885000000005,,,,1,2023-06-20T02:35:16+00:00
SAO_6030-10,São Paulo,3550308,True,,1142,,,-23.741073,-46.707885000000005,,,,1,2023-06-20T02:35:09+00:00
SAO_312N-10,São Paulo,3550308,True,,33758,,,-23.491016,-46.441969,,,,2,2023-06-20T02:34:53+00:00
SAO_312N-10,São Paulo,3550308,True,,33758,,,-23.491016,-46.441969,,,,2,2023-06-20T02:35:06+00:00
SAO_312N-10,São Paulo,3550308,True,,33758,,,-23.52110175,-46.41011725,,,,2,2023-06-20T02:35:21+00:00
SAO_312N-10,São Paulo,3550308,True,,33758,,,-23.568138,-46.4019075,,,,2,2023-06-20T02:35:28+00:00
SAO_312N-10,São Paulo,3550308,True,,33758,,,-23.493734,-46.440037000000004,,,,2,2023-06-20T02:35:16+00:00
SAO_312N-10,São Paulo,3550308,True,,33758,,,-23.54239425,-46.41653925,,,,2,2023-06-20T02:35:32+00:00
SAO_312N-10,São Paulo,3550308,True,,33758,,,-23.572111,-46.403055499999994,,,,2,2023-06-20T02:35:36+00:00
SAO_312N-10,São Paulo,3550308,True,,33758,,,-23.5513615,-46.4067675,,,,2,2023-06-20T02:31:09+00:00
SAO_312N-10,São Paulo,3550308,True,,33758,,,-23.583026,-46.408417,,,,2,2023-06-20T02:35:22+00:00
SAO_312N-10,São Paulo,3550308,True,,33758,,,-23.491016,-46.441969,,,,2,2023-06-20T02:35:13+00:00
SAO_857A-10,São Paulo,3550308,True,,34693,,,-23.631258,-46.773112999999995,,,,2,2023-06-20T02:35:17+00:00
SAO_857A-10,São Paulo,3550308,True,,34693,,,-23.631258,-46.773112999999995,,,,2,2023-06-20T02:35:26+00:00
SAO_857A-10,São Paulo,3550308,True,,34693,,,-23.5836295,-46.669323500000004,,,,2,2023-06-20T02:35:18+00:00
SAO_857A-10,São Paulo,3550308,True,,34693,,,-23.6312955,-46.773033999999996,,,,2,2023-06-20T02:35:00+00:00
SAO_857A-10,São Paulo,3550308,True,,34693,,,-23.604568,-46.745587,,,,2,2023-06-20T02:35:08+00:00
SAO_857A-10,São Paulo,3550308,True,,34693,,,-23.6222055,-46.760129500000005,,,,2,2023-06-20T02:35:26+00:00
SAO_9701-10,São Paulo,3550308,True,,33337,,,-23.4763665,-46.667559,,,,2,2023-06-20T02:35:19+00:00
SAO_9701-10,São Paulo,3550308,True,,33337,,,-23.476384000000003,-46.667850375,,,,2,2023-06-20T02:34:59+00:00
SAO_9701-10,São Paulo,3550308,True,,33337,,,-23.476384000000003,-46.667850375,,,,2,2023-06-20T02:35:22+00:00
SAO_9701-10,São Paulo,3550308,True,,33337,,,-23.50879925,-46.66977825,,,,2,2023-06-20T02:35:23+00:00
SAO_575A-10,São Paulo,3550308,True,,34406,,,-23.602311375,-46.5706325,,,,2,2023-06-20T02:35:31+00:00
SAO_575A-10,São Paulo,3550308,True,,34406,,,-23.599652499999998,-46.5764185,,,,2,2023-06-20T02:34:59+00:00
SAO_575A-10,São Paulo,3550308,True,,34406,,,-23.60185,-46.5704185,,,,2,2023-06-20T02:35:23+00:00
SAO_575A-10,São Paulo,3550308,True,,34406,,,-23.5798045,-46.58153675,,,,2,2023-06-20T02:31:52+00:00
SAO_575A-10,São Paulo,3550308,True,,34406,,,-23.543073999999997,-46.5797905,,,,2,2023-06-20T02:34:59+00:00
SAO_8400-10,São Paulo,3550308,True,,1265,,,-23.53200675,-46.65965125,,,,1,2023-06-20T02:34:59+00:00
SAO_8400-10,São Paulo,3550308,True,,1265,,,-23.5410095,-46.64273875,,,,1,2023-06-20T02:35:31+00:00
SAO_8400-10,São Paulo,3550308,True,,1265,,,-23.48399775,-46.722451250000006,,,,1,2023-06-20T02:34:52+00:00
SAO_8400-10,São Paulo,3550308,True,,1265,,,-23.487035499999998,-46.726277,,,,1,2023-06-20T02:35:06+00:00
SAO_8400-10,São Paulo,3550308,True,,1265,,,-23.486878500000003,-46.7265645,,,,1,2023-06-20T02:35:19+00:00
SAO_8400-10,São Paulo,3550308,True,,1265,,,-23.524408375,-46.70302375,,,,1,2023-06-20T02:35:32+00:00
SAO_407N-10,São Paulo,3550308,True,,34937,,,-23.534,-46.5424035,,,,2,2023-06-20T02:35:35+00:00
SAO_407N-10,São Paulo,3550308,True,,34937,,,-23.598442,-46.462849,,,,2,2023-06-20T02:35:08+00:00
SAO_407N-10,São Paulo,3550308,True,,34937,,,-23.53813125,-46.538683625,,,,2,2023-06-20T02:35:31+00:00
SAO_407N-10,São Paulo,3550308,True,,34937,,,-23.58308,-46.408871000000005,,,,2,2023-06-20T02:35:28+00:00
SAO_407N-10,São Paulo,3550308,True,,34937,,,-23.534,-46.5424035,,,,2,2023-06-20T02:34:59+00:00
SAO_407N-10,São Paulo,3550308,True,,34937,,,-23.5833935,-46.4076395,,,,2,2023-06-20T02:35:01+00:00
SAO_407N-10,São Paulo,3550308,True,,34937,,,-23.534,-46.5424035,,,,2,2023-06-20T02:35:09+00:00
SAO_407N-10,São Paulo,3550308,True,,34937,,,-23.595101,-46.4507045,,,,2,2023-06-20T02:35:32+00:00
SAO_407N-10,São Paulo,3550308,True,,34937,,,-23.534,-46.5424035,,,,2,2023-06-20T02:35:12+00:00
SAO_407N-10,São Paulo,3550308,True,,34937,,,-23.534,-46.5424035,,,,2,2023-06-20T02:35:16+00:00
SAO_407N-10,São Paulo,3550308,True,,34937,,,-23.58308,-46.408871000000005,,,,2,2023-06-20T02:35:02+00:00
SAO_407N-10,São Paulo,3550308,True,,34937,,,-23.594050000000003,-46.4207975,,,,2,2023-06-20T02:35:25+00:00
SAO_407N-10,São Paulo,3550308,True,,34937,,,-23.5724375,-46.5044755,,,,2,2023-06-20T02:35:21+00:00
SAO_7013-10,São Paulo,3550308,True,,33543,,,-23.630844500000002,-46.7587345,,,,2,2023-06-20T02:35:12+00:00
SAO_7013-10,São Paulo,3550308,True,,33543,,,-23.6082465,-46.751734,,,,2,2023-06-20T02:35:22+00:00
SAO_7013-10,São Paulo,3550308,True,,33543,,,-23.6397885,-46.7496145,,,,2,2023-06-20T02:35:32+00:00
SAO_7013-10,São Paulo,3550308,True,,33543,,,-23.639699999999998,-46.7497905,,,,2,2023-06-20T02:35:20+00:00
SAO_3787-10,São Paulo,3550308,True,,1612,,,-23.55464475,-46.454436375,,,,1,2023-06-20T02:35:18+00:00
SAO_3787-10,São Paulo,3550308,True,,1612,,,-23.595320625,-46.438813624999995,,,,1,2023-06-20T02:34:54+00:00
SAO_3787-10,São Paulo,3550308,True,,1612,,,-23.59092,-46.407697625,,,,1,2023-06-20T02:34:57+00:00
SAO_3787-10,São Paulo,3550308,True,,1612,,,-23.59419625,-46.42337975,,,,1,2023-06-20T02:35:25+00:00
SAO_3787-10,São Paulo,3550308,True,,1612,,,-23.5425565,-46.4708155,,,,1,2023-06-20T02:35:00+00:00
SAO_5032-10,São Paulo,3550308,True,,1662,,,-23.631887499999998,-46.5856905,,,,1,2023-06-20T02:35:26+00:00
SAO_5032-10,São Paulo,3550308,True,,1662,,,-23.627961,-46.59090975,,,,1,2023-06-20T02:35:19+00:00
SAO_5032-10,São Paulo,3550308,True,,1662,,,-23.6368005,-46.593399500000004,,,,1,2023-06-20T02:35:00+00:00
SAO_5032-10,São Paulo,3550308,True,,1662,,,-23.602233,-46.602855,,,,1,2023-06-20T02:35:27+00:00
SAO_5032-10,São Paulo,3550308,True,,1662,,,-23.6368005,-46.593399500000004,,,,1,2023-06-20T02:35:12+00:00
SAO_5032-10,São Paulo,3550308,True,,1662,,,-23.59517075,-46.59116349999999,,,,1,2023-06-20T02:35:21+00:00
SAO_407J-10,São Paulo,3550308,True,,2198,,,-23.53482375,-46.452111,,,,1,2023-06-20T02:35:20+00:00
SAO_407J-10,São Paulo,3550308,True,,2198,,,-23.541038999999998,-46.576837,,,,1,2023-06-20T02:35:32+00:00
SAO_407J-10,São Paulo,3550308,True,,2198,,,-23.553662,-46.403915,,,,1,2023-06-20T02:33:04+00:00
SAO_407J-10,São Paulo,3550308,True,,2198,,,-23.5540825,-46.52731525,,,,1,2023-06-20T02:35:17+00:00
SAO_407J-10,São Paulo,3550308,True,,2198,,,-23.54931375,-46.399681,,,,1,2023-06-20T02:34:33+00:00
SAO_1025-10,São Paulo,3550308,True,,35071,,,-23.457645499999998,-46.7053405,,,,2,2023-06-20T02:35:32+00:00
SAO_1025-10,São Paulo,3550308,True,,35071,,,-23.453629,-46.706905500000005,,,,2,2023-06-20T02:35:04+00:00
SAO_1025-10,São Paulo,3550308,True,,35071,,,-23.489131999999998,-46.698161999999996,,,,2,2023-06-20T02:35:19+00:00
SAO_1025-10,São Paulo,3550308,True,,35071,,,-23.453629,-46.706905500000005,,,,2,2023-06-20T02:35:21+00:00
SAO_172X-10,São Paulo,3550308,True,,861,,,-23.5043195,-46.56510075,,,,1,2023-06-20T02:35:01+00:00
SAO_172X-10,São Paulo,3550308,True,,861,,,-23.5398255,-46.5768585,,,,1,2023-06-20T02:35:27+00:00
SAO_172X-10,São Paulo,3550308,True,,861,,,-23.525587,-46.572651,,,,1,2023-06-20T02:35:23+00:00
SAO_172X-10,São Paulo,3550308,True,,861,,,-23.527966999999997,-46.585288500000004,,,,1,2023-06-20T02:34:05+00:00
SAO_3737-10,São Paulo,3550308,True,,1037,,,-23.547296,-46.509513749999996,,,,1,2023-06-20T02:35:19+00:00
SAO_3737-10,São Paulo,3550308,True,,1037,,,-23.530861,-46.517923999999994,,,,1,2023-06-20T02:35:35+00:00
SAO_3737-10,São Paulo,3550308,True,,1037,,,-23.556069,-46.5067645,,,,1,2023-06-20T02:34:23+00:00
SAO_3737-10,São Paulo,3550308,True,,1037,,,-23.541388499999996,-46.51218875000001,,,,1,2023-06-20T02:35:21+00:00
SAO_3737-10,São Paulo,3550308,True,,1037,,,-23.5590065,-46.5094605,,,,1,2023-06-20T02:34:40+00:00
SAO_3737-10,São Paulo,3550308,True,,1037,,,-23.530861,-46.517923999999994,,,,1,2023-06-20T02:31:47+00:00
SAO_3737-10,São Paulo,3550308,True,,1037,,,-23.554703500000002,-46.5011085,,,,1,2023-06-20T02:34:51+00:00
SAO_938V-10,São Paulo,3550308,True,,33581,,,-23.450708249999998,-46.687628000000004,,,,2,2023-06-20T02:35:13+00:00
SAO_938V-10,São Paulo,3550308,True,,33581,,,-23.522798,-46.6989655,,,,2,2023-06-20T02:35:11+00:00
SAO_938V-10,São Paulo,3550308,True,,33581,,,-23.493143,-46.6965835,,,,2,2023-06-20T02:35:24+00:00
SAO_938V-10,São Paulo,3550308,True,,33581,,,-23.4527645,-46.6849925,,,,2,2023-06-20T02:35:11+00:00
SAO_938V-10,São Paulo,3550308,True,,33581,,,-23.452903499999998,-46.6846385,,,,2,2023-06-20T02:35:25+00:00
SAO_938V-10,São Paulo,3550308,True,,33581,,,-23.498008874999996,-46.6975575,,,,2,2023-06-20T02:35:32+00:00
SAO_938V-10,São Paulo,3550308,True,,33581,,,-23.4527645,-46.6849925,,,,2,2023-06-20T02:34:56+00:00
SAO_938V-10,São Paulo,3550308,True,,33581,,,-23.452824999999997,-46.6848085,,,,2,2023-06-20T02:35:09+00:00
SAO_938V-10,São Paulo,3550308,True,,33581,,,-23.471351,-46.6776675,,,,2,2023-06-20T02:35:26+00:00
SAO_938V-10,São Paulo,3550308,True,,33581,,,-23.4505555,-46.678884,,,,2,2023-06-20T02:35:04+00:00
SAO_938V-10,São Paulo,3550308,True,,33581,,,-23.456031,-46.67562425,,,,2,2023-06-20T02:35:18+00:00
SAO_938V-10,São Paulo,3550308,True,,33581,,,-23.452824999999997,-46.6848085,,,,2,2023-06-20T02:34:53+00:00
SAO_938V-10,São Paulo,3550308,True,,33581,,,-23.527725625000002,-46.6805735,,,,2,2023-06-20T02:35:04+00:00
SAO_6052-31,São Paulo,3550308,True,,1832,,,-23.7720085,-46.710469,,,,1,2023-06-20T02:35:26+00:00
SAO_7006-51,São Paulo,3550308,True,,1997,,,-23.74846875,-46.780725,,,,1,2023-06-20T02:35:29+00:00
SAO_7006-51,São Paulo,3550308,True,,1997,,,-23.6894615,-46.77340325,,,,1,2023-06-20T02:35:10+00:00
SAO_7006-51,São Paulo,3550308,True,,1997,,,-23.66167,-46.770126000000005,,,,1,2023-06-20T02:35:12+00:00
SAO_7006-51,São Paulo,3550308,True,,1997,,,-23.718654,-46.7846245,,,,1,2023-06-20T02:34:59+00:00
SAO_7006-51,São Paulo,3550308,True,,1997,,,-23.7223945,-46.785201,,,,1,2023-06-20T02:35:26+00:00
SAO_7006-51,São Paulo,3550308,True,,1997,,,-23.69138175,-46.77535775,,,,1,2023-06-20T02:35:12+00:00
SAO_478P-10,São Paulo,3550308,True,,33117,,,-23.530340000000002,-46.687345750000006,,,,2,2023-06-20T02:35:32+00:00
SAO_478P-10,São Paulo,3550308,True,,33117,,,-23.629079,-46.598518,,,,2,2023-06-20T02:35:16+00:00
SAO_478P-10,São Paulo,3550308,True,,33117,,,-23.58925,-46.63376375,,,,2,2023-06-20T02:35:17+00:00
SAO_478P-10,São Paulo,3550308,True,,33117,,,-23.59685525,-46.609853875,,,,2,2023-06-20T02:35:22+00:00
SAO_8007-10,São Paulo,3550308,True,,34025,,,-23.488082749999997,-46.732628250000005,,,,2,2023-06-20T02:35:05+00:00
SAO_8007-10,São Paulo,3550308,True,,34025,,,-23.47551,-46.756638499999994,,,,2,2023-06-20T02:34:51+00:00
SAO_8007-10,São Paulo,3550308,True,,34025,,,-23.475496999999997,-46.7565585,,,,2,2023-06-20T02:35:13+00:00
SAO_3026-10,São Paulo,3550308,True,,33730,,,-23.5831,-46.385474,,,,2,2023-06-20T02:35:34+00:00
SAO_3026-10,São Paulo,3550308,True,,33730,,,-23.57801475,-46.391714,,,,2,2023-06-20T02:35:29+00:00
SAO_9004-10,São Paulo,3550308,True,,871,,,-23.457195499999997,-46.685354,,,,1,2023-06-20T02:35:05+00:00
SAO_9004-10,São Paulo,3550308,True,,871,,,-23.457195499999997,-46.685354,,,,1,2023-06-20T02:35:25+00:00
SAO_9004-10,São Paulo,3550308,True,,871,,,-23.4745985,-46.670230000000004,,,,1,2023-06-20T02:34:54+00:00
SAO_9004-10,São Paulo,3550308,True,,871,,,-23.457195499999997,-46.685354,,,,1,2023-06-20T02:35:20+00:00
SAO_9004-10,São Paulo,3550308,True,,871,,,-23.457195499999997,-46.685354,,,,1,2023-06-20T02:35:17+00:00
SAO_9004-10,São Paulo,3550308,True,,871,,,-23.458262249999997,-46.681209499999994,,,,1,2023-06-20T02:35:30+00:00
SAO_3738-10,São Paulo,3550308,True,,33806,,,-23.5651035,-46.41571,,,,2,2023-06-20T02:35:14+00:00
SAO_3738-10,São Paulo,3550308,True,,33806,,,-23.5629515,-46.3946025,,,,2,2023-06-20T02:34:57+00:00
SAO_3738-10,São Paulo,3550308,True,,33806,,,-23.565209000000003,-46.397782250000006,,,,2,2023-06-20T02:35:10+00:00
SAO_3738-10,São Paulo,3550308,True,,33806,,,-23.562658,-46.395512499999995,,,,2,2023-06-20T02:35:23+00:00
SAO_3738-10,São Paulo,3550308,True,,33806,,,-23.5629515,-46.3946025,,,,2,2023-06-20T02:35:02+00:00
SAO_3738-10,São Paulo,3550308,True,,33806,,,-23.551032,-46.4372195,,,,2,2023-06-20T02:35:04+00:00
SAO_3738-10,São Paulo,3550308,True,,33806,,,-23.541479250000002,-46.45005525,,,,2,2023-06-20T02:35:26+00:00
SAO_3738-10,São Paulo,3550308,True,,33806,,,-23.5422585,-46.470022,,,,2,2023-06-20T02:35:28+00:00
SAO_148L-10,São Paulo,3550308,True,EMTU,531,https://moovitapp.com/index/pt-br/transporte_p%C3%BAblico-line-531-Sao_Paulo-242-2038937-36419543-0,4.4,-23.454537,-46.6522975,,,,1,2023-06-20T02:34:54+00:00
SAO_148L-10,São Paulo,3550308,True,EMTU,531,https://moovitapp.com/index/pt-br/transporte_p%C3%BAblico-line-531-Sao_Paulo-242-2038937-36419543-0,4.4,-23.454537,-46.6522975,,,,1,2023-06-20T02:35:07+00:00
SAO_148L-10,São Paulo,3550308,True,EMTU,531,https://moovitapp.com/index/pt-br/transporte_p%C3%BAblico-line-531-Sao_Paulo-242-2038937-36419543-0,4.4,-23.4653565,-46.6495235,,,,1,2023-06-20T02:33:45+00:00
SAO_148L-10,São Paulo,3550308,True,EMTU,531,https://moovitapp.com/index/pt-br/transporte_p%C3%BAblico-line-531-Sao_Paulo-242-2038937-36419543-0,4.4,-23.487502,-46.675798,,,,1,2023-06-20T02:35:19+00:00
SAO_148L-10,São Paulo,3550308,True,EMTU,531,https://moovitapp.com/index/pt-br/transporte_p%C3%BAblico-line-531-Sao_Paulo-242-2038937-36419543-0,4.4,-23.50374475,-46.67541,,,,1,2023-06-20T02:35:07+00:00
SAO_2582-10,São Paulo,3550308,True,,33142,,,-23.546292,-46.630885,,,,2,2023-06-20T02:35:26+00:00
SAO_2582-10,São Paulo,3550308,True,,33142,,,-23.514998,-46.424446,,,,2,2023-06-20T02:35:17+00:00
SAO_2582-10,São Paulo,3550308,True,,33142,,,-23.497321499999998,-46.516397999999995,,,,2,2023-06-20T02:34:53+00:00
SAO_2582-10,São Paulo,3550308,True,,33142,,,-23.5086245,-46.5433055,,,,2,2023-06-20T02:35:04+00:00
SAO_2582-10,São Paulo,3550308,True,,33142,,,-23.494137000000002,-46.45074150000001,,,,2,2023-06-20T02:35:06+00:00
SAO_2582-10,São Paulo,3550308,True,,33142,,,-23.51908225,-46.42337275,,,,2,2023-06-20T02:35:18+00:00
SAO_2582-10,São Paulo,3550308,True,,33142,,,-23.5106265,-46.443504,,,,2,2023-06-20T02:35:23+00:00
SAO_2582-10,São Paulo,3550308,True,,33142,,,-23.531755500000003,-46.55994225,,,,2,2023-06-20T02:35:15+00:00
SAO_2582-10,São Paulo,3550308,True,,33142,,,-23.535598125,-46.584652750000004,,,,2,2023-06-20T02:35:22+00:00
SAO_414P-10,São Paulo,3550308,True,,1105,,,-23.536963,-46.563204,,,,1,2023-06-20T02:35:26+00:00
SAO_414P-10,São Paulo,3550308,True,,1105,,,-23.536265999999998,-46.5628445,,,,1,2023-06-20T02:35:02+00:00
SAO_414P-10,São Paulo,3550308,True,,1105,,,-23.610801000000002,-46.5299455,,,,1,2023-06-20T02:35:14+00:00
SAO_414P-10,São Paulo,3550308,True,,1105,,,-23.54846675,-46.569734499999996,,,,1,2023-06-20T02:35:32+00:00
SAO_414P-10,São Paulo,3550308,True,,1105,,,-23.577242249999998,-46.540158125,,,,1,2023-06-20T02:35:34+00:00
SAO_7062-41,São Paulo,3550308,True,,35039,,,-23.649155999999998,-46.7594555,,,,2,2023-06-20T02:35:09+00:00
SAO_7062-41,São Paulo,3550308,True,,35039,,,-23.649641000000003,-46.7594945,,,,2,2023-06-20T02:35:33+00:00
SAO_7062-41,São Paulo,3550308,True,,35039,,,-23.6510515,-46.7658785,,,,2,2023-06-20T02:35:04+00:00
SAO_6475-10,São Paulo,3550308,True,,34085,,,-23.6767715,-46.766473875,,,,2,2023-06-20T02:35:30+00:00
SAO_6475-10,São Paulo,3550308,True,,34085,,,-23.584230249999997,-46.68749774999999,,,,2,2023-06-20T02:35:13+00:00
SAO_6475-10,São Paulo,3550308,True,,34085,,,-23.670895,-46.75936299999999,,,,2,2023-06-20T02:35:00+00:00
SAO_6475-10,São Paulo,3550308,True,,34085,,,-23.6486055,-46.758790000000005,,,,2,2023-06-20T02:35:27+00:00
SAO_6475-10,São Paulo,3550308,True,,34085,,,-23.549404,-46.639666,,,,2,2023-06-20T02:35:11+00:00
SAO_675G-10,São Paulo,3550308,True,ETT,106,https://moovitapp.com/index/pt-br/transporte_p%C3%BAblico-line-106-Sao_Paulo-242-876373-496508-0,5.3,-23.746289,-46.688334499999996,,,,1,2023-06-20T02:35:11+00:00
SAO_675G-10,São Paulo,3550308,True,ETT,106,https://moovitapp.com/index/pt-br/transporte_p%C3%BAblico-line-106-Sao_Paulo-242-876373-496508-0,5.3,-23.70004375,-46.701075625,,,,1,2023-06-20T02:35:22+00:00
SAO_675G-10,São Paulo,3550308,True,ETT,106,https://moovitapp.com/index/pt-br/transporte_p%C3%BAblico-line-106-Sao_Paulo-242-876373-496508-0,5.3,-23.644764000000002,-46.642326999999995,,,,1,2023-06-20T02:35:07+00:00
SAO_2582-10,São Paulo,3550308,True,EMTU,374,https://moovitapp.com/index/pt-br/transporte_p%C3%BAblico-line-374-Sao_Paulo-242-2038937-36419448-0,3.7,-23.539212,-46.608181,,,,1,2023-06-20T02:35:21+00:00
SAO_2582-10,São Paulo,3550308,True,EMTU,374,https://moovitapp.com/index/pt-br/transporte_p%C3%BAblico-line-374-Sao_Paulo-242-2038937-36419448-0,3.7,-23.518628,-46.423688999999996,,,,1,2023-06-20T02:35:27+00:00
SAO_2582-10,São Paulo,3550308,True,EMTU,374,https://moovitapp.com/index/pt-br/transporte_p%C3%BAblico-line-374-Sao_Paulo-242-2038937-36419448-0,3.7,-23.492924,-46.476112,,,,1,2023-06-20T02:35:27+00:00
SAO_2582-10,São Paulo,3550308,True,EMTU,374,https://moovitapp.com/index/pt-br/transporte_p%C3%BAblico-line-374-Sao_Paulo-242-2038937-36419448-0,3.7,-23.5456715,-46.630392,,,,1,2023-06-20T02:35:21+00:00
SAO_2582-10,São Paulo,3550308,True,EMTU,374,https://moovitapp.com/index/pt-br/transporte_p%C3%BAblico-line-374-Sao_Paulo-242-2038937-36419448-0,3.7,-23.5473415,-46.629296499999995,,,,1,2023-06-20T02:35:06+00:00
SAO_2582-10,São Paulo,3550308,True,EMTU,374,https://moovitapp.com/index/pt-br/transporte_p%C3%BAblico-line-374-Sao_Paulo-242-2038937-36419448-0,3.7,-23.498424,-46.519577999999996,,,,1,2023-06-20T02:35:26+00:00
SAO_2582-10,São Paulo,3550308,True,EMTU,374,https://moovitapp.com/index/pt-br/transporte_p%C3%BAblico-line-374-Sao_Paulo-242-2038937-36419448-0,3.7,-23.529316,-46.553309,,,,1,2023-06-20T02:35:34+00:00
SAO_6837-10,São Paulo,3550308,True,,32774,,,-23.6154705,-46.7401805,,,,2,2023-06-20T02:35:32+00:00
SAO_6837-10,São Paulo,3550308,True,,32774,,,-23.63207575,-46.758995,,,,2,2023-06-20T02:35:03+00:00
SAO_6837-10,São Paulo,3550308,True,,32774,,,-23.654980000000002,-46.762824,,,,2,2023-06-20T02:31:13+00:00
SAO_6837-10,São Paulo,3550308,True,,32774,,,-23.615714,-46.740030000000004,,,,2,2023-06-20T02:35:11+00:00
SAO_6837-10,São Paulo,3550308,True,,32774,,,-23.6161065,-46.739967,,,,2,2023-06-20T02:34:57+00:00
SAO_6837-10,São Paulo,3550308,True,,32774,,,-23.640641000000002,-46.7614705,,,,2,2023-06-20T02:35:04+00:00
SAO_6837-10,São Paulo,3550308,True,,32774,,,-23.615714,-46.740030000000004,,,,2,2023-06-20T02:35:06+00:00
SAO_9006-10,São Paulo,3550308,True,,33642,,,-23.464918,-46.690571500000004,,,,2,2023-06-20T02:35:24+00:00
SAO_9006-10,São Paulo,3550308,True,,33642,,,-23.4653195,-46.6903695,,,,2,2023-06-20T02:35:35+00:00
SAO_9006-10,São Paulo,3550308,True,,33642,,,-23.464918,-46.690571500000004,,,,2,2023-06-20T02:35:35+00:00
SAO_9006-10,São Paulo,3550308,True,,33642,,,-23.4745815,-46.669976500000004,,,,2,2023-06-20T02:35:06+00:00
SAO_6412-10,São Paulo,3550308,True,,33538,,,-23.617787,-46.7211975,,,,2,2023-06-20T02:34:57+00:00
SAO_6412-10,São Paulo,3550308,True,,33538,,,-23.5664938125,-46.644707249999996,,,,2,2023-06-20T02:35:16+00:00
SAO_6412-10,São Paulo,3550308,True,,33538,,,-23.61699275,-46.720967,,,,2,2023-06-20T02:35:28+00:00
SAO_6412-10,São Paulo,3550308,True,,33538,,,-23.617432,-46.7210475,,,,2,2023-06-20T02:35:03+00:00
SAO_6412-10,São Paulo,3550308,True,,33538,,,-23.5853645,-46.671534,,,,2,2023-06-20T02:35:32+00:00
SAO_6412-10,São Paulo,3550308,True,,33538,,,-23.6179555,-46.721295999999995,,,,2,2023-06-20T02:35:11+00:00
SAO_6412-10,São Paulo,3550308,True,,33538,,,-23.6136865,-46.715399500000004,,,,2,2023-06-20T02:35:20+00:00
SAO_6412-10,São Paulo,3550308,True,,33538,,,-23.599439999999998,-46.67395225,,,,2,2023-06-20T02:35:34+00:00
SAO_5106-10,São Paulo,3550308,True,,1280,,,-23.69389425,-46.64531675,,,,1,2023-06-20T02:35:01+00:00
SAO_5106-10,São Paulo,3550308,True,,1280,,,-23.577686,-46.651,,,,1,2023-06-20T02:34:57+00:00
SAO_5106-10,São Paulo,3550308,True,,1280,,,-23.603584875000003,-46.636663250000005,,,,1,2023-06-20T02:34:51+00:00
SAO_5106-10,São Paulo,3550308,True,,1280,,,-23.65513,-46.6366075,,,,1,2023-06-20T02:34:52+00:00
SAO_5106-10,São Paulo,3550308,True,,1280,,,-23.5508615,-46.635386,,,,1,2023-06-20T02:35:20+00:00
SAO_978T-10,São Paulo,3550308,True,,33657,,,-23.460176500000003,-46.695308,,,,2,2023-06-20T02:35:00+00:00
SAO_978T-10,São Paulo,3550308,True,,33657,,,-23.500208999999998,-46.6931365,,,,2,2023-06-20T02:35:16+00:00
SAO_978T-10,São Paulo,3550308,True,,33657,,,-23.462103499999998,-46.6884235,,,,2,2023-06-20T02:35:27+00:00
SAO_978T-10,São Paulo,3550308,True,,33657,,,-23.49344925,-46.696834249999995,,,,2,2023-06-20T02:35:30+00:00
SAO_978T-10,São Paulo,3550308,True,,33657,,,-23.461289,-46.6872475,,,,2,2023-06-20T02:35:17+00:00
SAO_978T-10,São Paulo,3550308,True,,33657,,,-23.525771,-46.669731999999996,,,,2,2023-06-20T02:35:08+00:00
SAO_978T-10,São Paulo,3550308,True,,33657,,,-23.470148000000002,-46.693363500000004,,,,2,2023-06-20T02:35:00+00:00
SAO_978T-10,São Paulo,3550308,True,,33657,,,-23.527012499999998,-46.681565750000004,,,,2,2023-06-20T02:35:11+00:00
SAO_978T-10,São Paulo,3550308,True,,33657,,,-23.461351,-46.6872735,,,,2,2023-06-20T02:35:16+00:00
SAO_978T-10,São Paulo,3550308,True,,33657,,,-23.502781249999998,-46.685883000000004,,,,2,2023-06-20T02:34:58+00:00
SAO_978T-10,São Paulo,3550308,True,,33657,,,-23.493143,-46.6965835,,,,2,2023-06-20T02:35:14+00:00
SAO_978T-10,São Paulo,3550308,True,,33657,,,-23.461458,-46.687291,,,,2,2023-06-20T02:34:51+00:00
SAO_978T-10,São Paulo,3550308,True,,33657,,,-23.462723,-46.7013555,,,,2,2023-06-20T02:35:12+00:00
SAO_978T-10,São Paulo,3550308,True,,33657,,,-23.516964,-46.698682000000005,,,,2,2023-06-20T02:35:14+00:00
SAO_407H-10,São Paulo,3550308,True,,34965,,,-23.631496499999997,-46.447165,,,,2,2023-06-20T02:35:19+00:00
SAO_407H-10,São Paulo,3550308,True,,34965,,,-23.56948975,-46.460775999999996,,,,2,2023-06-20T02:32:58+00:00
SAO_407H-10,São Paulo,3550308,True,,34965,,,-23.6328925,-46.442772000000005,,,,2,2023-06-20T02:35:18+00:00
SAO_407H-10,São Paulo,3550308,True,,34965,,,-23.62907175,-46.444954249999995,,,,2,2023-06-20T02:34:57+00:00
SAO_407H-10,São Paulo,3550308,True,,34965,,,-23.630999,-46.447098499999996,,,,2,2023-06-20T02:35:05+00:00
SAO_407H-10,São Paulo,3550308,True,,34965,,,-23.594865249999998,-46.449866,,,,2,2023-06-20T02:35:30+00:00
SAO_407H-10,São Paulo,3550308,True,,34965,,,-23.614341500000002,-46.457291999999995,,,,2,2023-06-20T02:34:52+00:00
SAO_407H-10,São Paulo,3550308,True,,34965,,,-23.631496499999997,-46.447165,,,,2,2023-06-20T02:35:08+00:00
SAO_847P-42,São Paulo,3550308,True,,34192,,,-23.469106500000002,-46.695824,,,,2,2023-06-20T02:35:14+00:00
SAO_847P-42,São Paulo,3550308,True,,34192,,,-23.535166,-46.706682,,,,2,2023-06-20T02:35:05+00:00
SAO_847P-42,São Paulo,3550308,True,,34192,,,-23.468571,-46.6963775,,,,2,2023-06-20T02:35:19+00:00
SAO_8014-10,São Paulo,3550308,True,,801,,,-23.40708575,-46.761970500000004,,,,1,2023-06-20T02:35:21+00:00
SAO_8014-10,São Paulo,3550308,True,,801,,,-23.42997225,-46.791086,,,,1,2023-06-20T02:35:23+00:00
SAO_8014-10,São Paulo,3550308,True,,801,,,-23.4477885,-46.7894345,,,,1,2023-06-20T02:35:19+00:00
SAO_7051-10,São Paulo,3550308,True,,34653,,,-23.654968500000003,-46.784118,,,,2,2023-06-20T02:34:53+00:00
SAO_7051-10,São Paulo,3550308,True,,34653,,,-23.6548705,-46.7842895,,,,2,2023-06-20T02:35:37+00:00
SAO_7051-10,São Paulo,3550308,True,,34653,,,-23.65129775,-46.7787675,,,,2,2023-06-20T02:35:34+00:00
SAO_7051-10,São Paulo,3550308,True,,34653,,,-23.654968500000003,-46.784118,,,,2,2023-06-20T02:35:36+00:00
SAO_4024-10,São Paulo,3550308,True,,2158,,,-23.566142499999998,-46.424344500000004,,,,1,2023-06-20T02:35:08+00:00
SAO_4024-10,São Paulo,3550308,True,,2158,,,-23.5409775,-46.4470425,,,,1,2023-06-20T02:34:51+00:00
SAO_6074-10,São Paulo,3550308,True,,1161,,,-23.734544,-46.664035999999996,,,,1,2023-06-20T02:35:08+00:00
SAO_6074-10,São Paulo,3550308,True,,1161,,,-23.7322315,-46.69322,,,,1,2023-06-20T02:35:31+00:00
SAO_6074-10,São Paulo,3550308,True,,1161,,,-23.755481000000003,-46.6672705,,,,1,2023-06-20T02:35:25+00:00
SAO_6074-10,São Paulo,3550308,True,,1161,,,-23.734544,-46.664035999999996,,,,1,2023-06-20T02:35:25+00:00
SAO_6074-10,São Paulo,3550308,True,,1161,,,-23.681303749999998,-46.694077750000005,,,,1,2023-06-20T02:35:36+00:00
SAO_848L-10,São Paulo,3550308,True,,33576,,,-23.413696,-46.7501465,,,,2,2023-06-20T02:35:05+00:00
SAO_848L-10,São Paulo,3550308,True,,33576,,,-23.479576,-46.726657,,,,2,2023-06-20T02:35:19+00:00
SAO_848L-10,São Paulo,3550308,True,,33576,,,-23.435937000000003,-46.72045849999999,,,,2,2023-06-20T02:35:20+00:00
SAO_848L-10,São Paulo,3550308,True,,33576,,,-23.432105,-46.724803,,,,2,2023-06-20T02:35:18+00:00
SAO_848L-10,São Paulo,3550308,True,,33576,,,-23.448586374999998,-46.72172475000001,,,,2,2023-06-20T02:34:59+00:00
SAO_848L-10,São Paulo,3550308,True,,33576,,,-23.407031,-46.75021125,,,,2,2023-06-20T02:35:06+00:00
SAO_848L-10,São Paulo,3550308,True,,33576,,,-23.4144305,-46.7510005,,,,2,2023-06-20T02:35:14+00:00
SAO_848L-10,São Paulo,3550308,True,,33576,,,-23.414156,-46.75083600000001,,,,2,2023-06-20T02:35:36+00:00
SAO_3768-10,São Paulo,3550308,True,,33824,,,-23.57389625,-46.393416,,,,2,2023-06-20T02:35:24+00:00
SAO_3768-10,São Paulo,3550308,True,,33824,,,-23.563498000000003,-46.4181125,,,,2,2023-06-20T02:34:32+00:00
SAO_3768-10,São Paulo,3550308,True,,33824,,,-23.586175500000003,-46.3863525,,,,2,2023-06-20T02:35:31+00:00
SAO_3768-10,São Paulo,3550308,True,,33824,,,-23.5861875,-46.3831555,,,,2,2023-06-20T02:34:59+00:00
SAO_3768-10,São Paulo,3550308,True,,33824,,,-23.577305000000003,-46.391294,,,,2,2023-06-20T02:35:12+00:00
SAO_3768-10,São Paulo,3550308,True,,33824,,,-23.588095,-46.380632,,,,2,2023-06-20T02:35:26+00:00
SAO_3768-10,São Paulo,3550308,True,,33824,,,-23.586175500000003,-46.3863525,,,,2,2023-06-20T02:34:49+00:00
SAO_414P-10,São Paulo,3550308,True,,33873,,,-23.598692,-46.529227500000005,,,,2,2023-06-20T02:35:18+00:00
SAO_414P-10,São Paulo,3550308,True,,33873,,,-23.57862425,-46.54116675,,,,2,2023-06-20T02:35:18+00:00
SAO_414P-10,São Paulo,3550308,True,,33873,,,-23.554957,-46.558953,,,,2,2023-06-20T02:35:21+00:00
SAO_414P-10,São Paulo,3550308,True,,33873,,,-23.608855249999998,-46.530975999999995,,,,2,2023-06-20T02:34:59+00:00
SAO_414P-10,São Paulo,3550308,True,,33873,,,-23.53671875,-46.5716745,,,,2,2023-06-20T02:35:32+00:00
SAO_414P-10,São Paulo,3550308,True,,33873,,,-23.6104605,-46.5297595,,,,2,2023-06-20T02:35:14+00:00
SAO_6046-10,São Paulo,3550308,True,,1223,,,-23.6783705,-46.77687925,,,,1,2023-06-20T02:35:13+00:00
SAO_6046-10,São Paulo,3550308,True,,1223,,,-23.649607000000003,-46.707680499999995,,,,1,2023-06-20T02:34:54+00:00
SAO_6046-10,São Paulo,3550308,True,,1223,,,-23.649198,-46.7526175,,,,1,2023-06-20T02:35:37+00:00
SAO_7005-51,São Paulo,3550308,True,,34767,,,-23.683074,-46.76950175,,,,2,2023-06-20T02:35:37+00:00
SAO_7005-51,São Paulo,3550308,True,,34767,,,-23.73646075,-46.776863250000005,,,,2,2023-06-20T02:35:21+00:00
SAO_7005-51,São Paulo,3550308,True,,34767,,,-23.695515,-46.779732499999994,,,,2,2023-06-20T02:35:12+00:00
SAO_7005-51,São Paulo,3550308,True,,34767,,,-23.73646075,-46.776863250000005,,,,2,2023-06-20T02:35:20+00:00
SAO_7005-51,São Paulo,3550308,True,,34767,,,-23.73646075,-46.776863250000005,,,,2,2023-06-20T02:35:32+00:00
SAO_7005-51,São Paulo,3550308,True,,34767,,,-23.73646075,-46.776863250000005,,,,2,2023-06-20T02:34:54+00:00
SAO_7005-51,São Paulo,3550308,True,,34767,,,-23.7307125,-46.785826,,,,2,2023-06-20T02:35:32+00:00
SAO_7005-51,São Paulo,3550308,True,,34767,,,-23.73646075,-46.776863250000005,,,,2,2023-06-20T02:35:03+00:00
SAO_9005-10,São Paulo,3550308,True,,872,,,-23.459018,-46.674842999999996,,,,1,2023-06-20T02:35:30+00:00
SAO_9005-10,São Paulo,3550308,True,,872,,,-23.450224,-46.6851425,,,,1,2023-06-20T02:35:22+00:00
SAO_476G-41,São Paulo,3550308,True,,33880,,,-23.6098365,-46.529281,,,,2,2023-06-20T02:35:29+00:00
SAO_476G-41,São Paulo,3550308,True,,33880,,,-23.582738,-46.5999265,,,,2,2023-06-20T02:34:38+00:00
SAO_476G-41,São Paulo,3550308,True,,33880,,,-23.60992025,-46.53431625,,,,2,2023-06-20T02:35:10+00:00
SAO_476G-41,São Paulo,3550308,True,,33880,,,-23.5791345,-46.6241115,,,,2,2023-06-20T02:34:55+00:00
SAO_6050-10,São Paulo,3550308,True,,33993,,,-23.75149,-46.678267,,,,2,2023-06-20T02:35:05+00:00
SAO_6050-10,São Paulo,3550308,True,,33993,,,-23.7367375,-46.696807,,,,2,2023-06-20T02:35:11+00:00
SAO_6050-10,São Paulo,3550308,True,,33993,,,-23.740786,-46.691494500000005,,,,2,2023-06-20T02:34:49+00:00
SAO_756A-10,São Paulo,3550308,True,,793,,,-23.6137345,-46.695820499999996,,,,1,2023-06-20T02:35:00+00:00
SAO_756A-10,São Paulo,3550308,True,,793,,,-23.613596,-46.6976995,,,,1,2023-06-20T02:35:19+00:00
SAO_756A-10,São Paulo,3550308,True,,793,,,-23.5978395,-46.7957555,,,,1,2023-06-20T02:35:30+00:00
SAO_756A-10,São Paulo,3550308,True,,793,,,-23.582818500000002,-46.725421,,,,1,2023-06-20T02:35:12+00:00
SAO_8194-10,São Paulo,3550308,True,,33573,,,-23.459716999999998,-46.68898,,,,2,2023-06-20T02:35:15+00:00
SAO_8194-10,São Paulo,3550308,True,,33573,,,-23.398474,-46.753567000000004,,,,2,2023-06-20T02:34:55+00:00
SAO_8194-10,São Paulo,3550308,True,,33573,,,-23.4134345,-46.749998500000004,,,,2,2023-06-20T02:35:35+00:00
SAO_8194-10,São Paulo,3550308,True,,33573,,,-23.4138315,-46.750228500000006,,,,2,2023-06-20T02:35:06+00:00
SAO_8194-10,São Paulo,3550308,True,,33573,,,-23.412557375,-46.75643050000001,,,,2,2023-06-20T02:35:16+00:00
SAO_8194-10,São Paulo,3550308,True,,33573,,,-23.4132605,-46.7545275,,,,2,2023-06-20T02:35:18+00:00
SAO_8194-10,São Paulo,3550308,True,,33573,,,-23.42738025,-46.72517325,,,,2,2023-06-20T02:35:30+00:00
SAO_8194-10,São Paulo,3550308,True,,33573,,,-23.442132625,-46.706932125,,,,2,2023-06-20T02:34:54+00:00
SAO_4706-10,São Paulo,3550308,True,,33067,,,-23.652755499999998,-46.602143,,,,2,2023-06-20T02:35:29+00:00
SAO_4706-10,São Paulo,3550308,True,,33067,,,-23.652755499999998,-46.602143,,,,2,2023-06-20T02:35:17+00:00
SAO_4706-10,São Paulo,3550308,True,,33067,,,-23.584914375,-46.612132375,,,,2,2023-06-20T02:35:34+00:00
SAO_4706-10,São Paulo,3550308,True,,33067,,,-23.591399625,-46.610373249999995,,,,2,2023-06-20T02:35:30+00:00
SAO_1742-10,São Paulo,3550308,True,EMTU,542,https://moovitapp.com/index/pt-br/transporte_p%C3%BAblico-line-542-Sao_Paulo-242-2038937-59914572-0,5.4,-23.504151125,-46.62617125,,,,1,2023-06-20T02:35:13+00:00
SAO_1742-10,São Paulo,3550308,True,EMTU,542,https://moovitapp.com/index/pt-br/transporte_p%C3%BAblico-line-542-Sao_Paulo-242-2038937-59914572-0,5.4,-23.464776999999998,-46.6544685,,,,1,2023-06-20T02:35:31+00:00
SAO_1742-10,São Paulo,3550308,True,EMTU,542,https://moovitapp.com/index/pt-br/transporte_p%C3%BAblico-line-542-Sao_Paulo-242-2038937-59914572-0,5.4,-23.4568285,-46.658956,,,,1,2023-06-20T02:35:00+00:00
SAO_1742-10,São Paulo,3550308,True,EMTU,542,https://moovitapp.com/index/pt-br/transporte_p%C3%BAblico-line-542-Sao_Paulo-242-2038937-59914572-0,5.4,-23.4566525,-46.6589995,,,,1,2023-06-20T02:32:44+00:00
SAO_1742-10,São Paulo,3550308,True,EMTU,542,https://moovitapp.com/index/pt-br/transporte_p%C3%BAblico-line-542-Sao_Paulo-242-2038937-59914572-0,5.4,-23.4568285,-46.658956,,,,1,2023-06-20T02:34:06+00:00
SAO_4036-10,São Paulo,3550308,True,,35329,,,-23.542564,-46.46962550000001,,,,2,2023-06-20T02:34:57+00:00
SAO_4036-10,São Paulo,3550308,True,,35329,,,-23.542654,-46.470171,,,,2,2023-06-20T02:34:13+00:00
SAO_4036-10,São Paulo,3550308,True,,35329,,,-23.55463125,-46.48308299999999,,,,2,2023-06-20T02:35:23+00:00
SAO_2009-10,São Paulo,3550308,True,,898,,,-23.5099475,-46.413949,,,,1,2023-06-20T02:32:19+00:00
SAO_2009-10,São Paulo,3550308,True,,898,,,-23.5099475,-46.413949,,,,1,2023-06-20T01:45:18+00:00
SAO_2009-10,São Paulo,3550308,True,,898,,,-23.5099475,-46.413949,,,,1,2023-06-20T02:35:13+00:00
SAO_2009-10,São Paulo,3550308,True,,898,,,-23.5099475,-46.413949,,,,1,2023-06-20T02:34:17+00:00
SAO_2678-10,São Paulo,3550308,True,,33151,,,-23.539212,-46.608181,,,,2,2023-06-20T02:35:23+00:00
SAO_2678-10,São Paulo,3550308,True,,33151,,,-23.4938845,-46.37678150000001,,,,2,2023-06-20T02:34:52+00:00
SAO_2678-10,São Paulo,3550308,True,,33151,,,-23.494611749999997,-46.414021250000005,,,,2,2023-06-20T02:35:17+00:00
SAO_2678-10,São Paulo,3550308,True,,33151,,,-23.493128249999998,-46.376914875,,,,2,2023-06-20T02:35:29+00:00
SAO_2678-10,São Paulo,3550308,True,,33151,,,-23.53893275,-46.60626775,,,,2,2023-06-20T02:35:24+00:00
SAO_2678-10,São Paulo,3550308,True,,33151,,,-23.493789,-46.4398925,,,,2,2023-06-20T02:35:03+00:00
SAO_2678-10,São Paulo,3550308,True,,33151,,,-23.494327499999997,-46.376706,,,,2,2023-06-20T02:35:25+00:00
SAO_2678-10,São Paulo,3550308,True,,33151,,,-23.497062749999998,-46.400291249999995,,,,2,2023-06-20T02:35:26+00:00
SAO_2678-10,São Paulo,3550308,True,,33151,,,-23.501363,-46.3849455,,,,2,2023-06-20T02:35:28+00:00
SAO_2678-10,São Paulo,3550308,True,,33151,,,-23.5001465,-46.469282,,,,2,2023-06-20T02:34:57+00:00
SAO_2678-10,São Paulo,3550308,True,,33151,,,-23.531755500000003,-46.55994225,,,,2,2023-06-20T02:34:08+00:00
SAO_2678-10,São Paulo,3550308,True,,33151,,,-23.5467995,-46.623562875000005,,,,2,2023-06-20T02:35:03+00:00
SAO_2678-10,São Paulo,3550308,True,,33151,,,-23.4938845,-46.37678150000001,,,,2,2023-06-20T02:35:23+00:00
SAO_2678-10,São Paulo,3550308,True,,33151,,,-23.506502125,-46.477052750000006,,,,2,2023-06-20T02:35:33+00:00
SAO_2678-10,São Paulo,3550308,True,,33151,,,-23.493635249999997,-46.376825374999996,,,,2,2023-06-20T02:34:55+00:00
SAO_2678-10,São Paulo,3550308,True,,33151,,,-23.4988045,-46.3950825,,,,2,2023-06-20T02:35:28+00:00
SAO_9011-21,São Paulo,3550308,True,,1768,,,-23.4547945,-46.738510500000004,,,,1,2023-06-20T02:35:16+00:00
SAO_9011-21,São Paulo,3550308,True,,1768,,,-23.4547945,-46.738510500000004,,,,1,2023-06-20T02:34:58+00:00
SAO_9011-21,São Paulo,3550308,True,,1768,,,-23.4547945,-46.738510500000004,,,,1,2023-06-20T02:35:27+00:00
SAO_9011-21,São Paulo,3550308,True,,1768,,,-23.4392385,-46.734076,,,,1,2023-06-20T02:35:01+00:00
SAO_9011-21,São Paulo,3550308,True,,1768,,,-23.4393045,-46.725136000000006,,,,1,2023-06-20T02:35:07+00:00
SAO_9011-21,São Paulo,3550308,True,,1768,,,-23.4547945,-46.738510500000004,,,,1,2023-06-20T02:35:07+00:00
SAO_1759-10,São Paulo,3550308,True,,553,,,-23.4904545,-46.6261245,,,,1,2023-06-20T02:35:27+00:00
SAO_1759-10,São Paulo,3550308,True,,553,,,-23.464035125000002,-46.654045625,,,,1,2023-06-20T02:35:31+00:00
SAO_1759-10,São Paulo,3550308,True,,553,,,-23.46335475,-46.65300725,,,,1,2023-06-20T02:35:28+00:00
SAO_5194-10,São Paulo,3550308,True,,33037,,,-23.7131135,-46.65267,,,,2,2023-06-20T02:11:22+00:00
SAO_5194-10,São Paulo,3550308,True,,33037,,,-23.705626000000002,-46.6519495,,,,2,2023-06-20T02:33:26+00:00
SAO_5194-10,São Paulo,3550308,True,,33037,,,-23.712902,-46.6521715,,,,2,2023-06-20T02:33:56+00:00
SAO_5194-10,São Paulo,3550308,True,,33037,,,-23.679327999999998,-46.663608999999994,,,,2,2023-06-20T02:34:57+00:00
SAO_5194-10,São Paulo,3550308,True,,33037,,,-23.7121575,-46.6525505,,,,2,2023-06-20T02:26:38+00:00
SAO_5194-10,São Paulo,3550308,True,,33037,,,-23.65542925,-46.679842750000006,,,,2,2023-06-20T02:35:18+00:00
SAO_297A-10,São Paulo,3550308,True,,2133,,,-23.525090499999997,-46.6665245,,,,1,2023-06-20T02:34:52+00:00
SAO_297A-10,São Paulo,3550308,True,,2133,,,-23.495398,-46.677192500000004,,,,1,2023-06-20T02:35:26+00:00
SAO_8194-10,São Paulo,3550308,True,,805,,,-23.4560315,-46.69215199999999,,,,1,2023-06-20T02:35:12+00:00
SAO_8194-10,São Paulo,3550308,True,,805,,,-23.410555,-46.734949,,,,1,2023-06-20T02:35:30+00:00
SAO_8194-10,São Paulo,3550308,True,,805,,,-23.3977515,-46.7570065,,,,1,2023-06-20T02:34:57+00:00
SAO_8194-10,São Paulo,3550308,True,,805,,,-23.398622250000003,-46.7519295,,,,1,2023-06-20T02:34:55+00:00
SAO_8194-10,São Paulo,3550308,True,,805,,,-23.414464499999998,-46.7532435625,,,,1,2023-06-20T02:34:50+00:00
SAO_8194-10,São Paulo,3550308,True,,805,,,-23.4413925,-46.7078645,,,,1,2023-06-20T02:35:12+00:00
SAO_6450-10,São Paulo,3550308,True,,32827,,,-23.651855,-46.7581005,,,,2,2023-06-20T02:35:02+00:00
SAO_6450-10,São Paulo,3550308,True,,32827,,,-23.64481825,-46.71861725,,,,2,2023-06-20T02:35:24+00:00
SAO_6450-10,São Paulo,3550308,True,,32827,,,-23.6542305,-46.7623055,,,,2,2023-06-20T02:35:35+00:00
SAO_6450-10,São Paulo,3550308,True,,32827,,,-23.654408500000002,-46.762060999999996,,,,2,2023-06-20T02:35:15+00:00
SAO_6450-10,São Paulo,3550308,True,,32827,,,-23.6436265,-46.7330035,,,,2,2023-06-20T02:35:05+00:00
SAO_6450-10,São Paulo,3550308,True,,32827,,,-23.568122375,-46.660177,,,,2,2023-06-20T02:35:27+00:00
SAO_6450-10,São Paulo,3550308,True,,32827,,,-23.58769125,-46.67168025,,,,2,2023-06-20T02:35:18+00:00
SAO_6450-10,São Paulo,3550308,True,,32827,,,-23.640708625000002,-46.698612125000004,,,,2,2023-06-20T02:35:38+00:00
SAO_6450-10,São Paulo,3550308,True,,32827,,,-23.654660999999997,-46.7609705,,,,2,2023-06-20T02:35:28+00:00
SAO_6450-10,São Paulo,3550308,True,,32827,,,-23.6043425,-46.6750015,,,,2,2023-06-20T02:35:31+00:00
SAO_3785-10,São Paulo,3550308,True,,1063,,,-23.554508249999998,-46.454671125000004,,,,1,2023-06-20T02:35:16+00:00
SAO_3785-10,São Paulo,3550308,True,,1063,,,-23.5934825,-46.4185905,,,,1,2023-06-20T02:35:20+00:00
SAO_3785-10,São Paulo,3550308,True,,1063,,,-23.5425565,-46.4708155,,,,1,2023-06-20T02:35:36+00:00
SAO_3785-10,São Paulo,3550308,True,,1063,,,-23.5424675,-46.470273500000005,,,,1,2023-06-20T02:29:40+00:00
SAO_3785-10,São Paulo,3550308,True,,1063,,,-23.585645874999997,-46.390672125,,,,1,2023-06-20T02:35:19+00:00
SAO_6836-10,São Paulo,3550308,True,,32781,,,-23.681615999999998,-46.781245999999996,,,,2,2023-06-20T02:35:34+00:00
SAO_6836-10,São Paulo,3550308,True,,32781,,,-23.660562999999996,-46.747134,,,,2,2023-06-20T02:35:23+00:00
SAO_2719-10,São Paulo,3550308,True,,33700,,,-23.494729,-46.4696005,,,,2,2023-06-20T02:35:33+00:00
SAO_2719-10,São Paulo,3550308,True,,33700,,,-23.4993315,-46.487423,,,,2,2023-06-20T02:34:48+00:00
SAO_2719-10,São Paulo,3550308,True,,33700,,,-23.4948325,-46.469304,,,,2,2023-06-20T02:35:25+00:00
SAO_2719-10,São Paulo,3550308,True,,33700,,,-23.4948325,-46.469304,,,,2,2023-06-20T02:35:20+00:00
SAO_2719-10,São Paulo,3550308,True,,33700,,,-23.494701499999998,-46.469716000000005,,,,2,2023-06-20T02:35:17+00:00
SAO_2719-10,São Paulo,3550308,True,,33700,,,-23.510763,-46.50323,,,,2,2023-06-20T02:35:28+00:00
SAO_2719-10,São Paulo,3550308,True,,33700,,,-23.493332,-46.481607,,,,2,2023-06-20T02:35:13+00:00
SAO_2719-10,São Paulo,3550308,True,,33700,,,-23.527845499999998,-46.526865,,,,2,2023-06-20T02:35:10+00:00
SAO_2719-10,São Paulo,3550308,True,,33700,,,-23.494764500000002,-46.4694635,,,,2,2023-06-20T02:35:22+00:00
SAO_2719-10,São Paulo,3550308,True,,33700,,,-23.513284499999997,-46.516854,,,,2,2023-06-20T02:35:15+00:00
SAO_271M-10,São Paulo,3550308,True,,33452,,,-23.512197999999998,-46.563227499999996,,,,2,2023-06-20T02:35:29+00:00
SAO_271M-10,São Paulo,3550308,True,,33452,,,-23.512393250000002,-46.56326850000001,,,,2,2023-06-20T02:35:28+00:00
SAO_271M-10,São Paulo,3550308,True,,33452,,,-23.5120595,-46.5631845,,,,2,2023-06-20T02:35:17+00:00
SAO_271M-10,São Paulo,3550308,True,,33452,,,-23.502086499999997,-46.623816500000004,,,,2,2023-06-20T02:35:18+00:00
SAO_271M-10,São Paulo,3550308,True,,33452,,,-23.503434499999997,-46.611551000000006,,,,2,2023-06-20T02:34:27+00:00
SAO_271M-10,São Paulo,3550308,True,,33452,,,-23.501723,-46.5768165,,,,2,2023-06-20T02:35:12+00:00
SAO_271M-10,São Paulo,3550308,True,,33452,,,-23.499005999999998,-46.58068874999999,,,,2,2023-06-20T02:34:12+00:00
SAO_1702-10,São Paulo,3550308,True,,846,,,-23.527362500000002,-46.6269225,,,,1,2023-06-20T02:35:17+00:00
SAO_1702-10,São Paulo,3550308,True,,846,,,-23.442846,-46.57655,,,,1,2023-06-20T02:35:26+00:00
SAO_1702-10,São Paulo,3550308,True,,846,,,-23.449253499999998,-46.5740025,,,,1,2023-06-20T02:35:09+00:00
SAO_1702-10,São Paulo,3550308,True,,846,,,-23.479270500000002,-46.59933075,,,,1,2023-06-20T02:35:22+00:00
SAO_1702-10,São Paulo,3550308,True,,846,,,-23.502539,-46.624581,,,,1,2023-06-20T02:35:37+00:00
SAO_573H-10,São Paulo,3550308,True,,34398,,,-23.612196500000003,-46.493525500000004,,,,2,2023-06-20T02:34:57+00:00
SAO_573H-10,São Paulo,3550308,True,,34398,,,-23.5468175,-46.6081985,,,,2,2023-06-20T02:35:13+00:00
SAO_573H-10,São Paulo,3550308,True,,34398,,,-23.552679499999996,-46.611855250000005,,,,2,2023-06-20T02:35:09+00:00
SAO_573H-10,São Paulo,3550308,True,,34398,,,-23.574574,-46.5676705,,,,2,2023-06-20T02:35:23+00:00
SAO_573H-10,São Paulo,3550308,True,,34398,,,-23.590888999999997,-46.50481375,,,,2,2023-06-20T02:35:03+00:00
SAO_573H-10,São Paulo,3550308,True,,34398,,,-23.587147,-46.515763500000006,,,,2,2023-06-20T02:34:56+00:00
SAO_573H-10,São Paulo,3550308,True,,34398,,,-23.612196500000003,-46.493525500000004,,,,2,2023-06-20T02:35:23+00:00
SAO_573H-10,São Paulo,3550308,True,,34398,,,-23.612196500000003,-46.493525500000004,,,,2,2023-06-20T02:35:09+00:00
SAO_573H-10,São Paulo,3550308,True,,34398,,,-23.57409275,-46.557143499999995,,,,2,2023-06-20T02:34:59+00:00
SAO_573H-10,São Paulo,3550308,True,,34398,,,-23.5964545,-46.501602500000004,,,,2,2023-06-20T02:35:01+00:00
SAO_573H-10,São Paulo,3550308,True,,34398,,,-23.561344249999998,-46.5949025,,,,2,2023-06-20T02:35:29+00:00
SAO_575A-10,São Paulo,3550308,True,,1638,,,-23.6018545,-46.57027,,,,1,2023-06-20T02:35:31+00:00
SAO_575A-10,São Paulo,3550308,True,,1638,,,-23.554513,-46.583997,,,,1,2023-06-20T02:35:22+00:00
SAO_172R-10,São Paulo,3550308,True,,859,,,-23.5423885,-46.590565,,,,1,2023-06-20T02:35:35+00:00
SAO_172R-10,São Paulo,3550308,True,,859,,,-23.465965,-46.584261999999995,,,,1,2023-06-20T02:34:50+00:00
SAO_172R-10,São Paulo,3550308,True,,859,,,-23.511144,-46.580998,,,,1,2023-06-20T02:35:04+00:00
SAO_172R-10,São Paulo,3550308,True,,859,,,-23.5379493125,-46.602249,,,,1,2023-06-20T02:35:03+00:00
SAO_172R-10,São Paulo,3550308,True,,859,,,-23.47017475,-46.577268374999996,,,,1,2023-06-20T02:34:52+00:00
SAO_172R-10,São Paulo,3550308,True,,859,,,-23.497451,-46.574927875,,,,1,2023-06-20T02:32:56+00:00
SAO_273D-10,São Paulo,3550308,True,,32990,,,-23.521214999999998,-46.41099,,,,2,2023-06-20T02:35:09+00:00
SAO_273D-10,São Paulo,3550308,True,,32990,,,-23.50449625,-46.411313,,,,2,2023-06-20T02:35:31+00:00
SAO_273D-10,São Paulo,3550308,True,,32990,,,-23.525419875,-46.474753125,,,,2,2023-06-20T02:34:50+00:00
SAO_273D-10,São Paulo,3550308,True,,32990,,,-23.5212985,-46.410903,,,,2,2023-06-20T02:35:16+00:00
SAO_273D-10,São Paulo,3550308,True,,32990,,,-23.496401499999997,-46.4112075,,,,2,2023-06-20T02:35:36+00:00
SAO_2731-10,São Paulo,3550308,True,,946,,,-23.518249,-46.439041,,,,1,2023-06-20T02:35:12+00:00
SAO_2731-10,São Paulo,3550308,True,,946,,,-23.535528,-46.4545035,,,,1,2023-06-20T02:35:06+00:00
SAO_2731-10,São Paulo,3550308,True,,946,,,-23.532367,-46.45353425,,,,1,2023-06-20T02:35:28+00:00
SAO_2731-10,São Paulo,3550308,True,,946,,,-23.542716,-46.469168499999995,,,,1,2023-06-20T02:34:35+00:00
SAO_2731-10,São Paulo,3550308,True,,946,,,-23.515141,-46.433831,,,,1,2023-06-20T02:35:34+00:00
SAO_2731-10,São Paulo,3550308,True,,946,,,-23.516140749999998,-46.4364195,,,,1,2023-06-20T02:32:14+00:00
SAO_1720-10,São Paulo,3550308,True,,33631,,,-23.481458500000002,-46.58225875,,,,2,2023-06-20T02:35:18+00:00
SAO_1720-10,São Paulo,3550308,True,,33631,,,-23.4806635,-46.604226,,,,2,2023-06-20T02:35:27+00:00
SAO_1720-10,São Paulo,3550308,True,,33631,,,-23.4519265,-46.61469025,,,,2,2023-06-20T02:35:20+00:00
SAO_1720-10,São Paulo,3550308,True,,33631,,,-23.493856,-46.568802,,,,2,2023-06-20T02:34:59+00:00
SAO_1720-10,São Paulo,3550308,True,,33631,,,-23.481711250000004,-46.56646275,,,,2,2023-06-20T02:35:29+00:00
SAO_1720-10,São Paulo,3550308,True,,33631,,,-23.494107,-46.568782999999996,,,,2,2023-06-20T02:35:21+00:00
SAO_1720-10,São Paulo,3550308,True,,33631,,,-23.494107,-46.568782999999996,,,,2,2023-06-20T02:32:31+00:00
SAO_1720-10,São Paulo,3550308,True,,33631,,,-23.46567425,-46.61637375000001,,,,2,2023-06-20T02:35:20+00:00
SAO_1720-10,São Paulo,3550308,True,,33631,,,-23.4942895,-46.568806,,,,2,2023-06-20T02:35:25+00:00
SAO_978A-10,São Paulo,3550308,True,,34137,,,-23.521480750000002,-46.666559,,,,2,2023-06-20T02:35:23+00:00
SAO_978A-10,São Paulo,3550308,True,,34137,,,-23.475628999999998,-46.670974,,,,2,2023-06-20T02:35:24+00:00
SAO_978A-10,São Paulo,3550308,True,,34137,,,-23.515550625,-46.688090875,,,,2,2023-06-20T02:35:26+00:00
SAO_978A-10,São Paulo,3550308,True,,34137,,,-23.483620000000002,-46.678878,,,,2,2023-06-20T02:35:06+00:00
SAO_745M-10,São Paulo,3550308,True,,33550,,,-23.666986,-46.773788,,,,2,2023-06-20T02:34:56+00:00
SAO_745M-10,São Paulo,3550308,True,,33550,,,-23.630615499999998,-46.768413,,,,2,2023-06-20T02:35:13+00:00
SAO_745M-10,São Paulo,3550308,True,,33550,,,-23.630817,-46.767892,,,,2,2023-06-20T02:35:35+00:00
SAO_745M-10,São Paulo,3550308,True,,33550,,,-23.660479000000002,-46.777412,,,,2,2023-06-20T02:35:06+00:00
SAO_745M-10,São Paulo,3550308,True,,33550,,,-23.66398625,-46.782029,,,,2,2023-06-20T02:35:11+00:00
SAO_745M-10,São Paulo,3550308,True,,33550,,,-23.665592,-46.764447000000004,,,,2,2023-06-20T02:35:11+00:00
SAO_745M-10,São Paulo,3550308,True,,33550,,,-23.630928500000003,-46.767601,,,,2,2023-06-20T02:34:53+00:00
SAO_745M-10,São Paulo,3550308,True,,33550,,,-23.630817,-46.767892,,,,2,2023-06-20T02:35:18+00:00
SAO_745M-10,São Paulo,3550308,True,,33550,,,-23.6824585,-46.6907875,,,,2,2023-06-20T02:35:22+00:00
SAO_745M-10,São Paulo,3550308,True,,33550,,,-23.665769,-46.7133115,,,,2,2023-06-20T02:35:29+00:00
SAO_745M-10,São Paulo,3550308,True,,33550,,,-23.632000499999997,-46.771926,,,,2,2023-06-20T02:35:28+00:00
SAO_745M-10,São Paulo,3550308,True,,33550,,,-23.6700285,-46.7614755,,,,2,2023-06-20T02:35:19+00:00
SAO_745M-10,São Paulo,3550308,True,,33550,,,-23.630615499999998,-46.768413,,,,2,2023-06-20T02:34:58+00:00
SAO_745M-10,São Paulo,3550308,True,,33550,,,-23.67062,-46.739652500000005,,,,2,2023-06-20T02:34:59+00:00
SAO_3031-10,São Paulo,3550308,True,,33735,,,-23.5433195,-46.470394,,,,2,2023-06-20T02:28:56+00:00
SAO_3031-10,São Paulo,3550308,True,,33735,,,-23.56379175,-46.46214175,,,,2,2023-06-20T02:35:19+00:00
SAO_3031-10,São Paulo,3550308,True,,33735,,,-23.6129015,-46.444473,,,,2,2023-06-20T02:35:05+00:00
SAO_3031-10,São Paulo,3550308,True,,33735,,,-23.6129015,-46.444473,,,,2,2023-06-20T02:35:14+00:00
SAO_3031-10,São Paulo,3550308,True,,33735,,,-23.6126845,-46.4445915,,,,2,2023-06-20T02:35:21+00:00
SAO_3031-10,São Paulo,3550308,True,,33735,,,-23.6126845,-46.4445915,,,,2,2023-06-20T02:35:08+00:00
SAO_3031-10,São Paulo,3550308,True,,33735,,,-23.6129015,-46.444473,,,,2,2023-06-20T02:35:33+00:00
SAO_3031-10,São Paulo,3550308,True,,33735,,,-23.602895,-46.443481500000004,,,,2,2023-06-20T02:35:07+00:00
SAO_3031-10,São Paulo,3550308,True,,33735,,,-23.572203000000002,-46.4463495,,,,2,2023-06-20T02:35:28+00:00
SAO_3031-10,São Paulo,3550308,True,,33735,,,-23.6126845,-46.4445915,,,,2,2023-06-20T02:34:59+00:00
SAO_3031-10,São Paulo,3550308,True,,33735,,,-23.6125095,-46.4445395,,,,2,2023-06-20T02:35:03+00:00
SAO_6050-10,São Paulo,3550308,True,,1225,,,-23.751886,-46.678413000000006,,,,1,2023-06-20T02:35:03+00:00
SAO_2006-10,São Paulo,3550308,True,,33663,,,-23.49045975,-46.37556,,,,2,2023-06-20T02:35:18+00:00
SAO_2006-10,São Paulo,3550308,True,,33663,,,-23.497806500000003,-46.3697715,,,,2,2023-06-20T02:34:38+00:00
SAO_2006-10,São Paulo,3550308,True,,33663,,,-23.494194,-46.400918,,,,2,2023-06-20T02:34:24+00:00
SAO_2006-10,São Paulo,3550308,True,,33663,,,-23.49101625,-46.375122,,,,2,2023-06-20T02:35:05+00:00
SAO_2006-10,São Paulo,3550308,True,,33663,,,-23.510135124999998,-46.366632749999994,,,,2,2023-06-20T02:34:58+00:00
SAO_2006-10,São Paulo,3550308,True,,33663,,,-23.496059000000002,-46.4011645,,,,2,2023-06-20T02:37:12+00:00
SAO_746V-10,São Paulo,3550308,True,,33560,,,-23.62274625,-46.754206999999994,,,,2,2023-06-20T02:35:01+00:00
SAO_746V-10,São Paulo,3550308,True,,33560,,,-23.642134,-46.756007,,,,2,2023-06-20T02:35:22+00:00
SAO_746V-10,São Paulo,3550308,True,,33560,,,-23.62274625,-46.754206999999994,,,,2,2023-06-20T02:35:00+00:00
SAO_746V-10,São Paulo,3550308,True,,33560,,,-23.62274625,-46.754206999999994,,,,2,2023-06-20T02:34:58+00:00
SAO_746V-10,São Paulo,3550308,True,,33560,,,-23.6486715,-46.7538655,,,,2,2023-06-20T02:35:23+00:00
SAO_746V-10,São Paulo,3550308,True,,33560,,,-23.6301,-46.769169,,,,2,2023-06-20T02:35:07+00:00
SAO_746V-10,São Paulo,3550308,True,,33560,,,-23.6273525,-46.748815,,,,2,2023-06-20T02:28:37+00:00
SAO_719R-10,São Paulo,3550308,True,,33237,,,-23.5261985,-46.6684055,,,,2,2023-06-20T02:35:06+00:00
SAO_719R-10,São Paulo,3550308,True,,33237,,,-23.564864749999998,-46.69365725,,,,2,2023-06-20T02:35:10+00:00
SAO_719R-10,São Paulo,3550308,True,,33237,,,-23.562407999999998,-46.764896375000006,,,,2,2023-06-20T02:35:04+00:00
SAO_719R-10,São Paulo,3550308,True,,33237,,,-23.5655265,-46.7445055,,,,2,2023-06-20T02:34:58+00:00
SAO_719R-10,São Paulo,3550308,True,,33237,,,-23.5619675,-46.7643025,,,,2,2023-06-20T02:35:05+00:00
SAO_8594-10,São Paulo,3550308,True,,33200,,,-23.451815,-46.7463895,,,,2,2023-06-20T02:35:30+00:00
SAO_8594-10,São Paulo,3550308,True,,33200,,,-23.447133,-46.727151500000005,,,,2,2023-06-20T02:35:35+00:00
SAO_8594-10,São Paulo,3550308,True,,33200,,,-23.532164,-46.6582775,,,,2,2023-06-20T02:35:16+00:00
SAO_8594-10,São Paulo,3550308,True,,33200,,,-23.5063935,-46.705843,,,,2,2023-06-20T02:34:59+00:00
SAO_8594-10,São Paulo,3550308,True,,33200,,,-23.451815,-46.7463895,,,,2,2023-06-20T02:35:05+00:00
SAO_8594-10,São Paulo,3550308,True,,33200,,,-23.452038,-46.7466635,,,,2,2023-06-20T02:35:12+00:00
SAO_8594-10,São Paulo,3550308,True,,33200,,,-23.452038,-46.7466635,,,,2,2023-06-20T02:35:29+00:00
SAO_8594-10,São Paulo,3550308,True,,33200,,,-23.451815,-46.7463895,,,,2,2023-06-20T02:35:20+00:00
SAO_8594-10,São Paulo,3550308,True,,33200,,,-23.457815,-46.719069000000005,,,,2,2023-06-20T02:34:57+00:00
SAO_1026-10,São Paulo,3550308,True,,35074,,,-23.47114175,-46.71015375,,,,2,2023-06-20T02:35:12+00:00
SAO_1026-10,São Paulo,3550308,True,,35074,,,-23.4704835,-46.7104185,,,,2,2023-06-20T02:35:20+00:00
SAO_1026-10,São Paulo,3550308,True,,35074,,,-23.471728,-46.7010305,,,,2,2023-06-20T02:35:14+00:00
SAO_5154-10,São Paulo,3550308,True,,33121,,,-23.54995325,-46.6389305,,,,2,2023-06-20T02:35:34+00:00
SAO_5154-10,São Paulo,3550308,True,,33121,,,-23.623034750000002,-46.69963249999999,,,,2,2023-06-20T02:35:27+00:00
SAO_5154-10,São Paulo,3550308,True,,33121,,,-23.5725515,-46.65410525,,,,2,2023-06-20T02:35:17+00:00
SAO_5154-10,São Paulo,3550308,True,,33121,,,-23.5346975,-46.6447725,,,,2,2023-06-20T02:35:18+00:00
SAO_5154-10,São Paulo,3550308,True,,33121,,,-23.650494000000002,-46.7072335,,,,2,2023-06-20T02:35:36+00:00
SAO_5614-10,São Paulo,3550308,True,,1515,,,-23.5519655,-46.635654,,,,1,2023-06-20T02:35:26+00:00
SAO_5614-10,São Paulo,3550308,True,,1515,,,-23.698710499999997,-46.647746,,,,1,2023-06-20T02:35:19+00:00
SAO_5614-10,São Paulo,3550308,True,,1515,,,-23.645371,-46.67331825000001,,,,1,2023-06-20T02:35:30+00:00
SAO_2161-10,São Paulo,3550308,True,,33462,,,-23.4740875,-46.566756999999996,,,,2,2023-06-20T02:35:07+00:00
SAO_2161-10,São Paulo,3550308,True,,33462,,,-23.5301715,-46.60908774999999,,,,2,2023-06-20T02:33:33+00:00
SAO_2161-10,São Paulo,3550308,True,,33462,,,-23.474255499999998,-46.56712,,,,2,2023-06-20T02:35:20+00:00
SAO_2161-10,São Paulo,3550308,True,,33462,,,-23.4740875,-46.566756999999996,,,,2,2023-06-20T02:35:12+00:00
SAO_2161-10,São Paulo,3550308,True,,33462,,,-23.48403925,-46.584348000000006,,,,2,2023-06-20T02:35:37+00:00
SAO_2161-10,São Paulo,3550308,True,,33462,,,-23.474233499999997,-46.5668295,,,,2,2023-06-20T02:35:13+00:00
SAO_4312-10,São Paulo,3550308,True,,34940,,,-23.570552125,-46.489686875,,,,2,2023-06-20T02:35:14+00:00
SAO_4312-10,São Paulo,3550308,True,,34940,,,-23.544462,-46.592740500000005,,,,2,2023-06-20T02:35:16+00:00
SAO_4312-10,São Paulo,3550308,True,,34940,,,-23.570552125,-46.489686875,,,,2,2023-06-20T02:34:54+00:00
SAO_4312-10,São Paulo,3550308,True,,34940,,,-23.570552125,-46.489686875,,,,2,2023-06-20T02:35:17+00:00
SAO_4312-10,São Paulo,3550308,True,,34940,,,-23.5412,-46.512998,,,,2,2023-06-20T02:34:49+00:00
SAO_4312-10,São Paulo,3550308,True,,34940,,,-23.5696685,-46.4920625,,,,2,2023-06-20T02:35:17+00:00
SAO_4312-10,São Paulo,3550308,True,,34940,,,-23.570552125,-46.489686875,,,,2,2023-06-20T02:35:13+00:00
SAO_4312-10,São Paulo,3550308,True,,34940,,,-23.570552125,-46.489686875,,,,2,2023-06-20T02:35:34+00:00
SAO_5702-10,São Paulo,3550308,True,,33905,,,-23.698087,-46.646107,,,,2,2023-06-20T02:35:02+00:00
SAO_5702-10,São Paulo,3550308,True,,33905,,,-23.6882825,-46.6342525,,,,2,2023-06-20T02:35:17+00:00
SAO_5702-10,São Paulo,3550308,True,,33905,,,-23.698087,-46.646107,,,,2,2023-06-20T02:34:54+00:00
SAO_5702-10,São Paulo,3550308,True,,33905,,,-23.646594,-46.641467000000006,,,,2,2023-06-20T02:34:43+00:00
SAO_5702-10,São Paulo,3550308,True,,33905,,,-23.6954,-46.642937,,,,2,2023-06-20T02:35:29+00:00
SAO_5702-10,São Paulo,3550308,True,,33905,,,-23.6669525,-46.641087,,,,2,2023-06-20T02:32:12+00:00
SAO_6803-10,São Paulo,3550308,True,,32797,,,-23.6548925,-46.753122,,,,2,2023-06-20T02:34:56+00:00
SAO_6803-10,São Paulo,3550308,True,,32797,,,-23.64885575,-46.740711000000005,,,,2,2023-06-20T02:35:19+00:00
SAO_2721-10,São Paulo,3550308,True,,33702,,,-23.5198535,-46.408913,,,,2,2023-06-20T02:35:31+00:00
SAO_2721-10,São Paulo,3550308,True,,33702,,,-23.5057435,-46.4113465,,,,2,2023-06-20T02:35:26+00:00
SAO_2721-10,São Paulo,3550308,True,,33702,,,-23.5186395,-46.4096585,,,,2,2023-06-20T02:35:02+00:00
SAO_2721-10,São Paulo,3550308,True,,33702,,,-23.494142,-46.421000125,,,,2,2023-06-20T02:35:06+00:00
SAO_2721-10,São Paulo,3550308,True,,33702,,,-23.5193225,-46.409525,,,,2,2023-06-20T02:35:19+00:00
SAO_2721-10,São Paulo,3550308,True,,33702,,,-23.519485,-46.4440415,,,,2,2023-06-20T02:35:00+00:00
SAO_2721-10,São Paulo,3550308,True,,33702,,,-23.534564500000002,-46.4529065,,,,2,2023-06-20T02:34:59+00:00
SAO_2721-10,São Paulo,3550308,True,,33702,,,-23.511006000000002,-46.4038125,,,,2,2023-06-20T02:34:56+00:00
SAO_2721-10,São Paulo,3550308,True,,33702,,,-23.496421499999997,-46.441998,,,,2,2023-06-20T02:35:05+00:00
SAO_2721-10,São Paulo,3550308,True,,33702,,,-23.5186395,-46.4096585,,,,2,2023-06-20T02:35:28+00:00
SAO_2721-10,São Paulo,3550308,True,,33702,,,-23.519158249999997,-46.4095615,,,,2,2023-06-20T02:35:22+00:00
SAO_2721-10,São Paulo,3550308,True,,33702,,,-23.54182,-46.4700115,,,,2,2023-06-20T02:35:06+00:00
SAO_875A-10,São Paulo,3550308,True,,33377,,,-23.62172475,-46.661924,,,,2,2023-06-20T02:35:15+00:00
SAO_875A-10,São Paulo,3550308,True,,33377,,,-23.601669625,-46.63678125,,,,2,2023-06-20T02:35:30+00:00
SAO_875A-10,São Paulo,3550308,True,,33377,,,-23.643299,-46.66250599999999,,,,2,2023-06-20T02:35:13+00:00
SAO_875A-10,São Paulo,3550308,True,,33377,,,-23.6431975,-46.6622785,,,,2,2023-06-20T02:35:21+00:00
SAO_875A-10,São Paulo,3550308,True,,33377,,,-23.62172475,-46.661924,,,,2,2023-06-20T02:35:06+00:00
SAO_875A-10,São Paulo,3550308,True,,33377,,,-23.535831,-46.6731015,,,,2,2023-06-20T02:35:23+00:00
SAO_875A-10,São Paulo,3550308,True,,33377,,,-23.643264000000002,-46.6624235,,,,2,2023-06-20T02:35:13+00:00
SAO_875A-10,São Paulo,3550308,True,,33377,,,-23.534649625,-46.664038625,,,,2,2023-06-20T02:35:12+00:00
SAO_875A-10,São Paulo,3550308,True,,33377,,,-23.570438250000002,-46.64548275,,,,2,2023-06-20T02:35:18+00:00
SAO_1178-10,São Paulo,3550308,True,,132,,,-23.504322000000002,-46.433214,,,,1,2023-06-20T02:35:15+00:00
SAO_1178-10,São Paulo,3550308,True,,132,,,-23.526388000000004,-46.59639425,,,,1,2023-06-20T02:31:51+00:00
SAO_1178-10,São Paulo,3550308,True,,132,,,-23.49358,-46.4501945,,,,1,2023-06-20T02:35:07+00:00
SAO_1178-10,São Paulo,3550308,True,,132,,,-23.541905,-46.635033,,,,1,2023-06-20T02:35:09+00:00
SAO_1178-10,São Paulo,3550308,True,,132,,,-23.4960675,-46.510707499999995,,,,1,2023-06-20T02:35:23+00:00
SAO_967A-10,São Paulo,3550308,True,EMTU,568,https://moovitapp.com/index/pt-br/transporte_p%C3%BAblico-line-568-Sao_Paulo-242-2038937-36419565-0,7.8,-23.570104,-46.651428499999994,,,,1,2023-06-20T02:35:31+00:00
SAO_967A-10,São Paulo,3550308,True,EMTU,568,https://moovitapp.com/index/pt-br/transporte_p%C3%BAblico-line-568-Sao_Paulo-242-2038937-36419565-0,7.8,-23.4804295,-46.656615,,,,1,2023-06-20T02:34:08+00:00
SAO_967A-10,São Paulo,3550308,True,EMTU,568,https://moovitapp.com/index/pt-br/transporte_p%C3%BAblico-line-568-Sao_Paulo-242-2038937-36419565-0,7.8,-23.4804295,-46.656615,,,,1,2023-06-20T02:35:22+00:00
SAO_967A-10,São Paulo,3550308,True,EMTU,568,https://moovitapp.com/index/pt-br/transporte_p%C3%BAblico-line-568-Sao_Paulo-242-2038937-36419565-0,7.8,-23.565390999999998,-46.6942705,,,,1,2023-06-20T02:35:21+00:00
SAO_967A-10,São Paulo,3550308,True,EMTU,568,https://moovitapp.com/index/pt-br/transporte_p%C3%BAblico-line-568-Sao_Paulo-242-2038937-36419565-0,7.8,-23.4804295,-46.656615,,,,1,2023-06-20T02:34:57+00:00
SAO_967A-10,São Paulo,3550308,True,EMTU,568,https://moovitapp.com/index/pt-br/transporte_p%C3%BAblico-line-568-Sao_Paulo-242-2038937-36419565-0,7.8,-23.4823775,-46.6547675,,,,1,2023-06-20T02:34:57+00:00
SAO_967A-10,São Paulo,3550308,True,EMTU,568,https://moovitapp.com/index/pt-br/transporte_p%C3%BAblico-line-568-Sao_Paulo-242-2038937-36419565-0,7.8,-23.583496249999996,-46.66908875,,,,1,2023-06-20T02:35:32+00:00
SAO_967A-10,São Paulo,3550308,True,EMTU,568,https://moovitapp.com/index/pt-br/transporte_p%C3%BAblico-line-568-Sao_Paulo-242-2038937-36419565-0,7.8,-23.55039,-46.6465845,,,,1,2023-06-20T02:35:27+00:00
SAO_6072-10,São Paulo,3550308,True,,1588,,,-23.816460499999998,-46.706014499999995,,,,1,2023-06-20T02:32:52+00:00
SAO_6072-10,São Paulo,3550308,True,,1588,,,-23.766939,-46.716361,,,,1,2023-06-20T02:34:55+00:00
SAO_6072-10,São Paulo,3550308,True,,1588,,,-23.773935,-46.7209955,,,,1,2023-06-20T02:35:37+00:00
SAO_6072-10,São Paulo,3550308,True,,1588,,,-23.796163,-46.71100199999999,,,,1,2023-06-20T02:35:00+00:00
SAO_6072-10,São Paulo,3550308,True,,1588,,,-23.827404,-46.697334,,,,1,2023-06-20T02:35:05+00:00
SAO_6072-10,São Paulo,3550308,True,,1588,,,-23.767103,-46.7163835,,,,1,2023-06-20T02:35:02+00:00
SAO_6072-10,São Paulo,3550308,True,,1588,,,-23.827404,-46.697334,,,,1,2023-06-20T02:35:08+00:00
SAO_607A-10,São Paulo,3550308,True,,2139,,,-23.680655,-46.694638,,,,1,2023-06-20T02:35:18+00:00
SAO_607A-10,São Paulo,3550308,True,,2139,,,-23.68221675,-46.68206025,,,,1,2023-06-20T02:35:28+00:00
SAO_607A-10,São Paulo,3550308,True,,2139,,,-23.698219,-46.6479925,,,,1,2023-06-20T02:35:23+00:00
SAO_6824-10,São Paulo,3550308,True,,32791,,,-23.673696749999998,-46.79064525,,,,2,2023-06-20T02:35:11+00:00
SAO_6824-10,São Paulo,3550308,True,,32791,,,-23.659761125,-46.773871,,,,2,2023-06-20T02:35:19+00:00
SAO_6824-10,São Paulo,3550308,True,,32791,,,-23.67362825,-46.79089975,,,,2,2023-06-20T02:35:02+00:00
SAO_6824-10,São Paulo,3550308,True,,32791,,,-23.66877325,-46.7938685,,,,2,2023-06-20T02:35:14+00:00
SAO_6817-10,São Paulo,3550308,True,,32795,,,-23.6786285,-46.77841625,,,,2,2023-06-20T02:35:32+00:00
SAO_6817-10,São Paulo,3550308,True,,32795,,,-23.6550385,-46.761806,,,,2,2023-06-20T02:35:11+00:00
SAO_9050-10,São Paulo,3550308,True,,34856,,,-23.520992749999998,-46.699836,,,,2,2023-06-20T02:35:31+00:00
SAO_9050-10,São Paulo,3550308,True,,34856,,,-23.51992,-46.6996625,,,,2,2023-06-20T02:34:55+00:00
SAO_9050-10,São Paulo,3550308,True,,34856,,,-23.5197905,-46.6999755,,,,2,2023-06-20T02:35:18+00:00
SAO_3721-41,São Paulo,3550308,True,,1693,,,-23.5599655,-46.498942,,,,1,2023-06-20T02:35:23+00:00
SAO_3721-41,São Paulo,3550308,True,,1693,,,-23.555161,-46.492176,,,,1,2023-06-20T02:34:54+00:00
SAO_3721-41,São Paulo,3550308,True,,1693,,,-23.540392,-46.485367499999995,,,,1,2023-06-20T02:34:55+00:00
SAO_3721-41,São Paulo,3550308,True,,1693,,,-23.5579705,-46.495577999999995,,,,1,2023-06-20T02:35:19+00:00
SAO_3721-41,São Paulo,3550308,True,,1693,,,-23.543388,-46.469908000000004,,,,1,2023-06-20T02:35:10+00:00
SAO_2772-10,São Paulo,3550308,True,,398,,,-23.533080499999997,-46.543136,,,,1,2023-06-20T02:35:09+00:00
SAO_2772-10,São Paulo,3550308,True,,398,,,-23.5235135,-46.410546499999995,,,,1,2023-06-20T02:35:07+00:00
SAO_2772-10,São Paulo,3550308,True,,398,,,-23.51228125,-46.513709999999996,,,,1,2023-06-20T02:35:06+00:00
SAO_971A-10,São Paulo,3550308,True,,33426,,,-23.486307,-46.680385,,,,2,2023-06-20T02:35:10+00:00
SAO_971A-10,São Paulo,3550308,True,,33426,,,-23.499714,-46.66250075,,,,2,2023-06-20T02:35:33+00:00
SAO_971A-10,São Paulo,3550308,True,,33426,,,-23.50349,-46.672281999999996,,,,2,2023-06-20T02:35:26+00:00
SAO_971A-10,São Paulo,3550308,True,,33426,,,-23.486307,-46.680385,,,,2,2023-06-20T02:34:51+00:00
SAO_971A-10,São Paulo,3550308,True,,33426,,,-23.486307,-46.680385,,,,2,2023-06-20T02:34:50+00:00
SAO_2728-10,São Paulo,3550308,True,,943,,,-23.533234,-46.543972499999995,,,,1,2023-06-20T02:34:54+00:00
SAO_2728-10,São Paulo,3550308,True,,943,,,-23.5014245,-46.512783,,,,1,2023-06-20T02:35:30+00:00
SAO_2728-10,São Paulo,3550308,True,,943,,,-23.533234,-46.543972499999995,,,,1,2023-06-20T02:34:57+00:00
SAO_2728-10,São Paulo,3550308,True,,943,,,-23.505204499999998,-46.51569550000001,,,,1,2023-06-20T02:35:21+00:00
SAO_2728-10,São Paulo,3550308,True,,943,,,-23.506164,-46.522804,,,,1,2023-06-20T02:35:05+00:00
SAO_2728-10,São Paulo,3550308,True,,943,,,-23.532396249999998,-46.5431725,,,,1,2023-06-20T02:35:05+00:00
SAO_2728-10,São Paulo,3550308,True,,943,,,-23.5111265,-46.543341,,,,1,2023-06-20T02:35:26+00:00
SAO_2728-10,São Paulo,3550308,True,,943,,,-23.5014245,-46.512783,,,,1,2023-06-20T02:35:07+00:00
SAO_342M-10,São Paulo,3550308,True,,33515,,,-23.60428225,-46.48109225,,,,2,2023-06-20T02:35:00+00:00
SAO_342M-10,São Paulo,3550308,True,,33515,,,-23.597652500000002,-46.48668725,,,,2,2023-06-20T02:35:19+00:00
SAO_342M-10,São Paulo,3550308,True,,33515,,,-23.5419685,-46.549824,,,,2,2023-06-20T02:35:07+00:00
SAO_342M-10,São Paulo,3550308,True,,33515,,,-23.527029,-46.554573000000005,,,,2,2023-06-20T02:35:16+00:00
SAO_342M-10,São Paulo,3550308,True,,33515,,,-23.518709,-46.546899499999995,,,,2,2023-06-20T02:35:32+00:00
SAO_342M-10,São Paulo,3550308,True,,33515,,,-23.58171175,-46.49799425,,,,2,2023-06-20T02:35:32+00:00
SAO_342M-10,São Paulo,3550308,True,,33515,,,-23.518709,-46.546899499999995,,,,2,2023-06-20T02:35:27+00:00
SAO_342M-10,São Paulo,3550308,True,,33515,,,-23.543461999999998,-46.546627,,,,2,2023-06-20T02:35:37+00:00
SAO_342M-10,São Paulo,3550308,True,,33515,,,-23.518709,-46.546899499999995,,,,2,2023-06-20T02:35:13+00:00
SAO_342M-10,São Paulo,3550308,True,,33515,,,-23.613302,-46.4764105,,,,2,2023-06-20T02:35:11+00:00
SAO_342M-10,São Paulo,3550308,True,,33515,,,-23.519418,-46.546734,,,,2,2023-06-20T02:35:03+00:00
SAO_342M-10,São Paulo,3550308,True,,33515,,,-23.5666106875,-46.5113859375,,,,2,2023-06-20T02:35:19+00:00
SAO_342M-10,São Paulo,3550308,True,,33515,,,-23.613857,-46.476304,,,,2,2023-06-20T02:34:54+00:00
SAO_342M-10,São Paulo,3550308,True,,33515,,,-23.557536749999997,-46.523783249999994,,,,2,2023-06-20T02:35:28+00:00
SAO_342M-10,São Paulo,3550308,True,,33515,,,-23.613432500000002,-46.476448,,,,2,2023-06-20T02:35:15+00:00
SAO_342M-10,São Paulo,3550308,True,,33515,,,-23.528928999999998,-46.554282,,,,2,2023-06-20T02:35:18+00:00
SAO_342M-10,São Paulo,3550308,True,,33515,,,-23.528722000000002,-46.5544085,,,,2,2023-06-20T02:35:16+00:00
SAO_263J-10,São Paulo,3550308,True,,32987,,,-23.5490805,-46.431439,,,,2,2023-06-20T02:35:15+00:00
SAO_263J-10,São Paulo,3550308,True,,32987,,,-23.5393385,-46.439354,,,,2,2023-06-20T02:34:53+00:00
SAO_263J-10,São Paulo,3550308,True,,32987,,,-23.520824375,-46.4755906875,,,,2,2023-06-20T02:35:13+00:00
SAO_263J-10,São Paulo,3550308,True,,32987,,,-23.5143955,-46.519346999999996,,,,2,2023-06-20T02:34:58+00:00
SAO_2009-10,São Paulo,3550308,True,,33666,,,-23.543321,-46.411139500000004,,,,2,2023-06-20T02:35:24+00:00
SAO_2009-10,São Paulo,3550308,True,,33666,,,-23.52383375,-46.417141,,,,2,2023-06-20T02:34:53+00:00
SAO_2009-10,São Paulo,3550308,True,,33666,,,-23.52409625,-46.4155875,,,,2,2023-06-20T02:35:37+00:00
SAO_2009-10,São Paulo,3550308,True,,33666,,,-23.51321625,-46.412591875000004,,,,2,2023-06-20T02:35:27+00:00
SAO_6076-10,São Paulo,3550308,True,,33933,,,-23.733666,-46.6772885,,,,2,2023-06-20T02:35:24+00:00
SAO_6076-10,São Paulo,3550308,True,,33933,,,-23.734894250000004,-46.6819525,,,,2,2023-06-20T02:34:59+00:00
SAO_6076-10,São Paulo,3550308,True,,33933,,,-23.733597500000002,-46.676829,,,,2,2023-06-20T02:35:23+00:00
SAO_6076-10,São Paulo,3550308,True,,33933,,,-23.654687250000002,-46.707991750000005,,,,2,2023-06-20T02:34:54+00:00
SAO_6076-10,São Paulo,3550308,True,,33933,,,-23.7245915,-46.691257,,,,2,2023-06-20T02:35:25+00:00
SAO_6076-10,São Paulo,3550308,True,,33933,,,-23.6995285,-46.7010475,,,,2,2023-06-20T02:35:30+00:00
SAO_8199-10,São Paulo,3550308,True,,33575,,,-23.468867000000003,-46.7510885,,,,2,2023-06-20T02:35:12+00:00
SAO_8199-10,São Paulo,3550308,True,,33575,,,-23.468643,-46.7512295,,,,2,2023-06-20T02:34:56+00:00
SAO_8199-10,São Paulo,3550308,True,,33575,,,-23.468643,-46.7512295,,,,2,2023-06-20T02:35:27+00:00
SAO_8199-10,São Paulo,3550308,True,,33575,,,-23.4970845,-46.706327,,,,2,2023-06-20T02:35:15+00:00
SAO_8199-10,São Paulo,3550308,True,,33575,,,-23.468643,-46.7512295,,,,2,2023-06-20T02:35:30+00:00
SAO_8199-10,São Paulo,3550308,True,,33575,,,-23.484018499999998,-46.722579999999994,,,,2,2023-06-20T02:35:28+00:00
SAO_8199-10,São Paulo,3550308,True,,33575,,,-23.4690875,-46.750939,,,,2,2023-06-20T02:35:16+00:00
SAO_8199-10,São Paulo,3550308,True,,33575,,,-23.483942,-46.6874425,,,,2,2023-06-20T02:35:28+00:00
SAO_8199-10,São Paulo,3550308,True,,33575,,,-23.473833999999997,-46.669099,,,,2,2023-06-20T02:34:59+00:00
SAO_8199-10,São Paulo,3550308,True,,33575,,,-23.4910665,-46.715449500000005,,,,2,2023-06-20T02:35:26+00:00
SAO_8199-10,São Paulo,3550308,True,,33575,,,-23.468757,-46.7514565,,,,2,2023-06-20T02:35:26+00:00
SAO_3064-10,São Paulo,3550308,True,,33748,,,-23.602252999999997,-46.3983735,,,,2,2023-06-20T02:35:07+00:00
SAO_3064-10,São Paulo,3550308,True,,33748,,,-23.545249499999997,-46.4112495,,,,2,2023-06-20T02:35:00+00:00
SAO_3064-10,São Paulo,3550308,True,,33748,,,-23.5839935,-46.409062000000006,,,,2,2023-06-20T02:35:21+00:00
SAO_3064-10,São Paulo,3550308,True,,33748,,,-23.5536585,-46.413514500000005,,,,2,2023-06-20T02:34:57+00:00
SAO_3064-10,São Paulo,3550308,True,,33748,,,-23.588372,-46.4089095,,,,2,2023-06-20T02:34:54+00:00
SAO_3064-10,São Paulo,3550308,True,,33748,,,-23.581097,-46.414367500000004,,,,2,2023-06-20T02:35:29+00:00
SAO_3064-10,São Paulo,3550308,True,,33748,,,-23.56388,-46.4163495,,,,2,2023-06-20T02:35:29+00:00
SAO_3064-10,São Paulo,3550308,True,,33748,,,-23.602252999999997,-46.3983735,,,,2,2023-06-20T02:35:27+00:00
SAO_3064-10,São Paulo,3550308,True,,33748,,,-23.601703999999998,-46.3988755,,,,2,2023-06-20T02:35:27+00:00
SAO_3064-10,São Paulo,3550308,True,,33748,,,-23.605092499999998,-46.4028985,,,,2,2023-06-20T02:35:33+00:00
SAO_637A-10,São Paulo,3550308,True,,32953,,,-23.626767625,-46.713539499999996,,,,2,2023-06-20T02:35:01+00:00
SAO_637A-10,São Paulo,3550308,True,,32953,,,-23.6903555,-46.7743995,,,,2,2023-06-20T02:35:15+00:00
SAO_637A-10,São Paulo,3550308,True,,32953,,,-23.662329,-46.7260865,,,,2,2023-06-20T02:35:26+00:00
SAO_637A-10,São Paulo,3550308,True,,32953,,,-23.68028675,-46.76513775,,,,2,2023-06-20T02:34:08+00:00
SAO_637A-10,São Paulo,3550308,True,,32953,,,-23.6901525,-46.774198999999996,,,,2,2023-06-20T02:34:54+00:00
SAO_637A-10,São Paulo,3550308,True,,32953,,,-23.6901525,-46.774198999999996,,,,2,2023-06-20T02:35:08+00:00
SAO_637A-10,São Paulo,3550308,True,,32953,,,-23.679211249999998,-46.763927249999995,,,,2,2023-06-20T02:35:11+00:00
SAO_637A-10,São Paulo,3550308,True,,32953,,,-23.671832000000002,-46.741647,,,,2,2023-06-20T02:35:06+00:00
SAO_637A-10,São Paulo,3550308,True,,32953,,,-23.5809395,-46.684903250000005,,,,2,2023-06-20T02:35:25+00:00
SAO_637A-10,São Paulo,3550308,True,,32953,,,-23.596786,-46.697295999999994,,,,2,2023-06-20T02:35:28+00:00
SAO_637A-10,São Paulo,3550308,True,,32953,,,-23.567515,-46.69430799999999,,,,2,2023-06-20T02:35:12+00:00
SAO_637A-10,São Paulo,3550308,True,,32953,,,-23.6901525,-46.774198999999996,,,,2,2023-06-20T02:35:08+00:00
SAO_637A-10,São Paulo,3550308,True,,32953,,,-23.6903555,-46.7743995,,,,2,2023-06-20T02:35:31+00:00
SAO_637A-10,São Paulo,3550308,True,,32953,,,-23.6443865,-46.72739175,,,,2,2023-06-20T02:35:19+00:00
SAO_637A-10,São Paulo,3550308,True,,32953,,,-23.566554,-46.701409999999996,,,,2,2023-06-20T02:35:35+00:00
SAO_637A-10,São Paulo,3550308,True,,32953,,,-23.687598,-46.771941,,,,2,2023-06-20T02:34:59+00:00
SAO_637A-10,São Paulo,3550308,True,,32953,,,-23.6901525,-46.774198999999996,,,,2,2023-06-20T02:35:29+00:00
SAO_2076-10,São Paulo,3550308,True,,33136,,,-23.493396500000003,-46.37893475,,,,2,2023-06-20T02:35:30+00:00
SAO_2076-10,São Paulo,3550308,True,,33136,,,-23.483693000000002,-46.4691665,,,,2,2023-06-20T02:35:15+00:00
SAO_2076-10,São Paulo,3550308,True,,33136,,,-23.5037935,-46.379870499999996,,,,2,2023-06-20T02:35:11+00:00
SAO_2076-10,São Paulo,3550308,True,,33136,,,-23.522924500000002,-46.5323315,,,,2,2023-06-20T02:34:57+00:00
SAO_2076-10,São Paulo,3550308,True,,33136,,,-23.496467,-46.453011000000004,,,,2,2023-06-20T02:35:20+00:00
SAO_2076-10,São Paulo,3550308,True,,33136,,,-23.4979265,-46.454826,,,,2,2023-06-20T02:35:08+00:00
SAO_2076-10,São Paulo,3550308,True,,33136,,,-23.5039315,-46.3796915,,,,2,2023-06-20T02:34:52+00:00
SAO_342C-10,São Paulo,3550308,True,,33770,,,-23.528746375,-46.527903875,,,,2,2023-06-20T02:35:30+00:00
SAO_342C-10,São Paulo,3550308,True,,33770,,,-23.5377555,-46.505617,,,,2,2023-06-20T02:34:55+00:00
SAO_342C-10,São Paulo,3550308,True,,33770,,,-23.560966,-46.4920555,,,,2,2023-06-20T02:35:34+00:00
SAO_342C-10,São Paulo,3550308,True,,33770,,,-23.563673,-46.493857,,,,2,2023-06-20T02:35:07+00:00
SAO_546L-10,São Paulo,3550308,True,,34053,,,-23.6542245,-46.710728,,,,2,2023-06-20T02:35:10+00:00
SAO_546L-10,São Paulo,3550308,True,,34053,,,-23.689285499999997,-46.637011,,,,2,2023-06-20T02:35:33+00:00
SAO_546L-10,São Paulo,3550308,True,,34053,,,-23.689283749999998,-46.63762525,,,,2,2023-06-20T02:35:33+00:00
SAO_546L-10,São Paulo,3550308,True,,34053,,,-23.6890775,-46.637954,,,,2,2023-06-20T02:35:16+00:00
SAO_546L-10,São Paulo,3550308,True,,34053,,,-23.68928725,-46.63729575,,,,2,2023-06-20T02:35:17+00:00
SAO_546L-10,São Paulo,3550308,True,,34053,,,-23.6735095,-46.698471,,,,2,2023-06-20T02:35:26+00:00
SAO_546L-10,São Paulo,3550308,True,,34053,,,-23.689251,-46.637806,,,,2,2023-06-20T02:35:25+00:00
SAO_546L-10,São Paulo,3550308,True,,34053,,,-23.665792,-46.677240499999996,,,,2,2023-06-20T02:35:15+00:00
SAO_546L-10,São Paulo,3550308,True,,34053,,,-23.689276,-46.6367505,,,,2,2023-06-20T02:35:08+00:00
SAO_546L-10,São Paulo,3550308,True,,34053,,,-23.689283749999998,-46.63762525,,,,2,2023-06-20T02:35:19+00:00
SAO_5129-10,São Paulo,3550308,True,,1281,,,-23.6797335,-46.6364265,,,,1,2023-06-20T02:34:48+00:00
SAO_5129-10,São Paulo,3550308,True,,1281,,,-23.6689235,-46.735557,,,,1,2023-06-20T02:35:35+00:00
SAO_5129-10,São Paulo,3550308,True,,1281,,,-23.6714015,-46.67781975,,,,1,2023-06-20T02:35:31+00:00
SAO_5129-10,São Paulo,3550308,True,,1281,,,-23.668170500000002,-46.732837,,,,1,2023-06-20T02:35:17+00:00
SAO_5129-10,São Paulo,3550308,True,,1281,,,-23.6687515,-46.735510000000005,,,,1,2023-06-20T02:35:38+00:00
SAO_5129-10,São Paulo,3550308,True,,1281,,,-23.648697499999997,-46.6701755,,,,1,2023-06-20T02:35:20+00:00
SAO_6232-10,São Paulo,3550308,True,STT,483,https://moovitapp.com/index/pt-br/transporte_p%C3%BAblico-line-483-Sao_Paulo-242-850661-183322-0,5.3,-23.529663749999997,-46.660923,,,,1,2023-06-20T02:35:16+00:00
SAO_6232-10,São Paulo,3550308,True,STT,483,https://moovitapp.com/index/pt-br/transporte_p%C3%BAblico-line-483-Sao_Paulo-242-850661-183322-0,5.3,-23.545699499999998,-46.708977000000004,,,,1,2023-06-20T02:35:18+00:00
SAO_2123-10,São Paulo,3550308,True,,692,,,-23.545571000000002,-46.6311795,,,,1,2023-06-20T02:35:15+00:00
SAO_2123-10,São Paulo,3550308,True,,692,,,-23.518027,-46.609425,,,,1,2023-06-20T02:34:54+00:00
SAO_2123-10,São Paulo,3550308,True,,692,,,-23.4880315,-46.5828975,,,,1,2023-06-20T02:35:22+00:00
SAO_148P-10,São Paulo,3550308,True,,33302,,,-23.51331175,-46.65775875,,,,2,2023-06-20T02:35:33+00:00
SAO_148P-10,São Paulo,3550308,True,,33302,,,-23.501825125,-46.651225499999995,,,,2,2023-06-20T02:35:01+00:00
SAO_148P-10,São Paulo,3550308,True,,33302,,,-23.4580515,-46.6428225,,,,2,2023-06-20T02:34:59+00:00
SAO_148P-10,São Paulo,3550308,True,,33302,,,-23.4580515,-46.6428225,,,,2,2023-06-20T02:34:51+00:00
SAO_148P-10,São Paulo,3550308,True,,33302,,,-23.4872835,-46.6647795,,,,2,2023-06-20T02:35:32+00:00
SAO_148P-10,São Paulo,3550308,True,,33302,,,-23.457954,-46.6438195,,,,2,2023-06-20T02:35:13+00:00
SAO_148P-10,São Paulo,3550308,True,,33302,,,-23.4580645,-46.6433105,,,,2,2023-06-20T02:35:21+00:00
SAO_148P-10,São Paulo,3550308,True,,33302,,,-23.49260175,-46.66213525,,,,2,2023-06-20T02:35:27+00:00
SAO_148P-10,São Paulo,3550308,True,,33302,,,-23.458094,-46.642975500000006,,,,2,2023-06-20T02:35:15+00:00
SAO_148P-10,São Paulo,3550308,True,,33302,,,-23.479691000000003,-46.6627465,,,,2,2023-06-20T02:35:23+00:00
SAO_148P-10,São Paulo,3550308,True,,33302,,,-23.46433675,-46.65358325,,,,2,2023-06-20T02:35:05+00:00
SAO_148P-10,São Paulo,3550308,True,,33302,,,-23.458094,-46.642975500000006,,,,2,2023-06-20T02:34:53+00:00
SAO_148P-10,São Paulo,3550308,True,,33302,,,-23.4580645,-46.6433105,,,,2,2023-06-20T02:35:34+00:00
SAO_6358-10,São Paulo,3550308,True,,34062,,,-23.55936225,-46.654441,,,,2,2023-06-20T02:35:15+00:00
SAO_6358-10,São Paulo,3550308,True,,34062,,,-23.64849625,-46.670482250000006,,,,2,2023-06-20T02:35:05+00:00
SAO_6358-10,São Paulo,3550308,True,,34062,,,-23.58646575,-46.654296,,,,2,2023-06-20T02:35:12+00:00
SAO_6358-10,São Paulo,3550308,True,,34062,,,-23.688341,-46.63870525,,,,2,2023-06-20T02:35:10+00:00
SAO_6358-10,São Paulo,3550308,True,,34062,,,-23.6868825,-46.6383355,,,,2,2023-06-20T02:35:34+00:00
SAO_6358-10,São Paulo,3550308,True,,34062,,,-23.6865375,-46.6380315,,,,2,2023-06-20T02:35:22+00:00
SAO_6358-10,São Paulo,3550308,True,,34062,,,-23.612731000000004,-46.67087775,,,,2,2023-06-20T02:35:28+00:00
SAO_6358-10,São Paulo,3550308,True,,34062,,,-23.686289000000002,-46.6379425,,,,2,2023-06-20T02:34:24+00:00
SAO_6358-10,São Paulo,3550308,True,,34062,,,-23.680958,-46.638784,,,,2,2023-06-20T02:35:36+00:00
SAO_178T-10,São Paulo,3550308,True,EMTU,565,https://moovitapp.com/index/pt-br/transporte_p%C3%BAblico-line-565-Sao_Paulo-242-2038937-36419563-0,8.1,-23.5005875,-46.695581000000004,,,,1,2023-06-20T02:35:36+00:00
SAO_178T-10,São Paulo,3550308,True,EMTU,565,https://moovitapp.com/index/pt-br/transporte_p%C3%BAblico-line-565-Sao_Paulo-242-2038937-36419563-0,8.1,-23.525304,-46.73613725,,,,1,2023-06-20T02:35:26+00:00
SAO_178T-10,São Paulo,3550308,True,EMTU,565,https://moovitapp.com/index/pt-br/transporte_p%C3%BAblico-line-565-Sao_Paulo-242-2038937-36419563-0,8.1,-23.49402225,-46.659600499999996,,,,1,2023-06-20T02:35:12+00:00
SAO_178T-10,São Paulo,3550308,True,EMTU,565,https://moovitapp.com/index/pt-br/transporte_p%C3%BAblico-line-565-Sao_Paulo-242-2038937-36419563-0,8.1,-23.5313455,-46.7346275,,,,1,2023-06-20T02:35:02+00:00
SAO_178T-10,São Paulo,3550308,True,EMTU,565,https://moovitapp.com/index/pt-br/transporte_p%C3%BAblico-line-565-Sao_Paulo-242-2038937-36419563-0,8.1,-23.4979345,-46.705717500000006,,,,1,2023-06-20T02:35:14+00:00
SAO_178T-10,São Paulo,3550308,True,EMTU,565,https://moovitapp.com/index/pt-br/transporte_p%C3%BAblico-line-565-Sao_Paulo-242-2038937-36419563-0,8.1,-23.493795,-46.63178875,,,,1,2023-06-20T02:35:35+00:00
SAO_178T-10,São Paulo,3550308,True,EMTU,565,https://moovitapp.com/index/pt-br/transporte_p%C3%BAblico-line-565-Sao_Paulo-242-2038937-36419563-0,8.1,-23.5315425,-46.734446500000004,,,,1,2023-06-20T02:35:33+00:00
SAO_7060-10,São Paulo,3550308,True,,34657,,,-23.647452,-46.779009,,,,2,2023-06-20T02:35:01+00:00
SAO_7060-10,São Paulo,3550308,True,,34657,,,-23.685625,-46.80100575,,,,2,2023-06-20T02:35:19+00:00
SAO_6913-10,São Paulo,3550308,True,,1465,,,-23.76764575,-46.717001249999996,,,,1,2023-06-20T02:34:50+00:00
SAO_6913-10,São Paulo,3550308,True,,1465,,,-23.767560000000003,-46.7161905,,,,1,2023-06-20T02:35:32+00:00
SAO_6913-10,São Paulo,3550308,True,,1465,,,-23.597623,-46.673852,,,,1,2023-06-20T02:35:24+00:00
SAO_6913-10,São Paulo,3550308,True,,1465,,,-23.644120375,-46.6999955,,,,1,2023-06-20T02:35:07+00:00
SAO_6913-10,São Paulo,3550308,True,,1465,,,-23.571858875,-46.664061875,,,,1,2023-06-20T02:35:29+00:00
SAO_6913-10,São Paulo,3550308,True,,1465,,,-23.56725,-46.6591068125,,,,1,2023-06-20T02:35:34+00:00
SAO_6913-10,São Paulo,3550308,True,,1465,,,-23.61499175,-46.6793665,,,,1,2023-06-20T02:35:10+00:00
SAO_6913-10,São Paulo,3550308,True,,1465,,,-23.767560000000003,-46.7161905,,,,1,2023-06-20T02:35:23+00:00
SAO_6913-10,São Paulo,3550308,True,,1465,,,-23.758502,-46.714864,,,,1,2023-06-20T02:35:34+00:00
SAO_6913-10,São Paulo,3550308,True,,1465,,,-23.6669665,-46.7119285,,,,1,2023-06-20T02:35:32+00:00
SAO_6913-10,São Paulo,3550308,True,,1465,,,-23.706547937499998,-46.713196375,,,,1,2023-06-20T02:35:12+00:00
SAO_6913-10,São Paulo,3550308,True,,1465,,,-23.715574500000002,-46.706303000000005,,,,1,2023-06-20T02:34:58+00:00
SAO_6913-10,São Paulo,3550308,True,,1465,,,-23.5514485,-46.6464365,,,,1,2023-06-20T02:35:29+00:00
SAO_6007-10,São Paulo,3550308,True,,176,,,-23.66659775,-46.754769249999995,,,,1,2023-06-20T02:34:51+00:00
SAO_6007-10,São Paulo,3550308,True,,176,,,-23.66388575,-46.726282499999996,,,,1,2023-06-20T02:35:31+00:00
SAO_6007-10,São Paulo,3550308,True,,176,,,-23.6648815,-46.7337545,,,,1,2023-06-20T02:33:26+00:00
SAO_2020-10,São Paulo,3550308,True,,2262,,,-23.4584475,-46.6067065,,,,1,2023-06-20T02:35:26+00:00
SAO_2020-10,São Paulo,3550308,True,,2262,,,-23.458073,-46.6051815,,,,1,2023-06-20T02:32:25+00:00
SAO_675R-10,São Paulo,3550308,True,,32877,,,-23.6534015,-46.679958,,,,2,2023-06-20T02:35:27+00:00
SAO_675R-10,São Paulo,3550308,True,,32877,,,-23.7147915,-46.688532,,,,2,2023-06-20T02:35:16+00:00
SAO_675R-10,São Paulo,3550308,True,,32877,,,-23.7543765,-46.6802115,,,,2,2023-06-20T02:35:22+00:00
SAO_675R-10,São Paulo,3550308,True,,32877,,,-23.6405745,-46.66779325,,,,2,2023-06-20T02:35:28+00:00
SAO_675R-10,São Paulo,3550308,True,,32877,,,-23.656721875000002,-46.679762,,,,2,2023-06-20T02:35:20+00:00
SAO_177H-10,São Paulo,3550308,True,,630,,,-23.560813625,-46.686966375,,,,1,2023-06-20T02:35:10+00:00
SAO_177H-10,São Paulo,3550308,True,,630,,,-23.495604999999998,-46.658426500000004,,,,1,2023-06-20T02:35:10+00:00
SAO_177H-10,São Paulo,3550308,True,,630,,,-23.5526805,-46.731851500000005,,,,1,2023-06-20T02:34:59+00:00
SAO_177H-10,São Paulo,3550308,True,,630,,,-23.5526805,-46.731851500000005,,,,1,2023-06-20T02:35:05+00:00
SAO_177H-10,São Paulo,3550308,True,,630,,,-23.5617715,-46.718694,,,,1,2023-06-20T02:35:18+00:00
SAO_177H-10,São Paulo,3550308,True,,630,,,-23.551380375,-46.66051925,,,,1,2023-06-20T02:35:35+00:00
SAO_5318-10,São Paulo,3550308,True,,32813,,,-23.664981,-46.753156000000004,,,,2,2023-06-20T02:35:12+00:00
SAO_5318-10,São Paulo,3550308,True,,32813,,,-23.644246375,-46.7163195,,,,2,2023-06-20T02:35:04+00:00
SAO_5318-10,São Paulo,3550308,True,,32813,,,-23.6646575,-46.753386,,,,2,2023-06-20T02:35:14+00:00
SAO_5318-10,São Paulo,3550308,True,,32813,,,-23.669158000000003,-46.747669,,,,2,2023-06-20T02:35:37+00:00
SAO_5318-10,São Paulo,3550308,True,,32813,,,-23.5504935,-46.635271,,,,2,2023-06-20T02:35:12+00:00
SAO_5318-10,São Paulo,3550308,True,,32813,,,-23.664981,-46.753156000000004,,,,2,2023-06-20T02:35:14+00:00
SAO_5318-10,São Paulo,3550308,True,,32813,,,-23.6293215,-46.686449999999994,,,,2,2023-06-20T02:35:33+00:00
SAO_5318-10,São Paulo,3550308,True,,32813,,,-23.665154625,-46.753176499999995,,,,2,2023-06-20T02:35:10+00:00
SAO_5318-10,São Paulo,3550308,True,,32813,,,-23.5818195,-46.657885500000006,,,,2,2023-06-20T02:35:19+00:00
SAO_8605-10,São Paulo,3550308,True,,34685,,,-23.6316405,-46.772316,,,,2,2023-06-20T02:35:22+00:00
SAO_8605-10,São Paulo,3550308,True,,34685,,,-23.631173750000002,-46.77117525,,,,2,2023-06-20T02:35:11+00:00
SAO_8605-10,São Paulo,3550308,True,,34685,,,-23.631667,-46.771628500000006,,,,2,2023-06-20T02:35:29+00:00
SAO_8605-10,São Paulo,3550308,True,,34685,,,-23.549774749999997,-46.642553250000006,,,,2,2023-06-20T02:35:23+00:00
SAO_8605-10,São Paulo,3550308,True,,34685,,,-23.5844675,-46.6877465,,,,2,2023-06-20T02:35:22+00:00
SAO_8605-10,São Paulo,3550308,True,,34685,,,-23.6316405,-46.772316,,,,2,2023-06-20T02:35:07+00:00
SAO_8605-10,São Paulo,3550308,True,,34685,,,-23.60492,-46.7459285,,,,2,2023-06-20T02:35:00+00:00
SAO_6048-10,São Paulo,3550308,True,BR7 Mobilidade,56,https://moovitapp.com/index/pt-br/transporte_p%C3%BAblico-line-56-Sao_Paulo-242-851856-518592-0,5.75,-23.649305,-46.7523525,,,,1,2023-06-20T02:35:27+00:00
SAO_6048-10,São Paulo,3550308,True,BR7 Mobilidade,56,https://moovitapp.com/index/pt-br/transporte_p%C3%BAblico-line-56-Sao_Paulo-242-851856-518592-0,5.75,-23.644928,-46.7187175,,,,1,2023-06-20T02:35:26+00:00
SAO_6048-10,São Paulo,3550308,True,BR7 Mobilidade,56,https://moovitapp.com/index/pt-br/transporte_p%C3%BAblico-line-56-Sao_Paulo-242-851856-518592-0,5.75,-23.667064,-46.772805000000005,,,,1,2023-06-20T02:34:57+00:00
SAO_4002-10,São Paulo,3550308,True,,34945,,,-23.53211975,-46.44718925,,,,2,2023-06-20T02:35:16+00:00
SAO_4002-10,São Paulo,3550308,True,,34945,,,-23.558356,-46.3995355,,,,2,2023-06-20T02:34:53+00:00
SAO_4002-10,São Paulo,3550308,True,,34945,,,-23.559117,-46.399842,,,,2,2023-06-20T02:35:11+00:00
SAO_4002-10,São Paulo,3550308,True,,34945,,,-23.558149,-46.399587499999996,,,,2,2023-06-20T02:34:55+00:00
SAO_4002-10,São Paulo,3550308,True,,34945,,,-23.572963,-46.505658,,,,2,2023-06-20T02:34:58+00:00
SAO_4002-10,São Paulo,3550308,True,,34945,,,-23.544996,-46.4064345,,,,2,2023-06-20T02:34:56+00:00
SAO_809A-10,São Paulo,3550308,True,,34837,,,-23.5712315,-46.778056500000005,,,,2,2023-06-20T02:35:15+00:00
SAO_809A-10,São Paulo,3550308,True,,34837,,,-23.57543225,-46.77549825,,,,2,2023-06-20T02:35:07+00:00
SAO_809A-10,São Paulo,3550308,True,,34837,,,-23.57543225,-46.77549825,,,,2,2023-06-20T02:35:36+00:00
SAO_809A-10,São Paulo,3550308,True,,34837,,,-23.5777805,-46.725455499999995,,,,2,2023-06-20T02:35:00+00:00
SAO_5290-10,São Paulo,3550308,True,,597,,,-23.66494675,-46.6379005,,,,1,2023-06-20T02:35:28+00:00
SAO_5290-10,São Paulo,3550308,True,,597,,,-23.578145499999998,-46.6403765,,,,1,2023-06-20T02:35:32+00:00
SAO_5290-10,São Paulo,3550308,True,,597,,,-23.546701,-46.6302515,,,,1,2023-06-20T02:34:59+00:00
SAO_5290-10,São Paulo,3550308,True,,597,,,-23.612851999999997,-46.637928375,,,,1,2023-06-20T02:35:06+00:00
SAO_5290-10,São Paulo,3550308,True,,597,,,-23.6816055,-46.6367515,,,,1,2023-06-20T02:35:19+00:00
SAO_475R-10,São Paulo,3550308,True,,33112,,,-23.5470345,-46.6298525,,,,2,2023-06-20T02:35:04+00:00
SAO_475R-10,São Paulo,3550308,True,,33112,,,-23.6537185,-46.608308,,,,2,2023-06-20T02:35:07+00:00
SAO_475R-10,São Paulo,3550308,True,,33112,,,-23.61487275,-46.6384915,,,,2,2023-06-20T02:35:35+00:00
SAO_475R-10,São Paulo,3550308,True,,33112,,,-23.654041,-46.608432,,,,2,2023-06-20T02:35:27+00:00
SAO_475R-10,São Paulo,3550308,True,,33112,,,-23.653319500000002,-46.607946999999996,,,,2,2023-06-20T02:35:12+00:00
SAO_475R-10,São Paulo,3550308,True,,33112,,,-23.653924500000002,-46.6138325,,,,2,2023-06-20T02:35:05+00:00
SAO_475R-10,São Paulo,3550308,True,,33112,,,-23.5631675,-46.6456515,,,,2,2023-06-20T02:35:29+00:00
SAO_475R-10,São Paulo,3550308,True,,33112,,,-23.5470345,-46.6298525,,,,2,2023-06-20T02:35:32+00:00
SAO_475R-10,São Paulo,3550308,True,,33112,,,-23.5470345,-46.6298525,,,,2,2023-06-20T02:34:58+00:00
SAO_475R-10,São Paulo,3550308,True,,33112,,,-23.657949000000002,-46.616215,,,,2,2023-06-20T02:35:23+00:00
SAO_475R-10,São Paulo,3550308,True,,33112,,,-23.653594,-46.6082155,,,,2,2023-06-20T02:35:26+00:00
SAO_9191-10,São Paulo,3550308,True,EMTU,810,https://moovitapp.com/index/pt-br/transporte_p%C3%BAblico-line-810-Sao_Paulo-242-2038937-36419585-0,5.4,-23.526964375,-46.649703875,,,,1,2023-06-20T02:35:09+00:00
SAO_9191-10,São Paulo,3550308,True,EMTU,810,https://moovitapp.com/index/pt-br/transporte_p%C3%BAblico-line-810-Sao_Paulo-242-2038937-36419585-0,5.4,-23.5148335,-46.666761,,,,1,2023-06-20T02:35:31+00:00
SAO_9191-10,São Paulo,3550308,True,EMTU,810,https://moovitapp.com/index/pt-br/transporte_p%C3%BAblico-line-810-Sao_Paulo-242-2038937-36419585-0,5.4,-23.4614245,-46.679637,,,,1,2023-06-20T02:34:52+00:00
SAO_9191-10,São Paulo,3550308,True,EMTU,810,https://moovitapp.com/index/pt-br/transporte_p%C3%BAblico-line-810-Sao_Paulo-242-2038937-36419585-0,5.4,-23.529371500000003,-46.636503000000005,,,,1,2023-06-20T02:34:56+00:00
SAO_9191-10,São Paulo,3550308,True,EMTU,810,https://moovitapp.com/index/pt-br/transporte_p%C3%BAblico-line-810-Sao_Paulo-242-2038937-36419585-0,5.4,-23.489535,-46.675416999999996,,,,1,2023-06-20T02:35:01+00:00
SAO_6118-10,São Paulo,3550308,True,,33956,,,-23.737052499999997,-46.710246,,,,2,2023-06-20T02:35:21+00:00
SAO_6118-10,São Paulo,3550308,True,,33956,,,-23.752540500000002,-46.7027275,,,,2,2023-06-20T02:34:54+00:00
SAO_6118-10,São Paulo,3550308,True,,33956,,,-23.7454705,-46.704201,,,,2,2023-06-20T02:34:54+00:00
SAO_6118-10,São Paulo,3550308,True,,33956,,,-23.752415999999997,-46.70257425,,,,2,2023-06-20T02:35:01+00:00
SAO_6118-10,São Paulo,3550308,True,,33956,,,-23.752252,-46.702368750000005,,,,2,2023-06-20T02:34:59+00:00
SAO_6118-10,São Paulo,3550308,True,,33956,,,-23.752540500000002,-46.7027275,,,,2,2023-06-20T02:35:29+00:00
SAO_6118-10,São Paulo,3550308,True,,33956,,,-23.654928749999996,-46.70791425,,,,2,2023-06-20T02:34:57+00:00
SAO_6118-10,São Paulo,3550308,True,,33956,,,-23.705273,-46.7027165,,,,2,2023-06-20T02:35:12+00:00
SAO_695X-22,São Paulo,3550308,True,,1621,,,-23.7667585,-46.71704,,,,1,2023-06-20T02:35:31+00:00
SAO_695X-22,São Paulo,3550308,True,,1621,,,-23.7667585,-46.71704,,,,1,2023-06-20T02:35:16+00:00
SAO_6812-10,São Paulo,3550308,True,,1242,,,-23.665815000000002,-46.7117615,,,,1,2023-06-20T02:35:10+00:00
SAO_6812-10,São Paulo,3550308,True,,1242,,,-23.682178,-46.76720775,,,,1,2023-06-20T02:35:06+00:00
SAO_6812-10,São Paulo,3550308,True,,1242,,,-23.7332125,-46.7904795,,,,1,2023-06-20T02:35:34+00:00
SAO_6812-10,São Paulo,3550308,True,,1242,,,-23.65192725,-46.702461,,,,1,2023-06-20T02:35:37+00:00
SAO_6812-10,São Paulo,3550308,True,,1242,,,-23.72764275,-46.78996425,,,,1,2023-06-20T02:35:37+00:00
SAO_709M-10,São Paulo,3550308,True,,2462,,,-23.565214249999997,-46.7010625,,,,1,2023-06-20T02:35:30+00:00
SAO_709M-10,São Paulo,3550308,True,,2462,,,-23.62459425,-46.694126,,,,1,2023-06-20T02:34:55+00:00
SAO_709M-10,São Paulo,3550308,True,,2462,,,-23.644316125000003,-46.700134500000004,,,,1,2023-06-20T02:35:01+00:00
SAO_709M-10,São Paulo,3550308,True,,2462,,,-23.57410625,-46.688723499999995,,,,1,2023-06-20T02:35:08+00:00
SAO_709M-10,São Paulo,3550308,True,,2462,,,-23.654158,-46.710677000000004,,,,1,2023-06-20T02:35:18+00:00
SAO_807A-10,São Paulo,3550308,True,,34668,,,-23.630661,-46.773396000000005,,,,2,2023-06-20T02:35:21+00:00
SAO_807A-10,São Paulo,3550308,True,,34668,,,-23.6460668125,-46.709140375000004,,,,2,2023-06-20T02:35:37+00:00
SAO_807A-10,São Paulo,3550308,True,,34668,,,-23.6313825,-46.77286,,,,2,2023-06-20T02:35:10+00:00
SAO_807A-10,São Paulo,3550308,True,,34668,,,-23.630661,-46.773396000000005,,,,2,2023-06-20T02:35:13+00:00
SAO_807A-10,São Paulo,3550308,True,,34668,,,-23.631701,-46.7721875,,,,2,2023-06-20T02:35:33+00:00
SAO_807A-10,São Paulo,3550308,True,,34668,,,-23.647973,-46.7483545,,,,2,2023-06-20T02:35:05+00:00
SAO_807A-10,São Paulo,3550308,True,,34668,,,-23.643299499999998,-46.765406,,,,2,2023-06-20T02:35:00+00:00
SAO_807A-10,São Paulo,3550308,True,,34668,,,-23.630661,-46.773396000000005,,,,2,2023-06-20T02:35:15+00:00
SAO_513C-31,São Paulo,3550308,True,,2536,,,-23.612389999999998,-46.477115,,,,1,2023-06-20T02:35:21+00:00
SAO_513C-31,São Paulo,3550308,True,,2536,,,-23.594594999999998,-46.447939000000005,,,,1,2023-06-20T02:35:25+00:00
SAO_513C-31,São Paulo,3550308,True,,2536,,,-23.599377,-46.538903000000005,,,,1,2023-06-20T02:35:09+00:00
SAO_4709-10,São Paulo,3550308,True,,333,,,-23.653377,-46.6069295,,,,1,2023-06-20T02:35:17+00:00
SAO_4709-10,São Paulo,3550308,True,,333,,,-23.5894045,-46.634211,,,,1,2023-06-20T02:34:55+00:00
SAO_4709-10,São Paulo,3550308,True,,333,,,-23.653377,-46.6069295,,,,1,2023-06-20T02:35:27+00:00
SAO_2017-10,São Paulo,3550308,True,,33671,,,-23.51941,-46.412808,,,,2,2023-06-20T02:35:35+00:00
SAO_2017-10,São Paulo,3550308,True,,33671,,,-23.49447,-46.424763250000005,,,,2,2023-06-20T02:35:28+00:00
SAO_2017-10,São Paulo,3550308,True,,33671,,,-23.51757,-46.413568,,,,2,2023-06-20T02:34:42+00:00
SAO_2017-10,São Paulo,3550308,True,,33671,,,-23.494115,-46.43924975,,,,2,2023-06-20T02:35:20+00:00
SAO_7181-10,São Paulo,3550308,True,,34100,,,-23.550768499999997,-46.648615875000004,,,,2,2023-06-20T02:35:01+00:00
SAO_7181-10,São Paulo,3550308,True,,34100,,,-23.5529145,-46.7319765,,,,2,2023-06-20T02:35:16+00:00
SAO_7181-10,São Paulo,3550308,True,,34100,,,-23.5529145,-46.7319765,,,,2,2023-06-20T02:34:59+00:00
SAO_9789-10,São Paulo,3550308,True,,33597,,,-23.491444,-46.686159,,,,2,2023-06-20T02:35:02+00:00
SAO_9789-10,São Paulo,3550308,True,,33597,,,-23.461478,-46.7084365,,,,2,2023-06-20T02:35:33+00:00
SAO_9789-10,São Paulo,3550308,True,,33597,,,-23.504087499999997,-46.672816,,,,2,2023-06-20T02:35:29+00:00
SAO_9789-10,São Paulo,3550308,True,,33597,,,-23.461335,-46.70867325,,,,2,2023-06-20T02:35:00+00:00
SAO_3746-10,São Paulo,3550308,True,EMTU,283,https://moovitapp.com/index/pt-br/transporte_p%C3%BAblico-line-283-Sao_Paulo-242-2038937-36419384-0,5.2,-23.591306,-46.5038285,,,,1,2023-06-20T02:35:09+00:00
SAO_3746-10,São Paulo,3550308,True,EMTU,283,https://moovitapp.com/index/pt-br/transporte_p%C3%BAblico-line-283-Sao_Paulo-242-2038937-36419384-0,5.2,-23.594817,-46.5027665,,,,1,2023-06-20T02:34:23+00:00
SAO_3746-10,São Paulo,3550308,True,EMTU,283,https://moovitapp.com/index/pt-br/transporte_p%C3%BAblico-line-283-Sao_Paulo-242-2038937-36419384-0,5.2,-23.5428375,-46.587731000000005,,,,1,2023-06-20T02:35:04+00:00
SAO_3746-10,São Paulo,3550308,True,EMTU,283,https://moovitapp.com/index/pt-br/transporte_p%C3%BAblico-line-283-Sao_Paulo-242-2038937-36419384-0,5.2,-23.594817,-46.5027665,,,,1,2023-06-20T02:34:58+00:00
SAO_3746-10,São Paulo,3550308,True,EMTU,283,https://moovitapp.com/index/pt-br/transporte_p%C3%BAblico-line-283-Sao_Paulo-242-2038937-36419384-0,5.2,-23.594817,-46.5027665,,,,1,2023-06-20T02:35:13+00:00
SAO_574R-10,São Paulo,3550308,True,,34391,,,-23.614938000000002,-46.5020905,,,,2,2023-06-20T02:34:53+00:00
SAO_574R-10,São Paulo,3550308,True,,34391,,,-23.5943445,-46.527114,,,,2,2023-06-20T02:35:31+00:00
SAO_574R-10,São Paulo,3550308,True,,34391,,,-23.555985749999998,-46.578010750000004,,,,2,2023-06-20T02:35:29+00:00
SAO_574R-10,São Paulo,3550308,True,,34391,,,-23.575851874999998,-46.55160425,,,,2,2023-06-20T02:35:05+00:00
SAO_5362-23,São Paulo,3550308,True,,34628,,,-23.697411250000002,-46.715078749999996,,,,2,2023-06-20T02:34:16+00:00
SAO_5362-23,São Paulo,3550308,True,,34628,,,-23.744507,-46.670456,,,,2,2023-06-20T02:35:30+00:00
SAO_5362-23,São Paulo,3550308,True,,34628,,,-23.7448935,-46.6708945,,,,2,2023-06-20T02:34:52+00:00
SAO_5362-23,São Paulo,3550308,True,,34628,,,-23.741635000000002,-46.6917615,,,,2,2023-06-20T02:35:29+00:00
SAO_5362-23,São Paulo,3550308,True,,34628,,,-23.753162,-46.6850315,,,,2,2023-06-20T02:34:52+00:00
SAO_5362-23,São Paulo,3550308,True,,34628,,,-23.6455691875,-46.702333749999994,,,,2,2023-06-20T02:35:12+00:00
SAO_5362-23,São Paulo,3550308,True,,34628,,,-23.7444975,-46.670542499999996,,,,2,2023-06-20T02:35:33+00:00
SAO_4314-10,São Paulo,3550308,True,,34942,,,-23.5733545,-46.398966,,,,2,2023-06-20T02:34:55+00:00
SAO_4314-10,São Paulo,3550308,True,,34942,,,-23.5736485,-46.3986825,,,,2,2023-06-20T02:35:17+00:00
SAO_4314-10,São Paulo,3550308,True,,34942,,,-23.5733545,-46.398966,,,,2,2023-06-20T02:35:21+00:00
SAO_4314-10,São Paulo,3550308,True,,34942,,,-23.547472,-46.5270395,,,,2,2023-06-20T02:34:59+00:00
SAO_4314-10,São Paulo,3550308,True,,34942,,,-23.556388,-46.4698045,,,,2,2023-06-20T02:35:31+00:00
SAO_4314-10,São Paulo,3550308,True,,34942,,,-23.5733545,-46.398966,,,,2,2023-06-20T02:35:33+00:00
SAO_4314-10,São Paulo,3550308,True,,34942,,,-23.573559000000003,-46.3988215,,,,2,2023-06-20T02:35:04+00:00
SAO_4314-10,São Paulo,3550308,True,,34942,,,-23.552171,-46.445604,,,,2,2023-06-20T02:35:00+00:00
SAO_7012-10,São Paulo,3550308,True,,2043,,,-23.71189,-46.777949500000005,,,,1,2023-06-20T02:34:57+00:00
SAO_7012-10,São Paulo,3550308,True,,2043,,,-23.683419999999998,-46.76925,,,,1,2023-06-20T02:29:50+00:00
SAO_7012-10,São Paulo,3550308,True,,2043,,,-23.668024000000003,-46.735501,,,,1,2023-06-20T02:35:31+00:00
SAO_675R-10,São Paulo,3550308,True,,109,,,-23.754641,-46.679715,,,,1,2023-06-20T02:35:09+00:00
SAO_675R-10,São Paulo,3550308,True,,109,,,-23.7327405,-46.683395000000004,,,,1,2023-06-20T02:33:40+00:00
SAO_675R-10,São Paulo,3550308,True,,109,,,-23.645107,-46.673094750000004,,,,1,2023-06-20T02:34:54+00:00
SAO_517J-10,São Paulo,3550308,True,,33897,,,-23.691205,-46.656296499999996,,,,2,2023-06-20T02:35:19+00:00
SAO_517J-10,São Paulo,3550308,True,,33897,,,-23.676440749999998,-46.659658750000006,,,,2,2023-06-20T02:30:50+00:00
SAO_517J-10,São Paulo,3550308,True,,33897,,,-23.685862,-46.657705,,,,2,2023-06-20T02:35:24+00:00
SAO_517J-10,São Paulo,3550308,True,,33897,,,-23.65542925,-46.679842750000006,,,,2,2023-06-20T02:35:36+00:00
SAO_517J-10,São Paulo,3550308,True,,33897,,,-23.6911125,-46.656583499999996,,,,2,2023-06-20T02:35:28+00:00
SAO_2551-10,São Paulo,3550308,True,EMTU,141,https://moovitapp.com/index/pt-br/transporte_p%C3%BAblico-line-141-Sao_Paulo-242-2038937-36419292-0,8.15,-23.517939,-46.475913500000004,,,,1,2023-06-20T02:35:36+00:00
SAO_2551-10,São Paulo,3550308,True,EMTU,141,https://moovitapp.com/index/pt-br/transporte_p%C3%BAblico-line-141-Sao_Paulo-242-2038937-36419292-0,8.15,-23.5260325,-46.551501,,,,1,2023-06-20T02:35:32+00:00
SAO_2551-10,São Paulo,3550308,True,EMTU,141,https://moovitapp.com/index/pt-br/transporte_p%C3%BAblico-line-141-Sao_Paulo-242-2038937-36419292-0,8.15,-23.48536275,-46.481235,,,,1,2023-06-20T02:34:17+00:00
SAO_917M-10,São Paulo,3550308,True,,1366,,,-23.471259500000002,-46.706211499999995,,,,1,2023-06-20T02:35:34+00:00
SAO_917M-10,São Paulo,3550308,True,,1366,,,-23.471427499999997,-46.7060325,,,,1,2023-06-20T02:35:05+00:00
SAO_917M-10,São Paulo,3550308,True,,1366,,,-23.471259500000002,-46.706211499999995,,,,1,2023-06-20T02:35:06+00:00
SAO_917M-10,São Paulo,3550308,True,,1366,,,-23.559176375,-46.659142,,,,1,2023-06-20T02:35:25+00:00
SAO_917M-10,São Paulo,3550308,True,,1366,,,-23.501416,-46.6952765,,,,1,2023-06-20T02:35:27+00:00
SAO_373T-10,São Paulo,3550308,True,,1091,,,-23.58416125,-46.541159,,,,1,2023-06-20T02:35:09+00:00
SAO_373T-10,São Paulo,3550308,True,,1091,,,-23.565216,-46.5951905,,,,1,2023-06-20T02:35:23+00:00
SAO_373T-10,São Paulo,3550308,True,,1091,,,-23.593679,-46.498469,,,,1,2023-06-20T02:35:15+00:00
SAO_373T-10,São Paulo,3550308,True,,1091,,,-23.5841555,-46.58417,,,,1,2023-06-20T02:35:28+00:00
SAO_373T-10,São Paulo,3550308,True,,1091,,,-23.58602625,-46.52632475,,,,1,2023-06-20T02:35:27+00:00
SAO_373T-10,São Paulo,3550308,True,,1091,,,-23.5488625,-46.60194,,,,1,2023-06-20T02:35:27+00:00
SAO_373T-10,São Paulo,3550308,True,,1091,,,-23.565263,-46.5950815,,,,1,2023-06-20T02:35:29+00:00
SAO_373T-10,São Paulo,3550308,True,,1091,,,-23.5946305,-46.503217500000005,,,,1,2023-06-20T02:35:10+00:00
SAO_407K-10,São Paulo,3550308,True,,34936,,,-23.56879,-46.504977,,,,2,2023-06-20T02:35:16+00:00
SAO_407K-10,São Paulo,3550308,True,,34936,,,-23.6134395,-46.476588500000005,,,,2,2023-06-20T02:34:51+00:00
SAO_1709-10,São Paulo,3550308,True,,33619,,,-23.44072075,-46.581562000000005,,,,2,2023-06-20T02:32:41+00:00
SAO_1709-10,São Paulo,3550308,True,,33619,,,-23.475927499999997,-46.6033325,,,,2,2023-06-20T02:33:15+00:00
SAO_1709-10,São Paulo,3550308,True,,33619,,,-23.4504545,-46.595011,,,,2,2023-06-20T02:35:06+00:00
SAO_1709-10,São Paulo,3550308,True,,33619,,,-23.44072075,-46.581562000000005,,,,2,2023-06-20T02:35:30+00:00
SAO_1709-10,São Paulo,3550308,True,,33619,,,-23.44072075,-46.581562000000005,,,,2,2023-06-20T02:28:29+00:00
SAO_1709-10,São Paulo,3550308,True,,33619,,,-23.4410095,-46.581755,,,,2,2023-06-20T02:33:08+00:00
SAO_1709-10,São Paulo,3550308,True,,33619,,,-23.440907,-46.5816925,,,,2,2023-06-20T02:32:30+00:00
SAO_1709-10,São Paulo,3550308,True,,33619,,,-23.440907,-46.5816925,,,,2,2023-06-20T02:34:55+00:00
SAO_1709-10,São Paulo,3550308,True,,33619,,,-23.44072075,-46.581562000000005,,,,2,2023-06-20T02:35:36+00:00
SAO_1709-10,São Paulo,3550308,True,,33619,,,-23.448870499999998,-46.595276999999996,,,,2,2023-06-20T02:34:18+00:00
SAO_271C-10,São Paulo,3550308,True,,33450,,,-23.52035325,-46.62517625,,,,2,2023-06-20T02:35:23+00:00
SAO_271C-10,São Paulo,3550308,True,,33450,,,-23.523229999999998,-46.583715,,,,2,2023-06-20T02:35:29+00:00
SAO_271C-10,São Paulo,3550308,True,,33450,,,-23.4966375,-46.586422,,,,2,2023-06-20T02:35:14+00:00
SAO_271C-10,São Paulo,3550308,True,,33450,,,-23.523229999999998,-46.583715,,,,2,2023-06-20T02:35:10+00:00
SAO_271C-10,São Paulo,3550308,True,,33450,,,-23.523229999999998,-46.583715,,,,2,2023-06-20T02:35:22+00:00
SAO_8000-10,São Paulo,3550308,True,,1273,,,-23.52077125,-46.69941075,,,,1,2023-06-20T02:35:26+00:00
SAO_8000-10,São Paulo,3550308,True,,1273,,,-23.547683499999998,-46.6411495,,,,1,2023-06-20T02:35:23+00:00
SAO_8000-10,São Paulo,3550308,True,,1273,,,-23.520449499999998,-46.6996115,,,,1,2023-06-20T02:35:27+00:00
SAO_4055-10,São Paulo,3550308,True,,2447,,,-23.543551625,-46.414557,,,,1,2023-06-20T02:35:03+00:00
SAO_4055-10,São Paulo,3550308,True,,2447,,,-23.5430895,-46.416463,,,,1,2023-06-20T02:07:31+00:00
SAO_6036-10,São Paulo,3550308,True,,33982,,,-23.65385975,-46.79008575,,,,2,2023-06-20T02:35:23+00:00
SAO_6036-10,São Paulo,3550308,True,,33982,,,-23.65385975,-46.79008575,,,,2,2023-06-20T02:34:56+00:00
SAO_6036-10,São Paulo,3550308,True,,33982,,,-23.650302,-46.718774999999994,,,,2,2023-06-20T02:35:00+00:00
SAO_6036-10,São Paulo,3550308,True,,33982,,,-23.65385975,-46.79008575,,,,2,2023-06-20T02:34:55+00:00
SAO_6036-10,São Paulo,3550308,True,,33982,,,-23.650038625,-46.75614575,,,,2,2023-06-20T02:34:38+00:00
SAO_6036-10,São Paulo,3550308,True,,33982,,,-23.659622,-46.766826,,,,2,2023-06-20T02:35:15+00:00
SAO_957T-10,São Paulo,3550308,True,,33232,,,-23.521479125000003,-46.722944874999996,,,,2,2023-06-20T02:35:05+00:00
SAO_957T-10,São Paulo,3550308,True,,33232,,,-23.436427374999997,-46.716528374999996,,,,2,2023-06-20T02:35:11+00:00
SAO_957T-10,São Paulo,3550308,True,,33232,,,-23.4362225,-46.717113499999996,,,,2,2023-06-20T02:35:17+00:00
SAO_957T-10,São Paulo,3550308,True,,33232,,,-23.436301125,-46.716888125,,,,2,2023-06-20T02:35:17+00:00
SAO_957T-10,São Paulo,3550308,True,,33232,,,-23.499109750000002,-46.693485,,,,2,2023-06-20T02:35:35+00:00
SAO_957T-10,São Paulo,3550308,True,,33232,,,-23.436301125,-46.716888125,,,,2,2023-06-20T02:35:06+00:00
SAO_957T-10,São Paulo,3550308,True,,33232,,,-23.445864625,-46.717133375,,,,2,2023-06-20T02:35:32+00:00
SAO_1702-10,São Paulo,3550308,True,,33614,,,-23.4432505,-46.577110000000005,,,,2,2023-06-20T02:35:24+00:00
SAO_1702-10,São Paulo,3550308,True,,33614,,,-23.4433975,-46.5772815,,,,2,2023-06-20T02:35:20+00:00
SAO_1702-10,São Paulo,3550308,True,,33614,,,-23.4432505,-46.577110000000005,,,,2,2023-06-20T02:35:22+00:00
SAO_1702-10,São Paulo,3550308,True,,33614,,,-23.4432505,-46.577110000000005,,,,2,2023-06-20T02:35:10+00:00
SAO_1702-10,São Paulo,3550308,True,,33614,,,-23.4568505,-46.584867,,,,2,2023-06-20T02:35:01+00:00
SAO_1702-10,São Paulo,3550308,True,,33614,,,-23.52387975,-46.62526075,,,,2,2023-06-20T02:35:26+00:00
SAO_1702-10,São Paulo,3550308,True,,33614,,,-23.4432505,-46.577110000000005,,,,2,2023-06-20T02:35:10+00:00
SAO_1702-10,São Paulo,3550308,True,,33614,,,-23.4432505,-46.577110000000005,,,,2,2023-06-20T02:35:30+00:00
SAO_1702-10,São Paulo,3550308,True,,33614,,,-23.485825499999997,-46.60462,,,,2,2023-06-20T02:35:37+00:00
SAO_1702-10,São Paulo,3550308,True,,33614,,,-23.4432505,-46.577110000000005,,,,2,2023-06-20T02:35:10+00:00
SAO_6038-10,São Paulo,3550308,True,,1216,,,-23.64927025,-46.70794375,,,,1,2023-06-20T02:35:11+00:00
SAO_6038-10,São Paulo,3550308,True,,1216,,,-23.6578735,-46.7897725,,,,1,2023-06-20T02:34:57+00:00
SAO_6038-10,São Paulo,3550308,True,,1216,,,-23.66147575,-46.790868625,,,,1,2023-06-20T02:35:03+00:00
SAO_6038-10,São Paulo,3550308,True,,1216,,,-23.661082999999998,-46.79261375,,,,1,2023-06-20T02:35:33+00:00
SAO_6038-10,São Paulo,3550308,True,,1216,,,-23.65222575,-46.758188000000004,,,,1,2023-06-20T02:35:38+00:00
SAO_6038-10,São Paulo,3550308,True,,1216,,,-23.66724675,-46.784361,,,,1,2023-06-20T02:35:30+00:00
SAO_6038-10,São Paulo,3550308,True,,1216,,,-23.662273499999998,-46.780083000000005,,,,1,2023-06-20T02:34:53+00:00
SAO_7004-10,São Paulo,3550308,True,,1992,,,-23.741771999999997,-46.8001715,,,,1,2023-06-20T02:35:08+00:00
SAO_7004-10,São Paulo,3550308,True,,1992,,,-23.732512999999997,-46.78660625,,,,1,2023-06-20T02:34:54+00:00
SAO_7004-10,São Paulo,3550308,True,,1992,,,-23.727213,-46.7863825,,,,1,2023-06-20T02:35:25+00:00
SAO_7004-10,São Paulo,3550308,True,,1992,,,-23.7320815,-46.786311,,,,1,2023-06-20T02:35:22+00:00
SAO_7004-10,São Paulo,3550308,True,,1992,,,-23.6850275,-46.764193500000005,,,,1,2023-06-20T02:34:55+00:00
SAO_7004-10,São Paulo,3550308,True,,1992,,,-23.6555345,-46.722061499999995,,,,1,2023-06-20T02:35:17+00:00
SAO_7004-10,São Paulo,3550308,True,,1992,,,-23.6555345,-46.722061499999995,,,,1,2023-06-20T02:34:55+00:00
SAO_819A-10,São Paulo,3550308,True,,33571,,,-23.4873215,-46.675732499999995,,,,2,2023-06-20T02:35:00+00:00
SAO_819A-10,São Paulo,3550308,True,,33571,,,-23.4314825,-46.725972,,,,2,2023-06-20T02:35:28+00:00
SAO_819A-10,São Paulo,3550308,True,,33571,,,-23.4387105,-46.748492,,,,2,2023-06-20T02:35:18+00:00
SAO_819A-10,São Paulo,3550308,True,,33571,,,-23.4351505,-46.7177835,,,,2,2023-06-20T02:34:34+00:00
SAO_819A-10,São Paulo,3550308,True,,33571,,,-23.464762999999998,-46.6797545,,,,2,2023-06-20T02:35:10+00:00
SAO_819A-10,São Paulo,3550308,True,,33571,,,-23.4324285,-46.727016000000006,,,,2,2023-06-20T02:35:23+00:00
SAO_819A-10,São Paulo,3550308,True,,33571,,,-23.4386675,-46.748738,,,,2,2023-06-20T02:35:25+00:00
SAO_819A-10,São Paulo,3550308,True,,33571,,,-23.475507999999998,-46.664567500000004,,,,2,2023-06-20T02:35:07+00:00
SAO_819A-10,São Paulo,3550308,True,,33571,,,-23.4387105,-46.748492,,,,2,2023-06-20T02:32:04+00:00
SAO_819A-10,São Paulo,3550308,True,,33571,,,-23.4421795,-46.73460849999999,,,,2,2023-06-20T02:35:19+00:00
SAO_819A-10,São Paulo,3550308,True,,33571,,,-23.448831,-46.7347775,,,,2,2023-06-20T02:35:23+00:00
SAO_5175-10,São Paulo,3550308,True,,33361,,,-23.5505945,-46.635301,,,,2,2023-06-20T02:35:17+00:00
SAO_5175-10,São Paulo,3550308,True,,33361,,,-23.702581000000002,-46.6501255,,,,2,2023-06-20T02:35:23+00:00
SAO_5175-10,São Paulo,3550308,True,,33361,,,-23.697873,-46.6481885,,,,2,2023-06-20T02:35:33+00:00
SAO_5175-10,São Paulo,3550308,True,,33361,,,-23.5505945,-46.635301,,,,2,2023-06-20T02:35:27+00:00
SAO_5175-10,São Paulo,3550308,True,,33361,,,-23.702181500000002,-46.650177,,,,2,2023-06-20T02:32:56+00:00
SAO_5175-10,São Paulo,3550308,True,,33361,,,-23.5505945,-46.635301,,,,2,2023-06-20T02:35:24+00:00
SAO_5175-10,São Paulo,3550308,True,,33361,,,-23.702181500000002,-46.650177,,,,2,2023-06-20T02:35:25+00:00
SAO_5175-10,São Paulo,3550308,True,,33361,,,-23.568078999999997,-46.649365,,,,2,2023-06-20T02:34:55+00:00
SAO_5175-10,São Paulo,3550308,True,,33361,,,-23.5505945,-46.635301,,,,2,2023-06-20T02:34:49+00:00
SAO_5175-10,São Paulo,3550308,True,,33361,,,-23.678459500000002,-46.657086,,,,2,2023-06-20T02:30:24+00:00
SAO_5175-10,São Paulo,3550308,True,,33361,,,-23.5505945,-46.635301,,,,2,2023-06-20T02:35:15+00:00
SAO_5175-10,São Paulo,3550308,True,,33361,,,-23.5505945,-46.635301,,,,2,2023-06-20T02:35:27+00:00
SAO_5175-10,São Paulo,3550308,True,,33361,,,-23.554767500000004,-46.639010375000005,,,,2,2023-06-20T02:35:20+00:00
SAO_5175-10,São Paulo,3550308,True,,33361,,,-23.6790695,-46.656284,,,,2,2023-06-20T02:32:03+00:00
SAO_5175-10,São Paulo,3550308,True,,33361,,,-23.5505945,-46.635301,,,,2,2023-06-20T02:34:56+00:00
SAO_5175-10,São Paulo,3550308,True,,33361,,,-23.5505945,-46.635301,,,,2,2023-06-20T02:34:43+00:00
SAO_5175-10,São Paulo,3550308,True,,33361,,,-23.603195999999997,-46.65162975,,,,2,2023-06-20T02:35:03+00:00
SAO_5175-10,São Paulo,3550308,True,,33361,,,-23.698219,-46.6479925,,,,2,2023-06-20T02:35:25+00:00
SAO_5175-10,São Paulo,3550308,True,,33361,,,-23.647678749999997,-46.67548425,,,,2,2023-06-20T02:34:52+00:00
SAO_5175-10,São Paulo,3550308,True,,33361,,,-23.697807,-46.648238500000005,,,,2,2023-06-20T02:34:58+00:00
SAO_5175-10,São Paulo,3550308,True,,33361,,,-23.6707965,-46.6691875,,,,2,2023-06-20T02:35:28+00:00
SAO_5175-10,São Paulo,3550308,True,,33361,,,-23.654104500000003,-46.6799345,,,,2,2023-06-20T02:34:58+00:00
SAO_5175-10,São Paulo,3550308,True,,33361,,,-23.5505945,-46.635301,,,,2,2023-06-20T02:35:34+00:00
SAO_2290-10,São Paulo,3550308,True,,718,,,-23.546762,-46.629915499999996,,,,1,2023-06-20T02:34:59+00:00
SAO_2290-10,São Paulo,3550308,True,,718,,,-23.542240999999997,-46.6425995,,,,1,2023-06-20T02:35:37+00:00
SAO_2290-10,São Paulo,3550308,True,,718,,,-23.6131955,-46.476123,,,,1,2023-06-20T02:35:33+00:00
SAO_2290-10,São Paulo,3550308,True,,718,,,-23.6131955,-46.476123,,,,1,2023-06-20T02:35:18+00:00
SAO_2290-10,São Paulo,3550308,True,,718,,,-23.6131955,-46.476123,,,,1,2023-06-20T02:35:33+00:00
SAO_2290-10,São Paulo,3550308,True,,718,,,-23.6131955,-46.476123,,,,1,2023-06-20T02:35:20+00:00
SAO_2290-10,São Paulo,3550308,True,,718,,,-23.541055999999998,-46.6388025,,,,1,2023-06-20T02:35:16+00:00
SAO_2290-10,São Paulo,3550308,True,,718,,,-23.6131955,-46.476123,,,,1,2023-06-20T02:35:29+00:00
SAO_2290-10,São Paulo,3550308,True,,718,,,-23.5342615,-46.567837,,,,1,2023-06-20T02:35:19+00:00
SAO_2290-10,São Paulo,3550308,True,,718,,,-23.6131955,-46.476123,,,,1,2023-06-20T02:35:15+00:00
SAO_2290-10,São Paulo,3550308,True,,718,,,-23.540468375000003,-46.637888125,,,,1,2023-06-20T02:35:01+00:00
SAO_2290-10,São Paulo,3550308,True,,718,,,-23.540920625,-46.638602875000004,,,,1,2023-06-20T02:35:06+00:00
SAO_2290-10,São Paulo,3550308,True,,718,,,-23.538244874999997,-46.555306374999994,,,,1,2023-06-20T02:35:26+00:00
SAO_2290-10,São Paulo,3550308,True,,718,,,-23.6130195,-46.476082,,,,1,2023-06-20T02:35:31+00:00
SAO_2290-10,São Paulo,3550308,True,,718,,,-23.6131955,-46.476123,,,,1,2023-06-20T02:35:15+00:00
SAO_2290-10,São Paulo,3550308,True,,718,,,-23.5580635,-46.522337500000006,,,,1,2023-06-20T02:35:00+00:00
SAO_2290-10,São Paulo,3550308,True,,718,,,-23.544759749999997,-46.62593625,,,,1,2023-06-20T02:34:53+00:00
SAO_2290-10,São Paulo,3550308,True,,718,,,-23.612797,-46.4760315,,,,1,2023-06-20T02:34:54+00:00
SAO_2290-10,São Paulo,3550308,True,,718,,,-23.583911999999998,-46.4926895,,,,1,2023-06-20T02:35:32+00:00
SAO_2290-10,São Paulo,3550308,True,,718,,,-23.6131955,-46.476123,,,,1,2023-06-20T02:35:00+00:00
SAO_2290-10,São Paulo,3550308,True,,718,,,-23.610713,-46.476423624999995,,,,1,2023-06-20T02:35:05+00:00
SAO_2290-10,São Paulo,3550308,True,,718,,,-23.54469125,-46.62556875,,,,1,2023-06-20T02:35:26+00:00
SAO_2290-10,São Paulo,3550308,True,,718,,,-23.6131955,-46.476123,,,,1,2023-06-20T02:35:30+00:00
SAO_2290-10,São Paulo,3550308,True,,718,,,-23.533472250000003,-46.565054,,,,1,2023-06-20T02:35:02+00:00
SAO_2290-10,São Paulo,3550308,True,,718,,,-23.598281375,-46.486177999999995,,,,1,2023-06-20T02:35:13+00:00
SAO_2290-10,São Paulo,3550308,True,,718,,,-23.6130195,-46.476082,,,,1,2023-06-20T02:35:21+00:00
SAO_2290-10,São Paulo,3550308,True,,718,,,-23.6131955,-46.476123,,,,1,2023-06-20T02:34:56+00:00
SAO_2290-10,São Paulo,3550308,True,,718,,,-23.532581,-46.5598835,,,,1,2023-06-20T02:35:28+00:00
SAO_2290-10,São Paulo,3550308,True,,718,,,-23.5461345,-46.630341,,,,1,2023-06-20T02:35:06+00:00
SAO_2290-10,São Paulo,3550308,True,,718,,,-23.5459845,-46.630508,,,,1,2023-06-20T02:34:58+00:00
SAO_2290-10,São Paulo,3550308,True,,718,,,-23.6131955,-46.476123,,,,1,2023-06-20T02:35:28+00:00
SAO_2290-10,São Paulo,3550308,True,,718,,,-23.5670195,-46.5109545,,,,1,2023-06-20T02:35:26+00:00
SAO_4018-10,São Paulo,3550308,True,,34959,,,-23.59333025,-46.40648125,,,,2,2023-06-20T02:35:18+00:00
SAO_4018-10,São Paulo,3550308,True,,34959,,,-23.5947675,-46.444869999999995,,,,2,2023-06-20T02:35:04+00:00
SAO_4018-10,São Paulo,3550308,True,,34959,,,-23.6006425,-46.3996595,,,,2,2023-06-20T02:35:06+00:00
SAO_4018-10,São Paulo,3550308,True,,34959,,,-23.600949999999997,-46.399390499999996,,,,2,2023-06-20T02:35:28+00:00
SAO_4018-10,São Paulo,3550308,True,,34959,,,-23.5947445,-46.427139374999996,,,,2,2023-06-20T02:30:26+00:00
SAO_4018-10,São Paulo,3550308,True,,34959,,,-23.580191499999998,-46.4115725,,,,2,2023-06-20T02:35:17+00:00
SAO_4018-10,São Paulo,3550308,True,,34959,,,-23.590070500000003,-46.408122250000005,,,,2,2023-06-20T02:34:23+00:00
SAO_4018-10,São Paulo,3550308,True,,34959,,,-23.60156875,-46.398831,,,,2,2023-06-20T02:35:24+00:00
SAO_4018-10,São Paulo,3550308,True,,34959,,,-23.60109525,-46.39926,,,,2,2023-06-20T02:35:00+00:00
SAO_4018-10,São Paulo,3550308,True,,34959,,,-23.60109525,-46.39926,,,,2,2023-06-20T02:34:59+00:00
SAO_4018-10,São Paulo,3550308,True,,34959,,,-23.5832135,-46.4071515,,,,2,2023-06-20T02:35:23+00:00
SAO_3023-10,São Paulo,3550308,True,Urubupungá,960,https://moovitapp.com/index/pt-br/transporte_p%C3%BAblico-line-960-Sao_Paulo-242-873835-31663702-0,4.6,-23.63368825,-46.472753250000004,,,,1,2023-06-20T02:34:43+00:00
SAO_3023-10,São Paulo,3550308,True,Urubupungá,960,https://moovitapp.com/index/pt-br/transporte_p%C3%BAblico-line-960-Sao_Paulo-242-873835-31663702-0,4.6,-23.620348999999997,-46.47910775,,,,1,2023-06-20T02:34:53+00:00
SAO_3023-10,São Paulo,3550308,True,Urubupungá,960,https://moovitapp.com/index/pt-br/transporte_p%C3%BAblico-line-960-Sao_Paulo-242-873835-31663702-0,4.6,-23.583923,-46.4930575,,,,1,2023-06-20T02:35:25+00:00
SAO_3023-10,São Paulo,3550308,True,Urubupungá,960,https://moovitapp.com/index/pt-br/transporte_p%C3%BAblico-line-960-Sao_Paulo-242-873835-31663702-0,4.6,-23.633410750000003,-46.47284775,,,,1,2023-06-20T02:34:55+00:00
SAO_3023-10,São Paulo,3550308,True,Urubupungá,960,https://moovitapp.com/index/pt-br/transporte_p%C3%BAblico-line-960-Sao_Paulo-242-873835-31663702-0,4.6,-23.63368825,-46.472753250000004,,,,1,2023-06-20T02:35:11+00:00
SAO_3023-10,São Paulo,3550308,True,Urubupungá,960,https://moovitapp.com/index/pt-br/transporte_p%C3%BAblico-line-960-Sao_Paulo-242-873835-31663702-0,4.6,-23.633410750000003,-46.47284775,,,,1,2023-06-20T02:35:34+00:00
SAO_3023-10,São Paulo,3550308,True,Urubupungá,960,https://moovitapp.com/index/pt-br/transporte_p%C3%BAblico-line-960-Sao_Paulo-242-873835-31663702-0,4.6,-23.63368825,-46.472753250000004,,,,1,2023-06-20T02:35:31+00:00
SAO_271M-10,São Paulo,3550308,True,,684,,,-23.52123975,-46.564586500000004,,,,1,2023-06-20T02:35:33+00:00
SAO_271M-10,São Paulo,3550308,True,,684,,,-23.501680999999998,-46.5904595,,,,1,2023-06-20T02:35:14+00:00
SAO_271M-10,São Paulo,3550308,True,,684,,,-23.512827,-46.563369,,,,1,2023-06-20T02:34:59+00:00
SAO_5110-10,São Paulo,3550308,True,,2209,,,-23.6028755,-46.514859,,,,1,2023-06-20T02:35:13+00:00
SAO_5110-10,São Paulo,3550308,True,,2209,,,-23.6141145,-46.476496999999995,,,,1,2023-06-20T02:34:54+00:00
SAO_5110-10,São Paulo,3550308,True,,2209,,,-23.585912,-46.588908,,,,1,2023-06-20T02:35:26+00:00
SAO_5110-10,São Paulo,3550308,True,,2209,,,-23.61286825,-46.4919015,,,,1,2023-06-20T02:35:01+00:00
SAO_5110-10,São Paulo,3550308,True,,2209,,,-23.547036,-46.628932,,,,1,2023-06-20T02:35:03+00:00
SAO_5110-10,São Paulo,3550308,True,,2209,,,-23.547036,-46.628932,,,,1,2023-06-20T02:34:54+00:00
SAO_5110-10,São Paulo,3550308,True,,2209,,,-23.5841555,-46.58417,,,,1,2023-06-20T02:35:24+00:00
SAO_5110-10,São Paulo,3550308,True,,2209,,,-23.584435875,-46.578884875,,,,1,2023-06-20T02:35:19+00:00
SAO_5110-10,São Paulo,3550308,True,,2209,,,-23.556893437499998,-46.6204579375,,,,1,2023-06-20T02:35:18+00:00
SAO_5110-10,São Paulo,3550308,True,,2209,,,-23.547167,-46.62885,,,,1,2023-06-20T02:34:59+00:00
SAO_6403-10,São Paulo,3550308,True,,32826,,,-23.64353475,-46.73348675,,,,2,2023-06-20T02:35:23+00:00
SAO_6403-10,São Paulo,3550308,True,,32826,,,-23.6434815,-46.733768999999995,,,,2,2023-06-20T02:35:37+00:00
SAO_6403-10,São Paulo,3550308,True,,32826,,,-23.643588,-46.733053999999996,,,,2,2023-06-20T02:35:17+00:00
SAO_6403-10,São Paulo,3550308,True,,32826,,,-23.542946,-46.6354345,,,,2,2023-06-20T02:35:25+00:00
SAO_6403-10,São Paulo,3550308,True,,32826,,,-23.62468175,-46.7112935,,,,2,2023-06-20T02:35:23+00:00
SAO_6403-10,São Paulo,3550308,True,,32826,,,-23.64356875,-46.7324565,,,,2,2023-06-20T02:35:07+00:00
SAO_573A-10,São Paulo,3550308,True,,34405,,,-23.596716,-46.5588245,,,,2,2023-06-20T02:35:30+00:00
SAO_573A-10,São Paulo,3550308,True,,34405,,,-23.5742285,-46.5873485,,,,2,2023-06-20T02:33:35+00:00
SAO_573A-10,São Paulo,3550308,True,,34405,,,-23.5971065,-46.554896,,,,2,2023-06-20T02:35:05+00:00
SAO_573A-10,São Paulo,3550308,True,,34405,,,-23.596563,-46.5587515,,,,2,2023-06-20T02:35:07+00:00
SAO_7040-10,São Paulo,3550308,True,,33544,,,-23.614478,-46.721415500000006,,,,2,2023-06-20T02:35:12+00:00
SAO_7040-10,São Paulo,3550308,True,,33544,,,-23.597123500000002,-46.708605,,,,2,2023-06-20T02:35:05+00:00
SAO_7040-10,São Paulo,3550308,True,,33544,,,-23.565354999999997,-46.693373,,,,2,2023-06-20T02:35:21+00:00
SAO_7040-10,São Paulo,3550308,True,,33544,,,-23.623910000000002,-46.727845,,,,2,2023-06-20T02:35:25+00:00
SAO_7040-10,São Paulo,3550308,True,,33544,,,-23.579249,-46.6857765,,,,2,2023-06-20T02:35:18+00:00
SAO_7040-10,São Paulo,3550308,True,,33544,,,-23.623484249999997,-46.728172,,,,2,2023-06-20T02:35:05+00:00
SAO_6500-10,São Paulo,3550308,True,,46,,,-23.654395,-46.7121185,,,,1,2023-06-20T02:35:32+00:00
SAO_6500-10,São Paulo,3550308,True,,46,,,-23.654395,-46.7121185,,,,1,2023-06-20T02:35:26+00:00
SAO_6500-10,São Paulo,3550308,True,,46,,,-23.654395,-46.7121185,,,,1,2023-06-20T02:35:04+00:00
SAO_6500-10,São Paulo,3550308,True,,46,,,-23.6497811875,-46.70390193750001,,,,1,2023-06-20T02:35:12+00:00
SAO_6500-10,São Paulo,3550308,True,,46,,,-23.601336,-46.674026,,,,1,2023-06-20T02:35:31+00:00
SAO_6500-10,São Paulo,3550308,True,,46,,,-23.654395,-46.7121185,,,,1,2023-06-20T02:34:58+00:00
SAO_6500-10,São Paulo,3550308,True,,46,,,-23.549598000000003,-46.6392605,,,,1,2023-06-20T02:34:57+00:00
SAO_6500-10,São Paulo,3550308,True,,46,,,-23.654395,-46.7121185,,,,1,2023-06-20T02:35:22+00:00
SAO_6500-10,São Paulo,3550308,True,,46,,,-23.622253999999998,-46.684399,,,,1,2023-06-20T02:35:18+00:00
SAO_576M-10,São Paulo,3550308,True,,604,,,-23.56998325,-46.691308250000006,,,,1,2023-06-20T02:35:34+00:00
SAO_576M-10,São Paulo,3550308,True,,604,,,-23.6499745,-46.640381,,,,1,2023-06-20T02:35:20+00:00
SAO_576M-10,São Paulo,3550308,True,,604,,,-23.605576624999998,-46.65797175,,,,1,2023-06-20T02:35:11+00:00
SAO_576M-10,São Paulo,3550308,True,,604,,,-23.621782437500002,-46.6617475625,,,,1,2023-06-20T02:35:21+00:00
SAO_771P-10,São Paulo,3550308,True,EMTU,506,https://moovitapp.com/index/pt-br/transporte_p%C3%BAblico-line-506-Sao_Paulo-242-2038937-36419528-0,5.65,-23.5718015,-46.709463,,,,1,2023-06-20T02:35:04+00:00
SAO_3721-10,São Paulo,3550308,True,,1019,,,-23.56300225,-46.497501,,,,1,2023-06-20T02:35:36+00:00
SAO_3721-10,São Paulo,3550308,True,,1019,,,-23.5508735,-46.489171,,,,1,2023-06-20T02:34:54+00:00
SAO_3741-10,São Paulo,3550308,True,,33809,,,-23.542065,-46.449332,,,,2,2023-06-20T02:33:31+00:00
SAO_3741-10,São Paulo,3550308,True,,33809,,,-23.548450624999997,-46.46171825,,,,2,2023-06-20T02:35:16+00:00
SAO_3741-10,São Paulo,3550308,True,,33809,,,-23.559855499999998,-46.455909000000005,,,,2,2023-06-20T02:35:29+00:00
SAO_8700-10,São Paulo,3550308,True,,34645,,,-23.54566475,-46.644418,,,,2,2023-06-20T02:35:09+00:00
SAO_8700-10,São Paulo,3550308,True,,34645,,,-23.6309525,-46.773810499999996,,,,2,2023-06-20T02:35:03+00:00
SAO_8700-10,São Paulo,3550308,True,,34645,,,-23.631153500000003,-46.7733425,,,,2,2023-06-20T02:34:56+00:00
SAO_8700-10,São Paulo,3550308,True,,34645,,,-23.631797499999998,-46.7719915,,,,2,2023-06-20T02:35:28+00:00
SAO_8700-10,São Paulo,3550308,True,,34645,,,-23.59988525,-46.7419835,,,,2,2023-06-20T02:35:29+00:00
SAO_8700-10,São Paulo,3550308,True,,34645,,,-23.631026499999997,-46.773642,,,,2,2023-06-20T02:35:00+00:00
SAO_8700-10,São Paulo,3550308,True,,34645,,,-23.58783425,-46.726912125,,,,2,2023-06-20T02:35:37+00:00
SAO_8700-10,São Paulo,3550308,True,,34645,,,-23.5846285,-46.718096,,,,2,2023-06-20T02:35:37+00:00
SAO_8700-10,São Paulo,3550308,True,,34645,,,-23.5809595,-46.7115805,,,,2,2023-06-20T02:35:32+00:00
SAO_8700-10,São Paulo,3550308,True,,34645,,,-23.547456,-46.6400205,,,,2,2023-06-20T02:35:03+00:00
SAO_8022-10,São Paulo,3550308,True,,2085,,,-23.5684115,-46.739803,,,,1,2023-06-20T02:35:33+00:00
SAO_8022-10,São Paulo,3550308,True,,2085,,,-23.5572085,-46.719336,,,,1,2023-06-20T02:33:27+00:00
SAO_8022-10,São Paulo,3550308,True,,2085,,,-23.5526805,-46.731851500000005,,,,1,2023-06-20T02:34:48+00:00
SAO_8022-10,São Paulo,3550308,True,,2085,,,-23.5680725,-46.740162999999995,,,,1,2023-06-20T02:35:32+00:00
SAO_8022-10,São Paulo,3550308,True,,2085,,,-23.5667395,-46.7380365,,,,1,2023-06-20T02:34:57+00:00
SAO_8022-10,São Paulo,3550308,True,,2085,,,-23.5684115,-46.739803,,,,1,2023-06-20T02:35:15+00:00
SAO_3718-10,São Paulo,3550308,True,,33781,,,-23.541107,-46.4847105,,,,2,2023-06-20T02:35:24+00:00
SAO_3718-10,São Paulo,3550308,True,,33781,,,-23.547622500000003,-46.481944,,,,2,2023-06-20T02:34:56+00:00
SAO_3718-10,São Paulo,3550308,True,,33781,,,-23.554206999999998,-46.49043975,,,,2,2023-06-20T02:34:54+00:00
SAO_3718-10,São Paulo,3550308,True,,33781,,,-23.540855999999998,-46.4849405,,,,2,2023-06-20T02:34:54+00:00
SAO_6960-10,São Paulo,3550308,True,,34211,,,-23.7183865,-46.698947000000004,,,,2,2023-06-20T02:35:15+00:00
SAO_6960-10,São Paulo,3550308,True,,34211,,,-23.671814625000003,-46.712297750000005,,,,2,2023-06-20T02:35:12+00:00
SAO_6960-10,São Paulo,3550308,True,,34211,,,-23.766952500000002,-46.7161155,,,,2,2023-06-20T02:35:23+00:00
SAO_6960-10,São Paulo,3550308,True,,34211,,,-23.732897,-46.698268999999996,,,,2,2023-06-20T02:35:10+00:00
SAO_6960-10,São Paulo,3550308,True,,34211,,,-23.7666665,-46.717319,,,,2,2023-06-20T02:32:11+00:00
SAO_6960-10,São Paulo,3550308,True,,34211,,,-23.6543295,-46.7121355,,,,2,2023-06-20T02:35:14+00:00
SAO_6960-10,São Paulo,3550308,True,,34211,,,-23.6897625,-46.71478775,,,,2,2023-06-20T02:35:00+00:00
SAO_8015-10,São Paulo,3550308,True,,34113,,,-23.39306,-46.741031,,,,2,2023-06-20T02:35:24+00:00
SAO_8015-10,São Paulo,3550308,True,,34113,,,-23.393334,-46.7414955,,,,2,2023-06-20T02:35:15+00:00
SAO_8015-10,São Paulo,3550308,True,,34113,,,-23.388643000000002,-46.73530100000001,,,,2,2023-06-20T02:35:15+00:00
SAO_8015-10,São Paulo,3550308,True,,34113,,,-23.388472,-46.735386,,,,2,2023-06-20T02:35:01+00:00
SAO_8015-10,São Paulo,3550308,True,,34113,,,-23.435926125,-46.717727625,,,,2,2023-06-20T02:35:08+00:00
SAO_8015-10,São Paulo,3550308,True,,34113,,,-23.388472,-46.735386,,,,2,2023-06-20T02:35:11+00:00
SAO_8015-10,São Paulo,3550308,True,,34113,,,-23.4047675,-46.7473045,,,,2,2023-06-20T02:35:33+00:00
SAO_8015-10,São Paulo,3550308,True,,34113,,,-23.388643000000002,-46.73530100000001,,,,2,2023-06-20T02:35:14+00:00
SAO_8015-10,São Paulo,3550308,True,,34113,,,-23.404864500000002,-46.7470245,,,,2,2023-06-20T02:35:08+00:00
SAO_5131-10,São Paulo,3550308,True,,34050,,,-23.656646000000002,-46.665519,,,,2,2023-06-20T02:34:53+00:00
SAO_5131-10,São Paulo,3550308,True,,34050,,,-23.55049425,-46.6366905,,,,2,2023-06-20T02:35:17+00:00
SAO_5131-10,São Paulo,3550308,True,,34050,,,-23.662461999999998,-46.669380000000004,,,,2,2023-06-20T02:35:19+00:00
SAO_5131-10,São Paulo,3550308,True,,34050,,,-23.580013,-46.663082,,,,2,2023-06-20T02:35:17+00:00
SAO_4031-10,São Paulo,3550308,True,,33869,,,-23.6141885,-46.517275999999995,,,,2,2023-06-20T02:35:30+00:00
SAO_4031-10,São Paulo,3550308,True,,33869,,,-23.6018635,-46.530782,,,,2,2023-06-20T02:35:30+00:00
SAO_4031-10,São Paulo,3550308,True,,33869,,,-23.5866705,-46.587002125,,,,2,2023-06-20T02:35:29+00:00
SAO_4031-10,São Paulo,3550308,True,,33869,,,-23.6040565,-46.516653,,,,2,2023-06-20T02:35:17+00:00
SAO_4031-10,São Paulo,3550308,True,,33869,,,-23.593254,-46.5594035,,,,2,2023-06-20T02:35:05+00:00
SAO_4031-10,São Paulo,3550308,True,,33869,,,-23.6141705,-46.51755300000001,,,,2,2023-06-20T02:35:14+00:00
SAO_746P-10,São Paulo,3550308,True,,788,,,-23.6190105,-46.722972999999996,,,,1,2023-06-20T02:35:04+00:00
SAO_746P-10,São Paulo,3550308,True,,788,,,-23.618063,-46.72137,,,,1,2023-06-20T02:35:21+00:00
SAO_746P-10,São Paulo,3550308,True,,788,,,-23.64161625,-46.715562625000004,,,,1,2023-06-20T02:34:53+00:00
SAO_746P-10,São Paulo,3550308,True,,788,,,-23.6329445,-46.736995,,,,1,2023-06-20T02:35:01+00:00
SAO_917M-10,São Paulo,3550308,True,,34134,,,-23.502781249999998,-46.685883000000004,,,,2,2023-06-20T02:35:34+00:00
SAO_917M-10,São Paulo,3550308,True,,34134,,,-23.574421,-46.641919,,,,2,2023-06-20T02:35:25+00:00
SAO_917M-10,São Paulo,3550308,True,,34134,,,-23.554306500000003,-46.67019075,,,,2,2023-06-20T02:35:15+00:00
SAO_917M-10,São Paulo,3550308,True,,34134,,,-23.521480750000002,-46.666559,,,,2,2023-06-20T02:35:01+00:00
SAO_917M-10,São Paulo,3550308,True,,34134,,,-23.471427499999997,-46.7060325,,,,2,2023-06-20T02:35:35+00:00
SAO_374V-10,São Paulo,3550308,True,,34415,,,-23.5112555,-46.45482425,,,,2,2023-06-20T02:34:55+00:00
SAO_374V-10,São Paulo,3550308,True,,34415,,,-23.51352575,-46.455413500000006,,,,2,2023-06-20T02:35:22+00:00
SAO_374V-10,São Paulo,3550308,True,,34415,,,-23.5110345,-46.4547195,,,,2,2023-06-20T02:35:15+00:00
SAO_374V-10,São Paulo,3550308,True,,34415,,,-23.5399135,-46.461621,,,,2,2023-06-20T02:35:01+00:00
SAO_374V-10,São Paulo,3550308,True,,34415,,,-23.511018999999997,-46.4545,,,,2,2023-06-20T02:35:14+00:00
SAO_374V-10,São Paulo,3550308,True,,34415,,,-23.5116805,-46.454798749999995,,,,2,2023-06-20T02:35:29+00:00
SAO_374V-10,São Paulo,3550308,True,,34415,,,-23.522787,-46.452867,,,,2,2023-06-20T02:34:57+00:00
SAO_374V-10,São Paulo,3550308,True,,34415,,,-23.5110345,-46.4547195,,,,2,2023-06-20T02:35:19+00:00
SAO_351F-10,São Paulo,3550308,True,,33455,,,-23.4606475,-46.583239,,,,2,2023-06-20T02:34:18+00:00
SAO_351F-10,São Paulo,3550308,True,,33455,,,-23.5126695,-46.5851415,,,,2,2023-06-20T02:35:10+00:00
SAO_351F-10,São Paulo,3550308,True,,33455,,,-23.541411999999998,-46.575295749999995,,,,2,2023-06-20T02:35:20+00:00
SAO_351F-10,São Paulo,3550308,True,,33455,,,-23.4607885,-46.5831555,,,,2,2023-06-20T02:35:31+00:00
SAO_351F-10,São Paulo,3550308,True,,33455,,,-23.4618045,-46.5828915,,,,2,2023-06-20T02:35:29+00:00
SAO_351F-10,São Paulo,3550308,True,,33455,,,-23.464778000000003,-46.583473,,,,2,2023-06-20T02:33:33+00:00
SAO_351F-10,São Paulo,3550308,True,,33455,,,-23.4618045,-46.5828915,,,,2,2023-06-20T02:35:26+00:00
SAO_695H-10,São Paulo,3550308,True,,33964,,,-23.78837,-46.715108,,,,2,2023-06-20T02:34:06+00:00
SAO_695H-10,São Paulo,3550308,True,,33964,,,-23.690106749999998,-46.69778675,,,,2,2023-06-20T02:34:40+00:00
SAO_695H-10,São Paulo,3550308,True,,33964,,,-23.758485,-46.715076999999994,,,,2,2023-06-20T02:35:16+00:00
SAO_695H-10,São Paulo,3550308,True,,33964,,,-23.6975755,-46.700532125,,,,2,2023-06-20T02:35:31+00:00
SAO_695H-10,São Paulo,3550308,True,,33964,,,-23.675283874999998,-46.69008074999999,,,,2,2023-06-20T02:35:29+00:00
SAO_6016-41,São Paulo,3550308,True,,34474,,,-23.774729,-46.675773500000005,,,,2,2023-06-20T02:35:23+00:00
SAO_6016-41,São Paulo,3550308,True,,34474,,,-23.7534545,-46.6884165,,,,2,2023-06-20T02:35:22+00:00
SAO_6016-41,São Paulo,3550308,True,,34474,,,-23.7745565,-46.675799,,,,2,2023-06-20T02:35:14+00:00
SAO_6016-41,São Paulo,3550308,True,,34474,,,-23.736681,-46.6952685,,,,2,2023-06-20T02:35:35+00:00
SAO_6016-41,São Paulo,3550308,True,,34474,,,-23.775072,-46.675598,,,,2,2023-06-20T02:35:14+00:00
SAO_6016-41,São Paulo,3550308,True,,34474,,,-23.775072,-46.675598,,,,2,2023-06-20T02:35:21+00:00
SAO_273N-10,São Paulo,3550308,True,,33158,,,-23.504664,-46.428877,,,,2,2023-06-20T02:35:22+00:00
SAO_273N-10,São Paulo,3550308,True,,33158,,,-23.504527500000002,-46.367281,,,,2,2023-06-20T02:34:56+00:00
SAO_273N-10,São Paulo,3550308,True,,33158,,,-23.519161,-46.473724000000004,,,,2,2023-06-20T02:34:48+00:00
SAO_273N-10,São Paulo,3550308,True,,33158,,,-23.51024125,-46.438597,,,,2,2023-06-20T02:34:19+00:00
SAO_273N-10,São Paulo,3550308,True,,33158,,,-23.522957249999997,-46.524947874999995,,,,2,2023-06-20T02:35:35+00:00
SAO_273N-10,São Paulo,3550308,True,,33158,,,-23.506633,-46.376509999999996,,,,2,2023-06-20T02:33:29+00:00
SAO_273N-10,São Paulo,3550308,True,,33158,,,-23.4988045,-46.3950825,,,,2,2023-06-20T02:35:35+00:00
SAO_273N-10,São Paulo,3550308,True,,33158,,,-23.505083,-46.3773945,,,,2,2023-06-20T02:30:36+00:00
SAO_5142-10,São Paulo,3550308,True,,34394,,,-23.5838675,-46.557975,,,,2,2023-06-20T02:35:18+00:00
SAO_5142-10,São Paulo,3550308,True,,34394,,,-23.614544,-46.500679,,,,2,2023-06-20T02:35:36+00:00
SAO_5142-10,São Paulo,3550308,True,,34394,,,-23.561709999999998,-46.628457499999996,,,,2,2023-06-20T02:35:15+00:00
SAO_5142-10,São Paulo,3550308,True,,34394,,,-23.5830855,-46.6005955,,,,2,2023-06-20T02:35:12+00:00
SAO_5142-10,São Paulo,3550308,True,,34394,,,-23.604834,-46.523047000000005,,,,2,2023-06-20T02:34:56+00:00
SAO_5142-10,São Paulo,3550308,True,,34394,,,-23.614552,-46.500257000000005,,,,2,2023-06-20T02:35:14+00:00
SAO_3722-10,São Paulo,3550308,True,,33788,,,-23.558577999999997,-46.4458485,,,,2,2023-06-20T02:35:00+00:00
SAO_3722-10,São Paulo,3550308,True,,33788,,,-23.539816000000002,-46.542639,,,,2,2023-06-20T02:35:29+00:00
SAO_4310-10,São Paulo,3550308,True,,34928,,,-23.534565999999998,-46.4530625,,,,2,2023-06-20T02:35:15+00:00
SAO_4310-10,São Paulo,3550308,True,,34928,,,-23.5493125,-46.629169000000005,,,,2,2023-06-20T02:32:08+00:00
SAO_4310-10,São Paulo,3550308,True,,34928,,,-23.5361295,-46.5536475,,,,2,2023-06-20T02:34:22+00:00
SAO_4310-10,São Paulo,3550308,True,,34928,,,-23.5352045,-46.4539815,,,,2,2023-06-20T02:33:32+00:00
SAO_4310-10,São Paulo,3550308,True,,34928,,,-23.534565999999998,-46.4530625,,,,2,2023-06-20T02:35:35+00:00
SAO_4310-10,São Paulo,3550308,True,,34928,,,-23.552181125000004,-46.609944375,,,,2,2023-06-20T02:35:12+00:00
SAO_4310-10,São Paulo,3550308,True,,34928,,,-23.543553875,-46.58819525,,,,2,2023-06-20T02:35:00+00:00
SAO_4310-10,São Paulo,3550308,True,,34928,,,-23.54023625,-46.485081625,,,,2,2023-06-20T02:35:16+00:00
SAO_4310-10,São Paulo,3550308,True,,34928,,,-23.531678499999998,-46.5012945,,,,2,2023-06-20T02:32:03+00:00
SAO_4310-10,São Paulo,3550308,True,,34928,,,-23.548674000000002,-46.629608749999996,,,,2,2023-06-20T02:35:32+00:00
SAO_4310-10,São Paulo,3550308,True,,34928,,,-23.551777625,-46.609177875,,,,2,2023-06-20T02:35:27+00:00
SAO_4310-10,São Paulo,3550308,True,,34928,,,-23.544462,-46.592740500000005,,,,2,2023-06-20T02:34:52+00:00
SAO_4310-10,São Paulo,3550308,True,,34928,,,-23.53961375,-46.485739375,,,,2,2023-06-20T02:34:35+00:00
SAO_4310-10,São Paulo,3550308,True,,34928,,,-23.533165500000003,-46.538745000000006,,,,2,2023-06-20T02:35:03+00:00
SAO_189L-10,São Paulo,3550308,True,,2450,,,-23.5177915,-46.702978,,,,1,2023-06-20T02:35:05+00:00
SAO_189L-10,São Paulo,3550308,True,,2450,,,-23.496749,-46.7075485,,,,1,2023-06-20T02:35:36+00:00
SAO_189L-10,São Paulo,3550308,True,,2450,,,-23.486610499999998,-46.710868000000005,,,,1,2023-06-20T02:35:01+00:00
SAO_189L-10,São Paulo,3550308,True,,2450,,,-23.486610499999998,-46.710868000000005,,,,1,2023-06-20T02:35:35+00:00
SAO_189L-10,São Paulo,3550308,True,,2450,,,-23.486610499999998,-46.710868000000005,,,,1,2023-06-20T02:35:30+00:00
SAO_2590-10,São Paulo,3550308,True,,33680,,,-23.49857275,-46.51973775,,,,2,2023-06-20T02:35:30+00:00
SAO_2590-10,São Paulo,3550308,True,,33680,,,-23.492337499999998,-46.5060225,,,,2,2023-06-20T02:33:14+00:00
SAO_2590-10,São Paulo,3550308,True,,33680,,,-23.54116475,-46.61372874999999,,,,2,2023-06-20T02:35:21+00:00
SAO_2590-10,São Paulo,3550308,True,,33680,,,-23.483154250000002,-46.466711000000004,,,,2,2023-06-20T02:35:25+00:00
SAO_2590-10,São Paulo,3550308,True,,33680,,,-23.519419499999998,-46.547022,,,,2,2023-06-20T02:35:31+00:00
SAO_2708-10,São Paulo,3550308,True,,33689,,,-23.52608,-46.43303025,,,,2,2023-06-20T02:35:31+00:00
SAO_2708-10,São Paulo,3550308,True,,33689,,,-23.525701,-46.411516,,,,2,2023-06-20T02:35:21+00:00
SAO_2708-10,São Paulo,3550308,True,,33689,,,-23.54147425,-46.4575135,,,,2,2023-06-20T02:35:04+00:00
SAO_2708-10,São Paulo,3550308,True,,33689,,,-23.521167499999997,-46.42766,,,,2,2023-06-20T02:35:23+00:00
SAO_2708-10,São Paulo,3550308,True,,33689,,,-23.530773500000002,-46.445034,,,,2,2023-06-20T02:34:51+00:00
SAO_7052-10,São Paulo,3550308,True,,34654,,,-23.6525575,-46.773193,,,,2,2023-06-20T02:35:10+00:00
SAO_7052-10,São Paulo,3550308,True,,34654,,,-23.652754,-46.773064500000004,,,,2,2023-06-20T02:34:54+00:00
SAO_7052-10,São Paulo,3550308,True,,34654,,,-23.6525575,-46.773193,,,,2,2023-06-20T02:35:23+00:00
SAO_846M-10,São Paulo,3550308,True,,33190,,,-23.554607875000002,-46.6911554375,,,,2,2023-06-20T02:35:12+00:00
SAO_846M-10,São Paulo,3550308,True,,33190,,,-23.509114,-46.7604135,,,,2,2023-06-20T02:35:24+00:00
SAO_846M-10,São Paulo,3550308,True,,33190,,,-23.502658,-46.760932499999996,,,,2,2023-06-20T02:35:26+00:00
SAO_846M-10,São Paulo,3550308,True,,33190,,,-23.538749,-46.707457500000004,,,,2,2023-06-20T02:35:19+00:00
SAO_2666-10,São Paulo,3550308,True,,33146,,,-23.535095,-46.5766945,,,,2,2023-06-20T02:34:56+00:00
SAO_2666-10,São Paulo,3550308,True,,33146,,,-23.518412250000004,-46.391846125,,,,2,2023-06-20T02:35:04+00:00
SAO_2666-10,São Paulo,3550308,True,,33146,,,-23.538225999999998,-46.60099225,,,,2,2023-06-20T02:35:33+00:00
SAO_2666-10,São Paulo,3550308,True,,33146,,,-23.518412250000004,-46.391846125,,,,2,2023-06-20T02:35:22+00:00
SAO_2666-10,São Paulo,3550308,True,,33146,,,-23.4948075,-46.405891,,,,2,2023-06-20T02:35:00+00:00
SAO_2666-10,São Paulo,3550308,True,,33146,,,-23.5021105,-46.397587,,,,2,2023-06-20T02:35:23+00:00
SAO_2666-10,São Paulo,3550308,True,,33146,,,-23.531755500000003,-46.55994225,,,,2,2023-06-20T02:32:22+00:00
SAO_2666-10,São Paulo,3550308,True,,33146,,,-23.5038955,-46.4725035,,,,2,2023-06-20T02:35:33+00:00
SAO_8686-10,São Paulo,3550308,True,EMTU,446,https://moovitapp.com/index/pt-br/transporte_p%C3%BAblico-line-446-Sao_Paulo-242-2038937-36419492-0,4.8,-23.5320745,-46.659060499999995,,,,1,2023-06-20T02:34:54+00:00
SAO_8686-10,São Paulo,3550308,True,EMTU,446,https://moovitapp.com/index/pt-br/transporte_p%C3%BAblico-line-446-Sao_Paulo-242-2038937-36419492-0,4.8,-23.4885235,-46.742399,,,,1,2023-06-20T02:35:20+00:00
SAO_8686-10,São Paulo,3550308,True,EMTU,446,https://moovitapp.com/index/pt-br/transporte_p%C3%BAblico-line-446-Sao_Paulo-242-2038937-36419492-0,4.8,-23.488892,-46.742446,,,,1,2023-06-20T02:34:53+00:00
SAO_8686-10,São Paulo,3550308,True,EMTU,446,https://moovitapp.com/index/pt-br/transporte_p%C3%BAblico-line-446-Sao_Paulo-242-2038937-36419492-0,4.8,-23.4885235,-46.742399,,,,1,2023-06-20T02:35:15+00:00
SAO_7054-10,São Paulo,3550308,True,,41,,,-23.6313825,-46.77286,,,,1,2023-06-20T02:35:10+00:00
SAO_7054-10,São Paulo,3550308,True,,41,,,-23.6517055,-46.7906215,,,,1,2023-06-20T02:35:30+00:00
SAO_7054-10,São Paulo,3550308,True,,41,,,-23.650121,-46.791531000000006,,,,1,2023-06-20T02:35:08+00:00
SAO_5154-10,São Paulo,3550308,True,EMTU,353,https://moovitapp.com/index/pt-br/transporte_p%C3%BAblico-line-353-Sao_Paulo-242-2038937-36419436-0,5.1,-23.61099125,-46.68573325,,,,1,2023-06-20T02:34:56+00:00
SAO_5154-10,São Paulo,3550308,True,EMTU,353,https://moovitapp.com/index/pt-br/transporte_p%C3%BAblico-line-353-Sao_Paulo-242-2038937-36419436-0,5.1,-23.53506275,-46.644746999999995,,,,1,2023-06-20T02:35:23+00:00
SAO_5154-10,São Paulo,3550308,True,EMTU,353,https://moovitapp.com/index/pt-br/transporte_p%C3%BAblico-line-353-Sao_Paulo-242-2038937-36419436-0,5.1,-23.540468375000003,-46.637888125,,,,1,2023-06-20T02:35:18+00:00
SAO_5154-10,São Paulo,3550308,True,EMTU,353,https://moovitapp.com/index/pt-br/transporte_p%C3%BAblico-line-353-Sao_Paulo-242-2038937-36419436-0,5.1,-23.6542185,-46.7095555,,,,1,2023-06-20T02:35:34+00:00
SAO_5154-10,São Paulo,3550308,True,EMTU,353,https://moovitapp.com/index/pt-br/transporte_p%C3%BAblico-line-353-Sao_Paulo-242-2038937-36419436-0,5.1,-23.654157,-46.710629,,,,1,2023-06-20T02:35:20+00:00
SAO_5154-10,São Paulo,3550308,True,EMTU,353,https://moovitapp.com/index/pt-br/transporte_p%C3%BAblico-line-353-Sao_Paulo-242-2038937-36419436-0,5.1,-23.587155,-46.652510500000005,,,,1,2023-06-20T02:35:23+00:00
SAO_3789-10,São Paulo,3550308,True,,1067,,,-23.542599000000003,-46.4710815,,,,1,2023-06-20T02:35:27+00:00
SAO_3789-10,São Paulo,3550308,True,,1067,,,-23.5425565,-46.4708155,,,,1,2023-06-20T02:35:34+00:00
SAO_3789-10,São Paulo,3550308,True,,1067,,,-23.5444835,-46.466178,,,,1,2023-06-20T02:34:57+00:00
SAO_3789-10,São Paulo,3550308,True,,1067,,,-23.5857655,-46.4092625,,,,1,2023-06-20T02:35:09+00:00
SAO_3789-10,São Paulo,3550308,True,,1067,,,-23.6015765,-46.399,,,,1,2023-06-20T02:34:54+00:00
SAO_3789-10,São Paulo,3550308,True,,1067,,,-23.611982,-46.3961475,,,,1,2023-06-20T02:35:37+00:00
SAO_3789-10,São Paulo,3550308,True,,1067,,,-23.5425225,-46.470603999999994,,,,1,2023-06-20T02:35:22+00:00
SAO_3789-10,São Paulo,3550308,True,,1067,,,-23.595194999999997,-46.429923,,,,1,2023-06-20T02:35:24+00:00
SAO_3789-10,São Paulo,3550308,True,,1067,,,-23.582152999999998,-46.442083999999994,,,,1,2023-06-20T02:35:16+00:00
SAO_3789-10,São Paulo,3550308,True,,1067,,,-23.611982,-46.3961475,,,,1,2023-06-20T02:35:10+00:00
SAO_3789-10,São Paulo,3550308,True,,1067,,,-23.5425565,-46.4708155,,,,1,2023-06-20T02:34:56+00:00
SAO_5391-10,São Paulo,3550308,True,EMTU,171,https://moovitapp.com/index/pt-br/transporte_p%C3%BAblico-line-171-Sao_Paulo-242-2038937-36419310-0,4.8,-23.619898,-46.67747,,,,1,2023-06-20T02:35:28+00:00
SAO_5391-10,São Paulo,3550308,True,EMTU,171,https://moovitapp.com/index/pt-br/transporte_p%C3%BAblico-line-171-Sao_Paulo-242-2038937-36419310-0,4.8,-23.609559062499997,-46.667714375,,,,1,2023-06-20T02:35:00+00:00
SAO_5391-10,São Paulo,3550308,True,EMTU,171,https://moovitapp.com/index/pt-br/transporte_p%C3%BAblico-line-171-Sao_Paulo-242-2038937-36419310-0,4.8,-23.679301125,-46.763785125,,,,1,2023-06-20T02:34:50+00:00
SAO_5391-10,São Paulo,3550308,True,EMTU,171,https://moovitapp.com/index/pt-br/transporte_p%C3%BAblico-line-171-Sao_Paulo-242-2038937-36419310-0,4.8,-23.6894615,-46.77340325,,,,1,2023-06-20T02:35:22+00:00
SAO_5391-10,São Paulo,3550308,True,EMTU,171,https://moovitapp.com/index/pt-br/transporte_p%C3%BAblico-line-171-Sao_Paulo-242-2038937-36419310-0,4.8,-23.673204499999997,-46.744687,,,,1,2023-06-20T02:34:54+00:00
SAO_5391-10,São Paulo,3550308,True,EMTU,171,https://moovitapp.com/index/pt-br/transporte_p%C3%BAblico-line-171-Sao_Paulo-242-2038937-36419310-0,4.8,-23.665815000000002,-46.7117615,,,,1,2023-06-20T02:35:18+00:00
SAO_5391-10,São Paulo,3550308,True,EMTU,171,https://moovitapp.com/index/pt-br/transporte_p%C3%BAblico-line-171-Sao_Paulo-242-2038937-36419310-0,4.8,-23.6857005,-46.7702335,,,,1,2023-06-20T02:34:22+00:00
SAO_4017-10,São Paulo,3550308,True,,34958,,,-23.601313750000003,-46.399062,,,,2,2023-06-20T02:35:26+00:00
SAO_4017-10,São Paulo,3550308,True,,34958,,,-23.600533,-46.39975,,,,2,2023-06-20T02:35:16+00:00
SAO_4017-10,São Paulo,3550308,True,,34958,,,-23.6008165,-46.399510500000005,,,,2,2023-06-20T02:35:08+00:00
SAO_4017-10,São Paulo,3550308,True,,34958,,,-23.588372,-46.4089095,,,,2,2023-06-20T02:35:07+00:00
SAO_4017-10,São Paulo,3550308,True,,34958,,,-23.6006425,-46.3996595,,,,2,2023-06-20T02:35:11+00:00
SAO_4017-10,São Paulo,3550308,True,,34958,,,-23.586646,-46.383129499999995,,,,2,2023-06-20T02:35:02+00:00
SAO_3020-10,São Paulo,3550308,True,,33726,,,-23.556111,-46.440968999999996,,,,2,2023-06-20T02:35:31+00:00
SAO_3020-10,São Paulo,3550308,True,,33726,,,-23.557083,-46.474084500000004,,,,2,2023-06-20T02:35:33+00:00
SAO_3020-10,São Paulo,3550308,True,,33726,,,-23.55268875,-46.431169499999996,,,,2,2023-06-20T02:34:56+00:00
SAO_3020-10,São Paulo,3550308,True,,33726,,,-23.53603,-46.452717500000006,,,,2,2023-06-20T02:35:12+00:00
SAO_3020-10,São Paulo,3550308,True,,33726,,,-23.55268875,-46.431169499999996,,,,2,2023-06-20T02:35:36+00:00
SAO_3020-10,São Paulo,3550308,True,,33726,,,-23.567818,-46.506119,,,,2,2023-06-20T02:35:27+00:00
SAO_5028-10,São Paulo,3550308,True,,34402,,,-23.610310499999997,-46.58737775,,,,2,2023-06-20T02:35:35+00:00
SAO_5028-10,São Paulo,3550308,True,,34402,,,-23.6108005,-46.580852500000006,,,,2,2023-06-20T02:35:09+00:00
SAO_273G-10,São Paulo,3550308,True,,32991,,,-23.5158325,-46.476457875,,,,2,2023-06-20T02:35:25+00:00
SAO_273G-10,São Paulo,3550308,True,,32991,,,-23.526402625000003,-46.474567375,,,,2,2023-06-20T02:35:18+00:00
SAO_273G-10,São Paulo,3550308,True,,32991,,,-23.481525249999997,-46.41659775,,,,2,2023-06-20T02:34:57+00:00
SAO_273G-10,São Paulo,3550308,True,,32991,,,-23.539121375,-46.481944,,,,2,2023-06-20T02:35:02+00:00
SAO_273G-10,São Paulo,3550308,True,,32991,,,-23.518244625,-46.47605475,,,,2,2023-06-20T02:35:34+00:00
SAO_273G-10,São Paulo,3550308,True,,32991,,,-23.495229000000002,-46.45189275,,,,2,2023-06-20T02:35:03+00:00
SAO_273G-10,São Paulo,3550308,True,,32991,,,-23.5001465,-46.469282,,,,2,2023-06-20T02:34:59+00:00
SAO_273G-10,São Paulo,3550308,True,,32991,,,-23.48150775,-46.41633925,,,,2,2023-06-20T02:30:52+00:00
SAO_273G-10,São Paulo,3550308,True,,32991,,,-23.48150775,-46.41633925,,,,2,2023-06-20T02:35:32+00:00
SAO_273G-10,São Paulo,3550308,True,,32991,,,-23.5384885,-46.47931125,,,,2,2023-06-20T02:33:03+00:00
SAO_778J-10,São Paulo,3550308,True,,33276,,,-23.586683,-46.789745499999995,,,,2,2023-06-20T02:35:02+00:00
SAO_778J-10,São Paulo,3550308,True,,33276,,,-23.593113000000002,-46.785502,,,,2,2023-06-20T02:35:10+00:00
SAO_778J-10,São Paulo,3550308,True,,33276,,,-23.574026,-46.7388055,,,,2,2023-06-20T02:35:22+00:00
SAO_778J-10,São Paulo,3550308,True,,33276,,,-23.5872235,-46.7896705,,,,2,2023-06-20T02:35:17+00:00
SAO_6042-10,São Paulo,3550308,True,,1219,,,-23.649005000000002,-46.7539805,,,,1,2023-06-20T02:35:36+00:00
SAO_6042-10,São Paulo,3550308,True,,1219,,,-23.67882,-46.77142675,,,,1,2023-06-20T02:35:29+00:00
SAO_6042-10,São Paulo,3550308,True,,1219,,,-23.672669,-46.7646945,,,,1,2023-06-20T02:35:33+00:00
SAO_6042-10,São Paulo,3550308,True,,1219,,,-23.672669,-46.7646945,,,,1,2023-06-20T02:35:03+00:00
SAO_6042-10,São Paulo,3550308,True,,1219,,,-23.672669,-46.7646945,,,,1,2023-06-20T02:35:27+00:00
SAO_6042-10,São Paulo,3550308,True,,1219,,,-23.650515,-46.708068499999996,,,,1,2023-06-20T02:35:20+00:00
SAO_6042-10,São Paulo,3550308,True,,1219,,,-23.672669,-46.7646945,,,,1,2023-06-20T02:34:58+00:00
SAO_5178-10,São Paulo,3550308,True,,33363,,,-23.561073999999998,-46.643897875,,,,2,2023-06-20T02:35:10+00:00
SAO_5178-10,São Paulo,3550308,True,,33363,,,-23.666135125,-46.656549625,,,,2,2023-06-20T02:35:13+00:00
SAO_5178-10,São Paulo,3550308,True,,33363,,,-23.682445,-46.6424265,,,,2,2023-06-20T01:46:52+00:00
SAO_5178-10,São Paulo,3550308,True,,33363,,,-23.5535275,-46.6356375,,,,2,2023-06-20T02:34:53+00:00
SAO_5178-10,São Paulo,3550308,True,,33363,,,-23.6818265,-46.6429165,,,,2,2023-06-20T02:35:06+00:00
SAO_5178-10,São Paulo,3550308,True,,33363,,,-23.631489000000002,-46.6691125,,,,2,2023-06-20T02:35:29+00:00
SAO_5178-10,São Paulo,3550308,True,,33363,,,-23.6868825,-46.6383355,,,,2,2023-06-20T02:34:49+00:00
SAO_5178-10,São Paulo,3550308,True,,33363,,,-23.682023,-46.6429045,,,,2,2023-06-20T02:31:56+00:00
SAO_5178-10,São Paulo,3550308,True,,33363,,,-23.6809205,-46.6421665,,,,2,2023-06-20T02:33:41+00:00
SAO_5178-10,São Paulo,3550308,True,,33363,,,-23.682364,-46.642647999999994,,,,2,2023-06-20T02:33:36+00:00
SAO_6836-10,São Paulo,3550308,True,BR7 Mobilidade,13,https://moovitapp.com/index/pt-br/transporte_p%C3%BAblico-line-13-Sao_Paulo-242-851856-705937-0,5.75,-23.6438925,-46.733481999999995,,,,1,2023-06-20T02:34:55+00:00
SAO_6836-10,São Paulo,3550308,True,BR7 Mobilidade,13,https://moovitapp.com/index/pt-br/transporte_p%C3%BAblico-line-13-Sao_Paulo-242-851856-705937-0,5.75,-23.684404999999998,-46.7817855,,,,1,2023-06-20T02:34:59+00:00
SAO_6836-10,São Paulo,3550308,True,BR7 Mobilidade,13,https://moovitapp.com/index/pt-br/transporte_p%C3%BAblico-line-13-Sao_Paulo-242-851856-705937-0,5.75,-23.684404999999998,-46.7817855,,,,1,2023-06-20T02:35:07+00:00
SAO_6836-10,São Paulo,3550308,True,BR7 Mobilidade,13,https://moovitapp.com/index/pt-br/transporte_p%C3%BAblico-line-13-Sao_Paulo-242-851856-705937-0,5.75,-23.6622615,-46.753529,,,,1,2023-06-20T02:34:59+00:00
SAO_407P-10,São Paulo,3550308,True,,34968,,,-23.541269,-46.5768465,,,,2,2023-06-20T02:35:10+00:00
SAO_407P-10,São Paulo,3550308,True,,34968,,,-23.5314775,-46.5016385,,,,2,2023-06-20T02:34:55+00:00
SAO_407P-10,São Paulo,3550308,True,,34968,,,-23.54085775,-46.57623325,,,,2,2023-06-20T02:35:34+00:00
SAO_407P-10,São Paulo,3550308,True,,34968,,,-23.5428845,-46.410059000000004,,,,2,2023-06-20T02:34:51+00:00
SAO_407P-10,São Paulo,3550308,True,,34968,,,-23.5830225,-46.4086875,,,,2,2023-06-20T02:34:19+00:00
SAO_407P-10,São Paulo,3550308,True,,34968,,,-23.5831585,-46.407859,,,,2,2023-06-20T02:35:12+00:00
SAO_407P-10,São Paulo,3550308,True,,34968,,,-23.541269,-46.5768465,,,,2,2023-06-20T02:35:24+00:00
SAO_407P-10,São Paulo,3550308,True,,34968,,,-23.5831585,-46.407859,,,,2,2023-06-20T02:34:55+00:00
SAO_407P-10,São Paulo,3550308,True,,34968,,,-23.5381725,-46.563,,,,2,2023-06-20T02:32:27+00:00
SAO_407P-10,São Paulo,3550308,True,,34968,,,-23.560084,-46.4159775,,,,2,2023-06-20T02:35:23+00:00
SAO_407P-10,São Paulo,3550308,True,,34968,,,-23.5380825,-46.5625515,,,,2,2023-06-20T02:35:12+00:00
SAO_407P-10,São Paulo,3550308,True,,34968,,,-23.526663,-46.432328,,,,2,2023-06-20T02:31:55+00:00
SAO_407P-10,São Paulo,3550308,True,,34968,,,-23.583026,-46.408417,,,,2,2023-06-20T02:35:25+00:00
SAO_407P-10,São Paulo,3550308,True,,34968,,,-23.543388,-46.469908000000004,,,,2,2023-06-20T02:34:59+00:00
SAO_477P-10,São Paulo,3550308,True,EMTU,348,https://moovitapp.com/index/pt-br/transporte_p%C3%BAblico-line-348-Sao_Paulo-242-2038937-36419431-0,5.1,-23.585445,-46.746764875,,,,1,2023-06-20T02:35:27+00:00
SAO_477P-10,São Paulo,3550308,True,EMTU,348,https://moovitapp.com/index/pt-br/transporte_p%C3%BAblico-line-348-Sao_Paulo-242-2038937-36419431-0,5.1,-23.57410625,-46.688723499999995,,,,1,2023-06-20T02:35:22+00:00
SAO_477P-10,São Paulo,3550308,True,EMTU,348,https://moovitapp.com/index/pt-br/transporte_p%C3%BAblico-line-348-Sao_Paulo-242-2038937-36419431-0,5.1,-23.608839875,-46.662558749999995,,,,1,2023-06-20T02:35:16+00:00
SAO_477P-10,São Paulo,3550308,True,EMTU,348,https://moovitapp.com/index/pt-br/transporte_p%C3%BAblico-line-348-Sao_Paulo-242-2038937-36419431-0,5.1,-23.577174749999998,-46.765108875,,,,1,2023-06-20T02:35:30+00:00
SAO_477P-10,São Paulo,3550308,True,EMTU,348,https://moovitapp.com/index/pt-br/transporte_p%C3%BAblico-line-348-Sao_Paulo-242-2038937-36419431-0,5.1,-23.604938125000004,-46.680549375,,,,1,2023-06-20T02:34:52+00:00
SAO_477P-10,São Paulo,3550308,True,EMTU,348,https://moovitapp.com/index/pt-br/transporte_p%C3%BAblico-line-348-Sao_Paulo-242-2038937-36419431-0,5.1,-23.58592875,-46.618900499999995,,,,1,2023-06-20T02:34:56+00:00
SAO_477P-10,São Paulo,3550308,True,EMTU,348,https://moovitapp.com/index/pt-br/transporte_p%C3%BAblico-line-348-Sao_Paulo-242-2038937-36419431-0,5.1,-23.577496,-46.765227499999995,,,,1,2023-06-20T02:35:03+00:00
SAO_407J-10,São Paulo,3550308,True,,34966,,,-23.55371425,-46.40418275,,,,2,2023-06-20T02:35:13+00:00
SAO_407J-10,São Paulo,3550308,True,,34966,,,-23.5385685,-46.426801,,,,2,2023-06-20T02:35:01+00:00
SAO_407J-10,São Paulo,3550308,True,,34966,,,-23.55036275,-46.533575,,,,2,2023-06-20T02:35:02+00:00
SAO_407J-10,São Paulo,3550308,True,,34966,,,-23.54203175,-46.575152,,,,2,2023-06-20T02:34:58+00:00
SAO_407J-10,São Paulo,3550308,True,,34966,,,-23.55668825,-46.47069125,,,,2,2023-06-20T02:35:21+00:00
SAO_407J-10,São Paulo,3550308,True,,34966,,,-23.545793,-46.403727,,,,2,2023-06-20T02:32:12+00:00
SAO_407J-10,São Paulo,3550308,True,,34966,,,-23.541229,-46.5766665,,,,2,2023-06-20T02:35:34+00:00
SAO_407J-10,São Paulo,3550308,True,,34966,,,-23.5538775,-46.403907,,,,2,2023-06-20T02:34:56+00:00
SAO_407J-10,São Paulo,3550308,True,,34966,,,-23.5692205,-46.508645,,,,2,2023-06-20T02:35:26+00:00
SAO_407J-10,São Paulo,3550308,True,,34966,,,-23.541694999999997,-46.42543575,,,,2,2023-06-20T02:34:54+00:00
SAO_407J-10,São Paulo,3550308,True,,34966,,,-23.5538775,-46.403907,,,,2,2023-06-20T02:31:17+00:00
SAO_407G-10,São Paulo,3550308,True,,34964,,,-23.61114025,-46.43407825,,,,2,2023-06-20T02:35:15+00:00
SAO_407G-10,São Paulo,3550308,True,,34964,,,-23.6133775,-46.4556445,,,,2,2023-06-20T02:35:22+00:00
SAO_407G-10,São Paulo,3550308,True,,34964,,,-23.61138675,-46.43386674999999,,,,2,2023-06-20T02:29:37+00:00
SAO_407G-10,São Paulo,3550308,True,,34964,,,-23.554928374999996,-46.517663125,,,,2,2023-06-20T02:35:32+00:00
SAO_407G-10,São Paulo,3550308,True,,34964,,,-23.5693615,-46.5046985,,,,2,2023-06-20T02:35:03+00:00
SAO_407G-10,São Paulo,3550308,True,,34964,,,-23.61138675,-46.43386674999999,,,,2,2023-06-20T02:35:29+00:00
SAO_407G-10,São Paulo,3550308,True,,34964,,,-23.60958175,-46.477186,,,,2,2023-06-20T02:35:34+00:00
SAO_407G-10,São Paulo,3550308,True,,34964,,,-23.61278575,-46.455194375000005,,,,2,2023-06-20T02:34:57+00:00
SAO_407G-10,São Paulo,3550308,True,,34964,,,-23.610221000000003,-46.476755125,,,,2,2023-06-20T02:35:18+00:00
SAO_407G-10,São Paulo,3550308,True,,34964,,,-23.53755,-46.56081125,,,,2,2023-06-20T02:35:24+00:00
SAO_407G-10,São Paulo,3550308,True,,34964,,,-23.6084665,-46.4349565,,,,2,2023-06-20T02:33:15+00:00
SAO_407G-10,São Paulo,3550308,True,,34964,,,-23.6223965,-46.462127499999994,,,,2,2023-06-20T02:34:54+00:00
SAO_407G-10,São Paulo,3550308,True,,34964,,,-23.60778075,-46.435561,,,,2,2023-06-20T02:35:21+00:00
SAO_5611-10,São Paulo,3550308,True,,33366,,,-23.6930505,-46.6653785,,,,2,2023-06-20T02:32:54+00:00
SAO_5611-10,São Paulo,3550308,True,,33366,,,-23.715794,-46.624167,,,,2,2023-06-20T02:35:33+00:00
SAO_5611-10,São Paulo,3550308,True,,33366,,,-23.715554750000003,-46.62655675,,,,2,2023-06-20T02:35:13+00:00
SAO_5611-10,São Paulo,3550308,True,,33366,,,-23.7160135,-46.624853,,,,2,2023-06-20T02:34:58+00:00
SAO_5611-10,São Paulo,3550308,True,,33366,,,-23.6035215,-46.65165450000001,,,,2,2023-06-20T02:34:54+00:00
SAO_5611-10,São Paulo,3550308,True,,33366,,,-23.553734499999997,-46.635650999999996,,,,2,2023-06-20T02:35:11+00:00
SAO_5611-10,São Paulo,3550308,True,,33366,,,-23.677691000000003,-46.685349,,,,2,2023-06-20T02:34:55+00:00
SAO_5611-10,São Paulo,3550308,True,,33366,,,-23.7160135,-46.624853,,,,2,2023-06-20T02:35:27+00:00
SAO_3902-10,São Paulo,3550308,True,,1470,,,-23.50329075,-46.382286,,,,1,2023-06-20T02:35:32+00:00
SAO_3902-10,São Paulo,3550308,True,,1470,,,-23.513642249999997,-46.411508125,,,,1,2023-06-20T02:35:05+00:00
SAO_5038-10,São Paulo,3550308,True,,34429,,,-23.652486500000002,-46.601986999999994,,,,2,2023-06-20T02:35:18+00:00
SAO_5038-10,São Paulo,3550308,True,,34429,,,-23.6540695,-46.6020625,,,,2,2023-06-20T02:34:56+00:00
SAO_5038-10,São Paulo,3550308,True,,34429,,,-23.6473205,-46.60853725,,,,2,2023-06-20T02:34:58+00:00
SAO_5038-10,São Paulo,3550308,True,,34429,,,-23.650012,-46.6139055,,,,2,2023-06-20T02:35:34+00:00
SAO_5038-10,São Paulo,3550308,True,,34429,,,-23.623129749999997,-46.60181925,,,,2,2023-06-20T02:35:22+00:00
SAO_5038-10,São Paulo,3550308,True,,34429,,,-23.655145500000003,-46.608768999999995,,,,2,2023-06-20T02:35:09+00:00
SAO_172P-10,São Paulo,3550308,True,,33626,,,-23.441767,-46.589588000000006,,,,2,2023-06-20T02:35:12+00:00
SAO_172P-10,São Paulo,3550308,True,,33626,,,-23.438671999999997,-46.5850155,,,,2,2023-06-20T02:35:02+00:00
SAO_172P-10,São Paulo,3550308,True,,33626,,,-23.478983,-46.5780245,,,,2,2023-06-20T02:34:36+00:00
SAO_172P-10,São Paulo,3550308,True,,33626,,,-23.538322625,-46.59894625,,,,2,2023-06-20T02:35:23+00:00
SAO_172P-10,São Paulo,3550308,True,,33626,,,-23.441767,-46.589588000000006,,,,2,2023-06-20T02:33:21+00:00
SAO_172P-10,São Paulo,3550308,True,,33626,,,-23.43757025,-46.56626125,,,,2,2023-06-20T02:34:01+00:00
SAO_172P-10,São Paulo,3550308,True,,33626,,,-23.438252,-46.566261,,,,2,2023-06-20T02:22:10+00:00
SAO_172P-10,São Paulo,3550308,True,,33626,,,-23.441778,-46.589405,,,,2,2023-06-20T02:35:06+00:00
SAO_172P-10,São Paulo,3550308,True,,33626,,,-23.460579,-46.5856405,,,,2,2023-06-20T02:35:21+00:00
SAO_172P-10,São Paulo,3550308,True,,33626,,,-23.438622000000002,-46.582789500000004,,,,2,2023-06-20T02:33:56+00:00
SAO_172P-10,São Paulo,3550308,True,,33626,,,-23.469840749999996,-46.57389675,,,,2,2023-06-20T02:35:30+00:00
SAO_172P-10,São Paulo,3550308,True,,33626,,,-23.49820075,-46.5949005,,,,2,2023-06-20T02:35:04+00:00
SAO_172P-10,São Paulo,3550308,True,,33626,,,-23.4378765,-46.5662585,,,,2,2023-06-20T02:35:18+00:00
SAO_978A-10,São Paulo,3550308,True,,1369,,,-23.4756295,-46.6704885,,,,1,2023-06-20T02:35:18+00:00
SAO_978A-10,São Paulo,3550308,True,,1369,,,-23.5024575,-46.68765775,,,,1,2023-06-20T02:34:33+00:00
SAO_978A-10,São Paulo,3550308,True,,1369,,,-23.4756295,-46.6704885,,,,1,2023-06-20T02:35:27+00:00
SAO_978A-10,São Paulo,3550308,True,,1369,,,-23.4756295,-46.6704885,,,,1,2023-06-20T02:35:32+00:00
SAO_978A-10,São Paulo,3550308,True,,1369,,,-23.4756295,-46.6704885,,,,1,2023-06-20T02:35:17+00:00
SAO_978A-10,São Paulo,3550308,True,,1369,,,-23.4756295,-46.6704885,,,,1,2023-06-20T02:35:15+00:00
SAO_7272-10,São Paulo,3550308,True,,1333,,,-23.547867,-46.64265949999999,,,,1,2023-06-20T02:35:08+00:00
SAO_7272-10,São Paulo,3550308,True,,1333,,,-23.5461295,-46.691137,,,,1,2023-06-20T02:35:01+00:00
SAO_7272-10,São Paulo,3550308,True,,1333,,,-23.5183185,-46.706914499999996,,,,1,2023-06-20T02:34:50+00:00
SAO_1017-10,São Paulo,3550308,True,,2141,,,-23.483679000000002,-46.711949000000004,,,,1,2023-06-20T02:29:39+00:00
SAO_1017-10,São Paulo,3550308,True,,2141,,,-23.4850255,-46.709775,,,,1,2023-06-20T02:35:33+00:00
SAO_1017-10,São Paulo,3550308,True,,2141,,,-23.451282,-46.713898,,,,1,2023-06-20T02:35:18+00:00
SAO_1017-10,São Paulo,3550308,True,,2141,,,-23.426400375,-46.724796125,,,,1,2023-06-20T02:35:25+00:00
SAO_1017-10,São Paulo,3550308,True,,2141,,,-23.463980624999998,-46.7142175,,,,1,2023-06-20T02:35:06+00:00
SAO_1017-10,São Paulo,3550308,True,,2141,,,-23.406710750000002,-46.756283249999996,,,,1,2023-06-20T02:35:09+00:00
SAO_3728-10,São Paulo,3550308,True,,1025,,,-23.5510705,-46.489706,,,,1,2023-06-20T02:35:11+00:00
SAO_3728-10,São Paulo,3550308,True,,1025,,,-23.5420065,-46.483900500000004,,,,1,2023-06-20T02:35:32+00:00
SAO_3728-10,São Paulo,3550308,True,,1025,,,-23.548005125000003,-46.486399500000005,,,,1,2023-06-20T02:35:00+00:00
SAO_3728-10,São Paulo,3550308,True,,1025,,,-23.54353575,-46.48761725,,,,1,2023-06-20T02:35:13+00:00
SAO_3728-10,São Paulo,3550308,True,,1025,,,-23.5420065,-46.483900500000004,,,,1,2023-06-20T02:35:21+00:00
SAO_3728-10,São Paulo,3550308,True,,1025,,,-23.5420065,-46.483900500000004,,,,1,2023-06-20T02:35:22+00:00
SAO_8003-10,São Paulo,3550308,True,,34021,,,-23.5200685,-46.700133,,,,2,2023-06-20T02:35:34+00:00
SAO_8003-10,São Paulo,3550308,True,,34021,,,-23.5120405,-46.756833,,,,2,2023-06-20T02:35:33+00:00
SAO_8003-10,São Paulo,3550308,True,,34021,,,-23.5167285,-46.74316475,,,,2,2023-06-20T02:35:11+00:00
SAO_4093-10,São Paulo,3550308,True,,2448,,,-23.588952,-46.395677,,,,1,2023-06-20T02:35:30+00:00
SAO_4093-10,São Paulo,3550308,True,,2448,,,-23.588952,-46.395677,,,,1,2023-06-20T02:35:21+00:00
SAO_4093-10,São Paulo,3550308,True,,2448,,,-23.58308,-46.408871000000005,,,,1,2023-06-20T02:34:45+00:00
SAO_4093-10,São Paulo,3550308,True,,2448,,,-23.588952,-46.395677,,,,1,2023-06-20T02:35:24+00:00
SAO_4093-10,São Paulo,3550308,True,,2448,,,-23.588952,-46.395677,,,,1,2023-06-20T02:35:32+00:00
SAO_4093-10,São Paulo,3550308,True,,2448,,,-23.588952,-46.395677,,,,1,2023-06-20T02:34:58+00:00
SAO_4093-10,São Paulo,3550308,True,,2448,,,-23.590569,-46.404287499999995,,,,1,2023-06-20T02:35:19+00:00
SAO_4093-10,São Paulo,3550308,True,,2448,,,-23.59131525,-46.398150375,,,,1,2023-06-20T02:33:36+00:00
SAO_4093-10,São Paulo,3550308,True,,2448,,,-23.588952,-46.395677,,,,1,2023-06-20T02:35:21+00:00
SAO_211L-10,São Paulo,3550308,True,,35033,,,-23.4946615,-46.677546,,,,2,2023-06-20T02:34:58+00:00
SAO_211L-10,São Paulo,3550308,True,,35033,,,-23.4826065,-46.6307425,,,,2,2023-06-20T02:35:32+00:00
SAO_211L-10,São Paulo,3550308,True,,35033,,,-23.470462249999997,-46.649587499999996,,,,2,2023-06-20T02:35:34+00:00
SAO_2019-10,São Paulo,3550308,True,,905,,,-23.524735999999997,-46.545161,,,,1,2023-06-20T02:35:02+00:00
SAO_2019-10,São Paulo,3550308,True,,905,,,-23.529183500000002,-46.478623999999996,,,,1,2023-06-20T02:35:34+00:00
SAO_2019-10,São Paulo,3550308,True,,905,,,-23.532061499999998,-46.486053999999996,,,,1,2023-06-20T02:35:11+00:00
SAO_2019-10,São Paulo,3550308,True,,905,,,-23.524853999999998,-46.5444235,,,,1,2023-06-20T02:35:30+00:00
SAO_7002-10,São Paulo,3550308,True,,772,,,-23.586580750000003,-46.752233000000004,,,,1,2023-06-20T02:35:20+00:00
SAO_7002-10,São Paulo,3550308,True,,772,,,-23.5900615,-46.770019500000004,,,,1,2023-06-20T02:35:25+00:00
SAO_7002-10,São Paulo,3550308,True,,772,,,-23.5715885,-46.7076625,,,,1,2023-06-20T02:35:25+00:00
SAO_9162-10,São Paulo,3550308,True,,34133,,,-23.4730105,-46.6833625,,,,2,2023-06-20T02:35:32+00:00
SAO_9162-10,São Paulo,3550308,True,,34133,,,-23.48547925,-46.66465175,,,,2,2023-06-20T02:34:54+00:00
SAO_609F-10,São Paulo,3550308,True,BR7 Mobilidade,37,https://moovitapp.com/index/pt-br/transporte_p%C3%BAblico-line-37-Sao_Paulo-242-851856-596010-0,5.75,-23.633270625,-46.716722937499995,,,,1,2023-06-20T02:35:30+00:00
SAO_609F-10,São Paulo,3550308,True,BR7 Mobilidade,37,https://moovitapp.com/index/pt-br/transporte_p%C3%BAblico-line-37-Sao_Paulo-242-851856-596010-0,5.75,-23.6680755,-46.748797,,,,1,2023-06-20T02:35:29+00:00
SAO_609F-10,São Paulo,3550308,True,BR7 Mobilidade,37,https://moovitapp.com/index/pt-br/transporte_p%C3%BAblico-line-37-Sao_Paulo-242-851856-596010-0,5.75,-23.665397875000004,-46.7531855,,,,1,2023-06-20T02:35:32+00:00
SAO_609F-10,São Paulo,3550308,True,BR7 Mobilidade,37,https://moovitapp.com/index/pt-br/transporte_p%C3%BAblico-line-37-Sao_Paulo-242-851856-596010-0,5.75,-23.577116,-46.6717145,,,,1,2023-06-20T02:35:22+00:00
SAO_609F-10,São Paulo,3550308,True,BR7 Mobilidade,37,https://moovitapp.com/index/pt-br/transporte_p%C3%BAblico-line-37-Sao_Paulo-242-851856-596010-0,5.75,-23.6680755,-46.748797,,,,1,2023-06-20T02:34:31+00:00
SAO_609F-10,São Paulo,3550308,True,BR7 Mobilidade,37,https://moovitapp.com/index/pt-br/transporte_p%C3%BAblico-line-37-Sao_Paulo-242-851856-596010-0,5.75,-23.6680755,-46.748797,,,,1,2023-06-20T02:35:31+00:00
SAO_609F-10,São Paulo,3550308,True,BR7 Mobilidade,37,https://moovitapp.com/index/pt-br/transporte_p%C3%BAblico-line-37-Sao_Paulo-242-851856-596010-0,5.75,-23.6680755,-46.748797,,,,1,2023-06-20T02:35:21+00:00
SAO_609F-10,São Paulo,3550308,True,BR7 Mobilidade,37,https://moovitapp.com/index/pt-br/transporte_p%C3%BAblico-line-37-Sao_Paulo-242-851856-596010-0,5.75,-23.6674875,-46.7527445,,,,1,2023-06-20T02:32:24+00:00
SAO_609F-10,São Paulo,3550308,True,BR7 Mobilidade,37,https://moovitapp.com/index/pt-br/transporte_p%C3%BAblico-line-37-Sao_Paulo-242-851856-596010-0,5.75,-23.5418015,-46.64132525,,,,1,2023-06-20T02:35:21+00:00
SAO_8528-10,São Paulo,3550308,True,,575,,,-23.4574735,-46.697339,,,,1,2023-06-20T02:35:33+00:00
SAO_8528-10,São Paulo,3550308,True,,575,,,-23.510519,-46.6900665,,,,1,2023-06-20T02:35:15+00:00
SAO_8528-10,São Paulo,3550308,True,,575,,,-23.5391215,-46.64618,,,,1,2023-06-20T02:35:10+00:00
SAO_8528-10,São Paulo,3550308,True,,575,,,-23.520283375,-46.673849000000004,,,,1,2023-06-20T02:35:26+00:00
SAO_8528-10,São Paulo,3550308,True,,575,,,-23.461451,-46.689819,,,,1,2023-06-20T02:35:26+00:00
SAO_8528-10,São Paulo,3550308,True,,575,,,-23.461451,-46.689819,,,,1,2023-06-20T02:35:05+00:00
SAO_2080-10,São Paulo,3550308,True,,33139,,,-23.5147085,-46.5294445,,,,2,2023-06-20T02:35:27+00:00
SAO_2080-10,São Paulo,3550308,True,,33139,,,-23.505834,-46.4755505,,,,2,2023-06-20T02:34:51+00:00
SAO_2080-10,São Paulo,3550308,True,,33139,,,-23.510135124999998,-46.366632749999994,,,,2,2023-06-20T02:35:17+00:00
SAO_2080-10,São Paulo,3550308,True,,33139,,,-23.510763,-46.50323,,,,2,2023-06-20T02:34:02+00:00
SAO_2080-10,São Paulo,3550308,True,,33139,,,-23.510135124999998,-46.366632749999994,,,,2,2023-06-20T02:35:20+00:00
SAO_2080-10,São Paulo,3550308,True,,33139,,,-23.5037275,-46.366858750000006,,,,2,2023-06-20T02:34:51+00:00
SAO_2080-10,São Paulo,3550308,True,,33139,,,-23.501222,-46.36809375,,,,2,2023-06-20T02:35:01+00:00
SAO_2080-10,São Paulo,3550308,True,,33139,,,-23.494052500000002,-46.419838999999996,,,,2,2023-06-20T02:35:32+00:00
SAO_2080-10,São Paulo,3550308,True,,33139,,,-23.510658,-46.366768,,,,2,2023-06-20T02:35:07+00:00
SAO_5011-10,São Paulo,3550308,True,,33883,,,-23.6901285,-46.678566,,,,2,2023-06-20T02:35:23+00:00
SAO_5011-10,São Paulo,3550308,True,,33883,,,-23.7102955,-46.6205395,,,,2,2023-06-20T02:34:53+00:00
SAO_5011-10,São Paulo,3550308,True,,33883,,,-23.696801999999998,-46.649527,,,,2,2023-06-20T02:35:12+00:00
SAO_5011-10,São Paulo,3550308,True,,33883,,,-23.7103285,-46.62034,,,,2,2023-06-20T02:35:04+00:00
SAO_5011-10,São Paulo,3550308,True,,33883,,,-23.658801250000003,-46.701466499999995,,,,2,2023-06-20T02:35:17+00:00
SAO_5011-10,São Paulo,3550308,True,,33883,,,-23.71744,-46.625233,,,,2,2023-06-20T02:34:59+00:00
SAO_5011-10,São Paulo,3550308,True,,33883,,,-23.6929245,-46.659800000000004,,,,2,2023-06-20T02:34:57+00:00
SAO_5011-10,São Paulo,3550308,True,,33883,,,-23.7103285,-46.62034,,,,2,2023-06-20T02:35:05+00:00
SAO_5011-10,São Paulo,3550308,True,,33883,,,-23.6535095,-46.703309000000004,,,,2,2023-06-20T02:35:03+00:00
SAO_5011-10,São Paulo,3550308,True,,33883,,,-23.706204,-46.641568,,,,2,2023-06-20T02:35:03+00:00
SAO_5011-10,São Paulo,3550308,True,,33883,,,-23.6798045,-46.6844555,,,,2,2023-06-20T02:35:09+00:00
SAO_1024-10,São Paulo,3550308,True,,35070,,,-23.4621605,-46.7010785,,,,2,2023-06-20T02:35:21+00:00
SAO_1024-10,São Paulo,3550308,True,,35070,,,-23.4609315,-46.7087415,,,,2,2023-06-20T02:35:35+00:00
SAO_1024-10,São Paulo,3550308,True,,35070,,,-23.48904,-46.698121,,,,2,2023-06-20T02:35:08+00:00
SAO_1024-10,São Paulo,3550308,True,,35070,,,-23.4611935,-46.70918,,,,2,2023-06-20T02:35:21+00:00
SAO_1024-10,São Paulo,3550308,True,,35070,,,-23.4611935,-46.70918,,,,2,2023-06-20T02:35:28+00:00
SAO_1024-10,São Paulo,3550308,True,,35070,,,-23.469324,-46.697818999999996,,,,2,2023-06-20T02:35:17+00:00
SAO_1024-10,São Paulo,3550308,True,,35070,,,-23.460870999999997,-46.708670999999995,,,,2,2023-06-20T02:35:00+00:00
SAO_1024-10,São Paulo,3550308,True,,35070,,,-23.457451,-46.703696,,,,2,2023-06-20T02:35:09+00:00
SAO_1024-10,São Paulo,3550308,True,,35070,,,-23.461024000000002,-46.708865,,,,2,2023-06-20T02:35:17+00:00
SAO_1024-10,São Paulo,3550308,True,,35070,,,-23.4611935,-46.70918,,,,2,2023-06-20T02:35:01+00:00
SAO_407Y-10,São Paulo,3550308,True,,2206,,,-23.57309875,-46.534003,,,,1,2023-06-20T02:34:57+00:00
SAO_407Y-10,São Paulo,3550308,True,,2206,,,-23.5703855,-46.489906500000004,,,,1,2023-06-20T02:34:52+00:00
SAO_407Y-10,São Paulo,3550308,True,,2206,,,-23.57472225,-46.571041,,,,1,2023-06-20T02:35:03+00:00
SAO_2722-10,São Paulo,3550308,True,,33703,,,-23.4927115,-46.494384249999996,,,,2,2023-06-20T02:34:35+00:00
SAO_2722-10,São Paulo,3550308,True,,33703,,,-23.4902355,-46.49016675,,,,2,2023-06-20T02:35:10+00:00
SAO_2722-10,São Paulo,3550308,True,,33703,,,-23.492462,-46.4934965,,,,2,2023-06-20T02:35:18+00:00
SAO_2722-10,São Paulo,3550308,True,,33703,,,-23.510711,-46.4993885,,,,2,2023-06-20T02:34:44+00:00
SAO_2722-10,São Paulo,3550308,True,,33703,,,-23.525985,-46.513324,,,,2,2023-06-20T02:35:08+00:00
SAO_7012-10,São Paulo,3550308,True,,34811,,,-23.7101355,-46.77553675,,,,2,2023-06-20T02:35:20+00:00
SAO_7012-10,São Paulo,3550308,True,,34811,,,-23.714857000000002,-46.771862,,,,2,2023-06-20T02:35:37+00:00
SAO_7012-10,São Paulo,3550308,True,,34811,,,-23.7106145,-46.776089,,,,2,2023-06-20T02:34:53+00:00
SAO_7012-10,São Paulo,3550308,True,,34811,,,-23.692511000000003,-46.7778525,,,,2,2023-06-20T02:34:53+00:00
SAO_7012-10,São Paulo,3550308,True,,34811,,,-23.710337000000003,-46.776861249999996,,,,2,2023-06-20T02:35:28+00:00
SAO_971R-10,São Paulo,3550308,True,,33382,,,-23.4802985,-46.656429,,,,2,2023-06-20T02:35:14+00:00
SAO_971R-10,São Paulo,3550308,True,,33382,,,-23.440039499999997,-46.7083255,,,,2,2023-06-20T02:34:51+00:00
SAO_971R-10,São Paulo,3550308,True,,33382,,,-23.453908499999997,-46.7375045,,,,2,2023-06-20T02:35:01+00:00
SAO_971R-10,São Paulo,3550308,True,,33382,,,-23.497806375,-46.63641375,,,,2,2023-06-20T02:35:06+00:00
SAO_971R-10,São Paulo,3550308,True,,33382,,,-23.444248,-46.735605,,,,2,2023-06-20T02:35:14+00:00
SAO_971R-10,São Paulo,3550308,True,,33382,,,-23.466138,-46.6792575,,,,2,2023-06-20T02:35:33+00:00
SAO_971R-10,São Paulo,3550308,True,,33382,,,-23.454124,-46.7375855,,,,2,2023-06-20T02:35:00+00:00
SAO_971R-10,São Paulo,3550308,True,,33382,,,-23.43420675,-46.719553499999996,,,,2,2023-06-20T02:35:09+00:00
SAO_971R-10,São Paulo,3550308,True,,33382,,,-23.4407675,-46.708209,,,,2,2023-06-20T02:35:21+00:00
SAO_971R-10,São Paulo,3550308,True,,33382,,,-23.453908499999997,-46.7375045,,,,2,2023-06-20T02:35:08+00:00
SAO_971R-10,São Paulo,3550308,True,,33382,,,-23.4537555,-46.737453,,,,2,2023-06-20T02:35:04+00:00
SAO_971R-10,São Paulo,3550308,True,,33382,,,-23.497191875000002,-46.63643275,,,,2,2023-06-20T02:35:27+00:00
SAO_971R-10,São Paulo,3550308,True,,33382,,,-23.459944999999998,-46.6848585,,,,2,2023-06-20T02:35:19+00:00
SAO_527R-10,São Paulo,3550308,True,,33039,,,-23.67065875,-46.65754475,,,,2,2023-06-20T02:34:54+00:00
SAO_527R-10,São Paulo,3550308,True,,33039,,,-23.673527,-46.677679999999995,,,,2,2023-06-20T02:35:29+00:00
SAO_527R-10,São Paulo,3550308,True,,33039,,,-23.651000874999998,-46.704787875,,,,2,2023-06-20T02:34:55+00:00
SAO_527R-10,São Paulo,3550308,True,,33039,,,-23.6667235,-46.6677805,,,,2,2023-06-20T02:35:05+00:00
SAO_3002-10,São Paulo,3550308,True,,1808,,,-23.496955,-46.437329,,,,1,2023-06-20T02:35:32+00:00
SAO_3002-10,São Paulo,3550308,True,,1808,,,-23.496925,-46.437104,,,,1,2023-06-20T02:32:55+00:00
SAO_3002-10,São Paulo,3550308,True,,1808,,,-23.510468,-46.378808,,,,1,2023-06-20T02:35:07+00:00
SAO_3002-10,São Paulo,3550308,True,,1808,,,-23.510468,-46.378808,,,,1,2023-06-20T02:35:16+00:00
SAO_3002-10,São Paulo,3550308,True,,1808,,,-23.510468,-46.378808,,,,1,2023-06-20T02:35:01+00:00
SAO_3002-10,São Paulo,3550308,True,,1808,,,-23.506883124999998,-46.388003499999996,,,,1,2023-06-20T02:34:56+00:00
SAO_3002-10,São Paulo,3550308,True,,1808,,,-23.507979499999998,-46.380242749999994,,,,1,2023-06-20T02:35:01+00:00
SAO_2735-10,São Paulo,3550308,True,,1921,,,-23.4812760625,-46.502689000000004,,,,1,2023-06-20T02:35:09+00:00
SAO_2735-10,São Paulo,3550308,True,,1921,,,-23.487930249999998,-46.507427375000006,,,,1,2023-06-20T02:34:52+00:00
SAO_2735-10,São Paulo,3550308,True,,1921,,,-23.480578,-46.494646,,,,1,2023-06-20T02:35:13+00:00
SAO_2735-10,São Paulo,3550308,True,,1921,,,-23.519504375,-46.549013375,,,,1,2023-06-20T02:35:26+00:00
SAO_2735-10,São Paulo,3550308,True,,1921,,,-23.532948250000004,-46.54415025,,,,1,2023-06-20T02:35:30+00:00
SAO_1757-10,São Paulo,3550308,True,,33316,,,-23.471206000000002,-46.6367925,,,,2,2023-06-20T02:35:25+00:00
SAO_1757-10,São Paulo,3550308,True,,33316,,,-23.471317499999998,-46.6368435,,,,2,2023-06-20T02:35:10+00:00
SAO_1757-10,São Paulo,3550308,True,,33316,,,-23.500336,-46.624546,,,,2,2023-06-20T02:35:33+00:00
SAO_8700-1,São Paulo,3550308,True,,35276,,,-23.631026499999997,-46.773642,,,,2,2023-06-20T02:35:15+00:00
SAO_8700-1,São Paulo,3550308,True,,35276,,,-23.630906,-46.770934,,,,2,2023-06-20T02:35:32+00:00
SAO_8700-1,São Paulo,3550308,True,,35276,,,-23.566196500000004,-46.681737999999996,,,,2,2023-06-20T02:35:19+00:00
SAO_8700-1,São Paulo,3550308,True,,35276,,,-23.631026499999997,-46.773642,,,,2,2023-06-20T02:35:28+00:00
SAO_8700-1,São Paulo,3550308,True,,35276,,,-23.588607500000002,-46.728136000000006,,,,2,2023-06-20T02:35:24+00:00
SAO_8700-1,São Paulo,3550308,True,,35276,,,-23.631587000000003,-46.771556000000004,,,,2,2023-06-20T02:35:23+00:00
SAO_8700-1,São Paulo,3550308,True,,35276,,,-23.63142725,-46.77140775,,,,2,2023-06-20T02:35:34+00:00
SAO_2772-10,São Paulo,3550308,True,,33166,,,-23.497737875,-46.413543625,,,,2,2023-06-20T02:35:08+00:00
SAO_2772-10,São Paulo,3550308,True,,33166,,,-23.51262775,-46.515058749999994,,,,2,2023-06-20T02:35:29+00:00
SAO_2772-10,São Paulo,3550308,True,,33166,,,-23.523087,-46.410531500000005,,,,2,2023-06-20T02:35:10+00:00
SAO_2772-10,São Paulo,3550308,True,,33166,,,-23.523301,-46.4105365,,,,2,2023-06-20T02:35:05+00:00
SAO_2772-10,São Paulo,3550308,True,,33166,,,-23.49970675,-46.468605749999995,,,,2,2023-06-20T02:35:23+00:00
SAO_2772-10,São Paulo,3550308,True,,33166,,,-23.51674175,-46.4024815,,,,2,2023-06-20T02:35:09+00:00
SAO_524L-10,São Paulo,3550308,True,,1715,,,-23.557810000000003,-46.559629,,,,1,2023-06-20T02:35:18+00:00
SAO_524L-10,São Paulo,3550308,True,,1715,,,-23.597894625000002,-46.54044925,,,,1,2023-06-20T02:35:19+00:00
SAO_524L-10,São Paulo,3550308,True,,1715,,,-23.54147175,-46.573660249999996,,,,1,2023-06-20T02:35:10+00:00
SAO_524L-10,São Paulo,3550308,True,,1715,,,-23.5997165,-46.537619,,,,1,2023-06-20T02:35:36+00:00
SAO_2079-10,São Paulo,3550308,True,,33138,,,-23.516789,-46.3843955,,,,2,2023-06-20T02:35:10+00:00
SAO_2079-10,São Paulo,3550308,True,,33138,,,-23.516789,-46.3843955,,,,2,2023-06-20T02:35:20+00:00
SAO_2079-10,São Paulo,3550308,True,,33138,,,-23.50911,-46.385723999999996,,,,2,2023-06-20T02:35:10+00:00
SAO_2079-10,São Paulo,3550308,True,,33138,,,-23.494310499999997,-46.402223,,,,2,2023-06-20T02:35:28+00:00
SAO_342M-10,São Paulo,3550308,True,,747,,,-23.532387,-46.55421,,,,1,2023-06-20T02:35:37+00:00
SAO_342M-10,São Paulo,3550308,True,,747,,,-23.537743499999998,-46.5559545,,,,1,2023-06-20T02:35:04+00:00
SAO_342M-10,São Paulo,3550308,True,,747,,,-23.5670195,-46.5109545,,,,1,2023-06-20T02:35:20+00:00
SAO_342M-10,São Paulo,3550308,True,,747,,,-23.611769000000002,-46.475005499999995,,,,1,2023-06-20T02:35:32+00:00
SAO_342M-10,São Paulo,3550308,True,,747,,,-23.54956025,-46.53534875,,,,1,2023-06-20T02:35:10+00:00
SAO_342M-10,São Paulo,3550308,True,,747,,,-23.531038000000002,-46.557862,,,,1,2023-06-20T02:35:20+00:00
SAO_342M-10,São Paulo,3550308,True,,747,,,-23.596332500000003,-46.487379625,,,,1,2023-06-20T02:35:10+00:00
SAO_342M-10,São Paulo,3550308,True,,747,,,-23.553631250000002,-46.527705749999996,,,,1,2023-06-20T02:35:29+00:00
SAO_342M-10,São Paulo,3550308,True,,747,,,-23.53197275,-46.5546685,,,,1,2023-06-20T02:35:19+00:00
SAO_342M-10,São Paulo,3550308,True,,747,,,-23.582088499999998,-46.4975085,,,,1,2023-06-20T02:35:24+00:00
SAO_342M-10,São Paulo,3550308,True,,747,,,-23.5491895,-46.536172,,,,1,2023-06-20T02:35:04+00:00
SAO_573T-10,São Paulo,3550308,True,,1632,,,-23.545896,-46.543540500000006,,,,1,2023-06-20T02:35:09+00:00
SAO_573T-10,São Paulo,3550308,True,,1632,,,-23.54236225,-46.560599375,,,,1,2023-06-20T02:35:23+00:00
SAO_573T-10,São Paulo,3550308,True,,1632,,,-23.584158000000002,-46.4921515,,,,1,2023-06-20T02:35:31+00:00
SAO_573T-10,São Paulo,3550308,True,,1632,,,-23.61224325,-46.49385275,,,,1,2023-06-20T02:35:00+00:00
SAO_573T-10,São Paulo,3550308,True,,1632,,,-23.5543375,-46.52709175,,,,1,2023-06-20T02:35:06+00:00
SAO_573T-10,São Paulo,3550308,True,,1632,,,-23.614199499999998,-46.5007885,,,,1,2023-06-20T02:35:14+00:00
SAO_573T-10,São Paulo,3550308,True,,1632,,,-23.6015575,-46.4923785,,,,1,2023-06-20T02:35:13+00:00
SAO_8073-10,São Paulo,3550308,True,,34849,,,-23.599168,-46.766690999999994,,,,2,2023-06-20T02:35:14+00:00
SAO_8073-10,São Paulo,3550308,True,,34849,,,-23.599168,-46.766690999999994,,,,2,2023-06-20T02:35:34+00:00
SAO_8073-10,São Paulo,3550308,True,,34849,,,-23.589886,-46.737159500000004,,,,2,2023-06-20T02:35:07+00:00
SAO_8073-10,São Paulo,3550308,True,,34849,,,-23.599168,-46.766690999999994,,,,2,2023-06-20T02:35:12+00:00
SAO_8073-10,São Paulo,3550308,True,,34849,,,-23.599168,-46.766690999999994,,,,2,2023-06-20T02:35:10+00:00
SAO_374M-10,São Paulo,3550308,True,,34733,,,-23.5126095,-46.5027575,,,,2,2023-06-20T02:35:15+00:00
SAO_374M-10,São Paulo,3550308,True,,34733,,,-23.48555,-46.48161125,,,,2,2023-06-20T02:30:57+00:00
SAO_128Y-10,São Paulo,3550308,True,,33611,,,-23.5200275,-46.700918,,,,2,2023-06-20T02:35:07+00:00
SAO_128Y-10,São Paulo,3550308,True,,33611,,,-23.457446,-46.673119,,,,2,2023-06-20T02:35:24+00:00
SAO_128Y-10,São Paulo,3550308,True,,33611,,,-23.461189,-46.665811500000004,,,,2,2023-06-20T02:34:58+00:00
SAO_128Y-10,São Paulo,3550308,True,,33611,,,-23.4966235,-46.66229725,,,,2,2023-06-20T02:35:21+00:00
SAO_128Y-10,São Paulo,3550308,True,,33611,,,-23.457446,-46.673119,,,,2,2023-06-20T02:35:24+00:00
SAO_128Y-10,São Paulo,3550308,True,,33611,,,-23.457446,-46.673119,,,,2,2023-06-20T02:34:50+00:00
SAO_2733-10,São Paulo,3550308,True,,33716,,,-23.5162355,-46.4623365,,,,2,2023-06-20T02:35:31+00:00
SAO_2733-10,São Paulo,3550308,True,,33716,,,-23.518356500000003,-46.461991499999996,,,,2,2023-06-20T02:35:35+00:00
SAO_6071-10,São Paulo,3550308,True,,33924,,,-23.674567,-46.698432499999996,,,,2,2023-06-20T02:35:04+00:00
SAO_6071-10,São Paulo,3550308,True,,33924,,,-23.7189085,-46.679475,,,,2,2023-06-20T02:35:09+00:00
SAO_6071-10,São Paulo,3550308,True,,33924,,,-23.70708775,-46.68897199999999,,,,2,2023-06-20T02:34:56+00:00
SAO_6071-10,São Paulo,3550308,True,,33924,,,-23.72322,-46.6776925,,,,2,2023-06-20T02:35:01+00:00
SAO_6071-10,São Paulo,3550308,True,,33924,,,-23.701869,-46.691286,,,,2,2023-06-20T02:35:24+00:00
SAO_6071-10,São Paulo,3550308,True,,33924,,,-23.71901475,-46.67920225,,,,2,2023-06-20T02:35:27+00:00
SAO_1757-10,São Paulo,3550308,True,,548,,,-23.4665985,-46.631756499999995,,,,1,2023-06-20T02:34:53+00:00
SAO_1757-10,São Paulo,3550308,True,,548,,,-23.471618499999998,-46.6369145,,,,1,2023-06-20T02:35:02+00:00
SAO_6291-10,São Paulo,3550308,True,EMTU,358,https://moovitapp.com/index/pt-br/transporte_p%C3%BAblico-line-358-Sao_Paulo-242-2038937-36419439-0,4.8,-23.6462085,-46.7695605,,,,1,2023-06-20T02:35:25+00:00
SAO_6291-10,São Paulo,3550308,True,EMTU,358,https://moovitapp.com/index/pt-br/transporte_p%C3%BAblico-line-358-Sao_Paulo-242-2038937-36419439-0,4.8,-23.549668500000003,-46.639032,,,,1,2023-06-20T02:35:33+00:00
SAO_6291-10,São Paulo,3550308,True,EMTU,358,https://moovitapp.com/index/pt-br/transporte_p%C3%BAblico-line-358-Sao_Paulo-242-2038937-36419439-0,4.8,-23.643303500000002,-46.7766185,,,,1,2023-06-20T02:35:29+00:00
SAO_6291-10,São Paulo,3550308,True,EMTU,358,https://moovitapp.com/index/pt-br/transporte_p%C3%BAblico-line-358-Sao_Paulo-242-2038937-36419439-0,4.8,-23.58212,-46.68524725,,,,1,2023-06-20T02:35:05+00:00
SAO_6291-10,São Paulo,3550308,True,EMTU,358,https://moovitapp.com/index/pt-br/transporte_p%C3%BAblico-line-358-Sao_Paulo-242-2038937-36419439-0,4.8,-23.6346135,-46.727636000000004,,,,1,2023-06-20T02:35:31+00:00
SAO_1765-10,São Paulo,3550308,True,,1782,,,-23.466963,-46.5690415,,,,1,2023-06-20T02:35:00+00:00
SAO_1765-10,São Paulo,3550308,True,,1782,,,-23.4802815,-46.6000715,,,,1,2023-06-20T02:35:22+00:00
SAO_1765-10,São Paulo,3550308,True,,1782,,,-23.466963,-46.5690415,,,,1,2023-06-20T02:35:18+00:00
SAO_1765-10,São Paulo,3550308,True,,1782,,,-23.466963,-46.5690415,,,,1,2023-06-20T02:35:12+00:00
SAO_8100-10,São Paulo,3550308,True,,1262,,,-23.520208500000003,-46.699785000000006,,,,1,2023-06-20T02:35:28+00:00
SAO_8100-10,São Paulo,3550308,True,,1262,,,-23.4859945,-46.7259765,,,,1,2023-06-20T02:35:32+00:00
SAO_8100-10,São Paulo,3550308,True,,1262,,,-23.508826499999998,-46.7214695,,,,1,2023-06-20T02:35:28+00:00
SAO_2059-10,São Paulo,3550308,True,Cidade de Caieiras,260,https://moovitapp.com/index/pt-br/transporte_p%C3%BAblico-line-260-Sao_Paulo-242-868761-496413-0,5.0,-23.5207765,-46.419056999999995,,,,1,2023-06-20T02:35:33+00:00
SAO_2059-10,São Paulo,3550308,True,Cidade de Caieiras,260,https://moovitapp.com/index/pt-br/transporte_p%C3%BAblico-line-260-Sao_Paulo-242-868761-496413-0,5.0,-23.491375499999997,-46.443605500000004,,,,1,2023-06-20T02:35:19+00:00
SAO_2059-10,São Paulo,3550308,True,Cidade de Caieiras,260,https://moovitapp.com/index/pt-br/transporte_p%C3%BAblico-line-260-Sao_Paulo-242-868761-496413-0,5.0,-23.541742499999998,-46.415893499999996,,,,1,2023-06-20T02:35:36+00:00
SAO_5141-10,São Paulo,3550308,True,,1625,,,-23.54462075,-46.58595699999999,,,,1,2023-06-20T02:35:06+00:00
SAO_5141-10,São Paulo,3550308,True,,1625,,,-23.5389905,-46.635883,,,,1,2023-06-20T02:35:32+00:00
SAO_5141-10,São Paulo,3550308,True,,1625,,,-23.614004,-46.501168500000006,,,,1,2023-06-20T02:35:04+00:00
SAO_6451-10,São Paulo,3550308,True,,32829,,,-23.651855,-46.7581005,,,,2,2023-06-20T02:35:37+00:00
SAO_6451-10,São Paulo,3550308,True,,32829,,,-23.6542305,-46.7623055,,,,2,2023-06-20T02:35:03+00:00
SAO_6451-10,São Paulo,3550308,True,,32829,,,-23.647973,-46.7483545,,,,2,2023-06-20T02:35:30+00:00
SAO_6451-10,São Paulo,3550308,True,,32829,,,-23.654408500000002,-46.762060999999996,,,,2,2023-06-20T02:35:34+00:00
SAO_6451-10,São Paulo,3550308,True,,32829,,,-23.654501,-46.76131049999999,,,,2,2023-06-20T02:35:29+00:00
SAO_6451-10,São Paulo,3550308,True,,32829,,,-23.55936225,-46.654441,,,,2,2023-06-20T02:35:29+00:00
SAO_6451-10,São Paulo,3550308,True,,32829,,,-23.549145000000003,-46.641251499999996,,,,2,2023-06-20T02:35:16+00:00
SAO_6451-10,São Paulo,3550308,True,,32829,,,-23.654408500000002,-46.762060999999996,,,,2,2023-06-20T02:35:05+00:00
SAO_6451-10,São Paulo,3550308,True,,32829,,,-23.5996295,-46.697053499999996,,,,2,2023-06-20T02:35:13+00:00
SAO_6451-10,São Paulo,3550308,True,,32829,,,-23.643692,-46.73179450000001,,,,2,2023-06-20T02:34:59+00:00
SAO_272N-10,São Paulo,3550308,True,,33473,,,-23.511872,-46.563117500000004,,,,2,2023-06-20T02:35:32+00:00
SAO_272N-10,São Paulo,3550308,True,,33473,,,-23.529847,-46.598688499999994,,,,2,2023-06-20T02:35:09+00:00
SAO_272N-10,São Paulo,3550308,True,,33473,,,-23.511872,-46.563117500000004,,,,2,2023-06-20T02:34:55+00:00
SAO_3736-10,São Paulo,3550308,True,,33804,,,-23.5761605,-46.48341425,,,,2,2023-06-20T02:35:27+00:00
SAO_3736-10,São Paulo,3550308,True,,33804,,,-23.5758665,-46.4834185,,,,2,2023-06-20T02:35:11+00:00
SAO_3736-10,São Paulo,3550308,True,,33804,,,-23.574402,-46.4815785,,,,2,2023-06-20T02:35:28+00:00
SAO_3736-10,São Paulo,3550308,True,,33804,,,-23.54493,-46.4846535,,,,2,2023-06-20T02:35:02+00:00
SAO_3736-10,São Paulo,3550308,True,,33804,,,-23.553372500000002,-46.479776,,,,2,2023-06-20T02:33:43+00:00
SAO_3736-10,São Paulo,3550308,True,,33804,,,-23.5758665,-46.4834185,,,,2,2023-06-20T02:35:05+00:00
SAO_3736-10,São Paulo,3550308,True,,33804,,,-23.5761605,-46.48341425,,,,2,2023-06-20T02:35:18+00:00
SAO_3736-10,São Paulo,3550308,True,,33804,,,-23.576866,-46.481584749999996,,,,2,2023-06-20T02:32:04+00:00
SAO_3736-10,São Paulo,3550308,True,,33804,,,-23.559732500000003,-46.474447,,,,2,2023-06-20T02:35:07+00:00
SAO_178A-10,São Paulo,3550308,True,EMTU,558,https://moovitapp.com/index/pt-br/transporte_p%C3%BAblico-line-558-Sao_Paulo-242-2038937-36419559-0,4.4,-23.52237175,-46.69641625,,,,1,2023-06-20T02:35:26+00:00
SAO_178A-10,São Paulo,3550308,True,EMTU,558,https://moovitapp.com/index/pt-br/transporte_p%C3%BAblico-line-558-Sao_Paulo-242-2038937-36419559-0,4.4,-23.517928499999996,-46.70415774999999,,,,1,2023-06-20T02:35:34+00:00
SAO_178A-10,São Paulo,3550308,True,EMTU,558,https://moovitapp.com/index/pt-br/transporte_p%C3%BAblico-line-558-Sao_Paulo-242-2038937-36419559-0,4.4,-23.503149999999998,-46.623488,,,,1,2023-06-20T02:35:17+00:00
SAO_8544-10,São Paulo,3550308,True,,33198,,,-23.542485499999998,-46.635850500000004,,,,2,2023-06-20T02:34:54+00:00
SAO_8544-10,São Paulo,3550308,True,,33198,,,-23.542485499999998,-46.635850500000004,,,,2,2023-06-20T02:35:23+00:00
SAO_8544-10,São Paulo,3550308,True,,33198,,,-23.4474435,-46.722066999999996,,,,2,2023-06-20T02:35:28+00:00
SAO_8544-10,São Paulo,3550308,True,,33198,,,-23.538362749999997,-46.6409635,,,,2,2023-06-20T02:35:28+00:00
SAO_8004-10,São Paulo,3550308,True,,34022,,,-23.508055125000002,-46.73537475,,,,2,2023-06-20T02:35:18+00:00
SAO_8004-10,São Paulo,3550308,True,,34022,,,-23.47043,-46.752005999999994,,,,2,2023-06-20T02:34:51+00:00
SAO_8004-10,São Paulo,3550308,True,,34022,,,-23.488609500000003,-46.7559575,,,,2,2023-06-20T02:35:28+00:00
SAO_8004-10,São Paulo,3550308,True,,34022,,,-23.5197905,-46.6999755,,,,2,2023-06-20T02:35:14+00:00
SAO_8004-10,São Paulo,3550308,True,,34022,,,-23.470457,-46.751476499999995,,,,2,2023-06-20T02:35:09+00:00
SAO_8004-10,São Paulo,3550308,True,,34022,,,-23.470457,-46.751476499999995,,,,2,2023-06-20T02:34:53+00:00
SAO_3746-10,São Paulo,3550308,True,,33051,,,-23.594412499999997,-46.5029525,,,,2,2023-06-20T02:35:23+00:00
SAO_3746-10,São Paulo,3550308,True,,33051,,,-23.5870535,-46.5154945,,,,2,2023-06-20T02:34:51+00:00
SAO_3746-10,São Paulo,3550308,True,,33051,,,-23.542912,-46.588283000000004,,,,2,2023-06-20T02:35:04+00:00
SAO_3746-10,São Paulo,3550308,True,,33051,,,-23.557873125,-46.569552,,,,2,2023-06-20T02:35:37+00:00
SAO_3746-10,São Paulo,3550308,True,,33051,,,-23.594203999999998,-46.502838,,,,2,2023-06-20T02:35:24+00:00
SAO_3746-10,São Paulo,3550308,True,,33051,,,-23.5629835,-46.552329,,,,2,2023-06-20T02:35:16+00:00
SAO_3746-10,São Paulo,3550308,True,,33051,,,-23.594203999999998,-46.502838,,,,2,2023-06-20T02:35:16+00:00
SAO_917H-10,São Paulo,3550308,True,STT,456,https://moovitapp.com/index/pt-br/transporte_p%C3%BAblico-line-456-Sao_Paulo-242-850661-10416524-0,5.3,-23.486014,-46.7257505,,,,1,2023-06-20T02:35:34+00:00
SAO_917H-10,São Paulo,3550308,True,STT,456,https://moovitapp.com/index/pt-br/transporte_p%C3%BAblico-line-456-Sao_Paulo-242-850661-10416524-0,5.3,-23.486221999999998,-46.725944999999996,,,,1,2023-06-20T02:35:20+00:00
SAO_917H-10,São Paulo,3550308,True,STT,456,https://moovitapp.com/index/pt-br/transporte_p%C3%BAblico-line-456-Sao_Paulo-242-850661-10416524-0,5.3,-23.4868015,-46.726492,,,,1,2023-06-20T02:35:13+00:00
SAO_917H-10,São Paulo,3550308,True,STT,456,https://moovitapp.com/index/pt-br/transporte_p%C3%BAblico-line-456-Sao_Paulo-242-850661-10416524-0,5.3,-23.486438,-46.726151,,,,1,2023-06-20T02:35:19+00:00
SAO_917H-10,São Paulo,3550308,True,STT,456,https://moovitapp.com/index/pt-br/transporte_p%C3%BAblico-line-456-Sao_Paulo-242-850661-10416524-0,5.3,-23.540905000000002,-46.716817000000006,,,,1,2023-06-20T02:35:18+00:00
SAO_917H-10,São Paulo,3550308,True,STT,456,https://moovitapp.com/index/pt-br/transporte_p%C3%BAblico-line-456-Sao_Paulo-242-850661-10416524-0,5.3,-23.4855965,-46.725312,,,,1,2023-06-20T02:35:22+00:00
SAO_917H-10,São Paulo,3550308,True,STT,456,https://moovitapp.com/index/pt-br/transporte_p%C3%BAblico-line-456-Sao_Paulo-242-850661-10416524-0,5.3,-23.486366500000003,-46.726082,,,,1,2023-06-20T02:34:52+00:00
SAO_917H-10,São Paulo,3550308,True,STT,456,https://moovitapp.com/index/pt-br/transporte_p%C3%BAblico-line-456-Sao_Paulo-242-850661-10416524-0,5.3,-23.498545749999998,-46.747035999999994,,,,1,2023-06-20T02:35:09+00:00
SAO_917H-10,São Paulo,3550308,True,STT,456,https://moovitapp.com/index/pt-br/transporte_p%C3%BAblico-line-456-Sao_Paulo-242-850661-10416524-0,5.3,-23.52269,-46.741254,,,,1,2023-06-20T02:35:01+00:00
SAO_917H-10,São Paulo,3550308,True,STT,456,https://moovitapp.com/index/pt-br/transporte_p%C3%BAblico-line-456-Sao_Paulo-242-850661-10416524-0,5.3,-23.49089625,-46.74948725,,,,1,2023-06-20T02:35:29+00:00
SAO_917H-10,São Paulo,3550308,True,STT,456,https://moovitapp.com/index/pt-br/transporte_p%C3%BAblico-line-456-Sao_Paulo-242-850661-10416524-0,5.3,-23.541287500000003,-46.696898000000004,,,,1,2023-06-20T02:35:16+00:00
SAO_917H-10,São Paulo,3550308,True,STT,456,https://moovitapp.com/index/pt-br/transporte_p%C3%BAblico-line-456-Sao_Paulo-242-850661-10416524-0,5.3,-23.541020500000002,-46.697062,,,,1,2023-06-20T02:35:32+00:00
SAO_917H-10,São Paulo,3550308,True,STT,456,https://moovitapp.com/index/pt-br/transporte_p%C3%BAblico-line-456-Sao_Paulo-242-850661-10416524-0,5.3,-23.486366500000003,-46.726082,,,,1,2023-06-20T02:35:32+00:00
SAO_917H-10,São Paulo,3550308,True,STT,456,https://moovitapp.com/index/pt-br/transporte_p%C3%BAblico-line-456-Sao_Paulo-242-850661-10416524-0,5.3,-23.486014,-46.7257505,,,,1,2023-06-20T02:34:51+00:00
SAO_917H-10,São Paulo,3550308,True,STT,456,https://moovitapp.com/index/pt-br/transporte_p%C3%BAblico-line-456-Sao_Paulo-242-850661-10416524-0,5.3,-23.541019249999998,-46.699289750000005,,,,1,2023-06-20T02:34:32+00:00
SAO_271F-10,São Paulo,3550308,True,,33451,,,-23.518156375,-46.613121750000005,,,,2,2023-06-20T02:35:03+00:00
SAO_271F-10,São Paulo,3550308,True,,33451,,,-23.5174605,-46.6164065,,,,2,2023-06-20T02:35:35+00:00
SAO_271F-10,São Paulo,3550308,True,,33451,,,-23.517277999999997,-46.616387,,,,2,2023-06-20T02:34:59+00:00
SAO_271F-10,São Paulo,3550308,True,,33451,,,-23.5178725,-46.6163575,,,,2,2023-06-20T02:35:20+00:00
SAO_271F-10,São Paulo,3550308,True,,33451,,,-23.541424125,-46.61656825,,,,2,2023-06-20T02:35:33+00:00
SAO_807M-10,São Paulo,3550308,True,,1916,,,-23.6155355,-46.755827,,,,1,2023-06-20T02:35:35+00:00
SAO_807M-10,São Paulo,3550308,True,,1916,,,-23.6147535,-46.73227,,,,1,2023-06-20T02:35:29+00:00
SAO_807M-10,São Paulo,3550308,True,,1916,,,-23.618555999999998,-46.6992355,,,,1,2023-06-20T02:35:00+00:00
SAO_807M-10,São Paulo,3550308,True,,1916,,,-23.631579000000002,-46.772447,,,,1,2023-06-20T02:35:22+00:00
SAO_807M-10,São Paulo,3550308,True,,1916,,,-23.631579000000002,-46.772447,,,,1,2023-06-20T02:35:18+00:00
SAO_807M-10,São Paulo,3550308,True,,1916,,,-23.603157250000002,-46.71284575,,,,1,2023-06-20T02:35:15+00:00
SAO_807M-10,São Paulo,3550308,True,,1916,,,-23.618586,-46.698989,,,,1,2023-06-20T02:35:12+00:00
SAO_807M-10,São Paulo,3550308,True,,1916,,,-23.611767999999998,-46.703279,,,,1,2023-06-20T02:35:37+00:00
SAO_5142-10,São Paulo,3550308,True,,1626,,,-23.613964,-46.500782,,,,1,2023-06-20T02:35:33+00:00
SAO_5142-10,São Paulo,3550308,True,,1626,,,-23.620425,-46.50976,,,,1,2023-06-20T02:34:26+00:00
SAO_5142-10,São Paulo,3550308,True,,1626,,,-23.584342375,-46.578225375,,,,1,2023-06-20T02:35:20+00:00
SAO_5142-10,São Paulo,3550308,True,,1626,,,-23.613964,-46.500782,,,,1,2023-06-20T02:34:57+00:00
SAO_5142-10,São Paulo,3550308,True,,1626,,,-23.54620025,-46.63007,,,,1,2023-06-20T02:35:02+00:00
SAO_702U-10,São Paulo,3550308,True,,34098,,,-23.5521175,-46.7315415,,,,2,2023-06-20T02:35:33+00:00
SAO_702U-10,São Paulo,3550308,True,,34098,,,-23.555418,-46.662732500000004,,,,2,2023-06-20T02:35:27+00:00
SAO_702U-10,São Paulo,3550308,True,,34098,,,-23.5521175,-46.7315415,,,,2,2023-06-20T02:35:05+00:00
SAO_702U-10,São Paulo,3550308,True,,34098,,,-23.542086,-46.639889,,,,2,2023-06-20T02:35:34+00:00
SAO_702U-10,São Paulo,3550308,True,,34098,,,-23.5521175,-46.7315415,,,,2,2023-06-20T02:35:19+00:00
SAO_702U-10,São Paulo,3550308,True,,34098,,,-23.552259499999998,-46.731811,,,,2,2023-06-20T02:35:20+00:00
SAO_8016-10,São Paulo,3550308,True,,1346,,,-23.4441175,-46.735325,,,,1,2023-06-20T02:35:19+00:00
SAO_8016-10,São Paulo,3550308,True,,1346,,,-23.434023500000002,-46.727810500000004,,,,1,2023-06-20T02:35:36+00:00
SAO_8016-10,São Paulo,3550308,True,,1346,,,-23.485447999999998,-46.725504,,,,1,2023-06-20T02:34:56+00:00
SAO_6062-10,São Paulo,3550308,True,,1151,,,-23.7380205,-46.697914499999996,,,,1,2023-06-20T02:35:18+00:00
SAO_6062-10,São Paulo,3550308,True,,1151,,,-23.737271,-46.697250999999994,,,,1,2023-06-20T02:34:54+00:00
SAO_3459-10,São Paulo,3550308,True,,33170,,,-23.516592250000002,-46.38541575,,,,2,2023-06-20T02:35:25+00:00
SAO_3459-10,São Paulo,3550308,True,,33170,,,-23.547625500000002,-46.629791499999996,,,,2,2023-06-20T02:34:57+00:00
SAO_3459-10,São Paulo,3550308,True,,33170,,,-23.533472,-46.54021675,,,,2,2023-06-20T02:35:08+00:00
SAO_3459-10,São Paulo,3550308,True,,33170,,,-23.494686,-46.427058,,,,2,2023-06-20T02:35:33+00:00
SAO_3459-10,São Paulo,3550308,True,,33170,,,-23.547625500000002,-46.629791499999996,,,,2,2023-06-20T02:35:27+00:00
SAO_3459-10,São Paulo,3550308,True,,33170,,,-23.543874125,-46.589819250000005,,,,2,2023-06-20T02:35:35+00:00
SAO_3459-10,São Paulo,3550308,True,,33170,,,-23.547625500000002,-46.629791499999996,,,,2,2023-06-20T02:35:32+00:00
SAO_3459-10,São Paulo,3550308,True,,33170,,,-23.4963505,-46.405026,,,,2,2023-06-20T02:35:05+00:00
SAO_3459-10,São Paulo,3550308,True,,33170,,,-23.516849999999998,-46.3847265,,,,2,2023-06-20T02:35:32+00:00
SAO_3459-10,São Paulo,3550308,True,,33170,,,-23.516762,-46.384977500000005,,,,2,2023-06-20T02:35:13+00:00
SAO_3459-10,São Paulo,3550308,True,,33170,,,-23.514491999999997,-46.452651,,,,2,2023-06-20T02:35:06+00:00
SAO_3459-10,São Paulo,3550308,True,,33170,,,-23.5139275,-46.505485500000006,,,,2,2023-06-20T02:35:17+00:00
SAO_3459-10,São Paulo,3550308,True,,33170,,,-23.547147250000002,-46.600519874999996,,,,2,2023-06-20T02:35:27+00:00
SAO_3459-10,São Paulo,3550308,True,,33170,,,-23.507201000000002,-46.4431785,,,,2,2023-06-20T02:35:09+00:00
SAO_3459-10,São Paulo,3550308,True,,33170,,,-23.547625500000002,-46.629791499999996,,,,2,2023-06-20T02:35:00+00:00
SAO_3459-10,São Paulo,3550308,True,,33170,,,-23.51544075,-46.4573595,,,,2,2023-06-20T02:35:13+00:00
SAO_3459-10,São Paulo,3550308,True,,33170,,,-23.5131325,-46.50151125,,,,2,2023-06-20T02:35:34+00:00
SAO_3459-10,São Paulo,3550308,True,,33170,,,-23.5332045,-46.5391875,,,,2,2023-06-20T02:35:06+00:00
SAO_3459-10,São Paulo,3550308,True,,33170,,,-23.503677624999998,-46.39044975,,,,2,2023-06-20T02:35:07+00:00
SAO_3459-10,São Paulo,3550308,True,,33170,,,-23.5136265,-46.444686875,,,,2,2023-06-20T02:35:18+00:00
SAO_5652-10,São Paulo,3550308,True,,33042,,,-23.5506,-46.63518500000001,,,,2,2023-06-20T02:34:52+00:00
SAO_5652-10,São Paulo,3550308,True,,33042,,,-23.704033000000003,-46.688122,,,,2,2023-06-20T02:35:11+00:00
SAO_5652-10,São Paulo,3550308,True,,33042,,,-23.620272,-46.6620415,,,,2,2023-06-20T02:35:33+00:00
SAO_5652-10,São Paulo,3550308,True,,33042,,,-23.707739500000002,-46.688419499999995,,,,2,2023-06-20T02:35:19+00:00
SAO_5652-10,São Paulo,3550308,True,,33042,,,-23.701804375,-46.701659625000005,,,,2,2023-06-20T02:35:17+00:00
SAO_5652-10,São Paulo,3550308,True,,33042,,,-23.703607499999997,-46.6881495,,,,2,2023-06-20T02:34:39+00:00
SAO_5652-10,São Paulo,3550308,True,,33042,,,-23.717041000000002,-46.6834315,,,,2,2023-06-20T02:33:11+00:00
SAO_6818-10,São Paulo,3550308,True,BR7 Mobilidade,28,https://moovitapp.com/index/pt-br/transporte_p%C3%BAblico-line-28-Sao_Paulo-242-851856-596008-0,5.75,-23.655842999999997,-46.7727765,,,,1,2023-06-20T02:35:07+00:00
SAO_6818-10,São Paulo,3550308,True,BR7 Mobilidade,28,https://moovitapp.com/index/pt-br/transporte_p%C3%BAblico-line-28-Sao_Paulo-242-851856-596008-0,5.75,-23.648836000000003,-46.759217,,,,1,2023-06-20T02:35:20+00:00
SAO_6818-10,São Paulo,3550308,True,BR7 Mobilidade,28,https://moovitapp.com/index/pt-br/transporte_p%C3%BAblico-line-28-Sao_Paulo-242-851856-596008-0,5.75,-23.655842999999997,-46.7727765,,,,1,2023-06-20T02:34:57+00:00
SAO_8010-21,São Paulo,3550308,True,,1737,,,-23.4044205,-46.7480575,,,,1,2023-06-20T02:35:08+00:00
SAO_4055-10,São Paulo,3550308,True,,35215,,,-23.5430125,-46.41679,,,,2,2023-06-20T02:34:52+00:00
SAO_546T-10,São Paulo,3550308,True,,272,,,-23.653906999999997,-46.710535500000006,,,,1,2023-06-20T02:35:17+00:00
SAO_546T-10,São Paulo,3550308,True,,272,,,-23.7036385,-46.627480000000006,,,,1,2023-06-20T02:33:06+00:00
SAO_546T-10,São Paulo,3550308,True,,272,,,-23.7034545,-46.627808,,,,1,2023-06-20T02:34:52+00:00
SAO_546T-10,São Paulo,3550308,True,,272,,,-23.66439125,-46.69100350000001,,,,1,2023-06-20T02:34:57+00:00
SAO_546T-10,São Paulo,3550308,True,,272,,,-23.6920815,-46.67773,,,,1,2023-06-20T02:35:28+00:00
SAO_847P-10,São Paulo,3550308,True,,33191,,,-23.503539,-46.7061825,,,,2,2023-06-20T02:35:13+00:00
SAO_847P-10,São Paulo,3550308,True,,33191,,,-23.4849,-46.722167999999996,,,,2,2023-06-20T02:35:03+00:00
SAO_847P-10,São Paulo,3550308,True,,33191,,,-23.587288375,-46.68221787499999,,,,2,2023-06-20T02:35:19+00:00
SAO_847P-10,São Paulo,3550308,True,,33191,,,-23.485637500000003,-46.7260535,,,,2,2023-06-20T02:35:07+00:00
SAO_847P-10,São Paulo,3550308,True,,33191,,,-23.5362905,-46.7070785,,,,2,2023-06-20T02:35:33+00:00
SAO_847P-10,São Paulo,3550308,True,,33191,,,-23.486277,-46.726815875,,,,2,2023-06-20T02:34:52+00:00
SAO_847P-10,São Paulo,3550308,True,,33191,,,-23.485809000000003,-46.726257125,,,,2,2023-06-20T02:35:20+00:00
SAO_847P-10,São Paulo,3550308,True,,33191,,,-23.564658125,-46.68934275,,,,2,2023-06-20T02:34:58+00:00
SAO_847P-10,São Paulo,3550308,True,,33191,,,-23.528194,-46.7032985,,,,2,2023-06-20T02:35:23+00:00
SAO_3046-10,São Paulo,3550308,True,,971,,,-23.5798445,-46.5519195,,,,1,2023-06-20T02:35:23+00:00
SAO_3046-10,São Paulo,3550308,True,,971,,,-23.541215,-46.5774215,,,,1,2023-06-20T02:35:20+00:00
SAO_3046-10,São Paulo,3550308,True,,971,,,-23.566974374999997,-46.56922575,,,,1,2023-06-20T02:34:56+00:00
SAO_3046-10,São Paulo,3550308,True,,971,,,-23.583271250000003,-46.54339475,,,,1,2023-06-20T02:35:12+00:00
SAO_3046-10,São Paulo,3550308,True,,971,,,-23.58059825,-46.5335245,,,,1,2023-06-20T02:35:16+00:00
SAO_637A-10,São Paulo,3550308,True,,185,,,-23.565859,-46.7013775,,,,1,2023-06-20T02:34:55+00:00
SAO_637A-10,São Paulo,3550308,True,,185,,,-23.664808,-46.726552,,,,1,2023-06-20T02:35:22+00:00
SAO_637A-10,São Paulo,3550308,True,,185,,,-23.690886,-46.774112,,,,1,2023-06-20T02:35:31+00:00
SAO_637A-10,São Paulo,3550308,True,,185,,,-23.631780499999998,-46.71531125,,,,1,2023-06-20T02:34:53+00:00
SAO_637A-10,São Paulo,3550308,True,,185,,,-23.67637,-46.7502845,,,,1,2023-06-20T02:35:21+00:00
SAO_637A-10,São Paulo,3550308,True,,185,,,-23.565859,-46.7013775,,,,1,2023-06-20T02:34:57+00:00
SAO_637A-10,São Paulo,3550308,True,,185,,,-23.690886,-46.774112,,,,1,2023-06-20T02:35:24+00:00
SAO_637A-10,São Paulo,3550308,True,,185,,,-23.690886,-46.774112,,,,1,2023-06-20T02:35:00+00:00
SAO_637A-10,São Paulo,3550308,True,,185,,,-23.690886,-46.774112,,,,1,2023-06-20T02:35:34+00:00
SAO_637A-10,São Paulo,3550308,True,,185,,,-23.5879945,-46.689815,,,,1,2023-06-20T02:35:24+00:00
SAO_637A-10,São Paulo,3550308,True,,185,,,-23.657558625,-46.72470568749999,,,,1,2023-06-20T02:35:29+00:00
SAO_637A-10,São Paulo,3550308,True,,185,,,-23.690886,-46.774112,,,,1,2023-06-20T02:34:56+00:00
SAO_637A-10,São Paulo,3550308,True,,185,,,-23.682178,-46.76720775,,,,1,2023-06-20T02:34:00+00:00
SAO_675K-10,São Paulo,3550308,True,EMTU,198,https://moovitapp.com/index/pt-br/transporte_p%C3%BAblico-line-198-Sao_Paulo-242-2038937-59811937-0,6.35,-23.685542499999997,-46.770193500000005,,,,1,2023-06-20T02:29:50+00:00
SAO_675K-10,São Paulo,3550308,True,EMTU,198,https://moovitapp.com/index/pt-br/transporte_p%C3%BAblico-line-198-Sao_Paulo-242-2038937-59811937-0,6.35,-23.688184,-46.772277125,,,,1,2023-06-20T02:34:56+00:00
SAO_675K-10,São Paulo,3550308,True,EMTU,198,https://moovitapp.com/index/pt-br/transporte_p%C3%BAblico-line-198-Sao_Paulo-242-2038937-59811937-0,6.35,-23.644592125000003,-46.700327,,,,1,2023-06-20T02:35:28+00:00
SAO_675K-10,São Paulo,3550308,True,EMTU,198,https://moovitapp.com/index/pt-br/transporte_p%C3%BAblico-line-198-Sao_Paulo-242-2038937-59811937-0,6.35,-23.690517,-46.7737425,,,,1,2023-06-20T02:35:15+00:00
SAO_675K-10,São Paulo,3550308,True,EMTU,198,https://moovitapp.com/index/pt-br/transporte_p%C3%BAblico-line-198-Sao_Paulo-242-2038937-59811937-0,6.35,-23.6746505,-46.747674,,,,1,2023-06-20T02:34:56+00:00
SAO_675K-10,São Paulo,3550308,True,EMTU,198,https://moovitapp.com/index/pt-br/transporte_p%C3%BAblico-line-198-Sao_Paulo-242-2038937-59811937-0,6.35,-23.596337375,-46.651826625,,,,1,2023-06-20T02:35:13+00:00
SAO_675K-10,São Paulo,3550308,True,EMTU,198,https://moovitapp.com/index/pt-br/transporte_p%C3%BAblico-line-198-Sao_Paulo-242-2038937-59811937-0,6.35,-23.59850275,-46.63896425,,,,1,2023-06-20T02:35:06+00:00
SAO_675K-10,São Paulo,3550308,True,EMTU,198,https://moovitapp.com/index/pt-br/transporte_p%C3%BAblico-line-198-Sao_Paulo-242-2038937-59811937-0,6.35,-23.690517,-46.7737425,,,,1,2023-06-20T02:35:32+00:00
SAO_675K-10,São Paulo,3550308,True,EMTU,198,https://moovitapp.com/index/pt-br/transporte_p%C3%BAblico-line-198-Sao_Paulo-242-2038937-59811937-0,6.35,-23.690517,-46.7737425,,,,1,2023-06-20T02:35:33+00:00
SAO_675K-10,São Paulo,3550308,True,EMTU,198,https://moovitapp.com/index/pt-br/transporte_p%C3%BAblico-line-198-Sao_Paulo-242-2038937-59811937-0,6.35,-23.690517,-46.7737425,,,,1,2023-06-20T02:35:03+00:00
SAO_675K-10,São Paulo,3550308,True,EMTU,198,https://moovitapp.com/index/pt-br/transporte_p%C3%BAblico-line-198-Sao_Paulo-242-2038937-59811937-0,6.35,-23.598833,-46.637642,,,,1,2023-06-20T02:35:04+00:00
SAO_675K-10,São Paulo,3550308,True,EMTU,198,https://moovitapp.com/index/pt-br/transporte_p%C3%BAblico-line-198-Sao_Paulo-242-2038937-59811937-0,6.35,-23.690517,-46.7737425,,,,1,2023-06-20T02:35:04+00:00
SAO_675K-10,São Paulo,3550308,True,EMTU,198,https://moovitapp.com/index/pt-br/transporte_p%C3%BAblico-line-198-Sao_Paulo-242-2038937-59811937-0,6.35,-23.620468375,-46.678004,,,,1,2023-06-20T02:35:26+00:00
SAO_574J-10,São Paulo,3550308,True,,34453,,,-23.61139525,-46.60033625,,,,2,2023-06-20T02:35:08+00:00
SAO_574J-10,São Paulo,3550308,True,,34453,,,-23.558235500000002,-46.522756,,,,2,2023-06-20T02:35:22+00:00
SAO_574J-10,São Paulo,3550308,True,,34453,,,-23.581626,-46.60122125,,,,2,2023-06-20T02:35:27+00:00
SAO_574J-10,São Paulo,3550308,True,,34453,,,-23.57055875,-46.52865875,,,,2,2023-06-20T02:34:53+00:00
SAO_574J-10,São Paulo,3550308,True,,34453,,,-23.558235500000002,-46.522756,,,,2,2023-06-20T02:35:22+00:00
SAO_574J-10,São Paulo,3550308,True,,34453,,,-23.622377,-46.6280645,,,,2,2023-06-20T02:35:16+00:00
SAO_574J-10,São Paulo,3550308,True,,34453,,,-23.625893124999997,-46.62190725000001,,,,2,2023-06-20T02:35:32+00:00
SAO_574J-10,São Paulo,3550308,True,,34453,,,-23.636083499999998,-46.641462,,,,2,2023-06-20T02:35:08+00:00
SAO_2029-10,São Paulo,3550308,True,,2270,,,-23.430882500000003,-46.574838,,,,1,2023-06-20T02:35:03+00:00
SAO_2029-10,São Paulo,3550308,True,,2270,,,-23.430882500000003,-46.574838,,,,1,2023-06-20T02:35:00+00:00
SAO_2029-10,São Paulo,3550308,True,,2270,,,-23.4556325,-46.590016000000006,,,,1,2023-06-20T02:35:03+00:00
SAO_7245-10,São Paulo,3550308,True,EMTU,363,https://moovitapp.com/index/pt-br/transporte_p%C3%BAblico-line-363-Sao_Paulo-242-2038937-36419444-0,5.1,-23.654266,-46.711191,,,,1,2023-06-20T02:35:23+00:00
SAO_7245-10,São Paulo,3550308,True,EMTU,363,https://moovitapp.com/index/pt-br/transporte_p%C3%BAblico-line-363-Sao_Paulo-242-2038937-36419444-0,5.1,-23.550636,-46.6591885,,,,1,2023-06-20T02:35:31+00:00
SAO_7245-10,São Paulo,3550308,True,EMTU,363,https://moovitapp.com/index/pt-br/transporte_p%C3%BAblico-line-363-Sao_Paulo-242-2038937-36419444-0,5.1,-23.555013875,-46.66024075,,,,1,2023-06-20T02:35:29+00:00
SAO_7245-10,São Paulo,3550308,True,EMTU,363,https://moovitapp.com/index/pt-br/transporte_p%C3%BAblico-line-363-Sao_Paulo-242-2038937-36419444-0,5.1,-23.654266,-46.711191,,,,1,2023-06-20T02:35:22+00:00
SAO_7245-10,São Paulo,3550308,True,EMTU,363,https://moovitapp.com/index/pt-br/transporte_p%C3%BAblico-line-363-Sao_Paulo-242-2038937-36419444-0,5.1,-23.654266,-46.711191,,,,1,2023-06-20T02:35:04+00:00
SAO_7245-10,São Paulo,3550308,True,EMTU,363,https://moovitapp.com/index/pt-br/transporte_p%C3%BAblico-line-363-Sao_Paulo-242-2038937-36419444-0,5.1,-23.5855505,-46.68270875,,,,1,2023-06-20T02:35:22+00:00
SAO_7245-10,São Paulo,3550308,True,EMTU,363,https://moovitapp.com/index/pt-br/transporte_p%C3%BAblico-line-363-Sao_Paulo-242-2038937-36419444-0,5.1,-23.6314115,-46.7020155,,,,1,2023-06-20T02:35:03+00:00
SAO_809T-10,São Paulo,3550308,True,,2246,,,-23.524935,-46.70894925,,,,1,2023-06-20T02:35:37+00:00
SAO_809T-10,São Paulo,3550308,True,,2246,,,-23.585258500000002,-46.755210500000004,,,,1,2023-06-20T02:34:57+00:00
SAO_5013-10,São Paulo,3550308,True,,1117,,,-23.682060999999997,-46.633000499999994,,,,1,2023-06-20T02:33:21+00:00
SAO_5013-10,São Paulo,3550308,True,,1117,,,-23.682060999999997,-46.633000499999994,,,,1,2023-06-20T02:35:16+00:00
SAO_5013-10,São Paulo,3550308,True,,1117,,,-23.6761135,-46.6600825,,,,1,2023-06-20T02:35:31+00:00
SAO_637G-10,São Paulo,3550308,True,EMTU,101,https://moovitapp.com/index/pt-br/transporte_p%C3%BAblico-line-101-Sao_Paulo-242-2038937-36419264-0,4.8,-23.57410625,-46.688723499999995,,,,1,2023-06-20T02:35:23+00:00
SAO_637G-10,São Paulo,3550308,True,EMTU,101,https://moovitapp.com/index/pt-br/transporte_p%C3%BAblico-line-101-Sao_Paulo-242-2038937-36419264-0,4.8,-23.62766125,-46.68821275,,,,1,2023-06-20T02:35:24+00:00
SAO_637G-10,São Paulo,3550308,True,EMTU,101,https://moovitapp.com/index/pt-br/transporte_p%C3%BAblico-line-101-Sao_Paulo-242-2038937-36419264-0,4.8,-23.7537615,-46.6807515,,,,1,2023-06-20T02:35:23+00:00
SAO_637G-10,São Paulo,3550308,True,EMTU,101,https://moovitapp.com/index/pt-br/transporte_p%C3%BAblico-line-101-Sao_Paulo-242-2038937-36419264-0,4.8,-23.753051,-46.688569,,,,1,2023-06-20T02:34:45+00:00
SAO_637G-10,São Paulo,3550308,True,EMTU,101,https://moovitapp.com/index/pt-br/transporte_p%C3%BAblico-line-101-Sao_Paulo-242-2038937-36419264-0,4.8,-23.742902,-46.691813499999995,,,,1,2023-06-20T02:35:06+00:00
SAO_637G-10,São Paulo,3550308,True,EMTU,101,https://moovitapp.com/index/pt-br/transporte_p%C3%BAblico-line-101-Sao_Paulo-242-2038937-36419264-0,4.8,-23.7537615,-46.6807515,,,,1,2023-06-20T02:35:06+00:00
SAO_4025-10,São Paulo,3550308,True,,33863,,,-23.5962565,-46.55609875,,,,2,2023-06-20T02:35:11+00:00
SAO_4025-10,São Paulo,3550308,True,,33863,,,-23.607989375000002,-46.553975375,,,,2,2023-06-20T02:35:22+00:00
SAO_4025-10,São Paulo,3550308,True,,33863,,,-23.5839635,-46.581899,,,,2,2023-06-20T02:35:30+00:00
SAO_4025-10,São Paulo,3550308,True,,33863,,,-23.609244312500003,-46.5572798125,,,,2,2023-06-20T02:35:16+00:00
SAO_4025-10,São Paulo,3550308,True,,33863,,,-23.5713795,-46.5763225,,,,2,2023-06-20T02:35:24+00:00
SAO_4025-10,São Paulo,3550308,True,,33863,,,-23.607989375000002,-46.553975375,,,,2,2023-06-20T02:35:26+00:00
SAO_4734-10,São Paulo,3550308,True,,33877,,,-23.635216,-46.615286499999996,,,,2,2023-06-20T02:35:05+00:00
SAO_4734-10,São Paulo,3550308,True,,33877,,,-23.641060500000002,-46.608899,,,,2,2023-06-20T02:35:34+00:00
SAO_4734-10,São Paulo,3550308,True,,33877,,,-23.61797575,-46.639033,,,,2,2023-06-20T02:35:06+00:00
SAO_4734-10,São Paulo,3550308,True,,33877,,,-23.6462885,-46.6091895,,,,2,2023-06-20T02:35:22+00:00
SAO_4734-10,São Paulo,3550308,True,,33877,,,-23.6464335,-46.60951,,,,2,2023-06-20T02:35:15+00:00
SAO_4734-10,São Paulo,3550308,True,,33877,,,-23.625401250000003,-46.6286825,,,,2,2023-06-20T02:35:22+00:00
SAO_4734-10,São Paulo,3550308,True,,33877,,,-23.6368,-46.614405,,,,2,2023-06-20T02:35:26+00:00
SAO_4734-10,São Paulo,3550308,True,,33877,,,-23.6435665,-46.6054645,,,,2,2023-06-20T02:35:23+00:00
SAO_8018-10,São Paulo,3550308,True,,34838,,,-23.588773000000003,-46.7284255,,,,2,2023-06-20T02:35:23+00:00
SAO_8018-10,São Paulo,3550308,True,,34838,,,-23.5987205,-46.7366745,,,,2,2023-06-20T02:34:55+00:00
SAO_3004-10,São Paulo,3550308,True,,1798,,,-23.49159875,-46.421446125,,,,1,2023-06-20T02:35:36+00:00
SAO_1206-10,São Paulo,3550308,True,,33610,,,-23.529847,-46.598688499999994,,,,2,2023-06-20T02:35:20+00:00
SAO_1206-10,São Paulo,3550308,True,,33610,,,-23.5393750625,-46.599295,,,,2,2023-06-20T02:35:04+00:00
SAO_1206-10,São Paulo,3550308,True,,33610,,,-23.546136,-46.631184000000005,,,,2,2023-06-20T02:35:13+00:00
SAO_1206-10,São Paulo,3550308,True,,33610,,,-23.5417405,-46.6146495,,,,2,2023-06-20T02:35:21+00:00
SAO_1206-10,São Paulo,3550308,True,,33610,,,-23.52584775,-46.58258975,,,,2,2023-06-20T02:35:28+00:00
SAO_9008-10,São Paulo,3550308,True,,875,,,-23.4712185,-46.675377499999996,,,,1,2023-06-20T02:35:13+00:00
SAO_9008-10,São Paulo,3550308,True,,875,,,-23.433519750000002,-46.71428375,,,,1,2023-06-20T02:35:19+00:00
SAO_9008-10,São Paulo,3550308,True,,875,,,-23.427475,-46.7146125,,,,1,2023-06-20T02:35:27+00:00
SAO_9008-10,São Paulo,3550308,True,,875,,,-23.4276895,-46.714623,,,,1,2023-06-20T02:34:52+00:00
SAO_9008-10,São Paulo,3550308,True,,875,,,-23.427475,-46.7146125,,,,1,2023-06-20T02:34:58+00:00
SAO_9008-10,São Paulo,3550308,True,,875,,,-23.427475,-46.7146125,,,,1,2023-06-20T02:35:06+00:00
SAO_314V-10,São Paulo,3550308,True,,33079,,,-23.5903485,-46.5381825,,,,2,2023-06-20T02:34:55+00:00
SAO_314V-10,São Paulo,3550308,True,,33079,,,-23.5830855,-46.6005955,,,,2,2023-06-20T02:34:59+00:00
SAO_314V-10,São Paulo,3550308,True,,33079,,,-23.5903485,-46.5381825,,,,2,2023-06-20T02:34:55+00:00
SAO_314V-10,São Paulo,3550308,True,,33079,,,-23.56084,-46.629335,,,,2,2023-06-20T02:35:25+00:00
SAO_707A-10,São Paulo,3550308,True,,1990,,,-23.605213499999998,-46.663635875,,,,1,2023-06-20T02:35:13+00:00
SAO_707A-10,São Paulo,3550308,True,,1990,,,-23.675867250000003,-46.754087,,,,1,2023-06-20T02:35:36+00:00
SAO_707A-10,São Paulo,3550308,True,,1990,,,-23.688184,-46.772277125,,,,1,2023-06-20T02:35:25+00:00
SAO_707A-10,São Paulo,3550308,True,,1990,,,-23.671976,-46.7416365,,,,1,2023-06-20T02:35:34+00:00
SAO_707A-10,São Paulo,3550308,True,,1990,,,-23.611071,-46.645185,,,,1,2023-06-20T02:34:23+00:00
SAO_707A-10,São Paulo,3550308,True,,1990,,,-23.62885825,-46.686011500000006,,,,1,2023-06-20T02:35:30+00:00
SAO_707A-10,São Paulo,3550308,True,,1990,,,-23.6873875,-46.771598,,,,1,2023-06-20T02:34:56+00:00
SAO_707A-10,São Paulo,3550308,True,,1990,,,-23.666170625,-46.716131125,,,,1,2023-06-20T02:35:35+00:00
SAO_707A-10,São Paulo,3550308,True,,1990,,,-23.615330999999998,-46.638437624999995,,,,1,2023-06-20T02:34:55+00:00
SAO_707A-10,São Paulo,3550308,True,,1990,,,-23.616135,-46.643041249999996,,,,1,2023-06-20T02:34:54+00:00
SAO_8542-21,São Paulo,3550308,True,,1361,,,-23.4686545,-46.682713,,,,1,2023-06-20T02:34:55+00:00
SAO_8542-21,São Paulo,3550308,True,,1361,,,-23.5198355,-46.6998665,,,,1,2023-06-20T02:35:28+00:00
SAO_8542-21,São Paulo,3550308,True,,1361,,,-23.472696499999998,-46.702172000000004,,,,1,2023-06-20T02:35:01+00:00
SAO_8542-21,São Paulo,3550308,True,,1361,,,-23.4865455,-46.6860335,,,,1,2023-06-20T02:34:58+00:00
SAO_8542-21,São Paulo,3550308,True,,1361,,,-23.5196425,-46.700389,,,,1,2023-06-20T02:35:25+00:00
SAO_8542-21,São Paulo,3550308,True,,1361,,,-23.4735895,-46.7026745,,,,1,2023-06-20T02:34:52+00:00
SAO_778R-10,São Paulo,3550308,True,,33277,,,-23.585682499999997,-46.805686,,,,2,2023-06-20T02:35:35+00:00
SAO_778R-10,São Paulo,3550308,True,,33277,,,-23.585532999999998,-46.8056635,,,,2,2023-06-20T02:34:58+00:00
SAO_778R-10,São Paulo,3550308,True,,33277,,,-23.585532999999998,-46.8056635,,,,2,2023-06-20T02:34:58+00:00
SAO_778R-10,São Paulo,3550308,True,,33277,,,-23.572155000000002,-46.70553525,,,,2,2023-06-20T02:35:30+00:00
SAO_778R-10,São Paulo,3550308,True,,33277,,,-23.5777805,-46.725455499999995,,,,2,2023-06-20T02:35:08+00:00
SAO_778R-10,São Paulo,3550308,True,,33277,,,-23.54530975,-46.644695,,,,2,2023-06-20T02:35:18+00:00
SAO_778R-10,São Paulo,3550308,True,,33277,,,-23.587121562500002,-46.799738624999996,,,,2,2023-06-20T02:35:05+00:00
SAO_407T-10,São Paulo,3550308,True,,34970,,,-23.542544499999998,-46.4716805,,,,2,2023-06-20T02:35:03+00:00
SAO_407T-10,São Paulo,3550308,True,,34970,,,-23.54147425,-46.4575135,,,,2,2023-06-20T02:35:21+00:00
SAO_407T-10,São Paulo,3550308,True,,34970,,,-23.53457075,-46.44504175,,,,2,2023-06-20T02:30:43+00:00
SAO_4031-10,São Paulo,3550308,True,,1101,,,-23.602559499999998,-46.5300465,,,,1,2023-06-20T02:35:29+00:00
SAO_4031-10,São Paulo,3550308,True,,1101,,,-23.580514625,-46.569205624999995,,,,1,2023-06-20T02:34:56+00:00
SAO_4031-10,São Paulo,3550308,True,,1101,,,-23.61408,-46.517419000000004,,,,1,2023-06-20T02:35:01+00:00
SAO_4031-10,São Paulo,3550308,True,,1101,,,-23.59086825,-46.588631500000005,,,,1,2023-06-20T02:34:20+00:00
SAO_4031-10,São Paulo,3550308,True,,1101,,,-23.5901755,-46.5521255,,,,1,2023-06-20T02:35:32+00:00
SAO_4031-10,São Paulo,3550308,True,,1101,,,-23.6145845,-46.516324,,,,1,2023-06-20T02:34:53+00:00
SAO_4031-10,São Paulo,3550308,True,,1101,,,-23.61408,-46.517419000000004,,,,1,2023-06-20T02:35:13+00:00
SAO_1177-10,São Paulo,3550308,True,,32897,,,-23.526678999999998,-46.55376625,,,,2,2023-06-20T02:34:55+00:00
SAO_1177-10,São Paulo,3550308,True,,32897,,,-23.5157865,-46.520525,,,,2,2023-06-20T02:35:16+00:00
SAO_1177-10,São Paulo,3550308,True,,32897,,,-23.5361185,-46.632417000000004,,,,2,2023-06-20T02:34:59+00:00
SAO_1177-10,São Paulo,3550308,True,,32897,,,-23.5178825,-46.475722000000005,,,,2,2023-06-20T02:34:59+00:00
SAO_1177-10,São Paulo,3550308,True,,32897,,,-23.5361185,-46.632417000000004,,,,2,2023-06-20T02:35:31+00:00
SAO_1177-10,São Paulo,3550308,True,,32897,,,-23.518140000000002,-46.4756725,,,,2,2023-06-20T02:35:03+00:00
SAO_1743-10,São Paulo,3550308,True,EMTU,543,https://moovitapp.com/index/pt-br/transporte_p%C3%BAblico-line-543-Sao_Paulo-242-2038937-36419552-0,5.15,-23.522845,-46.6242405,,,,1,2023-06-20T02:35:12+00:00
SAO_1743-10,São Paulo,3550308,True,EMTU,543,https://moovitapp.com/index/pt-br/transporte_p%C3%BAblico-line-543-Sao_Paulo-242-2038937-36419552-0,5.15,-23.4778565,-46.64502,,,,1,2023-06-20T02:35:12+00:00
SAO_1743-10,São Paulo,3550308,True,EMTU,543,https://moovitapp.com/index/pt-br/transporte_p%C3%BAblico-line-543-Sao_Paulo-242-2038937-36419552-0,5.15,-23.455666,-46.6677895,,,,1,2023-06-20T02:35:13+00:00
SAO_1743-10,São Paulo,3550308,True,EMTU,543,https://moovitapp.com/index/pt-br/transporte_p%C3%BAblico-line-543-Sao_Paulo-242-2038937-36419552-0,5.15,-23.455666,-46.6677895,,,,1,2023-06-20T02:35:06+00:00
SAO_1743-10,São Paulo,3550308,True,EMTU,543,https://moovitapp.com/index/pt-br/transporte_p%C3%BAblico-line-543-Sao_Paulo-242-2038937-36419552-0,5.15,-23.522855,-46.623938,,,,1,2023-06-20T02:35:18+00:00
SAO_2552-10,São Paulo,3550308,True,,142,,,-23.538661,-46.6044205,,,,1,2023-06-20T02:35:07+00:00
SAO_2552-10,São Paulo,3550308,True,,142,,,-23.521472250000002,-46.525711,,,,1,2023-06-20T02:35:30+00:00
SAO_2552-10,São Paulo,3550308,True,,142,,,-23.5456715,-46.630392,,,,1,2023-06-20T02:35:27+00:00
SAO_2552-10,São Paulo,3550308,True,,142,,,-23.49302575,-46.44936625,,,,1,2023-06-20T02:35:15+00:00
SAO_2552-10,São Paulo,3550308,True,,142,,,-23.5456715,-46.630392,,,,1,2023-06-20T02:35:33+00:00
SAO_2552-10,São Paulo,3550308,True,,142,,,-23.509128750000002,-46.496091500000006,,,,1,2023-06-20T02:35:14+00:00
SAO_2552-10,São Paulo,3550308,True,,142,,,-23.53091,-46.55751575,,,,1,2023-06-20T02:33:20+00:00
SAO_2552-10,São Paulo,3550308,True,,142,,,-23.491375499999997,-46.443605500000004,,,,1,2023-06-20T02:35:16+00:00
SAO_2552-10,São Paulo,3550308,True,,142,,,-23.4840545,-46.4187145,,,,1,2023-06-20T02:35:25+00:00
SAO_637R-10,São Paulo,3550308,True,,32964,,,-23.6675375,-46.730432,,,,2,2023-06-20T02:34:54+00:00
SAO_637R-10,São Paulo,3550308,True,,32964,,,-23.71969,-46.7694645,,,,2,2023-06-20T02:35:34+00:00
SAO_637R-10,São Paulo,3550308,True,,32964,,,-23.71969,-46.7694645,,,,2,2023-06-20T02:35:19+00:00
SAO_637R-10,São Paulo,3550308,True,,32964,,,-23.6755615,-46.75482325,,,,2,2023-06-20T02:35:10+00:00
SAO_637R-10,São Paulo,3550308,True,,32964,,,-23.7198,-46.7691775,,,,2,2023-06-20T02:35:03+00:00
SAO_637R-10,São Paulo,3550308,True,,32964,,,-23.655170249999998,-46.70783675,,,,2,2023-06-20T02:35:32+00:00
SAO_637R-10,São Paulo,3550308,True,,32964,,,-23.689947,-46.7740025,,,,2,2023-06-20T02:35:28+00:00
SAO_637R-10,São Paulo,3550308,True,,32964,,,-23.7118995,-46.781107000000006,,,,2,2023-06-20T02:32:43+00:00
SAO_637R-10,São Paulo,3550308,True,,32964,,,-23.719750500000004,-46.769661125,,,,2,2023-06-20T02:34:55+00:00
SAO_637R-10,São Paulo,3550308,True,,32964,,,-23.720212500000002,-46.769873624999995,,,,2,2023-06-20T02:35:11+00:00
SAO_253F-10,São Paulo,3550308,True,EMTU,158,https://moovitapp.com/index/pt-br/transporte_p%C3%BAblico-line-158-Sao_Paulo-242-2038937-36419303-0,7.45,-23.5188975,-46.475528,,,,1,2023-06-20T02:35:08+00:00
SAO_253F-10,São Paulo,3550308,True,EMTU,158,https://moovitapp.com/index/pt-br/transporte_p%C3%BAblico-line-158-Sao_Paulo-242-2038937-36419303-0,7.45,-23.574755000000003,-46.456190500000005,,,,1,2023-06-20T02:30:16+00:00
SAO_253F-10,São Paulo,3550308,True,EMTU,158,https://moovitapp.com/index/pt-br/transporte_p%C3%BAblico-line-158-Sao_Paulo-242-2038937-36419303-0,7.45,-23.596577,-46.456318499999995,,,,1,2023-06-20T02:35:24+00:00
SAO_874C-10,São Paulo,3550308,True,,477,,,-23.5510995,-46.749265,,,,1,2023-06-20T02:35:01+00:00
SAO_874C-10,São Paulo,3550308,True,,477,,,-23.5407155,-46.7018415,,,,1,2023-06-20T02:35:17+00:00
SAO_874C-10,São Paulo,3550308,True,,477,,,-23.5469285,-46.7609265,,,,1,2023-06-20T02:35:17+00:00
SAO_3025-10,São Paulo,3550308,True,,961,,,-23.568509,-46.41007,,,,1,2023-06-20T02:35:01+00:00
SAO_3025-10,São Paulo,3550308,True,,961,,,-23.542544,-46.4158275,,,,1,2023-06-20T02:34:59+00:00
SAO_3025-10,São Paulo,3550308,True,,961,,,-23.542544,-46.4158275,,,,1,2023-06-20T02:35:06+00:00
SAO_3025-10,São Paulo,3550308,True,,961,,,-23.542614,-46.4155005,,,,1,2023-06-20T02:34:53+00:00
SAO_3025-10,São Paulo,3550308,True,,961,,,-23.57429925,-46.400577999999996,,,,1,2023-06-20T02:35:25+00:00
SAO_714C-10,São Paulo,3550308,True,,33255,,,-23.561371875,-46.68789975,,,,2,2023-06-20T02:35:27+00:00
SAO_714C-10,São Paulo,3550308,True,,33255,,,-23.6001115,-46.7843265,,,,2,2023-06-20T02:35:32+00:00
SAO_714C-10,São Paulo,3550308,True,,33255,,,-23.5899055,-46.76855,,,,2,2023-06-20T02:35:14+00:00
SAO_172K-10,São Paulo,3550308,True,,857,,,-23.496477749999997,-46.59743625,,,,1,2023-06-20T02:35:22+00:00
SAO_172K-10,São Paulo,3550308,True,,857,,,-23.4812055,-46.5900125,,,,1,2023-06-20T02:35:15+00:00
SAO_172K-10,São Paulo,3550308,True,,857,,,-23.529770499999998,-46.5952475,,,,1,2023-06-20T02:35:05+00:00
SAO_172K-10,São Paulo,3550308,True,,857,,,-23.456327,-46.5947025,,,,1,2023-06-20T02:35:29+00:00
SAO_172K-10,São Paulo,3550308,True,,857,,,-23.467713625000002,-46.6038135,,,,1,2023-06-20T02:35:32+00:00
SAO_172K-10,São Paulo,3550308,True,,857,,,-23.539696499999998,-46.575877500000004,,,,1,2023-06-20T02:35:06+00:00
SAO_1783-10,São Paulo,3550308,True,,33412,,,-23.405648999999997,-46.581002,,,,2,2023-06-20T02:35:04+00:00
SAO_1783-10,São Paulo,3550308,True,,33412,,,-23.398296000000002,-46.577902,,,,2,2023-06-20T02:25:55+00:00
SAO_1783-10,São Paulo,3550308,True,,33412,,,-23.398296000000002,-46.577902,,,,2,2023-06-20T02:34:57+00:00
SAO_1783-10,São Paulo,3550308,True,,33412,,,-23.4579565,-46.602463,,,,2,2023-06-20T02:35:27+00:00
SAO_3099-10,São Paulo,3550308,True,,1079,,,-23.6255375,-46.463149,,,,1,2023-06-20T02:34:58+00:00
SAO_3099-10,São Paulo,3550308,True,,1079,,,-23.6126845,-46.4445915,,,,1,2023-06-20T02:34:54+00:00
SAO_3099-10,São Paulo,3550308,True,,1079,,,-23.612997999999997,-46.444390999999996,,,,1,2023-06-20T02:35:29+00:00
SAO_3099-10,São Paulo,3550308,True,,1079,,,-23.6129015,-46.444473,,,,1,2023-06-20T02:35:20+00:00
SAO_3099-10,São Paulo,3550308,True,,1079,,,-23.594932500000002,-46.487908999999995,,,,1,2023-06-20T02:35:35+00:00
SAO_3099-10,São Paulo,3550308,True,,1079,,,-23.608207,-46.450306499999996,,,,1,2023-06-20T02:35:27+00:00
SAO_3099-10,São Paulo,3550308,True,,1079,,,-23.6129015,-46.444473,,,,1,2023-06-20T02:34:59+00:00
SAO_3099-10,São Paulo,3550308,True,,1079,,,-23.616588,-46.468978,,,,1,2023-06-20T02:35:17+00:00
SAO_3099-10,São Paulo,3550308,True,,1079,,,-23.6129015,-46.444473,,,,1,2023-06-20T02:35:16+00:00
SAO_607C-10,São Paulo,3550308,True,,34745,,,-23.594739500000003,-46.6903365,,,,2,2023-06-20T02:35:19+00:00
SAO_607C-10,São Paulo,3550308,True,,34745,,,-23.614546375,-46.696338999999995,,,,2,2023-06-20T02:34:53+00:00
SAO_607C-10,São Paulo,3550308,True,,34745,,,-23.667364,-46.65388874999999,,,,2,2023-06-20T02:35:26+00:00
SAO_607C-10,São Paulo,3550308,True,,34745,,,-23.688353,-46.6344405,,,,2,2023-06-20T02:35:14+00:00
SAO_607C-10,São Paulo,3550308,True,,34745,,,-23.625930500000003,-46.688363499999994,,,,2,2023-06-20T02:35:17+00:00
SAO_607C-10,São Paulo,3550308,True,,34745,,,-23.6817,-46.6375505,,,,2,2023-06-20T02:35:10+00:00
SAO_607C-10,São Paulo,3550308,True,,34745,,,-23.681403,-46.638069,,,,2,2023-06-20T02:35:33+00:00
SAO_607C-10,São Paulo,3550308,True,,34745,,,-23.6893455,-46.635084,,,,2,2023-06-20T02:34:58+00:00
SAO_875C-10,São Paulo,3550308,True,EMTU,478,https://moovitapp.com/index/pt-br/transporte_p%C3%BAblico-line-478-Sao_Paulo-242-2038937-36419510-0,6.25,-23.59411,-46.6730505,,,,1,2023-06-20T02:35:31+00:00
SAO_875C-10,São Paulo,3550308,True,EMTU,478,https://moovitapp.com/index/pt-br/transporte_p%C3%BAblico-line-478-Sao_Paulo-242-2038937-36419510-0,6.25,-23.5226415,-46.700458749999996,,,,1,2023-06-20T02:35:02+00:00
SAO_875C-10,São Paulo,3550308,True,EMTU,478,https://moovitapp.com/index/pt-br/transporte_p%C3%BAblico-line-478-Sao_Paulo-242-2038937-36419510-0,6.25,-23.545244,-46.714293375000004,,,,1,2023-06-20T02:35:23+00:00
SAO_875C-10,São Paulo,3550308,True,EMTU,478,https://moovitapp.com/index/pt-br/transporte_p%C3%BAblico-line-478-Sao_Paulo-242-2038937-36419510-0,6.25,-23.599135,-46.63722,,,,1,2023-06-20T02:34:56+00:00
SAO_875C-10,São Paulo,3550308,True,EMTU,478,https://moovitapp.com/index/pt-br/transporte_p%C3%BAblico-line-478-Sao_Paulo-242-2038937-36419510-0,6.25,-23.52012,-46.6994665,,,,1,2023-06-20T02:35:36+00:00
SAO_875C-10,São Paulo,3550308,True,EMTU,478,https://moovitapp.com/index/pt-br/transporte_p%C3%BAblico-line-478-Sao_Paulo-242-2038937-36419510-0,6.25,-23.52012,-46.6994665,,,,1,2023-06-20T02:35:35+00:00
SAO_875C-10,São Paulo,3550308,True,EMTU,478,https://moovitapp.com/index/pt-br/transporte_p%C3%BAblico-line-478-Sao_Paulo-242-2038937-36419510-0,6.25,-23.5201835,-46.699305499999994,,,,1,2023-06-20T02:35:37+00:00
SAO_756A-10,São Paulo,3550308,True,,33561,,,-23.5901865,-46.768211,,,,2,2023-06-20T02:35:30+00:00
SAO_756A-10,São Paulo,3550308,True,,33561,,,-23.613599,-46.6953015,,,,2,2023-06-20T02:35:07+00:00
SAO_756A-10,São Paulo,3550308,True,,33561,,,-23.614670500000003,-46.693440499999994,,,,2,2023-06-20T02:35:25+00:00
SAO_756A-10,São Paulo,3550308,True,,33561,,,-23.599046,-46.796422500000006,,,,2,2023-06-20T02:35:11+00:00
SAO_756A-10,São Paulo,3550308,True,,33561,,,-23.598115999999997,-46.7961385,,,,2,2023-06-20T02:35:12+00:00
SAO_756A-10,São Paulo,3550308,True,,33561,,,-23.614005125,-46.694721375,,,,2,2023-06-20T02:35:18+00:00
SAO_756A-10,São Paulo,3550308,True,,33561,,,-23.598115999999997,-46.7961385,,,,2,2023-06-20T02:35:02+00:00
SAO_756A-10,São Paulo,3550308,True,,33561,,,-23.598115999999997,-46.7961385,,,,2,2023-06-20T02:35:26+00:00
SAO_756A-10,São Paulo,3550308,True,,33561,,,-23.604568,-46.745587,,,,2,2023-06-20T02:35:26+00:00
SAO_756A-10,São Paulo,3550308,True,,33561,,,-23.598115999999997,-46.7961385,,,,2,2023-06-20T02:35:23+00:00
SAO_756A-10,São Paulo,3550308,True,,33561,,,-23.60117375,-46.717103,,,,2,2023-06-20T02:35:31+00:00
SAO_756A-10,São Paulo,3550308,True,,33561,,,-23.598144499999997,-46.796527,,,,2,2023-06-20T02:35:11+00:00
SAO_6078-10,São Paulo,3550308,True,,1166,,,-23.740688,-46.660930500000006,,,,1,2023-06-20T02:35:15+00:00
SAO_6078-10,São Paulo,3550308,True,,1166,,,-23.753704,-46.6872095,,,,1,2023-06-20T02:35:15+00:00
SAO_6078-10,São Paulo,3550308,True,,1166,,,-23.68648425,-46.6938545,,,,1,2023-06-20T02:34:59+00:00
SAO_6078-10,São Paulo,3550308,True,,1166,,,-23.670115000000003,-46.6794165,,,,1,2023-06-20T02:35:36+00:00
SAO_6078-10,São Paulo,3550308,True,,1166,,,-23.674795500000002,-46.678436500000004,,,,1,2023-06-20T02:35:16+00:00
SAO_6078-10,São Paulo,3550308,True,,1166,,,-23.740786,-46.691494500000005,,,,1,2023-06-20T02:34:57+00:00
SAO_6039-10,São Paulo,3550308,True,,33985,,,-23.6488675,-46.7535655,,,,2,2023-06-20T02:35:17+00:00
SAO_6039-10,São Paulo,3550308,True,,33985,,,-23.6607035,-46.7779355,,,,2,2023-06-20T02:35:08+00:00
SAO_6039-10,São Paulo,3550308,True,,33985,,,-23.680995000000003,-46.7963515,,,,2,2023-06-20T02:34:55+00:00
SAO_6039-10,São Paulo,3550308,True,,33985,,,-23.685482999999998,-46.800789249999994,,,,2,2023-06-20T02:34:19+00:00
SAO_6039-10,São Paulo,3550308,True,,33985,,,-23.685768,-46.8012385,,,,2,2023-06-20T02:35:06+00:00
SAO_6039-10,São Paulo,3550308,True,,33985,,,-23.651289499999997,-46.720085499999996,,,,2,2023-06-20T02:35:16+00:00
SAO_6039-10,São Paulo,3550308,True,,33985,,,-23.685625,-46.80100575,,,,2,2023-06-20T02:34:58+00:00
SAO_5757-51,São Paulo,3550308,True,,34744,,,-23.635112499999998,-46.640995000000004,,,,2,2023-06-20T02:35:32+00:00
SAO_5757-51,São Paulo,3550308,True,,34744,,,-23.695413000000002,-46.649462,,,,2,2023-06-20T02:35:11+00:00
SAO_5757-51,São Paulo,3550308,True,,34744,,,-23.707351,-46.641422000000006,,,,2,2023-06-20T02:35:21+00:00
SAO_5757-51,São Paulo,3550308,True,,34744,,,-23.675799499999997,-46.642252,,,,2,2023-06-20T02:34:56+00:00
SAO_5757-51,São Paulo,3550308,True,,34744,,,-23.635112499999998,-46.640995000000004,,,,2,2023-06-20T02:35:22+00:00
SAO_5757-51,São Paulo,3550308,True,,34744,,,-23.6954925,-46.64957,,,,2,2023-06-20T02:34:54+00:00
SAO_5757-51,São Paulo,3550308,True,,34744,,,-23.674775,-46.642773000000005,,,,2,2023-06-20T02:35:25+00:00
SAO_5757-51,São Paulo,3550308,True,,34744,,,-23.698710499999997,-46.647746,,,,2,2023-06-20T02:35:15+00:00
SAO_5757-51,São Paulo,3550308,True,,34744,,,-23.7074865,-46.641363999999996,,,,2,2023-06-20T02:35:21+00:00
SAO_5119-10,São Paulo,3550308,True,,1,,,-23.654274,-46.7625595,,,,1,2023-06-20T02:35:07+00:00
SAO_5119-10,São Paulo,3550308,True,,1,,,-23.643037,-46.7420015,,,,1,2023-06-20T02:35:03+00:00
SAO_5119-10,São Paulo,3550308,True,,1,,,-23.551242000000002,-46.637025,,,,1,2023-06-20T02:35:02+00:00
SAO_5119-10,São Paulo,3550308,True,,1,,,-23.582088749999997,-46.6704835,,,,1,2023-06-20T02:35:30+00:00
SAO_5119-10,São Paulo,3550308,True,,1,,,-23.619402,-46.732938000000004,,,,1,2023-06-20T02:35:33+00:00
SAO_5119-10,São Paulo,3550308,True,,1,,,-23.598816499999998,-46.719355,,,,1,2023-06-20T02:34:58+00:00
SAO_5119-10,São Paulo,3550308,True,,1,,,-23.583026,-46.668275,,,,1,2023-06-20T02:34:56+00:00
SAO_5119-10,São Paulo,3550308,True,,1,,,-23.6543285,-46.7630925,,,,1,2023-06-20T02:35:19+00:00
SAO_5119-10,São Paulo,3550308,True,,1,,,-23.586302375,-46.697286875,,,,1,2023-06-20T02:35:19+00:00
SAO_5119-10,São Paulo,3550308,True,,1,,,-23.6543285,-46.7630925,,,,1,2023-06-20T02:35:04+00:00
SAO_407E-10,São Paulo,3550308,True,,2215,,,-23.572408000000003,-46.503972000000005,,,,1,2023-06-20T02:35:24+00:00
SAO_407E-10,São Paulo,3550308,True,,2215,,,-23.535812,-46.553087375000004,,,,1,2023-06-20T02:35:34+00:00
SAO_407E-10,São Paulo,3550308,True,,2215,,,-23.619756000000002,-46.460519500000004,,,,1,2023-06-20T02:35:25+00:00
SAO_407E-10,São Paulo,3550308,True,,2215,,,-23.592547500000002,-46.471118062500004,,,,1,2023-06-20T02:34:55+00:00
SAO_407E-10,São Paulo,3550308,True,,2215,,,-23.6335585,-46.4430015,,,,1,2023-06-20T02:35:24+00:00
SAO_407E-10,São Paulo,3550308,True,,2215,,,-23.5359945,-46.553915,,,,1,2023-06-20T02:35:34+00:00
SAO_407E-10,São Paulo,3550308,True,,2215,,,-23.6335585,-46.4430015,,,,1,2023-06-20T02:35:28+00:00
SAO_407E-10,São Paulo,3550308,True,,2215,,,-23.6335585,-46.4430015,,,,1,2023-06-20T02:35:24+00:00
SAO_3054-10,São Paulo,3550308,True,,33743,,,-23.60715,-46.478787499999996,,,,2,2023-06-20T02:35:03+00:00
SAO_3054-10,São Paulo,3550308,True,,33743,,,-23.6112465,-46.493599,,,,2,2023-06-20T02:35:00+00:00
SAO_3054-10,São Paulo,3550308,True,,33743,,,-23.609623,-46.4081455,,,,2,2023-06-20T02:35:15+00:00
SAO_3054-10,São Paulo,3550308,True,,33743,,,-23.594759,-46.4444055,,,,2,2023-06-20T02:35:35+00:00
SAO_3054-10,São Paulo,3550308,True,,33743,,,-23.609623,-46.4081455,,,,2,2023-06-20T02:35:31+00:00
SAO_3054-10,São Paulo,3550308,True,,33743,,,-23.59906375,-46.4238715,,,,2,2023-06-20T02:35:21+00:00
SAO_3054-10,São Paulo,3550308,True,,33743,,,-23.596007999999998,-46.4529145,,,,2,2023-06-20T02:35:34+00:00
SAO_3054-10,São Paulo,3550308,True,,33743,,,-23.60199,-46.4916225,,,,2,2023-06-20T02:34:56+00:00
SAO_3054-10,São Paulo,3550308,True,,33743,,,-23.6112465,-46.493599,,,,2,2023-06-20T02:35:35+00:00
SAO_3054-10,São Paulo,3550308,True,,33743,,,-23.601035,-46.41441225,,,,2,2023-06-20T02:35:29+00:00
SAO_6115-10,São Paulo,3550308,True,,1185,,,-23.7428035,-46.658500000000004,,,,1,2023-06-20T02:35:25+00:00
SAO_6115-10,São Paulo,3550308,True,,1185,,,-23.735965,-46.696236999999996,,,,1,2023-06-20T02:34:56+00:00
SAO_6115-10,São Paulo,3550308,True,,1185,,,-23.735919,-46.6961635,,,,1,2023-06-20T02:35:28+00:00
SAO_6115-10,São Paulo,3550308,True,,1185,,,-23.7542595,-46.680344,,,,1,2023-06-20T02:35:38+00:00
SAO_5370-10,São Paulo,3550308,True,,34210,,,-23.702490625,-46.701837375,,,,2,2023-06-20T02:35:04+00:00
SAO_5370-10,São Paulo,3550308,True,,34210,,,-23.55646275,-46.63784675,,,,2,2023-06-20T02:35:34+00:00
SAO_5370-10,São Paulo,3550308,True,,34210,,,-23.74047675,-46.70428525,,,,2,2023-06-20T02:35:27+00:00
SAO_5370-10,São Paulo,3550308,True,,34210,,,-23.62440625,-46.6818555,,,,2,2023-06-20T02:35:18+00:00
SAO_5370-10,São Paulo,3550308,True,,34210,,,-23.74478,-46.70714075,,,,2,2023-06-20T02:35:06+00:00
SAO_5370-10,São Paulo,3550308,True,,34210,,,-23.608873875,-46.667271375,,,,2,2023-06-20T02:35:11+00:00
SAO_5370-10,São Paulo,3550308,True,,34210,,,-23.570530624999996,-46.641018875,,,,2,2023-06-20T02:35:32+00:00
SAO_5370-10,São Paulo,3550308,True,,34210,,,-23.677031125,-46.70759425,,,,2,2023-06-20T02:35:33+00:00
SAO_7023-10,São Paulo,3550308,True,,34920,,,-23.667671,-46.731587000000005,,,,2,2023-06-20T02:35:09+00:00
SAO_7023-10,São Paulo,3550308,True,,34920,,,-23.6540225,-46.711386000000005,,,,2,2023-06-20T02:35:25+00:00
SAO_7023-10,São Paulo,3550308,True,,34920,,,-23.6997445,-46.763545,,,,2,2023-06-20T02:35:32+00:00
SAO_7023-10,São Paulo,3550308,True,,34920,,,-23.698786,-46.7627765,,,,2,2023-06-20T02:35:03+00:00
SAO_7023-10,São Paulo,3550308,True,,34920,,,-23.685936499999997,-46.737432,,,,2,2023-06-20T02:35:02+00:00
SAO_7023-10,São Paulo,3550308,True,,34920,,,-23.693002,-46.7622725,,,,2,2023-06-20T02:34:56+00:00
SAO_1178-33,São Paulo,3550308,True,,2010,,,-23.5038715,-46.433391,,,,1,2023-06-20T02:32:48+00:00
SAO_8548-10,São Paulo,3550308,True,,33346,,,-23.445667,-46.705163999999996,,,,2,2023-06-20T02:34:56+00:00
SAO_8548-10,São Paulo,3550308,True,,33346,,,-23.446651625,-46.715378375,,,,2,2023-06-20T02:34:51+00:00
SAO_8548-10,São Paulo,3550308,True,,33346,,,-23.446651625,-46.715378375,,,,2,2023-06-20T02:35:08+00:00
SAO_8548-10,São Paulo,3550308,True,,33346,,,-23.507349124999998,-46.68923062500001,,,,2,2023-06-20T02:35:19+00:00
SAO_6051-10,São Paulo,3550308,True,,1143,,,-23.7621455,-46.689133,,,,1,2023-06-20T02:35:00+00:00
SAO_175T-10,São Paulo,3550308,True,,33391,,,-23.504054125000003,-46.624669499999996,,,,2,2023-06-20T02:34:54+00:00
SAO_175T-10,São Paulo,3550308,True,,33391,,,-23.6360805,-46.641146000000006,,,,2,2023-06-20T02:35:01+00:00
SAO_175T-10,São Paulo,3550308,True,,33391,,,-23.5031265,-46.624462,,,,2,2023-06-20T02:35:26+00:00
SAO_175T-10,São Paulo,3550308,True,,33391,,,-23.653973,-46.6379265,,,,2,2023-06-20T02:35:02+00:00
SAO_175T-10,São Paulo,3550308,True,,33391,,,-23.5477615,-46.638290749999996,,,,2,2023-06-20T02:35:12+00:00
SAO_175T-10,São Paulo,3550308,True,,33391,,,-23.578492250000004,-46.64594699999999,,,,2,2023-06-20T02:35:28+00:00
SAO_175T-10,São Paulo,3550308,True,,33391,,,-23.5943575,-46.650323,,,,2,2023-06-20T02:35:18+00:00
SAO_175T-10,São Paulo,3550308,True,,33391,,,-23.503131,-46.6242855,,,,2,2023-06-20T02:35:31+00:00
SAO_175T-10,São Paulo,3550308,True,,33391,,,-23.58749675,-46.65236775,,,,2,2023-06-20T02:35:29+00:00
SAO_175T-10,São Paulo,3550308,True,,33391,,,-23.507558500000002,-46.626216,,,,2,2023-06-20T02:34:42+00:00
SAO_175T-10,São Paulo,3550308,True,,33391,,,-23.505223,-46.625815,,,,2,2023-06-20T02:35:05+00:00
SAO_175T-10,São Paulo,3550308,True,,33391,,,-23.640931000000002,-46.6413955,,,,2,2023-06-20T02:35:17+00:00
SAO_175T-10,São Paulo,3550308,True,,33391,,,-23.652592499999997,-46.637114,,,,2,2023-06-20T02:35:29+00:00
SAO_809P-10,São Paulo,3550308,True,,34659,,,-23.571197749999996,-46.693273250000004,,,,2,2023-06-20T02:35:37+00:00
SAO_809P-10,São Paulo,3550308,True,,34659,,,-23.63142725,-46.77140775,,,,2,2023-06-20T02:35:01+00:00
SAO_809P-10,São Paulo,3550308,True,,34659,,,-23.566692500000002,-46.701378500000004,,,,2,2023-06-20T02:35:11+00:00
SAO_809P-10,São Paulo,3550308,True,,34659,,,-23.584801249999998,-46.7190375,,,,2,2023-06-20T02:35:28+00:00
SAO_809P-10,São Paulo,3550308,True,,34659,,,-23.6313825,-46.77286,,,,2,2023-06-20T02:34:54+00:00
SAO_809P-10,São Paulo,3550308,True,,34659,,,-23.6313825,-46.77286,,,,2,2023-06-20T02:35:25+00:00
SAO_809P-10,São Paulo,3550308,True,,34659,,,-23.631258,-46.773112999999995,,,,2,2023-06-20T02:35:23+00:00
SAO_809P-10,São Paulo,3550308,True,,34659,,,-23.631508,-46.7726,,,,2,2023-06-20T02:35:07+00:00
SAO_809P-10,São Paulo,3550308,True,,34659,,,-23.6316405,-46.772316,,,,2,2023-06-20T02:35:26+00:00
SAO_809P-10,São Paulo,3550308,True,,34659,,,-23.604568,-46.745587,,,,2,2023-06-20T02:35:18+00:00
SAO_809P-10,São Paulo,3550308,True,,34659,,,-23.6249445,-46.7648155,,,,2,2023-06-20T02:35:26+00:00
SAO_573T-31,São Paulo,3550308,True,,2248,,,-23.542620499999998,-46.5481845,,,,1,2023-06-20T02:34:54+00:00
SAO_8707-10,São Paulo,3550308,True,,34832,,,-23.564365000000002,-46.6782645,,,,2,2023-06-20T02:35:25+00:00
SAO_8707-10,São Paulo,3550308,True,,34832,,,-23.582739625000002,-46.76021837500001,,,,2,2023-06-20T02:35:22+00:00
SAO_8707-10,São Paulo,3550308,True,,34832,,,-23.5629095,-46.7470515,,,,2,2023-06-20T02:35:13+00:00
SAO_8707-10,São Paulo,3550308,True,,34832,,,-23.582739625000002,-46.76021837500001,,,,2,2023-06-20T02:35:26+00:00
SAO_2007-10,São Paulo,3550308,True,,33664,,,-23.5095785,-46.37041775,,,,2,2023-06-20T02:35:06+00:00
SAO_2007-10,São Paulo,3550308,True,,33664,,,-23.5095785,-46.37041775,,,,2,2023-06-20T02:35:30+00:00
SAO_2007-10,São Paulo,3550308,True,,33664,,,-23.495033499999998,-46.402933000000004,,,,2,2023-06-20T02:35:10+00:00
SAO_2007-10,São Paulo,3550308,True,,33664,,,-23.506757,-46.368624000000004,,,,2,2023-06-20T02:30:29+00:00
SAO_2007-10,São Paulo,3550308,True,,33664,,,-23.510008749999997,-46.3703235,,,,2,2023-06-20T02:34:59+00:00
SAO_2007-10,São Paulo,3550308,True,,33664,,,-23.501959499999998,-46.3845865,,,,2,2023-06-20T02:35:02+00:00
SAO_2007-10,São Paulo,3550308,True,,33664,,,-23.507562999999998,-46.3761145,,,,2,2023-06-20T02:34:58+00:00
SAO_2007-10,São Paulo,3550308,True,,33664,,,-23.495502875,-46.40193325,,,,2,2023-06-20T02:34:48+00:00
SAO_2007-10,São Paulo,3550308,True,,33664,,,-23.504588499999997,-46.378322499999996,,,,2,2023-06-20T02:35:03+00:00
SAO_2727-10,São Paulo,3550308,True,,942,,,-23.540153,-46.483096,,,,1,2023-06-20T02:35:08+00:00
SAO_2727-10,São Paulo,3550308,True,,942,,,-23.539345875000002,-46.482864000000006,,,,1,2023-06-20T02:35:31+00:00
SAO_2727-10,São Paulo,3550308,True,,942,,,-23.540153,-46.483096,,,,1,2023-06-20T02:35:20+00:00
SAO_2727-10,São Paulo,3550308,True,,942,,,-23.5357115,-46.4678915,,,,1,2023-06-20T02:34:40+00:00
SAO_2727-10,São Paulo,3550308,True,,942,,,-23.540153,-46.483096,,,,1,2023-06-20T02:35:03+00:00
SAO_2727-10,São Paulo,3550308,True,,942,,,-23.540153,-46.483096,,,,1,2023-06-20T02:35:27+00:00
SAO_2727-10,São Paulo,3550308,True,,942,,,-23.525303125,-46.459865625,,,,1,2023-06-20T02:35:24+00:00
SAO_2727-10,São Paulo,3550308,True,,942,,,-23.540153,-46.483096,,,,1,2023-06-20T02:35:32+00:00
SAO_2727-10,São Paulo,3550308,True,,942,,,-23.540153,-46.483096,,,,1,2023-06-20T02:35:06+00:00
SAO_745M-21,São Paulo,3550308,True,,34752,,,-23.630474,-46.770542000000006,,,,2,2023-06-20T02:35:19+00:00
SAO_745M-21,São Paulo,3550308,True,,34752,,,-23.630615499999998,-46.768413,,,,2,2023-06-20T02:35:26+00:00
SAO_745M-21,São Paulo,3550308,True,,34752,,,-23.630212,-46.7595125,,,,2,2023-06-20T02:35:03+00:00
SAO_6115-10,São Paulo,3550308,True,,33953,,,-23.742746,-46.6587425,,,,2,2023-06-20T02:35:24+00:00
SAO_6115-10,São Paulo,3550308,True,,33953,,,-23.742746,-46.6587425,,,,2,2023-06-20T02:35:36+00:00
SAO_6115-10,São Paulo,3550308,True,,33953,,,-23.742746,-46.6587425,,,,2,2023-06-20T02:35:27+00:00
SAO_6115-10,São Paulo,3550308,True,,33953,,,-23.756319499999996,-46.66890775,,,,2,2023-06-20T02:35:33+00:00
SAO_6115-10,São Paulo,3550308,True,,33953,,,-23.753707499999997,-46.6879435,,,,2,2023-06-20T02:35:19+00:00
SAO_6115-10,São Paulo,3550308,True,,33953,,,-23.736480999999998,-46.69416675,,,,2,2023-06-20T02:34:57+00:00
SAO_6115-10,São Paulo,3550308,True,,33953,,,-23.745892500000004,-46.6641475,,,,2,2023-06-20T02:35:12+00:00
SAO_6074-10,São Paulo,3550308,True,,33929,,,-23.7339715,-46.6944185,,,,2,2023-06-20T02:35:37+00:00
SAO_6074-10,São Paulo,3550308,True,,33929,,,-23.6775605,-46.701477,,,,2,2023-06-20T02:35:27+00:00
SAO_6074-10,São Paulo,3550308,True,,33929,,,-23.734747,-46.664041999999995,,,,2,2023-06-20T02:35:08+00:00
SAO_6074-10,São Paulo,3550308,True,,33929,,,-23.7543765,-46.6802115,,,,2,2023-06-20T02:35:09+00:00
SAO_6074-10,São Paulo,3550308,True,,33929,,,-23.756035500000003,-46.6673505,,,,2,2023-06-20T02:35:07+00:00
SAO_6074-10,São Paulo,3550308,True,,33929,,,-23.734608,-46.6640375,,,,2,2023-06-20T02:35:28+00:00
SAO_6074-10,São Paulo,3550308,True,,33929,,,-23.7425605,-46.669598,,,,2,2023-06-20T02:35:34+00:00
SAO_6074-10,São Paulo,3550308,True,,33929,,,-23.6775605,-46.701477,,,,2,2023-06-20T02:35:34+00:00
SAO_6074-10,São Paulo,3550308,True,,33929,,,-23.679933625,-46.695846,,,,2,2023-06-20T02:34:57+00:00
SAO_5106-21,São Paulo,3550308,True,,34740,,,-23.599866499999997,-46.68169975,,,,2,2023-06-20T02:35:12+00:00
SAO_5106-21,São Paulo,3550308,True,,34740,,,-23.6872905,-46.655204,,,,2,2023-06-20T02:35:28+00:00
SAO_5106-21,São Paulo,3550308,True,,34740,,,-23.6314365,-46.6415645,,,,2,2023-06-20T02:35:12+00:00
SAO_5106-21,São Paulo,3550308,True,,34740,,,-23.678149,-46.629804500000006,,,,2,2023-06-20T02:35:34+00:00
SAO_5106-21,São Paulo,3550308,True,,34740,,,-23.652262999999998,-46.637575999999996,,,,2,2023-06-20T02:35:31+00:00
SAO_5106-21,São Paulo,3550308,True,,34740,,,-23.609916249999998,-46.66207575,,,,2,2023-06-20T02:35:04+00:00
SAO_5106-21,São Paulo,3550308,True,,34740,,,-23.6692195,-46.635187,,,,2,2023-06-20T02:35:34+00:00
SAO_5106-21,São Paulo,3550308,True,,34740,,,-23.6852145,-46.653948,,,,2,2023-06-20T02:35:06+00:00
SAO_5106-21,São Paulo,3550308,True,,34740,,,-23.6136795,-46.695497,,,,2,2023-06-20T02:35:03+00:00
SAO_5106-21,São Paulo,3550308,True,,34740,,,-23.684538,-46.653396,,,,2,2023-06-20T02:35:12+00:00
SAO_5106-21,São Paulo,3550308,True,,34740,,,-23.6876055,-46.640014,,,,2,2023-06-20T02:34:54+00:00
SAO_5106-21,São Paulo,3550308,True,,34740,,,-23.6136795,-46.695497,,,,2,2023-06-20T02:35:15+00:00
SAO_3686-10,São Paulo,3550308,True,EMTU,166,https://moovitapp.com/index/pt-br/transporte_p%C3%BAblico-line-166-Sao_Paulo-242-2038937-36419307-0,7.8,-23.552839,-46.612486000000004,,,,1,2023-06-20T02:35:28+00:00
SAO_3686-10,São Paulo,3550308,True,EMTU,166,https://moovitapp.com/index/pt-br/transporte_p%C3%BAblico-line-166-Sao_Paulo-242-2038937-36419307-0,7.8,-23.5473415,-46.629296499999995,,,,1,2023-06-20T02:35:31+00:00
SAO_3686-10,São Paulo,3550308,True,EMTU,166,https://moovitapp.com/index/pt-br/transporte_p%C3%BAblico-line-166-Sao_Paulo-242-2038937-36419307-0,7.8,-23.5393415,-46.4832535,,,,1,2023-06-20T02:35:30+00:00
SAO_5791-10,São Paulo,3550308,True,,33375,,,-23.672237000000003,-46.631834,,,,2,2023-06-20T02:32:15+00:00
SAO_5791-10,São Paulo,3550308,True,,33375,,,-23.715794,-46.624167,,,,2,2023-06-20T02:33:31+00:00
SAO_5791-10,São Paulo,3550308,True,,33375,,,-23.64340225,-46.641351,,,,2,2023-06-20T02:35:08+00:00
SAO_5791-10,São Paulo,3550308,True,,33375,,,-23.677464,-46.62902,,,,2,2023-06-20T02:35:13+00:00
SAO_5791-10,São Paulo,3550308,True,,33375,,,-23.7159525,-46.6262445,,,,2,2023-06-20T02:35:04+00:00
SAO_5791-10,São Paulo,3550308,True,,33375,,,-23.622103125000002,-46.640084374999994,,,,2,2023-06-20T02:35:30+00:00
SAO_5791-10,São Paulo,3550308,True,,33375,,,-23.5818855,-46.638222,,,,2,2023-06-20T02:35:15+00:00
SAO_5791-10,São Paulo,3550308,True,,33375,,,-23.715893,-46.624467,,,,2,2023-06-20T02:35:00+00:00
SAO_6016-10,São Paulo,3550308,True,,32852,,,-23.770217000000002,-46.67504125,,,,2,2023-06-20T02:35:08+00:00
SAO_6016-10,São Paulo,3550308,True,,32852,,,-23.771321,-46.6737205,,,,2,2023-06-20T02:34:58+00:00
SAO_6016-10,São Paulo,3550308,True,,32852,,,-23.7530115,-46.6886865,,,,2,2023-06-20T02:35:13+00:00
SAO_6016-10,São Paulo,3550308,True,,32852,,,-23.771499499999997,-46.673306,,,,2,2023-06-20T02:35:27+00:00
SAO_6016-10,São Paulo,3550308,True,,32852,,,-23.772085,-46.672834,,,,2,2023-06-20T02:34:56+00:00
SAO_4006-10,São Paulo,3550308,True,,2180,,,-23.596856,-46.436479,,,,1,2023-06-20T02:35:05+00:00
SAO_4006-10,São Paulo,3550308,True,,2180,,,-23.596856,-46.436479,,,,1,2023-06-20T02:35:28+00:00
SAO_4006-10,São Paulo,3550308,True,,2180,,,-23.596856,-46.436479,,,,1,2023-06-20T02:34:59+00:00
SAO_574A-10,São Paulo,3550308,True,,33370,,,-23.613651,-46.63822,,,,2,2023-06-20T02:35:19+00:00
SAO_574A-10,São Paulo,3550308,True,,33370,,,-23.5750675,-46.62483400000001,,,,2,2023-06-20T02:35:34+00:00
SAO_574A-10,São Paulo,3550308,True,,33370,,,-23.66770375,-46.6422585,,,,2,2023-06-20T02:35:24+00:00
SAO_574A-10,São Paulo,3550308,True,,33370,,,-23.601159312500002,-46.636772375,,,,2,2023-06-20T02:35:04+00:00
SAO_574A-10,São Paulo,3550308,True,,33370,,,-23.66770375,-46.6422585,,,,2,2023-06-20T02:34:52+00:00
SAO_574A-10,São Paulo,3550308,True,,33370,,,-23.6682745,-46.6426215,,,,2,2023-06-20T02:35:29+00:00
SAO_574A-10,São Paulo,3550308,True,,33370,,,-23.5663785,-46.614016500000005,,,,2,2023-06-20T02:34:51+00:00
SAO_574A-10,São Paulo,3550308,True,,33370,,,-23.666421999999997,-46.638602500000005,,,,2,2023-06-20T02:34:57+00:00
SAO_407L-10,São Paulo,3550308,True,,2199,,,-23.52383575,-46.510268249999996,,,,1,2023-06-20T02:35:17+00:00
SAO_407L-10,São Paulo,3550308,True,,2199,,,-23.583215,-46.408328,,,,1,2023-06-20T02:35:23+00:00
SAO_407L-10,São Paulo,3550308,True,,2199,,,-23.590169500000002,-46.3950145,,,,1,2023-06-20T02:35:35+00:00
SAO_407L-10,São Paulo,3550308,True,,2199,,,-23.579571,-46.415281,,,,1,2023-06-20T02:35:11+00:00
SAO_407L-10,São Paulo,3550308,True,,2199,,,-23.588738499999998,-46.395792,,,,1,2023-06-20T02:35:33+00:00
SAO_407L-10,São Paulo,3550308,True,,2199,,,-23.536209,-46.46548,,,,1,2023-06-20T02:35:19+00:00
SAO_407L-10,São Paulo,3550308,True,,2199,,,-23.590169500000002,-46.3950145,,,,1,2023-06-20T02:35:33+00:00
SAO_407L-10,São Paulo,3550308,True,,2199,,,-23.536653125,-46.427642875000004,,,,1,2023-06-20T02:35:31+00:00
SAO_407L-10,São Paulo,3550308,True,,2199,,,-23.5281875,-46.515938500000004,,,,1,2023-06-20T02:35:28+00:00
SAO_4313-10,São Paulo,3550308,True,,34941,,,-23.594765,-46.4457455,,,,2,2023-06-20T02:35:26+00:00
SAO_4313-10,São Paulo,3550308,True,,34941,,,-23.594003,-46.42143900000001,,,,2,2023-06-20T02:34:34+00:00
SAO_4313-10,São Paulo,3550308,True,,34941,,,-23.583196,-46.407725,,,,2,2023-06-20T02:35:08+00:00
SAO_4313-10,São Paulo,3550308,True,,34941,,,-23.593663,-46.4187385,,,,2,2023-06-20T02:35:20+00:00
SAO_4313-10,São Paulo,3550308,True,,34941,,,-23.540271,-46.542129,,,,2,2023-06-20T02:35:02+00:00
SAO_4313-10,São Paulo,3550308,True,,34941,,,-23.5409805,-46.576847,,,,2,2023-06-20T02:35:31+00:00
SAO_4313-10,São Paulo,3550308,True,,34941,,,-23.539747875,-46.543512875,,,,2,2023-06-20T02:35:31+00:00
SAO_4313-10,São Paulo,3550308,True,,34941,,,-23.5479245,-46.629473,,,,2,2023-06-20T02:35:31+00:00
SAO_4313-10,São Paulo,3550308,True,,34941,,,-23.561965,-46.5110705,,,,2,2023-06-20T02:34:56+00:00
SAO_4313-10,São Paulo,3550308,True,,34941,,,-23.58308,-46.408871000000005,,,,2,2023-06-20T02:34:56+00:00
SAO_4313-10,São Paulo,3550308,True,,34941,,,-23.583131,-46.4090595,,,,2,2023-06-20T02:35:26+00:00
SAO_4313-10,São Paulo,3550308,True,,34941,,,-23.593273500000002,-46.418434500000004,,,,2,2023-06-20T02:31:49+00:00
SAO_4313-10,São Paulo,3550308,True,,34941,,,-23.5947675,-46.444869999999995,,,,2,2023-06-20T02:35:23+00:00
SAO_4313-10,São Paulo,3550308,True,,34941,,,-23.56879,-46.504977,,,,2,2023-06-20T02:35:06+00:00
SAO_4313-10,São Paulo,3550308,True,,34941,,,-23.5531765,-46.613653,,,,2,2023-06-20T02:34:41+00:00
SAO_4313-10,São Paulo,3550308,True,,34941,,,-23.5830695,-46.408172,,,,2,2023-06-20T02:35:17+00:00
SAO_4313-10,São Paulo,3550308,True,,34941,,,-23.573306,-46.5042655,,,,2,2023-06-20T02:35:32+00:00
SAO_4313-10,São Paulo,3550308,True,,34941,,,-23.5479245,-46.629473,,,,2,2023-06-20T02:35:16+00:00
SAO_4313-10,São Paulo,3550308,True,,34941,,,-23.583091000000003,-46.4080965,,,,2,2023-06-20T02:35:30+00:00
SAO_4313-10,São Paulo,3550308,True,,34941,,,-23.595814750000002,-46.43762475,,,,2,2023-06-20T02:34:59+00:00
SAO_4313-10,São Paulo,3550308,True,,34941,,,-23.5948155,-46.427567624999995,,,,2,2023-06-20T02:35:05+00:00
SAO_4313-10,São Paulo,3550308,True,,34941,,,-23.58274,-46.4097125,,,,2,2023-06-20T02:35:17+00:00
SAO_172N-10,São Paulo,3550308,True,,33432,,,-23.515946749999998,-46.61641775,,,,2,2023-06-20T02:35:26+00:00
SAO_172N-10,São Paulo,3550308,True,,33432,,,-23.515946749999998,-46.61641775,,,,2,2023-06-20T02:35:21+00:00
SAO_172N-10,São Paulo,3550308,True,,33432,,,-23.5005925,-46.6153345,,,,2,2023-06-20T02:35:28+00:00
SAO_172N-10,São Paulo,3550308,True,,33432,,,-23.51559625,-46.61637925,,,,2,2023-06-20T02:34:58+00:00
SAO_172N-10,São Paulo,3550308,True,,33432,,,-23.515946749999998,-46.61641775,,,,2,2023-06-20T02:34:57+00:00
SAO_172N-10,São Paulo,3550308,True,,33432,,,-23.5115375,-46.6218,,,,2,2023-06-20T02:35:37+00:00
SAO_172N-10,São Paulo,3550308,True,,33432,,,-23.537876500000003,-46.597537125,,,,2,2023-06-20T02:35:29+00:00
SAO_172N-10,São Paulo,3550308,True,,33432,,,-23.516318499999997,-46.616457999999994,,,,2,2023-06-20T02:35:28+00:00
SAO_172N-10,São Paulo,3550308,True,,33432,,,-23.515634249999998,-46.587492749999996,,,,2,2023-06-20T02:34:58+00:00
SAO_2766-10,São Paulo,3550308,True,,33173,,,-23.5425775,-46.4719335,,,,2,2023-06-20T02:35:25+00:00
SAO_2766-10,São Paulo,3550308,True,,33173,,,-23.5124325,-46.393641,,,,2,2023-06-20T02:29:41+00:00
SAO_2766-10,São Paulo,3550308,True,,33173,,,-23.520581999999997,-46.3893115,,,,2,2023-06-20T02:29:58+00:00
SAO_2766-10,São Paulo,3550308,True,,33173,,,-23.494785,-46.406074,,,,2,2023-06-20T02:35:26+00:00
SAO_2766-10,São Paulo,3550308,True,,33173,,,-23.534772750000002,-46.451460999999995,,,,2,2023-06-20T02:35:33+00:00
SAO_2766-10,São Paulo,3550308,True,,33173,,,-23.520533,-46.3894665,,,,2,2023-06-20T02:35:05+00:00
SAO_2766-10,São Paulo,3550308,True,,33173,,,-23.520533,-46.3894665,,,,2,2023-06-20T02:20:03+00:00
SAO_2766-10,São Paulo,3550308,True,,33173,,,-23.519935500000003,-46.444098,,,,2,2023-06-20T02:35:05+00:00
SAO_4002-10,São Paulo,3550308,True,,2177,,,-23.55616225,-46.396328499999996,,,,1,2023-06-20T02:30:56+00:00
SAO_4002-10,São Paulo,3550308,True,,2177,,,-23.5583375,-46.399699,,,,1,2023-06-20T02:35:21+00:00
SAO_4002-10,São Paulo,3550308,True,,2177,,,-23.580339000000002,-46.5018145,,,,1,2023-06-20T02:35:29+00:00
SAO_2709-10,São Paulo,3550308,True,,33690,,,-23.52831975,-46.49943450000001,,,,2,2023-06-20T02:34:55+00:00
SAO_2709-10,São Paulo,3550308,True,,33690,,,-23.529739,-46.501110999999995,,,,2,2023-06-20T02:34:56+00:00
SAO_2709-10,São Paulo,3550308,True,,33690,,,-23.5202155,-46.480222999999995,,,,2,2023-06-20T02:35:10+00:00
SAO_2709-10,São Paulo,3550308,True,,33690,,,-23.529722,-46.500626,,,,2,2023-06-20T02:35:14+00:00
SAO_118Y-10,São Paulo,3550308,True,,33609,,,-23.4840115,-46.6507515,,,,2,2023-06-20T02:35:10+00:00
SAO_118Y-10,São Paulo,3550308,True,,33609,,,-23.483215,-46.6636005,,,,2,2023-06-20T02:35:30+00:00
SAO_118Y-10,São Paulo,3550308,True,,33609,,,-23.50768425,-46.6786735,,,,2,2023-06-20T02:34:52+00:00
SAO_118Y-10,São Paulo,3550308,True,,33609,,,-23.472411,-46.634502749999996,,,,2,2023-06-20T02:35:22+00:00
SAO_118Y-10,São Paulo,3550308,True,,33609,,,-23.472585000000002,-46.63464675,,,,2,2023-06-20T02:35:18+00:00
SAO_118Y-10,São Paulo,3550308,True,,33609,,,-23.472693,-46.63499025,,,,2,2023-06-20T02:34:54+00:00
SAO_118Y-10,São Paulo,3550308,True,,33609,,,-23.472693,-46.63499025,,,,2,2023-06-20T02:34:59+00:00
SAO_118Y-10,São Paulo,3550308,True,,33609,,,-23.472585000000002,-46.63464675,,,,2,2023-06-20T02:35:14+00:00
SAO_576M-10,São Paulo,3550308,True,,33372,,,-23.6774965,-46.6406015,,,,2,2023-06-20T02:35:07+00:00
SAO_576M-10,São Paulo,3550308,True,,33372,,,-23.6774965,-46.6406015,,,,2,2023-06-20T02:35:00+00:00
SAO_576M-10,São Paulo,3550308,True,,33372,,,-23.6774965,-46.6406015,,,,2,2023-06-20T02:34:55+00:00
SAO_576M-10,São Paulo,3550308,True,,33372,,,-23.6216085,-46.670081249999996,,,,2,2023-06-20T02:35:16+00:00
SAO_576M-10,São Paulo,3550308,True,,33372,,,-23.593119,-46.6807585,,,,2,2023-06-20T02:35:21+00:00
SAO_576M-10,São Paulo,3550308,True,,33372,,,-23.6650225,-46.638098,,,,2,2023-06-20T02:35:07+00:00
SAO_576M-10,São Paulo,3550308,True,,33372,,,-23.678067499999997,-46.640125499999996,,,,2,2023-06-20T02:35:09+00:00
SAO_576M-10,São Paulo,3550308,True,,33372,,,-23.63311175,-46.644645125,,,,2,2023-06-20T02:35:35+00:00
SAO_576M-10,São Paulo,3550308,True,,33372,,,-23.6774965,-46.6406015,,,,2,2023-06-20T02:34:52+00:00
SAO_574W-10,São Paulo,3550308,True,,1629,,,-23.614732,-46.501775,,,,1,2023-06-20T02:34:37+00:00
SAO_574W-10,São Paulo,3550308,True,,1629,,,-23.567203,-46.543442999999996,,,,1,2023-06-20T02:35:31+00:00
SAO_574W-10,São Paulo,3550308,True,,1629,,,-23.617753,-46.485335500000005,,,,1,2023-06-20T02:35:33+00:00
SAO_574W-10,São Paulo,3550308,True,,1629,,,-23.5851095,-46.51983274999999,,,,1,2023-06-20T02:35:37+00:00
SAO_574W-10,São Paulo,3550308,True,,1629,,,-23.5429775,-46.588603500000005,,,,1,2023-06-20T02:35:20+00:00
SAO_574W-10,São Paulo,3550308,True,,1629,,,-23.6147775,-46.4877295,,,,1,2023-06-20T02:35:20+00:00
SAO_6110-10,São Paulo,3550308,True,,1184,,,-23.7294485,-46.717188,,,,1,2023-06-20T02:35:03+00:00
SAO_6110-10,São Paulo,3550308,True,,1184,,,-23.702216375,-46.701288375,,,,1,2023-06-20T02:35:11+00:00
SAO_6110-10,São Paulo,3550308,True,,1184,,,-23.757465,-46.7053555,,,,1,2023-06-20T02:35:14+00:00
SAO_6110-10,São Paulo,3550308,True,,1184,,,-23.757465,-46.7053555,,,,1,2023-06-20T02:34:52+00:00
SAO_6110-10,São Paulo,3550308,True,,1184,,,-23.652473999999998,-46.6792795,,,,1,2023-06-20T02:35:22+00:00
SAO_817C-10,São Paulo,3550308,True,,1337,,,-23.524198874999996,-46.700546875,,,,1,2023-06-20T02:35:23+00:00
SAO_817C-10,São Paulo,3550308,True,,1337,,,-23.5217005,-46.700518,,,,1,2023-06-20T02:35:22+00:00
SAO_817C-10,São Paulo,3550308,True,,1337,,,-23.5475405,-46.687715,,,,1,2023-06-20T02:35:20+00:00
SAO_2755-10,São Paulo,3550308,True,STT,233,https://moovitapp.com/index/pt-br/transporte_p%C3%BAblico-line-233-Sao_Paulo-242-850661-183266-0,5.3,-23.516137,-46.483919,,,,1,2023-06-20T02:35:33+00:00
SAO_2755-10,São Paulo,3550308,True,STT,233,https://moovitapp.com/index/pt-br/transporte_p%C3%BAblico-line-233-Sao_Paulo-242-850661-183266-0,5.3,-23.5121825,-46.432359000000005,,,,1,2023-06-20T02:35:13+00:00
SAO_2755-10,São Paulo,3550308,True,STT,233,https://moovitapp.com/index/pt-br/transporte_p%C3%BAblico-line-233-Sao_Paulo-242-850661-183266-0,5.3,-23.514959750000003,-46.454404249999996,,,,1,2023-06-20T02:35:21+00:00
SAO_2755-10,São Paulo,3550308,True,STT,233,https://moovitapp.com/index/pt-br/transporte_p%C3%BAblico-line-233-Sao_Paulo-242-850661-183266-0,5.3,-23.5369355,-46.404654,,,,1,2023-06-20T02:33:06+00:00
SAO_2755-10,São Paulo,3550308,True,STT,233,https://moovitapp.com/index/pt-br/transporte_p%C3%BAblico-line-233-Sao_Paulo-242-850661-183266-0,5.3,-23.53265475,-46.5431335,,,,1,2023-06-20T02:35:12+00:00
SAO_2755-10,São Paulo,3550308,True,STT,233,https://moovitapp.com/index/pt-br/transporte_p%C3%BAblico-line-233-Sao_Paulo-242-850661-183266-0,5.3,-23.532943500000002,-46.5433115,,,,1,2023-06-20T02:35:22+00:00
SAO_2755-10,São Paulo,3550308,True,STT,233,https://moovitapp.com/index/pt-br/transporte_p%C3%BAblico-line-233-Sao_Paulo-242-850661-183266-0,5.3,-23.523505874999998,-46.55179725000001,,,,1,2023-06-20T02:35:34+00:00
SAO_2755-10,São Paulo,3550308,True,STT,233,https://moovitapp.com/index/pt-br/transporte_p%C3%BAblico-line-233-Sao_Paulo-242-850661-183266-0,5.3,-23.5397325,-46.3947625,,,,1,2023-06-20T02:35:11+00:00
SAO_5391-10,São Paulo,3550308,True,,32939,,,-23.582776499999998,-46.65253575,,,,2,2023-06-20T02:33:56+00:00
SAO_5391-10,São Paulo,3550308,True,,32939,,,-23.627412437500002,-46.6846245,,,,2,2023-06-20T02:35:26+00:00
SAO_5391-10,São Paulo,3550308,True,,32939,,,-23.692995500000002,-46.7785065,,,,2,2023-06-20T02:35:30+00:00
SAO_5391-10,São Paulo,3550308,True,,32939,,,-23.692511000000003,-46.7778525,,,,2,2023-06-20T02:35:01+00:00
SAO_5391-10,São Paulo,3550308,True,,32939,,,-23.692826,-46.7782155,,,,2,2023-06-20T02:34:34+00:00
SAO_5391-10,São Paulo,3550308,True,,32939,,,-23.692995500000002,-46.7785065,,,,2,2023-06-20T02:35:11+00:00
SAO_5391-10,São Paulo,3550308,True,,32939,,,-23.692586,-46.7779375,,,,2,2023-06-20T02:35:34+00:00
SAO_5391-10,São Paulo,3550308,True,,32939,,,-23.6670375,-46.72527425,,,,2,2023-06-20T02:33:10+00:00
SAO_5391-10,São Paulo,3550308,True,,32939,,,-23.6903555,-46.7743995,,,,2,2023-06-20T02:34:39+00:00
SAO_2002-10,São Paulo,3550308,True,,33479,,,-23.546634500000003,-46.6300045,,,,2,2023-06-20T02:35:24+00:00
SAO_2002-10,São Paulo,3550308,True,,33479,,,-23.546762,-46.629915499999996,,,,2,2023-06-20T02:35:05+00:00
SAO_3737-31,São Paulo,3550308,True,,1354,,,-23.530606499999998,-46.51745699999999,,,,1,2023-06-20T02:35:09+00:00
SAO_3737-31,São Paulo,3550308,True,,1354,,,-23.539898,-46.50751150000001,,,,1,2023-06-20T02:35:17+00:00
SAO_3737-10,São Paulo,3550308,True,,33805,,,-23.55641,-46.507846,,,,2,2023-06-20T02:28:32+00:00
SAO_3737-10,São Paulo,3550308,True,,33805,,,-23.5307095,-46.517677,,,,2,2023-06-20T02:35:05+00:00
SAO_3737-10,São Paulo,3550308,True,,33805,,,-23.564476499999998,-46.504782500000005,,,,2,2023-06-20T02:35:11+00:00
SAO_3737-10,São Paulo,3550308,True,,33805,,,-23.56468325,-46.50561075,,,,2,2023-06-20T02:35:29+00:00
SAO_3737-10,São Paulo,3550308,True,,33805,,,-23.55472775,-46.50054,,,,2,2023-06-20T02:34:44+00:00
SAO_3737-10,São Paulo,3550308,True,,33805,,,-23.544892,-46.5084585,,,,2,2023-06-20T02:35:13+00:00
SAO_3737-10,São Paulo,3550308,True,,33805,,,-23.5307095,-46.517677,,,,2,2023-06-20T02:35:17+00:00
SAO_3737-10,São Paulo,3550308,True,,33805,,,-23.564532999999997,-46.5048475,,,,2,2023-06-20T02:35:32+00:00
SAO_3737-10,São Paulo,3550308,True,,33805,,,-23.5655005,-46.50685,,,,2,2023-06-20T02:35:00+00:00
SAO_1036-10,São Paulo,3550308,True,,35221,,,-23.447865999999998,-46.708386,,,,2,2023-06-20T02:35:16+00:00
SAO_1036-10,São Paulo,3550308,True,,35221,,,-23.465460999999998,-46.7146105,,,,2,2023-06-20T02:35:22+00:00
SAO_1036-10,São Paulo,3550308,True,,35221,,,-23.451487,-46.712468,,,,2,2023-06-20T02:35:23+00:00
SAO_1036-10,São Paulo,3550308,True,,35221,,,-23.445848875000003,-46.708823375,,,,2,2023-06-20T02:35:22+00:00
SAO_1036-10,São Paulo,3550308,True,,35221,,,-23.485154,-46.710824,,,,2,2023-06-20T02:35:15+00:00
SAO_695Y-10,São Paulo,3550308,True,,33966,,,-23.642128874999997,-46.699365875,,,,2,2023-06-20T02:35:08+00:00
SAO_695Y-10,São Paulo,3550308,True,,33966,,,-23.7068195,-46.700339,,,,2,2023-06-20T02:35:24+00:00
SAO_695Y-10,São Paulo,3550308,True,,33966,,,-23.675283874999998,-46.69008074999999,,,,2,2023-06-20T02:35:23+00:00
SAO_695Y-10,São Paulo,3550308,True,,33966,,,-23.59326775,-46.6366685,,,,2,2023-06-20T02:35:35+00:00
SAO_695Y-10,São Paulo,3550308,True,,33966,,,-23.781442499999997,-46.7258005,,,,2,2023-06-20T02:35:03+00:00
SAO_695Y-10,São Paulo,3550308,True,,33966,,,-23.788306,-46.726478875,,,,2,2023-06-20T02:35:12+00:00
SAO_695Y-10,São Paulo,3550308,True,,33966,,,-23.709693,-46.69967,,,,2,2023-06-20T02:35:31+00:00
SAO_695Y-10,São Paulo,3550308,True,,33966,,,-23.81431575,-46.73532862500001,,,,2,2023-06-20T02:35:29+00:00
SAO_695Y-10,São Paulo,3550308,True,,33966,,,-23.679933625,-46.695846,,,,2,2023-06-20T02:35:24+00:00
SAO_695Y-10,São Paulo,3550308,True,,33966,,,-23.652103750000002,-46.70216125,,,,2,2023-06-20T02:35:13+00:00
SAO_695Y-10,São Paulo,3550308,True,,33966,,,-23.7406685,-46.7046835,,,,2,2023-06-20T02:35:22+00:00
SAO_6L08-10,São Paulo,3550308,True,,33950,,,-23.825851,-46.7034265,,,,2,2023-06-20T02:34:42+00:00
SAO_6L08-10,São Paulo,3550308,True,,33950,,,-23.827337999999997,-46.697942375,,,,2,2023-06-20T02:35:26+00:00
SAO_5035-10,São Paulo,3550308,True,,1668,,,-23.63559925,-46.5928035,,,,1,2023-06-20T02:34:55+00:00
SAO_5035-10,São Paulo,3550308,True,,1668,,,-23.6220175,-46.59407125,,,,1,2023-06-20T02:35:03+00:00
SAO_5035-10,São Paulo,3550308,True,,1668,,,-23.637237,-46.5923005,,,,1,2023-06-20T02:35:06+00:00
SAO_5035-10,São Paulo,3550308,True,,1668,,,-23.637262749999998,-46.59353775,,,,1,2023-06-20T02:35:28+00:00
SAO_5018-31,São Paulo,3550308,True,,1861,,,-23.6929245,-46.659800000000004,,,,1,2023-06-20T02:32:55+00:00
SAO_5018-31,São Paulo,3550308,True,,1861,,,-23.6735445,-46.6773635,,,,1,2023-06-20T02:35:17+00:00
SAO_2730-10,São Paulo,3550308,True,,33713,,,-23.5065655,-46.457545499999995,,,,2,2023-06-20T02:34:55+00:00
SAO_2730-10,São Paulo,3550308,True,,33713,,,-23.510537499999998,-46.4468945,,,,2,2023-06-20T02:35:01+00:00
SAO_2730-10,São Paulo,3550308,True,,33713,,,-23.50141075,-46.454665750000004,,,,2,2023-06-20T02:35:04+00:00
SAO_2730-10,São Paulo,3550308,True,,33713,,,-23.5243065,-46.47496075,,,,2,2023-06-20T02:35:15+00:00
SAO_2730-10,São Paulo,3550308,True,,33713,,,-23.510537499999998,-46.4468945,,,,2,2023-06-20T02:35:16+00:00
SAO_2730-10,São Paulo,3550308,True,,33713,,,-23.510472999999998,-46.445946,,,,2,2023-06-20T02:34:56+00:00
SAO_2730-10,São Paulo,3550308,True,,33713,,,-23.509039,-46.4487825,,,,2,2023-06-20T02:35:25+00:00
SAO_2730-10,São Paulo,3550308,True,,33713,,,-23.520451,-46.468011000000004,,,,2,2023-06-20T02:34:58+00:00
SAO_2730-10,São Paulo,3550308,True,,33713,,,-23.531759,-46.47357225,,,,2,2023-06-20T02:35:16+00:00
SAO_3046-10,São Paulo,3550308,True,,33739,,,-23.579227500000002,-46.534653,,,,2,2023-06-20T02:34:47+00:00
SAO_3046-10,São Paulo,3550308,True,,33739,,,-23.572497249999998,-46.562115,,,,2,2023-06-20T02:35:34+00:00
SAO_3046-10,São Paulo,3550308,True,,33739,,,-23.57926775,-46.525281875000005,,,,2,2023-06-20T02:35:25+00:00
SAO_3046-10,São Paulo,3550308,True,,33739,,,-23.579447000000002,-46.525166999999996,,,,2,2023-06-20T02:34:53+00:00
SAO_3046-10,São Paulo,3550308,True,,33739,,,-23.579447000000002,-46.525166999999996,,,,2,2023-06-20T02:35:24+00:00
SAO_3046-10,São Paulo,3550308,True,,33739,,,-23.541020500000002,-46.576741999999996,,,,2,2023-06-20T02:35:19+00:00
SAO_3046-10,São Paulo,3550308,True,,33739,,,-23.579857500000003,-46.525404,,,,2,2023-06-20T02:35:24+00:00
SAO_3046-10,São Paulo,3550308,True,,33739,,,-23.550610749999997,-46.57588025,,,,2,2023-06-20T02:32:27+00:00
SAO_3046-10,São Paulo,3550308,True,,33739,,,-23.5795625,-46.525234999999995,,,,2,2023-06-20T02:35:19+00:00
SAO_3046-10,São Paulo,3550308,True,,33739,,,-23.579857500000003,-46.525404,,,,2,2023-06-20T02:35:18+00:00
SAO_3046-10,São Paulo,3550308,True,,33739,,,-23.579163249999997,-46.525639625,,,,2,2023-06-20T02:21:54+00:00
SAO_4033-10,São Paulo,3550308,True,,1103,,,-23.619908000000002,-46.444028,,,,1,2023-06-20T02:35:16+00:00
SAO_4033-10,São Paulo,3550308,True,,1103,,,-23.6126975,-46.480405000000005,,,,1,2023-06-20T02:35:26+00:00
SAO_4033-10,São Paulo,3550308,True,,1103,,,-23.6123525,-46.4760985,,,,1,2023-06-20T02:35:37+00:00
SAO_4033-10,São Paulo,3550308,True,,1103,,,-23.619987000000002,-46.4442025,,,,1,2023-06-20T02:35:23+00:00
SAO_4033-10,São Paulo,3550308,True,,1103,,,-23.599579000000002,-46.5249335,,,,1,2023-06-20T02:35:24+00:00
SAO_4033-10,São Paulo,3550308,True,,1103,,,-23.600249249999997,-46.50167975000001,,,,1,2023-06-20T02:35:09+00:00
SAO_4033-10,São Paulo,3550308,True,,1103,,,-23.601481,-46.5329735,,,,1,2023-06-20T02:35:18+00:00
SAO_4033-10,São Paulo,3550308,True,,1103,,,-23.619703,-46.460745,,,,1,2023-06-20T02:35:11+00:00
SAO_3732-10,São Paulo,3550308,True,,1029,,,-23.539538,-46.4317025,,,,1,2023-06-20T02:35:21+00:00
SAO_3732-10,São Paulo,3550308,True,,1029,,,-23.539538,-46.4317025,,,,1,2023-06-20T02:35:03+00:00
SAO_3732-10,São Paulo,3550308,True,,1029,,,-23.53762275,-46.453680750000004,,,,1,2023-06-20T02:35:31+00:00
SAO_3732-10,São Paulo,3550308,True,,1029,,,-23.553677,-46.444965999999994,,,,1,2023-06-20T02:35:31+00:00
SAO_3732-10,São Paulo,3550308,True,,1029,,,-23.539538,-46.4317025,,,,1,2023-06-20T02:35:31+00:00
SAO_3732-10,São Paulo,3550308,True,,1029,,,-23.5424255,-46.470012,,,,1,2023-06-20T02:33:39+00:00
SAO_3732-10,São Paulo,3550308,True,,1029,,,-23.539538,-46.4317025,,,,1,2023-06-20T02:35:27+00:00
SAO_3732-10,São Paulo,3550308,True,,1029,,,-23.54210325,-46.43808975,,,,1,2023-06-20T02:35:30+00:00
SAO_3732-10,São Paulo,3550308,True,,1029,,,-23.542630000000003,-46.468692000000004,,,,1,2023-06-20T02:34:55+00:00
SAO_4311-10,São Paulo,3550308,True,,2171,,,-23.6137635,-46.4764045,,,,1,2023-06-20T02:35:34+00:00
SAO_4311-10,São Paulo,3550308,True,,2171,,,-23.5550475,-46.5169645,,,,1,2023-06-20T02:35:25+00:00
SAO_4311-10,São Paulo,3550308,True,,2171,,,-23.5503,-46.6070155,,,,1,2023-06-20T02:32:15+00:00
SAO_4311-10,São Paulo,3550308,True,,2171,,,-23.610824,-46.474933,,,,1,2023-06-20T02:35:09+00:00
SAO_8013-10,São Paulo,3550308,True,,800,,,-23.48610575,-46.769138,,,,1,2023-06-20T02:35:13+00:00
SAO_8013-10,São Paulo,3550308,True,,800,,,-23.431413,-46.7872125,,,,1,2023-06-20T02:34:58+00:00
SAO_8013-10,São Paulo,3550308,True,,800,,,-23.43111375,-46.78737125000001,,,,1,2023-06-20T02:34:55+00:00
SAO_8013-10,São Paulo,3550308,True,,800,,,-23.4314335625,-46.786947874999996,,,,1,2023-06-20T02:35:30+00:00
SAO_8013-10,São Paulo,3550308,True,,800,,,-23.431413,-46.7872125,,,,1,2023-06-20T02:35:23+00:00
SAO_8013-10,São Paulo,3550308,True,,800,,,-23.432118687499997,-46.786837625000004,,,,1,2023-06-20T02:35:20+00:00
SAO_8013-10,São Paulo,3550308,True,,800,,,-23.4328038125,-46.786727375,,,,1,2023-06-20T02:34:56+00:00
SAO_8013-10,São Paulo,3550308,True,,800,,,-23.52022975,-46.721782250000004,,,,1,2023-06-20T02:35:24+00:00
SAO_8013-10,São Paulo,3550308,True,,800,,,-23.431413,-46.7872125,,,,1,2023-06-20T02:35:00+00:00
SAO_8013-10,São Paulo,3550308,True,,800,,,-23.431413,-46.7872125,,,,1,2023-06-20T02:35:29+00:00
SAO_577T-10,São Paulo,3550308,True,,34059,,,-23.6855415,-46.637704,,,,2,2023-06-20T02:35:14+00:00
SAO_577T-10,São Paulo,3550308,True,,34059,,,-23.685989,-46.637835,,,,2,2023-06-20T02:35:24+00:00
SAO_577T-10,São Paulo,3550308,True,,34059,,,-23.5852054375,-46.63931037500001,,,,2,2023-06-20T02:35:22+00:00
SAO_577T-10,São Paulo,3550308,True,,34059,,,-23.6855415,-46.637704,,,,2,2023-06-20T02:34:59+00:00
SAO_577T-10,São Paulo,3550308,True,,34059,,,-23.597268,-46.63972,,,,2,2023-06-20T02:35:02+00:00
SAO_577T-10,São Paulo,3550308,True,,34059,,,-23.6408175,-46.643728499999995,,,,2,2023-06-20T02:35:25+00:00
SAO_577T-10,São Paulo,3550308,True,,34059,,,-23.6857025,-46.637755999999996,,,,2,2023-06-20T02:35:01+00:00
SAO_577T-10,São Paulo,3550308,True,,34059,,,-23.6838965,-46.633866999999995,,,,2,2023-06-20T02:34:51+00:00
SAO_403A-10,São Paulo,3550308,True,,34960,,,-23.540297,-46.431876,,,,2,2023-06-20T02:35:12+00:00
SAO_403A-10,São Paulo,3550308,True,,34960,,,-23.5547015,-46.44100675,,,,2,2023-06-20T02:34:54+00:00
SAO_403A-10,São Paulo,3550308,True,,34960,,,-23.540715499999997,-46.4321255,,,,2,2023-06-20T02:35:26+00:00
SAO_403A-10,São Paulo,3550308,True,,34960,,,-23.53588175,-46.520120500000004,,,,2,2023-06-20T02:35:14+00:00
SAO_403A-10,São Paulo,3550308,True,,34960,,,-23.556477375,-46.447955,,,,2,2023-06-20T02:34:56+00:00
SAO_403A-10,São Paulo,3550308,True,,34960,,,-23.540503,-46.431996,,,,2,2023-06-20T02:34:53+00:00
SAO_403A-10,São Paulo,3550308,True,,34960,,,-23.540297,-46.431876,,,,2,2023-06-20T02:35:31+00:00
SAO_403A-10,São Paulo,3550308,True,,34960,,,-23.5547015,-46.44100675,,,,2,2023-06-20T02:35:03+00:00
SAO_403A-10,São Paulo,3550308,True,,34960,,,-23.518947,-46.547036000000006,,,,2,2023-06-20T02:35:16+00:00
SAO_6058-10,São Paulo,3550308,True,,33917,,,-23.769851000000003,-46.676743,,,,2,2023-06-20T02:35:30+00:00
SAO_6058-10,São Paulo,3550308,True,,33917,,,-23.769588,-46.6772535,,,,2,2023-06-20T02:35:11+00:00
SAO_6058-10,São Paulo,3550308,True,,33917,,,-23.7731425,-46.7029965,,,,2,2023-06-20T02:35:06+00:00
SAO_6058-10,São Paulo,3550308,True,,33917,,,-23.769851000000003,-46.676743,,,,2,2023-06-20T02:35:29+00:00
SAO_6034-10,São Paulo,3550308,True,,32863,,,-23.747656499999998,-46.6691325,,,,2,2023-06-20T02:35:24+00:00
SAO_6034-10,São Paulo,3550308,True,,32863,,,-23.744918374999997,-46.664538750000006,,,,2,2023-06-20T02:35:29+00:00
SAO_6034-10,São Paulo,3550308,True,,32863,,,-23.747656499999998,-46.6691325,,,,2,2023-06-20T02:35:15+00:00
SAO_6034-10,São Paulo,3550308,True,,32863,,,-23.7392855,-46.69162875,,,,2,2023-06-20T02:35:29+00:00
SAO_6034-10,São Paulo,3550308,True,,32863,,,-23.747656499999998,-46.6691325,,,,2,2023-06-20T02:35:05+00:00
SAO_4036-10,São Paulo,3550308,True,,2561,,,-23.55555725,-46.478727500000005,,,,1,2023-06-20T02:35:19+00:00
SAO_408A-10,São Paulo,3550308,True,,33534,,,-23.5714555,-46.631347500000004,,,,2,2023-06-20T02:34:58+00:00
SAO_408A-10,São Paulo,3550308,True,,33534,,,-23.58005825,-46.633172625,,,,2,2023-06-20T02:34:39+00:00
SAO_408A-10,São Paulo,3550308,True,,33534,,,-23.579777,-46.632999,,,,2,2023-06-20T02:35:04+00:00
SAO_408A-10,São Paulo,3550308,True,,33534,,,-23.543692999999998,-46.672401,,,,2,2023-06-20T02:35:08+00:00
SAO_408A-10,São Paulo,3550308,True,,33534,,,-23.543692999999998,-46.672401,,,,2,2023-06-20T02:35:02+00:00
SAO_408A-10,São Paulo,3550308,True,,33534,,,-23.579829,-46.6329,,,,2,2023-06-20T02:35:05+00:00
SAO_4018-10,São Paulo,3550308,True,,2191,,,-23.58503575,-46.41488375,,,,1,2023-06-20T02:31:51+00:00
SAO_4018-10,São Paulo,3550308,True,,2191,,,-23.5946545,-46.448843,,,,1,2023-06-20T02:34:58+00:00
SAO_4018-10,São Paulo,3550308,True,,2191,,,-23.59092,-46.407697625,,,,1,2023-06-20T02:35:29+00:00
SAO_4018-10,São Paulo,3550308,True,,2191,,,-23.613342000000003,-46.476561000000004,,,,1,2023-06-20T02:35:10+00:00
SAO_5024-31,São Paulo,3550308,True,,33891,,,-23.689080750000002,-46.64931275,,,,2,2023-06-20T02:35:28+00:00
SAO_5024-31,São Paulo,3550308,True,,33891,,,-23.689080750000002,-46.64931275,,,,2,2023-06-20T02:35:14+00:00
SAO_5024-31,São Paulo,3550308,True,,33891,,,-23.658395499999997,-46.7017755,,,,2,2023-06-20T02:35:19+00:00
SAO_5024-31,São Paulo,3550308,True,,33891,,,-23.679941,-46.684365,,,,2,2023-06-20T02:35:16+00:00
SAO_2704-10,São Paulo,3550308,True,,916,,,-23.51366,-46.433244,,,,1,2023-06-20T02:34:57+00:00
SAO_2704-10,São Paulo,3550308,True,,916,,,-23.5121825,-46.432359000000005,,,,1,2023-06-20T02:30:12+00:00
SAO_2704-10,São Paulo,3550308,True,,916,,,-23.531095625,-46.453025000000004,,,,1,2023-06-20T02:34:55+00:00
SAO_2704-10,São Paulo,3550308,True,,916,,,-23.526659000000002,-46.409887999999995,,,,1,2023-06-20T02:34:38+00:00
SAO_2704-10,São Paulo,3550308,True,,916,,,-23.542444,-46.471092999999996,,,,1,2023-06-20T02:33:10+00:00
SAO_2704-10,São Paulo,3550308,True,,916,,,-23.526659000000002,-46.409887999999995,,,,1,2023-06-20T02:35:31+00:00
SAO_2704-10,São Paulo,3550308,True,,916,,,-23.526659000000002,-46.409887999999995,,,,1,2023-06-20T02:34:52+00:00
SAO_6061-10,São Paulo,3550308,True,,33918,,,-23.758432,-46.684366,,,,2,2023-06-20T02:34:56+00:00
SAO_6061-10,São Paulo,3550308,True,,33918,,,-23.7413045,-46.69165425,,,,2,2023-06-20T02:34:58+00:00
SAO_6061-10,São Paulo,3550308,True,,33918,,,-23.7822775,-46.681824,,,,2,2023-06-20T02:35:31+00:00
SAO_6061-10,São Paulo,3550308,True,,33918,,,-23.767257999999998,-46.6981265,,,,2,2023-06-20T02:35:05+00:00
SAO_6061-10,São Paulo,3550308,True,,33918,,,-23.788294999999998,-46.6860585,,,,2,2023-06-20T02:35:37+00:00
SAO_3053-10,São Paulo,3550308,True,,33741,,,-23.585588,-46.4950305,,,,2,2023-06-20T02:35:20+00:00
SAO_3053-10,São Paulo,3550308,True,,33741,,,-23.584741,-46.495041,,,,2,2023-06-20T02:35:32+00:00
SAO_3053-10,São Paulo,3550308,True,,33741,,,-23.585147999999997,-46.494602,,,,2,2023-06-20T02:34:53+00:00
SAO_3053-10,São Paulo,3550308,True,,33741,,,-23.5591285,-46.5674245,,,,2,2023-06-20T02:34:47+00:00
SAO_3053-10,São Paulo,3550308,True,,33741,,,-23.584741,-46.495041,,,,2,2023-06-20T02:35:13+00:00
SAO_3053-10,São Paulo,3550308,True,,33741,,,-23.584741,-46.495041,,,,2,2023-06-20T02:34:53+00:00
SAO_3053-10,São Paulo,3550308,True,,33741,,,-23.54878825,-46.58959825,,,,2,2023-06-20T02:35:35+00:00
SAO_3053-10,São Paulo,3550308,True,,33741,,,-23.585588,-46.4950305,,,,2,2023-06-20T02:35:04+00:00
SAO_3053-10,São Paulo,3550308,True,,33741,,,-23.554069,-46.5772415,,,,2,2023-06-20T02:35:16+00:00
SAO_3053-10,São Paulo,3550308,True,,33741,,,-23.574785,-46.542397,,,,2,2023-06-20T02:35:37+00:00
SAO_3053-10,São Paulo,3550308,True,,33741,,,-23.584741,-46.495041,,,,2,2023-06-20T02:35:32+00:00
SAO_938C-10,São Paulo,3550308,True,,586,,,-23.4571425,-46.719038,,,,1,2023-06-20T02:35:08+00:00
SAO_938C-10,São Paulo,3550308,True,,586,,,-23.5069715,-46.708421,,,,1,2023-06-20T02:35:06+00:00
SAO_938C-10,São Paulo,3550308,True,,586,,,-23.53506275,-46.644746999999995,,,,1,2023-06-20T02:35:30+00:00
SAO_5106-31,São Paulo,3550308,True,,34073,,,-23.635889,-46.6414665,,,,2,2023-06-20T02:35:04+00:00
SAO_5106-31,São Paulo,3550308,True,,34073,,,-23.581808000000002,-46.638332500000004,,,,2,2023-06-20T02:35:35+00:00
SAO_5106-31,São Paulo,3550308,True,,34073,,,-23.581808000000002,-46.638332500000004,,,,2,2023-06-20T02:35:33+00:00
SAO_5106-31,São Paulo,3550308,True,,34073,,,-23.596467,-46.642531,,,,2,2023-06-20T02:35:07+00:00
SAO_5106-31,São Paulo,3550308,True,,34073,,,-23.60283075,-46.648471,,,,2,2023-06-20T02:34:59+00:00
SAO_5106-31,São Paulo,3550308,True,,34073,,,-23.6929535,-46.6450975,,,,2,2023-06-20T02:34:57+00:00
SAO_5107-10,São Paulo,3550308,True,,1659,,,-23.5754575,-46.61064325,,,,1,2023-06-20T02:35:32+00:00
SAO_5107-10,São Paulo,3550308,True,,1659,,,-23.603453000000002,-46.6026665,,,,1,2023-06-20T02:35:12+00:00
SAO_5107-10,São Paulo,3550308,True,,1659,,,-23.6033435,-46.602573,,,,1,2023-06-20T02:35:15+00:00
SAO_5107-10,São Paulo,3550308,True,,1659,,,-23.602595,-46.6026645,,,,1,2023-06-20T02:35:32+00:00
SAO_5107-10,São Paulo,3550308,True,,1659,,,-23.6033575,-46.6029935,,,,1,2023-06-20T02:35:17+00:00
SAO_5791-10,São Paulo,3550308,True,,607,,,-23.562684,-46.6403295,,,,1,2023-06-20T02:35:22+00:00
SAO_5791-10,São Paulo,3550308,True,,607,,,-23.71619,-46.62593,,,,1,2023-06-20T02:35:30+00:00
SAO_5791-10,São Paulo,3550308,True,,607,,,-23.593143,-46.63651,,,,1,2023-06-20T02:35:31+00:00
SAO_5791-10,São Paulo,3550308,True,,607,,,-23.649710499999998,-46.640405,,,,1,2023-06-20T02:35:27+00:00
SAO_5791-10,São Paulo,3550308,True,,607,,,-23.699539,-46.646921,,,,1,2023-06-20T02:34:53+00:00
SAO_5791-10,São Paulo,3550308,True,,607,,,-23.567601,-46.6399165,,,,1,2023-06-20T02:34:59+00:00
SAO_5791-10,São Paulo,3550308,True,,607,,,-23.71619,-46.62593,,,,1,2023-06-20T02:35:18+00:00
SAO_5791-10,São Paulo,3550308,True,,607,,,-23.71619,-46.62593,,,,1,2023-06-20T02:35:24+00:00
SAO_5791-10,São Paulo,3550308,True,,607,,,-23.682509,-46.633010999999996,,,,1,2023-06-20T02:34:44+00:00
SAO_5791-10,São Paulo,3550308,True,,607,,,-23.71619,-46.62593,,,,1,2023-06-20T02:35:16+00:00
SAO_874T-10,São Paulo,3550308,True,,33075,,,-23.583332,-46.627576749999996,,,,2,2023-06-20T02:35:17+00:00
SAO_874T-10,São Paulo,3550308,True,,33075,,,-23.577792125000002,-46.601164,,,,2,2023-06-20T02:35:26+00:00
SAO_874T-10,São Paulo,3550308,True,,33075,,,-23.578552,-46.607701750000004,,,,2,2023-06-20T02:35:33+00:00
SAO_874T-10,São Paulo,3550308,True,,33075,,,-23.548693,-46.655992499999996,,,,2,2023-06-20T02:35:00+00:00
SAO_874T-10,São Paulo,3550308,True,,33075,,,-23.523779125,-46.701360875000006,,,,2,2023-06-20T02:35:29+00:00
SAO_874T-10,São Paulo,3550308,True,,33075,,,-23.577792125000002,-46.601164,,,,2,2023-06-20T02:35:17+00:00
SAO_3112-10,São Paulo,3550308,True,,33848,,,-23.60993,-46.529356,,,,2,2023-06-20T02:34:58+00:00
SAO_3112-10,São Paulo,3550308,True,,33848,,,-23.580627749999998,-46.583367249999995,,,,2,2023-06-20T02:35:08+00:00
SAO_3112-10,São Paulo,3550308,True,,33848,,,-23.605458499999997,-46.5275475,,,,2,2023-06-20T02:35:31+00:00
SAO_3112-10,São Paulo,3550308,True,,33848,,,-23.610093499999998,-46.5294835,,,,2,2023-06-20T02:35:36+00:00
SAO_3112-10,São Paulo,3550308,True,,33848,,,-23.5808215,-46.55850975,,,,2,2023-06-20T02:35:27+00:00
SAO_3112-10,São Paulo,3550308,True,,33848,,,-23.610093499999998,-46.5294835,,,,2,2023-06-20T02:35:21+00:00
SAO_3112-10,São Paulo,3550308,True,,33848,,,-23.567469125000002,-46.591240875000004,,,,2,2023-06-20T02:35:18+00:00
SAO_3112-10,São Paulo,3550308,True,,33848,,,-23.6015385,-46.533745499999995,,,,2,2023-06-20T02:34:59+00:00
SAO_3112-10,São Paulo,3550308,True,,33848,,,-23.540443500000002,-46.59473,,,,2,2023-06-20T02:34:06+00:00
SAO_736G-10,São Paulo,3550308,True,,33548,,,-23.632452999999998,-46.7480465,,,,2,2023-06-20T02:34:53+00:00
SAO_736G-10,São Paulo,3550308,True,,33548,,,-23.641674000000002,-46.7117195,,,,2,2023-06-20T02:35:30+00:00
SAO_3762-10,São Paulo,3550308,True,,33821,,,-23.561038500000002,-46.5480245,,,,2,2023-06-20T02:35:04+00:00
SAO_3762-10,São Paulo,3550308,True,,33821,,,-23.591227,-46.516443499999994,,,,2,2023-06-20T02:35:13+00:00
SAO_3762-10,São Paulo,3550308,True,,33821,,,-23.591411,-46.516296499999996,,,,2,2023-06-20T02:34:54+00:00
SAO_3762-10,São Paulo,3550308,True,,33821,,,-23.576641000000002,-46.5220505,,,,2,2023-06-20T02:32:55+00:00
SAO_3762-10,São Paulo,3550308,True,,33821,,,-23.562973,-46.5426395,,,,2,2023-06-20T02:31:26+00:00
SAO_3762-10,São Paulo,3550308,True,,33821,,,-23.57776025,-46.51689075,,,,2,2023-06-20T02:34:44+00:00
SAO_3762-10,São Paulo,3550308,True,,33821,,,-23.545934624999997,-46.573214625,,,,2,2023-06-20T02:35:30+00:00
SAO_3762-10,São Paulo,3550308,True,,33821,,,-23.5909755,-46.5166185,,,,2,2023-06-20T02:35:17+00:00
SAO_3762-10,São Paulo,3550308,True,,33821,,,-23.5844045,-46.519586000000004,,,,2,2023-06-20T02:35:16+00:00
SAO_5127-10,São Paulo,3550308,True,,1127,,,-23.6931995,-46.658165,,,,1,2023-06-20T02:35:20+00:00
SAO_5127-10,São Paulo,3550308,True,,1127,,,-23.7015515,-46.640887,,,,1,2023-06-20T02:35:25+00:00
SAO_5127-10,São Paulo,3550308,True,,1127,,,-23.699729250000004,-46.630967749999996,,,,1,2023-06-20T02:35:18+00:00
SAO_5127-10,São Paulo,3550308,True,,1127,,,-23.7015515,-46.640887,,,,1,2023-06-20T02:35:26+00:00
SAO_5127-10,São Paulo,3550308,True,,1127,,,-23.7015515,-46.640887,,,,1,2023-06-20T02:35:09+00:00
SAO_5127-10,São Paulo,3550308,True,,1127,,,-23.7015515,-46.640887,,,,1,2023-06-20T02:35:00+00:00
SAO_5127-10,São Paulo,3550308,True,,1127,,,-23.7015515,-46.640887,,,,1,2023-06-20T02:34:56+00:00
SAO_1705-10,São Paulo,3550308,True,,849,,,-23.434117999999998,-46.5843315,,,,1,2023-06-20T02:35:09+00:00
SAO_1705-10,São Paulo,3550308,True,,849,,,-23.438108,-46.5866935,,,,1,2023-06-20T02:35:04+00:00
SAO_1705-10,São Paulo,3550308,True,,849,,,-23.434117999999998,-46.5843315,,,,1,2023-06-20T02:30:26+00:00
SAO_1705-10,São Paulo,3550308,True,,849,,,-23.4432885,-46.589848,,,,1,2023-06-20T02:35:00+00:00
SAO_1705-10,São Paulo,3550308,True,,849,,,-23.4436225,-46.5886765,,,,1,2023-06-20T02:35:15+00:00
SAO_1705-10,São Paulo,3550308,True,,849,,,-23.434117999999998,-46.5843315,,,,1,2023-06-20T02:35:10+00:00
SAO_1705-10,São Paulo,3550308,True,,849,,,-23.4790025,-46.60396525,,,,1,2023-06-20T02:35:22+00:00
SAO_1705-10,São Paulo,3550308,True,,849,,,-23.4602455,-46.593717,,,,1,2023-06-20T02:33:20+00:00
SAO_701A-10,São Paulo,3550308,True,,689,,,-23.5389905,-46.635883,,,,1,2023-06-20T02:35:31+00:00
SAO_701A-10,São Paulo,3550308,True,,689,,,-23.5296095,-46.603042,,,,1,2023-06-20T02:31:49+00:00
SAO_701A-10,São Paulo,3550308,True,,689,,,-23.4735285,-46.5655225,,,,1,2023-06-20T02:35:32+00:00
SAO_707K-10,São Paulo,3550308,True,,35271,,,-23.656727062500003,-46.694886499999996,,,,2,2023-06-20T02:35:16+00:00
SAO_707K-10,São Paulo,3550308,True,,35271,,,-23.666119375,-46.716656625,,,,2,2023-06-20T02:35:27+00:00
SAO_707K-10,São Paulo,3550308,True,,35271,,,-23.668242,-46.7355055,,,,2,2023-06-20T02:35:07+00:00
SAO_707K-10,São Paulo,3550308,True,,35271,,,-23.668476,-46.735507,,,,2,2023-06-20T02:35:09+00:00
SAO_707K-10,São Paulo,3550308,True,,35271,,,-23.6430055,-46.656865499999995,,,,2,2023-06-20T02:35:01+00:00
SAO_707K-10,São Paulo,3550308,True,,35271,,,-23.667807,-46.7355005,,,,2,2023-06-20T02:35:15+00:00
SAO_707K-10,São Paulo,3550308,True,,35271,,,-23.638635500000003,-46.669538249999995,,,,2,2023-06-20T02:34:24+00:00
SAO_707K-10,São Paulo,3550308,True,,35271,,,-23.667917,-46.7355005,,,,2,2023-06-20T02:35:17+00:00
SAO_6063-41,São Paulo,3550308,True,,34541,,,-23.787596999999998,-46.679432,,,,2,2023-06-20T02:34:59+00:00
SAO_6063-41,São Paulo,3550308,True,,34541,,,-23.7878735,-46.680537,,,,2,2023-06-20T02:35:02+00:00
SAO_6063-41,São Paulo,3550308,True,,34541,,,-23.7880545,-46.680126,,,,2,2023-06-20T02:35:07+00:00
SAO_6063-41,São Paulo,3550308,True,,34541,,,-23.7878735,-46.680537,,,,2,2023-06-20T02:35:28+00:00
SAO_6063-41,São Paulo,3550308,True,,34541,,,-23.7711635,-46.7127105,,,,2,2023-06-20T02:35:31+00:00
SAO_6063-41,São Paulo,3550308,True,,34541,,,-23.787596999999998,-46.679432,,,,2,2023-06-20T02:35:37+00:00
SAO_9784-10,São Paulo,3550308,True,,33595,,,-23.472409,-46.66674225,,,,2,2023-06-20T02:34:52+00:00
SAO_9784-10,São Paulo,3550308,True,,33595,,,-23.488884,-46.652165499999995,,,,2,2023-06-20T02:35:28+00:00
SAO_9784-10,São Paulo,3550308,True,,33595,,,-23.4507675,-46.683319374999996,,,,2,2023-06-20T02:35:14+00:00
SAO_9784-10,São Paulo,3550308,True,,33595,,,-23.450547,-46.6835995,,,,2,2023-06-20T02:35:14+00:00
SAO_9784-10,São Paulo,3550308,True,,33595,,,-23.502936375,-46.666782375,,,,2,2023-06-20T02:35:12+00:00
SAO_9784-10,São Paulo,3550308,True,,33595,,,-23.522572250000003,-46.66452174999999,,,,2,2023-06-20T02:34:58+00:00
SAO_9784-10,São Paulo,3550308,True,,33595,,,-23.479792,-46.6589245,,,,2,2023-06-20T02:34:52+00:00
SAO_9784-10,São Paulo,3550308,True,,33595,,,-23.50628275,-46.666710875,,,,2,2023-06-20T02:35:29+00:00
SAO_546L-10,São Paulo,3550308,True,,1285,,,-23.67482,-46.661744,,,,1,2023-06-20T02:35:02+00:00
SAO_546L-10,São Paulo,3550308,True,,1285,,,-23.6727275,-46.69896850000001,,,,1,2023-06-20T02:35:19+00:00
SAO_546L-10,São Paulo,3550308,True,,1285,,,-23.654381,-46.7120195,,,,1,2023-06-20T02:35:00+00:00
SAO_4053-10,São Paulo,3550308,True,,2146,,,-23.542614,-46.4155005,,,,1,2023-06-20T02:35:03+00:00
SAO_4053-10,São Paulo,3550308,True,,2146,,,-23.550765,-46.396595000000005,,,,1,2023-06-20T02:35:06+00:00
SAO_4053-10,São Paulo,3550308,True,,2146,,,-23.553117999999998,-46.394191,,,,1,2023-06-20T02:31:49+00:00
SAO_4053-10,São Paulo,3550308,True,,2146,,,-23.5590895,-46.399975,,,,1,2023-06-20T02:35:34+00:00
SAO_4029-10,São Paulo,3550308,True,,33867,,,-23.60994525,-46.47948125,,,,2,2023-06-20T02:35:13+00:00
SAO_4029-10,São Paulo,3550308,True,,33867,,,-23.6103505,-46.485363,,,,2,2023-06-20T02:35:36+00:00
SAO_4029-10,São Paulo,3550308,True,,33867,,,-23.5796845,-46.571298999999996,,,,2,2023-06-20T02:29:53+00:00
SAO_4029-10,São Paulo,3550308,True,,33867,,,-23.582251,-46.585388,,,,2,2023-06-20T02:35:23+00:00
SAO_4029-10,São Paulo,3550308,True,,33867,,,-23.5947525,-46.537515,,,,2,2023-06-20T02:35:00+00:00
SAO_4029-10,São Paulo,3550308,True,,33867,,,-23.608436500000003,-46.4788465,,,,2,2023-06-20T02:35:06+00:00
SAO_4029-10,São Paulo,3550308,True,,33867,,,-23.585109,-46.583715,,,,2,2023-06-20T02:35:00+00:00
SAO_4029-10,São Paulo,3550308,True,,33867,,,-23.59880075,-46.517998000000006,,,,2,2023-06-20T02:35:24+00:00
SAO_7059-10,São Paulo,3550308,True,,34692,,,-23.6597565,-46.7810685,,,,2,2023-06-20T02:35:35+00:00
SAO_7059-10,São Paulo,3550308,True,,34692,,,-23.6309525,-46.7732975,,,,2,2023-06-20T02:35:07+00:00
SAO_7059-10,São Paulo,3550308,True,,34692,,,-23.658105,-46.7818715,,,,2,2023-06-20T02:35:34+00:00
SAO_273G-10,São Paulo,3550308,True,EMTU,223,https://moovitapp.com/index/pt-br/transporte_p%C3%BAblico-line-223-Sao_Paulo-242-2038937-36419342-0,5.2,-23.48304775,-46.4325205,,,,1,2023-06-20T02:33:59+00:00
SAO_273G-10,São Paulo,3550308,True,EMTU,223,https://moovitapp.com/index/pt-br/transporte_p%C3%BAblico-line-223-Sao_Paulo-242-2038937-36419342-0,5.2,-23.540487,-46.483374,,,,1,2023-06-20T02:35:25+00:00
SAO_273G-10,São Paulo,3550308,True,EMTU,223,https://moovitapp.com/index/pt-br/transporte_p%C3%BAblico-line-223-Sao_Paulo-242-2038937-36419342-0,5.2,-23.477535500000002,-46.4220105,,,,1,2023-06-20T02:23:58+00:00
SAO_273G-10,São Paulo,3550308,True,EMTU,223,https://moovitapp.com/index/pt-br/transporte_p%C3%BAblico-line-223-Sao_Paulo-242-2038937-36419342-0,5.2,-23.4814825,-46.415851,,,,1,2023-06-20T02:33:50+00:00
SAO_273G-10,São Paulo,3550308,True,EMTU,223,https://moovitapp.com/index/pt-br/transporte_p%C3%BAblico-line-223-Sao_Paulo-242-2038937-36419342-0,5.2,-23.481482999999997,-46.415986000000004,,,,1,2023-06-20T02:35:09+00:00
SAO_857R-10,São Paulo,3550308,True,,1892,,,-23.57231325,-46.701117499999995,,,,1,2023-06-20T02:35:28+00:00
SAO_857R-10,São Paulo,3550308,True,,1892,,,-23.58064875,-46.643001749999996,,,,1,2023-06-20T02:35:07+00:00
SAO_857R-10,São Paulo,3550308,True,,1892,,,-23.564383499999998,-46.629481999999996,,,,1,2023-06-20T02:34:56+00:00
SAO_857R-10,São Paulo,3550308,True,,1892,,,-23.600737,-46.74256,,,,1,2023-06-20T02:34:56+00:00
SAO_857R-10,São Paulo,3550308,True,,1892,,,-23.631211999999998,-46.7721735,,,,1,2023-06-20T02:35:37+00:00
SAO_1019-10,São Paulo,3550308,True,,35263,,,-23.43754,-46.778723,,,,2,2023-06-20T02:35:27+00:00
SAO_1019-10,São Paulo,3550308,True,,35263,,,-23.4720225,-46.7504455,,,,2,2023-06-20T02:35:20+00:00
SAO_1019-10,São Paulo,3550308,True,,35263,,,-23.437884,-46.779548500000004,,,,2,2023-06-20T02:35:34+00:00
SAO_971V-10,São Paulo,3550308,True,,33387,,,-23.451043,-46.690777999999995,,,,2,2023-06-20T02:35:07+00:00
SAO_971V-10,São Paulo,3550308,True,,33387,,,-23.451152999999998,-46.690967,,,,2,2023-06-20T02:35:21+00:00
SAO_971V-10,São Paulo,3550308,True,,33387,,,-23.509144,-46.624826999999996,,,,2,2023-06-20T02:35:20+00:00
SAO_971V-10,São Paulo,3550308,True,,33387,,,-23.4513575,-46.691139,,,,2,2023-06-20T02:35:26+00:00
SAO_971V-10,São Paulo,3550308,True,,33387,,,-23.451,-46.690524499999995,,,,2,2023-06-20T02:35:29+00:00
SAO_971V-10,São Paulo,3550308,True,,33387,,,-23.4939635,-46.65668475,,,,2,2023-06-20T02:35:33+00:00
SAO_971V-10,São Paulo,3550308,True,,33387,,,-23.451152999999998,-46.690967,,,,2,2023-06-20T02:35:15+00:00
SAO_971V-10,São Paulo,3550308,True,,33387,,,-23.482091500000003,-46.671369,,,,2,2023-06-20T02:35:04+00:00
SAO_707A-10,São Paulo,3550308,True,,34758,,,-23.608514,-46.665763999999996,,,,2,2023-06-20T02:35:10+00:00
SAO_707A-10,São Paulo,3550308,True,,34758,,,-23.692809,-46.778341,,,,2,2023-06-20T02:35:17+00:00
SAO_707A-10,São Paulo,3550308,True,,34758,,,-23.692902500000002,-46.778492,,,,2,2023-06-20T02:35:10+00:00
SAO_707A-10,São Paulo,3550308,True,,34758,,,-23.6014935,-46.655564,,,,2,2023-06-20T02:35:06+00:00
SAO_707A-10,São Paulo,3550308,True,,34758,,,-23.692809,-46.778341,,,,2,2023-06-20T02:35:19+00:00
SAO_707A-10,São Paulo,3550308,True,,34758,,,-23.692809,-46.778341,,,,2,2023-06-20T02:34:56+00:00
SAO_707A-10,São Paulo,3550308,True,,34758,,,-23.692809,-46.778341,,,,2,2023-06-20T02:35:17+00:00
SAO_707A-10,São Paulo,3550308,True,,34758,,,-23.6819565,-46.767112499999996,,,,2,2023-06-20T02:35:20+00:00
SAO_707A-10,São Paulo,3550308,True,,34758,,,-23.692809,-46.778341,,,,2,2023-06-20T02:35:05+00:00
SAO_707A-10,São Paulo,3550308,True,,34758,,,-23.65238925,-46.70869825,,,,2,2023-06-20T02:29:59+00:00
SAO_707A-10,São Paulo,3550308,True,,34758,,,-23.63323025,-46.690116,,,,2,2023-06-20T02:35:06+00:00
SAO_707A-10,São Paulo,3550308,True,,34758,,,-23.678976,-46.763667999999996,,,,2,2023-06-20T02:34:20+00:00
SAO_6115-41,São Paulo,3550308,True,,35009,,,-23.73539075,-46.695391875,,,,2,2023-06-20T02:35:07+00:00
SAO_209P-10,São Paulo,3550308,True,,2216,,,-23.46998575,-46.670573000000005,,,,1,2023-06-20T02:35:02+00:00
SAO_209P-10,São Paulo,3550308,True,,2216,,,-23.4705675,-46.6705775,,,,1,2023-06-20T02:35:07+00:00
SAO_209P-10,São Paulo,3550308,True,,2216,,,-23.47206025,-46.670438250000004,,,,1,2023-06-20T02:35:21+00:00
SAO_209P-10,São Paulo,3550308,True,,2216,,,-23.52241025,-46.668794749999996,,,,1,2023-06-20T02:35:05+00:00
SAO_209P-10,São Paulo,3550308,True,,2216,,,-23.555205,-46.681402500000004,,,,1,2023-06-20T02:35:25+00:00
SAO_209P-10,São Paulo,3550308,True,,2216,,,-23.470273249999998,-46.67058300000001,,,,1,2023-06-20T02:35:28+00:00
SAO_209P-10,São Paulo,3550308,True,,2216,,,-23.49376825,-46.68520275,,,,1,2023-06-20T02:35:08+00:00
SAO_209P-10,São Paulo,3550308,True,,2216,,,-23.46998575,-46.670573000000005,,,,1,2023-06-20T02:35:27+00:00
SAO_209P-10,São Paulo,3550308,True,,2216,,,-23.470886,-46.670557,,,,1,2023-06-20T02:35:09+00:00
SAO_6816-31,São Paulo,3550308,True,,34516,,,-23.659132,-46.767022499999996,,,,2,2023-06-20T02:35:15+00:00
SAO_6816-31,São Paulo,3550308,True,,34516,,,-23.648725,-46.784729,,,,2,2023-06-20T02:35:25+00:00
SAO_373L-10,São Paulo,3550308,True,,1027,,,-23.542397,-46.469636,,,,1,2023-06-20T02:29:35+00:00
SAO_373L-10,São Paulo,3550308,True,,1027,,,-23.597969,-46.4343255,,,,1,2023-06-20T02:35:16+00:00
SAO_373L-10,São Paulo,3550308,True,,1027,,,-23.565413999999997,-46.458095,,,,1,2023-06-20T02:35:12+00:00
SAO_373L-10,São Paulo,3550308,True,,1027,,,-23.542361,-46.4705955,,,,1,2023-06-20T02:27:32+00:00
SAO_2127-10,São Paulo,3550308,True,,33461,,,-23.47858,-46.570366,,,,2,2023-06-20T02:35:12+00:00
SAO_2127-10,São Paulo,3550308,True,,33461,,,-23.48425075,-46.5698125,,,,2,2023-06-20T02:33:04+00:00
SAO_2127-10,São Paulo,3550308,True,,33461,,,-23.478431,-46.570043,,,,2,2023-06-20T02:35:25+00:00
SAO_2127-10,São Paulo,3550308,True,,33461,,,-23.55012275,-46.63123525,,,,2,2023-06-20T02:35:08+00:00
SAO_2127-10,São Paulo,3550308,True,,33461,,,-23.5583615,-46.63523599999999,,,,2,2023-06-20T02:35:10+00:00
SAO_2016-10,São Paulo,3550308,True,,902,,,-23.49718625,-46.39991175,,,,1,2023-06-20T02:34:55+00:00
SAO_2016-10,São Paulo,3550308,True,,902,,,-23.496955,-46.437329,,,,1,2023-06-20T02:35:06+00:00
SAO_2016-10,São Paulo,3550308,True,,902,,,-23.496955,-46.437329,,,,1,2023-06-20T02:34:31+00:00
SAO_2016-10,São Paulo,3550308,True,,902,,,-23.494522,-46.425334250000006,,,,1,2023-06-20T02:35:07+00:00
SAO_2016-10,São Paulo,3550308,True,,902,,,-23.493381749999998,-46.376870124999996,,,,1,2023-06-20T02:34:59+00:00
SAO_342N-10,São Paulo,3550308,True,,33771,,,-23.54434925,-46.41144,,,,2,2023-06-20T02:35:33+00:00
SAO_342N-10,São Paulo,3550308,True,,33771,,,-23.5628445,-46.3949135,,,,2,2023-06-20T02:35:05+00:00
SAO_342N-10,São Paulo,3550308,True,,33771,,,-23.567830999999998,-46.397509,,,,2,2023-06-20T02:35:05+00:00
SAO_342N-10,São Paulo,3550308,True,,33771,,,-23.553243,-46.413645,,,,2,2023-06-20T02:34:56+00:00
SAO_342N-10,São Paulo,3550308,True,,33771,,,-23.5628445,-46.3949135,,,,2,2023-06-20T02:35:05+00:00
SAO_342N-10,São Paulo,3550308,True,,33771,,,-23.5629515,-46.3946025,,,,2,2023-06-20T02:32:18+00:00
SAO_709G-10,São Paulo,3550308,True,,34788,,,-23.6687515,-46.735510000000005,,,,2,2023-06-20T02:35:13+00:00
SAO_709G-10,São Paulo,3550308,True,,34788,,,-23.58489275,-46.68227075,,,,2,2023-06-20T02:35:37+00:00
SAO_709G-10,São Paulo,3550308,True,,34788,,,-23.669023250000002,-46.734721500000006,,,,2,2023-06-20T02:35:10+00:00
SAO_709G-10,São Paulo,3550308,True,,34788,,,-23.650700999999998,-46.707818,,,,2,2023-06-20T02:34:59+00:00
SAO_637V-10,São Paulo,3550308,True,EMTU,104,https://moovitapp.com/index/pt-br/transporte_p%C3%BAblico-line-104-Sao_Paulo-242-2038937-36419267-0,5.1,-23.653890625,-46.71154075,,,,1,2023-06-20T02:35:19+00:00
SAO_637V-10,São Paulo,3550308,True,EMTU,104,https://moovitapp.com/index/pt-br/transporte_p%C3%BAblico-line-104-Sao_Paulo-242-2038937-36419267-0,5.1,-23.7382055,-46.6893095,,,,1,2023-06-20T02:34:53+00:00
SAO_637V-10,São Paulo,3550308,True,EMTU,104,https://moovitapp.com/index/pt-br/transporte_p%C3%BAblico-line-104-Sao_Paulo-242-2038937-36419267-0,5.1,-23.7382055,-46.6893095,,,,1,2023-06-20T02:35:06+00:00
SAO_637V-10,São Paulo,3550308,True,EMTU,104,https://moovitapp.com/index/pt-br/transporte_p%C3%BAblico-line-104-Sao_Paulo-242-2038937-36419267-0,5.1,-23.702216375,-46.701288375,,,,1,2023-06-20T02:35:30+00:00
SAO_637V-10,São Paulo,3550308,True,EMTU,104,https://moovitapp.com/index/pt-br/transporte_p%C3%BAblico-line-104-Sao_Paulo-242-2038937-36419267-0,5.1,-23.7382055,-46.6893095,,,,1,2023-06-20T02:35:33+00:00
SAO_1783-10,São Paulo,3550308,True,,644,,,-23.4783075,-46.610841,,,,1,2023-06-20T02:35:18+00:00
SAO_1783-10,São Paulo,3550308,True,,644,,,-23.472089,-46.60690475,,,,1,2023-06-20T02:34:58+00:00
SAO_1783-10,São Paulo,3550308,True,,644,,,-23.502214000000002,-46.6235875,,,,1,2023-06-20T02:35:02+00:00
SAO_1783-10,São Paulo,3550308,True,,644,,,-23.44581,-46.5971445,,,,1,2023-06-20T02:35:05+00:00
SAO_4724-10,São Paulo,3550308,True,,34828,,,-23.5440075,-46.507086,,,,2,2023-06-20T02:35:32+00:00
SAO_1178-33,São Paulo,3550308,True,,34778,,,-23.5041765,-46.433013,,,,2,2023-06-20T02:35:33+00:00
SAO_6835-31,São Paulo,3550308,True,,34175,,,-23.6848945,-46.7904935,,,,2,2023-06-20T02:35:24+00:00
SAO_6835-31,São Paulo,3550308,True,,34175,,,-23.6690045,-46.7731115,,,,2,2023-06-20T02:35:16+00:00
SAO_6835-31,São Paulo,3550308,True,,34175,,,-23.6547085,-46.76195,,,,2,2023-06-20T02:35:28+00:00
SAO_6835-31,São Paulo,3550308,True,,34175,,,-23.6884105,-46.800267500000004,,,,2,2023-06-20T02:35:03+00:00
SAO_677Y-10,São Paulo,3550308,True,,34008,,,-23.665391,-46.7707355,,,,2,2023-06-20T02:35:29+00:00
SAO_677Y-10,São Paulo,3550308,True,,34008,,,-23.67899,-46.795347,,,,2,2023-06-20T02:34:55+00:00
SAO_677Y-10,São Paulo,3550308,True,,34008,,,-23.683731,-46.789654999999996,,,,2,2023-06-20T02:34:57+00:00
SAO_677Y-10,São Paulo,3550308,True,,34008,,,-23.683449,-46.7889465,,,,2,2023-06-20T02:34:52+00:00
SAO_677Y-10,São Paulo,3550308,True,,34008,,,-23.6930195,-46.7977425,,,,2,2023-06-20T02:35:17+00:00
SAO_677Y-10,São Paulo,3550308,True,,34008,,,-23.619056,-46.6969765,,,,2,2023-06-20T02:35:11+00:00
SAO_677Y-10,São Paulo,3550308,True,,34008,,,-23.6399275,-46.725896750000004,,,,2,2023-06-20T02:35:37+00:00
SAO_677Y-10,São Paulo,3550308,True,,34008,,,-23.693805,-46.7944445,,,,2,2023-06-20T02:35:16+00:00
SAO_677Y-10,São Paulo,3550308,True,,34008,,,-23.669317999999997,-46.7852455,,,,2,2023-06-20T02:34:54+00:00
SAO_677Y-10,São Paulo,3550308,True,,34008,,,-23.68357,-46.7894015,,,,2,2023-06-20T02:35:04+00:00
SAO_8549-10,São Paulo,3550308,True,EMTU,580,https://moovitapp.com/index/pt-br/transporte_p%C3%BAblico-line-580-Sao_Paulo-242-2038937-36419570-0,7.55,-23.532761,-46.657568,,,,1,2023-06-20T02:35:29+00:00
SAO_8549-10,São Paulo,3550308,True,EMTU,580,https://moovitapp.com/index/pt-br/transporte_p%C3%BAblico-line-580-Sao_Paulo-242-2038937-36419570-0,7.55,-23.4981495,-46.694109875,,,,1,2023-06-20T02:34:54+00:00
SAO_8549-10,São Paulo,3550308,True,EMTU,580,https://moovitapp.com/index/pt-br/transporte_p%C3%BAblico-line-580-Sao_Paulo-242-2038937-36419570-0,7.55,-23.436121,-46.7174615,,,,1,2023-06-20T02:35:01+00:00
SAO_8549-10,São Paulo,3550308,True,EMTU,580,https://moovitapp.com/index/pt-br/transporte_p%C3%BAblico-line-580-Sao_Paulo-242-2038937-36419570-0,7.55,-23.4398635,-46.710856,,,,1,2023-06-20T02:35:28+00:00
SAO_8549-10,São Paulo,3550308,True,EMTU,580,https://moovitapp.com/index/pt-br/transporte_p%C3%BAblico-line-580-Sao_Paulo-242-2038937-36419570-0,7.55,-23.542839999999998,-46.6362885,,,,1,2023-06-20T02:35:17+00:00
SAO_8549-10,São Paulo,3550308,True,EMTU,580,https://moovitapp.com/index/pt-br/transporte_p%C3%BAblico-line-580-Sao_Paulo-242-2038937-36419570-0,7.55,-23.436121,-46.7174615,,,,1,2023-06-20T02:35:27+00:00
SAO_8549-10,São Paulo,3550308,True,EMTU,580,https://moovitapp.com/index/pt-br/transporte_p%C3%BAblico-line-580-Sao_Paulo-242-2038937-36419570-0,7.55,-23.470110500000004,-46.67706700000001,,,,1,2023-06-20T02:35:19+00:00
SAO_9354-10,São Paulo,3550308,True,,33476,,,-23.512185000000002,-46.6594065,,,,2,2023-06-20T02:35:23+00:00
SAO_9354-10,São Paulo,3550308,True,,33476,,,-23.475020999999998,-46.670199,,,,2,2023-06-20T02:35:14+00:00
SAO_9354-10,São Paulo,3550308,True,,33476,,,-23.4742495,-46.669781,,,,2,2023-06-20T02:34:56+00:00
SAO_9354-10,São Paulo,3550308,True,,33476,,,-23.474438499999998,-46.669928999999996,,,,2,2023-06-20T02:35:27+00:00
SAO_9354-10,São Paulo,3550308,True,,33476,,,-23.4742495,-46.669781,,,,2,2023-06-20T02:35:09+00:00
SAO_9354-10,São Paulo,3550308,True,,33476,,,-23.494119,-46.6464515,,,,2,2023-06-20T02:35:28+00:00
SAO_352A-10,São Paulo,3550308,True,,32932,,,-23.6137905,-46.4765445,,,,2,2023-06-20T02:35:25+00:00
SAO_352A-10,São Paulo,3550308,True,,32932,,,-23.53482375,-46.452111,,,,2,2023-06-20T02:35:04+00:00
SAO_352A-10,São Paulo,3550308,True,,32932,,,-23.4787225,-46.4204685,,,,2,2023-06-20T02:35:22+00:00
SAO_352A-10,São Paulo,3550308,True,,32932,,,-23.479201250000003,-46.42118275,,,,2,2023-06-20T02:35:24+00:00
SAO_352A-10,São Paulo,3550308,True,,32932,,,-23.490599500000002,-46.437058,,,,2,2023-06-20T02:35:01+00:00
SAO_352A-10,São Paulo,3550308,True,,32932,,,-23.4792935,-46.421334,,,,2,2023-06-20T02:34:57+00:00
SAO_352A-10,São Paulo,3550308,True,,32932,,,-23.6135615,-46.476484,,,,2,2023-06-20T02:35:13+00:00
SAO_352A-10,São Paulo,3550308,True,,32932,,,-23.479100875,-46.421538125,,,,2,2023-06-20T02:34:27+00:00
SAO_675K-10,São Paulo,3550308,True,,32966,,,-23.6903555,-46.7743995,,,,2,2023-06-20T02:34:57+00:00
SAO_675K-10,São Paulo,3550308,True,,32966,,,-23.598372375,-46.643238249999996,,,,2,2023-06-20T02:35:12+00:00
SAO_675K-10,São Paulo,3550308,True,,32966,,,-23.690684,-46.774680000000004,,,,2,2023-06-20T02:34:52+00:00
SAO_675K-10,São Paulo,3550308,True,,32966,,,-23.6903555,-46.7743995,,,,2,2023-06-20T02:34:53+00:00
SAO_675K-10,São Paulo,3550308,True,,32966,,,-23.6364375,-46.693218,,,,2,2023-06-20T02:35:36+00:00
SAO_675K-10,São Paulo,3550308,True,,32966,,,-23.6585225,-46.706396999999996,,,,2,2023-06-20T02:35:02+00:00
SAO_675K-10,São Paulo,3550308,True,,32966,,,-23.6901525,-46.774198999999996,,,,2,2023-06-20T02:35:09+00:00
SAO_675K-10,São Paulo,3550308,True,,32966,,,-23.669655,-46.7366765,,,,2,2023-06-20T02:35:22+00:00
SAO_675K-10,São Paulo,3550308,True,,32966,,,-23.6428855,-46.699923999999996,,,,2,2023-06-20T02:34:54+00:00
SAO_675K-10,São Paulo,3550308,True,,32966,,,-23.677212500000003,-46.760749000000004,,,,2,2023-06-20T02:33:09+00:00
SAO_675K-10,São Paulo,3550308,True,,32966,,,-23.670758499999998,-46.739941,,,,2,2023-06-20T02:35:08+00:00
SAO_677Y-10,São Paulo,3550308,True,,1240,,,-23.6836685,-46.7890555,,,,1,2023-06-20T02:35:28+00:00
SAO_677Y-10,São Paulo,3550308,True,,1240,,,-23.686086,-46.79267675,,,,1,2023-06-20T02:35:17+00:00
SAO_677Y-10,São Paulo,3550308,True,,1240,,,-23.6761975,-46.791579999999996,,,,1,2023-06-20T02:35:28+00:00
SAO_677Y-10,São Paulo,3550308,True,,1240,,,-23.643999,-46.7324175,,,,1,2023-06-20T02:35:20+00:00
SAO_677Y-10,São Paulo,3550308,True,,1240,,,-23.663792750000002,-46.781895,,,,1,2023-06-20T02:35:00+00:00
SAO_7055-10,São Paulo,3550308,True,,1888,,,-23.67850225,-46.77766525,,,,1,2023-06-20T02:35:09+00:00
SAO_7055-10,São Paulo,3550308,True,,1888,,,-23.692201,-46.786618,,,,1,2023-06-20T02:35:28+00:00
SAO_7055-10,São Paulo,3550308,True,,1888,,,-23.6364275,-46.7779335,,,,1,2023-06-20T02:35:30+00:00
SAO_7055-10,São Paulo,3550308,True,,1888,,,-23.6313825,-46.77286,,,,1,2023-06-20T02:35:00+00:00
SAO_7055-10,São Paulo,3550308,True,,1888,,,-23.6919635,-46.7907745,,,,1,2023-06-20T02:34:53+00:00
SAO_7055-10,São Paulo,3550308,True,,1888,,,-23.6919635,-46.7907745,,,,1,2023-06-20T02:35:15+00:00
SAO_7055-10,São Paulo,3550308,True,,1888,,,-23.640573000000003,-46.780058,,,,1,2023-06-20T02:35:31+00:00
SAO_7055-10,São Paulo,3550308,True,,1888,,,-23.6919635,-46.7907745,,,,1,2023-06-20T02:35:34+00:00
SAO_7055-10,São Paulo,3550308,True,,1888,,,-23.6919635,-46.7907745,,,,1,2023-06-20T02:35:18+00:00
SAO_5110-41,São Paulo,3550308,True,,34978,,,-23.584829750000004,-46.580197749999996,,,,2,2023-06-20T02:35:32+00:00
SAO_1767-10,São Paulo,3550308,True,,33396,,,-23.4736435,-46.565765999999996,,,,2,2023-06-20T02:34:51+00:00
SAO_1767-10,São Paulo,3550308,True,,33396,,,-23.4735285,-46.5655225,,,,2,2023-06-20T02:35:08+00:00
SAO_1767-10,São Paulo,3550308,True,,33396,,,-23.481203,-46.602722375,,,,2,2023-06-20T02:34:51+00:00
SAO_1767-10,São Paulo,3550308,True,,33396,,,-23.475644624999997,-46.561904750000004,,,,2,2023-06-20T02:35:10+00:00
SAO_1767-10,São Paulo,3550308,True,,33396,,,-23.4735285,-46.5655225,,,,2,2023-06-20T02:34:57+00:00
SAO_1767-10,São Paulo,3550308,True,,33396,,,-23.47952825,-46.567672,,,,2,2023-06-20T02:35:30+00:00
SAO_524M-10,São Paulo,3550308,True,,34399,,,-23.6137795,-46.501670000000004,,,,2,2023-06-20T02:35:33+00:00
SAO_524M-10,São Paulo,3550308,True,,34399,,,-23.61846,-46.494489875,,,,2,2023-06-20T02:35:23+00:00
SAO_524M-10,São Paulo,3550308,True,,34399,,,-23.5844045,-46.519586000000004,,,,2,2023-06-20T02:35:35+00:00
SAO_524M-10,São Paulo,3550308,True,,34399,,,-23.619122750000002,-46.4958135,,,,2,2023-06-20T02:35:26+00:00
SAO_524M-10,São Paulo,3550308,True,,34399,,,-23.619122750000002,-46.4958135,,,,2,2023-06-20T02:35:16+00:00
SAO_524M-10,São Paulo,3550308,True,,34399,,,-23.563701000000002,-46.505339,,,,2,2023-06-20T02:35:22+00:00
SAO_524M-10,São Paulo,3550308,True,,34399,,,-23.6142395,-46.501328,,,,2,2023-06-20T02:35:34+00:00
SAO_524M-10,São Paulo,3550308,True,,34399,,,-23.619122750000002,-46.4958135,,,,2,2023-06-20T02:35:08+00:00
SAO_524M-10,São Paulo,3550308,True,,34399,,,-23.596307,-46.501972499999994,,,,2,2023-06-20T02:35:17+00:00
SAO_524M-10,São Paulo,3550308,True,,34399,,,-23.568826375,-46.509066250000004,,,,2,2023-06-20T02:35:18+00:00
SAO_4718-10,São Paulo,3550308,True,,33104,,,-23.657341,-46.6139265,,,,2,2023-06-20T02:34:53+00:00
SAO_4718-10,São Paulo,3550308,True,,33104,,,-23.59914325,-46.63838525,,,,2,2023-06-20T02:35:22+00:00
SAO_9011-10,São Paulo,3550308,True,,33646,,,-23.444840499999998,-46.705281,,,,2,2023-06-20T02:34:52+00:00
SAO_9011-10,São Paulo,3550308,True,,33646,,,-23.4543985,-46.7377585,,,,2,2023-06-20T02:35:26+00:00
SAO_9011-10,São Paulo,3550308,True,,33646,,,-23.4379305,-46.737673,,,,2,2023-06-20T02:35:15+00:00
SAO_9011-10,São Paulo,3550308,True,,33646,,,-23.446524500000002,-46.7216595,,,,2,2023-06-20T02:35:17+00:00
SAO_9011-10,São Paulo,3550308,True,,33646,,,-23.4395595,-46.7333,,,,2,2023-06-20T02:34:59+00:00
SAO_9011-10,São Paulo,3550308,True,,33646,,,-23.445909999999998,-46.7050005,,,,2,2023-06-20T02:35:13+00:00
SAO_9011-10,São Paulo,3550308,True,,33646,,,-23.454522500000003,-46.737875,,,,2,2023-06-20T02:35:01+00:00
SAO_9011-10,São Paulo,3550308,True,,33646,,,-23.46901225,-46.67716775,,,,2,2023-06-20T02:35:04+00:00
SAO_9011-10,São Paulo,3550308,True,,33646,,,-23.4537555,-46.737453,,,,2,2023-06-20T02:35:17+00:00
SAO_9011-10,São Paulo,3550308,True,,33646,,,-23.44599875,-46.721825124999995,,,,2,2023-06-20T02:34:58+00:00
SAO_6084-10,São Paulo,3550308,True,,33937,,,-23.7804005,-46.6732885,,,,2,2023-06-20T02:35:11+00:00
SAO_6084-10,São Paulo,3550308,True,,33937,,,-23.7804005,-46.6732885,,,,2,2023-06-20T02:35:15+00:00
SAO_6084-10,São Paulo,3550308,True,,33937,,,-23.7812805,-46.67209375,,,,2,2023-06-20T02:35:26+00:00
SAO_6084-10,São Paulo,3550308,True,,33937,,,-23.7723675,-46.68094,,,,2,2023-06-20T02:35:28+00:00
SAO_6084-10,São Paulo,3550308,True,,33937,,,-23.7804115,-46.6731975,,,,2,2023-06-20T02:35:13+00:00
SAO_6084-10,São Paulo,3550308,True,,33937,,,-23.7812805,-46.67209375,,,,2,2023-06-20T02:35:25+00:00
SAO_6084-10,São Paulo,3550308,True,,33937,,,-23.7674725,-46.6982725,,,,2,2023-06-20T02:35:33+00:00
SAO_6826-10,São Paulo,3550308,True,,32784,,,-23.67401875,-46.79687199999999,,,,2,2023-06-20T02:35:32+00:00
SAO_6826-10,São Paulo,3550308,True,,32784,,,-23.6649185,-46.770462,,,,2,2023-06-20T02:34:59+00:00
SAO_271A-51,São Paulo,3550308,True,,703,,,-23.500329999999998,-46.5923305,,,,1,2023-06-20T02:35:10+00:00
SAO_271A-51,São Paulo,3550308,True,,703,,,-23.5033405,-46.5725875,,,,1,2023-06-20T02:34:28+00:00
SAO_271A-51,São Paulo,3550308,True,,703,,,-23.5182675,-46.5462475,,,,1,2023-06-20T02:35:10+00:00
SAO_189L-10,São Paulo,3550308,True,,35218,,,-23.50260925,-46.7062425,,,,2,2023-06-20T02:34:51+00:00
SAO_5103-10,São Paulo,3550308,True,,34414,,,-23.6114965,-46.663571000000005,,,,2,2023-06-20T02:35:24+00:00
SAO_5103-10,São Paulo,3550308,True,,34414,,,-23.596489875000003,-46.649990875,,,,2,2023-06-20T02:35:19+00:00
SAO_5103-10,São Paulo,3550308,True,,34414,,,-23.59687525,-46.63339525,,,,2,2023-06-20T02:34:57+00:00
SAO_748R-10,São Paulo,3550308,True,,33269,,,-23.534454,-46.713958500000004,,,,2,2023-06-20T02:35:16+00:00
SAO_748R-10,São Paulo,3550308,True,,33269,,,-23.578750749999998,-46.76147625,,,,2,2023-06-20T02:35:11+00:00
SAO_748R-10,São Paulo,3550308,True,,33269,,,-23.581757500000002,-46.7601035,,,,2,2023-06-20T02:35:06+00:00
SAO_748R-10,São Paulo,3550308,True,,33269,,,-23.590273,-46.768096,,,,2,2023-06-20T02:35:01+00:00
SAO_748R-10,São Paulo,3550308,True,,33269,,,-23.6001115,-46.7843265,,,,2,2023-06-20T02:35:24+00:00
SAO_748R-10,São Paulo,3550308,True,,33269,,,-23.600459999999998,-46.784138999999996,,,,2,2023-06-20T02:35:01+00:00
SAO_748R-10,São Paulo,3550308,True,,33269,,,-23.6003325,-46.784207,,,,2,2023-06-20T02:35:32+00:00
SAO_748R-10,São Paulo,3550308,True,,33269,,,-23.600666,-46.784031999999996,,,,2,2023-06-20T02:35:02+00:00
SAO_669A-10,São Paulo,3550308,True,,32772,,,-23.535529375,-46.65080275,,,,2,2023-06-20T02:35:15+00:00
SAO_669A-10,São Paulo,3550308,True,,32772,,,-23.652657750000003,-46.70861875,,,,2,2023-06-20T02:35:35+00:00
SAO_669A-10,São Paulo,3550308,True,,32772,,,-23.552987875,-46.65960975,,,,2,2023-06-20T02:35:35+00:00
SAO_669A-10,São Paulo,3550308,True,,32772,,,-23.582765000000002,-46.667825,,,,2,2023-06-20T02:35:10+00:00
SAO_669A-10,São Paulo,3550308,True,,32772,,,-23.557209,-46.661433,,,,2,2023-06-20T02:35:21+00:00
SAO_669A-10,São Paulo,3550308,True,,32772,,,-23.63329175,-46.69288999999999,,,,2,2023-06-20T02:35:35+00:00
SAO_669A-10,São Paulo,3550308,True,,32772,,,-23.576032499999997,-46.65792175,,,,2,2023-06-20T02:35:08+00:00
SAO_669A-10,São Paulo,3550308,True,,32772,,,-23.5341755,-46.6447165,,,,2,2023-06-20T02:35:27+00:00
SAO_7903-10,São Paulo,3550308,True,,33280,,,-23.5602905,-46.671777500000005,,,,2,2023-06-20T02:35:15+00:00
SAO_7903-10,São Paulo,3550308,True,,33280,,,-23.5477705,-46.641587,,,,2,2023-06-20T02:34:53+00:00
SAO_7903-10,São Paulo,3550308,True,,33280,,,-23.5477705,-46.641587,,,,2,2023-06-20T02:35:00+00:00
SAO_7903-10,São Paulo,3550308,True,,33280,,,-23.5844065,-46.738124,,,,2,2023-06-20T02:35:10+00:00
SAO_7903-10,São Paulo,3550308,True,,33280,,,-23.5477705,-46.641587,,,,2,2023-06-20T02:35:22+00:00
SAO_7903-10,São Paulo,3550308,True,,33280,,,-23.603388,-46.786927000000006,,,,2,2023-06-20T02:35:31+00:00
SAO_8014-10,São Paulo,3550308,True,,33569,,,-23.4228595,-46.7894185,,,,2,2023-06-20T02:35:22+00:00
SAO_8014-10,São Paulo,3550308,True,,33569,,,-23.451213000000003,-46.7910805,,,,2,2023-06-20T02:34:51+00:00
SAO_8014-10,São Paulo,3550308,True,,33569,,,-23.446309499999998,-46.789116,,,,2,2023-06-20T02:35:28+00:00
SAO_8014-10,São Paulo,3550308,True,,33569,,,-23.405923,-46.755074,,,,2,2023-06-20T02:34:58+00:00
SAO_8014-10,São Paulo,3550308,True,,33569,,,-23.439143,-46.792296500000006,,,,2,2023-06-20T02:35:23+00:00
SAO_8014-10,São Paulo,3550308,True,,33569,,,-23.430564500000003,-46.788671,,,,2,2023-06-20T02:35:28+00:00
SAO_8014-10,São Paulo,3550308,True,,33569,,,-23.407602,-46.742053,,,,2,2023-06-20T02:35:11+00:00
SAO_8014-10,São Paulo,3550308,True,,33569,,,-23.439384,-46.7928925,,,,2,2023-06-20T02:35:00+00:00
SAO_8027-10,São Paulo,3550308,True,,2162,,,-23.567521999999997,-46.765722499999995,,,,1,2023-06-20T02:34:59+00:00
SAO_6016-41,São Paulo,3550308,True,,1706,,,-23.7546245,-46.6877975,,,,1,2023-06-20T02:35:05+00:00
SAO_6016-41,São Paulo,3550308,True,,1706,,,-23.740434,-46.691452999999996,,,,1,2023-06-20T02:35:15+00:00
SAO_6015-10,São Paulo,3550308,True,,1205,,,-23.718400000000003,-46.784493499999996,,,,1,2023-06-20T02:34:53+00:00
SAO_6015-10,São Paulo,3550308,True,,1205,,,-23.6759545,-46.7530775,,,,1,2023-06-20T02:35:11+00:00
SAO_6015-10,São Paulo,3550308,True,,1205,,,-23.734715,-46.7945555,,,,1,2023-06-20T02:35:01+00:00
SAO_6015-10,São Paulo,3550308,True,,1205,,,-23.734715,-46.7945555,,,,1,2023-06-20T02:35:26+00:00
SAO_6015-10,São Paulo,3550308,True,,1205,,,-23.6539185,-46.7067565,,,,1,2023-06-20T02:35:01+00:00
SAO_6015-10,São Paulo,3550308,True,,1205,,,-23.734715,-46.7945555,,,,1,2023-06-20T02:35:06+00:00
SAO_6015-10,São Paulo,3550308,True,,1205,,,-23.682796,-46.7680615,,,,1,2023-06-20T02:35:14+00:00
SAO_6015-10,São Paulo,3550308,True,,1205,,,-23.70742125,-46.7843955,,,,1,2023-06-20T02:35:35+00:00
SAO_971C-10,São Paulo,3550308,True,,33339,,,-23.4489235,-46.7102915,,,,2,2023-06-20T02:35:10+00:00
SAO_971C-10,São Paulo,3550308,True,,33339,,,-23.463628,-46.6811755,,,,2,2023-06-20T02:35:07+00:00
SAO_971C-10,São Paulo,3550308,True,,33339,,,-23.455434500000003,-46.6937785,,,,2,2023-06-20T02:35:09+00:00
SAO_971C-10,São Paulo,3550308,True,,33339,,,-23.448803499999997,-46.710332,,,,2,2023-06-20T02:35:37+00:00
SAO_971C-10,São Paulo,3550308,True,,33339,,,-23.455434500000003,-46.6937785,,,,2,2023-06-20T02:35:02+00:00
SAO_971C-10,São Paulo,3550308,True,,33339,,,-23.5033405,-46.6345435,,,,2,2023-06-20T02:35:05+00:00
SAO_971C-10,São Paulo,3550308,True,,33339,,,-23.449078,-46.710038,,,,2,2023-06-20T02:35:07+00:00
SAO_971C-10,São Paulo,3550308,True,,33339,,,-23.449078,-46.710038,,,,2,2023-06-20T02:35:30+00:00
SAO_1896-10,São Paulo,3550308,True,,2520,,,-23.4444145,-46.7533035,,,,1,2023-06-20T02:34:57+00:00
SAO_1896-10,São Paulo,3550308,True,,2520,,,-23.46418425,-46.75482875,,,,1,2023-06-20T02:35:36+00:00
SAO_1896-10,São Paulo,3550308,True,,2520,,,-23.4536795,-46.7437235,,,,1,2023-06-20T02:35:04+00:00
SAO_1896-10,São Paulo,3550308,True,,2520,,,-23.5405595,-46.6452455,,,,1,2023-06-20T02:35:23+00:00
SAO_1896-10,São Paulo,3550308,True,,2520,,,-23.4444145,-46.7533035,,,,1,2023-06-20T02:35:30+00:00
SAO_1896-10,São Paulo,3550308,True,,2520,,,-23.5063615,-46.7170445,,,,1,2023-06-20T02:35:14+00:00
SAO_775A-10,São Paulo,3550308,True,,33241,,,-23.5809395,-46.684903250000005,,,,2,2023-06-20T02:35:35+00:00
SAO_775A-10,São Paulo,3550308,True,,33241,,,-23.562497999999998,-46.764742999999996,,,,2,2023-06-20T02:35:16+00:00
SAO_775A-10,São Paulo,3550308,True,,33241,,,-23.574772000000003,-46.729992,,,,2,2023-06-20T02:35:13+00:00
SAO_775A-10,São Paulo,3550308,True,,33241,,,-23.5622305,-46.764066,,,,2,2023-06-20T02:34:52+00:00
SAO_647P-10,São Paulo,3550308,True,,34084,,,-23.6612605,-46.748577,,,,2,2023-06-20T02:35:14+00:00
SAO_647P-10,São Paulo,3550308,True,,34084,,,-23.628844125,-46.736115625,,,,2,2023-06-20T02:35:09+00:00
SAO_647P-10,São Paulo,3550308,True,,34084,,,-23.645063999999998,-46.730504999999994,,,,2,2023-06-20T02:35:10+00:00
SAO_647P-10,São Paulo,3550308,True,,34084,,,-23.644223,-46.733958,,,,2,2023-06-20T02:35:15+00:00
SAO_647P-10,São Paulo,3550308,True,,34084,,,-23.604088,-46.725159,,,,2,2023-06-20T02:34:55+00:00
SAO_647P-10,São Paulo,3550308,True,,34084,,,-23.591968,-46.704215500000004,,,,2,2023-06-20T02:35:22+00:00
SAO_647P-10,São Paulo,3550308,True,,34084,,,-23.603076,-46.7253075,,,,2,2023-06-20T02:35:07+00:00
SAO_9500-10,São Paulo,3550308,True,,33229,,,-23.4742495,-46.669781,,,,2,2023-06-20T02:34:56+00:00
SAO_9500-10,São Paulo,3550308,True,,33229,,,-23.5396335,-46.640001500000004,,,,2,2023-06-20T02:35:13+00:00
SAO_9500-10,São Paulo,3550308,True,,33229,,,-23.4742495,-46.669781,,,,2,2023-06-20T02:35:19+00:00
SAO_9500-10,São Paulo,3550308,True,,33229,,,-23.4746515,-46.6700015,,,,2,2023-06-20T02:35:26+00:00
SAO_9500-10,São Paulo,3550308,True,,33229,,,-23.50552975,-46.670390499999996,,,,2,2023-06-20T02:35:09+00:00
SAO_9500-10,São Paulo,3550308,True,,33229,,,-23.474438499999998,-46.669928999999996,,,,2,2023-06-20T02:34:55+00:00
SAO_4030-10,São Paulo,3550308,True,,1100,,,-23.600215249999998,-46.48453775,,,,1,2023-06-20T02:35:31+00:00
SAO_4030-10,São Paulo,3550308,True,,1100,,,-23.618714,-46.4836355,,,,1,2023-06-20T02:35:18+00:00
SAO_4030-10,São Paulo,3550308,True,,1100,,,-23.612389999999998,-46.477115,,,,1,2023-06-20T02:35:14+00:00
SAO_4030-10,São Paulo,3550308,True,,1100,,,-23.5633835,-46.501695,,,,1,2023-06-20T02:35:15+00:00
SAO_7062-31,São Paulo,3550308,True,,34682,,,-23.6463475,-46.7730035,,,,2,2023-06-20T02:35:14+00:00
SAO_7062-31,São Paulo,3550308,True,,34682,,,-23.635189500000003,-46.775909,,,,2,2023-06-20T02:35:13+00:00
SAO_746K-10,São Paulo,3550308,True,STT,787,https://moovitapp.com/index/pt-br/transporte_p%C3%BAblico-line-787-Sao_Paulo-242-850661-183355-0,5.3,-23.622638000000002,-46.7260985,,,,1,2023-06-20T02:35:00+00:00
SAO_2728-10,São Paulo,3550308,True,,33711,,,-23.519598,-46.546459999999996,,,,2,2023-06-20T02:34:46+00:00
SAO_2728-10,São Paulo,3550308,True,,33711,,,-23.521151500000002,-46.54670075,,,,2,2023-06-20T02:34:58+00:00
SAO_2728-10,São Paulo,3550308,True,,33711,,,-23.505311,-46.5212685,,,,2,2023-06-20T02:35:29+00:00
SAO_2728-10,São Paulo,3550308,True,,33711,,,-23.5015605,-46.512554,,,,2,2023-06-20T02:35:01+00:00
SAO_2728-10,São Paulo,3550308,True,,33711,,,-23.5015605,-46.512554,,,,2,2023-06-20T02:35:22+00:00
SAO_2728-10,São Paulo,3550308,True,,33711,,,-23.5010325,-46.5124385,,,,2,2023-06-20T02:35:12+00:00
SAO_2728-10,São Paulo,3550308,True,,33711,,,-23.500805999999997,-46.5126535,,,,2,2023-06-20T02:35:10+00:00
SAO_2728-10,São Paulo,3550308,True,,33711,,,-23.5081825,-46.5367855,,,,2,2023-06-20T02:35:23+00:00
SAO_807J-10,São Paulo,3550308,True,,34826,,,-23.612372,-46.7432545,,,,2,2023-06-20T02:35:01+00:00
SAO_807J-10,São Paulo,3550308,True,,34826,,,-23.613870499999997,-46.731314499999996,,,,2,2023-06-20T02:35:00+00:00
SAO_807J-10,São Paulo,3550308,True,,34826,,,-23.6157585,-46.756756499999995,,,,2,2023-06-20T02:35:07+00:00
SAO_807J-10,São Paulo,3550308,True,,34826,,,-23.602075499999998,-46.7248475,,,,2,2023-06-20T02:35:16+00:00
SAO_807J-10,São Paulo,3550308,True,,34826,,,-23.6023765,-46.725097,,,,2,2023-06-20T02:35:15+00:00
SAO_807J-10,São Paulo,3550308,True,,34826,,,-23.614454,-46.7139055,,,,2,2023-06-20T02:30:19+00:00
SAO_807J-10,São Paulo,3550308,True,,34826,,,-23.622577,-46.762322499999996,,,,2,2023-06-20T02:35:25+00:00
SAO_807J-10,São Paulo,3550308,True,,34826,,,-23.603441,-46.7252635,,,,2,2023-06-20T02:35:33+00:00
SAO_807J-10,São Paulo,3550308,True,,34826,,,-23.631797499999998,-46.7719915,,,,2,2023-06-20T02:35:01+00:00
SAO_807J-10,São Paulo,3550308,True,,34826,,,-23.6187295,-46.698445,,,,2,2023-06-20T02:35:32+00:00
SAO_107T-10,São Paulo,3550308,True,,33389,,,-23.544926750000002,-46.63830874999999,,,,2,2023-06-20T02:35:32+00:00
SAO_107T-10,São Paulo,3550308,True,,33389,,,-23.4810725,-46.603761500000005,,,,2,2023-06-20T02:35:26+00:00
SAO_107T-10,São Paulo,3550308,True,,33389,,,-23.525130250000004,-46.62530225,,,,2,2023-06-20T02:35:29+00:00
SAO_107T-10,São Paulo,3550308,True,,33389,,,-23.5654375,-46.6678575,,,,2,2023-06-20T02:35:34+00:00
SAO_107T-10,São Paulo,3550308,True,,33389,,,-23.4810725,-46.603761500000005,,,,2,2023-06-20T02:34:27+00:00
SAO_107T-10,São Paulo,3550308,True,,33389,,,-23.482129999999998,-46.6038695,,,,2,2023-06-20T02:35:20+00:00
SAO_107T-10,São Paulo,3550308,True,,33389,,,-23.510962125000002,-46.624883,,,,2,2023-06-20T02:35:28+00:00
SAO_107T-10,São Paulo,3550308,True,,33389,,,-23.4810725,-46.603761500000005,,,,2,2023-06-20T02:35:31+00:00
SAO_748R-10,São Paulo,3550308,True,EMTU,501,https://moovitapp.com/index/pt-br/transporte_p%C3%BAblico-line-501-Sao_Paulo-242-2038937-36419526-0,7.55,-23.59432625,-46.784400000000005,,,,1,2023-06-20T02:35:05+00:00
SAO_748R-10,São Paulo,3550308,True,EMTU,501,https://moovitapp.com/index/pt-br/transporte_p%C3%BAblico-line-501-Sao_Paulo-242-2038937-36419526-0,7.55,-23.526614000000002,-46.668097,,,,1,2023-06-20T02:35:29+00:00
SAO_748R-10,São Paulo,3550308,True,EMTU,501,https://moovitapp.com/index/pt-br/transporte_p%C3%BAblico-line-501-Sao_Paulo-242-2038937-36419526-0,7.55,-23.526926,-46.665777500000004,,,,1,2023-06-20T02:35:28+00:00
SAO_748R-10,São Paulo,3550308,True,EMTU,501,https://moovitapp.com/index/pt-br/transporte_p%C3%BAblico-line-501-Sao_Paulo-242-2038937-36419526-0,7.55,-23.5486265,-46.73750975,,,,1,2023-06-20T02:34:53+00:00
SAO_3787-10,São Paulo,3550308,True,,34380,,,-23.60156875,-46.398831,,,,2,2023-06-20T02:35:18+00:00
SAO_3787-10,São Paulo,3550308,True,,34380,,,-23.60186025,-46.398567,,,,2,2023-06-20T02:35:05+00:00
SAO_3787-10,São Paulo,3550308,True,,34380,,,-23.5498035,-46.4621065,,,,2,2023-06-20T02:35:00+00:00
SAO_3787-10,São Paulo,3550308,True,,34380,,,-23.602567,-46.404206,,,,2,2023-06-20T02:35:00+00:00
SAO_3787-10,São Paulo,3550308,True,,34380,,,-23.583288000000003,-46.409053,,,,2,2023-06-20T02:35:28+00:00
SAO_3787-10,São Paulo,3550308,True,,34380,,,-23.591637249999998,-46.41677075,,,,2,2023-06-20T02:35:00+00:00
SAO_3787-10,São Paulo,3550308,True,,34380,,,-23.60156875,-46.398831,,,,2,2023-06-20T02:35:33+00:00
SAO_3787-10,São Paulo,3550308,True,,34380,,,-23.5799955,-46.44281775,,,,2,2023-06-20T02:35:16+00:00
SAO_4210-10,São Paulo,3550308,True,,34938,,,-23.5830695,-46.408172,,,,2,2023-06-20T02:35:34+00:00
SAO_4210-10,São Paulo,3550308,True,,34938,,,-23.547062,-46.630193000000006,,,,2,2023-06-20T02:35:26+00:00
SAO_4210-10,São Paulo,3550308,True,,34938,,,-23.582728,-46.4150995,,,,2,2023-06-20T02:35:11+00:00
SAO_4210-10,São Paulo,3550308,True,,34938,,,-23.532384,-46.5618135,,,,2,2023-06-20T02:35:13+00:00
SAO_4210-10,São Paulo,3550308,True,,34938,,,-23.5831765,-46.407794499999994,,,,2,2023-06-20T02:34:56+00:00
SAO_4210-10,São Paulo,3550308,True,,34938,,,-23.583026,-46.408417,,,,2,2023-06-20T02:35:37+00:00
SAO_4210-10,São Paulo,3550308,True,,34938,,,-23.547062,-46.630193000000006,,,,2,2023-06-20T02:35:20+00:00
SAO_4210-10,São Paulo,3550308,True,,34938,,,-23.595814750000002,-46.43762475,,,,2,2023-06-20T02:35:17+00:00
SAO_4210-10,São Paulo,3550308,True,,34938,,,-23.533928500000002,-46.5664155,,,,2,2023-06-20T02:32:17+00:00
SAO_4210-10,São Paulo,3550308,True,,34938,,,-23.594362,-46.42451,,,,2,2023-06-20T02:35:37+00:00
SAO_4210-10,São Paulo,3550308,True,,34938,,,-23.541336,-46.614003499999995,,,,2,2023-06-20T02:35:01+00:00
SAO_4210-10,São Paulo,3550308,True,,34938,,,-23.547062,-46.630193000000006,,,,2,2023-06-20T02:35:35+00:00
SAO_4210-10,São Paulo,3550308,True,,34938,,,-23.596091,-46.453577,,,,2,2023-06-20T02:34:53+00:00
SAO_4210-10,São Paulo,3550308,True,,34938,,,-23.5645445,-46.508259,,,,2,2023-06-20T02:35:05+00:00
SAO_746R-10,São Paulo,3550308,True,,790,,,-23.627466499999997,-46.714205250000006,,,,1,2023-06-20T02:35:27+00:00
SAO_746R-10,São Paulo,3550308,True,,790,,,-23.6466655,-46.727632,,,,1,2023-06-20T02:34:57+00:00
SAO_1726-10,São Paulo,3550308,True,,34171,,,-23.4938905,-46.6229485,,,,2,2023-06-20T02:35:22+00:00
SAO_1726-10,São Paulo,3550308,True,,34171,,,-23.502707,-46.624029,,,,2,2023-06-20T02:35:27+00:00
SAO_1726-10,São Paulo,3550308,True,,34171,,,-23.471642625,-46.606527875,,,,2,2023-06-20T02:34:54+00:00
SAO_1726-10,São Paulo,3550308,True,,34171,,,-23.443562,-46.5900395,,,,2,2023-06-20T02:35:27+00:00
SAO_1726-10,São Paulo,3550308,True,,34171,,,-23.436823500000003,-46.566249,,,,2,2023-06-20T02:35:09+00:00
SAO_1726-10,São Paulo,3550308,True,,34171,,,-23.4359105,-46.566243,,,,2,2023-06-20T02:35:12+00:00
SAO_1726-10,São Paulo,3550308,True,,34171,,,-23.460689375,-46.60265925,,,,2,2023-06-20T02:35:26+00:00
SAO_4086-10,São Paulo,3550308,True,,2250,,,-23.591472,-46.407424125000006,,,,1,2023-06-20T02:35:37+00:00
SAO_9014-10,São Paulo,3550308,True,,1425,,,-23.4840035,-46.7004865,,,,1,2023-06-20T02:34:55+00:00
SAO_9014-10,São Paulo,3550308,True,,1425,,,-23.512507999999997,-46.690535,,,,1,2023-06-20T02:35:21+00:00
SAO_9014-10,São Paulo,3550308,True,,1425,,,-23.474323499999997,-46.7081875,,,,1,2023-06-20T02:34:52+00:00
SAO_9014-10,São Paulo,3550308,True,,1425,,,-23.47469,-46.7083305,,,,1,2023-06-20T02:35:02+00:00
SAO_2720-10,São Paulo,3550308,True,,33701,,,-23.507252,-46.4830185,,,,2,2023-06-20T02:35:11+00:00
SAO_2720-10,São Paulo,3550308,True,,33701,,,-23.489454000000002,-46.470586499999996,,,,2,2023-06-20T02:30:24+00:00
SAO_2720-10,São Paulo,3550308,True,,33701,,,-23.493021,-46.470974,,,,2,2023-06-20T02:35:10+00:00
SAO_2720-10,São Paulo,3550308,True,,33701,,,-23.492762,-46.4711185,,,,2,2023-06-20T02:35:12+00:00
SAO_2720-10,São Paulo,3550308,True,,33701,,,-23.492872,-46.471083,,,,2,2023-06-20T02:35:19+00:00
SAO_2720-10,São Paulo,3550308,True,,33701,,,-23.502362625,-46.4804335,,,,2,2023-06-20T02:35:01+00:00
SAO_2720-10,São Paulo,3550308,True,,33701,,,-23.493471,-46.470558,,,,2,2023-06-20T02:35:23+00:00
SAO_2720-10,São Paulo,3550308,True,,33701,,,-23.5171875,-46.509521,,,,2,2023-06-20T02:35:22+00:00
SAO_199D-10,São Paulo,3550308,True,,2135,,,-23.485856,-46.71054650000001,,,,1,2023-06-20T02:34:55+00:00
SAO_199D-10,São Paulo,3550308,True,,2135,,,-23.5663985,-46.701694,,,,1,2023-06-20T02:34:58+00:00
SAO_199D-10,São Paulo,3550308,True,,2135,,,-23.5283135,-46.702817499999995,,,,1,2023-06-20T02:35:13+00:00
SAO_199D-10,São Paulo,3550308,True,,2135,,,-23.548501,-46.685239499999994,,,,1,2023-06-20T02:35:28+00:00
SAO_199D-10,São Paulo,3550308,True,,2135,,,-23.485856,-46.71054650000001,,,,1,2023-06-20T02:35:09+00:00
SAO_199D-10,São Paulo,3550308,True,,2135,,,-23.485856,-46.71054650000001,,,,1,2023-06-20T02:35:11+00:00
SAO_857R-10,São Paulo,3550308,True,,34660,,,-23.6233355,-46.763734,,,,2,2023-06-20T02:34:55+00:00
SAO_857R-10,São Paulo,3550308,True,,34660,,,-23.58077,-46.711467,,,,2,2023-06-20T02:35:20+00:00
SAO_857R-10,São Paulo,3550308,True,,34660,,,-23.570529,-46.6330125,,,,2,2023-06-20T02:35:16+00:00
SAO_857R-10,São Paulo,3550308,True,,34660,,,-23.6307075,-46.7731485,,,,2,2023-06-20T02:35:10+00:00
SAO_701U-10,São Paulo,3550308,True,,33425,,,-23.556232,-46.6636055,,,,2,2023-06-20T02:35:23+00:00
SAO_701U-10,São Paulo,3550308,True,,33425,,,-23.502498000000003,-46.62359549999999,,,,2,2023-06-20T02:35:33+00:00
SAO_701U-10,São Paulo,3550308,True,,33425,,,-23.50591975,-46.624733250000006,,,,2,2023-06-20T02:35:16+00:00
SAO_6007-10,São Paulo,3550308,True,,32944,,,-23.654375,-46.714551,,,,2,2023-06-20T02:35:29+00:00
SAO_6007-10,São Paulo,3550308,True,,32944,,,-23.654132,-46.7632315,,,,2,2023-06-20T02:35:03+00:00
SAO_6007-10,São Paulo,3550308,True,,32944,,,-23.658278,-46.733466500000006,,,,2,2023-06-20T02:32:38+00:00
SAO_6007-10,São Paulo,3550308,True,,32944,,,-23.654101,-46.763310000000004,,,,2,2023-06-20T02:35:13+00:00
SAO_6007-10,São Paulo,3550308,True,,32944,,,-23.67062,-46.739652500000005,,,,2,2023-06-20T02:35:04+00:00
SAO_6007-10,São Paulo,3550308,True,,32944,,,-23.6550515,-46.762732,,,,2,2023-06-20T02:34:58+00:00
SAO_6007-10,São Paulo,3550308,True,,32944,,,-23.656809000000003,-46.761884,,,,2,2023-06-20T02:35:31+00:00
SAO_6007-10,São Paulo,3550308,True,,32944,,,-23.654500749999997,-46.732793875,,,,2,2023-06-20T02:35:04+00:00
SAO_7017-10,São Paulo,3550308,True,,35270,,,-23.6736525,-46.7593465,,,,2,2023-06-20T02:35:33+00:00
SAO_7017-10,São Paulo,3550308,True,,35270,,,-23.6916375,-46.787150999999994,,,,2,2023-06-20T02:35:00+00:00
SAO_7017-10,São Paulo,3550308,True,,35270,,,-23.6931275,-46.7906735,,,,2,2023-06-20T02:35:36+00:00
SAO_7017-10,São Paulo,3550308,True,,35270,,,-23.670758499999998,-46.739941,,,,2,2023-06-20T02:35:29+00:00
SAO_7017-10,São Paulo,3550308,True,,35270,,,-23.675430499999997,-46.773945,,,,2,2023-06-20T02:35:02+00:00
SAO_7017-10,São Paulo,3550308,True,,35270,,,-23.693268000000003,-46.790838,,,,2,2023-06-20T02:35:04+00:00
SAO_502J-22,São Paulo,3550308,True,,34875,,,-23.7060275,-46.6879755,,,,2,2023-06-20T02:35:09+00:00
SAO_502J-22,São Paulo,3550308,True,,34875,,,-23.69461975,-46.6756075,,,,2,2023-06-20T02:35:15+00:00
SAO_502J-22,São Paulo,3550308,True,,34875,,,-23.706488999999998,-46.68819,,,,2,2023-06-20T02:34:58+00:00
SAO_502J-22,São Paulo,3550308,True,,34875,,,-23.7058085,-46.6886045,,,,2,2023-06-20T02:34:51+00:00
SAO_475R-10,São Paulo,3550308,True,,344,,,-23.65282,-46.607729000000006,,,,1,2023-06-20T02:35:04+00:00
SAO_475R-10,São Paulo,3550308,True,,344,,,-23.65282,-46.607729000000006,,,,1,2023-06-20T02:35:03+00:00
SAO_475R-10,São Paulo,3550308,True,,344,,,-23.65282,-46.607729000000006,,,,1,2023-06-20T02:34:53+00:00
SAO_475R-10,São Paulo,3550308,True,,344,,,-23.65282,-46.607729000000006,,,,1,2023-06-20T02:35:09+00:00
SAO_475R-10,São Paulo,3550308,True,,344,,,-23.652523000000002,-46.608846,,,,1,2023-06-20T02:34:54+00:00
SAO_475R-10,São Paulo,3550308,True,,344,,,-23.5720795,-46.653583,,,,1,2023-06-20T02:35:13+00:00
SAO_475R-10,São Paulo,3550308,True,,344,,,-23.65282,-46.607729000000006,,,,1,2023-06-20T02:35:03+00:00
SAO_475R-10,São Paulo,3550308,True,,344,,,-23.6211835,-46.634198,,,,1,2023-06-20T02:35:15+00:00
SAO_1178-31,São Paulo,3550308,True,,34580,,,-23.495266,-46.432126,,,,2,2023-06-20T02:35:31+00:00
SAO_1178-31,São Paulo,3550308,True,,34580,,,-23.513022499999998,-46.545897,,,,2,2023-06-20T02:35:29+00:00
SAO_1178-31,São Paulo,3550308,True,,34580,,,-23.504024,-46.4331685,,,,2,2023-06-20T02:35:24+00:00
SAO_1178-31,São Paulo,3550308,True,,34580,,,-23.5041765,-46.433013,,,,2,2023-06-20T02:35:34+00:00
SAO_1178-31,São Paulo,3550308,True,,34580,,,-23.504154,-46.433862,,,,2,2023-06-20T02:35:00+00:00
SAO_2088-10,São Paulo,3550308,True,,33140,,,-23.494142,-46.421000125,,,,2,2023-06-20T02:35:05+00:00
SAO_2088-10,São Paulo,3550308,True,,33140,,,-23.504168999999997,-46.379309,,,,2,2023-06-20T02:35:14+00:00
SAO_2088-10,São Paulo,3550308,True,,33140,,,-23.5037935,-46.379870499999996,,,,2,2023-06-20T02:35:23+00:00
SAO_2088-10,São Paulo,3550308,True,,33140,,,-23.5181815,-46.4758755,,,,2,2023-06-20T02:35:33+00:00
SAO_2088-10,São Paulo,3550308,True,,33140,,,-23.4852245,-46.379097,,,,2,2023-06-20T02:35:07+00:00
SAO_2088-10,São Paulo,3550308,True,,33140,,,-23.503725000000003,-46.379984,,,,2,2023-06-20T02:35:24+00:00
SAO_8017-10,São Paulo,3550308,True,,1261,,,-23.438237,-46.746818000000005,,,,1,2023-06-20T02:35:13+00:00
SAO_8017-10,São Paulo,3550308,True,,1261,,,-23.435717249999996,-46.741409000000004,,,,1,2023-06-20T02:35:28+00:00
SAO_8017-10,São Paulo,3550308,True,,1261,,,-23.438237,-46.746818000000005,,,,1,2023-06-20T02:35:22+00:00
SAO_8017-10,São Paulo,3550308,True,,1261,,,-23.446289,-46.7226535,,,,1,2023-06-20T02:35:10+00:00
SAO_8017-10,São Paulo,3550308,True,,1261,,,-23.438237,-46.746818000000005,,,,1,2023-06-20T02:35:28+00:00
SAO_8017-10,São Paulo,3550308,True,,1261,,,-23.438237,-46.746818000000005,,,,1,2023-06-20T02:35:29+00:00
SAO_8017-10,São Paulo,3550308,True,,1261,,,-23.438237,-46.746818000000005,,,,1,2023-06-20T02:35:31+00:00
SAO_6006-10,São Paulo,3550308,True,EMTU,175,https://moovitapp.com/index/pt-br/transporte_p%C3%BAblico-line-175-Sao_Paulo-242-2038937-36419312-0,6.25,-23.6922335,-46.757836499999996,,,,1,2023-06-20T02:33:51+00:00
SAO_6006-10,São Paulo,3550308,True,EMTU,175,https://moovitapp.com/index/pt-br/transporte_p%C3%BAblico-line-175-Sao_Paulo-242-2038937-36419312-0,6.25,-23.672098,-46.741896,,,,1,2023-06-20T02:35:17+00:00
SAO_6006-10,São Paulo,3550308,True,EMTU,175,https://moovitapp.com/index/pt-br/transporte_p%C3%BAblico-line-175-Sao_Paulo-242-2038937-36419312-0,6.25,-23.6922335,-46.757836499999996,,,,1,2023-06-20T02:35:05+00:00
SAO_6006-10,São Paulo,3550308,True,EMTU,175,https://moovitapp.com/index/pt-br/transporte_p%C3%BAblico-line-175-Sao_Paulo-242-2038937-36419312-0,6.25,-23.6922335,-46.757836499999996,,,,1,2023-06-20T02:35:20+00:00
SAO_6006-10,São Paulo,3550308,True,EMTU,175,https://moovitapp.com/index/pt-br/transporte_p%C3%BAblico-line-175-Sao_Paulo-242-2038937-36419312-0,6.25,-23.6922335,-46.757836499999996,,,,1,2023-06-20T02:35:27+00:00
SAO_6006-10,São Paulo,3550308,True,EMTU,175,https://moovitapp.com/index/pt-br/transporte_p%C3%BAblico-line-175-Sao_Paulo-242-2038937-36419312-0,6.25,-23.6922335,-46.757836499999996,,,,1,2023-06-20T02:29:16+00:00
SAO_6006-10,São Paulo,3550308,True,EMTU,175,https://moovitapp.com/index/pt-br/transporte_p%C3%BAblico-line-175-Sao_Paulo-242-2038937-36419312-0,6.25,-23.6922335,-46.757836499999996,,,,1,2023-06-20T02:30:02+00:00
SAO_6006-10,São Paulo,3550308,True,EMTU,175,https://moovitapp.com/index/pt-br/transporte_p%C3%BAblico-line-175-Sao_Paulo-242-2038937-36419312-0,6.25,-23.667765000000003,-46.680365,,,,1,2023-06-20T02:35:15+00:00
SAO_6006-10,São Paulo,3550308,True,EMTU,175,https://moovitapp.com/index/pt-br/transporte_p%C3%BAblico-line-175-Sao_Paulo-242-2038937-36419312-0,6.25,-23.675183750000002,-46.6859125,,,,1,2023-06-20T02:35:25+00:00
SAO_6006-10,São Paulo,3550308,True,EMTU,175,https://moovitapp.com/index/pt-br/transporte_p%C3%BAblico-line-175-Sao_Paulo-242-2038937-36419312-0,6.25,-23.692028999999998,-46.757647,,,,1,2023-06-20T02:35:13+00:00
SAO_6006-10,São Paulo,3550308,True,EMTU,175,https://moovitapp.com/index/pt-br/transporte_p%C3%BAblico-line-175-Sao_Paulo-242-2038937-36419312-0,6.25,-23.6922335,-46.757836499999996,,,,1,2023-06-20T02:33:46+00:00
SAO_4709-10,São Paulo,3550308,True,,33101,,,-23.653912,-46.612244000000004,,,,2,2023-06-20T02:35:18+00:00
SAO_4709-10,São Paulo,3550308,True,,33101,,,-23.609506000000003,-46.6091695,,,,2,2023-06-20T02:35:13+00:00
SAO_4709-10,São Paulo,3550308,True,,33101,,,-23.653319500000002,-46.607946999999996,,,,2,2023-06-20T02:35:18+00:00
SAO_4709-10,São Paulo,3550308,True,,33101,,,-23.5894755,-46.633868,,,,2,2023-06-20T02:35:24+00:00
SAO_2019-10,São Paulo,3550308,True,,33673,,,-23.52902425,-46.498163,,,,2,2023-06-20T02:34:49+00:00
SAO_2019-10,São Paulo,3550308,True,,33673,,,-23.523968500000002,-46.5253445,,,,2,2023-06-20T02:35:35+00:00
SAO_6091-10,São Paulo,3550308,True,,33943,,,-23.862347500000002,-46.712974,,,,2,2023-06-20T02:34:55+00:00
SAO_6091-10,São Paulo,3550308,True,,33943,,,-23.862347500000002,-46.712974,,,,2,2023-06-20T02:35:07+00:00
SAO_6091-10,São Paulo,3550308,True,,33943,,,-23.82112,-46.736407,,,,2,2023-06-20T02:35:22+00:00
SAO_6091-10,São Paulo,3550308,True,,33943,,,-23.686436,-46.6939495,,,,2,2023-06-20T02:34:54+00:00
SAO_6091-10,São Paulo,3550308,True,,33943,,,-23.750782,-46.710551,,,,2,2023-06-20T02:34:58+00:00
SAO_6091-10,São Paulo,3550308,True,,33943,,,-23.780076,-46.724822,,,,2,2023-06-20T02:29:45+00:00
SAO_6091-10,São Paulo,3550308,True,,33943,,,-23.862347500000002,-46.712974,,,,2,2023-06-20T02:35:07+00:00
SAO_6091-10,São Paulo,3550308,True,,33943,,,-23.709693,-46.69967,,,,2,2023-06-20T02:35:26+00:00
SAO_6091-10,São Paulo,3550308,True,,33943,,,-23.7503355,-46.7102765,,,,2,2023-06-20T02:35:29+00:00
SAO_6091-10,São Paulo,3550308,True,,33943,,,-23.786048,-46.72607525,,,,2,2023-06-20T02:32:43+00:00
SAO_6091-10,São Paulo,3550308,True,,33943,,,-23.862353499999998,-46.712526,,,,2,2023-06-20T02:34:53+00:00
SAO_6091-10,São Paulo,3550308,True,,33943,,,-23.7255125,-46.699712000000005,,,,2,2023-06-20T02:35:00+00:00
SAO_6840-10,São Paulo,3550308,True,,32969,,,-23.6848575,-46.7702205,,,,2,2023-06-20T02:32:42+00:00
SAO_6840-10,São Paulo,3550308,True,,32969,,,-23.717097250000002,-46.78380975,,,,2,2023-06-20T02:35:33+00:00
SAO_6840-10,São Paulo,3550308,True,,32969,,,-23.677591,-46.7734525,,,,2,2023-06-20T02:35:14+00:00
SAO_6840-10,São Paulo,3550308,True,,32969,,,-23.74156775,-46.8004435,,,,2,2023-06-20T02:34:40+00:00
SAO_6840-10,São Paulo,3550308,True,,32969,,,-23.74139525,-46.800182500000005,,,,2,2023-06-20T02:35:00+00:00
SAO_6840-10,São Paulo,3550308,True,,32969,,,-23.688845375,-46.77301675,,,,2,2023-06-20T02:35:32+00:00
SAO_6840-10,São Paulo,3550308,True,,32969,,,-23.741766,-46.8007565,,,,2,2023-06-20T02:35:26+00:00
SAO_6840-10,São Paulo,3550308,True,,32969,,,-23.658731000000003,-46.765608,,,,2,2023-06-20T02:35:09+00:00
SAO_6840-10,São Paulo,3550308,True,,32969,,,-23.737721,-46.7897565,,,,2,2023-06-20T02:35:04+00:00
SAO_737A-10,São Paulo,3550308,True,,34498,,,-23.6902125,-46.773815,,,,2,2023-06-20T02:35:33+00:00
SAO_737A-10,São Paulo,3550308,True,,34498,,,-23.6902125,-46.773815,,,,2,2023-06-20T02:35:07+00:00
SAO_737A-10,São Paulo,3550308,True,,34498,,,-23.6902125,-46.773815,,,,2,2023-06-20T02:35:03+00:00
SAO_737A-10,São Paulo,3550308,True,,34498,,,-23.6675375,-46.730432,,,,2,2023-06-20T02:35:33+00:00
SAO_737A-10,São Paulo,3550308,True,,34498,,,-23.6902125,-46.773815,,,,2,2023-06-20T02:34:59+00:00
SAO_737A-10,São Paulo,3550308,True,,34498,,,-23.654016,-46.710308999999995,,,,2,2023-06-20T02:35:25+00:00
SAO_737A-10,São Paulo,3550308,True,,34498,,,-23.666673000000003,-46.7223955,,,,2,2023-06-20T02:35:29+00:00
SAO_737A-10,São Paulo,3550308,True,,34498,,,-23.6902125,-46.773815,,,,2,2023-06-20T02:35:20+00:00
SAO_737A-10,São Paulo,3550308,True,,34498,,,-23.689531625,-46.77363325,,,,2,2023-06-20T02:35:06+00:00
SAO_737A-10,São Paulo,3550308,True,,34498,,,-23.6902125,-46.773815,,,,2,2023-06-20T02:35:31+00:00
SAO_737A-10,São Paulo,3550308,True,,34498,,,-23.688845375,-46.77301675,,,,2,2023-06-20T02:35:17+00:00
SAO_737A-10,São Paulo,3550308,True,,34498,,,-23.6902125,-46.773815,,,,2,2023-06-20T02:35:26+00:00
SAO_737A-10,São Paulo,3550308,True,,34498,,,-23.6818595,-46.767002000000005,,,,2,2023-06-20T02:35:25+00:00
SAO_5131-10,São Paulo,3550308,True,,1282,,,-23.662131,-46.669439,,,,1,2023-06-20T02:34:55+00:00
SAO_5131-10,São Paulo,3550308,True,,1282,,,-23.651976499999996,-46.66922875,,,,1,2023-06-20T02:35:16+00:00
SAO_5131-10,São Paulo,3550308,True,,1282,,,-23.57191325,-46.65340125,,,,1,2023-06-20T02:35:20+00:00
SAO_7011-31,São Paulo,3550308,True,,34722,,,-23.7044965,-46.791146,,,,2,2023-06-20T02:35:01+00:00
SAO_7011-31,São Paulo,3550308,True,,34722,,,-23.707812,-46.7918005,,,,2,2023-06-20T02:35:07+00:00
SAO_7011-31,São Paulo,3550308,True,,34722,,,-23.7075705,-46.7917315,,,,2,2023-06-20T02:34:58+00:00
SAO_7011-31,São Paulo,3550308,True,,34722,,,-23.6981815,-46.7823525,,,,2,2023-06-20T02:34:55+00:00
SAO_7011-31,São Paulo,3550308,True,,34722,,,-23.7075705,-46.7917315,,,,2,2023-06-20T02:35:24+00:00
SAO_2202-10,São Paulo,3550308,True,Urubupungá,910,https://moovitapp.com/index/pt-br/transporte_p%C3%BAblico-line-910-Sao_Paulo-242-873835-496471-0,4.6,-23.492955749999997,-46.38877037500001,,,,1,2023-06-20T02:35:05+00:00
SAO_2202-10,São Paulo,3550308,True,Urubupungá,910,https://moovitapp.com/index/pt-br/transporte_p%C3%BAblico-line-910-Sao_Paulo-242-873835-496471-0,4.6,-23.49472475,-46.40451575,,,,1,2023-06-20T02:35:14+00:00
SAO_2202-10,São Paulo,3550308,True,Urubupungá,910,https://moovitapp.com/index/pt-br/transporte_p%C3%BAblico-line-910-Sao_Paulo-242-873835-496471-0,4.6,-23.5331095,-46.399125999999995,,,,1,2023-06-20T02:35:13+00:00
SAO_2202-10,São Paulo,3550308,True,Urubupungá,910,https://moovitapp.com/index/pt-br/transporte_p%C3%BAblico-line-910-Sao_Paulo-242-873835-496471-0,4.6,-23.527914000000003,-46.3971455,,,,1,2023-06-20T02:35:08+00:00
SAO_2202-10,São Paulo,3550308,True,Urubupungá,910,https://moovitapp.com/index/pt-br/transporte_p%C3%BAblico-line-910-Sao_Paulo-242-873835-496471-0,4.6,-23.4882345,-46.38306,,,,1,2023-06-20T02:34:56+00:00
SAO_2202-10,São Paulo,3550308,True,Urubupungá,910,https://moovitapp.com/index/pt-br/transporte_p%C3%BAblico-line-910-Sao_Paulo-242-873835-496471-0,4.6,-23.49501425,-46.40467525,,,,1,2023-06-20T02:34:51+00:00
SAO_2202-10,São Paulo,3550308,True,Urubupungá,910,https://moovitapp.com/index/pt-br/transporte_p%C3%BAblico-line-910-Sao_Paulo-242-873835-496471-0,4.6,-23.4888015,-46.3821615,,,,1,2023-06-20T02:34:52+00:00
SAO_2202-10,São Paulo,3550308,True,Urubupungá,910,https://moovitapp.com/index/pt-br/transporte_p%C3%BAblico-line-910-Sao_Paulo-242-873835-496471-0,4.6,-23.494270999999998,-46.4020745,,,,1,2023-06-20T02:35:24+00:00
SAO_809N-10,São Paulo,3550308,True,,2244,,,-23.571652,-46.761271,,,,1,2023-06-20T02:35:24+00:00
SAO_809N-10,São Paulo,3550308,True,,2244,,,-23.52371125,-46.69773975,,,,1,2023-06-20T02:35:24+00:00
SAO_1732-10,São Paulo,3550308,True,,671,,,-23.487852,-46.5743735,,,,1,2023-06-20T02:34:58+00:00
SAO_1732-10,São Paulo,3550308,True,,671,,,-23.476791249999998,-46.57336575,,,,1,2023-06-20T02:35:36+00:00
SAO_1732-10,São Paulo,3550308,True,,671,,,-23.5398425,-46.6481055,,,,1,2023-06-20T02:35:21+00:00
SAO_1016-10,São Paulo,3550308,True,,33599,,,-23.513872,-46.6160225,,,,2,2023-06-20T02:35:11+00:00
SAO_1016-10,São Paulo,3550308,True,,33599,,,-23.447170749999998,-46.611436999999995,,,,2,2023-06-20T02:35:34+00:00
SAO_1016-10,São Paulo,3550308,True,,33599,,,-23.513872,-46.6160225,,,,2,2023-06-20T02:35:02+00:00
SAO_1016-10,São Paulo,3550308,True,,33599,,,-23.4562795,-46.602686,,,,2,2023-06-20T02:32:04+00:00
SAO_1016-10,São Paulo,3550308,True,,33599,,,-23.447170749999998,-46.611436999999995,,,,2,2023-06-20T02:35:14+00:00
SAO_1016-10,São Paulo,3550308,True,,33599,,,-23.479325000000003,-46.609796,,,,2,2023-06-20T02:35:31+00:00
SAO_1016-10,São Paulo,3550308,True,,33599,,,-23.486895,-46.608577499999996,,,,2,2023-06-20T02:34:55+00:00
SAO_1016-10,São Paulo,3550308,True,,33599,,,-23.513872,-46.6160225,,,,2,2023-06-20T02:35:31+00:00
SAO_1016-10,São Paulo,3550308,True,,33599,,,-23.513872,-46.6160225,,,,2,2023-06-20T02:35:20+00:00
SAO_1016-10,São Paulo,3550308,True,,33599,,,-23.45062925,-46.61138125,,,,2,2023-06-20T02:35:19+00:00
SAO_1016-10,São Paulo,3550308,True,,33599,,,-23.513872,-46.6160225,,,,2,2023-06-20T02:35:16+00:00
SAO_1016-10,São Paulo,3550308,True,,33599,,,-23.513872,-46.6160225,,,,2,2023-06-20T02:35:18+00:00
SAO_2028-10,São Paulo,3550308,True,,2263,,,-23.480106,-46.604046499999995,,,,1,2023-06-20T02:35:14+00:00
SAO_2028-10,São Paulo,3550308,True,,2263,,,-23.4339305,-46.5714275,,,,1,2023-06-20T02:35:06+00:00
SAO_9009-10,São Paulo,3550308,True,,33645,,,-23.448246,-46.708749499999996,,,,2,2023-06-20T02:35:23+00:00
SAO_9009-10,São Paulo,3550308,True,,33645,,,-23.4443875,-46.7172035,,,,2,2023-06-20T02:35:34+00:00
SAO_9009-10,São Paulo,3550308,True,,33645,,,-23.459422,-46.6894975,,,,2,2023-06-20T02:34:51+00:00
SAO_9009-10,São Paulo,3550308,True,,33645,,,-23.474776,-46.6700495,,,,2,2023-06-20T02:34:51+00:00
SAO_9009-10,São Paulo,3550308,True,,33645,,,-23.464514,-46.679869,,,,2,2023-06-20T02:35:24+00:00
SAO_9009-10,São Paulo,3550308,True,,33645,,,-23.440883499999998,-46.71685325,,,,2,2023-06-20T02:35:26+00:00
SAO_707K-10,São Paulo,3550308,True,,2503,,,-23.6453065,-46.66440849999999,,,,1,2023-06-20T02:35:30+00:00
SAO_707K-10,São Paulo,3550308,True,,2503,,,-23.667625,-46.7351955,,,,1,2023-06-20T02:35:11+00:00
SAO_707K-10,São Paulo,3550308,True,,2503,,,-23.665243625000002,-46.710556875,,,,1,2023-06-20T02:35:24+00:00
SAO_707K-10,São Paulo,3550308,True,,2503,,,-23.667625,-46.7351955,,,,1,2023-06-20T02:35:09+00:00
SAO_707K-10,São Paulo,3550308,True,,2503,,,-23.6477145,-46.6385,,,,1,2023-06-20T02:35:05+00:00
SAO_775F-10,São Paulo,3550308,True,,796,,,-23.6254505,-46.7479555,,,,1,2023-06-20T02:35:04+00:00
SAO_775F-10,São Paulo,3550308,True,,796,,,-23.6254505,-46.7479555,,,,1,2023-06-20T02:34:53+00:00
SAO_775F-10,São Paulo,3550308,True,,796,,,-23.6254505,-46.7479555,,,,1,2023-06-20T02:35:09+00:00
SAO_775F-10,São Paulo,3550308,True,,796,,,-23.6254505,-46.7479555,,,,1,2023-06-20T02:35:22+00:00
SAO_775F-10,São Paulo,3550308,True,,796,,,-23.571728999999998,-46.69021325,,,,1,2023-06-20T02:35:37+00:00
SAO_775F-10,São Paulo,3550308,True,,796,,,-23.6254505,-46.7479555,,,,1,2023-06-20T02:35:32+00:00
SAO_775F-10,São Paulo,3550308,True,,796,,,-23.55666675,-46.676015625000005,,,,1,2023-06-20T02:35:21+00:00
SAO_775F-10,São Paulo,3550308,True,,796,,,-23.6090035,-46.747795249999996,,,,1,2023-06-20T02:35:15+00:00
SAO_957T-10,São Paulo,3550308,True,,464,,,-23.4873705,-46.692814,,,,1,2023-06-20T02:35:02+00:00
SAO_957T-10,São Paulo,3550308,True,,464,,,-23.59600375,-46.691593,,,,1,2023-06-20T02:34:59+00:00
SAO_957T-10,São Paulo,3550308,True,,464,,,-23.59600375,-46.691593,,,,1,2023-06-20T02:35:10+00:00
SAO_957T-10,São Paulo,3550308,True,,464,,,-23.535730625,-46.733181249999994,,,,1,2023-06-20T02:35:23+00:00
SAO_957T-10,São Paulo,3550308,True,,464,,,-23.5960655,-46.6908545,,,,1,2023-06-20T02:35:13+00:00
SAO_957T-10,São Paulo,3550308,True,,464,,,-23.59600375,-46.691593,,,,1,2023-06-20T02:35:28+00:00
SAO_7545-10,São Paulo,3550308,True,,504,,,-23.595202999999998,-46.788933,,,,1,2023-06-20T02:35:36+00:00
SAO_7545-10,São Paulo,3550308,True,,504,,,-23.5477705,-46.641587,,,,1,2023-06-20T02:35:31+00:00
SAO_7545-10,São Paulo,3550308,True,,504,,,-23.56103375,-46.67276375,,,,1,2023-06-20T02:35:36+00:00
SAO_7545-10,São Paulo,3550308,True,,504,,,-23.586578125000003,-46.753012125,,,,1,2023-06-20T02:35:01+00:00
SAO_7545-10,São Paulo,3550308,True,,504,,,-23.553685,-46.66035525,,,,1,2023-06-20T02:35:22+00:00
SAO_177H-10,São Paulo,3550308,True,,33398,,,-23.570968999999998,-46.709624625,,,,2,2023-06-20T02:35:25+00:00
SAO_177H-10,São Paulo,3550308,True,,33398,,,-23.552421,-46.7320975,,,,2,2023-06-20T02:34:58+00:00
SAO_177H-10,São Paulo,3550308,True,,33398,,,-23.51202525,-46.65916925,,,,2,2023-06-20T02:35:36+00:00
SAO_177H-10,São Paulo,3550308,True,,33398,,,-23.5027915,-46.6240325,,,,2,2023-06-20T02:35:02+00:00
SAO_177H-10,São Paulo,3550308,True,,33398,,,-23.555556000000003,-46.66086625,,,,2,2023-06-20T02:35:05+00:00
SAO_177H-10,São Paulo,3550308,True,,33398,,,-23.50367,-46.6263905,,,,2,2023-06-20T02:35:18+00:00
SAO_177H-10,São Paulo,3550308,True,,33398,,,-23.5364965,-46.650567249999995,,,,2,2023-06-20T02:35:07+00:00
SAO_819A-10,São Paulo,3550308,True,Rápido Campinas,803,https://moovitapp.com/index/pt-br/transporte_p%C3%BAblico-line-803-Sao_Paulo-242-858660-544941-0,5.3,-23.459132,-46.686786,,,,1,2023-06-20T02:35:15+00:00
SAO_819A-10,São Paulo,3550308,True,Rápido Campinas,803,https://moovitapp.com/index/pt-br/transporte_p%C3%BAblico-line-803-Sao_Paulo-242-858660-544941-0,5.3,-23.43789375,-46.7485555,,,,1,2023-06-20T02:35:14+00:00
SAO_819A-10,São Paulo,3550308,True,Rápido Campinas,803,https://moovitapp.com/index/pt-br/transporte_p%C3%BAblico-line-803-Sao_Paulo-242-858660-544941-0,5.3,-23.474243,-46.66870275000001,,,,1,2023-06-20T02:35:23+00:00
SAO_819A-10,São Paulo,3550308,True,Rápido Campinas,803,https://moovitapp.com/index/pt-br/transporte_p%C3%BAblico-line-803-Sao_Paulo-242-858660-544941-0,5.3,-23.445770375000002,-46.747998749999994,,,,1,2023-06-20T02:35:32+00:00
SAO_819A-10,São Paulo,3550308,True,Rápido Campinas,803,https://moovitapp.com/index/pt-br/transporte_p%C3%BAblico-line-803-Sao_Paulo-242-858660-544941-0,5.3,-23.438405,-46.748092,,,,1,2023-06-20T02:35:05+00:00
SAO_819A-10,São Paulo,3550308,True,Rápido Campinas,803,https://moovitapp.com/index/pt-br/transporte_p%C3%BAblico-line-803-Sao_Paulo-242-858660-544941-0,5.3,-23.4805725,-46.6731805,,,,1,2023-06-20T02:35:32+00:00
SAO_819A-10,São Paulo,3550308,True,Rápido Campinas,803,https://moovitapp.com/index/pt-br/transporte_p%C3%BAblico-line-803-Sao_Paulo-242-858660-544941-0,5.3,-23.437556999999998,-46.748661999999996,,,,1,2023-06-20T02:35:05+00:00
SAO_819A-10,São Paulo,3550308,True,Rápido Campinas,803,https://moovitapp.com/index/pt-br/transporte_p%C3%BAblico-line-803-Sao_Paulo-242-858660-544941-0,5.3,-23.438405,-46.748092,,,,1,2023-06-20T02:35:24+00:00
SAO_819A-10,São Paulo,3550308,True,Rápido Campinas,803,https://moovitapp.com/index/pt-br/transporte_p%C3%BAblico-line-803-Sao_Paulo-242-858660-544941-0,5.3,-23.4412575,-46.707969000000006,,,,1,2023-06-20T02:35:11+00:00
SAO_819A-10,São Paulo,3550308,True,Rápido Campinas,803,https://moovitapp.com/index/pt-br/transporte_p%C3%BAblico-line-803-Sao_Paulo-242-858660-544941-0,5.3,-23.437694999999998,-46.7486435,,,,1,2023-06-20T02:35:05+00:00
SAO_819A-10,São Paulo,3550308,True,Rápido Campinas,803,https://moovitapp.com/index/pt-br/transporte_p%C3%BAblico-line-803-Sao_Paulo-242-858660-544941-0,5.3,-23.443813499999997,-46.735476500000004,,,,1,2023-06-20T02:35:33+00:00
SAO_819A-10,São Paulo,3550308,True,Rápido Campinas,803,https://moovitapp.com/index/pt-br/transporte_p%C3%BAblico-line-803-Sao_Paulo-242-858660-544941-0,5.3,-23.438312500000002,-46.748235,,,,1,2023-06-20T02:35:17+00:00
SAO_819A-10,São Paulo,3550308,True,Rápido Campinas,803,https://moovitapp.com/index/pt-br/transporte_p%C3%BAblico-line-803-Sao_Paulo-242-858660-544941-0,5.3,-23.438405,-46.748092,,,,1,2023-06-20T02:35:06+00:00
SAO_5110-24,São Paulo,3550308,True,,2459,,,-23.5847485,-46.5826495,,,,1,2023-06-20T02:35:09+00:00
SAO_5110-24,São Paulo,3550308,True,,2459,,,-23.61432325,-46.499484249999995,,,,1,2023-06-20T02:35:36+00:00
SAO_647A-10,São Paulo,3550308,True,,34083,,,-23.602688,-46.725245,,,,2,2023-06-20T02:34:58+00:00
SAO_647A-10,São Paulo,3550308,True,,34083,,,-23.63875,-46.74249225,,,,2,2023-06-20T02:35:25+00:00
SAO_647A-10,São Paulo,3550308,True,,34083,,,-23.605904000000002,-46.7252615,,,,2,2023-06-20T02:35:05+00:00
SAO_647A-10,São Paulo,3550308,True,,34083,,,-23.6435925,-46.735404,,,,2,2023-06-20T02:35:06+00:00
SAO_647A-10,São Paulo,3550308,True,,34083,,,-23.694454,-46.794375,,,,2,2023-06-20T02:35:15+00:00
SAO_647A-10,São Paulo,3550308,True,,34083,,,-23.5672275,-46.693839499999996,,,,2,2023-06-20T02:35:36+00:00
SAO_647A-10,São Paulo,3550308,True,,34083,,,-23.694102,-46.79505075,,,,2,2023-06-20T02:35:33+00:00
SAO_647A-10,São Paulo,3550308,True,,34083,,,-23.6440375,-46.7338485,,,,2,2023-06-20T02:35:20+00:00
SAO_647A-10,São Paulo,3550308,True,,34083,,,-23.601644999999998,-46.724325,,,,2,2023-06-20T02:35:06+00:00
SAO_647A-10,São Paulo,3550308,True,,34083,,,-23.6945445,-46.794182,,,,2,2023-06-20T02:34:54+00:00
SAO_3766-10,São Paulo,3550308,True,,1055,,,-23.5423435,-46.4704945,,,,1,2023-06-20T02:35:16+00:00
SAO_3766-10,São Paulo,3550308,True,,1055,,,-23.540559000000002,-46.45853625,,,,1,2023-06-20T02:35:01+00:00
SAO_3766-10,São Paulo,3550308,True,,1055,,,-23.554371500000002,-46.435089500000004,,,,1,2023-06-20T02:35:34+00:00
SAO_3766-10,São Paulo,3550308,True,,1055,,,-23.553675499999997,-46.427672,,,,1,2023-06-20T02:35:33+00:00
SAO_3766-10,São Paulo,3550308,True,,1055,,,-23.5515105,-46.436471,,,,1,2023-06-20T02:35:11+00:00
SAO_3766-10,São Paulo,3550308,True,,1055,,,-23.553675499999997,-46.427672,,,,1,2023-06-20T02:35:24+00:00
SAO_3766-10,São Paulo,3550308,True,,1055,,,-23.534197,-46.450534,,,,1,2023-06-20T02:35:16+00:00
SAO_6036-10,São Paulo,3550308,True,,1214,,,-23.653378,-46.7591835,,,,1,2023-06-20T02:35:20+00:00
SAO_6036-10,São Paulo,3550308,True,,1214,,,-23.639575875,-46.72260675,,,,1,2023-06-20T02:35:15+00:00
SAO_6036-10,São Paulo,3550308,True,,1214,,,-23.64878,-46.791437,,,,1,2023-06-20T02:35:20+00:00
SAO_6036-10,São Paulo,3550308,True,,1214,,,-23.642924375,-46.7095135,,,,1,2023-06-20T02:35:09+00:00
SAO_1178-10,São Paulo,3550308,True,,32900,,,-23.504024,-46.4331685,,,,2,2023-06-20T02:35:09+00:00
SAO_1178-10,São Paulo,3550308,True,,32900,,,-23.5041765,-46.433013,,,,2,2023-06-20T02:34:30+00:00
SAO_1178-10,São Paulo,3550308,True,,32900,,,-23.4999415,-46.519906000000006,,,,2,2023-06-20T02:35:09+00:00
SAO_1178-10,São Paulo,3550308,True,,32900,,,-23.501131,-46.431264999999996,,,,2,2023-06-20T02:35:00+00:00
SAO_1178-10,São Paulo,3550308,True,,32900,,,-23.531793999999998,-46.632211,,,,2,2023-06-20T02:34:42+00:00
SAO_1178-10,São Paulo,3550308,True,,32900,,,-23.504152499999996,-46.432775,,,,2,2023-06-20T02:34:37+00:00
SAO_1178-10,São Paulo,3550308,True,,32900,,,-23.49623625,-46.5117085,,,,2,2023-06-20T02:35:12+00:00
SAO_1178-10,São Paulo,3550308,True,,32900,,,-23.49227825,-46.4479485,,,,2,2023-06-20T02:35:22+00:00
SAO_1178-10,São Paulo,3550308,True,,32900,,,-23.504154,-46.433862,,,,2,2023-06-20T02:35:06+00:00
SAO_1178-10,São Paulo,3550308,True,,32900,,,-23.519807,-46.6176365,,,,2,2023-06-20T02:35:02+00:00
SAO_1178-10,São Paulo,3550308,True,,32900,,,-23.539812375000004,-46.633877874999996,,,,2,2023-06-20T02:35:14+00:00
SAO_1178-10,São Paulo,3550308,True,,32900,,,-23.48555,-46.48161125,,,,2,2023-06-20T02:34:30+00:00
SAO_2702-10,São Paulo,3550308,True,,33682,,,-23.495196,-46.444438000000005,,,,2,2023-06-20T02:35:28+00:00
SAO_2702-10,São Paulo,3550308,True,,33682,,,-23.49541775,-46.452074999999994,,,,2,2023-06-20T02:34:52+00:00
SAO_2702-10,São Paulo,3550308,True,,33682,,,-23.540101,-46.483252,,,,2,2023-06-20T02:34:53+00:00
SAO_2702-10,São Paulo,3550308,True,,33682,,,-23.495196,-46.444438000000005,,,,2,2023-06-20T02:35:16+00:00
SAO_2702-10,São Paulo,3550308,True,,33682,,,-23.526402625000003,-46.474567375,,,,2,2023-06-20T02:35:21+00:00
SAO_8605-10,São Paulo,3550308,True,,1917,,,-23.616358750000003,-46.75709175,,,,1,2023-06-20T02:34:56+00:00
SAO_8605-10,São Paulo,3550308,True,,1917,,,-23.585249750000003,-46.699271499999995,,,,1,2023-06-20T02:34:53+00:00
SAO_8605-10,São Paulo,3550308,True,,1917,,,-23.631453,-46.7718905,,,,1,2023-06-20T02:35:21+00:00
SAO_8605-10,São Paulo,3550308,True,,1917,,,-23.559824499999998,-46.6545525,,,,1,2023-06-20T02:35:24+00:00
SAO_856R-10,São Paulo,3550308,True,,34196,,,-23.5224215,-46.697696,,,,2,2023-06-20T02:35:20+00:00
SAO_856R-10,São Paulo,3550308,True,,34196,,,-23.666672,-46.711936,,,,2,2023-06-20T02:34:59+00:00
SAO_856R-10,São Paulo,3550308,True,,34196,,,-23.5224215,-46.697696,,,,2,2023-06-20T02:35:07+00:00
SAO_856R-10,São Paulo,3550308,True,,34196,,,-23.522837499999998,-46.697286375000004,,,,2,2023-06-20T02:35:02+00:00
SAO_856R-10,São Paulo,3550308,True,,34196,,,-23.644316125000003,-46.700134500000004,,,,2,2023-06-20T02:35:12+00:00
SAO_856R-10,São Paulo,3550308,True,,34196,,,-23.52815725,-46.67998025,,,,2,2023-06-20T02:35:02+00:00
SAO_856R-10,São Paulo,3550308,True,,34196,,,-23.52920075,-46.67829925,,,,2,2023-06-20T02:35:33+00:00
SAO_856R-10,São Paulo,3550308,True,,34196,,,-23.5853895,-46.68170825,,,,2,2023-06-20T02:35:34+00:00
SAO_856R-10,São Paulo,3550308,True,,34196,,,-23.648898000000003,-46.703265,,,,2,2023-06-20T02:35:01+00:00
SAO_856R-10,São Paulo,3550308,True,,34196,,,-23.59107125,-46.672537500000004,,,,2,2023-06-20T02:35:33+00:00
SAO_856R-10,São Paulo,3550308,True,,34196,,,-23.57410625,-46.688723499999995,,,,2,2023-06-20T02:35:10+00:00
SAO_856R-10,São Paulo,3550308,True,,34196,,,-23.538964,-46.683615,,,,2,2023-06-20T02:35:16+00:00
SAO_701A-10,São Paulo,3550308,True,,33457,,,-23.556232,-46.6636055,,,,2,2023-06-20T02:35:30+00:00
SAO_701A-10,São Paulo,3550308,True,,33457,,,-23.5473125,-46.690042500000004,,,,2,2023-06-20T02:35:13+00:00
SAO_701A-10,São Paulo,3550308,True,,33457,,,-23.537996,-46.620285249999995,,,,2,2023-06-20T02:35:31+00:00
SAO_701A-10,São Paulo,3550308,True,,33457,,,-23.4738595,-46.566243,,,,2,2023-06-20T02:35:06+00:00
SAO_701A-10,São Paulo,3550308,True,,33457,,,-23.489525999999998,-46.574834499999994,,,,2,2023-06-20T02:35:29+00:00
SAO_701A-10,São Paulo,3550308,True,,33457,,,-23.53574425,-46.62530325,,,,2,2023-06-20T02:33:33+00:00
SAO_701A-10,São Paulo,3550308,True,,33457,,,-23.4737385,-46.565966,,,,2,2023-06-20T02:35:09+00:00
SAO_701A-10,São Paulo,3550308,True,,33457,,,-23.5473125,-46.690042500000004,,,,2,2023-06-20T02:35:34+00:00
SAO_701A-10,São Paulo,3550308,True,,33457,,,-23.538355250000002,-46.602380499999995,,,,2,2023-06-20T02:35:29+00:00
SAO_701A-10,São Paulo,3550308,True,,33457,,,-23.474506249999997,-46.56207175,,,,2,2023-06-20T02:35:17+00:00
SAO_701A-10,São Paulo,3550308,True,,33457,,,-23.473826,-46.5661475,,,,2,2023-06-20T02:34:52+00:00
SAO_6062-51,São Paulo,3550308,True,,1739,,,-23.682626999999997,-46.692977,,,,1,2023-06-20T02:35:27+00:00
SAO_6062-51,São Paulo,3550308,True,,1739,,,-23.653879,-46.7107595,,,,1,2023-06-20T02:35:26+00:00
SAO_6062-51,São Paulo,3550308,True,,1739,,,-23.7419465,-46.681698499999996,,,,1,2023-06-20T02:34:55+00:00
SAO_6062-51,São Paulo,3550308,True,,1739,,,-23.7419465,-46.681698499999996,,,,1,2023-06-20T02:35:34+00:00
SAO_6062-51,São Paulo,3550308,True,,1739,,,-23.713989249999997,-46.6986405,,,,1,2023-06-20T02:35:33+00:00
SAO_702C-10,São Paulo,3550308,True,,33253,,,-23.5657585,-46.750924499999996,,,,2,2023-06-20T02:35:20+00:00
SAO_702C-10,São Paulo,3550308,True,,33253,,,-23.577501499999997,-46.72064175,,,,2,2023-06-20T02:35:27+00:00
SAO_702C-10,São Paulo,3550308,True,,33253,,,-23.5448285,-46.6433995,,,,2,2023-06-20T02:35:02+00:00
SAO_702C-10,São Paulo,3550308,True,,33253,,,-23.5777805,-46.725455499999995,,,,2,2023-06-20T02:34:53+00:00
SAO_702C-10,São Paulo,3550308,True,,33253,,,-23.5415375,-46.614326500000004,,,,2,2023-06-20T02:35:02+00:00
SAO_702C-10,São Paulo,3550308,True,,33253,,,-23.571602375,-46.696492875000004,,,,2,2023-06-20T02:35:05+00:00
SAO_8400-10,São Paulo,3550308,True,,34033,,,-23.486457,-46.7270195,,,,2,2023-06-20T02:35:02+00:00
SAO_8400-10,São Paulo,3550308,True,,34033,,,-23.4843435,-46.7227915,,,,2,2023-06-20T02:35:10+00:00
SAO_8400-10,São Paulo,3550308,True,,34033,,,-23.485637500000003,-46.7260535,,,,2,2023-06-20T02:35:13+00:00
SAO_8400-10,São Paulo,3550308,True,,34033,,,-23.486277,-46.726815875,,,,2,2023-06-20T02:35:27+00:00
SAO_8400-10,São Paulo,3550308,True,,34033,,,-23.521546,-46.6982285,,,,2,2023-06-20T02:35:14+00:00
SAO_8400-10,São Paulo,3550308,True,,34033,,,-23.48783825,-46.713747749999996,,,,2,2023-06-20T02:35:20+00:00
SAO_8400-10,São Paulo,3550308,True,,34033,,,-23.5263085,-46.6738405,,,,2,2023-06-20T02:35:16+00:00
SAO_8400-10,São Paulo,3550308,True,,34033,,,-23.486457,-46.7270195,,,,2,2023-06-20T02:35:24+00:00
SAO_8400-10,São Paulo,3550308,True,,34033,,,-23.542474749999997,-46.64009975,,,,2,2023-06-20T02:35:21+00:00
SAO_8400-10,São Paulo,3550308,True,,34033,,,-23.53741875,-46.648948,,,,2,2023-06-20T02:35:28+00:00
SAO_8400-10,São Paulo,3550308,True,,34033,,,-23.506769499999997,-46.705805999999995,,,,2,2023-06-20T02:35:19+00:00
SAO_6052-10,São Paulo,3550308,True,,33912,,,-23.7760525,-46.691014499999994,,,,2,2023-06-20T02:34:56+00:00
SAO_6052-10,São Paulo,3550308,True,,33912,,,-23.775509999999997,-46.691679,,,,2,2023-06-20T02:35:35+00:00
SAO_6052-10,São Paulo,3550308,True,,33912,,,-23.773581749999998,-46.69001275,,,,2,2023-06-20T02:35:26+00:00
SAO_6052-10,São Paulo,3550308,True,,33912,,,-23.771274499999997,-46.7125085,,,,2,2023-06-20T02:35:13+00:00
SAO_8528-10,São Paulo,3550308,True,,33343,,,-23.4621605,-46.7010785,,,,2,2023-06-20T02:34:45+00:00
SAO_8528-10,São Paulo,3550308,True,,33343,,,-23.4612975,-46.6987095,,,,2,2023-06-20T02:35:01+00:00
SAO_8528-10,São Paulo,3550308,True,,33343,,,-23.542097374999997,-46.640096375,,,,2,2023-06-20T02:35:26+00:00
SAO_8528-10,São Paulo,3550308,True,,33343,,,-23.4617045,-46.69993,,,,2,2023-06-20T02:34:58+00:00
SAO_8528-10,São Paulo,3550308,True,,33343,,,-23.522488375,-46.660068249999995,,,,2,2023-06-20T02:35:32+00:00
SAO_8528-10,São Paulo,3550308,True,,33343,,,-23.500093874999997,-46.69436962499999,,,,2,2023-06-20T02:35:17+00:00
SAO_8528-10,São Paulo,3550308,True,,33343,,,-23.4615645,-46.69032075,,,,2,2023-06-20T02:35:19+00:00
SAO_2735-10,São Paulo,3550308,True,,34689,,,-23.50932725,-46.547872,,,,2,2023-06-20T02:35:16+00:00
SAO_2735-10,São Paulo,3550308,True,,34689,,,-23.5281565,-46.548699,,,,2,2023-06-20T02:34:58+00:00
SAO_2735-10,São Paulo,3550308,True,,34689,,,-23.481546,-46.4941645,,,,2,2023-06-20T02:34:41+00:00
SAO_2735-10,São Paulo,3550308,True,,34689,,,-23.481342,-46.49426675,,,,2,2023-06-20T02:35:25+00:00
SAO_2735-10,São Paulo,3550308,True,,34689,,,-23.48108,-46.49439625,,,,2,2023-06-20T02:34:56+00:00
SAO_746P-10,São Paulo,3550308,True,,33556,,,-23.61699275,-46.720967,,,,2,2023-06-20T02:35:26+00:00
SAO_746P-10,São Paulo,3550308,True,,33556,,,-23.61699275,-46.720967,,,,2,2023-06-20T02:35:24+00:00
SAO_746P-10,São Paulo,3550308,True,,33556,,,-23.6172295,-46.720997,,,,2,2023-06-20T02:35:23+00:00
SAO_746P-10,São Paulo,3550308,True,,33556,,,-23.6172295,-46.720997,,,,2,2023-06-20T02:35:32+00:00
SAO_746P-10,São Paulo,3550308,True,,33556,,,-23.617601,-46.7211065,,,,2,2023-06-20T02:34:54+00:00
SAO_746P-10,São Paulo,3550308,True,,33556,,,-23.617432,-46.7210475,,,,2,2023-06-20T02:35:02+00:00
SAO_746P-10,São Paulo,3550308,True,,33556,,,-23.650494000000002,-46.7072335,,,,2,2023-06-20T02:35:20+00:00
SAO_746P-10,São Paulo,3550308,True,,33556,,,-23.6434815,-46.733768999999995,,,,2,2023-06-20T02:35:36+00:00
SAO_746P-10,São Paulo,3550308,True,,33556,,,-23.612692250000002,-46.721515499999995,,,,2,2023-06-20T02:35:15+00:00
SAO_746P-10,São Paulo,3550308,True,,33556,,,-23.6207595,-46.732656,,,,2,2023-06-20T02:35:32+00:00
SAO_746P-10,São Paulo,3550308,True,,33556,,,-23.649947,-46.7061525,,,,2,2023-06-20T02:35:36+00:00
SAO_746P-10,São Paulo,3550308,True,,33556,,,-23.61676025,-46.720957,,,,2,2023-06-20T02:35:30+00:00
SAO_8319-10,São Paulo,3550308,True,,33244,,,-23.532271375,-46.71855562500001,,,,2,2023-06-20T02:34:56+00:00
SAO_8319-10,São Paulo,3550308,True,,33244,,,-23.543108625,-46.731921375,,,,2,2023-06-20T02:35:08+00:00
SAO_8319-10,São Paulo,3550308,True,,33244,,,-23.546825,-46.7609525,,,,2,2023-06-20T02:34:53+00:00
SAO_6200-10,São Paulo,3550308,True,,355,,,-23.65423,-46.7120225,,,,1,2023-06-20T02:35:01+00:00
SAO_6200-10,São Paulo,3550308,True,,355,,,-23.549107,-46.6391215,,,,1,2023-06-20T02:34:56+00:00
SAO_6200-10,São Paulo,3550308,True,,355,,,-23.558100500000002,-46.653222,,,,1,2023-06-20T02:34:58+00:00
SAO_6200-10,São Paulo,3550308,True,,355,,,-23.5929895,-46.692148,,,,1,2023-06-20T02:35:36+00:00
SAO_6200-10,São Paulo,3550308,True,,355,,,-23.654880499999997,-46.716874000000004,,,,1,2023-06-20T02:35:15+00:00
SAO_6200-10,São Paulo,3550308,True,,355,,,-23.6546015,-46.715593,,,,1,2023-06-20T02:35:36+00:00
SAO_6200-10,São Paulo,3550308,True,,355,,,-23.65423,-46.7120225,,,,1,2023-06-20T02:35:32+00:00
SAO_6200-10,São Paulo,3550308,True,,355,,,-23.579226000000002,-46.67644025,,,,1,2023-06-20T02:35:28+00:00
SAO_6200-10,São Paulo,3550308,True,,355,,,-23.6545475,-46.715349,,,,1,2023-06-20T02:35:28+00:00
SAO_2770-10,São Paulo,3550308,True,,33011,,,-23.527882249999998,-46.41781475,,,,2,2023-06-20T02:35:31+00:00
SAO_2770-10,São Paulo,3550308,True,,33011,,,-23.5396095,-46.431369000000004,,,,2,2023-06-20T02:19:04+00:00
SAO_2770-10,São Paulo,3550308,True,,33011,,,-23.539380375,-46.431489625,,,,2,2023-06-20T02:35:23+00:00
SAO_2770-10,São Paulo,3550308,True,,33011,,,-23.539380375,-46.431489625,,,,2,2023-06-20T02:35:35+00:00
SAO_2770-10,São Paulo,3550308,True,,33011,,,-23.510720499999998,-46.508186249999994,,,,2,2023-06-20T02:35:08+00:00
SAO_6000-10,São Paulo,3550308,True,,1140,,,-23.8284425,-46.72717900000001,,,,1,2023-06-20T02:35:26+00:00
SAO_6000-10,São Paulo,3550308,True,,1140,,,-23.8284425,-46.72717900000001,,,,1,2023-06-20T02:34:58+00:00
SAO_6000-10,São Paulo,3550308,True,,1140,,,-23.827466,-46.727307,,,,1,2023-06-20T02:35:34+00:00
SAO_6000-10,São Paulo,3550308,True,,1140,,,-23.65399,-46.71233,,,,1,2023-06-20T02:35:22+00:00
SAO_6000-10,São Paulo,3550308,True,,1140,,,-23.765209499999997,-46.71674,,,,1,2023-06-20T02:34:49+00:00
SAO_6000-10,São Paulo,3550308,True,,1140,,,-23.8268095,-46.7287365,,,,1,2023-06-20T02:35:04+00:00
SAO_6000-10,São Paulo,3550308,True,,1140,,,-23.729495,-46.69856875,,,,1,2023-06-20T02:35:22+00:00
SAO_6000-10,São Paulo,3550308,True,,1140,,,-23.8284425,-46.72717900000001,,,,1,2023-06-20T02:35:25+00:00
SAO_6000-10,São Paulo,3550308,True,,1140,,,-23.799326999999998,-46.7314595,,,,1,2023-06-20T02:35:22+00:00
SAO_6000-10,São Paulo,3550308,True,,1140,,,-23.792574000000002,-46.7280195,,,,1,2023-06-20T02:35:22+00:00
SAO_6000-10,São Paulo,3550308,True,,1140,,,-23.753166,-46.711084,,,,1,2023-06-20T02:35:03+00:00
SAO_6000-10,São Paulo,3550308,True,,1140,,,-23.68616,-46.71445225,,,,1,2023-06-20T02:35:27+00:00
SAO_6000-10,São Paulo,3550308,True,,1140,,,-23.8284425,-46.72717900000001,,,,1,2023-06-20T02:35:01+00:00
SAO_6000-10,São Paulo,3550308,True,,1140,,,-23.82200675,-46.7360084375,,,,1,2023-06-20T02:35:20+00:00
SAO_6000-10,São Paulo,3550308,True,,1140,,,-23.8284425,-46.72717900000001,,,,1,2023-06-20T02:35:21+00:00
SAO_6000-10,São Paulo,3550308,True,,1140,,,-23.670452249999997,-46.71205275,,,,1,2023-06-20T02:35:26+00:00
SAO_6000-10,São Paulo,3550308,True,,1140,,,-23.7361265,-46.6991285,,,,1,2023-06-20T02:35:06+00:00
SAO_6000-10,São Paulo,3550308,True,,1140,,,-23.7536945,-46.7113345,,,,1,2023-06-20T02:35:12+00:00
SAO_6000-10,São Paulo,3550308,True,,1140,,,-23.717711,-46.703697000000005,,,,1,2023-06-20T02:35:29+00:00
SAO_2013-10,São Paulo,3550308,True,,33667,,,-23.463713499999997,-46.668936,,,,2,2023-06-20T02:35:21+00:00
SAO_2013-10,São Paulo,3550308,True,,33667,,,-23.454283,-46.658618,,,,2,2023-06-20T02:35:03+00:00
SAO_2013-10,São Paulo,3550308,True,,33667,,,-23.470221,-46.653708,,,,2,2023-06-20T02:35:07+00:00
SAO_2013-10,São Paulo,3550308,True,,33667,,,-23.4590225,-46.6476075,,,,2,2023-06-20T02:35:24+00:00
SAO_2013-10,São Paulo,3550308,True,,33667,,,-23.45419675,-46.65816675,,,,2,2023-06-20T02:35:00+00:00
SAO_2013-10,São Paulo,3550308,True,,33667,,,-23.454400999999997,-46.658887,,,,2,2023-06-20T02:34:59+00:00
SAO_2013-10,São Paulo,3550308,True,,33667,,,-23.454283,-46.658618,,,,2,2023-06-20T02:35:01+00:00
SAO_2013-10,São Paulo,3550308,True,,33667,,,-23.4552945,-46.659262,,,,2,2023-06-20T02:35:23+00:00
SAO_917H-10,São Paulo,3550308,True,,33224,,,-23.505299,-46.747097499999995,,,,2,2023-06-20T02:35:01+00:00
SAO_917H-10,São Paulo,3550308,True,,33224,,,-23.4866745,-46.725972999999996,,,,2,2023-06-20T02:35:25+00:00
SAO_917H-10,São Paulo,3550308,True,,33224,,,-23.4866745,-46.725972999999996,,,,2,2023-06-20T02:35:00+00:00
SAO_917H-10,São Paulo,3550308,True,,33224,,,-23.5384865,-46.714349,,,,2,2023-06-20T02:34:55+00:00
SAO_917H-10,São Paulo,3550308,True,,33224,,,-23.578359499999998,-46.6402395,,,,2,2023-06-20T02:35:27+00:00
SAO_917H-10,São Paulo,3550308,True,,33224,,,-23.5204905,-46.7492885,,,,2,2023-06-20T02:35:12+00:00
SAO_917H-10,São Paulo,3550308,True,,33224,,,-23.549608875,-46.681905125,,,,2,2023-06-20T02:35:33+00:00
SAO_917H-10,São Paulo,3550308,True,,33224,,,-23.520723250000003,-46.74084775,,,,2,2023-06-20T02:35:21+00:00
SAO_917H-10,São Paulo,3550308,True,,33224,,,-23.49910825,-46.74619199999999,,,,2,2023-06-20T02:35:34+00:00
SAO_917H-10,São Paulo,3550308,True,,33224,,,-23.501883999999997,-46.746590999999995,,,,2,2023-06-20T02:35:23+00:00
SAO_917H-10,São Paulo,3550308,True,,33224,,,-23.589511,-46.6342965,,,,2,2023-06-20T02:35:18+00:00
SAO_917H-10,São Paulo,3550308,True,,33224,,,-23.57014975,-46.645631,,,,2,2023-06-20T02:34:53+00:00
SAO_1775-10,São Paulo,3550308,True,,638,,,-23.4485725,-46.6084025,,,,1,2023-06-20T02:35:28+00:00
SAO_1775-10,São Paulo,3550308,True,,638,,,-23.493661000000003,-46.626228999999995,,,,1,2023-06-20T02:32:12+00:00
SAO_3756-10,São Paulo,3550308,True,,1050,,,-23.591324,-46.389072,,,,1,2023-06-20T02:35:36+00:00
SAO_3756-10,São Paulo,3550308,True,,1050,,,-23.563233,-46.434481000000005,,,,1,2023-06-20T02:35:16+00:00
SAO_3756-10,São Paulo,3550308,True,,1050,,,-23.581125749999998,-46.39436775,,,,1,2023-06-20T02:35:32+00:00
SAO_4027-41,São Paulo,3550308,True,,2309,,,-23.6135425,-46.471743000000004,,,,1,2023-06-20T02:34:59+00:00
SAO_5021-10,São Paulo,3550308,True,,1667,,,-23.608539,-46.616965,,,,1,2023-06-20T02:35:22+00:00
SAO_7282-10,São Paulo,3550308,True,,471,,,-23.547646999999998,-46.760248000000004,,,,1,2023-06-20T02:34:53+00:00
SAO_7282-10,São Paulo,3550308,True,,471,,,-23.547646999999998,-46.760248000000004,,,,1,2023-06-20T02:34:59+00:00
SAO_7282-10,São Paulo,3550308,True,,471,,,-23.552603625000003,-46.6746615,,,,1,2023-06-20T02:35:25+00:00
SAO_7282-10,São Paulo,3550308,True,,471,,,-23.5287325,-46.726031,,,,1,2023-06-20T02:35:24+00:00
SAO_8038-10,São Paulo,3550308,True,,797,,,-23.541977000000003,-46.752751,,,,1,2023-06-20T02:35:16+00:00
SAO_8038-10,São Paulo,3550308,True,,797,,,-23.53456475,-46.76072525000001,,,,1,2023-06-20T02:35:19+00:00
SAO_8038-10,São Paulo,3550308,True,,797,,,-23.533748375000002,-46.734516125,,,,1,2023-06-20T02:35:06+00:00
SAO_8038-10,São Paulo,3550308,True,,797,,,-23.550904625,-46.7404143125,,,,1,2023-06-20T02:35:00+00:00
SAO_8038-10,São Paulo,3550308,True,,797,,,-23.521728000000003,-46.718772,,,,1,2023-06-20T02:35:09+00:00
SAO_8030-10,São Paulo,3550308,True,,2562,,,-23.604999999999997,-46.730366625,,,,1,2023-06-20T02:35:30+00:00
SAO_8030-10,São Paulo,3550308,True,,2562,,,-23.603122499999998,-46.7358315,,,,1,2023-06-20T02:35:34+00:00
SAO_8030-10,São Paulo,3550308,True,,2562,,,-23.59203575,-46.735672,,,,1,2023-06-20T02:35:02+00:00
SAO_8030-10,São Paulo,3550308,True,,2562,,,-23.6228935,-46.7287175,,,,1,2023-06-20T02:35:02+00:00
SAO_8030-10,São Paulo,3550308,True,,2562,,,-23.605259,-46.7257905,,,,1,2023-06-20T02:34:59+00:00
SAO_6414-10,São Paulo,3550308,True,,33128,,,-23.6258485,-46.688571499999995,,,,2,2023-06-20T02:35:23+00:00
SAO_6414-10,São Paulo,3550308,True,,33128,,,-23.576462499999998,-46.67068,,,,2,2023-06-20T02:35:14+00:00
SAO_6414-10,São Paulo,3550308,True,,33128,,,-23.670013,-46.712187,,,,2,2023-06-20T02:31:15+00:00
SAO_6414-10,São Paulo,3550308,True,,33128,,,-23.5986035,-46.674003,,,,2,2023-06-20T02:35:11+00:00
SAO_6414-10,São Paulo,3550308,True,,33128,,,-23.6701735,-46.7122485,,,,2,2023-06-20T02:35:26+00:00
SAO_6414-10,São Paulo,3550308,True,,33128,,,-23.670013,-46.712187,,,,2,2023-06-20T02:35:23+00:00
SAO_8025-10,São Paulo,3550308,True,,2076,,,-23.59203575,-46.735672,,,,1,2023-06-20T02:35:20+00:00
SAO_8025-10,São Paulo,3550308,True,,2076,,,-23.587518250000002,-46.767312000000004,,,,1,2023-06-20T02:35:26+00:00
SAO_8025-10,São Paulo,3550308,True,,2076,,,-23.5900615,-46.770019500000004,,,,1,2023-06-20T02:35:07+00:00
SAO_8025-10,São Paulo,3550308,True,,2076,,,-23.59203575,-46.735672,,,,1,2023-06-20T02:35:11+00:00
SAO_5119-10,São Paulo,3550308,True,,32769,,,-23.573071,-46.6546745,,,,2,2023-06-20T02:35:33+00:00
SAO_5119-10,São Paulo,3550308,True,,32769,,,-23.601951999999997,-46.7247075,,,,2,2023-06-20T02:35:20+00:00
SAO_5119-10,São Paulo,3550308,True,,32769,,,-23.5982695,-46.719774,,,,2,2023-06-20T02:35:36+00:00
SAO_5119-10,São Paulo,3550308,True,,32769,,,-23.555681,-46.6395115,,,,2,2023-06-20T02:35:18+00:00
SAO_5119-10,São Paulo,3550308,True,,32769,,,-23.6135655,-46.730607,,,,2,2023-06-20T02:35:23+00:00
SAO_5119-10,São Paulo,3550308,True,,32769,,,-23.573071,-46.6546745,,,,2,2023-06-20T02:35:17+00:00
SAO_5119-10,São Paulo,3550308,True,,32769,,,-23.551664000000002,-46.6372965,,,,2,2023-06-20T02:35:30+00:00
SAO_5119-10,São Paulo,3550308,True,,32769,,,-23.63488975,-46.7370035,,,,2,2023-06-20T02:35:05+00:00
SAO_5119-10,São Paulo,3550308,True,,32769,,,-23.654714,-46.760605,,,,2,2023-06-20T02:35:10+00:00
SAO_5119-10,São Paulo,3550308,True,,32769,,,-23.65474,-46.761515,,,,2,2023-06-20T02:35:17+00:00
SAO_5119-10,São Paulo,3550308,True,,32769,,,-23.607081,-46.725389500000006,,,,2,2023-06-20T02:35:12+00:00
SAO_5119-10,São Paulo,3550308,True,,32769,,,-23.603759,-46.7252105,,,,2,2023-06-20T02:35:36+00:00
SAO_5119-10,São Paulo,3550308,True,,32769,,,-23.603441,-46.7252635,,,,2,2023-06-20T02:34:57+00:00
SAO_5128-10,São Paulo,3550308,True,,1128,,,-23.664977,-46.6511445,,,,1,2023-06-20T02:34:57+00:00
SAO_5128-10,São Paulo,3550308,True,,1128,,,-23.7117175,-46.651781,,,,1,2023-06-20T02:33:55+00:00
SAO_5128-10,São Paulo,3550308,True,,1128,,,-23.698926999999998,-46.647592,,,,1,2023-06-20T02:35:21+00:00
SAO_5128-10,São Paulo,3550308,True,,1128,,,-23.66151025,-46.6372925,,,,1,2023-06-20T02:35:05+00:00
SAO_5128-10,São Paulo,3550308,True,,1128,,,-23.686289000000002,-46.6379425,,,,1,2023-06-20T02:34:27+00:00
SAO_7017-10,São Paulo,3550308,True,,2502,,,-23.69210125,-46.787707749999996,,,,1,2023-06-20T02:35:09+00:00
SAO_7017-10,São Paulo,3550308,True,,2502,,,-23.6759545,-46.7530775,,,,1,2023-06-20T02:35:01+00:00
SAO_7017-10,São Paulo,3550308,True,,2502,,,-23.693067,-46.7912135,,,,1,2023-06-20T02:35:13+00:00
SAO_7017-10,São Paulo,3550308,True,,2502,,,-23.670533999999996,-46.771223500000005,,,,1,2023-06-20T02:35:03+00:00
SAO_7017-10,São Paulo,3550308,True,,2502,,,-23.6931665,-46.791157,,,,1,2023-06-20T02:35:15+00:00
SAO_4024-10,São Paulo,3550308,True,,34926,,,-23.5413525,-46.44689975,,,,2,2023-06-20T02:35:29+00:00
SAO_4024-10,São Paulo,3550308,True,,34926,,,-23.56278,-46.419038,,,,2,2023-06-20T02:35:07+00:00
SAO_4024-10,São Paulo,3550308,True,,34926,,,-23.567145,-46.424549999999996,,,,2,2023-06-20T02:34:51+00:00
SAO_3735-10,São Paulo,3550308,True,,1035,,,-23.540855999999998,-46.4849405,,,,1,2023-06-20T02:35:19+00:00
SAO_3735-10,São Paulo,3550308,True,,1035,,,-23.540855999999998,-46.4849405,,,,1,2023-06-20T02:35:01+00:00
SAO_3735-10,São Paulo,3550308,True,,1035,,,-23.540855999999998,-46.4849405,,,,1,2023-06-20T02:35:34+00:00
SAO_3735-10,São Paulo,3550308,True,,1035,,,-23.540855999999998,-46.4849405,,,,1,2023-06-20T02:35:19+00:00
SAO_3735-10,São Paulo,3550308,True,,1035,,,-23.5417165,-46.4870065,,,,1,2023-06-20T02:35:00+00:00
SAO_3735-10,São Paulo,3550308,True,,1035,,,-23.545525750000003,-46.493311250000005,,,,1,2023-06-20T02:35:36+00:00
SAO_3735-10,São Paulo,3550308,True,,1035,,,-23.540855999999998,-46.4849405,,,,1,2023-06-20T02:35:36+00:00
SAO_3721-10,São Paulo,3550308,True,,33787,,,-23.544381625,-46.4814195,,,,2,2023-06-20T02:35:12+00:00
SAO_3721-10,São Paulo,3550308,True,,33787,,,-23.553251500000002,-46.491372999999996,,,,2,2023-06-20T02:35:07+00:00
SAO_3721-10,São Paulo,3550308,True,,33787,,,-23.561536500000003,-46.4929655,,,,2,2023-06-20T02:35:08+00:00
SAO_3721-10,São Paulo,3550308,True,,33787,,,-23.563519,-46.5054075,,,,2,2023-06-20T02:35:12+00:00
SAO_6403-10,São Paulo,3550308,True,,58,,,-23.580629000000002,-46.6799365,,,,1,2023-06-20T02:35:36+00:00
SAO_6403-10,São Paulo,3550308,True,,58,,,-23.5471955,-46.630402000000004,,,,1,2023-06-20T02:35:11+00:00
SAO_857A-10,São Paulo,3550308,True,,1925,,,-23.59660175,-46.739715125000004,,,,1,2023-06-20T02:35:22+00:00
SAO_857A-10,São Paulo,3550308,True,,1925,,,-23.59849425,-46.63818525,,,,1,2023-06-20T02:35:10+00:00
SAO_857A-10,São Paulo,3550308,True,,1925,,,-23.583496249999996,-46.66908875,,,,1,2023-06-20T02:35:16+00:00
SAO_5103-10,São Paulo,3550308,True,,1646,,,-23.6032445,-46.602611499999995,,,,1,2023-06-20T02:35:20+00:00
SAO_5103-10,São Paulo,3550308,True,,1646,,,-23.6032445,-46.602611499999995,,,,1,2023-06-20T02:35:02+00:00
SAO_5103-10,São Paulo,3550308,True,,1646,,,-23.6023735,-46.611771000000005,,,,1,2023-06-20T02:35:30+00:00
SAO_3161-10,São Paulo,3550308,True,,33852,,,-23.583499250000003,-46.5254795,,,,2,2023-06-20T02:35:28+00:00
SAO_3161-10,São Paulo,3550308,True,,33852,,,-23.5760115,-46.579173,,,,2,2023-06-20T02:35:07+00:00
SAO_3161-10,São Paulo,3550308,True,,33852,,,-23.574337999999997,-46.5680005,,,,2,2023-06-20T02:34:53+00:00
SAO_3161-10,São Paulo,3550308,True,,33852,,,-23.574405249999998,-46.556079249999996,,,,2,2023-06-20T02:35:26+00:00
SAO_2014-10,São Paulo,3550308,True,Urubupungá,900,https://moovitapp.com/index/pt-br/transporte_p%C3%BAblico-line-900-Sao_Paulo-242-873835-496470-0,4.6,-23.5266615,-46.6675825,,,,1,2023-06-20T02:35:20+00:00
SAO_2014-10,São Paulo,3550308,True,Urubupungá,900,https://moovitapp.com/index/pt-br/transporte_p%C3%BAblico-line-900-Sao_Paulo-242-873835-496470-0,4.6,-23.461007000000002,-46.670221,,,,1,2023-06-20T02:35:05+00:00
SAO_2014-10,São Paulo,3550308,True,Urubupungá,900,https://moovitapp.com/index/pt-br/transporte_p%C3%BAblico-line-900-Sao_Paulo-242-873835-496470-0,4.6,-23.488389,-46.665285749999995,,,,1,2023-06-20T02:35:34+00:00
SAO_2014-10,São Paulo,3550308,True,Urubupungá,900,https://moovitapp.com/index/pt-br/transporte_p%C3%BAblico-line-900-Sao_Paulo-242-873835-496470-0,4.6,-23.457081000000002,-46.669748,,,,1,2023-06-20T02:35:24+00:00
SAO_2014-10,São Paulo,3550308,True,Urubupungá,900,https://moovitapp.com/index/pt-br/transporte_p%C3%BAblico-line-900-Sao_Paulo-242-873835-496470-0,4.6,-23.458042,-46.671117499999994,,,,1,2023-06-20T02:35:02+00:00
SAO_2014-10,São Paulo,3550308,True,Urubupungá,900,https://moovitapp.com/index/pt-br/transporte_p%C3%BAblico-line-900-Sao_Paulo-242-873835-496470-0,4.6,-23.457081000000002,-46.669748,,,,1,2023-06-20T02:35:16+00:00
SAO_2014-10,São Paulo,3550308,True,Urubupungá,900,https://moovitapp.com/index/pt-br/transporte_p%C3%BAblico-line-900-Sao_Paulo-242-873835-496470-0,4.6,-23.457081000000002,-46.669748,,,,1,2023-06-20T02:34:52+00:00
SAO_2014-10,São Paulo,3550308,True,Urubupungá,900,https://moovitapp.com/index/pt-br/transporte_p%C3%BAblico-line-900-Sao_Paulo-242-873835-496470-0,4.6,-23.4718545,-46.666402500000004,,,,1,2023-06-20T02:35:31+00:00
SAO_2014-10,São Paulo,3550308,True,Urubupungá,900,https://moovitapp.com/index/pt-br/transporte_p%C3%BAblico-line-900-Sao_Paulo-242-873835-496470-0,4.6,-23.4817205,-46.668426,,,,1,2023-06-20T02:35:17+00:00
SAO_2014-10,São Paulo,3550308,True,Urubupungá,900,https://moovitapp.com/index/pt-br/transporte_p%C3%BAblico-line-900-Sao_Paulo-242-873835-496470-0,4.6,-23.457081000000002,-46.669748,,,,1,2023-06-20T02:35:05+00:00
SAO_637P-10,São Paulo,3550308,True,,32815,,,-23.590801,-46.672607,,,,2,2023-06-20T02:35:34+00:00
SAO_637P-10,São Paulo,3550308,True,,32815,,,-23.567010500000002,-46.7014225,,,,2,2023-06-20T02:35:19+00:00
SAO_637P-10,São Paulo,3550308,True,,32815,,,-23.65012325,-46.706284249999996,,,,2,2023-06-20T02:35:09+00:00
SAO_637P-10,São Paulo,3550308,True,,32815,,,-23.579497,-46.6856415,,,,2,2023-06-20T02:34:56+00:00
SAO_637P-10,São Paulo,3550308,True,,32815,,,-23.6301995,-46.690188,,,,2,2023-06-20T02:35:10+00:00
SAO_3032-10,São Paulo,3550308,True,STT,720,https://moovitapp.com/index/pt-br/transporte_p%C3%BAblico-line-720-Sao_Paulo-242-850661-183345-0,5.3,-23.5634545,-46.4953255,,,,1,2023-06-20T02:35:15+00:00
SAO_2717-10,São Paulo,3550308,True,Urubupungá,930,https://moovitapp.com/index/pt-br/transporte_p%C3%BAblico-line-930-Sao_Paulo-242-873835-496473-0,4.6,-23.528529,-46.5160515,,,,1,2023-06-20T02:35:16+00:00
SAO_2717-10,São Paulo,3550308,True,Urubupungá,930,https://moovitapp.com/index/pt-br/transporte_p%C3%BAblico-line-930-Sao_Paulo-242-873835-496473-0,4.6,-23.5186845,-46.520174,,,,1,2023-06-20T02:35:09+00:00
SAO_2717-10,São Paulo,3550308,True,Urubupungá,930,https://moovitapp.com/index/pt-br/transporte_p%C3%BAblico-line-930-Sao_Paulo-242-873835-496473-0,4.6,-23.510380624999996,-46.512786875,,,,1,2023-06-20T02:35:08+00:00
SAO_2717-10,São Paulo,3550308,True,Urubupungá,930,https://moovitapp.com/index/pt-br/transporte_p%C3%BAblico-line-930-Sao_Paulo-242-873835-496473-0,4.6,-23.5286075,-46.517815,,,,1,2023-06-20T02:35:34+00:00
SAO_2717-10,São Paulo,3550308,True,Urubupungá,930,https://moovitapp.com/index/pt-br/transporte_p%C3%BAblico-line-930-Sao_Paulo-242-873835-496473-0,4.6,-23.4977825,-46.5115135,,,,1,2023-06-20T02:35:18+00:00
SAO_7055-10,São Paulo,3550308,True,,34656,,,-23.6921555,-46.7909265,,,,2,2023-06-20T02:35:35+00:00
SAO_7055-10,São Paulo,3550308,True,,34656,,,-23.6925175,-46.7912115,,,,2,2023-06-20T02:35:09+00:00
SAO_7055-10,São Paulo,3550308,True,,34656,,,-23.691793,-46.7896525,,,,2,2023-06-20T02:35:35+00:00
SAO_7055-10,São Paulo,3550308,True,,34656,,,-23.672192000000003,-46.773357000000004,,,,2,2023-06-20T02:35:16+00:00
SAO_7055-10,São Paulo,3550308,True,,34656,,,-23.692669000000002,-46.790323,,,,2,2023-06-20T02:35:07+00:00
SAO_7055-10,São Paulo,3550308,True,,34656,,,-23.69281,-46.7912895,,,,2,2023-06-20T02:35:24+00:00
SAO_7055-10,São Paulo,3550308,True,,34656,,,-23.692973,-46.7912575,,,,2,2023-06-20T02:35:18+00:00
SAO_7055-10,São Paulo,3550308,True,,34656,,,-23.658716499999997,-46.774888000000004,,,,2,2023-06-20T02:35:26+00:00
SAO_7055-10,São Paulo,3550308,True,,34656,,,-23.638101499999998,-46.779722500000005,,,,2,2023-06-20T02:35:00+00:00
SAO_314J-10,São Paulo,3550308,True,,33078,,,-23.55388475,-46.635124,,,,2,2023-06-20T02:35:11+00:00
SAO_314J-10,São Paulo,3550308,True,,33078,,,-23.594350249999998,-46.572225625,,,,2,2023-06-20T02:35:19+00:00
SAO_314J-10,São Paulo,3550308,True,,33078,,,-23.591639999999998,-46.55100675,,,,2,2023-06-20T02:34:55+00:00
SAO_314J-10,São Paulo,3550308,True,,33078,,,-23.614445,-46.5167615,,,,2,2023-06-20T02:35:02+00:00
SAO_314J-10,São Paulo,3550308,True,,33078,,,-23.614389,-46.516954,,,,2,2023-06-20T02:35:10+00:00
SAO_314J-10,São Paulo,3550308,True,,33078,,,-23.5832035,-46.600849499999995,,,,2,2023-06-20T02:35:18+00:00
SAO_7049-10,São Paulo,3550308,True,,1912,,,-23.652286250000003,-46.778394750000004,,,,1,2023-06-20T02:35:26+00:00
SAO_7049-10,São Paulo,3550308,True,,1912,,,-23.675430249999998,-46.783649,,,,1,2023-06-20T02:35:13+00:00
SAO_7049-10,São Paulo,3550308,True,,1912,,,-23.690900499999998,-46.774835499999995,,,,1,2023-06-20T02:35:07+00:00
SAO_7049-10,São Paulo,3550308,True,,1912,,,-23.631797499999998,-46.7719915,,,,1,2023-06-20T02:35:27+00:00
SAO_7049-10,São Paulo,3550308,True,,1912,,,-23.634623,-46.775131,,,,1,2023-06-20T02:34:53+00:00
SAO_7049-10,São Paulo,3550308,True,,1912,,,-23.71189,-46.777949500000005,,,,1,2023-06-20T02:35:15+00:00
SAO_6412-10,São Paulo,3550308,True,,770,,,-23.617671,-46.7210095,,,,1,2023-06-20T02:35:11+00:00
SAO_6412-10,São Paulo,3550308,True,,770,,,-23.595483,-46.6730785,,,,1,2023-06-20T02:35:27+00:00
SAO_6412-10,São Paulo,3550308,True,,770,,,-23.6206535,-46.699377,,,,1,2023-06-20T02:35:14+00:00
SAO_6412-10,São Paulo,3550308,True,,770,,,-23.617671,-46.7210095,,,,1,2023-06-20T02:34:53+00:00
SAO_3795-10,São Paulo,3550308,True,,33841,,,-23.55362025,-46.447305,,,,2,2023-06-20T02:35:19+00:00
SAO_3795-10,São Paulo,3550308,True,,33841,,,-23.542476999999998,-46.4712795,,,,2,2023-06-20T02:33:42+00:00
SAO_3795-10,São Paulo,3550308,True,,33841,,,-23.560084,-46.4159775,,,,2,2023-06-20T02:35:04+00:00
SAO_3795-10,São Paulo,3550308,True,,33841,,,-23.56022275,-46.4351255,,,,2,2023-06-20T02:34:56+00:00
SAO_307C-10,São Paulo,3550308,True,,2114,,,-23.513673375,-46.39163925,,,,1,2023-06-20T02:33:07+00:00
SAO_307C-10,São Paulo,3550308,True,,2114,,,-23.521121,-46.4756413125,,,,1,2023-06-20T02:35:32+00:00
SAO_6030-10,São Paulo,3550308,True,,33910,,,-23.663784,-46.709501,,,,2,2023-06-20T02:35:19+00:00
SAO_6030-10,São Paulo,3550308,True,,33910,,,-23.655433000000002,-46.70786,,,,2,2023-06-20T02:35:05+00:00
SAO_6030-10,São Paulo,3550308,True,,33910,,,-23.718955,-46.705138,,,,2,2023-06-20T02:35:05+00:00
SAO_148L-10,São Paulo,3550308,True,,33299,,,-23.474333,-46.667280500000004,,,,2,2023-06-20T02:35:06+00:00
SAO_148L-10,São Paulo,3550308,True,,33299,,,-23.4547195,-46.6523255,,,,2,2023-06-20T02:34:52+00:00
SAO_148L-10,São Paulo,3550308,True,,33299,,,-23.520004999999998,-46.701718,,,,2,2023-06-20T02:35:09+00:00
SAO_148L-10,São Paulo,3550308,True,,33299,,,-23.463092000000003,-46.6564195,,,,2,2023-06-20T02:35:25+00:00
SAO_148L-10,São Paulo,3550308,True,,33299,,,-23.464495499999998,-46.65211625,,,,2,2023-06-20T02:35:26+00:00
SAO_148L-10,São Paulo,3550308,True,,33299,,,-23.454971999999998,-46.6523675,,,,2,2023-06-20T02:35:17+00:00
SAO_148L-10,São Paulo,3550308,True,,33299,,,-23.509285,-46.689667125,,,,2,2023-06-20T02:35:13+00:00
SAO_148L-10,São Paulo,3550308,True,,33299,,,-23.45483,-46.652328999999995,,,,2,2023-06-20T02:35:22+00:00
SAO_148L-10,São Paulo,3550308,True,,33299,,,-23.454971999999998,-46.6523675,,,,2,2023-06-20T02:34:52+00:00
SAO_148L-10,São Paulo,3550308,True,,33299,,,-23.46481,-46.65197525,,,,2,2023-06-20T02:35:17+00:00
SAO_3459-10,São Paulo,3550308,True,EMTU,402,https://moovitapp.com/index/pt-br/transporte_p%C3%BAblico-line-402-Sao_Paulo-242-2038937-36419464-0,3.7,-23.5316515,-46.52857349999999,,,,1,2023-06-20T02:35:23+00:00
SAO_3459-10,São Paulo,3550308,True,EMTU,402,https://moovitapp.com/index/pt-br/transporte_p%C3%BAblico-line-402-Sao_Paulo-242-2038937-36419464-0,3.7,-23.5165205,-46.385602000000006,,,,1,2023-06-20T02:34:33+00:00
SAO_3459-10,São Paulo,3550308,True,EMTU,402,https://moovitapp.com/index/pt-br/transporte_p%C3%BAblico-line-402-Sao_Paulo-242-2038937-36419464-0,3.7,-23.5081975,-46.386971,,,,1,2023-06-20T02:35:04+00:00
SAO_3459-10,São Paulo,3550308,True,EMTU,402,https://moovitapp.com/index/pt-br/transporte_p%C3%BAblico-line-402-Sao_Paulo-242-2038937-36419464-0,3.7,-23.5165205,-46.385602000000006,,,,1,2023-06-20T02:35:26+00:00
SAO_3459-10,São Paulo,3550308,True,EMTU,402,https://moovitapp.com/index/pt-br/transporte_p%C3%BAblico-line-402-Sao_Paulo-242-2038937-36419464-0,3.7,-23.51654875,-46.46826725,,,,1,2023-06-20T02:35:02+00:00
SAO_3459-10,São Paulo,3550308,True,EMTU,402,https://moovitapp.com/index/pt-br/transporte_p%C3%BAblico-line-402-Sao_Paulo-242-2038937-36419464-0,3.7,-23.5165205,-46.385602000000006,,,,1,2023-06-20T02:35:32+00:00
SAO_3459-10,São Paulo,3550308,True,EMTU,402,https://moovitapp.com/index/pt-br/transporte_p%C3%BAblico-line-402-Sao_Paulo-242-2038937-36419464-0,3.7,-23.5165205,-46.385602000000006,,,,1,2023-06-20T02:35:24+00:00
SAO_3459-10,São Paulo,3550308,True,EMTU,402,https://moovitapp.com/index/pt-br/transporte_p%C3%BAblico-line-402-Sao_Paulo-242-2038937-36419464-0,3.7,-23.493128249999998,-46.442384000000004,,,,1,2023-06-20T02:35:21+00:00
SAO_3459-10,São Paulo,3550308,True,EMTU,402,https://moovitapp.com/index/pt-br/transporte_p%C3%BAblico-line-402-Sao_Paulo-242-2038937-36419464-0,3.7,-23.51624825,-46.46807774999999,,,,1,2023-06-20T02:34:52+00:00
SAO_3459-10,São Paulo,3550308,True,EMTU,402,https://moovitapp.com/index/pt-br/transporte_p%C3%BAblico-line-402-Sao_Paulo-242-2038937-36419464-0,3.7,-23.552766000000002,-46.614741499999994,,,,1,2023-06-20T02:35:19+00:00
SAO_3459-10,São Paulo,3550308,True,EMTU,402,https://moovitapp.com/index/pt-br/transporte_p%C3%BAblico-line-402-Sao_Paulo-242-2038937-36419464-0,3.7,-23.5511505,-46.6085935,,,,1,2023-06-20T02:32:27+00:00
SAO_3459-10,São Paulo,3550308,True,EMTU,402,https://moovitapp.com/index/pt-br/transporte_p%C3%BAblico-line-402-Sao_Paulo-242-2038937-36419464-0,3.7,-23.5160155,-46.484175,,,,1,2023-06-20T02:35:32+00:00
SAO_3459-10,São Paulo,3550308,True,EMTU,402,https://moovitapp.com/index/pt-br/transporte_p%C3%BAblico-line-402-Sao_Paulo-242-2038937-36419464-0,3.7,-23.519318,-46.5129675,,,,1,2023-06-20T02:34:26+00:00
SAO_3459-10,São Paulo,3550308,True,EMTU,402,https://moovitapp.com/index/pt-br/transporte_p%C3%BAblico-line-402-Sao_Paulo-242-2038937-36419464-0,3.7,-23.5165205,-46.385602000000006,,,,1,2023-06-20T01:53:49+00:00
SAO_3459-10,São Paulo,3550308,True,EMTU,402,https://moovitapp.com/index/pt-br/transporte_p%C3%BAblico-line-402-Sao_Paulo-242-2038937-36419464-0,3.7,-23.493944499999998,-46.418259500000005,,,,1,2023-06-20T02:35:25+00:00
SAO_3459-10,São Paulo,3550308,True,EMTU,402,https://moovitapp.com/index/pt-br/transporte_p%C3%BAblico-line-402-Sao_Paulo-242-2038937-36419464-0,3.7,-23.53924825,-46.571040249999996,,,,1,2023-06-20T02:35:10+00:00
SAO_3459-10,São Paulo,3550308,True,EMTU,402,https://moovitapp.com/index/pt-br/transporte_p%C3%BAblico-line-402-Sao_Paulo-242-2038937-36419464-0,3.7,-23.5144825,-46.383966,,,,1,2023-06-20T02:35:24+00:00
SAO_3459-10,São Paulo,3550308,True,EMTU,402,https://moovitapp.com/index/pt-br/transporte_p%C3%BAblico-line-402-Sao_Paulo-242-2038937-36419464-0,3.7,-23.5165205,-46.385602000000006,,,,1,2023-06-20T02:34:53+00:00
SAO_3459-10,São Paulo,3550308,True,EMTU,402,https://moovitapp.com/index/pt-br/transporte_p%C3%BAblico-line-402-Sao_Paulo-242-2038937-36419464-0,3.7,-23.5456715,-46.630392,,,,1,2023-06-20T02:35:30+00:00
SAO_3902-10,São Paulo,3550308,True,,34238,,,-23.541865,-46.4163455,,,,2,2023-06-20T02:35:18+00:00
SAO_3902-10,São Paulo,3550308,True,,34238,,,-23.485104,-46.384288999999995,,,,2,2023-06-20T02:35:33+00:00
SAO_9501-10,São Paulo,3550308,True,EMTU,462,https://moovitapp.com/index/pt-br/transporte_p%C3%BAblico-line-462-Sao_Paulo-242-2038937-36419502-0,7.4,-23.475306,-46.6698155,,,,1,2023-06-20T02:35:19+00:00
SAO_9501-10,São Paulo,3550308,True,EMTU,462,https://moovitapp.com/index/pt-br/transporte_p%C3%BAblico-line-462-Sao_Paulo-242-2038937-36419502-0,7.4,-23.522087624999998,-46.6635535,,,,1,2023-06-20T02:35:07+00:00
SAO_9501-10,São Paulo,3550308,True,EMTU,462,https://moovitapp.com/index/pt-br/transporte_p%C3%BAblico-line-462-Sao_Paulo-242-2038937-36419502-0,7.4,-23.5429835,-46.6376015,,,,1,2023-06-20T02:35:34+00:00
SAO_9501-10,São Paulo,3550308,True,EMTU,462,https://moovitapp.com/index/pt-br/transporte_p%C3%BAblico-line-462-Sao_Paulo-242-2038937-36419502-0,7.4,-23.536755,-46.64237325,,,,1,2023-06-20T02:35:06+00:00
SAO_9501-10,São Paulo,3550308,True,EMTU,462,https://moovitapp.com/index/pt-br/transporte_p%C3%BAblico-line-462-Sao_Paulo-242-2038937-36419502-0,7.4,-23.475306,-46.6698155,,,,1,2023-06-20T02:35:21+00:00
SAO_9501-10,São Paulo,3550308,True,EMTU,462,https://moovitapp.com/index/pt-br/transporte_p%C3%BAblico-line-462-Sao_Paulo-242-2038937-36419502-0,7.4,-23.498915,-46.68572825,,,,1,2023-06-20T02:35:09+00:00
SAO_3739-10,São Paulo,3550308,True,,33807,,,-23.619615,-46.411688,,,,2,2023-06-20T02:35:27+00:00
SAO_3739-10,São Paulo,3550308,True,,33807,,,-23.578657999999997,-46.4431635,,,,2,2023-06-20T02:34:59+00:00
SAO_3739-10,São Paulo,3550308,True,,33807,,,-23.61229,-46.416155,,,,2,2023-06-20T02:35:31+00:00
SAO_3739-10,São Paulo,3550308,True,,33807,,,-23.613367249999996,-46.42385975,,,,2,2023-06-20T02:35:28+00:00
SAO_3739-10,São Paulo,3550308,True,,33807,,,-23.61229,-46.416155,,,,2,2023-06-20T02:35:17+00:00
SAO_3739-10,São Paulo,3550308,True,,33807,,,-23.61229,-46.416155,,,,2,2023-06-20T02:35:31+00:00
SAO_807J-10,São Paulo,3550308,True,,2058,,,-23.6187395,-46.699713,,,,1,2023-06-20T02:35:03+00:00
SAO_807J-10,São Paulo,3550308,True,,2058,,,-23.631701,-46.7721875,,,,1,2023-06-20T02:35:07+00:00
SAO_807J-10,São Paulo,3550308,True,,2058,,,-23.6175885,-46.758034,,,,1,2023-06-20T02:35:33+00:00
SAO_807J-10,São Paulo,3550308,True,,2058,,,-23.614710000000002,-46.7327535,,,,1,2023-06-20T02:35:28+00:00
SAO_807J-10,São Paulo,3550308,True,,2058,,,-23.6190115,-46.6997825,,,,1,2023-06-20T02:35:01+00:00
SAO_809L-10,São Paulo,3550308,True,,34717,,,-23.5303555,-46.706253000000004,,,,2,2023-06-20T02:35:34+00:00
SAO_809L-10,São Paulo,3550308,True,,34717,,,-23.632016,-46.772219500000006,,,,2,2023-06-20T02:35:27+00:00
SAO_809L-10,São Paulo,3550308,True,,34717,,,-23.609004,-46.751954250000004,,,,2,2023-06-20T02:35:28+00:00
SAO_809L-10,São Paulo,3550308,True,,34717,,,-23.5890605,-46.733563000000004,,,,2,2023-06-20T02:35:36+00:00
SAO_809L-10,São Paulo,3550308,True,,34717,,,-23.631954,-46.7723235,,,,2,2023-06-20T02:35:23+00:00
SAO_809L-10,São Paulo,3550308,True,,34717,,,-23.631868500000003,-46.772482,,,,2,2023-06-20T02:35:29+00:00
SAO_809L-10,São Paulo,3550308,True,,34717,,,-23.552865750000002,-46.70681875,,,,2,2023-06-20T02:35:32+00:00
SAO_6091-10,São Paulo,3550308,True,,1175,,,-23.826459,-46.731117999999995,,,,1,2023-06-20T02:35:23+00:00
SAO_6091-10,São Paulo,3550308,True,,1175,,,-23.736755000000002,-46.699207,,,,1,2023-06-20T02:35:04+00:00
SAO_6091-10,São Paulo,3550308,True,,1175,,,-23.848964000000002,-46.711411999999996,,,,1,2023-06-20T02:35:18+00:00
SAO_6091-10,São Paulo,3550308,True,,1175,,,-23.848943,-46.713415,,,,1,2023-06-20T02:35:05+00:00
SAO_695Y-10,São Paulo,3550308,True,,1198,,,-23.6817685,-46.6936815,,,,1,2023-06-20T02:33:20+00:00
SAO_695Y-10,São Paulo,3550308,True,,1198,,,-23.8283035,-46.727239999999995,,,,1,2023-06-20T02:35:02+00:00
SAO_695Y-10,São Paulo,3550308,True,,1198,,,-23.792323500000002,-46.7277185,,,,1,2023-06-20T02:35:08+00:00
SAO_695Y-10,São Paulo,3550308,True,,1198,,,-23.777687,-46.7231585,,,,1,2023-06-20T02:34:56+00:00
SAO_695Y-10,São Paulo,3550308,True,,1198,,,-23.6079315,-46.666180999999995,,,,1,2023-06-20T02:35:07+00:00
SAO_695Y-10,São Paulo,3550308,True,,1198,,,-23.638472875,-46.69510575,,,,1,2023-06-20T02:35:25+00:00
SAO_695Y-10,São Paulo,3550308,True,,1198,,,-23.7151,-46.698939499999994,,,,1,2023-06-20T02:34:56+00:00
SAO_695Y-10,São Paulo,3550308,True,,1198,,,-23.740868,-46.704811750000005,,,,1,2023-06-20T02:35:17+00:00
SAO_695Y-10,São Paulo,3550308,True,,1198,,,-23.5894045,-46.634211,,,,1,2023-06-20T02:34:53+00:00
SAO_695Y-10,São Paulo,3550308,True,,1198,,,-23.8283035,-46.727239999999995,,,,1,2023-06-20T02:34:53+00:00
SAO_971X-10,São Paulo,3550308,True,,34463,,,-23.4746105,-46.669987000000006,,,,2,2023-06-20T02:35:24+00:00
SAO_971X-10,São Paulo,3550308,True,,34463,,,-23.50308,-46.6253845,,,,2,2023-06-20T02:34:54+00:00
SAO_971X-10,São Paulo,3550308,True,,34463,,,-23.50308,-46.6253845,,,,2,2023-06-20T02:35:33+00:00
SAO_971X-10,São Paulo,3550308,True,,34463,,,-23.475020999999998,-46.670199,,,,2,2023-06-20T02:35:17+00:00
SAO_971X-10,São Paulo,3550308,True,,34463,,,-23.50025125,-46.63437975,,,,2,2023-06-20T02:35:30+00:00
SAO_971X-10,São Paulo,3550308,True,,34463,,,-23.4886965,-46.651422499999995,,,,2,2023-06-20T02:34:56+00:00
SAO_971X-10,São Paulo,3550308,True,,34463,,,-23.4752765,-46.6688805,,,,2,2023-06-20T02:35:15+00:00
SAO_971X-10,São Paulo,3550308,True,,34463,,,-23.4804065,-46.65626,,,,2,2023-06-20T02:34:36+00:00
SAO_775F-10,São Paulo,3550308,True,,33564,,,-23.609668,-46.748464,,,,2,2023-06-20T02:35:13+00:00
SAO_775F-10,São Paulo,3550308,True,,33564,,,-23.603759,-46.7252105,,,,2,2023-06-20T02:34:52+00:00
SAO_775F-10,São Paulo,3550308,True,,33564,,,-23.60453,-46.7251305,,,,2,2023-06-20T02:35:11+00:00
SAO_775F-10,São Paulo,3550308,True,,33564,,,-23.608411500000003,-46.750782,,,,2,2023-06-20T02:35:25+00:00
SAO_775F-10,São Paulo,3550308,True,,33564,,,-23.6151415,-46.734656,,,,2,2023-06-20T02:35:14+00:00
SAO_775F-10,São Paulo,3550308,True,,33564,,,-23.611408,-46.7538545,,,,2,2023-06-20T02:35:29+00:00
SAO_775F-10,São Paulo,3550308,True,,33564,,,-23.594258,-46.7061815,,,,2,2023-06-20T02:35:04+00:00
SAO_775F-10,São Paulo,3550308,True,,33564,,,-23.6064,-46.7253155,,,,2,2023-06-20T02:35:01+00:00
SAO_775F-10,São Paulo,3550308,True,,33564,,,-23.603759,-46.7252105,,,,2,2023-06-20T02:35:37+00:00
SAO_775F-10,São Paulo,3550308,True,,33564,,,-23.604088,-46.725159,,,,2,2023-06-20T02:35:15+00:00
SAO_677A-10,São Paulo,3550308,True,,34007,,,-23.688845375,-46.77301675,,,,2,2023-06-20T02:35:24+00:00
SAO_677A-10,São Paulo,3550308,True,,34007,,,-23.6901525,-46.774198999999996,,,,2,2023-06-20T02:35:00+00:00
SAO_677A-10,São Paulo,3550308,True,,34007,,,-23.639212,-46.725384500000004,,,,2,2023-06-20T02:34:57+00:00
SAO_677A-10,São Paulo,3550308,True,,34007,,,-23.689947,-46.7740025,,,,2,2023-06-20T02:34:56+00:00
SAO_677A-10,São Paulo,3550308,True,,34007,,,-23.689947,-46.7740025,,,,2,2023-06-20T02:35:30+00:00
SAO_5110-24,São Paulo,3550308,True,,35227,,,-23.5825605,-46.5551165,,,,2,2023-06-20T02:35:20+00:00
SAO_5110-24,São Paulo,3550308,True,,35227,,,-23.6066425,-46.507694,,,,2,2023-06-20T02:33:32+00:00
SAO_7050-10,São Paulo,3550308,True,,34652,,,-23.658400999999998,-46.78931475,,,,2,2023-06-20T02:34:59+00:00
SAO_7050-10,São Paulo,3550308,True,,34652,,,-23.6365825,-46.7782305,,,,2,2023-06-20T02:35:25+00:00
SAO_7050-10,São Paulo,3550308,True,,34652,,,-23.66464475,-46.79163275,,,,2,2023-06-20T02:35:34+00:00
SAO_7050-10,São Paulo,3550308,True,,34652,,,-23.658609,-46.78921425,,,,2,2023-06-20T02:35:11+00:00
SAO_2032-10,São Paulo,3550308,True,,35034,,,-23.48439175,-46.57382750000001,,,,2,2023-06-20T02:35:34+00:00
SAO_2032-10,São Paulo,3550308,True,,35034,,,-23.484455,-46.57345,,,,2,2023-06-20T02:35:10+00:00
SAO_2032-10,São Paulo,3550308,True,,35034,,,-23.484414,-46.5735585,,,,2,2023-06-20T02:35:02+00:00
SAO_2032-10,São Paulo,3550308,True,,35034,,,-23.486165,-46.592611500000004,,,,2,2023-06-20T02:34:50+00:00
SAO_737A-10,São Paulo,3550308,True,,1730,,,-23.665815000000002,-46.7117615,,,,1,2023-06-20T02:35:23+00:00
SAO_737A-10,São Paulo,3550308,True,,1730,,,-23.6825795,-46.767716500000006,,,,1,2023-06-20T02:35:28+00:00
SAO_737A-10,São Paulo,3550308,True,,1730,,,-23.681915500000002,-46.7668975,,,,1,2023-06-20T02:32:27+00:00
SAO_737A-10,São Paulo,3550308,True,,1730,,,-23.6541015,-46.7120065,,,,1,2023-06-20T02:35:34+00:00
SAO_737A-10,São Paulo,3550308,True,,1730,,,-23.654038,-46.708869500000006,,,,1,2023-06-20T02:35:07+00:00
SAO_546A-31,São Paulo,3550308,True,,1132,,,-23.689297,-46.6794855,,,,1,2023-06-20T02:34:55+00:00
SAO_546A-31,São Paulo,3550308,True,,1132,,,-23.7139475,-46.6571055,,,,1,2023-06-20T02:32:54+00:00
SAO_546A-31,São Paulo,3550308,True,,1132,,,-23.7139475,-46.6571055,,,,1,2023-06-20T02:33:24+00:00
SAO_546A-31,São Paulo,3550308,True,,1132,,,-23.6544305,-46.703920499999995,,,,1,2023-06-20T02:34:52+00:00
SAO_7550-10,São Paulo,3550308,True,,2093,,,-23.654166500000002,-46.711513,,,,1,2023-06-20T02:34:58+00:00
SAO_7550-10,São Paulo,3550308,True,,2093,,,-23.654166500000002,-46.711513,,,,1,2023-06-20T02:35:24+00:00
SAO_7550-10,São Paulo,3550308,True,,2093,,,-23.654166500000002,-46.711513,,,,1,2023-06-20T02:35:12+00:00
SAO_7550-10,São Paulo,3550308,True,,2093,,,-23.540064,-46.6477535,,,,1,2023-06-20T02:34:56+00:00
SAO_7550-10,São Paulo,3550308,True,,2093,,,-23.564806125,-46.647083,,,,1,2023-06-20T02:35:12+00:00
SAO_7550-10,São Paulo,3550308,True,,2093,,,-23.644316125000003,-46.700134500000004,,,,1,2023-06-20T02:35:05+00:00
SAO_7550-10,São Paulo,3550308,True,,2093,,,-23.59107125,-46.672537500000004,,,,1,2023-06-20T02:35:00+00:00
SAO_364A-10,São Paulo,3550308,True,,34014,,,-23.5847285,-46.611627500000004,,,,2,2023-06-20T02:35:30+00:00
SAO_364A-10,São Paulo,3550308,True,,34014,,,-23.5847285,-46.611627500000004,,,,2,2023-06-20T02:35:09+00:00
SAO_364A-10,São Paulo,3550308,True,,34014,,,-23.6105625,-46.501354500000005,,,,2,2023-06-20T02:35:03+00:00
SAO_364A-10,São Paulo,3550308,True,,34014,,,-23.582125,-46.5516885,,,,2,2023-06-20T02:35:25+00:00
SAO_364A-10,São Paulo,3550308,True,,34014,,,-23.5783385,-46.5030845,,,,2,2023-06-20T02:34:53+00:00
SAO_364A-10,São Paulo,3550308,True,,34014,,,-23.5841025,-46.585505,,,,2,2023-06-20T02:35:27+00:00
SAO_364A-10,São Paulo,3550308,True,,34014,,,-23.601279875000003,-46.511615000000006,,,,2,2023-06-20T02:35:06+00:00
SAO_5145-10,São Paulo,3550308,True,,34409,,,-23.6139405,-46.501206499999995,,,,2,2023-06-20T02:34:54+00:00
SAO_5145-10,São Paulo,3550308,True,,34409,,,-23.5963735,-46.501789,,,,2,2023-06-20T02:34:58+00:00
SAO_5145-10,São Paulo,3550308,True,,34409,,,-23.557059,-46.633474,,,,2,2023-06-20T02:35:20+00:00
SAO_5145-10,São Paulo,3550308,True,,34409,,,-23.557059,-46.633474,,,,2,2023-06-20T02:35:00+00:00
SAO_5145-10,São Paulo,3550308,True,,34409,,,-23.597476999999998,-46.50051325,,,,2,2023-06-20T02:35:09+00:00
SAO_5145-10,São Paulo,3550308,True,,34409,,,-23.574501125,-46.565135,,,,2,2023-06-20T02:35:21+00:00
SAO_2013-10,São Paulo,3550308,True,,899,,,-23.47152125,-46.67050425,,,,1,2023-06-20T02:35:13+00:00
SAO_2013-10,São Paulo,3550308,True,,899,,,-23.466829375000003,-46.664145250000004,,,,1,2023-06-20T02:35:25+00:00
SAO_2013-10,São Paulo,3550308,True,,899,,,-23.46981925,-46.648324625,,,,1,2023-06-20T02:35:36+00:00
SAO_2013-10,São Paulo,3550308,True,,899,,,-23.4546975,-46.658477500000004,,,,1,2023-06-20T02:35:13+00:00
SAO_2013-10,São Paulo,3550308,True,,899,,,-23.45459175,-46.65749525,,,,1,2023-06-20T02:34:55+00:00
SAO_2013-10,São Paulo,3550308,True,,899,,,-23.464035125000002,-46.654045625,,,,1,2023-06-20T02:35:20+00:00
SAO_6045-10,São Paulo,3550308,True,,33990,,,-23.650330500000003,-46.708101,,,,2,2023-06-20T02:35:00+00:00
SAO_6045-10,São Paulo,3550308,True,,33990,,,-23.698768,-46.796265500000004,,,,2,2023-06-20T02:35:00+00:00
SAO_6045-10,São Paulo,3550308,True,,33990,,,-23.655759500000002,-46.76218025,,,,2,2023-06-20T02:35:25+00:00
SAO_6045-10,São Paulo,3550308,True,,33990,,,-23.648877499999998,-46.753294499999996,,,,2,2023-06-20T02:35:23+00:00
SAO_6045-10,São Paulo,3550308,True,,33990,,,-23.642476000000002,-46.738743,,,,2,2023-06-20T02:34:55+00:00
SAO_6045-10,São Paulo,3550308,True,,33990,,,-23.6935165,-46.797576500000005,,,,2,2023-06-20T02:35:03+00:00
SAO_6045-10,São Paulo,3550308,True,,33990,,,-23.679884,-46.7820875,,,,2,2023-06-20T02:34:57+00:00
SAO_6045-10,São Paulo,3550308,True,,33990,,,-23.650330500000003,-46.708101,,,,2,2023-06-20T02:35:07+00:00
SAO_6045-10,São Paulo,3550308,True,,33990,,,-23.671858999999998,-46.7732835,,,,2,2023-06-20T02:35:29+00:00
SAO_6045-10,São Paulo,3550308,True,,33990,,,-23.698768,-46.796265500000004,,,,2,2023-06-20T02:34:59+00:00
SAO_6045-10,São Paulo,3550308,True,,33990,,,-23.68619975,-46.79998275,,,,2,2023-06-20T02:35:21+00:00
SAO_3796-10,São Paulo,3550308,True,,33842,,,-23.58877925,-46.446368875,,,,2,2023-06-20T02:35:05+00:00
SAO_3796-10,São Paulo,3550308,True,,33842,,,-23.5698365,-46.460314,,,,2,2023-06-20T02:35:29+00:00
SAO_407L-10,São Paulo,3550308,True,,34967,,,-23.590592,-46.3947795,,,,2,2023-06-20T02:35:02+00:00
SAO_407L-10,São Paulo,3550308,True,,34967,,,-23.559344000000003,-46.411618000000004,,,,2,2023-06-20T02:35:12+00:00
SAO_407L-10,São Paulo,3550308,True,,34967,,,-23.542409499999998,-46.417221,,,,2,2023-06-20T02:35:09+00:00
SAO_407L-10,São Paulo,3550308,True,,34967,,,-23.591108,-46.3945285,,,,2,2023-06-20T02:35:23+00:00
SAO_407L-10,São Paulo,3550308,True,,34967,,,-23.58173075,-46.415283,,,,2,2023-06-20T02:34:55+00:00
SAO_407L-10,São Paulo,3550308,True,,34967,,,-23.5920095,-46.39401775,,,,2,2023-06-20T02:35:33+00:00
SAO_407L-10,São Paulo,3550308,True,,34967,,,-23.539298875,-46.447918625,,,,2,2023-06-20T02:35:29+00:00
SAO_407L-10,São Paulo,3550308,True,,34967,,,-23.583433999999997,-46.406986,,,,2,2023-06-20T02:32:18+00:00
SAO_407L-10,São Paulo,3550308,True,,34967,,,-23.581954500000002,-46.3929035,,,,2,2023-06-20T02:35:09+00:00
SAO_407L-10,São Paulo,3550308,True,,34967,,,-23.590822000000003,-46.3946785,,,,2,2023-06-20T02:35:08+00:00
SAO_407L-10,São Paulo,3550308,True,,34967,,,-23.524268,-46.5079775,,,,2,2023-06-20T02:30:55+00:00
SAO_407L-10,São Paulo,3550308,True,,34967,,,-23.58308,-46.408871000000005,,,,2,2023-06-20T02:35:34+00:00
SAO_407L-10,São Paulo,3550308,True,,34967,,,-23.590592,-46.3947795,,,,2,2023-06-20T02:35:25+00:00
SAO_407L-10,São Paulo,3550308,True,,34967,,,-23.579252500000003,-46.4153375,,,,2,2023-06-20T02:35:05+00:00
SAO_6028-10,São Paulo,3550308,True,,33979,,,-23.702140999999997,-46.744587499999994,,,,2,2023-06-20T02:35:17+00:00
SAO_6028-10,São Paulo,3550308,True,,33979,,,-23.702019,-46.7446975,,,,2,2023-06-20T02:35:08+00:00
SAO_6028-10,São Paulo,3550308,True,,33979,,,-23.702140999999997,-46.744587499999994,,,,2,2023-06-20T02:35:34+00:00
SAO_6028-10,São Paulo,3550308,True,,33979,,,-23.691329000000003,-46.75807025,,,,2,2023-06-20T02:35:30+00:00
SAO_6028-10,São Paulo,3550308,True,,33979,,,-23.702019,-46.7446975,,,,2,2023-06-20T02:34:54+00:00
SAO_6028-10,São Paulo,3550308,True,,33979,,,-23.685363,-46.742388000000005,,,,2,2023-06-20T02:35:19+00:00
SAO_6028-10,São Paulo,3550308,True,,33979,,,-23.691329000000003,-46.75807025,,,,2,2023-06-20T02:35:25+00:00
SAO_4011-10,São Paulo,3550308,True,,2184,,,-23.612406,-46.476185,,,,1,2023-06-20T02:35:21+00:00
SAO_4011-10,São Paulo,3550308,True,,2184,,,-23.622194,-46.413724,,,,1,2023-06-20T02:35:28+00:00
SAO_4011-10,São Paulo,3550308,True,,2184,,,-23.596271,-46.455373625,,,,1,2023-06-20T02:35:13+00:00
SAO_8055-10,São Paulo,3550308,True,,414,,,-23.443958000000002,-46.78703175,,,,1,2023-06-20T02:34:53+00:00
SAO_8055-10,São Paulo,3550308,True,,414,,,-23.4050645,-46.751902,,,,1,2023-06-20T02:34:52+00:00
SAO_8055-10,São Paulo,3550308,True,,414,,,-23.408895,-46.74034,,,,1,2023-06-20T02:35:17+00:00
SAO_8055-10,São Paulo,3550308,True,,414,,,-23.434037375,-46.786545875,,,,1,2023-06-20T02:35:21+00:00
SAO_8055-10,São Paulo,3550308,True,,414,,,-23.472684,-46.7760235,,,,1,2023-06-20T02:35:33+00:00
SAO_8055-10,São Paulo,3550308,True,,414,,,-23.5201155,-46.7220475,,,,1,2023-06-20T02:35:27+00:00
SAO_2008-10,São Paulo,3550308,True,,897,,,-23.521084000000002,-46.3870275,,,,1,2023-06-20T02:35:02+00:00
SAO_2008-10,São Paulo,3550308,True,,897,,,-23.521084000000002,-46.3870275,,,,1,2023-06-20T02:35:05+00:00
SAO_2008-10,São Paulo,3550308,True,,897,,,-23.521084000000002,-46.3870275,,,,1,2023-06-20T02:31:17+00:00
SAO_2008-10,São Paulo,3550308,True,,897,,,-23.494692,-46.39971,,,,1,2023-06-20T02:35:34+00:00
SAO_2008-10,São Paulo,3550308,True,,897,,,-23.494194,-46.400918,,,,1,2023-06-20T02:35:29+00:00
SAO_637J-10,São Paulo,3550308,True,,32871,,,-23.6684465,-46.6894695,,,,2,2023-06-20T02:35:01+00:00
SAO_637J-10,São Paulo,3550308,True,,32871,,,-23.739430249999998,-46.708802250000005,,,,2,2023-06-20T02:34:57+00:00
SAO_637J-10,São Paulo,3550308,True,,32871,,,-23.7398325,-46.708692,,,,2,2023-06-20T02:35:18+00:00
SAO_637J-10,São Paulo,3550308,True,,32871,,,-23.713037999999997,-46.698539999999994,,,,2,2023-06-20T02:35:18+00:00
SAO_637J-10,São Paulo,3550308,True,,32871,,,-23.576913500000003,-46.68722325,,,,2,2023-06-20T02:35:30+00:00
SAO_637J-10,São Paulo,3550308,True,,32871,,,-23.649684999999998,-46.705203,,,,2,2023-06-20T02:34:58+00:00
SAO_637J-10,São Paulo,3550308,True,,32871,,,-23.739430249999998,-46.708802250000005,,,,2,2023-06-20T02:35:14+00:00
SAO_7057-10,São Paulo,3550308,True,,1897,,,-23.631701,-46.7721875,,,,1,2023-06-20T02:35:26+00:00
SAO_7057-10,São Paulo,3550308,True,,1897,,,-23.64924,-46.786625,,,,1,2023-06-20T02:35:13+00:00
SAO_478P-10,São Paulo,3550308,True,EMTU,349,https://moovitapp.com/index/pt-br/transporte_p%C3%BAblico-line-349-Sao_Paulo-242-2038937-36419432-0,5.1,-23.556540374999997,-46.6618185,,,,1,2023-06-20T02:35:32+00:00
SAO_478P-10,São Paulo,3550308,True,EMTU,349,https://moovitapp.com/index/pt-br/transporte_p%C3%BAblico-line-349-Sao_Paulo-242-2038937-36419432-0,5.1,-23.630457999999997,-46.598635,,,,1,2023-06-20T02:35:11+00:00
SAO_478P-10,São Paulo,3550308,True,EMTU,349,https://moovitapp.com/index/pt-br/transporte_p%C3%BAblico-line-349-Sao_Paulo-242-2038937-36419432-0,5.1,-23.5750675,-46.62483400000001,,,,1,2023-06-20T02:35:06+00:00
SAO_2711-10,São Paulo,3550308,True,,33693,,,-23.514456000000003,-46.48103125,,,,2,2023-06-20T02:34:56+00:00
SAO_2711-10,São Paulo,3550308,True,,33693,,,-23.527856999999997,-46.500628500000005,,,,2,2023-06-20T02:35:37+00:00
SAO_2711-10,São Paulo,3550308,True,,33693,,,-23.514414000000002,-46.48128,,,,2,2023-06-20T02:35:35+00:00
SAO_2711-10,São Paulo,3550308,True,,33693,,,-23.514414000000002,-46.48128,,,,2,2023-06-20T02:35:33+00:00
SAO_2711-10,São Paulo,3550308,True,,33693,,,-23.514456000000003,-46.48103125,,,,2,2023-06-20T02:35:32+00:00
SAO_2711-10,São Paulo,3550308,True,,33693,,,-23.5138365,-46.49591600000001,,,,2,2023-06-20T02:35:00+00:00
SAO_2711-10,São Paulo,3550308,True,,33693,,,-23.514456000000003,-46.48103125,,,,2,2023-06-20T02:35:22+00:00
SAO_513C-10,São Paulo,3550308,True,,2535,,,-23.599062749999998,-46.53880375,,,,1,2023-06-20T02:30:34+00:00
SAO_513C-10,São Paulo,3550308,True,,2535,,,-23.598978250000002,-46.55830475,,,,1,2023-06-20T02:33:59+00:00
SAO_8065-10,São Paulo,3550308,True,,33189,,,-23.507262500000003,-46.7111605,,,,2,2023-06-20T02:34:53+00:00
SAO_8065-10,São Paulo,3550308,True,,33189,,,-23.469593,-46.751911500000006,,,,2,2023-06-20T02:35:08+00:00
SAO_1788-51,São Paulo,3550308,True,,33422,,,-23.502733499999998,-46.623853,,,,2,2023-06-20T02:35:02+00:00
SAO_271A-10,São Paulo,3550308,True,STT,702,https://moovitapp.com/index/pt-br/transporte_p%C3%BAblico-line-702-Sao_Paulo-242-850661-641780-0,5.3,-23.519357,-46.5466775,,,,1,2023-06-20T02:35:26+00:00
SAO_271A-10,São Paulo,3550308,True,STT,702,https://moovitapp.com/index/pt-br/transporte_p%C3%BAblico-line-702-Sao_Paulo-242-850661-641780-0,5.3,-23.518916500000003,-46.546872500000006,,,,1,2023-06-20T02:35:05+00:00
SAO_271A-10,São Paulo,3550308,True,STT,702,https://moovitapp.com/index/pt-br/transporte_p%C3%BAblico-line-702-Sao_Paulo-242-850661-641780-0,5.3,-23.518916500000003,-46.546872500000006,,,,1,2023-06-20T02:35:18+00:00
SAO_271A-10,São Paulo,3550308,True,STT,702,https://moovitapp.com/index/pt-br/transporte_p%C3%BAblico-line-702-Sao_Paulo-242-850661-641780-0,5.3,-23.514609749999998,-46.57052675,,,,1,2023-06-20T02:35:31+00:00
SAO_271A-10,São Paulo,3550308,True,STT,702,https://moovitapp.com/index/pt-br/transporte_p%C3%BAblico-line-702-Sao_Paulo-242-850661-641780-0,5.3,-23.518916500000003,-46.546872500000006,,,,1,2023-06-20T02:35:09+00:00
SAO_2730-10,São Paulo,3550308,True,Urubupungá,945,https://moovitapp.com/index/pt-br/transporte_p%C3%BAblico-line-945-Sao_Paulo-242-873835-75841138-0,4.6,-23.507143,-46.4493845,,,,1,2023-06-20T02:35:11+00:00
SAO_2730-10,São Paulo,3550308,True,Urubupungá,945,https://moovitapp.com/index/pt-br/transporte_p%C3%BAblico-line-945-Sao_Paulo-242-873835-75841138-0,4.6,-23.539995499999996,-46.482319125,,,,1,2023-06-20T02:35:30+00:00
SAO_2730-10,São Paulo,3550308,True,Urubupungá,945,https://moovitapp.com/index/pt-br/transporte_p%C3%BAblico-line-945-Sao_Paulo-242-873835-75841138-0,4.6,-23.509155,-46.460387,,,,1,2023-06-20T02:35:00+00:00
SAO_2730-10,São Paulo,3550308,True,Urubupungá,945,https://moovitapp.com/index/pt-br/transporte_p%C3%BAblico-line-945-Sao_Paulo-242-873835-75841138-0,4.6,-23.539782000000002,-46.482977500000004,,,,1,2023-06-20T02:35:28+00:00
SAO_2730-10,São Paulo,3550308,True,Urubupungá,945,https://moovitapp.com/index/pt-br/transporte_p%C3%BAblico-line-945-Sao_Paulo-242-873835-75841138-0,4.6,-23.540062499999998,-46.482594375,,,,1,2023-06-20T02:35:30+00:00
SAO_2730-10,São Paulo,3550308,True,Urubupungá,945,https://moovitapp.com/index/pt-br/transporte_p%C3%BAblico-line-945-Sao_Paulo-242-873835-75841138-0,4.6,-23.528650875,-46.474258250000005,,,,1,2023-06-20T02:35:23+00:00
SAO_2730-10,São Paulo,3550308,True,Urubupungá,945,https://moovitapp.com/index/pt-br/transporte_p%C3%BAblico-line-945-Sao_Paulo-242-873835-75841138-0,4.6,-23.52296975,-46.4702685,,,,1,2023-06-20T02:35:09+00:00
SAO_2730-10,São Paulo,3550308,True,Urubupungá,945,https://moovitapp.com/index/pt-br/transporte_p%C3%BAblico-line-945-Sao_Paulo-242-873835-75841138-0,4.6,-23.51624825,-46.46807774999999,,,,1,2023-06-20T02:35:09+00:00
SAO_2730-10,São Paulo,3550308,True,Urubupungá,945,https://moovitapp.com/index/pt-br/transporte_p%C3%BAblico-line-945-Sao_Paulo-242-873835-75841138-0,4.6,-23.5099105,-46.4470505,,,,1,2023-06-20T02:35:19+00:00
SAO_3778-10,São Paulo,3550308,True,,33830,,,-23.570335,-46.507471374999994,,,,2,2023-06-20T02:34:52+00:00
SAO_3778-10,São Paulo,3550308,True,,33830,,,-23.570103,-46.486686,,,,2,2023-06-20T02:35:22+00:00
SAO_3778-10,São Paulo,3550308,True,,33830,,,-23.577371499999998,-46.4942985,,,,2,2023-06-20T02:35:32+00:00
SAO_3778-10,São Paulo,3550308,True,,33830,,,-23.570196000000003,-46.486959999999996,,,,2,2023-06-20T02:35:18+00:00
SAO_3778-10,São Paulo,3550308,True,,33830,,,-23.538485,-46.563877000000005,,,,2,2023-06-20T02:33:47+00:00
SAO_3778-10,São Paulo,3550308,True,,33830,,,-23.538485,-46.563877000000005,,,,2,2023-06-20T02:35:14+00:00
SAO_3778-10,São Paulo,3550308,True,,33830,,,-23.570196000000003,-46.486959999999996,,,,2,2023-06-20T02:35:24+00:00
SAO_3778-10,São Paulo,3550308,True,,33830,,,-23.55198775,-46.529923249999996,,,,2,2023-06-20T02:35:00+00:00
SAO_7545-10,São Paulo,3550308,True,,33272,,,-23.587573499999998,-46.7633015,,,,2,2023-06-20T02:34:55+00:00
SAO_7545-10,São Paulo,3550308,True,,33272,,,-23.6016895,-46.791908,,,,2,2023-06-20T02:35:20+00:00
SAO_7545-10,São Paulo,3550308,True,,33272,,,-23.601537,-46.791821999999996,,,,2,2023-06-20T02:34:54+00:00
SAO_7545-10,São Paulo,3550308,True,,33272,,,-23.6014325,-46.7918495,,,,2,2023-06-20T02:35:28+00:00
SAO_7545-10,São Paulo,3550308,True,,33272,,,-23.6016895,-46.791908,,,,2,2023-06-20T02:35:05+00:00
SAO_7545-10,São Paulo,3550308,True,,33272,,,-23.572222,-46.700846999999996,,,,2,2023-06-20T02:35:22+00:00
SAO_7545-10,São Paulo,3550308,True,,33272,,,-23.601537,-46.791821999999996,,,,2,2023-06-20T02:35:20+00:00
SAO_7545-10,São Paulo,3550308,True,,33272,,,-23.5777805,-46.725455499999995,,,,2,2023-06-20T02:35:05+00:00
SAO_6015-10,São Paulo,3550308,True,,33973,,,-23.682109,-46.767292,,,,2,2023-06-20T02:35:07+00:00
SAO_6015-10,São Paulo,3550308,True,,33973,,,-23.71184525,-46.782389,,,,2,2023-06-20T02:35:32+00:00
SAO_6015-10,São Paulo,3550308,True,,33973,,,-23.689302875,-46.773427749999996,,,,2,2023-06-20T02:35:37+00:00
SAO_6015-10,São Paulo,3550308,True,,33973,,,-23.6704775,-46.739304000000004,,,,2,2023-06-20T02:35:13+00:00
SAO_6015-10,São Paulo,3550308,True,,33973,,,-23.734573,-46.794119499999994,,,,2,2023-06-20T02:35:18+00:00
SAO_6015-10,São Paulo,3550308,True,,33973,,,-23.735135,-46.7940935,,,,2,2023-06-20T02:35:18+00:00
SAO_6015-10,São Paulo,3550308,True,,33973,,,-23.6628155,-46.707258625,,,,2,2023-06-20T02:34:57+00:00
SAO_7040-10,São Paulo,3550308,True,,776,,,-23.6075345,-46.7125255,,,,1,2023-06-20T02:35:19+00:00
SAO_7040-10,São Paulo,3550308,True,,776,,,-23.5656145,-46.6939165,,,,1,2023-06-20T02:35:10+00:00
SAO_7040-10,São Paulo,3550308,True,,776,,,-23.620960500000002,-46.72380750000001,,,,1,2023-06-20T02:35:03+00:00
SAO_7040-10,São Paulo,3550308,True,,776,,,-23.565434500000002,-46.69406,,,,1,2023-06-20T02:35:06+00:00
SAO_7040-10,São Paulo,3550308,True,,776,,,-23.5735465,-46.689059375,,,,1,2023-06-20T02:34:57+00:00
SAO_5164-41,São Paulo,3550308,True,,34385,,,-23.6522985,-46.648213999999996,,,,2,2023-06-20T02:35:23+00:00
SAO_5164-41,São Paulo,3550308,True,,34385,,,-23.652524,-46.6463865,,,,2,2023-06-20T02:35:33+00:00
SAO_5164-41,São Paulo,3550308,True,,34385,,,-23.6345995,-46.6411415,,,,2,2023-06-20T02:35:18+00:00
SAO_407R-10,São Paulo,3550308,True,,34969,,,-23.546882125,-46.59050975,,,,2,2023-06-20T02:35:15+00:00
SAO_407R-10,São Paulo,3550308,True,,34969,,,-23.558462,-46.5226175,,,,2,2023-06-20T02:35:19+00:00
SAO_407R-10,São Paulo,3550308,True,,34969,,,-23.558199000000002,-46.522121,,,,2,2023-06-20T02:35:35+00:00
SAO_407R-10,São Paulo,3550308,True,,34969,,,-23.563099,-46.559885,,,,2,2023-06-20T02:35:16+00:00
SAO_407R-10,São Paulo,3550308,True,,34969,,,-23.5625845,-46.522476,,,,2,2023-06-20T02:35:29+00:00
SAO_8622-10,São Paulo,3550308,True,EMTU,438,https://moovitapp.com/index/pt-br/transporte_p%C3%BAblico-line-438-Sao_Paulo-242-2038937-36419488-0,7.65,-23.5221375,-46.718379999999996,,,,1,2023-06-20T02:34:57+00:00
SAO_8622-10,São Paulo,3550308,True,EMTU,438,https://moovitapp.com/index/pt-br/transporte_p%C3%BAblico-line-438-Sao_Paulo-242-2038937-36419488-0,7.65,-23.48486725,-46.770140749999996,,,,1,2023-06-20T02:35:24+00:00
SAO_8622-10,São Paulo,3550308,True,EMTU,438,https://moovitapp.com/index/pt-br/transporte_p%C3%BAblico-line-438-Sao_Paulo-242-2038937-36419488-0,7.65,-23.542720250000002,-46.643174625,,,,1,2023-06-20T02:34:58+00:00
SAO_8622-10,São Paulo,3550308,True,EMTU,438,https://moovitapp.com/index/pt-br/transporte_p%C3%BAblico-line-438-Sao_Paulo-242-2038937-36419488-0,7.65,-23.4428915,-46.7965405,,,,1,2023-06-20T02:35:14+00:00
SAO_8622-10,São Paulo,3550308,True,EMTU,438,https://moovitapp.com/index/pt-br/transporte_p%C3%BAblico-line-438-Sao_Paulo-242-2038937-36419488-0,7.65,-23.446143499999998,-46.798213,,,,1,2023-06-20T02:34:39+00:00
SAO_8622-10,São Paulo,3550308,True,EMTU,438,https://moovitapp.com/index/pt-br/transporte_p%C3%BAblico-line-438-Sao_Paulo-242-2038937-36419488-0,7.65,-23.5249775,-46.69016524999999,,,,1,2023-06-20T02:34:52+00:00
SAO_6000-10,São Paulo,3550308,True,,33908,,,-23.714811750000003,-46.707439750000006,,,,2,2023-06-20T02:35:22+00:00
SAO_6000-10,São Paulo,3550308,True,,33908,,,-23.661460500000004,-46.706833,,,,2,2023-06-20T02:34:54+00:00
SAO_6000-10,São Paulo,3550308,True,,33908,,,-23.6909995,-46.714845,,,,2,2023-06-20T02:35:23+00:00
SAO_6000-10,São Paulo,3550308,True,,33908,,,-23.7767835,-46.723025500000006,,,,2,2023-06-20T02:32:03+00:00
SAO_6000-10,São Paulo,3550308,True,,33908,,,-23.821648,-46.736267,,,,2,2023-06-20T02:35:26+00:00
SAO_6000-10,São Paulo,3550308,True,,33908,,,-23.767692750000002,-46.71746400000001,,,,2,2023-06-20T02:34:30+00:00
SAO_6000-10,São Paulo,3550308,True,,33908,,,-23.733612875,-46.698656375,,,,2,2023-06-20T02:35:17+00:00
SAO_6000-10,São Paulo,3550308,True,,33908,,,-23.770527,-46.718466500000005,,,,2,2023-06-20T02:34:52+00:00
SAO_6000-10,São Paulo,3550308,True,,33908,,,-23.750782,-46.710551,,,,2,2023-06-20T02:35:31+00:00
SAO_9032-10,São Paulo,3550308,True,STT,880,https://moovitapp.com/index/pt-br/transporte_p%C3%BAblico-line-880-Sao_Paulo-242-850661-183362-0,5.3,-23.446263000000002,-46.699466,,,,1,2023-06-20T02:35:19+00:00
SAO_9032-10,São Paulo,3550308,True,STT,880,https://moovitapp.com/index/pt-br/transporte_p%C3%BAblico-line-880-Sao_Paulo-242-850661-183362-0,5.3,-23.446290750000003,-46.692449249999996,,,,1,2023-06-20T02:35:15+00:00
SAO_9032-10,São Paulo,3550308,True,STT,880,https://moovitapp.com/index/pt-br/transporte_p%C3%BAblico-line-880-Sao_Paulo-242-850661-183362-0,5.3,-23.4462385,-46.692054,,,,1,2023-06-20T02:35:28+00:00
SAO_9032-10,São Paulo,3550308,True,STT,880,https://moovitapp.com/index/pt-br/transporte_p%C3%BAblico-line-880-Sao_Paulo-242-850661-183362-0,5.3,-23.4462385,-46.692054,,,,1,2023-06-20T02:35:00+00:00
SAO_9032-10,São Paulo,3550308,True,STT,880,https://moovitapp.com/index/pt-br/transporte_p%C3%BAblico-line-880-Sao_Paulo-242-850661-183362-0,5.3,-23.4592335,-46.686509,,,,1,2023-06-20T02:35:03+00:00
SAO_9032-10,São Paulo,3550308,True,STT,880,https://moovitapp.com/index/pt-br/transporte_p%C3%BAblico-line-880-Sao_Paulo-242-850661-183362-0,5.3,-23.446290750000003,-46.692449249999996,,,,1,2023-06-20T02:34:55+00:00
SAO_5111-10,São Paulo,3550308,True,,32816,,,-23.575095249999997,-46.65687425,,,,2,2023-06-20T02:35:18+00:00
SAO_5111-10,São Paulo,3550308,True,,32816,,,-23.61896,-46.682627,,,,2,2023-06-20T02:35:29+00:00
SAO_5111-10,São Paulo,3550308,True,,32816,,,-23.652657750000003,-46.70861875,,,,2,2023-06-20T02:35:37+00:00
SAO_5111-10,São Paulo,3550308,True,,32816,,,-23.54805,-46.629795,,,,2,2023-06-20T02:32:20+00:00
SAO_5111-10,São Paulo,3550308,True,,32816,,,-23.55397,-46.638562,,,,2,2023-06-20T02:35:02+00:00
SAO_875H-10,São Paulo,3550308,True,,34108,,,-23.5238765,-46.685119,,,,2,2023-06-20T02:35:20+00:00
SAO_875H-10,São Paulo,3550308,True,,34108,,,-23.582161499999998,-46.637816,,,,2,2023-06-20T02:35:01+00:00
SAO_875H-10,São Paulo,3550308,True,,34108,,,-23.5198375,-46.7006815,,,,2,2023-06-20T02:34:52+00:00
SAO_8022-10,São Paulo,3550308,True,,34853,,,-23.5680135,-46.740213,,,,2,2023-06-20T02:35:15+00:00
SAO_8022-10,São Paulo,3550308,True,,34853,,,-23.5606345,-46.7310555,,,,2,2023-06-20T02:34:53+00:00
SAO_5129-10,São Paulo,3550308,True,,34049,,,-23.6797335,-46.6364265,,,,2,2023-06-20T02:34:59+00:00
SAO_5129-10,São Paulo,3550308,True,,34049,,,-23.668323,-46.735209499999996,,,,2,2023-06-20T02:35:00+00:00
SAO_5129-10,São Paulo,3550308,True,,34049,,,-23.6804135,-46.6374885,,,,2,2023-06-20T02:35:28+00:00
SAO_5129-10,São Paulo,3550308,True,,34049,,,-23.679968000000002,-46.636858000000004,,,,2,2023-06-20T02:34:59+00:00
SAO_5129-10,São Paulo,3550308,True,,34049,,,-23.666456500000002,-46.7063305,,,,2,2023-06-20T02:31:11+00:00
SAO_5129-10,São Paulo,3550308,True,,34049,,,-23.655859749999998,-46.666275999999996,,,,2,2023-06-20T02:35:16+00:00
SAO_5129-10,São Paulo,3550308,True,,34049,,,-23.667369,-46.728165,,,,2,2023-06-20T02:35:29+00:00
SAO_5129-10,São Paulo,3550308,True,,34049,,,-23.677957499999998,-46.641321000000005,,,,2,2023-06-20T02:35:10+00:00
SAO_407H-10,São Paulo,3550308,True,,2197,,,-23.630965500000002,-46.4467205,,,,1,2023-06-20T02:34:58+00:00
SAO_407H-10,São Paulo,3550308,True,,2197,,,-23.547687500000002,-46.461503,,,,1,2023-06-20T02:35:11+00:00
SAO_407H-10,São Paulo,3550308,True,,2197,,,-23.630965500000002,-46.4467205,,,,1,2023-06-20T02:35:02+00:00
SAO_407H-10,São Paulo,3550308,True,,2197,,,-23.570618,-46.449360999999996,,,,1,2023-06-20T02:34:54+00:00
SAO_407H-10,São Paulo,3550308,True,,2197,,,-23.6235405,-46.446826,,,,1,2023-06-20T02:35:07+00:00
SAO_407H-10,São Paulo,3550308,True,,2197,,,-23.5925385,-46.444347,,,,1,2023-06-20T02:35:13+00:00
SAO_407H-10,São Paulo,3550308,True,,2197,,,-23.573589,-46.4532815,,,,1,2023-06-20T02:33:49+00:00
SAO_8018-10,São Paulo,3550308,True,,2070,,,-23.59725975,-46.7388255,,,,1,2023-06-20T02:35:33+00:00
SAO_8500-10,São Paulo,3550308,True,,1267,,,-23.48629,-46.7260085,,,,1,2023-06-20T02:35:19+00:00
SAO_8500-10,São Paulo,3550308,True,,1267,,,-23.484643,-46.722937,,,,1,2023-06-20T02:35:37+00:00
SAO_8500-10,São Paulo,3550308,True,,1267,,,-23.4866745,-46.725972999999996,,,,1,2023-06-20T02:35:08+00:00
SAO_8500-10,São Paulo,3550308,True,,1267,,,-23.48629,-46.7260085,,,,1,2023-06-20T02:35:24+00:00
SAO_8500-10,São Paulo,3550308,True,,1267,,,-23.48629,-46.7260085,,,,1,2023-06-20T02:34:58+00:00
SAO_8500-10,São Paulo,3550308,True,,1267,,,-23.5248785,-46.6687335,,,,1,2023-06-20T02:35:19+00:00
SAO_8500-10,São Paulo,3550308,True,,1267,,,-23.486366500000003,-46.726082,,,,1,2023-06-20T02:35:04+00:00
SAO_978J-10,São Paulo,3550308,True,,33359,,,-23.436899500000003,-46.739963,,,,2,2023-06-20T02:35:11+00:00
SAO_978J-10,São Paulo,3550308,True,,33359,,,-23.48619075,-46.71543375,,,,2,2023-06-20T02:35:34+00:00
SAO_978J-10,São Paulo,3550308,True,,33359,,,-23.532443,-46.65777475,,,,2,2023-06-20T02:34:50+00:00
SAO_978J-10,São Paulo,3550308,True,,33359,,,-23.436899500000003,-46.739963,,,,2,2023-06-20T02:35:01+00:00
SAO_978J-10,São Paulo,3550308,True,,33359,,,-23.437015000000002,-46.740024000000005,,,,2,2023-06-20T02:35:02+00:00
SAO_978J-10,São Paulo,3550308,True,,33359,,,-23.438022250000003,-46.7402496875,,,,2,2023-06-20T02:35:03+00:00
SAO_978J-10,São Paulo,3550308,True,,33359,,,-23.437015000000002,-46.740024000000005,,,,2,2023-06-20T02:35:28+00:00
SAO_4732-31,São Paulo,3550308,True,,2127,,,-23.6476485,-46.600239,,,,1,2023-06-20T02:35:05+00:00
SAO_4732-31,São Paulo,3550308,True,,2127,,,-23.6476485,-46.600239,,,,1,2023-06-20T02:35:06+00:00
SAO_4732-31,São Paulo,3550308,True,,2127,,,-23.61897725,-46.637902249999996,,,,1,2023-06-20T02:35:06+00:00
SAO_4732-31,São Paulo,3550308,True,,2127,,,-23.62961025,-46.604468749999995,,,,1,2023-06-20T02:35:34+00:00
SAO_4732-31,São Paulo,3550308,True,,2127,,,-23.6476485,-46.600239,,,,1,2023-06-20T02:35:07+00:00
SAO_9191-10,São Paulo,3550308,True,,33578,,,-23.455891,-46.678366,,,,2,2023-06-20T02:35:15+00:00
SAO_9191-10,São Paulo,3550308,True,,33578,,,-23.4559915,-46.6784675,,,,2,2023-06-20T02:35:31+00:00
SAO_9191-10,São Paulo,3550308,True,,33578,,,-23.495512499999997,-46.677761000000004,,,,2,2023-06-20T02:35:21+00:00
SAO_9191-10,São Paulo,3550308,True,,33578,,,-23.456059500000002,-46.678576,,,,2,2023-06-20T02:35:32+00:00
SAO_9191-10,São Paulo,3550308,True,,33578,,,-23.4816705,-46.6731425,,,,2,2023-06-20T02:35:31+00:00
SAO_9191-10,São Paulo,3550308,True,,33578,,,-23.4955965,-46.6786265,,,,2,2023-06-20T02:34:53+00:00
SAO_9191-10,São Paulo,3550308,True,,33578,,,-23.4955445,-46.6790495,,,,2,2023-06-20T02:34:50+00:00
SAO_9191-10,São Paulo,3550308,True,,33578,,,-23.532127,-46.6384245,,,,2,2023-06-20T02:35:25+00:00
SAO_9191-10,São Paulo,3550308,True,,33578,,,-23.473617500000003,-46.6672885,,,,2,2023-06-20T02:35:14+00:00
SAO_9191-10,São Paulo,3550308,True,,33578,,,-23.456177500000003,-46.678882,,,,2,2023-06-20T02:35:11+00:00
SAO_9191-10,São Paulo,3550308,True,,33578,,,-23.456363,-46.681903,,,,2,2023-06-20T02:35:03+00:00
SAO_9191-10,São Paulo,3550308,True,,33578,,,-23.469845999999997,-46.666391,,,,2,2023-06-20T02:34:57+00:00
SAO_9191-10,São Paulo,3550308,True,,33578,,,-23.5259165,-46.63162,,,,2,2023-06-20T02:35:13+00:00
SAO_9191-10,São Paulo,3550308,True,,33578,,,-23.456177500000003,-46.678882,,,,2,2023-06-20T02:35:35+00:00
SAO_9191-10,São Paulo,3550308,True,,33578,,,-23.52573925,-46.65291574999999,,,,2,2023-06-20T02:35:29+00:00
SAO_9191-10,São Paulo,3550308,True,,33578,,,-23.456177500000003,-46.678882,,,,2,2023-06-20T02:35:18+00:00
SAO_2004-10,São Paulo,3550308,True,,33660,,,-23.5199755,-46.384038000000004,,,,2,2023-06-20T02:35:30+00:00
SAO_2004-10,São Paulo,3550308,True,,33660,,,-23.5273565,-46.391851,,,,2,2023-06-20T02:34:49+00:00
SAO_2004-10,São Paulo,3550308,True,,33660,,,-23.51971675,-46.38517075,,,,2,2023-06-20T02:33:00+00:00
SAO_2004-10,São Paulo,3550308,True,,33660,,,-23.519621,-46.383444499999996,,,,2,2023-06-20T02:35:26+00:00
SAO_2004-10,São Paulo,3550308,True,,33660,,,-23.51998075,-46.384243,,,,2,2023-06-20T02:33:25+00:00
SAO_3064-10,São Paulo,3550308,True,Urubupungá,980,https://moovitapp.com/index/pt-br/transporte_p%C3%BAblico-line-980-Sao_Paulo-242-873835-76224585-0,4.6,-23.559344000000003,-46.411618000000004,,,,1,2023-06-20T02:35:17+00:00
SAO_3064-10,São Paulo,3550308,True,Urubupungá,980,https://moovitapp.com/index/pt-br/transporte_p%C3%BAblico-line-980-Sao_Paulo-242-873835-76224585-0,4.6,-23.601703999999998,-46.3988755,,,,1,2023-06-20T02:31:22+00:00
SAO_3064-10,São Paulo,3550308,True,Urubupungá,980,https://moovitapp.com/index/pt-br/transporte_p%C3%BAblico-line-980-Sao_Paulo-242-873835-76224585-0,4.6,-23.5427145,-46.4149935,,,,1,2023-06-20T02:34:36+00:00
SAO_3064-10,São Paulo,3550308,True,Urubupungá,980,https://moovitapp.com/index/pt-br/transporte_p%C3%BAblico-line-980-Sao_Paulo-242-873835-76224585-0,4.6,-23.58055825,-46.413486750000004,,,,1,2023-06-20T02:35:09+00:00
SAO_5127-10,São Paulo,3550308,True,,33895,,,-23.702263000000002,-46.639984,,,,2,2023-06-20T02:35:04+00:00
SAO_5127-10,São Paulo,3550308,True,,33895,,,-23.70192475,-46.640395,,,,2,2023-06-20T02:35:21+00:00
SAO_5127-10,São Paulo,3550308,True,,33895,,,-23.677825,-46.701614500000005,,,,2,2023-06-20T02:34:36+00:00
SAO_5127-10,São Paulo,3550308,True,,33895,,,-23.70192475,-46.640395,,,,2,2023-06-20T02:35:35+00:00
SAO_5127-10,São Paulo,3550308,True,,33895,,,-23.677825,-46.701614500000005,,,,2,2023-06-20T02:35:16+00:00
SAO_5127-10,São Paulo,3550308,True,,33895,,,-23.675388750000003,-46.68685225,,,,2,2023-06-20T02:35:32+00:00
SAO_5127-10,São Paulo,3550308,True,,33895,,,-23.681126,-46.682017,,,,2,2023-06-20T02:35:29+00:00
SAO_5127-10,São Paulo,3550308,True,,33895,,,-23.687259249999997,-46.66925925,,,,2,2023-06-20T02:35:03+00:00
SAO_5127-10,São Paulo,3550308,True,,33895,,,-23.696796499999998,-46.636170500000006,,,,2,2023-06-20T02:34:44+00:00
SAO_121G-10,São Paulo,3550308,True,,33459,,,-23.4810685,-46.603014,,,,2,2023-06-20T02:35:30+00:00
SAO_121G-10,São Paulo,3550308,True,,33459,,,-23.5216375,-46.56288625,,,,2,2023-06-20T02:35:22+00:00
SAO_121G-10,São Paulo,3550308,True,,33459,,,-23.4810685,-46.603014,,,,2,2023-06-20T02:35:15+00:00
SAO_121G-10,São Paulo,3550308,True,,33459,,,-23.494136375,-46.582138,,,,2,2023-06-20T02:34:15+00:00
SAO_121G-10,São Paulo,3550308,True,,33459,,,-23.480885999999998,-46.60091,,,,2,2023-06-20T02:35:28+00:00
SAO_8594-10,São Paulo,3550308,True,EMTU,432,https://moovitapp.com/index/pt-br/transporte_p%C3%BAblico-line-432-Sao_Paulo-242-2038937-36419486-0,4.8,-23.494628,-46.709017,,,,1,2023-06-20T02:35:01+00:00
SAO_8594-10,São Paulo,3550308,True,EMTU,432,https://moovitapp.com/index/pt-br/transporte_p%C3%BAblico-line-432-Sao_Paulo-242-2038937-36419486-0,4.8,-23.4512005,-46.7459975,,,,1,2023-06-20T02:34:52+00:00
SAO_8594-10,São Paulo,3550308,True,EMTU,432,https://moovitapp.com/index/pt-br/transporte_p%C3%BAblico-line-432-Sao_Paulo-242-2038937-36419486-0,4.8,-23.547829,-46.6419075,,,,1,2023-06-20T02:35:16+00:00
SAO_8594-10,São Paulo,3550308,True,EMTU,432,https://moovitapp.com/index/pt-br/transporte_p%C3%BAblico-line-432-Sao_Paulo-242-2038937-36419486-0,4.8,-23.449564000000002,-46.72140675,,,,1,2023-06-20T02:35:20+00:00
SAO_8594-10,São Paulo,3550308,True,EMTU,432,https://moovitapp.com/index/pt-br/transporte_p%C3%BAblico-line-432-Sao_Paulo-242-2038937-36419486-0,4.8,-23.524970625,-46.692110125,,,,1,2023-06-20T02:35:13+00:00
SAO_8594-10,São Paulo,3550308,True,EMTU,432,https://moovitapp.com/index/pt-br/transporte_p%C3%BAblico-line-432-Sao_Paulo-242-2038937-36419486-0,4.8,-23.45139,-46.7459295,,,,1,2023-06-20T02:35:29+00:00
SAO_8594-10,São Paulo,3550308,True,EMTU,432,https://moovitapp.com/index/pt-br/transporte_p%C3%BAblico-line-432-Sao_Paulo-242-2038937-36419486-0,4.8,-23.5407225,-46.64493,,,,1,2023-06-20T02:35:20+00:00
SAO_3728-41,São Paulo,3550308,True,,34756,,,-23.545057999999997,-46.4862055,,,,2,2023-06-20T02:34:57+00:00
SAO_3728-41,São Paulo,3550308,True,,34756,,,-23.557942750000002,-46.47827624999999,,,,2,2023-06-20T02:35:35+00:00
SAO_3053-10,São Paulo,3550308,True,,973,,,-23.5849375,-46.523821,,,,1,2023-06-20T02:35:20+00:00
SAO_3053-10,São Paulo,3550308,True,,973,,,-23.569918375,-46.55187325,,,,1,2023-06-20T02:35:29+00:00
SAO_3053-10,São Paulo,3550308,True,,973,,,-23.542912,-46.588283000000004,,,,1,2023-06-20T02:34:53+00:00
SAO_351F-10,São Paulo,3550308,True,,687,,,-23.547956999999997,-46.561695,,,,1,2023-06-20T02:34:57+00:00
SAO_351F-10,São Paulo,3550308,True,,687,,,-23.4892825,-46.5740455,,,,1,2023-06-20T02:35:11+00:00
SAO_609J-10,São Paulo,3550308,True,,35010,,,-23.627272625,-46.642567375,,,,2,2023-06-20T02:35:36+00:00
SAO_609J-10,São Paulo,3550308,True,,35010,,,-23.625995500000002,-46.661686,,,,2,2023-06-20T02:35:36+00:00
SAO_475M-10,São Paulo,3550308,True,EMTU,343,https://moovitapp.com/index/pt-br/transporte_p%C3%BAblico-line-343-Sao_Paulo-242-2038937-36419427-0,5.15,-23.550786000000002,-46.645902500000005,,,,1,2023-06-20T02:35:25+00:00
SAO_648P-10,São Paulo,3550308,True,,32834,,,-23.6548665,-46.7623555,,,,2,2023-06-20T02:34:54+00:00
SAO_648P-10,São Paulo,3550308,True,,32834,,,-23.59454625,-46.69019025,,,,2,2023-06-20T02:35:24+00:00
SAO_648P-10,São Paulo,3550308,True,,32834,,,-23.6438595,-46.731730999999996,,,,2,2023-06-20T02:35:01+00:00
SAO_2079-10,São Paulo,3550308,True,,370,,,-23.516762,-46.384977500000005,,,,1,2023-06-20T02:35:07+00:00
SAO_2079-10,São Paulo,3550308,True,,370,,,-23.516762,-46.384977500000005,,,,1,2023-06-20T02:35:25+00:00
SAO_2079-10,São Paulo,3550308,True,,370,,,-23.516762,-46.384977500000005,,,,1,2023-06-20T02:35:10+00:00
SAO_6824-10,São Paulo,3550308,True,BR7 Mobilidade,23,https://moovitapp.com/index/pt-br/transporte_p%C3%BAblico-line-23-Sao_Paulo-242-851856-518590-0,5.75,-23.6539115,-46.762288,,,,1,2023-06-20T02:35:27+00:00
SAO_6824-10,São Paulo,3550308,True,BR7 Mobilidade,23,https://moovitapp.com/index/pt-br/transporte_p%C3%BAblico-line-23-Sao_Paulo-242-851856-518590-0,5.75,-23.671458,-46.793870999999996,,,,1,2023-06-20T02:35:34+00:00
SAO_3773-10,São Paulo,3550308,True,,33827,,,-23.615998,-46.4650945,,,,2,2023-06-20T02:35:06+00:00
SAO_3773-10,São Paulo,3550308,True,,33827,,,-23.615998,-46.4650945,,,,2,2023-06-20T02:35:00+00:00
SAO_3773-10,São Paulo,3550308,True,,33827,,,-23.566259000000002,-46.507381,,,,2,2023-06-20T02:35:01+00:00
SAO_3773-10,São Paulo,3550308,True,,33827,,,-23.615998,-46.4650945,,,,2,2023-06-20T02:34:58+00:00
SAO_3773-10,São Paulo,3550308,True,,33827,,,-23.598783375,-46.464928,,,,2,2023-06-20T02:35:00+00:00
SAO_3773-10,São Paulo,3550308,True,,33827,,,-23.602433875,-46.482662375,,,,2,2023-06-20T02:32:39+00:00
SAO_3773-10,São Paulo,3550308,True,,33827,,,-23.5831245,-46.492179500000006,,,,2,2023-06-20T02:35:27+00:00
SAO_3773-10,São Paulo,3550308,True,,33827,,,-23.542109,-46.534859749999995,,,,2,2023-06-20T02:35:01+00:00
SAO_3773-10,São Paulo,3550308,True,,33827,,,-23.6157045,-46.465323999999995,,,,2,2023-06-20T02:35:14+00:00
SAO_5111-10,São Paulo,3550308,True,,48,,,-23.6542935,-46.7114185,,,,1,2023-06-20T02:35:23+00:00
SAO_5111-10,São Paulo,3550308,True,,48,,,-23.547648,-46.630084999999994,,,,1,2023-06-20T02:35:04+00:00
SAO_5111-10,São Paulo,3550308,True,,48,,,-23.569668,-46.6509615,,,,1,2023-06-20T02:35:35+00:00
SAO_5111-10,São Paulo,3550308,True,,48,,,-23.648898000000003,-46.703265,,,,1,2023-06-20T02:35:05+00:00
SAO_5111-10,São Paulo,3550308,True,,48,,,-23.6542935,-46.7114185,,,,1,2023-06-20T02:35:04+00:00
SAO_5111-10,São Paulo,3550308,True,,48,,,-23.627192,-46.687895749999996,,,,1,2023-06-20T02:35:04+00:00
SAO_5111-10,São Paulo,3550308,True,,48,,,-23.6542935,-46.7114185,,,,1,2023-06-20T02:35:32+00:00
SAO_9008-10,São Paulo,3550308,True,,33643,,,-23.4680295,-46.6775685,,,,2,2023-06-20T02:35:21+00:00
SAO_9008-10,São Paulo,3550308,True,,33643,,,-23.43501025,-46.71623825,,,,2,2023-06-20T02:35:05+00:00
SAO_9008-10,São Paulo,3550308,True,,33643,,,-23.45903275,-46.689771875,,,,2,2023-06-20T02:35:13+00:00
SAO_6059-10,São Paulo,3550308,True,,33994,,,-23.6802505,-46.7430045,,,,2,2023-06-20T02:35:11+00:00
SAO_6059-10,São Paulo,3550308,True,,33994,,,-23.6802975,-46.743245,,,,2,2023-06-20T02:34:58+00:00
SAO_6059-10,São Paulo,3550308,True,,33994,,,-23.64169675,-46.72349075,,,,2,2023-06-20T02:35:36+00:00
SAO_6059-10,São Paulo,3550308,True,,33994,,,-23.6802505,-46.7430045,,,,2,2023-06-20T02:35:26+00:00
SAO_6059-10,São Paulo,3550308,True,,33994,,,-23.679496999999998,-46.741445,,,,2,2023-06-20T02:35:07+00:00
SAO_6059-10,São Paulo,3550308,True,,33994,,,-23.6802975,-46.743245,,,,2,2023-06-20T02:35:16+00:00
SAO_847P-42,São Paulo,3550308,True,,1424,,,-23.4863115,-46.692451500000004,,,,1,2023-06-20T02:35:10+00:00
SAO_847P-42,São Paulo,3550308,True,,1424,,,-23.561513625000003,-46.68813725,,,,1,2023-06-20T02:35:24+00:00
SAO_847P-42,São Paulo,3550308,True,,1424,,,-23.5963205,-46.691,,,,1,2023-06-20T02:35:20+00:00
SAO_9009-10,São Paulo,3550308,True,,877,,,-23.441851125,-46.707328624999995,,,,1,2023-06-20T02:35:07+00:00
SAO_9009-10,São Paulo,3550308,True,,877,,,-23.447619500000002,-46.7088905,,,,1,2023-06-20T02:34:56+00:00
SAO_9009-10,São Paulo,3550308,True,,877,,,-23.459349,-46.686189999999996,,,,1,2023-06-20T02:34:56+00:00
SAO_9009-10,São Paulo,3550308,True,,877,,,-23.447619500000002,-46.7088905,,,,1,2023-06-20T02:35:31+00:00
SAO_9009-10,São Paulo,3550308,True,,877,,,-23.447775,-46.708842000000004,,,,1,2023-06-20T02:35:14+00:00
SAO_9009-10,São Paulo,3550308,True,,877,,,-23.447619500000002,-46.7088905,,,,1,2023-06-20T02:35:26+00:00
SAO_9009-10,São Paulo,3550308,True,,877,,,-23.447655,-46.7088785,,,,1,2023-06-20T02:35:08+00:00
SAO_9009-10,São Paulo,3550308,True,,877,,,-23.4477075,-46.708862499999995,,,,1,2023-06-20T02:35:11+00:00
SAO_9009-10,São Paulo,3550308,True,,877,,,-23.445864625,-46.717133375,,,,1,2023-06-20T02:35:06+00:00
SAO_9009-10,São Paulo,3550308,True,,877,,,-23.4477075,-46.708862499999995,,,,1,2023-06-20T02:34:33+00:00
SAO_9009-10,São Paulo,3550308,True,,877,,,-23.4477075,-46.708862499999995,,,,1,2023-06-20T02:35:17+00:00
SAO_736G-10,São Paulo,3550308,True,,780,,,-23.632856500000003,-46.747603999999995,,,,1,2023-06-20T02:35:05+00:00
SAO_736G-10,São Paulo,3550308,True,,780,,,-23.632856500000003,-46.747603999999995,,,,1,2023-06-20T02:35:23+00:00
SAO_736G-10,São Paulo,3550308,True,,780,,,-23.618506,-46.699464,,,,1,2023-06-20T02:35:18+00:00
SAO_736G-10,São Paulo,3550308,True,,780,,,-23.632856500000003,-46.747603999999995,,,,1,2023-06-20T02:35:16+00:00
SAO_736G-10,São Paulo,3550308,True,,780,,,-23.640583,-46.746434,,,,1,2023-06-20T02:35:22+00:00
SAO_736G-10,São Paulo,3550308,True,,780,,,-23.618498,-46.6995595,,,,1,2023-06-20T02:35:29+00:00
SAO_172P-10,São Paulo,3550308,True,,858,,,-23.451010500000002,-46.588708999999994,,,,1,2023-06-20T02:35:03+00:00
SAO_172P-10,São Paulo,3550308,True,,858,,,-23.517665,-46.589251875,,,,1,2023-06-20T02:35:21+00:00
SAO_172P-10,São Paulo,3550308,True,,858,,,-23.487863,-46.5936545,,,,1,2023-06-20T02:35:08+00:00
SAO_172P-10,São Paulo,3550308,True,,858,,,-23.441876999999998,-46.5883755,,,,1,2023-06-20T02:35:08+00:00
SAO_172P-10,São Paulo,3550308,True,,858,,,-23.54239,-46.5903175,,,,1,2023-06-20T02:35:09+00:00
SAO_172P-10,São Paulo,3550308,True,,858,,,-23.441891,-46.589701250000005,,,,1,2023-06-20T02:35:23+00:00
SAO_172P-10,São Paulo,3550308,True,,858,,,-23.436752,-46.5663995,,,,1,2023-06-20T02:35:14+00:00
SAO_172P-10,São Paulo,3550308,True,,858,,,-23.4388105,-46.575111500000006,,,,1,2023-06-20T02:30:44+00:00
SAO_172P-10,São Paulo,3550308,True,,858,,,-23.53929025,-46.59661275,,,,1,2023-06-20T02:35:16+00:00
SAO_8050-10,São Paulo,3550308,True,,412,,,-23.43901925,-46.7932815,,,,1,2023-06-20T02:35:13+00:00
SAO_8050-10,São Paulo,3550308,True,,412,,,-23.5194975,-46.702704499999996,,,,1,2023-06-20T02:35:34+00:00
SAO_8050-10,São Paulo,3550308,True,,412,,,-23.494624,-46.76205025,,,,1,2023-06-20T02:35:11+00:00
SAO_1788-10,São Paulo,3550308,True,,33421,,,-23.4517155,-46.5888995,,,,2,2023-06-20T02:35:35+00:00
SAO_1788-10,São Paulo,3550308,True,,33421,,,-23.430906,-46.574909,,,,2,2023-06-20T02:35:28+00:00
SAO_1788-10,São Paulo,3550308,True,,33421,,,-23.430656,-46.575369499999994,,,,2,2023-06-20T02:35:11+00:00
SAO_1788-10,São Paulo,3550308,True,,33421,,,-23.500990625,-46.622241,,,,2,2023-06-20T02:34:55+00:00
SAO_1788-10,São Paulo,3550308,True,,33421,,,-23.4632135,-46.603371249999995,,,,2,2023-06-20T02:34:56+00:00
SAO_9301-10,São Paulo,3550308,True,,33226,,,-23.511477,-46.653223499999996,,,,2,2023-06-20T02:35:02+00:00
SAO_9301-10,São Paulo,3550308,True,,33226,,,-23.495852,-46.6619745,,,,2,2023-06-20T02:34:51+00:00
SAO_9301-10,São Paulo,3550308,True,,33226,,,-23.4959565,-46.6621375,,,,2,2023-06-20T02:35:11+00:00
SAO_2711-10,São Paulo,3550308,True,,925,,,-23.525178,-46.498882,,,,1,2023-06-20T02:35:29+00:00
SAO_2711-10,São Paulo,3550308,True,,925,,,-23.51027075,-46.4935225,,,,1,2023-06-20T02:35:37+00:00
SAO_3033-10,São Paulo,3550308,True,,968,,,-23.5654685,-46.415849,,,,1,2023-06-20T02:33:20+00:00
SAO_3033-10,São Paulo,3550308,True,,968,,,-23.6119185,-46.476276999999996,,,,1,2023-06-20T02:35:30+00:00
SAO_3033-10,São Paulo,3550308,True,,968,,,-23.594865249999998,-46.449866,,,,1,2023-06-20T02:35:09+00:00
SAO_3033-10,São Paulo,3550308,True,,968,,,-23.5930425,-46.418267125,,,,1,2023-06-20T02:34:57+00:00
SAO_3033-10,São Paulo,3550308,True,,968,,,-23.5970055,-46.45687275,,,,1,2023-06-20T02:34:48+00:00
SAO_7011-10,São Paulo,3550308,True,,34720,,,-23.707812,-46.7918005,,,,2,2023-06-20T02:35:18+00:00
SAO_7011-10,São Paulo,3550308,True,,34720,,,-23.707812,-46.7918005,,,,2,2023-06-20T02:35:31+00:00
SAO_7011-10,São Paulo,3550308,True,,34720,,,-23.7083255,-46.7920035,,,,2,2023-06-20T02:35:15+00:00
SAO_4113-10,São Paulo,3550308,True,,33536,,,-23.5654545,-46.6315325,,,,2,2023-06-20T02:35:30+00:00
SAO_4113-10,São Paulo,3550308,True,,33536,,,-23.600258125000003,-46.609531875,,,,2,2023-06-20T02:34:57+00:00
SAO_4113-10,São Paulo,3550308,True,,33536,,,-23.60150475,-46.613760375,,,,2,2023-06-20T02:34:14+00:00
SAO_4113-10,São Paulo,3550308,True,,33536,,,-23.5713605,-46.6250935,,,,2,2023-06-20T02:35:00+00:00
SAO_4113-10,São Paulo,3550308,True,,33536,,,-23.59973875,-46.60957675,,,,2,2023-06-20T02:34:57+00:00
SAO_4113-10,São Paulo,3550308,True,,33536,,,-23.60148425,-46.613501125,,,,2,2023-06-20T02:35:23+00:00
SAO_4113-10,São Paulo,3550308,True,,33536,,,-23.5714265,-46.624748249999996,,,,2,2023-06-20T02:35:25+00:00
SAO_4113-10,São Paulo,3550308,True,,33536,,,-23.551361749999998,-46.640548499999994,,,,2,2023-06-20T02:35:32+00:00
SAO_4113-10,São Paulo,3550308,True,,33536,,,-23.581062,-46.6154145,,,,2,2023-06-20T02:28:09+00:00
SAO_4113-10,São Paulo,3550308,True,,33536,,,-23.552137000000002,-46.634062,,,,2,2023-06-20T02:35:26+00:00
SAO_4114-10,São Paulo,3550308,True,,33089,,,-23.564898624999998,-46.627697375,,,,2,2023-06-20T02:35:12+00:00
SAO_4114-10,São Paulo,3550308,True,,33089,,,-23.611413,-46.62290675,,,,2,2023-06-20T02:34:57+00:00
SAO_4114-10,São Paulo,3550308,True,,33089,,,-23.5474855,-46.629544,,,,2,2023-06-20T02:35:33+00:00
SAO_6072-23,São Paulo,3550308,True,,2004,,,-23.767591,-46.7163045,,,,1,2023-06-20T02:35:11+00:00
SAO_6072-23,São Paulo,3550308,True,,2004,,,-23.767591,-46.7163045,,,,1,2023-06-20T02:34:53+00:00
SAO_6072-23,São Paulo,3550308,True,,2004,,,-23.767591,-46.7163045,,,,1,2023-06-20T02:35:15+00:00
SAO_6072-23,São Paulo,3550308,True,,2004,,,-23.767591,-46.7163045,,,,1,2023-06-20T02:33:18+00:00
SAO_6072-23,São Paulo,3550308,True,,2004,,,-23.769605,-46.7179785,,,,1,2023-06-20T02:34:59+00:00
SAO_6072-23,São Paulo,3550308,True,,2004,,,-23.767591,-46.7163045,,,,1,2023-06-20T02:35:25+00:00
SAO_6072-23,São Paulo,3550308,True,,2004,,,-23.767591,-46.7163045,,,,1,2023-06-20T02:34:57+00:00
SAO_6072-23,São Paulo,3550308,True,,2004,,,-23.767591,-46.7163045,,,,1,2023-06-20T02:34:52+00:00
SAO_5128-10,São Paulo,3550308,True,,33896,,,-23.6354945,-46.641478500000005,,,,2,2023-06-20T02:33:05+00:00
SAO_5128-10,São Paulo,3550308,True,,33896,,,-23.670111499999997,-46.64802925,,,,2,2023-06-20T02:35:16+00:00
SAO_5128-10,São Paulo,3550308,True,,33896,,,-23.698710499999997,-46.647746,,,,2,2023-06-20T02:35:30+00:00
SAO_5128-10,São Paulo,3550308,True,,33896,,,-23.651294,-46.639356500000005,,,,2,2023-06-20T02:35:29+00:00
SAO_5128-10,São Paulo,3550308,True,,33896,,,-23.711726249999998,-46.65239675,,,,2,2023-06-20T02:34:53+00:00
SAO_5128-10,São Paulo,3550308,True,,33896,,,-23.670111499999997,-46.64802925,,,,2,2023-06-20T02:35:20+00:00
SAO_5128-10,São Paulo,3550308,True,,33896,,,-23.668514875,-46.651041500000005,,,,2,2023-06-20T02:34:51+00:00
SAO_5128-10,São Paulo,3550308,True,,33896,,,-23.664089,-46.650504,,,,2,2023-06-20T02:35:18+00:00
SAO_5128-10,São Paulo,3550308,True,,33896,,,-23.7029555,-46.644625500000004,,,,2,2023-06-20T02:29:13+00:00
SAO_5128-10,São Paulo,3550308,True,,33896,,,-23.708807999999998,-46.656356,,,,2,2023-06-20T02:30:00+00:00
SAO_2033-10,São Paulo,3550308,True,,35267,,,-23.486996,-46.568324000000004,,,,2,2023-06-20T02:35:03+00:00
SAO_2033-10,São Paulo,3550308,True,,35267,,,-23.4875455,-46.567836,,,,2,2023-06-20T02:35:13+00:00
SAO_2033-10,São Paulo,3550308,True,,35267,,,-23.52170725,-46.592252625,,,,2,2023-06-20T02:35:13+00:00
SAO_2033-10,São Paulo,3550308,True,,35267,,,-23.4874525,-46.568031000000005,,,,2,2023-06-20T02:34:58+00:00
SAO_8010-10,São Paulo,3550308,True,,798,,,-23.419342999999998,-46.7491585,,,,1,2023-06-20T02:33:38+00:00
SAO_8010-10,São Paulo,3550308,True,,798,,,-23.482081,-46.723997499999996,,,,1,2023-06-20T02:35:29+00:00
SAO_8010-10,São Paulo,3550308,True,,798,,,-23.412863,-46.747841,,,,1,2023-06-20T02:34:54+00:00
SAO_8010-10,São Paulo,3550308,True,,798,,,-23.431116250000002,-46.72059525,,,,1,2023-06-20T02:34:50+00:00
SAO_8010-10,São Paulo,3550308,True,,798,,,-23.4903845,-46.715956000000006,,,,1,2023-06-20T02:35:07+00:00
SAO_8010-10,São Paulo,3550308,True,,798,,,-23.510699,-46.705584,,,,1,2023-06-20T02:35:23+00:00
SAO_875H-10,São Paulo,3550308,True,,1340,,,-23.54849375,-46.677107500000005,,,,1,2023-06-20T02:34:53+00:00
SAO_875H-10,São Paulo,3550308,True,,1340,,,-23.5886845,-46.635341499999996,,,,1,2023-06-20T02:35:10+00:00
SAO_875H-10,São Paulo,3550308,True,,1340,,,-23.520361,-46.699228,,,,1,2023-06-20T02:35:28+00:00
SAO_875H-10,São Paulo,3550308,True,,1340,,,-23.589263,-46.634504,,,,1,2023-06-20T02:35:17+00:00
SAO_875H-10,São Paulo,3550308,True,,1340,,,-23.589263,-46.634504,,,,1,2023-06-20T02:35:09+00:00
SAO_875H-10,São Paulo,3550308,True,,1340,,,-23.5201835,-46.699305499999994,,,,1,2023-06-20T02:35:02+00:00
SAO_875H-10,São Paulo,3550308,True,,1340,,,-23.520066999999997,-46.6995985,,,,1,2023-06-20T02:35:18+00:00
SAO_875H-10,São Paulo,3550308,True,,1340,,,-23.519885000000002,-46.700064999999995,,,,1,2023-06-20T02:35:02+00:00
SAO_875H-10,São Paulo,3550308,True,,1340,,,-23.520361,-46.699228,,,,1,2023-06-20T02:35:16+00:00
SAO_3745-10,São Paulo,3550308,True,,1044,,,-23.54132,-46.57769475,,,,1,2023-06-20T02:35:31+00:00
SAO_3745-10,São Paulo,3550308,True,,1044,,,-23.57049025,-46.52893075,,,,1,2023-06-20T02:35:35+00:00
SAO_3745-10,São Paulo,3550308,True,,1044,,,-23.54336975,-46.5743475,,,,1,2023-06-20T02:35:24+00:00
SAO_3745-10,São Paulo,3550308,True,,1044,,,-23.5477425,-46.539415500000004,,,,1,2023-06-20T02:35:07+00:00
SAO_3745-10,São Paulo,3550308,True,,1044,,,-23.5848875,-46.523315499999995,,,,1,2023-06-20T02:35:24+00:00
SAO_271C-10,São Paulo,3550308,True,STT,682,https://moovitapp.com/index/pt-br/transporte_p%C3%BAblico-line-682-Sao_Paulo-242-850661-183336-0,5.3,-23.499096,-46.573119000000005,,,,1,2023-06-20T02:33:45+00:00
SAO_271C-10,São Paulo,3550308,True,STT,682,https://moovitapp.com/index/pt-br/transporte_p%C3%BAblico-line-682-Sao_Paulo-242-850661-183336-0,5.3,-23.53176775,-46.6448985,,,,1,2023-06-20T02:35:17+00:00
SAO_5012-10,São Paulo,3550308,True,,33884,,,-23.709564999999998,-46.63530575,,,,2,2023-06-20T02:35:28+00:00
SAO_5012-10,São Paulo,3550308,True,,33884,,,-23.709824625,-46.631128125000004,,,,2,2023-06-20T02:33:05+00:00
SAO_5012-10,São Paulo,3550308,True,,33884,,,-23.675997,-46.642168,,,,2,2023-06-20T02:35:32+00:00
SAO_5012-10,São Paulo,3550308,True,,33884,,,-23.697294,-46.6344195,,,,2,2023-06-20T02:35:05+00:00
SAO_5012-10,São Paulo,3550308,True,,33884,,,-23.710001,-46.6357225,,,,2,2023-06-20T02:35:15+00:00
SAO_5012-10,São Paulo,3550308,True,,33884,,,-23.710001,-46.6357225,,,,2,2023-06-20T02:35:06+00:00
SAO_5012-10,São Paulo,3550308,True,,33884,,,-23.71095125,-46.631555,,,,2,2023-06-20T02:32:51+00:00
SAO_5012-10,São Paulo,3550308,True,,33884,,,-23.710048999999998,-46.6358415,,,,2,2023-06-20T02:35:32+00:00
SAO_5012-10,São Paulo,3550308,True,,33884,,,-23.6683985,-46.636103,,,,2,2023-06-20T02:35:10+00:00
SAO_5012-10,São Paulo,3550308,True,,33884,,,-23.6817,-46.6375505,,,,2,2023-06-20T02:35:01+00:00
SAO_5012-10,São Paulo,3550308,True,,33884,,,-23.675799499999997,-46.642252,,,,2,2023-06-20T02:35:25+00:00
SAO_8032-10,São Paulo,3550308,True,,35313,,,-23.571310875,-46.708549625,,,,2,2023-06-20T02:35:04+00:00
SAO_8032-10,São Paulo,3550308,True,,35313,,,-23.5521175,-46.7315415,,,,2,2023-06-20T02:35:24+00:00
SAO_119C-10,São Paulo,3550308,True,,33429,,,-23.492534499999998,-46.574139,,,,2,2023-06-20T02:35:21+00:00
SAO_119C-10,São Paulo,3550308,True,,33429,,,-23.5304,-46.6182345,,,,2,2023-06-20T02:35:11+00:00
SAO_119C-10,São Paulo,3550308,True,,33429,,,-23.4786885,-46.5694165,,,,2,2023-06-20T02:35:08+00:00
SAO_119C-10,São Paulo,3550308,True,,33429,,,-23.533423,-46.64336175,,,,2,2023-06-20T02:35:32+00:00
SAO_119C-10,São Paulo,3550308,True,,33429,,,-23.4789175,-46.569061,,,,2,2023-06-20T02:35:03+00:00
SAO_119C-10,São Paulo,3550308,True,,33429,,,-23.4788315,-46.5691755,,,,2,2023-06-20T02:35:18+00:00
SAO_513L-10,São Paulo,3550308,True,,34423,,,-23.537438,-46.588941500000004,,,,2,2023-06-20T02:35:01+00:00
SAO_513L-10,São Paulo,3550308,True,,34423,,,-23.581279625,-46.591347,,,,2,2023-06-20T02:35:30+00:00
SAO_507T-10,São Paulo,3550308,True,,2208,,,-23.5580635,-46.522337500000006,,,,1,2023-06-20T02:35:19+00:00
SAO_507T-10,São Paulo,3550308,True,,2208,,,-23.5385445,-46.563635500000004,,,,1,2023-06-20T02:35:30+00:00
SAO_507T-10,São Paulo,3550308,True,,2208,,,-23.54956025,-46.53534875,,,,1,2023-06-20T02:34:56+00:00
SAO_507T-10,São Paulo,3550308,True,,2208,,,-23.54231175,-46.560345625000004,,,,1,2023-06-20T02:34:53+00:00
SAO_507T-10,São Paulo,3550308,True,,2208,,,-23.613968999999997,-46.501605999999995,,,,1,2023-06-20T02:35:33+00:00
SAO_507T-10,São Paulo,3550308,True,,2208,,,-23.5837225,-46.51934125,,,,1,2023-06-20T02:35:14+00:00
SAO_507T-10,São Paulo,3550308,True,,2208,,,-23.58844675,-46.50045575,,,,1,2023-06-20T02:35:25+00:00
SAO_507T-10,São Paulo,3550308,True,,2208,,,-23.609934625,-46.5011945,,,,1,2023-06-20T02:34:57+00:00
SAO_746K-10,São Paulo,3550308,True,,33555,,,-23.6187375,-46.722241,,,,2,2023-06-20T02:35:26+00:00
SAO_746K-10,São Paulo,3550308,True,,33555,,,-23.6187375,-46.722241,,,,2,2023-06-20T02:35:21+00:00
SAO_746K-10,São Paulo,3550308,True,,33555,,,-23.6188595,-46.7225445,,,,2,2023-06-20T02:35:04+00:00
SAO_746K-10,São Paulo,3550308,True,,33555,,,-23.6188595,-46.7225445,,,,2,2023-06-20T02:35:37+00:00
SAO_746K-10,São Paulo,3550308,True,,33555,,,-23.6187375,-46.722241,,,,2,2023-06-20T02:35:14+00:00
SAO_746K-10,São Paulo,3550308,True,,33555,,,-23.618627,-46.721965999999995,,,,2,2023-06-20T02:35:31+00:00
SAO_746K-10,São Paulo,3550308,True,,33555,,,-23.616671375000003,-46.675156625,,,,2,2023-06-20T02:35:23+00:00
SAO_6837-10,São Paulo,3550308,True,,6,,,-23.637418,-46.761054,,,,1,2023-06-20T02:35:03+00:00
SAO_6837-10,São Paulo,3550308,True,,6,,,-23.6161065,-46.739967,,,,1,2023-06-20T02:35:29+00:00
SAO_6837-10,São Paulo,3550308,True,,6,,,-23.6161065,-46.739967,,,,1,2023-06-20T02:35:28+00:00
SAO_6837-10,São Paulo,3550308,True,,6,,,-23.624746000000002,-46.76548475,,,,1,2023-06-20T02:35:36+00:00
SAO_6837-10,São Paulo,3550308,True,,6,,,-23.654101,-46.763310000000004,,,,1,2023-06-20T02:35:09+00:00
SAO_5010-10,São Paulo,3550308,True,,1114,,,-23.640059625,-46.668437874999995,,,,1,2023-06-20T02:35:30+00:00
SAO_5010-10,São Paulo,3550308,True,,1114,,,-23.6430055,-46.656865499999995,,,,1,2023-06-20T02:35:34+00:00
SAO_5010-10,São Paulo,3550308,True,,1114,,,-23.6580615,-46.6975145,,,,1,2023-06-20T02:35:34+00:00
SAO_5010-10,São Paulo,3550308,True,,1114,,,-23.6624725,-46.631309,,,,1,2023-06-20T02:35:06+00:00
SAO_5010-10,São Paulo,3550308,True,,1114,,,-23.6624725,-46.631309,,,,1,2023-06-20T02:35:22+00:00
SAO_5010-10,São Paulo,3550308,True,,1114,,,-23.653748999999998,-46.704291999999995,,,,1,2023-06-20T02:35:16+00:00
SAO_605A-10,São Paulo,3550308,True,,2522,,,-23.64651025,-46.632340125,,,,1,2023-06-20T02:34:57+00:00
SAO_5300-10,São Paulo,3550308,True,EMTU,354,https://moovitapp.com/index/pt-br/transporte_p%C3%BAblico-line-354-Sao_Paulo-242-2038937-36419437-0,7.55,-23.572684,-46.640971,,,,1,2023-06-20T02:34:59+00:00
SAO_5300-10,São Paulo,3550308,True,EMTU,354,https://moovitapp.com/index/pt-br/transporte_p%C3%BAblico-line-354-Sao_Paulo-242-2038937-36419437-0,7.55,-23.654195,-46.711744499999995,,,,1,2023-06-20T02:35:18+00:00
SAO_5300-10,São Paulo,3550308,True,EMTU,354,https://moovitapp.com/index/pt-br/transporte_p%C3%BAblico-line-354-Sao_Paulo-242-2038937-36419437-0,7.55,-23.654195,-46.711744499999995,,,,1,2023-06-20T02:35:37+00:00
SAO_5300-10,São Paulo,3550308,True,EMTU,354,https://moovitapp.com/index/pt-br/transporte_p%C3%BAblico-line-354-Sao_Paulo-242-2038937-36419437-0,7.55,-23.5468745,-46.630641499999996,,,,1,2023-06-20T02:35:18+00:00
SAO_5300-10,São Paulo,3550308,True,EMTU,354,https://moovitapp.com/index/pt-br/transporte_p%C3%BAblico-line-354-Sao_Paulo-242-2038937-36419437-0,7.55,-23.5471955,-46.630402000000004,,,,1,2023-06-20T02:35:23+00:00
SAO_5300-10,São Paulo,3550308,True,EMTU,354,https://moovitapp.com/index/pt-br/transporte_p%C3%BAblico-line-354-Sao_Paulo-242-2038937-36419437-0,7.55,-23.564071249999998,-46.64025475,,,,1,2023-06-20T02:33:18+00:00
SAO_5300-10,São Paulo,3550308,True,EMTU,354,https://moovitapp.com/index/pt-br/transporte_p%C3%BAblico-line-354-Sao_Paulo-242-2038937-36419437-0,7.55,-23.62885825,-46.686011500000006,,,,1,2023-06-20T02:35:37+00:00
SAO_5300-10,São Paulo,3550308,True,EMTU,354,https://moovitapp.com/index/pt-br/transporte_p%C3%BAblico-line-354-Sao_Paulo-242-2038937-36419437-0,7.55,-23.654195,-46.711744499999995,,,,1,2023-06-20T02:35:15+00:00
SAO_5300-10,São Paulo,3550308,True,EMTU,354,https://moovitapp.com/index/pt-br/transporte_p%C3%BAblico-line-354-Sao_Paulo-242-2038937-36419437-0,7.55,-23.6067015,-46.665034500000004,,,,1,2023-06-20T02:34:55+00:00
SAO_5300-10,São Paulo,3550308,True,EMTU,354,https://moovitapp.com/index/pt-br/transporte_p%C3%BAblico-line-354-Sao_Paulo-242-2038937-36419437-0,7.55,-23.654195,-46.711744499999995,,,,1,2023-06-20T02:35:19+00:00
SAO_5300-10,São Paulo,3550308,True,EMTU,354,https://moovitapp.com/index/pt-br/transporte_p%C3%BAblico-line-354-Sao_Paulo-242-2038937-36419437-0,7.55,-23.654195,-46.711744499999995,,,,1,2023-06-20T02:35:08+00:00
SAO_177Y-10,São Paulo,3550308,True,,33635,,,-23.5266685,-46.6673215,,,,2,2023-06-20T02:35:12+00:00
SAO_177Y-10,São Paulo,3550308,True,,33635,,,-23.5269075,-46.66671425,,,,2,2023-06-20T02:35:34+00:00
SAO_177Y-10,São Paulo,3550308,True,,33635,,,-23.5269075,-46.66671425,,,,2,2023-06-20T02:35:31+00:00
SAO_177Y-10,São Paulo,3550308,True,,33635,,,-23.567622999999998,-46.695747,,,,2,2023-06-20T02:34:54+00:00
SAO_177Y-10,São Paulo,3550308,True,,33635,,,-23.5269075,-46.66671425,,,,2,2023-06-20T02:34:52+00:00
SAO_6021-10,São Paulo,3550308,True,EMTU,177,https://moovitapp.com/index/pt-br/transporte_p%C3%BAblico-line-177-Sao_Paulo-242-2038937-36419313-0,5.2,-23.767062,-46.7161295,,,,1,2023-06-20T02:35:19+00:00
SAO_6021-10,São Paulo,3550308,True,EMTU,177,https://moovitapp.com/index/pt-br/transporte_p%C3%BAblico-line-177-Sao_Paulo-242-2038937-36419313-0,5.2,-23.795298,-46.742745,,,,1,2023-06-20T02:35:24+00:00
SAO_6021-10,São Paulo,3550308,True,EMTU,177,https://moovitapp.com/index/pt-br/transporte_p%C3%BAblico-line-177-Sao_Paulo-242-2038937-36419313-0,5.2,-23.7668205,-46.716344500000005,,,,1,2023-06-20T02:35:07+00:00
SAO_6021-10,São Paulo,3550308,True,EMTU,177,https://moovitapp.com/index/pt-br/transporte_p%C3%BAblico-line-177-Sao_Paulo-242-2038937-36419313-0,5.2,-23.7668205,-46.716344500000005,,,,1,2023-06-20T02:34:55+00:00
SAO_695Y-21,São Paulo,3550308,True,,1622,,,-23.7843405,-46.726029999999994,,,,1,2023-06-20T02:35:22+00:00
SAO_695Y-21,São Paulo,3550308,True,,1622,,,-23.751039,-46.7103235,,,,1,2023-06-20T02:30:56+00:00
SAO_4313-10,São Paulo,3550308,True,,2173,,,-23.545514,-46.5983455,,,,1,2023-06-20T02:35:09+00:00
SAO_4313-10,São Paulo,3550308,True,,2173,,,-23.5471805,-46.629935,,,,1,2023-06-20T02:35:13+00:00
SAO_4313-10,São Paulo,3550308,True,,2173,,,-23.5399025,-46.5415365,,,,1,2023-06-20T02:35:32+00:00
SAO_4313-10,São Paulo,3550308,True,,2173,,,-23.583754,-46.4150015,,,,1,2023-06-20T02:35:27+00:00
SAO_4313-10,São Paulo,3550308,True,,2173,,,-23.5831975,-46.4897435,,,,1,2023-06-20T02:34:58+00:00
SAO_4313-10,São Paulo,3550308,True,,2173,,,-23.53924825,-46.571040249999996,,,,1,2023-06-20T02:35:22+00:00
SAO_4313-10,São Paulo,3550308,True,,2173,,,-23.582475000000002,-46.4073165,,,,1,2023-06-20T02:35:00+00:00
SAO_4313-10,São Paulo,3550308,True,,2173,,,-23.574068,-46.5034,,,,1,2023-06-20T02:35:24+00:00
SAO_4313-10,São Paulo,3550308,True,,2173,,,-23.5560435,-46.516270000000006,,,,1,2023-06-20T02:34:52+00:00
SAO_4313-10,São Paulo,3550308,True,,2173,,,-23.5937795,-46.418852,,,,1,2023-06-20T02:32:34+00:00
SAO_4313-10,São Paulo,3550308,True,,2173,,,-23.547401999999998,-46.629791999999995,,,,1,2023-06-20T02:35:14+00:00
SAO_807P-10,São Paulo,3550308,True,,34867,,,-23.6290185,-46.7238215,,,,2,2023-06-20T02:35:36+00:00
SAO_807P-10,São Paulo,3550308,True,,34867,,,-23.616477500000002,-46.7208605,,,,2,2023-06-20T02:35:35+00:00
SAO_807P-10,São Paulo,3550308,True,,34867,,,-23.6241445,-46.7260095,,,,2,2023-06-20T02:35:29+00:00
SAO_807P-10,São Paulo,3550308,True,,34867,,,-23.653125,-46.70848074999999,,,,2,2023-06-20T02:35:15+00:00
SAO_807P-10,São Paulo,3550308,True,,34867,,,-23.6163415,-46.720850999999996,,,,2,2023-06-20T02:35:09+00:00
SAO_807P-10,São Paulo,3550308,True,,34867,,,-23.6233865,-46.7260605,,,,2,2023-06-20T02:35:09+00:00
SAO_6035-10,São Paulo,3550308,True,,33981,,,-23.7203095,-46.7557755,,,,2,2023-06-20T02:35:17+00:00
SAO_6035-10,São Paulo,3550308,True,,33981,,,-23.646549812499998,-46.70300625,,,,2,2023-06-20T02:35:31+00:00
SAO_6035-10,São Paulo,3550308,True,,33981,,,-23.689751,-46.773829500000005,,,,2,2023-06-20T02:35:28+00:00
SAO_6035-10,São Paulo,3550308,True,,33981,,,-23.694872,-46.7797925,,,,2,2023-06-20T02:35:35+00:00
SAO_6035-10,São Paulo,3550308,True,,33981,,,-23.720201000000003,-46.75602,,,,2,2023-06-20T02:35:04+00:00
SAO_6035-10,São Paulo,3550308,True,,33981,,,-23.6704775,-46.739304000000004,,,,2,2023-06-20T02:35:18+00:00
SAO_6035-10,São Paulo,3550308,True,,33981,,,-23.684060000000002,-46.770033,,,,2,2023-06-20T02:35:22+00:00
SAO_6035-10,São Paulo,3550308,True,,33981,,,-23.714772,-46.7713665,,,,2,2023-06-20T02:34:55+00:00
SAO_5031-10,São Paulo,3550308,True,,34514,,,-23.6365255,-46.5910045,,,,2,2023-06-20T02:35:24+00:00
SAO_5031-10,São Paulo,3550308,True,,34514,,,-23.603051999999998,-46.602856,,,,2,2023-06-20T02:35:05+00:00
SAO_5031-10,São Paulo,3550308,True,,34514,,,-23.619279499999998,-46.59243025,,,,2,2023-06-20T02:34:53+00:00
SAO_5031-10,São Paulo,3550308,True,,34514,,,-23.636036750000002,-46.59084675,,,,2,2023-06-20T02:35:34+00:00
SAO_5031-10,São Paulo,3550308,True,,34514,,,-23.636886500000003,-46.591195,,,,2,2023-06-20T02:35:32+00:00
SAO_5031-10,São Paulo,3550308,True,,34514,,,-23.6126175,-46.59456,,,,2,2023-06-20T02:35:33+00:00
SAO_5031-10,São Paulo,3550308,True,,34514,,,-23.63630825,-46.590938249999994,,,,2,2023-06-20T02:34:59+00:00
SAO_5031-10,São Paulo,3550308,True,,34514,,,-23.603051999999998,-46.602856,,,,2,2023-06-20T02:35:31+00:00
SAO_5031-10,São Paulo,3550308,True,,34514,,,-23.6324815,-46.5862245,,,,2,2023-06-20T02:35:35+00:00
SAO_5031-10,São Paulo,3550308,True,,34514,,,-23.603051999999998,-46.602856,,,,2,2023-06-20T02:35:07+00:00
SAO_5031-10,São Paulo,3550308,True,,34514,,,-23.6373265,-46.5925755,,,,2,2023-06-20T02:35:16+00:00
SAO_5031-10,São Paulo,3550308,True,,34514,,,-23.6369775,-46.591483000000004,,,,2,2023-06-20T02:35:16+00:00
SAO_5031-10,São Paulo,3550308,True,,34514,,,-23.637068499999998,-46.591771,,,,2,2023-06-20T02:35:35+00:00
SAO_5031-10,São Paulo,3550308,True,,34514,,,-23.635791,-46.590753,,,,2,2023-06-20T02:35:24+00:00
SAO_5031-10,São Paulo,3550308,True,,34514,,,-23.637068499999998,-46.591771,,,,2,2023-06-20T02:35:08+00:00
SAO_5031-10,São Paulo,3550308,True,,34514,,,-23.603051999999998,-46.602856,,,,2,2023-06-20T02:35:03+00:00
SAO_1771-10,São Paulo,3550308,True,,634,,,-23.430882500000003,-46.574838,,,,1,2023-06-20T02:34:58+00:00
SAO_1771-10,São Paulo,3550308,True,,634,,,-23.430906,-46.574909,,,,1,2023-06-20T02:35:06+00:00
SAO_1771-10,São Paulo,3550308,True,,634,,,-23.430882500000003,-46.574838,,,,1,2023-06-20T02:35:25+00:00
SAO_1771-10,São Paulo,3550308,True,,634,,,-23.467703,-46.594984,,,,1,2023-06-20T02:35:36+00:00
SAO_1771-10,São Paulo,3550308,True,,634,,,-23.49620075,-46.62365925,,,,1,2023-06-20T02:32:46+00:00
SAO_9019-10,São Paulo,3550308,True,,34201,,,-23.4776485,-46.714215,,,,2,2023-06-20T02:35:10+00:00
SAO_9019-10,São Paulo,3550308,True,,34201,,,-23.45509475,-46.7101755,,,,2,2023-06-20T02:35:07+00:00
SAO_9019-10,São Paulo,3550308,True,,34201,,,-23.4599075,-46.7138125,,,,2,2023-06-20T02:35:16+00:00
SAO_9019-10,São Paulo,3550308,True,,34201,,,-23.484285,-46.728657999999996,,,,2,2023-06-20T02:35:31+00:00
SAO_8100-10,São Paulo,3550308,True,,34030,,,-23.509527499999997,-46.7056755,,,,2,2023-06-20T02:34:58+00:00
SAO_8100-10,São Paulo,3550308,True,,34030,,,-23.5205245,-46.7007655,,,,2,2023-06-20T02:35:05+00:00
SAO_8100-10,São Paulo,3550308,True,,34030,,,-23.5073705,-46.710374,,,,2,2023-06-20T02:35:08+00:00
SAO_8100-10,São Paulo,3550308,True,,34030,,,-23.499959,-46.724417,,,,2,2023-06-20T02:35:13+00:00
SAO_8100-10,São Paulo,3550308,True,,34030,,,-23.508137,-46.705693999999994,,,,2,2023-06-20T02:34:52+00:00
SAO_8100-10,São Paulo,3550308,True,,34030,,,-23.5053525,-46.717957999999996,,,,2,2023-06-20T02:35:13+00:00
SAO_263C-10,São Paulo,3550308,True,,33020,,,-23.493849,-46.439762,,,,2,2023-06-20T02:35:09+00:00
SAO_263C-10,São Paulo,3550308,True,,33020,,,-23.5388285,-46.437665,,,,2,2023-06-20T02:34:48+00:00
SAO_263C-10,São Paulo,3550308,True,,33020,,,-23.49422,-46.421926375000005,,,,2,2023-06-20T02:35:16+00:00
SAO_809P-10,São Paulo,3550308,True,,1891,,,-23.6310935,-46.773485,,,,1,2023-06-20T02:35:02+00:00
SAO_809P-10,São Paulo,3550308,True,,1891,,,-23.599027,-46.741259,,,,1,2023-06-20T02:35:04+00:00
SAO_809P-10,São Paulo,3550308,True,,1891,,,-23.6126525,-46.754761,,,,1,2023-06-20T02:35:22+00:00
SAO_809P-10,São Paulo,3550308,True,,1891,,,-23.5683205,-46.696971,,,,1,2023-06-20T02:34:55+00:00
SAO_809P-10,São Paulo,3550308,True,,1891,,,-23.565214249999997,-46.7010625,,,,1,2023-06-20T02:35:03+00:00
SAO_809P-10,São Paulo,3550308,True,,1891,,,-23.631026499999997,-46.773642,,,,1,2023-06-20T02:35:06+00:00
SAO_677V-10,São Paulo,3550308,True,EMTU,112,https://moovitapp.com/index/pt-br/transporte_p%C3%BAblico-line-112-Sao_Paulo-242-2038937-36419272-0,5.7,-23.7404855,-46.707122999999996,,,,1,2023-06-20T02:35:35+00:00
SAO_677V-10,São Paulo,3550308,True,EMTU,112,https://moovitapp.com/index/pt-br/transporte_p%C3%BAblico-line-112-Sao_Paulo-242-2038937-36419272-0,5.7,-23.724915000000003,-46.704544999999996,,,,1,2023-06-20T02:35:31+00:00
SAO_3390-10,São Paulo,3550308,True,,33506,,,-23.57912225,-46.57301325,,,,2,2023-06-20T02:35:24+00:00
SAO_3390-10,São Paulo,3550308,True,,33506,,,-23.567317,-46.604768,,,,2,2023-06-20T02:34:52+00:00
SAO_3390-10,São Paulo,3550308,True,,33506,,,-23.5955875,-46.524572000000006,,,,2,2023-06-20T02:35:22+00:00
SAO_3390-10,São Paulo,3550308,True,,33506,,,-23.5473125,-46.62966,,,,2,2023-06-20T02:35:03+00:00
SAO_3390-10,São Paulo,3550308,True,,33506,,,-23.552891000000002,-46.6273825,,,,2,2023-06-20T02:35:25+00:00
SAO_675M-10,São Paulo,3550308,True,ETT,108,https://moovitapp.com/index/pt-br/transporte_p%C3%BAblico-line-108-Sao_Paulo-242-876373-496510-0,5.3,-23.720964000000002,-46.676227,,,,1,2023-06-20T02:35:19+00:00
SAO_675M-10,São Paulo,3550308,True,ETT,108,https://moovitapp.com/index/pt-br/transporte_p%C3%BAblico-line-108-Sao_Paulo-242-876373-496510-0,5.3,-23.64963,-46.66207300000001,,,,1,2023-06-20T02:35:32+00:00
SAO_675M-10,São Paulo,3550308,True,ETT,108,https://moovitapp.com/index/pt-br/transporte_p%C3%BAblico-line-108-Sao_Paulo-242-876373-496510-0,5.3,-23.720964000000002,-46.676227,,,,1,2023-06-20T02:35:12+00:00
SAO_675M-10,São Paulo,3550308,True,ETT,108,https://moovitapp.com/index/pt-br/transporte_p%C3%BAblico-line-108-Sao_Paulo-242-876373-496510-0,5.3,-23.707047,-46.68786849999999,,,,1,2023-06-20T02:35:36+00:00
SAO_3027-10,São Paulo,3550308,True,,963,,,-23.5431935,-46.4152505,,,,1,2023-06-20T02:35:22+00:00
SAO_3027-10,São Paulo,3550308,True,,963,,,-23.543305375,-46.423442625,,,,1,2023-06-20T02:35:05+00:00
SAO_3027-10,São Paulo,3550308,True,,963,,,-23.544834,-46.4352715,,,,1,2023-06-20T02:35:23+00:00
SAO_3027-10,São Paulo,3550308,True,,963,,,-23.5779885,-46.4994245,,,,1,2023-06-20T02:35:23+00:00
SAO_3027-10,São Paulo,3550308,True,,963,,,-23.5528905,-46.457451125000006,,,,1,2023-06-20T02:35:04+00:00
SAO_3063-10,São Paulo,3550308,True,EMTU,253,https://moovitapp.com/index/pt-br/transporte_p%C3%BAblico-line-253-Sao_Paulo-242-2038937-36419364-0,5.4,-23.613342000000003,-46.476561000000004,,,,1,2023-06-20T02:35:07+00:00
SAO_3063-10,São Paulo,3550308,True,EMTU,253,https://moovitapp.com/index/pt-br/transporte_p%C3%BAblico-line-253-Sao_Paulo-242-2038937-36419364-0,5.4,-23.554804500000003,-46.4012575,,,,1,2023-06-20T02:32:20+00:00
SAO_3063-10,São Paulo,3550308,True,EMTU,253,https://moovitapp.com/index/pt-br/transporte_p%C3%BAblico-line-253-Sao_Paulo-242-2038937-36419364-0,5.4,-23.594598,-46.4421435,,,,1,2023-06-20T02:33:02+00:00
SAO_3063-10,São Paulo,3550308,True,EMTU,253,https://moovitapp.com/index/pt-br/transporte_p%C3%BAblico-line-253-Sao_Paulo-242-2038937-36419364-0,5.4,-23.594307999999998,-46.424105999999995,,,,1,2023-06-20T02:35:07+00:00
SAO_3063-10,São Paulo,3550308,True,EMTU,253,https://moovitapp.com/index/pt-br/transporte_p%C3%BAblico-line-253-Sao_Paulo-242-2038937-36419364-0,5.4,-23.558697000000002,-46.3999615,,,,1,2023-06-20T02:35:34+00:00
SAO_3063-10,São Paulo,3550308,True,EMTU,253,https://moovitapp.com/index/pt-br/transporte_p%C3%BAblico-line-253-Sao_Paulo-242-2038937-36419364-0,5.4,-23.558697000000002,-46.3999615,,,,1,2023-06-20T02:35:17+00:00
SAO_3063-10,São Paulo,3550308,True,EMTU,253,https://moovitapp.com/index/pt-br/transporte_p%C3%BAblico-line-253-Sao_Paulo-242-2038937-36419364-0,5.4,-23.571388499999998,-46.415564,,,,1,2023-06-20T02:35:31+00:00
SAO_273L-10,São Paulo,3550308,True,,32992,,,-23.539111,-46.4313315,,,,2,2023-06-20T02:35:29+00:00
SAO_273L-10,São Paulo,3550308,True,,32992,,,-23.539615124999997,-46.431626875000006,,,,2,2023-06-20T02:35:19+00:00
SAO_273L-10,São Paulo,3550308,True,,32992,,,-23.51024125,-46.438597,,,,2,2023-06-20T02:35:30+00:00
SAO_273L-10,São Paulo,3550308,True,,32992,,,-23.514998,-46.424446,,,,2,2023-06-20T02:35:11+00:00
SAO_273L-10,São Paulo,3550308,True,,32992,,,-23.536727,-46.4727215,,,,2,2023-06-20T02:35:18+00:00
SAO_3008-10,São Paulo,3550308,True,,2515,,,-23.4941885,-46.400822,,,,1,2023-06-20T02:35:14+00:00
SAO_3008-10,São Paulo,3550308,True,,2515,,,-23.5240525,-46.396012,,,,1,2023-06-20T02:35:18+00:00
SAO_3008-10,São Paulo,3550308,True,,2515,,,-23.507088500000002,-46.398177000000004,,,,1,2023-06-20T02:32:56+00:00
SAO_2755-10,São Paulo,3550308,True,,33001,,,-23.513603500000002,-46.44440362500001,,,,2,2023-06-20T02:35:30+00:00
SAO_2755-10,São Paulo,3550308,True,,33001,,,-23.539911,-46.394,,,,2,2023-06-20T02:34:53+00:00
SAO_2755-10,São Paulo,3550308,True,,33001,,,-23.540091,-46.394296499999996,,,,2,2023-06-20T02:34:57+00:00
SAO_2755-10,São Paulo,3550308,True,,33001,,,-23.5246445,-46.549759375,,,,2,2023-06-20T02:35:10+00:00
SAO_2755-10,São Paulo,3550308,True,,33001,,,-23.5416465,-46.416104000000004,,,,2,2023-06-20T02:35:21+00:00
SAO_2755-10,São Paulo,3550308,True,,33001,,,-23.540091,-46.394296499999996,,,,2,2023-06-20T02:35:17+00:00
SAO_2755-10,São Paulo,3550308,True,,33001,,,-23.539910499999998,-46.394638,,,,2,2023-06-20T02:34:58+00:00
SAO_172U-10,São Paulo,3550308,True,,860,,,-23.4364685,-46.566394,,,,1,2023-06-20T02:35:20+00:00
SAO_172U-10,São Paulo,3550308,True,,860,,,-23.576000999999998,-46.5784125,,,,1,2023-06-20T02:35:34+00:00
SAO_172U-10,São Paulo,3550308,True,,860,,,-23.503476,-46.6249045,,,,1,2023-06-20T02:35:30+00:00
SAO_172U-10,São Paulo,3550308,True,,860,,,-23.537979999999997,-46.619909750000005,,,,1,2023-06-20T02:35:17+00:00
SAO_172U-10,São Paulo,3550308,True,,860,,,-23.4810215,-46.6116385,,,,1,2023-06-20T02:34:59+00:00
SAO_172U-10,São Paulo,3550308,True,,860,,,-23.538045875,-46.62154674999999,,,,1,2023-06-20T02:35:25+00:00
SAO_2363-10,São Paulo,3550308,True,,32903,,,-23.532635749999997,-46.56256275,,,,2,2023-06-20T02:35:25+00:00
SAO_2363-10,São Paulo,3550308,True,,32903,,,-23.4987395,-46.50209475,,,,2,2023-06-20T02:35:10+00:00
SAO_2363-10,São Paulo,3550308,True,,32903,,,-23.4987395,-46.50209475,,,,2,2023-06-20T02:35:03+00:00
SAO_2363-10,São Paulo,3550308,True,,32903,,,-23.4987395,-46.50209475,,,,2,2023-06-20T02:35:34+00:00
SAO_3741-10,São Paulo,3550308,True,,1041,,,-23.542065,-46.449332,,,,1,2023-06-20T02:35:37+00:00
SAO_3741-10,São Paulo,3550308,True,,1041,,,-23.545589999999997,-46.4489845,,,,1,2023-06-20T02:35:00+00:00
SAO_3741-10,São Paulo,3550308,True,,1041,,,-23.542684,-46.4693915,,,,1,2023-06-20T02:35:28+00:00
SAO_3741-10,São Paulo,3550308,True,,1041,,,-23.544235,-46.4490275,,,,1,2023-06-20T02:34:59+00:00
SAO_3741-10,São Paulo,3550308,True,,1041,,,-23.5459495,-46.4487915,,,,1,2023-06-20T02:35:30+00:00
SAO_3741-10,São Paulo,3550308,True,,1041,,,-23.56229,-46.4560265,,,,1,2023-06-20T02:34:56+00:00
SAO_3741-10,São Paulo,3550308,True,,1041,,,-23.542065,-46.449332,,,,1,2023-06-20T02:35:31+00:00
SAO_3741-10,São Paulo,3550308,True,,1041,,,-23.545589999999997,-46.4489845,,,,1,2023-06-20T02:35:20+00:00
SAO_3741-10,São Paulo,3550308,True,,1041,,,-23.5453945,-46.449037000000004,,,,1,2023-06-20T02:35:36+00:00
SAO_3741-10,São Paulo,3550308,True,,1041,,,-23.542240625,-46.450576,,,,1,2023-06-20T02:34:53+00:00
SAO_175T-10,São Paulo,3550308,True,,623,,,-23.630839,-46.6688795,,,,1,2023-06-20T02:34:52+00:00
SAO_175T-10,São Paulo,3550308,True,,623,,,-23.653136,-46.6373365,,,,1,2023-06-20T02:34:54+00:00
SAO_175T-10,São Paulo,3550308,True,,623,,,-23.653689999999997,-46.6379405,,,,1,2023-06-20T02:35:04+00:00
SAO_175T-10,São Paulo,3550308,True,,623,,,-23.6517525,-46.638245999999995,,,,1,2023-06-20T02:35:19+00:00
SAO_175T-10,São Paulo,3550308,True,,623,,,-23.652539500000003,-46.6374085,,,,1,2023-06-20T02:35:00+00:00
SAO_175T-10,São Paulo,3550308,True,,623,,,-23.65404,-46.63784,,,,1,2023-06-20T02:35:17+00:00
SAO_175T-10,São Paulo,3550308,True,,623,,,-23.653267,-46.637658,,,,1,2023-06-20T02:35:32+00:00
SAO_175T-10,São Paulo,3550308,True,,623,,,-23.603195999999997,-46.65162975,,,,1,2023-06-20T02:35:08+00:00
SAO_175T-10,São Paulo,3550308,True,,623,,,-23.58405425,-46.65636550000001,,,,1,2023-06-20T02:35:36+00:00
SAO_175T-10,São Paulo,3550308,True,,623,,,-23.54237925,-46.63502975,,,,1,2023-06-20T02:35:01+00:00
SAO_175T-10,São Paulo,3550308,True,,623,,,-23.6521565,-46.6376655,,,,1,2023-06-20T02:35:12+00:00
SAO_175T-10,São Paulo,3550308,True,,623,,,-23.6371155,-46.64132375,,,,1,2023-06-20T02:35:36+00:00
SAO_175T-10,São Paulo,3550308,True,,623,,,-23.517166500000002,-46.6254815,,,,1,2023-06-20T02:35:30+00:00
SAO_847J-10,São Paulo,3550308,True,,34110,,,-23.5533165,-46.742431499999995,,,,2,2023-06-20T02:35:15+00:00
SAO_847J-10,São Paulo,3550308,True,,34110,,,-23.4883175,-46.713229999999996,,,,2,2023-06-20T02:35:27+00:00
SAO_847J-10,São Paulo,3550308,True,,34110,,,-23.447832,-46.732552999999996,,,,2,2023-06-20T02:34:53+00:00
SAO_847J-10,São Paulo,3550308,True,,34110,,,-23.555694,-46.74268,,,,2,2023-06-20T02:35:17+00:00
SAO_847J-10,São Paulo,3550308,True,,34110,,,-23.555694,-46.74268,,,,2,2023-06-20T02:35:20+00:00
SAO_6116-10,São Paulo,3550308,True,,33954,,,-23.755624,-46.657882,,,,2,2023-06-20T02:35:27+00:00
SAO_6116-10,São Paulo,3550308,True,,33954,,,-23.75569,-46.657614,,,,2,2023-06-20T02:35:35+00:00
SAO_6116-10,São Paulo,3550308,True,,33954,,,-23.75569,-46.657614,,,,2,2023-06-20T02:35:18+00:00
SAO_6116-10,São Paulo,3550308,True,,33954,,,-23.737187499999997,-46.6971815,,,,2,2023-06-20T02:35:14+00:00
SAO_6116-10,São Paulo,3550308,True,,33954,,,-23.753022,-46.684457,,,,2,2023-06-20T02:35:22+00:00
SAO_675P-10,São Paulo,3550308,True,STT,275,https://moovitapp.com/index/pt-br/transporte_p%C3%BAblico-line-275-Sao_Paulo-242-850661-183275-0,5.3,-23.648600000000002,-46.645975,,,,1,2023-06-20T02:35:02+00:00
SAO_675P-10,São Paulo,3550308,True,STT,275,https://moovitapp.com/index/pt-br/transporte_p%C3%BAblico-line-275-Sao_Paulo-242-850661-183275-0,5.3,-23.6385625,-46.6326495,,,,1,2023-06-20T02:35:28+00:00
SAO_675P-10,São Paulo,3550308,True,STT,275,https://moovitapp.com/index/pt-br/transporte_p%C3%BAblico-line-275-Sao_Paulo-242-850661-183275-0,5.3,-23.658338,-46.698042,,,,1,2023-06-20T02:34:53+00:00
SAO_3762-10,São Paulo,3550308,True,,1053,,,-23.57635275,-46.52759725,,,,1,2023-06-20T02:35:23+00:00
SAO_3762-10,São Paulo,3550308,True,,1053,,,-23.544185,-46.5765985,,,,1,2023-06-20T02:35:37+00:00
SAO_3762-10,São Paulo,3550308,True,,1053,,,-23.591546,-46.5161705,,,,1,2023-06-20T02:35:25+00:00
SAO_3762-10,São Paulo,3550308,True,,1053,,,-23.563747499999998,-46.542939000000004,,,,1,2023-06-20T02:35:26+00:00
SAO_6200-10,São Paulo,3550308,True,,33123,,,-23.652185,-46.7226275,,,,2,2023-06-20T02:35:28+00:00
SAO_6200-10,São Paulo,3550308,True,,33123,,,-23.5568825,-46.6515995,,,,2,2023-06-20T02:30:34+00:00
SAO_6200-10,São Paulo,3550308,True,,33123,,,-23.549384500000002,-46.6394535,,,,2,2023-06-20T02:35:08+00:00
SAO_6200-10,São Paulo,3550308,True,,33123,,,-23.58401475,-46.687271249999995,,,,2,2023-06-20T02:35:35+00:00
SAO_6200-10,São Paulo,3550308,True,,33123,,,-23.654322,-46.712858499999996,,,,2,2023-06-20T02:35:09+00:00
SAO_6200-10,São Paulo,3550308,True,,33123,,,-23.604275375,-46.69879125,,,,2,2023-06-20T02:35:12+00:00
SAO_605A-10,São Paulo,3550308,True,,35290,,,-23.6494365,-46.6320625,,,,2,2023-06-20T02:35:20+00:00
SAO_605A-10,São Paulo,3550308,True,,35290,,,-23.6494365,-46.6320625,,,,2,2023-06-20T02:34:53+00:00
SAO_4033-10,São Paulo,3550308,True,,33871,,,-23.6043895,-46.503277499999996,,,,2,2023-06-20T02:35:06+00:00
SAO_4033-10,São Paulo,3550308,True,,33871,,,-23.612752999999998,-46.4888905,,,,2,2023-06-20T02:35:35+00:00
SAO_4033-10,São Paulo,3550308,True,,33871,,,-23.5946305,-46.503217500000005,,,,2,2023-06-20T02:35:33+00:00
SAO_4033-10,São Paulo,3550308,True,,33871,,,-23.612822,-46.4916295,,,,2,2023-06-20T02:35:03+00:00
SAO_4033-10,São Paulo,3550308,True,,33871,,,-23.6015905,-46.5317005,,,,2,2023-06-20T02:35:00+00:00
SAO_4033-10,São Paulo,3550308,True,,33871,,,-23.604264,-46.538593500000005,,,,2,2023-06-20T02:35:33+00:00
SAO_4033-10,São Paulo,3550308,True,,33871,,,-23.618035499999998,-46.4578015,,,,2,2023-06-20T02:35:03+00:00
SAO_4033-10,São Paulo,3550308,True,,33871,,,-23.604264,-46.538593500000005,,,,2,2023-06-20T02:35:19+00:00
SAO_3390-10,São Paulo,3550308,True,,738,,,-23.6120795,-46.483023,,,,1,2023-06-20T02:35:26+00:00
SAO_3390-10,São Paulo,3550308,True,,738,,,-23.6120795,-46.483023,,,,1,2023-06-20T02:35:11+00:00
SAO_3390-10,São Paulo,3550308,True,,738,,,-23.612506,-46.479178,,,,1,2023-06-20T02:35:14+00:00
SAO_3390-10,São Paulo,3550308,True,,738,,,-23.614102,-46.4970335,,,,1,2023-06-20T02:35:12+00:00
SAO_3390-10,São Paulo,3550308,True,,738,,,-23.6123785,-46.482487,,,,1,2023-06-20T02:35:15+00:00
SAO_3390-10,São Paulo,3550308,True,,738,,,-23.609517249999996,-46.50478875,,,,1,2023-06-20T02:33:41+00:00
SAO_3390-10,São Paulo,3550308,True,,738,,,-23.579445749999998,-46.580741249999996,,,,1,2023-06-20T02:35:21+00:00
SAO_8072-10,São Paulo,3550308,True,,34847,,,-23.612340000000003,-46.754549,,,,2,2023-06-20T02:35:19+00:00
SAO_8072-10,São Paulo,3550308,True,,34847,,,-23.6423545,-46.7659975,,,,2,2023-06-20T02:35:36+00:00
SAO_8072-10,São Paulo,3550308,True,,34847,,,-23.5857665,-46.723943,,,,2,2023-06-20T02:35:21+00:00
SAO_8072-10,São Paulo,3550308,True,,34847,,,-23.6423545,-46.7659975,,,,2,2023-06-20T02:35:19+00:00
SAO_8072-10,São Paulo,3550308,True,,34847,,,-23.5857665,-46.723943,,,,2,2023-06-20T02:35:33+00:00
SAO_2714-10,São Paulo,3550308,True,,33695,,,-23.531472,-46.5291255,,,,2,2023-06-20T02:35:17+00:00
SAO_2714-10,São Paulo,3550308,True,,33695,,,-23.531503,-46.5289355,,,,2,2023-06-20T02:35:29+00:00
SAO_2714-10,São Paulo,3550308,True,,33695,,,-23.5317065,-46.528416,,,,2,2023-06-20T02:35:36+00:00
SAO_2714-10,São Paulo,3550308,True,,33695,,,-23.5124965,-46.526398,,,,2,2023-06-20T02:35:04+00:00
SAO_3722-10,São Paulo,3550308,True,,1020,,,-23.54100375,-46.439520875,,,,1,2023-06-20T02:35:04+00:00
SAO_3722-10,São Paulo,3550308,True,,1020,,,-23.554643499999997,-46.480227,,,,1,2023-06-20T02:35:30+00:00
SAO_6041-10,São Paulo,3550308,True,,33986,,,-23.6899145,-46.7808755,,,,2,2023-06-20T02:35:06+00:00
SAO_6041-10,São Paulo,3550308,True,,33986,,,-23.6899145,-46.7808755,,,,2,2023-06-20T02:35:07+00:00
SAO_6041-10,São Paulo,3550308,True,,33986,,,-23.690214,-46.7807575,,,,2,2023-06-20T02:34:55+00:00
SAO_6041-10,São Paulo,3550308,True,,33986,,,-23.665391,-46.7707355,,,,2,2023-06-20T02:35:22+00:00
SAO_6041-10,São Paulo,3550308,True,,33986,,,-23.6899145,-46.7808755,,,,2,2023-06-20T02:35:06+00:00
SAO_6041-10,São Paulo,3550308,True,,33986,,,-23.6467045,-46.710442,,,,2,2023-06-20T02:35:14+00:00
SAO_6041-10,São Paulo,3550308,True,,33986,,,-23.6901555,-46.7807875,,,,2,2023-06-20T02:35:08+00:00
SAO_6041-10,São Paulo,3550308,True,,33986,,,-23.676651999999997,-46.7756605,,,,2,2023-06-20T02:35:05+00:00
SAO_6041-10,São Paulo,3550308,True,,33986,,,-23.652109250000002,-46.758327,,,,2,2023-06-20T02:35:21+00:00
SAO_1787-10,São Paulo,3550308,True,,33418,,,-23.451676,-46.6229,,,,2,2023-06-20T02:33:14+00:00
SAO_1787-10,São Paulo,3550308,True,,33418,,,-23.47971,-46.621954,,,,2,2023-06-20T02:33:21+00:00
SAO_8677-10,São Paulo,3550308,True,,33211,,,-23.4829225,-46.7560625,,,,2,2023-06-20T02:35:12+00:00
SAO_8677-10,São Paulo,3550308,True,,33211,,,-23.487239000000002,-46.7323545,,,,2,2023-06-20T02:35:09+00:00
SAO_8677-10,São Paulo,3550308,True,,33211,,,-23.487158,-46.732116000000005,,,,2,2023-06-20T02:35:15+00:00
SAO_8677-10,São Paulo,3550308,True,,33211,,,-23.5366935,-46.650225750000004,,,,2,2023-06-20T02:35:34+00:00
SAO_8677-10,São Paulo,3550308,True,,33211,,,-23.496523,-46.749749,,,,2,2023-06-20T02:35:19+00:00
SAO_8677-10,São Paulo,3550308,True,,33211,,,-23.487239000000002,-46.7323545,,,,2,2023-06-20T02:35:16+00:00
SAO_8677-10,São Paulo,3550308,True,,33211,,,-23.5429835,-46.6376015,,,,2,2023-06-20T02:35:21+00:00
SAO_8677-10,São Paulo,3550308,True,,33211,,,-23.513661499999998,-46.726237,,,,2,2023-06-20T02:35:08+00:00
SAO_2707-10,São Paulo,3550308,True,,919,,,-23.526138500000002,-46.408086499999996,,,,1,2023-06-20T02:35:12+00:00
SAO_2707-10,São Paulo,3550308,True,,919,,,-23.5428845,-46.410059000000004,,,,1,2023-06-20T02:33:07+00:00
SAO_2707-10,São Paulo,3550308,True,,919,,,-23.53482375,-46.452111,,,,1,2023-06-20T02:34:58+00:00
SAO_2707-10,São Paulo,3550308,True,,919,,,-23.539844499999997,-46.426242375,,,,1,2023-06-20T02:35:03+00:00
SAO_3731-10,São Paulo,3550308,True,,33796,,,-23.532345125,-46.525324375,,,,2,2023-06-20T02:35:12+00:00
SAO_3731-10,São Paulo,3550308,True,,33796,,,-23.549899,-46.5114545,,,,2,2023-06-20T02:35:18+00:00
SAO_3731-10,São Paulo,3550308,True,,33796,,,-23.535047,-46.5205815,,,,2,2023-06-20T02:35:06+00:00
SAO_3731-10,São Paulo,3550308,True,,33796,,,-23.539611999999998,-46.516724999999994,,,,2,2023-06-20T02:35:23+00:00
SAO_3731-10,São Paulo,3550308,True,,33796,,,-23.5428715,-46.51464925,,,,2,2023-06-20T02:35:30+00:00
SAO_3731-10,São Paulo,3550308,True,,33796,,,-23.563133999999998,-46.500963999999996,,,,2,2023-06-20T02:35:32+00:00
SAO_3731-10,São Paulo,3550308,True,,33796,,,-23.563913499999998,-46.502575500000006,,,,2,2023-06-20T02:35:35+00:00
SAO_3731-10,São Paulo,3550308,True,,33796,,,-23.5532535,-46.5171915,,,,2,2023-06-20T02:34:40+00:00
SAO_3731-10,São Paulo,3550308,True,,33796,,,-23.538657999999998,-46.517447,,,,2,2023-06-20T02:34:55+00:00
SAO_3731-10,São Paulo,3550308,True,,33796,,,-23.5639065,-46.5024395,,,,2,2023-06-20T02:35:25+00:00
SAO_6815-10,São Paulo,3550308,True,BR7 Mobilidade,25,https://moovitapp.com/index/pt-br/transporte_p%C3%BAblico-line-25-Sao_Paulo-242-851856-758720-0,5.75,-23.6762685,-46.783033,,,,1,2023-06-20T02:35:16+00:00
SAO_6815-10,São Paulo,3550308,True,BR7 Mobilidade,25,https://moovitapp.com/index/pt-br/transporte_p%C3%BAblico-line-25-Sao_Paulo-242-851856-758720-0,5.75,-23.656632000000002,-46.7632865,,,,1,2023-06-20T02:35:18+00:00
SAO_6815-10,São Paulo,3550308,True,BR7 Mobilidade,25,https://moovitapp.com/index/pt-br/transporte_p%C3%BAblico-line-25-Sao_Paulo-242-851856-758720-0,5.75,-23.67148075,-46.7785225,,,,1,2023-06-20T02:35:11+00:00
SAO_6815-10,São Paulo,3550308,True,BR7 Mobilidade,25,https://moovitapp.com/index/pt-br/transporte_p%C3%BAblico-line-25-Sao_Paulo-242-851856-758720-0,5.75,-23.6762685,-46.783033,,,,1,2023-06-20T02:35:19+00:00
SAO_8300-10,São Paulo,3550308,True,,34032,,,-23.5203705,-46.699808000000004,,,,2,2023-06-20T02:35:28+00:00
SAO_8300-10,São Paulo,3550308,True,,34032,,,-23.520215999999998,-46.700196000000005,,,,2,2023-06-20T02:35:20+00:00
SAO_8300-10,São Paulo,3550308,True,,34032,,,-23.486121,-46.726629624999994,,,,2,2023-06-20T02:34:56+00:00
SAO_8300-10,São Paulo,3550308,True,,34032,,,-23.50260925,-46.7062425,,,,2,2023-06-20T02:35:25+00:00
SAO_3098-10,São Paulo,3550308,True,,33846,,,-23.566259000000002,-46.507381,,,,2,2023-06-20T02:35:30+00:00
SAO_3098-10,São Paulo,3550308,True,,33846,,,-23.6298355,-46.4616865,,,,2,2023-06-20T02:34:59+00:00
SAO_3098-10,São Paulo,3550308,True,,33846,,,-23.63146325,-46.456264,,,,2,2023-06-20T02:35:21+00:00
SAO_3098-10,São Paulo,3550308,True,,33846,,,-23.630394,-46.454404749999995,,,,2,2023-06-20T02:35:16+00:00
SAO_3098-10,São Paulo,3550308,True,,33846,,,-23.63146325,-46.456264,,,,2,2023-06-20T02:35:22+00:00
SAO_3098-10,São Paulo,3550308,True,,33846,,,-23.63146325,-46.456264,,,,2,2023-06-20T02:35:36+00:00
SAO_3098-10,São Paulo,3550308,True,,33846,,,-23.631781750000002,-46.45626,,,,2,2023-06-20T02:35:33+00:00
SAO_3098-10,São Paulo,3550308,True,,33846,,,-23.5912988125,-46.489284437500004,,,,2,2023-06-20T02:34:54+00:00
SAO_3098-10,São Paulo,3550308,True,,33846,,,-23.631781750000002,-46.45626,,,,2,2023-06-20T02:35:18+00:00
SAO_3098-10,São Paulo,3550308,True,,33846,,,-23.611480999999998,-46.476130999999995,,,,2,2023-06-20T02:35:09+00:00
SAO_3098-10,São Paulo,3550308,True,,33846,,,-23.63146325,-46.456264,,,,2,2023-06-20T02:35:31+00:00
SAO_2202-10,São Paulo,3550308,True,,33678,,,-23.530014,-46.3966925,,,,2,2023-06-20T02:34:29+00:00
SAO_2202-10,São Paulo,3550308,True,,33678,,,-23.4875525,-46.3821995,,,,2,2023-06-20T02:35:26+00:00
SAO_2202-10,São Paulo,3550308,True,,33678,,,-23.4942705,-46.390076500000006,,,,2,2023-06-20T02:34:02+00:00
SAO_2202-10,São Paulo,3550308,True,,33678,,,-23.4875525,-46.3821995,,,,2,2023-06-20T02:35:09+00:00
SAO_2202-10,São Paulo,3550308,True,,33678,,,-23.534992,-46.401114500000006,,,,2,2023-06-20T02:34:30+00:00
SAO_2202-10,São Paulo,3550308,True,,33678,,,-23.4875525,-46.3821995,,,,2,2023-06-20T02:35:35+00:00
SAO_2202-10,São Paulo,3550308,True,,33678,,,-23.487579,-46.3837195,,,,2,2023-06-20T02:35:36+00:00
SAO_2202-10,São Paulo,3550308,True,,33678,,,-23.4875525,-46.3821995,,,,2,2023-06-20T02:33:32+00:00
SAO_2202-10,São Paulo,3550308,True,,33678,,,-23.541795,-46.415766,,,,2,2023-06-20T02:35:27+00:00
SAO_2202-10,São Paulo,3550308,True,,33678,,,-23.488027000000002,-46.3826605,,,,2,2023-06-20T02:35:25+00:00
SAO_2202-10,São Paulo,3550308,True,,33678,,,-23.48792525,-46.382452,,,,2,2023-06-20T02:35:34+00:00
SAO_2202-10,São Paulo,3550308,True,,33678,,,-23.541742499999998,-46.415893499999996,,,,2,2023-06-20T02:34:54+00:00
SAO_2202-10,São Paulo,3550308,True,,33678,,,-23.48792525,-46.382452,,,,2,2023-06-20T02:34:33+00:00
SAO_2202-10,São Paulo,3550308,True,,33678,,,-23.4965635,-46.393099,,,,2,2023-06-20T02:35:24+00:00
SAO_2716-10,São Paulo,3550308,True,,929,,,-23.509306249999998,-46.533319250000005,,,,1,2023-06-20T02:33:04+00:00
SAO_2716-10,São Paulo,3550308,True,,929,,,-23.524368000000003,-46.543893999999995,,,,1,2023-06-20T02:35:24+00:00
SAO_2716-10,São Paulo,3550308,True,,929,,,-23.508803,-46.5315055,,,,1,2023-06-20T02:35:34+00:00
SAO_9019-10,São Paulo,3550308,True,,1433,,,-23.4780065,-46.713728,,,,1,2023-06-20T02:35:03+00:00
SAO_9019-10,São Paulo,3550308,True,,1433,,,-23.4545785,-46.7102915,,,,1,2023-06-20T02:35:18+00:00
SAO_9019-10,São Paulo,3550308,True,,1433,,,-23.4545785,-46.7102915,,,,1,2023-06-20T02:34:30+00:00
SAO_9019-10,São Paulo,3550308,True,,1433,,,-23.4866665,-46.7276625,,,,1,2023-06-20T02:35:14+00:00
SAO_9019-10,São Paulo,3550308,True,,1433,,,-23.4545785,-46.7102915,,,,1,2023-06-20T02:35:27+00:00
SAO_9019-10,São Paulo,3550308,True,,1433,,,-23.4545785,-46.7102915,,,,1,2023-06-20T02:35:19+00:00
SAO_408A-10,São Paulo,3550308,True,,766,,,-23.560973375,-46.6315085,,,,1,2023-06-20T02:34:56+00:00
SAO_408A-10,São Paulo,3550308,True,,766,,,-23.5452495,-46.65403325,,,,1,2023-06-20T02:34:12+00:00
SAO_6003-10,São Paulo,3550308,True,,34240,,,-23.7377555,-46.6976535,,,,2,2023-06-20T02:32:43+00:00
SAO_6003-10,São Paulo,3550308,True,,34240,,,-23.739723,-46.702105,,,,2,2023-06-20T02:35:30+00:00
SAO_5018-10,São Paulo,3550308,True,,34260,,,-23.675765,-46.673557,,,,2,2023-06-20T02:34:53+00:00
SAO_5018-10,São Paulo,3550308,True,,34260,,,-23.681896000000002,-46.645326999999995,,,,2,2023-06-20T02:35:10+00:00
SAO_5018-10,São Paulo,3550308,True,,34260,,,-23.6877745,-46.6706635,,,,2,2023-06-20T02:35:19+00:00
SAO_5018-10,São Paulo,3550308,True,,34260,,,-23.693848,-46.657178,,,,2,2023-06-20T02:33:26+00:00
SAO_6010-10,São Paulo,3550308,True,,1202,,,-23.67006,-46.761515,,,,1,2023-06-20T02:35:06+00:00
SAO_6010-10,São Paulo,3550308,True,,1202,,,-23.688501,-46.7929115,,,,1,2023-06-20T02:35:29+00:00
SAO_6010-10,São Paulo,3550308,False,,1202,,,-23.6938785,-46.7945825,,,,1,2023-06-20T02:24:38+00:00
SAO_6010-10,São Paulo,3550308,True,,1202,,,-23.6669595,-46.743672000000004,,,,1,2023-06-20T02:35:28+00:00
SAO_6010-10,São Paulo,3550308,True,,1202,,,-23.667698,-46.736156,,,,1,2023-06-20T02:35:18+00:00
SAO_6010-10,São Paulo,3550308,True,,1202,,,-23.66398625,-46.782029,,,,1,2023-06-20T02:35:09+00:00
SAO_2016-10,São Paulo,3550308,True,,33670,,,-23.491642499999998,-46.387237999999996,,,,2,2023-06-20T02:35:35+00:00
SAO_2016-10,São Paulo,3550308,True,,33670,,,-23.502886,-46.376414,,,,2,2023-06-20T02:34:53+00:00
SAO_2016-10,São Paulo,3550308,True,,33670,,,-23.503359250000003,-46.375994750000004,,,,2,2023-06-20T02:35:27+00:00
SAO_2016-10,São Paulo,3550308,True,,33670,,,-23.50372375,-46.376094249999994,,,,2,2023-06-20T02:34:59+00:00
SAO_2016-10,São Paulo,3550308,True,,33670,,,-23.494168,-46.421308875,,,,2,2023-06-20T02:35:20+00:00
SAO_407T-10,São Paulo,3550308,True,,2202,,,-23.538669499999997,-46.4415705,,,,1,2023-06-20T02:35:25+00:00
SAO_407T-10,São Paulo,3550308,True,,2202,,,-23.537851125000003,-46.455333,,,,1,2023-06-20T02:32:55+00:00
SAO_875C-10,São Paulo,3550308,True,,33246,,,-23.59821575,-46.66649925,,,,2,2023-06-20T02:35:35+00:00
SAO_875C-10,São Paulo,3550308,True,,33246,,,-23.57759275,-46.686578499999996,,,,2,2023-06-20T02:35:34+00:00
SAO_875C-10,São Paulo,3550308,True,,33246,,,-23.519776,-46.70033,,,,2,2023-06-20T02:35:01+00:00
SAO_875C-10,São Paulo,3550308,True,,33246,,,-23.519804,-46.7002605,,,,2,2023-06-20T02:35:35+00:00
SAO_875C-10,São Paulo,3550308,True,,33246,,,-23.53233375,-46.718114,,,,2,2023-06-20T02:35:36+00:00
SAO_637V-10,São Paulo,3550308,True,,32872,,,-23.654928749999996,-46.70791425,,,,2,2023-06-20T02:34:59+00:00
SAO_9785-10,São Paulo,3550308,True,,33596,,,-23.4566515,-46.6990195,,,,2,2023-06-20T02:35:22+00:00
SAO_9785-10,São Paulo,3550308,True,,33596,,,-23.508481,-46.6851255,,,,2,2023-06-20T02:34:56+00:00
SAO_9785-10,São Paulo,3550308,True,,33596,,,-23.459164,-46.6987805,,,,2,2023-06-20T02:35:18+00:00
SAO_9785-10,São Paulo,3550308,True,,33596,,,-23.456477,-46.699,,,,2,2023-06-20T02:35:30+00:00
SAO_9785-10,São Paulo,3550308,True,,33596,,,-23.529152,-46.676625,,,,2,2023-06-20T02:35:32+00:00
SAO_9785-10,São Paulo,3550308,True,,33596,,,-23.478144999999998,-46.68554625,,,,2,2023-06-20T02:34:53+00:00
SAO_2765-10,São Paulo,3550308,True,EMTU,145,https://moovitapp.com/index/pt-br/transporte_p%C3%BAblico-line-145-Sao_Paulo-242-2038937-36419293-0,5.35,-23.506037499999998,-46.5233215,,,,1,2023-06-20T02:32:46+00:00
SAO_2765-10,São Paulo,3550308,True,EMTU,145,https://moovitapp.com/index/pt-br/transporte_p%C3%BAblico-line-145-Sao_Paulo-242-2038937-36419293-0,5.35,-23.5301775,-46.55544449999999,,,,1,2023-06-20T02:35:00+00:00
SAO_2765-10,São Paulo,3550308,True,EMTU,145,https://moovitapp.com/index/pt-br/transporte_p%C3%BAblico-line-145-Sao_Paulo-242-2038937-36419293-0,5.35,-23.495269,-46.497088000000005,,,,1,2023-06-20T02:32:02+00:00
SAO_2765-10,São Paulo,3550308,True,EMTU,145,https://moovitapp.com/index/pt-br/transporte_p%C3%BAblico-line-145-Sao_Paulo-242-2038937-36419293-0,5.35,-23.5397695,-46.576158,,,,1,2023-06-20T02:35:06+00:00
SAO_2765-10,São Paulo,3550308,True,EMTU,145,https://moovitapp.com/index/pt-br/transporte_p%C3%BAblico-line-145-Sao_Paulo-242-2038937-36419293-0,5.35,-23.493289,-46.493515,,,,1,2023-06-20T02:35:29+00:00
SAO_9047-10,São Paulo,3550308,True,,33651,,,-23.4613235,-46.713106499999995,,,,2,2023-06-20T02:35:03+00:00
SAO_9047-10,São Paulo,3550308,True,,33651,,,-23.494135999999997,-46.697305,,,,2,2023-06-20T02:35:26+00:00
SAO_9047-10,São Paulo,3550308,True,,33651,,,-23.4613235,-46.713106499999995,,,,2,2023-06-20T02:35:01+00:00
SAO_9047-10,São Paulo,3550308,True,,33651,,,-23.4613235,-46.713106499999995,,,,2,2023-06-20T02:35:07+00:00
SAO_9047-10,São Paulo,3550308,True,,33651,,,-23.469682749999997,-46.693912999999995,,,,2,2023-06-20T02:34:55+00:00
SAO_9047-10,São Paulo,3550308,True,,33651,,,-23.461603,-46.713289,,,,2,2023-06-20T02:35:09+00:00
SAO_9047-10,São Paulo,3550308,True,,33651,,,-23.4613235,-46.713106499999995,,,,2,2023-06-20T02:35:02+00:00
SAO_9047-10,São Paulo,3550308,True,,33651,,,-23.4613235,-46.713106499999995,,,,2,2023-06-20T02:35:21+00:00
SAO_9047-10,São Paulo,3550308,True,,33651,,,-23.508825,-46.689563625,,,,2,2023-06-20T02:35:02+00:00
SAO_1705-10,São Paulo,3550308,True,,33617,,,-23.447629,-46.589038,,,,2,2023-06-20T02:35:04+00:00
SAO_1705-10,São Paulo,3550308,True,,33617,,,-23.434625,-46.5839955,,,,2,2023-06-20T02:33:15+00:00
SAO_1705-10,São Paulo,3550308,True,,33617,,,-23.4376295,-46.586282,,,,2,2023-06-20T02:34:38+00:00
SAO_1705-10,São Paulo,3550308,True,,33617,,,-23.4807045,-46.60357325,,,,2,2023-06-20T02:32:51+00:00
SAO_1705-10,São Paulo,3550308,True,,33617,,,-23.434339,-46.58389525,,,,2,2023-06-20T02:29:33+00:00
SAO_1705-10,São Paulo,3550308,True,,33617,,,-23.4347015,-46.584086,,,,2,2023-06-20T02:31:48+00:00
SAO_1705-10,São Paulo,3550308,True,,33617,,,-23.4347015,-46.584086,,,,2,2023-06-20T02:35:25+00:00
SAO_1705-10,São Paulo,3550308,True,,33617,,,-23.4518975,-46.588847,,,,2,2023-06-20T02:35:16+00:00
SAO_1705-10,São Paulo,3550308,True,,33617,,,-23.480383,-46.602609,,,,2,2023-06-20T02:35:17+00:00
SAO_1705-10,São Paulo,3550308,True,,33617,,,-23.4347015,-46.584086,,,,2,2023-06-20T02:30:46+00:00
SAO_3731-10,São Paulo,3550308,True,,1028,,,-23.5455185,-46.513572499999995,,,,1,2023-06-20T02:34:55+00:00
SAO_3731-10,São Paulo,3550308,True,,1028,,,-23.563361999999998,-46.5018435,,,,1,2023-06-20T02:35:31+00:00
SAO_3731-10,São Paulo,3550308,True,,1028,,,-23.530232999999996,-46.527747875,,,,1,2023-06-20T02:35:11+00:00
SAO_3731-10,São Paulo,3550308,True,,1028,,,-23.539874,-46.516463,,,,1,2023-06-20T02:35:02+00:00
SAO_1756-10,São Paulo,3550308,True,,33315,,,-23.457787500000002,-46.6425785,,,,2,2023-06-20T02:35:06+00:00
SAO_1756-10,São Paulo,3550308,True,,33315,,,-23.49449225,-46.62656725,,,,2,2023-06-20T02:35:24+00:00
SAO_1756-10,São Paulo,3550308,True,,33315,,,-23.4697555,-46.64479125,,,,2,2023-06-20T02:35:20+00:00
SAO_1756-10,São Paulo,3550308,True,,33315,,,-23.4580645,-46.6433105,,,,2,2023-06-20T02:35:23+00:00
SAO_1756-10,São Paulo,3550308,True,,33315,,,-23.461689,-46.65046425,,,,2,2023-06-20T02:34:56+00:00
SAO_1756-10,São Paulo,3550308,True,,33315,,,-23.4580645,-46.6433105,,,,2,2023-06-20T02:35:18+00:00
SAO_8016-10,São Paulo,3550308,True,,34114,,,-23.4337735,-46.721267499999996,,,,2,2023-06-20T02:35:14+00:00
SAO_8016-10,São Paulo,3550308,True,,34114,,,-23.443813499999997,-46.735476500000004,,,,2,2023-06-20T02:35:13+00:00
SAO_8016-10,São Paulo,3550308,True,,34114,,,-23.4849325,-46.7233555,,,,2,2023-06-20T02:35:34+00:00
SAO_8016-10,São Paulo,3550308,True,,34114,,,-23.4435615,-46.735414500000005,,,,2,2023-06-20T02:35:07+00:00
SAO_8016-10,São Paulo,3550308,True,,34114,,,-23.444125,-46.735136999999995,,,,2,2023-06-20T02:35:13+00:00
SAO_8016-10,São Paulo,3550308,True,,34114,,,-23.450447,-46.719030000000004,,,,2,2023-06-20T02:35:07+00:00
SAO_8016-10,São Paulo,3550308,True,,34114,,,-23.433868750000002,-46.720385125,,,,2,2023-06-20T02:34:57+00:00
SAO_9354-10,São Paulo,3550308,True,,708,,,-23.537076999999996,-46.642129749999995,,,,1,2023-06-20T02:35:12+00:00
SAO_9354-10,São Paulo,3550308,True,,708,,,-23.542899,-46.636358,,,,1,2023-06-20T02:35:00+00:00
SAO_9354-10,São Paulo,3550308,True,,708,,,-23.496314125,-46.651985375,,,,1,2023-06-20T02:35:22+00:00
SAO_8038-10,São Paulo,3550308,True,,33565,,,-23.53488225,-46.76081775,,,,2,2023-06-20T02:35:31+00:00
SAO_8038-10,São Paulo,3550308,True,,33565,,,-23.547606000000002,-46.744284,,,,2,2023-06-20T02:35:30+00:00
SAO_8038-10,São Paulo,3550308,True,,33565,,,-23.5278925,-46.73974,,,,2,2023-06-20T02:35:07+00:00
SAO_8038-10,São Paulo,3550308,True,,33565,,,-23.5250945,-46.7134585,,,,2,2023-06-20T02:35:02+00:00
SAO_8038-10,São Paulo,3550308,True,,33565,,,-23.5192465,-46.7041905,,,,2,2023-06-20T02:35:23+00:00
SAO_8038-10,São Paulo,3550308,True,,33565,,,-23.546301749999998,-46.75584512500001,,,,2,2023-06-20T02:35:06+00:00
SAO_8038-10,São Paulo,3550308,True,,33565,,,-23.545554000000003,-46.75615225,,,,2,2023-06-20T02:35:28+00:00
SAO_8038-10,São Paulo,3550308,True,,33565,,,-23.53488225,-46.76081775,,,,2,2023-06-20T02:35:18+00:00
SAO_2025-10,São Paulo,3550308,True,,35035,,,-23.453883750000003,-46.57390825,,,,2,2023-06-20T02:33:50+00:00
SAO_2025-10,São Paulo,3550308,True,,35035,,,-23.46390975,-46.5834385,,,,2,2023-06-20T02:35:26+00:00
SAO_2025-10,São Paulo,3550308,True,,35035,,,-23.502243999999997,-46.623825,,,,2,2023-06-20T02:35:10+00:00
SAO_2025-10,São Paulo,3550308,True,,35035,,,-23.4509685,-46.57224025,,,,2,2023-06-20T02:34:51+00:00
SAO_2025-10,São Paulo,3550308,True,,35035,,,-23.4507355,-46.57235675,,,,2,2023-06-20T02:35:30+00:00
SAO_2025-10,São Paulo,3550308,True,,35035,,,-23.48756325,-46.6090005,,,,2,2023-06-20T02:35:29+00:00
SAO_118Y-10,São Paulo,3550308,True,EMTU,841,https://moovitapp.com/index/pt-br/transporte_p%C3%BAblico-line-841-Sao_Paulo-242-2038937-36419604-0,5.15,-23.4835115,-46.64952275,,,,1,2023-06-20T02:35:20+00:00
SAO_118Y-10,São Paulo,3550308,True,EMTU,841,https://moovitapp.com/index/pt-br/transporte_p%C3%BAblico-line-841-Sao_Paulo-242-2038937-36419604-0,5.15,-23.503732,-46.675767500000006,,,,1,2023-06-20T02:35:19+00:00
SAO_118Y-10,São Paulo,3550308,True,EMTU,841,https://moovitapp.com/index/pt-br/transporte_p%C3%BAblico-line-841-Sao_Paulo-242-2038937-36419604-0,5.15,-23.520253500000003,-46.7018945,,,,1,2023-06-20T02:35:19+00:00
SAO_4025-10,São Paulo,3550308,True,,1095,,,-23.60848,-46.554349,,,,1,2023-06-20T02:35:23+00:00
SAO_4025-10,São Paulo,3550308,True,,1095,,,-23.554034,-46.5762175,,,,1,2023-06-20T02:35:33+00:00
SAO_4025-10,São Paulo,3550308,True,,1095,,,-23.541552,-46.574095,,,,1,2023-06-20T02:35:08+00:00
SAO_4025-10,São Paulo,3550308,True,,1095,,,-23.540801000000002,-46.5759485,,,,1,2023-06-20T02:35:36+00:00
SAO_4025-10,São Paulo,3550308,True,,1095,,,-23.6057815,-46.565707,,,,1,2023-06-20T02:35:18+00:00
SAO_4025-10,São Paulo,3550308,True,,1095,,,-23.541552,-46.574095,,,,1,2023-06-20T02:34:56+00:00
SAO_4025-10,São Paulo,3550308,True,,1095,,,-23.577454,-46.576846,,,,1,2023-06-20T02:35:17+00:00
SAO_4025-10,São Paulo,3550308,True,,1095,,,-23.60848,-46.554349,,,,1,2023-06-20T02:35:37+00:00
SAO_1017-10,São Paulo,3550308,True,,34909,,,-23.4098515,-46.758000499999994,,,,2,2023-06-20T02:35:21+00:00
SAO_1017-10,São Paulo,3550308,True,,34909,,,-23.4136605,-46.750937,,,,2,2023-06-20T02:34:59+00:00
SAO_1017-10,São Paulo,3550308,True,,34909,,,-23.4133595,-46.750842000000006,,,,2,2023-06-20T02:35:04+00:00
SAO_1017-10,São Paulo,3550308,True,,34909,,,-23.413465000000002,-46.750836500000005,,,,2,2023-06-20T02:35:12+00:00
SAO_1017-10,São Paulo,3550308,True,,34909,,,-23.46156,-46.7149365,,,,2,2023-06-20T02:35:15+00:00
SAO_1017-10,São Paulo,3550308,True,,34909,,,-23.413556,-46.7508775,,,,2,2023-06-20T02:35:06+00:00
SAO_1017-10,São Paulo,3550308,True,,34909,,,-23.4136605,-46.750937,,,,2,2023-06-20T02:34:55+00:00
SAO_1017-10,São Paulo,3550308,True,,34909,,,-23.485255000000002,-46.709973000000005,,,,2,2023-06-20T02:34:58+00:00
SAO_1017-10,São Paulo,3550308,True,,34909,,,-23.48801675,-46.71355925,,,,2,2023-06-20T02:35:08+00:00
SAO_1017-10,São Paulo,3550308,True,,34909,,,-23.413239,-46.7508695,,,,2,2023-06-20T02:35:28+00:00
SAO_1017-10,São Paulo,3550308,True,,34909,,,-23.445864625,-46.717133375,,,,2,2023-06-20T02:35:20+00:00
SAO_1017-10,São Paulo,3550308,True,,34909,,,-23.4066435,-46.75870625,,,,2,2023-06-20T02:35:31+00:00
SAO_1017-10,São Paulo,3550308,True,,34909,,,-23.413556,-46.7508775,,,,2,2023-06-20T02:34:55+00:00
SAO_3462-10,São Paulo,3550308,True,,33015,,,-23.527414,-46.4551295,,,,2,2023-06-20T02:34:56+00:00
SAO_3462-10,São Paulo,3550308,True,,33015,,,-23.527414,-46.4551295,,,,2,2023-06-20T02:35:24+00:00
SAO_3462-10,São Paulo,3550308,True,,33015,,,-23.530039,-46.5277995,,,,2,2023-06-20T02:35:00+00:00
SAO_3462-10,São Paulo,3550308,True,,33015,,,-23.527654749999996,-46.4550565,,,,2,2023-06-20T02:35:08+00:00
SAO_3462-10,São Paulo,3550308,True,,33015,,,-23.5222145,-46.517661000000004,,,,2,2023-06-20T02:31:08+00:00
SAO_2026-10,São Paulo,3550308,True,,35037,,,-23.461197499999997,-46.582989999999995,,,,2,2023-06-20T02:35:06+00:00
SAO_2026-10,São Paulo,3550308,True,,35037,,,-23.468732125000002,-46.578811875,,,,2,2023-06-20T02:34:52+00:00
SAO_2710-10,São Paulo,3550308,True,,924,,,-23.529988,-46.5012995,,,,1,2023-06-20T02:35:14+00:00
SAO_2710-10,São Paulo,3550308,True,,924,,,-23.52537425,-46.50034825,,,,1,2023-06-20T02:35:31+00:00
SAO_2710-10,São Paulo,3550308,True,,924,,,-23.5228075,-46.487324,,,,1,2023-06-20T02:35:11+00:00
SAO_514T-10,São Paulo,3550308,True,,1671,,,-23.586758500000002,-46.544669,,,,1,2023-06-20T02:35:37+00:00
SAO_514T-10,São Paulo,3550308,True,,1671,,,-23.5852915,-46.5198505,,,,1,2023-06-20T02:35:26+00:00
SAO_514T-10,São Paulo,3550308,True,,1671,,,-23.594617999999997,-46.5263585,,,,1,2023-06-20T02:34:55+00:00
SAO_514T-10,São Paulo,3550308,True,,1671,,,-23.5927355,-46.499061499999996,,,,1,2023-06-20T02:34:54+00:00
SAO_514T-10,São Paulo,3550308,True,,1671,,,-23.585585000000002,-46.588202249999995,,,,1,2023-06-20T02:35:26+00:00
SAO_514T-10,São Paulo,3550308,True,,1671,,,-23.593101500000003,-46.498408749999996,,,,1,2023-06-20T02:35:24+00:00
SAO_514T-10,São Paulo,3550308,True,,1671,,,-23.579672125000002,-46.603774625,,,,1,2023-06-20T02:35:34+00:00
SAO_514T-10,São Paulo,3550308,True,,1671,,,-23.593101500000003,-46.498408749999996,,,,1,2023-06-20T02:34:53+00:00
SAO_6080-10,São Paulo,3550308,True,,33936,,,-23.734577,-46.696059000000005,,,,2,2023-06-20T02:35:08+00:00
SAO_6080-10,São Paulo,3550308,True,,33936,,,-23.713739750000002,-46.69859025,,,,2,2023-06-20T02:35:24+00:00
SAO_6080-10,São Paulo,3550308,True,,33936,,,-23.7530115,-46.6886865,,,,2,2023-06-20T02:35:21+00:00
SAO_6080-10,São Paulo,3550308,True,,33936,,,-23.675214499999996,-46.67882875,,,,2,2023-06-20T02:35:14+00:00
SAO_6080-10,São Paulo,3550308,True,,33936,,,-23.76084475,-46.6766135,,,,2,2023-06-20T02:34:54+00:00
SAO_3539-10,São Paulo,3550308,True,,33516,,,-23.5961365,-46.435144,,,,2,2023-06-20T02:35:32+00:00
SAO_3539-10,São Paulo,3550308,True,,33516,,,-23.594605,-46.4263055,,,,2,2023-06-20T02:35:14+00:00
SAO_3539-10,São Paulo,3550308,True,,33516,,,-23.601313750000003,-46.399062,,,,2,2023-06-20T02:35:00+00:00
SAO_3539-10,São Paulo,3550308,True,,33516,,,-23.6008165,-46.399510500000005,,,,2,2023-06-20T02:35:03+00:00
SAO_3539-10,São Paulo,3550308,True,,33516,,,-23.5666145,-46.465301,,,,2,2023-06-20T02:34:26+00:00
SAO_3539-10,São Paulo,3550308,True,,33516,,,-23.533186,-46.539032000000006,,,,2,2023-06-20T02:35:13+00:00
SAO_3539-10,São Paulo,3550308,True,,33516,,,-23.5388745,-46.486293,,,,2,2023-06-20T02:35:14+00:00
SAO_3539-10,São Paulo,3550308,True,,33516,,,-23.580627999999997,-46.411226,,,,2,2023-06-20T02:35:01+00:00
SAO_3539-10,São Paulo,3550308,True,,33516,,,-23.54540475,-46.59707125,,,,2,2023-06-20T02:35:04+00:00
SAO_3539-10,São Paulo,3550308,True,,33516,,,-23.543632000000002,-46.47131,,,,2,2023-06-20T02:35:14+00:00
SAO_3539-10,São Paulo,3550308,True,,33516,,,-23.602265,-46.398206,,,,2,2023-06-20T02:35:36+00:00
SAO_364A-10,São Paulo,3550308,True,,1246,,,-23.5816445,-46.597448,,,,1,2023-06-20T02:35:10+00:00
SAO_364A-10,São Paulo,3550308,True,,1246,,,-23.58335175,-46.612286125,,,,1,2023-06-20T02:34:54+00:00
SAO_364A-10,São Paulo,3550308,True,,1246,,,-23.5632085,-46.5012665,,,,1,2023-06-20T02:35:10+00:00
SAO_364A-10,São Paulo,3550308,True,,1246,,,-23.59661825,-46.528367,,,,1,2023-06-20T02:35:11+00:00
SAO_364A-10,São Paulo,3550308,True,,1246,,,-23.58358225,-46.612262875,,,,1,2023-06-20T02:35:35+00:00
SAO_364A-10,São Paulo,3550308,True,,1246,,,-23.58491075,-46.580710749999994,,,,1,2023-06-20T02:35:35+00:00
SAO_364A-10,São Paulo,3550308,True,,1246,,,-23.584756,-46.61188,,,,1,2023-06-20T02:35:02+00:00
SAO_364A-10,São Paulo,3550308,True,,1246,,,-23.5632085,-46.5012665,,,,1,2023-06-20T02:35:16+00:00
SAO_364A-10,São Paulo,3550308,True,,1246,,,-23.5660035,-46.5068395,,,,1,2023-06-20T02:35:22+00:00
SAO_364A-10,São Paulo,3550308,True,,1246,,,-23.6149045,-46.501684999999995,,,,1,2023-06-20T02:34:50+00:00
SAO_364A-10,São Paulo,3550308,True,,1246,,,-23.5632085,-46.5012665,,,,1,2023-06-20T02:35:34+00:00
SAO_364A-10,São Paulo,3550308,True,,1246,,,-23.5632085,-46.5012665,,,,1,2023-06-20T02:35:01+00:00
SAO_364A-10,São Paulo,3550308,True,,1246,,,-23.5866425,-46.4990935,,,,1,2023-06-20T02:35:16+00:00
SAO_7009-10,São Paulo,3550308,True,,1951,,,-23.704196500000002,-46.787588,,,,1,2023-06-20T02:35:20+00:00
SAO_7009-10,São Paulo,3550308,True,,1951,,,-23.7050515,-46.786481,,,,1,2023-06-20T02:34:54+00:00
SAO_7006-51,São Paulo,3550308,True,,34765,,,-23.7488905,-46.7831885,,,,2,2023-06-20T02:35:24+00:00
SAO_7006-51,São Paulo,3550308,True,,34765,,,-23.717299750000002,-46.78392325,,,,2,2023-06-20T02:35:26+00:00
SAO_7006-51,São Paulo,3550308,True,,34765,,,-23.661021499999997,-46.7695115,,,,2,2023-06-20T02:35:28+00:00
SAO_7006-51,São Paulo,3550308,True,,34765,,,-23.665391,-46.7707355,,,,2,2023-06-20T02:35:34+00:00
SAO_7006-51,São Paulo,3550308,True,,34765,,,-23.673530999999997,-46.773515,,,,2,2023-06-20T02:35:12+00:00
SAO_7006-51,São Paulo,3550308,True,,34765,,,-23.684307500000003,-46.770112749999996,,,,2,2023-06-20T02:35:11+00:00
SAO_7006-51,São Paulo,3550308,True,,34765,,,-23.74616,-46.780651500000005,,,,2,2023-06-20T02:35:05+00:00
SAO_7006-51,São Paulo,3550308,True,,34765,,,-23.71184525,-46.782389,,,,2,2023-06-20T02:35:13+00:00
SAO_7006-51,São Paulo,3550308,True,,34765,,,-23.74846875,-46.780725,,,,2,2023-06-20T02:34:57+00:00
SAO_6031-10,São Paulo,3550308,True,,92,,,-23.7379375,-46.697804500000004,,,,1,2023-06-20T02:34:53+00:00
SAO_6031-10,São Paulo,3550308,True,,92,,,-23.7544845,-46.708985999999996,,,,1,2023-06-20T02:35:38+00:00
SAO_6031-10,São Paulo,3550308,True,,92,,,-23.7379375,-46.697804500000004,,,,1,2023-06-20T02:35:27+00:00
SAO_6031-10,São Paulo,3550308,True,,92,,,-23.7379375,-46.697804500000004,,,,1,2023-06-20T02:29:15+00:00
SAO_6031-10,São Paulo,3550308,True,,92,,,-23.7379535,-46.697821,,,,1,2023-06-20T02:33:49+00:00
SAO_6031-10,São Paulo,3550308,True,,92,,,-23.754704,-46.709073000000004,,,,1,2023-06-20T02:35:10+00:00
SAO_6031-10,São Paulo,3550308,True,,92,,,-23.757741625,-46.702620625,,,,1,2023-06-20T02:35:09+00:00
SAO_233A-10,São Paulo,3550308,True,EMTU,249,https://moovitapp.com/index/pt-br/transporte_p%C3%BAblico-line-249-Sao_Paulo-242-2038937-58093193-0,5.4,-23.558199000000002,-46.522121,,,,1,2023-06-20T02:34:59+00:00
SAO_233A-10,São Paulo,3550308,True,EMTU,249,https://moovitapp.com/index/pt-br/transporte_p%C3%BAblico-line-249-Sao_Paulo-242-2038937-58093193-0,5.4,-23.478868,-46.420681,,,,1,2023-06-20T02:35:18+00:00
SAO_233A-10,São Paulo,3550308,True,EMTU,249,https://moovitapp.com/index/pt-br/transporte_p%C3%BAblico-line-249-Sao_Paulo-242-2038937-58093193-0,5.4,-23.485105312499996,-46.4347855625,,,,1,2023-06-20T02:33:37+00:00
SAO_233A-10,São Paulo,3550308,True,EMTU,249,https://moovitapp.com/index/pt-br/transporte_p%C3%BAblico-line-249-Sao_Paulo-242-2038937-58093193-0,5.4,-23.533164125,-46.490375875,,,,1,2023-06-20T02:34:41+00:00
SAO_513L-10,São Paulo,3550308,True,,1655,,,-23.59609875,-46.602071,,,,1,2023-06-20T02:35:17+00:00
SAO_513L-10,São Paulo,3550308,True,,1655,,,-23.603196500000003,-46.602447999999995,,,,1,2023-06-20T02:35:28+00:00
SAO_6014-10,São Paulo,3550308,True,,188,,,-23.7420645,-46.8001675,,,,1,2023-06-20T02:34:55+00:00
SAO_6014-10,São Paulo,3550308,True,,188,,,-23.7420645,-46.8001675,,,,1,2023-06-20T02:35:29+00:00
SAO_6014-10,São Paulo,3550308,True,,188,,,-23.6540465,-46.7115875,,,,1,2023-06-20T02:35:30+00:00
SAO_6014-10,São Paulo,3550308,True,,188,,,-23.698422,-46.779397,,,,1,2023-06-20T02:35:16+00:00
SAO_6014-10,São Paulo,3550308,True,,188,,,-23.7420645,-46.8001675,,,,1,2023-06-20T02:35:17+00:00
SAO_6014-10,São Paulo,3550308,True,,188,,,-23.673352,-46.745062000000004,,,,1,2023-06-20T02:35:18+00:00
SAO_6338-10,São Paulo,3550308,True,,1293,,,-23.596224,-46.65046425,,,,1,2023-06-20T02:35:18+00:00
SAO_6338-10,São Paulo,3550308,True,,1293,,,-23.6579255,-46.649455,,,,1,2023-06-20T02:35:00+00:00
SAO_6338-10,São Paulo,3550308,True,,1293,,,-23.617409000000002,-46.638910124999995,,,,1,2023-06-20T02:35:03+00:00
SAO_3003-10,São Paulo,3550308,True,,34565,,,-23.479100875,-46.421538125,,,,2,2023-06-20T02:35:28+00:00
SAO_3003-10,São Paulo,3550308,True,,34565,,,-23.48175225,-46.43053525,,,,2,2023-06-20T02:35:21+00:00
SAO_3003-10,São Paulo,3550308,True,,34565,,,-23.477591,-46.427966999999995,,,,2,2023-06-20T02:35:14+00:00
SAO_2105-10,São Paulo,3550308,True,,2247,,,-23.4865515,-46.6189555,,,,1,2023-06-20T02:35:00+00:00
SAO_4315-10,São Paulo,3550308,True,,2175,,,-23.547011,-46.62953,,,,1,2023-06-20T02:35:21+00:00
SAO_4315-10,São Paulo,3550308,True,,2175,,,-23.5491005,-46.536370500000004,,,,1,2023-06-20T02:35:04+00:00
SAO_4315-10,São Paulo,3550308,True,,2175,,,-23.545605000000002,-46.6263415,,,,1,2023-06-20T02:35:29+00:00
SAO_4315-10,São Paulo,3550308,True,,2175,,,-23.557735,-46.5230065,,,,1,2023-06-20T02:34:56+00:00
SAO_4315-10,São Paulo,3550308,True,,2175,,,-23.557613500000002,-46.5234665,,,,1,2023-06-20T02:34:55+00:00
SAO_4315-10,São Paulo,3550308,True,,2175,,,-23.5406615,-46.55180275,,,,1,2023-06-20T02:35:13+00:00
SAO_745M-10,São Paulo,3550308,True,,782,,,-23.670236,-46.761182500000004,,,,1,2023-06-20T02:35:05+00:00
SAO_745M-10,São Paulo,3550308,True,,782,,,-23.630615499999998,-46.768413,,,,1,2023-06-20T02:35:07+00:00
SAO_745M-10,São Paulo,3550308,True,,782,,,-23.669522,-46.735257,,,,1,2023-06-20T02:34:53+00:00
SAO_745M-10,São Paulo,3550308,True,,782,,,-23.653551,-46.777357,,,,1,2023-06-20T02:35:03+00:00
SAO_745M-10,São Paulo,3550308,True,,782,,,-23.630615499999998,-46.768413,,,,1,2023-06-20T02:35:02+00:00
SAO_745M-10,São Paulo,3550308,True,,782,,,-23.674441374999997,-46.700519375,,,,1,2023-06-20T02:35:02+00:00
SAO_745M-10,São Paulo,3550308,True,,782,,,-23.637383,-46.779483,,,,1,2023-06-20T02:35:11+00:00
SAO_745M-10,São Paulo,3550308,True,,782,,,-23.6619645,-46.769014,,,,1,2023-06-20T02:35:09+00:00
SAO_8545-10,São Paulo,3550308,True,,1364,,,-23.5149045,-46.698296,,,,1,2023-06-20T02:34:53+00:00
SAO_8545-10,São Paulo,3550308,True,,1364,,,-23.464375,-46.696474875,,,,1,2023-06-20T02:34:53+00:00
SAO_8545-10,São Paulo,3550308,True,,1364,,,-23.46927075,-46.67708125,,,,1,2023-06-20T02:35:32+00:00
SAO_4027-10,São Paulo,3550308,True,,33865,,,-23.593264,-46.489357999999996,,,,2,2023-06-20T02:35:11+00:00
SAO_4027-10,São Paulo,3550308,True,,33865,,,-23.591762062500003,-46.4891101875,,,,2,2023-06-20T02:35:07+00:00
SAO_4027-10,São Paulo,3550308,True,,33865,,,-23.628390500000002,-46.445684,,,,2,2023-06-20T02:35:09+00:00
SAO_4027-10,São Paulo,3550308,True,,33865,,,-23.5931925,-46.489129500000004,,,,2,2023-06-20T02:35:24+00:00
SAO_4027-10,São Paulo,3550308,True,,33865,,,-23.593264,-46.489357999999996,,,,2,2023-06-20T02:35:30+00:00
SAO_4027-10,São Paulo,3550308,True,,33865,,,-23.6199455,-46.46758025,,,,2,2023-06-20T02:34:58+00:00
SAO_8549-10,São Paulo,3550308,True,,33348,,,-23.436427374999997,-46.716528374999996,,,,2,2023-06-20T02:35:21+00:00
SAO_8549-10,São Paulo,3550308,True,,33348,,,-23.4895255,-46.6882965,,,,2,2023-06-20T02:35:04+00:00
SAO_8549-10,São Paulo,3550308,True,,33348,,,-23.455434500000003,-46.6937785,,,,2,2023-06-20T02:30:35+00:00
SAO_8549-10,São Paulo,3550308,True,,33348,,,-23.4503195,-46.7003875,,,,2,2023-06-20T02:34:57+00:00
SAO_8549-10,São Paulo,3550308,True,,33348,,,-23.5227815,-46.693587,,,,2,2023-06-20T02:35:33+00:00
SAO_8549-10,São Paulo,3550308,True,,33348,,,-23.542353,-46.6356995,,,,2,2023-06-20T02:35:15+00:00
SAO_6063-42,São Paulo,3550308,True,,34770,,,-23.809403,-46.6612485,,,,2,2023-06-20T02:35:22+00:00
SAO_6063-42,São Paulo,3550308,True,,34770,,,-23.794048500000002,-46.6870215,,,,2,2023-06-20T02:34:18+00:00
SAO_6063-42,São Paulo,3550308,True,,34770,,,-23.809403,-46.6612485,,,,2,2023-06-20T02:35:27+00:00
SAO_209P-10,São Paulo,3550308,True,,34984,,,-23.473060250000003,-46.6701395,,,,2,2023-06-20T02:34:58+00:00
SAO_209P-10,São Paulo,3550308,True,,34984,,,-23.485957374999998,-46.68112575000001,,,,2,2023-06-20T02:35:34+00:00
SAO_209P-10,São Paulo,3550308,True,,34984,,,-23.518386999999997,-46.677789,,,,2,2023-06-20T02:35:34+00:00
SAO_209P-10,São Paulo,3550308,True,,34984,,,-23.5229265,-46.66457275,,,,2,2023-06-20T02:35:20+00:00
SAO_209P-10,São Paulo,3550308,True,,34984,,,-23.567515,-46.69430799999999,,,,2,2023-06-20T02:35:23+00:00
SAO_209P-10,São Paulo,3550308,True,,34984,,,-23.5307635,-46.677147000000005,,,,2,2023-06-20T02:34:36+00:00
SAO_209P-10,São Paulo,3550308,True,,34984,,,-23.47223525,-46.670243,,,,2,2023-06-20T02:35:19+00:00
SAO_209P-10,São Paulo,3550308,True,,34984,,,-23.47249975,-46.670207000000005,,,,2,2023-06-20T02:35:00+00:00
SAO_209P-10,São Paulo,3550308,True,,34984,,,-23.47249975,-46.670207000000005,,,,2,2023-06-20T02:35:14+00:00
SAO_209P-10,São Paulo,3550308,True,,34984,,,-23.502398999999997,-46.6872455,,,,2,2023-06-20T02:35:20+00:00
SAO_9784-10,São Paulo,3550308,True,EMTU,827,https://moovitapp.com/index/pt-br/transporte_p%C3%BAblico-line-827-Sao_Paulo-242-2038937-36419596-0,12.1,-23.4503535,-46.683854999999994,,,,1,2023-06-20T02:35:13+00:00
SAO_9784-10,São Paulo,3550308,True,EMTU,827,https://moovitapp.com/index/pt-br/transporte_p%C3%BAblico-line-827-Sao_Paulo-242-2038937-36419596-0,12.1,-23.4503535,-46.683854999999994,,,,1,2023-06-20T02:35:12+00:00
SAO_9784-10,São Paulo,3550308,True,EMTU,827,https://moovitapp.com/index/pt-br/transporte_p%C3%BAblico-line-827-Sao_Paulo-242-2038937-36419596-0,12.1,-23.524385,-46.6672945,,,,1,2023-06-20T02:34:53+00:00
SAO_9784-10,São Paulo,3550308,True,EMTU,827,https://moovitapp.com/index/pt-br/transporte_p%C3%BAblico-line-827-Sao_Paulo-242-2038937-36419596-0,12.1,-23.4503535,-46.683854999999994,,,,1,2023-06-20T02:35:28+00:00
SAO_9784-10,São Paulo,3550308,True,EMTU,827,https://moovitapp.com/index/pt-br/transporte_p%C3%BAblico-line-827-Sao_Paulo-242-2038937-36419596-0,12.1,-23.4679605,-46.6687125,,,,1,2023-06-20T02:35:25+00:00
SAO_9784-10,São Paulo,3550308,True,EMTU,827,https://moovitapp.com/index/pt-br/transporte_p%C3%BAblico-line-827-Sao_Paulo-242-2038937-36419596-0,12.1,-23.4503535,-46.683854999999994,,,,1,2023-06-20T02:34:54+00:00
SAO_9784-10,São Paulo,3550308,True,EMTU,827,https://moovitapp.com/index/pt-br/transporte_p%C3%BAblico-line-827-Sao_Paulo-242-2038937-36419596-0,12.1,-23.4989875,-46.66416175,,,,1,2023-06-20T02:35:04+00:00
SAO_9784-10,São Paulo,3550308,True,EMTU,827,https://moovitapp.com/index/pt-br/transporte_p%C3%BAblico-line-827-Sao_Paulo-242-2038937-36419596-0,12.1,-23.48873075,-46.65277175,,,,1,2023-06-20T02:35:04+00:00
SAO_746H-10,São Paulo,3550308,True,,33553,,,-23.62803225,-46.73590874999999,,,,2,2023-06-20T02:34:51+00:00
SAO_746H-10,São Paulo,3550308,True,,33553,,,-23.5890605,-46.733563000000004,,,,2,2023-06-20T02:35:06+00:00
SAO_746H-10,São Paulo,3550308,True,,33553,,,-23.593502,-46.7526985,,,,2,2023-06-20T02:35:08+00:00
SAO_746H-10,São Paulo,3550308,True,,33553,,,-23.593532,-46.7529005,,,,2,2023-06-20T02:35:00+00:00
SAO_746H-10,São Paulo,3550308,True,,33553,,,-23.593532,-46.7529005,,,,2,2023-06-20T02:35:26+00:00
SAO_746H-10,São Paulo,3550308,True,,33553,,,-23.597497249999996,-46.75566725,,,,2,2023-06-20T02:35:27+00:00
SAO_709G-10,São Paulo,3550308,True,,2020,,,-23.6684445,-46.735211500000005,,,,1,2023-06-20T02:35:28+00:00
SAO_1745-10,São Paulo,3550308,True,,546,,,-23.513510625000002,-46.616156249999996,,,,1,2023-06-20T02:35:12+00:00
SAO_1745-10,São Paulo,3550308,True,,546,,,-23.473242499999998,-46.665350000000004,,,,1,2023-06-20T02:35:36+00:00
SAO_1745-10,São Paulo,3550308,True,,546,,,-23.473242499999998,-46.665350000000004,,,,1,2023-06-20T02:35:19+00:00
SAO_1745-10,São Paulo,3550308,True,,546,,,-23.500229625,-46.63319625,,,,1,2023-06-20T02:35:31+00:00
SAO_7006-10,São Paulo,3550308,True,,1995,,,-23.748323,-46.779411874999994,,,,1,2023-06-20T02:34:54+00:00
SAO_7006-10,São Paulo,3550308,True,,1995,,,-23.7307125,-46.785826,,,,1,2023-06-20T02:35:37+00:00
SAO_7006-10,São Paulo,3550308,True,,1995,,,-23.68714725,-46.77138625,,,,1,2023-06-20T02:35:01+00:00
SAO_7006-10,São Paulo,3550308,True,,1995,,,-23.7503745,-46.7771065,,,,1,2023-06-20T02:34:59+00:00
SAO_4001-10,São Paulo,3550308,True,,34944,,,-23.5501015,-46.456386499999994,,,,2,2023-06-20T02:34:09+00:00
SAO_4001-10,São Paulo,3550308,True,,34944,,,-23.552665750000003,-46.49403075,,,,2,2023-06-20T02:34:54+00:00
SAO_4001-10,São Paulo,3550308,True,,34944,,,-23.5373035,-46.44664225,,,,2,2023-06-20T02:35:11+00:00
SAO_PAEC-10,São Paulo,3550308,True,,34190,,,-23.503025,-46.6242335,,,,2,2023-06-20T02:35:29+00:00
SAO_9032-10,São Paulo,3550308,True,,33648,,,-23.446317,-46.6935345,,,,2,2023-06-20T02:34:52+00:00
SAO_9032-10,São Paulo,3550308,True,,33648,,,-23.4665345,-46.6792645,,,,2,2023-06-20T02:35:02+00:00
SAO_9032-10,São Paulo,3550308,True,,33648,,,-23.4748585,-46.670092,,,,2,2023-06-20T02:35:31+00:00
SAO_9032-10,São Paulo,3550308,True,,33648,,,-23.4515775,-46.6977865,,,,2,2023-06-20T02:35:12+00:00
SAO_9032-10,São Paulo,3550308,True,,33648,,,-23.445763999999997,-46.695572,,,,2,2023-06-20T02:35:05+00:00
SAO_9032-10,São Paulo,3550308,True,,33648,,,-23.448771,-46.6980535,,,,2,2023-06-20T02:35:33+00:00
SAO_407F-10,São Paulo,3550308,True,,2167,,,-23.612524999999998,-46.475811,,,,1,2023-06-20T02:34:55+00:00
SAO_407F-10,São Paulo,3550308,True,,2167,,,-23.613001,-46.4764665,,,,1,2023-06-20T02:34:58+00:00
SAO_407F-10,São Paulo,3550308,True,,2167,,,-23.562594,-46.559721,,,,1,2023-06-20T02:35:07+00:00
SAO_407F-10,São Paulo,3550308,True,,2167,,,-23.5696245,-46.5404715,,,,1,2023-06-20T02:34:58+00:00
SAO_407F-10,São Paulo,3550308,True,,2167,,,-23.613653,-46.4766475,,,,1,2023-06-20T02:35:07+00:00
SAO_809U-10,São Paulo,3550308,True,,2254,,,-23.5582955,-46.731899999999996,,,,1,2023-06-20T02:35:03+00:00
SAO_809U-10,São Paulo,3550308,True,,2254,,,-23.531169,-46.685606375000006,,,,1,2023-06-20T02:34:53+00:00
SAO_8026-10,São Paulo,3550308,True,,2083,,,-23.59181125,-46.73579,,,,1,2023-06-20T02:35:32+00:00
SAO_8026-10,São Paulo,3550308,True,,2083,,,-23.592765,-46.735299749999996,,,,1,2023-06-20T02:35:05+00:00
SAO_8026-10,São Paulo,3550308,True,,2083,,,-23.6328585,-46.747187,,,,1,2023-06-20T02:35:28+00:00
SAO_8026-10,São Paulo,3550308,True,,2083,,,-23.6328585,-46.747187,,,,1,2023-06-20T02:35:16+00:00
SAO_8026-10,São Paulo,3550308,True,,2083,,,-23.632385,-46.7469,,,,1,2023-06-20T02:35:03+00:00
SAO_8026-10,São Paulo,3550308,True,,2083,,,-23.60639225,-46.746075250000004,,,,1,2023-06-20T02:34:56+00:00
SAO_648P-10,São Paulo,3550308,True,,66,,,-23.565859,-46.7013775,,,,1,2023-06-20T02:35:13+00:00
SAO_648P-10,São Paulo,3550308,True,,66,,,-23.594386,-46.689881,,,,1,2023-06-20T02:35:36+00:00
SAO_648P-10,São Paulo,3550308,True,,66,,,-23.6545265,-46.762821,,,,1,2023-06-20T02:35:08+00:00
SAO_648P-10,São Paulo,3550308,True,,66,,,-23.6545265,-46.762821,,,,1,2023-06-20T02:35:26+00:00
SAO_648P-10,São Paulo,3550308,True,,66,,,-23.65537525,-46.761322750000005,,,,1,2023-06-20T02:35:22+00:00
SAO_677A-10,São Paulo,3550308,True,,1239,,,-23.690655,-46.774251500000005,,,,1,2023-06-20T02:35:20+00:00
SAO_677A-10,São Paulo,3550308,True,,1239,,,-23.690655,-46.774251500000005,,,,1,2023-06-20T02:35:19+00:00
SAO_677A-10,São Paulo,3550308,True,,1239,,,-23.646187,-46.7253785,,,,1,2023-06-20T02:34:58+00:00
SAO_677A-10,São Paulo,3550308,True,,1239,,,-23.597458500000002,-46.691092499999996,,,,1,2023-06-20T02:35:32+00:00
SAO_677A-10,São Paulo,3550308,True,,1239,,,-23.690655,-46.774251500000005,,,,1,2023-06-20T02:35:05+00:00
SAO_7053-10,São Paulo,3550308,True,,1887,,,-23.650121,-46.791531000000006,,,,1,2023-06-20T02:34:53+00:00
SAO_7053-10,São Paulo,3550308,True,,1887,,,-23.6316405,-46.772316,,,,1,2023-06-20T02:35:03+00:00
SAO_709P-10,São Paulo,3550308,True,,34761,,,-23.566262000000002,-46.7019875,,,,2,2023-06-20T02:35:19+00:00
SAO_709P-10,São Paulo,3550308,True,,34761,,,-23.6555685,-46.7219955,,,,2,2023-06-20T02:35:31+00:00
SAO_709P-10,São Paulo,3550308,True,,34761,,,-23.656046749999998,-46.72211349999999,,,,2,2023-06-20T02:35:32+00:00
SAO_709P-10,São Paulo,3550308,True,,34761,,,-23.590702125,-46.682472625,,,,2,2023-06-20T02:35:19+00:00
SAO_709P-10,São Paulo,3550308,True,,34761,,,-23.65607825,-46.722472499999995,,,,2,2023-06-20T02:35:19+00:00
SAO_709P-10,São Paulo,3550308,True,,34761,,,-23.5988225,-46.691124,,,,2,2023-06-20T02:34:58+00:00
SAO_709P-10,São Paulo,3550308,True,,34761,,,-23.65607825,-46.722472499999995,,,,2,2023-06-20T02:35:10+00:00
SAO_647P-10,São Paulo,3550308,True,,1316,,,-23.675376999999997,-46.7844185,,,,1,2023-06-20T02:35:19+00:00
SAO_647P-10,São Paulo,3550308,True,,1316,,,-23.653187625,-46.73823987499999,,,,1,2023-06-20T02:35:13+00:00
SAO_647P-10,São Paulo,3550308,True,,1316,,,-23.565806000000002,-46.7018425,,,,1,2023-06-20T02:35:32+00:00
SAO_647P-10,São Paulo,3550308,True,,1316,,,-23.59857875,-46.719541,,,,1,2023-06-20T02:35:12+00:00
SAO_647P-10,São Paulo,3550308,True,,1316,,,-23.565973999999997,-46.702011999999996,,,,1,2023-06-20T02:34:59+00:00
SAO_647P-10,São Paulo,3550308,True,,1316,,,-23.675376999999997,-46.7844185,,,,1,2023-06-20T02:34:58+00:00
SAO_5164-21,São Paulo,3550308,True,,34384,,,-23.642837999999998,-46.650896,,,,2,2023-06-20T02:35:26+00:00
SAO_5164-21,São Paulo,3550308,True,,34384,,,-23.653951,-46.645302,,,,2,2023-06-20T02:34:58+00:00
SAO_5164-21,São Paulo,3550308,True,,34384,,,-23.6526215,-46.6461985,,,,2,2023-06-20T02:35:34+00:00
SAO_5164-21,São Paulo,3550308,True,,34384,,,-23.597682,-46.636748,,,,2,2023-06-20T02:34:56+00:00
SAO_5164-21,São Paulo,3550308,True,,34384,,,-23.5962065,-46.65095975,,,,2,2023-06-20T02:35:25+00:00
SAO_5164-21,São Paulo,3550308,True,,34384,,,-23.652772499999998,-46.64590575,,,,2,2023-06-20T02:33:14+00:00
SAO_9181-10,São Paulo,3550308,True,,885,,,-23.4707805,-46.683771,,,,1,2023-06-20T02:35:11+00:00
SAO_9181-10,São Paulo,3550308,True,,885,,,-23.457559,-46.6963325,,,,1,2023-06-20T02:35:29+00:00
SAO_9181-10,São Paulo,3550308,True,,885,,,-23.52363175,-46.70185575,,,,1,2023-06-20T02:35:20+00:00
SAO_9181-10,São Paulo,3550308,True,,885,,,-23.457559,-46.6963325,,,,1,2023-06-20T02:35:13+00:00
SAO_9181-10,São Paulo,3550308,True,,885,,,-23.52059125,-46.701955375,,,,1,2023-06-20T02:35:02+00:00
SAO_9181-10,São Paulo,3550308,True,,885,,,-23.500258,-46.694131999999996,,,,1,2023-06-20T02:35:09+00:00
SAO_971R-10,São Paulo,3550308,True,,614,,,-23.4804065,-46.65626,,,,1,2023-06-20T02:35:13+00:00
SAO_971R-10,São Paulo,3550308,True,,614,,,-23.475507999999998,-46.664567500000004,,,,1,2023-06-20T02:35:01+00:00
SAO_971R-10,São Paulo,3550308,True,,614,,,-23.453954500000002,-46.7372915,,,,1,2023-06-20T02:34:53+00:00
SAO_971R-10,São Paulo,3550308,True,,614,,,-23.4597155,-46.6887385,,,,1,2023-06-20T02:35:13+00:00
SAO_971R-10,São Paulo,3550308,True,,614,,,-23.45906,-46.6869905,,,,1,2023-06-20T02:35:23+00:00
SAO_971R-10,São Paulo,3550308,True,,614,,,-23.501995,-46.625974,,,,1,2023-06-20T02:35:11+00:00
SAO_971R-10,São Paulo,3550308,True,,614,,,-23.5019995,-46.6255535,,,,1,2023-06-20T02:34:53+00:00
SAO_971R-10,São Paulo,3550308,True,,614,,,-23.454421500000002,-46.7374495,,,,1,2023-06-20T02:34:42+00:00
SAO_971R-10,São Paulo,3550308,True,,614,,,-23.4413925,-46.7078645,,,,1,2023-06-20T02:34:46+00:00
SAO_971R-10,São Paulo,3550308,True,,614,,,-23.461734,-46.684047,,,,1,2023-06-20T02:35:08+00:00
SAO_971R-10,São Paulo,3550308,True,,614,,,-23.454421500000002,-46.7374495,,,,1,2023-06-20T02:35:29+00:00
SAO_971R-10,São Paulo,3550308,True,,614,,,-23.501604,-46.624865,,,,1,2023-06-20T02:35:17+00:00
SAO_971R-10,São Paulo,3550308,True,,614,,,-23.43866575,-46.729177750000005,,,,1,2023-06-20T02:32:40+00:00
SAO_971R-10,São Paulo,3550308,True,,614,,,-23.449591499999997,-46.7349215,,,,1,2023-06-20T02:35:32+00:00
SAO_6075-10,São Paulo,3550308,True,,33930,,,-23.797590999999997,-46.738108499999996,,,,2,2023-06-20T02:34:53+00:00
SAO_6075-10,São Paulo,3550308,True,,33930,,,-23.769605,-46.7179785,,,,2,2023-06-20T02:35:20+00:00
SAO_6075-10,São Paulo,3550308,True,,33930,,,-23.797689499999997,-46.7382825,,,,2,2023-06-20T02:35:29+00:00
SAO_6075-10,São Paulo,3550308,True,,33930,,,-23.797689499999997,-46.7382825,,,,2,2023-06-20T02:34:59+00:00
SAO_6075-10,São Paulo,3550308,True,,33930,,,-23.79731,-46.737770999999995,,,,2,2023-06-20T02:35:20+00:00
SAO_179X-10,São Paulo,3550308,True,STT,680,https://moovitapp.com/index/pt-br/transporte_p%C3%BAblico-line-680-Sao_Paulo-242-850661-183334-0,5.3,-23.4844325,-46.600461499999994,,,,1,2023-06-20T02:35:35+00:00
SAO_179X-10,São Paulo,3550308,True,STT,680,https://moovitapp.com/index/pt-br/transporte_p%C3%BAblico-line-680-Sao_Paulo-242-850661-183334-0,5.3,-23.52415775,-46.628793,,,,1,2023-06-20T02:35:09+00:00
SAO_179X-10,São Paulo,3550308,True,STT,680,https://moovitapp.com/index/pt-br/transporte_p%C3%BAblico-line-680-Sao_Paulo-242-850661-183334-0,5.3,-23.432215,-46.571414000000004,,,,1,2023-06-20T02:35:19+00:00
SAO_179X-10,São Paulo,3550308,True,STT,680,https://moovitapp.com/index/pt-br/transporte_p%C3%BAblico-line-680-Sao_Paulo-242-850661-183334-0,5.3,-23.524804,-46.643707,,,,1,2023-06-20T02:35:24+00:00
SAO_179X-10,São Paulo,3550308,True,STT,680,https://moovitapp.com/index/pt-br/transporte_p%C3%BAblico-line-680-Sao_Paulo-242-850661-183334-0,5.3,-23.4503675,-46.5887135,,,,1,2023-06-20T02:34:59+00:00
SAO_179X-10,São Paulo,3550308,True,STT,680,https://moovitapp.com/index/pt-br/transporte_p%C3%BAblico-line-680-Sao_Paulo-242-850661-183334-0,5.3,-23.432215,-46.571414000000004,,,,1,2023-06-20T02:35:16+00:00
SAO_179X-10,São Paulo,3550308,True,STT,680,https://moovitapp.com/index/pt-br/transporte_p%C3%BAblico-line-680-Sao_Paulo-242-850661-183334-0,5.3,-23.432215,-46.571414000000004,,,,1,2023-06-20T02:34:52+00:00
SAO_857P-10,São Paulo,3550308,True,,1926,,,-23.59710275,-46.740068625000006,,,,1,2023-06-20T02:35:33+00:00
SAO_857P-10,São Paulo,3550308,True,,1926,,,-23.631026499999997,-46.773642,,,,1,2023-06-20T02:35:01+00:00
SAO_857P-10,São Paulo,3550308,True,,1926,,,-23.5683415,-46.685482750000006,,,,1,2023-06-20T02:35:35+00:00
SAO_857P-10,São Paulo,3550308,True,,1926,,,-23.558933500000002,-46.659415624999994,,,,1,2023-06-20T02:35:33+00:00
SAO_857P-10,São Paulo,3550308,True,,1926,,,-23.57616375,-46.643564749999996,,,,1,2023-06-20T02:35:00+00:00
SAO_857P-10,São Paulo,3550308,True,,1926,,,-23.622234,-46.760436999999996,,,,1,2023-06-20T02:34:57+00:00
SAO_5317-10,São Paulo,3550308,True,,69,,,-23.6047995,-46.663243375,,,,1,2023-06-20T02:35:17+00:00
SAO_5317-10,São Paulo,3550308,True,,69,,,-23.5520285,-46.6368765,,,,1,2023-06-20T02:35:13+00:00
SAO_5317-10,São Paulo,3550308,True,,69,,,-23.6836635,-46.6925075,,,,1,2023-06-20T02:35:16+00:00
SAO_5317-10,São Paulo,3550308,True,,69,,,-23.7212425,-46.6767315,,,,1,2023-06-20T02:35:00+00:00
SAO_5317-10,São Paulo,3550308,True,,69,,,-23.7212425,-46.6767315,,,,1,2023-06-20T02:35:03+00:00
SAO_9789-10,São Paulo,3550308,True,,829,,,-23.460588,-46.70847,,,,1,2023-06-20T02:35:08+00:00
SAO_9789-10,São Paulo,3550308,True,,829,,,-23.460588,-46.70847,,,,1,2023-06-20T02:34:52+00:00
SAO_9789-10,São Paulo,3550308,True,,829,,,-23.460588,-46.70847,,,,1,2023-06-20T02:35:13+00:00
SAO_9789-10,São Paulo,3550308,True,,829,,,-23.5232685,-46.669837,,,,1,2023-06-20T02:34:59+00:00
SAO_9789-10,São Paulo,3550308,True,,829,,,-23.500375249999998,-46.68403625,,,,1,2023-06-20T02:35:33+00:00
SAO_9789-10,São Paulo,3550308,True,,829,,,-23.4672475,-46.6982195,,,,1,2023-06-20T02:34:50+00:00
SAO_9789-10,São Paulo,3550308,True,,829,,,-23.460588,-46.70847,,,,1,2023-06-20T02:35:24+00:00
SAO_3761-10,São Paulo,3550308,True,,33819,,,-23.55839775,-46.51477475,,,,2,2023-06-20T02:35:21+00:00
SAO_3761-10,São Paulo,3550308,True,,33819,,,-23.53572825,-46.550912999999994,,,,2,2023-06-20T02:35:30+00:00
SAO_3761-10,São Paulo,3550308,True,,33819,,,-23.61803925,-46.42337725,,,,2,2023-06-20T02:35:08+00:00
SAO_3761-10,São Paulo,3550308,True,,33819,,,-23.596091,-46.453577,,,,2,2023-06-20T02:35:10+00:00
SAO_3761-10,São Paulo,3550308,True,,33819,,,-23.61803925,-46.42337725,,,,2,2023-06-20T02:35:21+00:00
SAO_3761-10,São Paulo,3550308,True,,33819,,,-23.61803925,-46.42337725,,,,2,2023-06-20T02:35:16+00:00
SAO_3761-10,São Paulo,3550308,True,,33819,,,-23.61839375,-46.42342575,,,,2,2023-06-20T02:34:58+00:00
SAO_3761-10,São Paulo,3550308,True,,33819,,,-23.600763,-46.4707405,,,,2,2023-06-20T02:34:58+00:00
SAO_3761-10,São Paulo,3550308,True,,33819,,,-23.595036,-46.440376,,,,2,2023-06-20T02:34:53+00:00
SAO_3761-10,São Paulo,3550308,True,,33819,,,-23.57896975,-46.49632475,,,,2,2023-06-20T02:35:08+00:00
SAO_748A-41,São Paulo,3550308,True,,33267,,,-23.595003,-46.760588,,,,2,2023-06-20T02:34:54+00:00
SAO_748A-41,São Paulo,3550308,True,,33267,,,-23.5522615,-46.7415435,,,,2,2023-06-20T02:35:32+00:00
SAO_8215-10,São Paulo,3550308,True,,33342,,,-23.461335,-46.70867325,,,,2,2023-06-20T02:34:57+00:00
SAO_8215-10,São Paulo,3550308,True,,33342,,,-23.5040325,-46.67317,,,,2,2023-06-20T02:35:34+00:00
SAO_8215-10,São Paulo,3550308,True,,33342,,,-23.486784999999998,-46.692744250000004,,,,2,2023-06-20T02:35:08+00:00
SAO_8215-10,São Paulo,3550308,True,,33342,,,-23.536074749999997,-46.651298249999996,,,,2,2023-06-20T02:35:22+00:00
SAO_1178-31,São Paulo,3550308,True,,1812,,,-23.507894,-46.533983000000006,,,,1,2023-06-20T02:35:23+00:00
SAO_1178-31,São Paulo,3550308,True,,1812,,,-23.54171975,-46.63517325,,,,1,2023-06-20T02:35:23+00:00
SAO_1178-31,São Paulo,3550308,True,,1812,,,-23.488965,-46.464329,,,,1,2023-06-20T02:33:33+00:00
SAO_1178-31,São Paulo,3550308,True,,1812,,,-23.504262,-46.433165,,,,1,2023-06-20T02:35:24+00:00
SAO_1178-31,São Paulo,3550308,True,,1812,,,-23.492328,-46.455492,,,,1,2023-06-20T02:33:01+00:00
SAO_5141-10,São Paulo,3550308,True,,34393,,,-23.603231,-46.5100695,,,,2,2023-06-20T02:35:20+00:00
SAO_5141-10,São Paulo,3550308,True,,34393,,,-23.613987,-46.5014315,,,,2,2023-06-20T02:34:58+00:00
SAO_5141-10,São Paulo,3550308,True,,34393,,,-23.614552,-46.500257000000005,,,,2,2023-06-20T02:35:20+00:00
SAO_5141-10,São Paulo,3550308,True,,34393,,,-23.5793985,-46.540804,,,,2,2023-06-20T02:35:23+00:00
SAO_5141-10,São Paulo,3550308,True,,34393,,,-23.55289175,-46.616635,,,,2,2023-06-20T02:34:59+00:00
SAO_4716-10,São Paulo,3550308,True,,33874,,,-23.601309,-46.602029875,,,,2,2023-06-20T02:35:10+00:00
SAO_4716-10,São Paulo,3550308,True,,33874,,,-23.609009,-46.62108550000001,,,,2,2023-06-20T02:35:34+00:00
SAO_4716-10,São Paulo,3550308,True,,33874,,,-23.620107500000003,-46.614956,,,,2,2023-06-20T02:34:53+00:00
SAO_4716-10,São Paulo,3550308,True,,33874,,,-23.59871175,-46.638375749999994,,,,2,2023-06-20T02:35:00+00:00
SAO_4716-10,São Paulo,3550308,True,,33874,,,-23.601309,-46.602029875,,,,2,2023-06-20T02:35:35+00:00
SAO_4716-10,São Paulo,3550308,True,,33874,,,-23.603154500000002,-46.603531000000004,,,,2,2023-06-20T02:35:19+00:00
SAO_971D-10,São Paulo,3550308,True,,709,,,-23.5129060625,-46.6160925,,,,1,2023-06-20T02:34:58+00:00
SAO_971D-10,São Paulo,3550308,True,,709,,,-23.477808,-46.662476999999996,,,,1,2023-06-20T02:34:55+00:00
SAO_971D-10,São Paulo,3550308,True,,709,,,-23.447513,-46.696985,,,,1,2023-06-20T02:35:06+00:00
SAO_971D-10,São Paulo,3550308,True,,709,,,-23.502999,-46.624904,,,,1,2023-06-20T02:35:06+00:00
SAO_971D-10,São Paulo,3550308,True,,709,,,-23.467713500000002,-46.6688845,,,,1,2023-06-20T02:35:27+00:00
SAO_971D-10,São Paulo,3550308,True,,709,,,-23.447513,-46.696985,,,,1,2023-06-20T02:35:14+00:00
SAO_5108-10,São Paulo,3550308,True,,1675,,,-23.650569,-46.614115999999996,,,,1,2023-06-20T02:35:21+00:00
SAO_5108-10,São Paulo,3550308,True,,1675,,,-23.55012275,-46.63123525,,,,1,2023-06-20T02:35:27+00:00
SAO_5108-10,São Paulo,3550308,True,,1675,,,-23.662623125000003,-46.619043625,,,,1,2023-06-20T02:35:19+00:00
SAO_5108-10,São Paulo,3550308,True,,1675,,,-23.619120000000002,-46.6196675,,,,1,2023-06-20T02:35:14+00:00
SAO_5108-10,São Paulo,3550308,True,,1675,,,-23.662393375,-46.618782874999994,,,,1,2023-06-20T02:35:02+00:00
SAO_5108-10,São Paulo,3550308,True,,1675,,,-23.650326,-46.614008999999996,,,,1,2023-06-20T02:34:58+00:00
SAO_5108-10,São Paulo,3550308,True,,1675,,,-23.5625755,-46.621151499999996,,,,1,2023-06-20T02:35:01+00:00
SAO_3725-41,São Paulo,3550308,True,,1531,,,-23.53594375,-46.537608750000004,,,,1,2023-06-20T02:35:30+00:00
SAO_3725-41,São Paulo,3550308,True,,1531,,,-23.5325795,-46.531303,,,,1,2023-06-20T02:35:16+00:00
SAO_637R-10,São Paulo,3550308,True,EMTU,196,https://moovitapp.com/index/pt-br/transporte_p%C3%BAblico-line-196-Sao_Paulo-242-2038937-36419323-0,4.85,-23.7207345,-46.77011,,,,1,2023-06-20T02:35:08+00:00
SAO_637R-10,São Paulo,3550308,True,EMTU,196,https://moovitapp.com/index/pt-br/transporte_p%C3%BAblico-line-196-Sao_Paulo-242-2038937-36419323-0,4.85,-23.7212645,-46.769678,,,,1,2023-06-20T02:35:25+00:00
SAO_637R-10,São Paulo,3550308,True,EMTU,196,https://moovitapp.com/index/pt-br/transporte_p%C3%BAblico-line-196-Sao_Paulo-242-2038937-36419323-0,4.85,-23.665815000000002,-46.7117615,,,,1,2023-06-20T02:35:18+00:00
SAO_637R-10,São Paulo,3550308,True,EMTU,196,https://moovitapp.com/index/pt-br/transporte_p%C3%BAblico-line-196-Sao_Paulo-242-2038937-36419323-0,4.85,-23.6873875,-46.771598,,,,1,2023-06-20T02:35:15+00:00
SAO_637R-10,São Paulo,3550308,True,EMTU,196,https://moovitapp.com/index/pt-br/transporte_p%C3%BAblico-line-196-Sao_Paulo-242-2038937-36419323-0,4.85,-23.6543835,-46.71337775000001,,,,1,2023-06-20T02:35:10+00:00
SAO_637R-10,São Paulo,3550308,True,EMTU,196,https://moovitapp.com/index/pt-br/transporte_p%C3%BAblico-line-196-Sao_Paulo-242-2038937-36419323-0,4.85,-23.654935000000002,-46.715513625,,,,1,2023-06-20T02:35:15+00:00
SAO_6026-10,São Paulo,3550308,True,,87,,,-23.685054,-46.691225,,,,1,2023-06-20T02:34:57+00:00
SAO_6026-10,São Paulo,3550308,True,,87,,,-23.748356,-46.703650999999994,,,,1,2023-06-20T02:35:18+00:00
SAO_8012-10,São Paulo,3550308,True,,2023,,,-23.571652,-46.7093685,,,,1,2023-06-20T02:35:09+00:00
SAO_8012-10,São Paulo,3550308,True,,2023,,,-23.568213999999998,-46.7399555,,,,1,2023-06-20T02:35:29+00:00
SAO_8012-10,São Paulo,3550308,True,,2023,,,-23.5685165,-46.7395165,,,,1,2023-06-20T02:35:34+00:00
SAO_8012-10,São Paulo,3550308,True,,2023,,,-23.568213999999998,-46.7399555,,,,1,2023-06-20T02:35:00+00:00
SAO_6084-10,São Paulo,3550308,True,,1169,,,-23.780870999999998,-46.672772,,,,1,2023-06-20T02:35:04+00:00
SAO_6084-10,São Paulo,3550308,True,,1169,,,-23.7732595,-46.681942,,,,1,2023-06-20T02:35:03+00:00
SAO_1743-10,São Paulo,3550308,True,,33311,,,-23.456415,-46.667734499999995,,,,2,2023-06-20T02:35:37+00:00
SAO_1743-10,São Paulo,3550308,True,,33311,,,-23.483748499999997,-46.6424735,,,,2,2023-06-20T02:35:26+00:00
SAO_1743-10,São Paulo,3550308,True,,33311,,,-23.4624885,-46.666263,,,,2,2023-06-20T02:35:21+00:00
SAO_1743-10,São Paulo,3550308,True,,33311,,,-23.4988015,-46.6265425,,,,2,2023-06-20T02:35:24+00:00
SAO_2060-10,São Paulo,3550308,True,,32902,,,-23.519024125,-46.475913874999996,,,,2,2023-06-20T02:35:05+00:00
SAO_7006-10,São Paulo,3550308,True,,34763,,,-23.7282675,-46.786224250000004,,,,2,2023-06-20T02:35:35+00:00
SAO_7006-10,São Paulo,3550308,True,,34763,,,-23.750621000000002,-46.7777445,,,,2,2023-06-20T02:35:37+00:00
SAO_7006-10,São Paulo,3550308,True,,34763,,,-23.750601,-46.777545,,,,2,2023-06-20T02:34:57+00:00
SAO_7006-10,São Paulo,3550308,True,,34763,,,-23.7505915,-46.777343,,,,2,2023-06-20T02:34:53+00:00
SAO_7006-10,São Paulo,3550308,True,,34763,,,-23.750601,-46.777545,,,,2,2023-06-20T02:35:21+00:00
SAO_7006-10,São Paulo,3550308,True,,34763,,,-23.698998,-46.7798875,,,,2,2023-06-20T02:35:09+00:00
SAO_7006-10,São Paulo,3550308,True,,34763,,,-23.71689475,-46.783696250000006,,,,2,2023-06-20T02:35:04+00:00
SAO_948A-10,São Paulo,3550308,True,,34191,,,-23.5075175,-46.70972375,,,,2,2023-06-20T02:35:10+00:00
SAO_948A-10,São Paulo,3550308,True,,34191,,,-23.4694535,-46.7135935,,,,2,2023-06-20T02:35:25+00:00
SAO_948A-10,São Paulo,3550308,True,,34191,,,-23.502506500000003,-46.721993999999995,,,,2,2023-06-20T02:35:01+00:00
SAO_948A-10,São Paulo,3550308,True,,34191,,,-23.5262005,-46.6741125,,,,2,2023-06-20T02:35:00+00:00
SAO_6039-21,São Paulo,3550308,True,,2493,,,-23.67924,-46.794810999999996,,,,1,2023-06-20T02:35:15+00:00
SAO_6039-21,São Paulo,3550308,True,,2493,,,-23.6621345,-46.779826,,,,1,2023-06-20T02:35:11+00:00
SAO_2722-31,São Paulo,3550308,True,,936,,,-23.5276115,-46.515388,,,,1,2023-06-20T02:35:27+00:00
SAO_2722-31,São Paulo,3550308,True,,936,,,-23.528614,-46.5162345,,,,1,2023-06-20T02:35:27+00:00
SAO_2722-31,São Paulo,3550308,True,,936,,,-23.514394000000003,-46.5029465,,,,1,2023-06-20T02:35:05+00:00
SAO_2722-31,São Paulo,3550308,True,,936,,,-23.528038000000002,-46.51586675,,,,1,2023-06-20T02:34:55+00:00
SAO_2722-31,São Paulo,3550308,True,,936,,,-23.528038000000002,-46.51586675,,,,1,2023-06-20T02:35:00+00:00
SAO_2722-31,São Paulo,3550308,True,,936,,,-23.5277435,-46.515541999999996,,,,1,2023-06-20T02:35:18+00:00
SAO_1722-10,São Paulo,3550308,True,,33632,,,-23.477163,-46.598418499999994,,,,2,2023-06-20T02:32:00+00:00
SAO_1722-10,São Paulo,3550308,True,,33632,,,-23.4796515,-46.602113,,,,2,2023-06-20T02:35:25+00:00
SAO_1722-10,São Paulo,3550308,True,,33632,,,-23.4686265,-46.591439,,,,2,2023-06-20T02:35:06+00:00
SAO_1722-10,São Paulo,3550308,True,,33632,,,-23.456634,-46.6017545,,,,2,2023-06-20T02:32:59+00:00
SAO_1722-10,São Paulo,3550308,True,,33632,,,-23.481932999999998,-46.673136,,,,2,2023-06-20T02:35:30+00:00
SAO_1722-10,São Paulo,3550308,True,,33632,,,-23.474655,-46.649848000000006,,,,2,2023-06-20T02:35:12+00:00
SAO_1722-10,São Paulo,3550308,True,,33632,,,-23.4798095,-46.601954500000005,,,,2,2023-06-20T02:35:13+00:00
SAO_1722-10,São Paulo,3550308,True,,33632,,,-23.464753,-46.629596500000005,,,,2,2023-06-20T02:33:48+00:00
SAO_1722-10,São Paulo,3550308,True,,33632,,,-23.482274500000003,-46.6728875,,,,2,2023-06-20T02:35:03+00:00
SAO_1722-10,São Paulo,3550308,True,,33632,,,-23.482122250000003,-46.671637000000004,,,,2,2023-06-20T02:35:33+00:00
SAO_3033-10,São Paulo,3550308,True,,33736,,,-23.5664515,-46.4168935,,,,2,2023-06-20T02:35:34+00:00
SAO_3033-10,São Paulo,3550308,True,,33736,,,-23.56796,-46.417097999999996,,,,2,2023-06-20T02:34:38+00:00
SAO_3033-10,São Paulo,3550308,True,,33736,,,-23.594221,-46.4200175,,,,2,2023-06-20T02:34:22+00:00
SAO_3033-10,São Paulo,3550308,True,,33736,,,-23.603718125,-46.470752250000004,,,,2,2023-06-20T02:35:08+00:00
SAO_3033-10,São Paulo,3550308,True,,33736,,,-23.5682215,-46.41723,,,,2,2023-06-20T02:34:33+00:00
SAO_3033-10,São Paulo,3550308,True,,33736,,,-23.5682215,-46.41723,,,,2,2023-06-20T02:34:00+00:00
SAO_3033-10,São Paulo,3550308,True,,33736,,,-23.59494,-46.4498545,,,,2,2023-06-20T02:35:19+00:00
SAO_3033-10,São Paulo,3550308,True,,33736,,,-23.6114825,-46.475153000000006,,,,2,2023-06-20T02:35:18+00:00
SAO_3033-10,São Paulo,3550308,True,,33736,,,-23.59623,-46.435365000000004,,,,2,2023-06-20T02:35:26+00:00
SAO_7021-10,São Paulo,3550308,True,,34757,,,-23.6436865,-46.7336655,,,,2,2023-06-20T02:35:06+00:00
SAO_7021-10,São Paulo,3550308,True,,34757,,,-23.671077500000003,-46.768358000000006,,,,2,2023-06-20T02:34:52+00:00
SAO_7021-10,São Paulo,3550308,True,,34757,,,-23.671203,-46.768555000000006,,,,2,2023-06-20T02:35:17+00:00
SAO_7021-10,São Paulo,3550308,True,,34757,,,-23.6706775,-46.767814,,,,2,2023-06-20T02:35:19+00:00
SAO_7021-10,São Paulo,3550308,True,,34757,,,-23.674899500000002,-46.748306,,,,2,2023-06-20T02:35:29+00:00
SAO_8600-10,São Paulo,3550308,True,,1432,,,-23.486732,-46.726426000000004,,,,1,2023-06-20T02:35:04+00:00
SAO_8600-10,São Paulo,3550308,True,,1432,,,-23.4866745,-46.725972999999996,,,,1,2023-06-20T02:35:07+00:00
SAO_8600-10,São Paulo,3550308,True,,1432,,,-23.4857985,-46.72474375,,,,1,2023-06-20T02:35:10+00:00
SAO_8600-10,São Paulo,3550308,True,,1432,,,-23.517496875,-46.68171375,,,,1,2023-06-20T02:35:23+00:00
SAO_8600-10,São Paulo,3550308,True,,1432,,,-23.486732,-46.726426000000004,,,,1,2023-06-20T02:35:35+00:00
SAO_8600-10,São Paulo,3550308,True,,1432,,,-23.5429375,-46.6376305,,,,1,2023-06-20T02:35:33+00:00
SAO_8600-10,São Paulo,3550308,True,,1432,,,-23.5335615,-46.644628250000004,,,,1,2023-06-20T02:35:34+00:00
SAO_179X-10,São Paulo,3550308,True,,33448,,,-23.432447249999996,-46.57144625,,,,2,2023-06-20T02:34:58+00:00
SAO_179X-10,São Paulo,3550308,True,,33448,,,-23.432761749999997,-46.57149675,,,,2,2023-06-20T02:35:34+00:00
SAO_179X-10,São Paulo,3550308,True,,33448,,,-23.526212,-46.6527775,,,,2,2023-06-20T02:35:16+00:00
SAO_179X-10,São Paulo,3550308,True,,33448,,,-23.439095000000002,-46.580143500000005,,,,2,2023-06-20T02:35:20+00:00
SAO_179X-10,São Paulo,3550308,True,,33448,,,-23.526170875,-46.640417,,,,2,2023-06-20T02:35:11+00:00
SAO_179X-10,São Paulo,3550308,True,,33448,,,-23.524798750000002,-46.62529075,,,,2,2023-06-20T02:35:20+00:00
SAO_179X-10,São Paulo,3550308,True,,33448,,,-23.482623500000003,-46.602115999999995,,,,2,2023-06-20T02:35:01+00:00
SAO_179X-10,São Paulo,3550308,True,,33448,,,-23.432215,-46.571414000000004,,,,2,2023-06-20T02:34:59+00:00
SAO_179X-10,São Paulo,3550308,True,,33448,,,-23.432215,-46.571414000000004,,,,2,2023-06-20T02:35:22+00:00
SAO_179X-10,São Paulo,3550308,True,,33448,,,-23.5264125,-46.667292,,,,2,2023-06-20T02:35:10+00:00
SAO_179X-10,São Paulo,3550308,True,,33448,,,-23.436664,-46.576365499999994,,,,2,2023-06-20T02:34:55+00:00
SAO_179X-10,São Paulo,3550308,True,,33448,,,-23.4356425,-46.573656,,,,2,2023-06-20T02:35:09+00:00
SAO_6258-10,São Paulo,3550308,True,,34000,,,-23.6553375,-46.7077755,,,,2,2023-06-20T02:35:11+00:00
SAO_6258-10,São Paulo,3550308,True,,34000,,,-23.669065000000003,-46.7337665,,,,2,2023-06-20T02:35:33+00:00
SAO_6258-10,São Paulo,3550308,True,,34000,,,-23.688465,-46.742569625,,,,2,2023-06-20T02:35:14+00:00
SAO_9717-10,São Paulo,3550308,True,,33585,,,-23.5143345,-46.637333999999996,,,,2,2023-06-20T02:35:22+00:00
SAO_9717-10,São Paulo,3550308,True,,33585,,,-23.463628,-46.6811755,,,,2,2023-06-20T02:34:56+00:00
SAO_9717-10,São Paulo,3550308,True,,33585,,,-23.507103,-46.67362525,,,,2,2023-06-20T02:34:51+00:00
SAO_9717-10,São Paulo,3550308,True,,33585,,,-23.490685,-46.6888225,,,,2,2023-06-20T02:35:28+00:00
SAO_9717-10,São Paulo,3550308,True,,33585,,,-23.463628,-46.6811755,,,,2,2023-06-20T02:35:14+00:00
SAO_669A-10,São Paulo,3550308,True,,4,,,-23.654157,-46.7105825,,,,1,2023-06-20T02:35:16+00:00
SAO_669A-10,São Paulo,3550308,True,,4,,,-23.60327675,-46.674589375,,,,1,2023-06-20T02:35:31+00:00
SAO_669A-10,São Paulo,3550308,True,,4,,,-23.56352975,-46.653893,,,,1,2023-06-20T02:35:34+00:00
SAO_669A-10,São Paulo,3550308,True,,4,,,-23.54033175,-46.646415250000004,,,,1,2023-06-20T02:35:37+00:00
SAO_273V-10,São Paulo,3550308,True,EMTU,231,https://moovitapp.com/index/pt-br/transporte_p%C3%BAblico-line-231-Sao_Paulo-242-2038937-36419348-0,6.2,-23.520441499999997,-46.441207,,,,1,2023-06-20T02:34:46+00:00
SAO_273V-10,São Paulo,3550308,True,EMTU,231,https://moovitapp.com/index/pt-br/transporte_p%C3%BAblico-line-231-Sao_Paulo-242-2038937-36419348-0,6.2,-23.5315665,-46.5462215,,,,1,2023-06-20T02:35:28+00:00
SAO_3718-10,São Paulo,3550308,True,,1013,,,-23.549149,-46.483338,,,,1,2023-06-20T02:35:22+00:00
SAO_3718-10,São Paulo,3550308,True,,1013,,,-23.557025,-46.4865765,,,,1,2023-06-20T02:35:03+00:00
SAO_3718-10,São Paulo,3550308,True,,1013,,,-23.54176,-46.4834655,,,,1,2023-06-20T02:35:08+00:00
SAO_3718-10,São Paulo,3550308,True,,1013,,,-23.5536655,-46.4905825,,,,1,2023-06-20T02:35:10+00:00
SAO_3718-10,São Paulo,3550308,True,,1013,,,-23.5581505,-46.486155499999995,,,,1,2023-06-20T02:35:34+00:00
SAO_8055-10,São Paulo,3550308,True,,33182,,,-23.40684075,-46.741124375,,,,2,2023-06-20T02:35:22+00:00
SAO_8055-10,São Paulo,3550308,True,,33182,,,-23.408132000000002,-46.741365,,,,2,2023-06-20T02:34:59+00:00
SAO_8055-10,São Paulo,3550308,True,,33182,,,-23.451622,-46.7868,,,,2,2023-06-20T02:35:21+00:00
SAO_8055-10,São Paulo,3550308,True,,33182,,,-23.408328,-46.741003,,,,2,2023-06-20T02:35:02+00:00
SAO_8055-10,São Paulo,3550308,True,,33182,,,-23.408123,-46.741294999999994,,,,2,2023-06-20T02:35:13+00:00
SAO_8055-10,São Paulo,3550308,True,,33182,,,-23.406710750000002,-46.756283249999996,,,,2,2023-06-20T02:35:10+00:00
SAO_8055-10,São Paulo,3550308,True,,33182,,,-23.408178,-46.7411865,,,,2,2023-06-20T02:35:19+00:00
SAO_312N-10,São Paulo,3550308,True,,990,,,-23.4910945,-46.441233999999994,,,,1,2023-06-20T02:35:16+00:00
SAO_312N-10,São Paulo,3550308,True,,990,,,-23.5390525,-46.4079415,,,,1,2023-06-20T02:35:26+00:00
SAO_312N-10,São Paulo,3550308,True,,990,,,-23.491016,-46.441969,,,,1,2023-06-20T02:35:19+00:00
SAO_312N-10,São Paulo,3550308,True,,990,,,-23.57007,-46.407599000000005,,,,1,2023-06-20T02:35:08+00:00
SAO_312N-10,São Paulo,3550308,True,,990,,,-23.494298,-46.422852625,,,,1,2023-06-20T02:35:05+00:00
SAO_312N-10,São Paulo,3550308,True,,990,,,-23.5563935,-46.4003975,,,,1,2023-06-20T02:34:04+00:00
SAO_312N-10,São Paulo,3550308,True,,990,,,-23.58160375,-46.410514875000004,,,,1,2023-06-20T02:34:57+00:00
SAO_312N-10,São Paulo,3550308,True,,990,,,-23.5010445,-46.411227,,,,1,2023-06-20T02:35:06+00:00
SAO_312N-10,São Paulo,3550308,True,,990,,,-23.543450999999997,-46.411865,,,,1,2023-06-20T02:35:24+00:00
SAO_6913-10,São Paulo,3550308,True,,34233,,,-23.5600355,-46.654938,,,,2,2023-06-20T02:35:16+00:00
SAO_6913-10,São Paulo,3550308,True,,34233,,,-23.71853,-46.6989005,,,,2,2023-06-20T02:35:05+00:00
SAO_6913-10,São Paulo,3550308,True,,34233,,,-23.752014250000002,-46.710977,,,,2,2023-06-20T02:35:25+00:00
SAO_6913-10,São Paulo,3550308,True,,34233,,,-23.66929325,-46.712149000000004,,,,2,2023-06-20T02:34:57+00:00
SAO_6913-10,São Paulo,3550308,True,,34233,,,-23.62236175,-46.684608999999995,,,,2,2023-06-20T02:35:21+00:00
SAO_6913-10,São Paulo,3550308,True,,34233,,,-23.7505585,-46.7104225,,,,2,2023-06-20T02:35:06+00:00
SAO_6913-10,São Paulo,3550308,True,,34233,,,-23.766568499999998,-46.7173235,,,,2,2023-06-20T02:34:52+00:00
SAO_6913-10,São Paulo,3550308,True,,34233,,,-23.665322,-46.71104,,,,2,2023-06-20T02:35:19+00:00
SAO_6913-10,São Paulo,3550308,True,,34233,,,-23.552871,-46.647738000000004,,,,2,2023-06-20T02:35:33+00:00
SAO_6913-10,São Paulo,3550308,True,,34233,,,-23.7178115,-46.699947,,,,2,2023-06-20T02:35:02+00:00
SAO_6817-10,São Paulo,3550308,True,,27,,,-23.6812735,-46.78122075,,,,1,2023-06-20T02:35:30+00:00
SAO_6817-10,São Paulo,3550308,True,,27,,,-23.6760265,-46.7747005,,,,1,2023-06-20T02:34:54+00:00
SAO_5630-10,São Paulo,3550308,True,,78,,,-23.7374635,-46.697805,,,,1,2023-06-20T02:34:53+00:00
SAO_5630-10,São Paulo,3550308,True,,78,,,-23.587155,-46.652510500000005,,,,1,2023-06-20T02:34:54+00:00
SAO_5630-10,São Paulo,3550308,True,,78,,,-23.7374635,-46.697805,,,,1,2023-06-20T02:35:31+00:00
SAO_5630-10,São Paulo,3550308,True,,78,,,-23.7374635,-46.697805,,,,1,2023-06-20T02:35:08+00:00
SAO_5630-10,São Paulo,3550308,True,,78,,,-23.7374635,-46.697805,,,,1,2023-06-20T02:35:27+00:00
SAO_5630-10,São Paulo,3550308,True,,78,,,-23.722478000000002,-46.697953,,,,1,2023-06-20T02:35:08+00:00
SAO_5630-10,São Paulo,3550308,True,,78,,,-23.6771695,-46.681231499999996,,,,1,2023-06-20T02:35:19+00:00
SAO_5630-10,São Paulo,3550308,True,,78,,,-23.7374635,-46.697805,,,,1,2023-06-20T02:35:07+00:00
SAO_5630-10,São Paulo,3550308,True,,78,,,-23.7374635,-46.697805,,,,1,2023-06-20T02:35:20+00:00
SAO_857C-10,São Paulo,3550308,True,,34669,,,-23.6312955,-46.773033999999996,,,,2,2023-06-20T02:35:05+00:00
SAO_857C-10,São Paulo,3550308,True,,34669,,,-23.631258,-46.773112999999995,,,,2,2023-06-20T02:35:08+00:00
SAO_857C-10,São Paulo,3550308,True,,34669,,,-23.6313825,-46.77286,,,,2,2023-06-20T02:34:57+00:00
SAO_857C-10,São Paulo,3550308,True,,34669,,,-23.6312955,-46.773033999999996,,,,2,2023-06-20T02:35:27+00:00
SAO_857C-10,São Paulo,3550308,True,,34669,,,-23.640850999999998,-46.7363245,,,,2,2023-06-20T02:35:19+00:00
SAO_857C-10,São Paulo,3550308,True,,34669,,,-23.625845750000003,-46.67615775,,,,2,2023-06-20T02:35:14+00:00
SAO_857C-10,São Paulo,3550308,True,,34669,,,-23.646441,-46.706303500000004,,,,2,2023-06-20T02:35:23+00:00
SAO_5091-10,São Paulo,3550308,True,,34291,,,-23.68224575,-46.6769735,,,,2,2023-06-20T02:35:23+00:00
SAO_5091-10,São Paulo,3550308,True,,34291,,,-23.6877745,-46.6706635,,,,2,2023-06-20T02:35:33+00:00
SAO_5091-10,São Paulo,3550308,True,,34291,,,-23.633644,-46.64378,,,,2,2023-06-20T02:35:30+00:00
SAO_5091-10,São Paulo,3550308,True,,34291,,,-23.6970555,-46.673522500000004,,,,2,2023-06-20T02:35:27+00:00
SAO_5091-10,São Paulo,3550308,True,,34291,,,-23.688026999999998,-46.6708105,,,,2,2023-06-20T02:35:21+00:00
SAO_6017-10,São Paulo,3550308,True,,1206,,,-23.6615745,-46.705359,,,,1,2023-06-20T02:35:28+00:00
SAO_6017-10,São Paulo,3550308,True,,1206,,,-23.669815749999998,-46.73685449999999,,,,1,2023-06-20T02:35:12+00:00
SAO_6017-10,São Paulo,3550308,True,,1206,,,-23.69731,-46.776531,,,,1,2023-06-20T02:35:05+00:00
SAO_6017-10,São Paulo,3550308,True,,1206,,,-23.646524499999998,-46.704567999999995,,,,1,2023-06-20T02:35:15+00:00
SAO_695T-10,São Paulo,3550308,True,,1322,,,-23.649198,-46.7526175,,,,1,2023-06-20T02:35:21+00:00
SAO_695T-10,São Paulo,3550308,True,,1322,,,-23.637971375,-46.69459475000001,,,,1,2023-06-20T02:35:24+00:00
SAO_695T-10,São Paulo,3550308,True,,1322,,,-23.5902095,-46.6349445,,,,1,2023-06-20T02:35:13+00:00
SAO_695T-10,São Paulo,3550308,True,,1322,,,-23.654826,-46.761785,,,,1,2023-06-20T02:34:56+00:00
SAO_695T-10,São Paulo,3550308,True,,1322,,,-23.596650750000002,-46.648020125,,,,1,2023-06-20T02:34:58+00:00
SAO_695T-10,São Paulo,3550308,True,,1322,,,-23.654826,-46.761785,,,,1,2023-06-20T02:35:25+00:00
SAO_1772-10,São Paulo,3550308,True,,33403,,,-23.4790915,-46.6027435,,,,2,2023-06-20T02:31:57+00:00
SAO_1772-10,São Paulo,3550308,True,,33403,,,-23.4349075,-46.581235,,,,2,2023-06-20T02:35:07+00:00
SAO_1772-10,São Paulo,3550308,True,,33403,,,-23.4352895,-46.5818785,,,,2,2023-06-20T02:34:52+00:00
SAO_1772-10,São Paulo,3550308,True,,33403,,,-23.435454,-46.582171,,,,2,2023-06-20T02:34:51+00:00
SAO_1772-10,São Paulo,3550308,True,,33403,,,-23.449978,-46.587942,,,,2,2023-06-20T02:35:33+00:00
SAO_1772-10,São Paulo,3550308,True,,33403,,,-23.4349075,-46.581235,,,,2,2023-06-20T02:35:32+00:00
SAO_1772-10,São Paulo,3550308,True,,33403,,,-23.435150999999998,-46.581629,,,,2,2023-06-20T02:35:14+00:00
SAO_695X-10,São Paulo,3550308,True,,1441,,,-23.67970975,-46.68644525,,,,1,2023-06-20T02:35:13+00:00
SAO_695X-10,São Paulo,3550308,True,,1441,,,-23.735196000000002,-46.699056,,,,1,2023-06-20T02:35:35+00:00
SAO_695X-10,São Paulo,3550308,True,,1441,,,-23.767062,-46.7161295,,,,1,2023-06-20T02:34:55+00:00
SAO_695X-10,São Paulo,3550308,True,,1441,,,-23.643197999999998,-46.665606,,,,1,2023-06-20T02:35:32+00:00
SAO_695X-10,São Paulo,3550308,True,,1441,,,-23.643397,-46.6441945,,,,1,2023-06-20T02:35:27+00:00
SAO_519M-10,São Paulo,3550308,True,,34979,,,-23.592894,-46.545981,,,,2,2023-06-20T02:35:03+00:00
SAO_519M-10,São Paulo,3550308,True,,34979,,,-23.613175749999996,-46.4832415,,,,2,2023-06-20T02:35:08+00:00
SAO_519M-10,São Paulo,3550308,True,,34979,,,-23.613173500000002,-46.482603499999996,,,,2,2023-06-20T02:35:13+00:00
SAO_847P-10,São Paulo,3550308,True,,423,,,-23.486517,-46.7262255,,,,1,2023-06-20T02:34:53+00:00
SAO_847P-10,São Paulo,3550308,True,,423,,,-23.59503875,-46.682021625000004,,,,1,2023-06-20T02:35:35+00:00
SAO_847P-10,São Paulo,3550308,True,,423,,,-23.563498250000002,-46.69145225,,,,1,2023-06-20T02:34:51+00:00
SAO_847P-10,São Paulo,3550308,True,,423,,,-23.548761,-46.69178275,,,,1,2023-06-20T02:35:17+00:00
SAO_847P-10,São Paulo,3550308,True,,423,,,-23.595893,-46.690808,,,,1,2023-06-20T02:35:31+00:00
SAO_847P-10,São Paulo,3550308,True,,423,,,-23.5960655,-46.6908545,,,,1,2023-06-20T02:35:11+00:00
SAO_847P-10,São Paulo,3550308,True,,423,,,-23.50033275,-46.70682,,,,1,2023-06-20T02:35:25+00:00
SAO_847P-10,São Paulo,3550308,True,,423,,,-23.4861505,-46.7258785,,,,1,2023-06-20T02:35:09+00:00
SAO_847P-10,São Paulo,3550308,True,,423,,,-23.486662000000003,-46.726361,,,,1,2023-06-20T02:35:26+00:00
SAO_847P-10,São Paulo,3550308,True,,423,,,-23.4868015,-46.726492,,,,1,2023-06-20T02:35:16+00:00
SAO_5129-41,São Paulo,3550308,True,,34742,,,-23.682443,-46.6377135,,,,2,2023-06-20T02:35:08+00:00
SAO_5129-41,São Paulo,3550308,True,,34742,,,-23.667364,-46.65388874999999,,,,2,2023-06-20T02:35:25+00:00
SAO_5129-41,São Paulo,3550308,True,,34742,,,-23.68053825,-46.63576575,,,,2,2023-06-20T02:35:28+00:00
SAO_5129-41,São Paulo,3550308,True,,34742,,,-23.65908975,-46.7012395,,,,2,2023-06-20T02:35:11+00:00
SAO_6044-10,São Paulo,3550308,True,,33989,,,-23.676567,-46.798396,,,,2,2023-06-20T02:34:52+00:00
SAO_6044-10,São Paulo,3550308,True,,33989,,,-23.6438595,-46.731730999999996,,,,2,2023-06-20T02:35:19+00:00
SAO_6044-10,São Paulo,3550308,True,,33989,,,-23.6767725,-46.798547,,,,2,2023-06-20T02:35:08+00:00
SAO_6044-10,São Paulo,3550308,True,,33989,,,-23.6767725,-46.798547,,,,2,2023-06-20T02:35:10+00:00
SAO_6044-10,São Paulo,3550308,True,,33989,,,-23.674977249999998,-46.7960385,,,,2,2023-06-20T02:35:22+00:00
SAO_6044-10,São Paulo,3550308,True,,33989,,,-23.662273499999998,-46.780083000000005,,,,2,2023-06-20T02:35:05+00:00
SAO_6044-10,São Paulo,3550308,True,,33989,,,-23.650240000000004,-46.756395999999995,,,,2,2023-06-20T02:35:25+00:00
SAO_2182-10,São Paulo,3550308,True,,33468,,,-23.538322625,-46.59894625,,,,2,2023-06-20T02:35:27+00:00
SAO_2182-10,São Paulo,3550308,True,,33468,,,-23.5143505,-46.581822,,,,2,2023-06-20T02:34:23+00:00
SAO_2182-10,São Paulo,3550308,True,,33468,,,-23.4817665,-46.57117050000001,,,,2,2023-06-20T02:35:01+00:00
SAO_2182-10,São Paulo,3550308,True,,33468,,,-23.4819775,-46.571059500000004,,,,2,2023-06-20T02:35:05+00:00
SAO_2182-10,São Paulo,3550308,True,,33468,,,-23.547818999999997,-46.630216000000004,,,,2,2023-06-20T02:35:14+00:00
SAO_213E-10,São Paulo,3550308,True,,35266,,,-23.54150475,-46.591184,,,,2,2023-06-20T02:34:59+00:00
SAO_213E-10,São Paulo,3550308,True,,35266,,,-23.477338,-46.564298,,,,2,2023-06-20T02:34:52+00:00
SAO_213E-10,São Paulo,3550308,True,,35266,,,-23.477516625,-46.564321375,,,,2,2023-06-20T02:35:05+00:00
SAO_213E-10,São Paulo,3550308,True,,35266,,,-23.48259925,-46.574369000000004,,,,2,2023-06-20T02:32:48+00:00
SAO_6L07-10,São Paulo,3550308,True,,34313,,,-23.814733,-46.7064135,,,,2,2023-06-20T02:35:32+00:00
SAO_6L07-10,São Paulo,3550308,True,,34313,,,-23.831447124999997,-46.712339625,,,,2,2023-06-20T02:35:19+00:00
SAO_6L07-10,São Paulo,3550308,True,,34313,,,-23.8313465,-46.711774500000004,,,,2,2023-06-20T02:35:07+00:00
SAO_6L07-10,São Paulo,3550308,True,,34313,,,-23.8313465,-46.711774500000004,,,,2,2023-06-20T02:35:32+00:00
SAO_4008-10,São Paulo,3550308,True,,34950,,,-23.573963,-46.445578,,,,2,2023-06-20T02:35:19+00:00
SAO_4008-10,São Paulo,3550308,True,,34950,,,-23.558732499999998,-46.521553499999996,,,,2,2023-06-20T02:34:59+00:00
SAO_4008-10,São Paulo,3550308,True,,34950,,,-23.577126999999997,-46.43735,,,,2,2023-06-20T02:34:52+00:00
SAO_4008-10,São Paulo,3550308,True,,34950,,,-23.576923999999998,-46.437244,,,,2,2023-06-20T02:35:15+00:00
SAO_4008-10,São Paulo,3550308,True,,34950,,,-23.576464,-46.481598250000005,,,,2,2023-06-20T02:35:18+00:00
SAO_8072-10,São Paulo,3550308,True,,2079,,,-23.642163,-46.766020499999996,,,,1,2023-06-20T02:35:09+00:00
SAO_8072-10,São Paulo,3550308,True,,2079,,,-23.642163,-46.766020499999996,,,,1,2023-06-20T02:35:09+00:00
SAO_8072-10,São Paulo,3550308,True,,2079,,,-23.608897,-46.7516605,,,,1,2023-06-20T02:35:27+00:00
SAO_8072-10,São Paulo,3550308,True,,2079,,,-23.642163,-46.766020499999996,,,,1,2023-06-20T02:35:10+00:00
SAO_1775-10,São Paulo,3550308,True,,33406,,,-23.447253500000002,-46.609464,,,,2,2023-06-20T02:35:29+00:00
SAO_1775-10,São Paulo,3550308,True,,33406,,,-23.510371625,-46.624863000000005,,,,2,2023-06-20T02:35:12+00:00
SAO_1775-10,São Paulo,3550308,True,,33406,,,-23.4467415,-46.611489000000006,,,,2,2023-06-20T02:35:21+00:00
SAO_274P-10,São Paulo,3550308,True,,33000,,,-23.5128865,-46.530995,,,,2,2023-06-20T02:35:33+00:00
SAO_274P-10,São Paulo,3550308,True,,33000,,,-23.53840175,-46.6027155,,,,2,2023-06-20T02:33:47+00:00
SAO_274P-10,São Paulo,3550308,True,,33000,,,-23.512387500000003,-46.5304855,,,,2,2023-06-20T02:35:01+00:00
SAO_274P-10,São Paulo,3550308,True,,33000,,,-23.5726405,-46.622767499999995,,,,2,2023-06-20T02:35:12+00:00
SAO_274P-10,São Paulo,3550308,True,,33000,,,-23.5145355,-46.535979,,,,2,2023-06-20T02:35:15+00:00
SAO_546A-10,São Paulo,3550308,True,,33899,,,-23.697663,-46.648407,,,,2,2023-06-20T02:35:00+00:00
SAO_546A-10,São Paulo,3550308,True,,33899,,,-23.70388675,-46.6500465,,,,2,2023-06-20T02:30:20+00:00
SAO_546A-10,São Paulo,3550308,True,,33899,,,-23.6921635,-46.672534999999996,,,,2,2023-06-20T02:35:24+00:00
SAO_546A-10,São Paulo,3550308,True,,33899,,,-23.663834,-46.6913885,,,,2,2023-06-20T02:35:11+00:00
SAO_6970-10,São Paulo,3550308,True,,1505,,,-23.737581499999997,-46.697899500000005,,,,1,2023-06-20T02:35:33+00:00
SAO_6970-10,São Paulo,3550308,True,,1505,,,-23.737581499999997,-46.697899500000005,,,,1,2023-06-20T02:35:07+00:00
SAO_6970-10,São Paulo,3550308,True,,1505,,,-23.737581499999997,-46.697899500000005,,,,1,2023-06-20T02:35:33+00:00
SAO_6970-10,São Paulo,3550308,True,,1505,,,-23.720647,-46.697915,,,,1,2023-06-20T02:35:25+00:00
SAO_3763-10,São Paulo,3550308,True,,1054,,,-23.557735,-46.5230065,,,,1,2023-06-20T02:35:14+00:00
SAO_3763-10,São Paulo,3550308,True,,1054,,,-23.5577635,-46.522865499999995,,,,1,2023-06-20T02:33:57+00:00
SAO_3763-10,São Paulo,3550308,True,,1054,,,-23.56988875,-46.5499165,,,,1,2023-06-20T02:34:55+00:00
SAO_3763-10,São Paulo,3550308,True,,1054,,,-23.557687,-46.52319850000001,,,,1,2023-06-20T02:35:21+00:00
SAO_3763-10,São Paulo,3550308,True,,1054,,,-23.562708999999998,-46.53270025,,,,1,2023-06-20T02:35:03+00:00
SAO_3763-10,São Paulo,3550308,True,,1054,,,-23.558262,-46.522529000000006,,,,1,2023-06-20T02:34:59+00:00
SAO_3763-10,São Paulo,3550308,True,,1054,,,-23.5577635,-46.522865499999995,,,,1,2023-06-20T02:35:29+00:00
SAO_3763-10,São Paulo,3550308,True,,1054,,,-23.557687,-46.52319850000001,,,,1,2023-06-20T02:35:34+00:00
SAO_3763-10,São Paulo,3550308,True,,1054,,,-23.5409455,-46.5763775,,,,1,2023-06-20T02:35:11+00:00
SAO_3763-10,São Paulo,3550308,True,,1054,,,-23.547587,-46.56529875,,,,1,2023-06-20T02:35:10+00:00
SAO_3763-10,São Paulo,3550308,True,,1054,,,-23.557687,-46.52319850000001,,,,1,2023-06-20T02:35:26+00:00
SAO_3763-10,São Paulo,3550308,True,,1054,,,-23.5641645,-46.548413,,,,1,2023-06-20T02:35:17+00:00
SAO_476G-10,São Paulo,3550308,True,,33879,,,-23.589318,-46.6352135,,,,2,2023-06-20T02:35:11+00:00
SAO_476G-10,São Paulo,3550308,True,,33879,,,-23.614908999999997,-46.5049135,,,,2,2023-06-20T02:35:35+00:00
SAO_476G-10,São Paulo,3550308,True,,33879,,,-23.610343999999998,-46.534011500000005,,,,2,2023-06-20T02:35:33+00:00
SAO_476G-10,São Paulo,3550308,True,,33879,,,-23.5843975,-46.6041855,,,,2,2023-06-20T02:34:30+00:00
SAO_476G-10,São Paulo,3550308,True,,33879,,,-23.604096499999997,-46.536525999999995,,,,2,2023-06-20T02:34:14+00:00
SAO_1738-10,São Paulo,3550308,True,,672,,,-23.476516,-46.584753500000005,,,,1,2023-06-20T02:35:35+00:00
SAO_1738-10,São Paulo,3550308,True,,672,,,-23.474033,-46.581053499999996,,,,1,2023-06-20T02:35:34+00:00
SAO_3006-10,São Paulo,3550308,True,,1865,,,-23.548099999999998,-46.389815,,,,1,2023-06-20T02:35:32+00:00
SAO_971M-10,São Paulo,3550308,True,,33380,,,-23.504109875,-46.62510475,,,,2,2023-06-20T02:35:19+00:00
SAO_971M-10,São Paulo,3550308,True,,33380,,,-23.484021499999997,-46.6503455,,,,2,2023-06-20T02:35:29+00:00
SAO_971M-10,São Paulo,3550308,True,,33380,,,-23.470658999999998,-46.6801375,,,,2,2023-06-20T02:35:12+00:00
SAO_971M-10,São Paulo,3550308,True,,33380,,,-23.47501225,-46.665508,,,,2,2023-06-20T02:35:32+00:00
SAO_971M-10,São Paulo,3550308,True,,33380,,,-23.490305,-46.6886595,,,,2,2023-06-20T02:35:01+00:00
SAO_971M-10,São Paulo,3550308,True,,33380,,,-23.490305,-46.6886595,,,,2,2023-06-20T02:35:20+00:00
SAO_3712-51,São Paulo,3550308,True,,35273,,,-23.5520285,-46.4343485,,,,2,2023-06-20T02:35:22+00:00
SAO_3712-51,São Paulo,3550308,True,,35273,,,-23.55940725,-46.422336875,,,,2,2023-06-20T02:35:32+00:00
SAO_3712-51,São Paulo,3550308,True,,35273,,,-23.53511775,-46.45098325,,,,2,2023-06-20T02:35:04+00:00
SAO_3712-51,São Paulo,3550308,True,,35273,,,-23.559599749999997,-46.422165625000005,,,,2,2023-06-20T02:34:52+00:00
SAO_3712-51,São Paulo,3550308,True,,35273,,,-23.55940725,-46.422336875,,,,2,2023-06-20T02:35:01+00:00
SAO_519M-10,São Paulo,3550308,True,,2211,,,-23.611655499999998,-46.4832885,,,,1,2023-06-20T02:35:04+00:00
SAO_519M-10,São Paulo,3550308,True,,2211,,,-23.583227,-46.58495,,,,1,2023-06-20T02:35:26+00:00
SAO_519M-10,São Paulo,3550308,True,,2211,,,-23.591442999999998,-46.549924250000004,,,,1,2023-06-20T02:35:30+00:00
SAO_2712-10,São Paulo,3550308,True,,926,,,-23.527357000000002,-46.479188,,,,1,2023-06-20T02:35:28+00:00
SAO_2712-10,São Paulo,3550308,True,,926,,,-23.523762750000003,-46.4789395,,,,1,2023-06-20T02:35:27+00:00
SAO_2712-10,São Paulo,3550308,True,,926,,,-23.527357000000002,-46.479188,,,,1,2023-06-20T02:35:31+00:00
SAO_2712-10,São Paulo,3550308,True,,926,,,-23.527357000000002,-46.479188,,,,1,2023-06-20T02:34:54+00:00
SAO_2023-10,São Paulo,3550308,True,,2260,,,-23.476782,-46.6098505,,,,1,2023-06-20T02:35:27+00:00
SAO_2023-10,São Paulo,3550308,True,,2260,,,-23.4228425,-46.5894845,,,,1,2023-06-20T02:35:20+00:00
SAO_546J-10,São Paulo,3550308,True,,1133,,,-23.689481999999998,-46.657148,,,,1,2023-06-20T02:34:57+00:00
SAO_546J-10,São Paulo,3550308,True,,1133,,,-23.687824,-46.658593499999995,,,,1,2023-06-20T02:35:23+00:00
SAO_546J-10,São Paulo,3550308,True,,1133,,,-23.6722,-46.6751345,,,,1,2023-06-20T02:35:30+00:00
SAO_546J-10,São Paulo,3550308,True,,1133,,,-23.6929245,-46.659800000000004,,,,1,2023-06-20T02:35:34+00:00
SAO_6076-41,São Paulo,3550308,True,,34754,,,-23.655318,-46.707810499999994,,,,2,2023-06-20T02:34:53+00:00
SAO_9011-10,São Paulo,3550308,True,,878,,,-23.4744005,-46.669729000000004,,,,1,2023-06-20T02:35:24+00:00
SAO_9011-10,São Paulo,3550308,True,,878,,,-23.447750499999998,-46.7349715,,,,1,2023-06-20T02:35:15+00:00
SAO_9011-10,São Paulo,3550308,True,,878,,,-23.4496,-46.729449,,,,1,2023-06-20T02:34:55+00:00
SAO_9011-10,São Paulo,3550308,True,,878,,,-23.4413925,-46.7078645,,,,1,2023-06-20T02:35:05+00:00
SAO_9011-10,São Paulo,3550308,True,,878,,,-23.4678565,-46.6777255,,,,1,2023-06-20T02:35:22+00:00
SAO_6035-21,São Paulo,3550308,True,,1795,,,-23.66813,-46.735502499999996,,,,1,2023-06-20T02:34:55+00:00
SAO_6035-21,São Paulo,3550308,True,,1795,,,-23.71424925,-46.7714,,,,1,2023-06-20T02:28:48+00:00
SAO_6035-21,São Paulo,3550308,True,,1795,,,-23.7269375,-46.76069,,,,1,2023-06-20T02:35:32+00:00
SAO_6035-21,São Paulo,3550308,True,,1795,,,-23.669815749999998,-46.73685449999999,,,,1,2023-06-20T02:35:10+00:00
SAO_6035-21,São Paulo,3550308,True,,1795,,,-23.720715499999997,-46.755851,,,,1,2023-06-20T02:35:16+00:00
SAO_4727-10,São Paulo,3550308,True,,33108,,,-23.638475999999997,-46.6080375,,,,2,2023-06-20T02:35:25+00:00
SAO_4727-10,São Paulo,3550308,True,,33108,,,-23.611463,-46.635817,,,,2,2023-06-20T02:35:27+00:00
SAO_3098-10,São Paulo,3550308,True,,1078,,,-23.5716885,-46.503977500000005,,,,1,2023-06-20T02:35:22+00:00
SAO_3098-10,São Paulo,3550308,True,,1078,,,-23.5645445,-46.508259,,,,1,2023-06-20T02:35:30+00:00
SAO_3098-10,São Paulo,3550308,True,,1078,,,-23.602150625,-46.482904125,,,,1,2023-06-20T02:35:15+00:00
SAO_3098-10,São Paulo,3550308,True,,1078,,,-23.612699499999998,-46.472691499999996,,,,1,2023-06-20T02:35:18+00:00
SAO_3098-10,São Paulo,3550308,True,,1078,,,-23.63347775,-46.461445749999996,,,,1,2023-06-20T02:35:08+00:00
SAO_314J-10,São Paulo,3550308,True,Cidade de Caieiras,310,https://moovitapp.com/index/pt-br/transporte_p%C3%BAblico-line-310-Sao_Paulo-242-868761-496418-0,5.0,-23.5914250625,-46.5542298125,,,,1,2023-06-20T02:35:25+00:00
SAO_314J-10,São Paulo,3550308,True,Cidade de Caieiras,310,https://moovitapp.com/index/pt-br/transporte_p%C3%BAblico-line-310-Sao_Paulo-242-868761-496418-0,5.0,-23.5623905,-46.62142,,,,1,2023-06-20T02:34:52+00:00
SAO_546T-10,São Paulo,3550308,True,,33040,,,-23.658801250000003,-46.701466499999995,,,,2,2023-06-20T02:35:09+00:00
SAO_546T-10,São Paulo,3550308,True,,33040,,,-23.704009,-46.625932000000006,,,,2,2023-06-20T02:35:21+00:00
SAO_546T-10,São Paulo,3550308,True,,33040,,,-23.704088499999997,-46.6266995,,,,2,2023-06-20T02:35:30+00:00
SAO_546T-10,São Paulo,3550308,True,,33040,,,-23.653819499999997,-46.7069125,,,,2,2023-06-20T02:35:02+00:00
SAO_546T-10,São Paulo,3550308,True,,33040,,,-23.701613000000002,-46.6393085,,,,2,2023-06-20T02:35:17+00:00
SAO_546T-10,São Paulo,3550308,True,,33040,,,-23.6896055,-46.679253,,,,2,2023-06-20T02:35:16+00:00
SAO_546T-10,São Paulo,3550308,True,,33040,,,-23.703854,-46.62714,,,,2,2023-06-20T02:35:18+00:00
SAO_3745-10,São Paulo,3550308,True,,33812,,,-23.591687,-46.502846500000004,,,,2,2023-06-20T02:35:25+00:00
SAO_3745-10,São Paulo,3550308,True,,33812,,,-23.5893515,-46.500806,,,,2,2023-06-20T02:35:02+00:00
SAO_3745-10,São Paulo,3550308,True,,33812,,,-23.57063025,-46.52838225,,,,2,2023-06-20T02:35:33+00:00
SAO_3745-10,São Paulo,3550308,True,,33812,,,-23.5445785,-46.56092325,,,,2,2023-06-20T02:35:28+00:00
SAO_3745-10,São Paulo,3550308,True,,33812,,,-23.5893515,-46.500806,,,,2,2023-06-20T02:30:02+00:00
SAO_3745-10,São Paulo,3550308,True,,33812,,,-23.55413075,-46.531433250000006,,,,2,2023-06-20T02:35:07+00:00
SAO_3745-10,São Paulo,3550308,True,,33812,,,-23.5893515,-46.500806,,,,2,2023-06-20T02:35:01+00:00
SAO_9701-10,São Paulo,3550308,True,,569,,,-23.4765885,-46.6674915,,,,1,2023-06-20T02:35:30+00:00
SAO_9701-10,São Paulo,3550308,True,,569,,,-23.483215,-46.6636005,,,,1,2023-06-20T02:35:06+00:00
SAO_3063-10,São Paulo,3550308,True,,33021,,,-23.566043625,-46.415804875,,,,2,2023-06-20T02:35:31+00:00
SAO_3063-10,São Paulo,3550308,True,,33021,,,-23.54323025,-46.41278625,,,,2,2023-06-20T02:35:25+00:00
SAO_3063-10,São Paulo,3550308,True,,33021,,,-23.5591695,-46.3996545,,,,2,2023-06-20T02:35:12+00:00
SAO_3063-10,São Paulo,3550308,True,,33021,,,-23.59481075,-46.449171500000006,,,,2,2023-06-20T02:34:53+00:00
SAO_3063-10,São Paulo,3550308,True,,33021,,,-23.57311,-46.415889500000006,,,,2,2023-06-20T02:35:25+00:00
SAO_3063-10,São Paulo,3550308,True,,33021,,,-23.5757165,-46.416253499999996,,,,2,2023-06-20T02:32:05+00:00
SAO_3063-10,São Paulo,3550308,True,,33021,,,-23.5577225,-46.399697,,,,2,2023-06-20T02:35:22+00:00
SAO_2626-10,São Paulo,3550308,True,EMTU,376,https://moovitapp.com/index/pt-br/transporte_p%C3%BAblico-line-376-Sao_Paulo-242-2038937-114744732-0,5.1,-23.521054,-46.525456500000004,,,,1,2023-06-20T02:34:53+00:00
SAO_2626-10,São Paulo,3550308,True,EMTU,376,https://moovitapp.com/index/pt-br/transporte_p%C3%BAblico-line-376-Sao_Paulo-242-2038937-114744732-0,5.1,-23.543077,-46.628094000000004,,,,1,2023-06-20T02:35:23+00:00
SAO_2626-10,São Paulo,3550308,True,EMTU,376,https://moovitapp.com/index/pt-br/transporte_p%C3%BAblico-line-376-Sao_Paulo-242-2038937-114744732-0,5.1,-23.5117015,-46.40254,,,,1,2023-06-20T02:35:25+00:00
SAO_2626-10,São Paulo,3550308,True,EMTU,376,https://moovitapp.com/index/pt-br/transporte_p%C3%BAblico-line-376-Sao_Paulo-242-2038937-114744732-0,5.1,-23.53699725,-46.59209275,,,,1,2023-06-20T02:35:15+00:00
SAO_2626-10,São Paulo,3550308,True,EMTU,376,https://moovitapp.com/index/pt-br/transporte_p%C3%BAblico-line-376-Sao_Paulo-242-2038937-114744732-0,5.1,-23.5456715,-46.630392,,,,1,2023-06-20T02:35:09+00:00
SAO_2626-10,São Paulo,3550308,True,EMTU,376,https://moovitapp.com/index/pt-br/transporte_p%C3%BAblico-line-376-Sao_Paulo-242-2038937-114744732-0,5.1,-23.546727,-46.629723999999996,,,,1,2023-06-20T02:35:17+00:00
SAO_2626-10,São Paulo,3550308,True,EMTU,376,https://moovitapp.com/index/pt-br/transporte_p%C3%BAblico-line-376-Sao_Paulo-242-2038937-114744732-0,5.1,-23.4953015,-46.4312885,,,,1,2023-06-20T02:35:29+00:00
SAO_2716-10,São Paulo,3550308,True,,33697,,,-23.512138,-46.536463,,,,2,2023-06-20T02:35:10+00:00
SAO_2716-10,São Paulo,3550308,True,,33697,,,-23.508288,-46.53148349999999,,,,2,2023-06-20T02:35:30+00:00
SAO_2716-10,São Paulo,3550308,True,,33697,,,-23.5292215,-46.545204,,,,2,2023-06-20T02:35:21+00:00
SAO_5362-10,São Paulo,3550308,True,BR7 Mobilidade,70,https://moovitapp.com/index/pt-br/transporte_p%C3%BAblico-line-70-Sao_Paulo-242-851856-2250296-0,5.75,-23.717583249999997,-46.703866500000004,,,,1,2023-06-20T02:35:20+00:00
SAO_5362-10,São Paulo,3550308,True,BR7 Mobilidade,70,https://moovitapp.com/index/pt-br/transporte_p%C3%BAblico-line-70-Sao_Paulo-242-851856-2250296-0,5.75,-23.654720499999996,-46.701610875,,,,1,2023-06-20T02:35:18+00:00
SAO_5362-10,São Paulo,3550308,True,BR7 Mobilidade,70,https://moovitapp.com/index/pt-br/transporte_p%C3%BAblico-line-70-Sao_Paulo-242-851856-2250296-0,5.75,-23.74858225,-46.665585,,,,1,2023-06-20T02:35:34+00:00
SAO_5362-10,São Paulo,3550308,True,BR7 Mobilidade,70,https://moovitapp.com/index/pt-br/transporte_p%C3%BAblico-line-70-Sao_Paulo-242-851856-2250296-0,5.75,-23.7445215,-46.670979,,,,1,2023-06-20T02:34:55+00:00
SAO_5362-10,São Paulo,3550308,True,BR7 Mobilidade,70,https://moovitapp.com/index/pt-br/transporte_p%C3%BAblico-line-70-Sao_Paulo-242-851856-2250296-0,5.75,-23.613077625,-46.671047125,,,,1,2023-06-20T02:35:08+00:00
SAO_5015-10,São Paulo,3550308,True,,1119,,,-23.6924525,-46.659774999999996,,,,1,2023-06-20T02:35:00+00:00
SAO_5015-10,São Paulo,3550308,True,,1119,,,-23.6924525,-46.659774999999996,,,,1,2023-06-20T02:35:31+00:00
SAO_5015-10,São Paulo,3550308,True,,1119,,,-23.646787,-46.638737,,,,1,2023-06-20T02:35:08+00:00
SAO_5015-10,São Paulo,3550308,True,,1119,,,-23.679442,-46.655800625,,,,1,2023-06-20T02:31:49+00:00
SAO_7458-10,São Paulo,3550308,True,,33264,,,-23.585929125,-46.73738425,,,,2,2023-06-20T02:35:26+00:00
SAO_7458-10,São Paulo,3550308,True,,33264,,,-23.5826245,-46.7903055,,,,2,2023-06-20T02:35:37+00:00
SAO_7458-10,São Paulo,3550308,True,,33264,,,-23.580585,-46.7940725,,,,2,2023-06-20T02:35:24+00:00
SAO_372F-10,São Paulo,3550308,True,,33783,,,-23.5520035,-46.599284,,,,2,2023-06-20T02:35:18+00:00
SAO_372F-10,São Paulo,3550308,True,,33783,,,-23.5514865,-46.5998855,,,,2,2023-06-20T02:35:15+00:00
SAO_372F-10,São Paulo,3550308,True,,33783,,,-23.551769,-46.599556500000006,,,,2,2023-06-20T02:35:27+00:00
SAO_677V-10,São Paulo,3550308,True,,32880,,,-23.730904000000002,-46.6921325,,,,2,2023-06-20T02:35:12+00:00
SAO_677V-10,São Paulo,3550308,True,,32880,,,-23.7443095,-46.709995500000005,,,,2,2023-06-20T02:34:59+00:00
SAO_677V-10,São Paulo,3550308,True,,32880,,,-23.731591,-46.7042995,,,,2,2023-06-20T02:35:17+00:00
SAO_677V-10,São Paulo,3550308,True,,32880,,,-23.733571,-46.71266,,,,2,2023-06-20T02:34:55+00:00
SAO_677V-10,São Paulo,3550308,True,,32880,,,-23.7443095,-46.709995500000005,,,,2,2023-06-20T02:35:09+00:00
SAO_1760-10,São Paulo,3550308,True,,33325,,,-23.483822,-46.6431135,,,,2,2023-06-20T02:35:32+00:00
SAO_1760-10,São Paulo,3550308,True,,33325,,,-23.4569915,-46.6589155,,,,2,2023-06-20T02:35:11+00:00
SAO_1760-10,São Paulo,3550308,True,,33325,,,-23.457126,-46.65923775,,,,2,2023-06-20T02:35:05+00:00
SAO_1760-10,São Paulo,3550308,True,,33325,,,-23.457146,-46.659533249999996,,,,2,2023-06-20T02:35:07+00:00
SAO_573T-10,São Paulo,3550308,True,,34400,,,-23.614441499999998,-46.500118,,,,2,2023-06-20T02:35:13+00:00
SAO_573T-10,São Paulo,3550308,True,,34400,,,-23.5926885625,-46.4887616875,,,,2,2023-06-20T02:35:01+00:00
SAO_573T-10,São Paulo,3550308,True,,34400,,,-23.59935775,-46.495933,,,,2,2023-06-20T02:35:19+00:00
SAO_573T-10,São Paulo,3550308,True,,34400,,,-23.538545499999998,-46.564205,,,,2,2023-06-20T02:35:34+00:00
SAO_573T-10,São Paulo,3550308,True,,34400,,,-23.60520675,-46.490236499999995,,,,2,2023-06-20T02:35:07+00:00
SAO_573T-10,São Paulo,3550308,True,,34400,,,-23.5624085,-46.516369499999996,,,,2,2023-06-20T02:35:27+00:00
SAO_573T-10,São Paulo,3550308,True,,34400,,,-23.60711125,-46.49089725,,,,2,2023-06-20T02:35:22+00:00
SAO_573T-10,São Paulo,3550308,True,,34400,,,-23.552506,-46.5288275,,,,2,2023-06-20T02:35:07+00:00
SAO_4027-10,São Paulo,3550308,True,,1097,,,-23.6417645,-46.439601,,,,1,2023-06-20T02:35:18+00:00
SAO_4027-10,São Paulo,3550308,True,,1097,,,-23.6418875,-46.439175500000005,,,,1,2023-06-20T02:35:36+00:00
SAO_4027-10,São Paulo,3550308,True,,1097,,,-23.641898,-46.438882500000005,,,,1,2023-06-20T02:35:20+00:00
SAO_4027-10,São Paulo,3550308,True,,1097,,,-23.6417645,-46.439601,,,,1,2023-06-20T02:35:20+00:00
SAO_4027-10,São Paulo,3550308,True,,1097,,,-23.639034000000002,-46.442621,,,,1,2023-06-20T02:35:34+00:00
SAO_4027-10,São Paulo,3550308,True,,1097,,,-23.625453,-46.463347,,,,1,2023-06-20T02:35:12+00:00
SAO_4027-10,São Paulo,3550308,True,,1097,,,-23.623793499999998,-46.446847500000004,,,,1,2023-06-20T02:35:36+00:00
SAO_4027-10,São Paulo,3550308,True,,1097,,,-23.593209,-46.4896265,,,,1,2023-06-20T02:35:07+00:00
SAO_4027-10,São Paulo,3550308,True,,1097,,,-23.641877,-46.439374,,,,1,2023-06-20T02:35:20+00:00
SAO_4027-10,São Paulo,3550308,True,,1097,,,-23.610221000000003,-46.476755125,,,,1,2023-06-20T02:34:56+00:00
SAO_4027-10,São Paulo,3550308,True,,1097,,,-23.634753500000002,-46.4433935,,,,1,2023-06-20T02:35:27+00:00
SAO_502J-10,São Paulo,3550308,True,,1275,,,-23.6760935,-46.66086025,,,,1,2023-06-20T02:35:23+00:00
SAO_502J-10,São Paulo,3550308,True,,1275,,,-23.6561105,-46.6687905,,,,1,2023-06-20T02:35:07+00:00
SAO_502J-10,São Paulo,3550308,True,,1275,,,-23.684815999999998,-46.6681905,,,,1,2023-06-20T02:35:06+00:00
SAO_502J-10,São Paulo,3550308,True,,1275,,,-23.62445725,-46.64045175,,,,1,2023-06-20T02:35:10+00:00
SAO_502J-10,São Paulo,3550308,True,,1275,,,-23.704881,-46.688306,,,,1,2023-06-20T02:35:32+00:00
SAO_3712-10,São Paulo,3550308,True,,1009,,,-23.542928500000002,-46.471780499999994,,,,1,2023-06-20T02:35:18+00:00
SAO_3712-10,São Paulo,3550308,True,,1009,,,-23.5525595,-46.4257145,,,,1,2023-06-20T02:35:01+00:00
SAO_3712-10,São Paulo,3550308,True,,1009,,,-23.5525595,-46.4257145,,,,1,2023-06-20T02:29:44+00:00
SAO_3712-10,São Paulo,3550308,True,,1009,,,-23.537851125000003,-46.455333,,,,1,2023-06-20T02:35:11+00:00
SAO_3712-10,São Paulo,3550308,True,,1009,,,-23.545562,-46.4275555,,,,1,2023-06-20T02:34:56+00:00
SAO_6115-41,São Paulo,3550308,True,,2241,,,-23.734681375,-46.694479375,,,,1,2023-06-20T02:35:04+00:00
SAO_6115-41,São Paulo,3550308,True,,2241,,,-23.744694625,-46.664629250000004,,,,1,2023-06-20T02:35:03+00:00
SAO_607A-10,São Paulo,3550308,True,,34907,,,-23.707397,-46.6551535,,,,2,2023-06-20T02:33:21+00:00
SAO_607A-10,São Paulo,3550308,True,,34907,,,-23.693386999999998,-46.665538,,,,2,2023-06-20T02:35:08+00:00
SAO_607A-10,São Paulo,3550308,True,,34907,,,-23.676121000000002,-46.69907725,,,,2,2023-06-20T02:35:19+00:00
SAO_1701-21,São Paulo,3550308,True,,35244,,,-23.454218500000003,-46.5794365,,,,2,2023-06-20T02:35:10+00:00
SAO_1701-21,São Paulo,3550308,True,,35244,,,-23.447903750000002,-46.57596337499999,,,,2,2023-06-20T02:35:00+00:00
SAO_1701-21,São Paulo,3550308,True,,35244,,,-23.471408750000002,-46.597391,,,,2,2023-06-20T02:35:31+00:00
SAO_1701-21,São Paulo,3550308,True,,35244,,,-23.455481499999998,-46.581610999999995,,,,2,2023-06-20T02:34:51+00:00
SAO_675G-10,São Paulo,3550308,True,,32874,,,-23.743226,-46.669959500000004,,,,2,2023-06-20T02:35:15+00:00
SAO_675G-10,São Paulo,3550308,True,,32874,,,-23.7556485,-46.6714285,,,,2,2023-06-20T02:34:33+00:00
SAO_675G-10,São Paulo,3550308,True,,32874,,,-23.6490355,-46.6616475,,,,2,2023-06-20T02:35:24+00:00
SAO_675G-10,São Paulo,3550308,True,,32874,,,-23.65087625,-46.678118375,,,,2,2023-06-20T02:35:28+00:00
SAO_675G-10,São Paulo,3550308,True,,32874,,,-23.7530775,-46.6846825,,,,2,2023-06-20T02:35:05+00:00
SAO_675G-10,São Paulo,3550308,True,,32874,,,-23.743226,-46.669959500000004,,,,2,2023-06-20T02:29:50+00:00
SAO_675G-10,São Paulo,3550308,True,,32874,,,-23.7264145,-46.699558249999995,,,,2,2023-06-20T02:35:06+00:00
SAO_675G-10,São Paulo,3550308,True,,32874,,,-23.656721875000002,-46.679762,,,,2,2023-06-20T02:35:25+00:00
SAO_675G-10,São Paulo,3550308,True,,32874,,,-23.74296,-46.669814,,,,2,2023-06-20T02:16:59+00:00
SAO_675G-10,São Paulo,3550308,True,,32874,,,-23.73608675,-46.694618500000004,,,,2,2023-06-20T02:35:33+00:00
SAO_5110-41,São Paulo,3550308,True,,2210,,,-23.61259,-46.479862999999995,,,,1,2023-06-20T02:35:25+00:00
SAO_5110-41,São Paulo,3550308,True,,2210,,,-23.61259,-46.479862999999995,,,,1,2023-06-20T02:35:28+00:00
SAO_5110-41,São Paulo,3550308,True,,2210,,,-23.61259,-46.479862999999995,,,,1,2023-06-20T02:35:01+00:00
SAO_5110-41,São Paulo,3550308,True,,2210,,,-23.589549,-46.5440295,,,,1,2023-06-20T02:34:52+00:00
SAO_8700-10,São Paulo,3550308,True,,1877,,,-23.62714275,-46.766670250000004,,,,1,2023-06-20T02:35:34+00:00
SAO_8700-10,São Paulo,3550308,True,,1877,,,-23.601923,-46.743632500000004,,,,1,2023-06-20T02:35:16+00:00
SAO_8700-10,São Paulo,3550308,True,,1877,,,-23.626731250000002,-46.766326,,,,1,2023-06-20T02:34:53+00:00
SAO_8700-10,São Paulo,3550308,True,,1877,,,-23.5682005,-46.68521025,,,,1,2023-06-20T02:35:34+00:00
SAO_6451-10,São Paulo,3550308,True,,61,,,-23.5929895,-46.692148,,,,1,2023-06-20T02:35:30+00:00
SAO_6451-10,São Paulo,3550308,True,,61,,,-23.65537525,-46.761322750000005,,,,1,2023-06-20T02:35:35+00:00
SAO_6451-10,São Paulo,3550308,True,,61,,,-23.637232,-46.720438,,,,1,2023-06-20T02:35:27+00:00
SAO_6451-10,São Paulo,3550308,True,,61,,,-23.57703,-46.6713885,,,,1,2023-06-20T02:35:12+00:00
SAO_6080-10,São Paulo,3550308,True,,1168,,,-23.7544225,-46.673282,,,,1,2023-06-20T02:35:37+00:00
SAO_6080-10,São Paulo,3550308,True,,1168,,,-23.759982,-46.6777045,,,,1,2023-06-20T02:35:32+00:00
SAO_6080-10,São Paulo,3550308,True,,1168,,,-23.7379235,-46.6925615,,,,1,2023-06-20T02:35:27+00:00
SAO_6080-10,São Paulo,3550308,True,,1168,,,-23.6739695,-46.677918,,,,1,2023-06-20T02:35:09+00:00
SAO_6080-10,São Paulo,3550308,True,,1168,,,-23.685332000000002,-46.692723,,,,1,2023-06-20T02:35:05+00:00
SAO_6080-10,São Paulo,3550308,True,,1168,,,-23.759982,-46.6777045,,,,1,2023-06-20T02:35:03+00:00
SAO_9653-10,São Paulo,3550308,True,EMTU,588,https://moovitapp.com/index/pt-br/transporte_p%C3%BAblico-line-588-Sao_Paulo-242-2038937-36419575-0,7.55,-23.5417755,-46.6385815,,,,1,2023-06-20T02:35:14+00:00
SAO_9653-10,São Paulo,3550308,True,EMTU,588,https://moovitapp.com/index/pt-br/transporte_p%C3%BAblico-line-588-Sao_Paulo-242-2038937-36419575-0,7.55,-23.4693045,-46.6450895,,,,1,2023-06-20T02:35:05+00:00
SAO_9653-10,São Paulo,3550308,True,EMTU,588,https://moovitapp.com/index/pt-br/transporte_p%C3%BAblico-line-588-Sao_Paulo-242-2038937-36419575-0,7.55,-23.5215745,-46.667334,,,,1,2023-06-20T02:35:28+00:00
SAO_6L02-10,São Paulo,3550308,True,,1178,,,-23.901214250000002,-46.75522275,,,,1,2023-06-20T02:35:24+00:00
SAO_8040-10,São Paulo,3550308,True,,406,,,-23.484364499999998,-46.765861,,,,1,2023-06-20T02:35:25+00:00
SAO_8040-10,São Paulo,3550308,True,,406,,,-23.437510500000002,-46.779852,,,,1,2023-06-20T02:35:23+00:00
SAO_8040-10,São Paulo,3550308,True,,406,,,-23.4326825,-46.7796395,,,,1,2023-06-20T02:35:01+00:00
SAO_8040-10,São Paulo,3550308,True,,406,,,-23.525544500000002,-46.712109500000004,,,,1,2023-06-20T02:35:30+00:00
SAO_2703-10,São Paulo,3550308,True,,33683,,,-23.529125,-46.4206985,,,,2,2023-06-20T02:29:24+00:00
SAO_2703-10,São Paulo,3550308,True,,33683,,,-23.5294915,-46.4176115,,,,2,2023-06-20T02:35:31+00:00
SAO_2703-10,São Paulo,3550308,True,,33683,,,-23.52707875,-46.44557399999999,,,,2,2023-06-20T02:34:57+00:00
SAO_2703-10,São Paulo,3550308,True,,33683,,,-23.529075,-46.42023275,,,,2,2023-06-20T02:35:26+00:00
SAO_2703-10,São Paulo,3550308,True,,33683,,,-23.523828,-46.423750999999996,,,,2,2023-06-20T02:35:04+00:00
SAO_2703-10,São Paulo,3550308,True,,33683,,,-23.525847,-46.42008,,,,2,2023-06-20T02:35:25+00:00
SAO_6835-10,São Paulo,3550308,True,,32780,,,-23.683218,-46.7892375,,,,2,2023-06-20T02:35:13+00:00
SAO_6835-10,São Paulo,3550308,True,,32780,,,-23.68605675,-46.80172075,,,,2,2023-06-20T02:35:09+00:00
SAO_6835-10,São Paulo,3550308,True,,32780,,,-23.660442500000002,-46.767717,,,,2,2023-06-20T02:35:18+00:00
SAO_1782-10,São Paulo,3550308,True,,33411,,,-23.450515,-46.5724465,,,,2,2023-06-20T02:35:32+00:00
SAO_1782-10,São Paulo,3550308,True,,33411,,,-23.502214000000002,-46.6235875,,,,2,2023-06-20T02:35:11+00:00
SAO_1782-10,São Paulo,3550308,True,,33411,,,-23.4509685,-46.57224025,,,,2,2023-06-20T02:35:00+00:00
SAO_1782-10,São Paulo,3550308,True,,33411,,,-23.4514,-46.571856499999996,,,,2,2023-06-20T02:35:17+00:00
SAO_1782-10,São Paulo,3550308,True,,33411,,,-23.4579565,-46.602463,,,,2,2023-06-20T02:35:35+00:00
SAO_6726-10,São Paulo,3550308,True,,1193,,,-23.736596499999997,-46.6971045,,,,1,2023-06-20T02:35:31+00:00
SAO_6726-10,São Paulo,3550308,True,,1193,,,-23.736596499999997,-46.6971045,,,,1,2023-06-20T02:20:45+00:00
SAO_6726-10,São Paulo,3550308,True,,1193,,,-23.747837,-46.687671,,,,1,2023-06-20T02:35:12+00:00
SAO_6726-10,São Paulo,3550308,True,,1193,,,-23.736596499999997,-46.6971045,,,,1,2023-06-20T02:34:52+00:00
SAO_6726-10,São Paulo,3550308,True,,1193,,,-23.7532765,-46.666796500000004,,,,1,2023-06-20T02:35:32+00:00
SAO_6726-10,São Paulo,3550308,True,,1193,,,-23.73467,-46.66268825,,,,1,2023-06-20T02:35:01+00:00
SAO_6726-10,São Paulo,3550308,True,,1193,,,-23.74494,-46.667812,,,,1,2023-06-20T02:35:11+00:00
SAO_6726-10,São Paulo,3550308,True,,1193,,,-23.736596499999997,-46.6971045,,,,1,2023-06-20T02:35:05+00:00
SAO_6726-10,São Paulo,3550308,True,,1193,,,-23.73479,-46.66230675,,,,1,2023-06-20T02:35:12+00:00
SAO_6726-10,São Paulo,3550308,True,,1193,,,-23.736596499999997,-46.6971045,,,,1,2023-06-20T02:34:27+00:00
SAO_7245-10,São Paulo,3550308,True,,33131,,,-23.61237275,-46.6955505,,,,2,2023-06-20T02:35:26+00:00
SAO_7245-10,São Paulo,3550308,True,,33131,,,-23.576913500000003,-46.68722325,,,,2,2023-06-20T02:35:18+00:00
SAO_7245-10,São Paulo,3550308,True,,33131,,,-23.563702499999998,-46.677017,,,,2,2023-06-20T02:35:34+00:00
SAO_7245-10,São Paulo,3550308,True,,33131,,,-23.6538355,-46.7110955,,,,2,2023-06-20T02:35:27+00:00
SAO_5175-10,São Paulo,3550308,True,,593,,,-23.5823335,-46.6565085,,,,1,2023-06-20T02:33:59+00:00
SAO_5175-10,São Paulo,3550308,True,,593,,,-23.70361625,-46.6500595,,,,1,2023-06-20T02:35:17+00:00
SAO_5175-10,São Paulo,3550308,True,,593,,,-23.683213000000002,-46.6414805,,,,1,2023-06-20T02:32:38+00:00
SAO_5175-10,São Paulo,3550308,True,,593,,,-23.698219,-46.6479925,,,,1,2023-06-20T02:35:34+00:00
SAO_5175-10,São Paulo,3550308,True,,593,,,-23.702581000000002,-46.6501255,,,,1,2023-06-20T02:34:58+00:00
SAO_5175-10,São Paulo,3550308,True,,593,,,-23.5511935,-46.635431999999994,,,,1,2023-06-20T02:34:59+00:00
SAO_5175-10,São Paulo,3550308,True,,593,,,-23.660805,-46.67940575,,,,1,2023-06-20T02:35:09+00:00
SAO_5175-10,São Paulo,3550308,True,,593,,,-23.613044000000002,-46.657546249999996,,,,1,2023-06-20T02:35:13+00:00
SAO_5175-10,São Paulo,3550308,True,,593,,,-23.5508615,-46.635386,,,,1,2023-06-20T02:35:31+00:00
SAO_3778-10,São Paulo,3550308,True,,1062,,,-23.55215925,-46.52953775,,,,1,2023-06-20T02:35:03+00:00
SAO_3778-10,São Paulo,3550308,True,,1062,,,-23.569554,-46.486423,,,,1,2023-06-20T02:35:22+00:00
SAO_3778-10,São Paulo,3550308,True,,1062,,,-23.538642000000003,-46.5653865,,,,1,2023-06-20T02:34:53+00:00
SAO_3778-10,São Paulo,3550308,True,,1062,,,-23.57531975,-46.490147500000006,,,,1,2023-06-20T02:35:20+00:00
SAO_3778-10,São Paulo,3550308,True,,1062,,,-23.542604,-46.56526725,,,,1,2023-06-20T02:35:11+00:00
SAO_938V-10,São Paulo,3550308,True,STT,813,https://moovitapp.com/index/pt-br/transporte_p%C3%BAblico-line-813-Sao_Paulo-242-850661-183360-0,5.3,-23.5266425,-46.66785350000001,,,,1,2023-06-20T02:35:19+00:00
SAO_938V-10,São Paulo,3550308,True,STT,813,https://moovitapp.com/index/pt-br/transporte_p%C3%BAblico-line-813-Sao_Paulo-242-850661-183360-0,5.3,-23.480725999999997,-46.6821515,,,,1,2023-06-20T02:34:50+00:00
SAO_938V-10,São Paulo,3550308,True,STT,813,https://moovitapp.com/index/pt-br/transporte_p%C3%BAblico-line-813-Sao_Paulo-242-850661-183360-0,5.3,-23.507094375,-46.689316500000004,,,,1,2023-06-20T02:34:10+00:00
SAO_938V-10,São Paulo,3550308,True,STT,813,https://moovitapp.com/index/pt-br/transporte_p%C3%BAblico-line-813-Sao_Paulo-242-850661-183360-0,5.3,-23.4505345,-46.6792215,,,,1,2023-06-20T02:35:29+00:00
SAO_938V-10,São Paulo,3550308,True,STT,813,https://moovitapp.com/index/pt-br/transporte_p%C3%BAblico-line-813-Sao_Paulo-242-850661-183360-0,5.3,-23.52390875,-46.697039125,,,,1,2023-06-20T02:35:04+00:00
SAO_407A-10,São Paulo,3550308,True,,34962,,,-23.5633835,-46.501695,,,,2,2023-06-20T02:33:22+00:00
SAO_407A-10,São Paulo,3550308,True,,34962,,,-23.5636815,-46.502104,,,,2,2023-06-20T02:35:08+00:00
SAO_407A-10,São Paulo,3550308,True,,34962,,,-23.560215499999998,-46.566559999999996,,,,2,2023-06-20T02:35:15+00:00
SAO_407A-10,São Paulo,3550308,True,,34962,,,-23.564628499999998,-46.505382999999995,,,,2,2023-06-20T02:35:06+00:00
SAO_407A-10,São Paulo,3550308,True,,34962,,,-23.5419965,-46.617257499999994,,,,2,2023-06-20T02:35:09+00:00
SAO_407A-10,São Paulo,3550308,True,,34962,,,-23.5635905,-46.50201199999999,,,,2,2023-06-20T02:35:05+00:00
SAO_271P-10,São Paulo,3550308,True,,33472,,,-23.4979085,-46.514503000000005,,,,2,2023-06-20T02:35:18+00:00
SAO_271P-10,São Paulo,3550308,True,,33472,,,-23.535485,-46.62689175,,,,2,2023-06-20T02:35:32+00:00
SAO_271P-10,São Paulo,3550308,True,,33472,,,-23.498339,-46.514398,,,,2,2023-06-20T02:34:58+00:00
SAO_271P-10,São Paulo,3550308,True,,33472,,,-23.4985705,-46.51483,,,,2,2023-06-20T02:35:05+00:00
SAO_271P-10,São Paulo,3550308,True,,33472,,,-23.4979085,-46.514503000000005,,,,2,2023-06-20T02:35:35+00:00
SAO_271P-10,São Paulo,3550308,True,,33472,,,-23.4985705,-46.51483,,,,2,2023-06-20T02:35:04+00:00
SAO_3029-10,São Paulo,3550308,True,,966,,,-23.585262999999998,-46.506369500000005,,,,1,2023-06-20T02:35:02+00:00
SAO_3029-10,São Paulo,3550308,True,,966,,,-23.585262999999998,-46.506369500000005,,,,1,2023-06-20T02:35:02+00:00
SAO_3029-10,São Paulo,3550308,True,,966,,,-23.585262999999998,-46.506369500000005,,,,1,2023-06-20T02:35:24+00:00
SAO_3029-10,São Paulo,3550308,True,,966,,,-23.585262999999998,-46.506369500000005,,,,1,2023-06-20T02:35:22+00:00
SAO_3029-10,São Paulo,3550308,True,,966,,,-23.547155,-46.54071462500001,,,,1,2023-06-20T02:35:17+00:00
SAO_3029-10,São Paulo,3550308,True,,966,,,-23.573705,-46.532381,,,,1,2023-06-20T02:35:12+00:00
SAO_3029-10,São Paulo,3550308,True,,966,,,-23.543813,-46.5707335,,,,1,2023-06-20T02:35:33+00:00
SAO_3029-10,São Paulo,3550308,True,,966,,,-23.585262999999998,-46.506369500000005,,,,1,2023-06-20T02:35:33+00:00
SAO_3029-10,São Paulo,3550308,True,,966,,,-23.586398250000002,-46.51051875,,,,1,2023-06-20T02:35:17+00:00
SAO_3029-10,São Paulo,3550308,True,,966,,,-23.541215,-46.5774215,,,,1,2023-06-20T02:29:49+00:00
SAO_3029-10,São Paulo,3550308,True,,966,,,-23.541,-46.576643000000004,,,,1,2023-06-20T02:35:36+00:00
SAO_2723-10,São Paulo,3550308,True,,33705,,,-23.528056499999998,-46.44623,,,,2,2023-06-20T02:35:37+00:00
SAO_2723-10,São Paulo,3550308,True,,33705,,,-23.54094,-46.466483,,,,2,2023-06-20T02:35:01+00:00
SAO_2723-10,São Paulo,3550308,True,,33705,,,-23.487720250000002,-46.463173499999996,,,,2,2023-06-20T02:35:10+00:00
SAO_2723-10,São Paulo,3550308,True,,33705,,,-23.49215,-46.444004500000005,,,,2,2023-06-20T02:34:58+00:00
SAO_2723-10,São Paulo,3550308,True,,33705,,,-23.487599000000003,-46.4633835,,,,2,2023-06-20T02:35:28+00:00
SAO_2723-10,São Paulo,3550308,True,,33705,,,-23.542138,-46.471932499999994,,,,2,2023-06-20T02:35:06+00:00
SAO_2723-10,São Paulo,3550308,True,,33705,,,-23.487481000000002,-46.463549,,,,2,2023-06-20T02:34:56+00:00
SAO_2723-10,São Paulo,3550308,True,,33705,,,-23.489435,-46.454438999999994,,,,2,2023-06-20T02:35:21+00:00
SAO_2723-10,São Paulo,3550308,True,,33705,,,-23.487226,-46.4637175,,,,2,2023-06-20T02:35:11+00:00
SAO_2723-10,São Paulo,3550308,True,,33705,,,-23.4957865,-46.45256675,,,,2,2023-06-20T02:35:38+00:00
SAO_8705-10,São Paulo,3550308,True,,2072,,,-23.55553325,-46.662593,,,,1,2023-06-20T02:35:34+00:00
SAO_8705-10,São Paulo,3550308,True,,2072,,,-23.56992025,-46.71291925,,,,1,2023-06-20T02:35:09+00:00
SAO_8705-10,São Paulo,3550308,True,,2072,,,-23.547646999999998,-46.760248000000004,,,,1,2023-06-20T02:35:13+00:00
SAO_8705-10,São Paulo,3550308,True,,2072,,,-23.5473665,-46.7605345,,,,1,2023-06-20T02:35:10+00:00
SAO_8705-10,São Paulo,3550308,True,,2072,,,-23.547646999999998,-46.760248000000004,,,,1,2023-06-20T02:35:12+00:00
SAO_8705-10,São Paulo,3550308,True,,2072,,,-23.5551335,-46.751251499999995,,,,1,2023-06-20T02:35:26+00:00
SAO_6801-10,São Paulo,3550308,True,,32773,,,-23.660584,-46.7336095,,,,2,2023-06-20T02:35:04+00:00
SAO_6801-10,São Paulo,3550308,True,,32773,,,-23.660584,-46.7336095,,,,2,2023-06-20T02:34:58+00:00
SAO_6801-10,São Paulo,3550308,True,,32773,,,-23.660584,-46.7336095,,,,2,2023-06-20T02:35:15+00:00
SAO_5108-10,São Paulo,3550308,True,,34443,,,-23.662163624999998,-46.618522125,,,,2,2023-06-20T02:35:13+00:00
SAO_5108-10,São Paulo,3550308,True,,34443,,,-23.603834499999998,-46.615504,,,,2,2023-06-20T02:35:08+00:00
SAO_5108-10,São Paulo,3550308,True,,34443,,,-23.661933875000003,-46.618261375,,,,2,2023-06-20T02:35:18+00:00
SAO_5108-10,São Paulo,3550308,True,,34443,,,-23.547656500000002,-46.6294305,,,,2,2023-06-20T02:35:27+00:00
SAO_5108-10,São Paulo,3550308,True,,34443,,,-23.56166375,-46.62546775,,,,2,2023-06-20T02:35:08+00:00
SAO_5108-10,São Paulo,3550308,True,,34443,,,-23.644987,-46.613166,,,,2,2023-06-20T02:35:34+00:00
SAO_857C-10,São Paulo,3550308,True,,1901,,,-23.621666,-46.679522500000004,,,,1,2023-06-20T02:35:31+00:00
SAO_857C-10,São Paulo,3550308,True,,1901,,,-23.64251,-46.736504,,,,1,2023-06-20T02:35:24+00:00
SAO_857C-10,São Paulo,3550308,True,,1901,,,-23.636473000000002,-46.641466,,,,1,2023-06-20T02:35:04+00:00
SAO_5010-10,São Paulo,3550308,True,,33882,,,-23.662,-46.631691,,,,2,2023-06-20T02:35:16+00:00
SAO_5010-10,São Paulo,3550308,True,,33882,,,-23.6535685,-46.703556,,,,2,2023-06-20T02:34:56+00:00
SAO_5010-10,São Paulo,3550308,True,,33882,,,-23.662217,-46.631516500000004,,,,2,2023-06-20T02:34:54+00:00
SAO_5010-10,São Paulo,3550308,True,,33882,,,-23.653701124999998,-46.637101,,,,2,2023-06-20T02:35:23+00:00
SAO_5010-10,São Paulo,3550308,True,,33882,,,-23.6624725,-46.631309,,,,2,2023-06-20T02:35:29+00:00
SAO_573H-10,São Paulo,3550308,True,,1630,,,-23.5691675,-46.581795,,,,1,2023-06-20T02:35:00+00:00
SAO_573H-10,São Paulo,3550308,True,,1630,,,-23.546872999999998,-46.608591000000004,,,,1,2023-06-20T02:35:19+00:00
SAO_573H-10,São Paulo,3550308,True,,1630,,,-23.57330725,-46.55962674999999,,,,1,2023-06-20T02:34:52+00:00
SAO_573H-10,São Paulo,3550308,True,,1630,,,-23.584650874999998,-46.527735,,,,1,2023-06-20T02:34:57+00:00
SAO_573H-10,São Paulo,3550308,True,,1630,,,-23.546895,-46.6087625,,,,1,2023-06-20T02:35:04+00:00
SAO_573H-10,São Paulo,3550308,True,,1630,,,-23.555710249999997,-46.60326825,,,,1,2023-06-20T02:34:53+00:00
SAO_573H-10,São Paulo,3550308,True,,1630,,,-23.60225475,-46.50354575,,,,1,2023-06-20T02:35:06+00:00
SAO_573H-10,São Paulo,3550308,True,,1630,,,-23.6116475,-46.493727,,,,1,2023-06-20T02:34:56+00:00
SAO_4085-10,São Paulo,3550308,True,,34924,,,-23.5430025,-46.47133650000001,,,,2,2023-06-20T02:35:01+00:00
SAO_4085-10,São Paulo,3550308,True,,34924,,,-23.574345,-46.4306115,,,,2,2023-06-20T02:32:35+00:00
SAO_4085-10,São Paulo,3550308,True,,34924,,,-23.57041325,-46.42864425,,,,2,2023-06-20T02:35:20+00:00
SAO_4085-10,São Paulo,3550308,True,,34924,,,-23.558153,-46.441452,,,,2,2023-06-20T02:32:42+00:00
SAO_715M-10,São Paulo,3550308,True,EMTU,490,https://moovitapp.com/index/pt-br/transporte_p%C3%BAblico-line-490-Sao_Paulo-242-2038937-36419517-0,5.15,-23.56992025,-46.71291925,,,,1,2023-06-20T02:35:36+00:00
SAO_715M-10,São Paulo,3550308,True,EMTU,490,https://moovitapp.com/index/pt-br/transporte_p%C3%BAblico-line-490-Sao_Paulo-242-2038937-36419517-0,5.15,-23.55898175,-46.63737975,,,,1,2023-06-20T02:35:34+00:00
SAO_715M-10,São Paulo,3550308,True,EMTU,490,https://moovitapp.com/index/pt-br/transporte_p%C3%BAblico-line-490-Sao_Paulo-242-2038937-36419517-0,5.15,-23.583236999999997,-46.761977,,,,1,2023-06-20T02:35:23+00:00
SAO_715M-10,São Paulo,3550308,True,EMTU,490,https://moovitapp.com/index/pt-br/transporte_p%C3%BAblico-line-490-Sao_Paulo-242-2038937-36419517-0,5.15,-23.583236999999997,-46.761977,,,,1,2023-06-20T02:35:28+00:00
SAO_715M-10,São Paulo,3550308,True,EMTU,490,https://moovitapp.com/index/pt-br/transporte_p%C3%BAblico-line-490-Sao_Paulo-242-2038937-36419517-0,5.15,-23.567761937500002,-46.650943749999996,,,,1,2023-06-20T02:35:37+00:00
SAO_508L-10,São Paulo,3550308,True,,32885,,,-23.53435325,-46.644056,,,,2,2023-06-20T02:34:53+00:00
SAO_508L-10,São Paulo,3550308,True,,32885,,,-23.5732475,-46.631155,,,,2,2023-06-20T02:35:17+00:00
SAO_508L-10,São Paulo,3550308,True,,32885,,,-23.554541,-46.63316525,,,,2,2023-06-20T02:35:21+00:00
SAO_508L-10,São Paulo,3550308,True,,32885,,,-23.533831250000002,-46.64481775,,,,2,2023-06-20T02:35:18+00:00
SAO_7001-10,São Paulo,3550308,True,,1722,,,-23.7247405,-46.7552985,,,,1,2023-06-20T02:35:24+00:00
SAO_7001-10,São Paulo,3550308,True,,1722,,,-23.6894615,-46.77340325,,,,1,2023-06-20T02:35:18+00:00
SAO_7001-10,São Paulo,3550308,True,,1722,,,-23.7247405,-46.7552985,,,,1,2023-06-20T02:35:24+00:00
SAO_7001-10,São Paulo,3550308,True,,1722,,,-23.722996000000002,-46.756729,,,,1,2023-06-20T02:35:15+00:00
SAO_7001-10,São Paulo,3550308,True,,1722,,,-23.6873875,-46.771598,,,,1,2023-06-20T02:34:53+00:00
SAO_7001-10,São Paulo,3550308,True,,1722,,,-23.72096925,-46.76488725,,,,1,2023-06-20T02:35:16+00:00
SAO_178L-10,São Paulo,3550308,True,,33328,,,-23.521901999999997,-46.651160000000004,,,,2,2023-06-20T02:35:17+00:00
SAO_178L-10,São Paulo,3550308,True,,33328,,,-23.4747265,-46.64295,,,,2,2023-06-20T02:35:29+00:00
SAO_178L-10,São Paulo,3550308,True,,33328,,,-23.4746205,-46.643643999999995,,,,2,2023-06-20T02:34:53+00:00
SAO_178L-10,São Paulo,3550308,True,,33328,,,-23.493417,-46.63277050000001,,,,2,2023-06-20T02:35:06+00:00
SAO_178L-10,São Paulo,3550308,True,,33328,,,-23.474617000000002,-46.6435345,,,,2,2023-06-20T02:35:25+00:00
SAO_178L-10,São Paulo,3550308,True,,33328,,,-23.549836499999998,-46.65359025000001,,,,2,2023-06-20T02:35:10+00:00
SAO_178L-10,São Paulo,3550308,True,,33328,,,-23.480480625,-46.643454,,,,2,2023-06-20T02:34:50+00:00
SAO_178L-10,São Paulo,3550308,True,,33328,,,-23.550093500000003,-46.682230000000004,,,,2,2023-06-20T02:35:02+00:00
SAO_178L-10,São Paulo,3550308,True,,33328,,,-23.5495815,-46.6827435,,,,2,2023-06-20T02:35:18+00:00
SAO_4028-10,São Paulo,3550308,True,,33866,,,-23.593412875000002,-46.488488499999995,,,,2,2023-06-20T02:35:28+00:00
SAO_4028-10,São Paulo,3550308,True,,33866,,,-23.637158499999998,-46.4471865,,,,2,2023-06-20T02:35:01+00:00
SAO_4028-10,São Paulo,3550308,True,,33866,,,-23.593083,-46.4887815,,,,2,2023-06-20T02:35:01+00:00
SAO_4028-10,São Paulo,3550308,True,,33866,,,-23.629542999999998,-46.4528615,,,,2,2023-06-20T02:35:05+00:00
SAO_4028-10,São Paulo,3550308,True,,33866,,,-23.64344,-46.448266000000004,,,,2,2023-06-20T02:35:26+00:00
SAO_2203-10,São Paulo,3550308,True,,911,,,-23.5244805,-46.49446125,,,,1,2023-06-20T02:34:20+00:00
SAO_2203-10,São Paulo,3550308,True,,911,,,-23.5305665,-46.5351675,,,,1,2023-06-20T02:35:29+00:00
SAO_2203-10,São Paulo,3550308,True,,911,,,-23.520712000000003,-46.484475,,,,1,2023-06-20T02:35:19+00:00
SAO_2203-10,São Paulo,3550308,True,,911,,,-23.520830500000002,-46.484642,,,,1,2023-06-20T02:35:37+00:00
SAO_2203-10,São Paulo,3550308,True,,911,,,-23.524758499999997,-46.5450925,,,,1,2023-06-20T02:35:35+00:00
SAO_2203-10,São Paulo,3550308,True,,911,,,-23.524907,-46.487828500000006,,,,1,2023-06-20T02:35:24+00:00
SAO_8000-1,São Paulo,3550308,True,,35274,,,-23.520775999999998,-46.70046,,,,2,2023-06-20T02:35:15+00:00
SAO_8000-1,São Paulo,3550308,True,,35274,,,-23.52087225,-46.70017,,,,2,2023-06-20T02:34:56+00:00
SAO_8000-1,São Paulo,3550308,True,,35274,,,-23.54220325,-46.64060875,,,,2,2023-06-20T02:35:31+00:00
SAO_8000-1,São Paulo,3550308,True,,35274,,,-23.525452,-46.681762,,,,2,2023-06-20T02:35:21+00:00
SAO_8000-1,São Paulo,3550308,True,,35274,,,-23.52087225,-46.70017,,,,2,2023-06-20T02:35:10+00:00
SAO_775V-10,São Paulo,3550308,True,,33243,,,-23.565349,-46.744643874999994,,,,2,2023-06-20T02:34:56+00:00
SAO_775V-10,São Paulo,3550308,True,,33243,,,-23.5755445,-46.765699999999995,,,,2,2023-06-20T02:35:24+00:00
SAO_775V-10,São Paulo,3550308,True,,33243,,,-23.57609025,-46.76591425,,,,2,2023-06-20T02:34:58+00:00
SAO_775V-10,São Paulo,3550308,True,,33243,,,-23.565296,-46.694489000000004,,,,2,2023-06-20T02:35:05+00:00
SAO_775V-10,São Paulo,3550308,True,,33243,,,-23.57638,-46.7660295,,,,2,2023-06-20T02:35:01+00:00
SAO_875P-10,São Paulo,3550308,True,,34109,,,-23.526567,-46.665596,,,,2,2023-06-20T02:34:57+00:00
SAO_875P-10,São Paulo,3550308,True,,34109,,,-23.558488500000003,-46.659698,,,,2,2023-06-20T02:35:29+00:00
SAO_875P-10,São Paulo,3550308,True,,34109,,,-23.5820815,-46.6384025,,,,2,2023-06-20T02:35:25+00:00
SAO_875P-10,São Paulo,3550308,True,,34109,,,-23.5372615,-46.6678365,,,,2,2023-06-20T02:35:26+00:00
SAO_875P-10,São Paulo,3550308,True,,34109,,,-23.5820815,-46.6384025,,,,2,2023-06-20T02:35:03+00:00
SAO_172K-10,São Paulo,3550308,True,,33625,,,-23.541068499999998,-46.595891124999994,,,,2,2023-06-20T02:35:13+00:00
SAO_172K-10,São Paulo,3550308,True,,33625,,,-23.481353,-46.589534,,,,2,2023-06-20T02:30:48+00:00
SAO_172K-10,São Paulo,3550308,True,,33625,,,-23.456327,-46.5947025,,,,2,2023-06-20T02:35:00+00:00
SAO_172K-10,São Paulo,3550308,True,,33625,,,-23.456100499999998,-46.59466,,,,2,2023-06-20T02:35:35+00:00
SAO_172K-10,São Paulo,3550308,True,,33625,,,-23.481333749999997,-46.604004375,,,,2,2023-06-20T02:35:30+00:00
SAO_172K-10,São Paulo,3550308,True,,33625,,,-23.4751065,-46.592967,,,,2,2023-06-20T02:35:04+00:00
SAO_172K-10,São Paulo,3550308,True,,33625,,,-23.456656000000002,-46.5947925,,,,2,2023-06-20T02:35:17+00:00
SAO_172K-10,São Paulo,3550308,True,,33625,,,-23.4565275,-46.5947325,,,,2,2023-06-20T02:35:11+00:00
SAO_172K-10,São Paulo,3550308,True,,33625,,,-23.52112125,-46.5917945,,,,2,2023-06-20T02:35:10+00:00
SAO_3134-10,São Paulo,3550308,True,,33761,,,-23.5632475,-46.505516,,,,2,2023-06-20T02:35:11+00:00
SAO_3134-10,São Paulo,3550308,True,,33761,,,-23.584784499999998,-46.51971825,,,,2,2023-06-20T02:34:53+00:00
SAO_3134-10,São Paulo,3550308,True,,33761,,,-23.573943999999997,-46.5688875,,,,2,2023-06-20T02:35:31+00:00
SAO_3134-10,São Paulo,3550308,True,,33761,,,-23.5632475,-46.505516,,,,2,2023-06-20T02:35:36+00:00
SAO_3134-10,São Paulo,3550308,True,,33761,,,-23.583728,-46.534744,,,,2,2023-06-20T02:35:28+00:00
SAO_3134-10,São Paulo,3550308,True,,33761,,,-23.5630785,-46.5055855,,,,2,2023-06-20T02:35:30+00:00
SAO_3134-10,São Paulo,3550308,True,,33761,,,-23.570067499999997,-46.508777375,,,,2,2023-06-20T02:35:15+00:00
SAO_3134-10,São Paulo,3550308,True,,33761,,,-23.5918495,-46.58117325,,,,2,2023-06-20T02:33:06+00:00
SAO_3134-10,São Paulo,3550308,True,,33761,,,-23.5634105,-46.5054495,,,,2,2023-06-20T02:35:36+00:00
SAO_3134-10,São Paulo,3550308,True,,33761,,,-23.5914675,-46.5888935,,,,2,2023-06-20T02:35:33+00:00
SAO_3134-10,São Paulo,3550308,True,,33761,,,-23.5634675,-46.505427,,,,2,2023-06-20T02:35:10+00:00
SAO_516N-10,São Paulo,3550308,True,,33034,,,-23.6849845,-46.633231,,,,2,2023-06-20T02:30:57+00:00
SAO_516N-10,São Paulo,3550308,True,,33034,,,-23.689969249999997,-46.649679000000006,,,,2,2023-06-20T02:35:11+00:00
SAO_516N-10,São Paulo,3550308,True,,33034,,,-23.690199749999998,-46.649609,,,,2,2023-06-20T02:35:06+00:00
SAO_516N-10,São Paulo,3550308,True,,33034,,,-23.6609575,-46.6633115,,,,2,2023-06-20T02:35:29+00:00
SAO_516N-10,São Paulo,3550308,True,,33034,,,-23.667364,-46.65388874999999,,,,2,2023-06-20T02:35:08+00:00
SAO_516N-10,São Paulo,3550308,True,,33034,,,-23.584148,-46.670124,,,,2,2023-06-20T02:35:35+00:00
SAO_516N-10,São Paulo,3550308,True,,33034,,,-23.666238375,-46.656311875,,,,2,2023-06-20T02:34:55+00:00
SAO_516N-10,São Paulo,3550308,True,,33034,,,-23.691416124999996,-46.6440195,,,,2,2023-06-20T02:35:28+00:00
SAO_516N-10,São Paulo,3550308,True,,33034,,,-23.690199749999998,-46.649609,,,,2,2023-06-20T02:35:19+00:00
SAO_516N-10,São Paulo,3550308,True,,33034,,,-23.603969375,-46.674927374999996,,,,2,2023-06-20T02:35:31+00:00
SAO_516N-10,São Paulo,3550308,True,,33034,,,-23.693296500000002,-46.647397999999995,,,,2,2023-06-20T02:31:40+00:00
SAO_7051-10,São Paulo,3550308,True,,1885,,,-23.655096,-46.7838845,,,,1,2023-06-20T02:35:11+00:00
SAO_7051-10,São Paulo,3550308,True,,1885,,,-23.632827499999998,-46.7727005,,,,1,2023-06-20T02:34:57+00:00
SAO_6358-10,São Paulo,3550308,True,,1294,,,-23.647320999999998,-46.6706515,,,,1,2023-06-20T02:35:10+00:00
SAO_6358-10,São Paulo,3550308,True,,1294,,,-23.68926525,-46.63648,,,,1,2023-06-20T02:35:18+00:00
SAO_6358-10,São Paulo,3550308,True,,1294,,,-23.548989,-46.6395165,,,,1,2023-06-20T02:35:14+00:00
SAO_6358-10,São Paulo,3550308,True,,1294,,,-23.5803555,-46.6599985,,,,1,2023-06-20T02:33:32+00:00
SAO_6358-10,São Paulo,3550308,True,,1294,,,-23.6050065,-46.663439625,,,,1,2023-06-20T02:35:03+00:00
SAO_6073-10,São Paulo,3550308,True,,33928,,,-23.846876,-46.715995500000005,,,,2,2023-06-20T02:29:52+00:00
SAO_6073-10,São Paulo,3550308,True,,33928,,,-23.766939,-46.716361,,,,2,2023-06-20T02:35:21+00:00
SAO_6073-10,São Paulo,3550308,True,,33928,,,-23.7727445,-46.720183,,,,2,2023-06-20T02:34:59+00:00
SAO_6073-10,São Paulo,3550308,True,,33928,,,-23.853313,-46.6956225,,,,2,2023-06-20T02:35:08+00:00
SAO_5013-10,São Paulo,3550308,True,,33885,,,-23.6842295,-46.633061,,,,2,2023-06-20T02:35:24+00:00
SAO_5013-10,São Paulo,3550308,True,,33885,,,-23.677397499999998,-46.6854505,,,,2,2023-06-20T02:35:35+00:00
SAO_5013-10,São Paulo,3550308,True,,33885,,,-23.6868825,-46.6383355,,,,2,2023-06-20T02:35:03+00:00
SAO_5013-10,São Paulo,3550308,True,,33885,,,-23.66575975,-46.69056875,,,,2,2023-06-20T02:35:32+00:00
SAO_5013-10,São Paulo,3550308,True,,33885,,,-23.6701165,-46.6734405,,,,2,2023-06-20T02:35:35+00:00
SAO_6078-10,São Paulo,3550308,True,,33934,,,-23.713037999999997,-46.698539999999994,,,,2,2023-06-20T02:35:26+00:00
SAO_6078-10,São Paulo,3550308,True,,33934,,,-23.73436225,-46.696115000000006,,,,2,2023-06-20T02:35:05+00:00
SAO_6078-10,São Paulo,3550308,True,,33934,,,-23.75378275,-46.66689875,,,,2,2023-06-20T02:35:33+00:00
SAO_6078-10,São Paulo,3550308,True,,33934,,,-23.7433635,-46.6916115,,,,2,2023-06-20T02:35:29+00:00
SAO_6078-10,São Paulo,3550308,True,,33934,,,-23.755181625,-46.671980624999996,,,,2,2023-06-20T02:35:14+00:00
SAO_2031-10,São Paulo,3550308,True,,33135,,,-23.50584575,-46.37234624999999,,,,2,2023-06-20T02:35:16+00:00
SAO_2031-10,São Paulo,3550308,True,,33135,,,-23.4943805,-46.438734499999995,,,,2,2023-06-20T02:33:45+00:00
SAO_2031-10,São Paulo,3550308,True,,33135,,,-23.50574925,-46.37263675,,,,2,2023-06-20T02:35:31+00:00
SAO_2031-10,São Paulo,3550308,True,,33135,,,-23.5031395,-46.3825535,,,,2,2023-06-20T02:35:06+00:00
SAO_2031-10,São Paulo,3550308,True,,33135,,,-23.50574925,-46.37263675,,,,2,2023-06-20T02:34:59+00:00
SAO_675I-10,São Paulo,3550308,True,,32836,,,-23.6438335,-46.734375,,,,2,2023-06-20T02:35:20+00:00
SAO_675I-10,São Paulo,3550308,True,,32836,,,-23.643927,-46.7328295,,,,2,2023-06-20T02:35:34+00:00
SAO_675I-10,São Paulo,3550308,True,,32836,,,-23.643911000000003,-46.733135000000004,,,,2,2023-06-20T02:35:12+00:00
SAO_675I-10,São Paulo,3550308,True,,32836,,,-23.643911000000003,-46.733135000000004,,,,2,2023-06-20T02:35:08+00:00
SAO_675I-10,São Paulo,3550308,True,,32836,,,-23.643877,-46.733764,,,,2,2023-06-20T02:34:58+00:00
SAO_675I-10,São Paulo,3550308,True,,32836,,,-23.61896,-46.682627,,,,2,2023-06-20T02:35:18+00:00
SAO_719R-10,São Paulo,3550308,True,EMTU,469,https://moovitapp.com/index/pt-br/transporte_p%C3%BAblico-line-469-Sao_Paulo-242-2038937-36419507-0,5.4,-23.573483250000002,-46.725281,,,,1,2023-06-20T02:34:54+00:00
SAO_719R-10,São Paulo,3550308,True,EMTU,469,https://moovitapp.com/index/pt-br/transporte_p%C3%BAblico-line-469-Sao_Paulo-242-2038937-36419507-0,5.4,-23.541334,-46.6556875,,,,1,2023-06-20T02:34:53+00:00
SAO_719R-10,São Paulo,3550308,True,EMTU,469,https://moovitapp.com/index/pt-br/transporte_p%C3%BAblico-line-469-Sao_Paulo-242-2038937-36419507-0,5.4,-23.562776999999997,-46.764811,,,,1,2023-06-20T02:34:56+00:00
SAO_719R-10,São Paulo,3550308,True,EMTU,469,https://moovitapp.com/index/pt-br/transporte_p%C3%BAblico-line-469-Sao_Paulo-242-2038937-36419507-0,5.4,-23.562776999999997,-46.764811,,,,1,2023-06-20T02:34:58+00:00
SAO_3734-10,São Paulo,3550308,True,,1034,,,-23.55672275,-46.47659075,,,,1,2023-06-20T02:35:16+00:00
SAO_3734-10,São Paulo,3550308,True,,1034,,,-23.552791499999998,-46.473403000000005,,,,1,2023-06-20T02:35:03+00:00
SAO_3734-10,São Paulo,3550308,True,,1034,,,-23.552791499999998,-46.473403000000005,,,,1,2023-06-20T02:35:14+00:00
SAO_3734-10,São Paulo,3550308,True,,1034,,,-23.5435075,-46.481669,,,,1,2023-06-20T02:35:17+00:00
SAO_9023-10,São Paulo,3550308,True,,34205,,,-23.47071225,-46.72475375,,,,2,2023-06-20T02:35:28+00:00
SAO_9023-10,São Paulo,3550308,True,,34205,,,-23.422219,-46.715332000000004,,,,2,2023-06-20T02:31:07+00:00
SAO_9023-10,São Paulo,3550308,True,,34205,,,-23.45089,-46.7158685,,,,2,2023-06-20T02:35:08+00:00
SAO_9023-10,São Paulo,3550308,True,,34205,,,-23.4196455,-46.717132,,,,2,2023-06-20T02:35:32+00:00
SAO_9023-10,São Paulo,3550308,True,,34205,,,-23.419748,-46.7164855,,,,2,2023-06-20T02:35:33+00:00
SAO_9023-10,São Paulo,3550308,True,,34205,,,-23.421394499999998,-46.7161145,,,,2,2023-06-20T02:31:36+00:00
SAO_9023-10,São Paulo,3550308,True,,34205,,,-23.4413685,-46.7122195,,,,2,2023-06-20T02:35:13+00:00
SAO_9023-10,São Paulo,3550308,True,,34205,,,-23.419681500000003,-46.716796,,,,2,2023-06-20T02:35:10+00:00
SAO_746C-10,São Paulo,3550308,True,,33551,,,-23.62777075,-46.73582825,,,,2,2023-06-20T02:35:11+00:00
SAO_746C-10,São Paulo,3550308,True,,33551,,,-23.61692275,-46.74291825,,,,2,2023-06-20T02:35:06+00:00
SAO_746C-10,São Paulo,3550308,True,,33551,,,-23.608888999999998,-46.750856,,,,2,2023-06-20T02:35:23+00:00
SAO_746C-10,São Paulo,3550308,True,,33551,,,-23.650399,-46.7076415,,,,2,2023-06-20T02:35:34+00:00
SAO_746C-10,São Paulo,3550308,True,,33551,,,-23.640634625,-46.71865675000001,,,,2,2023-06-20T02:35:00+00:00
SAO_746C-10,São Paulo,3550308,True,,33551,,,-23.609017,-46.750698,,,,2,2023-06-20T02:35:19+00:00
SAO_208M-10,São Paulo,3550308,True,,2478,,,-23.502214000000002,-46.6235875,,,,1,2023-06-20T02:35:26+00:00
SAO_208M-10,São Paulo,3550308,True,,2478,,,-23.528005999999998,-46.661822,,,,1,2023-06-20T02:35:14+00:00
SAO_208M-10,São Paulo,3550308,True,,2478,,,-23.503519999999998,-46.634758375000004,,,,1,2023-06-20T02:35:18+00:00
SAO_208M-10,São Paulo,3550308,True,,2478,,,-23.565374249999998,-46.698355,,,,1,2023-06-20T02:35:02+00:00
SAO_208M-10,São Paulo,3550308,True,,2478,,,-23.566066,-46.701753499999995,,,,1,2023-06-20T02:35:03+00:00
SAO_208M-10,São Paulo,3550308,True,,2478,,,-23.565859,-46.7013775,,,,1,2023-06-20T02:35:29+00:00
SAO_208M-10,São Paulo,3550308,True,,2478,,,-23.502214000000002,-46.6235875,,,,1,2023-06-20T02:35:20+00:00
SAO_3791-10,São Paulo,3550308,True,,33837,,,-23.5414835,-46.4843695,,,,2,2023-06-20T02:35:21+00:00
SAO_3791-10,São Paulo,3550308,True,,33837,,,-23.55713175,-46.513196,,,,2,2023-06-20T02:35:03+00:00
SAO_3791-10,São Paulo,3550308,True,,33837,,,-23.564292000000002,-46.504931,,,,2,2023-06-20T02:34:59+00:00
SAO_3791-10,São Paulo,3550308,True,,33837,,,-23.543853499999997,-46.5030165,,,,2,2023-06-20T02:35:28+00:00
SAO_3791-10,São Paulo,3550308,True,,33837,,,-23.5641745,-46.505159,,,,2,2023-06-20T02:35:35+00:00
SAO_5030-10,São Paulo,3550308,True,,34437,,,-23.637222,-46.595223000000004,,,,2,2023-06-20T02:35:31+00:00
SAO_5030-10,São Paulo,3550308,True,,34437,,,-23.603029999999997,-46.6025805,,,,2,2023-06-20T02:35:31+00:00
SAO_701U-10,São Paulo,3550308,True,,657,,,-23.5521175,-46.7315415,,,,1,2023-06-20T02:35:13+00:00
SAO_701U-10,São Paulo,3550308,True,,657,,,-23.5521175,-46.7315415,,,,1,2023-06-20T02:35:12+00:00
SAO_701U-10,São Paulo,3550308,True,,657,,,-23.5521175,-46.7315415,,,,1,2023-06-20T02:35:22+00:00
SAO_701U-10,São Paulo,3550308,True,,657,,,-23.555808499999998,-46.665915749999996,,,,1,2023-06-20T02:35:22+00:00
SAO_701U-10,São Paulo,3550308,True,,657,,,-23.5595055,-46.737069000000005,,,,1,2023-06-20T02:34:57+00:00
SAO_701U-10,São Paulo,3550308,True,,657,,,-23.5390335,-46.63554,,,,1,2023-06-20T02:35:26+00:00
SAO_2719-10,São Paulo,3550308,True,,932,,,-23.506608,-46.488586999999995,,,,1,2023-06-20T02:35:24+00:00
SAO_2719-10,São Paulo,3550308,True,,932,,,-23.497960999999997,-46.4867265,,,,1,2023-06-20T02:35:33+00:00
SAO_2719-10,São Paulo,3550308,True,,932,,,-23.506212499999997,-46.488517,,,,1,2023-06-20T02:35:23+00:00
SAO_2719-10,São Paulo,3550308,True,,932,,,-23.531444999999998,-46.5293925,,,,1,2023-06-20T02:35:02+00:00
SAO_2719-10,São Paulo,3550308,True,,932,,,-23.511367,-46.500653,,,,1,2023-06-20T02:35:36+00:00
SAO_2719-10,São Paulo,3550308,True,,932,,,-23.531444999999998,-46.5293925,,,,1,2023-06-20T02:35:35+00:00
SAO_2719-10,São Paulo,3550308,True,,932,,,-23.517125,-46.52261,,,,1,2023-06-20T02:35:16+00:00
SAO_2719-10,São Paulo,3550308,True,,932,,,-23.5142675,-46.519064,,,,1,2023-06-20T02:35:25+00:00
SAO_4726-10,São Paulo,3550308,True,,34448,,,-23.5609535,-46.58478074999999,,,,2,2023-06-20T02:35:22+00:00
SAO_4726-10,São Paulo,3550308,True,,34448,,,-23.563243,-46.592068499999996,,,,2,2023-06-20T02:35:24+00:00
SAO_4726-10,São Paulo,3550308,True,,34448,,,-23.5410385,-46.575868,,,,2,2023-06-20T02:35:30+00:00
SAO_4726-10,São Paulo,3550308,True,,34448,,,-23.544423000000002,-46.58030225,,,,2,2023-06-20T02:35:05+00:00
SAO_6008-10,São Paulo,3550308,True,,33968,,,-23.6885981875,-46.766328062499994,,,,2,2023-06-20T02:35:31+00:00
SAO_6008-10,São Paulo,3550308,True,,33968,,,-23.68727,-46.7629345,,,,2,2023-06-20T02:35:07+00:00
SAO_6008-10,São Paulo,3550308,True,,33968,,,-23.68727,-46.7629345,,,,2,2023-06-20T02:35:02+00:00
SAO_6008-10,São Paulo,3550308,True,,33968,,,-23.685276,-46.741823499999995,,,,2,2023-06-20T02:35:16+00:00
SAO_6008-10,São Paulo,3550308,True,,33968,,,-23.6628155,-46.707258625,,,,2,2023-06-20T02:35:26+00:00
SAO_8015-10,São Paulo,3550308,True,,1345,,,-23.482241,-46.720363500000005,,,,1,2023-06-20T02:35:36+00:00
SAO_8015-10,São Paulo,3550308,True,,1345,,,-23.44866375,-46.71702125,,,,1,2023-06-20T02:35:07+00:00
SAO_8015-10,São Paulo,3550308,True,,1345,,,-23.4854275,-46.7255765,,,,1,2023-06-20T02:35:23+00:00
SAO_4056-10,São Paulo,3550308,True,,35005,,,-23.613115999999998,-46.476499,,,,2,2023-06-20T02:35:06+00:00
SAO_4056-10,São Paulo,3550308,True,,35005,,,-23.608371249999998,-46.464143750000005,,,,2,2023-06-20T02:30:13+00:00
SAO_4056-10,São Paulo,3550308,True,,35005,,,-23.612665,-46.476373499999994,,,,2,2023-06-20T02:35:20+00:00
SAO_4056-10,São Paulo,3550308,True,,35005,,,-23.612665,-46.476373499999994,,,,2,2023-06-20T02:34:53+00:00
SAO_1701-10,São Paulo,3550308,True,EMTU,845,https://moovitapp.com/index/pt-br/transporte_p%C3%BAblico-line-845-Sao_Paulo-242-2038937-36419607-0,5.15,-23.4802815,-46.6000715,,,,1,2023-06-20T02:35:05+00:00
SAO_1701-10,São Paulo,3550308,True,EMTU,845,https://moovitapp.com/index/pt-br/transporte_p%C3%BAblico-line-845-Sao_Paulo-242-2038937-36419607-0,5.15,-23.447538,-46.576252999999994,,,,1,2023-06-20T02:35:32+00:00
SAO_6823-10,São Paulo,3550308,True,,32802,,,-23.6919635,-46.7907745,,,,2,2023-06-20T02:34:56+00:00
SAO_6823-10,São Paulo,3550308,True,,32802,,,-23.6547415,-46.762824499999994,,,,2,2023-06-20T02:35:35+00:00
SAO_6823-10,São Paulo,3550308,True,,32802,,,-23.692131,-46.78990950000001,,,,2,2023-06-20T02:35:30+00:00
SAO_273V-10,São Paulo,3550308,True,,32999,,,-23.519877,-46.43282550000001,,,,2,2023-06-20T02:34:55+00:00
SAO_273V-10,São Paulo,3550308,True,,32999,,,-23.5331465,-46.543474,,,,2,2023-06-20T02:35:21+00:00
SAO_273V-10,São Paulo,3550308,True,,32999,,,-23.5252965,-46.5048955,,,,2,2023-06-20T02:31:35+00:00
SAO_2551-10,São Paulo,3550308,True,,32909,,,-23.546832000000002,-46.6301665,,,,2,2023-06-20T02:35:24+00:00
SAO_2551-10,São Paulo,3550308,True,,32909,,,-23.49625875,-46.5119855,,,,2,2023-06-20T02:35:22+00:00
SAO_2551-10,São Paulo,3550308,True,,32909,,,-23.5173865,-46.47583825,,,,2,2023-06-20T02:35:37+00:00
SAO_2551-10,São Paulo,3550308,True,,32909,,,-23.5321845,-46.561195,,,,2,2023-06-20T02:35:27+00:00
SAO_2551-10,São Paulo,3550308,True,,32909,,,-23.5173865,-46.47583825,,,,2,2023-06-20T02:35:04+00:00
SAO_502J-10,São Paulo,3550308,True,,34043,,,-23.6680115,-46.668629,,,,2,2023-06-20T02:34:55+00:00
SAO_502J-10,São Paulo,3550308,True,,34043,,,-23.602312124999997,-46.63679425,,,,2,2023-06-20T02:35:26+00:00
SAO_502J-10,São Paulo,3550308,True,,34043,,,-23.6856255,-46.6683255,,,,2,2023-06-20T02:34:57+00:00
SAO_502J-10,São Paulo,3550308,True,,34043,,,-23.63537425,-46.648435,,,,2,2023-06-20T02:35:32+00:00
SAO_502J-10,São Paulo,3550308,True,,34043,,,-23.694827250000003,-46.6758405,,,,2,2023-06-20T02:35:31+00:00
SAO_502J-10,São Paulo,3550308,True,,34043,,,-23.6869455,-46.6668205,,,,2,2023-06-20T02:35:24+00:00
SAO_502J-10,São Paulo,3550308,True,,34043,,,-23.706264,-46.688098,,,,2,2023-06-20T02:35:04+00:00
SAO_502J-10,São Paulo,3550308,True,,34043,,,-23.706488999999998,-46.68819,,,,2,2023-06-20T02:34:54+00:00
SAO_502J-10,São Paulo,3550308,True,,34043,,,-23.59914325,-46.63838525,,,,2,2023-06-20T02:35:15+00:00
SAO_3738-10,São Paulo,3550308,False,,1038,,,-23.542569999999998,-46.46953499999999,,,,1,2023-06-20T02:35:20+00:00
SAO_3738-10,São Paulo,3550308,True,,1038,,,-23.5422665,-46.470055,,,,1,2023-06-20T02:32:24+00:00
SAO_3738-10,São Paulo,3550308,True,,1038,,,-23.552062749999997,-46.432514,,,,1,2023-06-20T02:35:26+00:00
SAO_3738-10,São Paulo,3550308,True,,1038,,,-23.5430685,-46.448671,,,,1,2023-06-20T02:35:00+00:00
SAO_3738-10,São Paulo,3550308,True,,1038,,,-23.565188,-46.396632,,,,1,2023-06-20T02:35:30+00:00
SAO_273D-10,São Paulo,3550308,True,,222,,,-23.526514125,-46.474658749999996,,,,1,2023-06-20T02:34:56+00:00
SAO_273D-10,São Paulo,3550308,True,,222,,,-23.524168875,-46.414170625,,,,1,2023-06-20T02:35:19+00:00
SAO_273D-10,São Paulo,3550308,True,,222,,,-23.514959750000003,-46.454404249999996,,,,1,2023-06-20T02:35:32+00:00
SAO_273D-10,São Paulo,3550308,True,,222,,,-23.516711,-46.476271,,,,1,2023-06-20T02:34:54+00:00
SAO_5759-31,São Paulo,3550308,True,,1139,,,-23.6950395,-46.6487305,,,,1,2023-06-20T02:35:26+00:00
SAO_5759-31,São Paulo,3550308,True,,1139,,,-23.68153625,-46.65308,,,,1,2023-06-20T02:32:43+00:00
SAO_5759-31,São Paulo,3550308,True,,1139,,,-23.64322,-46.657120500000005,,,,1,2023-06-20T02:35:14+00:00
SAO_5759-31,São Paulo,3550308,True,,1139,,,-23.6950395,-46.6487305,,,,1,2023-06-20T02:35:20+00:00
SAO_5164-21,São Paulo,3550308,True,,1616,,,-23.63842825,-46.64206875,,,,1,2023-06-20T02:35:34+00:00
SAO_5164-21,São Paulo,3550308,True,,1616,,,-23.60020325,-46.634893000000005,,,,1,2023-06-20T02:35:15+00:00
SAO_509J-10,São Paulo,3550308,True,,33032,,,-23.6875885,-46.654850499999995,,,,2,2023-06-20T02:35:29+00:00
SAO_509J-10,São Paulo,3550308,True,,33032,,,-23.580849999999998,-46.656758999999994,,,,2,2023-06-20T02:35:31+00:00
SAO_509J-10,São Paulo,3550308,True,,33032,,,-23.6875885,-46.654850499999995,,,,2,2023-06-20T02:34:53+00:00
SAO_509J-10,São Paulo,3550308,True,,33032,,,-23.65571975,-46.67982225,,,,2,2023-06-20T02:35:27+00:00
SAO_509J-10,São Paulo,3550308,True,,33032,,,-23.6776615,-46.66318575,,,,2,2023-06-20T02:35:00+00:00
SAO_509J-10,São Paulo,3550308,True,,33032,,,-23.623858499999997,-46.669659,,,,2,2023-06-20T02:35:20+00:00
SAO_509J-10,São Paulo,3550308,True,,33032,,,-23.6874295,-46.6550355,,,,2,2023-06-20T02:35:00+00:00
SAO_509J-10,São Paulo,3550308,True,,33032,,,-23.6875885,-46.654850499999995,,,,2,2023-06-20T02:34:56+00:00
SAO_509J-10,São Paulo,3550308,True,,33032,,,-23.687800000000003,-46.6546095,,,,2,2023-06-20T02:35:29+00:00
SAO_5105-10,São Paulo,3550308,True,,34419,,,-23.6033405,-46.6022085,,,,2,2023-06-20T02:35:35+00:00
SAO_5105-10,São Paulo,3550308,True,,34419,,,-23.603226749999997,-46.60239175,,,,2,2023-06-20T02:35:02+00:00
SAO_5105-10,São Paulo,3550308,True,,34419,,,-23.5472265,-46.6288135,,,,2,2023-06-20T02:35:21+00:00
SAO_5105-10,São Paulo,3550308,True,,34419,,,-23.6033405,-46.6022085,,,,2,2023-06-20T02:35:30+00:00
SAO_5105-10,São Paulo,3550308,True,,34419,,,-23.6034215,-46.602013,,,,2,2023-06-20T02:35:17+00:00
SAO_5105-10,São Paulo,3550308,True,,34419,,,-23.6033405,-46.6022085,,,,2,2023-06-20T02:35:15+00:00
SAO_5105-10,São Paulo,3550308,True,,34419,,,-23.563843375,-46.611501000000004,,,,2,2023-06-20T02:35:17+00:00
SAO_2725-10,São Paulo,3550308,True,,939,,,-23.540045,-46.483149499999996,,,,1,2023-06-20T02:35:04+00:00
SAO_2725-10,São Paulo,3550308,True,,939,,,-23.540045,-46.483149499999996,,,,1,2023-06-20T02:35:13+00:00
SAO_2725-10,São Paulo,3550308,True,,939,,,-23.5369655,-46.4752435,,,,1,2023-06-20T02:35:33+00:00
SAO_2725-10,São Paulo,3550308,True,,939,,,-23.5078185,-46.468817,,,,1,2023-06-20T02:35:21+00:00
SAO_2725-10,São Paulo,3550308,True,,939,,,-23.540045,-46.483149499999996,,,,1,2023-06-20T02:35:13+00:00
SAO_2725-10,São Paulo,3550308,True,,939,,,-23.523225,-46.4718335,,,,1,2023-06-20T02:35:12+00:00
SAO_2725-10,São Paulo,3550308,True,,939,,,-23.50430375,-46.4678045,,,,1,2023-06-20T02:34:27+00:00
SAO_6801-10,São Paulo,3550308,True,,5,,,-23.643911000000003,-46.733135000000004,,,,1,2023-06-20T02:35:02+00:00
SAO_1730-10,São Paulo,3550308,True,,865,,,-23.515809499999996,-46.6162245,,,,1,2023-06-20T02:35:04+00:00
SAO_1730-10,São Paulo,3550308,True,,865,,,-23.517584,-46.624517,,,,1,2023-06-20T02:35:30+00:00
SAO_4222-10,São Paulo,3550308,True,,33056,,,-23.614855,-46.5119545,,,,2,2023-06-20T02:35:30+00:00
SAO_4222-10,São Paulo,3550308,True,,33056,,,-23.6143715,-46.512184000000005,,,,2,2023-06-20T02:34:59+00:00
SAO_4222-10,São Paulo,3550308,True,,33056,,,-23.6143715,-46.512184000000005,,,,2,2023-06-20T02:35:16+00:00
SAO_4222-10,São Paulo,3550308,True,,33056,,,-23.578307,-46.592762,,,,2,2023-06-20T02:35:34+00:00
SAO_4222-10,São Paulo,3550308,True,,33056,,,-23.607991,-46.510649,,,,2,2023-06-20T02:33:59+00:00
SAO_4012-10,São Paulo,3550308,True,,2185,,,-23.598098999999998,-46.4409325,,,,1,2023-06-20T02:35:16+00:00
SAO_4012-10,São Paulo,3550308,True,,2185,,,-23.612884,-46.4762945,,,,1,2023-06-20T02:35:28+00:00
SAO_4012-10,São Paulo,3550308,True,,2185,,,-23.598098999999998,-46.4409325,,,,1,2023-06-20T02:35:35+00:00
SAO_4012-10,São Paulo,3550308,True,,2185,,,-23.598098999999998,-46.4409325,,,,1,2023-06-20T02:35:19+00:00
SAO_4012-10,São Paulo,3550308,True,,2185,,,-23.618112500000002,-46.461354,,,,1,2023-06-20T02:35:00+00:00
SAO_4012-10,São Paulo,3550308,True,,2185,,,-23.59960925,-46.442319499999996,,,,1,2023-06-20T02:35:29+00:00
SAO_233A-10,São Paulo,3550308,True,,33017,,,-23.5128555,-46.4437095,,,,2,2023-06-20T02:35:24+00:00
SAO_233A-10,São Paulo,3550308,True,,33017,,,-23.4794975,-46.419915375,,,,2,2023-06-20T02:35:23+00:00
SAO_233A-10,São Paulo,3550308,True,,33017,,,-23.522101,-46.4433815,,,,2,2023-06-20T02:35:22+00:00
SAO_233A-10,São Paulo,3550308,True,,33017,,,-23.533963,-46.457702,,,,2,2023-06-20T02:35:30+00:00
SAO_4003-10,São Paulo,3550308,True,,34927,,,-23.5646835,-46.4158675,,,,2,2023-06-20T02:33:39+00:00
SAO_4003-10,São Paulo,3550308,True,,34927,,,-23.5352635,-46.4538,,,,2,2023-06-20T02:34:58+00:00
SAO_4003-10,São Paulo,3550308,True,,34927,,,-23.574481499999997,-46.3981815,,,,2,2023-06-20T02:34:51+00:00
SAO_2732-10,São Paulo,3550308,True,,947,,,-23.5402155,-46.483134,,,,1,2023-06-20T02:35:07+00:00
SAO_2732-10,São Paulo,3550308,True,,947,,,-23.5402155,-46.483134,,,,1,2023-06-20T02:35:00+00:00
SAO_2732-10,São Paulo,3550308,True,,947,,,-23.5402155,-46.483134,,,,1,2023-06-20T02:35:32+00:00
SAO_2732-10,São Paulo,3550308,True,,947,,,-23.536789499999998,-46.470034,,,,1,2023-06-20T02:35:12+00:00
SAO_5018-10,São Paulo,3550308,True,,1492,,,-23.68175025,-46.675576750000005,,,,1,2023-06-20T02:34:29+00:00
SAO_5018-10,São Paulo,3550308,True,,1492,,,-23.6483995,-46.641465,,,,1,2023-06-20T02:35:01+00:00
SAO_5018-10,São Paulo,3550308,True,,1492,,,-23.6941195,-46.65682925,,,,1,2023-06-20T02:34:43+00:00
SAO_5018-10,São Paulo,3550308,True,,1492,,,-23.6729965,-46.6438955,,,,1,2023-06-20T02:35:13+00:00
SAO_2127-10,São Paulo,3550308,True,,693,,,-23.5562275,-46.6341875,,,,1,2023-06-20T02:35:27+00:00
SAO_2127-10,São Paulo,3550308,True,,693,,,-23.50837575,-46.599979,,,,1,2023-06-20T02:35:21+00:00
SAO_2127-10,São Paulo,3550308,True,,693,,,-23.558390000000003,-46.636261000000005,,,,1,2023-06-20T02:35:08+00:00
SAO_2127-10,São Paulo,3550308,True,,693,,,-23.4997325,-46.5911,,,,1,2023-06-20T02:35:18+00:00
SAO_354M-10,São Paulo,3550308,True,,34387,,,-23.594765,-46.4457455,,,,2,2023-06-20T02:35:23+00:00
SAO_354M-10,São Paulo,3550308,True,,34387,,,-23.493734,-46.440037000000004,,,,2,2023-06-20T02:33:47+00:00
SAO_354M-10,São Paulo,3550308,True,,34387,,,-23.4917705,-46.4343875,,,,2,2023-06-20T02:35:15+00:00
SAO_354M-10,São Paulo,3550308,True,,34387,,,-23.494543999999998,-46.438418999999996,,,,2,2023-06-20T02:33:47+00:00
SAO_354M-10,São Paulo,3550308,True,,34387,,,-23.546598375,-46.446583625,,,,2,2023-06-20T02:35:10+00:00
SAO_354M-10,São Paulo,3550308,True,,34387,,,-23.491803500000003,-46.434038,,,,2,2023-06-20T02:35:14+00:00
SAO_354M-10,São Paulo,3550308,True,,34387,,,-23.6137905,-46.4765445,,,,2,2023-06-20T02:35:07+00:00
SAO_6047-10,São Paulo,3550308,True,,1224,,,-23.6541425,-46.7410215,,,,1,2023-06-20T02:35:04+00:00
SAO_6047-10,São Paulo,3550308,True,,1224,,,-23.6686645,-46.763990500000006,,,,1,2023-06-20T02:35:22+00:00
SAO_6047-10,São Paulo,3550308,True,,1224,,,-23.64209925,-46.710427499999994,,,,1,2023-06-20T02:35:28+00:00
SAO_6069-10,São Paulo,3550308,True,,33922,,,-23.713037999999997,-46.698539999999994,,,,2,2023-06-20T02:35:02+00:00
SAO_6069-10,São Paulo,3550308,True,,33922,,,-23.680262499999998,-46.7060635,,,,2,2023-06-20T02:35:09+00:00
SAO_6069-10,São Paulo,3550308,True,,33922,,,-23.744977,-46.694293,,,,2,2023-06-20T02:31:19+00:00
SAO_6069-10,São Paulo,3550308,True,,33922,,,-23.7407725,-46.70497,,,,2,2023-06-20T02:35:25+00:00
SAO_6069-10,São Paulo,3550308,True,,33922,,,-23.744763,-46.693926000000005,,,,2,2023-06-20T02:35:01+00:00
SAO_273N-10,São Paulo,3550308,True,EMTU,390,https://moovitapp.com/index/pt-br/transporte_p%C3%BAblico-line-390-Sao_Paulo-242-2038937-36419459-0,5.45,-23.516137,-46.483919,,,,1,2023-06-20T02:35:32+00:00
SAO_273N-10,São Paulo,3550308,True,EMTU,390,https://moovitapp.com/index/pt-br/transporte_p%C3%BAblico-line-390-Sao_Paulo-242-2038937-36419459-0,5.45,-23.5141025,-46.5187085,,,,1,2023-06-20T02:35:06+00:00
SAO_273N-10,São Paulo,3550308,True,EMTU,390,https://moovitapp.com/index/pt-br/transporte_p%C3%BAblico-line-390-Sao_Paulo-242-2038937-36419459-0,5.45,-23.497752249999998,-46.3967815,,,,1,2023-06-20T02:35:14+00:00
SAO_273N-10,São Paulo,3550308,True,EMTU,390,https://moovitapp.com/index/pt-br/transporte_p%C3%BAblico-line-390-Sao_Paulo-242-2038937-36419459-0,5.45,-23.5093011875,-46.368930875000004,,,,1,2023-06-20T02:35:17+00:00
SAO_975A-10,São Paulo,3550308,True,EMTU,589,https://moovitapp.com/index/pt-br/transporte_p%C3%BAblico-line-589-Sao_Paulo-242-2038937-36419576-0,5.35,-23.501953,-46.6943565,,,,1,2023-06-20T02:35:00+00:00
SAO_975A-10,São Paulo,3550308,True,EMTU,589,https://moovitapp.com/index/pt-br/transporte_p%C3%BAblico-line-589-Sao_Paulo-242-2038937-36419576-0,5.35,-23.58123725,-46.63910325,,,,1,2023-06-20T02:35:07+00:00
SAO_975A-10,São Paulo,3550308,True,EMTU,589,https://moovitapp.com/index/pt-br/transporte_p%C3%BAblico-line-589-Sao_Paulo-242-2038937-36419576-0,5.35,-23.554719499999997,-46.6695305,,,,1,2023-06-20T02:34:53+00:00
SAO_6822-10,São Paulo,3550308,True,,32790,,,-23.65385975,-46.79008575,,,,2,2023-06-20T02:35:17+00:00
SAO_6822-10,São Paulo,3550308,True,,32790,,,-23.6538115,-46.789655499999995,,,,2,2023-06-20T02:35:09+00:00
SAO_6822-10,São Paulo,3550308,True,,32790,,,-23.65385975,-46.79008575,,,,2,2023-06-20T02:35:32+00:00
SAO_6822-10,São Paulo,3550308,True,,32790,,,-23.65385975,-46.79008575,,,,2,2023-06-20T02:30:01+00:00
SAO_6822-10,São Paulo,3550308,True,,32790,,,-23.639813500000002,-46.780530999999996,,,,2,2023-06-20T02:35:29+00:00
SAO_6822-10,São Paulo,3550308,True,,32790,,,-23.659843375,-46.77347900000001,,,,2,2023-06-20T02:35:35+00:00
SAO_6822-10,São Paulo,3550308,True,,32790,,,-23.65385975,-46.79008575,,,,2,2023-06-20T02:34:57+00:00
SAO_6455-10,São Paulo,3550308,True,,63,,,-23.642777125,-46.699068999999994,,,,1,2023-06-20T02:35:29+00:00
SAO_6455-10,São Paulo,3550308,True,,63,,,-23.637971375,-46.69459475000001,,,,1,2023-06-20T02:35:29+00:00
SAO_6455-10,São Paulo,3550308,True,,63,,,-23.57810475,-46.645403,,,,1,2023-06-20T02:35:35+00:00
SAO_8047-10,São Paulo,3550308,True,EMTU,408,https://moovitapp.com/index/pt-br/transporte_p%C3%BAblico-line-408-Sao_Paulo-242-2038937-36419468-0,7.55,-23.5196895,-46.702430500000006,,,,1,2023-06-20T02:35:14+00:00
SAO_8047-10,São Paulo,3550308,True,EMTU,408,https://moovitapp.com/index/pt-br/transporte_p%C3%BAblico-line-408-Sao_Paulo-242-2038937-36419468-0,7.55,-23.435429999999997,-46.753901625,,,,1,2023-06-20T02:35:34+00:00
SAO_8047-10,São Paulo,3550308,True,EMTU,408,https://moovitapp.com/index/pt-br/transporte_p%C3%BAblico-line-408-Sao_Paulo-242-2038937-36419468-0,7.55,-23.4584515,-46.755753,,,,1,2023-06-20T02:35:20+00:00
SAO_8047-10,São Paulo,3550308,True,EMTU,408,https://moovitapp.com/index/pt-br/transporte_p%C3%BAblico-line-408-Sao_Paulo-242-2038937-36419468-0,7.55,-23.507397,-46.749211,,,,1,2023-06-20T02:35:31+00:00
SAO_6804-10,São Paulo,3550308,True,,32798,,,-23.635806000000002,-46.748086,,,,2,2023-06-20T02:34:53+00:00
SAO_6804-10,São Paulo,3550308,True,,32798,,,-23.63242,-46.748015,,,,2,2023-06-20T02:35:14+00:00
SAO_6804-10,São Paulo,3550308,True,,32798,,,-23.6436025,-46.73475125,,,,2,2023-06-20T02:35:10+00:00
SAO_4113-10,São Paulo,3550308,True,,768,,,-23.60155975,-46.612840250000005,,,,1,2023-06-20T02:35:01+00:00
SAO_4113-10,São Paulo,3550308,True,,768,,,-23.60155975,-46.612840250000005,,,,1,2023-06-20T02:35:22+00:00
SAO_4113-10,São Paulo,3550308,True,,768,,,-23.579293375,-46.617816125000004,,,,1,2023-06-20T02:35:03+00:00
SAO_4113-10,São Paulo,3550308,True,,768,,,-23.60155975,-46.612840250000005,,,,1,2023-06-20T02:32:31+00:00
SAO_4113-10,São Paulo,3550308,True,,768,,,-23.60155975,-46.612840250000005,,,,1,2023-06-20T02:35:31+00:00
SAO_4113-10,São Paulo,3550308,True,,768,,,-23.60155975,-46.612840250000005,,,,1,2023-06-20T02:35:06+00:00
SAO_4113-10,São Paulo,3550308,True,,768,,,-23.546508,-46.633447000000004,,,,1,2023-06-20T02:34:53+00:00
SAO_4113-10,São Paulo,3550308,True,,768,,,-23.6023735,-46.611771000000005,,,,1,2023-06-20T02:35:10+00:00
SAO_4113-10,São Paulo,3550308,True,,768,,,-23.588710999999996,-46.611923250000004,,,,1,2023-06-20T02:35:21+00:00
SAO_4113-10,São Paulo,3550308,True,,768,,,-23.60181325,-46.61281475,,,,1,2023-06-20T02:35:36+00:00
SAO_4113-10,São Paulo,3550308,True,,768,,,-23.60155975,-46.612840250000005,,,,1,2023-06-20T02:35:28+00:00
SAO_4113-10,São Paulo,3550308,True,,768,,,-23.60155975,-46.612840250000005,,,,1,2023-06-20T02:35:29+00:00
SAO_2678-10,São Paulo,3550308,True,STT,383,https://moovitapp.com/index/pt-br/transporte_p%C3%BAblico-line-383-Sao_Paulo-242-850661-183294-0,5.3,-23.5033495,-46.471968000000004,,,,1,2023-06-20T02:35:11+00:00
SAO_2678-10,São Paulo,3550308,True,STT,383,https://moovitapp.com/index/pt-br/transporte_p%C3%BAblico-line-383-Sao_Paulo-242-850661-183294-0,5.3,-23.5358085,-46.5711795,,,,1,2023-06-20T02:34:50+00:00
SAO_2678-10,São Paulo,3550308,True,STT,383,https://moovitapp.com/index/pt-br/transporte_p%C3%BAblico-line-383-Sao_Paulo-242-850661-183294-0,5.3,-23.492321500000003,-46.3777855,,,,1,2023-06-20T02:35:08+00:00
SAO_2678-10,São Paulo,3550308,True,STT,383,https://moovitapp.com/index/pt-br/transporte_p%C3%BAblico-line-383-Sao_Paulo-242-850661-183294-0,5.3,-23.535142625,-46.58197975,,,,1,2023-06-20T02:35:31+00:00
SAO_2678-10,São Paulo,3550308,True,STT,383,https://moovitapp.com/index/pt-br/transporte_p%C3%BAblico-line-383-Sao_Paulo-242-850661-183294-0,5.3,-23.505342249999998,-46.38932025,,,,1,2023-06-20T02:31:52+00:00
SAO_2678-10,São Paulo,3550308,True,STT,383,https://moovitapp.com/index/pt-br/transporte_p%C3%BAblico-line-383-Sao_Paulo-242-850661-183294-0,5.3,-23.51225975,-46.513458,,,,1,2023-06-20T02:35:09+00:00
SAO_2678-10,São Paulo,3550308,True,STT,383,https://moovitapp.com/index/pt-br/transporte_p%C3%BAblico-line-383-Sao_Paulo-242-850661-183294-0,5.3,-23.547011,-46.62953,,,,1,2023-06-20T02:35:36+00:00
SAO_3051-10,São Paulo,3550308,True,,35214,,,-23.5192045,-46.4733155,,,,2,2023-06-20T02:35:29+00:00
SAO_3051-10,São Paulo,3550308,True,,35214,,,-23.486603000000002,-46.482687,,,,2,2023-06-20T02:35:12+00:00
SAO_3051-10,São Paulo,3550308,True,,35214,,,-23.51953,-46.4712445,,,,2,2023-06-20T02:33:03+00:00
SAO_3051-10,São Paulo,3550308,True,,35214,,,-23.49466475,-46.478463250000004,,,,2,2023-06-20T02:35:16+00:00
SAO_978L-10,São Paulo,3550308,True,EMTU,466,https://moovitapp.com/index/pt-br/transporte_p%C3%BAblico-line-466-Sao_Paulo-242-2038937-72712754-0,5.4,-23.53506275,-46.644746999999995,,,,1,2023-06-20T02:35:29+00:00
SAO_978L-10,São Paulo,3550308,True,EMTU,466,https://moovitapp.com/index/pt-br/transporte_p%C3%BAblico-line-466-Sao_Paulo-242-2038937-72712754-0,5.4,-23.53471425,-46.64500699999999,,,,1,2023-06-20T02:34:55+00:00
SAO_978L-10,São Paulo,3550308,True,EMTU,466,https://moovitapp.com/index/pt-br/transporte_p%C3%BAblico-line-466-Sao_Paulo-242-2038937-72712754-0,5.4,-23.522572250000003,-46.66452174999999,,,,1,2023-06-20T02:35:34+00:00
SAO_978L-10,São Paulo,3550308,True,EMTU,466,https://moovitapp.com/index/pt-br/transporte_p%C3%BAblico-line-466-Sao_Paulo-242-2038937-72712754-0,5.4,-23.474271,-46.668220250000005,,,,1,2023-06-20T02:35:08+00:00
SAO_8252-10,São Paulo,3550308,True,,1248,,,-23.527877875,-46.6803525,,,,1,2023-06-20T02:35:25+00:00
SAO_8047-41,São Paulo,3550308,True,,33178,,,-23.526586,-46.740691999999996,,,,2,2023-06-20T02:34:59+00:00
SAO_8047-41,São Paulo,3550308,True,,33178,,,-23.434004,-46.754952,,,,2,2023-06-20T02:34:52+00:00
SAO_8047-41,São Paulo,3550308,True,,33178,,,-23.547221999999998,-46.690152,,,,2,2023-06-20T02:35:34+00:00
SAO_8047-41,São Paulo,3550308,True,,33178,,,-23.445231874999998,-46.74808575,,,,2,2023-06-20T02:35:15+00:00
SAO_4021-10,São Paulo,3550308,True,,2548,,,-23.553429875,-46.456528000000006,,,,1,2023-06-20T02:35:24+00:00
SAO_4021-10,São Paulo,3550308,True,,2548,,,-23.542802000000002,-46.470636,,,,1,2023-06-20T02:31:55+00:00
SAO_574W-10,São Paulo,3550308,True,,34397,,,-23.615775499999998,-46.488022,,,,2,2023-06-20T02:35:05+00:00
SAO_574W-10,São Paulo,3550308,True,,34397,,,-23.58698775,-46.519018,,,,2,2023-06-20T02:35:08+00:00
SAO_574W-10,São Paulo,3550308,True,,34397,,,-23.620109,-46.4824375,,,,2,2023-06-20T02:35:15+00:00
SAO_574W-10,São Paulo,3550308,True,,34397,,,-23.61519175,-46.48790975,,,,2,2023-06-20T02:35:07+00:00
SAO_574W-10,São Paulo,3550308,True,,34397,,,-23.552689,-46.579106624999994,,,,2,2023-06-20T02:35:30+00:00
SAO_574W-10,São Paulo,3550308,True,,34397,,,-23.61519175,-46.48790975,,,,2,2023-06-20T02:35:09+00:00
SAO_7016-10,São Paulo,3550308,True,,2118,,,-23.6867575,-46.7701405,,,,1,2023-06-20T02:35:13+00:00
SAO_7016-10,São Paulo,3550308,True,,2118,,,-23.6860055,-46.73888775,,,,1,2023-06-20T02:35:15+00:00
SAO_7016-10,São Paulo,3550308,True,,2118,,,-23.654648,-46.706824999999995,,,,1,2023-06-20T02:35:18+00:00
SAO_7016-10,São Paulo,3550308,True,,2118,,,-23.6540465,-46.7115875,,,,1,2023-06-20T02:35:11+00:00
SAO_576C-10,São Paulo,3550308,True,,34058,,,-23.6571375,-46.64881125,,,,2,2023-06-20T02:34:53+00:00
SAO_576C-10,São Paulo,3550308,True,,34058,,,-23.658395499999997,-46.7017755,,,,2,2023-06-20T02:35:16+00:00
SAO_576C-10,São Paulo,3550308,True,,34058,,,-23.660634,-46.695184,,,,2,2023-06-20T02:35:24+00:00
SAO_576C-10,São Paulo,3550308,True,,34058,,,-23.638040500000002,-46.632286,,,,2,2023-06-20T02:35:08+00:00
SAO_576C-10,São Paulo,3550308,True,,34058,,,-23.657478750000003,-46.673680000000004,,,,2,2023-06-20T02:34:56+00:00
SAO_576C-10,São Paulo,3550308,True,,34058,,,-23.638040500000002,-46.632286,,,,2,2023-06-20T02:34:56+00:00
SAO_576C-10,São Paulo,3550308,True,,34058,,,-23.637554,-46.631924,,,,2,2023-06-20T02:34:55+00:00
SAO_576C-10,São Paulo,3550308,True,,34058,,,-23.638040500000002,-46.632286,,,,2,2023-06-20T02:35:18+00:00
SAO_8013-10,São Paulo,3550308,True,,33568,,,-23.422985500000003,-46.7896785,,,,2,2023-06-20T02:35:20+00:00
SAO_8013-10,São Paulo,3550308,True,,33568,,,-23.49012725,-46.766561125,,,,2,2023-06-20T02:35:02+00:00
SAO_8013-10,São Paulo,3550308,True,,33568,,,-23.4318945,-46.786733749999996,,,,2,2023-06-20T02:35:26+00:00
SAO_8013-10,São Paulo,3550308,True,,33568,,,-23.5024415,-46.753831500000004,,,,2,2023-06-20T02:35:36+00:00
SAO_8013-10,São Paulo,3550308,True,,33568,,,-23.443780875,-46.78682499999999,,,,2,2023-06-20T02:35:02+00:00
SAO_3301-10,São Paulo,3550308,True,,34386,,,-23.491535,-46.434552,,,,2,2023-06-20T02:34:54+00:00
SAO_3301-10,São Paulo,3550308,True,,34386,,,-23.5467995,-46.623562875000005,,,,2,2023-06-20T02:34:57+00:00
SAO_3301-10,São Paulo,3550308,True,,34386,,,-23.4915215,-46.434915000000004,,,,2,2023-06-20T02:35:03+00:00
SAO_3301-10,São Paulo,3550308,True,,34386,,,-23.533329000000002,-46.564655,,,,2,2023-06-20T02:32:23+00:00
SAO_3301-10,São Paulo,3550308,True,,34386,,,-23.49155,-46.434219,,,,2,2023-06-20T02:35:06+00:00
SAO_3301-10,São Paulo,3550308,True,,34386,,,-23.491543,-46.434379,,,,2,2023-06-20T02:35:20+00:00
SAO_476A-10,São Paulo,3550308,True,,33072,,,-23.6499838125,-46.7040510625,,,,2,2023-06-20T02:35:26+00:00
SAO_476A-10,São Paulo,3550308,True,,33072,,,-23.597268,-46.63972,,,,2,2023-06-20T02:34:59+00:00
SAO_476A-10,São Paulo,3550308,True,,33072,,,-23.597088,-46.643025875000006,,,,2,2023-06-20T02:34:55+00:00
SAO_476A-10,São Paulo,3550308,True,,33072,,,-23.610114000000003,-46.662262,,,,2,2023-06-20T02:35:18+00:00
SAO_476A-10,São Paulo,3550308,True,,33072,,,-23.578396750000003,-46.6022665,,,,2,2023-06-20T02:35:08+00:00
SAO_637G-10,São Paulo,3550308,True,,32869,,,-23.73591725,-46.694809125000006,,,,2,2023-06-20T02:35:08+00:00
SAO_637G-10,São Paulo,3550308,True,,32869,,,-23.7530115,-46.6886865,,,,2,2023-06-20T02:35:21+00:00
SAO_637G-10,São Paulo,3550308,True,,32869,,,-23.593270625,-46.67295975,,,,2,2023-06-20T02:35:19+00:00
SAO_637G-10,São Paulo,3550308,True,,32869,,,-23.579249,-46.6857765,,,,2,2023-06-20T02:35:24+00:00
SAO_637G-10,São Paulo,3550308,True,,32869,,,-23.646549812499998,-46.70300625,,,,2,2023-06-20T02:35:24+00:00
SAO_637G-10,São Paulo,3550308,True,,32869,,,-23.668470749999997,-46.71369075,,,,2,2023-06-20T02:35:32+00:00
SAO_2731-10,São Paulo,3550308,True,,33714,,,-23.5424725,-46.458507,,,,2,2023-06-20T02:33:58+00:00
SAO_2731-10,São Paulo,3550308,True,,33714,,,-23.5247455,-46.4451925,,,,2,2023-06-20T02:35:06+00:00
SAO_2731-10,São Paulo,3550308,True,,33714,,,-23.541932000000003,-46.470695,,,,2,2023-06-20T02:35:02+00:00
SAO_2731-10,São Paulo,3550308,True,,33714,,,-23.541932000000003,-46.470695,,,,2,2023-06-20T02:33:21+00:00
SAO_546A-10,São Paulo,3550308,True,,1131,,,-23.679933499999997,-46.684227,,,,1,2023-06-20T02:35:13+00:00
SAO_546A-10,São Paulo,3550308,True,,1131,,,-23.697448,-46.6487755,,,,1,2023-06-20T02:35:21+00:00
SAO_546A-10,São Paulo,3550308,True,,1131,,,-23.713675000000002,-46.6571165,,,,1,2023-06-20T02:35:13+00:00
SAO_5029-10,São Paulo,3550308,True,,34440,,,-23.628492,-46.5859155,,,,2,2023-06-20T02:35:19+00:00
SAO_5029-10,São Paulo,3550308,True,,34440,,,-23.6284755,-46.5863025,,,,2,2023-06-20T02:35:24+00:00
SAO_5029-10,São Paulo,3550308,True,,34440,,,-23.6284755,-46.5863025,,,,2,2023-06-20T02:35:27+00:00
SAO_5029-10,São Paulo,3550308,True,,34440,,,-23.6029185,-46.6023305,,,,2,2023-06-20T02:35:04+00:00
SAO_5029-10,São Paulo,3550308,True,,34440,,,-23.6029185,-46.6023305,,,,2,2023-06-20T02:35:24+00:00
SAO_5110-10,São Paulo,3550308,True,,34977,,,-23.6136555,-46.476372999999995,,,,2,2023-06-20T02:35:30+00:00
SAO_5110-10,São Paulo,3550308,True,,34977,,,-23.6141145,-46.476496999999995,,,,2,2023-06-20T02:35:27+00:00
SAO_5110-10,São Paulo,3550308,True,,34977,,,-23.6136555,-46.476372999999995,,,,2,2023-06-20T02:35:13+00:00
SAO_5110-10,São Paulo,3550308,True,,34977,,,-23.6129955,-46.4895395,,,,2,2023-06-20T02:33:43+00:00
SAO_5110-10,São Paulo,3550308,True,,34977,,,-23.582904,-46.567372,,,,2,2023-06-20T02:33:01+00:00
SAO_5110-10,São Paulo,3550308,True,,34977,,,-23.609143500000002,-46.5055415,,,,2,2023-06-20T02:34:57+00:00
SAO_5110-10,São Paulo,3550308,True,,34977,,,-23.608694,-46.506142499999996,,,,2,2023-06-20T02:32:53+00:00
SAO_5110-10,São Paulo,3550308,True,,34977,,,-23.613874000000003,-46.476436,,,,2,2023-06-20T02:35:30+00:00
SAO_5110-10,São Paulo,3550308,True,,34977,,,-23.596371374999997,-46.53689475,,,,2,2023-06-20T02:35:30+00:00
SAO_5110-10,São Paulo,3550308,True,,34977,,,-23.58609275,-46.589252,,,,2,2023-06-20T02:35:12+00:00
SAO_5110-10,São Paulo,3550308,True,,34977,,,-23.6141145,-46.476496999999995,,,,2,2023-06-20T02:35:01+00:00
SAO_4725-10,São Paulo,3550308,True,,338,,,-23.606268125,-46.660132125,,,,1,2023-06-20T02:35:33+00:00
SAO_4725-10,São Paulo,3550308,True,,338,,,-23.619120000000002,-46.6196675,,,,1,2023-06-20T02:35:23+00:00
SAO_172U-10,São Paulo,3550308,True,,33628,,,-23.555611312499998,-46.599202625000004,,,,2,2023-06-20T02:35:26+00:00
SAO_172U-10,São Paulo,3550308,True,,33628,,,-23.43716675,-46.56625975,,,,2,2023-06-20T02:35:07+00:00
SAO_172U-10,São Paulo,3550308,True,,33628,,,-23.438042000000003,-46.5662555,,,,2,2023-06-20T02:35:01+00:00
SAO_172U-10,São Paulo,3550308,True,,33628,,,-23.541646375,-46.61641275000001,,,,2,2023-06-20T02:35:36+00:00
SAO_172U-10,São Paulo,3550308,True,,33628,,,-23.441848999999998,-46.588781499999996,,,,2,2023-06-20T02:35:26+00:00
SAO_172U-10,São Paulo,3550308,True,,33628,,,-23.43757025,-46.56626125,,,,2,2023-06-20T02:34:54+00:00
SAO_172U-10,São Paulo,3550308,True,,33628,,,-23.43757025,-46.56626125,,,,2,2023-06-20T02:34:55+00:00
SAO_172U-10,São Paulo,3550308,True,,33628,,,-23.489323499999998,-46.62424,,,,2,2023-06-20T02:34:57+00:00
SAO_172U-10,São Paulo,3550308,True,,33628,,,-23.468687,-46.5973985,,,,2,2023-06-20T02:35:36+00:00
SAO_172U-10,São Paulo,3550308,True,,33628,,,-23.510962125000002,-46.624883,,,,2,2023-06-20T02:35:15+00:00
SAO_172U-10,São Paulo,3550308,True,,33628,,,-23.439379000000002,-46.5872065,,,,2,2023-06-20T02:35:31+00:00
SAO_172U-10,São Paulo,3550308,True,,33628,,,-23.43716675,-46.56625975,,,,2,2023-06-20T02:35:14+00:00
SAO_172U-10,São Paulo,3550308,True,,33628,,,-23.451434499999998,-46.588902000000004,,,,2,2023-06-20T02:34:58+00:00
SAO_172U-10,São Paulo,3550308,True,,33628,,,-23.436823500000003,-46.566249,,,,2,2023-06-20T02:35:32+00:00
SAO_172U-10,São Paulo,3550308,True,,33628,,,-23.43716675,-46.56625975,,,,2,2023-06-20T02:35:08+00:00
SAO_172U-10,São Paulo,3550308,True,,33628,,,-23.5672435,-46.5871365,,,,2,2023-06-20T02:35:20+00:00
SAO_509J-10,São Paulo,3550308,True,EMTU,264,https://moovitapp.com/index/pt-br/transporte_p%C3%BAblico-line-264-Sao_Paulo-242-2038937-36419374-0,6.2,-23.621538375,-46.669078375,,,,1,2023-06-20T02:35:35+00:00
SAO_509J-10,São Paulo,3550308,True,EMTU,264,https://moovitapp.com/index/pt-br/transporte_p%C3%BAblico-line-264-Sao_Paulo-242-2038937-36419374-0,6.2,-23.585917000000002,-46.6549985,,,,1,2023-06-20T02:34:51+00:00
SAO_509J-10,São Paulo,3550308,True,EMTU,264,https://moovitapp.com/index/pt-br/transporte_p%C3%BAblico-line-264-Sao_Paulo-242-2038937-36419374-0,6.2,-23.67482,-46.661744,,,,1,2023-06-20T02:35:28+00:00
SAO_809H-10,São Paulo,3550308,True,,35013,,,-23.523381625,-46.705009374999996,,,,2,2023-06-20T02:35:02+00:00
SAO_809H-10,São Paulo,3550308,True,,35013,,,-23.552837500000003,-46.742140750000004,,,,2,2023-06-20T02:35:32+00:00
SAO_809H-10,São Paulo,3550308,True,,35013,,,-23.5804765,-46.793589,,,,2,2023-06-20T02:35:31+00:00
SAO_809H-10,São Paulo,3550308,True,,35013,,,-23.5806105,-46.793718,,,,2,2023-06-20T02:35:16+00:00
SAO_352A-10,São Paulo,3550308,True,,164,,,-23.5655445,-46.467878999999996,,,,1,2023-06-20T02:35:11+00:00
SAO_352A-10,São Paulo,3550308,True,,164,,,-23.490626,-46.439096,,,,1,2023-06-20T02:35:29+00:00
SAO_695T-10,São Paulo,3550308,True,,34090,,,-23.612731000000004,-46.67087775,,,,2,2023-06-20T02:35:23+00:00
SAO_695T-10,São Paulo,3550308,True,,34090,,,-23.654660999999997,-46.7609705,,,,2,2023-06-20T02:35:35+00:00
SAO_695T-10,São Paulo,3550308,True,,34090,,,-23.643584250000004,-46.73323425,,,,2,2023-06-20T02:34:58+00:00
SAO_695T-10,São Paulo,3550308,True,,34090,,,-23.609273375,-46.667640875,,,,2,2023-06-20T02:35:30+00:00
SAO_695T-10,São Paulo,3550308,True,,34090,,,-23.654127000000003,-46.762448000000006,,,,2,2023-06-20T02:35:30+00:00
SAO_695T-10,São Paulo,3550308,True,,34090,,,-23.65474,-46.761515,,,,2,2023-06-20T02:34:56+00:00
SAO_695T-10,São Paulo,3550308,True,,34090,,,-23.64481825,-46.71861725,,,,2,2023-06-20T02:35:12+00:00
SAO_6039-10,São Paulo,3550308,True,,1217,,,-23.6518805,-46.708862999999994,,,,1,2023-06-20T02:35:07+00:00
SAO_6039-10,São Paulo,3550308,True,,1217,,,-23.65436375,-46.760079499999996,,,,1,2023-06-20T02:31:42+00:00
SAO_6039-10,São Paulo,3550308,True,,1217,,,-23.666321,-46.7832565,,,,1,2023-06-20T02:34:57+00:00
SAO_6039-10,São Paulo,3550308,True,,1217,,,-23.672634000000002,-46.7876285,,,,1,2023-06-20T02:35:15+00:00
SAO_6039-10,São Paulo,3550308,True,,1217,,,-23.64906275,-46.709715,,,,1,2023-06-20T02:35:29+00:00
SAO_5144-10,São Paulo,3550308,True,,1627,,,-23.595352,-46.524499500000005,,,,1,2023-06-20T02:35:02+00:00
SAO_5144-10,São Paulo,3550308,True,,1627,,,-23.613897,-46.50077,,,,1,2023-06-20T02:35:08+00:00
SAO_5144-10,São Paulo,3550308,True,,1627,,,-23.5340575,-46.644261,,,,1,2023-06-20T02:35:34+00:00
SAO_5144-10,São Paulo,3550308,True,,1627,,,-23.6139845,-46.5009785,,,,1,2023-06-20T02:35:30+00:00
SAO_5144-10,São Paulo,3550308,True,,1627,,,-23.53916175,-46.6078665,,,,1,2023-06-20T02:35:14+00:00
SAO_1773-10,São Paulo,3550308,True,,637,,,-23.4533765,-46.59890825,,,,1,2023-06-20T02:33:18+00:00
SAO_1773-10,São Paulo,3550308,True,,637,,,-23.482694000000002,-46.6310675,,,,1,2023-06-20T02:34:54+00:00
SAO_1773-10,São Paulo,3550308,True,,637,,,-23.482694000000002,-46.6310675,,,,1,2023-06-20T02:35:35+00:00
SAO_1773-10,São Paulo,3550308,True,,637,,,-23.4825085,-46.630541,,,,1,2023-06-20T02:35:34+00:00
SAO_7411-10,São Paulo,3550308,True,,1376,,,-23.548316375,-46.649981625,,,,1,2023-06-20T02:35:34+00:00
SAO_7411-10,São Paulo,3550308,True,,1376,,,-23.57234125,-46.705315,,,,1,2023-06-20T02:35:33+00:00
SAO_509M-10,São Paulo,3550308,True,,1277,,,-23.679894,-46.6367245,,,,1,2023-06-20T02:35:27+00:00
SAO_509M-10,São Paulo,3550308,True,,1277,,,-23.550585499999997,-46.637901,,,,1,2023-06-20T02:35:09+00:00
SAO_509M-10,São Paulo,3550308,True,,1277,,,-23.626922,-46.684077,,,,1,2023-06-20T02:35:03+00:00
SAO_5759-31,São Paulo,3550308,True,,33907,,,-23.6949545,-46.64853925,,,,2,2023-06-20T02:35:21+00:00
SAO_5759-31,São Paulo,3550308,True,,33907,,,-23.67226275,-46.6573425,,,,2,2023-06-20T02:35:01+00:00
SAO_5759-31,São Paulo,3550308,True,,33907,,,-23.6948495,-46.64830975,,,,2,2023-06-20T02:35:32+00:00
SAO_5759-31,São Paulo,3550308,True,,33907,,,-23.634568,-46.6410685,,,,2,2023-06-20T02:35:11+00:00
SAO_5759-31,São Paulo,3550308,True,,33907,,,-23.693475499999998,-46.644855,,,,2,2023-06-20T02:34:02+00:00
SAO_5759-31,São Paulo,3550308,True,,33907,,,-23.6389115,-46.644076999999996,,,,2,2023-06-20T02:35:27+00:00
SAO_3734-10,São Paulo,3550308,True,,33802,,,-23.5529695,-46.472539499999996,,,,2,2023-06-20T02:34:57+00:00
SAO_3734-10,São Paulo,3550308,True,,33802,,,-23.557131,-46.472217,,,,2,2023-06-20T02:35:07+00:00
SAO_3734-10,São Paulo,3550308,True,,33802,,,-23.551757000000002,-46.4640355,,,,2,2023-06-20T02:35:31+00:00
SAO_3734-10,São Paulo,3550308,True,,33802,,,-23.552827,-46.472971,,,,2,2023-06-20T02:34:56+00:00
SAO_3734-10,São Paulo,3550308,True,,33802,,,-23.552827,-46.472971,,,,2,2023-06-20T02:35:00+00:00
SAO_3734-10,São Paulo,3550308,True,,33802,,,-23.552827,-46.472971,,,,2,2023-06-20T02:35:09+00:00
SAO_3734-10,São Paulo,3550308,True,,33802,,,-23.54176,-46.4834655,,,,2,2023-06-20T02:35:30+00:00
SAO_3734-10,São Paulo,3550308,True,,33802,,,-23.551332375,-46.47940787500001,,,,2,2023-06-20T02:35:27+00:00
SAO_3734-10,São Paulo,3550308,True,,33802,,,-23.5410875,-46.4842785,,,,2,2023-06-20T02:35:16+00:00
SAO_107T-10,São Paulo,3550308,True,,621,,,-23.550421999999998,-46.647543,,,,1,2023-06-20T02:35:12+00:00
SAO_107T-10,São Paulo,3550308,True,,621,,,-23.4865485,-46.61850575,,,,1,2023-06-20T02:35:00+00:00
SAO_107T-10,São Paulo,3550308,True,,621,,,-23.5658305,-46.701625500000006,,,,1,2023-06-20T02:35:13+00:00
SAO_107T-10,São Paulo,3550308,True,,621,,,-23.5702755,-46.691122500000006,,,,1,2023-06-20T02:35:02+00:00
SAO_6505-10,São Paulo,3550308,True,,34218,,,-23.6428855,-46.699923999999996,,,,2,2023-06-20T02:35:37+00:00
SAO_6505-10,São Paulo,3550308,True,,34218,,,-23.577875999999996,-46.6711985,,,,2,2023-06-20T02:34:59+00:00
SAO_6505-10,São Paulo,3550308,True,,34218,,,-23.669023250000002,-46.734721500000006,,,,2,2023-06-20T02:35:05+00:00
SAO_6505-10,São Paulo,3550308,True,,34218,,,-23.6510335,-46.709010500000005,,,,2,2023-06-20T02:35:28+00:00
SAO_6505-10,São Paulo,3550308,True,,34218,,,-23.603011875,-46.674597750000004,,,,2,2023-06-20T02:35:36+00:00
SAO_6505-10,São Paulo,3550308,True,,34218,,,-23.555481999999998,-46.649518,,,,2,2023-06-20T02:35:17+00:00
SAO_6505-10,São Paulo,3550308,True,,34218,,,-23.66629725,-46.718577499999995,,,,2,2023-06-20T02:35:37+00:00
SAO_6505-10,São Paulo,3550308,True,,34218,,,-23.669123750000004,-46.7350165,,,,2,2023-06-20T02:35:06+00:00
SAO_509M-10,São Paulo,3550308,True,,34045,,,-23.583121750000004,-46.65512475,,,,2,2023-06-20T02:35:20+00:00
SAO_509M-10,São Paulo,3550308,True,,34045,,,-23.534307499999997,-46.644696499999995,,,,2,2023-06-20T02:35:18+00:00
SAO_509M-10,São Paulo,3550308,True,,34045,,,-23.6801235,-46.637139000000005,,,,2,2023-06-20T02:35:31+00:00
SAO_509M-10,São Paulo,3550308,True,,34045,,,-23.627399,-46.684906,,,,2,2023-06-20T02:35:22+00:00
SAO_509M-10,São Paulo,3550308,True,,34045,,,-23.66534325,-46.65824125,,,,2,2023-06-20T02:34:58+00:00
SAO_509M-10,São Paulo,3550308,True,,34045,,,-23.679968000000002,-46.636858000000004,,,,2,2023-06-20T02:35:22+00:00
SAO_2014-10,São Paulo,3550308,True,,33668,,,-23.457518,-46.670135,,,,2,2023-06-20T02:35:05+00:00
SAO_2014-10,São Paulo,3550308,True,,33668,,,-23.482253,-46.6726565,,,,2,2023-06-20T02:35:14+00:00
SAO_2014-10,São Paulo,3550308,True,,33668,,,-23.4579625,-46.67248,,,,2,2023-06-20T02:35:13+00:00
SAO_2014-10,São Paulo,3550308,True,,33668,,,-23.458088500000002,-46.6717525,,,,2,2023-06-20T02:35:08+00:00
SAO_2014-10,São Paulo,3550308,True,,33668,,,-23.52644,-46.66704,,,,2,2023-06-20T02:35:03+00:00
SAO_2014-10,São Paulo,3550308,True,,33668,,,-23.51859975,-46.66717775,,,,2,2023-06-20T02:35:37+00:00
SAO_2014-10,São Paulo,3550308,True,,33668,,,-23.528572500000003,-46.6758365,,,,2,2023-06-20T02:34:58+00:00
SAO_2014-10,São Paulo,3550308,True,,33668,,,-23.4816005,-46.667429,,,,2,2023-06-20T02:35:31+00:00
SAO_2014-10,São Paulo,3550308,True,,33668,,,-23.4576965,-46.670289,,,,2,2023-06-20T02:35:27+00:00
SAO_2014-10,São Paulo,3550308,True,,33668,,,-23.4566185,-46.673717499999995,,,,2,2023-06-20T02:35:04+00:00
SAO_2014-10,São Paulo,3550308,True,,33668,,,-23.4578485,-46.6727245,,,,2,2023-06-20T02:35:09+00:00
SAO_2014-10,São Paulo,3550308,True,,33668,,,-23.457437,-46.670062,,,,2,2023-06-20T02:35:24+00:00
SAO_2014-10,São Paulo,3550308,True,,33668,,,-23.4666405,-46.668892,,,,2,2023-06-20T02:35:02+00:00
SAO_2014-10,São Paulo,3550308,True,,33668,,,-23.457437,-46.670062,,,,2,2023-06-20T02:34:56+00:00
SAO_2717-10,São Paulo,3550308,True,,33698,,,-23.503156,-46.504484500000004,,,,2,2023-06-20T02:35:14+00:00
SAO_2717-10,São Paulo,3550308,True,,33698,,,-23.529042,-46.5171655,,,,2,2023-06-20T02:35:12+00:00
SAO_2717-10,São Paulo,3550308,True,,33698,,,-23.528868,-46.5167825,,,,2,2023-06-20T02:35:11+00:00
SAO_2717-10,São Paulo,3550308,True,,33698,,,-23.513577625000003,-46.517675499999996,,,,2,2023-06-20T02:35:11+00:00
SAO_8006-10,São Paulo,3550308,True,,34024,,,-23.4864985,-46.7264675,,,,2,2023-06-20T02:34:58+00:00
SAO_8006-10,São Paulo,3550308,True,,34024,,,-23.432887,-46.7297695,,,,2,2023-06-20T02:35:04+00:00
SAO_8006-10,São Paulo,3550308,True,,34024,,,-23.448952,-46.733335999999994,,,,2,2023-06-20T02:35:11+00:00
SAO_8006-10,São Paulo,3550308,True,,34024,,,-23.433157,-46.7297415,,,,2,2023-06-20T02:35:15+00:00
SAO_8006-10,São Paulo,3550308,True,,34024,,,-23.4586815,-46.718925999999996,,,,2,2023-06-20T02:35:13+00:00
SAO_8006-10,São Paulo,3550308,True,,34024,,,-23.433157,-46.7297415,,,,2,2023-06-20T02:35:02+00:00
SAO_507T-10,São Paulo,3550308,True,,34976,,,-23.596194,-46.502320499999996,,,,2,2023-06-20T02:35:35+00:00
SAO_507T-10,São Paulo,3550308,True,,34976,,,-23.6139405,-46.501206499999995,,,,2,2023-06-20T02:34:56+00:00
SAO_507T-10,São Paulo,3550308,True,,34976,,,-23.589256,-46.504743000000005,,,,2,2023-06-20T02:35:32+00:00
SAO_507T-10,São Paulo,3550308,True,,34976,,,-23.553221999999998,-46.528059,,,,2,2023-06-20T02:33:29+00:00
SAO_507T-10,São Paulo,3550308,True,,34976,,,-23.5845725,-46.5196335,,,,2,2023-06-20T02:35:08+00:00
SAO_507T-10,São Paulo,3550308,True,,34976,,,-23.551586999999998,-46.530832000000004,,,,2,2023-06-20T02:35:26+00:00
SAO_507T-10,São Paulo,3550308,True,,34976,,,-23.538406000000002,-46.562954,,,,2,2023-06-20T02:35:00+00:00
SAO_507T-10,São Paulo,3550308,True,,34976,,,-23.6139655,-46.5015435,,,,2,2023-06-20T02:34:57+00:00
SAO_407R-10,São Paulo,3550308,True,,2201,,,-23.542945500000002,-46.588449,,,,1,2023-06-20T02:35:11+00:00
SAO_407R-10,São Paulo,3550308,True,,2201,,,-23.558462,-46.5226175,,,,1,2023-06-20T02:35:22+00:00
SAO_407R-10,São Paulo,3550308,True,,2201,,,-23.558462,-46.5226175,,,,1,2023-06-20T02:35:11+00:00
SAO_407R-10,São Paulo,3550308,True,,2201,,,-23.563492,-46.5533005,,,,1,2023-06-20T02:35:23+00:00
SAO_407R-10,São Paulo,3550308,True,,2201,,,-23.558462,-46.5226175,,,,1,2023-06-20T02:35:21+00:00
SAO_8542-21,São Paulo,3550308,True,,34129,,,-23.4726875,-46.7023155,,,,2,2023-06-20T02:35:08+00:00
SAO_8542-21,São Paulo,3550308,True,,34129,,,-23.467967,-46.6901035,,,,2,2023-06-20T02:35:26+00:00
SAO_8542-21,São Paulo,3550308,True,,34129,,,-23.4726875,-46.7023155,,,,2,2023-06-20T02:35:16+00:00
SAO_8542-21,São Paulo,3550308,True,,34129,,,-23.4715725,-46.702201,,,,2,2023-06-20T02:35:13+00:00
SAO_8542-21,São Paulo,3550308,True,,34129,,,-23.472990000000003,-46.702344499999995,,,,2,2023-06-20T02:35:30+00:00
SAO_118C-10,São Paulo,3550308,True,,33287,,,-23.49449225,-46.62656725,,,,2,2023-06-20T02:35:18+00:00
SAO_118C-10,São Paulo,3550308,True,,33287,,,-23.469562500000002,-46.6472375,,,,2,2023-06-20T02:35:32+00:00
SAO_118C-10,São Paulo,3550308,True,,33287,,,-23.53948475,-46.646238249999996,,,,2,2023-06-20T02:35:23+00:00
SAO_118C-10,São Paulo,3550308,True,,33287,,,-23.4579625,-46.67248,,,,2,2023-06-20T02:34:54+00:00
SAO_118C-10,São Paulo,3550308,True,,33287,,,-23.458088500000002,-46.6717525,,,,2,2023-06-20T02:35:18+00:00
SAO_118C-10,São Paulo,3550308,True,,33287,,,-23.5312675,-46.6320495,,,,2,2023-06-20T02:33:10+00:00
SAO_118C-10,São Paulo,3550308,True,,33287,,,-23.4579625,-46.67248,,,,2,2023-06-20T02:35:24+00:00
SAO_118C-10,São Paulo,3550308,True,,33287,,,-23.502884,-46.6246055,,,,2,2023-06-20T02:35:01+00:00
SAO_118C-10,São Paulo,3550308,True,,33287,,,-23.453541,-46.6719315,,,,2,2023-06-20T02:35:13+00:00
SAO_118C-10,São Paulo,3550308,True,,33287,,,-23.4822145,-46.6319685,,,,2,2023-06-20T02:34:59+00:00
SAO_118C-10,São Paulo,3550308,True,,33287,,,-23.458042,-46.672304499999996,,,,2,2023-06-20T02:35:12+00:00
SAO_118C-10,São Paulo,3550308,True,,33287,,,-23.4580825,-46.6721225,,,,2,2023-06-20T02:35:30+00:00
SAO_5185-10,São Paulo,3550308,True,,34076,,,-23.63928375,-46.67317525,,,,2,2023-06-20T02:35:07+00:00
SAO_5185-10,São Paulo,3550308,True,,34076,,,-23.576101375,-46.65769225,,,,2,2023-06-20T02:35:02+00:00
SAO_5185-10,São Paulo,3550308,True,,34076,,,-23.667118,-46.726369,,,,2,2023-06-20T02:34:58+00:00
SAO_5185-10,São Paulo,3550308,True,,34076,,,-23.587721000000002,-46.6529575,,,,2,2023-06-20T02:35:01+00:00
SAO_5185-10,São Paulo,3550308,True,,34076,,,-23.668242,-46.7355055,,,,2,2023-06-20T02:35:03+00:00
SAO_5185-10,São Paulo,3550308,True,,34076,,,-23.66684275,-46.723412499999995,,,,2,2023-06-20T02:35:01+00:00
SAO_5185-10,São Paulo,3550308,True,,34076,,,-23.554767500000004,-46.639010375000005,,,,2,2023-06-20T02:35:03+00:00
SAO_6012-10,São Paulo,3550308,True,,33972,,,-23.692423,-46.7776975,,,,2,2023-06-20T02:34:59+00:00
SAO_6012-10,São Paulo,3550308,True,,33972,,,-23.6869815,-46.7875065,,,,2,2023-06-20T02:35:04+00:00
SAO_6012-10,São Paulo,3550308,True,,33972,,,-23.650700999999998,-46.707818,,,,2,2023-06-20T02:35:37+00:00
SAO_6012-10,São Paulo,3550308,True,,33972,,,-23.6755615,-46.75482325,,,,2,2023-06-20T02:35:02+00:00
SAO_6012-10,São Paulo,3550308,True,,33972,,,-23.686754,-46.7876415,,,,2,2023-06-20T02:35:03+00:00
SAO_2435-10,São Paulo,3550308,True,Cidade de Caieiras,210,https://moovitapp.com/index/pt-br/transporte_p%C3%BAblico-line-210-Sao_Paulo-242-868761-496408-0,5.0,-23.521995,-46.515479,,,,1,2023-06-20T02:35:09+00:00
SAO_372F-10,São Paulo,3550308,True,,1015,,,-23.546981,-46.5991975,,,,1,2023-06-20T02:34:45+00:00
SAO_3019-10,São Paulo,3550308,True,,957,,,-23.582873,-46.408255499999996,,,,1,2023-06-20T02:29:13+00:00
SAO_3019-10,São Paulo,3550308,True,,957,,,-23.582873,-46.408255499999996,,,,1,2023-06-20T02:35:01+00:00
SAO_3019-10,São Paulo,3550308,True,,957,,,-23.576602,-46.4090815,,,,1,2023-06-20T02:34:53+00:00
SAO_2011-10,São Paulo,3550308,True,,2136,,,-23.469716249999998,-46.574204249999994,,,,1,2023-06-20T02:35:31+00:00
SAO_2011-10,São Paulo,3550308,True,,2136,,,-23.501943500000003,-46.6235805,,,,1,2023-06-20T02:34:54+00:00
SAO_2011-10,São Paulo,3550308,True,,2136,,,-23.489436750000003,-46.57227125,,,,1,2023-06-20T02:33:12+00:00
SAO_2011-10,São Paulo,3550308,True,,2136,,,-23.502214000000002,-46.6235875,,,,1,2023-06-20T02:35:32+00:00
SAO_5025-10,São Paulo,3550308,True,,34332,,,-23.597350499999997,-46.56658899999999,,,,2,2023-06-20T02:35:10+00:00
SAO_5025-10,São Paulo,3550308,True,,34332,,,-23.60857425,-46.54131325,,,,2,2023-06-20T02:35:33+00:00
SAO_5025-10,São Paulo,3550308,True,,34332,,,-23.60857425,-46.54131325,,,,2,2023-06-20T02:35:32+00:00
SAO_5025-10,São Paulo,3550308,True,,34332,,,-23.60857425,-46.54131325,,,,2,2023-06-20T02:35:06+00:00
SAO_5025-10,São Paulo,3550308,True,,34332,,,-23.5939275,-46.590199,,,,2,2023-06-20T02:35:12+00:00
SAO_8040-10,São Paulo,3550308,True,,33174,,,-23.4374775,-46.7610215,,,,2,2023-06-20T02:35:14+00:00
SAO_8040-10,São Paulo,3550308,True,,33174,,,-23.437941000000002,-46.77914,,,,2,2023-06-20T02:35:19+00:00
SAO_8040-10,São Paulo,3550308,True,,33174,,,-23.43733225,-46.77884325,,,,2,2023-06-20T02:35:02+00:00
SAO_8040-10,São Paulo,3550308,True,,33174,,,-23.520201,-46.710451,,,,2,2023-06-20T02:34:51+00:00
SAO_8040-10,São Paulo,3550308,True,,33174,,,-23.4379315,-46.779346000000004,,,,2,2023-06-20T02:34:54+00:00
SAO_8040-10,São Paulo,3550308,True,,33174,,,-23.48677,-46.7610015,,,,2,2023-06-20T02:35:13+00:00
SAO_807A-10,São Paulo,3550308,True,,1900,,,-23.654322,-46.711614,,,,1,2023-06-20T02:32:58+00:00
SAO_807A-10,São Paulo,3550308,True,,1900,,,-23.6487935,-46.709802499999995,,,,1,2023-06-20T02:35:26+00:00
SAO_6063-10,São Paulo,3550308,True,,1152,,,-23.7730165,-46.7025605,,,,1,2023-06-20T02:35:37+00:00
SAO_6063-10,São Paulo,3550308,True,,1152,,,-23.783673,-46.6827105,,,,1,2023-06-20T02:35:17+00:00
SAO_6063-10,São Paulo,3550308,True,,1152,,,-23.7856095,-46.6841835,,,,1,2023-06-20T02:35:23+00:00
SAO_6063-10,São Paulo,3550308,True,,1152,,,-23.783673,-46.6827105,,,,1,2023-06-20T02:35:21+00:00
SAO_6063-10,São Paulo,3550308,True,,1152,,,-23.783673,-46.6827105,,,,1,2023-06-20T02:35:12+00:00
SAO_6500-10,São Paulo,3550308,True,,32814,,,-23.6540525,-46.712609,,,,2,2023-06-20T02:34:53+00:00
SAO_6500-10,São Paulo,3550308,True,,32814,,,-23.59051425,-46.672543000000005,,,,2,2023-06-20T02:35:38+00:00
SAO_6500-10,São Paulo,3550308,True,,32814,,,-23.62351475,-46.685408,,,,2,2023-06-20T02:35:25+00:00
SAO_775F-31,São Paulo,3550308,True,,35256,,,-23.621605000000002,-46.7334925,,,,2,2023-06-20T02:35:00+00:00
SAO_775F-31,São Paulo,3550308,True,,35256,,,-23.605904000000002,-46.7252615,,,,2,2023-06-20T02:35:08+00:00
SAO_775F-31,São Paulo,3550308,True,,35256,,,-23.625424,-46.748162,,,,2,2023-06-20T02:35:09+00:00
SAO_775F-31,São Paulo,3550308,True,,35256,,,-23.6262905,-46.734998,,,,2,2023-06-20T02:35:21+00:00
SAO_775F-31,São Paulo,3550308,True,,35256,,,-23.625425999999997,-46.7482945,,,,2,2023-06-20T02:35:13+00:00
SAO_775F-31,São Paulo,3550308,True,,35256,,,-23.603076,-46.7253075,,,,2,2023-06-20T02:35:33+00:00
SAO_775F-31,São Paulo,3550308,True,,35256,,,-23.6288385,-46.743665500000006,,,,2,2023-06-20T02:35:19+00:00
SAO_809J-10,São Paulo,3550308,True,,34834,,,-23.5941975,-46.731233,,,,2,2023-06-20T02:34:59+00:00
SAO_809J-10,São Paulo,3550308,True,,34834,,,-23.5976155,-46.73219225,,,,2,2023-06-20T02:35:24+00:00
SAO_477A-10,São Paulo,3550308,True,EMTU,346,https://moovitapp.com/index/pt-br/transporte_p%C3%BAblico-line-346-Sao_Paulo-242-2038937-36419429-0,6.3,-23.56998325,-46.691308250000006,,,,1,2023-06-20T02:34:58+00:00
SAO_477A-10,São Paulo,3550308,True,EMTU,346,https://moovitapp.com/index/pt-br/transporte_p%C3%BAblico-line-346-Sao_Paulo-242-2038937-36419429-0,6.3,-23.567299875,-46.64729975,,,,1,2023-06-20T02:35:11+00:00
SAO_477A-10,São Paulo,3550308,True,EMTU,346,https://moovitapp.com/index/pt-br/transporte_p%C3%BAblico-line-346-Sao_Paulo-242-2038937-36419429-0,6.3,-23.5879495,-46.6299475,,,,1,2023-06-20T02:35:19+00:00
SAO_477A-10,São Paulo,3550308,True,EMTU,346,https://moovitapp.com/index/pt-br/transporte_p%C3%BAblico-line-346-Sao_Paulo-242-2038937-36419429-0,6.3,-23.57707725,-46.607179875,,,,1,2023-06-20T02:35:27+00:00
SAO_2707-10,São Paulo,3550308,True,,33687,,,-23.526104,-46.4052965,,,,2,2023-06-20T02:35:14+00:00
SAO_2707-10,São Paulo,3550308,True,,33687,,,-23.53124375,-46.445772375000004,,,,2,2023-06-20T02:35:09+00:00
SAO_2707-10,São Paulo,3550308,True,,33687,,,-23.530026499999998,-46.409914,,,,2,2023-06-20T02:34:58+00:00
SAO_2707-10,São Paulo,3550308,True,,33687,,,-23.540637000000004,-46.4561495,,,,2,2023-06-20T02:35:25+00:00
SAO_2707-10,São Paulo,3550308,True,,33687,,,-23.532632,-46.407225499999996,,,,2,2023-06-20T02:31:42+00:00
SAO_2707-10,São Paulo,3550308,True,,33687,,,-23.526104,-46.4052965,,,,2,2023-06-20T02:34:22+00:00
SAO_5020-10,São Paulo,3550308,True,,34438,,,-23.6029365,-46.6025015,,,,2,2023-06-20T02:35:04+00:00
SAO_5020-10,São Paulo,3550308,True,,34438,,,-23.6102245,-46.59347325,,,,2,2023-06-20T02:35:34+00:00
SAO_5020-10,São Paulo,3550308,True,,34438,,,-23.6102245,-46.59347325,,,,2,2023-06-20T02:35:10+00:00
SAO_8545-10,São Paulo,3550308,True,,34132,,,-23.465438749999997,-46.695168875,,,,2,2023-06-20T02:35:30+00:00
SAO_8545-10,São Paulo,3550308,True,,34132,,,-23.4648145,-46.6961405,,,,2,2023-06-20T02:35:05+00:00
SAO_8545-10,São Paulo,3550308,True,,34132,,,-23.4672795,-46.6785435,,,,2,2023-06-20T02:35:26+00:00
SAO_8545-10,São Paulo,3550308,True,,34132,,,-23.522478,-46.69588125,,,,2,2023-06-20T02:35:19+00:00
SAO_938C-10,São Paulo,3550308,True,,33354,,,-23.525468375,-46.68137725,,,,2,2023-06-20T02:35:15+00:00
SAO_938C-10,São Paulo,3550308,True,,33354,,,-23.5076225,-46.70944725,,,,2,2023-06-20T02:35:26+00:00
SAO_938C-10,São Paulo,3550308,True,,33354,,,-23.44336525,-46.713192250000006,,,,2,2023-06-20T02:35:16+00:00
SAO_938C-10,São Paulo,3550308,True,,33354,,,-23.466859499999998,-46.724212,,,,2,2023-06-20T02:34:57+00:00
SAO_938C-10,São Paulo,3550308,True,,33354,,,-23.4435605,-46.7129695,,,,2,2023-06-20T02:35:21+00:00
SAO_4115-10,São Paulo,3550308,True,EMTU,322,https://moovitapp.com/index/pt-br/transporte_p%C3%BAblico-line-322-Sao_Paulo-242-2038937-36419412-0,6.2,-23.5494175,-46.62917,,,,1,2023-06-20T02:35:25+00:00
SAO_2522-10,São Paulo,3550308,True,Cidade de Caieiras,140,https://moovitapp.com/index/pt-br/transporte_p%C3%BAblico-line-140-Sao_Paulo-242-868761-496401-0,5.0,-23.542687,-46.4703605,,,,1,2023-06-20T02:31:18+00:00
SAO_118C-10,São Paulo,3550308,True,,519,,,-23.50850175,-46.625044375,,,,1,2023-06-20T02:35:00+00:00
SAO_118C-10,São Paulo,3550308,True,,519,,,-23.458088500000002,-46.6717525,,,,1,2023-06-20T02:34:56+00:00
SAO_118C-10,São Paulo,3550308,True,,519,,,-23.47034875,-46.6493545,,,,1,2023-06-20T02:35:29+00:00
SAO_118C-10,São Paulo,3550308,True,,519,,,-23.536933750000003,-46.65175125,,,,1,2023-06-20T02:34:56+00:00
SAO_118C-10,São Paulo,3550308,True,,519,,,-23.531739,-46.635397999999995,,,,1,2023-06-20T02:34:50+00:00
SAO_118C-10,São Paulo,3550308,True,,519,,,-23.492199999999997,-46.625976,,,,1,2023-06-20T02:35:32+00:00
SAO_2666-10,São Paulo,3550308,True,EMTU,378,https://moovitapp.com/index/pt-br/transporte_p%C3%BAblico-line-378-Sao_Paulo-242-2038937-36419452-0,12.1,-23.5475805,-46.6299695,,,,1,2023-06-20T02:35:33+00:00
SAO_2666-10,São Paulo,3550308,True,EMTU,378,https://moovitapp.com/index/pt-br/transporte_p%C3%BAblico-line-378-Sao_Paulo-242-2038937-36419452-0,12.1,-23.54041625,-46.612528,,,,1,2023-06-20T02:35:23+00:00
SAO_2666-10,São Paulo,3550308,True,EMTU,378,https://moovitapp.com/index/pt-br/transporte_p%C3%BAblico-line-378-Sao_Paulo-242-2038937-36419452-0,12.1,-23.518915999999997,-46.3897985,,,,1,2023-06-20T02:34:11+00:00
SAO_2666-10,São Paulo,3550308,True,EMTU,378,https://moovitapp.com/index/pt-br/transporte_p%C3%BAblico-line-378-Sao_Paulo-242-2038937-36419452-0,12.1,-23.518915999999997,-46.3897985,,,,1,2023-06-20T02:32:47+00:00
SAO_2666-10,São Paulo,3550308,True,EMTU,378,https://moovitapp.com/index/pt-br/transporte_p%C3%BAblico-line-378-Sao_Paulo-242-2038937-36419452-0,12.1,-23.49422,-46.421926375000005,,,,1,2023-06-20T02:35:11+00:00
SAO_2666-10,São Paulo,3550308,True,EMTU,378,https://moovitapp.com/index/pt-br/transporte_p%C3%BAblico-line-378-Sao_Paulo-242-2038937-36419452-0,12.1,-23.540216,-46.61209975,,,,1,2023-06-20T02:34:46+00:00
SAO_2666-10,São Paulo,3550308,True,EMTU,378,https://moovitapp.com/index/pt-br/transporte_p%C3%BAblico-line-378-Sao_Paulo-242-2038937-36419452-0,12.1,-23.50355625,-46.4722235,,,,1,2023-06-20T02:35:18+00:00
SAO_2666-10,São Paulo,3550308,True,EMTU,378,https://moovitapp.com/index/pt-br/transporte_p%C3%BAblico-line-378-Sao_Paulo-242-2038937-36419452-0,12.1,-23.546727,-46.629723999999996,,,,1,2023-06-20T02:35:13+00:00
SAO_2666-10,São Paulo,3550308,True,EMTU,378,https://moovitapp.com/index/pt-br/transporte_p%C3%BAblico-line-378-Sao_Paulo-242-2038937-36419452-0,12.1,-23.511173,-46.50042725,,,,1,2023-06-20T02:32:42+00:00
SAO_2666-10,São Paulo,3550308,True,EMTU,378,https://moovitapp.com/index/pt-br/transporte_p%C3%BAblico-line-378-Sao_Paulo-242-2038937-36419452-0,12.1,-23.540302500000003,-46.612326499999995,,,,1,2023-06-20T02:35:09+00:00
SAO_2666-10,São Paulo,3550308,True,EMTU,378,https://moovitapp.com/index/pt-br/transporte_p%C3%BAblico-line-378-Sao_Paulo-242-2038937-36419452-0,12.1,-23.53840175,-46.6027155,,,,1,2023-06-20T02:35:24+00:00
SAO_3069-10,São Paulo,3550308,True,,33752,,,-23.6185135,-46.41485,,,,2,2023-06-20T02:35:22+00:00
SAO_3069-10,São Paulo,3550308,True,,33752,,,-23.606299749999998,-46.41697025,,,,2,2023-06-20T02:35:22+00:00
SAO_3069-10,São Paulo,3550308,True,,33752,,,-23.60662525,-46.41692075,,,,2,2023-06-20T02:35:33+00:00
SAO_3069-10,São Paulo,3550308,True,,33752,,,-23.6198915,-46.4255605,,,,2,2023-06-20T02:35:11+00:00
SAO_3069-10,São Paulo,3550308,True,,33752,,,-23.60662525,-46.41692075,,,,2,2023-06-20T02:34:59+00:00
SAO_3069-10,São Paulo,3550308,True,,33752,,,-23.606299749999998,-46.41697025,,,,2,2023-06-20T02:35:32+00:00
SAO_3069-10,São Paulo,3550308,True,,33752,,,-23.6131755,-46.476376,,,,2,2023-06-20T02:35:06+00:00
SAO_2710-31,São Paulo,3550308,True,,34422,,,-23.529882,-46.501219000000006,,,,2,2023-06-20T02:30:01+00:00
SAO_2710-31,São Paulo,3550308,True,,34422,,,-23.517164,-46.4760565,,,,2,2023-06-20T02:35:05+00:00
SAO_2290-10,São Paulo,3550308,True,,33486,,,-23.5476865,-46.6292585,,,,2,2023-06-20T02:35:21+00:00
SAO_2290-10,São Paulo,3550308,True,,33486,,,-23.613456,-46.476318500000005,,,,2,2023-06-20T02:35:34+00:00
SAO_2290-10,São Paulo,3550308,True,,33486,,,-23.6127315,-46.476122000000004,,,,2,2023-06-20T02:35:26+00:00
SAO_2290-10,São Paulo,3550308,True,,33486,,,-23.557280499999997,-46.524401499999996,,,,2,2023-06-20T02:35:23+00:00
SAO_2290-10,São Paulo,3550308,True,,33486,,,-23.575964499999998,-46.50420025,,,,2,2023-06-20T02:35:33+00:00
SAO_2290-10,São Paulo,3550308,True,,33486,,,-23.537943499999997,-46.59782787500001,,,,2,2023-06-20T02:34:54+00:00
SAO_2290-10,São Paulo,3550308,True,,33486,,,-23.593161625,-46.4885835,,,,2,2023-06-20T02:35:08+00:00
SAO_2290-10,São Paulo,3550308,True,,33486,,,-23.603975,-46.4813555,,,,2,2023-06-20T02:35:03+00:00
SAO_2290-10,São Paulo,3550308,True,,33486,,,-23.5329355,-46.563449000000006,,,,2,2023-06-20T02:34:56+00:00
SAO_2290-10,São Paulo,3550308,True,,33486,,,-23.5342095,-46.567218249999996,,,,2,2023-06-20T02:35:35+00:00
SAO_2290-10,São Paulo,3550308,True,,33486,,,-23.546167,-46.542931,,,,2,2023-06-20T02:35:18+00:00
SAO_2290-10,São Paulo,3550308,True,,33486,,,-23.6131485,-46.4762315,,,,2,2023-06-20T02:35:00+00:00
SAO_2290-10,São Paulo,3550308,True,,33486,,,-23.591530437499998,-46.489197312499996,,,,2,2023-06-20T02:35:14+00:00
SAO_2290-10,São Paulo,3550308,True,,33486,,,-23.613355,-46.476290500000005,,,,2,2023-06-20T02:35:07+00:00
SAO_2290-10,São Paulo,3550308,True,,33486,,,-23.542583,-46.54966025,,,,2,2023-06-20T02:35:00+00:00
SAO_2290-10,São Paulo,3550308,True,,33486,,,-23.597652500000002,-46.48668725,,,,2,2023-06-20T02:35:24+00:00
SAO_2290-10,São Paulo,3550308,True,,33486,,,-23.5974035,-46.486855750000004,,,,2,2023-06-20T02:35:28+00:00
SAO_9181-10,São Paulo,3550308,True,,33653,,,-23.4605945,-46.696993500000005,,,,2,2023-06-20T02:34:22+00:00
SAO_9181-10,São Paulo,3550308,True,,33653,,,-23.4570935,-46.6969045,,,,2,2023-06-20T02:35:32+00:00
SAO_9181-10,São Paulo,3550308,True,,33653,,,-23.515559500000002,-46.6907665,,,,2,2023-06-20T02:35:30+00:00
SAO_9181-10,São Paulo,3550308,True,,33653,,,-23.468827,-46.6854205,,,,2,2023-06-20T02:34:56+00:00
SAO_9181-10,São Paulo,3550308,True,,33653,,,-23.488602999999998,-46.6881075,,,,2,2023-06-20T02:35:31+00:00
SAO_9181-10,São Paulo,3550308,True,,33653,,,-23.457219000000002,-46.696751,,,,2,2023-06-20T02:35:15+00:00
SAO_9181-10,São Paulo,3550308,True,,33653,,,-23.457219000000002,-46.696751,,,,2,2023-06-20T02:35:24+00:00
SAO_675L-10,São Paulo,3550308,True,,1478,,,-23.653993,-46.710736499999996,,,,1,2023-06-20T02:35:04+00:00
SAO_675L-10,São Paulo,3550308,True,,1478,,,-23.653993,-46.710736499999996,,,,1,2023-06-20T02:34:58+00:00
SAO_675L-10,São Paulo,3550308,True,,1478,,,-23.615900250000003,-46.67369975,,,,1,2023-06-20T02:35:23+00:00
SAO_675L-10,São Paulo,3550308,True,,1478,,,-23.5984965,-46.637418499999995,,,,1,2023-06-20T02:35:21+00:00
SAO_8001-10,São Paulo,3550308,True,,34019,,,-23.50283475,-46.760608500000004,,,,2,2023-06-20T02:35:02+00:00
SAO_8001-10,São Paulo,3550308,True,,34019,,,-23.520094999999998,-46.700067000000004,,,,2,2023-06-20T02:35:01+00:00
SAO_8001-10,São Paulo,3550308,True,,34019,,,-23.502658,-46.760932499999996,,,,2,2023-06-20T02:35:05+00:00
SAO_4035-10,São Paulo,3550308,True,,2560,,,-23.558587000000003,-46.399857999999995,,,,1,2023-06-20T02:34:54+00:00
SAO_4035-10,São Paulo,3550308,True,,2560,,,-23.563623,-46.4172825,,,,1,2023-06-20T02:31:11+00:00
SAO_4035-10,São Paulo,3550308,True,,2560,,,-23.5631195,-46.43273000000001,,,,1,2023-06-20T02:34:57+00:00
SAO_8012-10,São Paulo,3550308,True,,34791,,,-23.5716415,-46.7082335,,,,2,2023-06-20T02:35:22+00:00
SAO_8012-10,São Paulo,3550308,True,,34791,,,-23.5716415,-46.7082335,,,,2,2023-06-20T02:35:10+00:00
SAO_8012-10,São Paulo,3550308,True,,34791,,,-23.5574065,-46.7348925,,,,2,2023-06-20T02:34:58+00:00
SAO_5611-10,São Paulo,3550308,True,EMTU,598,https://moovitapp.com/index/pt-br/transporte_p%C3%BAblico-line-598-Sao_Paulo-242-2038937-36419579-0,7.05,-23.7167415,-46.629450500000004,,,,1,2023-06-20T02:31:27+00:00
SAO_5611-10,São Paulo,3550308,True,EMTU,598,https://moovitapp.com/index/pt-br/transporte_p%C3%BAblico-line-598-Sao_Paulo-242-2038937-36419579-0,7.05,-23.68198025,-46.68218475,,,,1,2023-06-20T02:35:33+00:00
SAO_5611-10,São Paulo,3550308,True,EMTU,598,https://moovitapp.com/index/pt-br/transporte_p%C3%BAblico-line-598-Sao_Paulo-242-2038937-36419579-0,7.05,-23.587325,-46.652454000000006,,,,1,2023-06-20T02:35:14+00:00
SAO_6726-10,São Paulo,3550308,True,,33961,,,-23.741089000000002,-46.668659,,,,2,2023-06-20T02:35:24+00:00
SAO_6726-10,São Paulo,3550308,True,,33961,,,-23.7403345,-46.691452999999996,,,,2,2023-06-20T02:34:55+00:00
SAO_6726-10,São Paulo,3550308,True,,33961,,,-23.7556485,-46.6714285,,,,2,2023-06-20T02:35:36+00:00
SAO_6726-10,São Paulo,3550308,True,,33961,,,-23.751042499999997,-46.6659985,,,,2,2023-06-20T02:35:16+00:00
SAO_4716-10,São Paulo,3550308,True,,1106,,,-23.61846175,-46.611990999999996,,,,1,2023-06-20T02:35:28+00:00
SAO_4716-10,São Paulo,3550308,True,,1106,,,-23.599649,-46.637840499999996,,,,1,2023-06-20T02:35:28+00:00
SAO_4716-10,São Paulo,3550308,True,,1106,,,-23.605813812499996,-46.6227741875,,,,1,2023-06-20T02:35:28+00:00
SAO_4716-10,São Paulo,3550308,True,,1106,,,-23.601743,-46.601547,,,,1,2023-06-20T02:35:26+00:00
SAO_1764-10,São Paulo,3550308,True,,625,,,-23.472268875,-46.613102999999995,,,,1,2023-06-20T02:35:10+00:00
SAO_1764-10,São Paulo,3550308,True,,625,,,-23.44134,-46.5881995,,,,1,2023-06-20T02:34:58+00:00
SAO_1764-10,São Paulo,3550308,True,,625,,,-23.425084,-46.582206,,,,1,2023-06-20T02:35:19+00:00
SAO_1764-10,São Paulo,3550308,True,,625,,,-23.50162425,-46.62357300000001,,,,1,2023-06-20T02:35:07+00:00
SAO_1764-10,São Paulo,3550308,True,,625,,,-23.502432499999998,-46.6235935,,,,1,2023-06-20T02:35:07+00:00
SAO_2722-10,São Paulo,3550308,True,Urubupungá,935,https://moovitapp.com/index/pt-br/transporte_p%C3%BAblico-line-935-Sao_Paulo-242-873835-76437456-0,4.6,-23.509570500000002,-46.4969835,,,,1,2023-06-20T02:35:08+00:00
SAO_2722-10,São Paulo,3550308,True,Urubupungá,935,https://moovitapp.com/index/pt-br/transporte_p%C3%BAblico-line-935-Sao_Paulo-242-873835-76437456-0,4.6,-23.5209145,-46.5155015,,,,1,2023-06-20T02:35:19+00:00
SAO_2722-10,São Paulo,3550308,True,Urubupungá,935,https://moovitapp.com/index/pt-br/transporte_p%C3%BAblico-line-935-Sao_Paulo-242-873835-76437456-0,4.6,-23.49212175,-46.49311525,,,,1,2023-06-20T02:35:21+00:00
SAO_2722-10,São Paulo,3550308,True,Urubupungá,935,https://moovitapp.com/index/pt-br/transporte_p%C3%BAblico-line-935-Sao_Paulo-242-873835-76437456-0,4.6,-23.4918725,-46.4926625,,,,1,2023-06-20T02:29:31+00:00
SAO_2722-10,São Paulo,3550308,True,Urubupungá,935,https://moovitapp.com/index/pt-br/transporte_p%C3%BAblico-line-935-Sao_Paulo-242-873835-76437456-0,4.6,-23.504535,-46.49398575,,,,1,2023-06-20T02:35:09+00:00
SAO_2722-10,São Paulo,3550308,True,Urubupungá,935,https://moovitapp.com/index/pt-br/transporte_p%C3%BAblico-line-935-Sao_Paulo-242-873835-76437456-0,4.6,-23.490014000000002,-46.490151,,,,1,2023-06-20T02:34:21+00:00
SAO_2722-10,São Paulo,3550308,True,Urubupungá,935,https://moovitapp.com/index/pt-br/transporte_p%C3%BAblico-line-935-Sao_Paulo-242-873835-76437456-0,4.6,-23.528723,-46.5164685,,,,1,2023-06-20T02:35:22+00:00
SAO_6048-10,São Paulo,3550308,True,,32824,,,-23.6467495,-46.704724,,,,2,2023-06-20T02:35:34+00:00
SAO_6048-10,São Paulo,3550308,True,,32824,,,-23.6603265,-46.7674475,,,,2,2023-06-20T02:34:56+00:00
SAO_6048-10,São Paulo,3550308,True,,32824,,,-23.6488675,-46.7535655,,,,2,2023-06-20T02:35:14+00:00
SAO_6048-10,São Paulo,3550308,True,,32824,,,-23.680662499999997,-46.76965250000001,,,,2,2023-06-20T02:35:08+00:00
SAO_8047-41,São Paulo,3550308,True,STT,410,https://moovitapp.com/index/pt-br/transporte_p%C3%BAblico-line-410-Sao_Paulo-242-850661-183302-0,5.3,-23.531029750000002,-46.731835125,,,,1,2023-06-20T02:34:54+00:00
SAO_8013-41,São Paulo,3550308,True,,2011,,,-23.432446499999998,-46.787048,,,,1,2023-06-20T02:35:09+00:00
SAO_8013-41,São Paulo,3550308,True,,2011,,,-23.428751,-46.798542499999996,,,,1,2023-06-20T02:35:14+00:00
SAO_106A-10,São Paulo,3550308,True,,33284,,,-23.5026995,-46.624219,,,,2,2023-06-20T02:35:21+00:00
SAO_106A-10,São Paulo,3550308,True,,33284,,,-23.503788375,-46.624660500000005,,,,2,2023-06-20T02:35:22+00:00
SAO_106A-10,São Paulo,3550308,True,,33284,,,-23.572082125,-46.664369125,,,,2,2023-06-20T02:35:25+00:00
SAO_106A-10,São Paulo,3550308,True,,33284,,,-23.589232000000003,-46.688066,,,,2,2023-06-20T02:35:32+00:00
SAO_106A-10,São Paulo,3550308,True,,33284,,,-23.560675500000002,-46.655144,,,,2,2023-06-20T02:34:54+00:00
SAO_106A-10,São Paulo,3550308,True,,33284,,,-23.589232000000003,-46.688066,,,,2,2023-06-20T02:35:12+00:00
SAO_106A-10,São Paulo,3550308,True,,33284,,,-23.526656375,-46.63091825000001,,,,2,2023-06-20T02:35:26+00:00
SAO_6056-10,São Paulo,3550308,True,,1147,,,-23.74271025,-46.70255975,,,,1,2023-06-20T02:35:07+00:00
SAO_6056-10,São Paulo,3550308,True,,1147,,,-23.762675,-46.708613,,,,1,2023-06-20T02:35:28+00:00
SAO_5029-10,São Paulo,3550308,True,,1672,,,-23.620595,-46.592406499999996,,,,1,2023-06-20T02:35:06+00:00
SAO_3903-10,São Paulo,3550308,True,,1471,,,-23.532663749999998,-46.466876375,,,,1,2023-06-20T02:35:13+00:00
SAO_6003-10,São Paulo,3550308,True,,1472,,,-23.7405945,-46.704511,,,,1,2023-06-20T02:33:15+00:00
SAO_6003-10,São Paulo,3550308,True,,1472,,,-23.7377555,-46.6976535,,,,1,2023-06-20T02:35:19+00:00
SAO_6003-10,São Paulo,3550308,True,,1472,,,-23.7377555,-46.6976535,,,,1,2023-06-20T02:34:53+00:00
SAO_8615-10,São Paulo,3550308,True,,1339,,,-23.546561500000003,-46.632306,,,,1,2023-06-20T02:35:04+00:00
SAO_8615-10,São Paulo,3550308,True,,1339,,,-23.53875625,-46.64681725,,,,1,2023-06-20T02:35:13+00:00
SAO_8615-10,São Paulo,3550308,True,,1339,,,-23.536467000000002,-46.7242705,,,,1,2023-06-20T02:35:24+00:00
SAO_8615-10,São Paulo,3550308,True,,1339,,,-23.525479249999997,-46.711762500000006,,,,1,2023-06-20T02:35:29+00:00
SAO_8615-10,São Paulo,3550308,True,,1339,,,-23.5249795,-46.689600625,,,,1,2023-06-20T02:35:11+00:00
SAO_4221-10,São Paulo,3550308,True,,325,,,-23.56810125,-46.59871,,,,1,2023-06-20T02:35:13+00:00
SAO_4221-10,São Paulo,3550308,True,,325,,,-23.5460165,-46.6301705,,,,1,2023-06-20T02:35:08+00:00
SAO_4221-10,São Paulo,3550308,True,,325,,,-23.5892425,-46.553529,,,,1,2023-06-20T02:34:52+00:00
SAO_208V-10,São Paulo,3550308,True,,32975,,,-23.516945999999997,-46.476135,,,,2,2023-06-20T02:35:01+00:00
SAO_208V-10,São Paulo,3550308,True,,32975,,,-23.5321845,-46.561195,,,,2,2023-06-20T02:34:38+00:00
SAO_208V-10,São Paulo,3550308,True,,32975,,,-23.5476865,-46.6292585,,,,2,2023-06-20T02:35:03+00:00
SAO_208V-10,São Paulo,3550308,True,,32975,,,-23.517572,-46.475783,,,,2,2023-06-20T02:35:22+00:00
SAO_208V-10,São Paulo,3550308,True,,32975,,,-23.5173865,-46.47583825,,,,2,2023-06-20T02:35:16+00:00
SAO_208V-10,São Paulo,3550308,True,,32975,,,-23.5476865,-46.6292585,,,,2,2023-06-20T02:35:03+00:00
SAO_208V-10,São Paulo,3550308,True,,32975,,,-23.5476865,-46.6292585,,,,2,2023-06-20T02:35:28+00:00
SAO_208V-10,São Paulo,3550308,True,,32975,,,-23.538355250000002,-46.602380499999995,,,,2,2023-06-20T02:35:14+00:00
SAO_208V-10,São Paulo,3550308,True,,32975,,,-23.5476865,-46.6292585,,,,2,2023-06-20T02:35:01+00:00
SAO_208V-10,São Paulo,3550308,True,,32975,,,-23.518022000000002,-46.475695,,,,2,2023-06-20T02:35:10+00:00
SAO_208V-10,São Paulo,3550308,True,,32975,,,-23.5476865,-46.6292585,,,,2,2023-06-20T02:35:14+00:00
SAO_208V-10,São Paulo,3550308,True,,32975,,,-23.5189655,-46.47556,,,,2,2023-06-20T02:35:00+00:00
SAO_208V-10,São Paulo,3550308,True,,32975,,,-23.5476865,-46.6292585,,,,2,2023-06-20T02:35:31+00:00
SAO_208V-10,São Paulo,3550308,True,,32975,,,-23.513590999999998,-46.501145,,,,2,2023-06-20T02:35:15+00:00
SAO_208V-10,São Paulo,3550308,True,,32975,,,-23.517678,-46.475762,,,,2,2023-06-20T02:35:36+00:00
SAO_208V-10,São Paulo,3550308,True,,32975,,,-23.517572,-46.475783,,,,2,2023-06-20T02:35:36+00:00
SAO_172J-10,São Paulo,3550308,True,,856,,,-23.53920575,-46.575556999999996,,,,1,2023-06-20T02:35:11+00:00
SAO_172J-10,São Paulo,3550308,True,,856,,,-23.487986999999997,-46.5687985,,,,1,2023-06-20T02:33:15+00:00
SAO_172J-10,São Paulo,3550308,True,,856,,,-23.518577,-46.58996512499999,,,,1,2023-06-20T02:34:32+00:00
SAO_172J-10,São Paulo,3550308,True,,856,,,-23.5298855,-46.58841375,,,,1,2023-06-20T02:33:16+00:00
SAO_172J-10,São Paulo,3550308,True,,856,,,-23.539874,-46.576418,,,,1,2023-06-20T02:35:07+00:00
SAO_975A-10,São Paulo,3550308,True,,33357,,,-23.468571,-46.6963775,,,,2,2023-06-20T02:35:00+00:00
SAO_975A-10,São Paulo,3550308,True,,33357,,,-23.54914625,-46.6744615,,,,2,2023-06-20T02:35:35+00:00
SAO_975A-10,São Paulo,3550308,True,,33357,,,-23.4688585,-46.6960245,,,,2,2023-06-20T02:34:48+00:00
SAO_975A-10,São Paulo,3550308,True,,33357,,,-23.468571,-46.6963775,,,,2,2023-06-20T02:35:11+00:00
SAO_975A-10,São Paulo,3550308,True,,33357,,,-23.482628624999997,-46.688242625,,,,2,2023-06-20T02:35:15+00:00
SAO_975A-10,São Paulo,3550308,True,,33357,,,-23.468484500000002,-46.696687999999995,,,,2,2023-06-20T02:35:21+00:00
SAO_975A-10,São Paulo,3550308,True,,33357,,,-23.511814,-46.673001,,,,2,2023-06-20T02:35:23+00:00
SAO_807P-10,São Paulo,3550308,True,,2099,,,-23.6193075,-46.7232525,,,,1,2023-06-20T02:35:07+00:00
SAO_807P-10,São Paulo,3550308,True,,2099,,,-23.643249,-46.734951,,,,1,2023-06-20T02:35:10+00:00
SAO_3751-10,São Paulo,3550308,True,,33815,,,-23.5695605,-46.4102685,,,,2,2023-06-20T02:35:27+00:00
SAO_3751-10,São Paulo,3550308,True,,33815,,,-23.565520499999998,-46.4174935,,,,2,2023-06-20T02:35:30+00:00
SAO_3751-10,São Paulo,3550308,True,,33815,,,-23.569102,-46.411361,,,,2,2023-06-20T02:35:10+00:00
SAO_3751-10,São Paulo,3550308,True,,33815,,,-23.56900575,-46.41153799999999,,,,2,2023-06-20T02:35:14+00:00
SAO_3751-10,São Paulo,3550308,True,,33815,,,-23.569102,-46.411361,,,,2,2023-06-20T02:35:15+00:00
SAO_3751-10,São Paulo,3550308,True,,33815,,,-23.56408175,-46.4090665,,,,2,2023-06-20T02:35:32+00:00
SAO_3751-10,São Paulo,3550308,True,,33815,,,-23.551931500000002,-46.4251575,,,,2,2023-06-20T02:35:27+00:00
SAO_1758-10,São Paulo,3550308,True,,33320,,,-23.454044,-46.661868999999996,,,,2,2023-06-20T02:35:15+00:00
SAO_1758-10,São Paulo,3550308,True,,33320,,,-23.461765999999997,-46.653731500000006,,,,2,2023-06-20T02:35:24+00:00
SAO_1758-10,São Paulo,3550308,True,,33320,,,-23.454469,-46.6620805,,,,2,2023-06-20T02:35:07+00:00
SAO_1758-10,São Paulo,3550308,True,,33320,,,-23.454611749999998,-46.66173725,,,,2,2023-06-20T02:35:25+00:00
SAO_1758-10,São Paulo,3550308,True,,33320,,,-23.4540025,-46.6616765,,,,2,2023-06-20T02:35:12+00:00
SAO_1758-10,São Paulo,3550308,True,,33320,,,-23.453969,-46.6614815,,,,2,2023-06-20T02:35:15+00:00
SAO_8215-10,São Paulo,3550308,True,,574,,,-23.5427875,-46.6363415,,,,1,2023-06-20T02:34:59+00:00
SAO_8215-10,São Paulo,3550308,True,,574,,,-23.461478,-46.7084365,,,,1,2023-06-20T02:35:02+00:00
SAO_8215-10,São Paulo,3550308,True,,574,,,-23.461630999999997,-46.707753,,,,1,2023-06-20T02:35:18+00:00
SAO_8215-10,São Paulo,3550308,True,,574,,,-23.4790215,-46.6910145,,,,1,2023-06-20T02:35:26+00:00
SAO_8215-10,São Paulo,3550308,True,,574,,,-23.507158750000002,-46.67135625,,,,1,2023-06-20T02:35:04+00:00
SAO_8215-10,São Paulo,3550308,True,,574,,,-23.461478,-46.7084365,,,,1,2023-06-20T02:35:29+00:00
SAO_8215-10,São Paulo,3550308,True,,574,,,-23.5365011875,-46.65088375,,,,1,2023-06-20T02:34:54+00:00
SAO_8215-10,São Paulo,3550308,True,,574,,,-23.461478,-46.7084365,,,,1,2023-06-20T02:35:02+00:00
SAO_7005-51,São Paulo,3550308,True,,1999,,,-23.6894615,-46.77340325,,,,1,2023-06-20T02:35:19+00:00
SAO_7005-51,São Paulo,3550308,True,,1999,,,-23.6873875,-46.771598,,,,1,2023-06-20T02:35:27+00:00
SAO_7005-51,São Paulo,3550308,True,,1999,,,-23.67434825,-46.77373575,,,,1,2023-06-20T02:35:19+00:00
SAO_7005-51,São Paulo,3550308,True,,1999,,,-23.6618535,-46.7703785,,,,1,2023-06-20T02:35:24+00:00
SAO_3054-10,São Paulo,3550308,True,,975,,,-23.60103025,-46.48385275,,,,1,2023-06-20T02:35:23+00:00
SAO_3054-10,São Paulo,3550308,True,,975,,,-23.5944645,-46.4191055,,,,1,2023-06-20T02:35:09+00:00
SAO_2734-10,São Paulo,3550308,True,,1760,,,-23.5420405,-46.471346,,,,1,2023-06-20T02:35:02+00:00
SAO_2734-10,São Paulo,3550308,True,,1760,,,-23.539971,-46.45912,,,,1,2023-06-20T02:34:54+00:00
SAO_2734-10,São Paulo,3550308,True,,1760,,,-23.539058,-46.469727500000005,,,,1,2023-06-20T02:35:05+00:00
SAO_2734-10,São Paulo,3550308,True,,1760,,,-23.512009,-46.40866,,,,1,2023-06-20T02:35:21+00:00
SAO_2734-10,São Paulo,3550308,True,,1760,,,-23.512009,-46.40866,,,,1,2023-06-20T02:35:01+00:00
SAO_2734-10,São Paulo,3550308,True,,1760,,,-23.512037499999998,-46.43361975,,,,1,2023-06-20T02:35:02+00:00
SAO_2734-10,São Paulo,3550308,True,,1760,,,-23.541973499999997,-46.470946999999995,,,,1,2023-06-20T02:34:59+00:00
SAO_2002-10,São Paulo,3550308,True,STT,711,https://moovitapp.com/index/pt-br/transporte_p%C3%BAblico-line-711-Sao_Paulo-242-850661-183340-0,5.3,-23.545339499999997,-46.635621,,,,1,2023-06-20T02:35:31+00:00
SAO_2002-10,São Paulo,3550308,True,STT,711,https://moovitapp.com/index/pt-br/transporte_p%C3%BAblico-line-711-Sao_Paulo-242-850661-183340-0,5.3,-23.547219,-46.6295935,,,,1,2023-06-20T02:35:05+00:00
SAO_2002-10,São Paulo,3550308,True,STT,711,https://moovitapp.com/index/pt-br/transporte_p%C3%BAblico-line-711-Sao_Paulo-242-850661-183340-0,5.3,-23.550129750000004,-46.641155,,,,1,2023-06-20T02:35:05+00:00
SAO_407N-10,São Paulo,3550308,True,,2169,,,-23.594598,-46.4421435,,,,1,2023-06-20T02:35:17+00:00
SAO_407N-10,São Paulo,3550308,True,,2169,,,-23.582577,-46.408426,,,,1,2023-06-20T02:35:11+00:00
SAO_407N-10,São Paulo,3550308,True,,2169,,,-23.534121,-46.543020999999996,,,,1,2023-06-20T02:34:50+00:00
SAO_407N-10,São Paulo,3550308,True,,2169,,,-23.586112,-46.4148275,,,,1,2023-06-20T02:32:51+00:00
SAO_407N-10,São Paulo,3550308,True,,2169,,,-23.581362499999997,-46.4913625,,,,1,2023-06-20T02:35:14+00:00
SAO_4004-10,São Paulo,3550308,True,,34946,,,-23.582594,-46.3928595,,,,2,2023-06-20T02:35:01+00:00
SAO_4004-10,São Paulo,3550308,True,,34946,,,-23.5830765,-46.406579,,,,2,2023-06-20T02:35:13+00:00
SAO_4004-10,São Paulo,3550308,True,,34946,,,-23.5830765,-46.406579,,,,2,2023-06-20T02:35:09+00:00
SAO_4004-10,São Paulo,3550308,True,,34946,,,-23.5826965,-46.406769,,,,2,2023-06-20T02:35:18+00:00
SAO_2703-10,São Paulo,3550308,True,Urubupungá,915,https://moovitapp.com/index/pt-br/transporte_p%C3%BAblico-line-915-Sao_Paulo-242-873835-75841134-0,4.6,-23.529542499999998,-46.420608,,,,1,2023-06-20T02:34:55+00:00
SAO_2703-10,São Paulo,3550308,True,Urubupungá,915,https://moovitapp.com/index/pt-br/transporte_p%C3%BAblico-line-915-Sao_Paulo-242-873835-75841134-0,4.6,-23.542792499999997,-46.470580999999996,,,,1,2023-06-20T02:34:59+00:00
SAO_2703-10,São Paulo,3550308,True,Urubupungá,915,https://moovitapp.com/index/pt-br/transporte_p%C3%BAblico-line-915-Sao_Paulo-242-873835-75841134-0,4.6,-23.5257175,-46.4209525,,,,1,2023-06-20T02:34:53+00:00
SAO_2703-10,São Paulo,3550308,True,Urubupungá,915,https://moovitapp.com/index/pt-br/transporte_p%C3%BAblico-line-915-Sao_Paulo-242-873835-75841134-0,4.6,-23.529542499999998,-46.420608,,,,1,2023-06-20T02:33:56+00:00
SAO_2703-10,São Paulo,3550308,True,Urubupungá,915,https://moovitapp.com/index/pt-br/transporte_p%C3%BAblico-line-915-Sao_Paulo-242-873835-75841134-0,4.6,-23.529542499999998,-46.420608,,,,1,2023-06-20T02:35:23+00:00
SAO_2703-10,São Paulo,3550308,True,Urubupungá,915,https://moovitapp.com/index/pt-br/transporte_p%C3%BAblico-line-915-Sao_Paulo-242-873835-75841134-0,4.6,-23.541984999999997,-46.4710195,,,,1,2023-06-20T02:32:45+00:00
SAO_407G-10,São Paulo,3550308,True,,2196,,,-23.611989,-46.473779,,,,1,2023-06-20T02:35:05+00:00
SAO_407G-10,São Paulo,3550308,True,,2196,,,-23.535607624999997,-46.552115,,,,1,2023-06-20T02:35:36+00:00
SAO_407G-10,São Paulo,3550308,True,,2196,,,-23.611837,-46.4334745,,,,1,2023-06-20T02:34:06+00:00
SAO_407G-10,São Paulo,3550308,True,,2196,,,-23.572408000000003,-46.503972000000005,,,,1,2023-06-20T02:35:18+00:00
SAO_407G-10,São Paulo,3550308,True,,2196,,,-23.611837,-46.4334745,,,,1,2023-06-20T02:35:29+00:00
SAO_407G-10,São Paulo,3550308,True,,2196,,,-23.6142995,-46.456975,,,,1,2023-06-20T02:34:57+00:00
SAO_407G-10,São Paulo,3550308,True,,2196,,,-23.55382675,-46.517827249999996,,,,1,2023-06-20T02:35:32+00:00
SAO_971R-42,São Paulo,3550308,True,,33384,,,-23.463238750000002,-46.682105750000005,,,,2,2023-06-20T02:35:18+00:00
SAO_971R-42,São Paulo,3550308,True,,33384,,,-23.501995,-46.625974,,,,2,2023-06-20T02:34:53+00:00
SAO_971R-42,São Paulo,3550308,True,,33384,,,-23.443168,-46.738155,,,,2,2023-06-20T02:34:52+00:00
SAO_971R-42,São Paulo,3550308,True,,33384,,,-23.436899500000003,-46.739963,,,,2,2023-06-20T02:35:23+00:00
SAO_609F-10,São Paulo,3550308,True,,32805,,,-23.612671749999997,-46.7007905,,,,2,2023-06-20T02:35:12+00:00
SAO_609F-10,São Paulo,3550308,True,,32805,,,-23.566357625000002,-46.658474749999996,,,,2,2023-06-20T02:35:31+00:00
SAO_609F-10,São Paulo,3550308,True,,32805,,,-23.6532725,-46.7370815,,,,2,2023-06-20T02:34:57+00:00
SAO_609F-10,São Paulo,3550308,True,,32805,,,-23.5407535,-46.6393585,,,,2,2023-06-20T02:35:20+00:00
SAO_609F-10,São Paulo,3550308,True,,32805,,,-23.6673265,-46.749638000000004,,,,2,2023-06-20T02:35:23+00:00
SAO_609F-10,São Paulo,3550308,True,,32805,,,-23.534974,-46.6443435,,,,2,2023-06-20T02:35:24+00:00
SAO_2718-10,São Paulo,3550308,True,,33699,,,-23.49796225,-46.518165875,,,,2,2023-06-20T02:35:27+00:00
SAO_2718-10,São Paulo,3550308,True,,33699,,,-23.4931245,-46.500213,,,,2,2023-06-20T02:35:34+00:00
SAO_2718-10,São Paulo,3550308,True,,33699,,,-23.525705249999998,-46.548781000000005,,,,2,2023-06-20T02:34:55+00:00
SAO_2718-10,São Paulo,3550308,True,,33699,,,-23.4965245,-46.503639,,,,2,2023-06-20T02:35:24+00:00
SAO_2718-10,São Paulo,3550308,True,,33699,,,-23.50278475,-46.535339500000006,,,,2,2023-06-20T02:35:32+00:00
SAO_2718-10,São Paulo,3550308,True,,33699,,,-23.533648499999998,-46.5455135,,,,2,2023-06-20T02:34:55+00:00
SAO_2718-10,São Paulo,3550308,True,,33699,,,-23.4931245,-46.500213,,,,2,2023-06-20T02:35:14+00:00
SAO_2718-10,São Paulo,3550308,True,,33699,,,-23.4930925,-46.49988925,,,,2,2023-06-20T02:35:16+00:00
SAO_2718-10,São Paulo,3550308,True,,33699,,,-23.51598125,-46.549963500000004,,,,2,2023-06-20T02:34:57+00:00
SAO_1744-10,São Paulo,3550308,True,,544,,,-23.50252225,-46.626307,,,,1,2023-06-20T02:35:36+00:00
SAO_1744-10,São Paulo,3550308,True,,544,,,-23.4729585,-46.6418845,,,,1,2023-06-20T02:35:35+00:00
SAO_1744-10,São Paulo,3550308,True,,544,,,-23.471133000000002,-46.6478525,,,,1,2023-06-20T02:35:33+00:00
SAO_5022-10,São Paulo,3550308,True,,1120,,,-23.6480225,-46.641234999999995,,,,1,2023-06-20T02:35:08+00:00
SAO_5022-10,São Paulo,3550308,True,,1120,,,-23.66972475,-46.64536525,,,,1,2023-06-20T02:32:59+00:00
SAO_5022-10,São Paulo,3550308,True,,1120,,,-23.672228,-46.638205,,,,1,2023-06-20T02:35:00+00:00
SAO_8028-10,São Paulo,3550308,True,,35300,,,-23.5830375,-46.7247395,,,,2,2023-06-20T02:34:20+00:00
SAO_8028-10,São Paulo,3550308,True,,35300,,,-23.622717,-46.7282335,,,,2,2023-06-20T02:35:18+00:00
SAO_8028-10,São Paulo,3550308,True,,35300,,,-23.585691,-46.724018,,,,2,2023-06-20T02:35:37+00:00
SAO_8028-10,São Paulo,3550308,True,,35300,,,-23.6036565,-46.709202000000005,,,,2,2023-06-20T02:34:57+00:00
SAO_8028-10,São Paulo,3550308,True,,35300,,,-23.585691,-46.724018,,,,2,2023-06-20T02:34:53+00:00
SAO_574R-10,São Paulo,3550308,True,,1623,,,-23.55589525,-46.5761605,,,,1,2023-06-20T02:35:26+00:00
SAO_574R-10,São Paulo,3550308,True,,1623,,,-23.613001125000004,-46.503893125000005,,,,1,2023-06-20T02:35:07+00:00
SAO_9717-10,São Paulo,3550308,True,,817,,,-23.50316325,-46.6230835,,,,1,2023-06-20T02:35:03+00:00
SAO_9717-10,São Paulo,3550308,True,,817,,,-23.4816195,-46.6832035,,,,1,2023-06-20T02:35:01+00:00
SAO_9717-10,São Paulo,3550308,True,,817,,,-23.50913925,-46.670492875,,,,1,2023-06-20T02:34:58+00:00
SAO_9717-10,São Paulo,3550308,True,,817,,,-23.463303,-46.6814685,,,,1,2023-06-20T02:34:54+00:00
SAO_8199-10,São Paulo,3550308,True,EMTU,807,https://moovitapp.com/index/pt-br/transporte_p%C3%BAblico-line-807-Sao_Paulo-242-2038937-36419583-0,7.8,-23.484603,-46.6912605,,,,1,2023-06-20T02:34:58+00:00
SAO_8199-10,São Paulo,3550308,True,EMTU,807,https://moovitapp.com/index/pt-br/transporte_p%C3%BAblico-line-807-Sao_Paulo-242-2038937-36419583-0,7.8,-23.484688,-46.7220455,,,,1,2023-06-20T02:35:17+00:00
SAO_8199-10,São Paulo,3550308,True,EMTU,807,https://moovitapp.com/index/pt-br/transporte_p%C3%BAblico-line-807-Sao_Paulo-242-2038937-36419583-0,7.8,-23.4763665,-46.667559,,,,1,2023-06-20T02:35:21+00:00
SAO_8199-10,São Paulo,3550308,True,EMTU,807,https://moovitapp.com/index/pt-br/transporte_p%C3%BAblico-line-807-Sao_Paulo-242-2038937-36419583-0,7.8,-23.474202,-46.669375,,,,1,2023-06-20T02:35:32+00:00
SAO_7022-10,São Paulo,3550308,True,,34852,,,-23.685029999999998,-46.7754175,,,,2,2023-06-20T02:35:21+00:00
SAO_7022-10,São Paulo,3550308,True,,34852,,,-23.6712895,-46.768759,,,,2,2023-06-20T02:35:21+00:00
SAO_7022-10,São Paulo,3550308,True,,34852,,,-23.654007,-46.710475,,,,2,2023-06-20T02:35:03+00:00
SAO_7022-10,São Paulo,3550308,True,,34852,,,-23.684848000000002,-46.7755765,,,,2,2023-06-20T02:35:31+00:00
SAO_7022-10,São Paulo,3550308,True,,34852,,,-23.6852245,-46.7751985,,,,2,2023-06-20T02:35:09+00:00
SAO_7022-10,São Paulo,3550308,True,,34852,,,-23.6852245,-46.7751985,,,,2,2023-06-20T02:35:27+00:00
SAO_971X-10,São Paulo,3550308,True,,1695,,,-23.4747695,-46.669715,,,,1,2023-06-20T02:35:32+00:00
SAO_971X-10,São Paulo,3550308,True,,1695,,,-23.474294,-46.6696055,,,,1,2023-06-20T02:34:51+00:00
SAO_971X-10,São Paulo,3550308,True,,1695,,,-23.5030195,-46.625746500000005,,,,1,2023-06-20T02:35:27+00:00
SAO_971X-10,São Paulo,3550308,True,,1695,,,-23.495199,-46.644662,,,,1,2023-06-20T02:32:45+00:00
SAO_4310-10,São Paulo,3550308,True,,2160,,,-23.536792374999997,-46.557858875,,,,1,2023-06-20T02:35:28+00:00
SAO_4310-10,São Paulo,3550308,True,,2160,,,-23.534623,-46.4529845,,,,1,2023-06-20T02:33:07+00:00
SAO_4310-10,São Paulo,3550308,True,,2160,,,-23.548827000000003,-46.625870500000005,,,,1,2023-06-20T02:35:14+00:00
SAO_4310-10,São Paulo,3550308,True,,2160,,,-23.5465035,-46.631069999999994,,,,1,2023-06-20T02:35:07+00:00
SAO_4310-10,São Paulo,3550308,True,,2160,,,-23.5467695,-46.630927,,,,1,2023-06-20T02:35:05+00:00
SAO_4310-10,São Paulo,3550308,True,,2160,,,-23.534605499999998,-46.54718475,,,,1,2023-06-20T02:35:35+00:00
SAO_4310-10,São Paulo,3550308,True,,2160,,,-23.547148999999997,-46.6306685,,,,1,2023-06-20T02:34:56+00:00
SAO_4310-10,São Paulo,3550308,True,,2160,,,-23.5346725,-46.453050000000005,,,,1,2023-06-20T02:35:17+00:00
SAO_4310-10,São Paulo,3550308,True,,2160,,,-23.53215,-46.527902,,,,1,2023-06-20T02:35:31+00:00
SAO_4310-10,São Paulo,3550308,True,,2160,,,-23.5346725,-46.453050000000005,,,,1,2023-06-20T02:35:08+00:00
SAO_4310-10,São Paulo,3550308,True,,2160,,,-23.5350535,-46.4535555,,,,1,2023-06-20T02:35:28+00:00
SAO_4310-10,São Paulo,3550308,True,,2160,,,-23.535216,-46.4541105,,,,1,2023-06-20T02:34:58+00:00
SAO_4310-10,São Paulo,3550308,True,,2160,,,-23.542348,-46.467040499999996,,,,1,2023-06-20T02:35:09+00:00
SAO_4310-10,São Paulo,3550308,True,,2160,,,-23.543348,-46.589528,,,,1,2023-06-20T02:35:33+00:00
SAO_2762-10,São Paulo,3550308,True,,32912,,,-23.4973025,-46.5042935,,,,2,2023-06-20T02:32:03+00:00
SAO_2762-10,São Paulo,3550308,True,,32912,,,-23.498551375,-46.47896325000001,,,,2,2023-06-20T02:35:13+00:00
SAO_2762-10,São Paulo,3550308,True,,32912,,,-23.486237625,-46.476904125000004,,,,2,2023-06-20T02:35:19+00:00
SAO_2762-10,São Paulo,3550308,True,,32912,,,-23.486237625,-46.476904125000004,,,,2,2023-06-20T02:34:30+00:00
SAO_2762-10,São Paulo,3550308,True,,32912,,,-23.486157,-46.47590975,,,,2,2023-06-20T02:35:20+00:00
SAO_2762-10,São Paulo,3550308,True,,32912,,,-23.518009,-46.549202,,,,2,2023-06-20T02:34:19+00:00
SAO_6099-10,São Paulo,3550308,True,,1587,,,-23.83896,-46.737320499999996,,,,1,2023-06-20T02:35:20+00:00
SAO_6099-10,São Paulo,3550308,True,,1587,,,-23.85483525,-46.7599105,,,,1,2023-06-20T02:35:18+00:00
SAO_6099-10,São Paulo,3550308,True,,1587,,,-23.736292,-46.696856499999996,,,,1,2023-06-20T02:35:32+00:00
SAO_477P-10,São Paulo,3550308,True,,33116,,,-23.6184425,-46.6764105,,,,2,2023-06-20T02:34:51+00:00
SAO_477P-10,São Paulo,3550308,True,,33116,,,-23.57234125,-46.705315,,,,2,2023-06-20T02:35:11+00:00
SAO_477P-10,São Paulo,3550308,True,,33116,,,-23.612551,-46.60875125,,,,2,2023-06-20T02:35:05+00:00
SAO_477P-10,São Paulo,3550308,True,,33116,,,-23.6128265,-46.608872,,,,2,2023-06-20T02:35:28+00:00
SAO_477P-10,São Paulo,3550308,True,,33116,,,-23.5861885,-46.7568665,,,,2,2023-06-20T02:35:20+00:00
SAO_477P-10,São Paulo,3550308,True,,33116,,,-23.594942375000002,-46.60096225000001,,,,2,2023-06-20T02:35:25+00:00
SAO_477P-10,São Paulo,3550308,True,,33116,,,-23.61311175,-46.637964999999994,,,,2,2023-06-20T02:35:12+00:00
SAO_477P-10,São Paulo,3550308,True,,33116,,,-23.613129999999998,-46.608943999999994,,,,2,2023-06-20T02:35:11+00:00
SAO_477P-10,São Paulo,3550308,True,,33116,,,-23.57234125,-46.705315,,,,2,2023-06-20T02:35:22+00:00
SAO_477P-10,São Paulo,3550308,True,,33116,,,-23.616483875,-46.6682585,,,,2,2023-06-20T02:35:20+00:00
SAO_477P-10,São Paulo,3550308,True,,33116,,,-23.612551,-46.60875125,,,,2,2023-06-20T02:35:24+00:00
SAO_8019-10,São Paulo,3550308,True,,2071,,,-23.5551335,-46.751251499999995,,,,1,2023-06-20T02:35:37+00:00
SAO_4020-10,São Paulo,3550308,True,,35298,,,-23.578772,-46.442948375,,,,2,2023-06-20T02:34:59+00:00
SAO_4020-10,São Paulo,3550308,True,,35298,,,-23.534503,-46.453302,,,,2,2023-06-20T02:35:25+00:00
SAO_4020-10,São Paulo,3550308,True,,35298,,,-23.540634250000004,-46.449169874999995,,,,2,2023-06-20T02:35:17+00:00
SAO_9785-10,São Paulo,3550308,True,,828,,,-23.527824,-46.674593,,,,1,2023-06-20T02:35:08+00:00
SAO_9785-10,São Paulo,3550308,True,,828,,,-23.4561785,-46.698985,,,,1,2023-06-20T02:35:04+00:00
SAO_9785-10,São Paulo,3550308,True,,828,,,-23.526683,-46.667058,,,,1,2023-06-20T02:35:25+00:00
SAO_9785-10,São Paulo,3550308,True,,828,,,-23.4561785,-46.698985,,,,1,2023-06-20T02:35:00+00:00
SAO_9785-10,São Paulo,3550308,True,,828,,,-23.459429999999998,-46.69849375,,,,1,2023-06-20T02:35:29+00:00
SAO_9785-10,São Paulo,3550308,True,,828,,,-23.5033665,-46.694166499999994,,,,1,2023-06-20T02:34:58+00:00
SAO_2080-10,São Paulo,3550308,True,,371,,,-23.50715,-46.4823215,,,,1,2023-06-20T02:35:19+00:00
SAO_2080-10,São Paulo,3550308,True,,371,,,-23.5288685,-46.554319,,,,1,2023-06-20T02:35:19+00:00
SAO_2080-10,São Paulo,3550308,True,,371,,,-23.49215,-46.444004500000005,,,,1,2023-06-20T02:35:33+00:00
SAO_2080-10,São Paulo,3550308,True,,371,,,-23.5105755,-46.3667395,,,,1,2023-06-20T02:34:24+00:00
SAO_273X-10,São Paulo,3550308,True,,33160,,,-23.540174,-46.483585500000004,,,,2,2023-06-20T02:35:12+00:00
SAO_273X-10,São Paulo,3550308,True,,33160,,,-23.49146475,-46.385662124999996,,,,2,2023-06-20T02:35:15+00:00
SAO_273X-10,São Paulo,3550308,True,,33160,,,-23.5119745,-46.47700450000001,,,,2,2023-06-20T02:35:34+00:00
SAO_273X-10,São Paulo,3550308,True,,33160,,,-23.500748,-46.392544,,,,2,2023-06-20T02:35:02+00:00
SAO_273X-10,São Paulo,3550308,True,,33160,,,-23.494611749999997,-46.414021250000005,,,,2,2023-06-20T02:35:07+00:00
SAO_273X-10,São Paulo,3550308,True,,33160,,,-23.497790875,-46.376857375,,,,2,2023-06-20T02:35:25+00:00
SAO_273X-10,São Paulo,3550308,True,,33160,,,-23.497997624999996,-46.376735124999996,,,,2,2023-06-20T02:35:13+00:00
SAO_273X-10,São Paulo,3550308,True,,33160,,,-23.497997624999996,-46.376735124999996,,,,2,2023-06-20T02:35:15+00:00
SAO_273X-10,São Paulo,3550308,True,,33160,,,-23.4942435,-46.4390015,,,,2,2023-06-20T02:34:57+00:00
SAO_273X-10,São Paulo,3550308,True,,33160,,,-23.539233625,-46.482404,,,,2,2023-06-20T02:35:19+00:00
SAO_273X-10,São Paulo,3550308,True,,33160,,,-23.494333750000003,-46.37883925,,,,2,2023-06-20T02:35:12+00:00
SAO_273X-10,São Paulo,3550308,True,,33160,,,-23.500748,-46.392544,,,,2,2023-06-20T02:35:09+00:00
SAO_9500-10,São Paulo,3550308,True,EMTU,461,https://moovitapp.com/index/pt-br/transporte_p%C3%BAblico-line-461-Sao_Paulo-242-2038937-36419501-0,5.1,-23.474427,-46.669637,,,,1,2023-06-20T02:34:54+00:00
SAO_9500-10,São Paulo,3550308,True,EMTU,461,https://moovitapp.com/index/pt-br/transporte_p%C3%BAblico-line-461-Sao_Paulo-242-2038937-36419501-0,5.1,-23.474271,-46.668220250000005,,,,1,2023-06-20T02:34:51+00:00
SAO_9500-10,São Paulo,3550308,True,EMTU,461,https://moovitapp.com/index/pt-br/transporte_p%C3%BAblico-line-461-Sao_Paulo-242-2038937-36419501-0,5.1,-23.536755,-46.64237325,,,,1,2023-06-20T02:35:00+00:00
SAO_9500-10,São Paulo,3550308,True,EMTU,461,https://moovitapp.com/index/pt-br/transporte_p%C3%BAblico-line-461-Sao_Paulo-242-2038937-36419501-0,5.1,-23.52169,-46.667700999999994,,,,1,2023-06-20T02:35:28+00:00
SAO_273R-10,São Paulo,3550308,True,,32994,,,-23.523021,-46.412696249999996,,,,2,2023-06-20T02:34:52+00:00
SAO_273R-10,São Paulo,3550308,True,,32994,,,-23.51516725,-46.454432249999996,,,,2,2023-06-20T02:34:19+00:00
SAO_273R-10,São Paulo,3550308,True,,32994,,,-23.522662999999998,-46.41263875,,,,2,2023-06-20T02:35:29+00:00
SAO_273R-10,São Paulo,3550308,True,,32994,,,-23.523394500000002,-46.4182955,,,,2,2023-06-20T02:35:22+00:00
SAO_273R-10,São Paulo,3550308,True,,32994,,,-23.525419875,-46.474753125,,,,2,2023-06-20T02:35:24+00:00
SAO_273R-10,São Paulo,3550308,True,,32994,,,-23.52228,-46.4125755,,,,2,2023-06-20T02:35:16+00:00
SAO_273R-10,São Paulo,3550308,True,,32994,,,-23.522662999999998,-46.41263875,,,,2,2023-06-20T02:34:59+00:00
SAO_273R-10,São Paulo,3550308,True,,32994,,,-23.538405500000003,-46.47895475,,,,2,2023-06-20T02:34:52+00:00
SAO_513C-31,São Paulo,3550308,True,,35304,,,-23.535663,-46.453911000000005,,,,2,2023-06-20T02:33:53+00:00
SAO_513C-31,São Paulo,3550308,True,,35304,,,-23.6024635,-46.5412295,,,,2,2023-06-20T02:35:13+00:00
SAO_6057-10,São Paulo,3550308,True,,33916,,,-23.7444815,-46.707066499999996,,,,2,2023-06-20T02:35:16+00:00
SAO_6057-10,São Paulo,3550308,True,,33916,,,-23.766202,-46.7087025,,,,2,2023-06-20T02:35:33+00:00
SAO_6057-10,São Paulo,3550308,True,,33916,,,-23.76584475,-46.708275875,,,,2,2023-06-20T02:35:30+00:00
SAO_6057-10,São Paulo,3550308,True,,33916,,,-23.740179,-46.69938775,,,,2,2023-06-20T02:35:17+00:00
SAO_6057-10,São Paulo,3550308,True,,33916,,,-23.76557225,-46.70793162499999,,,,2,2023-06-20T02:34:57+00:00
SAO_8047-10,São Paulo,3550308,True,,33176,,,-23.434307,-46.754795,,,,2,2023-06-20T02:35:19+00:00
SAO_8047-10,São Paulo,3550308,True,,33176,,,-23.434525,-46.754654,,,,2,2023-06-20T02:35:25+00:00
SAO_8047-10,São Paulo,3550308,True,,33176,,,-23.447001,-46.74457099999999,,,,2,2023-06-20T02:35:26+00:00
SAO_8047-10,São Paulo,3550308,True,,33176,,,-23.486925,-46.760701499999996,,,,2,2023-06-20T02:34:53+00:00
SAO_8047-10,São Paulo,3550308,True,,33176,,,-23.434162999999998,-46.754868,,,,2,2023-06-20T02:35:29+00:00
SAO_8047-10,São Paulo,3550308,True,,33176,,,-23.459041499999998,-46.755069000000006,,,,2,2023-06-20T02:35:00+00:00
SAO_8047-10,São Paulo,3550308,True,,33176,,,-23.516083124999998,-46.712922406249994,,,,2,2023-06-20T02:35:08+00:00
SAO_1742-10,São Paulo,3550308,True,,33310,,,-23.462936,-46.656752499999996,,,,2,2023-06-20T02:35:11+00:00
SAO_1742-10,São Paulo,3550308,True,,33310,,,-23.4571605,-46.6597545,,,,2,2023-06-20T02:35:06+00:00
SAO_1742-10,São Paulo,3550308,True,,33310,,,-23.4822145,-46.6319685,,,,2,2023-06-20T02:35:01+00:00
SAO_8000-1,São Paulo,3550308,True,,2506,,,-23.520449499999998,-46.6996115,,,,1,2023-06-20T02:35:05+00:00
SAO_8000-1,São Paulo,3550308,True,,2506,,,-23.526391,-46.673964,,,,1,2023-06-20T02:35:25+00:00
SAO_8000-1,São Paulo,3550308,True,,2506,,,-23.54028725,-46.64398725,,,,1,2023-06-20T02:35:22+00:00
SAO_8000-1,São Paulo,3550308,True,,2506,,,-23.520449499999998,-46.6996115,,,,1,2023-06-20T02:35:00+00:00
SAO_8000-1,São Paulo,3550308,True,,2506,,,-23.520449499999998,-46.6996115,,,,1,2023-06-20T02:34:56+00:00
SAO_407I-10,São Paulo,3550308,True,,34990,,,-23.5431125,-46.48502825,,,,2,2023-06-20T02:29:23+00:00
SAO_407I-10,São Paulo,3550308,True,,34990,,,-23.542156499999997,-46.48561475,,,,2,2023-06-20T02:34:55+00:00
SAO_407I-10,São Paulo,3550308,True,,34990,,,-23.5407045,-46.541008000000005,,,,2,2023-06-20T02:35:18+00:00
SAO_407I-10,São Paulo,3550308,True,,34990,,,-23.542556,-46.48409475,,,,2,2023-06-20T02:35:09+00:00
SAO_3459-23,São Paulo,3550308,True,EMTU,404,https://moovitapp.com/index/pt-br/transporte_p%C3%BAblico-line-404-Sao_Paulo-242-2038937-36419466-0,5.2,-23.5165205,-46.385602000000006,,,,1,2023-06-20T02:35:35+00:00
SAO_3459-23,São Paulo,3550308,True,EMTU,404,https://moovitapp.com/index/pt-br/transporte_p%C3%BAblico-line-404-Sao_Paulo-242-2038937-36419466-0,5.2,-23.5165205,-46.385602000000006,,,,1,2023-06-20T02:34:29+00:00
SAO_3459-23,São Paulo,3550308,True,EMTU,404,https://moovitapp.com/index/pt-br/transporte_p%C3%BAblico-line-404-Sao_Paulo-242-2038937-36419466-0,5.2,-23.5165205,-46.385602000000006,,,,1,2023-06-20T02:35:27+00:00
SAO_3459-23,São Paulo,3550308,True,EMTU,404,https://moovitapp.com/index/pt-br/transporte_p%C3%BAblico-line-404-Sao_Paulo-242-2038937-36419466-0,5.2,-23.51021,-46.3854855,,,,1,2023-06-20T02:35:21+00:00
SAO_6039-21,São Paulo,3550308,True,,35261,,,-23.6621345,-46.779826,,,,2,2023-06-20T02:35:03+00:00
SAO_6039-21,São Paulo,3550308,True,,35261,,,-23.656632000000002,-46.7632865,,,,2,2023-06-20T02:35:12+00:00
SAO_6014-10,São Paulo,3550308,True,,32956,,,-23.742127,-46.8004705,,,,2,2023-06-20T02:35:25+00:00
SAO_6014-10,São Paulo,3550308,True,,32956,,,-23.6905325,-46.774566500000006,,,,2,2023-06-20T02:32:56+00:00
SAO_6014-10,São Paulo,3550308,True,,32956,,,-23.727594,-46.786348000000004,,,,2,2023-06-20T02:35:20+00:00
SAO_373L-10,São Paulo,3550308,True,,33795,,,-23.563877249999997,-46.460893,,,,2,2023-06-20T02:34:56+00:00
SAO_373L-10,São Paulo,3550308,True,,33795,,,-23.617029000000002,-46.422259499999996,,,,2,2023-06-20T02:35:30+00:00
SAO_373L-10,São Paulo,3550308,True,,33795,,,-23.6224175,-46.414038500000004,,,,2,2023-06-20T02:35:20+00:00
SAO_373L-10,São Paulo,3550308,True,,33795,,,-23.542361,-46.4705955,,,,2,2023-06-20T02:35:07+00:00
SAO_373L-10,São Paulo,3550308,True,,33795,,,-23.6227125,-46.414294,,,,2,2023-06-20T02:35:10+00:00
SAO_373L-10,São Paulo,3550308,True,,33795,,,-23.595036,-46.440376,,,,2,2023-06-20T02:35:26+00:00
SAO_6010-10,São Paulo,3550308,True,,33970,,,-23.67899,-46.795347,,,,2,2023-06-20T02:35:15+00:00
SAO_6010-10,São Paulo,3550308,True,,33970,,,-23.6611755,-46.74822399999999,,,,2,2023-06-20T02:35:18+00:00
SAO_6010-10,São Paulo,3550308,True,,33970,,,-23.667592,-46.7354985,,,,2,2023-06-20T02:35:14+00:00
SAO_6010-10,São Paulo,3550308,True,,33970,,,-23.659893500000003,-46.7761195,,,,2,2023-06-20T02:35:14+00:00
SAO_6010-10,São Paulo,3550308,True,,33970,,,-23.6933645,-46.794154,,,,2,2023-06-20T02:35:34+00:00
SAO_6010-10,São Paulo,3550308,True,,33970,,,-23.693291000000002,-46.7941785,,,,2,2023-06-20T02:35:35+00:00
SAO_6010-10,São Paulo,3550308,True,,33970,,,-23.665243,-46.7472905,,,,2,2023-06-20T02:35:03+00:00
SAO_6010-10,São Paulo,3550308,True,,33970,,,-23.6934315,-46.794145,,,,2,2023-06-20T02:35:35+00:00
SAO_6010-10,São Paulo,3550308,True,,33970,,,-23.664910875,-46.753802750000006,,,,2,2023-06-20T02:34:56+00:00
SAO_6010-10,São Paulo,3550308,True,,33970,,,-23.693291000000002,-46.7941785,,,,2,2023-06-20T02:35:30+00:00
SAO_6010-10,São Paulo,3550308,True,,33970,,,-23.668707,-46.7352225,,,,2,2023-06-20T02:35:01+00:00
SAO_2712-10,São Paulo,3550308,True,,33694,,,-23.527357000000002,-46.479188,,,,2,2023-06-20T02:35:03+00:00
SAO_2712-10,São Paulo,3550308,True,,33694,,,-23.5268035,-46.478916999999996,,,,2,2023-06-20T02:35:19+00:00
SAO_2712-10,São Paulo,3550308,True,,33694,,,-23.5322605,-46.4829365,,,,2,2023-06-20T02:35:36+00:00
SAO_2712-10,São Paulo,3550308,True,,33694,,,-23.5268035,-46.478916999999996,,,,2,2023-06-20T02:35:25+00:00
SAO_148P-10,São Paulo,3550308,True,EMTU,534,https://moovitapp.com/index/pt-br/transporte_p%C3%BAblico-line-534-Sao_Paulo-242-2038937-36419546-0,6.3,-23.495604999999998,-46.658426500000004,,,,1,2023-06-20T02:34:55+00:00
SAO_148P-10,São Paulo,3550308,True,EMTU,534,https://moovitapp.com/index/pt-br/transporte_p%C3%BAblico-line-534-Sao_Paulo-242-2038937-36419546-0,6.3,-23.457928,-46.642896500000006,,,,1,2023-06-20T02:35:33+00:00
SAO_148P-10,São Paulo,3550308,True,EMTU,534,https://moovitapp.com/index/pt-br/transporte_p%C3%BAblico-line-534-Sao_Paulo-242-2038937-36419546-0,6.3,-23.526382499999997,-46.6660375,,,,1,2023-06-20T02:35:20+00:00
SAO_148P-10,São Paulo,3550308,True,EMTU,534,https://moovitapp.com/index/pt-br/transporte_p%C3%BAblico-line-534-Sao_Paulo-242-2038937-36419546-0,6.3,-23.457945000000002,-46.6429625,,,,1,2023-06-20T02:35:03+00:00
SAO_148P-10,São Paulo,3550308,True,EMTU,534,https://moovitapp.com/index/pt-br/transporte_p%C3%BAblico-line-534-Sao_Paulo-242-2038937-36419546-0,6.3,-23.464035125000002,-46.654045625,,,,1,2023-06-20T02:34:51+00:00
SAO_1023-10,São Paulo,3550308,True,,35327,,,-23.487007,-46.726683,,,,2,2023-06-20T02:35:34+00:00
SAO_6071-10,São Paulo,3550308,True,,1156,,,-23.655836,-46.7059445,,,,1,2023-06-20T02:35:02+00:00
SAO_6071-10,São Paulo,3550308,True,,1156,,,-23.7212885,-46.688989500000005,,,,1,2023-06-20T02:35:20+00:00
SAO_6071-10,São Paulo,3550308,True,,1156,,,-23.653856875,-46.71128025,,,,1,2023-06-20T02:35:14+00:00
SAO_6071-10,São Paulo,3550308,True,,1156,,,-23.683940999999997,-46.692257999999995,,,,1,2023-06-20T02:35:34+00:00
SAO_2721-10,São Paulo,3550308,True,,934,,,-23.5369425,-46.455622,,,,1,2023-06-20T02:34:57+00:00
SAO_2721-10,São Paulo,3550308,True,,934,,,-23.5193225,-46.409525,,,,1,2023-06-20T02:35:01+00:00
SAO_2721-10,São Paulo,3550308,True,,934,,,-23.519234750000003,-46.40249625,,,,1,2023-06-20T02:35:04+00:00
SAO_2721-10,São Paulo,3550308,True,,934,,,-23.542183,-46.472731499999995,,,,1,2023-06-20T02:35:08+00:00
SAO_2721-10,São Paulo,3550308,True,,934,,,-23.5419,-46.4729385,,,,1,2023-06-20T02:33:49+00:00
SAO_2721-10,São Paulo,3550308,True,,934,,,-23.5193225,-46.409525,,,,1,2023-06-20T02:35:31+00:00
SAO_2721-10,São Paulo,3550308,True,,934,,,-23.494404,-46.4148335,,,,1,2023-06-20T02:35:35+00:00
SAO_2721-10,São Paulo,3550308,True,,934,,,-23.500992,-46.440023499999995,,,,1,2023-06-20T02:35:30+00:00
SAO_2021-10,São Paulo,3550308,True,,906,,,-23.5403995,-46.399922000000004,,,,1,2023-06-20T02:34:53+00:00
SAO_2021-10,São Paulo,3550308,True,,906,,,-23.541898500000002,-46.4154965,,,,1,2023-06-20T02:35:28+00:00
SAO_2021-10,São Paulo,3550308,True,,906,,,-23.5443145,-46.389241999999996,,,,1,2023-06-20T02:35:23+00:00
SAO_3785-10,São Paulo,3550308,True,,33831,,,-23.56210475,-46.4461535,,,,2,2023-06-20T02:35:08+00:00
SAO_3785-10,São Paulo,3550308,True,,33831,,,-23.585859,-46.3958255,,,,2,2023-06-20T02:34:56+00:00
SAO_3785-10,São Paulo,3550308,True,,33831,,,-23.5876545,-46.39578525,,,,2,2023-06-20T02:35:34+00:00
SAO_3785-10,São Paulo,3550308,True,,33831,,,-23.54953775,-46.46202675,,,,2,2023-06-20T02:35:09+00:00
SAO_3785-10,São Paulo,3550308,True,,33831,,,-23.590815,-46.4436015,,,,2,2023-06-20T02:35:22+00:00
SAO_3785-10,São Paulo,3550308,True,,33831,,,-23.591703000000003,-46.3941935,,,,2,2023-06-20T02:35:15+00:00
SAO_3785-10,São Paulo,3550308,True,,33831,,,-23.586444999999998,-46.4148215,,,,2,2023-06-20T02:35:11+00:00
SAO_3785-10,São Paulo,3550308,True,,33831,,,-23.5912945,-46.394427500000006,,,,2,2023-06-20T02:35:16+00:00
SAO_3785-10,São Paulo,3550308,True,,33831,,,-23.591703000000003,-46.3941935,,,,2,2023-06-20T02:34:52+00:00
SAO_3785-10,São Paulo,3550308,True,,33831,,,-23.592003,-46.395659249999994,,,,2,2023-06-20T02:35:18+00:00
SAO_6053-10,São Paulo,3550308,True,,1145,,,-23.734681375,-46.694479375,,,,1,2023-06-20T02:35:19+00:00
SAO_6053-10,São Paulo,3550308,True,,1145,,,-23.766856,-46.6620635,,,,1,2023-06-20T02:31:18+00:00
SAO_6053-10,São Paulo,3550308,True,,1145,,,-23.762791,-46.6761115,,,,1,2023-06-20T02:35:10+00:00
SAO_3008-10,São Paulo,3550308,True,,35283,,,-23.5226255,-46.3961015,,,,2,2023-06-20T02:35:00+00:00
SAO_3008-10,São Paulo,3550308,True,,35283,,,-23.52351625,-46.39590125,,,,2,2023-06-20T02:34:57+00:00
SAO_3008-10,São Paulo,3550308,True,,35283,,,-23.52351625,-46.39590125,,,,2,2023-06-20T02:35:17+00:00
SAO_517J-10,São Paulo,3550308,True,,1129,,,-23.6136795,-46.695497,,,,1,2023-06-20T02:35:27+00:00
SAO_517J-10,São Paulo,3550308,True,,1129,,,-23.6902985,-46.6568725,,,,1,2023-06-20T02:35:32+00:00
SAO_517J-10,São Paulo,3550308,True,,1129,,,-23.618282999999998,-46.6990395,,,,1,2023-06-20T02:35:12+00:00
SAO_517J-10,São Paulo,3550308,True,,1129,,,-23.690821999999997,-46.655268,,,,1,2023-06-20T02:35:33+00:00
SAO_517J-10,São Paulo,3550308,True,,1129,,,-23.661351,-46.679339999999996,,,,1,2023-06-20T02:34:53+00:00
SAO_517J-10,São Paulo,3550308,True,,1129,,,-23.671926375,-46.667450249999995,,,,1,2023-06-20T02:35:27+00:00
SAO_3751-10,São Paulo,3550308,True,,1047,,,-23.5654665,-46.418775,,,,1,2023-06-20T02:35:05+00:00
SAO_3751-10,São Paulo,3550308,True,,1047,,,-23.568886499999998,-46.4102,,,,1,2023-06-20T02:35:27+00:00
SAO_3751-10,São Paulo,3550308,True,,1047,,,-23.5642765,-46.4132625,,,,1,2023-06-20T02:35:31+00:00
SAO_3751-10,São Paulo,3550308,True,,1047,,,-23.55918825,-46.421119250000004,,,,1,2023-06-20T02:35:13+00:00
SAO_3751-10,São Paulo,3550308,True,,1047,,,-23.569356,-46.4108985,,,,1,2023-06-20T02:35:06+00:00
SAO_3751-10,São Paulo,3550308,True,,1047,,,-23.562077875,-46.419486625000005,,,,1,2023-06-20T02:35:19+00:00
SAO_3751-10,São Paulo,3550308,True,,1047,,,-23.542175,-46.44922325,,,,1,2023-06-20T02:35:30+00:00
SAO_2175-10,São Paulo,3550308,True,,33465,,,-23.53480225,-46.60037750000001,,,,2,2023-06-20T02:34:54+00:00
SAO_2175-10,São Paulo,3550308,True,,33465,,,-23.474255499999998,-46.56712,,,,2,2023-06-20T02:35:20+00:00
SAO_2175-10,São Paulo,3550308,True,,33465,,,-23.5475055,-46.6302635,,,,2,2023-06-20T02:35:23+00:00
SAO_2100-10,São Paulo,3550308,True,,33481,,,-23.5600605,-46.52151,,,,2,2023-06-20T02:35:18+00:00
SAO_2100-10,São Paulo,3550308,True,,33481,,,-23.5580275,-46.523286999999996,,,,2,2023-06-20T02:34:56+00:00
SAO_2100-10,São Paulo,3550308,True,,33481,,,-23.557861,-46.522673,,,,2,2023-06-20T02:35:16+00:00
SAO_2100-10,São Paulo,3550308,True,,33481,,,-23.557861,-46.522673,,,,2,2023-06-20T02:35:24+00:00
SAO_2100-10,São Paulo,3550308,True,,33481,,,-23.5583985,-46.523131,,,,2,2023-06-20T02:35:36+00:00
SAO_2100-10,São Paulo,3550308,True,,33481,,,-23.566091375,-46.544632875,,,,2,2023-06-20T02:35:04+00:00
SAO_2100-10,São Paulo,3550308,True,,33481,,,-23.551324,-46.63472949999999,,,,2,2023-06-20T02:34:54+00:00
SAO_2100-10,São Paulo,3550308,True,,33481,,,-23.560685375000002,-46.565138,,,,2,2023-06-20T02:34:56+00:00
SAO_2100-10,São Paulo,3550308,True,,33481,,,-23.561888500000002,-46.522258,,,,2,2023-06-20T02:34:59+00:00
SAO_2100-10,São Paulo,3550308,True,,33481,,,-23.5582065,-46.52335050000001,,,,2,2023-06-20T02:35:35+00:00
SAO_2100-10,São Paulo,3550308,True,,33481,,,-23.55305475,-46.614928,,,,2,2023-06-20T02:34:58+00:00
SAO_2100-10,São Paulo,3550308,True,,33481,,,-23.5541755,-46.594163,,,,2,2023-06-20T02:34:54+00:00
SAO_2100-10,São Paulo,3550308,True,,33481,,,-23.558325,-46.523238500000005,,,,2,2023-06-20T02:35:10+00:00
SAO_7022-10,São Paulo,3550308,True,,2084,,,-23.670236,-46.761182500000004,,,,1,2023-06-20T02:35:24+00:00
SAO_7022-10,São Paulo,3550308,True,,2084,,,-23.684780500000002,-46.7757505,,,,1,2023-06-20T02:35:19+00:00
SAO_2709-31,São Paulo,3550308,True,,33691,,,-23.5200645,-46.4798915,,,,2,2023-06-20T02:35:28+00:00
SAO_2709-31,São Paulo,3550308,True,,33691,,,-23.529587499999998,-46.5004265,,,,2,2023-06-20T02:35:25+00:00
SAO_2709-31,São Paulo,3550308,True,,33691,,,-23.5296485,-46.497018999999995,,,,2,2023-06-20T02:34:56+00:00
SAO_2709-31,São Paulo,3550308,True,,33691,,,-23.5200645,-46.4798915,,,,2,2023-06-20T02:35:26+00:00
SAO_7062-10,São Paulo,3550308,True,,1898,,,-23.645670000000003,-46.7712555,,,,1,2023-06-20T02:34:54+00:00
SAO_7062-10,São Paulo,3550308,True,,1898,,,-23.645773,-46.771611500000006,,,,1,2023-06-20T02:35:09+00:00
SAO_7062-10,São Paulo,3550308,True,,1898,,,-23.6312955,-46.773033999999996,,,,1,2023-06-20T02:35:30+00:00
SAO_3789-10,São Paulo,3550308,True,,33835,,,-23.546550250000003,-46.461182,,,,2,2023-06-20T02:34:58+00:00
SAO_3789-10,São Paulo,3550308,True,,33835,,,-23.595904250000004,-46.43729625,,,,2,2023-06-20T02:35:37+00:00
SAO_3789-10,São Paulo,3550308,True,,33835,,,-23.5709435,-46.44690025,,,,2,2023-06-20T02:35:15+00:00
SAO_3789-10,São Paulo,3550308,True,,33835,,,-23.59333025,-46.40648125,,,,2,2023-06-20T02:35:13+00:00
SAO_3789-10,São Paulo,3550308,True,,33835,,,-23.611663,-46.3964115,,,,2,2023-06-20T02:35:21+00:00
SAO_3789-10,São Paulo,3550308,True,,33835,,,-23.5852985,-46.4091875,,,,2,2023-06-20T02:34:58+00:00
SAO_3789-10,São Paulo,3550308,True,,33835,,,-23.5623885,-46.4658285,,,,2,2023-06-20T02:35:01+00:00
SAO_3789-10,São Paulo,3550308,True,,33835,,,-23.579996,-46.411519999999996,,,,2,2023-06-20T02:35:04+00:00
SAO_3789-10,São Paulo,3550308,True,,33835,,,-23.611663,-46.3964115,,,,2,2023-06-20T02:35:23+00:00
SAO_6047-10,São Paulo,3550308,True,,33992,,,-23.668284,-46.763536,,,,2,2023-06-20T02:35:11+00:00
SAO_6047-10,São Paulo,3550308,True,,33992,,,-23.656155499999997,-46.74136075,,,,2,2023-06-20T02:35:17+00:00
SAO_6047-10,São Paulo,3550308,True,,33992,,,-23.659911,-46.761900499999996,,,,2,2023-06-20T02:34:56+00:00
SAO_6047-10,São Paulo,3550308,True,,33992,,,-23.64166925,-46.71504912499999,,,,2,2023-06-20T02:35:24+00:00
SAO_6047-10,São Paulo,3550308,True,,33992,,,-23.668464,-46.7637515,,,,2,2023-06-20T02:35:37+00:00
SAO_6003-21,São Paulo,3550308,True,,35344,,,-23.767827,-46.7165785,,,,2,2023-06-20T02:34:53+00:00
SAO_6003-21,São Paulo,3550308,True,,35344,,,-23.748344875,-46.708523375,,,,2,2023-06-20T02:35:06+00:00
SAO_6003-21,São Paulo,3550308,True,,35344,,,-23.75233525,-46.71105025,,,,2,2023-06-20T02:35:24+00:00
SAO_6003-21,São Paulo,3550308,True,,35344,,,-23.750082499999998,-46.70974,,,,2,2023-06-20T02:35:23+00:00
SAO_2076-10,São Paulo,3550308,True,,368,,,-23.519537999999997,-46.546806000000004,,,,1,2023-06-20T02:35:30+00:00
SAO_2076-10,São Paulo,3550308,True,,368,,,-23.492307500000003,-46.3780985,,,,1,2023-06-20T02:35:31+00:00
SAO_2076-10,São Paulo,3550308,True,,368,,,-23.5196595,-46.546581,,,,1,2023-06-20T02:35:19+00:00
SAO_2076-10,São Paulo,3550308,True,,368,,,-23.494522,-46.425334250000006,,,,1,2023-06-20T02:35:18+00:00
SAO_4288-10,São Paulo,3550308,True,,33058,,,-23.611155,-46.519178499999995,,,,2,2023-06-20T02:35:36+00:00
SAO_4288-10,São Paulo,3550308,True,,33058,,,-23.611155,-46.519178499999995,,,,2,2023-06-20T02:35:30+00:00
SAO_4288-10,São Paulo,3550308,True,,33058,,,-23.59225325,-46.55154974999999,,,,2,2023-06-20T02:35:04+00:00
SAO_4288-10,São Paulo,3550308,True,,33058,,,-23.5473685,-46.629486,,,,2,2023-06-20T02:35:32+00:00
SAO_3462-10,São Paulo,3550308,True,EMTU,247,https://moovitapp.com/index/pt-br/transporte_p%C3%BAblico-line-247-Sao_Paulo-242-2038937-36419359-0,6.55,-23.533921999999997,-46.4563515,,,,1,2023-06-20T02:35:17+00:00
SAO_3462-10,São Paulo,3550308,True,EMTU,247,https://moovitapp.com/index/pt-br/transporte_p%C3%BAblico-line-247-Sao_Paulo-242-2038937-36419359-0,6.55,-23.529806,-46.49673799999999,,,,1,2023-06-20T02:32:59+00:00
SAO_6291-10,São Paulo,3550308,True,,33126,,,-23.63450775,-46.724329499999996,,,,2,2023-06-20T02:35:28+00:00
SAO_6291-10,São Paulo,3550308,True,,33126,,,-23.644193,-46.7669475,,,,2,2023-06-20T02:35:21+00:00
SAO_6291-10,São Paulo,3550308,True,,33126,,,-23.550085,-46.639191999999994,,,,2,2023-06-20T02:35:08+00:00
SAO_6291-10,São Paulo,3550308,True,,33126,,,-23.6390485,-46.743228,,,,2,2023-06-20T02:35:20+00:00
SAO_6291-10,São Paulo,3550308,True,,33126,,,-23.607839,-46.71253075,,,,2,2023-06-20T02:35:06+00:00
SAO_675X-10,São Paulo,3550308,True,EMTU,111,https://moovitapp.com/index/pt-br/transporte_p%C3%BAblico-line-111-Sao_Paulo-242-2038937-36419271-0,5.1,-23.649885249999997,-46.702398,,,,1,2023-06-20T02:35:32+00:00
SAO_675X-10,São Paulo,3550308,True,EMTU,111,https://moovitapp.com/index/pt-br/transporte_p%C3%BAblico-line-111-Sao_Paulo-242-2038937-36419271-0,5.1,-23.737689500000002,-46.697986,,,,1,2023-06-20T02:35:20+00:00
SAO_675X-10,São Paulo,3550308,True,EMTU,111,https://moovitapp.com/index/pt-br/transporte_p%C3%BAblico-line-111-Sao_Paulo-242-2038937-36419271-0,5.1,-23.737689500000002,-46.697986,,,,1,2023-06-20T02:35:16+00:00
SAO_675X-10,São Paulo,3550308,True,EMTU,111,https://moovitapp.com/index/pt-br/transporte_p%C3%BAblico-line-111-Sao_Paulo-242-2038937-36419271-0,5.1,-23.5984794375,-46.65730531250001,,,,1,2023-06-20T02:35:34+00:00
SAO_675X-10,São Paulo,3550308,True,EMTU,111,https://moovitapp.com/index/pt-br/transporte_p%C3%BAblico-line-111-Sao_Paulo-242-2038937-36419271-0,5.1,-23.732001,-46.6976735,,,,1,2023-06-20T02:35:15+00:00
SAO_2058-10,São Paulo,3550308,True,,33027,,,-23.491651,-46.434374500000004,,,,2,2023-06-20T02:35:18+00:00
SAO_2058-10,São Paulo,3550308,True,,33027,,,-23.536617,-46.40406525,,,,2,2023-06-20T02:34:57+00:00
SAO_2058-10,São Paulo,3550308,True,,33027,,,-23.493909000000002,-46.416891500000006,,,,2,2023-06-20T02:34:52+00:00
SAO_637A-22,São Paulo,3550308,True,,34370,,,-23.689531625,-46.77363325,,,,2,2023-06-20T02:35:22+00:00
SAO_637A-22,São Paulo,3550308,True,,34370,,,-23.6886205,-46.77281625,,,,2,2023-06-20T02:35:10+00:00
SAO_637A-22,São Paulo,3550308,True,,34370,,,-23.689531625,-46.77363325,,,,2,2023-06-20T02:35:30+00:00
SAO_8677-10,São Paulo,3550308,True,EMTU,443,https://moovitapp.com/index/pt-br/transporte_p%C3%BAblico-line-443-Sao_Paulo-242-2038937-36419491-0,5.4,-23.521823,-46.718644999999995,,,,1,2023-06-20T02:35:18+00:00
SAO_8677-10,São Paulo,3550308,True,EMTU,443,https://moovitapp.com/index/pt-br/transporte_p%C3%BAblico-line-443-Sao_Paulo-242-2038937-36419491-0,5.4,-23.49111,-46.757212,,,,1,2023-06-20T02:32:56+00:00
SAO_8677-10,São Paulo,3550308,True,EMTU,443,https://moovitapp.com/index/pt-br/transporte_p%C3%BAblico-line-443-Sao_Paulo-242-2038937-36419491-0,5.4,-23.484198,-46.7424105,,,,1,2023-06-20T02:35:35+00:00
SAO_719P-10,São Paulo,3550308,True,,1372,,,-23.562507375,-46.685750875,,,,1,2023-06-20T02:35:27+00:00
SAO_719P-10,São Paulo,3550308,True,,1372,,,-23.5661695,-46.701891,,,,1,2023-06-20T02:35:09+00:00
SAO_719P-10,São Paulo,3550308,True,,1372,,,-23.53506275,-46.644746999999995,,,,1,2023-06-20T02:35:11+00:00
SAO_9012-10,São Paulo,3550308,True,,34036,,,-23.503451,-46.6855185,,,,2,2023-06-20T02:35:01+00:00
SAO_6L04-10,São Paulo,3550308,True,,1180,,,-23.828025500000003,-46.7271865,,,,1,2023-06-20T02:35:17+00:00
SAO_6L04-10,São Paulo,3550308,True,,1180,,,-23.827983,-46.727349000000004,,,,1,2023-06-20T02:35:22+00:00
SAO_6L04-10,São Paulo,3550308,True,,1180,,,-23.866431499999997,-46.752741,,,,1,2023-06-20T02:35:11+00:00
SAO_3743-10,São Paulo,3550308,True,,1043,,,-23.5425225,-46.470603999999994,,,,1,2023-06-20T02:35:11+00:00
SAO_3743-10,São Paulo,3550308,True,,1043,,,-23.58023425,-46.487192750000006,,,,1,2023-06-20T02:35:18+00:00
SAO_3743-10,São Paulo,3550308,True,,1043,,,-23.543105,-46.46927075,,,,1,2023-06-20T02:35:10+00:00
SAO_3743-10,São Paulo,3550308,True,,1043,,,-23.609655125000003,-46.475260625000004,,,,1,2023-06-20T02:35:16+00:00
SAO_3743-10,São Paulo,3550308,True,,1043,,,-23.609655125000003,-46.475260625000004,,,,1,2023-06-20T02:35:25+00:00
SAO_6232-10,São Paulo,3550308,True,,33251,,,-23.54590575,-46.708266,,,,2,2023-06-20T02:35:04+00:00
SAO_7004-10,São Paulo,3550308,True,,34760,,,-23.74156775,-46.8004435,,,,2,2023-06-20T02:35:19+00:00
SAO_7004-10,São Paulo,3550308,True,,34760,,,-23.671093,-46.73451,,,,2,2023-06-20T02:35:28+00:00
SAO_7004-10,São Paulo,3550308,True,,34760,,,-23.735650999999997,-46.788467749999995,,,,2,2023-06-20T02:35:28+00:00
SAO_7004-10,São Paulo,3550308,True,,34760,,,-23.686220499999997,-46.7556565,,,,2,2023-06-20T02:35:34+00:00
SAO_7004-10,São Paulo,3550308,True,,34760,,,-23.655639,-46.722901,,,,2,2023-06-20T02:35:15+00:00
SAO_7004-10,São Paulo,3550308,True,,34760,,,-23.741766,-46.8007565,,,,2,2023-06-20T02:35:11+00:00
SAO_7004-10,São Paulo,3550308,True,,34760,,,-23.689531625,-46.77363325,,,,2,2023-06-20T02:35:15+00:00
SAO_7004-10,São Paulo,3550308,True,,34760,,,-23.741947500000002,-46.801043,,,,2,2023-06-20T02:35:26+00:00
SAO_7004-10,São Paulo,3550308,True,,34760,,,-23.741766,-46.8007565,,,,2,2023-06-20T02:35:00+00:00
SAO_7004-10,São Paulo,3550308,True,,34760,,,-23.703176499999998,-46.7836655,,,,2,2023-06-20T02:35:26+00:00
SAO_7004-10,São Paulo,3550308,True,,34760,,,-23.6557215,-46.723057,,,,2,2023-06-20T02:35:11+00:00
SAO_6820-10,São Paulo,3550308,True,BR7 Mobilidade,19,https://moovitapp.com/index/pt-br/transporte_p%C3%BAblico-line-19-Sao_Paulo-242-851856-516833-0,5.75,-23.653719000000002,-46.762564,,,,1,2023-06-20T02:35:16+00:00
SAO_6820-10,São Paulo,3550308,True,BR7 Mobilidade,19,https://moovitapp.com/index/pt-br/transporte_p%C3%BAblico-line-19-Sao_Paulo-242-851856-516833-0,5.75,-23.666168,-46.788377999999994,,,,1,2023-06-20T02:34:57+00:00
SAO_6820-10,São Paulo,3550308,True,BR7 Mobilidade,19,https://moovitapp.com/index/pt-br/transporte_p%C3%BAblico-line-19-Sao_Paulo-242-851856-516833-0,5.75,-23.659836,-46.7703075,,,,1,2023-06-20T02:35:10+00:00
SAO_5757-51,São Paulo,3550308,True,,1976,,,-23.6358015,-46.6410555,,,,1,2023-06-20T02:35:10+00:00
SAO_5757-51,São Paulo,3550308,True,,1976,,,-23.6358015,-46.6410555,,,,1,2023-06-20T02:35:16+00:00
SAO_5757-51,São Paulo,3550308,True,,1976,,,-23.69396825,-46.645661249999996,,,,1,2023-06-20T02:35:21+00:00
SAO_5757-51,São Paulo,3550308,True,,1976,,,-23.7079895,-46.641386499999996,,,,1,2023-06-20T02:34:54+00:00
SAO_5757-51,São Paulo,3550308,True,,1976,,,-23.7079895,-46.641386499999996,,,,1,2023-06-20T02:35:26+00:00
SAO_5757-51,São Paulo,3550308,True,,1976,,,-23.6683435,-46.651041,,,,1,2023-06-20T02:34:56+00:00
SAO_5757-51,São Paulo,3550308,True,,1976,,,-23.7079895,-46.641386499999996,,,,1,2023-06-20T02:35:18+00:00
SAO_3763-10,São Paulo,3550308,True,,33822,,,-23.5576555,-46.523450499999996,,,,2,2023-06-20T02:35:07+00:00
SAO_3763-10,São Paulo,3550308,True,,33822,,,-23.558019,-46.522945,,,,2,2023-06-20T02:35:00+00:00
SAO_3763-10,São Paulo,3550308,True,,33822,,,-23.540888000000002,-46.576099,,,,2,2023-06-20T02:35:24+00:00
SAO_3763-10,São Paulo,3550308,True,,33822,,,-23.557536749999997,-46.523783249999994,,,,2,2023-06-20T02:35:22+00:00
SAO_3763-10,São Paulo,3550308,True,,33822,,,-23.549329,-46.573431,,,,2,2023-06-20T02:35:25+00:00
SAO_3763-10,São Paulo,3550308,True,,33822,,,-23.5633775,-46.532748,,,,2,2023-06-20T02:35:03+00:00
SAO_3763-10,São Paulo,3550308,True,,33822,,,-23.563381,-46.532614499999994,,,,2,2023-06-20T02:35:03+00:00
SAO_3763-10,São Paulo,3550308,True,,33822,,,-23.5484695,-46.564291499999996,,,,2,2023-06-20T02:34:14+00:00
SAO_3763-10,São Paulo,3550308,True,,33822,,,-23.564642499999998,-46.534282000000005,,,,2,2023-06-20T02:35:14+00:00
SAO_3763-10,São Paulo,3550308,True,,33822,,,-23.568325,-46.5407785,,,,2,2023-06-20T02:34:57+00:00
SAO_6262-10,São Paulo,3550308,True,,1371,,,-23.579705,-46.677246499999995,,,,1,2023-06-20T02:35:26+00:00
SAO_6262-10,São Paulo,3550308,True,,1371,,,-23.5533975,-46.64797,,,,1,2023-06-20T02:35:27+00:00
SAO_6262-10,São Paulo,3550308,True,,1371,,,-23.529834,-46.732059500000005,,,,1,2023-06-20T02:35:27+00:00
SAO_6262-10,São Paulo,3550308,True,,1371,,,-23.5463745,-46.714164999999994,,,,1,2023-06-20T02:35:28+00:00
SAO_6262-10,São Paulo,3550308,True,,1371,,,-23.526703,-46.734849999999994,,,,1,2023-06-20T02:35:32+00:00
SAO_5022-10,São Paulo,3550308,True,,33888,,,-23.672228,-46.638205,,,,2,2023-06-20T02:35:30+00:00
SAO_5022-10,São Paulo,3550308,True,,33888,,,-23.6719005,-46.639337,,,,2,2023-06-20T02:35:36+00:00
SAO_5022-10,São Paulo,3550308,True,,33888,,,-23.6721505,-46.638467,,,,2,2023-06-20T02:34:51+00:00
SAO_5022-10,São Paulo,3550308,True,,33888,,,-23.661137250000003,-46.639731375000004,,,,2,2023-06-20T02:34:57+00:00
SAO_5705-10,São Paulo,3550308,True,,34425,,,-23.5927655,-46.61023925,,,,2,2023-06-20T02:35:01+00:00
SAO_3725-10,São Paulo,3550308,True,,1022,,,-23.536759,-46.526201,,,,1,2023-06-20T02:35:00+00:00
SAO_3725-10,São Paulo,3550308,True,,1022,,,-23.5325795,-46.531303,,,,1,2023-06-20T02:35:04+00:00
SAO_1773-10,São Paulo,3550308,True,,33405,,,-23.48079525,-46.627617,,,,2,2023-06-20T02:35:14+00:00
SAO_1773-10,São Paulo,3550308,True,,33405,,,-23.4821475,-46.6301225,,,,2,2023-06-20T02:35:28+00:00
SAO_1773-10,São Paulo,3550308,True,,33405,,,-23.4786955,-46.6088495,,,,2,2023-06-20T02:35:30+00:00
SAO_1773-10,São Paulo,3550308,True,,33405,,,-23.436823500000003,-46.566249,,,,2,2023-06-20T02:35:06+00:00
SAO_1773-10,São Paulo,3550308,True,,33405,,,-23.439719500000002,-46.587374,,,,2,2023-06-20T02:35:13+00:00
SAO_263J-10,São Paulo,3550308,True,EMTU,219,https://moovitapp.com/index/pt-br/transporte_p%C3%BAblico-line-219-Sao_Paulo-242-2038937-36419341-0,8.55,-23.53539925,-46.45077575,,,,1,2023-06-20T02:35:23+00:00
SAO_263J-10,São Paulo,3550308,True,EMTU,219,https://moovitapp.com/index/pt-br/transporte_p%C3%BAblico-line-219-Sao_Paulo-242-2038937-36419341-0,8.55,-23.52177,-46.5257795,,,,1,2023-06-20T02:35:08+00:00
SAO_263J-10,São Paulo,3550308,True,EMTU,219,https://moovitapp.com/index/pt-br/transporte_p%C3%BAblico-line-219-Sao_Paulo-242-2038937-36419341-0,8.55,-23.5502825,-46.430747,,,,1,2023-06-20T02:35:35+00:00
SAO_263J-10,São Paulo,3550308,True,EMTU,219,https://moovitapp.com/index/pt-br/transporte_p%C3%BAblico-line-219-Sao_Paulo-242-2038937-36419341-0,8.55,-23.54970875,-46.43107325,,,,1,2023-06-20T02:35:28+00:00
SAO_263J-10,São Paulo,3550308,True,EMTU,219,https://moovitapp.com/index/pt-br/transporte_p%C3%BAblico-line-219-Sao_Paulo-242-2038937-36419341-0,8.55,-23.508437,-46.494011,,,,1,2023-06-20T02:35:07+00:00
SAO_263J-10,São Paulo,3550308,True,EMTU,219,https://moovitapp.com/index/pt-br/transporte_p%C3%BAblico-line-219-Sao_Paulo-242-2038937-36419341-0,8.55,-23.536119,-46.467433,,,,1,2023-06-20T02:35:05+00:00
SAO_958P-10,São Paulo,3550308,True,,33233,,,-23.480489,-46.758402000000004,,,,2,2023-06-20T02:35:05+00:00
SAO_958P-10,São Paulo,3550308,True,,33233,,,-23.4802775,-46.758544,,,,2,2023-06-20T02:34:56+00:00
SAO_958P-10,São Paulo,3550308,True,,33233,,,-23.480489,-46.758402000000004,,,,2,2023-06-20T02:34:58+00:00
SAO_958P-10,São Paulo,3550308,True,,33233,,,-23.553587,-46.7088265,,,,2,2023-06-20T02:35:19+00:00
SAO_958P-10,São Paulo,3550308,True,,33233,,,-23.483818,-46.753556,,,,2,2023-06-20T02:34:59+00:00
SAO_5036-10,São Paulo,3550308,True,,1666,,,-23.651166500000002,-46.6143845,,,,1,2023-06-20T02:35:05+00:00
SAO_5036-10,São Paulo,3550308,True,,1666,,,-23.6572295,-46.613479999999996,,,,1,2023-06-20T02:35:04+00:00
SAO_5036-10,São Paulo,3550308,True,,1666,,,-23.6370615,-46.60746,,,,1,2023-06-20T02:35:21+00:00
SAO_5036-10,São Paulo,3550308,True,,1666,,,-23.6571055,-46.613468999999995,,,,1,2023-06-20T02:35:18+00:00
SAO_5034-10,São Paulo,3550308,True,,34431,,,-23.652146000000002,-46.601690500000004,,,,2,2023-06-20T02:35:04+00:00
SAO_5034-10,São Paulo,3550308,True,,34431,,,-23.6367825,-46.5968265,,,,2,2023-06-20T02:35:13+00:00
SAO_5034-10,São Paulo,3550308,True,,34431,,,-23.652486500000002,-46.601986999999994,,,,2,2023-06-20T02:35:11+00:00
SAO_1015-10,São Paulo,3550308,True,,34998,,,-23.4318903125,-46.786874375,,,,2,2023-06-20T02:34:55+00:00
SAO_3773-10,São Paulo,3550308,True,,1059,,,-23.5967355,-46.475010624999996,,,,1,2023-06-20T02:35:16+00:00
SAO_3773-10,São Paulo,3550308,True,,1059,,,-23.615671,-46.4641235,,,,1,2023-06-20T02:35:00+00:00
SAO_3773-10,São Paulo,3550308,True,,1059,,,-23.537869125,-46.563317375000004,,,,1,2023-06-20T02:34:58+00:00
SAO_3773-10,São Paulo,3550308,True,,1059,,,-23.5438925,-46.530433,,,,1,2023-06-20T02:35:27+00:00
SAO_3773-10,São Paulo,3550308,True,,1059,,,-23.537675999999998,-46.562360562500004,,,,1,2023-06-20T02:35:05+00:00
SAO_3773-10,São Paulo,3550308,True,,1059,,,-23.5380945,-46.564400750000004,,,,1,2023-06-20T02:35:13+00:00
SAO_1020-10,São Paulo,3550308,True,,2497,,,-23.452333,-46.718677,,,,1,2023-06-20T02:35:28+00:00
SAO_1020-10,São Paulo,3550308,True,,2497,,,-23.40665025,-46.755919750000004,,,,1,2023-06-20T02:35:16+00:00
SAO_1020-10,São Paulo,3550308,True,,2497,,,-23.4878155,-46.718052,,,,1,2023-06-20T02:35:37+00:00
SAO_1020-10,São Paulo,3550308,True,,2497,,,-23.410570999999997,-46.7636235,,,,1,2023-06-20T02:35:12+00:00
SAO_1020-10,São Paulo,3550308,True,,2497,,,-23.4838895,-46.722545499999995,,,,1,2023-06-20T02:35:07+00:00
SAO_6L01-10,São Paulo,3550308,True,,33939,,,-23.90679,-46.708217000000005,,,,2,2023-06-20T02:35:25+00:00
SAO_6L01-10,São Paulo,3550308,True,,33939,,,-23.824503,-46.734706,,,,2,2023-06-20T02:35:07+00:00
SAO_6L01-10,São Paulo,3550308,True,,33939,,,-23.90679,-46.708217000000005,,,,2,2023-06-20T02:35:33+00:00
SAO_6L01-10,São Paulo,3550308,True,,33939,,,-23.8389125,-46.734418500000004,,,,2,2023-06-20T02:35:29+00:00
SAO_6L01-10,São Paulo,3550308,True,,33939,,,-23.788642,-46.72653612500001,,,,2,2023-06-20T02:35:14+00:00
SAO_6L01-10,São Paulo,3550308,True,,33939,,,-23.88641775,-46.73180525,,,,2,2023-06-20T02:35:20+00:00
SAO_3023-10,São Paulo,3550308,True,,33728,,,-23.563912000000002,-46.5052585,,,,2,2023-06-20T02:34:55+00:00
SAO_3023-10,São Paulo,3550308,True,,33728,,,-23.580977,-46.499053,,,,2,2023-06-20T02:35:11+00:00
SAO_3023-10,São Paulo,3550308,True,,33728,,,-23.612961000000002,-46.4755985,,,,2,2023-06-20T02:35:23+00:00
SAO_3023-10,São Paulo,3550308,True,,33728,,,-23.563912000000002,-46.5052585,,,,2,2023-06-20T02:35:01+00:00
SAO_6821-10,São Paulo,3550308,True,,32789,,,-23.686469000000002,-46.780176,,,,2,2023-06-20T02:35:30+00:00
SAO_6821-10,São Paulo,3550308,True,,32789,,,-23.658908500000003,-46.7658775,,,,2,2023-06-20T02:35:20+00:00
SAO_6821-10,São Paulo,3550308,True,,32789,,,-23.674898,-46.773841499999996,,,,2,2023-06-20T02:34:54+00:00
SAO_6821-10,São Paulo,3550308,True,,32789,,,-23.686324,-46.7810235,,,,2,2023-06-20T02:35:12+00:00
SAO_5030-10,São Paulo,3550308,True,,1669,,,-23.637443,-46.5946815,,,,1,2023-06-20T02:35:03+00:00
SAO_5031-10,São Paulo,3550308,True,,1746,,,-23.623089625,-46.59132425,,,,1,2023-06-20T02:35:07+00:00
SAO_5031-10,São Paulo,3550308,True,,1746,,,-23.631518999999997,-46.58502,,,,1,2023-06-20T02:35:17+00:00
SAO_5031-10,São Paulo,3550308,True,,1746,,,-23.6189825,-46.59252075,,,,1,2023-06-20T02:34:53+00:00
SAO_5031-10,São Paulo,3550308,True,,1746,,,-23.611967999999997,-46.594866499999995,,,,1,2023-06-20T02:35:24+00:00
SAO_5031-10,São Paulo,3550308,True,,1746,,,-23.637415,-46.592847500000005,,,,1,2023-06-20T02:35:21+00:00
SAO_524M-10,São Paulo,3550308,True,,1631,,,-23.565213,-46.5086535,,,,1,2023-06-20T02:35:20+00:00
SAO_524M-10,São Paulo,3550308,True,,1631,,,-23.619445,-46.495205,,,,1,2023-06-20T02:35:35+00:00
SAO_524M-10,São Paulo,3550308,True,,1631,,,-23.599545499999998,-46.49888,,,,1,2023-06-20T02:35:17+00:00
SAO_524M-10,São Paulo,3550308,True,,1631,,,-23.5641745,-46.505159,,,,1,2023-06-20T02:35:35+00:00
SAO_524M-10,São Paulo,3550308,True,,1631,,,-23.613637,-46.50147,,,,1,2023-06-20T02:35:34+00:00
SAO_524M-10,São Paulo,3550308,True,,1631,,,-23.613491500000002,-46.495283,,,,1,2023-06-20T02:34:57+00:00
SAO_524M-10,São Paulo,3550308,True,,1631,,,-23.5903785,-46.506029875,,,,1,2023-06-20T02:35:00+00:00
SAO_524M-10,São Paulo,3550308,True,,1631,,,-23.586772500000002,-46.517243,,,,1,2023-06-20T02:35:04+00:00
SAO_6013-10,São Paulo,3550308,True,,186,,,-23.699237,-46.763135000000005,,,,1,2023-06-20T02:35:32+00:00
SAO_6013-10,São Paulo,3550308,True,,186,,,-23.699185,-46.7630965,,,,1,2023-06-20T02:35:21+00:00
SAO_6013-10,São Paulo,3550308,True,,186,,,-23.66259625,-46.7369195,,,,1,2023-06-20T02:35:25+00:00
SAO_6013-10,São Paulo,3550308,True,,186,,,-23.654091,-46.711929999999995,,,,1,2023-06-20T02:35:33+00:00
SAO_6013-10,São Paulo,3550308,True,,186,,,-23.6865455,-46.770838999999995,,,,1,2023-06-20T02:31:06+00:00
SAO_695D-10,São Paulo,3550308,True,,32882,,,-23.734894250000004,-46.6819525,,,,2,2023-06-20T02:35:01+00:00
SAO_695D-10,São Paulo,3550308,True,,32882,,,-23.716872000000002,-46.6892905,,,,2,2023-06-20T02:35:02+00:00
SAO_695D-10,São Paulo,3550308,True,,32882,,,-23.6490355,-46.6616475,,,,2,2023-06-20T02:35:11+00:00
SAO_695D-10,São Paulo,3550308,True,,32882,,,-23.7332185,-46.676162500000004,,,,2,2023-06-20T02:34:55+00:00
SAO_695D-10,São Paulo,3550308,True,,32882,,,-23.702033125,-46.701718875,,,,2,2023-06-20T02:35:10+00:00
SAO_695D-10,São Paulo,3550308,True,,32882,,,-23.7329935,-46.676147,,,,2,2023-06-20T02:35:06+00:00
SAO_3301-10,São Paulo,3550308,True,,1618,,,-23.5143355,-46.53614625,,,,1,2023-06-20T02:35:36+00:00
SAO_3301-10,São Paulo,3550308,True,,1618,,,-23.5358085,-46.5711795,,,,1,2023-06-20T02:35:07+00:00
SAO_6043-10,São Paulo,3550308,True,,1220,,,-23.6492395,-46.73245,,,,1,2023-06-20T02:35:07+00:00
SAO_6043-10,São Paulo,3550308,True,,1220,,,-23.654935000000002,-46.715513625,,,,1,2023-06-20T02:35:21+00:00
SAO_6043-10,São Paulo,3550308,True,,1220,,,-23.654738000000002,-46.753506,,,,1,2023-06-20T02:35:21+00:00
SAO_6043-10,São Paulo,3550308,True,,1220,,,-23.660353999999998,-46.754538999999994,,,,1,2023-06-20T02:35:10+00:00
SAO_6031-10,São Paulo,3550308,True,,32860,,,-23.741431499999997,-46.6983105,,,,2,2023-06-20T02:35:21+00:00
SAO_3766-10,São Paulo,3550308,True,,33823,,,-23.553821499999998,-46.428109,,,,2,2023-06-20T02:35:21+00:00
SAO_3766-10,São Paulo,3550308,True,,33823,,,-23.553821499999998,-46.428109,,,,2,2023-06-20T02:35:22+00:00
SAO_3766-10,São Paulo,3550308,True,,33823,,,-23.5303865,-46.444354000000004,,,,2,2023-06-20T02:35:20+00:00
SAO_3766-10,São Paulo,3550308,True,,33823,,,-23.54312575,-46.439225625,,,,2,2023-06-20T02:35:06+00:00
SAO_3766-10,São Paulo,3550308,True,,33823,,,-23.555307499999998,-46.436133,,,,2,2023-06-20T02:35:35+00:00
SAO_6455-10,São Paulo,3550308,True,,32831,,,-23.654660999999997,-46.7609705,,,,2,2023-06-20T02:34:57+00:00
SAO_6455-10,São Paulo,3550308,True,,32831,,,-23.6542305,-46.7623055,,,,2,2023-06-20T02:34:54+00:00
SAO_6455-10,São Paulo,3550308,True,,32831,,,-23.57514,-46.641556,,,,2,2023-06-20T02:35:34+00:00
SAO_6455-10,São Paulo,3550308,True,,32831,,,-23.654501,-46.76131049999999,,,,2,2023-06-20T02:31:53+00:00
SAO_6455-10,São Paulo,3550308,True,,32831,,,-23.64319975,-46.7005215,,,,2,2023-06-20T02:35:29+00:00
SAO_5106-21,São Paulo,3550308,True,,1972,,,-23.678149,-46.629804500000006,,,,1,2023-06-20T02:35:00+00:00
SAO_5106-21,São Paulo,3550308,True,,1972,,,-23.691917500000002,-46.658305999999996,,,,1,2023-06-20T02:35:23+00:00
SAO_5106-21,São Paulo,3550308,True,,1972,,,-23.599323,-46.680435,,,,1,2023-06-20T02:35:25+00:00
SAO_5106-21,São Paulo,3550308,True,,1972,,,-23.627574000000003,-46.641186000000005,,,,1,2023-06-20T02:34:52+00:00
SAO_5106-21,São Paulo,3550308,True,,1972,,,-23.5988225,-46.691124,,,,1,2023-06-20T02:35:06+00:00
SAO_5106-21,São Paulo,3550308,True,,1972,,,-23.606573125,-46.656084250000006,,,,1,2023-06-20T02:35:17+00:00
SAO_6063-10,São Paulo,3550308,True,,33920,,,-23.783673,-46.6827105,,,,2,2023-06-20T02:35:18+00:00
SAO_6063-10,São Paulo,3550308,True,,33920,,,-23.7856095,-46.6841835,,,,2,2023-06-20T02:35:27+00:00
SAO_6063-10,São Paulo,3550308,True,,33920,,,-23.767560000000003,-46.7161905,,,,2,2023-06-20T02:35:06+00:00
SAO_6063-10,São Paulo,3550308,True,,33920,,,-23.776175000000002,-46.69686,,,,2,2023-06-20T02:34:58+00:00
SAO_6063-10,São Paulo,3550308,True,,33920,,,-23.784859,-46.6834355,,,,2,2023-06-20T02:35:02+00:00
SAO_6063-10,São Paulo,3550308,True,,33920,,,-23.783823750000003,-46.68278600000001,,,,2,2023-06-20T02:35:36+00:00
SAO_6063-10,São Paulo,3550308,True,,33920,,,-23.783673,-46.6827105,,,,2,2023-06-20T02:35:19+00:00
SAO_6063-10,São Paulo,3550308,True,,33920,,,-23.783673,-46.6827105,,,,2,2023-06-20T02:35:01+00:00
SAO_2709-10,São Paulo,3550308,True,,922,,,-23.530649,-46.484669,,,,1,2023-06-20T02:35:21+00:00
SAO_2709-10,São Paulo,3550308,True,,922,,,-23.520810375,-46.481468750000005,,,,1,2023-06-20T02:35:17+00:00
SAO_637P-10,São Paulo,3550308,True,,47,,,-23.59134725,-46.67257425,,,,1,2023-06-20T02:35:09+00:00
SAO_637P-10,São Paulo,3550308,True,,47,,,-23.5850205,-46.68194475,,,,1,2023-06-20T02:34:35+00:00
SAO_637P-10,São Paulo,3550308,True,,47,,,-23.6541465,-46.711351,,,,1,2023-06-20T02:35:06+00:00
SAO_637P-10,São Paulo,3550308,True,,47,,,-23.6269675,-46.6877395,,,,1,2023-06-20T02:34:55+00:00
SAO_637P-10,São Paulo,3550308,True,,47,,,-23.6541465,-46.711351,,,,1,2023-06-20T02:35:36+00:00
SAO_637P-10,São Paulo,3550308,True,,47,,,-23.6541465,-46.711351,,,,1,2023-06-20T02:35:22+00:00
SAO_637P-10,São Paulo,3550308,True,,47,,,-23.6541465,-46.711351,,,,1,2023-06-20T02:34:53+00:00
SAO_637P-10,São Paulo,3550308,True,,47,,,-23.565806000000002,-46.7018425,,,,1,2023-06-20T02:34:57+00:00
SAO_637P-10,São Paulo,3550308,True,,47,,,-23.6541465,-46.711351,,,,1,2023-06-20T02:35:11+00:00
SAO_7049-10,São Paulo,3550308,True,,34680,,,-23.7065485,-46.7843755,,,,2,2023-06-20T02:35:38+00:00
SAO_7049-10,São Paulo,3550308,True,,34680,,,-23.711143749999998,-46.778219750000005,,,,2,2023-06-20T02:35:25+00:00
SAO_7049-10,São Paulo,3550308,True,,34680,,,-23.7115665,-46.7780305,,,,2,2023-06-20T02:34:59+00:00
SAO_7049-10,São Paulo,3550308,True,,34680,,,-23.6315095,-46.772093,,,,2,2023-06-20T02:35:10+00:00
SAO_7049-10,São Paulo,3550308,True,,34680,,,-23.71138725,-46.77812725,,,,2,2023-06-20T02:35:28+00:00
SAO_7049-10,São Paulo,3550308,True,,34680,,,-23.71138725,-46.77812725,,,,2,2023-06-20T02:35:09+00:00
SAO_7049-10,São Paulo,3550308,True,,34680,,,-23.711143749999998,-46.778219750000005,,,,2,2023-06-20T02:35:32+00:00
SAO_7049-10,São Paulo,3550308,True,,34680,,,-23.66557675,-46.78298225,,,,2,2023-06-20T02:34:52+00:00
SAO_7049-10,São Paulo,3550308,True,,34680,,,-23.693933,-46.7796675,,,,2,2023-06-20T02:35:00+00:00
SAO_2203-10,São Paulo,3550308,True,,33679,,,-23.52783025,-46.500335750000005,,,,2,2023-06-20T02:34:39+00:00
SAO_2203-10,São Paulo,3550308,True,,33679,,,-23.520574500000002,-46.484283500000004,,,,2,2023-06-20T02:35:05+00:00
SAO_311C-10,São Paulo,3550308,True,EMTU,309,https://moovitapp.com/index/pt-br/transporte_p%C3%BAblico-line-309-Sao_Paulo-242-2038937-36419401-0,7.5,-23.535517375,-46.6171455,,,,1,2023-06-20T02:35:35+00:00
SAO_311C-10,São Paulo,3550308,True,EMTU,309,https://moovitapp.com/index/pt-br/transporte_p%C3%BAblico-line-309-Sao_Paulo-242-2038937-36419401-0,7.5,-23.596139,-46.556452,,,,1,2023-06-20T02:35:31+00:00
SAO_6016-10,São Paulo,3550308,True,,84,,,-23.746861000000003,-46.6879175,,,,1,2023-06-20T02:34:54+00:00
SAO_6016-10,São Paulo,3550308,True,,84,,,-23.737090000000002,-46.697100000000006,,,,1,2023-06-20T02:31:02+00:00
SAO_6016-10,São Paulo,3550308,True,,84,,,-23.768417749999998,-46.68575075,,,,1,2023-06-20T02:35:10+00:00
SAO_6016-10,São Paulo,3550308,True,,84,,,-23.7716985,-46.6731285,,,,1,2023-06-20T02:35:02+00:00
SAO_2626-10,São Paulo,3550308,True,,33144,,,-23.533928500000002,-46.5664155,,,,2,2023-06-20T02:30:30+00:00
SAO_2626-10,São Paulo,3550308,True,,33144,,,-23.53601675,-46.5862195,,,,2,2023-06-20T02:35:18+00:00
SAO_2626-10,São Paulo,3550308,True,,33144,,,-23.500211,-46.4112635,,,,2,2023-06-20T02:35:16+00:00
SAO_2626-10,São Paulo,3550308,True,,33144,,,-23.5235135,-46.410546499999995,,,,2,2023-06-20T02:35:32+00:00
SAO_2626-10,São Paulo,3550308,True,,33144,,,-23.497112,-46.41122625,,,,2,2023-06-20T02:34:19+00:00
SAO_2626-10,São Paulo,3550308,True,,33144,,,-23.5237645,-46.410553500000006,,,,2,2023-06-20T02:35:08+00:00
SAO_2626-10,São Paulo,3550308,True,,33144,,,-23.539212,-46.608181,,,,2,2023-06-20T02:35:29+00:00
SAO_4314-10,São Paulo,3550308,True,,2174,,,-23.5502525,-46.4316045,,,,1,2023-06-20T02:35:02+00:00
SAO_4314-10,São Paulo,3550308,True,,2174,,,-23.54645675,-46.629903999999996,,,,1,2023-06-20T02:35:32+00:00
SAO_4314-10,São Paulo,3550308,True,,2174,,,-23.5460165,-46.6301705,,,,1,2023-06-20T02:35:15+00:00
SAO_4314-10,São Paulo,3550308,True,,2174,,,-23.5401775,-46.5409015,,,,1,2023-06-20T02:35:24+00:00
SAO_4314-10,São Paulo,3550308,True,,2174,,,-23.574154999999998,-46.398071,,,,1,2023-06-20T02:35:24+00:00
SAO_877T-10,São Paulo,3550308,True,,1381,,,-23.568013375,-46.64866325,,,,1,2023-06-20T02:35:09+00:00
SAO_877T-10,São Paulo,3550308,True,,1381,,,-23.523931750000003,-46.688314875,,,,1,2023-06-20T02:35:24+00:00
SAO_6026-10,São Paulo,3550308,True,,32855,,,-23.749156999999997,-46.702899,,,,2,2023-06-20T02:35:36+00:00
SAO_6026-10,São Paulo,3550308,True,,32855,,,-23.748841,-46.703187,,,,2,2023-06-20T02:35:02+00:00
SAO_6026-10,São Paulo,3550308,True,,32855,,,-23.67597575,-46.695347375,,,,2,2023-06-20T02:35:05+00:00
SAO_6026-10,São Paulo,3550308,True,,32855,,,-23.748841,-46.703187,,,,2,2023-06-20T02:35:19+00:00
SAO_6026-10,São Paulo,3550308,True,,32855,,,-23.7025395,-46.6911665,,,,2,2023-06-20T02:35:05+00:00
SAO_6026-10,São Paulo,3550308,True,,32855,,,-23.748356,-46.703650999999994,,,,2,2023-06-20T02:35:09+00:00
SAO_6026-10,São Paulo,3550308,True,,32855,,,-23.653819499999997,-46.7069125,,,,2,2023-06-20T02:35:04+00:00
SAO_874C-10,São Paulo,3550308,True,,33245,,,-23.537165,-46.721827000000005,,,,2,2023-06-20T02:35:35+00:00
SAO_874C-10,São Paulo,3550308,True,,33245,,,-23.546825,-46.7609525,,,,2,2023-06-20T02:35:10+00:00
SAO_874C-10,São Paulo,3550308,True,,33245,,,-23.559906624999996,-46.6581005,,,,2,2023-06-20T02:35:25+00:00
SAO_874C-10,São Paulo,3550308,True,,33245,,,-23.546825,-46.7609525,,,,2,2023-06-20T02:35:29+00:00
SAO_874C-10,São Paulo,3550308,True,,33245,,,-23.5495815,-46.6827435,,,,2,2023-06-20T02:35:23+00:00
SAO_874C-10,São Paulo,3550308,True,,33245,,,-23.542930375,-46.731735625,,,,2,2023-06-20T02:34:56+00:00
SAO_278A-10,São Paulo,3550308,True,,706,,,-23.511994375,-46.529165,,,,1,2023-06-20T02:35:26+00:00
SAO_278A-10,São Paulo,3550308,True,,706,,,-23.515002374999998,-46.6252345,,,,1,2023-06-20T02:35:17+00:00
SAO_278A-10,São Paulo,3550308,True,,706,,,-23.533329000000002,-46.564655,,,,1,2023-06-20T02:34:34+00:00
SAO_278A-10,São Paulo,3550308,True,,706,,,-23.5077785,-46.525954999999996,,,,1,2023-06-20T02:35:28+00:00
SAO_278A-10,São Paulo,3550308,True,,706,,,-23.5077475,-46.525870999999995,,,,1,2023-06-20T02:35:35+00:00
SAO_278A-10,São Paulo,3550308,True,,706,,,-23.507752,-46.5257085,,,,1,2023-06-20T02:35:26+00:00
SAO_4735-10,São Paulo,3550308,True,,1110,,,-23.612118000000002,-46.47348,,,,1,2023-06-20T02:35:18+00:00
SAO_4735-10,São Paulo,3550308,True,,1110,,,-23.6191365,-46.472797,,,,1,2023-06-20T02:35:26+00:00
SAO_4726-10,São Paulo,3550308,True,,1680,,,-23.563505,-46.591331499999995,,,,1,2023-06-20T02:35:02+00:00
SAO_4726-10,São Paulo,3550308,True,,1680,,,-23.563505,-46.591331499999995,,,,1,2023-06-20T02:35:32+00:00
SAO_4726-10,São Paulo,3550308,True,,1680,,,-23.563505,-46.591331499999995,,,,1,2023-06-20T02:35:33+00:00
SAO_4726-10,São Paulo,3550308,True,,1680,,,-23.54091,-46.576207,,,,1,2023-06-20T02:35:23+00:00
SAO_4726-10,São Paulo,3550308,True,,1680,,,-23.563505,-46.591331499999995,,,,1,2023-06-20T02:35:20+00:00
SAO_4726-10,São Paulo,3550308,True,,1680,,,-23.56816875,-46.580706,,,,1,2023-06-20T02:35:14+00:00
SAO_4726-10,São Paulo,3550308,True,,1680,,,-23.5409625,-46.5764615,,,,1,2023-06-20T02:35:19+00:00
SAO_4726-10,São Paulo,3550308,True,,1680,,,-23.561158499999998,-46.58434025,,,,1,2023-06-20T02:35:14+00:00
SAO_2059-10,São Paulo,3550308,True,,33028,,,-23.5245015,-46.4183235,,,,2,2023-06-20T02:35:08+00:00
SAO_2059-10,São Paulo,3550308,True,,33028,,,-23.491016,-46.441969,,,,2,2023-06-20T02:35:36+00:00
SAO_2059-10,São Paulo,3550308,True,,33028,,,-23.511846,-46.4320975,,,,2,2023-06-20T02:35:12+00:00
SAO_2059-10,São Paulo,3550308,True,,33028,,,-23.4910545,-46.441593999999995,,,,2,2023-06-20T02:35:28+00:00
SAO_2059-10,São Paulo,3550308,True,,33028,,,-23.491044000000002,-46.4416915,,,,2,2023-06-20T02:35:16+00:00
SAO_2059-10,São Paulo,3550308,True,,33028,,,-23.541999750000002,-46.412657749999994,,,,2,2023-06-20T02:30:50+00:00
SAO_2059-10,São Paulo,3550308,True,,33028,,,-23.4909965,-46.442163,,,,2,2023-06-20T02:34:52+00:00
SAO_407W-10,São Paulo,3550308,True,,34972,,,-23.538406000000002,-46.562954,,,,2,2023-06-20T02:34:54+00:00
SAO_407W-10,São Paulo,3550308,True,,34972,,,-23.58958175,-46.50089925,,,,2,2023-06-20T02:35:35+00:00
SAO_5632-10,São Paulo,3550308,True,,32849,,,-23.6850895,-46.714585,,,,2,2023-06-20T02:35:29+00:00
SAO_5632-10,São Paulo,3550308,True,,32849,,,-23.583121750000004,-46.65512475,,,,2,2023-06-20T02:34:55+00:00
SAO_5632-10,São Paulo,3550308,True,,32849,,,-23.7379495,-46.7091505,,,,2,2023-06-20T02:35:14+00:00
SAO_5632-10,São Paulo,3550308,True,,32849,,,-23.737796,-46.7091785,,,,2,2023-06-20T02:35:13+00:00
SAO_5632-10,São Paulo,3550308,True,,32849,,,-23.737796,-46.7091785,,,,2,2023-06-20T02:35:23+00:00
SAO_5632-10,São Paulo,3550308,True,,32849,,,-23.719167,-46.7020645,,,,2,2023-06-20T02:35:31+00:00
SAO_5632-10,São Paulo,3550308,True,,32849,,,-23.644555000000004,-46.701621375,,,,2,2023-06-20T02:35:32+00:00
SAO_5632-10,São Paulo,3550308,True,,32849,,,-23.722723000000002,-46.702591999999996,,,,2,2023-06-20T02:35:25+00:00
SAO_3796-10,São Paulo,3550308,True,,1074,,,-23.5881005,-46.4466185,,,,1,2023-06-20T02:35:11+00:00
SAO_3796-10,São Paulo,3550308,True,,1074,,,-23.5881005,-46.4466185,,,,1,2023-06-20T02:34:52+00:00
SAO_3796-10,São Paulo,3550308,True,,1074,,,-23.587649,-46.4472035,,,,1,2023-06-20T02:34:56+00:00
SAO_3796-10,São Paulo,3550308,True,,1074,,,-23.58890775,-46.446842125,,,,1,2023-06-20T02:35:23+00:00
SAO_3796-10,São Paulo,3550308,True,,1074,,,-23.5666145,-46.465301,,,,1,2023-06-20T02:35:35+00:00
SAO_4092-10,São Paulo,3550308,True,,34644,,,-23.5886655,-46.42064875,,,,2,2023-06-20T02:35:10+00:00
SAO_4092-10,São Paulo,3550308,True,,34644,,,-23.5829765,-46.40796,,,,2,2023-06-20T02:35:24+00:00
SAO_4092-10,São Paulo,3550308,True,,34644,,,-23.582943,-46.408454,,,,2,2023-06-20T02:35:06+00:00
SAO_372U-10,São Paulo,3550308,True,,1016,,,-23.562579,-46.5599235,,,,1,2023-06-20T02:35:17+00:00
SAO_372U-10,São Paulo,3550308,True,,1016,,,-23.541065,-46.576965,,,,1,2023-06-20T02:35:12+00:00
SAO_372U-10,São Paulo,3550308,True,,1016,,,-23.5564715,-46.537433,,,,1,2023-06-20T02:35:34+00:00
SAO_372U-10,São Paulo,3550308,True,,1016,,,-23.5564715,-46.537433,,,,1,2023-06-20T02:35:29+00:00
SAO_372U-10,São Paulo,3550308,True,,1016,,,-23.5564715,-46.537433,,,,1,2023-06-20T02:35:34+00:00
SAO_372U-10,São Paulo,3550308,True,,1016,,,-23.556533,-46.537621625,,,,1,2023-06-20T02:35:13+00:00
SAO_372U-10,São Paulo,3550308,True,,1016,,,-23.5564715,-46.537433,,,,1,2023-06-20T02:35:11+00:00
SAO_372U-10,São Paulo,3550308,True,,1016,,,-23.553599,-46.5689925,,,,1,2023-06-20T02:35:18+00:00
SAO_372U-10,São Paulo,3550308,True,,1016,,,-23.5564715,-46.537433,,,,1,2023-06-20T02:34:58+00:00
SAO_2007-10,São Paulo,3550308,True,,896,,,-23.49883,-46.3841525,,,,1,2023-06-20T02:33:59+00:00
SAO_2007-10,São Paulo,3550308,True,,896,,,-23.494236,-46.4016385,,,,1,2023-06-20T02:35:20+00:00
SAO_208M-10,São Paulo,3550308,True,,35246,,,-23.50162425,-46.62357300000001,,,,2,2023-06-20T02:35:31+00:00
SAO_208M-10,São Paulo,3550308,True,,35246,,,-23.502214000000002,-46.6235875,,,,2,2023-06-20T02:34:54+00:00
SAO_208M-10,São Paulo,3550308,True,,35246,,,-23.538243,-46.663827,,,,2,2023-06-20T02:35:07+00:00
SAO_208M-10,São Paulo,3550308,True,,35246,,,-23.567552999999997,-46.694711999999996,,,,2,2023-06-20T02:35:19+00:00
SAO_208M-10,São Paulo,3550308,True,,35246,,,-23.504210999999998,-46.62717475,,,,2,2023-06-20T02:35:11+00:00
SAO_1701-10,São Paulo,3550308,True,,33613,,,-23.447695250000002,-46.576127125,,,,2,2023-06-20T02:35:06+00:00
SAO_1701-10,São Paulo,3550308,True,,33613,,,-23.49478325,-46.61174025,,,,2,2023-06-20T02:35:07+00:00
SAO_1701-10,São Paulo,3550308,True,,33613,,,-23.486609,-46.608551500000004,,,,2,2023-06-20T02:34:55+00:00
SAO_1701-10,São Paulo,3550308,True,,33613,,,-23.504054125000003,-46.624669499999996,,,,2,2023-06-20T02:34:55+00:00
SAO_1701-10,São Paulo,3550308,True,,33613,,,-23.4567835,-46.58485,,,,2,2023-06-20T02:35:37+00:00
SAO_1701-10,São Paulo,3550308,True,,33613,,,-23.447903750000002,-46.57596337499999,,,,2,2023-06-20T02:35:14+00:00
SAO_1701-10,São Paulo,3550308,True,,33613,,,-23.447695250000002,-46.576127125,,,,2,2023-06-20T02:35:25+00:00
SAO_178T-10,São Paulo,3550308,True,,33333,,,-23.53098,-46.734971,,,,2,2023-06-20T02:35:14+00:00
SAO_178T-10,São Paulo,3550308,True,,33333,,,-23.53098,-46.734971,,,,2,2023-06-20T02:35:30+00:00
SAO_178T-10,São Paulo,3550308,True,,33333,,,-23.504377124999998,-46.681427375,,,,2,2023-06-20T02:35:21+00:00
SAO_178T-10,São Paulo,3550308,True,,33333,,,-23.53098,-46.734971,,,,2,2023-06-20T02:35:26+00:00
SAO_178T-10,São Paulo,3550308,True,,33333,,,-23.53098,-46.734971,,,,2,2023-06-20T02:35:30+00:00
SAO_178T-10,São Paulo,3550308,True,,33333,,,-23.488356500000002,-46.648783249999994,,,,2,2023-06-20T02:35:02+00:00
SAO_178T-10,São Paulo,3550308,True,,33333,,,-23.503125,-46.6245765,,,,2,2023-06-20T02:35:05+00:00
SAO_178T-10,São Paulo,3550308,True,,33333,,,-23.520083,-46.7030455,,,,2,2023-06-20T02:34:54+00:00
SAO_9090-10,São Paulo,3550308,True,,884,,,-23.4747215,-46.6702715,,,,1,2023-06-20T02:35:19+00:00
SAO_9090-10,São Paulo,3550308,True,,884,,,-23.495991,-46.662211,,,,1,2023-06-20T02:35:04+00:00
SAO_7009-10,São Paulo,3550308,True,,34719,,,-23.686805,-46.771235000000004,,,,2,2023-06-20T02:35:04+00:00
SAO_7009-10,São Paulo,3550308,True,,34719,,,-23.705783500000003,-46.7857855,,,,2,2023-06-20T02:35:29+00:00
SAO_2363-10,São Paulo,3550308,True,,135,,,-23.53916175,-46.6078665,,,,1,2023-06-20T02:35:27+00:00
SAO_2363-10,São Paulo,3550308,True,,135,,,-23.54620025,-46.63007,,,,1,2023-06-20T02:35:35+00:00
SAO_2363-10,São Paulo,3550308,True,,135,,,-23.510826,-46.5425445,,,,1,2023-06-20T02:35:30+00:00
SAO_5024-10,São Paulo,3550308,True,,1122,,,-23.693192,-46.658266999999995,,,,1,2023-06-20T02:35:22+00:00
SAO_5024-10,São Paulo,3550308,True,,1122,,,-23.655835375,-46.70096025,,,,1,2023-06-20T02:35:27+00:00
SAO_809J-10,São Paulo,3550308,True,,2066,,,-23.598816499999998,-46.719355,,,,1,2023-06-20T02:35:07+00:00
SAO_175P-10,São Paulo,3550308,True,,33443,,,-23.5852253125,-46.636866312500004,,,,2,2023-06-20T02:35:30+00:00
SAO_175P-10,São Paulo,3550308,True,,33443,,,-23.581832499999997,-46.6380255,,,,2,2023-06-20T02:35:36+00:00
SAO_175P-10,São Paulo,3550308,True,,33443,,,-23.56150275,-46.656306,,,,2,2023-06-20T02:35:16+00:00
SAO_175P-10,São Paulo,3550308,True,,33443,,,-23.53953225,-46.66956175,,,,2,2023-06-20T02:35:34+00:00
SAO_175P-10,São Paulo,3550308,True,,33443,,,-23.5852253125,-46.636866312500004,,,,2,2023-06-20T02:35:24+00:00
SAO_175P-10,São Paulo,3550308,True,,33443,,,-23.543004375000002,-46.672343375,,,,2,2023-06-20T02:35:00+00:00
SAO_175P-10,São Paulo,3550308,True,,33443,,,-23.5852253125,-46.636866312500004,,,,2,2023-06-20T02:35:28+00:00
SAO_175P-10,São Paulo,3550308,True,,33443,,,-23.5861638125,-46.63626881249999,,,,2,2023-06-20T02:35:28+00:00
SAO_175P-10,São Paulo,3550308,True,,33443,,,-23.519679500000002,-46.656309,,,,2,2023-06-20T02:35:18+00:00
SAO_175P-10,São Paulo,3550308,True,,33443,,,-23.502724375,-46.6524305,,,,2,2023-06-20T02:35:20+00:00
SAO_175P-10,São Paulo,3550308,True,,33443,,,-23.5861638125,-46.63626881249999,,,,2,2023-06-20T02:35:26+00:00
SAO_175P-10,São Paulo,3550308,True,,33443,,,-23.5852253125,-46.636866312500004,,,,2,2023-06-20T02:35:34+00:00
SAO_175P-10,São Paulo,3550308,True,,33443,,,-23.532039249999997,-46.6605625,,,,2,2023-06-20T02:34:55+00:00
SAO_175P-10,São Paulo,3550308,True,,33443,,,-23.524355749999998,-46.65998775,,,,2,2023-06-20T02:35:29+00:00
SAO_875A-10,São Paulo,3550308,True,,609,,,-23.628082375,-46.643728125,,,,1,2023-06-20T02:35:17+00:00
SAO_875A-10,São Paulo,3550308,True,,609,,,-23.533906,-46.6622135,,,,1,2023-06-20T02:35:12+00:00
SAO_875A-10,São Paulo,3550308,True,,609,,,-23.588252,-46.6344895,,,,1,2023-06-20T02:35:34+00:00
SAO_875A-10,São Paulo,3550308,True,,609,,,-23.54744075,-46.64728625,,,,1,2023-06-20T02:35:11+00:00
SAO_875A-10,São Paulo,3550308,True,,609,,,-23.536384,-46.680613,,,,1,2023-06-20T02:35:22+00:00
SAO_875A-10,São Paulo,3550308,True,,609,,,-23.538327000000002,-46.648642499999994,,,,1,2023-06-20T02:35:08+00:00
SAO_390E-10,São Paulo,3550308,True,,1882,,,-23.518709,-46.546899499999995,,,,1,2023-06-20T02:35:30+00:00
SAO_390E-10,São Paulo,3550308,True,,1882,,,-23.518709,-46.546899499999995,,,,1,2023-06-20T02:35:14+00:00
SAO_390E-10,São Paulo,3550308,True,,1882,,,-23.539987,-46.61139225,,,,1,2023-06-20T02:34:00+00:00
SAO_407I-10,São Paulo,3550308,True,,2222,,,-23.536211,-46.547247,,,,1,2023-06-20T02:35:15+00:00
SAO_407I-10,São Paulo,3550308,True,,2222,,,-23.546651,-46.6059415,,,,1,2023-06-20T02:35:33+00:00
SAO_177Y-10,São Paulo,3550308,True,,867,,,-23.566136750000002,-46.701097,,,,1,2023-06-20T02:34:56+00:00
SAO_177Y-10,São Paulo,3550308,True,,867,,,-23.5273505,-46.6667755,,,,1,2023-06-20T02:35:19+00:00
SAO_128Y-10,São Paulo,3550308,True,EMTU,843,https://moovitapp.com/index/pt-br/transporte_p%C3%BAblico-line-843-Sao_Paulo-242-2038937-36419606-0,4.1,-23.515252500000003,-46.695087,,,,1,2023-06-20T02:35:05+00:00
SAO_128Y-10,São Paulo,3550308,True,EMTU,843,https://moovitapp.com/index/pt-br/transporte_p%C3%BAblico-line-843-Sao_Paulo-242-2038937-36419606-0,4.1,-23.4859385,-46.6528925,,,,1,2023-06-20T02:35:00+00:00
SAO_1034-10,São Paulo,3550308,True,,35220,,,-23.474214500000002,-46.7029085,,,,2,2023-06-20T02:35:21+00:00
SAO_1034-10,São Paulo,3550308,True,,35220,,,-23.470623000000003,-46.7104055,,,,2,2023-06-20T02:35:08+00:00
SAO_1034-10,São Paulo,3550308,True,,35220,,,-23.47083525,-46.71026325,,,,2,2023-06-20T02:35:24+00:00
SAO_1034-10,São Paulo,3550308,True,,35220,,,-23.47114175,-46.71015375,,,,2,2023-06-20T02:34:52+00:00
SAO_908T-10,São Paulo,3550308,True,,34884,,,-23.54894,-46.6423725,,,,2,2023-06-20T02:35:35+00:00
SAO_908T-10,São Paulo,3550308,True,,34884,,,-23.5670605,-46.669549,,,,2,2023-06-20T02:35:02+00:00
SAO_908T-10,São Paulo,3550308,True,,34884,,,-23.545607500000003,-46.6312275,,,,2,2023-06-20T02:35:16+00:00
SAO_2006-10,São Paulo,3550308,True,,895,,,-23.4941615,-46.400386,,,,1,2023-06-20T02:35:15+00:00
SAO_2006-10,São Paulo,3550308,True,,895,,,-23.4920125,-46.3877055,,,,1,2023-06-20T02:35:26+00:00
SAO_2006-10,São Paulo,3550308,True,,895,,,-23.49718625,-46.39991175,,,,1,2023-06-20T02:35:09+00:00
SAO_2006-10,São Paulo,3550308,True,,895,,,-23.510832999999998,-46.366727,,,,1,2023-06-20T02:07:49+00:00
SAO_273R-10,São Paulo,3550308,True,EMTU,226,https://moovitapp.com/index/pt-br/transporte_p%C3%BAblico-line-226-Sao_Paulo-242-2038937-36419343-0,5.05,-23.531495,-46.473724000000004,,,,1,2023-06-20T02:33:53+00:00
SAO_273R-10,São Paulo,3550308,True,EMTU,226,https://moovitapp.com/index/pt-br/transporte_p%C3%BAblico-line-226-Sao_Paulo-242-2038937-36419343-0,5.05,-23.51163725,-46.442257500000004,,,,1,2023-06-20T02:35:29+00:00
SAO_273R-10,São Paulo,3550308,True,EMTU,226,https://moovitapp.com/index/pt-br/transporte_p%C3%BAblico-line-226-Sao_Paulo-242-2038937-36419343-0,5.05,-23.518699499999997,-46.4755635,,,,1,2023-06-20T02:35:30+00:00
SAO_273R-10,São Paulo,3550308,True,EMTU,226,https://moovitapp.com/index/pt-br/transporte_p%C3%BAblico-line-226-Sao_Paulo-242-2038937-36419343-0,5.05,-23.521997499999998,-46.412527999999995,,,,1,2023-06-20T02:35:08+00:00
SAO_273R-10,São Paulo,3550308,True,EMTU,226,https://moovitapp.com/index/pt-br/transporte_p%C3%BAblico-line-226-Sao_Paulo-242-2038937-36419343-0,5.05,-23.524209499999998,-46.414941999999996,,,,1,2023-06-20T02:35:08+00:00
SAO_273R-10,São Paulo,3550308,True,EMTU,226,https://moovitapp.com/index/pt-br/transporte_p%C3%BAblico-line-226-Sao_Paulo-242-2038937-36419343-0,5.05,-23.521997499999998,-46.412527999999995,,,,1,2023-06-20T02:34:52+00:00
SAO_273R-10,São Paulo,3550308,True,EMTU,226,https://moovitapp.com/index/pt-br/transporte_p%C3%BAblico-line-226-Sao_Paulo-242-2038937-36419343-0,5.05,-23.521997499999998,-46.412527999999995,,,,1,2023-06-20T02:35:06+00:00
SAO_6450-10,São Paulo,3550308,True,,59,,,-23.649198,-46.7526175,,,,1,2023-06-20T02:35:31+00:00
SAO_6450-10,São Paulo,3550308,True,,59,,,-23.6545965,-46.7621075,,,,1,2023-06-20T02:34:55+00:00
SAO_6450-10,São Paulo,3550308,True,,59,,,-23.5533975,-46.64797,,,,1,2023-06-20T02:35:07+00:00
SAO_6450-10,São Paulo,3550308,True,,59,,,-23.653849,-46.762828999999996,,,,1,2023-06-20T02:35:00+00:00
SAO_6450-10,São Paulo,3550308,True,,59,,,-23.575625125,-46.669271,,,,1,2023-06-20T02:35:19+00:00
SAO_6450-10,São Paulo,3550308,True,,59,,,-23.629392,-46.689461875,,,,1,2023-06-20T02:35:37+00:00
SAO_6450-10,São Paulo,3550308,True,,59,,,-23.5533975,-46.64797,,,,1,2023-06-20T02:35:15+00:00
SAO_6450-10,São Paulo,3550308,True,,59,,,-23.644049000000003,-46.701765,,,,1,2023-06-20T02:35:31+00:00
SAO_6450-10,São Paulo,3550308,True,,59,,,-23.60456625,-46.675004,,,,1,2023-06-20T02:34:18+00:00
SAO_4014-10,São Paulo,3550308,True,,34955,,,-23.612962500000002,-46.4565635,,,,2,2023-06-20T02:35:12+00:00
SAO_4014-10,São Paulo,3550308,True,,34955,,,-23.6089685,-46.4583935,,,,2,2023-06-20T02:35:04+00:00
SAO_4014-10,São Paulo,3550308,True,,34955,,,-23.56448825,-46.513625,,,,2,2023-06-20T02:35:35+00:00
SAO_4014-10,São Paulo,3550308,True,,34955,,,-23.600106500000003,-46.469812,,,,2,2023-06-20T02:35:24+00:00
SAO_748A-10,São Paulo,3550308,True,,33266,,,-23.5758515,-46.7756445,,,,2,2023-06-20T02:35:13+00:00
SAO_748A-10,São Paulo,3550308,True,,33266,,,-23.5758565,-46.775865499999995,,,,2,2023-06-20T02:35:22+00:00
SAO_748A-10,São Paulo,3550308,True,,33266,,,-23.575184,-46.7754385,,,,2,2023-06-20T02:34:55+00:00
SAO_748A-10,São Paulo,3550308,True,,33266,,,-23.572779500000003,-46.778009999999995,,,,2,2023-06-20T02:35:33+00:00
SAO_748A-10,São Paulo,3550308,True,,33266,,,-23.5503711875,-46.739562875000004,,,,2,2023-06-20T02:35:29+00:00
SAO_2710-10,São Paulo,3550308,True,,33692,,,-23.529882,-46.501219000000006,,,,2,2023-06-20T02:35:03+00:00
SAO_2710-10,São Paulo,3550308,True,,33692,,,-23.52483075,-46.490063750000004,,,,2,2023-06-20T02:35:08+00:00
SAO_2710-10,São Paulo,3550308,True,,33692,,,-23.522279249999997,-46.498323875,,,,2,2023-06-20T02:35:06+00:00
SAO_2710-10,São Paulo,3550308,True,,33692,,,-23.5172325,-46.4938015,,,,2,2023-06-20T02:35:13+00:00
SAO_6012-31,São Paulo,3550308,True,,1776,,,-23.6976315,-46.783011,,,,1,2023-06-20T02:35:18+00:00
SAO_4732-10,São Paulo,3550308,True,,33070,,,-23.647584000000002,-46.6004335,,,,2,2023-06-20T02:35:36+00:00
SAO_4732-10,São Paulo,3550308,True,,33070,,,-23.618429,-46.624105,,,,2,2023-06-20T02:35:13+00:00
SAO_4732-10,São Paulo,3550308,True,,33070,,,-23.6475085,-46.600749,,,,2,2023-06-20T02:33:46+00:00
SAO_3134-10,São Paulo,3550308,True,,993,,,-23.5811205,-46.583861999999996,,,,1,2023-06-20T02:34:55+00:00
SAO_3134-10,São Paulo,3550308,True,,993,,,-23.578340250000004,-46.54442675,,,,1,2023-06-20T02:35:22+00:00
SAO_3134-10,São Paulo,3550308,True,,993,,,-23.590992999999997,-46.5887705,,,,1,2023-06-20T02:35:23+00:00
SAO_3134-10,São Paulo,3550308,True,,993,,,-23.566526500000002,-46.507262499999996,,,,1,2023-06-20T02:35:02+00:00
SAO_3134-10,São Paulo,3550308,True,,993,,,-23.563519,-46.5054075,,,,1,2023-06-20T02:35:32+00:00
SAO_271A-10,São Paulo,3550308,True,,33470,,,-23.5020995,-46.623662499999995,,,,2,2023-06-20T02:34:51+00:00
SAO_271A-10,São Paulo,3550308,True,,33470,,,-23.5259405,-46.552777000000006,,,,2,2023-06-20T02:35:16+00:00
SAO_271A-10,São Paulo,3550308,True,,33470,,,-23.521624,-46.56174025,,,,2,2023-06-20T02:35:29+00:00
SAO_271A-10,São Paulo,3550308,True,,33470,,,-23.503802,-46.614819499999996,,,,2,2023-06-20T02:34:55+00:00
SAO_271A-10,São Paulo,3550308,True,,33470,,,-23.52201625,-46.5616865,,,,2,2023-06-20T02:35:33+00:00
SAO_6028-10,São Paulo,3550308,True,,1211,,,-23.653927,-46.710094,,,,1,2023-06-20T02:35:28+00:00
SAO_6028-10,São Paulo,3550308,True,,1211,,,-23.6767215,-46.73422275,,,,1,2023-06-20T02:34:59+00:00
SAO_6028-10,São Paulo,3550308,True,,1211,,,-23.653951499999998,-46.709539,,,,1,2023-06-20T02:35:12+00:00
SAO_6028-10,São Paulo,3550308,True,,1211,,,-23.702326,-46.744178000000005,,,,1,2023-06-20T02:35:06+00:00
SAO_6028-10,São Paulo,3550308,True,,1211,,,-23.6547265,-46.7070535,,,,1,2023-06-20T02:35:24+00:00
SAO_6069-10,São Paulo,3550308,True,,1154,,,-23.744763,-46.693926000000005,,,,1,2023-06-20T02:32:35+00:00
SAO_6069-10,São Paulo,3550308,True,,1154,,,-23.6810125,-46.705592,,,,1,2023-06-20T02:35:08+00:00
SAO_6069-10,São Paulo,3550308,True,,1154,,,-23.740868,-46.704811750000005,,,,1,2023-06-20T02:35:06+00:00
SAO_948A-10,São Paulo,3550308,True,,1423,,,-23.469206,-46.713176000000004,,,,1,2023-06-20T02:35:02+00:00
SAO_948A-10,São Paulo,3550308,True,,1423,,,-23.5068835,-46.714557,,,,1,2023-06-20T02:35:31+00:00
SAO_809D-10,São Paulo,3550308,True,,34836,,,-23.592373000000002,-46.7760775,,,,2,2023-06-20T02:35:37+00:00
SAO_809D-10,São Paulo,3550308,True,,34836,,,-23.6032175,-46.780919,,,,2,2023-06-20T02:34:56+00:00
SAO_809D-10,São Paulo,3550308,True,,34836,,,-23.6032255,-46.780823,,,,2,2023-06-20T02:35:04+00:00
SAO_809D-10,São Paulo,3550308,True,,34836,,,-23.571585875,-46.706313124999994,,,,2,2023-06-20T02:35:38+00:00
SAO_745M-21,São Paulo,3550308,True,,1984,,,-23.660277999999998,-46.768888000000004,,,,1,2023-06-20T02:34:54+00:00
SAO_745M-21,São Paulo,3550308,True,,1984,,,-23.6374695,-46.7795415,,,,1,2023-06-20T02:35:25+00:00
SAO_3732-10,São Paulo,3550308,True,,33797,,,-23.540297,-46.431876,,,,2,2023-06-20T02:35:05+00:00
SAO_3732-10,São Paulo,3550308,True,,33797,,,-23.540044,-46.4317305,,,,2,2023-06-20T02:35:22+00:00
SAO_3732-10,São Paulo,3550308,True,,33797,,,-23.54583,-46.435446999999996,,,,2,2023-06-20T02:34:57+00:00
SAO_3732-10,São Paulo,3550308,True,,33797,,,-23.543294500000002,-46.44825175,,,,2,2023-06-20T02:35:15+00:00
SAO_8000-10,São Paulo,3550308,True,,34041,,,-23.52066,-46.7006595,,,,2,2023-06-20T02:35:06+00:00
SAO_8000-10,São Paulo,3550308,True,,34041,,,-23.520104500000002,-46.700487499999994,,,,2,2023-06-20T02:35:17+00:00
SAO_8000-10,São Paulo,3550308,True,,34041,,,-23.520256,-46.7000975,,,,2,2023-06-20T02:35:27+00:00
SAO_2740-10,São Paulo,3550308,True,,34560,,,-23.4580645,-46.6433105,,,,2,2023-06-20T02:34:54+00:00
SAO_2740-10,São Paulo,3550308,True,,34560,,,-23.458708,-46.6023755,,,,2,2023-06-20T02:35:09+00:00
SAO_2740-10,São Paulo,3550308,True,,34560,,,-23.457892,-46.642534,,,,2,2023-06-20T02:35:18+00:00
SAO_2740-10,São Paulo,3550308,True,,34560,,,-23.4580645,-46.6433105,,,,2,2023-06-20T02:34:53+00:00
SAO_209P-1,São Paulo,3550308,True,,35069,,,-23.472988,-46.670319000000006,,,,2,2023-06-20T02:35:32+00:00
SAO_209P-1,São Paulo,3550308,True,,35069,,,-23.541180500000003,-46.6759185,,,,2,2023-06-20T02:35:17+00:00
SAO_6017-10,São Paulo,3550308,True,,33974,,,-23.658436000000002,-46.706519,,,,2,2023-06-20T02:35:19+00:00
SAO_6017-10,São Paulo,3550308,True,,33974,,,-23.696842,-46.760988,,,,2,2023-06-20T02:35:21+00:00
SAO_6017-10,São Paulo,3550308,True,,33974,,,-23.696951,-46.761001,,,,2,2023-06-20T02:35:16+00:00
SAO_6017-10,São Paulo,3550308,True,,33974,,,-23.696901,-46.761,,,,2,2023-06-20T02:35:21+00:00
SAO_6017-10,São Paulo,3550308,True,,33974,,,-23.696901,-46.761,,,,2,2023-06-20T02:35:37+00:00
SAO_6017-10,São Paulo,3550308,True,,33974,,,-23.66956725,-46.73640925,,,,2,2023-06-20T02:35:27+00:00
SAO_6017-10,São Paulo,3550308,True,,33974,,,-23.697047,-46.760983499999995,,,,2,2023-06-20T02:34:55+00:00
SAO_6017-10,São Paulo,3550308,True,,33974,,,-23.6971455,-46.7609475,,,,2,2023-06-20T02:35:25+00:00
SAO_6017-10,São Paulo,3550308,True,,33974,,,-23.696901,-46.761,,,,2,2023-06-20T02:35:04+00:00
SAO_6017-10,São Paulo,3550308,True,,33974,,,-23.691622000000002,-46.775622999999996,,,,2,2023-06-20T02:35:10+00:00
SAO_2451-10,São Paulo,3550308,True,EMTU,213,https://moovitapp.com/index/pt-br/transporte_p%C3%BAblico-line-213-Sao_Paulo-242-2038937-36419335-0,6.7,-23.5285825,-46.5544955,,,,1,2023-06-20T02:34:58+00:00
SAO_8029-10,São Paulo,3550308,True,,35308,,,-23.604743,-46.7251465,,,,2,2023-06-20T02:35:14+00:00
SAO_8029-10,São Paulo,3550308,True,,35308,,,-23.6023765,-46.725097,,,,2,2023-06-20T02:35:10+00:00
SAO_8029-10,São Paulo,3550308,True,,35308,,,-23.59714375,-46.720192499999996,,,,2,2023-06-20T02:35:24+00:00
SAO_8029-10,São Paulo,3550308,True,,35308,,,-23.614894999999997,-46.746035500000005,,,,2,2023-06-20T02:35:12+00:00
SAO_8029-10,São Paulo,3550308,True,,35308,,,-23.5855945,-46.724115,,,,2,2023-06-20T02:35:22+00:00
SAO_8029-10,São Paulo,3550308,True,,35308,,,-23.6156125,-46.739903,,,,2,2023-06-20T02:35:05+00:00
SAO_403A-10,São Paulo,3550308,True,,2192,,,-23.531119875,-46.5459365,,,,1,2023-06-20T02:35:33+00:00
SAO_403A-10,São Paulo,3550308,True,,2192,,,-23.54747725,-46.510714500000006,,,,1,2023-06-20T02:35:16+00:00
SAO_403A-10,São Paulo,3550308,True,,2192,,,-23.5547015,-46.44100675,,,,1,2023-06-20T02:35:22+00:00
SAO_7005-10,São Paulo,3550308,True,,34766,,,-23.725223,-46.7859485,,,,2,2023-06-20T02:35:12+00:00
SAO_7005-10,São Paulo,3550308,True,,34766,,,-23.6901525,-46.774198999999996,,,,2,2023-06-20T02:35:08+00:00
SAO_7005-10,São Paulo,3550308,True,,34766,,,-23.684067,-46.769816500000005,,,,2,2023-06-20T02:35:32+00:00
SAO_7005-10,São Paulo,3550308,True,,34766,,,-23.684067,-46.769816500000005,,,,2,2023-06-20T02:35:14+00:00
SAO_4001-10,São Paulo,3550308,True,,2176,,,-23.5491345,-46.5069445,,,,1,2023-06-20T02:35:06+00:00
SAO_4001-10,São Paulo,3550308,True,,2176,,,-23.55386875,-46.488837000000004,,,,1,2023-06-20T02:34:56+00:00
SAO_4001-10,São Paulo,3550308,True,,2176,,,-23.533031,-46.440948500000005,,,,1,2023-06-20T02:35:18+00:00
SAO_407P-10,São Paulo,3550308,True,,2200,,,-23.525697,-46.4374215,,,,1,2023-06-20T02:34:52+00:00
SAO_407P-10,São Paulo,3550308,True,,2200,,,-23.559675499999997,-46.412636500000005,,,,1,2023-06-20T02:34:57+00:00
SAO_407P-10,São Paulo,3550308,True,,2200,,,-23.58092275,-46.411011,,,,1,2023-06-20T02:35:07+00:00
SAO_407P-10,São Paulo,3550308,True,,2200,,,-23.5325785,-46.4506885,,,,1,2023-06-20T02:35:24+00:00
SAO_407P-10,São Paulo,3550308,True,,2200,,,-23.5831585,-46.407859,,,,1,2023-06-20T02:35:11+00:00
SAO_908T-10,São Paulo,3550308,True,,2116,,,-23.550036,-46.646373,,,,1,2023-06-20T02:35:06+00:00
SAO_736I-10,São Paulo,3550308,True,,33549,,,-23.6323995,-46.748492999999996,,,,2,2023-06-20T02:35:11+00:00
SAO_736I-10,São Paulo,3550308,True,,33549,,,-23.650086,-46.7077355,,,,2,2023-06-20T02:34:56+00:00
SAO_736I-10,São Paulo,3550308,True,,33549,,,-23.6324355,-46.748238,,,,2,2023-06-20T02:35:16+00:00
SAO_736I-10,São Paulo,3550308,True,,33549,,,-23.6324355,-46.748238,,,,2,2023-06-20T02:34:51+00:00
SAO_736I-10,São Paulo,3550308,True,,33549,,,-23.64639175,-46.71053475,,,,2,2023-06-20T02:35:18+00:00
SAO_736I-10,São Paulo,3550308,True,,33549,,,-23.630622,-46.74983,,,,2,2023-06-20T02:35:18+00:00
SAO_736I-10,São Paulo,3550308,True,,33549,,,-23.641819249999998,-46.741020750000004,,,,2,2023-06-20T02:35:25+00:00
SAO_2029-10,São Paulo,3550308,True,,35038,,,-23.479921500000003,-46.602290499999995,,,,2,2023-06-20T02:35:05+00:00
SAO_2029-10,São Paulo,3550308,True,,35038,,,-23.464100000000002,-46.59585,,,,2,2023-06-20T02:33:00+00:00
SAO_2029-10,São Paulo,3550308,True,,35038,,,-23.430656,-46.575369499999994,,,,2,2023-06-20T02:35:03+00:00
SAO_2029-10,São Paulo,3550308,True,,35038,,,-23.4308,-46.5751545,,,,2,2023-06-20T02:35:27+00:00
SAO_9501-10,São Paulo,3550308,True,,33230,,,-23.518386999999997,-46.677789,,,,2,2023-06-20T02:35:28+00:00
SAO_9501-10,São Paulo,3550308,True,,33230,,,-23.474486,-46.66942825,,,,2,2023-06-20T02:35:01+00:00
SAO_9501-10,São Paulo,3550308,True,,33230,,,-23.4742495,-46.669781,,,,2,2023-06-20T02:35:24+00:00
SAO_9501-10,São Paulo,3550308,True,,33230,,,-23.475628999999998,-46.670974,,,,2,2023-06-20T02:35:26+00:00
SAO_9501-10,São Paulo,3550308,True,,33230,,,-23.4752465,-46.669767500000006,,,,2,2023-06-20T02:35:07+00:00
SAO_9501-10,São Paulo,3550308,True,,33230,,,-23.475228,-46.670387000000005,,,,2,2023-06-20T02:34:57+00:00
SAO_9501-10,São Paulo,3550308,True,,33230,,,-23.49381275,-46.68483,,,,2,2023-06-20T02:35:36+00:00
SAO_9501-10,São Paulo,3550308,True,,33230,,,-23.4840915,-46.679384,,,,2,2023-06-20T02:35:17+00:00
SAO_9501-10,São Paulo,3550308,True,,33230,,,-23.4742495,-46.669781,,,,2,2023-06-20T02:35:23+00:00
SAO_9501-10,São Paulo,3550308,True,,33230,,,-23.5229625,-46.6508515,,,,2,2023-06-20T02:35:31+00:00
SAO_9047-10,São Paulo,3550308,True,STT,883,https://moovitapp.com/index/pt-br/transporte_p%C3%BAblico-line-883-Sao_Paulo-242-850661-183365-0,5.3,-23.515098,-46.7070605,,,,1,2023-06-20T02:35:00+00:00
SAO_9047-10,São Paulo,3550308,True,STT,883,https://moovitapp.com/index/pt-br/transporte_p%C3%BAblico-line-883-Sao_Paulo-242-850661-183365-0,5.3,-23.461788,-46.713012,,,,1,2023-06-20T02:35:13+00:00
SAO_9047-10,São Paulo,3550308,True,STT,883,https://moovitapp.com/index/pt-br/transporte_p%C3%BAblico-line-883-Sao_Paulo-242-850661-183365-0,5.3,-23.48857075,-46.69373575,,,,1,2023-06-20T02:35:03+00:00
SAO_9047-10,São Paulo,3550308,True,STT,883,https://moovitapp.com/index/pt-br/transporte_p%C3%BAblico-line-883-Sao_Paulo-242-850661-183365-0,5.3,-23.468289499999997,-46.697435999999996,,,,1,2023-06-20T02:34:53+00:00
SAO_9047-10,São Paulo,3550308,True,STT,883,https://moovitapp.com/index/pt-br/transporte_p%C3%BAblico-line-883-Sao_Paulo-242-850661-183365-0,5.3,-23.5182955,-46.701809499999996,,,,1,2023-06-20T02:34:13+00:00
SAO_6422-10,São Paulo,3550308,True,,33129,,,-23.63487,-46.711732999999995,,,,2,2023-06-20T02:35:16+00:00
SAO_6422-10,São Paulo,3550308,True,,33129,,,-23.641471,-46.716970625,,,,2,2023-06-20T02:35:34+00:00
SAO_6422-10,São Paulo,3550308,True,,33129,,,-23.5501795,-46.639476,,,,2,2023-06-20T02:35:09+00:00
SAO_6422-10,São Paulo,3550308,True,,33129,,,-23.641471,-46.716970625,,,,2,2023-06-20T02:35:35+00:00
SAO_6422-10,São Paulo,3550308,True,,33129,,,-23.62474975,-46.68631275,,,,2,2023-06-20T02:35:35+00:00
SAO_178Y-10,São Paulo,3550308,True,,33636,,,-23.463343000000002,-46.640845999999996,,,,2,2023-06-20T02:20:27+00:00
SAO_178Y-10,São Paulo,3550308,True,,33636,,,-23.46601575,-46.637533,,,,2,2023-06-20T02:35:01+00:00
SAO_178Y-10,São Paulo,3550308,True,,33636,,,-23.4632465,-46.6413395,,,,2,2023-06-20T02:35:12+00:00
SAO_178Y-10,São Paulo,3550308,True,,33636,,,-23.48816875,-46.621095,,,,2,2023-06-20T02:32:39+00:00
SAO_3736-10,São Paulo,3550308,True,,1036,,,-23.5547135,-46.479942,,,,1,2023-06-20T02:35:34+00:00
SAO_3736-10,São Paulo,3550308,True,,1036,,,-23.5421635,-46.4837615,,,,1,2023-06-20T02:35:35+00:00
SAO_3736-10,São Paulo,3550308,True,,1036,,,-23.572292,-46.480837,,,,1,2023-06-20T02:35:02+00:00
SAO_3736-10,São Paulo,3550308,True,,1036,,,-23.542085,-46.483832,,,,1,2023-06-20T02:34:57+00:00
SAO_6816-31,São Paulo,3550308,True,,1748,,,-23.654267,-46.763731,,,,1,2023-06-20T02:35:36+00:00
SAO_3901-10,São Paulo,3550308,True,,1469,,,-23.532959499999997,-46.543440000000004,,,,1,2023-06-20T02:35:27+00:00
SAO_8017-10,São Paulo,3550308,True,,34029,,,-23.477933999999998,-46.720344,,,,2,2023-06-20T02:34:53+00:00
SAO_8017-10,São Paulo,3550308,True,,34029,,,-23.442389499999997,-46.721536,,,,2,2023-06-20T02:34:49+00:00
SAO_4011-10,São Paulo,3550308,True,,34952,,,-23.62273675,-46.4174855,,,,2,2023-06-20T02:35:04+00:00
SAO_4011-10,São Paulo,3550308,True,,34952,,,-23.6227125,-46.414294,,,,2,2023-06-20T02:34:54+00:00
SAO_4011-10,São Paulo,3550308,True,,34952,,,-23.6227125,-46.414294,,,,2,2023-06-20T02:35:24+00:00
SAO_4011-10,São Paulo,3550308,True,,34952,,,-23.5987515,-46.4645435,,,,2,2023-06-20T02:35:14+00:00
SAO_4011-10,São Paulo,3550308,True,,34952,,,-23.5949145,-46.4410185,,,,2,2023-06-20T02:35:10+00:00
SAO_8027-10,São Paulo,3550308,True,,34930,,,-23.568452999999998,-46.765302,,,,2,2023-06-20T02:35:06+00:00
SAO_8027-10,São Paulo,3550308,True,,34930,,,-23.574022999999997,-46.7355665,,,,2,2023-06-20T02:35:20+00:00
SAO_6840-10,São Paulo,3550308,True,EMTU,201,https://moovitapp.com/index/pt-br/transporte_p%C3%BAblico-line-201-Sao_Paulo-242-2038937-58093160-0,20.4,-23.732263,-46.786442,,,,1,2023-06-20T02:35:24+00:00
SAO_6840-10,São Paulo,3550308,True,EMTU,201,https://moovitapp.com/index/pt-br/transporte_p%C3%BAblico-line-201-Sao_Paulo-242-2038937-58093160-0,20.4,-23.6541265,-46.7631545,,,,1,2023-06-20T02:35:24+00:00
SAO_6840-10,São Paulo,3550308,True,EMTU,201,https://moovitapp.com/index/pt-br/transporte_p%C3%BAblico-line-201-Sao_Paulo-242-2038937-58093160-0,20.4,-23.6562985,-46.762777,,,,1,2023-06-20T02:35:13+00:00
SAO_6840-10,São Paulo,3550308,True,EMTU,201,https://moovitapp.com/index/pt-br/transporte_p%C3%BAblico-line-201-Sao_Paulo-242-2038937-58093160-0,20.4,-23.68714725,-46.77138625,,,,1,2023-06-20T02:33:39+00:00
SAO_6840-10,São Paulo,3550308,True,EMTU,201,https://moovitapp.com/index/pt-br/transporte_p%C3%BAblico-line-201-Sao_Paulo-242-2038937-58093160-0,20.4,-23.7420195,-46.800329000000005,,,,1,2023-06-20T02:35:25+00:00
SAO_6840-10,São Paulo,3550308,True,EMTU,201,https://moovitapp.com/index/pt-br/transporte_p%C3%BAblico-line-201-Sao_Paulo-242-2038937-58093160-0,20.4,-23.732263,-46.786442,,,,1,2023-06-20T02:35:31+00:00
SAO_3206-10,São Paulo,3550308,True,,34880,,,-23.52687625,-46.554301375,,,,2,2023-06-20T02:35:13+00:00
SAO_809T-10,São Paulo,3550308,True,,35014,,,-23.5202495,-46.710781999999995,,,,2,2023-06-20T02:34:54+00:00
SAO_809T-10,São Paulo,3550308,True,,35014,,,-23.585870999999997,-46.8051445,,,,2,2023-06-20T02:35:32+00:00
SAO_809T-10,São Paulo,3550308,True,,35014,,,-23.585785,-46.8053525,,,,2,2023-06-20T02:35:09+00:00
SAO_809T-10,São Paulo,3550308,True,,35014,,,-23.552837500000003,-46.742140750000004,,,,2,2023-06-20T02:35:17+00:00
SAO_5757-10,São Paulo,3550308,True,,1288,,,-23.644662124999996,-46.641911375,,,,1,2023-06-20T02:34:44+00:00
SAO_5757-10,São Paulo,3550308,True,,1288,,,-23.666684,-46.652631,,,,1,2023-06-20T02:34:51+00:00
SAO_5757-10,São Paulo,3550308,True,,1288,,,-23.6883975,-46.6345745,,,,1,2023-06-20T02:35:27+00:00
SAO_4007-10,São Paulo,3550308,True,,34949,,,-23.558581500000003,-46.522422,,,,2,2023-06-20T02:35:14+00:00
SAO_4007-10,São Paulo,3550308,True,,34949,,,-23.565321500000003,-46.396381,,,,2,2023-06-20T02:34:52+00:00
SAO_4007-10,São Paulo,3550308,True,,34949,,,-23.565385499999998,-46.3962625,,,,2,2023-06-20T02:35:31+00:00
SAO_4007-10,São Paulo,3550308,True,,34949,,,-23.556172,-46.4518075,,,,2,2023-06-20T02:34:55+00:00
SAO_4007-10,São Paulo,3550308,True,,34949,,,-23.565451,-46.3961775,,,,2,2023-06-20T02:35:05+00:00
SAO_4007-10,São Paulo,3550308,True,,34949,,,-23.565188,-46.396632,,,,2,2023-06-20T02:35:17+00:00
SAO_4007-10,São Paulo,3550308,True,,34949,,,-23.547915,-46.4263745,,,,2,2023-06-20T02:32:21+00:00
SAO_1780-10,São Paulo,3550308,True,,33637,,,-23.4483715,-46.5789425,,,,2,2023-06-20T02:35:26+00:00
SAO_1780-10,São Paulo,3550308,True,,33637,,,-23.4483715,-46.5789425,,,,2,2023-06-20T02:35:33+00:00
SAO_1780-10,São Paulo,3550308,True,,33637,,,-23.482073999999997,-46.603697,,,,2,2023-06-20T02:35:23+00:00
SAO_1780-10,São Paulo,3550308,True,,33637,,,-23.450914,-46.5802845,,,,2,2023-06-20T02:35:21+00:00
SAO_1780-10,São Paulo,3550308,True,,33637,,,-23.4483715,-46.5789425,,,,2,2023-06-20T02:33:40+00:00
SAO_2767-10,São Paulo,3550308,True,,33009,,,-23.50654875,-46.4583015,,,,2,2023-06-20T02:35:27+00:00
SAO_2767-10,São Paulo,3550308,True,,33009,,,-23.506508250000003,-46.4585765,,,,2,2023-06-20T02:35:12+00:00
SAO_4491-10,São Paulo,3550308,True,,33095,,,-23.651465,-46.6199435,,,,2,2023-06-20T02:33:49+00:00
SAO_4491-10,São Paulo,3550308,True,,33095,,,-23.5724625,-46.611104,,,,2,2023-06-20T02:35:14+00:00
SAO_6805-31,São Paulo,3550308,True,,34556,,,-23.65702125,-46.761669,,,,2,2023-06-20T02:35:30+00:00
SAO_6258-31,São Paulo,3550308,True,,1783,,,-23.67340225,-46.7417485,,,,1,2023-06-20T02:35:28+00:00
SAO_6258-31,São Paulo,3550308,True,,1783,,,-23.683159749999998,-46.756564999999995,,,,1,2023-06-20T02:35:04+00:00
SAO_8538-10,São Paulo,3550308,True,,34127,,,-23.478307,-46.7071265,,,,2,2023-06-20T02:35:06+00:00
SAO_8538-10,São Paulo,3550308,True,,34127,,,-23.485329,-46.7108505,,,,2,2023-06-20T02:35:27+00:00
SAO_6L04-10,São Paulo,3550308,True,,33948,,,-23.871344999999998,-46.769649,,,,2,2023-06-20T02:35:21+00:00
SAO_6L04-10,São Paulo,3550308,True,,33948,,,-23.843864,-46.7435405,,,,2,2023-06-20T02:33:18+00:00
SAO_9188-10,São Paulo,3550308,True,EMTU,809,https://moovitapp.com/index/pt-br/transporte_p%C3%BAblico-line-809-Sao_Paulo-242-2038937-119858519-0,5.2,-23.454766,-46.728925,,,,1,2023-06-20T02:35:08+00:00
SAO_9188-10,São Paulo,3550308,True,EMTU,809,https://moovitapp.com/index/pt-br/transporte_p%C3%BAblico-line-809-Sao_Paulo-242-2038937-119858519-0,5.2,-23.454766,-46.728925,,,,1,2023-06-20T02:35:00+00:00
SAO_9188-10,São Paulo,3550308,True,EMTU,809,https://moovitapp.com/index/pt-br/transporte_p%C3%BAblico-line-809-Sao_Paulo-242-2038937-119858519-0,5.2,-23.4526685,-46.733714500000005,,,,1,2023-06-20T02:35:15+00:00
SAO_9188-10,São Paulo,3550308,True,EMTU,809,https://moovitapp.com/index/pt-br/transporte_p%C3%BAblico-line-809-Sao_Paulo-242-2038937-119858519-0,5.2,-23.500583,-46.706787000000006,,,,1,2023-06-20T02:35:32+00:00
SAO_9188-10,São Paulo,3550308,True,EMTU,809,https://moovitapp.com/index/pt-br/transporte_p%C3%BAblico-line-809-Sao_Paulo-242-2038937-119858519-0,5.2,-23.4573405,-46.719361,,,,1,2023-06-20T02:35:34+00:00
SAO_574C-10,São Paulo,3550308,True,,34407,,,-23.6112865,-46.473203,,,,2,2023-06-20T02:35:04+00:00
SAO_574C-10,São Paulo,3550308,True,,34407,,,-23.602894999999997,-46.510341499999996,,,,2,2023-06-20T02:34:48+00:00
SAO_574C-10,São Paulo,3550308,True,,34407,,,-23.593640999999998,-46.55279025,,,,2,2023-06-20T02:35:32+00:00
SAO_574C-10,São Paulo,3550308,True,,34407,,,-23.6098165,-46.5046555,,,,2,2023-06-20T02:34:56+00:00
SAO_574C-10,São Paulo,3550308,True,,34407,,,-23.613259499999998,-46.495098,,,,2,2023-06-20T02:34:39+00:00
SAO_6037-10,São Paulo,3550308,True,,33983,,,-23.651474999999998,-46.779476,,,,2,2023-06-20T02:35:03+00:00
SAO_6037-10,São Paulo,3550308,True,,33983,,,-23.64887075,-46.78563725,,,,2,2023-06-20T02:35:17+00:00
SAO_6037-10,São Paulo,3550308,True,,33983,,,-23.64887075,-46.78563725,,,,2,2023-06-20T02:35:34+00:00
SAO_6037-10,São Paulo,3550308,True,,33983,,,-23.64887075,-46.78563725,,,,2,2023-06-20T02:35:36+00:00
SAO_6037-10,São Paulo,3550308,True,,33983,,,-23.660123,-46.771386,,,,2,2023-06-20T02:35:22+00:00
SAO_6037-10,São Paulo,3550308,True,,33983,,,-23.64904925,-46.78534475,,,,2,2023-06-20T02:35:12+00:00
SAO_6037-10,São Paulo,3550308,True,,33983,,,-23.6441535,-46.7444115,,,,2,2023-06-20T02:35:23+00:00
SAO_4114-10,São Paulo,3550308,True,EMTU,321,https://moovitapp.com/index/pt-br/transporte_p%C3%BAblico-line-321-Sao_Paulo-242-2038937-36419411-0,5.4,-23.587757500000002,-46.619507999999996,,,,1,2023-06-20T02:35:08+00:00
SAO_8002-10,São Paulo,3550308,True,,1252,,,-23.506295,-46.7364845,,,,1,2023-06-20T02:35:11+00:00
SAO_8002-10,São Paulo,3550308,True,,1252,,,-23.520041499999998,-46.700201,,,,1,2023-06-20T02:35:35+00:00
SAO_8002-10,São Paulo,3550308,True,,1252,,,-23.487007,-46.726683,,,,1,2023-06-20T02:35:31+00:00
SAO_1764-10,São Paulo,3550308,True,,33393,,,-23.479527625000003,-46.62078749999999,,,,2,2023-06-20T02:35:18+00:00
SAO_1764-10,São Paulo,3550308,True,,33393,,,-23.4589095,-46.6024045,,,,2,2023-06-20T02:35:22+00:00
SAO_1764-10,São Paulo,3550308,True,,33393,,,-23.4259,-46.581689,,,,2,2023-06-20T02:35:05+00:00
SAO_1764-10,São Paulo,3550308,True,,33393,,,-23.4259,-46.581689,,,,2,2023-06-20T02:35:12+00:00
SAO_1764-10,São Paulo,3550308,True,,33393,,,-23.448635000000003,-46.5881185,,,,2,2023-06-20T02:35:30+00:00
SAO_2765-10,São Paulo,3550308,True,,32913,,,-23.518918499999998,-46.546471,,,,2,2023-06-20T02:35:35+00:00
SAO_2765-10,São Paulo,3550308,True,,32913,,,-23.49270225,-46.4947205,,,,2,2023-06-20T02:31:42+00:00
SAO_2765-10,São Paulo,3550308,True,,32913,,,-23.532635749999997,-46.56256275,,,,2,2023-06-20T02:34:52+00:00
SAO_2765-10,São Paulo,3550308,True,,32913,,,-23.505170999999997,-46.520726999999994,,,,2,2023-06-20T02:35:07+00:00
SAO_675I-10,São Paulo,3550308,True,BR7 Mobilidade,68,https://moovitapp.com/index/pt-br/transporte_p%C3%BAblico-line-68-Sao_Paulo-242-851856-560661-0,5.75,-23.6223135,-46.671583,,,,1,2023-06-20T02:35:23+00:00
SAO_675I-10,São Paulo,3550308,True,BR7 Mobilidade,68,https://moovitapp.com/index/pt-br/transporte_p%C3%BAblico-line-68-Sao_Paulo-242-851856-560661-0,5.75,-23.62720175,-46.64218175,,,,1,2023-06-20T02:35:10+00:00
SAO_9300-10,São Paulo,3550308,True,,32884,,,-23.522801124999997,-46.658028375,,,,2,2023-06-20T02:35:23+00:00
SAO_9300-10,São Paulo,3550308,True,,32884,,,-23.4966235,-46.66229725,,,,2,2023-06-20T02:35:22+00:00
SAO_9300-10,São Paulo,3550308,True,,32884,,,-23.496948500000002,-46.66255175,,,,2,2023-06-20T02:35:11+00:00
SAO_9300-10,São Paulo,3550308,True,,32884,,,-23.548481000000002,-46.6297445,,,,2,2023-06-20T02:35:37+00:00
SAO_6063-42,São Paulo,3550308,True,,2002,,,-23.8118175,-46.6668815,,,,1,2023-06-20T02:35:14+00:00
SAO_6063-42,São Paulo,3550308,True,,2002,,,-23.815347,-46.66995975,,,,1,2023-06-20T02:35:38+00:00
SAO_7458-10,São Paulo,3550308,True,EMTU,496,https://moovitapp.com/index/pt-br/transporte_p%C3%BAblico-line-496-Sao_Paulo-242-2038937-36419521-0,5.4,-23.587854999999998,-46.736602875,,,,1,2023-06-20T02:35:23+00:00
SAO_407Y-10,São Paulo,3550308,True,,34974,,,-23.5728395,-46.541799999999995,,,,2,2023-06-20T02:35:00+00:00
SAO_407Y-10,São Paulo,3550308,True,,34974,,,-23.570582,-46.490271500000006,,,,2,2023-06-20T02:35:10+00:00
SAO_407Y-10,São Paulo,3550308,True,,34974,,,-23.572461875,-46.511435375,,,,2,2023-06-20T02:35:21+00:00
SAO_407Y-10,São Paulo,3550308,True,,34974,,,-23.570445,-46.490663,,,,2,2023-06-20T02:35:22+00:00
SAO_4708-10,São Paulo,3550308,True,,33100,,,-23.618168500000003,-46.6106385,,,,2,2023-06-20T02:34:53+00:00
SAO_4708-10,São Paulo,3550308,True,,33100,,,-23.639317499999997,-46.607468,,,,2,2023-06-20T02:35:34+00:00
SAO_6L05-10,São Paulo,3550308,True,,33941,,,-23.8653965,-46.6647665,,,,2,2023-06-20T02:04:35+00:00
SAO_6L05-10,São Paulo,3550308,True,,33941,,,-23.846876,-46.715995500000005,,,,2,2023-06-20T02:32:30+00:00
SAO_6L05-10,São Paulo,3550308,True,,33941,,,-23.865389,-46.664079,,,,2,2023-06-20T02:29:45+00:00
SAO_6022-10,São Paulo,3550308,True,,1207,,,-23.729324,-46.782303,,,,1,2023-06-20T02:35:20+00:00
SAO_6022-10,São Paulo,3550308,True,,1207,,,-23.694482,-46.7798025,,,,1,2023-06-20T02:35:28+00:00
SAO_6022-10,São Paulo,3550308,True,,1207,,,-23.729324,-46.782303,,,,1,2023-06-20T02:35:23+00:00
SAO_6062-51,São Paulo,3550308,True,,34507,,,-23.741882,-46.6813055,,,,2,2023-06-20T02:35:35+00:00
SAO_6062-51,São Paulo,3550308,True,,34507,,,-23.7419175,-46.681484499999996,,,,2,2023-06-20T02:30:28+00:00
SAO_6062-51,São Paulo,3550308,True,,34507,,,-23.663901000000003,-46.7096995,,,,2,2023-06-20T02:35:11+00:00
SAO_6062-51,São Paulo,3550308,True,,34507,,,-23.738169,-46.6865535,,,,2,2023-06-20T02:35:12+00:00
SAO_6062-51,São Paulo,3550308,True,,34507,,,-23.702490625,-46.701837375,,,,2,2023-06-20T02:35:27+00:00
SAO_2769-10,São Paulo,3550308,True,,397,,,-23.539696499999998,-46.575877500000004,,,,1,2023-06-20T02:35:14+00:00
SAO_778R-10,São Paulo,3550308,True,EMTU,509,https://moovitapp.com/index/pt-br/transporte_p%C3%BAblico-line-509-Sao_Paulo-242-2038937-36419531-0,4.95,-23.585307,-46.805366,,,,1,2023-06-20T02:35:31+00:00
SAO_778R-10,São Paulo,3550308,True,EMTU,509,https://moovitapp.com/index/pt-br/transporte_p%C3%BAblico-line-509-Sao_Paulo-242-2038937-36419531-0,4.95,-23.58353175,-46.778049749999994,,,,1,2023-06-20T02:35:17+00:00
SAO_778R-10,São Paulo,3550308,True,EMTU,509,https://moovitapp.com/index/pt-br/transporte_p%C3%BAblico-line-509-Sao_Paulo-242-2038937-36419531-0,4.95,-23.55553325,-46.662593,,,,1,2023-06-20T02:35:24+00:00
SAO_778R-10,São Paulo,3550308,True,EMTU,509,https://moovitapp.com/index/pt-br/transporte_p%C3%BAblico-line-509-Sao_Paulo-242-2038937-36419531-0,4.95,-23.53506275,-46.644746999999995,,,,1,2023-06-20T02:35:36+00:00
SAO_778R-10,São Paulo,3550308,True,EMTU,509,https://moovitapp.com/index/pt-br/transporte_p%C3%BAblico-line-509-Sao_Paulo-242-2038937-36419531-0,4.95,-23.585532999999998,-46.8056635,,,,1,2023-06-20T02:35:19+00:00
SAO_778R-10,São Paulo,3550308,True,EMTU,509,https://moovitapp.com/index/pt-br/transporte_p%C3%BAblico-line-509-Sao_Paulo-242-2038937-36419531-0,4.95,-23.578922,-46.7279305,,,,1,2023-06-20T02:30:06+00:00
SAO_2175-10,São Paulo,3550308,True,,697,,,-23.492268499999998,-46.57126975,,,,1,2023-06-20T02:34:05+00:00
SAO_2175-10,São Paulo,3550308,True,,697,,,-23.545488,-46.631078,,,,1,2023-06-20T02:35:07+00:00
SAO_2175-10,São Paulo,3550308,True,,697,,,-23.473947,-46.5664555,,,,1,2023-06-20T02:35:22+00:00
SAO_5123-10,São Paulo,3550308,True,,1125,,,-23.59562275,-46.642447000000004,,,,1,2023-06-20T02:35:05+00:00
SAO_5123-10,São Paulo,3550308,True,,1125,,,-23.6510425,-46.63951,,,,1,2023-06-20T02:34:56+00:00
SAO_5123-10,São Paulo,3550308,True,,1125,,,-23.59562275,-46.642447000000004,,,,1,2023-06-20T02:35:36+00:00
SAO_5123-10,São Paulo,3550308,True,,1125,,,-23.678448500000002,-46.630771499999994,,,,1,2023-06-20T02:35:11+00:00
SAO_5123-10,São Paulo,3550308,True,,1125,,,-23.59562275,-46.642447000000004,,,,1,2023-06-20T02:35:23+00:00
SAO_5123-10,São Paulo,3550308,True,,1125,,,-23.669463,-46.6367755,,,,1,2023-06-20T02:35:27+00:00
SAO_5123-10,São Paulo,3550308,True,,1125,,,-23.599569375,-46.644362625,,,,1,2023-06-20T02:35:10+00:00
SAO_4732-10,São Paulo,3550308,True,Rápido Campinas,302,https://moovitapp.com/index/pt-br/transporte_p%C3%BAblico-line-302-Sao_Paulo-242-858660-23262913-0,5.3,-23.647742,-46.5999445,,,,1,2023-06-20T02:35:24+00:00
SAO_4732-10,São Paulo,3550308,True,Rápido Campinas,302,https://moovitapp.com/index/pt-br/transporte_p%C3%BAblico-line-302-Sao_Paulo-242-858660-23262913-0,5.3,-23.618575749999998,-46.637992499999996,,,,1,2023-06-20T02:35:22+00:00
SAO_4732-10,São Paulo,3550308,True,Rápido Campinas,302,https://moovitapp.com/index/pt-br/transporte_p%C3%BAblico-line-302-Sao_Paulo-242-858660-23262913-0,5.3,-23.647742,-46.5999445,,,,1,2023-06-20T02:35:11+00:00
SAO_574A-10,São Paulo,3550308,True,Rápido Campinas,602,https://moovitapp.com/index/pt-br/transporte_p%C3%BAblico-line-602-Sao_Paulo-242-858660-638986-0,5.3,-23.618917500000002,-46.639234,,,,1,2023-06-20T02:35:30+00:00
SAO_574A-10,São Paulo,3550308,True,Rápido Campinas,602,https://moovitapp.com/index/pt-br/transporte_p%C3%BAblico-line-602-Sao_Paulo-242-858660-638986-0,5.3,-23.6683785,-46.642662,,,,1,2023-06-20T02:35:30+00:00
SAO_574A-10,São Paulo,3550308,True,Rápido Campinas,602,https://moovitapp.com/index/pt-br/transporte_p%C3%BAblico-line-602-Sao_Paulo-242-858660-638986-0,5.3,-23.565824375,-46.613998124999995,,,,1,2023-06-20T02:35:31+00:00
SAO_574A-10,São Paulo,3550308,True,Rápido Campinas,602,https://moovitapp.com/index/pt-br/transporte_p%C3%BAblico-line-602-Sao_Paulo-242-858660-638986-0,5.3,-23.592853,-46.636479,,,,1,2023-06-20T02:35:29+00:00
SAO_4221-10,São Paulo,3550308,True,,33093,,,-23.6018635,-46.530782,,,,2,2023-06-20T02:35:02+00:00
SAO_4221-10,São Paulo,3550308,True,,33093,,,-23.60887425,-46.514239,,,,2,2023-06-20T02:35:08+00:00
SAO_4221-10,São Paulo,3550308,True,,33093,,,-23.60887425,-46.514239,,,,2,2023-06-20T02:34:56+00:00
SAO_4221-10,São Paulo,3550308,True,,33093,,,-23.59627575,-46.572228499999994,,,,2,2023-06-20T02:35:33+00:00
SAO_715M-10,São Paulo,3550308,True,,33258,,,-23.574087499999997,-46.735716499999995,,,,2,2023-06-20T02:35:29+00:00
SAO_715M-10,São Paulo,3550308,True,,33258,,,-23.5566095,-46.634146,,,,2,2023-06-20T02:35:31+00:00
SAO_715M-10,São Paulo,3550308,True,,33258,,,-23.564365000000002,-46.6782645,,,,2,2023-06-20T02:35:35+00:00
SAO_715M-10,São Paulo,3550308,True,,33258,,,-23.583049,-46.761895499999994,,,,2,2023-06-20T02:35:08+00:00
SAO_715M-10,São Paulo,3550308,True,,33258,,,-23.568944000000002,-46.64720775,,,,2,2023-06-20T02:35:03+00:00
SAO_715M-10,São Paulo,3550308,True,,33258,,,-23.583534999999998,-46.7620345,,,,2,2023-06-20T02:35:08+00:00
SAO_715M-10,São Paulo,3550308,True,,33258,,,-23.584043,-46.7620915,,,,2,2023-06-20T02:35:21+00:00
SAO_407M-10,São Paulo,3550308,True,,318,,,-23.575516,-46.6172385,,,,1,2023-06-20T02:35:12+00:00
SAO_8050-10,São Paulo,3550308,True,,33180,,,-23.44156,-46.790466499999994,,,,2,2023-06-20T02:34:51+00:00
SAO_8050-10,São Paulo,3550308,True,,33180,,,-23.5193455,-46.702147,,,,2,2023-06-20T02:35:25+00:00
SAO_8050-10,São Paulo,3550308,True,,33180,,,-23.48173975,-46.77051325,,,,2,2023-06-20T02:35:16+00:00
SAO_8050-10,São Paulo,3550308,True,,33180,,,-23.442286,-46.791363000000004,,,,2,2023-06-20T02:34:33+00:00
SAO_8050-10,São Paulo,3550308,True,,33180,,,-23.5193455,-46.702147,,,,2,2023-06-20T02:35:34+00:00
SAO_2715-10,São Paulo,3550308,True,,928,,,-23.53037075,-46.50092875,,,,1,2023-06-20T02:35:32+00:00
SAO_2715-10,São Paulo,3550308,True,,928,,,-23.500205,-46.5006405,,,,1,2023-06-20T02:35:01+00:00
SAO_2715-10,São Paulo,3550308,True,,928,,,-23.494761500000003,-46.500461,,,,1,2023-06-20T02:35:17+00:00
SAO_748A-10,São Paulo,3550308,True,EMTU,498,https://moovitapp.com/index/pt-br/transporte_p%C3%BAblico-line-498-Sao_Paulo-242-2038937-36419523-0,5.4,-23.5756365,-46.7796795,,,,1,2023-06-20T02:35:30+00:00
SAO_748A-10,São Paulo,3550308,True,EMTU,498,https://moovitapp.com/index/pt-br/transporte_p%C3%BAblico-line-498-Sao_Paulo-242-2038937-36419523-0,5.4,-23.52441125,-46.7198145,,,,1,2023-06-20T02:35:08+00:00
SAO_978L-10,São Paulo,3550308,True,,33234,,,-23.533937375,-46.648290625,,,,2,2023-06-20T02:35:25+00:00
SAO_978L-10,São Paulo,3550308,True,,33234,,,-23.492835999999997,-46.677679,,,,2,2023-06-20T02:35:09+00:00
SAO_3006-10,São Paulo,3550308,True,,34633,,,-23.5476935,-46.390091,,,,2,2023-06-20T02:33:52+00:00
SAO_3006-10,São Paulo,3550308,True,,34633,,,-23.542018,-46.415611,,,,2,2023-06-20T02:34:57+00:00
SAO_3006-10,São Paulo,3550308,True,,34633,,,-23.5470265,-46.3969595,,,,2,2023-06-20T02:35:22+00:00
SAO_3006-10,São Paulo,3550308,True,,34633,,,-23.547792,-46.390069,,,,2,2023-06-20T02:35:10+00:00
SAO_3006-10,São Paulo,3550308,True,,34633,,,-23.548008000000003,-46.390071,,,,2,2023-06-20T02:34:54+00:00
SAO_3006-10,São Paulo,3550308,True,,34633,,,-23.54564175,-46.401308,,,,2,2023-06-20T02:35:17+00:00
SAO_3141-10,São Paulo,3550308,True,,734,,,-23.6124025,-46.482224,,,,1,2023-06-20T02:35:15+00:00
SAO_3141-10,São Paulo,3550308,True,,734,,,-23.5429115,-46.5874025,,,,1,2023-06-20T02:35:05+00:00
SAO_3141-10,São Paulo,3550308,True,,734,,,-23.612431,-46.478824,,,,1,2023-06-20T02:35:07+00:00
SAO_3141-10,São Paulo,3550308,True,,734,,,-23.612184499999998,-46.482907499999996,,,,1,2023-06-20T02:35:34+00:00
SAO_3141-10,São Paulo,3550308,True,,734,,,-23.60797675,-46.506598249999996,,,,1,2023-06-20T02:35:24+00:00
SAO_3141-10,São Paulo,3550308,True,,734,,,-23.612576,-46.480059499999996,,,,1,2023-06-20T02:33:51+00:00
SAO_809L-10,São Paulo,3550308,True,,1949,,,-23.524305375,-46.699206375,,,,1,2023-06-20T02:35:12+00:00
SAO_809L-10,São Paulo,3550308,True,,1949,,,-23.6323625,-46.7722555,,,,1,2023-06-20T02:35:34+00:00
SAO_809L-10,São Paulo,3550308,True,,1949,,,-23.616358750000003,-46.75709175,,,,1,2023-06-20T02:35:01+00:00
SAO_809L-10,São Paulo,3550308,True,,1949,,,-23.524549625000002,-46.699218625,,,,1,2023-06-20T02:35:29+00:00
SAO_809L-10,São Paulo,3550308,True,,1949,,,-23.58483025,-46.728205,,,,1,2023-06-20T02:35:36+00:00
SAO_809L-10,São Paulo,3550308,True,,1949,,,-23.545075,-46.708400499999996,,,,1,2023-06-20T02:35:20+00:00
SAO_809L-10,São Paulo,3550308,True,,1949,,,-23.6315005,-46.773324,,,,1,2023-06-20T02:35:27+00:00
SAO_809L-10,São Paulo,3550308,True,,1949,,,-23.6326455,-46.77347,,,,1,2023-06-20T02:35:28+00:00
SAO_6002-10,São Paulo,3550308,True,,1979,,,-23.6886175,-46.680141500000005,,,,1,2023-06-20T02:35:10+00:00
SAO_6002-10,São Paulo,3550308,True,,1979,,,-23.7095945,-46.698440500000004,,,,1,2023-06-20T02:35:28+00:00
SAO_2724-10,São Paulo,3550308,True,,938,,,-23.5396445,-46.483602,,,,1,2023-06-20T02:35:14+00:00
SAO_2724-10,São Paulo,3550308,True,,938,,,-23.5396445,-46.483602,,,,1,2023-06-20T02:35:04+00:00
SAO_2724-10,São Paulo,3550308,True,,938,,,-23.52673125,-46.46953625,,,,1,2023-06-20T02:35:03+00:00
SAO_2724-10,São Paulo,3550308,True,,938,,,-23.5396445,-46.483602,,,,1,2023-06-20T02:35:16+00:00
SAO_2724-10,São Paulo,3550308,True,,938,,,-23.5396445,-46.483602,,,,1,2023-06-20T02:35:30+00:00
SAO_2724-10,São Paulo,3550308,True,,938,,,-23.5396445,-46.483602,,,,1,2023-06-20T02:34:57+00:00
SAO_2724-10,São Paulo,3550308,True,,938,,,-23.5384885,-46.47931125,,,,1,2023-06-20T02:34:57+00:00
SAO_3728-41,São Paulo,3550308,True,,1988,,,-23.544620000000002,-46.4869145,,,,1,2023-06-20T02:35:24+00:00
SAO_3728-41,São Paulo,3550308,True,,1988,,,-23.5421635,-46.4837615,,,,1,2023-06-20T02:35:07+00:00
SAO_5106-10,São Paulo,3550308,True,,34048,,,-23.60966275,-46.63795625,,,,2,2023-06-20T02:34:59+00:00
SAO_5106-10,São Paulo,3550308,True,,34048,,,-23.574022,-46.6499635,,,,2,2023-06-20T02:35:20+00:00
SAO_5106-10,São Paulo,3550308,True,,34048,,,-23.6848065,-46.653604,,,,2,2023-06-20T02:35:02+00:00
SAO_5106-10,São Paulo,3550308,True,,34048,,,-23.643800749999997,-46.641321,,,,2,2023-06-20T02:35:22+00:00
SAO_5106-10,São Paulo,3550308,True,,34048,,,-23.6853365,-46.654162,,,,2,2023-06-20T02:34:56+00:00
SAO_5106-10,São Paulo,3550308,True,,34048,,,-23.64662525,-46.64058625,,,,2,2023-06-20T02:35:34+00:00
SAO_5106-10,São Paulo,3550308,True,,34048,,,-23.685052499999998,-46.653792499999994,,,,2,2023-06-20T02:35:25+00:00
SAO_709M-10,São Paulo,3550308,True,,35230,,,-23.618018499999998,-46.697607375000004,,,,2,2023-06-20T02:35:25+00:00
SAO_709M-10,São Paulo,3550308,True,,35230,,,-23.596901,-46.6914,,,,2,2023-06-20T02:35:02+00:00
SAO_709M-10,São Paulo,3550308,True,,35230,,,-23.567552999999997,-46.694711999999996,,,,2,2023-06-20T02:29:42+00:00
SAO_709M-10,São Paulo,3550308,True,,35230,,,-23.566688,-46.701549,,,,2,2023-06-20T02:35:27+00:00
SAO_709M-10,São Paulo,3550308,True,,35230,,,-23.566688,-46.701549,,,,2,2023-06-20T02:35:00+00:00
SAO_4742-10,São Paulo,3550308,True,,33110,,,-23.638129,-46.6084565,,,,2,2023-06-20T02:34:53+00:00
SAO_4742-10,São Paulo,3550308,True,,33110,,,-23.645526,-46.6070175,,,,2,2023-06-20T02:35:00+00:00
SAO_4742-10,São Paulo,3550308,True,,33110,,,-23.624087625,-46.640517875,,,,2,2023-06-20T02:35:19+00:00
SAO_4742-10,São Paulo,3550308,True,,33110,,,-23.637736,-46.608392,,,,2,2023-06-20T02:35:31+00:00
SAO_5032-10,São Paulo,3550308,True,,34430,,,-23.6035675,-46.591725,,,,2,2023-06-20T02:35:19+00:00
SAO_5032-10,São Paulo,3550308,True,,34430,,,-23.602662000000002,-46.602517500000005,,,,2,2023-06-20T02:35:13+00:00
SAO_5032-10,São Paulo,3550308,True,,34430,,,-23.636301000000003,-46.593498499999995,,,,2,2023-06-20T02:35:30+00:00
SAO_5032-10,São Paulo,3550308,True,,34430,,,-23.5928255,-46.591333875000004,,,,2,2023-06-20T02:35:36+00:00
SAO_5032-10,São Paulo,3550308,True,,34430,,,-23.5989925,-46.60508725,,,,2,2023-06-20T02:35:37+00:00
SAO_5032-10,São Paulo,3550308,True,,34430,,,-23.636195999999998,-46.5934805,,,,2,2023-06-20T02:35:16+00:00
SAO_5032-10,São Paulo,3550308,True,,34430,,,-23.6295695,-46.5882465,,,,2,2023-06-20T02:34:55+00:00
SAO_6825-10,São Paulo,3550308,True,BR7 Mobilidade,14,https://moovitapp.com/index/pt-br/transporte_p%C3%BAblico-line-14-Sao_Paulo-242-851856-183465-0,5.75,-23.653725,-46.762792000000005,,,,1,2023-06-20T02:35:16+00:00
SAO_6825-10,São Paulo,3550308,True,BR7 Mobilidade,14,https://moovitapp.com/index/pt-br/transporte_p%C3%BAblico-line-14-Sao_Paulo-242-851856-183465-0,5.75,-23.669317999999997,-46.7852455,,,,1,2023-06-20T02:35:31+00:00
SAO_6825-10,São Paulo,3550308,True,BR7 Mobilidade,14,https://moovitapp.com/index/pt-br/transporte_p%C3%BAblico-line-14-Sao_Paulo-242-851856-183465-0,5.75,-23.685346,-46.800567,,,,1,2023-06-20T02:35:11+00:00
SAO_6825-10,São Paulo,3550308,True,BR7 Mobilidade,14,https://moovitapp.com/index/pt-br/transporte_p%C3%BAblico-line-14-Sao_Paulo-242-851856-183465-0,5.75,-23.685346,-46.800567,,,,1,2023-06-20T02:34:01+00:00
SAO_6825-10,São Paulo,3550308,True,BR7 Mobilidade,14,https://moovitapp.com/index/pt-br/transporte_p%C3%BAblico-line-14-Sao_Paulo-242-851856-183465-0,5.75,-23.677695,-46.793955499999996,,,,1,2023-06-20T02:35:16+00:00
SAO_2100-10,São Paulo,3550308,True,STT,713,https://moovitapp.com/index/pt-br/transporte_p%C3%BAblico-line-713-Sao_Paulo-242-850661-183342-0,5.3,-23.552018000000004,-46.621163375,,,,1,2023-06-20T02:35:21+00:00
SAO_2100-10,São Paulo,3550308,True,STT,713,https://moovitapp.com/index/pt-br/transporte_p%C3%BAblico-line-713-Sao_Paulo-242-850661-183342-0,5.3,-23.548959500000002,-46.633165500000004,,,,1,2023-06-20T02:35:27+00:00
SAO_2100-10,São Paulo,3550308,True,STT,713,https://moovitapp.com/index/pt-br/transporte_p%C3%BAblico-line-713-Sao_Paulo-242-850661-183342-0,5.3,-23.5596135,-46.5867435,,,,1,2023-06-20T02:35:25+00:00
SAO_2100-10,São Paulo,3550308,True,STT,713,https://moovitapp.com/index/pt-br/transporte_p%C3%BAblico-line-713-Sao_Paulo-242-850661-183342-0,5.3,-23.5587215,-46.522659000000004,,,,1,2023-06-20T02:35:14+00:00
SAO_2100-10,São Paulo,3550308,True,STT,713,https://moovitapp.com/index/pt-br/transporte_p%C3%BAblico-line-713-Sao_Paulo-242-850661-183342-0,5.3,-23.567289000000002,-46.543085500000004,,,,1,2023-06-20T02:35:27+00:00
SAO_2100-10,São Paulo,3550308,True,STT,713,https://moovitapp.com/index/pt-br/transporte_p%C3%BAblico-line-713-Sao_Paulo-242-850661-183342-0,5.3,-23.54945075,-46.63263675,,,,1,2023-06-20T02:35:28+00:00
SAO_2100-10,São Paulo,3550308,True,STT,713,https://moovitapp.com/index/pt-br/transporte_p%C3%BAblico-line-713-Sao_Paulo-242-850661-183342-0,5.3,-23.5556785,-46.576248,,,,1,2023-06-20T02:35:12+00:00
SAO_3206-10,São Paulo,3550308,True,,2112,,,-23.5330545,-46.543981,,,,1,2023-06-20T02:35:29+00:00
SAO_971A-10,São Paulo,3550308,True,,658,,,-23.4880765,-46.676432750000004,,,,1,2023-06-20T02:35:31+00:00
SAO_971A-10,São Paulo,3550308,True,,658,,,-23.522862,-46.623778,,,,1,2023-06-20T02:35:18+00:00
SAO_971A-10,São Paulo,3550308,True,,658,,,-23.5021105,-46.646945,,,,1,2023-06-20T02:35:13+00:00
SAO_7001-10,São Paulo,3550308,True,,34490,,,-23.7151925,-46.770497,,,,2,2023-06-20T02:35:03+00:00
SAO_7001-10,São Paulo,3550308,True,,34490,,,-23.682668,-46.7694715,,,,2,2023-06-20T02:33:46+00:00
SAO_7001-10,São Paulo,3550308,True,,34490,,,-23.7243085,-46.754826,,,,2,2023-06-20T02:35:22+00:00
SAO_7001-10,São Paulo,3550308,True,,34490,,,-23.7243085,-46.754826,,,,2,2023-06-20T02:35:08+00:00
SAO_7001-10,São Paulo,3550308,True,,34490,,,-23.727864,-46.763550499999994,,,,2,2023-06-20T02:30:00+00:00
SAO_7001-10,São Paulo,3550308,True,,34490,,,-23.69319,-46.778980000000004,,,,2,2023-06-20T02:35:15+00:00
SAO_7001-10,São Paulo,3550308,True,,34490,,,-23.7243085,-46.754826,,,,2,2023-06-20T02:35:27+00:00
SAO_7001-10,São Paulo,3550308,True,,34490,,,-23.720467,-46.755721,,,,2,2023-06-20T02:33:04+00:00
SAO_3139-10,São Paulo,3550308,True,,33763,,,-23.567994,-46.523497,,,,2,2023-06-20T02:35:14+00:00
SAO_3139-10,São Paulo,3550308,True,,33763,,,-23.567712999999998,-46.523499,,,,2,2023-06-20T02:35:01+00:00
SAO_3139-10,São Paulo,3550308,True,,33763,,,-23.55607175,-46.581324499999994,,,,2,2023-06-20T02:35:01+00:00
SAO_6820-31,São Paulo,3550308,True,,1406,,,-23.6568455,-46.7658655,,,,1,2023-06-20T02:35:23+00:00
SAO_6820-31,São Paulo,3550308,True,,1406,,,-23.6540545,-46.763478,,,,1,2023-06-20T02:35:19+00:00
SAO_6835-31,São Paulo,3550308,True,,1407,,,-23.683338499999998,-46.789263000000005,,,,1,2023-06-20T02:35:14+00:00
SAO_746C-10,São Paulo,3550308,True,STT,783,https://moovitapp.com/index/pt-br/transporte_p%C3%BAblico-line-783-Sao_Paulo-242-850661-183351-0,5.3,-23.6498405,-46.707801,,,,1,2023-06-20T02:35:35+00:00
SAO_746C-10,São Paulo,3550308,True,STT,783,https://moovitapp.com/index/pt-br/transporte_p%C3%BAblico-line-783-Sao_Paulo-242-850661-183351-0,5.3,-23.6404705,-46.7369465,,,,1,2023-06-20T02:35:21+00:00
SAO_746C-10,São Paulo,3550308,True,STT,783,https://moovitapp.com/index/pt-br/transporte_p%C3%BAblico-line-783-Sao_Paulo-242-850661-183351-0,5.3,-23.6497155,-46.708284,,,,1,2023-06-20T02:35:27+00:00
SAO_746C-10,São Paulo,3550308,True,STT,783,https://moovitapp.com/index/pt-br/transporte_p%C3%BAblico-line-783-Sao_Paulo-242-850661-183351-0,5.3,-23.6085235,-46.7503485,,,,1,2023-06-20T02:35:33+00:00
SAO_746C-10,São Paulo,3550308,True,STT,783,https://moovitapp.com/index/pt-br/transporte_p%C3%BAblico-line-783-Sao_Paulo-242-850661-183351-0,5.3,-23.619319500000003,-46.742773,,,,1,2023-06-20T02:34:57+00:00
SAO_746C-10,São Paulo,3550308,True,STT,783,https://moovitapp.com/index/pt-br/transporte_p%C3%BAblico-line-783-Sao_Paulo-242-850661-183351-0,5.3,-23.64906275,-46.709715,,,,1,2023-06-20T02:35:32+00:00
SAO_6092-10,São Paulo,3550308,True,,1177,,,-23.740434,-46.691452999999996,,,,1,2023-06-20T02:35:05+00:00
SAO_6076-41,São Paulo,3550308,True,,1986,,,-23.718534,-46.697025,,,,1,2023-06-20T02:34:57+00:00
SAO_9050-10,São Paulo,3550308,True,,2088,,,-23.559807,-46.696440625,,,,1,2023-06-20T02:35:12+00:00
SAO_9050-10,São Paulo,3550308,True,,2088,,,-23.54153875,-46.70005725,,,,1,2023-06-20T02:35:34+00:00
SAO_9050-10,São Paulo,3550308,True,,2088,,,-23.5200915,-46.699243,,,,1,2023-06-20T02:35:29+00:00
SAO_9050-10,São Paulo,3550308,True,,2088,,,-23.545928500000002,-46.710071,,,,1,2023-06-20T02:35:22+00:00
SAO_9050-10,São Paulo,3550308,True,,2088,,,-23.550842250000002,-46.7011265625,,,,1,2023-06-20T02:35:15+00:00
SAO_9050-10,São Paulo,3550308,True,,2088,,,-23.524408375,-46.70302375,,,,1,2023-06-20T02:35:25+00:00
SAO_1896-10,São Paulo,3550308,True,,35288,,,-23.4532285,-46.7434025,,,,2,2023-06-20T02:35:07+00:00
SAO_1896-10,São Paulo,3550308,True,,35288,,,-23.507753,-46.7089275,,,,2,2023-06-20T02:35:18+00:00
SAO_1896-10,São Paulo,3550308,True,,35288,,,-23.506698,-46.716384500000004,,,,2,2023-06-20T02:35:22+00:00
SAO_1896-10,São Paulo,3550308,True,,35288,,,-23.534312,-46.654430500000004,,,,2,2023-06-20T02:35:16+00:00
SAO_172Y-10,São Paulo,3550308,True,,862,,,-23.474249,-46.580423499999995,,,,1,2023-06-20T02:34:12+00:00
SAO_172Y-10,São Paulo,3550308,True,,862,,,-23.508782,-46.593920999999995,,,,1,2023-06-20T02:34:51+00:00
SAO_172Y-10,São Paulo,3550308,True,,862,,,-23.53929025,-46.59661275,,,,1,2023-06-20T02:35:25+00:00
SAO_695H-10,São Paulo,3550308,True,,1196,,,-23.74805575,-46.70845224999999,,,,1,2023-06-20T02:34:04+00:00
SAO_695H-10,São Paulo,3550308,True,,1196,,,-23.67678425,-46.6967715,,,,1,2023-06-20T02:35:07+00:00
SAO_695H-10,São Paulo,3550308,True,,1196,,,-23.751314999999998,-46.710595999999995,,,,1,2023-06-20T02:35:31+00:00
SAO_695H-10,São Paulo,3550308,True,,1196,,,-23.7888855,-46.715402499999996,,,,1,2023-06-20T02:32:04+00:00
SAO_695H-10,São Paulo,3550308,True,,1196,,,-23.6538535,-46.71088,,,,1,2023-06-20T02:35:12+00:00
SAO_695H-10,São Paulo,3550308,True,,1196,,,-23.727759,-46.6991265,,,,1,2023-06-20T02:35:24+00:00
SAO_5757-10,São Paulo,3550308,True,,34056,,,-23.691199500000003,-46.639219499999996,,,,2,2023-06-20T02:35:07+00:00
SAO_5757-10,São Paulo,3550308,True,,34056,,,-23.680846000000003,-46.6389225,,,,2,2023-06-20T02:35:25+00:00
SAO_5757-10,São Paulo,3550308,True,,34056,,,-23.662698,-46.64764,,,,2,2023-06-20T02:35:32+00:00
SAO_5757-10,São Paulo,3550308,True,,34056,,,-23.680846000000003,-46.6389225,,,,2,2023-06-20T02:34:52+00:00
SAO_5757-10,São Paulo,3550308,True,,34056,,,-23.6913305,-46.639309999999995,,,,2,2023-06-20T02:35:12+00:00
SAO_174M-10,São Paulo,3550308,True,,673,,,-23.537124249999998,-46.62224325,,,,1,2023-06-20T02:34:44+00:00
SAO_174M-10,São Paulo,3550308,True,,673,,,-23.579950750000002,-46.60480425,,,,1,2023-06-20T02:35:28+00:00
SAO_174M-10,São Paulo,3550308,True,,673,,,-23.481731,-46.60282475,,,,1,2023-06-20T02:34:52+00:00
SAO_7053-10,São Paulo,3550308,True,,34655,,,-23.653941000000003,-46.78870825,,,,2,2023-06-20T02:35:22+00:00
SAO_7053-10,São Paulo,3550308,True,,34655,,,-23.653941000000003,-46.78870825,,,,2,2023-06-20T02:35:15+00:00
SAO_7053-10,São Paulo,3550308,True,,34655,,,-23.653941000000003,-46.78870825,,,,2,2023-06-20T02:34:57+00:00
SAO_7053-10,São Paulo,3550308,True,,34655,,,-23.653014,-46.791875000000005,,,,2,2023-06-20T02:35:13+00:00
SAO_7053-10,São Paulo,3550308,True,,34655,,,-23.653941000000003,-46.78870825,,,,2,2023-06-20T02:35:34+00:00
SAO_7053-10,São Paulo,3550308,True,,34655,,,-23.653941000000003,-46.78870825,,,,2,2023-06-20T02:34:57+00:00
SAO_7053-10,São Paulo,3550308,True,,34655,,,-23.653941000000003,-46.78870825,,,,2,2023-06-20T02:34:54+00:00
SAO_7053-10,São Paulo,3550308,True,,34655,,,-23.6361275,-46.777404,,,,2,2023-06-20T02:35:29+00:00
SAO_7053-10,São Paulo,3550308,True,,34655,,,-23.653941000000003,-46.78870825,,,,2,2023-06-20T02:35:21+00:00
SAO_5034-31,São Paulo,3550308,True,,1664,,,-23.6026645,-46.60273,,,,1,2023-06-20T02:35:05+00:00
SAO_5034-31,São Paulo,3550308,True,,1664,,,-23.602728999999997,-46.602790999999996,,,,1,2023-06-20T02:35:29+00:00
SAO_5034-31,São Paulo,3550308,True,,1664,,,-23.639176,-46.592169999999996,,,,1,2023-06-20T02:35:20+00:00
SAO_5034-31,São Paulo,3550308,True,,1664,,,-23.603487,-46.603455999999994,,,,1,2023-06-20T02:35:14+00:00
SAO_4056-10,São Paulo,3550308,True,,2237,,,-23.607075000000002,-46.4513815,,,,1,2023-06-20T02:35:07+00:00
SAO_4056-10,São Paulo,3550308,True,,2237,,,-23.610303000000002,-46.4642425,,,,1,2023-06-20T02:35:32+00:00
SAO_4056-10,São Paulo,3550308,True,,2237,,,-23.606942,-46.4511915,,,,1,2023-06-20T02:35:19+00:00
SAO_2182-10,São Paulo,3550308,True,STT,700,https://moovitapp.com/index/pt-br/transporte_p%C3%BAblico-line-700-Sao_Paulo-242-850661-183337-0,5.3,-23.5423635,-46.6365095,,,,1,2023-06-20T02:35:31+00:00
SAO_2182-10,São Paulo,3550308,True,STT,700,https://moovitapp.com/index/pt-br/transporte_p%C3%BAblico-line-700-Sao_Paulo-242-850661-183337-0,5.3,-23.497451,-46.574927875,,,,1,2023-06-20T02:34:01+00:00
SAO_2182-10,São Paulo,3550308,True,STT,700,https://moovitapp.com/index/pt-br/transporte_p%C3%BAblico-line-700-Sao_Paulo-242-850661-183337-0,5.3,-23.542662999999997,-46.635557,,,,1,2023-06-20T02:35:22+00:00
SAO_2182-10,São Paulo,3550308,True,STT,700,https://moovitapp.com/index/pt-br/transporte_p%C3%BAblico-line-700-Sao_Paulo-242-850661-183337-0,5.3,-23.481513999999997,-46.5715465,,,,1,2023-06-20T02:34:54+00:00
SAO_2182-10,São Paulo,3550308,True,STT,700,https://moovitapp.com/index/pt-br/transporte_p%C3%BAblico-line-700-Sao_Paulo-242-850661-183337-0,5.3,-23.481513999999997,-46.5715465,,,,1,2023-06-20T02:31:31+00:00
SAO_2182-10,São Paulo,3550308,True,STT,700,https://moovitapp.com/index/pt-br/transporte_p%C3%BAblico-line-700-Sao_Paulo-242-850661-183337-0,5.3,-23.528763249999997,-46.60221725,,,,1,2023-06-20T02:33:26+00:00
SAO_2182-10,São Paulo,3550308,True,STT,700,https://moovitapp.com/index/pt-br/transporte_p%C3%BAblico-line-700-Sao_Paulo-242-850661-183337-0,5.3,-23.481513999999997,-46.5715465,,,,1,2023-06-20T02:34:52+00:00
SAO_2182-10,São Paulo,3550308,True,STT,700,https://moovitapp.com/index/pt-br/transporte_p%C3%BAblico-line-700-Sao_Paulo-242-850661-183337-0,5.3,-23.542247500000002,-46.61546725,,,,1,2023-06-20T02:34:33+00:00
SAO_477U-10,São Paulo,3550308,True,,33074,,,-23.60934,-46.5948055,,,,2,2023-06-20T02:35:08+00:00
SAO_477U-10,São Paulo,3550308,True,,33074,,,-23.60934,-46.5948055,,,,2,2023-06-20T02:35:22+00:00
SAO_477U-10,São Paulo,3550308,True,,33074,,,-23.585166625,-46.6202835,,,,2,2023-06-20T02:34:58+00:00
SAO_1730-10,São Paulo,3550308,True,,33633,,,-23.515024500000003,-46.616318500000006,,,,2,2023-06-20T02:35:15+00:00
SAO_1730-10,São Paulo,3550308,True,,33633,,,-23.502589,-46.623686500000005,,,,2,2023-06-20T02:35:10+00:00
SAO_1730-10,São Paulo,3550308,True,,33633,,,-23.51559625,-46.61637925,,,,2,2023-06-20T02:35:10+00:00
SAO_1730-10,São Paulo,3550308,True,,33633,,,-23.51559625,-46.61637925,,,,2,2023-06-20T02:34:57+00:00
SAO_8078-10,São Paulo,3550308,True,,2080,,,-23.6254505,-46.7479555,,,,1,2023-06-20T02:35:07+00:00
SAO_8078-10,São Paulo,3550308,True,,2080,,,-23.624746000000002,-46.76548475,,,,1,2023-06-20T02:35:05+00:00
SAO_8078-10,São Paulo,3550308,True,,2080,,,-23.6254505,-46.7479555,,,,1,2023-06-20T02:35:18+00:00
SAO_8078-10,São Paulo,3550308,True,,2080,,,-23.6254505,-46.7479555,,,,1,2023-06-20T02:35:07+00:00
SAO_695X-10,São Paulo,3550308,True,,34209,,,-23.652279749999998,-46.67927125,,,,2,2023-06-20T02:35:23+00:00
SAO_695X-10,São Paulo,3550308,True,,34209,,,-23.767516,-46.7165655,,,,2,2023-06-20T02:35:15+00:00
SAO_695X-10,São Paulo,3550308,True,,34209,,,-23.734389999999998,-46.6990485,,,,2,2023-06-20T02:35:18+00:00
SAO_695X-10,São Paulo,3550308,True,,34209,,,-23.647087499999998,-46.63931,,,,2,2023-06-20T02:35:07+00:00
SAO_695X-10,São Paulo,3550308,True,,34209,,,-23.6480045,-46.660892000000004,,,,2,2023-06-20T02:35:22+00:00
SAO_695X-10,São Paulo,3550308,True,,34209,,,-23.7676555,-46.7165805,,,,2,2023-06-20T02:35:01+00:00
SAO_695X-10,São Paulo,3550308,True,,34209,,,-23.64955225,-46.677019125,,,,2,2023-06-20T02:35:14+00:00
SAO_695X-10,São Paulo,3550308,True,,34209,,,-23.65571975,-46.67982225,,,,2,2023-06-20T02:35:23+00:00
SAO_695X-10,São Paulo,3550308,True,,34209,,,-23.766890250000003,-46.7169705,,,,2,2023-06-20T02:35:10+00:00
SAO_5652-10,São Paulo,3550308,True,STT,274,https://moovitapp.com/index/pt-br/transporte_p%C3%BAblico-line-274-Sao_Paulo-242-850661-183274-0,5.3,-23.703607499999997,-46.6881495,,,,1,2023-06-20T02:35:07+00:00
SAO_5652-10,São Paulo,3550308,True,STT,274,https://moovitapp.com/index/pt-br/transporte_p%C3%BAblico-line-274-Sao_Paulo-242-850661-183274-0,5.3,-23.651139999999998,-46.678180749999996,,,,1,2023-06-20T02:35:09+00:00
SAO_5652-10,São Paulo,3550308,True,STT,274,https://moovitapp.com/index/pt-br/transporte_p%C3%BAblico-line-274-Sao_Paulo-242-850661-183274-0,5.3,-23.549575,-46.636593500000004,,,,1,2023-06-20T02:35:20+00:00
SAO_5652-10,São Paulo,3550308,True,STT,274,https://moovitapp.com/index/pt-br/transporte_p%C3%BAblico-line-274-Sao_Paulo-242-850661-183274-0,5.3,-23.71772,-46.690772,,,,1,2023-06-20T02:35:26+00:00
SAO_178L-10,São Paulo,3550308,True,EMTU,560,https://moovitapp.com/index/pt-br/transporte_p%C3%BAblico-line-560-Sao_Paulo-242-2038937-36419561-0,6.2,-23.5345545,-46.64890575,,,,1,2023-06-20T02:35:15+00:00
SAO_178L-10,São Paulo,3550308,True,EMTU,560,https://moovitapp.com/index/pt-br/transporte_p%C3%BAblico-line-560-Sao_Paulo-242-2038937-36419561-0,6.2,-23.5498635,-46.6823885,,,,1,2023-06-20T02:35:24+00:00
SAO_178L-10,São Paulo,3550308,True,EMTU,560,https://moovitapp.com/index/pt-br/transporte_p%C3%BAblico-line-560-Sao_Paulo-242-2038937-36419561-0,6.2,-23.541486,-46.6450485,,,,1,2023-06-20T02:35:06+00:00
SAO_178L-10,São Paulo,3550308,True,EMTU,560,https://moovitapp.com/index/pt-br/transporte_p%C3%BAblico-line-560-Sao_Paulo-242-2038937-36419561-0,6.2,-23.5496345,-46.682542,,,,1,2023-06-20T02:35:30+00:00
SAO_6093-10,São Paulo,3550308,True,,1585,,,-23.8350995,-46.72203450000001,,,,1,2023-06-20T02:35:30+00:00
SAO_6093-10,São Paulo,3550308,True,,1585,,,-23.73850375,-46.69805125,,,,1,2023-06-20T02:34:57+00:00
SAO_6093-10,São Paulo,3550308,True,,1585,,,-23.786048,-46.72607525,,,,1,2023-06-20T02:35:25+00:00
SAO_6093-10,São Paulo,3550308,True,,1585,,,-23.74271025,-46.70255975,,,,1,2023-06-20T02:35:10+00:00
SAO_5370-21,São Paulo,3550308,True,,1551,,,-23.739723,-46.702105,,,,1,2023-06-20T02:35:35+00:00
SAO_8077-10,São Paulo,3550308,True,,34818,,,-23.601959375,-46.791777625,,,,2,2023-06-20T02:35:22+00:00
SAO_8077-10,São Paulo,3550308,True,,34818,,,-23.6016895,-46.791908,,,,2,2023-06-20T02:35:28+00:00
SAO_8077-10,São Paulo,3550308,True,,34818,,,-23.586468,-46.750264,,,,2,2023-06-20T02:35:16+00:00
SAO_139A-10,São Paulo,3550308,True,,35219,,,-23.4861205,-46.710727500000004,,,,2,2023-06-20T02:35:26+00:00
SAO_139A-10,São Paulo,3550308,True,,35219,,,-23.482177,-46.707179499999995,,,,2,2023-06-20T02:35:12+00:00
SAO_6120-10,São Paulo,3550308,True,,33957,,,-23.76146875,-46.672875625,,,,2,2023-06-20T02:34:57+00:00
SAO_6120-10,São Paulo,3550308,True,,33957,,,-23.76008125,-46.67663625,,,,2,2023-06-20T02:34:59+00:00
SAO_6120-10,São Paulo,3550308,True,,33957,,,-23.7602595,-46.67738249999999,,,,2,2023-06-20T02:34:18+00:00
SAO_6120-10,São Paulo,3550308,True,,33957,,,-23.7545765,-46.679976499999995,,,,2,2023-06-20T02:35:24+00:00
SAO_4016-10,São Paulo,3550308,True,,34957,,,-23.633831,-46.470434749999995,,,,2,2023-06-20T02:35:22+00:00
SAO_4016-10,São Paulo,3550308,True,,34957,,,-23.6282815,-46.4620495,,,,2,2023-06-20T02:34:56+00:00
SAO_4016-10,São Paulo,3550308,True,,34957,,,-23.612665,-46.476373499999994,,,,2,2023-06-20T02:34:53+00:00
SAO_607M-10,São Paulo,3550308,True,,34804,,,-23.708439249999998,-46.6999675,,,,2,2023-06-20T02:35:34+00:00
SAO_607M-10,São Paulo,3550308,True,,34804,,,-23.63537675,-46.694847249999995,,,,2,2023-06-20T02:35:23+00:00
SAO_5034-31,São Paulo,3550308,True,,34432,,,-23.603496999999997,-46.602769,,,,2,2023-06-20T02:35:11+00:00
SAO_5034-31,São Paulo,3550308,True,,34432,,,-23.622871249999996,-46.60181975,,,,2,2023-06-20T02:35:34+00:00
SAO_374V-10,São Paulo,3550308,True,,1647,,,-23.5423965,-46.469851,,,,1,2023-06-20T02:33:46+00:00
SAO_374V-10,São Paulo,3550308,True,,1647,,,-23.53014975,-46.455311249999994,,,,1,2023-06-20T02:34:50+00:00
SAO_374V-10,São Paulo,3550308,True,,1647,,,-23.51843625,-46.451578,,,,1,2023-06-20T02:35:03+00:00
SAO_7550-10,São Paulo,3550308,True,,34861,,,-23.590801,-46.672607,,,,2,2023-06-20T02:35:26+00:00
SAO_7550-10,São Paulo,3550308,True,,34861,,,-23.654935000000002,-46.715513625,,,,2,2023-06-20T02:35:05+00:00
SAO_7550-10,São Paulo,3550308,True,,34861,,,-23.6514935,-46.713577,,,,2,2023-06-20T02:35:26+00:00
SAO_7550-10,São Paulo,3550308,True,,34861,,,-23.54716275,-46.642878,,,,2,2023-06-20T02:35:29+00:00
SAO_7550-10,São Paulo,3550308,True,,34861,,,-23.56706775,-46.648686999999995,,,,2,2023-06-20T02:35:09+00:00
SAO_5370-10,São Paulo,3550308,True,,1442,,,-23.747792,-46.708254499999995,,,,1,2023-06-20T02:34:56+00:00
SAO_5370-10,São Paulo,3550308,True,,1442,,,-23.597589749999997,-46.65647625,,,,1,2023-06-20T02:35:35+00:00
SAO_5370-10,São Paulo,3550308,True,,1442,,,-23.652938749999997,-46.701730749999996,,,,1,2023-06-20T02:35:31+00:00
SAO_5370-10,São Paulo,3550308,True,,1442,,,-23.605411,-46.66382349999999,,,,1,2023-06-20T02:34:26+00:00
SAO_5370-10,São Paulo,3550308,True,,1442,,,-23.767859,-46.716285,,,,1,2023-06-20T02:35:15+00:00
SAO_5370-10,São Paulo,3550308,True,,1442,,,-23.767560000000003,-46.7161905,,,,1,2023-06-20T02:35:11+00:00
SAO_5370-10,São Paulo,3550308,True,,1442,,,-23.563263,-46.6400695,,,,1,2023-06-20T02:35:36+00:00
SAO_5370-10,São Paulo,3550308,True,,1442,,,-23.611333000000002,-46.669388,,,,1,2023-06-20T02:35:35+00:00
SAO_5370-10,São Paulo,3550308,True,,1442,,,-23.7673145,-46.7161625,,,,1,2023-06-20T02:34:32+00:00
SAO_5370-10,São Paulo,3550308,True,,1442,,,-23.7516185,-46.710721500000005,,,,1,2023-06-20T02:35:35+00:00
SAO_6099-10,São Paulo,3550308,True,,34355,,,-23.737235,-46.6976205,,,,2,2023-06-20T02:35:00+00:00
SAO_6099-10,São Paulo,3550308,True,,34355,,,-23.835237499999998,-46.730591000000004,,,,2,2023-06-20T02:35:20+00:00
SAO_6099-10,São Paulo,3550308,True,,34355,,,-23.75261575,-46.710963500000005,,,,2,2023-06-20T02:35:24+00:00
SAO_6099-10,São Paulo,3550308,True,,34355,,,-23.7367155,-46.697201,,,,2,2023-06-20T02:34:59+00:00
SAO_6099-10,São Paulo,3550308,True,,34355,,,-23.739152,-46.698574,,,,2,2023-06-20T02:35:35+00:00
SAO_6099-10,São Paulo,3550308,False,,34355,,,-23.7721665,-46.7195685,,,,2,2023-06-20T02:35:32+00:00
SAO_5632-10,São Paulo,3550308,True,,81,,,-23.638472875,-46.69510575,,,,1,2023-06-20T02:35:31+00:00
SAO_5632-10,São Paulo,3550308,True,,81,,,-23.7183235,-46.698864,,,,1,2023-06-20T02:35:32+00:00
SAO_5632-10,São Paulo,3550308,True,,81,,,-23.5767895,-46.6435325,,,,1,2023-06-20T02:35:30+00:00
SAO_8622-10,São Paulo,3550308,True,,33206,,,-23.502825,-46.7536405,,,,2,2023-06-20T02:35:25+00:00
SAO_8622-10,São Paulo,3550308,True,,33206,,,-23.435215,-46.7861015,,,,2,2023-06-20T02:35:27+00:00
SAO_8622-10,São Paulo,3550308,True,,33206,,,-23.53728725,-46.649178,,,,2,2023-06-20T02:35:26+00:00
SAO_8622-10,São Paulo,3550308,True,,33206,,,-23.518814999999996,-46.702155000000005,,,,2,2023-06-20T02:35:25+00:00
SAO_8622-10,São Paulo,3550308,True,,33206,,,-23.445366,-46.7975395,,,,2,2023-06-20T02:29:54+00:00
SAO_8622-10,São Paulo,3550308,True,,33206,,,-23.547847500000003,-46.6420095,,,,2,2023-06-20T02:35:17+00:00
SAO_8622-10,São Paulo,3550308,True,,33206,,,-23.4283135,-46.794535249999996,,,,2,2023-06-20T02:35:12+00:00
SAO_8622-10,São Paulo,3550308,True,,33206,,,-23.446475,-46.79840900000001,,,,2,2023-06-20T02:35:18+00:00
SAO_778J-10,São Paulo,3550308,True,EMTU,508,https://moovitapp.com/index/pt-br/transporte_p%C3%BAblico-line-508-Sao_Paulo-242-2038937-36419530-0,5.65,-23.575116,-46.729172,,,,1,2023-06-20T02:35:04+00:00
SAO_778J-10,São Paulo,3550308,True,EMTU,508,https://moovitapp.com/index/pt-br/transporte_p%C3%BAblico-line-508-Sao_Paulo-242-2038937-36419530-0,5.65,-23.526614000000002,-46.668097,,,,1,2023-06-20T02:35:10+00:00
SAO_8610-10,São Paulo,3550308,True,,34831,,,-23.603227500000003,-46.7807495,,,,2,2023-06-20T02:35:33+00:00
SAO_8610-10,São Paulo,3550308,True,,34831,,,-23.57706,-46.68690575,,,,2,2023-06-20T02:35:37+00:00
SAO_8610-10,São Paulo,3550308,True,,34831,,,-23.6031905,-46.781071999999995,,,,2,2023-06-20T02:34:59+00:00
SAO_8610-10,São Paulo,3550308,True,,34831,,,-23.586338812499996,-46.79026731249999,,,,2,2023-06-20T02:35:03+00:00
SAO_8610-10,São Paulo,3550308,True,,34831,,,-23.549625499999998,-46.642260500000006,,,,2,2023-06-20T02:35:38+00:00
SAO_675X-10,São Paulo,3550308,True,,32879,,,-23.7320845,-46.6979035,,,,2,2023-06-20T02:34:44+00:00
SAO_675X-10,São Paulo,3550308,True,,32879,,,-23.7379835,-46.6979615,,,,2,2023-06-20T02:35:14+00:00
SAO_675X-10,São Paulo,3550308,True,,32879,,,-23.617873,-46.675702,,,,2,2023-06-20T02:35:15+00:00
SAO_675X-10,São Paulo,3550308,True,,32879,,,-23.668746249999998,-46.71387425,,,,2,2023-06-20T02:35:27+00:00
SAO_3099-10,São Paulo,3550308,True,,33847,,,-23.593412875000002,-46.488488499999995,,,,2,2023-06-20T02:34:58+00:00
SAO_3099-10,São Paulo,3550308,True,,33847,,,-23.614929,-46.4703365,,,,2,2023-06-20T02:35:00+00:00
SAO_3099-10,São Paulo,3550308,True,,33847,,,-23.613286000000002,-46.4441805,,,,2,2023-06-20T02:35:10+00:00
SAO_3099-10,São Paulo,3550308,True,,33847,,,-23.608994875,-46.4415375,,,,2,2023-06-20T02:35:06+00:00
SAO_3099-10,São Paulo,3550308,True,,33847,,,-23.614662000000003,-46.4584015,,,,2,2023-06-20T02:35:11+00:00
SAO_5018-31,São Paulo,3550308,True,,34629,,,-23.6821545,-46.66996949999999,,,,2,2023-06-20T02:34:54+00:00
SAO_5018-31,São Paulo,3550308,True,,34629,,,-23.675586,-46.67307475,,,,2,2023-06-20T02:35:15+00:00
SAO_5018-31,São Paulo,3550308,True,,34629,,,-23.6765715,-46.643291250000004,,,,2,2023-06-20T02:35:01+00:00
SAO_5018-31,São Paulo,3550308,True,,34629,,,-23.675586,-46.67307475,,,,2,2023-06-20T02:34:58+00:00
SAO_5018-31,São Paulo,3550308,True,,34629,,,-23.6620415,-46.646353000000005,,,,2,2023-06-20T02:35:22+00:00
SAO_8010-10,São Paulo,3550308,True,,33566,,,-23.508137,-46.705693999999994,,,,2,2023-06-20T02:35:29+00:00
SAO_8010-10,São Paulo,3550308,True,,33566,,,-23.488121,-46.7210075,,,,2,2023-06-20T02:35:07+00:00
SAO_8010-10,São Paulo,3550308,True,,33566,,,-23.5078305,-46.7076675,,,,2,2023-06-20T02:34:54+00:00
SAO_8010-10,São Paulo,3550308,True,,33566,,,-23.404906750000002,-46.743017249999994,,,,2,2023-06-20T02:34:51+00:00
SAO_8010-10,São Paulo,3550308,True,,33566,,,-23.507753,-46.7089275,,,,2,2023-06-20T02:35:14+00:00
SAO_8010-10,São Paulo,3550308,True,,33566,,,-23.5073185,-46.7048595,,,,2,2023-06-20T02:35:22+00:00
SAO_8010-10,São Paulo,3550308,True,,33566,,,-23.419567999999998,-46.749461499999995,,,,2,2023-06-20T02:35:06+00:00
SAO_8010-10,São Paulo,3550308,True,,33566,,,-23.40490425,-46.736446,,,,2,2023-06-20T02:35:29+00:00
SAO_775F-31,São Paulo,3550308,True,,2488,,,-23.6312815,-46.7400175,,,,1,2023-06-20T02:35:16+00:00
SAO_775F-31,São Paulo,3550308,True,,2488,,,-23.6117905,-46.728216,,,,1,2023-06-20T02:35:08+00:00
SAO_775F-31,São Paulo,3550308,True,,2488,,,-23.594258,-46.7061815,,,,1,2023-06-20T02:34:55+00:00
SAO_129F-10,São Paulo,3550308,True,,35072,,,-23.490247500000002,-46.698889,,,,2,2023-06-20T02:35:29+00:00
SAO_129F-10,São Paulo,3550308,True,,35072,,,-23.4890595,-46.6980655,,,,2,2023-06-20T02:34:52+00:00
SAO_129F-10,São Paulo,3550308,True,,35072,,,-23.5263085,-46.6738405,,,,2,2023-06-20T02:35:12+00:00
SAO_129F-10,São Paulo,3550308,True,,35072,,,-23.502872,-46.7062255,,,,2,2023-06-20T02:35:22+00:00
SAO_129F-10,São Paulo,3550308,True,,35072,,,-23.4900875,-46.6986255,,,,2,2023-06-20T02:35:17+00:00
SAO_7013-10,São Paulo,3550308,True,,775,,,-23.634156,-46.757954,,,,1,2023-06-20T02:34:57+00:00
SAO_7013-10,São Paulo,3550308,True,,775,,,-23.639982,-46.749115,,,,1,2023-06-20T02:35:22+00:00
SAO_7013-10,São Paulo,3550308,True,,775,,,-23.591237,-46.7360755,,,,1,2023-06-20T02:35:24+00:00
SAO_5036-10,São Paulo,3550308,True,,34434,,,-23.657285,-46.6139885,,,,2,2023-06-20T02:35:09+00:00
SAO_5036-10,São Paulo,3550308,True,,34434,,,-23.6370455,-46.607296500000004,,,,2,2023-06-20T02:35:33+00:00
SAO_5036-10,São Paulo,3550308,True,,34434,,,-23.603310999999998,-46.6028315,,,,2,2023-06-20T02:35:23+00:00
SAO_1018-10,São Paulo,3550308,True,,33600,,,-23.50031125,-46.622367999999994,,,,2,2023-06-20T02:35:08+00:00
SAO_1018-10,São Paulo,3550308,True,,33600,,,-23.4468225,-46.627283,,,,2,2023-06-20T02:29:29+00:00
SAO_1018-10,São Paulo,3550308,True,,33600,,,-23.4468225,-46.627283,,,,2,2023-06-20T02:34:57+00:00
SAO_1018-10,São Paulo,3550308,True,,33600,,,-23.4586905,-46.6202395,,,,2,2023-06-20T02:35:21+00:00
SAO_4288-10,São Paulo,3550308,True,Cidade de Caieiras,290,https://moovitapp.com/index/pt-br/transporte_p%C3%BAblico-line-290-Sao_Paulo-242-868761-496416-0,5.0,-23.6028555,-46.5297195,,,,1,2023-06-20T02:35:03+00:00
SAO_3031-10,São Paulo,3550308,True,,967,,,-23.55107375,-46.4624665,,,,1,2023-06-20T02:35:06+00:00
SAO_3031-10,São Paulo,3550308,True,,967,,,-23.5980755,-46.440729499999996,,,,1,2023-06-20T02:35:15+00:00
SAO_3031-10,São Paulo,3550308,True,,967,,,-23.5423435,-46.4704945,,,,1,2023-06-20T02:34:59+00:00
SAO_3761-10,São Paulo,3550308,True,,1051,,,-23.59456,-46.4427155,,,,1,2023-06-20T02:35:17+00:00
SAO_3761-10,São Paulo,3550308,True,,1051,,,-23.618599,-46.4234555,,,,1,2023-06-20T02:35:35+00:00
SAO_3761-10,São Paulo,3550308,True,,1051,,,-23.60855775,-46.426596125,,,,1,2023-06-20T02:35:03+00:00
SAO_3761-10,São Paulo,3550308,True,,1051,,,-23.618599,-46.4234555,,,,1,2023-06-20T02:35:19+00:00
SAO_3761-10,São Paulo,3550308,True,,1051,,,-23.537625999999996,-46.56210568750001,,,,1,2023-06-20T02:35:08+00:00
SAO_3761-10,São Paulo,3550308,True,,1051,,,-23.58707325,-46.48956425,,,,1,2023-06-20T02:35:33+00:00
SAO_3761-10,São Paulo,3550308,True,,1051,,,-23.537869125,-46.563317375000004,,,,1,2023-06-20T02:35:29+00:00
SAO_3761-10,São Paulo,3550308,True,,1051,,,-23.544005249999998,-46.530184250000005,,,,1,2023-06-20T02:35:30+00:00
SAO_6820-10,São Paulo,3550308,True,,32787,,,-23.658609,-46.78921425,,,,2,2023-06-20T02:35:14+00:00
SAO_6820-10,São Paulo,3550308,True,,32787,,,-23.66523025,-46.78282475,,,,2,2023-06-20T02:35:29+00:00
SAO_6820-10,São Paulo,3550308,True,,32787,,,-23.6596825,-46.77547,,,,2,2023-06-20T02:34:55+00:00
SAO_6820-10,São Paulo,3550308,True,,32787,,,-23.658609,-46.78921425,,,,2,2023-06-20T02:35:14+00:00
SAO_1020-10,São Paulo,3550308,True,,35265,,,-23.410570999999997,-46.7636235,,,,2,2023-06-20T02:34:53+00:00
SAO_1020-10,São Paulo,3550308,True,,35265,,,-23.4834505,-46.722276,,,,2,2023-06-20T02:35:34+00:00
SAO_1020-10,São Paulo,3550308,True,,35265,,,-23.4374335,-46.7210945,,,,2,2023-06-20T02:35:21+00:00
SAO_1020-10,São Paulo,3550308,True,,35265,,,-23.41085825,-46.764408,,,,2,2023-06-20T02:35:20+00:00
SAO_1020-10,São Paulo,3550308,True,,35265,,,-23.449913875,-46.72128925,,,,2,2023-06-20T02:35:00+00:00
SAO_1020-10,São Paulo,3550308,True,,35265,,,-23.487195,-46.7152365,,,,2,2023-06-20T02:35:14+00:00
SAO_1020-10,São Paulo,3550308,True,,35265,,,-23.4106675,-46.763892,,,,2,2023-06-20T02:35:18+00:00
SAO_6034-10,São Paulo,3550308,True,,95,,,-23.738467,-46.6919475,,,,1,2023-06-20T02:35:32+00:00
SAO_6034-10,São Paulo,3550308,True,,95,,,-23.7444975,-46.670542499999996,,,,1,2023-06-20T02:35:35+00:00
SAO_6826-10,São Paulo,3550308,True,BR7 Mobilidade,16,https://moovitapp.com/index/pt-br/transporte_p%C3%BAblico-line-16-Sao_Paulo-242-851856-513215-0,5.75,-23.673604,-46.7972985,,,,1,2023-06-20T02:35:13+00:00
SAO_6826-10,São Paulo,3550308,True,BR7 Mobilidade,16,https://moovitapp.com/index/pt-br/transporte_p%C3%BAblico-line-16-Sao_Paulo-242-851856-513215-0,5.75,-23.666947999999998,-46.772781,,,,1,2023-06-20T02:35:25+00:00
SAO_709P-10,São Paulo,3550308,True,,1993,,,-23.57730625,-46.6867535,,,,1,2023-06-20T02:34:53+00:00
SAO_709P-10,São Paulo,3550308,True,,1993,,,-23.624252249999998,-46.704905499999995,,,,1,2023-06-20T02:34:53+00:00
SAO_8060-10,São Paulo,3550308,True,,33186,,,-23.502658,-46.760932499999996,,,,2,2023-06-20T02:35:10+00:00
SAO_8060-10,São Paulo,3550308,True,,33186,,,-23.502658,-46.760932499999996,,,,2,2023-06-20T02:35:13+00:00
SAO_8060-10,São Paulo,3550308,True,,33186,,,-23.50283475,-46.760608500000004,,,,2,2023-06-20T02:35:02+00:00
SAO_8060-10,São Paulo,3550308,True,,33186,,,-23.521023999999997,-46.72561225,,,,2,2023-06-20T02:35:21+00:00
SAO_8060-10,São Paulo,3550308,True,,33186,,,-23.5159955,-46.754496,,,,2,2023-06-20T02:35:23+00:00
SAO_8060-10,São Paulo,3550308,True,,33186,,,-23.520094999999998,-46.700067000000004,,,,2,2023-06-20T02:35:00+00:00
SAO_2008-10,São Paulo,3550308,True,,33665,,,-23.506824,-46.3958545,,,,2,2023-06-20T02:35:34+00:00
SAO_2008-10,São Paulo,3550308,True,,33665,,,-23.499179249999997,-46.39961125,,,,2,2023-06-20T02:35:00+00:00
SAO_2008-10,São Paulo,3550308,True,,33665,,,-23.5164305,-46.389429,,,,2,2023-06-20T02:35:15+00:00
SAO_7063-10,São Paulo,3550308,True,,1899,,,-23.651991000000002,-46.789846499999996,,,,1,2023-06-20T02:34:58+00:00
SAO_7063-10,São Paulo,3550308,True,,1899,,,-23.651991000000002,-46.789846499999996,,,,1,2023-06-20T02:35:37+00:00
SAO_7063-10,São Paulo,3550308,True,,1899,,,-23.651991000000002,-46.789846499999996,,,,1,2023-06-20T02:35:33+00:00
SAO_7063-10,São Paulo,3550308,True,,1899,,,-23.634906,-46.7754925,,,,1,2023-06-20T02:35:06+00:00
SAO_7063-10,São Paulo,3550308,True,,1899,,,-23.651991000000002,-46.789846499999996,,,,1,2023-06-20T02:35:03+00:00
SAO_7063-10,São Paulo,3550308,True,,1899,,,-23.651991000000002,-46.789846499999996,,,,1,2023-06-20T02:35:31+00:00
SAO_7063-10,São Paulo,3550308,True,,1899,,,-23.651991000000002,-46.789846499999996,,,,1,2023-06-20T02:35:08+00:00
SAO_1012-10,São Paulo,3550308,True,,35254,,,-23.444295,-46.799409,,,,2,2023-06-20T02:35:09+00:00
SAO_1012-10,São Paulo,3550308,True,,35254,,,-23.43306225,-46.7870825,,,,2,2023-06-20T02:34:57+00:00
SAO_1012-10,São Paulo,3550308,True,,35254,,,-23.430424,-46.8004315,,,,2,2023-06-20T02:35:12+00:00
SAO_1012-10,São Paulo,3550308,True,,35254,,,-23.4325465,-46.787031999999996,,,,2,2023-06-20T02:35:21+00:00
SAO_1012-10,São Paulo,3550308,True,,35254,,,-23.432398499999998,-46.787057000000004,,,,2,2023-06-20T02:35:13+00:00
SAO_6063-43,São Paulo,3550308,True,,35248,,,-23.767859,-46.716285,,,,2,2023-06-20T02:35:30+00:00
SAO_6063-43,São Paulo,3550308,True,,35248,,,-23.8119535,-46.6962705,,,,2,2023-06-20T02:35:12+00:00
SAO_5033-10,São Paulo,3550308,True,,34433,,,-23.6334285,-46.614411000000004,,,,2,2023-06-20T02:35:31+00:00
SAO_5033-10,São Paulo,3550308,True,,34433,,,-23.620782,-46.620169000000004,,,,2,2023-06-20T02:35:37+00:00
SAO_3013-10,São Paulo,3550308,True,,33722,,,-23.5830095,-46.4078305,,,,2,2023-06-20T02:35:09+00:00
SAO_273F-10,São Paulo,3550308,True,,159,,,-23.5427865,-46.470943500000004,,,,1,2023-06-20T02:21:47+00:00
SAO_273F-10,São Paulo,3550308,True,,159,,,-23.4897435,-46.420902,,,,1,2023-06-20T02:35:32+00:00
SAO_3742-10,São Paulo,3550308,True,,33810,,,-23.600963,-46.437343,,,,2,2023-06-20T02:35:32+00:00
SAO_3742-10,São Paulo,3550308,True,,33810,,,-23.5947165,-46.442795000000004,,,,2,2023-06-20T02:35:08+00:00
SAO_3742-10,São Paulo,3550308,True,,33810,,,-23.56549825,-46.4465533125,,,,2,2023-06-20T02:35:32+00:00
SAO_3742-10,São Paulo,3550308,True,,33810,,,-23.60477375,-46.434162,,,,2,2023-06-20T02:35:00+00:00
SAO_3742-10,São Paulo,3550308,True,,33810,,,-23.604736000000003,-46.4346285,,,,2,2023-06-20T02:35:11+00:00
SAO_3742-10,São Paulo,3550308,True,,33810,,,-23.604736000000003,-46.4346285,,,,2,2023-06-20T02:35:12+00:00
SAO_3742-10,São Paulo,3550308,True,,33810,,,-23.5439965,-46.447892,,,,2,2023-06-20T02:35:32+00:00
SAO_3728-10,São Paulo,3550308,True,,33793,,,-23.54355225,-46.48575675000001,,,,2,2023-06-20T02:35:03+00:00
SAO_3728-10,São Paulo,3550308,True,,33793,,,-23.560106750000003,-46.48535675,,,,2,2023-06-20T02:35:19+00:00
SAO_3728-10,São Paulo,3550308,True,,33793,,,-23.5737035,-46.4903705,,,,2,2023-06-20T02:35:21+00:00
SAO_3728-10,São Paulo,3550308,True,,33793,,,-23.560204249999998,-46.48505825,,,,2,2023-06-20T02:34:55+00:00
SAO_3728-10,São Paulo,3550308,True,,33793,,,-23.5737035,-46.4903705,,,,2,2023-06-20T02:34:54+00:00
SAO_273J-10,São Paulo,3550308,True,STT,389,https://moovitapp.com/index/pt-br/transporte_p%C3%BAblico-line-389-Sao_Paulo-242-850661-183299-0,5.3,-23.497187625,-46.442173249999996,,,,1,2023-06-20T02:35:02+00:00
SAO_273J-10,São Paulo,3550308,True,STT,389,https://moovitapp.com/index/pt-br/transporte_p%C3%BAblico-line-389-Sao_Paulo-242-850661-183299-0,5.3,-23.5147025,-46.487284,,,,1,2023-06-20T02:31:43+00:00
SAO_1156-10,São Paulo,3550308,True,,659,,,-23.51919025,-46.59044775,,,,1,2023-06-20T02:34:31+00:00
SAO_1156-10,São Paulo,3550308,True,,659,,,-23.524381249999998,-46.62712675,,,,1,2023-06-20T02:34:58+00:00
SAO_1156-10,São Paulo,3550308,True,,659,,,-23.486708,-46.568445499999996,,,,1,2023-06-20T02:35:35+00:00
SAO_1156-10,São Paulo,3550308,True,,659,,,-23.5424875,-46.635251499999995,,,,1,2023-06-20T02:35:19+00:00
SAO_1016-10,São Paulo,3550308,True,EMTU,831,https://moovitapp.com/index/pt-br/transporte_p%C3%BAblico-line-831-Sao_Paulo-242-2038937-36419598-0,5.7,-23.48150025,-46.61149475,,,,1,2023-06-20T02:32:47+00:00
SAO_1016-10,São Paulo,3550308,True,EMTU,831,https://moovitapp.com/index/pt-br/transporte_p%C3%BAblico-line-831-Sao_Paulo-242-2038937-36419598-0,5.7,-23.450477,-46.6079485,,,,1,2023-06-20T02:31:47+00:00
SAO_1016-10,São Paulo,3550308,True,EMTU,831,https://moovitapp.com/index/pt-br/transporte_p%C3%BAblico-line-831-Sao_Paulo-242-2038937-36419598-0,5.7,-23.513510625000002,-46.616156249999996,,,,1,2023-06-20T02:35:35+00:00
SAO_372U-10,São Paulo,3550308,True,,33784,,,-23.5570765,-46.53751749999999,,,,2,2023-06-20T02:34:57+00:00
SAO_372U-10,São Paulo,3550308,True,,33784,,,-23.5570765,-46.53751749999999,,,,2,2023-06-20T02:35:34+00:00
SAO_372U-10,São Paulo,3550308,True,,33784,,,-23.5570765,-46.53751749999999,,,,2,2023-06-20T02:34:58+00:00
SAO_372U-10,São Paulo,3550308,True,,33784,,,-23.5570765,-46.53751749999999,,,,2,2023-06-20T02:35:20+00:00
SAO_372U-10,São Paulo,3550308,True,,33784,,,-23.550624499999998,-46.56779,,,,2,2023-06-20T02:34:47+00:00
SAO_372U-10,São Paulo,3550308,True,,33784,,,-23.561112,-46.562499,,,,2,2023-06-20T02:35:09+00:00
SAO_372U-10,São Paulo,3550308,True,,33784,,,-23.568046000000002,-46.540943999999996,,,,2,2023-06-20T02:35:11+00:00
SAO_4734-10,São Paulo,3550308,True,,1109,,,-23.6225685,-46.629061500000006,,,,1,2023-06-20T02:35:19+00:00
SAO_4734-10,São Paulo,3550308,True,,1109,,,-23.641257,-46.607996,,,,1,2023-06-20T02:35:34+00:00
SAO_4734-10,São Paulo,3550308,True,,1109,,,-23.6414715,-46.610838,,,,1,2023-06-20T02:35:18+00:00
SAO_4734-10,São Paulo,3550308,True,,1109,,,-23.6391525,-46.6134085,,,,1,2023-06-20T02:35:30+00:00
SAO_4734-10,São Paulo,3550308,True,,1109,,,-23.6184455,-46.638504499999996,,,,1,2023-06-20T02:34:57+00:00
SAO_4734-10,São Paulo,3550308,True,,1109,,,-23.6414715,-46.610838,,,,1,2023-06-20T02:31:46+00:00
SAO_4734-10,São Paulo,3550308,True,,1109,,,-23.6414715,-46.610838,,,,1,2023-06-20T02:35:03+00:00
SAO_4734-10,São Paulo,3550308,True,,1109,,,-23.625719,-46.61915275,,,,1,2023-06-20T02:35:23+00:00
SAO_1721-10,São Paulo,3550308,True,,33434,,,-23.48941525,-46.571597749999995,,,,2,2023-06-20T02:35:11+00:00
SAO_1721-10,São Paulo,3550308,True,,33434,,,-23.489511999999998,-46.570428500000006,,,,2,2023-06-20T02:34:53+00:00
SAO_1721-10,São Paulo,3550308,True,,33434,,,-23.4897535,-46.570575500000004,,,,2,2023-06-20T02:35:19+00:00
SAO_1721-10,São Paulo,3550308,True,,33434,,,-23.4909885,-46.588688250000004,,,,2,2023-06-20T02:34:54+00:00
SAO_1721-10,São Paulo,3550308,True,,33434,,,-23.48941525,-46.571597749999995,,,,2,2023-06-20T02:34:54+00:00
SAO_1721-10,São Paulo,3550308,True,,33434,,,-23.48941525,-46.571597749999995,,,,2,2023-06-20T02:35:32+00:00
SAO_1721-10,São Paulo,3550308,True,,33434,,,-23.4897535,-46.570575500000004,,,,2,2023-06-20T02:34:57+00:00
SAO_1721-10,São Paulo,3550308,True,,33434,,,-23.505888999999996,-46.606454,,,,2,2023-06-20T02:33:06+00:00
SAO_5123-10,São Paulo,3550308,True,,33893,,,-23.662673249999997,-46.637871000000004,,,,2,2023-06-20T02:35:19+00:00
SAO_5123-10,São Paulo,3550308,True,,33893,,,-23.63384225,-46.64152325,,,,2,2023-06-20T02:35:26+00:00
SAO_5123-10,São Paulo,3550308,True,,33893,,,-23.681072,-46.638621,,,,2,2023-06-20T02:35:10+00:00
SAO_5123-10,São Paulo,3550308,True,,33893,,,-23.678922999999998,-46.630571,,,,2,2023-06-20T02:34:29+00:00
SAO_5123-10,São Paulo,3550308,True,,33893,,,-23.679189,-46.6308415,,,,2,2023-06-20T02:35:01+00:00
SAO_5123-10,São Paulo,3550308,True,,33893,,,-23.6331165,-46.641604,,,,2,2023-06-20T02:35:24+00:00
SAO_607C-10,São Paulo,3550308,True,,1977,,,-23.590769,-46.6873225,,,,1,2023-06-20T02:35:34+00:00
SAO_607C-10,São Paulo,3550308,True,,1977,,,-23.6896565,-46.635254,,,,1,2023-06-20T02:35:27+00:00
SAO_607C-10,São Paulo,3550308,True,,1977,,,-23.6896565,-46.635254,,,,1,2023-06-20T02:35:12+00:00
SAO_607C-10,São Paulo,3550308,True,,1977,,,-23.6896565,-46.635254,,,,1,2023-06-20T02:34:59+00:00
SAO_607C-10,São Paulo,3550308,True,,1977,,,-23.6896565,-46.635254,,,,1,2023-06-20T02:35:27+00:00
SAO_607C-10,São Paulo,3550308,True,,1977,,,-23.6729965,-46.6438955,,,,1,2023-06-20T02:35:14+00:00
SAO_607C-10,São Paulo,3550308,True,,1977,,,-23.589897999999998,-46.6877415,,,,1,2023-06-20T02:35:08+00:00
SAO_607C-10,São Paulo,3550308,True,,1977,,,-23.60643825,-46.693220499999995,,,,1,2023-06-20T02:34:57+00:00
SAO_607C-10,São Paulo,3550308,True,,1977,,,-23.662594499999997,-46.6616405,,,,1,2023-06-20T02:35:32+00:00
SAO_607C-10,São Paulo,3550308,True,,1977,,,-23.626148,-46.6874045,,,,1,2023-06-20T02:35:02+00:00
SAO_607C-10,São Paulo,3550308,True,,1977,,,-23.6211,-46.6981965,,,,1,2023-06-20T02:35:13+00:00
SAO_4051-10,São Paulo,3550308,True,,2144,,,-23.561616,-46.401831,,,,1,2023-06-20T02:34:56+00:00
SAO_4051-10,São Paulo,3550308,True,,2144,,,-23.542885,-46.414036499999995,,,,1,2023-06-20T02:34:20+00:00
SAO_4051-10,São Paulo,3550308,True,,2144,,,-23.561616,-46.401831,,,,1,2023-06-20T02:35:27+00:00
SAO_4051-10,São Paulo,3550308,True,,2144,,,-23.559947,-46.4038685,,,,1,2023-06-20T02:35:18+00:00
SAO_4051-10,São Paulo,3550308,True,,2144,,,-23.561616,-46.401831,,,,1,2023-06-20T02:35:07+00:00
SAO_3903-10,São Paulo,3550308,True,,34239,,,-23.52491825,-46.493418750000004,,,,2,2023-06-20T02:34:51+00:00
SAO_3903-10,São Paulo,3550308,True,,34239,,,-23.521306,-46.457174,,,,2,2023-06-20T02:35:20+00:00
SAO_2105-10,São Paulo,3550308,True,,35015,,,-23.460458125000002,-46.60262575,,,,2,2023-06-20T02:34:19+00:00
SAO_2105-10,São Paulo,3550308,True,,35015,,,-23.509444000000002,-46.624838,,,,2,2023-06-20T02:35:30+00:00
SAO_2105-10,São Paulo,3550308,True,,35015,,,-23.4914215,-46.624851,,,,2,2023-06-20T02:34:13+00:00
SAO_2105-10,São Paulo,3550308,True,,35015,,,-23.434998,-46.5813665,,,,2,2023-06-20T02:35:01+00:00
SAO_2105-10,São Paulo,3550308,True,,35015,,,-23.4349075,-46.581235,,,,2,2023-06-20T02:35:04+00:00
SAO_2105-10,São Paulo,3550308,True,,35015,,,-23.5414295,-46.616839,,,,2,2023-06-20T02:35:09+00:00
SAO_2105-10,São Paulo,3550308,True,,35015,,,-23.4352895,-46.5818785,,,,2,2023-06-20T02:35:15+00:00
SAO_2105-10,São Paulo,3550308,True,,35015,,,-23.4355605,-46.5823455,,,,2,2023-06-20T02:35:12+00:00
SAO_2523-10,São Paulo,3550308,True,Cidade de Caieiras,250,https://moovitapp.com/index/pt-br/transporte_p%C3%BAblico-line-250-Sao_Paulo-242-868761-752902-0,5.0,-23.5182095,-46.475659,,,,1,2023-06-20T02:35:10+00:00
SAO_2523-10,São Paulo,3550308,True,Cidade de Caieiras,250,https://moovitapp.com/index/pt-br/transporte_p%C3%BAblico-line-250-Sao_Paulo-242-868761-752902-0,5.0,-23.518022000000002,-46.475695,,,,1,2023-06-20T02:35:17+00:00
SAO_2523-10,São Paulo,3550308,True,Cidade de Caieiras,250,https://moovitapp.com/index/pt-br/transporte_p%C3%BAblico-line-250-Sao_Paulo-242-868761-752902-0,5.0,-23.5182095,-46.475659,,,,1,2023-06-20T02:35:10+00:00
SAO_2523-10,São Paulo,3550308,True,Cidade de Caieiras,250,https://moovitapp.com/index/pt-br/transporte_p%C3%BAblico-line-250-Sao_Paulo-242-868761-752902-0,5.0,-23.5182095,-46.475659,,,,1,2023-06-20T02:34:54+00:00
SAO_2523-10,São Paulo,3550308,True,Cidade de Caieiras,250,https://moovitapp.com/index/pt-br/transporte_p%C3%BAblico-line-250-Sao_Paulo-242-868761-752902-0,5.0,-23.51581475,-46.466496625000005,,,,1,2023-06-20T02:34:26+00:00
SAO_2523-10,São Paulo,3550308,True,Cidade de Caieiras,250,https://moovitapp.com/index/pt-br/transporte_p%C3%BAblico-line-250-Sao_Paulo-242-868761-752902-0,5.0,-23.521529,-46.425782,,,,1,2023-06-20T02:35:24+00:00
SAO_2523-10,São Paulo,3550308,True,Cidade de Caieiras,250,https://moovitapp.com/index/pt-br/transporte_p%C3%BAblico-line-250-Sao_Paulo-242-868761-752902-0,5.0,-23.5213225,-46.442530500000004,,,,1,2023-06-20T02:35:13+00:00
SAO_2705-10,São Paulo,3550308,True,,917,,,-23.540374999999997,-46.45833875,,,,1,2023-06-20T02:33:35+00:00
SAO_2705-10,São Paulo,3550308,True,,917,,,-23.54635175,-46.39573775,,,,1,2023-06-20T02:35:00+00:00
SAO_2705-10,São Paulo,3550308,True,,917,,,-23.5422585,-46.470022,,,,1,2023-06-20T02:31:29+00:00
SAO_2705-10,São Paulo,3550308,True,,917,,,-23.545738,-46.393099500000005,,,,1,2023-06-20T02:34:56+00:00
SAO_2705-10,São Paulo,3550308,True,,917,,,-23.545738,-46.393099500000005,,,,1,2023-06-20T02:09:26+00:00
SAO_3754-10,São Paulo,3550308,True,,33817,,,-23.5608915,-46.408872,,,,2,2023-06-20T02:30:55+00:00
SAO_3754-10,São Paulo,3550308,True,,33817,,,-23.5628955,-46.40553625,,,,2,2023-06-20T02:35:14+00:00
SAO_3754-10,São Paulo,3550308,True,,33817,,,-23.542498000000002,-46.471391499999996,,,,2,2023-06-20T02:33:52+00:00
SAO_3754-10,São Paulo,3550308,True,,33817,,,-23.559858875000003,-46.406268375,,,,2,2023-06-20T02:35:20+00:00
SAO_3754-10,São Paulo,3550308,True,,33817,,,-23.542885750000003,-46.42439475,,,,2,2023-06-20T02:35:20+00:00
SAO_3754-10,São Paulo,3550308,True,,33817,,,-23.5632245,-46.40567675,,,,2,2023-06-20T02:35:37+00:00
SAO_8075-10,São Paulo,3550308,True,,34812,,,-23.631153500000003,-46.7733425,,,,2,2023-06-20T02:35:37+00:00
SAO_8075-10,São Paulo,3550308,True,,34812,,,-23.6307075,-46.7731485,,,,2,2023-06-20T02:34:52+00:00
SAO_8075-10,São Paulo,3550308,True,,34812,,,-23.6023845,-46.7441305,,,,2,2023-06-20T02:35:29+00:00
SAO_2724-10,São Paulo,3550308,True,,33706,,,-23.539782000000002,-46.482977500000004,,,,2,2023-06-20T02:34:52+00:00
SAO_2724-10,São Paulo,3550308,True,,33706,,,-23.522823,-46.47068325,,,,2,2023-06-20T02:35:13+00:00
SAO_2723-10,São Paulo,3550308,True,,937,,,-23.492363,-46.4561865,,,,1,2023-06-20T02:35:09+00:00
SAO_2723-10,São Paulo,3550308,True,,937,,,-23.541654,-46.4729895,,,,1,2023-06-20T02:35:30+00:00
SAO_2723-10,São Paulo,3550308,True,,937,,,-23.518974,-46.443983,,,,1,2023-06-20T02:35:31+00:00
SAO_1778-10,São Paulo,3550308,True,,1789,,,-23.466824000000003,-46.569223,,,,1,2023-06-20T02:35:14+00:00
SAO_1778-10,São Paulo,3550308,True,,1789,,,-23.5003575,-46.615773000000004,,,,1,2023-06-20T02:32:34+00:00
SAO_1778-10,São Paulo,3550308,True,,1789,,,-23.466824000000003,-46.569223,,,,1,2023-06-20T02:35:21+00:00
SAO_6045-21,São Paulo,3550308,True,,34932,,,-23.698768,-46.796265500000004,,,,2,2023-06-20T02:35:33+00:00
SAO_6045-21,São Paulo,3550308,True,,34932,,,-23.6692775,-46.7731525,,,,2,2023-06-20T02:34:55+00:00
SAO_627J-10,São Paulo,3550308,True,,34824,,,-23.6812385,-46.633822499999994,,,,2,2023-06-20T02:33:26+00:00
SAO_627J-10,São Paulo,3550308,True,,34824,,,-23.674301999999997,-46.632594,,,,2,2023-06-20T02:35:10+00:00
SAO_627J-10,São Paulo,3550308,True,,34824,,,-23.6812385,-46.633822499999994,,,,2,2023-06-20T02:35:27+00:00
SAO_627J-10,São Paulo,3550308,True,,34824,,,-23.681182,-46.634323249999994,,,,2,2023-06-20T02:35:19+00:00
SAO_5318-10,São Paulo,3550308,True,,45,,,-23.664841,-46.7531365,,,,1,2023-06-20T02:35:37+00:00
SAO_5318-10,São Paulo,3550308,True,,45,,,-23.664841,-46.7531365,,,,1,2023-06-20T02:35:02+00:00
SAO_5318-10,São Paulo,3550308,True,,45,,,-23.61276225,-46.6707505,,,,1,2023-06-20T02:35:00+00:00
SAO_5318-10,São Paulo,3550308,True,,45,,,-23.5868985,-46.652587499999996,,,,1,2023-06-20T02:35:04+00:00
SAO_5318-10,São Paulo,3550308,True,,45,,,-23.642229625,-46.715749499999994,,,,1,2023-06-20T02:34:54+00:00
SAO_5318-10,São Paulo,3550308,True,,45,,,-23.6549655,-46.735740500000006,,,,1,2023-06-20T02:35:26+00:00
SAO_4008-10,São Paulo,3550308,True,,2182,,,-23.579207,-46.4817005,,,,1,2023-06-20T02:35:24+00:00
SAO_4008-10,São Paulo,3550308,True,,2182,,,-23.5741,-46.450098999999994,,,,1,2023-06-20T02:35:01+00:00
SAO_1705-51,São Paulo,3550308,True,,35282,,,-23.47373,-46.598296,,,,2,2023-06-20T02:34:43+00:00
SAO_695V-10,São Paulo,3550308,True,,32776,,,-23.582805,-46.6376355,,,,2,2023-06-20T02:35:05+00:00
SAO_695V-10,São Paulo,3550308,True,,32776,,,-23.643249,-46.734951,,,,2,2023-06-20T02:35:04+00:00
SAO_695V-10,São Paulo,3550308,True,,32776,,,-23.64319975,-46.7005215,,,,2,2023-06-20T02:35:25+00:00
SAO_675M-10,São Paulo,3550308,True,,32876,,,-23.721047249999998,-46.689213249999995,,,,2,2023-06-20T02:35:35+00:00
SAO_675M-10,São Paulo,3550308,True,,32876,,,-23.677566499999998,-46.682621,,,,2,2023-06-20T02:35:26+00:00
SAO_675M-10,São Paulo,3550308,True,,32876,,,-23.646981,-46.6394885,,,,2,2023-06-20T02:35:36+00:00
SAO_6093-10,São Paulo,3550308,True,,34353,,,-23.824503,-46.734706,,,,2,2023-06-20T02:35:37+00:00
SAO_6093-10,São Paulo,3550308,True,,34353,,,-23.808857,-46.7369335,,,,2,2023-06-20T02:35:14+00:00
SAO_6093-10,São Paulo,3550308,True,,34353,,,-23.8491235,-46.712759500000004,,,,2,2023-06-20T02:34:31+00:00
SAO_6093-10,São Paulo,3550308,True,,34353,,,-23.7505585,-46.7104225,,,,2,2023-06-20T02:34:59+00:00
SAO_6093-10,São Paulo,3550308,True,,34353,,,-23.855453500000003,-46.714719,,,,2,2023-06-20T02:33:51+00:00
SAO_6056-10,São Paulo,3550308,True,,33915,,,-23.763157749999998,-46.698090500000006,,,,2,2023-06-20T02:35:19+00:00
SAO_6056-10,São Paulo,3550308,True,,33915,,,-23.7444815,-46.707066499999996,,,,2,2023-06-20T02:35:25+00:00
SAO_6056-10,São Paulo,3550308,True,,33915,,,-23.7637705,-46.700772,,,,2,2023-06-20T02:34:05+00:00
SAO_6056-10,São Paulo,3550308,True,,33915,,,-23.763256499999997,-46.697663,,,,2,2023-06-20T02:34:53+00:00
SAO_6056-10,São Paulo,3550308,True,,33915,,,-23.7632185,-46.697809,,,,2,2023-06-20T02:35:20+00:00
SAO_6056-10,São Paulo,3550308,True,,33915,,,-23.763256499999997,-46.697663,,,,2,2023-06-20T02:35:30+00:00
SAO_6056-10,São Paulo,3550308,True,,33915,,,-23.7471885,-46.708067,,,,2,2023-06-20T02:34:52+00:00
SAO_5300-10,São Paulo,3550308,True,,33122,,,-23.64817975,-46.70414074999999,,,,2,2023-06-20T02:35:35+00:00
SAO_5300-10,São Paulo,3550308,True,,33122,,,-23.580741,-46.6568285,,,,2,2023-06-20T02:35:08+00:00
SAO_5300-10,São Paulo,3550308,True,,33122,,,-23.6539175,-46.710299500000005,,,,2,2023-06-20T02:35:03+00:00
SAO_5300-10,São Paulo,3550308,True,,33122,,,-23.609273375,-46.667640875,,,,2,2023-06-20T02:35:16+00:00
SAO_5300-10,São Paulo,3550308,True,,33122,,,-23.551664000000002,-46.6372965,,,,2,2023-06-20T02:35:31+00:00
SAO_6805-10,São Paulo,3550308,True,,31,,,-23.653187625,-46.73823987499999,,,,1,2023-06-20T02:35:11+00:00
SAO_3735-41,São Paulo,3550308,True,,1920,,,-23.5497695,-46.4928965,,,,1,2023-06-20T02:34:58+00:00
SAO_3735-41,São Paulo,3550308,True,,1920,,,-23.550331999999997,-46.4931735,,,,1,2023-06-20T02:35:35+00:00
SAO_702C-10,São Paulo,3550308,True,STT,485,https://moovitapp.com/index/pt-br/transporte_p%C3%BAblico-line-485-Sao_Paulo-242-850661-183324-0,5.3,-23.54041625,-46.612528,,,,1,2023-06-20T02:35:23+00:00
SAO_702C-10,São Paulo,3550308,True,STT,485,https://moovitapp.com/index/pt-br/transporte_p%C3%BAblico-line-485-Sao_Paulo-242-850661-183324-0,5.3,-23.551139999999997,-46.632251499999995,,,,1,2023-06-20T02:35:09+00:00
SAO_702C-10,São Paulo,3550308,True,STT,485,https://moovitapp.com/index/pt-br/transporte_p%C3%BAblico-line-485-Sao_Paulo-242-850661-183324-0,5.3,-23.5799445,-46.720357500000006,,,,1,2023-06-20T02:35:27+00:00
SAO_702C-10,São Paulo,3550308,True,STT,485,https://moovitapp.com/index/pt-br/transporte_p%C3%BAblico-line-485-Sao_Paulo-242-850661-183324-0,5.3,-23.571778000000002,-46.7484685,,,,1,2023-06-20T02:35:15+00:00
SAO_7052-10,São Paulo,3550308,True,,1886,,,-23.6313825,-46.77286,,,,1,2023-06-20T02:35:18+00:00
SAO_7052-10,São Paulo,3550308,True,,1886,,,-23.6392245,-46.776485,,,,1,2023-06-20T02:35:20+00:00
SAO_7052-10,São Paulo,3550308,True,,1886,,,-23.631508,-46.7726,,,,1,2023-06-20T02:34:55+00:00
SAO_7052-10,São Paulo,3550308,True,,1886,,,-23.6529745,-46.773157999999995,,,,1,2023-06-20T02:35:13+00:00
SAO_7011-31,São Paulo,3550308,True,,1954,,,-23.682367999999997,-46.76743925,,,,1,2023-06-20T02:35:11+00:00
SAO_3025-10,São Paulo,3550308,True,,33729,,,-23.569996,-46.404346000000004,,,,2,2023-06-20T02:35:11+00:00
SAO_3025-10,São Paulo,3550308,True,,33729,,,-23.5770275,-46.397946000000005,,,,2,2023-06-20T02:35:11+00:00
SAO_3025-10,São Paulo,3550308,True,,33729,,,-23.5770275,-46.397946000000005,,,,2,2023-06-20T02:35:30+00:00
SAO_3025-10,São Paulo,3550308,True,,33729,,,-23.564459,-46.415409499999996,,,,2,2023-06-20T02:35:22+00:00
SAO_3025-10,São Paulo,3550308,True,,33729,,,-23.570152,-46.3981065,,,,2,2023-06-20T02:34:58+00:00
SAO_3025-10,São Paulo,3550308,True,,33729,,,-23.577255,-46.398083,,,,2,2023-06-20T02:35:26+00:00
SAO_3025-10,São Paulo,3550308,True,,33729,,,-23.5770275,-46.397946000000005,,,,2,2023-06-20T02:35:20+00:00
SAO_3025-10,São Paulo,3550308,True,,33729,,,-23.576728250000002,-46.3977455,,,,2,2023-06-20T02:35:22+00:00
SAO_106A-10,São Paulo,3550308,True,,516,,,-23.59055825,-46.68854449999999,,,,1,2023-06-20T02:35:24+00:00
SAO_106A-10,São Paulo,3550308,True,,516,,,-23.59055825,-46.68854449999999,,,,1,2023-06-20T02:35:25+00:00
SAO_106A-10,São Paulo,3550308,True,,516,,,-23.51043775,-46.62622125,,,,1,2023-06-20T02:35:08+00:00
SAO_106A-10,São Paulo,3550308,True,,516,,,-23.58963425,-46.688204,,,,1,2023-06-20T02:35:34+00:00
SAO_106A-10,São Paulo,3550308,True,,516,,,-23.587995874999997,-46.679625124999994,,,,1,2023-06-20T02:35:11+00:00
SAO_106A-10,São Paulo,3550308,True,,516,,,-23.594110999999998,-46.6896845,,,,1,2023-06-20T02:35:14+00:00
SAO_106A-10,São Paulo,3550308,True,,516,,,-23.566357625000002,-46.658474749999996,,,,1,2023-06-20T02:35:10+00:00
SAO_106A-10,São Paulo,3550308,True,,516,,,-23.58940875,-46.688128000000006,,,,1,2023-06-20T02:35:12+00:00
SAO_3795-10,São Paulo,3550308,True,,1073,,,-23.557363000000002,-46.444508,,,,1,2023-06-20T02:34:54+00:00
SAO_3795-10,São Paulo,3550308,True,,1073,,,-23.559945,-46.415017750000004,,,,1,2023-06-20T02:35:16+00:00
SAO_8009-10,São Paulo,3550308,True,,34027,,,-23.4338915,-46.751208,,,,2,2023-06-20T02:35:32+00:00
SAO_8009-10,São Paulo,3550308,True,,34027,,,-23.464772500000002,-46.7473275,,,,2,2023-06-20T02:33:44+00:00
SAO_8686-10,São Paulo,3550308,True,,33214,,,-23.506591999999998,-46.747149,,,,2,2023-06-20T02:35:29+00:00
SAO_8686-10,São Paulo,3550308,True,,33214,,,-23.541999750000002,-46.640972250000004,,,,2,2023-06-20T02:35:19+00:00
SAO_4006-10,São Paulo,3550308,True,,34948,,,-23.60253,-46.434863,,,,2,2023-06-20T02:35:25+00:00
SAO_4006-10,São Paulo,3550308,True,,34948,,,-23.617697,-46.4306335,,,,2,2023-06-20T02:35:10+00:00
SAO_3725-10,São Paulo,3550308,True,,33790,,,-23.5440585,-46.518887,,,,2,2023-06-20T02:35:04+00:00
SAO_3725-10,São Paulo,3550308,True,,33790,,,-23.533086,-46.530659,,,,2,2023-06-20T02:35:30+00:00
SAO_3725-10,São Paulo,3550308,True,,33790,,,-23.53335,-46.530578500000004,,,,2,2023-06-20T02:34:59+00:00
SAO_3725-10,São Paulo,3550308,True,,33790,,,-23.54843125,-46.518380500000006,,,,2,2023-06-20T02:35:09+00:00
SAO_3725-10,São Paulo,3550308,True,,33790,,,-23.53335,-46.530578500000004,,,,2,2023-06-20T02:35:00+00:00
SAO_574J-10,São Paulo,3550308,True,,1685,,,-23.56431375,-46.52112675,,,,1,2023-06-20T02:35:20+00:00
SAO_574J-10,São Paulo,3550308,True,,1685,,,-23.567098,-46.522762,,,,1,2023-06-20T02:34:54+00:00
SAO_574J-10,São Paulo,3550308,True,,1685,,,-23.598095,-46.6018095,,,,1,2023-06-20T02:35:14+00:00
SAO_574J-10,São Paulo,3550308,True,,1685,,,-23.636083499999998,-46.641462,,,,1,2023-06-20T02:35:21+00:00
SAO_574J-10,São Paulo,3550308,True,,1685,,,-23.625664999999998,-46.6153585,,,,1,2023-06-20T02:35:08+00:00
SAO_574J-10,São Paulo,3550308,True,,1685,,,-23.581695625000002,-46.594759875,,,,1,2023-06-20T02:35:19+00:00
SAO_574J-10,São Paulo,3550308,True,,1685,,,-23.5830855,-46.6005955,,,,1,2023-06-20T02:35:18+00:00
SAO_574J-10,São Paulo,3550308,True,,1685,,,-23.5713365,-46.525215,,,,1,2023-06-20T02:35:01+00:00
SAO_574J-10,São Paulo,3550308,True,,1685,,,-23.570389,-46.548573000000005,,,,1,2023-06-20T02:35:17+00:00
SAO_2026-10,São Paulo,3550308,True,,2269,,,-23.461732,-46.5828865,,,,1,2023-06-20T02:34:47+00:00
SAO_211V-10,São Paulo,3550308,True,,32922,,,-23.4943225,-46.470273,,,,2,2023-06-20T02:35:29+00:00
SAO_211V-10,São Paulo,3550308,True,,32922,,,-23.52171775,-46.5558245,,,,2,2023-06-20T02:34:42+00:00
SAO_6338-10,São Paulo,3550308,True,,34061,,,-23.628735874999997,-46.645171125,,,,2,2023-06-20T02:35:32+00:00
SAO_6338-10,São Paulo,3550308,True,,34061,,,-23.679666500000003,-46.6363,,,,2,2023-06-20T02:35:07+00:00
SAO_6338-10,São Paulo,3550308,True,,34061,,,-23.6744245,-46.642954,,,,2,2023-06-20T02:35:04+00:00
SAO_6338-10,São Paulo,3550308,True,,34061,,,-23.6801235,-46.637139000000005,,,,2,2023-06-20T02:35:19+00:00
SAO_6338-10,São Paulo,3550308,True,,34061,,,-23.679894,-46.6367245,,,,2,2023-06-20T02:35:12+00:00
SAO_1741-10,São Paulo,3550308,True,,539,,,-23.4639165,-46.663722,,,,1,2023-06-20T02:35:25+00:00
SAO_1741-10,São Paulo,3550308,True,,539,,,-23.503125,-46.6245765,,,,1,2023-06-20T02:35:08+00:00
SAO_1741-10,São Paulo,3550308,True,,539,,,-23.50032625,-46.62695925,,,,1,2023-06-20T02:34:58+00:00
SAO_1741-10,São Paulo,3550308,True,,539,,,-23.470277000000003,-46.659771,,,,1,2023-06-20T02:34:53+00:00
SAO_6062-10,São Paulo,3550308,True,,33919,,,-23.737220375,-46.69698375,,,,2,2023-06-20T02:34:56+00:00
SAO_6062-10,São Paulo,3550308,True,,33919,,,-23.7419425,-46.68161550000001,,,,2,2023-06-20T02:35:22+00:00
SAO_6062-10,São Paulo,3550308,True,,33919,,,-23.737047,-46.697469,,,,2,2023-06-20T02:35:12+00:00
SAO_2522-10,São Paulo,3550308,True,,32908,,,-23.516551999999997,-46.426590250000004,,,,2,2023-06-20T02:34:55+00:00
SAO_2522-10,São Paulo,3550308,True,,32908,,,-23.524158,-46.430437,,,,2,2023-06-20T02:34:56+00:00
SAO_736I-10,São Paulo,3550308,True,STT,781,https://moovitapp.com/index/pt-br/transporte_p%C3%BAblico-line-781-Sao_Paulo-242-850661-183349-0,5.3,-23.640517,-46.7465485,,,,1,2023-06-20T02:35:32+00:00
SAO_736I-10,São Paulo,3550308,True,STT,781,https://moovitapp.com/index/pt-br/transporte_p%C3%BAblico-line-781-Sao_Paulo-242-850661-183349-0,5.3,-23.641039625,-46.71706575,,,,1,2023-06-20T02:35:27+00:00
SAO_736I-10,São Paulo,3550308,True,STT,781,https://moovitapp.com/index/pt-br/transporte_p%C3%BAblico-line-781-Sao_Paulo-242-850661-183349-0,5.3,-23.6498405,-46.707801,,,,1,2023-06-20T02:34:54+00:00
SAO_736I-10,São Paulo,3550308,True,STT,781,https://moovitapp.com/index/pt-br/transporte_p%C3%BAblico-line-781-Sao_Paulo-242-850661-183349-0,5.3,-23.644056,-46.709244,,,,1,2023-06-20T02:35:31+00:00
SAO_307C-10,São Paulo,3550308,True,,34882,,,-23.512174,-46.3790425,,,,2,2023-06-20T02:32:40+00:00
SAO_307C-10,São Paulo,3550308,True,,34882,,,-23.494115999999998,-46.420691375000004,,,,2,2023-06-20T02:35:29+00:00
SAO_307C-10,São Paulo,3550308,True,,34882,,,-23.538571500000003,-46.479667750000004,,,,2,2023-06-20T02:33:48+00:00
SAO_307C-10,São Paulo,3550308,True,,34882,,,-23.5038615,-46.3797665,,,,2,2023-06-20T02:35:21+00:00
SAO_307C-10,São Paulo,3550308,True,,34882,,,-23.503643,-46.380181,,,,2,2023-06-20T02:35:19+00:00
SAO_307C-10,São Paulo,3550308,True,,34882,,,-23.498965,-46.466875,,,,2,2023-06-20T02:35:00+00:00
SAO_307C-10,São Paulo,3550308,True,,34882,,,-23.5024535,-46.3974125,,,,2,2023-06-20T02:34:52+00:00
SAO_307C-10,São Paulo,3550308,True,,34882,,,-23.5398895,-46.483771000000004,,,,2,2023-06-20T02:35:27+00:00
SAO_971C-10,São Paulo,3550308,True,,571,,,-23.435700375000003,-46.717766875,,,,1,2023-06-20T02:35:09+00:00
SAO_971C-10,São Paulo,3550308,True,,571,,,-23.4804065,-46.65626,,,,1,2023-06-20T02:35:19+00:00
SAO_971C-10,São Paulo,3550308,True,,571,,,-23.453412,-46.699248499999996,,,,1,2023-06-20T02:35:02+00:00
SAO_971C-10,São Paulo,3550308,True,,571,,,-23.501604,-46.624865,,,,1,2023-06-20T02:35:15+00:00
SAO_5038-10,São Paulo,3550308,True,,1661,,,-23.6550655,-46.608947,,,,1,2023-06-20T02:35:05+00:00
SAO_5038-10,São Paulo,3550308,True,,1661,,,-23.650569,-46.614115999999996,,,,1,2023-06-20T02:34:40+00:00
SAO_5038-10,São Paulo,3550308,True,,1661,,,-23.623388249999998,-46.60181875,,,,1,2023-06-20T02:35:30+00:00
SAO_5038-10,São Paulo,3550308,True,,1661,,,-23.6536285,-46.60265,,,,1,2023-06-20T02:35:36+00:00
SAO_9004-10,São Paulo,3550308,True,,33639,,,-23.455263000000002,-46.6827045,,,,2,2023-06-20T02:35:17+00:00
SAO_9004-10,São Paulo,3550308,True,,33639,,,-23.4599005,-46.6730295,,,,2,2023-06-20T02:35:27+00:00
SAO_9004-10,São Paulo,3550308,True,,33639,,,-23.4699605,-46.6704005,,,,2,2023-06-20T02:35:22+00:00
SAO_9004-10,São Paulo,3550308,True,,33639,,,-23.4567555,-46.6849275,,,,2,2023-06-20T02:35:26+00:00
SAO_9004-10,São Paulo,3550308,True,,33639,,,-23.456984,-46.6852645,,,,2,2023-06-20T02:34:50+00:00
SAO_9004-10,São Paulo,3550308,True,,33639,,,-23.457195499999997,-46.685354,,,,2,2023-06-20T02:35:04+00:00
SAO_6019-10,São Paulo,3550308,True,,1490,,,-23.667917,-46.7355005,,,,1,2023-06-20T02:34:55+00:00
SAO_6019-10,São Paulo,3550308,True,,1490,,,-23.6816085,-46.7382335,,,,1,2023-06-20T02:34:24+00:00
SAO_5164-10,São Paulo,3550308,True,,34051,,,-23.6428455,-46.661547999999996,,,,2,2023-06-20T02:35:19+00:00
SAO_5164-10,São Paulo,3550308,True,,34051,,,-23.628735874999997,-46.645171125,,,,2,2023-06-20T02:35:29+00:00
SAO_5164-10,São Paulo,3550308,True,,34051,,,-23.642954500000002,-46.6617585,,,,2,2023-06-20T02:35:16+00:00
SAO_5164-10,São Paulo,3550308,True,,34051,,,-23.642954500000002,-46.6617585,,,,2,2023-06-20T02:35:23+00:00
SAO_5164-10,São Paulo,3550308,True,,34051,,,-23.600459937500002,-46.636761125,,,,2,2023-06-20T02:35:23+00:00
SAO_5164-10,São Paulo,3550308,True,,34051,,,-23.6430645,-46.6619805,,,,2,2023-06-20T02:35:20+00:00
SAO_5164-10,São Paulo,3550308,True,,34051,,,-23.6430645,-46.6619805,,,,2,2023-06-20T02:35:25+00:00
SAO_5164-10,São Paulo,3550308,True,,34051,,,-23.651045,-46.6536055,,,,2,2023-06-20T02:35:02+00:00
SAO_172N-10,São Paulo,3550308,True,,664,,,-23.500990625,-46.622241,,,,1,2023-06-20T02:32:38+00:00
SAO_172N-10,São Paulo,3550308,True,,664,,,-23.506003999999997,-46.594458,,,,1,2023-06-20T02:35:16+00:00
SAO_8055-51,São Paulo,3550308,True,EMTU,417,https://moovitapp.com/index/pt-br/transporte_p%C3%BAblico-line-417-Sao_Paulo-242-2038937-36419474-0,5.2,-23.526591000000003,-46.668301,,,,1,2023-06-20T02:34:51+00:00
SAO_8055-51,São Paulo,3550308,True,EMTU,417,https://moovitapp.com/index/pt-br/transporte_p%C3%BAblico-line-417-Sao_Paulo-242-2038937-36419474-0,5.2,-23.4077725,-46.776204,,,,1,2023-06-20T02:34:21+00:00
SAO_8055-51,São Paulo,3550308,True,EMTU,417,https://moovitapp.com/index/pt-br/transporte_p%C3%BAblico-line-417-Sao_Paulo-242-2038937-36419474-0,5.2,-23.408545500000002,-46.740751,,,,1,2023-06-20T02:35:24+00:00
SAO_4032-10,São Paulo,3550308,True,,1102,,,-23.598511000000002,-46.639717000000005,,,,1,2023-06-20T02:35:36+00:00
SAO_4032-10,São Paulo,3550308,True,,1102,,,-23.62695925,-46.606653249999994,,,,1,2023-06-20T02:35:01+00:00
SAO_4032-10,São Paulo,3550308,True,,1102,,,-23.6075535,-46.63991675,,,,1,2023-06-20T02:35:14+00:00
SAO_848L-10,São Paulo,3550308,True,EMTU,808,https://moovitapp.com/index/pt-br/transporte_p%C3%BAblico-line-808-Sao_Paulo-242-2038937-36419584-0,4.8,-23.482869,-46.72288,,,,1,2023-06-20T02:35:20+00:00
SAO_848L-10,São Paulo,3550308,True,EMTU,808,https://moovitapp.com/index/pt-br/transporte_p%C3%BAblico-line-808-Sao_Paulo-242-2038937-36419584-0,4.8,-23.447152000000003,-46.722393,,,,1,2023-06-20T02:35:24+00:00
SAO_848L-10,São Paulo,3550308,True,EMTU,808,https://moovitapp.com/index/pt-br/transporte_p%C3%BAblico-line-808-Sao_Paulo-242-2038937-36419584-0,4.8,-23.432245,-46.724555,,,,1,2023-06-20T02:35:21+00:00
SAO_848L-10,São Paulo,3550308,True,EMTU,808,https://moovitapp.com/index/pt-br/transporte_p%C3%BAblico-line-808-Sao_Paulo-242-2038937-36419584-0,4.8,-23.485447999999998,-46.725504,,,,1,2023-06-20T02:34:58+00:00
SAO_848L-10,São Paulo,3550308,True,EMTU,808,https://moovitapp.com/index/pt-br/transporte_p%C3%BAblico-line-808-Sao_Paulo-242-2038937-36419584-0,4.8,-23.41493,-46.756445,,,,1,2023-06-20T02:35:28+00:00
SAO_2780-10,São Paulo,3550308,True,,33167,,,-23.5083085,-46.372563,,,,2,2023-06-20T02:34:19+00:00
SAO_2780-10,São Paulo,3550308,True,,33167,,,-23.539747124999998,-46.4552775,,,,2,2023-06-20T02:35:08+00:00
SAO_2780-10,São Paulo,3550308,True,,33167,,,-23.5026625,-46.384508,,,,2,2023-06-20T02:35:15+00:00
SAO_2780-10,São Paulo,3550308,True,,33167,,,-23.508447,-46.372622500000006,,,,2,2023-06-20T02:34:54+00:00
SAO_119C-10,São Paulo,3550308,True,,661,,,-23.5335615,-46.644628250000004,,,,1,2023-06-20T02:35:21+00:00
SAO_119C-10,São Paulo,3550308,True,,661,,,-23.508504000000002,-46.595999000000006,,,,1,2023-06-20T02:34:15+00:00
SAO_2101-10,São Paulo,3550308,True,,33482,,,-23.545757000000002,-46.572604,,,,2,2023-06-20T02:35:20+00:00
SAO_4210-10,São Paulo,3550308,True,,2170,,,-23.594517500000002,-46.447731,,,,1,2023-06-20T02:35:15+00:00
SAO_4210-10,São Paulo,3550308,True,,2170,,,-23.535527375,-46.551729,,,,1,2023-06-20T02:35:31+00:00
SAO_4210-10,São Paulo,3550308,True,,2170,,,-23.5372205,-46.59428762499999,,,,1,2023-06-20T02:34:52+00:00
SAO_4210-10,São Paulo,3550308,True,,2170,,,-23.532635749999997,-46.56256275,,,,1,2023-06-20T02:35:19+00:00
SAO_695D-10,São Paulo,3550308,True,EMTU,114,https://moovitapp.com/index/pt-br/transporte_p%C3%BAblico-line-114-Sao_Paulo-242-2038937-36419274-0,6.4,-23.7329935,-46.676147,,,,1,2023-06-20T02:29:30+00:00
SAO_695D-10,São Paulo,3550308,True,EMTU,114,https://moovitapp.com/index/pt-br/transporte_p%C3%BAblico-line-114-Sao_Paulo-242-2038937-36419274-0,6.4,-23.65004,-46.659279749999996,,,,1,2023-06-20T02:35:11+00:00
SAO_695D-10,São Paulo,3550308,True,EMTU,114,https://moovitapp.com/index/pt-br/transporte_p%C3%BAblico-line-114-Sao_Paulo-242-2038937-36419274-0,6.4,-23.71937425,-46.6897315,,,,1,2023-06-20T02:35:37+00:00
SAO_273J-10,São Paulo,3550308,True,,33157,,,-23.49374225,-46.403917500000006,,,,2,2023-06-20T02:34:52+00:00
SAO_273J-10,São Paulo,3550308,True,,33157,,,-23.479516375,-46.385100625,,,,2,2023-06-20T02:35:17+00:00
SAO_273J-10,São Paulo,3550308,True,,33157,,,-23.494294,-46.4433315,,,,2,2023-06-20T02:35:22+00:00
SAO_273J-10,São Paulo,3550308,True,,33157,,,-23.53051875,-46.534853125,,,,2,2023-06-20T02:35:29+00:00
SAO_273J-10,São Paulo,3550308,True,,33157,,,-23.48382,-46.3837995,,,,2,2023-06-20T02:34:26+00:00
SAO_273J-10,São Paulo,3550308,True,,33157,,,-23.5010565,-46.451766500000005,,,,2,2023-06-20T02:35:19+00:00
SAO_273J-10,São Paulo,3550308,True,,33157,,,-23.479006,-46.384915,,,,2,2023-06-20T02:35:19+00:00
SAO_273J-10,São Paulo,3550308,True,,33157,,,-23.517118,-46.475767000000005,,,,2,2023-06-20T02:35:31+00:00
SAO_273J-10,São Paulo,3550308,True,,33157,,,-23.4789165,-46.384702000000004,,,,2,2023-06-20T02:35:12+00:00
SAO_4111-10,São Paulo,3550308,True,Cidade de Caieiras,320,https://moovitapp.com/index/pt-br/transporte_p%C3%BAblico-line-320-Sao_Paulo-242-868761-752903-0,5.0,-23.574383750000003,-46.62312875000001,,,,1,2023-06-20T02:35:11+00:00
SAO_4111-10,São Paulo,3550308,True,Cidade de Caieiras,320,https://moovitapp.com/index/pt-br/transporte_p%C3%BAblico-line-320-Sao_Paulo-242-868761-752903-0,5.0,-23.545999875,-46.643137875,,,,1,2023-06-20T02:35:06+00:00
SAO_129F-10,São Paulo,3550308,True,,2304,,,-23.5267005,-46.666815,,,,1,2023-06-20T02:34:59+00:00
SAO_129F-10,São Paulo,3550308,True,,2304,,,-23.49657175,-46.703293,,,,1,2023-06-20T02:35:13+00:00
SAO_129F-10,São Paulo,3550308,True,,2304,,,-23.524959000000003,-46.695377625000006,,,,1,2023-06-20T02:35:34+00:00
SAO_129F-10,São Paulo,3550308,True,,2304,,,-23.48963375,-46.69858575,,,,1,2023-06-20T02:35:27+00:00
SAO_6021-10,São Paulo,3550308,True,,32945,,,-23.768752499999998,-46.7160475,,,,2,2023-06-20T02:34:59+00:00
SAO_6021-10,São Paulo,3550308,True,,32945,,,-23.7675415,-46.716446000000005,,,,2,2023-06-20T02:35:05+00:00
SAO_6021-10,São Paulo,3550308,True,,32945,,,-23.794448,-46.739204,,,,2,2023-06-20T02:35:28+00:00
SAO_7411-10,São Paulo,3550308,True,,34144,,,-23.567417749999997,-46.684039,,,,2,2023-06-20T02:35:20+00:00
SAO_7411-10,São Paulo,3550308,True,,34144,,,-23.550238,-46.6318905,,,,2,2023-06-20T02:35:24+00:00
SAO_6027-10,São Paulo,3550308,True,,32858,,,-23.704718,-46.702425000000005,,,,2,2023-06-20T02:35:37+00:00
SAO_6027-10,São Paulo,3550308,True,,32858,,,-23.7278945,-46.683544999999995,,,,2,2023-06-20T02:35:26+00:00
SAO_6027-10,São Paulo,3550308,True,,32858,,,-23.72318425,-46.670979,,,,2,2023-06-20T02:35:21+00:00
SAO_6027-10,São Paulo,3550308,True,,32858,,,-23.655170249999998,-46.70783675,,,,2,2023-06-20T02:35:06+00:00
SAO_6092-10,São Paulo,3550308,True,,33945,,,-23.7664425,-46.691179500000004,,,,2,2023-06-20T02:35:13+00:00
SAO_6092-10,São Paulo,3550308,True,,33945,,,-23.737982,-46.697884,,,,2,2023-06-20T02:29:35+00:00
SAO_6092-10,São Paulo,3550308,True,,33945,,,-23.742902,-46.691813499999995,,,,2,2023-06-20T02:35:35+00:00
SAO_6092-10,São Paulo,3550308,True,,33945,,,-23.7561105,-46.685497999999995,,,,2,2023-06-20T02:35:17+00:00
SAO_6092-10,São Paulo,3550308,True,,33945,,,-23.7784955,-46.6839665,,,,2,2023-06-20T02:32:02+00:00
SAO_3686-10,São Paulo,3550308,True,,32934,,,-23.55289175,-46.616635,,,,2,2023-06-20T02:35:21+00:00
SAO_3686-10,São Paulo,3550308,True,,32934,,,-23.55986625,-46.40348975,,,,2,2023-06-20T02:34:59+00:00
SAO_3686-10,São Paulo,3550308,True,,32934,,,-23.5384885,-46.47931125,,,,2,2023-06-20T02:35:03+00:00
SAO_3686-10,São Paulo,3550308,True,,32934,,,-23.559947,-46.4038685,,,,2,2023-06-20T02:35:31+00:00
SAO_3686-10,São Paulo,3550308,True,,32934,,,-23.536418,-46.496169249999994,,,,2,2023-06-20T02:35:25+00:00
SAO_3686-10,São Paulo,3550308,True,,32934,,,-23.541694999999997,-46.42543575,,,,2,2023-06-20T02:35:13+00:00
SAO_3686-10,São Paulo,3550308,True,,32934,,,-23.535381875,-46.5502515,,,,2,2023-06-20T02:35:30+00:00
SAO_3686-10,São Paulo,3550308,True,,32934,,,-23.559947,-46.4038685,,,,2,2023-06-20T02:34:55+00:00
SAO_6262-10,São Paulo,3550308,True,,34139,,,-23.56966175,-46.69150875,,,,2,2023-06-20T02:35:35+00:00
SAO_6262-10,São Paulo,3550308,True,,34139,,,-23.529883124999998,-46.731899,,,,2,2023-06-20T02:35:15+00:00
SAO_6262-10,São Paulo,3550308,True,,34139,,,-23.577015000000003,-46.672109500000005,,,,2,2023-06-20T02:35:22+00:00
SAO_6262-10,São Paulo,3550308,True,,34139,,,-23.537013,-46.724843,,,,2,2023-06-20T02:35:12+00:00
SAO_3020-10,São Paulo,3550308,True,,958,,,-23.543956,-46.43481799999999,,,,1,2023-06-20T02:35:00+00:00
SAO_3020-10,São Paulo,3550308,True,,958,,,-23.5570325,-46.4732955,,,,1,2023-06-20T02:35:33+00:00
SAO_3020-10,São Paulo,3550308,True,,958,,,-23.5637455,-46.502182000000005,,,,1,2023-06-20T02:35:29+00:00
SAO_6816-10,São Paulo,3550308,True,,32794,,,-23.648206000000002,-46.784783000000004,,,,2,2023-06-20T02:35:25+00:00
SAO_6816-10,São Paulo,3550308,True,,32794,,,-23.6515445,-46.779365999999996,,,,2,2023-06-20T02:34:53+00:00
SAO_6816-10,São Paulo,3550308,True,,32794,,,-23.6488265,-46.7845455,,,,2,2023-06-20T02:35:37+00:00
SAO_4086-10,São Paulo,3550308,True,,35018,,,-23.582991999999997,-46.4079,,,,2,2023-06-20T02:35:36+00:00
SAO_4086-10,São Paulo,3550308,True,,35018,,,-23.5844465,-46.408930999999995,,,,2,2023-06-20T02:35:20+00:00
SAO_6042-10,São Paulo,3550308,True,,33987,,,-23.6614595,-46.768571,,,,2,2023-06-20T02:35:16+00:00
SAO_6042-10,São Paulo,3550308,True,,33987,,,-23.64450025,-46.7264155,,,,2,2023-06-20T02:34:57+00:00
SAO_311C-10,São Paulo,3550308,True,,33077,,,-23.519177,-46.647842,,,,2,2023-06-20T02:35:10+00:00
SAO_311C-10,São Paulo,3550308,True,,33077,,,-23.540165374999997,-46.607773,,,,2,2023-06-20T02:35:06+00:00
SAO_311C-10,São Paulo,3550308,True,,33077,,,-23.594777,-46.5478045,,,,2,2023-06-20T02:35:28+00:00
SAO_311C-10,São Paulo,3550308,True,,33077,,,-23.519177,-46.647842,,,,2,2023-06-20T02:34:52+00:00
SAO_311C-10,São Paulo,3550308,True,,33077,,,-23.594777,-46.5478045,,,,2,2023-06-20T02:35:21+00:00
SAO_311C-10,São Paulo,3550308,True,,33077,,,-23.534566249999997,-46.611695375,,,,2,2023-06-20T02:35:28+00:00
SAO_2725-10,São Paulo,3550308,True,,33707,,,-23.5232575,-46.472034,,,,2,2023-06-20T02:35:25+00:00
SAO_2725-10,São Paulo,3550308,True,,33707,,,-23.523636250000003,-46.47435425,,,,2,2023-06-20T02:35:17+00:00
SAO_2725-10,São Paulo,3550308,True,,33707,,,-23.5082025,-46.4708145,,,,2,2023-06-20T02:34:52+00:00
SAO_5185-10,São Paulo,3550308,True,,1308,,,-23.637515625,-46.671335,,,,1,2023-06-20T02:35:12+00:00
SAO_5185-10,São Paulo,3550308,True,,1308,,,-23.546651,-46.632262999999995,,,,1,2023-06-20T02:35:00+00:00
SAO_5185-10,São Paulo,3550308,True,,1308,,,-23.5779285,-46.660012249999994,,,,1,2023-06-20T02:34:56+00:00
SAO_5185-10,São Paulo,3550308,True,,1308,,,-23.6677575,-46.7351975,,,,1,2023-06-20T02:35:04+00:00
SAO_5185-10,São Paulo,3550308,True,,1308,,,-23.6677575,-46.7351975,,,,1,2023-06-20T02:35:02+00:00
SAO_5185-10,São Paulo,3550308,True,,1308,,,-23.6677575,-46.7351975,,,,1,2023-06-20T02:34:57+00:00
SAO_5185-10,São Paulo,3550308,True,,1308,,,-23.6677875,-46.730561,,,,1,2023-06-20T02:35:05+00:00
SAO_675N-10,São Paulo,3550308,True,,33130,,,-23.623034750000002,-46.69963249999999,,,,2,2023-06-20T02:35:16+00:00
SAO_675N-10,São Paulo,3550308,True,,33130,,,-23.65425,-46.712176,,,,2,2023-06-20T02:35:31+00:00
SAO_675N-10,São Paulo,3550308,True,,33130,,,-23.5957515,-46.690772499999994,,,,2,2023-06-20T02:35:12+00:00
SAO_675N-10,São Paulo,3550308,True,,33130,,,-23.600558375,-46.659465,,,,2,2023-06-20T02:35:15+00:00
SAO_675N-10,São Paulo,3550308,True,,33130,,,-23.649762625,-46.716844375,,,,2,2023-06-20T02:35:15+00:00
SAO_3001-10,São Paulo,3550308,True,,34418,,,-23.513211,-46.376653000000005,,,,2,2023-06-20T02:35:02+00:00
SAO_3001-10,São Paulo,3550308,True,,34418,,,-23.507145375,-46.3877985,,,,2,2023-06-20T02:35:14+00:00
SAO_3001-10,São Paulo,3550308,True,,34418,,,-23.51342975,-46.376079499999996,,,,2,2023-06-20T02:34:58+00:00
SAO_5701-10,São Paulo,3550308,True,,33904,,,-23.639715125,-46.668864375,,,,2,2023-06-20T02:35:29+00:00
SAO_5701-10,São Paulo,3550308,True,,33904,,,-23.6477415,-46.66246375,,,,2,2023-06-20T02:35:17+00:00
SAO_5701-10,São Paulo,3550308,True,,33904,,,-23.6346335,-46.641412,,,,2,2023-06-20T02:34:55+00:00
SAO_5701-10,São Paulo,3550308,True,,33904,,,-23.635368,-46.641498,,,,2,2023-06-20T02:35:23+00:00
SAO_5701-10,São Paulo,3550308,True,,33904,,,-23.618764499999997,-46.698312,,,,2,2023-06-20T02:34:53+00:00
SAO_5701-10,São Paulo,3550308,True,,33904,,,-23.635368,-46.641498,,,,2,2023-06-20T02:35:18+00:00
SAO_5701-10,São Paulo,3550308,True,,33904,,,-23.645804499999997,-46.644913,,,,2,2023-06-20T02:34:54+00:00
SAO_5701-10,São Paulo,3550308,True,,33904,,,-23.6354945,-46.641478500000005,,,,2,2023-06-20T02:34:53+00:00
SAO_7060-10,São Paulo,3550308,True,,1889,,,-23.652286250000003,-46.778394750000004,,,,1,2023-06-20T02:35:20+00:00
SAO_7060-10,São Paulo,3550308,True,,1889,,,-23.6854875,-46.801269500000004,,,,1,2023-06-20T02:35:28+00:00
SAO_8319-10,São Paulo,3550308,True,,476,,,-23.52499675,-46.687870875,,,,1,2023-06-20T02:35:22+00:00
SAO_8319-10,São Paulo,3550308,True,,476,,,-23.547646999999998,-46.760248000000004,,,,1,2023-06-20T02:35:27+00:00
SAO_8319-10,São Paulo,3550308,True,,476,,,-23.5453105,-46.733963,,,,1,2023-06-20T02:35:25+00:00
SAO_8319-10,São Paulo,3550308,True,,476,,,-23.547003,-46.760853499999996,,,,1,2023-06-20T02:35:21+00:00
SAO_2715-10,São Paulo,3550308,True,,33696,,,-23.5132375,-46.5012095,,,,2,2023-06-20T02:34:56+00:00
SAO_2715-10,São Paulo,3550308,True,,33696,,,-23.530145,-46.501036,,,,2,2023-06-20T02:35:02+00:00
SAO_2715-10,São Paulo,3550308,True,,33696,,,-23.530118,-46.501016500000006,,,,2,2023-06-20T02:35:27+00:00
SAO_2715-10,São Paulo,3550308,True,,33696,,,-23.4981815,-46.502826,,,,2,2023-06-20T02:34:52+00:00
SAO_2715-10,São Paulo,3550308,True,,33696,,,-23.4981815,-46.502826,,,,2,2023-06-20T02:35:18+00:00
SAO_2715-10,São Paulo,3550308,True,,33696,,,-23.4979255,-46.503353,,,,2,2023-06-20T02:35:27+00:00
SAO_2715-10,São Paulo,3550308,True,,33696,,,-23.520874499999998,-46.5032455,,,,2,2023-06-20T02:35:05+00:00
SAO_2715-10,São Paulo,3550308,True,,33696,,,-23.503240499999997,-46.5025255,,,,2,2023-06-20T02:34:56+00:00
SAO_3139-10,São Paulo,3550308,True,,995,,,-23.5672625,-46.523503000000005,,,,1,2023-06-20T02:35:37+00:00
SAO_3139-10,São Paulo,3550308,True,,995,,,-23.558282875,-46.633616125,,,,1,2023-06-20T02:34:58+00:00
SAO_119L-10,São Paulo,3550308,True,,35041,,,-23.49012725,-46.766561125,,,,2,2023-06-20T02:34:53+00:00
SAO_119L-10,São Paulo,3550308,True,,35041,,,-23.445461,-46.7844485,,,,2,2023-06-20T02:35:21+00:00
SAO_2740-10,São Paulo,3550308,True,,1792,,,-23.458162,-46.60585175,,,,1,2023-06-20T02:35:29+00:00
SAO_2740-10,São Paulo,3550308,True,,1792,,,-23.4574545,-46.6428055,,,,1,2023-06-20T02:35:23+00:00
SAO_2740-10,São Paulo,3550308,True,,1792,,,-23.48170375,-46.61275275,,,,1,2023-06-20T02:29:31+00:00
SAO_6072-10,São Paulo,3550308,True,,34356,,,-23.805996999999998,-46.713722000000004,,,,2,2023-06-20T02:35:01+00:00
SAO_6072-10,São Paulo,3550308,True,,34356,,,-23.8274015,-46.69739250000001,,,,2,2023-06-20T02:35:34+00:00
SAO_6072-10,São Paulo,3550308,True,,34356,,,-23.8274015,-46.69739250000001,,,,2,2023-06-20T02:34:53+00:00
SAO_6072-10,São Paulo,3550308,True,,34356,,,-23.8216115,-46.7043455,,,,2,2023-06-20T02:34:57+00:00
SAO_6072-10,São Paulo,3550308,True,,34356,,,-23.7862775,-46.714113999999995,,,,2,2023-06-20T02:35:37+00:00
SAO_6072-10,São Paulo,3550308,True,,34356,,,-23.77306925,-46.720437,,,,2,2023-06-20T02:35:26+00:00
SAO_6072-10,São Paulo,3550308,True,,34356,,,-23.827348,-46.69764012499999,,,,2,2023-06-20T02:35:18+00:00
SAO_6072-10,São Paulo,3550308,True,,34356,,,-23.7665845,-46.7163125,,,,2,2023-06-20T02:35:33+00:00
SAO_4085-10,São Paulo,3550308,True,,2156,,,-23.557363000000002,-46.444508,,,,1,2023-06-20T02:34:34+00:00
SAO_4085-10,São Paulo,3550308,True,,2156,,,-23.55787175,-46.44271325,,,,1,2023-06-20T02:32:55+00:00
SAO_4085-10,São Paulo,3550308,True,,2156,,,-23.5426165,-46.4711865,,,,1,2023-06-20T02:34:48+00:00
SAO_3743-10,São Paulo,3550308,True,,33811,,,-23.609576250000003,-46.4755425,,,,2,2023-06-20T02:35:07+00:00
SAO_3743-10,São Paulo,3550308,True,,33811,,,-23.5698,-46.469006,,,,2,2023-06-20T02:34:56+00:00
SAO_3743-10,São Paulo,3550308,True,,33811,,,-23.542547,-46.4707595,,,,2,2023-06-20T02:35:02+00:00
SAO_3743-10,São Paulo,3550308,True,,33811,,,-23.602433875,-46.482662375,,,,2,2023-06-20T02:35:32+00:00
SAO_263C-10,São Paulo,3550308,True,EMTU,252,https://moovitapp.com/index/pt-br/transporte_p%C3%BAblico-line-252-Sao_Paulo-242-2038937-36419363-0,6.8,-23.47896875,-46.4178625,,,,1,2023-06-20T02:32:11+00:00
SAO_263C-10,São Paulo,3550308,True,EMTU,252,https://moovitapp.com/index/pt-br/transporte_p%C3%BAblico-line-252-Sao_Paulo-242-2038937-36419363-0,6.8,-23.493634999999998,-46.440379,,,,1,2023-06-20T02:33:36+00:00
SAO_263C-10,São Paulo,3550308,True,EMTU,252,https://moovitapp.com/index/pt-br/transporte_p%C3%BAblico-line-252-Sao_Paulo-242-2038937-36419363-0,6.8,-23.53967,-46.439659,,,,1,2023-06-20T02:35:33+00:00
SAO_263C-10,São Paulo,3550308,True,EMTU,252,https://moovitapp.com/index/pt-br/transporte_p%C3%BAblico-line-252-Sao_Paulo-242-2038937-36419363-0,6.8,-23.53939075,-46.4398695,,,,1,2023-06-20T02:35:28+00:00
SAO_263C-10,São Paulo,3550308,True,EMTU,252,https://moovitapp.com/index/pt-br/transporte_p%C3%BAblico-line-252-Sao_Paulo-242-2038937-36419363-0,6.8,-23.53967,-46.439659,,,,1,2023-06-20T02:35:05+00:00
SAO_8544-10,São Paulo,3550308,True,EMTU,430,https://moovitapp.com/index/pt-br/transporte_p%C3%BAblico-line-430-Sao_Paulo-242-2038937-36584270-0,5.2,-23.43859975,-46.7492835,,,,1,2023-06-20T02:35:36+00:00
SAO_8544-10,São Paulo,3550308,True,EMTU,430,https://moovitapp.com/index/pt-br/transporte_p%C3%BAblico-line-430-Sao_Paulo-242-2038937-36584270-0,5.2,-23.520860874999997,-46.6695091875,,,,1,2023-06-20T02:35:29+00:00
SAO_6055-10,São Paulo,3550308,True,,1146,,,-23.75413,-46.708843,,,,1,2023-06-20T02:35:34+00:00
SAO_6055-10,São Paulo,3550308,True,,1146,,,-23.67450975,-46.6782595,,,,1,2023-06-20T02:35:11+00:00
SAO_6055-10,São Paulo,3550308,True,,1146,,,-23.7144895,-46.69877675,,,,1,2023-06-20T02:35:26+00:00
SAO_6055-10,São Paulo,3550308,True,,1146,,,-23.7466765,-46.698802,,,,1,2023-06-20T02:34:54+00:00
SAO_4021-10,São Paulo,3550308,True,,35316,,,-23.542726000000002,-46.470186999999996,,,,2,2023-06-20T02:35:11+00:00
SAO_4021-10,São Paulo,3550308,True,,35316,,,-23.542684,-46.4693915,,,,2,2023-06-20T02:34:55+00:00
SAO_4021-10,São Paulo,3550308,True,,35316,,,-23.543105,-46.46927075,,,,2,2023-06-20T02:35:04+00:00
SAO_4021-10,São Paulo,3550308,True,,35316,,,-23.56217325,-46.452636999999996,,,,2,2023-06-20T02:35:28+00:00
SAO_4021-10,São Paulo,3550308,True,,35316,,,-23.542792499999997,-46.470580999999996,,,,2,2023-06-20T02:35:20+00:00
SAO_1758-10,São Paulo,3550308,True,EMTU,552,https://moovitapp.com/index/pt-br/transporte_p%C3%BAblico-line-552-Sao_Paulo-242-2038937-36419556-0,6.8,-23.464035125000002,-46.654045625,,,,1,2023-06-20T02:35:26+00:00
SAO_1758-10,São Paulo,3550308,True,EMTU,552,https://moovitapp.com/index/pt-br/transporte_p%C3%BAblico-line-552-Sao_Paulo-242-2038937-36419556-0,6.8,-23.4943265,-46.625913499999996,,,,1,2023-06-20T02:32:34+00:00
SAO_8615-10,São Paulo,3550308,True,,34107,,,-23.5369125,-46.7237005,,,,2,2023-06-20T02:35:33+00:00
SAO_8615-10,São Paulo,3550308,True,,34107,,,-23.534146,-46.6547235,,,,2,2023-06-20T02:35:00+00:00
SAO_8615-10,São Paulo,3550308,True,,34107,,,-23.546785749999998,-46.633402249999996,,,,2,2023-06-20T02:35:18+00:00
SAO_8615-10,São Paulo,3550308,True,,34107,,,-23.5361915,-46.725013000000004,,,,2,2023-06-20T02:34:58+00:00
SAO_8615-10,São Paulo,3550308,True,,34107,,,-23.535989999999998,-46.7247965,,,,2,2023-06-20T02:35:04+00:00
SAO_8615-10,São Paulo,3550308,True,,34107,,,-23.5349015,-46.719298499999994,,,,2,2023-06-20T02:35:16+00:00
SAO_8615-10,São Paulo,3550308,True,,34107,,,-23.535989999999998,-46.7247965,,,,2,2023-06-20T02:35:04+00:00
SAO_8615-10,São Paulo,3550308,True,,34107,,,-23.5369125,-46.7237005,,,,2,2023-06-20T02:34:58+00:00
SAO_8615-10,São Paulo,3550308,True,,34107,,,-23.522756625,-46.692119812499996,,,,2,2023-06-20T02:34:55+00:00
SAO_8615-10,São Paulo,3550308,True,,34107,,,-23.5369125,-46.7237005,,,,2,2023-06-20T02:35:02+00:00
SAO_8615-10,São Paulo,3550308,True,,34107,,,-23.5272615,-46.724377000000004,,,,2,2023-06-20T02:35:08+00:00
SAO_8615-10,São Paulo,3550308,True,,34107,,,-23.54220325,-46.64060875,,,,2,2023-06-20T02:35:05+00:00
SAO_778J-41,São Paulo,3550308,True,,34254,,,-23.584742999999996,-46.738156000000004,,,,2,2023-06-20T02:34:57+00:00
SAO_778J-41,São Paulo,3550308,True,,34254,,,-23.589108,-46.796997000000005,,,,2,2023-06-20T02:35:15+00:00
SAO_778J-41,São Paulo,3550308,True,,34254,,,-23.5856015,-46.80595925,,,,2,2023-06-20T02:33:36+00:00
SAO_778J-41,São Paulo,3550308,True,,34254,,,-23.5554095,-46.6817275,,,,2,2023-06-20T02:35:19+00:00
SAO_1788-10,São Paulo,3550308,True,,653,,,-23.4308155,-46.574727499999995,,,,1,2023-06-20T02:35:10+00:00
SAO_1788-10,São Paulo,3550308,True,,653,,,-23.502214000000002,-46.6235875,,,,1,2023-06-20T02:35:15+00:00
SAO_1788-10,São Paulo,3550308,True,,653,,,-23.4308155,-46.574727499999995,,,,1,2023-06-20T02:35:07+00:00
SAO_1788-10,São Paulo,3550308,True,,653,,,-23.4356425,-46.573656,,,,1,2023-06-20T02:34:55+00:00
SAO_1788-10,São Paulo,3550308,True,,653,,,-23.4524105,-46.588843,,,,1,2023-06-20T02:35:26+00:00
SAO_6805-10,São Paulo,3550308,True,,32799,,,-23.654369000000003,-46.762426500000004,,,,2,2023-06-20T02:35:25+00:00
SAO_6805-10,São Paulo,3550308,True,,32799,,,-23.6532725,-46.7370815,,,,2,2023-06-20T02:35:31+00:00
SAO_6805-10,São Paulo,3550308,True,,32799,,,-23.654267,-46.763731,,,,2,2023-06-20T02:35:30+00:00
SAO_2732-10,São Paulo,3550308,True,,33715,,,-23.540101,-46.483252,,,,2,2023-06-20T02:35:28+00:00
SAO_2732-10,São Paulo,3550308,True,,33715,,,-23.538683,-46.480537749999996,,,,2,2023-06-20T02:35:33+00:00
SAO_2732-10,São Paulo,3550308,True,,33715,,,-23.529323375,-46.45887175,,,,2,2023-06-20T02:35:31+00:00
SAO_2732-10,São Paulo,3550308,True,,33715,,,-23.529743,-46.45955,,,,2,2023-06-20T02:35:03+00:00
SAO_4015-10,São Paulo,3550308,True,,2188,,,-23.63368825,-46.472753250000004,,,,1,2023-06-20T02:35:25+00:00
SAO_4015-10,São Paulo,3550308,True,,2188,,,-23.613228499999998,-46.476530999999994,,,,1,2023-06-20T02:35:24+00:00
SAO_4015-10,São Paulo,3550308,True,,2188,,,-23.613228499999998,-46.476530999999994,,,,1,2023-06-20T02:34:52+00:00
SAO_407F-10,São Paulo,3550308,True,,34935,,,-23.612038499999997,-46.4762595,,,,2,2023-06-20T02:35:28+00:00
SAO_407F-10,São Paulo,3550308,True,,34935,,,-23.612146,-46.4762395,,,,2,2023-06-20T02:35:01+00:00
SAO_407F-10,São Paulo,3550308,True,,34935,,,-23.548297375,-46.58220025,,,,2,2023-06-20T02:35:14+00:00
SAO_407F-10,São Paulo,3550308,True,,34935,,,-23.598079624999997,-46.48634800000001,,,,2,2023-06-20T02:33:15+00:00
SAO_778J-41,São Paulo,3550308,True,,1486,,,-23.586578125000003,-46.753012125,,,,1,2023-06-20T02:35:27+00:00
SAO_778J-41,São Paulo,3550308,True,,1486,,,-23.5429925,-46.6763945,,,,1,2023-06-20T02:35:05+00:00
SAO_778J-41,São Paulo,3550308,True,,1486,,,-23.585785,-46.8053525,,,,1,2023-06-20T02:35:02+00:00
SAO_778J-41,São Paulo,3550308,True,,1486,,,-23.585532999999998,-46.8056635,,,,1,2023-06-20T02:31:19+00:00
SAO_778J-41,São Paulo,3550308,True,,1486,,,-23.526614000000002,-46.668097,,,,1,2023-06-20T02:35:04+00:00
SAO_778J-41,São Paulo,3550308,True,,1486,,,-23.5854415,-46.805544499999996,,,,1,2023-06-20T02:35:04+00:00
SAO_8548-10,São Paulo,3550308,True,EMTU,578,https://moovitapp.com/index/pt-br/transporte_p%C3%BAblico-line-578-Sao_Paulo-242-2038937-36419568-0,5.4,-23.4473105,-46.7155255,,,,1,2023-06-20T02:35:25+00:00
SAO_8548-10,São Paulo,3550308,True,EMTU,578,https://moovitapp.com/index/pt-br/transporte_p%C3%BAblico-line-578-Sao_Paulo-242-2038937-36419568-0,5.4,-23.444650375000002,-46.717189625,,,,1,2023-06-20T02:35:24+00:00
SAO_8548-10,São Paulo,3550308,True,EMTU,578,https://moovitapp.com/index/pt-br/transporte_p%C3%BAblico-line-578-Sao_Paulo-242-2038937-36419568-0,5.4,-23.5049575,-46.6904515,,,,1,2023-06-20T02:35:14+00:00
SAO_575C-10,São Paulo,3550308,True,,34454,,,-23.584297125,-46.577936125,,,,2,2023-06-20T02:35:30+00:00
SAO_575C-10,São Paulo,3550308,True,,34454,,,-23.580758250000002,-46.5259895,,,,2,2023-06-20T02:35:14+00:00
SAO_7023-10,São Paulo,3550308,True,,2152,,,-23.6906485,-46.759701,,,,1,2023-06-20T02:35:32+00:00
SAO_7023-10,São Paulo,3550308,True,,2152,,,-23.698786,-46.7627765,,,,1,2023-06-20T02:35:34+00:00
SAO_7023-10,São Paulo,3550308,True,,2152,,,-23.686013,-46.7375345,,,,1,2023-06-20T02:31:46+00:00
SAO_7023-10,São Paulo,3550308,True,,2152,,,-23.698786,-46.7627765,,,,1,2023-06-20T02:35:25+00:00
SAO_7023-10,São Paulo,3550308,True,,2152,,,-23.698786,-46.7627765,,,,1,2023-06-20T02:35:31+00:00
SAO_7023-10,São Paulo,3550308,True,,2152,,,-23.699025499999998,-46.762974,,,,1,2023-06-20T02:35:02+00:00
SAO_373M-10,São Paulo,3550308,True,,33049,,,-23.601270999999997,-46.538996,,,,2,2023-06-20T02:35:04+00:00
SAO_373M-10,São Paulo,3550308,True,,33049,,,-23.58935825,-46.5853165,,,,2,2023-06-20T02:35:03+00:00
SAO_6258-10,São Paulo,3550308,True,,1232,,,-23.661396500000002,-46.705166,,,,1,2023-06-20T02:35:02+00:00
SAO_6258-10,São Paulo,3550308,True,,1232,,,-23.691460499999998,-46.746868500000005,,,,1,2023-06-20T02:34:55+00:00
SAO_6258-10,São Paulo,3550308,True,,1232,,,-23.691460499999998,-46.746868500000005,,,,1,2023-06-20T02:35:03+00:00
SAO_6258-10,São Paulo,3550308,True,,1232,,,-23.683256999999998,-46.7360095,,,,1,2023-06-20T02:35:07+00:00
SAO_6258-10,São Paulo,3550308,True,,1232,,,-23.691460499999998,-46.746868500000005,,,,1,2023-06-20T02:35:18+00:00
SAO_6258-10,São Paulo,3550308,True,,1232,,,-23.691460499999998,-46.746868500000005,,,,1,2023-06-20T02:35:32+00:00
SAO_9006-10,São Paulo,3550308,True,,874,,,-23.469108749999997,-46.68281575,,,,1,2023-06-20T02:34:49+00:00
SAO_172J-10,São Paulo,3550308,True,,33624,,,-23.48938,-46.570454,,,,2,2023-06-20T02:34:47+00:00
SAO_172J-10,São Paulo,3550308,True,,33624,,,-23.4795485,-46.5688175,,,,2,2023-06-20T02:35:17+00:00
SAO_172J-10,São Paulo,3550308,True,,33624,,,-23.524113,-46.5812145,,,,2,2023-06-20T02:35:03+00:00
SAO_172J-10,São Paulo,3550308,True,,33624,,,-23.479189750000003,-46.56941425,,,,2,2023-06-20T02:34:51+00:00
SAO_172J-10,São Paulo,3550308,True,,33624,,,-23.479189750000003,-46.56941425,,,,2,2023-06-20T02:35:24+00:00
SAO_172J-10,São Paulo,3550308,True,,33624,,,-23.5400505,-46.5773875,,,,2,2023-06-20T02:35:32+00:00
SAO_172J-10,São Paulo,3550308,True,,33624,,,-23.48940375,-46.57123325,,,,2,2023-06-20T02:34:19+00:00
SAO_172J-10,São Paulo,3550308,True,,33624,,,-23.514658750000002,-46.586711625,,,,2,2023-06-20T02:35:17+00:00
SAO_172J-10,São Paulo,3550308,True,,33624,,,-23.479189750000003,-46.56941425,,,,2,2023-06-20T02:35:17+00:00
SAO_172J-10,São Paulo,3550308,True,,33624,,,-23.479189750000003,-46.56941425,,,,2,2023-06-20T02:35:22+00:00
SAO_172J-10,São Paulo,3550308,True,,33624,,,-23.5073825,-46.578048499999994,,,,2,2023-06-20T02:35:10+00:00
SAO_172J-10,São Paulo,3550308,True,,33624,,,-23.479194,-46.5689705,,,,2,2023-06-20T02:34:55+00:00
SAO_513C-10,São Paulo,3550308,True,,35303,,,-23.6115,-46.4733145,,,,2,2023-06-20T02:35:32+00:00
SAO_513C-10,São Paulo,3550308,True,,35303,,,-23.5969635,-46.555,,,,2,2023-06-20T02:35:25+00:00
SAO_513C-10,São Paulo,3550308,True,,35303,,,-23.6115,-46.4733145,,,,2,2023-06-20T02:33:39+00:00
SAO_513C-10,São Paulo,3550308,True,,35303,,,-23.601193000000002,-46.53048025,,,,2,2023-06-20T02:33:57+00:00
SAO_9015-10,São Paulo,3550308,True,,1269,,,-23.47086375,-46.71389925,,,,1,2023-06-20T02:35:32+00:00
SAO_9015-10,São Paulo,3550308,True,,1269,,,-23.483244,-46.711061,,,,1,2023-06-20T02:35:28+00:00
SAO_9015-10,São Paulo,3550308,True,,1269,,,-23.486845000000002,-46.7270285,,,,1,2023-06-20T02:35:18+00:00
SAO_9015-10,São Paulo,3550308,True,,1269,,,-23.4868945,-46.7270755,,,,1,2023-06-20T02:35:32+00:00
SAO_9015-10,São Paulo,3550308,True,,1269,,,-23.469376,-46.713335,,,,1,2023-06-20T02:35:10+00:00
SAO_8004-10,São Paulo,3550308,True,,1254,,,-23.50072,-46.7474555,,,,1,2023-06-20T02:34:54+00:00
SAO_8004-10,São Paulo,3550308,True,,1254,,,-23.469990000000003,-46.751969,,,,1,2023-06-20T02:34:55+00:00
SAO_1786-10,São Paulo,3550308,True,,33417,,,-23.46590275,-46.61622925,,,,2,2023-06-20T02:34:21+00:00
SAO_1786-10,São Paulo,3550308,True,,33417,,,-23.45376775,-46.607023,,,,2,2023-06-20T02:33:58+00:00
SAO_1786-10,São Paulo,3550308,True,,33417,,,-23.489608750000002,-46.624299500000006,,,,2,2023-06-20T02:33:22+00:00
SAO_1786-10,São Paulo,3550308,True,,33417,,,-23.45376775,-46.607023,,,,2,2023-06-20T02:35:33+00:00
SAO_476G-10,São Paulo,3550308,True,,1111,,,-23.584044499999997,-46.635478750000004,,,,1,2023-06-20T02:34:56+00:00
SAO_476G-10,São Paulo,3550308,True,,1111,,,-23.6143955,-46.504852,,,,1,2023-06-20T02:34:41+00:00
SAO_8003-10,São Paulo,3550308,True,,1253,,,-23.513059,-46.7562985,,,,1,2023-06-20T02:35:02+00:00
SAO_1726-10,São Paulo,3550308,True,,1403,,,-23.4811525,-46.612036,,,,1,2023-06-20T02:34:29+00:00
SAO_1726-10,São Paulo,3550308,True,,1403,,,-23.4359105,-46.566243,,,,1,2023-06-20T02:34:59+00:00
SAO_1726-10,São Paulo,3550308,True,,1403,,,-23.435107000000002,-46.566191,,,,1,2023-06-20T02:32:15+00:00
SAO_1726-10,São Paulo,3550308,True,,1403,,,-23.449777,-46.593588,,,,1,2023-06-20T02:35:17+00:00
SAO_1726-10,São Paulo,3550308,True,,1403,,,-23.435107000000002,-46.566191,,,,1,2023-06-20T02:35:15+00:00
SAO_1726-10,São Paulo,3550308,True,,1403,,,-23.435372,-46.566209,,,,1,2023-06-20T02:34:55+00:00
SAO_6083-10,São Paulo,3550308,True,,34501,,,-23.740786,-46.691494500000005,,,,2,2023-06-20T02:34:54+00:00
SAO_6083-10,São Paulo,3550308,True,,34501,,,-23.753360999999998,-46.6700625,,,,2,2023-06-20T02:35:21+00:00
SAO_6083-10,São Paulo,3550308,True,,34501,,,-23.75339275,-46.66968825000001,,,,2,2023-06-20T02:35:16+00:00
SAO_6083-10,São Paulo,3550308,True,,34501,,,-23.7533675,-46.669934,,,,2,2023-06-20T02:33:34+00:00
SAO_4052-10,São Paulo,3550308,True,,34913,,,-23.52540125,-46.436034,,,,2,2023-06-20T02:35:20+00:00
SAO_4052-10,São Paulo,3550308,True,,34913,,,-23.542444,-46.416917999999995,,,,2,2023-06-20T02:30:06+00:00
SAO_4052-10,São Paulo,3550308,True,,34913,,,-23.542444,-46.416917999999995,,,,2,2023-06-20T02:35:15+00:00
SAO_4052-10,São Paulo,3550308,True,,34913,,,-23.54288125,-46.42054375,,,,2,2023-06-20T02:35:00+00:00
SAO_4052-10,São Paulo,3550308,True,,34913,,,-23.539784,-46.4726735,,,,2,2023-06-20T02:33:21+00:00
SAO_2025-10,São Paulo,3550308,True,,2267,,,-23.481731,-46.60282475,,,,1,2023-06-20T02:34:53+00:00
SAO_2025-10,São Paulo,3550308,True,,2267,,,-23.4507355,-46.57235675,,,,1,2023-06-20T02:34:53+00:00
SAO_2025-10,São Paulo,3550308,True,,2267,,,-23.502817,-46.6238575,,,,1,2023-06-20T02:35:04+00:00
SAO_2025-10,São Paulo,3550308,True,,2267,,,-23.4566865,-46.5848185,,,,1,2023-06-20T02:35:15+00:00
SAO_7272-10,São Paulo,3550308,True,,34101,,,-23.53057925,-46.684006,,,,2,2023-06-20T02:35:10+00:00
SAO_7272-10,São Paulo,3550308,True,,34101,,,-23.51887925,-46.707195500000005,,,,2,2023-06-20T02:35:01+00:00
SAO_7272-10,São Paulo,3550308,True,,34101,,,-23.51771125,-46.70723925,,,,2,2023-06-20T02:35:09+00:00
SAO_3013-10,São Paulo,3550308,True,,954,,,-23.589826249999998,-46.411062125,,,,1,2023-06-20T02:35:14+00:00
SAO_746H-10,São Paulo,3550308,True,STT,785,https://moovitapp.com/index/pt-br/transporte_p%C3%BAblico-line-785-Sao_Paulo-242-850661-183353-0,5.3,-23.595715499999997,-46.7466345,,,,1,2023-06-20T02:35:25+00:00
SAO_746H-10,São Paulo,3550308,True,STT,785,https://moovitapp.com/index/pt-br/transporte_p%C3%BAblico-line-785-Sao_Paulo-242-850661-183353-0,5.3,-23.6329445,-46.736995,,,,1,2023-06-20T02:34:56+00:00
SAO_746H-10,São Paulo,3550308,True,STT,785,https://moovitapp.com/index/pt-br/transporte_p%C3%BAblico-line-785-Sao_Paulo-242-850661-183353-0,5.3,-23.5851975,-46.724414499999995,,,,1,2023-06-20T02:33:40+00:00
SAO_746H-10,São Paulo,3550308,True,STT,785,https://moovitapp.com/index/pt-br/transporte_p%C3%BAblico-line-785-Sao_Paulo-242-850661-183353-0,5.3,-23.6326985,-46.7369515,,,,1,2023-06-20T02:34:58+00:00
SAO_746H-10,São Paulo,3550308,True,STT,785,https://moovitapp.com/index/pt-br/transporte_p%C3%BAblico-line-785-Sao_Paulo-242-850661-183353-0,5.3,-23.602223000000002,-46.7249895,,,,1,2023-06-20T02:35:11+00:00
SAO_746H-10,São Paulo,3550308,True,STT,785,https://moovitapp.com/index/pt-br/transporte_p%C3%BAblico-line-785-Sao_Paulo-242-850661-183353-0,5.3,-23.605064999999996,-46.7251735,,,,1,2023-06-20T02:35:14+00:00
SAO_746H-10,São Paulo,3550308,True,STT,785,https://moovitapp.com/index/pt-br/transporte_p%C3%BAblico-line-785-Sao_Paulo-242-850661-183353-0,5.3,-23.64164275,-46.715305875,,,,1,2023-06-20T02:35:24+00:00
SAO_9653-10,São Paulo,3550308,True,,33356,,,-23.4580645,-46.6433105,,,,2,2023-06-20T02:34:58+00:00
SAO_9653-10,São Paulo,3550308,True,,33356,,,-23.474103,-46.667375,,,,2,2023-06-20T02:35:11+00:00
SAO_9653-10,São Paulo,3550308,True,,33356,,,-23.5389615,-46.64051,,,,2,2023-06-20T02:35:20+00:00
SAO_9653-10,São Paulo,3550308,True,,33356,,,-23.4580645,-46.6433105,,,,2,2023-06-20T02:34:54+00:00
SAO_9653-10,São Paulo,3550308,True,,33356,,,-23.456944,-46.648088,,,,2,2023-06-20T02:35:09+00:00
SAO_9653-10,São Paulo,3550308,True,,33356,,,-23.5009845,-46.6735555,,,,2,2023-06-20T02:35:20+00:00
SAO_9653-10,São Paulo,3550308,True,,33356,,,-23.4580645,-46.6433105,,,,2,2023-06-20T02:35:19+00:00
SAO_1024-10,São Paulo,3550308,True,,2302,,,-23.4603835,-46.698331,,,,1,2023-06-20T02:35:23+00:00
SAO_1024-10,São Paulo,3550308,True,,2302,,,-23.4611255,-46.698164000000006,,,,1,2023-06-20T02:35:13+00:00
SAO_8200-10,São Paulo,3550308,True,,34031,,,-23.5045635,-46.7103005,,,,2,2023-06-20T02:34:56+00:00
SAO_8200-10,São Paulo,3550308,True,,34031,,,-23.520256,-46.7000975,,,,2,2023-06-20T02:35:22+00:00
SAO_8200-10,São Paulo,3550308,True,,34031,,,-23.4863015,-46.726275,,,,2,2023-06-20T02:35:18+00:00
SAO_8200-10,São Paulo,3550308,True,,34031,,,-23.507522,-46.705747,,,,2,2023-06-20T02:34:59+00:00
SAO_8200-10,São Paulo,3550308,True,,34031,,,-23.520256,-46.7000975,,,,2,2023-06-20T02:35:25+00:00
SAO_6052-10,São Paulo,3550308,True,,1144,,,-23.775509999999997,-46.691679,,,,1,2023-06-20T02:35:25+00:00
SAO_6052-10,São Paulo,3550308,True,,1144,,,-23.7701865,-46.7142615,,,,1,2023-06-20T02:35:07+00:00
SAO_2028-10,São Paulo,3550308,True,,35031,,,-23.437908,-46.571484999999996,,,,2,2023-06-20T02:31:37+00:00
SAO_2028-10,São Paulo,3550308,True,,35031,,,-23.449148,-46.588454,,,,2,2023-06-20T02:35:33+00:00
SAO_2028-10,São Paulo,3550308,True,,35031,,,-23.480196,-46.602474,,,,2,2023-06-20T02:35:34+00:00
SAO_3032-10,São Paulo,3550308,True,,33488,,,-23.560169000000002,-46.499176,,,,2,2023-06-20T02:35:25+00:00
SAO_3032-10,São Paulo,3550308,True,,33488,,,-23.5579695,-46.522496000000004,,,,2,2023-06-20T02:35:26+00:00
SAO_6822-10,São Paulo,3550308,True,Del Rey,22,https://moovitapp.com/index/pt-br/transporte_p%C3%BAblico-line-22-Sao_Paulo-242-868760-496394-0,4.5,-23.653269,-46.7776185,,,,1,2023-06-20T02:35:01+00:00
SAO_6822-10,São Paulo,3550308,True,Del Rey,22,https://moovitapp.com/index/pt-br/transporte_p%C3%BAblico-line-22-Sao_Paulo-242-868760-496394-0,4.5,-23.643030500000002,-46.77970475,,,,1,2023-06-20T02:35:00+00:00
SAO_6822-10,São Paulo,3550308,True,Del Rey,22,https://moovitapp.com/index/pt-br/transporte_p%C3%BAblico-line-22-Sao_Paulo-242-868760-496394-0,4.5,-23.653551,-46.777357,,,,1,2023-06-20T02:35:12+00:00
SAO_6822-10,São Paulo,3550308,True,Del Rey,22,https://moovitapp.com/index/pt-br/transporte_p%C3%BAblico-line-22-Sao_Paulo-242-868760-496394-0,4.5,-23.654267,-46.763731,,,,1,2023-06-20T02:35:20+00:00
SAO_1034-10,São Paulo,3550308,True,,2452,,,-23.471886,-46.706306,,,,1,2023-06-20T02:34:58+00:00
SAO_1034-10,São Paulo,3550308,True,,2452,,,-23.4862415,-46.7107835,,,,1,2023-06-20T02:35:17+00:00
SAO_4729-10,São Paulo,3550308,True,,33876,,,-23.5613165,-46.5748725,,,,2,2023-06-20T02:35:04+00:00
SAO_4729-10,São Paulo,3550308,True,,33876,,,-23.592294000000003,-46.5292885,,,,2,2023-06-20T02:35:06+00:00
SAO_4729-10,São Paulo,3550308,True,,33876,,,-23.5442665,-46.593436,,,,2,2023-06-20T02:34:55+00:00
SAO_4729-10,São Paulo,3550308,True,,33876,,,-23.59286825,-46.513782750000004,,,,2,2023-06-20T02:35:35+00:00
SAO_4729-10,São Paulo,3550308,True,,33876,,,-23.591147,-46.507459999999995,,,,2,2023-06-20T02:35:05+00:00
SAO_4729-10,São Paulo,3550308,True,,33876,,,-23.5910195,-46.5073555,,,,2,2023-06-20T02:35:25+00:00
SAO_4729-10,São Paulo,3550308,True,,33876,,,-23.591147,-46.507459999999995,,,,2,2023-06-20T02:35:36+00:00
SAO_9014-10,São Paulo,3550308,True,,34193,,,-23.520236,-46.6997165,,,,2,2023-06-20T02:35:33+00:00
SAO_9014-10,São Paulo,3550308,True,,34193,,,-23.473639,-46.707848,,,,2,2023-06-20T02:35:14+00:00
SAO_9014-10,São Paulo,3550308,True,,34193,,,-23.500726999999998,-46.692922499999995,,,,2,2023-06-20T02:35:33+00:00
SAO_9014-10,São Paulo,3550308,True,,34193,,,-23.473125500000002,-46.70469625,,,,2,2023-06-20T02:35:14+00:00
SAO_6041-10,São Paulo,3550308,True,,1218,,,-23.64198,-46.7124885,,,,1,2023-06-20T02:35:30+00:00
SAO_6041-10,São Paulo,3550308,True,,1218,,,-23.644008499999998,-46.732204,,,,1,2023-06-20T02:35:03+00:00
SAO_6041-10,São Paulo,3550308,True,,1218,,,-23.690493500000002,-46.780443,,,,1,2023-06-20T02:35:35+00:00
SAO_6041-10,São Paulo,3550308,True,,1218,,,-23.660608,-46.7679,,,,1,2023-06-20T02:35:20+00:00
SAO_6041-10,São Paulo,3550308,True,,1218,,,-23.690493500000002,-46.780443,,,,1,2023-06-20T02:34:58+00:00
SAO_2722-31,São Paulo,3550308,True,,33704,,,-23.511367,-46.500653,,,,2,2023-06-20T02:34:51+00:00
SAO_2722-31,São Paulo,3550308,True,,33704,,,-23.48968275,-46.488639750000004,,,,2,2023-06-20T02:35:30+00:00
SAO_2722-31,São Paulo,3550308,True,,33704,,,-23.4900395,-46.497144500000005,,,,2,2023-06-20T02:33:24+00:00
SAO_8019-31,São Paulo,3550308,True,,35342,,,-23.5450735,-46.7477165,,,,2,2023-06-20T02:35:07+00:00
SAO_8019-31,São Paulo,3550308,True,,35342,,,-23.578826499999998,-46.741725,,,,2,2023-06-20T02:34:59+00:00
SAO_8019-31,São Paulo,3550308,True,,35342,,,-23.544992,-46.7471585,,,,2,2023-06-20T02:35:11+00:00
SAO_8008-10,São Paulo,3550308,True,,34026,,,-23.470457,-46.751476499999995,,,,2,2023-06-20T02:35:18+00:00
SAO_8008-10,São Paulo,3550308,True,,34026,,,-23.470188,-46.751977,,,,2,2023-06-20T02:34:52+00:00
SAO_8008-10,São Paulo,3550308,True,,34026,,,-23.470457,-46.751476499999995,,,,2,2023-06-20T02:35:11+00:00
SAO_8008-10,São Paulo,3550308,True,,34026,,,-23.4880585,-46.733228499999996,,,,2,2023-06-20T02:35:16+00:00
SAO_1177-10,São Paulo,3550308,True,,129,,,-23.521472250000002,-46.525711,,,,1,2023-06-20T02:32:27+00:00
SAO_1177-10,São Paulo,3550308,True,,129,,,-23.518298625,-46.621657125,,,,1,2023-06-20T02:35:22+00:00
SAO_1177-10,São Paulo,3550308,True,,129,,,-23.518318999999998,-46.4758545,,,,1,2023-06-20T02:34:53+00:00
SAO_8073-10,São Paulo,3550308,True,,2081,,,-23.59203575,-46.735672,,,,1,2023-06-20T02:35:30+00:00
SAO_1786-10,São Paulo,3550308,True,,649,,,-23.4924665,-46.6253875,,,,1,2023-06-20T02:35:03+00:00
SAO_1786-10,São Paulo,3550308,True,,649,,,-23.4577215,-46.6148625,,,,1,2023-06-20T02:35:33+00:00
SAO_477A-10,São Paulo,3550308,True,,33114,,,-23.579377625,-46.607089,,,,2,2023-06-20T02:35:26+00:00
SAO_477A-10,São Paulo,3550308,True,,33114,,,-23.57276425,-46.64287075,,,,2,2023-06-20T02:34:54+00:00
SAO_477A-10,São Paulo,3550308,True,,33114,,,-23.604847,-46.604936,,,,2,2023-06-20T02:35:31+00:00
SAO_477A-10,São Paulo,3550308,True,,33114,,,-23.5791345,-46.6241115,,,,2,2023-06-20T02:34:57+00:00
SAO_477A-10,São Paulo,3550308,True,,33114,,,-23.584650000000003,-46.683251999999996,,,,2,2023-06-20T02:35:21+00:00
SAO_477A-10,São Paulo,3550308,True,,33114,,,-23.571749062499997,-46.6110654375,,,,2,2023-06-20T02:35:24+00:00
SAO_477A-10,São Paulo,3550308,True,,33114,,,-23.60465225,-46.603868000000006,,,,2,2023-06-20T02:35:14+00:00
SAO_199D-10,São Paulo,3550308,True,,34903,,,-23.486155500000002,-46.710619,,,,2,2023-06-20T02:35:12+00:00
SAO_199D-10,São Paulo,3550308,True,,34903,,,-23.53272775,-46.689297499999995,,,,2,2023-06-20T02:31:59+00:00
SAO_199D-10,São Paulo,3550308,True,,34903,,,-23.545009874999998,-46.68558625,,,,2,2023-06-20T02:35:30+00:00
SAO_199D-10,São Paulo,3550308,True,,34903,,,-23.502074999999998,-46.706272,,,,2,2023-06-20T02:35:34+00:00
SAO_199D-10,São Paulo,3550308,True,,34903,,,-23.567515,-46.69430799999999,,,,2,2023-06-20T02:35:28+00:00
SAO_5107-10,São Paulo,3550308,True,,34427,,,-23.541535500000002,-46.6344365,,,,2,2023-06-20T02:35:30+00:00
SAO_1760-10,São Paulo,3550308,True,EMTU,557,https://moovitapp.com/index/pt-br/transporte_p%C3%BAblico-line-557-Sao_Paulo-242-2038937-36419558-0,6.2,-23.515024500000003,-46.616318500000006,,,,1,2023-06-20T02:35:18+00:00
SAO_1760-10,São Paulo,3550308,True,EMTU,557,https://moovitapp.com/index/pt-br/transporte_p%C3%BAblico-line-557-Sao_Paulo-242-2038937-36419558-0,6.2,-23.482402,-46.64702175,,,,1,2023-06-20T02:34:53+00:00
SAO_2017-10,São Paulo,3550308,True,,903,,,-23.5195115,-46.4125905,,,,1,2023-06-20T02:34:56+00:00
SAO_2017-10,São Paulo,3550308,True,,903,,,-23.506110999999997,-46.415253,,,,1,2023-06-20T02:35:09+00:00
SAO_2017-10,São Paulo,3550308,True,,903,,,-23.5195115,-46.4125905,,,,1,2023-06-20T02:35:11+00:00
SAO_2017-10,São Paulo,3550308,True,,903,,,-23.4951735,-46.43424225,,,,1,2023-06-20T02:35:02+00:00
SAO_2770-10,São Paulo,3550308,True,,243,,,-23.5419775,-46.4156325,,,,1,2023-06-20T02:33:29+00:00
SAO_2770-10,São Paulo,3550308,True,,243,,,-23.493173249999998,-46.44959075,,,,1,2023-06-20T02:35:21+00:00
SAO_2770-10,São Paulo,3550308,True,,243,,,-23.5112875,-46.5099895,,,,1,2023-06-20T02:34:14+00:00
SAO_3029-10,São Paulo,3550308,True,,33734,,,-23.588600125,-46.509988125,,,,2,2023-06-20T02:35:33+00:00
SAO_3029-10,São Paulo,3550308,True,,33734,,,-23.5673395,-46.541951,,,,2,2023-06-20T02:35:06+00:00
SAO_3029-10,São Paulo,3550308,True,,33734,,,-23.585338999999998,-46.507191,,,,2,2023-06-20T02:35:20+00:00
SAO_3029-10,São Paulo,3550308,True,,33734,,,-23.5432305,-46.5469645,,,,2,2023-06-20T02:35:07+00:00
SAO_6043-10,São Paulo,3550308,True,,33988,,,-23.65985575,-46.754189,,,,2,2023-06-20T02:35:29+00:00
SAO_6043-10,São Paulo,3550308,True,,33988,,,-23.65985575,-46.754189,,,,2,2023-06-20T02:35:24+00:00
SAO_6043-10,São Paulo,3550308,True,,33988,,,-23.656093499999997,-46.7555525,,,,2,2023-06-20T02:35:06+00:00
SAO_6043-10,São Paulo,3550308,True,,33988,,,-23.6495425,-46.7327065,,,,2,2023-06-20T02:35:22+00:00
SAO_6043-10,São Paulo,3550308,True,,33988,,,-23.65985575,-46.754189,,,,2,2023-06-20T02:35:32+00:00
SAO_909T-1,São Paulo,3550308,True,,35280,,,-23.5550435,-46.662276500000004,,,,2,2023-06-20T02:35:37+00:00
SAO_909T-1,São Paulo,3550308,True,,35280,,,-23.56555875,-46.7010795,,,,2,2023-06-20T02:35:27+00:00
SAO_2718-10,São Paulo,3550308,True,,931,,,-23.525074000000004,-46.54891175,,,,1,2023-06-20T02:34:59+00:00
SAO_2718-10,São Paulo,3550308,True,,931,,,-23.509361,-46.549955999999995,,,,1,2023-06-20T02:35:29+00:00
SAO_2718-10,São Paulo,3550308,True,,931,,,-23.5248685,-46.548773999999995,,,,1,2023-06-20T02:35:36+00:00
SAO_2718-10,São Paulo,3550308,True,,931,,,-23.4961045,-46.5111085,,,,1,2023-06-20T02:34:53+00:00
SAO_2718-10,São Paulo,3550308,True,,931,,,-23.5334215,-46.5456755,,,,1,2023-06-20T02:35:21+00:00
SAO_514T-10,São Paulo,3550308,True,,34439,,,-23.6026645,-46.60273,,,,2,2023-06-20T02:35:11+00:00
SAO_514T-10,São Paulo,3550308,True,,34439,,,-23.602137749999997,-46.6088755,,,,2,2023-06-20T02:35:16+00:00
SAO_514T-10,São Paulo,3550308,True,,34439,,,-23.602792,-46.6023785,,,,2,2023-06-20T02:35:32+00:00
SAO_514T-10,São Paulo,3550308,True,,34439,,,-23.5844885,-46.61100725,,,,2,2023-06-20T02:35:22+00:00
SAO_514T-10,São Paulo,3550308,True,,34439,,,-23.5811735,-46.562167,,,,2,2023-06-20T02:30:45+00:00
SAO_514T-10,São Paulo,3550308,True,,34439,,,-23.5958625,-46.5025455,,,,2,2023-06-20T02:35:34+00:00
SAO_514T-10,São Paulo,3550308,True,,34439,,,-23.5939195,-46.5270805,,,,2,2023-06-20T02:35:23+00:00
SAO_514T-10,São Paulo,3550308,True,,34439,,,-23.5841055,-46.5769345,,,,2,2023-06-20T02:35:00+00:00
SAO_514T-10,São Paulo,3550308,True,,34439,,,-23.603656,-46.6035635,,,,2,2023-06-20T02:35:29+00:00
SAO_514T-10,São Paulo,3550308,True,,34439,,,-23.58602625,-46.52632475,,,,2,2023-06-20T02:35:37+00:00
SAO_971V-10,São Paulo,3550308,True,,619,,,-23.5131826875,-46.6161215,,,,1,2023-06-20T02:35:13+00:00
SAO_971V-10,São Paulo,3550308,True,,619,,,-23.451501,-46.6912855,,,,1,2023-06-20T02:34:58+00:00
SAO_971V-10,São Paulo,3550308,True,,619,,,-23.469859,-46.676959,,,,1,2023-06-20T02:34:54+00:00
SAO_9020-10,São Paulo,3550308,True,,34202,,,-23.468928499999997,-46.7213345,,,,2,2023-06-20T02:35:23+00:00
SAO_9020-10,São Paulo,3550308,True,,34202,,,-23.466191000000002,-46.720521,,,,2,2023-06-20T02:35:02+00:00
SAO_9020-10,São Paulo,3550308,True,,34202,,,-23.4744765,-46.717892000000006,,,,2,2023-06-20T02:34:57+00:00
SAO_9020-10,São Paulo,3550308,True,,34202,,,-23.468928499999997,-46.7213345,,,,2,2023-06-20T02:34:57+00:00
SAO_1012-10,São Paulo,3550308,True,,2486,,,-23.437748749999997,-46.802120875,,,,1,2023-06-20T02:35:28+00:00
SAO_1012-10,São Paulo,3550308,True,,2486,,,-23.4325754375,-46.786764125000005,,,,1,2023-06-20T02:34:52+00:00
SAO_1012-10,São Paulo,3550308,True,,2486,,,-23.4297035,-46.795139500000005,,,,1,2023-06-20T02:35:17+00:00
SAO_577T-10,São Paulo,3550308,True,,1291,,,-23.628226125,-46.643981375,,,,1,2023-06-20T02:35:35+00:00
SAO_577T-10,São Paulo,3550308,True,,1291,,,-23.667998,-46.651894999999996,,,,1,2023-06-20T02:35:26+00:00
SAO_637G-51,São Paulo,3550308,True,,32870,,,-23.752782000000003,-46.683563,,,,2,2023-06-20T02:35:15+00:00
SAO_576C-10,São Paulo,3550308,True,,1290,,,-23.6527965,-46.658182749999995,,,,1,2023-06-20T02:35:18+00:00
SAO_576C-10,São Paulo,3550308,True,,1290,,,-23.661462,-46.69369450000001,,,,1,2023-06-20T02:35:17+00:00
SAO_576C-10,São Paulo,3550308,True,,1290,,,-23.654094,-46.710155,,,,1,2023-06-20T02:35:33+00:00
SAO_576C-10,São Paulo,3550308,True,,1290,,,-23.6660915,-46.677988,,,,1,2023-06-20T02:35:07+00:00
SAO_576C-10,São Paulo,3550308,True,,1290,,,-23.638162,-46.6322935,,,,1,2023-06-20T02:35:34+00:00
SAO_576C-10,São Paulo,3550308,True,,1290,,,-23.65336,-46.708408750000004,,,,1,2023-06-20T02:35:02+00:00
SAO_576C-10,São Paulo,3550308,True,,1290,,,-23.654093,-46.710251,,,,1,2023-06-20T02:35:19+00:00
SAO_576C-10,São Paulo,3550308,True,,1290,,,-23.64383875,-46.6351795,,,,1,2023-06-20T02:34:59+00:00
SAO_6055-10,São Paulo,3550308,True,,33914,,,-23.73404675,-46.696197,,,,2,2023-06-20T02:35:14+00:00
SAO_6055-10,São Paulo,3550308,True,,33914,,,-23.702033125,-46.701718875,,,,2,2023-06-20T02:35:19+00:00
SAO_6055-10,São Paulo,3550308,True,,33914,,,-23.7444865,-46.699613,,,,2,2023-06-20T02:35:35+00:00
SAO_6055-10,São Paulo,3550308,True,,33914,,,-23.757689,-46.7067155,,,,2,2023-06-20T02:35:37+00:00
SAO_6055-10,São Paulo,3550308,True,,33914,,,-23.754704,-46.709073000000004,,,,2,2023-06-20T02:35:29+00:00
SAO_6055-10,São Paulo,3550308,True,,33914,,,-23.7545515,-46.7090115,,,,2,2023-06-20T02:35:00+00:00
SAO_4007-10,São Paulo,3550308,True,,2181,,,-23.56257875,-46.405970749999994,,,,1,2023-06-20T02:35:10+00:00
SAO_4007-10,São Paulo,3550308,True,,2181,,,-23.553781375,-46.4896095,,,,1,2023-06-20T02:34:57+00:00
SAO_4007-10,São Paulo,3550308,True,,2181,,,-23.5518955,-46.4451435,,,,1,2023-06-20T02:33:18+00:00
SAO_4007-10,São Paulo,3550308,True,,2181,,,-23.550629,-46.462598,,,,1,2023-06-20T02:35:03+00:00
SAO_4007-10,São Paulo,3550308,True,,2181,,,-23.565451,-46.3961775,,,,1,2023-06-20T02:35:35+00:00
SAO_971T-10,São Paulo,3550308,True,,33386,,,-23.500266,-46.6352555,,,,2,2023-06-20T02:35:15+00:00
SAO_971T-10,São Paulo,3550308,True,,33386,,,-23.489072125,-46.644264,,,,2,2023-06-20T02:34:53+00:00
SAO_971T-10,São Paulo,3550308,True,,33386,,,-23.493351249999996,-46.675582250000005,,,,2,2023-06-20T02:35:22+00:00
SAO_971T-10,São Paulo,3550308,True,,33386,,,-23.493271749999998,-46.67533875,,,,2,2023-06-20T02:35:29+00:00
SAO_971T-10,São Paulo,3550308,True,,33386,,,-23.495089,-46.6768675,,,,2,2023-06-20T02:35:19+00:00
SAO_971T-10,São Paulo,3550308,True,,33386,,,-23.493554500000002,-46.674349500000005,,,,2,2023-06-20T02:35:23+00:00
SAO_2021-10,São Paulo,3550308,True,,33674,,,-23.5444625,-46.3895285,,,,2,2023-06-20T02:35:28+00:00
SAO_2021-10,São Paulo,3550308,True,,33674,,,-23.539627375000002,-46.40018425,,,,2,2023-06-20T02:34:51+00:00
SAO_2021-10,São Paulo,3550308,True,,33674,,,-23.543621875,-46.40884749999999,,,,2,2023-06-20T02:35:05+00:00
SAO_2021-10,São Paulo,3550308,True,,33674,,,-23.541711,-46.416456499999995,,,,2,2023-06-20T02:35:10+00:00
SAO_5370-21,São Paulo,3550308,True,,34319,,,-23.767727999999998,-46.7167135,,,,2,2023-06-20T02:35:02+00:00
SAO_5370-21,São Paulo,3550308,True,,34319,,,-23.7264145,-46.699558249999995,,,,2,2023-06-20T02:35:09+00:00
SAO_6061-10,São Paulo,3550308,True,,1150,,,-23.737271,-46.697250999999994,,,,1,2023-06-20T02:35:31+00:00
SAO_6061-10,São Paulo,3550308,True,,1150,,,-23.758250500000003,-46.684383,,,,1,2023-06-20T02:35:14+00:00
SAO_6061-10,São Paulo,3550308,True,,1150,,,-23.7817615,-46.681180499999996,,,,1,2023-06-20T02:35:22+00:00
SAO_6061-10,São Paulo,3550308,True,,1150,,,-23.78279375,-46.682308750000004,,,,1,2023-06-20T02:35:19+00:00
SAO_2769-10,São Paulo,3550308,True,,33165,,,-23.507530000000003,-46.4797125,,,,2,2023-06-20T02:35:17+00:00
SAO_2769-10,São Paulo,3550308,True,,33165,,,-23.52177,-46.5257795,,,,2,2023-06-20T02:35:01+00:00
SAO_2769-10,São Paulo,3550308,True,,33165,,,-23.48897975,-46.392545375,,,,2,2023-06-20T02:35:31+00:00
SAO_2769-10,São Paulo,3550308,True,,33165,,,-23.533877,-46.566331500000004,,,,2,2023-06-20T02:35:03+00:00
SAO_2769-10,São Paulo,3550308,True,,33165,,,-23.4885705,-46.4291525,,,,2,2023-06-20T02:35:04+00:00
SAO_2769-10,São Paulo,3550308,True,,33165,,,-23.481961499999997,-46.379926,,,,2,2023-06-20T02:35:16+00:00
SAO_719P-10,São Paulo,3550308,True,,34140,,,-23.534007000000003,-46.652626999999995,,,,2,2023-06-20T02:35:13+00:00
SAO_719P-10,São Paulo,3550308,True,,34140,,,-23.56555875,-46.7010795,,,,2,2023-06-20T02:35:21+00:00
SAO_719P-10,São Paulo,3550308,True,,34140,,,-23.5658305,-46.701625500000006,,,,2,2023-06-20T02:35:16+00:00
SAO_8020-10,São Paulo,3550308,True,,34494,,,-23.584768500000003,-46.739224,,,,2,2023-06-20T02:35:19+00:00
SAO_8020-10,São Paulo,3550308,True,,34494,,,-23.5848115,-46.7389725,,,,2,2023-06-20T02:35:25+00:00
SAO_2010-10,São Paulo,3550308,True,,2104,,,-23.50006475,-46.61709175,,,,1,2023-06-20T02:35:11+00:00
SAO_2010-10,São Paulo,3550308,True,,2104,,,-23.522845,-46.6242405,,,,1,2023-06-20T02:35:33+00:00
SAO_2010-10,São Paulo,3550308,True,,2104,,,-23.476959,-46.5640815,,,,1,2023-06-20T02:34:59+00:00
SAO_2010-10,São Paulo,3550308,True,,2104,,,-23.479847,-46.563021000000006,,,,1,2023-06-20T02:33:07+00:00
SAO_4312-10,São Paulo,3550308,True,,2172,,,-23.54645675,-46.629903999999996,,,,1,2023-06-20T02:34:53+00:00
SAO_4312-10,São Paulo,3550308,True,,2172,,,-23.5676095,-46.4942555,,,,1,2023-06-20T02:32:05+00:00
SAO_4312-10,São Paulo,3550308,True,,2172,,,-23.551838500000002,-46.4927835,,,,1,2023-06-20T02:35:22+00:00
SAO_4312-10,São Paulo,3550308,True,,2172,,,-23.546916500000002,-46.5031025,,,,1,2023-06-20T02:35:09+00:00
SAO_4312-10,São Paulo,3550308,True,,2172,,,-23.547011,-46.62953,,,,1,2023-06-20T02:34:59+00:00
SAO_7062-10,São Paulo,3550308,True,,34666,,,-23.646267,-46.7724425,,,,2,2023-06-20T02:35:08+00:00
SAO_7062-10,São Paulo,3550308,True,,34666,,,-23.646132,-46.7723025,,,,2,2023-06-20T02:35:19+00:00
SAO_5109-10,São Paulo,3550308,True,,34619,,,-23.546896,-46.629020999999995,,,,2,2023-06-20T02:35:26+00:00
SAO_5109-10,São Paulo,3550308,True,,34619,,,-23.547353,-46.6287365,,,,2,2023-06-20T02:35:15+00:00
SAO_5109-10,São Paulo,3550308,True,,34619,,,-23.547036,-46.628932,,,,2,2023-06-20T02:35:03+00:00
SAO_5109-10,São Paulo,3550308,True,,34619,,,-23.5849575,-46.5830825,,,,2,2023-06-20T02:35:23+00:00
SAO_5109-10,São Paulo,3550308,True,,34619,,,-23.547353,-46.6287365,,,,2,2023-06-20T02:34:54+00:00
SAO_5317-10,São Paulo,3550308,True,,32837,,,-23.546956375,-46.637981749999994,,,,2,2023-06-20T02:35:30+00:00
SAO_5317-10,São Paulo,3550308,True,,32837,,,-23.69922525,-46.700966750000006,,,,2,2023-06-20T02:34:59+00:00
SAO_5317-10,São Paulo,3550308,True,,32837,,,-23.719784,-46.676902,,,,2,2023-06-20T02:34:49+00:00
SAO_7053-21,São Paulo,3550308,True,,34663,,,-23.642354750000003,-46.78591075,,,,2,2023-06-20T02:35:36+00:00
SAO_7053-21,São Paulo,3550308,True,,34663,,,-23.630795999999997,-46.7736015,,,,2,2023-06-20T02:35:05+00:00
SAO_8055-51,São Paulo,3550308,True,,33185,,,-23.409677000000002,-46.73632175,,,,2,2023-06-20T02:35:15+00:00
SAO_8055-51,São Paulo,3550308,True,,33185,,,-23.521752,-46.7185675,,,,2,2023-06-20T02:35:11+00:00
SAO_8055-51,São Paulo,3550308,True,,33185,,,-23.408456,-46.7408545,,,,2,2023-06-20T02:35:23+00:00
SAO_8055-51,São Paulo,3550308,True,,33185,,,-23.408328,-46.741003,,,,2,2023-06-20T02:35:14+00:00
SAO_8055-51,São Paulo,3550308,True,,33185,,,-23.49012725,-46.766561125,,,,2,2023-06-20T02:35:33+00:00
SAO_8055-51,São Paulo,3550308,True,,33185,,,-23.526348499999997,-46.6679865,,,,2,2023-06-20T02:35:06+00:00
SAO_930P-10,São Paulo,3550308,True,,2115,,,-23.551137312499996,-46.64976625,,,,1,2023-06-20T02:35:13+00:00
SAO_930P-10,São Paulo,3550308,True,,2115,,,-23.565901,-46.702222,,,,1,2023-06-20T02:35:23+00:00
SAO_930P-10,São Paulo,3550308,True,,2115,,,-23.573535,-46.6763045,,,,1,2023-06-20T02:35:32+00:00
SAO_930P-10,São Paulo,3550308,True,,2115,,,-23.5649705,-46.6948935,,,,1,2023-06-20T02:35:19+00:00
SAO_2552-10,São Paulo,3550308,True,,32910,,,-23.492287,-46.4407255,,,,2,2023-06-20T02:35:08+00:00
SAO_2552-10,São Paulo,3550308,True,,32910,,,-23.4840545,-46.4187145,,,,2,2023-06-20T02:31:27+00:00
SAO_2552-10,São Paulo,3550308,True,,32910,,,-23.5107225,-46.503327,,,,2,2023-06-20T02:34:53+00:00
SAO_2552-10,São Paulo,3550308,True,,32910,,,-23.489174499999997,-46.420949500000006,,,,2,2023-06-20T02:35:21+00:00
SAO_2552-10,São Paulo,3550308,True,,32910,,,-23.535868875,-46.58564725,,,,2,2023-06-20T02:35:14+00:00
SAO_2552-10,São Paulo,3550308,True,,32910,,,-23.532059,-46.56079275,,,,2,2023-06-20T02:34:15+00:00
SAO_2552-10,São Paulo,3550308,True,,32910,,,-23.540216,-46.61209975,,,,2,2023-06-20T02:35:34+00:00
SAO_2552-10,São Paulo,3550308,True,,32910,,,-23.489174499999997,-46.420949500000006,,,,2,2023-06-20T02:35:25+00:00
SAO_2552-10,São Paulo,3550308,True,,32910,,,-23.4889485,-46.420966500000006,,,,2,2023-06-20T02:34:35+00:00
SAO_2552-10,São Paulo,3550308,True,,32910,,,-23.488757999999997,-46.420981,,,,2,2023-06-20T02:35:27+00:00
SAO_775P-10,São Paulo,3550308,True,,33275,,,-23.597096,-46.7681435,,,,2,2023-06-20T02:35:27+00:00
SAO_775P-10,São Paulo,3550308,True,,33275,,,-23.597096,-46.7681435,,,,2,2023-06-20T02:35:27+00:00
SAO_775P-10,São Paulo,3550308,True,,33275,,,-23.5590385,-46.659078,,,,2,2023-06-20T02:35:27+00:00
SAO_775P-10,São Paulo,3550308,True,,33275,,,-23.600165500000003,-46.75385300000001,,,,2,2023-06-20T02:35:00+00:00
SAO_9005-10,São Paulo,3550308,True,,33640,,,-23.4516215,-46.6938895,,,,2,2023-06-20T02:35:28+00:00
SAO_9005-10,São Paulo,3550308,True,,33640,,,-23.4542405,-46.693987250000006,,,,2,2023-06-20T02:35:16+00:00
SAO_9005-10,São Paulo,3550308,True,,33640,,,-23.4505555,-46.678884,,,,2,2023-06-20T02:35:14+00:00
SAO_9005-10,São Paulo,3550308,True,,33640,,,-23.4517745,-46.691843500000004,,,,2,2023-06-20T02:35:23+00:00
SAO_9005-10,São Paulo,3550308,True,,33640,,,-23.4748455,-46.669852500000005,,,,2,2023-06-20T02:35:25+00:00
SAO_9005-10,São Paulo,3550308,True,,33640,,,-23.467416,-46.670148499999996,,,,2,2023-06-20T02:35:20+00:00
SAO_233C-10,São Paulo,3550308,True,,32923,,,-23.53493175,-46.490500499999996,,,,2,2023-06-20T02:34:55+00:00
SAO_233C-10,São Paulo,3550308,True,,32923,,,-23.556762,-46.518831000000006,,,,2,2023-06-20T02:35:22+00:00
SAO_233C-10,São Paulo,3550308,True,,32923,,,-23.519428875000003,-46.475841124999995,,,,2,2023-06-20T02:35:32+00:00
SAO_4311-10,São Paulo,3550308,True,,34939,,,-23.5469335,-46.6304035,,,,2,2023-06-20T02:34:54+00:00
SAO_4311-10,São Paulo,3550308,True,,34939,,,-23.538114999999998,-46.547312500000004,,,,2,2023-06-20T02:35:06+00:00
SAO_4311-10,São Paulo,3550308,True,,34939,,,-23.544799250000004,-46.59444487499999,,,,2,2023-06-20T02:35:23+00:00
SAO_4311-10,São Paulo,3550308,True,,34939,,,-23.5469335,-46.6304035,,,,2,2023-06-20T02:35:10+00:00
SAO_4311-10,São Paulo,3550308,True,,34939,,,-23.578965,-46.496987000000004,,,,2,2023-06-20T02:35:07+00:00
SAO_2766-10,São Paulo,3550308,True,EMTU,405,https://moovitapp.com/index/pt-br/transporte_p%C3%BAblico-line-405-Sao_Paulo-242-2038937-36419467-0,5.35,-23.542498000000002,-46.471391499999996,,,,1,2023-06-20T02:34:13+00:00
SAO_2766-10,São Paulo,3550308,True,EMTU,405,https://moovitapp.com/index/pt-br/transporte_p%C3%BAblico-line-405-Sao_Paulo-242-2038937-36419467-0,5.35,-23.542544499999998,-46.4716805,,,,1,2023-06-20T02:35:13+00:00
SAO_2766-10,São Paulo,3550308,True,EMTU,405,https://moovitapp.com/index/pt-br/transporte_p%C3%BAblico-line-405-Sao_Paulo-242-2038937-36419467-0,5.35,-23.494554,-46.42565275,,,,1,2023-06-20T02:35:09+00:00
SAO_2766-10,São Paulo,3550308,True,EMTU,405,https://moovitapp.com/index/pt-br/transporte_p%C3%BAblico-line-405-Sao_Paulo-242-2038937-36419467-0,5.35,-23.5172415,-46.443777499999996,,,,1,2023-06-20T02:34:53+00:00
SAO_9188-10,São Paulo,3550308,True,,33577,,,-23.474507000000003,-46.725216,,,,2,2023-06-20T02:35:16+00:00
SAO_9188-10,São Paulo,3550308,True,,33577,,,-23.454276,-46.7289815,,,,2,2023-06-20T02:35:15+00:00
SAO_9188-10,São Paulo,3550308,True,,33577,,,-23.4651055,-46.7217505,,,,2,2023-06-20T02:34:30+00:00
SAO_9188-10,São Paulo,3550308,True,,33577,,,-23.5119015,-46.705313000000004,,,,2,2023-06-20T02:35:07+00:00
SAO_5011-10,São Paulo,3550308,True,,1115,,,-23.673755,-46.6862615,,,,1,2023-06-20T02:35:09+00:00
SAO_5011-10,São Paulo,3550308,True,,1115,,,-23.6920815,-46.67773,,,,1,2023-06-20T02:35:34+00:00
SAO_4029-10,São Paulo,3550308,True,,1099,,,-23.5791125,-46.579988,,,,1,2023-06-20T02:34:54+00:00
SAO_4029-10,São Paulo,3550308,True,,1099,,,-23.6101915,-46.480281500000004,,,,1,2023-06-20T02:35:28+00:00
SAO_4029-10,São Paulo,3550308,True,,1099,,,-23.610959,-46.476257875,,,,1,2023-06-20T02:35:09+00:00
SAO_4029-10,São Paulo,3550308,True,,1099,,,-23.606033250000003,-46.507858999999996,,,,1,2023-06-20T02:35:06+00:00
SAO_4029-10,São Paulo,3550308,True,,1099,,,-23.6101915,-46.480281500000004,,,,1,2023-06-20T02:35:01+00:00
SAO_4029-10,São Paulo,3550308,True,,1099,,,-23.58105725,-46.55611775,,,,1,2023-06-20T02:34:59+00:00
SAO_4029-10,São Paulo,3550308,True,,1099,,,-23.597149,-46.5332255,,,,1,2023-06-20T02:35:34+00:00
SAO_5145-10,São Paulo,3550308,True,,1641,,,-23.577922,-46.57730275,,,,1,2023-06-20T02:35:00+00:00
SAO_5145-10,São Paulo,3550308,True,,1641,,,-23.607737,-46.5011825,,,,1,2023-06-20T02:35:16+00:00
SAO_178A-10,São Paulo,3550308,True,,33326,,,-23.52684,-46.651143000000005,,,,2,2023-06-20T02:35:04+00:00
SAO_178A-10,São Paulo,3550308,True,,33326,,,-23.500948875,-46.623936375,,,,2,2023-06-20T02:35:00+00:00
SAO_178A-10,São Paulo,3550308,True,,33326,,,-23.502214000000002,-46.6235875,,,,2,2023-06-20T02:34:52+00:00
SAO_6044-10,São Paulo,3550308,True,,1221,,,-23.653938,-46.709849000000006,,,,1,2023-06-20T02:35:37+00:00
SAO_6044-10,São Paulo,3550308,True,,1221,,,-23.649198,-46.7526175,,,,1,2023-06-20T02:35:29+00:00
SAO_6044-10,São Paulo,3550308,True,,1221,,,-23.64074825,-46.723622000000006,,,,1,2023-06-20T02:35:02+00:00
SAO_6044-10,São Paulo,3550308,True,,1221,,,-23.677387500000002,-46.794262,,,,1,2023-06-20T02:35:10+00:00
SAO_6044-10,São Paulo,3550308,True,,1221,,,-23.676944,-46.7986715,,,,1,2023-06-20T02:35:35+00:00
SAO_6044-10,São Paulo,3550308,True,,1221,,,-23.676271,-46.792041,,,,1,2023-06-20T02:35:22+00:00
SAO_6L03-10,São Paulo,3550308,True,,1565,,,-23.828025500000003,-46.7271865,,,,1,2023-06-20T02:35:01+00:00
SAO_6L03-10,São Paulo,3550308,True,,1565,,,-23.879709,-46.778187,,,,1,2023-06-20T02:35:04+00:00
SAO_5091-10,São Paulo,3550308,True,,1523,,,-23.682377000000002,-46.6773985,,,,1,2023-06-20T02:35:16+00:00
SAO_5091-10,São Paulo,3550308,True,,1523,,,-23.652741499999998,-46.637056,,,,1,2023-06-20T02:35:30+00:00
SAO_3160-10,São Paulo,3550308,True,,32893,,,-23.5525365,-46.6106595,,,,2,2023-06-20T02:35:13+00:00
SAO_3160-10,São Paulo,3550308,True,,32893,,,-23.569216,-46.588181,,,,2,2023-06-20T02:35:09+00:00
SAO_1703-10,São Paulo,3550308,True,,847,,,-23.435837,-46.5764425,,,,1,2023-06-20T02:35:04+00:00
SAO_1703-10,São Paulo,3550308,True,,847,,,-23.514648375,-46.61627775,,,,1,2023-06-20T02:34:58+00:00
SAO_1703-10,São Paulo,3550308,True,,847,,,-23.467895,-46.584211499999995,,,,1,2023-06-20T02:35:04+00:00
SAO_4718-10,São Paulo,3550308,True,EMTU,336,https://moovitapp.com/index/pt-br/transporte_p%C3%BAblico-line-336-Sao_Paulo-242-2038937-36419421-0,4.8,-23.630513,-46.6258175,,,,1,2023-06-20T02:35:01+00:00
SAO_2704-10,São Paulo,3550308,True,,33684,,,-23.526239,-46.409855500000006,,,,2,2023-06-20T02:35:05+00:00
SAO_2704-10,São Paulo,3550308,True,,33684,,,-23.516012,-46.423219,,,,2,2023-06-20T02:31:59+00:00
SAO_2704-10,São Paulo,3550308,True,,33684,,,-23.5348505,-46.453593999999995,,,,2,2023-06-20T02:35:03+00:00
SAO_2704-10,São Paulo,3550308,True,,33684,,,-23.521500500000002,-46.412399,,,,2,2023-06-20T02:34:23+00:00
SAO_2704-10,São Paulo,3550308,True,,33684,,,-23.526239,-46.409855500000006,,,,2,2023-06-20T02:35:30+00:00
SAO_4005-10,São Paulo,3550308,True,,34947,,,-23.5940705,-46.3958055,,,,2,2023-06-20T02:33:56+00:00
SAO_4005-10,São Paulo,3550308,True,,34947,,,-23.58888925,-46.394664,,,,2,2023-06-20T02:34:58+00:00
SAO_4005-10,São Paulo,3550308,True,,34947,,,-23.58888925,-46.394664,,,,2,2023-06-20T02:34:59+00:00
SAO_4005-10,São Paulo,3550308,True,,34947,,,-23.5833245,-46.4079025,,,,2,2023-06-20T02:34:06+00:00
SAO_4051-10,São Paulo,3550308,True,,34912,,,-23.545251999999998,-46.409628250000004,,,,2,2023-06-20T02:35:25+00:00
SAO_4051-10,São Paulo,3550308,True,,34912,,,-23.558796,-46.400097,,,,2,2023-06-20T02:35:35+00:00
SAO_4051-10,São Paulo,3550308,True,,34912,,,-23.5618325,-46.4012755,,,,2,2023-06-20T02:35:25+00:00
SAO_4051-10,São Paulo,3550308,True,,34912,,,-23.5618325,-46.4012755,,,,2,2023-06-20T02:32:12+00:00
SAO_4284-10,São Paulo,3550308,True,EMTU,289,https://moovitapp.com/index/pt-br/transporte_p%C3%BAblico-line-289-Sao_Paulo-242-2038937-36419390-0,5.1,-23.606161,-46.5639985,,,,1,2023-06-20T02:34:28+00:00
SAO_4284-10,São Paulo,3550308,True,EMTU,289,https://moovitapp.com/index/pt-br/transporte_p%C3%BAblico-line-289-Sao_Paulo-242-2038937-36419390-0,5.1,-23.608691,-46.555031,,,,1,2023-06-20T02:35:17+00:00
SAO_2161-10,São Paulo,3550308,True,,694,,,-23.476897,-46.5735965,,,,1,2023-06-20T02:35:09+00:00
SAO_2161-10,São Paulo,3550308,True,,694,,,-23.474178,-46.5662755,,,,1,2023-06-20T02:35:11+00:00
SAO_3069-10,São Paulo,3550308,True,,984,,,-23.624544999999998,-46.431297,,,,1,2023-06-20T02:35:08+00:00
SAO_3069-10,São Paulo,3550308,True,,984,,,-23.6175955,-46.4165085,,,,1,2023-06-20T02:34:48+00:00
SAO_3069-10,São Paulo,3550308,True,,984,,,-23.6150295,-46.414325,,,,1,2023-06-20T02:35:09+00:00
SAO_3069-10,São Paulo,3550308,True,,984,,,-23.620516000000002,-46.4668725,,,,1,2023-06-20T02:35:03+00:00
SAO_1756-10,São Paulo,3550308,True,,547,,,-23.456851999999998,-46.643282,,,,1,2023-06-20T02:35:08+00:00
SAO_1756-10,São Paulo,3550308,True,,547,,,-23.469759749999998,-46.648073874999994,,,,1,2023-06-20T02:35:15+00:00
SAO_1756-10,São Paulo,3550308,True,,547,,,-23.504123625000002,-46.625460249999996,,,,1,2023-06-20T02:35:06+00:00
SAO_5015-10,São Paulo,3550308,True,,33887,,,-23.670462999999998,-46.642861499999995,,,,2,2023-06-20T02:34:58+00:00
SAO_5015-10,São Paulo,3550308,True,,33887,,,-23.691779,-46.65973,,,,2,2023-06-20T02:35:07+00:00
SAO_5015-10,São Paulo,3550308,True,,33887,,,-23.6866275,-46.662777500000004,,,,2,2023-06-20T02:34:53+00:00
SAO_5015-10,São Paulo,3550308,True,,33887,,,-23.6920055,-46.659695,,,,2,2023-06-20T02:35:15+00:00
SAO_5015-10,São Paulo,3550308,True,,33887,,,-23.666953999999997,-46.636939,,,,2,2023-06-20T02:35:27+00:00
SAO_5015-10,São Paulo,3550308,True,,33887,,,-23.691779,-46.65973,,,,2,2023-06-20T02:34:57+00:00
SAO_4708-10,São Paulo,3550308,True,EMTU,332,https://moovitapp.com/index/pt-br/transporte_p%C3%BAblico-line-332-Sao_Paulo-242-2038937-36419418-0,4.5,-23.6333,-46.605229625,,,,1,2023-06-20T02:35:16+00:00
SAO_4708-10,São Paulo,3550308,True,EMTU,332,https://moovitapp.com/index/pt-br/transporte_p%C3%BAblico-line-332-Sao_Paulo-242-2038937-36419418-0,4.5,-23.589543,-46.6346735,,,,1,2023-06-20T02:35:27+00:00
SAO_3721-41,São Paulo,3550308,True,,34461,,,-23.5632565,-46.500804,,,,2,2023-06-20T02:35:13+00:00
SAO_3721-41,São Paulo,3550308,True,,34461,,,-23.54212625,-46.481714749999995,,,,2,2023-06-20T02:35:16+00:00
SAO_3721-41,São Paulo,3550308,True,,34461,,,-23.54516175,-46.484509875,,,,2,2023-06-20T02:34:55+00:00
SAO_3721-41,São Paulo,3550308,True,,34461,,,-23.5608515,-46.492977999999994,,,,2,2023-06-20T02:35:31+00:00
SAO_3721-41,São Paulo,3550308,True,,34461,,,-23.5580845,-46.4977705,,,,2,2023-06-20T02:35:24+00:00
SAO_3721-41,São Paulo,3550308,True,,34461,,,-23.554507,-46.4923365,,,,2,2023-06-20T02:35:25+00:00
SAO_3721-41,São Paulo,3550308,True,,34461,,,-23.560228000000002,-46.4992175,,,,2,2023-06-20T02:35:18+00:00
SAO_9020-10,São Paulo,3550308,True,,1434,,,-23.469222000000002,-46.7214305,,,,1,2023-06-20T02:35:10+00:00
SAO_9020-10,São Paulo,3550308,True,,1434,,,-23.466050000000003,-46.720309,,,,1,2023-06-20T02:35:22+00:00
SAO_9020-10,São Paulo,3550308,True,,1434,,,-23.4863175,-46.72653,,,,1,2023-06-20T02:35:16+00:00
SAO_5164-10,São Paulo,3550308,True,,1283,,,-23.611768499999997,-46.637837499999996,,,,1,2023-06-20T02:35:32+00:00
SAO_5164-10,São Paulo,3550308,True,,1283,,,-23.59803725,-46.647161374999996,,,,1,2023-06-20T02:34:55+00:00
SAO_5164-10,São Paulo,3550308,True,,1283,,,-23.65428175,-46.648942250000005,,,,1,2023-06-20T02:35:13+00:00
SAO_2201-10,São Paulo,3550308,True,,909,,,-23.534726499999998,-46.4005875,,,,1,2023-06-20T02:34:58+00:00
SAO_695X-22,São Paulo,3550308,True,,34389,,,-23.732609,-46.6981145,,,,2,2023-06-20T02:35:12+00:00
SAO_695X-22,São Paulo,3550308,True,,34389,,,-23.767832,-46.7165455,,,,2,2023-06-20T02:23:18+00:00
SAO_5752-10,São Paulo,3550308,True,,34055,,,-23.6908875,-46.650045000000006,,,,2,2023-06-20T02:35:33+00:00
SAO_5752-10,São Paulo,3550308,True,,34055,,,-23.6908875,-46.650045000000006,,,,2,2023-06-20T02:35:11+00:00
SAO_5752-10,São Paulo,3550308,True,,34055,,,-23.690879,-46.649802,,,,2,2023-06-20T02:35:25+00:00
SAO_5752-10,São Paulo,3550308,True,,34055,,,-23.656804249999997,-46.653883,,,,2,2023-06-20T02:35:18+00:00
SAO_5752-10,São Paulo,3550308,True,,34055,,,-23.678892,-46.6565135,,,,2,2023-06-20T02:29:20+00:00
SAO_5752-10,São Paulo,3550308,True,,34055,,,-23.64461825,-46.644951,,,,2,2023-06-20T02:35:34+00:00
SAO_5752-10,São Paulo,3550308,True,,34055,,,-23.6726005,-46.664570499999996,,,,2,2023-06-20T02:35:35+00:00
SAO_5752-10,São Paulo,3550308,True,,34055,,,-23.6668055,-46.668423000000004,,,,2,2023-06-20T02:34:13+00:00
SAO_2705-10,São Paulo,3550308,True,,33685,,,-23.54549725,-46.40164,,,,2,2023-06-20T02:35:22+00:00
SAO_2705-10,São Paulo,3550308,True,,33685,,,-23.534359,-46.429336500000005,,,,2,2023-06-20T02:33:33+00:00
SAO_2705-10,São Paulo,3550308,True,,33685,,,-23.5456135,-46.3931195,,,,2,2023-06-20T02:33:46+00:00
SAO_2705-10,São Paulo,3550308,True,,33685,,,-23.54375225,-46.411161500000006,,,,2,2023-06-20T02:34:56+00:00
SAO_809U-21,São Paulo,3550308,True,,2307,,,-23.5466355,-46.69045,,,,1,2023-06-20T02:35:10+00:00
SAO_809U-21,São Paulo,3550308,True,,2307,,,-23.5470855,-46.690105,,,,1,2023-06-20T02:35:11+00:00
SAO_809U-21,São Paulo,3550308,True,,2307,,,-23.5268475,-46.681755249999995,,,,1,2023-06-20T02:35:12+00:00
SAO_809U-21,São Paulo,3550308,True,,2307,,,-23.5468295,-46.6903115,,,,1,2023-06-20T02:34:55+00:00
SAO_809U-21,São Paulo,3550308,True,,2307,,,-23.5466355,-46.69045,,,,1,2023-06-20T02:35:20+00:00
SAO_875C-1,São Paulo,3550308,True,,2510,,,-23.57172775,-46.69049175,,,,1,2023-06-20T02:35:18+00:00
SAO_875C-1,São Paulo,3550308,True,,2510,,,-23.600917250000002,-46.6514215,,,,1,2023-06-20T02:35:05+00:00
SAO_875C-1,São Paulo,3550308,True,,2510,,,-23.5839705,-46.67886849999999,,,,1,2023-06-20T02:35:09+00:00
SAO_5144-10,São Paulo,3550308,True,,34395,,,-23.581736499999998,-46.5373225,,,,2,2023-06-20T02:35:20+00:00
SAO_5144-10,São Paulo,3550308,True,,34395,,,-23.614544,-46.500679,,,,2,2023-06-20T02:35:32+00:00
SAO_4729-10,São Paulo,3550308,True,,1108,,,-23.586478624999998,-46.535331,,,,1,2023-06-20T02:35:08+00:00
SAO_4729-10,São Paulo,3550308,True,,1108,,,-23.5427345,-46.591100999999995,,,,1,2023-06-20T02:35:05+00:00
SAO_4729-10,São Paulo,3550308,True,,1108,,,-23.594746,-46.5134125,,,,1,2023-06-20T02:35:25+00:00
SAO_1156-10,São Paulo,3550308,True,,33427,,,-23.5212645,-46.6249215,,,,2,2023-06-20T02:35:14+00:00
SAO_1156-10,São Paulo,3550308,True,,33427,,,-23.517978874999997,-46.589335,,,,2,2023-06-20T02:35:03+00:00
SAO_1156-10,São Paulo,3550308,True,,33427,,,-23.487218,-46.568332,,,,2,2023-06-20T02:35:27+00:00
SAO_1156-10,São Paulo,3550308,True,,33427,,,-23.487218,-46.568332,,,,2,2023-06-20T02:35:23+00:00
SAO_1156-10,São Paulo,3550308,True,,33427,,,-23.486996,-46.568324000000004,,,,2,2023-06-20T02:35:20+00:00
SAO_1156-10,São Paulo,3550308,True,,33427,,,-23.486996,-46.568324000000004,,,,2,2023-06-20T02:35:04+00:00
SAO_1156-10,São Paulo,3550308,True,,33427,,,-23.487218,-46.568332,,,,2,2023-06-20T02:33:07+00:00
SAO_1156-10,São Paulo,3550308,True,,33427,,,-23.48941525,-46.571597749999995,,,,2,2023-06-20T02:33:09+00:00
SAO_6051-31,São Paulo,3550308,True,,34374,,,-23.763353000000002,-46.697339,,,,2,2023-06-20T02:35:26+00:00
SAO_967A-10,São Paulo,3550308,True,,33336,,,-23.54880025,-46.648713,,,,2,2023-06-20T02:35:34+00:00
SAO_967A-10,São Paulo,3550308,True,,33336,,,-23.5230235,-46.6505145,,,,2,2023-06-20T02:35:29+00:00
SAO_967A-10,São Paulo,3550308,True,,33336,,,-23.512549999999997,-46.6593875,,,,2,2023-06-20T02:35:00+00:00
SAO_967A-10,São Paulo,3550308,True,,33336,,,-23.5818615,-46.671142,,,,2,2023-06-20T02:34:54+00:00
SAO_967A-10,São Paulo,3550308,True,,33336,,,-23.490535,-46.654786,,,,2,2023-06-20T02:35:13+00:00
SAO_172Y-10,São Paulo,3550308,True,,33630,,,-23.4740885,-46.580253,,,,2,2023-06-20T02:34:58+00:00
SAO_172Y-10,São Paulo,3550308,True,,33630,,,-23.477911,-46.582417500000005,,,,2,2023-06-20T02:34:05+00:00
SAO_172Y-10,São Paulo,3550308,True,,33630,,,-23.538322625,-46.59894625,,,,2,2023-06-20T02:35:20+00:00
SAO_172Y-10,São Paulo,3550308,True,,33630,,,-23.516037,-46.587804999999996,,,,2,2023-06-20T02:34:58+00:00
SAO_172Y-10,São Paulo,3550308,True,,33630,,,-23.47473425,-46.58000975,,,,2,2023-06-20T02:33:55+00:00
SAO_172Y-10,São Paulo,3550308,True,,33630,,,-23.4830975,-46.58391,,,,2,2023-06-20T02:35:14+00:00
SAO_1720-10,São Paulo,3550308,True,,863,,,-23.4837115,-46.58473975,,,,1,2023-06-20T02:35:15+00:00
SAO_1720-10,São Paulo,3550308,True,,863,,,-23.489467249999997,-46.573315,,,,1,2023-06-20T02:32:23+00:00
SAO_1720-10,São Paulo,3550308,True,,863,,,-23.449579999999997,-46.610699999999994,,,,1,2023-06-20T02:34:50+00:00
SAO_1720-10,São Paulo,3550308,True,,863,,,-23.453345,-46.6147325,,,,1,2023-06-20T02:35:09+00:00
SAO_1720-10,São Paulo,3550308,True,,863,,,-23.494577,-46.568966,,,,1,2023-06-20T02:35:00+00:00
SAO_877T-10,São Paulo,3550308,True,,34149,,,-23.51331475,-46.72147137500001,,,,2,2023-06-20T02:35:19+00:00
SAO_877T-10,São Paulo,3550308,True,,34149,,,-23.51331475,-46.72147137500001,,,,2,2023-06-20T02:35:07+00:00
SAO_877T-10,São Paulo,3550308,True,,34149,,,-23.51331475,-46.72147137500001,,,,2,2023-06-20T02:35:03+00:00
SAO_809A-10,São Paulo,3550308,True,,2069,,,-23.575936499999997,-46.775704000000005,,,,1,2023-06-20T02:35:01+00:00
SAO_809A-10,São Paulo,3550308,True,,2069,,,-23.58656475,-46.755303,,,,1,2023-06-20T02:35:29+00:00
SAO_809A-10,São Paulo,3550308,True,,2069,,,-23.565214249999997,-46.7010625,,,,1,2023-06-20T02:35:17+00:00
SAO_2726-10,São Paulo,3550308,True,,33708,,,-23.515551,-46.468538499999994,,,,2,2023-06-20T02:34:53+00:00
SAO_2726-10,São Paulo,3550308,True,,33708,,,-23.508325499999998,-46.4684905,,,,2,2023-06-20T02:35:04+00:00
SAO_2726-10,São Paulo,3550308,True,,33708,,,-23.53118025,-46.549403375000004,,,,2,2023-06-20T02:34:03+00:00
SAO_2726-10,São Paulo,3550308,True,,33708,,,-23.508566000000002,-46.4683395,,,,2,2023-06-20T02:35:05+00:00
SAO_2726-10,São Paulo,3550308,True,,33708,,,-23.5102575,-46.506122500000004,,,,2,2023-06-20T02:35:30+00:00
SAO_2726-10,São Paulo,3550308,True,,33708,,,-23.516118,-46.47652574999999,,,,2,2023-06-20T02:35:17+00:00
SAO_2726-10,São Paulo,3550308,True,,33708,,,-23.508325499999998,-46.4684905,,,,2,2023-06-20T02:34:54+00:00
SAO_2726-10,São Paulo,3550308,True,,33708,,,-23.533234,-46.543972499999995,,,,2,2023-06-20T02:34:56+00:00
SAO_2726-10,São Paulo,3550308,True,,33708,,,-23.5218395,-46.5271815,,,,2,2023-06-20T02:35:13+00:00
SAO_3729-10,São Paulo,3550308,True,,33794,,,-23.538428500000002,-46.563574,,,,2,2023-06-20T02:34:55+00:00
SAO_3729-10,São Paulo,3550308,True,,33794,,,-23.564251,-46.50513,,,,2,2023-06-20T02:34:58+00:00
SAO_3729-10,São Paulo,3550308,True,,33794,,,-23.584845,-46.5229395,,,,2,2023-06-20T02:35:10+00:00
SAO_3729-10,São Paulo,3550308,True,,33794,,,-23.564311500000002,-46.5047835,,,,2,2023-06-20T02:35:16+00:00
SAO_3729-10,São Paulo,3550308,True,,33794,,,-23.56468325,-46.50561075,,,,2,2023-06-20T02:35:28+00:00
SAO_3729-10,São Paulo,3550308,True,,33794,,,-23.538428500000002,-46.563574,,,,2,2023-06-20T02:34:54+00:00
SAO_3729-10,São Paulo,3550308,True,,33794,,,-23.54963325,-46.5626795,,,,2,2023-06-20T02:32:36+00:00
SAO_3729-10,São Paulo,3550308,True,,33794,,,-23.564628499999998,-46.505382999999995,,,,2,2023-06-20T02:35:35+00:00
SAO_3729-10,São Paulo,3550308,True,,33794,,,-23.56477375,-46.50592825,,,,2,2023-06-20T02:35:23+00:00
SAO_3729-10,São Paulo,3550308,True,,33794,,,-23.538428500000002,-46.563574,,,,2,2023-06-20T02:35:07+00:00
SAO_3729-10,São Paulo,3550308,True,,33794,,,-23.572909125,-46.54093175,,,,2,2023-06-20T02:35:03+00:00
SAO_4004-10,São Paulo,3550308,True,,2178,,,-23.58667525,-46.406753,,,,1,2023-06-20T02:35:28+00:00
SAO_6042-21,São Paulo,3550308,True,,1775,,,-23.673264,-46.768528,,,,1,2023-06-20T02:35:16+00:00
SAO_3003-10,São Paulo,3550308,True,,1797,,,-23.4817075,-46.408888000000005,,,,1,2023-06-20T02:34:53+00:00
SAO_527R-10,São Paulo,3550308,True,,271,,,-23.6676435,-46.668739,,,,1,2023-06-20T02:33:40+00:00
SAO_527R-10,São Paulo,3550308,True,,271,,,-23.6756785,-46.6504555,,,,1,2023-06-20T02:33:26+00:00
SAO_527R-10,São Paulo,3550308,True,,271,,,-23.6756785,-46.6504555,,,,1,2023-06-20T02:33:29+00:00
SAO_527R-10,São Paulo,3550308,True,,271,,,-23.6756785,-46.6504555,,,,1,2023-06-20T02:35:08+00:00
SAO_527R-10,São Paulo,3550308,True,,271,,,-23.659224000000002,-46.698091000000005,,,,1,2023-06-20T02:34:56+00:00
SAO_2018-10,São Paulo,3550308,True,,904,,,-23.510486999999998,-46.406726500000005,,,,1,2023-06-20T02:35:33+00:00
SAO_2018-10,São Paulo,3550308,True,,904,,,-23.4950835,-46.436251999999996,,,,1,2023-06-20T02:35:30+00:00
SAO_2018-10,São Paulo,3550308,True,,904,,,-23.4917385,-46.444333,,,,1,2023-06-20T02:34:45+00:00
SAO_374M-10,São Paulo,3550308,True,,1965,,,-23.5423885,-46.472838499999995,,,,1,2023-06-20T02:30:15+00:00
SAO_374M-10,São Paulo,3550308,True,,1965,,,-23.4926005,-46.497127500000005,,,,1,2023-06-20T02:34:36+00:00
SAO_1780-10,São Paulo,3550308,True,,869,,,-23.47106625,-46.597243000000006,,,,1,2023-06-20T02:35:12+00:00
SAO_1780-10,São Paulo,3550308,True,,869,,,-23.447813,-46.5792565,,,,1,2023-06-20T02:35:28+00:00
SAO_2023-10,São Paulo,3550308,True,,35028,,,-23.3988855,-46.5776345,,,,2,2023-06-20T02:35:16+00:00
SAO_2023-10,São Paulo,3550308,True,,35028,,,-23.3980705,-46.57777,,,,2,2023-06-20T02:35:35+00:00
SAO_2023-10,São Paulo,3550308,True,,35028,,,-23.3990705,-46.577631,,,,2,2023-06-20T02:35:30+00:00
SAO_2023-10,São Paulo,3550308,True,,35028,,,-23.435889500000002,-46.5949105,,,,2,2023-06-20T02:33:08+00:00
SAO_2023-10,São Paulo,3550308,True,,35028,,,-23.39874,-46.578224,,,,2,2023-06-20T02:35:32+00:00
SAO_2030-10,São Paulo,3550308,True,,35032,,,-23.47214175,-46.642127375,,,,2,2023-06-20T02:34:58+00:00
SAO_2030-10,São Paulo,3550308,True,,35032,,,-23.47261175,-46.641650999999996,,,,2,2023-06-20T02:35:11+00:00
SAO_4027-41,São Paulo,3550308,True,,35077,,,-23.6242215,-46.4614815,,,,2,2023-06-20T02:35:00+00:00
SAO_4027-41,São Paulo,3550308,True,,35077,,,-23.638209500000002,-46.437941,,,,2,2023-06-20T02:34:56+00:00
SAO_8050-31,São Paulo,3550308,True,,33183,,,-23.514334875,-46.71349509375,,,,2,2023-06-20T02:35:13+00:00
SAO_8050-31,São Paulo,3550308,True,,33183,,,-23.435084,-46.788720999999995,,,,2,2023-06-20T02:34:19+00:00
SAO_8062-10,São Paulo,3550308,True,EMTU,420,https://moovitapp.com/index/pt-br/transporte_p%C3%BAblico-line-420-Sao_Paulo-242-2038937-36419477-0,7.1,-23.519454500000002,-46.7026025,,,,1,2023-06-20T02:34:54+00:00
SAO_5614-10,São Paulo,3550308,True,,34283,,,-23.716092,-46.6261375,,,,2,2023-06-20T02:34:58+00:00
SAO_5614-10,São Paulo,3550308,True,,34283,,,-23.716150499999998,-46.625372,,,,2,2023-06-20T02:35:25+00:00
SAO_5614-10,São Paulo,3550308,True,,34283,,,-23.6769335,-46.6736955,,,,2,2023-06-20T02:35:12+00:00
SAO_5614-10,São Paulo,3550308,True,,34283,,,-23.610217499999997,-46.655286000000004,,,,2,2023-06-20T02:35:34+00:00
SAO_5614-10,São Paulo,3550308,True,,34283,,,-23.714757499999997,-46.6282895,,,,2,2023-06-20T02:35:25+00:00
SAO_5614-10,São Paulo,3550308,True,,34283,,,-23.6921665,-46.663342,,,,2,2023-06-20T02:35:32+00:00
SAO_1703-10,São Paulo,3550308,True,,33615,,,-23.4372865,-46.576128,,,,2,2023-06-20T02:31:54+00:00
SAO_1703-10,São Paulo,3550308,True,,33615,,,-23.430699500000003,-46.573944499999996,,,,2,2023-06-20T02:35:31+00:00
SAO_1703-10,São Paulo,3550308,True,,33615,,,-23.457206499999998,-46.585849,,,,2,2023-06-20T02:35:16+00:00
SAO_1703-10,São Paulo,3550308,True,,33615,,,-23.430699500000003,-46.573944499999996,,,,2,2023-06-20T02:35:28+00:00
SAO_3539-10,São Paulo,3550308,True,,748,,,-23.5413885,-46.483701499999995,,,,1,2023-06-20T02:35:04+00:00
SAO_3539-10,São Paulo,3550308,True,,748,,,-23.54615475,-46.605053749999996,,,,1,2023-06-20T02:34:51+00:00
SAO_3539-10,São Paulo,3550308,True,,748,,,-23.6015765,-46.399,,,,1,2023-06-20T02:35:00+00:00
SAO_3539-10,São Paulo,3550308,True,,748,,,-23.535320187499998,-46.550744062499994,,,,1,2023-06-20T02:35:26+00:00
SAO_3539-10,São Paulo,3550308,True,,748,,,-23.5409729375,-46.5776478125,,,,1,2023-06-20T02:35:32+00:00
SAO_3539-10,São Paulo,3550308,True,,748,,,-23.595014624999997,-46.428801,,,,1,2023-06-20T02:34:56+00:00
SAO_3712-10,São Paulo,3550308,True,,33777,,,-23.55333575,-46.42540475,,,,2,2023-06-20T02:35:24+00:00
SAO_3712-10,São Paulo,3550308,True,,33777,,,-23.55296125,-46.42555625,,,,2,2023-06-20T02:34:56+00:00
SAO_3712-10,São Paulo,3550308,True,,33777,,,-23.540086000000002,-46.447874999999996,,,,2,2023-06-20T02:35:14+00:00
SAO_3712-10,São Paulo,3550308,True,,33777,,,-23.551554,-46.4361985,,,,2,2023-06-20T02:35:20+00:00
SAO_702U-10,São Paulo,3550308,True,,1330,,,-23.5464,-46.630947500000005,,,,1,2023-06-20T02:35:32+00:00
SAO_702U-10,São Paulo,3550308,True,,1330,,,-23.5472855,-46.6463225,,,,1,2023-06-20T02:35:15+00:00
SAO_702U-10,São Paulo,3550308,True,,1330,,,-23.5633635,-46.741620999999995,,,,1,2023-06-20T02:35:00+00:00
SAO_702U-10,São Paulo,3550308,True,,1330,,,-23.5521015,-46.730171999999996,,,,1,2023-06-20T02:35:04+00:00
SAO_3729-10,São Paulo,3550308,True,,1026,,,-23.564021500000003,-46.5052175,,,,1,2023-06-20T02:35:09+00:00
SAO_3729-10,São Paulo,3550308,True,,1026,,,-23.553709124999997,-46.563193125000005,,,,1,2023-06-20T02:35:19+00:00
SAO_3729-10,São Paulo,3550308,True,,1026,,,-23.538655499999997,-46.564793,,,,1,2023-06-20T02:35:17+00:00
SAO_3729-10,São Paulo,3550308,True,,1026,,,-23.562317,-46.509561,,,,1,2023-06-20T02:34:53+00:00
SAO_3729-10,São Paulo,3550308,True,,1026,,,-23.5821395,-46.51878225,,,,1,2023-06-20T02:35:32+00:00
SAO_3729-10,São Paulo,3550308,True,,1026,,,-23.573587250000003,-46.541112749999996,,,,1,2023-06-20T02:34:57+00:00
SAO_3729-10,São Paulo,3550308,True,,1026,,,-23.564021500000003,-46.5052175,,,,1,2023-06-20T02:35:20+00:00
SAO_3729-10,São Paulo,3550308,True,,1026,,,-23.538457,-46.5637265,,,,1,2023-06-20T02:34:55+00:00
SAO_3026-10,São Paulo,3550308,True,,962,,,-23.585128,-46.3840275,,,,1,2023-06-20T02:35:29+00:00
SAO_3026-10,São Paulo,3550308,True,,962,,,-23.580355,-46.383559,,,,1,2023-06-20T02:35:20+00:00
SAO_3026-10,São Paulo,3550308,True,,962,,,-23.585666500000002,-46.383506499999996,,,,1,2023-06-20T02:35:23+00:00
SAO_3026-10,São Paulo,3550308,True,,962,,,-23.5827675,-46.386084,,,,1,2023-06-20T02:35:09+00:00
SAO_3026-10,São Paulo,3550308,True,,962,,,-23.546488,-46.411582,,,,1,2023-06-20T02:29:21+00:00
SAO_3026-10,São Paulo,3550308,True,,962,,,-23.5827675,-46.386084,,,,1,2023-06-20T02:35:10+00:00
SAO_3414-10,São Paulo,3550308,True,,746,,,-23.537424,-46.5289075,,,,1,2023-06-20T02:35:08+00:00
SAO_1036-10,São Paulo,3550308,True,,2453,,,-23.481662999999998,-46.713665,,,,1,2023-06-20T02:34:53+00:00
SAO_1036-10,São Paulo,3550308,True,,2453,,,-23.448075,-46.708777999999995,,,,1,2023-06-20T02:34:57+00:00
SAO_1036-10,São Paulo,3550308,True,,2453,,,-23.4506125,-46.712379,,,,1,2023-06-20T02:35:35+00:00
SAO_1036-10,São Paulo,3550308,True,,2453,,,-23.471812,-46.71396925,,,,1,2023-06-20T02:34:52+00:00
SAO_1772-10,São Paulo,3550308,True,,635,,,-23.479745,-46.602174500000004,,,,1,2023-06-20T02:34:54+00:00
SAO_1772-10,São Paulo,3550308,True,,635,,,-23.457124,-46.593404,,,,1,2023-06-20T02:35:08+00:00
SAO_1772-10,São Paulo,3550308,True,,635,,,-23.4391605,-46.575283999999996,,,,1,2023-06-20T02:34:42+00:00
SAO_546J-31,São Paulo,3550308,True,,2015,,,-23.653818,-46.704584,,,,1,2023-06-20T02:35:12+00:00
SAO_546J-31,São Paulo,3550308,True,,2015,,,-23.6929245,-46.659800000000004,,,,1,2023-06-20T02:35:26+00:00
SAO_546J-31,São Paulo,3550308,True,,2015,,,-23.6679075,-46.6735405,,,,1,2023-06-20T02:34:52+00:00
SAO_546J-31,São Paulo,3550308,True,,2015,,,-23.687824,-46.658593499999995,,,,1,2023-06-20T02:33:38+00:00
SAO_546J-31,São Paulo,3550308,True,,2015,,,-23.687824,-46.658593499999995,,,,1,2023-06-20T02:35:37+00:00
SAO_139A-10,São Paulo,3550308,True,,2451,,,-23.4862245,-46.7110455,,,,1,2023-06-20T02:35:27+00:00
SAO_139A-10,São Paulo,3550308,True,,2451,,,-23.51801575,-46.70245975,,,,1,2023-06-20T02:35:22+00:00
SAO_3015-10,São Paulo,3550308,True,,35222,,,-23.479107999999997,-46.385157,,,,2,2023-06-20T02:35:33+00:00
SAO_3725-41,São Paulo,3550308,True,,34299,,,-23.53780675,-46.5288195,,,,2,2023-06-20T02:35:08+00:00
SAO_3725-41,São Paulo,3550308,True,,34299,,,-23.532833500000002,-46.530833,,,,2,2023-06-20T02:35:00+00:00
SAO_8019-10,São Paulo,3550308,True,,34839,,,-23.5737555,-46.7362015,,,,2,2023-06-20T02:35:18+00:00
SAO_8019-10,São Paulo,3550308,True,,34839,,,-23.545102,-46.7468905,,,,2,2023-06-20T02:35:28+00:00
SAO_8019-10,São Paulo,3550308,True,,34839,,,-23.544992,-46.7471585,,,,2,2023-06-20T02:35:22+00:00
SAO_573A-10,São Paulo,3550308,True,,1637,,,-23.596489,-46.568183,,,,1,2023-06-20T02:35:04+00:00
SAO_573A-10,São Paulo,3550308,True,,1637,,,-23.548731,-46.606120875,,,,1,2023-06-20T02:35:04+00:00
SAO_573A-10,São Paulo,3550308,True,,1637,,,-23.5472225,-46.60696,,,,1,2023-06-20T02:34:30+00:00
SAO_573A-10,São Paulo,3550308,True,,1637,,,-23.585113,-46.582381,,,,1,2023-06-20T02:34:54+00:00
SAO_6008-10,São Paulo,3550308,True,,1200,,,-23.6878135,-46.7634895,,,,1,2023-06-20T02:35:17+00:00
SAO_6008-10,São Paulo,3550308,True,,1200,,,-23.6885981875,-46.766328062499994,,,,1,2023-06-20T02:35:01+00:00
SAO_6008-10,São Paulo,3550308,True,,1200,,,-23.666076875,-46.715127249999995,,,,1,2023-06-20T02:35:33+00:00
SAO_6008-10,São Paulo,3550308,True,,1200,,,-23.6878135,-46.7634895,,,,1,2023-06-20T02:34:56+00:00
SAO_2756-10,São Paulo,3550308,True,,33006,,,-23.5444265,-46.390927,,,,2,2023-06-20T02:32:29+00:00
SAO_2756-10,São Paulo,3550308,True,,33006,,,-23.515732,-46.4905575,,,,2,2023-06-20T02:32:51+00:00
SAO_2756-10,São Paulo,3550308,True,,33006,,,-23.511356999999997,-46.49051575,,,,2,2023-06-20T02:35:20+00:00
SAO_2583-10,São Paulo,3550308,True,EMTU,375,https://moovitapp.com/index/pt-br/transporte_p%C3%BAblico-line-375-Sao_Paulo-242-2038937-36419449-0,11.7,-23.507143499999998,-46.482210499999994,,,,1,2023-06-20T02:35:22+00:00
SAO_209P-1,São Paulo,3550308,True,,2301,,,-23.49376825,-46.68520275,,,,1,2023-06-20T02:35:33+00:00
SAO_209P-1,São Paulo,3550308,True,,2301,,,-23.565806000000002,-46.7018425,,,,1,2023-06-20T02:34:58+00:00
SAO_209P-1,São Paulo,3550308,True,,2301,,,-23.5321335,-46.67621,,,,1,2023-06-20T02:35:25+00:00
SAO_209P-1,São Paulo,3550308,True,,2301,,,-23.470886,-46.670557,,,,1,2023-06-20T02:35:24+00:00
SAO_209P-1,São Paulo,3550308,True,,2301,,,-23.472988,-46.670319000000006,,,,1,2023-06-20T02:35:32+00:00
SAO_809R-10,São Paulo,3550308,True,,34835,,,-23.568978,-46.741731,,,,2,2023-06-20T02:35:34+00:00
SAO_809R-10,São Paulo,3550308,True,,34835,,,-23.574617,-46.730098,,,,2,2023-06-20T02:35:10+00:00
SAO_172X-10,São Paulo,3550308,True,,33629,,,-23.538499625,-46.576133750000004,,,,2,2023-06-20T02:35:25+00:00
SAO_172X-10,São Paulo,3550308,True,,33629,,,-23.504231249999997,-46.56582875,,,,2,2023-06-20T02:34:54+00:00
SAO_172X-10,São Paulo,3550308,True,,33629,,,-23.5183515,-46.559474,,,,2,2023-06-20T02:34:02+00:00
SAO_172X-10,São Paulo,3550308,True,,33629,,,-23.5088355,-46.5677245,,,,2,2023-06-20T02:34:55+00:00
SAO_172X-10,São Paulo,3550308,True,,33629,,,-23.50426375,-46.565462249999996,,,,2,2023-06-20T02:35:03+00:00
SAO_172X-10,São Paulo,3550308,True,,33629,,,-23.504942874999998,-46.566456124999995,,,,2,2023-06-20T02:35:08+00:00
SAO_172X-10,São Paulo,3550308,True,,33629,,,-23.50426375,-46.565462249999996,,,,2,2023-06-20T02:32:50+00:00
SAO_172X-10,São Paulo,3550308,True,,33629,,,-23.50426375,-46.565462249999996,,,,2,2023-06-20T02:35:23+00:00
SAO_172X-10,São Paulo,3550308,True,,33629,,,-23.534317,-46.565456125,,,,2,2023-06-20T02:35:12+00:00
SAO_5701-10,São Paulo,3550308,True,,1136,,,-23.652852250000002,-46.64892625,,,,1,2023-06-20T02:34:58+00:00
SAO_5701-10,São Paulo,3550308,True,,1136,,,-23.6357155,-46.6691755,,,,1,2023-06-20T02:35:06+00:00
SAO_5701-10,São Paulo,3550308,True,,1136,,,-23.618647,-46.6987825,,,,1,2023-06-20T02:35:12+00:00
SAO_1741-10,São Paulo,3550308,True,,33307,,,-23.4647525,-46.6632075,,,,2,2023-06-20T02:35:35+00:00
SAO_1741-10,São Paulo,3550308,True,,33307,,,-23.464362,-46.6638395,,,,2,2023-06-20T02:35:06+00:00
SAO_1741-10,São Paulo,3550308,True,,33307,,,-23.4863215,-46.6401795,,,,2,2023-06-20T02:34:57+00:00
SAO_5033-10,São Paulo,3550308,True,,1665,,,-23.603656,-46.6035635,,,,1,2023-06-20T02:35:15+00:00
SAO_3024-10,São Paulo,3550308,True,,33045,,,-23.609136999999997,-46.528772000000004,,,,2,2023-06-20T02:35:00+00:00
SAO_3024-10,São Paulo,3550308,True,,33045,,,-23.58297475,-46.5681515,,,,2,2023-06-20T02:34:56+00:00
SAO_3024-10,São Paulo,3550308,True,,33045,,,-23.609657499999997,-46.52914749999999,,,,2,2023-06-20T02:35:08+00:00
SAO_4028-10,São Paulo,3550308,True,,1098,,,-23.627463499999998,-46.458755499999995,,,,1,2023-06-20T02:35:21+00:00
SAO_4028-10,São Paulo,3550308,True,,1098,,,-23.641876500000002,-46.439683,,,,1,2023-06-20T02:35:21+00:00
SAO_4028-10,São Paulo,3550308,True,,1098,,,-23.6385565,-46.4501245,,,,1,2023-06-20T02:35:13+00:00
SAO_4028-10,São Paulo,3550308,True,,1098,,,-23.60103025,-46.48385275,,,,1,2023-06-20T02:34:56+00:00
SAO_9051-10,São Paulo,3550308,True,,2089,,,-23.56555875,-46.7010795,,,,1,2023-06-20T02:35:19+00:00
SAO_9051-10,São Paulo,3550308,True,,2089,,,-23.5522295,-46.7055335,,,,1,2023-06-20T02:35:20+00:00
SAO_516N-10,São Paulo,3550308,True,EMTU,266,https://moovitapp.com/index/pt-br/transporte_p%C3%BAblico-line-266-Sao_Paulo-242-2038937-36419376-0,6.8,-23.66610425,-46.6562365,,,,1,2023-06-20T02:35:25+00:00
SAO_516N-10,São Paulo,3550308,True,EMTU,266,https://moovitapp.com/index/pt-br/transporte_p%C3%BAblico-line-266-Sao_Paulo-242-2038937-36419376-0,6.8,-23.690365999999997,-46.649558999999996,,,,1,2023-06-20T02:35:16+00:00
SAO_516N-10,São Paulo,3550308,True,EMTU,266,https://moovitapp.com/index/pt-br/transporte_p%C3%BAblico-line-266-Sao_Paulo-242-2038937-36419376-0,6.8,-23.621925500000003,-46.6841815,,,,1,2023-06-20T02:35:16+00:00
SAO_516N-10,São Paulo,3550308,True,EMTU,266,https://moovitapp.com/index/pt-br/transporte_p%C3%BAblico-line-266-Sao_Paulo-242-2038937-36419376-0,6.8,-23.6435835,-46.67299,,,,1,2023-06-20T02:35:18+00:00
SAO_516N-10,São Paulo,3550308,True,EMTU,266,https://moovitapp.com/index/pt-br/transporte_p%C3%BAblico-line-266-Sao_Paulo-242-2038937-36419376-0,6.8,-23.686354,-46.633506,,,,1,2023-06-20T02:35:02+00:00
SAO_516N-10,São Paulo,3550308,True,EMTU,266,https://moovitapp.com/index/pt-br/transporte_p%C3%BAblico-line-266-Sao_Paulo-242-2038937-36419376-0,6.8,-23.690365999999997,-46.649558999999996,,,,1,2023-06-20T02:35:18+00:00
SAO_857P-10,São Paulo,3550308,True,,34694,,,-23.564365000000002,-46.6782645,,,,2,2023-06-20T02:35:10+00:00
SAO_857P-10,São Paulo,3550308,True,,34694,,,-23.6313825,-46.77286,,,,2,2023-06-20T02:34:14+00:00
SAO_857P-10,São Paulo,3550308,True,,34694,,,-23.584044499999997,-46.7171075,,,,2,2023-06-20T02:35:21+00:00
SAO_857P-10,São Paulo,3550308,True,,34694,,,-23.631579000000002,-46.772447,,,,2,2023-06-20T02:35:12+00:00
SAO_857P-10,São Paulo,3550308,True,,34694,,,-23.572976750000002,-46.705288499999995,,,,2,2023-06-20T02:35:15+00:00
SAO_857P-10,São Paulo,3550308,True,,34694,,,-23.5703665,-46.645350875000005,,,,2,2023-06-20T02:35:01+00:00
SAO_857P-10,São Paulo,3550308,True,,34694,,,-23.575689500000003,-46.642773500000004,,,,2,2023-06-20T02:35:29+00:00
SAO_857P-10,São Paulo,3550308,True,,34694,,,-23.6233355,-46.763734,,,,2,2023-06-20T02:35:22+00:00
SAO_857P-10,São Paulo,3550308,True,,34694,,,-23.6312955,-46.773033999999996,,,,2,2023-06-20T02:35:26+00:00
SAO_857P-10,São Paulo,3550308,True,,34694,,,-23.631508,-46.7726,,,,2,2023-06-20T02:35:16+00:00
SAO_9301-10,São Paulo,3550308,True,,458,,,-23.514358375,-46.655521625000006,,,,1,2023-06-20T02:35:21+00:00
SAO_6L01-10,São Paulo,3550308,True,,1171,,,-23.7743255,-46.72151625,,,,1,2023-06-20T02:34:57+00:00
SAO_6L01-10,São Paulo,3550308,True,,1171,,,-23.8844585,-46.733907,,,,1,2023-06-20T02:35:30+00:00
SAO_6L01-10,São Paulo,3550308,True,,1171,,,-23.7676985,-46.716468500000005,,,,1,2023-06-20T02:35:33+00:00
SAO_6L01-10,São Paulo,3550308,True,,1171,,,-23.828041,-46.731192500000006,,,,1,2023-06-20T02:35:25+00:00
SAO_1771-10,São Paulo,3550308,True,,33402,,,-23.4308,-46.5751545,,,,2,2023-06-20T02:35:05+00:00
SAO_1771-10,São Paulo,3550308,True,,33402,,,-23.475181,-46.5996125,,,,2,2023-06-20T02:35:13+00:00
SAO_1771-10,São Paulo,3550308,True,,33402,,,-23.441848999999998,-46.588781499999996,,,,2,2023-06-20T02:35:37+00:00
SAO_1771-10,São Paulo,3550308,True,,33402,,,-23.430906,-46.574909,,,,2,2023-06-20T02:35:35+00:00
SAO_546J-41,São Paulo,3550308,True,,33902,,,-23.687413749999997,-46.6586645,,,,2,2023-06-20T02:35:01+00:00
SAO_2032-10,São Paulo,3550308,True,,2266,,,-23.504027999999998,-46.6152115,,,,1,2023-06-20T02:34:02+00:00
SAO_2032-10,São Paulo,3550308,True,,2266,,,-23.485832249999998,-46.577034624999996,,,,1,2023-06-20T02:35:29+00:00
SAO_2720-10,São Paulo,3550308,True,,933,,,-23.52137475,-46.51627125,,,,1,2023-06-20T02:35:18+00:00
SAO_2720-10,São Paulo,3550308,True,,933,,,-23.4973675,-46.4793105,,,,1,2023-06-20T02:35:06+00:00
SAO_2720-10,São Paulo,3550308,True,,933,,,-23.515134,-46.507476,,,,1,2023-06-20T02:35:05+00:00
SAO_2720-10,São Paulo,3550308,True,,933,,,-23.491506750000003,-46.473398,,,,1,2023-06-20T02:35:15+00:00
SAO_2720-10,São Paulo,3550308,True,,933,,,-23.52835225,-46.5179975,,,,1,2023-06-20T02:34:51+00:00
SAO_8707-10,São Paulo,3550308,True,,2064,,,-23.56992025,-46.71291925,,,,1,2023-06-20T02:35:05+00:00
SAO_8707-10,São Paulo,3550308,True,,2064,,,-23.5474995,-46.640241,,,,1,2023-06-20T02:35:27+00:00
SAO_8707-10,São Paulo,3550308,True,,2064,,,-23.5823195,-46.759943,,,,1,2023-06-20T02:35:15+00:00
SAO_8707-10,São Paulo,3550308,True,,2064,,,-23.5823195,-46.759943,,,,1,2023-06-20T02:35:08+00:00
SAO_8707-10,São Paulo,3550308,True,,2064,,,-23.5823195,-46.759943,,,,1,2023-06-20T02:34:56+00:00
SAO_6820-31,São Paulo,3550308,True,,34174,,,-23.660123,-46.771386,,,,2,2023-06-20T02:35:32+00:00
SAO_6820-31,São Paulo,3550308,True,,34174,,,-23.660123,-46.771386,,,,2,2023-06-20T02:35:31+00:00
SAO_6820-31,São Paulo,3550308,True,,34174,,,-23.658020999999998,-46.7897125,,,,2,2023-06-20T02:35:17+00:00
SAO_6820-31,São Paulo,3550308,True,,34174,,,-23.658400999999998,-46.78931475,,,,2,2023-06-20T02:34:59+00:00
SAO_6820-31,São Paulo,3550308,True,,34174,,,-23.653994500000003,-46.762168,,,,2,2023-06-20T02:35:11+00:00
SAO_4724-10,São Paulo,3550308,True,,2060,,,-23.53799,-46.49500675,,,,1,2023-06-20T02:35:36+00:00
SAO_4724-10,São Paulo,3550308,True,,2060,,,-23.5312595,-46.502293,,,,1,2023-06-20T02:35:00+00:00
SAO_4035-10,São Paulo,3550308,True,,35328,,,-23.544842000000003,-46.407443,,,,2,2023-06-20T02:34:26+00:00
SAO_4035-10,São Paulo,3550308,True,,35328,,,-23.56257475,-46.4166955,,,,2,2023-06-20T02:35:01+00:00
SAO_4035-10,São Paulo,3550308,True,,35328,,,-23.558082,-46.3995945,,,,2,2023-06-20T02:35:22+00:00
SAO_938P-10,São Paulo,3550308,True,,33656,,,-23.507630499999998,-46.6892895,,,,2,2023-06-20T02:35:28+00:00
SAO_938P-10,São Paulo,3550308,True,,33656,,,-23.463069,-46.6814145,,,,2,2023-06-20T02:35:06+00:00
SAO_938P-10,São Paulo,3550308,True,,33656,,,-23.463069,-46.6814145,,,,2,2023-06-20T02:35:16+00:00
SAO_938P-10,São Paulo,3550308,True,,33656,,,-23.4636965,-46.6817285,,,,2,2023-06-20T02:34:58+00:00
SAO_938P-10,São Paulo,3550308,True,,33656,,,-23.527012499999998,-46.681565750000004,,,,2,2023-06-20T02:35:00+00:00
SAO_938P-10,São Paulo,3550308,True,,33656,,,-23.496991,-46.689998,,,,2,2023-06-20T02:35:07+00:00
SAO_938P-10,São Paulo,3550308,True,,33656,,,-23.462844,-46.6814335,,,,2,2023-06-20T02:35:17+00:00
SAO_6400-10,São Paulo,3550308,True,,32825,,,-23.6301995,-46.690188,,,,2,2023-06-20T02:35:01+00:00
SAO_508L-10,São Paulo,3550308,True,EMTU,117,https://moovitapp.com/index/pt-br/transporte_p%C3%BAblico-line-117-Sao_Paulo-242-2038937-36419277-0,4.8,-23.556445500000002,-46.6649875,,,,1,2023-06-20T02:35:34+00:00
SAO_508L-10,São Paulo,3550308,True,EMTU,117,https://moovitapp.com/index/pt-br/transporte_p%C3%BAblico-line-117-Sao_Paulo-242-2038937-36419277-0,4.8,-23.533846750000002,-46.653388875000005,,,,1,2023-06-20T02:35:08+00:00
SAO_4013-10,São Paulo,3550308,True,,2186,,,-23.61275,-46.476256,,,,1,2023-06-20T02:35:16+00:00
SAO_4013-10,São Paulo,3550308,True,,2186,,,-23.6353085,-46.443883,,,,1,2023-06-20T02:35:31+00:00
SAO_4013-10,São Paulo,3550308,True,,2186,,,-23.620505,-46.456191000000004,,,,1,2023-06-20T02:35:19+00:00
SAO_5759-10,São Paulo,3550308,True,,33906,,,-23.6948495,-46.64830975,,,,2,2023-06-20T02:35:32+00:00
SAO_5759-10,São Paulo,3550308,True,,33906,,,-23.6603615,-46.658052999999995,,,,2,2023-06-20T02:35:21+00:00
SAO_5759-10,São Paulo,3550308,True,,33906,,,-23.6949545,-46.64853925,,,,2,2023-06-20T02:35:15+00:00
SAO_5759-10,São Paulo,3550308,True,,33906,,,-23.644954750000004,-46.644973,,,,2,2023-06-20T02:35:24+00:00
SAO_5759-10,São Paulo,3550308,True,,33906,,,-23.6948495,-46.64830975,,,,2,2023-06-20T02:35:02+00:00
SAO_909T-10,São Paulo,3550308,True,,2256,,,-23.546077500000003,-46.631047,,,,1,2023-06-20T02:35:05+00:00
SAO_909T-10,São Paulo,3550308,True,,2256,,,-23.567616375,-46.6967335,,,,1,2023-06-20T02:35:00+00:00
SAO_1722-10,São Paulo,3550308,True,,864,,,-23.476251625,-46.67026975,,,,1,2023-06-20T02:35:26+00:00
SAO_1722-10,São Paulo,3550308,True,,864,,,-23.482192,-46.672304,,,,1,2023-06-20T02:35:20+00:00
SAO_1722-10,São Paulo,3550308,True,,864,,,-23.478811999999998,-46.6014165,,,,1,2023-06-20T02:35:11+00:00
SAO_1722-10,São Paulo,3550308,True,,864,,,-23.46512675,-46.634164,,,,1,2023-06-20T02:32:33+00:00
SAO_1722-10,São Paulo,3550308,True,,864,,,-23.47465125,-46.6574175,,,,1,2023-06-20T02:35:05+00:00
SAO_1722-10,São Paulo,3550308,True,,864,,,-23.4586905,-46.6202395,,,,1,2023-06-20T02:34:52+00:00
SAO_1785-10,São Paulo,3550308,True,,34584,,,-23.474409,-46.6250655,,,,2,2023-06-20T02:35:08+00:00
SAO_1785-10,São Paulo,3550308,True,,34584,,,-23.478056000000002,-46.6228885,,,,2,2023-06-20T02:35:02+00:00
SAO_1785-10,São Paulo,3550308,True,,34584,,,-23.5020595,-46.6229275,,,,2,2023-06-20T02:35:23+00:00
SAO_1785-10,São Paulo,3550308,True,,34584,,,-23.4781285,-46.6229335,,,,2,2023-06-20T02:35:17+00:00
SAO_407K-10,São Paulo,3550308,True,,2168,,,-23.535924,-46.553611875,,,,1,2023-06-20T02:35:25+00:00
SAO_407K-10,São Paulo,3550308,True,,2168,,,-23.559109999999997,-46.513171,,,,1,2023-06-20T02:35:08+00:00
SAO_4012-10,São Paulo,3550308,True,,34953,,,-23.598488,-46.44115775,,,,2,2023-06-20T02:35:03+00:00
SAO_4012-10,São Paulo,3550308,True,,34953,,,-23.608551,-46.451899499999996,,,,2,2023-06-20T02:35:13+00:00
SAO_4012-10,São Paulo,3550308,True,,34953,,,-23.613538,-46.476616,,,,2,2023-06-20T02:34:54+00:00
SAO_4012-10,São Paulo,3550308,True,,34953,,,-23.598851250000003,-46.44153,,,,2,2023-06-20T02:35:11+00:00
SAO_4491-10,São Paulo,3550308,True,EMTU,327,https://moovitapp.com/index/pt-br/transporte_p%C3%BAblico-line-327-Sao_Paulo-242-2038937-36419415-0,5.35,-23.65513025,-46.616825750000004,,,,1,2023-06-20T02:35:29+00:00
SAO_4491-10,São Paulo,3550308,True,EMTU,327,https://moovitapp.com/index/pt-br/transporte_p%C3%BAblico-line-327-Sao_Paulo-242-2038937-36419415-0,5.35,-23.648156999999998,-46.600237,,,,1,2023-06-20T02:35:16+00:00
SAO_4491-10,São Paulo,3550308,True,EMTU,327,https://moovitapp.com/index/pt-br/transporte_p%C3%BAblico-line-327-Sao_Paulo-242-2038937-36419415-0,5.35,-23.5680165,-46.611181,,,,1,2023-06-20T02:35:30+00:00
SAO_7059-10,São Paulo,3550308,True,,1924,,,-23.665846000000002,-46.788559,,,,1,2023-06-20T02:35:04+00:00
SAO_9002-10,São Paulo,3550308,True,,870,,,-23.459633,-46.66623,,,,1,2023-06-20T02:35:19+00:00
SAO_9002-10,São Paulo,3550308,True,,870,,,-23.472319999999996,-46.6704065,,,,1,2023-06-20T02:35:19+00:00
SAO_8009-31,São Paulo,3550308,True,,34028,,,-23.4339925,-46.7512355,,,,2,2023-06-20T02:34:53+00:00
SAO_8009-31,São Paulo,3550308,True,,34028,,,-23.4861665,-46.726144,,,,2,2023-06-20T02:35:14+00:00
SAO_8009-31,São Paulo,3550308,True,,34028,,,-23.4568605,-46.743822249999994,,,,2,2023-06-20T02:35:27+00:00
SAO_8009-31,São Paulo,3550308,True,,34028,,,-23.4338295,-46.7511745,,,,2,2023-06-20T02:35:26+00:00
SAO_8009-31,São Paulo,3550308,True,,34028,,,-23.433639499999998,-46.751054999999994,,,,2,2023-06-20T02:35:18+00:00
SAO_253F-10,São Paulo,3550308,True,,32926,,,-23.520276000000003,-46.46067275,,,,2,2023-06-20T02:35:07+00:00
SAO_253F-10,São Paulo,3550308,True,,32926,,,-23.5698175,-46.446971000000005,,,,2,2023-06-20T02:34:02+00:00
SAO_253F-10,São Paulo,3550308,True,,32926,,,-23.613998000000002,-46.4765975,,,,2,2023-06-20T02:35:13+00:00
SAO_253F-10,São Paulo,3550308,True,,32926,,,-23.518916500000003,-46.474219000000005,,,,2,2023-06-20T02:34:57+00:00
SAO_253F-10,São Paulo,3550308,True,,32926,,,-23.574691,-46.450632,,,,2,2023-06-20T02:30:18+00:00
SAO_253F-10,São Paulo,3550308,True,,32926,,,-23.613302,-46.4764105,,,,2,2023-06-20T02:35:33+00:00
SAO_253F-10,São Paulo,3550308,True,,32926,,,-23.594773,-46.4452475,,,,2,2023-06-20T02:35:13+00:00
SAO_2756-10,São Paulo,3550308,True,EMTU,238,https://moovitapp.com/index/pt-br/transporte_p%C3%BAblico-line-238-Sao_Paulo-242-2038937-36419351-0,4.85,-23.5297945,-46.500789,,,,1,2023-06-20T02:33:09+00:00
SAO_2756-10,São Paulo,3550308,True,EMTU,238,https://moovitapp.com/index/pt-br/transporte_p%C3%BAblico-line-238-Sao_Paulo-242-2038937-36419351-0,4.85,-23.544459500000002,-46.390429999999995,,,,1,2023-06-20T02:34:54+00:00
SAO_2756-10,São Paulo,3550308,True,EMTU,238,https://moovitapp.com/index/pt-br/transporte_p%C3%BAblico-line-238-Sao_Paulo-242-2038937-36419351-0,4.85,-23.51353425,-46.445544749999996,,,,1,2023-06-20T02:35:29+00:00
SAO_2756-10,São Paulo,3550308,True,EMTU,238,https://moovitapp.com/index/pt-br/transporte_p%C3%BAblico-line-238-Sao_Paulo-242-2038937-36419351-0,4.85,-23.529382,-46.50029325,,,,1,2023-06-20T02:34:42+00:00
SAO_3001-10,São Paulo,3550308,True,,1650,,,-23.49460175,-46.431911,,,,1,2023-06-20T02:35:05+00:00
SAO_930P-10,São Paulo,3550308,True,,34883,,,-23.546217,-46.6305745,,,,2,2023-06-20T02:35:20+00:00
SAO_930P-10,São Paulo,3550308,True,,34883,,,-23.581154499999997,-46.68479375,,,,2,2023-06-20T02:35:32+00:00
SAO_6960-10,São Paulo,3550308,True,,1443,,,-23.71743575,-46.704061499999995,,,,1,2023-06-20T02:35:23+00:00
SAO_6960-10,São Paulo,3550308,True,,1443,,,-23.767961,-46.716508,,,,1,2023-06-20T02:35:31+00:00
SAO_6960-10,São Paulo,3550308,True,,1443,,,-23.762157000000002,-46.71555,,,,1,2023-06-20T02:35:03+00:00
SAO_6012-10,São Paulo,3550308,True,,1204,,,-23.693057,-46.7831325,,,,1,2023-06-20T02:35:31+00:00
SAO_917M-31,São Paulo,3550308,True,,1367,,,-23.471259500000002,-46.706211499999995,,,,1,2023-06-20T02:35:33+00:00
SAO_6120-10,São Paulo,3550308,True,,1189,,,-23.7364975,-46.69661000000001,,,,1,2023-06-20T02:34:59+00:00
SAO_6120-10,São Paulo,3550308,True,,1189,,,-23.740786,-46.691494500000005,,,,1,2023-06-20T02:35:25+00:00
SAO_748A-41,São Paulo,3550308,True,EMTU,499,https://moovitapp.com/index/pt-br/transporte_p%C3%BAblico-line-499-Sao_Paulo-242-2038937-36419524-0,5.4,-23.525247,-46.71580525,,,,1,2023-06-20T02:35:17+00:00
SAO_748A-41,São Paulo,3550308,True,EMTU,499,https://moovitapp.com/index/pt-br/transporte_p%C3%BAblico-line-499-Sao_Paulo-242-2038937-36419524-0,5.4,-23.58293575,-46.74416325,,,,1,2023-06-20T02:35:07+00:00
SAO_6250-10,São Paulo,3550308,True,EMTU,468,https://moovitapp.com/index/pt-br/transporte_p%C3%BAblico-line-468-Sao_Paulo-242-2038937-36419506-0,6.65,-23.560564000000003,-46.68250950000001,,,,1,2023-06-20T02:35:35+00:00
SAO_524L-10,São Paulo,3550308,True,,34483,,,-23.57633575,-46.56352725,,,,2,2023-06-20T02:35:37+00:00
SAO_524L-10,São Paulo,3550308,True,,34483,,,-23.54545875,-46.57434225,,,,2,2023-06-20T02:34:55+00:00
SAO_524L-10,São Paulo,3550308,True,,34483,,,-23.5985985,-46.534225000000006,,,,2,2023-06-20T02:35:29+00:00
SAO_809R-10,São Paulo,3550308,True,,2067,,,-23.5823195,-46.759943,,,,1,2023-06-20T02:35:31+00:00
SAO_809R-10,São Paulo,3550308,True,,2067,,,-23.56992025,-46.71291925,,,,1,2023-06-20T02:34:54+00:00
SAO_2005-10,São Paulo,3550308,True,,893,,,-23.4815715,-46.378598499999995,,,,1,2023-06-20T02:35:23+00:00
SAO_2005-10,São Paulo,3550308,True,,893,,,-23.4815715,-46.378598499999995,,,,1,2023-06-20T02:34:51+00:00
SAO_2005-10,São Paulo,3550308,True,,893,,,-23.48844125,-46.392001125,,,,1,2023-06-20T02:35:04+00:00
SAO_2005-10,São Paulo,3550308,True,,893,,,-23.481623749999997,-46.37878275,,,,1,2023-06-20T02:35:02+00:00
SAO_2005-10,São Paulo,3550308,True,,893,,,-23.49532,-46.4292905,,,,1,2023-06-20T02:35:26+00:00
SAO_6801-51,São Paulo,3550308,True,,1774,,,-23.643908,-46.73173250000001,,,,1,2023-06-20T02:35:22+00:00
SAO_6250-10,São Paulo,3550308,True,,33236,,,-23.5969165,-46.7683385,,,,2,2023-06-20T02:34:59+00:00
SAO_6250-10,São Paulo,3550308,True,,33236,,,-23.565903499999997,-46.675841,,,,2,2023-06-20T02:35:34+00:00
SAO_6250-10,São Paulo,3550308,True,,33236,,,-23.597096,-46.7681435,,,,2,2023-06-20T02:35:25+00:00
SAO_7282-10,São Paulo,3550308,True,,33239,,,-23.5522615,-46.7415435,,,,2,2023-06-20T02:35:28+00:00
SAO_7282-10,São Paulo,3550308,True,,33239,,,-23.5461915,-46.691106500000004,,,,2,2023-06-20T02:35:03+00:00
SAO_2435-10,São Paulo,3550308,True,,32978,,,-23.5289775,-46.4795655,,,,2,2023-06-20T02:35:13+00:00
SAO_2435-10,São Paulo,3550308,True,,32978,,,-23.52347725,-46.512134249999995,,,,2,2023-06-20T02:30:21+00:00
SAO_6063-41,São Paulo,3550308,True,,1773,,,-23.78879,-46.6896695,,,,1,2023-06-20T02:35:11+00:00
SAO_3027-10,São Paulo,3550308,True,,33731,,,-23.557599500000002,-46.445420750000004,,,,2,2023-06-20T02:35:36+00:00
SAO_3027-10,São Paulo,3550308,True,,33731,,,-23.5625125,-46.465865,,,,2,2023-06-20T02:35:32+00:00
SAO_3027-10,São Paulo,3550308,True,,33731,,,-23.542353,-46.417634500000005,,,,2,2023-06-20T02:35:35+00:00
SAO_3027-10,São Paulo,3550308,True,,33731,,,-23.5634105,-46.5054495,,,,2,2023-06-20T02:35:10+00:00
SAO_4742-10,São Paulo,3550308,True,EMTU,342,https://moovitapp.com/index/pt-br/transporte_p%C3%BAblico-line-342-Sao_Paulo-242-2038937-36419426-0,7.55,-23.650487,-46.621263,,,,1,2023-06-20T02:33:24+00:00
SAO_6083-10,São Paulo,3550308,True,,1733,,,-23.737187499999997,-46.6971815,,,,1,2023-06-20T02:35:07+00:00
SAO_6083-10,São Paulo,3550308,True,,1733,,,-23.7529295,-46.681903000000005,,,,1,2023-06-20T02:35:14+00:00
SAO_4008-21,São Paulo,3550308,True,,2527,,,-23.5779405,-46.4423775,,,,1,2023-06-20T02:35:31+00:00
SAO_5129-41,São Paulo,3550308,True,,1974,,,-23.681519,-46.63671,,,,1,2023-06-20T02:35:30+00:00
SAO_5129-41,São Paulo,3550308,True,,1974,,,-23.6454235,-46.6716755,,,,1,2023-06-20T02:35:24+00:00
SAO_5129-41,São Paulo,3550308,True,,1974,,,-23.654705749999998,-46.70295675,,,,1,2023-06-20T02:35:24+00:00
SAO_3010-10,São Paulo,3550308,True,,35311,,,-23.509079,-46.444635000000005,,,,2,2023-06-20T02:34:59+00:00
SAO_3010-10,São Paulo,3550308,True,,35311,,,-23.5105165,-46.446583499999996,,,,2,2023-06-20T02:35:06+00:00
SAO_609J-10,São Paulo,3550308,True,,2242,,,-23.626586500000002,-46.65958,,,,1,2023-06-20T02:35:08+00:00
SAO_6075-10,São Paulo,3550308,True,,1162,,,-23.7918795,-46.734451,,,,1,2023-06-20T02:35:11+00:00
SAO_4019-10,São Paulo,3550308,True,,2524,,,-23.546067,-46.47099850000001,,,,1,2023-06-20T02:35:09+00:00
SAO_4019-10,São Paulo,3550308,True,,2524,,,-23.5428295,-46.4707985,,,,1,2023-06-20T02:32:50+00:00
SAO_5752-10,São Paulo,3550308,True,,1287,,,-23.63842825,-46.64206875,,,,1,2023-06-20T02:35:24+00:00
SAO_5752-10,São Paulo,3550308,True,,1287,,,-23.670668125,-46.6660045,,,,1,2023-06-20T02:35:17+00:00
SAO_5752-10,São Paulo,3550308,True,,1287,,,-23.638117,-46.641825499999996,,,,1,2023-06-20T02:35:35+00:00
SAO_6L11-10,São Paulo,3550308,True,,33935,,,-23.748095499999998,-46.68762275,,,,2,2023-06-20T02:35:20+00:00
SAO_6L11-10,São Paulo,3550308,True,,33935,,,-23.8015465,-46.6276715,,,,2,2023-06-20T02:34:53+00:00
SAO_6L11-10,São Paulo,3550308,True,,33935,,,-23.776689499999996,-46.6469955,,,,2,2023-06-20T02:34:58+00:00
SAO_2780-10,São Paulo,3550308,True,EMTU,399,https://moovitapp.com/index/pt-br/transporte_p%C3%BAblico-line-399-Sao_Paulo-242-2038937-36419463-0,6.45,-23.532367,-46.45353425,,,,1,2023-06-20T02:35:26+00:00
SAO_2780-10,São Paulo,3550308,True,EMTU,399,https://moovitapp.com/index/pt-br/transporte_p%C3%BAblico-line-399-Sao_Paulo-242-2038937-36419463-0,6.45,-23.507662500000002,-46.3716095,,,,1,2023-06-20T02:34:38+00:00
SAO_2780-10,São Paulo,3550308,True,EMTU,399,https://moovitapp.com/index/pt-br/transporte_p%C3%BAblico-line-399-Sao_Paulo-242-2038937-36419463-0,6.45,-23.5090075,-46.3732425,,,,1,2023-06-20T02:31:09+00:00
SAO_3009-10,São Paulo,3550308,True,,2526,,,-23.515324,-46.395787,,,,1,2023-06-20T02:34:57+00:00
SAO_7021-10,São Paulo,3550308,True,,1989,,,-23.673204499999997,-46.744687,,,,1,2023-06-20T02:35:02+00:00
SAO_647A-10,São Paulo,3550308,True,,1315,,,-23.681823,-46.78384,,,,1,2023-06-20T02:35:24+00:00
SAO_647A-10,São Paulo,3550308,True,,1315,,,-23.6945095,-46.7940355,,,,1,2023-06-20T02:35:29+00:00
SAO_647A-10,São Paulo,3550308,True,,1315,,,-23.6945095,-46.7940355,,,,1,2023-06-20T02:35:12+00:00
SAO_647A-10,São Paulo,3550308,True,,1315,,,-23.612974875,-46.729773375,,,,1,2023-06-20T02:35:02+00:00
SAO_647A-10,São Paulo,3550308,True,,1315,,,-23.5656265,-46.69294549999999,,,,1,2023-06-20T02:35:24+00:00
SAO_6L11-10,São Paulo,3550308,True,,1167,,,-23.7665875,-46.651020875,,,,1,2023-06-20T02:34:54+00:00
SAO_6L11-10,São Paulo,3550308,True,,1167,,,-23.73643225,-46.69632274999999,,,,1,2023-06-20T02:35:37+00:00
SAO_8025-10,São Paulo,3550308,True,,34844,,,-23.590518,-46.76971475,,,,2,2023-06-20T02:35:23+00:00
SAO_8025-10,São Paulo,3550308,True,,34844,,,-23.586760499999997,-46.7582935,,,,2,2023-06-20T02:34:44+00:00
SAO_8252-10,São Paulo,3550308,True,,34016,,,-23.533306000000003,-46.6950025,,,,2,2023-06-20T02:35:29+00:00
SAO_7005-10,São Paulo,3550308,True,,1998,,,-23.714551999999998,-46.782303,,,,1,2023-06-20T02:35:33+00:00
SAO_4112-10,São Paulo,3550308,True,,33535,,,-23.5713605,-46.6250935,,,,2,2023-06-20T02:34:55+00:00
SAO_4112-10,São Paulo,3550308,True,,33535,,,-23.580921500000002,-46.6260625,,,,2,2023-06-20T02:35:16+00:00
SAO_4112-10,São Paulo,3550308,True,,33535,,,-23.580921500000002,-46.6260625,,,,2,2023-06-20T02:34:53+00:00
SAO_4112-10,São Paulo,3550308,True,,33535,,,-23.56669675,-46.630233,,,,2,2023-06-20T02:34:53+00:00
SAO_208V-10,São Paulo,3550308,True,Rápido Campinas,207,https://moovitapp.com/index/pt-br/transporte_p%C3%BAblico-line-207-Sao_Paulo-242-858660-638984-0,5.3,-23.5127755,-46.5015115,,,,1,2023-06-20T02:35:17+00:00
SAO_208V-10,São Paulo,3550308,True,Rápido Campinas,207,https://moovitapp.com/index/pt-br/transporte_p%C3%BAblico-line-207-Sao_Paulo-242-858660-638984-0,5.3,-23.546985,-46.629763999999994,,,,1,2023-06-20T02:35:12+00:00
SAO_208V-10,São Paulo,3550308,True,Rápido Campinas,207,https://moovitapp.com/index/pt-br/transporte_p%C3%BAblico-line-207-Sao_Paulo-242-858660-638984-0,5.3,-23.536963749999998,-46.59174825,,,,1,2023-06-20T02:35:25+00:00
SAO_208V-10,São Paulo,3550308,True,Rápido Campinas,207,https://moovitapp.com/index/pt-br/transporte_p%C3%BAblico-line-207-Sao_Paulo-242-858660-638984-0,5.3,-23.538661,-46.6044205,,,,1,2023-06-20T02:34:52+00:00
SAO_2012-10,São Paulo,3550308,True,,35049,,,-23.488902500000002,-46.5819175,,,,2,2023-06-20T02:35:15+00:00
SAO_2012-10,São Paulo,3550308,True,,35049,,,-23.4886805,-46.582163,,,,2,2023-06-20T02:35:02+00:00
SAO_6960-21,São Paulo,3550308,True,,34578,,,-23.765661,-46.7178655,,,,2,2023-06-20T02:35:00+00:00
SAO_174M-10,São Paulo,3550308,True,,33441,,,-23.4821975,-46.604628,,,,2,2023-06-20T02:35:29+00:00
SAO_174M-10,São Paulo,3550308,True,,33441,,,-23.4880165,-46.574464500000005,,,,2,2023-06-20T02:35:25+00:00
SAO_174M-10,São Paulo,3550308,True,,33441,,,-23.511257375,-46.624893,,,,2,2023-06-20T02:35:22+00:00
SAO_174M-10,São Paulo,3550308,True,,33441,,,-23.487555999999998,-46.5742625,,,,2,2023-06-20T02:35:19+00:00
SAO_174M-10,São Paulo,3550308,True,,33441,,,-23.487555999999998,-46.5742625,,,,2,2023-06-20T02:35:09+00:00
SAO_174M-10,São Paulo,3550308,True,,33441,,,-23.576868750000003,-46.61040200000001,,,,2,2023-06-20T02:35:13+00:00
SAO_174M-10,São Paulo,3550308,True,,33441,,,-23.4880165,-46.574464500000005,,,,2,2023-06-20T02:35:13+00:00
SAO_775V-10,São Paulo,3550308,True,,475,,,-23.573483250000002,-46.725281,,,,1,2023-06-20T02:35:36+00:00
SAO_8023-10,São Paulo,3550308,True,,34842,,,-23.590832499999998,-46.736482625,,,,2,2023-06-20T02:35:00+00:00
SAO_8023-10,São Paulo,3550308,True,,34842,,,-23.590418624999998,-46.802857625,,,,2,2023-06-20T02:35:03+00:00
SAO_746V-10,São Paulo,3550308,True,,792,,,-23.6222055,-46.760129500000005,,,,1,2023-06-20T02:33:09+00:00
SAO_746V-10,São Paulo,3550308,True,,792,,,-23.6224415,-46.75465,,,,1,2023-06-20T02:35:07+00:00
SAO_746V-10,São Paulo,3550308,True,,792,,,-23.63702525,-46.763191500000005,,,,1,2023-06-20T02:35:05+00:00
SAO_746V-10,São Paulo,3550308,True,,792,,,-23.6224415,-46.75465,,,,1,2023-06-20T02:35:00+00:00
SAO_546J-10,São Paulo,3550308,True,,33901,,,-23.692935,-46.660601,,,,2,2023-06-20T02:35:30+00:00
SAO_546J-10,São Paulo,3550308,True,,33901,,,-23.663834,-46.6913885,,,,2,2023-06-20T02:34:55+00:00
SAO_546J-10,São Paulo,3550308,True,,33901,,,-23.68627875,-46.66321825,,,,2,2023-06-20T02:35:23+00:00
SAO_546J-10,São Paulo,3550308,True,,33901,,,-23.653772500000002,-46.704392,,,,2,2023-06-20T02:34:57+00:00
SAO_938L-10,São Paulo,3550308,True,,1368,,,-23.517339999999997,-46.704061125,,,,1,2023-06-20T02:35:30+00:00
SAO_938L-10,São Paulo,3550308,True,,1368,,,-23.517339999999997,-46.704061125,,,,1,2023-06-20T02:35:19+00:00
SAO_938L-10,São Paulo,3550308,True,,1368,,,-23.517514,-46.703650375,,,,1,2023-06-20T02:35:06+00:00
SAO_938L-10,São Paulo,3550308,True,,1368,,,-23.517339999999997,-46.704061125,,,,1,2023-06-20T02:35:36+00:00
SAO_938L-10,São Paulo,3550308,True,,1368,,,-23.486594999999998,-46.682212,,,,1,2023-06-20T02:35:26+00:00
SAO_938L-10,São Paulo,3550308,True,,1368,,,-23.475696,-46.670624000000004,,,,1,2023-06-20T02:35:33+00:00
SAO_2726-10,São Paulo,3550308,True,Urubupungá,940,https://moovitapp.com/index/pt-br/transporte_p%C3%BAblico-line-940-Sao_Paulo-242-873835-496474-0,4.6,-23.5141025,-46.5187085,,,,1,2023-06-20T02:35:13+00:00
SAO_2726-10,São Paulo,3550308,True,Urubupungá,940,https://moovitapp.com/index/pt-br/transporte_p%C3%BAblico-line-940-Sao_Paulo-242-873835-496474-0,4.6,-23.52822575,-46.54581075,,,,1,2023-06-20T02:34:58+00:00
SAO_2726-10,São Paulo,3550308,True,Urubupungá,940,https://moovitapp.com/index/pt-br/transporte_p%C3%BAblico-line-940-Sao_Paulo-242-873835-496474-0,4.6,-23.512702500000003,-46.485276999999996,,,,1,2023-06-20T02:35:17+00:00
SAO_2726-10,São Paulo,3550308,True,Urubupungá,940,https://moovitapp.com/index/pt-br/transporte_p%C3%BAblico-line-940-Sao_Paulo-242-873835-496474-0,4.6,-23.533234,-46.543972499999995,,,,1,2023-06-20T02:35:35+00:00
SAO_7725-10,São Paulo,3550308,True,,33240,,,-23.5688545,-46.7650485,,,,2,2023-06-20T02:35:01+00:00
SAO_7725-10,São Paulo,3550308,True,,33240,,,-23.568452999999998,-46.765302,,,,2,2023-06-20T02:35:19+00:00
SAO_4013-10,São Paulo,3550308,True,,34954,,,-23.632661,-46.442702,,,,2,2023-06-20T02:35:32+00:00
SAO_4013-10,São Paulo,3550308,True,,34954,,,-23.635803,-46.4454185,,,,2,2023-06-20T02:35:22+00:00
SAO_709A-10,São Paulo,3550308,True,,2092,,,-23.5818895,-46.639400125,,,,1,2023-06-20T02:35:02+00:00
SAO_709A-10,São Paulo,3550308,True,,2092,,,-23.5867785,-46.653,,,,1,2023-06-20T02:35:13+00:00
SAO_709A-10,São Paulo,3550308,True,,2092,,,-23.6132095,-46.696375,,,,1,2023-06-20T02:34:52+00:00
SAO_709A-10,São Paulo,3550308,True,,2092,,,-23.6136645,-46.696824,,,,1,2023-06-20T02:34:54+00:00
SAO_709A-10,São Paulo,3550308,True,,2092,,,-23.611373750000002,-46.69500775,,,,1,2023-06-20T02:34:52+00:00
SAO_2010-10,São Paulo,3550308,True,,34872,,,-23.4770315,-46.564111499999996,,,,2,2023-06-20T02:35:03+00:00
SAO_2010-10,São Paulo,3550308,True,,34872,,,-23.477741875,-46.564192125,,,,2,2023-06-20T02:35:24+00:00
SAO_2010-10,São Paulo,3550308,True,,34872,,,-23.477516625,-46.564321375,,,,2,2023-06-20T02:35:27+00:00
SAO_2010-10,São Paulo,3550308,True,,34872,,,-23.50618125,-46.62474375000001,,,,2,2023-06-20T02:35:02+00:00
SAO_2010-10,São Paulo,3550308,True,,34872,,,-23.480001,-46.581720000000004,,,,2,2023-06-20T02:35:30+00:00
SAO_1745-10,São Paulo,3550308,True,,33314,,,-23.509007500000003,-46.6155115,,,,2,2023-06-20T02:35:01+00:00
SAO_1745-10,São Paulo,3550308,True,,33314,,,-23.492728,-46.6486635,,,,2,2023-06-20T02:35:21+00:00
SAO_1745-10,São Paulo,3550308,True,,33314,,,-23.472706000000002,-46.6658635,,,,2,2023-06-20T02:35:08+00:00
SAO_1745-10,São Paulo,3550308,True,,33314,,,-23.473171,-46.665481,,,,2,2023-06-20T02:35:17+00:00
SAO_6414-10,São Paulo,3550308,True,EMTU,360,https://moovitapp.com/index/pt-br/transporte_p%C3%BAblico-line-360-Sao_Paulo-242-2038937-36419441-0,5.2,-23.559058999999998,-46.654014000000004,,,,1,2023-06-20T02:35:36+00:00
SAO_6414-10,São Paulo,3550308,True,EMTU,360,https://moovitapp.com/index/pt-br/transporte_p%C3%BAblico-line-360-Sao_Paulo-242-2038937-36419441-0,5.2,-23.644316125000003,-46.700134500000004,,,,1,2023-06-20T02:35:04+00:00
SAO_6414-10,São Paulo,3550308,True,EMTU,360,https://moovitapp.com/index/pt-br/transporte_p%C3%BAblico-line-360-Sao_Paulo-242-2038937-36419441-0,5.2,-23.560406,-46.6549565,,,,1,2023-06-20T02:35:22+00:00
SAO_6414-10,São Paulo,3550308,True,EMTU,360,https://moovitapp.com/index/pt-br/transporte_p%C3%BAblico-line-360-Sao_Paulo-242-2038937-36419441-0,5.2,-23.620196999999997,-46.698192,,,,1,2023-06-20T02:35:37+00:00
SAO_6825-10,São Paulo,3550308,True,,32782,,,-23.6817585,-46.79681975,,,,2,2023-06-20T02:35:00+00:00
SAO_6825-10,São Paulo,3550308,True,,32782,,,-23.662447,-46.780381750000004,,,,2,2023-06-20T02:35:02+00:00
SAO_2735-21,São Paulo,3550308,True,,33282,,,-23.49869475,-46.5298885,,,,2,2023-06-20T02:35:33+00:00
SAO_2735-21,São Paulo,3550308,True,,33282,,,-23.5207505,-46.54660625,,,,2,2023-06-20T02:34:53+00:00
SAO_8600-10,São Paulo,3550308,True,,34200,,,-23.519385999999997,-46.6742975,,,,2,2023-06-20T02:35:36+00:00
SAO_8600-10,São Paulo,3550308,True,,34200,,,-23.486121,-46.726629624999994,,,,2,2023-06-20T02:35:16+00:00
SAO_8600-10,São Paulo,3550308,True,,34200,,,-23.5145555,-46.7001075,,,,2,2023-06-20T02:35:24+00:00
SAO_8600-10,São Paulo,3550308,True,,34200,,,-23.49102025,-46.70991,,,,2,2023-06-20T02:35:06+00:00
SAO_8300-1,São Paulo,3550308,True,,2507,,,-23.520177500000003,-46.700295499999996,,,,1,2023-06-20T02:35:20+00:00
SAO_3791-10,São Paulo,3550308,True,,1069,,,-23.540525875,-46.486177125,,,,1,2023-06-20T02:35:25+00:00
SAO_3791-10,São Paulo,3550308,True,,1069,,,-23.5419325,-46.484893125,,,,1,2023-06-20T02:35:10+00:00
SAO_3791-10,São Paulo,3550308,True,,1069,,,-23.5496535,-46.507453,,,,1,2023-06-20T02:35:27+00:00
SAO_3791-10,São Paulo,3550308,True,,1069,,,-23.5419325,-46.484893125,,,,1,2023-06-20T02:34:52+00:00
SAO_407M-10,São Paulo,3550308,True,,33086,,,-23.578058,-46.62138875,,,,2,2023-06-20T02:35:28+00:00
SAO_6L05-10,São Paulo,3550308,True,,1173,,,-23.828203,-46.726499000000004,,,,1,2023-06-20T02:35:22+00:00
SAO_6L05-10,São Paulo,3550308,True,,1173,,,-23.828203,-46.726499000000004,,,,1,2023-06-20T02:34:57+00:00
SAO_5020-10,São Paulo,3550308,True,,1670,,,-23.610079,-46.59373050000001,,,,1,2023-06-20T02:35:35+00:00
SAO_5020-10,São Paulo,3550308,True,,1670,,,-23.600096999999998,-46.600260999999996,,,,1,2023-06-20T02:35:16+00:00
SAO_5020-10,São Paulo,3550308,True,,1670,,,-23.610079,-46.59373050000001,,,,1,2023-06-20T02:35:30+00:00
SAO_8029-10,São Paulo,3550308,True,,2540,,,-23.58615225,-46.72433125,,,,1,2023-06-20T02:35:27+00:00
SAO_8029-10,São Paulo,3550308,True,,2540,,,-23.615317500000003,-46.73419225,,,,1,2023-06-20T02:35:11+00:00
SAO_8029-10,São Paulo,3550308,True,,2540,,,-23.608549500000002,-46.72601325000001,,,,1,2023-06-20T02:35:37+00:00
SAO_8029-10,São Paulo,3550308,True,,2540,,,-23.6149904375,-46.745159687500006,,,,1,2023-06-20T02:35:20+00:00
SAO_1177-31,São Paulo,3550308,True,,34599,,,-23.519024125,-46.475913874999996,,,,2,2023-06-20T02:35:15+00:00
SAO_5028-10,São Paulo,3550308,True,,1634,,,-23.582403375,-46.606804875,,,,1,2023-06-20T02:35:34+00:00
SAO_5028-10,São Paulo,3550308,True,,1634,,,-23.610139187500003,-46.587691750000005,,,,1,2023-06-20T02:34:55+00:00
SAO_7903-10,São Paulo,3550308,True,,512,,,-23.583980500000003,-46.780454,,,,1,2023-06-20T02:35:14+00:00
SAO_7903-10,São Paulo,3550308,True,,512,,,-23.55553325,-46.662593,,,,1,2023-06-20T02:35:29+00:00
SAO_3742-10,São Paulo,3550308,True,,1042,,,-23.5528555,-46.445980500000005,,,,1,2023-06-20T02:35:10+00:00
SAO_3742-10,São Paulo,3550308,True,,1042,,,-23.594568000000002,-46.442451,,,,1,2023-06-20T02:35:06+00:00
SAO_6053-10,São Paulo,3550308,True,,33913,,,-23.767863,-46.661317499999996,,,,2,2023-06-20T02:35:19+00:00
SAO_6053-10,São Paulo,3550308,True,,33913,,,-23.748095499999998,-46.68762275,,,,2,2023-06-20T02:35:07+00:00
SAO_6053-10,São Paulo,3550308,True,,33913,,,-23.764042375,-46.676227,,,,2,2023-06-20T02:35:16+00:00
SAO_6051-31,São Paulo,3550308,True,,1606,,,-23.762837625000003,-46.699576875000005,,,,1,2023-06-20T02:35:33+00:00
SAO_8020-10,São Paulo,3550308,True,,1726,,,-23.584252,-46.738727499999996,,,,1,2023-06-20T02:35:23+00:00
SAO_4052-10,São Paulo,3550308,True,,2145,,,-23.542498000000002,-46.471391499999996,,,,1,2023-06-20T02:32:28+00:00
SAO_4052-10,São Paulo,3550308,True,,2145,,,-23.52720425,-46.445797,,,,1,2023-06-20T02:35:21+00:00
SAO_354M-10,São Paulo,3550308,True,,1619,,,-23.5398345,-46.450053749999995,,,,1,2023-06-20T02:35:24+00:00
SAO_354M-10,São Paulo,3550308,True,,1619,,,-23.5949345,-46.4502235,,,,1,2023-06-20T02:35:10+00:00
SAO_7016-10,São Paulo,3550308,True,,34886,,,-23.689178,-46.7588025,,,,2,2023-06-20T02:33:37+00:00
SAO_7016-10,São Paulo,3550308,True,,34886,,,-23.667147,-46.726717,,,,2,2023-06-20T02:35:35+00:00
SAO_7016-10,São Paulo,3550308,True,,34886,,,-23.6886205,-46.77281625,,,,2,2023-06-20T02:35:17+00:00
SAO_7016-10,São Paulo,3550308,True,,34886,,,-23.6886205,-46.77281625,,,,2,2023-06-20T02:35:22+00:00
SAO_7016-10,São Paulo,3550308,True,,34886,,,-23.688845375,-46.77301675,,,,2,2023-06-20T02:35:18+00:00
SAO_2104-10,São Paulo,3550308,True,,35023,,,-23.51223775,-46.624915,,,,2,2023-06-20T02:35:10+00:00
SAO_2104-10,São Paulo,3550308,True,,35023,,,-23.503036,-46.624043,,,,2,2023-06-20T02:35:21+00:00
SAO_2104-10,São Paulo,3550308,True,,35023,,,-23.502574,-46.624022999999994,,,,2,2023-06-20T02:35:26+00:00
SAO_2104-10,São Paulo,3550308,True,,35023,,,-23.502102999999998,-46.624000499999994,,,,2,2023-06-20T02:35:04+00:00
SAO_809H-10,São Paulo,3550308,True,,2245,,,-23.5483175,-46.73718725,,,,1,2023-06-20T02:35:05+00:00
SAO_809H-10,São Paulo,3550308,True,,2245,,,-23.580671000000002,-46.794031000000004,,,,1,2023-06-20T02:35:21+00:00
SAO_809H-10,São Paulo,3550308,True,,2245,,,-23.580671000000002,-46.794031000000004,,,,1,2023-06-20T02:35:04+00:00
SAO_809H-10,São Paulo,3550308,True,,2245,,,-23.558301999999998,-46.746314999999996,,,,1,2023-06-20T02:35:03+00:00
SAO_8300-1,São Paulo,3550308,True,,35275,,,-23.520215999999998,-46.700196000000005,,,,2,2023-06-20T02:34:51+00:00
SAO_7267-10,São Paulo,3550308,True,,34195,,,-23.5546425,-46.663935499999994,,,,2,2023-06-20T02:34:56+00:00
SAO_7267-10,São Paulo,3550308,True,,34195,,,-23.53661,-46.6775025,,,,2,2023-06-20T02:35:17+00:00
SAO_7267-10,São Paulo,3550308,True,,34195,,,-23.53661,-46.6775025,,,,2,2023-06-20T02:35:21+00:00
SAO_6051-10,São Paulo,3550308,True,,33911,,,-23.7628215,-46.688933500000005,,,,2,2023-06-20T02:35:22+00:00
SAO_6051-10,São Paulo,3550308,True,,33911,,,-23.772309999999997,-46.709848,,,,2,2023-06-20T02:35:27+00:00
SAO_476A-10,São Paulo,3550308,True,,304,,,-23.61628925,-46.680431,,,,1,2023-06-20T02:35:01+00:00
SAO_476A-10,São Paulo,3550308,True,,304,,,-23.601817750000002,-46.6210835,,,,1,2023-06-20T02:35:08+00:00
SAO_476A-10,São Paulo,3550308,True,,304,,,-23.577993499999998,-46.6019005,,,,1,2023-06-20T02:35:25+00:00
SAO_8500-10,São Paulo,3550308,True,,34035,,,-23.506769499999997,-46.705805999999995,,,,2,2023-06-20T02:35:26+00:00
SAO_8500-10,São Paulo,3550308,True,,34035,,,-23.48801675,-46.71355925,,,,2,2023-06-20T02:35:30+00:00
SAO_8500-10,São Paulo,3550308,True,,34035,,,-23.51377175,-46.7025705,,,,2,2023-06-20T02:34:57+00:00
SAO_3160-10,São Paulo,3550308,True,EMTU,125,https://moovitapp.com/index/pt-br/transporte_p%C3%BAblico-line-125-Sao_Paulo-242-2038937-36419283-0,5.15,-23.573725,-46.5874805,,,,1,2023-06-20T02:35:17+00:00
SAO_3160-10,São Paulo,3550308,True,EMTU,125,https://moovitapp.com/index/pt-br/transporte_p%C3%BAblico-line-125-Sao_Paulo-242-2038937-36419283-0,5.15,-23.583404,-46.5847885,,,,1,2023-06-20T02:35:16+00:00
SAO_3160-10,São Paulo,3550308,True,EMTU,125,https://moovitapp.com/index/pt-br/transporte_p%C3%BAblico-line-125-Sao_Paulo-242-2038937-36419283-0,5.15,-23.55320125,-46.605983249999994,,,,1,2023-06-20T02:35:09+00:00
SAO_3160-10,São Paulo,3550308,True,EMTU,125,https://moovitapp.com/index/pt-br/transporte_p%C3%BAblico-line-125-Sao_Paulo-242-2038937-36419283-0,5.15,-23.5463875,-46.630173,,,,1,2023-06-20T02:35:17+00:00
SAO_425E-10,São Paulo,3550308,True,,34404,,,-23.613987,-46.5014315,,,,2,2023-06-20T02:35:17+00:00
SAO_5362-23,São Paulo,3550308,True,,1860,,,-23.748272749999998,-46.6660865,,,,1,2023-06-20T02:35:31+00:00
SAO_5362-23,São Paulo,3550308,True,,1860,,,-23.686492,-46.7144655,,,,1,2023-06-20T02:35:33+00:00
SAO_5362-23,São Paulo,3550308,True,,1860,,,-23.744477500000002,-46.6712645,,,,1,2023-06-20T02:35:19+00:00
SAO_6418-10,São Paulo,3550308,True,,771,,,-23.610416,-46.704665500000004,,,,1,2023-06-20T02:35:32+00:00
SAO_6418-10,São Paulo,3550308,True,,771,,,-23.61559125,-46.702129625,,,,1,2023-06-20T02:35:14+00:00
SAO_6418-10,São Paulo,3550308,True,,771,,,-23.6076155,-46.69246325,,,,1,2023-06-20T02:35:30+00:00
SAO_2590-10,São Paulo,3550308,True,,912,,,-23.5388835,-46.605918,,,,1,2023-06-20T02:35:20+00:00
SAO_2590-10,São Paulo,3550308,True,,912,,,-23.535182374999998,-46.58226225,,,,1,2023-06-20T02:35:30+00:00
SAO_2590-10,São Paulo,3550308,True,,912,,,-23.546543999999997,-46.631561000000005,,,,1,2023-06-20T02:35:04+00:00
SAO_2590-10,São Paulo,3550308,True,,912,,,-23.4840595,-46.489648,,,,1,2023-06-20T02:31:07+00:00
SAO_2590-10,São Paulo,3550308,True,,912,,,-23.4829785,-46.467121,,,,1,2023-06-20T02:30:33+00:00
SAO_5143-10,São Paulo,3550308,True,,1628,,,-23.614242,-46.501176,,,,1,2023-06-20T02:35:33+00:00
SAO_5143-10,São Paulo,3550308,True,,1628,,,-23.614242,-46.501176,,,,1,2023-06-20T02:35:33+00:00
SAO_6046-10,São Paulo,3550308,True,,33991,,,-23.684154999999997,-46.7816525,,,,2,2023-06-20T02:34:53+00:00
SAO_6046-10,São Paulo,3550308,True,,33991,,,-23.641527,-46.716401125000004,,,,2,2023-06-20T02:35:09+00:00
SAO_6046-10,São Paulo,3550308,True,,33991,,,-23.68424,-46.781687000000005,,,,2,2023-06-20T02:35:30+00:00
SAO_6046-10,São Paulo,3550308,True,,33991,,,-23.6494235,-46.7513295,,,,2,2023-06-20T02:35:37+00:00
SAO_6049-10,São Paulo,3550308,True,,34077,,,-23.69435,-46.794564,,,,2,2023-06-20T02:35:25+00:00
SAO_6049-10,São Paulo,3550308,True,,34077,,,-23.685346,-46.800567,,,,2,2023-06-20T02:34:58+00:00
SAO_6049-10,São Paulo,3550308,True,,34077,,,-23.694253,-46.793887,,,,2,2023-06-20T02:35:30+00:00
SAO_6049-10,São Paulo,3550308,True,,34077,,,-23.64450025,-46.7264155,,,,2,2023-06-20T02:35:02+00:00
SAO_6049-10,São Paulo,3550308,True,,34077,,,-23.659520999999998,-46.766727,,,,2,2023-06-20T02:35:17+00:00
SAO_6049-10,São Paulo,3550308,True,,34077,,,-23.6943805,-46.793962,,,,2,2023-06-20T02:35:12+00:00
SAO_978J-10,São Paulo,3550308,True,EMTU,591,https://moovitapp.com/index/pt-br/transporte_p%C3%BAblico-line-591-Sao_Paulo-242-2038937-36419577-0,5.4,-23.53506275,-46.644746999999995,,,,1,2023-06-20T02:35:33+00:00
SAO_978J-10,São Paulo,3550308,True,EMTU,591,https://moovitapp.com/index/pt-br/transporte_p%C3%BAblico-line-591-Sao_Paulo-242-2038937-36419577-0,5.4,-23.451756,-46.7192715,,,,1,2023-06-20T02:35:04+00:00
SAO_978J-10,São Paulo,3550308,True,EMTU,591,https://moovitapp.com/index/pt-br/transporte_p%C3%BAblico-line-591-Sao_Paulo-242-2038937-36419577-0,5.4,-23.52385225,-46.698935250000005,,,,1,2023-06-20T02:35:09+00:00
SAO_1732-10,São Paulo,3550308,True,,33439,,,-23.4832875,-46.585381,,,,2,2023-06-20T02:35:23+00:00
SAO_1732-10,São Paulo,3550308,True,,33439,,,-23.487230500000003,-46.574059500000004,,,,2,2023-06-20T02:35:00+00:00
SAO_1732-10,São Paulo,3550308,True,,33439,,,-23.495252999999998,-46.610783,,,,2,2023-06-20T02:35:25+00:00
SAO_1732-10,São Paulo,3550308,True,,33439,,,-23.504194,-46.626874,,,,2,2023-06-20T02:35:17+00:00
SAO_1732-10,São Paulo,3550308,True,,33439,,,-23.487555999999998,-46.5742625,,,,2,2023-06-20T02:35:02+00:00
SAO_213E-10,São Paulo,3550308,True,,2498,,,-23.52717275,-46.594234,,,,1,2023-06-20T02:33:35+00:00
SAO_817C-10,São Paulo,3550308,True,,34105,,,-23.5216915,-46.7010605,,,,2,2023-06-20T02:34:52+00:00
SAO_817C-10,São Paulo,3550308,True,,34105,,,-23.5216755,-46.701507,,,,2,2023-06-20T02:35:17+00:00
SAO_817C-10,São Paulo,3550308,True,,34105,,,-23.55246,-46.67460725,,,,2,2023-06-20T02:35:29+00:00
SAO_6813-10,São Paulo,3550308,True,,32801,,,-23.668012249999997,-46.764174,,,,2,2023-06-20T02:35:21+00:00
SAO_6813-10,São Paulo,3550308,True,,32801,,,-23.667551000000003,-46.7649435,,,,2,2023-06-20T02:35:29+00:00
SAO_273L-10,São Paulo,3550308,True,,224,,,-23.512411999999998,-46.427406,,,,1,2023-06-20T02:34:53+00:00
SAO_273L-10,São Paulo,3550308,True,,224,,,-23.5364515,-46.473638,,,,1,2023-06-20T02:35:30+00:00
SAO_5024-10,São Paulo,3550308,True,,33890,,,-23.689408999999998,-46.6492585,,,,2,2023-06-20T02:35:27+00:00
SAO_5024-10,São Paulo,3550308,True,,33890,,,-23.653215125000003,-46.702096749999995,,,,2,2023-06-20T02:34:58+00:00
SAO_5024-10,São Paulo,3550308,True,,33890,,,-23.675183750000002,-46.6859125,,,,2,2023-06-20T02:34:52+00:00
SAO_5024-10,São Paulo,3550308,True,,33890,,,-23.68119275,-46.663385,,,,2,2023-06-20T02:35:14+00:00
SAO_6812-10,São Paulo,3550308,True,,34010,,,-23.73195075,-46.790341,,,,2,2023-06-20T02:35:31+00:00
SAO_6812-10,São Paulo,3550308,True,,34010,,,-23.6901525,-46.774198999999996,,,,2,2023-06-20T02:34:55+00:00
SAO_6812-10,São Paulo,3550308,True,,34010,,,-23.652938749999997,-46.701730749999996,,,,2,2023-06-20T02:35:30+00:00
SAO_6812-10,São Paulo,3550308,True,,34010,,,-23.688845375,-46.77301675,,,,2,2023-06-20T02:35:36+00:00
SAO_6812-10,São Paulo,3550308,True,,34010,,,-23.73195075,-46.790341,,,,2,2023-06-20T02:34:56+00:00
SAO_1720-21,São Paulo,3550308,True,,1937,,,-23.48203675,-46.574519249999994,,,,1,2023-06-20T02:34:52+00:00
SAO_1788-51,São Paulo,3550308,True,,654,,,-23.4312225,-46.5715855,,,,1,2023-06-20T02:34:52+00:00
SAO_7054-10,São Paulo,3550308,True,,32809,,,-23.651257,-46.7909195,,,,2,2023-06-20T02:35:35+00:00
SAO_9012-10,São Paulo,3550308,True,,1268,,,-23.4661715,-46.682623,,,,1,2023-06-20T02:35:22+00:00
SAO_9012-10,São Paulo,3550308,True,,1268,,,-23.47168525,-46.68244,,,,1,2023-06-20T02:35:01+00:00
SAO_4020-10,São Paulo,3550308,True,,2530,,,-23.594714,-46.443023,,,,1,2023-06-20T02:35:35+00:00
SAO_4020-10,São Paulo,3550308,True,,2530,,,-23.534623,-46.4529845,,,,1,2023-06-20T02:35:13+00:00
SAO_7062-31,São Paulo,3550308,True,,1914,,,-23.636881,-46.7787685,,,,1,2023-06-20T02:35:32+00:00
SAO_5021-10,São Paulo,3550308,True,,34435,,,-23.6071745,-46.616578000000004,,,,2,2023-06-20T02:35:33+00:00
SAO_5021-10,São Paulo,3550308,True,,34435,,,-23.6302405,-46.62586,,,,2,2023-06-20T02:35:27+00:00
SAO_3051-10,São Paulo,3550308,True,,2446,,,-23.4894375,-46.479335500000005,,,,1,2023-06-20T02:35:24+00:00
SAO_4721-10,São Paulo,3550308,True,,33105,,,-23.6470815,-46.639527,,,,2,2023-06-20T02:35:31+00:00
SAO_4721-10,São Paulo,3550308,True,,33105,,,-23.621927499999998,-46.6287995,,,,2,2023-06-20T02:35:36+00:00
SAO_4017-10,São Paulo,3550308,True,,2190,,,-23.5844465,-46.408930999999995,,,,1,2023-06-20T02:35:29+00:00
SAO_4017-10,São Paulo,3550308,True,,2190,,,-23.578679,-46.390685000000005,,,,1,2023-06-20T02:34:08+00:00
SAO_2727-10,São Paulo,3550308,True,,33710,,,-23.52475925,-46.4624565,,,,2,2023-06-20T02:35:35+00:00
SAO_6045-10,São Paulo,3550308,True,,1222,,,-23.6952255,-46.792977,,,,1,2023-06-20T02:35:33+00:00
SAO_6045-10,São Paulo,3550308,True,,1222,,,-23.6564535,-46.763021,,,,1,2023-06-20T02:35:12+00:00
SAO_6045-10,São Paulo,3550308,True,,1222,,,-23.68123,-46.783122000000006,,,,1,2023-06-20T02:35:29+00:00
SAO_211V-10,São Paulo,3550308,True,EMTU,154,https://moovitapp.com/index/pt-br/transporte_p%C3%BAblico-line-154-Sao_Paulo-242-2038937-36419300-0,6.8,-23.504686,-46.514089999999996,,,,1,2023-06-20T02:35:22+00:00
SAO_6037-10,São Paulo,3550308,True,,1215,,,-23.649607000000003,-46.707680499999995,,,,1,2023-06-20T02:35:24+00:00
SAO_6037-10,São Paulo,3550308,True,,1215,,,-23.64102075,-46.723828,,,,1,2023-06-20T02:34:53+00:00
SAO_6037-10,São Paulo,3550308,True,,1215,,,-23.660277999999998,-46.768888000000004,,,,1,2023-06-20T02:35:32+00:00
SAO_6037-10,São Paulo,3550308,True,,1215,,,-23.6493575,-46.7848365,,,,1,2023-06-20T02:35:33+00:00
SAO_1018-10,São Paulo,3550308,True,,832,,,-23.459870000000002,-46.62531250000001,,,,1,2023-06-20T02:35:34+00:00
SAO_1018-10,São Paulo,3550308,True,,832,,,-23.476971,-46.610569,,,,1,2023-06-20T02:34:56+00:00
SAO_714C-10,São Paulo,3550308,True,,487,,,-23.567515,-46.69430799999999,,,,1,2023-06-20T02:35:37+00:00
SAO_714C-10,São Paulo,3550308,True,,487,,,-23.601868250000003,-46.78341825,,,,1,2023-06-20T02:34:37+00:00
SAO_233C-10,São Paulo,3550308,True,,155,,,-23.55791275,-46.52086025,,,,1,2023-06-20T02:35:21+00:00
SAO_233C-10,São Paulo,3550308,True,,155,,,-23.518438,-46.4758375,,,,1,2023-06-20T02:35:24+00:00
SAO_233C-10,São Paulo,3550308,True,,155,,,-23.556135750000003,-46.56021375,,,,1,2023-06-20T02:35:35+00:00
SAO_233C-10,São Paulo,3550308,True,,155,,,-23.518345875,-46.47615025,,,,1,2023-06-20T02:34:59+00:00
SAO_390E-10,São Paulo,3550308,True,,34650,,,-23.521487,-46.54851825,,,,2,2023-06-20T02:35:19+00:00
SAO_390E-10,São Paulo,3550308,True,,34650,,,-23.540104,-46.611777249999996,,,,2,2023-06-20T02:35:21+00:00
SAO_390E-10,São Paulo,3550308,True,,34650,,,-23.541336,-46.614003499999995,,,,2,2023-06-20T02:35:30+00:00
SAO_6805-31,São Paulo,3550308,True,,1788,,,-23.661903000000002,-46.7520235,,,,1,2023-06-20T02:34:59+00:00
SAO_6805-31,São Paulo,3550308,True,,1788,,,-23.643871,-46.73386,,,,1,2023-06-20T02:35:25+00:00
SAO_6805-31,São Paulo,3550308,True,,1788,,,-23.6551175,-46.762319500000004,,,,1,2023-06-20T02:35:29+00:00
SAO_9011-21,São Paulo,3550308,True,,34536,,,-23.44571925,-46.731359749999996,,,,2,2023-06-20T02:35:08+00:00
SAO_9011-21,São Paulo,3550308,True,,34536,,,-23.446984,-46.7225025,,,,2,2023-06-20T02:34:55+00:00
SAO_9011-21,São Paulo,3550308,True,,34536,,,-23.454214999999998,-46.737634,,,,2,2023-06-20T02:35:14+00:00
SAO_6806-10,São Paulo,3550308,True,BR7 Mobilidade,32,https://moovitapp.com/index/pt-br/transporte_p%C3%BAblico-line-32-Sao_Paulo-242-851856-586488-0,5.75,-23.633603,-46.7580435,,,,1,2023-06-20T02:35:05+00:00
SAO_6806-10,São Paulo,3550308,True,BR7 Mobilidade,32,https://moovitapp.com/index/pt-br/transporte_p%C3%BAblico-line-32-Sao_Paulo-242-851856-586488-0,5.75,-23.6335975,-46.7578985,,,,1,2023-06-20T02:35:13+00:00
SAO_6806-10,São Paulo,3550308,True,BR7 Mobilidade,32,https://moovitapp.com/index/pt-br/transporte_p%C3%BAblico-line-32-Sao_Paulo-242-851856-586488-0,5.75,-23.644154,-46.733861000000005,,,,1,2023-06-20T02:35:07+00:00
SAO_6022-10,São Paulo,3550308,True,,33975,,,-23.6922445,-46.7772405,,,,2,2023-06-20T02:35:11+00:00
SAO_6022-10,São Paulo,3550308,True,,33975,,,-23.728424,-46.7823315,,,,2,2023-06-20T02:35:28+00:00
SAO_119L-10,São Paulo,3550308,True,,2273,,,-23.522025,-46.718462,,,,1,2023-06-20T02:35:25+00:00
SAO_805L-10,São Paulo,3550308,True,,32892,,,-23.5339545,-46.64443,,,,2,2023-06-20T02:35:32+00:00
SAO_805L-10,São Paulo,3550308,True,,32892,,,-23.5450535,-46.65737125,,,,2,2023-06-20T02:35:25+00:00
SAO_809V-10,São Paulo,3550308,True,,35011,,,-23.576327,-46.7327845,,,,2,2023-06-20T02:35:13+00:00
SAO_809V-10,São Paulo,3550308,True,,35011,,,-23.5763605,-46.732949500000004,,,,2,2023-06-20T02:34:56+00:00
SAO_809V-10,São Paulo,3550308,True,,35011,,,-23.5763875,-46.733256,,,,2,2023-06-20T02:35:31+00:00
SAO_2020-10,São Paulo,3550308,True,,35030,,,-23.457949125,-46.6165115,,,,2,2023-06-20T02:35:06+00:00
SAO_2020-10,São Paulo,3550308,True,,35030,,,-23.4593665,-46.632753,,,,2,2023-06-20T02:33:04+00:00
SAO_1738-10,São Paulo,3550308,True,,33440,,,-23.5050125,-46.621499,,,,2,2023-06-20T02:35:22+00:00
SAO_1738-10,São Paulo,3550308,True,,33440,,,-23.481396,-46.59774575,,,,2,2023-06-20T02:34:55+00:00
SAO_1738-10,São Paulo,3550308,True,,33440,,,-23.4735475,-46.581099,,,,2,2023-06-20T02:35:31+00:00
SAO_1738-10,São Paulo,3550308,True,,33440,,,-23.4735475,-46.581099,,,,2,2023-06-20T02:35:08+00:00
SAO_1738-10,São Paulo,3550308,True,,33440,,,-23.4729485,-46.58235725,,,,2,2023-06-20T02:33:23+00:00
SAO_6073-10,São Paulo,3550308,True,,1160,,,-23.7675415,-46.716446000000005,,,,1,2023-06-20T02:34:57+00:00
SAO_6073-10,São Paulo,3550308,True,,1160,,,-23.817985,-46.734176500000004,,,,1,2023-06-20T02:35:36+00:00
SAO_6073-10,São Paulo,3550308,True,,1160,,,-23.779435499999998,-46.72487,,,,1,2023-06-20T02:35:02+00:00
SAO_6073-10,São Paulo,3550308,True,,1160,,,-23.7676985,-46.716468500000005,,,,1,2023-06-20T02:35:27+00:00
SAO_6073-10,São Paulo,3550308,True,,1160,,,-23.8266425,-46.7301285,,,,1,2023-06-20T02:35:15+00:00
SAO_3901-10,São Paulo,3550308,True,,34237,,,-23.5131725,-46.5166255,,,,2,2023-06-20T02:35:15+00:00
SAO_3901-10,São Paulo,3550308,True,,34237,,,-23.4987395,-46.50209475,,,,2,2023-06-20T02:35:13+00:00
SAO_3901-10,São Paulo,3550308,True,,34237,,,-23.4987395,-46.50209475,,,,2,2023-06-20T02:34:38+00:00
SAO_971R-42,São Paulo,3550308,True,,616,,,-23.436289,-46.7395915,,,,1,2023-06-20T02:35:05+00:00
SAO_971R-42,São Paulo,3550308,True,,616,,,-23.472089625,-46.673646500000004,,,,1,2023-06-20T02:35:23+00:00
SAO_6006-10,São Paulo,3550308,True,,32943,,,-23.681103,-46.7494415,,,,2,2023-06-20T02:32:41+00:00
SAO_6006-10,São Paulo,3550308,True,,32943,,,-23.660473500000002,-46.70404125,,,,2,2023-06-20T02:34:54+00:00
SAO_4725-10,São Paulo,3550308,True,,33106,,,-23.6335525,-46.6141865,,,,2,2023-06-20T02:35:21+00:00
SAO_4725-10,São Paulo,3550308,True,,33106,,,-23.6151055,-46.617372,,,,2,2023-06-20T02:35:21+00:00
SAO_9166-10,São Paulo,3550308,True,,33475,,,-23.461539000000002,-46.665962,,,,2,2023-06-20T02:34:51+00:00
SAO_2762-10,São Paulo,3550308,True,,144,,,-23.499812750000004,-46.528364374999995,,,,1,2023-06-20T02:35:29+00:00
SAO_2762-10,São Paulo,3550308,True,,144,,,-23.486059500000003,-46.476583000000005,,,,1,2023-06-20T02:35:16+00:00
SAO_775N-10,São Paulo,3550308,True,,33242,,,-23.535593,-46.711124,,,,2,2023-06-20T02:34:55+00:00
SAO_775N-10,São Paulo,3550308,True,,33242,,,-23.566626,-46.753339,,,,2,2023-06-20T02:35:17+00:00
SAO_775N-10,São Paulo,3550308,True,,33242,,,-23.5767655,-46.7657605,,,,2,2023-06-20T02:34:56+00:00
SAO_1759-10,São Paulo,3550308,True,,33321,,,-23.46858425,-46.63063425,,,,2,2023-06-20T02:32:24+00:00
SAO_1759-10,São Paulo,3550308,True,,33321,,,-23.462498500000002,-46.659318999999996,,,,2,2023-06-20T02:35:25+00:00
SAO_1759-10,São Paulo,3550308,True,,33321,,,-23.462498500000002,-46.659318999999996,,,,2,2023-06-20T02:35:16+00:00
SAO_1759-10,São Paulo,3550308,True,,33321,,,-23.462498500000002,-46.659318999999996,,,,2,2023-06-20T02:35:08+00:00
SAO_8078-10,São Paulo,3550308,True,,34848,,,-23.62616525,-46.7615915,,,,2,2023-06-20T02:35:20+00:00
SAO_8078-10,São Paulo,3550308,True,,34848,,,-23.64895,-46.750393,,,,2,2023-06-20T02:35:24+00:00
SAO_8078-10,São Paulo,3550308,True,,34848,,,-23.6254655,-46.748518000000004,,,,2,2023-06-20T02:35:24+00:00
SAO_8078-10,São Paulo,3550308,True,,34848,,,-23.625425999999997,-46.7482945,,,,2,2023-06-20T02:35:10+00:00
SAO_5362-41,São Paulo,3550308,True,,32840,,,-23.742515,-46.6656395,,,,2,2023-06-20T02:35:13+00:00
SAO_5362-41,São Paulo,3550308,True,,32840,,,-23.7387765,-46.6917775,,,,2,2023-06-20T02:34:28+00:00
SAO_5362-41,São Paulo,3550308,True,,32840,,,-23.745690500000002,-46.664229500000005,,,,2,2023-06-20T02:35:26+00:00
SAO_701H-10,São Paulo,3550308,True,,35326,,,-23.705015250000002,-46.742442,,,,2,2023-06-20T02:35:22+00:00
SAO_2031-10,São Paulo,3550308,True,EMTU,367,https://moovitapp.com/index/pt-br/transporte_p%C3%BAblico-line-367-Sao_Paulo-242-2038937-36419446-0,4.9,-23.5182095,-46.475659,,,,1,2023-06-20T02:34:51+00:00
SAO_2031-10,São Paulo,3550308,True,EMTU,367,https://moovitapp.com/index/pt-br/transporte_p%C3%BAblico-line-367-Sao_Paulo-242-2038937-36419446-0,4.9,-23.495707000000003,-46.403454999999994,,,,1,2023-06-20T02:35:28+00:00
SAO_6258-31,São Paulo,3550308,True,,34551,,,-23.6779645,-46.7482445,,,,2,2023-06-20T02:35:01+00:00
SAO_1720-21,São Paulo,3550308,True,,34705,,,-23.4873335,-46.574318500000004,,,,2,2023-06-20T02:35:27+00:00
SAO_1720-21,São Paulo,3550308,True,,34705,,,-23.4873335,-46.574318500000004,,,,2,2023-06-20T02:35:09+00:00
SAO_1720-21,São Paulo,3550308,True,,34705,,,-23.480821499999998,-46.6035315,,,,2,2023-06-20T02:35:00+00:00
SAO_1720-21,São Paulo,3550308,True,,34705,,,-23.480093500000002,-46.585568499999994,,,,2,2023-06-20T02:35:10+00:00
SAO_1720-21,São Paulo,3550308,True,,34705,,,-23.487143500000002,-46.57385,,,,2,2023-06-20T02:35:02+00:00
SAO_1720-21,São Paulo,3550308,True,,34705,,,-23.487143500000002,-46.57385,,,,2,2023-06-20T02:35:36+00:00
SAO_874T-10,São Paulo,3550308,True,EMTU,307,https://moovitapp.com/index/pt-br/transporte_p%C3%BAblico-line-307-Sao_Paulo-242-2038937-36419399-0,5.2,-23.5318675,-46.660607,,,,1,2023-06-20T02:35:16+00:00
SAO_874T-10,São Paulo,3550308,True,EMTU,307,https://moovitapp.com/index/pt-br/transporte_p%C3%BAblico-line-307-Sao_Paulo-242-2038937-36419399-0,5.2,-23.587886,-46.6297085,,,,1,2023-06-20T02:35:22+00:00
SAO_809U-21,São Paulo,3550308,True,,35075,,,-23.530642999999998,-46.6780485,,,,2,2023-06-20T02:35:22+00:00
SAO_809U-21,São Paulo,3550308,True,,35075,,,-23.546547500000003,-46.692297999999994,,,,2,2023-06-20T02:35:35+00:00
SAO_809U-21,São Paulo,3550308,True,,35075,,,-23.5266615,-46.6675825,,,,2,2023-06-20T02:35:34+00:00
SAO_5034-10,São Paulo,3550308,True,,1663,,,-23.6029585,-46.601618,,,,1,2023-06-20T02:34:57+00:00
SAO_5034-10,São Paulo,3550308,True,,1663,,,-23.653462500000003,-46.6025525,,,,1,2023-06-20T02:35:16+00:00
SAO_5034-10,São Paulo,3550308,True,,1663,,,-23.63464875,-46.599733,,,,1,2023-06-20T02:35:21+00:00
SAO_5034-10,São Paulo,3550308,True,,1663,,,-23.653462500000003,-46.6025525,,,,1,2023-06-20T02:34:56+00:00
SAO_6001-10,São Paulo,3550308,True,,32820,,,-23.654486499999997,-46.7150675,,,,2,2023-06-20T02:35:27+00:00
SAO_6001-10,São Paulo,3550308,True,,32820,,,-23.6448075,-46.717691,,,,2,2023-06-20T02:35:08+00:00
SAO_6001-10,São Paulo,3550308,True,,32820,,,-23.654408500000002,-46.762060999999996,,,,2,2023-06-20T02:35:10+00:00
SAO_6035-21,São Paulo,3550308,True,,34563,,,-23.712549,-46.7702545,,,,2,2023-06-20T02:35:25+00:00
SAO_6035-21,São Paulo,3550308,True,,34563,,,-23.7224935,-46.77039,,,,2,2023-06-20T02:35:21+00:00
SAO_6035-21,São Paulo,3550308,True,,34563,,,-23.684614,-46.736576,,,,2,2023-06-20T02:35:18+00:00
SAO_2201-10,São Paulo,3550308,True,,33677,,,-23.534115999999997,-46.399097999999995,,,,2,2023-06-20T02:35:01+00:00
SAO_2201-10,São Paulo,3550308,True,,33677,,,-23.541739999999997,-46.4162575,,,,2,2023-06-20T02:34:53+00:00
SAO_4706-10,São Paulo,3550308,True,,299,,,-23.65051225,-46.6007155,,,,1,2023-06-20T02:34:55+00:00
SAO_6L10-10,São Paulo,3550308,True,,33927,,,-23.812707,-46.7525455,,,,2,2023-06-20T02:34:54+00:00
SAO_6L10-10,São Paulo,3550308,True,,33927,,,-23.7721665,-46.7195685,,,,2,2023-06-20T02:35:23+00:00
SAO_2101-10,São Paulo,3550308,True,,714,,,-23.5452085,-46.5756095,,,,1,2023-06-20T02:35:15+00:00
SAO_272N-10,São Paulo,3550308,True,,705,,,-23.53741275,-46.61903375,,,,1,2023-06-20T02:34:42+00:00
SAO_272N-10,São Paulo,3550308,True,,705,,,-23.521624,-46.56174025,,,,1,2023-06-20T02:32:51+00:00
SAO_8007-10,São Paulo,3550308,True,,1257,,,-23.476519,-46.739799500000004,,,,1,2023-06-20T02:35:28+00:00
SAO_4053-10,São Paulo,3550308,True,,34914,,,-23.5592195,-46.399505500000004,,,,2,2023-06-20T02:35:25+00:00
SAO_4053-10,São Paulo,3550308,True,,34914,,,-23.5591695,-46.3996545,,,,2,2023-06-20T02:35:04+00:00
SAO_958P-10,São Paulo,3550308,True,,465,,,-23.484706000000003,-46.747659999999996,,,,1,2023-06-20T02:34:57+00:00
SAO_958P-10,São Paulo,3550308,True,,465,,,-23.57569125,-46.68797775,,,,1,2023-06-20T02:34:55+00:00
SAO_958P-10,São Paulo,3550308,True,,465,,,-23.59616325,-46.691351,,,,1,2023-06-20T02:35:26+00:00
SAO_958P-10,São Paulo,3550308,True,,465,,,-23.508048000000002,-46.7477065,,,,1,2023-06-20T02:35:00+00:00
SAO_3756-10,São Paulo,3550308,True,,33818,,,-23.5635865,-46.417832000000004,,,,2,2023-06-20T02:35:29+00:00
SAO_3756-10,São Paulo,3550308,True,,33818,,,-23.568642,-46.4014855,,,,2,2023-06-20T02:33:18+00:00
SAO_3756-10,São Paulo,3550308,True,,33818,,,-23.58832,-46.3906595,,,,2,2023-06-20T02:34:43+00:00
SAO_3756-10,São Paulo,3550308,True,,33818,,,-23.586335124999998,-46.390690875000004,,,,2,2023-06-20T02:35:05+00:00
SAO_3756-10,São Paulo,3550308,True,,33818,,,-23.542569,-46.471864499999995,,,,2,2023-06-20T02:35:28+00:00
SAO_3756-10,São Paulo,3550308,True,,33818,,,-23.5636665,-46.423936,,,,2,2023-06-20T02:35:28+00:00
SAO_6057-10,São Paulo,3550308,True,,1148,,,-23.766551999999997,-46.7091615,,,,1,2023-06-20T02:30:02+00:00
SAO_6057-10,São Paulo,3550308,True,,1148,,,-23.7634515,-46.707218499999996,,,,1,2023-06-20T02:35:04+00:00
SAO_6057-10,São Paulo,3550308,True,,1148,,,-23.73850375,-46.69805125,,,,1,2023-06-20T02:35:27+00:00
SAO_6057-10,São Paulo,3550308,True,,1148,,,-23.766551999999997,-46.7091615,,,,1,2023-06-20T02:35:02+00:00
SAO_6057-10,São Paulo,3550308,True,,1148,,,-23.766551999999997,-46.7091615,,,,1,2023-06-20T02:35:06+00:00
SAO_6057-10,São Paulo,3550308,True,,1148,,,-23.766551999999997,-46.7091615,,,,1,2023-06-20T02:35:28+00:00
SAO_7053-22,São Paulo,3550308,True,,34664,,,-23.6451655,-46.789329499999994,,,,2,2023-06-20T02:35:05+00:00
SAO_7053-22,São Paulo,3550308,True,,34664,,,-23.638101499999998,-46.779722500000005,,,,2,2023-06-20T02:35:18+00:00
SAO_971T-10,São Paulo,3550308,True,,618,,,-23.492767125,-46.672793375,,,,1,2023-06-20T02:35:30+00:00
SAO_971T-10,São Paulo,3550308,True,,618,,,-23.500213125000002,-46.63244725,,,,1,2023-06-20T02:35:31+00:00
SAO_909T-10,São Paulo,3550308,True,,35024,,,-23.539745,-46.630792,,,,2,2023-06-20T02:34:52+00:00
SAO_178Y-10,São Paulo,3550308,True,,868,,,-23.4870245,-46.6239515,,,,1,2023-06-20T02:32:59+00:00
SAO_847J-10,São Paulo,3550308,True,,1342,,,-23.5238375,-46.7372275,,,,1,2023-06-20T02:34:51+00:00
SAO_847J-10,São Paulo,3550308,True,,1342,,,-23.446281,-46.7310125,,,,1,2023-06-20T02:35:32+00:00
SAO_2060-10,São Paulo,3550308,True,EMTU,134,https://moovitapp.com/index/pt-br/transporte_p%C3%BAblico-line-134-Sao_Paulo-242-2038937-36419287-0,5.2,-23.518321,-46.475637,,,,1,2023-06-20T02:35:31+00:00
SAO_888P-10,São Paulo,3550308,True,EMTU,454,https://moovitapp.com/index/pt-br/transporte_p%C3%BAblico-line-454-Sao_Paulo-242-2038937-36419497-0,5.25,-23.408456,-46.7408545,,,,1,2023-06-20T02:35:29+00:00
SAO_888P-10,São Paulo,3550308,True,EMTU,454,https://moovitapp.com/index/pt-br/transporte_p%C3%BAblico-line-454-Sao_Paulo-242-2038937-36419497-0,5.25,-23.44655375,-46.71710412499999,,,,1,2023-06-20T02:35:34+00:00
SAO_546J-31,São Paulo,3550308,True,,34783,,,-23.682956,-46.6637485,,,,2,2023-06-20T02:35:32+00:00
SAO_574C-10,São Paulo,3550308,True,,1639,,,-23.597153499999997,-46.5302245,,,,1,2023-06-20T02:32:52+00:00
SAO_4006-21,São Paulo,3550308,True,,35250,,,-23.59722475,-46.436351125,,,,2,2023-06-20T02:34:54+00:00
SAO_8705-10,São Paulo,3550308,True,,34840,,,-23.55165475,-46.657360749999995,,,,2,2023-06-20T02:35:10+00:00
SAO_8705-10,São Paulo,3550308,True,,34840,,,-23.566330999999998,-46.743863000000005,,,,2,2023-06-20T02:35:02+00:00
SAO_5178-10,São Paulo,3550308,True,,595,,,-23.558980000000002,-46.642120500000004,,,,1,2023-06-20T02:35:24+00:00
SAO_5178-10,São Paulo,3550308,True,,595,,,-23.598867249999998,-46.65066,,,,1,2023-06-20T02:35:11+00:00
SAO_2018-10,São Paulo,3550308,True,,33672,,,-23.5078946875,-46.4177933125,,,,2,2023-06-20T02:31:37+00:00
SAO_4093-10,São Paulo,3550308,True,,35216,,,-23.5909475,-46.4039135,,,,2,2023-06-20T02:29:23+00:00
SAO_4093-10,São Paulo,3550308,True,,35216,,,-23.588362874999998,-46.405933125,,,,2,2023-06-20T02:35:19+00:00
SAO_4093-10,São Paulo,3550308,True,,35216,,,-23.582877500000002,-46.40746899999999,,,,2,2023-06-20T02:35:34+00:00
SAO_4732-31,São Paulo,3550308,True,,34895,,,-23.6475205,-46.6008525,,,,2,2023-06-20T02:34:51+00:00
SAO_4732-31,São Paulo,3550308,True,,34895,,,-23.63024525,-46.602977249999995,,,,2,2023-06-20T02:35:30+00:00
SAO_4732-31,São Paulo,3550308,True,,34895,,,-23.6231898125,-46.63208725,,,,2,2023-06-20T02:35:17+00:00
SAO_4732-31,São Paulo,3550308,True,,34895,,,-23.647717,-46.6011795,,,,2,2023-06-20T02:35:07+00:00
SAO_7057-10,São Paulo,3550308,True,,34665,,,-23.64904925,-46.78534475,,,,2,2023-06-20T02:35:32+00:00
SAO_7057-10,São Paulo,3550308,True,,34665,,,-23.64922775,-46.78505225,,,,2,2023-06-20T02:35:04+00:00
SAO_6063-21,São Paulo,3550308,True,,34769,,,-23.7690195,-46.715415500000006,,,,2,2023-06-20T02:34:54+00:00
SAO_5391-22,São Paulo,3550308,True,,34546,,,-23.692036,-46.776298499999996,,,,2,2023-06-20T02:35:08+00:00
SAO_7725-10,São Paulo,3550308,True,EMTU,472,https://moovitapp.com/index/pt-br/transporte_p%C3%BAblico-line-472-Sao_Paulo-242-2038937-36419508-0,35.0,-23.5598025,-46.7111055,,,,1,2023-06-20T02:35:16+00:00
SAO_938P-10,São Paulo,3550308,True,,888,,,-23.4997915,-46.693145,,,,1,2023-06-20T02:35:10+00:00
SAO_938P-10,São Paulo,3550308,True,,888,,,-23.5308065,-46.677728,,,,1,2023-06-20T02:35:33+00:00
SAO_938P-10,São Paulo,3550308,True,,888,,,-23.52386675,-46.69844175,,,,1,2023-06-20T02:35:06+00:00
SAO_938P-10,São Paulo,3550308,True,,888,,,-23.4670235,-46.681218,,,,1,2023-06-20T02:35:15+00:00
SAO_9166-10,São Paulo,3550308,True,,707,,,-23.472319999999996,-46.6704065,,,,1,2023-06-20T02:34:56+00:00
SAO_2720-31,São Paulo,3550308,True,,34610,,,-23.493896,-46.4703065,,,,2,2023-06-20T02:34:56+00:00
SAO_2720-31,São Paulo,3550308,True,,34610,,,-23.491929125000002,-46.465975625,,,,2,2023-06-20T02:35:28+00:00
SAO_2720-31,São Paulo,3550308,True,,34610,,,-23.51972475,-46.513607,,,,2,2023-06-20T02:35:28+00:00
SAO_746R-10,São Paulo,3550308,True,,33558,,,-23.619056,-46.6969765,,,,2,2023-06-20T02:35:08+00:00
SAO_746R-10,São Paulo,3550308,True,,33558,,,-23.609810500000002,-46.705214,,,,2,2023-06-20T02:34:53+00:00
SAO_746R-10,São Paulo,3550308,True,,33558,,,-23.6104675,-46.7058285,,,,2,2023-06-20T02:35:08+00:00
SAO_2451-10,São Paulo,3550308,True,,32981,,,-23.516843,-46.489267999999996,,,,2,2023-06-20T02:35:32+00:00
SAO_8009-31,São Paulo,3550308,True,,1260,,,-23.447054,-46.727444000000006,,,,1,2023-06-20T02:35:27+00:00
SAO_771P-10,São Paulo,3550308,True,,33274,,,-23.59559,-46.7892075,,,,2,2023-06-20T02:35:00+00:00
SAO_771P-10,São Paulo,3550308,True,,33274,,,-23.60262,-46.795283,,,,2,2023-06-20T02:35:30+00:00
SAO_7281-10,São Paulo,3550308,True,,1334,,,-23.521652,-46.702393,,,,1,2023-06-20T02:35:22+00:00
SAO_709A-10,São Paulo,3550308,True,,34860,,,-23.5867315,-46.674197500000005,,,,2,2023-06-20T02:34:53+00:00
SAO_709A-10,São Paulo,3550308,True,,34860,,,-23.612644250000002,-46.6956455,,,,2,2023-06-20T02:34:59+00:00
SAO_2012-10,São Paulo,3550308,True,,2281,,,-23.520755375,-46.62540800000001,,,,1,2023-06-20T02:31:29+00:00
SAO_5100-10,São Paulo,3550308,True,,34138,,,-23.568078999999997,-46.649365,,,,2,2023-06-20T02:34:57+00:00
SAO_5100-10,São Paulo,3550308,True,,34138,,,-23.565869,-46.701094499999996,,,,2,2023-06-20T02:35:04+00:00
SAO_6L10-41,São Paulo,3550308,True,,2005,,,-23.7852855,-46.758782,,,,1,2023-06-20T02:34:35+00:00
SAO_9018-10,São Paulo,3550308,True,,1271,,,-23.4823615,-46.720662000000004,,,,1,2023-06-20T02:35:25+00:00
SAO_4006-21,São Paulo,3550308,True,,2482,,,-23.60908875,-46.434929249999996,,,,1,2023-06-20T02:35:01+00:00
SAO_3754-10,São Paulo,3550308,True,,1049,,,-23.542768,-46.41466525,,,,1,2023-06-20T02:35:11+00:00
SAO_3754-10,São Paulo,3550308,True,,1049,,,-23.56574725,-46.4032,,,,1,2023-06-20T02:34:47+00:00
SAO_3754-10,São Paulo,3550308,True,,1049,,,-23.534374,-46.453041999999996,,,,1,2023-06-20T02:35:35+00:00
SAO_3754-10,São Paulo,3550308,True,,1049,,,-23.542569999999998,-46.46953499999999,,,,1,2023-06-20T02:28:21+00:00
SAO_875C-1,São Paulo,3550308,True,,35278,,,-23.536882499999997,-46.719575,,,,2,2023-06-20T02:34:52+00:00
SAO_875C-1,São Paulo,3550308,True,,35278,,,-23.56120525,-46.6949085,,,,2,2023-06-20T02:35:04+00:00
SAO_875C-1,São Paulo,3550308,True,,35278,,,-23.520992749999998,-46.699836,,,,2,2023-06-20T02:35:15+00:00
SAO_875C-1,São Paulo,3550308,True,,35278,,,-23.597820500000005,-46.6497785,,,,2,2023-06-20T02:34:01+00:00
SAO_809D-10,São Paulo,3550308,True,,2068,,,-23.572109,-46.706032750000006,,,,1,2023-06-20T02:35:36+00:00
SAO_809D-10,São Paulo,3550308,True,,2068,,,-23.6016745,-46.787265500000004,,,,1,2023-06-20T02:34:54+00:00
SAO_7053-21,São Paulo,3550308,True,,1895,,,-23.642771,-46.786125,,,,1,2023-06-20T02:35:15+00:00
SAO_7053-21,São Paulo,3550308,True,,1895,,,-23.634906,-46.7754925,,,,1,2023-06-20T02:35:16+00:00
SAO_2709-31,São Paulo,3550308,True,,923,,,-23.52891075,-46.49439325,,,,1,2023-06-20T02:35:07+00:00
SAO_9300-10,São Paulo,3550308,True,EMTU,116,https://moovitapp.com/index/pt-br/transporte_p%C3%BAblico-line-116-Sao_Paulo-242-2038937-36419276-0,12.1,-23.53906225,-46.640638,,,,1,2023-06-20T02:35:36+00:00
SAO_9300-10,São Paulo,3550308,True,EMTU,116,https://moovitapp.com/index/pt-br/transporte_p%C3%BAblico-line-116-Sao_Paulo-242-2038937-36419276-0,12.1,-23.548018,-46.6316285,,,,1,2023-06-20T02:35:23+00:00
SAO_938L-10,São Paulo,3550308,True,,34136,,,-23.5005185,-46.68631524999999,,,,2,2023-06-20T02:35:06+00:00
SAO_297A-10,São Paulo,3550308,True,,34901,,,-23.493424500000003,-46.675837,,,,2,2023-06-20T02:35:18+00:00
SAO_297A-10,São Paulo,3550308,True,,34901,,,-23.5251275,-46.6660255,,,,2,2023-06-20T02:35:31+00:00
SAO_297A-10,São Paulo,3550308,True,,34901,,,-23.517923500000002,-46.678512749999996,,,,2,2023-06-20T02:35:09+00:00
SAO_297A-10,São Paulo,3550308,True,,34901,,,-23.4934605,-46.676176999999996,,,,2,2023-06-20T02:35:24+00:00
SAO_297A-10,São Paulo,3550308,True,,34901,,,-23.4934605,-46.676176999999996,,,,2,2023-06-20T02:35:33+00:00
SAO_1206-10,São Paulo,3550308,True,EMTU,842,https://moovitapp.com/index/pt-br/transporte_p%C3%BAblico-line-842-Sao_Paulo-242-2038937-36419605-0,7.15,-23.52285175,-46.59333325,,,,1,2023-06-20T02:35:12+00:00
SAO_9051-10,São Paulo,3550308,True,,34857,,,-23.5216755,-46.701507,,,,2,2023-06-20T02:34:57+00:00
SAO_9051-10,São Paulo,3550308,True,,34857,,,-23.549226750000003,-46.709445125,,,,2,2023-06-20T02:35:06+00:00
SAO_342N-10,São Paulo,3550308,True,,1003,,,-23.563197,-46.3939975,,,,1,2023-06-20T02:34:54+00:00
SAO_342N-10,São Paulo,3550308,True,,1003,,,-23.53482375,-46.452111,,,,1,2023-06-20T02:35:19+00:00
SAO_342N-10,São Paulo,3550308,True,,1003,,,-23.565137,-46.3967705,,,,1,2023-06-20T02:35:20+00:00
SAO_342N-10,São Paulo,3550308,True,,1003,,,-23.537591749999997,-46.427231500000005,,,,1,2023-06-20T02:35:03+00:00
SAO_342C-10,São Paulo,3550308,True,,1002,,,-23.56284025,-46.49820875,,,,1,2023-06-20T02:35:36+00:00
SAO_342C-10,São Paulo,3550308,True,,1002,,,-23.52210025,-46.523883,,,,1,2023-06-20T02:35:08+00:00
SAO_6003-21,São Paulo,3550308,True,,2576,,,-23.766613,-46.71643,,,,1,2023-06-20T02:35:04+00:00
SAO_6003-21,São Paulo,3550308,True,,2576,,,-23.766613,-46.71643,,,,1,2023-06-20T02:35:29+00:00
SAO_6003-21,São Paulo,3550308,True,,2576,,,-23.7602035,-46.715213000000006,,,,1,2023-06-20T02:34:48+00:00
SAO_3141-10,São Paulo,3550308,True,,33502,,,-23.54641,-46.630284,,,,2,2023-06-20T02:35:01+00:00
SAO_3141-10,São Paulo,3550308,True,,33502,,,-23.603231,-46.5100695,,,,2,2023-06-20T02:35:28+00:00
SAO_3141-10,São Paulo,3550308,True,,33502,,,-23.5566625,-46.5781225,,,,2,2023-06-20T02:35:11+00:00
SAO_675L-10,São Paulo,3550308,True,,34246,,,-23.650494000000002,-46.7072335,,,,2,2023-06-20T02:35:07+00:00
SAO_675L-10,São Paulo,3550308,True,,34246,,,-23.60203975,-46.660861249999996,,,,2,2023-06-20T02:35:20+00:00
SAO_1721-10,São Paulo,3550308,True,,666,,,-23.504027999999998,-46.6152115,,,,1,2023-06-20T02:34:03+00:00
SAO_1721-10,São Paulo,3550308,True,,666,,,-23.498128,-46.596256999999994,,,,1,2023-06-20T02:34:36+00:00
SAO_1721-10,São Paulo,3550308,True,,666,,,-23.4893875,-46.570685,,,,1,2023-06-20T02:35:00+00:00
SAO_6118-10,São Paulo,3550308,True,,1188,,,-23.747547375,-46.702788999999996,,,,1,2023-06-20T02:32:40+00:00
SAO_6118-10,São Paulo,3550308,True,,1188,,,-23.653856875,-46.71128025,,,,1,2023-06-20T02:35:26+00:00
SAO_6118-10,São Paulo,3550308,True,,1188,,,-23.710715999999998,-46.703914499999996,,,,1,2023-06-20T02:35:04+00:00
SAO_6118-10,São Paulo,3550308,True,,1188,,,-23.672251,-46.7101245,,,,1,2023-06-20T02:35:37+00:00
SAO_6913-21,São Paulo,3550308,True,,1549,,,-23.766790999999998,-46.716458,,,,1,2023-06-20T02:27:43+00:00
SAO_809N-10,São Paulo,3550308,True,,35012,,,-23.56548975,-46.762576249999995,,,,2,2023-06-20T02:35:30+00:00
SAO_809N-10,São Paulo,3550308,True,,35012,,,-23.568452999999998,-46.765302,,,,2,2023-06-20T02:35:09+00:00
SAO_6475-10,São Paulo,3550308,True,,1317,,,-23.6634395,-46.7696465,,,,1,2023-06-20T02:35:22+00:00
SAO_6475-10,São Paulo,3550308,True,,1317,,,-23.5929895,-46.692148,,,,1,2023-06-20T02:35:34+00:00
SAO_7267-10,São Paulo,3550308,True,,1427,,,-23.536766,-46.6772695,,,,1,2023-06-20T02:35:04+00:00
SAO_7267-10,São Paulo,3550308,True,,1427,,,-23.550684750000002,-46.65510125,,,,1,2023-06-20T02:35:26+00:00
SAO_475M-10,São Paulo,3550308,True,,33111,,,-23.601958500000002,-46.6150025,,,,2,2023-06-20T02:35:04+00:00
SAO_475M-10,São Paulo,3550308,True,,33111,,,-23.617657,-46.618080500000005,,,,2,2023-06-20T02:35:26+00:00
SAO_8043-10,São Paulo,3550308,True,,33175,,,-23.517320499999997,-46.7213475,,,,2,2023-06-20T02:34:58+00:00
SAO_8043-10,São Paulo,3550308,True,,33175,,,-23.475309,-46.756263000000004,,,,2,2023-06-20T02:35:09+00:00
SAO_8043-10,São Paulo,3550308,True,,33175,,,-23.475121,-46.7562095,,,,2,2023-06-20T02:35:31+00:00
SAO_5362-41,São Paulo,3550308,True,,72,,,-23.74488,-46.668146,,,,1,2023-06-20T02:33:54+00:00
SAO_5362-41,São Paulo,3550308,True,,72,,,-23.744538750000004,-46.670265125,,,,1,2023-06-20T02:35:03+00:00
SAO_3737-31,São Paulo,3550308,True,,34122,,,-23.5309265,-46.516566250000004,,,,2,2023-06-20T02:35:24+00:00
SAO_5194-10,São Paulo,3550308,True,EMTU,269,https://moovitapp.com/index/pt-br/transporte_p%C3%BAblico-line-269-Sao_Paulo-242-2038937-36419377-0,5.35,-23.6817305,-46.682318499999994,,,,1,2023-06-20T02:35:13+00:00
SAO_2713-10,São Paulo,3550308,True,Cidade de Caieiras,220,https://moovitapp.com/index/pt-br/transporte_p%C3%BAblico-line-220-Sao_Paulo-242-868761-496409-0,5.0,-23.5242945,-46.5573905,,,,1,2023-06-20T02:35:24+00:00
SAO_4032-10,São Paulo,3550308,True,,33870,,,-23.62815825,-46.600349,,,,2,2023-06-20T02:35:23+00:00
SAO_4032-10,São Paulo,3550308,True,,33870,,,-23.6093525,-46.642455,,,,2,2023-06-20T02:35:16+00:00
SAO_4032-10,São Paulo,3550308,True,,33870,,,-23.61789175,-46.63753925,,,,2,2023-06-20T02:35:25+00:00
SAO_4032-10,São Paulo,3550308,True,,33870,,,-23.62781275,-46.600421,,,,2,2023-06-20T02:35:31+00:00
SAO_1767-10,São Paulo,3550308,True,,628,,,-23.469675000000002,-46.584624,,,,1,2023-06-20T02:35:36+00:00
SAO_4286-10,São Paulo,3550308,True,,33094,,,-23.5850115,-46.5840575,,,,2,2023-06-20T02:35:23+00:00
SAO_4286-10,São Paulo,3550308,True,,33094,,,-23.6092545,-46.5288495,,,,2,2023-06-20T02:35:31+00:00
SAO_4286-10,São Paulo,3550308,True,,33094,,,-23.609431,-46.5289765,,,,2,2023-06-20T02:35:16+00:00
SAO_6835-10,São Paulo,3550308,True,BR7 Mobilidade,12,https://moovitapp.com/index/pt-br/transporte_p%C3%BAblico-line-12-Sao_Paulo-242-851856-542340-0,5.75,-23.6782085,-46.776639,,,,1,2023-06-20T02:35:04+00:00
SAO_6835-10,São Paulo,3550308,True,BR7 Mobilidade,12,https://moovitapp.com/index/pt-br/transporte_p%C3%BAblico-line-12-Sao_Paulo-242-851856-542340-0,5.75,-23.6879515,-46.800591,,,,1,2023-06-20T02:35:14+00:00
SAO_627J-10,São Paulo,3550308,True,,2056,,,-23.665697,-46.637865500000004,,,,1,2023-06-20T02:35:14+00:00
SAO_627J-10,São Paulo,3550308,True,,2056,,,-23.681029375,-46.63345662500001,,,,1,2023-06-20T02:34:53+00:00
SAO_314V-10,São Paulo,3550308,True,EMTU,311,https://moovitapp.com/index/pt-br/transporte_p%C3%BAblico-line-311-Sao_Paulo-242-2038937-36419403-0,7.9,-23.58050025,-46.60158,,,,1,2023-06-20T02:35:27+00:00
SAO_6L10-41,São Paulo,3550308,True,,34773,,,-23.769367000000003,-46.71789149999999,,,,2,2023-06-20T02:35:34+00:00
SAO_6L10-41,São Paulo,3550308,True,,34773,,,-23.7878855,-46.765459,,,,2,2023-06-20T02:23:16+00:00
SAO_6L10-41,São Paulo,3550308,True,,34773,,,-23.7880685,-46.765596,,,,2,2023-06-20T02:35:04+00:00
SAO_4111-10,São Paulo,3550308,True,,33088,,,-23.575937,-46.61345,,,,2,2023-06-20T02:35:15+00:00
SAO_274P-10,São Paulo,3550308,True,Grupo Vida,232,https://moovitapp.com/index/pt-br/transporte_p%C3%BAblico-line-232-Sao_Paulo-242-887112-748347-0,5.3,-23.53699725,-46.59209275,,,,1,2023-06-20T02:35:19+00:00
SAO_6803-10,São Paulo,3550308,True,BR7 Mobilidade,29,https://moovitapp.com/index/pt-br/transporte_p%C3%BAblico-line-29-Sao_Paulo-242-851856-500111-0,5.75,-23.643748000000002,-46.735154,,,,1,2023-06-20T02:35:17+00:00
SAO_573T-31,São Paulo,3550308,True,,35016,,,-23.597595,-46.4956115,,,,2,2023-06-20T02:35:27+00:00
SAO_3712-51,São Paulo,3550308,True,,2505,,,-23.551592499999998,-46.4357825,,,,1,2023-06-20T02:35:15+00:00
SAO_3712-51,São Paulo,3550308,True,,2505,,,-23.540125,-46.457967,,,,1,2023-06-20T02:35:20+00:00
SAO_5025-10,São Paulo,3550308,True,,1564,,,-23.59664525,-46.58789175,,,,1,2023-06-20T02:35:35+00:00
SAO_5025-10,São Paulo,3550308,True,,1564,,,-23.599795999999998,-46.551676,,,,1,2023-06-20T02:35:29+00:00
SAO_805L-10,São Paulo,3550308,True,EMTU,124,https://moovitapp.com/index/pt-br/transporte_p%C3%BAblico-line-124-Sao_Paulo-242-2038937-36419282-0,5.15,-23.572491,-46.632990500000005,,,,1,2023-06-20T02:35:22+00:00
SAO_805L-10,São Paulo,3550308,True,EMTU,124,https://moovitapp.com/index/pt-br/transporte_p%C3%BAblico-line-124-Sao_Paulo-242-2038937-36419282-0,5.15,-23.5664775,-46.63291425,,,,1,2023-06-20T02:35:12+00:00
SAO_2702-10,São Paulo,3550308,True,,914,,,-23.5365825,-46.475021999999996,,,,1,2023-06-20T02:35:14+00:00
SAO_2523-10,São Paulo,3550308,True,,33018,,,-23.519432000000002,-46.4717545,,,,2,2023-06-20T02:35:04+00:00
SAO_2523-10,São Paulo,3550308,True,,33018,,,-23.5216,-46.4253885,,,,2,2023-06-20T02:35:34+00:00
SAO_2523-10,São Paulo,3550308,True,,33018,,,-23.524147,-46.431007,,,,2,2023-06-20T02:34:56+00:00
SAO_7063-10,São Paulo,3550308,True,,34667,,,-23.6314365,-46.772255,,,,2,2023-06-20T02:35:03+00:00
SAO_7063-10,São Paulo,3550308,True,,34667,,,-23.64878,-46.791437,,,,2,2023-06-20T02:34:54+00:00
SAO_5702-10,São Paulo,3550308,True,,1137,,,-23.698729999999998,-46.6457525,,,,1,2023-06-20T02:35:17+00:00
SAO_5702-10,São Paulo,3550308,True,,1137,,,-23.669282,-46.64259,,,,1,2023-06-20T02:35:31+00:00
SAO_9090-10,São Paulo,3550308,True,,33652,,,-23.48376475,-46.66996675,,,,2,2023-06-20T02:35:06+00:00
SAO_9090-10,São Paulo,3550308,True,,33652,,,-23.462911,-46.678678000000005,,,,2,2023-06-20T02:34:59+00:00
SAO_9090-10,São Paulo,3550308,True,,33652,,,-23.462758625,-46.676424874999995,,,,2,2023-06-20T02:35:27+00:00
SAO_9090-10,São Paulo,3550308,True,,33652,,,-23.462843874999997,-46.676674625000004,,,,2,2023-06-20T02:35:35+00:00
SAO_1778-10,São Paulo,3550308,True,,34557,,,-23.456424,-46.5933955,,,,2,2023-06-20T02:34:54+00:00
SAO_271P-10,São Paulo,3550308,True,,704,,,-23.535033,-46.578162000000006,,,,1,2023-06-20T02:35:11+00:00
SAO_271P-10,São Paulo,3550308,True,,704,,,-23.53865,-46.63482675,,,,1,2023-06-20T02:34:58+00:00
SAO_2058-10,São Paulo,3550308,True,,259,,,-23.4953155,-46.4310045,,,,1,2023-06-20T02:35:00+00:00
SAO_2058-10,São Paulo,3550308,True,,259,,,-23.541515500000003,-46.4163375,,,,1,2023-06-20T02:35:32+00:00
SAO_2058-10,São Paulo,3550308,True,,259,,,-23.521974999999998,-46.3996545,,,,1,2023-06-20T02:33:08+00:00
SAO_407A-10,São Paulo,3550308,True,,2194,,,-23.572661375,-46.540865249999996,,,,1,2023-06-20T02:35:27+00:00
SAO_407A-10,São Paulo,3550308,True,,2194,,,-23.545168749999995,-46.589767125,,,,1,2023-06-20T02:35:07+00:00
SAO_675A-10,São Paulo,3550308,True,,1318,,,-23.626064,-46.683265,,,,1,2023-06-20T02:35:22+00:00
SAO_675A-10,São Paulo,3550308,True,,1318,,,-23.660276500000002,-46.746493,,,,1,2023-06-20T02:35:17+00:00
SAO_6049-10,São Paulo,3550308,True,,1309,,,-23.65217175,-46.708138,,,,1,2023-06-20T02:35:13+00:00
SAO_6049-10,São Paulo,3550308,True,,1309,,,-23.662273499999998,-46.780083000000005,,,,1,2023-06-20T02:35:22+00:00
SAO_6049-10,São Paulo,3550308,True,,1309,,,-23.6884105,-46.800267500000004,,,,1,2023-06-20T02:35:07+00:00
SAO_2004-10,São Paulo,3550308,True,,892,,,-23.5258395,-46.390131499999995,,,,1,2023-06-20T02:34:54+00:00
SAO_4727-10,São Paulo,3550308,True,Cidade de Caieiras,340,https://moovitapp.com/index/pt-br/transporte_p%C3%BAblico-line-340-Sao_Paulo-242-868761-101563062-0,5.0,-23.6379275,-46.608517500000005,,,,1,2023-06-20T02:35:15+00:00
SAO_4727-10,São Paulo,3550308,True,Cidade de Caieiras,340,https://moovitapp.com/index/pt-br/transporte_p%C3%BAblico-line-340-Sao_Paulo-242-868761-101563062-0,5.0,-23.647874,-46.613088,,,,1,2023-06-20T02:35:00+00:00
SAO_9018-10,São Paulo,3550308,True,,34039,,,-23.470406500000003,-46.721548999999996,,,,2,2023-06-20T02:35:13+00:00
SAO_3414-10,São Paulo,3550308,True,,33514,,,-23.5444565,-46.521542,,,,2,2023-06-20T02:35:35+00:00
SAO_3414-10,São Paulo,3550308,True,,33514,,,-23.55305475,-46.614928,,,,2,2023-06-20T02:35:13+00:00
SAO_8075-10,São Paulo,3550308,True,,2044,,,-23.5724335,-46.709694999999996,,,,1,2023-06-20T02:35:30+00:00
SAO_8026-10,São Paulo,3550308,True,,34851,,,-23.632932,-46.748738,,,,2,2023-06-20T02:35:11+00:00
SAO_8026-10,São Paulo,3550308,True,,34851,,,-23.61122,-46.741626,,,,2,2023-06-20T02:35:14+00:00
SAO_3002-10,São Paulo,3550308,True,,34576,,,-23.5110475,-46.378864,,,,2,2023-06-20T02:35:06+00:00
SAO_3002-10,São Paulo,3550308,True,,34576,,,-23.495366,-46.4296235,,,,2,2023-06-20T02:35:06+00:00
SAO_3002-10,São Paulo,3550308,True,,34576,,,-23.510973,-46.3788175,,,,2,2023-06-20T02:34:21+00:00
SAO_2123-10,São Paulo,3550308,True,,33460,,,-23.4886805,-46.582163,,,,2,2023-06-20T02:35:13+00:00
SAO_2123-10,São Paulo,3550308,True,,33460,,,-23.488902500000002,-46.5819175,,,,2,2023-06-20T02:35:35+00:00
SAO_2123-10,São Paulo,3550308,True,,33460,,,-23.542585000000003,-46.6159675,,,,2,2023-06-20T02:35:18+00:00
SAO_2123-10,São Paulo,3550308,True,,33460,,,-23.50686175,-46.5963685,,,,2,2023-06-20T02:32:50+00:00
SAO_3009-10,São Paulo,3550308,True,,35294,,,-23.513698499999997,-46.395951249999996,,,,2,2023-06-20T02:35:09+00:00
SAO_1787-10,São Paulo,3550308,True,,650,,,-23.4513015,-46.6234645,,,,1,2023-06-20T02:35:10+00:00
SAO_1787-10,São Paulo,3550308,True,,650,,,-23.459332,-46.6206435,,,,1,2023-06-20T02:34:54+00:00
SAO_476L-10,São Paulo,3550308,True,,33030,,,-23.593143,-46.63651,,,,2,2023-06-20T02:35:26+00:00
SAO_425E-10,São Paulo,3550308,True,,1636,,,-23.614058,-46.5006185,,,,1,2023-06-20T02:35:01+00:00
SAO_6045-21,São Paulo,3550308,True,,2164,,,-23.689478,-46.792679,,,,1,2023-06-20T02:35:04+00:00
SAO_6045-21,São Paulo,3550308,True,,2164,,,-23.694135,-46.793816500000005,,,,1,2023-06-20T02:35:29+00:00
SAO_3064-41,São Paulo,3550308,True,,1933,,,-23.580005125,-46.4126035,,,,1,2023-06-20T02:34:35+00:00
SAO_809U-10,São Paulo,3550308,True,,35022,,,-23.564622,-46.713383,,,,2,2023-06-20T02:35:16+00:00
SAO_373M-10,São Paulo,3550308,True,EMTU,281,https://moovitapp.com/index/pt-br/transporte_p%C3%BAblico-line-281-Sao_Paulo-242-2038937-36419383-0,6.25,-23.54796625,-46.586614,,,,1,2023-06-20T02:34:52+00:00
SAO_373M-10,São Paulo,3550308,True,EMTU,281,https://moovitapp.com/index/pt-br/transporte_p%C3%BAblico-line-281-Sao_Paulo-242-2038937-36419383-0,6.25,-23.588186874999998,-46.559799749999996,,,,1,2023-06-20T02:35:10+00:00
SAO_6821-10,São Paulo,3550308,True,BR7 Mobilidade,21,https://moovitapp.com/index/pt-br/transporte_p%C3%BAblico-line-21-Sao_Paulo-242-851856-707765-0,5.75,-23.676005500000002,-46.7745545,,,,1,2023-06-20T02:35:28+00:00
SAO_6821-10,São Paulo,3550308,True,BR7 Mobilidade,21,https://moovitapp.com/index/pt-br/transporte_p%C3%BAblico-line-21-Sao_Paulo-242-851856-707765-0,5.75,-23.6540735,-46.7628415,,,,1,2023-06-20T02:35:16+00:00
SAO_6801-51,São Paulo,3550308,True,,34542,,,-23.6663225,-46.736579500000005,,,,2,2023-06-20T02:35:21+00:00
SAO_8023-10,São Paulo,3550308,True,,2074,,,-23.590418624999998,-46.802857625,,,,1,2023-06-20T02:35:35+00:00
SAO_8019-31,São Paulo,3550308,True,,2574,,,-23.576179500000002,-46.750930499999996,,,,1,2023-06-20T02:34:53+00:00
SAO_5143-10,São Paulo,3550308,True,,34396,,,-23.596371374999997,-46.53689475,,,,2,2023-06-20T02:35:17+00:00
SAO_5143-10,São Paulo,3550308,True,,34396,,,-23.546727,-46.629723999999996,,,,2,2023-06-20T02:35:29+00:00
SAO_5143-10,São Paulo,3550308,True,,34396,,,-23.54930425,-46.628189250000005,,,,2,2023-06-20T02:35:12+00:00
SAO_4014-10,São Paulo,3550308,True,,2187,,,-23.5626435,-46.515698,,,,1,2023-06-20T02:34:58+00:00
SAO_4014-10,São Paulo,3550308,True,,2187,,,-23.60986225,-46.460271875000004,,,,1,2023-06-20T02:35:22+00:00
SAO_2767-10,São Paulo,3550308,True,EMTU,241,https://moovitapp.com/index/pt-br/transporte_p%C3%BAblico-line-241-Sao_Paulo-242-2038937-36419354-0,5.15,-23.539841,-46.5765705,,,,1,2023-06-20T02:35:25+00:00
SAO_8075-21,São Paulo,3550308,True,,2537,,,-23.601923,-46.743632500000004,,,,1,2023-06-20T02:35:22+00:00
SAO_4315-10,São Paulo,3550308,True,,34943,,,-23.5577455,-46.523288,,,,2,2023-06-20T02:35:04+00:00
SAO_4315-10,São Paulo,3550308,True,,34943,,,-23.542948000000003,-46.547712250000004,,,,2,2023-06-20T02:34:56+00:00
SAO_4003-10,São Paulo,3550308,True,,2159,,,-23.572924,-46.399347000000006,,,,1,2023-06-20T02:35:36+00:00
SAO_4003-10,São Paulo,3550308,True,,2159,,,-23.553751499999997,-46.42441825,,,,1,2023-06-20T02:35:27+00:00
SAO_4003-10,São Paulo,3550308,True,,2159,,,-23.5742745,-46.3983295,,,,1,2023-06-20T02:35:17+00:00
SAO_6813-10,São Paulo,3550308,True,BR7 Mobilidade,33,https://moovitapp.com/index/pt-br/transporte_p%C3%BAblico-line-33-Sao_Paulo-242-851856-529134-0,5.75,-23.658478000000002,-46.765071,,,,1,2023-06-20T02:35:37+00:00
SAO_3768-10,São Paulo,3550308,True,,1056,,,-23.56414275,-46.4097285,,,,1,2023-06-20T02:35:10+00:00
SAO_3768-10,São Paulo,3550308,True,,1056,,,-23.5707795,-46.396878,,,,1,2023-06-20T02:34:10+00:00
SAO_1765-10,São Paulo,3550308,True,,34550,,,-23.4597625,-46.572663750000004,,,,2,2023-06-20T02:32:17+00:00
SAO_1765-10,São Paulo,3550308,True,,34550,,,-23.47185125,-46.581875,,,,2,2023-06-20T02:35:31+00:00
SAO_6012-31,São Paulo,3550308,True,,34544,,,-23.687436749999996,-46.786562,,,,2,2023-06-20T02:35:21+00:00
SAO_1744-10,São Paulo,3550308,True,,33312,,,-23.491298,-46.634957,,,,2,2023-06-20T02:35:03+00:00
SAO_1744-10,São Paulo,3550308,True,,33312,,,-23.47197625,-46.644907,,,,2,2023-06-20T02:35:10+00:00
SAO_1744-10,São Paulo,3550308,True,,33312,,,-23.472376,-46.64149449999999,,,,2,2023-06-20T02:34:51+00:00
SAO_1744-10,São Paulo,3550308,True,,33312,,,-23.47214175,-46.642127375,,,,2,2023-06-20T02:35:04+00:00
SAO_2024-10,São Paulo,3550308,True,,35029,,,-23.394969,-46.574261,,,,2,2023-06-20T02:35:21+00:00
SAO_8008-10,São Paulo,3550308,True,,1258,,,-23.491037625,-46.75114675,,,,1,2023-06-20T02:35:25+00:00
SAO_8610-10,São Paulo,3550308,True,,2063,,,-23.58374275,-46.735281125,,,,1,2023-06-20T02:35:28+00:00
SAO_8610-10,São Paulo,3550308,True,,2063,,,-23.572082125,-46.664369125,,,,1,2023-06-20T02:35:11+00:00
SAO_2023-41,São Paulo,3550308,True,,35307,,,-23.434669,-46.595424,,,,2,2023-06-20T02:32:17+00:00
SAO_3004-10,São Paulo,3550308,True,,34566,,,-23.4912235,-46.407555,,,,2,2023-06-20T02:35:12+00:00
SAO_909T-1,São Paulo,3550308,True,,2512,,,-23.55318025,-46.659612,,,,1,2023-06-20T02:35:15+00:00
SAO_7050-10,São Paulo,3550308,True,,1884,,,-23.652286250000003,-46.778394750000004,,,,1,2023-06-20T02:35:19+00:00
SAO_3021-10,São Paulo,3550308,True,,33044,,,-23.588981875,-46.543000750000004,,,,2,2023-06-20T02:35:20+00:00
SAO_3021-10,São Paulo,3550308,True,,33044,,,-23.5921015,-46.5122655,,,,2,2023-06-20T02:35:10+00:00
SAO_575C-10,São Paulo,3550308,True,,1686,,,-23.570658,-46.560672499999995,,,,1,2023-06-20T02:35:11+00:00
SAO_211L-10,São Paulo,3550308,True,,2265,,,-23.495753,-46.677302,,,,1,2023-06-20T02:35:25+00:00
SAO_211L-10,São Paulo,3550308,True,,2265,,,-23.4822145,-46.6319685,,,,1,2023-06-20T02:35:09+00:00
SAO_211L-10,São Paulo,3550308,True,,2265,,,-23.5199865,-46.701155,,,,1,2023-06-20T02:35:06+00:00
SAO_6818-10,São Paulo,3550308,True,,32796,,,-23.655496999999997,-46.7724535,,,,2,2023-06-20T02:35:26+00:00
SAO_6818-10,São Paulo,3550308,True,,32796,,,-23.6474045,-46.763507000000004,,,,2,2023-06-20T02:35:09+00:00
SAO_8075-21,São Paulo,3550308,True,,35305,,,-23.612126,-46.754433,,,,2,2023-06-20T02:35:22+00:00
SAO_8075-21,São Paulo,3550308,True,,35305,,,-23.631579000000002,-46.772447,,,,2,2023-06-20T02:35:35+00:00
SAO_2714-10,São Paulo,3550308,True,,927,,,-23.5188304375,-46.53138525,,,,1,2023-06-20T02:34:46+00:00
SAO_2714-10,São Paulo,3550308,True,,927,,,-23.507726750000003,-46.52546225,,,,1,2023-06-20T02:35:37+00:00
SAO_3024-10,São Paulo,3550308,True,EMTU,277,https://moovitapp.com/index/pt-br/transporte_p%C3%BAblico-line-277-Sao_Paulo-242-2038937-36419380-0,8.15,-23.60866225,-46.53589375,,,,1,2023-06-20T02:35:20+00:00
SAO_8600-22,São Paulo,3550308,True,,34822,,,-23.54222525,-46.6382325,,,,2,2023-06-20T02:35:19+00:00
SAO_5759-10,São Paulo,3550308,True,,1138,,,-23.6929535,-46.6450975,,,,1,2023-06-20T02:35:08+00:00
SAO_5759-10,São Paulo,3550308,True,,1138,,,-23.6774235,-46.65841775,,,,1,2023-06-20T02:34:53+00:00
SAO_8032-10,São Paulo,3550308,True,,2545,,,-23.5666545,-46.709402999999995,,,,1,2023-06-20T02:35:26+00:00
SAO_121G-10,São Paulo,3550308,True,,691,,,-23.487984,-46.5831465,,,,1,2023-06-20T02:32:37+00:00
SAO_121G-10,São Paulo,3550308,True,,691,,,-23.5041095,-46.573372500000005,,,,1,2023-06-20T02:32:13+00:00
SAO_121G-10,São Paulo,3550308,True,,691,,,-23.4848925,-46.58339025,,,,1,2023-06-20T02:34:59+00:00
SAO_7011-10,São Paulo,3550308,True,,1952,,,-23.6773315,-46.76035625,,,,1,2023-06-20T02:35:00+00:00
SAO_7011-10,São Paulo,3550308,True,,1952,,,-23.697762500000003,-46.785709999999995,,,,1,2023-06-20T02:35:31+00:00
SAO_6L08-10,São Paulo,3550308,True,,1182,,,-23.831390374999998,-46.712019875,,,,1,2023-06-20T02:35:11+00:00
SAO_3735-10,São Paulo,3550308,True,,33803,,,-23.5460205,-46.501273499999996,,,,2,2023-06-20T02:35:22+00:00
SAO_3735-10,São Paulo,3550308,True,,33803,,,-23.541323,-46.4845135,,,,2,2023-06-20T02:34:57+00:00
SAO_476G-41,São Paulo,3550308,True,,1112,,,-23.589451500000003,-46.57902525,,,,1,2023-06-20T02:34:56+00:00
SAO_4222-10,São Paulo,3550308,True,EMTU,288,https://moovitapp.com/index/pt-br/transporte_p%C3%BAblico-line-288-Sao_Paulo-242-2038937-36419389-0,5.1,-23.579445749999998,-46.580741249999996,,,,1,2023-06-20T02:35:24+00:00
SAO_5100-10,São Paulo,3550308,True,,1370,,,-23.57539775,-46.657210750000004,,,,1,2023-06-20T02:35:07+00:00
SAO_2005-10,São Paulo,3550308,True,,33661,,,-23.493045,-46.41508,,,,2,2023-06-20T02:35:30+00:00
SAO_5026-10,São Paulo,3550308,True,,34403,,,-23.605762,-46.4968415,,,,2,2023-06-20T02:34:52+00:00
SAO_5026-10,São Paulo,3550308,True,,34403,,,-23.605762,-46.4968415,,,,2,2023-06-20T02:35:00+00:00
SAO_8077-10,São Paulo,3550308,True,,2050,,,-23.586578125000003,-46.753012125,,,,1,2023-06-20T02:35:16+00:00
SAO_4112-10,São Paulo,3550308,True,,767,,,-23.567358499999997,-46.62967725,,,,1,2023-06-20T02:35:36+00:00
SAO_7004-21,São Paulo,3550308,True,,35351,,,-23.741951999999998,-46.8009785,,,,2,2023-06-20T02:35:27+00:00
SAO_607A-21,São Paulo,3550308,True,,34908,,,-23.6778615,-46.701583,,,,2,2023-06-20T02:34:56+00:00
SAO_607A-21,São Paulo,3550308,True,,34908,,,-23.6956535,-46.651086,,,,2,2023-06-20T02:34:18+00:00
SAO_6970-10,São Paulo,3550308,True,,34273,,,-23.701308,-46.715151750000004,,,,2,2023-06-20T02:34:54+00:00
SAO_6970-10,São Paulo,3550308,True,,34273,,,-23.6542185,-46.7095555,,,,2,2023-06-20T02:35:25+00:00
SAO_6422-10,São Paulo,3550308,True,EMTU,361,https://moovitapp.com/index/pt-br/transporte_p%C3%BAblico-line-361-Sao_Paulo-242-2038937-36419442-0,7.9,-23.629392,-46.689461875,,,,1,2023-06-20T02:35:36+00:00
SAO_6422-10,São Paulo,3550308,True,EMTU,361,https://moovitapp.com/index/pt-br/transporte_p%C3%BAblico-line-361-Sao_Paulo-242-2038937-36419442-0,7.9,-23.567838000000002,-46.6596756875,,,,1,2023-06-20T02:35:34+00:00
SAO_775N-10,São Paulo,3550308,True,,474,,,-23.5665075,-46.7528455,,,,1,2023-06-20T02:35:00+00:00
SAO_178Y-21,São Paulo,3550308,True,,2225,,,-23.470895499999997,-46.63541775,,,,1,2023-06-20T02:32:48+00:00
SAO_775P-10,São Paulo,3550308,True,EMTU,507,https://moovitapp.com/index/pt-br/transporte_p%C3%BAblico-line-507-Sao_Paulo-242-2038937-36419529-0,5.65,-23.5584995,-46.659910124999996,,,,1,2023-06-20T02:35:30+00:00
SAO_2101-41,São Paulo,3550308,True,,33483,,,-23.5686905,-46.588616,,,,2,2023-06-20T02:35:03+00:00
SAO_6058-10,São Paulo,3550308,True,,1149,,,-23.766984,-46.6833005,,,,1,2023-06-20T02:35:00+00:00
SAO_6058-10,São Paulo,3550308,True,,1149,,,-23.7676725,-46.7163155,,,,1,2023-06-20T02:35:18+00:00
SAO_8002-10,São Paulo,3550308,True,,34020,,,-23.489019,-46.738955000000004,,,,2,2023-06-20T02:35:18+00:00
SAO_6816-10,São Paulo,3550308,True,BR7 Mobilidade,26,https://moovitapp.com/index/pt-br/transporte_p%C3%BAblico-line-26-Sao_Paulo-242-851856-577923-0,5.75,-23.653551,-46.777357,,,,1,2023-06-20T02:34:56+00:00
SAO_273X-10,São Paulo,3550308,True,EMTU,392,https://moovitapp.com/index/pt-br/transporte_p%C3%BAblico-line-392-Sao_Paulo-242-2038937-36419460-0,5.8,-23.49448,-46.414542499999996,,,,1,2023-06-20T02:35:34+00:00
SAO_273X-10,São Paulo,3550308,True,EMTU,392,https://moovitapp.com/index/pt-br/transporte_p%C3%BAblico-line-392-Sao_Paulo-242-2038937-36419460-0,5.8,-23.509484,-46.477599875,,,,1,2023-06-20T02:34:54+00:00
SAO_6L10-10,São Paulo,3550308,True,,1159,,,-23.767440999999998,-46.716431,,,,1,2023-06-20T02:35:21+00:00
SAO_6L10-10,São Paulo,3550308,True,,1159,,,-23.770802,-46.7186405,,,,1,2023-06-20T02:35:35+00:00
SAO_4092-10,São Paulo,3550308,True,,1876,,,-23.582262,-46.41591,,,,1,2023-06-20T02:35:36+00:00
SAO_2088-10,São Paulo,3550308,True,EMTU,372,https://moovitapp.com/index/pt-br/transporte_p%C3%BAblico-line-372-Sao_Paulo-242-2038937-36419447-0,4.9,-23.49612175,-46.392172,,,,1,2023-06-20T02:32:31+00:00
SAO_8538-10,São Paulo,3550308,True,,1359,,,-23.542703,-46.636098,,,,1,2023-06-20T02:35:10+00:00
SAO_8538-10,São Paulo,3550308,True,,1359,,,-23.4786145,-46.707113500000006,,,,1,2023-06-20T02:35:30+00:00
SAO_477U-10,São Paulo,3550308,True,,306,,,-23.5847345,-46.6232645,,,,1,2023-06-20T02:34:58+00:00
SAO_6019-10,São Paulo,3550308,True,,34258,,,-23.6689235,-46.735557,,,,2,2023-06-20T02:35:13+00:00
SAO_1021-10,São Paulo,3550308,True,,33601,,,-23.444254,-46.712253000000004,,,,2,2023-06-20T02:34:52+00:00
SAO_1021-10,São Paulo,3550308,True,,33601,,,-23.444666249999997,-46.70995625,,,,2,2023-06-20T02:35:20+00:00
SAO_502J-22,São Paulo,3550308,True,Viação Bela Sintra,2107,https://moovitapp.com/index/pt-br/transporte_p%C3%BAblico-line-2107-Sao_Paulo-242-1302890-55141643-0,4.5,-23.693012500000002,-46.6737655,,,,1,2023-06-20T02:35:09+00:00
SAO_3161-10,São Paulo,3550308,True,,1084,,,-23.54645675,-46.629903999999996,,,,1,2023-06-20T02:33:49+00:00
SAO_1019-10,São Paulo,3550308,True,,2495,,,-23.45332,-46.7548435,,,,1,2023-06-20T02:34:33+00:00
SAO_2720-31,São Paulo,3550308,True,,1842,,,-23.5010355,-46.47953,,,,1,2023-06-20T02:35:18+00:00
SAO_4010-10,São Paulo,3550308,True,,34951,,,-23.55797,-46.523029,,,,2,2023-06-20T02:35:31+00:00
SAO_4010-10,São Paulo,3550308,True,,34951,,,-23.5520715,-46.46436,,,,2,2023-06-20T02:35:28+00:00
SAO_4717-10,São Paulo,3550308,True,,33103,,,-23.61645025,-46.6187755,,,,2,2023-06-20T02:35:19+00:00
SAO_4717-10,São Paulo,3550308,True,,33103,,,-23.637105499999997,-46.595567,,,,2,2023-06-20T02:35:32+00:00
SAO_5013-31,São Paulo,3550308,True,,35004,,,-23.68177525,-46.63360275,,,,2,2023-06-20T02:34:45+00:00
SAO_3021-10,São Paulo,3550308,True,STT,276,https://moovitapp.com/index/pt-br/transporte_p%C3%BAblico-line-276-Sao_Paulo-242-850661-183276-0,5.3,-23.5834495,-46.548140000000004,,,,1,2023-06-20T02:35:34+00:00
SAO_5164-41,São Paulo,3550308,True,,1617,,,-23.642232749999998,-46.655570499999996,,,,1,2023-06-20T02:35:23+00:00
SAO_3010-10,São Paulo,3550308,True,,2543,,,-23.518321,-46.475637,,,,1,2023-06-20T02:35:33+00:00
SAO_2735-21,São Paulo,3550308,True,,514,,,-23.4993145,-46.529726999999994,,,,1,2023-06-20T02:35:25+00:00
SAO_2735-21,São Paulo,3550308,True,,514,,,-23.533376500000003,-46.545646000000005,,,,1,2023-06-20T02:35:20+00:00
SAO_407W-10,São Paulo,3550308,True,,2204,,,-23.573825,-46.5320715,,,,1,2023-06-20T02:35:13+00:00
SAO_6804-10,São Paulo,3550308,True,BR7 Mobilidade,30,https://moovitapp.com/index/pt-br/transporte_p%C3%BAblico-line-30-Sao_Paulo-242-851856-500112-0,5.75,-23.631589499999997,-46.751459499999996,,,,1,2023-06-20T02:35:31+00:00
SAO_546A-31,São Paulo,3550308,True,,33900,,,-23.6798045,-46.6844555,,,,2,2023-06-20T02:35:20+00:00
SAO_546A-31,São Paulo,3550308,True,,33900,,,-23.658801250000003,-46.701466499999995,,,,2,2023-06-20T02:35:26+00:00
SAO_2104-10,São Paulo,3550308,True,,2255,,,-23.546910500000003,-46.6306845,,,,1,2023-06-20T02:35:18+00:00
SAO_129F-41,São Paulo,3550308,True,,35073,,,-23.497803500000003,-46.705489,,,,2,2023-06-20T02:35:31+00:00
SAO_278A-10,São Paulo,3550308,True,,33474,,,-23.535102875,-46.581697250000005,,,,2,2023-06-20T02:35:23+00:00
SAO_2033-10,São Paulo,3550308,True,,2499,,,-23.518929999999997,-46.615813,,,,1,2023-06-20T02:35:27+00:00
SAO_5106-31,São Paulo,3550308,True,,1305,,,-23.652973,-46.6369955,,,,1,2023-06-20T02:35:30+00:00
SAO_TREI-10,São Paulo,3550308,True,,35257,,,-23.594777,-46.5478045,,,,2,2023-06-20T02:35:24+00:00
SAO_4010-10,São Paulo,3550308,True,,2183,,,-23.56401375,-46.4695945,,,,1,2023-06-20T02:35:28+00:00
SAO_6042-21,São Paulo,3550308,True,,34543,,,-23.6731425,-46.7734105,,,,2,2023-06-20T02:35:15+00:00
SAO_1701-21,São Paulo,3550308,True,,2476,,,-23.4794185,-46.601958499999995,,,,1,2023-06-20T02:35:32+00:00
SAO_6418-10,São Paulo,3550308,True,,33539,,,-23.616922000000002,-46.7043285,,,,2,2023-06-20T02:35:12+00:00
SAO_7004-21,São Paulo,3550308,True,,2583,,,-23.7462625,-46.797673,,,,1,2023-06-20T02:35:13+00:00
SAO_8030-10,São Paulo,3550308,True,,35330,,,-23.60268375,-46.735613,,,,2,2023-06-20T02:35:20+00:00
SAO_695Y-41,São Paulo,3550308,True,,33967,,,-23.662612000000003,-46.680823000000004,,,,2,2023-06-20T02:34:52+00:00
SAO_1021-10,São Paulo,3550308,True,EMTU,833,https://moovitapp.com/index/pt-br/transporte_p%C3%BAblico-line-833-Sao_Paulo-242-2038937-36419599-0,5.4,-23.486145999999998,-46.728021999999996,,,,1,2023-06-20T02:35:22+00:00
SAO_4735-10,São Paulo,3550308,True,,33878,,,-23.6186375,-46.472599,,,,2,2023-06-20T02:35:26+00:00
SAO_1015-10,São Paulo,3550308,True,,2230,,,-23.41783,-46.805511,,,,1,2023-06-20T02:35:32+00:00
SAO_809V-10,São Paulo,3550308,True,,2243,,,-23.556711999999997,-46.665098,,,,1,2023-06-20T02:35:37+00:00
SAO_5024-31,São Paulo,3550308,True,,1123,,,-23.6873005,-46.6629235,,,,1,2023-06-20T02:35:30+00:00
SAO_7181-10,São Paulo,3550308,True,,1332,,,-23.53506275,-46.644746999999995,,,,1,2023-06-20T02:35:02+00:00
SAO_6052-31,São Paulo,3550308,True,,34600,,,-23.775509999999997,-46.691679,,,,2,2023-06-20T02:35:05+00:00
SAO_7053-22,São Paulo,3550308,True,,1896,,,-23.640282499999998,-46.780722999999995,,,,1,2023-06-20T02:35:17+00:00
