bus_id,city,city_code,adapted,agency,line_code,line_url,line_fare,latitude,longitude,bus_speed,is_eletric,bus_type,bus_direction,updated_at
SAO_8319-10,São Paulo,3550308,True,,33244,,,-23.546825,-46.7609525,,,,2,2023-06-17T02:44:38+00:00
SAO_8319-10,São Paulo,3550308,True,,33244,,,-23.524988,-46.682614,,,,2,2023-06-17T02:44:22+00:00
SAO_8319-10,São Paulo,3550308,True,,33244,,,-23.54852725,-46.743941,,,,2,2023-06-17T02:44:33+00:00
SAO_8319-10,São Paulo,3550308,True,,33244,,,-23.522697,-46.702521749999995,,,,2,2023-06-17T02:43:58+00:00
SAO_8319-10,São Paulo,3550308,True,,33244,,,-23.546825,-46.7609525,,,,2,2023-06-17T02:43:56+00:00
SAO_2770-10,São Paulo,3550308,True,,33011,,,-23.505191500000002,-46.474177499999996,,,,2,2023-06-17T02:44:24+00:00
SAO_2770-10,São Paulo,3550308,True,,33011,,,-23.539380375,-46.431489625,,,,2,2023-06-17T02:44:30+00:00
SAO_2770-10,São Paulo,3550308,True,,33011,,,-23.5398295,-46.4212045,,,,2,2023-06-17T02:44:01+00:00
SAO_2770-10,São Paulo,3550308,True,,33011,,,-23.539380375,-46.431489625,,,,2,2023-06-17T02:44:25+00:00
SAO_2770-10,São Paulo,3550308,True,,33011,,,-23.5236605,-46.418086,,,,2,2023-06-17T02:43:58+00:00
SAO_8004-10,São Paulo,3550308,True,,34022,,,-23.4964315,-46.749634,,,,2,2023-06-17T02:44:16+00:00
SAO_8004-10,São Paulo,3550308,True,,34022,,,-23.47043,-46.752005999999994,,,,2,2023-06-17T02:44:30+00:00
SAO_8004-10,São Paulo,3550308,True,,34022,,,-23.480701,-46.74527474999999,,,,2,2023-06-17T02:44:34+00:00
SAO_8004-10,São Paulo,3550308,False,,34022,,,-23.470457,-46.751476499999995,,,,2,2023-06-17T02:44:27+00:00
SAO_7059-10,São Paulo,3550308,True,,34692,,,-23.658105,-46.7818715,,,,2,2023-06-17T02:44:10+00:00
SAO_7059-10,São Paulo,3550308,True,,34692,,,-23.6588675,-46.774802,,,,2,2023-06-17T02:44:02+00:00
SAO_7059-10,São Paulo,3550308,True,,34692,,,-23.658105,-46.7818715,,,,2,2023-06-17T02:44:39+00:00
SAO_342N-10,São Paulo,3550308,True,,1003,,,-23.534012624999995,-46.450239749999994,,,,1,2023-06-17T02:44:39+00:00
SAO_342N-10,São Paulo,3550308,True,,1003,,,-23.5644815,-46.406800000000004,,,,1,2023-06-17T02:44:16+00:00
SAO_576C-10,São Paulo,3550308,True,,1290,,,-23.663674,-46.678736,,,,1,2023-06-17T02:44:23+00:00
SAO_576C-10,São Paulo,3550308,True,,1290,,,-23.658182500000002,-46.6985935,,,,1,2023-06-17T02:44:21+00:00
SAO_576C-10,São Paulo,3550308,True,,1290,,,-23.653447625,-46.666535749999994,,,,1,2023-06-17T02:44:34+00:00
SAO_576C-10,São Paulo,3550308,True,,1290,,,-23.654095,-46.709942,,,,1,2023-06-17T02:42:23+00:00
SAO_576C-10,São Paulo,3550308,True,,1290,,,-23.654095,-46.709866500000004,,,,1,2023-06-17T02:44:26+00:00
SAO_576C-10,São Paulo,3550308,True,,1290,,,-23.638162,-46.6322935,,,,1,2023-06-17T02:44:13+00:00
SAO_576C-10,São Paulo,3550308,True,,1290,,,-23.64649975,-46.64515875,,,,1,2023-06-17T02:44:06+00:00
SAO_576C-10,São Paulo,3550308,True,,1290,,,-23.653125,-46.70848074999999,,,,1,2023-06-17T02:44:26+00:00
SAO_6822-10,São Paulo,3550308,True,,32790,,,-23.65385975,-46.79008575,,,,2,2023-06-17T02:44:15+00:00
SAO_6822-10,São Paulo,3550308,True,,32790,,,-23.655178499999998,-46.762237,,,,2,2023-06-17T02:44:01+00:00
SAO_6822-10,São Paulo,3550308,True,,32790,,,-23.65385975,-46.79008575,,,,2,2023-06-17T02:44:36+00:00
SAO_6822-10,São Paulo,3550308,True,,32790,,,-23.63986,-46.77989275,,,,2,2023-06-17T02:44:29+00:00
SAO_6822-10,São Paulo,3550308,True,,32790,,,-23.653269,-46.7776185,,,,2,2023-06-17T02:44:17+00:00
SAO_6822-10,São Paulo,3550308,True,,32790,,,-23.65385975,-46.79008575,,,,2,2023-06-17T02:44:30+00:00
SAO_6822-10,São Paulo,3550308,True,,32790,,,-23.6536865,-46.79074925,,,,2,2023-06-17T02:44:41+00:00
SAO_6822-10,São Paulo,3550308,True,,32790,,,-23.65385975,-46.79008575,,,,2,2023-06-17T02:44:19+00:00
SAO_4051-10,São Paulo,3550308,True,,34912,,,-23.5618325,-46.4012755,,,,2,2023-06-17T02:44:20+00:00
SAO_4051-10,São Paulo,3550308,True,,34912,,,-23.559313000000003,-46.4037675,,,,2,2023-06-17T02:44:12+00:00
SAO_4051-10,São Paulo,3550308,True,,34912,,,-23.5618325,-46.4012755,,,,2,2023-06-17T02:44:23+00:00
SAO_4051-10,São Paulo,3550308,True,,34912,,,-23.561855,-46.4014265,,,,2,2023-06-17T02:44:04+00:00
SAO_6055-10,São Paulo,3550308,True,,33914,,,-23.732609,-46.6981145,,,,2,2023-06-17T02:44:39+00:00
SAO_6055-10,São Paulo,3550308,True,,33914,,,-23.754704,-46.709073000000004,,,,2,2023-06-17T02:44:03+00:00
SAO_6055-10,São Paulo,3550308,True,,33914,,,-23.754704,-46.709073000000004,,,,2,2023-06-17T02:44:19+00:00
SAO_6055-10,São Paulo,3550308,True,,33914,,,-23.718679,-46.699015,,,,2,2023-06-17T02:44:23+00:00
SAO_6055-10,São Paulo,3550308,True,,33914,,,-23.73591725,-46.694809125000006,,,,2,2023-06-17T02:44:05+00:00
SAO_6055-10,São Paulo,3550308,True,,33914,,,-23.753642250000002,-46.698806250000004,,,,2,2023-06-17T02:43:58+00:00
SAO_8610-10,São Paulo,3550308,True,,2063,,,-23.5753335,-46.7172705,,,,1,2023-06-17T02:44:40+00:00
SAO_8610-10,São Paulo,3550308,True,,2063,,,-23.577278,-46.673165,,,,1,2023-06-17T02:44:24+00:00
SAO_3024-10,São Paulo,3550308,True,EMTU,277,https://moovitapp.com/index/pt-br/transporte_p%C3%BAblico-line-277-Sao_Paulo-242-2038937-36419380-0,8.15,-23.609931250000002,-46.532158249999995,,,,1,2023-06-17T02:43:56+00:00
SAO_3024-10,São Paulo,3550308,True,EMTU,277,https://moovitapp.com/index/pt-br/transporte_p%C3%BAblico-line-277-Sao_Paulo-242-2038937-36419380-0,8.15,-23.603766999999998,-46.534668999999994,,,,1,2023-06-17T02:44:10+00:00
SAO_6076-10,São Paulo,3550308,True,,1165,,,-23.733559500000002,-46.6761855,,,,1,2023-06-17T02:44:36+00:00
SAO_6076-10,São Paulo,3550308,True,,1165,,,-23.705854625,-46.700533875,,,,1,2023-06-17T02:44:18+00:00
SAO_6076-10,São Paulo,3550308,True,,1165,,,-23.653924375,-46.71180125000001,,,,1,2023-06-17T02:44:13+00:00
SAO_6076-10,São Paulo,3550308,True,,1165,,,-23.7350135,-46.6888365,,,,1,2023-06-17T02:44:03+00:00
SAO_6076-10,São Paulo,3550308,True,,1165,,,-23.654559999999996,-46.7073605,,,,1,2023-06-17T02:44:28+00:00
SAO_6414-10,São Paulo,3550308,True,,33128,,,-23.67035125,-46.712438750000004,,,,2,2023-06-17T02:44:38+00:00
SAO_6414-10,São Paulo,3550308,True,,33128,,,-23.633460499999998,-46.693062999999995,,,,2,2023-06-17T02:44:38+00:00
SAO_6414-10,São Paulo,3550308,True,,33128,,,-23.650494000000002,-46.7072335,,,,2,2023-06-17T02:44:40+00:00
SAO_6414-10,São Paulo,3550308,True,,33128,,,-23.6701735,-46.7122485,,,,2,2023-06-17T02:44:16+00:00
SAO_6414-10,São Paulo,3550308,True,,33128,,,-23.60602775,-46.6932445,,,,2,2023-06-17T02:44:23+00:00
SAO_6414-10,São Paulo,3550308,True,,33128,,,-23.574096625,-46.6673885,,,,2,2023-06-17T02:44:11+00:00
SAO_3746-10,São Paulo,3550308,True,,33051,,,-23.594203999999998,-46.502838,,,,2,2023-06-17T02:44:26+00:00
SAO_3746-10,São Paulo,3550308,True,,33051,,,-23.542912,-46.588283000000004,,,,2,2023-06-17T02:44:05+00:00
SAO_3746-10,São Paulo,3550308,True,,33051,,,-23.542912,-46.588283000000004,,,,2,2023-06-17T02:44:25+00:00
SAO_3746-10,São Paulo,3550308,True,,33051,,,-23.594412499999997,-46.5029525,,,,2,2023-06-17T02:44:33+00:00
SAO_3746-10,São Paulo,3550308,True,,33051,,,-23.585148,-46.526704499999994,,,,2,2023-06-17T02:44:01+00:00
SAO_3746-10,São Paulo,3550308,True,,33051,,,-23.542912,-46.588283000000004,,,,2,2023-06-17T02:35:55+00:00
SAO_3746-10,São Paulo,3550308,True,,33051,,,-23.556857,-46.57184049999999,,,,2,2023-06-17T02:43:57+00:00
SAO_3746-10,São Paulo,3550308,True,,33051,,,-23.542912,-46.588283000000004,,,,2,2023-06-17T02:43:58+00:00
SAO_3746-10,São Paulo,3550308,True,,33051,,,-23.584799,-46.522501,,,,2,2023-06-17T02:44:20+00:00
SAO_6035-21,São Paulo,3550308,True,,1795,,,-23.71868225,-46.76850675,,,,1,2023-06-17T02:38:19+00:00
SAO_6035-21,São Paulo,3550308,True,,1795,,,-23.720715499999997,-46.755851,,,,1,2023-06-17T02:44:19+00:00
SAO_6035-21,São Paulo,3550308,True,,1795,,,-23.720715499999997,-46.755851,,,,1,2023-06-17T02:44:19+00:00
SAO_6035-21,São Paulo,3550308,True,,1795,,,-23.720715499999997,-46.755851,,,,1,2023-06-17T02:44:00+00:00
SAO_8199-10,São Paulo,3550308,True,,33575,,,-23.4690875,-46.750939,,,,2,2023-06-17T02:43:56+00:00
SAO_8199-10,São Paulo,3550308,True,,33575,,,-23.4773085,-46.6778855,,,,2,2023-06-17T02:44:28+00:00
SAO_8199-10,São Paulo,3550308,True,,33575,,,-23.5007875,-46.699530249999995,,,,2,2023-06-17T02:43:40+00:00
SAO_8199-10,São Paulo,3550308,True,,33575,,,-23.476204375,-46.664404375000004,,,,2,2023-06-17T02:44:06+00:00
SAO_8199-10,São Paulo,3550308,True,,33575,,,-23.468643,-46.7512295,,,,2,2023-06-17T02:44:30+00:00
SAO_8199-10,São Paulo,3550308,True,,33575,,,-23.4786465,-46.682732,,,,2,2023-06-17T02:44:04+00:00
SAO_8199-10,São Paulo,3550308,True,,33575,,,-23.469164499999998,-46.751718,,,,2,2023-06-17T02:44:14+00:00
SAO_8199-10,São Paulo,3550308,True,,33575,,,-23.4910665,-46.715449500000005,,,,2,2023-06-17T02:44:33+00:00
SAO_8199-10,São Paulo,3550308,True,,33575,,,-23.468867000000003,-46.7510885,,,,2,2023-06-17T02:44:34+00:00
SAO_8199-10,São Paulo,3550308,True,,33575,,,-23.49129825,-46.6948755,,,,2,2023-06-17T02:44:11+00:00
SAO_517J-10,São Paulo,3550308,True,,1129,,,-23.672126125,-46.66713075,,,,1,2023-06-17T02:44:12+00:00
SAO_517J-10,São Paulo,3550308,True,,1129,,,-23.659462,-46.679497,,,,1,2023-06-17T02:44:30+00:00
SAO_517J-10,São Paulo,3550308,True,,1129,,,-23.6892675,-46.656974000000005,,,,1,2023-06-17T02:44:36+00:00
SAO_517J-10,São Paulo,3550308,True,,1129,,,-23.690821999999997,-46.655268,,,,1,2023-06-17T02:43:58+00:00
SAO_517J-10,São Paulo,3550308,True,,1129,,,-23.6390545,-46.6766925,,,,1,2023-06-17T02:44:27+00:00
SAO_517J-10,São Paulo,3550308,True,,1129,,,-23.690821999999997,-46.655268,,,,1,2023-06-17T02:44:02+00:00
SAO_819A-10,São Paulo,3550308,True,Rápido Campinas,803,https://moovitapp.com/index/pt-br/transporte_p%C3%BAblico-line-803-Sao_Paulo-242-858660-544941-0,5.3,-23.438405,-46.748092,,,,1,2023-06-17T02:44:12+00:00
SAO_819A-10,São Paulo,3550308,True,Rápido Campinas,803,https://moovitapp.com/index/pt-br/transporte_p%C3%BAblico-line-803-Sao_Paulo-242-858660-544941-0,5.3,-23.452733000000002,-46.737095499999995,,,,1,2023-06-17T02:44:08+00:00
SAO_819A-10,São Paulo,3550308,True,Rápido Campinas,803,https://moovitapp.com/index/pt-br/transporte_p%C3%BAblico-line-803-Sao_Paulo-242-858660-544941-0,5.3,-23.4365905,-46.7530045,,,,1,2023-06-17T02:44:09+00:00
SAO_819A-10,São Paulo,3550308,True,Rápido Campinas,803,https://moovitapp.com/index/pt-br/transporte_p%C3%BAblico-line-803-Sao_Paulo-242-858660-544941-0,5.3,-23.447651999999998,-46.7435495,,,,1,2023-06-17T02:44:15+00:00
SAO_819A-10,São Paulo,3550308,True,Rápido Campinas,803,https://moovitapp.com/index/pt-br/transporte_p%C3%BAblico-line-803-Sao_Paulo-242-858660-544941-0,5.3,-23.442458249999998,-46.706540000000004,,,,1,2023-06-17T02:44:04+00:00
SAO_819A-10,São Paulo,3550308,True,Rápido Campinas,803,https://moovitapp.com/index/pt-br/transporte_p%C3%BAblico-line-803-Sao_Paulo-242-858660-544941-0,5.3,-23.474617249999998,-46.66626375,,,,1,2023-06-17T02:44:33+00:00
SAO_819A-10,São Paulo,3550308,True,Rápido Campinas,803,https://moovitapp.com/index/pt-br/transporte_p%C3%BAblico-line-803-Sao_Paulo-242-858660-544941-0,5.3,-23.438405,-46.748092,,,,1,2023-06-17T02:44:09+00:00
SAO_819A-10,São Paulo,3550308,True,Rápido Campinas,803,https://moovitapp.com/index/pt-br/transporte_p%C3%BAblico-line-803-Sao_Paulo-242-858660-544941-0,5.3,-23.4353805,-46.748854,,,,1,2023-06-17T02:44:20+00:00
SAO_819A-10,São Paulo,3550308,True,Rápido Campinas,803,https://moovitapp.com/index/pt-br/transporte_p%C3%BAblico-line-803-Sao_Paulo-242-858660-544941-0,5.3,-23.4413925,-46.7078645,,,,1,2023-06-17T02:44:31+00:00
SAO_8215-10,São Paulo,3550308,True,,33342,,,-23.461624,-46.7081955,,,,2,2023-06-17T02:44:09+00:00
SAO_8215-10,São Paulo,3550308,True,,33342,,,-23.502231000000002,-46.6916775,,,,2,2023-06-17T02:44:27+00:00
SAO_8215-10,São Paulo,3550308,True,,33342,,,-23.460388000000002,-46.709881499999995,,,,2,2023-06-17T02:44:30+00:00
SAO_8215-10,São Paulo,3550308,True,,33342,,,-23.4817435,-46.6920845,,,,2,2023-06-17T02:44:17+00:00
SAO_8215-10,São Paulo,3550308,True,,33342,,,-23.53345775,-46.655950875,,,,2,2023-06-17T02:44:26+00:00
SAO_8215-10,São Paulo,3550308,True,,33342,,,-23.461478,-46.7084365,,,,2,2023-06-17T02:44:21+00:00
SAO_8215-10,São Paulo,3550308,True,,33342,,,-23.461624,-46.7081955,,,,2,2023-06-17T02:43:59+00:00
SAO_4011-10,São Paulo,3550308,True,,34952,,,-23.601593,-46.431654375,,,,2,2023-06-17T02:44:18+00:00
SAO_4011-10,São Paulo,3550308,True,,34952,,,-23.62273675,-46.4174855,,,,2,2023-06-17T02:42:39+00:00
SAO_4011-10,São Paulo,3550308,True,,34952,,,-23.595904250000004,-46.43729625,,,,2,2023-06-17T02:44:23+00:00
SAO_4011-10,São Paulo,3550308,True,,34952,,,-23.613342000000003,-46.476561000000004,,,,2,2023-06-17T02:44:01+00:00
SAO_4011-10,São Paulo,3550308,True,,34952,,,-23.6227125,-46.414294,,,,2,2023-06-17T02:44:28+00:00
SAO_4011-10,São Paulo,3550308,True,,34952,,,-23.6224175,-46.414038500000004,,,,2,2023-06-17T02:41:05+00:00
SAO_9020-10,São Paulo,3550308,True,,34202,,,-23.4685845,-46.721347,,,,2,2023-06-17T02:44:10+00:00
SAO_9020-10,São Paulo,3550308,True,,34202,,,-23.4843435,-46.7227915,,,,2,2023-06-17T02:44:35+00:00
SAO_9020-10,São Paulo,3550308,True,,34202,,,-23.470364250000003,-46.7172915,,,,2,2023-06-17T02:44:31+00:00
SAO_6075-10,São Paulo,3550308,True,,33930,,,-23.7929365,-46.7285595,,,,2,2023-06-17T02:44:35+00:00
SAO_6075-10,São Paulo,3550308,True,,33930,,,-23.797689499999997,-46.7382825,,,,2,2023-06-17T02:44:33+00:00
SAO_6075-10,São Paulo,3550308,True,,33930,,,-23.797424,-46.737873,,,,2,2023-06-17T02:44:20+00:00
SAO_6075-10,São Paulo,3550308,True,,33930,,,-23.79731,-46.737770999999995,,,,2,2023-06-17T02:44:01+00:00
SAO_179X-10,São Paulo,3550308,True,,33448,,,-23.456147,-46.59026625,,,,2,2023-06-17T02:44:31+00:00
SAO_179X-10,São Paulo,3550308,True,,33448,,,-23.43987125,-46.578169,,,,2,2023-06-17T02:44:20+00:00
SAO_179X-10,São Paulo,3550308,True,,33448,,,-23.432447249999996,-46.57144625,,,,2,2023-06-17T02:44:06+00:00
SAO_179X-10,São Paulo,3550308,True,,33448,,,-23.4357835,-46.57394,,,,2,2023-06-17T02:44:07+00:00
SAO_179X-10,São Paulo,3550308,True,,33448,,,-23.4385665,-46.584245,,,,2,2023-06-17T02:44:34+00:00
SAO_179X-10,São Paulo,3550308,True,,33448,,,-23.4400605,-46.576306,,,,2,2023-06-17T02:43:59+00:00
SAO_179X-10,São Paulo,3550308,True,,33448,,,-23.511257375,-46.624893,,,,2,2023-06-17T02:44:24+00:00
SAO_179X-10,São Paulo,3550308,True,,33448,,,-23.5264125,-46.667292,,,,2,2023-06-17T02:44:08+00:00
SAO_179X-10,São Paulo,3550308,True,,33448,,,-23.5264125,-46.667292,,,,2,2023-06-17T02:44:38+00:00
SAO_179X-10,São Paulo,3550308,True,,33448,,,-23.49360925,-46.61139475,,,,2,2023-06-17T02:44:16+00:00
SAO_179X-10,São Paulo,3550308,True,,33448,,,-23.5260155,-46.645165375000005,,,,2,2023-06-17T02:44:38+00:00
SAO_179X-10,São Paulo,3550308,True,,33448,,,-23.526606,-46.6302455,,,,2,2023-06-17T02:44:25+00:00
SAO_179X-10,São Paulo,3550308,True,,33448,,,-23.529371500000003,-46.636503000000005,,,,2,2023-06-17T02:44:09+00:00
SAO_5318-10,São Paulo,3550308,True,,32813,,,-23.62104325,-46.678715249999996,,,,2,2023-06-17T02:44:37+00:00
SAO_5318-10,São Paulo,3550308,True,,32813,,,-23.665154625,-46.753176499999995,,,,2,2023-06-17T02:43:58+00:00
SAO_5318-10,São Paulo,3550308,True,,32813,,,-23.653668,-46.7349985,,,,2,2023-06-17T02:44:35+00:00
SAO_5318-10,São Paulo,3550308,True,,32813,,,-23.6671175,-46.7496735,,,,2,2023-06-17T02:44:13+00:00
SAO_5318-10,São Paulo,3550308,True,,32813,,,-23.665154625,-46.753176499999995,,,,2,2023-06-17T02:44:31+00:00
SAO_5318-10,São Paulo,3550308,True,,32813,,,-23.6646575,-46.753386,,,,2,2023-06-17T02:44:03+00:00
SAO_5318-10,São Paulo,3550308,True,,32813,,,-23.572406125,-46.641142875,,,,2,2023-06-17T02:44:16+00:00
SAO_5318-10,São Paulo,3550308,True,,32813,,,-23.6646575,-46.753386,,,,2,2023-06-17T02:44:08+00:00
SAO_5318-10,São Paulo,3550308,True,,32813,,,-23.600558375,-46.659465,,,,2,2023-06-17T02:44:31+00:00
SAO_273X-10,São Paulo,3550308,True,,33160,,,-23.497997624999996,-46.376735124999996,,,,2,2023-06-17T02:44:14+00:00
SAO_273X-10,São Paulo,3550308,True,,33160,,,-23.498168999999997,-46.376669500000006,,,,2,2023-06-17T02:44:05+00:00
SAO_273X-10,São Paulo,3550308,True,,33160,,,-23.527402375,-46.474377624999995,,,,2,2023-06-17T02:44:13+00:00
SAO_273X-10,São Paulo,3550308,True,,33160,,,-23.501832999999998,-46.3846645,,,,2,2023-06-17T02:44:36+00:00
SAO_273X-10,São Paulo,3550308,True,,33160,,,-23.502336,-46.471188,,,,2,2023-06-17T02:44:23+00:00
SAO_273X-10,São Paulo,3550308,True,,33160,,,-23.497790875,-46.376857375,,,,2,2023-06-17T02:44:29+00:00
SAO_273X-10,São Paulo,3550308,True,,33160,,,-23.4948075,-46.405891,,,,2,2023-06-17T02:44:33+00:00
SAO_273X-10,São Paulo,3550308,True,,33160,,,-23.4952525,-46.43242,,,,2,2023-06-17T02:44:24+00:00
SAO_3712-10,São Paulo,3550308,True,,33777,,,-23.5430045,-46.468266,,,,2,2023-06-17T02:44:03+00:00
SAO_3712-10,São Paulo,3550308,True,,33777,,,-23.55296125,-46.42555625,,,,2,2023-06-17T02:44:20+00:00
SAO_3712-10,São Paulo,3550308,True,,33777,,,-23.55296125,-46.42555625,,,,2,2023-06-17T02:43:56+00:00
SAO_3712-10,São Paulo,3550308,True,,33777,,,-23.55333575,-46.42540475,,,,2,2023-06-17T02:44:01+00:00
SAO_3712-10,São Paulo,3550308,True,,33777,,,-23.5516815,-46.4450945,,,,2,2023-06-17T02:44:17+00:00
SAO_172U-10,São Paulo,3550308,True,,33628,,,-23.5320885,-46.62537025,,,,2,2023-06-17T02:42:10+00:00
SAO_172U-10,São Paulo,3550308,True,,33628,,,-23.501627499999998,-46.6245885,,,,2,2023-06-17T02:44:02+00:00
SAO_172U-10,São Paulo,3550308,True,,33628,,,-23.575752,-46.5779145,,,,2,2023-06-17T02:44:31+00:00
SAO_172U-10,São Paulo,3550308,True,,33628,,,-23.43757025,-46.56626125,,,,2,2023-06-17T02:44:38+00:00
SAO_172U-10,São Paulo,3550308,True,,33628,,,-23.46284,-46.5951165,,,,2,2023-06-17T02:44:01+00:00
SAO_172U-10,São Paulo,3550308,True,,33628,,,-23.436823500000003,-46.566249,,,,2,2023-06-17T02:44:08+00:00
SAO_172U-10,São Paulo,3550308,True,,33628,,,-23.43757025,-46.56626125,,,,2,2023-06-17T02:44:37+00:00
SAO_172U-10,São Paulo,3550308,True,,33628,,,-23.43757025,-46.56626125,,,,2,2023-06-17T02:44:16+00:00
SAO_172U-10,São Paulo,3550308,True,,33628,,,-23.555578437499996,-46.599552875,,,,2,2023-06-17T02:44:31+00:00
SAO_172U-10,São Paulo,3550308,True,,33628,,,-23.4644525,-46.596099,,,,2,2023-06-17T02:43:57+00:00
SAO_172U-10,São Paulo,3550308,True,,33628,,,-23.464305000000003,-46.5959815,,,,2,2023-06-17T02:44:07+00:00
SAO_172U-10,São Paulo,3550308,True,,33628,,,-23.43757025,-46.56626125,,,,2,2023-06-17T02:44:34+00:00
SAO_172U-10,São Paulo,3550308,True,,33628,,,-23.43716675,-46.56625975,,,,2,2023-06-17T02:44:22+00:00
SAO_172U-10,São Paulo,3550308,True,,33628,,,-23.436823500000003,-46.566249,,,,2,2023-06-17T02:44:31+00:00
SAO_172U-10,São Paulo,3550308,True,,33628,,,-23.462445125000002,-46.594866999999994,,,,2,2023-06-17T02:44:10+00:00
SAO_172U-10,São Paulo,3550308,True,,33628,,,-23.43716675,-46.56625975,,,,2,2023-06-17T02:44:00+00:00
SAO_233A-10,São Paulo,3550308,True,EMTU,249,https://moovitapp.com/index/pt-br/transporte_p%C3%BAblico-line-249-Sao_Paulo-242-2038937-58093193-0,5.4,-23.510986000000003,-46.443539,,,,1,2023-06-17T02:44:19+00:00
SAO_233A-10,São Paulo,3550308,True,EMTU,249,https://moovitapp.com/index/pt-br/transporte_p%C3%BAblico-line-249-Sao_Paulo-242-2038937-58093193-0,5.4,-23.531779,-46.485549000000006,,,,1,2023-06-17T02:42:00+00:00
SAO_233A-10,São Paulo,3550308,True,EMTU,249,https://moovitapp.com/index/pt-br/transporte_p%C3%BAblico-line-249-Sao_Paulo-242-2038937-58093193-0,5.4,-23.485087937499998,-46.4345186875,,,,1,2023-06-17T02:43:32+00:00
SAO_4491-10,São Paulo,3550308,True,EMTU,327,https://moovitapp.com/index/pt-br/transporte_p%C3%BAblico-line-327-Sao_Paulo-242-2038937-36419415-0,5.35,-23.5482845,-46.6262175,,,,1,2023-06-17T02:44:27+00:00
SAO_4491-10,São Paulo,3550308,True,EMTU,327,https://moovitapp.com/index/pt-br/transporte_p%C3%BAblico-line-327-Sao_Paulo-242-2038937-36419415-0,5.35,-23.548029,-46.6263285,,,,1,2023-06-17T02:44:14+00:00
SAO_4491-10,São Paulo,3550308,True,EMTU,327,https://moovitapp.com/index/pt-br/transporte_p%C3%BAblico-line-327-Sao_Paulo-242-2038937-36419415-0,5.35,-23.6537795,-46.6173725,,,,1,2023-06-17T02:42:41+00:00
SAO_4491-10,São Paulo,3550308,True,EMTU,327,https://moovitapp.com/index/pt-br/transporte_p%C3%BAblico-line-327-Sao_Paulo-242-2038937-36419415-0,5.35,-23.652639,-46.6015785,,,,1,2023-06-17T02:44:28+00:00
SAO_1773-10,São Paulo,3550308,True,,637,,,-23.4825085,-46.630541,,,,1,2023-06-17T02:44:25+00:00
SAO_1773-10,São Paulo,3550308,True,,637,,,-23.4826065,-46.6307425,,,,1,2023-06-17T02:44:10+00:00
SAO_1773-10,São Paulo,3550308,True,,637,,,-23.47139775,-46.6125415,,,,1,2023-06-17T02:43:29+00:00
SAO_1773-10,São Paulo,3550308,True,,637,,,-23.48400425,-46.630812500000005,,,,1,2023-06-17T02:43:54+00:00
SAO_1773-10,São Paulo,3550308,True,,637,,,-23.473092,-46.613665,,,,1,2023-06-17T02:44:00+00:00
SAO_7040-10,São Paulo,3550308,True,,776,,,-23.60358225,-46.7122065,,,,1,2023-06-17T02:43:58+00:00
SAO_7040-10,São Paulo,3550308,True,,776,,,-23.565663,-46.693863500000006,,,,1,2023-06-17T02:44:36+00:00
SAO_7040-10,São Paulo,3550308,True,,776,,,-23.583760249999997,-46.6868875,,,,1,2023-06-17T02:44:19+00:00
SAO_7040-10,São Paulo,3550308,True,,776,,,-23.615879,-46.720952999999994,,,,1,2023-06-17T02:44:17+00:00
SAO_7040-10,São Paulo,3550308,True,,776,,,-23.5655225,-46.693991499999996,,,,1,2023-06-17T02:44:33+00:00
SAO_7040-10,São Paulo,3550308,True,,776,,,-23.622961,-46.7285805,,,,1,2023-06-17T02:44:36+00:00
SAO_7040-10,São Paulo,3550308,True,,776,,,-23.6162335,-46.720848000000004,,,,1,2023-06-17T02:43:47+00:00
SAO_5362-10,São Paulo,3550308,True,,32838,,,-23.6802825,-46.713233875,,,,2,2023-06-17T02:44:22+00:00
SAO_5362-10,São Paulo,3550308,True,,32838,,,-23.7545765,-46.679976499999995,,,,2,2023-06-17T02:44:32+00:00
SAO_5362-10,São Paulo,3550308,True,,32838,,,-23.58114725,-46.6574995,,,,2,2023-06-17T02:44:17+00:00
SAO_5362-10,São Paulo,3550308,True,,32838,,,-23.701024250000003,-46.71515425,,,,2,2023-06-17T02:40:44+00:00
SAO_5362-10,São Paulo,3550308,True,,32838,,,-23.606692125000002,-46.66522775,,,,2,2023-06-17T02:44:24+00:00
SAO_5362-10,São Paulo,3550308,True,,32838,,,-23.7386215,-46.6918455,,,,2,2023-06-17T02:44:07+00:00
SAO_5362-10,São Paulo,3550308,True,,32838,,,-23.7543765,-46.6802115,,,,2,2023-06-17T02:44:25+00:00
SAO_5362-10,São Paulo,3550308,True,,32838,,,-23.6326475,-46.68952175,,,,2,2023-06-17T02:44:26+00:00
SAO_856R-10,São Paulo,3550308,True,,1428,,,-23.669694,-46.71912525,,,,1,2023-06-17T02:43:13+00:00
SAO_856R-10,São Paulo,3550308,True,,1428,,,-23.58310125,-46.6839305,,,,1,2023-06-17T02:43:59+00:00
SAO_856R-10,São Paulo,3550308,True,,1428,,,-23.670790124999996,-46.71636074999999,,,,1,2023-06-17T02:43:50+00:00
SAO_856R-10,São Paulo,3550308,True,,1428,,,-23.670057,-46.71970575,,,,1,2023-06-17T02:44:07+00:00
SAO_856R-10,São Paulo,3550308,True,,1428,,,-23.521862,-46.6976475,,,,1,2023-06-17T02:43:25+00:00
SAO_856R-10,São Paulo,3550308,True,,1428,,,-23.54366,-46.683238,,,,1,2023-06-17T02:44:03+00:00
SAO_856R-10,São Paulo,3550308,True,,1428,,,-23.521862,-46.6976475,,,,1,2023-06-17T02:44:23+00:00
SAO_856R-10,São Paulo,3550308,True,,1428,,,-23.640416000000002,-46.6982995,,,,1,2023-06-17T02:44:35+00:00
SAO_856R-10,São Paulo,3550308,True,,1428,,,-23.6345465,-46.69410675,,,,1,2023-06-17T02:44:34+00:00
SAO_856R-10,São Paulo,3550308,True,,1428,,,-23.617585,-46.681419500000004,,,,1,2023-06-17T02:43:56+00:00
SAO_856R-10,São Paulo,3550308,True,,1428,,,-23.5798075,-46.685481499999995,,,,1,2023-06-17T02:44:24+00:00
SAO_856R-10,São Paulo,3550308,True,,1428,,,-23.636039,-46.6954255,,,,1,2023-06-17T02:44:31+00:00
SAO_856R-10,São Paulo,3550308,True,,1428,,,-23.640416000000002,-46.6982995,,,,1,2023-06-17T02:44:37+00:00
SAO_3785-10,São Paulo,3550308,True,,1063,,,-23.5827635,-46.4086625,,,,1,2023-06-17T02:44:34+00:00
SAO_3785-10,São Paulo,3550308,True,,1063,,,-23.574809000000002,-46.4449745,,,,1,2023-06-17T02:44:08+00:00
SAO_3785-10,São Paulo,3550308,True,,1063,,,-23.578114499999998,-46.4431575,,,,1,2023-06-17T02:44:41+00:00
SAO_3785-10,São Paulo,3550308,True,,1063,,,-23.5424255,-46.470012,,,,1,2023-06-17T02:44:15+00:00
SAO_3785-10,São Paulo,3550308,True,,1063,,,-23.542533499999998,-46.47067,,,,1,2023-06-17T02:44:01+00:00
SAO_3785-10,São Paulo,3550308,True,,1063,,,-23.585963,-46.443040499999995,,,,1,2023-06-17T02:43:59+00:00
SAO_5119-10,São Paulo,3550308,True,,32769,,,-23.604088,-46.725159,,,,2,2023-06-17T02:44:20+00:00
SAO_5119-10,São Paulo,3550308,True,,32769,,,-23.5634755,-46.6459355,,,,2,2023-06-17T02:44:16+00:00
SAO_5119-10,São Paulo,3550308,True,,32769,,,-23.620366,-46.733360000000005,,,,2,2023-06-17T02:44:03+00:00
SAO_5119-10,São Paulo,3550308,True,,32769,,,-23.589287499999998,-46.7009585,,,,2,2023-06-17T02:44:07+00:00
SAO_5119-10,São Paulo,3550308,True,,32769,,,-23.551664000000002,-46.6372965,,,,2,2023-06-17T02:44:16+00:00
SAO_5119-10,São Paulo,3550308,True,,32769,,,-23.64505,-46.7459375,,,,2,2023-06-17T02:44:41+00:00
SAO_5119-10,São Paulo,3550308,True,,32769,,,-23.6440135,-46.734696,,,,2,2023-06-17T02:44:07+00:00
SAO_5119-10,São Paulo,3550308,True,,32769,,,-23.654844500000003,-46.76161,,,,2,2023-06-17T02:44:33+00:00
SAO_5119-10,São Paulo,3550308,True,,32769,,,-23.598392250000003,-46.719709,,,,2,2023-06-17T02:44:01+00:00
SAO_5119-10,São Paulo,3550308,True,,32769,,,-23.6545125,-46.761236499999995,,,,2,2023-06-17T02:44:37+00:00
SAO_5119-10,São Paulo,3550308,True,,32769,,,-23.647973,-46.7483545,,,,2,2023-06-17T02:44:27+00:00
SAO_6041-10,São Paulo,3550308,True,,33986,,,-23.6614595,-46.768571,,,,2,2023-06-17T02:44:07+00:00
SAO_6041-10,São Paulo,3550308,True,,33986,,,-23.686469000000002,-46.780176,,,,2,2023-06-17T02:44:23+00:00
SAO_6041-10,São Paulo,3550308,True,,33986,,,-23.6899145,-46.7808755,,,,2,2023-06-17T02:43:48+00:00
SAO_6041-10,São Paulo,3550308,True,,33986,,,-23.651766000000002,-46.7078845,,,,2,2023-06-17T02:44:37+00:00
SAO_6041-10,São Paulo,3550308,True,,33986,,,-23.649793,-46.708727499999995,,,,2,2023-06-17T02:44:15+00:00
SAO_6041-10,São Paulo,3550308,True,,33986,,,-23.639552,-46.720392000000004,,,,2,2023-06-17T02:44:39+00:00
SAO_6041-10,São Paulo,3550308,True,,33986,,,-23.6493095,-46.7519875,,,,2,2023-06-17T02:43:59+00:00
SAO_6041-10,São Paulo,3550308,True,,33986,,,-23.6881235,-46.7810425,,,,2,2023-06-17T02:43:58+00:00
SAO_6041-10,São Paulo,3550308,True,,33986,,,-23.6899145,-46.7808755,,,,2,2023-06-17T02:44:35+00:00
SAO_6041-10,São Paulo,3550308,True,,33986,,,-23.665391,-46.7707355,,,,2,2023-06-17T02:44:34+00:00
SAO_6041-10,São Paulo,3550308,True,,33986,,,-23.644084499999998,-46.7308075,,,,2,2023-06-17T02:39:37+00:00
SAO_6041-10,São Paulo,3550308,True,,33986,,,-23.68547025,-46.779642,,,,2,2023-06-17T02:44:17+00:00
SAO_807A-10,São Paulo,3550308,True,,34668,,,-23.63973,-46.7666165,,,,2,2023-06-17T02:43:59+00:00
SAO_807A-10,São Paulo,3550308,True,,34668,,,-23.630661,-46.773396000000005,,,,2,2023-06-17T02:44:35+00:00
SAO_807A-10,São Paulo,3550308,True,,34668,,,-23.630661,-46.773396000000005,,,,2,2023-06-17T02:44:39+00:00
SAO_807A-10,São Paulo,3550308,True,,34668,,,-23.6438595,-46.731730999999996,,,,2,2023-06-17T02:44:16+00:00
SAO_807A-10,São Paulo,3550308,True,,34668,,,-23.630661,-46.773396000000005,,,,2,2023-06-17T02:43:56+00:00
SAO_807A-10,São Paulo,3550308,True,,34668,,,-23.6543065,-46.711505,,,,2,2023-06-17T02:44:27+00:00
SAO_807A-10,São Paulo,3550308,True,,34668,,,-23.633803999999998,-46.7728245,,,,2,2023-06-17T02:44:07+00:00
SAO_7053-10,São Paulo,3550308,True,,1887,,,-23.65385975,-46.79008575,,,,1,2023-06-17T02:44:01+00:00
SAO_7053-10,São Paulo,3550308,True,,1887,,,-23.631153500000003,-46.7733425,,,,1,2023-06-17T02:44:28+00:00
SAO_7053-10,São Paulo,3550308,True,,1887,,,-23.6364275,-46.7779335,,,,1,2023-06-17T02:44:03+00:00
SAO_6505-10,São Paulo,3550308,True,,1450,,,-23.6636725,-46.7077935,,,,1,2023-06-17T02:44:20+00:00
SAO_6505-10,São Paulo,3550308,True,,1450,,,-23.57027475,-46.66202125,,,,1,2023-06-17T02:44:00+00:00
SAO_6505-10,São Paulo,3550308,True,,1450,,,-23.5533975,-46.64797,,,,1,2023-06-17T02:44:40+00:00
SAO_6505-10,São Paulo,3550308,True,,1450,,,-23.668707,-46.7352225,,,,1,2023-06-17T02:38:03+00:00
SAO_6505-10,São Paulo,3550308,True,,1450,,,-23.627395999999997,-46.688033250000004,,,,1,2023-06-17T02:44:26+00:00
SAO_6505-10,São Paulo,3550308,True,,1450,,,-23.60456625,-46.675004,,,,1,2023-06-17T02:44:21+00:00
SAO_6505-10,São Paulo,3550308,True,,1450,,,-23.668707,-46.7352225,,,,1,2023-06-17T02:44:07+00:00
SAO_6505-10,São Paulo,3550308,True,,1450,,,-23.668707,-46.7352225,,,,1,2023-06-17T02:44:28+00:00
SAO_575A-10,São Paulo,3550308,True,,34406,,,-23.601844999999997,-46.5706005,,,,2,2023-06-17T02:43:55+00:00
SAO_575A-10,São Paulo,3550308,True,,34406,,,-23.5607845,-46.585155,,,,2,2023-06-17T02:44:36+00:00
SAO_575A-10,São Paulo,3550308,True,,34406,,,-23.6018545,-46.57027,,,,2,2023-06-17T02:44:32+00:00
SAO_575A-10,São Paulo,3550308,True,,34406,,,-23.58678475,-46.58213550000001,,,,2,2023-06-17T02:44:06+00:00
SAO_971T-10,São Paulo,3550308,True,,33386,,,-23.489710000000002,-46.643010000000004,,,,2,2023-06-17T02:44:23+00:00
SAO_971T-10,São Paulo,3550308,True,,33386,,,-23.493746,-46.674699000000004,,,,2,2023-06-17T02:43:57+00:00
SAO_971T-10,São Paulo,3550308,True,,33386,,,-23.4938855,-46.67772025,,,,2,2023-06-17T02:44:03+00:00
SAO_971T-10,São Paulo,3550308,True,,33386,,,-23.4935815,-46.6744245,,,,2,2023-06-17T02:44:29+00:00
SAO_971T-10,São Paulo,3550308,True,,33386,,,-23.493473,-46.6740915,,,,2,2023-06-17T02:44:15+00:00
SAO_971T-10,São Paulo,3550308,True,,33386,,,-23.493351249999996,-46.675582250000005,,,,2,2023-06-17T02:44:01+00:00
SAO_6258-10,São Paulo,3550308,True,,34000,,,-23.659002,-46.705525,,,,2,2023-06-17T02:44:05+00:00
SAO_6258-10,São Paulo,3550308,True,,34000,,,-23.688465,-46.742569625,,,,2,2023-06-17T02:44:39+00:00
SAO_6258-10,São Paulo,3550308,True,,34000,,,-23.691426,-46.7462425,,,,2,2023-06-17T02:44:16+00:00
SAO_6258-10,São Paulo,3550308,True,,34000,,,-23.691446499999998,-46.7465235,,,,2,2023-06-17T02:44:32+00:00
SAO_2025-10,São Paulo,3550308,True,,35035,,,-23.4751065,-46.592967,,,,2,2023-06-17T02:44:35+00:00
SAO_2025-10,São Paulo,3550308,True,,35035,,,-23.502243999999997,-46.623825,,,,2,2023-06-17T02:44:15+00:00
SAO_2025-10,São Paulo,3550308,True,,35035,,,-23.483215,-46.60642525,,,,2,2023-06-17T02:41:19+00:00
SAO_2025-10,São Paulo,3550308,True,,35035,,,-23.502243999999997,-46.623825,,,,2,2023-06-17T02:44:38+00:00
SAO_2025-10,São Paulo,3550308,True,,35035,,,-23.47514125,-46.59330275,,,,2,2023-06-17T02:44:33+00:00
SAO_5370-10,São Paulo,3550308,True,,1442,,,-23.7673145,-46.7161625,,,,1,2023-06-17T02:44:15+00:00
SAO_5370-10,São Paulo,3550308,True,,1442,,,-23.625822,-46.683039,,,,1,2023-06-17T02:43:58+00:00
SAO_5370-10,São Paulo,3550308,True,,1442,,,-23.7673145,-46.7161625,,,,1,2023-06-17T02:44:18+00:00
SAO_5370-10,São Paulo,3550308,True,,1442,,,-23.648898000000003,-46.703265,,,,1,2023-06-17T02:44:07+00:00
SAO_5370-10,São Paulo,3550308,True,,1442,,,-23.557504625,-46.63795987499999,,,,1,2023-06-17T02:44:01+00:00
SAO_5370-10,São Paulo,3550308,True,,1442,,,-23.767859,-46.716285,,,,1,2023-06-17T02:44:00+00:00
SAO_5370-10,São Paulo,3550308,True,,1442,,,-23.7673145,-46.7161625,,,,1,2023-06-17T02:44:01+00:00
SAO_5370-10,São Paulo,3550308,True,,1442,,,-23.767961,-46.716508,,,,1,2023-06-17T02:44:36+00:00
SAO_5370-10,São Paulo,3550308,True,,1442,,,-23.644948375,-46.700573000000006,,,,1,2023-06-17T02:44:09+00:00
SAO_5370-10,São Paulo,3550308,True,,1442,,,-23.7174195,-46.699020000000004,,,,1,2023-06-17T02:44:04+00:00
SAO_8013-10,São Paulo,3550308,True,,800,,,-23.4325754375,-46.786764125000005,,,,1,2023-06-17T02:44:25+00:00
SAO_8013-10,São Paulo,3550308,True,,800,,,-23.4318903125,-46.786874375,,,,1,2023-06-17T02:44:15+00:00
SAO_8013-10,São Paulo,3550308,True,,800,,,-23.432118687499997,-46.786837625000004,,,,1,2023-06-17T02:44:20+00:00
SAO_8013-10,São Paulo,3550308,True,,800,,,-23.468535250000002,-46.77892250000001,,,,1,2023-06-17T02:44:03+00:00
SAO_8013-10,São Paulo,3550308,True,,800,,,-23.433141875,-46.786676375,,,,1,2023-06-17T02:44:28+00:00
SAO_8013-10,São Paulo,3550308,True,,800,,,-23.431413,-46.7872125,,,,1,2023-06-17T02:44:15+00:00
SAO_8013-10,São Paulo,3550308,True,,800,,,-23.431413,-46.7872125,,,,1,2023-06-17T02:44:25+00:00
SAO_8013-10,São Paulo,3550308,True,,800,,,-23.5099725,-46.729633,,,,1,2023-06-17T02:43:43+00:00
SAO_8013-10,São Paulo,3550308,True,,800,,,-23.431413,-46.7872125,,,,1,2023-06-17T02:43:59+00:00
SAO_6000-10,São Paulo,3550308,True,,33908,,,-23.679636499999997,-46.712941375,,,,2,2023-06-17T02:44:19+00:00
SAO_6000-10,São Paulo,3550308,True,,33908,,,-23.687755,-46.7146915,,,,2,2023-06-17T02:44:33+00:00
SAO_6000-10,São Paulo,3550308,True,,33908,,,-23.7727445,-46.720183,,,,2,2023-06-17T02:37:36+00:00
SAO_6000-10,São Paulo,3550308,True,,33908,,,-23.654213,-46.710369,,,,2,2023-06-17T02:44:24+00:00
SAO_6000-10,São Paulo,3550308,True,,33908,,,-23.7854925,-46.725989,,,,2,2023-06-17T02:44:33+00:00
SAO_6000-10,São Paulo,3550308,True,,33908,,,-23.71994275,-46.698530250000005,,,,2,2023-06-17T02:44:16+00:00
SAO_6000-10,São Paulo,3550308,True,,33908,,,-23.826211875,-46.7326355,,,,2,2023-06-17T02:44:34+00:00
SAO_6000-10,São Paulo,3550308,True,,33908,,,-23.827517999999998,-46.729181499999996,,,,2,2023-06-17T02:44:31+00:00
SAO_6000-10,São Paulo,3550308,True,,33908,,,-23.661774,-46.7064065,,,,2,2023-06-17T02:43:59+00:00
SAO_6000-10,São Paulo,3550308,True,,33908,,,-23.7713215,-46.719058000000004,,,,2,2023-06-17T02:41:03+00:00
SAO_6000-10,São Paulo,3550308,True,,33908,,,-23.73999275,-46.70314275,,,,2,2023-06-17T02:43:58+00:00
SAO_574R-10,São Paulo,3550308,True,,1623,,,-23.5449305,-46.588572,,,,1,2023-06-17T02:43:43+00:00
SAO_574R-10,São Paulo,3550308,True,,1623,,,-23.593385249999997,-46.527700249999995,,,,1,2023-06-17T02:44:25+00:00
SAO_574R-10,São Paulo,3550308,True,,1623,,,-23.5581175,-46.577285,,,,1,2023-06-17T02:44:24+00:00
SAO_3902-10,São Paulo,3550308,True,,1470,,,-23.493553,-46.3754735,,,,1,2023-06-17T02:44:07+00:00
SAO_3902-10,São Paulo,3550308,True,,1470,,,-23.541795,-46.415766,,,,1,2023-06-17T02:40:40+00:00
SAO_3902-10,São Paulo,3550308,True,,1470,,,-23.5060585,-46.4113515,,,,1,2023-06-17T02:44:14+00:00
SAO_1772-10,São Paulo,3550308,True,,33403,,,-23.4352895,-46.5818785,,,,2,2023-06-17T02:44:30+00:00
SAO_1772-10,São Paulo,3550308,True,,33403,,,-23.4352895,-46.5818785,,,,2,2023-06-17T02:44:01+00:00
SAO_1772-10,São Paulo,3550308,True,,33403,,,-23.434998,-46.5813665,,,,2,2023-06-17T02:44:19+00:00
SAO_1772-10,São Paulo,3550308,True,,33403,,,-23.434998,-46.5813665,,,,2,2023-06-17T02:44:24+00:00
SAO_1772-10,São Paulo,3550308,True,,33403,,,-23.480548,-46.602700999999996,,,,2,2023-06-17T02:44:16+00:00
SAO_1772-10,São Paulo,3550308,True,,33403,,,-23.435454,-46.582171,,,,2,2023-06-17T02:44:27+00:00
SAO_1772-10,São Paulo,3550308,True,,33403,,,-23.435150999999998,-46.581629,,,,2,2023-06-17T02:44:29+00:00
SAO_1772-10,São Paulo,3550308,True,,33403,,,-23.45068,-46.585150999999996,,,,2,2023-06-17T02:44:02+00:00
SAO_938V-10,São Paulo,3550308,True,STT,813,https://moovitapp.com/index/pt-br/transporte_p%C3%BAblico-line-813-Sao_Paulo-242-850661-183360-0,5.3,-23.484436,-46.691058999999996,,,,1,2023-06-17T02:44:04+00:00
SAO_938V-10,São Paulo,3550308,True,STT,813,https://moovitapp.com/index/pt-br/transporte_p%C3%BAblico-line-813-Sao_Paulo-242-850661-183360-0,5.3,-23.46427375,-46.67911275,,,,1,2023-06-17T02:44:11+00:00
SAO_938V-10,São Paulo,3550308,True,STT,813,https://moovitapp.com/index/pt-br/transporte_p%C3%BAblico-line-813-Sao_Paulo-242-850661-183360-0,5.3,-23.523763250000002,-46.702005125,,,,1,2023-06-17T02:44:25+00:00
SAO_938V-10,São Paulo,3550308,True,STT,813,https://moovitapp.com/index/pt-br/transporte_p%C3%BAblico-line-813-Sao_Paulo-242-850661-183360-0,5.3,-23.5266685,-46.6673215,,,,1,2023-06-17T02:44:25+00:00
SAO_938V-10,São Paulo,3550308,True,STT,813,https://moovitapp.com/index/pt-br/transporte_p%C3%BAblico-line-813-Sao_Paulo-242-850661-183360-0,5.3,-23.5308065,-46.677728,,,,1,2023-06-17T02:44:35+00:00
SAO_938V-10,São Paulo,3550308,True,STT,813,https://moovitapp.com/index/pt-br/transporte_p%C3%BAblico-line-813-Sao_Paulo-242-850661-183360-0,5.3,-23.527545,-46.686034375,,,,1,2023-06-17T02:44:03+00:00
SAO_938V-10,São Paulo,3550308,True,STT,813,https://moovitapp.com/index/pt-br/transporte_p%C3%BAblico-line-813-Sao_Paulo-242-850661-183360-0,5.3,-23.52075175,-46.702160125000006,,,,1,2023-06-17T02:44:30+00:00
SAO_307C-10,São Paulo,3550308,True,,2114,,,-23.503588,-46.380306000000004,,,,1,2023-06-17T02:44:08+00:00
SAO_307C-10,São Paulo,3550308,True,,2114,,,-23.4959585,-46.402874499999996,,,,1,2023-06-17T02:42:29+00:00
SAO_307C-10,São Paulo,3550308,True,,2114,,,-23.49783775,-46.46054675,,,,1,2023-06-17T02:43:54+00:00
SAO_307C-10,São Paulo,3550308,True,,2114,,,-23.540062499999998,-46.482594375,,,,1,2023-06-17T02:44:13+00:00
SAO_746K-10,São Paulo,3550308,True,,33555,,,-23.6188595,-46.7225445,,,,2,2023-06-17T02:44:04+00:00
SAO_746K-10,São Paulo,3550308,True,,33555,,,-23.6187375,-46.722241,,,,2,2023-06-17T02:44:04+00:00
SAO_746K-10,São Paulo,3550308,True,,33555,,,-23.623874999999998,-46.7166175,,,,2,2023-06-17T02:44:31+00:00
SAO_746K-10,São Paulo,3550308,True,,33555,,,-23.617986000000002,-46.684583,,,,2,2023-06-17T02:44:25+00:00
SAO_746K-10,São Paulo,3550308,True,,33555,,,-23.6187375,-46.722241,,,,2,2023-06-17T02:37:12+00:00
SAO_746K-10,São Paulo,3550308,True,,33555,,,-23.6187375,-46.722241,,,,2,2023-06-17T02:44:02+00:00
SAO_7006-51,São Paulo,3550308,True,,1997,,,-23.681235,-46.7693535,,,,1,2023-06-17T02:44:10+00:00
SAO_7006-51,São Paulo,3550308,True,,1997,,,-23.661021499999997,-46.7695115,,,,1,2023-06-17T02:44:11+00:00
SAO_7006-51,São Paulo,3550308,True,,1997,,,-23.711059249999998,-46.78280675,,,,1,2023-06-17T02:44:28+00:00
SAO_7006-51,São Paulo,3550308,True,,1997,,,-23.7488905,-46.7831885,,,,1,2023-06-17T02:44:33+00:00
SAO_7006-51,São Paulo,3550308,True,,1997,,,-23.734791,-46.7816675,,,,1,2023-06-17T02:44:14+00:00
SAO_175P-10,São Paulo,3550308,True,,675,,,-23.567117125000003,-46.649771375,,,,1,2023-06-17T02:44:07+00:00
SAO_175P-10,São Paulo,3550308,True,,675,,,-23.502966999999998,-46.6260415,,,,1,2023-06-17T02:43:55+00:00
SAO_175P-10,São Paulo,3550308,True,,675,,,-23.526927999999998,-46.664887,,,,1,2023-06-17T02:44:37+00:00
SAO_175P-10,São Paulo,3550308,True,,675,,,-23.5576405,-46.660886500000004,,,,1,2023-06-17T02:44:28+00:00
SAO_175P-10,São Paulo,3550308,True,,675,,,-23.505285999999998,-46.6553195,,,,1,2023-06-17T02:44:18+00:00
SAO_175P-10,São Paulo,3550308,True,,675,,,-23.554719499999997,-46.6695305,,,,1,2023-06-17T02:44:17+00:00
SAO_175P-10,São Paulo,3550308,True,,675,,,-23.585694562500002,-46.63656756249999,,,,1,2023-06-17T02:44:15+00:00
SAO_175P-10,São Paulo,3550308,True,,675,,,-23.502966999999998,-46.6260415,,,,1,2023-06-17T02:44:34+00:00
SAO_175P-10,São Paulo,3550308,True,,675,,,-23.583523999999997,-46.637173250000004,,,,1,2023-06-17T02:44:26+00:00
SAO_175P-10,São Paulo,3550308,True,,675,,,-23.5866330625,-46.63597006249999,,,,1,2023-06-17T02:43:55+00:00
SAO_175P-10,São Paulo,3550308,True,,675,,,-23.5861638125,-46.63626881249999,,,,1,2023-06-17T02:44:17+00:00
SAO_2582-10,São Paulo,3550308,True,,33142,,,-23.502323875000002,-46.534567374999995,,,,2,2023-06-17T02:44:11+00:00
SAO_2582-10,São Paulo,3550308,True,,33142,,,-23.514255,-46.425095999999996,,,,2,2023-06-17T02:44:22+00:00
SAO_2582-10,São Paulo,3550308,True,,33142,,,-23.51908225,-46.42337275,,,,2,2023-06-17T02:44:19+00:00
SAO_2582-10,São Paulo,3550308,True,,33142,,,-23.539895,-46.61106075,,,,2,2023-06-17T02:43:57+00:00
SAO_2582-10,São Paulo,3550308,True,,33142,,,-23.535035,-46.581171999999995,,,,2,2023-06-17T02:44:19+00:00
SAO_2582-10,São Paulo,3550308,True,,33142,,,-23.506382000000002,-46.443101,,,,2,2023-06-17T02:44:26+00:00
SAO_2582-10,São Paulo,3550308,True,,33142,,,-23.494197624999998,-46.4716175,,,,2,2023-06-17T02:44:16+00:00
SAO_2582-10,São Paulo,3550308,True,,33142,,,-23.5191965,-46.423187999999996,,,,2,2023-06-17T02:43:59+00:00
SAO_2582-10,São Paulo,3550308,True,,33142,,,-23.4846215,-46.496114,,,,2,2023-06-17T02:43:58+00:00
SAO_2582-10,São Paulo,3550308,True,,33142,,,-23.5191709375,-46.42302318749999,,,,2,2023-06-17T02:44:18+00:00
SAO_273R-10,São Paulo,3550308,True,,32994,,,-23.525419875,-46.474753125,,,,2,2023-06-17T02:44:16+00:00
SAO_273R-10,São Paulo,3550308,True,,32994,,,-23.5384885,-46.47931125,,,,2,2023-06-17T02:42:25+00:00
SAO_273R-10,São Paulo,3550308,True,,32994,,,-23.5401805,-46.483284,,,,2,2023-06-17T02:44:01+00:00
SAO_273R-10,São Paulo,3550308,True,,32994,,,-23.519428875000003,-46.475841124999995,,,,2,2023-06-17T02:44:11+00:00
SAO_273R-10,São Paulo,3550308,True,,32994,,,-23.52228,-46.4125755,,,,2,2023-06-17T02:44:32+00:00
SAO_273R-10,São Paulo,3550308,True,,32994,,,-23.522662999999998,-46.41263875,,,,2,2023-06-17T02:44:11+00:00
SAO_273R-10,São Paulo,3550308,True,,32994,,,-23.522662999999998,-46.41263875,,,,2,2023-06-17T02:44:04+00:00
SAO_273R-10,São Paulo,3550308,True,,32994,,,-23.523322375,-46.41274475,,,,2,2023-06-17T02:44:33+00:00
SAO_5127-10,São Paulo,3550308,True,,33895,,,-23.6869455,-46.6668205,,,,2,2023-06-17T02:44:38+00:00
SAO_5127-10,São Paulo,3550308,True,,33895,,,-23.677825,-46.701614500000005,,,,2,2023-06-17T02:44:35+00:00
SAO_5127-10,São Paulo,3550308,True,,33895,,,-23.677825,-46.701614500000005,,,,2,2023-06-17T02:44:18+00:00
SAO_5127-10,São Paulo,3550308,True,,33895,,,-23.6956535,-46.651086,,,,2,2023-06-17T02:44:32+00:00
SAO_5127-10,São Paulo,3550308,True,,33895,,,-23.6808655,-46.683137,,,,2,2023-06-17T02:44:39+00:00
SAO_5127-10,São Paulo,3550308,True,,33895,,,-23.6994135,-46.629644,,,,2,2023-06-17T02:44:15+00:00
SAO_5127-10,São Paulo,3550308,True,,33895,,,-23.702229000000003,-46.639818500000004,,,,2,2023-06-17T02:44:22+00:00
SAO_5127-10,São Paulo,3550308,True,,33895,,,-23.70211425,-46.640169,,,,2,2023-06-17T02:44:15+00:00
SAO_5127-10,São Paulo,3550308,True,,33895,,,-23.70211425,-46.640169,,,,2,2023-06-17T02:44:10+00:00
SAO_5127-10,São Paulo,3550308,True,,33895,,,-23.702312,-46.636973,,,,2,2023-06-17T02:44:02+00:00
SAO_5127-10,São Paulo,3550308,True,,33895,,,-23.677825,-46.701614500000005,,,,2,2023-06-17T02:44:19+00:00
SAO_5127-10,São Paulo,3550308,True,,33895,,,-23.677825,-46.701614500000005,,,,2,2023-06-17T02:44:14+00:00
SAO_5127-10,São Paulo,3550308,True,,33895,,,-23.7020785,-46.6334855,,,,2,2023-06-17T02:44:12+00:00
SAO_5127-10,São Paulo,3550308,True,,33895,,,-23.687186750000002,-46.668724749999996,,,,2,2023-06-17T02:44:02+00:00
SAO_5127-10,São Paulo,3550308,True,,33895,,,-23.677825,-46.701614500000005,,,,2,2023-06-17T02:44:21+00:00
SAO_211V-10,São Paulo,3550308,True,,32922,,,-23.49014725,-46.497693999999996,,,,2,2023-06-17T02:43:07+00:00
SAO_211V-10,São Paulo,3550308,True,,32922,,,-23.4943225,-46.470273,,,,2,2023-06-17T02:44:32+00:00
SAO_967A-10,São Paulo,3550308,True,EMTU,568,https://moovitapp.com/index/pt-br/transporte_p%C3%BAblico-line-568-Sao_Paulo-242-2038937-36419565-0,7.8,-23.4804295,-46.656615,,,,1,2023-06-17T02:44:28+00:00
SAO_967A-10,São Paulo,3550308,True,EMTU,568,https://moovitapp.com/index/pt-br/transporte_p%C3%BAblico-line-568-Sao_Paulo-242-2038937-36419565-0,7.8,-23.576174,-46.6874595,,,,1,2023-06-17T02:43:58+00:00
SAO_967A-10,São Paulo,3550308,True,EMTU,568,https://moovitapp.com/index/pt-br/transporte_p%C3%BAblico-line-568-Sao_Paulo-242-2038937-36419565-0,7.8,-23.513688625,-46.655903374999994,,,,1,2023-06-17T02:44:31+00:00
SAO_967A-10,São Paulo,3550308,True,EMTU,568,https://moovitapp.com/index/pt-br/transporte_p%C3%BAblico-line-568-Sao_Paulo-242-2038937-36419565-0,7.8,-23.4994854375,-46.65382962500001,,,,1,2023-06-17T02:44:16+00:00
SAO_967A-10,São Paulo,3550308,True,EMTU,568,https://moovitapp.com/index/pt-br/transporte_p%C3%BAblico-line-568-Sao_Paulo-242-2038937-36419565-0,7.8,-23.4804295,-46.656615,,,,1,2023-06-17T02:44:11+00:00
SAO_967A-10,São Paulo,3550308,True,EMTU,568,https://moovitapp.com/index/pt-br/transporte_p%C3%BAblico-line-568-Sao_Paulo-242-2038937-36419565-0,7.8,-23.5655575,-46.6931725,,,,1,2023-06-17T02:44:01+00:00
SAO_967A-10,São Paulo,3550308,True,EMTU,568,https://moovitapp.com/index/pt-br/transporte_p%C3%BAblico-line-568-Sao_Paulo-242-2038937-36419565-0,7.8,-23.4804295,-46.656615,,,,1,2023-06-17T02:44:28+00:00
SAO_967A-10,São Paulo,3550308,True,EMTU,568,https://moovitapp.com/index/pt-br/transporte_p%C3%BAblico-line-568-Sao_Paulo-242-2038937-36419565-0,7.8,-23.4804295,-46.656615,,,,1,2023-06-17T02:44:23+00:00
SAO_2772-10,São Paulo,3550308,True,,33166,,,-23.498639000000004,-46.464862,,,,2,2023-06-17T02:44:19+00:00
SAO_2772-10,São Paulo,3550308,True,,33166,,,-23.523301,-46.4105365,,,,2,2023-06-17T02:44:05+00:00
SAO_2772-10,São Paulo,3550308,True,,33166,,,-23.533080499999997,-46.543136,,,,2,2023-06-17T02:44:30+00:00
SAO_2772-10,São Paulo,3550308,True,,33166,,,-23.533096999999998,-46.543204,,,,2,2023-06-17T02:44:37+00:00
SAO_2772-10,São Paulo,3550308,True,,33166,,,-23.522428750000003,-46.40809575,,,,2,2023-06-17T02:43:06+00:00
SAO_2772-10,São Paulo,3550308,True,,33166,,,-23.518687,-46.404603,,,,2,2023-06-17T02:44:26+00:00
SAO_2772-10,São Paulo,3550308,True,,33166,,,-23.5127235,-46.515349,,,,2,2023-06-17T02:44:25+00:00
SAO_2772-10,São Paulo,3550308,True,,33166,,,-23.523087,-46.410531500000005,,,,2,2023-06-17T02:44:16+00:00
SAO_8019-31,São Paulo,3550308,True,,2574,,,-23.589200625,-46.735955375,,,,1,2023-06-17T02:44:22+00:00
SAO_509M-10,São Paulo,3550308,True,,1277,,,-23.557806375,-46.638081125,,,,1,2023-06-17T02:44:07+00:00
SAO_509M-10,São Paulo,3550308,True,,1277,,,-23.667215249999998,-46.653833500000005,,,,1,2023-06-17T02:44:32+00:00
SAO_509M-10,São Paulo,3550308,True,,1277,,,-23.6050065,-46.663439625,,,,1,2023-06-17T02:44:09+00:00
SAO_3746-10,São Paulo,3550308,True,EMTU,283,https://moovitapp.com/index/pt-br/transporte_p%C3%BAblico-line-283-Sao_Paulo-242-2038937-36419384-0,5.2,-23.594817,-46.5027665,,,,1,2023-06-17T02:43:54+00:00
SAO_3746-10,São Paulo,3550308,True,EMTU,283,https://moovitapp.com/index/pt-br/transporte_p%C3%BAblico-line-283-Sao_Paulo-242-2038937-36419384-0,5.2,-23.594817,-46.5027665,,,,1,2023-06-17T02:42:50+00:00
SAO_3746-10,São Paulo,3550308,True,EMTU,283,https://moovitapp.com/index/pt-br/transporte_p%C3%BAblico-line-283-Sao_Paulo-242-2038937-36419384-0,5.2,-23.5838235,-46.532953000000006,,,,1,2023-06-17T02:44:18+00:00
SAO_3746-10,São Paulo,3550308,True,EMTU,283,https://moovitapp.com/index/pt-br/transporte_p%C3%BAblico-line-283-Sao_Paulo-242-2038937-36419384-0,5.2,-23.548086125,-46.58242875,,,,1,2023-06-17T02:44:14+00:00
SAO_3390-10,São Paulo,3550308,True,,33506,,,-23.58483075,-46.58689775,,,,2,2023-06-17T02:44:03+00:00
SAO_3390-10,São Paulo,3550308,True,,33506,,,-23.6050985,-46.50879825,,,,2,2023-06-17T02:44:17+00:00
SAO_3390-10,São Paulo,3550308,True,,33506,,,-23.606329000000002,-46.507915,,,,2,2023-06-17T02:39:37+00:00
SAO_3390-10,São Paulo,3550308,True,,33506,,,-23.5919,-46.5402495,,,,2,2023-06-17T02:44:06+00:00
SAO_3390-10,São Paulo,3550308,True,,33506,,,-23.56481,-46.6196805,,,,2,2023-06-17T02:44:19+00:00
SAO_4734-10,São Paulo,3550308,True,,1109,,,-23.640062999999998,-46.607498500000005,,,,1,2023-06-17T02:40:32+00:00
SAO_4734-10,São Paulo,3550308,True,,1109,,,-23.62225,-46.627363,,,,1,2023-06-17T02:44:14+00:00
SAO_4734-10,São Paulo,3550308,True,,1109,,,-23.642179499999997,-46.6067185,,,,1,2023-06-17T02:44:07+00:00
SAO_4734-10,São Paulo,3550308,True,,1109,,,-23.6414715,-46.610838,,,,1,2023-06-17T02:44:36+00:00
SAO_4734-10,São Paulo,3550308,True,,1109,,,-23.63474325,-46.615694500000004,,,,1,2023-06-17T02:44:30+00:00
SAO_4734-10,São Paulo,3550308,True,,1109,,,-23.6414715,-46.610838,,,,1,2023-06-17T02:44:33+00:00
SAO_4734-10,São Paulo,3550308,True,,1109,,,-23.618497249999997,-46.6383035,,,,1,2023-06-17T02:44:03+00:00
SAO_5110-41,São Paulo,3550308,True,,2210,,,-23.5825985,-46.5662145,,,,1,2023-06-17T02:44:22+00:00
SAO_5110-41,São Paulo,3550308,True,,2210,,,-23.612288,-46.482754,,,,1,2023-06-17T02:44:17+00:00
SAO_5110-41,São Paulo,3550308,True,,2210,,,-23.61259,-46.479862999999995,,,,1,2023-06-17T02:44:35+00:00
SAO_148L-10,São Paulo,3550308,True,,33299,,,-23.5155075,-46.6911975,,,,2,2023-06-17T02:44:17+00:00
SAO_148L-10,São Paulo,3550308,True,,33299,,,-23.520004999999998,-46.701718,,,,2,2023-06-17T02:44:33+00:00
SAO_148L-10,São Paulo,3550308,True,,33299,,,-23.501283,-46.6734845,,,,2,2023-06-17T02:44:16+00:00
SAO_148L-10,São Paulo,3550308,True,,33299,,,-23.454971999999998,-46.6523675,,,,2,2023-06-17T02:44:09+00:00
SAO_148L-10,São Paulo,3550308,True,,33299,,,-23.463036,-46.6579325,,,,2,2023-06-17T02:44:37+00:00
SAO_148L-10,São Paulo,3550308,True,,33299,,,-23.504489749999998,-46.67995675,,,,2,2023-06-17T02:44:30+00:00
SAO_148L-10,São Paulo,3550308,True,,33299,,,-23.47631175,-46.66160875,,,,2,2023-06-17T02:44:17+00:00
SAO_148L-10,São Paulo,3550308,True,,33299,,,-23.482777750000004,-46.673474999999996,,,,2,2023-06-17T02:44:37+00:00
SAO_148L-10,São Paulo,3550308,True,,33299,,,-23.4551215,-46.652438000000004,,,,2,2023-06-17T02:44:14+00:00
SAO_148L-10,São Paulo,3550308,True,,33299,,,-23.4547195,-46.6523255,,,,2,2023-06-17T02:44:03+00:00
SAO_148L-10,São Paulo,3550308,True,,33299,,,-23.454971999999998,-46.6523675,,,,2,2023-06-17T02:44:15+00:00
SAO_148L-10,São Paulo,3550308,True,,33299,,,-23.4547195,-46.6523255,,,,2,2023-06-17T02:43:56+00:00
SAO_148L-10,São Paulo,3550308,True,,33299,,,-23.4547195,-46.6523255,,,,2,2023-06-17T02:44:05+00:00
SAO_407H-10,São Paulo,3550308,True,,34965,,,-23.577302500000002,-46.44377075,,,,2,2023-06-17T02:44:35+00:00
SAO_407H-10,São Paulo,3550308,True,,34965,,,-23.542476999999998,-46.4712795,,,,2,2023-06-17T02:43:38+00:00
SAO_407H-10,São Paulo,3550308,True,,34965,,,-23.630999,-46.447098499999996,,,,2,2023-06-17T02:43:59+00:00
SAO_407H-10,São Paulo,3550308,True,,34965,,,-23.544539,-46.466403,,,,2,2023-06-17T02:43:22+00:00
SAO_407H-10,São Paulo,3550308,True,,34965,,,-23.631637499999997,-46.44689875,,,,2,2023-06-17T02:44:04+00:00
SAO_407H-10,São Paulo,3550308,True,,34965,,,-23.6309805,-46.4468875,,,,2,2023-06-17T02:44:33+00:00
SAO_407H-10,São Paulo,3550308,True,,34965,,,-23.6309805,-46.4468875,,,,2,2023-06-17T02:44:24+00:00
SAO_407H-10,São Paulo,3550308,True,,34965,,,-23.634642,-46.4475855,,,,2,2023-06-17T02:44:29+00:00
SAO_407H-10,São Paulo,3550308,True,,34965,,,-23.5959875,-46.453278,,,,2,2023-06-17T02:44:12+00:00
SAO_407H-10,São Paulo,3550308,True,,34965,,,-23.61575775,-46.460289,,,,2,2023-06-17T02:44:27+00:00
SAO_407H-10,São Paulo,3550308,True,,34965,,,-23.542444,-46.471092999999996,,,,2,2023-06-17T02:44:20+00:00
SAO_546J-31,São Paulo,3550308,True,,2015,,,-23.69252175,-46.658792625,,,,1,2023-06-17T02:44:12+00:00
SAO_546J-31,São Paulo,3550308,True,,2015,,,-23.666727749999996,-46.675588624999996,,,,1,2023-06-17T02:44:28+00:00
SAO_546J-31,São Paulo,3550308,True,,2015,,,-23.68594975,-46.6636145,,,,1,2023-06-17T02:44:33+00:00
SAO_637V-10,São Paulo,3550308,True,EMTU,104,https://moovitapp.com/index/pt-br/transporte_p%C3%BAblico-line-104-Sao_Paulo-242-2038937-36419267-0,5.1,-23.653890625,-46.71154075,,,,1,2023-06-17T02:43:58+00:00
SAO_637V-10,São Paulo,3550308,True,EMTU,104,https://moovitapp.com/index/pt-br/transporte_p%C3%BAblico-line-104-Sao_Paulo-242-2038937-36419267-0,5.1,-23.7382055,-46.6893095,,,,1,2023-06-17T02:44:10+00:00
SAO_637V-10,São Paulo,3550308,True,EMTU,104,https://moovitapp.com/index/pt-br/transporte_p%C3%BAblico-line-104-Sao_Paulo-242-2038937-36419267-0,5.1,-23.722518,-46.688628,,,,1,2023-06-17T02:44:27+00:00
SAO_637V-10,São Paulo,3550308,True,EMTU,104,https://moovitapp.com/index/pt-br/transporte_p%C3%BAblico-line-104-Sao_Paulo-242-2038937-36419267-0,5.1,-23.677290749999997,-46.7116135,,,,1,2023-06-17T02:44:17+00:00
SAO_637V-10,São Paulo,3550308,True,EMTU,104,https://moovitapp.com/index/pt-br/transporte_p%C3%BAblico-line-104-Sao_Paulo-242-2038937-36419267-0,5.1,-23.7382055,-46.6893095,,,,1,2023-06-17T02:44:01+00:00
SAO_3791-10,São Paulo,3550308,True,,33837,,,-23.564292000000002,-46.504931,,,,2,2023-06-17T02:44:26+00:00
SAO_3791-10,São Paulo,3550308,True,,33837,,,-23.540392,-46.485367499999995,,,,2,2023-06-17T02:44:15+00:00
SAO_3791-10,São Paulo,3550308,True,,33837,,,-23.5414835,-46.4843695,,,,2,2023-06-17T02:44:14+00:00
SAO_3791-10,São Paulo,3550308,True,,33837,,,-23.5425265,-46.498612,,,,2,2023-06-17T02:44:25+00:00
SAO_3791-10,São Paulo,3550308,True,,33837,,,-23.5414835,-46.4843695,,,,2,2023-06-17T02:44:10+00:00
SAO_3791-10,São Paulo,3550308,True,,33837,,,-23.5502075,-46.508866999999995,,,,2,2023-06-17T02:44:27+00:00
SAO_3791-10,São Paulo,3550308,True,,33837,,,-23.564308,-46.5048635,,,,2,2023-06-17T02:44:20+00:00
SAO_2767-10,São Paulo,3550308,True,EMTU,241,https://moovitapp.com/index/pt-br/transporte_p%C3%BAblico-line-241-Sao_Paulo-242-2038937-36419354-0,5.15,-23.518797312500002,-46.523888625,,,,1,2023-06-17T02:44:13+00:00
SAO_1786-10,São Paulo,3550308,True,,33417,,,-23.45376775,-46.607023,,,,2,2023-06-17T02:44:26+00:00
SAO_1786-10,São Paulo,3550308,True,,33417,,,-23.494406,-46.6227625,,,,2,2023-06-17T02:41:25+00:00
SAO_1786-10,São Paulo,3550308,True,,33417,,,-23.453345,-46.6147325,,,,2,2023-06-17T02:44:01+00:00
SAO_1786-10,São Paulo,3550308,True,,33417,,,-23.472164,-46.6179365,,,,2,2023-06-17T02:44:08+00:00
SAO_1786-10,São Paulo,3550308,True,,33417,,,-23.45368525,-46.607387,,,,2,2023-06-17T02:44:38+00:00
SAO_1786-10,São Paulo,3550308,True,,33417,,,-23.45376775,-46.607023,,,,2,2023-06-17T02:44:32+00:00
SAO_3763-10,São Paulo,3550308,True,,1054,,,-23.5493795,-46.5547915,,,,1,2023-06-17T02:44:05+00:00
SAO_3763-10,São Paulo,3550308,True,,1054,,,-23.5577635,-46.522865499999995,,,,1,2023-06-17T02:41:19+00:00
SAO_3763-10,São Paulo,3550308,True,,1054,,,-23.557735,-46.5230065,,,,1,2023-06-17T02:44:34+00:00
SAO_3763-10,São Paulo,3550308,True,,1054,,,-23.557613500000002,-46.5234665,,,,1,2023-06-17T02:44:22+00:00
SAO_3763-10,São Paulo,3550308,True,,1054,,,-23.56206675,-46.532765999999995,,,,1,2023-06-17T02:43:56+00:00
SAO_3763-10,São Paulo,3550308,True,,1054,,,-23.557687,-46.52319850000001,,,,1,2023-06-17T02:44:22+00:00
SAO_3763-10,São Paulo,3550308,True,,1054,,,-23.558262,-46.522529000000006,,,,1,2023-06-17T02:44:00+00:00
SAO_3763-10,São Paulo,3550308,True,,1054,,,-23.557613500000002,-46.5234665,,,,1,2023-06-17T02:44:04+00:00
SAO_3763-10,São Paulo,3550308,True,,1054,,,-23.559434500000002,-46.553008500000004,,,,1,2023-06-17T02:44:13+00:00
SAO_3763-10,São Paulo,3550308,True,,1054,,,-23.557687,-46.52319850000001,,,,1,2023-06-17T02:44:35+00:00
SAO_3763-10,São Paulo,3550308,True,,1054,,,-23.557687,-46.52319850000001,,,,1,2023-06-17T02:44:36+00:00
SAO_3763-10,São Paulo,3550308,True,,1054,,,-23.558262,-46.522529000000006,,,,1,2023-06-17T02:44:20+00:00
SAO_3763-10,São Paulo,3550308,True,,1054,,,-23.5409455,-46.5763775,,,,1,2023-06-17T02:44:16+00:00
SAO_3763-10,São Paulo,3550308,True,,1054,,,-23.5701325,-46.550425000000004,,,,1,2023-06-17T02:44:25+00:00
SAO_3763-10,São Paulo,3550308,True,,1054,,,-23.558262,-46.522529000000006,,,,1,2023-06-17T02:44:33+00:00
SAO_675I-10,São Paulo,3550308,True,,32836,,,-23.643927,-46.7328295,,,,2,2023-06-17T02:43:58+00:00
SAO_675I-10,São Paulo,3550308,True,,32836,,,-23.625764124999996,-46.645183375,,,,2,2023-06-17T02:41:46+00:00
SAO_675I-10,São Paulo,3550308,True,,32836,,,-23.643796000000002,-46.73458,,,,2,2023-06-17T02:43:56+00:00
SAO_675I-10,São Paulo,3550308,True,,32836,,,-23.643877,-46.733764,,,,2,2023-06-17T02:44:34+00:00
SAO_403A-10,São Paulo,3550308,True,,34960,,,-23.531688000000003,-46.546931,,,,2,2023-06-17T02:44:23+00:00
SAO_403A-10,São Paulo,3550308,True,,34960,,,-23.54172825,-46.439352125,,,,2,2023-06-17T02:44:14+00:00
SAO_403A-10,São Paulo,3550308,True,,34960,,,-23.540297,-46.431876,,,,2,2023-06-17T02:43:59+00:00
SAO_403A-10,São Paulo,3550308,True,,34960,,,-23.5408865,-46.4322315,,,,2,2023-06-17T02:44:01+00:00
SAO_403A-10,São Paulo,3550308,True,,34960,,,-23.5419825,-46.43314625000001,,,,2,2023-06-17T02:43:55+00:00
SAO_403A-10,São Paulo,3550308,True,,34960,,,-23.556421999999998,-46.449157,,,,2,2023-06-17T02:40:21+00:00
SAO_9014-10,São Paulo,3550308,True,,1425,,,-23.514636,-46.691038,,,,1,2023-06-17T02:44:28+00:00
SAO_9014-10,São Paulo,3550308,True,,1425,,,-23.5049755,-46.690633000000005,,,,1,2023-06-17T02:44:26+00:00
SAO_9014-10,São Paulo,3550308,True,,1425,,,-23.475424,-46.704377,,,,1,2023-06-17T02:44:28+00:00
SAO_9014-10,São Paulo,3550308,True,,1425,,,-23.474323499999997,-46.7081875,,,,1,2023-06-17T02:43:55+00:00
SAO_4112-10,São Paulo,3550308,True,,33535,,,-23.580921500000002,-46.6260625,,,,2,2023-06-17T02:44:26+00:00
SAO_4112-10,São Paulo,3550308,True,,33535,,,-23.580921500000002,-46.6260625,,,,2,2023-06-17T02:44:00+00:00
SAO_4112-10,São Paulo,3550308,True,,33535,,,-23.580921500000002,-46.6260625,,,,2,2023-06-17T02:44:34+00:00
SAO_8073-10,São Paulo,3550308,True,,34849,,,-23.5940395,-46.760202500000005,,,,2,2023-06-17T02:44:21+00:00
SAO_8073-10,São Paulo,3550308,True,,34849,,,-23.599168,-46.766690999999994,,,,2,2023-06-17T02:43:57+00:00
SAO_8073-10,São Paulo,3550308,True,,34849,,,-23.599168,-46.766690999999994,,,,2,2023-06-17T02:43:58+00:00
SAO_8073-10,São Paulo,3550308,True,,34849,,,-23.586415000000002,-46.757244,,,,2,2023-06-17T02:44:37+00:00
SAO_107T-10,São Paulo,3550308,True,,33389,,,-23.4909095,-46.618601999999996,,,,2,2023-06-17T02:44:10+00:00
SAO_107T-10,São Paulo,3550308,True,,33389,,,-23.567622999999998,-46.695747,,,,2,2023-06-17T02:44:06+00:00
SAO_107T-10,São Paulo,3550308,True,,33389,,,-23.491223,-46.618460999999996,,,,2,2023-06-17T02:44:05+00:00
SAO_107T-10,São Paulo,3550308,True,,33389,,,-23.5450865,-46.638109,,,,2,2023-06-17T02:44:22+00:00
SAO_107T-10,São Paulo,3550308,True,,33389,,,-23.570189999999997,-46.672809,,,,2,2023-06-17T02:44:15+00:00
SAO_107T-10,São Paulo,3550308,True,,33389,,,-23.4810725,-46.603761500000005,,,,2,2023-06-17T02:44:07+00:00
SAO_107T-10,São Paulo,3550308,True,,33389,,,-23.481503500000002,-46.60353,,,,2,2023-06-17T02:44:14+00:00
SAO_107T-10,São Paulo,3550308,True,,33389,,,-23.479325000000003,-46.609796,,,,2,2023-06-17T02:44:04+00:00
SAO_107T-10,São Paulo,3550308,True,,33389,,,-23.52726475,-46.63061725,,,,2,2023-06-17T02:43:37+00:00
SAO_107T-10,São Paulo,3550308,True,,33389,,,-23.526494,-46.6301355,,,,2,2023-06-17T02:44:08+00:00
SAO_314V-10,São Paulo,3550308,True,,33079,,,-23.561889,-46.624522,,,,2,2023-06-17T02:44:26+00:00
SAO_314V-10,São Paulo,3550308,True,,33079,,,-23.5593525,-46.633675499999995,,,,2,2023-06-17T02:44:10+00:00
SAO_314V-10,São Paulo,3550308,True,,33079,,,-23.5903485,-46.5381825,,,,2,2023-06-17T02:44:31+00:00
SAO_695T-10,São Paulo,3550308,True,,1322,,,-23.589295999999997,-46.63421325,,,,1,2023-06-17T02:44:13+00:00
SAO_695T-10,São Paulo,3550308,True,,1322,,,-23.654826,-46.761785,,,,1,2023-06-17T02:44:38+00:00
SAO_695T-10,São Paulo,3550308,True,,1322,,,-23.611075999999997,-46.669148,,,,1,2023-06-17T02:44:23+00:00
SAO_695T-10,São Paulo,3550308,True,,1322,,,-23.646128,-46.70930075,,,,1,2023-06-17T02:44:11+00:00
SAO_695T-10,São Paulo,3550308,True,,1322,,,-23.589295999999997,-46.63421325,,,,1,2023-06-17T02:44:12+00:00
SAO_3737-10,São Paulo,3550308,True,,1037,,,-23.56031125,-46.50681349999999,,,,1,2023-06-17T02:44:10+00:00
SAO_3737-10,São Paulo,3550308,True,,1037,,,-23.54079,-46.512983875,,,,1,2023-06-17T02:44:34+00:00
SAO_3737-10,São Paulo,3550308,True,,1037,,,-23.530861,-46.517923999999994,,,,1,2023-06-17T02:44:03+00:00
SAO_3737-10,São Paulo,3550308,True,,1037,,,-23.554116,-46.502251,,,,1,2023-06-17T02:44:11+00:00
SAO_3737-10,São Paulo,3550308,True,,1037,,,-23.530861,-46.517923999999994,,,,1,2023-06-17T02:44:40+00:00
SAO_3737-10,São Paulo,3550308,True,,1037,,,-23.5504195,-46.507943999999995,,,,1,2023-06-17T02:43:22+00:00
SAO_3053-10,São Paulo,3550308,True,,33741,,,-23.586019,-46.4950705,,,,2,2023-06-17T02:44:37+00:00
SAO_3053-10,São Paulo,3550308,True,,33741,,,-23.5429775,-46.588603500000005,,,,2,2023-06-17T02:44:28+00:00
SAO_3053-10,São Paulo,3550308,True,,33741,,,-23.590174,-46.5065245,,,,2,2023-06-17T02:43:57+00:00
SAO_3053-10,São Paulo,3550308,True,,33741,,,-23.584741,-46.495041,,,,2,2023-06-17T02:44:02+00:00
SAO_3053-10,São Paulo,3550308,True,,33741,,,-23.584834124999997,-46.527495,,,,2,2023-06-17T02:44:00+00:00
SAO_3053-10,São Paulo,3550308,True,,33741,,,-23.589185999999998,-46.509955000000005,,,,2,2023-06-17T02:44:26+00:00
SAO_3053-10,São Paulo,3550308,True,,33741,,,-23.585588,-46.4950305,,,,2,2023-06-17T02:44:29+00:00
SAO_3053-10,São Paulo,3550308,True,,33741,,,-23.585865,-46.4949845,,,,2,2023-06-17T02:43:59+00:00
SAO_3053-10,São Paulo,3550308,True,,33741,,,-23.57017925,-46.551802499999994,,,,2,2023-06-17T02:43:56+00:00
SAO_3053-10,São Paulo,3550308,True,,33741,,,-23.577942,-46.5420975,,,,2,2023-06-17T02:44:03+00:00
SAO_3053-10,São Paulo,3550308,True,,33741,,,-23.553866,-46.577311,,,,2,2023-06-17T02:44:21+00:00
SAO_6042-10,São Paulo,3550308,True,,1219,,,-23.672669,-46.7646945,,,,1,2023-06-17T02:44:02+00:00
SAO_6042-10,São Paulo,3550308,True,,1219,,,-23.6490995,-46.75038,,,,1,2023-06-17T02:44:34+00:00
SAO_6042-10,São Paulo,3550308,True,,1219,,,-23.672669,-46.7646945,,,,1,2023-06-17T02:44:32+00:00
SAO_6042-10,São Paulo,3550308,True,,1219,,,-23.6657115,-46.7709265,,,,1,2023-06-17T02:44:00+00:00
SAO_2100-10,São Paulo,3550308,True,,33481,,,-23.568887,-46.527972000000005,,,,2,2023-06-17T02:44:28+00:00
SAO_2100-10,São Paulo,3550308,True,,33481,,,-23.5585995,-46.5228375,,,,2,2023-06-17T02:44:38+00:00
SAO_2100-10,São Paulo,3550308,True,,33481,,,-23.5580275,-46.523286999999996,,,,2,2023-06-17T02:44:11+00:00
SAO_2100-10,São Paulo,3550308,True,,33481,,,-23.551396125000004,-46.616662125000005,,,,2,2023-06-17T02:44:14+00:00
SAO_2100-10,São Paulo,3550308,True,,33481,,,-23.5580635,-46.522337500000006,,,,2,2023-06-17T02:43:57+00:00
SAO_2100-10,São Paulo,3550308,True,,33481,,,-23.558199000000002,-46.522121,,,,2,2023-06-17T02:44:10+00:00
SAO_2100-10,São Paulo,3550308,True,,33481,,,-23.5632625,-46.552607,,,,2,2023-06-17T02:44:05+00:00
SAO_2100-10,São Paulo,3550308,True,,33481,,,-23.570538,-46.530089000000004,,,,2,2023-06-17T02:43:59+00:00
SAO_2100-10,São Paulo,3550308,True,,33481,,,-23.560023,-46.566704,,,,2,2023-06-17T02:44:33+00:00
SAO_2100-10,São Paulo,3550308,True,,33481,,,-23.560023,-46.566704,,,,2,2023-06-17T02:44:25+00:00
SAO_2100-10,São Paulo,3550308,True,,33481,,,-23.5590535,-46.589038,,,,2,2023-06-17T02:44:36+00:00
SAO_2100-10,São Paulo,3550308,True,,33481,,,-23.5583985,-46.523131,,,,2,2023-06-17T02:44:11+00:00
SAO_2100-10,São Paulo,3550308,True,,33481,,,-23.563157,-46.552479000000005,,,,2,2023-06-17T02:44:19+00:00
SAO_2100-10,São Paulo,3550308,True,,33481,,,-23.569072499999997,-46.5281175,,,,2,2023-06-17T02:44:27+00:00
SAO_233C-10,São Paulo,3550308,True,,155,,,-23.518438,-46.4758375,,,,1,2023-06-17T02:44:17+00:00
SAO_233C-10,São Paulo,3550308,True,,155,,,-23.518438,-46.4758375,,,,1,2023-06-17T02:44:12+00:00
SAO_233C-10,São Paulo,3550308,True,,155,,,-23.549907500000003,-46.4986995,,,,1,2023-06-17T02:43:58+00:00
SAO_5175-10,São Paulo,3550308,True,,33361,,,-23.695220499999998,-46.6491475,,,,2,2023-06-17T02:44:01+00:00
SAO_5175-10,São Paulo,3550308,True,,33361,,,-23.606778,-46.652194,,,,2,2023-06-17T02:44:28+00:00
SAO_5175-10,São Paulo,3550308,True,,33361,,,-23.702181500000002,-46.650177,,,,2,2023-06-17T02:44:05+00:00
SAO_5175-10,São Paulo,3550308,True,,33361,,,-23.581056874999998,-46.65949025,,,,2,2023-06-17T02:44:33+00:00
SAO_5175-10,São Paulo,3550308,True,,33361,,,-23.697448,-46.6487755,,,,2,2023-06-17T02:44:20+00:00
SAO_5175-10,São Paulo,3550308,True,,33361,,,-23.6949545,-46.64853925,,,,2,2023-06-17T02:44:16+00:00
SAO_5175-10,São Paulo,3550308,True,,33361,,,-23.5505945,-46.635301,,,,2,2023-06-17T02:44:26+00:00
SAO_5175-10,São Paulo,3550308,True,,33361,,,-23.5505945,-46.635301,,,,2,2023-06-17T02:40:05+00:00
SAO_5175-10,São Paulo,3550308,True,,33361,,,-23.5505945,-46.635301,,,,2,2023-06-17T02:44:31+00:00
SAO_5175-10,São Paulo,3550308,True,,33361,,,-23.697873,-46.6481885,,,,2,2023-06-17T02:44:14+00:00
SAO_5175-10,São Paulo,3550308,True,,33361,,,-23.6774235,-46.65841775,,,,2,2023-06-17T02:44:37+00:00
SAO_5175-10,São Paulo,3550308,True,,33361,,,-23.5958135,-46.650927249999995,,,,2,2023-06-17T02:44:20+00:00
SAO_5175-10,São Paulo,3550308,True,,33361,,,-23.659983500000003,-46.679548,,,,2,2023-06-17T02:43:48+00:00
SAO_5175-10,São Paulo,3550308,True,,33361,,,-23.5517905,-46.6373745,,,,2,2023-06-17T02:44:26+00:00
SAO_5175-10,São Paulo,3550308,True,,33361,,,-23.65283,-46.6797225,,,,2,2023-06-17T02:44:14+00:00
SAO_5175-10,São Paulo,3550308,True,,33361,,,-23.5505945,-46.635301,,,,2,2023-06-17T02:43:19+00:00
SAO_5175-10,São Paulo,3550308,True,,33361,,,-23.5505945,-46.635301,,,,2,2023-06-17T02:41:10+00:00
SAO_5175-10,São Paulo,3550308,True,,33361,,,-23.694451,-46.647383500000004,,,,2,2023-06-17T02:42:34+00:00
SAO_5175-10,São Paulo,3550308,True,,33361,,,-23.634141,-46.6691485,,,,2,2023-06-17T02:44:32+00:00
SAO_5175-10,São Paulo,3550308,True,,33361,,,-23.66487675,-46.6788885,,,,2,2023-06-17T02:44:36+00:00
SAO_5175-10,São Paulo,3550308,True,,33361,,,-23.5634755,-46.6459355,,,,2,2023-06-17T02:44:04+00:00
SAO_5175-10,São Paulo,3550308,True,,33361,,,-23.5505945,-46.635301,,,,2,2023-06-17T02:44:29+00:00
SAO_6450-10,São Paulo,3550308,True,,32827,,,-23.58432275,-46.67035675,,,,2,2023-06-17T02:42:11+00:00
SAO_6450-10,São Paulo,3550308,True,,32827,,,-23.6301995,-46.690188,,,,2,2023-06-17T02:43:58+00:00
SAO_6450-10,São Paulo,3550308,True,,32827,,,-23.6542305,-46.7623055,,,,2,2023-06-17T02:44:06+00:00
SAO_6450-10,São Paulo,3550308,True,,32827,,,-23.6493095,-46.7519875,,,,2,2023-06-17T02:44:01+00:00
SAO_6450-10,São Paulo,3550308,True,,32827,,,-23.654501,-46.76131049999999,,,,2,2023-06-17T02:44:16+00:00
SAO_6450-10,São Paulo,3550308,True,,32827,,,-23.5706045,-46.6626015,,,,2,2023-06-17T02:44:30+00:00
SAO_6450-10,São Paulo,3550308,True,,32827,,,-23.63983575,-46.698076,,,,2,2023-06-17T02:44:36+00:00
SAO_6450-10,São Paulo,3550308,True,,32827,,,-23.64319975,-46.7005215,,,,2,2023-06-17T02:44:09+00:00
SAO_6450-10,São Paulo,3550308,True,,32827,,,-23.654408500000002,-46.762060999999996,,,,2,2023-06-17T02:44:39+00:00
SAO_6960-10,São Paulo,3550308,True,,1443,,,-23.766952500000002,-46.7161155,,,,1,2023-06-17T02:43:55+00:00
SAO_6960-10,São Paulo,3550308,True,,1443,,,-23.766952500000002,-46.7161155,,,,1,2023-06-17T02:44:14+00:00
SAO_6960-10,São Paulo,3550308,True,,1443,,,-23.766952500000002,-46.7161155,,,,1,2023-06-17T02:43:59+00:00
SAO_6960-10,São Paulo,3550308,True,,1443,,,-23.654345999999997,-46.712644,,,,1,2023-06-17T02:44:30+00:00
SAO_6960-10,São Paulo,3550308,True,,1443,,,-23.689165250000002,-46.714573,,,,1,2023-06-17T02:44:39+00:00
SAO_1720-10,São Paulo,3550308,True,,33631,,,-23.481529000000002,-46.5721205,,,,2,2023-06-17T02:44:34+00:00
SAO_1720-10,São Paulo,3550308,True,,33631,,,-23.4942895,-46.568806,,,,2,2023-06-17T02:44:38+00:00
SAO_1720-10,São Paulo,3550308,True,,33631,,,-23.4942895,-46.568806,,,,2,2023-06-17T02:43:57+00:00
SAO_1720-10,São Paulo,3550308,True,,33631,,,-23.494107,-46.568782999999996,,,,2,2023-06-17T02:44:04+00:00
SAO_1720-10,São Paulo,3550308,True,,33631,,,-23.493856,-46.568802,,,,2,2023-06-17T02:44:04+00:00
SAO_1720-10,São Paulo,3550308,True,,33631,,,-23.478996000000002,-46.6087695,,,,2,2023-06-17T02:44:36+00:00
SAO_1720-10,São Paulo,3550308,True,,33631,,,-23.491959,-46.5745,,,,2,2023-06-17T02:41:32+00:00
SAO_1720-10,São Paulo,3550308,True,,33631,,,-23.494107,-46.568782999999996,,,,2,2023-06-17T02:43:58+00:00
SAO_1720-10,São Paulo,3550308,True,,33631,,,-23.4942895,-46.568806,,,,2,2023-06-17T02:44:26+00:00
SAO_1720-10,São Paulo,3550308,True,,33631,,,-23.480846,-46.60437775,,,,2,2023-06-17T02:44:32+00:00
SAO_1720-10,São Paulo,3550308,True,,33631,,,-23.494382,-46.5688345,,,,2,2023-06-17T02:44:18+00:00
SAO_8400-10,São Paulo,3550308,True,,1265,,,-23.53200975,-46.660143500000004,,,,1,2023-06-17T02:44:19+00:00
SAO_8400-10,São Paulo,3550308,True,,1265,,,-23.48374525,-46.72240775,,,,1,2023-06-17T02:43:56+00:00
SAO_8400-10,São Paulo,3550308,True,,1265,,,-23.502067,-46.7065805,,,,1,2023-06-17T02:42:02+00:00
SAO_8400-10,São Paulo,3550308,True,,1265,,,-23.525014,-46.68632125,,,,1,2023-06-17T02:44:25+00:00
SAO_8400-10,São Paulo,3550308,True,,1265,,,-23.4866745,-46.725972999999996,,,,1,2023-06-17T02:44:19+00:00
SAO_8400-10,São Paulo,3550308,True,,1265,,,-23.5349905,-46.65357125,,,,1,2023-06-17T02:44:17+00:00
SAO_8400-10,São Paulo,3550308,True,,1265,,,-23.486878500000003,-46.7265645,,,,1,2023-06-17T02:44:32+00:00
SAO_8400-10,São Paulo,3550308,True,,1265,,,-23.4866745,-46.725972999999996,,,,1,2023-06-17T02:44:17+00:00
SAO_8400-10,São Paulo,3550308,True,,1265,,,-23.4866745,-46.725972999999996,,,,1,2023-06-17T02:44:24+00:00
SAO_2666-10,São Paulo,3550308,True,,33146,,,-23.49821625,-46.45787275,,,,2,2023-06-17T02:44:02+00:00
SAO_2666-10,São Paulo,3550308,True,,33146,,,-23.512286500000002,-46.393762,,,,2,2023-06-17T02:41:07+00:00
SAO_2666-10,São Paulo,3550308,True,,33146,,,-23.518412250000004,-46.391846125,,,,2,2023-06-17T02:44:11+00:00
SAO_2666-10,São Paulo,3550308,True,,33146,,,-23.518412250000004,-46.391846125,,,,2,2023-06-17T02:44:29+00:00
SAO_2666-10,São Paulo,3550308,True,,33146,,,-23.535182374999998,-46.58226225,,,,2,2023-06-17T02:44:07+00:00
SAO_2666-10,São Paulo,3550308,True,,33146,,,-23.518412250000004,-46.391846125,,,,2,2023-06-17T02:44:37+00:00
SAO_2666-10,São Paulo,3550308,True,,33146,,,-23.4949755,-46.42823975,,,,2,2023-06-17T02:44:29+00:00
SAO_2666-10,São Paulo,3550308,True,,33146,,,-23.5208905,-46.525231000000005,,,,2,2023-06-17T02:44:03+00:00
SAO_2666-10,São Paulo,3550308,True,,33146,,,-23.5466925,-46.623303625000005,,,,2,2023-06-17T02:44:05+00:00
SAO_2666-10,São Paulo,3550308,True,,33146,,,-23.546655,-46.630598,,,,2,2023-06-17T02:44:00+00:00
SAO_4028-10,São Paulo,3550308,True,,33866,,,-23.636882,-46.4464315,,,,2,2023-06-17T02:44:17+00:00
SAO_4028-10,São Paulo,3550308,True,,33866,,,-23.637541499999998,-46.4481545,,,,2,2023-06-17T02:42:26+00:00
SAO_4028-10,São Paulo,3550308,True,,33866,,,-23.5929201875,-46.488674562499995,,,,2,2023-06-17T02:44:35+00:00
SAO_507T-10,São Paulo,3550308,True,,2208,,,-23.538734499999997,-46.5649235,,,,1,2023-06-17T02:44:28+00:00
SAO_507T-10,São Paulo,3550308,True,,2208,,,-23.6014835,-46.503166,,,,1,2023-06-17T02:43:58+00:00
SAO_507T-10,São Paulo,3550308,True,,2208,,,-23.5385445,-46.563635500000004,,,,1,2023-06-17T02:41:04+00:00
SAO_507T-10,São Paulo,3550308,True,,2208,,,-23.609934625,-46.5011945,,,,1,2023-06-17T02:43:55+00:00
SAO_507T-10,São Paulo,3550308,True,,2208,,,-23.5386495,-46.5641825,,,,1,2023-06-17T02:43:30+00:00
SAO_507T-10,São Paulo,3550308,True,,2208,,,-23.570818,-46.50961525,,,,1,2023-06-17T02:44:05+00:00
SAO_507T-10,São Paulo,3550308,True,,2208,,,-23.5579695,-46.522496000000004,,,,1,2023-06-17T02:44:28+00:00
SAO_507T-10,São Paulo,3550308,True,,2208,,,-23.542620499999998,-46.5481845,,,,1,2023-06-17T02:44:21+00:00
SAO_507T-10,São Paulo,3550308,True,,2208,,,-23.589439,-46.509125499999996,,,,1,2023-06-17T02:42:43+00:00
SAO_5111-10,São Paulo,3550308,True,,48,,,-23.56656325,-46.64838075,,,,1,2023-06-17T02:44:34+00:00
SAO_5111-10,São Paulo,3550308,True,,48,,,-23.62766125,-46.68821275,,,,1,2023-06-17T02:44:35+00:00
SAO_5111-10,São Paulo,3550308,True,,48,,,-23.6542935,-46.7114185,,,,1,2023-06-17T02:44:19+00:00
SAO_5111-10,São Paulo,3550308,True,,48,,,-23.6542935,-46.7114185,,,,1,2023-06-17T02:43:58+00:00
SAO_5111-10,São Paulo,3550308,True,,48,,,-23.653152499999997,-46.706320749999996,,,,1,2023-06-17T02:43:58+00:00
SAO_5111-10,São Paulo,3550308,True,,48,,,-23.6542935,-46.7114185,,,,1,2023-06-17T02:44:32+00:00
SAO_5111-10,São Paulo,3550308,True,,48,,,-23.594559125,-46.67292775,,,,1,2023-06-17T02:44:01+00:00
SAO_5111-10,São Paulo,3550308,True,,48,,,-23.6542935,-46.7114185,,,,1,2023-06-17T02:44:14+00:00
SAO_875P-10,São Paulo,3550308,True,,34109,,,-23.582193500000002,-46.638338000000005,,,,2,2023-06-17T02:44:02+00:00
SAO_875P-10,São Paulo,3550308,True,,34109,,,-23.526521000000002,-46.665999,,,,2,2023-06-17T02:44:30+00:00
SAO_875P-10,São Paulo,3550308,True,,34109,,,-23.526567,-46.665596,,,,2,2023-06-17T02:44:09+00:00
SAO_875P-10,São Paulo,3550308,True,,34109,,,-23.555764,-46.666589,,,,2,2023-06-17T02:44:24+00:00
SAO_875P-10,São Paulo,3550308,True,,34109,,,-23.52941725,-46.660929,,,,2,2023-06-17T02:44:34+00:00
SAO_875P-10,São Paulo,3550308,True,,34109,,,-23.5820815,-46.6384025,,,,2,2023-06-17T02:44:16+00:00
SAO_675K-10,São Paulo,3550308,True,EMTU,198,https://moovitapp.com/index/pt-br/transporte_p%C3%BAblico-line-198-Sao_Paulo-242-2038937-59811937-0,6.35,-23.603474,-46.661992,,,,1,2023-06-17T02:44:26+00:00
SAO_675K-10,São Paulo,3550308,True,EMTU,198,https://moovitapp.com/index/pt-br/transporte_p%C3%BAblico-line-198-Sao_Paulo-242-2038937-59811937-0,6.35,-23.676166000000002,-46.7493245,,,,1,2023-06-17T02:44:36+00:00
SAO_675K-10,São Paulo,3550308,True,EMTU,198,https://moovitapp.com/index/pt-br/transporte_p%C3%BAblico-line-198-Sao_Paulo-242-2038937-59811937-0,6.35,-23.690517,-46.7737425,,,,1,2023-06-17T02:44:10+00:00
SAO_675K-10,São Paulo,3550308,True,EMTU,198,https://moovitapp.com/index/pt-br/transporte_p%C3%BAblico-line-198-Sao_Paulo-242-2038937-59811937-0,6.35,-23.599375000000002,-46.6376455,,,,1,2023-06-17T02:44:35+00:00
SAO_675K-10,São Paulo,3550308,True,EMTU,198,https://moovitapp.com/index/pt-br/transporte_p%C3%BAblico-line-198-Sao_Paulo-242-2038937-59811937-0,6.35,-23.682178,-46.76720775,,,,1,2023-06-17T02:44:04+00:00
SAO_675K-10,São Paulo,3550308,True,EMTU,198,https://moovitapp.com/index/pt-br/transporte_p%C3%BAblico-line-198-Sao_Paulo-242-2038937-59811937-0,6.35,-23.683419999999998,-46.76925,,,,1,2023-06-17T02:44:36+00:00
SAO_675K-10,São Paulo,3550308,True,EMTU,198,https://moovitapp.com/index/pt-br/transporte_p%C3%BAblico-line-198-Sao_Paulo-242-2038937-59811937-0,6.35,-23.690517,-46.7737425,,,,1,2023-06-17T02:44:08+00:00
SAO_675K-10,São Paulo,3550308,True,EMTU,198,https://moovitapp.com/index/pt-br/transporte_p%C3%BAblico-line-198-Sao_Paulo-242-2038937-59811937-0,6.35,-23.59850275,-46.63896425,,,,1,2023-06-17T02:44:17+00:00
SAO_675K-10,São Paulo,3550308,True,EMTU,198,https://moovitapp.com/index/pt-br/transporte_p%C3%BAblico-line-198-Sao_Paulo-242-2038937-59811937-0,6.35,-23.629824499999998,-46.6868745,,,,1,2023-06-17T02:44:38+00:00
SAO_675K-10,São Paulo,3550308,True,EMTU,198,https://moovitapp.com/index/pt-br/transporte_p%C3%BAblico-line-198-Sao_Paulo-242-2038937-59811937-0,6.35,-23.672098,-46.741896,,,,1,2023-06-17T02:44:39+00:00
SAO_675K-10,São Paulo,3550308,True,EMTU,198,https://moovitapp.com/index/pt-br/transporte_p%C3%BAblico-line-198-Sao_Paulo-242-2038937-59811937-0,6.35,-23.690517,-46.7737425,,,,1,2023-06-17T02:44:07+00:00
SAO_675K-10,São Paulo,3550308,True,EMTU,198,https://moovitapp.com/index/pt-br/transporte_p%C3%BAblico-line-198-Sao_Paulo-242-2038937-59811937-0,6.35,-23.690517,-46.7737425,,,,1,2023-06-17T02:44:34+00:00
SAO_675K-10,São Paulo,3550308,True,EMTU,198,https://moovitapp.com/index/pt-br/transporte_p%C3%BAblico-line-198-Sao_Paulo-242-2038937-59811937-0,6.35,-23.6772845,-46.759229000000005,,,,1,2023-06-17T02:44:32+00:00
SAO_5145-10,São Paulo,3550308,True,,34409,,,-23.5756745,-46.5719625,,,,2,2023-06-17T02:44:35+00:00
SAO_5145-10,São Paulo,3550308,True,,34409,,,-23.579218875000002,-46.604873375,,,,2,2023-06-17T02:44:30+00:00
SAO_5145-10,São Paulo,3550308,True,,34409,,,-23.591768000000002,-46.502688500000005,,,,2,2023-06-17T02:44:36+00:00
SAO_3745-10,São Paulo,3550308,True,,33812,,,-23.5893515,-46.500806,,,,2,2023-06-17T02:44:31+00:00
SAO_3745-10,São Paulo,3550308,True,,33812,,,-23.54191175,-46.561797250000005,,,,2,2023-06-17T02:44:22+00:00
SAO_3745-10,São Paulo,3550308,True,,33812,,,-23.589163499999998,-46.500732,,,,2,2023-06-17T02:44:22+00:00
SAO_3745-10,São Paulo,3550308,True,,33812,,,-23.542604125,-46.55067925,,,,2,2023-06-17T02:44:05+00:00
SAO_3745-10,São Paulo,3550308,True,,33812,,,-23.5465725,-46.5420275,,,,2,2023-06-17T02:44:07+00:00
SAO_3745-10,São Paulo,3550308,True,,33812,,,-23.540803,-46.57567,,,,2,2023-06-17T02:44:20+00:00
SAO_3745-10,São Paulo,3550308,True,,33812,,,-23.5807565,-46.5232745,,,,2,2023-06-17T02:43:56+00:00
SAO_8009-31,São Paulo,3550308,True,,34028,,,-23.4375725,-46.752344,,,,2,2023-06-17T02:44:19+00:00
SAO_8009-31,São Paulo,3550308,True,,34028,,,-23.456909500000002,-46.745622999999995,,,,2,2023-06-17T02:44:06+00:00
SAO_8009-31,São Paulo,3550308,True,,34028,,,-23.486620000000002,-46.7265875,,,,2,2023-06-17T02:43:51+00:00
SAO_9005-10,São Paulo,3550308,True,,872,,,-23.45372225,-46.69251,,,,1,2023-06-17T02:44:27+00:00
SAO_9005-10,São Paulo,3550308,True,,872,,,-23.454378499999997,-46.693401,,,,1,2023-06-17T02:44:16+00:00
SAO_9005-10,São Paulo,3550308,True,,872,,,-23.462315,-46.6728595,,,,1,2023-06-17T02:44:22+00:00
SAO_3459-10,São Paulo,3550308,True,,33170,,,-23.5136495,-46.444970125,,,,2,2023-06-17T02:44:23+00:00
SAO_3459-10,São Paulo,3550308,True,,33170,,,-23.516790999999998,-46.476572000000004,,,,2,2023-06-17T02:44:34+00:00
SAO_3459-10,São Paulo,3550308,True,,33170,,,-23.516849999999998,-46.3847265,,,,2,2023-06-17T02:42:23+00:00
SAO_3459-10,São Paulo,3550308,True,,33170,,,-23.516762,-46.384977500000005,,,,2,2023-06-17T02:44:11+00:00
SAO_3459-10,São Paulo,3550308,True,,33170,,,-23.516762,-46.384977500000005,,,,2,2023-06-17T02:44:19+00:00
SAO_3459-10,São Paulo,3550308,True,,33170,,,-23.51529375,-46.45478475,,,,2,2023-06-17T02:44:13+00:00
SAO_3459-10,São Paulo,3550308,True,,33170,,,-23.547625500000002,-46.629791499999996,,,,2,2023-06-17T02:44:23+00:00
SAO_3459-10,São Paulo,3550308,True,,33170,,,-23.5411795,-46.577849,,,,2,2023-06-17T02:44:06+00:00
SAO_3459-10,São Paulo,3550308,True,,33170,,,-23.547625500000002,-46.629791499999996,,,,2,2023-06-17T02:44:09+00:00
SAO_3459-10,São Paulo,3550308,True,,33170,,,-23.529364,-46.527473,,,,2,2023-06-17T02:44:02+00:00
SAO_3459-10,São Paulo,3550308,True,,33170,,,-23.497563,-46.40183825,,,,2,2023-06-17T02:44:35+00:00
SAO_3459-10,São Paulo,3550308,True,,33170,,,-23.5531905,-46.625438,,,,2,2023-06-17T02:44:11+00:00
SAO_3459-10,São Paulo,3550308,True,,33170,,,-23.537321249999998,-46.559848625,,,,2,2023-06-17T02:43:32+00:00
SAO_3459-10,São Paulo,3550308,True,,33170,,,-23.516849999999998,-46.3847265,,,,2,2023-06-17T02:41:15+00:00
SAO_3459-10,São Paulo,3550308,True,,33170,,,-23.5165205,-46.385602000000006,,,,2,2023-06-17T02:44:33+00:00
SAO_3459-10,São Paulo,3550308,True,,33170,,,-23.551021875000004,-46.6077705,,,,2,2023-06-17T02:44:37+00:00
SAO_3459-10,São Paulo,3550308,True,,33170,,,-23.547625500000002,-46.629791499999996,,,,2,2023-06-17T02:44:14+00:00
SAO_3459-10,São Paulo,3550308,True,,33170,,,-23.50463,-46.442929,,,,2,2023-06-17T02:43:53+00:00
SAO_6115-41,São Paulo,3550308,True,,2241,,,-23.736796499999997,-46.696856,,,,1,2023-06-17T02:41:58+00:00
SAO_3741-10,São Paulo,3550308,True,,1041,,,-23.542065,-46.449332,,,,1,2023-06-17T02:44:26+00:00
SAO_3741-10,São Paulo,3550308,True,,1041,,,-23.542323500000002,-46.470389499999996,,,,1,2023-06-17T02:44:40+00:00
SAO_3741-10,São Paulo,3550308,True,,1041,,,-23.545821,-46.448878,,,,1,2023-06-17T02:44:33+00:00
SAO_3741-10,São Paulo,3550308,True,,1041,,,-23.544235,-46.4490275,,,,1,2023-06-17T02:44:35+00:00
SAO_3741-10,São Paulo,3550308,True,,1041,,,-23.546075000000002,-46.448693000000006,,,,1,2023-06-17T02:44:28+00:00
SAO_3741-10,São Paulo,3550308,True,,1041,,,-23.5498035,-46.4621065,,,,1,2023-06-17T02:43:57+00:00
SAO_3741-10,São Paulo,3550308,True,,1041,,,-23.542065,-46.449332,,,,1,2023-06-17T02:44:22+00:00
SAO_3741-10,São Paulo,3550308,True,,1041,,,-23.542065,-46.449332,,,,1,2023-06-17T02:44:36+00:00
SAO_3741-10,São Paulo,3550308,True,,1041,,,-23.545589999999997,-46.4489845,,,,1,2023-06-17T02:43:59+00:00
SAO_574R-10,São Paulo,3550308,True,,34391,,,-23.614496,-46.500415000000004,,,,2,2023-06-17T02:44:30+00:00
SAO_574R-10,São Paulo,3550308,True,,34391,,,-23.6131265,-46.504025999999996,,,,2,2023-06-17T02:44:28+00:00
SAO_574R-10,São Paulo,3550308,True,,34391,,,-23.546152749999997,-46.584663250000006,,,,2,2023-06-17T02:44:32+00:00
SAO_574R-10,São Paulo,3550308,True,,34391,,,-23.608694,-46.506142499999996,,,,2,2023-06-17T02:44:03+00:00
SAO_574R-10,São Paulo,3550308,True,,34391,,,-23.58678675,-46.53282625,,,,2,2023-06-17T02:44:14+00:00
SAO_574R-10,São Paulo,3550308,True,,34391,,,-23.6139405,-46.501206499999995,,,,2,2023-06-17T02:42:50+00:00
SAO_6008-10,São Paulo,3550308,True,,1200,,,-23.688761,-46.7648825,,,,1,2023-06-17T02:44:33+00:00
SAO_6008-10,São Paulo,3550308,True,,1200,,,-23.66649675,-46.7191605,,,,1,2023-06-17T02:44:27+00:00
SAO_6008-10,São Paulo,3550308,True,,1200,,,-23.654016,-46.710308999999995,,,,1,2023-06-17T02:44:30+00:00
SAO_6008-10,São Paulo,3550308,True,,1200,,,-23.667369,-46.728165,,,,1,2023-06-17T02:44:16+00:00
SAO_208M-10,São Paulo,3550308,True,,2478,,,-23.5457995,-46.669028999999995,,,,1,2023-06-17T02:44:05+00:00
SAO_208M-10,São Paulo,3550308,True,,2478,,,-23.566066,-46.701753499999995,,,,1,2023-06-17T02:44:01+00:00
SAO_208M-10,São Paulo,3550308,True,,2478,,,-23.504036999999997,-46.62677025,,,,1,2023-06-17T02:44:23+00:00
SAO_208M-10,São Paulo,3550308,True,,2478,,,-23.565869,-46.701094499999996,,,,1,2023-06-17T02:44:19+00:00
SAO_208M-10,São Paulo,3550308,True,,2478,,,-23.542383,-46.665214375000005,,,,1,2023-06-17T02:44:15+00:00
SAO_208M-10,São Paulo,3550308,True,,2478,,,-23.502214000000002,-46.6235875,,,,1,2023-06-17T02:44:00+00:00
SAO_407L-10,São Paulo,3550308,True,,2199,,,-23.579957,-46.4152845,,,,1,2023-06-17T02:42:10+00:00
SAO_407L-10,São Paulo,3550308,True,,2199,,,-23.533108,-46.462897999999996,,,,1,2023-06-17T02:44:13+00:00
SAO_407L-10,São Paulo,3550308,True,,2199,,,-23.5324625,-46.486601,,,,1,2023-06-17T02:44:07+00:00
SAO_407L-10,São Paulo,3550308,True,,2199,,,-23.587823,-46.3916835,,,,1,2023-06-17T02:42:59+00:00
SAO_6028-10,São Paulo,3550308,True,,1211,,,-23.66636875,-46.71800125,,,,1,2023-06-17T02:44:13+00:00
SAO_6028-10,São Paulo,3550308,True,,1211,,,-23.691234,-46.758831,,,,1,2023-06-17T02:44:35+00:00
SAO_6028-10,São Paulo,3550308,True,,1211,,,-23.653927,-46.710094,,,,1,2023-06-17T02:44:39+00:00
SAO_7004-10,São Paulo,3550308,True,,34760,,,-23.7312905,-46.7859135,,,,2,2023-06-17T02:44:31+00:00
SAO_7004-10,São Paulo,3550308,True,,34760,,,-23.742005499999998,-46.80109,,,,2,2023-06-17T02:44:11+00:00
SAO_7004-10,São Paulo,3550308,True,,34760,,,-23.7320815,-46.786311,,,,2,2023-06-17T02:44:20+00:00
SAO_7004-10,São Paulo,3550308,True,,34760,,,-23.7317975,-46.7861475,,,,2,2023-06-17T02:44:34+00:00
SAO_7004-10,São Paulo,3550308,True,,34760,,,-23.684191749999997,-46.7573795,,,,2,2023-06-17T02:42:34+00:00
SAO_7004-10,São Paulo,3550308,True,,34760,,,-23.731476999999998,-46.7859925,,,,2,2023-06-17T02:44:36+00:00
SAO_7004-10,São Paulo,3550308,True,,34760,,,-23.6866445,-46.754375499999995,,,,2,2023-06-17T02:44:29+00:00
SAO_7004-10,São Paulo,3550308,True,,34760,,,-23.680833749999998,-46.734853,,,,2,2023-06-17T02:44:26+00:00
SAO_7004-10,São Paulo,3550308,True,,34760,,,-23.699928,-46.7806655,,,,2,2023-06-17T02:43:57+00:00
SAO_7004-10,São Paulo,3550308,True,,34760,,,-23.7280065,-46.786275,,,,2,2023-06-17T02:44:21+00:00
SAO_7004-10,São Paulo,3550308,True,,34760,,,-23.7317975,-46.7861475,,,,2,2023-06-17T02:44:00+00:00
SAO_7004-10,São Paulo,3550308,True,,34760,,,-23.667395499999998,-46.729535,,,,2,2023-06-17T02:44:35+00:00
SAO_7004-10,São Paulo,3550308,True,,34760,,,-23.666486499999998,-46.727189499999994,,,,2,2023-06-17T02:44:21+00:00
SAO_7004-10,São Paulo,3550308,True,,34760,,,-23.686473,-46.7704065,,,,2,2023-06-17T02:40:20+00:00
SAO_7004-10,São Paulo,3550308,True,,34760,,,-23.7304065,-46.785836,,,,2,2023-06-17T02:43:44+00:00
SAO_5614-10,São Paulo,3550308,True,,1515,,,-23.6881,-46.670863,,,,1,2023-06-17T02:44:28+00:00
SAO_5614-10,São Paulo,3550308,True,,1515,,,-23.696272999999998,-46.649910500000004,,,,1,2023-06-17T02:42:48+00:00
SAO_5614-10,São Paulo,3550308,True,,1515,,,-23.715806999999998,-46.626348500000006,,,,1,2023-06-17T02:44:33+00:00
SAO_5614-10,São Paulo,3550308,True,,1515,,,-23.697336,-46.630615000000006,,,,1,2023-06-17T02:44:00+00:00
SAO_5614-10,São Paulo,3550308,True,,1515,,,-23.715806999999998,-46.626348500000006,,,,1,2023-06-17T02:44:27+00:00
SAO_6036-10,São Paulo,3550308,True,,1214,,,-23.649411999999998,-46.7066835,,,,1,2023-06-17T02:43:59+00:00
SAO_6036-10,São Paulo,3550308,True,,1214,,,-23.6538115,-46.789655499999995,,,,1,2023-06-17T02:44:16+00:00
SAO_6036-10,São Paulo,3550308,True,,1214,,,-23.647452,-46.779009,,,,1,2023-06-17T02:44:21+00:00
SAO_6036-10,São Paulo,3550308,True,,1214,,,-23.65376725,-46.79044725,,,,1,2023-06-17T02:44:34+00:00
SAO_6036-10,São Paulo,3550308,True,,1214,,,-23.648301,-46.7487645,,,,1,2023-06-17T02:44:34+00:00
SAO_546J-10,São Paulo,3550308,True,,33901,,,-23.672731499999998,-46.6757675,,,,2,2023-06-17T02:44:10+00:00
SAO_546J-10,São Paulo,3550308,True,,33901,,,-23.676822,-46.662923,,,,2,2023-06-17T02:43:57+00:00
SAO_546J-10,São Paulo,3550308,True,,33901,,,-23.687589250000002,-46.6589635,,,,2,2023-06-17T02:44:31+00:00
SAO_546J-10,São Paulo,3550308,True,,33901,,,-23.65577325,-46.701387,,,,2,2023-06-17T02:44:05+00:00
SAO_546J-10,São Paulo,3550308,True,,33901,,,-23.688448,-46.6592945,,,,2,2023-06-17T02:43:56+00:00
SAO_546J-10,São Paulo,3550308,True,,33901,,,-23.687413749999997,-46.6586645,,,,2,2023-06-17T02:44:16+00:00
SAO_3742-10,São Paulo,3550308,True,,33810,,,-23.604736000000003,-46.4346285,,,,2,2023-06-17T02:44:18+00:00
SAO_3742-10,São Paulo,3550308,True,,33810,,,-23.571409375,-46.446696625,,,,2,2023-06-17T02:44:20+00:00
SAO_3742-10,São Paulo,3550308,True,,33810,,,-23.60477375,-46.434162,,,,2,2023-06-17T02:44:32+00:00
SAO_3742-10,São Paulo,3550308,True,,33810,,,-23.55283275,-46.446398,,,,2,2023-06-17T02:44:37+00:00
SAO_3742-10,São Paulo,3550308,True,,33810,,,-23.5947165,-46.442795000000004,,,,2,2023-06-17T02:44:03+00:00
SAO_637V-10,São Paulo,3550308,True,,32872,,,-23.716627250000002,-46.689171,,,,2,2023-06-17T02:44:16+00:00
SAO_637V-10,São Paulo,3550308,True,,32872,,,-23.738139500000003,-46.686422,,,,2,2023-06-17T02:44:28+00:00
SAO_637V-10,São Paulo,3550308,True,,32872,,,-23.654134499999998,-46.708625,,,,2,2023-06-17T02:44:38+00:00
SAO_8060-10,São Paulo,3550308,True,,33186,,,-23.521107999999998,-46.7277915,,,,2,2023-06-17T02:44:07+00:00
SAO_8060-10,São Paulo,3550308,False,,33186,,,-23.52123875,-46.7241955,,,,2,2023-06-17T02:44:13+00:00
SAO_8060-10,São Paulo,3550308,True,,33186,,,-23.502658,-46.760932499999996,,,,2,2023-06-17T02:44:33+00:00
SAO_8060-10,São Paulo,3550308,True,,33186,,,-23.50283475,-46.760608500000004,,,,2,2023-06-17T02:43:54+00:00
SAO_8060-10,São Paulo,3550308,True,,33186,,,-23.512411,-46.755121,,,,2,2023-06-17T02:43:34+00:00
SAO_2780-10,São Paulo,3550308,True,EMTU,399,https://moovitapp.com/index/pt-br/transporte_p%C3%BAblico-line-399-Sao_Paulo-242-2038937-36419463-0,6.45,-23.5296605,-46.451908875,,,,1,2023-06-17T02:44:15+00:00
SAO_2780-10,São Paulo,3550308,True,EMTU,399,https://moovitapp.com/index/pt-br/transporte_p%C3%BAblico-line-399-Sao_Paulo-242-2038937-36419463-0,6.45,-23.5427865,-46.470943500000004,,,,1,2023-06-17T02:44:19+00:00
SAO_2780-10,São Paulo,3550308,True,EMTU,399,https://moovitapp.com/index/pt-br/transporte_p%C3%BAblico-line-399-Sao_Paulo-242-2038937-36419463-0,6.45,-23.502465,-46.384566,,,,1,2023-06-17T02:44:33+00:00
SAO_407L-10,São Paulo,3550308,True,,34967,,,-23.534103,-46.47687,,,,2,2023-06-17T02:44:00+00:00
SAO_407L-10,São Paulo,3550308,True,,34967,,,-23.58055825,-46.413486750000004,,,,2,2023-06-17T02:44:29+00:00
SAO_407L-10,São Paulo,3550308,True,,34967,,,-23.5431315,-46.420833,,,,2,2023-06-17T02:44:04+00:00
SAO_407L-10,São Paulo,3550308,True,,34967,,,-23.569121000000003,-46.41598925,,,,2,2023-06-17T02:44:26+00:00
SAO_407L-10,São Paulo,3550308,True,,34967,,,-23.526940250000003,-46.5190045,,,,2,2023-06-17T02:44:34+00:00
SAO_407L-10,São Paulo,3550308,True,,34967,,,-23.583334,-46.390718,,,,2,2023-06-17T02:40:54+00:00
SAO_407L-10,São Paulo,3550308,True,,34967,,,-23.5798645,-46.4115495,,,,2,2023-06-17T02:44:35+00:00
SAO_407L-10,São Paulo,3550308,True,,34967,,,-23.58918775,-46.393550375000004,,,,2,2023-06-17T02:44:29+00:00
SAO_407L-10,São Paulo,3550308,True,,34967,,,-23.54269925,-46.41562424999999,,,,2,2023-06-17T02:44:20+00:00
SAO_407L-10,São Paulo,3550308,True,,34967,,,-23.563516,-46.416466,,,,2,2023-06-17T02:44:12+00:00
SAO_407L-10,São Paulo,3550308,True,,34967,,,-23.5876545,-46.39578525,,,,2,2023-06-17T02:44:32+00:00
SAO_407L-10,São Paulo,3550308,True,,34967,,,-23.5920095,-46.39401775,,,,2,2023-06-17T02:44:35+00:00
SAO_407L-10,São Paulo,3550308,True,,34967,,,-23.5357425,-46.4540355,,,,2,2023-06-17T02:44:02+00:00
SAO_407L-10,São Paulo,3550308,True,,34967,,,-23.590592,-46.3947795,,,,2,2023-06-17T02:44:06+00:00
SAO_407L-10,São Paulo,3550308,True,,34967,,,-23.590592,-46.3947795,,,,2,2023-06-17T02:44:02+00:00
SAO_407L-10,São Paulo,3550308,True,,34967,,,-23.590592,-46.3947795,,,,2,2023-06-17T02:44:34+00:00
SAO_273F-10,São Paulo,3550308,True,,32927,,,-23.540879,-46.456956,,,,2,2023-06-17T02:44:30+00:00
SAO_273F-10,São Paulo,3550308,True,,32927,,,-23.489485625,-46.421352,,,,2,2023-06-17T02:44:35+00:00
SAO_175T-10,São Paulo,3550308,True,,33391,,,-23.5263735,-46.6308815,,,,2,2023-06-17T02:44:04+00:00
SAO_175T-10,São Paulo,3550308,True,,33391,,,-23.587155,-46.652510500000005,,,,2,2023-06-17T02:44:30+00:00
SAO_175T-10,São Paulo,3550308,True,,33391,,,-23.5820685,-46.65085575,,,,2,2023-06-17T02:44:24+00:00
SAO_175T-10,São Paulo,3550308,True,,33391,,,-23.5031265,-46.624462,,,,2,2023-06-17T02:43:59+00:00
SAO_175T-10,São Paulo,3550308,True,,33391,,,-23.503788375,-46.624660500000005,,,,2,2023-06-17T02:43:58+00:00
SAO_175T-10,São Paulo,3550308,True,,33391,,,-23.6539315,-46.637958,,,,2,2023-06-17T02:43:47+00:00
SAO_175T-10,São Paulo,3550308,True,,33391,,,-23.65404,-46.63784,,,,2,2023-06-17T02:44:08+00:00
SAO_175T-10,São Paulo,3550308,True,,33391,,,-23.642342,-46.6413355,,,,2,2023-06-17T02:44:32+00:00
SAO_175T-10,São Paulo,3550308,True,,33391,,,-23.525461999999997,-46.6307205,,,,2,2023-06-17T02:44:01+00:00
SAO_6L07-10,São Paulo,3550308,True,,34313,,,-23.7667025,-46.7163285,,,,2,2023-06-17T02:44:32+00:00
SAO_6L07-10,São Paulo,3550308,True,,34313,,,-23.829178,-46.7143155,,,,2,2023-06-17T02:44:04+00:00
SAO_6L07-10,São Paulo,3550308,True,,34313,,,-23.8313465,-46.711774500000004,,,,2,2023-06-17T02:44:25+00:00
SAO_5614-10,São Paulo,3550308,True,,34283,,,-23.700256000000003,-46.628356999999994,,,,2,2023-06-17T02:43:09+00:00
SAO_5614-10,São Paulo,3550308,True,,34283,,,-23.627580000000002,-46.661883,,,,2,2023-06-17T02:44:35+00:00
SAO_5614-10,São Paulo,3550308,True,,34283,,,-23.68200875,-46.67572025,,,,2,2023-06-17T02:44:14+00:00
SAO_5614-10,São Paulo,3550308,True,,34283,,,-23.677766,-46.673688999999996,,,,2,2023-06-17T02:44:10+00:00
SAO_5614-10,São Paulo,3550308,True,,34283,,,-23.6968835,-46.674261,,,,2,2023-06-17T02:44:03+00:00
SAO_4491-10,São Paulo,3550308,True,,33095,,,-23.6476315,-46.6002915,,,,2,2023-06-17T02:44:28+00:00
SAO_748R-10,São Paulo,3550308,True,EMTU,501,https://moovitapp.com/index/pt-br/transporte_p%C3%BAblico-line-501-Sao_Paulo-242-2038937-36419526-0,7.55,-23.5830555,-46.7708775,,,,1,2023-06-17T02:44:11+00:00
SAO_748R-10,São Paulo,3550308,True,EMTU,501,https://moovitapp.com/index/pt-br/transporte_p%C3%BAblico-line-501-Sao_Paulo-242-2038937-36419526-0,7.55,-23.5899385,-46.7673,,,,1,2023-06-17T02:44:18+00:00
SAO_748R-10,São Paulo,3550308,True,EMTU,501,https://moovitapp.com/index/pt-br/transporte_p%C3%BAblico-line-501-Sao_Paulo-242-2038937-36419526-0,7.55,-23.526614000000002,-46.668097,,,,1,2023-06-17T02:43:56+00:00
SAO_748R-10,São Paulo,3550308,True,EMTU,501,https://moovitapp.com/index/pt-br/transporte_p%C3%BAblico-line-501-Sao_Paulo-242-2038937-36419526-0,7.55,-23.550664437500004,-46.739648312499995,,,,1,2023-06-17T02:44:14+00:00
SAO_748R-10,São Paulo,3550308,True,EMTU,501,https://moovitapp.com/index/pt-br/transporte_p%C3%BAblico-line-501-Sao_Paulo-242-2038937-36419526-0,7.55,-23.5256045,-46.681706500000004,,,,1,2023-06-17T02:44:19+00:00
SAO_5185-10,São Paulo,3550308,True,,34076,,,-23.57163975,-46.653099749999996,,,,2,2023-06-17T02:44:27+00:00
SAO_5185-10,São Paulo,3550308,True,,34076,,,-23.6263945,-46.661683,,,,2,2023-06-17T02:44:01+00:00
SAO_5185-10,São Paulo,3550308,True,,34076,,,-23.60728225,-46.6525525,,,,2,2023-06-17T02:44:31+00:00
SAO_5185-10,São Paulo,3550308,True,,34076,,,-23.667807,-46.7355005,,,,2,2023-06-17T02:44:27+00:00
SAO_5185-10,São Paulo,3550308,True,,34076,,,-23.668242,-46.7355055,,,,2,2023-06-17T02:44:31+00:00
SAO_5185-10,São Paulo,3550308,True,,34076,,,-23.6546045,-46.691169875,,,,2,2023-06-17T02:44:00+00:00
SAO_5185-10,São Paulo,3550308,True,,34076,,,-23.585917000000002,-46.6549985,,,,2,2023-06-17T02:44:19+00:00
SAO_5185-10,São Paulo,3550308,True,,34076,,,-23.667807,-46.7355005,,,,2,2023-06-17T02:44:18+00:00
SAO_5185-10,São Paulo,3550308,True,,34076,,,-23.550281499999997,-46.636097750000005,,,,2,2023-06-17T02:44:15+00:00
SAO_5185-10,São Paulo,3550308,True,,34076,,,-23.6555155,-46.692631500000005,,,,2,2023-06-17T02:44:13+00:00
SAO_2740-10,São Paulo,3550308,True,,34560,,,-23.484091749999997,-46.614554,,,,2,2023-06-17T02:44:29+00:00
SAO_2740-10,São Paulo,3550308,True,,34560,,,-23.465017500000002,-46.633625,,,,2,2023-06-17T02:44:07+00:00
SAO_2740-10,São Paulo,3550308,True,,34560,,,-23.4580645,-46.6433105,,,,2,2023-06-17T02:44:18+00:00
SAO_2740-10,São Paulo,3550308,True,,34560,,,-23.4580645,-46.6433105,,,,2,2023-06-17T02:44:25+00:00
SAO_971X-10,São Paulo,3550308,True,,34463,,,-23.476771499999998,-46.67083575,,,,2,2023-06-17T02:44:20+00:00
SAO_971X-10,São Paulo,3550308,True,,34463,,,-23.477443,-46.6719705,,,,2,2023-06-17T02:44:36+00:00
SAO_971X-10,São Paulo,3550308,True,,34463,,,-23.483583250000002,-46.65385925,,,,2,2023-06-17T02:44:26+00:00
SAO_971X-10,São Paulo,3550308,True,,34463,,,-23.474981,-46.67017,,,,2,2023-06-17T02:44:08+00:00
SAO_971X-10,São Paulo,3550308,True,,34463,,,-23.485663,-46.652913,,,,2,2023-06-17T02:44:19+00:00
SAO_971X-10,São Paulo,3550308,True,,34463,,,-23.499352875,-46.636367125,,,,2,2023-06-17T02:44:06+00:00
SAO_2724-10,São Paulo,3550308,True,,938,,,-23.5396445,-46.483602,,,,1,2023-06-17T02:44:21+00:00
SAO_2724-10,São Paulo,3550308,True,,938,,,-23.5396445,-46.483602,,,,1,2023-06-17T02:44:32+00:00
SAO_2724-10,São Paulo,3550308,True,,938,,,-23.5396445,-46.483602,,,,1,2023-06-17T02:44:27+00:00
SAO_2724-10,São Paulo,3550308,True,,938,,,-23.5396445,-46.483602,,,,1,2023-06-17T02:44:40+00:00
SAO_2724-10,São Paulo,3550308,True,,938,,,-23.5396445,-46.483602,,,,1,2023-06-17T02:44:26+00:00
SAO_2724-10,São Paulo,3550308,True,,938,,,-23.528216999999998,-46.472147250000006,,,,1,2023-06-17T02:44:04+00:00
SAO_407J-10,São Paulo,3550308,True,,34966,,,-23.552346,-46.406394,,,,2,2023-06-17T02:43:24+00:00
SAO_407J-10,São Paulo,3550308,True,,34966,,,-23.57873875,-46.481561875,,,,2,2023-06-17T02:44:37+00:00
SAO_407J-10,São Paulo,3550308,True,,34966,,,-23.553882,-46.4006755,,,,2,2023-06-17T02:42:45+00:00
SAO_407J-10,São Paulo,3550308,True,,34966,,,-23.54470325,-46.567026500000004,,,,2,2023-06-17T02:44:17+00:00
SAO_407J-10,São Paulo,3550308,True,,34966,,,-23.5538775,-46.403907,,,,2,2023-06-17T02:44:04+00:00
SAO_407J-10,São Paulo,3550308,True,,34966,,,-23.55371425,-46.40418275,,,,2,2023-06-17T02:44:04+00:00
SAO_407J-10,São Paulo,3550308,True,,34966,,,-23.53124375,-46.445772375000004,,,,2,2023-06-17T02:44:03+00:00
SAO_407J-10,São Paulo,3550308,True,,34966,,,-23.5538775,-46.403907,,,,2,2023-06-17T02:44:05+00:00
SAO_407J-10,São Paulo,3550308,True,,34966,,,-23.5540335,-46.403518000000005,,,,2,2023-06-17T02:44:14+00:00
SAO_407J-10,São Paulo,3550308,True,,34966,,,-23.553221999999998,-46.528059,,,,2,2023-06-17T02:44:19+00:00
SAO_407J-10,São Paulo,3550308,True,,34966,,,-23.55256375,-46.403938875,,,,2,2023-06-17T02:44:04+00:00
SAO_407J-10,São Paulo,3550308,True,,34966,,,-23.557128249999998,-46.473223250000004,,,,2,2023-06-17T02:44:14+00:00
SAO_407J-10,São Paulo,3550308,True,,34966,,,-23.57951,-46.482037000000005,,,,2,2023-06-17T02:44:18+00:00
SAO_407J-10,São Paulo,3550308,True,,34966,,,-23.5523945,-46.464682,,,,2,2023-06-17T02:43:56+00:00
SAO_771P-10,São Paulo,3550308,True,,33274,,,-23.602404,-46.795141,,,,2,2023-06-17T02:44:40+00:00
SAO_263C-10,São Paulo,3550308,True,EMTU,252,https://moovitapp.com/index/pt-br/transporte_p%C3%BAblico-line-252-Sao_Paulo-242-2038937-36419363-0,6.8,-23.49533075,-46.430634999999995,,,,1,2023-06-17T02:44:05+00:00
SAO_263C-10,São Paulo,3550308,True,EMTU,252,https://moovitapp.com/index/pt-br/transporte_p%C3%BAblico-line-252-Sao_Paulo-242-2038937-36419363-0,6.8,-23.512217125,-46.415789000000004,,,,1,2023-06-17T02:43:56+00:00
SAO_263C-10,São Paulo,3550308,True,EMTU,252,https://moovitapp.com/index/pt-br/transporte_p%C3%BAblico-line-252-Sao_Paulo-242-2038937-36419363-0,6.8,-23.53967,-46.439659,,,,1,2023-06-17T02:44:20+00:00
SAO_263C-10,São Paulo,3550308,True,EMTU,252,https://moovitapp.com/index/pt-br/transporte_p%C3%BAblico-line-252-Sao_Paulo-242-2038937-36419363-0,6.8,-23.52666825,-46.4180455,,,,1,2023-06-17T02:44:14+00:00
SAO_4032-10,São Paulo,3550308,True,,33870,,,-23.62815825,-46.600349,,,,2,2023-06-17T02:44:34+00:00
SAO_4032-10,São Paulo,3550308,True,,33870,,,-23.622114,-46.620519,,,,2,2023-06-17T02:44:39+00:00
SAO_4032-10,São Paulo,3550308,True,,33870,,,-23.62815825,-46.600349,,,,2,2023-06-17T02:44:01+00:00
SAO_4032-10,São Paulo,3550308,True,,33870,,,-23.599328999999997,-46.640661,,,,2,2023-06-17T02:44:16+00:00
SAO_4032-10,São Paulo,3550308,True,,33870,,,-23.610132,-46.6389045,,,,2,2023-06-17T02:44:16+00:00
SAO_208M-10,São Paulo,3550308,True,,35246,,,-23.556822750000002,-46.676277750000004,,,,2,2023-06-17T02:44:00+00:00
SAO_208M-10,São Paulo,3550308,True,,35246,,,-23.526601,-46.667035999999996,,,,2,2023-06-17T02:44:36+00:00
SAO_208M-10,São Paulo,3550308,True,,35246,,,-23.5035645,-46.638476499999996,,,,2,2023-06-17T02:44:16+00:00
SAO_208M-10,São Paulo,3550308,True,,35246,,,-23.567680000000003,-46.7005755,,,,2,2023-06-17T02:44:28+00:00
SAO_208M-10,São Paulo,3550308,True,,35246,,,-23.501943500000003,-46.6235805,,,,2,2023-06-17T02:43:57+00:00
SAO_208M-10,São Paulo,3550308,True,,35246,,,-23.502214000000002,-46.6235875,,,,2,2023-06-17T02:43:58+00:00
SAO_8594-10,São Paulo,3550308,True,,33200,,,-23.454942000000003,-46.747519,,,,2,2023-06-17T02:44:20+00:00
SAO_8594-10,São Paulo,3550308,True,,33200,,,-23.451815,-46.7463895,,,,2,2023-06-17T02:44:28+00:00
SAO_8594-10,São Paulo,3550308,True,,33200,,,-23.454636,-46.749281499999995,,,,2,2023-06-17T02:43:59+00:00
SAO_8594-10,São Paulo,3550308,True,,33200,,,-23.451815,-46.7463895,,,,2,2023-06-17T02:44:35+00:00
SAO_8594-10,São Paulo,3550308,True,,33200,,,-23.4519315,-46.746531000000004,,,,2,2023-06-17T02:44:15+00:00
SAO_8594-10,São Paulo,3550308,True,,33200,,,-23.457815,-46.719069000000005,,,,2,2023-06-17T02:43:56+00:00
SAO_8594-10,São Paulo,3550308,True,,33200,,,-23.450701000000002,-46.728078499999995,,,,2,2023-06-17T02:44:37+00:00
SAO_8594-10,São Paulo,3550308,True,,33200,,,-23.525869,-46.67762925,,,,2,2023-06-17T02:44:27+00:00
SAO_2717-10,São Paulo,3550308,True,Urubupungá,930,https://moovitapp.com/index/pt-br/transporte_p%C3%BAblico-line-930-Sao_Paulo-242-873835-496473-0,4.6,-23.506979875,-46.513221,,,,1,2023-06-17T02:44:36+00:00
SAO_2717-10,São Paulo,3550308,True,Urubupungá,930,https://moovitapp.com/index/pt-br/transporte_p%C3%BAblico-line-930-Sao_Paulo-242-873835-496473-0,4.6,-23.516844749999997,-46.516507000000004,,,,1,2023-06-17T02:44:11+00:00
SAO_2717-10,São Paulo,3550308,True,Urubupungá,930,https://moovitapp.com/index/pt-br/transporte_p%C3%BAblico-line-930-Sao_Paulo-242-873835-496473-0,4.6,-23.5286855,-46.516388500000005,,,,1,2023-06-17T02:44:11+00:00
SAO_2717-10,São Paulo,3550308,True,Urubupungá,930,https://moovitapp.com/index/pt-br/transporte_p%C3%BAblico-line-930-Sao_Paulo-242-873835-496473-0,4.6,-23.502086,-46.50808,,,,1,2023-06-17T02:44:02+00:00
SAO_6073-10,São Paulo,3550308,True,,33928,,,-23.853313,-46.6956225,,,,2,2023-06-17T02:44:12+00:00
SAO_6073-10,São Paulo,3550308,True,,33928,,,-23.765957,-46.716463,,,,2,2023-06-17T02:44:28+00:00
SAO_6073-10,São Paulo,3550308,True,,33928,,,-23.828025500000003,-46.7271865,,,,2,2023-06-17T02:44:39+00:00
SAO_6073-10,São Paulo,3550308,True,,33928,,,-23.806536,-46.736369499999995,,,,2,2023-06-17T02:44:32+00:00
SAO_574W-10,São Paulo,3550308,True,,34397,,,-23.6161065,-46.4880085,,,,2,2023-06-17T02:44:15+00:00
SAO_574W-10,São Paulo,3550308,True,,34397,,,-23.619709,-46.487783,,,,2,2023-06-17T02:44:03+00:00
SAO_574W-10,São Paulo,3550308,True,,34397,,,-23.605445500000002,-46.508540749999995,,,,2,2023-06-17T02:44:10+00:00
SAO_574W-10,São Paulo,3550308,True,,34397,,,-23.6136335,-46.485,,,,2,2023-06-17T02:44:11+00:00
SAO_574W-10,São Paulo,3550308,True,,34397,,,-23.61519175,-46.48790975,,,,2,2023-06-17T02:44:19+00:00
SAO_574W-10,São Paulo,3550308,True,,34397,,,-23.5658625,-46.5448215,,,,2,2023-06-17T02:44:22+00:00
SAO_574W-10,São Paulo,3550308,True,,34397,,,-23.615775499999998,-46.488022,,,,2,2023-06-17T02:43:58+00:00
SAO_574W-10,São Paulo,3550308,True,,34397,,,-23.558814499999997,-46.567691499999995,,,,2,2023-06-17T02:44:40+00:00
SAO_7550-10,São Paulo,3550308,True,,34861,,,-23.578760000000003,-46.66099,,,,2,2023-06-17T02:43:58+00:00
SAO_7550-10,São Paulo,3550308,True,,34861,,,-23.539453,-46.6480085,,,,2,2023-06-17T02:44:02+00:00
SAO_7550-10,São Paulo,3550308,True,,34861,,,-23.61896,-46.682627,,,,2,2023-06-17T02:43:58+00:00
SAO_7550-10,São Paulo,3550308,True,,34861,,,-23.654868999999998,-46.715183874999994,,,,2,2023-06-17T02:44:26+00:00
SAO_7550-10,São Paulo,3550308,True,,34861,,,-23.6543835,-46.71337775000001,,,,2,2023-06-17T02:44:39+00:00
SAO_2722-10,São Paulo,3550308,True,Urubupungá,935,https://moovitapp.com/index/pt-br/transporte_p%C3%BAblico-line-935-Sao_Paulo-242-873835-76437456-0,4.6,-23.492005,-46.4929725,,,,1,2023-06-17T02:36:27+00:00
SAO_2722-10,São Paulo,3550308,True,Urubupungá,935,https://moovitapp.com/index/pt-br/transporte_p%C3%BAblico-line-935-Sao_Paulo-242-873835-76437456-0,4.6,-23.49212175,-46.49311525,,,,1,2023-06-17T02:44:33+00:00
SAO_2722-10,São Paulo,3550308,True,Urubupungá,935,https://moovitapp.com/index/pt-br/transporte_p%C3%BAblico-line-935-Sao_Paulo-242-873835-76437456-0,4.6,-23.5211745,-46.5159335,,,,1,2023-06-17T02:43:54+00:00
SAO_2722-10,São Paulo,3550308,True,Urubupungá,935,https://moovitapp.com/index/pt-br/transporte_p%C3%BAblico-line-935-Sao_Paulo-242-873835-76437456-0,4.6,-23.4918725,-46.4926625,,,,1,2023-06-17T02:44:25+00:00
SAO_2722-10,São Paulo,3550308,True,Urubupungá,935,https://moovitapp.com/index/pt-br/transporte_p%C3%BAblico-line-935-Sao_Paulo-242-873835-76437456-0,4.6,-23.490014000000002,-46.490151,,,,1,2023-06-17T02:44:01+00:00
SAO_2722-10,São Paulo,3550308,True,Urubupungá,935,https://moovitapp.com/index/pt-br/transporte_p%C3%BAblico-line-935-Sao_Paulo-242-873835-76437456-0,4.6,-23.512660500000003,-46.5018715,,,,1,2023-06-17T02:44:37+00:00
SAO_8055-51,São Paulo,3550308,True,,33185,,,-23.526348499999997,-46.6679865,,,,2,2023-06-17T02:44:31+00:00
SAO_8055-51,São Paulo,3550308,True,,33185,,,-23.51894025,-46.72419975,,,,2,2023-06-17T02:44:17+00:00
SAO_8055-51,São Paulo,3550308,True,,33185,,,-23.435618625,-46.7861755,,,,2,2023-06-17T02:44:16+00:00
SAO_8055-51,São Paulo,3550308,True,,33185,,,-23.5241095,-46.6842925,,,,2,2023-06-17T02:44:29+00:00
SAO_8055-51,São Paulo,3550308,True,,33185,,,-23.408178,-46.7411865,,,,2,2023-06-17T02:44:30+00:00
SAO_6057-10,São Paulo,3550308,True,,1148,,,-23.7371425,-46.697546,,,,1,2023-06-17T02:40:55+00:00
SAO_6057-10,São Paulo,3550308,True,,1148,,,-23.766551999999997,-46.7091615,,,,1,2023-06-17T02:44:01+00:00
SAO_6057-10,São Paulo,3550308,True,,1148,,,-23.741138499999998,-46.7054285,,,,1,2023-06-17T02:44:09+00:00
SAO_4314-10,São Paulo,3550308,True,,2174,,,-23.554812,-46.479648999999995,,,,1,2023-06-17T02:43:58+00:00
SAO_4314-10,São Paulo,3550308,True,,2174,,,-23.564459,-46.415409499999996,,,,1,2023-06-17T02:44:33+00:00
SAO_4314-10,São Paulo,3550308,True,,2174,,,-23.5399025,-46.5415365,,,,1,2023-06-17T02:44:13+00:00
SAO_4314-10,São Paulo,3550308,True,,2174,,,-23.55211,-46.620435875,,,,1,2023-06-17T02:44:07+00:00
SAO_4314-10,São Paulo,3550308,True,,2174,,,-23.542805187499997,-46.5851181875,,,,1,2023-06-17T02:44:35+00:00
SAO_4014-10,São Paulo,3550308,True,,34955,,,-23.612769,-46.45642275,,,,2,2023-06-17T02:44:33+00:00
SAO_4014-10,São Paulo,3550308,True,,34955,,,-23.6089685,-46.4583935,,,,2,2023-06-17T02:43:56+00:00
SAO_4014-10,São Paulo,3550308,True,,34955,,,-23.612769,-46.45642275,,,,2,2023-06-17T02:43:57+00:00
SAO_4014-10,São Paulo,3550308,True,,34955,,,-23.558156,-46.522711,,,,2,2023-06-17T02:44:05+00:00
SAO_4014-10,São Paulo,3550308,True,,34955,,,-23.582850999999998,-46.4964795,,,,2,2023-06-17T02:43:53+00:00
SAO_3712-51,São Paulo,3550308,True,,2505,,,-23.5509525,-46.4254715,,,,1,2023-06-17T02:43:56+00:00
SAO_3712-51,São Paulo,3550308,True,,2505,,,-23.542497,-46.44645375,,,,1,2023-06-17T02:44:12+00:00
SAO_3712-51,São Paulo,3550308,True,,2505,,,-23.541897,-46.470466,,,,1,2023-06-17T02:44:21+00:00
SAO_3712-51,São Paulo,3550308,True,,2505,,,-23.561501749999998,-46.424707500000004,,,,1,2023-06-17T02:44:22+00:00
SAO_3712-51,São Paulo,3550308,True,,2505,,,-23.559803,-46.422215,,,,1,2023-06-17T02:44:40+00:00
SAO_199D-10,São Paulo,3550308,True,,34903,,,-23.515204,-46.698055,,,,2,2023-06-17T02:44:23+00:00
SAO_199D-10,São Paulo,3550308,True,,34903,,,-23.524809625,-46.69777487499999,,,,2,2023-06-17T02:44:37+00:00
SAO_199D-10,São Paulo,3550308,True,,34903,,,-23.4940865,-46.70895350000001,,,,2,2023-06-17T02:44:04+00:00
SAO_199D-10,São Paulo,3550308,True,,34903,,,-23.564658125,-46.68934275,,,,2,2023-06-17T02:44:08+00:00
SAO_199D-10,São Paulo,3550308,True,,34903,,,-23.4862405,-46.71064,,,,2,2023-06-17T02:44:00+00:00
SAO_199D-10,São Paulo,3550308,True,,34903,,,-23.486155500000002,-46.710619,,,,2,2023-06-17T02:44:25+00:00
SAO_199D-10,São Paulo,3550308,True,,34903,,,-23.546762,-46.686825999999996,,,,2,2023-06-17T02:44:34+00:00
SAO_9501-10,São Paulo,3550308,True,,33230,,,-23.4742495,-46.669781,,,,2,2023-06-17T02:44:15+00:00
SAO_9501-10,São Paulo,3550308,True,,33230,,,-23.522682624999998,-46.658844875,,,,2,2023-06-17T02:44:35+00:00
SAO_9501-10,São Paulo,3550308,True,,33230,,,-23.497737,-46.684585,,,,2,2023-06-17T02:44:15+00:00
SAO_9501-10,São Paulo,3550308,True,,33230,,,-23.4742495,-46.669781,,,,2,2023-06-17T02:44:18+00:00
SAO_9501-10,São Paulo,3550308,True,,33230,,,-23.4790265,-46.673203,,,,2,2023-06-17T02:44:15+00:00
SAO_9501-10,São Paulo,3550308,True,,33230,,,-23.4897115,-46.6845535,,,,2,2023-06-17T02:44:20+00:00
SAO_9501-10,São Paulo,3550308,True,,33230,,,-23.524738,-46.649544500000005,,,,2,2023-06-17T02:44:39+00:00
SAO_6091-10,São Paulo,3550308,True,,1175,,,-23.8334025,-46.722618499999996,,,,1,2023-06-17T02:43:26+00:00
SAO_6091-10,São Paulo,3550308,True,,1175,,,-23.791151499999998,-46.727039500000004,,,,1,2023-06-17T02:38:01+00:00
SAO_6091-10,São Paulo,3550308,True,,1175,,,-23.791379499999998,-46.7271375,,,,1,2023-06-17T02:44:25+00:00
SAO_6091-10,São Paulo,3550308,True,,1175,,,-23.662529,-46.706588499999995,,,,1,2023-06-17T02:44:21+00:00
SAO_6091-10,São Paulo,3550308,True,,1175,,,-23.791592,-46.727247500000004,,,,1,2023-06-17T02:44:40+00:00
SAO_6091-10,São Paulo,3550308,True,,1175,,,-23.7780475,-46.72355,,,,1,2023-06-17T02:44:33+00:00
SAO_6091-10,São Paulo,3550308,True,,1175,,,-23.8416585,-46.718239999999994,,,,1,2023-06-17T02:41:41+00:00
SAO_6091-10,São Paulo,3550308,True,,1175,,,-23.769907000000003,-46.717877,,,,1,2023-06-17T02:41:31+00:00
SAO_7011-31,São Paulo,3550308,True,,34722,,,-23.6905325,-46.774566500000006,,,,2,2023-06-17T02:43:24+00:00
SAO_7011-31,São Paulo,3550308,True,,34722,,,-23.686221,-46.770697,,,,2,2023-06-17T02:44:08+00:00
SAO_7011-31,São Paulo,3550308,True,,34722,,,-23.698975,-46.7862425,,,,2,2023-06-17T02:44:04+00:00
SAO_7011-31,São Paulo,3550308,True,,34722,,,-23.682476,-46.767745500000004,,,,2,2023-06-17T02:44:23+00:00
SAO_3725-41,São Paulo,3550308,True,,1531,,,-23.534675999999997,-46.5436205,,,,1,2023-06-17T02:43:54+00:00
SAO_3725-41,São Paulo,3550308,True,,1531,,,-23.5325795,-46.531303,,,,1,2023-06-17T02:44:06+00:00
SAO_8528-10,São Paulo,3550308,True,,575,,,-23.502361999999998,-46.694586,,,,1,2023-06-17T02:43:58+00:00
SAO_8528-10,São Paulo,3550308,True,,575,,,-23.457448,-46.695730499999996,,,,1,2023-06-17T02:44:28+00:00
SAO_8528-10,São Paulo,3550308,True,,575,,,-23.461451,-46.689819,,,,1,2023-06-17T02:44:28+00:00
SAO_8528-10,São Paulo,3550308,True,,575,,,-23.515539,-46.690996,,,,1,2023-06-17T02:44:32+00:00
SAO_8528-10,São Paulo,3550308,True,,575,,,-23.5049105,-46.689612999999994,,,,1,2023-06-17T02:44:34+00:00
SAO_8528-10,São Paulo,3550308,True,,575,,,-23.542927,-46.6365225,,,,1,2023-06-17T02:44:31+00:00
SAO_8528-10,São Paulo,3550308,True,,575,,,-23.461451,-46.689819,,,,1,2023-06-17T02:44:28+00:00
SAO_8528-10,São Paulo,3550308,True,,575,,,-23.528526499999998,-46.661534,,,,1,2023-06-17T02:44:16+00:00
SAO_4006-10,São Paulo,3550308,True,,34948,,,-23.59722475,-46.436351125,,,,2,2023-06-17T02:44:10+00:00
SAO_4006-10,São Paulo,3550308,True,,34948,,,-23.605480999999997,-46.4342665,,,,2,2023-06-17T02:43:49+00:00
SAO_6003-10,São Paulo,3550308,True,,34240,,,-23.7582485,-46.7147595,,,,2,2023-06-17T02:44:22+00:00
SAO_177H-10,São Paulo,3550308,True,,33398,,,-23.53544175,-46.653703750000005,,,,2,2023-06-17T02:44:23+00:00
SAO_177H-10,São Paulo,3550308,True,,33398,,,-23.552421,-46.7320975,,,,2,2023-06-17T02:44:34+00:00
SAO_177H-10,São Paulo,3550308,True,,33398,,,-23.570591375,-46.7108125,,,,2,2023-06-17T02:42:45+00:00
SAO_177H-10,São Paulo,3550308,True,,33398,,,-23.5619655,-46.684842,,,,2,2023-06-17T02:44:36+00:00
SAO_177H-10,São Paulo,3550308,True,,33398,,,-23.503788375,-46.624660500000005,,,,2,2023-06-17T02:44:01+00:00
SAO_177H-10,São Paulo,3550308,True,,33398,,,-23.5184415,-46.6534185,,,,2,2023-06-17T02:44:38+00:00
SAO_177H-10,São Paulo,3550308,True,,33398,,,-23.502436,-46.624016499999996,,,,2,2023-06-17T02:44:33+00:00
SAO_177H-10,São Paulo,3550308,True,,33398,,,-23.554655750000002,-46.7329685,,,,2,2023-06-17T02:44:24+00:00
SAO_573H-10,São Paulo,3550308,True,,1630,,,-23.573117500000002,-46.562084999999996,,,,1,2023-06-17T02:44:02+00:00
SAO_573H-10,São Paulo,3550308,True,,1630,,,-23.55126125,-46.606846749999995,,,,1,2023-06-17T02:44:22+00:00
SAO_573H-10,São Paulo,3550308,True,,1630,,,-23.56091275,-46.6019575,,,,1,2023-06-17T02:44:32+00:00
SAO_573H-10,São Paulo,3550308,True,,1630,,,-23.586708,-46.51372,,,,1,2023-06-17T02:43:58+00:00
SAO_573H-10,São Paulo,3550308,True,,1630,,,-23.614441499999998,-46.500118,,,,1,2023-06-17T02:44:30+00:00
SAO_573H-10,São Paulo,3550308,True,,1630,,,-23.55126125,-46.606846749999995,,,,1,2023-06-17T02:44:28+00:00
SAO_573H-10,São Paulo,3550308,True,,1630,,,-23.5818755,-46.536759,,,,1,2023-06-17T02:44:27+00:00
SAO_573H-10,São Paulo,3550308,True,,1630,,,-23.561914375,-46.593670374999995,,,,1,2023-06-17T02:44:33+00:00
SAO_9009-10,São Paulo,3550308,True,,877,,,-23.448075,-46.708777999999995,,,,1,2023-06-17T02:44:21+00:00
SAO_9009-10,São Paulo,3550308,True,,877,,,-23.4477075,-46.708862499999995,,,,1,2023-06-17T02:44:38+00:00
SAO_9009-10,São Paulo,3550308,True,,877,,,-23.44494975,-46.7125075,,,,1,2023-06-17T02:44:12+00:00
SAO_9009-10,São Paulo,3550308,True,,877,,,-23.446243375,-46.708431875,,,,1,2023-06-17T02:44:18+00:00
SAO_9009-10,São Paulo,3550308,True,,877,,,-23.447921,-46.708813500000005,,,,1,2023-06-17T02:44:30+00:00
SAO_9009-10,São Paulo,3550308,True,,877,,,-23.448075,-46.708777999999995,,,,1,2023-06-17T02:44:22+00:00
SAO_9009-10,São Paulo,3550308,True,,877,,,-23.447619500000002,-46.7088905,,,,1,2023-06-17T02:44:26+00:00
SAO_9009-10,São Paulo,3550308,True,,877,,,-23.45687625,-46.6911815,,,,1,2023-06-17T02:44:02+00:00
SAO_9009-10,São Paulo,3550308,True,,877,,,-23.4406575,-46.7082365,,,,1,2023-06-17T02:44:14+00:00
SAO_9009-10,São Paulo,3550308,True,,877,,,-23.4728805,-46.672287499999996,,,,1,2023-06-17T02:44:00+00:00
SAO_9009-10,São Paulo,3550308,True,,877,,,-23.447775,-46.708842000000004,,,,1,2023-06-17T02:44:23+00:00
SAO_6072-10,São Paulo,3550308,True,,34356,,,-23.7665845,-46.7163125,,,,2,2023-06-17T02:44:32+00:00
SAO_6072-10,São Paulo,3550308,True,,34356,,,-23.8040205,-46.7127365,,,,2,2023-06-17T02:43:50+00:00
SAO_6072-10,São Paulo,3550308,True,,34356,,,-23.788801,-46.715255,,,,2,2023-06-17T02:43:59+00:00
SAO_6072-10,São Paulo,3550308,True,,34356,,,-23.8274015,-46.69739250000001,,,,2,2023-06-17T02:44:19+00:00
SAO_6072-10,São Paulo,3550308,True,,34356,,,-23.7665845,-46.7163125,,,,2,2023-06-17T02:44:21+00:00
SAO_6072-10,São Paulo,3550308,True,,34356,,,-23.771853,-46.719546,,,,2,2023-06-17T02:44:33+00:00
SAO_6072-10,São Paulo,3550308,True,,34356,,,-23.827348,-46.69764012499999,,,,2,2023-06-17T02:44:20+00:00
SAO_6072-10,São Paulo,3550308,True,,34356,,,-23.8185585,-46.70488275,,,,2,2023-06-17T02:43:55+00:00
SAO_6072-10,São Paulo,3550308,True,,34356,,,-23.8274015,-46.69739250000001,,,,2,2023-06-17T02:44:16+00:00
SAO_342C-10,São Paulo,3550308,True,,33770,,,-23.56340725,-46.49555,,,,2,2023-06-17T02:44:29+00:00
SAO_342C-10,São Paulo,3550308,True,,33770,,,-23.5368775,-46.525929,,,,2,2023-06-17T02:44:39+00:00
SAO_342C-10,São Paulo,3550308,True,,33770,,,-23.537245624999997,-46.50582,,,,2,2023-06-17T02:44:25+00:00
SAO_1017-10,São Paulo,3550308,True,,34909,,,-23.413556,-46.7508775,,,,2,2023-06-17T02:44:31+00:00
SAO_1017-10,São Paulo,3550308,True,,34909,,,-23.4136605,-46.750937,,,,2,2023-06-17T02:44:08+00:00
SAO_1017-10,São Paulo,3550308,True,,34909,,,-23.412819499999998,-46.750868499999996,,,,2,2023-06-17T02:44:29+00:00
SAO_1017-10,São Paulo,3550308,True,,34909,,,-23.4048385,-46.753668000000005,,,,2,2023-06-17T02:44:13+00:00
SAO_1017-10,São Paulo,3550308,True,,34909,,,-23.4048385,-46.753668000000005,,,,2,2023-06-17T02:43:56+00:00
SAO_1017-10,São Paulo,3550308,True,,34909,,,-23.485255000000002,-46.709973000000005,,,,2,2023-06-17T02:43:58+00:00
SAO_1017-10,São Paulo,3550308,True,,34909,,,-23.413556,-46.7508775,,,,2,2023-06-17T02:44:04+00:00
SAO_1017-10,São Paulo,3550308,True,,34909,,,-23.412860000000002,-46.755641,,,,2,2023-06-17T02:44:27+00:00
SAO_1017-10,São Paulo,3550308,True,,34909,,,-23.487581499999997,-46.713153500000004,,,,2,2023-06-17T02:44:31+00:00
SAO_1017-10,São Paulo,3550308,True,,34909,,,-23.4350455,-46.7180285,,,,2,2023-06-17T02:44:06+00:00
SAO_1017-10,São Paulo,3550308,True,,34909,,,-23.462889,-46.714138500000004,,,,2,2023-06-17T02:43:57+00:00
SAO_1017-10,São Paulo,3550308,True,,34909,,,-23.413465000000002,-46.750836500000005,,,,2,2023-06-17T02:42:09+00:00
SAO_1017-10,São Paulo,3550308,True,,34909,,,-23.4136605,-46.750937,,,,2,2023-06-17T02:44:05+00:00
SAO_1017-10,São Paulo,3550308,True,,34909,,,-23.45069225,-46.71533325,,,,2,2023-06-17T02:44:05+00:00
SAO_2733-10,São Paulo,3550308,True,,33716,,,-23.5165795,-46.462282,,,,2,2023-06-17T02:44:38+00:00
SAO_2733-10,São Paulo,3550308,True,,33716,,,-23.5162355,-46.4623365,,,,2,2023-06-17T02:44:15+00:00
SAO_2733-10,São Paulo,3550308,True,,33716,,,-23.534413,-46.4526755,,,,2,2023-06-17T02:44:28+00:00
SAO_2733-10,São Paulo,3550308,True,,33716,,,-23.5162355,-46.4623365,,,,2,2023-06-17T02:44:03+00:00
SAO_2733-10,São Paulo,3550308,True,,33716,,,-23.5160565,-46.454932,,,,2,2023-06-17T02:44:20+00:00
SAO_2733-10,São Paulo,3550308,True,,33716,,,-23.5162355,-46.4623365,,,,2,2023-06-17T02:43:57+00:00
SAO_675G-10,São Paulo,3550308,True,,32874,,,-23.64664,-46.674634999999995,,,,2,2023-06-17T02:44:33+00:00
SAO_675G-10,São Paulo,3550308,True,,32874,,,-23.677999,-46.68388,,,,2,2023-06-17T02:44:38+00:00
SAO_675G-10,São Paulo,3550308,True,,32874,,,-23.74296,-46.669814,,,,2,2023-06-17T02:18:09+00:00
SAO_675G-10,São Paulo,3550308,True,,32874,,,-23.6765865,-46.6799975,,,,2,2023-06-17T02:44:25+00:00
SAO_675G-10,São Paulo,3550308,True,,32874,,,-23.647266,-46.639725999999996,,,,2,2023-06-17T02:40:53+00:00
SAO_675G-10,São Paulo,3550308,True,,32874,,,-23.743762,-46.670264,,,,2,2023-06-17T02:43:58+00:00
SAO_675G-10,São Paulo,3550308,True,,32874,,,-23.743473,-46.670099,,,,2,2023-06-17T02:43:56+00:00
SAO_675G-10,São Paulo,3550308,True,,32874,,,-23.74296,-46.669814,,,,2,2023-06-17T02:43:27+00:00
SAO_675G-10,São Paulo,3550308,True,,32874,,,-23.6416405,-46.655144,,,,2,2023-06-17T02:44:21+00:00
SAO_675G-10,São Paulo,3550308,True,,32874,,,-23.647087499999998,-46.63931,,,,2,2023-06-17T02:41:03+00:00
SAO_675G-10,São Paulo,3550308,True,,32874,,,-23.735741749999995,-46.695003375,,,,2,2023-06-17T02:44:32+00:00
SAO_677A-10,São Paulo,3550308,True,,34007,,,-23.6787785,-46.7634405,,,,2,2023-06-17T02:44:27+00:00
SAO_677A-10,São Paulo,3550308,True,,34007,,,-23.6901525,-46.774198999999996,,,,2,2023-06-17T02:44:16+00:00
SAO_677A-10,São Paulo,3550308,True,,34007,,,-23.689947,-46.7740025,,,,2,2023-06-17T02:44:05+00:00
SAO_677A-10,São Paulo,3550308,True,,34007,,,-23.6901525,-46.774198999999996,,,,2,2023-06-17T02:44:13+00:00
SAO_677A-10,São Paulo,3550308,True,,34007,,,-23.590987,-46.6876305,,,,2,2023-06-17T02:44:22+00:00
SAO_677A-10,São Paulo,3550308,True,,34007,,,-23.6240725,-46.7103355,,,,2,2023-06-17T02:43:55+00:00
SAO_677A-10,São Paulo,3550308,True,,34007,,,-23.667068999999998,-46.7357875,,,,2,2023-06-17T02:44:29+00:00
SAO_8020-10,São Paulo,3550308,True,,1726,,,-23.585219625,-46.719367625,,,,1,2023-06-17T02:44:08+00:00
SAO_8030-10,São Paulo,3550308,True,,35330,,,-23.599886750000003,-46.733912125,,,,2,2023-06-17T02:44:02+00:00
SAO_8030-10,São Paulo,3550308,True,,35330,,,-23.62322075,-46.728378,,,,2,2023-06-17T02:35:23+00:00
SAO_8030-10,São Paulo,3550308,True,,35330,,,-23.621475,-46.7255505,,,,2,2023-06-17T02:44:15+00:00
SAO_8030-10,São Paulo,3550308,True,,35330,,,-23.62322075,-46.728378,,,,2,2023-06-17T02:44:02+00:00
SAO_8030-10,São Paulo,3550308,True,,35330,,,-23.623484249999997,-46.728172,,,,2,2023-06-17T02:44:21+00:00
SAO_8030-10,São Paulo,3550308,True,,35330,,,-23.595368999999998,-46.731357,,,,2,2023-06-17T02:44:33+00:00
SAO_5131-10,São Paulo,3550308,True,,1282,,,-23.59324375,-46.672788,,,,1,2023-06-17T02:44:02+00:00
SAO_5131-10,São Paulo,3550308,True,,1282,,,-23.664292500000002,-46.666424500000005,,,,1,2023-06-17T02:44:11+00:00
SAO_273G-10,São Paulo,3550308,True,,32991,,,-23.540035,-46.4836765,,,,2,2023-06-17T02:43:13+00:00
SAO_273G-10,São Paulo,3550308,True,,32991,,,-23.5257245,-46.474695749999995,,,,2,2023-06-17T02:44:17+00:00
SAO_273G-10,São Paulo,3550308,True,,32991,,,-23.524883375,-46.474853625,,,,2,2023-06-17T02:44:26+00:00
SAO_273G-10,São Paulo,3550308,True,,32991,,,-23.48150775,-46.41633925,,,,2,2023-06-17T02:44:27+00:00
SAO_273G-10,São Paulo,3550308,True,,32991,,,-23.492287,-46.4407255,,,,2,2023-06-17T02:44:00+00:00
SAO_273G-10,São Paulo,3550308,True,,32991,,,-23.540487,-46.483374,,,,2,2023-06-17T02:44:01+00:00
SAO_273G-10,São Paulo,3550308,True,,32991,,,-23.5329725,-46.47350675,,,,2,2023-06-17T02:44:04+00:00
SAO_273G-10,São Paulo,3550308,True,,32991,,,-23.5053395,-46.474425499999995,,,,2,2023-06-17T02:44:02+00:00
SAO_273G-10,São Paulo,3550308,True,,32991,,,-23.475862,-46.4256205,,,,2,2023-06-17T02:44:31+00:00
SAO_273G-10,São Paulo,3550308,True,,32991,,,-23.49970675,-46.468605749999995,,,,2,2023-06-17T02:44:06+00:00
SAO_273G-10,São Paulo,3550308,True,,32991,,,-23.499526250000002,-46.468301249999996,,,,2,2023-06-17T02:43:52+00:00
SAO_273G-10,São Paulo,3550308,True,,32991,,,-23.49155975,-46.44657925,,,,2,2023-06-17T02:44:22+00:00
SAO_273G-10,São Paulo,3550308,True,,32991,,,-23.504894999999998,-46.473764,,,,2,2023-06-17T02:44:33+00:00
SAO_273G-10,São Paulo,3550308,True,,32991,,,-23.524883375,-46.474853625,,,,2,2023-06-17T02:44:38+00:00
SAO_6021-10,São Paulo,3550308,True,EMTU,177,https://moovitapp.com/index/pt-br/transporte_p%C3%BAblico-line-177-Sao_Paulo-242-2038937-36419313-0,5.2,-23.7965515,-46.742614,,,,1,2023-06-17T02:44:18+00:00
SAO_6021-10,São Paulo,3550308,True,EMTU,177,https://moovitapp.com/index/pt-br/transporte_p%C3%BAblico-line-177-Sao_Paulo-242-2038937-36419313-0,5.2,-23.7671525,-46.716142500000004,,,,1,2023-06-17T02:44:20+00:00
SAO_6021-10,São Paulo,3550308,True,EMTU,177,https://moovitapp.com/index/pt-br/transporte_p%C3%BAblico-line-177-Sao_Paulo-242-2038937-36419313-0,5.2,-23.7668205,-46.716344500000005,,,,1,2023-06-17T02:44:29+00:00
SAO_6021-10,São Paulo,3550308,True,EMTU,177,https://moovitapp.com/index/pt-br/transporte_p%C3%BAblico-line-177-Sao_Paulo-242-2038937-36419313-0,5.2,-23.7767835,-46.723025500000006,,,,1,2023-06-17T02:44:31+00:00
SAO_4310-10,São Paulo,3550308,True,,34928,,,-23.5399135,-46.461621,,,,2,2023-06-17T02:44:16+00:00
SAO_4310-10,São Paulo,3550308,True,,34928,,,-23.529242500000002,-46.515905000000004,,,,2,2023-06-17T02:44:10+00:00
SAO_4310-10,São Paulo,3550308,True,,34928,,,-23.534565999999998,-46.4530625,,,,2,2023-06-17T02:44:04+00:00
SAO_4310-10,São Paulo,3550308,True,,34928,,,-23.530545875,-46.5186255,,,,2,2023-06-17T02:44:39+00:00
SAO_4310-10,São Paulo,3550308,True,,34928,,,-23.548697,-46.60355875,,,,2,2023-06-17T02:44:19+00:00
SAO_4310-10,São Paulo,3550308,True,,34928,,,-23.548161,-46.62998,,,,2,2023-06-17T02:44:12+00:00
SAO_4310-10,São Paulo,3550308,True,,34928,,,-23.540801000000002,-46.5759485,,,,2,2023-06-17T02:44:10+00:00
SAO_4310-10,São Paulo,3550308,True,,34928,,,-23.543874125,-46.589819250000005,,,,2,2023-06-17T02:43:57+00:00
SAO_4310-10,São Paulo,3550308,True,,34928,,,-23.534565999999998,-46.4530625,,,,2,2023-06-17T02:44:19+00:00
SAO_4310-10,São Paulo,3550308,True,,34928,,,-23.5387995,-46.4570265,,,,2,2023-06-17T02:44:28+00:00
SAO_4310-10,São Paulo,3550308,True,,34928,,,-23.534565999999998,-46.4530625,,,,2,2023-06-17T02:44:27+00:00
SAO_4310-10,São Paulo,3550308,True,,34928,,,-23.5352045,-46.4539815,,,,2,2023-06-17T02:44:19+00:00
SAO_4310-10,São Paulo,3550308,True,,34928,,,-23.538642000000003,-46.5653865,,,,2,2023-06-17T02:41:09+00:00
SAO_4310-10,São Paulo,3550308,True,,34928,,,-23.534565999999998,-46.4530625,,,,2,2023-06-17T02:44:34+00:00
SAO_4310-10,São Paulo,3550308,True,,34928,,,-23.552935249999997,-46.616192999999996,,,,2,2023-06-17T02:44:14+00:00
SAO_4310-10,São Paulo,3550308,True,,34928,,,-23.534565999999998,-46.4530625,,,,2,2023-06-17T02:44:10+00:00
SAO_4310-10,São Paulo,3550308,True,,34928,,,-23.534565999999998,-46.4530625,,,,2,2023-06-17T02:44:20+00:00
SAO_6071-10,São Paulo,3550308,True,,33924,,,-23.72222325,-46.68881025,,,,2,2023-06-17T02:44:25+00:00
SAO_6071-10,São Paulo,3550308,True,,33924,,,-23.685366000000002,-46.6930385,,,,2,2023-06-17T02:44:09+00:00
SAO_6071-10,São Paulo,3550308,True,,33924,,,-23.7177935,-46.687534,,,,2,2023-06-17T02:44:22+00:00
SAO_6071-10,São Paulo,3550308,True,,33924,,,-23.662920749999998,-46.692274749999996,,,,2,2023-06-17T02:44:31+00:00
SAO_6071-10,São Paulo,3550308,True,,33924,,,-23.685366000000002,-46.6930385,,,,2,2023-06-17T02:38:25+00:00
SAO_6071-10,São Paulo,3550308,True,,33924,,,-23.70614075,-46.6854995,,,,2,2023-06-17T02:44:22+00:00
SAO_373M-10,São Paulo,3550308,True,,33049,,,-23.601270999999997,-46.538996,,,,2,2023-06-17T02:44:20+00:00
SAO_373M-10,São Paulo,3550308,True,,33049,,,-23.587145,-46.563386,,,,2,2023-06-17T02:43:56+00:00
SAO_847P-10,São Paulo,3550308,True,,423,,,-23.591640374999997,-46.6811804375,,,,1,2023-06-17T02:44:14+00:00
SAO_847P-10,São Paulo,3550308,True,,423,,,-23.4861505,-46.7258785,,,,1,2023-06-17T02:44:04+00:00
SAO_847P-10,São Paulo,3550308,True,,423,,,-23.5199865,-46.701155,,,,1,2023-06-17T02:44:33+00:00
SAO_847P-10,São Paulo,3550308,True,,423,,,-23.4861505,-46.7258785,,,,1,2023-06-17T02:44:25+00:00
SAO_847P-10,São Paulo,3550308,True,,423,,,-23.550720875000003,-46.691186875,,,,1,2023-06-17T02:44:40+00:00
SAO_847P-10,São Paulo,3550308,True,,423,,,-23.595566125,-46.688173875000004,,,,1,2023-06-17T02:43:59+00:00
SAO_847P-10,São Paulo,3550308,True,,423,,,-23.486492,-46.725708499999996,,,,1,2023-06-17T02:44:31+00:00
SAO_778J-10,São Paulo,3550308,True,,33276,,,-23.586683,-46.789745499999995,,,,2,2023-06-17T02:44:33+00:00
SAO_778J-10,São Paulo,3550308,True,,33276,,,-23.57003225,-46.75774175,,,,2,2023-06-17T02:41:04+00:00
SAO_778J-10,São Paulo,3550308,True,,33276,,,-23.5872235,-46.7896705,,,,2,2023-06-17T02:44:06+00:00
SAO_778J-10,São Paulo,3550308,True,,33276,,,-23.5566535,-46.6829745,,,,2,2023-06-17T02:44:07+00:00
SAO_6L10-41,São Paulo,3550308,True,,34773,,,-23.7716695,-46.735366,,,,2,2023-06-17T02:44:35+00:00
SAO_6L10-41,São Paulo,3550308,True,,34773,,,-23.7876945,-46.765291000000005,,,,2,2023-06-17T02:36:38+00:00
SAO_6L10-41,São Paulo,3550308,True,,34773,,,-23.7880685,-46.765596,,,,2,2023-06-17T02:44:11+00:00
SAO_2766-10,São Paulo,3550308,True,,33173,,,-23.495561000000002,-46.403802999999996,,,,2,2023-06-17T02:44:09+00:00
SAO_2766-10,São Paulo,3550308,True,,33173,,,-23.494168,-46.421308875,,,,2,2023-06-17T02:44:24+00:00
SAO_2766-10,São Paulo,3550308,True,,33173,,,-23.530063,-46.452497,,,,2,2023-06-17T02:44:16+00:00
SAO_2766-10,São Paulo,3550308,True,,33173,,,-23.5111405,-46.394338000000005,,,,2,2023-06-17T02:42:24+00:00
SAO_2766-10,São Paulo,3550308,True,,33173,,,-23.5206985,-46.3897145,,,,2,2023-06-17T02:44:03+00:00
SAO_2766-10,São Paulo,3550308,True,,33173,,,-23.520533,-46.3894665,,,,2,2023-06-17T02:44:21+00:00
SAO_2766-10,São Paulo,3550308,True,,33173,,,-23.5425775,-46.4719335,,,,2,2023-06-17T02:44:04+00:00
SAO_2766-10,São Paulo,3550308,True,,33173,,,-23.5040285,-46.442871,,,,2,2023-06-17T02:43:20+00:00
SAO_2766-10,São Paulo,3550308,True,,33173,,,-23.5341925,-46.452886,,,,2,2023-06-17T02:44:25+00:00
SAO_2766-10,São Paulo,3550308,True,,33173,,,-23.494436,-46.4243585,,,,2,2023-06-17T02:44:32+00:00
SAO_2769-10,São Paulo,3550308,True,,397,,,-23.532332500000003,-46.5749895,,,,1,2023-06-17T02:44:27+00:00
SAO_2769-10,São Paulo,3550308,True,,397,,,-23.486827749999996,-46.390380625,,,,1,2023-06-17T02:43:58+00:00
SAO_2769-10,São Paulo,3550308,True,,397,,,-23.524068375,-46.549708625,,,,1,2023-06-17T02:44:21+00:00
SAO_978J-10,São Paulo,3550308,True,EMTU,591,https://moovitapp.com/index/pt-br/transporte_p%C3%BAblico-line-591-Sao_Paulo-242-2038937-36419577-0,5.4,-23.485505000000003,-46.715818999999996,,,,1,2023-06-17T02:44:19+00:00
SAO_978J-10,São Paulo,3550308,True,EMTU,591,https://moovitapp.com/index/pt-br/transporte_p%C3%BAblico-line-591-Sao_Paulo-242-2038937-36419577-0,5.4,-23.5391215,-46.64618,,,,1,2023-06-17T02:44:37+00:00
SAO_978J-10,São Paulo,3550308,True,EMTU,591,https://moovitapp.com/index/pt-br/transporte_p%C3%BAblico-line-591-Sao_Paulo-242-2038937-36419577-0,5.4,-23.444257,-46.740272499999996,,,,1,2023-06-17T02:43:56+00:00
SAO_978J-10,São Paulo,3550308,True,EMTU,591,https://moovitapp.com/index/pt-br/transporte_p%C3%BAblico-line-591-Sao_Paulo-242-2038937-36419577-0,5.4,-23.5238175,-46.70002075000001,,,,1,2023-06-17T02:44:16+00:00
SAO_148P-10,São Paulo,3550308,True,,33302,,,-23.4580645,-46.6433105,,,,2,2023-06-17T02:44:17+00:00
SAO_148P-10,São Paulo,3550308,True,,33302,,,-23.526382499999997,-46.6660375,,,,2,2023-06-17T02:44:02+00:00
SAO_148P-10,São Paulo,3550308,True,,33302,,,-23.473617500000003,-46.6672885,,,,2,2023-06-17T02:44:11+00:00
SAO_148P-10,São Paulo,3550308,True,,33302,,,-23.469443,-46.656994499999996,,,,2,2023-06-17T02:44:34+00:00
SAO_148P-10,São Paulo,3550308,True,,33302,,,-23.470284499999998,-46.6533,,,,2,2023-06-17T02:44:11+00:00
SAO_148P-10,São Paulo,3550308,True,,33302,,,-23.458094,-46.642975500000006,,,,2,2023-06-17T02:44:36+00:00
SAO_148P-10,São Paulo,3550308,True,,33302,,,-23.4645705,-46.65405375,,,,2,2023-06-17T02:44:02+00:00
SAO_148P-10,São Paulo,3550308,True,,33302,,,-23.4819975,-46.6617605,,,,2,2023-06-17T02:44:02+00:00
SAO_148P-10,São Paulo,3550308,True,,33302,,,-23.4602795,-46.648659499999994,,,,2,2023-06-17T02:44:36+00:00
SAO_148P-10,São Paulo,3550308,True,,33302,,,-23.456865999999998,-46.646619,,,,2,2023-06-17T02:43:54+00:00
SAO_148P-10,São Paulo,3550308,True,,33302,,,-23.457892,-46.642534,,,,2,2023-06-17T02:44:14+00:00
SAO_148P-10,São Paulo,3550308,True,,33302,,,-23.4708995,-46.6523345,,,,2,2023-06-17T02:44:21+00:00
SAO_5035-10,São Paulo,3550308,True,,34436,,,-23.6208915,-46.596023,,,,2,2023-06-17T02:44:10+00:00
SAO_5035-10,São Paulo,3550308,True,,34436,,,-23.6369775,-46.591483000000004,,,,2,2023-06-17T02:44:12+00:00
SAO_5035-10,São Paulo,3550308,True,,34436,,,-23.637159500000003,-46.592059,,,,2,2023-06-17T02:44:18+00:00
SAO_5035-10,São Paulo,3550308,True,,34436,,,-23.6329865,-46.5927535,,,,2,2023-06-17T02:44:06+00:00
SAO_5035-10,São Paulo,3550308,True,,34436,,,-23.637068499999998,-46.591771,,,,2,2023-06-17T02:44:20+00:00
SAO_6091-10,São Paulo,3550308,True,,33943,,,-23.661725,-46.7062455,,,,2,2023-06-17T02:44:27+00:00
SAO_6091-10,São Paulo,3550308,True,,33943,,,-23.74012275,-46.703446,,,,2,2023-06-17T02:44:21+00:00
SAO_6091-10,São Paulo,3550308,True,,33943,,,-23.810754,-46.736950500000006,,,,2,2023-06-17T02:44:38+00:00
SAO_6091-10,São Paulo,3550308,True,,33943,,,-23.769605,-46.7179785,,,,2,2023-06-17T02:42:24+00:00
SAO_6091-10,São Paulo,3550308,True,,33943,,,-23.862347500000002,-46.712974,,,,2,2023-06-17T02:43:57+00:00
SAO_6091-10,São Paulo,3550308,True,,33943,,,-23.7745795,-46.721787000000006,,,,2,2023-06-17T02:43:58+00:00
SAO_6091-10,São Paulo,3550308,True,,33943,,,-23.862347500000002,-46.712974,,,,2,2023-06-17T02:44:17+00:00
SAO_6091-10,São Paulo,3550308,True,,33943,,,-23.8412185,-46.719289,,,,2,2023-06-17T02:44:31+00:00
SAO_6091-10,São Paulo,3550308,True,,33943,,,-23.690795,-46.6979945,,,,2,2023-06-17T02:40:52+00:00
SAO_6091-10,São Paulo,3550308,True,,33943,,,-23.739060000000002,-46.701387499999996,,,,2,2023-06-17T02:43:59+00:00
SAO_6837-10,São Paulo,3550308,True,,6,,,-23.626804375,-46.758381375,,,,1,2023-06-17T02:44:21+00:00
SAO_6837-10,São Paulo,3550308,True,,6,,,-23.6161065,-46.739967,,,,1,2023-06-17T02:44:16+00:00
SAO_6837-10,São Paulo,3550308,True,,6,,,-23.61692275,-46.74291825,,,,1,2023-06-17T02:44:00+00:00
SAO_6837-10,São Paulo,3550308,True,,6,,,-23.648836000000003,-46.759217,,,,1,2023-06-17T02:44:24+00:00
SAO_189L-10,São Paulo,3550308,True,,2450,,,-23.486610499999998,-46.710868000000005,,,,1,2023-06-17T02:43:58+00:00
SAO_189L-10,São Paulo,3550308,True,,2450,,,-23.486610499999998,-46.710868000000005,,,,1,2023-06-17T02:43:57+00:00
SAO_189L-10,São Paulo,3550308,True,,2450,,,-23.517861,-46.702819,,,,1,2023-06-17T02:43:59+00:00
SAO_189L-10,São Paulo,3550308,True,,2450,,,-23.486610499999998,-46.710868000000005,,,,1,2023-06-17T02:44:16+00:00
SAO_189L-10,São Paulo,3550308,True,,2450,,,-23.486610499999998,-46.710868000000005,,,,1,2023-06-17T02:44:12+00:00
SAO_1743-10,São Paulo,3550308,True,EMTU,543,https://moovitapp.com/index/pt-br/transporte_p%C3%BAblico-line-543-Sao_Paulo-242-2038937-36419552-0,5.15,-23.50217,-46.62488,,,,1,2023-06-17T02:44:30+00:00
SAO_1743-10,São Paulo,3550308,True,EMTU,543,https://moovitapp.com/index/pt-br/transporte_p%C3%BAblico-line-543-Sao_Paulo-242-2038937-36419552-0,5.15,-23.522831,-46.624535,,,,1,2023-06-17T02:41:09+00:00
SAO_1743-10,São Paulo,3550308,True,EMTU,543,https://moovitapp.com/index/pt-br/transporte_p%C3%BAblico-line-543-Sao_Paulo-242-2038937-36419552-0,5.15,-23.468704250000002,-46.65688325,,,,1,2023-06-17T02:44:24+00:00
SAO_695H-10,São Paulo,3550308,True,,1196,,,-23.674778,-46.6859035,,,,1,2023-06-17T02:44:35+00:00
SAO_695H-10,São Paulo,3550308,True,,1196,,,-23.751314999999998,-46.710595999999995,,,,1,2023-06-17T02:43:07+00:00
SAO_695H-10,São Paulo,3550308,True,,1196,,,-23.724211500000003,-46.6991145,,,,1,2023-06-17T02:44:33+00:00
SAO_4313-10,São Paulo,3550308,True,,34941,,,-23.594772,-46.4455,,,,2,2023-06-17T02:44:34+00:00
SAO_4313-10,São Paulo,3550308,True,,34941,,,-23.538114999999998,-46.547312500000004,,,,2,2023-06-17T02:44:05+00:00
SAO_4313-10,São Paulo,3550308,True,,34941,,,-23.5493125,-46.629169000000005,,,,2,2023-06-17T02:39:28+00:00
SAO_4313-10,São Paulo,3550308,True,,34941,,,-23.583026,-46.408417,,,,2,2023-06-17T02:44:06+00:00
SAO_4313-10,São Paulo,3550308,True,,34941,,,-23.5479245,-46.629473,,,,2,2023-06-17T02:44:13+00:00
SAO_4313-10,São Paulo,3550308,True,,34941,,,-23.5946685,-46.4467675,,,,2,2023-06-17T02:44:18+00:00
SAO_4313-10,São Paulo,3550308,True,,34941,,,-23.583113,-46.4080205,,,,2,2023-06-17T02:44:21+00:00
SAO_4313-10,São Paulo,3550308,True,,34941,,,-23.5831765,-46.407794499999994,,,,2,2023-06-17T02:44:01+00:00
SAO_4313-10,São Paulo,3550308,True,,34941,,,-23.5467325,-46.527919499999996,,,,2,2023-06-17T02:44:16+00:00
SAO_4313-10,São Paulo,3550308,True,,34941,,,-23.5479245,-46.629473,,,,2,2023-06-17T02:44:15+00:00
SAO_4313-10,São Paulo,3550308,True,,34941,,,-23.59567625,-46.45176725,,,,2,2023-06-17T02:44:00+00:00
SAO_4313-10,São Paulo,3550308,True,,34941,,,-23.5407625,-46.5757575,,,,2,2023-06-17T02:43:59+00:00
SAO_4313-10,São Paulo,3550308,True,,34941,,,-23.583026,-46.408417,,,,2,2023-06-17T02:44:35+00:00
SAO_4313-10,São Paulo,3550308,True,,34941,,,-23.5479245,-46.629473,,,,2,2023-06-17T02:44:37+00:00
SAO_4313-10,São Paulo,3550308,True,,34941,,,-23.56521725,-46.50791875,,,,2,2023-06-17T02:44:32+00:00
SAO_4313-10,São Paulo,3550308,True,,34941,,,-23.571870500000003,-46.5045255,,,,2,2023-06-17T02:44:30+00:00
SAO_4313-10,São Paulo,3550308,True,,34941,,,-23.5905365,-46.4777775,,,,2,2023-06-17T02:44:17+00:00
SAO_4313-10,São Paulo,3550308,True,,34941,,,-23.5897635,-46.4163155,,,,2,2023-06-17T02:43:53+00:00
SAO_4313-10,São Paulo,3550308,True,,34941,,,-23.5940565,-46.4221105,,,,2,2023-06-17T02:44:07+00:00
SAO_4313-10,São Paulo,3550308,True,,34941,,,-23.5479245,-46.629473,,,,2,2023-06-17T02:44:07+00:00
SAO_971R-10,São Paulo,3550308,True,,33382,,,-23.4316975,-46.725563,,,,2,2023-06-17T02:44:01+00:00
SAO_971R-10,São Paulo,3550308,True,,33382,,,-23.4536595,-46.737358,,,,2,2023-06-17T02:44:11+00:00
SAO_971R-10,São Paulo,3550308,True,,33382,,,-23.45351275,-46.737303,,,,2,2023-06-17T02:44:07+00:00
SAO_971R-10,São Paulo,3550308,True,,33382,,,-23.443126499999998,-46.705809,,,,2,2023-06-17T02:44:37+00:00
SAO_971R-10,São Paulo,3550308,True,,33382,,,-23.453908499999997,-46.7375045,,,,2,2023-06-17T02:44:37+00:00
SAO_971R-10,São Paulo,3550308,True,,33382,,,-23.43821325,-46.709458999999995,,,,2,2023-06-17T02:44:10+00:00
SAO_971R-10,São Paulo,3550308,True,,33382,,,-23.4889455,-46.65128,,,,2,2023-06-17T02:44:38+00:00
SAO_971R-10,São Paulo,3550308,True,,33382,,,-23.454124,-46.7375855,,,,2,2023-06-17T02:44:06+00:00
SAO_971R-10,São Paulo,3550308,True,,33382,,,-23.50252225,-46.626307,,,,2,2023-06-17T02:43:54+00:00
SAO_971R-10,São Paulo,3550308,True,,33382,,,-23.473402749999998,-46.67138274999999,,,,2,2023-06-17T02:43:56+00:00
SAO_971R-10,São Paulo,3550308,True,,33382,,,-23.435616,-46.71562025,,,,2,2023-06-17T02:44:22+00:00
SAO_971R-10,São Paulo,3550308,True,,33382,,,-23.464762999999998,-46.6797545,,,,2,2023-06-17T02:44:36+00:00
SAO_971R-10,São Paulo,3550308,True,,33382,,,-23.479695500000002,-46.659408,,,,2,2023-06-17T02:44:03+00:00
SAO_971R-10,São Paulo,3550308,True,,33382,,,-23.453908499999997,-46.7375045,,,,2,2023-06-17T02:44:11+00:00
SAO_874T-10,São Paulo,3550308,True,,33075,,,-23.551489500000002,-46.657047,,,,2,2023-06-17T02:44:27+00:00
SAO_874T-10,São Paulo,3550308,True,,33075,,,-23.578162,-46.602624,,,,2,2023-06-17T02:44:27+00:00
SAO_874T-10,São Paulo,3550308,True,,33075,,,-23.565573625,-46.62130525,,,,2,2023-06-17T02:44:22+00:00
SAO_874T-10,São Paulo,3550308,True,,33075,,,-23.54849225,-46.656468624999995,,,,2,2023-06-17T02:44:17+00:00
SAO_874T-10,São Paulo,3550308,True,,33075,,,-23.577792125000002,-46.601164,,,,2,2023-06-17T02:44:05+00:00
SAO_8000-10,São Paulo,3550308,True,,1273,,,-23.520449499999998,-46.6996115,,,,1,2023-06-17T02:44:36+00:00
SAO_8000-10,São Paulo,3550308,True,,1273,,,-23.520449499999998,-46.6996115,,,,1,2023-06-17T02:44:01+00:00
SAO_8000-10,São Paulo,3550308,True,,1273,,,-23.520449499999998,-46.6996115,,,,1,2023-06-17T02:44:09+00:00
SAO_7063-10,São Paulo,3550308,True,,34667,,,-23.648096000000002,-46.7876715,,,,2,2023-06-17T02:44:19+00:00
SAO_7063-10,São Paulo,3550308,True,,34667,,,-23.6514855,-46.7905545,,,,2,2023-06-17T02:44:24+00:00
SAO_7063-10,São Paulo,3550308,True,,34667,,,-23.63756,-46.779590999999996,,,,2,2023-06-17T02:44:32+00:00
SAO_8600-10,São Paulo,3550308,True,,1432,,,-23.486732,-46.726426000000004,,,,1,2023-06-17T02:44:00+00:00
SAO_8600-10,São Paulo,3550308,True,,1432,,,-23.485906,-46.724909,,,,1,2023-06-17T02:44:25+00:00
SAO_8600-10,São Paulo,3550308,True,,1432,,,-23.5429835,-46.6376015,,,,1,2023-06-17T02:44:21+00:00
SAO_8600-10,São Paulo,3550308,True,,1432,,,-23.486732,-46.726426000000004,,,,1,2023-06-17T02:44:22+00:00
SAO_8600-10,São Paulo,3550308,True,,1432,,,-23.490053,-46.71039275,,,,1,2023-06-17T02:44:28+00:00
SAO_8600-10,São Paulo,3550308,True,,1432,,,-23.515995625000002,-46.687093125,,,,1,2023-06-17T02:44:31+00:00
SAO_9717-10,São Paulo,3550308,True,,817,,,-23.496745500000003,-46.693559,,,,1,2023-06-17T02:43:59+00:00
SAO_9717-10,São Paulo,3550308,True,,817,,,-23.463303,-46.6814685,,,,1,2023-06-17T02:44:19+00:00
SAO_9717-10,São Paulo,3550308,True,,817,,,-23.51520175,-46.641675,,,,1,2023-06-17T02:44:16+00:00
SAO_9717-10,São Paulo,3550308,True,,817,,,-23.463303,-46.6814685,,,,1,2023-06-17T02:44:36+00:00
SAO_9717-10,São Paulo,3550308,True,,817,,,-23.514292500000003,-46.6311545,,,,1,2023-06-17T02:44:31+00:00
SAO_9717-10,São Paulo,3550308,True,,817,,,-23.5089235,-46.6735815,,,,1,2023-06-17T02:44:22+00:00
SAO_372F-10,São Paulo,3550308,True,,1015,,,-23.54634425,-46.60539125,,,,1,2023-06-17T02:44:25+00:00
SAO_372F-10,São Paulo,3550308,True,,1015,,,-23.54634425,-46.60539125,,,,1,2023-06-17T02:44:17+00:00
SAO_372F-10,São Paulo,3550308,True,,1015,,,-23.552103000000002,-46.598889,,,,1,2023-06-17T02:43:57+00:00
SAO_748A-41,São Paulo,3550308,True,,33267,,,-23.60151,-46.753412999999995,,,,2,2023-06-17T02:44:31+00:00
SAO_748A-41,São Paulo,3550308,True,,33267,,,-23.572721,-46.7430155,,,,2,2023-06-17T02:44:12+00:00
SAO_748A-41,São Paulo,3550308,True,,33267,,,-23.524082999999997,-46.705377999999996,,,,2,2023-06-17T02:44:34+00:00
SAO_917H-10,São Paulo,3550308,True,STT,456,https://moovitapp.com/index/pt-br/transporte_p%C3%BAblico-line-456-Sao_Paulo-242-850661-10416524-0,5.3,-23.4868015,-46.726492,,,,1,2023-06-17T02:44:18+00:00
SAO_917H-10,São Paulo,3550308,True,STT,456,https://moovitapp.com/index/pt-br/transporte_p%C3%BAblico-line-456-Sao_Paulo-242-850661-10416524-0,5.3,-23.486221999999998,-46.725944999999996,,,,1,2023-06-17T02:44:08+00:00
SAO_917H-10,São Paulo,3550308,True,STT,456,https://moovitapp.com/index/pt-br/transporte_p%C3%BAblico-line-456-Sao_Paulo-242-850661-10416524-0,5.3,-23.486366500000003,-46.726082,,,,1,2023-06-17T02:44:33+00:00
SAO_917H-10,São Paulo,3550308,True,STT,456,https://moovitapp.com/index/pt-br/transporte_p%C3%BAblico-line-456-Sao_Paulo-242-850661-10416524-0,5.3,-23.4951075,-46.747184000000004,,,,1,2023-06-17T02:44:02+00:00
SAO_917H-10,São Paulo,3550308,True,STT,456,https://moovitapp.com/index/pt-br/transporte_p%C3%BAblico-line-456-Sao_Paulo-242-850661-10416524-0,5.3,-23.541019249999998,-46.699289750000005,,,,1,2023-06-17T02:44:06+00:00
SAO_917H-10,São Paulo,3550308,True,STT,456,https://moovitapp.com/index/pt-br/transporte_p%C3%BAblico-line-456-Sao_Paulo-242-850661-10416524-0,5.3,-23.559176375,-46.659142,,,,1,2023-06-17T02:44:18+00:00
SAO_917H-10,São Paulo,3550308,True,STT,456,https://moovitapp.com/index/pt-br/transporte_p%C3%BAblico-line-456-Sao_Paulo-242-850661-10416524-0,5.3,-23.520515,-46.748354250000006,,,,1,2023-06-17T02:43:52+00:00
SAO_917H-10,São Paulo,3550308,True,STT,456,https://moovitapp.com/index/pt-br/transporte_p%C3%BAblico-line-456-Sao_Paulo-242-850661-10416524-0,5.3,-23.536859749999998,-46.72582975,,,,1,2023-06-17T02:44:22+00:00
SAO_917H-10,São Paulo,3550308,True,STT,456,https://moovitapp.com/index/pt-br/transporte_p%C3%BAblico-line-456-Sao_Paulo-242-850661-10416524-0,5.3,-23.589214499999997,-46.634663,,,,1,2023-06-17T02:44:18+00:00
SAO_917H-10,São Paulo,3550308,True,STT,456,https://moovitapp.com/index/pt-br/transporte_p%C3%BAblico-line-456-Sao_Paulo-242-850661-10416524-0,5.3,-23.486366500000003,-46.726082,,,,1,2023-06-17T02:43:56+00:00
SAO_917H-10,São Paulo,3550308,True,STT,456,https://moovitapp.com/index/pt-br/transporte_p%C3%BAblico-line-456-Sao_Paulo-242-850661-10416524-0,5.3,-23.548501,-46.685239499999994,,,,1,2023-06-17T02:44:02+00:00
SAO_917H-10,São Paulo,3550308,True,STT,456,https://moovitapp.com/index/pt-br/transporte_p%C3%BAblico-line-456-Sao_Paulo-242-850661-10416524-0,5.3,-23.4868015,-46.726492,,,,1,2023-06-17T02:44:19+00:00
SAO_669A-10,São Paulo,3550308,True,,32772,,,-23.6171765,-46.681056999999996,,,,2,2023-06-17T02:44:29+00:00
SAO_669A-10,São Paulo,3550308,True,,32772,,,-23.536572749999998,-46.64685575,,,,2,2023-06-17T02:39:01+00:00
SAO_669A-10,São Paulo,3550308,True,,32772,,,-23.541768,-46.6471535,,,,2,2023-06-17T02:44:32+00:00
SAO_669A-10,São Paulo,3550308,True,,32772,,,-23.559445125000003,-46.658842,,,,2,2023-06-17T02:44:38+00:00
SAO_669A-10,São Paulo,3550308,True,,32772,,,-23.634339500000003,-46.693918249999996,,,,2,2023-06-17T02:44:27+00:00
SAO_669A-10,São Paulo,3550308,True,,32772,,,-23.555577999999997,-46.662926,,,,2,2023-06-17T02:44:29+00:00
SAO_669A-10,São Paulo,3550308,True,,32772,,,-23.58138925,-46.665473,,,,2,2023-06-17T02:44:25+00:00
SAO_3712-51,São Paulo,3550308,True,,35273,,,-23.542893499999998,-46.467321999999996,,,,2,2023-06-17T02:44:10+00:00
SAO_3712-51,São Paulo,3550308,True,,35273,,,-23.5516465,-46.440152999999995,,,,2,2023-06-17T02:44:22+00:00
SAO_3712-51,São Paulo,3550308,True,,35273,,,-23.55940725,-46.422336875,,,,2,2023-06-17T02:44:11+00:00
SAO_748R-10,São Paulo,3550308,True,,33269,,,-23.5999665,-46.7844135,,,,2,2023-06-17T02:44:41+00:00
SAO_748R-10,São Paulo,3550308,True,,33269,,,-23.5573635,-46.745772,,,,2,2023-06-17T02:40:48+00:00
SAO_748R-10,São Paulo,3550308,True,,33269,,,-23.6003325,-46.784207,,,,2,2023-06-17T02:44:09+00:00
SAO_748R-10,São Paulo,3550308,True,,33269,,,-23.548267250000002,-46.73737675,,,,2,2023-06-17T02:44:07+00:00
SAO_748R-10,São Paulo,3550308,True,,33269,,,-23.600666,-46.784031999999996,,,,2,2023-06-17T02:44:08+00:00
SAO_748R-10,São Paulo,3550308,True,,33269,,,-23.589547500000002,-46.769341499999996,,,,2,2023-06-17T02:44:20+00:00
SAO_748R-10,São Paulo,3550308,True,,33269,,,-23.5262215,-46.6723845,,,,2,2023-06-17T02:43:59+00:00
SAO_748R-10,São Paulo,3550308,True,,33269,,,-23.588495625,-46.76624975,,,,2,2023-06-17T02:44:15+00:00
SAO_748R-10,São Paulo,3550308,True,,33269,,,-23.599843,-46.7845095,,,,2,2023-06-17T02:44:38+00:00
SAO_748R-10,São Paulo,3550308,True,,33269,,,-23.600666,-46.784031999999996,,,,2,2023-06-17T02:44:29+00:00
SAO_748R-10,São Paulo,3550308,True,,33269,,,-23.6019505,-46.7921015,,,,2,2023-06-17T02:43:51+00:00
SAO_7001-10,São Paulo,3550308,True,,34490,,,-23.697819000000003,-46.7792305,,,,2,2023-06-17T02:44:37+00:00
SAO_7001-10,São Paulo,3550308,True,,34490,,,-23.7243085,-46.754826,,,,2,2023-06-17T02:44:24+00:00
SAO_7001-10,São Paulo,3550308,True,,34490,,,-23.701573500000002,-46.7819745,,,,2,2023-06-17T02:41:42+00:00
SAO_7001-10,São Paulo,3550308,True,,34490,,,-23.7237105,-46.7553985,,,,2,2023-06-17T02:44:24+00:00
SAO_7001-10,São Paulo,3550308,True,,34490,,,-23.7243085,-46.754826,,,,2,2023-06-17T02:44:08+00:00
SAO_7001-10,São Paulo,3550308,True,,34490,,,-23.71902625,-46.76527375,,,,2,2023-06-17T02:44:34+00:00
SAO_2755-10,São Paulo,3550308,True,STT,233,https://moovitapp.com/index/pt-br/transporte_p%C3%BAblico-line-233-Sao_Paulo-242-850661-183266-0,5.3,-23.51168275,-46.4281285,,,,1,2023-06-17T02:42:39+00:00
SAO_2755-10,São Paulo,3550308,True,STT,233,https://moovitapp.com/index/pt-br/transporte_p%C3%BAblico-line-233-Sao_Paulo-242-850661-183266-0,5.3,-23.532934,-46.54324149999999,,,,1,2023-06-17T02:44:25+00:00
SAO_2755-10,São Paulo,3550308,True,STT,233,https://moovitapp.com/index/pt-br/transporte_p%C3%BAblico-line-233-Sao_Paulo-242-850661-183266-0,5.3,-23.515351000000003,-46.4856135,,,,1,2023-06-17T02:44:23+00:00
SAO_2755-10,São Paulo,3550308,True,STT,233,https://moovitapp.com/index/pt-br/transporte_p%C3%BAblico-line-233-Sao_Paulo-242-850661-183266-0,5.3,-23.515239,-46.504303750000005,,,,1,2023-06-17T02:43:54+00:00
SAO_2755-10,São Paulo,3550308,True,STT,233,https://moovitapp.com/index/pt-br/transporte_p%C3%BAblico-line-233-Sao_Paulo-242-850661-183266-0,5.3,-23.541515500000003,-46.4163375,,,,1,2023-06-17T02:44:04+00:00
SAO_4721-10,São Paulo,3550308,True,,33105,,,-23.621927499999998,-46.6287995,,,,2,2023-06-17T02:44:30+00:00
SAO_4721-10,São Paulo,3550308,True,,33105,,,-23.62743325,-46.64139,,,,2,2023-06-17T02:44:31+00:00
SAO_1757-10,São Paulo,3550308,True,,33316,,,-23.471206000000002,-46.6367925,,,,2,2023-06-17T02:44:31+00:00
SAO_1757-10,São Paulo,3550308,True,,33316,,,-23.471317499999998,-46.6368435,,,,2,2023-06-17T02:44:36+00:00
SAO_1757-10,São Paulo,3550308,True,,33316,,,-23.471618499999998,-46.6369145,,,,2,2023-06-17T02:44:27+00:00
SAO_1757-10,São Paulo,3550308,True,,33316,,,-23.471206000000002,-46.6367925,,,,2,2023-06-17T02:44:07+00:00
SAO_7017-10,São Paulo,3550308,True,,35270,,,-23.668707,-46.7352225,,,,2,2023-06-17T02:44:05+00:00
SAO_7017-10,São Paulo,3550308,True,,35270,,,-23.69228175,-46.78739125,,,,2,2023-06-17T02:44:24+00:00
SAO_7017-10,São Paulo,3550308,True,,35270,,,-23.668242,-46.7355055,,,,2,2023-06-17T02:44:10+00:00
SAO_7017-10,São Paulo,3550308,True,,35270,,,-23.675717499999998,-46.758525500000005,,,,2,2023-06-17T02:44:30+00:00
SAO_7017-10,São Paulo,3550308,True,,35270,,,-23.681094,-46.7829955,,,,2,2023-06-17T02:43:56+00:00
SAO_7017-10,São Paulo,3550308,True,,35270,,,-23.6931665,-46.791157,,,,2,2023-06-17T02:44:07+00:00
SAO_7017-10,São Paulo,3550308,True,,35270,,,-23.674898,-46.773841499999996,,,,2,2023-06-17T02:44:33+00:00
SAO_7017-10,São Paulo,3550308,True,,35270,,,-23.693227,-46.790786999999995,,,,2,2023-06-17T02:44:35+00:00
SAO_7017-10,São Paulo,3550308,True,,35270,,,-23.692917,-46.790513000000004,,,,2,2023-06-17T02:44:15+00:00
SAO_3046-10,São Paulo,3550308,True,,971,,,-23.5800035,-46.5515335,,,,1,2023-06-17T02:44:37+00:00
SAO_3046-10,São Paulo,3550308,True,,971,,,-23.580204000000002,-46.5255565,,,,1,2023-06-17T02:44:05+00:00
SAO_3046-10,São Paulo,3550308,True,,971,,,-23.552980500000004,-46.5746115,,,,1,2023-06-17T02:44:30+00:00
SAO_3046-10,São Paulo,3550308,True,,971,,,-23.541215,-46.5774215,,,,1,2023-06-17T02:44:27+00:00
SAO_3046-10,São Paulo,3550308,True,,971,,,-23.580204000000002,-46.5255565,,,,1,2023-06-17T02:43:55+00:00
SAO_3046-10,São Paulo,3550308,True,,971,,,-23.57133125,-46.5659435,,,,1,2023-06-17T02:44:01+00:00
SAO_874C-10,São Paulo,3550308,True,,477,,,-23.553642312500003,-46.672105437499994,,,,1,2023-06-17T02:44:28+00:00
SAO_874C-10,São Paulo,3550308,True,,477,,,-23.5510995,-46.749265,,,,1,2023-06-17T02:44:04+00:00
SAO_874C-10,São Paulo,3550308,True,,477,,,-23.533175999999997,-46.718536,,,,1,2023-06-17T02:44:31+00:00
SAO_675P-10,São Paulo,3550308,True,,33043,,,-23.653575500000002,-46.6895265,,,,2,2023-06-17T02:42:33+00:00
SAO_675P-10,São Paulo,3550308,True,,33043,,,-23.677098,-46.701800500000004,,,,2,2023-06-17T02:42:35+00:00
SAO_675P-10,São Paulo,3550308,True,,33043,,,-23.6382285,-46.6420365,,,,2,2023-06-17T02:44:01+00:00
SAO_675P-10,São Paulo,3550308,True,,33043,,,-23.66044075,-46.662617,,,,2,2023-06-17T02:44:10+00:00
SAO_675P-10,São Paulo,3550308,True,,33043,,,-23.677098,-46.701800500000004,,,,2,2023-06-17T02:44:11+00:00
SAO_6813-10,São Paulo,3550308,True,BR7 Mobilidade,33,https://moovitapp.com/index/pt-br/transporte_p%C3%BAblico-line-33-Sao_Paulo-242-851856-529134-0,5.75,-23.6541265,-46.7631545,,,,1,2023-06-17T02:44:30+00:00
SAO_129F-41,São Paulo,3550308,True,,35073,,,-23.49262075,-46.700289500000004,,,,2,2023-06-17T02:43:57+00:00
SAO_607A-10,São Paulo,3550308,True,,2139,,,-23.660861000000004,-46.71707725,,,,1,2023-06-17T02:44:25+00:00
SAO_607A-10,São Paulo,3550308,True,,2139,,,-23.691576,-46.677739,,,,1,2023-06-17T02:44:27+00:00
SAO_9032-10,São Paulo,3550308,True,,33648,,,-23.468709,-46.6772595,,,,2,2023-06-17T02:43:48+00:00
SAO_9032-10,São Paulo,3550308,True,,33648,,,-23.459582750000003,-46.68836775,,,,2,2023-06-17T02:44:18+00:00
SAO_9032-10,São Paulo,3550308,True,,33648,,,-23.455434500000003,-46.6937785,,,,2,2023-06-17T02:44:35+00:00
SAO_9032-10,São Paulo,3550308,True,,33648,,,-23.446298499999997,-46.693606,,,,2,2023-06-17T02:44:29+00:00
SAO_9032-10,São Paulo,3550308,True,,33648,,,-23.446317,-46.6935345,,,,2,2023-06-17T02:44:36+00:00
SAO_746H-10,São Paulo,3550308,True,,33553,,,-23.59007975,-46.736112500000004,,,,2,2023-06-17T02:43:57+00:00
SAO_746H-10,São Paulo,3550308,True,,33553,,,-23.641725375,-46.71449737500001,,,,2,2023-06-17T02:44:21+00:00
SAO_746H-10,São Paulo,3550308,True,,33553,,,-23.589524,-46.734724,,,,2,2023-06-17T02:44:26+00:00
SAO_746H-10,São Paulo,3550308,True,,33553,,,-23.598890250000004,-46.720772,,,,2,2023-06-17T02:44:21+00:00
SAO_746H-10,São Paulo,3550308,True,,33553,,,-23.593532,-46.7529005,,,,2,2023-06-17T02:44:16+00:00
SAO_746H-10,São Paulo,3550308,True,,33553,,,-23.634460750000002,-46.73701175,,,,2,2023-06-17T02:44:27+00:00
SAO_7016-10,São Paulo,3550308,True,,34886,,,-23.688474499999998,-46.7734495,,,,2,2023-06-17T02:44:12+00:00
SAO_7016-10,São Paulo,3550308,True,,34886,,,-23.686535,-46.769802999999996,,,,2,2023-06-17T02:44:09+00:00
SAO_7016-10,São Paulo,3550308,True,,34886,,,-23.688845375,-46.77301675,,,,2,2023-06-17T02:44:05+00:00
SAO_7016-10,São Paulo,3550308,True,,34886,,,-23.689553500000002,-46.762833,,,,2,2023-06-17T02:44:13+00:00
SAO_7016-10,São Paulo,3550308,True,,34886,,,-23.6860055,-46.73888775,,,,2,2023-06-17T02:44:37+00:00
SAO_118C-10,São Paulo,3550308,True,,33287,,,-23.457446,-46.673119,,,,2,2023-06-17T02:44:29+00:00
SAO_118C-10,São Paulo,3550308,True,,33287,,,-23.458088500000002,-46.6717525,,,,2,2023-06-17T02:44:25+00:00
SAO_118C-10,São Paulo,3550308,True,,33287,,,-23.504861374999997,-46.624694625000004,,,,2,2023-06-17T02:44:25+00:00
SAO_118C-10,São Paulo,3550308,True,,33287,,,-23.49449225,-46.62656725,,,,2,2023-06-17T02:42:54+00:00
SAO_118C-10,São Paulo,3550308,True,,33287,,,-23.45345125,-46.67086875,,,,2,2023-06-17T02:44:22+00:00
SAO_118C-10,São Paulo,3550308,True,,33287,,,-23.4703085,-46.653206,,,,2,2023-06-17T02:43:56+00:00
SAO_118C-10,São Paulo,3550308,True,,33287,,,-23.529816750000002,-46.631610375,,,,2,2023-06-17T02:44:07+00:00
SAO_118C-10,São Paulo,3550308,True,,33287,,,-23.538199249999998,-46.64478,,,,2,2023-06-17T02:44:18+00:00
SAO_118C-10,São Paulo,3550308,True,,33287,,,-23.4626405,-46.6661955,,,,2,2023-06-17T02:44:07+00:00
SAO_118C-10,São Paulo,3550308,True,,33287,,,-23.4579625,-46.67248,,,,2,2023-06-17T02:43:58+00:00
SAO_118C-10,São Paulo,3550308,True,,33287,,,-23.458088500000002,-46.6717525,,,,2,2023-06-17T02:44:11+00:00
SAO_118C-10,São Paulo,3550308,True,,33287,,,-23.458088500000002,-46.6717525,,,,2,2023-06-17T02:44:33+00:00
SAO_6115-10,São Paulo,3550308,True,,1185,,,-23.742497,-46.6615535,,,,1,2023-06-17T02:44:03+00:00
SAO_6115-10,São Paulo,3550308,True,,1185,,,-23.7358915,-46.6961075,,,,1,2023-06-17T02:44:15+00:00
SAO_6115-10,São Paulo,3550308,True,,1185,,,-23.7562055,-46.670068,,,,1,2023-06-17T02:44:02+00:00
SAO_6115-10,São Paulo,3550308,True,,1185,,,-23.736796499999997,-46.696856,,,,1,2023-06-17T02:44:18+00:00
SAO_2725-10,São Paulo,3550308,True,,33707,,,-23.5326955,-46.473603499999996,,,,2,2023-06-17T02:40:58+00:00
SAO_2725-10,São Paulo,3550308,True,,33707,,,-23.510603,-46.468389,,,,2,2023-06-17T02:44:22+00:00
SAO_2725-10,São Paulo,3550308,True,,33707,,,-23.5349385,-46.473954,,,,2,2023-06-17T02:43:24+00:00
SAO_2725-10,São Paulo,3550308,True,,33707,,,-23.539938499999998,-46.482815,,,,2,2023-06-17T02:44:10+00:00
SAO_2018-10,São Paulo,3550308,True,,33672,,,-23.5101535,-46.4087855,,,,2,2023-06-17T02:44:19+00:00
SAO_2018-10,São Paulo,3550308,True,,33672,,,-23.4998863125,-46.4214774375,,,,2,2023-06-17T02:44:34+00:00
SAO_6010-10,São Paulo,3550308,True,,33970,,,-23.6839005,-46.798125999999996,,,,2,2023-06-17T02:44:35+00:00
SAO_6010-10,São Paulo,3550308,True,,33970,,,-23.671850499999998,-46.787136000000004,,,,2,2023-06-17T02:44:19+00:00
SAO_6010-10,São Paulo,3550308,True,,33970,,,-23.667592,-46.7354985,,,,2,2023-06-17T02:44:23+00:00
SAO_6010-10,São Paulo,3550308,True,,33970,,,-23.665884374999997,-46.7532035,,,,2,2023-06-17T02:44:28+00:00
SAO_6010-10,São Paulo,3550308,True,,33970,,,-23.693499,-46.7941555,,,,2,2023-06-17T02:44:21+00:00
SAO_6010-10,São Paulo,3550308,True,,33970,,,-23.6938785,-46.7945825,,,,2,2023-06-17T02:44:27+00:00
SAO_6010-10,São Paulo,3550308,True,,33970,,,-23.667592,-46.7354985,,,,2,2023-06-17T02:44:27+00:00
SAO_6010-10,São Paulo,3550308,True,,33970,,,-23.68134,-46.796527499999996,,,,2,2023-06-17T02:44:31+00:00
SAO_6010-10,São Paulo,3550308,True,,33970,,,-23.6933645,-46.794154,,,,2,2023-06-17T02:44:11+00:00
SAO_6010-10,São Paulo,3550308,True,,33970,,,-23.667592,-46.7354985,,,,2,2023-06-17T02:44:02+00:00
SAO_6010-10,São Paulo,3550308,True,,33970,,,-23.6701825,-46.7647465,,,,2,2023-06-17T02:44:17+00:00
SAO_6010-10,São Paulo,3550308,True,,33970,,,-23.6650885,-46.7414275,,,,2,2023-06-17T02:44:12+00:00
SAO_6010-10,São Paulo,3550308,True,,33970,,,-23.693805,-46.7944445,,,,2,2023-06-17T02:44:37+00:00
SAO_5011-10,São Paulo,3550308,True,,33883,,,-23.693745,-46.665702,,,,2,2023-06-17T02:43:57+00:00
SAO_5011-10,São Paulo,3550308,True,,33883,,,-23.696430499999998,-46.668815499999994,,,,2,2023-06-17T02:44:23+00:00
SAO_5011-10,São Paulo,3550308,True,,33883,,,-23.7131385,-46.61991825,,,,2,2023-06-17T02:41:19+00:00
SAO_5011-10,São Paulo,3550308,True,,33883,,,-23.6535095,-46.703309000000004,,,,2,2023-06-17T02:44:24+00:00
SAO_5011-10,São Paulo,3550308,True,,33883,,,-23.695213000000003,-46.6539025,,,,2,2023-06-17T02:43:01+00:00
SAO_5011-10,São Paulo,3550308,True,,33883,,,-23.7103285,-46.62034,,,,2,2023-06-17T02:44:08+00:00
SAO_5011-10,São Paulo,3550308,True,,33883,,,-23.71237375,-46.61881075000001,,,,2,2023-06-17T02:43:22+00:00
SAO_5011-10,São Paulo,3550308,True,,33883,,,-23.6724815,-46.687234000000004,,,,2,2023-06-17T02:44:27+00:00
SAO_5011-10,São Paulo,3550308,True,,33883,,,-23.715811,-46.62274425,,,,2,2023-06-17T02:40:25+00:00
SAO_6840-10,São Paulo,3550308,True,EMTU,201,https://moovitapp.com/index/pt-br/transporte_p%C3%BAblico-line-201-Sao_Paulo-242-2038937-58093160-0,20.4,-23.7420195,-46.800329000000005,,,,1,2023-06-17T02:44:21+00:00
SAO_6840-10,São Paulo,3550308,True,EMTU,201,https://moovitapp.com/index/pt-br/transporte_p%C3%BAblico-line-201-Sao_Paulo-242-2038937-58093160-0,20.4,-23.7441505,-46.801004,,,,1,2023-06-17T02:44:22+00:00
SAO_6840-10,São Paulo,3550308,True,EMTU,201,https://moovitapp.com/index/pt-br/transporte_p%C3%BAblico-line-201-Sao_Paulo-242-2038937-58093160-0,20.4,-23.7320815,-46.786311,,,,1,2023-06-17T02:44:03+00:00
SAO_6840-10,São Paulo,3550308,True,EMTU,201,https://moovitapp.com/index/pt-br/transporte_p%C3%BAblico-line-201-Sao_Paulo-242-2038937-58093160-0,20.4,-23.654132,-46.7632315,,,,1,2023-06-17T02:44:16+00:00
SAO_6840-10,São Paulo,3550308,True,EMTU,201,https://moovitapp.com/index/pt-br/transporte_p%C3%BAblico-line-201-Sao_Paulo-242-2038937-58093160-0,20.4,-23.7320815,-46.786311,,,,1,2023-06-17T02:44:14+00:00
SAO_6840-10,São Paulo,3550308,True,EMTU,201,https://moovitapp.com/index/pt-br/transporte_p%C3%BAblico-line-201-Sao_Paulo-242-2038937-58093160-0,20.4,-23.6814545,-46.769375499999995,,,,1,2023-06-17T02:44:34+00:00
SAO_6840-10,São Paulo,3550308,True,EMTU,201,https://moovitapp.com/index/pt-br/transporte_p%C3%BAblico-line-201-Sao_Paulo-242-2038937-58093160-0,20.4,-23.654132,-46.7632315,,,,1,2023-06-17T02:41:55+00:00
SAO_6840-10,São Paulo,3550308,True,EMTU,201,https://moovitapp.com/index/pt-br/transporte_p%C3%BAblico-line-201-Sao_Paulo-242-2038937-58093160-0,20.4,-23.7420195,-46.800329000000005,,,,1,2023-06-17T02:44:21+00:00
SAO_2720-31,São Paulo,3550308,True,,34610,,,-23.492872,-46.471083,,,,2,2023-06-17T02:44:24+00:00
SAO_2720-31,São Paulo,3550308,True,,34610,,,-23.508071,-46.4926935,,,,2,2023-06-17T02:44:04+00:00
SAO_6015-10,São Paulo,3550308,True,,33973,,,-23.7345975,-46.794219999999996,,,,2,2023-06-17T02:44:04+00:00
SAO_6015-10,São Paulo,3550308,True,,33973,,,-23.64776875,-46.70385374999999,,,,2,2023-06-17T02:44:20+00:00
SAO_6015-10,São Paulo,3550308,True,,33973,,,-23.722684,-46.785257,,,,2,2023-06-17T02:44:15+00:00
SAO_6015-10,São Paulo,3550308,True,,33973,,,-23.6901525,-46.774198999999996,,,,2,2023-06-17T02:44:23+00:00
SAO_6015-10,São Paulo,3550308,True,,33973,,,-23.7003635,-46.781335,,,,2,2023-06-17T02:44:20+00:00
SAO_6015-10,São Paulo,3550308,True,,33973,,,-23.655545,-46.707713999999996,,,,2,2023-06-17T02:44:03+00:00
SAO_6015-10,São Paulo,3550308,True,,33973,,,-23.7282675,-46.786224250000004,,,,2,2023-06-17T02:44:15+00:00
SAO_3112-10,São Paulo,3550308,True,,33848,,,-23.542599000000003,-46.590571249999996,,,,2,2023-06-17T02:44:39+00:00
SAO_3112-10,São Paulo,3550308,True,,33848,,,-23.581387,-46.564714499999994,,,,2,2023-06-17T02:44:31+00:00
SAO_3112-10,São Paulo,3550308,True,,33848,,,-23.592827999999997,-46.54524,,,,2,2023-06-17T02:44:08+00:00
SAO_3112-10,São Paulo,3550308,True,,33848,,,-23.58141425,-46.58671725,,,,2,2023-06-17T02:44:01+00:00
SAO_3112-10,São Paulo,3550308,True,,33848,,,-23.610093499999998,-46.5294835,,,,2,2023-06-17T02:44:18+00:00
SAO_3112-10,São Paulo,3550308,True,,33848,,,-23.590258249999998,-46.54472725,,,,2,2023-06-17T02:44:22+00:00
SAO_3112-10,São Paulo,3550308,True,,33848,,,-23.610093499999998,-46.5294835,,,,2,2023-06-17T02:44:32+00:00
SAO_938V-10,São Paulo,3550308,True,,33581,,,-23.4598465,-46.6751205,,,,2,2023-06-17T02:44:32+00:00
SAO_938V-10,São Paulo,3550308,True,,33581,,,-23.4527645,-46.6849925,,,,2,2023-06-17T02:44:32+00:00
SAO_938V-10,São Paulo,3550308,True,,33581,,,-23.452565999999997,-46.686638,,,,2,2023-06-17T02:44:32+00:00
SAO_938V-10,São Paulo,3550308,True,,33581,,,-23.525703999999998,-46.6824535,,,,2,2023-06-17T02:43:43+00:00
SAO_938V-10,São Paulo,3550308,True,,33581,,,-23.488203,-46.6932925,,,,2,2023-06-17T02:43:59+00:00
SAO_938V-10,São Paulo,3550308,True,,33581,,,-23.5225285,-46.701860124999996,,,,2,2023-06-17T02:44:28+00:00
SAO_938V-10,São Paulo,3550308,True,,33581,,,-23.4527645,-46.6849925,,,,2,2023-06-17T02:43:56+00:00
SAO_938V-10,São Paulo,3550308,True,,33581,,,-23.4511,-46.681731,,,,2,2023-06-17T02:44:08+00:00
SAO_938V-10,São Paulo,3550308,True,,33581,,,-23.499759625,-46.694366875,,,,2,2023-06-17T02:44:00+00:00
SAO_938V-10,São Paulo,3550308,True,,33581,,,-23.45092475,-46.681586749999994,,,,2,2023-06-17T02:44:36+00:00
SAO_938V-10,São Paulo,3550308,True,,33581,,,-23.477605500000003,-46.681760999999995,,,,2,2023-06-17T02:44:21+00:00
SAO_938V-10,São Paulo,3550308,True,,33581,,,-23.50317975,-46.685660999999996,,,,2,2023-06-17T02:43:04+00:00
SAO_938V-10,São Paulo,3550308,True,,33581,,,-23.493011000000003,-46.696492000000006,,,,2,2023-06-17T02:44:33+00:00
SAO_128Y-10,São Paulo,3550308,True,,33611,,,-23.461539000000002,-46.665962,,,,2,2023-06-17T02:44:03+00:00
SAO_128Y-10,São Paulo,3550308,True,,33611,,,-23.457446,-46.673119,,,,2,2023-06-17T02:44:21+00:00
SAO_128Y-10,São Paulo,3550308,True,,33611,,,-23.457446,-46.673119,,,,2,2023-06-17T02:44:27+00:00
SAO_128Y-10,São Paulo,3550308,True,,33611,,,-23.508814375,-46.680902749999994,,,,2,2023-06-17T02:44:34+00:00
SAO_128Y-10,São Paulo,3550308,True,,33611,,,-23.51859875,-46.69985925,,,,2,2023-06-17T02:44:27+00:00
SAO_3734-10,São Paulo,3550308,True,,33802,,,-23.55688725,-46.471277,,,,2,2023-06-17T02:44:00+00:00
SAO_3734-10,São Paulo,3550308,True,,33802,,,-23.5410875,-46.4842785,,,,2,2023-06-17T02:44:30+00:00
SAO_3734-10,São Paulo,3550308,True,,33802,,,-23.5542825,-46.481196999999995,,,,2,2023-06-17T02:44:36+00:00
SAO_3734-10,São Paulo,3550308,True,,33802,,,-23.5410875,-46.4842785,,,,2,2023-06-17T02:44:11+00:00
SAO_3734-10,São Paulo,3550308,True,,33802,,,-23.552827,-46.472971,,,,2,2023-06-17T02:44:00+00:00
SAO_3734-10,São Paulo,3550308,True,,33802,,,-23.552827,-46.472971,,,,2,2023-06-17T02:44:18+00:00
SAO_3734-10,São Paulo,3550308,True,,33802,,,-23.5410875,-46.4842785,,,,2,2023-06-17T02:44:26+00:00
SAO_3734-10,São Paulo,3550308,True,,33802,,,-23.552827,-46.472971,,,,2,2023-06-17T02:44:30+00:00
SAO_5652-10,São Paulo,3550308,True,,33042,,,-23.5852485,-46.655762,,,,2,2023-06-17T02:44:33+00:00
SAO_5652-10,São Paulo,3550308,True,,33042,,,-23.7037525,-46.6880615,,,,2,2023-06-17T02:44:10+00:00
SAO_5652-10,São Paulo,3550308,True,,33042,,,-23.66573175,-46.678098000000006,,,,2,2023-06-17T02:44:20+00:00
SAO_5652-10,São Paulo,3550308,True,,33042,,,-23.704033000000003,-46.688122,,,,2,2023-06-17T02:44:39+00:00
SAO_5652-10,São Paulo,3550308,True,,33042,,,-23.704033000000003,-46.688122,,,,2,2023-06-17T02:44:06+00:00
SAO_5652-10,São Paulo,3550308,True,,33042,,,-23.713659749999998,-46.68957625,,,,2,2023-06-17T02:44:22+00:00
SAO_5652-10,São Paulo,3550308,True,,33042,,,-23.7087785,-46.702757500000004,,,,2,2023-06-17T02:44:20+00:00
SAO_5100-10,São Paulo,3550308,True,,34138,,,-23.56555875,-46.7010795,,,,2,2023-06-17T02:44:23+00:00
SAO_5100-10,São Paulo,3550308,True,,34138,,,-23.5819665,-46.683908,,,,2,2023-06-17T02:44:05+00:00
SAO_3063-10,São Paulo,3550308,True,,33021,,,-23.6007935,-46.470179,,,,2,2023-06-17T02:44:02+00:00
SAO_3063-10,São Paulo,3550308,True,,33021,,,-23.558008,-46.3996015,,,,2,2023-06-17T02:43:57+00:00
SAO_3063-10,São Paulo,3550308,True,,33021,,,-23.5600345,-46.4156875,,,,2,2023-06-17T02:43:57+00:00
SAO_3063-10,São Paulo,3550308,True,,33021,,,-23.551628,-46.40665875,,,,2,2023-06-17T02:44:18+00:00
SAO_3063-10,São Paulo,3550308,True,,33021,,,-23.559117,-46.399842,,,,2,2023-06-17T02:44:35+00:00
SAO_3063-10,São Paulo,3550308,True,,33021,,,-23.558356,-46.3995355,,,,2,2023-06-17T02:44:12+00:00
SAO_3063-10,São Paulo,3550308,True,,33021,,,-23.5567935,-46.410746,,,,2,2023-06-17T02:41:34+00:00
SAO_3063-10,São Paulo,3550308,True,,33021,,,-23.57859775,-46.41560475,,,,2,2023-06-17T02:42:30+00:00
SAO_3063-10,São Paulo,3550308,True,,33021,,,-23.545251999999998,-46.409628250000004,,,,2,2023-06-17T02:44:19+00:00
SAO_3063-10,São Paulo,3550308,True,,33021,,,-23.557927,-46.399613,,,,2,2023-06-17T02:44:34+00:00
SAO_5791-10,São Paulo,3550308,True,,607,,,-23.687698,-46.642064500000004,,,,1,2023-06-17T02:44:29+00:00
SAO_5791-10,São Paulo,3550308,True,,607,,,-23.71619,-46.62593,,,,1,2023-06-17T02:44:02+00:00
SAO_5791-10,São Paulo,3550308,True,,607,,,-23.6588955,-46.636031375,,,,1,2023-06-17T02:40:03+00:00
SAO_5791-10,São Paulo,3550308,True,,607,,,-23.676192999999998,-46.62864675,,,,1,2023-06-17T02:44:35+00:00
SAO_5791-10,São Paulo,3550308,True,,607,,,-23.6974855,-46.628835,,,,1,2023-06-17T02:44:11+00:00
SAO_5791-10,São Paulo,3550308,True,,607,,,-23.567601,-46.6399165,,,,1,2023-06-17T02:44:38+00:00
SAO_5791-10,São Paulo,3550308,True,,607,,,-23.6003445,-46.6365995,,,,1,2023-06-17T02:44:19+00:00
SAO_695D-10,São Paulo,3550308,True,EMTU,114,https://moovitapp.com/index/pt-br/transporte_p%C3%BAblico-line-114-Sao_Paulo-242-2038937-36419274-0,6.4,-23.7329935,-46.676147,,,,1,2023-06-17T02:43:46+00:00
SAO_695D-10,São Paulo,3550308,True,EMTU,114,https://moovitapp.com/index/pt-br/transporte_p%C3%BAblico-line-114-Sao_Paulo-242-2038937-36419274-0,6.4,-23.650712374999998,-46.664342500000004,,,,1,2023-06-17T02:44:21+00:00
SAO_695D-10,São Paulo,3550308,True,EMTU,114,https://moovitapp.com/index/pt-br/transporte_p%C3%BAblico-line-114-Sao_Paulo-242-2038937-36419274-0,6.4,-23.645832750000004,-46.640719000000004,,,,1,2023-06-17T02:44:04+00:00
SAO_695D-10,São Paulo,3550308,True,EMTU,114,https://moovitapp.com/index/pt-br/transporte_p%C3%BAblico-line-114-Sao_Paulo-242-2038937-36419274-0,6.4,-23.695859499999997,-46.6999335,,,,1,2023-06-17T02:44:23+00:00
SAO_5362-10,São Paulo,3550308,True,BR7 Mobilidade,70,https://moovitapp.com/index/pt-br/transporte_p%C3%BAblico-line-70-Sao_Paulo-242-851856-2250296-0,5.75,-23.588572,-46.65187925,,,,1,2023-06-17T02:44:30+00:00
SAO_5362-10,São Paulo,3550308,True,BR7 Mobilidade,70,https://moovitapp.com/index/pt-br/transporte_p%C3%BAblico-line-70-Sao_Paulo-242-851856-2250296-0,5.75,-23.745268375000002,-46.66581537500001,,,,1,2023-06-17T02:43:59+00:00
SAO_5362-10,São Paulo,3550308,True,BR7 Mobilidade,70,https://moovitapp.com/index/pt-br/transporte_p%C3%BAblico-line-70-Sao_Paulo-242-851856-2250296-0,5.75,-23.7445215,-46.670979,,,,1,2023-06-17T02:44:27+00:00
SAO_5362-10,São Paulo,3550308,True,BR7 Mobilidade,70,https://moovitapp.com/index/pt-br/transporte_p%C3%BAblico-line-70-Sao_Paulo-242-851856-2250296-0,5.75,-23.59957225,-46.658327,,,,1,2023-06-17T02:44:32+00:00
SAO_5362-10,São Paulo,3550308,True,BR7 Mobilidade,70,https://moovitapp.com/index/pt-br/transporte_p%C3%BAblico-line-70-Sao_Paulo-242-851856-2250296-0,5.75,-23.715574500000002,-46.706303000000005,,,,1,2023-06-17T02:44:30+00:00
SAO_5362-10,São Paulo,3550308,True,BR7 Mobilidade,70,https://moovitapp.com/index/pt-br/transporte_p%C3%BAblico-line-70-Sao_Paulo-242-851856-2250296-0,5.75,-23.717627,-46.699844,,,,1,2023-06-17T02:44:32+00:00
SAO_6825-10,São Paulo,3550308,True,BR7 Mobilidade,14,https://moovitapp.com/index/pt-br/transporte_p%C3%BAblico-line-14-Sao_Paulo-242-851856-183465-0,5.75,-23.660277999999998,-46.768888000000004,,,,1,2023-06-17T02:44:39+00:00
SAO_6825-10,São Paulo,3550308,True,BR7 Mobilidade,14,https://moovitapp.com/index/pt-br/transporte_p%C3%BAblico-line-14-Sao_Paulo-242-851856-183465-0,5.75,-23.685346,-46.800567,,,,1,2023-06-17T02:44:21+00:00
SAO_6825-10,São Paulo,3550308,True,BR7 Mobilidade,14,https://moovitapp.com/index/pt-br/transporte_p%C3%BAblico-line-14-Sao_Paulo-242-851856-183465-0,5.75,-23.653719000000002,-46.762564,,,,1,2023-06-17T02:44:35+00:00
SAO_6825-10,São Paulo,3550308,True,BR7 Mobilidade,14,https://moovitapp.com/index/pt-br/transporte_p%C3%BAblico-line-14-Sao_Paulo-242-851856-183465-0,5.75,-23.685346,-46.800567,,,,1,2023-06-17T02:43:58+00:00
SAO_6825-10,São Paulo,3550308,True,BR7 Mobilidade,14,https://moovitapp.com/index/pt-br/transporte_p%C3%BAblico-line-14-Sao_Paulo-242-851856-183465-0,5.75,-23.6826325,-46.797331,,,,1,2023-06-17T02:43:56+00:00
SAO_5018-10,São Paulo,3550308,True,,1492,,,-23.675194312499997,-46.6748501875,,,,1,2023-06-17T02:44:05+00:00
SAO_5018-10,São Paulo,3550308,True,,1492,,,-23.662242,-46.646751,,,,1,2023-06-17T02:43:57+00:00
SAO_5018-10,São Paulo,3550308,True,,1492,,,-23.6483995,-46.641465,,,,1,2023-06-17T02:38:26+00:00
SAO_6053-10,São Paulo,3550308,True,,1145,,,-23.756556500000002,-46.667542999999995,,,,1,2023-06-17T02:44:35+00:00
SAO_6053-10,São Paulo,3550308,True,,1145,,,-23.76693425,-46.66334575,,,,1,2023-06-17T02:44:35+00:00
SAO_6053-10,São Paulo,3550308,True,,1145,,,-23.7687405,-46.661952,,,,1,2023-06-17T02:43:55+00:00
SAO_6053-10,São Paulo,3550308,True,,1145,,,-23.736617,-46.696708,,,,1,2023-06-17T02:44:37+00:00
SAO_6056-10,São Paulo,3550308,True,,33915,,,-23.763256499999997,-46.697663,,,,2,2023-06-17T02:44:33+00:00
SAO_6056-10,São Paulo,3550308,True,,33915,,,-23.736947,-46.697388000000004,,,,2,2023-06-17T02:44:25+00:00
SAO_6056-10,São Paulo,3550308,True,,33915,,,-23.763256499999997,-46.697663,,,,2,2023-06-17T02:44:04+00:00
SAO_6056-10,São Paulo,3550308,True,,33915,,,-23.7632185,-46.697809,,,,2,2023-06-17T02:44:32+00:00
SAO_6056-10,São Paulo,3550308,True,,33915,,,-23.761497562500004,-46.709912062499995,,,,2,2023-06-17T02:44:04+00:00
SAO_6056-10,São Paulo,3550308,True,,33915,,,-23.7632185,-46.697809,,,,2,2023-06-17T02:44:40+00:00
SAO_6056-10,São Paulo,3550308,True,,33915,,,-23.7605480625,-46.7099265625,,,,2,2023-06-17T02:44:05+00:00
SAO_9784-10,São Paulo,3550308,True,,33595,,,-23.467089,-46.668965,,,,2,2023-06-17T02:44:28+00:00
SAO_9784-10,São Paulo,3550308,True,,33595,,,-23.5244255,-46.666776999999996,,,,2,2023-06-17T02:44:33+00:00
SAO_9784-10,São Paulo,3550308,True,,33595,,,-23.459687000000002,-46.6739775,,,,2,2023-06-17T02:44:14+00:00
SAO_9784-10,São Paulo,3550308,True,,33595,,,-23.467713500000002,-46.6688845,,,,2,2023-06-17T02:44:10+00:00
SAO_9784-10,São Paulo,3550308,True,,33595,,,-23.4507675,-46.683319374999996,,,,2,2023-06-17T02:44:06+00:00
SAO_9784-10,São Paulo,3550308,True,,33595,,,-23.51344,-46.666450499999996,,,,2,2023-06-17T02:44:34+00:00
SAO_9784-10,São Paulo,3550308,True,,33595,,,-23.507376999999998,-46.6661685,,,,2,2023-06-17T02:44:17+00:00
SAO_9784-10,São Paulo,3550308,True,,33595,,,-23.524542750000002,-46.66534625,,,,2,2023-06-17T02:44:16+00:00
SAO_9784-10,São Paulo,3550308,True,,33595,,,-23.4729635,-46.667052,,,,2,2023-06-17T02:44:34+00:00
SAO_9784-10,São Paulo,3550308,True,,33595,,,-23.52171225,-46.66507275,,,,2,2023-06-17T02:44:33+00:00
SAO_8050-10,São Paulo,3550308,True,,33180,,,-23.51957025,-46.70971525,,,,2,2023-06-17T02:44:15+00:00
SAO_8050-10,São Paulo,3550308,True,,33180,,,-23.5193455,-46.702147,,,,2,2023-06-17T02:44:03+00:00
SAO_8050-10,São Paulo,3550308,True,,33180,,,-23.435269499999997,-46.7862265,,,,2,2023-06-17T02:44:10+00:00
SAO_8050-10,São Paulo,3550308,True,,33180,,,-23.441809499999998,-46.790535,,,,2,2023-06-17T02:43:55+00:00
SAO_8050-10,São Paulo,3550308,True,,33180,,,-23.442098,-46.791021,,,,2,2023-06-17T02:44:19+00:00
SAO_8050-10,São Paulo,3550308,True,,33180,,,-23.5193455,-46.702147,,,,2,2023-06-17T02:44:24+00:00
SAO_2678-10,São Paulo,3550308,True,,33151,,,-23.535948249999997,-46.5859485,,,,2,2023-06-17T02:43:58+00:00
SAO_2678-10,São Paulo,3550308,True,,33151,,,-23.538225999999998,-46.60099225,,,,2,2023-06-17T02:44:28+00:00
SAO_2678-10,São Paulo,3550308,True,,33151,,,-23.493635249999997,-46.376825374999996,,,,2,2023-06-17T02:43:53+00:00
SAO_2678-10,São Paulo,3550308,True,,33151,,,-23.533472250000003,-46.565054,,,,2,2023-06-17T02:44:35+00:00
SAO_2678-10,São Paulo,3550308,True,,33151,,,-23.51262775,-46.515058749999994,,,,2,2023-06-17T02:44:26+00:00
SAO_2678-10,São Paulo,3550308,True,,33151,,,-23.505614875,-46.385231250000004,,,,2,2023-06-17T02:43:21+00:00
SAO_2678-10,São Paulo,3550308,True,,33151,,,-23.4938845,-46.37678150000001,,,,2,2023-06-17T02:44:04+00:00
SAO_2678-10,São Paulo,3550308,True,,33151,,,-23.52422,-46.548732,,,,2,2023-06-17T02:43:55+00:00
SAO_2678-10,São Paulo,3550308,True,,33151,,,-23.494115999999998,-46.420691375000004,,,,2,2023-06-17T02:44:36+00:00
SAO_2678-10,São Paulo,3550308,True,,33151,,,-23.4938845,-46.37678150000001,,,,2,2023-06-17T02:44:05+00:00
SAO_2678-10,São Paulo,3550308,True,,33151,,,-23.52355925,-46.5462585,,,,2,2023-06-17T02:42:42+00:00
SAO_2678-10,São Paulo,3550308,True,,33151,,,-23.4917985,-46.3852075,,,,2,2023-06-17T02:44:22+00:00
SAO_2678-10,São Paulo,3550308,True,,33151,,,-23.49821625,-46.45787275,,,,2,2023-06-17T02:44:36+00:00
SAO_2678-10,São Paulo,3550308,True,,33151,,,-23.521750750000002,-46.527384999999995,,,,2,2023-06-17T02:44:17+00:00
SAO_2552-10,São Paulo,3550308,True,,32910,,,-23.4885445,-46.420998999999995,,,,2,2023-06-17T02:44:23+00:00
SAO_2552-10,São Paulo,3550308,True,,32910,,,-23.523171750000003,-46.544194250000004,,,,2,2023-06-17T02:43:39+00:00
SAO_2552-10,São Paulo,3550308,True,,32910,,,-23.538179999999997,-46.60034075,,,,2,2023-06-17T02:44:02+00:00
SAO_2552-10,São Paulo,3550308,True,,32910,,,-23.5208905,-46.525231000000005,,,,2,2023-06-17T02:44:00+00:00
SAO_2552-10,São Paulo,3550308,True,,32910,,,-23.5473415,-46.629296499999995,,,,2,2023-06-17T02:44:09+00:00
SAO_2552-10,São Paulo,3550308,True,,32910,,,-23.489174499999997,-46.420949500000006,,,,2,2023-06-17T02:44:33+00:00
SAO_2552-10,São Paulo,3550308,True,,32910,,,-23.485001062499997,-46.4331843125,,,,2,2023-06-17T02:44:14+00:00
SAO_2552-10,São Paulo,3550308,True,,32910,,,-23.497313,-46.45394175,,,,2,2023-06-17T02:44:20+00:00
SAO_2552-10,São Paulo,3550308,True,,32910,,,-23.489174499999997,-46.420949500000006,,,,2,2023-06-17T02:44:37+00:00
SAO_2552-10,São Paulo,3550308,True,,32910,,,-23.488854,-46.420973000000004,,,,2,2023-06-17T02:43:02+00:00
SAO_1720-21,São Paulo,3550308,True,,34705,,,-23.4873335,-46.574318500000004,,,,2,2023-06-17T02:44:04+00:00
SAO_1720-21,São Paulo,3550308,True,,34705,,,-23.487143500000002,-46.57385,,,,2,2023-06-17T02:44:28+00:00
SAO_1720-21,São Paulo,3550308,True,,34705,,,-23.487143500000002,-46.57385,,,,2,2023-06-17T02:44:30+00:00
SAO_1720-21,São Paulo,3550308,True,,34705,,,-23.481793500000002,-46.592065500000004,,,,2,2023-06-17T02:44:37+00:00
SAO_1720-21,São Paulo,3550308,True,,34705,,,-23.487230500000003,-46.574059500000004,,,,2,2023-06-17T02:43:57+00:00
SAO_1756-10,São Paulo,3550308,True,,547,,,-23.470044,-46.652576999999994,,,,1,2023-06-17T02:43:57+00:00
SAO_1756-10,São Paulo,3550308,True,,547,,,-23.476900999999998,-46.635262,,,,1,2023-06-17T02:44:25+00:00
SAO_172P-10,São Paulo,3550308,True,,858,,,-23.5292865,-46.5984295,,,,1,2023-06-17T02:44:39+00:00
SAO_172P-10,São Paulo,3550308,True,,858,,,-23.438865,-46.5692195,,,,1,2023-06-17T02:44:23+00:00
SAO_172P-10,São Paulo,3550308,True,,858,,,-23.4847985,-46.59169,,,,1,2023-06-17T02:44:00+00:00
SAO_172P-10,São Paulo,3550308,True,,858,,,-23.5424335,-46.5905835,,,,1,2023-06-17T02:44:06+00:00
SAO_172P-10,São Paulo,3550308,True,,858,,,-23.43763,-46.566441999999995,,,,1,2023-06-17T02:44:11+00:00
SAO_172P-10,São Paulo,3550308,True,,858,,,-23.464778000000003,-46.583473,,,,1,2023-06-17T02:44:16+00:00
SAO_172P-10,São Paulo,3550308,True,,858,,,-23.47573775,-46.57109224999999,,,,1,2023-06-17T02:44:26+00:00
SAO_172P-10,São Paulo,3550308,True,,858,,,-23.517362375,-46.58901399999999,,,,1,2023-06-17T02:44:13+00:00
SAO_172P-10,São Paulo,3550308,True,,858,,,-23.437303,-46.56643425,,,,1,2023-06-17T02:44:03+00:00
SAO_809L-10,São Paulo,3550308,True,,1949,,,-23.524305375,-46.699206375,,,,1,2023-06-17T02:44:16+00:00
SAO_809L-10,São Paulo,3550308,True,,1949,,,-23.596876,-46.746776,,,,1,2023-06-17T02:44:39+00:00
SAO_809L-10,São Paulo,3550308,True,,1949,,,-23.545075,-46.708400499999996,,,,1,2023-06-17T02:44:08+00:00
SAO_809L-10,São Paulo,3550308,True,,1949,,,-23.629922,-46.770032,,,,1,2023-06-17T02:44:17+00:00
SAO_809L-10,São Paulo,3550308,True,,1949,,,-23.5727345,-46.709809500000006,,,,1,2023-06-17T02:44:37+00:00
SAO_809L-10,São Paulo,3550308,True,,1949,,,-23.632326,-46.77348,,,,1,2023-06-17T02:44:40+00:00
SAO_809L-10,São Paulo,3550308,True,,1949,,,-23.6315005,-46.773324,,,,1,2023-06-17T02:44:01+00:00
SAO_6047-10,São Paulo,3550308,True,,1224,,,-23.648217000000002,-46.7317995,,,,1,2023-06-17T02:44:26+00:00
SAO_6047-10,São Paulo,3550308,True,,1224,,,-23.649743,-46.7095055,,,,1,2023-06-17T02:44:06+00:00
SAO_6047-10,São Paulo,3550308,True,,1224,,,-23.661609,-46.7549175,,,,1,2023-06-17T02:44:14+00:00
SAO_4007-10,São Paulo,3550308,True,,2181,,,-23.563322,-46.4185005,,,,1,2023-06-17T02:44:09+00:00
SAO_4007-10,São Paulo,3550308,True,,2181,,,-23.550721,-46.437813500000004,,,,1,2023-06-17T02:44:12+00:00
SAO_4007-10,São Paulo,3550308,True,,2181,,,-23.548931500000002,-46.504402999999996,,,,1,2023-06-17T02:44:10+00:00
SAO_4007-10,São Paulo,3550308,True,,2181,,,-23.552110499999998,-46.513149,,,,1,2023-06-17T02:44:24+00:00
SAO_4007-10,São Paulo,3550308,True,,2181,,,-23.54953775,-46.46202675,,,,1,2023-06-17T02:44:14+00:00
SAO_314V-10,São Paulo,3550308,True,EMTU,311,https://moovitapp.com/index/pt-br/transporte_p%C3%BAblico-line-311-Sao_Paulo-242-2038937-36419403-0,7.9,-23.590573499999998,-46.538615,,,,1,2023-06-17T02:44:29+00:00
SAO_314V-10,São Paulo,3550308,True,EMTU,311,https://moovitapp.com/index/pt-br/transporte_p%C3%BAblico-line-311-Sao_Paulo-242-2038937-36419403-0,7.9,-23.5634245,-46.6197965,,,,1,2023-06-17T02:43:59+00:00
SAO_273D-10,São Paulo,3550308,True,,32990,,,-23.49890225,-46.41124925,,,,2,2023-06-17T02:43:04+00:00
SAO_273D-10,São Paulo,3550308,True,,32990,,,-23.5214175,-46.4108045,,,,2,2023-06-17T02:43:57+00:00
SAO_273D-10,São Paulo,3550308,True,,32990,,,-23.519428875000003,-46.475841124999995,,,,2,2023-06-17T02:43:58+00:00
SAO_273D-10,São Paulo,3550308,True,,32990,,,-23.5272535,-46.409294,,,,2,2023-06-17T02:43:59+00:00
SAO_273D-10,São Paulo,3550308,True,,32990,,,-23.50419225,-46.411304,,,,2,2023-06-17T02:43:57+00:00
SAO_2006-10,São Paulo,3550308,True,,895,,,-23.4945765,-46.390327,,,,1,2023-06-17T02:44:33+00:00
SAO_2006-10,São Paulo,3550308,True,,895,,,-23.4941615,-46.400386,,,,1,2023-06-17T02:44:01+00:00
SAO_2006-10,São Paulo,3550308,True,,895,,,-23.510506499999998,-46.367354500000005,,,,1,2023-06-17T02:38:27+00:00
SAO_2006-10,São Paulo,3550308,True,,895,,,-23.510506499999998,-46.367354500000005,,,,1,2023-06-17T02:44:03+00:00
SAO_2006-10,São Paulo,3550308,True,,895,,,-23.487300250000004,-46.383183,,,,1,2023-06-17T02:44:20+00:00
SAO_2006-10,São Paulo,3550308,True,,895,,,-23.496754000000003,-46.393516000000005,,,,1,2023-06-17T02:43:54+00:00
SAO_2006-10,São Paulo,3550308,True,,895,,,-23.510832999999998,-46.366727,,,,1,2023-06-17T02:42:45+00:00
SAO_2006-10,São Paulo,3550308,True,,895,,,-23.494256,-46.4000715,,,,1,2023-06-17T02:42:32+00:00
SAO_7053-21,São Paulo,3550308,True,,34663,,,-23.632000499999997,-46.771926,,,,2,2023-06-17T02:44:31+00:00
SAO_7053-21,São Paulo,3550308,True,,34663,,,-23.64219025,-46.78573025,,,,2,2023-06-17T02:44:11+00:00
SAO_7053-21,São Paulo,3550308,True,,34663,,,-23.642522,-46.786126499999995,,,,2,2023-06-17T02:44:10+00:00
SAO_7053-21,São Paulo,3550308,True,,34663,,,-23.642354750000003,-46.78591075,,,,2,2023-06-17T02:43:56+00:00
SAO_7002-10,São Paulo,3550308,True,,772,,,-23.55666675,-46.676015625000005,,,,1,2023-06-17T02:44:26+00:00
SAO_7002-10,São Paulo,3550308,True,,772,,,-23.5661175,-46.691790250000004,,,,1,2023-06-17T02:44:16+00:00
SAO_7002-10,São Paulo,3550308,True,,772,,,-23.578221499999998,-46.726243249999996,,,,1,2023-06-17T02:43:31+00:00
SAO_7002-10,São Paulo,3550308,True,,772,,,-23.5919635,-46.765375,,,,1,2023-06-17T02:44:06+00:00
SAO_807M-10,São Paulo,3550308,True,,1916,,,-23.62691375,-46.7603345,,,,1,2023-06-17T02:43:57+00:00
SAO_807M-10,São Paulo,3550308,True,,1916,,,-23.6129475,-46.754987,,,,1,2023-06-17T02:44:01+00:00
SAO_807M-10,São Paulo,3550308,True,,1916,,,-23.618586,-46.698989,,,,1,2023-06-17T02:44:31+00:00
SAO_807M-10,São Paulo,3550308,True,,1916,,,-23.6190115,-46.6997825,,,,1,2023-06-17T02:44:38+00:00
SAO_807M-10,São Paulo,3550308,True,,1916,,,-23.618586,-46.698989,,,,1,2023-06-17T02:44:13+00:00
SAO_807M-10,São Paulo,3550308,True,,1916,,,-23.618555999999998,-46.6992355,,,,1,2023-06-17T02:44:06+00:00
SAO_807M-10,São Paulo,3550308,True,,1916,,,-23.620395000000002,-46.70022125,,,,1,2023-06-17T02:44:40+00:00
SAO_9785-10,São Paulo,3550308,True,,828,,,-23.4561785,-46.698985,,,,1,2023-06-17T02:44:35+00:00
SAO_9785-10,São Paulo,3550308,True,,828,,,-23.525985,-46.669427,,,,1,2023-06-17T02:44:19+00:00
SAO_9785-10,São Paulo,3550308,True,,828,,,-23.4562905,-46.6991,,,,1,2023-06-17T02:44:11+00:00
SAO_9785-10,São Paulo,3550308,True,,828,,,-23.504166499999997,-46.6937995,,,,1,2023-06-17T02:44:14+00:00
SAO_9785-10,São Paulo,3550308,True,,828,,,-23.5266685,-46.6673215,,,,1,2023-06-17T02:44:03+00:00
SAO_9785-10,São Paulo,3550308,True,,828,,,-23.4561785,-46.698985,,,,1,2023-06-17T02:44:04+00:00
SAO_8019-10,São Paulo,3550308,True,,2071,,,-23.56992025,-46.71291925,,,,1,2023-06-17T02:44:38+00:00
SAO_8019-10,São Paulo,3550308,True,,2071,,,-23.545325,-46.7467535,,,,1,2023-06-17T02:44:07+00:00
SAO_702C-10,São Paulo,3550308,True,,33253,,,-23.5392555,-46.633829,,,,2,2023-06-17T02:44:10+00:00
SAO_702C-10,São Paulo,3550308,True,,33253,,,-23.577265500000003,-46.714676,,,,2,2023-06-17T02:44:34+00:00
SAO_702C-10,São Paulo,3550308,True,,33253,,,-23.577454,-46.7133435,,,,2,2023-06-17T02:43:49+00:00
SAO_702C-10,São Paulo,3550308,True,,33253,,,-23.5602905,-46.671777500000005,,,,2,2023-06-17T02:43:58+00:00
SAO_702C-10,São Paulo,3550308,True,,33253,,,-23.571233,-46.74876825,,,,2,2023-06-17T02:44:30+00:00
SAO_702C-10,São Paulo,3550308,True,,33253,,,-23.565329750000004,-46.74895975,,,,2,2023-06-17T02:44:06+00:00
SAO_702C-10,São Paulo,3550308,True,,33253,,,-23.576992,-46.714518999999996,,,,2,2023-06-17T02:44:40+00:00
SAO_9011-10,São Paulo,3550308,True,,33646,,,-23.44610825,-46.726713125,,,,2,2023-06-17T02:44:27+00:00
SAO_9011-10,São Paulo,3550308,True,,33646,,,-23.454214999999998,-46.737634,,,,2,2023-06-17T02:44:19+00:00
SAO_9011-10,São Paulo,3550308,True,,33646,,,-23.463523000000002,-46.68139,,,,2,2023-06-17T02:44:09+00:00
SAO_9011-10,São Paulo,3550308,True,,33646,,,-23.463238750000002,-46.682105750000005,,,,2,2023-06-17T02:44:27+00:00
SAO_9011-10,São Paulo,3550308,True,,33646,,,-23.444228,-46.721738,,,,2,2023-06-17T02:44:13+00:00
SAO_9011-10,São Paulo,3550308,True,,33646,,,-23.454522500000003,-46.737875,,,,2,2023-06-17T02:44:14+00:00
SAO_9011-10,São Paulo,3550308,True,,33646,,,-23.4383895,-46.737642,,,,2,2023-06-17T02:44:05+00:00
SAO_9011-10,São Paulo,3550308,True,,33646,,,-23.4543985,-46.7377585,,,,2,2023-06-17T02:44:26+00:00
SAO_607A-10,São Paulo,3550308,True,,34907,,,-23.7099995,-46.652274500000004,,,,2,2023-06-17T02:31:21+00:00
SAO_607A-10,São Paulo,3550308,True,,34907,,,-23.7099995,-46.652274500000004,,,,2,2023-06-17T02:44:08+00:00
SAO_607A-10,São Paulo,3550308,True,,34907,,,-23.6946075,-46.656167499999995,,,,2,2023-06-17T02:36:20+00:00
SAO_607A-10,São Paulo,3550308,True,,34907,,,-23.6952165,-46.6546855,,,,2,2023-06-17T02:41:44+00:00
SAO_607A-10,São Paulo,3550308,True,,34907,,,-23.704804000000003,-46.650069,,,,2,2023-06-17T02:38:52+00:00
SAO_4030-10,São Paulo,3550308,True,,1100,,,-23.613035500000002,-46.4948125,,,,1,2023-06-17T02:44:01+00:00
SAO_4030-10,São Paulo,3550308,True,,1100,,,-23.5767295,-46.50384125,,,,1,2023-06-17T02:44:34+00:00
SAO_4030-10,São Paulo,3550308,True,,1100,,,-23.612665,-46.476373499999994,,,,1,2023-06-17T02:44:01+00:00
SAO_4030-10,São Paulo,3550308,True,,1100,,,-23.616428499999998,-46.4814985,,,,1,2023-06-17T02:43:59+00:00
SAO_3728-10,São Paulo,3550308,True,,1025,,,-23.554507,-46.4923365,,,,1,2023-06-17T02:44:33+00:00
SAO_3728-10,São Paulo,3550308,True,,1025,,,-23.5420065,-46.483900500000004,,,,1,2023-06-17T02:35:24+00:00
SAO_3728-10,São Paulo,3550308,True,,1025,,,-23.570178249999998,-46.4909705,,,,1,2023-06-17T02:44:33+00:00
SAO_3728-10,São Paulo,3550308,True,,1025,,,-23.5420065,-46.483900500000004,,,,1,2023-06-17T02:44:23+00:00
SAO_3728-10,São Paulo,3550308,True,,1025,,,-23.545579,-46.485395499999996,,,,1,2023-06-17T02:44:01+00:00
SAO_6074-10,São Paulo,3550308,True,,33929,,,-23.7349645,-46.6641195,,,,2,2023-06-17T02:44:28+00:00
SAO_6074-10,São Paulo,3550308,True,,33929,,,-23.7546125,-46.6740805,,,,2,2023-06-17T02:44:31+00:00
SAO_6074-10,São Paulo,3550308,True,,33929,,,-23.702490625,-46.701837375,,,,2,2023-06-17T02:44:33+00:00
SAO_6074-10,São Paulo,3550308,True,,33929,,,-23.6775605,-46.701477,,,,2,2023-06-17T02:44:07+00:00
SAO_6074-10,São Paulo,3550308,True,,33929,,,-23.74459025,-46.669951375,,,,2,2023-06-17T02:44:15+00:00
SAO_6074-10,São Paulo,3550308,True,,33929,,,-23.7087255,-46.6999,,,,2,2023-06-17T02:44:21+00:00
SAO_6074-10,São Paulo,3550308,True,,33929,,,-23.69373425,-46.698994,,,,2,2023-06-17T02:44:35+00:00
SAO_6074-10,São Paulo,3550308,True,,33929,,,-23.734685,-46.664041499999996,,,,2,2023-06-17T02:44:19+00:00
SAO_6074-10,São Paulo,3550308,True,,33929,,,-23.753656999999997,-46.6881405,,,,2,2023-06-17T02:43:57+00:00
SAO_6074-10,São Paulo,3550308,True,,33929,,,-23.734747,-46.664041999999995,,,,2,2023-06-17T02:44:33+00:00
SAO_2019-10,São Paulo,3550308,True,,33673,,,-23.5246595,-46.5457945,,,,2,2023-06-17T02:44:29+00:00
SAO_2019-10,São Paulo,3550308,True,,33673,,,-23.52308575,-46.543347999999995,,,,2,2023-06-17T02:44:37+00:00
SAO_2019-10,São Paulo,3550308,True,,33673,,,-23.522423500000002,-46.5180585,,,,2,2023-06-17T02:41:50+00:00
SAO_701A-10,São Paulo,3550308,True,,33457,,,-23.5473125,-46.690042500000004,,,,2,2023-06-17T02:44:00+00:00
SAO_701A-10,São Paulo,3550308,True,,33457,,,-23.4737385,-46.565966,,,,2,2023-06-17T02:44:08+00:00
SAO_701A-10,São Paulo,3550308,True,,33457,,,-23.4737385,-46.565966,,,,2,2023-06-17T02:44:00+00:00
SAO_701A-10,São Paulo,3550308,True,,33457,,,-23.529571,-46.5984615,,,,2,2023-06-17T02:41:12+00:00
SAO_701A-10,São Paulo,3550308,True,,33457,,,-23.5623425,-46.685475,,,,2,2023-06-17T02:44:26+00:00
SAO_701A-10,São Paulo,3550308,True,,33457,,,-23.4736435,-46.565765999999996,,,,2,2023-06-17T02:44:36+00:00
SAO_701A-10,São Paulo,3550308,True,,33457,,,-23.47934825,-46.578801500000004,,,,2,2023-06-17T02:42:20+00:00
SAO_701A-10,São Paulo,3550308,True,,33457,,,-23.528083000000002,-46.597326249999995,,,,2,2023-06-17T02:42:26+00:00
SAO_574C-10,São Paulo,3550308,True,,34407,,,-23.591341,-46.540603000000004,,,,2,2023-06-17T02:44:34+00:00
SAO_971V-10,São Paulo,3550308,True,,619,,,-23.501434500000002,-46.6434475,,,,1,2023-06-17T02:44:14+00:00
SAO_971V-10,São Paulo,3550308,True,,619,,,-23.513510625000002,-46.616156249999996,,,,1,2023-06-17T02:44:15+00:00
SAO_971V-10,São Paulo,3550308,True,,619,,,-23.491876249999997,-46.6685815,,,,1,2023-06-17T02:44:14+00:00
SAO_971V-10,São Paulo,3550308,True,,619,,,-23.480790499999998,-46.6743585,,,,1,2023-06-17T02:44:31+00:00
SAO_9354-10,São Paulo,3550308,True,,708,,,-23.54222525,-46.6382325,,,,1,2023-06-17T02:44:31+00:00
SAO_9354-10,São Paulo,3550308,True,,708,,,-23.497161499999997,-46.6510245,,,,1,2023-06-17T02:43:14+00:00
SAO_6820-31,São Paulo,3550308,True,,1406,,,-23.661286,-46.7846835,,,,1,2023-06-17T02:44:22+00:00
SAO_6820-31,São Paulo,3550308,True,,1406,,,-23.653719000000002,-46.762564,,,,1,2023-06-17T02:44:17+00:00
SAO_2017-10,São Paulo,3550308,True,,33671,,,-23.519009500000003,-46.412976,,,,2,2023-06-17T02:44:36+00:00
SAO_2017-10,São Paulo,3550308,True,,33671,,,-23.497083,-46.420023,,,,2,2023-06-17T02:44:29+00:00
SAO_2017-10,São Paulo,3550308,True,,33671,,,-23.51918,-46.412904,,,,2,2023-06-17T02:43:20+00:00
SAO_372U-10,São Paulo,3550308,True,,1016,,,-23.552789,-46.5670985,,,,1,2023-06-17T02:44:13+00:00
SAO_372U-10,São Paulo,3550308,True,,1016,,,-23.564701499999998,-46.540859,,,,1,2023-06-17T02:44:02+00:00
SAO_372U-10,São Paulo,3550308,True,,1016,,,-23.5564715,-46.537433,,,,1,2023-06-17T02:44:28+00:00
SAO_372U-10,São Paulo,3550308,True,,1016,,,-23.553095,-46.56365425,,,,1,2023-06-17T02:42:08+00:00
SAO_372U-10,São Paulo,3550308,True,,1016,,,-23.5564715,-46.537433,,,,1,2023-06-17T02:44:01+00:00
SAO_372U-10,São Paulo,3550308,True,,1016,,,-23.5564715,-46.537433,,,,1,2023-06-17T02:44:08+00:00
SAO_372U-10,São Paulo,3550308,True,,1016,,,-23.5564715,-46.537433,,,,1,2023-06-17T02:44:18+00:00
SAO_372U-10,São Paulo,3550308,True,,1016,,,-23.5428875,-46.576916999999995,,,,1,2023-06-17T02:44:07+00:00
SAO_372U-10,São Paulo,3550308,True,,1016,,,-23.557622000000002,-46.540923250000006,,,,1,2023-06-17T02:44:09+00:00
SAO_4716-10,São Paulo,3550308,True,,33874,,,-23.601309,-46.602029875,,,,2,2023-06-17T02:44:30+00:00
SAO_4716-10,São Paulo,3550308,True,,33874,,,-23.601609,-46.600950499999996,,,,2,2023-06-17T02:44:30+00:00
SAO_4716-10,São Paulo,3550308,True,,33874,,,-23.6040875,-46.630664499999995,,,,2,2023-06-17T02:44:22+00:00
SAO_4716-10,São Paulo,3550308,True,,33874,,,-23.601309,-46.602029875,,,,2,2023-06-17T02:44:24+00:00
SAO_4716-10,São Paulo,3550308,True,,33874,,,-23.61318,-46.619667,,,,2,2023-06-17T02:44:36+00:00
SAO_4716-10,São Paulo,3550308,True,,33874,,,-23.601309,-46.602029875,,,,2,2023-06-17T02:44:24+00:00
SAO_6815-10,São Paulo,3550308,True,BR7 Mobilidade,25,https://moovitapp.com/index/pt-br/transporte_p%C3%BAblico-line-25-Sao_Paulo-242-851856-758720-0,5.75,-23.6762685,-46.783033,,,,1,2023-06-17T02:44:28+00:00
SAO_6815-10,São Paulo,3550308,True,BR7 Mobilidade,25,https://moovitapp.com/index/pt-br/transporte_p%C3%BAblico-line-25-Sao_Paulo-242-851856-758720-0,5.75,-23.6762685,-46.783033,,,,1,2023-06-17T02:44:32+00:00
SAO_6815-10,São Paulo,3550308,True,BR7 Mobilidade,25,https://moovitapp.com/index/pt-br/transporte_p%C3%BAblico-line-25-Sao_Paulo-242-851856-758720-0,5.75,-23.654173,-46.762701500000006,,,,1,2023-06-17T02:44:40+00:00
SAO_1036-10,São Paulo,3550308,True,,35221,,,-23.4690235,-46.713262,,,,2,2023-06-17T02:44:31+00:00
SAO_1036-10,São Paulo,3550308,True,,35221,,,-23.44440675,-46.71023275,,,,2,2023-06-17T02:44:04+00:00
SAO_1036-10,São Paulo,3550308,True,,35221,,,-23.485154,-46.710824,,,,2,2023-06-17T02:44:24+00:00
SAO_1036-10,São Paulo,3550308,True,,35221,,,-23.459552,-46.715434,,,,2,2023-06-17T02:44:27+00:00
SAO_1036-10,São Paulo,3550308,True,,35221,,,-23.481737,-46.712072,,,,2,2023-06-17T02:44:19+00:00
SAO_1722-10,São Paulo,3550308,True,,33632,,,-23.4661475,-46.5848015,,,,2,2023-06-17T02:44:34+00:00
SAO_1722-10,São Paulo,3550308,True,,33632,,,-23.4739395,-46.6541055,,,,2,2023-06-17T02:44:00+00:00
SAO_1722-10,São Paulo,3550308,True,,33632,,,-23.47501225,-46.665508,,,,2,2023-06-17T02:44:22+00:00
SAO_1722-10,São Paulo,3550308,True,,33632,,,-23.482122250000003,-46.671637000000004,,,,2,2023-06-17T02:43:52+00:00
SAO_1722-10,São Paulo,3550308,True,,33632,,,-23.482091500000003,-46.671369,,,,2,2023-06-17T02:44:09+00:00
SAO_1722-10,São Paulo,3550308,True,,33632,,,-23.47612,-46.6634055,,,,2,2023-06-17T02:44:25+00:00
SAO_1722-10,São Paulo,3550308,True,,33632,,,-23.482091500000003,-46.671369,,,,2,2023-06-17T02:44:20+00:00
SAO_1722-10,São Paulo,3550308,True,,33632,,,-23.482274500000003,-46.6728875,,,,2,2023-06-17T02:44:29+00:00
SAO_1722-10,São Paulo,3550308,True,,33632,,,-23.466458000000003,-46.6387585,,,,2,2023-06-17T02:43:21+00:00
SAO_1722-10,São Paulo,3550308,True,,33632,,,-23.47898125,-46.600315249999994,,,,2,2023-06-17T02:44:33+00:00
SAO_1722-10,São Paulo,3550308,True,,33632,,,-23.4645685,-46.6294585,,,,2,2023-06-17T02:44:32+00:00
SAO_1722-10,São Paulo,3550308,True,,33632,,,-23.4709815,-46.65066,,,,2,2023-06-17T02:44:12+00:00
SAO_1722-10,São Paulo,3550308,True,,33632,,,-23.456898,-46.6020585,,,,2,2023-06-17T02:43:57+00:00
SAO_1722-10,São Paulo,3550308,True,,33632,,,-23.45644,-46.590571499999996,,,,2,2023-06-17T02:44:23+00:00
SAO_1722-10,São Paulo,3550308,True,,33632,,,-23.461810999999997,-46.629177,,,,2,2023-06-17T02:40:13+00:00
SAO_1722-10,São Paulo,3550308,True,,33632,,,-23.482122250000003,-46.671637000000004,,,,2,2023-06-17T02:44:02+00:00
SAO_403A-10,São Paulo,3550308,True,,2192,,,-23.55599875,-46.45210625,,,,1,2023-06-17T02:44:19+00:00
SAO_403A-10,São Paulo,3550308,True,,2192,,,-23.540584000000003,-46.432192,,,,1,2023-06-17T02:44:29+00:00
SAO_403A-10,São Paulo,3550308,True,,2192,,,-23.519194499999998,-46.5471035,,,,1,2023-06-17T02:44:02+00:00
SAO_403A-10,São Paulo,3550308,True,,2192,,,-23.54747725,-46.510714500000006,,,,1,2023-06-17T02:44:09+00:00
SAO_403A-10,São Paulo,3550308,True,,2192,,,-23.54025675,-46.43662125,,,,1,2023-06-17T02:44:15+00:00
SAO_407N-10,São Paulo,3550308,True,,34937,,,-23.534,-46.5424035,,,,2,2023-06-17T02:41:15+00:00
SAO_407N-10,São Paulo,3550308,True,,34937,,,-23.534,-46.5424035,,,,2,2023-06-17T02:44:30+00:00
SAO_407N-10,São Paulo,3550308,True,,34937,,,-23.534,-46.5424035,,,,2,2023-06-17T02:44:21+00:00
SAO_407N-10,São Paulo,3550308,True,,34937,,,-23.546915,-46.527738,,,,2,2023-06-17T02:44:02+00:00
SAO_407N-10,São Paulo,3550308,True,,34937,,,-23.578965,-46.496987000000004,,,,2,2023-06-17T02:44:36+00:00
SAO_407N-10,São Paulo,3550308,True,,34937,,,-23.53466425,-46.537881875,,,,2,2023-06-17T02:44:22+00:00
SAO_407N-10,São Paulo,3550308,True,,34937,,,-23.593273500000002,-46.418434500000004,,,,2,2023-06-17T02:44:07+00:00
SAO_407N-10,São Paulo,3550308,True,,34937,,,-23.58308,-46.408871000000005,,,,2,2023-06-17T02:41:42+00:00
SAO_407N-10,São Paulo,3550308,True,,34937,,,-23.580627999999997,-46.411226,,,,2,2023-06-17T02:43:57+00:00
SAO_407N-10,São Paulo,3550308,True,,34937,,,-23.5956305,-46.43828325,,,,2,2023-06-17T02:44:31+00:00
SAO_2711-10,São Paulo,3550308,True,,33693,,,-23.513424999999998,-46.482982,,,,2,2023-06-17T02:44:27+00:00
SAO_2711-10,São Paulo,3550308,True,,33693,,,-23.508784624999997,-46.49068875,,,,2,2023-06-17T02:44:14+00:00
SAO_2711-10,São Paulo,3550308,True,,33693,,,-23.514456000000003,-46.48103125,,,,2,2023-06-17T02:43:59+00:00
SAO_2711-10,São Paulo,3550308,True,,33693,,,-23.529975,-46.500915500000005,,,,2,2023-06-17T02:44:22+00:00
SAO_2711-10,São Paulo,3550308,True,,33693,,,-23.514456000000003,-46.48103125,,,,2,2023-06-17T02:43:57+00:00
SAO_2711-10,São Paulo,3550308,True,,33693,,,-23.514456000000003,-46.48103125,,,,2,2023-06-17T02:43:17+00:00
SAO_2711-10,São Paulo,3550308,True,,33693,,,-23.514414000000002,-46.48128,,,,2,2023-06-17T02:44:02+00:00
SAO_475R-10,São Paulo,3550308,True,,33112,,,-23.653912,-46.612244000000004,,,,2,2023-06-17T02:44:00+00:00
SAO_475R-10,São Paulo,3550308,True,,33112,,,-23.6310195,-46.630855999999994,,,,2,2023-06-17T02:44:13+00:00
SAO_475R-10,São Paulo,3550308,True,,33112,,,-23.61833,-46.639251,,,,2,2023-06-17T02:44:24+00:00
SAO_475R-10,São Paulo,3550308,True,,33112,,,-23.576101375,-46.65769225,,,,2,2023-06-17T02:43:57+00:00
SAO_475R-10,São Paulo,3550308,True,,33112,,,-23.5470345,-46.6298525,,,,2,2023-06-17T02:44:29+00:00
SAO_475R-10,São Paulo,3550308,True,,33112,,,-23.653924500000002,-46.6138325,,,,2,2023-06-17T02:44:22+00:00
SAO_475R-10,São Paulo,3550308,True,,33112,,,-23.6537185,-46.608308,,,,2,2023-06-17T02:42:49+00:00
SAO_475R-10,São Paulo,3550308,True,,33112,,,-23.54893,-46.62942425,,,,2,2023-06-17T02:44:07+00:00
SAO_475R-10,São Paulo,3550308,True,,33112,,,-23.5470345,-46.6298525,,,,2,2023-06-17T02:44:17+00:00
SAO_475R-10,São Paulo,3550308,True,,33112,,,-23.601669625,-46.63678125,,,,2,2023-06-17T02:44:29+00:00
SAO_930P-10,São Paulo,3550308,True,,34883,,,-23.577909625,-46.686604,,,,2,2023-06-17T02:44:29+00:00
SAO_930P-10,São Paulo,3550308,True,,34883,,,-23.5468385,-46.6321735,,,,2,2023-06-17T02:44:02+00:00
SAO_930P-10,São Paulo,3550308,True,,34883,,,-23.546217,-46.6305745,,,,2,2023-06-17T02:44:00+00:00
SAO_930P-10,São Paulo,3550308,True,,34883,,,-23.546217,-46.6305745,,,,2,2023-06-17T02:44:17+00:00
SAO_675R-10,São Paulo,3550308,True,,32877,,,-23.753905500000002,-46.680769,,,,2,2023-06-17T02:44:04+00:00
SAO_675R-10,São Paulo,3550308,True,,32877,,,-23.754187,-46.680431999999996,,,,2,2023-06-17T02:44:21+00:00
SAO_675R-10,São Paulo,3550308,True,,32877,,,-23.64649975,-46.64515875,,,,2,2023-06-17T02:43:58+00:00
SAO_675R-10,São Paulo,3550308,True,,32877,,,-23.7543765,-46.6802115,,,,2,2023-06-17T02:44:34+00:00
SAO_675R-10,São Paulo,3550308,True,,32877,,,-23.643416000000002,-46.651034249999995,,,,2,2023-06-17T02:44:23+00:00
SAO_675R-10,São Paulo,3550308,True,,32877,,,-23.7011045,-46.701471,,,,2,2023-06-17T02:44:03+00:00
SAO_8549-10,São Paulo,3550308,True,EMTU,580,https://moovitapp.com/index/pt-br/transporte_p%C3%BAblico-line-580-Sao_Paulo-242-2038937-36419570-0,7.55,-23.436121,-46.7174615,,,,1,2023-06-17T02:43:54+00:00
SAO_8549-10,São Paulo,3550308,True,EMTU,580,https://moovitapp.com/index/pt-br/transporte_p%C3%BAblico-line-580-Sao_Paulo-242-2038937-36419570-0,7.55,-23.436121,-46.7174615,,,,1,2023-06-17T02:44:06+00:00
SAO_8549-10,São Paulo,3550308,True,EMTU,580,https://moovitapp.com/index/pt-br/transporte_p%C3%BAblico-line-580-Sao_Paulo-242-2038937-36419570-0,7.55,-23.503914,-46.6938995,,,,1,2023-06-17T02:44:01+00:00
SAO_8549-10,São Paulo,3550308,True,EMTU,580,https://moovitapp.com/index/pt-br/transporte_p%C3%BAblico-line-580-Sao_Paulo-242-2038937-36419570-0,7.55,-23.436121,-46.7174615,,,,1,2023-06-17T02:44:07+00:00
SAO_8549-10,São Paulo,3550308,True,EMTU,580,https://moovitapp.com/index/pt-br/transporte_p%C3%BAblico-line-580-Sao_Paulo-242-2038937-36419570-0,7.55,-23.4526065,-46.699762,,,,1,2023-06-17T02:44:09+00:00
SAO_8549-10,São Paulo,3550308,True,EMTU,580,https://moovitapp.com/index/pt-br/transporte_p%C3%BAblico-line-580-Sao_Paulo-242-2038937-36419570-0,7.55,-23.4774045,-46.681499,,,,1,2023-06-17T02:43:57+00:00
SAO_8549-10,São Paulo,3550308,True,EMTU,580,https://moovitapp.com/index/pt-br/transporte_p%C3%BAblico-line-580-Sao_Paulo-242-2038937-36419570-0,7.55,-23.536755,-46.64237325,,,,1,2023-06-17T02:44:35+00:00
SAO_8549-10,São Paulo,3550308,True,EMTU,580,https://moovitapp.com/index/pt-br/transporte_p%C3%BAblico-line-580-Sao_Paulo-242-2038937-36419570-0,7.55,-23.525020750000003,-46.68476875,,,,1,2023-06-17T02:44:36+00:00
SAO_8549-10,São Paulo,3550308,True,EMTU,580,https://moovitapp.com/index/pt-br/transporte_p%C3%BAblico-line-580-Sao_Paulo-242-2038937-36419570-0,7.55,-23.436121,-46.7174615,,,,1,2023-06-17T02:44:35+00:00
SAO_3004-10,São Paulo,3550308,True,,34566,,,-23.493834999999997,-46.4055615,,,,2,2023-06-17T02:43:53+00:00
SAO_3004-10,São Paulo,3550308,True,,34566,,,-23.482478,-46.40737725,,,,2,2023-06-17T02:42:48+00:00
SAO_709M-10,São Paulo,3550308,True,,35230,,,-23.59157475,-46.68906725,,,,2,2023-06-17T02:44:18+00:00
SAO_709M-10,São Paulo,3550308,True,,35230,,,-23.566688,-46.701549,,,,2,2023-06-17T02:44:32+00:00
SAO_709M-10,São Paulo,3550308,True,,35230,,,-23.567620499999997,-46.6955405,,,,2,2023-06-17T02:44:37+00:00
SAO_709M-10,São Paulo,3550308,True,,35230,,,-23.566688,-46.701549,,,,2,2023-06-17T02:44:33+00:00
SAO_709M-10,São Paulo,3550308,True,,35230,,,-23.6255595,-46.69245,,,,2,2023-06-17T02:44:39+00:00
SAO_414P-10,São Paulo,3550308,True,,33873,,,-23.608491,-46.53058,,,,2,2023-06-17T02:43:57+00:00
SAO_414P-10,São Paulo,3550308,True,,33873,,,-23.601710750000002,-46.5305705,,,,2,2023-06-17T02:44:11+00:00
SAO_414P-10,São Paulo,3550308,True,,33873,,,-23.568325,-46.5407785,,,,2,2023-06-17T02:44:26+00:00
SAO_414P-10,São Paulo,3550308,True,,33873,,,-23.5798815,-46.539934,,,,2,2023-06-17T02:44:25+00:00
SAO_414P-10,São Paulo,3550308,True,,33873,,,-23.540702,-46.5711285,,,,2,2023-06-17T02:44:03+00:00
SAO_6035-10,São Paulo,3550308,True,,1213,,,-23.7183055,-46.76539075,,,,1,2023-06-17T02:44:31+00:00
SAO_6035-10,São Paulo,3550308,True,,1213,,,-23.6754735,-46.7560395,,,,1,2023-06-17T02:44:39+00:00
SAO_6035-10,São Paulo,3550308,True,,1213,,,-23.72062,-46.7558005,,,,1,2023-06-17T02:44:20+00:00
SAO_6035-10,São Paulo,3550308,True,,1213,,,-23.72062,-46.7558005,,,,1,2023-06-17T02:44:28+00:00
SAO_6035-10,São Paulo,3550308,True,,1213,,,-23.7150855,-46.7707235,,,,1,2023-06-17T02:44:27+00:00
SAO_6035-10,São Paulo,3550308,True,,1213,,,-23.646299499999998,-46.704412000000005,,,,1,2023-06-17T02:44:32+00:00
SAO_6035-10,São Paulo,3550308,True,,1213,,,-23.671774,-46.7412225,,,,1,2023-06-17T02:44:37+00:00
SAO_6035-10,São Paulo,3550308,True,,1213,,,-23.72062,-46.7558005,,,,1,2023-06-17T02:44:31+00:00
SAO_6035-10,São Paulo,3550308,True,,1213,,,-23.692594,-46.777992,,,,1,2023-06-17T02:44:40+00:00
SAO_278A-10,São Paulo,3550308,True,,706,,,-23.507752,-46.5257085,,,,1,2023-06-17T02:44:07+00:00
SAO_278A-10,São Paulo,3550308,True,,706,,,-23.53840175,-46.6027155,,,,1,2023-06-17T02:44:33+00:00
SAO_278A-10,São Paulo,3550308,True,,706,,,-23.5077785,-46.525954999999996,,,,1,2023-06-17T02:44:09+00:00
SAO_278A-10,São Paulo,3550308,True,,706,,,-23.52961175,-46.610120499999994,,,,1,2023-06-17T02:44:00+00:00
SAO_278A-10,São Paulo,3550308,True,,706,,,-23.5077475,-46.525870999999995,,,,1,2023-06-17T02:44:33+00:00
SAO_7040-10,São Paulo,3550308,True,,33544,,,-23.574119250000003,-46.688941375,,,,2,2023-06-17T02:44:18+00:00
SAO_7040-10,São Paulo,3550308,True,,33544,,,-23.5944665,-46.70651,,,,2,2023-06-17T02:44:11+00:00
SAO_7040-10,São Paulo,3550308,True,,33544,,,-23.623783500000002,-46.727943999999994,,,,2,2023-06-17T02:43:57+00:00
SAO_7040-10,São Paulo,3550308,True,,33544,,,-23.5672355,-46.693780000000004,,,,2,2023-06-17T02:44:32+00:00
SAO_7040-10,São Paulo,3550308,True,,33544,,,-23.5656265,-46.69294549999999,,,,2,2023-06-17T02:44:32+00:00
SAO_7040-10,São Paulo,3550308,True,,33544,,,-23.623484249999997,-46.728172,,,,2,2023-06-17T02:44:11+00:00
SAO_7181-10,São Paulo,3550308,True,,34100,,,-23.5526805,-46.731851500000005,,,,2,2023-06-17T02:44:03+00:00
SAO_7181-10,São Paulo,3550308,True,,34100,,,-23.553213,-46.732138000000006,,,,2,2023-06-17T02:44:13+00:00
SAO_7181-10,São Paulo,3550308,True,,34100,,,-23.537244875,-46.645397625,,,,2,2023-06-17T02:44:34+00:00
SAO_4726-10,São Paulo,3550308,True,,34448,,,-23.563146500000002,-46.592247,,,,2,2023-06-17T02:44:09+00:00
SAO_4726-10,São Paulo,3550308,True,,34448,,,-23.564263250000003,-46.587238,,,,2,2023-06-17T02:44:26+00:00
SAO_4726-10,São Paulo,3550308,True,,34448,,,-23.563520500000003,-46.5915385,,,,2,2023-06-17T02:44:04+00:00
SAO_4726-10,São Paulo,3550308,True,,34448,,,-23.553227,-46.582864,,,,2,2023-06-17T02:44:26+00:00
SAO_4726-10,São Paulo,3550308,True,,34448,,,-23.5647005,-46.5862685,,,,2,2023-06-17T02:44:09+00:00
SAO_4726-10,São Paulo,3550308,True,,34448,,,-23.5633635,-46.591837500000004,,,,2,2023-06-17T02:44:07+00:00
SAO_6039-10,São Paulo,3550308,True,,33985,,,-23.676773,-46.7928625,,,,2,2023-06-17T02:44:20+00:00
SAO_6039-10,São Paulo,3550308,True,,33985,,,-23.650240000000004,-46.756395999999995,,,,2,2023-06-17T02:44:01+00:00
SAO_6039-10,São Paulo,3550308,True,,33985,,,-23.68466,-46.799467,,,,2,2023-06-17T02:44:00+00:00
SAO_6039-10,São Paulo,3550308,True,,33985,,,-23.6621345,-46.779826,,,,2,2023-06-17T02:44:29+00:00
SAO_6039-10,São Paulo,3550308,True,,33985,,,-23.68466,-46.799467,,,,2,2023-06-17T02:44:40+00:00
SAO_6039-10,São Paulo,3550308,True,,33985,,,-23.642334499999997,-46.740688000000006,,,,2,2023-06-17T02:43:57+00:00
SAO_6039-10,São Paulo,3550308,True,,33985,,,-23.662273499999998,-46.780083000000005,,,,2,2023-06-17T02:44:17+00:00
SAO_6116-10,São Paulo,3550308,True,,33954,,,-23.752862,-46.683861,,,,2,2023-06-17T02:44:31+00:00
SAO_6116-10,São Paulo,3550308,True,,33954,,,-23.737090000000002,-46.697100000000006,,,,2,2023-06-17T02:44:05+00:00
SAO_6116-10,São Paulo,3550308,True,,33954,,,-23.7554515,-46.658820500000004,,,,2,2023-06-17T02:44:00+00:00
SAO_5611-10,São Paulo,3550308,True,,33366,,,-23.695427,-46.667069,,,,2,2023-06-17T02:44:05+00:00
SAO_5611-10,São Paulo,3550308,True,,33366,,,-23.631331000000003,-46.669073,,,,2,2023-06-17T02:44:13+00:00
SAO_5611-10,São Paulo,3550308,True,,33366,,,-23.716158999999998,-46.626090500000004,,,,2,2023-06-17T02:44:01+00:00
SAO_5611-10,São Paulo,3550308,True,,33366,,,-23.600917250000002,-46.6514215,,,,2,2023-06-17T02:44:32+00:00
SAO_5611-10,São Paulo,3550308,True,,33366,,,-23.7160135,-46.624853,,,,2,2023-06-17T02:44:29+00:00
SAO_5611-10,São Paulo,3550308,True,,33366,,,-23.5529175,-46.6346465,,,,2,2023-06-17T02:44:28+00:00
SAO_5611-10,São Paulo,3550308,True,,33366,,,-23.681279500000002,-46.682711,,,,2,2023-06-17T02:44:01+00:00
SAO_5144-10,São Paulo,3550308,True,,1627,,,-23.613897,-46.50077,,,,1,2023-06-17T02:44:25+00:00
SAO_5144-10,São Paulo,3550308,True,,1627,,,-23.613897,-46.50077,,,,1,2023-06-17T02:44:36+00:00
SAO_5144-10,São Paulo,3550308,True,,1627,,,-23.5471865,-46.5869215,,,,1,2023-06-17T02:44:24+00:00
SAO_5144-10,São Paulo,3550308,True,,1627,,,-23.532548499999997,-46.632266,,,,1,2023-06-17T02:44:11+00:00
SAO_5144-10,São Paulo,3550308,True,,1627,,,-23.587072,-46.53265625,,,,1,2023-06-17T02:44:27+00:00
SAO_695H-10,São Paulo,3550308,True,,33964,,,-23.685003000000002,-46.692727000000005,,,,2,2023-06-17T02:38:57+00:00
SAO_695H-10,São Paulo,3550308,True,,33964,,,-23.78837,-46.715108,,,,2,2023-06-17T02:44:08+00:00
SAO_695H-10,São Paulo,3550308,True,,33964,,,-23.6610355,-46.70470025,,,,2,2023-06-17T02:44:12+00:00
SAO_695H-10,São Paulo,3550308,True,,33964,,,-23.773142999999997,-46.7234755,,,,2,2023-06-17T02:43:34+00:00
SAO_695H-10,São Paulo,3550308,True,,33964,,,-23.6710585,-46.688216,,,,2,2023-06-17T02:44:33+00:00
SAO_695H-10,São Paulo,3550308,True,,33964,,,-23.751375,-46.710821,,,,2,2023-06-17T02:22:00+00:00
SAO_8019-31,São Paulo,3550308,True,,35342,,,-23.546083250000002,-46.755936375000005,,,,2,2023-06-17T02:44:26+00:00
SAO_8019-31,São Paulo,3550308,True,,35342,,,-23.5671515,-46.7546635,,,,2,2023-06-17T02:44:31+00:00
SAO_8019-31,São Paulo,3550308,True,,35342,,,-23.545079,-46.74755450000001,,,,2,2023-06-17T02:44:40+00:00
SAO_3778-10,São Paulo,3550308,True,,1062,,,-23.541421,-46.555740625,,,,1,2023-06-17T02:43:48+00:00
SAO_3778-10,São Paulo,3550308,True,,1062,,,-23.569554,-46.486423,,,,1,2023-06-17T02:43:57+00:00
SAO_3778-10,São Paulo,3550308,True,,1062,,,-23.5386545,-46.565125,,,,1,2023-06-17T02:44:38+00:00
SAO_3778-10,São Paulo,3550308,True,,1062,,,-23.570354000000002,-46.4903805,,,,1,2023-06-17T02:44:20+00:00
SAO_3778-10,São Paulo,3550308,True,,1062,,,-23.5395125,-46.56648700000001,,,,1,2023-06-17T02:44:34+00:00
SAO_3778-10,São Paulo,3550308,True,,1062,,,-23.574952000000003,-46.496041000000005,,,,1,2023-06-17T02:44:00+00:00
SAO_736G-10,São Paulo,3550308,True,,780,,,-23.618506,-46.699464,,,,1,2023-06-17T02:44:33+00:00
SAO_736G-10,São Paulo,3550308,True,,780,,,-23.643456999999998,-46.7356385,,,,1,2023-06-17T02:43:45+00:00
SAO_736G-10,São Paulo,3550308,True,,780,,,-23.6324355,-46.748238,,,,1,2023-06-17T02:44:09+00:00
SAO_736G-10,São Paulo,3550308,True,,780,,,-23.632856500000003,-46.747603999999995,,,,1,2023-06-17T02:44:25+00:00
SAO_2728-10,São Paulo,3550308,True,,33711,,,-23.506037499999998,-46.5233215,,,,2,2023-06-17T02:44:03+00:00
SAO_2728-10,São Paulo,3550308,True,,33711,,,-23.50133,-46.5125285,,,,2,2023-06-17T02:44:09+00:00
SAO_2728-10,São Paulo,3550308,True,,33711,,,-23.500805999999997,-46.5126535,,,,2,2023-06-17T02:44:16+00:00
SAO_2728-10,São Paulo,3550308,True,,33711,,,-23.533340000000003,-46.5445025,,,,2,2023-06-17T02:44:00+00:00
SAO_2728-10,São Paulo,3550308,True,,33711,,,-23.5015605,-46.512554,,,,2,2023-06-17T02:43:55+00:00
SAO_2728-10,São Paulo,3550308,True,,33711,,,-23.5015605,-46.512554,,,,2,2023-06-17T02:44:35+00:00
SAO_2728-10,São Paulo,3550308,True,,33711,,,-23.519182999999998,-46.546476999999996,,,,2,2023-06-17T02:44:21+00:00
SAO_2728-10,São Paulo,3550308,True,,33711,,,-23.5107505,-46.540576,,,,2,2023-06-17T02:44:21+00:00
SAO_2728-10,São Paulo,3550308,True,,33711,,,-23.530262999999998,-46.55075725,,,,2,2023-06-17T02:44:15+00:00
SAO_514T-10,São Paulo,3550308,True,,1671,,,-23.59660325,-46.516042,,,,1,2023-06-17T02:44:37+00:00
SAO_514T-10,São Paulo,3550308,True,,1671,,,-23.584927,-46.583193,,,,1,2023-06-17T02:44:25+00:00
SAO_514T-10,São Paulo,3550308,True,,1671,,,-23.602792,-46.6023785,,,,1,2023-06-17T02:44:34+00:00
SAO_514T-10,São Paulo,3550308,True,,1671,,,-23.59660325,-46.516042,,,,1,2023-06-17T02:44:38+00:00
SAO_514T-10,São Paulo,3550308,True,,1671,,,-23.5929065,-46.4985205,,,,1,2023-06-17T02:44:25+00:00
SAO_514T-10,São Paulo,3550308,True,,1671,,,-23.584733,-46.539666499999996,,,,1,2023-06-17T02:44:19+00:00
SAO_514T-10,São Paulo,3550308,True,,1671,,,-23.603029999999997,-46.6025805,,,,1,2023-06-17T02:44:07+00:00
SAO_514T-10,São Paulo,3550308,True,,1671,,,-23.59760075,-46.60965912500001,,,,1,2023-06-17T02:44:27+00:00
SAO_978L-10,São Paulo,3550308,True,,33234,,,-23.534146,-46.6547235,,,,2,2023-06-17T02:44:21+00:00
SAO_978L-10,São Paulo,3550308,True,,33234,,,-23.4953185,-46.677420999999995,,,,2,2023-06-17T02:44:29+00:00
SAO_978L-10,São Paulo,3550308,True,,33234,,,-23.4742495,-46.669781,,,,2,2023-06-17T02:44:24+00:00
SAO_737A-10,São Paulo,3550308,True,,1730,,,-23.6541015,-46.7120065,,,,1,2023-06-17T02:44:30+00:00
SAO_737A-10,São Paulo,3550308,True,,1730,,,-23.6858575,-46.7702995,,,,1,2023-06-17T02:44:10+00:00
SAO_737A-10,São Paulo,3550308,True,,1730,,,-23.655837,-46.706608,,,,1,2023-06-17T02:44:39+00:00
SAO_737A-10,São Paulo,3550308,True,,1730,,,-23.682036,-46.7670365,,,,1,2023-06-17T02:44:09+00:00
SAO_737A-10,São Paulo,3550308,True,,1730,,,-23.65399,-46.71233,,,,1,2023-06-17T02:44:21+00:00
SAO_737A-10,São Paulo,3550308,True,,1730,,,-23.663378,-46.707454999999996,,,,1,2023-06-17T02:44:03+00:00
SAO_737A-10,São Paulo,3550308,True,,1730,,,-23.667810000000003,-46.731027499999996,,,,1,2023-06-17T02:44:20+00:00
SAO_1764-10,São Paulo,3550308,True,,33393,,,-23.429001,-46.583791500000004,,,,2,2023-06-17T02:43:59+00:00
SAO_1764-10,São Paulo,3550308,True,,33393,,,-23.48986625,-46.6243685,,,,2,2023-06-17T02:42:31+00:00
SAO_1764-10,São Paulo,3550308,True,,33393,,,-23.449777,-46.593588,,,,2,2023-06-17T02:44:00+00:00
SAO_1764-10,São Paulo,3550308,True,,33393,,,-23.4259,-46.581689,,,,2,2023-06-17T02:44:14+00:00
SAO_1764-10,São Paulo,3550308,True,,33393,,,-23.478549125,-46.60900637499999,,,,2,2023-06-17T02:44:35+00:00
SAO_1764-10,São Paulo,3550308,True,,33393,,,-23.4260595,-46.581732,,,,2,2023-06-17T02:44:23+00:00
SAO_1709-10,São Paulo,3550308,True,,33619,,,-23.44072075,-46.581562000000005,,,,2,2023-06-17T02:44:34+00:00
SAO_1709-10,São Paulo,3550308,True,,33619,,,-23.440907,-46.5816925,,,,2,2023-06-17T02:44:30+00:00
SAO_1709-10,São Paulo,3550308,True,,33619,,,-23.440907,-46.5816925,,,,2,2023-06-17T02:44:38+00:00
SAO_1709-10,São Paulo,3550308,True,,33619,,,-23.4505355,-46.595242500000005,,,,2,2023-06-17T02:44:01+00:00
SAO_1709-10,São Paulo,3550308,True,,33619,,,-23.450737500000002,-46.595733249999995,,,,2,2023-06-17T02:43:55+00:00
SAO_1709-10,São Paulo,3550308,True,,33619,,,-23.439817,-46.582815749999995,,,,2,2023-06-17T02:44:23+00:00
SAO_1709-10,São Paulo,3550308,True,,33619,,,-23.479985,-46.603936000000004,,,,2,2023-06-17T02:44:14+00:00
SAO_1709-10,São Paulo,3550308,True,,33619,,,-23.462474999999998,-46.603145,,,,2,2023-06-17T02:44:06+00:00
SAO_1709-10,São Paulo,3550308,True,,33619,,,-23.4788075,-46.6060665,,,,2,2023-06-17T02:43:56+00:00
SAO_1709-10,São Paulo,3550308,True,,33619,,,-23.44072075,-46.581562000000005,,,,2,2023-06-17T02:41:12+00:00
SAO_139A-10,São Paulo,3550308,True,,35219,,,-23.4861205,-46.710727500000004,,,,2,2023-06-17T02:44:09+00:00
SAO_139A-10,São Paulo,3550308,True,,35219,,,-23.511425,-46.70535825,,,,2,2023-06-17T02:44:21+00:00
SAO_139A-10,São Paulo,3550308,True,,35219,,,-23.483795,-46.70895675,,,,2,2023-06-17T02:44:21+00:00
SAO_7055-10,São Paulo,3550308,True,,1888,,,-23.6609205,-46.7681685,,,,1,2023-06-17T02:44:37+00:00
SAO_7055-10,São Paulo,3550308,True,,1888,,,-23.646486,-46.77920075,,,,1,2023-06-17T02:44:20+00:00
SAO_7055-10,São Paulo,3550308,True,,1888,,,-23.6919635,-46.7907745,,,,1,2023-06-17T02:44:09+00:00
SAO_7055-10,São Paulo,3550308,True,,1888,,,-23.676056,-46.774791,,,,1,2023-06-17T02:44:15+00:00
SAO_7055-10,São Paulo,3550308,True,,1888,,,-23.691059000000003,-46.790087,,,,1,2023-06-17T02:44:30+00:00
SAO_7055-10,São Paulo,3550308,True,,1888,,,-23.6919635,-46.7907745,,,,1,2023-06-17T02:44:11+00:00
SAO_7055-10,São Paulo,3550308,True,,1888,,,-23.6919635,-46.7907745,,,,1,2023-06-17T02:44:03+00:00
SAO_7055-10,São Paulo,3550308,True,,1888,,,-23.631508,-46.7726,,,,1,2023-06-17T02:44:18+00:00
SAO_1024-10,São Paulo,3550308,True,,35070,,,-23.4695215,-46.697924,,,,2,2023-06-17T02:39:13+00:00
SAO_1024-10,São Paulo,3550308,True,,35070,,,-23.461102,-46.708983,,,,2,2023-06-17T02:44:07+00:00
SAO_1024-10,São Paulo,3550308,True,,35070,,,-23.472212125,-46.69816862500001,,,,2,2023-06-17T02:44:31+00:00
SAO_1024-10,São Paulo,3550308,True,,35070,,,-23.488951999999998,-46.698082,,,,2,2023-06-17T02:44:38+00:00
SAO_1024-10,São Paulo,3550308,True,,35070,,,-23.4611935,-46.70918,,,,2,2023-06-17T02:44:14+00:00
SAO_1024-10,São Paulo,3550308,True,,35070,,,-23.4576205,-46.7058255,,,,2,2023-06-17T02:44:04+00:00
SAO_1024-10,São Paulo,3550308,True,,35070,,,-23.4611935,-46.70918,,,,2,2023-06-17T02:44:16+00:00
SAO_1024-10,São Paulo,3550308,True,,35070,,,-23.461024000000002,-46.708865,,,,2,2023-06-17T02:44:35+00:00
SAO_1024-10,São Paulo,3550308,True,,35070,,,-23.461024000000002,-46.708865,,,,2,2023-06-17T02:44:24+00:00
SAO_1024-10,São Paulo,3550308,True,,35070,,,-23.460804500000002,-46.7086025,,,,2,2023-06-17T02:44:10+00:00
SAO_475R-10,São Paulo,3550308,True,,344,,,-23.65282,-46.607729000000006,,,,1,2023-06-17T02:44:00+00:00
SAO_475R-10,São Paulo,3550308,True,,344,,,-23.550302000000002,-46.6316285,,,,1,2023-06-17T02:44:20+00:00
SAO_475R-10,São Paulo,3550308,True,,344,,,-23.65282,-46.607729000000006,,,,1,2023-06-17T02:44:37+00:00
SAO_475R-10,São Paulo,3550308,True,,344,,,-23.65282,-46.607729000000006,,,,1,2023-06-17T02:44:18+00:00
SAO_475R-10,São Paulo,3550308,True,,344,,,-23.605396,-46.636989,,,,1,2023-06-17T02:44:02+00:00
SAO_475R-10,São Paulo,3550308,True,,344,,,-23.653557749999997,-46.610783999999995,,,,1,2023-06-17T02:44:32+00:00
SAO_475R-10,São Paulo,3550308,True,,344,,,-23.580596,-46.6503175,,,,1,2023-06-17T02:44:06+00:00
SAO_475R-10,São Paulo,3550308,True,,344,,,-23.65282,-46.607729000000006,,,,1,2023-06-17T02:44:11+00:00
SAO_475R-10,São Paulo,3550308,True,,344,,,-23.580848500000002,-46.650059,,,,1,2023-06-17T02:44:15+00:00
SAO_546L-10,São Paulo,3550308,True,,34053,,,-23.689283749999998,-46.63762525,,,,2,2023-06-17T02:44:20+00:00
SAO_546L-10,São Paulo,3550308,True,,34053,,,-23.681904,-46.638852,,,,2,2023-06-17T02:44:24+00:00
SAO_546L-10,São Paulo,3550308,True,,34053,,,-23.689283749999998,-46.63762525,,,,2,2023-06-17T02:44:35+00:00
SAO_546L-10,São Paulo,3550308,True,,34053,,,-23.666968,-46.706160499999996,,,,2,2023-06-17T02:42:53+00:00
SAO_546L-10,São Paulo,3550308,True,,34053,,,-23.6822905,-46.6909335,,,,2,2023-06-17T02:44:06+00:00
SAO_546L-10,São Paulo,3550308,True,,34053,,,-23.676828,-46.65915525,,,,2,2023-06-17T02:43:17+00:00
SAO_546L-10,São Paulo,3550308,True,,34053,,,-23.689285499999997,-46.637011,,,,2,2023-06-17T02:44:18+00:00
SAO_546L-10,São Paulo,3550308,True,,34053,,,-23.689276,-46.6367505,,,,2,2023-06-17T02:44:11+00:00
SAO_546L-10,São Paulo,3550308,True,,34053,,,-23.68928725,-46.63729575,,,,2,2023-06-17T02:44:16+00:00
SAO_546L-10,São Paulo,3550308,True,,34053,,,-23.689283749999998,-46.63762525,,,,2,2023-06-17T02:44:17+00:00
SAO_6403-10,São Paulo,3550308,True,,58,,,-23.643911000000003,-46.733135000000004,,,,1,2023-06-17T02:44:24+00:00
SAO_6403-10,São Paulo,3550308,True,,58,,,-23.58018925,-46.678101749999996,,,,1,2023-06-17T02:44:17+00:00
SAO_6403-10,São Paulo,3550308,True,,58,,,-23.64376,-46.732783999999995,,,,1,2023-06-17T02:44:36+00:00
SAO_6403-10,São Paulo,3550308,True,,58,,,-23.547354,-46.63029,,,,1,2023-06-17T02:44:13+00:00
SAO_107T-10,São Paulo,3550308,True,,621,,,-23.577779375,-46.680732000000006,,,,1,2023-06-17T02:44:31+00:00
SAO_107T-10,São Paulo,3550308,True,,621,,,-23.502481,-46.6248825,,,,1,2023-06-17T02:44:28+00:00
SAO_107T-10,São Paulo,3550308,True,,621,,,-23.527670999999998,-46.631524,,,,1,2023-06-17T02:44:22+00:00
SAO_107T-10,São Paulo,3550308,True,,621,,,-23.486913,-46.619099000000006,,,,1,2023-06-17T02:43:38+00:00
SAO_364A-10,São Paulo,3550308,True,,1246,,,-23.563913499999998,-46.502575500000006,,,,1,2023-06-17T02:44:24+00:00
SAO_364A-10,São Paulo,3550308,True,,1246,,,-23.5632085,-46.5012665,,,,1,2023-06-17T02:39:51+00:00
SAO_364A-10,São Paulo,3550308,True,,1246,,,-23.588782000000002,-46.607235875,,,,1,2023-06-17T02:43:58+00:00
SAO_364A-10,São Paulo,3550308,True,,1246,,,-23.601408375000002,-46.50538875,,,,1,2023-06-17T02:44:35+00:00
SAO_364A-10,São Paulo,3550308,True,,1246,,,-23.60255025,-46.50354525,,,,1,2023-06-17T02:43:57+00:00
SAO_364A-10,São Paulo,3550308,True,,1246,,,-23.563899,-46.502674999999996,,,,1,2023-06-17T02:44:39+00:00
SAO_364A-10,São Paulo,3550308,True,,1246,,,-23.5631475,-46.501079000000004,,,,1,2023-06-17T02:43:47+00:00
SAO_364A-10,São Paulo,3550308,True,,1246,,,-23.584656,-46.5839095,,,,1,2023-06-17T02:44:29+00:00
SAO_364A-10,São Paulo,3550308,True,,1246,,,-23.5944175,-46.5052505,,,,1,2023-06-17T02:39:41+00:00
SAO_364A-10,São Paulo,3550308,True,,1246,,,-23.5863125,-46.499008,,,,1,2023-06-17T02:44:31+00:00
SAO_364A-10,São Paulo,3550308,True,,1246,,,-23.59616775,-46.523837,,,,1,2023-06-17T02:44:20+00:00
SAO_364A-10,São Paulo,3550308,True,,1246,,,-23.582998250000003,-46.570857000000004,,,,1,2023-06-17T02:44:29+00:00
SAO_364A-10,São Paulo,3550308,True,,1246,,,-23.59850425,-46.52051,,,,1,2023-06-17T02:44:02+00:00
SAO_3766-10,São Paulo,3550308,True,,33823,,,-23.53674975,-46.4506235,,,,2,2023-06-17T02:44:11+00:00
SAO_3766-10,São Paulo,3550308,True,,33823,,,-23.54856325,-46.43735375,,,,2,2023-06-17T02:44:36+00:00
SAO_3766-10,São Paulo,3550308,True,,33823,,,-23.553069999999998,-46.431172000000004,,,,2,2023-06-17T02:44:40+00:00
SAO_3766-10,São Paulo,3550308,True,,33823,,,-23.553821499999998,-46.428109,,,,2,2023-06-17T02:44:18+00:00
SAO_3766-10,São Paulo,3550308,True,,33823,,,-23.541306749999997,-46.4573405,,,,2,2023-06-17T02:44:37+00:00
SAO_971V-10,São Paulo,3550308,True,,33387,,,-23.451152999999998,-46.690967,,,,2,2023-06-17T02:44:39+00:00
SAO_971V-10,São Paulo,3550308,True,,33387,,,-23.4530035,-46.675341,,,,2,2023-06-17T02:44:31+00:00
SAO_971V-10,São Paulo,3550308,True,,33387,,,-23.4513575,-46.691139,,,,2,2023-06-17T02:44:12+00:00
SAO_971V-10,São Paulo,3550308,True,,33387,,,-23.466349,-46.679257,,,,2,2023-06-17T02:44:22+00:00
SAO_971V-10,São Paulo,3550308,True,,33387,,,-23.514200000000002,-46.616057,,,,2,2023-06-17T02:44:11+00:00
SAO_971V-10,São Paulo,3550308,True,,33387,,,-23.496266000000002,-46.6591055,,,,2,2023-06-17T02:44:19+00:00
SAO_971V-10,São Paulo,3550308,True,,33387,,,-23.4933195,-46.661932500000006,,,,2,2023-06-17T02:44:32+00:00
SAO_971V-10,São Paulo,3550308,True,,33387,,,-23.4513575,-46.691139,,,,2,2023-06-17T02:44:33+00:00
SAO_971V-10,São Paulo,3550308,True,,33387,,,-23.500206750000004,-46.63212225,,,,2,2023-06-17T02:43:54+00:00
SAO_6801-10,São Paulo,3550308,True,,32773,,,-23.645229999999998,-46.7302935,,,,2,2023-06-17T02:44:30+00:00
SAO_6801-10,São Paulo,3550308,True,,32773,,,-23.660584,-46.7336095,,,,2,2023-06-17T02:44:27+00:00
SAO_6801-10,São Paulo,3550308,True,,32773,,,-23.6607655,-46.7335995,,,,2,2023-06-17T02:44:11+00:00
SAO_175T-10,São Paulo,3550308,True,,623,,,-23.652393500000002,-46.6374895,,,,1,2023-06-17T02:44:33+00:00
SAO_175T-10,São Paulo,3550308,True,,623,,,-23.653267,-46.637658,,,,1,2023-06-17T02:43:59+00:00
SAO_175T-10,São Paulo,3550308,True,,623,,,-23.653136,-46.6373365,,,,1,2023-06-17T02:44:35+00:00
SAO_175T-10,São Paulo,3550308,True,,623,,,-23.6537985,-46.637972500000004,,,,1,2023-06-17T02:44:35+00:00
SAO_175T-10,São Paulo,3550308,True,,623,,,-23.57718,-46.644397999999995,,,,1,2023-06-17T02:44:20+00:00
SAO_175T-10,São Paulo,3550308,True,,623,,,-23.6352275,-46.6415195,,,,1,2023-06-17T02:43:57+00:00
SAO_175T-10,São Paulo,3550308,True,,623,,,-23.631756,-46.6692845,,,,1,2023-06-17T02:44:14+00:00
SAO_175T-10,São Paulo,3550308,True,,623,,,-23.64662525,-46.64058625,,,,1,2023-06-17T02:39:18+00:00
SAO_175T-10,São Paulo,3550308,True,,623,,,-23.523408250000003,-46.63083175,,,,1,2023-06-17T02:44:34+00:00
SAO_175T-10,São Paulo,3550308,True,,623,,,-23.60118775,-46.6514405,,,,1,2023-06-17T02:44:24+00:00
SAO_175T-10,São Paulo,3550308,True,,623,,,-23.653136,-46.6373365,,,,1,2023-06-17T02:44:21+00:00
SAO_175T-10,São Paulo,3550308,True,,623,,,-23.6390905,-46.6413445,,,,1,2023-06-17T02:43:56+00:00
SAO_4014-10,São Paulo,3550308,True,,2187,,,-23.598768,-46.47044275,,,,1,2023-06-17T02:43:55+00:00
SAO_9500-10,São Paulo,3550308,True,EMTU,461,https://moovitapp.com/index/pt-br/transporte_p%C3%BAblico-line-461-Sao_Paulo-242-2038937-36419501-0,5.1,-23.5021335,-46.6730565,,,,1,2023-06-17T02:44:00+00:00
SAO_9500-10,São Paulo,3550308,True,EMTU,461,https://moovitapp.com/index/pt-br/transporte_p%C3%BAblico-line-461-Sao_Paulo-242-2038937-36419501-0,5.1,-23.543011,-46.637326,,,,1,2023-06-17T02:44:37+00:00
SAO_9500-10,São Paulo,3550308,True,EMTU,461,https://moovitapp.com/index/pt-br/transporte_p%C3%BAblico-line-461-Sao_Paulo-242-2038937-36419501-0,5.1,-23.474427,-46.669637,,,,1,2023-06-17T02:44:00+00:00
SAO_9500-10,São Paulo,3550308,True,EMTU,461,https://moovitapp.com/index/pt-br/transporte_p%C3%BAblico-line-461-Sao_Paulo-242-2038937-36419501-0,5.1,-23.508198125,-46.666417,,,,1,2023-06-17T02:44:37+00:00
SAO_9500-10,São Paulo,3550308,True,EMTU,461,https://moovitapp.com/index/pt-br/transporte_p%C3%BAblico-line-461-Sao_Paulo-242-2038937-36419501-0,5.1,-23.5091985,-46.666185,,,,1,2023-06-17T02:44:13+00:00
SAO_9500-10,São Paulo,3550308,True,EMTU,461,https://moovitapp.com/index/pt-br/transporte_p%C3%BAblico-line-461-Sao_Paulo-242-2038937-36419501-0,5.1,-23.474427,-46.669637,,,,1,2023-06-17T02:44:11+00:00
SAO_6044-10,São Paulo,3550308,True,,33989,,,-23.6501515,-46.70813,,,,2,2023-06-17T02:44:08+00:00
SAO_6044-10,São Paulo,3550308,True,,33989,,,-23.674977249999998,-46.7960385,,,,2,2023-06-17T02:41:52+00:00
SAO_6044-10,São Paulo,3550308,True,,33989,,,-23.676567,-46.798396,,,,2,2023-06-17T02:44:15+00:00
SAO_6044-10,São Paulo,3550308,True,,33989,,,-23.64268,-46.723417999999995,,,,2,2023-06-17T02:43:56+00:00
SAO_6044-10,São Paulo,3550308,True,,33989,,,-23.644542,-46.7453625,,,,2,2023-06-17T02:44:04+00:00
SAO_6044-10,São Paulo,3550308,True,,33989,,,-23.659830499999998,-46.76968,,,,2,2023-06-17T02:44:04+00:00
SAO_917M-10,São Paulo,3550308,True,,34134,,,-23.4776155,-46.7038705,,,,2,2023-06-17T02:44:17+00:00
SAO_917M-10,São Paulo,3550308,True,,34134,,,-23.471427499999997,-46.7060325,,,,2,2023-06-17T02:43:56+00:00
SAO_917M-10,São Paulo,3550308,True,,34134,,,-23.475274499999998,-46.704415499999996,,,,2,2023-06-17T02:44:02+00:00
SAO_917M-10,São Paulo,3550308,True,,34134,,,-23.5683118125,-46.6480403125,,,,2,2023-06-17T02:44:07+00:00
SAO_917M-10,São Paulo,3550308,True,,34134,,,-23.55631475,-46.66207025,,,,2,2023-06-17T02:44:07+00:00
SAO_917M-10,São Paulo,3550308,True,,34134,,,-23.511441,-46.673069375,,,,2,2023-06-17T02:44:10+00:00
SAO_917M-10,São Paulo,3550308,True,,34134,,,-23.501903249999998,-46.686383500000005,,,,2,2023-06-17T02:44:35+00:00
SAO_917M-10,São Paulo,3550308,True,,34134,,,-23.522828750000002,-46.65947175,,,,2,2023-06-17T02:44:05+00:00
SAO_514T-10,São Paulo,3550308,True,,34439,,,-23.58416125,-46.541159,,,,2,2023-06-17T02:44:30+00:00
SAO_514T-10,São Paulo,3550308,True,,34439,,,-23.6027975,-46.602855500000004,,,,2,2023-06-17T02:44:03+00:00
SAO_514T-10,São Paulo,3550308,True,,34439,,,-23.59470075,-46.61006875,,,,2,2023-06-17T02:44:02+00:00
SAO_514T-10,São Paulo,3550308,True,,34439,,,-23.5841025,-46.585505,,,,2,2023-06-17T02:44:11+00:00
SAO_514T-10,São Paulo,3550308,True,,34439,,,-23.581922,-46.588783,,,,2,2023-06-17T02:44:32+00:00
SAO_514T-10,São Paulo,3550308,True,,34439,,,-23.596329,-46.5066015,,,,2,2023-06-17T02:44:01+00:00
SAO_514T-10,São Paulo,3550308,True,,34439,,,-23.586602,-46.5350295,,,,2,2023-06-17T02:44:11+00:00
SAO_514T-10,São Paulo,3550308,True,,34439,,,-23.592020125,-46.529265499999994,,,,2,2023-06-17T02:44:18+00:00
SAO_514T-10,São Paulo,3550308,True,,34439,,,-23.593684500000002,-46.4983335,,,,2,2023-06-17T02:44:11+00:00
SAO_514T-10,São Paulo,3550308,True,,34439,,,-23.59789,-46.513472,,,,2,2023-06-17T02:42:43+00:00
SAO_514T-10,São Paulo,3550308,True,,34439,,,-23.5950055,-46.503344999999996,,,,2,2023-06-17T02:44:17+00:00
SAO_8047-10,São Paulo,3550308,True,,33176,,,-23.4791805,-46.754071499999995,,,,2,2023-06-17T02:44:35+00:00
SAO_8047-10,São Paulo,3550308,True,,33176,,,-23.517471999999998,-46.7051865,,,,2,2023-06-17T02:44:09+00:00
SAO_8047-10,São Paulo,3550308,True,,33176,,,-23.434525,-46.754654,,,,2,2023-06-17T02:44:16+00:00
SAO_8047-10,São Paulo,3550308,True,,33176,,,-23.445770375000002,-46.747998749999994,,,,2,2023-06-17T02:44:25+00:00
SAO_8047-10,São Paulo,3550308,True,,33176,,,-23.4361265,-46.7533595,,,,2,2023-06-17T02:44:34+00:00
SAO_8047-10,São Paulo,3550308,True,,33176,,,-23.434004,-46.754952,,,,2,2023-06-17T02:44:17+00:00
SAO_8047-10,São Paulo,3550308,True,,33176,,,-23.5112205,-46.7274315,,,,2,2023-06-17T02:44:19+00:00
SAO_6013-10,São Paulo,3550308,True,,186,,,-23.699185,-46.7630965,,,,1,2023-06-17T02:44:36+00:00
SAO_6013-10,São Paulo,3550308,True,,186,,,-23.683546999999997,-46.7694185,,,,1,2023-06-17T02:42:54+00:00
SAO_6013-10,São Paulo,3550308,True,,186,,,-23.654507000000002,-46.712768499999996,,,,1,2023-06-17T02:44:30+00:00
SAO_6013-10,São Paulo,3550308,True,,186,,,-23.697436,-46.7756525,,,,1,2023-06-17T02:44:25+00:00
SAO_6013-10,São Paulo,3550308,True,,186,,,-23.654091,-46.711929999999995,,,,1,2023-06-17T02:44:10+00:00
SAO_4018-10,São Paulo,3550308,True,,34959,,,-23.601313750000003,-46.399062,,,,2,2023-06-17T02:44:02+00:00
SAO_4018-10,São Paulo,3550308,True,,34959,,,-23.600441500000002,-46.399831500000005,,,,2,2023-06-17T02:44:28+00:00
SAO_4018-10,São Paulo,3550308,True,,34959,,,-23.6002855,-46.469928499999995,,,,2,2023-06-17T02:44:36+00:00
SAO_4018-10,São Paulo,3550308,True,,34959,,,-23.5831305,-46.4073615,,,,2,2023-06-17T02:44:27+00:00
SAO_4018-10,São Paulo,3550308,True,,34959,,,-23.594003,-46.42143900000001,,,,2,2023-06-17T02:44:32+00:00
SAO_4018-10,São Paulo,3550308,True,,34959,,,-23.613653,-46.4766475,,,,2,2023-06-17T02:44:00+00:00
SAO_4018-10,São Paulo,3550308,True,,34959,,,-23.6008165,-46.399510500000005,,,,2,2023-06-17T02:44:10+00:00
SAO_4018-10,São Paulo,3550308,True,,34959,,,-23.583129,-46.4092945,,,,2,2023-06-17T02:44:12+00:00
SAO_4018-10,São Paulo,3550308,True,,34959,,,-23.59480025,-46.4417815,,,,2,2023-06-17T02:44:08+00:00
SAO_4018-10,São Paulo,3550308,True,,34959,,,-23.592865250000003,-46.40673075000001,,,,2,2023-06-17T02:42:47+00:00
SAO_4018-10,São Paulo,3550308,True,,34959,,,-23.600441500000002,-46.399831500000005,,,,2,2023-06-17T02:44:29+00:00
SAO_7903-10,São Paulo,3550308,True,,512,,,-23.55833775,-46.667919999999995,,,,1,2023-06-17T02:44:36+00:00
SAO_7903-10,São Paulo,3550308,True,,512,,,-23.585138999999998,-46.739051,,,,1,2023-06-17T02:44:40+00:00
SAO_5391-10,São Paulo,3550308,True,,32939,,,-23.551664000000002,-46.6372965,,,,2,2023-06-17T02:44:21+00:00
SAO_5391-10,São Paulo,3550308,True,,32939,,,-23.692718499999998,-46.778041,,,,2,2023-06-17T02:43:57+00:00
SAO_5391-10,São Paulo,3550308,True,,32939,,,-23.66858,-46.733577,,,,2,2023-06-17T02:43:53+00:00
SAO_5391-10,São Paulo,3550308,True,,32939,,,-23.6922445,-46.7772405,,,,2,2023-06-17T02:44:20+00:00
SAO_5391-10,São Paulo,3550308,True,,32939,,,-23.612731000000004,-46.67087775,,,,2,2023-06-17T02:44:28+00:00
SAO_5391-10,São Paulo,3550308,True,,32939,,,-23.692718499999998,-46.778041,,,,2,2023-06-17T02:44:10+00:00
SAO_5391-10,São Paulo,3550308,True,,32939,,,-23.692511000000003,-46.7778525,,,,2,2023-06-17T02:44:00+00:00
SAO_5391-10,São Paulo,3550308,True,,32939,,,-23.692826,-46.7782155,,,,2,2023-06-17T02:44:07+00:00
SAO_5391-10,São Paulo,3550308,True,,32939,,,-23.653125,-46.70848074999999,,,,2,2023-06-17T02:44:32+00:00
SAO_5391-10,São Paulo,3550308,True,,32939,,,-23.688399500000003,-46.77262075,,,,2,2023-06-17T02:44:25+00:00
SAO_5391-10,São Paulo,3550308,True,,32939,,,-23.56327175,-46.640411625,,,,2,2023-06-17T02:43:54+00:00
SAO_637A-10,São Paulo,3550308,True,,32953,,,-23.67422475,-46.7471625,,,,2,2023-06-17T02:44:24+00:00
SAO_637A-10,São Paulo,3550308,True,,32953,,,-23.681475999999996,-46.766561249999995,,,,2,2023-06-17T02:44:32+00:00
SAO_637A-10,São Paulo,3550308,True,,32953,,,-23.6903555,-46.7743995,,,,2,2023-06-17T02:44:30+00:00
SAO_637A-10,São Paulo,3550308,True,,32953,,,-23.593198,-46.694798000000006,,,,2,2023-06-17T02:44:10+00:00
SAO_637A-10,São Paulo,3550308,True,,32953,,,-23.567396,-46.693931,,,,2,2023-06-17T02:44:05+00:00
SAO_637A-10,São Paulo,3550308,True,,32953,,,-23.6901525,-46.774198999999996,,,,2,2023-06-17T02:44:05+00:00
SAO_637A-10,São Paulo,3550308,True,,32953,,,-23.567396,-46.693931,,,,2,2023-06-17T02:44:31+00:00
SAO_637A-10,São Paulo,3550308,True,,32953,,,-23.623030749999998,-46.707820999999996,,,,2,2023-06-17T02:44:26+00:00
SAO_637A-10,São Paulo,3550308,True,,32953,,,-23.61351575,-46.70096875,,,,2,2023-06-17T02:43:42+00:00
SAO_637A-10,São Paulo,3550308,True,,32953,,,-23.623030749999998,-46.707820999999996,,,,2,2023-06-17T02:44:31+00:00
SAO_637A-10,São Paulo,3550308,True,,32953,,,-23.677198500000003,-46.760401,,,,2,2023-06-17T02:43:15+00:00
SAO_637A-10,São Paulo,3550308,True,,32953,,,-23.667057,-46.7274595,,,,2,2023-06-17T02:44:21+00:00
SAO_637A-10,São Paulo,3550308,True,,32953,,,-23.6903555,-46.7743995,,,,2,2023-06-17T02:44:31+00:00
SAO_637A-10,São Paulo,3550308,True,,32953,,,-23.689751,-46.773829500000005,,,,2,2023-06-17T02:44:28+00:00
SAO_637A-10,São Paulo,3550308,True,,32953,,,-23.6901525,-46.774198999999996,,,,2,2023-06-17T02:44:33+00:00
SAO_637A-10,São Paulo,3550308,True,,32953,,,-23.689302875,-46.773427749999996,,,,2,2023-06-17T02:43:57+00:00
SAO_637A-10,São Paulo,3550308,True,,32953,,,-23.653365,-46.7249915,,,,2,2023-06-17T02:44:25+00:00
SAO_637A-10,São Paulo,3550308,True,,32953,,,-23.6901525,-46.774198999999996,,,,2,2023-06-17T02:44:37+00:00
SAO_637A-10,São Paulo,3550308,True,,32953,,,-23.676915,-46.7582495,,,,2,2023-06-17T02:40:09+00:00
SAO_637A-10,São Paulo,3550308,True,,32953,,,-23.5865255,-46.690005,,,,2,2023-06-17T02:44:13+00:00
SAO_637A-10,São Paulo,3550308,True,,32953,,,-23.689074125,-46.77322225,,,,2,2023-06-17T02:44:17+00:00
SAO_637A-10,São Paulo,3550308,True,,32953,,,-23.671832000000002,-46.741647,,,,2,2023-06-17T02:44:22+00:00
SAO_637A-10,São Paulo,3550308,True,,32953,,,-23.5677465,-46.699666,,,,2,2023-06-17T02:44:26+00:00
SAO_637A-10,São Paulo,3550308,True,,32953,,,-23.6903555,-46.7743995,,,,2,2023-06-17T02:44:23+00:00
SAO_6L01-10,São Paulo,3550308,True,,33939,,,-23.906817,-46.70917,,,,2,2023-06-17T02:08:00+00:00
SAO_6L01-10,São Paulo,3550308,True,,33939,,,-23.90679,-46.708217000000005,,,,2,2023-06-17T02:44:08+00:00
SAO_6L01-10,São Paulo,3550308,True,,33939,,,-23.906712249999998,-46.708453250000005,,,,2,2023-06-17T02:34:25+00:00
SAO_6L01-10,São Paulo,3550308,True,,33939,,,-23.869983,-46.7397505,,,,2,2023-06-17T02:44:21+00:00
SAO_6L01-10,São Paulo,3550308,True,,33939,,,-23.771853,-46.719546,,,,2,2023-06-17T02:43:57+00:00
SAO_6L01-10,São Paulo,3550308,True,,33939,,,-23.90679,-46.708217000000005,,,,2,2023-06-17T02:44:15+00:00
SAO_6L01-10,São Paulo,3550308,True,,33939,,,-23.90679,-46.708217000000005,,,,2,2023-06-17T02:44:32+00:00
SAO_6L01-10,São Paulo,3550308,True,,33939,,,-23.769367000000003,-46.71789149999999,,,,2,2023-06-17T02:44:37+00:00
SAO_6L01-10,São Paulo,3550308,True,,33939,,,-23.8311025,-46.7310835,,,,2,2023-06-17T02:44:09+00:00
SAO_6L01-10,São Paulo,3550308,True,,33939,,,-23.90679,-46.708217000000005,,,,2,2023-06-17T02:44:09+00:00
SAO_6L01-10,São Paulo,3550308,True,,33939,,,-23.808731,-46.736993749999996,,,,2,2023-06-17T02:44:14+00:00
SAO_809P-10,São Paulo,3550308,True,,1891,,,-23.565214249999997,-46.7010625,,,,1,2023-06-17T02:44:06+00:00
SAO_809P-10,São Paulo,3550308,True,,1891,,,-23.59685225,-46.739891875,,,,1,2023-06-17T02:44:35+00:00
SAO_809P-10,São Paulo,3550308,True,,1891,,,-23.6135155,-46.755335,,,,1,2023-06-17T02:44:18+00:00
SAO_809P-10,São Paulo,3550308,True,,1891,,,-23.631428,-46.771938000000006,,,,1,2023-06-17T02:44:38+00:00
SAO_809P-10,São Paulo,3550308,True,,1891,,,-23.584879,-46.718874,,,,1,2023-06-17T02:44:02+00:00
SAO_809P-10,São Paulo,3550308,True,,1891,,,-23.631026499999997,-46.773642,,,,1,2023-06-17T02:44:06+00:00
SAO_9002-10,São Paulo,3550308,True,,33638,,,-23.461714,-46.666036500000004,,,,2,2023-06-17T02:44:06+00:00
SAO_9002-10,São Paulo,3550308,True,,33638,,,-23.4580475,-46.6711965,,,,2,2023-06-17T02:44:14+00:00
SAO_9002-10,São Paulo,3550308,True,,33638,,,-23.4580655,-46.671398499999995,,,,2,2023-06-17T02:44:11+00:00
SAO_9002-10,São Paulo,3550308,True,,33638,,,-23.4580655,-46.671398499999995,,,,2,2023-06-17T02:44:10+00:00
SAO_9002-10,São Paulo,3550308,True,,33638,,,-23.4580475,-46.6711965,,,,2,2023-06-17T02:44:38+00:00
SAO_9002-10,São Paulo,3550308,True,,33638,,,-23.458042,-46.671117499999994,,,,2,2023-06-17T02:44:08+00:00
SAO_9002-10,São Paulo,3550308,True,,33638,,,-23.475424500000003,-46.670272499999996,,,,2,2023-06-17T02:44:08+00:00
SAO_374M-10,São Paulo,3550308,True,,34733,,,-23.50224,-46.49399625,,,,2,2023-06-17T02:44:25+00:00
SAO_374M-10,São Paulo,3550308,True,,34733,,,-23.48555,-46.48161125,,,,2,2023-06-17T02:44:08+00:00
SAO_374M-10,São Paulo,3550308,True,,34733,,,-23.48555,-46.48161125,,,,2,2023-06-17T02:44:26+00:00
SAO_374M-10,São Paulo,3550308,True,,34733,,,-23.542883,-46.471509999999995,,,,2,2023-06-17T02:44:13+00:00
SAO_6076-41,São Paulo,3550308,True,,1986,,,-23.718534,-46.697025,,,,1,2023-06-17T02:44:29+00:00
SAO_3054-10,São Paulo,3550308,True,,33743,,,-23.5958945,-46.487543125,,,,2,2023-06-17T02:44:40+00:00
SAO_3054-10,São Paulo,3550308,True,,33743,,,-23.6112465,-46.493599,,,,2,2023-06-17T02:44:24+00:00
SAO_3054-10,São Paulo,3550308,True,,33743,,,-23.6112465,-46.493599,,,,2,2023-06-17T02:44:37+00:00
SAO_3054-10,São Paulo,3550308,True,,33743,,,-23.5951695,-46.4258565,,,,2,2023-06-17T02:44:07+00:00
SAO_3054-10,São Paulo,3550308,True,,33743,,,-23.602428500000002,-46.413184,,,,2,2023-06-17T02:43:56+00:00
SAO_3054-10,São Paulo,3550308,True,,33743,,,-23.600548,-46.470074,,,,2,2023-06-17T02:44:24+00:00
SAO_1012-10,São Paulo,3550308,True,,2486,,,-23.4437265,-46.8042625,,,,1,2023-06-17T02:44:25+00:00
SAO_1012-10,São Paulo,3550308,True,,2486,,,-23.438074999999998,-46.801916,,,,1,2023-06-17T02:44:19+00:00
SAO_1012-10,São Paulo,3550308,True,,2486,,,-23.432324,-46.792401999999996,,,,1,2023-06-17T02:44:20+00:00
SAO_3029-10,São Paulo,3550308,True,,33734,,,-23.541,-46.576643000000004,,,,2,2023-06-17T02:44:12+00:00
SAO_3029-10,São Paulo,3550308,True,,33734,,,-23.573363999999998,-46.5330365,,,,2,2023-06-17T02:44:26+00:00
SAO_3029-10,São Paulo,3550308,True,,33734,,,-23.5859875,-46.5085045,,,,2,2023-06-17T02:44:27+00:00
SAO_3029-10,São Paulo,3550308,True,,33734,,,-23.585338999999998,-46.507191,,,,2,2023-06-17T02:44:25+00:00
SAO_3029-10,São Paulo,3550308,True,,33734,,,-23.585386,-46.5076605,,,,2,2023-06-17T02:44:23+00:00
SAO_3029-10,São Paulo,3550308,True,,33734,,,-23.587815,-46.510175000000004,,,,2,2023-06-17T02:43:41+00:00
SAO_3029-10,São Paulo,3550308,True,,33734,,,-23.58542,-46.508035500000005,,,,2,2023-06-17T02:44:20+00:00
SAO_3029-10,São Paulo,3550308,True,,33734,,,-23.556678875000003,-46.542362125000004,,,,2,2023-06-17T02:44:35+00:00
SAO_3029-10,São Paulo,3550308,True,,33734,,,-23.541,-46.576643000000004,,,,2,2023-06-17T02:44:20+00:00
SAO_3029-10,São Paulo,3550308,True,,33734,,,-23.5371325,-46.558893999999995,,,,2,2023-06-17T02:41:57+00:00
SAO_475M-10,São Paulo,3550308,True,EMTU,343,https://moovitapp.com/index/pt-br/transporte_p%C3%BAblico-line-343-Sao_Paulo-242-2038937-36419427-0,5.15,-23.5855405,-46.6353845,,,,1,2023-06-17T02:44:16+00:00
SAO_475M-10,São Paulo,3550308,True,EMTU,343,https://moovitapp.com/index/pt-br/transporte_p%C3%BAblico-line-343-Sao_Paulo-242-2038937-36419427-0,5.15,-23.543599999999998,-46.6515695,,,,1,2023-06-17T02:43:56+00:00
SAO_6000-10,São Paulo,3550308,True,,1140,,,-23.6636725,-46.7077935,,,,1,2023-06-17T02:44:30+00:00
SAO_6000-10,São Paulo,3550308,True,,1140,,,-23.780343000000002,-46.7248545,,,,1,2023-06-17T02:44:16+00:00
SAO_6000-10,São Paulo,3550308,True,,1140,,,-23.791151499999998,-46.727039500000004,,,,1,2023-06-17T02:38:45+00:00
SAO_6000-10,São Paulo,3550308,True,,1140,,,-23.8284425,-46.72717900000001,,,,1,2023-06-17T02:42:34+00:00
SAO_6000-10,São Paulo,3550308,True,,1140,,,-23.791151499999998,-46.727039500000004,,,,1,2023-06-17T02:44:36+00:00
SAO_6000-10,São Paulo,3550308,True,,1140,,,-23.828384,-46.727321,,,,1,2023-06-17T02:41:50+00:00
SAO_6000-10,São Paulo,3550308,True,,1140,,,-23.753166,-46.711084,,,,1,2023-06-17T02:44:34+00:00
SAO_6000-10,São Paulo,3550308,True,,1140,,,-23.6538355,-46.7110955,,,,1,2023-06-17T02:44:25+00:00
SAO_6000-10,São Paulo,3550308,True,,1140,,,-23.81769525,-46.734309624999995,,,,1,2023-06-17T02:44:22+00:00
SAO_6000-10,São Paulo,3550308,True,,1140,,,-23.747792,-46.708254499999995,,,,1,2023-06-17T02:42:19+00:00
SAO_6000-10,São Paulo,3550308,True,,1140,,,-23.8249795,-46.7339915,,,,1,2023-06-17T02:44:36+00:00
SAO_6000-10,São Paulo,3550308,True,,1140,,,-23.8284425,-46.72717900000001,,,,1,2023-06-17T02:43:57+00:00
SAO_6000-10,São Paulo,3550308,True,,1140,,,-23.8284425,-46.72717900000001,,,,1,2023-06-17T02:44:12+00:00
SAO_6000-10,São Paulo,3550308,True,,1140,,,-23.8093345,-46.7371645,,,,1,2023-06-17T02:44:21+00:00
SAO_6000-10,São Paulo,3550308,True,,1140,,,-23.68891775,-46.714563,,,,1,2023-06-17T02:44:22+00:00
SAO_6000-10,São Paulo,3550308,True,,1140,,,-23.7175635,-46.699088,,,,1,2023-06-17T02:44:39+00:00
SAO_6000-10,São Paulo,3550308,True,,1140,,,-23.8284425,-46.72717900000001,,,,1,2023-06-17T02:44:05+00:00
SAO_707K-10,São Paulo,3550308,True,,2503,,,-23.641102,-46.654177000000004,,,,1,2023-06-17T02:44:05+00:00
SAO_707K-10,São Paulo,3550308,True,,2503,,,-23.667625,-46.7351955,,,,1,2023-06-17T02:44:31+00:00
SAO_707K-10,São Paulo,3550308,True,,2503,,,-23.667625,-46.7351955,,,,1,2023-06-17T02:44:37+00:00
SAO_707K-10,São Paulo,3550308,True,,2503,,,-23.667625,-46.7351955,,,,1,2023-06-17T02:44:30+00:00
SAO_707K-10,São Paulo,3550308,True,,2503,,,-23.648919125,-46.676356999999996,,,,1,2023-06-17T02:44:33+00:00
SAO_2721-10,São Paulo,3550308,True,,33702,,,-23.511620999999998,-46.4028325,,,,2,2023-06-17T02:44:10+00:00
SAO_2721-10,São Paulo,3550308,True,,33702,,,-23.509338999999997,-46.44338025,,,,2,2023-06-17T02:44:20+00:00
SAO_2721-10,São Paulo,3550308,True,,33702,,,-23.52613225,-46.445848,,,,2,2023-06-17T02:42:43+00:00
SAO_2721-10,São Paulo,3550308,True,,33702,,,-23.5193225,-46.409525,,,,2,2023-06-17T02:43:53+00:00
SAO_2721-10,São Paulo,3550308,True,,33702,,,-23.494168,-46.421308875,,,,2,2023-06-17T02:43:59+00:00
SAO_2721-10,São Paulo,3550308,True,,33702,,,-23.51892875,-46.4096125,,,,2,2023-06-17T02:42:30+00:00
SAO_2721-10,São Paulo,3550308,True,,33702,,,-23.506908000000003,-46.410946249999995,,,,2,2023-06-17T02:44:02+00:00
SAO_2721-10,São Paulo,3550308,True,,33702,,,-23.495147000000003,-46.4347765,,,,2,2023-06-17T02:43:56+00:00
SAO_707A-10,São Paulo,3550308,True,,34758,,,-23.692353500000003,-46.7775755,,,,2,2023-06-17T02:44:35+00:00
SAO_707A-10,São Paulo,3550308,True,,34758,,,-23.692809,-46.778341,,,,2,2023-06-17T02:43:59+00:00
SAO_707A-10,São Paulo,3550308,True,,34758,,,-23.65336,-46.708408750000004,,,,2,2023-06-17T02:44:23+00:00
SAO_707A-10,São Paulo,3550308,True,,34758,,,-23.692809,-46.778341,,,,2,2023-06-17T02:44:15+00:00
SAO_707A-10,São Paulo,3550308,True,,34758,,,-23.692809,-46.778341,,,,2,2023-06-17T02:44:36+00:00
SAO_707A-10,São Paulo,3550308,True,,34758,,,-23.610217499999997,-46.63555624999999,,,,2,2023-06-17T02:44:25+00:00
SAO_707A-10,São Paulo,3550308,True,,34758,,,-23.692511000000003,-46.7778525,,,,2,2023-06-17T02:44:13+00:00
SAO_707A-10,São Paulo,3550308,True,,34758,,,-23.6100225,-46.663678875,,,,2,2023-06-17T02:44:02+00:00
SAO_707A-10,São Paulo,3550308,True,,34758,,,-23.6755615,-46.75482325,,,,2,2023-06-17T02:44:08+00:00
SAO_707A-10,São Paulo,3550308,True,,34758,,,-23.6812345,-46.7662805,,,,2,2023-06-17T02:44:13+00:00
SAO_707A-10,São Paulo,3550308,True,,34758,,,-23.6772025,-46.760068000000004,,,,2,2023-06-17T02:44:36+00:00
SAO_707A-10,São Paulo,3550308,True,,34758,,,-23.684060000000002,-46.770033,,,,2,2023-06-17T02:44:27+00:00
SAO_707A-10,São Paulo,3550308,True,,34758,,,-23.692809,-46.778341,,,,2,2023-06-17T02:44:25+00:00
SAO_707A-10,São Paulo,3550308,True,,34758,,,-23.692511000000003,-46.7778525,,,,2,2023-06-17T02:44:11+00:00
SAO_707A-10,São Paulo,3550308,True,,34758,,,-23.692594,-46.777992,,,,2,2023-06-17T02:44:29+00:00
SAO_707A-10,São Paulo,3550308,True,,34758,,,-23.609862625,-46.664092874999994,,,,2,2023-06-17T02:44:23+00:00
SAO_707A-10,São Paulo,3550308,True,,34758,,,-23.665825499999997,-46.713950249999996,,,,2,2023-06-17T02:44:23+00:00
SAO_3301-10,São Paulo,3550308,True,,34386,,,-23.491525000000003,-46.434801500000006,,,,2,2023-06-17T02:44:32+00:00
SAO_3301-10,São Paulo,3550308,True,,34386,,,-23.53931525,-46.6086885,,,,2,2023-06-17T02:44:40+00:00
SAO_3301-10,São Paulo,3550308,True,,34386,,,-23.504361,-46.473071,,,,2,2023-06-17T02:44:01+00:00
SAO_8013-10,São Paulo,3550308,True,,33568,,,-23.45199225,-46.786752750000005,,,,2,2023-06-17T02:44:31+00:00
SAO_8013-10,São Paulo,3550308,True,,33568,,,-23.502042000000003,-46.753988500000006,,,,2,2023-06-17T02:44:32+00:00
SAO_8013-10,São Paulo,3550308,True,,33568,,,-23.519316000000003,-46.70403,,,,2,2023-06-17T02:43:54+00:00
SAO_8013-10,São Paulo,3550308,True,,33568,,,-23.507012500000002,-46.7487055,,,,2,2023-06-17T02:44:04+00:00
SAO_574A-10,São Paulo,3550308,True,,33370,,,-23.66092975,-46.637235000000004,,,,2,2023-06-17T02:44:00+00:00
SAO_574A-10,São Paulo,3550308,True,,33370,,,-23.6352275,-46.6415195,,,,2,2023-06-17T02:44:03+00:00
SAO_574A-10,São Paulo,3550308,True,,33370,,,-23.668036,-46.642516,,,,2,2023-06-17T02:44:21+00:00
SAO_574A-10,São Paulo,3550308,True,,33370,,,-23.5663785,-46.614016500000005,,,,2,2023-06-17T02:44:31+00:00
SAO_574A-10,São Paulo,3550308,True,,33370,,,-23.6185205,-46.639292499999996,,,,2,2023-06-17T02:44:35+00:00
SAO_574A-10,São Paulo,3550308,True,,33370,,,-23.66770375,-46.6422585,,,,2,2023-06-17T02:44:32+00:00
SAO_574A-10,São Paulo,3550308,True,,33370,,,-23.5870915,-46.62871475,,,,2,2023-06-17T02:44:08+00:00
SAO_9019-10,São Paulo,3550308,True,,34201,,,-23.4776485,-46.714215,,,,2,2023-06-17T02:44:10+00:00
SAO_9019-10,São Paulo,3550308,True,,34201,,,-23.4868945,-46.7270755,,,,2,2023-06-17T02:44:02+00:00
SAO_9019-10,São Paulo,3550308,True,,34201,,,-23.462889,-46.714138500000004,,,,2,2023-06-17T02:44:35+00:00
SAO_9019-10,São Paulo,3550308,True,,34201,,,-23.45509475,-46.7101755,,,,2,2023-06-17T02:43:54+00:00
SAO_172P-10,São Paulo,3550308,True,,33626,,,-23.43757025,-46.56626125,,,,2,2023-06-17T02:44:11+00:00
SAO_172P-10,São Paulo,3550308,True,,33626,,,-23.488283000000003,-46.59391325,,,,2,2023-06-17T02:43:55+00:00
SAO_172P-10,São Paulo,3550308,True,,33626,,,-23.438771,-46.580826,,,,2,2023-06-17T02:44:32+00:00
SAO_172P-10,São Paulo,3550308,True,,33626,,,-23.538557875000002,-46.598858750000005,,,,2,2023-06-17T02:41:21+00:00
SAO_172P-10,São Paulo,3550308,True,,33626,,,-23.445656999999997,-46.589778499999994,,,,2,2023-06-17T02:44:21+00:00
SAO_172P-10,São Paulo,3550308,True,,33626,,,-23.5126695,-46.5851415,,,,2,2023-06-17T02:44:13+00:00
SAO_172P-10,São Paulo,3550308,True,,33626,,,-23.438042000000003,-46.5662555,,,,2,2023-06-17T02:43:25+00:00
SAO_172P-10,São Paulo,3550308,True,,33626,,,-23.48419925,-46.591285875,,,,2,2023-06-17T02:43:58+00:00
SAO_172P-10,São Paulo,3550308,True,,33626,,,-23.441767,-46.589588000000006,,,,2,2023-06-17T02:39:28+00:00
SAO_311C-10,São Paulo,3550308,True,,33077,,,-23.594777,-46.5478045,,,,2,2023-06-17T02:44:14+00:00
SAO_311C-10,São Paulo,3550308,True,,33077,,,-23.595620875,-46.570858375,,,,2,2023-06-17T02:44:06+00:00
SAO_311C-10,São Paulo,3550308,True,,33077,,,-23.594777,-46.5478045,,,,2,2023-06-17T02:44:17+00:00
SAO_311C-10,São Paulo,3550308,True,,33077,,,-23.593194750000002,-46.54652125,,,,2,2023-06-17T02:44:36+00:00
SAO_311C-10,São Paulo,3550308,True,,33077,,,-23.5949365,-46.547387,,,,2,2023-06-17T02:43:59+00:00
SAO_311C-10,São Paulo,3550308,True,,33077,,,-23.522808124999997,-46.645863625,,,,2,2023-06-17T02:44:23+00:00
SAO_778R-10,São Paulo,3550308,True,EMTU,509,https://moovitapp.com/index/pt-br/transporte_p%C3%BAblico-line-509-Sao_Paulo-242-2038937-36419531-0,4.95,-23.5854415,-46.805544499999996,,,,1,2023-06-17T02:44:12+00:00
SAO_778R-10,São Paulo,3550308,True,EMTU,509,https://moovitapp.com/index/pt-br/transporte_p%C3%BAblico-line-509-Sao_Paulo-242-2038937-36419531-0,4.95,-23.585307,-46.805366,,,,1,2023-06-17T02:44:00+00:00
SAO_778R-10,São Paulo,3550308,True,EMTU,509,https://moovitapp.com/index/pt-br/transporte_p%C3%BAblico-line-509-Sao_Paulo-242-2038937-36419531-0,4.95,-23.5854415,-46.805544499999996,,,,1,2023-06-17T02:44:16+00:00
SAO_778R-10,São Paulo,3550308,True,EMTU,509,https://moovitapp.com/index/pt-br/transporte_p%C3%BAblico-line-509-Sao_Paulo-242-2038937-36419531-0,4.95,-23.540968999999997,-46.6467095,,,,1,2023-06-17T02:44:27+00:00
SAO_778R-10,São Paulo,3550308,True,EMTU,509,https://moovitapp.com/index/pt-br/transporte_p%C3%BAblico-line-509-Sao_Paulo-242-2038937-36419531-0,4.95,-23.5853465,-46.738911,,,,1,2023-06-17T02:44:29+00:00
SAO_778R-10,São Paulo,3550308,True,EMTU,509,https://moovitapp.com/index/pt-br/transporte_p%C3%BAblico-line-509-Sao_Paulo-242-2038937-36419531-0,4.95,-23.53506275,-46.644746999999995,,,,1,2023-06-17T02:39:05+00:00
SAO_778R-10,São Paulo,3550308,True,EMTU,509,https://moovitapp.com/index/pt-br/transporte_p%C3%BAblico-line-509-Sao_Paulo-242-2038937-36419531-0,4.95,-23.53506275,-46.644746999999995,,,,1,2023-06-17T02:44:26+00:00
SAO_778R-10,São Paulo,3550308,True,EMTU,509,https://moovitapp.com/index/pt-br/transporte_p%C3%BAblico-line-509-Sao_Paulo-242-2038937-36419531-0,4.95,-23.584893,-46.807422,,,,1,2023-06-17T02:44:24+00:00
SAO_778R-10,São Paulo,3550308,True,EMTU,509,https://moovitapp.com/index/pt-br/transporte_p%C3%BAblico-line-509-Sao_Paulo-242-2038937-36419531-0,4.95,-23.585532999999998,-46.8056635,,,,1,2023-06-17T02:44:31+00:00
SAO_5020-10,São Paulo,3550308,True,,1670,,,-23.607129999999998,-46.595228000000006,,,,1,2023-06-17T02:44:21+00:00
SAO_5020-10,São Paulo,3550308,True,,1670,,,-23.610079,-46.59373050000001,,,,1,2023-06-17T02:44:25+00:00
SAO_5020-10,São Paulo,3550308,True,,1670,,,-23.602594,-46.602782000000005,,,,1,2023-06-17T02:44:37+00:00
SAO_5020-10,São Paulo,3550308,True,,1670,,,-23.610079,-46.59373050000001,,,,1,2023-06-17T02:44:03+00:00
SAO_5020-10,São Paulo,3550308,True,,1670,,,-23.610079,-46.59373050000001,,,,1,2023-06-17T02:44:37+00:00
SAO_5702-10,São Paulo,3550308,True,,33905,,,-23.6978665,-46.64616049999999,,,,2,2023-06-17T02:44:23+00:00
SAO_5702-10,São Paulo,3550308,True,,33905,,,-23.644764000000002,-46.642326999999995,,,,2,2023-06-17T02:44:25+00:00
SAO_5702-10,São Paulo,3550308,True,,33905,,,-23.681403,-46.638069,,,,2,2023-06-17T02:44:39+00:00
SAO_5702-10,São Paulo,3550308,True,,33905,,,-23.646939,-46.640949,,,,2,2023-06-17T02:41:05+00:00
SAO_5702-10,São Paulo,3550308,True,,33905,,,-23.688044,-46.63901275,,,,2,2023-06-17T02:43:56+00:00
SAO_573T-10,São Paulo,3550308,True,,1632,,,-23.6032375,-46.489014499999996,,,,1,2023-06-17T02:44:40+00:00
SAO_573T-10,São Paulo,3550308,True,,1632,,,-23.54680525,-46.54149425,,,,1,2023-06-17T02:43:56+00:00
SAO_573T-10,São Paulo,3550308,True,,1632,,,-23.6142385,-46.497279,,,,1,2023-06-17T02:44:13+00:00
SAO_573T-10,São Paulo,3550308,True,,1632,,,-23.5553405,-46.52622925,,,,1,2023-06-17T02:44:02+00:00
SAO_573T-10,São Paulo,3550308,True,,1632,,,-23.614199499999998,-46.5007885,,,,1,2023-06-17T02:44:15+00:00
SAO_573T-10,São Paulo,3550308,True,,1632,,,-23.614199499999998,-46.5007885,,,,1,2023-06-17T02:44:18+00:00
SAO_573T-10,São Paulo,3550308,True,,1632,,,-23.5933635,-46.4913495,,,,1,2023-06-17T02:44:21+00:00
SAO_573T-10,São Paulo,3550308,True,,1632,,,-23.541351,-46.55537425,,,,1,2023-06-17T02:44:02+00:00
SAO_573T-10,São Paulo,3550308,True,,1632,,,-23.614199499999998,-46.5007885,,,,1,2023-06-17T02:44:18+00:00
SAO_4314-10,São Paulo,3550308,True,,34942,,,-23.5736485,-46.3986825,,,,2,2023-06-17T02:44:07+00:00
SAO_4314-10,São Paulo,3550308,True,,34942,,,-23.5547015,-46.44100675,,,,2,2023-06-17T02:44:28+00:00
SAO_4314-10,São Paulo,3550308,True,,34942,,,-23.549845500000004,-46.5077,,,,2,2023-06-17T02:44:16+00:00
SAO_4314-10,São Paulo,3550308,True,,34942,,,-23.5643825,-46.405733,,,,2,2023-06-17T02:44:27+00:00
SAO_4314-10,São Paulo,3550308,True,,34942,,,-23.5736485,-46.3986825,,,,2,2023-06-17T02:44:19+00:00
SAO_4314-10,São Paulo,3550308,True,,34942,,,-23.568642,-46.4014855,,,,2,2023-06-17T02:44:07+00:00
SAO_4314-10,São Paulo,3550308,True,,34942,,,-23.5518795,-46.435438500000004,,,,2,2023-06-17T02:44:11+00:00
SAO_4314-10,São Paulo,3550308,True,,34942,,,-23.5736485,-46.3986825,,,,2,2023-06-17T02:44:09+00:00
SAO_4314-10,São Paulo,3550308,True,,34942,,,-23.55710725,-46.473718250000005,,,,2,2023-06-17T02:43:59+00:00
SAO_5033-10,São Paulo,3550308,True,,34433,,,-23.6327595,-46.614414,,,,2,2023-06-17T02:44:09+00:00
SAO_5033-10,São Paulo,3550308,True,,34433,,,-23.6334285,-46.614411000000004,,,,2,2023-06-17T02:43:59+00:00
SAO_5033-10,São Paulo,3550308,True,,34433,,,-23.60328075,-46.602380499999995,,,,2,2023-06-17T02:44:34+00:00
SAO_4310-10,São Paulo,3550308,True,,2160,,,-23.53583225,-46.4917425,,,,1,2023-06-17T02:39:43+00:00
SAO_4310-10,São Paulo,3550308,True,,2160,,,-23.5409729375,-46.5776478125,,,,1,2023-06-17T02:44:28+00:00
SAO_4310-10,São Paulo,3550308,True,,2160,,,-23.535216,-46.4541105,,,,1,2023-06-17T02:44:37+00:00
SAO_4310-10,São Paulo,3550308,True,,2160,,,-23.5345485,-46.54686625,,,,1,2023-06-17T02:44:23+00:00
SAO_4310-10,São Paulo,3550308,True,,2160,,,-23.544887000000003,-46.630556,,,,1,2023-06-17T02:44:23+00:00
SAO_4310-10,São Paulo,3550308,True,,2160,,,-23.542716,-46.469168499999995,,,,1,2023-06-17T02:43:57+00:00
SAO_4310-10,São Paulo,3550308,True,,2160,,,-23.547148999999997,-46.6306685,,,,1,2023-06-17T02:44:29+00:00
SAO_4310-10,São Paulo,3550308,True,,2160,,,-23.5394575,-46.458197999999996,,,,1,2023-06-17T02:43:58+00:00
SAO_4310-10,São Paulo,3550308,True,,2160,,,-23.534564500000002,-46.4529065,,,,1,2023-06-17T02:44:16+00:00
SAO_4310-10,São Paulo,3550308,True,,2160,,,-23.53201225,-46.500731,,,,1,2023-06-17T02:44:13+00:00
SAO_4310-10,São Paulo,3550308,True,,2160,,,-23.5419615,-46.580659499999996,,,,1,2023-06-17T02:44:26+00:00
SAO_4310-10,São Paulo,3550308,True,,2160,,,-23.550454,-46.6073045,,,,1,2023-06-17T02:44:37+00:00
SAO_527R-10,São Paulo,3550308,True,,33039,,,-23.67516125,-46.650865499999995,,,,2,2023-06-17T02:42:17+00:00
SAO_527R-10,São Paulo,3550308,True,,33039,,,-23.674468,-46.6860565,,,,2,2023-06-17T02:43:13+00:00
SAO_527R-10,São Paulo,3550308,True,,33039,,,-23.662506999999998,-46.662358,,,,2,2023-06-17T02:44:07+00:00
SAO_527R-10,São Paulo,3550308,True,,33039,,,-23.659789,-46.670451,,,,2,2023-06-17T02:44:04+00:00
SAO_6818-10,São Paulo,3550308,True,BR7 Mobilidade,28,https://moovitapp.com/index/pt-br/transporte_p%C3%BAblico-line-28-Sao_Paulo-242-851856-596008-0,5.75,-23.652867999999998,-46.772996500000005,,,,1,2023-06-17T02:43:56+00:00
SAO_6818-10,São Paulo,3550308,True,BR7 Mobilidade,28,https://moovitapp.com/index/pt-br/transporte_p%C3%BAblico-line-28-Sao_Paulo-242-851856-596008-0,5.75,-23.655842999999997,-46.7727765,,,,1,2023-06-17T02:44:24+00:00
SAO_6818-10,São Paulo,3550308,True,BR7 Mobilidade,28,https://moovitapp.com/index/pt-br/transporte_p%C3%BAblico-line-28-Sao_Paulo-242-851856-596008-0,5.75,-23.6540545,-46.763478,,,,1,2023-06-17T02:44:26+00:00
SAO_1177-31,São Paulo,3550308,True,,1831,,,-23.5176275,-46.475961,,,,1,2023-06-17T02:44:26+00:00
SAO_2726-10,São Paulo,3550308,True,Urubupungá,940,https://moovitapp.com/index/pt-br/transporte_p%C3%BAblico-line-940-Sao_Paulo-242-873835-496474-0,4.6,-23.513876250000003,-46.46891024999999,,,,1,2023-06-17T02:44:21+00:00
SAO_2726-10,São Paulo,3550308,True,Urubupungá,940,https://moovitapp.com/index/pt-br/transporte_p%C3%BAblico-line-940-Sao_Paulo-242-873835-496474-0,4.6,-23.515029499999997,-46.468916500000006,,,,1,2023-06-17T02:44:11+00:00
SAO_2726-10,São Paulo,3550308,True,Urubupungá,940,https://moovitapp.com/index/pt-br/transporte_p%C3%BAblico-line-940-Sao_Paulo-242-873835-496474-0,4.6,-23.51418675,-46.46895275,,,,1,2023-06-17T02:44:29+00:00
SAO_2726-10,São Paulo,3550308,True,Urubupungá,940,https://moovitapp.com/index/pt-br/transporte_p%C3%BAblico-line-940-Sao_Paulo-242-873835-496474-0,4.6,-23.5250145,-46.545919,,,,1,2023-06-17T02:43:59+00:00
SAO_2726-10,São Paulo,3550308,True,Urubupungá,940,https://moovitapp.com/index/pt-br/transporte_p%C3%BAblico-line-940-Sao_Paulo-242-873835-496474-0,4.6,-23.51615575,-46.47641025,,,,1,2023-06-17T02:44:23+00:00
SAO_2726-10,São Paulo,3550308,True,Urubupungá,940,https://moovitapp.com/index/pt-br/transporte_p%C3%BAblico-line-940-Sao_Paulo-242-873835-496474-0,4.6,-23.507967,-46.468248,,,,1,2023-06-17T02:44:33+00:00
SAO_2726-10,São Paulo,3550308,True,Urubupungá,940,https://moovitapp.com/index/pt-br/transporte_p%C3%BAblico-line-940-Sao_Paulo-242-873835-496474-0,4.6,-23.5121015,-46.51247,,,,1,2023-06-17T02:43:58+00:00
SAO_2726-10,São Paulo,3550308,True,Urubupungá,940,https://moovitapp.com/index/pt-br/transporte_p%C3%BAblico-line-940-Sao_Paulo-242-873835-496474-0,4.6,-23.521054,-46.525456500000004,,,,1,2023-06-17T02:44:29+00:00
SAO_2726-10,São Paulo,3550308,True,Urubupungá,940,https://moovitapp.com/index/pt-br/transporte_p%C3%BAblico-line-940-Sao_Paulo-242-873835-496474-0,4.6,-23.507967,-46.468248,,,,1,2023-06-17T02:44:13+00:00
SAO_745M-10,São Paulo,3550308,True,,782,,,-23.630615499999998,-46.768413,,,,1,2023-06-17T02:43:58+00:00
SAO_745M-10,São Paulo,3550308,True,,782,,,-23.6388125,-46.7797675,,,,1,2023-06-17T02:44:41+00:00
SAO_745M-10,São Paulo,3550308,True,,782,,,-23.63084675,-46.76821125,,,,1,2023-06-17T02:44:23+00:00
SAO_745M-10,São Paulo,3550308,True,,782,,,-23.637383,-46.779483,,,,1,2023-06-17T02:43:58+00:00
SAO_745M-10,São Paulo,3550308,True,,782,,,-23.667926,-46.73201,,,,1,2023-06-17T02:44:35+00:00
SAO_745M-10,São Paulo,3550308,True,,782,,,-23.667369,-46.728165,,,,1,2023-06-17T02:44:01+00:00
SAO_745M-10,São Paulo,3550308,True,,782,,,-23.666321,-46.7832565,,,,1,2023-06-17T02:44:27+00:00
SAO_745M-10,São Paulo,3550308,True,,782,,,-23.6601165,-46.76611175000001,,,,1,2023-06-17T02:44:35+00:00
SAO_745M-10,São Paulo,3550308,True,,782,,,-23.682125624999998,-46.69107475,,,,1,2023-06-17T02:44:39+00:00
SAO_1021-10,São Paulo,3550308,True,,33601,,,-23.4724285,-46.725795,,,,2,2023-06-17T02:44:14+00:00
SAO_1021-10,São Paulo,3550308,True,,33601,,,-23.4443355,-46.712196000000006,,,,2,2023-06-17T02:44:12+00:00
SAO_3539-10,São Paulo,3550308,True,,748,,,-23.581291,-46.4146645,,,,1,2023-06-17T02:44:31+00:00
SAO_3539-10,São Paulo,3550308,True,,748,,,-23.534845,-46.548697000000004,,,,1,2023-06-17T02:44:13+00:00
SAO_3539-10,São Paulo,3550308,True,,748,,,-23.543105,-46.46927075,,,,1,2023-06-17T02:43:21+00:00
SAO_3539-10,São Paulo,3550308,True,,748,,,-23.5349315,-46.496195,,,,1,2023-06-17T02:44:04+00:00
SAO_3539-10,São Paulo,3550308,True,,748,,,-23.53217625,-46.50043325,,,,1,2023-06-17T02:44:25+00:00
SAO_3539-10,São Paulo,3550308,True,,748,,,-23.5867055,-46.443027,,,,1,2023-06-17T02:44:10+00:00
SAO_2723-10,São Paulo,3550308,True,,33705,,,-23.539076,-46.4574315,,,,2,2023-06-17T02:44:12+00:00
SAO_2723-10,São Paulo,3550308,True,,33705,,,-23.4837275,-46.460986500000004,,,,2,2023-06-17T02:43:44+00:00
SAO_2723-10,São Paulo,3550308,True,,33705,,,-23.493654,-46.453685500000006,,,,2,2023-06-17T02:44:20+00:00
SAO_2723-10,São Paulo,3550308,True,,33705,,,-23.519935500000003,-46.444098,,,,2,2023-06-17T02:44:15+00:00
SAO_2723-10,São Paulo,3550308,True,,33705,,,-23.4873525,-46.463664,,,,2,2023-06-17T02:44:22+00:00
SAO_2723-10,São Paulo,3550308,True,,33705,,,-23.529317499999998,-46.447227999999996,,,,2,2023-06-17T02:44:33+00:00
SAO_2011-10,São Paulo,3550308,True,,34904,,,-23.484215499999998,-46.565069,,,,2,2023-06-17T02:44:04+00:00
SAO_2011-10,São Paulo,3550308,True,,34904,,,-23.4900685,-46.5707825,,,,2,2023-06-17T02:44:36+00:00
SAO_2011-10,São Paulo,3550308,True,,34904,,,-23.490259,-46.5709545,,,,2,2023-06-17T02:44:15+00:00
SAO_2011-10,São Paulo,3550308,True,,34904,,,-23.467816749999997,-46.583675,,,,2,2023-06-17T02:43:28+00:00
SAO_2011-10,São Paulo,3550308,True,,34904,,,-23.50194,-46.624584,,,,2,2023-06-17T02:44:06+00:00
SAO_2011-10,São Paulo,3550308,True,,34904,,,-23.4819885,-46.566306999999995,,,,2,2023-06-17T02:44:21+00:00
SAO_2011-10,São Paulo,3550308,True,,34904,,,-23.479325000000003,-46.609796,,,,2,2023-06-17T02:43:55+00:00
SAO_971M-10,São Paulo,3550308,True,,33380,,,-23.4827555,-46.65447675,,,,2,2023-06-17T02:44:05+00:00
SAO_971M-10,São Paulo,3550308,True,,33380,,,-23.490305,-46.6886595,,,,2,2023-06-17T02:44:37+00:00
SAO_971M-10,São Paulo,3550308,True,,33380,,,-23.4764445,-46.684829,,,,2,2023-06-17T02:44:20+00:00
SAO_971M-10,São Paulo,3550308,True,,33380,,,-23.4767995,-46.662966,,,,2,2023-06-17T02:44:30+00:00
SAO_971M-10,São Paulo,3550308,True,,33380,,,-23.490305,-46.6886595,,,,2,2023-06-17T02:44:15+00:00
SAO_971M-10,São Paulo,3550308,True,,33380,,,-23.490531,-46.688970499999996,,,,2,2023-06-17T02:44:09+00:00
SAO_5109-10,São Paulo,3550308,True,,1851,,,-23.585085499999998,-46.582558500000005,,,,1,2023-06-17T02:44:05+00:00
SAO_5109-10,São Paulo,3550308,True,,1851,,,-23.5883605,-46.594663999999995,,,,1,2023-06-17T02:44:18+00:00
SAO_9009-10,São Paulo,3550308,True,,33645,,,-23.459944999999998,-46.6848585,,,,2,2023-06-17T02:44:02+00:00
SAO_9009-10,São Paulo,3550308,True,,33645,,,-23.447998,-46.708507,,,,2,2023-06-17T02:44:05+00:00
SAO_9009-10,São Paulo,3550308,True,,33645,,,-23.4451815,-46.712644,,,,2,2023-06-17T02:43:55+00:00
SAO_9009-10,São Paulo,3550308,True,,33645,,,-23.453412,-46.699248499999996,,,,2,2023-06-17T02:44:14+00:00
SAO_9009-10,São Paulo,3550308,True,,33645,,,-23.474202,-46.669375,,,,2,2023-06-17T02:44:35+00:00
SAO_9009-10,São Paulo,3550308,True,,33645,,,-23.44440675,-46.71023275,,,,2,2023-06-17T02:44:06+00:00
SAO_5119-10,São Paulo,3550308,True,,1,,,-23.609519249999998,-46.726653999999996,,,,1,2023-06-17T02:44:15+00:00
SAO_5119-10,São Paulo,3550308,True,,1,,,-23.640162,-46.736765500000004,,,,1,2023-06-17T02:41:14+00:00
SAO_5119-10,São Paulo,3550308,True,,1,,,-23.618231,-46.732269,,,,1,2023-06-17T02:44:20+00:00
SAO_5119-10,São Paulo,3550308,True,,1,,,-23.56045,-46.643369375,,,,1,2023-06-17T02:44:41+00:00
SAO_5119-10,São Paulo,3550308,True,,1,,,-23.567841,-46.649142999999995,,,,1,2023-06-17T02:44:23+00:00
SAO_5119-10,São Paulo,3550308,True,,1,,,-23.559326,-46.642411499999994,,,,1,2023-06-17T02:44:38+00:00
SAO_5119-10,São Paulo,3550308,True,,1,,,-23.5833035,-46.6701425,,,,1,2023-06-17T02:44:19+00:00
SAO_5119-10,São Paulo,3550308,True,,1,,,-23.6543285,-46.7630925,,,,1,2023-06-17T02:44:29+00:00
SAO_5119-10,São Paulo,3550308,True,,1,,,-23.646914,-46.74704625,,,,1,2023-06-17T02:44:37+00:00
SAO_5106-31,São Paulo,3550308,True,,1305,,,-23.604843,-46.642852,,,,1,2023-06-17T02:44:19+00:00
SAO_5106-31,São Paulo,3550308,True,,1305,,,-23.687447499999998,-46.655168,,,,1,2023-06-17T02:44:04+00:00
SAO_5106-31,São Paulo,3550308,True,,1305,,,-23.581395999999998,-46.6385805,,,,1,2023-06-17T02:44:25+00:00
SAO_5106-31,São Paulo,3550308,True,,1305,,,-23.6771805,-46.627876,,,,1,2023-06-17T02:44:01+00:00
SAO_957T-10,São Paulo,3550308,True,,33232,,,-23.48717,-46.692834500000004,,,,2,2023-06-17T02:44:38+00:00
SAO_957T-10,São Paulo,3550308,True,,33232,,,-23.436427374999997,-46.716528374999996,,,,2,2023-06-17T02:44:32+00:00
SAO_957T-10,São Paulo,3550308,True,,33232,,,-23.436301125,-46.716888125,,,,2,2023-06-17T02:43:58+00:00
SAO_957T-10,São Paulo,3550308,True,,33232,,,-23.436427374999997,-46.716528374999996,,,,2,2023-06-17T02:43:55+00:00
SAO_957T-10,São Paulo,3550308,True,,33232,,,-23.481862125,-46.68689325,,,,2,2023-06-17T02:44:07+00:00
SAO_957T-10,São Paulo,3550308,True,,33232,,,-23.5154525,-46.6914535,,,,2,2023-06-17T02:44:06+00:00
SAO_957T-10,São Paulo,3550308,True,,33232,,,-23.436301125,-46.716888125,,,,2,2023-06-17T02:44:21+00:00
SAO_957T-10,São Paulo,3550308,True,,33232,,,-23.596197,-46.6919465,,,,2,2023-06-17T02:44:14+00:00
SAO_695D-10,São Paulo,3550308,True,,32882,,,-23.6416405,-46.655144,,,,2,2023-06-17T02:44:30+00:00
SAO_695D-10,São Paulo,3550308,True,,32882,,,-23.670839,-46.677949999999996,,,,2,2023-06-17T02:44:26+00:00
SAO_695D-10,São Paulo,3550308,True,,32882,,,-23.718466499999998,-46.690323,,,,2,2023-06-17T02:44:14+00:00
SAO_695D-10,São Paulo,3550308,True,,32882,,,-23.716627250000002,-46.689171,,,,2,2023-06-17T02:44:17+00:00
SAO_695D-10,São Paulo,3550308,True,,32882,,,-23.736887,-46.6845045,,,,2,2023-06-17T02:44:33+00:00
SAO_3064-10,São Paulo,3550308,True,Urubupungá,980,https://moovitapp.com/index/pt-br/transporte_p%C3%BAblico-line-980-Sao_Paulo-242-873835-76224585-0,4.6,-23.598306,-46.402944250000004,,,,1,2023-06-17T02:44:10+00:00
SAO_3064-10,São Paulo,3550308,True,Urubupungá,980,https://moovitapp.com/index/pt-br/transporte_p%C3%BAblico-line-980-Sao_Paulo-242-873835-76224585-0,4.6,-23.594977874999998,-46.405601125000004,,,,1,2023-06-17T02:44:14+00:00
SAO_3064-10,São Paulo,3550308,True,Urubupungá,980,https://moovitapp.com/index/pt-br/transporte_p%C3%BAblico-line-980-Sao_Paulo-242-873835-76224585-0,4.6,-23.542667,-46.415261,,,,1,2023-06-17T02:42:47+00:00
SAO_3064-10,São Paulo,3550308,True,Urubupungá,980,https://moovitapp.com/index/pt-br/transporte_p%C3%BAblico-line-980-Sao_Paulo-242-873835-76224585-0,4.6,-23.583288000000003,-46.409053,,,,1,2023-06-17T02:44:34+00:00
SAO_3064-10,São Paulo,3550308,True,Urubupungá,980,https://moovitapp.com/index/pt-br/transporte_p%C3%BAblico-line-980-Sao_Paulo-242-873835-76224585-0,4.6,-23.598107999999996,-46.40316675,,,,1,2023-06-17T02:43:59+00:00
SAO_2021-10,São Paulo,3550308,True,,33674,,,-23.544535,-46.389844,,,,2,2023-06-17T02:44:27+00:00
SAO_2021-10,São Paulo,3550308,True,,33674,,,-23.53727,-46.3977595,,,,2,2023-06-17T02:44:08+00:00
SAO_2021-10,São Paulo,3550308,True,,33674,,,-23.544623,-46.390209999999996,,,,2,2023-06-17T02:44:16+00:00
SAO_2021-10,São Paulo,3550308,True,,33674,,,-23.541711,-46.416456499999995,,,,2,2023-06-17T02:43:37+00:00
SAO_2021-10,São Paulo,3550308,True,,33674,,,-23.543107,-46.4099285,,,,2,2023-06-17T02:44:20+00:00
SAO_2021-10,São Paulo,3550308,True,,33674,,,-23.5444625,-46.3895285,,,,2,2023-06-17T02:44:26+00:00
SAO_6451-10,São Paulo,3550308,True,,32829,,,-23.642863249999998,-46.73661775000001,,,,2,2023-06-17T02:44:24+00:00
SAO_6451-10,São Paulo,3550308,True,,32829,,,-23.643692,-46.73179450000001,,,,2,2023-06-17T02:44:16+00:00
SAO_6451-10,São Paulo,3550308,True,,32829,,,-23.642334499999997,-46.740688000000006,,,,2,2023-06-17T02:44:07+00:00
SAO_6451-10,São Paulo,3550308,True,,32829,,,-23.6545275,-46.76135549999999,,,,2,2023-06-17T02:44:15+00:00
SAO_6451-10,São Paulo,3550308,True,,32829,,,-23.58505925,-46.688362,,,,2,2023-06-17T02:44:29+00:00
SAO_6451-10,São Paulo,3550308,True,,32829,,,-23.549563,-46.640065,,,,2,2023-06-17T02:44:40+00:00
SAO_6451-10,São Paulo,3550308,True,,32829,,,-23.6015715,-46.6978145,,,,2,2023-06-17T02:44:10+00:00
SAO_6451-10,São Paulo,3550308,True,,32829,,,-23.5996295,-46.697053499999996,,,,2,2023-06-17T02:44:31+00:00
SAO_6451-10,São Paulo,3550308,True,,32829,,,-23.654408500000002,-46.762060999999996,,,,2,2023-06-17T02:44:32+00:00
SAO_6451-10,São Paulo,3550308,True,,32829,,,-23.652109250000002,-46.758327,,,,2,2023-06-17T02:44:06+00:00
SAO_6451-10,São Paulo,3550308,True,,32829,,,-23.577004000000002,-46.6724405,,,,2,2023-06-17T02:44:10+00:00
SAO_6074-10,São Paulo,3550308,False,,1161,,,-23.67630825,-46.698348375,,,,1,2023-06-17T02:44:13+00:00
SAO_6074-10,São Paulo,3550308,True,,1161,,,-23.7174195,-46.699020000000004,,,,1,2023-06-17T02:44:37+00:00
SAO_6074-10,São Paulo,3550308,True,,1161,,,-23.734544,-46.664035999999996,,,,1,2023-06-17T02:44:13+00:00
SAO_6074-10,São Paulo,3550308,True,,1161,,,-23.738921,-46.666523999999995,,,,1,2023-06-17T02:44:02+00:00
SAO_6074-10,São Paulo,3550308,True,,1161,,,-23.74464175,-46.66963762500001,,,,1,2023-06-17T02:44:36+00:00
SAO_6074-10,São Paulo,3550308,True,,1161,,,-23.755179249999998,-46.676708500000004,,,,1,2023-06-17T02:44:02+00:00
SAO_6072-23,São Paulo,3550308,True,,2004,,,-23.767591,-46.7163045,,,,1,2023-06-17T02:44:12+00:00
SAO_6072-23,São Paulo,3550308,True,,2004,,,-23.767591,-46.7163045,,,,1,2023-06-17T02:44:10+00:00
SAO_6072-23,São Paulo,3550308,True,,2004,,,-23.767591,-46.7163045,,,,1,2023-06-17T02:44:14+00:00
SAO_6072-23,São Paulo,3550308,True,,2004,,,-23.767591,-46.7163045,,,,1,2023-06-17T02:44:34+00:00
SAO_6072-23,São Paulo,3550308,True,,2004,,,-23.767591,-46.7163045,,,,1,2023-06-17T02:44:07+00:00
SAO_6072-23,São Paulo,3550308,True,,2004,,,-23.767591,-46.7163045,,,,1,2023-06-17T02:44:20+00:00
SAO_6072-23,São Paulo,3550308,True,,2004,,,-23.767591,-46.7163045,,,,1,2023-06-17T02:44:09+00:00
SAO_6072-23,São Paulo,3550308,True,,2004,,,-23.771853,-46.719546,,,,1,2023-06-17T02:44:28+00:00
SAO_6072-23,São Paulo,3550308,True,,2004,,,-23.767591,-46.7163045,,,,1,2023-06-17T02:44:15+00:00
SAO_6072-23,São Paulo,3550308,True,,2004,,,-23.767591,-46.7163045,,,,1,2023-06-17T02:44:29+00:00
SAO_6072-23,São Paulo,3550308,True,,2004,,,-23.771853,-46.719546,,,,1,2023-06-17T02:44:33+00:00
SAO_6072-23,São Paulo,3550308,True,,2004,,,-23.770934,-46.72446175,,,,1,2023-06-17T02:43:57+00:00
SAO_6072-23,São Paulo,3550308,True,,2004,,,-23.767591,-46.7163045,,,,1,2023-06-17T02:44:07+00:00
SAO_6072-23,São Paulo,3550308,True,,2004,,,-23.767591,-46.7163045,,,,1,2023-06-17T02:44:15+00:00
SAO_6072-23,São Paulo,3550308,True,,2004,,,-23.767591,-46.7163045,,,,1,2023-06-17T02:44:19+00:00
SAO_1012-10,São Paulo,3550308,True,,35254,,,-23.4333445,-46.7870665,,,,2,2023-06-17T02:44:08+00:00
SAO_1012-10,São Paulo,3550308,True,,35254,,,-23.432446499999998,-46.787048,,,,2,2023-06-17T02:44:37+00:00
SAO_1012-10,São Paulo,3550308,True,,35254,,,-23.4336375,-46.787061,,,,2,2023-06-17T02:44:11+00:00
SAO_6080-10,São Paulo,3550308,True,,33936,,,-23.754961375,-46.672232375,,,,2,2023-06-17T02:44:12+00:00
SAO_6080-10,São Paulo,3550308,True,,33936,,,-23.690462249999996,-46.69789425,,,,2,2023-06-17T02:44:01+00:00
SAO_6080-10,São Paulo,3550308,True,,33936,,,-23.747837,-46.687671,,,,2,2023-06-17T02:44:19+00:00
SAO_6080-10,São Paulo,3550308,True,,33936,,,-23.6714015,-46.67781975,,,,2,2023-06-17T02:44:09+00:00
SAO_6080-10,São Paulo,3550308,True,,33936,,,-23.72341875,-46.698737875,,,,2,2023-06-17T02:44:15+00:00
SAO_6080-10,São Paulo,3550308,True,,33936,,,-23.760039,-46.677697499999994,,,,2,2023-06-17T02:44:11+00:00
SAO_778R-10,São Paulo,3550308,True,,33277,,,-23.5777805,-46.725455499999995,,,,2,2023-06-17T02:44:40+00:00
SAO_778R-10,São Paulo,3550308,True,,33277,,,-23.585302249999998,-46.76430725,,,,2,2023-06-17T02:43:57+00:00
SAO_778R-10,São Paulo,3550308,True,,33277,,,-23.5754325,-46.7176135,,,,2,2023-06-17T02:44:27+00:00
SAO_778R-10,São Paulo,3550308,True,,33277,,,-23.5884734375,-46.797815375,,,,2,2023-06-17T02:44:05+00:00
SAO_675P-10,São Paulo,3550308,True,STT,275,https://moovitapp.com/index/pt-br/transporte_p%C3%BAblico-line-275-Sao_Paulo-242-850661-183275-0,5.3,-23.657638499999997,-46.6549165,,,,1,2023-06-17T02:44:17+00:00
SAO_675P-10,São Paulo,3550308,True,STT,275,https://moovitapp.com/index/pt-br/transporte_p%C3%BAblico-line-275-Sao_Paulo-242-850661-183275-0,5.3,-23.65172425,-46.67866325,,,,1,2023-06-17T02:44:08+00:00
SAO_675P-10,São Paulo,3550308,True,STT,275,https://moovitapp.com/index/pt-br/transporte_p%C3%BAblico-line-275-Sao_Paulo-242-850661-183275-0,5.3,-23.672516,-46.700148,,,,1,2023-06-17T02:35:54+00:00
SAO_675P-10,São Paulo,3550308,True,STT,275,https://moovitapp.com/index/pt-br/transporte_p%C3%BAblico-line-275-Sao_Paulo-242-850661-183275-0,5.3,-23.6387555,-46.632828,,,,1,2023-06-17T02:44:02+00:00
SAO_6093-10,São Paulo,3550308,True,,34353,,,-23.858918250000002,-46.70706525,,,,2,2023-06-17T02:26:38+00:00
SAO_6093-10,São Paulo,3550308,True,,34353,,,-23.827289999999998,-46.7315785,,,,2,2023-06-17T02:44:29+00:00
SAO_6093-10,São Paulo,3550308,True,,34353,,,-23.859626249999998,-46.703897375,,,,2,2023-06-17T02:18:45+00:00
SAO_6093-10,São Paulo,3550308,True,,34353,,,-23.841333,-46.719069000000005,,,,2,2023-06-17T02:44:37+00:00
SAO_6093-10,São Paulo,3550308,True,,34353,,,-23.740866750000002,-46.6999645,,,,2,2023-06-17T02:44:03+00:00
SAO_6093-10,São Paulo,3550308,True,,34353,,,-23.769605,-46.7179785,,,,2,2023-06-17T02:44:13+00:00
SAO_6093-10,São Paulo,3550308,True,,34353,,,-23.826211875,-46.7326355,,,,2,2023-06-17T02:44:38+00:00
SAO_6093-10,São Paulo,3550308,True,,34353,,,-23.8470695,-46.7158735,,,,2,2023-06-17T02:38:54+00:00
SAO_6093-10,São Paulo,3550308,True,,34353,,,-23.7770115,-46.723006,,,,2,2023-06-17T02:44:37+00:00
SAO_695V-10,São Paulo,3550308,True,,32776,,,-23.6545125,-46.761236499999995,,,,2,2023-06-17T02:44:35+00:00
SAO_695V-10,São Paulo,3550308,True,,32776,,,-23.636070249999996,-46.69287975,,,,2,2023-06-17T02:44:32+00:00
SAO_695V-10,São Paulo,3550308,True,,32776,,,-23.5929575,-46.65226325,,,,2,2023-06-17T02:44:26+00:00
SAO_695V-10,São Paulo,3550308,True,,32776,,,-23.644483,-46.745273999999995,,,,2,2023-06-17T02:44:28+00:00
SAO_2718-10,São Paulo,3550308,True,,931,,,-23.5300355,-46.546846,,,,1,2023-06-17T02:43:59+00:00
SAO_2718-10,São Paulo,3550308,True,,931,,,-23.496323750000002,-46.51359175,,,,1,2023-06-17T02:44:30+00:00
SAO_2718-10,São Paulo,3550308,True,,931,,,-23.5094565,-46.550135,,,,1,2023-06-17T02:44:01+00:00
SAO_7049-10,São Paulo,3550308,True,,34680,,,-23.7118095,-46.7804795,,,,2,2023-06-17T02:44:27+00:00
SAO_7049-10,São Paulo,3550308,True,,34680,,,-23.646055,-46.7793,,,,2,2023-06-17T02:44:24+00:00
SAO_7049-10,São Paulo,3550308,True,,34680,,,-23.711143749999998,-46.778219750000005,,,,2,2023-06-17T02:44:33+00:00
SAO_7049-10,São Paulo,3550308,True,,34680,,,-23.7116535,-46.777972,,,,2,2023-06-17T02:44:18+00:00
SAO_7049-10,São Paulo,3550308,True,,34680,,,-23.6612845,-46.778529500000005,,,,2,2023-06-17T02:44:26+00:00
SAO_7049-10,São Paulo,3550308,True,,34680,,,-23.71138725,-46.77812725,,,,2,2023-06-17T02:44:35+00:00
SAO_7049-10,São Paulo,3550308,True,,34680,,,-23.7021595,-46.782621,,,,2,2023-06-17T02:44:27+00:00
SAO_7049-10,São Paulo,3550308,True,,34680,,,-23.6315095,-46.772093,,,,2,2023-06-17T02:44:36+00:00
SAO_6063-10,São Paulo,3550308,True,,33920,,,-23.786613,-46.684677,,,,2,2023-06-17T02:44:00+00:00
SAO_6063-10,São Paulo,3550308,True,,33920,,,-23.783673,-46.6827105,,,,2,2023-06-17T02:44:08+00:00
SAO_6063-10,São Paulo,3550308,True,,33920,,,-23.7729115,-46.7086855,,,,2,2023-06-17T02:44:39+00:00
SAO_6063-10,São Paulo,3550308,True,,33920,,,-23.783823750000003,-46.68278600000001,,,,2,2023-06-17T02:44:04+00:00
SAO_6063-10,São Paulo,3550308,True,,33920,,,-23.7688255,-46.715897999999996,,,,2,2023-06-17T02:44:40+00:00
SAO_6063-10,São Paulo,3550308,True,,33920,,,-23.766287,-46.7161395,,,,2,2023-06-17T02:44:14+00:00
SAO_4312-10,São Paulo,3550308,True,,34940,,,-23.538642000000003,-46.5653865,,,,2,2023-06-17T02:41:22+00:00
SAO_4312-10,São Paulo,3550308,True,,34940,,,-23.570552125,-46.489686875,,,,2,2023-06-17T02:43:58+00:00
SAO_4312-10,São Paulo,3550308,True,,34940,,,-23.570552125,-46.489686875,,,,2,2023-06-17T02:44:17+00:00
SAO_4312-10,São Paulo,3550308,True,,34940,,,-23.549915499999997,-46.496651,,,,2,2023-06-17T02:44:20+00:00
SAO_4312-10,São Paulo,3550308,True,,34940,,,-23.5572495,-46.495866500000005,,,,2,2023-06-17T02:44:25+00:00
SAO_4312-10,São Paulo,3550308,True,,34940,,,-23.570552125,-46.489686875,,,,2,2023-06-17T02:44:29+00:00
SAO_4312-10,São Paulo,3550308,True,,34940,,,-23.543972375,-46.590301749999995,,,,2,2023-06-17T02:44:02+00:00
SAO_4312-10,São Paulo,3550308,True,,34940,,,-23.570552125,-46.489686875,,,,2,2023-06-17T02:44:35+00:00
SAO_6045-10,São Paulo,3550308,True,,1222,,,-23.694803,-46.793687,,,,1,2023-06-17T02:44:31+00:00
SAO_6045-10,São Paulo,3550308,True,,1222,,,-23.6498405,-46.707801,,,,1,2023-06-17T02:44:11+00:00
SAO_6045-10,São Paulo,3550308,True,,1222,,,-23.6946695,-46.796347499999996,,,,1,2023-06-17T02:44:15+00:00
SAO_6045-10,São Paulo,3550308,True,,1222,,,-23.637364750000003,-46.718711,,,,1,2023-06-17T02:44:31+00:00
SAO_6045-10,São Paulo,3550308,True,,1222,,,-23.660212,-46.767127,,,,1,2023-06-17T02:44:07+00:00
SAO_6045-10,São Paulo,3550308,True,,1222,,,-23.6945995,-46.794075500000005,,,,1,2023-06-17T02:44:11+00:00
SAO_6045-10,São Paulo,3550308,True,,1222,,,-23.683338499999998,-46.789263000000005,,,,1,2023-06-17T02:44:01+00:00
SAO_2710-10,São Paulo,3550308,True,,924,,,-23.530618500000003,-46.5014455,,,,1,2023-06-17T02:44:08+00:00
SAO_2710-10,São Paulo,3550308,True,,924,,,-23.529988,-46.5012995,,,,1,2023-06-17T02:44:03+00:00
SAO_2710-10,São Paulo,3550308,True,,924,,,-23.520830500000002,-46.484642,,,,1,2023-06-17T02:43:59+00:00
SAO_2710-10,São Paulo,3550308,True,,924,,,-23.52056325,-46.4972215,,,,1,2023-06-17T02:44:06+00:00
SAO_2710-10,São Paulo,3550308,True,,924,,,-23.5191205,-46.4876305,,,,1,2023-06-17T02:44:21+00:00
SAO_6805-31,São Paulo,3550308,True,,34556,,,-23.6459005,-46.730048,,,,2,2023-06-17T02:44:25+00:00
SAO_6805-31,São Paulo,3550308,True,,34556,,,-23.656605,-46.7620985,,,,2,2023-06-17T02:44:37+00:00
SAO_5010-10,São Paulo,3550308,True,,33882,,,-23.662,-46.631691,,,,2,2023-06-17T02:44:33+00:00
SAO_5010-10,São Paulo,3550308,True,,33882,,,-23.662217,-46.631516500000004,,,,2,2023-06-17T02:44:12+00:00
SAO_5010-10,São Paulo,3550308,True,,33882,,,-23.66177975,-46.63187175,,,,2,2023-06-17T02:44:05+00:00
SAO_5010-10,São Paulo,3550308,True,,33882,,,-23.662,-46.631691,,,,2,2023-06-17T02:44:28+00:00
SAO_5010-10,São Paulo,3550308,True,,33882,,,-23.641377812500004,-46.653721437499996,,,,2,2023-06-17T02:44:13+00:00
SAO_271M-10,São Paulo,3550308,True,,33452,,,-23.512197999999998,-46.563227499999996,,,,2,2023-06-17T02:44:29+00:00
SAO_271M-10,São Paulo,3550308,True,,33452,,,-23.502067,-46.622634000000005,,,,2,2023-06-17T02:44:34+00:00
SAO_271M-10,São Paulo,3550308,True,,33452,,,-23.5120595,-46.5631845,,,,2,2023-06-17T02:44:07+00:00
SAO_271M-10,São Paulo,3550308,True,,33452,,,-23.512393250000002,-46.56326850000001,,,,2,2023-06-17T02:44:37+00:00
SAO_271M-10,São Paulo,3550308,True,,33452,,,-23.5013875,-46.590308,,,,2,2023-06-17T02:44:31+00:00
SAO_271M-10,São Paulo,3550308,True,,33452,,,-23.512197999999998,-46.563227499999996,,,,2,2023-06-17T02:44:11+00:00
SAO_271M-10,São Paulo,3550308,True,,33452,,,-23.520317999999996,-46.5619305,,,,2,2023-06-17T02:44:26+00:00
SAO_846M-10,São Paulo,3550308,True,,33190,,,-23.564514374999998,-46.689102250000005,,,,2,2023-06-17T02:43:56+00:00
SAO_846M-10,São Paulo,3550308,True,,33190,,,-23.502522,-46.761129499999996,,,,2,2023-06-17T02:44:03+00:00
SAO_846M-10,São Paulo,3550308,True,,33190,,,-23.520252,-46.742575,,,,2,2023-06-17T02:44:18+00:00
SAO_2552-10,São Paulo,3550308,True,,142,,,-23.54376275,-46.62067975,,,,1,2023-06-17T02:44:30+00:00
SAO_2552-10,São Paulo,3550308,True,,142,,,-23.510244999999998,-46.5070085,,,,1,2023-06-17T02:44:23+00:00
SAO_2552-10,São Paulo,3550308,True,,142,,,-23.5316105,-46.55950875,,,,1,2023-06-17T02:41:55+00:00
SAO_2552-10,São Paulo,3550308,True,,142,,,-23.545886,-46.6302635,,,,1,2023-06-17T02:44:27+00:00
SAO_2552-10,São Paulo,3550308,True,,142,,,-23.542247500000002,-46.61546725,,,,1,2023-06-17T02:44:04+00:00
SAO_2552-10,São Paulo,3550308,True,,142,,,-23.538102000000002,-46.59915425,,,,1,2023-06-17T02:44:25+00:00
SAO_2552-10,São Paulo,3550308,True,,142,,,-23.535285000000002,-46.5829895,,,,1,2023-06-17T02:44:10+00:00
SAO_2552-10,São Paulo,3550308,True,,142,,,-23.49218325,-46.44784075,,,,1,2023-06-17T02:44:33+00:00
SAO_2552-10,São Paulo,3550308,True,,142,,,-23.5372515,-46.594533874999996,,,,1,2023-06-17T02:44:15+00:00
SAO_2552-10,São Paulo,3550308,True,,142,,,-23.49793,-46.4590195,,,,1,2023-06-17T02:43:29+00:00
SAO_2552-10,São Paulo,3550308,True,,142,,,-23.5289675,-46.552871499999995,,,,1,2023-06-17T02:44:38+00:00
SAO_2127-10,São Paulo,3550308,True,,693,,,-23.4876755,-46.56861325,,,,1,2023-06-17T02:44:11+00:00
SAO_2127-10,São Paulo,3550308,True,,693,,,-23.50886175,-46.60025725,,,,1,2023-06-17T02:44:18+00:00
SAO_2127-10,São Paulo,3550308,True,,693,,,-23.478544999999997,-46.569419999999994,,,,1,2023-06-17T02:44:10+00:00
SAO_2127-10,São Paulo,3550308,True,,693,,,-23.55598125,-46.634207,,,,1,2023-06-17T02:44:10+00:00
SAO_2127-10,São Paulo,3550308,True,,693,,,-23.546136,-46.631184000000005,,,,1,2023-06-17T02:44:14+00:00
SAO_2127-10,São Paulo,3550308,True,,693,,,-23.55772325,-46.62648375,,,,1,2023-06-17T02:44:02+00:00
SAO_2127-10,São Paulo,3550308,True,,693,,,-23.478544999999997,-46.569419999999994,,,,1,2023-06-17T02:43:57+00:00
SAO_847P-42,São Paulo,3550308,True,,1424,,,-23.507747000000002,-46.705841,,,,1,2023-06-17T02:44:16+00:00
SAO_847P-42,São Paulo,3550308,True,,1424,,,-23.468989,-46.696481500000004,,,,1,2023-06-17T02:44:36+00:00
SAO_847P-42,São Paulo,3550308,True,,1424,,,-23.546873,-46.6920845,,,,1,2023-06-17T02:44:31+00:00
SAO_847P-42,São Paulo,3550308,True,,1424,,,-23.5963205,-46.691,,,,1,2023-06-17T02:44:35+00:00
SAO_2076-10,São Paulo,3550308,True,,33136,,,-23.49096725,-46.489491,,,,2,2023-06-17T02:44:05+00:00
SAO_2076-10,São Paulo,3550308,True,,33136,,,-23.518918499999998,-46.546471,,,,2,2023-06-17T02:43:57+00:00
SAO_2076-10,São Paulo,3550308,True,,33136,,,-23.4952525,-46.43242,,,,2,2023-06-17T02:44:29+00:00
SAO_2076-10,São Paulo,3550308,True,,33136,,,-23.5015875,-46.3848155,,,,2,2023-06-17T02:44:09+00:00
SAO_2076-10,São Paulo,3550308,True,,33136,,,-23.483373,-46.469578,,,,2,2023-06-17T02:44:11+00:00
SAO_2076-10,São Paulo,3550308,True,,33136,,,-23.508071,-46.4926935,,,,2,2023-06-17T02:44:12+00:00
SAO_4311-10,São Paulo,3550308,True,,2171,,,-23.536211,-46.547247,,,,1,2023-06-17T02:43:56+00:00
SAO_4311-10,São Paulo,3550308,True,,2171,,,-23.6130195,-46.476082,,,,1,2023-06-17T02:43:58+00:00
SAO_4311-10,São Paulo,3550308,True,,2171,,,-23.588411999999998,-46.480804750000004,,,,1,2023-06-17T02:44:18+00:00
SAO_4311-10,São Paulo,3550308,True,,2171,,,-23.55178,-46.623056625000004,,,,1,2023-06-17T02:43:53+00:00
SAO_4311-10,São Paulo,3550308,True,,2171,,,-23.6135545,-46.476344499999996,,,,1,2023-06-17T02:44:32+00:00
SAO_4311-10,São Paulo,3550308,True,,2171,,,-23.6135545,-46.476344499999996,,,,1,2023-06-17T02:44:10+00:00
SAO_118C-10,São Paulo,3550308,True,,519,,,-23.46970025,-46.647823125,,,,1,2023-06-17T02:44:29+00:00
SAO_118C-10,São Paulo,3550308,True,,519,,,-23.5387125,-46.648662,,,,1,2023-06-17T02:44:38+00:00
SAO_118C-10,São Paulo,3550308,True,,519,,,-23.493661000000003,-46.626228999999995,,,,1,2023-06-17T02:44:18+00:00
SAO_118C-10,São Paulo,3550308,True,,519,,,-23.52280775,-46.630720999999994,,,,1,2023-06-17T02:44:30+00:00
SAO_118C-10,São Paulo,3550308,True,,519,,,-23.467101624999998,-46.664902749999996,,,,1,2023-06-17T02:43:58+00:00
SAO_118C-10,São Paulo,3550308,True,,519,,,-23.538639,-46.648693,,,,1,2023-06-17T02:44:37+00:00
SAO_118C-10,São Paulo,3550308,True,,519,,,-23.5181525,-46.6296665,,,,1,2023-06-17T02:44:00+00:00
SAO_263J-10,São Paulo,3550308,True,,32987,,,-23.5342085,-46.452922,,,,2,2023-06-17T02:44:30+00:00
SAO_263J-10,São Paulo,3550308,True,,32987,,,-23.5076175,-46.4778793125,,,,2,2023-06-17T02:44:36+00:00
SAO_263J-10,São Paulo,3550308,True,,32987,,,-23.536414,-46.45577825,,,,2,2023-06-17T02:44:10+00:00
SAO_263J-10,São Paulo,3550308,True,,32987,,,-23.5217465,-46.5299695,,,,2,2023-06-17T02:44:31+00:00
SAO_209P-10,São Paulo,3550308,True,,34984,,,-23.4805165,-46.673632,,,,2,2023-06-17T02:44:03+00:00
SAO_209P-10,São Paulo,3550308,True,,34984,,,-23.5249595,-46.6700565,,,,2,2023-06-17T02:44:20+00:00
SAO_209P-10,São Paulo,3550308,True,,34984,,,-23.4897115,-46.6845535,,,,2,2023-06-17T02:44:28+00:00
SAO_209P-10,São Paulo,3550308,True,,34984,,,-23.47249975,-46.670207000000005,,,,2,2023-06-17T02:44:12+00:00
SAO_209P-10,São Paulo,3550308,True,,34984,,,-23.471954750000002,-46.6702775,,,,2,2023-06-17T02:44:19+00:00
SAO_209P-10,São Paulo,3550308,True,,34984,,,-23.563501375,-46.68741425,,,,2,2023-06-17T02:44:37+00:00
SAO_209P-10,São Paulo,3550308,True,,34984,,,-23.524358749999998,-46.66768450000001,,,,2,2023-06-17T02:44:17+00:00
SAO_209P-10,São Paulo,3550308,True,,34984,,,-23.471658249999997,-46.6703105,,,,2,2023-06-17T02:44:12+00:00
SAO_209P-10,São Paulo,3550308,True,,34984,,,-23.47356075,-46.67007725,,,,2,2023-06-17T02:43:55+00:00
SAO_209P-10,São Paulo,3550308,True,,34984,,,-23.515244000000003,-46.68955475,,,,2,2023-06-17T02:44:28+00:00
SAO_209P-10,São Paulo,3550308,True,,34984,,,-23.567620499999997,-46.6955405,,,,2,2023-06-17T02:44:34+00:00
SAO_209P-10,São Paulo,3550308,True,,34984,,,-23.53092875,-46.677090750000005,,,,2,2023-06-17T02:44:15+00:00
SAO_856R-10,São Paulo,3550308,True,,34196,,,-23.6700445,-46.719167999999996,,,,2,2023-06-17T02:43:59+00:00
SAO_856R-10,São Paulo,3550308,True,,34196,,,-23.584655374999997,-46.674867125,,,,2,2023-06-17T02:44:01+00:00
SAO_856R-10,São Paulo,3550308,True,,34196,,,-23.531546,-46.678684000000004,,,,2,2023-06-17T02:44:04+00:00
SAO_856R-10,São Paulo,3550308,True,,34196,,,-23.5664515,-46.69234125,,,,2,2023-06-17T02:44:32+00:00
SAO_856R-10,São Paulo,3550308,True,,34196,,,-23.644948375,-46.700573000000006,,,,2,2023-06-17T02:44:13+00:00
SAO_856R-10,São Paulo,3550308,True,,34196,,,-23.5548085,-46.672899125,,,,2,2023-06-17T02:40:44+00:00
SAO_856R-10,São Paulo,3550308,True,,34196,,,-23.5224215,-46.697696,,,,2,2023-06-17T02:43:55+00:00
SAO_856R-10,São Paulo,3550308,True,,34196,,,-23.635062249999997,-46.693695625000004,,,,2,2023-06-17T02:44:35+00:00
SAO_856R-10,São Paulo,3550308,True,,34196,,,-23.5312165,-46.67845,,,,2,2023-06-17T02:44:24+00:00
SAO_2010-10,São Paulo,3550308,True,,34872,,,-23.477224999999997,-46.5641905,,,,2,2023-06-17T02:43:54+00:00
SAO_2010-10,São Paulo,3550308,True,,34872,,,-23.50345,-46.621289000000004,,,,2,2023-06-17T02:43:13+00:00
SAO_2010-10,São Paulo,3550308,True,,34872,,,-23.477516625,-46.564321375,,,,2,2023-06-17T02:44:04+00:00
SAO_2010-10,São Paulo,3550308,True,,34872,,,-23.4815795,-46.571271,,,,2,2023-06-17T02:42:20+00:00
SAO_775A-10,São Paulo,3550308,True,,33241,,,-23.5728655,-46.689481625,,,,2,2023-06-17T02:44:15+00:00
SAO_775A-10,São Paulo,3550308,True,,33241,,,-23.5619675,-46.7643025,,,,2,2023-06-17T02:44:33+00:00
SAO_775A-10,São Paulo,3550308,True,,33241,,,-23.5765515,-46.7425915,,,,2,2023-06-17T02:44:38+00:00
SAO_4315-10,São Paulo,3550308,True,,34943,,,-23.553221999999998,-46.528059,,,,2,2023-06-17T02:43:56+00:00
SAO_4315-10,São Paulo,3550308,True,,34943,,,-23.544799250000004,-46.59444487499999,,,,2,2023-06-17T02:43:56+00:00
SAO_4315-10,São Paulo,3550308,True,,34943,,,-23.538682,-46.565627500000005,,,,2,2023-06-17T02:41:19+00:00
SAO_6826-10,São Paulo,3550308,True,BR7 Mobilidade,16,https://moovitapp.com/index/pt-br/transporte_p%C3%BAblico-line-16-Sao_Paulo-242-851856-513215-0,5.75,-23.672441499999998,-46.7875225,,,,1,2023-06-17T02:44:33+00:00
SAO_6826-10,São Paulo,3550308,True,BR7 Mobilidade,16,https://moovitapp.com/index/pt-br/transporte_p%C3%BAblico-line-16-Sao_Paulo-242-851856-513215-0,5.75,-23.654369000000003,-46.762426500000004,,,,1,2023-06-17T02:44:19+00:00
SAO_546J-10,São Paulo,3550308,True,,1133,,,-23.67820125,-46.68439225,,,,1,2023-06-17T02:43:53+00:00
SAO_546J-10,São Paulo,3550308,True,,1133,,,-23.6541985,-46.704713999999996,,,,1,2023-06-17T02:44:09+00:00
SAO_475M-10,São Paulo,3550308,True,,33111,,,-23.598893,-46.616175999999996,,,,2,2023-06-17T02:43:58+00:00
SAO_475M-10,São Paulo,3550308,True,,33111,,,-23.617908999999997,-46.618153500000005,,,,2,2023-06-17T02:44:10+00:00
SAO_4312-10,São Paulo,3550308,True,,2172,,,-23.5515695,-46.624459,,,,1,2023-06-17T02:43:55+00:00
SAO_4312-10,São Paulo,3550308,True,,2172,,,-23.5416575,-46.511818250000005,,,,1,2023-06-17T02:44:19+00:00
SAO_4312-10,São Paulo,3550308,True,,2172,,,-23.5702925,-46.489608000000004,,,,1,2023-06-17T02:44:23+00:00
SAO_4312-10,São Paulo,3550308,True,,2172,,,-23.5409108125,-46.5773454375,,,,1,2023-06-17T02:44:32+00:00
SAO_4312-10,São Paulo,3550308,True,,2172,,,-23.54645675,-46.629903999999996,,,,1,2023-06-17T02:44:27+00:00
SAO_5129-10,São Paulo,3550308,True,,34049,,,-23.6728775,-46.677516499999996,,,,2,2023-06-17T02:44:13+00:00
SAO_5129-10,São Paulo,3550308,True,,34049,,,-23.668323,-46.735209499999996,,,,2,2023-06-17T02:44:33+00:00
SAO_5129-10,São Paulo,3550308,True,,34049,,,-23.68483775,-46.6302575,,,,2,2023-06-17T02:44:27+00:00
SAO_5129-10,São Paulo,3550308,True,,34049,,,-23.66634175,-46.65608025,,,,2,2023-06-17T02:44:13+00:00
SAO_5129-10,São Paulo,3550308,True,,34049,,,-23.679666500000003,-46.6363,,,,2,2023-06-17T02:44:26+00:00
SAO_5129-10,São Paulo,3550308,True,,34049,,,-23.679968000000002,-46.636858000000004,,,,2,2023-06-17T02:44:23+00:00
SAO_5129-10,São Paulo,3550308,True,,34049,,,-23.666162125,-46.705139875,,,,2,2023-06-17T02:42:44+00:00
SAO_1178-10,São Paulo,3550308,True,,132,,,-23.527670999999998,-46.631524,,,,1,2023-06-17T02:44:01+00:00
SAO_1178-10,São Paulo,3550308,True,,132,,,-23.504322000000002,-46.433214,,,,1,2023-06-17T02:44:31+00:00
SAO_1178-10,São Paulo,3550308,True,,132,,,-23.5223485,-46.558676999999996,,,,1,2023-06-17T02:43:05+00:00
SAO_1178-10,São Paulo,3550308,True,,132,,,-23.5005485,-46.4698905,,,,1,2023-06-17T02:44:20+00:00
SAO_1178-10,São Paulo,3550308,True,,132,,,-23.5420535,-46.6349155,,,,1,2023-06-17T02:43:57+00:00
SAO_1178-10,São Paulo,3550308,True,,132,,,-23.504322000000002,-46.433214,,,,1,2023-06-17T02:44:06+00:00
SAO_1178-10,São Paulo,3550308,True,,132,,,-23.508931750000002,-46.53887575,,,,1,2023-06-17T02:44:28+00:00
SAO_1178-10,São Paulo,3550308,True,,132,,,-23.54171975,-46.63517325,,,,1,2023-06-17T02:44:33+00:00
SAO_5632-10,São Paulo,3550308,True,,81,,,-23.7375215,-46.709300999999996,,,,1,2023-06-17T02:44:35+00:00
SAO_5632-10,São Paulo,3550308,True,,81,,,-23.7374395,-46.703742000000005,,,,1,2023-06-17T02:44:39+00:00
SAO_5632-10,São Paulo,3550308,True,,81,,,-23.5838385,-46.6526995,,,,1,2023-06-17T02:43:56+00:00
SAO_5632-10,São Paulo,3550308,True,,81,,,-23.613378875,-46.671331374999994,,,,1,2023-06-17T02:44:35+00:00
SAO_6099-10,São Paulo,3550308,True,,34355,,,-23.7582485,-46.7147595,,,,2,2023-06-17T02:44:29+00:00
SAO_6099-10,São Paulo,3550308,True,,34355,,,-23.8436825,-46.743179,,,,2,2023-06-17T02:43:59+00:00
SAO_6099-10,São Paulo,3550308,False,,34355,,,-23.80157825,-46.73396275,,,,2,2023-06-17T02:44:10+00:00
SAO_6099-10,São Paulo,3550308,True,,34355,,,-23.7367155,-46.697201,,,,2,2023-06-17T02:44:37+00:00
SAO_2626-10,São Paulo,3550308,True,EMTU,376,https://moovitapp.com/index/pt-br/transporte_p%C3%BAblico-line-376-Sao_Paulo-242-2038937-114744732-0,5.1,-23.54482325,-46.62596275,,,,1,2023-06-17T02:44:27+00:00
SAO_2626-10,São Paulo,3550308,True,EMTU,376,https://moovitapp.com/index/pt-br/transporte_p%C3%BAblico-line-376-Sao_Paulo-242-2038937-114744732-0,5.1,-23.537943499999997,-46.59782787500001,,,,1,2023-06-17T02:44:05+00:00
SAO_2626-10,São Paulo,3550308,True,EMTU,376,https://moovitapp.com/index/pt-br/transporte_p%C3%BAblico-line-376-Sao_Paulo-242-2038937-114744732-0,5.1,-23.494611749999997,-46.414021250000005,,,,1,2023-06-17T02:44:00+00:00
SAO_2626-10,São Paulo,3550308,True,EMTU,376,https://moovitapp.com/index/pt-br/transporte_p%C3%BAblico-line-376-Sao_Paulo-242-2038937-114744732-0,5.1,-23.507144750000002,-46.47872375,,,,1,2023-06-17T02:44:23+00:00
SAO_2626-10,São Paulo,3550308,True,EMTU,376,https://moovitapp.com/index/pt-br/transporte_p%C3%BAblico-line-376-Sao_Paulo-242-2038937-114744732-0,5.1,-23.495254000000003,-46.4290445,,,,1,2023-06-17T02:44:15+00:00
SAO_2626-10,São Paulo,3550308,True,EMTU,376,https://moovitapp.com/index/pt-br/transporte_p%C3%BAblico-line-376-Sao_Paulo-242-2038937-114744732-0,5.1,-23.529572,-46.553709999999995,,,,1,2023-06-17T02:42:16+00:00
SAO_2626-10,São Paulo,3550308,True,EMTU,376,https://moovitapp.com/index/pt-br/transporte_p%C3%BAblico-line-376-Sao_Paulo-242-2038937-114744732-0,5.1,-23.524331250000003,-46.4104785,,,,1,2023-06-17T02:44:21+00:00
SAO_2626-10,São Paulo,3550308,True,EMTU,376,https://moovitapp.com/index/pt-br/transporte_p%C3%BAblico-line-376-Sao_Paulo-242-2038937-114744732-0,5.1,-23.523035999999998,-46.5354445,,,,1,2023-06-17T02:41:59+00:00
SAO_5106-21,São Paulo,3550308,True,,34740,,,-23.6076295,-46.676446125,,,,2,2023-06-17T02:44:26+00:00
SAO_5106-21,São Paulo,3550308,True,,34740,,,-23.6848065,-46.653604,,,,2,2023-06-17T02:43:59+00:00
SAO_5106-21,São Paulo,3550308,True,,34740,,,-23.635889,-46.6414665,,,,2,2023-06-17T02:44:14+00:00
SAO_5106-21,São Paulo,3550308,True,,34740,,,-23.6848065,-46.653604,,,,2,2023-06-17T02:44:14+00:00
SAO_5106-21,São Paulo,3550308,True,,34740,,,-23.6136795,-46.695497,,,,2,2023-06-17T02:43:58+00:00
SAO_5106-21,São Paulo,3550308,True,,34740,,,-23.677845,-46.6295135,,,,2,2023-06-17T02:41:35+00:00
SAO_5106-21,São Paulo,3550308,True,,34740,,,-23.679767,-46.631440125,,,,2,2023-06-17T02:43:21+00:00
SAO_5106-21,São Paulo,3550308,True,,34740,,,-23.694097999999997,-46.64625100000001,,,,2,2023-06-17T02:44:16+00:00
SAO_5106-21,São Paulo,3550308,True,,34740,,,-23.606142249999998,-46.67394725,,,,2,2023-06-17T02:44:03+00:00
SAO_5106-21,São Paulo,3550308,True,,34740,,,-23.6949545,-46.64853925,,,,2,2023-06-17T02:44:35+00:00
SAO_5106-21,São Paulo,3550308,True,,34740,,,-23.60895825,-46.67042087499999,,,,2,2023-06-17T02:44:37+00:00
SAO_5106-21,São Paulo,3550308,True,,34740,,,-23.6848065,-46.653604,,,,2,2023-06-17T02:44:06+00:00
SAO_702U-10,São Paulo,3550308,True,,34098,,,-23.560009375,-46.728400375,,,,2,2023-06-17T02:44:22+00:00
SAO_702U-10,São Paulo,3550308,True,,34098,,,-23.5521175,-46.7315415,,,,2,2023-06-17T02:44:23+00:00
SAO_702U-10,São Paulo,3550308,True,,34098,,,-23.547648,-46.630084999999994,,,,2,2023-06-17T02:44:19+00:00
SAO_702U-10,São Paulo,3550308,True,,34098,,,-23.572155000000002,-46.70553525,,,,2,2023-06-17T02:41:16+00:00
SAO_702U-10,São Paulo,3550308,True,,34098,,,-23.552259499999998,-46.731811,,,,2,2023-06-17T02:44:35+00:00
SAO_702U-10,São Paulo,3550308,True,,34098,,,-23.5521175,-46.7315415,,,,2,2023-06-17T02:43:55+00:00
SAO_2551-10,São Paulo,3550308,True,,32909,,,-23.517523,-46.480799000000005,,,,2,2023-06-17T02:43:55+00:00
SAO_2551-10,São Paulo,3550308,True,,32909,,,-23.499861250000002,-46.52891425,,,,2,2023-06-17T02:44:25+00:00
SAO_2551-10,São Paulo,3550308,True,,32909,,,-23.5173865,-46.47583825,,,,2,2023-06-17T02:44:26+00:00
SAO_2551-10,São Paulo,3550308,True,,32909,,,-23.538787999999997,-46.605272750000005,,,,2,2023-06-17T02:44:20+00:00
SAO_2551-10,São Paulo,3550308,True,,32909,,,-23.546832000000002,-46.6301665,,,,2,2023-06-17T02:44:17+00:00
SAO_1206-10,São Paulo,3550308,True,EMTU,842,https://moovitapp.com/index/pt-br/transporte_p%C3%BAblico-line-842-Sao_Paulo-242-2038937-36419605-0,7.15,-23.538731,-46.6048935,,,,1,2023-06-17T02:44:30+00:00
SAO_5012-10,São Paulo,3550308,True,,33884,,,-23.6964265,-46.632939,,,,2,2023-06-17T02:44:34+00:00
SAO_5012-10,São Paulo,3550308,True,,33884,,,-23.709882999999998,-46.6356035,,,,2,2023-06-17T02:44:26+00:00
SAO_5012-10,São Paulo,3550308,True,,33884,,,-23.7100645,-46.6359875,,,,2,2023-06-17T02:44:14+00:00
SAO_5012-10,São Paulo,3550308,True,,33884,,,-23.6459105,-46.6397875,,,,2,2023-06-17T02:44:36+00:00
SAO_5012-10,São Paulo,3550308,True,,33884,,,-23.71303375,-46.63463575,,,,2,2023-06-17T02:44:34+00:00
SAO_5012-10,São Paulo,3550308,True,,33884,,,-23.709882999999998,-46.6356035,,,,2,2023-06-17T02:44:02+00:00
SAO_5012-10,São Paulo,3550308,True,,33884,,,-23.709564999999998,-46.63530575,,,,2,2023-06-17T02:44:20+00:00
SAO_5012-10,São Paulo,3550308,True,,33884,,,-23.710048999999998,-46.6358415,,,,2,2023-06-17T02:44:07+00:00
SAO_5012-10,São Paulo,3550308,True,,33884,,,-23.6459105,-46.6397875,,,,2,2023-06-17T02:44:16+00:00
SAO_5012-10,São Paulo,3550308,True,,33884,,,-23.6459105,-46.6397875,,,,2,2023-06-17T02:44:22+00:00
SAO_509J-10,São Paulo,3550308,True,EMTU,264,https://moovitapp.com/index/pt-br/transporte_p%C3%BAblico-line-264-Sao_Paulo-242-2038937-36419374-0,6.2,-23.687447499999998,-46.655168,,,,1,2023-06-17T02:44:05+00:00
SAO_509J-10,São Paulo,3550308,True,EMTU,264,https://moovitapp.com/index/pt-br/transporte_p%C3%BAblico-line-264-Sao_Paulo-242-2038937-36419374-0,6.2,-23.669606,-46.670376000000005,,,,1,2023-06-17T02:44:30+00:00
SAO_509J-10,São Paulo,3550308,True,EMTU,264,https://moovitapp.com/index/pt-br/transporte_p%C3%BAblico-line-264-Sao_Paulo-242-2038937-36419374-0,6.2,-23.665792,-46.677240499999996,,,,1,2023-06-17T02:44:15+00:00
SAO_509J-10,São Paulo,3550308,True,EMTU,264,https://moovitapp.com/index/pt-br/transporte_p%C3%BAblico-line-264-Sao_Paulo-242-2038937-36419374-0,6.2,-23.639591499999998,-46.673327,,,,1,2023-06-17T02:44:34+00:00
SAO_509J-10,São Paulo,3550308,True,EMTU,264,https://moovitapp.com/index/pt-br/transporte_p%C3%BAblico-line-264-Sao_Paulo-242-2038937-36419374-0,6.2,-23.687447499999998,-46.655168,,,,1,2023-06-17T02:44:38+00:00
SAO_857A-10,São Paulo,3550308,True,,34693,,,-23.6310935,-46.773485,,,,2,2023-06-17T02:44:18+00:00
SAO_857A-10,São Paulo,3550308,True,,34693,,,-23.631218,-46.773197499999995,,,,2,2023-06-17T02:44:12+00:00
SAO_857A-10,São Paulo,3550308,True,,34693,,,-23.571949,-46.6900785,,,,2,2023-06-17T02:44:11+00:00
SAO_857A-10,São Paulo,3550308,True,,34693,,,-23.6313825,-46.77286,,,,2,2023-06-17T02:43:56+00:00
SAO_857A-10,São Paulo,3550308,True,,34693,,,-23.579463750000002,-46.685451,,,,2,2023-06-17T02:44:36+00:00
SAO_857A-10,São Paulo,3550308,True,,34693,,,-23.59815025,-46.645907750000006,,,,2,2023-06-17T02:44:15+00:00
SAO_857A-10,São Paulo,3550308,True,,34693,,,-23.6312955,-46.773033999999996,,,,2,2023-06-17T02:44:32+00:00
SAO_809H-10,São Paulo,3550308,True,,2245,,,-23.580671000000002,-46.794031000000004,,,,1,2023-06-17T02:44:19+00:00
SAO_809H-10,São Paulo,3550308,True,,2245,,,-23.5211665,-46.72905675,,,,1,2023-06-17T02:44:21+00:00
SAO_809H-10,São Paulo,3550308,True,,2245,,,-23.5832665,-46.771852499999994,,,,1,2023-06-17T02:44:39+00:00
SAO_809H-10,São Paulo,3550308,True,,2245,,,-23.5510456875,-46.740044062500004,,,,1,2023-06-17T02:44:40+00:00
SAO_809H-10,São Paulo,3550308,True,,2245,,,-23.580671000000002,-46.794031000000004,,,,1,2023-06-17T02:44:14+00:00
SAO_809H-10,São Paulo,3550308,True,,2245,,,-23.550664437500004,-46.739648312499995,,,,1,2023-06-17T02:44:39+00:00
SAO_809H-10,São Paulo,3550308,True,,2245,,,-23.54262475,-46.73122875,,,,1,2023-06-17T02:44:11+00:00
SAO_6017-10,São Paulo,3550308,True,,33974,,,-23.66956725,-46.73640925,,,,2,2023-06-17T02:44:30+00:00
SAO_6017-10,São Paulo,3550308,True,,33974,,,-23.688845375,-46.77301675,,,,2,2023-06-17T02:44:11+00:00
SAO_6017-10,São Paulo,3550308,True,,33974,,,-23.678634000000002,-46.76326,,,,2,2023-06-17T02:44:35+00:00
SAO_6017-10,São Paulo,3550308,True,,33974,,,-23.696951,-46.761001,,,,2,2023-06-17T02:44:26+00:00
SAO_6017-10,São Paulo,3550308,True,,33974,,,-23.6848575,-46.7702205,,,,2,2023-06-17T02:44:29+00:00
SAO_6017-10,São Paulo,3550308,True,,33974,,,-23.691622000000002,-46.775622999999996,,,,2,2023-06-17T02:44:29+00:00
SAO_6017-10,São Paulo,3550308,True,,33974,,,-23.687833,-46.7721405,,,,2,2023-06-17T02:44:18+00:00
SAO_6017-10,São Paulo,3550308,True,,33974,,,-23.697047,-46.760983499999995,,,,2,2023-06-17T02:44:14+00:00
SAO_8542-21,São Paulo,3550308,True,,1361,,,-23.4735895,-46.7026745,,,,1,2023-06-17T02:44:36+00:00
SAO_8542-21,São Paulo,3550308,True,,1361,,,-23.512507999999997,-46.690535,,,,1,2023-06-17T02:44:00+00:00
SAO_8542-21,São Paulo,3550308,True,,1361,,,-23.475505,-46.679226,,,,1,2023-06-17T02:44:11+00:00
SAO_978J-10,São Paulo,3550308,True,,33359,,,-23.5302285,-46.66669375,,,,2,2023-06-17T02:44:37+00:00
SAO_978J-10,São Paulo,3550308,True,,33359,,,-23.436899500000003,-46.739963,,,,2,2023-06-17T02:44:29+00:00
SAO_978J-10,São Paulo,3550308,True,,33359,,,-23.436899500000003,-46.739963,,,,2,2023-06-17T02:44:18+00:00
SAO_978J-10,São Paulo,3550308,True,,33359,,,-23.448965,-46.733435,,,,2,2023-06-17T02:44:12+00:00
SAO_978J-10,São Paulo,3550308,True,,33359,,,-23.452653499999997,-46.7187165,,,,2,2023-06-17T02:44:22+00:00
SAO_978J-10,São Paulo,3550308,True,,33359,,,-23.437015000000002,-46.740024000000005,,,,2,2023-06-17T02:44:26+00:00
SAO_2014-10,São Paulo,3550308,True,,33668,,,-23.457804000000003,-46.67038,,,,2,2023-06-17T02:44:02+00:00
SAO_2014-10,São Paulo,3550308,True,,33668,,,-23.482147,-46.6731295,,,,2,2023-06-17T02:44:22+00:00
SAO_2014-10,São Paulo,3550308,True,,33668,,,-23.462994000000002,-46.6697405,,,,2,2023-06-17T02:44:06+00:00
SAO_2014-10,São Paulo,3550308,True,,33668,,,-23.4775785,-46.671356249999995,,,,2,2023-06-17T02:44:36+00:00
SAO_2014-10,São Paulo,3550308,True,,33668,,,-23.457437,-46.670062,,,,2,2023-06-17T02:44:08+00:00
SAO_2014-10,São Paulo,3550308,True,,33668,,,-23.4796945,-46.6728645,,,,2,2023-06-17T02:44:10+00:00
SAO_2014-10,São Paulo,3550308,True,,33668,,,-23.457342,-46.669977,,,,2,2023-06-17T02:44:12+00:00
SAO_2014-10,São Paulo,3550308,True,,33668,,,-23.478277374999998,-46.671828625,,,,2,2023-06-17T02:44:40+00:00
SAO_2014-10,São Paulo,3550308,True,,33668,,,-23.457437,-46.670062,,,,2,2023-06-17T02:43:55+00:00
SAO_2014-10,São Paulo,3550308,True,,33668,,,-23.529788500000002,-46.677538999999996,,,,2,2023-06-17T02:44:18+00:00
SAO_2014-10,São Paulo,3550308,True,,33668,,,-23.52287925,-46.669068,,,,2,2023-06-17T02:44:19+00:00
SAO_2014-10,São Paulo,3550308,True,,33668,,,-23.5262215,-46.6723845,,,,2,2023-06-17T02:44:15+00:00
SAO_2014-10,São Paulo,3550308,True,,33668,,,-23.457582000000002,-46.670192,,,,2,2023-06-17T02:44:17+00:00
SAO_2014-10,São Paulo,3550308,True,,33668,,,-23.457582000000002,-46.670192,,,,2,2023-06-17T02:44:25+00:00
SAO_2014-10,São Paulo,3550308,True,,33668,,,-23.495538,-46.660937000000004,,,,2,2023-06-17T02:43:56+00:00
SAO_3064-10,São Paulo,3550308,True,,33748,,,-23.601957499999997,-46.3986365,,,,2,2023-06-17T02:44:06+00:00
SAO_3064-10,São Paulo,3550308,True,,33748,,,-23.602252999999997,-46.3983735,,,,2,2023-06-17T02:44:27+00:00
SAO_3064-10,São Paulo,3550308,True,,33748,,,-23.564962,-46.415743,,,,2,2023-06-17T02:44:14+00:00
SAO_3064-10,São Paulo,3550308,True,,33748,,,-23.6038765,-46.398532,,,,2,2023-06-17T02:44:08+00:00
SAO_3064-10,São Paulo,3550308,True,,33748,,,-23.5430265,-46.4157135,,,,2,2023-06-17T02:42:44+00:00
SAO_3064-10,São Paulo,3550308,True,,33748,,,-23.556435999999998,-46.411272,,,,2,2023-06-17T02:44:32+00:00
SAO_3064-10,São Paulo,3550308,True,,33748,,,-23.543045,-46.415614500000004,,,,2,2023-06-17T02:44:07+00:00
SAO_3064-10,São Paulo,3550308,True,,33748,,,-23.583129,-46.4092945,,,,2,2023-06-17T02:43:54+00:00
SAO_3064-10,São Paulo,3550308,True,,33748,,,-23.574531,-46.415983,,,,2,2023-06-17T02:44:20+00:00
SAO_3064-10,São Paulo,3550308,True,,33748,,,-23.582452,-46.40991075,,,,2,2023-06-17T02:43:51+00:00
SAO_3064-10,São Paulo,3550308,True,,33748,,,-23.599097999999998,-46.402054250000006,,,,2,2023-06-17T02:43:11+00:00
SAO_3064-10,São Paulo,3550308,True,,33748,,,-23.602453,-46.3982015,,,,2,2023-06-17T02:44:21+00:00
SAO_3728-10,São Paulo,3550308,True,,33793,,,-23.542378,-46.48379425,,,,2,2023-06-17T02:44:10+00:00
SAO_3728-10,São Paulo,3550308,True,,33793,,,-23.55420325,-46.491747000000004,,,,2,2023-06-17T02:44:24+00:00
SAO_3728-10,São Paulo,3550308,True,,33793,,,-23.542556,-46.48409475,,,,2,2023-06-17T02:44:23+00:00
SAO_3728-10,São Paulo,3550308,True,,33793,,,-23.5445135,-46.487151999999995,,,,2,2023-06-17T02:44:32+00:00
SAO_3728-10,São Paulo,3550308,True,,33793,,,-23.573332999999998,-46.4906425,,,,2,2023-06-17T02:44:36+00:00
SAO_3728-10,São Paulo,3550308,True,,33793,,,-23.5737035,-46.4903705,,,,2,2023-06-17T02:44:23+00:00
SAO_3728-10,São Paulo,3550308,True,,33793,,,-23.569523,-46.48683175,,,,2,2023-06-17T02:44:26+00:00
SAO_407J-10,São Paulo,3550308,True,,2198,,,-23.534178500000003,-46.452845499999995,,,,1,2023-06-17T02:44:20+00:00
SAO_407J-10,São Paulo,3550308,True,,2198,,,-23.5513555,-46.400177,,,,1,2023-06-17T02:44:26+00:00
SAO_407J-10,São Paulo,3550308,True,,2198,,,-23.54807875,-46.53864475,,,,1,2023-06-17T02:44:27+00:00
SAO_407J-10,São Paulo,3550308,True,,2198,,,-23.54132,-46.57769475,,,,1,2023-06-17T02:44:32+00:00
SAO_407J-10,São Paulo,3550308,True,,2198,,,-23.53898625,-46.4564075,,,,1,2023-06-17T02:41:34+00:00
SAO_407J-10,São Paulo,3550308,True,,2198,,,-23.543767,-46.410461,,,,1,2023-06-17T02:44:07+00:00
SAO_8025-10,São Paulo,3550308,True,,34844,,,-23.58926875,-46.73744675,,,,2,2023-06-17T02:43:53+00:00
SAO_8025-10,São Paulo,3550308,True,,34844,,,-23.590518,-46.76971475,,,,2,2023-06-17T02:44:32+00:00
SAO_8025-10,São Paulo,3550308,True,,34844,,,-23.590267625000003,-46.771824,,,,2,2023-06-17T02:44:02+00:00
SAO_8025-10,São Paulo,3550308,True,,34844,,,-23.5906905,-46.76016525,,,,2,2023-06-17T02:43:57+00:00
SAO_8605-10,São Paulo,3550308,True,,1917,,,-23.59685225,-46.739891875,,,,1,2023-06-17T02:44:27+00:00
SAO_8605-10,São Paulo,3550308,True,,1917,,,-23.5771655,-46.6726715,,,,1,2023-06-17T02:44:38+00:00
SAO_2730-10,São Paulo,3550308,True,,33713,,,-23.510537499999998,-46.4468945,,,,2,2023-06-17T02:44:25+00:00
SAO_2730-10,São Paulo,3550308,True,,33713,,,-23.501955375,-46.451289375,,,,2,2023-06-17T02:43:53+00:00
SAO_2730-10,São Paulo,3550308,True,,33713,,,-23.52797175,-46.47427625,,,,2,2023-06-17T02:44:26+00:00
SAO_2730-10,São Paulo,3550308,True,,33713,,,-23.5105165,-46.446583499999996,,,,2,2023-06-17T02:44:08+00:00
SAO_2730-10,São Paulo,3550308,True,,33713,,,-23.5162865,-46.46791,,,,2,2023-06-17T02:44:23+00:00
SAO_2730-10,São Paulo,3550308,True,,33713,,,-23.510495499999998,-46.4462745,,,,2,2023-06-17T02:44:00+00:00
SAO_2730-10,São Paulo,3550308,True,,33713,,,-23.510495499999998,-46.4462745,,,,2,2023-06-17T02:44:19+00:00
SAO_2730-10,São Paulo,3550308,True,,33713,,,-23.510537499999998,-46.4468945,,,,2,2023-06-17T02:44:10+00:00
SAO_2730-10,São Paulo,3550308,True,,33713,,,-23.539233625,-46.482404,,,,2,2023-06-17T02:44:00+00:00
SAO_2730-10,São Paulo,3550308,True,,33713,,,-23.5009125,-46.45111925,,,,2,2023-06-17T02:44:32+00:00
SAO_2730-10,São Paulo,3550308,True,,33713,,,-23.513798,-46.4627275,,,,2,2023-06-17T02:43:56+00:00
SAO_3761-10,São Paulo,3550308,True,,1051,,,-23.61839375,-46.42342575,,,,1,2023-06-17T02:44:10+00:00
SAO_3761-10,São Paulo,3550308,True,,1051,,,-23.537625999999996,-46.56210568750001,,,,1,2023-06-17T02:44:32+00:00
SAO_3761-10,São Paulo,3550308,True,,1051,,,-23.53890425,-46.54396,,,,1,2023-06-17T02:44:34+00:00
SAO_3761-10,São Paulo,3550308,True,,1051,,,-23.5785145,-46.495988499999996,,,,1,2023-06-17T02:44:05+00:00
SAO_3761-10,São Paulo,3550308,True,,1051,,,-23.618599,-46.4234555,,,,1,2023-06-17T02:44:18+00:00
SAO_3761-10,São Paulo,3550308,True,,1051,,,-23.5380945,-46.564400750000004,,,,1,2023-06-17T02:44:19+00:00
SAO_3761-10,São Paulo,3550308,True,,1051,,,-23.595074,-46.4396905,,,,1,2023-06-17T02:44:24+00:00
SAO_3738-10,São Paulo,3550308,True,,1038,,,-23.541168749999997,-46.45164375,,,,1,2023-06-17T02:44:11+00:00
SAO_3738-10,São Paulo,3550308,True,,1038,,,-23.5422665,-46.470055,,,,1,2023-06-17T02:43:57+00:00
SAO_3738-10,São Paulo,3550308,True,,1038,,,-23.5644815,-46.406800000000004,,,,1,2023-06-17T02:44:01+00:00
SAO_3738-10,São Paulo,3550308,True,,1038,,,-23.5510725,-46.4367635,,,,1,2023-06-17T02:44:22+00:00
SAO_1760-10,São Paulo,3550308,True,EMTU,557,https://moovitapp.com/index/pt-br/transporte_p%C3%BAblico-line-557-Sao_Paulo-242-2038937-36419558-0,6.2,-23.4560825,-46.655779499999994,,,,1,2023-06-17T02:44:34+00:00
SAO_1760-10,São Paulo,3550308,True,EMTU,557,https://moovitapp.com/index/pt-br/transporte_p%C3%BAblico-line-557-Sao_Paulo-242-2038937-36419558-0,6.2,-23.4988015,-46.6265425,,,,1,2023-06-17T02:44:17+00:00
SAO_408A-10,São Paulo,3550308,True,,33534,,,-23.543692999999998,-46.672401,,,,2,2023-06-17T02:44:27+00:00
SAO_408A-10,São Paulo,3550308,True,,33534,,,-23.58019875,-46.633423875,,,,2,2023-06-17T02:44:34+00:00
SAO_408A-10,São Paulo,3550308,True,,33534,,,-23.58005825,-46.633172625,,,,2,2023-06-17T02:44:34+00:00
SAO_408A-10,São Paulo,3550308,True,,33534,,,-23.543692999999998,-46.672401,,,,2,2023-06-17T02:43:58+00:00
SAO_408A-10,São Paulo,3550308,True,,33534,,,-23.579777,-46.632999,,,,2,2023-06-17T02:44:13+00:00
SAO_408A-10,São Paulo,3550308,True,,33534,,,-23.543692999999998,-46.672401,,,,2,2023-06-17T02:44:05+00:00
SAO_709M-10,São Paulo,3550308,True,,2462,,,-23.627395999999997,-46.688033250000004,,,,1,2023-06-17T02:44:08+00:00
SAO_709M-10,São Paulo,3550308,True,,2462,,,-23.5661695,-46.701891,,,,1,2023-06-17T02:44:00+00:00
SAO_709M-10,São Paulo,3550308,True,,2462,,,-23.654158,-46.710677000000004,,,,1,2023-06-17T02:44:39+00:00
SAO_709M-10,São Paulo,3550308,True,,2462,,,-23.645304625,-46.700818999999996,,,,1,2023-06-17T02:44:21+00:00
SAO_709M-10,São Paulo,3550308,True,,2462,,,-23.5658305,-46.701625500000006,,,,1,2023-06-17T02:43:59+00:00
SAO_5013-10,São Paulo,3550308,True,,33885,,,-23.6776175,-46.629261,,,,2,2023-06-17T02:38:30+00:00
SAO_5013-10,São Paulo,3550308,True,,33885,,,-23.6812385,-46.633822499999994,,,,2,2023-06-17T02:44:03+00:00
SAO_5013-10,São Paulo,3550308,True,,33885,,,-23.681486,-46.63249275,,,,2,2023-06-17T02:44:40+00:00
SAO_5013-10,São Paulo,3550308,True,,33885,,,-23.680918874999996,-46.632875125,,,,2,2023-06-17T02:41:52+00:00
SAO_5013-10,São Paulo,3550308,True,,33885,,,-23.672126125,-46.66713075,,,,2,2023-06-17T02:44:13+00:00
SAO_5013-10,São Paulo,3550308,True,,33885,,,-23.6784805,-46.684785500000004,,,,2,2023-06-17T02:44:33+00:00
SAO_5013-10,São Paulo,3550308,True,,33885,,,-23.663834,-46.6913885,,,,2,2023-06-17T02:44:26+00:00
SAO_5013-10,São Paulo,3550308,True,,33885,,,-23.676828,-46.65915525,,,,2,2023-06-17T02:43:11+00:00
SAO_364A-10,São Paulo,3550308,True,,34014,,,-23.5910835,-46.540996750000005,,,,2,2023-06-17T02:44:26+00:00
SAO_364A-10,São Paulo,3550308,True,,34014,,,-23.583469625000003,-46.60708925,,,,2,2023-06-17T02:44:21+00:00
SAO_364A-10,São Paulo,3550308,True,,34014,,,-23.583879,-46.6110585,,,,2,2023-06-17T02:44:22+00:00
SAO_364A-10,São Paulo,3550308,True,,34014,,,-23.5809995,-46.556679,,,,2,2023-06-17T02:44:27+00:00
SAO_364A-10,São Paulo,3550308,True,,34014,,,-23.581922,-46.588783,,,,2,2023-06-17T02:44:38+00:00
SAO_364A-10,São Paulo,3550308,True,,34014,,,-23.565268,-46.507639,,,,2,2023-06-17T02:44:40+00:00
SAO_364A-10,São Paulo,3550308,True,,34014,,,-23.5847285,-46.611627500000004,,,,2,2023-06-17T02:44:14+00:00
SAO_877T-10,São Paulo,3550308,True,,1381,,,-23.571849,-46.64370825,,,,1,2023-06-17T02:44:32+00:00
SAO_877T-10,São Paulo,3550308,True,,1381,,,-23.52269875,-46.710620000000006,,,,1,2023-06-17T02:44:19+00:00
SAO_877T-10,São Paulo,3550308,True,,1381,,,-23.5133425,-46.7218615,,,,1,2023-06-17T02:44:33+00:00
SAO_3301-10,São Paulo,3550308,True,,1618,,,-23.54620025,-46.63007,,,,1,2023-06-17T02:44:19+00:00
SAO_3301-10,São Paulo,3550308,True,,1618,,,-23.50722125,-46.481438499999996,,,,1,2023-06-17T02:44:31+00:00
SAO_3301-10,São Paulo,3550308,True,,1618,,,-23.5227955,-46.548518125,,,,1,2023-06-17T02:44:27+00:00
SAO_3301-10,São Paulo,3550308,True,,1618,,,-23.542247500000002,-46.61546725,,,,1,2023-06-17T02:43:58+00:00
SAO_675K-10,São Paulo,3550308,True,,32966,,,-23.64735775,-46.70356674999999,,,,2,2023-06-17T02:43:59+00:00
SAO_675K-10,São Paulo,3550308,True,,32966,,,-23.59803725,-46.647161374999996,,,,2,2023-06-17T02:44:25+00:00
SAO_675K-10,São Paulo,3550308,True,,32966,,,-23.597742250000003,-46.65071475,,,,2,2023-06-17T02:44:38+00:00
SAO_675K-10,São Paulo,3550308,True,,32966,,,-23.689947,-46.7740025,,,,2,2023-06-17T02:44:18+00:00
SAO_675K-10,São Paulo,3550308,True,,32966,,,-23.6901525,-46.774198999999996,,,,2,2023-06-17T02:44:39+00:00
SAO_675K-10,São Paulo,3550308,True,,32966,,,-23.633492750000002,-46.690376,,,,2,2023-06-17T02:44:09+00:00
SAO_675K-10,São Paulo,3550308,True,,32966,,,-23.689947,-46.7740025,,,,2,2023-06-17T02:44:31+00:00
SAO_675K-10,São Paulo,3550308,True,,32966,,,-23.6903555,-46.7743995,,,,2,2023-06-17T02:44:13+00:00
SAO_675K-10,São Paulo,3550308,True,,32966,,,-23.675689,-46.7542845,,,,2,2023-06-17T02:44:15+00:00
SAO_675K-10,São Paulo,3550308,True,,32966,,,-23.619792750000002,-46.677544499999996,,,,2,2023-06-17T02:44:17+00:00
SAO_675K-10,São Paulo,3550308,True,,32966,,,-23.677212500000003,-46.760749000000004,,,,2,2023-06-17T02:43:15+00:00
SAO_675K-10,São Paulo,3550308,True,,32966,,,-23.674899500000002,-46.748306,,,,2,2023-06-17T02:44:27+00:00
SAO_675K-10,São Paulo,3550308,True,,32966,,,-23.684060000000002,-46.770033,,,,2,2023-06-17T02:44:18+00:00
SAO_3033-10,São Paulo,3550308,True,,968,,,-23.610867499999998,-46.4746765,,,,1,2023-06-17T02:43:55+00:00
SAO_3033-10,São Paulo,3550308,True,,968,,,-23.6107935,-46.4748,,,,1,2023-06-17T02:43:59+00:00
SAO_3033-10,São Paulo,3550308,True,,968,,,-23.598109,-46.459244,,,,1,2023-06-17T02:44:15+00:00
SAO_3033-10,São Paulo,3550308,True,,968,,,-23.5723345,-46.4163295,,,,1,2023-06-17T02:44:24+00:00
SAO_3033-10,São Paulo,3550308,True,,968,,,-23.579957,-46.4152845,,,,1,2023-06-17T02:44:16+00:00
SAO_8615-10,São Paulo,3550308,True,,1339,,,-23.52501625,-46.685184250000006,,,,1,2023-06-17T02:43:57+00:00
SAO_8615-10,São Paulo,3550308,True,,1339,,,-23.536467000000002,-46.7242705,,,,1,2023-06-17T02:44:20+00:00
SAO_8615-10,São Paulo,3550308,True,,1339,,,-23.526391,-46.673964,,,,1,2023-06-17T02:44:04+00:00
SAO_8615-10,São Paulo,3550308,True,,1339,,,-23.5249595,-46.695667125,,,,1,2023-06-17T02:44:08+00:00
SAO_8615-10,São Paulo,3550308,True,,1339,,,-23.532923250000003,-46.72326875,,,,1,2023-06-17T02:44:04+00:00
SAO_8615-10,São Paulo,3550308,True,,1339,,,-23.5469375,-46.639476,,,,1,2023-06-17T02:44:24+00:00
SAO_8615-10,São Paulo,3550308,True,,1339,,,-23.546505,-46.630880000000005,,,,1,2023-06-17T02:44:26+00:00
SAO_1778-10,São Paulo,3550308,True,,1789,,,-23.459774375000002,-46.57108674999999,,,,1,2023-06-17T02:41:06+00:00
SAO_1778-10,São Paulo,3550308,True,,1789,,,-23.486939250000002,-46.614409249999994,,,,1,2023-06-17T02:43:32+00:00
SAO_178Y-10,São Paulo,3550308,True,,33636,,,-23.464775500000002,-46.636678,,,,2,2023-06-17T02:43:55+00:00
SAO_178Y-10,São Paulo,3550308,True,,33636,,,-23.481834,-46.6254435,,,,2,2023-06-17T02:44:33+00:00
SAO_5105-10,São Paulo,3550308,True,,34419,,,-23.6034215,-46.602013,,,,2,2023-06-17T02:44:34+00:00
SAO_5105-10,São Paulo,3550308,True,,34419,,,-23.6034215,-46.602013,,,,2,2023-06-17T02:44:22+00:00
SAO_5105-10,São Paulo,3550308,True,,34419,,,-23.5472265,-46.6288135,,,,2,2023-06-17T02:44:30+00:00
SAO_5105-10,São Paulo,3550308,True,,34419,,,-23.5585835,-46.615415,,,,2,2023-06-17T02:44:33+00:00
SAO_5105-10,São Paulo,3550308,True,,34419,,,-23.547292,-46.6287735,,,,2,2023-06-17T02:44:19+00:00
SAO_5105-10,São Paulo,3550308,True,,34419,,,-23.603226749999997,-46.60239175,,,,2,2023-06-17T02:44:30+00:00
SAO_7005-10,São Paulo,3550308,True,,34766,,,-23.684067,-46.769816500000005,,,,2,2023-06-17T02:43:55+00:00
SAO_7005-10,São Paulo,3550308,True,,34766,,,-23.6848575,-46.7702205,,,,2,2023-06-17T02:42:59+00:00
SAO_7005-10,São Paulo,3550308,True,,34766,,,-23.7221965,-46.785171500000004,,,,2,2023-06-17T02:43:59+00:00
SAO_7005-10,São Paulo,3550308,True,,34766,,,-23.684067,-46.769816500000005,,,,2,2023-06-17T02:44:36+00:00
SAO_7005-10,São Paulo,3550308,True,,34766,,,-23.684067,-46.769816500000005,,,,2,2023-06-17T02:43:57+00:00
SAO_3789-10,São Paulo,3550308,True,,33835,,,-23.611663,-46.3964115,,,,2,2023-06-17T02:44:09+00:00
SAO_3789-10,São Paulo,3550308,True,,33835,,,-23.555915875,-46.464984375,,,,2,2023-06-17T02:44:27+00:00
SAO_3789-10,São Paulo,3550308,True,,33835,,,-23.573589,-46.4532815,,,,2,2023-06-17T02:44:11+00:00
SAO_3789-10,São Paulo,3550308,True,,33835,,,-23.542668499999998,-46.471506500000004,,,,2,2023-06-17T02:44:30+00:00
SAO_3789-10,São Paulo,3550308,True,,33835,,,-23.611373,-46.396543,,,,2,2023-06-17T02:44:24+00:00
SAO_3789-10,São Paulo,3550308,True,,33835,,,-23.545734,-46.461129,,,,2,2023-06-17T02:44:20+00:00
SAO_3789-10,São Paulo,3550308,True,,33835,,,-23.589333500000002,-46.415752,,,,2,2023-06-17T02:44:33+00:00
SAO_3789-10,São Paulo,3550308,True,,33835,,,-23.582452,-46.40991075,,,,2,2023-06-17T02:44:32+00:00
SAO_3789-10,São Paulo,3550308,True,,33835,,,-23.597203999999998,-46.404201,,,,2,2023-06-17T02:44:06+00:00
SAO_3789-10,São Paulo,3550308,True,,33835,,,-23.595904250000004,-46.43729625,,,,2,2023-06-17T02:44:22+00:00
SAO_3789-10,São Paulo,3550308,True,,33835,,,-23.611373,-46.396543,,,,2,2023-06-17T02:44:31+00:00
SAO_3789-10,São Paulo,3550308,True,,33835,,,-23.602574,-46.3981365,,,,2,2023-06-17T02:43:59+00:00
SAO_6821-10,São Paulo,3550308,True,BR7 Mobilidade,21,https://moovitapp.com/index/pt-br/transporte_p%C3%BAblico-line-21-Sao_Paulo-242-851856-707765-0,5.75,-23.685882499999998,-46.7807575,,,,1,2023-06-17T02:44:14+00:00
SAO_6821-10,São Paulo,3550308,True,BR7 Mobilidade,21,https://moovitapp.com/index/pt-br/transporte_p%C3%BAblico-line-21-Sao_Paulo-242-851856-707765-0,5.75,-23.685882499999998,-46.7807575,,,,1,2023-06-17T02:44:02+00:00
SAO_6821-10,São Paulo,3550308,True,BR7 Mobilidade,21,https://moovitapp.com/index/pt-br/transporte_p%C3%BAblico-line-21-Sao_Paulo-242-851856-707765-0,5.75,-23.6540545,-46.763478,,,,1,2023-06-17T02:44:32+00:00
SAO_6821-10,São Paulo,3550308,True,BR7 Mobilidade,21,https://moovitapp.com/index/pt-br/transporte_p%C3%BAblico-line-21-Sao_Paulo-242-851856-707765-0,5.75,-23.675608,-46.7739805,,,,1,2023-06-17T02:44:14+00:00
SAO_546T-10,São Paulo,3550308,True,,272,,,-23.6917185,-46.677716000000004,,,,1,2023-06-17T02:44:31+00:00
SAO_546T-10,São Paulo,3550308,True,,272,,,-23.668833,-46.68919525,,,,1,2023-06-17T02:44:14+00:00
SAO_546T-10,São Paulo,3550308,True,,272,,,-23.7036385,-46.627480000000006,,,,1,2023-06-17T02:44:31+00:00
SAO_546T-10,São Paulo,3550308,True,,272,,,-23.6547265,-46.7070535,,,,1,2023-06-17T02:44:37+00:00
SAO_546T-10,São Paulo,3550308,True,,272,,,-23.70225225,-46.634179,,,,1,2023-06-17T02:44:35+00:00
SAO_5123-10,São Paulo,3550308,True,,33893,,,-23.60994025,-46.63796075,,,,2,2023-06-17T02:44:10+00:00
SAO_5123-10,São Paulo,3550308,True,,33893,,,-23.6450955,-46.64122625,,,,2,2023-06-17T02:44:16+00:00
SAO_5123-10,São Paulo,3550308,True,,33893,,,-23.597332,-46.636736,,,,2,2023-06-17T02:44:11+00:00
SAO_5123-10,São Paulo,3550308,True,,33893,,,-23.678922999999998,-46.630571,,,,2,2023-06-17T02:43:13+00:00
SAO_5123-10,São Paulo,3550308,True,,33893,,,-23.681841,-46.6377285,,,,2,2023-06-17T02:36:25+00:00
SAO_5123-10,São Paulo,3550308,True,,33893,,,-23.680958,-46.638784,,,,2,2023-06-17T02:44:01+00:00
SAO_5123-10,São Paulo,3550308,True,,33893,,,-23.6349865,-46.641395,,,,2,2023-06-17T02:44:34+00:00
SAO_5123-10,São Paulo,3550308,True,,33893,,,-23.681403,-46.638069,,,,2,2023-06-17T02:44:26+00:00
SAO_6913-10,São Paulo,3550308,True,,1465,,,-23.55408825,-46.6483535,,,,1,2023-06-17T02:44:31+00:00
SAO_6913-10,São Paulo,3550308,True,,1465,,,-23.585545000000003,-46.670801999999995,,,,1,2023-06-17T02:44:30+00:00
SAO_6913-10,São Paulo,3550308,True,,1465,,,-23.767560000000003,-46.7161905,,,,1,2023-06-17T02:44:24+00:00
SAO_6913-10,São Paulo,3550308,True,,1465,,,-23.5655075,-46.6574515,,,,1,2023-06-17T02:44:18+00:00
SAO_6913-10,São Paulo,3550308,True,,1465,,,-23.739612,-46.701891,,,,1,2023-06-17T02:44:37+00:00
SAO_6913-10,São Paulo,3550308,True,,1465,,,-23.753059,-46.711040499999996,,,,1,2023-06-17T02:44:09+00:00
SAO_6913-10,São Paulo,3550308,True,,1465,,,-23.767560000000003,-46.7161905,,,,1,2023-06-17T02:44:37+00:00
SAO_6913-10,São Paulo,3550308,True,,1465,,,-23.6131125,-46.678164,,,,1,2023-06-17T02:44:36+00:00
SAO_6913-10,São Paulo,3550308,True,,1465,,,-23.5648935,-46.6570955,,,,1,2023-06-17T02:44:36+00:00
SAO_6913-10,São Paulo,3550308,True,,1465,,,-23.767560000000003,-46.7161905,,,,1,2023-06-17T02:43:48+00:00
SAO_6913-10,São Paulo,3550308,True,,1465,,,-23.767560000000003,-46.7161905,,,,1,2023-06-17T02:40:11+00:00
SAO_6913-10,São Paulo,3550308,True,,1465,,,-23.6532135,-46.706331000000006,,,,1,2023-06-17T02:43:56+00:00
SAO_6913-10,São Paulo,3550308,True,,1465,,,-23.68891775,-46.714563,,,,1,2023-06-17T02:44:27+00:00
SAO_2016-10,São Paulo,3550308,True,,33670,,,-23.496797,-46.437765,,,,2,2023-06-17T02:44:23+00:00
SAO_2016-10,São Paulo,3550308,True,,33670,,,-23.494436,-46.4243585,,,,2,2023-06-17T02:43:55+00:00
SAO_2016-10,São Paulo,3550308,True,,33670,,,-23.496636125,-46.40131925,,,,2,2023-06-17T02:44:31+00:00
SAO_2016-10,São Paulo,3550308,True,,33670,,,-23.50372375,-46.376094249999994,,,,2,2023-06-17T02:44:16+00:00
SAO_2016-10,São Paulo,3550308,True,,33670,,,-23.503359250000003,-46.375994750000004,,,,2,2023-06-17T02:44:36+00:00
SAO_3459-10,São Paulo,3550308,True,EMTU,402,https://moovitapp.com/index/pt-br/transporte_p%C3%BAblico-line-402-Sao_Paulo-242-2038937-36419464-0,3.7,-23.5165205,-46.385602000000006,,,,1,2023-06-17T02:44:06+00:00
SAO_3459-10,São Paulo,3550308,True,EMTU,402,https://moovitapp.com/index/pt-br/transporte_p%C3%BAblico-line-402-Sao_Paulo-242-2038937-36419464-0,3.7,-23.5165205,-46.385602000000006,,,,1,2023-06-17T02:44:20+00:00
SAO_3459-10,São Paulo,3550308,True,EMTU,402,https://moovitapp.com/index/pt-br/transporte_p%C3%BAblico-line-402-Sao_Paulo-242-2038937-36419464-0,3.7,-23.51595725,-46.467382375,,,,1,2023-06-17T02:43:03+00:00
SAO_3459-10,São Paulo,3550308,True,EMTU,402,https://moovitapp.com/index/pt-br/transporte_p%C3%BAblico-line-402-Sao_Paulo-242-2038937-36419464-0,3.7,-23.5165205,-46.385602000000006,,,,1,2023-06-17T02:44:34+00:00
SAO_3459-10,São Paulo,3550308,True,EMTU,402,https://moovitapp.com/index/pt-br/transporte_p%C3%BAblico-line-402-Sao_Paulo-242-2038937-36419464-0,3.7,-23.5173785,-46.481305500000005,,,,1,2023-06-17T02:43:57+00:00
SAO_3459-10,São Paulo,3550308,True,EMTU,402,https://moovitapp.com/index/pt-br/transporte_p%C3%BAblico-line-402-Sao_Paulo-242-2038937-36419464-0,3.7,-23.545514,-46.5983455,,,,1,2023-06-17T02:44:18+00:00
SAO_3459-10,São Paulo,3550308,True,EMTU,402,https://moovitapp.com/index/pt-br/transporte_p%C3%BAblico-line-402-Sao_Paulo-242-2038937-36419464-0,3.7,-23.5511505,-46.6085935,,,,1,2023-06-17T02:44:35+00:00
SAO_3459-10,São Paulo,3550308,True,EMTU,402,https://moovitapp.com/index/pt-br/transporte_p%C3%BAblico-line-402-Sao_Paulo-242-2038937-36419464-0,3.7,-23.5165205,-46.385602000000006,,,,1,2023-06-17T02:42:31+00:00
SAO_3459-10,São Paulo,3550308,True,EMTU,402,https://moovitapp.com/index/pt-br/transporte_p%C3%BAblico-line-402-Sao_Paulo-242-2038937-36419464-0,3.7,-23.518068,-46.510394500000004,,,,1,2023-06-17T02:44:36+00:00
SAO_3459-10,São Paulo,3550308,True,EMTU,402,https://moovitapp.com/index/pt-br/transporte_p%C3%BAblico-line-402-Sao_Paulo-242-2038937-36419464-0,3.7,-23.494838,-46.437851499999994,,,,1,2023-06-17T02:44:36+00:00
SAO_3459-10,São Paulo,3550308,True,EMTU,402,https://moovitapp.com/index/pt-br/transporte_p%C3%BAblico-line-402-Sao_Paulo-242-2038937-36419464-0,3.7,-23.515301,-46.461203,,,,1,2023-06-17T02:44:23+00:00
SAO_3459-10,São Paulo,3550308,True,EMTU,402,https://moovitapp.com/index/pt-br/transporte_p%C3%BAblico-line-402-Sao_Paulo-242-2038937-36419464-0,3.7,-23.493003,-46.442882499999996,,,,1,2023-06-17T02:44:30+00:00
SAO_3459-10,São Paulo,3550308,True,EMTU,402,https://moovitapp.com/index/pt-br/transporte_p%C3%BAblico-line-402-Sao_Paulo-242-2038937-36419464-0,3.7,-23.5165205,-46.385602000000006,,,,1,2023-06-17T02:44:10+00:00
SAO_3459-10,São Paulo,3550308,True,EMTU,402,https://moovitapp.com/index/pt-br/transporte_p%C3%BAblico-line-402-Sao_Paulo-242-2038937-36419464-0,3.7,-23.501441999999997,-46.39977825,,,,1,2023-06-17T02:44:01+00:00
SAO_3459-10,São Paulo,3550308,True,EMTU,402,https://moovitapp.com/index/pt-br/transporte_p%C3%BAblico-line-402-Sao_Paulo-242-2038937-36419464-0,3.7,-23.519257500000002,-46.471804500000005,,,,1,2023-06-17T02:44:03+00:00
SAO_3459-10,São Paulo,3550308,True,EMTU,402,https://moovitapp.com/index/pt-br/transporte_p%C3%BAblico-line-402-Sao_Paulo-242-2038937-36419464-0,3.7,-23.5429115,-46.5874025,,,,1,2023-06-17T02:44:05+00:00
SAO_7725-10,São Paulo,3550308,True,,33240,,,-23.5684855,-46.757078,,,,2,2023-06-17T02:43:56+00:00
SAO_3736-10,São Paulo,3550308,True,,1036,,,-23.575893,-46.4839035,,,,1,2023-06-17T02:44:06+00:00
SAO_3736-10,São Paulo,3550308,True,,1036,,,-23.575533,-46.4834125,,,,1,2023-06-17T02:43:58+00:00
SAO_3736-10,São Paulo,3550308,True,,1036,,,-23.542556,-46.48409475,,,,1,2023-06-17T02:44:31+00:00
SAO_3736-10,São Paulo,3550308,True,,1036,,,-23.575533,-46.4834125,,,,1,2023-06-17T02:44:26+00:00
SAO_3736-10,São Paulo,3550308,True,,1036,,,-23.5508795,-46.48185025,,,,1,2023-06-17T02:44:37+00:00
SAO_3736-10,São Paulo,3550308,True,,1036,,,-23.575533,-46.4834125,,,,1,2023-06-17T02:44:08+00:00
SAO_3736-10,São Paulo,3550308,True,,1036,,,-23.5420065,-46.483900500000004,,,,1,2023-06-17T02:44:40+00:00
SAO_3736-10,São Paulo,3550308,True,,1036,,,-23.5665925,-46.47478475,,,,1,2023-06-17T02:44:08+00:00
SAO_6035-10,São Paulo,3550308,True,,33981,,,-23.675478,-46.755183,,,,2,2023-06-17T02:44:29+00:00
SAO_6035-10,São Paulo,3550308,True,,33981,,,-23.6658115,-46.713567,,,,2,2023-06-17T02:44:21+00:00
SAO_6035-10,São Paulo,3550308,True,,33981,,,-23.6859085,-46.7704755,,,,2,2023-06-17T02:44:08+00:00
SAO_6035-10,São Paulo,3550308,True,,33981,,,-23.725979000000002,-46.760861,,,,2,2023-06-17T02:44:20+00:00
SAO_6035-10,São Paulo,3550308,True,,33981,,,-23.703879,-46.7838305,,,,2,2023-06-17T02:44:23+00:00
SAO_6035-10,São Paulo,3550308,True,,33981,,,-23.699928,-46.7806655,,,,2,2023-06-17T02:44:12+00:00
SAO_6035-10,São Paulo,3550308,True,,33981,,,-23.644555000000004,-46.701621375,,,,2,2023-06-17T02:44:32+00:00
SAO_2202-10,São Paulo,3550308,True,Urubupungá,910,https://moovitapp.com/index/pt-br/transporte_p%C3%BAblico-line-910-Sao_Paulo-242-873835-496471-0,4.6,-23.505086499999997,-46.403903,,,,1,2023-06-17T02:43:58+00:00
SAO_2202-10,São Paulo,3550308,True,Urubupungá,910,https://moovitapp.com/index/pt-br/transporte_p%C3%BAblico-line-910-Sao_Paulo-242-873835-496471-0,4.6,-23.542133,-46.4148525,,,,1,2023-06-17T02:43:10+00:00
SAO_2202-10,São Paulo,3550308,True,Urubupungá,910,https://moovitapp.com/index/pt-br/transporte_p%C3%BAblico-line-910-Sao_Paulo-242-873835-496471-0,4.6,-23.4875525,-46.3821995,,,,1,2023-06-17T02:43:58+00:00
SAO_2202-10,São Paulo,3550308,True,Urubupungá,910,https://moovitapp.com/index/pt-br/transporte_p%C3%BAblico-line-910-Sao_Paulo-242-873835-496471-0,4.6,-23.526983,-46.397371,,,,1,2023-06-17T02:43:58+00:00
SAO_2202-10,São Paulo,3550308,True,Urubupungá,910,https://moovitapp.com/index/pt-br/transporte_p%C3%BAblico-line-910-Sao_Paulo-242-873835-496471-0,4.6,-23.495372,-46.404897500000004,,,,1,2023-06-17T02:43:21+00:00
SAO_2202-10,São Paulo,3550308,True,Urubupungá,910,https://moovitapp.com/index/pt-br/transporte_p%C3%BAblico-line-910-Sao_Paulo-242-873835-496471-0,4.6,-23.5384355,-46.407349499999995,,,,1,2023-06-17T02:43:58+00:00
SAO_2202-10,São Paulo,3550308,True,Urubupungá,910,https://moovitapp.com/index/pt-br/transporte_p%C3%BAblico-line-910-Sao_Paulo-242-873835-496471-0,4.6,-23.487839,-46.381974,,,,1,2023-06-17T02:43:17+00:00
SAO_5652-10,São Paulo,3550308,True,STT,274,https://moovitapp.com/index/pt-br/transporte_p%C3%BAblico-line-274-Sao_Paulo-242-850661-183274-0,5.3,-23.70648,-46.6888645,,,,1,2023-06-17T02:44:24+00:00
SAO_5652-10,São Paulo,3550308,True,STT,274,https://moovitapp.com/index/pt-br/transporte_p%C3%BAblico-line-274-Sao_Paulo-242-850661-183274-0,5.3,-23.5507755,-46.6346735,,,,1,2023-06-17T02:44:12+00:00
SAO_5652-10,São Paulo,3550308,True,STT,274,https://moovitapp.com/index/pt-br/transporte_p%C3%BAblico-line-274-Sao_Paulo-242-850661-183274-0,5.3,-23.559476500000002,-46.638850500000004,,,,1,2023-06-17T02:44:30+00:00
SAO_5652-10,São Paulo,3550308,True,STT,274,https://moovitapp.com/index/pt-br/transporte_p%C3%BAblico-line-274-Sao_Paulo-242-850661-183274-0,5.3,-23.6044255,-46.651223,,,,1,2023-06-17T02:44:13+00:00
SAO_5652-10,São Paulo,3550308,True,STT,274,https://moovitapp.com/index/pt-br/transporte_p%C3%BAblico-line-274-Sao_Paulo-242-850661-183274-0,5.3,-23.664852500000002,-46.67826275,,,,1,2023-06-17T02:44:16+00:00
SAO_967A-10,São Paulo,3550308,True,,33336,,,-23.511906500000002,-46.6571945,,,,2,2023-06-17T02:44:32+00:00
SAO_967A-10,São Paulo,3550308,True,,33336,,,-23.583863,-46.6835925,,,,2,2023-06-17T02:44:32+00:00
SAO_967A-10,São Paulo,3550308,True,,33336,,,-23.502086375,-46.650934500000005,,,,2,2023-06-17T02:44:04+00:00
SAO_508L-10,São Paulo,3550308,True,,32885,,,-23.53435325,-46.644056,,,,2,2023-06-17T02:44:23+00:00
SAO_508L-10,São Paulo,3550308,True,,32885,,,-23.55779175,-46.63296075,,,,2,2023-06-17T02:44:28+00:00
SAO_2013-10,São Paulo,3550308,True,,899,,,-23.46405425,-46.655536250000004,,,,1,2023-06-17T02:44:37+00:00
SAO_2013-10,São Paulo,3550308,True,,899,,,-23.460151,-46.6720265,,,,1,2023-06-17T02:44:05+00:00
SAO_2013-10,São Paulo,3550308,True,,899,,,-23.4650205,-46.6549455,,,,1,2023-06-17T02:44:04+00:00
SAO_2013-10,São Paulo,3550308,True,,899,,,-23.4546975,-46.658477500000004,,,,1,2023-06-17T02:43:57+00:00
SAO_2013-10,São Paulo,3550308,True,,899,,,-23.47152125,-46.67050425,,,,1,2023-06-17T02:44:14+00:00
SAO_2013-10,São Paulo,3550308,True,,899,,,-23.470734999999998,-46.650088999999994,,,,1,2023-06-17T02:44:10+00:00
SAO_2013-10,São Paulo,3550308,True,,899,,,-23.4709815,-46.65066,,,,1,2023-06-17T02:44:22+00:00
SAO_2013-10,São Paulo,3550308,True,,899,,,-23.4546975,-46.658477500000004,,,,1,2023-06-17T02:44:24+00:00
SAO_1702-10,São Paulo,3550308,True,,846,,,-23.442846,-46.57655,,,,1,2023-06-17T02:44:29+00:00
SAO_1702-10,São Paulo,3550308,True,,846,,,-23.513296,-46.6251845,,,,1,2023-06-17T02:44:34+00:00
SAO_1702-10,São Paulo,3550308,True,,846,,,-23.442846,-46.57655,,,,1,2023-06-17T02:44:38+00:00
SAO_1702-10,São Paulo,3550308,True,,846,,,-23.513296,-46.6251845,,,,1,2023-06-17T02:44:36+00:00
SAO_1702-10,São Paulo,3550308,True,,846,,,-23.5058675,-46.615300250000004,,,,1,2023-06-17T02:44:02+00:00
SAO_1702-10,São Paulo,3550308,True,,846,,,-23.493949,-46.610119250000004,,,,1,2023-06-17T02:44:01+00:00
SAO_1702-10,São Paulo,3550308,True,,846,,,-23.469307,-46.584537499999996,,,,1,2023-06-17T02:44:36+00:00
SAO_5029-10,São Paulo,3550308,True,,34440,,,-23.6284755,-46.5863025,,,,2,2023-06-17T02:44:28+00:00
SAO_5029-10,São Paulo,3550308,True,,34440,,,-23.628492,-46.5859155,,,,2,2023-06-17T02:44:20+00:00
SAO_5029-10,São Paulo,3550308,True,,34440,,,-23.6285055,-46.5855145,,,,2,2023-06-17T02:43:58+00:00
SAO_5029-10,São Paulo,3550308,True,,34440,,,-23.628492,-46.5859155,,,,2,2023-06-17T02:44:30+00:00
SAO_5127-10,São Paulo,3550308,True,,1127,,,-23.6996815,-46.6466075,,,,1,2023-06-17T02:44:36+00:00
SAO_5127-10,São Paulo,3550308,True,,1127,,,-23.7015515,-46.640887,,,,1,2023-06-17T02:44:18+00:00
SAO_5127-10,São Paulo,3550308,True,,1127,,,-23.693209500000002,-46.658558,,,,1,2023-06-17T02:44:27+00:00
SAO_917H-10,São Paulo,3550308,True,,33224,,,-23.53919,-46.7188075,,,,2,2023-06-17T02:44:16+00:00
SAO_917H-10,São Paulo,3550308,True,,33224,,,-23.508283,-46.7520435,,,,2,2023-06-17T02:44:18+00:00
SAO_917H-10,São Paulo,3550308,True,,33224,,,-23.536096999999998,-46.726304999999996,,,,2,2023-06-17T02:44:30+00:00
SAO_917H-10,São Paulo,3550308,True,,33224,,,-23.585622375,-46.635521,,,,2,2023-06-17T02:44:10+00:00
SAO_917H-10,São Paulo,3550308,True,,33224,,,-23.539938499999998,-46.7051145,,,,2,2023-06-17T02:44:24+00:00
SAO_917H-10,São Paulo,3550308,True,,33224,,,-23.5468565,-46.690141,,,,2,2023-06-17T02:44:20+00:00
SAO_917H-10,São Paulo,3550308,True,,33224,,,-23.5408075,-46.701162249999996,,,,2,2023-06-17T02:44:18+00:00
SAO_917H-10,São Paulo,3550308,True,,33224,,,-23.56325125,-46.654227000000006,,,,2,2023-06-17T02:44:04+00:00
SAO_917H-10,São Paulo,3550308,True,,33224,,,-23.4971865,-46.74610925,,,,2,2023-06-17T02:44:26+00:00
SAO_917H-10,São Paulo,3550308,False,,33224,,,-23.589511,-46.6342965,,,,2,2023-06-17T02:44:21+00:00
SAO_917H-10,São Paulo,3550308,True,,33224,,,-23.5466355,-46.69045,,,,2,2023-06-17T02:44:31+00:00
SAO_917H-10,São Paulo,3550308,True,,33224,,,-23.529834,-46.732059500000005,,,,2,2023-06-17T02:44:18+00:00
SAO_917H-10,São Paulo,3550308,False,,33224,,,-23.53212425,-46.729811749999996,,,,2,2023-06-17T02:44:17+00:00
SAO_917H-10,São Paulo,3550308,True,,33224,,,-23.530287625,-46.731522999999996,,,,2,2023-06-17T02:44:08+00:00
SAO_917H-10,São Paulo,3550308,True,,33224,,,-23.5353405,-46.726825,,,,2,2023-06-17T02:44:29+00:00
SAO_917H-10,São Paulo,3550308,True,,33224,,,-23.549539,-46.683796,,,,2,2023-06-17T02:44:15+00:00
SAO_1726-10,São Paulo,3550308,True,,1403,,,-23.456898,-46.6020585,,,,1,2023-06-17T02:42:20+00:00
SAO_1726-10,São Paulo,3550308,True,,1403,,,-23.502214000000002,-46.6235875,,,,1,2023-06-17T02:44:12+00:00
SAO_1726-10,São Paulo,3550308,True,,1403,,,-23.435372,-46.566209,,,,1,2023-06-17T02:44:33+00:00
SAO_1726-10,São Paulo,3550308,True,,1403,,,-23.4359105,-46.566243,,,,1,2023-06-17T02:44:02+00:00
SAO_1726-10,São Paulo,3550308,True,,1403,,,-23.4356145,-46.5662275,,,,1,2023-06-17T02:44:08+00:00
SAO_1726-10,São Paulo,3550308,True,,1403,,,-23.438865,-46.5692195,,,,1,2023-06-17T02:43:15+00:00
SAO_1726-10,São Paulo,3550308,True,,1403,,,-23.450993,-46.596401,,,,1,2023-06-17T02:43:58+00:00
SAO_1726-10,São Paulo,3550308,True,,1403,,,-23.435107000000002,-46.566191,,,,1,2023-06-17T02:44:01+00:00
SAO_1726-10,São Paulo,3550308,True,,1403,,,-23.4359105,-46.566243,,,,1,2023-06-17T02:44:16+00:00
SAO_1726-10,São Paulo,3550308,True,,1403,,,-23.4359105,-46.566243,,,,1,2023-06-17T02:44:13+00:00
SAO_233C-10,São Paulo,3550308,True,,32923,,,-23.539121875,-46.490645875,,,,2,2023-06-17T02:44:19+00:00
SAO_233C-10,São Paulo,3550308,True,,32923,,,-23.519024125,-46.475913874999996,,,,2,2023-06-17T02:44:39+00:00
SAO_233C-10,São Paulo,3550308,True,,32923,,,-23.519024125,-46.475913874999996,,,,2,2023-06-17T02:44:37+00:00
SAO_233C-10,São Paulo,3550308,True,,32923,,,-23.519024125,-46.475913874999996,,,,2,2023-06-17T02:44:22+00:00
SAO_233C-10,São Paulo,3550308,True,,32923,,,-23.5597885,-46.521361999999996,,,,2,2023-06-17T02:44:13+00:00
SAO_233C-10,São Paulo,3550308,True,,32923,,,-23.554747499999998,-46.560066250000006,,,,2,2023-06-17T02:44:04+00:00
SAO_2707-10,São Paulo,3550308,True,,919,,,-23.525353,-46.4059125,,,,1,2023-06-17T02:43:55+00:00
SAO_2707-10,São Paulo,3550308,True,,919,,,-23.5423835,-46.470721999999995,,,,1,2023-06-17T02:43:51+00:00
SAO_2707-10,São Paulo,3550308,True,,919,,,-23.53188,-46.446804,,,,1,2023-06-17T02:43:56+00:00
SAO_129F-10,São Paulo,3550308,True,,35072,,,-23.51377175,-46.7025705,,,,2,2023-06-17T02:44:06+00:00
SAO_129F-10,São Paulo,3550308,True,,35072,,,-23.525567000000002,-46.671713999999994,,,,2,2023-06-17T02:44:19+00:00
SAO_129F-10,São Paulo,3550308,True,,35072,,,-23.4899195,-46.698449,,,,2,2023-06-17T02:44:11+00:00
SAO_129F-10,São Paulo,3550308,True,,35072,,,-23.52121675,-46.69918575,,,,2,2023-06-17T02:44:36+00:00
SAO_172Y-10,São Paulo,3550308,True,,33630,,,-23.540407875,-46.597275499999995,,,,2,2023-06-17T02:44:12+00:00
SAO_172Y-10,São Paulo,3550308,True,,33630,,,-23.47473425,-46.58000975,,,,2,2023-06-17T02:43:55+00:00
SAO_172Y-10,São Paulo,3550308,True,,33630,,,-23.47473425,-46.58000975,,,,2,2023-06-17T02:44:03+00:00
SAO_172Y-10,São Paulo,3550308,True,,33630,,,-23.4924635,-46.584970999999996,,,,2,2023-06-17T02:43:55+00:00
SAO_172Y-10,São Paulo,3550308,True,,33630,,,-23.513438750000002,-46.58576475,,,,2,2023-06-17T02:44:25+00:00
SAO_172Y-10,São Paulo,3550308,True,,33630,,,-23.47473425,-46.58000975,,,,2,2023-06-17T02:44:00+00:00
SAO_6078-10,São Paulo,3550308,True,,1166,,,-23.7409095,-46.6607815,,,,1,2023-06-17T02:44:03+00:00
SAO_6078-10,São Paulo,3550308,True,,1166,,,-23.675421999999998,-46.678796000000006,,,,1,2023-06-17T02:44:24+00:00
SAO_6078-10,São Paulo,3550308,True,,1166,,,-23.6707545,-46.678952499999994,,,,1,2023-06-17T02:44:14+00:00
SAO_6078-10,São Paulo,3550308,True,,1166,,,-23.752941999999997,-46.684159,,,,1,2023-06-17T02:44:01+00:00
SAO_6078-10,São Paulo,3550308,True,,1166,,,-23.7327515,-46.697051,,,,1,2023-06-17T02:44:11+00:00
SAO_6078-10,São Paulo,3550308,True,,1166,,,-23.740688,-46.660930500000006,,,,1,2023-06-17T02:44:01+00:00
SAO_1177-10,São Paulo,3550308,True,,32897,,,-23.517678,-46.475762,,,,2,2023-06-17T02:44:23+00:00
SAO_1177-10,São Paulo,3550308,True,,32897,,,-23.517678,-46.475762,,,,2,2023-06-17T02:44:35+00:00
SAO_1177-10,São Paulo,3550308,True,,32897,,,-23.5361185,-46.632417000000004,,,,2,2023-06-17T02:43:54+00:00
SAO_1177-10,São Paulo,3550308,True,,32897,,,-23.5361185,-46.632417000000004,,,,2,2023-06-17T02:44:18+00:00
SAO_1177-10,São Paulo,3550308,True,,32897,,,-23.5361185,-46.632417000000004,,,,2,2023-06-17T02:44:29+00:00
SAO_1177-10,São Paulo,3550308,True,,32897,,,-23.5178825,-46.475722000000005,,,,2,2023-06-17T02:44:36+00:00
SAO_1177-10,São Paulo,3550308,True,,32897,,,-23.52370775,-46.5465455,,,,2,2023-06-17T02:41:17+00:00
SAO_2290-10,São Paulo,3550308,True,,718,,,-23.6131955,-46.476123,,,,1,2023-06-17T02:42:32+00:00
SAO_2290-10,São Paulo,3550308,True,,718,,,-23.539786,-46.610667,,,,1,2023-06-17T02:44:29+00:00
SAO_2290-10,São Paulo,3550308,True,,718,,,-23.535055749999998,-46.57767750000001,,,,1,2023-06-17T02:44:10+00:00
SAO_2290-10,São Paulo,3550308,True,,718,,,-23.6131955,-46.476123,,,,1,2023-06-17T02:44:37+00:00
SAO_2290-10,São Paulo,3550308,True,,718,,,-23.6131955,-46.476123,,,,1,2023-06-17T02:44:33+00:00
SAO_2290-10,São Paulo,3550308,True,,718,,,-23.535102875,-46.581697250000005,,,,1,2023-06-17T02:44:01+00:00
SAO_2290-10,São Paulo,3550308,True,,718,,,-23.543938,-46.62172150000001,,,,1,2023-06-17T02:44:28+00:00
SAO_2290-10,São Paulo,3550308,True,,718,,,-23.5463875,-46.630173,,,,1,2023-06-17T02:44:13+00:00
SAO_2290-10,São Paulo,3550308,True,,718,,,-23.5660980625,-46.5119278125,,,,1,2023-06-17T02:44:03+00:00
SAO_2290-10,São Paulo,3550308,True,,718,,,-23.545999875,-46.643137875,,,,1,2023-06-17T02:44:17+00:00
SAO_2290-10,São Paulo,3550308,True,,718,,,-23.6131955,-46.476123,,,,1,2023-06-17T02:44:18+00:00
SAO_2290-10,São Paulo,3550308,True,,718,,,-23.58033175,-46.50146325,,,,1,2023-06-17T02:44:29+00:00
SAO_2290-10,São Paulo,3550308,True,,718,,,-23.5359015,-46.571622000000005,,,,1,2023-06-17T02:44:08+00:00
SAO_2290-10,São Paulo,3550308,True,,718,,,-23.544152,-46.622718250000005,,,,1,2023-06-17T02:44:16+00:00
SAO_2290-10,São Paulo,3550308,True,,718,,,-23.535374,-46.57487775,,,,1,2023-06-17T02:43:57+00:00
SAO_2290-10,São Paulo,3550308,True,,718,,,-23.6113395,-46.4753625,,,,1,2023-06-17T02:42:35+00:00
SAO_2290-10,São Paulo,3550308,True,,718,,,-23.539786,-46.610667,,,,1,2023-06-17T02:44:24+00:00
SAO_2290-10,São Paulo,3550308,True,,718,,,-23.6131955,-46.476123,,,,1,2023-06-17T02:44:03+00:00
SAO_2290-10,São Paulo,3550308,True,,718,,,-23.55877,-46.521311,,,,1,2023-06-17T02:44:23+00:00
SAO_2290-10,São Paulo,3550308,True,,718,,,-23.6131955,-46.476123,,,,1,2023-06-17T02:44:40+00:00
SAO_2290-10,São Paulo,3550308,True,,718,,,-23.5459845,-46.630508,,,,1,2023-06-17T02:44:40+00:00
SAO_2290-10,São Paulo,3550308,True,,718,,,-23.60103025,-46.48385275,,,,1,2023-06-17T02:44:29+00:00
SAO_2290-10,São Paulo,3550308,True,,718,,,-23.6131955,-46.476123,,,,1,2023-06-17T02:44:14+00:00
SAO_2290-10,São Paulo,3550308,True,,718,,,-23.547039,-46.540972374999996,,,,1,2023-06-17T02:44:21+00:00
SAO_2290-10,São Paulo,3550308,True,,718,,,-23.543938,-46.62172150000001,,,,1,2023-06-17T02:44:23+00:00
SAO_2290-10,São Paulo,3550308,True,,718,,,-23.5352665,-46.5828685,,,,1,2023-06-17T02:44:02+00:00
SAO_3737-10,São Paulo,3550308,True,,33805,,,-23.564532999999997,-46.5048475,,,,2,2023-06-17T02:44:02+00:00
SAO_3737-10,São Paulo,3550308,True,,33805,,,-23.564532999999997,-46.5048475,,,,2,2023-06-17T02:44:40+00:00
SAO_3737-10,São Paulo,3550308,True,,33805,,,-23.5594215,-46.5056335,,,,2,2023-06-17T02:44:33+00:00
SAO_3737-10,São Paulo,3550308,True,,33805,,,-23.546802,-46.509168,,,,2,2023-06-17T02:44:09+00:00
SAO_3737-10,São Paulo,3550308,True,,33805,,,-23.554401,-46.5004285,,,,2,2023-06-17T02:44:30+00:00
SAO_3737-10,São Paulo,3550308,True,,33805,,,-23.5307095,-46.517677,,,,2,2023-06-17T02:44:10+00:00
SAO_3737-10,São Paulo,3550308,True,,33805,,,-23.538954625000002,-46.515955500000004,,,,2,2023-06-17T02:44:28+00:00
SAO_3737-10,São Paulo,3550308,True,,33805,,,-23.56576,-46.507617499999995,,,,2,2023-06-17T02:44:07+00:00
SAO_3737-10,São Paulo,3550308,True,,33805,,,-23.564581,-46.5048855,,,,2,2023-06-17T02:44:21+00:00
SAO_3737-10,São Paulo,3550308,True,,33805,,,-23.5307095,-46.517677,,,,2,2023-06-17T02:44:24+00:00
SAO_2727-10,São Paulo,3550308,True,,942,,,-23.540153,-46.483096,,,,1,2023-06-17T02:44:23+00:00
SAO_2727-10,São Paulo,3550308,True,,942,,,-23.526792,-46.459431,,,,1,2023-06-17T02:44:20+00:00
SAO_2727-10,São Paulo,3550308,True,,942,,,-23.540153,-46.483096,,,,1,2023-06-17T02:44:11+00:00
SAO_2727-10,São Paulo,3550308,True,,942,,,-23.529253625000003,-46.465978750000005,,,,1,2023-06-17T02:44:34+00:00
SAO_2727-10,São Paulo,3550308,True,,942,,,-23.540153,-46.483096,,,,1,2023-06-17T02:44:02+00:00
SAO_2727-10,São Paulo,3550308,True,,942,,,-23.540153,-46.483096,,,,1,2023-06-17T02:44:33+00:00
SAO_2727-10,São Paulo,3550308,True,,942,,,-23.540153,-46.483096,,,,1,2023-06-17T02:44:17+00:00
SAO_6358-10,São Paulo,3550308,True,,34062,,,-23.6865375,-46.6380315,,,,2,2023-06-17T02:44:28+00:00
SAO_6358-10,São Paulo,3550308,True,,34062,,,-23.630719,-46.68372025,,,,2,2023-06-17T02:44:13+00:00
SAO_6358-10,São Paulo,3550308,True,,34062,,,-23.576899750000003,-46.664130625000006,,,,2,2023-06-17T02:44:16+00:00
SAO_6358-10,São Paulo,3550308,True,,34062,,,-23.686289000000002,-46.6379425,,,,2,2023-06-17T02:44:02+00:00
SAO_6358-10,São Paulo,3550308,True,,34062,,,-23.591874,-46.6517115,,,,2,2023-06-17T02:44:36+00:00
SAO_6358-10,São Paulo,3550308,True,,34062,,,-23.686289000000002,-46.6379425,,,,2,2023-06-17T02:44:09+00:00
SAO_6358-10,São Paulo,3550308,True,,34062,,,-23.627961,-46.6851265,,,,2,2023-06-17T02:44:13+00:00
SAO_6358-10,São Paulo,3550308,True,,34062,,,-23.600362625000002,-46.659273,,,,2,2023-06-17T02:44:26+00:00
SAO_6358-10,São Paulo,3550308,True,,34062,,,-23.685291,-46.6376225,,,,2,2023-06-17T02:44:12+00:00
SAO_7005-51,São Paulo,3550308,True,,34767,,,-23.73646075,-46.776863250000005,,,,2,2023-06-17T02:44:41+00:00
SAO_7005-51,São Paulo,3550308,True,,34767,,,-23.698826500000003,-46.779677,,,,2,2023-06-17T02:44:12+00:00
SAO_7005-51,São Paulo,3550308,True,,34767,,,-23.693795,-46.779597499999994,,,,2,2023-06-17T02:43:56+00:00
SAO_7005-51,São Paulo,3550308,True,,34767,,,-23.729259,-46.786048750000006,,,,2,2023-06-17T02:44:32+00:00
SAO_7005-51,São Paulo,3550308,True,,34767,,,-23.73646075,-46.776863250000005,,,,2,2023-06-17T02:44:24+00:00
SAO_7005-51,São Paulo,3550308,True,,34767,,,-23.661214,-46.7683785,,,,2,2023-06-17T02:44:32+00:00
SAO_7005-51,São Paulo,3550308,True,,34767,,,-23.6657115,-46.7709265,,,,2,2023-06-17T02:44:10+00:00
SAO_7005-51,São Paulo,3550308,True,,34767,,,-23.7322495,-46.784856500000004,,,,2,2023-06-17T02:44:14+00:00
SAO_719R-10,São Paulo,3550308,True,,33237,,,-23.5622305,-46.764066,,,,2,2023-06-17T02:44:32+00:00
SAO_719R-10,São Paulo,3550308,True,,33237,,,-23.562170000000002,-46.764854125,,,,2,2023-06-17T02:43:57+00:00
SAO_719R-10,São Paulo,3550308,True,,33237,,,-23.562170000000002,-46.764854125,,,,2,2023-06-17T02:44:20+00:00
SAO_719R-10,São Paulo,3550308,True,,33237,,,-23.562170000000002,-46.764854125,,,,2,2023-06-17T02:44:36+00:00
SAO_719R-10,São Paulo,3550308,True,,33237,,,-23.57028475,-46.74066549999999,,,,2,2023-06-17T02:44:12+00:00
SAO_9011-10,São Paulo,3550308,True,,878,,,-23.45467,-46.738116000000005,,,,1,2023-06-17T02:44:32+00:00
SAO_9011-10,São Paulo,3550308,True,,878,,,-23.46847,-46.677327,,,,1,2023-06-17T02:43:49+00:00
SAO_9011-10,São Paulo,3550308,True,,878,,,-23.4350775,-46.734942000000004,,,,1,2023-06-17T02:44:37+00:00
SAO_9011-10,São Paulo,3550308,True,,878,,,-23.457655000000003,-46.690698,,,,1,2023-06-17T02:44:10+00:00
SAO_9011-10,São Paulo,3550308,True,,878,,,-23.447173250000002,-46.72335525,,,,1,2023-06-17T02:44:17+00:00
SAO_9011-10,São Paulo,3550308,True,,878,,,-23.455257625,-46.6946565,,,,1,2023-06-17T02:44:04+00:00
SAO_9011-10,São Paulo,3550308,True,,878,,,-23.4640755,-46.680258499999994,,,,1,2023-06-17T02:43:51+00:00
SAO_354M-10,São Paulo,3550308,True,,1619,,,-23.606355999999998,-46.471743000000004,,,,1,2023-06-17T02:44:15+00:00
SAO_354M-10,São Paulo,3550308,True,,1619,,,-23.5121025,-46.4573855,,,,1,2023-06-17T02:44:31+00:00
SAO_4008-10,São Paulo,3550308,True,,34950,,,-23.568481750000004,-46.461885249999995,,,,2,2023-06-17T02:43:55+00:00
SAO_4008-10,São Paulo,3550308,True,,34950,,,-23.5772245,-46.4374165,,,,2,2023-06-17T02:44:35+00:00
SAO_4008-10,São Paulo,3550308,True,,34950,,,-23.569432499999998,-46.508427499999996,,,,2,2023-06-17T02:44:06+00:00
SAO_4008-10,São Paulo,3550308,True,,34950,,,-23.577679500000002,-46.44357625000001,,,,2,2023-06-17T02:44:02+00:00
SAO_807M-10,São Paulo,3550308,True,,34684,,,-23.6050975,-46.708637749999994,,,,2,2023-06-17T02:44:33+00:00
SAO_807M-10,São Paulo,3550308,True,,34684,,,-23.6297705,-46.7698795,,,,2,2023-06-17T02:44:27+00:00
SAO_807M-10,São Paulo,3550308,True,,34684,,,-23.631701,-46.7721875,,,,2,2023-06-17T02:44:11+00:00
SAO_807M-10,São Paulo,3550308,True,,34684,,,-23.62651675,-46.76614625,,,,2,2023-06-17T02:44:30+00:00
SAO_807M-10,São Paulo,3550308,True,,34684,,,-23.618614,-46.698895,,,,2,2023-06-17T02:44:31+00:00
SAO_807M-10,São Paulo,3550308,True,,34684,,,-23.611905999999998,-46.7543235,,,,2,2023-06-17T02:44:02+00:00
SAO_807M-10,São Paulo,3550308,True,,34684,,,-23.62274,-46.6970925,,,,2,2023-06-17T02:44:12+00:00
SAO_807M-10,São Paulo,3550308,True,,34684,,,-23.6212905,-46.745247000000006,,,,2,2023-06-17T02:44:10+00:00
SAO_807M-10,São Paulo,3550308,True,,34684,,,-23.621859999999998,-46.7455085,,,,2,2023-06-17T02:43:56+00:00
SAO_807M-10,São Paulo,3550308,True,,34684,,,-23.631797499999998,-46.7719915,,,,2,2023-06-17T02:44:10+00:00
SAO_807M-10,São Paulo,3550308,True,,34684,,,-23.629269,-46.769253500000005,,,,2,2023-06-17T02:44:36+00:00
SAO_807M-10,São Paulo,3550308,True,,34684,,,-23.6236485,-46.748863,,,,2,2023-06-17T02:44:35+00:00
SAO_807M-10,São Paulo,3550308,True,,34684,,,-23.631579000000002,-46.772447,,,,2,2023-06-17T02:44:25+00:00
SAO_807M-10,São Paulo,3550308,True,,34684,,,-23.6227685,-46.7477085,,,,2,2023-06-17T02:44:38+00:00
SAO_807M-10,São Paulo,3550308,True,,34684,,,-23.615271999999997,-46.756175999999996,,,,2,2023-06-17T02:44:19+00:00
SAO_807M-10,São Paulo,3550308,True,,34684,,,-23.598654500000002,-46.72051999999999,,,,2,2023-06-17T02:44:05+00:00
SAO_756A-10,São Paulo,3550308,True,,33561,,,-23.597115,-46.7817145,,,,2,2023-06-17T02:44:04+00:00
SAO_756A-10,São Paulo,3550308,True,,33561,,,-23.585496499999998,-46.724318499999995,,,,2,2023-06-17T02:44:24+00:00
SAO_756A-10,São Paulo,3550308,True,,33561,,,-23.598144499999997,-46.796527,,,,2,2023-06-17T02:44:05+00:00
SAO_756A-10,São Paulo,3550308,True,,33561,,,-23.598115999999997,-46.7961385,,,,2,2023-06-17T02:44:35+00:00
SAO_756A-10,São Paulo,3550308,True,,33561,,,-23.598115999999997,-46.7961385,,,,2,2023-06-17T02:44:37+00:00
SAO_756A-10,São Paulo,3550308,True,,33561,,,-23.594677500000003,-46.777699,,,,2,2023-06-17T02:44:05+00:00
SAO_756A-10,São Paulo,3550308,True,,33561,,,-23.614005125,-46.694721375,,,,2,2023-06-17T02:43:57+00:00
SAO_756A-10,São Paulo,3550308,True,,33561,,,-23.596728499999998,-46.7810185,,,,2,2023-06-17T02:44:08+00:00
SAO_756A-10,São Paulo,3550308,True,,33561,,,-23.598115999999997,-46.7961385,,,,2,2023-06-17T02:44:31+00:00
SAO_756A-10,São Paulo,3550308,True,,33561,,,-23.614414,-46.693321,,,,2,2023-06-17T02:44:15+00:00
SAO_2029-10,São Paulo,3550308,True,,2270,,,-23.430882500000003,-46.574838,,,,1,2023-06-17T02:44:38+00:00
SAO_2029-10,São Paulo,3550308,True,,2270,,,-23.430882500000003,-46.574838,,,,1,2023-06-17T02:44:22+00:00
SAO_2029-10,São Paulo,3550308,True,,2270,,,-23.45636925,-46.592832,,,,1,2023-06-17T02:43:05+00:00
SAO_7023-10,São Paulo,3550308,True,,2152,,,-23.6631295,-46.7072855,,,,1,2023-06-17T02:44:13+00:00
SAO_7023-10,São Paulo,3550308,True,,2152,,,-23.700592999999998,-46.76611,,,,1,2023-06-17T02:41:51+00:00
SAO_7023-10,São Paulo,3550308,True,,2152,,,-23.653856875,-46.71128025,,,,1,2023-06-17T02:44:24+00:00
SAO_7023-10,São Paulo,3550308,True,,2152,,,-23.685128499999998,-46.7446595,,,,1,2023-06-17T02:44:19+00:00
SAO_7023-10,São Paulo,3550308,True,,2152,,,-23.698786,-46.7627765,,,,1,2023-06-17T02:44:18+00:00
SAO_4006-10,São Paulo,3550308,True,,2180,,,-23.596856,-46.436479,,,,1,2023-06-17T02:44:12+00:00
SAO_4006-10,São Paulo,3550308,True,,2180,,,-23.607306,-46.43633749999999,,,,1,2023-06-17T02:42:35+00:00
SAO_2769-10,São Paulo,3550308,True,,33165,,,-23.533472250000003,-46.565054,,,,2,2023-06-17T02:43:40+00:00
SAO_2769-10,São Paulo,3550308,True,,33165,,,-23.490775,-46.423033875,,,,2,2023-06-17T02:44:17+00:00
SAO_2769-10,São Paulo,3550308,True,,33165,,,-23.481961499999997,-46.379926,,,,2,2023-06-17T02:44:34+00:00
SAO_2769-10,São Paulo,3550308,True,,33165,,,-23.49970675,-46.468605749999995,,,,2,2023-06-17T02:44:18+00:00
SAO_407I-10,São Paulo,3550308,True,,34990,,,-23.5431125,-46.48502825,,,,2,2023-06-17T02:44:19+00:00
SAO_407I-10,São Paulo,3550308,True,,34990,,,-23.5541725,-46.518260500000004,,,,2,2023-06-17T02:44:19+00:00
SAO_407I-10,São Paulo,3550308,True,,34990,,,-23.548907,-46.60393525,,,,2,2023-06-17T02:44:21+00:00
SAO_407I-10,São Paulo,3550308,True,,34990,,,-23.544786000000002,-46.482702,,,,2,2023-06-17T02:43:50+00:00
SAO_609F-21,São Paulo,3550308,True,BR7 Mobilidade,38,https://moovitapp.com/index/pt-br/transporte_p%C3%BAblico-line-38-Sao_Paulo-242-851856-587254-0,5.75,-23.652333,-46.733948999999996,,,,1,2023-06-17T02:44:13+00:00
SAO_609F-21,São Paulo,3550308,True,BR7 Mobilidade,38,https://moovitapp.com/index/pt-br/transporte_p%C3%BAblico-line-38-Sao_Paulo-242-851856-587254-0,5.75,-23.664981,-46.753156000000004,,,,1,2023-06-17T02:44:33+00:00
SAO_3731-10,São Paulo,3550308,True,,1028,,,-23.56481725,-46.506525,,,,1,2023-06-17T02:44:08+00:00
SAO_3731-10,São Paulo,3550308,True,,1028,,,-23.563361999999998,-46.5018435,,,,1,2023-06-17T02:44:23+00:00
SAO_3731-10,São Paulo,3550308,True,,1028,,,-23.532547,-46.526469500000005,,,,1,2023-06-17T02:44:22+00:00
SAO_3731-10,São Paulo,3550308,True,,1028,,,-23.531472,-46.5291255,,,,1,2023-06-17T02:44:00+00:00
SAO_3731-10,São Paulo,3550308,True,,1028,,,-23.56481725,-46.506525,,,,1,2023-06-17T02:44:31+00:00
SAO_3731-10,São Paulo,3550308,True,,1028,,,-23.547397249999996,-46.513779,,,,1,2023-06-17T02:44:13+00:00
SAO_3731-10,São Paulo,3550308,True,,1028,,,-23.563361999999998,-46.5018435,,,,1,2023-06-17T02:44:09+00:00
SAO_119C-10,São Paulo,3550308,True,,33429,,,-23.5087165,-46.5805185,,,,2,2023-06-17T02:44:16+00:00
SAO_119C-10,São Paulo,3550308,True,,33429,,,-23.5351475,-46.638144499999996,,,,2,2023-06-17T02:44:32+00:00
SAO_119C-10,São Paulo,3550308,True,,33429,,,-23.478918999999998,-46.568983,,,,2,2023-06-17T02:44:26+00:00
SAO_119C-10,São Paulo,3550308,True,,33429,,,-23.478727,-46.5693105,,,,2,2023-06-17T02:44:25+00:00
SAO_119C-10,São Paulo,3550308,True,,33429,,,-23.4786885,-46.5694165,,,,2,2023-06-17T02:44:06+00:00
SAO_119C-10,São Paulo,3550308,True,,33429,,,-23.5341785,-46.6451195,,,,2,2023-06-17T02:44:29+00:00
SAO_4113-10,São Paulo,3550308,True,,768,,,-23.576260625000003,-46.62351975,,,,1,2023-06-17T02:44:09+00:00
SAO_4113-10,São Paulo,3550308,True,,768,,,-23.55297575,-46.63312425,,,,1,2023-06-17T02:44:33+00:00
SAO_4113-10,São Paulo,3550308,True,,768,,,-23.60155975,-46.612840250000005,,,,1,2023-06-17T02:44:03+00:00
SAO_4113-10,São Paulo,3550308,True,,768,,,-23.60155975,-46.612840250000005,,,,1,2023-06-17T02:43:34+00:00
SAO_4113-10,São Paulo,3550308,True,,768,,,-23.60155975,-46.612840250000005,,,,1,2023-06-17T02:44:39+00:00
SAO_4113-10,São Paulo,3550308,True,,768,,,-23.60155975,-46.612840250000005,,,,1,2023-06-17T02:44:27+00:00
SAO_4113-10,São Paulo,3550308,True,,768,,,-23.5459855,-46.6387065,,,,1,2023-06-17T02:44:31+00:00
SAO_4113-10,São Paulo,3550308,True,,768,,,-23.60155975,-46.612840250000005,,,,1,2023-06-17T02:44:02+00:00
SAO_4113-10,São Paulo,3550308,True,,768,,,-23.60155975,-46.612840250000005,,,,1,2023-06-17T02:42:04+00:00
SAO_4113-10,São Paulo,3550308,True,,768,,,-23.60155975,-46.612840250000005,,,,1,2023-06-17T02:43:58+00:00
SAO_4113-10,São Paulo,3550308,True,,768,,,-23.60155975,-46.612840250000005,,,,1,2023-06-17T02:44:11+00:00
SAO_4113-10,São Paulo,3550308,True,,768,,,-23.568549750000003,-46.62756125,,,,1,2023-06-17T02:44:34+00:00
SAO_1764-10,São Paulo,3550308,True,,625,,,-23.463694125000004,-46.603479750000005,,,,1,2023-06-17T02:44:05+00:00
SAO_1764-10,São Paulo,3550308,True,,625,,,-23.480430875,-46.613928125,,,,1,2023-06-17T02:44:36+00:00
SAO_1764-10,São Paulo,3550308,True,,625,,,-23.425084,-46.582206,,,,1,2023-06-17T02:42:53+00:00
SAO_1764-10,São Paulo,3550308,True,,625,,,-23.425084,-46.582206,,,,1,2023-06-17T02:44:23+00:00
SAO_1764-10,São Paulo,3550308,True,,625,,,-23.502432499999998,-46.6235935,,,,1,2023-06-17T02:44:15+00:00
SAO_8594-10,São Paulo,3550308,True,EMTU,432,https://moovitapp.com/index/pt-br/transporte_p%C3%BAblico-line-432-Sao_Paulo-242-2038937-36419486-0,4.8,-23.45139,-46.7459295,,,,1,2023-06-17T02:44:35+00:00
SAO_8594-10,São Paulo,3550308,True,EMTU,432,https://moovitapp.com/index/pt-br/transporte_p%C3%BAblico-line-432-Sao_Paulo-242-2038937-36419486-0,4.8,-23.452629,-46.736984,,,,1,2023-06-17T02:44:31+00:00
SAO_8594-10,São Paulo,3550308,True,EMTU,432,https://moovitapp.com/index/pt-br/transporte_p%C3%BAblico-line-432-Sao_Paulo-242-2038937-36419486-0,4.8,-23.525031499999997,-46.683977999999996,,,,1,2023-06-17T02:44:24+00:00
SAO_8594-10,São Paulo,3550308,True,EMTU,432,https://moovitapp.com/index/pt-br/transporte_p%C3%BAblico-line-432-Sao_Paulo-242-2038937-36419486-0,4.8,-23.547847500000003,-46.6420095,,,,1,2023-06-17T02:44:14+00:00
SAO_8594-10,São Paulo,3550308,True,EMTU,432,https://moovitapp.com/index/pt-br/transporte_p%C3%BAblico-line-432-Sao_Paulo-242-2038937-36419486-0,4.8,-23.514029999999998,-46.702380500000004,,,,1,2023-06-17T02:44:34+00:00
SAO_8594-10,São Paulo,3550308,True,EMTU,432,https://moovitapp.com/index/pt-br/transporte_p%C3%BAblico-line-432-Sao_Paulo-242-2038937-36419486-0,4.8,-23.53295825,-46.65721775,,,,1,2023-06-17T02:44:01+00:00
SAO_8594-10,São Paulo,3550308,True,EMTU,432,https://moovitapp.com/index/pt-br/transporte_p%C3%BAblico-line-432-Sao_Paulo-242-2038937-36419486-0,4.8,-23.482498999999997,-46.7176195,,,,1,2023-06-17T02:44:32+00:00
SAO_8594-10,São Paulo,3550308,True,EMTU,432,https://moovitapp.com/index/pt-br/transporte_p%C3%BAblico-line-432-Sao_Paulo-242-2038937-36419486-0,4.8,-23.547847500000003,-46.6420095,,,,1,2023-06-17T02:44:05+00:00
SAO_2290-10,São Paulo,3550308,True,,33486,,,-23.5476865,-46.6292585,,,,2,2023-06-17T02:44:07+00:00
SAO_2290-10,São Paulo,3550308,True,,33486,,,-23.6137635,-46.4764045,,,,2,2023-06-17T02:44:11+00:00
SAO_2290-10,São Paulo,3550308,True,,33486,,,-23.5952735,-46.487778999999996,,,,2,2023-06-17T02:44:39+00:00
SAO_2290-10,São Paulo,3550308,True,,33486,,,-23.558846,-46.5213385,,,,2,2023-06-17T02:44:26+00:00
SAO_2290-10,São Paulo,3550308,True,,33486,,,-23.535066999999998,-46.581428,,,,2,2023-06-17T02:44:20+00:00
SAO_2290-10,São Paulo,3550308,True,,33486,,,-23.53408725,-46.56041975,,,,2,2023-06-17T02:44:33+00:00
SAO_2290-10,São Paulo,3550308,True,,33486,,,-23.6137635,-46.4764045,,,,2,2023-06-17T02:44:18+00:00
SAO_2290-10,São Paulo,3550308,True,,33486,,,-23.6127315,-46.476122000000004,,,,2,2023-06-17T02:44:22+00:00
SAO_2290-10,São Paulo,3550308,True,,33486,,,-23.535374,-46.57487775,,,,2,2023-06-17T02:44:29+00:00
SAO_2290-10,São Paulo,3550308,True,,33486,,,-23.5372925,-46.5948205,,,,2,2023-06-17T02:44:02+00:00
SAO_2290-10,São Paulo,3550308,True,,33486,,,-23.568366875000002,-46.50955725,,,,2,2023-06-17T02:43:57+00:00
SAO_2290-10,São Paulo,3550308,True,,33486,,,-23.6131485,-46.4762315,,,,2,2023-06-17T02:44:16+00:00
SAO_2290-10,São Paulo,3550308,True,,33486,,,-23.5722175,-46.50602175,,,,2,2023-06-17T02:44:01+00:00
SAO_2290-10,São Paulo,3550308,True,,33486,,,-23.575205999999998,-46.50457175,,,,2,2023-06-17T02:44:19+00:00
SAO_2290-10,São Paulo,3550308,True,,33486,,,-23.613456,-46.476318500000005,,,,2,2023-06-17T02:44:15+00:00
SAO_2290-10,São Paulo,3550308,True,,33486,,,-23.599889750000003,-46.484817250000006,,,,2,2023-06-17T02:44:13+00:00
SAO_2290-10,São Paulo,3550308,True,,33486,,,-23.612947,-46.476177500000006,,,,2,2023-06-17T02:44:35+00:00
SAO_2290-10,São Paulo,3550308,True,,33486,,,-23.580305250000002,-46.501073749999996,,,,2,2023-06-17T02:44:04+00:00
SAO_2290-10,São Paulo,3550308,True,,33486,,,-23.5485635,-46.537566999999996,,,,2,2023-06-17T02:44:13+00:00
SAO_2290-10,São Paulo,3550308,True,,33486,,,-23.543461999999998,-46.546627,,,,2,2023-06-17T02:44:38+00:00
SAO_2290-10,São Paulo,3550308,True,,33486,,,-23.577493250000003,-46.50348375,,,,2,2023-06-17T02:44:29+00:00
SAO_2725-10,São Paulo,3550308,True,,939,,,-23.540045,-46.483149499999996,,,,1,2023-06-17T02:43:54+00:00
SAO_2725-10,São Paulo,3550308,True,,939,,,-23.535751750000003,-46.4742085,,,,1,2023-06-17T02:44:16+00:00
SAO_2725-10,São Paulo,3550308,True,,939,,,-23.5161555,-46.46792,,,,1,2023-06-17T02:44:26+00:00
SAO_2725-10,São Paulo,3550308,True,,939,,,-23.516475,-46.468033999999996,,,,1,2023-06-17T02:43:35+00:00
SAO_2725-10,São Paulo,3550308,True,,939,,,-23.5058085,-46.4666645,,,,1,2023-06-17T02:44:28+00:00
SAO_3686-10,São Paulo,3550308,True,,32934,,,-23.531106,-46.44554675,,,,2,2023-06-17T02:44:02+00:00
SAO_3686-10,São Paulo,3550308,True,,32934,,,-23.559947,-46.4038685,,,,2,2023-06-17T02:44:21+00:00
SAO_3686-10,São Paulo,3550308,True,,32934,,,-23.5465295,-46.630686,,,,2,2023-06-17T02:44:13+00:00
SAO_3686-10,São Paulo,3550308,True,,32934,,,-23.539009125,-46.481483999999995,,,,2,2023-06-17T02:44:13+00:00
SAO_3686-10,São Paulo,3550308,True,,32934,,,-23.559947,-46.4038685,,,,2,2023-06-17T02:44:11+00:00
SAO_3686-10,São Paulo,3550308,True,,32934,,,-23.5395165,-46.571670499999996,,,,2,2023-06-17T02:44:30+00:00
SAO_3686-10,São Paulo,3550308,True,,32934,,,-23.5540335,-46.403518000000005,,,,2,2023-06-17T02:41:56+00:00
SAO_3686-10,São Paulo,3550308,True,,32934,,,-23.5328285,-46.44833125,,,,2,2023-06-17T02:44:13+00:00
SAO_1020-10,São Paulo,3550308,True,,35265,,,-23.406180499999998,-46.735046,,,,2,2023-06-17T02:43:25+00:00
SAO_1020-10,São Paulo,3550308,True,,35265,,,-23.442899,-46.7218955,,,,2,2023-06-17T02:44:01+00:00
SAO_1020-10,São Paulo,3550308,True,,35265,,,-23.410570999999997,-46.7636235,,,,2,2023-06-17T02:44:36+00:00
SAO_1020-10,São Paulo,3550308,True,,35265,,,-23.481617,-46.7235275,,,,2,2023-06-17T02:44:40+00:00
SAO_1020-10,São Paulo,3550308,True,,35265,,,-23.4107685,-46.764154000000005,,,,2,2023-06-17T02:44:37+00:00
SAO_3785-10,São Paulo,3550308,True,,33831,,,-23.553698875000002,-46.456072625000004,,,,2,2023-06-17T02:44:21+00:00
SAO_3785-10,São Paulo,3550308,True,,33831,,,-23.582943,-46.408454,,,,2,2023-06-17T02:44:01+00:00
SAO_3785-10,São Paulo,3550308,True,,33831,,,-23.572203000000002,-46.4463495,,,,2,2023-06-17T02:44:18+00:00
SAO_3785-10,São Paulo,3550308,True,,33831,,,-23.5852565,-46.3937715,,,,2,2023-06-17T02:44:13+00:00
SAO_3785-10,São Paulo,3550308,True,,33831,,,-23.591703000000003,-46.3941935,,,,2,2023-06-17T02:44:38+00:00
SAO_3785-10,São Paulo,3550308,True,,33831,,,-23.591701,-46.39571175,,,,2,2023-06-17T02:44:12+00:00
SAO_3785-10,São Paulo,3550308,True,,33831,,,-23.595212,-46.432807499999996,,,,2,2023-06-17T02:44:14+00:00
SAO_3785-10,São Paulo,3550308,True,,33831,,,-23.591703000000003,-46.3941935,,,,2,2023-06-17T02:44:09+00:00
SAO_4017-10,São Paulo,3550308,True,,2190,,,-23.6030555,-46.404005999999995,,,,1,2023-06-17T02:43:55+00:00
SAO_4017-10,São Paulo,3550308,True,,2190,,,-23.5902125,-46.3823955,,,,1,2023-06-17T02:44:39+00:00
SAO_4017-10,São Paulo,3550308,True,,2190,,,-23.579397999999998,-46.398846500000005,,,,1,2023-06-17T02:44:13+00:00
SAO_3063-10,São Paulo,3550308,True,EMTU,253,https://moovitapp.com/index/pt-br/transporte_p%C3%BAblico-line-253-Sao_Paulo-242-2038937-36419364-0,5.4,-23.6105395,-46.474952,,,,1,2023-06-17T02:44:37+00:00
SAO_3063-10,São Paulo,3550308,True,EMTU,253,https://moovitapp.com/index/pt-br/transporte_p%C3%BAblico-line-253-Sao_Paulo-242-2038937-36419364-0,5.4,-23.5427145,-46.4149935,,,,1,2023-06-17T02:44:31+00:00
SAO_3063-10,São Paulo,3550308,True,EMTU,253,https://moovitapp.com/index/pt-br/transporte_p%C3%BAblico-line-253-Sao_Paulo-242-2038937-36419364-0,5.4,-23.595921,-46.45270375,,,,1,2023-06-17T02:43:54+00:00
SAO_3063-10,São Paulo,3550308,True,EMTU,253,https://moovitapp.com/index/pt-br/transporte_p%C3%BAblico-line-253-Sao_Paulo-242-2038937-36419364-0,5.4,-23.573906,-46.4160055,,,,1,2023-06-17T02:43:22+00:00
SAO_1756-10,São Paulo,3550308,True,,33315,,,-23.478508499999997,-46.632876249999995,,,,2,2023-06-17T02:44:16+00:00
SAO_1756-10,São Paulo,3550308,True,,33315,,,-23.4580645,-46.6433105,,,,2,2023-06-17T02:44:14+00:00
SAO_1756-10,São Paulo,3550308,True,,33315,,,-23.458094,-46.642975500000006,,,,2,2023-06-17T02:44:18+00:00
SAO_1756-10,São Paulo,3550308,True,,33315,,,-23.4580515,-46.6428225,,,,2,2023-06-17T02:43:56+00:00
SAO_1756-10,São Paulo,3550308,True,,33315,,,-23.469895,-46.648627000000005,,,,2,2023-06-17T02:44:30+00:00
SAO_1705-10,São Paulo,3550308,True,,849,,,-23.434117999999998,-46.5843315,,,,1,2023-06-17T02:43:34+00:00
SAO_1705-10,São Paulo,3550308,True,,849,,,-23.434117999999998,-46.5843315,,,,1,2023-06-17T02:42:40+00:00
SAO_1705-10,São Paulo,3550308,True,,849,,,-23.434117999999998,-46.5843315,,,,1,2023-06-17T02:41:44+00:00
SAO_1705-10,São Paulo,3550308,True,,849,,,-23.445325,-46.586286,,,,1,2023-06-17T02:44:33+00:00
SAO_1705-10,São Paulo,3550308,True,,849,,,-23.4556325,-46.590016000000006,,,,1,2023-06-17T02:43:57+00:00
SAO_1705-10,São Paulo,3550308,True,,849,,,-23.443365,-46.589582500000006,,,,1,2023-06-17T02:44:15+00:00
SAO_2734-10,São Paulo,3550308,True,,34528,,,-23.541961999999998,-46.470873,,,,2,2023-06-17T02:44:32+00:00
SAO_2734-10,São Paulo,3550308,True,,34528,,,-23.5110655,-46.409795,,,,2,2023-06-17T02:42:12+00:00
SAO_2734-10,São Paulo,3550308,True,,34528,,,-23.52525575,-46.44474075000001,,,,2,2023-06-17T02:44:19+00:00
SAO_2734-10,São Paulo,3550308,True,,34528,,,-23.512508250000003,-46.40890675,,,,2,2023-06-17T02:43:55+00:00
SAO_2734-10,São Paulo,3550308,True,,34528,,,-23.512508250000003,-46.40890675,,,,2,2023-06-17T02:44:29+00:00
SAO_2734-10,São Paulo,3550308,True,,34528,,,-23.541961999999998,-46.470873,,,,2,2023-06-17T02:44:19+00:00
SAO_2734-10,São Paulo,3550308,True,,34528,,,-23.509226124999998,-46.435460125,,,,2,2023-06-17T02:44:33+00:00
SAO_2734-10,São Paulo,3550308,True,,34528,,,-23.541961999999998,-46.470873,,,,2,2023-06-17T02:38:00+00:00
SAO_2734-10,São Paulo,3550308,True,,34528,,,-23.5409985,-46.465643,,,,2,2023-06-17T02:44:27+00:00
SAO_2734-10,São Paulo,3550308,True,,34528,,,-23.524046499999997,-46.4446995,,,,2,2023-06-17T02:43:50+00:00
SAO_2080-10,São Paulo,3550308,True,,33139,,,-23.510135124999998,-46.366632749999994,,,,2,2023-06-17T02:41:50+00:00
SAO_2080-10,São Paulo,3550308,True,,33139,,,-23.487713749999998,-46.38349425,,,,2,2023-06-17T02:42:55+00:00
SAO_2080-10,São Paulo,3550308,True,,33139,,,-23.514965,-46.536692,,,,2,2023-06-17T02:44:37+00:00
SAO_2080-10,São Paulo,3550308,True,,33139,,,-23.49349925,-46.44091225,,,,2,2023-06-17T02:44:28+00:00
SAO_2080-10,São Paulo,3550308,True,,33139,,,-23.510135124999998,-46.366632749999994,,,,2,2023-06-17T02:41:06+00:00
SAO_2080-10,São Paulo,3550308,True,,33139,,,-23.4976665,-46.454432999999995,,,,2,2023-06-17T02:44:00+00:00
SAO_2080-10,São Paulo,3550308,True,,33139,,,-23.49612175,-46.392172,,,,2,2023-06-17T02:44:38+00:00
SAO_2080-10,São Paulo,3550308,True,,33139,,,-23.509847875,-46.36656325,,,,2,2023-06-17T02:38:59+00:00
SAO_263C-10,São Paulo,3550308,True,,33020,,,-23.539279,-46.440163999999996,,,,2,2023-06-17T02:42:14+00:00
SAO_263C-10,São Paulo,3550308,True,,33020,,,-23.47940875,-46.420387,,,,2,2023-06-17T02:43:59+00:00
SAO_263C-10,São Paulo,3550308,True,,33020,,,-23.542378499999998,-46.4198805,,,,2,2023-06-17T02:44:05+00:00
SAO_263C-10,São Paulo,3550308,True,,33020,,,-23.484504,-46.425444999999996,,,,2,2023-06-17T02:44:21+00:00
SAO_1701-21,São Paulo,3550308,True,,35244,,,-23.468374,-46.593721,,,,2,2023-06-17T02:44:12+00:00
SAO_1701-21,São Paulo,3550308,True,,35244,,,-23.44811225,-46.575799624999995,,,,2,2023-06-17T02:44:10+00:00
SAO_1701-21,São Paulo,3550308,True,,35244,,,-23.447903750000002,-46.57596337499999,,,,2,2023-06-17T02:43:59+00:00
SAO_1701-21,São Paulo,3550308,True,,35244,,,-23.447695250000002,-46.576127125,,,,2,2023-06-17T02:44:31+00:00
SAO_1701-21,São Paulo,3550308,True,,35244,,,-23.44811225,-46.575799624999995,,,,2,2023-06-17T02:44:19+00:00
SAO_971C-10,São Paulo,3550308,True,,33339,,,-23.444666249999997,-46.70995625,,,,2,2023-06-17T02:44:34+00:00
SAO_971C-10,São Paulo,3550308,True,,33339,,,-23.448803499999997,-46.710332,,,,2,2023-06-17T02:44:32+00:00
SAO_971C-10,São Paulo,3550308,True,,33339,,,-23.454912,-46.6956555,,,,2,2023-06-17T02:44:08+00:00
SAO_971C-10,São Paulo,3550308,True,,33339,,,-23.449078,-46.710038,,,,2,2023-06-17T02:44:07+00:00
SAO_971C-10,São Paulo,3550308,True,,33339,,,-23.448967500000002,-46.710255000000004,,,,2,2023-06-17T02:43:58+00:00
SAO_971C-10,São Paulo,3550308,True,,33339,,,-23.497893,-46.638857,,,,2,2023-06-17T02:42:25+00:00
SAO_971C-10,São Paulo,3550308,True,,33339,,,-23.4637525,-46.68092,,,,2,2023-06-17T02:44:17+00:00
SAO_3732-10,São Paulo,3550308,True,,33797,,,-23.554649,-46.444942,,,,2,2023-06-17T02:44:38+00:00
SAO_3732-10,São Paulo,3550308,True,,33797,,,-23.5504205,-46.4362705,,,,2,2023-06-17T02:38:20+00:00
SAO_3732-10,São Paulo,3550308,True,,33797,,,-23.552176375,-46.436583250000005,,,,2,2023-06-17T02:44:29+00:00
SAO_3732-10,São Paulo,3550308,True,,33797,,,-23.539525375,-46.4551265,,,,2,2023-06-17T02:44:16+00:00
SAO_8040-10,São Paulo,3550308,True,,406,,,-23.487480874999996,-46.75907075000001,,,,1,2023-06-17T02:44:34+00:00
SAO_8040-10,São Paulo,3550308,True,,406,,,-23.5196895,-46.702430500000006,,,,1,2023-06-17T02:43:54+00:00
SAO_8040-10,São Paulo,3550308,True,,406,,,-23.439717,-46.7601985,,,,1,2023-06-17T02:43:58+00:00
SAO_2678-10,São Paulo,3550308,True,STT,383,https://moovitapp.com/index/pt-br/transporte_p%C3%BAblico-line-383-Sao_Paulo-242-850661-183294-0,5.3,-23.5372205,-46.59428762499999,,,,1,2023-06-17T02:43:57+00:00
SAO_2678-10,São Paulo,3550308,True,STT,383,https://moovitapp.com/index/pt-br/transporte_p%C3%BAblico-line-383-Sao_Paulo-242-850661-183294-0,5.3,-23.539634125,-46.61007975,,,,1,2023-06-17T02:44:04+00:00
SAO_2678-10,São Paulo,3550308,True,STT,383,https://moovitapp.com/index/pt-br/transporte_p%C3%BAblico-line-383-Sao_Paulo-242-850661-183294-0,5.3,-23.494494000000003,-46.42503775,,,,1,2023-06-17T02:44:39+00:00
SAO_2678-10,São Paulo,3550308,True,STT,383,https://moovitapp.com/index/pt-br/transporte_p%C3%BAblico-line-383-Sao_Paulo-242-850661-183294-0,5.3,-23.5072705,-46.4790065,,,,1,2023-06-17T02:43:57+00:00
SAO_2678-10,São Paulo,3550308,True,STT,383,https://moovitapp.com/index/pt-br/transporte_p%C3%BAblico-line-383-Sao_Paulo-242-850661-183294-0,5.3,-23.547011,-46.62953,,,,1,2023-06-17T02:44:26+00:00
SAO_2678-10,São Paulo,3550308,True,STT,383,https://moovitapp.com/index/pt-br/transporte_p%C3%BAblico-line-383-Sao_Paulo-242-850661-183294-0,5.3,-23.5359195,-46.57226,,,,1,2023-06-17T02:44:24+00:00
SAO_2678-10,São Paulo,3550308,True,STT,383,https://moovitapp.com/index/pt-br/transporte_p%C3%BAblico-line-383-Sao_Paulo-242-850661-183294-0,5.3,-23.52124375,-46.54845525,,,,1,2023-06-17T02:44:35+00:00
SAO_2678-10,São Paulo,3550308,True,STT,383,https://moovitapp.com/index/pt-br/transporte_p%C3%BAblico-line-383-Sao_Paulo-242-850661-183294-0,5.3,-23.509712999999998,-46.497209749999996,,,,1,2023-06-17T02:43:56+00:00
SAO_2678-10,São Paulo,3550308,True,STT,383,https://moovitapp.com/index/pt-br/transporte_p%C3%BAblico-line-383-Sao_Paulo-242-850661-183294-0,5.3,-23.546727,-46.629723999999996,,,,1,2023-06-17T02:44:37+00:00
SAO_2678-10,São Paulo,3550308,True,STT,383,https://moovitapp.com/index/pt-br/transporte_p%C3%BAblico-line-383-Sao_Paulo-242-850661-183294-0,5.3,-23.5380105,-46.598118625,,,,1,2023-06-17T02:44:03+00:00
SAO_9047-10,São Paulo,3550308,True,STT,883,https://moovitapp.com/index/pt-br/transporte_p%C3%BAblico-line-883-Sao_Paulo-242-850661-183365-0,5.3,-23.461877,-46.713237500000005,,,,1,2023-06-17T02:44:19+00:00
SAO_9047-10,São Paulo,3550308,True,STT,883,https://moovitapp.com/index/pt-br/transporte_p%C3%BAblico-line-883-Sao_Paulo-242-850661-183365-0,5.3,-23.5021045,-46.6947125,,,,1,2023-06-17T02:44:06+00:00
SAO_9047-10,São Paulo,3550308,True,STT,883,https://moovitapp.com/index/pt-br/transporte_p%C3%BAblico-line-883-Sao_Paulo-242-850661-183365-0,5.3,-23.5182955,-46.701809499999996,,,,1,2023-06-17T02:44:35+00:00
SAO_9047-10,São Paulo,3550308,True,STT,883,https://moovitapp.com/index/pt-br/transporte_p%C3%BAblico-line-883-Sao_Paulo-242-850661-183365-0,5.3,-23.4855085,-46.6919575,,,,1,2023-06-17T02:44:11+00:00
SAO_9047-10,São Paulo,3550308,True,STT,883,https://moovitapp.com/index/pt-br/transporte_p%C3%BAblico-line-883-Sao_Paulo-242-850661-183365-0,5.3,-23.4611935,-46.70918,,,,1,2023-06-17T02:44:31+00:00
SAO_9047-10,São Paulo,3550308,True,STT,883,https://moovitapp.com/index/pt-br/transporte_p%C3%BAblico-line-883-Sao_Paulo-242-850661-183365-0,5.3,-23.516992000000002,-46.704882625,,,,1,2023-06-17T02:44:16+00:00
SAO_5091-10,São Paulo,3550308,True,,1523,,,-23.677267999999998,-46.628326,,,,1,2023-06-17T02:42:15+00:00
SAO_5091-10,São Paulo,3550308,True,,1523,,,-23.693526,-46.677879000000004,,,,1,2023-06-17T02:44:20+00:00
SAO_5091-10,São Paulo,3550308,True,,1523,,,-23.678149,-46.629804500000006,,,,1,2023-06-17T02:43:02+00:00
SAO_5091-10,São Paulo,3550308,True,,1523,,,-23.6890775,-46.637954,,,,1,2023-06-17T02:44:33+00:00
SAO_476G-10,São Paulo,3550308,True,,33879,,,-23.5996905,-46.5518125,,,,2,2023-06-17T02:44:30+00:00
SAO_476G-10,São Paulo,3550308,True,,33879,,,-23.6151385,-46.504729,,,,2,2023-06-17T02:44:19+00:00
SAO_476G-10,São Paulo,3550308,True,,33879,,,-23.58935825,-46.585088,,,,2,2023-06-17T02:44:07+00:00
SAO_2735-21,São Paulo,3550308,True,,514,,,-23.4993145,-46.529726999999994,,,,1,2023-06-17T02:44:22+00:00
SAO_2735-21,São Paulo,3550308,True,,514,,,-23.499772,-46.5241685,,,,1,2023-06-17T02:44:37+00:00
SAO_2735-21,São Paulo,3550308,True,,514,,,-23.532396249999998,-46.5431725,,,,1,2023-06-17T02:44:30+00:00
SAO_5164-10,São Paulo,3550308,True,,34051,,,-23.596517125,-46.649662125000006,,,,2,2023-06-17T02:44:02+00:00
SAO_5164-10,São Paulo,3550308,True,,34051,,,-23.642954500000002,-46.6617585,,,,2,2023-06-17T02:44:09+00:00
SAO_5164-10,São Paulo,3550308,True,,34051,,,-23.64305,-46.6446585,,,,2,2023-06-17T02:43:12+00:00
SAO_5164-10,São Paulo,3550308,True,,34051,,,-23.5809745,-46.6566785,,,,2,2023-06-17T02:39:32+00:00
SAO_5164-10,São Paulo,3550308,True,,34051,,,-23.635889,-46.6414665,,,,2,2023-06-17T02:44:25+00:00
SAO_5164-10,São Paulo,3550308,True,,34051,,,-23.6430645,-46.6619805,,,,2,2023-06-17T02:43:59+00:00
SAO_5164-10,São Paulo,3550308,True,,34051,,,-23.64153175,-46.6659845,,,,2,2023-06-17T02:44:36+00:00
SAO_7012-10,São Paulo,3550308,True,,2043,,,-23.70322,-46.7765285,,,,1,2023-06-17T02:44:18+00:00
SAO_7012-10,São Paulo,3550308,True,,2043,,,-23.668476,-46.735507,,,,1,2023-06-17T02:43:56+00:00
SAO_1178-31,São Paulo,3550308,True,,34580,,,-23.49173,-46.44601225,,,,2,2023-06-17T02:44:03+00:00
SAO_1178-31,São Paulo,3550308,True,,34580,,,-23.496204749999997,-46.511352,,,,2,2023-06-17T02:44:06+00:00
SAO_1178-31,São Paulo,3550308,True,,34580,,,-23.53801925,-46.633688250000006,,,,2,2023-06-17T02:44:38+00:00
SAO_1178-31,São Paulo,3550308,True,,34580,,,-23.504152499999996,-46.432775,,,,2,2023-06-17T02:44:31+00:00
SAO_1178-31,São Paulo,3550308,True,,34580,,,-23.504139000000002,-46.4331075,,,,2,2023-06-17T02:44:24+00:00
SAO_1178-31,São Paulo,3550308,True,,34580,,,-23.523373499999998,-46.612446500000004,,,,2,2023-06-17T02:44:15+00:00
SAO_6820-31,São Paulo,3550308,True,,34174,,,-23.6615275,-46.78784975000001,,,,2,2023-06-17T02:44:35+00:00
SAO_6820-31,São Paulo,3550308,True,,34174,,,-23.659638,-46.775295,,,,2,2023-06-17T02:44:15+00:00
SAO_6820-31,São Paulo,3550308,True,,34174,,,-23.658020999999998,-46.7897125,,,,2,2023-06-17T02:44:33+00:00
SAO_6820-31,São Paulo,3550308,True,,34174,,,-23.658020999999998,-46.7897125,,,,2,2023-06-17T02:44:18+00:00
SAO_6059-10,São Paulo,3550308,True,,1226,,,-23.680342,-46.743466,,,,1,2023-06-17T02:44:38+00:00
SAO_6059-10,São Paulo,3550308,True,,1226,,,-23.649475000000002,-46.70701,,,,1,2023-06-17T02:44:40+00:00
SAO_6059-10,São Paulo,3550308,True,,1226,,,-23.6699395,-46.73911325,,,,1,2023-06-17T02:43:57+00:00
SAO_5752-10,São Paulo,3550308,True,,34055,,,-23.6908875,-46.650045000000006,,,,2,2023-06-17T02:44:29+00:00
SAO_5752-10,São Paulo,3550308,True,,34055,,,-23.675676,-46.66063125,,,,2,2023-06-17T02:44:27+00:00
SAO_5752-10,São Paulo,3550308,True,,34055,,,-23.6712,-46.665414999999996,,,,2,2023-06-17T02:43:38+00:00
SAO_5752-10,São Paulo,3550308,True,,34055,,,-23.645426,-46.645011499999995,,,,2,2023-06-17T02:44:17+00:00
SAO_5752-10,São Paulo,3550308,True,,34055,,,-23.6908875,-46.650045000000006,,,,2,2023-06-17T02:44:13+00:00
SAO_5752-10,São Paulo,3550308,True,,34055,,,-23.660881500000002,-46.659060749999995,,,,2,2023-06-17T02:44:35+00:00
SAO_5752-10,São Paulo,3550308,True,,34055,,,-23.67531375,-46.661088500000005,,,,2,2023-06-17T02:44:11+00:00
SAO_5752-10,São Paulo,3550308,True,,34055,,,-23.6881495,-46.6481675,,,,2,2023-06-17T02:40:25+00:00
SAO_5752-10,São Paulo,3550308,True,,34055,,,-23.690883999999997,-46.6502995,,,,2,2023-06-17T02:44:14+00:00
SAO_5752-10,São Paulo,3550308,True,,34055,,,-23.635831,-46.64012,,,,2,2023-06-17T02:44:11+00:00
SAO_2363-10,São Paulo,3550308,True,,32903,,,-23.4987395,-46.50209475,,,,2,2023-06-17T02:34:53+00:00
SAO_2363-10,São Paulo,3550308,True,,32903,,,-23.504835999999997,-46.51263949999999,,,,2,2023-06-17T02:44:17+00:00
SAO_2363-10,São Paulo,3550308,True,,32903,,,-23.53537,-46.58360725,,,,2,2023-06-17T02:44:20+00:00
SAO_2363-10,São Paulo,3550308,True,,32903,,,-23.50627625,-46.53124875,,,,2,2023-06-17T02:44:15+00:00
SAO_7057-10,São Paulo,3550308,True,,1897,,,-23.634623,-46.775131,,,,1,2023-06-17T02:44:26+00:00
SAO_607C-10,São Paulo,3550308,True,,1977,,,-23.6896565,-46.635254,,,,1,2023-06-17T02:43:23+00:00
SAO_607C-10,São Paulo,3550308,True,,1977,,,-23.6896565,-46.635254,,,,1,2023-06-17T02:44:32+00:00
SAO_607C-10,São Paulo,3550308,True,,1977,,,-23.594110999999998,-46.6896845,,,,1,2023-06-17T02:44:15+00:00
SAO_607C-10,São Paulo,3550308,True,,1977,,,-23.6438005,-46.67281199999999,,,,1,2023-06-17T02:43:57+00:00
SAO_607C-10,São Paulo,3550308,True,,1977,,,-23.6039285,-46.692307,,,,1,2023-06-17T02:43:53+00:00
SAO_607C-10,São Paulo,3550308,True,,1977,,,-23.5992,-46.6906835,,,,1,2023-06-17T02:44:05+00:00
SAO_607C-10,São Paulo,3550308,True,,1977,,,-23.6561405,-46.6657805,,,,1,2023-06-17T02:44:00+00:00
SAO_607C-10,São Paulo,3550308,True,,1977,,,-23.590769,-46.6873225,,,,1,2023-06-17T02:44:11+00:00
SAO_574J-10,São Paulo,3550308,True,,34453,,,-23.636083499999998,-46.641462,,,,2,2023-06-17T02:44:39+00:00
SAO_574J-10,São Paulo,3550308,True,,34453,,,-23.636083499999998,-46.641462,,,,2,2023-06-17T02:44:31+00:00
SAO_574J-10,São Paulo,3550308,True,,34453,,,-23.624053,-46.6294365,,,,2,2023-06-17T02:44:15+00:00
SAO_574J-10,São Paulo,3550308,True,,34453,,,-23.6250125,-46.61950950000001,,,,2,2023-06-17T02:44:15+00:00
SAO_574J-10,São Paulo,3550308,True,,34453,,,-23.636083499999998,-46.641462,,,,2,2023-06-17T02:44:16+00:00
SAO_574J-10,São Paulo,3550308,True,,34453,,,-23.6250955,-46.6108075,,,,2,2023-06-17T02:44:09+00:00
SAO_574J-10,São Paulo,3550308,True,,34453,,,-23.5647095,-46.5586115,,,,2,2023-06-17T02:44:22+00:00
SAO_574J-10,São Paulo,3550308,True,,34453,,,-23.598917125,-46.6005945,,,,2,2023-06-17T02:44:32+00:00
SAO_407M-10,São Paulo,3550308,True,,318,,,-23.589461,-46.625139,,,,1,2023-06-17T02:44:35+00:00
SAO_5123-10,São Paulo,3550308,True,,1125,,,-23.6387255,-46.64124475,,,,1,2023-06-17T02:44:23+00:00
SAO_5123-10,São Paulo,3550308,True,,1125,,,-23.595132125,-46.64504875,,,,1,2023-06-17T02:44:28+00:00
SAO_5123-10,São Paulo,3550308,True,,1125,,,-23.605085000000003,-46.636889499999995,,,,1,2023-06-17T02:44:34+00:00
SAO_5123-10,São Paulo,3550308,True,,1125,,,-23.678448500000002,-46.630771499999994,,,,1,2023-06-17T02:44:18+00:00
SAO_5123-10,São Paulo,3550308,True,,1125,,,-23.594782000000002,-46.642353,,,,1,2023-06-17T02:44:28+00:00
SAO_5123-10,São Paulo,3550308,True,,1125,,,-23.6698555,-46.640420500000005,,,,1,2023-06-17T02:44:12+00:00
SAO_6058-10,São Paulo,3550308,True,,1149,,,-23.774044875,-46.705919,,,,1,2023-06-17T02:44:41+00:00
SAO_5154-10,São Paulo,3550308,True,EMTU,353,https://moovitapp.com/index/pt-br/transporte_p%C3%BAblico-line-353-Sao_Paulo-242-2038937-36419436-0,5.1,-23.654157,-46.710629,,,,1,2023-06-17T02:44:28+00:00
SAO_5154-10,São Paulo,3550308,True,EMTU,353,https://moovitapp.com/index/pt-br/transporte_p%C3%BAblico-line-353-Sao_Paulo-242-2038937-36419436-0,5.1,-23.609441500000003,-46.669815,,,,1,2023-06-17T02:43:59+00:00
SAO_5154-10,São Paulo,3550308,True,EMTU,353,https://moovitapp.com/index/pt-br/transporte_p%C3%BAblico-line-353-Sao_Paulo-242-2038937-36419436-0,5.1,-23.654157,-46.710629,,,,1,2023-06-17T02:44:38+00:00
SAO_5154-10,São Paulo,3550308,True,EMTU,353,https://moovitapp.com/index/pt-br/transporte_p%C3%BAblico-line-353-Sao_Paulo-242-2038937-36419436-0,5.1,-23.555681,-46.6395115,,,,1,2023-06-17T02:44:27+00:00
SAO_5154-10,São Paulo,3550308,True,EMTU,353,https://moovitapp.com/index/pt-br/transporte_p%C3%BAblico-line-353-Sao_Paulo-242-2038937-36419436-0,5.1,-23.53506275,-46.644746999999995,,,,1,2023-06-17T02:44:15+00:00
SAO_5154-10,São Paulo,3550308,True,EMTU,353,https://moovitapp.com/index/pt-br/transporte_p%C3%BAblico-line-353-Sao_Paulo-242-2038937-36419436-0,5.1,-23.640957375,-46.697789625000006,,,,1,2023-06-17T02:44:21+00:00
SAO_5154-10,São Paulo,3550308,True,EMTU,353,https://moovitapp.com/index/pt-br/transporte_p%C3%BAblico-line-353-Sao_Paulo-242-2038937-36419436-0,5.1,-23.654157,-46.710629,,,,1,2023-06-17T02:44:14+00:00
SAO_875C-10,São Paulo,3550308,True,,33246,,,-23.520066999999997,-46.6995985,,,,2,2023-06-17T02:42:24+00:00
SAO_875C-10,São Paulo,3550308,True,,33246,,,-23.598244,-46.644809,,,,2,2023-06-17T02:44:01+00:00
SAO_875C-10,São Paulo,3550308,True,,33246,,,-23.5198445,-46.700163,,,,2,2023-06-17T02:41:21+00:00
SAO_875C-10,São Paulo,3550308,True,,33246,,,-23.5198445,-46.700163,,,,2,2023-06-17T02:44:15+00:00
SAO_875C-10,São Paulo,3550308,True,,33246,,,-23.520066999999997,-46.6995985,,,,2,2023-06-17T02:44:14+00:00
SAO_875C-10,São Paulo,3550308,True,,33246,,,-23.5962565,-46.66722825000001,,,,2,2023-06-17T02:39:06+00:00
SAO_875C-10,São Paulo,3550308,True,,33246,,,-23.573808749999998,-46.6889005,,,,2,2023-06-17T02:44:15+00:00
SAO_875C-10,São Paulo,3550308,True,,33246,,,-23.543759375,-46.715436,,,,2,2023-06-17T02:44:04+00:00
SAO_875C-10,São Paulo,3550308,True,,33246,,,-23.52087225,-46.70017,,,,2,2023-06-17T02:44:30+00:00
SAO_2762-10,São Paulo,3550308,True,,144,,,-23.5399035,-46.5769205,,,,1,2023-06-17T02:43:52+00:00
SAO_2762-10,São Paulo,3550308,True,,144,,,-23.520069499999998,-46.548517375,,,,1,2023-06-17T02:44:02+00:00
SAO_2762-10,São Paulo,3550308,True,,144,,,-23.492590999999997,-46.496555,,,,1,2023-06-17T02:41:39+00:00
SAO_407H-10,São Paulo,3550308,True,,2197,,,-23.6335585,-46.4430015,,,,1,2023-06-17T02:44:35+00:00
SAO_407H-10,São Paulo,3550308,True,,2197,,,-23.548962125,-46.46186125,,,,1,2023-06-17T02:44:28+00:00
SAO_407H-10,São Paulo,3550308,True,,2197,,,-23.542603999999997,-46.469476,,,,1,2023-06-17T02:44:36+00:00
SAO_407H-10,São Paulo,3550308,True,,2197,,,-23.553980000000003,-46.4638355,,,,1,2023-06-17T02:44:28+00:00
SAO_407H-10,São Paulo,3550308,True,,2197,,,-23.59687,-46.453597,,,,1,2023-06-17T02:42:54+00:00
SAO_407H-10,São Paulo,3550308,True,,2197,,,-23.610452249999998,-46.45343475,,,,1,2023-06-17T02:44:07+00:00
SAO_737A-10,São Paulo,3550308,True,,34498,,,-23.667081,-46.725983,,,,2,2023-06-17T02:44:10+00:00
SAO_737A-10,São Paulo,3550308,True,,34498,,,-23.6902125,-46.773815,,,,2,2023-06-17T02:44:04+00:00
SAO_737A-10,São Paulo,3550308,True,,34498,,,-23.67409025,-46.746935500000006,,,,2,2023-06-17T02:44:32+00:00
SAO_737A-10,São Paulo,3550308,True,,34498,,,-23.6902125,-46.773815,,,,2,2023-06-17T02:44:12+00:00
SAO_737A-10,São Paulo,3550308,True,,34498,,,-23.6757445,-46.7539985,,,,2,2023-06-17T02:44:05+00:00
SAO_737A-10,São Paulo,3550308,True,,34498,,,-23.689947,-46.7740025,,,,2,2023-06-17T02:44:26+00:00
SAO_737A-10,São Paulo,3550308,True,,34498,,,-23.688845375,-46.77301675,,,,2,2023-06-17T02:44:29+00:00
SAO_737A-10,São Paulo,3550308,True,,34498,,,-23.6902125,-46.773815,,,,2,2023-06-17T02:44:25+00:00
SAO_737A-10,São Paulo,3550308,True,,34498,,,-23.6902125,-46.773815,,,,2,2023-06-17T02:44:14+00:00
SAO_6110-10,São Paulo,3550308,True,,33952,,,-23.65942225,-46.6795805,,,,2,2023-06-17T02:43:57+00:00
SAO_6110-10,São Paulo,3550308,True,,33952,,,-23.636906125000003,-46.670910250000006,,,,2,2023-06-17T02:44:04+00:00
SAO_6110-10,São Paulo,3550308,True,,33952,,,-23.68175025,-46.689241249999995,,,,2,2023-06-17T02:44:08+00:00
SAO_6110-10,São Paulo,3550308,True,,33952,,,-23.7386095,-46.709650499999995,,,,2,2023-06-17T02:44:12+00:00
SAO_6110-10,São Paulo,3550308,True,,33952,,,-23.7351345,-46.7113715,,,,2,2023-06-17T02:44:24+00:00
SAO_6110-10,São Paulo,3550308,True,,33952,,,-23.704718,-46.702425000000005,,,,2,2023-06-17T02:44:19+00:00
SAO_6L05-10,São Paulo,3550308,True,,1173,,,-23.838669,-46.719837,,,,1,2023-06-17T02:44:13+00:00
SAO_8029-10,São Paulo,3550308,True,,35308,,,-23.5855945,-46.724115,,,,2,2023-06-17T02:38:26+00:00
SAO_8029-10,São Paulo,3550308,True,,35308,,,-23.6157715,-46.73956200000001,,,,2,2023-06-17T02:44:26+00:00
SAO_8029-10,São Paulo,3550308,True,,35308,,,-23.5855945,-46.724115,,,,2,2023-06-17T02:43:58+00:00
SAO_8029-10,São Paulo,3550308,True,,35308,,,-23.5832105,-46.7245785,,,,2,2023-06-17T02:44:19+00:00
SAO_8029-10,São Paulo,3550308,True,,35308,,,-23.615045000000002,-46.746387999999996,,,,2,2023-06-17T02:44:02+00:00
SAO_8029-10,São Paulo,3550308,True,,35308,,,-23.611121750000002,-46.72770800000001,,,,2,2023-06-17T02:44:05+00:00
SAO_8029-10,São Paulo,3550308,True,,35308,,,-23.615398,-46.746458000000004,,,,2,2023-06-17T02:44:13+00:00
SAO_1702-10,São Paulo,3550308,True,,33614,,,-23.443305000000002,-46.5771705,,,,2,2023-06-17T02:44:24+00:00
SAO_1702-10,São Paulo,3550308,True,,33614,,,-23.443147,-46.5770005,,,,2,2023-06-17T02:44:25+00:00
SAO_1702-10,São Paulo,3550308,True,,33614,,,-23.443305000000002,-46.5771705,,,,2,2023-06-17T02:44:33+00:00
SAO_1702-10,São Paulo,3550308,True,,33614,,,-23.4432505,-46.577110000000005,,,,2,2023-06-17T02:44:40+00:00
SAO_1702-10,São Paulo,3550308,True,,33614,,,-23.4454635,-46.577521000000004,,,,2,2023-06-17T02:44:40+00:00
SAO_1702-10,São Paulo,3550308,True,,33614,,,-23.4771445,-46.5972415,,,,2,2023-06-17T02:44:22+00:00
SAO_1702-10,São Paulo,3550308,True,,33614,,,-23.443147,-46.5770005,,,,2,2023-06-17T02:44:34+00:00
SAO_1702-10,São Paulo,3550308,True,,33614,,,-23.4432505,-46.577110000000005,,,,2,2023-06-17T02:44:23+00:00
SAO_1702-10,São Paulo,3550308,True,,33614,,,-23.448439999999998,-46.574527,,,,2,2023-06-17T02:44:24+00:00
SAO_1702-10,São Paulo,3550308,True,,33614,,,-23.473266375,-46.58897,,,,2,2023-06-17T02:44:24+00:00
SAO_1702-10,São Paulo,3550308,True,,33614,,,-23.446429000000002,-46.577147499999995,,,,2,2023-06-17T02:44:30+00:00
SAO_695X-10,São Paulo,3550308,True,,1441,,,-23.767062,-46.7161295,,,,1,2023-06-17T02:44:10+00:00
SAO_695X-10,São Paulo,3550308,True,,1441,,,-23.6502655,-46.6774645,,,,1,2023-06-17T02:44:14+00:00
SAO_695X-10,São Paulo,3550308,True,,1441,,,-23.643219375,-46.651292,,,,1,2023-06-17T02:44:38+00:00
SAO_695X-10,São Paulo,3550308,True,,1441,,,-23.767062,-46.7161295,,,,1,2023-06-17T02:38:18+00:00
SAO_4093-10,São Paulo,3550308,True,,2448,,,-23.588952,-46.395677,,,,1,2023-06-17T02:44:19+00:00
SAO_4093-10,São Paulo,3550308,True,,2448,,,-23.58308,-46.408871000000005,,,,1,2023-06-17T02:44:22+00:00
SAO_4093-10,São Paulo,3550308,True,,2448,,,-23.588952,-46.395677,,,,1,2023-06-17T02:44:12+00:00
SAO_4093-10,São Paulo,3550308,True,,2448,,,-23.588952,-46.395677,,,,1,2023-06-17T02:44:24+00:00
SAO_4093-10,São Paulo,3550308,True,,2448,,,-23.590438,-46.3984395,,,,1,2023-06-17T02:40:11+00:00
SAO_4093-10,São Paulo,3550308,True,,2448,,,-23.582922,-46.4081745,,,,1,2023-06-17T02:44:05+00:00
SAO_8194-10,São Paulo,3550308,True,,33573,,,-23.4140545,-46.750673500000005,,,,2,2023-06-17T02:43:58+00:00
SAO_8194-10,São Paulo,3550308,True,,33573,,,-23.459804999999996,-46.68515025,,,,2,2023-06-17T02:44:17+00:00
SAO_8194-10,São Paulo,3550308,True,,33573,,,-23.4186075,-46.730977499999995,,,,2,2023-06-17T02:43:56+00:00
SAO_8194-10,São Paulo,3550308,True,,33573,,,-23.399631874999997,-46.74878575,,,,2,2023-06-17T02:44:27+00:00
SAO_8194-10,São Paulo,3550308,True,,33573,,,-23.4059505,-46.75806225,,,,2,2023-06-17T02:44:07+00:00
SAO_8194-10,São Paulo,3550308,True,,33573,,,-23.4140175,-46.750341500000005,,,,2,2023-06-17T02:44:38+00:00
SAO_8194-10,São Paulo,3550308,True,,33573,,,-23.455016999999998,-46.6954525,,,,2,2023-06-17T02:44:22+00:00
SAO_8194-10,São Paulo,3550308,True,,33573,,,-23.4140545,-46.750673500000005,,,,2,2023-06-17T02:44:17+00:00
SAO_5131-10,São Paulo,3550308,True,,34050,,,-23.5517905,-46.6373745,,,,2,2023-06-17T02:44:39+00:00
SAO_5131-10,São Paulo,3550308,True,,34050,,,-23.5850215,-46.6707465,,,,2,2023-06-17T02:44:33+00:00
SAO_5131-10,São Paulo,3550308,True,,34050,,,-23.662461999999998,-46.669380000000004,,,,2,2023-06-17T02:43:57+00:00
SAO_5131-10,São Paulo,3550308,True,,34050,,,-23.662461999999998,-46.669380000000004,,,,2,2023-06-17T02:44:38+00:00
SAO_5131-10,São Paulo,3550308,True,,34050,,,-23.626017,-46.687895499999996,,,,2,2023-06-17T02:44:07+00:00
SAO_9191-10,São Paulo,3550308,True,,33578,,,-23.4816705,-46.6731425,,,,2,2023-06-17T02:43:59+00:00
SAO_9191-10,São Paulo,3550308,True,,33578,,,-23.5259165,-46.63162,,,,2,2023-06-17T02:44:11+00:00
SAO_9191-10,São Paulo,3550308,True,,33578,,,-23.456177500000003,-46.678882,,,,2,2023-06-17T02:44:09+00:00
SAO_9191-10,São Paulo,3550308,True,,33578,,,-23.459447,-46.680199,,,,2,2023-06-17T02:44:04+00:00
SAO_9191-10,São Paulo,3550308,True,,33578,,,-23.5259165,-46.63162,,,,2,2023-06-17T02:44:04+00:00
SAO_9191-10,São Paulo,3550308,True,,33578,,,-23.471132,-46.665958,,,,2,2023-06-17T02:44:31+00:00
SAO_9191-10,São Paulo,3550308,True,,33578,,,-23.456233,-46.679066,,,,2,2023-06-17T02:44:21+00:00
SAO_9191-10,São Paulo,3550308,True,,33578,,,-23.5272525,-46.63300875,,,,2,2023-06-17T02:44:32+00:00
SAO_9191-10,São Paulo,3550308,True,,33578,,,-23.5259165,-46.63162,,,,2,2023-06-17T02:43:56+00:00
SAO_9191-10,São Paulo,3550308,True,,33578,,,-23.474802500000003,-46.66820249999999,,,,2,2023-06-17T02:44:16+00:00
SAO_9191-10,São Paulo,3550308,True,,33578,,,-23.4559915,-46.6784675,,,,2,2023-06-17T02:44:12+00:00
SAO_9191-10,São Paulo,3550308,True,,33578,,,-23.53137075,-46.63882325,,,,2,2023-06-17T02:44:02+00:00
SAO_9191-10,São Paulo,3550308,True,,33578,,,-23.45628,-46.679371,,,,2,2023-06-17T02:44:12+00:00
SAO_9191-10,São Paulo,3550308,True,,33578,,,-23.456177500000003,-46.678882,,,,2,2023-06-17T02:44:36+00:00
SAO_9191-10,São Paulo,3550308,True,,33578,,,-23.52486025,-46.64569625,,,,2,2023-06-17T02:44:12+00:00
SAO_9191-10,São Paulo,3550308,True,,33578,,,-23.501992,-46.68436749999999,,,,2,2023-06-17T02:44:07+00:00
SAO_4012-10,São Paulo,3550308,True,,2185,,,-23.598098999999998,-46.4409325,,,,1,2023-06-17T02:44:28+00:00
SAO_4012-10,São Paulo,3550308,True,,2185,,,-23.598281999999998,-46.440941249999995,,,,1,2023-06-17T02:44:09+00:00
SAO_4012-10,São Paulo,3550308,True,,2185,,,-23.598098999999998,-46.4409325,,,,1,2023-06-17T02:44:27+00:00
SAO_4012-10,São Paulo,3550308,True,,2185,,,-23.598098999999998,-46.4409325,,,,1,2023-06-17T02:44:09+00:00
SAO_4012-10,São Paulo,3550308,True,,2185,,,-23.608008499999997,-46.449095,,,,1,2023-06-17T02:44:08+00:00
SAO_4012-10,São Paulo,3550308,True,,2185,,,-23.598098999999998,-46.4409325,,,,1,2023-06-17T02:43:55+00:00
SAO_4012-10,São Paulo,3550308,True,,2185,,,-23.612884,-46.4762945,,,,1,2023-06-17T02:44:09+00:00
SAO_4012-10,São Paulo,3550308,True,,2185,,,-23.598098999999998,-46.4409325,,,,1,2023-06-17T02:44:09+00:00
SAO_4012-10,São Paulo,3550308,True,,2185,,,-23.611989,-46.473779,,,,1,2023-06-17T02:44:21+00:00
SAO_637A-10,São Paulo,3550308,True,,185,,,-23.565869,-46.701094499999996,,,,1,2023-06-17T02:44:26+00:00
SAO_637A-10,São Paulo,3550308,True,,185,,,-23.673204499999997,-46.744687,,,,1,2023-06-17T02:44:20+00:00
SAO_637A-10,São Paulo,3550308,True,,185,,,-23.5726325,-46.689627,,,,1,2023-06-17T02:44:37+00:00
SAO_637A-10,São Paulo,3550308,True,,185,,,-23.565214249999997,-46.7010625,,,,1,2023-06-17T02:43:59+00:00
SAO_637A-10,São Paulo,3550308,True,,185,,,-23.690492499999998,-46.774092,,,,1,2023-06-17T02:44:10+00:00
SAO_637A-10,São Paulo,3550308,True,,185,,,-23.690886,-46.774112,,,,1,2023-06-17T02:44:29+00:00
SAO_637A-10,São Paulo,3550308,True,,185,,,-23.6848355,-46.7700415,,,,1,2023-06-17T02:40:09+00:00
SAO_637A-10,São Paulo,3550308,True,,185,,,-23.642485999999998,-46.7246605,,,,1,2023-06-17T02:44:24+00:00
SAO_637A-10,São Paulo,3550308,True,,185,,,-23.59145675,-46.69161325,,,,1,2023-06-17T02:44:14+00:00
SAO_9789-10,São Paulo,3550308,True,,829,,,-23.460588,-46.70847,,,,1,2023-06-17T02:44:03+00:00
SAO_9789-10,São Paulo,3550308,True,,829,,,-23.460588,-46.70847,,,,1,2023-06-17T02:44:10+00:00
SAO_9789-10,São Paulo,3550308,True,,829,,,-23.460588,-46.70847,,,,1,2023-06-17T02:44:07+00:00
SAO_9789-10,São Paulo,3550308,True,,829,,,-23.460588,-46.70847,,,,1,2023-06-17T02:44:20+00:00
SAO_9789-10,São Paulo,3550308,True,,829,,,-23.5247875,-46.6695105,,,,1,2023-06-17T02:44:22+00:00
SAO_9789-10,São Paulo,3550308,True,,829,,,-23.483971,-46.691477,,,,1,2023-06-17T02:44:32+00:00
SAO_9789-10,São Paulo,3550308,True,,829,,,-23.504489749999998,-46.67995675,,,,1,2023-06-17T02:44:07+00:00
SAO_9789-10,São Paulo,3550308,True,,829,,,-23.460728000000003,-46.7085375,,,,1,2023-06-17T02:44:12+00:00
SAO_9789-10,São Paulo,3550308,True,,829,,,-23.460588,-46.70847,,,,1,2023-06-17T02:44:31+00:00
SAO_9789-10,São Paulo,3550308,True,,829,,,-23.460588,-46.70847,,,,1,2023-06-17T02:44:33+00:00
SAO_7011-10,São Paulo,3550308,True,,1952,,,-23.7087205,-46.792103499999996,,,,1,2023-06-17T02:44:06+00:00
SAO_7011-10,São Paulo,3550308,True,,1952,,,-23.6947475,-46.781497,,,,1,2023-06-17T02:44:28+00:00
SAO_5021-10,São Paulo,3550308,True,,34435,,,-23.6302405,-46.62586,,,,2,2023-06-17T02:44:35+00:00
SAO_5021-10,São Paulo,3550308,True,,34435,,,-23.62543325,-46.619444,,,,2,2023-06-17T02:44:27+00:00
SAO_2714-10,São Paulo,3550308,True,,33695,,,-23.525022,-46.53079525,,,,2,2023-06-17T02:44:34+00:00
SAO_2714-10,São Paulo,3550308,True,,33695,,,-23.531532499999997,-46.5288405,,,,2,2023-06-17T02:43:57+00:00
SAO_2714-10,São Paulo,3550308,True,,33695,,,-23.531588999999997,-46.528728,,,,2,2023-06-17T02:44:07+00:00
SAO_2714-10,São Paulo,3550308,True,,33695,,,-23.512582000000002,-46.526125,,,,2,2023-06-17T02:44:32+00:00
SAO_1780-10,São Paulo,3550308,True,,869,,,-23.486397,-46.608689749999996,,,,1,2023-06-17T02:44:25+00:00
SAO_1780-10,São Paulo,3550308,True,,869,,,-23.451144499999998,-46.5805215,,,,1,2023-06-17T02:43:56+00:00
SAO_1780-10,São Paulo,3550308,True,,869,,,-23.4490025,-46.578785999999994,,,,1,2023-06-17T02:44:09+00:00
SAO_1780-10,São Paulo,3550308,True,,869,,,-23.451144499999998,-46.5805215,,,,1,2023-06-17T02:44:08+00:00
SAO_775F-10,São Paulo,3550308,True,,796,,,-23.6254505,-46.7479555,,,,1,2023-06-17T02:44:31+00:00
SAO_775F-10,São Paulo,3550308,True,,796,,,-23.6129475,-46.754987,,,,1,2023-06-17T02:44:24+00:00
SAO_775F-10,São Paulo,3550308,True,,796,,,-23.6254505,-46.7479555,,,,1,2023-06-17T02:44:19+00:00
SAO_775F-10,São Paulo,3550308,True,,796,,,-23.6254505,-46.7479555,,,,1,2023-06-17T02:44:35+00:00
SAO_775F-10,São Paulo,3550308,True,,796,,,-23.6254505,-46.7479555,,,,1,2023-06-17T02:43:59+00:00
SAO_775F-10,São Paulo,3550308,True,,796,,,-23.576174,-46.6874595,,,,1,2023-06-17T02:44:24+00:00
SAO_775F-10,São Paulo,3550308,True,,796,,,-23.6254505,-46.7479555,,,,1,2023-06-17T02:44:26+00:00
SAO_775F-10,São Paulo,3550308,True,,796,,,-23.567876,-46.6927405,,,,1,2023-06-17T02:39:54+00:00
SAO_775F-10,São Paulo,3550308,True,,796,,,-23.6254505,-46.7479555,,,,1,2023-06-17T02:44:30+00:00
SAO_775F-10,São Paulo,3550308,True,,796,,,-23.560432000000002,-46.682286500000004,,,,1,2023-06-17T02:44:26+00:00
SAO_695T-10,São Paulo,3550308,True,,34090,,,-23.654660999999997,-46.7609705,,,,2,2023-06-17T02:44:27+00:00
SAO_695T-10,São Paulo,3550308,True,,34090,,,-23.654660999999997,-46.7609705,,,,2,2023-06-17T02:44:15+00:00
SAO_695T-10,São Paulo,3550308,True,,34090,,,-23.617217375000003,-46.675102249999995,,,,2,2023-06-17T02:44:17+00:00
SAO_695T-10,São Paulo,3550308,True,,34090,,,-23.598506999999998,-46.639347,,,,2,2023-06-17T02:44:03+00:00
SAO_695T-10,São Paulo,3550308,True,,34090,,,-23.645891,-46.7467405,,,,2,2023-06-17T02:44:07+00:00
SAO_695T-10,São Paulo,3550308,True,,34090,,,-23.617217375000003,-46.675102249999995,,,,2,2023-06-17T02:44:27+00:00
SAO_695T-10,São Paulo,3550308,True,,34090,,,-23.6546255,-46.761425,,,,2,2023-06-17T02:44:29+00:00
SAO_695T-10,São Paulo,3550308,True,,34090,,,-23.654127000000003,-46.762448000000006,,,,2,2023-06-17T02:44:19+00:00
SAO_5611-10,São Paulo,3550308,True,EMTU,598,https://moovitapp.com/index/pt-br/transporte_p%C3%BAblico-line-598-Sao_Paulo-242-2038937-36419579-0,7.05,-23.695528,-46.6517615,,,,1,2023-06-17T02:43:36+00:00
SAO_5611-10,São Paulo,3550308,True,EMTU,598,https://moovitapp.com/index/pt-br/transporte_p%C3%BAblico-line-598-Sao_Paulo-242-2038937-36419579-0,7.05,-23.5868985,-46.652587499999996,,,,1,2023-06-17T02:44:31+00:00
SAO_5611-10,São Paulo,3550308,True,EMTU,598,https://moovitapp.com/index/pt-br/transporte_p%C3%BAblico-line-598-Sao_Paulo-242-2038937-36419579-0,7.05,-23.6920815,-46.67773,,,,1,2023-06-17T02:44:32+00:00
SAO_5611-10,São Paulo,3550308,True,EMTU,598,https://moovitapp.com/index/pt-br/transporte_p%C3%BAblico-line-598-Sao_Paulo-242-2038937-36419579-0,7.05,-23.6665305,-46.6777675,,,,1,2023-06-17T02:44:25+00:00
SAO_273L-10,São Paulo,3550308,True,,224,,,-23.5401805,-46.483284,,,,1,2023-06-17T02:44:09+00:00
SAO_273L-10,São Paulo,3550308,True,,224,,,-23.514104500000002,-46.4251955,,,,1,2023-06-17T02:43:58+00:00
SAO_6500-10,São Paulo,3550308,True,,32814,,,-23.5496475,-46.6398245,,,,2,2023-06-17T02:44:26+00:00
SAO_6500-10,São Paulo,3550308,True,,32814,,,-23.5509225,-46.64522875,,,,2,2023-06-17T02:44:11+00:00
SAO_6500-10,São Paulo,3550308,True,,32814,,,-23.64735775,-46.70356674999999,,,,2,2023-06-17T02:44:31+00:00
SAO_6500-10,São Paulo,3550308,True,,32814,,,-23.58432275,-46.67035675,,,,2,2023-06-17T02:44:40+00:00
SAO_6500-10,São Paulo,3550308,True,,32814,,,-23.6043425,-46.6750015,,,,2,2023-06-17T02:44:13+00:00
SAO_3390-10,São Paulo,3550308,True,,738,,,-23.578928875,-46.592461375,,,,1,2023-06-17T02:44:33+00:00
SAO_3390-10,São Paulo,3550308,True,,738,,,-23.547011,-46.62953,,,,1,2023-06-17T02:44:01+00:00
SAO_3390-10,São Paulo,3550308,True,,738,,,-23.612288,-46.482754,,,,1,2023-06-17T02:42:40+00:00
SAO_3390-10,São Paulo,3550308,True,,738,,,-23.612506,-46.479178,,,,1,2023-06-17T02:44:22+00:00
SAO_3390-10,São Paulo,3550308,True,,738,,,-23.597045,-46.529823,,,,1,2023-06-17T02:44:26+00:00
SAO_3390-10,São Paulo,3550308,True,,738,,,-23.611655499999998,-46.4832885,,,,1,2023-06-17T02:39:55+00:00
SAO_3390-10,São Paulo,3550308,True,,738,,,-23.612184499999998,-46.482907499999996,,,,1,2023-06-17T02:44:34+00:00
SAO_3390-10,São Paulo,3550308,True,,738,,,-23.6123785,-46.482487,,,,1,2023-06-17T02:44:22+00:00
SAO_372U-10,São Paulo,3550308,True,,33784,,,-23.55705475,-46.544683250000006,,,,2,2023-06-17T02:44:02+00:00
SAO_372U-10,São Paulo,3550308,True,,33784,,,-23.5568485,-46.537368,,,,2,2023-06-17T02:44:38+00:00
SAO_372U-10,São Paulo,3550308,True,,33784,,,-23.561893500000004,-46.56246725,,,,2,2023-06-17T02:43:10+00:00
SAO_372U-10,São Paulo,3550308,True,,33784,,,-23.5568485,-46.537368,,,,2,2023-06-17T02:44:13+00:00
SAO_372U-10,São Paulo,3550308,True,,33784,,,-23.544244499999998,-46.57462675,,,,2,2023-06-17T02:44:37+00:00
SAO_372U-10,São Paulo,3550308,True,,33784,,,-23.5570765,-46.53751749999999,,,,2,2023-06-17T02:44:24+00:00
SAO_372U-10,São Paulo,3550308,True,,33784,,,-23.5568485,-46.537368,,,,2,2023-06-17T02:44:13+00:00
SAO_372U-10,São Paulo,3550308,True,,33784,,,-23.55738025,-46.544557749999996,,,,2,2023-06-17T02:43:54+00:00
SAO_372U-10,São Paulo,3550308,True,,33784,,,-23.5516595,-46.567547,,,,2,2023-06-17T02:43:16+00:00
SAO_709A-10,São Paulo,3550308,True,,2092,,,-23.5914145,-46.687061,,,,1,2023-06-17T02:44:20+00:00
SAO_709A-10,São Paulo,3550308,True,,2092,,,-23.6136645,-46.696824,,,,1,2023-06-17T02:44:19+00:00
SAO_709A-10,São Paulo,3550308,True,,2092,,,-23.6132095,-46.696375,,,,1,2023-06-17T02:44:26+00:00
SAO_5105-10,São Paulo,3550308,True,,1651,,,-23.603226749999997,-46.60239175,,,,1,2023-06-17T02:44:16+00:00
SAO_5105-10,São Paulo,3550308,True,,1651,,,-23.602994000000002,-46.602816000000004,,,,1,2023-06-17T02:43:55+00:00
SAO_5105-10,São Paulo,3550308,True,,1651,,,-23.603009,-46.602809,,,,1,2023-06-17T02:44:23+00:00
SAO_2029-10,São Paulo,3550308,True,,35038,,,-23.446235,-46.5898185,,,,2,2023-06-17T02:44:08+00:00
SAO_2029-10,São Paulo,3550308,True,,35038,,,-23.479921500000003,-46.602290499999995,,,,2,2023-06-17T02:44:24+00:00
SAO_2029-10,São Paulo,3550308,True,,35038,,,-23.430882500000003,-46.574838,,,,2,2023-06-17T02:44:01+00:00
SAO_5129-41,São Paulo,3550308,True,,1974,,,-23.644800500000002,-46.672030500000005,,,,1,2023-06-17T02:43:59+00:00
SAO_5129-41,São Paulo,3550308,True,,1974,,,-23.654705749999998,-46.70295675,,,,1,2023-06-17T02:44:13+00:00
SAO_5129-41,São Paulo,3550308,True,,1974,,,-23.680852,-46.636013000000005,,,,1,2023-06-17T02:44:33+00:00
SAO_5129-41,São Paulo,3550308,True,,1974,,,-23.66624875,-46.6559155,,,,1,2023-06-17T02:44:31+00:00
SAO_7267-10,São Paulo,3550308,True,,1427,,,-23.5371295,-46.676718,,,,1,2023-06-17T02:44:04+00:00
SAO_7267-10,São Paulo,3550308,True,,1427,,,-23.539482,-46.681537500000005,,,,1,2023-06-17T02:44:10+00:00
SAO_513C-31,São Paulo,3550308,True,,2536,,,-23.596437,-46.44383775,,,,1,2023-06-17T02:42:18+00:00
SAO_513C-31,São Paulo,3550308,True,,2536,,,-23.546550250000003,-46.461182,,,,1,2023-06-17T02:44:32+00:00
SAO_513C-31,São Paulo,3550308,True,,2536,,,-23.535614000000002,-46.454181500000004,,,,1,2023-06-17T02:44:37+00:00
SAO_513C-31,São Paulo,3550308,True,,2536,,,-23.5960185,-46.526118,,,,1,2023-06-17T02:44:30+00:00
SAO_6076-10,São Paulo,3550308,True,,33933,,,-23.6751820625,-46.713099,,,,2,2023-06-17T02:44:34+00:00
SAO_6076-10,São Paulo,3550308,True,,33933,,,-23.733666,-46.6772885,,,,2,2023-06-17T02:24:27+00:00
SAO_6076-10,São Paulo,3550308,True,,33933,,,-23.69434425,-46.70153875,,,,2,2023-06-17T02:44:14+00:00
SAO_6076-10,São Paulo,3550308,True,,33933,,,-23.7344865,-46.6788965,,,,2,2023-06-17T02:40:36+00:00
SAO_6076-10,São Paulo,3550308,True,,33933,,,-23.722877500000003,-46.6915535,,,,2,2023-06-17T02:44:08+00:00
SAO_6062-51,São Paulo,3550308,True,,1739,,,-23.7419465,-46.681698499999996,,,,1,2023-06-17T02:43:58+00:00
SAO_6062-51,São Paulo,3550308,True,,1739,,,-23.7442605,-46.6828945,,,,1,2023-06-17T02:44:11+00:00
SAO_6062-51,São Paulo,3550308,True,,1739,,,-23.654038,-46.708869500000006,,,,1,2023-06-17T02:44:39+00:00
SAO_6062-51,São Paulo,3550308,True,,1739,,,-23.723862,-46.6914355,,,,1,2023-06-17T02:44:12+00:00
SAO_6062-51,São Paulo,3550308,True,,1739,,,-23.695162,-46.6995915,,,,1,2023-06-17T02:44:35+00:00
SAO_8040-10,São Paulo,3550308,True,,33174,,,-23.4379315,-46.779346000000004,,,,2,2023-06-17T02:44:27+00:00
SAO_8040-10,São Paulo,3550308,True,,33174,,,-23.43733225,-46.77884325,,,,2,2023-06-17T02:43:58+00:00
SAO_8040-10,São Paulo,3550308,True,,33174,,,-23.434434,-46.7825355,,,,2,2023-06-17T02:44:31+00:00
SAO_8040-10,São Paulo,3550308,True,,33174,,,-23.437941000000002,-46.77914,,,,2,2023-06-17T02:44:31+00:00
SAO_8040-10,São Paulo,3550308,True,,33174,,,-23.45887,-46.7554035,,,,2,2023-06-17T02:44:34+00:00
SAO_8040-10,São Paulo,3550308,True,,33174,,,-23.4374845,-46.778744,,,,2,2023-06-17T02:44:36+00:00
SAO_8040-10,São Paulo,3550308,True,,33174,,,-23.508055125000002,-46.73537475,,,,2,2023-06-17T02:44:10+00:00
SAO_211V-10,São Paulo,3550308,True,EMTU,154,https://moovitapp.com/index/pt-br/transporte_p%C3%BAblico-line-154-Sao_Paulo-242-2038937-36419300-0,6.8,-23.487233,-46.4695945,,,,1,2023-06-17T02:43:50+00:00
SAO_3731-10,São Paulo,3550308,True,,33796,,,-23.5633835,-46.501695,,,,2,2023-06-17T02:44:17+00:00
SAO_3731-10,São Paulo,3550308,True,,33796,,,-23.530029499999998,-46.528456000000006,,,,2,2023-06-17T02:44:22+00:00
SAO_3731-10,São Paulo,3550308,True,,33796,,,-23.5631475,-46.501079000000004,,,,2,2023-06-17T02:44:13+00:00
SAO_3731-10,São Paulo,3550308,True,,33796,,,-23.5631475,-46.501079000000004,,,,2,2023-06-17T02:44:26+00:00
SAO_746V-10,São Paulo,3550308,True,,792,,,-23.6247785,-46.764696,,,,1,2023-06-17T02:44:00+00:00
SAO_746V-10,São Paulo,3550308,True,,792,,,-23.6485585,-46.754745,,,,1,2023-06-17T02:44:04+00:00
SAO_746V-10,São Paulo,3550308,True,,792,,,-23.6291355,-46.769034500000004,,,,1,2023-06-17T02:43:59+00:00
SAO_3902-10,São Paulo,3550308,True,,34238,,,-23.508995,-46.3981805,,,,2,2023-06-17T02:43:52+00:00
SAO_3902-10,São Paulo,3550308,True,,34238,,,-23.504917,-46.3776295,,,,2,2023-06-17T02:43:57+00:00
SAO_3902-10,São Paulo,3550308,True,,34238,,,-23.485104,-46.384288999999995,,,,2,2023-06-17T02:43:15+00:00
SAO_3902-10,São Paulo,3550308,True,,34238,,,-23.52857,-46.407682,,,,2,2023-06-17T02:42:39+00:00
SAO_5036-10,São Paulo,3550308,True,,1666,,,-23.657206000000002,-46.6134815,,,,1,2023-06-17T02:44:05+00:00
SAO_5036-10,São Paulo,3550308,True,,1666,,,-23.630584499999998,-46.6041045,,,,1,2023-06-17T02:44:33+00:00
SAO_5036-10,São Paulo,3550308,True,,1666,,,-23.603439,-46.602865,,,,1,2023-06-17T02:44:37+00:00
SAO_5036-10,São Paulo,3550308,True,,1666,,,-23.6571055,-46.613468999999995,,,,1,2023-06-17T02:44:31+00:00
SAO_5036-10,São Paulo,3550308,True,,1666,,,-23.6571055,-46.613468999999995,,,,1,2023-06-17T02:44:09+00:00
SAO_6047-10,São Paulo,3550308,True,,33992,,,-23.6582785,-46.760383000000004,,,,2,2023-06-17T02:44:30+00:00
SAO_6047-10,São Paulo,3550308,True,,33992,,,-23.64450025,-46.7264155,,,,2,2023-06-17T02:44:40+00:00
SAO_6047-10,São Paulo,3550308,True,,33992,,,-23.660810249999997,-46.75779899999999,,,,2,2023-06-17T02:44:24+00:00
SAO_6047-10,São Paulo,3550308,True,,33992,,,-23.668464,-46.7637515,,,,2,2023-06-17T02:44:00+00:00
SAO_6047-10,São Paulo,3550308,True,,33992,,,-23.668284,-46.763536,,,,2,2023-06-17T02:43:59+00:00
SAO_6080-10,São Paulo,3550308,True,,1168,,,-23.759982,-46.6777045,,,,1,2023-06-17T02:44:35+00:00
SAO_6080-10,São Paulo,3550308,True,,1168,,,-23.732933,-46.696845499999995,,,,1,2023-06-17T02:44:29+00:00
SAO_6080-10,São Paulo,3550308,True,,1168,,,-23.68200875,-46.67572025,,,,1,2023-06-17T02:44:00+00:00
SAO_6080-10,São Paulo,3550308,True,,1168,,,-23.672266999999998,-46.6775435,,,,1,2023-06-17T02:44:16+00:00
SAO_6080-10,São Paulo,3550308,True,,1168,,,-23.7558315,-46.671191,,,,1,2023-06-17T02:43:59+00:00
SAO_6080-10,São Paulo,3550308,True,,1168,,,-23.7623205,-46.673243,,,,1,2023-06-17T02:44:18+00:00
SAO_8605-10,São Paulo,3550308,True,,34685,,,-23.574096625,-46.6673885,,,,2,2023-06-17T02:44:33+00:00
SAO_8605-10,São Paulo,3550308,True,,34685,,,-23.631587000000003,-46.771556000000004,,,,2,2023-06-17T02:43:59+00:00
SAO_8605-10,São Paulo,3550308,True,,34685,,,-23.549304,-46.6390795,,,,2,2023-06-17T02:44:08+00:00
SAO_8605-10,São Paulo,3550308,True,,34685,,,-23.631508,-46.7726,,,,2,2023-06-17T02:44:09+00:00
SAO_8605-10,São Paulo,3550308,True,,34685,,,-23.581545750000004,-46.684775125,,,,2,2023-06-17T02:44:40+00:00
SAO_8605-10,São Paulo,3550308,True,,34685,,,-23.592976,-46.734052500000004,,,,2,2023-06-17T02:43:56+00:00
SAO_8605-10,São Paulo,3550308,True,,34685,,,-23.61964675,-46.758040875,,,,2,2023-06-17T02:44:26+00:00
SAO_8605-10,São Paulo,3550308,True,,34685,,,-23.582633,-46.713654,,,,2,2023-06-17T02:44:40+00:00
SAO_701U-10,São Paulo,3550308,True,,33425,,,-23.567552999999997,-46.694711999999996,,,,2,2023-06-17T02:44:18+00:00
SAO_701U-10,São Paulo,3550308,True,,33425,,,-23.554899,-46.725536,,,,2,2023-06-17T02:44:09+00:00
SAO_701U-10,São Paulo,3550308,True,,33425,,,-23.552488,-46.732138,,,,2,2023-06-17T02:44:20+00:00
SAO_701U-10,São Paulo,3550308,True,,33425,,,-23.504861374999997,-46.624694625000004,,,,2,2023-06-17T02:44:28+00:00
SAO_3743-10,São Paulo,3550308,True,,1043,,,-23.5423965,-46.469851,,,,1,2023-06-17T02:44:29+00:00
SAO_3743-10,São Paulo,3550308,True,,1043,,,-23.594231,-46.4881775,,,,1,2023-06-17T02:44:28+00:00
SAO_3743-10,São Paulo,3550308,True,,1043,,,-23.561189,-46.4658165,,,,1,2023-06-17T02:44:36+00:00
SAO_3743-10,São Paulo,3550308,True,,1043,,,-23.542684,-46.4693915,,,,1,2023-06-17T02:44:18+00:00
SAO_3743-10,São Paulo,3550308,True,,1043,,,-23.542442,-46.470101,,,,1,2023-06-17T02:44:00+00:00
SAO_178L-10,São Paulo,3550308,True,,33328,,,-23.5118185,-46.653132,,,,2,2023-06-17T02:44:36+00:00
SAO_178L-10,São Paulo,3550308,True,,33328,,,-23.550093500000003,-46.682230000000004,,,,2,2023-06-17T02:44:40+00:00
SAO_178L-10,São Paulo,3550308,True,,33328,,,-23.4875005,-46.638571999999996,,,,2,2023-06-17T02:44:08+00:00
SAO_178L-10,São Paulo,3550308,True,,33328,,,-23.504109875,-46.62510475,,,,2,2023-06-17T02:44:17+00:00
SAO_178L-10,São Paulo,3550308,True,,33328,,,-23.554392999999997,-46.670265,,,,2,2023-06-17T02:44:04+00:00
SAO_178L-10,São Paulo,3550308,True,,33328,,,-23.4996985,-46.632042,,,,2,2023-06-17T02:44:28+00:00
SAO_178L-10,São Paulo,3550308,True,,33328,,,-23.550093500000003,-46.682230000000004,,,,2,2023-06-17T02:44:08+00:00
SAO_178L-10,São Paulo,3550308,True,,33328,,,-23.4746205,-46.643643999999995,,,,2,2023-06-17T02:44:03+00:00
SAO_178L-10,São Paulo,3550308,True,,33328,,,-23.474614,-46.643373,,,,2,2023-06-17T02:44:21+00:00
SAO_1726-10,São Paulo,3550308,True,,34171,,,-23.489323499999998,-46.62424,,,,2,2023-06-17T02:40:49+00:00
SAO_1726-10,São Paulo,3550308,True,,34171,,,-23.4356145,-46.5662275,,,,2,2023-06-17T02:44:25+00:00
SAO_1726-10,São Paulo,3550308,True,,34171,,,-23.491294500000002,-46.624818,,,,2,2023-06-17T02:42:02+00:00
SAO_1726-10,São Paulo,3550308,True,,34171,,,-23.450959,-46.597981000000004,,,,2,2023-06-17T02:43:49+00:00
SAO_546A-10,São Paulo,3550308,True,,1131,,,-23.657420000000002,-46.699148,,,,1,2023-06-17T02:44:38+00:00
SAO_546A-10,São Paulo,3550308,True,,1131,,,-23.654356,-46.704178,,,,1,2023-06-17T02:44:33+00:00
SAO_546A-10,São Paulo,3550308,True,,1131,,,-23.7062055,-46.6525685,,,,1,2023-06-17T02:44:09+00:00
SAO_546A-10,São Paulo,3550308,True,,1131,,,-23.6987815,-46.647917,,,,1,2023-06-17T02:40:12+00:00
SAO_938C-10,São Paulo,3550308,True,,33354,,,-23.497298999999998,-46.7116365,,,,2,2023-06-17T02:44:08+00:00
SAO_938C-10,São Paulo,3550308,True,,33354,,,-23.44336525,-46.713192250000006,,,,2,2023-06-17T02:43:57+00:00
SAO_938C-10,São Paulo,3550308,True,,33354,,,-23.521898,-46.6975245,,,,2,2023-06-17T02:44:19+00:00
SAO_938C-10,São Paulo,3550308,True,,33354,,,-23.4435605,-46.7129695,,,,2,2023-06-17T02:44:21+00:00
SAO_8700-10,São Paulo,3550308,True,,34645,,,-23.63142725,-46.77140775,,,,2,2023-06-17T02:44:00+00:00
SAO_8700-10,São Paulo,3550308,True,,34645,,,-23.6312955,-46.773033999999996,,,,2,2023-06-17T02:44:21+00:00
SAO_8700-10,São Paulo,3550308,True,,34645,,,-23.585454499999997,-46.721476499999994,,,,2,2023-06-17T02:44:18+00:00
SAO_8700-10,São Paulo,3550308,True,,34645,,,-23.631797499999998,-46.7719915,,,,2,2023-06-17T02:44:05+00:00
SAO_8700-10,São Paulo,3550308,True,,34645,,,-23.56186075,-46.6743865,,,,2,2023-06-17T02:44:34+00:00
SAO_8700-10,São Paulo,3550308,True,,34645,,,-23.631153500000003,-46.7733425,,,,2,2023-06-17T02:44:39+00:00
SAO_8700-10,São Paulo,3550308,True,,34645,,,-23.62904,-46.768864,,,,2,2023-06-17T02:44:12+00:00
SAO_8700-10,São Paulo,3550308,True,,34645,,,-23.6309525,-46.773810499999996,,,,2,2023-06-17T02:44:04+00:00
SAO_8700-10,São Paulo,3550308,True,,34645,,,-23.596510374999998,-46.739776500000005,,,,2,2023-06-17T02:44:15+00:00
SAO_8700-10,São Paulo,3550308,True,,34645,,,-23.623043,-46.763360000000006,,,,2,2023-06-17T02:44:24+00:00
SAO_8707-10,São Paulo,3550308,True,,2064,,,-23.5823195,-46.759943,,,,1,2023-06-17T02:44:29+00:00
SAO_8707-10,São Paulo,3550308,True,,2064,,,-23.53506275,-46.644746999999995,,,,1,2023-06-17T02:44:39+00:00
SAO_8707-10,São Paulo,3550308,True,,2064,,,-23.571202,-46.691386,,,,1,2023-06-17T02:44:27+00:00
SAO_8194-10,São Paulo,3550308,True,,805,,,-23.404792,-46.75062,,,,1,2023-06-17T02:44:37+00:00
SAO_8194-10,São Paulo,3550308,True,,805,,,-23.427553500000002,-46.7268805,,,,1,2023-06-17T02:44:09+00:00
SAO_8194-10,São Paulo,3550308,True,,805,,,-23.457655000000003,-46.690698,,,,1,2023-06-17T02:44:31+00:00
SAO_8194-10,São Paulo,3550308,True,,805,,,-23.473402749999998,-46.67138274999999,,,,1,2023-06-17T02:43:54+00:00
SAO_8194-10,São Paulo,3550308,True,,805,,,-23.404062624999998,-46.73859725,,,,1,2023-06-17T02:44:20+00:00
SAO_707A-10,São Paulo,3550308,True,,1990,,,-23.66646825,-46.7188975,,,,1,2023-06-17T02:44:30+00:00
SAO_707A-10,São Paulo,3550308,True,,1990,,,-23.6930965,-46.7786725,,,,1,2023-06-17T02:44:20+00:00
SAO_707A-10,São Paulo,3550308,True,,1990,,,-23.6076595,-46.665926999999996,,,,1,2023-06-17T02:43:57+00:00
SAO_707A-10,São Paulo,3550308,True,,1990,,,-23.611536,-46.6362865,,,,1,2023-06-17T02:44:34+00:00
SAO_707A-10,São Paulo,3550308,True,,1990,,,-23.615705000000002,-46.67351599999999,,,,1,2023-06-17T02:44:15+00:00
SAO_707A-10,São Paulo,3550308,True,,1990,,,-23.679757624999997,-46.76432162500001,,,,1,2023-06-17T02:43:03+00:00
SAO_707A-10,São Paulo,3550308,True,,1990,,,-23.6109875,-46.637339499999996,,,,1,2023-06-17T02:43:56+00:00
SAO_2100-10,São Paulo,3550308,True,STT,713,https://moovitapp.com/index/pt-br/transporte_p%C3%BAblico-line-713-Sao_Paulo-242-850661-183342-0,5.3,-23.5587215,-46.522659000000004,,,,1,2023-06-17T02:44:25+00:00
SAO_2100-10,São Paulo,3550308,True,STT,713,https://moovitapp.com/index/pt-br/transporte_p%C3%BAblico-line-713-Sao_Paulo-242-850661-183342-0,5.3,-23.5626605,-46.552065,,,,1,2023-06-17T02:44:09+00:00
SAO_2100-10,São Paulo,3550308,True,STT,713,https://moovitapp.com/index/pt-br/transporte_p%C3%BAblico-line-713-Sao_Paulo-242-850661-183342-0,5.3,-23.562456,-46.550476,,,,1,2023-06-17T02:43:19+00:00
SAO_2100-10,São Paulo,3550308,True,STT,713,https://moovitapp.com/index/pt-br/transporte_p%C3%BAblico-line-713-Sao_Paulo-242-850661-183342-0,5.3,-23.549367,-46.633191499999995,,,,1,2023-06-17T02:44:13+00:00
SAO_2100-10,São Paulo,3550308,True,STT,713,https://moovitapp.com/index/pt-br/transporte_p%C3%BAblico-line-713-Sao_Paulo-242-850661-183342-0,5.3,-23.5587215,-46.522659000000004,,,,1,2023-06-17T02:44:18+00:00
SAO_407A-10,São Paulo,3550308,True,,2194,,,-23.542392999999997,-46.616875500000006,,,,1,2023-06-17T02:44:12+00:00
SAO_407A-10,São Paulo,3550308,True,,2194,,,-23.564435,-46.5052835,,,,1,2023-06-17T02:44:20+00:00
SAO_407A-10,São Paulo,3550308,True,,2194,,,-23.562336,-46.5509,,,,1,2023-06-17T02:43:37+00:00
SAO_407A-10,São Paulo,3550308,True,,2194,,,-23.538731,-46.6048935,,,,1,2023-06-17T02:44:35+00:00
SAO_3539-10,São Paulo,3550308,True,,33516,,,-23.5946735,-46.426711125,,,,2,2023-06-17T02:40:45+00:00
SAO_3539-10,São Paulo,3550308,True,,33516,,,-23.60109525,-46.39926,,,,2,2023-06-17T02:44:15+00:00
SAO_3539-10,São Paulo,3550308,True,,33516,,,-23.6008165,-46.399510500000005,,,,2,2023-06-17T02:44:10+00:00
SAO_3539-10,São Paulo,3550308,True,,33516,,,-23.577679500000002,-46.44357625000001,,,,2,2023-06-17T02:44:35+00:00
SAO_3539-10,São Paulo,3550308,True,,33516,,,-23.586703,-46.409281,,,,2,2023-06-17T02:44:06+00:00
SAO_3539-10,São Paulo,3550308,True,,33516,,,-23.6006425,-46.3996595,,,,2,2023-06-17T02:44:29+00:00
SAO_3539-10,São Paulo,3550308,True,,33516,,,-23.54462675,-46.593598125,,,,2,2023-06-17T02:44:03+00:00
SAO_3539-10,São Paulo,3550308,True,,33516,,,-23.541219499999997,-46.577991499999996,,,,2,2023-06-17T02:44:37+00:00
SAO_3539-10,São Paulo,3550308,True,,33516,,,-23.56306625,-46.466267,,,,2,2023-06-17T02:44:07+00:00
SAO_3539-10,São Paulo,3550308,True,,33516,,,-23.538682,-46.565627500000005,,,,2,2023-06-17T02:39:39+00:00
SAO_3539-10,São Paulo,3550308,True,,33516,,,-23.586068500000003,-46.4092865,,,,2,2023-06-17T02:41:09+00:00
SAO_3002-10,São Paulo,3550308,True,,1808,,,-23.49951075,-46.394054999999994,,,,1,2023-06-17T02:44:02+00:00
SAO_3002-10,São Paulo,3550308,True,,1808,,,-23.512423,-46.379079,,,,1,2023-06-17T02:43:55+00:00
SAO_3002-10,São Paulo,3550308,True,,1808,,,-23.510468,-46.378808,,,,1,2023-06-17T02:44:34+00:00
SAO_3002-10,São Paulo,3550308,True,,1808,,,-23.496925,-46.437104,,,,1,2023-06-17T02:44:08+00:00
SAO_3002-10,São Paulo,3550308,True,,1808,,,-23.510468,-46.378808,,,,1,2023-06-17T02:44:33+00:00
SAO_3766-10,São Paulo,3550308,True,,1055,,,-23.553675499999997,-46.427672,,,,1,2023-06-17T02:44:02+00:00
SAO_3766-10,São Paulo,3550308,True,,1055,,,-23.553675499999997,-46.427672,,,,1,2023-06-17T02:44:16+00:00
SAO_3766-10,São Paulo,3550308,True,,1055,,,-23.5347285,-46.4537885,,,,1,2023-06-17T02:43:56+00:00
SAO_3766-10,São Paulo,3550308,True,,1055,,,-23.5548255,-46.4358335,,,,1,2023-06-17T02:44:23+00:00
SAO_3766-10,São Paulo,3550308,True,,1055,,,-23.535853,-46.4382235,,,,1,2023-06-17T02:44:28+00:00
SAO_3766-10,São Paulo,3550308,True,,1055,,,-23.553675499999997,-46.427672,,,,1,2023-06-17T02:44:00+00:00
SAO_3766-10,São Paulo,3550308,True,,1055,,,-23.552404125,-46.43662175,,,,1,2023-06-17T02:44:39+00:00
SAO_3766-10,São Paulo,3550308,True,,1055,,,-23.553675499999997,-46.427672,,,,1,2023-06-17T02:44:39+00:00
SAO_3766-10,São Paulo,3550308,True,,1055,,,-23.553675499999997,-46.427672,,,,1,2023-06-17T02:44:00+00:00
SAO_373L-10,São Paulo,3550308,True,,33795,,,-23.542476999999998,-46.4712795,,,,2,2023-06-17T02:44:27+00:00
SAO_373L-10,São Paulo,3550308,True,,33795,,,-23.608002749999997,-46.426805625,,,,2,2023-06-17T02:44:35+00:00
SAO_373L-10,São Paulo,3550308,True,,33795,,,-23.54553525,-46.46165175,,,,2,2023-06-17T02:44:38+00:00
SAO_373L-10,São Paulo,3550308,True,,33795,,,-23.617441,-46.422070000000005,,,,2,2023-06-17T02:44:06+00:00
SAO_373L-10,São Paulo,3550308,True,,33795,,,-23.569667000000003,-46.447379999999995,,,,2,2023-06-17T02:44:29+00:00
SAO_4027-10,São Paulo,3550308,True,,1097,,,-23.62986925,-46.44369025,,,,1,2023-06-17T02:44:16+00:00
SAO_4027-10,São Paulo,3550308,True,,1097,,,-23.6417645,-46.439601,,,,1,2023-06-17T02:44:00+00:00
SAO_4027-10,São Paulo,3550308,True,,1097,,,-23.6307935,-46.443115500000005,,,,1,2023-06-17T02:44:17+00:00
SAO_4027-10,São Paulo,3550308,True,,1097,,,-23.5961135,-46.487461374999995,,,,1,2023-06-17T02:44:02+00:00
SAO_4027-10,São Paulo,3550308,True,,1097,,,-23.6119445,-46.474575,,,,1,2023-06-17T02:38:43+00:00
SAO_4027-10,São Paulo,3550308,True,,1097,,,-23.6418875,-46.439175500000005,,,,1,2023-06-17T02:44:25+00:00
SAO_4027-10,São Paulo,3550308,True,,1097,,,-23.608555,-46.477866999999996,,,,1,2023-06-17T02:43:58+00:00
SAO_4027-10,São Paulo,3550308,True,,1097,,,-23.6417645,-46.439601,,,,1,2023-06-17T02:44:22+00:00
SAO_4027-10,São Paulo,3550308,True,,1097,,,-23.641896000000003,-46.4389945,,,,1,2023-06-17T02:44:03+00:00
SAO_3741-10,São Paulo,3550308,True,,33809,,,-23.5430685,-46.448671,,,,2,2023-06-17T02:44:24+00:00
SAO_3741-10,São Paulo,3550308,True,,33809,,,-23.564681,-46.457413,,,,2,2023-06-17T02:44:33+00:00
SAO_3741-10,São Paulo,3550308,True,,33809,,,-23.5459,-46.460999,,,,2,2023-06-17T02:44:00+00:00
SAO_3741-10,São Paulo,3550308,True,,33809,,,-23.55941425,-46.46031725,,,,2,2023-06-17T02:44:27+00:00
SAO_9032-10,São Paulo,3550308,True,STT,880,https://moovitapp.com/index/pt-br/transporte_p%C3%BAblico-line-880-Sao_Paulo-242-850661-183362-0,5.3,-23.4462385,-46.692054,,,,1,2023-06-17T02:44:28+00:00
SAO_9032-10,São Paulo,3550308,True,STT,880,https://moovitapp.com/index/pt-br/transporte_p%C3%BAblico-line-880-Sao_Paulo-242-850661-183362-0,5.3,-23.4462385,-46.692054,,,,1,2023-06-17T02:43:58+00:00
SAO_9032-10,São Paulo,3550308,True,STT,880,https://moovitapp.com/index/pt-br/transporte_p%C3%BAblico-line-880-Sao_Paulo-242-850661-183362-0,5.3,-23.4462735,-46.692235499999995,,,,1,2023-06-17T02:44:04+00:00
SAO_9032-10,São Paulo,3550308,True,STT,880,https://moovitapp.com/index/pt-br/transporte_p%C3%BAblico-line-880-Sao_Paulo-242-850661-183362-0,5.3,-23.4560315,-46.69215199999999,,,,1,2023-06-17T02:44:18+00:00
SAO_9032-10,São Paulo,3550308,True,STT,880,https://moovitapp.com/index/pt-br/transporte_p%C3%BAblico-line-880-Sao_Paulo-242-850661-183362-0,5.3,-23.44625,-46.69209549999999,,,,1,2023-06-17T02:44:14+00:00
SAO_9032-10,São Paulo,3550308,True,STT,880,https://moovitapp.com/index/pt-br/transporte_p%C3%BAblico-line-880-Sao_Paulo-242-850661-183362-0,5.3,-23.4499155,-46.699445,,,,1,2023-06-17T02:44:35+00:00
SAO_9032-10,São Paulo,3550308,True,STT,880,https://moovitapp.com/index/pt-br/transporte_p%C3%BAblico-line-880-Sao_Paulo-242-850661-183362-0,5.3,-23.472089625,-46.673646500000004,,,,1,2023-06-17T02:44:29+00:00
SAO_9032-10,São Paulo,3550308,True,STT,880,https://moovitapp.com/index/pt-br/transporte_p%C3%BAblico-line-880-Sao_Paulo-242-850661-183362-0,5.3,-23.449541125,-46.69603925,,,,1,2023-06-17T02:44:09+00:00
SAO_5362-23,São Paulo,3550308,True,,1860,,,-23.649885249999997,-46.702398,,,,1,2023-06-17T02:44:35+00:00
SAO_5362-23,São Paulo,3550308,True,,1860,,,-23.732933,-46.696845499999995,,,,1,2023-06-17T02:44:00+00:00
SAO_5362-23,São Paulo,3550308,True,,1860,,,-23.753507,-46.6862175,,,,1,2023-06-17T02:43:33+00:00
SAO_5362-23,São Paulo,3550308,True,,1860,,,-23.753013,-46.681681,,,,1,2023-06-17T02:44:27+00:00
SAO_502J-10,São Paulo,3550308,True,,34043,,,-23.7060275,-46.6879755,,,,2,2023-06-17T02:44:12+00:00
SAO_502J-10,São Paulo,3550308,True,,34043,,,-23.63801325,-46.66193875,,,,2,2023-06-17T02:44:30+00:00
SAO_502J-10,São Paulo,3550308,True,,34043,,,-23.61682625,-46.638924,,,,2,2023-06-17T02:44:10+00:00
SAO_502J-10,São Paulo,3550308,True,,34043,,,-23.706488999999998,-46.68819,,,,2,2023-06-17T02:44:05+00:00
SAO_502J-10,São Paulo,3550308,True,,34043,,,-23.679513,-46.6640535,,,,2,2023-06-17T02:44:12+00:00
SAO_502J-10,São Paulo,3550308,True,,34043,,,-23.679875000000003,-46.6641505,,,,2,2023-06-17T02:44:37+00:00
SAO_502J-10,São Paulo,3550308,True,,34043,,,-23.6432155,-46.6597005,,,,2,2023-06-17T02:44:14+00:00
SAO_502J-10,São Paulo,3550308,True,,34043,,,-23.7060275,-46.6879755,,,,2,2023-06-17T02:44:33+00:00
SAO_502J-10,São Paulo,3550308,True,,34043,,,-23.6612655,-46.669656,,,,2,2023-06-17T02:44:36+00:00
SAO_3134-10,São Paulo,3550308,True,,33761,,,-23.5632475,-46.505516,,,,2,2023-06-17T02:44:06+00:00
SAO_3134-10,São Paulo,3550308,True,,33761,,,-23.562945,-46.50564,,,,2,2023-06-17T02:44:06+00:00
SAO_3134-10,São Paulo,3550308,True,,33761,,,-23.563912000000002,-46.5052585,,,,2,2023-06-17T02:44:29+00:00
SAO_3134-10,São Paulo,3550308,True,,33761,,,-23.569306,-46.504632,,,,2,2023-06-17T02:43:59+00:00
SAO_3134-10,São Paulo,3550308,True,,33761,,,-23.56468325,-46.50561075,,,,2,2023-06-17T02:44:35+00:00
SAO_3134-10,São Paulo,3550308,True,,33761,,,-23.59578925,-46.583406374999996,,,,2,2023-06-17T02:44:10+00:00
SAO_3134-10,São Paulo,3550308,True,,33761,,,-23.577776,-46.576974250000006,,,,2,2023-06-17T02:44:10+00:00
SAO_3134-10,São Paulo,3550308,True,,33761,,,-23.5632475,-46.505516,,,,2,2023-06-17T02:44:37+00:00
SAO_3134-10,São Paulo,3550308,True,,33761,,,-23.584467625,-46.527975,,,,2,2023-06-17T02:43:56+00:00
SAO_3134-10,São Paulo,3550308,True,,33761,,,-23.5781065,-46.546018875,,,,2,2023-06-17T02:44:22+00:00
SAO_971D-10,São Paulo,3550308,True,,33477,,,-23.449562999999998,-46.696828,,,,2,2023-06-17T02:44:35+00:00
SAO_971D-10,São Paulo,3550308,True,,33477,,,-23.448029,-46.6970745,,,,2,2023-06-17T02:44:12+00:00
SAO_971D-10,São Paulo,3550308,True,,33477,,,-23.447914,-46.6969385,,,,2,2023-06-17T02:44:00+00:00
SAO_971D-10,São Paulo,3550308,True,,33477,,,-23.502884,-46.6246055,,,,2,2023-06-17T02:43:59+00:00
SAO_971D-10,São Paulo,3550308,True,,33477,,,-23.448029,-46.6970745,,,,2,2023-06-17T02:44:20+00:00
SAO_971D-10,São Paulo,3550308,True,,33477,,,-23.47520075,-46.665144,,,,2,2023-06-17T02:44:37+00:00
SAO_971D-10,São Paulo,3550308,True,,33477,,,-23.463238750000002,-46.682105750000005,,,,2,2023-06-17T02:44:38+00:00
SAO_574J-10,São Paulo,3550308,True,,1685,,,-23.625764,-46.616060000000004,,,,1,2023-06-17T02:44:05+00:00
SAO_574J-10,São Paulo,3550308,True,,1685,,,-23.569691,-46.551615,,,,1,2023-06-17T02:43:57+00:00
SAO_574J-10,São Paulo,3550308,True,,1685,,,-23.63270675,-46.645305,,,,1,2023-06-17T02:44:28+00:00
SAO_574J-10,São Paulo,3550308,True,,1685,,,-23.573117500000002,-46.562084999999996,,,,1,2023-06-17T02:44:07+00:00
SAO_574J-10,São Paulo,3550308,True,,1685,,,-23.580627749999998,-46.583367249999995,,,,1,2023-06-17T02:44:27+00:00
SAO_574J-10,São Paulo,3550308,True,,1685,,,-23.569975499999998,-46.524598,,,,1,2023-06-17T02:44:11+00:00
SAO_574J-10,São Paulo,3550308,True,,1685,,,-23.625923,-46.62895425,,,,1,2023-06-17T02:44:17+00:00
SAO_574J-10,São Paulo,3550308,True,,1685,,,-23.593248375,-46.59986175,,,,1,2023-06-17T02:44:17+00:00
SAO_574J-10,São Paulo,3550308,True,,1685,,,-23.586185125,-46.600499625,,,,1,2023-06-17T02:44:36+00:00
SAO_857P-10,São Paulo,3550308,True,,34694,,,-23.572059250000002,-46.64320975,,,,2,2023-06-17T02:44:02+00:00
SAO_857P-10,São Paulo,3550308,True,,34694,,,-23.575689500000003,-46.642773500000004,,,,2,2023-06-17T02:44:17+00:00
SAO_857P-10,São Paulo,3550308,True,,34694,,,-23.56074075,-46.657163999999995,,,,2,2023-06-17T02:44:34+00:00
SAO_857P-10,São Paulo,3550308,True,,34694,,,-23.631508,-46.7726,,,,2,2023-06-17T02:44:00+00:00
SAO_857P-10,São Paulo,3550308,True,,34694,,,-23.570569499999998,-46.690006999999994,,,,2,2023-06-17T02:44:32+00:00
SAO_857P-10,São Paulo,3550308,True,,34694,,,-23.626731250000002,-46.766326,,,,2,2023-06-17T02:44:21+00:00
SAO_857P-10,São Paulo,3550308,True,,34694,,,-23.571253249999998,-46.693721749999995,,,,2,2023-06-17T02:44:40+00:00
SAO_857P-10,São Paulo,3550308,True,,34694,,,-23.575689500000003,-46.642773500000004,,,,2,2023-06-17T02:44:23+00:00
SAO_857P-10,São Paulo,3550308,True,,34694,,,-23.609004,-46.751954250000004,,,,2,2023-06-17T02:44:22+00:00
SAO_857P-10,São Paulo,3550308,True,,34694,,,-23.6313825,-46.77286,,,,2,2023-06-17T02:44:38+00:00
SAO_857P-10,São Paulo,3550308,True,,34694,,,-23.6313825,-46.77286,,,,2,2023-06-17T02:44:25+00:00
SAO_1016-10,São Paulo,3550308,True,EMTU,831,https://moovitapp.com/index/pt-br/transporte_p%C3%BAblico-line-831-Sao_Paulo-242-2038937-36419598-0,5.7,-23.483027,-46.61241375,,,,1,2023-06-17T02:43:54+00:00
SAO_1016-10,São Paulo,3550308,True,EMTU,831,https://moovitapp.com/index/pt-br/transporte_p%C3%BAblico-line-831-Sao_Paulo-242-2038937-36419598-0,5.7,-23.4759035,-46.612088,,,,1,2023-06-17T02:44:16+00:00
SAO_1016-10,São Paulo,3550308,True,EMTU,831,https://moovitapp.com/index/pt-br/transporte_p%C3%BAblico-line-831-Sao_Paulo-242-2038937-36419598-0,5.7,-23.4505215,-46.608034,,,,1,2023-06-17T02:42:29+00:00
SAO_4018-10,São Paulo,3550308,True,,2191,,,-23.582728,-46.4150995,,,,1,2023-06-17T02:44:22+00:00
SAO_4018-10,São Paulo,3550308,True,,2191,,,-23.60495325,-46.471165,,,,1,2023-06-17T02:43:22+00:00
SAO_4018-10,São Paulo,3550308,True,,2191,,,-23.598306,-46.402944250000004,,,,1,2023-06-17T02:44:15+00:00
SAO_7545-10,São Paulo,3550308,True,,33272,,,-23.6014325,-46.7918495,,,,2,2023-06-17T02:44:13+00:00
SAO_7545-10,São Paulo,3550308,True,,33272,,,-23.563702499999998,-46.677017,,,,2,2023-06-17T02:44:10+00:00
SAO_7545-10,São Paulo,3550308,True,,33272,,,-23.6016895,-46.791908,,,,2,2023-06-17T02:44:11+00:00
SAO_7545-10,São Paulo,3550308,True,,33272,,,-23.594984500000002,-46.7875925,,,,2,2023-06-17T02:44:15+00:00
SAO_7545-10,São Paulo,3550308,True,,33272,,,-23.601478,-46.791829,,,,2,2023-06-17T02:44:40+00:00
SAO_7545-10,São Paulo,3550308,True,,33272,,,-23.5968515,-46.781251499999996,,,,2,2023-06-17T02:44:23+00:00
SAO_7545-10,São Paulo,3550308,True,,33272,,,-23.5754325,-46.7176135,,,,2,2023-06-17T02:44:02+00:00
SAO_1701-10,São Paulo,3550308,True,EMTU,845,https://moovitapp.com/index/pt-br/transporte_p%C3%BAblico-line-845-Sao_Paulo-242-2038937-36419607-0,5.15,-23.499353499999998,-46.613966500000004,,,,1,2023-06-17T02:44:00+00:00
SAO_1701-10,São Paulo,3550308,True,EMTU,845,https://moovitapp.com/index/pt-br/transporte_p%C3%BAblico-line-845-Sao_Paulo-242-2038937-36419607-0,5.15,-23.4481685,-46.574013,,,,1,2023-06-17T02:44:05+00:00
SAO_7055-10,São Paulo,3550308,True,,34656,,,-23.660007875,-46.772695,,,,2,2023-06-17T02:44:11+00:00
SAO_7055-10,São Paulo,3550308,True,,34656,,,-23.692633,-46.791259999999994,,,,2,2023-06-17T02:44:13+00:00
SAO_7055-10,São Paulo,3550308,True,,34656,,,-23.641268500000002,-46.7801625,,,,2,2023-06-17T02:44:27+00:00
SAO_7055-10,São Paulo,3550308,True,,34656,,,-23.693067,-46.7912135,,,,2,2023-06-17T02:44:31+00:00
SAO_7055-10,São Paulo,3550308,True,,34656,,,-23.667472,-46.773050999999995,,,,2,2023-06-17T02:44:36+00:00
SAO_7055-10,São Paulo,3550308,True,,34656,,,-23.6805065,-46.782324,,,,2,2023-06-17T02:44:20+00:00
SAO_7055-10,São Paulo,3550308,True,,34656,,,-23.691423999999998,-46.7892475,,,,2,2023-06-17T02:44:15+00:00
SAO_3729-10,São Paulo,3550308,True,,1026,,,-23.555493,-46.561139,,,,1,2023-06-17T02:44:10+00:00
SAO_3729-10,São Paulo,3550308,True,,1026,,,-23.555209,-46.561465,,,,1,2023-06-17T02:44:19+00:00
SAO_3729-10,São Paulo,3550308,True,,1026,,,-23.546267750000002,-46.56613887499999,,,,1,2023-06-17T02:44:33+00:00
SAO_3729-10,São Paulo,3550308,True,,1026,,,-23.562317,-46.509561,,,,1,2023-06-17T02:44:25+00:00
SAO_3729-10,São Paulo,3550308,True,,1026,,,-23.547811124999996,-46.565776375,,,,1,2023-06-17T02:44:00+00:00
SAO_3729-10,São Paulo,3550308,True,,1026,,,-23.5826475,-46.535585,,,,1,2023-06-17T02:43:55+00:00
SAO_3729-10,São Paulo,3550308,True,,1026,,,-23.564021500000003,-46.5052175,,,,1,2023-06-17T02:44:17+00:00
SAO_3729-10,São Paulo,3550308,True,,1026,,,-23.564021500000003,-46.5052175,,,,1,2023-06-17T02:44:09+00:00
SAO_3729-10,São Paulo,3550308,True,,1026,,,-23.584799,-46.522501,,,,1,2023-06-17T02:44:36+00:00
SAO_3729-10,São Paulo,3550308,True,,1026,,,-23.564021500000003,-46.5052175,,,,1,2023-06-17T02:44:27+00:00
SAO_4286-10,São Paulo,3550308,True,,33094,,,-23.588873,-46.584588,,,,2,2023-06-17T02:44:04+00:00
SAO_4286-10,São Paulo,3550308,True,,33094,,,-23.609136999999997,-46.528772000000004,,,,2,2023-06-17T02:44:21+00:00
SAO_4286-10,São Paulo,3550308,True,,33094,,,-23.609363,-46.5289255,,,,2,2023-06-17T02:44:26+00:00
SAO_2728-10,São Paulo,3550308,True,,943,,,-23.5160785,-46.546078,,,,1,2023-06-17T02:44:10+00:00
SAO_2728-10,São Paulo,3550308,True,,943,,,-23.52418025,-46.5490485,,,,1,2023-06-17T02:44:16+00:00
SAO_2728-10,São Paulo,3550308,True,,943,,,-23.5014245,-46.512783,,,,1,2023-06-17T02:44:13+00:00
SAO_2728-10,São Paulo,3550308,True,,943,,,-23.5014245,-46.512783,,,,1,2023-06-17T02:44:10+00:00
SAO_2728-10,São Paulo,3550308,True,,943,,,-23.533234,-46.543972499999995,,,,1,2023-06-17T02:44:21+00:00
SAO_2728-10,São Paulo,3550308,True,,943,,,-23.505901,-46.5274985,,,,1,2023-06-17T02:44:23+00:00
SAO_2728-10,São Paulo,3550308,True,,943,,,-23.5014245,-46.512783,,,,1,2023-06-17T02:44:13+00:00
SAO_2728-10,São Paulo,3550308,True,,943,,,-23.5019,-46.5145395,,,,1,2023-06-17T02:44:21+00:00
SAO_5018-31,São Paulo,3550308,True,,34629,,,-23.67568,-46.67331825,,,,2,2023-06-17T02:44:14+00:00
SAO_5018-31,São Paulo,3550308,True,,34629,,,-23.68411975,-46.645739,,,,2,2023-06-17T02:42:36+00:00
SAO_5018-31,São Paulo,3550308,True,,34629,,,-23.6794965,-46.6455835,,,,2,2023-06-17T02:41:58+00:00
SAO_5018-31,São Paulo,3550308,True,,34629,,,-23.6797835,-46.6452125,,,,2,2023-06-17T02:43:36+00:00
SAO_3773-10,São Paulo,3550308,True,,1059,,,-23.583544,-46.492093,,,,1,2023-06-17T02:44:10+00:00
SAO_3773-10,São Paulo,3550308,True,,1059,,,-23.5349515,-46.548904500000006,,,,1,2023-06-17T02:44:39+00:00
SAO_3773-10,São Paulo,3550308,True,,1059,,,-23.537936375,-46.563649125,,,,1,2023-06-17T02:44:22+00:00
SAO_3773-10,São Paulo,3550308,True,,1059,,,-23.615941999999997,-46.464735000000005,,,,1,2023-06-17T02:44:33+00:00
SAO_3773-10,São Paulo,3550308,True,,1059,,,-23.611338625000002,-46.4656375,,,,1,2023-06-17T02:44:32+00:00
SAO_6027-10,São Paulo,3550308,True,,32858,,,-23.705073,-46.702496499999995,,,,2,2023-06-17T02:44:08+00:00
SAO_6027-10,São Paulo,3550308,True,,32858,,,-23.689561,-46.701591,,,,2,2023-06-17T02:44:41+00:00
SAO_6027-10,São Paulo,3550308,True,,32858,,,-23.72318425,-46.670979,,,,2,2023-06-17T02:44:33+00:00
SAO_6027-10,São Paulo,3550308,True,,32858,,,-23.72318425,-46.670979,,,,2,2023-06-17T02:44:26+00:00
SAO_6027-10,São Paulo,3550308,True,,32858,,,-23.7232675,-46.680481,,,,2,2023-06-17T02:44:04+00:00
SAO_6027-10,São Paulo,3550308,True,,32858,,,-23.72318425,-46.670979,,,,2,2023-06-17T02:44:04+00:00
SAO_2363-10,São Paulo,3550308,True,,135,,,-23.508626,-46.5385615,,,,1,2023-06-17T02:44:21+00:00
SAO_2363-10,São Paulo,3550308,True,,135,,,-23.544351,-46.63002,,,,1,2023-06-17T02:44:25+00:00
SAO_2363-10,São Paulo,3550308,True,,135,,,-23.544655,-46.630301,,,,1,2023-06-17T02:44:39+00:00
SAO_8020-10,São Paulo,3550308,True,,34494,,,-23.584768500000003,-46.739224,,,,2,2023-06-17T02:44:24+00:00
SAO_8020-10,São Paulo,3550308,True,,34494,,,-23.584768500000003,-46.739224,,,,2,2023-06-17T02:44:34+00:00
SAO_746C-10,São Paulo,3550308,True,,33551,,,-23.627572999999998,-46.7357585,,,,2,2023-06-17T02:44:04+00:00
SAO_746C-10,São Paulo,3550308,True,,33551,,,-23.641527,-46.716401125000004,,,,2,2023-06-17T02:44:38+00:00
SAO_746C-10,São Paulo,3550308,True,,33551,,,-23.609444500000002,-46.7482425,,,,2,2023-06-17T02:44:02+00:00
SAO_746C-10,São Paulo,3550308,True,,33551,,,-23.608864,-46.7509105,,,,2,2023-06-17T02:44:33+00:00
SAO_746C-10,São Paulo,3550308,True,,33551,,,-23.626468,-46.736612750000006,,,,2,2023-06-17T02:44:32+00:00
SAO_4724-10,São Paulo,3550308,True,,34828,,,-23.530963,-46.502753,,,,2,2023-06-17T02:44:30+00:00
SAO_4724-10,São Paulo,3550308,True,,34828,,,-23.534084,-46.5067395,,,,2,2023-06-17T02:44:13+00:00
SAO_7053-10,São Paulo,3550308,True,,34655,,,-23.653941000000003,-46.78870825,,,,2,2023-06-17T02:44:32+00:00
SAO_7053-10,São Paulo,3550308,True,,34655,,,-23.653941000000003,-46.78870825,,,,2,2023-06-17T02:44:10+00:00
SAO_7053-10,São Paulo,3550308,True,,34655,,,-23.653941000000003,-46.78870825,,,,2,2023-06-17T02:44:19+00:00
SAO_7053-10,São Paulo,3550308,True,,34655,,,-23.64154275,-46.7845795,,,,2,2023-06-17T02:44:16+00:00
SAO_7053-10,São Paulo,3550308,True,,34655,,,-23.653941000000003,-46.78870825,,,,2,2023-06-17T02:43:58+00:00
SAO_7053-10,São Paulo,3550308,True,,34655,,,-23.653941000000003,-46.78870825,,,,2,2023-06-17T02:44:37+00:00
SAO_7053-10,São Paulo,3550308,True,,34655,,,-23.653941000000003,-46.78870825,,,,2,2023-06-17T02:44:18+00:00
SAO_4085-10,São Paulo,3550308,True,,34924,,,-23.558567,-46.4386845,,,,2,2023-06-17T02:39:45+00:00
SAO_4085-10,São Paulo,3550308,True,,34924,,,-23.5450845,-46.469041000000004,,,,2,2023-06-17T02:44:12+00:00
SAO_4085-10,São Paulo,3550308,True,,34924,,,-23.554782125,-46.4542,,,,2,2023-06-17T02:42:26+00:00
SAO_4085-10,São Paulo,3550308,True,,34924,,,-23.57041325,-46.42864425,,,,2,2023-06-17T02:44:17+00:00
SAO_4085-10,São Paulo,3550308,True,,34924,,,-23.57041325,-46.42864425,,,,2,2023-06-17T02:42:53+00:00
SAO_6083-10,São Paulo,3550308,True,,1733,,,-23.736219,-46.696409,,,,1,2023-06-17T02:43:59+00:00
SAO_6083-10,São Paulo,3550308,True,,1733,,,-23.753087999999998,-46.6704845,,,,1,2023-06-17T02:44:28+00:00
SAO_5175-10,São Paulo,3550308,True,,593,,,-23.554767500000004,-46.639010375000005,,,,1,2023-06-17T02:44:31+00:00
SAO_5175-10,São Paulo,3550308,True,,593,,,-23.663410749999997,-46.678717750000004,,,,1,2023-06-17T02:43:56+00:00
SAO_5175-10,São Paulo,3550308,True,,593,,,-23.6868825,-46.6383355,,,,1,2023-06-17T02:39:31+00:00
SAO_5175-10,São Paulo,3550308,True,,593,,,-23.588272,-46.652007749999996,,,,1,2023-06-17T02:44:11+00:00
SAO_5175-10,São Paulo,3550308,True,,593,,,-23.6946395,-46.64785075,,,,1,2023-06-17T02:44:38+00:00
SAO_5175-10,São Paulo,3550308,True,,593,,,-23.702023,-46.645880000000005,,,,1,2023-06-17T02:44:30+00:00
SAO_5175-10,São Paulo,3550308,True,,593,,,-23.639591499999998,-46.673327,,,,1,2023-06-17T02:44:24+00:00
SAO_5175-10,São Paulo,3550308,True,,593,,,-23.5510915,-46.6354505,,,,1,2023-06-17T02:44:36+00:00
SAO_5175-10,São Paulo,3550308,True,,593,,,-23.6679075,-46.6735405,,,,1,2023-06-17T02:43:55+00:00
SAO_2018-10,São Paulo,3550308,True,,904,,,-23.510486999999998,-46.406726500000005,,,,1,2023-06-17T02:44:28+00:00
SAO_2018-10,São Paulo,3550308,True,,904,,,-23.4953155,-46.4310045,,,,1,2023-06-17T02:44:38+00:00
SAO_695Y-10,São Paulo,3550308,True,,33966,,,-23.64756325,-46.70371025,,,,2,2023-06-17T02:44:29+00:00
SAO_695Y-10,São Paulo,3550308,True,,33966,,,-23.8278345,-46.7279345,,,,2,2023-06-17T02:44:29+00:00
SAO_695Y-10,São Paulo,3550308,True,,33966,,,-23.667518,-46.689866,,,,2,2023-06-17T02:44:18+00:00
SAO_695Y-10,São Paulo,3550308,True,,33966,,,-23.827983,-46.727349000000004,,,,2,2023-06-17T02:44:23+00:00
SAO_695Y-10,São Paulo,3550308,True,,33966,,,-23.62020275,-46.67793424999999,,,,2,2023-06-17T02:44:39+00:00
SAO_695Y-10,São Paulo,3550308,True,,33966,,,-23.76668275,-46.717271749999995,,,,2,2023-06-17T02:40:00+00:00
SAO_695Y-10,São Paulo,3550308,True,,33966,,,-23.700626999999997,-46.7013435,,,,2,2023-06-17T02:44:08+00:00
SAO_695Y-10,São Paulo,3550308,True,,33966,,,-23.63999525,-46.696571000000006,,,,2,2023-06-17T02:44:37+00:00
SAO_695Y-10,São Paulo,3550308,True,,33966,,,-23.6865655,-46.694117,,,,2,2023-06-17T02:44:23+00:00
SAO_695Y-10,São Paulo,3550308,True,,33966,,,-23.739836249999996,-46.70278625,,,,2,2023-06-17T02:44:38+00:00
SAO_695Y-10,São Paulo,3550308,True,,33966,,,-23.7298985,-46.698599,,,,2,2023-06-17T02:44:28+00:00
SAO_695Y-10,São Paulo,3550308,True,,33966,,,-23.598325,-46.63674425,,,,2,2023-06-17T02:44:25+00:00
SAO_695Y-10,São Paulo,3550308,True,,33966,,,-23.67597575,-46.695347375,,,,2,2023-06-17T02:44:29+00:00
SAO_4011-10,São Paulo,3550308,True,,2184,,,-23.622664,-46.4161135,,,,1,2023-06-17T02:43:58+00:00
SAO_4011-10,São Paulo,3550308,True,,2184,,,-23.622194,-46.413724,,,,1,2023-06-17T02:44:27+00:00
SAO_4011-10,São Paulo,3550308,True,,2184,,,-23.610132,-46.4745525,,,,1,2023-06-17T02:44:10+00:00
SAO_121G-10,São Paulo,3550308,True,,691,,,-23.521262,-46.56179675,,,,1,2023-06-17T02:41:55+00:00
SAO_121G-10,São Paulo,3550308,True,,691,,,-23.491212500000003,-46.585395000000005,,,,1,2023-06-17T02:43:59+00:00
SAO_121G-10,São Paulo,3550308,True,,691,,,-23.491342250000002,-46.574462,,,,1,2023-06-17T02:44:16+00:00
SAO_477A-10,São Paulo,3550308,True,EMTU,346,https://moovitapp.com/index/pt-br/transporte_p%C3%BAblico-line-346-Sao_Paulo-242-2038937-36419429-0,6.3,-23.565869,-46.701094499999996,,,,1,2023-06-17T02:44:16+00:00
SAO_477A-10,São Paulo,3550308,True,EMTU,346,https://moovitapp.com/index/pt-br/transporte_p%C3%BAblico-line-346-Sao_Paulo-242-2038937-36419429-0,6.3,-23.60271375,-46.60810225,,,,1,2023-06-17T02:44:03+00:00
SAO_477A-10,São Paulo,3550308,True,EMTU,346,https://moovitapp.com/index/pt-br/transporte_p%C3%BAblico-line-346-Sao_Paulo-242-2038937-36419429-0,6.3,-23.60439075,-46.60359,,,,1,2023-06-17T02:43:55+00:00
SAO_477A-10,São Paulo,3550308,True,EMTU,346,https://moovitapp.com/index/pt-br/transporte_p%C3%BAblico-line-346-Sao_Paulo-242-2038937-36419429-0,6.3,-23.5841275,-46.63652525,,,,1,2023-06-17T02:44:29+00:00
SAO_477A-10,São Paulo,3550308,True,EMTU,346,https://moovitapp.com/index/pt-br/transporte_p%C3%BAblico-line-346-Sao_Paulo-242-2038937-36419429-0,6.3,-23.56714,-46.613527000000005,,,,1,2023-06-17T02:44:05+00:00
SAO_6815-10,São Paulo,3550308,True,,32793,,,-23.6657115,-46.7709265,,,,2,2023-06-17T02:44:11+00:00
SAO_2202-10,São Paulo,3550308,True,,33678,,,-23.496948875,-46.400600749999995,,,,2,2023-06-17T02:44:30+00:00
SAO_2202-10,São Paulo,3550308,True,,33678,,,-23.48792525,-46.382452,,,,2,2023-06-17T02:44:12+00:00
SAO_2202-10,São Paulo,3550308,True,,33678,,,-23.487703,-46.383933999999996,,,,2,2023-06-17T02:44:02+00:00
SAO_2202-10,São Paulo,3550308,True,,33678,,,-23.4977095,-46.396238999999994,,,,2,2023-06-17T02:44:24+00:00
SAO_2202-10,São Paulo,3550308,True,,33678,,,-23.493138249999998,-46.388960624999996,,,,2,2023-06-17T02:44:26+00:00
SAO_2202-10,São Paulo,3550308,True,,33678,,,-23.534992,-46.401114500000006,,,,2,2023-06-17T02:44:01+00:00
SAO_2202-10,São Paulo,3550308,True,,33678,,,-23.487195500000002,-46.3824805,,,,2,2023-06-17T02:44:23+00:00
SAO_2202-10,São Paulo,3550308,True,,33678,,,-23.488201,-46.382996500000004,,,,2,2023-06-17T02:44:19+00:00
SAO_2202-10,São Paulo,3550308,True,,33678,,,-23.543208,-46.4118345,,,,2,2023-06-17T02:43:42+00:00
SAO_2202-10,São Paulo,3550308,True,,33678,,,-23.541795,-46.415766,,,,2,2023-06-17T02:43:08+00:00
SAO_2202-10,São Paulo,3550308,True,,33678,,,-23.488027000000002,-46.3826605,,,,2,2023-06-17T02:44:06+00:00
SAO_2202-10,São Paulo,3550308,True,,33678,,,-23.534992,-46.401114500000006,,,,2,2023-06-17T02:41:01+00:00
SAO_2202-10,São Paulo,3550308,True,,33678,,,-23.4875525,-46.3821995,,,,2,2023-06-17T02:44:01+00:00
SAO_2202-10,São Paulo,3550308,True,,33678,,,-23.4875525,-46.3821995,,,,2,2023-06-17T02:42:51+00:00
SAO_2202-10,São Paulo,3550308,True,,33678,,,-23.526983,-46.397371,,,,2,2023-06-17T02:43:24+00:00
SAO_2202-10,São Paulo,3550308,True,,33678,,,-23.525204000000002,-46.398692999999994,,,,2,2023-06-17T02:44:29+00:00
SAO_2202-10,São Paulo,3550308,True,,33678,,,-23.4875525,-46.3821995,,,,2,2023-06-17T02:44:16+00:00
SAO_2202-10,São Paulo,3550308,True,,33678,,,-23.496844624999998,-46.40084025,,,,2,2023-06-17T02:44:37+00:00
SAO_2202-10,São Paulo,3550308,True,,33678,,,-23.51521375,-46.4028285,,,,2,2023-06-17T02:44:05+00:00
SAO_1703-10,São Paulo,3550308,True,,33615,,,-23.430699500000003,-46.573944499999996,,,,2,2023-06-17T02:44:21+00:00
SAO_1703-10,São Paulo,3550308,True,,33615,,,-23.456832499999997,-46.589436500000005,,,,2,2023-06-17T02:44:14+00:00
SAO_1703-10,São Paulo,3550308,True,,33615,,,-23.430699500000003,-46.573944499999996,,,,2,2023-06-17T02:44:30+00:00
SAO_1703-10,São Paulo,3550308,True,,33615,,,-23.432761749999997,-46.57149675,,,,2,2023-06-17T02:44:04+00:00
SAO_3051-10,São Paulo,3550308,True,,35214,,,-23.486023,-46.4794545,,,,2,2023-06-17T02:44:34+00:00
SAO_3051-10,São Paulo,3550308,True,,35214,,,-23.5151515,-46.468877500000005,,,,2,2023-06-17T02:44:12+00:00
SAO_3051-10,São Paulo,3550308,True,,35214,,,-23.5010985,-46.472918500000006,,,,2,2023-06-17T02:44:07+00:00
SAO_3051-10,São Paulo,3550308,True,,35214,,,-23.518814499999998,-46.475541,,,,2,2023-06-17T02:44:08+00:00
SAO_233A-10,São Paulo,3550308,True,,33017,,,-23.5569895,-46.521327,,,,2,2023-06-17T02:44:21+00:00
SAO_233A-10,São Paulo,3550308,True,,33017,,,-23.484137750000002,-46.42,,,,2,2023-06-17T02:44:07+00:00
SAO_233A-10,São Paulo,3550308,True,,33017,,,-23.523802500000002,-46.444316,,,,2,2023-06-17T02:44:17+00:00
SAO_233A-10,São Paulo,3550308,True,,33017,,,-23.479059749999998,-46.42096825,,,,2,2023-06-17T02:44:26+00:00
SAO_233A-10,São Paulo,3550308,True,,33017,,,-23.479422,-46.4206095,,,,2,2023-06-17T02:43:59+00:00
SAO_857P-10,São Paulo,3550308,True,,1926,,,-23.5750915,-46.7068975,,,,1,2023-06-17T02:44:30+00:00
SAO_857P-10,São Paulo,3550308,True,,1926,,,-23.573711125,-46.64242475,,,,1,2023-06-17T02:44:10+00:00
SAO_857P-10,São Paulo,3550308,True,,1926,,,-23.57616375,-46.643564749999996,,,,1,2023-06-17T02:44:35+00:00
SAO_857P-10,São Paulo,3550308,True,,1926,,,-23.62714275,-46.766670250000004,,,,1,2023-06-17T02:44:21+00:00
SAO_857P-10,São Paulo,3550308,True,,1926,,,-23.557124,-46.6660635,,,,1,2023-06-17T02:44:23+00:00
SAO_857P-10,São Paulo,3550308,True,,1926,,,-23.608431500000002,-46.751509,,,,1,2023-06-17T02:44:29+00:00
SAO_8008-10,São Paulo,3550308,True,,1258,,,-23.48633425,-46.738707500000004,,,,1,2023-06-17T02:44:36+00:00
SAO_9014-10,São Paulo,3550308,True,,34193,,,-23.507077375,-46.689163875000006,,,,2,2023-06-17T02:44:04+00:00
SAO_9014-10,São Paulo,3550308,True,,34193,,,-23.4739335,-46.7078185,,,,2,2023-06-17T02:44:11+00:00
SAO_9014-10,São Paulo,3550308,True,,34193,,,-23.5017375,-46.694931499999996,,,,2,2023-06-17T02:43:57+00:00
SAO_9014-10,São Paulo,3550308,True,,34193,,,-23.473639,-46.707848,,,,2,2023-06-17T02:44:21+00:00
SAO_271F-10,São Paulo,3550308,True,,33451,,,-23.53263,-46.616417999999996,,,,2,2023-06-17T02:44:23+00:00
SAO_271F-10,São Paulo,3550308,True,,33451,,,-23.5180025,-46.616361,,,,2,2023-06-17T02:43:59+00:00
SAO_271F-10,São Paulo,3550308,True,,33451,,,-23.517652,-46.6164195,,,,2,2023-06-17T02:44:10+00:00
SAO_271F-10,São Paulo,3550308,True,,33451,,,-23.53982825,-46.595451000000004,,,,2,2023-06-17T02:44:26+00:00
SAO_271F-10,São Paulo,3550308,True,,33451,,,-23.5174605,-46.6164065,,,,2,2023-06-17T02:44:30+00:00
SAO_6837-10,São Paulo,3550308,True,,32774,,,-23.634476,-46.7588995,,,,2,2023-06-17T02:44:36+00:00
SAO_6837-10,São Paulo,3550308,True,,32774,,,-23.6504005,-46.75935,,,,2,2023-06-17T02:44:28+00:00
SAO_6837-10,São Paulo,3550308,True,,32774,,,-23.6161065,-46.739967,,,,2,2023-06-17T02:44:38+00:00
SAO_6837-10,São Paulo,3550308,True,,32774,,,-23.6311065,-46.75774425,,,,2,2023-06-17T02:44:00+00:00
SAO_6837-10,São Paulo,3550308,True,,32774,,,-23.615714,-46.740030000000004,,,,2,2023-06-17T02:43:57+00:00
SAO_6837-10,São Paulo,3550308,True,,32774,,,-23.6159155,-46.739995,,,,2,2023-06-17T02:44:37+00:00
SAO_6837-10,São Paulo,3550308,True,,32774,,,-23.654980000000002,-46.762824,,,,2,2023-06-17T02:41:40+00:00
SAO_6837-10,São Paulo,3550308,True,,32774,,,-23.6161065,-46.739967,,,,2,2023-06-17T02:43:58+00:00
SAO_573H-10,São Paulo,3550308,True,,34398,,,-23.6120265,-46.493421,,,,2,2023-06-17T02:44:04+00:00
SAO_573H-10,São Paulo,3550308,True,,34398,,,-23.6056505,-46.503285,,,,2,2023-06-17T02:44:14+00:00
SAO_573H-10,São Paulo,3550308,True,,34398,,,-23.575611625,-46.55232725,,,,2,2023-06-17T02:44:20+00:00
SAO_573H-10,São Paulo,3550308,True,,34398,,,-23.612196500000003,-46.493525500000004,,,,2,2023-06-17T02:44:06+00:00
SAO_573H-10,São Paulo,3550308,True,,34398,,,-23.573755249999998,-46.55818375,,,,2,2023-06-17T02:44:05+00:00
SAO_573H-10,São Paulo,3550308,True,,34398,,,-23.578844,-46.54297475,,,,2,2023-06-17T02:44:41+00:00
SAO_573H-10,São Paulo,3550308,True,,34398,,,-23.578761,-46.54332925,,,,2,2023-06-17T02:44:18+00:00
SAO_573H-10,São Paulo,3550308,True,,34398,,,-23.612196500000003,-46.493525500000004,,,,2,2023-06-17T02:44:13+00:00
SAO_573H-10,São Paulo,3550308,True,,34398,,,-23.570386,-46.581278,,,,2,2023-06-17T02:44:01+00:00
SAO_573H-10,São Paulo,3550308,True,,34398,,,-23.560946625,-46.59329087500001,,,,2,2023-06-17T02:44:10+00:00
SAO_573H-10,São Paulo,3550308,True,,34398,,,-23.562200375000003,-46.59843375,,,,2,2023-06-17T02:44:04+00:00
SAO_6019-10,São Paulo,3550308,True,,1490,,,-23.667917,-46.7355005,,,,1,2023-06-17T02:43:58+00:00
SAO_6019-10,São Paulo,3550308,True,,1490,,,-23.667917,-46.7355005,,,,1,2023-06-17T02:44:28+00:00
SAO_6019-10,São Paulo,3550308,True,,1490,,,-23.679838500000002,-46.736048499999995,,,,1,2023-06-17T02:44:38+00:00
SAO_407R-10,São Paulo,3550308,True,,2201,,,-23.558462,-46.5226175,,,,1,2023-06-17T02:43:57+00:00
SAO_407R-10,São Paulo,3550308,True,,2201,,,-23.558462,-46.5226175,,,,1,2023-06-17T02:44:35+00:00
SAO_407R-10,São Paulo,3550308,True,,2201,,,-23.558462,-46.5226175,,,,1,2023-06-17T02:44:31+00:00
SAO_407R-10,São Paulo,3550308,True,,2201,,,-23.542945500000002,-46.588449,,,,1,2023-06-17T02:44:16+00:00
SAO_407R-10,São Paulo,3550308,True,,2201,,,-23.558462,-46.5226175,,,,1,2023-06-17T02:44:23+00:00
SAO_407R-10,São Paulo,3550308,True,,2201,,,-23.5623015,-46.560868,,,,1,2023-06-17T02:41:11+00:00
SAO_407R-10,São Paulo,3550308,True,,2201,,,-23.561888500000002,-46.522258,,,,1,2023-06-17T02:44:34+00:00
SAO_6001-10,São Paulo,3550308,True,,52,,,-23.6540655,-46.712306999999996,,,,1,2023-06-17T02:44:07+00:00
SAO_3778-10,São Paulo,3550308,True,,33830,,,-23.572724,-46.4993465,,,,2,2023-06-17T02:44:39+00:00
SAO_3778-10,São Paulo,3550308,True,,33830,,,-23.570196000000003,-46.486959999999996,,,,2,2023-06-17T02:44:35+00:00
SAO_3778-10,São Paulo,3550308,True,,33830,,,-23.570196000000003,-46.486959999999996,,,,2,2023-06-17T02:44:10+00:00
SAO_3778-10,São Paulo,3550308,True,,33830,,,-23.5624085,-46.516369499999996,,,,2,2023-06-17T02:44:11+00:00
SAO_3778-10,São Paulo,3550308,True,,33830,,,-23.574534,-46.4943855,,,,2,2023-06-17T02:43:58+00:00
SAO_3778-10,São Paulo,3550308,True,,33830,,,-23.55198775,-46.529923249999996,,,,2,2023-06-17T02:44:25+00:00
SAO_3778-10,São Paulo,3550308,True,,33830,,,-23.538457,-46.5637265,,,,2,2023-06-17T02:44:10+00:00
SAO_2708-10,São Paulo,3550308,True,,33689,,,-23.527494249999997,-46.40875525,,,,2,2023-06-17T02:43:41+00:00
SAO_2708-10,São Paulo,3550308,True,,33689,,,-23.5336605,-46.4000015,,,,2,2023-06-17T02:44:19+00:00
SAO_2708-10,São Paulo,3550308,True,,33689,,,-23.5424725,-46.458507,,,,2,2023-06-17T02:43:58+00:00
SAO_2708-10,São Paulo,3550308,True,,33689,,,-23.533335875,-46.40048375,,,,2,2023-06-17T02:43:47+00:00
SAO_2708-10,São Paulo,3550308,True,,33689,,,-23.5304715,-46.44456,,,,2,2023-06-17T02:44:00+00:00
SAO_2708-10,São Paulo,3550308,True,,33689,,,-23.533179124999997,-46.40071425,,,,2,2023-06-17T02:43:59+00:00
SAO_2708-10,São Paulo,3550308,True,,33689,,,-23.521233000000002,-46.4273565,,,,2,2023-06-17T02:44:11+00:00
SAO_975A-10,São Paulo,3550308,True,,33357,,,-23.4688585,-46.6960245,,,,2,2023-06-17T02:44:07+00:00
SAO_975A-10,São Paulo,3550308,True,,33357,,,-23.579057249999998,-46.639790500000004,,,,2,2023-06-17T02:44:34+00:00
SAO_975A-10,São Paulo,3550308,True,,33357,,,-23.521,-46.667287,,,,2,2023-06-17T02:41:06+00:00
SAO_975A-10,São Paulo,3550308,True,,33357,,,-23.554472750000002,-46.669765749999996,,,,2,2023-06-17T02:43:59+00:00
SAO_975A-10,São Paulo,3550308,True,,33357,,,-23.468619,-46.6962195,,,,2,2023-06-17T02:44:35+00:00
SAO_975A-10,São Paulo,3550308,True,,33357,,,-23.503904,-46.680873,,,,2,2023-06-17T02:43:56+00:00
SAO_975A-10,São Paulo,3550308,True,,33357,,,-23.471965,-46.6916,,,,2,2023-06-17T02:44:09+00:00
SAO_975A-10,São Paulo,3550308,True,,33357,,,-23.469106500000002,-46.695824,,,,2,2023-06-17T02:44:12+00:00
SAO_1741-10,São Paulo,3550308,True,,33307,,,-23.502871,-46.624226,,,,2,2023-06-17T02:44:22+00:00
SAO_1741-10,São Paulo,3550308,True,,33307,,,-23.468081,-46.661008499999994,,,,2,2023-06-17T02:44:10+00:00
SAO_1741-10,São Paulo,3550308,True,,33307,,,-23.4647525,-46.6632075,,,,2,2023-06-17T02:43:58+00:00
SAO_1741-10,São Paulo,3550308,True,,33307,,,-23.500336,-46.624546,,,,2,2023-06-17T02:44:27+00:00
SAO_1741-10,São Paulo,3550308,True,,33307,,,-23.464362,-46.6638395,,,,2,2023-06-17T02:43:55+00:00
SAO_917M-10,São Paulo,3550308,True,,1366,,,-23.475274499999998,-46.704415499999996,,,,1,2023-06-17T02:43:56+00:00
SAO_917M-10,São Paulo,3550308,True,,1366,,,-23.471259500000002,-46.706211499999995,,,,1,2023-06-17T02:44:14+00:00
SAO_917M-10,São Paulo,3550308,True,,1366,,,-23.542643249999998,-46.66532425,,,,1,2023-06-17T02:44:10+00:00
SAO_917M-10,São Paulo,3550308,True,,1366,,,-23.581595999999998,-46.6384865,,,,1,2023-06-17T02:44:35+00:00
SAO_8017-10,São Paulo,3550308,True,,34029,,,-23.464613,-46.721359,,,,2,2023-06-17T02:44:11+00:00
SAO_8017-10,São Paulo,3550308,True,,34029,,,-23.4356435,-46.7430875,,,,2,2023-06-17T02:44:01+00:00
SAO_8017-10,São Paulo,3550308,True,,34029,,,-23.481064500000002,-46.7183405,,,,2,2023-06-17T02:44:31+00:00
SAO_8017-10,São Paulo,3550308,True,,34029,,,-23.437176,-46.74495,,,,2,2023-06-17T02:44:27+00:00
SAO_957T-10,São Paulo,3550308,True,,464,,,-23.59600375,-46.691593,,,,1,2023-06-17T02:44:35+00:00
SAO_957T-10,São Paulo,3550308,True,,464,,,-23.521327499999998,-46.7313335,,,,1,2023-06-17T02:44:10+00:00
SAO_957T-10,São Paulo,3550308,True,,464,,,-23.59600375,-46.691593,,,,1,2023-06-17T02:43:58+00:00
SAO_957T-10,São Paulo,3550308,True,,464,,,-23.505019500000003,-46.691104499999994,,,,1,2023-06-17T02:44:20+00:00
SAO_957T-10,São Paulo,3550308,True,,464,,,-23.58926625,-46.68188325,,,,1,2023-06-17T02:44:05+00:00
SAO_8615-10,São Paulo,3550308,True,,34107,,,-23.5369125,-46.7237005,,,,2,2023-06-17T02:44:37+00:00
SAO_8615-10,São Paulo,3550308,True,,34107,,,-23.5331495,-46.65650675,,,,2,2023-06-17T02:44:03+00:00
SAO_8615-10,São Paulo,3550308,True,,34107,,,-23.536853999999998,-46.724157,,,,2,2023-06-17T02:44:22+00:00
SAO_8615-10,São Paulo,3550308,True,,34107,,,-23.5369125,-46.7237005,,,,2,2023-06-17T02:44:11+00:00
SAO_8615-10,São Paulo,3550308,True,,34107,,,-23.520166,-46.710088,,,,2,2023-06-17T02:44:12+00:00
SAO_8615-10,São Paulo,3550308,True,,34107,,,-23.535989999999998,-46.7247965,,,,2,2023-06-17T02:44:05+00:00
SAO_8615-10,São Paulo,3550308,True,,34107,,,-23.5233545,-46.713517499999995,,,,2,2023-06-17T02:44:21+00:00
SAO_8615-10,São Paulo,3550308,True,,34107,,,-23.5410095,-46.64273875,,,,2,2023-06-17T02:44:26+00:00
SAO_8615-10,São Paulo,3550308,True,,34107,,,-23.5241095,-46.6842925,,,,2,2023-06-17T02:44:21+00:00
SAO_8615-10,São Paulo,3550308,True,,34107,,,-23.520944,-46.720016,,,,2,2023-06-17T02:44:15+00:00
SAO_8610-10,São Paulo,3550308,True,,34831,,,-23.57534225,-46.687962,,,,2,2023-06-17T02:44:28+00:00
SAO_8610-10,São Paulo,3550308,True,,34831,,,-23.592324249999997,-46.801894250000004,,,,2,2023-06-17T02:44:04+00:00
SAO_8610-10,São Paulo,3550308,True,,34831,,,-23.603227500000003,-46.7807495,,,,2,2023-06-17T02:44:11+00:00
SAO_8610-10,São Paulo,3550308,True,,34831,,,-23.551130999999998,-46.645861999999994,,,,2,2023-06-17T02:44:40+00:00
SAO_8610-10,São Paulo,3550308,True,,34831,,,-23.6031905,-46.781071999999995,,,,2,2023-06-17T02:44:03+00:00
SAO_8705-10,São Paulo,3550308,True,,2072,,,-23.5473665,-46.7605345,,,,1,2023-06-17T02:44:00+00:00
SAO_8705-10,São Paulo,3550308,True,,2072,,,-23.553685,-46.66035525,,,,1,2023-06-17T02:44:34+00:00
SAO_8705-10,São Paulo,3550308,True,,2072,,,-23.547646999999998,-46.760248000000004,,,,1,2023-06-17T02:44:23+00:00
SAO_8705-10,São Paulo,3550308,True,,2072,,,-23.5551335,-46.751251499999995,,,,1,2023-06-17T02:44:11+00:00
SAO_8705-10,São Paulo,3550308,True,,2072,,,-23.5692555,-46.715265,,,,1,2023-06-17T02:44:33+00:00
SAO_9047-10,São Paulo,3550308,True,,33651,,,-23.4586045,-46.7087685,,,,2,2023-06-17T02:44:07+00:00
SAO_9047-10,São Paulo,3550308,True,,33651,,,-23.461603,-46.713289,,,,2,2023-06-17T02:44:09+00:00
SAO_9047-10,São Paulo,3550308,True,,33651,,,-23.4613235,-46.713106499999995,,,,2,2023-06-17T02:44:16+00:00
SAO_9047-10,São Paulo,3550308,True,,33651,,,-23.4741685,-46.6902295,,,,2,2023-06-17T02:44:16+00:00
SAO_9047-10,São Paulo,3550308,True,,33651,,,-23.4588385,-46.707260500000004,,,,2,2023-06-17T02:44:26+00:00
SAO_9047-10,São Paulo,3550308,True,,33651,,,-23.4613235,-46.713106499999995,,,,2,2023-06-17T02:44:32+00:00
SAO_9047-10,São Paulo,3550308,True,,33651,,,-23.502081,-46.69144,,,,2,2023-06-17T02:44:07+00:00
SAO_9047-10,São Paulo,3550308,True,,33651,,,-23.461492999999997,-46.713212999999996,,,,2,2023-06-17T02:44:19+00:00
SAO_2735-21,São Paulo,3550308,True,,33282,,,-23.49964475,-46.52221325,,,,2,2023-06-17T02:44:19+00:00
SAO_513C-10,São Paulo,3550308,True,,2535,,,-23.599297,-46.5521315,,,,1,2023-06-17T02:44:28+00:00
SAO_513C-10,São Paulo,3550308,True,,2535,,,-23.612465999999998,-46.4774605,,,,1,2023-06-17T02:41:28+00:00
SAO_513C-10,São Paulo,3550308,True,,2535,,,-23.596653500000002,-46.5234715,,,,1,2023-06-17T02:42:55+00:00
SAO_8018-10,São Paulo,3550308,True,,2070,,,-23.585697250000003,-46.721805,,,,1,2023-06-17T02:44:36+00:00
SAO_477P-10,São Paulo,3550308,True,EMTU,348,https://moovitapp.com/index/pt-br/transporte_p%C3%BAblico-line-348-Sao_Paulo-242-2038937-36419431-0,5.1,-23.6102445,-46.63593675,,,,1,2023-06-17T02:44:04+00:00
SAO_477P-10,São Paulo,3550308,True,EMTU,348,https://moovitapp.com/index/pt-br/transporte_p%C3%BAblico-line-348-Sao_Paulo-242-2038937-36419431-0,5.1,-23.5849295,-46.7450265,,,,1,2023-06-17T02:44:30+00:00
SAO_477P-10,São Paulo,3550308,True,EMTU,348,https://moovitapp.com/index/pt-br/transporte_p%C3%BAblico-line-348-Sao_Paulo-242-2038937-36419431-0,5.1,-23.589902,-46.602656499999995,,,,1,2023-06-17T02:43:54+00:00
SAO_477P-10,São Paulo,3550308,True,EMTU,348,https://moovitapp.com/index/pt-br/transporte_p%C3%BAblico-line-348-Sao_Paulo-242-2038937-36419431-0,5.1,-23.577174749999998,-46.765108875,,,,1,2023-06-17T02:44:21+00:00
SAO_477P-10,São Paulo,3550308,True,EMTU,348,https://moovitapp.com/index/pt-br/transporte_p%C3%BAblico-line-348-Sao_Paulo-242-2038937-36419431-0,5.1,-23.571023,-46.706986,,,,1,2023-06-17T02:42:36+00:00
SAO_477P-10,São Paulo,3550308,True,EMTU,348,https://moovitapp.com/index/pt-br/transporte_p%C3%BAblico-line-348-Sao_Paulo-242-2038937-36419431-0,5.1,-23.6120705,-46.608466,,,,1,2023-06-17T02:44:28+00:00
SAO_477P-10,São Paulo,3550308,True,EMTU,348,https://moovitapp.com/index/pt-br/transporte_p%C3%BAblico-line-348-Sao_Paulo-242-2038937-36419431-0,5.1,-23.565437000000003,-46.694477,,,,1,2023-06-17T02:44:35+00:00
SAO_477P-10,São Paulo,3550308,True,EMTU,348,https://moovitapp.com/index/pt-br/transporte_p%C3%BAblico-line-348-Sao_Paulo-242-2038937-36419431-0,5.1,-23.6120705,-46.608466,,,,1,2023-06-17T02:44:11+00:00
SAO_477P-10,São Paulo,3550308,True,EMTU,348,https://moovitapp.com/index/pt-br/transporte_p%C3%BAblico-line-348-Sao_Paulo-242-2038937-36419431-0,5.1,-23.568223250000003,-46.69935649999999,,,,1,2023-06-17T02:43:56+00:00
SAO_477P-10,São Paulo,3550308,True,EMTU,348,https://moovitapp.com/index/pt-br/transporte_p%C3%BAblico-line-348-Sao_Paulo-242-2038937-36419431-0,5.1,-23.605128875,-46.680727625,,,,1,2023-06-17T02:44:17+00:00
SAO_477P-10,São Paulo,3550308,True,EMTU,348,https://moovitapp.com/index/pt-br/transporte_p%C3%BAblico-line-348-Sao_Paulo-242-2038937-36419431-0,5.1,-23.61444675,-46.677940125000006,,,,1,2023-06-17T02:44:32+00:00
SAO_1744-10,São Paulo,3550308,True,,544,,,-23.4729585,-46.6418845,,,,1,2023-06-17T02:44:19+00:00
SAO_1744-10,São Paulo,3550308,True,,544,,,-23.482895,-46.641369999999995,,,,1,2023-06-17T02:43:58+00:00
SAO_1744-10,São Paulo,3550308,True,,544,,,-23.4729585,-46.6418845,,,,1,2023-06-17T02:44:30+00:00
SAO_407F-10,São Paulo,3550308,True,,34935,,,-23.542249499999997,-46.589866,,,,2,2023-06-17T02:44:10+00:00
SAO_407F-10,São Paulo,3550308,True,,34935,,,-23.5461175,-46.5920395,,,,2,2023-06-17T02:44:02+00:00
SAO_407F-10,São Paulo,3550308,True,,34935,,,-23.612146,-46.4762395,,,,2,2023-06-17T02:44:34+00:00
SAO_407F-10,São Paulo,3550308,True,,34935,,,-23.570818,-46.5389225,,,,2,2023-06-17T02:44:29+00:00
SAO_407F-10,São Paulo,3550308,True,,34935,,,-23.6122695,-46.4762145,,,,2,2023-06-17T02:44:16+00:00
SAO_2755-10,São Paulo,3550308,True,,33001,,,-23.523171750000003,-46.544194250000004,,,,2,2023-06-17T02:43:49+00:00
SAO_2755-10,São Paulo,3550308,True,,33001,,,-23.539911,-46.394,,,,2,2023-06-17T02:44:15+00:00
SAO_2755-10,São Paulo,3550308,True,,33001,,,-23.540091,-46.394296499999996,,,,2,2023-06-17T02:44:31+00:00
SAO_2755-10,São Paulo,3550308,True,,33001,,,-23.5385265,-46.414816,,,,2,2023-06-17T02:38:51+00:00
SAO_2755-10,São Paulo,3550308,True,,33001,,,-23.5136495,-46.444970125,,,,2,2023-06-17T02:44:09+00:00
SAO_2755-10,São Paulo,3550308,True,,33001,,,-23.513787999999998,-46.50117350000001,,,,2,2023-06-17T02:44:37+00:00
SAO_2755-10,São Paulo,3550308,True,,33001,,,-23.539911,-46.394,,,,2,2023-06-17T02:44:19+00:00
SAO_2755-10,São Paulo,3550308,True,,33001,,,-23.539733249999998,-46.396032125,,,,2,2023-06-17T02:44:34+00:00
SAO_2755-10,São Paulo,3550308,True,,33001,,,-23.540091,-46.394296499999996,,,,2,2023-06-17T02:44:29+00:00
SAO_2755-10,São Paulo,3550308,True,,33001,,,-23.539911,-46.394,,,,2,2023-06-17T02:44:27+00:00
SAO_213E-10,São Paulo,3550308,True,,35266,,,-23.477516625,-46.564321375,,,,2,2023-06-17T02:44:05+00:00
SAO_213E-10,São Paulo,3550308,True,,35266,,,-23.477741875,-46.564192125,,,,2,2023-06-17T02:44:02+00:00
SAO_213E-10,São Paulo,3550308,True,,35266,,,-23.5328425,-46.5832895,,,,2,2023-06-17T02:44:18+00:00
SAO_4210-10,São Paulo,3550308,True,,34938,,,-23.583284,-46.4074105,,,,2,2023-06-17T02:44:24+00:00
SAO_4210-10,São Paulo,3550308,True,,34938,,,-23.53254525,-46.562278250000006,,,,2,2023-06-17T02:42:32+00:00
SAO_4210-10,São Paulo,3550308,True,,34938,,,-23.538179999999997,-46.60034075,,,,2,2023-06-17T02:44:15+00:00
SAO_4210-10,São Paulo,3550308,True,,34938,,,-23.583131,-46.4090595,,,,2,2023-06-17T02:44:34+00:00
SAO_4210-10,São Paulo,3550308,True,,34938,,,-23.5830225,-46.4086875,,,,2,2023-06-17T02:44:08+00:00
SAO_4210-10,São Paulo,3550308,True,,34938,,,-23.5930425,-46.418267125,,,,2,2023-06-17T02:44:29+00:00
SAO_4210-10,São Paulo,3550308,True,,34938,,,-23.5598025,-46.513355,,,,2,2023-06-17T02:44:18+00:00
SAO_4210-10,São Paulo,3550308,True,,34938,,,-23.596264875000003,-46.45482750000001,,,,2,2023-06-17T02:44:13+00:00
SAO_4210-10,São Paulo,3550308,True,,34938,,,-23.583091000000003,-46.4080965,,,,2,2023-06-17T02:44:38+00:00
SAO_4210-10,São Paulo,3550308,True,,34938,,,-23.5941915,-46.420338,,,,2,2023-06-17T02:44:11+00:00
SAO_4210-10,São Paulo,3550308,True,,34938,,,-23.5846465,-46.4895,,,,2,2023-06-17T02:44:26+00:00
SAO_4210-10,São Paulo,3550308,True,,34938,,,-23.5466925,-46.623303625000005,,,,2,2023-06-17T02:44:18+00:00
SAO_4210-10,São Paulo,3550308,True,,34938,,,-23.594739,-46.4462135,,,,2,2023-06-17T02:44:26+00:00
SAO_9300-10,São Paulo,3550308,True,,32884,,,-23.52191275,-46.663771,,,,2,2023-06-17T02:40:37+00:00
SAO_9300-10,São Paulo,3550308,True,,32884,,,-23.5373795,-46.6416975,,,,2,2023-06-17T02:44:38+00:00
SAO_9300-10,São Paulo,3550308,True,,32884,,,-23.4966235,-46.66229725,,,,2,2023-06-17T02:44:29+00:00
SAO_9300-10,São Paulo,3550308,True,,32884,,,-23.4966235,-46.66229725,,,,2,2023-06-17T02:44:34+00:00
SAO_2023-10,São Paulo,3550308,True,,2260,,,-23.4804685,-46.6023845,,,,1,2023-06-17T02:43:55+00:00
SAO_2023-10,São Paulo,3550308,True,,2260,,,-23.4789475,-46.607421,,,,1,2023-06-17T02:44:08+00:00
SAO_2023-10,São Paulo,3550308,True,,2260,,,-23.42879525,-46.593785375,,,,1,2023-06-17T02:39:56+00:00
SAO_1017-10,São Paulo,3550308,True,,2141,,,-23.4437895,-46.71723525,,,,1,2023-06-17T02:44:21+00:00
SAO_1017-10,São Paulo,3550308,True,,2141,,,-23.428153,-46.723559,,,,1,2023-06-17T02:44:33+00:00
SAO_1017-10,São Paulo,3550308,True,,2141,,,-23.404792,-46.75062,,,,1,2023-06-17T02:44:18+00:00
SAO_1017-10,São Paulo,3550308,True,,2141,,,-23.462207,-46.7144135,,,,1,2023-06-17T02:44:20+00:00
SAO_4007-10,São Paulo,3550308,True,,34949,,,-23.565451,-46.3961775,,,,2,2023-06-17T02:44:37+00:00
SAO_4007-10,São Paulo,3550308,True,,34949,,,-23.54868,-46.430479000000005,,,,2,2023-06-17T02:42:17+00:00
SAO_4007-10,São Paulo,3550308,True,,34949,,,-23.565451,-46.3961775,,,,2,2023-06-17T02:44:32+00:00
SAO_4007-10,São Paulo,3550308,True,,34949,,,-23.565385499999998,-46.3962625,,,,2,2023-06-17T02:44:26+00:00
SAO_4007-10,São Paulo,3550308,True,,34949,,,-23.54868,-46.430479000000005,,,,2,2023-06-17T02:41:10+00:00
SAO_4007-10,São Paulo,3550308,True,,34949,,,-23.565266,-46.396473,,,,2,2023-06-17T02:44:11+00:00
SAO_4007-10,São Paulo,3550308,True,,34949,,,-23.553497,-46.492332000000005,,,,2,2023-06-17T02:44:37+00:00
SAO_4007-10,São Paulo,3550308,True,,34949,,,-23.551921999999998,-46.4406525,,,,2,2023-06-17T02:44:20+00:00
SAO_2712-10,São Paulo,3550308,True,,33694,,,-23.5268035,-46.478916999999996,,,,2,2023-06-17T02:43:55+00:00
SAO_2712-10,São Paulo,3550308,True,,33694,,,-23.5268035,-46.478916999999996,,,,2,2023-06-17T02:44:07+00:00
SAO_5128-10,São Paulo,3550308,True,,33896,,,-23.699143499999998,-46.647383000000005,,,,2,2023-06-17T02:44:06+00:00
SAO_5128-10,São Paulo,3550308,True,,33896,,,-23.703625,-46.6492525,,,,2,2023-06-17T02:40:58+00:00
SAO_5128-10,São Paulo,3550308,True,,33896,,,-23.68760825,-46.640651250000005,,,,2,2023-06-17T02:44:15+00:00
SAO_5128-10,São Paulo,3550308,True,,33896,,,-23.64071225,-46.641452,,,,2,2023-06-17T02:44:11+00:00
SAO_5128-10,São Paulo,3550308,True,,33896,,,-23.697448,-46.6487755,,,,2,2023-06-17T02:44:20+00:00
SAO_5128-10,São Paulo,3550308,True,,33896,,,-23.7127065,-46.6521065,,,,2,2023-06-17T02:44:27+00:00
SAO_5128-10,São Paulo,3550308,True,,33896,,,-23.7127065,-46.6521065,,,,2,2023-06-17T02:44:29+00:00
SAO_5128-10,São Paulo,3550308,True,,33896,,,-23.697327,-46.649015000000006,,,,2,2023-06-17T02:44:28+00:00
SAO_5128-10,São Paulo,3550308,True,,33896,,,-23.6471825,-46.6403145,,,,2,2023-06-17T02:33:36+00:00
SAO_702U-10,São Paulo,3550308,True,,1330,,,-23.5644695,-46.678151,,,,1,2023-06-17T02:44:00+00:00
SAO_702U-10,São Paulo,3550308,True,,1330,,,-23.570489625,-46.7111315,,,,1,2023-06-17T02:44:35+00:00
SAO_702U-10,São Paulo,3550308,True,,1330,,,-23.5469375,-46.639476,,,,1,2023-06-17T02:44:24+00:00
SAO_702U-10,São Paulo,3550308,True,,1330,,,-23.553079250000003,-46.728185749999994,,,,1,2023-06-17T02:44:38+00:00
SAO_2712-10,São Paulo,3550308,True,,926,,,-23.5318965,-46.483627,,,,1,2023-06-17T02:44:12+00:00
SAO_2712-10,São Paulo,3550308,True,,926,,,-23.52414425,-46.4787745,,,,1,2023-06-17T02:44:36+00:00
SAO_2712-10,São Paulo,3550308,True,,926,,,-23.527357000000002,-46.479188,,,,1,2023-06-17T02:44:11+00:00
SAO_2712-10,São Paulo,3550308,True,,926,,,-23.527357000000002,-46.479188,,,,1,2023-06-17T02:44:18+00:00
SAO_2712-10,São Paulo,3550308,True,,926,,,-23.5403825,-46.4724765,,,,1,2023-06-17T02:44:03+00:00
SAO_8016-10,São Paulo,3550308,True,,1346,,,-23.4441175,-46.735325,,,,1,2023-06-17T02:44:10+00:00
SAO_8016-10,São Paulo,3550308,True,,1346,,,-23.4441175,-46.735325,,,,1,2023-06-17T02:44:33+00:00
SAO_8016-10,São Paulo,3550308,True,,1346,,,-23.48354,-46.722545,,,,1,2023-06-17T02:44:26+00:00
SAO_8016-10,São Paulo,3550308,True,,1346,,,-23.442724,-46.717219,,,,1,2023-06-17T02:43:57+00:00
SAO_8016-10,São Paulo,3550308,True,,1346,,,-23.4441175,-46.735325,,,,1,2023-06-17T02:44:26+00:00
SAO_6913-10,São Paulo,3550308,True,,34233,,,-23.63309125,-46.692685999999995,,,,2,2023-06-17T02:44:36+00:00
SAO_6913-10,São Paulo,3550308,True,,34233,,,-23.597257,-46.673953999999995,,,,2,2023-06-17T02:44:37+00:00
SAO_6913-10,São Paulo,3550308,True,,34233,,,-23.74012275,-46.703446,,,,2,2023-06-17T02:44:27+00:00
SAO_6913-10,São Paulo,3550308,True,,34233,,,-23.549266,-46.6401115,,,,2,2023-06-17T02:41:28+00:00
SAO_6913-10,São Paulo,3550308,True,,34233,,,-23.74022625,-46.703695999999994,,,,2,2023-06-17T02:44:12+00:00
SAO_6913-10,São Paulo,3550308,True,,34233,,,-23.584882,-46.6705855,,,,2,2023-06-17T02:43:55+00:00
SAO_6913-10,São Paulo,3550308,True,,34233,,,-23.673454749999998,-46.71235725,,,,2,2023-06-17T02:44:21+00:00
SAO_6913-10,São Paulo,3550308,True,,34233,,,-23.7211865,-46.698074,,,,2,2023-06-17T02:44:38+00:00
SAO_6913-10,São Paulo,3550308,True,,34233,,,-23.6914035,-46.71486,,,,2,2023-06-17T02:44:16+00:00
SAO_6913-10,São Paulo,3550308,True,,34233,,,-23.6136255,-46.6785685,,,,2,2023-06-17T02:44:33+00:00
SAO_6913-10,São Paulo,3550308,True,,34233,,,-23.549266,-46.6401115,,,,2,2023-06-17T02:44:02+00:00
SAO_6913-10,São Paulo,3550308,True,,34233,,,-23.63844175,-46.69707687500001,,,,2,2023-06-17T02:44:14+00:00
SAO_6913-10,São Paulo,3550308,True,,34233,,,-23.7298985,-46.698599,,,,2,2023-06-17T02:44:31+00:00
SAO_6913-10,São Paulo,3550308,True,,34233,,,-23.6881275,-46.71470775,,,,2,2023-06-17T02:44:26+00:00
SAO_6500-10,São Paulo,3550308,True,,46,,,-23.59324375,-46.672788,,,,1,2023-06-17T02:44:15+00:00
SAO_6500-10,São Paulo,3550308,True,,46,,,-23.654395,-46.7121185,,,,1,2023-06-17T02:44:36+00:00
SAO_6500-10,São Paulo,3550308,True,,46,,,-23.654134499999998,-46.708625,,,,1,2023-06-17T02:44:15+00:00
SAO_6500-10,São Paulo,3550308,True,,46,,,-23.654395,-46.7121185,,,,1,2023-06-17T02:44:12+00:00
SAO_6500-10,São Paulo,3550308,True,,46,,,-23.549304,-46.6390795,,,,1,2023-06-17T02:44:29+00:00
SAO_6500-10,São Paulo,3550308,True,,46,,,-23.654395,-46.7121185,,,,1,2023-06-17T02:44:32+00:00
SAO_6500-10,São Paulo,3550308,True,,46,,,-23.6269675,-46.6877395,,,,1,2023-06-17T02:44:12+00:00
SAO_5185-10,São Paulo,3550308,True,,1308,,,-23.576032499999997,-46.65792175,,,,1,2023-06-17T02:44:38+00:00
SAO_5185-10,São Paulo,3550308,True,,1308,,,-23.6597385,-46.7008625,,,,1,2023-06-17T02:44:23+00:00
SAO_5185-10,São Paulo,3550308,True,,1308,,,-23.55022025,-46.631459750000005,,,,1,2023-06-17T02:44:28+00:00
SAO_5185-10,São Paulo,3550308,True,,1308,,,-23.6677575,-46.7351975,,,,1,2023-06-17T02:44:06+00:00
SAO_5185-10,São Paulo,3550308,True,,1308,,,-23.633699,-46.669047500000005,,,,1,2023-06-17T02:44:33+00:00
SAO_5391-10,São Paulo,3550308,True,EMTU,171,https://moovitapp.com/index/pt-br/transporte_p%C3%BAblico-line-171-Sao_Paulo-242-2038937-36419310-0,4.8,-23.594857375,-46.653917625,,,,1,2023-06-17T02:44:20+00:00
SAO_5391-10,São Paulo,3550308,True,EMTU,171,https://moovitapp.com/index/pt-br/transporte_p%C3%BAblico-line-171-Sao_Paulo-242-2038937-36419310-0,4.8,-23.659702,-46.7050855,,,,1,2023-06-17T02:43:57+00:00
SAO_5391-10,São Paulo,3550308,True,EMTU,171,https://moovitapp.com/index/pt-br/transporte_p%C3%BAblico-line-171-Sao_Paulo-242-2038937-36419310-0,4.8,-23.5988916875,-46.6576900625,,,,1,2023-06-17T02:44:26+00:00
SAO_5391-10,São Paulo,3550308,True,EMTU,171,https://moovitapp.com/index/pt-br/transporte_p%C3%BAblico-line-171-Sao_Paulo-242-2038937-36419310-0,4.8,-23.692995500000002,-46.7785065,,,,1,2023-06-17T02:44:16+00:00
SAO_5391-10,São Paulo,3550308,True,EMTU,171,https://moovitapp.com/index/pt-br/transporte_p%C3%BAblico-line-171-Sao_Paulo-242-2038937-36419310-0,4.8,-23.644948375,-46.700573000000006,,,,1,2023-06-17T02:44:24+00:00
SAO_5391-10,São Paulo,3550308,True,EMTU,171,https://moovitapp.com/index/pt-br/transporte_p%C3%BAblico-line-171-Sao_Paulo-242-2038937-36419310-0,4.8,-23.6755165,-46.748774,,,,1,2023-06-17T02:44:03+00:00
SAO_5391-10,São Paulo,3550308,True,EMTU,171,https://moovitapp.com/index/pt-br/transporte_p%C3%BAblico-line-171-Sao_Paulo-242-2038937-36419310-0,4.8,-23.682178,-46.76720775,,,,1,2023-06-17T02:44:20+00:00
SAO_8000-1,São Paulo,3550308,True,,35274,,,-23.534668500000002,-46.6537985,,,,2,2023-06-17T02:44:24+00:00
SAO_8000-1,São Paulo,3550308,True,,35274,,,-23.5214275,-46.698573499999995,,,,2,2023-06-17T02:44:33+00:00
SAO_8000-1,São Paulo,3550308,True,,35274,,,-23.52087225,-46.70017,,,,2,2023-06-17T02:44:37+00:00
SAO_609J-10,São Paulo,3550308,True,,35010,,,-23.627188,-46.6593855,,,,2,2023-06-17T02:44:37+00:00
SAO_609J-10,São Paulo,3550308,True,,35010,,,-23.62553725,-46.6404665,,,,2,2023-06-17T02:44:37+00:00
SAO_609J-10,São Paulo,3550308,True,,35010,,,-23.6153485,-46.6626735,,,,2,2023-06-17T02:44:16+00:00
SAO_6034-10,São Paulo,3550308,True,,32863,,,-23.75338125,-46.68576,,,,2,2023-06-17T02:43:42+00:00
SAO_6034-10,São Paulo,3550308,True,,32863,,,-23.747656499999998,-46.6691325,,,,2,2023-06-17T02:44:15+00:00
SAO_6034-10,São Paulo,3550308,True,,32863,,,-23.747656499999998,-46.6691325,,,,2,2023-06-17T02:44:11+00:00
SAO_6034-10,São Paulo,3550308,True,,32863,,,-23.744211749999998,-46.664820750000004,,,,2,2023-06-17T02:44:13+00:00
SAO_6034-10,São Paulo,3550308,True,,32863,,,-23.747656499999998,-46.6691325,,,,2,2023-06-17T02:44:28+00:00
SAO_3414-10,São Paulo,3550308,True,,33514,,,-23.54092525,-46.57657175,,,,2,2023-06-17T02:44:18+00:00
SAO_3414-10,São Paulo,3550308,True,,33514,,,-23.5444565,-46.521542,,,,2,2023-06-17T02:44:24+00:00
SAO_5028-10,São Paulo,3550308,True,,34402,,,-23.60262375,-46.615007500000004,,,,2,2023-06-17T02:44:07+00:00
SAO_5028-10,São Paulo,3550308,True,,34402,,,-23.6108005,-46.580852500000006,,,,2,2023-06-17T02:44:09+00:00
SAO_5028-10,São Paulo,3550308,True,,34402,,,-23.6044825,-46.5935365,,,,2,2023-06-17T02:43:54+00:00
SAO_3686-10,São Paulo,3550308,True,EMTU,166,https://moovitapp.com/index/pt-br/transporte_p%C3%BAblico-line-166-Sao_Paulo-242-2038937-36419307-0,7.8,-23.537375750000002,-46.49191175,,,,1,2023-06-17T02:44:32+00:00
SAO_3686-10,São Paulo,3550308,True,EMTU,166,https://moovitapp.com/index/pt-br/transporte_p%C3%BAblico-line-166-Sao_Paulo-242-2038937-36419307-0,7.8,-23.5431995,-46.6286825,,,,1,2023-06-17T02:44:21+00:00
SAO_3686-10,São Paulo,3550308,True,EMTU,166,https://moovitapp.com/index/pt-br/transporte_p%C3%BAblico-line-166-Sao_Paulo-242-2038937-36419307-0,7.8,-23.558213000000002,-46.399638499999995,,,,1,2023-06-17T02:41:56+00:00
SAO_6475-10,São Paulo,3550308,True,,34085,,,-23.5996295,-46.697053499999996,,,,2,2023-06-17T02:43:55+00:00
SAO_6475-10,São Paulo,3550308,True,,34085,,,-23.577004000000002,-46.6724405,,,,2,2023-06-17T02:44:06+00:00
SAO_6475-10,São Paulo,3550308,True,,34085,,,-23.670895,-46.75936299999999,,,,2,2023-06-17T02:44:02+00:00
SAO_6475-10,São Paulo,3550308,True,,34085,,,-23.660064,-46.767101,,,,2,2023-06-17T02:44:05+00:00
SAO_6475-10,São Paulo,3550308,True,,34085,,,-23.680643,-46.7694275,,,,2,2023-06-17T02:43:58+00:00
SAO_8075-10,São Paulo,3550308,True,,34812,,,-23.61964675,-46.758040875,,,,2,2023-06-17T02:44:29+00:00
SAO_8075-10,São Paulo,3550308,True,,34812,,,-23.57234125,-46.705315,,,,2,2023-06-17T02:44:28+00:00
SAO_5757-51,São Paulo,3550308,True,,1976,,,-23.666869750000004,-46.654607500000004,,,,1,2023-06-17T02:44:03+00:00
SAO_5757-51,São Paulo,3550308,True,,1976,,,-23.635112499999998,-46.640995000000004,,,,1,2023-06-17T02:44:17+00:00
SAO_5757-51,São Paulo,3550308,True,,1976,,,-23.7079895,-46.641386499999996,,,,1,2023-06-17T02:44:28+00:00
SAO_5757-51,São Paulo,3550308,True,,1976,,,-23.7079895,-46.641386499999996,,,,1,2023-06-17T02:44:12+00:00
SAO_2582-10,São Paulo,3550308,True,EMTU,374,https://moovitapp.com/index/pt-br/transporte_p%C3%BAblico-line-374-Sao_Paulo-242-2038937-36419448-0,3.7,-23.540302500000003,-46.612326499999995,,,,1,2023-06-17T02:44:28+00:00
SAO_2582-10,São Paulo,3550308,True,EMTU,374,https://moovitapp.com/index/pt-br/transporte_p%C3%BAblico-line-374-Sao_Paulo-242-2038937-36419448-0,3.7,-23.546655,-46.630598,,,,1,2023-06-17T02:44:00+00:00
SAO_2582-10,São Paulo,3550308,True,EMTU,374,https://moovitapp.com/index/pt-br/transporte_p%C3%BAblico-line-374-Sao_Paulo-242-2038937-36419448-0,3.7,-23.512112000000002,-46.432283,,,,1,2023-06-17T02:40:50+00:00
SAO_2582-10,São Paulo,3550308,True,EMTU,374,https://moovitapp.com/index/pt-br/transporte_p%C3%BAblico-line-374-Sao_Paulo-242-2038937-36419448-0,3.7,-23.539212,-46.608181,,,,1,2023-06-17T02:44:13+00:00
SAO_2582-10,São Paulo,3550308,True,EMTU,374,https://moovitapp.com/index/pt-br/transporte_p%C3%BAblico-line-374-Sao_Paulo-242-2038937-36419448-0,3.7,-23.5460165,-46.6301705,,,,1,2023-06-17T02:44:13+00:00
SAO_2582-10,São Paulo,3550308,True,EMTU,374,https://moovitapp.com/index/pt-br/transporte_p%C3%BAblico-line-374-Sao_Paulo-242-2038937-36419448-0,3.7,-23.519504375,-46.549013375,,,,1,2023-06-17T02:44:36+00:00
SAO_637J-10,São Paulo,3550308,True,EMTU,103,https://moovitapp.com/index/pt-br/transporte_p%C3%BAblico-line-103-Sao_Paulo-242-2038937-36419266-0,5.1,-23.6532785,-46.7017075,,,,1,2023-06-17T02:44:11+00:00
SAO_637J-10,São Paulo,3550308,True,EMTU,103,https://moovitapp.com/index/pt-br/transporte_p%C3%BAblico-line-103-Sao_Paulo-242-2038937-36419266-0,5.1,-23.58403625,-46.672600749999994,,,,1,2023-06-17T02:44:32+00:00
SAO_637J-10,São Paulo,3550308,True,EMTU,103,https://moovitapp.com/index/pt-br/transporte_p%C3%BAblico-line-103-Sao_Paulo-242-2038937-36419266-0,5.1,-23.67553625,-46.687210750000006,,,,1,2023-06-17T02:44:18+00:00
SAO_637J-10,São Paulo,3550308,True,EMTU,103,https://moovitapp.com/index/pt-br/transporte_p%C3%BAblico-line-103-Sao_Paulo-242-2038937-36419266-0,5.1,-23.57996325,-46.6851545,,,,1,2023-06-17T02:44:34+00:00
SAO_637G-10,São Paulo,3550308,True,,32869,,,-23.7387765,-46.6917775,,,,2,2023-06-17T02:44:12+00:00
SAO_637G-10,São Paulo,3550308,True,,32869,,,-23.65107175,-46.70392125000001,,,,2,2023-06-17T02:44:02+00:00
SAO_637G-10,São Paulo,3550308,True,,32869,,,-23.752862,-46.683861,,,,2,2023-06-17T02:38:26+00:00
SAO_637G-10,São Paulo,3550308,True,,32869,,,-23.753905500000002,-46.680769,,,,2,2023-06-17T02:44:27+00:00
SAO_637G-10,São Paulo,3550308,True,,32869,,,-23.578369,-46.6863195,,,,2,2023-06-17T02:44:15+00:00
SAO_637G-10,São Paulo,3550308,True,,32869,,,-23.73591725,-46.694809125000006,,,,2,2023-06-17T02:44:01+00:00
SAO_637G-10,São Paulo,3550308,True,,32869,,,-23.673647000000003,-46.709386499999994,,,,2,2023-06-17T02:44:34+00:00
SAO_637G-10,São Paulo,3550308,True,,32869,,,-23.574119250000003,-46.688941375,,,,2,2023-06-17T02:44:10+00:00
SAO_637G-10,São Paulo,3550308,True,,32869,,,-23.640636999999998,-46.698444499999994,,,,2,2023-06-17T02:44:37+00:00
SAO_6L05-10,São Paulo,3550308,True,,33941,,,-23.8774625,-46.649516,,,,2,2023-06-17T02:44:01+00:00
SAO_4002-10,São Paulo,3550308,True,,2177,,,-23.544853500000002,-46.407573,,,,1,2023-06-17T02:40:40+00:00
SAO_4002-10,São Paulo,3550308,True,,2177,,,-23.557861,-46.522673,,,,1,2023-06-17T02:44:23+00:00
SAO_5142-10,São Paulo,3550308,True,,34394,,,-23.62170475,-46.5035685,,,,2,2023-06-17T02:44:00+00:00
SAO_5142-10,São Paulo,3550308,True,,34394,,,-23.561816,-46.624824,,,,2,2023-06-17T02:44:21+00:00
SAO_5142-10,São Paulo,3550308,True,,34394,,,-23.605895,-46.513215,,,,2,2023-06-17T02:44:31+00:00
SAO_5142-10,São Paulo,3550308,True,,34394,,,-23.614552,-46.500257000000005,,,,2,2023-06-17T02:44:25+00:00
SAO_5142-10,São Paulo,3550308,True,,34394,,,-23.582743999999998,-46.565706000000006,,,,2,2023-06-17T02:44:17+00:00
SAO_5142-10,São Paulo,3550308,True,,34394,,,-23.586046,-46.55758525,,,,2,2023-06-17T02:44:20+00:00
SAO_5142-10,São Paulo,3550308,True,,34394,,,-23.619546749999998,-46.5023755,,,,2,2023-06-17T02:43:37+00:00
SAO_3768-10,São Paulo,3550308,True,,33824,,,-23.580423500000002,-46.387677499999995,,,,2,2023-06-17T02:44:22+00:00
SAO_3768-10,São Paulo,3550308,True,,33824,,,-23.586175500000003,-46.3863525,,,,2,2023-06-17T02:44:35+00:00
SAO_3768-10,São Paulo,3550308,True,,33824,,,-23.580551,-46.3879745,,,,2,2023-06-17T02:44:18+00:00
SAO_3768-10,São Paulo,3550308,True,,33824,,,-23.563322,-46.4185005,,,,2,2023-06-17T02:43:58+00:00
SAO_3768-10,São Paulo,3550308,True,,33824,,,-23.586175500000003,-46.3863525,,,,2,2023-06-17T02:44:38+00:00
SAO_8012-10,São Paulo,3550308,True,,2023,,,-23.55804625,-46.73607187500001,,,,1,2023-06-17T02:44:26+00:00
SAO_8012-10,São Paulo,3550308,True,,2023,,,-23.5685165,-46.7395165,,,,1,2023-06-17T02:44:06+00:00
SAO_3009-10,São Paulo,3550308,True,,35294,,,-23.5174595,-46.3991265,,,,2,2023-06-17T02:44:07+00:00
SAO_6816-31,São Paulo,3550308,True,,1748,,,-23.653551,-46.777357,,,,1,2023-06-17T02:43:57+00:00
SAO_6816-31,São Paulo,3550308,True,,1748,,,-23.653994500000003,-46.762168,,,,1,2023-06-17T02:44:36+00:00
SAO_6816-31,São Paulo,3550308,True,,1748,,,-23.6488825,-46.784435,,,,1,2023-06-17T02:44:27+00:00
SAO_908T-10,São Paulo,3550308,True,,34884,,,-23.556353125,-46.658333375,,,,2,2023-06-17T02:43:59+00:00
SAO_908T-10,São Paulo,3550308,True,,34884,,,-23.5455,-46.631499000000005,,,,2,2023-06-17T02:44:36+00:00
SAO_908T-10,São Paulo,3550308,True,,34884,,,-23.546217,-46.6305745,,,,2,2023-06-17T02:44:31+00:00
SAO_908T-10,São Paulo,3550308,True,,34884,,,-23.546433999999998,-46.630430000000004,,,,2,2023-06-17T02:44:24+00:00
SAO_5791-10,São Paulo,3550308,True,,33375,,,-23.651840999999997,-46.6380705,,,,2,2023-06-17T02:36:45+00:00
SAO_5791-10,São Paulo,3550308,True,,33375,,,-23.61787825,-46.63914925,,,,2,2023-06-17T02:44:31+00:00
SAO_5791-10,São Paulo,3550308,True,,33375,,,-23.7160135,-46.624853,,,,2,2023-06-17T02:44:25+00:00
SAO_5791-10,São Paulo,3550308,True,,33375,,,-23.618129500000002,-46.6392055,,,,2,2023-06-17T02:44:00+00:00
SAO_5791-10,São Paulo,3550308,True,,33375,,,-23.7159525,-46.6262445,,,,2,2023-06-17T02:44:32+00:00
SAO_5791-10,São Paulo,3550308,True,,33375,,,-23.676182500000003,-46.629003999999995,,,,2,2023-06-17T02:43:22+00:00
SAO_5791-10,São Paulo,3550308,True,,33375,,,-23.702278999999997,-46.626408,,,,2,2023-06-17T02:44:05+00:00
SAO_5791-10,São Paulo,3550308,True,,33375,,,-23.587773,-46.634743,,,,2,2023-06-17T02:44:27+00:00
SAO_5791-10,São Paulo,3550308,True,,33375,,,-23.694097999999997,-46.64625100000001,,,,2,2023-06-17T02:44:31+00:00
SAO_5791-10,São Paulo,3550308,True,,33375,,,-23.69990325,-46.6443075,,,,2,2023-06-17T02:44:37+00:00
SAO_2735-10,São Paulo,3550308,True,,34689,,,-23.481342,-46.49426675,,,,2,2023-06-17T02:44:29+00:00
SAO_2735-10,São Paulo,3550308,True,,34689,,,-23.533645,-46.545297,,,,2,2023-06-17T02:44:30+00:00
SAO_2735-10,São Paulo,3550308,True,,34689,,,-23.512133499999997,-46.550967,,,,2,2023-06-17T02:43:13+00:00
SAO_2735-10,São Paulo,3550308,True,,34689,,,-23.481342,-46.49426675,,,,2,2023-06-17T02:43:18+00:00
SAO_2735-10,São Paulo,3550308,True,,34689,,,-23.48108,-46.49439625,,,,2,2023-06-17T02:44:05+00:00
SAO_2735-10,São Paulo,3550308,True,,34689,,,-23.5000145,-46.5249425,,,,2,2023-06-17T02:43:48+00:00
SAO_4033-10,São Paulo,3550308,True,,33871,,,-23.612435,-46.4811885,,,,2,2023-06-17T02:44:15+00:00
SAO_4033-10,São Paulo,3550308,True,,33871,,,-23.615071,-46.45224475,,,,2,2023-06-17T02:44:11+00:00
SAO_4033-10,São Paulo,3550308,True,,33871,,,-23.6026185,-46.5418835,,,,2,2023-06-17T02:44:30+00:00
SAO_4033-10,São Paulo,3550308,True,,33871,,,-23.623203,-46.4618655,,,,2,2023-06-17T02:44:14+00:00
SAO_4033-10,São Paulo,3550308,True,,33871,,,-23.612582,-46.479593,,,,2,2023-06-17T02:44:23+00:00
SAO_4033-10,São Paulo,3550308,True,,33871,,,-23.599715,-46.5286805,,,,2,2023-06-17T02:44:33+00:00
SAO_4033-10,São Paulo,3550308,True,,33871,,,-23.5945465,-46.504398249999994,,,,2,2023-06-17T02:44:01+00:00
SAO_4033-10,São Paulo,3550308,True,,33871,,,-23.60091475,-46.53938225,,,,2,2023-06-17T02:44:31+00:00
SAO_6006-10,São Paulo,3550308,True,,32943,,,-23.667364,-46.680078,,,,2,2023-06-17T02:44:22+00:00
SAO_6006-10,São Paulo,3550308,True,,32943,,,-23.68257,-46.749204000000006,,,,2,2023-06-17T02:44:03+00:00
SAO_6006-10,São Paulo,3550308,True,,32943,,,-23.667364,-46.680078,,,,2,2023-06-17T02:44:35+00:00
SAO_6006-10,São Paulo,3550308,True,,32943,,,-23.6675375,-46.730432,,,,2,2023-06-17T02:44:22+00:00
SAO_6006-10,São Paulo,3550308,True,,32943,,,-23.69155525,-46.75782125,,,,2,2023-06-17T02:44:25+00:00
SAO_7016-10,São Paulo,3550308,True,,2118,,,-23.688173499999998,-46.773318,,,,1,2023-06-17T02:44:18+00:00
SAO_7016-10,São Paulo,3550308,True,,2118,,,-23.653890625,-46.71154075,,,,1,2023-06-17T02:44:36+00:00
SAO_7016-10,São Paulo,3550308,True,,2118,,,-23.667369,-46.728165,,,,1,2023-06-17T02:41:42+00:00
SAO_2702-10,São Paulo,3550308,True,,33682,,,-23.524883375,-46.474853625,,,,2,2023-06-17T02:44:36+00:00
SAO_2702-10,São Paulo,3550308,True,,33682,,,-23.495477,-46.4449435,,,,2,2023-06-17T02:44:22+00:00
SAO_2702-10,São Paulo,3550308,True,,33682,,,-23.50001375,-46.4690895,,,,2,2023-06-17T02:39:03+00:00
SAO_2702-10,São Paulo,3550308,True,,33682,,,-23.540101,-46.483252,,,,2,2023-06-17T02:43:56+00:00
SAO_2702-10,São Paulo,3550308,True,,33682,,,-23.504635,-46.473425,,,,2,2023-06-17T02:41:12+00:00
SAO_2702-10,São Paulo,3550308,True,,33682,,,-23.4953915,-46.444759000000005,,,,2,2023-06-17T02:43:35+00:00
SAO_271A-10,São Paulo,3550308,True,STT,702,https://moovitapp.com/index/pt-br/transporte_p%C3%BAblico-line-702-Sao_Paulo-242-850661-641780-0,5.3,-23.518916500000003,-46.546872500000006,,,,1,2023-06-17T02:44:04+00:00
SAO_271A-10,São Paulo,3550308,True,STT,702,https://moovitapp.com/index/pt-br/transporte_p%C3%BAblico-line-702-Sao_Paulo-242-850661-641780-0,5.3,-23.518738,-46.5467745,,,,1,2023-06-17T02:44:07+00:00
SAO_271A-10,São Paulo,3550308,True,STT,702,https://moovitapp.com/index/pt-br/transporte_p%C3%BAblico-line-702-Sao_Paulo-242-850661-641780-0,5.3,-23.52687625,-46.554301375,,,,1,2023-06-17T02:44:28+00:00
SAO_271A-10,São Paulo,3550308,True,STT,702,https://moovitapp.com/index/pt-br/transporte_p%C3%BAblico-line-702-Sao_Paulo-242-850661-641780-0,5.3,-23.518916500000003,-46.546872500000006,,,,1,2023-06-17T02:42:20+00:00
SAO_1788-10,São Paulo,3550308,True,,33421,,,-23.4308935,-46.575003499999994,,,,2,2023-06-17T02:44:05+00:00
SAO_1788-10,São Paulo,3550308,True,,33421,,,-23.430746499999998,-46.574617,,,,2,2023-06-17T02:44:09+00:00
SAO_1788-10,São Paulo,3550308,True,,33421,,,-23.484425,-46.6149805,,,,2,2023-06-17T02:43:55+00:00
SAO_1788-10,São Paulo,3550308,True,,33421,,,-23.4490735,-46.5883325,,,,2,2023-06-17T02:44:35+00:00
SAO_1788-10,São Paulo,3550308,True,,33421,,,-23.4308935,-46.575003499999994,,,,2,2023-06-17T02:44:22+00:00
SAO_1788-10,São Paulo,3550308,True,,33421,,,-23.430848,-46.5747845,,,,2,2023-06-17T02:44:09+00:00
SAO_677Y-10,São Paulo,3550308,True,,34008,,,-23.618639,-46.698298,,,,2,2023-06-17T02:44:41+00:00
SAO_677Y-10,São Paulo,3550308,True,,34008,,,-23.682366000000002,-46.7972355,,,,2,2023-06-17T02:44:30+00:00
SAO_677Y-10,São Paulo,3550308,True,,34008,,,-23.650424,-46.756618,,,,2,2023-06-17T02:44:04+00:00
SAO_677Y-10,São Paulo,3550308,True,,34008,,,-23.6662345,-46.771350999999996,,,,2,2023-06-17T02:44:37+00:00
SAO_677Y-10,São Paulo,3550308,True,,34008,,,-23.61712025,-46.695218,,,,2,2023-06-17T02:44:36+00:00
SAO_8542-21,São Paulo,3550308,True,,34129,,,-23.4726875,-46.7023155,,,,2,2023-06-17T02:43:59+00:00
SAO_8542-21,São Paulo,3550308,True,,34129,,,-23.472990000000003,-46.702344499999995,,,,2,2023-06-17T02:44:11+00:00
SAO_8542-21,São Paulo,3550308,True,,34129,,,-23.506232,-46.688947,,,,2,2023-06-17T02:44:12+00:00
SAO_8542-21,São Paulo,3550308,True,,34129,,,-23.4871485,-46.685054375,,,,2,2023-06-17T02:43:58+00:00
SAO_8542-21,São Paulo,3550308,True,,34129,,,-23.472990000000003,-46.702344499999995,,,,2,2023-06-17T02:44:22+00:00
SAO_8542-21,São Paulo,3550308,True,,34129,,,-23.473467499999998,-46.698116999999996,,,,2,2023-06-17T02:44:33+00:00
SAO_8542-21,São Paulo,3550308,True,,34129,,,-23.519997500000002,-46.6994715,,,,2,2023-06-17T02:44:12+00:00
SAO_8542-21,São Paulo,3550308,True,,34129,,,-23.4731155,-46.7023935,,,,2,2023-06-17T02:44:06+00:00
SAO_516N-10,São Paulo,3550308,True,,33034,,,-23.614045500000003,-46.6788745,,,,2,2023-06-17T02:44:39+00:00
SAO_516N-10,São Paulo,3550308,True,,33034,,,-23.689969249999997,-46.649679000000006,,,,2,2023-06-17T02:44:00+00:00
SAO_516N-10,São Paulo,3550308,True,,33034,,,-23.69389425,-46.64531675,,,,2,2023-06-17T02:44:20+00:00
SAO_516N-10,São Paulo,3550308,True,,33034,,,-23.69262825,-46.64775775,,,,2,2023-06-17T02:43:01+00:00
SAO_516N-10,São Paulo,3550308,True,,33034,,,-23.6921795,-46.644431999999995,,,,2,2023-06-17T02:44:38+00:00
SAO_516N-10,São Paulo,3550308,True,,33034,,,-23.689969249999997,-46.649679000000006,,,,2,2023-06-17T02:44:16+00:00
SAO_516N-10,São Paulo,3550308,True,,33034,,,-23.664265,-46.6603705,,,,2,2023-06-17T02:42:04+00:00
SAO_516N-10,São Paulo,3550308,True,,33034,,,-23.6915345,-46.648147,,,,2,2023-06-17T02:43:57+00:00
SAO_516N-10,São Paulo,3550308,True,,33034,,,-23.690199749999998,-46.649609,,,,2,2023-06-17T02:44:36+00:00
SAO_516N-10,São Paulo,3550308,True,,33034,,,-23.588172375,-46.676708250000004,,,,2,2023-06-17T02:44:21+00:00
SAO_516N-10,São Paulo,3550308,True,,33034,,,-23.59147325,-46.6727035,,,,2,2023-06-17T02:44:16+00:00
SAO_516N-10,São Paulo,3550308,True,,33034,,,-23.688044,-46.63901275,,,,2,2023-06-17T02:44:21+00:00
SAO_1760-10,São Paulo,3550308,True,,33325,,,-23.4639165,-46.663722,,,,2,2023-06-17T02:44:26+00:00
SAO_1760-10,São Paulo,3550308,True,,33325,,,-23.508814,-46.6161945,,,,2,2023-06-17T02:44:11+00:00
SAO_1760-10,São Paulo,3550308,True,,33325,,,-23.457146,-46.659533249999996,,,,2,2023-06-17T02:44:00+00:00
SAO_1760-10,São Paulo,3550308,True,,33325,,,-23.457126,-46.65923775,,,,2,2023-06-17T02:44:23+00:00
SAO_978T-10,São Paulo,3550308,True,,889,,,-23.490751500000002,-46.6945085,,,,1,2023-06-17T02:44:07+00:00
SAO_978T-10,São Paulo,3550308,True,,889,,,-23.5035855,-46.694064,,,,1,2023-06-17T02:44:24+00:00
SAO_978T-10,São Paulo,3550308,True,,889,,,-23.5312165,-46.67845,,,,1,2023-06-17T02:44:24+00:00
SAO_978T-10,São Paulo,3550308,True,,889,,,-23.4725665,-46.6912475,,,,1,2023-06-17T02:44:06+00:00
SAO_978T-10,São Paulo,3550308,True,,889,,,-23.504936999999998,-46.6902465,,,,1,2023-06-17T02:44:24+00:00
SAO_978T-10,São Paulo,3550308,True,,889,,,-23.5291835,-46.683337124999994,,,,1,2023-06-17T02:44:22+00:00
SAO_978T-10,São Paulo,3550308,True,,889,,,-23.5288975,-46.683806625,,,,1,2023-06-17T02:43:56+00:00
SAO_978T-10,São Paulo,3550308,True,,889,,,-23.5049275,-46.689317,,,,1,2023-06-17T02:43:59+00:00
SAO_978T-10,São Paulo,3550308,True,,889,,,-23.5238175,-46.70002075000001,,,,1,2023-06-17T02:44:07+00:00
SAO_978T-10,São Paulo,3550308,True,,889,,,-23.523787875,-46.701026125,,,,1,2023-06-17T02:44:33+00:00
SAO_978T-10,São Paulo,3550308,True,,889,,,-23.4592925,-46.695424,,,,1,2023-06-17T02:44:30+00:00
SAO_978T-10,São Paulo,3550308,True,,889,,,-23.51326625,-46.690701250000004,,,,1,2023-06-17T02:44:27+00:00
SAO_978T-10,São Paulo,3550308,True,,889,,,-23.5308065,-46.677728,,,,1,2023-06-17T02:44:31+00:00
SAO_978T-10,São Paulo,3550308,True,,889,,,-23.4820725,-46.6921595,,,,1,2023-06-17T02:44:21+00:00
SAO_1705-10,São Paulo,3550308,True,,33617,,,-23.445498,-46.58982,,,,2,2023-06-17T02:44:06+00:00
SAO_1705-10,São Paulo,3550308,True,,33617,,,-23.445322,-46.586657,,,,2,2023-06-17T02:44:37+00:00
SAO_1705-10,São Paulo,3550308,True,,33617,,,-23.4498215,-46.5889725,,,,2,2023-06-17T02:44:29+00:00
SAO_1705-10,São Paulo,3550308,True,,33617,,,-23.480548,-46.602700999999996,,,,2,2023-06-17T02:42:13+00:00
SAO_1705-10,São Paulo,3550308,True,,33617,,,-23.443863999999998,-46.5901045,,,,2,2023-06-17T02:44:10+00:00
SAO_1705-10,São Paulo,3550308,True,,33617,,,-23.4338605,-46.584293,,,,2,2023-06-17T02:44:20+00:00
SAO_1705-10,São Paulo,3550308,True,,33617,,,-23.4556325,-46.590016000000006,,,,2,2023-06-17T02:44:28+00:00
SAO_1705-10,São Paulo,3550308,True,,33617,,,-23.4347015,-46.584086,,,,2,2023-06-17T02:43:02+00:00
SAO_1705-10,São Paulo,3550308,True,,33617,,,-23.433735624999997,-46.5844345,,,,2,2023-06-17T02:44:17+00:00
SAO_695V-10,São Paulo,3550308,True,,8,,,-23.643682,-46.7423945,,,,1,2023-06-17T02:44:23+00:00
SAO_695V-10,São Paulo,3550308,True,,8,,,-23.654617,-46.762697,,,,1,2023-06-17T02:44:18+00:00
SAO_695V-10,São Paulo,3550308,True,,8,,,-23.596426,-46.650729999999996,,,,1,2023-06-17T02:44:01+00:00
SAO_1701-10,São Paulo,3550308,True,,33613,,,-23.447903750000002,-46.57596337499999,,,,2,2023-06-17T02:44:33+00:00
SAO_1701-10,São Paulo,3550308,True,,33613,,,-23.466322750000003,-46.587209,,,,2,2023-06-17T02:44:05+00:00
SAO_1701-10,São Paulo,3550308,True,,33613,,,-23.466322750000003,-46.587209,,,,2,2023-06-17T02:43:58+00:00
SAO_1701-10,São Paulo,3550308,True,,33613,,,-23.5037955,-46.6213065,,,,2,2023-06-17T02:44:10+00:00
SAO_1701-10,São Paulo,3550308,True,,33613,,,-23.447903750000002,-46.57596337499999,,,,2,2023-06-17T02:44:26+00:00
SAO_1701-10,São Paulo,3550308,True,,33613,,,-23.4612935,-46.5857565,,,,2,2023-06-17T02:44:19+00:00
SAO_3787-10,São Paulo,3550308,True,,1612,,,-23.5423925,-46.4697755,,,,1,2023-06-17T02:42:18+00:00
SAO_3787-10,São Paulo,3550308,True,,1612,,,-23.59139375,-46.41675024999999,,,,1,2023-06-17T02:43:56+00:00
SAO_3787-10,São Paulo,3550308,True,,1612,,,-23.549853499999998,-46.4585445,,,,1,2023-06-17T02:44:12+00:00
SAO_3787-10,São Paulo,3550308,True,,1612,,,-23.55587225,-46.452326750000005,,,,1,2023-06-17T02:44:29+00:00
SAO_3787-10,São Paulo,3550308,True,,1612,,,-23.600921,-46.399572000000006,,,,1,2023-06-17T02:44:05+00:00
SAO_3787-10,São Paulo,3550308,True,,1612,,,-23.578772,-46.442948375,,,,1,2023-06-17T02:44:11+00:00
SAO_3099-10,São Paulo,3550308,True,,33847,,,-23.607557625,-46.442097000000004,,,,2,2023-06-17T02:44:12+00:00
SAO_3099-10,São Paulo,3550308,True,,33847,,,-23.606688,-46.442940500000006,,,,2,2023-06-17T02:44:08+00:00
SAO_3099-10,São Paulo,3550308,True,,33847,,,-23.6125095,-46.4445395,,,,2,2023-06-17T02:44:05+00:00
SAO_3099-10,São Paulo,3550308,True,,33847,,,-23.613286000000002,-46.4441805,,,,2,2023-06-17T02:44:19+00:00
SAO_3099-10,São Paulo,3550308,True,,33847,,,-23.613286000000002,-46.4441805,,,,2,2023-06-17T02:44:04+00:00
SAO_3099-10,São Paulo,3550308,True,,33847,,,-23.611579,-46.454283000000004,,,,2,2023-06-17T02:44:02+00:00
SAO_3099-10,São Paulo,3550308,True,,33847,,,-23.613286000000002,-46.4441805,,,,2,2023-06-17T02:44:09+00:00
SAO_3099-10,São Paulo,3550308,True,,33847,,,-23.6084355,-46.451368,,,,2,2023-06-17T02:44:39+00:00
SAO_3031-10,São Paulo,3550308,True,,33735,,,-23.608716,-46.452736,,,,2,2023-06-17T02:44:24+00:00
SAO_3031-10,São Paulo,3550308,True,,33735,,,-23.6129015,-46.444473,,,,2,2023-06-17T02:44:03+00:00
SAO_3031-10,São Paulo,3550308,True,,33735,,,-23.569903500000002,-46.4473195,,,,2,2023-06-17T02:44:26+00:00
SAO_3031-10,São Paulo,3550308,True,,33735,,,-23.544691750000002,-46.46327125,,,,2,2023-06-17T02:44:15+00:00
SAO_3031-10,São Paulo,3550308,True,,33735,,,-23.612834499999998,-46.444575,,,,2,2023-06-17T02:43:56+00:00
SAO_3031-10,São Paulo,3550308,True,,33735,,,-23.56947,-46.4484655,,,,2,2023-06-17T02:44:03+00:00
SAO_3031-10,São Paulo,3550308,True,,33735,,,-23.5430545,-46.470682999999994,,,,2,2023-06-17T02:44:38+00:00
SAO_3031-10,São Paulo,3550308,True,,33735,,,-23.597915999999998,-46.439552500000005,,,,2,2023-06-17T02:44:19+00:00
SAO_2590-10,São Paulo,3550308,True,,912,,,-23.5063685,-46.541430500000004,,,,1,2023-06-17T02:43:33+00:00
SAO_2590-10,São Paulo,3550308,True,,912,,,-23.546543999999997,-46.631561000000005,,,,1,2023-06-17T02:44:19+00:00
SAO_2590-10,São Paulo,3550308,True,,912,,,-23.53916175,-46.6078665,,,,1,2023-06-17T02:43:32+00:00
SAO_2590-10,São Paulo,3550308,True,,912,,,-23.4829785,-46.467121,,,,1,2023-06-17T02:43:20+00:00
SAO_2590-10,São Paulo,3550308,True,,912,,,-23.530310500000002,-46.5558595,,,,1,2023-06-17T02:44:30+00:00
SAO_2590-10,São Paulo,3550308,True,,912,,,-23.483839,-46.4744125,,,,1,2023-06-17T02:43:53+00:00
SAO_745M-10,São Paulo,3550308,True,,33550,,,-23.669123750000004,-46.7350165,,,,2,2023-06-17T02:43:58+00:00
SAO_745M-10,São Paulo,3550308,True,,33550,,,-23.674899500000002,-46.748306,,,,2,2023-06-17T02:44:39+00:00
SAO_745M-10,São Paulo,3550308,True,,33550,,,-23.631020250000002,-46.76738775,,,,2,2023-06-17T02:44:25+00:00
SAO_745M-10,São Paulo,3550308,True,,33550,,,-23.6597325,-46.7753295,,,,2,2023-06-17T02:40:20+00:00
SAO_745M-10,São Paulo,3550308,True,,33550,,,-23.630817,-46.767892,,,,2,2023-06-17T02:44:04+00:00
SAO_745M-10,São Paulo,3550308,True,,33550,,,-23.630817,-46.767892,,,,2,2023-06-17T02:43:59+00:00
SAO_745M-10,São Paulo,3550308,True,,33550,,,-23.672059625000003,-46.701968875,,,,2,2023-06-17T02:44:25+00:00
SAO_745M-10,São Paulo,3550308,True,,33550,,,-23.630615499999998,-46.768413,,,,2,2023-06-17T02:44:13+00:00
SAO_745M-10,São Paulo,3550308,True,,33550,,,-23.630817,-46.767892,,,,2,2023-06-17T02:43:57+00:00
SAO_745M-10,São Paulo,3550308,True,,33550,,,-23.630699,-46.768204,,,,2,2023-06-17T02:44:22+00:00
SAO_745M-10,São Paulo,3550308,True,,33550,,,-23.667395,-46.774474,,,,2,2023-06-17T02:44:04+00:00
SAO_745M-10,São Paulo,3550308,True,,33550,,,-23.6683575,-46.7355065,,,,2,2023-06-17T02:44:07+00:00
SAO_6001-10,São Paulo,3550308,True,,32820,,,-23.654408500000002,-46.762060999999996,,,,2,2023-06-17T02:44:14+00:00
SAO_6001-10,São Paulo,3550308,True,,32820,,,-23.645891,-46.7467405,,,,2,2023-06-17T02:44:23+00:00
SAO_7181-10,São Paulo,3550308,True,,1332,,,-23.575537,-46.678396,,,,1,2023-06-17T02:44:32+00:00
SAO_4013-10,São Paulo,3550308,True,,34954,,,-23.6249245,-46.4613025,,,,2,2023-06-17T02:44:03+00:00
SAO_4013-10,São Paulo,3550308,True,,34954,,,-23.632661,-46.442702,,,,2,2023-06-17T02:44:08+00:00
SAO_6050-10,São Paulo,3550308,True,,33993,,,-23.751247499999998,-46.6781955,,,,2,2023-06-17T02:44:04+00:00
SAO_6050-10,São Paulo,3550308,True,,33993,,,-23.735712499999998,-46.69611125,,,,2,2023-06-17T02:44:17+00:00
SAO_6050-10,São Paulo,3550308,True,,33993,,,-23.7547125,-46.6798115,,,,2,2023-06-17T02:44:31+00:00
SAO_8028-10,São Paulo,3550308,True,,35300,,,-23.61605625,-46.705338499999996,,,,2,2023-06-17T02:44:17+00:00
SAO_8028-10,São Paulo,3550308,True,,35300,,,-23.6222185,-46.7278965,,,,2,2023-06-17T02:43:57+00:00
SAO_8028-10,São Paulo,3550308,True,,35300,,,-23.598816499999998,-46.719355,,,,2,2023-06-17T02:44:29+00:00
SAO_8028-10,São Paulo,3550308,True,,35300,,,-23.6222185,-46.7278965,,,,2,2023-06-17T02:44:07+00:00
SAO_8028-10,São Paulo,3550308,True,,35300,,,-23.6038425,-46.712644499999996,,,,2,2023-06-17T02:44:37+00:00
SAO_425E-10,São Paulo,3550308,True,,34404,,,-23.614544,-46.500679,,,,2,2023-06-17T02:44:34+00:00
SAO_425E-10,São Paulo,3550308,True,,34404,,,-23.614496,-46.500415000000004,,,,2,2023-06-17T02:43:58+00:00
SAO_7013-10,São Paulo,3550308,True,,775,,,-23.59203575,-46.735672,,,,1,2023-06-17T02:44:33+00:00
SAO_7013-10,São Paulo,3550308,True,,775,,,-23.6304595,-46.756496999999996,,,,1,2023-06-17T02:44:17+00:00
SAO_7013-10,São Paulo,3550308,True,,775,,,-23.639982,-46.749115,,,,1,2023-06-17T02:44:40+00:00
SAO_8032-10,São Paulo,3550308,True,,35313,,,-23.5522845,-46.72983599999999,,,,2,2023-06-17T02:44:24+00:00
SAO_8032-10,São Paulo,3550308,True,,35313,,,-23.570489625,-46.7111315,,,,2,2023-06-17T02:44:31+00:00
SAO_8622-10,São Paulo,3550308,True,EMTU,438,https://moovitapp.com/index/pt-br/transporte_p%C3%BAblico-line-438-Sao_Paulo-242-2038937-36419488-0,7.65,-23.4467935,-46.798595,,,,1,2023-06-17T02:43:40+00:00
SAO_8622-10,São Paulo,3550308,True,EMTU,438,https://moovitapp.com/index/pt-br/transporte_p%C3%BAblico-line-438-Sao_Paulo-242-2038937-36419488-0,7.65,-23.509059,-46.732925,,,,1,2023-06-17T02:44:39+00:00
SAO_8622-10,São Paulo,3550308,True,EMTU,438,https://moovitapp.com/index/pt-br/transporte_p%C3%BAblico-line-438-Sao_Paulo-242-2038937-36419488-0,7.65,-23.432118687499997,-46.786837625000004,,,,1,2023-06-17T02:44:11+00:00
SAO_8622-10,São Paulo,3550308,True,EMTU,438,https://moovitapp.com/index/pt-br/transporte_p%C3%BAblico-line-438-Sao_Paulo-242-2038937-36419488-0,7.65,-23.524919125000004,-46.699054749999995,,,,1,2023-06-17T02:44:15+00:00
SAO_8622-10,São Paulo,3550308,True,EMTU,438,https://moovitapp.com/index/pt-br/transporte_p%C3%BAblico-line-438-Sao_Paulo-242-2038937-36419488-0,7.65,-23.434485125000002,-46.786480624999996,,,,1,2023-06-17T02:44:28+00:00
SAO_2182-10,São Paulo,3550308,True,,33468,,,-23.4819775,-46.571059500000004,,,,2,2023-06-17T02:44:07+00:00
SAO_2182-10,São Paulo,3550308,True,,33468,,,-23.512772874999996,-46.58506425,,,,2,2023-06-17T02:44:03+00:00
SAO_2182-10,São Paulo,3550308,True,,33468,,,-23.4819775,-46.571059500000004,,,,2,2023-06-17T02:44:21+00:00
SAO_2182-10,São Paulo,3550308,True,,33468,,,-23.498174249999998,-46.57399975,,,,2,2023-06-17T02:44:23+00:00
SAO_2182-10,São Paulo,3550308,True,,33468,,,-23.4817665,-46.57117050000001,,,,2,2023-06-17T02:44:11+00:00
SAO_2182-10,São Paulo,3550308,True,,33468,,,-23.481508499999997,-46.571411,,,,2,2023-06-17T02:44:33+00:00
SAO_4027-10,São Paulo,3550308,True,,33865,,,-23.610221000000003,-46.476755125,,,,2,2023-06-17T02:44:40+00:00
SAO_4027-10,São Paulo,3550308,True,,33865,,,-23.593152,-46.4890015,,,,2,2023-06-17T02:44:11+00:00
SAO_4027-10,São Paulo,3550308,True,,33865,,,-23.5931925,-46.489129500000004,,,,2,2023-06-17T02:43:59+00:00
SAO_4027-10,São Paulo,3550308,True,,33865,,,-23.629197249999997,-46.44454075,,,,2,2023-06-17T02:44:07+00:00
SAO_4027-10,São Paulo,3550308,True,,33865,,,-23.641898,-46.438882500000005,,,,2,2023-06-17T02:44:32+00:00
SAO_4027-10,São Paulo,3550308,True,,33865,,,-23.641898,-46.438882500000005,,,,2,2023-06-17T02:44:16+00:00
SAO_4027-10,São Paulo,3550308,True,,33865,,,-23.621560000000002,-46.465959,,,,2,2023-06-17T02:44:37+00:00
SAO_4027-10,São Paulo,3550308,True,,33865,,,-23.5932235,-46.489228999999995,,,,2,2023-06-17T02:44:00+00:00
SAO_930P-10,São Paulo,3550308,True,,2115,,,-23.565806000000002,-46.7018425,,,,1,2023-06-17T02:44:20+00:00
SAO_930P-10,São Paulo,3550308,True,,2115,,,-23.5465655,-46.630341,,,,1,2023-06-17T02:44:14+00:00
SAO_930P-10,São Paulo,3550308,True,,2115,,,-23.546547124999996,-46.637947499999996,,,,1,2023-06-17T02:43:55+00:00
SAO_930P-10,São Paulo,3550308,True,,2115,,,-23.5630625,-46.6653895,,,,1,2023-06-17T02:44:29+00:00
SAO_819A-10,São Paulo,3550308,True,,33571,,,-23.4775785,-46.671356249999995,,,,2,2023-06-17T02:44:20+00:00
SAO_819A-10,São Paulo,3550308,True,,33571,,,-23.452863999999998,-46.74307,,,,2,2023-06-17T02:44:23+00:00
SAO_819A-10,São Paulo,3550308,True,,33571,,,-23.4397915,-46.708363500000004,,,,2,2023-06-17T02:44:11+00:00
SAO_819A-10,São Paulo,3550308,True,,33571,,,-23.438522749999997,-46.749052,,,,2,2023-06-17T02:44:13+00:00
SAO_819A-10,São Paulo,3550308,True,,33571,,,-23.4655835,-46.6794295,,,,2,2023-06-17T02:44:26+00:00
SAO_819A-10,São Paulo,3550308,True,,33571,,,-23.478775999999996,-46.67217925,,,,2,2023-06-17T02:44:09+00:00
SAO_819A-10,São Paulo,3550308,True,,33571,,,-23.4604925,-46.68437,,,,2,2023-06-17T02:44:08+00:00
SAO_819A-10,São Paulo,3550308,True,,33571,,,-23.436144,-46.748596,,,,2,2023-06-17T02:44:10+00:00
SAO_819A-10,São Paulo,3550308,True,,33571,,,-23.434392250000002,-46.7191545,,,,2,2023-06-17T02:44:08+00:00
SAO_819A-10,São Paulo,3550308,True,,33571,,,-23.4387105,-46.748492,,,,2,2023-06-17T02:43:57+00:00
SAO_819A-10,São Paulo,3550308,True,,33571,,,-23.4386675,-46.748738,,,,2,2023-06-17T02:44:04+00:00
SAO_819A-10,São Paulo,3550308,True,,33571,,,-23.4557005,-46.6930005,,,,2,2023-06-17T02:44:00+00:00
SAO_819A-10,São Paulo,3550308,True,,33571,,,-23.452272,-46.699917,,,,2,2023-06-17T02:44:17+00:00
SAO_819A-10,São Paulo,3550308,True,,33571,,,-23.448957999999998,-46.74227325,,,,2,2023-06-17T02:44:11+00:00
SAO_819A-10,São Paulo,3550308,True,,33571,,,-23.487828999999998,-46.674853999999996,,,,2,2023-06-17T02:44:27+00:00
SAO_819A-10,São Paulo,3550308,True,,33571,,,-23.437854,-46.749644,,,,2,2023-06-17T02:44:31+00:00
SAO_819A-10,São Paulo,3550308,True,,33571,,,-23.478277374999998,-46.671828625,,,,2,2023-06-17T02:44:17+00:00
SAO_476G-10,São Paulo,3550308,True,,1111,,,-23.586046875,-46.635233,,,,1,2023-06-17T02:44:05+00:00
SAO_476G-10,São Paulo,3550308,True,,1111,,,-23.580507000000004,-46.613429249999996,,,,1,2023-06-17T02:44:30+00:00
SAO_476G-10,São Paulo,3550308,True,,1111,,,-23.5923115,-46.64702,,,,1,2023-06-17T02:44:02+00:00
SAO_476G-10,São Paulo,3550308,True,,1111,,,-23.6143955,-46.504852,,,,1,2023-06-17T02:43:01+00:00
SAO_476G-10,São Paulo,3550308,True,,1111,,,-23.6038615,-46.5379185,,,,1,2023-06-17T02:39:53+00:00
SAO_6816-10,São Paulo,3550308,True,,32794,,,-23.648725,-46.784729,,,,2,2023-06-17T02:44:19+00:00
SAO_6816-10,São Paulo,3550308,True,,32794,,,-23.6591095,-46.766191,,,,2,2023-06-17T02:44:01+00:00
SAO_8300-1,São Paulo,3550308,True,,35275,,,-23.52087225,-46.70017,,,,2,2023-06-17T02:43:54+00:00
SAO_8300-1,São Paulo,3550308,True,,35275,,,-23.520215999999998,-46.700196000000005,,,,2,2023-06-17T02:44:12+00:00
SAO_978L-10,São Paulo,3550308,True,EMTU,466,https://moovitapp.com/index/pt-br/transporte_p%C3%BAblico-line-466-Sao_Paulo-242-2038937-72712754-0,5.4,-23.474802500000003,-46.66820249999999,,,,1,2023-06-17T02:43:58+00:00
SAO_978L-10,São Paulo,3550308,True,EMTU,466,https://moovitapp.com/index/pt-br/transporte_p%C3%BAblico-line-466-Sao_Paulo-242-2038937-72712754-0,5.4,-23.539748000000003,-46.648818,,,,1,2023-06-17T02:44:31+00:00
SAO_5109-10,São Paulo,3550308,True,,34619,,,-23.547353,-46.6287365,,,,2,2023-06-17T02:43:55+00:00
SAO_5109-10,São Paulo,3550308,True,,34619,,,-23.547353,-46.6287365,,,,2,2023-06-17T02:44:27+00:00
SAO_5109-10,São Paulo,3550308,True,,34619,,,-23.547036,-46.628932,,,,2,2023-06-17T02:44:07+00:00
SAO_5109-10,São Paulo,3550308,True,,34619,,,-23.557458187499996,-46.618697125,,,,2,2023-06-17T02:44:08+00:00
SAO_6037-10,São Paulo,3550308,True,,1215,,,-23.653551,-46.777357,,,,1,2023-06-17T02:44:08+00:00
SAO_6037-10,São Paulo,3550308,True,,1215,,,-23.64209925,-46.710427499999994,,,,1,2023-06-17T02:44:16+00:00
SAO_6037-10,São Paulo,3550308,True,,1215,,,-23.6479635,-46.747952999999995,,,,1,2023-06-17T02:44:40+00:00
SAO_6037-10,São Paulo,3550308,True,,1215,,,-23.649607000000003,-46.707680499999995,,,,1,2023-06-17T02:44:05+00:00
SAO_2731-10,São Paulo,3550308,True,,33714,,,-23.5282755,-46.4487675,,,,2,2023-06-17T02:41:58+00:00
SAO_2731-10,São Paulo,3550308,True,,33714,,,-23.534701,-46.453723499999995,,,,2,2023-06-17T02:43:31+00:00
SAO_2731-10,São Paulo,3550308,True,,33714,,,-23.51780475,-46.439271000000005,,,,2,2023-06-17T02:44:07+00:00
SAO_8006-10,São Paulo,3550308,True,,1256,,,-23.4325535,-46.72980325,,,,1,2023-06-17T02:44:09+00:00
SAO_8006-10,São Paulo,3550308,True,,1256,,,-23.431503,-46.729533,,,,1,2023-06-17T02:43:52+00:00
SAO_407N-10,São Paulo,3550308,True,,2169,,,-23.550654,-46.522548,,,,1,2023-06-17T02:44:22+00:00
SAO_407N-10,São Paulo,3550308,True,,2169,,,-23.586699250000002,-46.484468,,,,1,2023-06-17T02:44:27+00:00
SAO_407N-10,São Paulo,3550308,True,,2169,,,-23.594662999999997,-46.4453185,,,,1,2023-06-17T02:44:17+00:00
SAO_407N-10,São Paulo,3550308,True,,2169,,,-23.583433999999997,-46.406986,,,,1,2023-06-17T02:44:38+00:00
SAO_407N-10,São Paulo,3550308,True,,2169,,,-23.5940565,-46.4221105,,,,1,2023-06-17T02:43:16+00:00
SAO_9023-10,São Paulo,3550308,True,,34205,,,-23.419657,-46.716916499999996,,,,2,2023-06-17T02:43:04+00:00
SAO_9023-10,São Paulo,3550308,True,,34205,,,-23.46633,-46.723809,,,,2,2023-06-17T02:44:19+00:00
SAO_9023-10,São Paulo,3550308,True,,34205,,,-23.446490249999997,-46.714673250000004,,,,2,2023-06-17T02:44:17+00:00
SAO_9023-10,São Paulo,3550308,True,,34205,,,-23.432848,-46.713108500000004,,,,2,2023-06-17T02:44:19+00:00
SAO_9023-10,São Paulo,3550308,True,,34205,,,-23.463874500000003,-46.720903500000006,,,,2,2023-06-17T02:44:17+00:00
SAO_9023-10,São Paulo,3550308,True,,34205,,,-23.419681500000003,-46.716796,,,,2,2023-06-17T02:44:06+00:00
SAO_9023-10,São Paulo,3550308,True,,34205,,,-23.419681500000003,-46.716796,,,,2,2023-06-17T02:39:36+00:00
SAO_746C-10,São Paulo,3550308,True,STT,783,https://moovitapp.com/index/pt-br/transporte_p%C3%BAblico-line-783-Sao_Paulo-242-850661-183351-0,5.3,-23.6089835,-46.751324999999994,,,,1,2023-06-17T02:44:27+00:00
SAO_746C-10,São Paulo,3550308,True,STT,783,https://moovitapp.com/index/pt-br/transporte_p%C3%BAblico-line-783-Sao_Paulo-242-850661-183351-0,5.3,-23.649848,-46.7090275,,,,1,2023-06-17T02:44:31+00:00
SAO_746C-10,São Paulo,3550308,True,STT,783,https://moovitapp.com/index/pt-br/transporte_p%C3%BAblico-line-783-Sao_Paulo-242-850661-183351-0,5.3,-23.6498405,-46.707801,,,,1,2023-06-17T02:44:18+00:00
SAO_746C-10,São Paulo,3550308,True,STT,783,https://moovitapp.com/index/pt-br/transporte_p%C3%BAblico-line-783-Sao_Paulo-242-850661-183351-0,5.3,-23.619319500000003,-46.742773,,,,1,2023-06-17T02:44:28+00:00
SAO_746C-10,São Paulo,3550308,True,STT,783,https://moovitapp.com/index/pt-br/transporte_p%C3%BAblico-line-783-Sao_Paulo-242-850661-183351-0,5.3,-23.6498405,-46.707801,,,,1,2023-06-17T02:44:36+00:00
SAO_746C-10,São Paulo,3550308,True,STT,783,https://moovitapp.com/index/pt-br/transporte_p%C3%BAblico-line-783-Sao_Paulo-242-850661-183351-0,5.3,-23.6467045,-46.710442,,,,1,2023-06-17T02:44:32+00:00
SAO_746C-10,São Paulo,3550308,True,STT,783,https://moovitapp.com/index/pt-br/transporte_p%C3%BAblico-line-783-Sao_Paulo-242-850661-183351-0,5.3,-23.633803,-46.737025,,,,1,2023-06-17T02:44:16+00:00
SAO_4718-10,São Paulo,3550308,True,EMTU,336,https://moovitapp.com/index/pt-br/transporte_p%C3%BAblico-line-336-Sao_Paulo-242-2038937-36419421-0,4.8,-23.651016,-46.6143215,,,,1,2023-06-17T02:44:26+00:00
SAO_4718-10,São Paulo,3550308,True,EMTU,336,https://moovitapp.com/index/pt-br/transporte_p%C3%BAblico-line-336-Sao_Paulo-242-2038937-36419421-0,4.8,-23.651166500000002,-46.6143845,,,,1,2023-06-17T02:43:57+00:00
SAO_4718-10,São Paulo,3550308,True,EMTU,336,https://moovitapp.com/index/pt-br/transporte_p%C3%BAblico-line-336-Sao_Paulo-242-2038937-36419421-0,4.8,-23.657176,-46.613479999999996,,,,1,2023-06-17T02:44:33+00:00
SAO_4718-10,São Paulo,3550308,True,EMTU,336,https://moovitapp.com/index/pt-br/transporte_p%C3%BAblico-line-336-Sao_Paulo-242-2038937-36419421-0,4.8,-23.618935999999998,-46.6193865,,,,1,2023-06-17T02:44:12+00:00
SAO_809H-10,São Paulo,3550308,True,,35013,,,-23.583828,-46.788019500000004,,,,2,2023-06-17T02:43:57+00:00
SAO_5701-10,São Paulo,3550308,True,,33904,,,-23.6346335,-46.641412,,,,2,2023-06-17T02:44:38+00:00
SAO_5701-10,São Paulo,3550308,True,,33904,,,-23.651685,-46.654404,,,,2,2023-06-17T02:44:16+00:00
SAO_5701-10,São Paulo,3550308,True,,33904,,,-23.649861,-46.660942500000004,,,,2,2023-06-17T02:44:09+00:00
SAO_5701-10,São Paulo,3550308,True,,33904,,,-23.635368,-46.641498,,,,2,2023-06-17T02:44:36+00:00
SAO_5701-10,São Paulo,3550308,True,,33904,,,-23.6354945,-46.641478500000005,,,,2,2023-06-17T02:44:04+00:00
SAO_5701-10,São Paulo,3550308,True,,33904,,,-23.618764499999997,-46.698312,,,,2,2023-06-17T02:44:09+00:00
SAO_5701-10,São Paulo,3550308,True,,33904,,,-23.620570375,-46.69200550000001,,,,2,2023-06-17T02:44:23+00:00
SAO_5701-10,São Paulo,3550308,True,,33904,,,-23.65180525,-46.65911275,,,,2,2023-06-17T02:43:59+00:00
SAO_5701-10,São Paulo,3550308,True,,33904,,,-23.618764499999997,-46.698312,,,,2,2023-06-17T02:44:11+00:00
SAO_637J-10,São Paulo,3550308,True,,32871,,,-23.584131499999998,-46.67359275,,,,2,2023-06-17T02:44:22+00:00
SAO_637J-10,São Paulo,3550308,True,,32871,,,-23.739430249999998,-46.708802250000005,,,,2,2023-06-17T02:44:28+00:00
SAO_637J-10,São Paulo,3550308,True,,32871,,,-23.6183685,-46.682117500000004,,,,2,2023-06-17T02:44:11+00:00
SAO_637J-10,São Paulo,3550308,True,,32871,,,-23.567147,-46.693982500000004,,,,2,2023-06-17T02:44:16+00:00
SAO_637J-10,São Paulo,3550308,True,,32871,,,-23.7329835,-46.7143215,,,,2,2023-06-17T02:44:23+00:00
SAO_637J-10,São Paulo,3550308,True,,32871,,,-23.739430249999998,-46.708802250000005,,,,2,2023-06-17T02:44:30+00:00
SAO_637J-10,São Paulo,3550308,True,,32871,,,-23.6632995,-46.691844,,,,2,2023-06-17T02:44:23+00:00
SAO_637J-10,São Paulo,3550308,True,,32871,,,-23.7399535,-46.7088475,,,,2,2023-06-17T02:44:07+00:00
SAO_637J-10,São Paulo,3550308,True,,32871,,,-23.67630825,-46.698348375,,,,2,2023-06-17T02:43:14+00:00
SAO_637J-10,São Paulo,3550308,True,,32871,,,-23.7189195,-46.7045915,,,,2,2023-06-17T02:44:00+00:00
SAO_5111-10,São Paulo,3550308,True,,32816,,,-23.62997525,-46.69002975,,,,2,2023-06-17T02:44:04+00:00
SAO_5111-10,São Paulo,3550308,True,,32816,,,-23.653879,-46.7107595,,,,2,2023-06-17T02:44:36+00:00
SAO_5111-10,São Paulo,3550308,True,,32816,,,-23.582446750000003,-46.66728225,,,,2,2023-06-17T02:44:35+00:00
SAO_5111-10,São Paulo,3550308,True,,32816,,,-23.5504855,-46.6342705,,,,2,2023-06-17T02:44:37+00:00
SAO_5111-10,São Paulo,3550308,True,,32816,,,-23.54805,-46.629795,,,,2,2023-06-17T02:44:08+00:00
SAO_6045-10,São Paulo,3550308,True,,33990,,,-23.676502499999998,-46.775547,,,,2,2023-06-17T02:44:17+00:00
SAO_6045-10,São Paulo,3550308,True,,33990,,,-23.650330500000003,-46.708101,,,,2,2023-06-17T02:43:56+00:00
SAO_6045-10,São Paulo,3550308,True,,33990,,,-23.64450025,-46.7264155,,,,2,2023-06-17T02:43:59+00:00
SAO_6045-10,São Paulo,3550308,True,,33990,,,-23.673530999999997,-46.773515,,,,2,2023-06-17T02:44:29+00:00
SAO_6045-10,São Paulo,3550308,True,,33990,,,-23.66415625,-46.7700475,,,,2,2023-06-17T02:44:21+00:00
SAO_6045-10,São Paulo,3550308,True,,33990,,,-23.650330500000003,-46.708101,,,,2,2023-06-17T02:44:06+00:00
SAO_3725-10,São Paulo,3550308,True,,33790,,,-23.549874000000003,-46.5218445,,,,2,2023-06-17T02:44:18+00:00
SAO_3725-10,São Paulo,3550308,True,,33790,,,-23.5332225,-46.530609,,,,2,2023-06-17T02:44:10+00:00
SAO_3725-10,São Paulo,3550308,True,,33790,,,-23.5332225,-46.530609,,,,2,2023-06-17T02:44:30+00:00
SAO_3725-10,São Paulo,3550308,True,,33790,,,-23.533086,-46.530659,,,,2,2023-06-17T02:44:35+00:00
SAO_971R-10,São Paulo,3550308,True,,614,,,-23.467498,-46.6781805,,,,1,2023-06-17T02:44:04+00:00
SAO_971R-10,São Paulo,3550308,True,,614,,,-23.45903275,-46.689771875,,,,1,2023-06-17T02:44:20+00:00
SAO_971R-10,São Paulo,3550308,True,,614,,,-23.451563,-46.7350485,,,,1,2023-06-17T02:44:07+00:00
SAO_971R-10,São Paulo,3550308,True,,614,,,-23.4347065,-46.7185945,,,,1,2023-06-17T02:44:21+00:00
SAO_971R-10,São Paulo,3550308,True,,614,,,-23.444840499999998,-46.705281,,,,1,2023-06-17T02:43:53+00:00
SAO_971R-10,São Paulo,3550308,True,,614,,,-23.5020055,-46.625392000000005,,,,1,2023-06-17T02:44:19+00:00
SAO_971R-10,São Paulo,3550308,True,,614,,,-23.454421500000002,-46.7374495,,,,1,2023-06-17T02:44:25+00:00
SAO_971R-10,São Paulo,3550308,True,,614,,,-23.502008500000002,-46.625279,,,,1,2023-06-17T02:44:02+00:00
SAO_971R-10,São Paulo,3550308,True,,614,,,-23.437585625,-46.710863,,,,1,2023-06-17T02:44:04+00:00
SAO_971R-10,São Paulo,3550308,True,,614,,,-23.474271,-46.668220250000005,,,,1,2023-06-17T02:44:20+00:00
SAO_971R-10,São Paulo,3550308,True,,614,,,-23.491388625,-46.649779,,,,1,2023-06-17T02:44:05+00:00
SAO_971R-10,São Paulo,3550308,True,,614,,,-23.454421500000002,-46.7374495,,,,1,2023-06-17T02:44:09+00:00
SAO_971R-10,São Paulo,3550308,True,,614,,,-23.43829825,-46.72869,,,,1,2023-06-17T02:43:56+00:00
SAO_971R-10,São Paulo,3550308,True,,614,,,-23.501332,-46.624855,,,,1,2023-06-17T02:44:10+00:00
SAO_7282-10,São Paulo,3550308,True,,33239,,,-23.5480775,-46.649773624999995,,,,2,2023-06-17T02:44:27+00:00
SAO_7282-10,São Paulo,3550308,True,,33239,,,-23.544776249999998,-46.63853225,,,,2,2023-06-17T02:44:24+00:00
SAO_7282-10,São Paulo,3550308,True,,33239,,,-23.548339,-46.685454,,,,2,2023-06-17T02:44:01+00:00
SAO_8009-31,São Paulo,3550308,True,,1260,,,-23.4368545,-46.752804499999996,,,,1,2023-06-17T02:44:04+00:00
SAO_8009-31,São Paulo,3550308,True,,1260,,,-23.444870625,-46.7272145,,,,1,2023-06-17T02:44:08+00:00
SAO_8009-31,São Paulo,3550308,True,,1260,,,-23.486303,-46.727971499999995,,,,1,2023-06-17T02:44:36+00:00
SAO_5194-10,São Paulo,3550308,True,,33037,,,-23.622443750000002,-46.661860000000004,,,,2,2023-06-17T02:44:12+00:00
SAO_5194-10,São Paulo,3550308,True,,33037,,,-23.7004025,-46.6461855,,,,2,2023-06-17T02:44:28+00:00
SAO_5194-10,São Paulo,3550308,True,,33037,,,-23.599042,-46.6512245,,,,2,2023-06-17T02:43:58+00:00
SAO_5194-10,São Paulo,3550308,True,,33037,,,-23.7028115,-46.6465805,,,,2,2023-06-17T02:44:02+00:00
SAO_746V-10,São Paulo,3550308,True,,33560,,,-23.6225565,-46.7544835,,,,2,2023-06-17T02:44:20+00:00
SAO_746V-10,São Paulo,3550308,True,,33560,,,-23.640578499999997,-46.760734,,,,2,2023-06-17T02:44:14+00:00
SAO_746V-10,São Paulo,3550308,True,,33560,,,-23.620389250000002,-46.757758125,,,,2,2023-06-17T02:44:29+00:00
SAO_746V-10,São Paulo,3550308,True,,33560,,,-23.6479635,-46.747952999999995,,,,2,2023-06-17T02:44:21+00:00
SAO_746V-10,São Paulo,3550308,True,,33560,,,-23.62274625,-46.754206999999994,,,,2,2023-06-17T02:44:10+00:00
SAO_746V-10,São Paulo,3550308,True,,33560,,,-23.6479635,-46.747952999999995,,,,2,2023-06-17T02:44:37+00:00
SAO_746V-10,São Paulo,3550308,True,,33560,,,-23.62274625,-46.754206999999994,,,,2,2023-06-17T02:44:34+00:00
SAO_746V-10,São Paulo,3550308,True,,33560,,,-23.642847,-46.76572,,,,2,2023-06-17T02:44:36+00:00
SAO_675L-10,São Paulo,3550308,True,,34246,,,-23.598244,-46.644809,,,,2,2023-06-17T02:43:10+00:00
SAO_675L-10,São Paulo,3550308,True,,34246,,,-23.598372375,-46.643238249999996,,,,2,2023-06-17T02:43:57+00:00
SAO_675L-10,São Paulo,3550308,True,,1478,,,-23.653993,-46.710736499999996,,,,1,2023-06-17T02:44:27+00:00
SAO_675L-10,São Paulo,3550308,True,,1478,,,-23.653993,-46.710736499999996,,,,1,2023-06-17T02:44:21+00:00
SAO_675L-10,São Paulo,3550308,True,,1478,,,-23.596312250000004,-46.655273750000006,,,,1,2023-06-17T02:44:19+00:00
SAO_675L-10,São Paulo,3550308,True,,1478,,,-23.653993,-46.710736499999996,,,,1,2023-06-17T02:44:11+00:00
SAO_3414-10,São Paulo,3550308,True,,746,,,-23.5330345,-46.535208250000004,,,,1,2023-06-17T02:42:30+00:00
SAO_6836-10,São Paulo,3550308,True,BR7 Mobilidade,13,https://moovitapp.com/index/pt-br/transporte_p%C3%BAblico-line-13-Sao_Paulo-242-851856-705937-0,5.75,-23.643911000000003,-46.733135000000004,,,,1,2023-06-17T02:43:56+00:00
SAO_6836-10,São Paulo,3550308,True,BR7 Mobilidade,13,https://moovitapp.com/index/pt-br/transporte_p%C3%BAblico-line-13-Sao_Paulo-242-851856-705937-0,5.75,-23.684404999999998,-46.7817855,,,,1,2023-06-17T02:44:41+00:00
SAO_6836-10,São Paulo,3550308,True,BR7 Mobilidade,13,https://moovitapp.com/index/pt-br/transporte_p%C3%BAblico-line-13-Sao_Paulo-242-851856-705937-0,5.75,-23.670226,-46.764286999999996,,,,1,2023-06-17T02:44:25+00:00
SAO_6836-10,São Paulo,3550308,True,BR7 Mobilidade,13,https://moovitapp.com/index/pt-br/transporte_p%C3%BAblico-line-13-Sao_Paulo-242-851856-705937-0,5.75,-23.65480225,-46.741082,,,,1,2023-06-17T02:44:01+00:00
SAO_6836-10,São Paulo,3550308,True,BR7 Mobilidade,13,https://moovitapp.com/index/pt-br/transporte_p%C3%BAblico-line-13-Sao_Paulo-242-851856-705937-0,5.75,-23.684404999999998,-46.7817855,,,,1,2023-06-17T02:43:58+00:00
SAO_6049-10,São Paulo,3550308,True,,1309,,,-23.6616255,-46.7499585,,,,1,2023-06-17T02:44:01+00:00
SAO_6049-10,São Paulo,3550308,True,,1309,,,-23.65126075,-46.707950999999994,,,,1,2023-06-17T02:44:29+00:00
SAO_6049-10,São Paulo,3550308,True,,1309,,,-23.69435,-46.794564,,,,1,2023-06-17T02:44:31+00:00
SAO_519M-10,São Paulo,3550308,True,,2211,,,-23.61464675,-46.50130299999999,,,,1,2023-06-17T02:44:33+00:00
SAO_519M-10,São Paulo,3550308,True,,2211,,,-23.6125525,-46.483047,,,,1,2023-06-17T02:44:18+00:00
SAO_178T-10,São Paulo,3550308,True,,33333,,,-23.530489875,-46.731335,,,,2,2023-06-17T02:44:37+00:00
SAO_178T-10,São Paulo,3550308,True,,33333,,,-23.503125,-46.6245765,,,,2,2023-06-17T02:44:14+00:00
SAO_178T-10,São Paulo,3550308,True,,33333,,,-23.496185,-46.629568,,,,2,2023-06-17T02:44:39+00:00
SAO_178T-10,São Paulo,3550308,True,,33333,,,-23.525107625,-46.709828875,,,,2,2023-06-17T02:44:03+00:00
SAO_178T-10,São Paulo,3550308,True,,33333,,,-23.5040325,-46.67317,,,,2,2023-06-17T02:44:29+00:00
SAO_178T-10,São Paulo,3550308,True,,33333,,,-23.493795,-46.63178875,,,,2,2023-06-17T02:43:55+00:00
SAO_178T-10,São Paulo,3550308,True,,33333,,,-23.48871,-46.650958,,,,2,2023-06-17T02:43:57+00:00
SAO_178T-10,São Paulo,3550308,True,,33333,,,-23.505019500000003,-46.691104499999994,,,,2,2023-06-17T02:44:36+00:00
SAO_178T-10,São Paulo,3550308,True,,33333,,,-23.49483275,-46.66014525,,,,2,2023-06-17T02:43:56+00:00
SAO_273V-10,São Paulo,3550308,True,EMTU,231,https://moovitapp.com/index/pt-br/transporte_p%C3%BAblico-line-231-Sao_Paulo-242-2038937-36419348-0,6.2,-23.52438,-46.44500549999999,,,,1,2023-06-17T02:44:37+00:00
SAO_524L-10,São Paulo,3550308,True,,34483,,,-23.5824915,-46.563059,,,,2,2023-06-17T02:44:14+00:00
SAO_524L-10,São Paulo,3550308,True,,34483,,,-23.5989365,-46.53344575,,,,2,2023-06-17T02:44:34+00:00
SAO_524L-10,São Paulo,3550308,True,,34483,,,-23.541379,-46.574191,,,,2,2023-06-17T02:44:16+00:00
SAO_524L-10,São Paulo,3550308,True,,34483,,,-23.5549205,-46.561798499999995,,,,2,2023-06-17T02:44:27+00:00
SAO_546A-10,São Paulo,3550308,True,,33899,,,-23.6798045,-46.6844555,,,,2,2023-06-17T02:43:55+00:00
SAO_546A-10,São Paulo,3550308,True,,33899,,,-23.658919,-46.699098,,,,2,2023-06-17T02:44:34+00:00
SAO_546A-10,São Paulo,3550308,True,,33899,,,-23.6956535,-46.651086,,,,2,2023-06-17T02:44:29+00:00
SAO_546A-10,São Paulo,3550308,True,,33899,,,-23.699271000000003,-46.648211,,,,2,2023-06-17T02:41:23+00:00
SAO_647A-10,São Paulo,3550308,True,,1315,,,-23.5656265,-46.69294549999999,,,,1,2023-06-17T02:44:16+00:00
SAO_647A-10,São Paulo,3550308,True,,1315,,,-23.6945095,-46.7940355,,,,1,2023-06-17T02:44:29+00:00
SAO_647A-10,São Paulo,3550308,True,,1315,,,-23.66215,-46.7691005,,,,1,2023-06-17T02:44:00+00:00
SAO_647A-10,São Paulo,3550308,True,,1315,,,-23.6945095,-46.7940355,,,,1,2023-06-17T02:44:40+00:00
SAO_647A-10,São Paulo,3550308,True,,1315,,,-23.6151635,-46.7315105,,,,1,2023-06-17T02:42:08+00:00
SAO_647A-10,São Paulo,3550308,True,,1315,,,-23.6945095,-46.7940355,,,,1,2023-06-17T02:44:19+00:00
SAO_647A-10,São Paulo,3550308,True,,1315,,,-23.5955545,-46.707936000000004,,,,1,2023-06-17T02:44:04+00:00
SAO_647A-10,São Paulo,3550308,True,,1315,,,-23.5656265,-46.69294549999999,,,,1,2023-06-17T02:44:25+00:00
SAO_2020-10,São Paulo,3550308,True,,35030,,,-23.465495,-46.603657999999996,,,,2,2023-06-17T02:44:36+00:00
SAO_2020-10,São Paulo,3550308,True,,35030,,,-23.4593665,-46.632753,,,,2,2023-06-17T02:44:28+00:00
SAO_9090-10,São Paulo,3550308,True,,33652,,,-23.4596165,-46.6746275,,,,2,2023-06-17T02:43:59+00:00
SAO_9090-10,São Paulo,3550308,True,,33652,,,-23.482077,-46.673126499999995,,,,2,2023-06-17T02:44:18+00:00
SAO_9090-10,São Paulo,3550308,True,,33652,,,-23.462758625,-46.676424874999995,,,,2,2023-06-17T02:44:19+00:00
SAO_9090-10,São Paulo,3550308,True,,33652,,,-23.495516,-46.6611995,,,,2,2023-06-17T02:44:16+00:00
SAO_9090-10,São Paulo,3550308,True,,33652,,,-23.462843874999997,-46.676674625000004,,,,2,2023-06-17T02:44:12+00:00
SAO_3773-10,São Paulo,3550308,True,,33827,,,-23.6157045,-46.465323999999995,,,,2,2023-06-17T02:44:20+00:00
SAO_3773-10,São Paulo,3550308,True,,33827,,,-23.5715905,-46.50452325,,,,2,2023-06-17T02:43:58+00:00
SAO_3773-10,São Paulo,3550308,True,,33827,,,-23.616042,-46.464892,,,,2,2023-06-17T02:44:03+00:00
SAO_3773-10,São Paulo,3550308,True,,33827,,,-23.613648249999997,-46.47027325,,,,2,2023-06-17T02:44:22+00:00
SAO_3773-10,São Paulo,3550308,True,,33827,,,-23.604749499999997,-46.4807,,,,2,2023-06-17T02:44:03+00:00
SAO_3773-10,São Paulo,3550308,True,,33827,,,-23.53572825,-46.550912999999994,,,,2,2023-06-17T02:44:14+00:00
SAO_3773-10,São Paulo,3550308,True,,33827,,,-23.615941999999997,-46.464735000000005,,,,2,2023-06-17T02:44:01+00:00
SAO_3773-10,São Paulo,3550308,True,,33827,,,-23.588321750000002,-46.4904145,,,,2,2023-06-17T02:44:27+00:00
SAO_6012-10,São Paulo,3550308,True,,1204,,,-23.66636875,-46.71800125,,,,1,2023-06-17T02:44:39+00:00
SAO_6012-10,São Paulo,3550308,True,,1204,,,-23.665875,-46.7128965,,,,1,2023-06-17T02:43:57+00:00
SAO_6012-10,São Paulo,3550308,True,,1204,,,-23.6658815,-46.7131215,,,,1,2023-06-17T02:44:37+00:00
SAO_6012-10,São Paulo,3550308,True,,1204,,,-23.6970465,-46.779936,,,,1,2023-06-17T02:44:03+00:00
SAO_6016-41,São Paulo,3550308,True,,1706,,,-23.749999000000003,-46.6879225,,,,1,2023-06-17T02:44:11+00:00
SAO_6016-41,São Paulo,3550308,True,,1706,,,-23.736994000000003,-46.69702,,,,1,2023-06-17T02:44:32+00:00
SAO_407E-10,São Paulo,3550308,True,,34983,,,-23.633248000000002,-46.4428945,,,,2,2023-06-17T02:44:26+00:00
SAO_407E-10,São Paulo,3550308,True,,34983,,,-23.606726000000002,-46.466096125,,,,2,2023-06-17T02:43:59+00:00
SAO_407E-10,São Paulo,3550308,True,,34983,,,-23.543809,-46.5318865,,,,2,2023-06-17T02:44:27+00:00
SAO_407E-10,São Paulo,3550308,True,,34983,,,-23.621360000000003,-46.4520245,,,,2,2023-06-17T02:44:29+00:00
SAO_407E-10,São Paulo,3550308,True,,34983,,,-23.6335585,-46.4430015,,,,2,2023-06-17T02:44:31+00:00
SAO_407E-10,São Paulo,3550308,True,,34983,,,-23.627017000000002,-46.446374500000005,,,,2,2023-06-17T02:43:15+00:00
SAO_407E-10,São Paulo,3550308,True,,34983,,,-23.5784875,-46.499427,,,,2,2023-06-17T02:44:21+00:00
SAO_2161-10,São Paulo,3550308,True,,694,,,-23.474178,-46.5662755,,,,1,2023-06-17T02:44:33+00:00
SAO_2161-10,São Paulo,3550308,True,,694,,,-23.474178,-46.5662755,,,,1,2023-06-17T02:44:06+00:00
SAO_2161-10,São Paulo,3550308,True,,694,,,-23.535456625000002,-46.617948375,,,,1,2023-06-17T02:44:12+00:00
SAO_2161-10,São Paulo,3550308,True,,694,,,-23.474178,-46.5662755,,,,1,2023-06-17T02:44:14+00:00
SAO_8215-10,São Paulo,3550308,True,,574,,,-23.490209999999998,-46.694486,,,,1,2023-06-17T02:44:10+00:00
SAO_8215-10,São Paulo,3550308,True,,574,,,-23.461478,-46.7084365,,,,1,2023-06-17T02:43:59+00:00
SAO_8215-10,São Paulo,3550308,True,,574,,,-23.461478,-46.7084365,,,,1,2023-06-17T02:44:30+00:00
SAO_8215-10,São Paulo,3550308,True,,574,,,-23.50709825,-46.67171075,,,,1,2023-06-17T02:44:10+00:00
SAO_1788-10,São Paulo,3550308,True,,653,,,-23.469242,-46.6041575,,,,1,2023-06-17T02:44:11+00:00
SAO_1788-10,São Paulo,3550308,True,,653,,,-23.4308155,-46.574727499999995,,,,1,2023-06-17T02:44:10+00:00
SAO_1788-10,São Paulo,3550308,True,,653,,,-23.491223,-46.618460999999996,,,,1,2023-06-17T02:43:55+00:00
SAO_1788-10,São Paulo,3550308,True,,653,,,-23.4400605,-46.576306,,,,1,2023-06-17T02:41:50+00:00
SAO_1732-10,São Paulo,3550308,True,,33439,,,-23.487555999999998,-46.5742625,,,,2,2023-06-17T02:44:03+00:00
SAO_1732-10,São Paulo,3550308,True,,33439,,,-23.487143500000002,-46.57385,,,,2,2023-06-17T02:44:02+00:00
SAO_1732-10,São Paulo,3550308,True,,33439,,,-23.487279,-46.60692225,,,,2,2023-06-17T02:44:31+00:00
SAO_1732-10,São Paulo,3550308,True,,33439,,,-23.487143500000002,-46.57385,,,,2,2023-06-17T02:44:13+00:00
SAO_1732-10,São Paulo,3550308,True,,33439,,,-23.50356425,-46.637435499999995,,,,2,2023-06-17T02:44:21+00:00
SAO_1732-10,São Paulo,3550308,True,,33439,,,-23.487271,-46.5741175,,,,2,2023-06-17T02:44:39+00:00
SAO_1732-10,São Paulo,3550308,True,,33439,,,-23.483376,-46.585195,,,,2,2023-06-17T02:44:07+00:00
SAO_5106-21,São Paulo,3550308,True,,1972,,,-23.6098255,-46.663490625,,,,1,2023-06-17T02:44:24+00:00
SAO_5106-21,São Paulo,3550308,True,,1972,,,-23.6952165,-46.6546855,,,,1,2023-06-17T02:43:38+00:00
SAO_5106-21,São Paulo,3550308,True,,1972,,,-23.607252250000002,-46.655230625,,,,1,2023-06-17T02:44:32+00:00
SAO_5106-21,São Paulo,3550308,True,,1972,,,-23.692334250000002,-46.658640375,,,,1,2023-06-17T02:44:27+00:00
SAO_5106-21,São Paulo,3550308,True,,1972,,,-23.6948205,-46.6558905,,,,1,2023-06-17T02:43:38+00:00
SAO_5106-21,São Paulo,3550308,True,,1972,,,-23.6338605,-46.641397,,,,1,2023-06-17T02:44:19+00:00
SAO_5106-21,São Paulo,3550308,True,,1972,,,-23.679383,-46.631049625,,,,1,2023-06-17T02:44:17+00:00
SAO_5106-21,São Paulo,3550308,True,,1972,,,-23.664088,-46.637847,,,,1,2023-06-17T02:43:13+00:00
SAO_677Y-10,São Paulo,3550308,True,,1240,,,-23.6836685,-46.7890555,,,,1,2023-06-17T02:44:28+00:00
SAO_677Y-10,São Paulo,3550308,True,,1240,,,-23.671443,-46.7868405,,,,1,2023-06-17T02:44:38+00:00
SAO_677Y-10,São Paulo,3550308,True,,1240,,,-23.66215,-46.7691005,,,,1,2023-06-17T02:44:05+00:00
SAO_677Y-10,São Paulo,3550308,True,,1240,,,-23.6137345,-46.695820499999996,,,,1,2023-06-17T02:44:10+00:00
SAO_677Y-10,São Paulo,3550308,True,,1240,,,-23.6836685,-46.7890555,,,,1,2023-06-17T02:44:07+00:00
SAO_677Y-10,São Paulo,3550308,True,,1240,,,-23.693685000000002,-46.794277,,,,1,2023-06-17T02:44:12+00:00
SAO_677Y-10,São Paulo,3550308,True,,1240,,,-23.644592,-46.725354,,,,1,2023-06-17T02:44:21+00:00
SAO_677Y-10,São Paulo,3550308,True,,1240,,,-23.6855785,-46.790954,,,,1,2023-06-17T02:44:38+00:00
SAO_677Y-10,São Paulo,3550308,True,,1240,,,-23.65436375,-46.760079499999996,,,,1,2023-06-17T02:44:06+00:00
SAO_3160-10,São Paulo,3550308,True,EMTU,125,https://moovitapp.com/index/pt-br/transporte_p%C3%BAblico-line-125-Sao_Paulo-242-2038937-36419283-0,5.15,-23.5838375,-46.584777,,,,1,2023-06-17T02:44:33+00:00
SAO_3160-10,São Paulo,3550308,True,EMTU,125,https://moovitapp.com/index/pt-br/transporte_p%C3%BAblico-line-125-Sao_Paulo-242-2038937-36419283-0,5.15,-23.555006875000004,-46.60524325,,,,1,2023-06-17T02:44:09+00:00
SAO_3160-10,São Paulo,3550308,True,EMTU,125,https://moovitapp.com/index/pt-br/transporte_p%C3%BAblico-line-125-Sao_Paulo-242-2038937-36419283-0,5.15,-23.549148000000002,-46.6311105,,,,1,2023-06-17T02:44:16+00:00
SAO_3160-10,São Paulo,3550308,True,EMTU,125,https://moovitapp.com/index/pt-br/transporte_p%C3%BAblico-line-125-Sao_Paulo-242-2038937-36419283-0,5.15,-23.5838375,-46.584777,,,,1,2023-06-17T02:44:19+00:00
SAO_172N-10,São Paulo,3550308,True,,664,,,-23.512559000000003,-46.5852895,,,,1,2023-06-17T02:44:31+00:00
SAO_172N-10,São Paulo,3550308,True,,664,,,-23.504462999999998,-46.61211875000001,,,,1,2023-06-17T02:44:15+00:00
SAO_172N-10,São Paulo,3550308,True,,664,,,-23.507188,-46.595189000000005,,,,1,2023-06-17T02:43:02+00:00
SAO_172N-10,São Paulo,3550308,True,,664,,,-23.509007500000003,-46.6155115,,,,1,2023-06-17T02:43:24+00:00
SAO_172N-10,São Paulo,3550308,True,,664,,,-23.542133999999997,-46.589614,,,,1,2023-06-17T02:44:28+00:00
SAO_2726-10,São Paulo,3550308,True,,33708,,,-23.523344,-46.545473,,,,2,2023-06-17T02:44:21+00:00
SAO_2726-10,São Paulo,3550308,True,,33708,,,-23.508325499999998,-46.4684905,,,,2,2023-06-17T02:44:37+00:00
SAO_2726-10,São Paulo,3550308,True,,33708,,,-23.507659,-46.4908995,,,,2,2023-06-17T02:44:15+00:00
SAO_2726-10,São Paulo,3550308,True,,33708,,,-23.515611,-46.5204235,,,,2,2023-06-17T02:44:23+00:00
SAO_2726-10,São Paulo,3550308,True,,33708,,,-23.533234,-46.543972499999995,,,,2,2023-06-17T02:44:01+00:00
SAO_2726-10,São Paulo,3550308,True,,33708,,,-23.516515,-46.4778225,,,,2,2023-06-17T02:44:07+00:00
SAO_574C-10,São Paulo,3550308,True,,1639,,,-23.611991500000002,-46.476893000000004,,,,1,2023-06-17T02:44:31+00:00
SAO_574C-10,São Paulo,3550308,True,,1639,,,-23.597153499999997,-46.5302245,,,,1,2023-06-17T02:44:06+00:00
SAO_574C-10,São Paulo,3550308,True,,1639,,,-23.6127315,-46.491023999999996,,,,1,2023-06-17T02:40:46+00:00
SAO_574C-10,São Paulo,3550308,True,,1639,,,-23.6018625,-46.5700175,,,,1,2023-06-17T02:43:59+00:00
SAO_848L-10,São Paulo,3550308,True,,33576,,,-23.440916125,-46.722196,,,,2,2023-06-17T02:44:37+00:00
SAO_848L-10,São Paulo,3550308,True,,33576,,,-23.437126499999998,-46.720963499999996,,,,2,2023-06-17T02:44:28+00:00
SAO_848L-10,São Paulo,3550308,True,,33576,,,-23.414156,-46.75083600000001,,,,2,2023-06-17T02:44:31+00:00
SAO_848L-10,São Paulo,3550308,True,,33576,,,-23.440317625,-46.723525374999994,,,,2,2023-06-17T02:44:25+00:00
SAO_848L-10,São Paulo,3550308,True,,33576,,,-23.4144305,-46.7510005,,,,2,2023-06-17T02:44:08+00:00
SAO_848L-10,São Paulo,3550308,True,,33576,,,-23.409574499999998,-46.7579545,,,,2,2023-06-17T02:44:34+00:00
SAO_848L-10,São Paulo,3550308,True,,33576,,,-23.4564795,-46.72054,,,,2,2023-06-17T02:44:14+00:00
SAO_848L-10,São Paulo,3550308,True,,33576,,,-23.4144305,-46.7510005,,,,2,2023-06-17T02:44:11+00:00
SAO_6038-10,São Paulo,3550308,True,,33984,,,-23.642334499999997,-46.740688000000006,,,,2,2023-06-17T02:44:00+00:00
SAO_6038-10,São Paulo,3550308,True,,33984,,,-23.658400999999998,-46.78931475,,,,2,2023-06-17T02:44:28+00:00
SAO_6038-10,São Paulo,3550308,True,,33984,,,-23.6582735,-46.7893885,,,,2,2023-06-17T02:44:33+00:00
SAO_6038-10,São Paulo,3550308,True,,33984,,,-23.642645124999998,-46.7095925,,,,2,2023-06-17T02:44:37+00:00
SAO_6038-10,São Paulo,3550308,True,,33984,,,-23.6582,-46.7894615,,,,2,2023-06-17T02:44:37+00:00
SAO_6038-10,São Paulo,3550308,True,,33984,,,-23.6582,-46.7894615,,,,2,2023-06-17T02:44:30+00:00
SAO_6038-10,São Paulo,3550308,True,,33984,,,-23.6582,-46.7894615,,,,2,2023-06-17T02:44:22+00:00
SAO_6038-10,São Paulo,3550308,True,,33984,,,-23.661986,-46.7937635,,,,2,2023-06-17T02:44:23+00:00
SAO_6038-10,São Paulo,3550308,True,,33984,,,-23.6603565,-46.7770965,,,,2,2023-06-17T02:44:35+00:00
SAO_6038-10,São Paulo,3550308,True,,33984,,,-23.6467305,-46.7471285,,,,2,2023-06-17T02:44:29+00:00
SAO_647P-10,São Paulo,3550308,True,,34084,,,-23.570145625,-46.69147062500001,,,,2,2023-06-17T02:44:02+00:00
SAO_647P-10,São Paulo,3550308,True,,34084,,,-23.567631125000002,-46.6971725,,,,2,2023-06-17T02:44:22+00:00
SAO_647P-10,São Paulo,3550308,True,,34084,,,-23.567515,-46.69430799999999,,,,2,2023-06-17T02:44:00+00:00
SAO_647P-10,São Paulo,3550308,True,,34084,,,-23.674748,-46.78398249999999,,,,2,2023-06-17T02:44:24+00:00
SAO_647P-10,São Paulo,3550308,True,,34084,,,-23.6591095,-46.766191,,,,2,2023-06-17T02:44:31+00:00
SAO_647P-10,São Paulo,3550308,True,,34084,,,-23.674748,-46.78398249999999,,,,2,2023-06-17T02:44:00+00:00
SAO_647P-10,São Paulo,3550308,True,,34084,,,-23.6439105,-46.7348865,,,,2,2023-06-17T02:44:04+00:00
SAO_647P-10,São Paulo,3550308,True,,34084,,,-23.6555145,-46.741187499999995,,,,2,2023-06-17T02:43:57+00:00
SAO_6010-10,São Paulo,3550308,True,,1202,,,-23.667592,-46.735935999999995,,,,1,2023-06-17T02:44:04+00:00
SAO_6010-10,São Paulo,3550308,True,,1202,,,-23.664915,-46.7826465,,,,1,2023-06-17T02:43:57+00:00
SAO_6010-10,São Paulo,3550308,True,,1202,,,-23.665243,-46.7472905,,,,1,2023-06-17T02:44:04+00:00
SAO_6010-10,São Paulo,3550308,True,,1202,,,-23.6815475,-46.796663249999995,,,,1,2023-06-17T02:44:40+00:00
SAO_6010-10,São Paulo,3550308,True,,1202,,,-23.665154625,-46.753176499999995,,,,1,2023-06-17T02:44:28+00:00
SAO_6026-10,São Paulo,3550308,True,,87,,,-23.748356,-46.703650999999994,,,,1,2023-06-17T02:44:26+00:00
SAO_6026-10,São Paulo,3550308,True,,87,,,-23.654166500000002,-46.711513,,,,1,2023-06-17T02:44:10+00:00
SAO_6026-10,São Paulo,3550308,True,,87,,,-23.674028,-46.6861365,,,,1,2023-06-17T02:44:38+00:00
SAO_6805-10,São Paulo,3550308,True,,31,,,-23.6552405,-46.762154499999994,,,,1,2023-06-17T02:44:07+00:00
SAO_6805-10,São Paulo,3550308,True,,31,,,-23.643911000000003,-46.733135000000004,,,,1,2023-06-17T02:44:37+00:00
SAO_6805-10,São Paulo,3550308,True,,31,,,-23.6559925,-46.76256875,,,,1,2023-06-17T02:44:16+00:00
SAO_507T-10,São Paulo,3550308,True,,34976,,,-23.585867,-46.5029425,,,,2,2023-06-17T02:44:34+00:00
SAO_507T-10,São Paulo,3550308,True,,34976,,,-23.6139655,-46.5015435,,,,2,2023-06-17T02:44:05+00:00
SAO_507T-10,São Paulo,3550308,True,,34976,,,-23.5792925,-46.5177705,,,,2,2023-06-17T02:40:30+00:00
SAO_507T-10,São Paulo,3550308,True,,34976,,,-23.5868835,-46.503519499999996,,,,2,2023-06-17T02:44:28+00:00
SAO_507T-10,São Paulo,3550308,True,,34976,,,-23.590044,-46.506813,,,,2,2023-06-17T02:44:26+00:00
SAO_507T-10,São Paulo,3550308,True,,34976,,,-23.55342375,-46.52788325,,,,2,2023-06-17T02:41:20+00:00
SAO_507T-10,São Paulo,3550308,True,,34976,,,-23.5909755,-46.50156575,,,,2,2023-06-17T02:44:11+00:00
SAO_736I-10,São Paulo,3550308,True,,33549,,,-23.650244,-46.7076885,,,,2,2023-06-17T02:44:04+00:00
SAO_736I-10,São Paulo,3550308,True,,33549,,,-23.6324355,-46.748238,,,,2,2023-06-17T02:43:56+00:00
SAO_736I-10,São Paulo,3550308,True,,33549,,,-23.6447075,-46.724218,,,,2,2023-06-17T02:44:26+00:00
SAO_736I-10,São Paulo,3550308,True,,33549,,,-23.6324805,-46.7479005,,,,2,2023-06-17T02:44:11+00:00
SAO_736I-10,São Paulo,3550308,True,,33549,,,-23.636490000000002,-46.7519935,,,,2,2023-06-17T02:44:36+00:00
SAO_736I-10,São Paulo,3550308,True,,33549,,,-23.632121249999997,-46.748679749999994,,,,2,2023-06-17T02:44:30+00:00
SAO_8300-10,São Paulo,3550308,True,,34032,,,-23.520775999999998,-46.70046,,,,2,2023-06-17T02:44:22+00:00
SAO_8300-10,São Paulo,3550308,True,,34032,,,-23.520215999999998,-46.700196000000005,,,,2,2023-06-17T02:44:30+00:00
SAO_8300-10,São Paulo,3550308,True,,34032,,,-23.489101,-46.7102995,,,,2,2023-06-17T02:44:30+00:00
SAO_8300-10,São Paulo,3550308,True,,34032,,,-23.521074499999997,-46.699605500000004,,,,2,2023-06-17T02:44:19+00:00
SAO_8300-10,São Paulo,3550308,True,,34032,,,-23.485965,-46.726443374999995,,,,2,2023-06-17T02:44:09+00:00
SAO_675A-10,São Paulo,3550308,True,,34086,,,-23.661423499999998,-46.749193,,,,2,2023-06-17T02:44:11+00:00
SAO_675A-10,São Paulo,3550308,True,,34086,,,-23.61623,-46.64913975,,,,2,2023-06-17T02:44:25+00:00
SAO_675A-10,São Paulo,3550308,True,,34086,,,-23.607938500000003,-46.6525845,,,,2,2023-06-17T02:44:31+00:00
SAO_675A-10,São Paulo,3550308,True,,34086,,,-23.65332575,-46.74067475,,,,2,2023-06-17T02:44:26+00:00
SAO_6475-10,São Paulo,3550308,True,,1317,,,-23.6203225,-46.700261,,,,1,2023-06-17T02:44:36+00:00
SAO_6475-10,São Paulo,3550308,True,,1317,,,-23.6466505,-46.7567905,,,,1,2023-06-17T02:44:03+00:00
SAO_6475-10,São Paulo,3550308,True,,1317,,,-23.5806045,-46.6807885,,,,1,2023-06-17T02:44:17+00:00
SAO_6475-10,São Paulo,3550308,True,,1317,,,-23.5560215,-46.6502465,,,,1,2023-06-17T02:44:40+00:00
SAO_9181-10,São Paulo,3550308,True,,33653,,,-23.457219000000002,-46.696751,,,,2,2023-06-17T02:44:13+00:00
SAO_9181-10,São Paulo,3550308,True,,33653,,,-23.523198,-46.701831999999996,,,,2,2023-06-17T02:44:33+00:00
SAO_9181-10,São Paulo,3550308,True,,33653,,,-23.468827,-46.6854205,,,,2,2023-06-17T02:44:28+00:00
SAO_9181-10,São Paulo,3550308,True,,33653,,,-23.515374,-46.6919465,,,,2,2023-06-17T02:43:59+00:00
SAO_9181-10,São Paulo,3550308,True,,33653,,,-23.481558375,-46.68678975,,,,2,2023-06-17T02:44:23+00:00
SAO_9181-10,São Paulo,3550308,True,,33653,,,-23.461755750000002,-46.696397,,,,2,2023-06-17T02:44:23+00:00
SAO_9181-10,São Paulo,3550308,True,,33653,,,-23.4986795,-46.692690999999996,,,,2,2023-06-17T02:44:13+00:00
SAO_2722-10,São Paulo,3550308,True,,33703,,,-23.50224,-46.49399625,,,,2,2023-06-17T02:40:42+00:00
SAO_2722-10,São Paulo,3550308,True,,33703,,,-23.512731,-46.503159999999994,,,,2,2023-06-17T02:44:06+00:00
SAO_2722-10,São Paulo,3550308,True,,33703,,,-23.52856,-46.5161185,,,,2,2023-06-17T02:44:35+00:00
SAO_2722-10,São Paulo,3550308,True,,33703,,,-23.492718500000002,-46.494104750000005,,,,2,2023-06-17T02:44:13+00:00
SAO_2722-10,São Paulo,3550308,True,,33703,,,-23.490386,-46.50067,,,,2,2023-06-17T02:44:32+00:00
SAO_4311-10,São Paulo,3550308,True,,34939,,,-23.54933475,-46.604704,,,,2,2023-06-17T02:44:29+00:00
SAO_4311-10,São Paulo,3550308,True,,34939,,,-23.599477999999998,-46.469597,,,,2,2023-06-17T02:44:04+00:00
SAO_4311-10,São Paulo,3550308,True,,34939,,,-23.6124625,-46.4761625,,,,2,2023-06-17T02:44:14+00:00
SAO_4311-10,São Paulo,3550308,True,,34939,,,-23.547035,-46.527609,,,,2,2023-06-17T02:44:28+00:00
SAO_271P-10,São Paulo,3550308,True,,33472,,,-23.4979085,-46.514503000000005,,,,2,2023-06-17T02:44:28+00:00
SAO_271P-10,São Paulo,3550308,True,,33472,,,-23.5421585,-46.6357505,,,,2,2023-06-17T02:44:16+00:00
SAO_271P-10,São Paulo,3550308,True,,33472,,,-23.4985705,-46.51483,,,,2,2023-06-17T02:44:31+00:00
SAO_271P-10,São Paulo,3550308,True,,33472,,,-23.5421585,-46.6357505,,,,2,2023-06-17T02:44:02+00:00
SAO_271P-10,São Paulo,3550308,True,,33472,,,-23.529293125,-46.6084,,,,2,2023-06-17T02:42:20+00:00
SAO_271P-10,São Paulo,3550308,True,,33472,,,-23.4979085,-46.514503000000005,,,,2,2023-06-17T02:44:16+00:00
SAO_271P-10,São Paulo,3550308,True,,33472,,,-23.4985705,-46.51483,,,,2,2023-06-17T02:44:31+00:00
SAO_374V-10,São Paulo,3550308,True,,1647,,,-23.511004999999997,-46.4543005,,,,1,2023-06-17T02:44:08+00:00
SAO_374V-10,São Paulo,3550308,True,,1647,,,-23.514104,-46.4540415,,,,1,2023-06-17T02:44:30+00:00
SAO_374V-10,São Paulo,3550308,True,,1647,,,-23.523578999999998,-46.4530875,,,,1,2023-06-17T02:44:37+00:00
SAO_374V-10,São Paulo,3550308,True,,1647,,,-23.511004999999997,-46.4543005,,,,1,2023-06-17T02:43:56+00:00
SAO_374V-10,São Paulo,3550308,True,,1647,,,-23.5342945,-46.454449,,,,1,2023-06-17T02:44:15+00:00
SAO_775V-10,São Paulo,3550308,True,,33243,,,-23.563714,-46.7459615,,,,2,2023-06-17T02:44:00+00:00
SAO_775V-10,São Paulo,3550308,True,,33243,,,-23.576244000000003,-46.765972500000004,,,,2,2023-06-17T02:44:06+00:00
SAO_775V-10,São Paulo,3550308,True,,33243,,,-23.57609025,-46.76591425,,,,2,2023-06-17T02:44:13+00:00
SAO_775V-10,São Paulo,3550308,True,,33243,,,-23.5755445,-46.765699999999995,,,,2,2023-06-17T02:44:36+00:00
SAO_775V-10,São Paulo,3550308,True,,33243,,,-23.5735465,-46.689059375,,,,2,2023-06-17T02:44:14+00:00
SAO_9188-10,São Paulo,3550308,True,,33577,,,-23.45351275,-46.737303,,,,2,2023-06-17T02:44:35+00:00
SAO_9188-10,São Paulo,3550308,True,,33577,,,-23.454276,-46.7289815,,,,2,2023-06-17T02:44:16+00:00
SAO_9188-10,São Paulo,3550308,True,,33577,,,-23.502872,-46.7062255,,,,2,2023-06-17T02:44:33+00:00
SAO_9188-10,São Paulo,3550308,True,,33577,,,-23.48801675,-46.71355925,,,,2,2023-06-17T02:44:34+00:00
SAO_2716-10,São Paulo,3550308,True,,33697,,,-23.508369000000002,-46.5314175,,,,2,2023-06-17T02:44:24+00:00
SAO_2716-10,São Paulo,3550308,True,,33697,,,-23.5148905,-46.535956999999996,,,,2,2023-06-17T02:44:32+00:00
SAO_2716-10,São Paulo,3550308,True,,33697,,,-23.533121,-46.544351500000005,,,,2,2023-06-17T02:44:05+00:00
SAO_2716-10,São Paulo,3550308,True,,33697,,,-23.533121,-46.544351500000005,,,,2,2023-06-17T02:44:08+00:00
SAO_2716-10,São Paulo,3550308,True,,33697,,,-23.533121,-46.544351500000005,,,,2,2023-06-17T02:44:21+00:00
SAO_2704-10,São Paulo,3550308,True,,916,,,-23.542444,-46.471092999999996,,,,1,2023-06-17T02:36:43+00:00
SAO_2704-10,São Paulo,3550308,True,,916,,,-23.510910000000003,-46.430927999999994,,,,1,2023-06-17T02:44:35+00:00
SAO_2704-10,São Paulo,3550308,True,,916,,,-23.517191500000003,-46.438682,,,,1,2023-06-17T02:44:39+00:00
SAO_2704-10,São Paulo,3550308,True,,916,,,-23.526659000000002,-46.409887999999995,,,,1,2023-06-17T02:44:18+00:00
SAO_2704-10,São Paulo,3550308,True,,916,,,-23.526659000000002,-46.409887999999995,,,,1,2023-06-17T02:44:22+00:00
SAO_938L-10,São Paulo,3550308,True,,1368,,,-23.475696,-46.670624000000004,,,,1,2023-06-17T02:44:03+00:00
SAO_938L-10,São Paulo,3550308,True,,1368,,,-23.517339999999997,-46.704061125,,,,1,2023-06-17T02:44:05+00:00
SAO_938L-10,São Paulo,3550308,True,,1368,,,-23.517339999999997,-46.704061125,,,,1,2023-06-17T02:44:31+00:00
SAO_938L-10,São Paulo,3550308,True,,1368,,,-23.5024575,-46.68765775,,,,1,2023-06-17T02:44:31+00:00
SAO_5194-10,São Paulo,3550308,True,EMTU,269,https://moovitapp.com/index/pt-br/transporte_p%C3%BAblico-line-269-Sao_Paulo-242-2038937-36419377-0,5.35,-23.695246,-46.6528965,,,,1,2023-06-17T02:43:56+00:00
SAO_5194-10,São Paulo,3550308,True,EMTU,269,https://moovitapp.com/index/pt-br/transporte_p%C3%BAblico-line-269-Sao_Paulo-242-2038937-36419377-0,5.35,-23.676433,-46.679625,,,,1,2023-06-17T02:44:36+00:00
SAO_5194-10,São Paulo,3550308,True,EMTU,269,https://moovitapp.com/index/pt-br/transporte_p%C3%BAblico-line-269-Sao_Paulo-242-2038937-36419377-0,5.35,-23.65740675,-46.6796325,,,,1,2023-06-17T02:44:32+00:00
SAO_695Y-10,São Paulo,3550308,True,,1198,,,-23.5894045,-46.634211,,,,1,2023-06-17T02:44:04+00:00
SAO_695Y-10,São Paulo,3550308,True,,1198,,,-23.6572775,-46.6992645,,,,1,2023-06-17T02:44:15+00:00
SAO_695Y-10,São Paulo,3550308,True,,1198,,,-23.59625975,-46.652537,,,,1,2023-06-17T02:44:00+00:00
SAO_695Y-10,São Paulo,3550308,True,,1198,,,-23.8097155,-46.737168499999996,,,,1,2023-06-17T02:44:34+00:00
SAO_695Y-10,São Paulo,3550308,True,,1198,,,-23.7681395,-46.717362875,,,,1,2023-06-17T02:44:02+00:00
SAO_695Y-10,São Paulo,3550308,True,,1198,,,-23.812842375,-46.73570825,,,,1,2023-06-17T02:44:09+00:00
SAO_695Y-10,São Paulo,3550308,True,,1198,,,-23.771472,-46.71882,,,,1,2023-06-17T02:44:26+00:00
SAO_695Y-10,São Paulo,3550308,True,,1198,,,-23.6241725,-46.681502375,,,,1,2023-06-17T02:44:32+00:00
SAO_3010-10,São Paulo,3550308,True,,35311,,,-23.510537499999998,-46.4468945,,,,2,2023-06-17T02:44:36+00:00
SAO_3010-10,São Paulo,3550308,True,,35311,,,-23.5154415,-46.458784249999994,,,,2,2023-06-17T02:44:07+00:00
SAO_3010-10,São Paulo,3550308,True,,35311,,,-23.5105165,-46.446583499999996,,,,2,2023-06-17T02:44:11+00:00
SAO_178Y-10,São Paulo,3550308,True,,868,,,-23.4633435,-46.6419585,,,,1,2023-06-17T02:44:39+00:00
SAO_178Y-10,São Paulo,3550308,True,,868,,,-23.4633435,-46.6419585,,,,1,2023-06-17T02:44:39+00:00
SAO_178Y-10,São Paulo,3550308,True,,868,,,-23.49185825,-46.617397749999995,,,,1,2023-06-17T02:44:31+00:00
SAO_178Y-10,São Paulo,3550308,True,,868,,,-23.4788475,-46.629807,,,,1,2023-06-17T02:43:59+00:00
SAO_178Y-10,São Paulo,3550308,True,,868,,,-23.4633435,-46.6419585,,,,1,2023-06-17T02:38:06+00:00
SAO_178Y-10,São Paulo,3550308,True,,868,,,-23.4633435,-46.6419585,,,,1,2023-06-17T02:44:06+00:00
SAO_390E-10,São Paulo,3550308,True,,34650,,,-23.522095875,-46.549099125,,,,2,2023-06-17T02:44:40+00:00
SAO_390E-10,São Paulo,3550308,True,,34650,,,-23.5372925,-46.5948205,,,,2,2023-06-17T02:44:15+00:00
SAO_1758-10,São Paulo,3550308,True,,33320,,,-23.456342749999997,-46.66142825,,,,2,2023-06-17T02:44:02+00:00
SAO_1758-10,São Paulo,3550308,True,,33320,,,-23.454469,-46.6620805,,,,2,2023-06-17T02:44:21+00:00
SAO_1758-10,São Paulo,3550308,True,,33320,,,-23.484717875,-46.629884,,,,2,2023-06-17T02:44:14+00:00
SAO_1758-10,São Paulo,3550308,True,,33320,,,-23.4540025,-46.6616765,,,,2,2023-06-17T02:44:21+00:00
SAO_1758-10,São Paulo,3550308,True,,33320,,,-23.4540025,-46.6616765,,,,2,2023-06-17T02:43:56+00:00
SAO_3112-10,São Paulo,3550308,True,,1080,,,-23.583663,-46.582224,,,,1,2023-06-17T02:44:15+00:00
SAO_3112-10,São Paulo,3550308,True,,1080,,,-23.54487675,-46.58828375,,,,1,2023-06-17T02:44:12+00:00
SAO_3112-10,São Paulo,3550308,True,,1080,,,-23.579991,-46.586749,,,,1,2023-06-17T02:44:04+00:00
SAO_3112-10,São Paulo,3550308,True,,1080,,,-23.596410499999998,-46.5422265,,,,1,2023-06-17T02:44:05+00:00
SAO_3112-10,São Paulo,3550308,True,,1080,,,-23.58163475,-46.583984,,,,1,2023-06-17T02:44:02+00:00
SAO_3112-10,São Paulo,3550308,True,,1080,,,-23.610801000000002,-46.5299455,,,,1,2023-06-17T02:44:32+00:00
SAO_3112-10,São Paulo,3550308,True,,1080,,,-23.579799,-46.5867975,,,,1,2023-06-17T02:43:59+00:00
SAO_3112-10,São Paulo,3550308,True,,1080,,,-23.547447000000002,-46.591704750000005,,,,1,2023-06-17T02:44:33+00:00
SAO_172X-10,São Paulo,3550308,True,,33629,,,-23.5043195,-46.56510075,,,,2,2023-06-17T02:44:12+00:00
SAO_172X-10,São Paulo,3550308,True,,33629,,,-23.50426375,-46.565462249999996,,,,2,2023-06-17T02:43:02+00:00
SAO_172X-10,São Paulo,3550308,True,,33629,,,-23.50426375,-46.565462249999996,,,,2,2023-06-17T02:40:04+00:00
SAO_172X-10,São Paulo,3550308,True,,33629,,,-23.52111,-46.5681235,,,,2,2023-06-17T02:44:36+00:00
SAO_172X-10,São Paulo,3550308,True,,33629,,,-23.528185,-46.56663575,,,,2,2023-06-17T02:44:26+00:00
SAO_172X-10,São Paulo,3550308,True,,33629,,,-23.5091505,-46.5677355,,,,2,2023-06-17T02:44:35+00:00
SAO_172X-10,São Paulo,3550308,True,,33629,,,-23.53920575,-46.575556999999996,,,,2,2023-06-17T02:44:03+00:00
SAO_172X-10,São Paulo,3550308,True,,33629,,,-23.50426375,-46.565462249999996,,,,2,2023-06-17T02:43:13+00:00
SAO_4036-10,São Paulo,3550308,True,,35329,,,-23.558351000000002,-46.5228025,,,,2,2023-06-17T02:44:25+00:00
SAO_4036-10,São Paulo,3550308,True,,35329,,,-23.550339,-46.509219,,,,2,2023-06-17T02:44:29+00:00
SAO_4036-10,São Paulo,3550308,True,,35329,,,-23.558351000000002,-46.5228025,,,,2,2023-06-17T02:44:35+00:00
SAO_148P-10,São Paulo,3550308,True,EMTU,534,https://moovitapp.com/index/pt-br/transporte_p%C3%BAblico-line-534-Sao_Paulo-242-2038937-36419546-0,6.3,-23.459014,-46.648468,,,,1,2023-06-17T02:44:00+00:00
SAO_148P-10,São Paulo,3550308,True,EMTU,534,https://moovitapp.com/index/pt-br/transporte_p%C3%BAblico-line-534-Sao_Paulo-242-2038937-36419546-0,6.3,-23.457928,-46.642896500000006,,,,1,2023-06-17T02:44:09+00:00
SAO_148P-10,São Paulo,3550308,True,EMTU,534,https://moovitapp.com/index/pt-br/transporte_p%C3%BAblico-line-534-Sao_Paulo-242-2038937-36419546-0,6.3,-23.526382499999997,-46.6660375,,,,1,2023-06-17T02:44:20+00:00
SAO_148P-10,São Paulo,3550308,True,EMTU,534,https://moovitapp.com/index/pt-br/transporte_p%C3%BAblico-line-534-Sao_Paulo-242-2038937-36419546-0,6.3,-23.470164,-46.653884500000004,,,,1,2023-06-17T02:43:54+00:00
SAO_148P-10,São Paulo,3550308,True,EMTU,534,https://moovitapp.com/index/pt-br/transporte_p%C3%BAblico-line-534-Sao_Paulo-242-2038937-36419546-0,6.3,-23.524857812500002,-46.6602631875,,,,1,2023-06-17T02:44:14+00:00
SAO_148P-10,São Paulo,3550308,True,EMTU,534,https://moovitapp.com/index/pt-br/transporte_p%C3%BAblico-line-534-Sao_Paulo-242-2038937-36419546-0,6.3,-23.47501225,-46.665508,,,,1,2023-06-17T02:44:15+00:00
SAO_148P-10,São Paulo,3550308,True,EMTU,534,https://moovitapp.com/index/pt-br/transporte_p%C3%BAblico-line-534-Sao_Paulo-242-2038937-36419546-0,6.3,-23.475635500000003,-46.66432425000001,,,,1,2023-06-17T02:44:26+00:00
SAO_373T-10,São Paulo,3550308,True,,33859,,,-23.549984625,-46.605053125000005,,,,2,2023-06-17T02:44:02+00:00
SAO_373T-10,São Paulo,3550308,True,,33859,,,-23.5859875,-46.526039,,,,2,2023-06-17T02:44:26+00:00
SAO_373T-10,São Paulo,3550308,True,,33859,,,-23.5842615,-46.540855,,,,2,2023-06-17T02:44:38+00:00
SAO_373T-10,São Paulo,3550308,True,,33859,,,-23.5941885,-46.498267,,,,2,2023-06-17T02:43:57+00:00
SAO_373T-10,São Paulo,3550308,True,,33859,,,-23.589216125,-46.530398500000004,,,,2,2023-06-17T02:44:35+00:00
SAO_373T-10,São Paulo,3550308,True,,33859,,,-23.5941885,-46.498267,,,,2,2023-06-17T02:44:13+00:00
SAO_373T-10,São Paulo,3550308,True,,33859,,,-23.548945,-46.60593862499999,,,,2,2023-06-17T02:44:30+00:00
SAO_373T-10,São Paulo,3550308,True,,33859,,,-23.596547,-46.5173035,,,,2,2023-06-17T02:44:39+00:00
SAO_373T-10,São Paulo,3550308,True,,33859,,,-23.562040500000002,-46.598383,,,,2,2023-06-17T02:44:40+00:00
SAO_373T-10,São Paulo,3550308,True,,33859,,,-23.5941885,-46.498267,,,,2,2023-06-17T02:44:21+00:00
SAO_373T-10,São Paulo,3550308,True,,33859,,,-23.569421,-46.588012,,,,2,2023-06-17T02:44:38+00:00
SAO_373T-10,São Paulo,3550308,True,,33859,,,-23.5469055,-46.6063945,,,,2,2023-06-17T02:44:22+00:00
SAO_373T-10,São Paulo,3550308,True,,33859,,,-23.5941885,-46.498267,,,,2,2023-06-17T02:44:38+00:00
SAO_373T-10,São Paulo,3550308,True,,33859,,,-23.565436,-46.5950435,,,,2,2023-06-17T02:44:34+00:00
SAO_373T-10,São Paulo,3550308,True,,33859,,,-23.58297475,-46.5681515,,,,2,2023-06-17T02:44:12+00:00
SAO_3025-10,São Paulo,3550308,True,,33729,,,-23.5770275,-46.397946000000005,,,,2,2023-06-17T02:44:12+00:00
SAO_3025-10,São Paulo,3550308,True,,33729,,,-23.5600345,-46.4156875,,,,2,2023-06-17T02:44:12+00:00
SAO_3025-10,São Paulo,3550308,True,,33729,,,-23.566630500000002,-46.409437999999994,,,,2,2023-06-17T02:44:27+00:00
SAO_3025-10,São Paulo,3550308,True,,33729,,,-23.542925500000003,-46.416211,,,,2,2023-06-17T02:44:37+00:00
SAO_3025-10,São Paulo,3550308,True,,33729,,,-23.542925500000003,-46.416211,,,,2,2023-06-17T02:44:03+00:00
SAO_3025-10,São Paulo,3550308,True,,33729,,,-23.570379000000003,-46.3989755,,,,2,2023-06-17T02:44:40+00:00
SAO_3025-10,São Paulo,3550308,True,,33729,,,-23.5770275,-46.397946000000005,,,,2,2023-06-17T02:44:39+00:00
SAO_6118-10,São Paulo,3550308,True,,33956,,,-23.752415999999997,-46.70257425,,,,2,2023-06-17T02:44:14+00:00
SAO_6118-10,São Paulo,3550308,True,,33956,,,-23.659337999999998,-46.705281,,,,2,2023-06-17T02:44:03+00:00
SAO_6118-10,São Paulo,3550308,True,,33956,,,-23.714182625,-46.706153,,,,2,2023-06-17T02:44:32+00:00
SAO_6118-10,São Paulo,3550308,True,,33956,,,-23.673647000000003,-46.709386499999994,,,,2,2023-06-17T02:44:24+00:00
SAO_6118-10,São Paulo,3550308,True,,33956,,,-23.741,-46.7070235,,,,2,2023-06-17T02:44:08+00:00
SAO_3763-10,São Paulo,3550308,True,,33822,,,-23.5576555,-46.523450499999996,,,,2,2023-06-17T02:44:21+00:00
SAO_3763-10,São Paulo,3550308,True,,33822,,,-23.557536749999997,-46.523783249999994,,,,2,2023-06-17T02:44:11+00:00
SAO_3763-10,São Paulo,3550308,True,,33822,,,-23.562336,-46.5509,,,,2,2023-06-17T02:44:34+00:00
SAO_3763-10,São Paulo,3550308,True,,33822,,,-23.555583,-46.5540915,,,,2,2023-06-17T02:44:16+00:00
SAO_3763-10,São Paulo,3550308,True,,33822,,,-23.55413925,-46.52786825,,,,2,2023-06-17T02:44:20+00:00
SAO_3763-10,São Paulo,3550308,True,,33822,,,-23.555253999999998,-46.55406575,,,,2,2023-06-17T02:44:21+00:00
SAO_3763-10,São Paulo,3550308,True,,33822,,,-23.546888125,-46.55617775,,,,2,2023-06-17T02:44:26+00:00
SAO_3763-10,São Paulo,3550308,True,,33822,,,-23.540888000000002,-46.576099,,,,2,2023-06-17T02:44:20+00:00
SAO_1721-10,São Paulo,3550308,True,,33434,,,-23.4897535,-46.570575500000004,,,,2,2023-06-17T02:42:23+00:00
SAO_1721-10,São Paulo,3550308,True,,33434,,,-23.4897535,-46.570575500000004,,,,2,2023-06-17T02:44:24+00:00
SAO_1721-10,São Paulo,3550308,True,,33434,,,-23.489511999999998,-46.570428500000006,,,,2,2023-06-17T02:44:13+00:00
SAO_1721-10,São Paulo,3550308,True,,33434,,,-23.49820075,-46.5949005,,,,2,2023-06-17T02:43:56+00:00
SAO_1721-10,São Paulo,3550308,True,,33434,,,-23.50769275,-46.624784,,,,2,2023-06-17T02:44:32+00:00
SAO_1721-10,São Paulo,3550308,True,,33434,,,-23.48941525,-46.571597749999995,,,,2,2023-06-17T02:41:48+00:00
SAO_1721-10,São Paulo,3550308,True,,33434,,,-23.48941525,-46.571597749999995,,,,2,2023-06-17T02:43:13+00:00
SAO_1721-10,São Paulo,3550308,True,,33434,,,-23.48940375,-46.57123325,,,,2,2023-06-17T02:44:36+00:00
SAO_374V-10,São Paulo,3550308,True,,34415,,,-23.5112555,-46.45482425,,,,2,2023-06-17T02:43:55+00:00
SAO_374V-10,São Paulo,3550308,True,,34415,,,-23.542762,-46.466385,,,,2,2023-06-17T02:44:18+00:00
SAO_374V-10,São Paulo,3550308,True,,34415,,,-23.526315375000003,-46.4549725,,,,2,2023-06-17T02:44:03+00:00
SAO_374V-10,São Paulo,3550308,True,,34415,,,-23.5116805,-46.454798749999995,,,,2,2023-06-17T02:44:04+00:00
SAO_374V-10,São Paulo,3550308,True,,34415,,,-23.519929,-46.4469435,,,,2,2023-06-17T02:44:10+00:00
SAO_374V-10,São Paulo,3550308,True,,34415,,,-23.5110345,-46.4547195,,,,2,2023-06-17T02:44:23+00:00
SAO_271A-51,São Paulo,3550308,True,,33471,,,-23.50225,-46.623670000000004,,,,2,2023-06-17T02:44:25+00:00
SAO_271A-51,São Paulo,3550308,True,,33471,,,-23.50225,-46.623670000000004,,,,2,2023-06-17T02:44:13+00:00
SAO_271A-51,São Paulo,3550308,True,,33471,,,-23.500128500000002,-46.592834249999996,,,,2,2023-06-17T02:44:35+00:00
SAO_271A-51,São Paulo,3550308,True,,33471,,,-23.491689,-46.5744715,,,,2,2023-06-17T02:44:23+00:00
SAO_271A-51,São Paulo,3550308,True,,33471,,,-23.4979085,-46.514503000000005,,,,2,2023-06-17T02:44:20+00:00
SAO_271A-51,São Paulo,3550308,True,,33471,,,-23.497569499999997,-46.5148905,,,,2,2023-06-17T02:44:15+00:00
SAO_271A-51,São Paulo,3550308,True,,33471,,,-23.515811499999998,-46.546036,,,,2,2023-06-17T02:43:25+00:00
SAO_6835-10,São Paulo,3550308,True,BR7 Mobilidade,12,https://moovitapp.com/index/pt-br/transporte_p%C3%BAblico-line-12-Sao_Paulo-242-851856-542340-0,5.75,-23.656841999999997,-46.763562,,,,1,2023-06-17T02:43:56+00:00
SAO_6835-10,São Paulo,3550308,True,BR7 Mobilidade,12,https://moovitapp.com/index/pt-br/transporte_p%C3%BAblico-line-12-Sao_Paulo-242-851856-542340-0,5.75,-23.6879515,-46.800591,,,,1,2023-06-17T02:44:40+00:00
SAO_607C-10,São Paulo,3550308,True,,34745,,,-23.689011999999998,-46.6349485,,,,2,2023-06-17T02:44:23+00:00
SAO_607C-10,São Paulo,3550308,True,,34745,,,-23.6442995,-46.672597499999995,,,,2,2023-06-17T02:44:15+00:00
SAO_607C-10,São Paulo,3550308,True,,34745,,,-23.5957515,-46.690772499999994,,,,2,2023-06-17T02:44:33+00:00
SAO_607C-10,São Paulo,3550308,True,,34745,,,-23.668201625,-46.651852749999996,,,,2,2023-06-17T02:44:01+00:00
SAO_607C-10,São Paulo,3550308,True,,34745,,,-23.6196075,-46.698184,,,,2,2023-06-17T02:44:08+00:00
SAO_607C-10,São Paulo,3550308,True,,34745,,,-23.6886455,-46.634836500000006,,,,2,2023-06-17T02:44:03+00:00
SAO_607C-10,São Paulo,3550308,True,,34745,,,-23.689499,-46.635158000000004,,,,2,2023-06-17T02:44:09+00:00
SAO_607C-10,São Paulo,3550308,True,,34745,,,-23.689011999999998,-46.6349485,,,,2,2023-06-17T02:44:06+00:00
SAO_607C-10,São Paulo,3550308,True,,34745,,,-23.681403,-46.638069,,,,2,2023-06-17T02:44:29+00:00
SAO_607C-10,São Paulo,3550308,True,,34745,,,-23.628467,-46.68532775,,,,2,2023-06-17T02:44:27+00:00
SAO_607C-10,São Paulo,3550308,True,,34745,,,-23.6833915,-46.634699499999996,,,,2,2023-06-17T02:44:35+00:00
SAO_4010-10,São Paulo,3550308,True,,2183,,,-23.578755,-46.482209749999996,,,,1,2023-06-17T02:43:59+00:00
SAO_6262-10,São Paulo,3550308,True,,34139,,,-23.547757625000003,-46.715279374999994,,,,2,2023-06-17T02:44:11+00:00
SAO_6262-10,São Paulo,3550308,True,,34139,,,-23.530085375,-46.731711000000004,,,,2,2023-06-17T02:44:38+00:00
SAO_6262-10,São Paulo,3550308,True,,34139,,,-23.530085375,-46.731711000000004,,,,2,2023-06-17T02:44:06+00:00
SAO_6262-10,São Paulo,3550308,True,,34139,,,-23.576174,-46.6874595,,,,2,2023-06-17T02:44:01+00:00
SAO_6262-10,São Paulo,3550308,True,,34139,,,-23.574096625,-46.6673885,,,,2,2023-06-17T02:44:18+00:00
SAO_6262-10,São Paulo,3550308,True,,34139,,,-23.53174025,-46.734263999999996,,,,2,2023-06-17T02:44:40+00:00
SAO_5759-31,São Paulo,3550308,True,,33907,,,-23.6948495,-46.64830975,,,,2,2023-06-17T02:44:12+00:00
SAO_5759-31,São Paulo,3550308,True,,33907,,,-23.684289999999997,-46.640885,,,,2,2023-06-17T02:44:14+00:00
SAO_5759-31,São Paulo,3550308,True,,33907,,,-23.680499,-46.6530745,,,,2,2023-06-17T02:39:03+00:00
SAO_6232-10,São Paulo,3550308,True,STT,483,https://moovitapp.com/index/pt-br/transporte_p%C3%BAblico-line-483-Sao_Paulo-242-850661-183322-0,5.3,-23.545699499999998,-46.708977000000004,,,,1,2023-06-17T02:44:05+00:00
SAO_6232-10,São Paulo,3550308,True,STT,483,https://moovitapp.com/index/pt-br/transporte_p%C3%BAblico-line-483-Sao_Paulo-242-850661-183322-0,5.3,-23.561092625,-46.683398375,,,,1,2023-06-17T02:44:21+00:00
SAO_3712-10,São Paulo,3550308,True,,1009,,,-23.5525595,-46.4257145,,,,1,2023-06-17T02:44:33+00:00
SAO_3712-10,São Paulo,3550308,True,,1009,,,-23.542564,-46.46962550000001,,,,1,2023-06-17T02:44:25+00:00
SAO_3712-10,São Paulo,3550308,True,,1009,,,-23.5525595,-46.4257145,,,,1,2023-06-17T02:44:20+00:00
SAO_3712-10,São Paulo,3550308,True,,1009,,,-23.546056,-46.44557425,,,,1,2023-06-17T02:44:36+00:00
SAO_3712-10,São Paulo,3550308,True,,1009,,,-23.5525595,-46.4257145,,,,1,2023-06-17T02:44:31+00:00
SAO_8018-10,São Paulo,3550308,True,,34838,,,-23.5984475,-46.73722,,,,2,2023-06-17T02:44:39+00:00
SAO_8018-10,São Paulo,3550308,True,,34838,,,-23.5868335,-46.725097500000004,,,,2,2023-06-17T02:44:31+00:00
SAO_2722-31,São Paulo,3550308,True,,33704,,,-23.502519999999997,-46.49397475,,,,2,2023-06-17T02:44:39+00:00
SAO_2722-31,São Paulo,3550308,True,,33704,,,-23.519075,-46.512639,,,,2,2023-06-17T02:44:17+00:00
SAO_4005-10,São Paulo,3550308,True,,2179,,,-23.5833585,-46.4077735,,,,1,2023-06-17T02:44:31+00:00
SAO_4005-10,São Paulo,3550308,True,,2179,,,-23.5833585,-46.4077735,,,,1,2023-06-17T02:42:53+00:00
SAO_4005-10,São Paulo,3550308,True,,2179,,,-23.584448000000002,-46.3906565,,,,1,2023-06-17T02:42:54+00:00
SAO_2175-10,São Paulo,3550308,True,,697,,,-23.546077500000003,-46.631047,,,,1,2023-06-17T02:44:10+00:00
SAO_2175-10,São Paulo,3550308,True,,697,,,-23.492268499999998,-46.57126975,,,,1,2023-06-17T02:42:35+00:00
SAO_2175-10,São Paulo,3550308,True,,697,,,-23.473947,-46.5664555,,,,1,2023-06-17T02:44:13+00:00
SAO_3903-10,São Paulo,3550308,True,,34239,,,-23.5248885,-46.491343,,,,2,2023-06-17T02:43:56+00:00
SAO_3903-10,São Paulo,3550308,True,,34239,,,-23.5229475,-46.545007,,,,2,2023-06-17T02:44:34+00:00
SAO_4732-10,São Paulo,3550308,True,Rápido Campinas,302,https://moovitapp.com/index/pt-br/transporte_p%C3%BAblico-line-302-Sao_Paulo-242-858660-23262913-0,5.3,-23.618575749999998,-46.637992499999996,,,,1,2023-06-17T02:44:25+00:00
SAO_4732-10,São Paulo,3550308,True,Rápido Campinas,302,https://moovitapp.com/index/pt-br/transporte_p%C3%BAblico-line-302-Sao_Paulo-242-858660-23262913-0,5.3,-23.6377115,-46.607819500000005,,,,1,2023-06-17T02:44:10+00:00
SAO_4732-10,São Paulo,3550308,True,Rápido Campinas,302,https://moovitapp.com/index/pt-br/transporte_p%C3%BAblico-line-302-Sao_Paulo-242-858660-23262913-0,5.3,-23.647742,-46.5999445,,,,1,2023-06-17T02:44:07+00:00
SAO_5024-31,São Paulo,3550308,True,,33891,,,-23.6827565,-46.6678625,,,,2,2023-06-17T02:44:12+00:00
SAO_5024-31,São Paulo,3550308,True,,33891,,,-23.68627875,-46.66321825,,,,2,2023-06-17T02:44:30+00:00
SAO_5024-31,São Paulo,3550308,True,,33891,,,-23.661956500000002,-46.693298,,,,2,2023-06-17T02:44:11+00:00
SAO_2733-10,São Paulo,3550308,True,,948,,,-23.52150925,-46.4630845,,,,1,2023-06-17T02:44:24+00:00
SAO_2733-10,São Paulo,3550308,True,,948,,,-23.535528,-46.4545035,,,,1,2023-06-17T02:44:05+00:00
SAO_2733-10,São Paulo,3550308,True,,948,,,-23.5157015,-46.462250999999995,,,,1,2023-06-17T02:44:28+00:00
SAO_2733-10,São Paulo,3550308,True,,948,,,-23.5157015,-46.462250999999995,,,,1,2023-06-17T02:44:06+00:00
SAO_2722-31,São Paulo,3550308,True,,936,,,-23.5281875,-46.515938500000004,,,,1,2023-06-17T02:44:36+00:00
SAO_2722-31,São Paulo,3550308,True,,936,,,-23.528614,-46.5162345,,,,1,2023-06-17T02:44:18+00:00
SAO_2722-31,São Paulo,3550308,True,,936,,,-23.528614,-46.5162345,,,,1,2023-06-17T02:43:59+00:00
SAO_2722-31,São Paulo,3550308,True,,936,,,-23.528614,-46.5162345,,,,1,2023-06-17T02:44:00+00:00
SAO_2722-31,São Paulo,3550308,True,,936,,,-23.495703,-46.49153224999999,,,,1,2023-06-17T02:43:48+00:00
SAO_2722-31,São Paulo,3550308,True,,936,,,-23.518715999999998,-46.512034,,,,1,2023-06-17T02:44:38+00:00
SAO_809U-10,São Paulo,3550308,True,,35022,,,-23.5529145,-46.7319765,,,,2,2023-06-17T02:44:22+00:00
SAO_809U-10,São Paulo,3550308,True,,35022,,,-23.55757,-46.7111275,,,,2,2023-06-17T02:44:24+00:00
SAO_875H-10,São Paulo,3550308,True,,1340,,,-23.580652375,-46.639004375,,,,1,2023-06-17T02:44:36+00:00
SAO_875H-10,São Paulo,3550308,True,,1340,,,-23.520611,-46.699345,,,,1,2023-06-17T02:44:33+00:00
SAO_875H-10,São Paulo,3550308,True,,1340,,,-23.55217,-46.679386,,,,1,2023-06-17T02:44:18+00:00
SAO_875H-10,São Paulo,3550308,True,,1340,,,-23.520361,-46.699228,,,,1,2023-06-17T02:44:25+00:00
SAO_875H-10,São Paulo,3550308,True,,1340,,,-23.525005999999998,-46.687366499999996,,,,1,2023-06-17T02:44:36+00:00
SAO_2703-10,São Paulo,3550308,True,,33683,,,-23.529075,-46.42023275,,,,2,2023-06-17T02:40:32+00:00
SAO_2703-10,São Paulo,3550308,True,,33683,,,-23.522907,-46.42693,,,,2,2023-06-17T02:41:06+00:00
SAO_2703-10,São Paulo,3550308,True,,33683,,,-23.5387995,-46.4570265,,,,2,2023-06-17T02:44:06+00:00
SAO_2703-10,São Paulo,3550308,True,,33683,,,-23.529871749999998,-46.419605250000004,,,,2,2023-06-17T02:43:12+00:00
SAO_2703-10,São Paulo,3550308,True,,33683,,,-23.5313555,-46.4183815,,,,2,2023-06-17T02:43:57+00:00
SAO_2703-10,São Paulo,3550308,True,,33683,,,-23.5292015,-46.420719500000004,,,,2,2023-06-17T02:44:02+00:00
SAO_2703-10,São Paulo,3550308,True,,33683,,,-23.526180000000004,-46.432632749999996,,,,2,2023-06-17T02:44:09+00:00
SAO_2703-10,São Paulo,3550308,True,,33683,,,-23.530752,-46.448350000000005,,,,2,2023-06-17T02:44:23+00:00
SAO_2058-10,São Paulo,3550308,True,,259,,,-23.507191875,-46.403003999999996,,,,1,2023-06-17T02:44:31+00:00
SAO_172J-10,São Paulo,3550308,True,,33624,,,-23.52836875,-46.58836875,,,,2,2023-06-17T02:43:09+00:00
SAO_172J-10,São Paulo,3550308,True,,33624,,,-23.48940375,-46.57123325,,,,2,2023-06-17T02:41:32+00:00
SAO_172J-10,São Paulo,3550308,True,,33624,,,-23.5316475,-46.579807,,,,2,2023-06-17T02:43:54+00:00
SAO_172J-10,São Paulo,3550308,True,,33624,,,-23.5226545,-46.581943,,,,2,2023-06-17T02:44:37+00:00
SAO_172J-10,São Paulo,3550308,True,,33624,,,-23.492534499999998,-46.574139,,,,2,2023-06-17T02:44:36+00:00
SAO_172J-10,São Paulo,3550308,True,,33624,,,-23.527805999999998,-46.5856915,,,,2,2023-06-17T02:42:00+00:00
SAO_172J-10,São Paulo,3550308,True,,33624,,,-23.52235075,-46.58216825,,,,2,2023-06-17T02:41:59+00:00
SAO_172J-10,São Paulo,3550308,True,,33624,,,-23.5275885,-46.58530875,,,,2,2023-06-17T02:42:16+00:00
SAO_172J-10,São Paulo,3550308,True,,33624,,,-23.501748,-46.5764895,,,,2,2023-06-17T02:42:20+00:00
SAO_172J-10,São Paulo,3550308,True,,33624,,,-23.491342250000002,-46.574462,,,,2,2023-06-17T02:43:58+00:00
SAO_172J-10,São Paulo,3550308,True,,33624,,,-23.512772874999996,-46.58506425,,,,2,2023-06-17T02:43:57+00:00
SAO_172J-10,São Paulo,3550308,True,,33624,,,-23.479189750000003,-46.56941425,,,,2,2023-06-17T02:44:01+00:00
SAO_172J-10,São Paulo,3550308,True,,33624,,,-23.5090195,-46.5804355,,,,2,2023-06-17T02:44:08+00:00
SAO_8549-10,São Paulo,3550308,True,,33348,,,-23.478405000000002,-46.682612500000005,,,,2,2023-06-17T02:44:40+00:00
SAO_8549-10,São Paulo,3550308,True,,33348,,,-23.4788585,-46.682730500000005,,,,2,2023-06-17T02:44:36+00:00
SAO_8549-10,São Paulo,3550308,True,,33348,,,-23.5155075,-46.6911975,,,,2,2023-06-17T02:44:10+00:00
SAO_8549-10,São Paulo,3550308,True,,33348,,,-23.4555595,-46.693365,,,,2,2023-06-17T02:43:56+00:00
SAO_577T-10,São Paulo,3550308,True,,1291,,,-23.6274845,-46.642675,,,,1,2023-06-17T02:44:07+00:00
SAO_577T-10,São Paulo,3550308,True,,1291,,,-23.6855415,-46.637704,,,,1,2023-06-17T02:43:56+00:00
SAO_577T-10,São Paulo,3550308,True,,1291,,,-23.662898499999997,-46.66141399999999,,,,1,2023-06-17T02:44:25+00:00
SAO_5362-23,São Paulo,3550308,True,,34628,,,-23.7444975,-46.670542499999996,,,,2,2023-06-17T02:43:02+00:00
SAO_5362-23,São Paulo,3550308,True,,34628,,,-23.74435,-46.6720445,,,,2,2023-06-17T02:44:25+00:00
SAO_5362-23,São Paulo,3550308,True,,34628,,,-23.7444975,-46.670542499999996,,,,2,2023-06-17T02:44:08+00:00
SAO_5362-23,São Paulo,3550308,True,,34628,,,-23.7320845,-46.6979035,,,,2,2023-06-17T02:44:35+00:00
SAO_5362-23,São Paulo,3550308,True,,34628,,,-23.67370725,-46.712368999999995,,,,2,2023-06-17T02:44:33+00:00
SAO_5362-23,São Paulo,3550308,True,,34628,,,-23.754302000000003,-46.680133999999995,,,,2,2023-06-17T02:44:21+00:00
SAO_5362-23,São Paulo,3550308,True,,34628,,,-23.7530115,-46.6886865,,,,2,2023-06-17T02:44:01+00:00
SAO_5757-51,São Paulo,3550308,True,,34744,,,-23.6835835,-46.634378999999996,,,,2,2023-06-17T02:44:17+00:00
SAO_5757-51,São Paulo,3550308,True,,34744,,,-23.705361,-46.6431135,,,,2,2023-06-17T02:44:16+00:00
SAO_5757-51,São Paulo,3550308,True,,34744,,,-23.688341,-46.63870525,,,,2,2023-06-17T02:44:37+00:00
SAO_5757-51,São Paulo,3550308,True,,34744,,,-23.695220499999998,-46.6491475,,,,2,2023-06-17T02:44:35+00:00
SAO_5757-51,São Paulo,3550308,True,,34744,,,-23.7074865,-46.641363999999996,,,,2,2023-06-17T02:43:55+00:00
SAO_5757-51,São Paulo,3550308,True,,34744,,,-23.7054175,-46.642888,,,,2,2023-06-17T02:44:14+00:00
SAO_5757-51,São Paulo,3550308,True,,34744,,,-23.635112499999998,-46.640995000000004,,,,2,2023-06-17T02:44:35+00:00
SAO_5757-51,São Paulo,3550308,True,,34744,,,-23.635112499999998,-46.640995000000004,,,,2,2023-06-17T02:44:23+00:00
SAO_5757-51,São Paulo,3550308,True,,34744,,,-23.635112499999998,-46.640995000000004,,,,2,2023-06-17T02:44:08+00:00
SAO_5757-51,São Paulo,3550308,True,,34744,,,-23.7074865,-46.641363999999996,,,,2,2023-06-17T02:43:56+00:00
SAO_5757-51,São Paulo,3550308,True,,34744,,,-23.666031874999998,-46.65678737500001,,,,2,2023-06-17T02:44:33+00:00
SAO_5757-51,São Paulo,3550308,True,,34744,,,-23.671859,-46.6456785,,,,2,2023-06-17T02:44:02+00:00
SAO_5757-51,São Paulo,3550308,True,,34744,,,-23.697448,-46.6487755,,,,2,2023-06-17T02:42:27+00:00
SAO_5757-51,São Paulo,3550308,True,,34744,,,-23.635112499999998,-46.640995000000004,,,,2,2023-06-17T02:44:30+00:00
SAO_179X-10,São Paulo,3550308,True,STT,680,https://moovitapp.com/index/pt-br/transporte_p%C3%BAblico-line-680-Sao_Paulo-242-850661-183334-0,5.3,-23.4385705,-46.58372,,,,1,2023-06-17T02:44:30+00:00
SAO_179X-10,São Paulo,3550308,True,STT,680,https://moovitapp.com/index/pt-br/transporte_p%C3%BAblico-line-680-Sao_Paulo-242-850661-183334-0,5.3,-23.48733625,-46.60051775,,,,1,2023-06-17T02:44:25+00:00
SAO_179X-10,São Paulo,3550308,True,STT,680,https://moovitapp.com/index/pt-br/transporte_p%C3%BAblico-line-680-Sao_Paulo-242-850661-183334-0,5.3,-23.432215,-46.571414000000004,,,,1,2023-06-17T02:44:40+00:00
SAO_179X-10,São Paulo,3550308,True,STT,680,https://moovitapp.com/index/pt-br/transporte_p%C3%BAblico-line-680-Sao_Paulo-242-850661-183334-0,5.3,-23.526459,-46.666861499999996,,,,1,2023-06-17T02:44:38+00:00
SAO_179X-10,São Paulo,3550308,True,STT,680,https://moovitapp.com/index/pt-br/transporte_p%C3%BAblico-line-680-Sao_Paulo-242-850661-183334-0,5.3,-23.4361655,-46.5769085,,,,1,2023-06-17T02:44:08+00:00
SAO_5300-10,São Paulo,3550308,True,EMTU,354,https://moovitapp.com/index/pt-br/transporte_p%C3%BAblico-line-354-Sao_Paulo-242-2038937-36419437-0,7.55,-23.654195,-46.711744499999995,,,,1,2023-06-17T02:44:24+00:00
SAO_5300-10,São Paulo,3550308,True,EMTU,354,https://moovitapp.com/index/pt-br/transporte_p%C3%BAblico-line-354-Sao_Paulo-242-2038937-36419437-0,7.55,-23.550001,-46.630988,,,,1,2023-06-17T02:44:20+00:00
SAO_5300-10,São Paulo,3550308,True,EMTU,354,https://moovitapp.com/index/pt-br/transporte_p%C3%BAblico-line-354-Sao_Paulo-242-2038937-36419437-0,7.55,-23.654195,-46.711744499999995,,,,1,2023-06-17T02:44:25+00:00
SAO_5300-10,São Paulo,3550308,True,EMTU,354,https://moovitapp.com/index/pt-br/transporte_p%C3%BAblico-line-354-Sao_Paulo-242-2038937-36419437-0,7.55,-23.63999525,-46.696571000000006,,,,1,2023-06-17T02:44:38+00:00
SAO_5300-10,São Paulo,3550308,True,EMTU,354,https://moovitapp.com/index/pt-br/transporte_p%C3%BAblico-line-354-Sao_Paulo-242-2038937-36419437-0,7.55,-23.575755,-46.64204975,,,,1,2023-06-17T02:44:15+00:00
SAO_5300-10,São Paulo,3550308,True,EMTU,354,https://moovitapp.com/index/pt-br/transporte_p%C3%BAblico-line-354-Sao_Paulo-242-2038937-36419437-0,7.55,-23.606327,-46.66468075,,,,1,2023-06-17T02:44:31+00:00
SAO_5300-10,São Paulo,3550308,True,EMTU,354,https://moovitapp.com/index/pt-br/transporte_p%C3%BAblico-line-354-Sao_Paulo-242-2038937-36419437-0,7.55,-23.573276,-46.6410445,,,,1,2023-06-17T02:44:37+00:00
SAO_5300-10,São Paulo,3550308,True,EMTU,354,https://moovitapp.com/index/pt-br/transporte_p%C3%BAblico-line-354-Sao_Paulo-242-2038937-36419437-0,7.55,-23.654195,-46.711744499999995,,,,1,2023-06-17T02:44:11+00:00
SAO_6422-10,São Paulo,3550308,True,EMTU,361,https://moovitapp.com/index/pt-br/transporte_p%C3%BAblico-line-361-Sao_Paulo-242-2038937-36419442-0,7.9,-23.606044125000004,-46.675613125,,,,1,2023-06-17T02:44:40+00:00
SAO_6422-10,São Paulo,3550308,True,EMTU,361,https://moovitapp.com/index/pt-br/transporte_p%C3%BAblico-line-361-Sao_Paulo-242-2038937-36419442-0,7.9,-23.57027475,-46.66202125,,,,1,2023-06-17T02:44:23+00:00
SAO_9501-10,São Paulo,3550308,True,EMTU,462,https://moovitapp.com/index/pt-br/transporte_p%C3%BAblico-line-462-Sao_Paulo-242-2038937-36419502-0,7.4,-23.515539,-46.690996,,,,1,2023-06-17T02:44:40+00:00
SAO_9501-10,São Paulo,3550308,True,EMTU,462,https://moovitapp.com/index/pt-br/transporte_p%C3%BAblico-line-462-Sao_Paulo-242-2038937-36419502-0,7.4,-23.5306395,-46.646806,,,,1,2023-06-17T02:44:10+00:00
SAO_9501-10,São Paulo,3550308,True,EMTU,462,https://moovitapp.com/index/pt-br/transporte_p%C3%BAblico-line-462-Sao_Paulo-242-2038937-36419502-0,7.4,-23.475306,-46.6698155,,,,1,2023-06-17T02:44:17+00:00
SAO_9501-10,São Paulo,3550308,True,EMTU,462,https://moovitapp.com/index/pt-br/transporte_p%C3%BAblico-line-462-Sao_Paulo-242-2038937-36419502-0,7.4,-23.475306,-46.6698155,,,,1,2023-06-17T02:43:57+00:00
SAO_9501-10,São Paulo,3550308,True,EMTU,462,https://moovitapp.com/index/pt-br/transporte_p%C3%BAblico-line-462-Sao_Paulo-242-2038937-36419502-0,7.4,-23.542802000000002,-46.637716,,,,1,2023-06-17T02:44:36+00:00
SAO_9501-10,São Paulo,3550308,True,EMTU,462,https://moovitapp.com/index/pt-br/transporte_p%C3%BAblico-line-462-Sao_Paulo-242-2038937-36419502-0,7.4,-23.475306,-46.6698155,,,,1,2023-06-17T02:44:28+00:00
SAO_9501-10,São Paulo,3550308,True,EMTU,462,https://moovitapp.com/index/pt-br/transporte_p%C3%BAblico-line-462-Sao_Paulo-242-2038937-36419502-0,7.4,-23.543519,-46.638079000000005,,,,1,2023-06-17T02:44:23+00:00
SAO_9501-10,São Paulo,3550308,True,EMTU,462,https://moovitapp.com/index/pt-br/transporte_p%C3%BAblico-line-462-Sao_Paulo-242-2038937-36419502-0,7.4,-23.475306,-46.6698155,,,,1,2023-06-17T02:43:57+00:00
SAO_9501-10,São Paulo,3550308,True,EMTU,462,https://moovitapp.com/index/pt-br/transporte_p%C3%BAblico-line-462-Sao_Paulo-242-2038937-36419502-0,7.4,-23.5024575,-46.68765775,,,,1,2023-06-17T02:44:10+00:00
SAO_9501-10,São Paulo,3550308,True,EMTU,462,https://moovitapp.com/index/pt-br/transporte_p%C3%BAblico-line-462-Sao_Paulo-242-2038937-36419502-0,7.4,-23.486594999999998,-46.682212,,,,1,2023-06-17T02:44:37+00:00
SAO_7903-10,São Paulo,3550308,True,,33280,,,-23.5602905,-46.671777500000005,,,,2,2023-06-17T02:44:30+00:00
SAO_7903-10,São Paulo,3550308,True,,33280,,,-23.5477705,-46.641587,,,,2,2023-06-17T02:44:04+00:00
SAO_7903-10,São Paulo,3550308,True,,33280,,,-23.561573625,-46.673936125,,,,2,2023-06-17T02:44:30+00:00
SAO_7903-10,São Paulo,3550308,True,,33280,,,-23.594984500000002,-46.7875925,,,,2,2023-06-17T02:44:40+00:00
SAO_7903-10,São Paulo,3550308,True,,33280,,,-23.5477705,-46.641587,,,,2,2023-06-17T02:43:59+00:00
SAO_7903-10,São Paulo,3550308,True,,33280,,,-23.6001115,-46.7843265,,,,2,2023-06-17T02:44:14+00:00
SAO_6412-10,São Paulo,3550308,True,,33538,,,-23.58740925,-46.676955750000005,,,,2,2023-06-17T02:44:05+00:00
SAO_6412-10,São Paulo,3550308,True,,33538,,,-23.6129735,-46.7162575,,,,2,2023-06-17T02:44:25+00:00
SAO_6412-10,São Paulo,3550308,True,,33538,,,-23.6114195,-46.7183875,,,,2,2023-06-17T02:44:35+00:00
SAO_6412-10,São Paulo,3550308,True,,33538,,,-23.566334125,-46.64822475,,,,2,2023-06-17T02:44:17+00:00
SAO_6412-10,São Paulo,3550308,True,,33538,,,-23.61699275,-46.720967,,,,2,2023-06-17T02:44:05+00:00
SAO_6412-10,São Paulo,3550308,True,,33538,,,-23.5981895,-46.673951,,,,2,2023-06-17T02:41:06+00:00
SAO_477P-10,São Paulo,3550308,True,,33116,,,-23.61806875,-46.6697555,,,,2,2023-06-17T02:44:08+00:00
SAO_477P-10,São Paulo,3550308,True,,33116,,,-23.6274845,-46.642675,,,,2,2023-06-17T02:44:02+00:00
SAO_477P-10,São Paulo,3550308,True,,33116,,,-23.5856175,-46.759887,,,,2,2023-06-17T02:44:00+00:00
SAO_477P-10,São Paulo,3550308,True,,33116,,,-23.6136995,-46.6090465,,,,2,2023-06-17T02:44:33+00:00
SAO_477P-10,São Paulo,3550308,True,,33116,,,-23.62483175,-46.645700125000005,,,,2,2023-06-17T02:43:55+00:00
SAO_477P-10,São Paulo,3550308,True,,33116,,,-23.612551,-46.60875125,,,,2,2023-06-17T02:44:26+00:00
SAO_477P-10,São Paulo,3550308,True,,33116,,,-23.579744875000003,-46.604672375,,,,2,2023-06-17T02:43:57+00:00
SAO_477P-10,São Paulo,3550308,True,,33116,,,-23.574828,-46.76181725,,,,2,2023-06-17T02:44:13+00:00
SAO_3761-10,São Paulo,3550308,True,,33819,,,-23.5984475,-46.45984,,,,2,2023-06-17T02:44:06+00:00
SAO_3761-10,São Paulo,3550308,True,,33819,,,-23.61771875,-46.4233285,,,,2,2023-06-17T02:44:25+00:00
SAO_3761-10,São Paulo,3550308,True,,33819,,,-23.538515,-46.56404,,,,2,2023-06-17T02:44:27+00:00
SAO_3761-10,São Paulo,3550308,True,,33819,,,-23.5462455,-46.52838800000001,,,,2,2023-06-17T02:44:04+00:00
SAO_3761-10,São Paulo,3550308,True,,33819,,,-23.61803925,-46.42337725,,,,2,2023-06-17T02:44:27+00:00
SAO_3761-10,São Paulo,3550308,True,,33819,,,-23.594765,-46.4457455,,,,2,2023-06-17T02:44:17+00:00
SAO_3761-10,São Paulo,3550308,True,,33819,,,-23.61803925,-46.42337725,,,,2,2023-06-17T02:44:25+00:00
SAO_3761-10,São Paulo,3550308,True,,33819,,,-23.5744435,-46.5037255,,,,2,2023-06-17T02:43:58+00:00
SAO_3761-10,São Paulo,3550308,True,,33819,,,-23.598272,-46.472256,,,,2,2023-06-17T02:44:10+00:00
SAO_2720-10,São Paulo,3550308,True,,33701,,,-23.489582,-46.477326500000004,,,,2,2023-06-17T02:44:00+00:00
SAO_2720-10,São Paulo,3550308,True,,33701,,,-23.503828,-46.48126218750001,,,,2,2023-06-17T02:44:28+00:00
SAO_2720-10,São Paulo,3550308,True,,33701,,,-23.5288095,-46.517675499999996,,,,2,2023-06-17T02:44:29+00:00
SAO_2720-10,São Paulo,3550308,True,,33701,,,-23.493021,-46.470974,,,,2,2023-06-17T02:44:39+00:00
SAO_2720-10,São Paulo,3550308,True,,33701,,,-23.500131,-46.477971499999995,,,,2,2023-06-17T02:44:20+00:00
SAO_2720-10,São Paulo,3550308,True,,33701,,,-23.52159825,-46.516639749999996,,,,2,2023-06-17T02:44:09+00:00
SAO_2720-10,São Paulo,3550308,True,,33701,,,-23.526163249999996,-46.5195475,,,,2,2023-06-17T02:44:35+00:00
SAO_677V-10,São Paulo,3550308,True,,32880,,,-23.722094,-46.692022,,,,2,2023-06-17T02:44:31+00:00
SAO_677V-10,São Paulo,3550308,True,,32880,,,-23.726276249999998,-46.7125085,,,,2,2023-06-17T02:44:16+00:00
SAO_677V-10,São Paulo,3550308,True,,32880,,,-23.734598,-46.704702749999996,,,,2,2023-06-17T02:44:21+00:00
SAO_677V-10,São Paulo,3550308,True,,32880,,,-23.744776,-46.7090805,,,,2,2023-06-17T02:44:09+00:00
SAO_677V-10,São Paulo,3550308,True,,32880,,,-23.7443095,-46.709995500000005,,,,2,2023-06-17T02:44:36+00:00
SAO_177H-10,São Paulo,3550308,True,,630,,,-23.557296,-46.681111875,,,,1,2023-06-17T02:43:57+00:00
SAO_177H-10,São Paulo,3550308,True,,630,,,-23.5723855,-46.70432,,,,1,2023-06-17T02:44:22+00:00
SAO_177H-10,São Paulo,3550308,True,,630,,,-23.503169,-46.64256125,,,,1,2023-06-17T02:42:10+00:00
SAO_177H-10,São Paulo,3550308,True,,630,,,-23.553213,-46.732138000000006,,,,1,2023-06-17T02:44:14+00:00
SAO_177H-10,São Paulo,3550308,True,,630,,,-23.572101500000002,-46.703511,,,,1,2023-06-17T02:42:28+00:00
SAO_6200-10,São Paulo,3550308,True,,355,,,-23.5806045,-46.6807885,,,,1,2023-06-17T02:44:06+00:00
SAO_6200-10,São Paulo,3550308,True,,355,,,-23.549253,-46.641041,,,,1,2023-06-17T02:44:22+00:00
SAO_6200-10,São Paulo,3550308,True,,355,,,-23.654486499999997,-46.7150675,,,,1,2023-06-17T02:44:15+00:00
SAO_6200-10,São Paulo,3550308,True,,355,,,-23.6544435,-46.714867,,,,1,2023-06-17T02:44:03+00:00
SAO_6200-10,São Paulo,3550308,True,,355,,,-23.654531499999997,-46.715275500000004,,,,1,2023-06-17T02:44:27+00:00
SAO_6200-10,São Paulo,3550308,True,,355,,,-23.5491125,-46.640139500000004,,,,1,2023-06-17T02:43:59+00:00
SAO_6200-10,São Paulo,3550308,True,,355,,,-23.6095645,-46.697727,,,,1,2023-06-17T02:43:57+00:00
SAO_6200-10,São Paulo,3550308,True,,355,,,-23.567838000000002,-46.6596756875,,,,1,2023-06-17T02:44:13+00:00
SAO_2626-10,São Paulo,3550308,True,,33144,,,-23.523087,-46.410531500000005,,,,2,2023-06-17T02:43:56+00:00
SAO_2626-10,São Paulo,3550308,True,,33144,,,-23.5229185,-46.4105285,,,,2,2023-06-17T02:44:23+00:00
SAO_2626-10,São Paulo,3550308,True,,33144,,,-23.5484935,-46.6265685,,,,2,2023-06-17T02:44:37+00:00
SAO_2626-10,São Paulo,3550308,True,,33144,,,-23.5189075,-46.523844875,,,,2,2023-06-17T02:44:28+00:00
SAO_2626-10,São Paulo,3550308,True,,33144,,,-23.495147000000003,-46.4347765,,,,2,2023-06-17T02:43:55+00:00
SAO_2626-10,São Paulo,3550308,True,,33144,,,-23.506502125,-46.477052750000006,,,,2,2023-06-17T02:43:58+00:00
SAO_2626-10,São Paulo,3550308,True,,33144,,,-23.49855075,-46.41123775,,,,2,2023-06-17T02:44:24+00:00
SAO_478P-10,São Paulo,3550308,True,,33117,,,-23.602137749999997,-46.6088755,,,,2,2023-06-17T02:43:55+00:00
SAO_478P-10,São Paulo,3550308,True,,33117,,,-23.629079,-46.598518,,,,2,2023-06-17T02:44:27+00:00
SAO_478P-10,São Paulo,3550308,True,,33117,,,-23.57276425,-46.64287075,,,,2,2023-06-17T02:44:28+00:00
SAO_478P-10,São Paulo,3550308,True,,33117,,,-23.613267999999998,-46.606435000000005,,,,2,2023-06-17T02:44:11+00:00
SAO_6455-10,São Paulo,3550308,True,,63,,,-23.654127000000003,-46.762448000000006,,,,1,2023-06-17T02:44:25+00:00
SAO_6455-10,São Paulo,3550308,True,,63,,,-23.618442,-46.6761025,,,,1,2023-06-17T02:44:10+00:00
SAO_6455-10,São Paulo,3550308,True,,63,,,-23.551567,-46.635391,,,,1,2023-06-17T02:44:41+00:00
SAO_6455-10,São Paulo,3550308,True,,63,,,-23.653186749999996,-46.75901425,,,,1,2023-06-17T02:44:08+00:00
SAO_607M-10,São Paulo,3550308,True,,2036,,,-23.736596499999997,-46.6971045,,,,1,2023-06-17T02:44:16+00:00
SAO_607M-10,São Paulo,3550308,True,,2036,,,-23.636318375000002,-46.694568875,,,,1,2023-06-17T02:44:03+00:00
SAO_607M-10,São Paulo,3550308,True,,2036,,,-23.7374655,-46.6974125,,,,1,2023-06-17T02:44:15+00:00
SAO_607M-10,São Paulo,3550308,True,,2036,,,-23.7374655,-46.6974125,,,,1,2023-06-17T02:43:55+00:00
SAO_4055-10,São Paulo,3550308,True,,2447,,,-23.5430895,-46.416463,,,,1,2023-06-17T02:42:44+00:00
SAO_4055-10,São Paulo,3550308,True,,2447,,,-23.551625,-46.4187805,,,,1,2023-06-17T02:43:12+00:00
SAO_175P-10,São Paulo,3550308,True,,33443,,,-23.5852253125,-46.636866312500004,,,,2,2023-06-17T02:43:54+00:00
SAO_175P-10,São Paulo,3550308,True,,33443,,,-23.5269985,-46.66446675,,,,2,2023-06-17T02:44:38+00:00
SAO_175P-10,São Paulo,3550308,True,,33443,,,-23.5863984375,-46.6361194375,,,,2,2023-06-17T02:44:37+00:00
SAO_175P-10,São Paulo,3550308,True,,33443,,,-23.502966999999998,-46.6260415,,,,2,2023-06-17T02:44:35+00:00
SAO_175P-10,São Paulo,3550308,True,,33443,,,-23.508687000000002,-46.6548095,,,,2,2023-06-17T02:44:34+00:00
SAO_175P-10,São Paulo,3550308,True,,33443,,,-23.514272500000004,-46.65352125,,,,2,2023-06-17T02:44:37+00:00
SAO_175P-10,São Paulo,3550308,True,,33443,,,-23.532115750000003,-46.66159325,,,,2,2023-06-17T02:44:37+00:00
SAO_175P-10,São Paulo,3550308,True,,33443,,,-23.501612,-46.650401,,,,2,2023-06-17T02:44:20+00:00
SAO_175P-10,São Paulo,3550308,True,,33443,,,-23.575100499999998,-46.6415335,,,,2,2023-06-17T02:44:32+00:00
SAO_775N-10,São Paulo,3550308,True,,33242,,,-23.530982,-46.7141805,,,,2,2023-06-17T02:44:09+00:00
SAO_775N-10,São Paulo,3550308,True,,33242,,,-23.572331249999998,-46.7605825,,,,2,2023-06-17T02:44:20+00:00
SAO_775N-10,São Paulo,3550308,True,,33242,,,-23.576649500000002,-46.7657045,,,,2,2023-06-17T02:43:58+00:00
SAO_7023-10,São Paulo,3550308,True,,34920,,,-23.699091000000003,-46.769005,,,,2,2023-06-17T02:44:31+00:00
SAO_7023-10,São Paulo,3550308,True,,34920,,,-23.6995785,-46.763411500000004,,,,2,2023-06-17T02:43:12+00:00
SAO_7023-10,São Paulo,3550308,True,,34920,,,-23.699899249999998,-46.7638045,,,,2,2023-06-17T02:43:54+00:00
SAO_7023-10,São Paulo,3550308,True,,34920,,,-23.6866445,-46.754375499999995,,,,2,2023-06-17T02:44:22+00:00
SAO_7023-10,São Paulo,3550308,True,,34920,,,-23.6658115,-46.713567,,,,2,2023-06-17T02:44:28+00:00
SAO_7023-10,São Paulo,3550308,True,,34920,,,-23.668170500000002,-46.732837,,,,2,2023-06-17T02:39:43+00:00
SAO_6046-10,São Paulo,3550308,True,,33991,,,-23.684404999999998,-46.7817855,,,,2,2023-06-17T02:44:25+00:00
SAO_6046-10,São Paulo,3550308,True,,33991,,,-23.650240000000004,-46.756395999999995,,,,2,2023-06-17T02:44:07+00:00
SAO_6046-10,São Paulo,3550308,True,,33991,,,-23.684154999999997,-46.7816525,,,,2,2023-06-17T02:44:37+00:00
SAO_6046-10,São Paulo,3550308,True,,33991,,,-23.642645124999998,-46.7095925,,,,2,2023-06-17T02:44:37+00:00
SAO_6046-10,São Paulo,3550308,True,,33991,,,-23.684497999999998,-46.781904499999996,,,,2,2023-06-17T02:43:59+00:00
SAO_6046-10,São Paulo,3550308,True,,33991,,,-23.672831000000002,-46.7734025,,,,2,2023-06-17T02:44:21+00:00
SAO_6046-10,São Paulo,3550308,True,,33991,,,-23.647415,-46.7474595,,,,2,2023-06-17T02:44:04+00:00
SAO_807P-10,São Paulo,3550308,True,,34867,,,-23.616477500000002,-46.7208605,,,,2,2023-06-17T02:44:07+00:00
SAO_807P-10,São Paulo,3550308,True,,34867,,,-23.618519,-46.7217725,,,,2,2023-06-17T02:44:07+00:00
SAO_807P-10,São Paulo,3550308,True,,34867,,,-23.6347165,-46.7242605,,,,2,2023-06-17T02:44:34+00:00
SAO_807P-10,São Paulo,3550308,True,,34867,,,-23.6505525,-46.7185535,,,,2,2023-06-17T02:44:22+00:00
SAO_807P-10,São Paulo,3550308,True,,34867,,,-23.634705,-46.7224165,,,,2,2023-06-17T02:44:18+00:00
SAO_5110-10,São Paulo,3550308,True,,34977,,,-23.6136555,-46.476372999999995,,,,2,2023-06-17T02:44:05+00:00
SAO_5110-10,São Paulo,3550308,True,,34977,,,-23.605445500000002,-46.508540749999995,,,,2,2023-06-17T02:40:54+00:00
SAO_5110-10,São Paulo,3550308,True,,34977,,,-23.6141145,-46.476496999999995,,,,2,2023-06-17T02:43:55+00:00
SAO_5110-10,São Paulo,3550308,True,,34977,,,-23.593593749999997,-46.539682875,,,,2,2023-06-17T02:44:24+00:00
SAO_5110-10,São Paulo,3550308,True,,34977,,,-23.608694,-46.506142499999996,,,,2,2023-06-17T02:43:37+00:00
SAO_5110-10,São Paulo,3550308,True,,34977,,,-23.6141145,-46.476496999999995,,,,2,2023-06-17T02:44:15+00:00
SAO_5110-10,São Paulo,3550308,True,,34977,,,-23.57898025,-46.599997,,,,2,2023-06-17T02:44:30+00:00
SAO_5110-10,São Paulo,3550308,True,,34977,,,-23.61246875,-46.48808525,,,,2,2023-06-17T02:42:07+00:00
SAO_5110-10,São Paulo,3550308,True,,34977,,,-23.6141145,-46.476496999999995,,,,2,2023-06-17T02:44:03+00:00
SAO_5110-10,São Paulo,3550308,True,,34977,,,-23.583012874999998,-46.569127374999994,,,,2,2023-06-17T02:43:53+00:00
SAO_5110-10,São Paulo,3550308,True,,34977,,,-23.605445500000002,-46.508540749999995,,,,2,2023-06-17T02:41:58+00:00
SAO_4729-10,São Paulo,3550308,True,,33876,,,-23.586249125,-46.535887,,,,2,2023-06-17T02:43:59+00:00
SAO_4729-10,São Paulo,3550308,True,,33876,,,-23.587367,-46.53311175,,,,2,2023-06-17T02:43:57+00:00
SAO_4729-10,São Paulo,3550308,True,,33876,,,-23.552689,-46.579106624999994,,,,2,2023-06-17T02:44:26+00:00
SAO_4729-10,São Paulo,3550308,True,,33876,,,-23.591147,-46.507459999999995,,,,2,2023-06-17T02:44:10+00:00
SAO_6026-10,São Paulo,3550308,True,,32855,,,-23.748841,-46.703187,,,,2,2023-06-17T02:34:20+00:00
SAO_6026-10,São Paulo,3550308,True,,32855,,,-23.748841,-46.703187,,,,2,2023-06-17T02:44:35+00:00
SAO_6026-10,São Paulo,3550308,True,,32855,,,-23.6667895,-46.69017375,,,,2,2023-06-17T02:44:01+00:00
SAO_6026-10,São Paulo,3550308,True,,32855,,,-23.718092,-46.699233,,,,2,2023-06-17T02:44:10+00:00
SAO_6026-10,São Paulo,3550308,True,,32855,,,-23.7496585,-46.701126,,,,2,2023-06-17T02:37:45+00:00
SAO_6026-10,São Paulo,3550308,True,,32855,,,-23.7066905,-46.6882625,,,,2,2023-06-17T02:43:58+00:00
SAO_3718-10,São Paulo,3550308,True,,1013,,,-23.5508795,-46.48185025,,,,1,2023-06-17T02:44:20+00:00
SAO_3718-10,São Paulo,3550308,True,,1013,,,-23.540547,-46.485232999999994,,,,1,2023-06-17T02:44:29+00:00
SAO_3718-10,São Paulo,3550308,True,,1013,,,-23.5535905,-46.489943,,,,1,2023-06-17T02:44:41+00:00
SAO_3718-10,São Paulo,3550308,True,,1013,,,-23.5460555,-46.48115,,,,1,2023-06-17T02:44:21+00:00
SAO_3718-10,São Paulo,3550308,True,,1013,,,-23.540547,-46.485232999999994,,,,1,2023-06-17T02:44:26+00:00
SAO_3718-10,São Paulo,3550308,True,,1013,,,-23.5528485,-46.492056500000004,,,,1,2023-06-17T02:44:40+00:00
SAO_2023-10,São Paulo,3550308,True,,35028,,,-23.3990705,-46.577631,,,,2,2023-06-17T02:43:56+00:00
SAO_2023-10,São Paulo,3550308,True,,35028,,,-23.398296000000002,-46.577902,,,,2,2023-06-17T02:41:29+00:00
SAO_2023-10,São Paulo,3550308,True,,35028,,,-23.408016,-46.582280874999995,,,,2,2023-06-17T02:44:12+00:00
SAO_2023-10,São Paulo,3550308,True,,35028,,,-23.4579565,-46.602463,,,,2,2023-06-17T02:42:26+00:00
SAO_2023-10,São Paulo,3550308,True,,35028,,,-23.3988855,-46.5776345,,,,2,2023-06-17T02:43:58+00:00
SAO_476A-10,São Paulo,3550308,True,,33072,,,-23.6297535,-46.6677955,,,,2,2023-06-17T02:44:13+00:00
SAO_476A-10,São Paulo,3550308,True,,33072,,,-23.616013000000002,-46.658810125,,,,2,2023-06-17T02:44:35+00:00
SAO_476A-10,São Paulo,3550308,True,,33072,,,-23.648898000000003,-46.703265,,,,2,2023-06-17T02:44:29+00:00
SAO_476A-10,São Paulo,3550308,True,,33072,,,-23.577792125000002,-46.601164,,,,2,2023-06-17T02:44:23+00:00
SAO_476A-10,São Paulo,3550308,True,,33072,,,-23.58328525,-46.604645874999996,,,,2,2023-06-17T02:43:58+00:00
SAO_476A-10,São Paulo,3550308,True,,33072,,,-23.605772375,-46.658160249999995,,,,2,2023-06-17T02:44:13+00:00
SAO_273J-10,São Paulo,3550308,True,,33157,,,-23.5191625,-46.4699235,,,,2,2023-06-17T02:43:50+00:00
SAO_273J-10,São Paulo,3550308,True,,33157,,,-23.53317,-46.5436085,,,,2,2023-06-17T02:44:04+00:00
SAO_273J-10,São Paulo,3550308,True,,33157,,,-23.490437500000002,-46.419823750000006,,,,2,2023-06-17T02:44:26+00:00
SAO_273J-10,São Paulo,3550308,True,,33157,,,-23.514915249999998,-46.49101525,,,,2,2023-06-17T02:44:04+00:00
SAO_273J-10,São Paulo,3550308,True,,33157,,,-23.479516375,-46.385100625,,,,2,2023-06-17T02:44:36+00:00
SAO_273J-10,São Paulo,3550308,True,,33157,,,-23.523032,-46.522259000000005,,,,2,2023-06-17T02:44:20+00:00
SAO_273J-10,São Paulo,3550308,True,,33157,,,-23.4789165,-46.384702000000004,,,,2,2023-06-17T02:43:59+00:00
SAO_273J-10,São Paulo,3550308,True,,33157,,,-23.485933624999998,-46.42119125,,,,2,2023-06-17T02:44:25+00:00
SAO_701A-10,São Paulo,3550308,True,,689,,,-23.53906475,-46.6071805,,,,1,2023-06-17T02:44:03+00:00
SAO_701A-10,São Paulo,3550308,True,,689,,,-23.473947,-46.5664555,,,,1,2023-06-17T02:44:36+00:00
SAO_701A-10,São Paulo,3550308,True,,689,,,-23.4773085,-46.5744725,,,,1,2023-06-17T02:43:39+00:00
SAO_701A-10,São Paulo,3550308,True,,689,,,-23.475741,-46.5686585,,,,1,2023-06-17T02:44:06+00:00
SAO_701A-10,São Paulo,3550308,True,,689,,,-23.555425,-46.663049,,,,1,2023-06-17T02:44:09+00:00
SAO_1722-10,São Paulo,3550308,True,,864,,,-23.4694165,-46.6462725,,,,1,2023-06-17T02:43:42+00:00
SAO_1722-10,São Paulo,3550308,True,,864,,,-23.471667,-46.651328,,,,1,2023-06-17T02:44:03+00:00
SAO_1722-10,São Paulo,3550308,True,,864,,,-23.479046500000003,-46.6015705,,,,1,2023-06-17T02:44:33+00:00
SAO_1722-10,São Paulo,3550308,True,,864,,,-23.468546250000003,-46.59135925,,,,1,2023-06-17T02:44:13+00:00
SAO_1722-10,São Paulo,3550308,True,,864,,,-23.468546250000003,-46.59135925,,,,1,2023-06-17T02:44:19+00:00
SAO_2719-10,São Paulo,3550308,True,,932,,,-23.4974475,-46.4863395,,,,1,2023-06-17T02:44:10+00:00
SAO_2719-10,São Paulo,3550308,True,,932,,,-23.531430999999998,-46.529588000000004,,,,1,2023-06-17T02:44:35+00:00
SAO_2719-10,São Paulo,3550308,True,,932,,,-23.51225975,-46.513458,,,,1,2023-06-17T02:44:37+00:00
SAO_2719-10,São Paulo,3550308,True,,932,,,-23.4953355,-46.468536,,,,1,2023-06-17T02:44:21+00:00
SAO_2719-10,São Paulo,3550308,True,,932,,,-23.531342000000002,-46.5303805,,,,1,2023-06-17T02:44:35+00:00
SAO_2719-10,São Paulo,3550308,True,,932,,,-23.510844249999998,-46.508745000000005,,,,1,2023-06-17T02:44:35+00:00
SAO_2719-10,São Paulo,3550308,True,,932,,,-23.509238,-46.4963685,,,,1,2023-06-17T02:44:19+00:00
SAO_2719-10,São Paulo,3550308,True,,932,,,-23.494683000000002,-46.4692835,,,,1,2023-06-17T02:44:09+00:00
SAO_2719-10,São Paulo,3550308,True,,932,,,-23.528198875,-46.527986375,,,,1,2023-06-17T02:44:06+00:00
SAO_7053-22,São Paulo,3550308,True,,34664,,,-23.645042500000002,-46.789187999999996,,,,2,2023-06-17T02:44:38+00:00
SAO_4025-10,São Paulo,3550308,True,,1095,,,-23.54147175,-46.573660249999996,,,,1,2023-06-17T02:44:31+00:00
SAO_4025-10,São Paulo,3550308,True,,1095,,,-23.6089725,-46.555958000000004,,,,1,2023-06-17T02:44:11+00:00
SAO_4025-10,São Paulo,3550308,True,,1095,,,-23.563797,-46.575656,,,,1,2023-06-17T02:44:24+00:00
SAO_4025-10,São Paulo,3550308,True,,1095,,,-23.60848,-46.554349,,,,1,2023-06-17T02:44:29+00:00
SAO_4025-10,São Paulo,3550308,True,,1095,,,-23.592334625,-46.55720725,,,,1,2023-06-17T02:44:15+00:00
SAO_4025-10,São Paulo,3550308,True,,1095,,,-23.60848,-46.554349,,,,1,2023-06-17T02:43:59+00:00
SAO_4025-10,São Paulo,3550308,True,,1095,,,-23.540949375,-46.573049749999996,,,,1,2023-06-17T02:43:31+00:00
SAO_4025-10,São Paulo,3550308,True,,1095,,,-23.5827965,-46.5851425,,,,1,2023-06-17T02:44:30+00:00
SAO_106A-10,São Paulo,3550308,True,,516,,,-23.59055825,-46.68854449999999,,,,1,2023-06-17T02:44:03+00:00
SAO_106A-10,São Paulo,3550308,True,,516,,,-23.502099,-46.62419250000001,,,,1,2023-06-17T02:44:08+00:00
SAO_106A-10,São Paulo,3550308,True,,516,,,-23.59493975,-46.68952,,,,1,2023-06-17T02:44:06+00:00
SAO_106A-10,São Paulo,3550308,True,,516,,,-23.527998,-46.6315865,,,,1,2023-06-17T02:44:24+00:00
SAO_106A-10,São Paulo,3550308,True,,516,,,-23.590813,-46.688639499999994,,,,1,2023-06-17T02:44:26+00:00
SAO_106A-10,São Paulo,3550308,True,,516,,,-23.58963425,-46.688204,,,,1,2023-06-17T02:44:33+00:00
SAO_106A-10,São Paulo,3550308,True,,516,,,-23.569391250000002,-46.661404000000005,,,,1,2023-06-17T02:44:00+00:00
SAO_106A-10,São Paulo,3550308,True,,516,,,-23.593501000000003,-46.6806615,,,,1,2023-06-17T02:43:55+00:00
SAO_675M-10,São Paulo,3550308,True,ETT,108,https://moovitapp.com/index/pt-br/transporte_p%C3%BAblico-line-108-Sao_Paulo-242-876373-496510-0,5.3,-23.68825375,-46.6884285,,,,1,2023-06-17T02:44:02+00:00
SAO_675M-10,São Paulo,3550308,True,ETT,108,https://moovitapp.com/index/pt-br/transporte_p%C3%BAblico-line-108-Sao_Paulo-242-876373-496510-0,5.3,-23.650502625,-46.6641755,,,,1,2023-06-17T02:44:18+00:00
SAO_675M-10,São Paulo,3550308,True,ETT,108,https://moovitapp.com/index/pt-br/transporte_p%C3%BAblico-line-108-Sao_Paulo-242-876373-496510-0,5.3,-23.720964000000002,-46.676227,,,,1,2023-06-17T02:44:29+00:00
SAO_675M-10,São Paulo,3550308,True,ETT,108,https://moovitapp.com/index/pt-br/transporte_p%C3%BAblico-line-108-Sao_Paulo-242-876373-496510-0,5.3,-23.720808,-46.675711500000006,,,,1,2023-06-17T02:44:12+00:00
SAO_6016-10,São Paulo,3550308,True,,84,,,-23.7690475,-46.676784749999996,,,,1,2023-06-17T02:44:41+00:00
SAO_6016-10,São Paulo,3550308,True,,84,,,-23.7716985,-46.6731285,,,,1,2023-06-17T02:44:06+00:00
SAO_6016-10,São Paulo,3550308,True,,84,,,-23.745667,-46.689012000000005,,,,1,2023-06-17T02:44:31+00:00
SAO_6016-10,São Paulo,3550308,True,,84,,,-23.734681375,-46.694479375,,,,1,2023-06-17T02:44:39+00:00
SAO_6016-10,São Paulo,3550308,True,,84,,,-23.7716985,-46.6731285,,,,1,2023-06-17T02:44:09+00:00
SAO_2013-10,São Paulo,3550308,True,,33667,,,-23.459094,-46.6566505,,,,2,2023-06-17T02:44:11+00:00
SAO_2013-10,São Paulo,3550308,True,,33667,,,-23.4671235,-46.662875,,,,2,2023-06-17T02:39:10+00:00
SAO_2013-10,São Paulo,3550308,True,,33667,,,-23.454400999999997,-46.658887,,,,2,2023-06-17T02:41:41+00:00
SAO_2013-10,São Paulo,3550308,True,,33667,,,-23.454400999999997,-46.658887,,,,2,2023-06-17T02:44:10+00:00
SAO_2013-10,São Paulo,3550308,True,,33667,,,-23.454283,-46.658618,,,,2,2023-06-17T02:44:27+00:00
SAO_2013-10,São Paulo,3550308,True,,33667,,,-23.467416,-46.670148499999996,,,,2,2023-06-17T02:44:16+00:00
SAO_2013-10,São Paulo,3550308,True,,33667,,,-23.469281000000002,-46.655507,,,,2,2023-06-17T02:43:47+00:00
SAO_2013-10,São Paulo,3550308,True,,33667,,,-23.4552945,-46.659262,,,,2,2023-06-17T02:44:02+00:00
SAO_5106-10,São Paulo,3550308,True,,34048,,,-23.635889,-46.6414665,,,,2,2023-06-17T02:44:24+00:00
SAO_5106-10,São Paulo,3550308,True,,34048,,,-23.679767,-46.631440125,,,,2,2023-06-17T02:41:47+00:00
SAO_5106-10,São Paulo,3550308,True,,34048,,,-23.645675250000004,-46.64110625,,,,2,2023-06-17T02:39:58+00:00
SAO_5106-10,São Paulo,3550308,True,,34048,,,-23.59326775,-46.6366685,,,,2,2023-06-17T02:44:27+00:00
SAO_5106-10,São Paulo,3550308,True,,34048,,,-23.694391,-46.6472535,,,,2,2023-06-17T02:43:58+00:00
SAO_5106-10,São Paulo,3550308,True,,34048,,,-23.59326775,-46.6366685,,,,2,2023-06-17T02:44:31+00:00
SAO_5106-10,São Paulo,3550308,True,,34048,,,-23.6853365,-46.654162,,,,2,2023-06-17T02:44:21+00:00
SAO_5106-10,São Paulo,3550308,True,,34048,,,-23.555790000000002,-46.639568,,,,2,2023-06-17T02:44:35+00:00
SAO_5106-10,São Paulo,3550308,True,,34048,,,-23.694557,-46.647653500000004,,,,2,2023-06-17T02:43:56+00:00
SAO_8548-10,São Paulo,3550308,True,EMTU,578,https://moovitapp.com/index/pt-br/transporte_p%C3%BAblico-line-578-Sao_Paulo-242-2038937-36419568-0,5.4,-23.4473105,-46.7155255,,,,1,2023-06-17T02:44:15+00:00
SAO_8548-10,São Paulo,3550308,True,EMTU,578,https://moovitapp.com/index/pt-br/transporte_p%C3%BAblico-line-578-Sao_Paulo-242-2038937-36419568-0,5.4,-23.504914499999998,-46.6900215,,,,1,2023-06-17T02:44:22+00:00
SAO_8548-10,São Paulo,3550308,True,EMTU,578,https://moovitapp.com/index/pt-br/transporte_p%C3%BAblico-line-578-Sao_Paulo-242-2038937-36419568-0,5.4,-23.4436925,-46.7054325,,,,1,2023-06-17T02:44:28+00:00
SAO_7051-10,São Paulo,3550308,True,,1885,,,-23.652041,-46.7788175,,,,1,2023-06-17T02:44:20+00:00
SAO_7051-10,São Paulo,3550308,True,,1885,,,-23.655096,-46.7838845,,,,1,2023-06-17T02:44:00+00:00
SAO_7051-10,São Paulo,3550308,True,,1885,,,-23.655096,-46.7838845,,,,1,2023-06-17T02:44:06+00:00
SAO_6035-21,São Paulo,3550308,True,,34563,,,-23.669277,-46.73549875,,,,2,2023-06-17T02:44:37+00:00
SAO_6035-21,São Paulo,3550308,True,,34563,,,-23.6960665,-46.76472625,,,,2,2023-06-17T02:44:09+00:00
SAO_6035-21,São Paulo,3550308,True,,34563,,,-23.721791,-46.76992800000001,,,,2,2023-06-17T02:44:07+00:00
SAO_6035-21,São Paulo,3550308,True,,34563,,,-23.720727000000004,-46.75911875,,,,2,2023-06-17T02:44:13+00:00
SAO_407G-10,São Paulo,3550308,True,,34964,,,-23.610859750000003,-46.4343145,,,,2,2023-06-17T02:39:57+00:00
SAO_407G-10,São Paulo,3550308,True,,34964,,,-23.6086825,-46.4525535,,,,2,2023-06-17T02:44:01+00:00
SAO_407G-10,São Paulo,3550308,True,,34964,,,-23.610308500000002,-46.434768500000004,,,,2,2023-06-17T02:44:35+00:00
SAO_407G-10,São Paulo,3550308,True,,34964,,,-23.546472,-46.528173,,,,2,2023-06-17T02:44:23+00:00
SAO_407G-10,São Paulo,3550308,True,,34964,,,-23.610859750000003,-46.4343145,,,,2,2023-06-17T02:44:17+00:00
SAO_407G-10,São Paulo,3550308,True,,34964,,,-23.606958,-46.4368745,,,,2,2023-06-17T02:43:53+00:00
SAO_407G-10,São Paulo,3550308,True,,34964,,,-23.61138675,-46.43386674999999,,,,2,2023-06-17T02:44:30+00:00
SAO_407G-10,São Paulo,3550308,True,,34964,,,-23.61114025,-46.43407825,,,,2,2023-06-17T02:44:11+00:00
SAO_407G-10,São Paulo,3550308,True,,34964,,,-23.575791,-46.5027715,,,,2,2023-06-17T02:44:05+00:00
SAO_407G-10,São Paulo,3550308,True,,34964,,,-23.5956145,-46.487649,,,,2,2023-06-17T02:43:58+00:00
SAO_407G-10,São Paulo,3550308,True,,34964,,,-23.539853125,-46.543224125,,,,2,2023-06-17T02:44:29+00:00
SAO_407G-10,São Paulo,3550308,True,,34964,,,-23.575232749999998,-46.503189250000005,,,,2,2023-06-17T02:44:23+00:00
SAO_407G-10,São Paulo,3550308,True,,34964,,,-23.5956145,-46.487649,,,,2,2023-06-17T02:44:21+00:00
SAO_407G-10,São Paulo,3550308,True,,34964,,,-23.61114025,-46.43407825,,,,2,2023-06-17T02:44:02+00:00
SAO_407G-10,São Paulo,3550308,True,,34964,,,-23.5831245,-46.492179500000006,,,,2,2023-06-17T02:44:06+00:00
SAO_407G-10,São Paulo,3550308,True,,34964,,,-23.603975,-46.4813555,,,,2,2023-06-17T02:44:06+00:00
SAO_6048-10,São Paulo,3550308,True,BR7 Mobilidade,56,https://moovitapp.com/index/pt-br/transporte_p%C3%BAblico-line-56-Sao_Paulo-242-851856-518592-0,5.75,-23.64951,-46.7071935,,,,1,2023-06-17T02:43:57+00:00
SAO_6048-10,São Paulo,3550308,True,BR7 Mobilidade,56,https://moovitapp.com/index/pt-br/transporte_p%C3%BAblico-line-56-Sao_Paulo-242-851856-518592-0,5.75,-23.6564535,-46.763021,,,,1,2023-06-17T02:44:09+00:00
SAO_6048-10,São Paulo,3550308,True,BR7 Mobilidade,56,https://moovitapp.com/index/pt-br/transporte_p%C3%BAblico-line-56-Sao_Paulo-242-851856-518592-0,5.75,-23.66215,-46.7691005,,,,1,2023-06-17T02:44:22+00:00
SAO_6048-10,São Paulo,3550308,True,BR7 Mobilidade,56,https://moovitapp.com/index/pt-br/transporte_p%C3%BAblico-line-56-Sao_Paulo-242-851856-518592-0,5.75,-23.6805215,-46.769168500000006,,,,1,2023-06-17T02:44:11+00:00
SAO_9181-10,São Paulo,3550308,True,,885,,,-23.457559,-46.6963325,,,,1,2023-06-17T02:44:10+00:00
SAO_9181-10,São Paulo,3550308,True,,885,,,-23.499091125,-46.694361375,,,,1,2023-06-17T02:44:11+00:00
SAO_9181-10,São Paulo,3550308,True,,885,,,-23.503301999999998,-46.6880805,,,,1,2023-06-17T02:44:11+00:00
SAO_9181-10,São Paulo,3550308,True,,885,,,-23.457559,-46.6963325,,,,1,2023-06-17T02:44:26+00:00
SAO_9181-10,São Paulo,3550308,True,,885,,,-23.4644065,-46.695459,,,,1,2023-06-17T02:43:55+00:00
SAO_9181-10,São Paulo,3550308,True,,885,,,-23.457559,-46.6963325,,,,1,2023-06-17T02:44:18+00:00
SAO_8700-1,São Paulo,3550308,True,,2508,,,-23.628000999999998,-46.767390000000006,,,,1,2023-06-17T02:43:55+00:00
SAO_8700-1,São Paulo,3550308,True,,2508,,,-23.6304685,-46.773606,,,,1,2023-06-17T02:44:33+00:00
SAO_8700-1,São Paulo,3550308,True,,2508,,,-23.55870775,-46.668593,,,,1,2023-06-17T02:44:33+00:00
SAO_8700-1,São Paulo,3550308,True,,2508,,,-23.630915,-46.772762,,,,1,2023-06-17T02:44:31+00:00
SAO_8700-1,São Paulo,3550308,True,,2508,,,-23.6304685,-46.773606,,,,1,2023-06-17T02:44:27+00:00
SAO_8700-1,São Paulo,3550308,True,,2508,,,-23.5474995,-46.640241,,,,1,2023-06-17T02:44:28+00:00
SAO_736G-10,São Paulo,3550308,True,,33548,,,-23.6251605,-46.70214850000001,,,,2,2023-06-17T02:44:03+00:00
SAO_736G-10,São Paulo,3550308,True,,33548,,,-23.631795,-46.7493135,,,,2,2023-06-17T02:44:13+00:00
SAO_736G-10,São Paulo,3550308,True,,33548,,,-23.6438595,-46.731730999999996,,,,2,2023-06-17T02:43:19+00:00
SAO_6043-10,São Paulo,3550308,True,,33988,,,-23.66054325,-46.75403825,,,,2,2023-06-17T02:44:20+00:00
SAO_6043-10,São Paulo,3550308,True,,33988,,,-23.655708,-46.754805000000005,,,,2,2023-06-17T02:43:55+00:00
SAO_6043-10,São Paulo,3550308,True,,33988,,,-23.65985575,-46.754189,,,,2,2023-06-17T02:44:07+00:00
SAO_6043-10,São Paulo,3550308,True,,33988,,,-23.660189250000002,-46.754117,,,,2,2023-06-17T02:44:06+00:00
SAO_6043-10,São Paulo,3550308,True,,33988,,,-23.644900999999997,-46.729933,,,,2,2023-06-17T02:44:27+00:00
SAO_1741-10,São Paulo,3550308,True,,539,,,-23.5031265,-46.624462,,,,1,2023-06-17T02:44:19+00:00
SAO_1741-10,São Paulo,3550308,True,,539,,,-23.4639165,-46.663722,,,,1,2023-06-17T02:43:55+00:00
SAO_1741-10,São Paulo,3550308,True,,539,,,-23.482636,-46.64662725,,,,1,2023-06-17T02:44:00+00:00
SAO_6L10-10,São Paulo,3550308,True,,1159,,,-23.802173500000002,-46.734042,,,,1,2023-06-17T02:44:23+00:00
SAO_6L10-10,São Paulo,3550308,True,,1159,,,-23.770802,-46.7186405,,,,1,2023-06-17T02:44:36+00:00
SAO_3003-10,São Paulo,3550308,True,,34565,,,-23.479201250000003,-46.42118275,,,,2,2023-06-17T02:43:59+00:00
SAO_3003-10,São Paulo,3550308,True,,34565,,,-23.479100875,-46.421538125,,,,2,2023-06-17T02:44:10+00:00
SAO_3003-10,São Paulo,3550308,True,,34565,,,-23.482154,-46.431159,,,,2,2023-06-17T02:44:00+00:00
SAO_6505-10,São Paulo,3550308,True,,34218,,,-23.668594499999998,-46.7355085,,,,2,2023-06-17T02:43:59+00:00
SAO_6505-10,São Paulo,3550308,True,,34218,,,-23.6002625,-46.673983,,,,2,2023-06-17T02:44:36+00:00
SAO_6505-10,São Paulo,3550308,True,,34218,,,-23.5706045,-46.6626015,,,,2,2023-06-17T02:44:16+00:00
SAO_6505-10,São Paulo,3550308,True,,34218,,,-23.668899500000002,-46.734364,,,,2,2023-06-17T02:44:37+00:00
SAO_6505-10,São Paulo,3550308,True,,34218,,,-23.636039,-46.6954255,,,,2,2023-06-17T02:44:40+00:00
SAO_6505-10,São Paulo,3550308,True,,34218,,,-23.549404,-46.639666,,,,2,2023-06-17T02:44:13+00:00
SAO_6505-10,São Paulo,3550308,True,,34218,,,-23.63537675,-46.694847249999995,,,,2,2023-06-17T02:44:40+00:00
SAO_6505-10,São Paulo,3550308,True,,34218,,,-23.661628,-46.7066085,,,,2,2023-06-17T02:44:03+00:00
SAO_6505-10,São Paulo,3550308,True,,34218,,,-23.669023250000002,-46.734721500000006,,,,2,2023-06-17T02:44:33+00:00
SAO_6505-10,São Paulo,3550308,True,,34218,,,-23.555481999999998,-46.649518,,,,2,2023-06-17T02:43:53+00:00
SAO_8100-10,São Paulo,3550308,True,,34030,,,-23.520611,-46.699345,,,,2,2023-06-17T02:44:08+00:00
SAO_8100-10,São Paulo,3550308,True,,34030,,,-23.517305,-46.705754999999996,,,,2,2023-06-17T02:44:23+00:00
SAO_8100-10,São Paulo,3550308,True,,34030,,,-23.520775999999998,-46.70046,,,,2,2023-06-17T02:44:23+00:00
SAO_4035-10,São Paulo,3550308,True,,2560,,,-23.54005875,-46.453475125,,,,1,2023-06-17T02:44:02+00:00
SAO_6418-10,São Paulo,3550308,True,,33539,,,-23.6099065,-46.7053325,,,,2,2023-06-17T02:44:18+00:00
SAO_6418-10,São Paulo,3550308,True,,33539,,,-23.599756,-46.678584375,,,,2,2023-06-17T02:44:36+00:00
SAO_6418-10,São Paulo,3550308,True,,33539,,,-23.609693999999998,-46.705133,,,,2,2023-06-17T02:44:35+00:00
SAO_6031-10,São Paulo,3550308,True,,92,,,-23.73824725,-46.69784775,,,,1,2023-06-17T02:40:47+00:00
SAO_6031-10,São Paulo,3550308,True,,92,,,-23.75413,-46.708843,,,,1,2023-06-17T02:44:17+00:00
SAO_6031-10,São Paulo,3550308,True,,92,,,-23.7544845,-46.708985999999996,,,,1,2023-06-17T02:44:25+00:00
SAO_6031-10,São Paulo,3550308,True,,92,,,-23.747541499999997,-46.6979605,,,,1,2023-06-17T02:44:16+00:00
SAO_6031-10,São Paulo,3550308,True,,92,,,-23.755657624999998,-46.708854,,,,1,2023-06-17T02:44:37+00:00
SAO_6031-10,São Paulo,3550308,True,,92,,,-23.7380205,-46.697914499999996,,,,1,2023-06-17T02:43:30+00:00
SAO_6031-10,São Paulo,3550308,True,,92,,,-23.737971,-46.6978485,,,,1,2023-06-17T02:41:59+00:00
SAO_9023-10,São Paulo,3550308,True,,1437,,,-23.4201295,-46.715872000000005,,,,1,2023-06-17T02:42:08+00:00
SAO_9023-10,São Paulo,3550308,True,,1437,,,-23.448092000000003,-46.7158425,,,,1,2023-06-17T02:44:36+00:00
SAO_9023-10,São Paulo,3550308,True,,1437,,,-23.4616275,-46.720690000000005,,,,1,2023-06-17T02:43:53+00:00
SAO_6812-10,São Paulo,3550308,True,,1242,,,-23.672376,-46.742612,,,,1,2023-06-17T02:44:33+00:00
SAO_6812-10,São Paulo,3550308,True,,1242,,,-23.65156975,-46.703075999999996,,,,1,2023-06-17T02:35:50+00:00
SAO_6812-10,São Paulo,3550308,True,,1242,,,-23.665875,-46.7128965,,,,1,2023-06-17T02:44:16+00:00
SAO_6812-10,São Paulo,3550308,True,,1242,,,-23.728308249999998,-46.786851,,,,1,2023-06-17T02:44:36+00:00
SAO_6812-10,São Paulo,3550308,True,,1242,,,-23.733515500000003,-46.7905865,,,,1,2023-06-17T02:44:21+00:00
SAO_5031-10,São Paulo,3550308,True,,1746,,,-23.6165525,-46.5932585,,,,1,2023-06-17T02:44:01+00:00
SAO_5031-10,São Paulo,3550308,True,,1746,,,-23.637415,-46.592847500000005,,,,1,2023-06-17T02:44:34+00:00
SAO_5031-10,São Paulo,3550308,True,,1746,,,-23.631518999999997,-46.58502,,,,1,2023-06-17T02:44:18+00:00
SAO_5031-10,São Paulo,3550308,True,,1746,,,-23.6111185,-46.595288499999995,,,,1,2023-06-17T02:44:15+00:00
SAO_5031-10,São Paulo,3550308,True,,1746,,,-23.60328075,-46.602380499999995,,,,1,2023-06-17T02:44:02+00:00
SAO_5031-10,São Paulo,3550308,True,,1746,,,-23.637415,-46.592847500000005,,,,1,2023-06-17T02:44:18+00:00
SAO_5031-10,São Paulo,3550308,True,,1746,,,-23.605061499999998,-46.5991415,,,,1,2023-06-17T02:44:06+00:00
SAO_2523-10,São Paulo,3550308,True,,33018,,,-23.5182095,-46.475659,,,,2,2023-06-17T02:43:56+00:00
SAO_2523-10,São Paulo,3550308,True,,33018,,,-23.5216,-46.4253885,,,,2,2023-06-17T02:44:18+00:00
SAO_2523-10,São Paulo,3550308,True,,33018,,,-23.5180075,-46.475902500000004,,,,2,2023-06-17T02:43:56+00:00
SAO_2523-10,São Paulo,3550308,True,,33018,,,-23.5136495,-46.444970125,,,,2,2023-06-17T02:43:53+00:00
SAO_2523-10,São Paulo,3550308,True,,33018,,,-23.5182095,-46.475659,,,,2,2023-06-17T02:43:57+00:00
SAO_2523-10,São Paulo,3550308,True,,33018,,,-23.5216,-46.4253885,,,,2,2023-06-17T02:44:28+00:00
SAO_2523-10,São Paulo,3550308,True,,33018,,,-23.521767500000003,-46.4247855,,,,2,2023-06-17T02:44:09+00:00
SAO_5010-10,São Paulo,3550308,True,,1114,,,-23.6624725,-46.631309,,,,1,2023-06-17T02:44:20+00:00
SAO_5010-10,São Paulo,3550308,True,,1114,,,-23.642878,-46.656716,,,,1,2023-06-17T02:43:53+00:00
SAO_5010-10,São Paulo,3550308,True,,1114,,,-23.653726499999998,-46.704197,,,,1,2023-06-17T02:44:33+00:00
SAO_5010-10,São Paulo,3550308,True,,1114,,,-23.653726499999998,-46.704197,,,,1,2023-06-17T02:44:34+00:00
SAO_5010-10,São Paulo,3550308,True,,1114,,,-23.636795749999997,-46.669260875,,,,1,2023-06-17T02:44:25+00:00
SAO_2734-10,São Paulo,3550308,True,,1760,,,-23.542183,-46.472731499999995,,,,1,2023-06-17T02:41:26+00:00
SAO_2734-10,São Paulo,3550308,True,,1760,,,-23.526604499999998,-46.446069,,,,1,2023-06-17T02:44:39+00:00
SAO_2734-10,São Paulo,3550308,True,,1760,,,-23.507794812500002,-46.418029187500004,,,,1,2023-06-17T02:44:07+00:00
SAO_2734-10,São Paulo,3550308,True,,1760,,,-23.5115665,-46.43395325,,,,1,2023-06-17T02:44:18+00:00
SAO_2734-10,São Paulo,3550308,True,,1760,,,-23.50895275,-46.419739750000005,,,,1,2023-06-17T02:44:04+00:00
SAO_2734-10,São Paulo,3550308,True,,1760,,,-23.539676,-46.468083500000006,,,,1,2023-06-17T02:44:18+00:00
SAO_7005-51,São Paulo,3550308,True,,1999,,,-23.676958499999998,-46.773951999999994,,,,1,2023-06-17T02:44:15+00:00
SAO_7005-51,São Paulo,3550308,True,,1999,,,-23.7307125,-46.785826,,,,1,2023-06-17T02:44:35+00:00
SAO_7005-51,São Paulo,3550308,True,,1999,,,-23.6613405,-46.769731,,,,1,2023-06-17T02:44:08+00:00
SAO_5632-10,São Paulo,3550308,True,,32849,,,-23.727116000000002,-46.7030455,,,,2,2023-06-17T02:43:39+00:00
SAO_5632-10,São Paulo,3550308,True,,32849,,,-23.6453730625,-46.70219924999999,,,,2,2023-06-17T02:44:36+00:00
SAO_5632-10,São Paulo,3550308,True,,32849,,,-23.64797425,-46.70399725,,,,2,2023-06-17T02:44:04+00:00
SAO_5632-10,São Paulo,3550308,True,,32849,,,-23.726639,-46.702799,,,,2,2023-06-17T02:43:54+00:00
SAO_5632-10,São Paulo,3550308,True,,32849,,,-23.582337000000003,-46.651952,,,,2,2023-06-17T02:44:20+00:00
SAO_6803-10,São Paulo,3550308,True,BR7 Mobilidade,29,https://moovitapp.com/index/pt-br/transporte_p%C3%BAblico-line-29-Sao_Paulo-242-851856-500111-0,5.75,-23.661151,-46.7485075,,,,1,2023-06-17T02:44:14+00:00
SAO_8078-10,São Paulo,3550308,True,,34848,,,-23.6256355,-46.762297000000004,,,,2,2023-06-17T02:44:02+00:00
SAO_8078-10,São Paulo,3550308,True,,34848,,,-23.6254385,-46.7483815,,,,2,2023-06-17T02:44:14+00:00
SAO_8200-10,São Paulo,3550308,True,,1263,,,-23.48903,-46.718903,,,,1,2023-06-17T02:44:37+00:00
SAO_8200-10,São Paulo,3550308,True,,1263,,,-23.5198475,-46.700419,,,,1,2023-06-17T02:44:25+00:00
SAO_8622-10,São Paulo,3550308,True,,33206,,,-23.444291,-46.7970615,,,,2,2023-06-17T02:40:34+00:00
SAO_8622-10,São Paulo,3550308,True,,33206,,,-23.516647499999998,-46.72572725,,,,2,2023-06-17T02:44:34+00:00
SAO_8622-10,São Paulo,3550308,True,,33206,,,-23.53275275,-46.65722375,,,,2,2023-06-17T02:44:21+00:00
SAO_8622-10,São Paulo,3550308,True,,33206,,,-23.544144125,-46.638290875,,,,2,2023-06-17T02:44:31+00:00
SAO_8622-10,São Paulo,3550308,True,,33206,,,-23.50812275,-46.735489625,,,,2,2023-06-17T02:44:27+00:00
SAO_8622-10,São Paulo,3550308,True,,33206,,,-23.4254035,-46.787642500000004,,,,2,2023-06-17T02:44:36+00:00
SAO_8622-10,São Paulo,3550308,True,,33206,,,-23.444752,-46.797317500000005,,,,2,2023-06-17T02:35:45+00:00
SAO_8622-10,São Paulo,3550308,True,,33206,,,-23.4391605,-46.794782999999995,,,,2,2023-06-17T02:41:48+00:00
SAO_809L-10,São Paulo,3550308,True,,34717,,,-23.5791355,-46.719696,,,,2,2023-06-17T02:44:09+00:00
SAO_809L-10,São Paulo,3550308,True,,34717,,,-23.631868500000003,-46.772482,,,,2,2023-06-17T02:44:01+00:00
SAO_809L-10,São Paulo,3550308,True,,34717,,,-23.585147,-46.7289085,,,,2,2023-06-17T02:44:39+00:00
SAO_809L-10,São Paulo,3550308,True,,34717,,,-23.6071335,-46.751242000000005,,,,2,2023-06-17T02:43:58+00:00
SAO_809L-10,São Paulo,3550308,True,,34717,,,-23.631868500000003,-46.772482,,,,2,2023-06-17T02:44:35+00:00
SAO_809L-10,São Paulo,3550308,True,,34717,,,-23.632016,-46.772219500000006,,,,2,2023-06-17T02:44:07+00:00
SAO_809L-10,São Paulo,3550308,True,,34717,,,-23.522697,-46.702521749999995,,,,2,2023-06-17T02:43:59+00:00
SAO_809L-10,São Paulo,3550308,True,,34717,,,-23.5533425,-46.7096705,,,,2,2023-06-17T02:43:59+00:00
SAO_809L-10,São Paulo,3550308,True,,34717,,,-23.63166,-46.772949499999996,,,,2,2023-06-17T02:44:36+00:00
SAO_9004-10,São Paulo,3550308,True,,33639,,,-23.4596085,-46.6743715,,,,2,2023-06-17T02:43:58+00:00
SAO_9004-10,São Paulo,3550308,True,,33639,,,-23.4567555,-46.6849275,,,,2,2023-06-17T02:44:03+00:00
SAO_9004-10,São Paulo,3550308,True,,33639,,,-23.4567555,-46.6849275,,,,2,2023-06-17T02:43:56+00:00
SAO_9004-10,São Paulo,3550308,True,,33639,,,-23.475167499999998,-46.6699895,,,,2,2023-06-17T02:44:09+00:00
SAO_9004-10,São Paulo,3550308,True,,33639,,,-23.457446,-46.681489,,,,2,2023-06-17T02:44:37+00:00
SAO_809D-10,São Paulo,3550308,True,,2068,,,-23.573278000000002,-46.711861,,,,1,2023-06-17T02:44:36+00:00
SAO_809D-10,São Paulo,3550308,True,,2068,,,-23.603227500000003,-46.7807495,,,,1,2023-06-17T02:44:40+00:00
SAO_809D-10,São Paulo,3550308,True,,2068,,,-23.5938725,-46.785898,,,,1,2023-06-17T02:40:38+00:00
SAO_7002-10,São Paulo,3550308,True,,33540,,,-23.556712750000003,-46.680143875,,,,2,2023-06-17T02:43:57+00:00
SAO_7002-10,São Paulo,3550308,True,,33540,,,-23.590518,-46.76971475,,,,2,2023-06-17T02:44:20+00:00
SAO_7002-10,São Paulo,3550308,True,,33540,,,-23.584011750000002,-46.73664625000001,,,,2,2023-06-17T02:44:21+00:00
SAO_7002-10,São Paulo,3550308,True,,33540,,,-23.5917945,-46.7695685,,,,2,2023-06-17T02:44:26+00:00
SAO_7002-10,São Paulo,3550308,True,,33540,,,-23.590518,-46.76971475,,,,2,2023-06-17T02:44:23+00:00
SAO_7002-10,São Paulo,3550308,True,,33540,,,-23.584918000000002,-46.74204350000001,,,,2,2023-06-17T02:44:27+00:00
SAO_7002-10,São Paulo,3550308,True,,33540,,,-23.586442875000003,-46.755486625,,,,2,2023-06-17T02:44:17+00:00
SAO_5031-10,São Paulo,3550308,True,,34514,,,-23.609543000000002,-46.596287000000004,,,,2,2023-06-17T02:44:39+00:00
SAO_5031-10,São Paulo,3550308,True,,34514,,,-23.619279499999998,-46.59243025,,,,2,2023-06-17T02:44:30+00:00
SAO_5031-10,São Paulo,3550308,True,,34514,,,-23.6369775,-46.591483000000004,,,,2,2023-06-17T02:44:40+00:00
SAO_5031-10,São Paulo,3550308,True,,34514,,,-23.637159500000003,-46.592059,,,,2,2023-06-17T02:44:04+00:00
SAO_5031-10,São Paulo,3550308,True,,34514,,,-23.636036750000002,-46.59084675,,,,2,2023-06-17T02:44:11+00:00
SAO_5031-10,São Paulo,3550308,True,,34514,,,-23.6272345,-46.591327,,,,2,2023-06-17T02:44:13+00:00
SAO_5031-10,São Paulo,3550308,True,,34514,,,-23.63630825,-46.590938249999994,,,,2,2023-06-17T02:44:16+00:00
SAO_5031-10,São Paulo,3550308,True,,34514,,,-23.636886500000003,-46.591195,,,,2,2023-06-17T02:44:11+00:00
SAO_5031-10,São Paulo,3550308,True,,34514,,,-23.61835075,-46.59270825,,,,2,2023-06-17T02:44:40+00:00
SAO_5031-10,São Paulo,3550308,True,,34514,,,-23.604352499999997,-46.5999685,,,,2,2023-06-17T02:44:18+00:00
SAO_5031-10,São Paulo,3550308,True,,34514,,,-23.603051999999998,-46.602856,,,,2,2023-06-17T02:44:07+00:00
SAO_5031-10,São Paulo,3550308,True,,34514,,,-23.6342675,-46.58837,,,,2,2023-06-17T02:44:34+00:00
SAO_5031-10,São Paulo,3550308,True,,34514,,,-23.6355295,-46.590738,,,,2,2023-06-17T02:44:18+00:00
SAO_5031-10,São Paulo,3550308,True,,34514,,,-23.637159500000003,-46.592059,,,,2,2023-06-17T02:44:25+00:00
SAO_6062-51,São Paulo,3550308,True,,34507,,,-23.661725,-46.7062455,,,,2,2023-06-17T02:44:39+00:00
SAO_6062-51,São Paulo,3550308,True,,34507,,,-23.69414275,-46.699196,,,,2,2023-06-17T02:44:27+00:00
SAO_6062-51,São Paulo,3550308,True,,34507,,,-23.692401500000003,-46.6984845,,,,2,2023-06-17T02:40:41+00:00
SAO_6062-51,São Paulo,3550308,True,,34507,,,-23.730115750000003,-46.68842925,,,,2,2023-06-17T02:44:09+00:00
SAO_6062-51,São Paulo,3550308,True,,34507,,,-23.741882,-46.6813055,,,,2,2023-06-17T02:44:33+00:00
SAO_807J-10,São Paulo,3550308,True,,34826,,,-23.615178,-46.7406775,,,,2,2023-06-17T02:44:27+00:00
SAO_807J-10,São Paulo,3550308,True,,34826,,,-23.631797499999998,-46.7719915,,,,2,2023-06-17T02:44:09+00:00
SAO_807J-10,São Paulo,3550308,True,,34826,,,-23.616358750000003,-46.75709175,,,,2,2023-06-17T02:44:16+00:00
SAO_807J-10,São Paulo,3550308,True,,34826,,,-23.631797499999998,-46.7719915,,,,2,2023-06-17T02:44:13+00:00
SAO_807J-10,São Paulo,3550308,True,,34826,,,-23.608664,-46.7471565,,,,2,2023-06-17T02:44:06+00:00
SAO_807J-10,São Paulo,3550308,True,,34826,,,-23.626731250000002,-46.766326,,,,2,2023-06-17T02:44:17+00:00
SAO_807J-10,São Paulo,3550308,True,,34826,,,-23.617434000000003,-46.70592225,,,,2,2023-06-17T02:44:20+00:00
SAO_877T-10,São Paulo,3550308,True,,34149,,,-23.51331475,-46.72147137500001,,,,2,2023-06-17T02:44:15+00:00
SAO_877T-10,São Paulo,3550308,True,,34149,,,-23.5238765,-46.685119,,,,2,2023-06-17T02:44:11+00:00
SAO_877T-10,São Paulo,3550308,True,,34149,,,-23.518081125,-46.71226790625,,,,2,2023-06-17T02:43:54+00:00
SAO_508L-10,São Paulo,3550308,True,EMTU,117,https://moovitapp.com/index/pt-br/transporte_p%C3%BAblico-line-117-Sao_Paulo-242-2038937-36419277-0,4.8,-23.5342175,-46.64499075,,,,1,2023-06-17T02:44:38+00:00
SAO_508L-10,São Paulo,3550308,True,EMTU,117,https://moovitapp.com/index/pt-br/transporte_p%C3%BAblico-line-117-Sao_Paulo-242-2038937-36419277-0,4.8,-23.567117125000003,-46.649771375,,,,1,2023-06-17T02:44:06+00:00
SAO_508L-10,São Paulo,3550308,True,EMTU,117,https://moovitapp.com/index/pt-br/transporte_p%C3%BAblico-line-117-Sao_Paulo-242-2038937-36419277-0,4.8,-23.55223525,-46.65844525,,,,1,2023-06-17T02:44:00+00:00
SAO_546A-31,São Paulo,3550308,True,,33900,,,-23.672894499999998,-46.686905249999995,,,,2,2023-06-17T02:44:19+00:00
SAO_546A-31,São Paulo,3550308,True,,33900,,,-23.695206499999998,-46.6534155,,,,2,2023-06-17T02:43:58+00:00
SAO_546A-31,São Paulo,3550308,True,,33900,,,-23.695305,-46.652688999999995,,,,2,2023-06-17T02:44:25+00:00
SAO_8538-10,São Paulo,3550308,True,,1359,,,-23.542703,-46.636098,,,,1,2023-06-17T02:44:28+00:00
SAO_8538-10,São Paulo,3550308,True,,1359,,,-23.4786145,-46.707113500000006,,,,1,2023-06-17T02:44:35+00:00
SAO_573T-31,São Paulo,3550308,True,,35016,,,-23.599038,-46.4942045,,,,2,2023-06-17T02:44:33+00:00
SAO_5108-10,São Paulo,3550308,True,,1675,,,-23.64877525,-46.61350125,,,,1,2023-06-17T02:44:30+00:00
SAO_5108-10,São Paulo,3550308,True,,1675,,,-23.59158475,-46.61264425,,,,1,2023-06-17T02:44:32+00:00
SAO_5108-10,São Paulo,3550308,True,,1675,,,-23.55953025,-46.623409499999994,,,,1,2023-06-17T02:44:12+00:00
SAO_5108-10,São Paulo,3550308,True,,1675,,,-23.662393375,-46.618782874999994,,,,1,2023-06-17T02:44:01+00:00
SAO_5108-10,São Paulo,3550308,True,,1675,,,-23.66301025,-46.619514499999994,,,,1,2023-06-17T02:43:56+00:00
SAO_5108-10,São Paulo,3550308,True,,1675,,,-23.553307,-46.6332235,,,,1,2023-06-17T02:44:34+00:00
SAO_875H-10,São Paulo,3550308,True,,34108,,,-23.520992749999998,-46.699836,,,,2,2023-06-17T02:44:16+00:00
SAO_875H-10,São Paulo,3550308,True,,34108,,,-23.519885000000002,-46.700064999999995,,,,2,2023-06-17T02:44:30+00:00
SAO_875H-10,São Paulo,3550308,True,,34108,,,-23.549774749999997,-46.6747555,,,,2,2023-06-17T02:44:03+00:00
SAO_875H-10,São Paulo,3550308,True,,34108,,,-23.520417000000002,-46.700809,,,,2,2023-06-17T02:44:02+00:00
SAO_875H-10,São Paulo,3550308,True,,34108,,,-23.5198375,-46.7006815,,,,2,2023-06-17T02:43:56+00:00
SAO_875H-10,São Paulo,3550308,True,,34108,,,-23.536438250000003,-46.67418875,,,,2,2023-06-17T02:44:15+00:00
SAO_271A-10,São Paulo,3550308,True,,33470,,,-23.5020995,-46.623662499999995,,,,2,2023-06-17T02:44:24+00:00
SAO_271A-10,São Paulo,3550308,True,,33470,,,-23.506581,-46.58603,,,,2,2023-06-17T02:44:31+00:00
SAO_271A-10,São Paulo,3550308,True,,33470,,,-23.5168445,-46.568518499999996,,,,2,2023-06-17T02:44:39+00:00
SAO_271A-10,São Paulo,3550308,True,,33470,,,-23.503065999999997,-46.621279,,,,2,2023-06-17T02:44:28+00:00
SAO_271A-10,São Paulo,3550308,True,,33470,,,-23.52575075,-46.5630165,,,,2,2023-06-17T02:40:48+00:00
SAO_271M-10,São Paulo,3550308,True,,684,,,-23.505385999999998,-46.60500175,,,,1,2023-06-17T02:44:00+00:00
SAO_271M-10,São Paulo,3550308,True,,684,,,-23.4994605,-46.57938475,,,,1,2023-06-17T02:44:12+00:00
SAO_719P-10,São Paulo,3550308,True,,1372,,,-23.5661695,-46.701891,,,,1,2023-06-17T02:44:10+00:00
SAO_719P-10,São Paulo,3550308,True,,1372,,,-23.564514374999998,-46.689102250000005,,,,1,2023-06-17T02:44:09+00:00
SAO_719P-10,São Paulo,3550308,True,,1372,,,-23.53471425,-46.64500699999999,,,,1,2023-06-17T02:44:33+00:00
SAO_6726-10,São Paulo,3550308,True,,33961,,,-23.753598500000003,-46.686612999999994,,,,2,2023-06-17T02:44:34+00:00
SAO_6726-10,São Paulo,3550308,True,,33961,,,-23.73479,-46.66230675,,,,2,2023-06-17T02:44:20+00:00
SAO_6726-10,São Paulo,3550308,True,,33961,,,-23.754529499999997,-46.673723499999994,,,,2,2023-06-17T02:44:32+00:00
SAO_3721-41,São Paulo,3550308,True,,1693,,,-23.542482,-46.470364,,,,1,2023-06-17T02:44:26+00:00
SAO_3721-41,São Paulo,3550308,True,,1693,,,-23.542556,-46.48409475,,,,1,2023-06-17T02:44:16+00:00
SAO_3721-41,São Paulo,3550308,True,,1693,,,-23.561016000000002,-46.4913875,,,,1,2023-06-17T02:44:25+00:00
SAO_3721-41,São Paulo,3550308,True,,1693,,,-23.5539485,-46.491459500000005,,,,1,2023-06-17T02:44:15+00:00
SAO_5757-10,São Paulo,3550308,True,,1288,,,-23.6907885,-46.638878000000005,,,,1,2023-06-17T02:43:52+00:00
SAO_5757-10,São Paulo,3550308,True,,1288,,,-23.648597,-46.6415825,,,,1,2023-06-17T02:43:42+00:00
SAO_5757-10,São Paulo,3550308,True,,1288,,,-23.676444,-46.6418475,,,,1,2023-06-17T02:44:27+00:00
SAO_5757-10,São Paulo,3550308,True,,1288,,,-23.6381935,-46.641222,,,,1,2023-06-17T02:44:16+00:00
SAO_6824-10,São Paulo,3550308,True,,32791,,,-23.6682125,-46.7922815,,,,2,2023-06-17T02:44:28+00:00
SAO_6824-10,São Paulo,3550308,True,,32791,,,-23.67362825,-46.79089975,,,,2,2023-06-17T02:44:00+00:00
SAO_6824-10,São Paulo,3550308,True,,32791,,,-23.673696749999998,-46.79064525,,,,2,2023-06-17T02:44:03+00:00
SAO_6824-10,São Paulo,3550308,True,,32791,,,-23.6540345,-46.7621105,,,,2,2023-06-17T02:44:09+00:00
SAO_6824-10,São Paulo,3550308,True,,32791,,,-23.673737,-46.791396000000006,,,,2,2023-06-17T02:43:58+00:00
SAO_8528-10,São Paulo,3550308,True,,33343,,,-23.4673865,-46.6981075,,,,2,2023-06-17T02:44:05+00:00
SAO_8528-10,São Paulo,3550308,True,,33343,,,-23.519329499999998,-46.674521,,,,2,2023-06-17T02:44:34+00:00
SAO_8528-10,São Paulo,3550308,True,,33343,,,-23.481113,-46.691927,,,,2,2023-06-17T02:43:12+00:00
SAO_8528-10,São Paulo,3550308,True,,33343,,,-23.4764815,-46.690909500000004,,,,2,2023-06-17T02:44:33+00:00
SAO_8528-10,São Paulo,3550308,True,,33343,,,-23.4615645,-46.69032075,,,,2,2023-06-17T02:44:18+00:00
SAO_809D-10,São Paulo,3550308,True,,34836,,,-23.571257,-46.707392,,,,2,2023-06-17T02:44:30+00:00
SAO_809D-10,São Paulo,3550308,True,,34836,,,-23.5941525,-46.776909,,,,2,2023-06-17T02:44:21+00:00
SAO_809D-10,São Paulo,3550308,True,,34836,,,-23.594332,-46.777067,,,,2,2023-06-17T02:43:58+00:00
SAO_7245-10,São Paulo,3550308,True,EMTU,363,https://moovitapp.com/index/pt-br/transporte_p%C3%BAblico-line-363-Sao_Paulo-242-2038937-36419444-0,5.1,-23.5605665,-46.671968,,,,1,2023-06-17T02:44:34+00:00
SAO_7245-10,São Paulo,3550308,True,EMTU,363,https://moovitapp.com/index/pt-br/transporte_p%C3%BAblico-line-363-Sao_Paulo-242-2038937-36419444-0,5.1,-23.6542185,-46.7095555,,,,1,2023-06-17T02:40:34+00:00
SAO_7245-10,São Paulo,3550308,True,EMTU,363,https://moovitapp.com/index/pt-br/transporte_p%C3%BAblico-line-363-Sao_Paulo-242-2038937-36419444-0,5.1,-23.654266,-46.711191,,,,1,2023-06-17T02:44:14+00:00
SAO_7245-10,São Paulo,3550308,True,EMTU,363,https://moovitapp.com/index/pt-br/transporte_p%C3%BAblico-line-363-Sao_Paulo-242-2038937-36419444-0,5.1,-23.579709,-46.6853055,,,,1,2023-06-17T02:44:09+00:00
SAO_7245-10,São Paulo,3550308,True,EMTU,363,https://moovitapp.com/index/pt-br/transporte_p%C3%BAblico-line-363-Sao_Paulo-242-2038937-36419444-0,5.1,-23.625403,-46.6966825,,,,1,2023-06-17T02:44:28+00:00
SAO_7245-10,São Paulo,3550308,True,EMTU,363,https://moovitapp.com/index/pt-br/transporte_p%C3%BAblico-line-363-Sao_Paulo-242-2038937-36419444-0,5.1,-23.654266,-46.711191,,,,1,2023-06-17T02:44:27+00:00
SAO_7006-10,São Paulo,3550308,True,,34763,,,-23.750190500000002,-46.7786555,,,,2,2023-06-17T02:44:08+00:00
SAO_7006-10,São Paulo,3550308,True,,34763,,,-23.726959,-46.786388,,,,2,2023-06-17T02:44:38+00:00
SAO_7006-10,São Paulo,3550308,True,,34763,,,-23.749927,-46.779172,,,,2,2023-06-17T02:44:08+00:00
SAO_7006-10,São Paulo,3550308,True,,34763,,,-23.732449250000002,-46.7846505,,,,2,2023-06-17T02:44:35+00:00
SAO_7006-10,São Paulo,3550308,True,,34763,,,-23.6848575,-46.7702205,,,,2,2023-06-17T02:44:23+00:00
SAO_7006-10,São Paulo,3550308,True,,34763,,,-23.700074,-46.780868,,,,2,2023-06-17T02:44:09+00:00
SAO_7006-10,São Paulo,3550308,True,,34763,,,-23.750509,-46.777068,,,,2,2023-06-17T02:44:01+00:00
SAO_7006-10,São Paulo,3550308,True,,34763,,,-23.688845375,-46.77301675,,,,2,2023-06-17T02:44:40+00:00
SAO_3020-10,São Paulo,3550308,True,,33726,,,-23.573439999999998,-46.494905,,,,2,2023-06-17T02:44:24+00:00
SAO_3020-10,São Paulo,3550308,True,,33726,,,-23.534399999999998,-46.45086025,,,,2,2023-06-17T02:43:58+00:00
SAO_3020-10,São Paulo,3550308,True,,33726,,,-23.55268875,-46.431169499999996,,,,2,2023-06-17T02:44:00+00:00
SAO_3020-10,São Paulo,3550308,True,,33726,,,-23.55268875,-46.431169499999996,,,,2,2023-06-17T02:44:15+00:00
SAO_3020-10,São Paulo,3550308,True,,33726,,,-23.546342,-46.4357075,,,,2,2023-06-17T02:44:17+00:00
SAO_3020-10,São Paulo,3550308,True,,33726,,,-23.5523945,-46.464682,,,,2,2023-06-17T02:44:13+00:00
SAO_6030-10,São Paulo,3550308,True,,1142,,,-23.659702,-46.7050855,,,,1,2023-06-17T02:43:59+00:00
SAO_6030-10,São Paulo,3550308,True,,1142,,,-23.73000625,-46.708378499999995,,,,1,2023-06-17T02:44:30+00:00
SAO_6030-10,São Paulo,3550308,True,,1142,,,-23.741073,-46.707885000000005,,,,1,2023-06-17T02:43:59+00:00
SAO_6030-10,São Paulo,3550308,True,,1142,,,-23.741073,-46.707885000000005,,,,1,2023-06-17T02:44:24+00:00
SAO_6030-10,São Paulo,3550308,True,,1142,,,-23.741073,-46.707885000000005,,,,1,2023-06-17T02:44:22+00:00
SAO_6030-10,São Paulo,3550308,True,,1142,,,-23.741073,-46.707885000000005,,,,1,2023-06-17T02:44:03+00:00
SAO_6030-10,São Paulo,3550308,True,,1142,,,-23.741073,-46.707885000000005,,,,1,2023-06-17T02:44:07+00:00
SAO_6030-10,São Paulo,3550308,True,,1142,,,-23.741073,-46.707885000000005,,,,1,2023-06-17T02:44:35+00:00
SAO_6030-10,São Paulo,3550308,True,,1142,,,-23.741073,-46.707885000000005,,,,1,2023-06-17T02:44:00+00:00
SAO_6030-10,São Paulo,3550308,True,,1142,,,-23.741073,-46.707885000000005,,,,1,2023-06-17T02:43:56+00:00
SAO_6030-10,São Paulo,3550308,True,,1142,,,-23.693011,-46.6985605,,,,1,2023-06-17T02:44:40+00:00
SAO_5752-10,São Paulo,3550308,True,,1287,,,-23.6739835,-46.6642145,,,,1,2023-06-17T02:44:20+00:00
SAO_5752-10,São Paulo,3550308,True,,1287,,,-23.6352105,-46.640998,,,,1,2023-06-17T02:44:18+00:00
SAO_5752-10,São Paulo,3550308,True,,1287,,,-23.6472665,-46.6452565,,,,1,2023-06-17T02:44:07+00:00
SAO_6450-10,São Paulo,3550308,True,,59,,,-23.616938,-46.6807395,,,,1,2023-06-17T02:44:34+00:00
SAO_6450-10,São Paulo,3550308,True,,59,,,-23.653924500000002,-46.7627265,,,,1,2023-06-17T02:44:21+00:00
SAO_6450-10,São Paulo,3550308,True,,59,,,-23.573410250000002,-46.6661795,,,,1,2023-06-17T02:44:20+00:00
SAO_6450-10,São Paulo,3550308,True,,59,,,-23.644859875,-46.722269874999995,,,,1,2023-06-17T02:44:17+00:00
SAO_6450-10,São Paulo,3550308,True,,59,,,-23.648176749999998,-46.74846225,,,,1,2023-06-17T02:44:38+00:00
SAO_6450-10,São Paulo,3550308,True,,59,,,-23.646135,-46.70512775,,,,1,2023-06-17T02:44:23+00:00
SAO_6450-10,São Paulo,3550308,True,,59,,,-23.549214,-46.6391015,,,,1,2023-06-17T02:44:32+00:00
SAO_6450-10,São Paulo,3550308,True,,59,,,-23.6547085,-46.76195,,,,1,2023-06-17T02:44:26+00:00
SAO_7245-10,São Paulo,3550308,True,,33131,,,-23.54989175,-46.655024,,,,2,2023-06-17T02:44:01+00:00
SAO_7245-10,São Paulo,3550308,True,,33131,,,-23.631812500000002,-46.710421499999995,,,,2,2023-06-17T02:44:21+00:00
SAO_7245-10,São Paulo,3550308,True,,33131,,,-23.582028,-46.684400499999995,,,,2,2023-06-17T02:44:10+00:00
SAO_7245-10,São Paulo,3550308,True,,33131,,,-23.643844625,-46.71626450000001,,,,2,2023-06-17T02:40:08+00:00
SAO_7245-10,São Paulo,3550308,True,,33131,,,-23.5702755,-46.691122500000006,,,,2,2023-06-17T02:44:34+00:00
SAO_4708-10,São Paulo,3550308,True,,33100,,,-23.635382,-46.606171,,,,2,2023-06-17T02:44:34+00:00
SAO_4708-10,São Paulo,3550308,True,,33100,,,-23.639317499999997,-46.607468,,,,2,2023-06-17T02:44:36+00:00
SAO_4708-10,São Paulo,3550308,True,,33100,,,-23.5934465,-46.633841000000004,,,,2,2023-06-17T02:44:14+00:00
SAO_8015-10,São Paulo,3550308,True,,1345,,,-23.40472375,-46.73911725000001,,,,1,2023-06-17T02:43:56+00:00
SAO_8015-10,São Paulo,3550308,True,,1345,,,-23.409947,-46.734925000000004,,,,1,2023-06-17T02:44:20+00:00
SAO_8015-10,São Paulo,3550308,True,,1345,,,-23.389069499999998,-46.734939,,,,1,2023-06-17T02:44:32+00:00
SAO_8015-10,São Paulo,3550308,True,,1345,,,-23.389069499999998,-46.734939,,,,1,2023-06-17T02:44:00+00:00
SAO_8015-10,São Paulo,3550308,True,,1345,,,-23.4602295,-46.715452,,,,1,2023-06-17T02:44:11+00:00
SAO_8015-10,São Paulo,3550308,True,,1345,,,-23.4855685,-46.725273,,,,1,2023-06-17T02:44:09+00:00
SAO_4210-10,São Paulo,3550308,True,,2170,,,-23.569069,-46.5042595,,,,1,2023-06-17T02:44:37+00:00
SAO_4210-10,São Paulo,3550308,True,,2170,,,-23.535142625,-46.58197975,,,,1,2023-06-17T02:44:37+00:00
SAO_4210-10,São Paulo,3550308,True,,2170,,,-23.5824475,-46.407562999999996,,,,1,2023-06-17T02:44:01+00:00
SAO_4210-10,São Paulo,3550308,True,,2170,,,-23.540104,-46.611777249999996,,,,1,2023-06-17T02:44:18+00:00
SAO_4210-10,São Paulo,3550308,True,,2170,,,-23.54645675,-46.629903999999996,,,,1,2023-06-17T02:44:33+00:00
SAO_4210-10,São Paulo,3550308,True,,2170,,,-23.536128499999997,-46.5546165,,,,1,2023-06-17T02:41:11+00:00
SAO_647A-10,São Paulo,3550308,True,,34083,,,-23.6206215,-46.7333985,,,,2,2023-06-17T02:43:56+00:00
SAO_647A-10,São Paulo,3550308,True,,34083,,,-23.639668,-46.7367275,,,,2,2023-06-17T02:44:33+00:00
SAO_647A-10,São Paulo,3550308,True,,34083,,,-23.68667775,-46.79572725,,,,2,2023-06-17T02:44:24+00:00
SAO_647A-10,São Paulo,3550308,True,,34083,,,-23.69435,-46.794564,,,,2,2023-06-17T02:44:32+00:00
SAO_647A-10,São Paulo,3550308,True,,34083,,,-23.686184,-46.793074250000004,,,,2,2023-06-17T02:40:30+00:00
SAO_647A-10,São Paulo,3550308,True,,34083,,,-23.6734785,-46.783097999999995,,,,2,2023-06-17T02:44:07+00:00
SAO_647A-10,São Paulo,3550308,True,,34083,,,-23.6817385,-46.7841475,,,,2,2023-06-17T02:44:31+00:00
SAO_8001-10,São Paulo,3550308,True,,34019,,,-23.5185195,-46.722383,,,,2,2023-06-17T02:44:34+00:00
SAO_8001-10,São Paulo,3550308,True,,34019,,,-23.50283475,-46.760608500000004,,,,2,2023-06-17T02:44:34+00:00
SAO_3745-10,São Paulo,3550308,True,,1044,,,-23.546923,-46.541230125,,,,1,2023-06-17T02:44:34+00:00
SAO_3745-10,São Paulo,3550308,True,,1044,,,-23.550901500000002,-46.532358,,,,1,2023-06-17T02:44:34+00:00
SAO_3745-10,São Paulo,3550308,True,,1044,,,-23.574427,-46.520871,,,,1,2023-06-17T02:44:25+00:00
SAO_3745-10,São Paulo,3550308,True,,1044,,,-23.54132,-46.57769475,,,,1,2023-06-17T02:44:32+00:00
SAO_3745-10,São Paulo,3550308,True,,1044,,,-23.585723,-46.5187095,,,,1,2023-06-17T02:44:36+00:00
SAO_6258-10,São Paulo,3550308,True,,1232,,,-23.68990475,-46.743288750000005,,,,1,2023-06-17T02:44:23+00:00
SAO_6258-10,São Paulo,3550308,True,,1232,,,-23.691460499999998,-46.746868500000005,,,,1,2023-06-17T02:44:15+00:00
SAO_6258-10,São Paulo,3550308,True,,1232,,,-23.653938,-46.709849000000006,,,,1,2023-06-17T02:44:26+00:00
SAO_6258-10,São Paulo,3550308,True,,1232,,,-23.691460499999998,-46.746868500000005,,,,1,2023-06-17T02:44:19+00:00
SAO_6258-10,São Paulo,3550308,True,,1232,,,-23.66649675,-46.7191605,,,,1,2023-06-17T02:44:36+00:00
SAO_1773-10,São Paulo,3550308,True,,33405,,,-23.465797000000002,-46.60505,,,,2,2023-06-17T02:44:00+00:00
SAO_1773-10,São Paulo,3550308,True,,33405,,,-23.436823500000003,-46.566249,,,,2,2023-06-17T02:44:20+00:00
SAO_1773-10,São Paulo,3550308,True,,33405,,,-23.48823,-46.626308,,,,2,2023-06-17T02:43:56+00:00
SAO_118Y-10,São Paulo,3550308,True,EMTU,841,https://moovitapp.com/index/pt-br/transporte_p%C3%BAblico-line-841-Sao_Paulo-242-2038937-36419604-0,5.15,-23.496267,-46.6729345,,,,1,2023-06-17T02:44:17+00:00
SAO_118Y-10,São Paulo,3550308,True,EMTU,841,https://moovitapp.com/index/pt-br/transporte_p%C3%BAblico-line-841-Sao_Paulo-242-2038937-36419604-0,5.15,-23.52029,-46.701869,,,,1,2023-06-17T02:44:01+00:00
SAO_118Y-10,São Paulo,3550308,True,EMTU,841,https://moovitapp.com/index/pt-br/transporte_p%C3%BAblico-line-841-Sao_Paulo-242-2038937-36419604-0,5.15,-23.5040325,-46.67317,,,,1,2023-06-17T02:44:14+00:00
SAO_118Y-10,São Paulo,3550308,True,EMTU,841,https://moovitapp.com/index/pt-br/transporte_p%C3%BAblico-line-841-Sao_Paulo-242-2038937-36419604-0,5.15,-23.471871999999998,-46.6346485,,,,1,2023-06-17T02:44:26+00:00
SAO_118Y-10,São Paulo,3550308,True,EMTU,841,https://moovitapp.com/index/pt-br/transporte_p%C3%BAblico-line-841-Sao_Paulo-242-2038937-36419604-0,5.15,-23.48363675,-46.651475500000004,,,,1,2023-06-17T02:44:17+00:00
SAO_5630-10,São Paulo,3550308,True,,32846,,,-23.546747,-46.6164905,,,,2,2023-06-17T02:44:29+00:00
SAO_5630-10,São Paulo,3550308,True,,32846,,,-23.706274999999998,-46.70078,,,,2,2023-06-17T02:44:15+00:00
SAO_5630-10,São Paulo,3550308,True,,32846,,,-23.6547755,-46.67989125,,,,2,2023-06-17T02:44:29+00:00
SAO_5630-10,São Paulo,3550308,True,,32846,,,-23.546747,-46.6164905,,,,2,2023-06-17T02:44:35+00:00
SAO_5630-10,São Paulo,3550308,True,,32846,,,-23.65571975,-46.67982225,,,,2,2023-06-17T02:44:01+00:00
SAO_5630-10,São Paulo,3550308,True,,32846,,,-23.685366000000002,-46.6930385,,,,2,2023-06-17T02:44:32+00:00
SAO_5630-10,São Paulo,3550308,True,,32846,,,-23.702033125,-46.701718875,,,,2,2023-06-17T02:44:24+00:00
SAO_5630-10,São Paulo,3550308,True,,32846,,,-23.736219,-46.696409,,,,2,2023-06-17T02:44:27+00:00
SAO_5630-10,São Paulo,3550308,True,,32846,,,-23.690795,-46.6979945,,,,2,2023-06-17T02:44:03+00:00
SAO_5630-10,São Paulo,3550308,True,,32846,,,-23.5525745,-46.6368265,,,,2,2023-06-17T02:44:34+00:00
SAO_5630-10,São Paulo,3550308,True,,32846,,,-23.625339,-46.6619065,,,,2,2023-06-17T02:44:24+00:00
SAO_938P-10,São Paulo,3550308,True,,33656,,,-23.5255835,-46.671588,,,,2,2023-06-17T02:44:08+00:00
SAO_938P-10,São Paulo,3550308,True,,33656,,,-23.473307499999997,-46.6835035,,,,2,2023-06-17T02:44:13+00:00
SAO_938P-10,São Paulo,3550308,True,,33656,,,-23.492366,-46.6910345,,,,2,2023-06-17T02:44:03+00:00
SAO_938P-10,São Paulo,3550308,True,,33656,,,-23.497893,-46.690799,,,,2,2023-06-17T02:44:08+00:00
SAO_938P-10,São Paulo,3550308,True,,33656,,,-23.524238500000003,-46.68389,,,,2,2023-06-17T02:44:31+00:00
SAO_938P-10,São Paulo,3550308,True,,33656,,,-23.52277625,-46.69973975,,,,2,2023-06-17T02:44:02+00:00
SAO_938P-10,São Paulo,3550308,True,,33656,,,-23.4986795,-46.692690999999996,,,,2,2023-06-17T02:44:05+00:00
SAO_938P-10,São Paulo,3550308,True,,33656,,,-23.463271,-46.681419,,,,2,2023-06-17T02:44:26+00:00
SAO_5759-31,São Paulo,3550308,True,,1139,,,-23.659698499999998,-46.663149,,,,1,2023-06-17T02:44:04+00:00
SAO_5759-31,São Paulo,3550308,True,,1139,,,-23.6422415,-46.655913500000004,,,,1,2023-06-17T02:44:31+00:00
SAO_5759-31,São Paulo,3550308,True,,1139,,,-23.676772500000002,-46.6498905,,,,1,2023-06-17T02:43:42+00:00
SAO_8686-10,São Paulo,3550308,True,,33214,,,-23.5426495,-46.637809000000004,,,,2,2023-06-17T02:44:25+00:00
SAO_8686-10,São Paulo,3550308,True,,33214,,,-23.49910825,-46.74619199999999,,,,2,2023-06-17T02:44:22+00:00
SAO_342N-10,São Paulo,3550308,True,,33771,,,-23.534567375,-46.451384499999996,,,,2,2023-06-17T02:44:26+00:00
SAO_342N-10,São Paulo,3550308,True,,33771,,,-23.54269925,-46.41562424999999,,,,2,2023-06-17T02:44:28+00:00
SAO_342N-10,São Paulo,3550308,True,,33771,,,-23.5628445,-46.3949135,,,,2,2023-06-17T02:44:39+00:00
SAO_342N-10,São Paulo,3550308,True,,33771,,,-23.5629515,-46.3946025,,,,2,2023-06-17T02:44:17+00:00
SAO_342N-10,São Paulo,3550308,True,,33771,,,-23.543305375,-46.423442625,,,,2,2023-06-17T02:44:20+00:00
SAO_342N-10,São Paulo,3550308,True,,33771,,,-23.5629515,-46.3946025,,,,2,2023-06-17T02:44:33+00:00
SAO_342N-10,São Paulo,3550308,True,,33771,,,-23.545553499999997,-46.411281,,,,2,2023-06-17T02:44:27+00:00
SAO_2005-10,São Paulo,3550308,True,,33661,,,-23.49374225,-46.403917500000006,,,,2,2023-06-17T02:44:27+00:00
SAO_2005-10,São Paulo,3550308,True,,33661,,,-23.493956499999996,-46.40699375,,,,2,2023-06-17T02:44:28+00:00
SAO_2005-10,São Paulo,3550308,True,,33661,,,-23.490944499999998,-46.445358,,,,2,2023-06-17T02:44:36+00:00
SAO_5024-10,São Paulo,3550308,True,,1122,,,-23.653818,-46.704584,,,,1,2023-06-17T02:44:36+00:00
SAO_5024-10,São Paulo,3550308,True,,1122,,,-23.68157175,-46.68111475,,,,1,2023-06-17T02:43:59+00:00
SAO_5024-10,São Paulo,3550308,True,,1122,,,-23.692546,-46.6527335,,,,1,2023-06-17T02:39:12+00:00
SAO_5024-10,São Paulo,3550308,True,,1122,,,-23.68858,-46.648693,,,,1,2023-06-17T02:44:32+00:00
SAO_748A-10,São Paulo,3550308,True,,33266,,,-23.574828,-46.76181725,,,,2,2023-06-17T02:44:33+00:00
SAO_748A-10,São Paulo,3550308,True,,33266,,,-23.57543225,-46.77549825,,,,2,2023-06-17T02:44:18+00:00
SAO_748A-10,São Paulo,3550308,True,,33266,,,-23.5758385,-46.7757245,,,,2,2023-06-17T02:44:07+00:00
SAO_748A-10,São Paulo,3550308,True,,33266,,,-23.5629095,-46.7470515,,,,2,2023-06-17T02:43:58+00:00
SAO_748A-10,São Paulo,3550308,True,,33266,,,-23.5776215,-46.765493000000006,,,,2,2023-06-17T02:44:03+00:00
SAO_748A-10,São Paulo,3550308,True,,33266,,,-23.575846,-46.775806,,,,2,2023-06-17T02:44:36+00:00
SAO_253F-10,São Paulo,3550308,True,EMTU,158,https://moovitapp.com/index/pt-br/transporte_p%C3%BAblico-line-158-Sao_Paulo-242-2038937-36419303-0,7.45,-23.5746405,-46.4543305,,,,1,2023-06-17T02:40:08+00:00
SAO_253F-10,São Paulo,3550308,True,EMTU,158,https://moovitapp.com/index/pt-br/transporte_p%C3%BAblico-line-158-Sao_Paulo-242-2038937-36419303-0,7.45,-23.518638,-46.475575,,,,1,2023-06-17T02:44:36+00:00
SAO_253F-10,São Paulo,3550308,True,EMTU,158,https://moovitapp.com/index/pt-br/transporte_p%C3%BAblico-line-158-Sao_Paulo-242-2038937-36419303-0,7.45,-23.6009935,-46.470451999999995,,,,1,2023-06-17T02:44:12+00:00
SAO_775F-31,São Paulo,3550308,True,,2488,,,-23.6254505,-46.7479555,,,,1,2023-06-17T02:42:38+00:00
SAO_775F-31,São Paulo,3550308,True,,2488,,,-23.6212885,-46.7334605,,,,1,2023-06-17T02:44:35+00:00
SAO_775F-31,São Paulo,3550308,True,,2488,,,-23.5983895,-46.720275,,,,1,2023-06-17T02:43:56+00:00
SAO_775F-31,São Paulo,3550308,True,,2488,,,-23.61579225,-46.73152225,,,,1,2023-06-17T02:44:08+00:00
SAO_775F-31,São Paulo,3550308,True,,2488,,,-23.589963,-46.702075,,,,1,2023-06-17T02:44:09+00:00
SAO_6038-10,São Paulo,3550308,True,,1216,,,-23.64479025,-46.725692,,,,1,2023-06-17T02:44:22+00:00
SAO_6038-10,São Paulo,3550308,True,,1216,,,-23.65436375,-46.760079499999996,,,,1,2023-06-17T02:43:57+00:00
SAO_6038-10,São Paulo,3550308,True,,1216,,,-23.66161925,-46.790662874999995,,,,1,2023-06-17T02:44:18+00:00
SAO_6038-10,São Paulo,3550308,True,,1216,,,-23.6621345,-46.779826,,,,1,2023-06-17T02:44:00+00:00
SAO_627J-10,São Paulo,3550308,True,,2056,,,-23.653226749999998,-46.6369505,,,,1,2023-06-17T02:43:06+00:00
SAO_627J-10,São Paulo,3550308,True,,2056,,,-23.682060999999997,-46.633000499999994,,,,1,2023-06-17T02:44:34+00:00
SAO_3141-10,São Paulo,3550308,True,,734,,,-23.553452749999998,-46.578683,,,,1,2023-06-17T02:44:26+00:00
SAO_3141-10,São Paulo,3550308,True,,734,,,-23.6124025,-46.482224,,,,1,2023-06-17T02:44:36+00:00
SAO_3141-10,São Paulo,3550308,True,,734,,,-23.612431,-46.478824,,,,1,2023-06-17T02:44:25+00:00
SAO_3141-10,São Paulo,3550308,True,,734,,,-23.598543,-46.5201735,,,,1,2023-06-17T02:43:52+00:00
SAO_3141-10,São Paulo,3550308,True,,734,,,-23.6120795,-46.483023,,,,1,2023-06-17T02:44:13+00:00
SAO_8677-10,São Paulo,3550308,True,,33211,,,-23.489991,-46.755255,,,,2,2023-06-17T02:44:30+00:00
SAO_8677-10,São Paulo,3550308,True,,33211,,,-23.487316,-46.7325825,,,,2,2023-06-17T02:44:32+00:00
SAO_8677-10,São Paulo,3550308,True,,33211,,,-23.484129,-46.7426655,,,,2,2023-06-17T02:44:02+00:00
SAO_8677-10,São Paulo,3550308,True,,33211,,,-23.4901355,-46.756055,,,,2,2023-06-17T02:44:16+00:00
SAO_8677-10,São Paulo,3550308,True,,33211,,,-23.516647499999998,-46.72572725,,,,2,2023-06-17T02:44:35+00:00
SAO_8677-10,São Paulo,3550308,True,,33211,,,-23.4866845,-46.749144875,,,,2,2023-06-17T02:44:21+00:00
SAO_8677-10,São Paulo,3550308,True,,33211,,,-23.487316,-46.7325825,,,,2,2023-06-17T02:44:23+00:00
SAO_8677-10,São Paulo,3550308,True,,33211,,,-23.528122812499998,-46.670501375,,,,2,2023-06-17T02:43:58+00:00
SAO_8677-10,São Paulo,3550308,True,,33211,,,-23.487239000000002,-46.7323545,,,,2,2023-06-17T02:44:01+00:00
SAO_2709-31,São Paulo,3550308,True,,923,,,-23.5221535,-46.482896,,,,1,2023-06-17T02:44:24+00:00
SAO_5154-10,São Paulo,3550308,True,,33121,,,-23.5742155,-46.655919,,,,2,2023-06-17T02:41:28+00:00
SAO_5154-10,São Paulo,3550308,True,,33121,,,-23.654646999999997,-46.714907499999995,,,,2,2023-06-17T02:44:01+00:00
SAO_5154-10,São Paulo,3550308,True,,33121,,,-23.6515345,-46.71320275,,,,2,2023-06-17T02:44:21+00:00
SAO_5154-10,São Paulo,3550308,True,,33121,,,-23.6113455,-46.681945937500004,,,,2,2023-06-17T02:44:24+00:00
SAO_5154-10,São Paulo,3550308,True,,33121,,,-23.6299761875,-46.7091421875,,,,2,2023-06-17T02:44:33+00:00
SAO_5154-10,São Paulo,3550308,True,,33121,,,-23.651397,-46.714381,,,,2,2023-06-17T02:44:06+00:00
SAO_121G-10,São Paulo,3550308,True,,33459,,,-23.480949000000003,-46.600599,,,,2,2023-06-17T02:44:14+00:00
SAO_121G-10,São Paulo,3550308,True,,33459,,,-23.4810685,-46.603014,,,,2,2023-06-17T02:44:34+00:00
SAO_121G-10,São Paulo,3550308,True,,33459,,,-23.5216375,-46.56288625,,,,2,2023-06-17T02:44:34+00:00
SAO_121G-10,São Paulo,3550308,True,,33459,,,-23.4810685,-46.603014,,,,2,2023-06-17T02:44:18+00:00
SAO_121G-10,São Paulo,3550308,True,,33459,,,-23.521787000000003,-46.564085,,,,2,2023-06-17T02:44:28+00:00
SAO_6015-10,São Paulo,3550308,True,,1205,,,-23.734715,-46.7945555,,,,1,2023-06-17T02:44:30+00:00
SAO_6015-10,São Paulo,3550308,True,,1205,,,-23.669539,-46.7358925,,,,1,2023-06-17T02:44:09+00:00
SAO_6015-10,São Paulo,3550308,True,,1205,,,-23.734715,-46.7945555,,,,1,2023-06-17T02:44:38+00:00
SAO_6015-10,São Paulo,3550308,True,,1205,,,-23.734715,-46.7945555,,,,1,2023-06-17T02:44:23+00:00
SAO_6015-10,São Paulo,3550308,True,,1205,,,-23.646299499999998,-46.704412000000005,,,,1,2023-06-17T02:44:22+00:00
SAO_6015-10,São Paulo,3550308,True,,1205,,,-23.734715,-46.7945555,,,,1,2023-06-17T02:44:09+00:00
SAO_6015-10,São Paulo,3550308,True,,1205,,,-23.6894615,-46.77340325,,,,1,2023-06-17T02:44:02+00:00
SAO_6015-10,São Paulo,3550308,True,,1205,,,-23.734715,-46.7945555,,,,1,2023-06-17T02:44:28+00:00
SAO_2731-10,São Paulo,3550308,True,,946,,,-23.532731,-46.4536855,,,,1,2023-06-17T02:44:37+00:00
SAO_2731-10,São Paulo,3550308,True,,946,,,-23.526847500000002,-46.446185,,,,1,2023-06-17T02:44:28+00:00
SAO_2731-10,São Paulo,3550308,True,,946,,,-23.51499125,-46.433623,,,,1,2023-06-17T02:43:12+00:00
SAO_2731-10,São Paulo,3550308,True,,946,,,-23.542932,-46.471468,,,,1,2023-06-17T02:44:03+00:00
SAO_2731-10,São Paulo,3550308,True,,946,,,-23.542716,-46.469168499999995,,,,1,2023-06-17T02:42:15+00:00
SAO_4051-10,São Paulo,3550308,True,,2144,,,-23.563018999999997,-46.40108825,,,,1,2023-06-17T02:43:57+00:00
SAO_4051-10,São Paulo,3550308,True,,2144,,,-23.542614,-46.4155005,,,,1,2023-06-17T02:42:56+00:00
SAO_576C-10,São Paulo,3550308,True,,34058,,,-23.6377915,-46.6319965,,,,2,2023-06-17T02:44:15+00:00
SAO_576C-10,São Paulo,3550308,True,,34058,,,-23.654134499999998,-46.708625,,,,2,2023-06-17T02:44:25+00:00
SAO_576C-10,São Paulo,3550308,True,,34058,,,-23.6571625,-46.6540985,,,,2,2023-06-17T02:43:55+00:00
SAO_576C-10,São Paulo,3550308,True,,34058,,,-23.637947,-46.632115999999996,,,,2,2023-06-17T02:43:57+00:00
SAO_576C-10,São Paulo,3550308,True,,34058,,,-23.651000874999998,-46.704787875,,,,2,2023-06-17T02:44:28+00:00
SAO_576C-10,São Paulo,3550308,True,,34058,,,-23.638040500000002,-46.632286,,,,2,2023-06-17T02:44:05+00:00
SAO_576C-10,São Paulo,3550308,True,,34058,,,-23.6491675,-46.646328,,,,2,2023-06-17T02:44:32+00:00
SAO_576C-10,São Paulo,3550308,True,,34058,,,-23.643867,-46.6447535,,,,2,2023-06-17T02:43:22+00:00
SAO_4221-10,São Paulo,3550308,True,,33093,,,-23.60887425,-46.514239,,,,2,2023-06-17T02:44:18+00:00
SAO_4221-10,São Paulo,3550308,True,,33093,,,-23.60887425,-46.514239,,,,2,2023-06-17T02:44:30+00:00
SAO_4221-10,São Paulo,3550308,True,,33093,,,-23.60887425,-46.514239,,,,2,2023-06-17T02:44:34+00:00
SAO_4221-10,São Paulo,3550308,True,,33093,,,-23.6016895,-46.534328,,,,2,2023-06-17T02:44:29+00:00
SAO_4221-10,São Paulo,3550308,True,,33093,,,-23.547011,-46.62953,,,,2,2023-06-17T02:44:38+00:00
SAO_5034-31,São Paulo,3550308,True,,1664,,,-23.612807000000004,-46.6006835,,,,1,2023-06-17T02:43:57+00:00
SAO_5034-31,São Paulo,3550308,True,,1664,,,-23.6029265,-46.603229,,,,1,2023-06-17T02:44:20+00:00
SAO_5034-31,São Paulo,3550308,True,,1664,,,-23.623045,-46.600496125,,,,1,2023-06-17T02:44:38+00:00
SAO_5034-31,São Paulo,3550308,True,,1664,,,-23.6026455,-46.603128999999996,,,,1,2023-06-17T02:44:07+00:00
SAO_6084-10,São Paulo,3550308,True,,33937,,,-23.7804115,-46.6731975,,,,2,2023-06-17T02:44:00+00:00
SAO_6084-10,São Paulo,3550308,True,,33937,,,-23.7812805,-46.67209375,,,,2,2023-06-17T02:44:21+00:00
SAO_6084-10,São Paulo,3550308,True,,33937,,,-23.7812805,-46.67209375,,,,2,2023-06-17T02:43:59+00:00
SAO_6084-10,São Paulo,3550308,True,,33937,,,-23.7812805,-46.67209375,,,,2,2023-06-17T02:44:33+00:00
SAO_6084-10,São Paulo,3550308,True,,33937,,,-23.7812805,-46.67209375,,,,2,2023-06-17T02:44:08+00:00
SAO_6084-10,São Paulo,3550308,True,,33937,,,-23.7812805,-46.67209375,,,,2,2023-06-17T02:44:38+00:00
SAO_6084-10,São Paulo,3550308,True,,33937,,,-23.7804005,-46.6732885,,,,2,2023-06-17T02:44:21+00:00
SAO_6084-10,São Paulo,3550308,True,,33937,,,-23.7696045,-46.681899,,,,2,2023-06-17T02:43:56+00:00
SAO_6084-10,São Paulo,3550308,True,,33937,,,-23.7812805,-46.67209375,,,,2,2023-06-17T02:44:09+00:00
SAO_576M-10,São Paulo,3550308,True,,33372,,,-23.597367499999997,-46.678753875,,,,2,2023-06-17T02:44:06+00:00
SAO_576M-10,São Paulo,3550308,True,,33372,,,-23.634925250000002,-46.65964075000001,,,,2,2023-06-17T02:44:38+00:00
SAO_576M-10,São Paulo,3550308,True,,33372,,,-23.674360999999998,-46.6326275,,,,2,2023-06-17T02:44:05+00:00
SAO_576M-10,São Paulo,3550308,True,,33372,,,-23.6779695,-46.6404855,,,,2,2023-06-17T02:44:37+00:00
SAO_576M-10,São Paulo,3550308,True,,33372,,,-23.577509125,-46.686852,,,,2,2023-06-17T02:44:30+00:00
SAO_576M-10,São Paulo,3550308,True,,33372,,,-23.622165375,-46.67060325,,,,2,2023-06-17T02:44:03+00:00
SAO_576M-10,São Paulo,3550308,True,,33372,,,-23.63126,-46.6631135,,,,2,2023-06-17T02:44:30+00:00
SAO_576M-10,São Paulo,3550308,True,,33372,,,-23.6298965,-46.6681995,,,,2,2023-06-17T02:44:14+00:00
SAO_8038-10,São Paulo,3550308,True,,33565,,,-23.5192465,-46.7041905,,,,2,2023-06-17T02:44:20+00:00
SAO_8038-10,São Paulo,3550308,True,,33565,,,-23.53488225,-46.76081775,,,,2,2023-06-17T02:44:07+00:00
SAO_8038-10,São Paulo,3550308,True,,33565,,,-23.5238375,-46.7372275,,,,2,2023-06-17T02:44:18+00:00
SAO_8038-10,São Paulo,3550308,True,,33565,,,-23.53488225,-46.76081775,,,,2,2023-06-17T02:44:16+00:00
SAO_8038-10,São Paulo,3550308,True,,33565,,,-23.5422275,-46.7426885,,,,2,2023-06-17T02:43:57+00:00
SAO_8038-10,São Paulo,3550308,True,,33565,,,-23.53488225,-46.76081775,,,,2,2023-06-17T02:44:02+00:00
SAO_8038-10,São Paulo,3550308,True,,33565,,,-23.53488225,-46.76081775,,,,2,2023-06-17T02:43:36+00:00
SAO_8038-10,São Paulo,3550308,True,,33565,,,-23.5192465,-46.7041905,,,,2,2023-06-17T02:43:32+00:00
SAO_8038-10,São Paulo,3550308,True,,33565,,,-23.54861425,-46.73772975,,,,2,2023-06-17T02:43:54+00:00
SAO_6451-10,São Paulo,3550308,True,,61,,,-23.620607,-46.700401,,,,1,2023-06-17T02:44:38+00:00
SAO_6451-10,São Paulo,3550308,True,,61,,,-23.6546255,-46.761425,,,,1,2023-06-17T02:44:13+00:00
SAO_6451-10,São Paulo,3550308,True,,61,,,-23.580629000000002,-46.6799365,,,,1,2023-06-17T02:44:02+00:00
SAO_6451-10,São Paulo,3550308,True,,61,,,-23.5560215,-46.6502465,,,,1,2023-06-17T02:44:34+00:00
SAO_6451-10,São Paulo,3550308,True,,61,,,-23.6544905,-46.761455,,,,1,2023-06-17T02:44:38+00:00
SAO_6451-10,São Paulo,3550308,True,,61,,,-23.567642,-46.659486062499994,,,,1,2023-06-17T02:43:59+00:00
SAO_5015-10,São Paulo,3550308,True,,33887,,,-23.691779,-46.65973,,,,2,2023-06-17T02:43:55+00:00
SAO_5015-10,São Paulo,3550308,True,,33887,,,-23.691779,-46.65973,,,,2,2023-06-17T02:44:14+00:00
SAO_5015-10,São Paulo,3550308,True,,33887,,,-23.6854065,-46.6640635,,,,2,2023-06-17T02:43:57+00:00
SAO_5015-10,São Paulo,3550308,True,,33887,,,-23.691779,-46.65973,,,,2,2023-06-17T02:43:59+00:00
SAO_5015-10,São Paulo,3550308,True,,33887,,,-23.68346525,-46.64500700000001,,,,2,2023-06-17T02:41:17+00:00
SAO_172K-10,São Paulo,3550308,True,,857,,,-23.527593500000002,-46.59697274999999,,,,1,2023-06-17T02:44:01+00:00
SAO_172K-10,São Paulo,3550308,True,,857,,,-23.4821945,-46.604354,,,,1,2023-06-17T02:43:59+00:00
SAO_172K-10,São Paulo,3550308,True,,857,,,-23.480929,-46.601011,,,,1,2023-06-17T02:44:07+00:00
SAO_172K-10,São Paulo,3550308,True,,857,,,-23.517665,-46.589251875,,,,1,2023-06-17T02:43:58+00:00
SAO_8026-10,São Paulo,3550308,True,,34851,,,-23.618229125,-46.744855375,,,,2,2023-06-17T02:44:25+00:00
SAO_8026-10,São Paulo,3550308,True,,34851,,,-23.5936425,-46.741986499999996,,,,2,2023-06-17T02:44:36+00:00
SAO_4313-10,São Paulo,3550308,True,,2173,,,-23.595864,-46.4524015,,,,1,2023-06-17T02:44:22+00:00
SAO_4313-10,São Paulo,3550308,True,,2173,,,-23.552734,-46.6150765,,,,1,2023-06-17T02:44:12+00:00
SAO_4313-10,São Paulo,3550308,True,,2173,,,-23.5828545,-46.409211,,,,1,2023-06-17T02:41:37+00:00
SAO_4313-10,São Paulo,3550308,True,,2173,,,-23.5465655,-46.630341,,,,1,2023-06-17T02:44:13+00:00
SAO_4313-10,São Paulo,3550308,True,,2173,,,-23.5645765,-46.507687000000004,,,,1,2023-06-17T02:43:55+00:00
SAO_4313-10,São Paulo,3550308,True,,2173,,,-23.543402,-46.589890499999996,,,,1,2023-06-17T02:42:04+00:00
SAO_4313-10,São Paulo,3550308,True,,2173,,,-23.5478065,-46.5256445,,,,1,2023-06-17T02:44:02+00:00
SAO_4313-10,São Paulo,3550308,True,,2173,,,-23.58055825,-46.413486750000004,,,,1,2023-06-17T02:44:37+00:00
SAO_4313-10,São Paulo,3550308,True,,2173,,,-23.59419625,-46.42337975,,,,1,2023-06-17T02:44:19+00:00
SAO_4313-10,São Paulo,3550308,True,,2173,,,-23.5413615,-46.5350515,,,,1,2023-06-17T02:44:08+00:00
SAO_4313-10,São Paulo,3550308,True,,2173,,,-23.577417500000003,-46.5004115,,,,1,2023-06-17T02:42:37+00:00
SAO_4313-10,São Paulo,3550308,True,,2173,,,-23.5469355,-46.630097,,,,1,2023-06-17T02:44:31+00:00
SAO_6L01-10,São Paulo,3550308,True,,1171,,,-23.767813,-46.716483499999995,,,,1,2023-06-17T02:43:58+00:00
SAO_6L01-10,São Paulo,3550308,True,,1171,,,-23.80157825,-46.73396275,,,,1,2023-06-17T02:44:29+00:00
SAO_209P-10,São Paulo,3550308,True,,2216,,,-23.46998575,-46.670573000000005,,,,1,2023-06-17T02:44:05+00:00
SAO_209P-10,São Paulo,3550308,True,,2216,,,-23.46998575,-46.670573000000005,,,,1,2023-06-17T02:43:58+00:00
SAO_209P-10,São Paulo,3550308,True,,2216,,,-23.558327750000004,-46.682807,,,,1,2023-06-17T02:41:43+00:00
SAO_209P-10,São Paulo,3550308,True,,2216,,,-23.488819,-46.684298999999996,,,,1,2023-06-17T02:44:24+00:00
SAO_209P-10,São Paulo,3550308,True,,2216,,,-23.514636,-46.691038,,,,1,2023-06-17T02:43:59+00:00
SAO_209P-10,São Paulo,3550308,True,,2216,,,-23.472319999999996,-46.6704065,,,,1,2023-06-17T02:44:36+00:00
SAO_209P-10,São Paulo,3550308,True,,2216,,,-23.47180475,-46.67047275,,,,1,2023-06-17T02:44:26+00:00
SAO_209P-10,São Paulo,3550308,True,,2216,,,-23.53036,-46.6774845,,,,1,2023-06-17T02:43:58+00:00
SAO_209P-10,São Paulo,3550308,True,,2216,,,-23.47206025,-46.670438250000004,,,,1,2023-06-17T02:44:25+00:00
SAO_408A-10,São Paulo,3550308,True,,766,,,-23.57602,-46.635066,,,,1,2023-06-17T02:44:05+00:00
SAO_408A-10,São Paulo,3550308,True,,766,,,-23.543756000000002,-46.6586175,,,,1,2023-06-17T02:44:12+00:00
SAO_2105-10,São Paulo,3550308,True,,2247,,,-23.511491,-46.625126,,,,1,2023-06-17T02:44:28+00:00
SAO_2105-10,São Paulo,3550308,True,,2247,,,-23.468632749999998,-46.604006375,,,,1,2023-06-17T02:44:03+00:00
SAO_2105-10,São Paulo,3550308,True,,2247,,,-23.43415375,-46.578893625,,,,1,2023-06-17T02:44:33+00:00
SAO_5129-10,São Paulo,3550308,True,,1281,,,-23.68215825,-46.69335375,,,,1,2023-06-17T02:44:14+00:00
SAO_5129-10,São Paulo,3550308,True,,1281,,,-23.658049249999998,-46.6796695,,,,1,2023-06-17T02:44:05+00:00
SAO_5129-10,São Paulo,3550308,True,,1281,,,-23.680045,-46.636998000000006,,,,1,2023-06-17T02:42:32+00:00
SAO_5129-10,São Paulo,3550308,True,,1281,,,-23.6687515,-46.735510000000005,,,,1,2023-06-17T02:44:30+00:00
SAO_5129-10,São Paulo,3550308,True,,1281,,,-23.6687515,-46.735510000000005,,,,1,2023-06-17T02:44:14+00:00
SAO_5129-10,São Paulo,3550308,True,,1281,,,-23.6689235,-46.735557,,,,1,2023-06-17T02:43:58+00:00
SAO_208V-10,São Paulo,3550308,True,,32975,,,-23.5178825,-46.475722000000005,,,,2,2023-06-17T02:44:16+00:00
SAO_208V-10,São Paulo,3550308,True,,32975,,,-23.535182374999998,-46.58226225,,,,2,2023-06-17T02:44:12+00:00
SAO_208V-10,São Paulo,3550308,True,,32975,,,-23.5188975,-46.475528,,,,2,2023-06-17T02:43:56+00:00
SAO_208V-10,São Paulo,3550308,True,,32975,,,-23.5180825,-46.4756835,,,,2,2023-06-17T02:44:01+00:00
SAO_208V-10,São Paulo,3550308,True,,32975,,,-23.5476865,-46.6292585,,,,2,2023-06-17T02:44:25+00:00
SAO_208V-10,São Paulo,3550308,True,,32975,,,-23.5476865,-46.6292585,,,,2,2023-06-17T02:44:22+00:00
SAO_208V-10,São Paulo,3550308,True,,32975,,,-23.517572,-46.475783,,,,2,2023-06-17T02:44:11+00:00
SAO_208V-10,São Paulo,3550308,True,,32975,,,-23.52355925,-46.5462585,,,,2,2023-06-17T02:41:58+00:00
SAO_208V-10,São Paulo,3550308,True,,32975,,,-23.52177,-46.5257795,,,,2,2023-06-17T02:44:39+00:00
SAO_208V-10,São Paulo,3550308,True,,32975,,,-23.5476865,-46.6292585,,,,2,2023-06-17T02:44:19+00:00
SAO_208V-10,São Paulo,3550308,True,,32975,,,-23.518321,-46.475637,,,,2,2023-06-17T02:43:35+00:00
SAO_208V-10,São Paulo,3550308,True,,32975,,,-23.517572,-46.475783,,,,2,2023-06-17T02:44:38+00:00
SAO_208V-10,São Paulo,3550308,True,,32975,,,-23.5476865,-46.6292585,,,,2,2023-06-17T02:44:30+00:00
SAO_208V-10,São Paulo,3550308,True,,32975,,,-23.5189365,-46.4755325,,,,2,2023-06-17T02:44:22+00:00
SAO_208V-10,São Paulo,3550308,True,,32975,,,-23.515244000000003,-46.5202005,,,,2,2023-06-17T02:44:26+00:00
SAO_407R-10,São Paulo,3550308,True,,34969,,,-23.556492437499998,-46.5726773125,,,,2,2023-06-17T02:44:31+00:00
SAO_407R-10,São Paulo,3550308,True,,34969,,,-23.558443999999998,-46.568194500000004,,,,2,2023-06-17T02:44:32+00:00
SAO_407E-10,São Paulo,3550308,True,,2215,,,-23.626632999999998,-46.446732499999996,,,,1,2023-06-17T02:44:35+00:00
SAO_407E-10,São Paulo,3550308,True,,2215,,,-23.6335585,-46.4430015,,,,1,2023-06-17T02:44:07+00:00
SAO_407E-10,São Paulo,3550308,True,,2215,,,-23.565915,-46.5070785,,,,1,2023-06-17T02:44:01+00:00
SAO_407E-10,São Paulo,3550308,True,,2215,,,-23.6335585,-46.4430015,,,,1,2023-06-17T02:44:21+00:00
SAO_407E-10,São Paulo,3550308,True,,2215,,,-23.6069505,-46.464266,,,,1,2023-06-17T02:43:54+00:00
SAO_407E-10,São Paulo,3550308,True,,2215,,,-23.6335585,-46.4430015,,,,1,2023-06-17T02:44:23+00:00
SAO_407E-10,São Paulo,3550308,True,,2215,,,-23.544107750000002,-46.52996075,,,,1,2023-06-17T02:44:12+00:00
SAO_407E-10,São Paulo,3550308,True,,2215,,,-23.6335585,-46.4430015,,,,1,2023-06-17T02:44:30+00:00
SAO_407E-10,São Paulo,3550308,True,,2215,,,-23.538742,-46.564669499999994,,,,1,2023-06-17T02:44:38+00:00
SAO_5020-10,São Paulo,3550308,True,,34438,,,-23.597696374999998,-46.601923125,,,,2,2023-06-17T02:40:09+00:00
SAO_1024-10,São Paulo,3550308,True,,2302,,,-23.4586365,-46.706729499999994,,,,1,2023-06-17T02:44:12+00:00
SAO_1024-10,São Paulo,3550308,True,,2302,,,-23.4572555,-46.7013465,,,,1,2023-06-17T02:44:36+00:00
SAO_1024-10,São Paulo,3550308,True,,2302,,,-23.4615145,-46.709816,,,,1,2023-06-17T02:44:33+00:00
SAO_809V-10,São Paulo,3550308,True,,35011,,,-23.5763875,-46.733256,,,,2,2023-06-17T02:44:30+00:00
SAO_809V-10,São Paulo,3550308,True,,35011,,,-23.5763875,-46.733256,,,,2,2023-06-17T02:44:37+00:00
SAO_809V-10,São Paulo,3550308,True,,35011,,,-23.5763605,-46.732949500000004,,,,2,2023-06-17T02:44:28+00:00
SAO_3462-10,São Paulo,3550308,True,,33015,,,-23.527654749999996,-46.4550565,,,,2,2023-06-17T02:44:08+00:00
SAO_3462-10,São Paulo,3550308,True,,33015,,,-23.5230005,-46.5224595,,,,2,2023-06-17T02:44:32+00:00
SAO_3462-10,São Paulo,3550308,True,,33015,,,-23.527414,-46.4551295,,,,2,2023-06-17T02:44:24+00:00
SAO_3462-10,São Paulo,3550308,True,,33015,,,-23.534110499999997,-46.4695355,,,,2,2023-06-17T02:44:35+00:00
SAO_4709-10,São Paulo,3550308,True,,333,,,-23.653377,-46.6069295,,,,1,2023-06-17T02:43:59+00:00
SAO_4709-10,São Paulo,3550308,True,,333,,,-23.653377,-46.6069295,,,,1,2023-06-17T02:44:07+00:00
SAO_4709-10,São Paulo,3550308,True,,333,,,-23.653377,-46.6069295,,,,1,2023-06-17T02:44:04+00:00
SAO_509J-10,São Paulo,3550308,True,,33032,,,-23.579444,-46.6608585,,,,2,2023-06-17T02:44:30+00:00
SAO_509J-10,São Paulo,3550308,True,,33032,,,-23.687800000000003,-46.6546095,,,,2,2023-06-17T02:43:56+00:00
SAO_509J-10,São Paulo,3550308,True,,33032,,,-23.604888250000002,-46.66164125,,,,2,2023-06-17T02:44:09+00:00
SAO_509J-10,São Paulo,3550308,True,,33032,,,-23.687774,-46.663371,,,,2,2023-06-17T02:44:00+00:00
SAO_509J-10,São Paulo,3550308,True,,33032,,,-23.6875885,-46.654850499999995,,,,2,2023-06-17T02:44:14+00:00
SAO_509J-10,São Paulo,3550308,True,,33032,,,-23.61836275,-46.671533624999995,,,,2,2023-06-17T02:44:03+00:00
SAO_509J-10,São Paulo,3550308,True,,33032,,,-23.59772625,-46.661918625,,,,2,2023-06-17T02:44:35+00:00
SAO_3004-10,São Paulo,3550308,True,,1798,,,-23.482243125,-46.4309335,,,,1,2023-06-17T02:39:30+00:00
SAO_5110-10,São Paulo,3550308,True,,2209,,,-23.59857875,-46.532126375000004,,,,1,2023-06-17T02:44:12+00:00
SAO_5110-10,São Paulo,3550308,True,,2209,,,-23.5825075,-46.565351,,,,1,2023-06-17T02:41:01+00:00
SAO_5110-10,São Paulo,3550308,True,,2209,,,-23.547036,-46.628932,,,,1,2023-06-17T02:44:23+00:00
SAO_5110-10,São Paulo,3550308,True,,2209,,,-23.61459425,-46.500975,,,,1,2023-06-17T02:44:33+00:00
SAO_5110-10,São Paulo,3550308,True,,2209,,,-23.577527375000003,-46.600706625,,,,1,2023-06-17T02:44:21+00:00
SAO_5110-10,São Paulo,3550308,True,,2209,,,-23.547292,-46.6287735,,,,1,2023-06-17T02:44:21+00:00
SAO_5110-10,São Paulo,3550308,True,,2209,,,-23.6141145,-46.476496999999995,,,,1,2023-06-17T02:44:26+00:00
SAO_5110-10,São Paulo,3550308,True,,2209,,,-23.5825985,-46.5662145,,,,1,2023-06-17T02:44:13+00:00
SAO_5110-10,São Paulo,3550308,True,,2209,,,-23.585165625000002,-46.548419625,,,,1,2023-06-17T02:44:30+00:00
SAO_5110-10,São Paulo,3550308,True,,2209,,,-23.61421,-46.498875999999996,,,,1,2023-06-17T02:44:18+00:00
SAO_5110-10,São Paulo,3550308,True,,2209,,,-23.6141145,-46.476496999999995,,,,1,2023-06-17T02:44:07+00:00
SAO_1034-10,São Paulo,3550308,True,,35220,,,-23.47083525,-46.71026325,,,,2,2023-06-17T02:44:00+00:00
SAO_1034-10,São Paulo,3550308,True,,35220,,,-23.4704835,-46.7104185,,,,2,2023-06-17T02:44:22+00:00
SAO_1034-10,São Paulo,3550308,True,,35220,,,-23.476147,-46.704112,,,,2,2023-06-17T02:44:10+00:00
SAO_1034-10,São Paulo,3550308,True,,35220,,,-23.47114175,-46.71015375,,,,2,2023-06-17T02:43:57+00:00
SAO_8544-10,São Paulo,3550308,True,,33198,,,-23.4338295,-46.7511745,,,,2,2023-06-17T02:44:39+00:00
SAO_8544-10,São Paulo,3550308,True,,33198,,,-23.448747,-46.734024500000004,,,,2,2023-06-17T02:44:03+00:00
SAO_8544-10,São Paulo,3550308,True,,33198,,,-23.43394,-46.751227,,,,2,2023-06-17T02:44:28+00:00
SAO_8544-10,São Paulo,3550308,True,,33198,,,-23.542068,-46.635954,,,,2,2023-06-17T02:44:38+00:00
SAO_857R-10,São Paulo,3550308,True,,1892,,,-23.63137,-46.771866,,,,1,2023-06-17T02:44:20+00:00
SAO_857R-10,São Paulo,3550308,True,,1892,,,-23.611296,-46.753471,,,,1,2023-06-17T02:44:28+00:00
SAO_857R-10,São Paulo,3550308,True,,1892,,,-23.56293,-46.675621,,,,1,2023-06-17T02:44:03+00:00
SAO_857R-10,São Paulo,3550308,True,,1892,,,-23.564383,-46.6300705,,,,1,2023-06-17T02:44:12+00:00
SAO_8010-10,São Paulo,3550308,True,,33566,,,-23.482210000000002,-46.7243665,,,,2,2023-06-17T02:44:32+00:00
SAO_8010-10,São Paulo,3550308,True,,33566,,,-23.4797725,-46.72642625,,,,2,2023-06-17T02:44:05+00:00
SAO_8010-10,São Paulo,3550308,True,,33566,,,-23.4188695,-46.748881499999996,,,,2,2023-06-17T02:44:36+00:00
SAO_8010-10,São Paulo,3550308,True,,33566,,,-23.406271500000003,-46.7554045,,,,2,2023-06-17T02:44:28+00:00
SAO_8010-10,São Paulo,3550308,True,,33566,,,-23.419567999999998,-46.749461499999995,,,,2,2023-06-17T02:44:19+00:00
SAO_8010-10,São Paulo,3550308,True,,33566,,,-23.488673,-46.722412000000006,,,,2,2023-06-17T02:44:35+00:00
SAO_8010-10,São Paulo,3550308,True,,33566,,,-23.508137,-46.705693999999994,,,,2,2023-06-17T02:44:24+00:00
SAO_8010-10,São Paulo,3550308,True,,33566,,,-23.405923,-46.755074,,,,2,2023-06-17T02:44:03+00:00
SAO_2756-10,São Paulo,3550308,True,,33006,,,-23.544410499999998,-46.390766,,,,2,2023-06-17T02:44:13+00:00
SAO_2756-10,São Paulo,3550308,True,,33006,,,-23.518522750000002,-46.469283250000004,,,,2,2023-06-17T02:44:18+00:00
SAO_2756-10,São Paulo,3550308,True,,33006,,,-23.515732,-46.4905575,,,,2,2023-06-17T02:42:42+00:00
SAO_669A-10,São Paulo,3550308,True,,4,,,-23.654157,-46.7105825,,,,1,2023-06-17T02:44:36+00:00
SAO_669A-10,São Paulo,3550308,True,,4,,,-23.583026,-46.668275,,,,1,2023-06-17T02:44:10+00:00
SAO_669A-10,São Paulo,3550308,True,,4,,,-23.654157,-46.7105825,,,,1,2023-06-17T02:43:57+00:00
SAO_669A-10,São Paulo,3550308,True,,4,,,-23.559280375,-46.6588055,,,,1,2023-06-17T02:44:36+00:00
SAO_669A-10,São Paulo,3550308,True,,4,,,-23.53471425,-46.64500699999999,,,,1,2023-06-17T02:44:27+00:00
SAO_669A-10,São Paulo,3550308,True,,4,,,-23.654157,-46.7105825,,,,1,2023-06-17T02:44:11+00:00
SAO_669A-10,São Paulo,3550308,True,,4,,,-23.65162375,-46.705222125,,,,1,2023-06-17T02:44:19+00:00
SAO_297A-10,São Paulo,3550308,True,,2133,,,-23.508710125,-46.68113425,,,,1,2023-06-17T02:44:01+00:00
SAO_297A-10,São Paulo,3550308,True,,2133,,,-23.493399,-46.6757375,,,,1,2023-06-17T02:44:18+00:00
SAO_3031-10,São Paulo,3550308,True,,967,,,-23.5727255,-46.445909,,,,1,2023-06-17T02:44:08+00:00
SAO_3031-10,São Paulo,3550308,True,,967,,,-23.610605999999997,-46.44484,,,,1,2023-06-17T02:44:06+00:00
SAO_3031-10,São Paulo,3550308,True,,967,,,-23.6129015,-46.444473,,,,1,2023-06-17T02:44:40+00:00
SAO_3031-10,São Paulo,3550308,True,,967,,,-23.546550250000003,-46.461182,,,,1,2023-06-17T02:44:39+00:00
SAO_3031-10,São Paulo,3550308,True,,967,,,-23.610138499999998,-46.4531125,,,,1,2023-06-17T02:44:28+00:00
SAO_3031-10,São Paulo,3550308,True,,967,,,-23.6129015,-46.444473,,,,1,2023-06-17T02:44:25+00:00
SAO_3031-10,São Paulo,3550308,True,,967,,,-23.59960925,-46.442319499999996,,,,1,2023-06-17T02:44:00+00:00
SAO_2059-10,São Paulo,3550308,True,Cidade de Caieiras,260,https://moovitapp.com/index/pt-br/transporte_p%C3%BAblico-line-260-Sao_Paulo-242-868761-496413-0,5.0,-23.495649,-46.44248375000001,,,,1,2023-06-17T02:44:03+00:00
SAO_2059-10,São Paulo,3550308,True,Cidade de Caieiras,260,https://moovitapp.com/index/pt-br/transporte_p%C3%BAblico-line-260-Sao_Paulo-242-868761-496413-0,5.0,-23.4990765,-46.440281999999996,,,,1,2023-06-17T02:34:34+00:00
SAO_1156-10,São Paulo,3550308,True,,659,,,-23.49500775,-46.58013925,,,,1,2023-06-17T02:44:23+00:00
SAO_1156-10,São Paulo,3550308,True,,659,,,-23.541079500000002,-46.635614000000004,,,,1,2023-06-17T02:44:22+00:00
SAO_1156-10,São Paulo,3550308,True,,659,,,-23.517061125,-46.588775999999996,,,,1,2023-06-17T02:44:13+00:00
SAO_1156-10,São Paulo,3550308,True,,659,,,-23.5247005,-46.628902499999995,,,,1,2023-06-17T02:43:58+00:00
SAO_2704-10,São Paulo,3550308,True,,33684,,,-23.523087,-46.410531500000005,,,,2,2023-06-17T02:44:31+00:00
SAO_2704-10,São Paulo,3550308,True,,33684,,,-23.5207765,-46.419056999999995,,,,2,2023-06-17T02:43:40+00:00
SAO_2704-10,São Paulo,3550308,True,,33684,,,-23.517041499999998,-46.4384565,,,,2,2023-06-17T02:44:14+00:00
SAO_2704-10,São Paulo,3550308,True,,33684,,,-23.515601500000002,-46.423706,,,,2,2023-06-17T02:42:48+00:00
SAO_2704-10,São Paulo,3550308,True,,33684,,,-23.526239,-46.409855500000006,,,,2,2023-06-17T02:44:26+00:00
SAO_1744-10,São Paulo,3550308,True,,33312,,,-23.47214175,-46.642127375,,,,2,2023-06-17T02:44:38+00:00
SAO_1744-10,São Paulo,3550308,True,,33312,,,-23.4812045,-46.6392805,,,,2,2023-06-17T02:44:22+00:00
SAO_1744-10,São Paulo,3550308,True,,33312,,,-23.5026995,-46.624219,,,,2,2023-06-17T02:44:35+00:00
SAO_1744-10,São Paulo,3550308,True,,33312,,,-23.472376,-46.64149449999999,,,,2,2023-06-17T02:43:58+00:00
SAO_1896-10,São Paulo,3550308,True,,35288,,,-23.5331495,-46.65650675,,,,2,2023-06-17T02:44:16+00:00
SAO_1896-10,São Paulo,3550308,True,,35288,,,-23.5073045,-46.7108445,,,,2,2023-06-17T02:44:10+00:00
SAO_1896-10,São Paulo,3550308,True,,35288,,,-23.470442,-46.745251249999995,,,,2,2023-06-17T02:44:01+00:00
SAO_1896-10,São Paulo,3550308,True,,35288,,,-23.444561999999998,-46.7535965,,,,2,2023-06-17T02:44:35+00:00
SAO_9050-10,São Paulo,3550308,True,,2088,,,-23.520992749999998,-46.699836,,,,1,2023-06-17T02:43:57+00:00
SAO_9050-10,São Paulo,3550308,True,,2088,,,-23.550439875,-46.7077305,,,,1,2023-06-17T02:44:05+00:00
SAO_9050-10,São Paulo,3550308,True,,2088,,,-23.5200315,-46.699387,,,,1,2023-06-17T02:44:29+00:00
SAO_9050-10,São Paulo,3550308,True,,2088,,,-23.5200915,-46.699243,,,,1,2023-06-17T02:44:12+00:00
SAO_9050-10,São Paulo,3550308,True,,2088,,,-23.525028,-46.7030435,,,,1,2023-06-17T02:44:26+00:00
SAO_9050-10,São Paulo,3550308,True,,2088,,,-23.5200915,-46.699243,,,,1,2023-06-17T02:44:34+00:00
SAO_5032-10,São Paulo,3550308,True,,34430,,,-23.5985955,-46.60525774999999,,,,2,2023-06-17T02:44:29+00:00
SAO_5032-10,São Paulo,3550308,True,,34430,,,-23.609543000000002,-46.596287000000004,,,,2,2023-06-17T02:44:22+00:00
SAO_5032-10,São Paulo,3550308,True,,34430,,,-23.623826,-46.591074000000006,,,,2,2023-06-17T02:44:28+00:00
SAO_5032-10,São Paulo,3550308,True,,34430,,,-23.636254,-46.5934965,,,,2,2023-06-17T02:44:11+00:00
SAO_5032-10,São Paulo,3550308,True,,34430,,,-23.631254499999997,-46.5850025,,,,2,2023-06-17T02:44:40+00:00
SAO_5032-10,São Paulo,3550308,True,,34430,,,-23.636195999999998,-46.5934805,,,,2,2023-06-17T02:43:58+00:00
SAO_5032-10,São Paulo,3550308,True,,34430,,,-23.593757500000002,-46.590596,,,,2,2023-06-17T02:44:31+00:00
SAO_9019-10,São Paulo,3550308,True,,1433,,,-23.4823615,-46.720662000000004,,,,1,2023-06-17T02:44:00+00:00
SAO_9019-10,São Paulo,3550308,True,,1433,,,-23.4545785,-46.7102915,,,,1,2023-06-17T02:44:10+00:00
SAO_9019-10,São Paulo,3550308,True,,1433,,,-23.464516500000002,-46.714374,,,,1,2023-06-17T02:44:28+00:00
SAO_5100-10,São Paulo,3550308,True,,1370,,,-23.561348,-46.6441315,,,,1,2023-06-17T02:44:29+00:00
SAO_2721-10,São Paulo,3550308,True,,934,,,-23.5193225,-46.409525,,,,1,2023-06-17T02:44:38+00:00
SAO_2721-10,São Paulo,3550308,True,,934,,,-23.519191,-46.444007,,,,1,2023-06-17T02:44:24+00:00
SAO_2721-10,São Paulo,3550308,True,,934,,,-23.5193225,-46.409525,,,,1,2023-06-17T02:44:40+00:00
SAO_2721-10,São Paulo,3550308,True,,934,,,-23.54223,-46.4724785,,,,1,2023-06-17T02:44:38+00:00
SAO_2721-10,São Paulo,3550308,True,,934,,,-23.5193225,-46.409525,,,,1,2023-06-17T02:44:31+00:00
SAO_2721-10,São Paulo,3550308,True,,934,,,-23.532367,-46.45353425,,,,1,2023-06-17T02:44:23+00:00
SAO_2721-10,São Paulo,3550308,True,,934,,,-23.49532,-46.4292905,,,,1,2023-06-17T02:44:38+00:00
SAO_2721-10,São Paulo,3550308,True,,934,,,-23.5193225,-46.409525,,,,1,2023-06-17T02:44:04+00:00
SAO_2721-10,São Paulo,3550308,True,,934,,,-23.5193225,-46.409525,,,,1,2023-06-17T02:44:21+00:00
SAO_2718-10,São Paulo,3550308,True,,33699,,,-23.4930925,-46.49988925,,,,2,2023-06-17T02:44:33+00:00
SAO_2718-10,São Paulo,3550308,True,,33699,,,-23.493536749999997,-46.500674,,,,2,2023-06-17T02:44:27+00:00
SAO_2718-10,São Paulo,3550308,True,,33699,,,-23.497218500000002,-46.506145000000004,,,,2,2023-06-17T02:44:13+00:00
SAO_2718-10,São Paulo,3550308,True,,33699,,,-23.496284250000002,-46.51229025,,,,2,2023-06-17T02:44:19+00:00
SAO_2718-10,São Paulo,3550308,True,,33699,,,-23.4931245,-46.500213,,,,2,2023-06-17T02:44:23+00:00
SAO_2718-10,São Paulo,3550308,True,,33699,,,-23.4930925,-46.49988925,,,,2,2023-06-17T02:44:18+00:00
SAO_2718-10,São Paulo,3550308,True,,33699,,,-23.533648499999998,-46.5455135,,,,2,2023-06-17T02:44:36+00:00
SAO_2718-10,São Paulo,3550308,True,,33699,,,-23.5231655,-46.545469499999996,,,,2,2023-06-17T02:44:32+00:00
SAO_2718-10,São Paulo,3550308,True,,33699,,,-23.51158,-46.550985499999996,,,,2,2023-06-17T02:43:57+00:00
SAO_2718-10,São Paulo,3550308,True,,33699,,,-23.4930925,-46.49988925,,,,2,2023-06-17T02:44:35+00:00
SAO_1767-10,São Paulo,3550308,True,,33396,,,-23.4735285,-46.5655225,,,,2,2023-06-17T02:43:59+00:00
SAO_1767-10,São Paulo,3550308,True,,33396,,,-23.4736435,-46.565765999999996,,,,2,2023-06-17T02:43:57+00:00
SAO_1767-10,São Paulo,3550308,True,,33396,,,-23.47582775,-46.569711125,,,,2,2023-06-17T02:44:09+00:00
SAO_2014-10,São Paulo,3550308,True,Urubupungá,900,https://moovitapp.com/index/pt-br/transporte_p%C3%BAblico-line-900-Sao_Paulo-242-873835-496470-0,4.6,-23.529546500000002,-46.677191,,,,1,2023-06-17T02:42:49+00:00
SAO_2014-10,São Paulo,3550308,True,Urubupungá,900,https://moovitapp.com/index/pt-br/transporte_p%C3%BAblico-line-900-Sao_Paulo-242-873835-496470-0,4.6,-23.4907135,-46.663463,,,,1,2023-06-17T02:44:21+00:00
SAO_2014-10,São Paulo,3550308,True,Urubupungá,900,https://moovitapp.com/index/pt-br/transporte_p%C3%BAblico-line-900-Sao_Paulo-242-873835-496470-0,4.6,-23.457664,-46.6675315,,,,1,2023-06-17T02:44:36+00:00
SAO_2014-10,São Paulo,3550308,True,Urubupungá,900,https://moovitapp.com/index/pt-br/transporte_p%C3%BAblico-line-900-Sao_Paulo-242-873835-496470-0,4.6,-23.510400000000004,-46.666109750000004,,,,1,2023-06-17T02:44:05+00:00
SAO_2014-10,São Paulo,3550308,True,Urubupungá,900,https://moovitapp.com/index/pt-br/transporte_p%C3%BAblico-line-900-Sao_Paulo-242-873835-496470-0,4.6,-23.5266425,-46.66785350000001,,,,1,2023-06-17T02:44:20+00:00
SAO_2014-10,São Paulo,3550308,True,Urubupungá,900,https://moovitapp.com/index/pt-br/transporte_p%C3%BAblico-line-900-Sao_Paulo-242-873835-496470-0,4.6,-23.457081000000002,-46.669748,,,,1,2023-06-17T02:44:40+00:00
SAO_2014-10,São Paulo,3550308,True,Urubupungá,900,https://moovitapp.com/index/pt-br/transporte_p%C3%BAblico-line-900-Sao_Paulo-242-873835-496470-0,4.6,-23.457081000000002,-46.669748,,,,1,2023-06-17T02:44:27+00:00
SAO_2014-10,São Paulo,3550308,True,Urubupungá,900,https://moovitapp.com/index/pt-br/transporte_p%C3%BAblico-line-900-Sao_Paulo-242-873835-496470-0,4.6,-23.4765695,-46.670687,,,,1,2023-06-17T02:44:26+00:00
SAO_2014-10,São Paulo,3550308,True,Urubupungá,900,https://moovitapp.com/index/pt-br/transporte_p%C3%BAblico-line-900-Sao_Paulo-242-873835-496470-0,4.6,-23.4765695,-46.670687,,,,1,2023-06-17T02:44:28+00:00
SAO_2707-10,São Paulo,3550308,True,,33687,,,-23.543513875,-46.422970125,,,,2,2023-06-17T02:38:34+00:00
SAO_2707-10,São Paulo,3550308,True,,33687,,,-23.528416999999997,-46.40749,,,,2,2023-06-17T02:43:55+00:00
SAO_2707-10,São Paulo,3550308,True,,33687,,,-23.5259545,-46.40527,,,,2,2023-06-17T02:44:38+00:00
SAO_2707-10,São Paulo,3550308,True,,33687,,,-23.526398,-46.405373499999996,,,,2,2023-06-17T02:43:59+00:00
SAO_2707-10,São Paulo,3550308,True,,33687,,,-23.536134625000003,-46.427873375000004,,,,2,2023-06-17T02:39:32+00:00
SAO_2707-10,São Paulo,3550308,True,,33687,,,-23.525353,-46.4059125,,,,2,2023-06-17T02:44:31+00:00
SAO_2707-10,São Paulo,3550308,True,,33687,,,-23.540637000000004,-46.4561495,,,,2,2023-06-17T02:44:02+00:00
SAO_875C-1,São Paulo,3550308,True,,2510,,,-23.601724,-46.665586000000005,,,,1,2023-06-17T02:44:06+00:00
SAO_875C-1,São Paulo,3550308,True,,2510,,,-23.596769000000002,-46.646705374999996,,,,1,2023-06-17T02:44:16+00:00
SAO_875C-1,São Paulo,3550308,True,,2510,,,-23.58310125,-46.6839305,,,,1,2023-06-17T02:43:56+00:00
SAO_875C-1,São Paulo,3550308,True,,2510,,,-23.5608075,-46.695532,,,,1,2023-06-17T02:44:06+00:00
SAO_4035-10,São Paulo,3550308,True,,35328,,,-23.558238,-46.399558999999996,,,,2,2023-06-17T02:44:27+00:00
SAO_4035-10,São Paulo,3550308,True,,35328,,,-23.5591695,-46.3996545,,,,2,2023-06-17T02:43:59+00:00
SAO_4035-10,São Paulo,3550308,True,,35328,,,-23.54102075,-46.450652250000005,,,,2,2023-06-17T02:44:10+00:00
SAO_4035-10,São Paulo,3550308,True,,35328,,,-23.558356,-46.3995355,,,,2,2023-06-17T02:44:09+00:00
SAO_4035-10,São Paulo,3550308,True,,35328,,,-23.5577225,-46.399697,,,,2,2023-06-17T02:44:07+00:00
SAO_2031-10,São Paulo,3550308,True,,33135,,,-23.50584575,-46.37234624999999,,,,2,2023-06-17T02:44:11+00:00
SAO_2031-10,São Paulo,3550308,True,,33135,,,-23.515441,-46.45831225,,,,2,2023-06-17T02:43:58+00:00
SAO_2031-10,São Paulo,3550308,True,,33135,,,-23.50574925,-46.37263675,,,,2,2023-06-17T02:44:07+00:00
SAO_2031-10,São Paulo,3550308,True,,33135,,,-23.494194,-46.421617625,,,,2,2023-06-17T02:43:56+00:00
SAO_4113-10,São Paulo,3550308,True,,33536,,,-23.6024155,-46.612331,,,,2,2023-06-17T02:44:21+00:00
SAO_4113-10,São Paulo,3550308,True,,33536,,,-23.601294625,-46.609441875,,,,2,2023-06-17T02:44:29+00:00
SAO_4113-10,São Paulo,3550308,True,,33536,,,-23.581692,-46.61455625000001,,,,2,2023-06-17T02:44:11+00:00
SAO_4113-10,São Paulo,3550308,True,,33536,,,-23.59431825,-46.61009625,,,,2,2023-06-17T02:43:46+00:00
SAO_4113-10,São Paulo,3550308,True,,33536,,,-23.57777825,-46.625369375000005,,,,2,2023-06-17T02:44:00+00:00
SAO_4113-10,São Paulo,3550308,True,,33536,,,-23.582532999999998,-46.613176,,,,2,2023-06-17T02:44:39+00:00
SAO_4113-10,São Paulo,3550308,True,,33536,,,-23.599219750000003,-46.60962175,,,,2,2023-06-17T02:44:22+00:00
SAO_4113-10,São Paulo,3550308,True,,33536,,,-23.59947925,-46.60959925,,,,2,2023-06-17T02:44:38+00:00
SAO_4113-10,São Paulo,3550308,True,,33536,,,-23.548732,-46.6425325,,,,2,2023-06-17T02:43:59+00:00
SAO_8055-51,São Paulo,3550308,True,EMTU,417,https://moovitapp.com/index/pt-br/transporte_p%C3%BAblico-line-417-Sao_Paulo-242-2038937-36419474-0,5.2,-23.408545500000002,-46.740751,,,,1,2023-06-17T02:44:25+00:00
SAO_8055-51,São Paulo,3550308,True,EMTU,417,https://moovitapp.com/index/pt-br/transporte_p%C3%BAblico-line-417-Sao_Paulo-242-2038937-36419474-0,5.2,-23.47219225,-46.77713,,,,1,2023-06-17T02:44:07+00:00
SAO_8055-51,São Paulo,3550308,True,EMTU,417,https://moovitapp.com/index/pt-br/transporte_p%C3%BAblico-line-417-Sao_Paulo-242-2038937-36419474-0,5.2,-23.408982,-46.740232000000006,,,,1,2023-06-17T02:44:10+00:00
SAO_6063-41,São Paulo,3550308,True,,34541,,,-23.787911,-46.680079,,,,2,2023-06-17T02:44:24+00:00
SAO_6063-41,São Paulo,3550308,True,,34541,,,-23.787551999999998,-46.679802,,,,2,2023-06-17T02:44:32+00:00
SAO_6063-41,São Paulo,3550308,True,,34541,,,-23.7873735,-46.681128,,,,2,2023-06-17T02:44:35+00:00
SAO_6063-41,São Paulo,3550308,True,,34541,,,-23.7731425,-46.7029965,,,,2,2023-06-17T02:44:31+00:00
SAO_5034-10,São Paulo,3550308,True,,1663,,,-23.6204855,-46.601115500000006,,,,1,2023-06-17T02:44:30+00:00
SAO_5034-10,São Paulo,3550308,True,,1663,,,-23.649797999999997,-46.597156999999996,,,,1,2023-06-17T02:44:02+00:00
SAO_502J-10,São Paulo,3550308,True,,1275,,,-23.6561105,-46.6687905,,,,1,2023-06-17T02:44:34+00:00
SAO_502J-10,São Paulo,3550308,True,,1275,,,-23.59849425,-46.63818525,,,,1,2023-06-17T02:44:02+00:00
SAO_502J-10,São Paulo,3550308,True,,1275,,,-23.670214875,-46.664977875000005,,,,1,2023-06-17T02:44:12+00:00
SAO_502J-10,São Paulo,3550308,True,,1275,,,-23.6953545,-46.6772665,,,,1,2023-06-17T02:44:32+00:00
SAO_502J-10,São Paulo,3550308,True,,1275,,,-23.704033000000003,-46.688122,,,,1,2023-06-17T02:44:29+00:00
SAO_502J-10,São Paulo,3550308,True,,1275,,,-23.704258,-46.6868775,,,,1,2023-06-17T02:39:00+00:00
SAO_502J-10,São Paulo,3550308,True,,1275,,,-23.601335499999998,-46.634947499999996,,,,1,2023-06-17T02:44:05+00:00
SAO_502J-10,São Paulo,3550308,True,,1275,,,-23.6477415,-46.66246375,,,,1,2023-06-17T02:44:30+00:00
SAO_3098-10,São Paulo,3550308,True,,1078,,,-23.6337695,-46.4596305,,,,1,2023-06-17T02:44:34+00:00
SAO_3098-10,São Paulo,3550308,True,,1078,,,-23.602150625,-46.482904125,,,,1,2023-06-17T02:44:22+00:00
SAO_3098-10,São Paulo,3550308,True,,1078,,,-23.632133500000002,-46.4563395,,,,1,2023-06-17T02:44:34+00:00
SAO_3098-10,São Paulo,3550308,True,,1078,,,-23.562317,-46.509561,,,,1,2023-06-17T02:44:25+00:00
SAO_3098-10,São Paulo,3550308,True,,1078,,,-23.6051385,-46.480371500000004,,,,1,2023-06-17T02:44:04+00:00
SAO_3098-10,São Paulo,3550308,True,,1078,,,-23.6218445,-46.465783,,,,1,2023-06-17T02:44:26+00:00
SAO_6116-10,São Paulo,3550308,True,,1186,,,-23.7554835,-46.659225500000005,,,,1,2023-06-17T02:43:56+00:00
SAO_6116-10,São Paulo,3550308,True,,1186,,,-23.734681375,-46.694479375,,,,1,2023-06-17T02:44:27+00:00
SAO_6116-10,São Paulo,3550308,True,,1186,,,-23.755162,-46.657701,,,,1,2023-06-17T02:44:16+00:00
SAO_373T-10,São Paulo,3550308,True,,1091,,,-23.5841025,-46.585505,,,,1,2023-06-17T02:44:06+00:00
SAO_373T-10,São Paulo,3550308,True,,1091,,,-23.594033,-46.499649,,,,1,2023-06-17T02:44:12+00:00
SAO_373T-10,São Paulo,3550308,True,,1091,,,-23.5647625,-46.595856,,,,1,2023-06-17T02:44:22+00:00
SAO_373T-10,São Paulo,3550308,True,,1091,,,-23.5946305,-46.503217500000005,,,,1,2023-06-17T02:44:29+00:00
SAO_373T-10,São Paulo,3550308,True,,1091,,,-23.594033,-46.499649,,,,1,2023-06-17T02:43:56+00:00
SAO_373T-10,São Paulo,3550308,True,,1091,,,-23.560407625,-46.599445625,,,,1,2023-06-17T02:44:24+00:00
SAO_373T-10,São Paulo,3550308,True,,1091,,,-23.5812405,-46.562446,,,,1,2023-06-17T02:44:39+00:00
SAO_373T-10,São Paulo,3550308,True,,1091,,,-23.594272625000002,-46.519043499999995,,,,1,2023-06-17T02:43:58+00:00
SAO_373T-10,São Paulo,3550308,True,,1091,,,-23.59121375,-46.52944875,,,,1,2023-06-17T02:44:11+00:00
SAO_7013-10,São Paulo,3550308,True,,33543,,,-23.6396455,-46.74996425,,,,2,2023-06-17T02:44:37+00:00
SAO_7013-10,São Paulo,3550308,True,,33543,,,-23.637249500000003,-46.757468,,,,2,2023-06-17T02:44:29+00:00
SAO_7013-10,São Paulo,3550308,True,,33543,,,-23.6221565,-46.758869000000004,,,,2,2023-06-17T02:44:08+00:00
SAO_7013-10,São Paulo,3550308,True,,33543,,,-23.639699999999998,-46.7497905,,,,2,2023-06-17T02:44:23+00:00
SAO_695X-22,São Paulo,3550308,True,,1621,,,-23.7675475,-46.716879000000006,,,,1,2023-06-17T02:44:33+00:00
SAO_695X-22,São Paulo,3550308,True,,1621,,,-23.766018,-46.717521999999995,,,,1,2023-06-17T02:44:02+00:00
SAO_695X-22,São Paulo,3550308,True,,1621,,,-23.666985500000003,-46.679812999999996,,,,1,2023-06-17T02:44:26+00:00
SAO_6835-10,São Paulo,3550308,True,,32780,,,-23.674898,-46.773841499999996,,,,2,2023-06-17T02:44:30+00:00
SAO_6835-10,São Paulo,3550308,True,,32780,,,-23.686659249999998,-46.79546175,,,,2,2023-06-17T02:44:24+00:00
SAO_6835-10,São Paulo,3550308,True,,32780,,,-23.6875135,-46.800892000000005,,,,2,2023-06-17T02:44:23+00:00
SAO_6835-10,São Paulo,3550308,True,,32780,,,-23.6875135,-46.800892000000005,,,,2,2023-06-17T02:44:28+00:00
SAO_7004-10,São Paulo,3550308,True,,1992,,,-23.6951705,-46.779768,,,,1,2023-06-17T02:44:17+00:00
SAO_7004-10,São Paulo,3550308,True,,1992,,,-23.7312905,-46.7859135,,,,1,2023-06-17T02:44:34+00:00
SAO_7004-10,São Paulo,3550308,True,,1992,,,-23.734759750000002,-46.78797175,,,,1,2023-06-17T02:44:38+00:00
SAO_7004-10,São Paulo,3550308,True,,1992,,,-23.7317975,-46.7861475,,,,1,2023-06-17T02:43:56+00:00
SAO_7004-10,São Paulo,3550308,True,,1992,,,-23.655556,-46.722323,,,,1,2023-06-17T02:44:36+00:00
SAO_7281-10,São Paulo,3550308,True,,34102,,,-23.5541215,-46.670616249999995,,,,2,2023-06-17T02:44:11+00:00
SAO_7281-10,São Paulo,3550308,True,,34102,,,-23.521662,-46.701854,,,,2,2023-06-17T02:43:58+00:00
SAO_8705-10,São Paulo,3550308,True,,34840,,,-23.547321,-46.7604965,,,,2,2023-06-17T02:44:34+00:00
SAO_8705-10,São Paulo,3550308,True,,34840,,,-23.566196500000004,-46.681737999999996,,,,2,2023-06-17T02:44:26+00:00
SAO_5107-10,São Paulo,3550308,True,,34427,,,-23.55857,-46.629214250000004,,,,2,2023-06-17T02:44:04+00:00
SAO_5034-31,São Paulo,3550308,True,,34432,,,-23.6407975,-46.607414,,,,2,2023-06-17T02:44:14+00:00
SAO_5034-31,São Paulo,3550308,True,,34432,,,-23.6498655,-46.601701,,,,2,2023-06-17T02:42:52+00:00
SAO_5034-31,São Paulo,3550308,True,,34432,,,-23.619966749999996,-46.6014995,,,,2,2023-06-17T02:44:24+00:00
SAO_352A-10,São Paulo,3550308,True,,32932,,,-23.478406,-46.428377999999995,,,,2,2023-06-17T02:44:16+00:00
SAO_352A-10,São Paulo,3550308,True,,32932,,,-23.5271675,-46.446357,,,,2,2023-06-17T02:44:16+00:00
SAO_352A-10,São Paulo,3550308,True,,32932,,,-23.490599500000002,-46.437058,,,,2,2023-06-17T02:44:23+00:00
SAO_352A-10,São Paulo,3550308,True,,32932,,,-23.608555,-46.477866999999996,,,,2,2023-06-17T02:44:23+00:00
SAO_352A-10,São Paulo,3550308,True,,32932,,,-23.47817275,-46.422875000000005,,,,2,2023-06-17T02:44:22+00:00
SAO_352A-10,São Paulo,3550308,True,,32932,,,-23.563006875,-46.466164875,,,,2,2023-06-17T02:44:05+00:00
SAO_352A-10,São Paulo,3550308,True,,32932,,,-23.4792935,-46.421334,,,,2,2023-06-17T02:44:28+00:00
SAO_3729-10,São Paulo,3550308,True,,33794,,,-23.568113625000002,-46.509822875000005,,,,2,2023-06-17T02:44:21+00:00
SAO_3729-10,São Paulo,3550308,True,,33794,,,-23.564532999999997,-46.5048475,,,,2,2023-06-17T02:44:18+00:00
SAO_3729-10,São Paulo,3550308,True,,33794,,,-23.564292000000002,-46.504931,,,,2,2023-06-17T02:44:06+00:00
SAO_3729-10,São Paulo,3550308,True,,33794,,,-23.538428500000002,-46.563574,,,,2,2023-06-17T02:44:06+00:00
SAO_3729-10,São Paulo,3550308,True,,33794,,,-23.567836874999998,-46.510108625,,,,2,2023-06-17T02:44:10+00:00
SAO_3729-10,São Paulo,3550308,True,,33794,,,-23.57827,-46.51722075,,,,2,2023-06-17T02:44:19+00:00
SAO_3729-10,São Paulo,3550308,True,,33794,,,-23.5429515,-46.56424725,,,,2,2023-06-17T02:43:56+00:00
SAO_3729-10,São Paulo,3550308,True,,33794,,,-23.570818,-46.50961525,,,,2,2023-06-17T02:44:14+00:00
SAO_3729-10,São Paulo,3550308,True,,33794,,,-23.580135499999997,-46.5396095,,,,2,2023-06-17T02:44:26+00:00
SAO_3729-10,São Paulo,3550308,True,,33794,,,-23.538428500000002,-46.563574,,,,2,2023-06-17T02:44:01+00:00
SAO_1782-10,São Paulo,3550308,True,,643,,,-23.476782,-46.6098505,,,,1,2023-06-17T02:44:31+00:00
SAO_8707-10,São Paulo,3550308,True,,34832,,,-23.5802155,-46.7658265,,,,2,2023-06-17T02:44:32+00:00
SAO_8707-10,São Paulo,3550308,True,,34832,,,-23.582739625000002,-46.76021837500001,,,,2,2023-06-17T02:44:33+00:00
SAO_8707-10,São Paulo,3550308,True,,34832,,,-23.582739625000002,-46.76021837500001,,,,2,2023-06-17T02:44:36+00:00
SAO_8707-10,São Paulo,3550308,True,,34832,,,-23.537076999999996,-46.642129749999995,,,,2,2023-06-17T02:44:09+00:00
SAO_8707-10,São Paulo,3550308,True,,34832,,,-23.582739625000002,-46.76021837500001,,,,2,2023-06-17T02:44:34+00:00
SAO_8707-10,São Paulo,3550308,True,,34832,,,-23.563919,-46.6774145,,,,2,2023-06-17T02:44:00+00:00
SAO_3737-31,São Paulo,3550308,True,,1354,,,-23.54135625,-46.5100155,,,,1,2023-06-17T02:44:15+00:00
SAO_574W-10,São Paulo,3550308,True,,1629,,,-23.5731085,-46.5330125,,,,1,2023-06-17T02:44:34+00:00
SAO_574W-10,São Paulo,3550308,True,,1629,,,-23.596046,-46.514727,,,,1,2023-06-17T02:44:34+00:00
SAO_574W-10,São Paulo,3550308,True,,1629,,,-23.6101665,-46.485129,,,,1,2023-06-17T02:44:25+00:00
SAO_574W-10,São Paulo,3550308,True,,1629,,,-23.5430055,-46.588738500000005,,,,1,2023-06-17T02:44:05+00:00
SAO_574W-10,São Paulo,3550308,True,,1629,,,-23.5626025,-46.5594625,,,,1,2023-06-17T02:44:15+00:00
SAO_118Y-10,São Paulo,3550308,True,,33609,,,-23.482091500000003,-46.671369,,,,2,2023-06-17T02:43:54+00:00
SAO_118Y-10,São Paulo,3550308,True,,33609,,,-23.476128000000003,-46.6418175,,,,2,2023-06-17T02:44:32+00:00
SAO_118Y-10,São Paulo,3550308,True,,33609,,,-23.483109499999998,-46.664214,,,,2,2023-06-17T02:43:42+00:00
SAO_118Y-10,São Paulo,3550308,True,,33609,,,-23.505239500000002,-46.6726995,,,,2,2023-06-17T02:43:56+00:00
SAO_118Y-10,São Paulo,3550308,True,,33609,,,-23.472411,-46.634502749999996,,,,2,2023-06-17T02:44:14+00:00
SAO_118Y-10,São Paulo,3550308,True,,33609,,,-23.505239500000002,-46.6726995,,,,2,2023-06-17T02:43:53+00:00
SAO_118Y-10,São Paulo,3550308,True,,33609,,,-23.472411,-46.634502749999996,,,,2,2023-06-17T02:44:33+00:00
SAO_8006-10,São Paulo,3550308,True,,34024,,,-23.48374525,-46.72240775,,,,2,2023-06-17T02:44:09+00:00
SAO_8006-10,São Paulo,3550308,True,,34024,,,-23.4723645,-46.725731499999995,,,,2,2023-06-17T02:44:25+00:00
SAO_8006-10,São Paulo,3550308,True,,34024,,,-23.438974,-46.7369585,,,,2,2023-06-17T02:44:24+00:00
SAO_8006-10,São Paulo,3550308,True,,34024,,,-23.433157,-46.7297415,,,,2,2023-06-17T02:44:26+00:00
SAO_8500-10,São Paulo,3550308,True,,1267,,,-23.4966595,-46.707632000000004,,,,1,2023-06-17T02:44:20+00:00
SAO_8500-10,São Paulo,3550308,True,,1267,,,-23.4868015,-46.726492,,,,1,2023-06-17T02:44:30+00:00
SAO_8500-10,São Paulo,3550308,True,,1267,,,-23.48629,-46.7260085,,,,1,2023-06-17T02:44:21+00:00
SAO_8500-10,São Paulo,3550308,True,,1267,,,-23.487215,-46.726875,,,,1,2023-06-17T02:44:21+00:00
SAO_8500-10,São Paulo,3550308,True,,1267,,,-23.486492,-46.725708499999996,,,,1,2023-06-17T02:44:32+00:00
SAO_8500-10,São Paulo,3550308,True,,1267,,,-23.48629,-46.7260085,,,,1,2023-06-17T02:44:29+00:00
SAO_2016-10,São Paulo,3550308,True,,902,,,-23.497544,-46.398714749999996,,,,1,2023-06-17T02:44:22+00:00
SAO_2016-10,São Paulo,3550308,True,,902,,,-23.502699,-46.375811,,,,1,2023-06-17T02:44:04+00:00
SAO_2016-10,São Paulo,3550308,True,,902,,,-23.49532,-46.4292905,,,,1,2023-06-17T02:44:28+00:00
SAO_3029-10,São Paulo,3550308,True,,966,,,-23.548907,-46.541169749999995,,,,1,2023-06-17T02:43:55+00:00
SAO_3029-10,São Paulo,3550308,True,,966,,,-23.5410925,-46.577089,,,,1,2023-06-17T02:44:21+00:00
SAO_3029-10,São Paulo,3550308,True,,966,,,-23.57708375,-46.515702250000004,,,,1,2023-06-17T02:44:08+00:00
SAO_3029-10,São Paulo,3550308,True,,966,,,-23.585262999999998,-46.506369500000005,,,,1,2023-06-17T02:44:08+00:00
SAO_3029-10,São Paulo,3550308,True,,966,,,-23.54226125,-46.560091875,,,,1,2023-06-17T02:44:23+00:00
SAO_3029-10,São Paulo,3550308,True,,966,,,-23.585262999999998,-46.506369500000005,,,,1,2023-06-17T02:44:24+00:00
SAO_3029-10,São Paulo,3550308,True,,966,,,-23.585262999999998,-46.506369500000005,,,,1,2023-06-17T02:44:11+00:00
SAO_199D-10,São Paulo,3550308,True,,2135,,,-23.485856,-46.71054650000001,,,,1,2023-06-17T02:44:31+00:00
SAO_199D-10,São Paulo,3550308,True,,2135,,,-23.5661725,-46.7018415,,,,1,2023-06-17T02:44:33+00:00
SAO_199D-10,São Paulo,3550308,True,,2135,,,-23.546246625000002,-46.686464,,,,1,2023-06-17T02:44:20+00:00
SAO_199D-10,São Paulo,3550308,True,,2135,,,-23.4922895,-46.71004075,,,,1,2023-06-17T02:44:34+00:00
SAO_199D-10,São Paulo,3550308,True,,2135,,,-23.5065825,-46.7060185,,,,1,2023-06-17T02:44:38+00:00
SAO_9050-10,São Paulo,3550308,True,,34856,,,-23.56338,-46.694251,,,,2,2023-06-17T02:44:28+00:00
SAO_9050-10,São Paulo,3550308,True,,34856,,,-23.5238285,-46.69968525,,,,2,2023-06-17T02:44:26+00:00
SAO_9050-10,São Paulo,3550308,True,,34856,,,-23.526680250000002,-46.7021535,,,,2,2023-06-17T02:44:21+00:00
SAO_5317-10,São Paulo,3550308,True,,32837,,,-23.67847925,-46.6970955,,,,2,2023-06-17T02:43:59+00:00
SAO_5317-10,São Paulo,3550308,True,,32837,,,-23.661797999999997,-46.6934765,,,,2,2023-06-17T02:44:00+00:00
SAO_5317-10,São Paulo,3550308,True,,32837,,,-23.581340750000003,-46.65644425,,,,2,2023-06-17T02:44:12+00:00
SAO_5317-10,São Paulo,3550308,True,,32837,,,-23.718119,-46.690019,,,,2,2023-06-17T02:44:03+00:00
SAO_3024-10,São Paulo,3550308,True,,33045,,,-23.592959999999998,-46.546298,,,,2,2023-06-17T02:44:39+00:00
SAO_3024-10,São Paulo,3550308,True,,33045,,,-23.609526,-46.529048,,,,2,2023-06-17T02:44:09+00:00
SAO_2033-10,São Paulo,3550308,True,,35267,,,-23.51047875,-46.6192765,,,,2,2023-06-17T02:44:09+00:00
SAO_2033-10,São Paulo,3550308,True,,35267,,,-23.51550175,-46.604923,,,,2,2023-06-17T02:44:15+00:00
SAO_2033-10,São Paulo,3550308,True,,35267,,,-23.5116348125,-46.613545,,,,2,2023-06-17T02:44:28+00:00
SAO_2033-10,São Paulo,3550308,True,,35267,,,-23.486996,-46.568324000000004,,,,2,2023-06-17T02:40:41+00:00
SAO_1759-10,São Paulo,3550308,True,,33321,,,-23.482530500000003,-46.631914,,,,2,2023-06-17T02:44:08+00:00
SAO_1759-10,São Paulo,3550308,True,,33321,,,-23.462741,-46.658941999999996,,,,2,2023-06-17T02:44:21+00:00
SAO_1759-10,São Paulo,3550308,True,,33321,,,-23.462498500000002,-46.659318999999996,,,,2,2023-06-17T02:44:20+00:00
SAO_1759-10,São Paulo,3550308,True,,33321,,,-23.462412750000002,-46.651574249999996,,,,2,2023-06-17T02:44:28+00:00
SAO_1759-10,São Paulo,3550308,True,,33321,,,-23.46266,-46.6590915,,,,2,2023-06-17T02:44:03+00:00
SAO_1759-10,São Paulo,3550308,True,,33321,,,-23.462308999999998,-46.659564,,,,2,2023-06-17T02:43:57+00:00
SAO_1759-10,São Paulo,3550308,True,,33321,,,-23.462498500000002,-46.659318999999996,,,,2,2023-06-17T02:44:13+00:00
SAO_1019-10,São Paulo,3550308,True,,35263,,,-23.4374845,-46.778744,,,,2,2023-06-17T02:44:24+00:00
SAO_1019-10,São Paulo,3550308,True,,35263,,,-23.455455999999998,-46.756054,,,,2,2023-06-17T02:44:27+00:00
SAO_1019-10,São Paulo,3550308,True,,35263,,,-23.437941000000002,-46.77914,,,,2,2023-06-17T02:44:30+00:00
SAO_3732-10,São Paulo,3550308,True,,1029,,,-23.542684,-46.4693915,,,,1,2023-06-17T02:40:48+00:00
SAO_3732-10,São Paulo,3550308,True,,1029,,,-23.539538,-46.4317025,,,,1,2023-06-17T02:44:40+00:00
SAO_3732-10,São Paulo,3550308,True,,1029,,,-23.539538,-46.4317025,,,,1,2023-06-17T02:44:08+00:00
SAO_3732-10,São Paulo,3550308,True,,1029,,,-23.53802825,-46.45364025,,,,1,2023-06-17T02:44:05+00:00
SAO_3732-10,São Paulo,3550308,True,,1029,,,-23.539538,-46.4317025,,,,1,2023-06-17T02:43:58+00:00
SAO_3732-10,São Paulo,3550308,True,,1029,,,-23.54100375,-46.439520875,,,,1,2023-06-17T02:44:35+00:00
SAO_3732-10,São Paulo,3550308,True,,1029,,,-23.541017250000003,-46.4325235,,,,1,2023-06-17T02:44:18+00:00
SAO_3732-10,São Paulo,3550308,True,,1029,,,-23.553380750000002,-46.44497525,,,,1,2023-06-17T02:44:31+00:00
SAO_3756-10,São Paulo,3550308,True,,33818,,,-23.542686500000002,-46.472357,,,,2,2023-06-17T02:43:40+00:00
SAO_3756-10,São Paulo,3550308,True,,33818,,,-23.545734,-46.461129,,,,2,2023-06-17T02:43:55+00:00
SAO_3756-10,São Paulo,3550308,True,,33818,,,-23.564459,-46.415409499999996,,,,2,2023-06-17T02:44:37+00:00
SAO_3756-10,São Paulo,3550308,True,,33818,,,-23.590653500000002,-46.389331375,,,,2,2023-06-17T02:44:24+00:00
SAO_3756-10,São Paulo,3550308,True,,33818,,,-23.581954500000002,-46.3929035,,,,2,2023-06-17T02:44:07+00:00
SAO_3756-10,São Paulo,3550308,True,,33818,,,-23.5904125,-46.389418125,,,,2,2023-06-17T02:43:52+00:00
SAO_5012-10,São Paulo,3550308,True,,1116,,,-23.7097155,-46.6354455,,,,1,2023-06-17T02:43:59+00:00
SAO_5012-10,São Paulo,3550308,True,,1116,,,-23.6460035,-46.6402605,,,,1,2023-06-17T02:40:11+00:00
SAO_5012-10,São Paulo,3550308,True,,1116,,,-23.6460035,-46.6402605,,,,1,2023-06-17T02:44:29+00:00
SAO_5012-10,São Paulo,3550308,True,,1116,,,-23.7097155,-46.6354455,,,,1,2023-06-17T02:43:55+00:00
SAO_5012-10,São Paulo,3550308,True,,1116,,,-23.7097155,-46.6354455,,,,1,2023-06-17T02:44:12+00:00
SAO_5012-10,São Paulo,3550308,True,,1116,,,-23.7097155,-46.6354455,,,,1,2023-06-17T02:44:04+00:00
SAO_5012-10,São Paulo,3550308,True,,1116,,,-23.7097155,-46.6354455,,,,1,2023-06-17T02:43:55+00:00
SAO_5012-10,São Paulo,3550308,True,,1116,,,-23.7097155,-46.6354455,,,,1,2023-06-17T02:44:21+00:00
SAO_5012-10,São Paulo,3550308,True,,1116,,,-23.7097155,-46.6354455,,,,1,2023-06-17T02:44:26+00:00
SAO_5012-10,São Paulo,3550308,True,,1116,,,-23.7097155,-46.6354455,,,,1,2023-06-17T02:44:31+00:00
SAO_5012-10,São Paulo,3550308,True,,1116,,,-23.70178325,-46.634889,,,,1,2023-06-17T02:44:12+00:00
SAO_5012-10,São Paulo,3550308,True,,1116,,,-23.7097155,-46.6354455,,,,1,2023-06-17T02:44:07+00:00
SAO_5012-10,São Paulo,3550308,True,,1116,,,-23.7097155,-46.6354455,,,,1,2023-06-17T02:44:28+00:00
SAO_5012-10,São Paulo,3550308,True,,1116,,,-23.65513,-46.6366075,,,,1,2023-06-17T02:40:43+00:00
SAO_524M-10,São Paulo,3550308,True,,34399,,,-23.617779,-46.495093,,,,2,2023-06-17T02:44:20+00:00
SAO_524M-10,São Paulo,3550308,True,,34399,,,-23.619122750000002,-46.4958135,,,,2,2023-06-17T02:44:28+00:00
SAO_524M-10,São Paulo,3550308,True,,34399,,,-23.582701,-46.518981249999996,,,,2,2023-06-17T02:44:16+00:00
SAO_524M-10,São Paulo,3550308,True,,34399,,,-23.562116500000002,-46.509861,,,,2,2023-06-17T02:44:09+00:00
SAO_524M-10,São Paulo,3550308,True,,34399,,,-23.619122750000002,-46.4958135,,,,2,2023-06-17T02:44:11+00:00
SAO_524M-10,São Paulo,3550308,True,,34399,,,-23.618092499999996,-46.49372175,,,,2,2023-06-17T02:44:18+00:00
SAO_524M-10,São Paulo,3550308,True,,34399,,,-23.6053355,-46.4989145,,,,2,2023-06-17T02:44:08+00:00
SAO_524M-10,São Paulo,3550308,True,,34399,,,-23.6030455,-46.499805499999994,,,,2,2023-06-17T02:44:31+00:00
SAO_8004-10,São Paulo,3550308,True,,1254,,,-23.483345,-46.7550405,,,,1,2023-06-17T02:44:02+00:00
SAO_8004-10,São Paulo,3550308,True,,1254,,,-23.5196425,-46.700389,,,,1,2023-06-17T02:44:22+00:00
SAO_8004-10,São Paulo,3550308,True,,1254,,,-23.5160755,-46.7261185,,,,1,2023-06-17T02:44:35+00:00
SAO_8004-10,São Paulo,3550308,True,,1254,,,-23.4851995,-46.74811,,,,1,2023-06-17T02:44:05+00:00
SAO_129F-10,São Paulo,3550308,True,,2304,,,-23.50629,-46.7060955,,,,1,2023-06-17T02:44:04+00:00
SAO_129F-10,São Paulo,3550308,True,,2304,,,-23.525014749999997,-46.6859635,,,,1,2023-06-17T02:44:13+00:00
SAO_129F-10,São Paulo,3550308,True,,2304,,,-23.526591000000003,-46.668301,,,,1,2023-06-17T02:44:23+00:00
SAO_129F-10,São Paulo,3550308,True,,2304,,,-23.522025499999998,-46.702943250000004,,,,1,2023-06-17T02:44:20+00:00
SAO_129F-10,São Paulo,3550308,True,,2304,,,-23.489177,-46.698320499999994,,,,1,2023-06-17T02:44:40+00:00
SAO_7009-10,São Paulo,3550308,True,,1951,,,-23.693067,-46.778766,,,,1,2023-06-17T02:44:39+00:00
SAO_7009-10,São Paulo,3550308,True,,1951,,,-23.704196500000002,-46.787588,,,,1,2023-06-17T02:44:08+00:00
SAO_513C-10,São Paulo,3550308,True,,35303,,,-23.606419000000002,-46.5629485,,,,2,2023-06-17T02:44:33+00:00
SAO_513C-10,São Paulo,3550308,True,,35303,,,-23.60145225,-46.5305255,,,,2,2023-06-17T02:43:15+00:00
SAO_513C-10,São Paulo,3550308,True,,35303,,,-23.61459425,-46.500975,,,,2,2023-06-17T02:43:55+00:00
SAO_2765-10,São Paulo,3550308,True,,32913,,,-23.49302575,-46.493033749999995,,,,2,2023-06-17T02:44:20+00:00
SAO_2765-10,São Paulo,3550308,True,,32913,,,-23.493533999999997,-46.4930915,,,,2,2023-06-17T02:44:34+00:00
SAO_2765-10,São Paulo,3550308,True,,32913,,,-23.49302575,-46.493033749999995,,,,2,2023-06-17T02:44:11+00:00
SAO_2765-10,São Paulo,3550308,True,,32913,,,-23.49302575,-46.493033749999995,,,,2,2023-06-17T02:44:36+00:00
SAO_2765-10,São Paulo,3550308,True,,32913,,,-23.493296,-46.4930645,,,,2,2023-06-17T02:44:11+00:00
SAO_2765-10,São Paulo,3550308,True,,32913,,,-23.508312,-46.537355,,,,2,2023-06-17T02:43:55+00:00
SAO_2765-10,São Paulo,3550308,True,,32913,,,-23.531755500000003,-46.55994225,,,,2,2023-06-17T02:44:36+00:00
SAO_7006-51,São Paulo,3550308,True,,34765,,,-23.7491515,-46.783023,,,,2,2023-06-17T02:44:33+00:00
SAO_7006-51,São Paulo,3550308,True,,34765,,,-23.661021499999997,-46.7695115,,,,2,2023-06-17T02:44:27+00:00
SAO_7006-51,São Paulo,3550308,True,,34765,,,-23.675172,-46.7738925,,,,2,2023-06-17T02:44:04+00:00
SAO_7006-51,São Paulo,3550308,True,,34765,,,-23.661021499999997,-46.7695115,,,,2,2023-06-17T02:44:14+00:00
SAO_7006-51,São Paulo,3550308,True,,34765,,,-23.7488905,-46.7831885,,,,2,2023-06-17T02:44:13+00:00
SAO_7006-51,São Paulo,3550308,True,,34765,,,-23.71184525,-46.782389,,,,2,2023-06-17T02:44:34+00:00
SAO_7006-51,São Paulo,3550308,True,,34765,,,-23.693067,-46.778766,,,,2,2023-06-17T02:44:32+00:00
SAO_7006-51,São Paulo,3550308,True,,34765,,,-23.7488905,-46.7831885,,,,2,2023-06-17T02:44:16+00:00
SAO_7006-51,São Paulo,3550308,True,,34765,,,-23.7491515,-46.783023,,,,2,2023-06-17T02:44:26+00:00
SAO_7006-51,São Paulo,3550308,True,,34765,,,-23.6870885,-46.7715025,,,,2,2023-06-17T02:44:07+00:00
SAO_7006-51,São Paulo,3550308,True,,34765,,,-23.688845375,-46.77301675,,,,2,2023-06-17T02:44:01+00:00
SAO_6003-10,São Paulo,3550308,True,,1472,,,-23.7673435,-46.7169365,,,,1,2023-06-17T02:44:17+00:00
SAO_6003-10,São Paulo,3550308,True,,1472,,,-23.7379855,-46.697920999999994,,,,1,2023-06-17T02:44:05+00:00
SAO_6003-10,São Paulo,3550308,True,,1472,,,-23.7377555,-46.6976535,,,,1,2023-06-17T02:44:12+00:00
SAO_6003-10,São Paulo,3550308,True,,1472,,,-23.7274995,-46.698981,,,,1,2023-06-17T02:44:12+00:00
SAO_2019-10,São Paulo,3550308,True,,905,,,-23.531510750000002,-46.53424425,,,,1,2023-06-17T02:44:35+00:00
SAO_2019-10,São Paulo,3550308,True,,905,,,-23.52305175,-46.519433,,,,1,2023-06-17T02:44:24+00:00
SAO_2019-10,São Paulo,3550308,True,,905,,,-23.52991025,-46.4780345,,,,1,2023-06-17T02:44:20+00:00
SAO_6200-10,São Paulo,3550308,True,,33123,,,-23.654320499999997,-46.7129215,,,,2,2023-06-17T02:44:20+00:00
SAO_6200-10,São Paulo,3550308,True,,33123,,,-23.654935000000002,-46.715513625,,,,2,2023-06-17T02:44:33+00:00
SAO_6200-10,São Paulo,3550308,True,,33123,,,-23.577004000000002,-46.6724405,,,,2,2023-06-17T02:44:18+00:00
SAO_6200-10,São Paulo,3550308,True,,33123,,,-23.588148999999998,-46.6925985,,,,2,2023-06-17T02:44:03+00:00
SAO_6200-10,São Paulo,3550308,True,,33123,,,-23.6543025,-46.712641000000005,,,,2,2023-06-17T02:44:28+00:00
SAO_6200-10,São Paulo,3550308,True,,33123,,,-23.565403500000002,-46.6575275,,,,2,2023-06-17T02:44:32+00:00
SAO_6200-10,São Paulo,3550308,True,,33123,,,-23.628524499999997,-46.715205,,,,2,2023-06-17T02:44:03+00:00
SAO_6200-10,São Paulo,3550308,True,,33123,,,-23.577957249999997,-46.67495325,,,,2,2023-06-17T02:44:38+00:00
SAO_6200-10,São Paulo,3550308,True,,33123,,,-23.62513025,-46.711890499999996,,,,2,2023-06-17T02:44:39+00:00
SAO_6200-10,São Paulo,3550308,True,,33123,,,-23.654935000000002,-46.715513625,,,,2,2023-06-17T02:44:39+00:00
SAO_6200-10,São Paulo,3550308,True,,33123,,,-23.654344000000002,-46.713114000000004,,,,2,2023-06-17T02:43:58+00:00
SAO_6200-10,São Paulo,3550308,True,,33123,,,-23.6518285,-46.7178205,,,,2,2023-06-17T02:44:36+00:00
SAO_695X-22,São Paulo,3550308,True,,34389,,,-23.757526,-46.714652,,,,2,2023-06-17T02:44:36+00:00
SAO_695X-22,São Paulo,3550308,True,,34389,,,-23.7444815,-46.707066499999996,,,,2,2023-06-17T02:42:30+00:00
SAO_2780-10,São Paulo,3550308,True,,33167,,,-23.5082065,-46.372476,,,,2,2023-06-17T02:44:10+00:00
SAO_2780-10,São Paulo,3550308,True,,33167,,,-23.508565,-46.3726665,,,,2,2023-06-17T02:44:22+00:00
SAO_2780-10,São Paulo,3550308,True,,33167,,,-23.542766999999998,-46.470827,,,,2,2023-06-17T02:44:16+00:00
SAO_2780-10,São Paulo,3550308,True,,33167,,,-23.5083085,-46.372563,,,,2,2023-06-17T02:44:23+00:00
SAO_6006-10,São Paulo,3550308,True,EMTU,175,https://moovitapp.com/index/pt-br/transporte_p%C3%BAblico-line-175-Sao_Paulo-242-2038937-36419312-0,6.25,-23.667816000000002,-46.7312965,,,,1,2023-06-17T02:44:14+00:00
SAO_6006-10,São Paulo,3550308,True,EMTU,175,https://moovitapp.com/index/pt-br/transporte_p%C3%BAblico-line-175-Sao_Paulo-242-2038937-36419312-0,6.25,-23.6922335,-46.757836499999996,,,,1,2023-06-17T02:44:28+00:00
SAO_6006-10,São Paulo,3550308,True,EMTU,175,https://moovitapp.com/index/pt-br/transporte_p%C3%BAblico-line-175-Sao_Paulo-242-2038937-36419312-0,6.25,-23.6922335,-46.757836499999996,,,,1,2023-06-17T02:43:54+00:00
SAO_6006-10,São Paulo,3550308,True,EMTU,175,https://moovitapp.com/index/pt-br/transporte_p%C3%BAblico-line-175-Sao_Paulo-242-2038937-36419312-0,6.25,-23.6922335,-46.757836499999996,,,,1,2023-06-17T02:44:00+00:00
SAO_6006-10,São Paulo,3550308,True,EMTU,175,https://moovitapp.com/index/pt-br/transporte_p%C3%BAblico-line-175-Sao_Paulo-242-2038937-36419312-0,6.25,-23.6922335,-46.757836499999996,,,,1,2023-06-17T02:44:23+00:00
SAO_4056-10,São Paulo,3550308,True,,2237,,,-23.596109,-46.454237375,,,,1,2023-06-17T02:44:20+00:00
SAO_4056-10,São Paulo,3550308,True,,2237,,,-23.606942,-46.4511915,,,,1,2023-06-17T02:44:34+00:00
SAO_4056-10,São Paulo,3550308,True,,2237,,,-23.612329,-46.4604035,,,,1,2023-06-17T02:43:37+00:00
SAO_4056-10,São Paulo,3550308,True,,2237,,,-23.606973500000002,-46.4512225,,,,1,2023-06-17T02:44:20+00:00
SAO_714C-10,São Paulo,3550308,True,,33255,,,-23.6001115,-46.7843265,,,,2,2023-06-17T02:44:21+00:00
SAO_714C-10,São Paulo,3550308,True,,33255,,,-23.5541215,-46.670616249999995,,,,2,2023-06-17T02:44:19+00:00
SAO_714C-10,São Paulo,3550308,True,,33255,,,-23.584474,-46.737421,,,,2,2023-06-17T02:44:02+00:00
SAO_714C-10,São Paulo,3550308,True,,33255,,,-23.59946,-46.784845000000004,,,,2,2023-06-17T02:44:40+00:00
SAO_8015-10,São Paulo,3550308,True,,34113,,,-23.4058195,-46.735048,,,,2,2023-06-17T02:44:34+00:00
SAO_8015-10,São Paulo,3550308,True,,34113,,,-23.3992085,-46.749926,,,,2,2023-06-17T02:44:16+00:00
SAO_8015-10,São Paulo,3550308,True,,34113,,,-23.388557499999997,-46.735341500000004,,,,2,2023-06-17T02:44:07+00:00
SAO_8015-10,São Paulo,3550308,True,,34113,,,-23.388901,-46.735036,,,,2,2023-06-17T02:43:59+00:00
SAO_8015-10,São Paulo,3550308,True,,34113,,,-23.388716000000002,-46.7352665,,,,2,2023-06-17T02:44:10+00:00
SAO_8015-10,São Paulo,3550308,True,,34113,,,-23.46345525,-46.7139275,,,,2,2023-06-17T02:44:33+00:00
SAO_8015-10,São Paulo,3550308,True,,34113,,,-23.389132,-46.734930500000004,,,,2,2023-06-17T02:44:35+00:00
SAO_8015-10,São Paulo,3550308,True,,34113,,,-23.388998,-46.73495,,,,2,2023-06-17T02:44:02+00:00
SAO_8015-10,São Paulo,3550308,True,,34113,,,-23.4441275,-46.7172195,,,,2,2023-06-17T02:44:33+00:00
SAO_609F-10,São Paulo,3550308,True,BR7 Mobilidade,37,https://moovitapp.com/index/pt-br/transporte_p%C3%BAblico-line-37-Sao_Paulo-242-851856-596010-0,5.75,-23.668001500000003,-46.7491535,,,,1,2023-06-17T02:44:13+00:00
SAO_609F-10,São Paulo,3550308,True,BR7 Mobilidade,37,https://moovitapp.com/index/pt-br/transporte_p%C3%BAblico-line-37-Sao_Paulo-242-851856-596010-0,5.75,-23.6680755,-46.748797,,,,1,2023-06-17T02:44:13+00:00
SAO_609F-10,São Paulo,3550308,True,BR7 Mobilidade,37,https://moovitapp.com/index/pt-br/transporte_p%C3%BAblico-line-37-Sao_Paulo-242-851856-596010-0,5.75,-23.664981,-46.753156000000004,,,,1,2023-06-17T02:44:37+00:00
SAO_609F-10,São Paulo,3550308,True,BR7 Mobilidade,37,https://moovitapp.com/index/pt-br/transporte_p%C3%BAblico-line-37-Sao_Paulo-242-851856-596010-0,5.75,-23.6680755,-46.748797,,,,1,2023-06-17T02:44:12+00:00
SAO_609F-10,São Paulo,3550308,True,BR7 Mobilidade,37,https://moovitapp.com/index/pt-br/transporte_p%C3%BAblico-line-37-Sao_Paulo-242-851856-596010-0,5.75,-23.659055000000002,-46.7433415,,,,1,2023-06-17T02:44:09+00:00
SAO_609F-10,São Paulo,3550308,True,BR7 Mobilidade,37,https://moovitapp.com/index/pt-br/transporte_p%C3%BAblico-line-37-Sao_Paulo-242-851856-596010-0,5.75,-23.5355075,-46.644417000000004,,,,1,2023-06-17T02:44:16+00:00
SAO_609F-10,São Paulo,3550308,True,BR7 Mobilidade,37,https://moovitapp.com/index/pt-br/transporte_p%C3%BAblico-line-37-Sao_Paulo-242-851856-596010-0,5.75,-23.538726750000002,-46.644177625000005,,,,1,2023-06-17T02:44:31+00:00
SAO_609F-10,São Paulo,3550308,True,BR7 Mobilidade,37,https://moovitapp.com/index/pt-br/transporte_p%C3%BAblico-line-37-Sao_Paulo-242-851856-596010-0,5.75,-23.6680755,-46.748797,,,,1,2023-06-17T02:44:18+00:00
SAO_609F-10,São Paulo,3550308,True,BR7 Mobilidade,37,https://moovitapp.com/index/pt-br/transporte_p%C3%BAblico-line-37-Sao_Paulo-242-851856-596010-0,5.75,-23.6680755,-46.748797,,,,1,2023-06-17T02:44:23+00:00
SAO_609F-10,São Paulo,3550308,True,BR7 Mobilidade,37,https://moovitapp.com/index/pt-br/transporte_p%C3%BAblico-line-37-Sao_Paulo-242-851856-596010-0,5.75,-23.5772005,-46.6728675,,,,1,2023-06-17T02:44:41+00:00
SAO_609F-10,São Paulo,3550308,True,BR7 Mobilidade,37,https://moovitapp.com/index/pt-br/transporte_p%C3%BAblico-line-37-Sao_Paulo-242-851856-596010-0,5.75,-23.6260415,-46.7095495,,,,1,2023-06-17T02:44:26+00:00
SAO_3098-10,São Paulo,3550308,True,,33846,,,-23.63146325,-46.456264,,,,2,2023-06-17T02:43:58+00:00
SAO_3098-10,São Paulo,3550308,True,,33846,,,-23.631781750000002,-46.45626,,,,2,2023-06-17T02:44:21+00:00
SAO_3098-10,São Paulo,3550308,True,,33846,,,-23.63146325,-46.456264,,,,2,2023-06-17T02:44:14+00:00
SAO_3098-10,São Paulo,3550308,True,,33846,,,-23.603975,-46.4813555,,,,2,2023-06-17T02:44:35+00:00
SAO_3098-10,São Paulo,3550308,True,,33846,,,-23.6342455,-46.456072,,,,2,2023-06-17T02:44:36+00:00
SAO_3098-10,São Paulo,3550308,True,,33846,,,-23.566259000000002,-46.507381,,,,2,2023-06-17T02:44:18+00:00
SAO_3098-10,São Paulo,3550308,True,,33846,,,-23.611646,-46.476250500000006,,,,2,2023-06-17T02:44:05+00:00
SAO_3098-10,São Paulo,3550308,True,,33846,,,-23.631781750000002,-46.45626,,,,2,2023-06-17T02:44:06+00:00
SAO_3098-10,São Paulo,3550308,True,,33846,,,-23.631781750000002,-46.45626,,,,2,2023-06-17T02:44:20+00:00
SAO_3098-10,São Paulo,3550308,True,,33846,,,-23.58802425,-46.4905275,,,,2,2023-06-17T02:44:21+00:00
SAO_971C-10,São Paulo,3550308,True,,571,,,-23.501060000000003,-46.62484499999999,,,,1,2023-06-17T02:44:13+00:00
SAO_971C-10,São Paulo,3550308,True,,571,,,-23.45903275,-46.689771875,,,,1,2023-06-17T02:44:21+00:00
SAO_971C-10,São Paulo,3550308,True,,571,,,-23.474617249999998,-46.66626375,,,,1,2023-06-17T02:44:16+00:00
SAO_971C-10,São Paulo,3550308,True,,571,,,-23.444605250000002,-46.7123045,,,,1,2023-06-17T02:44:25+00:00
SAO_5030-10,São Paulo,3550308,True,,34437,,,-23.6186955,-46.601816,,,,2,2023-06-17T02:44:28+00:00
SAO_5030-10,São Paulo,3550308,True,,34437,,,-23.637185000000002,-46.5953235,,,,2,2023-06-17T02:44:15+00:00
SAO_9008-10,São Paulo,3550308,True,,875,,,-23.427475,-46.7146125,,,,1,2023-06-17T02:43:53+00:00
SAO_9008-10,São Paulo,3550308,True,,875,,,-23.473665500000003,-46.670654,,,,1,2023-06-17T02:44:22+00:00
SAO_9008-10,São Paulo,3550308,True,,875,,,-23.454275,-46.696486,,,,1,2023-06-17T02:44:06+00:00
SAO_9008-10,São Paulo,3550308,True,,875,,,-23.427475,-46.7146125,,,,1,2023-06-17T02:44:20+00:00
SAO_9008-10,São Paulo,3550308,True,,875,,,-23.427475,-46.7146125,,,,1,2023-06-17T02:44:17+00:00
SAO_6118-10,São Paulo,3550308,True,,1188,,,-23.752625000000002,-46.7028335,,,,1,2023-06-17T02:44:13+00:00
SAO_6118-10,São Paulo,3550308,True,,1188,,,-23.6827,-46.704150999999996,,,,1,2023-06-17T02:44:34+00:00
SAO_6118-10,São Paulo,3550308,True,,1188,,,-23.752625000000002,-46.7028335,,,,1,2023-06-17T02:44:17+00:00
SAO_6118-10,São Paulo,3550308,True,,1188,,,-23.752625000000002,-46.7028335,,,,1,2023-06-17T02:44:11+00:00
SAO_6118-10,São Paulo,3550308,True,,1188,,,-23.6538355,-46.7110955,,,,1,2023-06-17T02:43:13+00:00
SAO_6118-10,São Paulo,3550308,True,,1188,,,-23.727169500000002,-46.713502000000005,,,,1,2023-06-17T02:44:23+00:00
SAO_6073-10,São Paulo,3550308,True,,1160,,,-23.832269500000002,-46.7228895,,,,1,2023-06-17T02:44:00+00:00
SAO_6073-10,São Paulo,3550308,True,,1160,,,-23.786246499999997,-46.726106,,,,1,2023-06-17T02:43:31+00:00
SAO_6073-10,São Paulo,3550308,True,,1160,,,-23.828747,-46.7248035,,,,1,2023-06-17T02:44:35+00:00
SAO_3033-10,São Paulo,3550308,True,,33736,,,-23.554381499999998,-46.401443,,,,2,2023-06-17T02:44:26+00:00
SAO_3033-10,São Paulo,3550308,True,,33736,,,-23.610542,-46.474706499999996,,,,2,2023-06-17T02:43:55+00:00
SAO_3033-10,São Paulo,3550308,True,,33736,,,-23.543450999999997,-46.411865,,,,2,2023-06-17T02:41:00+00:00
SAO_3033-10,São Paulo,3550308,True,,33736,,,-23.5449815,-46.41078,,,,2,2023-06-17T02:44:16+00:00
SAO_3033-10,São Paulo,3550308,True,,33736,,,-23.554381,-46.4016475,,,,2,2023-06-17T02:44:15+00:00
SAO_3033-10,São Paulo,3550308,True,,33736,,,-23.594403999999997,-46.4249155,,,,2,2023-06-17T02:44:11+00:00
SAO_3033-10,São Paulo,3550308,True,,33736,,,-23.599988,-46.469717,,,,2,2023-06-17T02:44:10+00:00
SAO_3033-10,São Paulo,3550308,True,,33736,,,-23.595241,-46.451079,,,,2,2023-06-17T02:42:08+00:00
SAO_6031-10,São Paulo,3550308,True,,32860,,,-23.757181,-46.7086005,,,,2,2023-06-17T02:44:12+00:00
SAO_6031-10,São Paulo,3550308,True,,32860,,,-23.740485,-46.698237500000005,,,,2,2023-06-17T02:44:22+00:00
SAO_6913-21,São Paulo,3550308,True,,1549,,,-23.766790999999998,-46.716458,,,,1,2023-06-17T02:41:32+00:00
SAO_6913-21,São Paulo,3550308,True,,1549,,,-23.7358415,-46.699111,,,,1,2023-06-17T02:44:29+00:00
SAO_6913-21,São Paulo,3550308,True,,1549,,,-23.741004,-46.7051365,,,,1,2023-06-17T02:44:33+00:00
SAO_3023-10,São Paulo,3550308,True,,33728,,,-23.596332500000003,-46.487379625,,,,2,2023-06-17T02:43:55+00:00
SAO_3023-10,São Paulo,3550308,True,,33728,,,-23.56468325,-46.50561075,,,,2,2023-06-17T02:44:19+00:00
SAO_3023-10,São Paulo,3550308,True,,33728,,,-23.62250125,-46.475891125000004,,,,2,2023-06-17T02:42:24+00:00
SAO_3023-10,São Paulo,3550308,True,,33728,,,-23.633243,-46.4727775,,,,2,2023-06-17T02:44:26+00:00
SAO_7021-10,São Paulo,3550308,True,,1989,,,-23.655422625,-46.735811125,,,,1,2023-06-17T02:43:56+00:00
SAO_7021-10,São Paulo,3550308,True,,1989,,,-23.671018500000002,-46.7682805,,,,1,2023-06-17T02:44:24+00:00
SAO_7021-10,São Paulo,3550308,True,,1989,,,-23.671018500000002,-46.7682805,,,,1,2023-06-17T02:44:01+00:00
SAO_3021-10,São Paulo,3550308,True,,33044,,,-23.58297475,-46.5681515,,,,2,2023-06-17T02:44:29+00:00
SAO_174M-10,São Paulo,3550308,True,,33441,,,-23.500975375,-46.622825500000005,,,,2,2023-06-17T02:44:34+00:00
SAO_174M-10,São Paulo,3550308,True,,33441,,,-23.487143500000002,-46.57385,,,,2,2023-06-17T02:44:34+00:00
SAO_174M-10,São Paulo,3550308,True,,33441,,,-23.4880165,-46.574464500000005,,,,2,2023-06-17T02:44:21+00:00
SAO_174M-10,São Paulo,3550308,True,,33441,,,-23.4811285,-46.601444,,,,2,2023-06-17T02:43:58+00:00
SAO_174M-10,São Paulo,3550308,True,,33441,,,-23.5626295,-46.61176075,,,,2,2023-06-17T02:44:29+00:00
SAO_174M-10,São Paulo,3550308,True,,33441,,,-23.50194,-46.624584,,,,2,2023-06-17T02:43:58+00:00
SAO_5370-10,São Paulo,3550308,True,,34210,,,-23.76714475,-46.71695750000001,,,,2,2023-06-17T02:44:24+00:00
SAO_5370-10,São Paulo,3550308,True,,34210,,,-23.7578265,-46.714801,,,,2,2023-06-17T02:44:25+00:00
SAO_5370-10,São Paulo,3550308,True,,34210,,,-23.68216425,-46.70461775,,,,2,2023-06-17T02:44:39+00:00
SAO_5370-10,São Paulo,3550308,True,,34210,,,-23.62573775,-46.683155,,,,2,2023-06-17T02:44:26+00:00
SAO_5370-10,São Paulo,3550308,True,,34210,,,-23.63323025,-46.690116,,,,2,2023-06-17T02:44:18+00:00
SAO_5370-10,São Paulo,3550308,True,,34210,,,-23.7187535,-46.698841,,,,2,2023-06-17T02:44:14+00:00
SAO_5370-10,São Paulo,3550308,True,,34210,,,-23.572032375000003,-46.641120625,,,,2,2023-06-17T02:44:08+00:00
SAO_5370-10,São Paulo,3550308,True,,34210,,,-23.7566055,-46.714,,,,2,2023-06-17T02:44:07+00:00
SAO_5370-10,São Paulo,3550308,True,,34210,,,-23.767727999999998,-46.7167135,,,,2,2023-06-17T02:44:24+00:00
SAO_9090-10,São Paulo,3550308,True,,884,,,-23.480433,-46.673952,,,,1,2023-06-17T02:43:58+00:00
SAO_3141-10,São Paulo,3550308,True,,33502,,,-23.552977,-46.615747,,,,2,2023-06-17T02:44:36+00:00
SAO_3141-10,São Paulo,3550308,True,,33502,,,-23.5566625,-46.5781225,,,,2,2023-06-17T02:44:12+00:00
SAO_3141-10,São Paulo,3550308,True,,33502,,,-23.561994499999997,-46.574038625,,,,2,2023-06-17T02:43:56+00:00
SAO_3141-10,São Paulo,3550308,True,,33502,,,-23.5999205,-46.513554,,,,2,2023-06-17T02:44:28+00:00
SAO_1023-10,São Paulo,3550308,True,,2559,,,-23.483228,-46.742780999999994,,,,1,2023-06-17T02:44:08+00:00
SAO_476G-41,São Paulo,3550308,True,,33880,,,-23.5865455,-46.6353175,,,,2,2023-06-17T02:44:23+00:00
SAO_476G-41,São Paulo,3550308,True,,33880,,,-23.6013545,-46.5440445,,,,2,2023-06-17T02:39:03+00:00
SAO_476G-41,São Paulo,3550308,True,,33880,,,-23.58925,-46.63376375,,,,2,2023-06-17T02:44:11+00:00
SAO_476G-41,São Paulo,3550308,True,,33880,,,-23.6015245,-46.54602075,,,,2,2023-06-17T02:44:37+00:00
SAO_476G-41,São Paulo,3550308,True,,33880,,,-23.608560249999996,-46.52908025,,,,2,2023-06-17T02:44:16+00:00
SAO_311C-10,São Paulo,3550308,True,EMTU,309,https://moovitapp.com/index/pt-br/transporte_p%C3%BAblico-line-309-Sao_Paulo-242-2038937-36419401-0,7.5,-23.585162,-46.584246,,,,1,2023-06-17T02:44:28+00:00
SAO_311C-10,São Paulo,3550308,True,EMTU,309,https://moovitapp.com/index/pt-br/transporte_p%C3%BAblico-line-309-Sao_Paulo-242-2038937-36419401-0,7.5,-23.531587,-46.635998,,,,1,2023-06-17T02:42:57+00:00
SAO_311C-10,São Paulo,3550308,True,EMTU,309,https://moovitapp.com/index/pt-br/transporte_p%C3%BAblico-line-309-Sao_Paulo-242-2038937-36419401-0,7.5,-23.5186695,-46.6481295,,,,1,2023-06-17T02:44:12+00:00
SAO_8073-10,São Paulo,3550308,True,,2081,,,-23.5915995,-46.735897,,,,1,2023-06-17T02:44:27+00:00
SAO_8073-10,São Paulo,3550308,True,,2081,,,-23.598914999999998,-46.7661705,,,,1,2023-06-17T02:43:56+00:00
SAO_775F-31,São Paulo,3550308,True,,35256,,,-23.624285,-46.7432675,,,,2,2023-06-17T02:43:59+00:00
SAO_775F-31,São Paulo,3550308,True,,35256,,,-23.61579225,-46.73152225,,,,2,2023-06-17T02:44:32+00:00
SAO_775F-31,São Paulo,3550308,True,,35256,,,-23.6295685,-46.741915,,,,2,2023-06-17T02:43:58+00:00
SAO_775F-31,São Paulo,3550308,True,,35256,,,-23.625434499999997,-46.7480455,,,,2,2023-06-17T02:44:11+00:00
SAO_6400-10,São Paulo,3550308,True,,32825,,,-23.643846500000002,-46.734212,,,,2,2023-06-17T02:44:15+00:00
SAO_6400-10,São Paulo,3550308,True,,32825,,,-23.645170625,-46.703789875,,,,2,2023-06-17T02:44:40+00:00
SAO_2756-10,São Paulo,3550308,True,EMTU,238,https://moovitapp.com/index/pt-br/transporte_p%C3%BAblico-line-238-Sao_Paulo-242-2038937-36419351-0,4.85,-23.529382,-46.50029325,,,,1,2023-06-17T02:44:36+00:00
SAO_2756-10,São Paulo,3550308,True,EMTU,238,https://moovitapp.com/index/pt-br/transporte_p%C3%BAblico-line-238-Sao_Paulo-242-2038937-36419351-0,4.85,-23.518380999999998,-46.418351,,,,1,2023-06-17T02:44:19+00:00
SAO_2756-10,São Paulo,3550308,True,EMTU,238,https://moovitapp.com/index/pt-br/transporte_p%C3%BAblico-line-238-Sao_Paulo-242-2038937-36419351-0,4.85,-23.5139425,-46.480562000000006,,,,1,2023-06-17T02:42:59+00:00
SAO_2756-10,São Paulo,3550308,True,EMTU,238,https://moovitapp.com/index/pt-br/transporte_p%C3%BAblico-line-238-Sao_Paulo-242-2038937-36419351-0,4.85,-23.544459500000002,-46.390429999999995,,,,1,2023-06-17T02:44:08+00:00
SAO_573A-10,São Paulo,3550308,True,,34405,,,-23.5962275,-46.577586999999994,,,,2,2023-06-17T02:44:33+00:00
SAO_573A-10,São Paulo,3550308,True,,34405,,,-23.5969635,-46.555,,,,2,2023-06-17T02:43:20+00:00
SAO_573A-10,São Paulo,3550308,True,,34405,,,-23.560606875,-46.599290874999994,,,,2,2023-06-17T02:44:17+00:00
SAO_573A-10,São Paulo,3550308,True,,34405,,,-23.546637,-46.604220999999995,,,,2,2023-06-17T02:44:27+00:00
SAO_4016-10,São Paulo,3550308,True,,2189,,,-23.617158,-46.468715,,,,1,2023-06-17T02:44:14+00:00
SAO_4016-10,São Paulo,3550308,True,,2189,,,-23.613115999999998,-46.476499,,,,1,2023-06-17T02:44:18+00:00
SAO_4036-10,São Paulo,3550308,True,,2561,,,-23.548793,-46.505144,,,,1,2023-06-17T02:44:06+00:00
SAO_4726-10,São Paulo,3550308,True,,1680,,,-23.5409455,-46.5763775,,,,1,2023-06-17T02:44:34+00:00
SAO_4726-10,São Paulo,3550308,True,,1680,,,-23.541215,-46.5774215,,,,1,2023-06-17T02:44:37+00:00
SAO_4726-10,São Paulo,3550308,True,,1680,,,-23.554263499999998,-46.583863,,,,1,2023-06-17T02:43:59+00:00
SAO_4726-10,São Paulo,3550308,True,,1680,,,-23.5409625,-46.5764615,,,,1,2023-06-17T02:44:03+00:00
SAO_4726-10,São Paulo,3550308,True,,1680,,,-23.568126749999998,-46.58253587499999,,,,1,2023-06-17T02:44:14+00:00
SAO_4726-10,São Paulo,3550308,True,,1680,,,-23.567292000000002,-46.583378499999995,,,,1,2023-06-17T02:43:56+00:00
SAO_5013-10,São Paulo,3550308,True,,1117,,,-23.678064999999997,-46.6840695,,,,1,2023-06-17T02:44:38+00:00
SAO_5013-10,São Paulo,3550308,True,,1117,,,-23.687024,-46.6385275,,,,1,2023-06-17T02:40:10+00:00
SAO_5013-10,São Paulo,3550308,True,,1117,,,-23.679189,-46.6308415,,,,1,2023-06-17T02:41:06+00:00
SAO_5013-10,São Paulo,3550308,True,,1117,,,-23.6809205,-46.6421665,,,,1,2023-06-17T02:44:19+00:00
SAO_5013-10,São Paulo,3550308,True,,1117,,,-23.682060999999997,-46.633000499999994,,,,1,2023-06-17T02:44:14+00:00
SAO_5034-10,São Paulo,3550308,True,,34431,,,-23.652755499999998,-46.602143,,,,2,2023-06-17T02:44:06+00:00
SAO_5034-10,São Paulo,3550308,True,,34431,,,-23.652755499999998,-46.602143,,,,2,2023-06-17T02:44:09+00:00
SAO_5034-10,São Paulo,3550308,True,,34431,,,-23.645056374999996,-46.597188,,,,2,2023-06-17T02:43:58+00:00
SAO_5034-10,São Paulo,3550308,True,,34431,,,-23.652486500000002,-46.601986999999994,,,,2,2023-06-17T02:43:58+00:00
SAO_5034-10,São Paulo,3550308,True,,34431,,,-23.60762575,-46.599444250000005,,,,2,2023-06-17T02:44:25+00:00
SAO_172R-10,São Paulo,3550308,True,,33627,,,-23.52607425,-46.595693749999995,,,,2,2023-06-17T02:42:44+00:00
SAO_172R-10,São Paulo,3550308,True,,33627,,,-23.48940375,-46.57123325,,,,2,2023-06-17T02:44:04+00:00
SAO_172R-10,São Paulo,3550308,True,,33627,,,-23.465638499999997,-46.583501999999996,,,,2,2023-06-17T02:44:20+00:00
SAO_172R-10,São Paulo,3550308,True,,33627,,,-23.5079805,-46.5798275,,,,2,2023-06-17T02:43:54+00:00
SAO_172R-10,São Paulo,3550308,True,,33627,,,-23.465638499999997,-46.583501999999996,,,,2,2023-06-17T02:44:19+00:00
SAO_172R-10,São Paulo,3550308,True,,33627,,,-23.48940375,-46.57123325,,,,2,2023-06-17T02:42:37+00:00
SAO_172R-10,São Paulo,3550308,True,,33627,,,-23.468628625,-46.579343375,,,,2,2023-06-17T02:41:34+00:00
SAO_172R-10,São Paulo,3550308,True,,33627,,,-23.4682678125,-46.5797765,,,,2,2023-06-17T02:44:03+00:00
SAO_172R-10,São Paulo,3550308,True,,33627,,,-23.465826,-46.583746000000005,,,,2,2023-06-17T02:44:36+00:00
SAO_172R-10,São Paulo,3550308,True,,33627,,,-23.537689,-46.596718875,,,,2,2023-06-17T02:44:27+00:00
SAO_172R-10,São Paulo,3550308,True,,33627,,,-23.465826,-46.583746000000005,,,,2,2023-06-17T02:44:06+00:00
SAO_172R-10,São Paulo,3550308,True,,33627,,,-23.510459,-46.5808785,,,,2,2023-06-17T02:44:06+00:00
SAO_342M-10,São Paulo,3550308,True,,33515,,,-23.518709,-46.546899499999995,,,,2,2023-06-17T02:44:26+00:00
SAO_342M-10,São Paulo,3550308,True,,33515,,,-23.559302000000002,-46.5206565,,,,2,2023-06-17T02:44:19+00:00
SAO_342M-10,São Paulo,3550308,True,,33515,,,-23.5926885625,-46.4887616875,,,,2,2023-06-17T02:44:08+00:00
SAO_342M-10,São Paulo,3550308,True,,33515,,,-23.538244874999997,-46.555306374999994,,,,2,2023-06-17T02:44:13+00:00
SAO_342M-10,São Paulo,3550308,True,,33515,,,-23.519419499999998,-46.547022,,,,2,2023-06-17T02:43:59+00:00
SAO_342M-10,São Paulo,3550308,True,,33515,,,-23.542583,-46.54966025,,,,2,2023-06-17T02:44:33+00:00
SAO_342M-10,São Paulo,3550308,True,,33515,,,-23.518918499999998,-46.546471,,,,2,2023-06-17T02:44:24+00:00
SAO_342M-10,São Paulo,3550308,True,,33515,,,-23.613857,-46.476304,,,,2,2023-06-17T02:44:15+00:00
SAO_342M-10,São Paulo,3550308,True,,33515,,,-23.6131755,-46.476376,,,,2,2023-06-17T02:44:05+00:00
SAO_342M-10,São Paulo,3550308,True,,33515,,,-23.603309749999998,-46.4819175,,,,2,2023-06-17T02:44:08+00:00
SAO_342M-10,São Paulo,3550308,True,,33515,,,-23.518709,-46.546899499999995,,,,2,2023-06-17T02:44:26+00:00
SAO_342M-10,São Paulo,3550308,True,,33515,,,-23.5956145,-46.487649,,,,2,2023-06-17T02:44:11+00:00
SAO_342M-10,São Paulo,3550308,True,,33515,,,-23.519145,-46.546536,,,,2,2023-06-17T02:44:35+00:00
SAO_342M-10,São Paulo,3550308,True,,33515,,,-23.580313,-46.5019655,,,,2,2023-06-17T02:43:58+00:00
SAO_342M-10,São Paulo,3550308,True,,33515,,,-23.558311,-46.522212499999995,,,,2,2023-06-17T02:44:26+00:00
SAO_342M-10,São Paulo,3550308,True,,33515,,,-23.518709,-46.546899499999995,,,,2,2023-06-17T02:43:57+00:00
SAO_6061-10,São Paulo,3550308,True,,33918,,,-23.788294999999998,-46.6860585,,,,2,2023-06-17T02:44:25+00:00
SAO_6061-10,São Paulo,3550308,True,,33918,,,-23.763199,-46.695950999999994,,,,2,2023-06-17T02:44:31+00:00
SAO_6061-10,São Paulo,3550308,True,,33918,,,-23.7822775,-46.681824,,,,2,2023-06-17T02:44:40+00:00
SAO_6061-10,São Paulo,3550308,True,,33918,,,-23.7564155,-46.685311,,,,2,2023-06-17T02:44:28+00:00
SAO_6061-10,São Paulo,3550308,True,,33918,,,-23.745497,-46.68922375,,,,2,2023-06-17T02:44:12+00:00
SAO_2007-10,São Paulo,3550308,True,,896,,,-23.510203,-46.3698615,,,,1,2023-06-17T02:44:04+00:00
SAO_2007-10,São Paulo,3550308,True,,896,,,-23.49718625,-46.39991175,,,,1,2023-06-17T02:43:29+00:00
SAO_2007-10,São Paulo,3550308,True,,896,,,-23.507447,-46.36847,,,,1,2023-06-17T02:39:48+00:00
SAO_2007-10,São Paulo,3550308,True,,896,,,-23.494778625000002,-46.4035085,,,,1,2023-06-17T02:44:00+00:00
SAO_2007-10,São Paulo,3550308,True,,896,,,-23.5026625,-46.384508,,,,1,2023-06-17T02:44:22+00:00
SAO_1745-10,São Paulo,3550308,True,,33314,,,-23.473011999999997,-46.665725,,,,2,2023-06-17T02:44:27+00:00
SAO_1745-10,São Paulo,3550308,True,,33314,,,-23.473171,-46.665481,,,,2,2023-06-17T02:43:55+00:00
SAO_1745-10,São Paulo,3550308,True,,33314,,,-23.476899,-46.6504475,,,,2,2023-06-17T02:44:21+00:00
SAO_1745-10,São Paulo,3550308,True,,33314,,,-23.504591625000003,-46.624686374999996,,,,2,2023-06-17T02:44:14+00:00
SAO_1745-10,São Paulo,3550308,True,,33314,,,-23.4730775,-46.6656575,,,,2,2023-06-17T02:44:10+00:00
SAO_675I-10,São Paulo,3550308,True,BR7 Mobilidade,68,https://moovitapp.com/index/pt-br/transporte_p%C3%BAblico-line-68-Sao_Paulo-242-851856-560661-0,5.75,-23.6220548125,-46.6617231875,,,,1,2023-06-17T02:44:01+00:00
SAO_675I-10,São Paulo,3550308,True,BR7 Mobilidade,68,https://moovitapp.com/index/pt-br/transporte_p%C3%BAblico-line-68-Sao_Paulo-242-851856-560661-0,5.75,-23.62315325,-46.68501175,,,,1,2023-06-17T02:44:40+00:00
SAO_675I-10,São Paulo,3550308,True,BR7 Mobilidade,68,https://moovitapp.com/index/pt-br/transporte_p%C3%BAblico-line-68-Sao_Paulo-242-851856-560661-0,5.75,-23.6449335,-46.71808575,,,,1,2023-06-17T02:44:25+00:00
SAO_4053-10,São Paulo,3550308,True,,34914,,,-23.5592195,-46.399505500000004,,,,2,2023-06-17T02:43:49+00:00
SAO_4053-10,São Paulo,3550308,True,,34914,,,-23.55280925,-46.3944755,,,,2,2023-06-17T02:44:17+00:00
SAO_3139-10,São Paulo,3550308,True,,33763,,,-23.567994,-46.523497,,,,2,2023-06-17T02:43:56+00:00
SAO_3139-10,São Paulo,3550308,True,,33763,,,-23.567994,-46.523497,,,,2,2023-06-17T02:44:14+00:00
SAO_3139-10,São Paulo,3550308,True,,33763,,,-23.5531025,-46.601891249999994,,,,2,2023-06-17T02:44:28+00:00
SAO_6049-10,São Paulo,3550308,True,,34077,,,-23.69402375,-46.797301250000004,,,,2,2023-06-17T02:44:07+00:00
SAO_6049-10,São Paulo,3550308,True,,34077,,,-23.6943805,-46.793962,,,,2,2023-06-17T02:44:23+00:00
SAO_6049-10,São Paulo,3550308,True,,34077,,,-23.6945095,-46.7940355,,,,2,2023-06-17T02:44:19+00:00
SAO_6049-10,São Paulo,3550308,True,,34077,,,-23.660276500000002,-46.746493,,,,2,2023-06-17T02:43:59+00:00
SAO_6049-10,São Paulo,3550308,True,,34077,,,-23.694253,-46.793887,,,,2,2023-06-17T02:44:07+00:00
SAO_3795-10,São Paulo,3550308,True,,1073,,,-23.559945,-46.415017750000004,,,,1,2023-06-17T02:44:15+00:00
SAO_3795-10,São Paulo,3550308,True,,1073,,,-23.559901000000004,-46.41466925,,,,1,2023-06-17T02:44:19+00:00
SAO_847P-42,São Paulo,3550308,True,,34192,,,-23.5445835,-46.693469,,,,2,2023-06-17T02:43:56+00:00
SAO_847P-42,São Paulo,3550308,True,,34192,,,-23.488384250000003,-46.69350525,,,,2,2023-06-17T02:44:21+00:00
SAO_1743-10,São Paulo,3550308,True,,33311,,,-23.51405075,-46.62495075,,,,2,2023-06-17T02:44:14+00:00
SAO_1743-10,São Paulo,3550308,True,,33311,,,-23.456075,-46.667821,,,,2,2023-06-17T02:44:08+00:00
SAO_1743-10,São Paulo,3550308,True,,33311,,,-23.483981999999997,-46.642202499999996,,,,2,2023-06-17T02:38:50+00:00
SAO_1743-10,São Paulo,3550308,True,,33311,,,-23.461911999999998,-46.6661135,,,,2,2023-06-17T02:44:12+00:00
SAO_1743-10,São Paulo,3550308,True,,33311,,,-23.456415,-46.667734499999995,,,,2,2023-06-17T02:43:58+00:00
SAO_1743-10,São Paulo,3550308,True,,33311,,,-23.456415,-46.667734499999995,,,,2,2023-06-17T02:44:34+00:00
SAO_809R-10,São Paulo,3550308,True,,34835,,,-23.572331249999998,-46.7605825,,,,2,2023-06-17T02:44:14+00:00
SAO_809R-10,São Paulo,3550308,True,,34835,,,-23.570704875,-46.710043375,,,,2,2023-06-17T02:44:21+00:00
SAO_809R-10,São Paulo,3550308,True,,34835,,,-23.581757500000002,-46.7601035,,,,2,2023-06-17T02:38:29+00:00
SAO_4709-10,São Paulo,3550308,True,,33101,,,-23.5894755,-46.633868,,,,2,2023-06-17T02:44:32+00:00
SAO_4709-10,São Paulo,3550308,True,,33101,,,-23.6539695,-46.612620500000006,,,,2,2023-06-17T02:44:37+00:00
SAO_4709-10,São Paulo,3550308,True,,33101,,,-23.653319500000002,-46.607946999999996,,,,2,2023-06-17T02:44:36+00:00
SAO_4709-10,São Paulo,3550308,True,,33101,,,-23.600363625,-46.626023374999995,,,,2,2023-06-17T02:44:04+00:00
SAO_809N-10,São Paulo,3550308,True,,35012,,,-23.5688545,-46.7650485,,,,2,2023-06-17T02:44:25+00:00
SAO_809N-10,São Paulo,3550308,True,,35012,,,-23.5655265,-46.7611225,,,,2,2023-06-17T02:44:19+00:00
SAO_809N-10,São Paulo,3550308,True,,35012,,,-23.522785499999998,-46.704229,,,,2,2023-06-17T02:44:06+00:00
SAO_PAEC-10,São Paulo,3550308,True,,1422,,,-23.502436,-46.624016499999996,,,,1,2023-06-17T02:44:11+00:00
SAO_2705-10,São Paulo,3550308,True,,917,,,-23.542768,-46.41466525,,,,1,2023-06-17T02:38:32+00:00
SAO_2705-10,São Paulo,3550308,True,,917,,,-23.538381,-46.45576,,,,1,2023-06-17T02:42:14+00:00
SAO_2705-10,São Paulo,3550308,True,,917,,,-23.545738,-46.393099500000005,,,,1,2023-06-17T02:31:44+00:00
SAO_2705-10,São Paulo,3550308,True,,917,,,-23.542593500000002,-46.4054125,,,,1,2023-06-17T02:44:27+00:00
SAO_5164-21,São Paulo,3550308,True,,1616,,,-23.59815025,-46.645907750000006,,,,1,2023-06-17T02:44:27+00:00
SAO_5164-21,São Paulo,3550308,True,,1616,,,-23.62445725,-46.64045175,,,,1,2023-06-17T02:44:14+00:00
SAO_5164-21,São Paulo,3550308,True,,1616,,,-23.65129,-46.649718,,,,1,2023-06-17T02:43:56+00:00
SAO_675N-10,São Paulo,3550308,True,EMTU,362,https://moovitapp.com/index/pt-br/transporte_p%C3%BAblico-line-362-Sao_Paulo-242-2038937-36419443-0,6.25,-23.6543085,-46.714079999999996,,,,1,2023-06-17T02:44:29+00:00
SAO_675N-10,São Paulo,3550308,True,EMTU,362,https://moovitapp.com/index/pt-br/transporte_p%C3%BAblico-line-362-Sao_Paulo-242-2038937-36419443-0,6.25,-23.59750975,-46.686823000000004,,,,1,2023-06-17T02:44:16+00:00
SAO_675N-10,São Paulo,3550308,True,EMTU,362,https://moovitapp.com/index/pt-br/transporte_p%C3%BAblico-line-362-Sao_Paulo-242-2038937-36419443-0,6.25,-23.6318385,-46.710336,,,,1,2023-06-17T02:44:31+00:00
SAO_675N-10,São Paulo,3550308,True,EMTU,362,https://moovitapp.com/index/pt-br/transporte_p%C3%BAblico-line-362-Sao_Paulo-242-2038937-36419443-0,6.25,-23.6072335,-46.6656325,,,,1,2023-06-17T02:44:40+00:00
SAO_675N-10,São Paulo,3550308,True,EMTU,362,https://moovitapp.com/index/pt-br/transporte_p%C3%BAblico-line-362-Sao_Paulo-242-2038937-36419443-0,6.25,-23.604592500000003,-46.663047125,,,,1,2023-06-17T02:44:05+00:00
SAO_675N-10,São Paulo,3550308,True,EMTU,362,https://moovitapp.com/index/pt-br/transporte_p%C3%BAblico-line-362-Sao_Paulo-242-2038937-36419443-0,6.25,-23.6541255,-46.711158,,,,1,2023-06-17T02:44:06+00:00
SAO_675N-10,São Paulo,3550308,True,EMTU,362,https://moovitapp.com/index/pt-br/transporte_p%C3%BAblico-line-362-Sao_Paulo-242-2038937-36419443-0,6.25,-23.654486499999997,-46.7150675,,,,1,2023-06-17T02:43:58+00:00
SAO_3762-10,São Paulo,3550308,True,,1053,,,-23.544519,-46.5765135,,,,1,2023-06-17T02:44:26+00:00
SAO_3762-10,São Paulo,3550308,True,,1053,,,-23.56838125,-46.540441,,,,1,2023-06-17T02:44:25+00:00
SAO_3762-10,São Paulo,3550308,True,,1053,,,-23.5495425,-46.548421375,,,,1,2023-06-17T02:44:04+00:00
SAO_3762-10,São Paulo,3550308,True,,1053,,,-23.580374499999998,-46.5181565,,,,1,2023-06-17T02:44:02+00:00
SAO_3762-10,São Paulo,3550308,True,,1053,,,-23.591546,-46.5161705,,,,1,2023-06-17T02:44:09+00:00
SAO_3006-10,São Paulo,3550308,True,,1865,,,-23.541515500000003,-46.4163375,,,,1,2023-06-17T02:44:03+00:00
SAO_3006-10,São Paulo,3550308,True,,1865,,,-23.545037999999998,-46.403934,,,,1,2023-06-17T02:44:05+00:00
SAO_3006-10,São Paulo,3550308,True,,1865,,,-23.547517499999998,-46.39031850000001,,,,1,2023-06-17T02:44:00+00:00
SAO_3006-10,São Paulo,3550308,True,,1865,,,-23.548099999999998,-46.389815,,,,1,2023-06-17T02:43:58+00:00
SAO_637A-22,São Paulo,3550308,True,,34370,,,-23.689751,-46.773829500000005,,,,2,2023-06-17T02:44:36+00:00
SAO_637A-22,São Paulo,3550308,True,,34370,,,-23.6886205,-46.77281625,,,,2,2023-06-17T02:44:12+00:00
SAO_637A-22,São Paulo,3550308,True,,34370,,,-23.689751,-46.773829500000005,,,,2,2023-06-17T02:43:59+00:00
SAO_701U-10,São Paulo,3550308,True,,657,,,-23.572255,-46.7038745,,,,1,2023-06-17T02:43:30+00:00
SAO_701U-10,São Paulo,3550308,True,,657,,,-23.5518395,-46.7314125,,,,1,2023-06-17T02:44:31+00:00
SAO_701U-10,São Paulo,3550308,True,,657,,,-23.5521175,-46.7315415,,,,1,2023-06-17T02:43:59+00:00
SAO_701U-10,São Paulo,3550308,True,,657,,,-23.553274375,-46.660030750000004,,,,1,2023-06-17T02:44:19+00:00
SAO_1178-10,São Paulo,3550308,True,,32900,,,-23.5038715,-46.433391,,,,2,2023-06-17T02:43:59+00:00
SAO_1178-10,São Paulo,3550308,True,,32900,,,-23.504139000000002,-46.4331075,,,,2,2023-06-17T02:44:03+00:00
SAO_1178-10,São Paulo,3550308,True,,32900,,,-23.504057500000002,-46.4338255,,,,2,2023-06-17T02:44:35+00:00
SAO_1178-10,São Paulo,3550308,True,,32900,,,-23.4980715,-46.45881025,,,,2,2023-06-17T02:44:20+00:00
SAO_1178-10,São Paulo,3550308,True,,32900,,,-23.520126,-46.624500999999995,,,,2,2023-06-17T02:43:56+00:00
SAO_1178-10,São Paulo,3550308,True,,32900,,,-23.5066925,-46.532425,,,,2,2023-06-17T02:43:39+00:00
SAO_1178-10,São Paulo,3550308,True,,32900,,,-23.4980715,-46.45881025,,,,2,2023-06-17T02:44:34+00:00
SAO_1178-10,São Paulo,3550308,True,,32900,,,-23.504152499999996,-46.432775,,,,2,2023-06-17T02:44:35+00:00
SAO_576M-10,São Paulo,3550308,True,,604,,,-23.612488125,-46.664497125,,,,1,2023-06-17T02:44:10+00:00
SAO_576M-10,São Paulo,3550308,True,,604,,,-23.678067499999997,-46.640125499999996,,,,1,2023-06-17T02:38:23+00:00
SAO_576M-10,São Paulo,3550308,True,,604,,,-23.5830825,-46.6836435,,,,1,2023-06-17T02:44:17+00:00
SAO_576M-10,São Paulo,3550308,True,,604,,,-23.6196665,-46.661920499999994,,,,1,2023-06-17T02:44:15+00:00
SAO_576M-10,São Paulo,3550308,True,,604,,,-23.65513,-46.6366075,,,,1,2023-06-17T02:42:25+00:00
SAO_6414-10,São Paulo,3550308,True,EMTU,360,https://moovitapp.com/index/pt-br/transporte_p%C3%BAblico-line-360-Sao_Paulo-242-2038937-36419441-0,5.2,-23.555836,-46.6499815,,,,1,2023-06-17T02:44:32+00:00
SAO_6414-10,São Paulo,3550308,True,EMTU,360,https://moovitapp.com/index/pt-br/transporte_p%C3%BAblico-line-360-Sao_Paulo-242-2038937-36419441-0,5.2,-23.63014175,-46.69001025,,,,1,2023-06-17T02:44:38+00:00
SAO_6414-10,São Paulo,3550308,True,EMTU,360,https://moovitapp.com/index/pt-br/transporte_p%C3%BAblico-line-360-Sao_Paulo-242-2038937-36419441-0,5.2,-23.60643825,-46.693220499999995,,,,1,2023-06-17T02:44:36+00:00
SAO_6414-10,São Paulo,3550308,True,EMTU,360,https://moovitapp.com/index/pt-br/transporte_p%C3%BAblico-line-360-Sao_Paulo-242-2038937-36419441-0,5.2,-23.559058999999998,-46.654014000000004,,,,1,2023-06-17T02:44:07+00:00
SAO_637G-10,São Paulo,3550308,True,EMTU,101,https://moovitapp.com/index/pt-br/transporte_p%C3%BAblico-line-101-Sao_Paulo-242-2038937-36419264-0,4.8,-23.7537615,-46.6807515,,,,1,2023-06-17T02:42:11+00:00
SAO_637G-10,São Paulo,3550308,True,EMTU,101,https://moovitapp.com/index/pt-br/transporte_p%C3%BAblico-line-101-Sao_Paulo-242-2038937-36419264-0,4.8,-23.622873750000004,-46.6848195,,,,1,2023-06-17T02:44:01+00:00
SAO_637G-10,São Paulo,3550308,True,EMTU,101,https://moovitapp.com/index/pt-br/transporte_p%C3%BAblico-line-101-Sao_Paulo-242-2038937-36419264-0,4.8,-23.7537615,-46.6807515,,,,1,2023-06-17T02:44:16+00:00
SAO_637G-10,São Paulo,3550308,True,EMTU,101,https://moovitapp.com/index/pt-br/transporte_p%C3%BAblico-line-101-Sao_Paulo-242-2038937-36419264-0,4.8,-23.7188675,-46.698658,,,,1,2023-06-17T02:43:58+00:00
SAO_8047-41,São Paulo,3550308,True,,33178,,,-23.434162999999998,-46.754868,,,,2,2023-06-17T02:44:29+00:00
SAO_8047-41,São Paulo,3550308,True,,33178,,,-23.530489875,-46.731335,,,,2,2023-06-17T02:44:07+00:00
SAO_8047-41,São Paulo,3550308,True,,33178,,,-23.547221999999998,-46.690152,,,,2,2023-06-17T02:44:23+00:00
SAO_8047-41,São Paulo,3550308,True,,33178,,,-23.4460695,-46.7479905,,,,2,2023-06-17T02:43:54+00:00
SAO_3064-41,São Paulo,3550308,True,,34701,,,-23.5809085,-46.414079,,,,2,2023-06-17T02:44:31+00:00
SAO_709P-10,São Paulo,3550308,True,,34761,,,-23.608453250000004,-46.69412225000001,,,,2,2023-06-17T02:44:32+00:00
SAO_709P-10,São Paulo,3550308,True,,34761,,,-23.656046749999998,-46.72211349999999,,,,2,2023-06-17T02:44:28+00:00
SAO_709P-10,São Paulo,3550308,True,,34761,,,-23.5939005,-46.689693500000004,,,,2,2023-06-17T02:44:32+00:00
SAO_709P-10,São Paulo,3550308,True,,34761,,,-23.566234,-46.7020095,,,,2,2023-06-17T02:44:19+00:00
SAO_709P-10,São Paulo,3550308,True,,34761,,,-23.656046749999998,-46.72211349999999,,,,2,2023-06-17T02:44:20+00:00
SAO_709P-10,São Paulo,3550308,True,,34761,,,-23.656139,-46.723152,,,,2,2023-06-17T02:43:57+00:00
SAO_172X-10,São Paulo,3550308,True,,861,,,-23.525411499999997,-46.576427,,,,1,2023-06-17T02:44:12+00:00
SAO_172X-10,São Paulo,3550308,True,,861,,,-23.5398255,-46.5768585,,,,1,2023-06-17T02:44:30+00:00
SAO_172X-10,São Paulo,3550308,True,,861,,,-23.52930825,-46.575714000000005,,,,1,2023-06-17T02:44:16+00:00
SAO_172X-10,São Paulo,3550308,True,,861,,,-23.507433125,-46.567815374999995,,,,1,2023-06-17T02:44:07+00:00
SAO_5011-10,São Paulo,3550308,True,,1115,,,-23.688361999999998,-46.680305000000004,,,,1,2023-06-17T02:44:14+00:00
SAO_5011-10,São Paulo,3550308,True,,1115,,,-23.6997785,-46.646700499999994,,,,1,2023-06-17T02:44:07+00:00
SAO_5011-10,São Paulo,3550308,True,,1115,,,-23.664663500000003,-46.69089700000001,,,,1,2023-06-17T02:44:11+00:00
SAO_5011-10,São Paulo,3550308,True,,1115,,,-23.710265,-46.620691,,,,1,2023-06-17T02:40:33+00:00
SAO_477A-10,São Paulo,3550308,True,,33114,,,-23.604625,-46.604929750000004,,,,2,2023-06-17T02:44:14+00:00
SAO_477A-10,São Paulo,3550308,True,,33114,,,-23.60465225,-46.603868000000006,,,,2,2023-06-17T02:44:28+00:00
SAO_477A-10,São Paulo,3550308,True,,33114,,,-23.583426000000003,-46.670066,,,,2,2023-06-17T02:44:15+00:00
SAO_477A-10,São Paulo,3550308,True,,33114,,,-23.565303875,-46.62124875,,,,2,2023-06-17T02:44:13+00:00
SAO_477A-10,São Paulo,3550308,True,,33114,,,-23.572080999999997,-46.643414750000005,,,,2,2023-06-17T02:44:22+00:00
SAO_607A-21,São Paulo,3550308,True,,2140,,,-23.677098,-46.701800500000004,,,,1,2023-06-17T02:44:16+00:00
SAO_6083-10,São Paulo,3550308,True,,34501,,,-23.7532605,-46.670314,,,,2,2023-06-17T02:44:18+00:00
SAO_6083-10,São Paulo,3550308,True,,34501,,,-23.7527285,-46.683296,,,,2,2023-06-17T02:44:38+00:00
SAO_6083-10,São Paulo,3550308,True,,34501,,,-23.7410455,-46.69155675,,,,2,2023-06-17T02:44:32+00:00
SAO_6083-10,São Paulo,3550308,True,,34501,,,-23.753360999999998,-46.6700625,,,,2,2023-06-17T02:44:30+00:00
SAO_5128-10,São Paulo,3550308,True,,1128,,,-23.7120645,-46.6518935,,,,1,2023-06-17T02:43:59+00:00
SAO_5128-10,São Paulo,3550308,True,,1128,,,-23.66005425,-46.640764875,,,,1,2023-06-17T02:41:48+00:00
SAO_5128-10,São Paulo,3550308,True,,1128,,,-23.697448,-46.6487755,,,,1,2023-06-17T02:44:24+00:00
SAO_809A-10,São Paulo,3550308,True,,2069,,,-23.5727345,-46.709809500000006,,,,1,2023-06-17T02:44:27+00:00
SAO_809A-10,São Paulo,3550308,True,,2069,,,-23.565859,-46.7013775,,,,1,2023-06-17T02:44:26+00:00
SAO_809A-10,São Paulo,3550308,True,,2069,,,-23.5740595,-46.7797575,,,,1,2023-06-17T02:44:33+00:00
SAO_6960-21,São Paulo,3550308,True,,34578,,,-23.767103,-46.7163835,,,,2,2023-06-17T02:44:02+00:00
SAO_8686-10,São Paulo,3550308,True,EMTU,446,https://moovitapp.com/index/pt-br/transporte_p%C3%BAblico-line-446-Sao_Paulo-242-2038937-36419492-0,4.8,-23.50746325,-46.7476695,,,,1,2023-06-17T02:44:35+00:00
SAO_8686-10,São Paulo,3550308,True,EMTU,446,https://moovitapp.com/index/pt-br/transporte_p%C3%BAblico-line-446-Sao_Paulo-242-2038937-36419492-0,4.8,-23.5256135,-46.681508,,,,1,2023-06-17T02:44:18+00:00
SAO_8686-10,São Paulo,3550308,True,EMTU,446,https://moovitapp.com/index/pt-br/transporte_p%C3%BAblico-line-446-Sao_Paulo-242-2038937-36419492-0,4.8,-23.488892,-46.742446,,,,1,2023-06-17T02:44:26+00:00
SAO_8686-10,São Paulo,3550308,True,EMTU,446,https://moovitapp.com/index/pt-br/transporte_p%C3%BAblico-line-446-Sao_Paulo-242-2038937-36419492-0,4.8,-23.4885235,-46.742399,,,,1,2023-06-17T02:43:55+00:00
SAO_675X-10,São Paulo,3550308,True,EMTU,111,https://moovitapp.com/index/pt-br/transporte_p%C3%BAblico-line-111-Sao_Paulo-242-2038937-36419271-0,5.1,-23.737689500000002,-46.697986,,,,1,2023-06-17T02:44:00+00:00
SAO_675X-10,São Paulo,3550308,True,EMTU,111,https://moovitapp.com/index/pt-br/transporte_p%C3%BAblico-line-111-Sao_Paulo-242-2038937-36419271-0,5.1,-23.657406,-46.701090625000006,,,,1,2023-06-17T02:43:54+00:00
SAO_675X-10,São Paulo,3550308,True,EMTU,111,https://moovitapp.com/index/pt-br/transporte_p%C3%BAblico-line-111-Sao_Paulo-242-2038937-36419271-0,5.1,-23.737689500000002,-46.697986,,,,1,2023-06-17T02:40:40+00:00
SAO_675X-10,São Paulo,3550308,True,EMTU,111,https://moovitapp.com/index/pt-br/transporte_p%C3%BAblico-line-111-Sao_Paulo-242-2038937-36419271-0,5.1,-23.737689500000002,-46.697986,,,,1,2023-06-17T02:44:02+00:00
SAO_675X-10,São Paulo,3550308,True,EMTU,111,https://moovitapp.com/index/pt-br/transporte_p%C3%BAblico-line-111-Sao_Paulo-242-2038937-36419271-0,5.1,-23.737689500000002,-46.697986,,,,1,2023-06-17T02:44:23+00:00
SAO_675X-10,São Paulo,3550308,True,EMTU,111,https://moovitapp.com/index/pt-br/transporte_p%C3%BAblico-line-111-Sao_Paulo-242-2038937-36419271-0,5.1,-23.737689500000002,-46.697986,,,,1,2023-06-17T02:44:10+00:00
SAO_9785-10,São Paulo,3550308,True,,33596,,,-23.5106885,-46.678962999999996,,,,2,2023-06-17T02:44:21+00:00
SAO_9785-10,São Paulo,3550308,True,,33596,,,-23.507928375000002,-46.690548250000006,,,,2,2023-06-17T02:44:30+00:00
SAO_9785-10,São Paulo,3550308,True,,33596,,,-23.507928375000002,-46.690548250000006,,,,2,2023-06-17T02:43:03+00:00
SAO_9785-10,São Paulo,3550308,True,,33596,,,-23.521034999999998,-46.667361,,,,2,2023-06-17T02:44:34+00:00
SAO_9785-10,São Paulo,3550308,True,,33596,,,-23.519385999999997,-46.6742975,,,,2,2023-06-17T02:44:30+00:00
SAO_847P-10,São Paulo,3550308,True,,33191,,,-23.486457,-46.7270195,,,,2,2023-06-17T02:43:52+00:00
SAO_847P-10,São Paulo,3550308,True,,33191,,,-23.52543325,-46.7021685,,,,2,2023-06-17T02:43:55+00:00
SAO_847P-10,São Paulo,3550308,True,,33191,,,-23.489704500000002,-46.7108285,,,,2,2023-06-17T02:44:33+00:00
SAO_847P-10,São Paulo,3550308,True,,33191,,,-23.494436999999998,-46.708714,,,,2,2023-06-17T02:44:23+00:00
SAO_847P-10,São Paulo,3550308,True,,33191,,,-23.50260925,-46.7062425,,,,2,2023-06-17T02:44:27+00:00
SAO_847P-10,São Paulo,3550308,True,,33191,,,-23.5426635,-46.6957185,,,,2,2023-06-17T02:44:24+00:00
SAO_847P-10,São Paulo,3550308,True,,33191,,,-23.521206499999998,-46.70162524999999,,,,2,2023-06-17T02:44:37+00:00
SAO_847P-10,São Paulo,3550308,True,,33191,,,-23.561766499999997,-46.68880387499999,,,,2,2023-06-17T02:44:34+00:00
SAO_847P-10,São Paulo,3550308,True,,33191,,,-23.55629575,-46.68996625,,,,2,2023-06-17T02:44:07+00:00
SAO_847P-10,São Paulo,3550308,True,,33191,,,-23.575620999999998,-46.6877935,,,,2,2023-06-17T02:44:28+00:00
SAO_847P-10,São Paulo,3550308,True,,33191,,,-23.5168675,-46.6987555,,,,2,2023-06-17T02:44:33+00:00
SAO_847P-10,São Paulo,3550308,True,,33191,,,-23.489641,-46.7111975,,,,2,2023-06-17T02:44:26+00:00
SAO_847P-10,São Paulo,3550308,True,,33191,,,-23.596605625000002,-46.680227125,,,,2,2023-06-17T02:44:09+00:00
SAO_527R-10,São Paulo,3550308,True,,271,,,-23.6756785,-46.6504555,,,,1,2023-06-17T02:44:36+00:00
SAO_527R-10,São Paulo,3550308,True,,271,,,-23.6673325,-46.677828000000005,,,,1,2023-06-17T02:43:59+00:00
SAO_527R-10,São Paulo,3550308,True,,271,,,-23.675197,-46.65429325,,,,1,2023-06-17T02:44:25+00:00
SAO_527R-10,São Paulo,3550308,True,,271,,,-23.6584155,-46.6984925,,,,1,2023-06-17T02:44:24+00:00
SAO_4093-10,São Paulo,3550308,True,,35216,,,-23.589463375,-46.398782125,,,,2,2023-06-17T02:44:31+00:00
SAO_4093-10,São Paulo,3550308,True,,35216,,,-23.589592500000002,-46.395328,,,,2,2023-06-17T02:44:33+00:00
SAO_4093-10,São Paulo,3550308,True,,35216,,,-23.5835045,-46.409155999999996,,,,2,2023-06-17T02:44:36+00:00
SAO_4093-10,São Paulo,3550308,True,,35216,,,-23.5880085,-46.39721,,,,2,2023-06-17T02:44:23+00:00
SAO_4093-10,São Paulo,3550308,True,,35216,,,-23.591675000000002,-46.4035715,,,,2,2023-06-17T02:42:42+00:00
SAO_6042-10,São Paulo,3550308,True,,33987,,,-23.6601275,-46.7671625,,,,2,2023-06-17T02:41:01+00:00
SAO_6042-10,São Paulo,3550308,True,,33987,,,-23.6664815,-46.771662,,,,2,2023-06-17T02:44:28+00:00
SAO_6042-10,São Paulo,3550308,True,,33987,,,-23.642476000000002,-46.738743,,,,2,2023-06-17T02:38:27+00:00
SAO_6042-10,São Paulo,3550308,True,,33987,,,-23.673127,-46.764875,,,,2,2023-06-17T02:43:56+00:00
SAO_6042-10,São Paulo,3550308,True,,33987,,,-23.652072000000004,-46.7168815,,,,2,2023-06-17T02:43:57+00:00
SAO_5142-10,São Paulo,3550308,True,,1626,,,-23.5817945,-46.5922445,,,,1,2023-06-17T02:44:36+00:00
SAO_5142-10,São Paulo,3550308,True,,1626,,,-23.6128365,-46.511011499999995,,,,1,2023-06-17T02:44:00+00:00
SAO_5142-10,São Paulo,3550308,True,,1626,,,-23.54620025,-46.63007,,,,1,2023-06-17T02:44:04+00:00
SAO_5142-10,São Paulo,3550308,True,,1626,,,-23.613964,-46.500782,,,,1,2023-06-17T02:44:12+00:00
SAO_5142-10,São Paulo,3550308,True,,1626,,,-23.613964,-46.500782,,,,1,2023-06-17T02:44:22+00:00
SAO_6804-10,São Paulo,3550308,True,,32798,,,-23.6359375,-46.748142,,,,2,2023-06-17T02:44:19+00:00
SAO_6804-10,São Paulo,3550308,True,,32798,,,-23.635654000000002,-46.747935999999996,,,,2,2023-06-17T02:43:05+00:00
SAO_6804-10,São Paulo,3550308,True,,32798,,,-23.640235,-46.748059999999995,,,,2,2023-06-17T02:44:14+00:00
SAO_7006-10,São Paulo,3550308,True,,1995,,,-23.7468695,-46.7784165,,,,1,2023-06-17T02:44:10+00:00
SAO_7006-10,São Paulo,3550308,True,,1995,,,-23.73209225,-46.78503325,,,,1,2023-06-17T02:44:21+00:00
SAO_7006-10,São Paulo,3550308,True,,1995,,,-23.694872,-46.7797925,,,,1,2023-06-17T02:44:35+00:00
SAO_6078-10,São Paulo,3550308,True,,33934,,,-23.734577,-46.696059000000005,,,,2,2023-06-17T02:44:22+00:00
SAO_6078-10,São Paulo,3550308,True,,33934,,,-23.71424175,-46.6987015,,,,2,2023-06-17T02:44:29+00:00
SAO_6078-10,São Paulo,3550308,True,,33934,,,-23.7534545,-46.6884165,,,,2,2023-06-17T02:44:05+00:00
SAO_6078-10,São Paulo,3550308,True,,33934,,,-23.727548499999997,-46.6993775,,,,2,2023-06-17T02:44:40+00:00
SAO_6078-10,São Paulo,3550308,True,,33934,,,-23.685003000000002,-46.692727000000005,,,,2,2023-06-17T02:43:59+00:00
SAO_857C-10,São Paulo,3550308,True,,34669,,,-23.615307375,-46.676867625,,,,2,2023-06-17T02:44:13+00:00
SAO_857C-10,São Paulo,3550308,True,,34669,,,-23.640392,-46.746716,,,,2,2023-06-17T02:44:35+00:00
SAO_857C-10,São Paulo,3550308,True,,34669,,,-23.64319975,-46.7005215,,,,2,2023-06-17T02:43:58+00:00
SAO_857C-10,São Paulo,3550308,True,,34669,,,-23.6366205,-46.7695205,,,,2,2023-06-17T02:44:23+00:00
SAO_857C-10,São Paulo,3550308,True,,34669,,,-23.640168,-46.737145999999996,,,,2,2023-06-17T02:44:38+00:00
SAO_857C-10,São Paulo,3550308,True,,34669,,,-23.6452905,-46.7039895,,,,2,2023-06-17T02:44:03+00:00
SAO_857C-10,São Paulo,3550308,True,,34669,,,-23.6313825,-46.77286,,,,2,2023-06-17T02:44:25+00:00
SAO_6007-10,São Paulo,3550308,True,,176,,,-23.6582785,-46.760383000000004,,,,1,2023-06-17T02:43:59+00:00
SAO_6007-10,São Paulo,3550308,True,,176,,,-23.6673105,-46.7275205,,,,1,2023-06-17T02:44:10+00:00
SAO_6007-10,São Paulo,3550308,True,,176,,,-23.655982625,-46.73174025,,,,1,2023-06-17T02:44:10+00:00
SAO_8029-10,São Paulo,3550308,True,,2540,,,-23.58615225,-46.72433125,,,,1,2023-06-17T02:44:32+00:00
SAO_8029-10,São Paulo,3550308,True,,2540,,,-23.59921775,-46.721178375,,,,1,2023-06-17T02:44:18+00:00
SAO_809U-21,São Paulo,3550308,True,,35075,,,-23.533037375,-46.686936625,,,,2,2023-06-17T02:44:15+00:00
SAO_809U-21,São Paulo,3550308,True,,35075,,,-23.530642999999998,-46.6780485,,,,2,2023-06-17T02:44:03+00:00
SAO_809U-21,São Paulo,3550308,True,,35075,,,-23.526521000000002,-46.665999,,,,2,2023-06-17T02:44:37+00:00
SAO_609F-10,São Paulo,3550308,True,,32805,,,-23.576462499999998,-46.67068,,,,2,2023-06-17T02:37:33+00:00
SAO_609F-10,São Paulo,3550308,True,,32805,,,-23.536755,-46.64237325,,,,2,2023-06-17T02:43:46+00:00
SAO_609F-10,São Paulo,3550308,True,,32805,,,-23.6447805,-46.729901999999996,,,,2,2023-06-17T02:44:29+00:00
SAO_2002-10,São Paulo,3550308,True,,33479,,,-23.546634500000003,-46.6300045,,,,2,2023-06-17T02:43:57+00:00
SAO_2002-10,São Paulo,3550308,True,,33479,,,-23.5455275,-46.63154,,,,2,2023-06-17T02:44:30+00:00
SAO_1709-10,São Paulo,3550308,True,,851,,,-23.4412375,-46.5814765,,,,1,2023-06-17T02:44:35+00:00
SAO_1709-10,São Paulo,3550308,True,,851,,,-23.4412375,-46.5814765,,,,1,2023-06-17T02:41:58+00:00
SAO_1709-10,São Paulo,3550308,True,,851,,,-23.4412375,-46.5814765,,,,1,2023-06-17T02:44:18+00:00
SAO_1709-10,São Paulo,3550308,True,,851,,,-23.4412375,-46.5814765,,,,1,2023-06-17T02:44:31+00:00
SAO_1709-10,São Paulo,3550308,True,,851,,,-23.471762750000003,-46.59926125,,,,1,2023-06-17T02:42:14+00:00
SAO_1709-10,São Paulo,3550308,True,,851,,,-23.4412375,-46.5814765,,,,1,2023-06-17T02:44:38+00:00
SAO_1709-10,São Paulo,3550308,True,,851,,,-23.4417835,-46.589875,,,,1,2023-06-17T02:43:36+00:00
SAO_1709-10,São Paulo,3550308,True,,851,,,-23.4550455,-46.598689500000006,,,,1,2023-06-17T02:44:29+00:00
SAO_354M-10,São Paulo,3550308,True,,34387,,,-23.491803500000003,-46.434038,,,,2,2023-06-17T02:44:04+00:00
SAO_354M-10,São Paulo,3550308,True,,34387,,,-23.4917705,-46.4343875,,,,2,2023-06-17T02:44:06+00:00
SAO_354M-10,São Paulo,3550308,True,,34387,,,-23.5031315,-46.44683875,,,,2,2023-06-17T02:40:45+00:00
SAO_354M-10,São Paulo,3550308,True,,34387,,,-23.5947675,-46.444869999999995,,,,2,2023-06-17T02:44:18+00:00
SAO_354M-10,São Paulo,3550308,True,,34387,,,-23.527861625,-46.457281249999994,,,,2,2023-06-17T02:44:25+00:00
SAO_354M-10,São Paulo,3550308,True,,34387,,,-23.491803500000003,-46.434038,,,,2,2023-06-17T02:44:04+00:00
SAO_354M-10,São Paulo,3550308,True,,34387,,,-23.596308999999998,-46.455173,,,,2,2023-06-17T02:44:10+00:00
SAO_5164-21,São Paulo,3550308,True,,34384,,,-23.600693062500003,-46.636764875,,,,2,2023-06-17T02:44:30+00:00
SAO_5164-21,São Paulo,3550308,True,,34384,,,-23.650190875,-46.648345000000006,,,,2,2023-06-17T02:44:26+00:00
SAO_5164-21,São Paulo,3550308,True,,34384,,,-23.596855249999997,-46.64572162499999,,,,2,2023-06-17T02:44:05+00:00
SAO_5164-21,São Paulo,3550308,True,,34384,,,-23.650190875,-46.648345000000006,,,,2,2023-06-17T02:44:14+00:00
SAO_5164-21,São Paulo,3550308,True,,34384,,,-23.652772499999998,-46.64590575,,,,2,2023-06-17T02:44:11+00:00
SAO_546T-10,São Paulo,3550308,True,,33040,,,-23.700918,-46.639661000000004,,,,2,2023-06-17T02:44:28+00:00
SAO_546T-10,São Paulo,3550308,True,,33040,,,-23.7041255,-46.6268,,,,2,2023-06-17T02:43:51+00:00
SAO_546T-10,São Paulo,3550308,True,,33040,,,-23.702413749999998,-46.627858375,,,,2,2023-06-17T02:42:22+00:00
SAO_546T-10,São Paulo,3550308,True,,33040,,,-23.694747999999997,-46.666174,,,,2,2023-06-17T02:44:24+00:00
SAO_546T-10,São Paulo,3550308,True,,33040,,,-23.6922395,-46.664291250000005,,,,2,2023-06-17T02:44:32+00:00
SAO_546T-10,São Paulo,3550308,True,,33040,,,-23.6541035,-46.710938999999996,,,,2,2023-06-17T02:40:43+00:00
SAO_546T-10,São Paulo,3550308,True,,33040,,,-23.7040635,-46.626618500000006,,,,2,2023-06-17T02:38:37+00:00
SAO_546T-10,São Paulo,3550308,True,,33040,,,-23.700462,-46.640296,,,,2,2023-06-17T02:44:30+00:00
SAO_546T-10,São Paulo,3550308,True,,33040,,,-23.658759,-46.698775999999995,,,,2,2023-06-17T02:44:06+00:00
SAO_3023-10,São Paulo,3550308,True,Urubupungá,960,https://moovitapp.com/index/pt-br/transporte_p%C3%BAblico-line-960-Sao_Paulo-242-873835-31663702-0,4.6,-23.633410750000003,-46.47284775,,,,1,2023-06-17T02:44:08+00:00
SAO_3023-10,São Paulo,3550308,True,Urubupungá,960,https://moovitapp.com/index/pt-br/transporte_p%C3%BAblico-line-960-Sao_Paulo-242-873835-31663702-0,4.6,-23.63368825,-46.472753250000004,,,,1,2023-06-17T02:44:05+00:00
SAO_3023-10,São Paulo,3550308,True,Urubupungá,960,https://moovitapp.com/index/pt-br/transporte_p%C3%BAblico-line-960-Sao_Paulo-242-873835-31663702-0,4.6,-23.63057325,-46.4698145,,,,1,2023-06-17T02:43:57+00:00
SAO_3023-10,São Paulo,3550308,True,Urubupungá,960,https://moovitapp.com/index/pt-br/transporte_p%C3%BAblico-line-960-Sao_Paulo-242-873835-31663702-0,4.6,-23.633410750000003,-46.47284775,,,,1,2023-06-17T02:44:38+00:00
SAO_3023-10,São Paulo,3550308,True,Urubupungá,960,https://moovitapp.com/index/pt-br/transporte_p%C3%BAblico-line-960-Sao_Paulo-242-873835-31663702-0,4.6,-23.63368825,-46.472753250000004,,,,1,2023-06-17T02:44:12+00:00
SAO_3023-10,São Paulo,3550308,True,Urubupungá,960,https://moovitapp.com/index/pt-br/transporte_p%C3%BAblico-line-960-Sao_Paulo-242-873835-31663702-0,4.6,-23.571637000000003,-46.5062955,,,,1,2023-06-17T02:43:32+00:00
SAO_3754-10,São Paulo,3550308,True,,1049,,,-23.566997,-46.401968999999994,,,,1,2023-06-17T02:44:36+00:00
SAO_3754-10,São Paulo,3550308,True,,1049,,,-23.567204,-46.401721499999994,,,,1,2023-06-17T02:44:01+00:00
SAO_3754-10,São Paulo,3550308,True,,1049,,,-23.5738885,-46.3986,,,,1,2023-06-17T02:44:00+00:00
SAO_3754-10,São Paulo,3550308,True,,1049,,,-23.564492,-46.404449,,,,1,2023-06-17T02:44:24+00:00
SAO_3754-10,São Paulo,3550308,True,,1049,,,-23.55371425,-46.40418275,,,,1,2023-06-17T02:44:22+00:00
SAO_3754-10,São Paulo,3550308,True,,1049,,,-23.538268000000002,-46.4269345,,,,1,2023-06-17T02:42:33+00:00
SAO_3754-10,São Paulo,3550308,True,,1049,,,-23.542621,-46.4621605,,,,1,2023-06-17T02:43:53+00:00
SAO_9784-10,São Paulo,3550308,True,EMTU,827,https://moovitapp.com/index/pt-br/transporte_p%C3%BAblico-line-827-Sao_Paulo-242-2038937-36419596-0,12.1,-23.4503535,-46.683854999999994,,,,1,2023-06-17T02:44:11+00:00
SAO_9784-10,São Paulo,3550308,True,EMTU,827,https://moovitapp.com/index/pt-br/transporte_p%C3%BAblico-line-827-Sao_Paulo-242-2038937-36419596-0,12.1,-23.463577,-46.669347,,,,1,2023-06-17T02:44:16+00:00
SAO_9784-10,São Paulo,3550308,True,EMTU,827,https://moovitapp.com/index/pt-br/transporte_p%C3%BAblico-line-827-Sao_Paulo-242-2038937-36419596-0,12.1,-23.4503535,-46.683854999999994,,,,1,2023-06-17T02:44:39+00:00
SAO_9784-10,São Paulo,3550308,True,EMTU,827,https://moovitapp.com/index/pt-br/transporte_p%C3%BAblico-line-827-Sao_Paulo-242-2038937-36419596-0,12.1,-23.473617500000003,-46.6672885,,,,1,2023-06-17T02:44:24+00:00
SAO_9784-10,São Paulo,3550308,True,EMTU,827,https://moovitapp.com/index/pt-br/transporte_p%C3%BAblico-line-827-Sao_Paulo-242-2038937-36419596-0,12.1,-23.4877925,-46.652354,,,,1,2023-06-17T02:44:21+00:00
SAO_9784-10,São Paulo,3550308,True,EMTU,827,https://moovitapp.com/index/pt-br/transporte_p%C3%BAblico-line-827-Sao_Paulo-242-2038937-36419596-0,12.1,-23.4503535,-46.683854999999994,,,,1,2023-06-17T02:43:56+00:00
SAO_9784-10,São Paulo,3550308,True,EMTU,827,https://moovitapp.com/index/pt-br/transporte_p%C3%BAblico-line-827-Sao_Paulo-242-2038937-36419596-0,12.1,-23.479895499999998,-46.661610499999995,,,,1,2023-06-17T02:44:17+00:00
SAO_9784-10,São Paulo,3550308,True,EMTU,827,https://moovitapp.com/index/pt-br/transporte_p%C3%BAblico-line-827-Sao_Paulo-242-2038937-36419596-0,12.1,-23.4503535,-46.683854999999994,,,,1,2023-06-17T02:44:39+00:00
SAO_9784-10,São Paulo,3550308,True,EMTU,827,https://moovitapp.com/index/pt-br/transporte_p%C3%BAblico-line-827-Sao_Paulo-242-2038937-36419596-0,12.1,-23.4503535,-46.683854999999994,,,,1,2023-06-17T02:44:32+00:00
SAO_9784-10,São Paulo,3550308,True,EMTU,827,https://moovitapp.com/index/pt-br/transporte_p%C3%BAblico-line-827-Sao_Paulo-242-2038937-36419596-0,12.1,-23.4503535,-46.683854999999994,,,,1,2023-06-17T02:44:25+00:00
SAO_4006-21,São Paulo,3550308,True,,2482,,,-23.6139035,-46.433049,,,,1,2023-06-17T02:41:56+00:00
SAO_4006-21,São Paulo,3550308,True,,2482,,,-23.596856,-46.436479,,,,1,2023-06-17T02:44:33+00:00
SAO_172R-10,São Paulo,3550308,True,,859,,,-23.465638499999997,-46.583501999999996,,,,1,2023-06-17T02:41:00+00:00
SAO_172R-10,São Paulo,3550308,True,,859,,,-23.465965,-46.584261999999995,,,,1,2023-06-17T02:44:27+00:00
SAO_172R-10,São Paulo,3550308,True,,859,,,-23.5423885,-46.590565,,,,1,2023-06-17T02:44:05+00:00
SAO_172R-10,São Paulo,3550308,True,,859,,,-23.480576499999998,-46.5718355,,,,1,2023-06-17T02:41:43+00:00
SAO_172R-10,São Paulo,3550308,True,,859,,,-23.5060735,-46.5773,,,,1,2023-06-17T02:44:05+00:00
SAO_172R-10,São Paulo,3550308,True,,859,,,-23.5281645625,-46.60157074999999,,,,1,2023-06-17T02:44:04+00:00
SAO_172R-10,São Paulo,3550308,True,,859,,,-23.5423885,-46.590565,,,,1,2023-06-17T02:44:27+00:00
SAO_314J-10,São Paulo,3550308,True,,33078,,,-23.561198250000004,-46.632711125,,,,2,2023-06-17T02:44:06+00:00
SAO_314J-10,São Paulo,3550308,True,,33078,,,-23.6143275,-46.5170595,,,,2,2023-06-17T02:44:17+00:00
SAO_314J-10,São Paulo,3550308,True,,33078,,,-23.6144425,-46.516724499999995,,,,2,2023-06-17T02:43:54+00:00
SAO_314J-10,São Paulo,3550308,True,,33078,,,-23.597051,-46.565821,,,,2,2023-06-17T02:44:09+00:00
SAO_314J-10,São Paulo,3550308,True,,33078,,,-23.592244,-46.54734575,,,,2,2023-06-17T02:44:16+00:00
SAO_909T-1,São Paulo,3550308,True,,35280,,,-23.5657815,-46.7010925,,,,2,2023-06-17T02:44:35+00:00
SAO_909T-1,São Paulo,3550308,True,,35280,,,-23.556858,-46.680385125,,,,2,2023-06-17T02:44:26+00:00
SAO_6970-10,São Paulo,3550308,True,,34273,,,-23.673454749999998,-46.71235725,,,,2,2023-06-17T02:44:25+00:00
SAO_6970-10,São Paulo,3550308,True,,34273,,,-23.72155,-46.6980085,,,,2,2023-06-17T02:44:37+00:00
SAO_4735-10,São Paulo,3550308,True,,33878,,,-23.61858625,-46.47226175,,,,2,2023-06-17T02:44:37+00:00
SAO_4735-10,São Paulo,3550308,True,,33878,,,-23.618679,-46.472766,,,,2,2023-06-17T02:44:15+00:00
SAO_6L08-10,São Paulo,3550308,True,,33950,,,-23.826470999999998,-46.730503999999996,,,,2,2023-06-17T02:43:58+00:00
SAO_6L08-10,São Paulo,3550308,True,,33950,,,-23.827328,-46.698244625,,,,2,2023-06-17T02:44:40+00:00
SAO_6008-10,São Paulo,3550308,True,,33968,,,-23.68727,-46.7629345,,,,2,2023-06-17T02:44:21+00:00
SAO_6008-10,São Paulo,3550308,True,,33968,,,-23.68727,-46.7629345,,,,2,2023-06-17T02:44:16+00:00
SAO_6008-10,São Paulo,3550308,True,,33968,,,-23.6873755,-46.763414499999996,,,,2,2023-06-17T02:44:14+00:00
SAO_6008-10,São Paulo,3550308,True,,33968,,,-23.6855965,-46.7518865,,,,2,2023-06-17T02:44:17+00:00
SAO_6008-10,São Paulo,3550308,True,,33968,,,-23.68727,-46.7629345,,,,2,2023-06-17T02:43:55+00:00
SAO_6008-10,São Paulo,3550308,True,,33968,,,-23.6733245,-46.7342625,,,,2,2023-06-17T02:44:06+00:00
SAO_351F-10,São Paulo,3550308,True,,33455,,,-23.55955,-46.5203865,,,,2,2023-06-17T02:41:43+00:00
SAO_351F-10,São Paulo,3550308,True,,33455,,,-23.529847,-46.598688499999994,,,,2,2023-06-17T02:41:20+00:00
SAO_351F-10,São Paulo,3550308,True,,33455,,,-23.468732125000002,-46.578811875,,,,2,2023-06-17T02:44:00+00:00
SAO_351F-10,São Paulo,3550308,True,,33455,,,-23.4618045,-46.5828915,,,,2,2023-06-17T02:44:33+00:00
SAO_351F-10,São Paulo,3550308,True,,33455,,,-23.545365,-46.5750745,,,,2,2023-06-17T02:44:35+00:00
SAO_1775-10,São Paulo,3550308,True,,638,,,-23.460305374999997,-46.623050625,,,,1,2023-06-17T02:44:26+00:00
SAO_1775-10,São Paulo,3550308,True,,638,,,-23.504806125,-46.624947625000004,,,,1,2023-06-17T02:44:31+00:00
SAO_971D-10,São Paulo,3550308,True,,709,,,-23.4869335,-46.64392600000001,,,,1,2023-06-17T02:43:55+00:00
SAO_971D-10,São Paulo,3550308,True,,709,,,-23.5131826875,-46.6161215,,,,1,2023-06-17T02:44:24+00:00
SAO_971D-10,São Paulo,3550308,True,,709,,,-23.455205874999997,-46.6949235,,,,1,2023-06-17T02:44:28+00:00
SAO_971D-10,São Paulo,3550308,True,,709,,,-23.451451499999997,-46.6977725,,,,1,2023-06-17T02:44:03+00:00
SAO_971D-10,São Paulo,3550308,True,,709,,,-23.4832245,-46.654132000000004,,,,1,2023-06-17T02:44:17+00:00
SAO_971D-10,São Paulo,3550308,True,,709,,,-23.447513,-46.696985,,,,1,2023-06-17T02:44:13+00:00
SAO_971D-10,São Paulo,3550308,True,,709,,,-23.447513,-46.696985,,,,1,2023-06-17T02:44:35+00:00
SAO_971D-10,São Paulo,3550308,True,,709,,,-23.505087375000002,-46.624955875,,,,1,2023-06-17T02:44:30+00:00
SAO_414P-10,São Paulo,3550308,True,,1105,,,-23.56305875,-46.549729,,,,1,2023-06-17T02:44:36+00:00
SAO_414P-10,São Paulo,3550308,True,,1105,,,-23.536265999999998,-46.5628445,,,,1,2023-06-17T02:44:11+00:00
SAO_414P-10,São Paulo,3550308,True,,1105,,,-23.610801000000002,-46.5299455,,,,1,2023-06-17T02:44:20+00:00
SAO_414P-10,São Paulo,3550308,True,,1105,,,-23.55025775,-46.56520025,,,,1,2023-06-17T02:44:05+00:00
SAO_414P-10,São Paulo,3550308,True,,1105,,,-23.5995995,-46.530175,,,,1,2023-06-17T02:44:29+00:00
SAO_414P-10,São Paulo,3550308,True,,1105,,,-23.60529675,-46.53038575,,,,1,2023-06-17T02:44:13+00:00
SAO_4029-10,São Paulo,3550308,True,,33867,,,-23.608943,-46.477615,,,,2,2023-06-17T02:44:19+00:00
SAO_4029-10,São Paulo,3550308,True,,33867,,,-23.595624,-46.524275,,,,2,2023-06-17T02:44:25+00:00
SAO_4029-10,São Paulo,3550308,True,,33867,,,-23.595695499999998,-46.5249735,,,,2,2023-06-17T02:44:34+00:00
SAO_4029-10,São Paulo,3550308,True,,33867,,,-23.6105855,-46.4805655,,,,2,2023-06-17T02:44:30+00:00
SAO_4029-10,São Paulo,3550308,True,,33867,,,-23.58096,-46.561204000000004,,,,2,2023-06-17T02:44:21+00:00
SAO_4029-10,São Paulo,3550308,True,,33867,,,-23.6105855,-46.4805655,,,,2,2023-06-17T02:43:57+00:00
SAO_4029-10,São Paulo,3550308,True,,33867,,,-23.5955875,-46.524572000000006,,,,2,2023-06-17T02:44:24+00:00
SAO_4029-10,São Paulo,3550308,True,,33867,,,-23.591709,-46.540344000000005,,,,2,2023-06-17T02:44:18+00:00
SAO_4735-10,São Paulo,3550308,True,,1110,,,-23.613228499999998,-46.476530999999994,,,,1,2023-06-17T02:44:23+00:00
SAO_3751-10,São Paulo,3550308,True,,1047,,,-23.542716,-46.469168499999995,,,,1,2023-06-17T02:44:07+00:00
SAO_3751-10,São Paulo,3550308,True,,1047,,,-23.570502,-46.418130500000004,,,,1,2023-06-17T02:44:22+00:00
SAO_3751-10,São Paulo,3550308,True,,1047,,,-23.5518855,-46.4343445,,,,1,2023-06-17T02:44:40+00:00
SAO_3751-10,São Paulo,3550308,True,,1047,,,-23.569356,-46.4108985,,,,1,2023-06-17T02:44:18+00:00
SAO_5106-31,São Paulo,3550308,True,,34073,,,-23.6929535,-46.6450975,,,,2,2023-06-17T02:44:19+00:00
SAO_5106-31,São Paulo,3550308,True,,34073,,,-23.6916685,-46.658110750000006,,,,2,2023-06-17T02:44:36+00:00
SAO_5106-31,São Paulo,3550308,True,,34073,,,-23.627972999999997,-46.64439625,,,,2,2023-06-17T02:44:33+00:00
SAO_5106-31,São Paulo,3550308,True,,34073,,,-23.6875885,-46.654850499999995,,,,2,2023-06-17T02:44:26+00:00
SAO_627J-10,São Paulo,3550308,True,,34824,,,-23.6763755,-46.6346655,,,,2,2023-06-17T02:44:02+00:00
SAO_627J-10,São Paulo,3550308,True,,34824,,,-23.6815315,-46.6338755,,,,2,2023-06-17T02:42:15+00:00
SAO_627J-10,São Paulo,3550308,True,,34824,,,-23.674066,-46.632602500000004,,,,2,2023-06-17T02:43:53+00:00
SAO_627J-10,São Paulo,3550308,True,,34824,,,-23.6742555,-46.632575,,,,2,2023-06-17T02:44:08+00:00
SAO_5145-10,São Paulo,3550308,True,,1641,,,-23.573284,-46.5629815,,,,1,2023-06-17T02:44:32+00:00
SAO_5145-10,São Paulo,3550308,True,,1641,,,-23.603478000000003,-46.503224,,,,1,2023-06-17T02:38:32+00:00
SAO_5145-10,São Paulo,3550308,True,,1641,,,-23.581748124999997,-46.593669375000005,,,,1,2023-06-17T02:44:10+00:00
SAO_5145-10,São Paulo,3550308,True,,1641,,,-23.5581945,-46.63220475,,,,1,2023-06-17T02:44:26+00:00
SAO_2088-10,São Paulo,3550308,True,,33140,,,-23.515441,-46.45831225,,,,2,2023-06-17T02:44:07+00:00
SAO_2088-10,São Paulo,3550308,True,,33140,,,-23.5039315,-46.3796915,,,,2,2023-06-17T02:44:38+00:00
SAO_2088-10,São Paulo,3550308,True,,33140,,,-23.494785,-46.406074,,,,2,2023-06-17T02:44:29+00:00
SAO_2088-10,São Paulo,3550308,True,,33140,,,-23.503643,-46.380181,,,,2,2023-06-17T02:44:37+00:00
SAO_2088-10,São Paulo,3550308,True,,33140,,,-23.493553,-46.3754735,,,,2,2023-06-17T02:44:37+00:00
SAO_736I-10,São Paulo,3550308,True,STT,781,https://moovitapp.com/index/pt-br/transporte_p%C3%BAblico-line-781-Sao_Paulo-242-850661-183349-0,5.3,-23.6498405,-46.707801,,,,1,2023-06-17T02:44:11+00:00
SAO_736I-10,São Paulo,3550308,True,STT,781,https://moovitapp.com/index/pt-br/transporte_p%C3%BAblico-line-781-Sao_Paulo-242-850661-183349-0,5.3,-23.64927025,-46.70794375,,,,1,2023-06-17T02:44:12+00:00
SAO_736I-10,São Paulo,3550308,True,STT,781,https://moovitapp.com/index/pt-br/transporte_p%C3%BAblico-line-781-Sao_Paulo-242-850661-183349-0,5.3,-23.642645124999998,-46.7095925,,,,1,2023-06-17T02:44:09+00:00
SAO_736I-10,São Paulo,3550308,True,STT,781,https://moovitapp.com/index/pt-br/transporte_p%C3%BAblico-line-781-Sao_Paulo-242-850661-183349-0,5.3,-23.6402955,-46.747759,,,,1,2023-06-17T02:44:38+00:00
SAO_736I-10,São Paulo,3550308,True,STT,781,https://moovitapp.com/index/pt-br/transporte_p%C3%BAblico-line-781-Sao_Paulo-242-850661-183349-0,5.3,-23.641656750000003,-46.724222,,,,1,2023-06-17T02:44:34+00:00
SAO_8012-10,São Paulo,3550308,True,,34791,,,-23.5611245,-46.730349249999996,,,,2,2023-06-17T02:44:24+00:00
SAO_8012-10,São Paulo,3550308,True,,34791,,,-23.567972,-46.740382499999996,,,,2,2023-06-17T02:44:22+00:00
SAO_8012-10,São Paulo,3550308,True,,34791,,,-23.5716415,-46.7082335,,,,2,2023-06-17T02:43:58+00:00
SAO_637R-10,São Paulo,3550308,True,EMTU,196,https://moovitapp.com/index/pt-br/transporte_p%C3%BAblico-line-196-Sao_Paulo-242-2038937-36419323-0,4.85,-23.665875,-46.7128965,,,,1,2023-06-17T02:44:38+00:00
SAO_637R-10,São Paulo,3550308,True,EMTU,196,https://moovitapp.com/index/pt-br/transporte_p%C3%BAblico-line-196-Sao_Paulo-242-2038937-36419323-0,4.85,-23.7207345,-46.77011,,,,1,2023-06-17T02:44:03+00:00
SAO_637R-10,São Paulo,3550308,True,EMTU,196,https://moovitapp.com/index/pt-br/transporte_p%C3%BAblico-line-196-Sao_Paulo-242-2038937-36419323-0,4.85,-23.7207345,-46.77011,,,,1,2023-06-17T02:44:09+00:00
SAO_637R-10,São Paulo,3550308,True,EMTU,196,https://moovitapp.com/index/pt-br/transporte_p%C3%BAblico-line-196-Sao_Paulo-242-2038937-36419323-0,4.85,-23.6730595,-46.744311,,,,1,2023-06-17T02:44:10+00:00
SAO_637R-10,São Paulo,3550308,True,EMTU,196,https://moovitapp.com/index/pt-br/transporte_p%C3%BAblico-line-196-Sao_Paulo-242-2038937-36419323-0,4.85,-23.714169,-46.7764545,,,,1,2023-06-17T02:44:01+00:00
SAO_637R-10,São Paulo,3550308,True,EMTU,196,https://moovitapp.com/index/pt-br/transporte_p%C3%BAblico-line-196-Sao_Paulo-242-2038937-36419323-0,4.85,-23.654322,-46.712858499999996,,,,1,2023-06-17T02:44:08+00:00
SAO_2032-10,São Paulo,3550308,True,,35034,,,-23.4843605,-46.573622,,,,2,2023-06-17T02:43:55+00:00
SAO_2032-10,São Paulo,3550308,True,,35034,,,-23.484299999999998,-46.573052000000004,,,,2,2023-06-17T02:44:32+00:00
SAO_2032-10,São Paulo,3550308,True,,35034,,,-23.48439175,-46.57382750000001,,,,2,2023-06-17T02:44:20+00:00
SAO_2032-10,São Paulo,3550308,True,,35034,,,-23.484455,-46.57345,,,,2,2023-06-17T02:44:37+00:00
SAO_2583-10,São Paulo,3550308,True,EMTU,375,https://moovitapp.com/index/pt-br/transporte_p%C3%BAblico-line-375-Sao_Paulo-242-2038937-36419449-0,11.7,-23.520366499999998,-46.547950375,,,,1,2023-06-17T02:44:28+00:00
SAO_2583-10,São Paulo,3550308,True,EMTU,375,https://moovitapp.com/index/pt-br/transporte_p%C3%BAblico-line-375-Sao_Paulo-242-2038937-36419449-0,11.7,-23.529283,-46.5540615,,,,1,2023-06-17T02:44:19+00:00
SAO_2583-10,São Paulo,3550308,True,EMTU,375,https://moovitapp.com/index/pt-br/transporte_p%C3%BAblico-line-375-Sao_Paulo-242-2038937-36419449-0,11.7,-23.510990500000002,-46.42110675,,,,1,2023-06-17T02:44:31+00:00
SAO_575A-10,São Paulo,3550308,True,,1638,,,-23.6003995,-46.5763825,,,,1,2023-06-17T02:44:35+00:00
SAO_342C-10,São Paulo,3550308,True,,1002,,,-23.560944,-46.4918265,,,,1,2023-06-17T02:44:12+00:00
SAO_342C-10,São Paulo,3550308,True,,1002,,,-23.538178000000002,-46.505846500000004,,,,1,2023-06-17T02:44:16+00:00
SAO_342C-10,São Paulo,3550308,True,,1002,,,-23.524368000000003,-46.543893999999995,,,,1,2023-06-17T02:44:37+00:00
SAO_805L-10,São Paulo,3550308,True,EMTU,124,https://moovitapp.com/index/pt-br/transporte_p%C3%BAblico-line-124-Sao_Paulo-242-2038937-36419282-0,5.15,-23.563620999999998,-46.6325485,,,,1,2023-06-17T02:44:01+00:00
SAO_2080-10,São Paulo,3550308,True,,371,,,-23.529217000000003,-46.554102,,,,1,2023-06-17T02:44:37+00:00
SAO_2080-10,São Paulo,3550308,True,,371,,,-23.5288685,-46.554319,,,,1,2023-06-17T02:44:03+00:00
SAO_2080-10,São Paulo,3550308,True,,371,,,-23.5288685,-46.554319,,,,1,2023-06-17T02:44:20+00:00
SAO_4734-10,São Paulo,3550308,True,,33877,,,-23.6183335,-46.6389475,,,,2,2023-06-17T02:44:10+00:00
SAO_4734-10,São Paulo,3550308,True,,33877,,,-23.62297475,-46.635186000000004,,,,2,2023-06-17T02:44:24+00:00
SAO_4734-10,São Paulo,3550308,True,,33877,,,-23.625895874999998,-46.626163125000005,,,,2,2023-06-17T02:44:23+00:00
SAO_4734-10,São Paulo,3550308,True,,33877,,,-23.6428065,-46.6125275,,,,2,2023-06-17T02:44:35+00:00
SAO_4734-10,São Paulo,3550308,True,,33877,,,-23.642615,-46.60616,,,,2,2023-06-17T02:44:15+00:00
SAO_4734-10,São Paulo,3550308,True,,33877,,,-23.626040375000002,-46.619731625,,,,2,2023-06-17T02:44:33+00:00
SAO_4734-10,São Paulo,3550308,True,,33877,,,-23.640062999999998,-46.607498500000005,,,,2,2023-06-17T02:44:22+00:00
SAO_4734-10,São Paulo,3550308,True,,33877,,,-23.647448750000002,-46.613617500000004,,,,2,2023-06-17T02:44:33+00:00
SAO_4734-10,São Paulo,3550308,True,,33877,,,-23.646122,-46.6137625,,,,2,2023-06-17T02:44:38+00:00
SAO_2076-10,São Paulo,3550308,True,,368,,,-23.500534000000002,-46.4876385,,,,1,2023-06-17T02:44:32+00:00
SAO_2076-10,São Paulo,3550308,True,,368,,,-23.519419499999998,-46.547022,,,,1,2023-06-17T02:44:24+00:00
SAO_2076-10,São Paulo,3550308,True,,368,,,-23.5032615,-46.380213499999996,,,,1,2023-06-17T02:43:37+00:00
SAO_2076-10,São Paulo,3550308,True,,368,,,-23.5032615,-46.380213499999996,,,,1,2023-06-17T02:44:08+00:00
SAO_2076-10,São Paulo,3550308,True,,368,,,-23.491042999999998,-46.46218425,,,,1,2023-06-17T02:44:30+00:00
SAO_2076-10,São Paulo,3550308,True,,368,,,-23.496205,-46.38787,,,,1,2023-06-17T02:43:58+00:00
SAO_6250-10,São Paulo,3550308,True,EMTU,468,https://moovitapp.com/index/pt-br/transporte_p%C3%BAblico-line-468-Sao_Paulo-242-2038937-36419506-0,6.65,-23.565502625,-46.69075825,,,,1,2023-06-17T02:44:16+00:00
SAO_695X-10,São Paulo,3550308,True,,34209,,,-23.647087499999998,-46.63931,,,,2,2023-06-17T02:44:17+00:00
SAO_695X-10,São Paulo,3550308,True,,34209,,,-23.66463625,-46.67843525,,,,2,2023-06-17T02:44:31+00:00
SAO_695X-10,São Paulo,3550308,True,,34209,,,-23.76728,-46.716530500000005,,,,2,2023-06-17T02:40:59+00:00
SAO_695X-10,São Paulo,3550308,True,,34209,,,-23.699836250000004,-46.70113275,,,,2,2023-06-17T02:44:14+00:00
SAO_695X-10,São Paulo,3550308,True,,34209,,,-23.752014250000002,-46.710977,,,,2,2023-06-17T02:44:29+00:00
SAO_695X-10,São Paulo,3550308,True,,34209,,,-23.737882,-46.7001675,,,,2,2023-06-17T02:44:05+00:00
SAO_695X-10,São Paulo,3550308,True,,34209,,,-23.647226,-46.675112500000004,,,,2,2023-06-17T02:44:24+00:00
SAO_695X-10,São Paulo,3550308,True,,34209,,,-23.663237499999997,-46.6788725,,,,2,2023-06-17T02:44:36+00:00
SAO_695X-10,São Paulo,3550308,True,,34209,,,-23.767062,-46.7161295,,,,2,2023-06-17T02:44:26+00:00
SAO_695X-10,São Paulo,3550308,True,,34209,,,-23.6469585,-46.6748945,,,,2,2023-06-17T02:44:23+00:00
SAO_3462-10,São Paulo,3550308,True,EMTU,247,https://moovitapp.com/index/pt-br/transporte_p%C3%BAblico-line-247-Sao_Paulo-242-2038937-36419359-0,6.55,-23.524079375,-46.4759915,,,,1,2023-06-17T02:44:19+00:00
SAO_3462-10,São Paulo,3550308,True,EMTU,247,https://moovitapp.com/index/pt-br/transporte_p%C3%BAblico-line-247-Sao_Paulo-242-2038937-36419359-0,6.55,-23.5265595,-46.525074000000004,,,,1,2023-06-17T02:44:09+00:00
SAO_775P-10,São Paulo,3550308,True,,33275,,,-23.5946805,-46.745692999999996,,,,2,2023-06-17T02:44:11+00:00
SAO_775P-10,São Paulo,3550308,True,,33275,,,-23.597096,-46.7681435,,,,2,2023-06-17T02:44:36+00:00
SAO_775P-10,São Paulo,3550308,True,,33275,,,-23.597096,-46.7681435,,,,2,2023-06-17T02:44:17+00:00
SAO_775P-10,São Paulo,3550308,True,,33275,,,-23.5590385,-46.659078,,,,2,2023-06-17T02:44:15+00:00
SAO_3054-10,São Paulo,3550308,True,,975,,,-23.59419625,-46.42337975,,,,1,2023-06-17T02:44:16+00:00
SAO_3054-10,São Paulo,3550308,True,,975,,,-23.593264,-46.489357999999996,,,,1,2023-06-17T02:44:34+00:00
SAO_3054-10,São Paulo,3550308,True,,975,,,-23.61071875,-46.49325225,,,,1,2023-06-17T02:44:13+00:00
SAO_3054-10,São Paulo,3550308,True,,975,,,-23.609925,-46.407969,,,,1,2023-06-17T02:44:40+00:00
SAO_3054-10,São Paulo,3550308,True,,975,,,-23.612665,-46.476373499999994,,,,1,2023-06-17T02:44:41+00:00
SAO_3054-10,São Paulo,3550308,True,,975,,,-23.609925,-46.407969,,,,1,2023-06-17T02:44:00+00:00
SAO_2711-10,São Paulo,3550308,True,,925,,,-23.5281795,-46.500829499999995,,,,1,2023-06-17T02:44:23+00:00
SAO_2711-10,São Paulo,3550308,True,,925,,,-23.509100375000003,-46.49071125,,,,1,2023-06-17T02:44:12+00:00
SAO_5300-10,São Paulo,3550308,True,,33122,,,-23.654038,-46.708869500000006,,,,2,2023-06-17T02:44:02+00:00
SAO_5300-10,São Paulo,3550308,True,,33122,,,-23.580849999999998,-46.656758999999994,,,,2,2023-06-17T02:44:09+00:00
SAO_5300-10,São Paulo,3550308,True,,33122,,,-23.60336625,-46.6620935,,,,2,2023-06-17T02:44:09+00:00
SAO_5300-10,São Paulo,3550308,True,,33122,,,-23.6540525,-46.712609,,,,2,2023-06-17T02:44:37+00:00
SAO_5300-10,São Paulo,3550308,True,,33122,,,-23.619595250000003,-46.6773515,,,,2,2023-06-17T02:44:33+00:00
SAO_5300-10,São Paulo,3550308,True,,33122,,,-23.62020275,-46.67793424999999,,,,2,2023-06-17T02:44:32+00:00
SAO_5300-10,São Paulo,3550308,True,,33122,,,-23.64797425,-46.70399725,,,,2,2023-06-17T02:44:11+00:00
SAO_5300-10,São Paulo,3550308,True,,33122,,,-23.5498695,-46.63395,,,,2,2023-06-17T02:43:56+00:00
SAO_805L-10,São Paulo,3550308,True,,32892,,,-23.565641499999998,-46.6513415,,,,2,2023-06-17T02:44:28+00:00
SAO_805L-10,São Paulo,3550308,True,,32892,,,-23.53506275,-46.644746999999995,,,,2,2023-06-17T02:43:55+00:00
SAO_805L-10,São Paulo,3550308,True,,32892,,,-23.538125,-46.65019075,,,,2,2023-06-17T02:44:30+00:00
SAO_407G-10,São Paulo,3550308,True,,2196,,,-23.551533499999998,-46.5209695,,,,1,2023-06-17T02:44:16+00:00
SAO_407G-10,São Paulo,3550308,True,,2196,,,-23.5681915,-46.5048455,,,,1,2023-06-17T02:41:29+00:00
SAO_407G-10,São Paulo,3550308,True,,2196,,,-23.6197545,-46.46780875,,,,1,2023-06-17T02:44:23+00:00
SAO_407G-10,São Paulo,3550308,True,,2196,,,-23.610959,-46.476257875,,,,1,2023-06-17T02:44:32+00:00
SAO_407G-10,São Paulo,3550308,True,,2196,,,-23.602598,-46.43810075,,,,1,2023-06-17T02:44:34+00:00
SAO_407G-10,São Paulo,3550308,True,,2196,,,-23.611837,-46.4334745,,,,1,2023-06-17T02:44:06+00:00
SAO_407G-10,São Paulo,3550308,True,,2196,,,-23.6079395,-46.448733000000004,,,,1,2023-06-17T02:43:29+00:00
SAO_407G-10,São Paulo,3550308,True,,2196,,,-23.5380945,-46.564400750000004,,,,1,2023-06-17T02:44:09+00:00
SAO_273G-10,São Paulo,3550308,True,EMTU,223,https://moovitapp.com/index/pt-br/transporte_p%C3%BAblico-line-223-Sao_Paulo-242-2038937-36419342-0,5.2,-23.514357500000003,-46.4767655,,,,1,2023-06-17T02:44:34+00:00
SAO_273G-10,São Paulo,3550308,True,EMTU,223,https://moovitapp.com/index/pt-br/transporte_p%C3%BAblico-line-223-Sao_Paulo-242-2038937-36419342-0,5.2,-23.52475475,-46.47498425,,,,1,2023-06-17T02:44:12+00:00
SAO_273G-10,São Paulo,3550308,True,EMTU,223,https://moovitapp.com/index/pt-br/transporte_p%C3%BAblico-line-223-Sao_Paulo-242-2038937-36419342-0,5.2,-23.483933625,-46.43385256250001,,,,1,2023-06-17T02:41:07+00:00
SAO_3734-10,São Paulo,3550308,True,,1034,,,-23.5568435,-46.475479750000005,,,,1,2023-06-17T02:44:04+00:00
SAO_3734-10,São Paulo,3550308,True,,1034,,,-23.54262825,-46.4833925,,,,1,2023-06-17T02:44:01+00:00
SAO_3734-10,São Paulo,3550308,True,,1034,,,-23.551674,-46.466792999999996,,,,1,2023-06-17T02:44:18+00:00
SAO_8060-10,São Paulo,3550308,True,EMTU,418,https://moovitapp.com/index/pt-br/transporte_p%C3%BAblico-line-418-Sao_Paulo-242-2038937-36419475-0,6.55,-23.508112249999996,-46.76089399999999,,,,1,2023-06-17T02:44:11+00:00
SAO_5029-10,São Paulo,3550308,True,,1672,,,-23.618392999999998,-46.58703800000001,,,,1,2023-06-17T02:44:05+00:00
SAO_5029-10,São Paulo,3550308,True,,1672,,,-23.6027185,-46.600532,,,,1,2023-06-17T02:43:42+00:00
SAO_8072-10,São Paulo,3550308,True,,34847,,,-23.6423545,-46.7659975,,,,2,2023-06-17T02:44:14+00:00
SAO_8072-10,São Paulo,3550308,True,,34847,,,-23.6423545,-46.7659975,,,,2,2023-06-17T02:44:37+00:00
SAO_8072-10,São Paulo,3550308,True,,34847,,,-23.617066,-46.757511,,,,2,2023-06-17T02:44:26+00:00
SAO_8072-10,São Paulo,3550308,True,,34847,,,-23.642847,-46.76572,,,,2,2023-06-17T02:44:18+00:00
SAO_8072-10,São Paulo,3550308,True,,34847,,,-23.5857665,-46.723943,,,,2,2023-06-17T02:43:57+00:00
SAO_8072-10,São Paulo,3550308,True,,34847,,,-23.584695500000002,-46.7282955,,,,2,2023-06-17T02:44:34+00:00
SAO_4004-10,São Paulo,3550308,True,,34946,,,-23.5833245,-46.4079025,,,,2,2023-06-17T02:43:56+00:00
SAO_4004-10,São Paulo,3550308,True,,34946,,,-23.5826965,-46.406769,,,,2,2023-06-17T02:44:28+00:00
SAO_174M-10,São Paulo,3550308,True,,673,,,-23.479546,-46.611454,,,,1,2023-06-17T02:43:23+00:00
SAO_174M-10,São Paulo,3550308,True,,673,,,-23.486491,-46.572528500000004,,,,1,2023-06-17T02:44:25+00:00
SAO_174M-10,São Paulo,3550308,True,,673,,,-23.554746,-46.627392,,,,1,2023-06-17T02:44:07+00:00
SAO_174M-10,São Paulo,3550308,True,,673,,,-23.52263875,-46.625463499999995,,,,1,2023-06-17T02:43:59+00:00
SAO_6069-10,São Paulo,3550308,True,,1154,,,-23.654038,-46.708869500000006,,,,1,2023-06-17T02:44:37+00:00
SAO_6069-10,São Paulo,3550308,True,,1154,,,-23.71349325,-46.69855075,,,,1,2023-06-17T02:44:36+00:00
SAO_6069-10,São Paulo,3550308,True,,1154,,,-23.747792,-46.708254499999995,,,,1,2023-06-17T02:44:33+00:00
SAO_6069-10,São Paulo,3550308,True,,1154,,,-23.744763,-46.693926000000005,,,,1,2023-06-17T02:44:39+00:00
SAO_6069-10,São Paulo,3550308,True,,1154,,,-23.744763,-46.693926000000005,,,,1,2023-06-17T02:44:18+00:00
SAO_3739-10,São Paulo,3550308,True,,33807,,,-23.5498035,-46.4621065,,,,2,2023-06-17T02:44:33+00:00
SAO_3739-10,São Paulo,3550308,True,,33807,,,-23.572051000000002,-46.446417,,,,2,2023-06-17T02:44:11+00:00
SAO_3739-10,São Paulo,3550308,True,,33807,,,-23.6125085,-46.4160355,,,,2,2023-06-17T02:44:19+00:00
SAO_3739-10,São Paulo,3550308,True,,33807,,,-23.6121585,-46.416186499999995,,,,2,2023-06-17T02:43:58+00:00
SAO_3739-10,São Paulo,3550308,True,,33807,,,-23.598684249999998,-46.4338305,,,,2,2023-06-17T02:44:32+00:00
SAO_3739-10,São Paulo,3550308,True,,33807,,,-23.6121585,-46.416186499999995,,,,2,2023-06-17T02:44:16+00:00
SAO_3739-10,São Paulo,3550308,True,,33807,,,-23.61229,-46.416155,,,,2,2023-06-17T02:44:22+00:00
SAO_3739-10,São Paulo,3550308,True,,33807,,,-23.61795,-46.411443000000006,,,,2,2023-06-17T02:44:17+00:00
SAO_3739-10,São Paulo,3550308,True,,33807,,,-23.612344,-46.416132000000005,,,,2,2023-06-17T02:44:34+00:00
SAO_3739-10,São Paulo,3550308,True,,33807,,,-23.6121585,-46.416186499999995,,,,2,2023-06-17T02:44:38+00:00
SAO_978T-10,São Paulo,3550308,True,,33657,,,-23.461775000000003,-46.6876355,,,,2,2023-06-17T02:44:37+00:00
SAO_978T-10,São Paulo,3550308,True,,33657,,,-23.461403500000003,-46.687287,,,,2,2023-06-17T02:43:56+00:00
SAO_978T-10,São Paulo,3550308,True,,33657,,,-23.461289,-46.6872475,,,,2,2023-06-17T02:43:59+00:00
SAO_978T-10,São Paulo,3550308,True,,33657,,,-23.504980000000003,-46.68837975,,,,2,2023-06-17T02:44:20+00:00
SAO_978T-10,São Paulo,3550308,True,,33657,,,-23.501196625,-46.694360374999995,,,,2,2023-06-17T02:44:26+00:00
SAO_978T-10,São Paulo,3550308,True,,33657,,,-23.515559500000002,-46.6907665,,,,2,2023-06-17T02:44:37+00:00
SAO_978T-10,São Paulo,3550308,True,,33657,,,-23.5241095,-46.6842925,,,,2,2023-06-17T02:44:17+00:00
SAO_978T-10,São Paulo,3550308,True,,33657,,,-23.522478,-46.69588125,,,,2,2023-06-17T02:44:31+00:00
SAO_978T-10,São Paulo,3550308,True,,33657,,,-23.525571499999998,-46.6716545,,,,2,2023-06-17T02:44:23+00:00
SAO_978T-10,São Paulo,3550308,True,,33657,,,-23.4608575,-46.687422,,,,2,2023-06-17T02:44:17+00:00
SAO_978T-10,São Paulo,3550308,True,,33657,,,-23.522789500000002,-46.699253,,,,2,2023-06-17T02:43:58+00:00
SAO_978T-10,São Paulo,3550308,True,,33657,,,-23.45985725,-46.698544,,,,2,2023-06-17T02:44:30+00:00
SAO_978T-10,São Paulo,3550308,True,,33657,,,-23.461351,-46.6872735,,,,2,2023-06-17T02:44:28+00:00
SAO_978T-10,São Paulo,3550308,True,,33657,,,-23.5018265,-46.6948225,,,,2,2023-06-17T02:44:26+00:00
SAO_978T-10,São Paulo,3550308,True,,33657,,,-23.4820725,-46.6921595,,,,2,2023-06-17T02:44:29+00:00
SAO_978T-10,São Paulo,3550308,True,,33657,,,-23.522753375,-46.691829187500005,,,,2,2023-06-17T02:44:33+00:00
SAO_407I-10,São Paulo,3550308,True,,2222,,,-23.5458705,-46.47827675,,,,1,2023-06-17T02:43:29+00:00
SAO_407I-10,São Paulo,3550308,True,,2222,,,-23.5404725,-46.5751875,,,,1,2023-06-17T02:44:27+00:00
SAO_3161-10,São Paulo,3550308,True,,33852,,,-23.572439,-46.5818395,,,,2,2023-06-17T02:44:38+00:00
SAO_6099-10,São Paulo,3550308,True,,1587,,,-23.834362,-46.7305815,,,,1,2023-06-17T02:44:04+00:00
SAO_6099-10,São Paulo,3550308,True,,1587,,,-23.825266499999998,-46.7336795,,,,1,2023-06-17T02:44:04+00:00
SAO_6099-10,São Paulo,3550308,True,,1587,,,-23.7441015,-46.70459325,,,,1,2023-06-17T02:44:38+00:00
SAO_6099-10,São Paulo,3550308,False,,1587,,,-23.736292,-46.696856499999996,,,,1,2023-06-17T02:43:56+00:00
SAO_6099-10,São Paulo,3550308,True,,1587,,,-23.7934825,-46.729563999999996,,,,1,2023-06-17T02:44:05+00:00
SAO_8017-10,São Paulo,3550308,True,,1261,,,-23.447133,-46.727151500000005,,,,1,2023-06-17T02:44:11+00:00
SAO_8017-10,São Paulo,3550308,True,,1261,,,-23.438237,-46.746818000000005,,,,1,2023-06-17T02:44:37+00:00
SAO_8017-10,São Paulo,3550308,True,,1261,,,-23.437364000000002,-46.740235999999996,,,,1,2023-06-17T02:44:11+00:00
SAO_8017-10,São Paulo,3550308,True,,1261,,,-23.4854275,-46.7255765,,,,1,2023-06-17T02:44:21+00:00
SAO_8017-10,São Paulo,3550308,True,,1261,,,-23.438237,-46.746818000000005,,,,1,2023-06-17T02:44:11+00:00
SAO_6L11-10,São Paulo,3550308,True,,1167,,,-23.7673525,-46.650648125000004,,,,1,2023-06-17T02:43:59+00:00
SAO_6L11-10,São Paulo,3550308,True,,1167,,,-23.7552135,-46.6770055,,,,1,2023-06-17T02:44:07+00:00
SAO_6041-10,São Paulo,3550308,True,,1218,,,-23.6829464375,-46.7782746875,,,,1,2023-06-17T02:44:00+00:00
SAO_6041-10,São Paulo,3550308,True,,1218,,,-23.690493500000002,-46.780443,,,,1,2023-06-17T02:44:31+00:00
SAO_7009-10,São Paulo,3550308,True,,34719,,,-23.688845375,-46.77301675,,,,2,2023-06-17T02:43:57+00:00
SAO_4029-10,São Paulo,3550308,True,,1099,,,-23.6004835,-46.512254,,,,1,2023-06-17T02:44:11+00:00
SAO_4029-10,São Paulo,3550308,True,,1099,,,-23.608826,-46.5057555,,,,1,2023-06-17T02:44:40+00:00
SAO_4029-10,São Paulo,3550308,True,,1099,,,-23.614496,-46.500415000000004,,,,1,2023-06-17T02:44:16+00:00
SAO_4029-10,São Paulo,3550308,True,,1099,,,-23.611991500000002,-46.476893000000004,,,,1,2023-06-17T02:44:39+00:00
SAO_4029-10,São Paulo,3550308,True,,1099,,,-23.597398,-46.5229465,,,,1,2023-06-17T02:41:04+00:00
SAO_4029-10,São Paulo,3550308,True,,1099,,,-23.6101915,-46.480281500000004,,,,1,2023-06-17T02:44:14+00:00
SAO_6069-10,São Paulo,3550308,True,,33922,,,-23.7503355,-46.7102765,,,,2,2023-06-17T02:44:38+00:00
SAO_6069-10,São Paulo,3550308,True,,33922,,,-23.658554,-46.706269500000005,,,,2,2023-06-17T02:43:59+00:00
SAO_6069-10,São Paulo,3550308,True,,33922,,,-23.718679,-46.699015,,,,2,2023-06-17T02:44:39+00:00
SAO_6069-10,São Paulo,3550308,True,,33922,,,-23.745269,-46.6945675,,,,2,2023-06-17T02:44:23+00:00
SAO_5759-10,São Paulo,3550308,True,,1138,,,-23.6532,-46.648384,,,,1,2023-06-17T02:44:10+00:00
SAO_5759-10,São Paulo,3550308,True,,1138,,,-23.6743265,-46.6630485,,,,1,2023-06-17T02:44:32+00:00
SAO_637P-10,São Paulo,3550308,True,,32815,,,-23.567620499999997,-46.6955405,,,,2,2023-06-17T02:44:15+00:00
SAO_637P-10,São Paulo,3550308,True,,32815,,,-23.653906999999997,-46.710535500000006,,,,2,2023-06-17T02:44:28+00:00
SAO_637P-10,São Paulo,3550308,True,,32815,,,-23.566628,-46.701685499999996,,,,2,2023-06-17T02:44:24+00:00
SAO_637P-10,São Paulo,3550308,True,,32815,,,-23.566628,-46.701685499999996,,,,2,2023-06-17T02:44:38+00:00
SAO_637P-10,São Paulo,3550308,True,,32815,,,-23.6304305,-46.690352000000004,,,,2,2023-06-17T02:43:58+00:00
SAO_637P-10,São Paulo,3550308,True,,32815,,,-23.603730125,-46.674846125,,,,2,2023-06-17T02:41:35+00:00
SAO_7001-10,São Paulo,3550308,True,,1722,,,-23.7247405,-46.7552985,,,,1,2023-06-17T02:38:26+00:00
SAO_7001-10,São Paulo,3550308,True,,1722,,,-23.72059625,-46.76496125,,,,1,2023-06-17T02:44:23+00:00
SAO_7001-10,São Paulo,3550308,True,,1722,,,-23.7247405,-46.7552985,,,,1,2023-06-17T02:44:06+00:00
SAO_7001-10,São Paulo,3550308,True,,1722,,,-23.680203499999998,-46.768854000000005,,,,1,2023-06-17T02:44:33+00:00
SAO_7001-10,São Paulo,3550308,True,,1722,,,-23.684392000000003,-46.7699455,,,,1,2023-06-17T02:44:13+00:00
SAO_7001-10,São Paulo,3550308,True,,1722,,,-23.693795,-46.779597499999994,,,,1,2023-06-17T02:44:36+00:00
SAO_7001-10,São Paulo,3550308,True,,1722,,,-23.703879,-46.7838305,,,,1,2023-06-17T02:43:56+00:00
SAO_6820-10,São Paulo,3550308,True,,32787,,,-23.658020999999998,-46.7897125,,,,2,2023-06-17T02:44:38+00:00
SAO_6820-10,São Paulo,3550308,True,,32787,,,-23.659737,-46.788748999999996,,,,2,2023-06-17T02:44:39+00:00
SAO_6820-10,São Paulo,3550308,True,,32787,,,-23.6673555,-46.787695,,,,2,2023-06-17T02:44:37+00:00
SAO_6820-10,São Paulo,3550308,True,,32787,,,-23.658609,-46.78921425,,,,2,2023-06-17T02:44:02+00:00
SAO_3787-10,São Paulo,3550308,True,,34380,,,-23.556459625000002,-46.448355,,,,2,2023-06-17T02:44:22+00:00
SAO_3787-10,São Paulo,3550308,True,,34380,,,-23.5881605,-46.409987,,,,2,2023-06-17T02:44:34+00:00
SAO_3787-10,São Paulo,3550308,True,,34380,,,-23.60156875,-46.398831,,,,2,2023-06-17T02:44:26+00:00
SAO_3787-10,São Paulo,3550308,True,,34380,,,-23.589340999999997,-46.408477,,,,2,2023-06-17T02:44:33+00:00
SAO_3787-10,São Paulo,3550308,True,,34380,,,-23.60156875,-46.398831,,,,2,2023-06-17T02:44:03+00:00
SAO_3787-10,São Paulo,3550308,True,,34380,,,-23.60156875,-46.398831,,,,2,2023-06-17T02:44:19+00:00
SAO_3787-10,São Paulo,3550308,True,,34380,,,-23.60156875,-46.398831,,,,2,2023-06-17T02:43:58+00:00
SAO_3787-10,São Paulo,3550308,True,,34380,,,-23.594728,-46.443507,,,,2,2023-06-17T02:44:02+00:00
SAO_6726-10,São Paulo,3550308,True,,1193,,,-23.752082,-46.688387500000005,,,,1,2023-06-17T02:44:02+00:00
SAO_6726-10,São Paulo,3550308,True,,1193,,,-23.756133,-46.670577,,,,1,2023-06-17T02:44:15+00:00
SAO_6726-10,São Paulo,3550308,True,,1193,,,-23.73467,-46.66268825,,,,1,2023-06-17T02:44:13+00:00
SAO_6726-10,São Paulo,3550308,True,,1193,,,-23.73467,-46.66268825,,,,1,2023-06-17T02:44:30+00:00
SAO_6726-10,São Paulo,3550308,True,,1193,,,-23.74459025,-46.669951375,,,,1,2023-06-17T02:43:56+00:00
SAO_6726-10,São Paulo,3550308,True,,1193,,,-23.736596499999997,-46.6971045,,,,1,2023-06-17T02:43:41+00:00
SAO_6726-10,São Paulo,3550308,True,,1193,,,-23.736596499999997,-46.6971045,,,,1,2023-06-17T02:44:36+00:00
SAO_6726-10,São Paulo,3550308,True,,1193,,,-23.745821,-46.6888335,,,,1,2023-06-17T02:44:27+00:00
SAO_6726-10,São Paulo,3550308,True,,1193,,,-23.736596499999997,-46.6971045,,,,1,2023-06-17T02:44:20+00:00
SAO_6726-10,São Paulo,3550308,True,,1193,,,-23.736596499999997,-46.6971045,,,,1,2023-06-17T02:43:57+00:00
SAO_6726-10,São Paulo,3550308,True,,1193,,,-23.73608675,-46.694618500000004,,,,1,2023-06-17T02:44:00+00:00
SAO_8002-10,São Paulo,3550308,True,,34020,,,-23.517798499999998,-46.704445,,,,2,2023-06-17T02:44:40+00:00
SAO_8002-10,São Paulo,3550308,True,,34020,,,-23.48722275,-46.726573,,,,2,2023-06-17T02:44:36+00:00
SAO_4732-31,São Paulo,3550308,True,,34895,,,-23.623308,-46.6299875,,,,2,2023-06-17T02:44:21+00:00
SAO_4732-31,São Paulo,3550308,True,,34895,,,-23.63925375,-46.596825,,,,2,2023-06-17T02:44:16+00:00
SAO_4732-31,São Paulo,3550308,True,,34895,,,-23.64795125,-46.6013665,,,,2,2023-06-17T02:44:19+00:00
SAO_4732-31,São Paulo,3550308,True,,34895,,,-23.650269,-46.596633,,,,2,2023-06-17T02:42:17+00:00
SAO_4732-31,São Paulo,3550308,True,,34895,,,-23.647517999999998,-46.6006515,,,,2,2023-06-17T02:33:07+00:00
SAO_746K-10,São Paulo,3550308,True,STT,787,https://moovitapp.com/index/pt-br/transporte_p%C3%BAblico-line-787-Sao_Paulo-242-850661-183355-0,5.3,-23.614778,-46.6810075,,,,1,2023-06-17T02:43:59+00:00
SAO_746K-10,São Paulo,3550308,True,STT,787,https://moovitapp.com/index/pt-br/transporte_p%C3%BAblico-line-787-Sao_Paulo-242-850661-183355-0,5.3,-23.617621500000002,-46.68712225,,,,1,2023-06-17T02:44:39+00:00
SAO_9701-10,São Paulo,3550308,True,,569,,,-23.4765885,-46.6674915,,,,1,2023-06-17T02:44:10+00:00
SAO_9701-10,São Paulo,3550308,True,,569,,,-23.4816705,-46.6731425,,,,1,2023-06-17T02:44:18+00:00
SAO_4003-10,São Paulo,3550308,True,,2159,,,-23.5326925,-46.433497,,,,1,2023-06-17T02:44:11+00:00
SAO_4003-10,São Paulo,3550308,True,,2159,,,-23.56795,-46.402546,,,,1,2023-06-17T02:43:55+00:00
SAO_715M-10,São Paulo,3550308,True,,33258,,,-23.561223,-46.6566225,,,,2,2023-06-17T02:44:05+00:00
SAO_715M-10,São Paulo,3550308,True,,33258,,,-23.562227,-46.6448845,,,,2,2023-06-17T02:44:06+00:00
SAO_715M-10,São Paulo,3550308,True,,33258,,,-23.582815500000002,-46.761689000000004,,,,2,2023-06-17T02:44:01+00:00
SAO_715M-10,São Paulo,3550308,True,,33258,,,-23.57225625,-46.7011325,,,,2,2023-06-17T02:44:24+00:00
SAO_715M-10,São Paulo,3550308,True,,33258,,,-23.5566095,-46.634146,,,,2,2023-06-17T02:44:25+00:00
SAO_715M-10,São Paulo,3550308,True,,33258,,,-23.5747575,-46.73951625,,,,2,2023-06-17T02:44:16+00:00
SAO_715M-10,São Paulo,3550308,True,,33258,,,-23.583049,-46.761895499999994,,,,2,2023-06-17T02:43:56+00:00
SAO_715M-10,São Paulo,3550308,True,,33258,,,-23.585269,-46.760549,,,,2,2023-06-17T02:44:28+00:00
SAO_407P-10,São Paulo,3550308,True,,2200,,,-23.535746,-46.49264875,,,,1,2023-06-17T02:44:23+00:00
SAO_407P-10,São Paulo,3550308,True,,2200,,,-23.540786562500003,-46.5767406875,,,,1,2023-06-17T02:43:55+00:00
SAO_407P-10,São Paulo,3550308,True,,2200,,,-23.53329625,-46.53990725,,,,1,2023-06-17T02:44:10+00:00
SAO_407P-10,São Paulo,3550308,True,,2200,,,-23.53658425,-46.4552265,,,,1,2023-06-17T02:44:21+00:00
SAO_407P-10,São Paulo,3550308,True,,2200,,,-23.5336985,-46.541748999999996,,,,1,2023-06-17T02:44:19+00:00
SAO_407P-10,São Paulo,3550308,True,,2200,,,-23.542288,-46.41069675,,,,1,2023-06-17T02:44:00+00:00
SAO_407P-10,São Paulo,3550308,True,,2200,,,-23.542432,-46.41032225,,,,1,2023-06-17T02:44:14+00:00
SAO_407P-10,São Paulo,3550308,True,,2200,,,-23.570022,-46.415741499999996,,,,1,2023-06-17T02:44:35+00:00
SAO_6014-10,São Paulo,3550308,True,,32956,,,-23.742814499999998,-46.80108325,,,,2,2023-06-17T02:44:17+00:00
SAO_6014-10,São Paulo,3550308,True,,32956,,,-23.723031499999998,-46.785344499999994,,,,2,2023-06-17T02:44:38+00:00
SAO_6014-10,São Paulo,3550308,True,,32956,,,-23.675985750000002,-46.757306,,,,2,2023-06-17T02:44:01+00:00
SAO_6014-10,São Paulo,3550308,True,,32956,,,-23.688399500000003,-46.77262075,,,,2,2023-06-17T02:43:59+00:00
SAO_6014-10,São Paulo,3550308,True,,32956,,,-23.670758499999998,-46.739941,,,,2,2023-06-17T02:44:18+00:00
SAO_6014-10,São Paulo,3550308,True,,32956,,,-23.742814499999998,-46.80108325,,,,2,2023-06-17T02:44:11+00:00
SAO_9300-10,São Paulo,3550308,True,EMTU,116,https://moovitapp.com/index/pt-br/transporte_p%C3%BAblico-line-116-Sao_Paulo-242-2038937-36419276-0,12.1,-23.5148335,-46.666761,,,,1,2023-06-17T02:44:00+00:00
SAO_9300-10,São Paulo,3550308,True,EMTU,116,https://moovitapp.com/index/pt-br/transporte_p%C3%BAblico-line-116-Sao_Paulo-242-2038937-36419276-0,12.1,-23.549802999999997,-46.640493500000005,,,,1,2023-06-17T02:44:21+00:00
SAO_9300-10,São Paulo,3550308,True,EMTU,116,https://moovitapp.com/index/pt-br/transporte_p%C3%BAblico-line-116-Sao_Paulo-242-2038937-36419276-0,12.1,-23.5458935,-46.631106,,,,1,2023-06-17T02:44:10+00:00
SAO_6003-21,São Paulo,3550308,True,,2576,,,-23.766613,-46.71643,,,,1,2023-06-17T02:44:18+00:00
SAO_6003-21,São Paulo,3550308,True,,2576,,,-23.7643965,-46.716282500000005,,,,1,2023-06-17T02:44:36+00:00
SAO_6002-10,São Paulo,3550308,True,,34747,,,-23.6857635,-46.6808705,,,,2,2023-06-17T02:44:37+00:00
SAO_9653-10,São Paulo,3550308,True,EMTU,588,https://moovitapp.com/index/pt-br/transporte_p%C3%BAblico-line-588-Sao_Paulo-242-2038937-36419575-0,7.55,-23.543011,-46.637326,,,,1,2023-06-17T02:44:25+00:00
SAO_9653-10,São Paulo,3550308,True,EMTU,588,https://moovitapp.com/index/pt-br/transporte_p%C3%BAblico-line-588-Sao_Paulo-242-2038937-36419575-0,7.55,-23.4578955,-46.642895499999995,,,,1,2023-06-17T02:44:33+00:00
SAO_9653-10,São Paulo,3550308,True,EMTU,588,https://moovitapp.com/index/pt-br/transporte_p%C3%BAblico-line-588-Sao_Paulo-242-2038937-36419575-0,7.55,-23.469587500000003,-46.6649085,,,,1,2023-06-17T02:44:32+00:00
SAO_9653-10,São Paulo,3550308,True,EMTU,588,https://moovitapp.com/index/pt-br/transporte_p%C3%BAblico-line-588-Sao_Paulo-242-2038937-36419575-0,7.55,-23.469587500000003,-46.6649085,,,,1,2023-06-17T02:44:09+00:00
SAO_9653-10,São Paulo,3550308,True,EMTU,588,https://moovitapp.com/index/pt-br/transporte_p%C3%BAblico-line-588-Sao_Paulo-242-2038937-36419575-0,7.55,-23.4933005,-46.678713,,,,1,2023-06-17T02:44:16+00:00
SAO_9653-10,São Paulo,3550308,True,EMTU,588,https://moovitapp.com/index/pt-br/transporte_p%C3%BAblico-line-588-Sao_Paulo-242-2038937-36419575-0,7.55,-23.461464999999997,-46.65011075,,,,1,2023-06-17T02:44:20+00:00
SAO_8027-10,São Paulo,3550308,True,,34930,,,-23.5655265,-46.7611225,,,,2,2023-06-17T02:44:33+00:00
SAO_8027-10,São Paulo,3550308,True,,34930,,,-23.568452999999998,-46.765302,,,,2,2023-06-17T02:44:25+00:00
SAO_577T-10,São Paulo,3550308,True,,34059,,,-23.6115255,-46.637976249999994,,,,2,2023-06-17T02:43:57+00:00
SAO_577T-10,São Paulo,3550308,True,,34059,,,-23.6857025,-46.637755999999996,,,,2,2023-06-17T02:44:24+00:00
SAO_577T-10,São Paulo,3550308,True,,34059,,,-23.685834,-46.637785,,,,2,2023-06-17T02:42:51+00:00
SAO_577T-10,São Paulo,3550308,True,,34059,,,-23.6855415,-46.637704,,,,2,2023-06-17T02:43:59+00:00
SAO_577T-10,São Paulo,3550308,True,,34059,,,-23.688633000000003,-46.638399750000005,,,,2,2023-06-17T02:44:28+00:00
SAO_577T-10,São Paulo,3550308,True,,34059,,,-23.6601195,-46.662659,,,,2,2023-06-17T02:44:27+00:00
SAO_577T-10,São Paulo,3550308,True,,34059,,,-23.685989,-46.637835,,,,2,2023-06-17T02:43:57+00:00
SAO_209P-1,São Paulo,3550308,True,,2301,,,-23.5428,-46.67654775,,,,1,2023-06-17T02:44:01+00:00
SAO_209P-1,São Paulo,3550308,True,,2301,,,-23.47152125,-46.67050425,,,,1,2023-06-17T02:44:28+00:00
SAO_209P-1,São Paulo,3550308,True,,2301,,,-23.56534875,-46.69745825,,,,1,2023-06-17T02:44:19+00:00
SAO_209P-1,São Paulo,3550308,True,,2301,,,-23.4705675,-46.6705775,,,,1,2023-06-17T02:44:07+00:00
SAO_1771-10,São Paulo,3550308,True,,33402,,,-23.4308155,-46.574727499999995,,,,2,2023-06-17T02:44:09+00:00
SAO_1771-10,São Paulo,3550308,True,,33402,,,-23.492759,-46.6236425,,,,2,2023-06-17T02:44:09+00:00
SAO_1771-10,São Paulo,3550308,True,,33402,,,-23.440870500000003,-46.58797199999999,,,,2,2023-06-17T02:44:32+00:00
SAO_1771-10,São Paulo,3550308,True,,33402,,,-23.502628,-46.623847,,,,2,2023-06-17T02:44:20+00:00
SAO_1771-10,São Paulo,3550308,True,,33402,,,-23.430906,-46.574909,,,,2,2023-06-17T02:44:22+00:00
SAO_1771-10,São Paulo,3550308,True,,33402,,,-23.4308,-46.5751545,,,,2,2023-06-17T02:43:58+00:00
SAO_6835-31,São Paulo,3550308,True,,34175,,,-23.6884105,-46.800267500000004,,,,2,2023-06-17T02:43:59+00:00
SAO_6835-31,São Paulo,3550308,True,,34175,,,-23.6886455,-46.79316325,,,,2,2023-06-17T02:44:14+00:00
SAO_6835-31,São Paulo,3550308,True,,34175,,,-23.65826975,-46.76510825,,,,2,2023-06-17T02:43:59+00:00
SAO_6835-31,São Paulo,3550308,True,,34175,,,-23.6657115,-46.7709265,,,,2,2023-06-17T02:44:07+00:00
SAO_273N-10,São Paulo,3550308,True,,33158,,,-23.504527500000002,-46.367281,,,,2,2023-06-17T02:44:07+00:00
SAO_273N-10,São Paulo,3550308,True,,33158,,,-23.5154165,-46.455321,,,,2,2023-06-17T02:41:45+00:00
SAO_273N-10,São Paulo,3550308,True,,33158,,,-23.506556,-46.386415,,,,2,2023-06-17T02:44:31+00:00
SAO_273N-10,São Paulo,3550308,True,,33158,,,-23.5046015,-46.367096,,,,2,2023-06-17T02:44:16+00:00
SAO_273N-10,São Paulo,3550308,True,,33158,,,-23.508803,-46.372744999999995,,,,2,2023-06-17T02:41:26+00:00
SAO_273N-10,São Paulo,3550308,True,,33158,,,-23.5117215,-46.502249000000006,,,,2,2023-06-17T02:44:28+00:00
SAO_273N-10,São Paulo,3550308,True,,33158,,,-23.504527500000002,-46.367281,,,,2,2023-06-17T02:44:15+00:00
SAO_2017-10,São Paulo,3550308,True,,903,,,-23.510742,-46.4163915,,,,1,2023-06-17T02:44:06+00:00
SAO_2017-10,São Paulo,3550308,True,,903,,,-23.4942435,-46.4390015,,,,1,2023-06-17T02:44:08+00:00
SAO_2017-10,São Paulo,3550308,True,,903,,,-23.494554,-46.42565275,,,,1,2023-06-17T02:44:18+00:00
SAO_2017-10,São Paulo,3550308,True,,903,,,-23.5195115,-46.4125905,,,,1,2023-06-17T02:44:16+00:00
SAO_6017-10,São Paulo,3550308,True,,1206,,,-23.646524499999998,-46.704567999999995,,,,1,2023-06-17T02:44:00+00:00
SAO_6017-10,São Paulo,3550308,True,,1206,,,-23.696789,-46.777336000000005,,,,1,2023-06-17T02:44:23+00:00
SAO_6017-10,São Paulo,3550308,True,,1206,,,-23.675495249999997,-46.755779000000004,,,,1,2023-06-17T02:44:38+00:00
SAO_6017-10,São Paulo,3550308,True,,1206,,,-23.662225499999998,-46.706393500000004,,,,1,2023-06-17T02:44:19+00:00
SAO_5036-10,São Paulo,3550308,True,,34434,,,-23.621902,-46.601959,,,,2,2023-06-17T02:44:05+00:00
SAO_971A-10,São Paulo,3550308,True,,33426,,,-23.486410499999998,-46.680132,,,,2,2023-06-17T02:44:36+00:00
SAO_971A-10,São Paulo,3550308,True,,33426,,,-23.50025125,-46.63437975,,,,2,2023-06-17T02:44:14+00:00
SAO_971A-10,São Paulo,3550308,True,,33426,,,-23.486301,-46.680533,,,,2,2023-06-17T02:44:11+00:00
SAO_971A-10,São Paulo,3550308,True,,33426,,,-23.486426,-46.680797,,,,2,2023-06-17T02:44:27+00:00
SAO_971A-10,São Paulo,3550308,True,,33426,,,-23.496061249999997,-46.660341125,,,,2,2023-06-17T02:44:31+00:00
SAO_971A-10,São Paulo,3550308,True,,33426,,,-23.486307,-46.680385,,,,2,2023-06-17T02:44:18+00:00
SAO_2203-10,São Paulo,3550308,True,,911,,,-23.521818,-46.515618,,,,1,2023-06-17T02:44:31+00:00
SAO_2203-10,São Paulo,3550308,True,,911,,,-23.522354125,-46.497874499999995,,,,1,2023-06-17T02:44:27+00:00
SAO_2203-10,São Paulo,3550308,True,,911,,,-23.5252735,-46.541793999999996,,,,1,2023-06-17T02:44:27+00:00
SAO_2203-10,São Paulo,3550308,True,,911,,,-23.5252735,-46.541793999999996,,,,1,2023-06-17T02:43:56+00:00
SAO_2104-10,São Paulo,3550308,True,,2255,,,-23.546565,-46.630926,,,,1,2023-06-17T02:44:21+00:00
SAO_2104-10,São Paulo,3550308,True,,2255,,,-23.502102999999998,-46.624000499999994,,,,1,2023-06-17T02:44:21+00:00
SAO_2104-10,São Paulo,3550308,True,,2255,,,-23.503476,-46.6249045,,,,1,2023-06-17T02:44:39+00:00
SAO_4013-10,São Paulo,3550308,True,,2186,,,-23.611989,-46.473779,,,,1,2023-06-17T02:44:01+00:00
SAO_4013-10,São Paulo,3550308,True,,2186,,,-23.6353085,-46.443883,,,,1,2023-06-17T02:43:56+00:00
SAO_4013-10,São Paulo,3550308,True,,2186,,,-23.62961575,-46.44387475,,,,1,2023-06-17T02:44:30+00:00
SAO_2201-10,São Paulo,3550308,True,,33677,,,-23.5390525,-46.4079415,,,,2,2023-06-17T02:44:31+00:00
SAO_2201-10,São Paulo,3550308,True,,33677,,,-23.533054999999997,-46.39453999999999,,,,2,2023-06-17T02:44:03+00:00
SAO_2201-10,São Paulo,3550308,True,,33677,,,-23.541739999999997,-46.4162575,,,,2,2023-06-17T02:44:15+00:00
SAO_8009-10,São Paulo,3550308,True,,1259,,,-23.447772999999998,-46.7428625,,,,1,2023-06-17T02:44:29+00:00
SAO_312N-10,São Paulo,3550308,True,,33758,,,-23.51918,-46.412904,,,,2,2023-06-17T02:44:16+00:00
SAO_312N-10,São Paulo,3550308,True,,33758,,,-23.5591595,-46.402972500000004,,,,2,2023-06-17T02:44:20+00:00
SAO_312N-10,São Paulo,3550308,True,,33758,,,-23.491016,-46.441969,,,,2,2023-06-17T02:44:24+00:00
SAO_312N-10,São Paulo,3550308,True,,33758,,,-23.494073,-46.42013875,,,,2,2023-06-17T02:43:49+00:00
SAO_312N-10,São Paulo,3550308,True,,33758,,,-23.509922000000003,-46.411638499999995,,,,2,2023-06-17T02:44:00+00:00
SAO_312N-10,São Paulo,3550308,True,,33758,,,-23.491016,-46.441969,,,,2,2023-06-17T02:44:28+00:00
SAO_312N-10,São Paulo,3550308,True,,33758,,,-23.582032749999996,-46.410213375000005,,,,2,2023-06-17T02:44:18+00:00
SAO_312N-10,São Paulo,3550308,True,,33758,,,-23.5427145,-46.4149935,,,,2,2023-06-17T02:44:10+00:00
SAO_312N-10,São Paulo,3550308,True,,33758,,,-23.491016,-46.441969,,,,2,2023-06-17T02:44:34+00:00
SAO_312N-10,São Paulo,3550308,True,,33758,,,-23.56064925,-46.408593749999994,,,,2,2023-06-17T02:44:03+00:00
SAO_312N-10,São Paulo,3550308,True,,33758,,,-23.56427,-46.412958,,,,2,2023-06-17T02:44:12+00:00
SAO_3762-10,São Paulo,3550308,True,,33821,,,-23.591546,-46.5161705,,,,2,2023-06-17T02:44:40+00:00
SAO_3762-10,São Paulo,3550308,True,,33821,,,-23.546639499999998,-46.558061,,,,2,2023-06-17T02:44:29+00:00
SAO_3762-10,São Paulo,3550308,True,,33821,,,-23.5909755,-46.5166185,,,,2,2023-06-17T02:44:39+00:00
SAO_3762-10,São Paulo,3550308,True,,33821,,,-23.590684625,-46.516701874999995,,,,2,2023-06-17T02:44:32+00:00
SAO_3762-10,São Paulo,3550308,True,,33821,,,-23.5730085,-46.5334985,,,,2,2023-06-17T02:44:01+00:00
SAO_3762-10,São Paulo,3550308,True,,33821,,,-23.591227,-46.516443499999994,,,,2,2023-06-17T02:44:15+00:00
SAO_3762-10,São Paulo,3550308,True,,33821,,,-23.55147925,-46.55122375,,,,2,2023-06-17T02:44:23+00:00
SAO_3762-10,São Paulo,3550308,True,,33821,,,-23.540841,-46.575876,,,,2,2023-06-17T02:44:13+00:00
SAO_3762-10,São Paulo,3550308,True,,33821,,,-23.5909755,-46.5166185,,,,2,2023-06-17T02:44:08+00:00
SAO_3762-10,São Paulo,3550308,True,,33821,,,-23.591227,-46.516443499999994,,,,2,2023-06-17T02:44:08+00:00
SAO_3762-10,São Paulo,3550308,True,,33821,,,-23.591227,-46.516443499999994,,,,2,2023-06-17T02:42:49+00:00
SAO_809P-10,São Paulo,3550308,True,,34659,,,-23.571602375,-46.696492875000004,,,,2,2023-06-17T02:44:09+00:00
SAO_809P-10,São Paulo,3550308,True,,34659,,,-23.631579000000002,-46.772447,,,,2,2023-06-17T02:44:35+00:00
SAO_809P-10,São Paulo,3550308,True,,34659,,,-23.6181825,-46.7585295,,,,2,2023-06-17T02:44:34+00:00
SAO_809P-10,São Paulo,3550308,True,,34659,,,-23.602195000000002,-46.7439875,,,,2,2023-06-17T02:44:24+00:00
SAO_809P-10,São Paulo,3550308,True,,34659,,,-23.6312955,-46.773033999999996,,,,2,2023-06-17T02:44:03+00:00
SAO_809P-10,São Paulo,3550308,True,,34659,,,-23.567645875,-46.6976115,,,,2,2023-06-17T02:44:19+00:00
SAO_809P-10,São Paulo,3550308,True,,34659,,,-23.6313825,-46.77286,,,,2,2023-06-17T02:43:58+00:00
SAO_809P-10,São Paulo,3550308,True,,34659,,,-23.626731250000002,-46.766326,,,,2,2023-06-17T02:44:10+00:00
SAO_2006-10,São Paulo,3550308,True,,33663,,,-23.510832999999998,-46.366727,,,,2,2023-06-17T02:39:48+00:00
SAO_2006-10,São Paulo,3550308,True,,33663,,,-23.49570575,-46.40098424999999,,,,2,2023-06-17T02:44:22+00:00
SAO_2006-10,São Paulo,3550308,True,,33663,,,-23.4918575,-46.3875085,,,,2,2023-06-17T02:44:19+00:00
SAO_2006-10,São Paulo,3550308,True,,33663,,,-23.495334999999997,-46.372143,,,,2,2023-06-17T02:44:30+00:00
SAO_7049-10,São Paulo,3550308,True,,1912,,,-23.6812185,-46.774499000000006,,,,1,2023-06-17T02:44:20+00:00
SAO_7049-10,São Paulo,3550308,True,,1912,,,-23.694651,-46.779804999999996,,,,1,2023-06-17T02:44:18+00:00
SAO_7049-10,São Paulo,3550308,True,,1912,,,-23.643524499999998,-46.779653749999994,,,,1,2023-06-17T02:44:13+00:00
SAO_7049-10,São Paulo,3550308,True,,1912,,,-23.67590625,-46.782557749999995,,,,1,2023-06-17T02:37:06+00:00
SAO_7049-10,São Paulo,3550308,True,,1912,,,-23.712097,-46.780031375,,,,1,2023-06-17T02:44:40+00:00
SAO_4020-10,São Paulo,3550308,True,,35298,,,-23.534503,-46.453302,,,,2,2023-06-17T02:44:06+00:00
SAO_4020-10,São Paulo,3550308,True,,35298,,,-23.564302750000003,-46.4462245,,,,2,2023-06-17T02:44:27+00:00
SAO_4020-10,São Paulo,3550308,True,,35298,,,-23.535082000000003,-46.454484,,,,2,2023-06-17T02:44:04+00:00
SAO_8199-10,São Paulo,3550308,True,EMTU,807,https://moovitapp.com/index/pt-br/transporte_p%C3%BAblico-line-807-Sao_Paulo-242-2038937-36419583-0,7.8,-23.4840795,-46.7406895,,,,1,2023-06-17T02:44:07+00:00
SAO_8199-10,São Paulo,3550308,True,EMTU,807,https://moovitapp.com/index/pt-br/transporte_p%C3%BAblico-line-807-Sao_Paulo-242-2038937-36419583-0,7.8,-23.496764,-46.7125195,,,,1,2023-06-17T02:44:16+00:00
SAO_8199-10,São Paulo,3550308,True,EMTU,807,https://moovitapp.com/index/pt-br/transporte_p%C3%BAblico-line-807-Sao_Paulo-242-2038937-36419583-0,7.8,-23.481733,-46.684402750000004,,,,1,2023-06-17T02:44:05+00:00
SAO_8199-10,São Paulo,3550308,True,EMTU,807,https://moovitapp.com/index/pt-br/transporte_p%C3%BAblico-line-807-Sao_Paulo-242-2038937-36419583-0,7.8,-23.469164499999998,-46.751718,,,,1,2023-06-17T02:44:10+00:00
SAO_8199-10,São Paulo,3550308,True,EMTU,807,https://moovitapp.com/index/pt-br/transporte_p%C3%BAblico-line-807-Sao_Paulo-242-2038937-36419583-0,7.8,-23.4763665,-46.667559,,,,1,2023-06-17T02:44:06+00:00
SAO_3791-10,São Paulo,3550308,True,,1069,,,-23.5419325,-46.484893125,,,,1,2023-06-17T02:44:13+00:00
SAO_3791-10,São Paulo,3550308,True,,1069,,,-23.55388275,-46.51327675,,,,1,2023-06-17T02:43:54+00:00
SAO_6291-10,São Paulo,3550308,True,EMTU,358,https://moovitapp.com/index/pt-br/transporte_p%C3%BAblico-line-358-Sao_Paulo-242-2038937-36419439-0,4.8,-23.6269815,-46.7241035,,,,1,2023-06-17T02:44:23+00:00
SAO_6291-10,São Paulo,3550308,True,EMTU,358,https://moovitapp.com/index/pt-br/transporte_p%C3%BAblico-line-358-Sao_Paulo-242-2038937-36419439-0,4.8,-23.556402750000004,-46.650831749999995,,,,1,2023-06-17T02:44:31+00:00
SAO_6291-10,São Paulo,3550308,True,EMTU,358,https://moovitapp.com/index/pt-br/transporte_p%C3%BAblico-line-358-Sao_Paulo-242-2038937-36419439-0,4.8,-23.64454875,-46.764098000000004,,,,1,2023-06-17T02:44:33+00:00
SAO_6291-10,São Paulo,3550308,True,EMTU,358,https://moovitapp.com/index/pt-br/transporte_p%C3%BAblico-line-358-Sao_Paulo-242-2038937-36419439-0,4.8,-23.643299499999998,-46.765406,,,,1,2023-06-17T02:44:14+00:00
SAO_6291-10,São Paulo,3550308,True,EMTU,358,https://moovitapp.com/index/pt-br/transporte_p%C3%BAblico-line-358-Sao_Paulo-242-2038937-36419439-0,4.8,-23.615524,-46.7132745,,,,1,2023-06-17T02:44:23+00:00
SAO_1742-10,São Paulo,3550308,True,,33310,,,-23.467060500000002,-46.639506,,,,2,2023-06-17T02:44:05+00:00
SAO_1742-10,São Paulo,3550308,True,,33310,,,-23.4571605,-46.6597545,,,,2,2023-06-17T02:44:28+00:00
SAO_1742-10,São Paulo,3550308,True,,33310,,,-23.457126,-46.65923775,,,,2,2023-06-17T02:44:13+00:00
SAO_1742-10,São Paulo,3550308,True,,33310,,,-23.457126,-46.65923775,,,,2,2023-06-17T02:44:36+00:00
SAO_1742-10,São Paulo,3550308,True,,33310,,,-23.46433675,-46.65358325,,,,2,2023-06-17T02:44:23+00:00
SAO_1742-10,São Paulo,3550308,True,,33310,,,-23.502429499999998,-46.624207,,,,2,2023-06-17T02:44:34+00:00
SAO_637P-10,São Paulo,3550308,True,,47,,,-23.585045,-46.670448,,,,1,2023-06-17T02:44:27+00:00
SAO_637P-10,São Paulo,3550308,True,,47,,,-23.630678500000002,-46.690394,,,,1,2023-06-17T02:44:40+00:00
SAO_637P-10,São Paulo,3550308,True,,47,,,-23.5658305,-46.701625500000006,,,,1,2023-06-17T02:44:12+00:00
SAO_637P-10,São Paulo,3550308,True,,47,,,-23.585817249999998,-46.67914675,,,,1,2023-06-17T02:44:02+00:00
SAO_637P-10,São Paulo,3550308,True,,47,,,-23.566328499999997,-46.7019335,,,,1,2023-06-17T02:44:07+00:00
SAO_637P-10,São Paulo,3550308,True,,47,,,-23.6541465,-46.711351,,,,1,2023-06-17T02:44:00+00:00
SAO_637P-10,São Paulo,3550308,True,,47,,,-23.6541465,-46.711351,,,,1,2023-06-17T02:44:26+00:00
SAO_3722-10,São Paulo,3550308,True,,1020,,,-23.554779500000002,-46.4416835,,,,1,2023-06-17T02:44:26+00:00
SAO_3722-10,São Paulo,3550308,True,,1020,,,-23.5491345,-46.5069445,,,,1,2023-06-17T02:43:57+00:00
SAO_4115-10,São Paulo,3550308,True,,33090,,,-23.62159825,-46.62854025,,,,2,2023-06-17T02:44:15+00:00
SAO_4115-10,São Paulo,3550308,True,,33090,,,-23.56084,-46.629335,,,,2,2023-06-17T02:44:17+00:00
SAO_4115-10,São Paulo,3550308,True,,33090,,,-23.62159825,-46.62854025,,,,2,2023-06-17T02:44:07+00:00
SAO_5702-10,São Paulo,3550308,True,,1137,,,-23.6596485,-46.636381625,,,,1,2023-06-17T02:43:53+00:00
SAO_5702-10,São Paulo,3550308,True,,1137,,,-23.694523,-46.642109500000004,,,,1,2023-06-17T02:44:06+00:00
SAO_5702-10,São Paulo,3550308,True,,1137,,,-23.698729999999998,-46.6457525,,,,1,2023-06-17T02:44:36+00:00
SAO_5702-10,São Paulo,3550308,True,,1137,,,-23.688341,-46.63870525,,,,1,2023-06-17T02:44:27+00:00
SAO_5144-10,São Paulo,3550308,True,,34395,,,-23.6148035,-46.5002005,,,,2,2023-06-17T02:44:09+00:00
SAO_5144-10,São Paulo,3550308,True,,34395,,,-23.535431,-46.62722525,,,,2,2023-06-17T02:43:56+00:00
SAO_5144-10,São Paulo,3550308,True,,34395,,,-23.601635625,-46.511335,,,,2,2023-06-17T02:44:29+00:00
SAO_5144-10,São Paulo,3550308,True,,34395,,,-23.602894999999997,-46.510341499999996,,,,2,2023-06-17T02:44:32+00:00
SAO_5318-10,São Paulo,3550308,True,,45,,,-23.6079315,-46.666180999999995,,,,1,2023-06-17T02:44:28+00:00
SAO_5318-10,São Paulo,3550308,True,,45,,,-23.636120625,-46.714565750000006,,,,1,2023-06-17T02:43:56+00:00
SAO_5318-10,São Paulo,3550308,True,,45,,,-23.57136075,-46.640829499999995,,,,1,2023-06-17T02:44:05+00:00
SAO_5318-10,São Paulo,3550308,True,,45,,,-23.672325,-46.7454135,,,,1,2023-06-17T02:44:27+00:00
SAO_5318-10,São Paulo,3550308,True,,45,,,-23.637961125000004,-46.697641125000004,,,,1,2023-06-17T02:44:26+00:00
SAO_5032-10,São Paulo,3550308,True,,1662,,,-23.612385,-46.594668999999996,,,,1,2023-06-17T02:44:34+00:00
SAO_5032-10,São Paulo,3550308,True,,1662,,,-23.595760499999997,-46.59977925,,,,1,2023-06-17T02:44:16+00:00
SAO_5032-10,São Paulo,3550308,True,,1662,,,-23.6367415,-46.5933055,,,,1,2023-06-17T02:44:01+00:00
SAO_5032-10,São Paulo,3550308,True,,1662,,,-23.602594,-46.602782000000005,,,,1,2023-06-17T02:44:34+00:00
SAO_5032-10,São Paulo,3550308,True,,1662,,,-23.6368005,-46.593399500000004,,,,1,2023-06-17T02:44:38+00:00
SAO_2010-10,São Paulo,3550308,True,,2104,,,-23.4804015,-46.58102675,,,,1,2023-06-17T02:44:31+00:00
SAO_2010-10,São Paulo,3550308,True,,2104,,,-23.5005925,-46.6153345,,,,1,2023-06-17T02:43:25+00:00
SAO_2010-10,São Paulo,3550308,True,,2104,,,-23.522831,-46.624535,,,,1,2023-06-17T02:44:07+00:00
SAO_2010-10,São Paulo,3550308,True,,2104,,,-23.476959,-46.5640815,,,,1,2023-06-17T02:44:33+00:00
SAO_746P-10,São Paulo,3550308,True,,33556,,,-23.617601,-46.7211065,,,,2,2023-06-17T02:44:05+00:00
SAO_746P-10,São Paulo,3550308,True,,33556,,,-23.628844125,-46.736115625,,,,2,2023-06-17T02:44:29+00:00
SAO_746P-10,São Paulo,3550308,True,,33556,,,-23.6172295,-46.720997,,,,2,2023-06-17T02:44:23+00:00
SAO_746P-10,São Paulo,3550308,True,,33556,,,-23.616376000000002,-46.7209705,,,,2,2023-06-17T02:44:39+00:00
SAO_746P-10,São Paulo,3550308,True,,33556,,,-23.617787,-46.7211975,,,,2,2023-06-17T02:44:26+00:00
SAO_746P-10,São Paulo,3550308,True,,33556,,,-23.61699275,-46.720967,,,,2,2023-06-17T02:43:58+00:00
SAO_746P-10,São Paulo,3550308,True,,33556,,,-23.6515685,-46.7110445,,,,2,2023-06-17T02:44:13+00:00
SAO_746P-10,São Paulo,3550308,True,,33556,,,-23.6172295,-46.720997,,,,2,2023-06-17T02:44:00+00:00
SAO_746P-10,São Paulo,3550308,True,,33556,,,-23.61699275,-46.720967,,,,2,2023-06-17T02:44:34+00:00
SAO_746P-10,São Paulo,3550308,True,,33556,,,-23.627162,-46.7355765,,,,2,2023-06-17T02:44:31+00:00
SAO_888P-10,São Paulo,3550308,True,EMTU,454,https://moovitapp.com/index/pt-br/transporte_p%C3%BAblico-line-454-Sao_Paulo-242-2038937-36419497-0,5.25,-23.450973,-46.735209,,,,1,2023-06-17T02:44:34+00:00
SAO_4002-10,São Paulo,3550308,True,,34945,,,-23.566695250000002,-46.4681205,,,,2,2023-06-17T02:44:24+00:00
SAO_4002-10,São Paulo,3550308,True,,34945,,,-23.543791499999998,-46.42228,,,,2,2023-06-17T02:44:13+00:00
SAO_4002-10,São Paulo,3550308,True,,34945,,,-23.558532,-46.399539,,,,2,2023-06-17T02:44:05+00:00
SAO_4002-10,São Paulo,3550308,True,,34945,,,-23.5584245,-46.522448499999996,,,,2,2023-06-17T02:44:30+00:00
SAO_4002-10,São Paulo,3550308,True,,34945,,,-23.558149,-46.399587499999996,,,,2,2023-06-17T02:44:31+00:00
SAO_4002-10,São Paulo,3550308,True,,34945,,,-23.558706,-46.3995355,,,,2,2023-06-17T02:44:17+00:00
SAO_1036-10,São Paulo,3550308,True,,2453,,,-23.465073500000003,-46.714439999999996,,,,1,2023-06-17T02:44:34+00:00
SAO_1036-10,São Paulo,3550308,True,,2453,,,-23.4473515,-46.712312499999996,,,,1,2023-06-17T02:44:03+00:00
SAO_1036-10,São Paulo,3550308,True,,2453,,,-23.485856,-46.71054650000001,,,,1,2023-06-17T02:44:29+00:00
SAO_1036-10,São Paulo,3550308,True,,2453,,,-23.447775,-46.708842000000004,,,,1,2023-06-17T02:43:58+00:00
SAO_574A-10,São Paulo,3550308,True,Rápido Campinas,602,https://moovitapp.com/index/pt-br/transporte_p%C3%BAblico-line-602-Sao_Paulo-242-858660-638986-0,5.3,-23.6683785,-46.642662,,,,1,2023-06-17T02:44:19+00:00
SAO_574A-10,São Paulo,3550308,True,Rápido Campinas,602,https://moovitapp.com/index/pt-br/transporte_p%C3%BAblico-line-602-Sao_Paulo-242-858660-638986-0,5.3,-23.604821,-46.6368065,,,,1,2023-06-17T02:44:31+00:00
SAO_574A-10,São Paulo,3550308,True,Rápido Campinas,602,https://moovitapp.com/index/pt-br/transporte_p%C3%BAblico-line-602-Sao_Paulo-242-858660-638986-0,5.3,-23.565824375,-46.613998124999995,,,,1,2023-06-17T02:44:26+00:00
SAO_574A-10,São Paulo,3550308,True,Rápido Campinas,602,https://moovitapp.com/index/pt-br/transporte_p%C3%BAblico-line-602-Sao_Paulo-242-858660-638986-0,5.3,-23.649404,-46.6404125,,,,1,2023-06-17T02:44:32+00:00
SAO_574A-10,São Paulo,3550308,True,Rápido Campinas,602,https://moovitapp.com/index/pt-br/transporte_p%C3%BAblico-line-602-Sao_Paulo-242-858660-638986-0,5.3,-23.5815735,-46.625578000000004,,,,1,2023-06-17T02:44:00+00:00
SAO_390E-10,São Paulo,3550308,True,,1882,,,-23.518709,-46.546899499999995,,,,1,2023-06-17T02:44:33+00:00
SAO_390E-10,São Paulo,3550308,True,,1882,,,-23.532635749999997,-46.56256275,,,,1,2023-06-17T02:44:36+00:00
SAO_390E-10,São Paulo,3550308,True,,1882,,,-23.54447025,-46.623389,,,,1,2023-06-17T02:41:53+00:00
SAO_6291-10,São Paulo,3550308,True,,33126,,,-23.616329,-46.712669,,,,2,2023-06-17T02:44:05+00:00
SAO_6291-10,São Paulo,3550308,True,,33126,,,-23.5589985,-46.6541765,,,,2,2023-06-17T02:44:39+00:00
SAO_6291-10,São Paulo,3550308,True,,33126,,,-23.637884,-46.74034,,,,2,2023-06-17T02:44:12+00:00
SAO_6291-10,São Paulo,3550308,True,,33126,,,-23.644348,-46.776951499999996,,,,2,2023-06-17T02:43:59+00:00
SAO_6291-10,São Paulo,3550308,True,,33126,,,-23.6459325,-46.7542845,,,,2,2023-06-17T02:43:56+00:00
SAO_6291-10,São Paulo,3550308,True,,33126,,,-23.6437025,-46.7766245,,,,2,2023-06-17T02:44:39+00:00
SAO_546J-31,São Paulo,3550308,True,,34783,,,-23.658759,-46.698775999999995,,,,2,2023-06-17T02:44:32+00:00
SAO_546J-31,São Paulo,3550308,True,,34783,,,-23.68778,-46.65928825,,,,2,2023-06-17T02:43:56+00:00
SAO_546J-31,São Paulo,3550308,True,,34783,,,-23.688775749999998,-46.66371425,,,,2,2023-06-17T02:44:18+00:00
SAO_6027-10,São Paulo,3550308,True,,90,,,-23.725671499999997,-46.682831,,,,1,2023-06-17T02:44:29+00:00
SAO_6027-10,São Paulo,3550308,True,,90,,,-23.654132,-46.712552,,,,1,2023-06-17T02:44:19+00:00
SAO_6027-10,São Paulo,3550308,True,,90,,,-23.705854625,-46.700533875,,,,1,2023-06-17T02:44:10+00:00
SAO_6027-10,São Paulo,3550308,True,,90,,,-23.654322,-46.712858499999996,,,,1,2023-06-17T02:44:09+00:00
SAO_6027-10,São Paulo,3550308,True,,90,,,-23.720968,-46.6765125,,,,1,2023-06-17T02:44:39+00:00
SAO_6051-10,São Paulo,3550308,True,,33911,,,-23.762576000000003,-46.689004,,,,2,2023-06-17T02:44:28+00:00
SAO_6051-10,São Paulo,3550308,True,,33911,,,-23.7621455,-46.689133,,,,2,2023-06-17T02:44:13+00:00
SAO_6051-10,São Paulo,3550308,True,,33911,,,-23.763993499999998,-46.6899615,,,,2,2023-06-17T02:44:29+00:00
SAO_6051-10,São Paulo,3550308,True,,33911,,,-23.7621455,-46.689133,,,,2,2023-06-17T02:44:33+00:00
SAO_3459-23,São Paulo,3550308,True,EMTU,404,https://moovitapp.com/index/pt-br/transporte_p%C3%BAblico-line-404-Sao_Paulo-242-2038937-36419466-0,5.2,-23.5165205,-46.385602000000006,,,,1,2023-06-17T02:40:54+00:00
SAO_3459-23,São Paulo,3550308,True,EMTU,404,https://moovitapp.com/index/pt-br/transporte_p%C3%BAblico-line-404-Sao_Paulo-242-2038937-36419466-0,5.2,-23.5165205,-46.385602000000006,,,,1,2023-06-17T02:44:09+00:00
SAO_3754-10,São Paulo,3550308,True,,33817,,,-23.536912375,-46.427527624999996,,,,2,2023-06-17T02:43:59+00:00
SAO_3754-10,São Paulo,3550308,True,,33817,,,-23.573977,-46.398133,,,,2,2023-06-17T02:44:03+00:00
SAO_3754-10,São Paulo,3550308,True,,33817,,,-23.5494415,-46.407562999999996,,,,2,2023-06-17T02:44:26+00:00
SAO_3754-10,São Paulo,3550308,True,,33817,,,-23.54414475,-46.460653,,,,2,2023-06-17T02:44:07+00:00
SAO_3754-10,São Paulo,3550308,True,,33817,,,-23.542498000000002,-46.471391499999996,,,,2,2023-06-17T02:44:06+00:00
SAO_3754-10,São Paulo,3550308,True,,33817,,,-23.542544499999998,-46.4716805,,,,2,2023-06-17T02:43:51+00:00
SAO_3754-10,São Paulo,3550308,True,,33817,,,-23.573843,-46.398298,,,,2,2023-06-17T02:44:01+00:00
SAO_3754-10,São Paulo,3550308,True,,33817,,,-23.5425175,-46.416505,,,,2,2023-06-17T02:44:01+00:00
SAO_3754-10,São Paulo,3550308,True,,33817,,,-23.5425195,-46.471514,,,,2,2023-06-17T02:44:17+00:00
SAO_5018-31,São Paulo,3550308,True,,1861,,,-23.662242,-46.646751,,,,1,2023-06-17T02:43:33+00:00
SAO_6059-10,São Paulo,3550308,True,,33994,,,-23.6802505,-46.7430045,,,,2,2023-06-17T02:43:59+00:00
SAO_6059-10,São Paulo,3550308,True,,33994,,,-23.6397565,-46.7117255,,,,2,2023-06-17T02:44:07+00:00
SAO_6059-10,São Paulo,3550308,True,,33994,,,-23.6802975,-46.743245,,,,2,2023-06-17T02:44:31+00:00
SAO_6059-10,São Paulo,3550308,True,,33994,,,-23.651751500000003,-46.73382775,,,,2,2023-06-17T02:44:11+00:00
SAO_6059-10,São Paulo,3550308,True,,33994,,,-23.6802975,-46.743245,,,,2,2023-06-17T02:43:55+00:00
SAO_6059-10,São Paulo,3550308,True,,33994,,,-23.678732,-46.74207,,,,2,2023-06-17T02:44:05+00:00
SAO_817C-10,São Paulo,3550308,True,,34105,,,-23.52277625,-46.69973975,,,,2,2023-06-17T02:44:14+00:00
SAO_817C-10,São Paulo,3550308,True,,34105,,,-23.5216915,-46.7010605,,,,2,2023-06-17T02:43:54+00:00
SAO_817C-10,São Paulo,3550308,True,,34105,,,-23.5445835,-46.693469,,,,2,2023-06-17T02:44:11+00:00
SAO_775F-10,São Paulo,3550308,True,,33564,,,-23.622338,-46.7464875,,,,2,2023-06-17T02:44:33+00:00
SAO_775F-10,São Paulo,3550308,True,,33564,,,-23.625425999999997,-46.7482945,,,,2,2023-06-17T02:44:31+00:00
SAO_775F-10,São Paulo,3550308,True,,33564,,,-23.574119250000003,-46.688941375,,,,2,2023-06-17T02:44:25+00:00
SAO_775F-10,São Paulo,3550308,True,,33564,,,-23.625424,-46.748162,,,,2,2023-06-17T02:44:07+00:00
SAO_775F-10,São Paulo,3550308,True,,33564,,,-23.6254505,-46.7479555,,,,2,2023-06-17T02:44:15+00:00
SAO_775F-10,São Paulo,3550308,True,,33564,,,-23.60352975,-46.712735249999994,,,,2,2023-06-17T02:44:32+00:00
SAO_775F-10,São Paulo,3550308,True,,33564,,,-23.6254755,-46.747764000000004,,,,2,2023-06-17T02:44:39+00:00
SAO_775F-10,São Paulo,3550308,True,,33564,,,-23.6139315,-46.731106,,,,2,2023-06-17T02:44:29+00:00
SAO_775F-10,São Paulo,3550308,True,,33564,,,-23.609004,-46.751954250000004,,,,2,2023-06-17T02:44:38+00:00
SAO_5757-10,São Paulo,3550308,True,,34056,,,-23.657575,-46.64454925,,,,2,2023-06-17T02:43:11+00:00
SAO_5757-10,São Paulo,3550308,True,,34056,,,-23.6835835,-46.634378999999996,,,,2,2023-06-17T02:44:22+00:00
SAO_5757-10,São Paulo,3550308,True,,34056,,,-23.6833915,-46.634699499999996,,,,2,2023-06-17T02:44:23+00:00
SAO_5757-10,São Paulo,3550308,True,,34056,,,-23.688392,-46.643032,,,,2,2023-06-17T02:43:54+00:00
SAO_5757-10,São Paulo,3550308,True,,34056,,,-23.6917465,-46.6394875,,,,2,2023-06-17T02:44:15+00:00
SAO_8078-10,São Paulo,3550308,True,,2080,,,-23.6254505,-46.7479555,,,,1,2023-06-17T02:44:19+00:00
SAO_8078-10,São Paulo,3550308,True,,2080,,,-23.6254505,-46.7479555,,,,1,2023-06-17T02:44:34+00:00
SAO_8078-10,São Paulo,3550308,True,,2080,,,-23.6150565,-46.7561945,,,,1,2023-06-17T02:44:39+00:00
SAO_8078-10,São Paulo,3550308,True,,2080,,,-23.644261999999998,-46.764075500000004,,,,1,2023-06-17T02:44:04+00:00
SAO_8078-10,São Paulo,3550308,True,,2080,,,-23.6254505,-46.7479555,,,,1,2023-06-17T02:44:17+00:00
SAO_8078-10,São Paulo,3550308,True,,2080,,,-23.637334,-46.760698500000004,,,,1,2023-06-17T02:44:30+00:00
SAO_8078-10,São Paulo,3550308,True,,2080,,,-23.6254505,-46.7479555,,,,1,2023-06-17T02:44:02+00:00
SAO_715M-10,São Paulo,3550308,True,EMTU,490,https://moovitapp.com/index/pt-br/transporte_p%C3%BAblico-line-490-Sao_Paulo-242-2038937-36419517-0,5.15,-23.57231325,-46.701117499999995,,,,1,2023-06-17T02:44:17+00:00
SAO_715M-10,São Paulo,3550308,True,EMTU,490,https://moovitapp.com/index/pt-br/transporte_p%C3%BAblico-line-490-Sao_Paulo-242-2038937-36419517-0,5.15,-23.5646056875,-46.652801062500004,,,,1,2023-06-17T02:44:10+00:00
SAO_715M-10,São Paulo,3550308,True,EMTU,490,https://moovitapp.com/index/pt-br/transporte_p%C3%BAblico-line-490-Sao_Paulo-242-2038937-36419517-0,5.15,-23.5799015,-46.749449999999996,,,,1,2023-06-17T02:42:05+00:00
SAO_1771-10,São Paulo,3550308,True,,634,,,-23.4556325,-46.590016000000006,,,,1,2023-06-17T02:44:31+00:00
SAO_1771-10,São Paulo,3550308,True,,634,,,-23.478924,-46.61125,,,,1,2023-06-17T02:42:53+00:00
SAO_3032-10,São Paulo,3550308,True,,33488,,,-23.5579695,-46.522496000000004,,,,2,2023-06-17T02:44:34+00:00
SAO_5290-10,São Paulo,3550308,True,,33365,,,-23.6810605,-46.6363105,,,,2,2023-06-17T02:44:05+00:00
SAO_5290-10,São Paulo,3550308,True,,33365,,,-23.6529015,-46.637257000000005,,,,2,2023-06-17T02:34:04+00:00
SAO_5290-10,São Paulo,3550308,True,,33365,,,-23.680846250000002,-46.635608,,,,2,2023-06-17T02:44:38+00:00
SAO_5290-10,São Paulo,3550308,True,,33365,,,-23.680734,-46.635801,,,,2,2023-06-17T02:39:38+00:00
SAO_5290-10,São Paulo,3550308,True,,33365,,,-23.6810605,-46.6363105,,,,2,2023-06-17T02:44:14+00:00
SAO_5290-10,São Paulo,3550308,True,,33365,,,-23.680952499999997,-46.636174499999996,,,,2,2023-06-17T02:44:14+00:00
SAO_5290-10,São Paulo,3550308,True,,33365,,,-23.6290215,-46.645658749999996,,,,2,2023-06-17T02:44:20+00:00
SAO_5290-10,São Paulo,3550308,True,,33365,,,-23.5948295,-46.636696,,,,2,2023-06-17T02:44:36+00:00
SAO_5290-10,São Paulo,3550308,True,,33365,,,-23.565323,-46.639509687499995,,,,2,2023-06-17T02:44:31+00:00
SAO_516N-10,São Paulo,3550308,True,EMTU,266,https://moovitapp.com/index/pt-br/transporte_p%C3%BAblico-line-266-Sao_Paulo-242-2038937-36419376-0,6.8,-23.6438005,-46.67281199999999,,,,1,2023-06-17T02:44:35+00:00
SAO_516N-10,São Paulo,3550308,True,EMTU,266,https://moovitapp.com/index/pt-br/transporte_p%C3%BAblico-line-266-Sao_Paulo-242-2038937-36419376-0,6.8,-23.6737845,-46.6431445,,,,1,2023-06-17T02:44:26+00:00
SAO_516N-10,São Paulo,3550308,True,EMTU,266,https://moovitapp.com/index/pt-br/transporte_p%C3%BAblico-line-266-Sao_Paulo-242-2038937-36419376-0,6.8,-23.690365999999997,-46.649558999999996,,,,1,2023-06-17T02:43:35+00:00
SAO_516N-10,São Paulo,3550308,True,EMTU,266,https://moovitapp.com/index/pt-br/transporte_p%C3%BAblico-line-266-Sao_Paulo-242-2038937-36419376-0,6.8,-23.599134499999998,-46.673831500000006,,,,1,2023-06-17T02:44:38+00:00
SAO_516N-10,São Paulo,3550308,True,EMTU,266,https://moovitapp.com/index/pt-br/transporte_p%C3%BAblico-line-266-Sao_Paulo-242-2038937-36419376-0,6.8,-23.6888795,-46.6381435,,,,1,2023-06-17T02:44:35+00:00
SAO_516N-10,São Paulo,3550308,True,EMTU,266,https://moovitapp.com/index/pt-br/transporte_p%C3%BAblico-line-266-Sao_Paulo-242-2038937-36419376-0,6.8,-23.690365999999997,-46.649558999999996,,,,1,2023-06-17T02:44:05+00:00
SAO_476A-10,São Paulo,3550308,True,,304,,,-23.5997025,-46.632253,,,,1,2023-06-17T02:44:23+00:00
SAO_476A-10,São Paulo,3550308,True,,304,,,-23.61756225,-46.6740645,,,,1,2023-06-17T02:44:20+00:00
SAO_476A-10,São Paulo,3550308,True,,304,,,-23.5978475,-46.64945349999999,,,,1,2023-06-17T02:44:19+00:00
SAO_1783-10,São Paulo,3550308,True,,644,,,-23.502626,-46.6235995,,,,1,2023-06-17T02:44:34+00:00
SAO_1783-10,São Paulo,3550308,True,,644,,,-23.474011500000003,-46.6080525,,,,1,2023-06-17T02:44:22+00:00
SAO_546L-10,São Paulo,3550308,True,,1285,,,-23.6750855,-46.6969285,,,,1,2023-06-17T02:44:14+00:00
SAO_546L-10,São Paulo,3550308,True,,1285,,,-23.6542935,-46.7114185,,,,1,2023-06-17T02:44:32+00:00
SAO_546L-10,São Paulo,3550308,True,,1285,,,-23.687024,-46.6385275,,,,1,2023-06-17T02:41:29+00:00
SAO_546L-10,São Paulo,3550308,True,,1285,,,-23.664852500000002,-46.67826275,,,,1,2023-06-17T02:44:24+00:00
SAO_3718-10,São Paulo,3550308,True,,33781,,,-23.541107,-46.4847105,,,,2,2023-06-17T02:44:14+00:00
SAO_3718-10,São Paulo,3550308,True,,33781,,,-23.54996175,-46.482555250000004,,,,2,2023-06-17T02:44:16+00:00
SAO_3718-10,São Paulo,3550308,True,,33781,,,-23.5551705,-46.484503000000004,,,,2,2023-06-17T02:44:31+00:00
SAO_3718-10,São Paulo,3550308,True,,33781,,,-23.54996175,-46.482555250000004,,,,2,2023-06-17T02:44:18+00:00
SAO_407T-10,São Paulo,3550308,True,,34970,,,-23.5384515,-46.44110425,,,,2,2023-06-17T02:44:23+00:00
SAO_407T-10,São Paulo,3550308,True,,34970,,,-23.543873750000003,-46.461260249999995,,,,2,2023-06-17T02:44:17+00:00
SAO_407T-10,São Paulo,3550308,True,,34970,,,-23.536414875,-46.4472965,,,,2,2023-06-17T02:43:57+00:00
SAO_2058-10,São Paulo,3550308,True,,33027,,,-23.5344805,-46.4000855,,,,2,2023-06-17T02:44:31+00:00
SAO_2058-10,São Paulo,3550308,True,,33027,,,-23.4916275,-46.435055000000006,,,,2,2023-06-17T02:44:38+00:00
SAO_2058-10,São Paulo,3550308,True,,33027,,,-23.491640500000003,-46.434661,,,,2,2023-06-17T02:44:35+00:00
SAO_407P-10,São Paulo,3550308,True,,34968,,,-23.541269,-46.5768465,,,,2,2023-06-17T02:44:07+00:00
SAO_407P-10,São Paulo,3550308,True,,34968,,,-23.554948,-46.4130225,,,,2,2023-06-17T02:44:10+00:00
SAO_407P-10,São Paulo,3550308,True,,34968,,,-23.541269,-46.5768465,,,,2,2023-06-17T02:44:15+00:00
SAO_407P-10,São Paulo,3550308,True,,34968,,,-23.538698,-46.565755,,,,2,2023-06-17T02:44:15+00:00
SAO_407P-10,São Paulo,3550308,True,,34968,,,-23.54023625,-46.485081625,,,,2,2023-06-17T02:44:15+00:00
SAO_407P-10,São Paulo,3550308,True,,34968,,,-23.541269,-46.5768465,,,,2,2023-06-17T02:44:00+00:00
SAO_407P-10,São Paulo,3550308,True,,34968,,,-23.540746,-46.420619,,,,2,2023-06-17T02:44:10+00:00
SAO_407P-10,São Paulo,3550308,True,,34968,,,-23.5831585,-46.407859,,,,2,2023-06-17T02:44:15+00:00
SAO_407P-10,São Paulo,3550308,True,,34968,,,-23.5404345,-46.48488075,,,,2,2023-06-17T02:44:13+00:00
SAO_407P-10,São Paulo,3550308,True,,34968,,,-23.563206,-46.416537999999996,,,,2,2023-06-17T02:44:08+00:00
SAO_407P-10,São Paulo,3550308,True,,34968,,,-23.541269,-46.5768465,,,,2,2023-06-17T02:43:58+00:00
SAO_407P-10,São Paulo,3550308,True,,34968,,,-23.573238500000002,-46.4159355,,,,2,2023-06-17T02:41:11+00:00
SAO_407P-10,São Paulo,3550308,True,,34968,,,-23.546488,-46.411582,,,,2,2023-06-17T02:44:01+00:00
SAO_352A-10,São Paulo,3550308,True,,164,,,-23.5447925,-46.46067575000001,,,,1,2023-06-17T02:44:16+00:00
SAO_352A-10,São Paulo,3550308,True,,164,,,-23.47485725,-46.423556500000004,,,,1,2023-06-17T02:44:01+00:00
SAO_352A-10,São Paulo,3550308,True,,164,,,-23.613432500000002,-46.476448,,,,1,2023-06-17T02:44:25+00:00
SAO_352A-10,São Paulo,3550308,True,,164,,,-23.510986000000003,-46.443539,,,,1,2023-06-17T02:43:48+00:00
SAO_5362-41,São Paulo,3550308,True,,32840,,,-23.745330000000003,-46.6654545,,,,2,2023-06-17T02:44:30+00:00
SAO_5362-41,São Paulo,3550308,True,,32840,,,-23.7444975,-46.670542499999996,,,,2,2023-06-17T02:44:22+00:00
SAO_5362-41,São Paulo,3550308,True,,32840,,,-23.7562845,-46.669321249999996,,,,2,2023-06-17T02:44:06+00:00
SAO_5362-41,São Paulo,3550308,True,,32840,,,-23.7504855,-46.688162500000004,,,,2,2023-06-17T02:44:34+00:00
SAO_971M-10,São Paulo,3550308,True,,612,,,-23.50089775,-46.62579637500001,,,,1,2023-06-17T02:44:10+00:00
SAO_971M-10,São Paulo,3550308,True,,612,,,-23.490963750000002,-46.626086,,,,1,2023-06-17T02:44:20+00:00
SAO_971M-10,São Paulo,3550308,True,,612,,,-23.4862405,-46.652902999999995,,,,1,2023-06-17T02:44:16+00:00
SAO_971M-10,São Paulo,3550308,True,,612,,,-23.490409,-46.6888085,,,,1,2023-06-17T02:44:12+00:00
SAO_6120-10,São Paulo,3550308,True,,1189,,,-23.7364975,-46.69661000000001,,,,1,2023-06-17T02:44:10+00:00
SAO_6120-10,São Paulo,3550308,True,,1189,,,-23.7602935,-46.677508,,,,1,2023-06-17T02:44:40+00:00
SAO_6120-10,São Paulo,3550308,True,,1189,,,-23.7567915,-46.667432,,,,1,2023-06-17T02:44:36+00:00
SAO_2590-10,São Paulo,3550308,True,,33680,,,-23.542585000000003,-46.6159675,,,,2,2023-06-17T02:44:37+00:00
SAO_2590-10,São Paulo,3550308,True,,33680,,,-23.4939065,-46.4563725,,,,2,2023-06-17T02:44:20+00:00
SAO_2590-10,São Paulo,3550308,True,,33680,,,-23.529886750000003,-46.554655,,,,2,2023-06-17T02:44:39+00:00
SAO_2590-10,São Paulo,3550308,True,,33680,,,-23.483154250000002,-46.466711000000004,,,,2,2023-06-17T02:44:38+00:00
SAO_2590-10,São Paulo,3550308,True,,33680,,,-23.538225999999998,-46.60099225,,,,2,2023-06-17T02:44:04+00:00
SAO_5108-10,São Paulo,3550308,True,,34443,,,-23.662163624999998,-46.618522125,,,,2,2023-06-17T02:44:22+00:00
SAO_5108-10,São Paulo,3550308,True,,34443,,,-23.6642085625,-46.61809625000001,,,,2,2023-06-17T02:44:21+00:00
SAO_5108-10,São Paulo,3550308,True,,34443,,,-23.563979500000002,-46.6202965,,,,2,2023-06-17T02:44:18+00:00
SAO_2059-10,São Paulo,3550308,True,,33028,,,-23.5385265,-46.414816,,,,2,2023-06-17T02:44:31+00:00
SAO_2059-10,São Paulo,3550308,True,,33028,,,-23.49346225,-46.442254500000004,,,,2,2023-06-17T02:44:21+00:00
SAO_2059-10,São Paulo,3550308,True,,33028,,,-23.5236725,-46.418302,,,,2,2023-06-17T02:44:16+00:00
SAO_2059-10,São Paulo,3550308,True,,33028,,,-23.516874,-46.42246025,,,,2,2023-06-17T02:43:56+00:00
SAO_2059-10,São Paulo,3550308,True,,33028,,,-23.491025999999998,-46.441859,,,,2,2023-06-17T02:44:07+00:00
SAO_4017-10,São Paulo,3550308,True,,34958,,,-23.6008165,-46.399510500000005,,,,2,2023-06-17T02:44:19+00:00
SAO_4017-10,São Paulo,3550308,True,,34958,,,-23.5805435,-46.3824435,,,,2,2023-06-17T02:44:02+00:00
SAO_4017-10,São Paulo,3550308,True,,34958,,,-23.59333025,-46.40648125,,,,2,2023-06-17T02:41:55+00:00
SAO_4017-10,São Paulo,3550308,True,,34958,,,-23.600949999999997,-46.399390499999996,,,,2,2023-06-17T02:44:28+00:00
SAO_4017-10,São Paulo,3550308,True,,34958,,,-23.600533,-46.39975,,,,2,2023-06-17T02:44:10+00:00
SAO_8047-10,São Paulo,3550308,True,EMTU,408,https://moovitapp.com/index/pt-br/transporte_p%C3%BAblico-line-408-Sao_Paulo-242-2038937-36419468-0,7.55,-23.441823749999998,-46.749306,,,,1,2023-06-17T02:44:19+00:00
SAO_8047-10,São Paulo,3550308,True,EMTU,408,https://moovitapp.com/index/pt-br/transporte_p%C3%BAblico-line-408-Sao_Paulo-242-2038937-36419468-0,7.55,-23.482841,-46.7557165,,,,1,2023-06-17T02:44:04+00:00
SAO_8047-10,São Paulo,3550308,True,EMTU,408,https://moovitapp.com/index/pt-br/transporte_p%C3%BAblico-line-408-Sao_Paulo-242-2038937-36419468-0,7.55,-23.4395145,-46.750146,,,,1,2023-06-17T02:43:58+00:00
SAO_8047-10,São Paulo,3550308,True,EMTU,408,https://moovitapp.com/index/pt-br/transporte_p%C3%BAblico-line-408-Sao_Paulo-242-2038937-36419468-0,7.55,-23.5149435,-46.716274,,,,1,2023-06-17T02:44:36+00:00
SAO_971R-42,São Paulo,3550308,True,,33384,,,-23.46526,-46.679560499999994,,,,2,2023-06-17T02:44:36+00:00
SAO_971R-42,São Paulo,3550308,True,,33384,,,-23.444501250000002,-46.70529775,,,,2,2023-06-17T02:44:03+00:00
SAO_971R-42,São Paulo,3550308,True,,33384,,,-23.436899500000003,-46.739963,,,,2,2023-06-17T02:44:16+00:00
SAO_971R-42,São Paulo,3550308,True,,33384,,,-23.497191875000002,-46.63643275,,,,2,2023-06-17T02:44:03+00:00
SAO_1178-31,São Paulo,3550308,True,,1812,,,-23.5358959375,-46.6339898125,,,,1,2023-06-17T02:44:12+00:00
SAO_1178-31,São Paulo,3550308,True,,1812,,,-23.4943805,-46.438734499999995,,,,1,2023-06-17T02:44:19+00:00
SAO_1178-31,São Paulo,3550308,True,,1812,,,-23.518186999999998,-46.6293305,,,,1,2023-06-17T02:43:56+00:00
SAO_647P-10,São Paulo,3550308,True,,1316,,,-23.643908,-46.73173250000001,,,,1,2023-06-17T02:44:12+00:00
SAO_647P-10,São Paulo,3550308,True,,1316,,,-23.59375325,-46.7055555,,,,1,2023-06-17T02:44:40+00:00
SAO_647P-10,São Paulo,3550308,True,,1316,,,-23.565824499999998,-46.7019905,,,,1,2023-06-17T02:44:22+00:00
SAO_647P-10,São Paulo,3550308,True,,1316,,,-23.576448749999997,-46.6872905,,,,1,2023-06-17T02:44:32+00:00
SAO_647P-10,São Paulo,3550308,True,,1316,,,-23.565806000000002,-46.7018425,,,,1,2023-06-17T02:44:23+00:00
SAO_775A-10,São Paulo,3550308,True,EMTU,473,https://moovitapp.com/index/pt-br/transporte_p%C3%BAblico-line-473-Sao_Paulo-242-2038937-36419509-0,7.55,-23.562497999999998,-46.764742999999996,,,,1,2023-06-17T02:44:30+00:00
SAO_6812-10,São Paulo,3550308,True,,34010,,,-23.6848575,-46.7702205,,,,2,2023-06-17T02:44:17+00:00
SAO_6812-10,São Paulo,3550308,True,,34010,,,-23.723805875,-46.78556125,,,,2,2023-06-17T02:44:20+00:00
SAO_6812-10,São Paulo,3550308,True,,34010,,,-23.73195075,-46.790341,,,,2,2023-06-17T02:44:06+00:00
SAO_6812-10,São Paulo,3550308,True,,34010,,,-23.692809,-46.778341,,,,2,2023-06-17T02:43:56+00:00
SAO_6812-10,São Paulo,3550308,True,,34010,,,-23.683030000000002,-46.7687525,,,,2,2023-06-17T02:44:32+00:00
SAO_2435-10,São Paulo,3550308,True,,32978,,,-23.528665500000002,-46.554443500000005,,,,2,2023-06-17T02:44:09+00:00
SAO_2435-10,São Paulo,3550308,True,,32978,,,-23.52327175,-46.51317975,,,,2,2023-06-17T02:43:18+00:00
SAO_2435-10,São Paulo,3550308,True,,32978,,,-23.5289775,-46.4795655,,,,2,2023-06-17T02:44:01+00:00
SAO_273N-10,São Paulo,3550308,True,EMTU,390,https://moovitapp.com/index/pt-br/transporte_p%C3%BAblico-line-390-Sao_Paulo-242-2038937-36419459-0,5.45,-23.531503,-46.5289355,,,,1,2023-06-17T02:44:23+00:00
SAO_273N-10,São Paulo,3550308,True,EMTU,390,https://moovitapp.com/index/pt-br/transporte_p%C3%BAblico-line-390-Sao_Paulo-242-2038937-36419459-0,5.45,-23.50172625,-46.38177025,,,,1,2023-06-17T02:44:23+00:00
SAO_273N-10,São Paulo,3550308,True,EMTU,390,https://moovitapp.com/index/pt-br/transporte_p%C3%BAblico-line-390-Sao_Paulo-242-2038937-36419459-0,5.45,-23.5043555,-46.36771400000001,,,,1,2023-06-17T02:44:28+00:00
SAO_1745-10,São Paulo,3550308,True,,546,,,-23.47465125,-46.6574175,,,,1,2023-06-17T02:44:27+00:00
SAO_1745-10,São Paulo,3550308,True,,546,,,-23.514648375,-46.61627775,,,,1,2023-06-17T02:44:33+00:00
SAO_1745-10,São Paulo,3550308,True,,546,,,-23.501060000000003,-46.62484499999999,,,,1,2023-06-17T02:44:26+00:00
SAO_3901-10,São Paulo,3550308,True,,1469,,,-23.50034,-46.501235,,,,1,2023-06-17T02:44:23+00:00
SAO_3901-10,São Paulo,3550308,True,,1469,,,-23.532506,-46.545839,,,,1,2023-06-17T02:44:29+00:00
SAO_5178-10,São Paulo,3550308,True,,595,,,-23.682105999999997,-46.636607,,,,1,2023-06-17T02:44:35+00:00
SAO_5178-10,São Paulo,3550308,True,,595,,,-23.588572,-46.65187925,,,,1,2023-06-17T02:44:22+00:00
SAO_5178-10,São Paulo,3550308,True,,595,,,-23.682447,-46.642358,,,,1,2023-06-17T02:44:14+00:00
SAO_5178-10,São Paulo,3550308,True,,595,,,-23.665713,-46.657129,,,,1,2023-06-17T02:44:29+00:00
SAO_5178-10,São Paulo,3550308,True,,595,,,-23.560762,-46.643633625,,,,1,2023-06-17T02:44:35+00:00
SAO_3001-10,São Paulo,3550308,True,,1650,,,-23.49532,-46.4292905,,,,1,2023-06-17T02:43:55+00:00
SAO_3001-10,São Paulo,3550308,True,,1650,,,-23.510725,-46.384894,,,,1,2023-06-17T02:44:06+00:00
SAO_9005-10,São Paulo,3550308,True,,33640,,,-23.4511275,-46.689165,,,,2,2023-06-17T02:43:52+00:00
SAO_9005-10,São Paulo,3550308,True,,33640,,,-23.453954749999998,-46.6753905,,,,2,2023-06-17T02:44:10+00:00
SAO_9005-10,São Paulo,3550308,True,,33640,,,-23.4542405,-46.693987250000006,,,,2,2023-06-17T02:44:29+00:00
SAO_9005-10,São Paulo,3550308,True,,33640,,,-23.45359225,-46.6753675,,,,2,2023-06-17T02:44:27+00:00
SAO_9005-10,São Paulo,3550308,True,,33640,,,-23.4543195,-46.6936435,,,,2,2023-06-17T02:43:53+00:00
SAO_9005-10,São Paulo,3550308,True,,33640,,,-23.4748455,-46.669852500000005,,,,2,2023-06-17T02:44:35+00:00
SAO_9005-10,São Paulo,3550308,True,,33640,,,-23.45410675,-46.694542500000004,,,,2,2023-06-17T02:44:06+00:00
SAO_5630-10,São Paulo,3550308,True,,78,,,-23.7374635,-46.697805,,,,1,2023-06-17T02:44:15+00:00
SAO_5630-10,São Paulo,3550308,True,,78,,,-23.54765125,-46.619298,,,,1,2023-06-17T02:44:27+00:00
SAO_5630-10,São Paulo,3550308,True,,78,,,-23.7374635,-46.697805,,,,1,2023-06-17T02:44:03+00:00
SAO_5630-10,São Paulo,3550308,True,,78,,,-23.7374635,-46.697805,,,,1,2023-06-17T02:44:06+00:00
SAO_5630-10,São Paulo,3550308,True,,78,,,-23.718635499999998,-46.6987405,,,,1,2023-06-17T02:44:33+00:00
SAO_5630-10,São Paulo,3550308,True,,78,,,-23.7374635,-46.697805,,,,1,2023-06-17T02:44:32+00:00
SAO_5630-10,São Paulo,3550308,True,,78,,,-23.588572,-46.65187925,,,,1,2023-06-17T02:44:08+00:00
SAO_5630-10,São Paulo,3550308,True,,78,,,-23.657964,-46.679599499999995,,,,1,2023-06-17T02:44:37+00:00
SAO_5107-10,São Paulo,3550308,True,,1659,,,-23.6034085,-46.6026285,,,,1,2023-06-17T02:44:14+00:00
SAO_5107-10,São Paulo,3550308,True,,1659,,,-23.575064499999996,-46.61068175,,,,1,2023-06-17T02:44:28+00:00
SAO_5107-10,São Paulo,3550308,True,,1659,,,-23.6033435,-46.602573,,,,1,2023-06-17T02:43:55+00:00
SAO_8500-10,São Paulo,3550308,True,,34035,,,-23.525104499999998,-46.666349499999995,,,,2,2023-06-17T02:44:30+00:00
SAO_8500-10,São Paulo,3550308,True,,34035,,,-23.486121,-46.726629624999994,,,,2,2023-06-17T02:44:27+00:00
SAO_8500-10,São Paulo,3550308,True,,34035,,,-23.5151395,-46.6895795,,,,2,2023-06-17T02:44:19+00:00
SAO_8500-10,São Paulo,3550308,True,,34035,,,-23.5251545,-46.665617999999995,,,,2,2023-06-17T02:44:06+00:00
SAO_677A-10,São Paulo,3550308,True,,1239,,,-23.6759545,-46.7530775,,,,1,2023-06-17T02:44:09+00:00
SAO_677A-10,São Paulo,3550308,True,,1239,,,-23.645841,-46.725432999999995,,,,1,2023-06-17T02:44:20+00:00
SAO_677A-10,São Paulo,3550308,True,,1239,,,-23.690559,-46.774157,,,,1,2023-06-17T02:44:38+00:00
SAO_677A-10,São Paulo,3550308,True,,1239,,,-23.690655,-46.774251500000005,,,,1,2023-06-17T02:43:57+00:00
SAO_3751-10,São Paulo,3550308,True,,33815,,,-23.56900575,-46.41153799999999,,,,2,2023-06-17T02:44:09+00:00
SAO_3751-10,São Paulo,3550308,True,,33815,,,-23.562935,-46.418919,,,,2,2023-06-17T02:44:30+00:00
SAO_3751-10,São Paulo,3550308,True,,33815,,,-23.551032,-46.4372195,,,,2,2023-06-17T02:44:13+00:00
SAO_3751-10,São Paulo,3550308,True,,33815,,,-23.565081,-46.407235,,,,2,2023-06-17T02:44:25+00:00
SAO_3751-10,São Paulo,3550308,True,,33815,,,-23.5695605,-46.4102685,,,,2,2023-06-17T02:44:04+00:00
SAO_3751-10,São Paulo,3550308,True,,33815,,,-23.569102,-46.411361,,,,2,2023-06-17T02:44:23+00:00
SAO_3751-10,São Paulo,3550308,True,,33815,,,-23.539303625,-46.454975499999996,,,,2,2023-06-17T02:44:24+00:00
SAO_3751-10,São Paulo,3550308,True,,33815,,,-23.56900575,-46.41153799999999,,,,2,2023-06-17T02:44:06+00:00
SAO_3751-10,São Paulo,3550308,True,,33815,,,-23.569102,-46.411361,,,,2,2023-06-17T02:44:39+00:00
SAO_6820-10,São Paulo,3550308,True,BR7 Mobilidade,19,https://moovitapp.com/index/pt-br/transporte_p%C3%BAblico-line-19-Sao_Paulo-242-851856-516833-0,5.75,-23.6617995,-46.7937985,,,,1,2023-06-17T02:43:57+00:00
SAO_6820-10,São Paulo,3550308,True,BR7 Mobilidade,19,https://moovitapp.com/index/pt-br/transporte_p%C3%BAblico-line-19-Sao_Paulo-242-851856-516833-0,5.75,-23.660213499999998,-46.771953499999995,,,,1,2023-06-17T02:44:38+00:00
SAO_6820-10,São Paulo,3550308,True,BR7 Mobilidade,19,https://moovitapp.com/index/pt-br/transporte_p%C3%BAblico-line-19-Sao_Paulo-242-851856-516833-0,5.75,-23.653807,-46.762438,,,,1,2023-06-17T02:44:10+00:00
SAO_8700-1,São Paulo,3550308,True,,35276,,,-23.5783235,-46.708859,,,,2,2023-06-17T02:44:28+00:00
SAO_8700-1,São Paulo,3550308,True,,35276,,,-23.596738624999997,-46.7399355,,,,2,2023-06-17T02:44:23+00:00
SAO_8700-1,São Paulo,3550308,True,,35276,,,-23.631218,-46.773197499999995,,,,2,2023-06-17T02:44:01+00:00
SAO_6030-10,São Paulo,3550308,True,,33910,,,-23.686821000000002,-46.6945105,,,,2,2023-06-17T02:44:04+00:00
SAO_6030-10,São Paulo,3550308,True,,33910,,,-23.7299035,-46.708973,,,,2,2023-06-17T02:44:05+00:00
SAO_6030-10,São Paulo,3550308,True,,33910,,,-23.741073,-46.707885000000005,,,,2,2023-06-17T02:44:11+00:00
SAO_6030-10,São Paulo,3550308,True,,33910,,,-23.657059375,-46.7071945,,,,2,2023-06-17T02:44:07+00:00
SAO_6030-10,São Paulo,3550308,True,,33910,,,-23.7223315,-46.707593,,,,2,2023-06-17T02:44:24+00:00
SAO_8003-10,São Paulo,3550308,True,,34021,,,-23.5120405,-46.756833,,,,2,2023-06-17T02:44:26+00:00
SAO_8003-10,São Paulo,3550308,True,,34021,,,-23.5120405,-46.756833,,,,2,2023-06-17T02:44:09+00:00
SAO_8003-10,São Paulo,3550308,True,,34021,,,-23.521648499999998,-46.718697500000005,,,,2,2023-06-17T02:44:32+00:00
SAO_2703-10,São Paulo,3550308,True,Urubupungá,915,https://moovitapp.com/index/pt-br/transporte_p%C3%BAblico-line-915-Sao_Paulo-242-873835-75841134-0,4.6,-23.529542499999998,-46.420608,,,,1,2023-06-17T02:41:49+00:00
SAO_2703-10,São Paulo,3550308,True,Urubupungá,915,https://moovitapp.com/index/pt-br/transporte_p%C3%BAblico-line-915-Sao_Paulo-242-873835-75841134-0,4.6,-23.542001,-46.471106000000006,,,,1,2023-06-17T02:42:53+00:00
SAO_2703-10,São Paulo,3550308,True,Urubupungá,915,https://moovitapp.com/index/pt-br/transporte_p%C3%BAblico-line-915-Sao_Paulo-242-873835-75841134-0,4.6,-23.525536000000002,-46.431895999999995,,,,1,2023-06-17T02:43:02+00:00
SAO_2703-10,São Paulo,3550308,True,Urubupungá,915,https://moovitapp.com/index/pt-br/transporte_p%C3%BAblico-line-915-Sao_Paulo-242-873835-75841134-0,4.6,-23.524955249999998,-46.4188215,,,,1,2023-06-17T02:44:06+00:00
SAO_2703-10,São Paulo,3550308,True,Urubupungá,915,https://moovitapp.com/index/pt-br/transporte_p%C3%BAblico-line-915-Sao_Paulo-242-873835-75841134-0,4.6,-23.536224250000004,-46.455002500000006,,,,1,2023-06-17T02:44:03+00:00
SAO_2703-10,São Paulo,3550308,True,Urubupungá,915,https://moovitapp.com/index/pt-br/transporte_p%C3%BAblico-line-915-Sao_Paulo-242-873835-75841134-0,4.6,-23.525900999999998,-46.4447715,,,,1,2023-06-17T02:42:48+00:00
SAO_2714-10,São Paulo,3550308,True,,927,,,-23.5313415,-46.529821,,,,1,2023-06-17T02:44:07+00:00
SAO_2714-10,São Paulo,3550308,True,,927,,,-23.51341325,-46.53058325,,,,1,2023-06-17T02:43:58+00:00
SAO_2714-10,São Paulo,3550308,True,,927,,,-23.520467312500003,-46.53126775,,,,1,2023-06-17T02:44:03+00:00
SAO_4732-10,São Paulo,3550308,True,,33070,,,-23.647584000000002,-46.6004335,,,,2,2023-06-17T02:44:28+00:00
SAO_4732-10,São Paulo,3550308,True,,33070,,,-23.6194005,-46.635031999999995,,,,2,2023-06-17T02:44:25+00:00
SAO_4732-10,São Paulo,3550308,True,,33070,,,-23.647544000000003,-46.6009485,,,,2,2023-06-17T02:44:11+00:00
SAO_4727-10,São Paulo,3550308,True,,33108,,,-23.638268,-46.608056,,,,2,2023-06-17T02:44:16+00:00
SAO_4727-10,São Paulo,3550308,True,,33108,,,-23.6132835,-46.62029750000001,,,,2,2023-06-17T02:44:12+00:00
SAO_4727-10,São Paulo,3550308,True,,33108,,,-23.629689,-46.618383,,,,2,2023-06-17T02:43:58+00:00
SAO_874C-10,São Paulo,3550308,True,,33245,,,-23.5469285,-46.7609265,,,,2,2023-06-17T02:43:59+00:00
SAO_874C-10,São Paulo,3550308,True,,33245,,,-23.546825,-46.7609525,,,,2,2023-06-17T02:44:31+00:00
SAO_874C-10,São Paulo,3550308,True,,33245,,,-23.5483695,-46.7494305,,,,2,2023-06-17T02:44:31+00:00
SAO_874C-10,São Paulo,3550308,True,,33245,,,-23.546825,-46.7609525,,,,2,2023-06-17T02:44:05+00:00
SAO_874C-10,São Paulo,3550308,True,,33245,,,-23.54151525,-46.73024225,,,,2,2023-06-17T02:43:54+00:00
SAO_874C-10,São Paulo,3550308,True,,33245,,,-23.546825,-46.7609525,,,,2,2023-06-17T02:43:58+00:00
SAO_172K-10,São Paulo,3550308,True,,33625,,,-23.456100499999998,-46.59466,,,,2,2023-06-17T02:44:29+00:00
SAO_172K-10,São Paulo,3550308,True,,33625,,,-23.456735000000002,-46.594934499999994,,,,2,2023-06-17T02:43:18+00:00
SAO_172K-10,São Paulo,3550308,True,,33625,,,-23.5278855,-46.597172,,,,2,2023-06-17T02:44:00+00:00
SAO_172K-10,São Paulo,3550308,True,,33625,,,-23.531422749999997,-46.60186325,,,,2,2023-06-17T02:44:28+00:00
SAO_172K-10,São Paulo,3550308,True,,33625,,,-23.5398785,-46.577164499999995,,,,2,2023-06-17T02:44:38+00:00
SAO_172K-10,São Paulo,3550308,True,,33625,,,-23.456327,-46.5947025,,,,2,2023-06-17T02:44:38+00:00
SAO_172K-10,São Paulo,3550308,True,,33625,,,-23.456574500000002,-46.5947105,,,,2,2023-06-17T02:44:10+00:00
SAO_172K-10,São Paulo,3550308,True,,33625,,,-23.5400085,-46.578152,,,,2,2023-06-17T02:44:32+00:00
SAO_172K-10,São Paulo,3550308,True,,33625,,,-23.502680624999996,-46.59664575,,,,2,2023-06-17T02:44:04+00:00
SAO_3739-10,São Paulo,3550308,True,,1039,,,-23.600102749999998,-46.432830875,,,,1,2023-06-17T02:44:06+00:00
SAO_3739-10,São Paulo,3550308,True,,1039,,,-23.5882825,-46.4426225,,,,1,2023-06-17T02:44:37+00:00
SAO_3739-10,São Paulo,3550308,True,,1039,,,-23.5703395,-46.4468915,,,,1,2023-06-17T02:44:31+00:00
SAO_3739-10,São Paulo,3550308,True,,1039,,,-23.54254,-46.4707135,,,,1,2023-06-17T02:44:37+00:00
SAO_3739-10,São Paulo,3550308,True,,1039,,,-23.542684,-46.4693915,,,,1,2023-06-17T02:38:13+00:00
SAO_3739-10,São Paulo,3550308,True,,1039,,,-23.562426875,-46.446031,,,,1,2023-06-17T02:44:30+00:00
SAO_3739-10,São Paulo,3550308,True,,1039,,,-23.59929125,-46.433406125,,,,1,2023-06-17T02:44:18+00:00
SAO_3739-10,São Paulo,3550308,True,,1039,,,-23.6091635,-46.426361,,,,1,2023-06-17T02:44:40+00:00
SAO_3739-10,São Paulo,3550308,True,,1039,,,-23.542603999999997,-46.469476,,,,1,2023-06-17T02:44:30+00:00
SAO_9012-10,São Paulo,3550308,True,,1268,,,-23.473307499999997,-46.6835035,,,,1,2023-06-17T02:44:14+00:00
SAO_9012-10,São Paulo,3550308,True,,1268,,,-23.4661715,-46.682623,,,,1,2023-06-17T02:44:38+00:00
SAO_7062-10,São Paulo,3550308,True,,1898,,,-23.645773,-46.771611500000006,,,,1,2023-06-17T02:44:31+00:00
SAO_7062-10,São Paulo,3550308,True,,1898,,,-23.644425,-46.7675585,,,,1,2023-06-17T02:44:16+00:00
SAO_6063-10,São Paulo,3550308,True,,1152,,,-23.772727500000002,-46.7006,,,,1,2023-06-17T02:44:25+00:00
SAO_6063-10,São Paulo,3550308,True,,1152,,,-23.78130725,-46.690410500000006,,,,1,2023-06-17T02:44:40+00:00
SAO_6063-10,São Paulo,3550308,True,,1152,,,-23.767194,-46.716251,,,,1,2023-06-17T02:44:23+00:00
SAO_6063-10,São Paulo,3550308,True,,1152,,,-23.783673,-46.6827105,,,,1,2023-06-17T02:42:47+00:00
SAO_6063-10,São Paulo,3550308,True,,1152,,,-23.783673,-46.6827105,,,,1,2023-06-17T02:44:26+00:00
SAO_6063-10,São Paulo,3550308,True,,1152,,,-23.7882205,-46.685370500000005,,,,1,2023-06-17T02:44:02+00:00
SAO_6063-10,São Paulo,3550308,True,,1152,,,-23.786331,-46.6892655,,,,1,2023-06-17T02:44:30+00:00
SAO_6063-10,São Paulo,3550308,True,,1152,,,-23.783673,-46.6827105,,,,1,2023-06-17T02:44:10+00:00
SAO_6403-10,São Paulo,3550308,True,,32826,,,-23.549774749999997,-46.642553250000006,,,,2,2023-06-17T02:44:22+00:00
SAO_6403-10,São Paulo,3550308,True,,32826,,,-23.558258000000002,-46.653583999999995,,,,2,2023-06-17T02:44:40+00:00
SAO_746R-10,São Paulo,3550308,True,,33558,,,-23.609810500000002,-46.705214,,,,2,2023-06-17T02:44:10+00:00
SAO_746R-10,São Paulo,3550308,True,,33558,,,-23.6104675,-46.7058285,,,,2,2023-06-17T02:44:27+00:00
SAO_3721-41,São Paulo,3550308,True,,34461,,,-23.5528485,-46.492056500000004,,,,2,2023-06-17T02:44:14+00:00
SAO_3721-41,São Paulo,3550308,True,,34461,,,-23.5632565,-46.500804,,,,2,2023-06-17T02:44:02+00:00
SAO_3721-41,São Paulo,3550308,True,,34461,,,-23.562547000000002,-46.500016,,,,2,2023-06-17T02:44:40+00:00
SAO_3721-41,São Paulo,3550308,True,,34461,,,-23.563069,-46.500958499999996,,,,2,2023-06-17T02:41:21+00:00
SAO_3721-41,São Paulo,3550308,True,,34461,,,-23.55012575,-46.4871625,,,,2,2023-06-17T02:44:22+00:00
SAO_3721-41,São Paulo,3550308,True,,34461,,,-23.543279,-46.475996,,,,2,2023-06-17T02:44:12+00:00
SAO_3721-41,São Paulo,3550308,True,,34461,,,-23.5528485,-46.492056500000004,,,,2,2023-06-17T02:44:01+00:00
SAO_9015-10,São Paulo,3550308,True,,34037,,,-23.4697465,-46.71376,,,,2,2023-06-17T02:44:36+00:00
SAO_9015-10,São Paulo,3550308,True,,34037,,,-23.488221000000003,-46.7213345,,,,2,2023-06-17T02:44:23+00:00
SAO_6120-10,São Paulo,3550308,True,,33957,,,-23.735712499999998,-46.69611125,,,,2,2023-06-17T02:44:27+00:00
SAO_6120-10,São Paulo,3550308,True,,33957,,,-23.76019175,-46.677102749999996,,,,2,2023-06-17T02:44:22+00:00
SAO_6120-10,São Paulo,3550308,True,,33957,,,-23.747397499999998,-46.687747,,,,2,2023-06-17T02:44:27+00:00
SAO_6120-10,São Paulo,3550308,True,,33957,,,-23.756238500000002,-46.669761,,,,2,2023-06-17T02:44:25+00:00
SAO_407Y-10,São Paulo,3550308,True,,34974,,,-23.572844500000002,-46.4911005,,,,2,2023-06-17T02:44:16+00:00
SAO_407Y-10,São Paulo,3550308,True,,34974,,,-23.57044525,-46.50919375000001,,,,2,2023-06-17T02:44:19+00:00
SAO_407Y-10,São Paulo,3550308,True,,34974,,,-23.570582,-46.490271500000006,,,,2,2023-06-17T02:44:21+00:00
SAO_407Y-10,São Paulo,3550308,True,,34974,,,-23.5761015,-46.5295995,,,,2,2023-06-17T02:43:59+00:00
SAO_407Y-10,São Paulo,3550308,True,,34974,,,-23.584868999999998,-46.5833485,,,,2,2023-06-17T02:44:17+00:00
SAO_407Y-10,São Paulo,3550308,True,,34974,,,-23.57309875,-46.534003,,,,2,2023-06-17T02:44:21+00:00
SAO_5091-10,São Paulo,3550308,True,,34291,,,-23.68224575,-46.6769735,,,,2,2023-06-17T02:44:12+00:00
SAO_5091-10,São Paulo,3550308,True,,34291,,,-23.683888500000002,-46.633722,,,,2,2023-06-17T02:44:20+00:00
SAO_5091-10,São Paulo,3550308,True,,34291,,,-23.6278265,-46.643551,,,,2,2023-06-17T02:44:20+00:00
SAO_5091-10,São Paulo,3550308,True,,34291,,,-23.682377000000002,-46.6773985,,,,2,2023-06-17T02:44:13+00:00
SAO_5091-10,São Paulo,3550308,True,,34291,,,-23.68224575,-46.6769735,,,,2,2023-06-17T02:44:37+00:00
SAO_2026-10,São Paulo,3550308,True,,2269,,,-23.461732,-46.5828865,,,,1,2023-06-17T02:44:22+00:00
SAO_2026-10,São Paulo,3550308,True,,2269,,,-23.46840425,-46.580487500000004,,,,1,2023-06-17T02:42:27+00:00
SAO_8025-10,São Paulo,3550308,True,,2076,,,-23.59181125,-46.73579,,,,1,2023-06-17T02:44:06+00:00
SAO_8025-10,São Paulo,3550308,True,,2076,,,-23.589826000000002,-46.760793,,,,1,2023-06-17T02:44:17+00:00
SAO_106A-10,São Paulo,3550308,True,,33284,,,-23.502784499999997,-46.6242225,,,,2,2023-06-17T02:44:17+00:00
SAO_106A-10,São Paulo,3550308,True,,33284,,,-23.589232000000003,-46.688066,,,,2,2023-06-17T02:44:21+00:00
SAO_106A-10,São Paulo,3550308,True,,33284,,,-23.503125,-46.6245765,,,,2,2023-06-17T02:44:27+00:00
SAO_106A-10,São Paulo,3550308,True,,33284,,,-23.56705225,-46.658919,,,,2,2023-06-17T02:44:33+00:00
SAO_106A-10,São Paulo,3550308,True,,33284,,,-23.584108,-46.679387750000004,,,,2,2023-06-17T02:43:58+00:00
SAO_106A-10,São Paulo,3550308,True,,33284,,,-23.549218,-46.639875,,,,2,2023-06-17T02:43:59+00:00
SAO_106A-10,São Paulo,3550308,True,,33284,,,-23.502099,-46.62419250000001,,,,2,2023-06-17T02:44:13+00:00
SAO_6058-10,São Paulo,3550308,True,,33917,,,-23.767692750000002,-46.71746400000001,,,,2,2023-06-17T02:44:33+00:00
SAO_6058-10,São Paulo,3550308,True,,33917,,,-23.76425675,-46.69642225,,,,2,2023-06-17T02:40:42+00:00
SAO_6058-10,São Paulo,3550308,True,,33917,,,-23.7695835,-46.7148705,,,,2,2023-06-17T02:44:40+00:00
SAO_6058-10,São Paulo,3550308,True,,33917,,,-23.769380499999997,-46.67707625,,,,2,2023-06-17T02:44:27+00:00
SAO_6058-10,São Paulo,3550308,True,,33917,,,-23.769588,-46.6772535,,,,2,2023-06-17T02:44:37+00:00
SAO_746R-10,São Paulo,3550308,True,,790,,,-23.652274437499997,-46.70887999999999,,,,1,2023-06-17T02:44:19+00:00
SAO_746R-10,São Paulo,3550308,True,,790,,,-23.61367675,-46.702709375,,,,1,2023-06-17T02:43:57+00:00
SAO_746R-10,São Paulo,3550308,True,,790,,,-23.6103905,-46.7051065,,,,1,2023-06-17T02:44:39+00:00
SAO_6052-10,São Paulo,3550308,True,,33912,,,-23.775509999999997,-46.691679,,,,2,2023-06-17T02:44:05+00:00
SAO_6052-10,São Paulo,3550308,True,,33912,,,-23.769116,-46.695868,,,,2,2023-06-17T02:44:16+00:00
SAO_6052-10,São Paulo,3550308,True,,33912,,,-23.766647,-46.716179,,,,2,2023-06-17T02:44:34+00:00
SAO_6052-10,São Paulo,3550308,True,,33912,,,-23.7760525,-46.691014499999994,,,,2,2023-06-17T02:44:08+00:00
SAO_6052-10,São Paulo,3550308,True,,33912,,,-23.7757335,-46.691438500000004,,,,2,2023-06-17T02:44:09+00:00
SAO_5178-10,São Paulo,3550308,True,,33363,,,-23.688633000000003,-46.638399750000005,,,,2,2023-06-17T02:44:10+00:00
SAO_5178-10,São Paulo,3550308,True,,33363,,,-23.655248,-46.666796500000004,,,,2,2023-06-17T02:44:22+00:00
SAO_5178-10,São Paulo,3550308,True,,33363,,,-23.656833,-46.6653345,,,,2,2023-06-17T02:44:14+00:00
SAO_5178-10,São Paulo,3550308,True,,33363,,,-23.6819205,-46.642920000000004,,,,2,2023-06-17T02:44:09+00:00
SAO_5178-10,São Paulo,3550308,True,,33363,,,-23.555681,-46.6395115,,,,2,2023-06-17T02:44:31+00:00
SAO_5178-10,São Paulo,3550308,True,,33363,,,-23.6813945,-46.6423845,,,,2,2023-06-17T02:44:07+00:00
SAO_5178-10,São Paulo,3550308,True,,33363,,,-23.5958135,-46.650927249999995,,,,2,2023-06-17T02:44:23+00:00
SAO_407W-10,São Paulo,3550308,True,,34972,,,-23.584690000000002,-46.5105585,,,,2,2023-06-17T02:44:23+00:00
SAO_407W-10,São Paulo,3550308,True,,34972,,,-23.540174999999998,-46.55162,,,,2,2023-06-17T02:44:19+00:00
SAO_513C-31,São Paulo,3550308,True,,35304,,,-23.606419000000002,-46.5629485,,,,2,2023-06-17T02:44:39+00:00
SAO_513C-31,São Paulo,3550308,True,,35304,,,-23.608777500000002,-46.472828500000006,,,,2,2023-06-17T02:44:38+00:00
SAO_513C-31,São Paulo,3550308,True,,35304,,,-23.534657000000003,-46.453751499999996,,,,2,2023-06-17T02:44:07+00:00
SAO_2002-10,São Paulo,3550308,True,STT,711,https://moovitapp.com/index/pt-br/transporte_p%C3%BAblico-line-711-Sao_Paulo-242-850661-183340-0,5.3,-23.550061,-46.6314055,,,,1,2023-06-17T02:44:20+00:00
SAO_2002-10,São Paulo,3550308,True,STT,711,https://moovitapp.com/index/pt-br/transporte_p%C3%BAblico-line-711-Sao_Paulo-242-850661-183340-0,5.3,-23.544340375,-46.644217624999996,,,,1,2023-06-17T02:44:16+00:00
SAO_2002-10,São Paulo,3550308,True,STT,711,https://moovitapp.com/index/pt-br/transporte_p%C3%BAblico-line-711-Sao_Paulo-242-850661-183340-0,5.3,-23.547219,-46.6295935,,,,1,2023-06-17T02:44:08+00:00
SAO_253F-10,São Paulo,3550308,True,,32926,,,-23.5153105,-46.46291,,,,2,2023-06-17T02:44:36+00:00
SAO_253F-10,São Paulo,3550308,True,,32926,,,-23.569633,-46.446982500000004,,,,2,2023-06-17T02:44:35+00:00
SAO_253F-10,São Paulo,3550308,True,,32926,,,-23.596264875000003,-46.45482750000001,,,,2,2023-06-17T02:43:45+00:00
SAO_5103-10,São Paulo,3550308,True,,34414,,,-23.6114965,-46.663571000000005,,,,2,2023-06-17T02:44:38+00:00
SAO_5103-10,São Paulo,3550308,True,,34414,,,-23.60477175,-46.614219750000004,,,,2,2023-06-17T02:44:19+00:00
SAO_5103-10,São Paulo,3550308,True,,34414,,,-23.6032395,-46.604252,,,,2,2023-06-17T02:44:27+00:00
SAO_272N-10,São Paulo,3550308,True,,705,,,-23.522828,-46.564374,,,,1,2023-06-17T02:42:33+00:00
SAO_2105-10,São Paulo,3550308,True,,35015,,,-23.541362,-46.616728,,,,2,2023-06-17T02:44:29+00:00
SAO_2105-10,São Paulo,3550308,True,,35015,,,-23.4356455,-46.582466,,,,2,2023-06-17T02:44:32+00:00
SAO_2105-10,São Paulo,3550308,True,,35015,,,-23.4352895,-46.5818785,,,,2,2023-06-17T02:44:08+00:00
SAO_2105-10,São Paulo,3550308,True,,35015,,,-23.435454,-46.582171,,,,2,2023-06-17T02:44:13+00:00
SAO_2105-10,São Paulo,3550308,True,,35015,,,-23.435150999999998,-46.581629,,,,2,2023-06-17T02:43:56+00:00
SAO_2105-10,São Paulo,3550308,True,,35015,,,-23.4579565,-46.602463,,,,2,2023-06-17T02:41:53+00:00
SAO_2715-10,São Paulo,3550308,True,,33696,,,-23.514140249999997,-46.500502,,,,2,2023-06-17T02:44:30+00:00
SAO_2715-10,São Paulo,3550308,True,,33696,,,-23.4981815,-46.502826,,,,2,2023-06-17T02:44:27+00:00
SAO_2715-10,São Paulo,3550308,True,,33696,,,-23.508188500000003,-46.5002075,,,,2,2023-06-17T02:44:27+00:00
SAO_2715-10,São Paulo,3550308,True,,33696,,,-23.529969375,-46.502511,,,,2,2023-06-17T02:44:24+00:00
SAO_2715-10,São Paulo,3550308,True,,33696,,,-23.4980505,-46.503099,,,,2,2023-06-17T02:44:39+00:00
SAO_2715-10,São Paulo,3550308,True,,33696,,,-23.497130000000002,-46.502942875,,,,2,2023-06-17T02:44:09+00:00
SAO_5024-31,São Paulo,3550308,True,,1123,,,-23.692546,-46.6527335,,,,1,2023-06-17T02:43:36+00:00
SAO_7021-10,São Paulo,3550308,True,,34757,,,-23.6706775,-46.767814,,,,2,2023-06-17T02:42:21+00:00
SAO_7021-10,São Paulo,3550308,True,,34757,,,-23.646717,-46.730518,,,,2,2023-06-17T02:43:54+00:00
SAO_7021-10,São Paulo,3550308,True,,34757,,,-23.671203,-46.768555000000006,,,,2,2023-06-17T02:44:35+00:00
SAO_1742-10,São Paulo,3550308,True,EMTU,542,https://moovitapp.com/index/pt-br/transporte_p%C3%BAblico-line-542-Sao_Paulo-242-2038937-59914572-0,5.4,-23.4692485,-46.644921999999994,,,,1,2023-06-17T02:44:36+00:00
SAO_1742-10,São Paulo,3550308,True,EMTU,542,https://moovitapp.com/index/pt-br/transporte_p%C3%BAblico-line-542-Sao_Paulo-242-2038937-59914572-0,5.4,-23.4568285,-46.658956,,,,1,2023-06-17T02:44:16+00:00
SAO_2710-10,São Paulo,3550308,True,,33692,,,-23.52483075,-46.490063750000004,,,,2,2023-06-17T02:44:11+00:00
SAO_2710-10,São Paulo,3550308,True,,33692,,,-23.526115499999996,-46.500827875,,,,2,2023-06-17T02:44:26+00:00
SAO_3027-10,São Paulo,3550308,True,,963,,,-23.5431935,-46.4152505,,,,1,2023-06-17T02:44:05+00:00
SAO_3027-10,São Paulo,3550308,True,,963,,,-23.542671749999997,-46.42028125,,,,1,2023-06-17T02:44:23+00:00
SAO_3027-10,São Paulo,3550308,True,,963,,,-23.563912000000002,-46.5052585,,,,1,2023-06-17T02:44:04+00:00
SAO_3027-10,São Paulo,3550308,True,,963,,,-23.570301999999998,-46.5039455,,,,1,2023-06-17T02:44:05+00:00
SAO_3027-10,São Paulo,3550308,True,,963,,,-23.5431935,-46.4152505,,,,1,2023-06-17T02:44:34+00:00
SAO_3027-10,São Paulo,3550308,True,,963,,,-23.5411675,-46.43559125,,,,1,2023-06-17T02:44:13+00:00
SAO_3027-10,São Paulo,3550308,True,,963,,,-23.5431935,-46.4152505,,,,1,2023-06-17T02:44:13+00:00
SAO_3027-10,São Paulo,3550308,True,,963,,,-23.553698875000002,-46.456072625000004,,,,1,2023-06-17T02:43:58+00:00
SAO_6062-10,São Paulo,3550308,True,,1151,,,-23.737047,-46.697469,,,,1,2023-06-17T02:44:02+00:00
SAO_1785-10,São Paulo,3550308,True,,1816,,,-23.47457825,-46.624964999999996,,,,1,2023-06-17T02:44:03+00:00
SAO_1738-10,São Paulo,3550308,True,,33440,,,-23.486039499999997,-46.6050195,,,,2,2023-06-17T02:41:05+00:00
SAO_1738-10,São Paulo,3550308,True,,33440,,,-23.505153,-46.623674875,,,,2,2023-06-17T02:44:39+00:00
SAO_1738-10,São Paulo,3550308,True,,33440,,,-23.49187675,-46.60020575,,,,2,2023-06-17T02:44:33+00:00
SAO_1738-10,São Paulo,3550308,True,,33440,,,-23.4735475,-46.581099,,,,2,2023-06-17T02:44:09+00:00
SAO_1738-10,São Paulo,3550308,True,,33440,,,-23.487506125,-46.608772625,,,,2,2023-06-17T02:44:19+00:00
SAO_1732-10,São Paulo,3550308,True,,671,,,-23.503574874999998,-46.634133625000004,,,,1,2023-06-17T02:44:33+00:00
SAO_1732-10,São Paulo,3550308,True,,671,,,-23.48146,-46.59832675,,,,1,2023-06-17T02:44:37+00:00
SAO_1732-10,São Paulo,3550308,True,,671,,,-23.540057,-46.648011,,,,1,2023-06-17T02:43:55+00:00
SAO_477U-10,São Paulo,3550308,True,,33074,,,-23.60934,-46.5948055,,,,2,2023-06-17T02:44:18+00:00
SAO_477U-10,São Paulo,3550308,True,,33074,,,-23.589645750000003,-46.608054249999995,,,,2,2023-06-17T02:43:59+00:00
SAO_4111-10,São Paulo,3550308,True,Cidade de Caieiras,320,https://moovitapp.com/index/pt-br/transporte_p%C3%BAblico-line-320-Sao_Paulo-242-868761-752903-0,5.0,-23.558548875,-46.62563,,,,1,2023-06-17T02:44:26+00:00
SAO_6057-10,São Paulo,3550308,True,,33916,,,-23.763317999999998,-46.705904000000004,,,,2,2023-06-17T02:39:03+00:00
SAO_6057-10,São Paulo,3550308,True,,33916,,,-23.762890249999998,-46.70315625,,,,2,2023-06-17T02:43:52+00:00
SAO_6057-10,São Paulo,3550308,True,,33916,,,-23.766202,-46.7087025,,,,2,2023-06-17T02:44:25+00:00
SAO_6057-10,São Paulo,3550308,True,,33916,,,-23.743261,-46.702836500000004,,,,2,2023-06-17T02:43:57+00:00
SAO_6057-10,São Paulo,3550308,True,,33916,,,-23.766046,-46.708518,,,,2,2023-06-17T02:44:23+00:00
SAO_6057-10,São Paulo,3550308,True,,33916,,,-23.766046,-46.708518,,,,2,2023-06-17T02:44:09+00:00
SAO_271C-10,São Paulo,3550308,True,STT,682,https://moovitapp.com/index/pt-br/transporte_p%C3%BAblico-line-682-Sao_Paulo-242-850661-183336-0,5.3,-23.5335615,-46.644628250000004,,,,1,2023-06-17T02:44:12+00:00
SAO_271C-10,São Paulo,3550308,True,STT,682,https://moovitapp.com/index/pt-br/transporte_p%C3%BAblico-line-682-Sao_Paulo-242-850661-183336-0,5.3,-23.500271249999997,-46.5727485,,,,1,2023-06-17T02:42:17+00:00
SAO_6338-10,São Paulo,3550308,True,,34061,,,-23.679968000000002,-46.636858000000004,,,,2,2023-06-17T02:44:18+00:00
SAO_6338-10,São Paulo,3550308,True,,34061,,,-23.596855249999997,-46.64572162499999,,,,2,2023-06-17T02:44:12+00:00
SAO_6338-10,São Paulo,3550308,True,,34061,,,-23.63270675,-46.645305,,,,2,2023-06-17T02:44:27+00:00
SAO_6338-10,São Paulo,3550308,True,,34061,,,-23.65856325,-46.649964,,,,2,2023-06-17T02:44:30+00:00
SAO_6338-10,São Paulo,3550308,True,,34061,,,-23.6408175,-46.643728499999995,,,,2,2023-06-17T02:40:47+00:00
SAO_6338-10,São Paulo,3550308,True,,34061,,,-23.680498999999998,-46.6375295,,,,2,2023-06-17T02:44:06+00:00
SAO_8022-10,São Paulo,3550308,True,,34853,,,-23.559817000000002,-46.739328,,,,2,2023-06-17T02:44:27+00:00
SAO_8022-10,São Paulo,3550308,True,,34853,,,-23.568507500000003,-46.729772,,,,2,2023-06-17T02:44:33+00:00
SAO_407F-10,São Paulo,3550308,True,,2167,,,-23.5621555,-46.5617765,,,,1,2023-06-17T02:44:08+00:00
SAO_407F-10,São Paulo,3550308,True,,2167,,,-23.583747,-46.493996499999994,,,,1,2023-06-17T02:44:17+00:00
SAO_407F-10,São Paulo,3550308,True,,2167,,,-23.612665,-46.476373499999994,,,,1,2023-06-17T02:43:54+00:00
SAO_407F-10,São Paulo,3550308,True,,2167,,,-23.5735485,-46.532583,,,,1,2023-06-17T02:44:14+00:00
SAO_6806-10,São Paulo,3550308,True,BR7 Mobilidade,32,https://moovitapp.com/index/pt-br/transporte_p%C3%BAblico-line-32-Sao_Paulo-242-851856-586488-0,5.75,-23.6440135,-46.734696,,,,1,2023-06-17T02:44:29+00:00
SAO_5141-10,São Paulo,3550308,True,,34393,,,-23.614004,-46.501168500000006,,,,2,2023-06-17T02:44:04+00:00
SAO_5141-10,São Paulo,3550308,True,,34393,,,-23.61459425,-46.500975,,,,2,2023-06-17T02:44:30+00:00
SAO_5141-10,São Paulo,3550308,True,,34393,,,-23.5896695,-46.53211949999999,,,,2,2023-06-17T02:44:11+00:00
SAO_909T-10,São Paulo,3550308,True,,35024,,,-23.565859,-46.7013775,,,,2,2023-06-17T02:44:12+00:00
SAO_909T-10,São Paulo,3550308,True,,35024,,,-23.547648,-46.630084999999994,,,,2,2023-06-17T02:44:38+00:00
SAO_909T-10,São Paulo,3550308,True,,35024,,,-23.5450955,-46.6437275,,,,2,2023-06-17T02:44:07+00:00
SAO_2009-10,São Paulo,3550308,True,,33666,,,-23.5101,-46.4144235,,,,2,2023-06-17T02:27:30+00:00
SAO_2009-10,São Paulo,3550308,True,,33666,,,-23.513661250000002,-46.412407375,,,,2,2023-06-17T02:42:54+00:00
SAO_2009-10,São Paulo,3550308,True,,33666,,,-23.529732000000003,-46.415752499999996,,,,2,2023-06-17T02:42:52+00:00
SAO_2009-10,São Paulo,3550308,True,,33666,,,-23.520145,-46.4132195,,,,2,2023-06-17T02:39:45+00:00
SAO_6970-10,São Paulo,3550308,True,,1505,,,-23.737581499999997,-46.697899500000005,,,,1,2023-06-17T02:44:05+00:00
SAO_6970-10,São Paulo,3550308,True,,1505,,,-23.711123,-46.7109855,,,,1,2023-06-17T02:44:24+00:00
SAO_6970-10,São Paulo,3550308,True,,1505,,,-23.737581499999997,-46.697899500000005,,,,1,2023-06-17T02:44:20+00:00
SAO_6970-10,São Paulo,3550308,True,,1505,,,-23.737581499999997,-46.697899500000005,,,,1,2023-06-17T02:44:14+00:00
SAO_3099-10,São Paulo,3550308,True,,1079,,,-23.593664125,-46.488393499999994,,,,1,2023-06-17T02:44:29+00:00
SAO_3099-10,São Paulo,3550308,True,,1079,,,-23.623746750000002,-46.4647255,,,,1,2023-06-17T02:44:06+00:00
SAO_3099-10,São Paulo,3550308,True,,1079,,,-23.6129015,-46.444473,,,,1,2023-06-17T02:44:21+00:00
SAO_3099-10,São Paulo,3550308,True,,1079,,,-23.6126845,-46.4445915,,,,1,2023-06-17T02:44:39+00:00
SAO_3099-10,São Paulo,3550308,True,,1079,,,-23.619170500000003,-46.468322,,,,1,2023-06-17T02:43:59+00:00
SAO_3099-10,São Paulo,3550308,True,,1079,,,-23.6119185,-46.476276999999996,,,,1,2023-06-17T02:44:21+00:00
SAO_3099-10,São Paulo,3550308,True,,1079,,,-23.6074275,-46.4460355,,,,1,2023-06-17T02:44:35+00:00
SAO_3099-10,São Paulo,3550308,True,,1079,,,-23.612834499999998,-46.444575,,,,1,2023-06-17T02:44:40+00:00
SAO_6816-31,São Paulo,3550308,True,,34516,,,-23.6484645,-46.784849,,,,2,2023-06-17T02:44:36+00:00
SAO_6418-10,São Paulo,3550308,True,,771,,,-23.61575925,-46.692183,,,,1,2023-06-17T02:44:34+00:00
SAO_675X-10,São Paulo,3550308,True,,32879,,,-23.70156925,-46.701597250000006,,,,2,2023-06-17T02:44:38+00:00
SAO_675X-10,São Paulo,3550308,True,,32879,,,-23.59772075,-46.65096225,,,,2,2023-06-17T02:44:36+00:00
SAO_675X-10,São Paulo,3550308,True,,32879,,,-23.6433235,-46.70051375,,,,2,2023-06-17T02:44:33+00:00
SAO_978A-10,São Paulo,3550308,True,,1369,,,-23.4756295,-46.6704885,,,,1,2023-06-17T02:44:07+00:00
SAO_978A-10,São Paulo,3550308,True,,1369,,,-23.4756295,-46.6704885,,,,1,2023-06-17T02:44:22+00:00
SAO_978A-10,São Paulo,3550308,True,,1369,,,-23.4756295,-46.6704885,,,,1,2023-06-17T02:44:21+00:00
SAO_978A-10,São Paulo,3550308,True,,1369,,,-23.481772,-46.675966,,,,1,2023-06-17T02:44:22+00:00
SAO_978A-10,São Paulo,3550308,True,,1369,,,-23.4756295,-46.6704885,,,,1,2023-06-17T02:44:04+00:00
SAO_978A-10,São Paulo,3550308,True,,1369,,,-23.4756295,-46.6704885,,,,1,2023-06-17T02:44:29+00:00
SAO_6055-10,São Paulo,3550308,True,,1146,,,-23.7266495,-46.699323500000006,,,,1,2023-06-17T02:44:06+00:00
SAO_6055-10,São Paulo,3550308,True,,1146,,,-23.673527,-46.677679999999995,,,,1,2023-06-17T02:44:07+00:00
SAO_6055-10,São Paulo,3550308,True,,1146,,,-23.756121999999998,-46.7011755,,,,1,2023-06-17T02:44:15+00:00
SAO_807A-10,São Paulo,3550308,True,,1900,,,-23.64906275,-46.709715,,,,1,2023-06-17T02:44:11+00:00
SAO_807A-10,São Paulo,3550308,True,,1900,,,-23.643682,-46.7423945,,,,1,2023-06-17T02:43:55+00:00
SAO_807A-10,São Paulo,3550308,True,,1900,,,-23.638002,-46.7677385,,,,1,2023-06-17T02:44:29+00:00
SAO_6358-10,São Paulo,3550308,True,,1294,,,-23.5491125,-46.640139500000004,,,,1,2023-06-17T02:44:32+00:00
SAO_6358-10,São Paulo,3550308,True,,1294,,,-23.67205125,-46.645169499999994,,,,1,2023-06-17T02:43:55+00:00
SAO_6358-10,São Paulo,3550308,True,,1294,,,-23.68493,-46.637550000000005,,,,1,2023-06-17T02:44:03+00:00
SAO_6358-10,São Paulo,3550308,True,,1294,,,-23.61079,-46.66888175,,,,1,2023-06-17T02:44:17+00:00
SAO_6358-10,São Paulo,3550308,True,,1294,,,-23.5495165,-46.6390275,,,,1,2023-06-17T02:44:21+00:00
SAO_6358-10,São Paulo,3550308,True,,1294,,,-23.5778505,-46.662908,,,,1,2023-06-17T02:44:19+00:00
SAO_4716-10,São Paulo,3550308,True,,1106,,,-23.6029715,-46.63502975,,,,1,2023-06-17T02:44:04+00:00
SAO_4716-10,São Paulo,3550308,True,,1106,,,-23.613712,-46.617335499999996,,,,1,2023-06-17T02:44:21+00:00
SAO_4716-10,São Paulo,3550308,True,,1106,,,-23.6120765,-46.608645249999995,,,,1,2023-06-17T02:44:01+00:00
SAO_4716-10,São Paulo,3550308,True,,1106,,,-23.599649,-46.637840499999996,,,,1,2023-06-17T02:44:40+00:00
SAO_263J-10,São Paulo,3550308,True,EMTU,219,https://moovitapp.com/index/pt-br/transporte_p%C3%BAblico-line-219-Sao_Paulo-242-2038937-36419341-0,8.55,-23.507317999999998,-46.483102,,,,1,2023-06-17T02:44:19+00:00
SAO_263J-10,São Paulo,3550308,True,EMTU,219,https://moovitapp.com/index/pt-br/transporte_p%C3%BAblico-line-219-Sao_Paulo-242-2038937-36419341-0,8.55,-23.549456,-46.4312205,,,,1,2023-06-17T02:44:29+00:00
SAO_263J-10,São Paulo,3550308,True,EMTU,219,https://moovitapp.com/index/pt-br/transporte_p%C3%BAblico-line-219-Sao_Paulo-242-2038937-36419341-0,8.55,-23.549966249999997,-46.43092575,,,,1,2023-06-17T02:44:10+00:00
SAO_263J-10,São Paulo,3550308,True,EMTU,219,https://moovitapp.com/index/pt-br/transporte_p%C3%BAblico-line-219-Sao_Paulo-242-2038937-36419341-0,8.55,-23.536890999999997,-46.470526500000005,,,,1,2023-06-17T02:44:18+00:00
SAO_263J-10,São Paulo,3550308,True,EMTU,219,https://moovitapp.com/index/pt-br/transporte_p%C3%BAblico-line-219-Sao_Paulo-242-2038937-36419341-0,8.55,-23.5502825,-46.430747,,,,1,2023-06-17T02:44:04+00:00
SAO_263J-10,São Paulo,3550308,True,EMTU,219,https://moovitapp.com/index/pt-br/transporte_p%C3%BAblico-line-219-Sao_Paulo-242-2038937-36419341-0,8.55,-23.5221825,-46.5262355,,,,1,2023-06-17T02:44:35+00:00
SAO_263J-10,São Paulo,3550308,True,EMTU,219,https://moovitapp.com/index/pt-br/transporte_p%C3%BAblico-line-219-Sao_Paulo-242-2038937-36419341-0,8.55,-23.5502825,-46.430747,,,,1,2023-06-17T02:44:36+00:00
SAO_1025-10,São Paulo,3550308,True,,35071,,,-23.46414,-46.700824999999995,,,,2,2023-06-17T02:44:39+00:00
SAO_1025-10,São Paulo,3550308,True,,35071,,,-23.489131999999998,-46.698161999999996,,,,2,2023-06-17T02:44:11+00:00
SAO_1025-10,São Paulo,3550308,True,,35071,,,-23.453736,-46.706875499999995,,,,2,2023-06-17T02:44:12+00:00
SAO_746P-10,São Paulo,3550308,True,,788,,,-23.6435075,-46.725114000000005,,,,1,2023-06-17T02:44:12+00:00
SAO_746P-10,São Paulo,3550308,True,,788,,,-23.641725375,-46.71449737500001,,,,1,2023-06-17T02:39:23+00:00
SAO_746P-10,São Paulo,3550308,True,,788,,,-23.6186035,-46.731608,,,,1,2023-06-17T02:43:57+00:00
SAO_746P-10,São Paulo,3550308,True,,788,,,-23.618063,-46.72137,,,,1,2023-06-17T02:44:37+00:00
SAO_746P-10,São Paulo,3550308,True,,788,,,-23.6373245,-46.736935,,,,1,2023-06-17T02:44:38+00:00
SAO_4033-10,São Paulo,3550308,True,,1103,,,-23.604014499999998,-46.538113499999994,,,,1,2023-06-17T02:44:27+00:00
SAO_4033-10,São Paulo,3550308,True,,1103,,,-23.618655500000003,-46.468450000000004,,,,1,2023-06-17T02:44:12+00:00
SAO_4033-10,São Paulo,3550308,True,,1103,,,-23.619855,-46.467807,,,,1,2023-06-17T02:44:36+00:00
SAO_4033-10,São Paulo,3550308,True,,1103,,,-23.616728,-46.451356000000004,,,,1,2023-06-17T02:44:07+00:00
SAO_4033-10,São Paulo,3550308,True,,1103,,,-23.599377,-46.538903000000005,,,,1,2023-06-17T02:44:13+00:00
SAO_4033-10,São Paulo,3550308,True,,1103,,,-23.612465999999998,-46.4774605,,,,1,2023-06-17T02:44:29+00:00
SAO_4033-10,São Paulo,3550308,True,,1103,,,-23.612465999999998,-46.4774605,,,,1,2023-06-17T02:44:09+00:00
SAO_4033-10,São Paulo,3550308,True,,1103,,,-23.6040535,-46.503836,,,,1,2023-06-17T02:43:59+00:00
SAO_4033-10,São Paulo,3550308,True,,1103,,,-23.6016185,-46.525967,,,,1,2023-06-17T02:44:38+00:00
SAO_4033-10,São Paulo,3550308,True,,1103,,,-23.602292499999997,-46.539493,,,,1,2023-06-17T02:44:20+00:00
SAO_8065-10,São Paulo,3550308,True,,33189,,,-23.469812500000003,-46.7517455,,,,2,2023-06-17T02:44:03+00:00
SAO_8065-10,São Paulo,3550308,True,,33189,,,-23.4702015,-46.7514945,,,,2,2023-06-17T02:44:32+00:00
SAO_9789-10,São Paulo,3550308,True,,33597,,,-23.50524975,-46.67300725,,,,2,2023-06-17T02:43:56+00:00
SAO_948A-10,São Paulo,3550308,True,,34191,,,-23.5201025,-46.700795,,,,2,2023-06-17T02:44:36+00:00
SAO_948A-10,São Paulo,3550308,True,,34191,,,-23.4694535,-46.7135935,,,,2,2023-06-17T02:44:17+00:00
SAO_948A-10,São Paulo,3550308,True,,34191,,,-23.4694535,-46.7135935,,,,2,2023-06-17T02:44:37+00:00
SAO_948A-10,São Paulo,3550308,True,,34191,,,-23.52175,-46.697756999999996,,,,2,2023-06-17T02:44:13+00:00
SAO_938P-10,São Paulo,3550308,True,,888,,,-23.498425,-46.692626000000004,,,,1,2023-06-17T02:44:26+00:00
SAO_938P-10,São Paulo,3550308,True,,888,,,-23.522192,-46.703907,,,,1,2023-06-17T02:43:57+00:00
SAO_938P-10,São Paulo,3550308,True,,888,,,-23.526743250000003,-46.6866685,,,,1,2023-06-17T02:44:05+00:00
SAO_938P-10,São Paulo,3550308,True,,888,,,-23.462593499999997,-46.6814735,,,,1,2023-06-17T02:44:19+00:00
SAO_938P-10,São Paulo,3550308,True,,888,,,-23.5312165,-46.67845,,,,1,2023-06-17T02:44:18+00:00
SAO_5290-10,São Paulo,3550308,True,,597,,,-23.55947775,-46.637647,,,,1,2023-06-17T02:44:36+00:00
SAO_5290-10,São Paulo,3550308,True,,597,,,-23.5465655,-46.630341,,,,1,2023-06-17T02:44:27+00:00
SAO_5290-10,São Paulo,3550308,True,,597,,,-23.640931000000002,-46.6413955,,,,1,2023-06-17T02:44:28+00:00
SAO_5290-10,São Paulo,3550308,True,,597,,,-23.6079275,-46.6377185,,,,1,2023-06-17T02:44:27+00:00
SAO_5290-10,São Paulo,3550308,True,,597,,,-23.6816055,-46.6367515,,,,1,2023-06-17T02:44:34+00:00
SAO_5021-10,São Paulo,3550308,True,,1667,,,-23.602472249999998,-46.61305475,,,,1,2023-06-17T02:44:40+00:00
SAO_2723-10,São Paulo,3550308,True,,937,,,-23.540677000000002,-46.4667495,,,,1,2023-06-17T02:44:38+00:00
SAO_2723-10,São Paulo,3550308,True,,937,,,-23.54223,-46.4724785,,,,1,2023-06-17T02:44:39+00:00
SAO_2723-10,São Paulo,3550308,True,,937,,,-23.53658425,-46.4552265,,,,1,2023-06-17T02:44:25+00:00
SAO_2723-10,São Paulo,3550308,True,,937,,,-23.507639,-46.443221,,,,1,2023-06-17T02:44:15+00:00
SAO_888P-10,São Paulo,3550308,True,,33222,,,-23.408581,-46.74407475,,,,2,2023-06-17T02:44:17+00:00
SAO_888P-10,São Paulo,3550308,True,,33222,,,-23.449891,-46.735252,,,,2,2023-06-17T02:44:31+00:00
SAO_888P-10,São Paulo,3550308,True,,33222,,,-23.4401245,-46.749575,,,,2,2023-06-17T02:43:58+00:00
SAO_888P-10,São Paulo,3550308,True,,33222,,,-23.436176,-46.717684625000004,,,,2,2023-06-17T02:44:19+00:00
SAO_888P-10,São Paulo,3550308,True,,33222,,,-23.408123,-46.741294999999994,,,,2,2023-06-17T02:44:17+00:00
SAO_888P-10,São Paulo,3550308,True,,33222,,,-23.408328,-46.741003,,,,2,2023-06-17T02:44:36+00:00
SAO_888P-10,São Paulo,3550308,True,,33222,,,-23.4053295,-46.747971,,,,2,2023-06-17T02:44:25+00:00
SAO_888P-10,São Paulo,3550308,True,,33222,,,-23.408123,-46.741294999999994,,,,2,2023-06-17T02:44:02+00:00
SAO_1018-10,São Paulo,3550308,True,,832,,,-23.502404499999997,-46.6235925,,,,1,2023-06-17T02:44:05+00:00
SAO_1018-10,São Paulo,3550308,True,,832,,,-23.46590275,-46.61622925,,,,1,2023-06-17T02:44:10+00:00
SAO_2060-10,São Paulo,3550308,True,,32902,,,-23.524880625,-46.470176374999994,,,,2,2023-06-17T02:44:18+00:00
SAO_2060-10,São Paulo,3550308,True,,32902,,,-23.519024125,-46.475913874999996,,,,2,2023-06-17T02:44:20+00:00
SAO_2060-10,São Paulo,3550308,True,,32902,,,-23.519024125,-46.475913874999996,,,,2,2023-06-17T02:44:33+00:00
SAO_7011-10,São Paulo,3550308,True,,34720,,,-23.707812,-46.7918005,,,,2,2023-06-17T02:44:25+00:00
SAO_7011-10,São Paulo,3550308,True,,34720,,,-23.707335,-46.791682,,,,2,2023-06-17T02:44:27+00:00
SAO_7011-10,São Paulo,3550308,True,,34720,,,-23.683030000000002,-46.7687525,,,,2,2023-06-17T02:44:21+00:00
SAO_719R-10,São Paulo,3550308,True,EMTU,469,https://moovitapp.com/index/pt-br/transporte_p%C3%BAblico-line-469-Sao_Paulo-242-2038937-36419507-0,5.4,-23.536272750000002,-46.64866537500001,,,,1,2023-06-17T02:44:22+00:00
SAO_719R-10,São Paulo,3550308,True,EMTU,469,https://moovitapp.com/index/pt-br/transporte_p%C3%BAblico-line-469-Sao_Paulo-242-2038937-36419507-0,5.4,-23.571101,-46.698893999999996,,,,1,2023-06-17T02:44:35+00:00
SAO_719R-10,São Paulo,3550308,True,EMTU,469,https://moovitapp.com/index/pt-br/transporte_p%C3%BAblico-line-469-Sao_Paulo-242-2038937-36419507-0,5.4,-23.5484335,-46.659047625,,,,1,2023-06-17T02:44:12+00:00
SAO_719R-10,São Paulo,3550308,True,EMTU,469,https://moovitapp.com/index/pt-br/transporte_p%C3%BAblico-line-469-Sao_Paulo-242-2038937-36419507-0,5.4,-23.5263675,-46.666242999999994,,,,1,2023-06-17T02:44:02+00:00
SAO_4031-10,São Paulo,3550308,True,,1101,,,-23.6020945,-46.5304465,,,,1,2023-06-17T02:44:38+00:00
SAO_4031-10,São Paulo,3550308,True,,1101,,,-23.61408,-46.517419000000004,,,,1,2023-06-17T02:44:07+00:00
SAO_4031-10,São Paulo,3550308,True,,1101,,,-23.6040335,-46.5168015,,,,1,2023-06-17T02:44:02+00:00
SAO_4031-10,São Paulo,3550308,True,,1101,,,-23.5839635,-46.581899,,,,1,2023-06-17T02:43:58+00:00
SAO_4031-10,São Paulo,3550308,True,,1101,,,-23.614919,-46.514019000000005,,,,1,2023-06-17T02:44:13+00:00
SAO_4031-10,São Paulo,3550308,True,,1101,,,-23.61408,-46.517419000000004,,,,1,2023-06-17T02:44:39+00:00
SAO_4031-10,São Paulo,3550308,True,,1101,,,-23.5939305,-46.561763,,,,1,2023-06-17T02:44:38+00:00
SAO_4031-10,São Paulo,3550308,True,,1101,,,-23.61408,-46.517419000000004,,,,1,2023-06-17T02:44:07+00:00
SAO_7060-10,São Paulo,3550308,True,,34657,,,-23.664915,-46.7826465,,,,2,2023-06-17T02:44:21+00:00
SAO_7060-10,São Paulo,3550308,True,,34657,,,-23.685482999999998,-46.800789249999994,,,,2,2023-06-17T02:44:21+00:00
SAO_3013-10,São Paulo,3550308,True,,33722,,,-23.5970445,-46.412530000000004,,,,2,2023-06-17T02:44:00+00:00
SAO_3013-10,São Paulo,3550308,True,,33722,,,-23.582991999999997,-46.4079,,,,2,2023-06-17T02:44:20+00:00
SAO_9002-10,São Paulo,3550308,True,,870,,,-23.469564,-46.670511000000005,,,,1,2023-06-17T02:44:33+00:00
SAO_9002-10,São Paulo,3550308,True,,870,,,-23.45437475,-46.668664500000006,,,,1,2023-06-17T02:43:55+00:00
SAO_5018-10,São Paulo,3550308,True,,34260,,,-23.67568,-46.67331825,,,,2,2023-06-17T02:44:12+00:00
SAO_5018-10,São Paulo,3550308,True,,34260,,,-23.6931685,-46.652756499999995,,,,2,2023-06-17T02:41:38+00:00
SAO_5018-10,São Paulo,3550308,True,,34260,,,-23.680110749999997,-46.64498775,,,,2,2023-06-17T02:39:32+00:00
SAO_5018-10,São Paulo,3550308,True,,34260,,,-23.67568,-46.67331825,,,,2,2023-06-17T02:44:23+00:00
SAO_5018-10,São Paulo,3550308,True,,34260,,,-23.678127500000002,-46.673572,,,,2,2023-06-17T02:44:23+00:00
SAO_7051-10,São Paulo,3550308,True,,34653,,,-23.6312135,-46.772756,,,,2,2023-06-17T02:44:38+00:00
SAO_7051-10,São Paulo,3550308,True,,34653,,,-23.654795999999997,-46.7843735,,,,2,2023-06-17T02:44:11+00:00
SAO_7051-10,São Paulo,3550308,True,,34653,,,-23.654968500000003,-46.784118,,,,2,2023-06-17T02:44:33+00:00
SAO_4016-10,São Paulo,3550308,True,,34957,,,-23.620045125,-46.47759575,,,,2,2023-06-17T02:44:29+00:00
SAO_172U-10,São Paulo,3550308,True,,860,,,-23.525280000000002,-46.62555375,,,,1,2023-06-17T02:44:13+00:00
SAO_172U-10,São Paulo,3550308,True,,860,,,-23.45636925,-46.592832,,,,1,2023-06-17T02:44:00+00:00
SAO_172U-10,São Paulo,3550308,True,,860,,,-23.536128249999997,-46.622919249999995,,,,1,2023-06-17T02:44:35+00:00
SAO_172U-10,São Paulo,3550308,True,,860,,,-23.55362975,-46.59759725,,,,1,2023-06-17T02:44:34+00:00
SAO_172U-10,São Paulo,3550308,True,,860,,,-23.4364685,-46.566394,,,,1,2023-06-17T02:44:35+00:00
SAO_172U-10,São Paulo,3550308,True,,860,,,-23.4391225,-46.5871095,,,,1,2023-06-17T02:44:07+00:00
SAO_7272-10,São Paulo,3550308,True,,34101,,,-23.555418,-46.662732500000004,,,,2,2023-06-17T02:44:37+00:00
SAO_7272-10,São Paulo,3550308,True,,34101,,,-23.518703000000002,-46.707107500000006,,,,2,2023-06-17T02:44:11+00:00
SAO_6L04-10,São Paulo,3550308,True,,1180,,,-23.827945999999997,-46.727483500000005,,,,1,2023-06-17T02:44:19+00:00
SAO_6L04-10,São Paulo,3550308,True,,1180,,,-23.867109,-46.763954,,,,1,2023-06-17T02:44:08+00:00
SAO_6L04-10,São Paulo,3550308,True,,1180,,,-23.828025500000003,-46.7271865,,,,1,2023-06-17T02:44:20+00:00
SAO_7011-31,São Paulo,3550308,True,,1954,,,-23.697587499999997,-46.783291000000006,,,,1,2023-06-17T02:44:00+00:00
SAO_7011-31,São Paulo,3550308,True,,1954,,,-23.7083255,-46.7920035,,,,1,2023-06-17T02:44:27+00:00
SAO_6093-10,São Paulo,3550308,True,,1585,,,-23.8093345,-46.7371645,,,,1,2023-06-17T02:44:24+00:00
SAO_6093-10,São Paulo,3550308,True,,1585,,,-23.765424,-46.7168155,,,,1,2023-06-17T02:44:32+00:00
SAO_6093-10,São Paulo,3550308,True,,1585,,,-23.81769525,-46.734309624999995,,,,1,2023-06-17T02:44:25+00:00
SAO_1156-10,São Paulo,3550308,True,,33427,,,-23.486996,-46.568324000000004,,,,2,2023-06-17T02:44:05+00:00
SAO_1156-10,São Paulo,3550308,True,,33427,,,-23.543156,-46.635720000000006,,,,2,2023-06-17T02:44:08+00:00
SAO_1156-10,São Paulo,3550308,True,,33427,,,-23.530268,-46.631746750000005,,,,2,2023-06-17T02:44:27+00:00
SAO_1156-10,São Paulo,3550308,True,,33427,,,-23.4874285,-46.568459749999995,,,,2,2023-06-17T02:39:53+00:00
SAO_1156-10,São Paulo,3550308,True,,33427,,,-23.486996,-46.568324000000004,,,,2,2023-06-17T02:44:10+00:00
SAO_1156-10,São Paulo,3550308,True,,33427,,,-23.489467249999997,-46.573315,,,,2,2023-06-17T02:44:14+00:00
SAO_1156-10,São Paulo,3550308,True,,33427,,,-23.487218,-46.568332,,,,2,2023-06-17T02:43:56+00:00
SAO_1156-10,São Paulo,3550308,True,,33427,,,-23.4968905,-46.5859915,,,,2,2023-06-17T02:44:03+00:00
SAO_948A-10,São Paulo,3550308,True,,1423,,,-23.507262500000003,-46.7111605,,,,1,2023-06-17T02:44:19+00:00
SAO_948A-10,São Paulo,3550308,True,,1423,,,-23.47061325,-46.71386375,,,,1,2023-06-17T02:44:11+00:00
SAO_948A-10,São Paulo,3550308,True,,1423,,,-23.4731695,-46.713997,,,,1,2023-06-17T02:44:00+00:00
SAO_119C-10,São Paulo,3550308,True,,661,,,-23.528377,-46.61342562499999,,,,1,2023-06-17T02:44:09+00:00
SAO_119C-10,São Paulo,3550308,True,,661,,,-23.478573500000003,-46.569734499999996,,,,1,2023-06-17T02:43:58+00:00
SAO_6110-10,São Paulo,3550308,True,,1184,,,-23.757465,-46.7053555,,,,1,2023-06-17T02:44:32+00:00
SAO_6110-10,São Paulo,3550308,True,,1184,,,-23.757465,-46.7053555,,,,1,2023-06-17T02:44:05+00:00
SAO_6110-10,São Paulo,3550308,True,,1184,,,-23.718775875,-46.700039625,,,,1,2023-06-17T02:44:30+00:00
SAO_6110-10,São Paulo,3550308,True,,1184,,,-23.648092249999998,-46.675681,,,,1,2023-06-17T02:44:11+00:00
SAO_6110-10,São Paulo,3550308,True,,1184,,,-23.675421999999998,-46.678796000000006,,,,1,2023-06-17T02:44:19+00:00
SAO_6110-10,São Paulo,3550308,True,,1184,,,-23.74114,-46.70809,,,,1,2023-06-17T02:44:05+00:00
SAO_1782-10,São Paulo,3550308,True,,33411,,,-23.468948249999997,-46.604072125,,,,2,2023-06-17T02:44:25+00:00
SAO_1782-10,São Paulo,3550308,True,,33411,,,-23.4507355,-46.57235675,,,,2,2023-06-17T02:44:28+00:00
SAO_1782-10,São Paulo,3550308,True,,33411,,,-23.450515,-46.5724465,,,,2,2023-06-17T02:44:17+00:00
SAO_1782-10,São Paulo,3550308,True,,33411,,,-23.4583385,-46.6024095,,,,2,2023-06-17T02:42:01+00:00
SAO_1782-10,São Paulo,3550308,True,,33411,,,-23.502214000000002,-46.6235875,,,,2,2023-06-17T02:44:18+00:00
SAO_2770-10,São Paulo,3550308,True,,243,,,-23.531409,-46.529441,,,,1,2023-06-17T02:44:40+00:00
SAO_2770-10,São Paulo,3550308,True,,243,,,-23.4953015,-46.4312885,,,,1,2023-06-17T02:44:07+00:00
SAO_2770-10,São Paulo,3550308,True,,243,,,-23.531409,-46.529441,,,,1,2023-06-17T02:44:32+00:00
SAO_874T-10,São Paulo,3550308,True,EMTU,307,https://moovitapp.com/index/pt-br/transporte_p%C3%BAblico-line-307-Sao_Paulo-242-2038937-36419399-0,5.2,-23.578726,-46.6400045,,,,1,2023-06-17T02:44:31+00:00
SAO_874T-10,São Paulo,3550308,True,EMTU,307,https://moovitapp.com/index/pt-br/transporte_p%C3%BAblico-line-307-Sao_Paulo-242-2038937-36419399-0,5.2,-23.519713,-46.700866500000004,,,,1,2023-06-17T02:44:16+00:00
SAO_502J-22,São Paulo,3550308,True,,34875,,,-23.69800425,-46.68439000000001,,,,2,2023-06-17T02:44:01+00:00
SAO_502J-22,São Paulo,3550308,True,,34875,,,-23.705616499999998,-46.688542999999996,,,,2,2023-06-17T02:44:17+00:00
SAO_502J-22,São Paulo,3550308,True,,34875,,,-23.7060275,-46.6879755,,,,2,2023-06-17T02:44:08+00:00
SAO_172J-10,São Paulo,3550308,True,,856,,,-23.539910499999998,-46.576531,,,,1,2023-06-17T02:44:26+00:00
SAO_172J-10,São Paulo,3550308,True,,856,,,-23.5399505,-46.576659,,,,1,2023-06-17T02:44:11+00:00
SAO_172J-10,São Paulo,3550308,True,,856,,,-23.515564249999997,-46.587599999999995,,,,1,2023-06-17T02:44:33+00:00
SAO_172J-10,São Paulo,3550308,True,,856,,,-23.527914000000003,-46.597224,,,,1,2023-06-17T02:42:52+00:00
SAO_172J-10,São Paulo,3550308,True,,856,,,-23.534955,-46.5755565,,,,1,2023-06-17T02:44:07+00:00
SAO_172J-10,São Paulo,3550308,True,,856,,,-23.497451,-46.574927875,,,,1,2023-06-17T02:42:23+00:00
SAO_6061-10,São Paulo,3550308,True,,1150,,,-23.7645105,-46.6958585,,,,1,2023-06-17T02:43:59+00:00
SAO_6061-10,São Paulo,3550308,True,,1150,,,-23.7882205,-46.685370500000005,,,,1,2023-06-17T02:43:57+00:00
SAO_6061-10,São Paulo,3550308,True,,1150,,,-23.7817615,-46.681180499999996,,,,1,2023-06-17T02:44:35+00:00
SAO_6061-10,São Paulo,3550308,True,,1150,,,-23.736617,-46.696708,,,,1,2023-06-17T02:44:03+00:00
SAO_6061-10,São Paulo,3550308,True,,1150,,,-23.7817615,-46.681180499999996,,,,1,2023-06-17T02:44:32+00:00
SAO_6061-10,São Paulo,3550308,True,,1150,,,-23.73749875,-46.693042,,,,1,2023-06-17T02:44:31+00:00
SAO_958P-10,São Paulo,3550308,True,,33233,,,-23.48044,-46.7584765,,,,2,2023-06-17T02:44:33+00:00
SAO_958P-10,São Paulo,3550308,True,,33233,,,-23.48044,-46.7584765,,,,2,2023-06-17T02:44:14+00:00
SAO_958P-10,São Paulo,3550308,True,,33233,,,-23.48044,-46.7584765,,,,2,2023-06-17T02:44:29+00:00
SAO_958P-10,São Paulo,3550308,True,,33233,,,-23.547337499999998,-46.71574699999999,,,,2,2023-06-17T02:44:12+00:00
SAO_958P-10,São Paulo,3550308,True,,33233,,,-23.4872475,-46.7597555,,,,2,2023-06-17T02:44:39+00:00
SAO_958P-10,São Paulo,3550308,True,,33233,,,-23.596935000000002,-46.691586,,,,2,2023-06-17T02:44:12+00:00
SAO_178L-10,São Paulo,3550308,True,EMTU,560,https://moovitapp.com/index/pt-br/transporte_p%C3%BAblico-line-560-Sao_Paulo-242-2038937-36419561-0,6.2,-23.5111425,-46.653328,,,,1,2023-06-17T02:44:18+00:00
SAO_178L-10,São Paulo,3550308,True,EMTU,560,https://moovitapp.com/index/pt-br/transporte_p%C3%BAblico-line-560-Sao_Paulo-242-2038937-36419561-0,6.2,-23.4751125,-46.64319,,,,1,2023-06-17T02:44:18+00:00
SAO_178L-10,São Paulo,3550308,True,EMTU,560,https://moovitapp.com/index/pt-br/transporte_p%C3%BAblico-line-560-Sao_Paulo-242-2038937-36419561-0,6.2,-23.549608875,-46.681905125,,,,1,2023-06-17T02:44:30+00:00
SAO_178L-10,São Paulo,3550308,True,EMTU,560,https://moovitapp.com/index/pt-br/transporte_p%C3%BAblico-line-560-Sao_Paulo-242-2038937-36419561-0,6.2,-23.54862,-46.65147,,,,1,2023-06-17T02:44:35+00:00
SAO_211L-10,São Paulo,3550308,True,,2265,,,-23.4708855,-46.650408999999996,,,,1,2023-06-17T02:44:05+00:00
SAO_211L-10,São Paulo,3550308,True,,2265,,,-23.506587875,-46.68920250000001,,,,1,2023-06-17T02:44:12+00:00
SAO_211L-10,São Paulo,3550308,True,,2265,,,-23.482571999999998,-46.631272499999994,,,,1,2023-06-17T02:44:13+00:00
SAO_8072-10,São Paulo,3550308,True,,2079,,,-23.6423545,-46.7659975,,,,1,2023-06-17T02:44:04+00:00
SAO_8072-10,São Paulo,3550308,True,,2079,,,-23.642163,-46.766020499999996,,,,1,2023-06-17T02:44:15+00:00
SAO_8072-10,São Paulo,3550308,True,,2079,,,-23.6379215,-46.7620315,,,,1,2023-06-17T02:44:22+00:00
SAO_8072-10,São Paulo,3550308,True,,2079,,,-23.5998545,-46.747341,,,,1,2023-06-17T02:44:04+00:00
SAO_675M-10,São Paulo,3550308,True,,32876,,,-23.685812,-46.69077375,,,,2,2023-06-17T02:44:24+00:00
SAO_675M-10,São Paulo,3550308,True,,32876,,,-23.721109,-46.6798185,,,,2,2023-06-17T02:43:08+00:00
SAO_675M-10,São Paulo,3550308,True,,32876,,,-23.642553999999997,-46.6508685,,,,2,2023-06-17T02:44:23+00:00
SAO_3796-10,São Paulo,3550308,True,,33842,,,-23.576802,-46.4558705,,,,2,2023-06-17T02:44:31+00:00
SAO_3796-10,São Paulo,3550308,True,,33842,,,-23.5450845,-46.469041000000004,,,,2,2023-06-17T02:44:31+00:00
SAO_3796-10,São Paulo,3550308,True,,33842,,,-23.57623425,-46.452588,,,,2,2023-06-17T02:44:31+00:00
SAO_2766-10,São Paulo,3550308,True,EMTU,405,https://moovitapp.com/index/pt-br/transporte_p%C3%BAblico-line-405-Sao_Paulo-242-2038937-36419467-0,5.35,-23.5205845,-46.390026500000005,,,,1,2023-06-17T02:40:34+00:00
SAO_2766-10,São Paulo,3550308,True,EMTU,405,https://moovitapp.com/index/pt-br/transporte_p%C3%BAblico-line-405-Sao_Paulo-242-2038937-36419467-0,5.35,-23.538300624999998,-46.455633000000006,,,,1,2023-06-17T02:44:21+00:00
SAO_2766-10,São Paulo,3550308,True,EMTU,405,https://moovitapp.com/index/pt-br/transporte_p%C3%BAblico-line-405-Sao_Paulo-242-2038937-36419467-0,5.35,-23.514018,-46.391044,,,,1,2023-06-17T02:23:58+00:00
SAO_2766-10,São Paulo,3550308,True,EMTU,405,https://moovitapp.com/index/pt-br/transporte_p%C3%BAblico-line-405-Sao_Paulo-242-2038937-36419467-0,5.35,-23.5205845,-46.390026500000005,,,,1,2023-06-17T02:44:25+00:00
SAO_3735-10,São Paulo,3550308,True,,1035,,,-23.542843,-46.5025555,,,,1,2023-06-17T02:44:23+00:00
SAO_3735-10,São Paulo,3550308,True,,1035,,,-23.540855999999998,-46.4849405,,,,1,2023-06-17T02:44:27+00:00
SAO_3735-10,São Paulo,3550308,True,,1035,,,-23.540855999999998,-46.4849405,,,,1,2023-06-17T02:44:33+00:00
SAO_3735-10,São Paulo,3550308,True,,1035,,,-23.540855999999998,-46.4849405,,,,1,2023-06-17T02:44:36+00:00
SAO_3735-10,São Paulo,3550308,True,,1035,,,-23.540855999999998,-46.4849405,,,,1,2023-06-17T02:44:36+00:00
SAO_3735-10,São Paulo,3550308,True,,1035,,,-23.543685500000002,-46.491729,,,,1,2023-06-17T02:43:58+00:00
SAO_8001-10,São Paulo,3550308,True,,1251,,,-23.508430500000003,-46.752834,,,,1,2023-06-17T02:44:33+00:00
SAO_971T-10,São Paulo,3550308,True,,618,,,-23.493399,-46.6757375,,,,1,2023-06-17T02:44:14+00:00
SAO_971T-10,São Paulo,3550308,True,,618,,,-23.491739000000003,-46.66778775,,,,1,2023-06-17T02:44:39+00:00
SAO_971T-10,São Paulo,3550308,True,,618,,,-23.502011500000002,-46.625002499999994,,,,1,2023-06-17T02:44:21+00:00
SAO_4742-10,São Paulo,3550308,True,EMTU,342,https://moovitapp.com/index/pt-br/transporte_p%C3%BAblico-line-342-Sao_Paulo-242-2038937-36419426-0,7.55,-23.638104,-46.6087755,,,,1,2023-06-17T02:44:31+00:00
SAO_4742-10,São Paulo,3550308,True,EMTU,342,https://moovitapp.com/index/pt-br/transporte_p%C3%BAblico-line-342-Sao_Paulo-242-2038937-36419426-0,7.55,-23.61998525,-46.63788375,,,,1,2023-06-17T02:44:06+00:00
SAO_4742-10,São Paulo,3550308,True,EMTU,342,https://moovitapp.com/index/pt-br/transporte_p%C3%BAblico-line-342-Sao_Paulo-242-2038937-36419426-0,7.55,-23.638104,-46.6087755,,,,1,2023-06-17T02:44:36+00:00
SAO_4742-10,São Paulo,3550308,True,EMTU,342,https://moovitapp.com/index/pt-br/transporte_p%C3%BAblico-line-342-Sao_Paulo-242-2038937-36419426-0,7.55,-23.6207845,-46.6277405,,,,1,2023-06-17T02:44:04+00:00
SAO_6039-10,São Paulo,3550308,True,,1217,,,-23.64479025,-46.725692,,,,1,2023-06-17T02:44:27+00:00
SAO_6039-10,São Paulo,3550308,True,,1217,,,-23.649037,-46.7542395,,,,1,2023-06-17T02:44:09+00:00
SAO_6039-10,São Paulo,3550308,True,,1217,,,-23.6712045,-46.7866875,,,,1,2023-06-17T02:44:36+00:00
SAO_6039-10,São Paulo,3550308,True,,1217,,,-23.652227250000003,-46.708538,,,,1,2023-06-17T02:44:38+00:00
SAO_2724-10,São Paulo,3550308,True,,33706,,,-23.523636250000003,-46.47435425,,,,2,2023-06-17T02:43:45+00:00
SAO_2724-10,São Paulo,3550308,True,,33706,,,-23.535243,-46.474087499999996,,,,2,2023-06-17T02:44:04+00:00
SAO_2724-10,São Paulo,3550308,True,,33706,,,-23.538683,-46.480537749999996,,,,2,2023-06-17T02:44:04+00:00
SAO_3459-23,São Paulo,3550308,True,,33172,,,-23.516064749999998,-46.383449,,,,2,2023-06-17T02:35:50+00:00
SAO_3459-23,São Paulo,3550308,True,,33172,,,-23.516330250000003,-46.383790999999995,,,,2,2023-06-17T02:40:20+00:00
SAO_3459-23,São Paulo,3550308,True,,33172,,,-23.516064749999998,-46.383449,,,,2,2023-06-17T02:44:37+00:00
SAO_4030-10,São Paulo,3550308,True,,33868,,,-23.615775499999998,-46.488022,,,,2,2023-06-17T02:44:18+00:00
SAO_4030-10,São Paulo,3550308,True,,33868,,,-23.615775499999998,-46.488022,,,,2,2023-06-17T02:44:14+00:00
SAO_4030-10,São Paulo,3550308,True,,33868,,,-23.619709,-46.487783,,,,2,2023-06-17T02:43:56+00:00
SAO_4030-10,São Paulo,3550308,True,,33868,,,-23.61519175,-46.48790975,,,,2,2023-06-17T02:44:20+00:00
SAO_4030-10,São Paulo,3550308,True,,33868,,,-23.613946249999998,-46.482035499999995,,,,2,2023-06-17T02:44:19+00:00
SAO_4030-10,São Paulo,3550308,True,,33868,,,-23.5630635,-46.5011325,,,,2,2023-06-17T02:44:19+00:00
SAO_4030-10,São Paulo,3550308,True,,33868,,,-23.56705225,-46.5100065,,,,2,2023-06-17T02:44:40+00:00
SAO_1896-10,São Paulo,3550308,True,,2520,,,-23.519542,-46.723331,,,,1,2023-06-17T02:44:25+00:00
SAO_1896-10,São Paulo,3550308,True,,2520,,,-23.469055,-46.753068999999996,,,,1,2023-06-17T02:44:14+00:00
SAO_1896-10,São Paulo,3550308,True,,2520,,,-23.4444145,-46.7533035,,,,1,2023-06-17T02:44:38+00:00
SAO_1896-10,São Paulo,3550308,True,,2520,,,-23.462426999999998,-46.7534475,,,,1,2023-06-17T02:44:13+00:00
SAO_1896-10,São Paulo,3550308,True,,2520,,,-23.532115750000003,-46.66159325,,,,1,2023-06-17T02:44:17+00:00
SAO_1896-10,São Paulo,3550308,True,,2520,,,-23.4444145,-46.7533035,,,,1,2023-06-17T02:44:37+00:00
SAO_6422-10,São Paulo,3550308,True,,33129,,,-23.641499,-46.716685874999996,,,,2,2023-06-17T02:44:00+00:00
SAO_6422-10,São Paulo,3550308,True,,33129,,,-23.6302415,-46.7040025,,,,2,2023-06-17T02:44:12+00:00
SAO_6422-10,São Paulo,3550308,True,,33129,,,-23.641471,-46.716970625,,,,2,2023-06-17T02:44:29+00:00
SAO_6422-10,São Paulo,3550308,True,,33129,,,-23.5501795,-46.639476,,,,2,2023-06-17T02:44:20+00:00
SAO_6422-10,São Paulo,3550308,True,,33129,,,-23.597112000000003,-46.673897,,,,2,2023-06-17T02:44:40+00:00
SAO_1178-33,São Paulo,3550308,True,,34778,,,-23.541905,-46.635033,,,,2,2023-06-17T02:44:19+00:00
SAO_9004-10,São Paulo,3550308,True,,871,,,-23.457195499999997,-46.685354,,,,1,2023-06-17T02:44:03+00:00
SAO_9004-10,São Paulo,3550308,True,,871,,,-23.4567555,-46.6849275,,,,1,2023-06-17T02:44:31+00:00
SAO_9004-10,São Paulo,3550308,True,,871,,,-23.457195499999997,-46.685354,,,,1,2023-06-17T02:44:09+00:00
SAO_9004-10,São Paulo,3550308,True,,871,,,-23.457195499999997,-46.685354,,,,1,2023-06-17T02:44:01+00:00
SAO_9004-10,São Paulo,3550308,True,,871,,,-23.4590175,-46.679007999999996,,,,1,2023-06-17T02:43:54+00:00
SAO_9004-10,São Paulo,3550308,True,,871,,,-23.457195499999997,-46.685354,,,,1,2023-06-17T02:44:15+00:00
SAO_9004-10,São Paulo,3550308,True,,871,,,-23.457195499999997,-46.685354,,,,1,2023-06-17T02:43:58+00:00
SAO_407A-10,São Paulo,3550308,True,,34962,,,-23.572661375,-46.540865249999996,,,,2,2023-06-17T02:44:22+00:00
SAO_407A-10,São Paulo,3550308,True,,34962,,,-23.563288999999997,-46.501448499999995,,,,2,2023-06-17T02:44:24+00:00
SAO_407A-10,São Paulo,3550308,True,,34962,,,-23.5635905,-46.50201199999999,,,,2,2023-06-17T02:44:25+00:00
SAO_407A-10,São Paulo,3550308,True,,34962,,,-23.5636815,-46.502104,,,,2,2023-06-17T02:42:38+00:00
SAO_407A-10,São Paulo,3550308,True,,34962,,,-23.566259000000002,-46.507381,,,,2,2023-06-17T02:44:27+00:00
SAO_3020-10,São Paulo,3550308,True,,958,,,-23.5361335,-46.4380685,,,,1,2023-06-17T02:44:23+00:00
SAO_3020-10,São Paulo,3550308,True,,958,,,-23.56392425,-46.4751035,,,,1,2023-06-17T02:44:28+00:00
SAO_3020-10,São Paulo,3550308,True,,958,,,-23.5636815,-46.502104,,,,1,2023-06-17T02:44:00+00:00
SAO_3020-10,São Paulo,3550308,True,,958,,,-23.5531335,-46.43136,,,,1,2023-06-17T02:44:22+00:00
SAO_6072-10,São Paulo,3550308,True,,1588,,,-23.818019,-46.7052305,,,,1,2023-06-17T02:44:14+00:00
SAO_6072-10,São Paulo,3550308,True,,1588,,,-23.774646500000003,-46.72047125,,,,1,2023-06-17T02:44:21+00:00
SAO_6072-10,São Paulo,3550308,True,,1588,,,-23.827404,-46.697334,,,,1,2023-06-17T02:44:00+00:00
SAO_6072-10,São Paulo,3550308,True,,1588,,,-23.827404,-46.697334,,,,1,2023-06-17T02:43:58+00:00
SAO_6072-10,São Paulo,3550308,True,,1588,,,-23.767103,-46.7163835,,,,1,2023-06-17T02:43:56+00:00
SAO_6072-10,São Paulo,3550308,True,,1588,,,-23.827404,-46.697334,,,,1,2023-06-17T02:44:20+00:00
SAO_6072-10,São Paulo,3550308,True,,1588,,,-23.827404,-46.697334,,,,1,2023-06-17T02:44:07+00:00
SAO_6824-10,São Paulo,3550308,True,BR7 Mobilidade,23,https://moovitapp.com/index/pt-br/transporte_p%C3%BAblico-line-23-Sao_Paulo-242-851856-518590-0,5.75,-23.659836,-46.7703075,,,,1,2023-06-17T02:44:06+00:00
SAO_719P-10,São Paulo,3550308,True,,34140,,,-23.5658305,-46.701625500000006,,,,2,2023-06-17T02:44:22+00:00
SAO_719P-10,São Paulo,3550308,True,,34140,,,-23.5484335,-46.659047625,,,,2,2023-06-17T02:44:14+00:00
SAO_4052-10,São Paulo,3550308,True,,2145,,,-23.5425525,-46.4250465,,,,1,2023-06-17T02:44:07+00:00
SAO_4052-10,São Paulo,3550308,True,,2145,,,-23.529169500000002,-46.430981,,,,1,2023-06-17T02:43:43+00:00
SAO_709G-10,São Paulo,3550308,True,,34788,,,-23.5827664375,-46.67444162500001,,,,2,2023-06-17T02:44:35+00:00
SAO_709G-10,São Paulo,3550308,True,,34788,,,-23.590801,-46.672607,,,,2,2023-06-17T02:44:01+00:00
SAO_709G-10,São Paulo,3550308,True,,34788,,,-23.669123750000004,-46.7350165,,,,2,2023-06-17T02:44:24+00:00
SAO_4717-10,São Paulo,3550308,True,,33103,,,-23.61859,-46.609258,,,,2,2023-06-17T02:44:04+00:00
SAO_502J-22,São Paulo,3550308,True,Viação Bela Sintra,2107,https://moovitapp.com/index/pt-br/transporte_p%C3%BAblico-line-2107-Sao_Paulo-242-1302890-55141643-0,4.5,-23.683258000000002,-46.667949,,,,1,2023-06-17T02:44:09+00:00
SAO_2719-10,São Paulo,3550308,True,,33700,,,-23.508071,-46.4926935,,,,2,2023-06-17T02:43:58+00:00
SAO_2719-10,São Paulo,3550308,True,,33700,,,-23.494764500000002,-46.4694635,,,,2,2023-06-17T02:44:18+00:00
SAO_2719-10,São Paulo,3550308,True,,33700,,,-23.4925925,-46.479817499999996,,,,2,2023-06-17T02:44:07+00:00
SAO_2719-10,São Paulo,3550308,True,,33700,,,-23.5121115,-46.5121635,,,,2,2023-06-17T02:44:14+00:00
SAO_2719-10,São Paulo,3550308,True,,33700,,,-23.52805875,-46.52695,,,,2,2023-06-17T02:44:05+00:00
SAO_2719-10,São Paulo,3550308,True,,33700,,,-23.4925925,-46.479817499999996,,,,2,2023-06-17T02:44:11+00:00
SAO_2719-10,São Paulo,3550308,True,,33700,,,-23.494729,-46.4696005,,,,2,2023-06-17T02:44:01+00:00
SAO_5705-10,São Paulo,3550308,True,,34425,,,-23.602137749999997,-46.6088755,,,,2,2023-06-17T02:44:05+00:00
SAO_8007-10,São Paulo,3550308,True,,34025,,,-23.486233,-46.726208,,,,2,2023-06-17T02:44:29+00:00
SAO_8007-10,São Paulo,3550308,True,,34025,,,-23.475496999999997,-46.7565585,,,,2,2023-06-17T02:44:20+00:00
SAO_8007-10,São Paulo,3550308,True,,34025,,,-23.487215,-46.726875,,,,2,2023-06-17T02:44:30+00:00
SAO_1018-10,São Paulo,3550308,True,,33600,,,-23.47629625,-46.611365,,,,2,2023-06-17T02:43:59+00:00
SAO_1018-10,São Paulo,3550308,True,,33600,,,-23.4592645,-46.6289175,,,,2,2023-06-17T02:40:16+00:00
SAO_1018-10,São Paulo,3550308,True,,33600,,,-23.4468225,-46.627283,,,,2,2023-06-17T02:44:25+00:00
SAO_1018-10,São Paulo,3550308,True,,33600,,,-23.484254999999997,-46.6147675,,,,2,2023-06-17T02:44:35+00:00
SAO_1018-10,São Paulo,3550308,True,,33600,,,-23.4468225,-46.627283,,,,2,2023-06-17T02:39:28+00:00
SAO_2523-10,São Paulo,3550308,True,Cidade de Caieiras,250,https://moovitapp.com/index/pt-br/transporte_p%C3%BAblico-line-250-Sao_Paulo-242-868761-752902-0,5.0,-23.5182095,-46.475659,,,,1,2023-06-17T02:43:58+00:00
SAO_2523-10,São Paulo,3550308,True,Cidade de Caieiras,250,https://moovitapp.com/index/pt-br/transporte_p%C3%BAblico-line-250-Sao_Paulo-242-868761-752902-0,5.0,-23.5182095,-46.475659,,,,1,2023-06-17T02:44:11+00:00
SAO_273R-10,São Paulo,3550308,True,EMTU,226,https://moovitapp.com/index/pt-br/transporte_p%C3%BAblico-line-226-Sao_Paulo-242-2038937-36419343-0,5.05,-23.5074575,-46.43554675,,,,1,2023-06-17T02:44:31+00:00
SAO_273R-10,São Paulo,3550308,True,EMTU,226,https://moovitapp.com/index/pt-br/transporte_p%C3%BAblico-line-226-Sao_Paulo-242-2038937-36419343-0,5.05,-23.521997499999998,-46.412527999999995,,,,1,2023-06-17T02:44:11+00:00
SAO_273R-10,São Paulo,3550308,True,EMTU,226,https://moovitapp.com/index/pt-br/transporte_p%C3%BAblico-line-226-Sao_Paulo-242-2038937-36419343-0,5.05,-23.521997499999998,-46.412527999999995,,,,1,2023-06-17T02:44:00+00:00
SAO_273R-10,São Paulo,3550308,True,EMTU,226,https://moovitapp.com/index/pt-br/transporte_p%C3%BAblico-line-226-Sao_Paulo-242-2038937-36419343-0,5.05,-23.528417625,-46.47430275000001,,,,1,2023-06-17T02:44:39+00:00
SAO_273R-10,São Paulo,3550308,True,EMTU,226,https://moovitapp.com/index/pt-br/transporte_p%C3%BAblico-line-226-Sao_Paulo-242-2038937-36419343-0,5.05,-23.521997499999998,-46.412527999999995,,,,1,2023-06-17T02:44:32+00:00
SAO_273R-10,São Paulo,3550308,True,EMTU,226,https://moovitapp.com/index/pt-br/transporte_p%C3%BAblico-line-226-Sao_Paulo-242-2038937-36419343-0,5.05,-23.517572,-46.475783,,,,1,2023-06-17T02:44:01+00:00
SAO_637R-10,São Paulo,3550308,True,,32964,,,-23.654075,-46.711811,,,,2,2023-06-17T02:44:34+00:00
SAO_637R-10,São Paulo,3550308,True,,32964,,,-23.719981500000003,-46.769767374999994,,,,2,2023-06-17T02:44:30+00:00
SAO_637R-10,São Paulo,3550308,True,,32964,,,-23.7198,-46.7691775,,,,2,2023-06-17T02:44:12+00:00
SAO_637R-10,São Paulo,3550308,True,,32964,,,-23.702855,-46.7834615,,,,2,2023-06-17T02:44:37+00:00
SAO_637R-10,São Paulo,3550308,True,,32964,,,-23.667118,-46.726369,,,,2,2023-06-17T02:44:11+00:00
SAO_637R-10,São Paulo,3550308,True,,32964,,,-23.66562125,-46.711981249999994,,,,2,2023-06-17T02:44:05+00:00
SAO_637R-10,São Paulo,3550308,True,,32964,,,-23.674359250000002,-46.7473895,,,,2,2023-06-17T02:44:16+00:00
SAO_637R-10,São Paulo,3550308,True,,32964,,,-23.683644,-46.7697455,,,,2,2023-06-17T02:41:42+00:00
SAO_637R-10,São Paulo,3550308,True,,32964,,,-23.71969,-46.7694645,,,,2,2023-06-17T02:44:37+00:00
SAO_8021-10,São Paulo,3550308,True,,2073,,,-23.575194,-46.76196775,,,,1,2023-06-17T02:44:17+00:00
SAO_809T-10,São Paulo,3550308,True,,35014,,,-23.585870999999997,-46.8051445,,,,2,2023-06-17T02:44:23+00:00
SAO_809T-10,São Paulo,3550308,True,,35014,,,-23.544633500000003,-46.733622249999996,,,,2,2023-06-17T02:43:57+00:00
SAO_809T-10,São Paulo,3550308,True,,35014,,,-23.5680895,-46.755760875,,,,2,2023-06-17T02:44:08+00:00
SAO_809T-10,São Paulo,3550308,True,,35014,,,-23.526987,-46.73459,,,,2,2023-06-17T02:44:02+00:00
SAO_8000-1,São Paulo,3550308,True,,2506,,,-23.540161750000003,-46.64419375,,,,1,2023-06-17T02:44:23+00:00
SAO_8000-1,São Paulo,3550308,True,,2506,,,-23.525014,-46.68632125,,,,1,2023-06-17T02:44:34+00:00
SAO_8000-1,São Paulo,3550308,True,,2506,,,-23.522921750000002,-46.70047425,,,,1,2023-06-17T02:44:09+00:00
SAO_8000-1,São Paulo,3550308,True,,2506,,,-23.520449499999998,-46.6996115,,,,1,2023-06-17T02:44:06+00:00
SAO_8000-1,São Paulo,3550308,True,,2506,,,-23.526391,-46.673964,,,,1,2023-06-17T02:44:08+00:00
SAO_8000-1,São Paulo,3550308,True,,2506,,,-23.52087225,-46.70017,,,,1,2023-06-17T02:44:02+00:00
SAO_8000-1,São Paulo,3550308,True,,2506,,,-23.520449499999998,-46.6996115,,,,1,2023-06-17T02:44:11+00:00
SAO_809J-10,São Paulo,3550308,True,,34834,,,-23.60337925,-46.7293195,,,,2,2023-06-17T02:44:19+00:00
SAO_809J-10,São Paulo,3550308,True,,34834,,,-23.5941975,-46.731233,,,,2,2023-06-17T02:44:01+00:00
SAO_809J-10,São Paulo,3550308,True,,34834,,,-23.5941975,-46.731233,,,,2,2023-06-17T02:40:42+00:00
SAO_2720-10,São Paulo,3550308,True,,933,,,-23.493471,-46.470558,,,,1,2023-06-17T02:44:17+00:00
SAO_2720-10,São Paulo,3550308,True,,933,,,-23.52835225,-46.5179975,,,,1,2023-06-17T02:44:07+00:00
SAO_2720-10,São Paulo,3550308,True,,933,,,-23.4931135,-46.4701905,,,,1,2023-06-17T02:44:26+00:00
SAO_2720-10,São Paulo,3550308,True,,933,,,-23.510498249999998,-46.498938,,,,1,2023-06-17T02:44:40+00:00
SAO_2720-10,São Paulo,3550308,True,,933,,,-23.49032575,-46.470762500000006,,,,1,2023-06-17T02:43:44+00:00
SAO_2720-10,São Paulo,3550308,True,,933,,,-23.501246000000002,-46.4797215,,,,1,2023-06-17T02:44:28+00:00
SAO_2720-10,São Paulo,3550308,True,,933,,,-23.493471,-46.470558,,,,1,2023-06-17T02:44:32+00:00
SAO_3743-10,São Paulo,3550308,True,,33811,,,-23.609576250000003,-46.4755425,,,,2,2023-06-17T02:44:17+00:00
SAO_3743-10,São Paulo,3550308,True,,33811,,,-23.5912988125,-46.489284437500004,,,,2,2023-06-17T02:44:35+00:00
SAO_3743-10,São Paulo,3550308,True,,33811,,,-23.609576250000003,-46.4755425,,,,2,2023-06-17T02:44:13+00:00
SAO_3743-10,São Paulo,3550308,True,,33811,,,-23.5579995,-46.465612500000006,,,,2,2023-06-17T02:44:36+00:00
SAO_875A-10,São Paulo,3550308,True,,609,,,-23.535493625,-46.65231887499999,,,,1,2023-06-17T02:44:10+00:00
SAO_875A-10,São Paulo,3550308,True,,609,,,-23.536384,-46.680613,,,,1,2023-06-17T02:44:00+00:00
SAO_875A-10,São Paulo,3550308,True,,609,,,-23.62015575,-46.639508,,,,1,2023-06-17T02:44:36+00:00
SAO_875A-10,São Paulo,3550308,True,,609,,,-23.551736875000003,-46.657133125,,,,1,2023-06-17T02:44:40+00:00
SAO_875A-10,São Paulo,3550308,True,,609,,,-23.547548,-46.647615,,,,1,2023-06-17T02:44:12+00:00
SAO_875A-10,São Paulo,3550308,True,,609,,,-23.536538,-46.680383,,,,1,2023-06-17T02:44:10+00:00
SAO_875A-10,São Paulo,3550308,True,,609,,,-23.534665625,-46.66586575,,,,1,2023-06-17T02:44:15+00:00
SAO_875A-10,São Paulo,3550308,True,,609,,,-23.591474499999997,-46.6357215,,,,1,2023-06-17T02:44:14+00:00
SAO_875A-10,São Paulo,3550308,True,,609,,,-23.6394575,-46.662306,,,,1,2023-06-17T02:44:30+00:00
SAO_3735-41,São Paulo,3550308,True,,1920,,,-23.5497695,-46.4928965,,,,1,2023-06-17T02:44:10+00:00
SAO_3735-41,São Paulo,3550308,True,,1920,,,-23.550149125,-46.492319625,,,,1,2023-06-17T02:44:08+00:00
SAO_1177-10,São Paulo,3550308,True,,129,,,-23.518318999999998,-46.4758545,,,,1,2023-06-17T02:44:03+00:00
SAO_1177-10,São Paulo,3550308,True,,129,,,-23.52265525,-46.536402249999995,,,,1,2023-06-17T02:42:04+00:00
SAO_1177-10,São Paulo,3550308,True,,129,,,-23.518318999999998,-46.4758545,,,,1,2023-06-17T02:44:32+00:00
SAO_1177-10,São Paulo,3550308,True,,129,,,-23.5183045,-46.617329999999995,,,,1,2023-06-17T02:44:05+00:00
SAO_1765-10,São Paulo,3550308,True,,34550,,,-23.467372,-46.568509750000004,,,,2,2023-06-17T02:44:12+00:00
SAO_1765-10,São Paulo,3550308,True,,34550,,,-23.469318,-46.574912999999995,,,,2,2023-06-17T02:44:25+00:00
SAO_1765-10,São Paulo,3550308,True,,34550,,,-23.480383,-46.602609,,,,2,2023-06-17T02:44:35+00:00
SAO_1765-10,São Paulo,3550308,True,,34550,,,-23.467172,-46.56877125,,,,2,2023-06-17T02:44:05+00:00
SAO_8075-21,São Paulo,3550308,True,,35305,,,-23.631508,-46.7726,,,,2,2023-06-17T02:44:19+00:00
SAO_8075-21,São Paulo,3550308,True,,35305,,,-23.591,-46.7362035,,,,2,2023-06-17T02:44:10+00:00
SAO_8075-21,São Paulo,3550308,True,,35305,,,-23.6316405,-46.772316,,,,2,2023-06-17T02:44:29+00:00
SAO_2717-10,São Paulo,3550308,True,,33698,,,-23.521217999999998,-46.5203275,,,,2,2023-06-17T02:44:29+00:00
SAO_2717-10,São Paulo,3550308,True,,33698,,,-23.5186195,-46.5198515,,,,2,2023-06-17T02:44:31+00:00
SAO_2717-10,São Paulo,3550308,True,,33698,,,-23.504833625,-46.5105839375,,,,2,2023-06-17T02:44:17+00:00
SAO_2717-10,São Paulo,3550308,True,,33698,,,-23.528868,-46.5167825,,,,2,2023-06-17T02:44:29+00:00
SAO_2717-10,São Paulo,3550308,True,,33698,,,-23.529042,-46.5171655,,,,2,2023-06-17T02:44:11+00:00
SAO_857A-10,São Paulo,3550308,True,,1925,,,-23.5818195,-46.657885500000006,,,,1,2023-06-17T02:44:31+00:00
SAO_857A-10,São Paulo,3550308,True,,1925,,,-23.572636,-46.704417,,,,1,2023-06-17T02:44:17+00:00
SAO_5025-10,São Paulo,3550308,True,,34332,,,-23.60857425,-46.54131325,,,,2,2023-06-17T02:44:09+00:00
SAO_5025-10,São Paulo,3550308,True,,34332,,,-23.593795999999998,-46.590314500000005,,,,2,2023-06-17T02:44:34+00:00
SAO_5025-10,São Paulo,3550308,True,,34332,,,-23.602739,-46.542674500000004,,,,2,2023-06-17T02:44:34+00:00
SAO_5025-10,São Paulo,3550308,True,,34332,,,-23.601693,-46.543251999999995,,,,2,2023-06-17T02:44:37+00:00
SAO_5025-10,São Paulo,3550308,True,,34332,,,-23.59935775,-46.58558375,,,,2,2023-06-17T02:44:03+00:00
SAO_5025-10,São Paulo,3550308,True,,34332,,,-23.597379,-46.562883,,,,2,2023-06-17T02:44:01+00:00
SAO_5025-10,São Paulo,3550308,True,,34332,,,-23.597351250000003,-46.563367,,,,2,2023-06-17T02:44:18+00:00
SAO_3046-10,São Paulo,3550308,True,,33739,,,-23.579227500000002,-46.534653,,,,2,2023-06-17T02:42:24+00:00
SAO_3046-10,São Paulo,3550308,True,,33739,,,-23.579351,-46.5251155,,,,2,2023-06-17T02:44:24+00:00
SAO_3046-10,São Paulo,3550308,True,,33739,,,-23.579857500000003,-46.525404,,,,2,2023-06-17T02:44:20+00:00
SAO_3046-10,São Paulo,3550308,True,,33739,,,-23.5795625,-46.525234999999995,,,,2,2023-06-17T02:44:29+00:00
SAO_3046-10,São Paulo,3550308,True,,33739,,,-23.5528085,-46.575562000000005,,,,2,2023-06-17T02:44:22+00:00
SAO_3046-10,São Paulo,3550308,True,,33739,,,-23.571976624999998,-46.563385874999994,,,,2,2023-06-17T02:44:22+00:00
SAO_3046-10,São Paulo,3550308,True,,33739,,,-23.5795625,-46.525234999999995,,,,2,2023-06-17T02:44:16+00:00
SAO_3046-10,São Paulo,3550308,True,,33739,,,-23.579163249999997,-46.525639625,,,,2,2023-06-17T02:44:19+00:00
SAO_3046-10,São Paulo,3550308,True,,33739,,,-23.579447000000002,-46.525166999999996,,,,2,2023-06-17T02:44:10+00:00
SAO_6258-31,São Paulo,3550308,True,,1783,,,-23.6662715,-46.7331035,,,,1,2023-06-17T02:44:10+00:00
SAO_6258-31,São Paulo,3550308,True,,1783,,,-23.679002,-46.755594,,,,1,2023-06-17T02:44:33+00:00
SAO_756A-10,São Paulo,3550308,True,,793,,,-23.598816499999998,-46.719355,,,,1,2023-06-17T02:44:36+00:00
SAO_756A-10,São Paulo,3550308,True,,793,,,-23.613628,-46.6951955,,,,1,2023-06-17T02:44:12+00:00
SAO_756A-10,São Paulo,3550308,True,,793,,,-23.6016895,-46.791908,,,,1,2023-06-17T02:44:27+00:00
SAO_756A-10,São Paulo,3550308,True,,793,,,-23.596751249999997,-46.7202475,,,,1,2023-06-17T02:44:24+00:00
SAO_756A-10,São Paulo,3550308,True,,793,,,-23.590897499999997,-46.773397,,,,1,2023-06-17T02:44:07+00:00
SAO_4005-10,São Paulo,3550308,True,,34947,,,-23.58888925,-46.394664,,,,2,2023-06-17T02:44:16+00:00
SAO_6816-10,São Paulo,3550308,True,BR7 Mobilidade,26,https://moovitapp.com/index/pt-br/transporte_p%C3%BAblico-line-26-Sao_Paulo-242-851856-577923-0,5.75,-23.6530855,-46.772501500000004,,,,1,2023-06-17T02:43:57+00:00
SAO_6816-10,São Paulo,3550308,True,BR7 Mobilidade,26,https://moovitapp.com/index/pt-br/transporte_p%C3%BAblico-line-26-Sao_Paulo-242-851856-577923-0,5.75,-23.653212,-46.7764515,,,,1,2023-06-17T02:44:13+00:00
SAO_5022-10,São Paulo,3550308,True,,33888,,,-23.6721505,-46.638467,,,,2,2023-06-17T02:44:08+00:00
SAO_5022-10,São Paulo,3550308,True,,33888,,,-23.6601465,-46.6430635,,,,2,2023-06-17T02:43:56+00:00
SAO_478P-10,São Paulo,3550308,True,EMTU,349,https://moovitapp.com/index/pt-br/transporte_p%C3%BAblico-line-349-Sao_Paulo-242-2038937-36419432-0,5.1,-23.5755465,-46.624911,,,,1,2023-06-17T02:44:12+00:00
SAO_478P-10,São Paulo,3550308,True,EMTU,349,https://moovitapp.com/index/pt-br/transporte_p%C3%BAblico-line-349-Sao_Paulo-242-2038937-36419432-0,5.1,-23.526716999999998,-46.68799075,,,,1,2023-06-17T02:44:12+00:00
SAO_478P-10,São Paulo,3550308,True,EMTU,349,https://moovitapp.com/index/pt-br/transporte_p%C3%BAblico-line-349-Sao_Paulo-242-2038937-36419432-0,5.1,-23.5487205,-46.680697249999994,,,,1,2023-06-17T02:44:20+00:00
SAO_478P-10,São Paulo,3550308,True,EMTU,349,https://moovitapp.com/index/pt-br/transporte_p%C3%BAblico-line-349-Sao_Paulo-242-2038937-36419432-0,5.1,-23.526037625,-46.695374875,,,,1,2023-06-17T02:44:34+00:00
SAO_274P-10,São Paulo,3550308,True,Grupo Vida,232,https://moovitapp.com/index/pt-br/transporte_p%C3%BAblico-line-232-Sao_Paulo-242-887112-748347-0,5.3,-23.52149275,-46.53503537499999,,,,1,2023-06-17T02:44:05+00:00
SAO_274P-10,São Paulo,3550308,True,Grupo Vida,232,https://moovitapp.com/index/pt-br/transporte_p%C3%BAblico-line-232-Sao_Paulo-242-887112-748347-0,5.3,-23.566908624999996,-46.623142625,,,,1,2023-06-17T02:44:37+00:00
SAO_971R-42,São Paulo,3550308,True,,616,,,-23.443163,-46.738241,,,,1,2023-06-17T02:44:21+00:00
SAO_971R-42,São Paulo,3550308,True,,616,,,-23.457116,-46.69102975,,,,1,2023-06-17T02:44:35+00:00
SAO_524M-10,São Paulo,3550308,True,,1631,,,-23.602242,-46.4990715,,,,1,2023-06-17T02:44:12+00:00
SAO_524M-10,São Paulo,3550308,True,,1631,,,-23.619445,-46.495205,,,,1,2023-06-17T02:44:09+00:00
SAO_524M-10,São Paulo,3550308,True,,1631,,,-23.5702565,-46.508983125,,,,1,2023-06-17T02:44:29+00:00
SAO_524M-10,São Paulo,3550308,True,,1631,,,-23.6142605,-46.4964065,,,,1,2023-06-17T02:43:57+00:00
SAO_524M-10,São Paulo,3550308,True,,1631,,,-23.586692499999998,-46.513864,,,,1,2023-06-17T02:44:16+00:00
SAO_524M-10,São Paulo,3550308,True,,1631,,,-23.585531000000003,-46.519232,,,,1,2023-06-17T02:44:29+00:00
SAO_524M-10,São Paulo,3550308,True,,1631,,,-23.60719675,-46.50026825,,,,1,2023-06-17T02:44:15+00:00
SAO_524M-10,São Paulo,3550308,True,,1631,,,-23.564069,-46.5051995,,,,1,2023-06-17T02:44:12+00:00
SAO_978A-10,São Paulo,3550308,True,,34137,,,-23.481600999999998,-46.674812,,,,2,2023-06-17T02:44:28+00:00
SAO_978A-10,São Paulo,3550308,True,,34137,,,-23.507077375,-46.689163875000006,,,,2,2023-06-17T02:43:59+00:00
SAO_978A-10,São Paulo,3550308,True,,34137,,,-23.5251545,-46.665617999999995,,,,2,2023-06-17T02:44:09+00:00
SAO_407Y-10,São Paulo,3550308,True,,2206,,,-23.575296,-46.55030225,,,,1,2023-06-17T02:44:21+00:00
SAO_8014-10,São Paulo,3550308,True,,801,,,-23.4251515,-46.7881235,,,,1,2023-06-17T02:44:14+00:00
SAO_8014-10,São Paulo,3550308,True,,801,,,-23.40474675,-46.73734225,,,,1,2023-06-17T02:44:26+00:00
SAO_8014-10,São Paulo,3550308,True,,801,,,-23.4503615,-46.790054,,,,1,2023-06-17T02:44:24+00:00
SAO_6092-10,São Paulo,3550308,True,,33945,,,-23.777974,-46.684021,,,,2,2023-06-17T02:44:01+00:00
SAO_6092-10,São Paulo,3550308,True,,33945,,,-23.778222,-46.68462275,,,,2,2023-06-17T02:44:10+00:00
SAO_6092-10,São Paulo,3550308,True,,33945,,,-23.7562815,-46.685381,,,,2,2023-06-17T02:44:13+00:00
SAO_6092-10,São Paulo,3550308,True,,33945,,,-23.778222,-46.68462275,,,,2,2023-06-17T02:44:05+00:00
SAO_6051-31,São Paulo,3550308,True,,1606,,,-23.772184499999998,-46.70634187499999,,,,1,2023-06-17T02:44:23+00:00
SAO_573T-10,São Paulo,3550308,True,,34400,,,-23.5926885625,-46.4887616875,,,,2,2023-06-17T02:44:41+00:00
SAO_573T-10,São Paulo,3550308,True,,34400,,,-23.614441499999998,-46.500118,,,,2,2023-06-17T02:44:21+00:00
SAO_573T-10,São Paulo,3550308,True,,34400,,,-23.5422865,-46.549737500000006,,,,2,2023-06-17T02:44:03+00:00
SAO_573T-10,São Paulo,3550308,True,,34400,,,-23.565191,-46.51288475,,,,2,2023-06-17T02:44:31+00:00
SAO_573T-10,São Paulo,3550308,True,,34400,,,-23.589880625,-46.4898265,,,,2,2023-06-17T02:44:10+00:00
SAO_573T-10,São Paulo,3550308,True,,34400,,,-23.605957250000003,-46.48795025,,,,2,2023-06-17T02:44:23+00:00
SAO_971A-10,São Paulo,3550308,True,,658,,,-23.5228695,-46.6235815,,,,1,2023-06-17T02:43:56+00:00
SAO_971A-10,São Paulo,3550308,True,,658,,,-23.504087499999997,-46.672816,,,,1,2023-06-17T02:44:13+00:00
SAO_971A-10,São Paulo,3550308,True,,658,,,-23.50028175,-46.6361265,,,,1,2023-06-17T02:44:34+00:00
SAO_971A-10,São Paulo,3550308,True,,658,,,-23.486776499999998,-46.6808985,,,,1,2023-06-17T02:43:57+00:00
SAO_1016-10,São Paulo,3550308,True,,33599,,,-23.508286499999997,-46.6154515,,,,2,2023-06-17T02:44:18+00:00
SAO_1016-10,São Paulo,3550308,True,,33599,,,-23.454015,-46.60594225,,,,2,2023-06-17T02:41:48+00:00
SAO_1016-10,São Paulo,3550308,True,,33599,,,-23.513872,-46.6160225,,,,2,2023-06-17T02:44:21+00:00
SAO_1016-10,São Paulo,3550308,True,,33599,,,-23.474565499999997,-46.6132445,,,,2,2023-06-17T02:43:56+00:00
SAO_1016-10,São Paulo,3550308,True,,33599,,,-23.486895,-46.608577499999996,,,,2,2023-06-17T02:43:54+00:00
SAO_1016-10,São Paulo,3550308,True,,33599,,,-23.513872,-46.6160225,,,,2,2023-06-17T02:44:27+00:00
SAO_1016-10,São Paulo,3550308,True,,33599,,,-23.4583385,-46.6024095,,,,2,2023-06-17T02:39:38+00:00
SAO_1016-10,São Paulo,3550308,True,,33599,,,-23.486895,-46.608577499999996,,,,2,2023-06-17T02:41:49+00:00
SAO_1016-10,São Paulo,3550308,True,,33599,,,-23.513872,-46.6160225,,,,2,2023-06-17T02:44:37+00:00
SAO_1016-10,São Paulo,3550308,True,,33599,,,-23.447170749999998,-46.611436999999995,,,,2,2023-06-17T02:44:31+00:00
SAO_4315-10,São Paulo,3550308,True,,2175,,,-23.540526999999997,-46.551144,,,,1,2023-06-17T02:44:24+00:00
SAO_4315-10,São Paulo,3550308,True,,2175,,,-23.5528805,-46.613485999999995,,,,1,2023-06-17T02:44:08+00:00
SAO_4315-10,São Paulo,3550308,True,,2175,,,-23.557687,-46.52319850000001,,,,1,2023-06-17T02:44:26+00:00
SAO_4315-10,São Paulo,3550308,True,,2175,,,-23.557613500000002,-46.5234665,,,,1,2023-06-17T02:44:16+00:00
SAO_4315-10,São Paulo,3550308,True,,2175,,,-23.557613500000002,-46.5234665,,,,1,2023-06-17T02:43:54+00:00
SAO_9701-10,São Paulo,3550308,True,,33337,,,-23.476384000000003,-46.667850375,,,,2,2023-06-17T02:44:02+00:00
SAO_9701-10,São Paulo,3550308,True,,33337,,,-23.4763665,-46.667559,,,,2,2023-06-17T02:44:02+00:00
SAO_9701-10,São Paulo,3550308,True,,33337,,,-23.51069,-46.6692185,,,,2,2023-06-17T02:44:24+00:00
SAO_9701-10,São Paulo,3550308,True,,33337,,,-23.4763665,-46.667559,,,,2,2023-06-17T02:44:25+00:00
SAO_7063-10,São Paulo,3550308,True,,1899,,,-23.651991000000002,-46.789846499999996,,,,1,2023-06-17T02:43:56+00:00
SAO_7063-10,São Paulo,3550308,True,,1899,,,-23.643807,-46.779624,,,,1,2023-06-17T02:44:08+00:00
SAO_7063-10,São Paulo,3550308,True,,1899,,,-23.64773,-46.790890000000005,,,,1,2023-06-17T02:44:35+00:00
SAO_7063-10,São Paulo,3550308,True,,1899,,,-23.651991000000002,-46.789846499999996,,,,1,2023-06-17T02:44:21+00:00
SAO_7063-10,São Paulo,3550308,True,,1899,,,-23.651991000000002,-46.789846499999996,,,,1,2023-06-17T02:44:37+00:00
SAO_7411-10,São Paulo,3550308,True,,34144,,,-23.571137125,-46.70870975,,,,2,2023-06-17T02:44:17+00:00
SAO_7411-10,São Paulo,3550308,True,,34144,,,-23.5529145,-46.7319765,,,,2,2023-06-17T02:44:13+00:00
SAO_7411-10,São Paulo,3550308,True,,34144,,,-23.5450025,-46.6337215,,,,2,2023-06-17T02:44:37+00:00
SAO_1705-51,São Paulo,3550308,True,,35282,,,-23.4564015,-46.5931525,,,,2,2023-06-17T02:44:01+00:00
SAO_1787-10,São Paulo,3550308,True,,33418,,,-23.472754000000002,-46.618114,,,,2,2023-06-17T02:43:38+00:00
SAO_1787-10,São Paulo,3550308,True,,33418,,,-23.4512035,-46.622924499999996,,,,2,2023-06-17T02:44:01+00:00
SAO_6003-21,São Paulo,3550308,True,,35344,,,-23.766890250000003,-46.7169705,,,,2,2023-06-17T02:43:57+00:00
SAO_6003-21,São Paulo,3550308,True,,35344,,,-23.754374,-46.7089455,,,,2,2023-06-17T02:44:08+00:00
SAO_6003-21,São Paulo,3550308,True,,35344,,,-23.76714475,-46.71695750000001,,,,2,2023-06-17T02:44:21+00:00
SAO_6003-21,São Paulo,3550308,True,,35344,,,-23.762045999999998,-46.715721,,,,2,2023-06-17T02:44:09+00:00
SAO_8252-10,São Paulo,3550308,True,,34016,,,-23.53092325,-46.680516125000004,,,,2,2023-06-17T02:43:57+00:00
SAO_8252-10,São Paulo,3550308,True,,34016,,,-23.53092325,-46.680516125000004,,,,2,2023-06-17T02:44:23+00:00
SAO_778J-41,São Paulo,3550308,True,,34254,,,-23.564864749999998,-46.69365725,,,,2,2023-06-17T02:44:26+00:00
SAO_778J-41,São Paulo,3550308,True,,34254,,,-23.58107975,-46.73012275,,,,2,2023-06-17T02:44:25+00:00
SAO_778J-41,São Paulo,3550308,True,,34254,,,-23.5777805,-46.725455499999995,,,,2,2023-06-17T02:44:05+00:00
SAO_8400-10,São Paulo,3550308,True,,34033,,,-23.530353499999997,-46.66647525,,,,2,2023-06-17T02:44:38+00:00
SAO_8400-10,São Paulo,3550308,True,,34033,,,-23.527727249999998,-46.671215,,,,2,2023-06-17T02:44:07+00:00
SAO_8400-10,São Paulo,3550308,True,,34033,,,-23.485636,-46.71577,,,,2,2023-06-17T02:44:36+00:00
SAO_8400-10,São Paulo,3550308,True,,34033,,,-23.4854235,-46.725742,,,,2,2023-06-17T02:44:36+00:00
SAO_8400-10,São Paulo,3550308,True,,34033,,,-23.4989925,-46.706629,,,,2,2023-06-17T02:44:31+00:00
SAO_8400-10,São Paulo,3550308,True,,34033,,,-23.527305749999996,-46.671981,,,,2,2023-06-17T02:44:32+00:00
SAO_8400-10,São Paulo,3550308,True,,34033,,,-23.5456625,-46.6384795,,,,2,2023-06-17T02:44:14+00:00
SAO_3134-10,São Paulo,3550308,True,,993,,,-23.5887125,-46.58411649999999,,,,1,2023-06-17T02:44:19+00:00
SAO_3134-10,São Paulo,3550308,True,,993,,,-23.577776,-46.576974250000006,,,,1,2023-06-17T02:44:32+00:00
SAO_3134-10,São Paulo,3550308,True,,993,,,-23.58713975,-46.58388075,,,,1,2023-06-17T02:44:00+00:00
SAO_3134-10,São Paulo,3550308,True,,993,,,-23.5638,-46.505301,,,,1,2023-06-17T02:44:03+00:00
SAO_778J-41,São Paulo,3550308,True,,1486,,,-23.586187,-46.811429,,,,1,2023-06-17T02:44:14+00:00
SAO_778J-41,São Paulo,3550308,True,,1486,,,-23.5856015,-46.80595925,,,,1,2023-06-17T02:44:28+00:00
SAO_778J-41,São Paulo,3550308,True,,1486,,,-23.5266425,-46.66785350000001,,,,1,2023-06-17T02:44:39+00:00
SAO_778J-41,São Paulo,3550308,True,,1486,,,-23.585785,-46.8053525,,,,1,2023-06-17T02:41:32+00:00
SAO_778J-41,São Paulo,3550308,True,,1486,,,-23.532878,-46.6751405,,,,1,2023-06-17T02:44:01+00:00
SAO_778J-41,São Paulo,3550308,True,,1486,,,-23.584747,-46.8093205,,,,1,2023-06-17T02:44:13+00:00
SAO_778J-41,São Paulo,3550308,True,,1486,,,-23.5718015,-46.709463,,,,1,2023-06-17T02:44:27+00:00
SAO_7282-10,São Paulo,3550308,True,,471,,,-23.546301749999998,-46.75584512500001,,,,1,2023-06-17T02:42:55+00:00
SAO_7282-10,São Paulo,3550308,True,,471,,,-23.535405,-46.718641500000004,,,,1,2023-06-17T02:44:18+00:00
SAO_7282-10,São Paulo,3550308,True,,471,,,-23.547646999999998,-46.760248000000004,,,,1,2023-06-17T02:44:21+00:00
SAO_8019-10,São Paulo,3550308,True,,34839,,,-23.544992,-46.7471585,,,,2,2023-06-17T02:43:56+00:00
SAO_8019-10,São Paulo,3550308,True,,34839,,,-23.559518500000003,-46.747330500000004,,,,2,2023-06-17T02:44:32+00:00
SAO_6037-10,São Paulo,3550308,True,,33983,,,-23.64214475,-46.711892500000005,,,,2,2023-06-17T02:43:57+00:00
SAO_6037-10,São Paulo,3550308,True,,33983,,,-23.64887075,-46.78563725,,,,2,2023-06-17T02:44:28+00:00
SAO_6037-10,São Paulo,3550308,True,,33983,,,-23.64887075,-46.78563725,,,,2,2023-06-17T02:44:23+00:00
SAO_6037-10,São Paulo,3550308,True,,33983,,,-23.64904925,-46.78534475,,,,2,2023-06-17T02:44:14+00:00
SAO_6037-10,São Paulo,3550308,True,,33983,,,-23.64887075,-46.78563725,,,,2,2023-06-17T02:44:14+00:00
SAO_6037-10,São Paulo,3550308,True,,33983,,,-23.6591095,-46.766191,,,,2,2023-06-17T02:44:20+00:00
SAO_213E-10,São Paulo,3550308,True,,2498,,,-23.4811695,-46.571341000000004,,,,1,2023-06-17T02:38:46+00:00
SAO_213E-10,São Paulo,3550308,True,,2498,,,-23.526568750000003,-46.5958825,,,,1,2023-06-17T02:40:43+00:00
SAO_148L-10,São Paulo,3550308,True,EMTU,531,https://moovitapp.com/index/pt-br/transporte_p%C3%BAblico-line-531-Sao_Paulo-242-2038937-36419543-0,4.4,-23.454537,-46.6522975,,,,1,2023-06-17T02:44:33+00:00
SAO_148L-10,São Paulo,3550308,True,EMTU,531,https://moovitapp.com/index/pt-br/transporte_p%C3%BAblico-line-531-Sao_Paulo-242-2038937-36419543-0,4.4,-23.503671,-46.6774875,,,,1,2023-06-17T02:44:09+00:00
SAO_148L-10,São Paulo,3550308,True,EMTU,531,https://moovitapp.com/index/pt-br/transporte_p%C3%BAblico-line-531-Sao_Paulo-242-2038937-36419543-0,4.4,-23.458530500000002,-46.658647,,,,1,2023-06-17T02:42:32+00:00
SAO_148L-10,São Paulo,3550308,True,EMTU,531,https://moovitapp.com/index/pt-br/transporte_p%C3%BAblico-line-531-Sao_Paulo-242-2038937-36419543-0,4.4,-23.464320999999998,-46.655476500000006,,,,1,2023-06-17T02:44:34+00:00
SAO_148L-10,São Paulo,3550308,True,EMTU,531,https://moovitapp.com/index/pt-br/transporte_p%C3%BAblico-line-531-Sao_Paulo-242-2038937-36419543-0,4.4,-23.503671,-46.6774875,,,,1,2023-06-17T02:44:25+00:00
SAO_148L-10,São Paulo,3550308,True,EMTU,531,https://moovitapp.com/index/pt-br/transporte_p%C3%BAblico-line-531-Sao_Paulo-242-2038937-36419543-0,4.4,-23.454537,-46.6522975,,,,1,2023-06-17T02:44:38+00:00
SAO_6062-10,São Paulo,3550308,True,,33919,,,-23.7419425,-46.68161550000001,,,,2,2023-06-17T02:44:24+00:00
SAO_6062-10,São Paulo,3550308,True,,33919,,,-23.737220375,-46.69698375,,,,2,2023-06-17T02:44:02+00:00
SAO_4732-31,São Paulo,3550308,True,,2127,,,-23.6229575,-46.620109625,,,,1,2023-06-17T02:44:37+00:00
SAO_4732-31,São Paulo,3550308,True,,2127,,,-23.61897725,-46.637902249999996,,,,1,2023-06-17T02:44:24+00:00
SAO_4732-31,São Paulo,3550308,True,,2127,,,-23.64455375,-46.5922595,,,,1,2023-06-17T02:44:18+00:00
SAO_607M-10,São Paulo,3550308,True,,34804,,,-23.641431374999996,-46.698932375,,,,2,2023-06-17T02:44:37+00:00
SAO_607M-10,São Paulo,3550308,True,,34804,,,-23.7332455,-46.6972485,,,,2,2023-06-17T02:43:13+00:00
SAO_7022-10,São Paulo,3550308,True,,2084,,,-23.672301,-46.7424105,,,,1,2023-06-17T02:44:26+00:00
SAO_7012-10,São Paulo,3550308,True,,34811,,,-23.686221,-46.770697,,,,2,2023-06-17T02:44:23+00:00
SAO_7012-10,São Paulo,3550308,True,,34811,,,-23.672006000000003,-46.742043,,,,2,2023-06-17T02:44:16+00:00
SAO_7012-10,São Paulo,3550308,True,,34811,,,-23.7103945,-46.77583224999999,,,,2,2023-06-17T02:44:31+00:00
SAO_7012-10,São Paulo,3550308,True,,34811,,,-23.7101355,-46.77553675,,,,2,2023-06-17T02:44:08+00:00
SAO_7012-10,São Paulo,3550308,True,,34811,,,-23.683030000000002,-46.7687525,,,,2,2023-06-17T02:44:40+00:00
SAO_7012-10,São Paulo,3550308,True,,34811,,,-23.711391499999998,-46.7700385,,,,2,2023-06-17T02:44:13+00:00
SAO_2666-10,São Paulo,3550308,True,EMTU,378,https://moovitapp.com/index/pt-br/transporte_p%C3%BAblico-line-378-Sao_Paulo-242-2038937-36419452-0,12.1,-23.53133875,-46.558732500000005,,,,1,2023-06-17T02:43:03+00:00
SAO_2666-10,São Paulo,3550308,True,EMTU,378,https://moovitapp.com/index/pt-br/transporte_p%C3%BAblico-line-378-Sao_Paulo-242-2038937-36419452-0,12.1,-23.5144425,-46.3903165,,,,1,2023-06-17T02:40:46+00:00
SAO_2666-10,São Paulo,3550308,True,EMTU,378,https://moovitapp.com/index/pt-br/transporte_p%C3%BAblico-line-378-Sao_Paulo-242-2038937-36419452-0,12.1,-23.4915855,-46.444618250000005,,,,1,2023-06-17T02:44:37+00:00
SAO_2666-10,São Paulo,3550308,True,EMTU,378,https://moovitapp.com/index/pt-br/transporte_p%C3%BAblico-line-378-Sao_Paulo-242-2038937-36419452-0,12.1,-23.535374,-46.57487775,,,,1,2023-06-17T02:44:13+00:00
SAO_2666-10,São Paulo,3550308,True,EMTU,378,https://moovitapp.com/index/pt-br/transporte_p%C3%BAblico-line-378-Sao_Paulo-242-2038937-36419452-0,12.1,-23.53906475,-46.6071805,,,,1,2023-06-17T02:44:16+00:00
SAO_2666-10,São Paulo,3550308,True,EMTU,378,https://moovitapp.com/index/pt-br/transporte_p%C3%BAblico-line-378-Sao_Paulo-242-2038937-36419452-0,12.1,-23.507572500000002,-46.490964,,,,1,2023-06-17T02:44:11+00:00
SAO_8062-10,São Paulo,3550308,True,EMTU,420,https://moovitapp.com/index/pt-br/transporte_p%C3%BAblico-line-420-Sao_Paulo-242-2038937-36419477-0,7.1,-23.519454500000002,-46.7026025,,,,1,2023-06-17T02:44:18+00:00
SAO_8014-10,São Paulo,3550308,True,,33569,,,-23.446309499999998,-46.789116,,,,2,2023-06-17T02:44:32+00:00
SAO_8014-10,São Paulo,3550308,True,,33569,,,-23.407602,-46.742053,,,,2,2023-06-17T02:44:35+00:00
SAO_8014-10,São Paulo,3550308,True,,33569,,,-23.424256,-46.788729000000004,,,,2,2023-06-17T02:43:54+00:00
SAO_8014-10,São Paulo,3550308,True,,33569,,,-23.437396,-46.792874499999996,,,,2,2023-06-17T02:43:58+00:00
SAO_8014-10,São Paulo,3550308,True,,33569,,,-23.4460845,-46.789112,,,,2,2023-06-17T02:44:02+00:00
SAO_8014-10,São Paulo,3550308,True,,33569,,,-23.446182,-46.7890905,,,,2,2023-06-17T02:44:02+00:00
SAO_4725-10,São Paulo,3550308,True,,33106,,,-23.60616375,-46.653445500000004,,,,2,2023-06-17T02:44:23+00:00
SAO_4725-10,São Paulo,3550308,True,,33106,,,-23.615697124999997,-46.617550625,,,,2,2023-06-17T02:44:15+00:00
SAO_4725-10,São Paulo,3550308,True,,33106,,,-23.6335525,-46.6141865,,,,2,2023-06-17T02:44:24+00:00
SAO_3901-10,São Paulo,3550308,True,,34237,,,-23.4987395,-46.50209475,,,,2,2023-06-17T02:38:43+00:00
SAO_3901-10,São Paulo,3550308,True,,34237,,,-23.508074,-46.518173250000004,,,,2,2023-06-17T02:44:21+00:00
SAO_7022-10,São Paulo,3550308,True,,34852,,,-23.665769,-46.7133115,,,,2,2023-06-17T02:44:35+00:00
SAO_7022-10,São Paulo,3550308,True,,34852,,,-23.6852245,-46.7751985,,,,2,2023-06-17T02:44:23+00:00
SAO_7022-10,São Paulo,3550308,True,,34852,,,-23.684932500000002,-46.775504,,,,2,2023-06-17T02:44:00+00:00
SAO_7022-10,São Paulo,3550308,True,,34852,,,-23.685029999999998,-46.7754175,,,,2,2023-06-17T02:44:20+00:00
SAO_7022-10,São Paulo,3550308,True,,34852,,,-23.670262625,-46.772083125,,,,2,2023-06-17T02:44:00+00:00
SAO_7022-10,São Paulo,3550308,True,,34852,,,-23.684932500000002,-46.775504,,,,2,2023-06-17T02:44:25+00:00
SAO_7054-10,São Paulo,3550308,True,,41,,,-23.6341555,-46.774440999999996,,,,1,2023-06-17T02:44:08+00:00
SAO_7054-10,São Paulo,3550308,True,,41,,,-23.6517055,-46.7906215,,,,1,2023-06-17T02:43:56+00:00
SAO_6071-10,São Paulo,3550308,True,,1156,,,-23.655356,-46.703847374999995,,,,1,2023-06-17T02:44:11+00:00
SAO_6071-10,São Paulo,3550308,True,,1156,,,-23.653856875,-46.71128025,,,,1,2023-06-17T02:44:05+00:00
SAO_6071-10,São Paulo,3550308,True,,1156,,,-23.707239,-46.690794499999996,,,,1,2023-06-17T02:44:38+00:00
SAO_6071-10,São Paulo,3550308,True,,1156,,,-23.7236175,-46.6779495,,,,1,2023-06-17T02:44:20+00:00
SAO_6840-10,São Paulo,3550308,True,,32969,,,-23.6905325,-46.774566500000006,,,,2,2023-06-17T02:43:24+00:00
SAO_6840-10,São Paulo,3550308,True,,32969,,,-23.738588749999998,-46.7910585,,,,2,2023-06-17T02:44:30+00:00
SAO_6840-10,São Paulo,3550308,True,,32969,,,-23.7424915,-46.80109975,,,,2,2023-06-17T02:44:27+00:00
SAO_6840-10,São Paulo,3550308,True,,32969,,,-23.6598085,-46.766954999999996,,,,2,2023-06-17T02:43:53+00:00
SAO_6840-10,São Paulo,3550308,True,,32969,,,-23.6645605,-46.770251,,,,2,2023-06-17T02:40:26+00:00
SAO_6840-10,São Paulo,3550308,True,,32969,,,-23.741992,-46.8006415,,,,2,2023-06-17T02:44:11+00:00
SAO_6840-10,São Paulo,3550308,True,,32969,,,-23.724632375,-46.785788249999996,,,,2,2023-06-17T02:44:13+00:00
SAO_702C-10,São Paulo,3550308,True,STT,485,https://moovitapp.com/index/pt-br/transporte_p%C3%BAblico-line-485-Sao_Paulo-242-850661-183324-0,5.3,-23.571778000000002,-46.7484685,,,,1,2023-06-17T02:44:31+00:00
SAO_702C-10,São Paulo,3550308,True,STT,485,https://moovitapp.com/index/pt-br/transporte_p%C3%BAblico-line-485-Sao_Paulo-242-850661-183324-0,5.3,-23.549564,-46.6298945,,,,1,2023-06-17T02:43:59+00:00
SAO_702C-10,São Paulo,3550308,True,STT,485,https://moovitapp.com/index/pt-br/transporte_p%C3%BAblico-line-485-Sao_Paulo-242-850661-183324-0,5.3,-23.571778000000002,-46.7484685,,,,1,2023-06-17T02:44:32+00:00
SAO_6L07-10,São Paulo,3550308,True,,1545,,,-23.8313465,-46.711774500000004,,,,1,2023-06-17T02:44:00+00:00
SAO_1772-10,São Paulo,3550308,True,,635,,,-23.4349075,-46.581235,,,,1,2023-06-17T02:44:22+00:00
SAO_1772-10,São Paulo,3550308,True,,635,,,-23.48009,-46.602402,,,,1,2023-06-17T02:44:09+00:00
SAO_1772-10,São Paulo,3550308,True,,635,,,-23.455299500000002,-46.58985,,,,1,2023-06-17T02:44:31+00:00
SAO_8016-10,São Paulo,3550308,True,,34114,,,-23.485832000000002,-46.7260735,,,,2,2023-06-17T02:43:57+00:00
SAO_8016-10,São Paulo,3550308,True,,34114,,,-23.4513815,-46.718534000000005,,,,2,2023-06-17T02:39:35+00:00
SAO_8016-10,São Paulo,3550308,True,,34114,,,-23.4425135,-46.735012,,,,2,2023-06-17T02:44:20+00:00
SAO_8016-10,São Paulo,3550308,True,,34114,,,-23.4593245,-46.719275499999995,,,,2,2023-06-17T02:44:33+00:00
SAO_8016-10,São Paulo,3550308,True,,34114,,,-23.437822,-46.728558500000005,,,,2,2023-06-17T02:44:30+00:00
SAO_4020-10,São Paulo,3550308,True,,2530,,,-23.5870045,-46.436836,,,,1,2023-06-17T02:44:16+00:00
SAO_4020-10,São Paulo,3550308,True,,2530,,,-23.547174750000003,-46.4468895,,,,1,2023-06-17T02:44:21+00:00
SAO_648P-10,São Paulo,3550308,True,,32834,,,-23.6441535,-46.7444115,,,,2,2023-06-17T02:44:19+00:00
SAO_648P-10,São Paulo,3550308,True,,32834,,,-23.6548665,-46.7623555,,,,2,2023-06-17T02:44:36+00:00
SAO_648P-10,São Paulo,3550308,True,,32834,,,-23.603097499999997,-46.692173749999995,,,,2,2023-06-17T02:44:05+00:00
SAO_648P-10,São Paulo,3550308,True,,32834,,,-23.567616375,-46.6967335,,,,2,2023-06-17T02:44:19+00:00
SAO_648P-10,São Paulo,3550308,True,,32834,,,-23.648953,-46.752862,,,,2,2023-06-17T02:44:40+00:00
SAO_4028-10,São Paulo,3550308,True,,1098,,,-23.6430395,-46.4487555,,,,1,2023-06-17T02:44:07+00:00
SAO_4028-10,São Paulo,3550308,True,,1098,,,-23.61887,-46.468419,,,,1,2023-06-17T02:43:56+00:00
SAO_4028-10,São Paulo,3550308,True,,1098,,,-23.619292,-46.4682685,,,,1,2023-06-17T02:44:38+00:00
SAO_4028-10,São Paulo,3550308,True,,1098,,,-23.5931925,-46.489129500000004,,,,1,2023-06-17T02:44:20+00:00
SAO_4028-10,São Paulo,3550308,True,,1098,,,-23.641935500000002,-46.438704,,,,1,2023-06-17T02:44:30+00:00
SAO_4028-10,São Paulo,3550308,True,,1098,,,-23.594932500000002,-46.487908999999995,,,,1,2023-06-17T02:44:21+00:00
SAO_4222-10,São Paulo,3550308,True,EMTU,288,https://moovitapp.com/index/pt-br/transporte_p%C3%BAblico-line-288-Sao_Paulo-242-2038937-36419389-0,5.1,-23.614827,-46.512039,,,,1,2023-06-17T02:44:21+00:00
SAO_4222-10,São Paulo,3550308,True,EMTU,288,https://moovitapp.com/index/pt-br/transporte_p%C3%BAblico-line-288-Sao_Paulo-242-2038937-36419389-0,5.1,-23.585233000000002,-46.5577415,,,,1,2023-06-17T02:44:24+00:00
SAO_848L-10,São Paulo,3550308,True,EMTU,808,https://moovitapp.com/index/pt-br/transporte_p%C3%BAblico-line-808-Sao_Paulo-242-2038937-36419584-0,4.8,-23.4841335,-46.7226335,,,,1,2023-06-17T02:44:22+00:00
SAO_848L-10,São Paulo,3550308,True,EMTU,808,https://moovitapp.com/index/pt-br/transporte_p%C3%BAblico-line-808-Sao_Paulo-242-2038937-36419584-0,4.8,-23.411386,-46.7469705,,,,1,2023-06-17T02:44:35+00:00
SAO_848L-10,São Paulo,3550308,True,EMTU,808,https://moovitapp.com/index/pt-br/transporte_p%C3%BAblico-line-808-Sao_Paulo-242-2038937-36419584-0,4.8,-23.4854175,-46.7256575,,,,1,2023-06-17T02:44:24+00:00
SAO_848L-10,São Paulo,3550308,True,EMTU,808,https://moovitapp.com/index/pt-br/transporte_p%C3%BAblico-line-808-Sao_Paulo-242-2038937-36419584-0,4.8,-23.4432575,-46.7217335,,,,1,2023-06-17T02:43:59+00:00
SAO_8050-10,São Paulo,3550308,True,,412,,,-23.521591,-46.719032,,,,1,2023-06-17T02:44:24+00:00
SAO_8050-10,São Paulo,3550308,True,,412,,,-23.43585525,-46.786294749999996,,,,1,2023-06-17T02:43:55+00:00
SAO_3721-10,São Paulo,3550308,True,,1019,,,-23.5622725,-46.493492,,,,1,2023-06-17T02:44:00+00:00
SAO_3721-10,São Paulo,3550308,True,,1019,,,-23.56595025,-46.4928005,,,,1,2023-06-17T02:43:58+00:00
SAO_3738-10,São Paulo,3550308,True,,33806,,,-23.5632745,-46.3965405,,,,2,2023-06-17T02:44:34+00:00
SAO_3738-10,São Paulo,3550308,True,,33806,,,-23.551554,-46.4361985,,,,2,2023-06-17T02:44:17+00:00
SAO_3738-10,São Paulo,3550308,True,,33806,,,-23.5628445,-46.3949135,,,,2,2023-06-17T02:44:24+00:00
SAO_3738-10,São Paulo,3550308,True,,33806,,,-23.5629515,-46.3946025,,,,2,2023-06-17T02:44:17+00:00
SAO_3738-10,São Paulo,3550308,True,,33806,,,-23.5629515,-46.3946025,,,,2,2023-06-17T02:44:23+00:00
SAO_3738-10,São Paulo,3550308,True,,33806,,,-23.5629515,-46.3946025,,,,2,2023-06-17T02:44:07+00:00
SAO_3738-10,São Paulo,3550308,True,,33806,,,-23.56529475,-46.403280624999994,,,,2,2023-06-17T02:44:36+00:00
SAO_3738-10,São Paulo,3550308,True,,33806,,,-23.537312,-46.453307499999994,,,,2,2023-06-17T02:44:02+00:00
SAO_3738-10,São Paulo,3550308,True,,33806,,,-23.56097375,-46.420145500000004,,,,2,2023-06-17T02:44:26+00:00
SAO_3738-10,São Paulo,3550308,True,,33806,,,-23.5422585,-46.470022,,,,2,2023-06-17T02:44:33+00:00
SAO_575C-10,São Paulo,3550308,True,,34454,,,-23.584475499999996,-46.586600250000004,,,,2,2023-06-17T02:43:36+00:00
SAO_575C-10,São Paulo,3550308,True,,34454,,,-23.580758250000002,-46.5259895,,,,2,2023-06-17T02:44:26+00:00
SAO_575C-10,São Paulo,3550308,True,,34454,,,-23.580758250000002,-46.5259895,,,,2,2023-06-17T02:44:16+00:00
SAO_172Y-10,São Paulo,3550308,True,,862,,,-23.517665,-46.589251875,,,,1,2023-06-17T02:44:15+00:00
SAO_172Y-10,São Paulo,3550308,True,,862,,,-23.4798665,-46.5851925,,,,1,2023-06-17T02:44:07+00:00
SAO_172Y-10,São Paulo,3550308,True,,862,,,-23.5416595,-46.58983475,,,,1,2023-06-17T02:43:58+00:00
SAO_2762-10,São Paulo,3550308,True,,32912,,,-23.490799,-46.478092000000004,,,,2,2023-06-17T02:44:34+00:00
SAO_2762-10,São Paulo,3550308,True,,32912,,,-23.524527499999998,-46.549481625,,,,2,2023-06-17T02:44:12+00:00
SAO_2762-10,São Paulo,3550308,True,,32912,,,-23.486390874999998,-46.477108375,,,,2,2023-06-17T02:44:26+00:00
SAO_2762-10,São Paulo,3550308,True,,32912,,,-23.486237625,-46.476904125000004,,,,2,2023-06-17T02:44:35+00:00
SAO_2762-10,São Paulo,3550308,True,,32912,,,-23.4905365,-46.49019025,,,,2,2023-06-17T02:44:19+00:00
SAO_2762-10,São Paulo,3550308,True,,32912,,,-23.486390874999998,-46.477108375,,,,2,2023-06-17T02:44:36+00:00
SAO_6115-41,São Paulo,3550308,True,,35009,,,-23.747837,-46.687671,,,,2,2023-06-17T02:44:24+00:00
SAO_847J-10,São Paulo,3550308,True,,1342,,,-23.4570205,-46.7203085,,,,1,2023-06-17T02:44:02+00:00
SAO_847J-10,São Paulo,3550308,True,,1342,,,-23.529883124999998,-46.731899,,,,1,2023-06-17T02:44:23+00:00
SAO_3069-10,São Paulo,3550308,True,,984,,,-23.605977,-46.417018999999996,,,,1,2023-06-17T02:44:21+00:00
SAO_3069-10,São Paulo,3550308,True,,984,,,-23.612455,-46.4761845,,,,1,2023-06-17T02:44:38+00:00
SAO_3069-10,São Paulo,3550308,True,,984,,,-23.6152915,-46.418618249999994,,,,1,2023-06-17T02:44:02+00:00
SAO_675R-10,São Paulo,3550308,True,,109,,,-23.720036999999998,-46.689499,,,,1,2023-06-17T02:44:06+00:00
SAO_675R-10,São Paulo,3550308,True,,109,,,-23.640231875,-46.66822462499999,,,,1,2023-06-17T02:44:16+00:00
SAO_3728-41,São Paulo,3550308,True,,34756,,,-23.5606595,-46.482326,,,,2,2023-06-17T02:44:25+00:00
SAO_3728-41,São Paulo,3550308,True,,34756,,,-23.551551,-46.4910065,,,,2,2023-06-17T02:44:32+00:00
SAO_3728-41,São Paulo,3550308,True,,34756,,,-23.542556,-46.48409475,,,,2,2023-06-17T02:44:09+00:00
SAO_971R-51,São Paulo,3550308,True,,33385,,,-23.501060000000003,-46.62484499999999,,,,2,2023-06-17T02:44:23+00:00
SAO_7017-10,São Paulo,3550308,True,,2502,,,-23.676502499999998,-46.775547,,,,1,2023-06-17T02:43:58+00:00
SAO_7017-10,São Paulo,3550308,True,,2502,,,-23.6931665,-46.791157,,,,1,2023-06-17T02:44:24+00:00
SAO_7017-10,São Paulo,3550308,True,,2502,,,-23.675867250000003,-46.754087,,,,1,2023-06-17T02:44:33+00:00
SAO_5164-41,São Paulo,3550308,True,,1617,,,-23.6464495,-46.646234750000005,,,,1,2023-06-17T02:44:15+00:00
SAO_5164-41,São Paulo,3550308,True,,1617,,,-23.646710499999998,-46.637024249999996,,,,1,2023-06-17T02:44:38+00:00
SAO_5164-41,São Paulo,3550308,True,,1617,,,-23.652524,-46.6463865,,,,1,2023-06-17T02:44:06+00:00
SAO_271A-51,São Paulo,3550308,True,,703,,,-23.490837499999998,-46.5773595,,,,1,2023-06-17T02:44:37+00:00
SAO_271A-51,São Paulo,3550308,True,,703,,,-23.518918499999998,-46.546471,,,,1,2023-06-17T02:44:09+00:00
SAO_271A-51,São Paulo,3550308,True,,703,,,-23.499280499999998,-46.519600999999994,,,,1,2023-06-17T02:43:58+00:00
SAO_271A-51,São Paulo,3550308,True,,703,,,-23.499516,-46.593855500000004,,,,1,2023-06-17T02:44:24+00:00
SAO_6036-10,São Paulo,3550308,True,,33982,,,-23.65385975,-46.79008575,,,,2,2023-06-17T02:44:06+00:00
SAO_6036-10,São Paulo,3550308,True,,33982,,,-23.65385975,-46.79008575,,,,2,2023-06-17T02:44:33+00:00
SAO_6036-10,São Paulo,3550308,True,,33982,,,-23.659830499999998,-46.76968,,,,2,2023-06-17T02:44:40+00:00
SAO_6036-10,São Paulo,3550308,True,,33982,,,-23.654117499999998,-46.776975,,,,2,2023-06-17T02:44:20+00:00
SAO_6036-10,São Paulo,3550308,True,,33982,,,-23.6538115,-46.789655499999995,,,,2,2023-06-17T02:44:33+00:00
SAO_817C-10,São Paulo,3550308,True,,1337,,,-23.5217005,-46.700518,,,,1,2023-06-17T02:44:08+00:00
SAO_817C-10,São Paulo,3550308,True,,1337,,,-23.5554365,-46.675481000000005,,,,1,2023-06-17T02:44:36+00:00
SAO_817C-10,São Paulo,3550308,True,,1337,,,-23.5217005,-46.700518,,,,1,2023-06-17T02:44:29+00:00
SAO_9008-10,São Paulo,3550308,True,,33643,,,-23.465833500000002,-46.679323,,,,2,2023-06-17T02:43:54+00:00
SAO_9008-10,São Paulo,3550308,True,,33643,,,-23.427988,-46.71467975,,,,2,2023-06-17T02:44:32+00:00
SAO_9008-10,São Paulo,3550308,True,,33643,,,-23.4555595,-46.693365,,,,2,2023-06-17T02:44:06+00:00
SAO_8008-10,São Paulo,3550308,True,,34026,,,-23.470457,-46.751476499999995,,,,2,2023-06-17T02:44:37+00:00
SAO_8008-10,São Paulo,3550308,True,,34026,,,-23.470188,-46.751977,,,,2,2023-06-17T02:44:22+00:00
SAO_8008-10,São Paulo,3550308,True,,34026,,,-23.4861935,-46.756078,,,,2,2023-06-17T02:44:31+00:00
SAO_8008-10,São Paulo,3550308,True,,34026,,,-23.470457,-46.751476499999995,,,,2,2023-06-17T02:44:00+00:00
SAO_6013-10,São Paulo,3550308,True,,32954,,,-23.699185,-46.7630965,,,,2,2023-06-17T02:44:23+00:00
SAO_6013-10,São Paulo,3550308,True,,32954,,,-23.653522000000002,-46.734838999999994,,,,2,2023-06-17T02:44:18+00:00
SAO_6013-10,São Paulo,3550308,True,,32954,,,-23.6755615,-46.75482325,,,,2,2023-06-17T02:44:30+00:00
SAO_6013-10,São Paulo,3550308,True,,32954,,,-23.654486499999997,-46.7150675,,,,2,2023-06-17T02:44:32+00:00
SAO_6013-10,São Paulo,3550308,True,,32954,,,-23.6993075,-46.767721,,,,2,2023-06-17T02:44:15+00:00
SAO_6013-10,São Paulo,3550308,True,,32954,,,-23.701182,-46.7717525,,,,2,2023-06-17T02:44:13+00:00
SAO_4021-10,São Paulo,3550308,True,,2548,,,-23.542802000000002,-46.470636,,,,1,2023-06-17T02:44:34+00:00
SAO_4021-10,São Paulo,3550308,True,,2548,,,-23.55114075,-46.457085500000005,,,,1,2023-06-17T02:44:17+00:00
SAO_2020-10,São Paulo,3550308,True,,2262,,,-23.465711499999998,-46.6035095,,,,1,2023-06-17T02:44:01+00:00
SAO_1015-10,São Paulo,3550308,True,,34998,,,-23.4318903125,-46.786874375,,,,2,2023-06-17T02:44:01+00:00
SAO_1015-10,São Paulo,3550308,True,,34998,,,-23.413189125000002,-46.812457625,,,,2,2023-06-17T02:44:28+00:00
SAO_8032-10,São Paulo,3550308,True,,2545,,,-23.571887,-46.7083135,,,,1,2023-06-17T02:44:08+00:00
SAO_6960-10,São Paulo,3550308,True,,34211,,,-23.717851125,-46.700298875,,,,2,2023-06-17T02:44:36+00:00
SAO_6960-10,São Paulo,3550308,True,,34211,,,-23.74478,-46.70714075,,,,2,2023-06-17T02:44:04+00:00
SAO_6960-10,São Paulo,3550308,True,,34211,,,-23.71381975,-46.708670500000004,,,,2,2023-06-17T02:44:38+00:00
SAO_6960-10,São Paulo,3550308,True,,34211,,,-23.6543295,-46.7121355,,,,2,2023-06-17T02:41:50+00:00
SAO_6960-10,São Paulo,3550308,True,,34211,,,-23.6543295,-46.7121355,,,,2,2023-06-17T02:38:33+00:00
SAO_5370-21,São Paulo,3550308,True,,1551,,,-23.7673145,-46.7161625,,,,1,2023-06-17T02:43:00+00:00
SAO_745M-21,São Paulo,3550308,True,,34752,,,-23.630699,-46.768204,,,,2,2023-06-17T02:44:28+00:00
SAO_745M-21,São Paulo,3550308,True,,34752,,,-23.63513475,-46.75892225,,,,2,2023-06-17T02:44:40+00:00
SAO_745M-21,São Paulo,3550308,True,,34752,,,-23.63355825,-46.7736125,,,,2,2023-06-17T02:44:40+00:00
SAO_745M-21,São Paulo,3550308,True,,34752,,,-23.630542499999997,-46.768583,,,,2,2023-06-17T02:44:07+00:00
SAO_2730-10,São Paulo,3550308,True,Urubupungá,945,https://moovitapp.com/index/pt-br/transporte_p%C3%BAblico-line-945-Sao_Paulo-242-873835-75841138-0,4.6,-23.504587,-46.45158525,,,,1,2023-06-17T02:44:33+00:00
SAO_2730-10,São Paulo,3550308,True,Urubupungá,945,https://moovitapp.com/index/pt-br/transporte_p%C3%BAblico-line-945-Sao_Paulo-242-873835-75841138-0,4.6,-23.518818500000002,-46.469753,,,,1,2023-06-17T02:44:25+00:00
SAO_2730-10,São Paulo,3550308,True,Urubupungá,945,https://moovitapp.com/index/pt-br/transporte_p%C3%BAblico-line-945-Sao_Paulo-242-873835-75841138-0,4.6,-23.50503,-46.456571,,,,1,2023-06-17T02:43:56+00:00
SAO_2730-10,São Paulo,3550308,True,Urubupungá,945,https://moovitapp.com/index/pt-br/transporte_p%C3%BAblico-line-945-Sao_Paulo-242-873835-75841138-0,4.6,-23.539783999999997,-46.483161,,,,1,2023-06-17T02:44:36+00:00
SAO_2730-10,São Paulo,3550308,True,Urubupungá,945,https://moovitapp.com/index/pt-br/transporte_p%C3%BAblico-line-945-Sao_Paulo-242-873835-75841138-0,4.6,-23.5365825,-46.475021999999996,,,,1,2023-06-17T02:44:27+00:00
SAO_2730-10,São Paulo,3550308,True,Urubupungá,945,https://moovitapp.com/index/pt-br/transporte_p%C3%BAblico-line-945-Sao_Paulo-242-873835-75841138-0,4.6,-23.5401805,-46.483284,,,,1,2023-06-17T02:44:29+00:00
SAO_4706-10,São Paulo,3550308,True,,299,,,-23.608657,-46.6132985,,,,1,2023-06-17T02:44:24+00:00
SAO_771P-10,São Paulo,3550308,True,EMTU,506,https://moovitapp.com/index/pt-br/transporte_p%C3%BAblico-line-506-Sao_Paulo-242-2038937-36419528-0,5.65,-23.565214249999997,-46.7010625,,,,1,2023-06-17T02:44:36+00:00
SAO_771P-10,São Paulo,3550308,True,EMTU,506,https://moovitapp.com/index/pt-br/transporte_p%C3%BAblico-line-506-Sao_Paulo-242-2038937-36419528-0,5.65,-23.565747,-46.696505,,,,1,2023-06-17T02:44:20+00:00
SAO_3796-10,São Paulo,3550308,True,,1074,,,-23.58867925,-46.446844375,,,,1,2023-06-17T02:44:35+00:00
SAO_3796-10,São Paulo,3550308,True,,1074,,,-23.544293500000002,-46.464736,,,,1,2023-06-17T02:44:15+00:00
SAO_3796-10,São Paulo,3550308,True,,1074,,,-23.589194,-46.446603999999994,,,,1,2023-06-17T02:44:30+00:00
SAO_6063-42,São Paulo,3550308,True,,2002,,,-23.8082375,-46.676798,,,,1,2023-06-17T02:44:22+00:00
SAO_9354-10,São Paulo,3550308,True,,33476,,,-23.5373795,-46.6416975,,,,2,2023-06-17T02:44:32+00:00
SAO_9354-10,São Paulo,3550308,True,,33476,,,-23.4879485,-46.652222,,,,2,2023-06-17T02:44:36+00:00
SAO_9354-10,São Paulo,3550308,True,,33476,,,-23.474438499999998,-46.669928999999996,,,,2,2023-06-17T02:43:56+00:00
SAO_9354-10,São Paulo,3550308,True,,33476,,,-23.4742495,-46.669781,,,,2,2023-06-17T02:44:26+00:00
SAO_9354-10,São Paulo,3550308,True,,33476,,,-23.502938,-46.653896,,,,2,2023-06-17T02:44:09+00:00
SAO_9354-10,São Paulo,3550308,True,,33476,,,-23.4749005,-46.670119,,,,2,2023-06-17T02:44:37+00:00
SAO_9354-10,São Paulo,3550308,True,,33476,,,-23.4742495,-46.669781,,,,2,2023-06-17T02:44:38+00:00
SAO_177Y-10,São Paulo,3550308,True,,33635,,,-23.527178499999998,-46.66675275,,,,2,2023-06-17T02:44:38+00:00
SAO_177Y-10,São Paulo,3550308,True,,33635,,,-23.567616375,-46.6967335,,,,2,2023-06-17T02:44:13+00:00
SAO_177Y-10,São Paulo,3550308,True,,33635,,,-23.5269075,-46.66671425,,,,2,2023-06-17T02:44:15+00:00
SAO_513L-10,São Paulo,3550308,True,,1655,,,-23.5366935,-46.589487500000004,,,,1,2023-06-17T02:44:38+00:00
SAO_513L-10,São Paulo,3550308,True,,1655,,,-23.6019195,-46.603135,,,,1,2023-06-17T02:44:25+00:00
SAO_513L-10,São Paulo,3550308,True,,1655,,,-23.6034085,-46.6026285,,,,1,2023-06-17T02:43:57+00:00
SAO_513L-10,São Paulo,3550308,True,,1655,,,-23.597696374999998,-46.601923125,,,,1,2023-06-17T02:44:01+00:00
SAO_6016-41,São Paulo,3550308,True,,34474,,,-23.774908500000002,-46.675708,,,,2,2023-06-17T02:44:15+00:00
SAO_6016-41,São Paulo,3550308,True,,34474,,,-23.7745565,-46.675799,,,,2,2023-06-17T02:44:40+00:00
SAO_6016-41,São Paulo,3550308,True,,34474,,,-23.757704,-46.684599250000005,,,,2,2023-06-17T02:44:37+00:00
SAO_6016-41,São Paulo,3550308,True,,34474,,,-23.774729,-46.675773500000005,,,,2,2023-06-17T02:44:30+00:00
SAO_517J-10,São Paulo,3550308,True,,33897,,,-23.684867,-46.6484395,,,,2,2023-06-17T02:37:28+00:00
SAO_517J-10,São Paulo,3550308,True,,33897,,,-23.6911755,-46.656424,,,,2,2023-06-17T02:44:24+00:00
SAO_517J-10,São Paulo,3550308,True,,33897,,,-23.6742275,-46.663416999999995,,,,2,2023-06-17T02:44:10+00:00
SAO_517J-10,São Paulo,3550308,True,,33897,,,-23.623651000000002,-46.696252,,,,2,2023-06-17T02:44:01+00:00
SAO_517J-10,São Paulo,3550308,True,,33897,,,-23.687911,-46.655813,,,,2,2023-06-17T02:44:04+00:00
SAO_2709-10,São Paulo,3550308,True,,33690,,,-23.521500500000002,-46.4824285,,,,2,2023-06-17T02:44:12+00:00
SAO_2709-10,São Paulo,3550308,True,,33690,,,-23.531779,-46.485549000000006,,,,2,2023-06-17T02:44:20+00:00
SAO_2709-10,São Paulo,3550308,True,,33690,,,-23.5202155,-46.480222999999995,,,,2,2023-06-17T02:44:27+00:00
SAO_2709-10,São Paulo,3550308,True,,33690,,,-23.5202155,-46.480222999999995,,,,2,2023-06-17T02:44:07+00:00
SAO_2004-10,São Paulo,3550308,True,,33660,,,-23.5191545,-46.38698925,,,,2,2023-06-17T02:44:29+00:00
SAO_2004-10,São Paulo,3550308,True,,33660,,,-23.534838,-46.400812,,,,2,2023-06-17T02:43:40+00:00
SAO_2004-10,São Paulo,3550308,True,,33660,,,-23.5261585,-46.390482500000005,,,,2,2023-06-17T02:44:33+00:00
SAO_2004-10,São Paulo,3550308,True,,33660,,,-23.519621,-46.383444499999996,,,,2,2023-06-17T02:44:39+00:00
SAO_1786-10,São Paulo,3550308,True,,649,,,-23.487182750000002,-46.6237685,,,,1,2023-06-17T02:44:09+00:00
SAO_1786-10,São Paulo,3550308,True,,649,,,-23.4521245,-46.6074715,,,,1,2023-06-17T02:39:49+00:00
SAO_178A-10,São Paulo,3550308,True,EMTU,558,https://moovitapp.com/index/pt-br/transporte_p%C3%BAblico-line-558-Sao_Paulo-242-2038937-36419559-0,4.4,-23.503149999999998,-46.623488,,,,1,2023-06-17T02:44:05+00:00
SAO_178A-10,São Paulo,3550308,True,EMTU,558,https://moovitapp.com/index/pt-br/transporte_p%C3%BAblico-line-558-Sao_Paulo-242-2038937-36419559-0,4.4,-23.5269655,-46.664746,,,,1,2023-06-17T02:44:32+00:00
SAO_7272-10,São Paulo,3550308,True,,1333,,,-23.549688500000002,-46.682314000000005,,,,1,2023-06-17T02:44:35+00:00
SAO_7272-10,São Paulo,3550308,True,,1333,,,-23.526743250000003,-46.6866685,,,,1,2023-06-17T02:44:19+00:00
SAO_7272-10,São Paulo,3550308,True,,1333,,,-23.5183185,-46.706914499999996,,,,1,2023-06-17T02:43:54+00:00
SAO_7272-10,São Paulo,3550308,True,,1333,,,-23.5560535,-46.6633055,,,,1,2023-06-17T02:44:26+00:00
SAO_2008-10,São Paulo,3550308,True,,897,,,-23.521084000000002,-46.3870275,,,,1,2023-06-17T02:43:57+00:00
SAO_2008-10,São Paulo,3550308,True,,897,,,-23.4941885,-46.400822,,,,1,2023-06-17T02:41:26+00:00
SAO_2008-10,São Paulo,3550308,True,,897,,,-23.5142615,-46.390609,,,,1,2023-06-17T02:44:26+00:00
SAO_2008-10,São Paulo,3550308,True,,897,,,-23.51992775,-46.38713175,,,,1,2023-06-17T02:44:25+00:00
SAO_2008-10,São Paulo,3550308,True,,897,,,-23.5144425,-46.3903165,,,,1,2023-06-17T02:44:05+00:00
SAO_2008-10,São Paulo,3550308,True,,897,,,-23.513021625,-46.39278075,,,,1,2023-06-17T02:44:16+00:00
SAO_2008-10,São Paulo,3550308,True,,897,,,-23.499641,-46.39929600000001,,,,1,2023-06-17T02:44:27+00:00
SAO_8100-10,São Paulo,3550308,True,,1262,,,-23.485485500000003,-46.7254255,,,,1,2023-06-17T02:44:10+00:00
SAO_8100-10,São Paulo,3550308,True,,1262,,,-23.495965749999996,-46.72919575,,,,1,2023-06-17T02:44:19+00:00
SAO_8100-10,São Paulo,3550308,True,,1262,,,-23.5198475,-46.700419,,,,1,2023-06-17T02:44:29+00:00
SAO_8100-10,São Paulo,3550308,True,,1262,,,-23.518387,-46.725114500000004,,,,1,2023-06-17T02:44:39+00:00
SAO_6115-10,São Paulo,3550308,True,,33953,,,-23.7428035,-46.658500000000004,,,,2,2023-06-17T02:44:15+00:00
SAO_6115-10,São Paulo,3550308,True,,33953,,,-23.747397499999998,-46.6642005,,,,2,2023-06-17T02:44:09+00:00
SAO_6115-10,São Paulo,3550308,True,,33953,,,-23.7534545,-46.6884165,,,,2,2023-06-17T02:44:20+00:00
SAO_6115-10,São Paulo,3550308,True,,33953,,,-23.73608675,-46.694618500000004,,,,2,2023-06-17T02:44:13+00:00
SAO_6115-10,São Paulo,3550308,True,,33953,,,-23.742746,-46.6587425,,,,2,2023-06-17T02:44:27+00:00
SAO_273L-10,São Paulo,3550308,True,,32992,,,-23.539380375,-46.431489625,,,,2,2023-06-17T02:44:10+00:00
SAO_273L-10,São Paulo,3550308,True,,32992,,,-23.5128555,-46.4437095,,,,2,2023-06-17T02:44:27+00:00
SAO_273L-10,São Paulo,3550308,True,,32992,,,-23.533779000000003,-46.4232865,,,,2,2023-06-17T02:44:21+00:00
SAO_273L-10,São Paulo,3550308,True,,32992,,,-23.539380375,-46.431489625,,,,2,2023-06-17T02:44:33+00:00
SAO_273L-10,São Paulo,3550308,True,,32992,,,-23.5388255,-46.480726000000004,,,,2,2023-06-17T02:41:58+00:00
SAO_5038-10,São Paulo,3550308,True,,34429,,,-23.652486500000002,-46.601986999999994,,,,2,2023-06-17T02:44:05+00:00
SAO_5038-10,São Paulo,3550308,True,,34429,,,-23.602812,-46.60224,,,,2,2023-06-17T02:44:25+00:00
SAO_5038-10,São Paulo,3550308,True,,34429,,,-23.653293500000004,-46.602455000000006,,,,2,2023-06-17T02:43:58+00:00
SAO_5038-10,São Paulo,3550308,True,,34429,,,-23.650012,-46.6139055,,,,2,2023-06-17T02:44:35+00:00
SAO_5038-10,São Paulo,3550308,True,,34429,,,-23.649924,-46.6094865,,,,2,2023-06-17T02:44:16+00:00
SAO_5038-10,São Paulo,3550308,True,,34429,,,-23.607142000000003,-46.599338,,,,2,2023-06-17T02:44:04+00:00
SAO_3789-10,São Paulo,3550308,True,,1067,,,-23.590905499999998,-46.4434595,,,,1,2023-06-17T02:44:10+00:00
SAO_3789-10,São Paulo,3550308,True,,1067,,,-23.5841205,-46.4088905,,,,1,2023-06-17T02:44:27+00:00
SAO_3789-10,São Paulo,3550308,True,,1067,,,-23.5992885,-46.401830000000004,,,,1,2023-06-17T02:44:09+00:00
SAO_3789-10,São Paulo,3550308,True,,1067,,,-23.611982,-46.3961475,,,,1,2023-06-17T02:43:57+00:00
SAO_3789-10,São Paulo,3550308,True,,1067,,,-23.583989000000003,-46.408885999999995,,,,1,2023-06-17T02:44:19+00:00
SAO_3789-10,São Paulo,3550308,True,,1067,,,-23.580378625,-46.4131895,,,,1,2023-06-17T02:44:35+00:00
SAO_3789-10,São Paulo,3550308,True,,1067,,,-23.5671295,-46.4637155,,,,1,2023-06-17T02:44:18+00:00
SAO_3789-10,São Paulo,3550308,True,,1067,,,-23.5424675,-46.470273500000005,,,,1,2023-06-17T02:44:18+00:00
SAO_312N-10,São Paulo,3550308,True,,990,,,-23.519186,-46.412028750000005,,,,1,2023-06-17T02:44:11+00:00
SAO_312N-10,São Paulo,3550308,True,,990,,,-23.494298,-46.422852625,,,,1,2023-06-17T02:43:52+00:00
SAO_312N-10,São Paulo,3550308,True,,990,,,-23.514025,-46.415026,,,,1,2023-06-17T02:44:30+00:00
SAO_312N-10,São Paulo,3550308,True,,990,,,-23.581818249999998,-46.410364125,,,,1,2023-06-17T02:44:12+00:00
SAO_312N-10,São Paulo,3550308,True,,990,,,-23.572236500000002,-46.399409500000004,,,,1,2023-06-17T02:44:15+00:00
SAO_312N-10,São Paulo,3550308,True,,990,,,-23.494142,-46.421000125,,,,1,2023-06-17T02:44:19+00:00
SAO_312N-10,São Paulo,3550308,True,,990,,,-23.542544,-46.4158275,,,,1,2023-06-17T02:44:28+00:00
SAO_3725-10,São Paulo,3550308,True,,1022,,,-23.5325795,-46.531303,,,,1,2023-06-17T02:43:56+00:00
SAO_3725-10,São Paulo,3550308,True,,1022,,,-23.545781125,-46.516925375,,,,1,2023-06-17T02:43:57+00:00
SAO_3725-10,São Paulo,3550308,True,,1022,,,-23.537424,-46.5289075,,,,1,2023-06-17T02:44:24+00:00
SAO_178T-10,São Paulo,3550308,True,EMTU,565,https://moovitapp.com/index/pt-br/transporte_p%C3%BAblico-line-565-Sao_Paulo-242-2038937-36419563-0,8.1,-23.53174025,-46.734263999999996,,,,1,2023-06-17T02:44:18+00:00
SAO_178T-10,São Paulo,3550308,True,EMTU,565,https://moovitapp.com/index/pt-br/transporte_p%C3%BAblico-line-565-Sao_Paulo-242-2038937-36419563-0,8.1,-23.502515000000002,-46.686029000000005,,,,1,2023-06-17T02:44:07+00:00
SAO_178T-10,São Paulo,3550308,True,EMTU,565,https://moovitapp.com/index/pt-br/transporte_p%C3%BAblico-line-565-Sao_Paulo-242-2038937-36419563-0,8.1,-23.53174025,-46.734263999999996,,,,1,2023-06-17T02:44:37+00:00
SAO_178T-10,São Paulo,3550308,True,EMTU,565,https://moovitapp.com/index/pt-br/transporte_p%C3%BAblico-line-565-Sao_Paulo-242-2038937-36419563-0,8.1,-23.50225575,-46.686184499999996,,,,1,2023-06-17T02:44:31+00:00
SAO_178T-10,São Paulo,3550308,True,EMTU,565,https://moovitapp.com/index/pt-br/transporte_p%C3%BAblico-line-565-Sao_Paulo-242-2038937-36419563-0,8.1,-23.5313455,-46.7346275,,,,1,2023-06-17T02:44:00+00:00
SAO_178T-10,São Paulo,3550308,True,EMTU,565,https://moovitapp.com/index/pt-br/transporte_p%C3%BAblico-line-565-Sao_Paulo-242-2038937-36419563-0,8.1,-23.53174025,-46.734263999999996,,,,1,2023-06-17T02:44:22+00:00
SAO_709G-10,São Paulo,3550308,True,,2020,,,-23.666610749999997,-46.720212499999995,,,,1,2023-06-17T02:44:30+00:00
SAO_709G-10,São Paulo,3550308,True,,2020,,,-23.627192,-46.687895749999996,,,,1,2023-06-17T02:44:16+00:00
SAO_509M-10,São Paulo,3550308,True,,34045,,,-23.576215,-46.6429615,,,,2,2023-06-17T02:44:29+00:00
SAO_509M-10,São Paulo,3550308,True,,34045,,,-23.5340575,-46.644261,,,,2,2023-06-17T02:44:34+00:00
SAO_509M-10,São Paulo,3550308,True,,34045,,,-23.606244,-46.6648075,,,,2,2023-06-17T02:44:10+00:00
SAO_509M-10,São Paulo,3550308,True,,34045,,,-23.613059,-46.671189,,,,2,2023-06-17T02:44:28+00:00
SAO_509M-10,São Paulo,3550308,True,,34045,,,-23.6711615,-46.646614,,,,2,2023-06-17T02:44:37+00:00
SAO_509M-10,São Paulo,3550308,True,,34045,,,-23.6798265,-46.6366,,,,2,2023-06-17T02:43:58+00:00
SAO_5701-10,São Paulo,3550308,True,,1136,,,-23.62243375,-46.68309725,,,,1,2023-06-17T02:44:01+00:00
SAO_5701-10,São Paulo,3550308,True,,1136,,,-23.652054,-46.651748999999995,,,,1,2023-06-17T02:44:14+00:00
SAO_5701-10,São Paulo,3550308,True,,1136,,,-23.6351905,-46.668983999999995,,,,1,2023-06-17T02:44:03+00:00
SAO_4019-10,São Paulo,3550308,True,,35292,,,-23.548913,-46.473406499999996,,,,2,2023-06-17T02:40:50+00:00
SAO_707K-10,São Paulo,3550308,True,,35271,,,-23.647254500000003,-46.6400105,,,,2,2023-06-17T02:44:11+00:00
SAO_707K-10,São Paulo,3550308,True,,35271,,,-23.66813,-46.735502499999996,,,,2,2023-06-17T02:44:20+00:00
SAO_707K-10,São Paulo,3550308,True,,35271,,,-23.668024000000003,-46.735501,,,,2,2023-06-17T02:43:59+00:00
SAO_707K-10,São Paulo,3550308,True,,35271,,,-23.668778500000002,-46.7340385,,,,2,2023-06-17T02:44:24+00:00
SAO_707K-10,São Paulo,3550308,True,,35271,,,-23.66813,-46.735502499999996,,,,2,2023-06-17T02:43:58+00:00
SAO_707K-10,São Paulo,3550308,True,,35271,,,-23.6683575,-46.7355065,,,,2,2023-06-17T02:44:05+00:00
SAO_707K-10,São Paulo,3550308,True,,35271,,,-23.658554000000002,-46.6985085,,,,2,2023-06-17T02:44:31+00:00
SAO_707K-10,São Paulo,3550308,True,,35271,,,-23.6414295,-46.666721,,,,2,2023-06-17T02:44:08+00:00
SAO_2715-10,São Paulo,3550308,True,,928,,,-23.5157015,-46.499269,,,,1,2023-06-17T02:44:26+00:00
SAO_2715-10,São Paulo,3550308,True,,928,,,-23.5305685,-46.501547,,,,1,2023-06-17T02:44:16+00:00
SAO_2715-10,São Paulo,3550308,True,,928,,,-23.5160665,-46.499255000000005,,,,1,2023-06-17T02:44:16+00:00
SAO_2715-10,São Paulo,3550308,True,,928,,,-23.497837,-46.503524999999996,,,,1,2023-06-17T02:44:14+00:00
SAO_2715-10,São Paulo,3550308,True,,928,,,-23.4994,-46.499936500000004,,,,1,2023-06-17T02:44:24+00:00
SAO_4003-10,São Paulo,3550308,True,,34927,,,-23.5310715,-46.4425815,,,,2,2023-06-17T02:40:38+00:00
SAO_4003-10,São Paulo,3550308,True,,34927,,,-23.574084,-46.39846300000001,,,,2,2023-06-17T02:44:04+00:00
SAO_4003-10,São Paulo,3550308,True,,34927,,,-23.574084,-46.39846300000001,,,,2,2023-06-17T02:44:03+00:00
SAO_5015-10,São Paulo,3550308,True,,1119,,,-23.665697,-46.637865500000004,,,,1,2023-06-17T02:43:51+00:00
SAO_5015-10,São Paulo,3550308,True,,1119,,,-23.662988,-46.6376995,,,,1,2023-06-17T02:42:09+00:00
SAO_5015-10,São Paulo,3550308,True,,1119,,,-23.6925055,-46.660168999999996,,,,1,2023-06-17T02:44:00+00:00
SAO_5015-10,São Paulo,3550308,True,,1119,,,-23.676196249999997,-46.662721000000005,,,,1,2023-06-17T02:44:39+00:00
SAO_5015-10,São Paulo,3550308,True,,1119,,,-23.679442,-46.655800625,,,,1,2023-06-17T02:39:54+00:00
SAO_5015-10,São Paulo,3550308,True,,1119,,,-23.678792,-46.6405265,,,,1,2023-06-17T02:44:39+00:00
SAO_8548-10,São Paulo,3550308,True,,33346,,,-23.50225575,-46.686184499999996,,,,2,2023-06-17T02:44:13+00:00
SAO_8548-10,São Paulo,3550308,True,,33346,,,-23.446651625,-46.715378375,,,,2,2023-06-17T02:44:27+00:00
SAO_8548-10,São Paulo,3550308,True,,33346,,,-23.446651625,-46.715378375,,,,2,2023-06-17T02:43:55+00:00
SAO_8548-10,São Paulo,3550308,True,,33346,,,-23.439127,-46.708471,,,,2,2023-06-17T02:44:32+00:00
SAO_2007-10,São Paulo,3550308,True,,33664,,,-23.5095785,-46.37041775,,,,2,2023-06-17T02:44:26+00:00
SAO_2007-10,São Paulo,3550308,True,,33664,,,-23.50296375,-46.384437500000004,,,,2,2023-06-17T02:44:16+00:00
SAO_2007-10,São Paulo,3550308,True,,33664,,,-23.510825,-46.3760255,,,,2,2023-06-17T02:43:14+00:00
SAO_2007-10,São Paulo,3550308,True,,33664,,,-23.5071855,-46.3763165,,,,2,2023-06-17T02:40:55+00:00
SAO_314J-10,São Paulo,3550308,True,Cidade de Caieiras,310,https://moovitapp.com/index/pt-br/transporte_p%C3%BAblico-line-310-Sao_Paulo-242-868761-496418-0,5.0,-23.560403625,-46.62176275,,,,1,2023-06-17T02:44:35+00:00
SAO_314J-10,São Paulo,3550308,True,Cidade de Caieiras,310,https://moovitapp.com/index/pt-br/transporte_p%C3%BAblico-line-310-Sao_Paulo-242-868761-496418-0,5.0,-23.599007999999998,-46.5382265,,,,1,2023-06-17T02:43:57+00:00
SAO_314J-10,São Paulo,3550308,True,Cidade de Caieiras,310,https://moovitapp.com/index/pt-br/transporte_p%C3%BAblico-line-310-Sao_Paulo-242-868761-496418-0,5.0,-23.6118015,-46.510178499999995,,,,1,2023-06-17T02:41:33+00:00
SAO_314J-10,São Paulo,3550308,True,Cidade de Caieiras,310,https://moovitapp.com/index/pt-br/transporte_p%C3%BAblico-line-310-Sao_Paulo-242-868761-496418-0,5.0,-23.597361499999998,-46.565003125000004,,,,1,2023-06-17T02:44:15+00:00
SAO_3722-10,São Paulo,3550308,True,,33788,,,-23.540618,-46.4382965,,,,2,2023-06-17T02:44:25+00:00
SAO_3722-10,São Paulo,3550308,True,,33788,,,-23.5513165,-46.51211975,,,,2,2023-06-17T02:44:08+00:00
SAO_807J-10,São Paulo,3550308,True,,2058,,,-23.610056,-46.745966,,,,1,2023-06-17T02:44:21+00:00
SAO_807J-10,São Paulo,3550308,True,,2058,,,-23.620524,-46.699798,,,,1,2023-06-17T02:44:37+00:00
SAO_807J-10,São Paulo,3550308,True,,2058,,,-23.631258,-46.773112999999995,,,,1,2023-06-17T02:44:31+00:00
SAO_807J-10,São Paulo,3550308,True,,2058,,,-23.631701,-46.7721875,,,,1,2023-06-17T02:44:36+00:00
SAO_807J-10,São Paulo,3550308,True,,2058,,,-23.6187395,-46.699713,,,,1,2023-06-17T02:44:00+00:00
SAO_807J-10,São Paulo,3550308,True,,2058,,,-23.6190115,-46.6997825,,,,1,2023-06-17T02:44:35+00:00
SAO_809A-10,São Paulo,3550308,True,,34837,,,-23.585610250000002,-46.76154625,,,,2,2023-06-17T02:44:22+00:00
SAO_809A-10,São Paulo,3550308,True,,34837,,,-23.57543225,-46.77549825,,,,2,2023-06-17T02:44:20+00:00
SAO_4021-10,São Paulo,3550308,True,,35316,,,-23.56172575,-46.446333249999995,,,,2,2023-06-17T02:44:32+00:00
SAO_4021-10,São Paulo,3550308,True,,35316,,,-23.5564045,-46.4495915,,,,2,2023-06-17T02:44:28+00:00
SAO_4021-10,São Paulo,3550308,True,,35316,,,-23.56201525,-46.4507645,,,,2,2023-06-17T02:44:34+00:00
SAO_4021-10,São Paulo,3550308,True,,35316,,,-23.5427535,-46.470349999999996,,,,2,2023-06-17T02:44:22+00:00
SAO_4021-10,São Paulo,3550308,True,,35316,,,-23.56172575,-46.446333249999995,,,,2,2023-06-17T02:44:01+00:00
SAO_4021-10,São Paulo,3550308,True,,35316,,,-23.542711,-46.470101,,,,2,2023-06-17T02:44:15+00:00
SAO_6801-51,São Paulo,3550308,True,,34542,,,-23.666329,-46.73653,,,,2,2023-06-17T02:44:16+00:00
SAO_857C-10,São Paulo,3550308,True,,1901,,,-23.632827499999998,-46.7727005,,,,1,2023-06-17T02:44:30+00:00
SAO_857C-10,São Paulo,3550308,True,,1901,,,-23.644927000000003,-46.7189955,,,,1,2023-06-17T02:44:30+00:00
SAO_857C-10,São Paulo,3550308,True,,1901,,,-23.6311,-46.6634445,,,,1,2023-06-17T02:44:12+00:00
SAO_857C-10,São Paulo,3550308,True,,1901,,,-23.635368,-46.641498,,,,1,2023-06-17T02:44:37+00:00
SAO_7060-10,São Paulo,3550308,True,,1889,,,-23.6365025,-46.778069,,,,1,2023-06-17T02:44:16+00:00
SAO_7060-10,São Paulo,3550308,True,,1889,,,-23.6854875,-46.801269500000004,,,,1,2023-06-17T02:44:33+00:00
SAO_746H-10,São Paulo,3550308,True,STT,785,https://moovitapp.com/index/pt-br/transporte_p%C3%BAblico-line-785-Sao_Paulo-242-850661-183353-0,5.3,-23.64479025,-46.725692,,,,1,2023-06-17T02:42:47+00:00
SAO_746H-10,São Paulo,3550308,True,STT,785,https://moovitapp.com/index/pt-br/transporte_p%C3%BAblico-line-785-Sao_Paulo-242-850661-183353-0,5.3,-23.647837250000002,-46.710092,,,,1,2023-06-17T02:44:35+00:00
SAO_746H-10,São Paulo,3550308,True,STT,785,https://moovitapp.com/index/pt-br/transporte_p%C3%BAblico-line-785-Sao_Paulo-242-850661-183353-0,5.3,-23.583963,-46.72713025,,,,1,2023-06-17T02:44:29+00:00
SAO_746H-10,São Paulo,3550308,True,STT,785,https://moovitapp.com/index/pt-br/transporte_p%C3%BAblico-line-785-Sao_Paulo-242-850661-183353-0,5.3,-23.64188625,-46.724348000000006,,,,1,2023-06-17T02:44:17+00:00
SAO_746H-10,São Paulo,3550308,True,STT,785,https://moovitapp.com/index/pt-br/transporte_p%C3%BAblico-line-785-Sao_Paulo-242-850661-183353-0,5.3,-23.5936725,-46.753572500000004,,,,1,2023-06-17T02:44:27+00:00
SAO_746H-10,São Paulo,3550308,True,STT,785,https://moovitapp.com/index/pt-br/transporte_p%C3%BAblico-line-785-Sao_Paulo-242-850661-183353-0,5.3,-23.6068745,-46.7253665,,,,1,2023-06-17T02:40:08+00:00
SAO_746H-10,São Paulo,3550308,True,STT,785,https://moovitapp.com/index/pt-br/transporte_p%C3%BAblico-line-785-Sao_Paulo-242-850661-183353-0,5.3,-23.5936725,-46.753572500000004,,,,1,2023-06-17T02:44:02+00:00
SAO_9011-21,São Paulo,3550308,True,,1768,,,-23.4547945,-46.738510500000004,,,,1,2023-06-17T02:44:08+00:00
SAO_9011-21,São Paulo,3550308,True,,1768,,,-23.444015999999998,-46.735533000000004,,,,1,2023-06-17T02:44:04+00:00
SAO_9011-21,São Paulo,3550308,True,,1768,,,-23.4547945,-46.738510500000004,,,,1,2023-06-17T02:44:08+00:00
SAO_9011-21,São Paulo,3550308,True,,1768,,,-23.4547945,-46.738510500000004,,,,1,2023-06-17T02:44:05+00:00
SAO_9011-21,São Paulo,3550308,True,,1768,,,-23.4547945,-46.738510500000004,,,,1,2023-06-17T02:44:23+00:00
SAO_9011-21,São Paulo,3550308,True,,1768,,,-23.44199575,-46.73411675,,,,1,2023-06-17T02:43:59+00:00
SAO_9011-21,São Paulo,3550308,True,,1768,,,-23.4547945,-46.738510500000004,,,,1,2023-06-17T02:44:01+00:00
SAO_9500-10,São Paulo,3550308,True,,33229,,,-23.4742495,-46.669781,,,,2,2023-06-17T02:44:29+00:00
SAO_9500-10,São Paulo,3550308,True,,33229,,,-23.517605,-46.6670425,,,,2,2023-06-17T02:44:23+00:00
SAO_9500-10,São Paulo,3550308,True,,33229,,,-23.4742495,-46.669781,,,,2,2023-06-17T02:44:35+00:00
SAO_9500-10,São Paulo,3550308,True,,33229,,,-23.4742495,-46.669781,,,,2,2023-06-17T02:44:28+00:00
SAO_172N-10,São Paulo,3550308,True,,33432,,,-23.50217,-46.62488,,,,2,2023-06-17T02:43:54+00:00
SAO_172N-10,São Paulo,3550308,True,,33432,,,-23.515946749999998,-46.61641775,,,,2,2023-06-17T02:44:22+00:00
SAO_172N-10,São Paulo,3550308,True,,33432,,,-23.542389999999997,-46.5898445,,,,2,2023-06-17T02:44:17+00:00
SAO_172N-10,São Paulo,3550308,True,,33432,,,-23.53116225,-46.60197575,,,,2,2023-06-17T02:44:35+00:00
SAO_172N-10,São Paulo,3550308,True,,33432,,,-23.508077,-46.597575500000005,,,,2,2023-06-17T02:40:14+00:00
SAO_172N-10,São Paulo,3550308,True,,33432,,,-23.516318499999997,-46.616457999999994,,,,2,2023-06-17T02:44:11+00:00
SAO_172N-10,São Paulo,3550308,True,,33432,,,-23.5116565,-46.62296,,,,2,2023-06-17T02:44:23+00:00
SAO_8013-41,São Paulo,3550308,True,,2011,,,-23.4361925,-46.810241500000004,,,,1,2023-06-17T02:44:33+00:00
SAO_8013-41,São Paulo,3550308,True,,2011,,,-23.432446499999998,-46.787048,,,,1,2023-06-17T02:44:06+00:00
SAO_4222-10,São Paulo,3550308,True,,33056,,,-23.614499000000002,-46.512322,,,,2,2023-06-17T02:44:21+00:00
SAO_4222-10,São Paulo,3550308,True,,33056,,,-23.60602075,-46.511673375,,,,2,2023-06-17T02:44:11+00:00
SAO_4222-10,São Paulo,3550308,True,,33056,,,-23.586265750000003,-46.5845255,,,,2,2023-06-17T02:44:01+00:00
SAO_4222-10,São Paulo,3550308,True,,33056,,,-23.6143715,-46.512184000000005,,,,2,2023-06-17T02:44:16+00:00
SAO_607A-21,São Paulo,3550308,True,,34908,,,-23.707843,-46.6554405,,,,2,2023-06-17T02:32:29+00:00
SAO_607A-21,São Paulo,3550308,True,,34908,,,-23.704997,-46.651302,,,,2,2023-06-17T02:39:00+00:00
SAO_2710-31,São Paulo,3550308,True,,34422,,,-23.5191485,-46.496350500000005,,,,2,2023-06-17T02:44:08+00:00
SAO_2710-31,São Paulo,3550308,True,,34422,,,-23.529739,-46.501110999999995,,,,2,2023-06-17T02:44:07+00:00
SAO_6455-10,São Paulo,3550308,True,,32831,,,-23.64828175,-46.749119,,,,2,2023-06-17T02:44:00+00:00
SAO_6455-10,São Paulo,3550308,True,,32831,,,-23.585917000000002,-46.6549985,,,,2,2023-06-17T02:43:58+00:00
SAO_6455-10,São Paulo,3550308,True,,32831,,,-23.6547725,-46.760792499999994,,,,2,2023-06-17T02:44:22+00:00
SAO_6455-10,São Paulo,3550308,True,,32831,,,-23.654660999999997,-46.7609705,,,,2,2023-06-17T02:43:57+00:00
SAO_546A-31,São Paulo,3550308,True,,1132,,,-23.7139475,-46.6571055,,,,1,2023-06-17T02:44:31+00:00
SAO_546A-31,São Paulo,3550308,True,,1132,,,-23.691576,-46.677739,,,,1,2023-06-17T02:44:19+00:00
SAO_546A-31,São Paulo,3550308,True,,1132,,,-23.6971935,-46.649187,,,,1,2023-06-17T02:44:29+00:00
SAO_3721-10,São Paulo,3550308,True,,33787,,,-23.562547000000002,-46.500016,,,,2,2023-06-17T02:44:07+00:00
SAO_3721-10,São Paulo,3550308,True,,33787,,,-23.5659715,-46.495481999999996,,,,2,2023-06-17T02:44:28+00:00
SAO_3721-10,São Paulo,3550308,True,,33787,,,-23.563226125,-46.496417,,,,2,2023-06-17T02:44:23+00:00
SAO_3721-10,São Paulo,3550308,True,,33787,,,-23.54176,-46.4834655,,,,2,2023-06-17T02:44:39+00:00
SAO_3721-10,São Paulo,3550308,True,,33787,,,-23.554825,-46.492258,,,,2,2023-06-17T02:44:09+00:00
SAO_7050-10,São Paulo,3550308,True,,34652,,,-23.658609,-46.78921425,,,,2,2023-06-17T02:44:09+00:00
SAO_7050-10,São Paulo,3550308,True,,34652,,,-23.660220000000002,-46.776787,,,,2,2023-06-17T02:44:13+00:00
SAO_7050-10,São Paulo,3550308,True,,34652,,,-23.658609,-46.78921425,,,,2,2023-06-17T02:44:35+00:00
SAO_7050-10,São Paulo,3550308,True,,34652,,,-23.658609,-46.78921425,,,,2,2023-06-17T02:44:26+00:00
SAO_3736-10,São Paulo,3550308,True,,33804,,,-23.557758,-46.475693625,,,,2,2023-06-17T02:43:56+00:00
SAO_3736-10,São Paulo,3550308,True,,33804,,,-23.5761605,-46.48341425,,,,2,2023-06-17T02:44:08+00:00
SAO_3736-10,São Paulo,3550308,True,,33804,,,-23.56392425,-46.4751035,,,,2,2023-06-17T02:44:27+00:00
SAO_3736-10,São Paulo,3550308,True,,33804,,,-23.5758665,-46.4834185,,,,2,2023-06-17T02:44:30+00:00
SAO_3736-10,São Paulo,3550308,True,,33804,,,-23.5758665,-46.4834185,,,,2,2023-06-17T02:44:37+00:00
SAO_3736-10,São Paulo,3550308,True,,33804,,,-23.5765435,-46.48340875,,,,2,2023-06-17T02:44:25+00:00
SAO_3736-10,São Paulo,3550308,True,,33804,,,-23.5504155,-46.481447,,,,2,2023-06-17T02:44:31+00:00
SAO_875A-10,São Paulo,3550308,True,,33377,,,-23.628309125,-46.644409875,,,,2,2023-06-17T02:44:03+00:00
SAO_875A-10,São Paulo,3550308,True,,33377,,,-23.642954500000002,-46.6617585,,,,2,2023-06-17T02:44:30+00:00
SAO_875A-10,São Paulo,3550308,True,,33377,,,-23.6189575,-46.662169250000005,,,,2,2023-06-17T02:44:30+00:00
SAO_875A-10,São Paulo,3550308,True,,33377,,,-23.5348095,-46.6715195,,,,2,2023-06-17T02:44:10+00:00
SAO_875A-10,São Paulo,3550308,True,,33377,,,-23.54193075,-46.64358975,,,,2,2023-06-17T02:44:20+00:00
SAO_875A-10,São Paulo,3550308,True,,33377,,,-23.61682625,-46.638924,,,,2,2023-06-17T02:44:34+00:00
SAO_8023-10,São Paulo,3550308,True,,34842,,,-23.590418624999998,-46.802857625,,,,2,2023-06-17T02:44:17+00:00
SAO_8023-10,São Paulo,3550308,True,,34842,,,-23.59148425,-46.79969975,,,,2,2023-06-17T02:44:40+00:00
SAO_8023-10,São Paulo,3550308,True,,34842,,,-23.590517875,-46.802538874999996,,,,2,2023-06-17T02:44:35+00:00
SAO_7458-10,São Paulo,3550308,True,,33264,,,-23.5804865,-46.7941175,,,,2,2023-06-17T02:44:35+00:00
SAO_7458-10,São Paulo,3550308,True,,33264,,,-23.584821499999997,-46.745107000000004,,,,2,2023-06-17T02:44:18+00:00
SAO_7458-10,São Paulo,3550308,True,,33264,,,-23.58960425,-46.73729625,,,,2,2023-06-17T02:44:00+00:00
SAO_7458-10,São Paulo,3550308,True,,33264,,,-23.585929125,-46.73738425,,,,2,2023-06-17T02:44:06+00:00
SAO_273D-10,São Paulo,3550308,True,,222,,,-23.5355445,-46.474216,,,,1,2023-06-17T02:44:27+00:00
SAO_273D-10,São Paulo,3550308,True,,222,,,-23.5060585,-46.4113515,,,,1,2023-06-17T02:44:38+00:00
SAO_273D-10,São Paulo,3550308,True,,222,,,-23.5078965,-46.4319615,,,,1,2023-06-17T02:44:39+00:00
SAO_4024-10,São Paulo,3550308,True,,34926,,,-23.5675415,-46.422146,,,,2,2023-06-17T02:40:53+00:00
SAO_4024-10,São Paulo,3550308,True,,34926,,,-23.5547015,-46.44100675,,,,2,2023-06-17T02:44:16+00:00
SAO_342M-10,São Paulo,3550308,True,,747,,,-23.522095875,-46.549099125,,,,1,2023-06-17T02:44:30+00:00
SAO_342M-10,São Paulo,3550308,True,,747,,,-23.532581,-46.5598835,,,,1,2023-06-17T02:38:39+00:00
SAO_342M-10,São Paulo,3550308,True,,747,,,-23.547155,-46.54071462500001,,,,1,2023-06-17T02:44:02+00:00
SAO_342M-10,São Paulo,3550308,True,,747,,,-23.589032375000002,-46.4901415,,,,1,2023-06-17T02:44:09+00:00
SAO_342M-10,São Paulo,3550308,True,,747,,,-23.5280895,-46.554803,,,,1,2023-06-17T02:43:59+00:00
SAO_342M-10,São Paulo,3550308,True,,747,,,-23.582088499999998,-46.4975085,,,,1,2023-06-17T02:44:11+00:00
SAO_342M-10,São Paulo,3550308,True,,747,,,-23.5312515,-46.5535945,,,,1,2023-06-17T02:44:28+00:00
SAO_342M-10,São Paulo,3550308,True,,747,,,-23.603975,-46.4813555,,,,1,2023-06-17T02:44:40+00:00
SAO_4288-10,São Paulo,3550308,True,,33058,,,-23.611155,-46.519178499999995,,,,2,2023-06-17T02:44:03+00:00
SAO_4288-10,São Paulo,3550308,True,,33058,,,-23.611155,-46.519178499999995,,,,2,2023-06-17T02:44:14+00:00
SAO_4288-10,São Paulo,3550308,True,,33058,,,-23.596139,-46.556452,,,,2,2023-06-17T02:44:12+00:00
SAO_9011-21,São Paulo,3550308,True,,34536,,,-23.441609,-46.732722499999994,,,,2,2023-06-17T02:44:29+00:00
SAO_9011-21,São Paulo,3550308,True,,34536,,,-23.4547945,-46.738510500000004,,,,2,2023-06-17T02:44:04+00:00
SAO_6412-10,São Paulo,3550308,True,,770,,,-23.617671,-46.7210095,,,,1,2023-06-17T02:44:23+00:00
SAO_6412-10,São Paulo,3550308,True,,770,,,-23.616528000000002,-46.69102925,,,,1,2023-06-17T02:44:23+00:00
SAO_6412-10,São Paulo,3550308,True,,770,,,-23.617671,-46.7210095,,,,1,2023-06-17T02:44:30+00:00
SAO_6412-10,São Paulo,3550308,True,,770,,,-23.5847685,-46.670341750000006,,,,1,2023-06-17T02:44:10+00:00
SAO_6412-10,São Paulo,3550308,True,,770,,,-23.617671,-46.7210095,,,,1,2023-06-17T02:44:35+00:00
SAO_6412-10,São Paulo,3550308,True,,770,,,-23.617671,-46.7210095,,,,1,2023-06-17T02:44:02+00:00
SAO_7550-10,São Paulo,3550308,True,,2093,,,-23.654166500000002,-46.711513,,,,1,2023-06-17T02:44:03+00:00
SAO_7550-10,São Paulo,3550308,True,,2093,,,-23.6156105,-46.679770000000005,,,,1,2023-06-17T02:44:41+00:00
SAO_7550-10,São Paulo,3550308,True,,2093,,,-23.57163975,-46.653099749999996,,,,1,2023-06-17T02:43:59+00:00
SAO_7550-10,São Paulo,3550308,True,,2093,,,-23.540064,-46.6477535,,,,1,2023-06-17T02:44:40+00:00
SAO_675N-10,São Paulo,3550308,True,,33130,,,-23.605852,-46.67257575000001,,,,2,2023-06-17T02:44:40+00:00
SAO_675N-10,São Paulo,3550308,True,,33130,,,-23.5862785,-46.6413625,,,,2,2023-06-17T02:43:59+00:00
SAO_675N-10,São Paulo,3550308,True,,33130,,,-23.635833124999998,-46.714596,,,,2,2023-06-17T02:44:17+00:00
SAO_675N-10,São Paulo,3550308,True,,33130,,,-23.627843499999997,-46.707659500000005,,,,2,2023-06-17T02:44:24+00:00
SAO_2705-10,São Paulo,3550308,True,,33685,,,-23.546026875000003,-46.393056125,,,,2,2023-06-17T02:44:15+00:00
SAO_2705-10,São Paulo,3550308,True,,33685,,,-23.5474655,-46.392737,,,,2,2023-06-17T02:44:19+00:00
SAO_2705-10,São Paulo,3550308,True,,33685,,,-23.543767000000003,-46.4213975,,,,2,2023-06-17T02:42:34+00:00
SAO_2705-10,São Paulo,3550308,True,,33685,,,-23.5420225,-46.471230000000006,,,,2,2023-06-17T02:44:11+00:00
SAO_1021-10,São Paulo,3550308,True,EMTU,833,https://moovitapp.com/index/pt-br/transporte_p%C3%BAblico-line-833-Sao_Paulo-242-2038937-36419599-0,5.4,-23.444666249999997,-46.70995625,,,,1,2023-06-17T02:44:34+00:00
SAO_3742-10,São Paulo,3550308,True,,1042,,,-23.54723175,-46.44641825,,,,1,2023-06-17T02:44:13+00:00
SAO_3742-10,São Paulo,3550308,True,,1042,,,-23.595074,-46.4396905,,,,1,2023-06-17T02:44:27+00:00
SAO_3742-10,São Paulo,3550308,True,,1042,,,-23.571488000000002,-46.4464555,,,,1,2023-06-17T02:44:02+00:00
SAO_3742-10,São Paulo,3550308,True,,1042,,,-23.596909500000002,-46.4357975,,,,1,2023-06-17T02:43:59+00:00
SAO_3742-10,São Paulo,3550308,True,,1042,,,-23.6050545,-46.434651,,,,1,2023-06-17T02:44:05+00:00
SAO_2031-10,São Paulo,3550308,True,EMTU,367,https://moovitapp.com/index/pt-br/transporte_p%C3%BAblico-line-367-Sao_Paulo-242-2038937-36419446-0,4.9,-23.505951,-46.372015,,,,1,2023-06-17T02:44:29+00:00
SAO_2031-10,São Paulo,3550308,True,EMTU,367,https://moovitapp.com/index/pt-br/transporte_p%C3%BAblico-line-367-Sao_Paulo-242-2038937-36419446-0,4.9,-23.518273,-46.475646499999996,,,,1,2023-06-17T02:44:33+00:00
SAO_6012-10,São Paulo,3550308,True,,33972,,,-23.672006000000003,-46.742043,,,,2,2023-06-17T02:44:09+00:00
SAO_6012-10,São Paulo,3550308,True,,33972,,,-23.652657750000003,-46.70861875,,,,2,2023-06-17T02:44:15+00:00
SAO_6012-10,São Paulo,3550308,True,,33972,,,-23.665322,-46.71104,,,,2,2023-06-17T02:44:15+00:00
SAO_6012-10,São Paulo,3550308,True,,33972,,,-23.65084425,-46.7014805,,,,2,2023-06-17T02:43:57+00:00
SAO_2079-10,São Paulo,3550308,True,,370,,,-23.516762,-46.384977500000005,,,,1,2023-06-17T02:44:22+00:00
SAO_2079-10,São Paulo,3550308,True,,370,,,-23.516762,-46.384977500000005,,,,1,2023-06-17T02:42:12+00:00
SAO_2079-10,São Paulo,3550308,True,,370,,,-23.4986795,-46.3953075,,,,1,2023-06-17T02:44:37+00:00
SAO_178A-10,São Paulo,3550308,True,,33326,,,-23.5256135,-46.681508,,,,2,2023-06-17T02:44:14+00:00
SAO_178A-10,São Paulo,3550308,True,,33326,,,-23.502214000000002,-46.6235875,,,,2,2023-06-17T02:44:18+00:00
SAO_178A-10,São Paulo,3550308,True,,33326,,,-23.50769275,-46.624784,,,,2,2023-06-17T02:44:32+00:00
SAO_178A-10,São Paulo,3550308,True,,33326,,,-23.502758,-46.623603,,,,2,2023-06-17T02:44:01+00:00
SAO_2732-10,São Paulo,3550308,True,,33715,,,-23.529743,-46.45955,,,,2,2023-06-17T02:44:14+00:00
SAO_2732-10,São Paulo,3550308,True,,33715,,,-23.5355665,-46.4562815,,,,2,2023-06-17T02:44:17+00:00
SAO_2732-10,São Paulo,3550308,True,,33715,,,-23.529743,-46.45955,,,,2,2023-06-17T02:44:01+00:00
SAO_2732-10,São Paulo,3550308,True,,33715,,,-23.539938499999998,-46.482815,,,,2,2023-06-17T02:44:31+00:00
SAO_2732-10,São Paulo,3550308,True,,33715,,,-23.5364515,-46.473638,,,,2,2023-06-17T02:44:06+00:00
SAO_2732-10,São Paulo,3550308,True,,33715,,,-23.529627875,-46.459432750000005,,,,2,2023-06-17T02:44:04+00:00
SAO_938C-10,São Paulo,3550308,True,,586,,,-23.48045875,-46.72556825,,,,1,2023-06-17T02:44:36+00:00
SAO_938C-10,São Paulo,3550308,True,,586,,,-23.5351595,-46.653281750000005,,,,1,2023-06-17T02:44:19+00:00
SAO_938C-10,São Paulo,3550308,True,,586,,,-23.5249685,-46.696501874999996,,,,1,2023-06-17T02:44:38+00:00
SAO_938C-10,São Paulo,3550308,True,,586,,,-23.448962,-46.717008,,,,1,2023-06-17T02:44:32+00:00
SAO_6053-10,São Paulo,3550308,True,,33913,,,-23.7537005,-46.687889,,,,2,2023-06-17T02:44:01+00:00
SAO_6053-10,São Paulo,3550308,True,,33913,,,-23.767462000000002,-46.663546999999994,,,,2,2023-06-17T02:44:23+00:00
SAO_2727-10,São Paulo,3550308,True,,33710,,,-23.53607775,-46.4682325,,,,2,2023-06-17T02:44:18+00:00
SAO_2727-10,São Paulo,3550308,True,,33710,,,-23.539938499999998,-46.482815,,,,2,2023-06-17T02:44:14+00:00
SAO_2727-10,São Paulo,3550308,True,,33710,,,-23.540062499999998,-46.482594375,,,,2,2023-06-17T02:44:30+00:00
SAO_6012-31,São Paulo,3550308,True,,1776,,,-23.69138175,-46.77535775,,,,1,2023-06-17T02:44:23+00:00
SAO_273V-10,São Paulo,3550308,True,,32999,,,-23.5347835,-46.454962249999994,,,,2,2023-06-17T02:38:45+00:00
SAO_273V-10,São Paulo,3550308,True,,32999,,,-23.53317,-46.5436085,,,,2,2023-06-17T02:44:09+00:00
SAO_273V-10,São Paulo,3550308,True,,32999,,,-23.52367125,-46.42940175,,,,2,2023-06-17T02:43:48+00:00
SAO_307C-10,São Paulo,3550308,True,,34882,,,-23.5155375,-46.476497625,,,,2,2023-06-17T02:44:16+00:00
SAO_307C-10,São Paulo,3550308,True,,34882,,,-23.4976665,-46.454432999999995,,,,2,2023-06-17T02:44:03+00:00
SAO_307C-10,São Paulo,3550308,True,,34882,,,-23.5121835,-46.393849,,,,2,2023-06-17T02:35:30+00:00
SAO_307C-10,São Paulo,3550308,True,,34882,,,-23.5037935,-46.379870499999996,,,,2,2023-06-17T02:44:01+00:00
SAO_307C-10,São Paulo,3550308,True,,34882,,,-23.49448,-46.414542499999996,,,,2,2023-06-17T02:44:02+00:00
SAO_677V-10,São Paulo,3550308,True,EMTU,112,https://moovitapp.com/index/pt-br/transporte_p%C3%BAblico-line-112-Sao_Paulo-242-2038937-36419272-0,5.7,-23.72896975,-46.711491374999994,,,,1,2023-06-17T02:44:30+00:00
SAO_677V-10,São Paulo,3550308,True,EMTU,112,https://moovitapp.com/index/pt-br/transporte_p%C3%BAblico-line-112-Sao_Paulo-242-2038937-36419272-0,5.7,-23.722015,-46.693437,,,,1,2023-06-17T02:44:10+00:00
SAO_1020-10,São Paulo,3550308,True,,2497,,,-23.4850255,-46.709775,,,,1,2023-06-17T02:43:59+00:00
SAO_1020-10,São Paulo,3550308,True,,2497,,,-23.4070265,-46.766594999999995,,,,1,2023-06-17T02:44:00+00:00
SAO_1020-10,São Paulo,3550308,True,,2497,,,-23.485255000000002,-46.709973000000005,,,,1,2023-06-17T02:40:59+00:00
SAO_1020-10,São Paulo,3550308,True,,2497,,,-23.410570999999997,-46.7636235,,,,1,2023-06-17T02:44:01+00:00
SAO_1020-10,São Paulo,3550308,True,,2497,,,-23.484431999999998,-46.722892,,,,1,2023-06-17T02:44:32+00:00
SAO_1020-10,São Paulo,3550308,True,,2497,,,-23.426400375,-46.724796125,,,,1,2023-06-17T02:44:00+00:00
SAO_8010-10,São Paulo,3550308,True,,798,,,-23.419342999999998,-46.7491585,,,,1,2023-06-17T02:44:13+00:00
SAO_8010-10,São Paulo,3550308,True,,798,,,-23.51816525,-46.70211325,,,,1,2023-06-17T02:44:07+00:00
SAO_8010-10,São Paulo,3550308,True,,798,,,-23.405026499999998,-46.7514715,,,,1,2023-06-17T02:44:05+00:00
SAO_8010-10,São Paulo,3550308,True,,798,,,-23.51816525,-46.70211325,,,,1,2023-06-17T02:44:27+00:00
SAO_8010-10,São Paulo,3550308,True,,798,,,-23.4570205,-46.7203085,,,,1,2023-06-17T02:44:03+00:00
SAO_8010-10,São Paulo,3550308,True,,798,,,-23.50678,-46.7092275,,,,1,2023-06-17T02:44:17+00:00
SAO_909T-10,São Paulo,3550308,True,,2256,,,-23.5662845,-46.692065750000005,,,,1,2023-06-17T02:44:14+00:00
SAO_2101-10,São Paulo,3550308,True,,33482,,,-23.5455875,-46.572643,,,,2,2023-06-17T02:44:05+00:00
SAO_857R-10,São Paulo,3550308,True,,34660,,,-23.5563535,-46.6655345,,,,2,2023-06-17T02:44:34+00:00
SAO_857R-10,São Paulo,3550308,True,,34660,,,-23.606891124999997,-46.750417625,,,,2,2023-06-17T02:44:35+00:00
SAO_857R-10,São Paulo,3550308,True,,34660,,,-23.628749999999997,-46.7683145,,,,2,2023-06-17T02:44:25+00:00
SAO_857R-10,São Paulo,3550308,True,,34660,,,-23.5861895,-46.7233995,,,,2,2023-06-17T02:44:37+00:00
SAO_857R-10,São Paulo,3550308,True,,34660,,,-23.577874,-46.639153,,,,2,2023-06-17T02:44:06+00:00
SAO_857R-10,São Paulo,3550308,True,,34660,,,-23.5662105,-46.63256075,,,,2,2023-06-17T02:44:23+00:00
SAO_6805-10,São Paulo,3550308,True,,32799,,,-23.661569,-46.749684,,,,2,2023-06-17T02:44:02+00:00
SAO_8027-10,São Paulo,3550308,True,,2162,,,-23.568308000000002,-46.757324499999996,,,,1,2023-06-17T02:44:25+00:00
SAO_2583-10,São Paulo,3550308,True,,33143,,,-23.516187000000002,-46.5208335,,,,2,2023-06-17T02:44:25+00:00
SAO_2583-10,São Paulo,3550308,True,,33143,,,-23.510611750000002,-46.42148025,,,,2,2023-06-17T02:43:59+00:00
SAO_3027-10,São Paulo,3550308,True,,33731,,,-23.553000249999997,-46.4367265,,,,2,2023-06-17T02:44:33+00:00
SAO_3027-10,São Paulo,3550308,True,,33731,,,-23.579013500000002,-46.48119749999999,,,,2,2023-06-17T02:43:56+00:00
SAO_3027-10,São Paulo,3550308,True,,33731,,,-23.558173250000003,-46.4462325,,,,2,2023-06-17T02:44:29+00:00
SAO_3027-10,São Paulo,3550308,True,,33731,,,-23.5438325,-46.421807,,,,2,2023-06-17T02:44:06+00:00
SAO_271C-10,São Paulo,3550308,True,,33450,,,-23.524399,-46.583596,,,,2,2023-06-17T02:44:13+00:00
SAO_271C-10,São Paulo,3550308,True,,33450,,,-23.523229999999998,-46.583715,,,,2,2023-06-17T02:44:25+00:00
SAO_271C-10,São Paulo,3550308,True,,33450,,,-23.503002000000002,-46.5722195,,,,2,2023-06-17T02:44:05+00:00
SAO_271C-10,São Paulo,3550308,True,,33450,,,-23.500953625,-46.623684125000004,,,,2,2023-06-17T02:44:35+00:00
SAO_271C-10,São Paulo,3550308,True,,33450,,,-23.523229999999998,-46.583715,,,,2,2023-06-17T02:44:01+00:00
SAO_3051-10,São Paulo,3550308,True,,2446,,,-23.486919999999998,-46.482906,,,,1,2023-06-17T02:44:29+00:00
SAO_3051-10,São Paulo,3550308,True,,2446,,,-23.503456999999997,-46.473526,,,,1,2023-06-17T02:44:32+00:00
SAO_8038-10,São Paulo,3550308,True,,797,,,-23.5481185,-46.752367,,,,1,2023-06-17T02:43:59+00:00
SAO_8038-10,São Paulo,3550308,True,,797,,,-23.533982625,-46.734306875,,,,1,2023-06-17T02:44:22+00:00
SAO_8038-10,São Paulo,3550308,True,,797,,,-23.5449195,-46.746204,,,,1,2023-06-17T02:44:05+00:00
SAO_8038-10,São Paulo,3550308,True,,797,,,-23.5215225,-46.720093500000004,,,,1,2023-06-17T02:44:17+00:00
SAO_3002-10,São Paulo,3550308,True,,34576,,,-23.494093,-46.420404250000004,,,,2,2023-06-17T02:44:28+00:00
SAO_3002-10,São Paulo,3550308,True,,34576,,,-23.513649,-46.380027999999996,,,,2,2023-06-17T02:43:40+00:00
SAO_3002-10,São Paulo,3550308,True,,34576,,,-23.4942435,-46.4390015,,,,2,2023-06-17T02:43:51+00:00
SAO_4706-10,São Paulo,3550308,True,,33067,,,-23.6530245,-46.602299,,,,2,2023-06-17T02:44:18+00:00
SAO_4706-10,São Paulo,3550308,True,,33067,,,-23.603834499999998,-46.615504,,,,2,2023-06-17T02:44:16+00:00
SAO_4706-10,São Paulo,3550308,True,,33067,,,-23.653462500000003,-46.6025525,,,,2,2023-06-17T02:44:10+00:00
SAO_4706-10,São Paulo,3550308,True,,33067,,,-23.593255,-46.634219,,,,2,2023-06-17T02:44:21+00:00
SAO_4001-10,São Paulo,3550308,True,,2176,,,-23.5580635,-46.522337500000006,,,,1,2023-06-17T02:44:21+00:00
SAO_4001-10,São Paulo,3550308,True,,2176,,,-23.540413,-46.4565365,,,,1,2023-06-17T02:44:04+00:00
SAO_4001-10,São Paulo,3550308,True,,2176,,,-23.5501205,-46.50835,,,,1,2023-06-17T02:44:21+00:00
SAO_6028-10,São Paulo,3550308,True,,33979,,,-23.66562125,-46.711981249999994,,,,2,2023-06-17T02:44:04+00:00
SAO_6028-10,São Paulo,3550308,True,,33979,,,-23.700949,-46.749696,,,,2,2023-06-17T02:44:18+00:00
SAO_6028-10,São Paulo,3550308,True,,33979,,,-23.695243,-46.755932,,,,2,2023-06-17T02:44:33+00:00
SAO_6028-10,São Paulo,3550308,True,,33979,,,-23.685786,-46.752863000000005,,,,2,2023-06-17T02:43:59+00:00
SAO_6028-10,São Paulo,3550308,True,,33979,,,-23.702140999999997,-46.744587499999994,,,,2,2023-06-17T02:44:40+00:00
SAO_6028-10,São Paulo,3550308,True,,33979,,,-23.681127249999996,-46.735015,,,,2,2023-06-17T02:44:03+00:00
SAO_6028-10,São Paulo,3550308,True,,33979,,,-23.702151,-46.7444065,,,,2,2023-06-17T02:44:11+00:00
SAO_6028-10,São Paulo,3550308,True,,33979,,,-23.69523,-46.7568215,,,,2,2023-06-17T02:44:16+00:00
SAO_809T-10,São Paulo,3550308,True,,2246,,,-23.52107175,-46.726905,,,,1,2023-06-17T02:44:10+00:00
SAO_809T-10,São Paulo,3550308,True,,2246,,,-23.56513475,-46.750895,,,,1,2023-06-17T02:44:07+00:00
SAO_8055-10,São Paulo,3550308,True,,414,,,-23.4059505,-46.75806225,,,,1,2023-06-17T02:44:04+00:00
SAO_8055-10,São Paulo,3550308,True,,414,,,-23.471968750000002,-46.777532,,,,1,2023-06-17T02:44:06+00:00
SAO_8055-10,São Paulo,3550308,True,,414,,,-23.408895,-46.74034,,,,1,2023-06-17T02:44:00+00:00
SAO_8055-10,São Paulo,3550308,True,,414,,,-23.5198805,-46.702942,,,,1,2023-06-17T02:43:56+00:00
SAO_8055-10,São Paulo,3550308,True,,414,,,-23.408895,-46.74034,,,,1,2023-06-17T02:44:10+00:00
SAO_648P-10,São Paulo,3550308,True,,66,,,-23.5819665,-46.683908,,,,1,2023-06-17T02:44:34+00:00
SAO_648P-10,São Paulo,3550308,True,,66,,,-23.644903,-46.7196845,,,,1,2023-06-17T02:44:09+00:00
SAO_648P-10,São Paulo,3550308,True,,66,,,-23.6545265,-46.762821,,,,1,2023-06-17T02:44:04+00:00
SAO_5028-10,São Paulo,3550308,True,,1634,,,-23.597521999999998,-46.59097237499999,,,,1,2023-06-17T02:44:33+00:00
SAO_8009-10,São Paulo,3550308,True,,34027,,,-23.448203,-46.7423175,,,,2,2023-06-17T02:44:10+00:00
SAO_9191-10,São Paulo,3550308,True,EMTU,810,https://moovitapp.com/index/pt-br/transporte_p%C3%BAblico-line-810-Sao_Paulo-242-2038937-36419585-0,5.4,-23.455891,-46.678366,,,,1,2023-06-17T02:44:11+00:00
SAO_9191-10,São Paulo,3550308,True,EMTU,810,https://moovitapp.com/index/pt-br/transporte_p%C3%BAblico-line-810-Sao_Paulo-242-2038937-36419585-0,5.4,-23.5028925,-46.684608,,,,1,2023-06-17T02:44:08+00:00
SAO_9191-10,São Paulo,3550308,True,EMTU,810,https://moovitapp.com/index/pt-br/transporte_p%C3%BAblico-line-810-Sao_Paulo-242-2038937-36419585-0,5.4,-23.524378,-46.6685065,,,,1,2023-06-17T02:44:11+00:00
SAO_9191-10,São Paulo,3550308,True,EMTU,810,https://moovitapp.com/index/pt-br/transporte_p%C3%BAblico-line-810-Sao_Paulo-242-2038937-36419585-0,5.4,-23.460151,-46.6720265,,,,1,2023-06-17T02:44:38+00:00
SAO_9191-10,São Paulo,3550308,True,EMTU,810,https://moovitapp.com/index/pt-br/transporte_p%C3%BAblico-line-810-Sao_Paulo-242-2038937-36419585-0,5.4,-23.455891,-46.678366,,,,1,2023-06-17T02:44:32+00:00
SAO_9191-10,São Paulo,3550308,True,EMTU,810,https://moovitapp.com/index/pt-br/transporte_p%C3%BAblico-line-810-Sao_Paulo-242-2038937-36419585-0,5.4,-23.455891,-46.678366,,,,1,2023-06-17T02:43:59+00:00
SAO_9191-10,São Paulo,3550308,True,EMTU,810,https://moovitapp.com/index/pt-br/transporte_p%C3%BAblico-line-810-Sao_Paulo-242-2038937-36419585-0,5.4,-23.5185155,-46.667335375,,,,1,2023-06-17T02:44:22+00:00
SAO_407T-10,São Paulo,3550308,True,,2202,,,-23.538669499999997,-46.4415705,,,,1,2023-06-17T02:44:39+00:00
SAO_407T-10,São Paulo,3550308,True,,2202,,,-23.535213,-46.4545445,,,,1,2023-06-17T02:44:30+00:00
SAO_4727-10,São Paulo,3550308,True,Cidade de Caieiras,340,https://moovitapp.com/index/pt-br/transporte_p%C3%BAblico-line-340-Sao_Paulo-242-868761-101563062-0,5.0,-23.62273125,-46.6201845,,,,1,2023-06-17T02:44:32+00:00
SAO_2708-10,São Paulo,3550308,True,,921,,,-23.524311,-46.414347250000006,,,,1,2023-06-17T02:43:40+00:00
SAO_2708-10,São Paulo,3550308,True,,921,,,-23.5347285,-46.4537885,,,,1,2023-06-17T02:44:03+00:00
SAO_373L-10,São Paulo,3550308,True,,1027,,,-23.577909,-46.4432335,,,,1,2023-06-17T02:44:36+00:00
SAO_373L-10,São Paulo,3550308,True,,1027,,,-23.544337,-46.464248,,,,1,2023-06-17T02:44:09+00:00
SAO_373L-10,São Paulo,3550308,True,,1027,,,-23.617441,-46.422070000000005,,,,1,2023-06-17T02:44:32+00:00
SAO_373L-10,São Paulo,3550308,True,,1027,,,-23.56905,-46.446946,,,,1,2023-06-17T02:43:24+00:00
SAO_958P-10,São Paulo,3550308,True,,465,,,-23.555509999999998,-46.7054865,,,,1,2023-06-17T02:44:15+00:00
SAO_958P-10,São Paulo,3550308,True,,465,,,-23.506066,-46.7476425,,,,1,2023-06-17T02:44:17+00:00
SAO_958P-10,São Paulo,3550308,True,,465,,,-23.494226500000003,-46.736947125,,,,1,2023-06-17T02:44:25+00:00
SAO_1767-10,São Paulo,3550308,True,,628,,,-23.47141,-46.586765875,,,,1,2023-06-17T02:43:28+00:00
SAO_1767-10,São Paulo,3550308,True,,628,,,-23.479229,-46.563368999999994,,,,1,2023-06-17T02:44:17+00:00
SAO_709P-10,São Paulo,3550308,True,,1993,,,-23.638843125,-46.72191525,,,,1,2023-06-17T02:44:22+00:00
SAO_709P-10,São Paulo,3550308,True,,1993,,,-23.5887485,-46.686758,,,,1,2023-06-17T02:44:30+00:00
SAO_709P-10,São Paulo,3550308,True,,1993,,,-23.565374249999998,-46.698355,,,,1,2023-06-17T02:44:14+00:00
SAO_3026-10,São Paulo,3550308,True,,962,,,-23.556988,-46.410579,,,,1,2023-06-17T02:44:27+00:00
SAO_3026-10,São Paulo,3550308,True,,962,,,-23.5567935,-46.410746,,,,1,2023-06-17T02:44:37+00:00
SAO_3026-10,São Paulo,3550308,True,,962,,,-23.561917,-46.4079525,,,,1,2023-06-17T02:44:21+00:00
SAO_3026-10,São Paulo,3550308,True,,962,,,-23.588956500000002,-46.382895000000005,,,,1,2023-06-17T02:44:39+00:00
SAO_6835-31,São Paulo,3550308,True,,1407,,,-23.66215,-46.7691005,,,,1,2023-06-17T02:44:16+00:00
SAO_2765-10,São Paulo,3550308,True,EMTU,145,https://moovitapp.com/index/pt-br/transporte_p%C3%BAblico-line-145-Sao_Paulo-242-2038937-36419293-0,5.35,-23.4926315,-46.4957755,,,,1,2023-06-17T02:44:26+00:00
SAO_2765-10,São Paulo,3550308,True,EMTU,145,https://moovitapp.com/index/pt-br/transporte_p%C3%BAblico-line-145-Sao_Paulo-242-2038937-36419293-0,5.35,-23.5342615,-46.567837,,,,1,2023-06-17T02:44:19+00:00
SAO_2765-10,São Paulo,3550308,True,EMTU,145,https://moovitapp.com/index/pt-br/transporte_p%C3%BAblico-line-145-Sao_Paulo-242-2038937-36419293-0,5.35,-23.513538750000002,-46.545883125,,,,1,2023-06-17T02:44:34+00:00
SAO_1765-10,São Paulo,3550308,True,,1782,,,-23.466419000000002,-46.57089525,,,,1,2023-06-17T02:44:00+00:00
SAO_1765-10,São Paulo,3550308,True,,1782,,,-23.464862250000003,-46.568377749999996,,,,1,2023-06-17T02:44:18+00:00
SAO_7057-10,São Paulo,3550308,True,,34665,,,-23.637824000000002,-46.7796755,,,,2,2023-06-17T02:44:21+00:00
SAO_7057-10,São Paulo,3550308,True,,34665,,,-23.64922775,-46.78505225,,,,2,2023-06-17T02:44:20+00:00
SAO_7057-10,São Paulo,3550308,True,,34665,,,-23.64922775,-46.78505225,,,,2,2023-06-17T02:44:31+00:00
SAO_7057-10,São Paulo,3550308,True,,34665,,,-23.64922775,-46.78505225,,,,2,2023-06-17T02:43:58+00:00
SAO_5141-10,São Paulo,3550308,True,,1625,,,-23.5390335,-46.63554,,,,1,2023-06-17T02:44:34+00:00
SAO_5141-10,São Paulo,3550308,True,,1625,,,-23.596653500000002,-46.5234715,,,,1,2023-06-17T02:44:20+00:00
SAO_5141-10,São Paulo,3550308,True,,1625,,,-23.549656,-46.580963,,,,1,2023-06-17T02:44:19+00:00
SAO_6063-42,São Paulo,3550308,True,,34770,,,-23.767094999999998,-46.716237500000005,,,,2,2023-06-17T02:44:36+00:00
SAO_6063-42,São Paulo,3550308,True,,34770,,,-23.8094045,-46.6619475,,,,2,2023-06-17T02:43:57+00:00
SAO_6063-42,São Paulo,3550308,True,,34770,,,-23.8172785,-46.67112,,,,2,2023-06-17T02:44:19+00:00
SAO_1720-21,São Paulo,3550308,True,,1937,,,-23.4873335,-46.574318500000004,,,,1,2023-06-17T02:44:18+00:00
SAO_1720-21,São Paulo,3550308,True,,1937,,,-23.4796495,-46.584830499999995,,,,1,2023-06-17T02:43:59+00:00
SAO_2182-10,São Paulo,3550308,True,STT,700,https://moovitapp.com/index/pt-br/transporte_p%C3%BAblico-line-700-Sao_Paulo-242-850661-183337-0,5.3,-23.513520749999998,-46.585994375,,,,1,2023-06-17T02:43:59+00:00
SAO_2182-10,São Paulo,3550308,True,STT,700,https://moovitapp.com/index/pt-br/transporte_p%C3%BAblico-line-700-Sao_Paulo-242-850661-183337-0,5.3,-23.540216,-46.61209975,,,,1,2023-06-17T02:44:37+00:00
SAO_2182-10,São Paulo,3550308,True,STT,700,https://moovitapp.com/index/pt-br/transporte_p%C3%BAblico-line-700-Sao_Paulo-242-850661-183337-0,5.3,-23.481513999999997,-46.5715465,,,,1,2023-06-17T02:44:04+00:00
SAO_2182-10,São Paulo,3550308,True,STT,700,https://moovitapp.com/index/pt-br/transporte_p%C3%BAblico-line-700-Sao_Paulo-242-850661-183337-0,5.3,-23.492819500000003,-46.5746435,,,,1,2023-06-17T02:43:58+00:00
SAO_2182-10,São Paulo,3550308,True,STT,700,https://moovitapp.com/index/pt-br/transporte_p%C3%BAblico-line-700-Sao_Paulo-242-850661-183337-0,5.3,-23.481513999999997,-46.5715465,,,,1,2023-06-17T02:44:39+00:00
SAO_2182-10,São Paulo,3550308,True,STT,700,https://moovitapp.com/index/pt-br/transporte_p%C3%BAblico-line-700-Sao_Paulo-242-850661-183337-0,5.3,-23.542074,-46.627536,,,,1,2023-06-17T02:44:38+00:00
SAO_2182-10,São Paulo,3550308,True,STT,700,https://moovitapp.com/index/pt-br/transporte_p%C3%BAblico-line-700-Sao_Paulo-242-850661-183337-0,5.3,-23.542662999999997,-46.635557,,,,1,2023-06-17T02:44:27+00:00
SAO_6092-10,São Paulo,3550308,True,,1177,,,-23.7345775,-46.694962000000004,,,,1,2023-06-17T02:44:00+00:00
SAO_6092-10,São Paulo,3550308,True,,1177,,,-23.7784955,-46.6839665,,,,1,2023-06-17T02:44:17+00:00
SAO_6092-10,São Paulo,3550308,True,,1177,,,-23.734681375,-46.694479375,,,,1,2023-06-17T02:44:30+00:00
SAO_6250-10,São Paulo,3550308,True,,33236,,,-23.558248499999998,-46.6816355,,,,2,2023-06-17T02:44:40+00:00
SAO_6250-10,São Paulo,3550308,True,,33236,,,-23.597096,-46.7681435,,,,2,2023-06-17T02:43:59+00:00
SAO_6250-10,São Paulo,3550308,True,,33236,,,-23.597096,-46.7681435,,,,2,2023-06-17T02:44:15+00:00
SAO_1780-10,São Paulo,3550308,True,,33637,,,-23.4483715,-46.5789425,,,,2,2023-06-17T02:44:11+00:00
SAO_1780-10,São Paulo,3550308,True,,33637,,,-23.4566865,-46.5848185,,,,2,2023-06-17T02:44:03+00:00
SAO_1780-10,São Paulo,3550308,True,,33637,,,-23.4483715,-46.5789425,,,,2,2023-06-17T02:44:30+00:00
SAO_1780-10,São Paulo,3550308,True,,33637,,,-23.468008,-46.589687999999995,,,,2,2023-06-17T02:44:40+00:00
SAO_1026-10,São Paulo,3550308,True,,35074,,,-23.47114175,-46.71015375,,,,2,2023-06-17T02:44:16+00:00
SAO_1026-10,São Paulo,3550308,True,,35074,,,-23.4704835,-46.7104185,,,,2,2023-06-17T02:44:09+00:00
SAO_809U-21,São Paulo,3550308,True,,2307,,,-23.547031,-46.6901755,,,,1,2023-06-17T02:44:29+00:00
SAO_809U-21,São Paulo,3550308,True,,2307,,,-23.54645025,-46.690705,,,,1,2023-06-17T02:44:34+00:00
SAO_809U-21,São Paulo,3550308,True,,2307,,,-23.5466355,-46.69045,,,,1,2023-06-17T02:43:56+00:00
SAO_809U-21,São Paulo,3550308,True,,2307,,,-23.5468295,-46.6903115,,,,1,2023-06-17T02:44:18+00:00
SAO_9717-10,São Paulo,3550308,True,,33585,,,-23.511732000000002,-46.65450787500001,,,,2,2023-06-17T02:44:06+00:00
SAO_9717-10,São Paulo,3550308,True,,33585,,,-23.51512725,-46.6529245,,,,2,2023-06-17T02:44:03+00:00
SAO_9717-10,São Paulo,3550308,True,,33585,,,-23.4655835,-46.6794295,,,,2,2023-06-17T02:44:20+00:00
SAO_9717-10,São Paulo,3550308,True,,33585,,,-23.463628,-46.6811755,,,,2,2023-06-17T02:44:26+00:00
SAO_938L-10,São Paulo,3550308,True,,34136,,,-23.4790265,-46.673203,,,,2,2023-06-17T02:44:21+00:00
SAO_938L-10,São Paulo,3550308,True,,34136,,,-23.51816525,-46.70211325,,,,2,2023-06-17T02:44:25+00:00
SAO_938L-10,São Paulo,3550308,True,,34136,,,-23.517713999999998,-46.7031655,,,,2,2023-06-17T02:43:55+00:00
SAO_8545-10,São Paulo,3550308,True,,34132,,,-23.470173000000003,-46.685679,,,,2,2023-06-17T02:44:11+00:00
SAO_8545-10,São Paulo,3550308,True,,34132,,,-23.464785,-46.6959285,,,,2,2023-06-17T02:44:28+00:00
SAO_3206-10,São Paulo,3550308,True,,2112,,,-23.5330545,-46.543981,,,,1,2023-06-17T02:44:08+00:00
SAO_3206-10,São Paulo,3550308,True,,2112,,,-23.525790999999998,-46.556101999999996,,,,1,2023-06-17T02:43:26+00:00
SAO_2451-10,São Paulo,3550308,True,,32981,,,-23.517578,-46.4889425,,,,2,2023-06-17T02:43:18+00:00
SAO_2451-10,São Paulo,3550308,True,,32981,,,-23.516843,-46.489267999999996,,,,2,2023-06-17T02:43:58+00:00
SAO_2451-10,São Paulo,3550308,True,,32981,,,-23.5280895,-46.554803,,,,2,2023-06-17T02:44:28+00:00
SAO_5106-10,São Paulo,3550308,True,,1280,,,-23.687024,-46.6385275,,,,1,2023-06-17T02:43:58+00:00
SAO_5106-10,São Paulo,3550308,True,,1280,,,-23.674746,-46.6305385,,,,1,2023-06-17T02:43:58+00:00
SAO_5106-10,São Paulo,3550308,True,,1280,,,-23.593784999999997,-46.6413025,,,,1,2023-06-17T02:44:27+00:00
SAO_5106-10,São Paulo,3550308,True,,1280,,,-23.6957005,-46.649823999999995,,,,1,2023-06-17T02:44:37+00:00
SAO_3008-10,São Paulo,3550308,True,,35283,,,-23.52384875,-46.39582775,,,,2,2023-06-17T02:44:13+00:00
SAO_3008-10,São Paulo,3550308,True,,35283,,,-23.52351625,-46.39590125,,,,2,2023-06-17T02:44:26+00:00
SAO_3008-10,São Paulo,3550308,True,,35283,,,-23.498953,-46.40014,,,,2,2023-06-17T02:44:07+00:00
SAO_3008-10,São Paulo,3550308,True,,35283,,,-23.52384875,-46.39582775,,,,2,2023-06-17T02:44:03+00:00
SAO_3008-10,São Paulo,3550308,True,,35283,,,-23.52351625,-46.39590125,,,,2,2023-06-17T02:44:14+00:00
SAO_3008-10,São Paulo,3550308,True,,35283,,,-23.5149385,-46.395832999999996,,,,2,2023-06-17T02:42:51+00:00
SAO_2028-10,São Paulo,3550308,True,,35031,,,-23.480306,-46.602554,,,,2,2023-06-17T02:44:34+00:00
SAO_2028-10,São Paulo,3550308,True,,35031,,,-23.439719500000002,-46.587374,,,,2,2023-06-17T02:44:07+00:00
SAO_2028-10,São Paulo,3550308,True,,35031,,,-23.43679925,-46.5724685,,,,2,2023-06-17T02:40:54+00:00
SAO_1783-10,São Paulo,3550308,True,,33412,,,-23.398296000000002,-46.577902,,,,2,2023-06-17T02:44:18+00:00
SAO_1783-10,São Paulo,3550308,True,,33412,,,-23.479325000000003,-46.609796,,,,2,2023-06-17T02:44:15+00:00
SAO_1783-10,São Paulo,3550308,True,,33412,,,-23.4384855,-46.591668,,,,2,2023-06-17T02:43:59+00:00
SAO_1783-10,São Paulo,3550308,True,,33412,,,-23.398296000000002,-46.577902,,,,2,2023-06-17T02:44:29+00:00
SAO_1783-10,São Paulo,3550308,True,,33412,,,-23.3988855,-46.5776345,,,,2,2023-06-17T02:44:05+00:00
SAO_5164-10,São Paulo,3550308,True,,1283,,,-23.64151575,-46.643871000000004,,,,1,2023-06-17T02:44:06+00:00
SAO_5164-10,São Paulo,3550308,True,,1283,,,-23.6431975,-46.6622785,,,,1,2023-06-17T02:44:23+00:00
SAO_5164-10,São Paulo,3550308,True,,1283,,,-23.639951500000002,-46.662134,,,,1,2023-06-17T02:44:27+00:00
SAO_5164-10,São Paulo,3550308,True,,1283,,,-23.599684000000003,-46.6422255,,,,1,2023-06-17T02:44:34+00:00
SAO_5103-10,São Paulo,3550308,True,,1646,,,-23.6032445,-46.602611499999995,,,,1,2023-06-17T02:44:12+00:00
SAO_5103-10,São Paulo,3550308,True,,1646,,,-23.605679000000002,-46.659574750000004,,,,1,2023-06-17T02:44:36+00:00
SAO_5103-10,São Paulo,3550308,True,,1646,,,-23.6032445,-46.602611499999995,,,,1,2023-06-17T02:44:14+00:00
SAO_975A-10,São Paulo,3550308,True,EMTU,589,https://moovitapp.com/index/pt-br/transporte_p%C3%BAblico-line-589-Sao_Paulo-242-2038937-36419576-0,5.35,-23.5049105,-46.689612999999994,,,,1,2023-06-17T02:44:13+00:00
SAO_975A-10,São Paulo,3550308,True,EMTU,589,https://moovitapp.com/index/pt-br/transporte_p%C3%BAblico-line-589-Sao_Paulo-242-2038937-36419576-0,5.35,-23.552509375,-46.674890500000004,,,,1,2023-06-17T02:44:03+00:00
SAO_6076-41,São Paulo,3550308,True,,34754,,,-23.6834225,-46.71018375,,,,2,2023-06-17T02:44:00+00:00
SAO_3768-10,São Paulo,3550308,True,,1056,,,-23.5644505,-46.416008,,,,1,2023-06-17T02:44:06+00:00
SAO_3768-10,São Paulo,3550308,True,,1056,,,-23.539736,-46.4314325,,,,1,2023-06-17T02:44:23+00:00
SAO_4024-10,São Paulo,3550308,True,,2158,,,-23.566142499999998,-46.424344500000004,,,,1,2023-06-17T02:42:09+00:00
SAO_4024-10,São Paulo,3550308,True,,2158,,,-23.557598,-46.4224235,,,,1,2023-06-17T02:43:10+00:00
SAO_4024-10,São Paulo,3550308,True,,2158,,,-23.534623500000002,-46.453379999999996,,,,1,2023-06-17T02:43:59+00:00
SAO_695Y-41,São Paulo,3550308,True,,33967,,,-23.8279045,-46.727655,,,,2,2023-06-17T02:44:05+00:00
SAO_211L-10,São Paulo,3550308,True,,35033,,,-23.483288,-46.673646,,,,2,2023-06-17T02:43:54+00:00
SAO_211L-10,São Paulo,3550308,True,,35033,,,-23.4826065,-46.6307425,,,,2,2023-06-17T02:44:13+00:00
SAO_211L-10,São Paulo,3550308,True,,35033,,,-23.470346499999998,-46.653117,,,,2,2023-06-17T02:44:28+00:00
SAO_3139-10,São Paulo,3550308,True,,995,,,-23.5632945,-46.5494885,,,,1,2023-06-17T02:40:04+00:00
SAO_3139-10,São Paulo,3550308,True,,995,,,-23.570985,-46.53844725,,,,1,2023-06-17T02:44:40+00:00
SAO_372F-10,São Paulo,3550308,True,,33783,,,-23.551769,-46.599556500000006,,,,2,2023-06-17T02:43:59+00:00
SAO_372F-10,São Paulo,3550308,True,,33783,,,-23.5520035,-46.599284,,,,2,2023-06-17T02:44:02+00:00
SAO_297A-10,São Paulo,3550308,True,,34901,,,-23.5252075,-46.66526175,,,,2,2023-06-17T02:44:35+00:00
SAO_297A-10,São Paulo,3550308,True,,34901,,,-23.5251275,-46.6660255,,,,2,2023-06-17T02:44:23+00:00
SAO_297A-10,São Paulo,3550308,True,,34901,,,-23.5251275,-46.6660255,,,,2,2023-06-17T02:44:26+00:00
SAO_297A-10,São Paulo,3550308,True,,34901,,,-23.504087499999997,-46.672816,,,,2,2023-06-17T02:44:17+00:00
SAO_297A-10,São Paulo,3550308,True,,34901,,,-23.5251275,-46.6660255,,,,2,2023-06-17T02:44:27+00:00
SAO_6056-10,São Paulo,3550308,True,,1147,,,-23.7632635,-46.697452,,,,1,2023-06-17T02:44:36+00:00
SAO_274P-10,São Paulo,3550308,True,,33000,,,-23.512736500000003,-46.530539000000005,,,,2,2023-06-17T02:43:57+00:00
SAO_274P-10,São Paulo,3550308,True,,33000,,,-23.557349000000002,-46.626842499999995,,,,2,2023-06-17T02:44:34+00:00
SAO_274P-10,São Paulo,3550308,True,,33000,,,-23.511974,-46.530330500000005,,,,2,2023-06-17T02:44:22+00:00
SAO_8021-10,São Paulo,3550308,True,,34841,,,-23.5772355,-46.766035,,,,2,2023-06-17T02:44:28+00:00
SAO_6014-10,São Paulo,3550308,True,,188,,,-23.741947500000002,-46.801043,,,,1,2023-06-17T02:44:37+00:00
SAO_6014-10,São Paulo,3550308,True,,188,,,-23.73011,-46.7913145,,,,1,2023-06-17T02:41:50+00:00
SAO_6014-10,São Paulo,3550308,True,,188,,,-23.665875,-46.7128965,,,,1,2023-06-17T02:44:13+00:00
SAO_6014-10,São Paulo,3550308,True,,188,,,-23.688184,-46.772277125,,,,1,2023-06-17T02:44:21+00:00
SAO_6014-10,São Paulo,3550308,True,,188,,,-23.653993,-46.711136999999994,,,,1,2023-06-17T02:44:21+00:00
SAO_6014-10,São Paulo,3550308,True,,188,,,-23.73701425,-46.79527875,,,,1,2023-06-17T02:44:05+00:00
SAO_6012-31,São Paulo,3550308,True,,34544,,,-23.694240999999998,-46.787963000000005,,,,2,2023-06-17T02:44:09+00:00
SAO_5038-10,São Paulo,3550308,True,,1661,,,-23.6499915,-46.608687,,,,1,2023-06-17T02:44:10+00:00
SAO_5038-10,São Paulo,3550308,True,,1661,,,-23.653982499999998,-46.602772,,,,1,2023-06-17T02:41:28+00:00
SAO_5038-10,São Paulo,3550308,True,,1661,,,-23.6212395,-46.6007565,,,,1,2023-06-17T02:44:03+00:00
SAO_5038-10,São Paulo,3550308,True,,1661,,,-23.6536285,-46.60265,,,,1,2023-06-17T02:44:04+00:00
SAO_273X-10,São Paulo,3550308,True,EMTU,392,https://moovitapp.com/index/pt-br/transporte_p%C3%BAblico-line-392-Sao_Paulo-242-2038937-36419460-0,5.8,-23.498266,-46.4572045,,,,1,2023-06-17T02:44:29+00:00
SAO_273X-10,São Paulo,3550308,True,EMTU,392,https://moovitapp.com/index/pt-br/transporte_p%C3%BAblico-line-392-Sao_Paulo-242-2038937-36419460-0,5.8,-23.518732999999997,-46.4760785,,,,1,2023-06-17T02:44:20+00:00
SAO_273X-10,São Paulo,3550308,True,EMTU,392,https://moovitapp.com/index/pt-br/transporte_p%C3%BAblico-line-392-Sao_Paulo-242-2038937-36419460-0,5.8,-23.53987,-46.4833455,,,,1,2023-06-17T02:43:57+00:00
SAO_273X-10,São Paulo,3550308,True,EMTU,392,https://moovitapp.com/index/pt-br/transporte_p%C3%BAblico-line-392-Sao_Paulo-242-2038937-36419460-0,5.8,-23.493789,-46.4398925,,,,1,2023-06-17T02:44:08+00:00
SAO_273X-10,São Paulo,3550308,True,EMTU,392,https://moovitapp.com/index/pt-br/transporte_p%C3%BAblico-line-392-Sao_Paulo-242-2038937-36419460-0,5.8,-23.5399795,-46.4833685,,,,1,2023-06-17T02:44:39+00:00
SAO_6016-10,São Paulo,3550308,True,,32852,,,-23.7716195,-46.673192,,,,2,2023-06-17T02:44:39+00:00
SAO_6016-10,São Paulo,3550308,True,,32852,,,-23.737647000000003,-46.6975635,,,,2,2023-06-17T02:44:30+00:00
SAO_6016-10,São Paulo,3550308,True,,32852,,,-23.757948,-46.68446575,,,,2,2023-06-17T02:44:33+00:00
SAO_8007-10,São Paulo,3550308,True,,1257,,,-23.4882265,-46.730633,,,,1,2023-06-17T02:44:30+00:00
SAO_2522-10,São Paulo,3550308,True,,32908,,,-23.516617500000002,-46.4262835,,,,2,2023-06-17T02:43:59+00:00
SAO_2522-10,São Paulo,3550308,True,,32908,,,-23.535848,-46.452577500000004,,,,2,2023-06-17T02:44:18+00:00
SAO_4112-10,São Paulo,3550308,True,,767,,,-23.5715055,-46.62430475,,,,1,2023-06-17T02:44:12+00:00
SAO_4112-10,São Paulo,3550308,True,,767,,,-23.544322,-46.6342595,,,,1,2023-06-17T02:44:06+00:00
SAO_6048-10,São Paulo,3550308,True,,32824,,,-23.6791485,-46.770796000000004,,,,2,2023-06-17T02:44:24+00:00
SAO_6048-10,São Paulo,3550308,True,,32824,,,-23.6603265,-46.7674475,,,,2,2023-06-17T02:44:10+00:00
SAO_6048-10,São Paulo,3550308,True,,32824,,,-23.644767125,-46.721720375,,,,2,2023-06-17T02:44:11+00:00
SAO_5759-10,São Paulo,3550308,True,,33906,,,-23.694505,-46.6475115,,,,2,2023-06-17T02:44:33+00:00
SAO_5759-10,São Paulo,3550308,True,,33906,,,-23.676828,-46.65915525,,,,2,2023-06-17T02:42:55+00:00
SAO_5759-10,São Paulo,3550308,True,,33906,,,-23.669419500000004,-46.664108,,,,2,2023-06-17T02:44:11+00:00
SAO_5759-10,São Paulo,3550308,True,,33906,,,-23.636175,-46.64056825,,,,2,2023-06-17T02:44:34+00:00
SAO_5759-10,São Paulo,3550308,True,,33906,,,-23.6761135,-46.6600825,,,,2,2023-06-17T02:44:33+00:00
SAO_809R-10,São Paulo,3550308,True,,2067,,,-23.571101,-46.698893999999996,,,,1,2023-06-17T02:44:31+00:00
SAO_2551-10,São Paulo,3550308,True,EMTU,141,https://moovitapp.com/index/pt-br/transporte_p%C3%BAblico-line-141-Sao_Paulo-242-2038937-36419292-0,8.15,-23.546433999999998,-46.630430000000004,,,,1,2023-06-17T02:44:12+00:00
SAO_2551-10,São Paulo,3550308,True,EMTU,141,https://moovitapp.com/index/pt-br/transporte_p%C3%BAblico-line-141-Sao_Paulo-242-2038937-36419292-0,8.15,-23.535374,-46.57487775,,,,1,2023-06-17T02:44:05+00:00
SAO_2551-10,São Paulo,3550308,True,EMTU,141,https://moovitapp.com/index/pt-br/transporte_p%C3%BAblico-line-141-Sao_Paulo-242-2038937-36419292-0,8.15,-23.489547,-46.5050095,,,,1,2023-06-17T02:44:20+00:00
SAO_6051-31,São Paulo,3550308,True,,34374,,,-23.7621455,-46.689133,,,,2,2023-06-17T02:44:07+00:00
SAO_6051-31,São Paulo,3550308,True,,34374,,,-23.7621455,-46.689133,,,,2,2023-06-17T02:44:30+00:00
SAO_2203-10,São Paulo,3550308,True,,33679,,,-23.5202455,-46.4958305,,,,2,2023-06-17T02:44:15+00:00
SAO_2203-10,São Paulo,3550308,True,,33679,,,-23.5204035,-46.484047000000004,,,,2,2023-06-17T02:44:38+00:00
SAO_2203-10,São Paulo,3550308,True,,33679,,,-23.5204035,-46.484047000000004,,,,2,2023-06-17T02:43:58+00:00
SAO_477U-10,São Paulo,3550308,True,,306,,,-23.5893635,-46.6338005,,,,1,2023-06-17T02:44:01+00:00
SAO_477U-10,São Paulo,3550308,True,,306,,,-23.609165,-46.594888,,,,1,2023-06-17T02:44:26+00:00
SAO_6022-10,São Paulo,3550308,True,,33975,,,-23.6905325,-46.774566500000006,,,,2,2023-06-17T02:44:16+00:00
SAO_6022-10,São Paulo,3550308,True,,33975,,,-23.7286505,-46.782372499999994,,,,2,2023-06-17T02:43:59+00:00
SAO_5143-10,São Paulo,3550308,True,,34396,,,-23.546677,-46.63009649999999,,,,2,2023-06-17T02:44:37+00:00
SAO_8000-10,São Paulo,3550308,True,,34041,,,-23.520215999999998,-46.700196000000005,,,,2,2023-06-17T02:43:58+00:00
SAO_8000-10,São Paulo,3550308,True,,34041,,,-23.520177500000003,-46.700295499999996,,,,2,2023-06-17T02:44:26+00:00
SAO_8000-10,São Paulo,3550308,True,,34041,,,-23.5463265,-46.639084,,,,2,2023-06-17T02:44:30+00:00
SAO_748A-41,São Paulo,3550308,True,EMTU,499,https://moovitapp.com/index/pt-br/transporte_p%C3%BAblico-line-499-Sao_Paulo-242-2038937-36419524-0,5.4,-23.560122500000002,-46.747219125,,,,1,2023-06-17T02:44:33+00:00
SAO_1720-10,São Paulo,3550308,True,,863,,,-23.4808475,-46.60323175,,,,1,2023-06-17T02:41:40+00:00
SAO_1720-10,São Paulo,3550308,True,,863,,,-23.485252000000003,-46.564926,,,,1,2023-06-17T02:39:04+00:00
SAO_1720-10,São Paulo,3550308,True,,863,,,-23.448943,-46.607417,,,,1,2023-06-17T02:42:36+00:00
SAO_1720-10,São Paulo,3550308,True,,863,,,-23.447785,-46.6093935,,,,1,2023-06-17T02:44:03+00:00
SAO_1720-10,São Paulo,3550308,True,,863,,,-23.481506,-46.598647,,,,1,2023-06-17T02:44:24+00:00
SAO_1720-10,São Paulo,3550308,True,,863,,,-23.450039500000003,-46.6079905,,,,1,2023-06-17T02:44:26+00:00
SAO_4015-10,São Paulo,3550308,True,,34956,,,-23.622617500000004,-46.46532175,,,,2,2023-06-17T02:44:07+00:00
SAO_2079-10,São Paulo,3550308,True,,33138,,,-23.494310499999997,-46.402223,,,,2,2023-06-17T02:44:30+00:00
SAO_2079-10,São Paulo,3550308,True,,33138,,,-23.514367,-46.380974374999994,,,,2,2023-06-17T02:44:40+00:00
SAO_809U-10,São Paulo,3550308,True,,2254,,,-23.5308065,-46.677728,,,,1,2023-06-17T02:44:12+00:00
SAO_6007-10,São Paulo,3550308,True,,32944,,,-23.654101,-46.763310000000004,,,,2,2023-06-17T02:44:23+00:00
SAO_6007-10,São Paulo,3550308,True,,32944,,,-23.6541295,-46.712835999999996,,,,2,2023-06-17T02:44:17+00:00
SAO_6007-10,São Paulo,3550308,True,,32944,,,-23.6724935,-46.748619500000004,,,,2,2023-06-17T02:44:34+00:00
SAO_6007-10,São Paulo,3550308,True,,32944,,,-23.653982499999998,-46.7110365,,,,2,2023-06-17T02:44:15+00:00
SAO_6007-10,São Paulo,3550308,True,,32944,,,-23.6540545,-46.763478,,,,2,2023-06-17T02:44:31+00:00
SAO_6007-10,São Paulo,3550308,True,,32944,,,-23.6610995,-46.73469275,,,,2,2023-06-17T02:41:39+00:00
SAO_6007-10,São Paulo,3550308,True,,32944,,,-23.6459005,-46.730048,,,,2,2023-06-17T02:44:01+00:00
SAO_8026-10,São Paulo,3550308,True,,2083,,,-23.5915995,-46.735897,,,,1,2023-06-17T02:44:29+00:00
SAO_8026-10,São Paulo,3550308,True,,2083,,,-23.630417,-46.746865,,,,1,2023-06-17T02:43:57+00:00
SAO_8026-10,São Paulo,3550308,True,,2083,,,-23.6328585,-46.747187,,,,1,2023-06-17T02:44:17+00:00
SAO_8026-10,São Paulo,3550308,True,,2083,,,-23.617846,-46.7569485,,,,1,2023-06-17T02:44:15+00:00
SAO_8026-10,São Paulo,3550308,True,,2083,,,-23.6328585,-46.747187,,,,1,2023-06-17T02:44:26+00:00
SAO_6813-10,São Paulo,3550308,True,,32801,,,-23.668012249999997,-46.764174,,,,2,2023-06-17T02:44:21+00:00
SAO_6813-10,São Paulo,3550308,True,,32801,,,-23.668012249999997,-46.764174,,,,2,2023-06-17T02:44:04+00:00
SAO_6817-10,São Paulo,3550308,True,,27,,,-23.6851545,-46.782897500000004,,,,1,2023-06-17T02:44:12+00:00
SAO_6817-10,São Paulo,3550308,True,,27,,,-23.656841999999997,-46.763562,,,,1,2023-06-17T02:44:27+00:00
SAO_6817-10,São Paulo,3550308,True,,27,,,-23.6851545,-46.782897500000004,,,,1,2023-06-17T02:44:22+00:00
SAO_5705-10,São Paulo,3550308,True,,1657,,,-23.579991749999998,-46.614427750000004,,,,1,2023-06-17T02:44:10+00:00
SAO_5705-10,São Paulo,3550308,True,,1657,,,-23.567836749999998,-46.640503,,,,1,2023-06-17T02:44:27+00:00
SAO_5705-10,São Paulo,3550308,True,,1657,,,-23.603227,-46.6031845,,,,1,2023-06-17T02:44:38+00:00
SAO_9018-10,São Paulo,3550308,True,,34039,,,-23.486371,-46.7265815,,,,2,2023-06-17T02:44:27+00:00
SAO_9018-10,São Paulo,3550308,True,,34039,,,-23.4698875,-46.721775,,,,2,2023-06-17T02:44:21+00:00
SAO_524L-10,São Paulo,3550308,True,,1715,,,-23.58313,-46.565766499999995,,,,1,2023-06-17T02:44:40+00:00
SAO_524L-10,São Paulo,3550308,True,,1715,,,-23.555780749999997,-46.560807999999994,,,,1,2023-06-17T02:44:01+00:00
SAO_524L-10,São Paulo,3550308,True,,1715,,,-23.5985045,-46.534401,,,,1,2023-06-17T02:44:16+00:00
SAO_6084-10,São Paulo,3550308,True,,1169,,,-23.774044875,-46.705919,,,,1,2023-06-17T02:44:31+00:00
SAO_6084-10,São Paulo,3550308,True,,1169,,,-23.7782055,-46.677659500000004,,,,1,2023-06-17T02:44:29+00:00
SAO_6063-43,São Paulo,3550308,True,,35248,,,-23.83697275,-46.694517250000004,,,,2,2023-06-17T02:39:17+00:00
SAO_3160-10,São Paulo,3550308,True,,32893,,,-23.569329,-46.5880825,,,,2,2023-06-17T02:44:40+00:00
SAO_3160-10,São Paulo,3550308,True,,32893,,,-23.5491685,-46.629249,,,,2,2023-06-17T02:44:10+00:00
SAO_675G-10,São Paulo,3550308,True,ETT,106,https://moovitapp.com/index/pt-br/transporte_p%C3%BAblico-line-106-Sao_Paulo-242-876373-496508-0,5.3,-23.7427985,-46.6697255,,,,1,2023-06-17T02:44:17+00:00
SAO_675G-10,São Paulo,3550308,True,ETT,106,https://moovitapp.com/index/pt-br/transporte_p%C3%BAblico-line-106-Sao_Paulo-242-876373-496508-0,5.3,-23.665155499999997,-46.67816625,,,,1,2023-06-17T02:44:30+00:00
SAO_675G-10,São Paulo,3550308,True,ETT,106,https://moovitapp.com/index/pt-br/transporte_p%C3%BAblico-line-106-Sao_Paulo-242-876373-496508-0,5.3,-23.7427985,-46.6697255,,,,1,2023-06-17T02:44:18+00:00
SAO_675G-10,São Paulo,3550308,True,ETT,106,https://moovitapp.com/index/pt-br/transporte_p%C3%BAblico-line-106-Sao_Paulo-242-876373-496508-0,5.3,-23.732933,-46.696845499999995,,,,1,2023-06-17T02:44:01+00:00
SAO_4729-10,São Paulo,3550308,True,,1108,,,-23.542686,-46.5910485,,,,1,2023-06-17T02:44:21+00:00
SAO_4729-10,São Paulo,3550308,True,,1108,,,-23.593309499999997,-46.5090895,,,,1,2023-06-17T02:44:40+00:00
SAO_4729-10,São Paulo,3550308,True,,1108,,,-23.590734,-46.506766999999996,,,,1,2023-06-17T02:44:35+00:00
SAO_4729-10,São Paulo,3550308,True,,1108,,,-23.56990375,-46.569561,,,,1,2023-06-17T02:44:07+00:00
SAO_1730-10,São Paulo,3550308,True,,33633,,,-23.51559625,-46.61637925,,,,2,2023-06-17T02:44:34+00:00
SAO_1730-10,São Paulo,3550308,True,,33633,,,-23.502815,-46.623698,,,,2,2023-06-17T02:44:20+00:00
SAO_1730-10,São Paulo,3550308,True,,33633,,,-23.51559625,-46.61637925,,,,2,2023-06-17T02:44:15+00:00
SAO_1730-10,São Paulo,3550308,True,,33633,,,-23.5093715,-46.6169265,,,,2,2023-06-17T02:44:35+00:00
SAO_6805-31,São Paulo,3550308,True,,1788,,,-23.653522000000002,-46.734838999999994,,,,1,2023-06-17T02:44:24+00:00
SAO_6805-31,São Paulo,3550308,True,,1788,,,-23.6551175,-46.762319500000004,,,,1,2023-06-17T02:34:39+00:00
SAO_2740-10,São Paulo,3550308,True,,1792,,,-23.486714125,-46.623102875,,,,1,2023-06-17T02:44:18+00:00
SAO_2740-10,São Paulo,3550308,True,,1792,,,-23.4584075,-46.6085465,,,,1,2023-06-17T02:44:23+00:00
SAO_2740-10,São Paulo,3550308,True,,1792,,,-23.4574545,-46.6428055,,,,1,2023-06-17T02:44:10+00:00
SAO_4086-10,São Paulo,3550308,True,,35018,,,-23.582943,-46.408454,,,,2,2023-06-17T02:44:28+00:00
SAO_4086-10,São Paulo,3550308,True,,35018,,,-23.5829765,-46.40796,,,,2,2023-06-17T02:44:36+00:00
SAO_775V-10,São Paulo,3550308,True,,475,,,-23.56775975,-46.69600174999999,,,,1,2023-06-17T02:44:14+00:00
SAO_2161-10,São Paulo,3550308,True,,33462,,,-23.5491685,-46.629249,,,,2,2023-06-17T02:44:16+00:00
SAO_2161-10,São Paulo,3550308,True,,33462,,,-23.543049125,-46.61677125,,,,2,2023-06-17T02:44:29+00:00
SAO_2161-10,São Paulo,3550308,True,,33462,,,-23.4740875,-46.566756999999996,,,,2,2023-06-17T02:43:58+00:00
SAO_2161-10,São Paulo,3550308,True,,33462,,,-23.49834025,-46.58669725,,,,2,2023-06-17T02:44:31+00:00
SAO_8545-10,São Paulo,3550308,True,,1364,,,-23.525547500000002,-46.682438000000005,,,,1,2023-06-17T02:44:29+00:00
SAO_8545-10,São Paulo,3550308,True,,1364,,,-23.525216,-46.683388875,,,,1,2023-06-17T02:43:59+00:00
SAO_8545-10,São Paulo,3550308,True,,1364,,,-23.4863115,-46.692451500000004,,,,1,2023-06-17T02:44:07+00:00
SAO_8545-10,São Paulo,3550308,True,,1364,,,-23.472927,-46.6785105,,,,1,2023-06-17T02:44:30+00:00
SAO_8545-10,São Paulo,3550308,True,,1364,,,-23.49471425,-46.6975085,,,,1,2023-06-17T02:43:56+00:00
SAO_128Y-10,São Paulo,3550308,True,EMTU,843,https://moovitapp.com/index/pt-br/transporte_p%C3%BAblico-line-843-Sao_Paulo-242-2038937-36419606-0,4.1,-23.456006000000002,-46.667834,,,,1,2023-06-17T02:44:07+00:00
SAO_128Y-10,São Paulo,3550308,True,EMTU,843,https://moovitapp.com/index/pt-br/transporte_p%C3%BAblico-line-843-Sao_Paulo-242-2038937-36419606-0,4.1,-23.507457875,-46.679733875,,,,1,2023-06-17T02:43:58+00:00
SAO_6L10-41,São Paulo,3550308,True,,2005,,,-23.7717045,-46.7315885,,,,1,2023-06-17T02:44:15+00:00
SAO_3069-10,São Paulo,3550308,True,,33752,,,-23.60662525,-46.41692075,,,,2,2023-06-17T02:44:35+00:00
SAO_3069-10,São Paulo,3550308,True,,33752,,,-23.60662525,-46.41692075,,,,2,2023-06-17T02:44:35+00:00
SAO_3069-10,São Paulo,3550308,True,,33752,,,-23.60662525,-46.41692075,,,,2,2023-06-17T02:44:07+00:00
SAO_3069-10,São Paulo,3550308,True,,33752,,,-23.6229795,-46.4302795,,,,2,2023-06-17T02:44:35+00:00
SAO_3069-10,São Paulo,3550308,True,,33752,,,-23.6226495,-46.4299515,,,,2,2023-06-17T02:44:31+00:00
SAO_3069-10,São Paulo,3550308,True,,33752,,,-23.606299749999998,-46.41697025,,,,2,2023-06-17T02:44:07+00:00
SAO_3069-10,São Paulo,3550308,True,,33752,,,-23.617158,-46.468715,,,,2,2023-06-17T02:43:55+00:00
SAO_6806-10,São Paulo,3550308,True,,32800,,,-23.634156,-46.757954,,,,2,2023-06-17T02:43:57+00:00
SAO_6806-10,São Paulo,3550308,True,,32800,,,-23.633952,-46.757903,,,,2,2023-06-17T02:44:22+00:00
SAO_7059-10,São Paulo,3550308,True,,1924,,,-23.6597905,-46.77556,,,,1,2023-06-17T02:44:33+00:00
SAO_1787-10,São Paulo,3550308,True,,650,,,-23.460175624999998,-46.623294375,,,,1,2023-06-17T02:44:33+00:00
SAO_1787-10,São Paulo,3550308,True,,650,,,-23.4861385,-46.623183,,,,1,2023-06-17T02:44:19+00:00
SAO_1787-10,São Paulo,3550308,True,,650,,,-23.453797,-46.6235985,,,,1,2023-06-17T02:44:38+00:00
SAO_1787-10,São Paulo,3550308,True,,650,,,-23.495295499999997,-46.62423925,,,,1,2023-06-17T02:41:51+00:00
SAO_351F-10,São Paulo,3550308,True,,687,,,-23.467508375,-46.584131875,,,,1,2023-06-17T02:44:31+00:00
SAO_351F-10,São Paulo,3550308,True,,687,,,-23.487986999999997,-46.5687985,,,,1,2023-06-17T02:44:12+00:00
SAO_351F-10,São Paulo,3550308,True,,687,,,-23.5494065,-46.5890285,,,,1,2023-06-17T02:44:29+00:00
SAO_351F-10,São Paulo,3550308,True,,687,,,-23.567696750000003,-46.523172,,,,1,2023-06-17T02:44:36+00:00
SAO_351F-10,São Paulo,3550308,True,,687,,,-23.54462075,-46.58595699999999,,,,1,2023-06-17T02:44:07+00:00
SAO_8002-10,São Paulo,3550308,True,,1252,,,-23.487215,-46.726875,,,,1,2023-06-17T02:44:05+00:00
SAO_8002-10,São Paulo,3550308,True,,1252,,,-23.51290825,-46.727011625,,,,1,2023-06-17T02:44:30+00:00
SAO_9301-10,São Paulo,3550308,True,,458,,,-23.4962345,-46.662550499999995,,,,1,2023-06-17T02:44:37+00:00
SAO_9301-10,São Paulo,3550308,True,,458,,,-23.5340575,-46.644261,,,,1,2023-06-17T02:44:20+00:00
SAO_971X-10,São Paulo,3550308,True,,1695,,,-23.478199500000002,-46.6625155,,,,1,2023-06-17T02:44:13+00:00
SAO_971X-10,São Paulo,3550308,True,,1695,,,-23.4747695,-46.669715,,,,1,2023-06-17T02:44:37+00:00
SAO_971X-10,São Paulo,3550308,True,,1695,,,-23.503059999999998,-46.625513,,,,1,2023-06-17T02:44:40+00:00
SAO_971X-10,São Paulo,3550308,True,,1695,,,-23.4747695,-46.669715,,,,1,2023-06-17T02:44:26+00:00
SAO_971X-10,São Paulo,3550308,True,,1695,,,-23.4962095,-46.643233,,,,1,2023-06-17T02:43:35+00:00
SAO_3161-10,São Paulo,3550308,True,,1084,,,-23.583561000000003,-46.5251485,,,,1,2023-06-17T02:44:08+00:00
SAO_3161-10,São Paulo,3550308,True,,1084,,,-23.57716825,-46.5769955,,,,1,2023-06-17T02:44:08+00:00
SAO_3161-10,São Paulo,3550308,True,,1084,,,-23.54645675,-46.629903999999996,,,,1,2023-06-17T02:44:37+00:00
SAO_2005-10,São Paulo,3550308,True,,893,,,-23.481623749999997,-46.37878275,,,,1,2023-06-17T02:43:41+00:00
SAO_2005-10,São Paulo,3550308,True,,893,,,-23.4953015,-46.4312885,,,,1,2023-06-17T02:43:50+00:00
SAO_6050-10,São Paulo,3550308,True,,1225,,,-23.7358795,-46.694601250000005,,,,1,2023-06-17T02:44:20+00:00
SAO_4015-10,São Paulo,3550308,True,,2188,,,-23.6138775,-46.476696000000004,,,,1,2023-06-17T02:44:34+00:00
SAO_4015-10,São Paulo,3550308,True,,2188,,,-23.6138775,-46.476696000000004,,,,1,2023-06-17T02:44:10+00:00
SAO_1206-10,São Paulo,3550308,True,,33610,,,-23.543565875000002,-46.617612750000006,,,,2,2023-06-17T02:44:31+00:00
SAO_1206-10,São Paulo,3550308,True,,33610,,,-23.52606925,-46.58249925,,,,2,2023-06-17T02:44:32+00:00
SAO_1206-10,São Paulo,3550308,True,,33610,,,-23.5221195,-46.58011,,,,2,2023-06-17T02:44:33+00:00
SAO_1206-10,São Paulo,3550308,True,,33610,,,-23.520101500000003,-46.577822,,,,2,2023-06-17T02:44:20+00:00
SAO_9188-10,São Paulo,3550308,True,EMTU,809,https://moovitapp.com/index/pt-br/transporte_p%C3%BAblico-line-809-Sao_Paulo-242-2038937-119858519-0,5.2,-23.4477925,-46.727559375,,,,1,2023-06-17T02:44:27+00:00
SAO_9188-10,São Paulo,3550308,True,EMTU,809,https://moovitapp.com/index/pt-br/transporte_p%C3%BAblico-line-809-Sao_Paulo-242-2038937-119858519-0,5.2,-23.4756105,-46.724118250000004,,,,1,2023-06-17T02:44:11+00:00
SAO_9188-10,São Paulo,3550308,True,EMTU,809,https://moovitapp.com/index/pt-br/transporte_p%C3%BAblico-line-809-Sao_Paulo-242-2038937-119858519-0,5.2,-23.517339999999997,-46.704061125,,,,1,2023-06-17T02:44:04+00:00
SAO_6051-10,São Paulo,3550308,True,,1143,,,-23.764159,-46.690647,,,,1,2023-06-17T02:44:07+00:00
SAO_2033-10,São Paulo,3550308,True,,2499,,,-23.4869505,-46.568163,,,,1,2023-06-17T02:44:13+00:00
SAO_2033-10,São Paulo,3550308,True,,2499,,,-23.4869505,-46.568163,,,,1,2023-06-17T02:44:23+00:00
SAO_6338-10,São Paulo,3550308,True,,1293,,,-23.680045,-46.636998000000006,,,,1,2023-06-17T02:44:31+00:00
SAO_6338-10,São Paulo,3550308,True,,1293,,,-23.602027375,-46.6349835,,,,1,2023-06-17T02:44:12+00:00
SAO_695Y-21,São Paulo,3550308,True,,1622,,,-23.829400999999997,-46.7225015,,,,1,2023-06-17T02:44:20+00:00
SAO_695Y-21,São Paulo,3550308,True,,1622,,,-23.801012999999998,-46.7339515,,,,1,2023-06-17T02:44:28+00:00
SAO_695Y-21,São Paulo,3550308,True,,1622,,,-23.792452,-46.727869,,,,1,2023-06-17T02:39:19+00:00
SAO_4717-10,São Paulo,3550308,True,EMTU,335,https://moovitapp.com/index/pt-br/transporte_p%C3%BAblico-line-335-Sao_Paulo-242-2038937-36419420-0,5.35,-23.6372785,-46.594834,,,,1,2023-06-17T02:44:19+00:00
SAO_847J-10,São Paulo,3550308,True,,34110,,,-23.489101,-46.7102995,,,,2,2023-06-17T02:44:34+00:00
SAO_847J-10,São Paulo,3550308,True,,34110,,,-23.534827375,-46.727301749999995,,,,2,2023-06-17T02:44:28+00:00
SAO_847J-10,São Paulo,3550308,True,,34110,,,-23.555694,-46.74268,,,,2,2023-06-17T02:44:09+00:00
SAO_847J-10,São Paulo,3550308,True,,34110,,,-23.555694,-46.74268,,,,2,2023-06-17T02:44:31+00:00
SAO_847J-10,São Paulo,3550308,True,,34110,,,-23.447173250000002,-46.72335525,,,,2,2023-06-17T02:44:20+00:00
SAO_2004-10,São Paulo,3550308,True,,892,,,-23.519267,-46.386627250000004,,,,1,2023-06-17T02:40:56+00:00
SAO_2004-10,São Paulo,3550308,True,,892,,,-23.5191545,-46.38698925,,,,1,2023-06-17T02:43:43+00:00
SAO_875P-10,São Paulo,3550308,True,,1341,,,-23.527048999999998,-46.665313499999996,,,,1,2023-06-17T02:43:56+00:00
SAO_875P-10,São Paulo,3550308,True,,1341,,,-23.556885,-46.66169175,,,,1,2023-06-17T02:44:14+00:00
SAO_6262-10,São Paulo,3550308,True,,1371,,,-23.5771655,-46.6726715,,,,1,2023-06-17T02:44:14+00:00
SAO_6262-10,São Paulo,3550308,True,,1371,,,-23.5719435,-46.6903585,,,,1,2023-06-17T02:44:21+00:00
SAO_6262-10,São Paulo,3550308,True,,1371,,,-23.541935499999997,-46.71643625,,,,1,2023-06-17T02:44:31+00:00
SAO_3026-10,São Paulo,3550308,True,,33730,,,-23.576859125,-46.39228075,,,,2,2023-06-17T02:44:36+00:00
SAO_3026-10,São Paulo,3550308,True,,33730,,,-23.5428155,-46.416185,,,,2,2023-06-17T02:44:16+00:00
SAO_3026-10,São Paulo,3550308,True,,33730,,,-23.5669535,-46.401615,,,,2,2023-06-17T02:44:09+00:00
SAO_4724-10,São Paulo,3550308,True,,2060,,,-23.538161,-46.498369499999995,,,,1,2023-06-17T02:43:59+00:00
SAO_605A-10,São Paulo,3550308,True,,2522,,,-23.6497055,-46.632075,,,,1,2023-06-17T02:44:35+00:00
SAO_8022-10,São Paulo,3550308,True,,2085,,,-23.5683355,-46.7398505,,,,1,2023-06-17T02:44:15+00:00
SAO_8022-10,São Paulo,3550308,True,,2085,,,-23.568213999999998,-46.7399555,,,,1,2023-06-17T02:44:21+00:00
SAO_8022-10,São Paulo,3550308,True,,2085,,,-23.5683355,-46.7398505,,,,1,2023-06-17T02:44:09+00:00
SAO_8022-10,São Paulo,3550308,True,,2085,,,-23.567246875,-46.728359749999996,,,,1,2023-06-17T02:44:29+00:00
SAO_8022-10,São Paulo,3550308,True,,2085,,,-23.566393500000004,-46.726788,,,,1,2023-06-17T02:44:05+00:00
SAO_8022-10,São Paulo,3550308,True,,2085,,,-23.5683355,-46.7398505,,,,1,2023-06-17T02:44:14+00:00
SAO_2028-10,São Paulo,3550308,True,,2263,,,-23.456948,-46.5865745,,,,1,2023-06-17T02:42:55+00:00
SAO_2028-10,São Paulo,3550308,True,,2263,,,-23.4355275,-46.5734135,,,,1,2023-06-17T02:42:13+00:00
SAO_6021-10,São Paulo,3550308,True,,32945,,,-23.791379499999998,-46.7271375,,,,2,2023-06-17T02:44:21+00:00
SAO_6021-10,São Paulo,3550308,True,,32945,,,-23.768802,-46.71633,,,,2,2023-06-17T02:44:35+00:00
SAO_9051-10,São Paulo,3550308,True,,34857,,,-23.5358545,-46.705278500000006,,,,2,2023-06-17T02:44:15+00:00
SAO_875C-1,São Paulo,3550308,True,,35278,,,-23.5508965,-46.707092,,,,2,2023-06-17T02:44:13+00:00
SAO_875C-1,São Paulo,3550308,True,,35278,,,-23.585817249999998,-46.67914675,,,,2,2023-06-17T02:43:58+00:00
SAO_875C-1,São Paulo,3550308,True,,35278,,,-23.520992749999998,-46.699836,,,,2,2023-06-17T02:43:56+00:00
SAO_875C-1,São Paulo,3550308,True,,35278,,,-23.60111075,-46.66289375,,,,2,2023-06-17T02:43:56+00:00
SAO_5129-41,São Paulo,3550308,True,,34742,,,-23.68053825,-46.63576575,,,,2,2023-06-17T02:44:20+00:00
SAO_5129-41,São Paulo,3550308,True,,34742,,,-23.681403,-46.638069,,,,2,2023-06-17T02:43:48+00:00
SAO_5129-41,São Paulo,3550308,True,,34742,,,-23.645371,-46.67331825000001,,,,2,2023-06-17T02:44:03+00:00
SAO_2702-10,São Paulo,3550308,True,,914,,,-23.509133999999996,-46.477671625,,,,1,2023-06-17T02:39:05+00:00
SAO_2702-10,São Paulo,3550308,True,,914,,,-23.494294,-46.4433315,,,,1,2023-06-17T02:44:17+00:00
SAO_3025-10,São Paulo,3550308,True,,961,,,-23.564494500000002,-46.408716999999996,,,,1,2023-06-17T02:44:21+00:00
SAO_3025-10,São Paulo,3550308,True,,961,,,-23.547549500000002,-46.411983,,,,1,2023-06-17T02:44:01+00:00
SAO_3025-10,São Paulo,3550308,True,,961,,,-23.5427145,-46.4149935,,,,1,2023-06-17T02:44:16+00:00
SAO_3025-10,São Paulo,3550308,True,,961,,,-23.5774585,-46.3974935,,,,1,2023-06-17T02:44:26+00:00
SAO_3025-10,São Paulo,3550308,True,,961,,,-23.569967,-46.398478,,,,1,2023-06-17T02:44:08+00:00
SAO_3025-10,São Paulo,3550308,True,,961,,,-23.564289000000002,-46.4139585,,,,1,2023-06-17T02:44:29+00:00
SAO_3746-31,São Paulo,3550308,True,,2097,,,-23.594817,-46.5027665,,,,1,2023-06-17T02:44:08+00:00
SAO_2720-31,São Paulo,3550308,True,,1842,,,-23.50807,-46.493142750000004,,,,1,2023-06-17T02:44:27+00:00
SAO_2720-31,São Paulo,3550308,True,,1842,,,-23.493471,-46.470558,,,,1,2023-06-17T02:44:29+00:00
SAO_7052-10,São Paulo,3550308,True,,34654,,,-23.652754,-46.773064500000004,,,,2,2023-06-17T02:43:59+00:00
SAO_7052-10,São Paulo,3550308,True,,34654,,,-23.6533545,-46.773467,,,,2,2023-06-17T02:44:16+00:00
SAO_7052-10,São Paulo,3550308,True,,34654,,,-23.6525575,-46.773193,,,,2,2023-06-17T02:44:39+00:00
SAO_7052-10,São Paulo,3550308,True,,34654,,,-23.651349,-46.77457,,,,2,2023-06-17T02:44:26+00:00
SAO_6043-10,São Paulo,3550308,True,,1220,,,-23.6507465,-46.7262685,,,,1,2023-06-17T02:44:30+00:00
SAO_119L-10,São Paulo,3550308,True,,35041,,,-23.507247625,-46.747178625,,,,2,2023-06-17T02:44:31+00:00
SAO_9015-10,São Paulo,3550308,True,,1269,,,-23.48789575,-46.71876325,,,,1,2023-06-17T02:44:04+00:00
SAO_9015-10,São Paulo,3550308,True,,1269,,,-23.469376,-46.713335,,,,1,2023-06-17T02:43:55+00:00
SAO_9015-10,São Paulo,3550308,True,,1269,,,-23.4697465,-46.71376,,,,1,2023-06-17T02:43:48+00:00
SAO_6825-10,São Paulo,3550308,True,,32782,,,-23.685214000000002,-46.800338999999994,,,,2,2023-06-17T02:44:30+00:00
SAO_6825-10,São Paulo,3550308,True,,32782,,,-23.676624500000003,-46.7926545,,,,2,2023-06-17T02:44:25+00:00
SAO_3053-10,São Paulo,3550308,True,,973,,,-23.571748749999998,-46.54904175,,,,1,2023-06-17T02:44:30+00:00
SAO_3053-10,São Paulo,3550308,True,,973,,,-23.55826725,-46.568239999999996,,,,1,2023-06-17T02:44:36+00:00
SAO_3053-10,São Paulo,3550308,True,,973,,,-23.585147999999997,-46.494602,,,,1,2023-06-17T02:44:29+00:00
SAO_3053-10,São Paulo,3550308,True,,973,,,-23.591944,-46.501512000000005,,,,1,2023-06-17T02:44:24+00:00
SAO_3053-10,São Paulo,3550308,True,,973,,,-23.585147999999997,-46.494602,,,,1,2023-06-17T02:39:25+00:00
SAO_8200-10,São Paulo,3550308,True,,34031,,,-23.503464,-46.7111625,,,,2,2023-06-17T02:44:05+00:00
SAO_8200-10,São Paulo,3550308,True,,34031,,,-23.52087225,-46.70017,,,,2,2023-06-17T02:44:37+00:00
SAO_5143-10,São Paulo,3550308,True,,1628,,,-23.602714499999998,-46.5162875,,,,1,2023-06-17T02:43:55+00:00
SAO_5143-10,São Paulo,3550308,True,,1628,,,-23.5690345,-46.60702275,,,,1,2023-06-17T02:44:30+00:00
SAO_5143-10,São Paulo,3550308,True,,1628,,,-23.614242,-46.501176,,,,1,2023-06-17T02:44:35+00:00
SAO_5143-10,São Paulo,3550308,True,,1628,,,-23.543121499999998,-46.627602499999995,,,,1,2023-06-17T02:42:28+00:00
SAO_8538-10,São Paulo,3550308,True,,34127,,,-23.478307,-46.7071265,,,,2,2023-06-17T02:44:10+00:00
SAO_8538-10,São Paulo,3550308,True,,34127,,,-23.479321249999998,-46.71280375,,,,2,2023-06-17T02:43:54+00:00
SAO_4708-10,São Paulo,3550308,True,EMTU,332,https://moovitapp.com/index/pt-br/transporte_p%C3%BAblico-line-332-Sao_Paulo-242-2038937-36419418-0,4.5,-23.63069,-46.6043355,,,,1,2023-06-17T02:44:37+00:00
SAO_6823-10,São Paulo,3550308,True,,32802,,,-23.659830499999998,-46.76968,,,,2,2023-06-17T02:44:22+00:00
SAO_6823-10,São Paulo,3550308,True,,32802,,,-23.6919635,-46.7907745,,,,2,2023-06-17T02:44:15+00:00
SAO_775P-10,São Paulo,3550308,True,EMTU,507,https://moovitapp.com/index/pt-br/transporte_p%C3%BAblico-line-507-Sao_Paulo-242-2038937-36419529-0,5.65,-23.55622725,-46.662549500000004,,,,1,2023-06-17T02:44:38+00:00
SAO_709A-10,São Paulo,3550308,True,,34860,,,-23.613292,-46.696059500000004,,,,2,2023-06-17T02:44:10+00:00
SAO_709A-10,São Paulo,3550308,True,,34860,,,-23.584993375000003,-46.637002249999995,,,,2,2023-06-17T02:44:30+00:00
SAO_709A-10,São Paulo,3550308,True,,34860,,,-23.6129235,-46.6957445,,,,2,2023-06-17T02:44:28+00:00
SAO_709A-10,São Paulo,3550308,True,,34860,,,-23.5867315,-46.674197500000005,,,,2,2023-06-17T02:44:33+00:00
SAO_7545-10,São Paulo,3550308,True,,504,,,-23.564823500000003,-46.67882675,,,,1,2023-06-17T02:44:01+00:00
SAO_7545-10,São Paulo,3550308,True,,504,,,-23.596984499999998,-46.7814835,,,,1,2023-06-17T02:44:00+00:00
SAO_7545-10,São Paulo,3550308,True,,504,,,-23.5853465,-46.738911,,,,1,2023-06-17T02:44:00+00:00
SAO_6L02-10,São Paulo,3550308,True,,1178,,,-23.88648475,-46.74460825,,,,1,2023-06-17T02:44:24+00:00
SAO_4092-10,São Paulo,3550308,True,,34644,,,-23.5830225,-46.4086875,,,,2,2023-06-17T02:44:11+00:00
SAO_4092-10,São Paulo,3550308,True,,34644,,,-23.582262,-46.41591,,,,2,2023-06-17T02:43:56+00:00
SAO_4092-10,São Paulo,3550308,True,,34644,,,-23.5829765,-46.40796,,,,2,2023-06-17T02:44:26+00:00
SAO_3009-10,São Paulo,3550308,True,,2526,,,-23.4941615,-46.400386,,,,1,2023-06-17T02:44:11+00:00
SAO_9051-10,São Paulo,3550308,True,,2089,,,-23.560295,-46.695999125,,,,1,2023-06-17T02:44:35+00:00
SAO_9051-10,São Paulo,3550308,True,,2089,,,-23.56555875,-46.7010795,,,,1,2023-06-17T02:44:24+00:00
SAO_9051-10,São Paulo,3550308,True,,2089,,,-23.521696499999997,-46.700765000000004,,,,1,2023-06-17T02:44:37+00:00
SAO_9051-10,São Paulo,3550308,True,,2089,,,-23.565859,-46.7013775,,,,1,2023-06-17T02:44:36+00:00
SAO_701H-10,São Paulo,3550308,True,,35326,,,-23.701099499999998,-46.7487645,,,,2,2023-06-17T02:44:04+00:00
SAO_4085-10,São Paulo,3550308,True,,2156,,,-23.5634835,-46.4287815,,,,1,2023-06-17T02:41:36+00:00
SAO_4085-10,São Paulo,3550308,True,,2156,,,-23.544293500000002,-46.464736,,,,1,2023-06-17T02:44:09+00:00
SAO_8043-10,São Paulo,3550308,True,,33175,,,-23.475309,-46.756263000000004,,,,2,2023-06-17T02:44:08+00:00
SAO_8600-22,São Paulo,3550308,True,,34822,,,-23.54222525,-46.6382325,,,,2,2023-06-17T02:44:13+00:00
SAO_8600-22,São Paulo,3550308,True,,34822,,,-23.543515,-46.6379685,,,,2,2023-06-17T02:44:28+00:00
SAO_5370-21,São Paulo,3550308,True,,34319,,,-23.750782,-46.710551,,,,2,2023-06-17T02:44:20+00:00
SAO_5370-21,São Paulo,3550308,True,,34319,,,-23.7669475,-46.7164815,,,,2,2023-06-17T02:44:35+00:00
SAO_6823-10,São Paulo,3550308,True,,34,,,-23.692428,-46.7871445,,,,1,2023-06-17T02:44:38+00:00
SAO_6804-10,São Paulo,3550308,True,BR7 Mobilidade,30,https://moovitapp.com/index/pt-br/transporte_p%C3%BAblico-line-30-Sao_Paulo-242-851856-500112-0,5.75,-23.6420645,-46.739935,,,,1,2023-06-17T02:44:38+00:00
SAO_2123-10,São Paulo,3550308,True,,33460,,,-23.4886805,-46.582163,,,,2,2023-06-17T02:44:19+00:00
SAO_2123-10,São Paulo,3550308,True,,33460,,,-23.499913,-46.5914415,,,,2,2023-06-17T02:44:06+00:00
SAO_2123-10,São Paulo,3550308,True,,33460,,,-23.488902500000002,-46.5819175,,,,2,2023-06-17T02:44:36+00:00
SAO_2123-10,São Paulo,3550308,True,,33460,,,-23.488902500000002,-46.5819175,,,,2,2023-06-17T02:44:23+00:00
SAO_2123-10,São Paulo,3550308,True,,33460,,,-23.519226125000003,-46.609812250000004,,,,2,2023-06-17T02:44:16+00:00
SAO_5025-10,São Paulo,3550308,True,,1564,,,-23.601644,-46.547207,,,,1,2023-06-17T02:44:29+00:00
SAO_8319-10,São Paulo,3550308,True,,476,,,-23.5471285,-46.76075,,,,1,2023-06-17T02:44:01+00:00
SAO_8319-10,São Paulo,3550308,True,,476,,,-23.53233375,-46.718114,,,,1,2023-06-17T02:44:19+00:00
SAO_2008-10,São Paulo,3550308,True,,33665,,,-23.5143645,-46.3904365,,,,2,2023-06-17T02:44:37+00:00
SAO_2008-10,São Paulo,3550308,True,,33665,,,-23.52114525,-46.38738525,,,,2,2023-06-17T02:39:52+00:00
SAO_2008-10,São Paulo,3550308,True,,33665,,,-23.52114525,-46.38738525,,,,2,2023-06-17T02:44:25+00:00
SAO_1759-10,São Paulo,3550308,True,,553,,,-23.4944455,-46.625870500000005,,,,1,2023-06-17T02:42:39+00:00
SAO_1759-10,São Paulo,3550308,True,,553,,,-23.46025525,-46.64345025,,,,1,2023-06-17T02:40:30+00:00
SAO_4742-10,São Paulo,3550308,True,,33110,,,-23.619507,-46.63885487500001,,,,2,2023-06-17T02:44:21+00:00
SAO_6044-10,São Paulo,3550308,True,,1221,,,-23.638312125000002,-46.720681375,,,,1,2023-06-17T02:44:04+00:00
SAO_6044-10,São Paulo,3550308,True,,1221,,,-23.648301,-46.7487645,,,,1,2023-06-17T02:44:30+00:00
SAO_6044-10,São Paulo,3550308,True,,1221,,,-23.666840999999998,-46.783510500000006,,,,1,2023-06-17T02:44:37+00:00
SAO_6044-10,São Paulo,3550308,True,,1221,,,-23.651578750000002,-46.7089575,,,,1,2023-06-17T02:44:23+00:00
SAO_4004-10,São Paulo,3550308,True,,2178,,,-23.5833935,-46.4076395,,,,1,2023-06-17T02:44:18+00:00
SAO_4004-10,São Paulo,3550308,True,,2178,,,-23.583349,-46.406921,,,,1,2023-06-17T02:44:38+00:00
SAO_4004-10,São Paulo,3550308,True,,2178,,,-23.588135,-46.396120499999995,,,,1,2023-06-17T02:44:11+00:00
SAO_6818-10,São Paulo,3550308,True,,32796,,,-23.6478395,-46.7724685,,,,2,2023-06-17T02:44:17+00:00
SAO_6801-51,São Paulo,3550308,True,,1774,,,-23.643927,-46.7328295,,,,1,2023-06-17T02:44:20+00:00
SAO_3903-10,São Paulo,3550308,True,,1471,,,-23.525825500000003,-46.4637455,,,,1,2023-06-17T02:44:06+00:00
SAO_6232-10,São Paulo,3550308,True,,33251,,,-23.54590575,-46.708266,,,,2,2023-06-17T02:44:36+00:00
SAO_4032-10,São Paulo,3550308,True,,1102,,,-23.622821875,-46.626912875,,,,1,2023-06-17T02:44:36+00:00
SAO_4032-10,São Paulo,3550308,True,,1102,,,-23.603496125,-46.64460075,,,,1,2023-06-17T02:44:31+00:00
SAO_875C-10,São Paulo,3550308,True,EMTU,478,https://moovitapp.com/index/pt-br/transporte_p%C3%BAblico-line-478-Sao_Paulo-242-2038937-36419510-0,6.25,-23.536622,-46.719496,,,,1,2023-06-17T02:43:18+00:00
SAO_875C-10,São Paulo,3550308,True,EMTU,478,https://moovitapp.com/index/pt-br/transporte_p%C3%BAblico-line-478-Sao_Paulo-242-2038937-36419510-0,6.25,-23.5201835,-46.699305499999994,,,,1,2023-06-17T02:44:39+00:00
SAO_875C-10,São Paulo,3550308,True,EMTU,478,https://moovitapp.com/index/pt-br/transporte_p%C3%BAblico-line-478-Sao_Paulo-242-2038937-36419510-0,6.25,-23.55784,-46.698625,,,,1,2023-06-17T02:44:22+00:00
SAO_875C-10,São Paulo,3550308,True,EMTU,478,https://moovitapp.com/index/pt-br/transporte_p%C3%BAblico-line-478-Sao_Paulo-242-2038937-36419510-0,6.25,-23.602689125,-46.664384125,,,,1,2023-06-17T02:44:31+00:00
SAO_4288-10,São Paulo,3550308,True,Cidade de Caieiras,290,https://moovitapp.com/index/pt-br/transporte_p%C3%BAblico-line-290-Sao_Paulo-242-868761-496416-0,5.0,-23.61188675,-46.525380999999996,,,,1,2023-06-17T02:44:11+00:00
SAO_4288-10,São Paulo,3550308,True,Cidade de Caieiras,290,https://moovitapp.com/index/pt-br/transporte_p%C3%BAblico-line-290-Sao_Paulo-242-868761-496416-0,5.0,-23.578673625,-46.592583125000004,,,,1,2023-06-17T02:43:56+00:00
SAO_6052-10,São Paulo,3550308,True,,1144,,,-23.7676725,-46.7163155,,,,1,2023-06-17T02:44:02+00:00
SAO_6052-10,São Paulo,3550308,True,,1144,,,-23.7645105,-46.6958585,,,,1,2023-06-17T02:44:00+00:00
SAO_8077-10,São Paulo,3550308,True,,34818,,,-23.589543,-46.767231499999994,,,,2,2023-06-17T02:44:34+00:00
SAO_8077-10,São Paulo,3550308,True,,34818,,,-23.601478,-46.791829,,,,2,2023-06-17T02:44:26+00:00
SAO_177Y-10,São Paulo,3550308,True,,867,,,-23.565247999999997,-46.696033,,,,1,2023-06-17T02:44:02+00:00
SAO_177Y-10,São Paulo,3550308,True,,867,,,-23.526598625,-46.670755625,,,,1,2023-06-17T02:43:57+00:00
SAO_4115-10,São Paulo,3550308,True,EMTU,322,https://moovitapp.com/index/pt-br/transporte_p%C3%BAblico-line-322-Sao_Paulo-242-2038937-36419412-0,6.2,-23.553131,-46.633187500000005,,,,1,2023-06-17T02:44:29+00:00
SAO_1703-10,São Paulo,3550308,True,,847,,,-23.4404255,-46.577217000000005,,,,1,2023-06-17T02:40:50+00:00
SAO_1703-10,São Paulo,3550308,True,,847,,,-23.430699500000003,-46.573944499999996,,,,1,2023-06-17T02:44:25+00:00
SAO_1703-10,São Paulo,3550308,True,,847,,,-23.488027,-46.609438,,,,1,2023-06-17T02:44:19+00:00
SAO_8028-10,São Paulo,3550308,True,,2532,,,-23.5838385,-46.7240595,,,,1,2023-06-17T02:44:18+00:00
SAO_8028-10,São Paulo,3550308,True,,2532,,,-23.608846874999998,-46.7070935,,,,1,2023-06-17T02:44:38+00:00
SAO_8677-10,São Paulo,3550308,True,EMTU,443,https://moovitapp.com/index/pt-br/transporte_p%C3%BAblico-line-443-Sao_Paulo-242-2038937-36419491-0,5.4,-23.50072,-46.7474555,,,,1,2023-06-17T02:44:10+00:00
SAO_8677-10,São Paulo,3550308,True,EMTU,443,https://moovitapp.com/index/pt-br/transporte_p%C3%BAblico-line-443-Sao_Paulo-242-2038937-36419491-0,5.4,-23.483289499999998,-46.754857,,,,1,2023-06-17T02:44:27+00:00
SAO_8677-10,São Paulo,3550308,True,EMTU,443,https://moovitapp.com/index/pt-br/transporte_p%C3%BAblico-line-443-Sao_Paulo-242-2038937-36419491-0,5.4,-23.52046075,-46.721249,,,,1,2023-06-17T02:43:55+00:00
SAO_8677-10,São Paulo,3550308,True,EMTU,443,https://moovitapp.com/index/pt-br/transporte_p%C3%BAblico-line-443-Sao_Paulo-242-2038937-36419491-0,5.4,-23.542786,-46.6384895,,,,1,2023-06-17T02:44:24+00:00
SAO_2772-10,São Paulo,3550308,True,,398,,,-23.521471499999997,-46.528538499999996,,,,1,2023-06-17T02:43:55+00:00
SAO_6039-21,São Paulo,3550308,True,,35261,,,-23.662627,-46.78067125,,,,2,2023-06-17T02:44:26+00:00
SAO_6039-21,São Paulo,3550308,True,,35261,,,-23.654044,-46.7630505,,,,2,2023-06-17T02:44:40+00:00
SAO_208V-10,São Paulo,3550308,True,Rápido Campinas,207,https://moovitapp.com/index/pt-br/transporte_p%C3%BAblico-line-207-Sao_Paulo-242-858660-638984-0,5.3,-23.510844249999998,-46.508745000000005,,,,1,2023-06-17T02:44:24+00:00
SAO_208V-10,São Paulo,3550308,True,Rápido Campinas,207,https://moovitapp.com/index/pt-br/transporte_p%C3%BAblico-line-207-Sao_Paulo-242-858660-638984-0,5.3,-23.547219,-46.6295935,,,,1,2023-06-17T02:43:58+00:00
SAO_208V-10,São Paulo,3550308,True,Rápido Campinas,207,https://moovitapp.com/index/pt-br/transporte_p%C3%BAblico-line-207-Sao_Paulo-242-858660-638984-0,5.3,-23.5314755,-46.5591195,,,,1,2023-06-17T02:41:45+00:00
SAO_208V-10,São Paulo,3550308,True,Rápido Campinas,207,https://moovitapp.com/index/pt-br/transporte_p%C3%BAblico-line-207-Sao_Paulo-242-858660-638984-0,5.3,-23.53601675,-46.5862195,,,,1,2023-06-17T02:44:34+00:00
SAO_208V-10,São Paulo,3550308,True,Rápido Campinas,207,https://moovitapp.com/index/pt-br/transporte_p%C3%BAblico-line-207-Sao_Paulo-242-858660-638984-0,5.3,-23.517753,-46.475941500000005,,,,1,2023-06-17T02:44:38+00:00
SAO_6045-21,São Paulo,3550308,True,,34932,,,-23.665391,-46.7707355,,,,2,2023-06-17T02:44:23+00:00
SAO_6045-21,São Paulo,3550308,True,,34932,,,-23.690600500000002,-46.7911055,,,,2,2023-06-17T02:43:57+00:00
SAO_6045-21,São Paulo,3550308,True,,34932,,,-23.698768,-46.796265500000004,,,,2,2023-06-17T02:44:17+00:00
SAO_3006-10,São Paulo,3550308,True,,34633,,,-23.547792,-46.390069,,,,2,2023-06-17T02:44:22+00:00
SAO_3006-10,São Paulo,3550308,True,,34633,,,-23.548008000000003,-46.390071,,,,2,2023-06-17T02:43:58+00:00
SAO_3006-10,São Paulo,3550308,True,,34633,,,-23.547792,-46.390069,,,,2,2023-06-17T02:44:12+00:00
SAO_1738-10,São Paulo,3550308,True,,672,,,-23.486397,-46.608689749999996,,,,1,2023-06-17T02:44:29+00:00
SAO_1738-10,São Paulo,3550308,True,,672,,,-23.474033,-46.581053499999996,,,,1,2023-06-17T02:44:03+00:00
SAO_5030-10,São Paulo,3550308,True,,1669,,,-23.639109249999997,-46.596537,,,,1,2023-06-17T02:43:53+00:00
SAO_1026-10,São Paulo,3550308,True,,2306,,,-23.471501,-46.708991,,,,1,2023-06-17T02:44:28+00:00
SAO_7411-10,São Paulo,3550308,True,,1376,,,-23.56376825,-46.67682175,,,,1,2023-06-17T02:44:17+00:00
SAO_4031-10,São Paulo,3550308,True,,33869,,,-23.57983275,-46.572207999999996,,,,2,2023-06-17T02:44:27+00:00
SAO_4031-10,São Paulo,3550308,True,,33869,,,-23.605551499999997,-46.521150750000004,,,,2,2023-06-17T02:44:26+00:00
SAO_4031-10,São Paulo,3550308,True,,33869,,,-23.614389,-46.516954,,,,2,2023-06-17T02:44:10+00:00
SAO_4031-10,São Paulo,3550308,True,,33869,,,-23.592959999999998,-46.546436,,,,2,2023-06-17T02:44:10+00:00
SAO_4031-10,São Paulo,3550308,True,,33869,,,-23.58886975,-46.58873975,,,,2,2023-06-17T02:44:07+00:00
SAO_4031-10,São Paulo,3550308,True,,33869,,,-23.6141885,-46.517275999999995,,,,2,2023-06-17T02:44:30+00:00
SAO_1701-21,São Paulo,3550308,True,,2476,,,-23.4669645,-46.589884999999995,,,,1,2023-06-17T02:44:08+00:00
SAO_1019-10,São Paulo,3550308,True,,2495,,,-23.483241,-46.74168,,,,1,2023-06-17T02:44:31+00:00
SAO_6803-10,São Paulo,3550308,True,,32797,,,-23.643827,-46.734452000000005,,,,2,2023-06-17T02:44:37+00:00
SAO_6803-10,São Paulo,3550308,True,,32797,,,-23.65997,-46.745471249999994,,,,2,2023-06-17T02:44:26+00:00
SAO_3032-10,São Paulo,3550308,True,STT,720,https://moovitapp.com/index/pt-br/transporte_p%C3%BAblico-line-720-Sao_Paulo-242-850661-183345-0,5.3,-23.558674,-46.522539,,,,1,2023-06-17T02:44:38+00:00
SAO_3032-10,São Paulo,3550308,True,STT,720,https://moovitapp.com/index/pt-br/transporte_p%C3%BAblico-line-720-Sao_Paulo-242-850661-183345-0,5.3,-23.564242999999998,-46.5138835,,,,1,2023-06-17T02:44:16+00:00
SAO_5026-10,São Paulo,3550308,True,,34403,,,-23.605762,-46.4968415,,,,2,2023-06-17T02:41:21+00:00
SAO_5022-10,São Paulo,3550308,True,,1120,,,-23.6480225,-46.641234999999995,,,,1,2023-06-17T02:44:20+00:00
SAO_5022-10,São Paulo,3550308,True,,1120,,,-23.671036,-46.643576749999994,,,,1,2023-06-17T02:43:34+00:00
SAO_6039-21,São Paulo,3550308,True,,2493,,,-23.668273,-46.784604,,,,1,2023-06-17T02:44:38+00:00
SAO_6039-21,São Paulo,3550308,True,,2493,,,-23.6550515,-46.762732,,,,1,2023-06-17T02:44:24+00:00
SAO_9653-10,São Paulo,3550308,True,,33356,,,-23.474802500000003,-46.66820249999999,,,,2,2023-06-17T02:44:10+00:00
SAO_9653-10,São Paulo,3550308,True,,33356,,,-23.4580645,-46.6433105,,,,2,2023-06-17T02:44:36+00:00
SAO_9653-10,São Paulo,3550308,True,,33356,,,-23.4580645,-46.6433105,,,,2,2023-06-17T02:44:26+00:00
SAO_9653-10,São Paulo,3550308,True,,33356,,,-23.504385749999997,-46.67271925,,,,2,2023-06-17T02:44:21+00:00
SAO_9653-10,São Paulo,3550308,True,,33356,,,-23.469587500000003,-46.6649085,,,,2,2023-06-17T02:44:23+00:00
SAO_9653-10,São Paulo,3550308,True,,33356,,,-23.4580645,-46.6433105,,,,2,2023-06-17T02:44:07+00:00
SAO_9301-10,São Paulo,3550308,True,,33226,,,-23.495928,-46.662061,,,,2,2023-06-17T02:44:13+00:00
SAO_9301-10,São Paulo,3550308,True,,33226,,,-23.4959565,-46.6621375,,,,2,2023-06-17T02:44:30+00:00
SAO_9301-10,São Paulo,3550308,True,,33226,,,-23.503939000000003,-46.656349500000005,,,,2,2023-06-17T02:44:26+00:00
SAO_3021-10,São Paulo,3550308,True,STT,276,https://moovitapp.com/index/pt-br/transporte_p%C3%BAblico-line-276-Sao_Paulo-242-850661-183276-0,5.3,-23.58105725,-46.55611775,,,,1,2023-06-17T02:44:28+00:00
SAO_519M-10,São Paulo,3550308,True,,34979,,,-23.613173500000002,-46.482603499999996,,,,2,2023-06-17T02:44:23+00:00
SAO_519M-10,São Paulo,3550308,True,,34979,,,-23.579923875000002,-46.606912125,,,,2,2023-06-17T02:44:25+00:00
SAO_519M-10,São Paulo,3550308,True,,34979,,,-23.613173500000002,-46.482603499999996,,,,2,2023-06-17T02:42:11+00:00
SAO_519M-10,São Paulo,3550308,True,,34979,,,-23.59078975,-46.570348499999994,,,,2,2023-06-17T02:44:23+00:00
SAO_2709-31,São Paulo,3550308,True,,33691,,,-23.529722,-46.500626,,,,2,2023-06-17T02:44:13+00:00
SAO_2709-31,São Paulo,3550308,True,,33691,,,-23.5296685,-46.500479,,,,2,2023-06-17T02:44:34+00:00
SAO_2709-31,São Paulo,3550308,True,,33691,,,-23.5200645,-46.4798915,,,,2,2023-06-17T02:44:37+00:00
SAO_2709-31,São Paulo,3550308,True,,33691,,,-23.5200645,-46.4798915,,,,2,2023-06-17T02:44:24+00:00
SAO_4056-10,São Paulo,3550308,True,,35005,,,-23.6140855,-46.476655,,,,2,2023-06-17T02:44:38+00:00
SAO_4056-10,São Paulo,3550308,True,,35005,,,-23.606942,-46.4511915,,,,2,2023-06-17T02:44:17+00:00
SAO_272N-10,São Paulo,3550308,True,,33473,,,-23.531459499999997,-46.61039675,,,,2,2023-06-17T02:44:06+00:00
SAO_272N-10,São Paulo,3550308,True,,33473,,,-23.5493125,-46.629169000000005,,,,2,2023-06-17T02:44:10+00:00
SAO_272N-10,São Paulo,3550308,True,,33473,,,-23.509337,-46.562402500000005,,,,2,2023-06-17T02:44:16+00:00
SAO_272N-10,São Paulo,3550308,True,,33473,,,-23.5120595,-46.5631845,,,,2,2023-06-17T02:44:33+00:00
SAO_778J-10,São Paulo,3550308,True,EMTU,508,https://moovitapp.com/index/pt-br/transporte_p%C3%BAblico-line-508-Sao_Paulo-242-2038937-36419530-0,5.65,-23.55070475,-46.67728725,,,,1,2023-06-17T02:44:08+00:00
SAO_778J-10,São Paulo,3550308,True,EMTU,508,https://moovitapp.com/index/pt-br/transporte_p%C3%BAblico-line-508-Sao_Paulo-242-2038937-36419530-0,5.65,-23.572649999999996,-46.72327262500001,,,,1,2023-06-17T02:44:18+00:00
SAO_271F-10,São Paulo,3550308,True,,683,,,-23.541884,-46.589738,,,,1,2023-06-17T02:43:59+00:00
SAO_271F-10,São Paulo,3550308,True,,683,,,-23.527045,-46.612174,,,,1,2023-06-17T02:43:55+00:00
SAO_271F-10,São Paulo,3550308,True,,683,,,-23.5420145,-46.589681,,,,1,2023-06-17T02:43:56+00:00
SAO_8047-41,São Paulo,3550308,True,STT,410,https://moovitapp.com/index/pt-br/transporte_p%C3%BAblico-line-410-Sao_Paulo-242-850661-183302-0,5.3,-23.5374155,-46.720957,,,,1,2023-06-17T02:44:28+00:00
SAO_1758-10,São Paulo,3550308,True,EMTU,552,https://moovitapp.com/index/pt-br/transporte_p%C3%BAblico-line-552-Sao_Paulo-242-2038937-36419556-0,6.8,-23.4650805,-46.636273,,,,1,2023-06-17T02:44:38+00:00
SAO_1758-10,São Paulo,3550308,True,EMTU,552,https://moovitapp.com/index/pt-br/transporte_p%C3%BAblico-line-552-Sao_Paulo-242-2038937-36419556-0,6.8,-23.503788375,-46.624660500000005,,,,1,2023-06-17T02:44:17+00:00
SAO_1758-10,São Paulo,3550308,True,EMTU,552,https://moovitapp.com/index/pt-br/transporte_p%C3%BAblico-line-552-Sao_Paulo-242-2038937-36419556-0,6.8,-23.4662625,-46.6319465,,,,1,2023-06-17T02:41:23+00:00
SAO_7062-31,São Paulo,3550308,True,,34682,,,-23.6463475,-46.7730035,,,,2,2023-06-17T02:44:27+00:00
SAO_7062-31,São Paulo,3550308,True,,34682,,,-23.6463475,-46.7730035,,,,2,2023-06-17T02:44:39+00:00
SAO_9162-10,São Paulo,3550308,True,,34133,,,-23.472202000000003,-46.6830555,,,,2,2023-06-17T02:44:14+00:00
SAO_9162-10,São Paulo,3550308,True,,34133,,,-23.486144000000003,-46.660792,,,,2,2023-06-17T02:44:20+00:00
SAO_407M-10,São Paulo,3550308,True,,33086,,,-23.5757655,-46.6136105,,,,2,2023-06-17T02:44:32+00:00
SAO_7725-10,São Paulo,3550308,True,EMTU,472,https://moovitapp.com/index/pt-br/transporte_p%C3%BAblico-line-472-Sao_Paulo-242-2038937-36419508-0,35.0,-23.5678485,-46.765575999999996,,,,1,2023-06-17T02:44:22+00:00
SAO_7725-10,São Paulo,3550308,True,EMTU,472,https://moovitapp.com/index/pt-br/transporte_p%C3%BAblico-line-472-Sao_Paulo-242-2038937-36419508-0,35.0,-23.549268750000003,-46.70996025,,,,1,2023-06-17T02:44:27+00:00
SAO_209P-1,São Paulo,3550308,True,,35069,,,-23.533675000000002,-46.6746565,,,,2,2023-06-17T02:44:25+00:00
SAO_209P-1,São Paulo,3550308,True,,35069,,,-23.515124999999998,-46.6902365,,,,2,2023-06-17T02:44:28+00:00
SAO_209P-1,São Paulo,3550308,True,,35069,,,-23.566659,-46.701728,,,,2,2023-06-17T02:44:30+00:00
SAO_6822-10,São Paulo,3550308,True,Del Rey,22,https://moovitapp.com/index/pt-br/transporte_p%C3%BAblico-line-22-Sao_Paulo-242-868760-496394-0,4.5,-23.649015,-46.791529499999996,,,,1,2023-06-17T02:44:02+00:00
SAO_6822-10,São Paulo,3550308,True,Del Rey,22,https://moovitapp.com/index/pt-br/transporte_p%C3%BAblico-line-22-Sao_Paulo-242-868760-496394-0,4.5,-23.658801,-46.7748385,,,,1,2023-06-17T02:44:34+00:00
SAO_8600-10,São Paulo,3550308,True,,34200,,,-23.532787874999997,-46.645032625,,,,2,2023-06-17T02:44:26+00:00
SAO_8600-10,São Paulo,3550308,True,,34200,,,-23.484431999999998,-46.722892,,,,2,2023-06-17T02:44:03+00:00
SAO_8600-10,São Paulo,3550308,True,,34200,,,-23.502074999999998,-46.706272,,,,2,2023-06-17T02:44:35+00:00
SAO_8600-10,São Paulo,3550308,True,,34200,,,-23.5151395,-46.6895795,,,,2,2023-06-17T02:44:36+00:00
SAO_2767-10,São Paulo,3550308,True,,33009,,,-23.5077375,-46.4912295,,,,2,2023-06-17T02:44:04+00:00
SAO_7281-10,São Paulo,3550308,True,,1334,,,-23.521652,-46.702393,,,,1,2023-06-17T02:44:28+00:00
SAO_7281-10,São Paulo,3550308,True,,1334,,,-23.554392999999997,-46.670265,,,,1,2023-06-17T02:43:23+00:00
SAO_7281-10,São Paulo,3550308,True,,1334,,,-23.540299500000003,-46.7036645,,,,1,2023-06-17T02:44:30+00:00
SAO_6075-10,São Paulo,3550308,True,,1162,,,-23.767886500000003,-46.7165485,,,,1,2023-06-17T02:44:06+00:00
SAO_675A-10,São Paulo,3550308,True,,1318,,,-23.6282445,-46.663489999999996,,,,1,2023-06-17T02:44:19+00:00
SAO_675A-10,São Paulo,3550308,True,,1318,,,-23.662312,-46.756093,,,,1,2023-06-17T02:44:21+00:00
SAO_675A-10,São Paulo,3550308,True,,1318,,,-23.6495425,-46.7327065,,,,1,2023-06-17T02:44:38+00:00
SAO_675A-10,São Paulo,3550308,True,,1318,,,-23.6268265,-46.641375,,,,1,2023-06-17T02:44:30+00:00
SAO_5035-10,São Paulo,3550308,True,,1668,,,-23.627169,-46.594247499999994,,,,1,2023-06-17T02:44:09+00:00
SAO_5035-10,São Paulo,3550308,True,,1668,,,-23.602926,-46.6020545,,,,1,2023-06-17T02:44:09+00:00
SAO_1775-10,São Paulo,3550308,True,,33406,,,-23.51453,-46.616088,,,,2,2023-06-17T02:44:16+00:00
SAO_1775-10,São Paulo,3550308,True,,33406,,,-23.447253500000002,-46.609464,,,,2,2023-06-17T02:44:26+00:00
SAO_1775-10,São Paulo,3550308,True,,33406,,,-23.4701605,-46.630424500000004,,,,2,2023-06-17T02:44:30+00:00
SAO_3003-10,São Paulo,3550308,True,,1797,,,-23.481734,-46.408046,,,,1,2023-06-17T02:44:02+00:00
SAO_407K-10,São Paulo,3550308,True,,34936,,,-23.5766055,-46.5020475,,,,2,2023-06-17T02:44:23+00:00
SAO_407K-10,São Paulo,3550308,True,,34936,,,-23.613653,-46.4766475,,,,2,2023-06-17T02:43:55+00:00
SAO_2709-10,São Paulo,3550308,True,,922,,,-23.5325045,-46.494698,,,,1,2023-06-17T02:44:07+00:00
SAO_2709-10,São Paulo,3550308,True,,922,,,-23.529814000000002,-46.5011675,,,,1,2023-06-17T02:44:09+00:00
SAO_3015-10,São Paulo,3550308,True,,35222,,,-23.479516375,-46.385100625,,,,2,2023-06-17T02:44:33+00:00
SAO_6L03-10,São Paulo,3550308,True,,34333,,,-23.87984825,-46.777814750000005,,,,2,2023-06-17T02:44:21+00:00
SAO_8700-10,São Paulo,3550308,True,,1877,,,-23.548438125,-46.650367875,,,,1,2023-06-17T02:44:41+00:00
SAO_8700-10,São Paulo,3550308,True,,1877,,,-23.553493000000003,-46.66007975,,,,1,2023-06-17T02:44:28+00:00
SAO_8700-10,São Paulo,3550308,True,,1877,,,-23.5774425,-46.707984749999994,,,,1,2023-06-17T02:44:41+00:00
SAO_8700-10,São Paulo,3550308,True,,1877,,,-23.610286000000002,-46.752301,,,,1,2023-06-17T02:44:08+00:00
SAO_1757-10,São Paulo,3550308,True,,548,,,-23.4658535,-46.636955,,,,1,2023-06-17T02:43:57+00:00
SAO_5110-24,São Paulo,3550308,True,,35227,,,-23.5956655,-46.537614500000004,,,,2,2023-06-17T02:44:35+00:00
SAO_9012-10,São Paulo,3550308,True,,34036,,,-23.50225575,-46.686184499999996,,,,2,2023-06-17T02:44:13+00:00
SAO_3735-10,São Paulo,3550308,True,,33803,,,-23.5460205,-46.501273499999996,,,,2,2023-06-17T02:44:22+00:00
SAO_3735-10,São Paulo,3550308,True,,33803,,,-23.543638,-46.492011000000005,,,,2,2023-06-17T02:44:30+00:00
SAO_6L11-10,São Paulo,3550308,True,,33935,,,-23.7562055,-46.670068,,,,2,2023-06-17T02:44:38+00:00
SAO_6L11-10,São Paulo,3550308,True,,33935,,,-23.735712499999998,-46.69611125,,,,2,2023-06-17T02:44:02+00:00
SAO_6L11-10,São Paulo,3550308,True,,33935,,,-23.8015015,-46.62784,,,,2,2023-06-17T02:44:32+00:00
SAO_6L11-10,São Paulo,3550308,True,,33935,,,-23.8016045,-46.627521,,,,2,2023-06-17T02:44:26+00:00
SAO_4025-10,São Paulo,3550308,True,,33863,,,-23.582989249999997,-46.571489,,,,2,2023-06-17T02:44:03+00:00
SAO_4025-10,São Paulo,3550308,True,,33863,,,-23.5539225,-46.577068499999996,,,,2,2023-06-17T02:44:12+00:00
SAO_4025-10,São Paulo,3550308,True,,33863,,,-23.606991,-46.555574500000006,,,,2,2023-06-17T02:44:31+00:00
SAO_4025-10,São Paulo,3550308,True,,33863,,,-23.595524500000003,-46.5551765,,,,2,2023-06-17T02:44:29+00:00
SAO_4025-10,São Paulo,3550308,True,,33863,,,-23.607989375000002,-46.553975375,,,,2,2023-06-17T02:44:13+00:00
SAO_4025-10,São Paulo,3550308,True,,33863,,,-23.58136425,-46.58391400000001,,,,2,2023-06-17T02:44:02+00:00
SAO_4025-10,São Paulo,3550308,True,,33863,,,-23.607989375000002,-46.553975375,,,,2,2023-06-17T02:44:29+00:00
SAO_2713-10,São Paulo,3550308,True,,32988,,,-23.519092999999998,-46.558544999999995,,,,2,2023-06-17T02:41:49+00:00
SAO_7054-10,São Paulo,3550308,True,,32809,,,-23.651447,-46.790718,,,,2,2023-06-17T02:44:11+00:00
SAO_7054-10,São Paulo,3550308,True,,32809,,,-23.6323625,-46.7722555,,,,2,2023-06-17T02:43:57+00:00
SAO_8030-10,São Paulo,3550308,True,,2562,,,-23.59203575,-46.735672,,,,1,2023-06-17T02:44:23+00:00
SAO_8030-10,São Paulo,3550308,True,,2562,,,-23.605259,-46.7257905,,,,1,2023-06-17T02:44:13+00:00
SAO_8043-10,São Paulo,3550308,True,,407,,,-23.522560249999998,-46.70887625,,,,1,2023-06-17T02:44:25+00:00
SAO_8043-10,São Paulo,3550308,True,,407,,,-23.483317,-46.7419395,,,,1,2023-06-17T02:44:31+00:00
SAO_6L03-10,São Paulo,3550308,True,,1565,,,-23.827983,-46.727349000000004,,,,1,2023-06-17T02:44:03+00:00
SAO_1023-10,São Paulo,3550308,True,,35327,,,-23.4786225,-46.7433575,,,,2,2023-06-17T02:44:23+00:00
SAO_6052-31,São Paulo,3550308,True,,1832,,,-23.767886500000003,-46.7165485,,,,1,2023-06-17T02:44:36+00:00
SAO_4052-10,São Paulo,3550308,True,,34913,,,-23.535557750000002,-46.427398749999995,,,,2,2023-06-17T02:43:48+00:00
SAO_4052-10,São Paulo,3550308,True,,34913,,,-23.542444,-46.416917999999995,,,,2,2023-06-17T02:43:54+00:00
SAO_4052-10,São Paulo,3550308,True,,34913,,,-23.538473,-46.426252000000005,,,,2,2023-06-17T02:40:00+00:00
SAO_4052-10,São Paulo,3550308,True,,34913,,,-23.5369935,-46.425360999999995,,,,2,2023-06-17T02:42:31+00:00
SAO_9006-10,São Paulo,3550308,True,,33642,,,-23.4683685,-46.6773575,,,,2,2023-06-17T02:43:57+00:00
SAO_9006-10,São Paulo,3550308,True,,33642,,,-23.464918,-46.690571500000004,,,,2,2023-06-17T02:44:02+00:00
SAO_9006-10,São Paulo,3550308,True,,33642,,,-23.4651395,-46.690452500000006,,,,2,2023-06-17T02:44:19+00:00
SAO_9006-10,São Paulo,3550308,True,,33642,,,-23.465027,-46.690908,,,,2,2023-06-17T02:44:33+00:00
SAO_908T-10,São Paulo,3550308,True,,2116,,,-23.579657750000003,-46.68270525,,,,1,2023-06-17T02:44:10+00:00
SAO_807P-10,São Paulo,3550308,True,,2099,,,-23.643249,-46.734951,,,,1,2023-06-17T02:44:09+00:00
SAO_807P-10,São Paulo,3550308,True,,2099,,,-23.615980999999998,-46.721008499999996,,,,1,2023-06-17T02:44:38+00:00
SAO_476G-41,São Paulo,3550308,True,,1112,,,-23.601367500000002,-46.5445465,,,,1,2023-06-17T02:42:46+00:00
SAO_476G-41,São Paulo,3550308,True,,1112,,,-23.567407,-46.6132495,,,,1,2023-06-17T02:43:57+00:00
SAO_476G-41,São Paulo,3550308,True,,1112,,,-23.6102795,-46.5296235,,,,1,2023-06-17T02:44:07+00:00
SAO_6046-10,São Paulo,3550308,True,,1223,,,-23.644592,-46.725354,,,,1,2023-06-17T02:44:20+00:00
SAO_1785-10,São Paulo,3550308,True,,34584,,,-23.478056000000002,-46.6228885,,,,2,2023-06-17T02:44:39+00:00
SAO_1785-10,São Paulo,3550308,True,,34584,,,-23.492492,-46.624010999999996,,,,2,2023-06-17T02:44:23+00:00
SAO_7267-10,São Paulo,3550308,True,,34195,,,-23.5541215,-46.670616249999995,,,,2,2023-06-17T02:44:15+00:00
SAO_7267-10,São Paulo,3550308,True,,34195,,,-23.54550475,-46.63834625,,,,2,2023-06-17T02:43:59+00:00
SAO_7267-10,São Paulo,3550308,True,,34195,,,-23.536394,-46.6778235,,,,2,2023-06-17T02:44:35+00:00
SAO_6L08-10,São Paulo,3550308,True,,1182,,,-23.8236875,-46.727354500000004,,,,1,2023-06-17T02:44:04+00:00
SAO_407W-10,São Paulo,3550308,True,,2204,,,-23.554778499999998,-46.536797,,,,1,2023-06-17T02:44:18+00:00
SAO_4010-10,São Paulo,3550308,True,,34951,,,-23.5520715,-46.46436,,,,2,2023-06-17T02:44:15+00:00
SAO_4010-10,São Paulo,3550308,True,,34951,,,-23.556057250000002,-46.46705825,,,,2,2023-06-17T02:44:40+00:00
SAO_4010-10,São Paulo,3550308,True,,34951,,,-23.55797,-46.523029,,,,2,2023-06-17T02:43:58+00:00
SAO_5024-10,São Paulo,3550308,True,,33890,,,-23.6854065,-46.6640635,,,,2,2023-06-17T02:44:25+00:00
SAO_5024-10,São Paulo,3550308,True,,33890,,,-23.663834,-46.6913885,,,,2,2023-06-17T02:44:34+00:00
SAO_5024-10,São Paulo,3550308,True,,33890,,,-23.687222249999998,-46.66898225,,,,2,2023-06-17T02:44:10+00:00
SAO_5024-10,São Paulo,3550308,True,,33890,,,-23.689408999999998,-46.6492585,,,,2,2023-06-17T02:42:21+00:00
SAO_6821-10,São Paulo,3550308,True,,32789,,,-23.6699305,-46.7730935,,,,2,2023-06-17T02:44:20+00:00
SAO_6821-10,São Paulo,3550308,True,,32789,,,-23.68647525,-46.78068725,,,,2,2023-06-17T02:44:16+00:00
SAO_6826-10,São Paulo,3550308,True,,32784,,,-23.673772,-46.797123,,,,2,2023-06-17T02:44:17+00:00
SAO_6826-10,São Paulo,3550308,True,,32784,,,-23.669717499999997,-46.7808505,,,,2,2023-06-17T02:44:04+00:00
SAO_5164-41,São Paulo,3550308,True,,34385,,,-23.6472555,-46.640461,,,,2,2023-06-17T02:43:17+00:00
SAO_5164-41,São Paulo,3550308,True,,34385,,,-23.634558000000002,-46.63263825,,,,2,2023-06-17T02:44:10+00:00
SAO_6034-10,São Paulo,3550308,True,,95,,,-23.736796499999997,-46.696856,,,,1,2023-06-17T02:43:06+00:00
SAO_6034-10,São Paulo,3550308,True,,95,,,-23.7542595,-46.680344,,,,1,2023-06-17T02:44:40+00:00
SAO_7062-10,São Paulo,3550308,True,,34666,,,-23.646132,-46.7723025,,,,2,2023-06-17T02:44:02+00:00
SAO_7062-10,São Paulo,3550308,True,,34666,,,-23.6363035,-46.76975,,,,2,2023-06-17T02:43:58+00:00
SAO_605A-10,São Paulo,3550308,True,,35290,,,-23.6466965,-46.639887,,,,2,2023-06-17T02:43:24+00:00
SAO_605A-10,São Paulo,3550308,True,,35290,,,-23.6494365,-46.6320625,,,,2,2023-06-17T02:44:15+00:00
SAO_8300-10,São Paulo,3550308,True,,1264,,,-23.485881499999998,-46.725865,,,,1,2023-06-17T02:44:19+00:00
SAO_8300-10,São Paulo,3550308,True,,1264,,,-23.51374175,-46.702937000000006,,,,1,2023-06-17T02:44:28+00:00
SAO_573A-10,São Paulo,3550308,True,,1637,,,-23.580648500000002,-46.58680425,,,,1,2023-06-17T02:43:18+00:00
SAO_573A-10,São Paulo,3550308,True,,1637,,,-23.596648000000002,-46.567818,,,,1,2023-06-17T02:44:40+00:00
SAO_573A-10,São Paulo,3550308,True,,1637,,,-23.553189875,-46.600944375,,,,1,2023-06-17T02:43:54+00:00
SAO_573A-10,São Paulo,3550308,True,,1637,,,-23.6035575,-46.554497999999995,,,,1,2023-06-17T02:43:57+00:00
SAO_4027-41,São Paulo,3550308,True,,35077,,,-23.626084,-46.444536,,,,2,2023-06-17T02:44:30+00:00
SAO_4027-41,São Paulo,3550308,True,,35077,,,-23.638209500000002,-46.437941,,,,2,2023-06-17T02:44:26+00:00
SAO_6052-31,São Paulo,3550308,True,,34600,,,-23.775509999999997,-46.691679,,,,2,2023-06-17T02:44:15+00:00
SAO_5317-10,São Paulo,3550308,True,,69,,,-23.7212425,-46.6767315,,,,1,2023-06-17T02:44:21+00:00
SAO_5317-10,São Paulo,3550308,True,,69,,,-23.722518,-46.688628,,,,1,2023-06-17T02:44:05+00:00
SAO_5317-10,São Paulo,3550308,True,,69,,,-23.5815535,-46.6500985,,,,1,2023-06-17T02:44:15+00:00
SAO_5317-10,São Paulo,3550308,True,,69,,,-23.548647000000003,-46.638634499999995,,,,1,2023-06-17T02:44:20+00:00
SAO_5317-10,São Paulo,3550308,True,,69,,,-23.661856999999998,-46.693272500000006,,,,1,2023-06-17T02:44:24+00:00
SAO_4284-10,São Paulo,3550308,True,EMTU,289,https://moovitapp.com/index/pt-br/transporte_p%C3%BAblico-line-289-Sao_Paulo-242-2038937-36419390-0,5.1,-23.608691,-46.555031,,,,1,2023-06-17T02:44:23+00:00
SAO_4284-10,São Paulo,3550308,True,EMTU,289,https://moovitapp.com/index/pt-br/transporte_p%C3%BAblico-line-289-Sao_Paulo-242-2038937-36419390-0,5.1,-23.596489,-46.574839499999996,,,,1,2023-06-17T02:43:56+00:00
SAO_8075-10,São Paulo,3550308,True,,2044,,,-23.631003999999997,-46.772597000000005,,,,1,2023-06-17T02:44:10+00:00
SAO_8075-10,São Paulo,3550308,True,,2044,,,-23.608266,-46.751461500000005,,,,1,2023-06-17T02:44:21+00:00
SAO_9166-10,São Paulo,3550308,True,,33475,,,-23.461539000000002,-46.665962,,,,2,2023-06-17T02:44:34+00:00
SAO_9166-10,São Paulo,3550308,True,,33475,,,-23.467416,-46.670148499999996,,,,2,2023-06-17T02:44:27+00:00
SAO_3728-41,São Paulo,3550308,True,,1988,,,-23.55869775,-46.489815,,,,1,2023-06-17T02:44:30+00:00
SAO_374M-10,São Paulo,3550308,True,,1965,,,-23.511173,-46.50042725,,,,1,2023-06-17T02:44:24+00:00
SAO_3737-31,São Paulo,3550308,True,,34122,,,-23.530354000000003,-46.5168625,,,,2,2023-06-17T02:44:18+00:00
SAO_3737-31,São Paulo,3550308,True,,34122,,,-23.5309265,-46.516566250000004,,,,2,2023-06-17T02:43:37+00:00
SAO_3019-10,São Paulo,3550308,True,,33725,,,-23.582577,-46.408426,,,,2,2023-06-17T02:44:19+00:00
SAO_3019-10,São Paulo,3550308,True,,33725,,,-23.578392,-46.406045500000005,,,,2,2023-06-17T02:44:28+00:00
SAO_1034-10,São Paulo,3550308,True,,2452,,,-23.4731155,-46.7023935,,,,1,2023-06-17T02:44:04+00:00
SAO_2088-10,São Paulo,3550308,True,EMTU,372,https://moovitapp.com/index/pt-br/transporte_p%C3%BAblico-line-372-Sao_Paulo-242-2038937-36419447-0,4.9,-23.518140000000002,-46.4756725,,,,1,2023-06-17T02:44:25+00:00
SAO_2732-10,São Paulo,3550308,True,,947,,,-23.536123500000002,-46.467902499999994,,,,1,2023-06-17T02:44:12+00:00
SAO_2732-10,São Paulo,3550308,True,,947,,,-23.5402155,-46.483134,,,,1,2023-06-17T02:44:07+00:00
SAO_6L10-10,São Paulo,3550308,True,,33927,,,-23.799326999999998,-46.7314595,,,,2,2023-06-17T02:44:33+00:00
SAO_7050-10,São Paulo,3550308,True,,1884,,,-23.6364275,-46.7779335,,,,1,2023-06-17T02:44:27+00:00
SAO_7062-41,São Paulo,3550308,True,,2271,,,-23.6495335,-46.766862,,,,1,2023-06-17T02:44:34+00:00
SAO_5110-24,São Paulo,3550308,True,,2459,,,-23.6120795,-46.483023,,,,1,2023-06-17T02:44:34+00:00
SAO_5110-24,São Paulo,3550308,True,,2459,,,-23.612184499999998,-46.482907499999996,,,,1,2023-06-17T02:43:38+00:00
SAO_5110-24,São Paulo,3550308,True,,2459,,,-23.584865999999998,-46.582376499999995,,,,1,2023-06-17T02:44:35+00:00
SAO_748A-10,São Paulo,3550308,True,EMTU,498,https://moovitapp.com/index/pt-br/transporte_p%C3%BAblico-line-498-Sao_Paulo-242-2038937-36419523-0,5.4,-23.5831485,-46.7738645,,,,1,2023-06-17T02:43:56+00:00
SAO_5026-10,São Paulo,3550308,True,,1635,,,-23.610182875,-46.5011935,,,,1,2023-06-17T02:44:39+00:00
SAO_8544-10,São Paulo,3550308,True,EMTU,430,https://moovitapp.com/index/pt-br/transporte_p%C3%BAblico-line-430-Sao_Paulo-242-2038937-36584270-0,5.2,-23.445842,-46.747556,,,,1,2023-06-17T02:44:27+00:00
SAO_8544-10,São Paulo,3550308,True,EMTU,430,https://moovitapp.com/index/pt-br/transporte_p%C3%BAblico-line-430-Sao_Paulo-242-2038937-36584270-0,5.2,-23.516178375000003,-46.686445750000004,,,,1,2023-06-17T02:44:22+00:00
SAO_6801-10,São Paulo,3550308,True,,5,,,-23.65665725,-46.731927999999996,,,,1,2023-06-17T02:44:21+00:00
SAO_4725-10,São Paulo,3550308,True,,338,,,-23.6136365,-46.624829,,,,1,2023-06-17T02:44:21+00:00
SAO_1730-10,São Paulo,3550308,True,,865,,,-23.517371500000003,-46.624643000000006,,,,1,2023-06-17T02:43:57+00:00
SAO_4086-10,São Paulo,3550308,True,,2250,,,-23.601032,-46.3941555,,,,1,2023-06-17T02:44:33+00:00
SAO_714C-10,São Paulo,3550308,True,,487,,,-23.5853465,-46.738911,,,,1,2023-06-17T02:44:17+00:00
SAO_8077-10,São Paulo,3550308,True,,2050,,,-23.5859545,-46.747255499999994,,,,1,2023-06-17T02:44:15+00:00
SAO_8077-10,São Paulo,3550308,True,,2050,,,-23.587505,-46.7630915,,,,1,2023-06-17T02:43:56+00:00
SAO_4001-10,São Paulo,3550308,True,,34944,,,-23.557147,-46.4726745,,,,2,2023-06-17T02:44:22+00:00
SAO_4001-10,São Paulo,3550308,True,,34944,,,-23.5368005,-46.4429195,,,,2,2023-06-17T02:44:19+00:00
SAO_4001-10,São Paulo,3550308,True,,34944,,,-23.532577,-46.4410275,,,,2,2023-06-17T02:44:24+00:00
SAO_1721-10,São Paulo,3550308,True,,666,,,-23.4894945,-46.5710555,,,,1,2023-06-17T02:44:41+00:00
SAO_1721-10,São Paulo,3550308,True,,666,,,-23.49233775,-46.59064775,,,,1,2023-06-17T02:44:34+00:00
SAO_6045-21,São Paulo,3550308,True,,2164,,,-23.690791,-46.791185999999996,,,,1,2023-06-17T02:43:57+00:00
SAO_407K-10,São Paulo,3550308,True,,2168,,,-23.613653,-46.4766475,,,,1,2023-06-17T02:44:32+00:00
SAO_407K-10,São Paulo,3550308,True,,2168,,,-23.6137715,-46.4766805,,,,1,2023-06-17T02:44:27+00:00
SAO_407K-10,São Paulo,3550308,True,,2168,,,-23.538169,-46.564766500000005,,,,1,2023-06-17T02:44:25+00:00
SAO_407K-10,São Paulo,3550308,True,,2168,,,-23.544005249999998,-46.530184250000005,,,,1,2023-06-17T02:44:07+00:00
SAO_2012-10,São Paulo,3550308,True,,35049,,,-23.4886805,-46.582163,,,,2,2023-06-17T02:44:35+00:00
SAO_2012-10,São Paulo,3550308,True,,35049,,,-23.489123499999998,-46.581668500000006,,,,2,2023-06-17T02:44:24+00:00
SAO_4092-10,São Paulo,3550308,True,,1876,,,-23.580927000000003,-46.4207185,,,,1,2023-06-17T02:44:00+00:00
SAO_3010-10,São Paulo,3550308,True,,2543,,,-23.5175915,-46.4751235,,,,1,2023-06-17T02:44:28+00:00
SAO_119L-10,São Paulo,3550308,True,,2273,,,-23.423653,-46.788762500000004,,,,1,2023-06-17T02:44:02+00:00
SAO_119L-10,São Paulo,3550308,True,,2273,,,-23.5196265,-46.7028125,,,,1,2023-06-17T02:44:18+00:00
SAO_3756-10,São Paulo,3550308,True,,1050,,,-23.564513499999997,-46.4156775,,,,1,2023-06-17T02:44:19+00:00
SAO_4114-10,São Paulo,3550308,True,,33089,,,-23.611413,-46.62290675,,,,2,2023-06-17T02:44:25+00:00
SAO_4114-10,São Paulo,3550308,True,,33089,,,-23.565122375,-46.635935,,,,2,2023-06-17T02:43:59+00:00
SAO_9006-10,São Paulo,3550308,True,,874,,,-23.465027,-46.690908,,,,1,2023-06-17T02:44:24+00:00
SAO_278A-10,São Paulo,3550308,True,,33474,,,-23.506301,-46.6238185,,,,2,2023-06-17T02:44:29+00:00
SAO_278A-10,São Paulo,3550308,True,,33474,,,-23.534166,-46.5676,,,,2,2023-06-17T02:44:06+00:00
SAO_6063-41,São Paulo,3550308,True,,1773,,,-23.7711635,-46.7127105,,,,1,2023-06-17T02:44:19+00:00
SAO_7052-10,São Paulo,3550308,True,,1886,,,-23.640652000000003,-46.7734775,,,,1,2023-06-17T02:44:32+00:00
SAO_7052-10,São Paulo,3550308,True,,1886,,,-23.6529745,-46.773157999999995,,,,1,2023-06-17T02:44:09+00:00
SAO_7052-10,São Paulo,3550308,True,,1886,,,-23.631508,-46.7726,,,,1,2023-06-17T02:44:26+00:00
SAO_4008-10,São Paulo,3550308,True,,2182,,,-23.5668805,-46.5111005,,,,1,2023-06-17T02:44:27+00:00
SAO_6042-21,São Paulo,3550308,True,,1775,,,-23.67407275,-46.77368725,,,,1,2023-06-17T02:44:39+00:00
SAO_6042-21,São Paulo,3550308,True,,1775,,,-23.67296475,-46.767787,,,,1,2023-06-17T02:44:06+00:00
SAO_7053-22,São Paulo,3550308,True,,1896,,,-23.631153500000003,-46.7733425,,,,1,2023-06-17T02:44:18+00:00
SAO_2026-10,São Paulo,3550308,True,,35037,,,-23.507665,-46.571098,,,,2,2023-06-17T02:43:55+00:00
SAO_3725-41,São Paulo,3550308,True,,34299,,,-23.5327405,-46.530938500000005,,,,2,2023-06-17T02:44:34+00:00
SAO_3725-41,São Paulo,3550308,True,,34299,,,-23.53998625,-46.527799,,,,2,2023-06-17T02:44:25+00:00
SAO_139A-10,São Paulo,3550308,True,,2451,,,-23.492694,-46.702827,,,,1,2023-06-17T02:44:37+00:00
SAO_8055-10,São Paulo,3550308,True,,33182,,,-23.4198965,-46.785586499999994,,,,2,2023-06-17T02:44:23+00:00
SAO_8055-10,São Paulo,3550308,True,,33182,,,-23.50812275,-46.735489625,,,,2,2023-06-17T02:44:14+00:00
SAO_8055-10,São Paulo,3550308,True,,33182,,,-23.408328,-46.741003,,,,2,2023-06-17T02:44:17+00:00
SAO_8055-10,São Paulo,3550308,True,,33182,,,-23.408789,-46.740467,,,,2,2023-06-17T02:43:59+00:00
SAO_8055-10,São Paulo,3550308,True,,33182,,,-23.404726,-46.73958625,,,,2,2023-06-17T02:44:36+00:00
SAO_2101-41,São Paulo,3550308,True,STT,715,https://moovitapp.com/index/pt-br/transporte_p%C3%BAblico-line-715-Sao_Paulo-242-850661-183343-0,5.3,-23.56081375,-46.59322825,,,,1,2023-06-17T02:44:04+00:00
SAO_1025-10,São Paulo,3550308,True,,2303,,,-23.4612215,-46.698332,,,,1,2023-06-17T02:44:32+00:00
SAO_2735-10,São Paulo,3550308,True,,1921,,,-23.49953025,-46.5234815,,,,1,2023-06-17T02:44:20+00:00
SAO_2735-10,São Paulo,3550308,True,,1921,,,-23.5305265,-46.5466505,,,,1,2023-06-17T02:44:20+00:00
SAO_2127-10,São Paulo,3550308,True,,33461,,,-23.478431,-46.570043,,,,2,2023-06-17T02:44:15+00:00
SAO_2127-10,São Paulo,3550308,True,,33461,,,-23.55022025,-46.631459750000005,,,,2,2023-06-17T02:44:00+00:00
SAO_373M-10,São Paulo,3550308,True,EMTU,281,https://moovitapp.com/index/pt-br/transporte_p%C3%BAblico-line-281-Sao_Paulo-242-2038937-36419383-0,6.25,-23.590469,-46.5723885,,,,1,2023-06-17T02:44:04+00:00
SAO_4111-10,São Paulo,3550308,True,,33088,,,-23.576107,-46.613240000000005,,,,2,2023-06-17T02:44:39+00:00
SAO_4111-10,São Paulo,3550308,True,,33088,,,-23.560854499999998,-46.632177750000004,,,,2,2023-06-17T02:44:30+00:00
SAO_2435-10,São Paulo,3550308,True,Cidade de Caieiras,210,https://moovitapp.com/index/pt-br/transporte_p%C3%BAblico-line-210-Sao_Paulo-242-868761-496408-0,5.0,-23.521893,-46.5270465,,,,1,2023-06-17T02:42:03+00:00
SAO_2123-10,São Paulo,3550308,True,,692,,,-23.499281,-46.594284,,,,1,2023-06-17T02:43:55+00:00
SAO_2123-10,São Paulo,3550308,True,,692,,,-23.550061,-46.6314055,,,,1,2023-06-17T02:44:22+00:00
SAO_2123-10,São Paulo,3550308,True,,692,,,-23.515682499999997,-46.6071485,,,,1,2023-06-17T02:44:03+00:00
SAO_3746-31,São Paulo,3550308,True,,34865,,,-23.542912,-46.588283000000004,,,,2,2023-06-17T02:44:34+00:00
SAO_2716-10,São Paulo,3550308,True,,929,,,-23.5252735,-46.541793999999996,,,,1,2023-06-17T02:44:10+00:00
SAO_9020-10,São Paulo,3550308,True,,1434,,,-23.481636,-46.718026,,,,1,2023-06-17T02:44:28+00:00
SAO_2030-10,São Paulo,3550308,True,,35032,,,-23.47218025,-46.641837624999994,,,,2,2023-06-17T02:44:01+00:00
SAO_2030-10,São Paulo,3550308,True,,35032,,,-23.47214175,-46.642127375,,,,2,2023-06-17T02:44:07+00:00
SAO_6836-10,São Paulo,3550308,True,,32781,,,-23.664910875,-46.753802750000006,,,,2,2023-06-17T02:44:31+00:00
SAO_8050-31,São Paulo,3550308,True,,33183,,,-23.508055125000002,-46.73537475,,,,2,2023-06-17T02:44:32+00:00
SAO_6022-10,São Paulo,3550308,True,,1207,,,-23.721891,-46.785158499999994,,,,1,2023-06-17T02:44:23+00:00
SAO_7062-41,São Paulo,3550308,True,,35039,,,-23.6494305,-46.7596215,,,,2,2023-06-17T02:44:20+00:00
SAO_7062-41,São Paulo,3550308,True,,35039,,,-23.6494305,-46.7596215,,,,2,2023-06-17T02:43:57+00:00
SAO_4019-10,São Paulo,3550308,True,,2524,,,-23.542932,-46.471468,,,,1,2023-06-17T02:44:37+00:00
SAO_6258-31,São Paulo,3550308,True,,34551,,,-23.681110249999996,-46.750570749999994,,,,2,2023-06-17T02:44:16+00:00
SAO_271P-10,São Paulo,3550308,True,,704,,,-23.534323999999998,-46.6048575,,,,1,2023-06-17T02:42:04+00:00
SAO_4221-10,São Paulo,3550308,True,,325,,,-23.54645675,-46.629903999999996,,,,1,2023-06-17T02:44:04+00:00
SAO_4221-10,São Paulo,3550308,True,,325,,,-23.597357,-46.5630335,,,,1,2023-06-17T02:44:26+00:00
SAO_2101-10,São Paulo,3550308,True,,714,,,-23.556164250000002,-46.595083,,,,1,2023-06-17T02:44:37+00:00
SAO_3008-10,São Paulo,3550308,True,,2515,,,-23.494181,-46.400715500000004,,,,1,2023-06-17T02:44:07+00:00
SAO_3008-10,São Paulo,3550308,True,,2515,,,-23.5133175,-46.3960595,,,,1,2023-06-17T02:41:54+00:00
SAO_7062-31,São Paulo,3550308,True,,1914,,,-23.631218,-46.773197499999995,,,,1,2023-06-17T02:44:38+00:00
SAO_8003-10,São Paulo,3550308,True,,1253,,,-23.518688,-46.73115,,,,1,2023-06-17T02:44:28+00:00
SAO_4053-10,São Paulo,3550308,True,,2146,,,-23.542614,-46.4155005,,,,1,2023-06-17T02:44:25+00:00
SAO_4053-10,São Paulo,3550308,True,,2146,,,-23.5590895,-46.399975,,,,1,2023-06-17T02:42:55+00:00
SAO_846M-10,São Paulo,3550308,True,EMTU,422,https://moovitapp.com/index/pt-br/transporte_p%C3%BAblico-line-422-Sao_Paulo-242-2038937-36419479-0,7.15,-23.55416725,-46.691635375000004,,,,1,2023-06-17T02:44:37+00:00
SAO_809N-10,São Paulo,3550308,True,,2244,,,-23.5660495,-46.752187,,,,1,2023-06-17T02:44:04+00:00
SAO_5110-41,São Paulo,3550308,True,,34978,,,-23.5897515,-46.5441585,,,,2,2023-06-17T02:44:26+00:00
SAO_3001-10,São Paulo,3550308,True,,34418,,,-23.51342975,-46.376079499999996,,,,2,2023-06-17T02:43:58+00:00
SAO_3001-10,São Paulo,3550308,True,,34418,,,-23.51342975,-46.376079499999996,,,,2,2023-06-17T02:44:11+00:00
SAO_2025-10,São Paulo,3550308,True,,2267,,,-23.455526,-46.575585000000004,,,,1,2023-06-17T02:44:28+00:00
SAO_2025-10,São Paulo,3550308,True,,2267,,,-23.458181500000002,-46.585585,,,,1,2023-06-17T02:44:09+00:00
SAO_2025-10,São Paulo,3550308,True,,2267,,,-23.48693375,-46.6089395,,,,1,2023-06-17T02:44:22+00:00
SAO_2025-10,São Paulo,3550308,True,,2267,,,-23.4507355,-46.57235675,,,,1,2023-06-17T02:44:03+00:00
SAO_2023-41,São Paulo,3550308,True,,35307,,,-23.4195875,-46.5819815,,,,2,2023-06-17T02:43:36+00:00
SAO_775N-10,São Paulo,3550308,True,,474,,,-23.569664500000002,-46.75730937499999,,,,1,2023-06-17T02:44:20+00:00
SAO_2021-10,São Paulo,3550308,True,,906,,,-23.544384,-46.389341,,,,1,2023-06-17T02:44:18+00:00
SAO_2021-10,São Paulo,3550308,True,,906,,,-23.539408125,-46.40033675,,,,1,2023-06-17T02:43:15+00:00
SAO_6817-10,São Paulo,3550308,True,,32795,,,-23.66952,-46.773173,,,,2,2023-06-17T02:44:33+00:00
SAO_573T-31,São Paulo,3550308,True,,2248,,,-23.54241275,-46.560853125,,,,1,2023-06-17T02:44:37+00:00
SAO_2175-10,São Paulo,3550308,True,,33465,,,-23.474255499999998,-46.56712,,,,2,2023-06-17T02:44:32+00:00
SAO_2175-10,São Paulo,3550308,True,,33465,,,-23.47456875,-46.567759499999994,,,,2,2023-06-17T02:44:23+00:00
SAO_2175-10,São Paulo,3550308,True,,33465,,,-23.514859,-46.586867749999996,,,,2,2023-06-17T02:43:57+00:00
SAO_2104-10,São Paulo,3550308,True,,35023,,,-23.546910500000003,-46.6306845,,,,2,2023-06-17T02:44:31+00:00
SAO_2104-10,São Paulo,3550308,True,,35023,,,-23.502102999999998,-46.624000499999994,,,,2,2023-06-17T02:44:18+00:00
SAO_4718-10,São Paulo,3550308,True,,33104,,,-23.601159312500002,-46.636772375,,,,2,2023-06-17T02:44:24+00:00
SAO_2522-10,São Paulo,3550308,True,Cidade de Caieiras,140,https://moovitapp.com/index/pt-br/transporte_p%C3%BAblico-line-140-Sao_Paulo-242-868761-496401-0,5.0,-23.528471375,-46.449597875,,,,1,2023-06-17T02:44:06+00:00
SAO_2032-10,São Paulo,3550308,True,,2266,,,-23.488699000000004,-46.59417225,,,,1,2023-06-17T02:44:26+00:00
SAO_2032-10,São Paulo,3550308,True,,2266,,,-23.4842545,-46.573038499999996,,,,1,2023-06-17T02:44:33+00:00
SAO_2012-10,São Paulo,3550308,True,,2281,,,-23.5155955,-46.62016625,,,,1,2023-06-17T02:44:32+00:00
SAO_1778-10,São Paulo,3550308,True,,34557,,,-23.5054045,-46.623684,,,,2,2023-06-17T02:44:02+00:00
SAO_1778-10,São Paulo,3550308,True,,34557,,,-23.467372,-46.568509750000004,,,,2,2023-06-17T02:44:10+00:00
SAO_546J-41,São Paulo,3550308,True,,33902,,,-23.687413749999997,-46.6586645,,,,2,2023-06-17T02:44:09+00:00
SAO_2011-10,São Paulo,3550308,True,,2136,,,-23.477003500000002,-46.5968805,,,,1,2023-06-17T02:44:24+00:00
SAO_4012-10,São Paulo,3550308,True,,34953,,,-23.60715,-46.4447725,,,,2,2023-06-17T02:44:00+00:00
SAO_6L04-10,São Paulo,3550308,True,,33948,,,-23.8278995,-46.731218999999996,,,,2,2023-06-17T02:44:19+00:00
SAO_273F-10,São Paulo,3550308,True,,159,,,-23.48767475,-46.417190000000005,,,,1,2023-06-17T02:41:57+00:00
SAO_5362-41,São Paulo,3550308,True,,72,,,-23.744538750000004,-46.670265125,,,,1,2023-06-17T02:42:53+00:00
