bus_id,city,city_code,adapted,agency,line_code,line_url,line_fare,latitude,longitude,bus_speed,is_eletric,bus_type,bus_direction,updated_at
SAO_6035-10,São Paulo,3550308,True,,1213,,,-23.675841,-46.75692025,,,,1,2023-06-20T10:34:55+00:00
SAO_6035-10,São Paulo,3550308,True,,1213,,,-23.72062,-46.7558005,,,,1,2023-06-20T10:34:46+00:00
SAO_6035-10,São Paulo,3550308,True,,1213,,,-23.64727125,-46.70508649999999,,,,1,2023-06-20T10:34:54+00:00
SAO_6035-10,São Paulo,3550308,True,,1213,,,-23.72062,-46.7558005,,,,1,2023-06-20T10:34:14+00:00
SAO_6035-10,São Paulo,3550308,True,,1213,,,-23.71137775,-46.782644250000004,,,,1,2023-06-20T10:34:46+00:00
SAO_6035-10,São Paulo,3550308,True,,1213,,,-23.69319,-46.778980000000004,,,,1,2023-06-20T10:34:46+00:00
SAO_6035-10,São Paulo,3550308,True,,1213,,,-23.724944,-46.760373,,,,1,2023-06-20T10:34:28+00:00
SAO_7004-10,São Paulo,3550308,True,,1992,,,-23.700074,-46.780868,,,,1,2023-06-20T10:34:37+00:00
SAO_7004-10,São Paulo,3550308,True,,1992,,,-23.741771999999997,-46.8001715,,,,1,2023-06-20T10:34:47+00:00
SAO_7004-10,São Paulo,3550308,True,,1992,,,-23.667816000000002,-46.7312965,,,,1,2023-06-20T10:34:50+00:00
SAO_7004-10,São Paulo,3550308,True,,1992,,,-23.718400000000003,-46.784493499999996,,,,1,2023-06-20T10:34:46+00:00
SAO_7004-10,São Paulo,3550308,True,,1992,,,-23.6856085,-46.765632,,,,1,2023-06-20T10:34:18+00:00
SAO_7004-10,São Paulo,3550308,True,,1992,,,-23.7388185,-46.79168475,,,,1,2023-06-20T10:34:17+00:00
SAO_7004-10,São Paulo,3550308,True,,1992,,,-23.741771999999997,-46.8001715,,,,1,2023-06-20T10:34:24+00:00
SAO_7004-10,São Paulo,3550308,True,,1992,,,-23.6855965,-46.7518865,,,,1,2023-06-20T10:34:47+00:00
SAO_7004-10,São Paulo,3550308,True,,1992,,,-23.7317975,-46.7861475,,,,1,2023-06-20T10:34:33+00:00
SAO_7004-10,São Paulo,3550308,True,,1992,,,-23.7317975,-46.7861475,,,,1,2023-06-20T10:34:46+00:00
SAO_7004-10,São Paulo,3550308,True,,1992,,,-23.731476999999998,-46.7859925,,,,1,2023-06-20T10:34:39+00:00
SAO_208V-10,São Paulo,3550308,True,Rápido Campinas,207,https://moovitapp.com/index/pt-br/transporte_p%C3%BAblico-line-207-Sao_Paulo-242-858660-638984-0,5.3,-23.517753,-46.475941500000005,,,,1,2023-06-20T10:31:10+00:00
SAO_208V-10,São Paulo,3550308,True,Rápido Campinas,207,https://moovitapp.com/index/pt-br/transporte_p%C3%BAblico-line-207-Sao_Paulo-242-858660-638984-0,5.3,-23.517753,-46.475941500000005,,,,1,2023-06-20T10:34:47+00:00
SAO_208V-10,São Paulo,3550308,True,Rápido Campinas,207,https://moovitapp.com/index/pt-br/transporte_p%C3%BAblico-line-207-Sao_Paulo-242-858660-638984-0,5.3,-23.5218475,-46.530193999999995,,,,1,2023-06-20T10:34:31+00:00
SAO_208V-10,São Paulo,3550308,True,Rápido Campinas,207,https://moovitapp.com/index/pt-br/transporte_p%C3%BAblico-line-207-Sao_Paulo-242-858660-638984-0,5.3,-23.517753,-46.475941500000005,,,,1,2023-06-20T10:34:52+00:00
SAO_208V-10,São Paulo,3550308,True,Rápido Campinas,207,https://moovitapp.com/index/pt-br/transporte_p%C3%BAblico-line-207-Sao_Paulo-242-858660-638984-0,5.3,-23.5147745,-46.4909385,,,,1,2023-06-20T10:34:45+00:00
SAO_208V-10,São Paulo,3550308,True,Rápido Campinas,207,https://moovitapp.com/index/pt-br/transporte_p%C3%BAblico-line-207-Sao_Paulo-242-858660-638984-0,5.3,-23.517753,-46.475941500000005,,,,1,2023-06-20T10:34:42+00:00
SAO_208V-10,São Paulo,3550308,True,Rápido Campinas,207,https://moovitapp.com/index/pt-br/transporte_p%C3%BAblico-line-207-Sao_Paulo-242-858660-638984-0,5.3,-23.517753,-46.475941500000005,,,,1,2023-06-20T10:34:10+00:00
SAO_208V-10,São Paulo,3550308,True,Rápido Campinas,207,https://moovitapp.com/index/pt-br/transporte_p%C3%BAblico-line-207-Sao_Paulo-242-858660-638984-0,5.3,-23.517753,-46.475941500000005,,,,1,2023-06-20T10:34:14+00:00
SAO_2725-10,São Paulo,3550308,True,,939,,,-23.5347645,-46.4738065,,,,1,2023-06-20T10:34:34+00:00
SAO_2725-10,São Paulo,3550308,True,,939,,,-23.5070585,-46.46714,,,,1,2023-06-20T10:34:50+00:00
SAO_2725-10,São Paulo,3550308,True,,939,,,-23.540045,-46.483149499999996,,,,1,2023-06-20T10:34:29+00:00
SAO_2725-10,São Paulo,3550308,True,,939,,,-23.540045,-46.483149499999996,,,,1,2023-06-20T10:34:51+00:00
SAO_2725-10,São Paulo,3550308,True,,939,,,-23.540045,-46.483149499999996,,,,1,2023-06-20T10:34:35+00:00
SAO_2725-10,São Paulo,3550308,True,,939,,,-23.540045,-46.483149499999996,,,,1,2023-06-20T10:34:29+00:00
SAO_2725-10,São Paulo,3550308,True,,939,,,-23.540045,-46.483149499999996,,,,1,2023-06-20T10:34:10+00:00
SAO_2725-10,São Paulo,3550308,True,,939,,,-23.540045,-46.483149499999996,,,,1,2023-06-20T10:34:16+00:00
SAO_9191-10,São Paulo,3550308,True,EMTU,810,https://moovitapp.com/index/pt-br/transporte_p%C3%BAblico-line-810-Sao_Paulo-242-2038937-36419585-0,5.4,-23.5036915,-46.67682275,,,,1,2023-06-20T10:34:37+00:00
SAO_9191-10,São Paulo,3550308,True,EMTU,810,https://moovitapp.com/index/pt-br/transporte_p%C3%BAblico-line-810-Sao_Paulo-242-2038937-36419585-0,5.4,-23.482403,-46.673315,,,,1,2023-06-20T10:34:32+00:00
SAO_9191-10,São Paulo,3550308,True,EMTU,810,https://moovitapp.com/index/pt-br/transporte_p%C3%BAblico-line-810-Sao_Paulo-242-2038937-36419585-0,5.4,-23.524334250000003,-46.6680355,,,,1,2023-06-20T10:34:48+00:00
SAO_9191-10,São Paulo,3550308,True,EMTU,810,https://moovitapp.com/index/pt-br/transporte_p%C3%BAblico-line-810-Sao_Paulo-242-2038937-36419585-0,5.4,-23.4599635,-46.6801725,,,,1,2023-06-20T10:34:19+00:00
SAO_971A-10,São Paulo,3550308,True,,33426,,,-23.486307,-46.680385,,,,2,2023-06-20T10:34:26+00:00
SAO_971A-10,São Paulo,3550308,True,,33426,,,-23.486307,-46.680385,,,,2,2023-06-20T10:34:24+00:00
SAO_3785-10,São Paulo,3550308,True,,1063,,,-23.591207,-46.394471,,,,1,2023-06-20T10:34:47+00:00
SAO_3785-10,São Paulo,3550308,True,,1063,,,-23.591207,-46.394471,,,,1,2023-06-20T10:34:12+00:00
SAO_3785-10,São Paulo,3550308,True,,1063,,,-23.591207,-46.394471,,,,1,2023-06-20T10:34:54+00:00
SAO_3785-10,São Paulo,3550308,True,,1063,,,-23.591207,-46.394471,,,,1,2023-06-20T10:34:21+00:00
SAO_3785-10,São Paulo,3550308,True,,1063,,,-23.542547,-46.4707595,,,,1,2023-06-20T10:34:17+00:00
SAO_3785-10,São Paulo,3550308,True,,1063,,,-23.591207,-46.394471,,,,1,2023-06-20T10:34:33+00:00
SAO_3785-10,São Paulo,3550308,True,,1063,,,-23.56905,-46.446946,,,,1,2023-06-20T10:34:43+00:00
SAO_3785-10,São Paulo,3550308,True,,1063,,,-23.5849955,-46.3906585,,,,1,2023-06-20T10:34:47+00:00
SAO_3785-10,São Paulo,3550308,True,,1063,,,-23.562078624999998,-46.445963,,,,1,2023-06-20T10:34:37+00:00
SAO_3785-10,São Paulo,3550308,True,,1063,,,-23.5820385,-46.415217999999996,,,,1,2023-06-20T10:34:55+00:00
SAO_3785-10,São Paulo,3550308,True,,1063,,,-23.563545,-46.446155,,,,1,2023-06-20T10:31:18+00:00
SAO_4030-10,São Paulo,3550308,True,,1100,,,-23.6129955,-46.4895395,,,,1,2023-06-20T10:34:28+00:00
SAO_4030-10,São Paulo,3550308,True,,1100,,,-23.61351225,-46.48577625,,,,1,2023-06-20T10:34:29+00:00
SAO_4030-10,São Paulo,3550308,True,,1100,,,-23.618775,-46.4863785,,,,1,2023-06-20T10:34:39+00:00
SAO_4030-10,São Paulo,3550308,True,,1100,,,-23.6146185,-46.487648,,,,1,2023-06-20T10:34:28+00:00
SAO_1757-10,São Paulo,3550308,True,,548,,,-23.465017500000002,-46.633625,,,,1,2023-06-20T10:34:26+00:00
SAO_N240-11,São Paulo,3550308,True,,35097,,,-23.4084175,-46.582878,,,,2,2023-06-20T10:34:12+00:00
SAO_3099-10,São Paulo,3550308,True,,1079,,,-23.592958000000003,-46.4883885,,,,1,2023-06-20T10:34:33+00:00
SAO_3099-10,São Paulo,3550308,True,,1079,,,-23.6126845,-46.4445915,,,,1,2023-06-20T10:34:53+00:00
SAO_3099-10,São Paulo,3550308,True,,1079,,,-23.592958000000003,-46.4883885,,,,1,2023-06-20T10:34:25+00:00
SAO_211V-10,São Paulo,3550308,True,,32922,,,-23.529283,-46.5540615,,,,2,2023-06-20T10:34:50+00:00
SAO_407G-10,São Paulo,3550308,True,,2196,,,-23.596551500000004,-46.487297874999996,,,,1,2023-06-20T10:34:28+00:00
SAO_407G-10,São Paulo,3550308,True,,2196,,,-23.611837,-46.4334745,,,,1,2023-06-20T10:34:41+00:00
SAO_407G-10,São Paulo,3550308,True,,2196,,,-23.536408375,-46.55574425,,,,1,2023-06-20T10:34:33+00:00
SAO_407G-10,São Paulo,3550308,True,,2196,,,-23.614136000000002,-46.45623,,,,1,2023-06-20T10:34:22+00:00
SAO_407G-10,São Paulo,3550308,True,,2196,,,-23.611837,-46.4334745,,,,1,2023-06-20T10:34:19+00:00
SAO_407G-10,São Paulo,3550308,True,,2196,,,-23.625357,-46.4633855,,,,1,2023-06-20T10:34:52+00:00
SAO_407G-10,São Paulo,3550308,True,,2196,,,-23.562317,-46.509561,,,,1,2023-06-20T10:34:49+00:00
SAO_407G-10,São Paulo,3550308,True,,2196,,,-23.538742,-46.564669499999994,,,,1,2023-06-20T10:34:51+00:00
SAO_407G-10,São Paulo,3550308,True,,2196,,,-23.606361874999997,-46.443740500000004,,,,1,2023-06-20T10:34:30+00:00
SAO_4718-10,São Paulo,3550308,True,EMTU,336,https://moovitapp.com/index/pt-br/transporte_p%C3%BAblico-line-336-Sao_Paulo-242-2038937-36419421-0,4.8,-23.649334,-46.6137015,,,,1,2023-06-20T10:34:54+00:00
SAO_2007-10,São Paulo,3550308,True,,33664,,,-23.510008749999997,-46.3703235,,,,2,2023-06-20T10:34:50+00:00
SAO_2007-10,São Paulo,3550308,True,,33664,,,-23.496409,-46.4013475,,,,2,2023-06-20T10:34:50+00:00
SAO_2007-10,São Paulo,3550308,True,,33664,,,-23.5093295,-46.370402625,,,,2,2023-06-20T10:33:56+00:00
SAO_2007-10,São Paulo,3550308,True,,33664,,,-23.51009825,-46.370076499999996,,,,2,2023-06-20T10:33:49+00:00
SAO_647A-10,São Paulo,3550308,True,,1315,,,-23.611576,-46.728029,,,,1,2023-06-20T10:34:22+00:00
SAO_647A-10,São Paulo,3550308,True,,1315,,,-23.66215,-46.7691005,,,,1,2023-06-20T10:34:20+00:00
SAO_647A-10,São Paulo,3550308,True,,1315,,,-23.6855785,-46.790954,,,,1,2023-06-20T10:34:19+00:00
SAO_1709-10,São Paulo,3550308,True,,851,,,-23.4412375,-46.5814765,,,,1,2023-06-20T10:34:47+00:00
SAO_1709-10,São Paulo,3550308,True,,851,,,-23.4412375,-46.5814765,,,,1,2023-06-20T10:34:18+00:00
SAO_1709-10,São Paulo,3550308,True,,851,,,-23.4412375,-46.5814765,,,,1,2023-06-20T10:34:37+00:00
SAO_1709-10,São Paulo,3550308,True,,851,,,-23.4412375,-46.5814765,,,,1,2023-06-20T10:34:48+00:00
SAO_1709-10,São Paulo,3550308,True,,851,,,-23.4412375,-46.5814765,,,,1,2023-06-20T10:34:18+00:00
SAO_1709-10,São Paulo,3550308,True,,851,,,-23.449983,-46.593914,,,,1,2023-06-20T10:34:45+00:00
SAO_1709-10,São Paulo,3550308,True,,851,,,-23.4412375,-46.5814765,,,,1,2023-06-20T10:33:29+00:00
SAO_1709-10,São Paulo,3550308,True,,851,,,-23.4412375,-46.5814765,,,,1,2023-06-20T10:34:17+00:00
SAO_1709-10,São Paulo,3550308,True,,851,,,-23.4412375,-46.5814765,,,,1,2023-06-20T10:34:28+00:00
SAO_1709-10,São Paulo,3550308,True,,851,,,-23.4412375,-46.5814765,,,,1,2023-06-20T10:34:32+00:00
SAO_1709-10,São Paulo,3550308,True,,851,,,-23.4412375,-46.5814765,,,,1,2023-06-20T10:34:33+00:00
SAO_1709-10,São Paulo,3550308,True,,851,,,-23.4412375,-46.5814765,,,,1,2023-06-20T10:34:36+00:00
SAO_1709-10,São Paulo,3550308,True,,851,,,-23.4399495,-46.581807,,,,1,2023-06-20T10:34:37+00:00
SAO_1709-10,São Paulo,3550308,True,,851,,,-23.4412375,-46.5814765,,,,1,2023-06-20T10:34:46+00:00
SAO_1709-10,São Paulo,3550308,True,,851,,,-23.438635249999997,-46.58476025,,,,1,2023-06-20T10:34:19+00:00
SAO_1709-10,São Paulo,3550308,True,,851,,,-23.4412375,-46.5814765,,,,1,2023-06-20T10:34:43+00:00
SAO_573T-10,São Paulo,3550308,True,,1632,,,-23.567560125,-46.510394375000004,,,,1,2023-06-20T10:34:24+00:00
SAO_573T-10,São Paulo,3550308,True,,1632,,,-23.595123,-46.4946075,,,,1,2023-06-20T10:34:47+00:00
SAO_573T-10,São Paulo,3550308,True,,1632,,,-23.54174175,-46.557414625,,,,1,2023-06-20T10:34:24+00:00
SAO_573T-10,São Paulo,3550308,True,,1632,,,-23.614199499999998,-46.5007885,,,,1,2023-06-20T10:34:15+00:00
SAO_573T-10,São Paulo,3550308,True,,1632,,,-23.60836225,-46.491543,,,,1,2023-06-20T10:34:21+00:00
SAO_2709-31,São Paulo,3550308,True,,923,,,-23.529663,-46.501053,,,,1,2023-06-20T10:34:24+00:00
SAO_745M-10,São Paulo,3550308,True,,782,,,-23.676291499999998,-46.75824,,,,1,2023-06-20T10:34:48+00:00
SAO_745M-10,São Paulo,3550308,True,,782,,,-23.666980000000002,-46.773514250000005,,,,1,2023-06-20T10:34:55+00:00
SAO_745M-10,São Paulo,3550308,True,,782,,,-23.6373095,-46.7794085,,,,1,2023-06-20T10:34:38+00:00
SAO_745M-10,São Paulo,3550308,True,,782,,,-23.629922,-46.770032,,,,1,2023-06-20T10:34:36+00:00
SAO_745M-10,São Paulo,3550308,True,,782,,,-23.63756,-46.779590999999996,,,,1,2023-06-20T10:34:53+00:00
SAO_273R-10,São Paulo,3550308,True,EMTU,226,https://moovitapp.com/index/pt-br/transporte_p%C3%BAblico-line-226-Sao_Paulo-242-2038937-36419343-0,5.05,-23.521359000000004,-46.475600937500005,,,,1,2023-06-20T10:34:35+00:00
SAO_273R-10,São Paulo,3550308,True,EMTU,226,https://moovitapp.com/index/pt-br/transporte_p%C3%BAblico-line-226-Sao_Paulo-242-2038937-36419343-0,5.05,-23.513647749999997,-46.447018125,,,,1,2023-06-20T10:34:47+00:00
SAO_273R-10,São Paulo,3550308,True,EMTU,226,https://moovitapp.com/index/pt-br/transporte_p%C3%BAblico-line-226-Sao_Paulo-242-2038937-36419343-0,5.05,-23.50809775,-46.42346875,,,,1,2023-06-20T10:34:40+00:00
SAO_7053-10,São Paulo,3550308,True,,1887,,,-23.6456645,-46.789207000000005,,,,1,2023-06-20T10:34:17+00:00
SAO_7053-10,São Paulo,3550308,True,,1887,,,-23.6340175,-46.774274,,,,1,2023-06-20T10:34:35+00:00
SAO_7053-10,São Paulo,3550308,True,,1887,,,-23.640779000000002,-46.7825665,,,,1,2023-06-20T10:34:26+00:00
SAO_7053-10,São Paulo,3550308,True,,1887,,,-23.640779000000002,-46.7825665,,,,1,2023-06-20T10:34:27+00:00
SAO_8022-10,São Paulo,3550308,True,,2085,,,-23.5639175,-46.71282325,,,,1,2023-06-20T10:34:21+00:00
SAO_7006-51,São Paulo,3550308,True,,34765,,,-23.7491515,-46.783023,,,,2,2023-06-20T10:34:26+00:00
SAO_7006-51,São Paulo,3550308,True,,34765,,,-23.7065485,-46.7843755,,,,2,2023-06-20T10:34:47+00:00
SAO_7006-51,São Paulo,3550308,True,,34765,,,-23.661021499999997,-46.7695115,,,,2,2023-06-20T10:34:19+00:00
SAO_7006-51,São Paulo,3550308,True,,34765,,,-23.74942725,-46.78284375,,,,2,2023-06-20T10:34:39+00:00
SAO_7006-51,São Paulo,3550308,True,,34765,,,-23.729893,-46.785934999999995,,,,2,2023-06-20T10:34:24+00:00
SAO_7006-51,São Paulo,3550308,True,,34765,,,-23.661021499999997,-46.7695115,,,,2,2023-06-20T10:34:31+00:00
SAO_7006-51,São Paulo,3550308,True,,34765,,,-23.7491515,-46.783023,,,,2,2023-06-20T10:34:33+00:00
SAO_9006-10,São Paulo,3550308,True,,33642,,,-23.4653195,-46.6903695,,,,2,2023-06-20T10:34:28+00:00
SAO_9006-10,São Paulo,3550308,True,,33642,,,-23.469796875,-46.683957500000005,,,,2,2023-06-20T10:34:33+00:00
SAO_9006-10,São Paulo,3550308,True,,33642,,,-23.464918,-46.690571500000004,,,,2,2023-06-20T10:34:23+00:00
SAO_9006-10,São Paulo,3550308,True,,33642,,,-23.464918,-46.690571500000004,,,,2,2023-06-20T10:34:15+00:00
SAO_9300-10,São Paulo,3550308,True,EMTU,116,https://moovitapp.com/index/pt-br/transporte_p%C3%BAblico-line-116-Sao_Paulo-242-2038937-36419276-0,12.1,-23.4959565,-46.6621375,,,,1,2023-06-20T10:34:13+00:00
SAO_9300-10,São Paulo,3550308,True,EMTU,116,https://moovitapp.com/index/pt-br/transporte_p%C3%BAblico-line-116-Sao_Paulo-242-2038937-36419276-0,12.1,-23.5335615,-46.644628250000004,,,,1,2023-06-20T10:34:43+00:00
SAO_8677-10,São Paulo,3550308,True,,33211,,,-23.487239000000002,-46.7323545,,,,2,2023-06-20T10:34:47+00:00
SAO_172U-10,São Paulo,3550308,True,,860,,,-23.50591175,-46.624980625000006,,,,1,2023-06-20T10:34:43+00:00
SAO_172U-10,São Paulo,3550308,True,,860,,,-23.557816000000003,-46.59648825000001,,,,1,2023-06-20T10:34:13+00:00
SAO_172U-10,São Paulo,3550308,True,,860,,,-23.484635499999996,-46.615350500000005,,,,1,2023-06-20T10:34:20+00:00
SAO_172U-10,São Paulo,3550308,True,,860,,,-23.438865,-46.5692195,,,,1,2023-06-20T10:34:12+00:00
SAO_172U-10,São Paulo,3550308,True,,860,,,-23.46496175,-46.59650325,,,,1,2023-06-20T10:34:52+00:00
SAO_971R-10,São Paulo,3550308,True,,614,,,-23.45949,-46.6858405,,,,1,2023-06-20T10:34:26+00:00
SAO_971R-10,São Paulo,3550308,True,,614,,,-23.43384825,-46.720632375,,,,1,2023-06-20T10:34:45+00:00
SAO_971R-10,São Paulo,3550308,True,,614,,,-23.436388,-46.713037,,,,1,2023-06-20T10:34:39+00:00
SAO_971R-10,São Paulo,3550308,True,,614,,,-23.454421500000002,-46.7374495,,,,1,2023-06-20T10:34:27+00:00
SAO_971R-10,São Paulo,3550308,True,,614,,,-23.4823775,-46.6547675,,,,1,2023-06-20T10:34:41+00:00
SAO_6073-10,São Paulo,3550308,True,,33928,,,-23.853313,-46.6956225,,,,2,2023-06-20T10:34:47+00:00
SAO_6073-10,São Paulo,3550308,True,,33928,,,-23.767210499999997,-46.7163985,,,,2,2023-06-20T10:34:11+00:00
SAO_6073-10,São Paulo,3550308,True,,33928,,,-23.853313,-46.6956225,,,,2,2023-06-20T10:34:27+00:00
SAO_6073-10,São Paulo,3550308,True,,33928,,,-23.848664499999998,-46.7013365,,,,2,2023-06-20T10:30:20+00:00
SAO_6073-10,São Paulo,3550308,True,,33928,,,-23.853313,-46.6956225,,,,2,2023-06-20T10:34:19+00:00
SAO_6073-10,São Paulo,3550308,True,,33928,,,-23.849200500000002,-46.7105345,,,,2,2023-06-20T10:26:18+00:00
SAO_6073-10,São Paulo,3550308,True,,33928,,,-23.853313,-46.6956225,,,,2,2023-06-20T10:34:20+00:00
SAO_6073-10,São Paulo,3550308,True,,33928,,,-23.853313,-46.6956225,,,,2,2023-06-20T10:34:55+00:00
SAO_2582-10,São Paulo,3550308,True,EMTU,374,https://moovitapp.com/index/pt-br/transporte_p%C3%BAblico-line-374-Sao_Paulo-242-2038937-36419448-0,3.7,-23.5067135,-46.443132500000004,,,,1,2023-06-20T10:34:17+00:00
SAO_2582-10,São Paulo,3550308,True,EMTU,374,https://moovitapp.com/index/pt-br/transporte_p%C3%BAblico-line-374-Sao_Paulo-242-2038937-36419448-0,3.7,-23.539693375,-46.61031925,,,,1,2023-06-20T10:34:23+00:00
SAO_2582-10,São Paulo,3550308,True,EMTU,374,https://moovitapp.com/index/pt-br/transporte_p%C3%BAblico-line-374-Sao_Paulo-242-2038937-36419448-0,3.7,-23.504738000000003,-46.5388995,,,,1,2023-06-20T10:34:12+00:00
SAO_2582-10,São Paulo,3550308,True,EMTU,374,https://moovitapp.com/index/pt-br/transporte_p%C3%BAblico-line-374-Sao_Paulo-242-2038937-36419448-0,3.7,-23.4835055,-46.4949395,,,,1,2023-06-20T10:34:09+00:00
SAO_3004-10,São Paulo,3550308,True,,34566,,,-23.479201250000003,-46.42118275,,,,2,2023-06-20T10:33:36+00:00
SAO_675K-10,São Paulo,3550308,True,EMTU,198,https://moovitapp.com/index/pt-br/transporte_p%C3%BAblico-line-198-Sao_Paulo-242-2038937-59811937-0,6.35,-23.690041,-46.773645,,,,1,2023-06-20T10:34:47+00:00
SAO_675K-10,São Paulo,3550308,True,EMTU,198,https://moovitapp.com/index/pt-br/transporte_p%C3%BAblico-line-198-Sao_Paulo-242-2038937-59811937-0,6.35,-23.669014499999996,-46.734237750000005,,,,1,2023-06-20T10:34:37+00:00
SAO_675K-10,São Paulo,3550308,True,EMTU,198,https://moovitapp.com/index/pt-br/transporte_p%C3%BAblico-line-198-Sao_Paulo-242-2038937-59811937-0,6.35,-23.644592125000003,-46.700327,,,,1,2023-06-20T10:34:36+00:00
SAO_675K-10,São Paulo,3550308,True,EMTU,198,https://moovitapp.com/index/pt-br/transporte_p%C3%BAblico-line-198-Sao_Paulo-242-2038937-59811937-0,6.35,-23.690517,-46.7737425,,,,1,2023-06-20T10:34:45+00:00
SAO_675K-10,São Paulo,3550308,True,EMTU,198,https://moovitapp.com/index/pt-br/transporte_p%C3%BAblico-line-198-Sao_Paulo-242-2038937-59811937-0,6.35,-23.677301,-46.7595535,,,,1,2023-06-20T10:34:33+00:00
SAO_675K-10,São Paulo,3550308,True,EMTU,198,https://moovitapp.com/index/pt-br/transporte_p%C3%BAblico-line-198-Sao_Paulo-242-2038937-59811937-0,6.35,-23.662343874999998,-46.706628,,,,1,2023-06-20T10:34:44+00:00
SAO_675K-10,São Paulo,3550308,True,EMTU,198,https://moovitapp.com/index/pt-br/transporte_p%C3%BAblico-line-198-Sao_Paulo-242-2038937-59811937-0,6.35,-23.667822,-46.731513,,,,1,2023-06-20T10:34:37+00:00
SAO_N740-11,São Paulo,3550308,True,,35189,,,-23.700747,-46.771238999999994,,,,2,2023-06-20T10:34:56+00:00
SAO_6063-41,São Paulo,3550308,True,,34541,,,-23.766788,-46.716197,,,,2,2023-06-20T10:34:35+00:00
SAO_6063-41,São Paulo,3550308,True,,34541,,,-23.787596999999998,-46.679432,,,,2,2023-06-20T10:34:34+00:00
SAO_6063-41,São Paulo,3550308,True,,34541,,,-23.787596999999998,-46.679432,,,,2,2023-06-20T10:34:34+00:00
SAO_6063-41,São Paulo,3550308,True,,34541,,,-23.766307,-46.7160825,,,,2,2023-06-20T10:34:11+00:00
SAO_6063-41,São Paulo,3550308,True,,34541,,,-23.774023375,-46.705367,,,,2,2023-06-20T10:34:51+00:00
SAO_8000-1,São Paulo,3550308,True,,35274,,,-23.520104500000002,-46.700487499999994,,,,2,2023-06-20T10:34:29+00:00
SAO_978T-10,São Paulo,3550308,True,,889,,,-23.526074,-46.6876685,,,,1,2023-06-20T10:34:48+00:00
SAO_978T-10,São Paulo,3550308,True,,889,,,-23.461866,-46.691984,,,,1,2023-06-20T10:34:13+00:00
SAO_978T-10,São Paulo,3550308,True,,889,,,-23.521725500000002,-46.7034,,,,1,2023-06-20T10:34:19+00:00
SAO_978T-10,São Paulo,3550308,True,,889,,,-23.4997385,-46.695755500000004,,,,1,2023-06-20T10:34:15+00:00
SAO_978T-10,São Paulo,3550308,True,,889,,,-23.463317500000002,-46.7012855,,,,1,2023-06-20T10:34:20+00:00
SAO_119C-10,São Paulo,3550308,True,,33429,,,-23.478727,-46.5693105,,,,2,2023-06-20T10:34:26+00:00
SAO_6021-10,São Paulo,3550308,True,,32945,,,-23.767886500000003,-46.7165485,,,,2,2023-06-20T10:34:53+00:00
SAO_6021-10,São Paulo,3550308,True,,32945,,,-23.7676985,-46.716468500000005,,,,2,2023-06-20T10:34:16+00:00
SAO_6021-10,São Paulo,3550308,True,,32945,,,-23.7933225,-46.7292295,,,,2,2023-06-20T10:34:18+00:00
SAO_233A-10,São Paulo,3550308,True,EMTU,249,https://moovitapp.com/index/pt-br/transporte_p%C3%BAblico-line-249-Sao_Paulo-242-2038937-58093193-0,5.4,-23.47955875,-46.422571250000004,,,,1,2023-06-20T10:34:21+00:00
SAO_233A-10,São Paulo,3550308,True,EMTU,249,https://moovitapp.com/index/pt-br/transporte_p%C3%BAblico-line-249-Sao_Paulo-242-2038937-58093193-0,5.4,-23.4795065,-46.421839,,,,1,2023-06-20T10:34:18+00:00
SAO_233A-10,São Paulo,3550308,True,EMTU,249,https://moovitapp.com/index/pt-br/transporte_p%C3%BAblico-line-249-Sao_Paulo-242-2038937-58093193-0,5.4,-23.517013,-46.4437475,,,,1,2023-06-20T10:34:20+00:00
SAO_6403-10,São Paulo,3550308,True,,58,,,-23.5455275,-46.63154,,,,1,2023-06-20T10:34:52+00:00
SAO_6403-10,São Paulo,3550308,True,,58,,,-23.63581,-46.719123499999995,,,,1,2023-06-20T10:34:53+00:00
SAO_5018-31,São Paulo,3550308,True,,34629,,,-23.675586,-46.67307475,,,,2,2023-06-20T10:34:11+00:00
SAO_9008-10,São Paulo,3550308,True,,875,,,-23.46340425,-46.68168125,,,,1,2023-06-20T10:34:45+00:00
SAO_9008-10,São Paulo,3550308,True,,875,,,-23.427475,-46.7146125,,,,1,2023-06-20T10:34:48+00:00
SAO_9008-10,São Paulo,3550308,True,,875,,,-23.435848,-46.71495075,,,,1,2023-06-20T10:34:23+00:00
SAO_1024-10,São Paulo,3550308,True,,2302,,,-23.462454,-46.7013685,,,,1,2023-06-20T10:34:47+00:00
SAO_1024-10,São Paulo,3550308,True,,2302,,,-23.457571,-46.703492,,,,1,2023-06-20T10:34:24+00:00
SAO_1024-10,São Paulo,3550308,True,,2302,,,-23.483621499999998,-46.695214,,,,1,2023-06-20T10:34:30+00:00
SAO_3027-10,São Paulo,3550308,True,,963,,,-23.5421695,-46.4194615,,,,1,2023-06-20T10:34:36+00:00
SAO_3027-10,São Paulo,3550308,True,,963,,,-23.5431935,-46.4152505,,,,1,2023-06-20T10:34:27+00:00
SAO_3027-10,São Paulo,3550308,True,,963,,,-23.5431935,-46.4152505,,,,1,2023-06-20T10:34:31+00:00
SAO_3027-10,São Paulo,3550308,True,,963,,,-23.563608000000002,-46.5053735,,,,1,2023-06-20T10:34:33+00:00
SAO_3064-10,São Paulo,3550308,True,Urubupungá,980,https://moovitapp.com/index/pt-br/transporte_p%C3%BAblico-line-980-Sao_Paulo-242-873835-76224585-0,4.6,-23.563516,-46.416466,,,,1,2023-06-20T10:34:53+00:00
SAO_3064-10,São Paulo,3550308,True,Urubupungá,980,https://moovitapp.com/index/pt-br/transporte_p%C3%BAblico-line-980-Sao_Paulo-242-873835-76224585-0,4.6,-23.580005125,-46.4126035,,,,1,2023-06-20T10:34:24+00:00
SAO_3064-10,São Paulo,3550308,True,Urubupungá,980,https://moovitapp.com/index/pt-br/transporte_p%C3%BAblico-line-980-Sao_Paulo-242-873835-76224585-0,4.6,-23.543450999999997,-46.411865,,,,1,2023-06-20T10:34:33+00:00
SAO_3064-10,São Paulo,3550308,True,Urubupungá,980,https://moovitapp.com/index/pt-br/transporte_p%C3%BAblico-line-980-Sao_Paulo-242-873835-76224585-0,4.6,-23.5827465,-46.4094955,,,,1,2023-06-20T10:34:52+00:00
SAO_3064-10,São Paulo,3550308,True,Urubupungá,980,https://moovitapp.com/index/pt-br/transporte_p%C3%BAblico-line-980-Sao_Paulo-242-873835-76224585-0,4.6,-23.592042499999998,-46.407144,,,,1,2023-06-20T10:34:27+00:00
SAO_3064-10,São Paulo,3550308,True,Urubupungá,980,https://moovitapp.com/index/pt-br/transporte_p%C3%BAblico-line-980-Sao_Paulo-242-873835-76224585-0,4.6,-23.544535,-46.4103215,,,,1,2023-06-20T10:34:44+00:00
SAO_1771-10,São Paulo,3550308,True,,634,,,-23.434153000000002,-46.580058,,,,1,2023-06-20T10:34:14+00:00
SAO_574J-10,São Paulo,3550308,True,,34453,,,-23.636083499999998,-46.641462,,,,2,2023-06-20T10:34:15+00:00
SAO_574J-10,São Paulo,3550308,True,,34453,,,-23.5777005,-46.576116999999996,,,,2,2023-06-20T10:34:27+00:00
SAO_574J-10,São Paulo,3550308,True,,34453,,,-23.636083499999998,-46.641462,,,,2,2023-06-20T10:34:43+00:00
SAO_574J-10,São Paulo,3550308,True,,34453,,,-23.568585499999998,-46.540464,,,,2,2023-06-20T10:34:52+00:00
SAO_574J-10,São Paulo,3550308,True,,34453,,,-23.60626,-46.599335499999995,,,,2,2023-06-20T10:34:34+00:00
SAO_2721-10,São Paulo,3550308,True,,934,,,-23.5193225,-46.409525,,,,1,2023-06-20T10:34:47+00:00
SAO_2721-10,São Paulo,3550308,True,,934,,,-23.54223,-46.4724785,,,,1,2023-06-20T10:34:33+00:00
SAO_2721-10,São Paulo,3550308,True,,934,,,-23.519189,-46.404845,,,,1,2023-06-20T10:34:34+00:00
SAO_2721-10,São Paulo,3550308,True,,934,,,-23.5193225,-46.409525,,,,1,2023-06-20T10:34:35+00:00
SAO_2721-10,São Paulo,3550308,True,,934,,,-23.5340005,-46.454611,,,,1,2023-06-20T10:34:37+00:00
SAO_2721-10,São Paulo,3550308,True,,934,,,-23.5193225,-46.409525,,,,1,2023-06-20T10:34:48+00:00
SAO_2721-10,São Paulo,3550308,True,,934,,,-23.5084425,-46.40723,,,,1,2023-06-20T10:34:34+00:00
SAO_2721-10,São Paulo,3550308,True,,934,,,-23.5193225,-46.409525,,,,1,2023-06-20T10:34:17+00:00
SAO_2721-10,São Paulo,3550308,True,,934,,,-23.506374,-46.4395195,,,,1,2023-06-20T10:34:28+00:00
SAO_2721-10,São Paulo,3550308,True,,934,,,-23.495227749999998,-46.43297925,,,,1,2023-06-20T10:34:10+00:00
SAO_2721-10,São Paulo,3550308,True,,934,,,-23.5193225,-46.409525,,,,1,2023-06-20T10:34:15+00:00
SAO_6059-10,São Paulo,3550308,True,,1226,,,-23.678835499999998,-46.741802,,,,1,2023-06-20T10:34:46+00:00
SAO_3761-10,São Paulo,3550308,True,,1051,,,-23.618599,-46.4234555,,,,1,2023-06-20T10:34:48+00:00
SAO_3761-10,São Paulo,3550308,True,,1051,,,-23.595607875,-46.437750124999994,,,,1,2023-06-20T10:34:32+00:00
SAO_3761-10,São Paulo,3550308,True,,1051,,,-23.61839375,-46.42342575,,,,1,2023-06-20T10:34:27+00:00
SAO_3761-10,São Paulo,3550308,True,,1051,,,-23.616551,-46.42312750000001,,,,1,2023-06-20T10:34:27+00:00
SAO_3761-10,São Paulo,3550308,True,,1051,,,-23.61771875,-46.4233285,,,,1,2023-06-20T10:34:40+00:00
SAO_3761-10,São Paulo,3550308,True,,1051,,,-23.61771875,-46.4233285,,,,1,2023-06-20T10:34:36+00:00
SAO_3761-10,São Paulo,3550308,True,,1051,,,-23.5941815,-46.479601,,,,1,2023-06-20T10:34:32+00:00
SAO_3761-10,São Paulo,3550308,True,,1051,,,-23.55984775,-46.51250399999999,,,,1,2023-06-20T10:34:47+00:00
SAO_3761-10,São Paulo,3550308,True,,1051,,,-23.61839375,-46.42342575,,,,1,2023-06-20T10:34:15+00:00
SAO_516N-10,São Paulo,3550308,True,EMTU,266,https://moovitapp.com/index/pt-br/transporte_p%C3%BAblico-line-266-Sao_Paulo-242-2038937-36419376-0,6.8,-23.6884275,-46.634654,,,,1,2023-06-20T10:34:31+00:00
SAO_2722-31,São Paulo,3550308,True,,936,,,-23.528614,-46.5162345,,,,1,2023-06-20T10:34:47+00:00
SAO_2722-31,São Paulo,3550308,True,,936,,,-23.521818,-46.515618,,,,1,2023-06-20T10:34:29+00:00
SAO_6806-10,São Paulo,3550308,True,,32800,,,-23.633952,-46.757903,,,,2,2023-06-20T10:34:32+00:00
SAO_179X-10,São Paulo,3550308,True,STT,680,https://moovitapp.com/index/pt-br/transporte_p%C3%BAblico-line-680-Sao_Paulo-242-850661-183334-0,5.3,-23.457583,-46.585353999999995,,,,1,2023-06-20T10:34:50+00:00
SAO_179X-10,São Paulo,3550308,True,STT,680,https://moovitapp.com/index/pt-br/transporte_p%C3%BAblico-line-680-Sao_Paulo-242-850661-183334-0,5.3,-23.436664,-46.576365499999994,,,,1,2023-06-20T10:34:23+00:00
SAO_179X-10,São Paulo,3550308,True,STT,680,https://moovitapp.com/index/pt-br/transporte_p%C3%BAblico-line-680-Sao_Paulo-242-850661-183334-0,5.3,-23.5269655,-46.664746,,,,1,2023-06-20T10:34:32+00:00
SAO_179X-10,São Paulo,3550308,True,STT,680,https://moovitapp.com/index/pt-br/transporte_p%C3%BAblico-line-680-Sao_Paulo-242-850661-183334-0,5.3,-23.432215,-46.571414000000004,,,,1,2023-06-20T10:34:33+00:00
SAO_875C-10,São Paulo,3550308,True,EMTU,478,https://moovitapp.com/index/pt-br/transporte_p%C3%BAblico-line-478-Sao_Paulo-242-2038937-36419510-0,6.25,-23.596650750000002,-46.648020125,,,,1,2023-06-20T10:34:44+00:00
SAO_875C-10,São Paulo,3550308,True,EMTU,478,https://moovitapp.com/index/pt-br/transporte_p%C3%BAblico-line-478-Sao_Paulo-242-2038937-36419510-0,6.25,-23.5201835,-46.699305499999994,,,,1,2023-06-20T10:34:36+00:00
SAO_875C-10,São Paulo,3550308,True,EMTU,478,https://moovitapp.com/index/pt-br/transporte_p%C3%BAblico-line-478-Sao_Paulo-242-2038937-36419510-0,6.25,-23.52012,-46.6994665,,,,1,2023-06-20T10:34:23+00:00
SAO_875C-10,São Paulo,3550308,True,EMTU,478,https://moovitapp.com/index/pt-br/transporte_p%C3%BAblico-line-478-Sao_Paulo-242-2038937-36419510-0,6.25,-23.52012,-46.6994665,,,,1,2023-06-20T10:34:30+00:00
SAO_875C-10,São Paulo,3550308,True,EMTU,478,https://moovitapp.com/index/pt-br/transporte_p%C3%BAblico-line-478-Sao_Paulo-242-2038937-36419510-0,6.25,-23.5201835,-46.699305499999994,,,,1,2023-06-20T10:34:44+00:00
SAO_677Y-10,São Paulo,3550308,True,,1240,,,-23.6837525,-46.7979185,,,,1,2023-06-20T10:34:41+00:00
SAO_677Y-10,São Paulo,3550308,True,,1240,,,-23.6836685,-46.7890555,,,,1,2023-06-20T10:34:46+00:00
SAO_677Y-10,São Paulo,3550308,True,,1240,,,-23.6836685,-46.7890555,,,,1,2023-06-20T10:34:25+00:00
SAO_677Y-10,São Paulo,3550308,True,,1240,,,-23.6836685,-46.7890555,,,,1,2023-06-20T10:34:33+00:00
SAO_677Y-10,São Paulo,3550308,True,,1240,,,-23.683731,-46.789654999999996,,,,1,2023-06-20T10:34:50+00:00
SAO_677Y-10,São Paulo,3550308,True,,1240,,,-23.6657115,-46.7709265,,,,1,2023-06-20T10:34:27+00:00
SAO_9009-10,São Paulo,3550308,True,,33645,,,-23.447998,-46.708507,,,,2,2023-06-20T10:34:24+00:00
SAO_9181-10,São Paulo,3550308,True,,885,,,-23.506587875,-46.68920250000001,,,,1,2023-06-20T10:34:25+00:00
SAO_9181-10,São Paulo,3550308,True,,885,,,-23.4646215,-46.6944935,,,,1,2023-06-20T10:34:42+00:00
SAO_9181-10,São Paulo,3550308,True,,885,,,-23.457559,-46.6963325,,,,1,2023-06-20T10:34:49+00:00
SAO_9181-10,São Paulo,3550308,True,,885,,,-23.457559,-46.6963325,,,,1,2023-06-20T10:34:46+00:00
SAO_3773-10,São Paulo,3550308,True,,1059,,,-23.534827999999997,-46.5482775,,,,1,2023-06-20T10:34:17+00:00
SAO_3773-10,São Paulo,3550308,True,,1059,,,-23.60521175,-46.462995500000005,,,,1,2023-06-20T10:34:32+00:00
SAO_3773-10,São Paulo,3550308,True,,1059,,,-23.57828,-46.498642000000004,,,,1,2023-06-20T10:34:14+00:00
SAO_7006-51,São Paulo,3550308,True,,1997,,,-23.7368685,-46.7807935,,,,1,2023-06-20T10:34:52+00:00
SAO_7006-51,São Paulo,3550308,True,,1997,,,-23.69138175,-46.77535775,,,,1,2023-06-20T10:34:20+00:00
SAO_7006-51,São Paulo,3550308,True,,1997,,,-23.670794,-46.772879,,,,1,2023-06-20T10:34:44+00:00
SAO_7006-51,São Paulo,3550308,True,,1997,,,-23.70742125,-46.7843955,,,,1,2023-06-20T10:34:50+00:00
SAO_513C-31,São Paulo,3550308,True,,2536,,,-23.6068155,-46.563219000000004,,,,1,2023-06-20T10:34:43+00:00
SAO_513C-31,São Paulo,3550308,True,,2536,,,-23.600853,-46.536923,,,,1,2023-06-20T10:32:07+00:00
SAO_513C-31,São Paulo,3550308,True,,2536,,,-23.5349475,-46.454305500000004,,,,1,2023-06-20T10:34:35+00:00
SAO_513C-31,São Paulo,3550308,True,,2536,,,-23.598927250000003,-46.55967175000001,,,,1,2023-06-20T10:34:18+00:00
SAO_273X-10,São Paulo,3550308,True,EMTU,392,https://moovitapp.com/index/pt-br/transporte_p%C3%BAblico-line-392-Sao_Paulo-242-2038937-36419460-0,5.8,-23.4938845,-46.37678150000001,,,,1,2023-06-20T10:34:41+00:00
SAO_273X-10,São Paulo,3550308,True,EMTU,392,https://moovitapp.com/index/pt-br/transporte_p%C3%BAblico-line-392-Sao_Paulo-242-2038937-36419460-0,5.8,-23.506556,-46.386415,,,,1,2023-06-20T10:34:52+00:00
SAO_273X-10,São Paulo,3550308,True,EMTU,392,https://moovitapp.com/index/pt-br/transporte_p%C3%BAblico-line-392-Sao_Paulo-242-2038937-36419460-0,5.8,-23.5399795,-46.4833685,,,,1,2023-06-20T10:34:49+00:00
SAO_273X-10,São Paulo,3550308,True,EMTU,392,https://moovitapp.com/index/pt-br/transporte_p%C3%BAblico-line-392-Sao_Paulo-242-2038937-36419460-0,5.8,-23.497937999999998,-46.461936,,,,1,2023-06-20T10:34:48+00:00
SAO_273X-10,São Paulo,3550308,True,EMTU,392,https://moovitapp.com/index/pt-br/transporte_p%C3%BAblico-line-392-Sao_Paulo-242-2038937-36419460-0,5.8,-23.506026375,-46.38575625,,,,1,2023-06-20T10:34:34+00:00
SAO_637J-10,São Paulo,3550308,True,EMTU,103,https://moovitapp.com/index/pt-br/transporte_p%C3%BAblico-line-103-Sao_Paulo-242-2038937-36419266-0,5.1,-23.734783,-46.7116455,,,,1,2023-06-20T10:34:31+00:00
SAO_2290-10,São Paulo,3550308,True,,718,,,-23.535464,-46.574429,,,,1,2023-06-20T10:34:33+00:00
SAO_2290-10,São Paulo,3550308,True,,718,,,-23.531905000000002,-46.56037025,,,,1,2023-06-20T10:34:38+00:00
SAO_2290-10,São Paulo,3550308,True,,718,,,-23.562568499999998,-46.515933000000004,,,,1,2023-06-20T10:34:36+00:00
SAO_2290-10,São Paulo,3550308,True,,718,,,-23.6131955,-46.476123,,,,1,2023-06-20T10:34:38+00:00
SAO_2290-10,São Paulo,3550308,True,,718,,,-23.602433875,-46.482662375,,,,1,2023-06-20T10:34:42+00:00
SAO_2290-10,São Paulo,3550308,True,,718,,,-23.5382745,-46.601580999999996,,,,1,2023-06-20T10:34:30+00:00
SAO_2290-10,São Paulo,3550308,True,,718,,,-23.6131955,-46.476123,,,,1,2023-06-20T10:34:28+00:00
SAO_2290-10,São Paulo,3550308,True,,718,,,-23.6131955,-46.476123,,,,1,2023-06-20T10:34:35+00:00
SAO_8615-10,São Paulo,3550308,True,,1339,,,-23.524931625,-46.698325749999995,,,,1,2023-06-20T10:34:28+00:00
SAO_5031-10,São Paulo,3550308,True,,34514,,,-23.63465,-46.590301499999995,,,,2,2023-06-20T10:34:50+00:00
SAO_5031-10,São Paulo,3550308,True,,34514,,,-23.6369775,-46.591483000000004,,,,2,2023-06-20T10:34:11+00:00
SAO_5031-10,São Paulo,3550308,True,,34514,,,-23.631254499999997,-46.5850025,,,,2,2023-06-20T10:34:42+00:00
SAO_5031-10,São Paulo,3550308,True,,34514,,,-23.603051999999998,-46.602856,,,,2,2023-06-20T10:33:40+00:00
SAO_1701-22,São Paulo,3550308,True,,2477,,,-23.4796155,-46.602089,,,,1,2023-06-20T10:34:47+00:00
SAO_1701-22,São Paulo,3550308,True,,2477,,,-23.4457865,-46.574812,,,,1,2023-06-20T10:34:50+00:00
SAO_2014-10,São Paulo,3550308,True,Urubupungá,900,https://moovitapp.com/index/pt-br/transporte_p%C3%BAblico-line-900-Sao_Paulo-242-873835-496470-0,4.6,-23.457081000000002,-46.669748,,,,1,2023-06-20T10:34:47+00:00
SAO_2014-10,São Paulo,3550308,True,Urubupungá,900,https://moovitapp.com/index/pt-br/transporte_p%C3%BAblico-line-900-Sao_Paulo-242-873835-496470-0,4.6,-23.457081000000002,-46.669748,,,,1,2023-06-20T10:34:29+00:00
SAO_2014-10,São Paulo,3550308,True,Urubupungá,900,https://moovitapp.com/index/pt-br/transporte_p%C3%BAblico-line-900-Sao_Paulo-242-873835-496470-0,4.6,-23.502126625000002,-46.662833125,,,,1,2023-06-20T10:34:39+00:00
SAO_2014-10,São Paulo,3550308,True,Urubupungá,900,https://moovitapp.com/index/pt-br/transporte_p%C3%BAblico-line-900-Sao_Paulo-242-873835-496470-0,4.6,-23.457081000000002,-46.669748,,,,1,2023-06-20T10:34:20+00:00
SAO_2014-10,São Paulo,3550308,True,Urubupungá,900,https://moovitapp.com/index/pt-br/transporte_p%C3%BAblico-line-900-Sao_Paulo-242-873835-496470-0,4.6,-23.457081000000002,-46.669748,,,,1,2023-06-20T10:34:25+00:00
SAO_2014-10,São Paulo,3550308,True,Urubupungá,900,https://moovitapp.com/index/pt-br/transporte_p%C3%BAblico-line-900-Sao_Paulo-242-873835-496470-0,4.6,-23.4799665,-46.673024999999996,,,,1,2023-06-20T10:34:22+00:00
SAO_2014-10,São Paulo,3550308,True,Urubupungá,900,https://moovitapp.com/index/pt-br/transporte_p%C3%BAblico-line-900-Sao_Paulo-242-873835-496470-0,4.6,-23.457081000000002,-46.669748,,,,1,2023-06-20T10:34:27+00:00
SAO_2014-10,São Paulo,3550308,True,Urubupungá,900,https://moovitapp.com/index/pt-br/transporte_p%C3%BAblico-line-900-Sao_Paulo-242-873835-496470-0,4.6,-23.457081000000002,-46.669748,,,,1,2023-06-20T10:34:29+00:00
SAO_2014-10,São Paulo,3550308,True,Urubupungá,900,https://moovitapp.com/index/pt-br/transporte_p%C3%BAblico-line-900-Sao_Paulo-242-873835-496470-0,4.6,-23.457081000000002,-46.669748,,,,1,2023-06-20T10:34:20+00:00
SAO_2014-10,São Paulo,3550308,True,Urubupungá,900,https://moovitapp.com/index/pt-br/transporte_p%C3%BAblico-line-900-Sao_Paulo-242-873835-496470-0,4.6,-23.457081000000002,-46.669748,,,,1,2023-06-20T10:34:41+00:00
SAO_2014-10,São Paulo,3550308,True,Urubupungá,900,https://moovitapp.com/index/pt-br/transporte_p%C3%BAblico-line-900-Sao_Paulo-242-873835-496470-0,4.6,-23.457081000000002,-46.669748,,,,1,2023-06-20T10:34:35+00:00
SAO_2014-10,São Paulo,3550308,True,Urubupungá,900,https://moovitapp.com/index/pt-br/transporte_p%C3%BAblico-line-900-Sao_Paulo-242-873835-496470-0,4.6,-23.520336,-46.6676285,,,,1,2023-06-20T10:34:53+00:00
SAO_2014-10,São Paulo,3550308,True,Urubupungá,900,https://moovitapp.com/index/pt-br/transporte_p%C3%BAblico-line-900-Sao_Paulo-242-873835-496470-0,4.6,-23.457081000000002,-46.669748,,,,1,2023-06-20T10:34:15+00:00
SAO_2014-10,São Paulo,3550308,True,Urubupungá,900,https://moovitapp.com/index/pt-br/transporte_p%C3%BAblico-line-900-Sao_Paulo-242-873835-496470-0,4.6,-23.457081000000002,-46.669748,,,,1,2023-06-20T10:34:31+00:00
SAO_2014-10,São Paulo,3550308,True,Urubupungá,900,https://moovitapp.com/index/pt-br/transporte_p%C3%BAblico-line-900-Sao_Paulo-242-873835-496470-0,4.6,-23.457081000000002,-46.669748,,,,1,2023-06-20T10:34:27+00:00
SAO_2014-10,São Paulo,3550308,True,Urubupungá,900,https://moovitapp.com/index/pt-br/transporte_p%C3%BAblico-line-900-Sao_Paulo-242-873835-496470-0,4.6,-23.457081000000002,-46.669748,,,,1,2023-06-20T10:34:34+00:00
SAO_2014-10,São Paulo,3550308,True,Urubupungá,900,https://moovitapp.com/index/pt-br/transporte_p%C3%BAblico-line-900-Sao_Paulo-242-873835-496470-0,4.6,-23.457081000000002,-46.669748,,,,1,2023-06-20T10:34:44+00:00
SAO_2014-10,São Paulo,3550308,True,Urubupungá,900,https://moovitapp.com/index/pt-br/transporte_p%C3%BAblico-line-900-Sao_Paulo-242-873835-496470-0,4.6,-23.457081000000002,-46.669748,,,,1,2023-06-20T10:34:48+00:00
SAO_2014-10,São Paulo,3550308,True,Urubupungá,900,https://moovitapp.com/index/pt-br/transporte_p%C3%BAblico-line-900-Sao_Paulo-242-873835-496470-0,4.6,-23.457081000000002,-46.669748,,,,1,2023-06-20T10:34:53+00:00
SAO_2014-10,São Paulo,3550308,True,Urubupungá,900,https://moovitapp.com/index/pt-br/transporte_p%C3%BAblico-line-900-Sao_Paulo-242-873835-496470-0,4.6,-23.453794,-46.66957025,,,,1,2023-06-20T10:34:39+00:00
SAO_2014-10,São Paulo,3550308,True,Urubupungá,900,https://moovitapp.com/index/pt-br/transporte_p%C3%BAblico-line-900-Sao_Paulo-242-873835-496470-0,4.6,-23.457081000000002,-46.669748,,,,1,2023-06-20T10:34:46+00:00
SAO_2014-10,São Paulo,3550308,True,Urubupungá,900,https://moovitapp.com/index/pt-br/transporte_p%C3%BAblico-line-900-Sao_Paulo-242-873835-496470-0,4.6,-23.457081000000002,-46.669748,,,,1,2023-06-20T10:34:11+00:00
SAO_9047-10,São Paulo,3550308,True,,33651,,,-23.461492999999997,-46.713212999999996,,,,2,2023-06-20T10:34:18+00:00
SAO_9047-10,São Paulo,3550308,True,,33651,,,-23.461492999999997,-46.713212999999996,,,,2,2023-06-20T10:34:27+00:00
SAO_9047-10,São Paulo,3550308,True,,33651,,,-23.4613235,-46.713106499999995,,,,2,2023-06-20T10:34:42+00:00
SAO_9047-10,São Paulo,3550308,True,,33651,,,-23.4613235,-46.713106499999995,,,,2,2023-06-20T10:34:21+00:00
SAO_746H-10,São Paulo,3550308,True,,33553,,,-23.642044249999998,-46.712233499999996,,,,2,2023-06-20T10:34:27+00:00
SAO_746H-10,São Paulo,3550308,True,,33553,,,-23.590621499999997,-46.7373755,,,,2,2023-06-20T10:34:39+00:00
SAO_746H-10,São Paulo,3550308,True,,33553,,,-23.6488435,-46.7061845,,,,2,2023-06-20T10:34:24+00:00
SAO_746H-10,São Paulo,3550308,True,,33553,,,-23.6493255,-46.7064985,,,,2,2023-06-20T10:34:29+00:00
SAO_3161-10,São Paulo,3550308,True,,1084,,,-23.583561000000003,-46.5251485,,,,1,2023-06-20T10:34:48+00:00
SAO_3161-10,São Paulo,3550308,True,,1084,,,-23.583561000000003,-46.5251485,,,,1,2023-06-20T10:34:50+00:00
SAO_3161-10,São Paulo,3550308,True,,1084,,,-23.5811265,-46.5374595,,,,1,2023-06-20T10:34:44+00:00
SAO_6820-10,São Paulo,3550308,True,BR7 Mobilidade,19,https://moovitapp.com/index/pt-br/transporte_p%C3%BAblico-line-19-Sao_Paulo-242-851856-516833-0,5.75,-23.664676,-46.791396,,,,1,2023-06-20T10:34:49+00:00
SAO_6820-10,São Paulo,3550308,True,BR7 Mobilidade,19,https://moovitapp.com/index/pt-br/transporte_p%C3%BAblico-line-19-Sao_Paulo-242-851856-516833-0,5.75,-23.660220000000002,-46.776787,,,,1,2023-06-20T10:34:21+00:00
SAO_407J-10,São Paulo,3550308,True,,2198,,,-23.569470000000003,-46.478796,,,,1,2023-06-20T10:34:26+00:00
SAO_407J-10,São Paulo,3550308,True,,2198,,,-23.5431985,-46.564817,,,,1,2023-06-20T10:34:39+00:00
SAO_407J-10,São Paulo,3550308,True,,2198,,,-23.553662,-46.403915,,,,1,2023-06-20T10:34:15+00:00
SAO_407J-10,São Paulo,3550308,True,,2198,,,-23.553662,-46.403915,,,,1,2023-06-20T10:34:47+00:00
SAO_N343-11,São Paulo,3550308,True,,35123,,,-23.518356500000003,-46.461991499999996,,,,2,2023-06-20T10:34:51+00:00
SAO_2719-10,São Paulo,3550308,True,,33700,,,-23.494781500000002,-46.469409999999996,,,,2,2023-06-20T10:34:49+00:00
SAO_2719-10,São Paulo,3550308,True,,33700,,,-23.494899500000002,-46.469189,,,,2,2023-06-20T10:34:42+00:00
SAO_2719-10,São Paulo,3550308,True,,33700,,,-23.494729,-46.4696005,,,,2,2023-06-20T10:34:34+00:00
SAO_2719-10,São Paulo,3550308,True,,33700,,,-23.494764500000002,-46.4694635,,,,2,2023-06-20T10:34:24+00:00
SAO_2719-10,São Paulo,3550308,True,,33700,,,-23.494701499999998,-46.469716000000005,,,,2,2023-06-20T10:34:23+00:00
SAO_2719-10,São Paulo,3550308,True,,33700,,,-23.492924,-46.476112,,,,2,2023-06-20T10:34:29+00:00
SAO_6450-10,São Paulo,3550308,True,,59,,,-23.644312499999998,-46.700385,,,,1,2023-06-20T10:34:51+00:00
SAO_6450-10,São Paulo,3550308,True,,59,,,-23.57027475,-46.66202125,,,,1,2023-06-20T10:34:11+00:00
SAO_715M-10,São Paulo,3550308,True,,33258,,,-23.5566095,-46.634146,,,,2,2023-06-20T10:34:43+00:00
SAO_177Y-10,São Paulo,3550308,True,,867,,,-23.5659435,-46.701088999999996,,,,1,2023-06-20T10:34:11+00:00
SAO_177Y-10,São Paulo,3550308,True,,867,,,-23.5273505,-46.6667755,,,,1,2023-06-20T10:34:48+00:00
SAO_177Y-10,São Paulo,3550308,True,,867,,,-23.5387535,-46.67485525,,,,1,2023-06-20T10:34:52+00:00
SAO_6015-10,São Paulo,3550308,True,,1205,,,-23.68070375,-46.7654765,,,,1,2023-06-20T10:34:55+00:00
SAO_6015-10,São Paulo,3550308,True,,1205,,,-23.734715,-46.7945555,,,,1,2023-06-20T10:34:35+00:00
SAO_6015-10,São Paulo,3550308,True,,1205,,,-23.665875,-46.7128965,,,,1,2023-06-20T10:34:30+00:00
SAO_6015-10,São Paulo,3550308,True,,1205,,,-23.734715,-46.7945555,,,,1,2023-06-20T10:34:50+00:00
SAO_6015-10,São Paulo,3550308,True,,1205,,,-23.70742125,-46.7843955,,,,1,2023-06-20T10:34:41+00:00
SAO_6015-10,São Paulo,3550308,True,,1205,,,-23.735017,-46.794526000000005,,,,1,2023-06-20T10:34:12+00:00
SAO_5032-10,São Paulo,3550308,True,,1662,,,-23.635451500000002,-46.591722000000004,,,,1,2023-06-20T10:34:38+00:00
SAO_5032-10,São Paulo,3550308,True,,1662,,,-23.624238,-46.591031,,,,1,2023-06-20T10:34:44+00:00
SAO_5032-10,São Paulo,3550308,True,,1662,,,-23.595847499999998,-46.60072875,,,,1,2023-06-20T10:34:28+00:00
SAO_5032-10,São Paulo,3550308,True,,1662,,,-23.601829249999998,-46.58640175,,,,1,2023-06-20T10:34:20+00:00
SAO_2076-10,São Paulo,3550308,True,,368,,,-23.5015485,-46.37064675,,,,1,2023-06-20T10:34:32+00:00
SAO_2076-10,São Paulo,3550308,True,,368,,,-23.492106999999997,-46.383089,,,,1,2023-06-20T10:34:13+00:00
SAO_2076-10,São Paulo,3550308,True,,368,,,-23.500357,-46.385503,,,,1,2023-06-20T10:34:31+00:00
SAO_8013-10,São Paulo,3550308,True,,33568,,,-23.519316000000003,-46.70403,,,,2,2023-06-20T10:34:30+00:00
SAO_8013-10,São Paulo,3550308,True,,33568,,,-23.432624500000003,-46.78662475,,,,2,2023-06-20T10:34:34+00:00
SAO_8013-10,São Paulo,3550308,True,,33568,,,-23.4315405,-46.7867875,,,,2,2023-06-20T10:34:32+00:00
SAO_2762-10,São Paulo,3550308,True,,32912,,,-23.486237625,-46.476904125000004,,,,2,2023-06-20T10:34:20+00:00
SAO_5154-10,São Paulo,3550308,True,EMTU,353,https://moovitapp.com/index/pt-br/transporte_p%C3%BAblico-line-353-Sao_Paulo-242-2038937-36419436-0,5.1,-23.554430500000002,-46.638824125,,,,1,2023-06-20T10:34:13+00:00
SAO_5154-10,São Paulo,3550308,True,EMTU,353,https://moovitapp.com/index/pt-br/transporte_p%C3%BAblico-line-353-Sao_Paulo-242-2038937-36419436-0,5.1,-23.654157,-46.710629,,,,1,2023-06-20T10:34:31+00:00
SAO_5154-10,São Paulo,3550308,True,EMTU,353,https://moovitapp.com/index/pt-br/transporte_p%C3%BAblico-line-353-Sao_Paulo-242-2038937-36419436-0,5.1,-23.654157,-46.710629,,,,1,2023-06-20T10:34:54+00:00
SAO_5154-10,São Paulo,3550308,True,EMTU,353,https://moovitapp.com/index/pt-br/transporte_p%C3%BAblico-line-353-Sao_Paulo-242-2038937-36419436-0,5.1,-23.6135745,-46.697574,,,,1,2023-06-20T10:27:16+00:00
SAO_148L-10,São Paulo,3550308,True,,33299,,,-23.4653245,-46.6517335,,,,2,2023-06-20T10:34:45+00:00
SAO_148L-10,São Paulo,3550308,True,,33299,,,-23.46481,-46.65197525,,,,2,2023-06-20T10:34:42+00:00
SAO_148L-10,São Paulo,3550308,True,,33299,,,-23.465025999999998,-46.65187775,,,,2,2023-06-20T10:34:42+00:00
SAO_148L-10,São Paulo,3550308,True,,33299,,,-23.465025999999998,-46.65187775,,,,2,2023-06-20T10:34:35+00:00
SAO_148L-10,São Paulo,3550308,True,,33299,,,-23.46481,-46.65197525,,,,2,2023-06-20T10:34:38+00:00
SAO_148L-10,São Paulo,3550308,True,,33299,,,-23.464495499999998,-46.65211625,,,,2,2023-06-20T10:34:39+00:00
SAO_148L-10,São Paulo,3550308,True,,33299,,,-23.464495499999998,-46.65211625,,,,2,2023-06-20T10:34:40+00:00
SAO_148L-10,São Paulo,3550308,True,,33299,,,-23.454971999999998,-46.6523675,,,,2,2023-06-20T10:34:45+00:00
SAO_148L-10,São Paulo,3550308,True,,33299,,,-23.465025999999998,-46.65187775,,,,2,2023-06-20T10:34:26+00:00
SAO_574C-10,São Paulo,3550308,True,,1639,,,-23.59042675,-46.55175075,,,,1,2023-06-20T10:34:09+00:00
SAO_574C-10,São Paulo,3550308,True,,1639,,,-23.611714499999998,-46.4734285,,,,1,2023-06-20T10:34:52+00:00
SAO_574C-10,São Paulo,3550308,True,,1639,,,-23.598406,-46.521371,,,,1,2023-06-20T10:34:39+00:00
SAO_574C-10,São Paulo,3550308,True,,1639,,,-23.6018625,-46.5700175,,,,1,2023-06-20T10:34:25+00:00
SAO_574C-10,São Paulo,3550308,True,,1639,,,-23.610749499999997,-46.483764,,,,1,2023-06-20T10:34:22+00:00
SAO_3766-10,São Paulo,3550308,True,,1055,,,-23.553675499999997,-46.427672,,,,1,2023-06-20T10:34:14+00:00
SAO_3766-10,São Paulo,3550308,True,,1055,,,-23.553675499999997,-46.427672,,,,1,2023-06-20T10:34:32+00:00
SAO_3766-10,São Paulo,3550308,True,,1055,,,-23.553675499999997,-46.427672,,,,1,2023-06-20T10:34:17+00:00
SAO_3766-10,São Paulo,3550308,True,,1055,,,-23.553675499999997,-46.427672,,,,1,2023-06-20T10:34:19+00:00
SAO_3766-10,São Paulo,3550308,True,,1055,,,-23.553675499999997,-46.427672,,,,1,2023-06-20T10:34:34+00:00
SAO_3766-10,São Paulo,3550308,True,,1055,,,-23.5547095,-46.4321445,,,,1,2023-06-20T10:34:32+00:00
SAO_3766-10,São Paulo,3550308,True,,1055,,,-23.553675499999997,-46.427672,,,,1,2023-06-20T10:34:42+00:00
SAO_3766-10,São Paulo,3550308,True,,1055,,,-23.5389245,-46.4390705,,,,1,2023-06-20T10:34:28+00:00
SAO_3766-10,São Paulo,3550308,True,,1055,,,-23.553675499999997,-46.427672,,,,1,2023-06-20T10:34:37+00:00
SAO_6072-23,São Paulo,3550308,True,,2004,,,-23.767591,-46.7163045,,,,1,2023-06-20T10:34:47+00:00
SAO_6072-23,São Paulo,3550308,True,,2004,,,-23.767591,-46.7163045,,,,1,2023-06-20T10:34:42+00:00
SAO_6072-23,São Paulo,3550308,True,,2004,,,-23.767591,-46.7163045,,,,1,2023-06-20T10:34:30+00:00
SAO_6072-23,São Paulo,3550308,True,,2004,,,-23.767591,-46.7163045,,,,1,2023-06-20T10:34:37+00:00
SAO_6072-23,São Paulo,3550308,True,,2004,,,-23.767591,-46.7163045,,,,1,2023-06-20T10:34:40+00:00
SAO_6072-23,São Paulo,3550308,True,,2004,,,-23.767591,-46.7163045,,,,1,2023-06-20T10:34:54+00:00
SAO_278A-10,São Paulo,3550308,True,,33474,,,-23.512909,-46.531287250000005,,,,2,2023-06-20T10:34:51+00:00
SAO_9188-10,São Paulo,3550308,True,,33577,,,-23.454276,-46.7289815,,,,2,2023-06-20T10:34:29+00:00
SAO_9188-10,São Paulo,3550308,True,,33577,,,-23.454522500000003,-46.737875,,,,2,2023-06-20T10:34:45+00:00
SAO_3023-10,São Paulo,3550308,True,,33728,,,-23.633243,-46.4727775,,,,2,2023-06-20T10:34:32+00:00
SAO_3023-10,São Paulo,3550308,True,,33728,,,-23.633243,-46.4727775,,,,2,2023-06-20T10:34:23+00:00
SAO_3023-10,São Paulo,3550308,True,,33728,,,-23.629894,-46.470273,,,,2,2023-06-20T10:34:42+00:00
SAO_3023-10,São Paulo,3550308,True,,33728,,,-23.633243,-46.4727775,,,,2,2023-06-20T10:34:37+00:00
SAO_8548-10,São Paulo,3550308,True,EMTU,578,https://moovitapp.com/index/pt-br/transporte_p%C3%BAblico-line-578-Sao_Paulo-242-2038937-36419568-0,5.4,-23.4473105,-46.7155255,,,,1,2023-06-20T10:34:21+00:00
SAO_8548-10,São Paulo,3550308,True,EMTU,578,https://moovitapp.com/index/pt-br/transporte_p%C3%BAblico-line-578-Sao_Paulo-242-2038937-36419568-0,5.4,-23.457116,-46.69102975,,,,1,2023-06-20T10:34:31+00:00
SAO_6505-10,São Paulo,3550308,True,,34218,,,-23.669123750000004,-46.7350165,,,,2,2023-06-20T10:34:39+00:00
SAO_6078-10,São Paulo,3550308,True,,1166,,,-23.716451499999998,-46.699146999999996,,,,1,2023-06-20T10:34:13+00:00
SAO_6078-10,São Paulo,3550308,True,,1166,,,-23.742619249999997,-46.660379999999996,,,,1,2023-06-20T10:34:27+00:00
SAO_6078-10,São Paulo,3550308,True,,1166,,,-23.670115000000003,-46.6794165,,,,1,2023-06-20T10:34:24+00:00
SAO_6078-10,São Paulo,3550308,True,,1166,,,-23.743281000000003,-46.665178125,,,,1,2023-06-20T10:34:46+00:00
SAO_6078-10,São Paulo,3550308,True,,1166,,,-23.7552135,-46.6770055,,,,1,2023-06-20T10:34:32+00:00
SAO_2006-10,São Paulo,3550308,True,,895,,,-23.5048955,-46.366649,,,,1,2023-06-20T10:34:28+00:00
SAO_2006-10,São Paulo,3550308,True,,895,,,-23.489709750000003,-46.38050725,,,,1,2023-06-20T10:34:47+00:00
SAO_2006-10,São Paulo,3550308,True,,895,,,-23.510832999999998,-46.366727,,,,1,2023-06-20T10:34:47+00:00
SAO_2006-10,São Paulo,3550308,True,,895,,,-23.50278275,-46.367028875,,,,1,2023-06-20T10:34:51+00:00
SAO_2006-10,São Paulo,3550308,True,,895,,,-23.4941615,-46.400386,,,,1,2023-06-20T10:34:27+00:00
SAO_2006-10,São Paulo,3550308,True,,895,,,-23.498654000000002,-46.370011000000005,,,,1,2023-06-20T10:33:13+00:00
SAO_5035-10,São Paulo,3550308,True,,1668,,,-23.602926,-46.6020545,,,,1,2023-06-20T10:34:45+00:00
SAO_5035-10,São Paulo,3550308,True,,1668,,,-23.625494000000003,-46.5955385,,,,1,2023-06-20T10:34:41+00:00
SAO_6072-10,São Paulo,3550308,True,,1588,,,-23.827348,-46.69764012499999,,,,1,2023-06-20T10:34:34+00:00
SAO_6072-10,São Paulo,3550308,True,,1588,,,-23.7743975,-46.72064575,,,,1,2023-06-20T10:34:48+00:00
SAO_6072-10,São Paulo,3550308,True,,1588,,,-23.7878635,-46.7148465,,,,1,2023-06-20T10:34:22+00:00
SAO_6072-10,São Paulo,3550308,True,,1588,,,-23.7665845,-46.7163125,,,,1,2023-06-20T10:34:27+00:00
SAO_6072-10,São Paulo,3550308,True,,1588,,,-23.815824499999998,-46.706314,,,,1,2023-06-20T10:34:38+00:00
SAO_6072-10,São Paulo,3550308,True,,1588,,,-23.774646500000003,-46.72047125,,,,1,2023-06-20T10:34:43+00:00
SAO_6072-10,São Paulo,3550308,True,,1588,,,-23.766939,-46.716361,,,,1,2023-06-20T10:34:17+00:00
SAO_407F-10,São Paulo,3550308,True,,34935,,,-23.612038499999997,-46.4762595,,,,2,2023-06-20T10:31:28+00:00
SAO_1722-10,São Paulo,3550308,True,,33632,,,-23.4798095,-46.601954500000005,,,,2,2023-06-20T10:34:38+00:00
SAO_1722-10,São Paulo,3550308,True,,33632,,,-23.4796515,-46.602113,,,,2,2023-06-20T10:34:43+00:00
SAO_1722-10,São Paulo,3550308,True,,33632,,,-23.469086,-46.644499499999995,,,,2,2023-06-20T10:34:42+00:00
SAO_1722-10,São Paulo,3550308,True,,33632,,,-23.47628125,-46.661888250000004,,,,2,2023-06-20T10:34:12+00:00
SAO_1722-10,São Paulo,3550308,True,,33632,,,-23.479476500000004,-46.601733499999995,,,,2,2023-06-20T10:34:33+00:00
SAO_6092-10,São Paulo,3550308,True,,1177,,,-23.7784955,-46.6839665,,,,1,2023-06-20T10:34:44+00:00
SAO_6092-10,São Paulo,3550308,True,,1177,,,-23.763702000000002,-46.692229499999996,,,,1,2023-06-20T10:34:37+00:00
SAO_6092-10,São Paulo,3550308,True,,1177,,,-23.754277000000002,-46.6875835,,,,1,2023-06-20T10:34:41+00:00
SAO_8605-10,São Paulo,3550308,True,,34685,,,-23.6313825,-46.77286,,,,2,2023-06-20T10:34:32+00:00
SAO_4708-10,São Paulo,3550308,True,EMTU,332,https://moovitapp.com/index/pt-br/transporte_p%C3%BAblico-line-332-Sao_Paulo-242-2038937-36419418-0,4.5,-23.62711675,-46.60636875,,,,1,2023-06-20T10:34:38+00:00
SAO_N703-11,São Paulo,3550308,True,,35176,,,-23.655783,-46.707644,,,,2,2023-06-20T10:34:42+00:00
SAO_4310-10,São Paulo,3550308,True,,34928,,,-23.54956025,-46.605112000000005,,,,2,2023-06-20T10:34:32+00:00
SAO_4310-10,São Paulo,3550308,True,,34928,,,-23.534983500000003,-46.4537445,,,,2,2023-06-20T10:34:36+00:00
SAO_4310-10,São Paulo,3550308,True,,34928,,,-23.534565999999998,-46.4530625,,,,2,2023-06-20T10:34:39+00:00
SAO_4310-10,São Paulo,3550308,True,,34928,,,-23.534983500000003,-46.4537445,,,,2,2023-06-20T10:34:29+00:00
SAO_809P-10,São Paulo,3550308,True,,34659,,,-23.616906,-46.7573915,,,,2,2023-06-20T10:34:18+00:00
SAO_809P-10,São Paulo,3550308,True,,34659,,,-23.6310935,-46.773485,,,,2,2023-06-20T10:34:18+00:00
SAO_809P-10,São Paulo,3550308,True,,34659,,,-23.631579000000002,-46.772447,,,,2,2023-06-20T10:34:55+00:00
SAO_809P-10,São Paulo,3550308,True,,34659,,,-23.6313825,-46.77286,,,,2,2023-06-20T10:34:32+00:00
SAO_8705-10,São Paulo,3550308,True,,2072,,,-23.5473665,-46.7605345,,,,1,2023-06-20T10:34:47+00:00
SAO_8705-10,São Paulo,3550308,True,,2072,,,-23.551639,-46.757655,,,,1,2023-06-20T10:34:18+00:00
SAO_8705-10,São Paulo,3550308,True,,2072,,,-23.547646999999998,-46.760248000000004,,,,1,2023-06-20T10:34:26+00:00
SAO_8705-10,São Paulo,3550308,True,,2072,,,-23.547646999999998,-46.760248000000004,,,,1,2023-06-20T10:34:29+00:00
SAO_8705-10,São Paulo,3550308,True,,2072,,,-23.547646999999998,-46.760248000000004,,,,1,2023-06-20T10:34:11+00:00
SAO_8705-10,São Paulo,3550308,True,,2072,,,-23.5479865,-46.759896,,,,1,2023-06-20T10:34:35+00:00
SAO_8705-10,São Paulo,3550308,True,,2072,,,-23.547646999999998,-46.760248000000004,,,,1,2023-06-20T10:34:48+00:00
SAO_8705-10,São Paulo,3550308,True,,2072,,,-23.5473665,-46.7605345,,,,1,2023-06-20T10:34:46+00:00
SAO_8705-10,São Paulo,3550308,True,,2072,,,-23.5478735,-46.760012,,,,1,2023-06-20T10:34:52+00:00
SAO_8705-10,São Paulo,3550308,True,,2072,,,-23.5473665,-46.7605345,,,,1,2023-06-20T10:34:42+00:00
SAO_273R-10,São Paulo,3550308,True,,32994,,,-23.51543675,-46.456217499999994,,,,2,2023-06-20T10:34:51+00:00
SAO_273R-10,São Paulo,3550308,True,,32994,,,-23.52228,-46.4125755,,,,2,2023-06-20T10:34:02+00:00
SAO_273R-10,São Paulo,3550308,True,,32994,,,-23.5126095,-46.433842,,,,2,2023-06-20T10:34:00+00:00
SAO_3718-10,São Paulo,3550308,True,,1013,,,-23.540547,-46.485232999999994,,,,1,2023-06-20T10:34:16+00:00
SAO_3718-10,São Paulo,3550308,True,,1013,,,-23.557748000000004,-46.489372375,,,,1,2023-06-20T10:34:19+00:00
SAO_3718-10,São Paulo,3550308,True,,1013,,,-23.542741,-46.482468,,,,1,2023-06-20T10:34:17+00:00
SAO_3718-10,São Paulo,3550308,True,,1013,,,-23.557025,-46.4865765,,,,1,2023-06-20T10:34:41+00:00
SAO_3718-10,São Paulo,3550308,True,,1013,,,-23.5535905,-46.489943,,,,1,2023-06-20T10:34:52+00:00
SAO_6059-10,São Paulo,3550308,True,,33994,,,-23.6802975,-46.743245,,,,2,2023-06-20T10:34:40+00:00
SAO_6059-10,São Paulo,3550308,True,,33994,,,-23.6802505,-46.7430045,,,,2,2023-06-20T10:34:22+00:00
SAO_8003-10,São Paulo,3550308,True,,1253,,,-23.5203685,-46.7463345,,,,1,2023-06-20T10:34:29+00:00
SAO_148P-10,São Paulo,3550308,True,,33302,,,-23.526382499999997,-46.6660375,,,,2,2023-06-20T10:34:40+00:00
SAO_148P-10,São Paulo,3550308,True,,33302,,,-23.512549999999997,-46.6593875,,,,2,2023-06-20T10:34:12+00:00
SAO_148P-10,São Paulo,3550308,True,,33302,,,-23.458014499999997,-46.642661000000004,,,,2,2023-06-20T10:34:14+00:00
SAO_819A-10,São Paulo,3550308,True,Rápido Campinas,803,https://moovitapp.com/index/pt-br/transporte_p%C3%BAblico-line-803-Sao_Paulo-242-858660-544941-0,5.3,-23.4549025,-46.738572000000005,,,,1,2023-06-20T10:34:25+00:00
SAO_819A-10,São Paulo,3550308,True,Rápido Campinas,803,https://moovitapp.com/index/pt-br/transporte_p%C3%BAblico-line-803-Sao_Paulo-242-858660-544941-0,5.3,-23.459438249999998,-46.688077250000006,,,,1,2023-06-20T10:34:37+00:00
SAO_819A-10,São Paulo,3550308,True,Rápido Campinas,803,https://moovitapp.com/index/pt-br/transporte_p%C3%BAblico-line-803-Sao_Paulo-242-858660-544941-0,5.3,-23.4329825,-46.750452499999994,,,,1,2023-06-20T10:34:44+00:00
SAO_819A-10,São Paulo,3550308,True,Rápido Campinas,803,https://moovitapp.com/index/pt-br/transporte_p%C3%BAblico-line-803-Sao_Paulo-242-858660-544941-0,5.3,-23.435499999999998,-46.71588675,,,,1,2023-06-20T10:34:20+00:00
SAO_819A-10,São Paulo,3550308,True,Rápido Campinas,803,https://moovitapp.com/index/pt-br/transporte_p%C3%BAblico-line-803-Sao_Paulo-242-858660-544941-0,5.3,-23.452482,-46.7364105,,,,1,2023-06-20T10:34:41+00:00
SAO_819A-10,São Paulo,3550308,True,Rápido Campinas,803,https://moovitapp.com/index/pt-br/transporte_p%C3%BAblico-line-803-Sao_Paulo-242-858660-544941-0,5.3,-23.438405,-46.748092,,,,1,2023-06-20T10:34:13+00:00
SAO_1024-10,São Paulo,3550308,True,,35070,,,-23.460804500000002,-46.7086025,,,,2,2023-06-20T10:34:49+00:00
SAO_1024-10,São Paulo,3550308,True,,35070,,,-23.4586365,-46.706729499999994,,,,2,2023-06-20T10:34:15+00:00
SAO_1024-10,São Paulo,3550308,True,,35070,,,-23.4756255,-46.6967755,,,,2,2023-06-20T10:34:12+00:00
SAO_809P-10,São Paulo,3550308,True,,1891,,,-23.587075499999997,-46.7254545,,,,1,2023-06-20T10:34:42+00:00
SAO_809P-10,São Paulo,3550308,True,,1891,,,-23.621795499999998,-46.758084,,,,1,2023-06-20T10:34:31+00:00
SAO_6015-10,São Paulo,3550308,True,,33973,,,-23.729893,-46.785934999999995,,,,2,2023-06-20T10:34:37+00:00
SAO_6015-10,São Paulo,3550308,True,,33973,,,-23.6675375,-46.730432,,,,2,2023-06-20T10:34:38+00:00
SAO_6015-10,São Paulo,3550308,True,,33973,,,-23.646549812499998,-46.70300625,,,,2,2023-06-20T10:34:27+00:00
SAO_3763-10,São Paulo,3550308,True,,1054,,,-23.564580499999998,-46.548347,,,,1,2023-06-20T10:34:51+00:00
SAO_3763-10,São Paulo,3550308,True,,1054,,,-23.560988000000002,-46.5320935,,,,1,2023-06-20T10:34:49+00:00
SAO_3763-10,São Paulo,3550308,True,,1054,,,-23.546538750000003,-46.559937375000004,,,,1,2023-06-20T10:34:33+00:00
SAO_9005-10,São Paulo,3550308,True,,33640,,,-23.4542405,-46.693987250000006,,,,2,2023-06-20T10:34:31+00:00
SAO_9005-10,São Paulo,3550308,True,,33640,,,-23.4499275,-46.685887,,,,2,2023-06-20T10:34:48+00:00
SAO_9005-10,São Paulo,3550308,True,,33640,,,-23.4748455,-46.669852500000005,,,,2,2023-06-20T10:34:43+00:00
SAO_9005-10,São Paulo,3550308,True,,33640,,,-23.4748455,-46.669852500000005,,,,2,2023-06-20T10:34:52+00:00
SAO_9005-10,São Paulo,3550308,True,,33640,,,-23.4542405,-46.693987250000006,,,,2,2023-06-20T10:34:22+00:00
SAO_6051-31,São Paulo,3550308,True,,34374,,,-23.7628215,-46.688933500000005,,,,2,2023-06-20T10:34:44+00:00
SAO_6051-31,São Paulo,3550308,True,,34374,,,-23.762576000000003,-46.689004,,,,2,2023-06-20T10:34:34+00:00
SAO_574W-10,São Paulo,3550308,True,,1629,,,-23.620199,-46.48352475,,,,1,2023-06-20T10:34:53+00:00
SAO_574W-10,São Paulo,3550308,True,,1629,,,-23.6127315,-46.491023999999996,,,,1,2023-06-20T10:34:47+00:00
SAO_574W-10,São Paulo,3550308,True,,1629,,,-23.562314999999998,-46.551222499999994,,,,1,2023-06-20T10:34:19+00:00
SAO_574W-10,São Paulo,3550308,True,,1629,,,-23.614102,-46.4970335,,,,1,2023-06-20T10:34:41+00:00
SAO_574W-10,São Paulo,3550308,True,,1629,,,-23.576328,-46.5209105,,,,1,2023-06-20T10:34:34+00:00
SAO_6026-10,São Paulo,3550308,True,,87,,,-23.678694999999998,-46.696304749999996,,,,1,2023-06-20T10:34:36+00:00
SAO_6026-10,São Paulo,3550308,True,,87,,,-23.718679,-46.699015,,,,1,2023-06-20T10:34:28+00:00
SAO_6026-10,São Paulo,3550308,True,,87,,,-23.748356,-46.703650999999994,,,,1,2023-06-20T10:34:22+00:00
SAO_3053-10,São Paulo,3550308,True,,973,,,-23.583888,-46.5346095,,,,1,2023-06-20T10:34:40+00:00
SAO_3053-10,São Paulo,3550308,True,,973,,,-23.5428375,-46.587731000000005,,,,1,2023-06-20T10:34:18+00:00
SAO_3053-10,São Paulo,3550308,True,,973,,,-23.561656499999998,-46.5635645,,,,1,2023-06-20T10:34:15+00:00
SAO_3053-10,São Paulo,3550308,True,,973,,,-23.5915035,-46.5033445,,,,1,2023-06-20T10:34:37+00:00
SAO_6093-10,São Paulo,3550308,True,,34353,,,-23.8541825,-46.713719,,,,2,2023-06-20T10:28:42+00:00
SAO_5123-10,São Paulo,3550308,True,,33893,,,-23.679189,-46.6308415,,,,2,2023-06-20T10:34:48+00:00
SAO_5123-10,São Paulo,3550308,True,,33893,,,-23.678922999999998,-46.630571,,,,2,2023-06-20T10:34:13+00:00
SAO_9785-10,São Paulo,3550308,True,,33596,,,-23.4566515,-46.6990195,,,,2,2023-06-20T10:34:26+00:00
SAO_9785-10,São Paulo,3550308,True,,33596,,,-23.4567625,-46.6990585,,,,2,2023-06-20T10:34:38+00:00
SAO_9785-10,São Paulo,3550308,True,,33596,,,-23.5263985,-46.665847,,,,2,2023-06-20T10:34:34+00:00
SAO_9785-10,São Paulo,3550308,True,,33596,,,-23.457986,-46.699659,,,,2,2023-06-20T10:34:51+00:00
SAO_9785-10,São Paulo,3550308,True,,33596,,,-23.456933,-46.69915625,,,,2,2023-06-20T10:34:24+00:00
SAO_1757-10,São Paulo,3550308,True,,33316,,,-23.471206000000002,-46.6367925,,,,2,2023-06-20T10:34:32+00:00
SAO_7049-10,São Paulo,3550308,True,,1912,,,-23.7116535,-46.777972,,,,1,2023-06-20T10:34:49+00:00
SAO_7049-10,São Paulo,3550308,True,,1912,,,-23.7116535,-46.777972,,,,1,2023-06-20T10:34:36+00:00
SAO_7049-10,São Paulo,3550308,True,,1912,,,-23.71137775,-46.782644250000004,,,,1,2023-06-20T10:34:29+00:00
SAO_7049-10,São Paulo,3550308,True,,1912,,,-23.7116535,-46.777972,,,,1,2023-06-20T10:34:33+00:00
SAO_7049-10,São Paulo,3550308,True,,1912,,,-23.7116535,-46.777972,,,,1,2023-06-20T10:34:14+00:00
SAO_7049-10,São Paulo,3550308,True,,1912,,,-23.6371005,-46.779114500000006,,,,1,2023-06-20T10:34:49+00:00
SAO_7049-10,São Paulo,3550308,True,,1912,,,-23.67028425,-46.786122000000006,,,,1,2023-06-20T10:34:29+00:00
SAO_7049-10,São Paulo,3550308,True,,1912,,,-23.71189,-46.777949500000005,,,,1,2023-06-20T10:34:40+00:00
SAO_7049-10,São Paulo,3550308,True,,1912,,,-23.690655,-46.774251500000005,,,,1,2023-06-20T10:34:56+00:00
SAO_7049-10,São Paulo,3550308,True,,1912,,,-23.7116535,-46.777972,,,,1,2023-06-20T10:34:14+00:00
SAO_5757-51,São Paulo,3550308,True,,34744,,,-23.635112499999998,-46.640995000000004,,,,2,2023-06-20T10:34:52+00:00
SAO_5757-51,São Paulo,3550308,True,,34744,,,-23.70636,-46.64149,,,,2,2023-06-20T10:34:10+00:00
SAO_5757-51,São Paulo,3550308,True,,34744,,,-23.635112499999998,-46.640995000000004,,,,2,2023-06-20T10:33:20+00:00
SAO_5757-51,São Paulo,3550308,True,,34744,,,-23.635112499999998,-46.640995000000004,,,,2,2023-06-20T10:34:13+00:00
SAO_5757-51,São Paulo,3550308,True,,34744,,,-23.635112499999998,-46.640995000000004,,,,2,2023-06-20T10:34:21+00:00
SAO_5757-51,São Paulo,3550308,True,,34744,,,-23.635112499999998,-46.640995000000004,,,,2,2023-06-20T10:34:48+00:00
SAO_5757-51,São Paulo,3550308,True,,34744,,,-23.635112499999998,-46.640995000000004,,,,2,2023-06-20T10:34:21+00:00
SAO_5757-51,São Paulo,3550308,True,,34744,,,-23.635112499999998,-46.640995000000004,,,,2,2023-06-20T10:33:48+00:00
SAO_5757-51,São Paulo,3550308,True,,34744,,,-23.635112499999998,-46.640995000000004,,,,2,2023-06-20T10:34:40+00:00
SAO_5757-51,São Paulo,3550308,True,,34744,,,-23.635112499999998,-46.640995000000004,,,,2,2023-06-20T10:33:49+00:00
SAO_5757-51,São Paulo,3550308,True,,34744,,,-23.635112499999998,-46.640995000000004,,,,2,2023-06-20T10:34:23+00:00
SAO_5757-51,São Paulo,3550308,True,,34744,,,-23.635112499999998,-46.640995000000004,,,,2,2023-06-20T10:34:31+00:00
SAO_5757-51,São Paulo,3550308,True,,34744,,,-23.635112499999998,-46.640995000000004,,,,2,2023-06-20T10:34:33+00:00
SAO_N538-11,São Paulo,3550308,True,,35158,,,-23.6276175,-46.619161000000005,,,,2,2023-06-20T10:34:19+00:00
SAO_7017-10,São Paulo,3550308,True,,2502,,,-23.693067,-46.7912135,,,,1,2023-06-20T10:34:48+00:00
SAO_7017-10,São Paulo,3550308,True,,2502,,,-23.6683575,-46.7355065,,,,1,2023-06-20T10:34:22+00:00
SAO_7017-10,São Paulo,3550308,True,,2502,,,-23.674953,-46.748163,,,,1,2023-06-20T10:34:51+00:00
SAO_7017-10,São Paulo,3550308,True,,2502,,,-23.68005675,-46.781242625000004,,,,1,2023-06-20T10:34:51+00:00
SAO_7017-10,São Paulo,3550308,True,,2502,,,-23.6931665,-46.791157,,,,1,2023-06-20T10:34:42+00:00
SAO_695H-10,São Paulo,3550308,True,,33964,,,-23.7616975,-46.71563625,,,,2,2023-06-20T10:34:37+00:00
SAO_7053-21,São Paulo,3550308,True,,1895,,,-23.631153500000003,-46.7733425,,,,1,2023-06-20T10:34:20+00:00
SAO_7053-21,São Paulo,3550308,True,,1895,,,-23.642771,-46.786125,,,,1,2023-06-20T10:34:15+00:00
SAO_7053-21,São Paulo,3550308,True,,1895,,,-23.64189,-46.7853535,,,,1,2023-06-20T10:34:51+00:00
SAO_971D-10,São Paulo,3550308,True,,33477,,,-23.4596715,-46.67415,,,,2,2023-06-20T10:34:45+00:00
SAO_971D-10,São Paulo,3550308,True,,33477,,,-23.447985,-46.697056,,,,2,2023-06-20T10:34:52+00:00
SAO_778J-41,São Paulo,3550308,True,,1486,,,-23.584765500000003,-46.8090545,,,,1,2023-06-20T10:34:43+00:00
SAO_778J-10,São Paulo,3550308,True,EMTU,508,https://moovitapp.com/index/pt-br/transporte_p%C3%BAblico-line-508-Sao_Paulo-242-2038937-36419530-0,5.65,-23.5712015,-46.699028,,,,1,2023-06-20T10:34:47+00:00
SAO_9789-10,São Paulo,3550308,True,,33597,,,-23.461478,-46.7084365,,,,2,2023-06-20T10:34:23+00:00
SAO_9789-10,São Paulo,3550308,True,,33597,,,-23.5244395,-46.666582000000005,,,,2,2023-06-20T10:34:43+00:00
SAO_6063-41,São Paulo,3550308,True,,1773,,,-23.7730165,-46.7025605,,,,1,2023-06-20T10:34:35+00:00
SAO_6970-10,São Paulo,3550308,True,,1505,,,-23.654310000000002,-46.7119875,,,,1,2023-06-20T10:34:38+00:00
SAO_6970-10,São Paulo,3550308,True,,1505,,,-23.737581499999997,-46.697899500000005,,,,1,2023-06-20T10:34:12+00:00
SAO_6970-10,São Paulo,3550308,True,,1505,,,-23.737581499999997,-46.697899500000005,,,,1,2023-06-20T10:34:15+00:00
SAO_6970-10,São Paulo,3550308,True,,1505,,,-23.7002925,-46.715012,,,,1,2023-06-20T10:34:32+00:00
SAO_6970-10,São Paulo,3550308,True,,1505,,,-23.732933,-46.696845499999995,,,,1,2023-06-20T10:34:37+00:00
SAO_N532-11,São Paulo,3550308,True,,35152,,,-23.6139655,-46.5015435,,,,2,2023-06-20T10:34:44+00:00
SAO_128Y-10,São Paulo,3550308,True,EMTU,843,https://moovitapp.com/index/pt-br/transporte_p%C3%BAblico-line-843-Sao_Paulo-242-2038937-36419606-0,4.1,-23.4577015,-46.6729265,,,,1,2023-06-20T10:34:47+00:00
SAO_128Y-10,São Paulo,3550308,True,EMTU,843,https://moovitapp.com/index/pt-br/transporte_p%C3%BAblico-line-843-Sao_Paulo-242-2038937-36419606-0,4.1,-23.4800945,-46.657217,,,,1,2023-06-20T10:34:26+00:00
SAO_128Y-10,São Paulo,3550308,True,EMTU,843,https://moovitapp.com/index/pt-br/transporte_p%C3%BAblico-line-843-Sao_Paulo-242-2038937-36419606-0,4.1,-23.4577015,-46.6729265,,,,1,2023-06-20T10:34:49+00:00
SAO_128Y-10,São Paulo,3550308,True,EMTU,843,https://moovitapp.com/index/pt-br/transporte_p%C3%BAblico-line-843-Sao_Paulo-242-2038937-36419606-0,4.1,-23.519739,-46.7008255,,,,1,2023-06-20T10:34:33+00:00
SAO_128Y-10,São Paulo,3550308,True,EMTU,843,https://moovitapp.com/index/pt-br/transporte_p%C3%BAblico-line-843-Sao_Paulo-242-2038937-36419606-0,4.1,-23.5204915,-46.704470875,,,,1,2023-06-20T10:34:17+00:00
SAO_709M-10,São Paulo,3550308,True,,35230,,,-23.566688,-46.701549,,,,2,2023-06-20T10:34:49+00:00
SAO_709M-10,São Paulo,3550308,True,,35230,,,-23.566688,-46.701549,,,,2,2023-06-20T10:34:52+00:00
SAO_709M-10,São Paulo,3550308,True,,35230,,,-23.566688,-46.701549,,,,2,2023-06-20T10:34:15+00:00
SAO_2712-10,São Paulo,3550308,True,,926,,,-23.5409525,-46.482635,,,,1,2023-06-20T10:34:02+00:00
SAO_2712-10,São Paulo,3550308,True,,926,,,-23.5407195,-46.482772499999996,,,,1,2023-06-20T10:34:50+00:00
SAO_2712-10,São Paulo,3550308,True,,926,,,-23.533206,-46.4794315,,,,1,2023-06-20T10:34:13+00:00
SAO_2712-10,São Paulo,3550308,True,,926,,,-23.5407195,-46.482772499999996,,,,1,2023-06-20T10:34:48+00:00
SAO_2123-10,São Paulo,3550308,True,,692,,,-23.55598125,-46.634207,,,,1,2023-06-20T10:34:31+00:00
SAO_2123-10,São Paulo,3550308,True,,692,,,-23.518027,-46.609425,,,,1,2023-06-20T10:34:49+00:00
SAO_1702-10,São Paulo,3550308,True,,846,,,-23.442846,-46.57655,,,,1,2023-06-20T10:34:16+00:00
SAO_1702-10,São Paulo,3550308,True,,846,,,-23.4828105,-46.602195,,,,1,2023-06-20T10:34:13+00:00
SAO_1702-10,São Paulo,3550308,True,,846,,,-23.511415,-46.6246575,,,,1,2023-06-20T10:34:45+00:00
SAO_1702-10,São Paulo,3550308,True,,846,,,-23.442846,-46.57655,,,,1,2023-06-20T10:34:11+00:00
SAO_607M-10,São Paulo,3550308,True,,2036,,,-23.6136575,-46.6956995,,,,1,2023-06-20T10:34:25+00:00
SAO_607M-10,São Paulo,3550308,True,,2036,,,-23.7364225,-46.6969615,,,,1,2023-06-20T10:34:42+00:00
SAO_6120-10,São Paulo,3550308,True,,1189,,,-23.7364975,-46.69661000000001,,,,1,2023-06-20T10:34:53+00:00
SAO_6120-10,São Paulo,3550308,True,,1189,,,-23.7541925,-46.680156749999995,,,,1,2023-06-20T10:34:41+00:00
SAO_6063-43,São Paulo,3550308,True,,2480,,,-23.834893,-46.676985,,,,1,2023-06-20T10:31:18+00:00
SAO_4093-10,São Paulo,3550308,True,,2448,,,-23.5926225,-46.40320475,,,,1,2023-06-20T10:30:58+00:00
SAO_4093-10,São Paulo,3550308,True,,2448,,,-23.5907355,-46.404099,,,,1,2023-06-20T10:34:22+00:00
SAO_4093-10,São Paulo,3550308,True,,2448,,,-23.5835525,-46.408947,,,,1,2023-06-20T10:34:47+00:00
SAO_4093-10,São Paulo,3550308,True,,2448,,,-23.588952,-46.395677,,,,1,2023-06-20T10:34:53+00:00
SAO_4093-10,São Paulo,3550308,True,,2448,,,-23.590438,-46.3984395,,,,1,2023-06-20T10:34:53+00:00
SAO_4093-10,São Paulo,3550308,True,,2448,,,-23.588952,-46.395677,,,,1,2023-06-20T10:33:32+00:00
SAO_6028-10,São Paulo,3550308,True,,1211,,,-23.6855965,-46.7518865,,,,1,2023-06-20T10:34:51+00:00
SAO_6028-10,São Paulo,3550308,True,,1211,,,-23.701099499999998,-46.7487645,,,,1,2023-06-20T10:34:39+00:00
SAO_6028-10,São Paulo,3550308,True,,1211,,,-23.666804875000004,-46.7222095,,,,1,2023-06-20T10:34:15+00:00
SAO_1036-10,São Paulo,3550308,True,,35221,,,-23.447865999999998,-46.708386,,,,2,2023-06-20T10:34:13+00:00
SAO_1036-10,São Paulo,3550308,True,,35221,,,-23.447803999999998,-46.708335,,,,2,2023-06-20T10:34:17+00:00
SAO_1036-10,São Paulo,3550308,True,,35221,,,-23.464394,-46.7143035,,,,2,2023-06-20T10:34:36+00:00
SAO_6017-10,São Paulo,3550308,True,,33974,,,-23.696951,-46.761001,,,,2,2023-06-20T10:34:37+00:00
SAO_6017-10,São Paulo,3550308,True,,33974,,,-23.6675375,-46.730432,,,,2,2023-06-20T10:34:43+00:00
SAO_6017-10,São Paulo,3550308,True,,33974,,,-23.6675885,-46.730721,,,,2,2023-06-20T10:34:27+00:00
SAO_6017-10,São Paulo,3550308,True,,33974,,,-23.6971455,-46.7609475,,,,2,2023-06-20T10:34:42+00:00
SAO_6017-10,São Paulo,3550308,True,,33974,,,-23.696901,-46.761,,,,2,2023-06-20T10:34:48+00:00
SAO_709P-10,São Paulo,3550308,True,,1993,,,-23.60611575,-46.693101999999996,,,,1,2023-06-20T10:34:23+00:00
SAO_478P-10,São Paulo,3550308,True,EMTU,349,https://moovitapp.com/index/pt-br/transporte_p%C3%BAblico-line-349-Sao_Paulo-242-2038937-36419432-0,5.1,-23.578089499999997,-46.640412999999995,,,,1,2023-06-20T10:34:14+00:00
SAO_478P-10,São Paulo,3550308,True,EMTU,349,https://moovitapp.com/index/pt-br/transporte_p%C3%BAblico-line-349-Sao_Paulo-242-2038937-36419432-0,5.1,-23.62185275,-46.60372425,,,,1,2023-06-20T10:34:40+00:00
SAO_9011-21,São Paulo,3550308,True,,1768,,,-23.4443055,-46.7219605,,,,1,2023-06-20T10:34:44+00:00
SAO_9011-21,São Paulo,3550308,True,,1768,,,-23.4367585,-46.737397,,,,1,2023-06-20T10:34:32+00:00
SAO_9011-21,São Paulo,3550308,True,,1768,,,-23.454991,-46.738457,,,,1,2023-06-20T10:34:41+00:00
SAO_9011-21,São Paulo,3550308,True,,1768,,,-23.4547945,-46.738510500000004,,,,1,2023-06-20T10:34:19+00:00
SAO_9011-21,São Paulo,3550308,True,,1768,,,-23.4547945,-46.738510500000004,,,,1,2023-06-20T10:05:37+00:00
SAO_4314-10,São Paulo,3550308,True,,2174,,,-23.536553875000003,-46.55657725,,,,1,2023-06-20T10:34:52+00:00
SAO_4314-10,São Paulo,3550308,True,,2174,,,-23.55432,-46.485853500000005,,,,1,2023-06-20T10:34:14+00:00
SAO_4314-10,São Paulo,3550308,True,,2174,,,-23.572924,-46.399347000000006,,,,1,2023-06-20T10:34:15+00:00
SAO_4314-10,São Paulo,3550308,True,,2174,,,-23.5456715,-46.630392,,,,1,2023-06-20T10:34:39+00:00
SAO_4314-10,São Paulo,3550308,True,,2174,,,-23.5544655,-46.438826750000004,,,,1,2023-06-20T10:34:41+00:00
SAO_4011-10,São Paulo,3550308,True,,34952,,,-23.601333000000004,-46.431868125,,,,2,2023-06-20T10:34:23+00:00
SAO_4011-10,São Paulo,3550308,True,,34952,,,-23.613228499999998,-46.476530999999994,,,,2,2023-06-20T10:34:15+00:00
SAO_4011-10,São Paulo,3550308,True,,34952,,,-23.6224175,-46.414038500000004,,,,2,2023-06-20T10:34:51+00:00
SAO_7725-10,São Paulo,3550308,True,,33240,,,-23.520121500000002,-46.7000015,,,,2,2023-06-20T10:34:12+00:00
SAO_5175-10,São Paulo,3550308,True,,33361,,,-23.5505945,-46.635301,,,,2,2023-06-20T10:34:50+00:00
SAO_5175-10,São Paulo,3550308,True,,33361,,,-23.5505945,-46.635301,,,,2,2023-06-20T10:34:28+00:00
SAO_5175-10,São Paulo,3550308,True,,33361,,,-23.5505945,-46.635301,,,,2,2023-06-20T10:34:44+00:00
SAO_5175-10,São Paulo,3550308,True,,33361,,,-23.5505945,-46.635301,,,,2,2023-06-20T10:33:42+00:00
SAO_5175-10,São Paulo,3550308,True,,33361,,,-23.5505945,-46.635301,,,,2,2023-06-20T10:34:24+00:00
SAO_5175-10,São Paulo,3550308,True,,33361,,,-23.5505945,-46.635301,,,,2,2023-06-20T10:33:37+00:00
SAO_5175-10,São Paulo,3550308,True,,33361,,,-23.5505945,-46.635301,,,,2,2023-06-20T10:34:15+00:00
SAO_5175-10,São Paulo,3550308,True,,33361,,,-23.5505945,-46.635301,,,,2,2023-06-20T10:34:30+00:00
SAO_5175-10,São Paulo,3550308,True,,33361,,,-23.5505945,-46.635301,,,,2,2023-06-20T10:34:46+00:00
SAO_5175-10,São Paulo,3550308,True,,33361,,,-23.5505945,-46.635301,,,,2,2023-06-20T10:34:49+00:00
SAO_5175-10,São Paulo,3550308,True,,33361,,,-23.5505945,-46.635301,,,,2,2023-06-20T10:34:45+00:00
SAO_5175-10,São Paulo,3550308,True,,33361,,,-23.5505945,-46.635301,,,,2,2023-06-20T10:34:25+00:00
SAO_5175-10,São Paulo,3550308,True,,33361,,,-23.5505945,-46.635301,,,,2,2023-06-20T10:34:51+00:00
SAO_5175-10,São Paulo,3550308,True,,33361,,,-23.5505945,-46.635301,,,,2,2023-06-20T10:34:17+00:00
SAO_5175-10,São Paulo,3550308,True,,33361,,,-23.5505945,-46.635301,,,,2,2023-06-20T10:34:02+00:00
SAO_5175-10,São Paulo,3550308,True,,33361,,,-23.5505945,-46.635301,,,,2,2023-06-20T10:34:43+00:00
SAO_8300-10,São Paulo,3550308,True,,34032,,,-23.484752999999998,-46.7160145,,,,2,2023-06-20T10:34:49+00:00
SAO_2023-10,São Paulo,3550308,True,,2260,,,-23.43049275,-46.593712249999996,,,,1,2023-06-20T10:31:18+00:00
SAO_8013-41,São Paulo,3550308,True,,2011,,,-23.430594,-46.787584,,,,1,2023-06-20T10:34:26+00:00
SAO_4003-10,São Paulo,3550308,True,,34927,,,-23.574084,-46.39846300000001,,,,2,2023-06-20T10:34:12+00:00
SAO_4003-10,São Paulo,3550308,True,,34927,,,-23.5351835,-46.454012000000006,,,,2,2023-06-20T10:34:14+00:00
SAO_3459-10,São Paulo,3550308,True,,33170,,,-23.547625500000002,-46.629791499999996,,,,2,2023-06-20T10:34:50+00:00
SAO_3459-10,São Paulo,3550308,True,,33170,,,-23.547625500000002,-46.629791499999996,,,,2,2023-06-20T10:34:26+00:00
SAO_3459-10,São Paulo,3550308,True,,33170,,,-23.547625500000002,-46.629791499999996,,,,2,2023-06-20T10:34:53+00:00
SAO_3459-10,São Paulo,3550308,True,,33170,,,-23.547625500000002,-46.629791499999996,,,,2,2023-06-20T10:34:09+00:00
SAO_3459-10,São Paulo,3550308,True,,33170,,,-23.547625500000002,-46.629791499999996,,,,2,2023-06-20T10:34:43+00:00
SAO_3459-10,São Paulo,3550308,True,,33170,,,-23.547625500000002,-46.629791499999996,,,,2,2023-06-20T10:34:14+00:00
SAO_3459-10,São Paulo,3550308,True,,33170,,,-23.547625500000002,-46.629791499999996,,,,2,2023-06-20T10:34:18+00:00
SAO_3459-10,São Paulo,3550308,True,,33170,,,-23.547625500000002,-46.629791499999996,,,,2,2023-06-20T10:34:18+00:00
SAO_3459-10,São Paulo,3550308,True,,33170,,,-23.547625500000002,-46.629791499999996,,,,2,2023-06-20T10:34:21+00:00
SAO_3459-10,São Paulo,3550308,True,,33170,,,-23.547625500000002,-46.629791499999996,,,,2,2023-06-20T10:34:39+00:00
SAO_3459-10,São Paulo,3550308,True,,33170,,,-23.547625500000002,-46.629791499999996,,,,2,2023-06-20T10:34:24+00:00
SAO_3459-10,São Paulo,3550308,True,,33170,,,-23.547625500000002,-46.629791499999996,,,,2,2023-06-20T10:34:26+00:00
SAO_3459-10,São Paulo,3550308,True,,33170,,,-23.547625500000002,-46.629791499999996,,,,2,2023-06-20T10:34:28+00:00
SAO_3459-10,São Paulo,3550308,True,,33170,,,-23.516686749999998,-46.38517525,,,,2,2023-06-20T10:34:36+00:00
SAO_3459-10,São Paulo,3550308,True,,33170,,,-23.547625500000002,-46.629791499999996,,,,2,2023-06-20T10:34:39+00:00
SAO_3459-10,São Paulo,3550308,True,,33170,,,-23.547625500000002,-46.629791499999996,,,,2,2023-06-20T10:34:00+00:00
SAO_3459-10,São Paulo,3550308,True,,33170,,,-23.547625500000002,-46.629791499999996,,,,2,2023-06-20T10:34:07+00:00
SAO_3459-10,São Paulo,3550308,True,,33170,,,-23.547625500000002,-46.629791499999996,,,,2,2023-06-20T10:34:10+00:00
SAO_3459-10,São Paulo,3550308,True,,33170,,,-23.516762,-46.384977500000005,,,,2,2023-06-20T10:34:15+00:00
SAO_3459-10,São Paulo,3550308,True,,33170,,,-23.547625500000002,-46.629791499999996,,,,2,2023-06-20T10:32:20+00:00
SAO_3459-10,São Paulo,3550308,True,,33170,,,-23.547625500000002,-46.629791499999996,,,,2,2023-06-20T10:34:30+00:00
SAO_3459-10,São Paulo,3550308,True,,33170,,,-23.547625500000002,-46.629791499999996,,,,2,2023-06-20T10:34:49+00:00
SAO_3459-10,São Paulo,3550308,True,,33170,,,-23.547625500000002,-46.629791499999996,,,,2,2023-06-20T10:34:47+00:00
SAO_3459-10,São Paulo,3550308,True,,33170,,,-23.547625500000002,-46.629791499999996,,,,2,2023-06-20T10:34:09+00:00
SAO_3459-10,São Paulo,3550308,True,,33170,,,-23.547625500000002,-46.629791499999996,,,,2,2023-06-20T10:34:11+00:00
SAO_507T-10,São Paulo,3550308,True,,2208,,,-23.5423415,-46.549489,,,,1,2023-06-20T10:34:28+00:00
SAO_507T-10,São Paulo,3550308,True,,2208,,,-23.6141215,-46.501234,,,,1,2023-06-20T10:34:49+00:00
SAO_507T-10,São Paulo,3550308,True,,2208,,,-23.585473,-46.502379250000004,,,,1,2023-06-20T10:34:48+00:00
SAO_507T-10,São Paulo,3550308,True,,2208,,,-23.6141215,-46.501234,,,,1,2023-06-20T10:34:20+00:00
SAO_507T-10,São Paulo,3550308,True,,2208,,,-23.6133385,-46.5013505,,,,1,2023-06-20T10:34:21+00:00
SAO_507T-10,São Paulo,3550308,True,,2208,,,-23.5728275,-46.51184375,,,,1,2023-06-20T10:34:17+00:00
SAO_6003-21,São Paulo,3550308,True,,35344,,,-23.76728,-46.716530500000005,,,,2,2023-06-20T10:34:28+00:00
SAO_6003-21,São Paulo,3550308,True,,35344,,,-23.7667585,-46.71704,,,,2,2023-06-20T10:34:38+00:00
SAO_6003-21,São Paulo,3550308,True,,35344,,,-23.766890250000003,-46.7169705,,,,2,2023-06-20T10:34:43+00:00
SAO_6063-10,São Paulo,3550308,True,,33920,,,-23.783673,-46.6827105,,,,2,2023-06-20T10:34:15+00:00
SAO_6063-10,São Paulo,3550308,True,,33920,,,-23.783673,-46.6827105,,,,2,2023-06-20T10:34:40+00:00
SAO_6063-10,São Paulo,3550308,True,,33920,,,-23.783673,-46.6827105,,,,2,2023-06-20T10:34:26+00:00
SAO_6063-10,São Paulo,3550308,True,,33920,,,-23.784246,-46.6830005,,,,2,2023-06-20T10:34:47+00:00
SAO_6063-10,São Paulo,3550308,True,,33920,,,-23.783673,-46.6827105,,,,2,2023-06-20T10:34:33+00:00
SAO_6063-10,São Paulo,3550308,True,,33920,,,-23.76811025,-46.717556,,,,2,2023-06-20T10:34:44+00:00
SAO_6063-10,São Paulo,3550308,True,,33920,,,-23.7727505,-46.708956,,,,2,2023-06-20T10:34:38+00:00
SAO_6063-10,São Paulo,3550308,True,,33920,,,-23.783673,-46.6827105,,,,2,2023-06-20T10:34:18+00:00
SAO_6063-10,São Paulo,3550308,True,,33920,,,-23.783673,-46.6827105,,,,2,2023-06-20T10:34:51+00:00
SAO_6063-10,São Paulo,3550308,True,,33920,,,-23.785048500000002,-46.6892425,,,,2,2023-06-20T10:34:39+00:00
SAO_6063-10,São Paulo,3550308,True,,33920,,,-23.772455,-46.70955025,,,,2,2023-06-20T10:34:44+00:00
SAO_6063-10,São Paulo,3550308,True,,33920,,,-23.7856095,-46.6841835,,,,2,2023-06-20T10:34:28+00:00
SAO_2718-10,São Paulo,3550308,True,,33699,,,-23.533648499999998,-46.5455135,,,,2,2023-06-20T10:34:46+00:00
SAO_2718-10,São Paulo,3550308,True,,33699,,,-23.4930925,-46.49988925,,,,2,2023-06-20T10:27:08+00:00
SAO_2522-10,São Paulo,3550308,True,Cidade de Caieiras,140,https://moovitapp.com/index/pt-br/transporte_p%C3%BAblico-line-140-Sao_Paulo-242-868761-496401-0,5.0,-23.51870075,-46.425965,,,,1,2023-06-20T10:34:10+00:00
SAO_6045-10,São Paulo,3550308,True,,1222,,,-23.6945445,-46.794182,,,,1,2023-06-20T10:34:49+00:00
SAO_6045-10,São Paulo,3550308,True,,1222,,,-23.6990275,-46.7964265,,,,1,2023-06-20T10:34:50+00:00
SAO_6045-10,São Paulo,3550308,True,,1222,,,-23.6945445,-46.794182,,,,1,2023-06-20T10:34:22+00:00
SAO_6045-10,São Paulo,3550308,True,,1222,,,-23.671858999999998,-46.7732835,,,,1,2023-06-20T10:34:28+00:00
SAO_6045-10,São Paulo,3550308,True,,1222,,,-23.683338499999998,-46.789263000000005,,,,1,2023-06-20T10:34:44+00:00
SAO_6045-10,São Paulo,3550308,True,,1222,,,-23.6990275,-46.7964265,,,,1,2023-06-20T10:34:38+00:00
SAO_6045-10,São Paulo,3550308,True,,1222,,,-23.694454,-46.794375,,,,1,2023-06-20T10:34:24+00:00
SAO_6045-10,São Paulo,3550308,True,,1222,,,-23.644758000000003,-46.72609,,,,1,2023-06-20T10:34:34+00:00
SAO_6045-10,São Paulo,3550308,True,,1222,,,-23.694454,-46.794375,,,,1,2023-06-20T10:34:12+00:00
SAO_6045-10,São Paulo,3550308,True,,1222,,,-23.694674999999997,-46.793941000000004,,,,1,2023-06-20T10:34:12+00:00
SAO_6045-10,São Paulo,3550308,True,,1222,,,-23.6945995,-46.794075500000005,,,,1,2023-06-20T10:34:40+00:00
SAO_746K-10,São Paulo,3550308,True,,33555,,,-23.6187375,-46.722241,,,,2,2023-06-20T10:34:49+00:00
SAO_4284-10,São Paulo,3550308,True,,33057,,,-23.608691,-46.555031,,,,2,2023-06-20T10:34:19+00:00
SAO_4284-10,São Paulo,3550308,True,,33057,,,-23.58507,-46.583846,,,,2,2023-06-20T10:34:11+00:00
SAO_2523-10,São Paulo,3550308,True,Cidade de Caieiras,250,https://moovitapp.com/index/pt-br/transporte_p%C3%BAblico-line-250-Sao_Paulo-242-868761-752902-0,5.0,-23.513647749999997,-46.447018125,,,,1,2023-06-20T10:34:31+00:00
SAO_2523-10,São Paulo,3550308,True,Cidade de Caieiras,250,https://moovitapp.com/index/pt-br/transporte_p%C3%BAblico-line-250-Sao_Paulo-242-868761-752902-0,5.0,-23.5182095,-46.475659,,,,1,2023-06-20T10:34:26+00:00
SAO_2523-10,São Paulo,3550308,True,Cidade de Caieiras,250,https://moovitapp.com/index/pt-br/transporte_p%C3%BAblico-line-250-Sao_Paulo-242-868761-752902-0,5.0,-23.52345425,-46.42871275,,,,1,2023-06-20T10:34:46+00:00
SAO_2523-10,São Paulo,3550308,True,Cidade de Caieiras,250,https://moovitapp.com/index/pt-br/transporte_p%C3%BAblico-line-250-Sao_Paulo-242-868761-752902-0,5.0,-23.5182095,-46.475659,,,,1,2023-06-20T10:34:44+00:00
SAO_2523-10,São Paulo,3550308,True,Cidade de Caieiras,250,https://moovitapp.com/index/pt-br/transporte_p%C3%BAblico-line-250-Sao_Paulo-242-868761-752902-0,5.0,-23.5182095,-46.475659,,,,1,2023-06-20T10:34:11+00:00
SAO_2523-10,São Paulo,3550308,True,Cidade de Caieiras,250,https://moovitapp.com/index/pt-br/transporte_p%C3%BAblico-line-250-Sao_Paulo-242-868761-752902-0,5.0,-23.5182095,-46.475659,,,,1,2023-06-20T10:34:38+00:00
SAO_8007-10,São Paulo,3550308,True,,1257,,,-23.4754055,-46.7569235,,,,1,2023-06-20T10:34:51+00:00
SAO_8007-10,São Paulo,3550308,True,,1257,,,-23.469055,-46.753068999999996,,,,1,2023-06-20T10:29:54+00:00
SAO_6960-10,São Paulo,3550308,True,,34211,,,-23.7554505,-46.712990999999995,,,,2,2023-06-20T10:34:17+00:00
SAO_6960-10,São Paulo,3550308,True,,34211,,,-23.6543295,-46.7121355,,,,2,2023-06-20T10:34:30+00:00
SAO_6960-10,São Paulo,3550308,True,,34211,,,-23.764879999999998,-46.7172745,,,,2,2023-06-20T10:34:04+00:00
SAO_6960-10,São Paulo,3550308,True,,34211,,,-23.6543295,-46.7121355,,,,2,2023-06-20T10:34:43+00:00
SAO_6960-10,São Paulo,3550308,True,,34211,,,-23.717793,-46.6995395,,,,2,2023-06-20T10:34:42+00:00
SAO_6080-10,São Paulo,3550308,True,,1168,,,-23.759982,-46.6777045,,,,1,2023-06-20T10:34:43+00:00
SAO_6080-10,São Paulo,3550308,True,,1168,,,-23.743927,-46.691098499999995,,,,1,2023-06-20T10:34:56+00:00
SAO_6080-10,São Paulo,3550308,True,,1168,,,-23.762072500000002,-46.671578499999995,,,,1,2023-06-20T10:34:49+00:00
SAO_524M-10,São Paulo,3550308,True,,34399,,,-23.575573750000004,-46.514911749999996,,,,2,2023-06-20T10:34:36+00:00
SAO_524M-10,São Paulo,3550308,True,,34399,,,-23.61461025,-46.500091749999996,,,,2,2023-06-20T10:34:11+00:00
SAO_524M-10,São Paulo,3550308,True,,34399,,,-23.5893865,-46.5093855,,,,2,2023-06-20T10:34:42+00:00
SAO_524M-10,São Paulo,3550308,True,,34399,,,-23.6082835,-46.501458,,,,2,2023-06-20T10:34:42+00:00
SAO_524M-10,São Paulo,3550308,True,,34399,,,-23.57355475,-46.512658625,,,,2,2023-06-20T10:34:39+00:00
SAO_524M-10,São Paulo,3550308,True,,34399,,,-23.6191095,-46.4937015,,,,2,2023-06-20T10:34:16+00:00
SAO_7062-41,São Paulo,3550308,True,,35039,,,-23.650915875,-46.770043625,,,,2,2023-06-20T10:34:49+00:00
SAO_7062-41,São Paulo,3550308,True,,35039,,,-23.649898,-46.7589685,,,,2,2023-06-20T10:34:27+00:00
SAO_2755-10,São Paulo,3550308,True,STT,233,https://moovitapp.com/index/pt-br/transporte_p%C3%BAblico-line-233-Sao_Paulo-242-850661-183266-0,5.3,-23.542303500000003,-46.41437775,,,,1,2023-06-20T10:34:45+00:00
SAO_2755-10,São Paulo,3550308,True,STT,233,https://moovitapp.com/index/pt-br/transporte_p%C3%BAblico-line-233-Sao_Paulo-242-850661-183266-0,5.3,-23.5397325,-46.3947625,,,,1,2023-06-20T10:34:43+00:00
SAO_2755-10,São Paulo,3550308,True,STT,233,https://moovitapp.com/index/pt-br/transporte_p%C3%BAblico-line-233-Sao_Paulo-242-850661-183266-0,5.3,-23.5414365,-46.409226000000004,,,,1,2023-06-20T10:34:50+00:00
SAO_2755-10,São Paulo,3550308,True,STT,233,https://moovitapp.com/index/pt-br/transporte_p%C3%BAblico-line-233-Sao_Paulo-242-850661-183266-0,5.3,-23.51595725,-46.467382375,,,,1,2023-06-20T10:34:40+00:00
SAO_2755-10,São Paulo,3550308,True,STT,233,https://moovitapp.com/index/pt-br/transporte_p%C3%BAblico-line-233-Sao_Paulo-242-850661-183266-0,5.3,-23.51531,-46.4339455,,,,1,2023-06-20T10:34:29+00:00
SAO_390E-10,São Paulo,3550308,True,,34650,,,-23.5429045,-46.61651275,,,,2,2023-06-20T10:34:50+00:00
SAO_390E-10,São Paulo,3550308,True,,34650,,,-23.540104,-46.611777249999996,,,,2,2023-06-20T10:34:14+00:00
SAO_7005-10,São Paulo,3550308,True,,1998,,,-23.721891,-46.785158499999994,,,,1,2023-06-20T10:34:47+00:00
SAO_7005-10,São Paulo,3550308,True,,1998,,,-23.684230499999998,-46.7698915,,,,1,2023-06-20T10:34:27+00:00
SAO_909T-1,São Paulo,3550308,True,,2512,,,-23.566103499999997,-46.7018865,,,,1,2023-06-20T10:34:49+00:00
SAO_909T-1,São Paulo,3550308,True,,2512,,,-23.566103499999997,-46.7018865,,,,1,2023-06-20T10:34:42+00:00
SAO_6038-10,São Paulo,3550308,True,,33984,,,-23.658400999999998,-46.78931475,,,,2,2023-06-20T10:34:49+00:00
SAO_6038-10,São Paulo,3550308,True,,33984,,,-23.6582,-46.7894615,,,,2,2023-06-20T10:34:50+00:00
SAO_6038-10,São Paulo,3550308,True,,33984,,,-23.660767,-46.7920405,,,,2,2023-06-20T10:30:34+00:00
SAO_6038-10,São Paulo,3550308,True,,33984,,,-23.6578735,-46.7897725,,,,2,2023-06-20T10:34:56+00:00
SAO_6038-10,São Paulo,3550308,True,,33984,,,-23.658400999999998,-46.78931475,,,,2,2023-06-20T10:34:43+00:00
SAO_6038-10,São Paulo,3550308,True,,33984,,,-23.658609,-46.78921425,,,,2,2023-06-20T10:34:33+00:00
SAO_7016-10,São Paulo,3550308,True,,2118,,,-23.686113499999998,-46.7382,,,,1,2023-06-20T10:34:44+00:00
SAO_7016-10,São Paulo,3550308,True,,2118,,,-23.688173499999998,-46.773318,,,,1,2023-06-20T10:34:27+00:00
SAO_7016-10,São Paulo,3550308,True,,2118,,,-23.687379,-46.768259,,,,1,2023-06-20T10:34:19+00:00
SAO_3902-10,São Paulo,3550308,True,,1470,,,-23.504323,-46.37892325,,,,1,2023-06-20T10:34:31+00:00
SAO_3902-10,São Paulo,3550308,True,,1470,,,-23.525437500000002,-46.4087885,,,,1,2023-06-20T10:34:10+00:00
SAO_2703-10,São Paulo,3550308,True,Urubupungá,915,https://moovitapp.com/index/pt-br/transporte_p%C3%BAblico-line-915-Sao_Paulo-242-873835-75841134-0,4.6,-23.542538,-46.468059,,,,1,2023-06-20T10:32:14+00:00
SAO_2703-10,São Paulo,3550308,True,Urubupungá,915,https://moovitapp.com/index/pt-br/transporte_p%C3%BAblico-line-915-Sao_Paulo-242-873835-75841134-0,4.6,-23.529542499999998,-46.420608,,,,1,2023-06-20T10:34:54+00:00
SAO_2703-10,São Paulo,3550308,True,Urubupungá,915,https://moovitapp.com/index/pt-br/transporte_p%C3%BAblico-line-915-Sao_Paulo-242-873835-75841134-0,4.6,-23.529542499999998,-46.420608,,,,1,2023-06-20T10:34:36+00:00
SAO_2703-10,São Paulo,3550308,True,Urubupungá,915,https://moovitapp.com/index/pt-br/transporte_p%C3%BAblico-line-915-Sao_Paulo-242-873835-75841134-0,4.6,-23.529542499999998,-46.420608,,,,1,2023-06-20T10:34:53+00:00
SAO_2703-10,São Paulo,3550308,True,Urubupungá,915,https://moovitapp.com/index/pt-br/transporte_p%C3%BAblico-line-915-Sao_Paulo-242-873835-75841134-0,4.6,-23.529542499999998,-46.420608,,,,1,2023-06-20T10:34:12+00:00
SAO_2703-10,São Paulo,3550308,True,Urubupungá,915,https://moovitapp.com/index/pt-br/transporte_p%C3%BAblico-line-915-Sao_Paulo-242-873835-75841134-0,4.6,-23.529542499999998,-46.420608,,,,1,2023-06-20T10:34:53+00:00
SAO_2703-10,São Paulo,3550308,True,Urubupungá,915,https://moovitapp.com/index/pt-br/transporte_p%C3%BAblico-line-915-Sao_Paulo-242-873835-75841134-0,4.6,-23.529542499999998,-46.420608,,,,1,2023-06-20T10:34:48+00:00
SAO_2703-10,São Paulo,3550308,True,Urubupungá,915,https://moovitapp.com/index/pt-br/transporte_p%C3%BAblico-line-915-Sao_Paulo-242-873835-75841134-0,4.6,-23.529542499999998,-46.420608,,,,1,2023-06-20T10:34:37+00:00
SAO_2703-10,São Paulo,3550308,True,Urubupungá,915,https://moovitapp.com/index/pt-br/transporte_p%C3%BAblico-line-915-Sao_Paulo-242-873835-75841134-0,4.6,-23.5420225,-46.471230000000006,,,,1,2023-06-20T10:34:24+00:00
SAO_2703-10,São Paulo,3550308,True,Urubupungá,915,https://moovitapp.com/index/pt-br/transporte_p%C3%BAblico-line-915-Sao_Paulo-242-873835-75841134-0,4.6,-23.52533675,-46.41941025,,,,1,2023-06-20T10:34:17+00:00
SAO_2703-10,São Paulo,3550308,True,Urubupungá,915,https://moovitapp.com/index/pt-br/transporte_p%C3%BAblico-line-915-Sao_Paulo-242-873835-75841134-0,4.6,-23.529542499999998,-46.420608,,,,1,2023-06-20T10:34:04+00:00
SAO_2703-10,São Paulo,3550308,True,Urubupungá,915,https://moovitapp.com/index/pt-br/transporte_p%C3%BAblico-line-915-Sao_Paulo-242-873835-75841134-0,4.6,-23.529542499999998,-46.420608,,,,1,2023-06-20T10:34:28+00:00
SAO_2703-10,São Paulo,3550308,True,Urubupungá,915,https://moovitapp.com/index/pt-br/transporte_p%C3%BAblico-line-915-Sao_Paulo-242-873835-75841134-0,4.6,-23.529542499999998,-46.420608,,,,1,2023-06-20T10:34:52+00:00
SAO_2703-10,São Paulo,3550308,True,Urubupungá,915,https://moovitapp.com/index/pt-br/transporte_p%C3%BAblico-line-915-Sao_Paulo-242-873835-75841134-0,4.6,-23.52367125,-46.42940175,,,,1,2023-06-20T10:34:35+00:00
SAO_2703-10,São Paulo,3550308,True,Urubupungá,915,https://moovitapp.com/index/pt-br/transporte_p%C3%BAblico-line-915-Sao_Paulo-242-873835-75841134-0,4.6,-23.529542499999998,-46.420608,,,,1,2023-06-20T10:32:51+00:00
SAO_2703-10,São Paulo,3550308,True,Urubupungá,915,https://moovitapp.com/index/pt-br/transporte_p%C3%BAblico-line-915-Sao_Paulo-242-873835-75841134-0,4.6,-23.529542499999998,-46.420608,,,,1,2023-06-20T10:33:11+00:00
SAO_746H-10,São Paulo,3550308,True,STT,785,https://moovitapp.com/index/pt-br/transporte_p%C3%BAblico-line-785-Sao_Paulo-242-850661-183353-0,5.3,-23.644886,-46.71169475,,,,1,2023-06-20T10:34:18+00:00
SAO_746H-10,São Paulo,3550308,True,STT,785,https://moovitapp.com/index/pt-br/transporte_p%C3%BAblico-line-785-Sao_Paulo-242-850661-183353-0,5.3,-23.595612,-46.755062124999995,,,,1,2023-06-20T10:34:41+00:00
SAO_746H-10,São Paulo,3550308,True,STT,785,https://moovitapp.com/index/pt-br/transporte_p%C3%BAblico-line-785-Sao_Paulo-242-850661-183353-0,5.3,-23.586436,-46.724436499999996,,,,1,2023-06-20T10:34:47+00:00
SAO_746H-10,São Paulo,3550308,True,STT,785,https://moovitapp.com/index/pt-br/transporte_p%C3%BAblico-line-785-Sao_Paulo-242-850661-183353-0,5.3,-23.596931499999997,-46.75019425,,,,1,2023-06-20T10:34:30+00:00
SAO_746H-10,São Paulo,3550308,True,STT,785,https://moovitapp.com/index/pt-br/transporte_p%C3%BAblico-line-785-Sao_Paulo-242-850661-183353-0,5.3,-23.6265185,-46.73516625,,,,1,2023-06-20T10:34:40+00:00
SAO_746H-10,São Paulo,3550308,True,STT,785,https://moovitapp.com/index/pt-br/transporte_p%C3%BAblico-line-785-Sao_Paulo-242-850661-183353-0,5.3,-23.6497455,-46.708454,,,,1,2023-06-20T10:34:30+00:00
SAO_6041-10,São Paulo,3550308,True,,33986,,,-23.6438595,-46.731730999999996,,,,2,2023-06-20T10:34:23+00:00
SAO_6041-10,São Paulo,3550308,True,,33986,,,-23.689674500000002,-46.78096725,,,,2,2023-06-20T10:34:16+00:00
SAO_6041-10,São Paulo,3550308,True,,33986,,,-23.6901555,-46.7807875,,,,2,2023-06-20T10:34:15+00:00
SAO_6041-10,São Paulo,3550308,True,,33986,,,-23.6899145,-46.7808755,,,,2,2023-06-20T10:34:31+00:00
SAO_6041-10,São Paulo,3550308,True,,33986,,,-23.689674500000002,-46.78096725,,,,2,2023-06-20T10:34:36+00:00
SAO_6041-10,São Paulo,3550308,True,,33986,,,-23.690214,-46.7807575,,,,2,2023-06-20T10:34:25+00:00
SAO_6041-10,São Paulo,3550308,True,,33986,,,-23.6899145,-46.7808755,,,,2,2023-06-20T10:34:10+00:00
SAO_N635-11,São Paulo,3550308,True,,35168,,,-23.74651475,-46.66559975,,,,2,2023-06-20T10:34:13+00:00
SAO_807M-10,São Paulo,3550308,True,,1916,,,-23.612340000000003,-46.754549,,,,1,2023-06-20T10:34:50+00:00
SAO_807M-10,São Paulo,3550308,True,,1916,,,-23.60278375,-46.709733,,,,1,2023-06-20T10:34:37+00:00
SAO_807M-10,São Paulo,3550308,True,,1916,,,-23.62714275,-46.766670250000004,,,,1,2023-06-20T10:34:21+00:00
SAO_3010-10,São Paulo,3550308,True,,2543,,,-23.5188345,-46.4463125,,,,1,2023-06-20T10:34:40+00:00
SAO_3010-10,São Paulo,3550308,True,,2543,,,-23.518321,-46.475637,,,,1,2023-06-20T10:34:48+00:00
SAO_7053-21,São Paulo,3550308,True,,34663,,,-23.642522,-46.786126499999995,,,,2,2023-06-20T10:34:50+00:00
SAO_372U-10,São Paulo,3550308,True,,33784,,,-23.5568485,-46.537368,,,,2,2023-06-20T10:34:39+00:00
SAO_372U-10,São Paulo,3550308,True,,33784,,,-23.5568485,-46.537368,,,,2,2023-06-20T10:34:29+00:00
SAO_7458-10,São Paulo,3550308,True,,33264,,,-23.5864425625,-46.754773375,,,,2,2023-06-20T10:34:16+00:00
SAO_9500-10,São Paulo,3550308,True,EMTU,461,https://moovitapp.com/index/pt-br/transporte_p%C3%BAblico-line-461-Sao_Paulo-242-2038937-36419501-0,5.1,-23.474427,-46.669637,,,,1,2023-06-20T10:34:34+00:00
SAO_9500-10,São Paulo,3550308,True,EMTU,461,https://moovitapp.com/index/pt-br/transporte_p%C3%BAblico-line-461-Sao_Paulo-242-2038937-36419501-0,5.1,-23.523018,-46.6575085,,,,1,2023-06-20T10:34:13+00:00
SAO_775V-10,São Paulo,3550308,True,,33243,,,-23.575860749999997,-46.76582475,,,,2,2023-06-20T10:34:52+00:00
SAO_775V-10,São Paulo,3550308,True,,33243,,,-23.584395875,-46.673928625,,,,2,2023-06-20T10:34:39+00:00
SAO_3390-10,São Paulo,3550308,True,,738,,,-23.564659,-46.6112775,,,,1,2023-06-20T10:34:27+00:00
SAO_3390-10,São Paulo,3550308,True,,738,,,-23.596527000000002,-46.5349005,,,,1,2023-06-20T10:34:16+00:00
SAO_4055-10,São Paulo,3550308,True,,2447,,,-23.549751,-46.415464,,,,1,2023-06-20T10:34:35+00:00
SAO_7245-10,São Paulo,3550308,True,,33131,,,-23.5505705,-46.659073,,,,2,2023-06-20T10:34:24+00:00
SAO_7245-10,São Paulo,3550308,True,,33131,,,-23.633975,-46.7121735,,,,2,2023-06-20T10:34:35+00:00
SAO_7245-10,São Paulo,3550308,True,,33131,,,-23.5505705,-46.659073,,,,2,2023-06-20T10:34:32+00:00
SAO_4019-10,São Paulo,3550308,True,,2524,,,-23.549081125,-46.474309125000005,,,,1,2023-06-20T10:34:27+00:00
SAO_5127-10,São Paulo,3550308,True,,33895,,,-23.677825,-46.701614500000005,,,,2,2023-06-20T10:34:45+00:00
SAO_5127-10,São Paulo,3550308,True,,33895,,,-23.702229000000003,-46.639818500000004,,,,2,2023-06-20T10:34:39+00:00
SAO_5127-10,São Paulo,3550308,True,,33895,,,-23.677825,-46.701614500000005,,,,2,2023-06-20T10:33:36+00:00
SAO_5127-10,São Paulo,3550308,True,,33895,,,-23.677825,-46.701614500000005,,,,2,2023-06-20T10:34:23+00:00
SAO_5127-10,São Paulo,3550308,True,,33895,,,-23.677825,-46.701614500000005,,,,2,2023-06-20T10:34:30+00:00
SAO_5127-10,São Paulo,3550308,True,,33895,,,-23.677825,-46.701614500000005,,,,2,2023-06-20T10:34:28+00:00
SAO_5127-10,São Paulo,3550308,True,,33895,,,-23.677825,-46.701614500000005,,,,2,2023-06-20T10:34:25+00:00
SAO_5127-10,São Paulo,3550308,True,,33895,,,-23.677825,-46.701614500000005,,,,2,2023-06-20T10:34:29+00:00
SAO_5127-10,São Paulo,3550308,True,,33895,,,-23.677825,-46.701614500000005,,,,2,2023-06-20T10:33:53+00:00
SAO_5127-10,São Paulo,3550308,True,,33895,,,-23.677825,-46.701614500000005,,,,2,2023-06-20T10:34:26+00:00
SAO_5127-10,São Paulo,3550308,True,,33895,,,-23.677825,-46.701614500000005,,,,2,2023-06-20T10:34:15+00:00
SAO_5127-10,São Paulo,3550308,True,,33895,,,-23.677825,-46.701614500000005,,,,2,2023-06-20T10:34:37+00:00
SAO_5127-10,São Paulo,3550308,True,,33895,,,-23.677825,-46.701614500000005,,,,2,2023-06-20T10:34:15+00:00
SAO_6074-10,São Paulo,3550308,True,,1161,,,-23.734544,-46.664035999999996,,,,1,2023-06-20T10:34:34+00:00
SAO_6074-10,São Paulo,3550308,True,,1161,,,-23.734544,-46.664035999999996,,,,1,2023-06-20T10:34:24+00:00
SAO_6074-10,São Paulo,3550308,True,,1161,,,-23.734544,-46.664035999999996,,,,1,2023-06-20T10:34:51+00:00
SAO_6074-10,São Paulo,3550308,True,,1161,,,-23.7535935,-46.6877865,,,,1,2023-06-20T10:34:27+00:00
SAO_6074-10,São Paulo,3550308,True,,1161,,,-23.734544,-46.664035999999996,,,,1,2023-06-20T10:34:23+00:00
SAO_6074-10,São Paulo,3550308,True,,1161,,,-23.737678250000002,-46.692834,,,,1,2023-06-20T10:31:29+00:00
SAO_6074-10,São Paulo,3550308,True,,1161,,,-23.749776500000003,-46.66539025,,,,1,2023-06-20T10:34:45+00:00
SAO_6074-10,São Paulo,3550308,True,,1161,,,-23.734544,-46.664035999999996,,,,1,2023-06-20T10:34:45+00:00
SAO_6074-10,São Paulo,3550308,True,,1161,,,-23.70004375,-46.701075625,,,,1,2023-06-20T10:34:51+00:00
SAO_6074-10,São Paulo,3550308,True,,1161,,,-23.7541925,-46.680156749999995,,,,1,2023-06-20T10:34:40+00:00
SAO_354M-10,São Paulo,3550308,True,,34387,,,-23.4942435,-46.4390015,,,,2,2023-06-20T10:34:41+00:00
SAO_354M-10,São Paulo,3550308,True,,34387,,,-23.4917705,-46.4343875,,,,2,2023-06-20T10:34:24+00:00
SAO_354M-10,São Paulo,3550308,True,,34387,,,-23.491803500000003,-46.434038,,,,2,2023-06-20T10:34:31+00:00
SAO_N701-11,São Paulo,3550308,True,,2406,,,-23.55028425,-46.641488249999995,,,,1,2023-06-20T10:34:43+00:00
SAO_2678-10,São Paulo,3550308,True,STT,383,https://moovitapp.com/index/pt-br/transporte_p%C3%BAblico-line-383-Sao_Paulo-242-850661-183294-0,5.3,-23.522338499999996,-46.53099325,,,,1,2023-06-20T10:34:44+00:00
SAO_2678-10,São Paulo,3550308,True,STT,383,https://moovitapp.com/index/pt-br/transporte_p%C3%BAblico-line-383-Sao_Paulo-242-850661-183294-0,5.3,-23.4952725,-46.4319715,,,,1,2023-06-20T10:30:58+00:00
SAO_2678-10,São Paulo,3550308,True,STT,383,https://moovitapp.com/index/pt-br/transporte_p%C3%BAblico-line-383-Sao_Paulo-242-850661-183294-0,5.3,-23.496636125,-46.40131925,,,,1,2023-06-20T10:34:41+00:00
SAO_2678-10,São Paulo,3550308,True,STT,383,https://moovitapp.com/index/pt-br/transporte_p%C3%BAblico-line-383-Sao_Paulo-242-850661-183294-0,5.3,-23.523043625,-46.548755375,,,,1,2023-06-20T10:34:11+00:00
SAO_2678-10,São Paulo,3550308,True,STT,383,https://moovitapp.com/index/pt-br/transporte_p%C3%BAblico-line-383-Sao_Paulo-242-850661-183294-0,5.3,-23.49392175,-46.37538275,,,,1,2023-06-20T10:34:21+00:00
SAO_2678-10,São Paulo,3550308,True,STT,383,https://moovitapp.com/index/pt-br/transporte_p%C3%BAblico-line-383-Sao_Paulo-242-850661-183294-0,5.3,-23.538661,-46.6044205,,,,1,2023-06-20T10:34:40+00:00
SAO_9011-10,São Paulo,3550308,True,,878,,,-23.4591725,-46.6875575,,,,1,2023-06-20T10:34:34+00:00
SAO_9011-10,São Paulo,3550308,True,,878,,,-23.45467,-46.738116000000005,,,,1,2023-06-20T10:34:25+00:00
SAO_9011-10,São Paulo,3550308,True,,878,,,-23.445158,-46.72219,,,,1,2023-06-20T10:34:19+00:00
SAO_9011-10,São Paulo,3550308,True,,878,,,-23.440576999999998,-46.733693,,,,1,2023-06-20T10:34:32+00:00
SAO_9011-10,São Paulo,3550308,True,,878,,,-23.45467,-46.738116000000005,,,,1,2023-06-20T10:34:30+00:00
SAO_9011-10,São Paulo,3550308,True,,878,,,-23.45467,-46.738116000000005,,,,1,2023-06-20T10:34:16+00:00
SAO_9011-10,São Paulo,3550308,True,,878,,,-23.45467,-46.738116000000005,,,,1,2023-06-20T10:34:11+00:00
SAO_9011-10,São Paulo,3550308,True,,878,,,-23.45467,-46.738116000000005,,,,1,2023-06-20T10:34:23+00:00
SAO_9011-10,São Paulo,3550308,True,,878,,,-23.45467,-46.738116000000005,,,,1,2023-06-20T10:34:43+00:00
SAO_9011-10,São Paulo,3550308,True,,878,,,-23.45467,-46.738116000000005,,,,1,2023-06-20T10:34:22+00:00
SAO_8075-21,São Paulo,3550308,True,,35305,,,-23.631508,-46.7726,,,,2,2023-06-20T10:34:49+00:00
SAO_8075-21,São Paulo,3550308,True,,35305,,,-23.631508,-46.7726,,,,2,2023-06-20T10:34:11+00:00
SAO_8075-21,São Paulo,3550308,True,,35305,,,-23.631508,-46.7726,,,,2,2023-06-20T10:34:45+00:00
SAO_775A-10,São Paulo,3550308,True,EMTU,473,https://moovitapp.com/index/pt-br/transporte_p%C3%BAblico-line-473-Sao_Paulo-242-2038937-36419509-0,7.55,-23.570539750000002,-46.761742,,,,1,2023-06-20T10:34:44+00:00
SAO_7002-10,São Paulo,3550308,True,,772,,,-23.5859545,-46.747255499999994,,,,1,2023-06-20T10:34:30+00:00
SAO_7002-10,São Paulo,3550308,True,,772,,,-23.593709,-46.763778,,,,1,2023-06-20T10:34:38+00:00
SAO_7002-10,São Paulo,3550308,True,,772,,,-23.5900615,-46.770019500000004,,,,1,2023-06-20T10:34:25+00:00
SAO_7002-10,São Paulo,3550308,True,,772,,,-23.5712865,-46.69927800000001,,,,1,2023-06-20T10:34:42+00:00
SAO_2735-21,São Paulo,3550308,True,,514,,,-23.4993145,-46.529726999999994,,,,1,2023-06-20T10:34:50+00:00
SAO_9501-10,São Paulo,3550308,True,EMTU,462,https://moovitapp.com/index/pt-br/transporte_p%C3%BAblico-line-462-Sao_Paulo-242-2038937-36419502-0,7.4,-23.475306,-46.6698155,,,,1,2023-06-20T10:34:15+00:00
SAO_9501-10,São Paulo,3550308,True,EMTU,462,https://moovitapp.com/index/pt-br/transporte_p%C3%BAblico-line-462-Sao_Paulo-242-2038937-36419502-0,7.4,-23.48422625,-46.679944500000005,,,,1,2023-06-20T10:34:37+00:00
SAO_513L-10,São Paulo,3550308,True,,1655,,,-23.5366935,-46.589487500000004,,,,1,2023-06-20T10:34:52+00:00
SAO_513L-10,São Paulo,3550308,True,,1655,,,-23.603196500000003,-46.602447999999995,,,,1,2023-06-20T10:34:45+00:00
SAO_6072-10,São Paulo,3550308,True,,34356,,,-23.827348,-46.69764012499999,,,,2,2023-06-20T10:34:17+00:00
SAO_6072-10,São Paulo,3550308,True,,34356,,,-23.8274015,-46.69739250000001,,,,2,2023-06-20T10:34:37+00:00
SAO_6072-10,São Paulo,3550308,True,,34356,,,-23.827337999999997,-46.697942375,,,,2,2023-06-20T10:34:47+00:00
SAO_6072-10,São Paulo,3550308,True,,34356,,,-23.8274015,-46.69739250000001,,,,2,2023-06-20T10:34:30+00:00
SAO_6072-10,São Paulo,3550308,True,,34356,,,-23.77744,-46.716519,,,,2,2023-06-20T10:34:52+00:00
SAO_6072-10,São Paulo,3550308,True,,34356,,,-23.805996999999998,-46.713722000000004,,,,2,2023-06-20T10:32:24+00:00
SAO_6072-10,São Paulo,3550308,True,,34356,,,-23.8274015,-46.69739250000001,,,,2,2023-06-20T10:34:36+00:00
SAO_6072-10,São Paulo,3550308,True,,34356,,,-23.7665845,-46.7163125,,,,2,2023-06-20T10:34:52+00:00
SAO_4012-10,São Paulo,3550308,True,,2185,,,-23.598098999999998,-46.4409325,,,,1,2023-06-20T10:34:37+00:00
SAO_4012-10,São Paulo,3550308,True,,2185,,,-23.6197545,-46.46780875,,,,1,2023-06-20T10:34:45+00:00
SAO_4012-10,São Paulo,3550308,True,,2185,,,-23.601378,-46.4432435,,,,1,2023-06-20T10:34:11+00:00
SAO_8194-10,São Paulo,3550308,True,,805,,,-23.4138135,-46.752998687499996,,,,1,2023-06-20T10:34:25+00:00
SAO_8194-10,São Paulo,3550308,True,,805,,,-23.4076575,-46.7349655,,,,1,2023-06-20T10:34:29+00:00
SAO_8194-10,São Paulo,3550308,True,,805,,,-23.4698175,-46.676846999999995,,,,1,2023-06-20T10:34:28+00:00
SAO_N842-11,São Paulo,3550308,True,,35209,,,-23.57231325,-46.701117499999995,,,,2,2023-06-20T10:34:52+00:00
SAO_7062-10,São Paulo,3550308,True,,1898,,,-23.645670000000003,-46.7712555,,,,1,2023-06-20T10:34:50+00:00
SAO_7062-10,São Paulo,3550308,True,,1898,,,-23.645670000000003,-46.7712555,,,,1,2023-06-20T10:34:45+00:00
SAO_7062-10,São Paulo,3550308,True,,1898,,,-23.645773,-46.771611500000006,,,,1,2023-06-20T10:34:22+00:00
SAO_2088-10,São Paulo,3550308,True,EMTU,372,https://moovitapp.com/index/pt-br/transporte_p%C3%BAblico-line-372-Sao_Paulo-242-2038937-36419447-0,4.9,-23.49634025,-46.37746,,,,1,2023-06-20T10:34:31+00:00
SAO_2088-10,São Paulo,3550308,True,EMTU,372,https://moovitapp.com/index/pt-br/transporte_p%C3%BAblico-line-372-Sao_Paulo-242-2038937-36419447-0,4.9,-23.491551,-46.446174,,,,1,2023-06-20T10:34:32+00:00
SAO_875C-1,São Paulo,3550308,True,,2510,,,-23.52049,-46.6992895,,,,1,2023-06-20T10:34:29+00:00
SAO_7051-10,São Paulo,3550308,True,,1885,,,-23.6512915,-46.780867,,,,1,2023-06-20T10:34:15+00:00
SAO_7051-10,São Paulo,3550308,True,,1885,,,-23.655096,-46.7838845,,,,1,2023-06-20T10:34:29+00:00
SAO_7051-10,São Paulo,3550308,True,,1885,,,-23.655096,-46.7838845,,,,1,2023-06-20T10:34:50+00:00
SAO_7051-10,São Paulo,3550308,True,,1885,,,-23.655096,-46.7838845,,,,1,2023-06-20T10:34:10+00:00
SAO_477A-10,São Paulo,3550308,True,,33114,,,-23.603827000000003,-46.602784,,,,2,2023-06-20T10:34:49+00:00
SAO_675M-10,São Paulo,3550308,True,ETT,108,https://moovitapp.com/index/pt-br/transporte_p%C3%BAblico-line-108-Sao_Paulo-242-876373-496510-0,5.3,-23.6855125,-46.690814,,,,1,2023-06-20T10:34:49+00:00
SAO_675M-10,São Paulo,3550308,True,ETT,108,https://moovitapp.com/index/pt-br/transporte_p%C3%BAblico-line-108-Sao_Paulo-242-876373-496510-0,5.3,-23.720964000000002,-46.676227,,,,1,2023-06-20T10:34:41+00:00
SAO_675M-10,São Paulo,3550308,True,ETT,108,https://moovitapp.com/index/pt-br/transporte_p%C3%BAblico-line-108-Sao_Paulo-242-876373-496510-0,5.3,-23.64675425,-46.645568,,,,1,2023-06-20T10:34:51+00:00
SAO_675M-10,São Paulo,3550308,True,ETT,108,https://moovitapp.com/index/pt-br/transporte_p%C3%BAblico-line-108-Sao_Paulo-242-876373-496510-0,5.3,-23.646229499999997,-46.646701500000006,,,,1,2023-06-20T10:34:49+00:00
SAO_675M-10,São Paulo,3550308,True,ETT,108,https://moovitapp.com/index/pt-br/transporte_p%C3%BAblico-line-108-Sao_Paulo-242-876373-496510-0,5.3,-23.66770125,-46.67775125,,,,1,2023-06-20T10:34:40+00:00
SAO_3031-10,São Paulo,3550308,True,,967,,,-23.602895,-46.443481500000004,,,,1,2023-06-20T10:34:46+00:00
SAO_3031-10,São Paulo,3550308,True,,967,,,-23.5708555,-46.4467285,,,,1,2023-06-20T10:34:40+00:00
SAO_3031-10,São Paulo,3550308,True,,967,,,-23.6027135,-46.443294,,,,1,2023-06-20T10:34:46+00:00
SAO_3031-10,São Paulo,3550308,True,,967,,,-23.599423,-46.4421275,,,,1,2023-06-20T10:34:49+00:00
SAO_3031-10,São Paulo,3550308,True,,967,,,-23.604066,-46.443308,,,,1,2023-06-20T10:34:29+00:00
SAO_3031-10,São Paulo,3550308,True,,967,,,-23.6129015,-46.444473,,,,1,2023-06-20T10:34:53+00:00
SAO_3031-10,São Paulo,3550308,True,,967,,,-23.610321,-46.448354,,,,1,2023-06-20T10:34:43+00:00
SAO_3031-10,São Paulo,3550308,True,,967,,,-23.548706375,-46.46178975,,,,1,2023-06-20T10:34:48+00:00
SAO_209P-10,São Paulo,3550308,True,,2216,,,-23.5661885,-46.702104000000006,,,,1,2023-06-20T10:34:33+00:00
SAO_209P-10,São Paulo,3550308,True,,2216,,,-23.497997499999997,-46.6850865,,,,1,2023-06-20T10:34:40+00:00
SAO_N839-11,São Paulo,3550308,True,,2438,,,-23.573755,-46.710824,,,,1,2023-06-20T10:34:43+00:00
SAO_4051-10,São Paulo,3550308,True,,2144,,,-23.561616,-46.401831,,,,1,2023-06-20T10:34:49+00:00
SAO_4051-10,São Paulo,3550308,True,,2144,,,-23.5429875,-46.41361,,,,1,2023-06-20T10:32:33+00:00
SAO_4051-10,São Paulo,3550308,True,,2144,,,-23.56335,-46.4026645,,,,1,2023-06-20T10:34:39+00:00
SAO_4051-10,São Paulo,3550308,True,,2144,,,-23.561616,-46.401831,,,,1,2023-06-20T10:34:11+00:00
SAO_6000-10,São Paulo,3550308,True,,1140,,,-23.781852,-46.7260445,,,,1,2023-06-20T10:34:52+00:00
SAO_6000-10,São Paulo,3550308,True,,1140,,,-23.7582485,-46.7147595,,,,1,2023-06-20T10:34:43+00:00
SAO_6000-10,São Paulo,3550308,True,,1140,,,-23.71743575,-46.704061499999995,,,,1,2023-06-20T10:34:18+00:00
SAO_6000-10,São Paulo,3550308,True,,1140,,,-23.729495,-46.69856875,,,,1,2023-06-20T10:34:52+00:00
SAO_6000-10,São Paulo,3550308,True,,1140,,,-23.819142,-46.7349505,,,,1,2023-06-20T10:34:37+00:00
SAO_6000-10,São Paulo,3550308,True,,1140,,,-23.796907500000003,-46.730689,,,,1,2023-06-20T10:34:45+00:00
SAO_6000-10,São Paulo,3550308,True,,1140,,,-23.676349000000002,-46.712336750000006,,,,1,2023-06-20T10:34:38+00:00
SAO_6000-10,São Paulo,3550308,True,,1140,,,-23.8284425,-46.72717900000001,,,,1,2023-06-20T10:34:47+00:00
SAO_273J-10,São Paulo,3550308,True,STT,389,https://moovitapp.com/index/pt-br/transporte_p%C3%BAblico-line-389-Sao_Paulo-242-850661-183299-0,5.3,-23.5146225,-46.503313750000004,,,,1,2023-06-20T10:34:28+00:00
SAO_273J-10,São Paulo,3550308,True,STT,389,https://moovitapp.com/index/pt-br/transporte_p%C3%BAblico-line-389-Sao_Paulo-242-850661-183299-0,5.3,-23.49352125,-46.400352,,,,1,2023-06-20T10:34:28+00:00
SAO_273J-10,São Paulo,3550308,True,STT,389,https://moovitapp.com/index/pt-br/transporte_p%C3%BAblico-line-389-Sao_Paulo-242-850661-183299-0,5.3,-23.5150085,-46.4625355,,,,1,2023-06-20T10:34:46+00:00
SAO_2435-10,São Paulo,3550308,True,Cidade de Caieiras,210,https://moovitapp.com/index/pt-br/transporte_p%C3%BAblico-line-210-Sao_Paulo-242-868761-496408-0,5.0,-23.528722000000002,-46.5544085,,,,1,2023-06-20T10:34:22+00:00
SAO_2435-10,São Paulo,3550308,True,Cidade de Caieiras,210,https://moovitapp.com/index/pt-br/transporte_p%C3%BAblico-line-210-Sao_Paulo-242-868761-496408-0,5.0,-23.5293535,-46.479913499999995,,,,1,2023-06-20T10:34:24+00:00
SAO_3024-10,São Paulo,3550308,True,,33045,,,-23.6092545,-46.5288495,,,,2,2023-06-20T10:34:27+00:00
SAO_N204-11,São Paulo,3550308,True,,2314,,,-23.4832875,-46.585381,,,,1,2023-06-20T10:34:49+00:00
SAO_516N-10,São Paulo,3550308,True,,33034,,,-23.689484,-46.6498415,,,,2,2023-06-20T10:34:15+00:00
SAO_516N-10,São Paulo,3550308,True,,33034,,,-23.690199749999998,-46.649609,,,,2,2023-06-20T10:34:41+00:00
SAO_513C-10,São Paulo,3550308,True,,2535,,,-23.6111205,-46.4731355,,,,1,2023-06-20T10:33:36+00:00
SAO_513C-10,São Paulo,3550308,True,,2535,,,-23.6145505,-46.502961,,,,1,2023-06-20T10:34:33+00:00
SAO_513C-10,São Paulo,3550308,True,,2535,,,-23.5969785,-46.559088,,,,1,2023-06-20T10:34:30+00:00
SAO_4028-10,São Paulo,3550308,True,,1098,,,-23.5945915,-46.488039,,,,1,2023-06-20T10:34:23+00:00
SAO_4028-10,São Paulo,3550308,True,,1098,,,-23.614441,-46.47093825,,,,1,2023-06-20T10:34:42+00:00
SAO_4028-10,São Paulo,3550308,True,,1098,,,-23.6418875,-46.439175500000005,,,,1,2023-06-20T10:34:25+00:00
SAO_4018-10,São Paulo,3550308,True,,2191,,,-23.6011475,-46.399366,,,,1,2023-06-20T10:34:34+00:00
SAO_4018-10,São Paulo,3550308,True,,2191,,,-23.6128775,-46.476433,,,,1,2023-06-20T10:34:33+00:00
SAO_4018-10,São Paulo,3550308,True,,2191,,,-23.58639,-46.409293000000005,,,,1,2023-06-20T10:34:39+00:00
SAO_4018-10,São Paulo,3550308,True,,2191,,,-23.613001,-46.4764665,,,,1,2023-06-20T10:34:24+00:00
SAO_4018-10,São Paulo,3550308,True,,2191,,,-23.59877975,-46.465431249999995,,,,1,2023-06-20T10:34:38+00:00
SAO_4018-10,São Paulo,3550308,True,,2191,,,-23.595076374999998,-46.429195,,,,1,2023-06-20T10:34:42+00:00
SAO_4018-10,São Paulo,3550308,True,,2191,,,-23.5831385,-46.407242499999995,,,,1,2023-06-20T10:32:16+00:00
SAO_4018-10,São Paulo,3550308,True,,2191,,,-23.6011475,-46.399366,,,,1,2023-06-20T10:34:32+00:00
SAO_6500-10,São Paulo,3550308,True,,32814,,,-23.625450375,-46.686779625,,,,2,2023-06-20T10:34:30+00:00
SAO_6500-10,São Paulo,3550308,True,,32814,,,-23.5496475,-46.6398245,,,,2,2023-06-20T10:34:43+00:00
SAO_6500-10,São Paulo,3550308,True,,32814,,,-23.5496475,-46.6398245,,,,2,2023-06-20T10:34:36+00:00
SAO_8013-41,São Paulo,3550308,True,,34779,,,-23.436985,-46.806421,,,,2,2023-06-20T10:34:14+00:00
SAO_4085-10,São Paulo,3550308,True,,2156,,,-23.5692925,-46.429227,,,,1,2023-06-20T10:33:55+00:00
SAO_4085-10,São Paulo,3550308,True,,2156,,,-23.574870500000003,-46.427412000000004,,,,1,2023-06-20T10:34:17+00:00
SAO_4085-10,São Paulo,3550308,True,,2156,,,-23.5565005,-46.445294,,,,1,2023-06-20T10:31:55+00:00
SAO_407L-10,São Paulo,3550308,True,,2199,,,-23.5449815,-46.41078,,,,1,2023-06-20T10:34:46+00:00
SAO_407L-10,São Paulo,3550308,True,,2199,,,-23.5831905,-46.406312,,,,1,2023-06-20T10:33:12+00:00
SAO_407L-10,São Paulo,3550308,True,,2199,,,-23.5333255,-46.4599215,,,,1,2023-06-20T10:34:24+00:00
SAO_407L-10,São Paulo,3550308,True,,2199,,,-23.590169500000002,-46.3950145,,,,1,2023-06-20T10:34:45+00:00
SAO_407L-10,São Paulo,3550308,True,,2199,,,-23.5849955,-46.3906585,,,,1,2023-06-20T10:34:43+00:00
SAO_857R-10,São Paulo,3550308,True,,34660,,,-23.62904,-46.768864,,,,2,2023-06-20T10:34:37+00:00
SAO_857R-10,São Paulo,3550308,True,,34660,,,-23.6313825,-46.77286,,,,2,2023-06-20T10:34:19+00:00
SAO_857R-10,São Paulo,3550308,True,,34660,,,-23.631218,-46.773197499999995,,,,2,2023-06-20T10:34:32+00:00
SAO_857R-10,São Paulo,3550308,True,,34660,,,-23.631218,-46.773197499999995,,,,2,2023-06-20T10:34:44+00:00
SAO_5702-10,São Paulo,3550308,True,,1137,,,-23.6983535,-46.646030499999995,,,,1,2023-06-20T10:34:48+00:00
SAO_5702-10,São Paulo,3550308,True,,1137,,,-23.653466249999997,-46.636911500000004,,,,1,2023-06-20T10:34:30+00:00
SAO_5702-10,São Paulo,3550308,True,,1137,,,-23.6849845,-46.633231,,,,1,2023-06-20T10:34:41+00:00
SAO_719R-10,São Paulo,3550308,True,EMTU,469,https://moovitapp.com/index/pt-br/transporte_p%C3%BAblico-line-469-Sao_Paulo-242-2038937-36419507-0,5.4,-23.566324,-46.752572,,,,1,2023-06-20T10:34:11+00:00
SAO_6116-10,São Paulo,3550308,True,,1186,,,-23.736796499999997,-46.696856,,,,1,2023-06-20T10:34:17+00:00
SAO_6116-10,São Paulo,3550308,True,,1186,,,-23.754961375,-46.672232375,,,,1,2023-06-20T10:34:17+00:00
SAO_6116-10,São Paulo,3550308,True,,1186,,,-23.736796499999997,-46.696856,,,,1,2023-06-20T10:34:54+00:00
SAO_6116-10,São Paulo,3550308,True,,1186,,,-23.744446,-46.6905335,,,,1,2023-06-20T10:34:44+00:00
SAO_6824-10,São Paulo,3550308,True,,32791,,,-23.667013,-46.783842,,,,2,2023-06-20T10:34:48+00:00
SAO_6824-10,São Paulo,3550308,True,,32791,,,-23.673696749999998,-46.79064525,,,,2,2023-06-20T10:34:53+00:00
SAO_6027-10,São Paulo,3550308,True,,90,,,-23.72348275,-46.670784999999995,,,,1,2023-06-20T10:34:19+00:00
SAO_6027-10,São Paulo,3550308,True,,90,,,-23.7215,-46.6892115,,,,1,2023-06-20T10:34:43+00:00
SAO_6027-10,São Paulo,3550308,True,,90,,,-23.723868,-46.670744,,,,1,2023-06-20T10:34:31+00:00
SAO_6027-10,São Paulo,3550308,True,,90,,,-23.722078,-46.692443499999996,,,,1,2023-06-20T10:34:23+00:00
SAO_3751-10,São Paulo,3550308,True,,1047,,,-23.551533874999997,-46.429466875,,,,1,2023-06-20T10:34:41+00:00
SAO_3751-10,São Paulo,3550308,True,,1047,,,-23.569356,-46.4108985,,,,1,2023-06-20T10:34:52+00:00
SAO_3751-10,São Paulo,3550308,True,,1047,,,-23.5422585,-46.469769,,,,1,2023-06-20T10:34:25+00:00
SAO_3751-10,São Paulo,3550308,True,,1047,,,-23.569356,-46.4108985,,,,1,2023-06-20T10:34:23+00:00
SAO_3751-10,São Paulo,3550308,True,,1047,,,-23.569356,-46.4108985,,,,1,2023-06-20T10:34:26+00:00
SAO_3751-10,São Paulo,3550308,True,,1047,,,-23.569356,-46.4108985,,,,1,2023-06-20T10:34:19+00:00
SAO_3751-10,São Paulo,3550308,True,,1047,,,-23.569356,-46.4108985,,,,1,2023-06-20T10:34:18+00:00
SAO_3751-10,São Paulo,3550308,True,,1047,,,-23.569356,-46.4108985,,,,1,2023-06-20T10:34:37+00:00
SAO_3751-10,São Paulo,3550308,True,,1047,,,-23.552010250000002,-46.443593750000005,,,,1,2023-06-20T10:34:17+00:00
SAO_3751-10,São Paulo,3550308,True,,1047,,,-23.564352999999997,-46.4149565,,,,1,2023-06-20T10:34:49+00:00
SAO_3751-10,São Paulo,3550308,True,,1047,,,-23.569356,-46.4108985,,,,1,2023-06-20T10:34:26+00:00
SAO_971C-10,São Paulo,3550308,True,,33339,,,-23.446253,-46.704586500000005,,,,2,2023-06-20T10:34:30+00:00
SAO_971C-10,São Paulo,3550308,True,,33339,,,-23.4489235,-46.7102915,,,,2,2023-06-20T10:34:34+00:00
SAO_971C-10,São Paulo,3550308,True,,33339,,,-23.4490045,-46.7102105,,,,2,2023-06-20T10:34:46+00:00
SAO_971C-10,São Paulo,3550308,True,,33339,,,-23.4704665,-46.676357499999995,,,,2,2023-06-20T10:34:11+00:00
SAO_748R-10,São Paulo,3550308,True,EMTU,501,https://moovitapp.com/index/pt-br/transporte_p%C3%BAblico-line-501-Sao_Paulo-242-2038937-36419526-0,7.55,-23.576645499999998,-46.762781000000004,,,,1,2023-06-20T10:34:43+00:00
SAO_748R-10,São Paulo,3550308,True,EMTU,501,https://moovitapp.com/index/pt-br/transporte_p%C3%BAblico-line-501-Sao_Paulo-242-2038937-36419526-0,7.55,-23.594955,-46.7886485,,,,1,2023-06-20T10:34:12+00:00
SAO_748R-10,São Paulo,3550308,True,EMTU,501,https://moovitapp.com/index/pt-br/transporte_p%C3%BAblico-line-501-Sao_Paulo-242-2038937-36419526-0,7.55,-23.54262475,-46.73122875,,,,1,2023-06-20T10:34:30+00:00
SAO_748R-10,São Paulo,3550308,True,EMTU,501,https://moovitapp.com/index/pt-br/transporte_p%C3%BAblico-line-501-Sao_Paulo-242-2038937-36419526-0,7.55,-23.601868250000003,-46.78341825,,,,1,2023-06-20T10:34:54+00:00
SAO_748R-10,São Paulo,3550308,True,EMTU,501,https://moovitapp.com/index/pt-br/transporte_p%C3%BAblico-line-501-Sao_Paulo-242-2038937-36419526-0,7.55,-23.550092562499998,-46.7390546875,,,,1,2023-06-20T10:34:12+00:00
SAO_5652-10,São Paulo,3550308,True,,33042,,,-23.5506,-46.63518500000001,,,,2,2023-06-20T10:34:23+00:00
SAO_2735-10,São Paulo,3550308,True,,1921,,,-23.481342,-46.49426675,,,,1,2023-06-20T10:34:24+00:00
SAO_2735-10,São Paulo,3550308,True,,1921,,,-23.480578,-46.494646,,,,1,2023-06-20T10:32:17+00:00
SAO_2735-10,São Paulo,3550308,True,,1921,,,-23.533241,-46.5445985,,,,1,2023-06-20T10:34:24+00:00
SAO_2735-10,São Paulo,3550308,True,,1921,,,-23.480578,-46.494646,,,,1,2023-06-20T10:34:10+00:00
SAO_2735-10,São Paulo,3550308,True,,1921,,,-23.5295,-46.5470615,,,,1,2023-06-20T10:34:23+00:00
SAO_2735-10,São Paulo,3550308,True,,1921,,,-23.499660499999997,-46.5246485,,,,1,2023-06-20T10:34:43+00:00
SAO_7005-51,São Paulo,3550308,True,,34767,,,-23.73584275,-46.77734625,,,,2,2023-06-20T10:34:30+00:00
SAO_7005-51,São Paulo,3550308,True,,34767,,,-23.710781499999996,-46.782951499999996,,,,2,2023-06-20T10:34:49+00:00
SAO_7005-51,São Paulo,3550308,True,,34767,,,-23.73646075,-46.776863250000005,,,,2,2023-06-20T10:34:25+00:00
SAO_N831-11,São Paulo,3550308,True,,35198,,,-23.524549625000002,-46.699218625,,,,2,2023-06-20T10:34:48+00:00
SAO_8194-10,São Paulo,3550308,True,,33573,,,-23.459804999999996,-46.68515025,,,,2,2023-06-20T10:34:18+00:00
SAO_8194-10,São Paulo,3550308,True,,33573,,,-23.4140175,-46.750341500000005,,,,2,2023-06-20T10:34:30+00:00
SAO_2704-10,São Paulo,3550308,True,,916,,,-23.526659000000002,-46.409887999999995,,,,1,2023-06-20T10:34:35+00:00
SAO_2704-10,São Paulo,3550308,True,,916,,,-23.526659000000002,-46.409887999999995,,,,1,2023-06-20T10:34:01+00:00
SAO_2704-10,São Paulo,3550308,True,,916,,,-23.5198535,-46.41966,,,,1,2023-06-20T10:34:53+00:00
SAO_2704-10,São Paulo,3550308,True,,916,,,-23.512355,-46.432567500000005,,,,1,2023-06-20T10:34:12+00:00
SAO_2704-10,São Paulo,3550308,True,,916,,,-23.5198535,-46.41966,,,,1,2023-06-20T10:34:38+00:00
SAO_2704-10,São Paulo,3550308,True,,916,,,-23.5340005,-46.454611,,,,1,2023-06-20T10:34:40+00:00
SAO_2704-10,São Paulo,3550308,True,,916,,,-23.5198535,-46.41966,,,,1,2023-06-20T10:34:43+00:00
SAO_2704-10,São Paulo,3550308,True,,916,,,-23.542444,-46.471092999999996,,,,1,2023-06-20T10:34:36+00:00
SAO_2704-10,São Paulo,3550308,True,,916,,,-23.526659000000002,-46.409887999999995,,,,1,2023-06-20T10:33:55+00:00
SAO_274P-10,São Paulo,3550308,True,,33000,,,-23.512387500000003,-46.5304855,,,,2,2023-06-20T10:34:35+00:00
SAO_6913-10,São Paulo,3550308,True,,34233,,,-23.549266,-46.6401115,,,,2,2023-06-20T10:34:32+00:00
SAO_6913-10,São Paulo,3550308,True,,34233,,,-23.767727999999998,-46.7167135,,,,2,2023-06-20T10:34:32+00:00
SAO_2710-10,São Paulo,3550308,True,,924,,,-23.529988,-46.5012995,,,,1,2023-06-20T10:34:51+00:00
SAO_2710-10,São Paulo,3550308,True,,924,,,-23.53005825,-46.500728249999995,,,,1,2023-06-20T10:34:37+00:00
SAO_2710-10,São Paulo,3550308,True,,924,,,-23.516843,-46.489267999999996,,,,1,2023-06-20T10:34:40+00:00
SAO_2710-10,São Paulo,3550308,True,,924,,,-23.53005825,-46.500728249999995,,,,1,2023-06-20T10:34:17+00:00
SAO_273N-10,São Paulo,3550308,True,EMTU,390,https://moovitapp.com/index/pt-br/transporte_p%C3%BAblico-line-390-Sao_Paulo-242-2038937-36419459-0,5.45,-23.499823,-46.4256975,,,,1,2023-06-20T10:34:38+00:00
SAO_273N-10,São Paulo,3550308,True,EMTU,390,https://moovitapp.com/index/pt-br/transporte_p%C3%BAblico-line-390-Sao_Paulo-242-2038937-36419459-0,5.45,-23.5037275,-46.366858750000006,,,,1,2023-06-20T10:34:35+00:00
SAO_273N-10,São Paulo,3550308,True,EMTU,390,https://moovitapp.com/index/pt-br/transporte_p%C3%BAblico-line-390-Sao_Paulo-242-2038937-36419459-0,5.45,-23.502465,-46.384566,,,,1,2023-06-20T10:34:49+00:00
SAO_8622-10,São Paulo,3550308,True,EMTU,438,https://moovitapp.com/index/pt-br/transporte_p%C3%BAblico-line-438-Sao_Paulo-242-2038937-36419488-0,7.65,-23.518387,-46.725114500000004,,,,1,2023-06-20T10:34:33+00:00
SAO_8622-10,São Paulo,3550308,True,EMTU,438,https://moovitapp.com/index/pt-br/transporte_p%C3%BAblico-line-438-Sao_Paulo-242-2038937-36419488-0,7.65,-23.4467935,-46.798595,,,,1,2023-06-20T10:32:27+00:00
SAO_8622-10,São Paulo,3550308,True,EMTU,438,https://moovitapp.com/index/pt-br/transporte_p%C3%BAblico-line-438-Sao_Paulo-242-2038937-36419488-0,7.65,-23.448002000000002,-46.787583,,,,1,2023-06-20T10:34:39+00:00
SAO_5103-10,São Paulo,3550308,True,,34414,,,-23.603656,-46.6035635,,,,2,2023-06-20T10:34:43+00:00
SAO_5103-10,São Paulo,3550308,True,,34414,,,-23.6010425,-46.6246845,,,,2,2023-06-20T10:34:26+00:00
SAO_3021-10,São Paulo,3550308,True,,33044,,,-23.597732999999998,-46.512417,,,,2,2023-06-20T10:34:34+00:00
SAO_172X-10,São Paulo,3550308,True,,861,,,-23.5397765,-46.5765665,,,,1,2023-06-20T10:34:42+00:00
SAO_172X-10,São Paulo,3550308,True,,861,,,-23.510158875000002,-46.567904750000004,,,,1,2023-06-20T10:34:28+00:00
SAO_172X-10,São Paulo,3550308,True,,861,,,-23.527747624999996,-46.579986250000005,,,,1,2023-06-20T10:34:48+00:00
SAO_5110-10,São Paulo,3550308,True,,2209,,,-23.6141145,-46.476496999999995,,,,1,2023-06-20T10:34:25+00:00
SAO_5110-10,São Paulo,3550308,True,,2209,,,-23.602784999999997,-46.5158535,,,,1,2023-06-20T10:34:01+00:00
SAO_5110-10,São Paulo,3550308,True,,2209,,,-23.6141145,-46.476496999999995,,,,1,2023-06-20T10:34:51+00:00
SAO_5110-10,São Paulo,3550308,True,,2209,,,-23.58609275,-46.589252,,,,1,2023-06-20T10:34:27+00:00
SAO_938V-10,São Paulo,3550308,True,STT,813,https://moovitapp.com/index/pt-br/transporte_p%C3%BAblico-line-813-Sao_Paulo-242-850661-183360-0,5.3,-23.52392125,-46.693022,,,,1,2023-06-20T10:34:28+00:00
SAO_938V-10,São Paulo,3550308,True,STT,813,https://moovitapp.com/index/pt-br/transporte_p%C3%BAblico-line-813-Sao_Paulo-242-850661-183360-0,5.3,-23.506587875,-46.68920250000001,,,,1,2023-06-20T10:34:45+00:00
SAO_938V-10,São Paulo,3550308,True,STT,813,https://moovitapp.com/index/pt-br/transporte_p%C3%BAblico-line-813-Sao_Paulo-242-850661-183360-0,5.3,-23.452962,-46.684575499999994,,,,1,2023-06-20T10:34:49+00:00
SAO_938V-10,São Paulo,3550308,True,STT,813,https://moovitapp.com/index/pt-br/transporte_p%C3%BAblico-line-813-Sao_Paulo-242-850661-183360-0,5.3,-23.4505045,-46.686358999999996,,,,1,2023-06-20T10:34:10+00:00
SAO_938V-10,São Paulo,3550308,True,STT,813,https://moovitapp.com/index/pt-br/transporte_p%C3%BAblico-line-813-Sao_Paulo-242-850661-183360-0,5.3,-23.5262155,-46.669086,,,,1,2023-06-20T10:34:15+00:00
SAO_938V-10,São Paulo,3550308,True,STT,813,https://moovitapp.com/index/pt-br/transporte_p%C3%BAblico-line-813-Sao_Paulo-242-850661-183360-0,5.3,-23.47683,-46.679985,,,,1,2023-06-20T10:34:52+00:00
SAO_1778-10,São Paulo,3550308,True,,1789,,,-23.461165,-46.582806500000004,,,,1,2023-06-20T10:34:26+00:00
SAO_4024-10,São Paulo,3550308,True,,2158,,,-23.5638945,-46.417996,,,,1,2023-06-20T10:34:27+00:00
SAO_N436-11,São Paulo,3550308,True,,35137,,,-23.581412999999998,-46.393872,,,,2,2023-06-20T10:30:38+00:00
SAO_2202-10,São Paulo,3550308,True,Urubupungá,910,https://moovitapp.com/index/pt-br/transporte_p%C3%BAblico-line-910-Sao_Paulo-242-873835-496471-0,4.6,-23.514179,-46.402629,,,,1,2023-06-20T10:34:54+00:00
SAO_2202-10,São Paulo,3550308,True,Urubupungá,910,https://moovitapp.com/index/pt-br/transporte_p%C3%BAblico-line-910-Sao_Paulo-242-873835-496471-0,4.6,-23.488201,-46.382996500000004,,,,1,2023-06-20T10:34:16+00:00
SAO_2202-10,São Paulo,3550308,True,Urubupungá,910,https://moovitapp.com/index/pt-br/transporte_p%C3%BAblico-line-910-Sao_Paulo-242-873835-496471-0,4.6,-23.536396,-46.4036605,,,,1,2023-06-20T10:34:13+00:00
SAO_2202-10,São Paulo,3550308,True,Urubupungá,910,https://moovitapp.com/index/pt-br/transporte_p%C3%BAblico-line-910-Sao_Paulo-242-873835-496471-0,4.6,-23.494988499999998,-46.3906405,,,,1,2023-06-20T10:34:33+00:00
SAO_2202-10,São Paulo,3550308,True,Urubupungá,910,https://moovitapp.com/index/pt-br/transporte_p%C3%BAblico-line-910-Sao_Paulo-242-873835-496471-0,4.6,-23.542133,-46.4148525,,,,1,2023-06-20T10:34:32+00:00
SAO_2202-10,São Paulo,3550308,True,Urubupungá,910,https://moovitapp.com/index/pt-br/transporte_p%C3%BAblico-line-910-Sao_Paulo-242-873835-496471-0,4.6,-23.5343575,-46.3998345,,,,1,2023-06-20T10:34:54+00:00
SAO_2202-10,São Paulo,3550308,True,Urubupungá,910,https://moovitapp.com/index/pt-br/transporte_p%C3%BAblico-line-910-Sao_Paulo-242-873835-496471-0,4.6,-23.495372,-46.404897500000004,,,,1,2023-06-20T10:34:31+00:00
SAO_2202-10,São Paulo,3550308,True,Urubupungá,910,https://moovitapp.com/index/pt-br/transporte_p%C3%BAblico-line-910-Sao_Paulo-242-873835-496471-0,4.6,-23.53283825,-46.398762500000004,,,,1,2023-06-20T10:34:43+00:00
SAO_2202-10,São Paulo,3550308,True,Urubupungá,910,https://moovitapp.com/index/pt-br/transporte_p%C3%BAblico-line-910-Sao_Paulo-242-873835-496471-0,4.6,-23.487424750000002,-46.383425,,,,1,2023-06-20T10:34:14+00:00
SAO_2202-10,São Paulo,3550308,True,Urubupungá,910,https://moovitapp.com/index/pt-br/transporte_p%C3%BAblico-line-910-Sao_Paulo-242-873835-496471-0,4.6,-23.503041,-46.405007,,,,1,2023-06-20T10:30:12+00:00
SAO_2202-10,São Paulo,3550308,True,Urubupungá,910,https://moovitapp.com/index/pt-br/transporte_p%C3%BAblico-line-910-Sao_Paulo-242-873835-496471-0,4.6,-23.49718625,-46.39991175,,,,1,2023-06-20T10:34:32+00:00
SAO_6812-10,São Paulo,3550308,True,,1242,,,-23.703879,-46.7838305,,,,1,2023-06-20T10:34:47+00:00
SAO_6812-10,São Paulo,3550308,True,,1242,,,-23.7317165,-46.789798000000005,,,,1,2023-06-20T10:34:16+00:00
SAO_6812-10,São Paulo,3550308,True,,1242,,,-23.669815749999998,-46.73685449999999,,,,1,2023-06-20T10:34:37+00:00
SAO_6812-10,São Paulo,3550308,True,,1242,,,-23.729594999999996,-46.788745750000004,,,,1,2023-06-20T10:34:41+00:00
SAO_9032-10,São Paulo,3550308,True,STT,880,https://moovitapp.com/index/pt-br/transporte_p%C3%BAblico-line-880-Sao_Paulo-242-850661-183362-0,5.3,-23.4462735,-46.692235499999995,,,,1,2023-06-20T10:34:30+00:00
SAO_9032-10,São Paulo,3550308,True,STT,880,https://moovitapp.com/index/pt-br/transporte_p%C3%BAblico-line-880-Sao_Paulo-242-850661-183362-0,5.3,-23.449717,-46.6976875,,,,1,2023-06-20T10:34:35+00:00
SAO_9032-10,São Paulo,3550308,True,STT,880,https://moovitapp.com/index/pt-br/transporte_p%C3%BAblico-line-880-Sao_Paulo-242-850661-183362-0,5.3,-23.473550250000002,-46.670976249999995,,,,1,2023-06-20T10:34:42+00:00
SAO_9032-10,São Paulo,3550308,True,STT,880,https://moovitapp.com/index/pt-br/transporte_p%C3%BAblico-line-880-Sao_Paulo-242-850661-183362-0,5.3,-23.44625,-46.69209549999999,,,,1,2023-06-20T10:34:31+00:00
SAO_9032-10,São Paulo,3550308,True,STT,880,https://moovitapp.com/index/pt-br/transporte_p%C3%BAblico-line-880-Sao_Paulo-242-850661-183362-0,5.3,-23.4471395,-46.699754999999996,,,,1,2023-06-20T10:34:34+00:00
SAO_9032-10,São Paulo,3550308,True,STT,880,https://moovitapp.com/index/pt-br/transporte_p%C3%BAblico-line-880-Sao_Paulo-242-850661-183362-0,5.3,-23.4462385,-46.692054,,,,1,2023-06-20T10:34:30+00:00
SAO_6055-10,São Paulo,3550308,True,,1146,,,-23.758021499999998,-46.7035145,,,,1,2023-06-20T10:34:53+00:00
SAO_6055-10,São Paulo,3550308,True,,1146,,,-23.75413,-46.708843,,,,1,2023-06-20T10:34:12+00:00
SAO_6055-10,São Paulo,3550308,True,,1146,,,-23.728143000000003,-46.699055,,,,1,2023-06-20T10:34:55+00:00
SAO_3732-10,São Paulo,3550308,True,,1029,,,-23.539538,-46.4317025,,,,1,2023-06-20T10:34:35+00:00
SAO_3732-10,São Paulo,3550308,True,,1029,,,-23.539538,-46.4317025,,,,1,2023-06-20T10:34:39+00:00
SAO_3732-10,São Paulo,3550308,True,,1029,,,-23.539538,-46.4317025,,,,1,2023-06-20T10:34:27+00:00
SAO_3732-10,São Paulo,3550308,True,,1029,,,-23.554831999999998,-46.442148,,,,1,2023-06-20T10:34:33+00:00
SAO_3732-10,São Paulo,3550308,True,,1029,,,-23.540506,-46.4357655,,,,1,2023-06-20T10:34:15+00:00
SAO_3732-10,São Paulo,3550308,True,,1029,,,-23.554565500000002,-46.439924500000004,,,,1,2023-06-20T10:34:40+00:00
SAO_5164-41,São Paulo,3550308,True,,1617,,,-23.646586749999997,-46.645936000000006,,,,1,2023-06-20T10:34:51+00:00
SAO_5164-41,São Paulo,3550308,True,,1617,,,-23.6463425,-46.64646425,,,,1,2023-06-20T10:34:20+00:00
SAO_5164-41,São Paulo,3550308,True,,1617,,,-23.6461105,-46.6469465,,,,1,2023-06-20T10:34:46+00:00
SAO_5164-41,São Paulo,3550308,True,,1617,,,-23.6466845,-46.651101749999995,,,,1,2023-06-20T10:34:27+00:00
SAO_2058-10,São Paulo,3550308,True,,33027,,,-23.5344805,-46.4000855,,,,2,2023-06-20T10:34:25+00:00
SAO_6091-10,São Paulo,3550308,True,,1175,,,-23.827535500000003,-46.7273075,,,,1,2023-06-20T10:34:51+00:00
SAO_6091-10,São Paulo,3550308,True,,1175,,,-23.6631035,-46.7064425,,,,1,2023-06-20T10:34:40+00:00
SAO_6091-10,São Paulo,3550308,True,,1175,,,-23.7950125,-46.7303395,,,,1,2023-06-20T10:34:42+00:00
SAO_6091-10,São Paulo,3550308,True,,1175,,,-23.722478000000002,-46.697953,,,,1,2023-06-20T10:34:26+00:00
SAO_6091-10,São Paulo,3550308,True,,1175,,,-23.855382374999998,-46.706753875000004,,,,1,2023-06-20T10:34:39+00:00
SAO_9009-10,São Paulo,3550308,True,,877,,,-23.447921,-46.708813500000005,,,,1,2023-06-20T10:34:35+00:00
SAO_9009-10,São Paulo,3550308,True,,877,,,-23.459683,-46.6885965,,,,1,2023-06-20T10:34:36+00:00
SAO_9009-10,São Paulo,3550308,True,,877,,,-23.4438805,-46.713807,,,,1,2023-06-20T10:34:53+00:00
SAO_9009-10,São Paulo,3550308,True,,877,,,-23.4744005,-46.669729000000004,,,,1,2023-06-20T10:34:22+00:00
SAO_3731-10,São Paulo,3550308,True,,33796,,,-23.539874,-46.516463,,,,2,2023-06-20T10:34:12+00:00
SAO_3731-10,São Paulo,3550308,True,,33796,,,-23.531301,-46.5301575,,,,2,2023-06-20T10:34:32+00:00
SAO_3731-10,São Paulo,3550308,True,,33796,,,-23.539182500000003,-46.51704,,,,2,2023-06-20T10:34:25+00:00
SAO_3731-10,São Paulo,3550308,True,,33796,,,-23.563913499999998,-46.502575500000006,,,,2,2023-06-20T10:34:29+00:00
SAO_3731-10,São Paulo,3550308,True,,33796,,,-23.539611999999998,-46.516724999999994,,,,2,2023-06-20T10:34:40+00:00
SAO_3731-10,São Paulo,3550308,True,,33796,,,-23.538859000000002,-46.517270499999995,,,,2,2023-06-20T10:33:35+00:00
SAO_3731-10,São Paulo,3550308,True,,33796,,,-23.563868499999998,-46.502337,,,,2,2023-06-20T10:34:32+00:00
SAO_3731-10,São Paulo,3550308,True,,33796,,,-23.538997000000002,-46.5171695,,,,2,2023-06-20T10:34:38+00:00
SAO_9789-10,São Paulo,3550308,True,,829,,,-23.460588,-46.70847,,,,1,2023-06-20T10:34:43+00:00
SAO_9789-10,São Paulo,3550308,True,,829,,,-23.460588,-46.70847,,,,1,2023-06-20T10:34:44+00:00
SAO_9789-10,São Paulo,3550308,True,,829,,,-23.460588,-46.70847,,,,1,2023-06-20T10:34:11+00:00
SAO_9789-10,São Paulo,3550308,True,,829,,,-23.460588,-46.70847,,,,1,2023-06-20T10:34:26+00:00
SAO_9789-10,São Paulo,3550308,True,,829,,,-23.46538975,-46.69978175,,,,1,2023-06-20T10:34:39+00:00
SAO_9789-10,São Paulo,3550308,True,,829,,,-23.460588,-46.70847,,,,1,2023-06-20T10:34:36+00:00
SAO_917H-10,São Paulo,3550308,True,STT,456,https://moovitapp.com/index/pt-br/transporte_p%C3%BAblico-line-456-Sao_Paulo-242-850661-10416524-0,5.3,-23.518142,-46.753121375,,,,1,2023-06-20T10:34:52+00:00
SAO_917H-10,São Paulo,3550308,True,STT,456,https://moovitapp.com/index/pt-br/transporte_p%C3%BAblico-line-456-Sao_Paulo-242-850661-10416524-0,5.3,-23.486014,-46.7257505,,,,1,2023-06-20T10:34:32+00:00
SAO_917H-10,São Paulo,3550308,True,STT,456,https://moovitapp.com/index/pt-br/transporte_p%C3%BAblico-line-456-Sao_Paulo-242-850661-10416524-0,5.3,-23.4865925,-46.726296500000004,,,,1,2023-06-20T10:34:41+00:00
SAO_917H-10,São Paulo,3550308,True,STT,456,https://moovitapp.com/index/pt-br/transporte_p%C3%BAblico-line-456-Sao_Paulo-242-850661-10416524-0,5.3,-23.487548,-46.734941500000005,,,,1,2023-06-20T10:33:53+00:00
SAO_917H-10,São Paulo,3550308,True,STT,456,https://moovitapp.com/index/pt-br/transporte_p%C3%BAblico-line-456-Sao_Paulo-242-850661-10416524-0,5.3,-23.532965750000002,-46.734277250000005,,,,1,2023-06-20T10:34:44+00:00
SAO_917H-10,São Paulo,3550308,True,STT,456,https://moovitapp.com/index/pt-br/transporte_p%C3%BAblico-line-456-Sao_Paulo-242-850661-10416524-0,5.3,-23.486517,-46.7262255,,,,1,2023-06-20T10:34:12+00:00
SAO_971R-10,São Paulo,3550308,True,,33382,,,-23.455016999999998,-46.6954525,,,,2,2023-06-20T10:34:22+00:00
SAO_971R-10,São Paulo,3550308,True,,33382,,,-23.454214999999998,-46.737634,,,,2,2023-06-20T10:34:31+00:00
SAO_971R-10,São Paulo,3550308,True,,33382,,,-23.447474999999997,-46.702932000000004,,,,2,2023-06-20T10:34:37+00:00
SAO_971R-10,São Paulo,3550308,True,,33382,,,-23.454051,-46.737555,,,,2,2023-06-20T10:34:12+00:00
SAO_971R-10,São Paulo,3550308,True,,33382,,,-23.4394515,-46.7084175,,,,2,2023-06-20T10:34:32+00:00
SAO_971R-10,São Paulo,3550308,True,,33382,,,-23.439740999999998,-46.732292,,,,2,2023-06-20T10:34:15+00:00
SAO_172P-10,São Paulo,3550308,True,,33626,,,-23.441767,-46.589588000000006,,,,2,2023-06-20T10:34:49+00:00
SAO_172P-10,São Paulo,3550308,True,,33626,,,-23.4424695,-46.589804,,,,2,2023-06-20T10:34:52+00:00
SAO_172P-10,São Paulo,3550308,True,,33626,,,-23.4424695,-46.589804,,,,2,2023-06-20T10:34:25+00:00
SAO_172P-10,São Paulo,3550308,True,,33626,,,-23.4378765,-46.5662585,,,,2,2023-06-20T10:34:21+00:00
SAO_172P-10,São Paulo,3550308,True,,33626,,,-23.4418065,-46.5890285,,,,2,2023-06-20T10:34:09+00:00
SAO_172P-10,São Paulo,3550308,True,,33626,,,-23.4378765,-46.5662585,,,,2,2023-06-20T10:34:52+00:00
SAO_3462-10,São Paulo,3550308,True,,33015,,,-23.527414,-46.4551295,,,,2,2023-06-20T10:34:45+00:00
SAO_6076-10,São Paulo,3550308,True,,1165,,,-23.6669665,-46.7119285,,,,1,2023-06-20T10:34:40+00:00
SAO_6076-10,São Paulo,3550308,True,,1165,,,-23.7310565,-46.6880525,,,,1,2023-06-20T10:34:41+00:00
SAO_957T-10,São Paulo,3550308,True,,464,,,-23.459721000000002,-46.6888565,,,,1,2023-06-20T10:34:36+00:00
SAO_957T-10,São Paulo,3550308,True,,464,,,-23.5049275,-46.689317,,,,1,2023-06-20T10:34:12+00:00
SAO_957T-10,São Paulo,3550308,True,,464,,,-23.4362225,-46.717113499999996,,,,1,2023-06-20T10:34:20+00:00
SAO_5362-10,São Paulo,3550308,True,BR7 Mobilidade,70,https://moovitapp.com/index/pt-br/transporte_p%C3%BAblico-line-70-Sao_Paulo-242-851856-2250296-0,5.75,-23.7327515,-46.697051,,,,1,2023-06-20T10:34:52+00:00
SAO_5362-10,São Paulo,3550308,True,BR7 Mobilidade,70,https://moovitapp.com/index/pt-br/transporte_p%C3%BAblico-line-70-Sao_Paulo-242-851856-2250296-0,5.75,-23.74858225,-46.665585,,,,1,2023-06-20T10:34:18+00:00
SAO_5362-10,São Paulo,3550308,True,BR7 Mobilidade,70,https://moovitapp.com/index/pt-br/transporte_p%C3%BAblico-line-70-Sao_Paulo-242-851856-2250296-0,5.75,-23.665243625000002,-46.710556875,,,,1,2023-06-20T10:34:25+00:00
SAO_6039-21,São Paulo,3550308,True,,35261,,,-23.654,-46.762946,,,,2,2023-06-20T10:34:29+00:00
SAO_2702-10,São Paulo,3550308,True,,914,,,-23.495477,-46.4449435,,,,1,2023-06-20T10:34:49+00:00
SAO_2702-10,São Paulo,3550308,True,,914,,,-23.495477,-46.4449435,,,,1,2023-06-20T10:34:24+00:00
SAO_2702-10,São Paulo,3550308,True,,914,,,-23.539782000000002,-46.482977500000004,,,,1,2023-06-20T10:33:29+00:00
SAO_2702-10,São Paulo,3550308,True,,914,,,-23.495477,-46.4449435,,,,1,2023-06-20T10:34:49+00:00
SAO_2702-10,São Paulo,3550308,True,,914,,,-23.495477,-46.4449435,,,,1,2023-06-20T10:33:32+00:00
SAO_4007-10,São Paulo,3550308,True,,34949,,,-23.558581500000003,-46.522422,,,,2,2023-06-20T10:34:30+00:00
SAO_4007-10,São Paulo,3550308,True,,34949,,,-23.565385499999998,-46.3962625,,,,2,2023-06-20T10:34:31+00:00
SAO_373M-10,São Paulo,3550308,True,EMTU,281,https://moovitapp.com/index/pt-br/transporte_p%C3%BAblico-line-281-Sao_Paulo-242-2038937-36419383-0,6.25,-23.591593500000002,-46.549503,,,,1,2023-06-20T10:34:41+00:00
SAO_373M-10,São Paulo,3550308,True,EMTU,281,https://moovitapp.com/index/pt-br/transporte_p%C3%BAblico-line-281-Sao_Paulo-242-2038937-36419383-0,6.25,-23.541990499999997,-46.580344499999995,,,,1,2023-06-20T10:34:48+00:00
SAO_2201-10,São Paulo,3550308,True,,33677,,,-23.541739999999997,-46.4162575,,,,2,2023-06-20T10:34:40+00:00
SAO_2201-10,São Paulo,3550308,True,,33677,,,-23.533054999999997,-46.39453999999999,,,,2,2023-06-20T10:34:43+00:00
SAO_2201-10,São Paulo,3550308,True,,33677,,,-23.534992,-46.401114500000006,,,,2,2023-06-20T10:34:52+00:00
SAO_736G-10,São Paulo,3550308,True,,780,,,-23.631871750000002,-46.748735249999996,,,,1,2023-06-20T10:34:28+00:00
SAO_5752-10,São Paulo,3550308,True,,1287,,,-23.6908765,-46.650728,,,,1,2023-06-20T10:34:40+00:00
SAO_5752-10,São Paulo,3550308,True,,1287,,,-23.690883999999997,-46.6502995,,,,1,2023-06-20T10:34:08+00:00
SAO_5752-10,São Paulo,3550308,True,,1287,,,-23.687086,-46.6477585,,,,1,2023-06-20T10:34:08+00:00
SAO_5752-10,São Paulo,3550308,True,,1287,,,-23.6908765,-46.650728,,,,1,2023-06-20T10:34:15+00:00
SAO_6075-10,São Paulo,3550308,True,,1162,,,-23.767886500000003,-46.7165485,,,,1,2023-06-20T10:34:37+00:00
SAO_9047-10,São Paulo,3550308,True,STT,883,https://moovitapp.com/index/pt-br/transporte_p%C3%BAblico-line-883-Sao_Paulo-242-850661-183365-0,5.3,-23.46455375,-46.70048225,,,,1,2023-06-20T10:34:29+00:00
SAO_9047-10,São Paulo,3550308,True,STT,883,https://moovitapp.com/index/pt-br/transporte_p%C3%BAblico-line-883-Sao_Paulo-242-850661-183365-0,5.3,-23.461924,-46.7135085,,,,1,2023-06-20T10:34:44+00:00
SAO_9047-10,São Paulo,3550308,True,STT,883,https://moovitapp.com/index/pt-br/transporte_p%C3%BAblico-line-883-Sao_Paulo-242-850661-183365-0,5.3,-23.458814,-46.707038999999995,,,,1,2023-06-20T10:34:30+00:00
SAO_9047-10,São Paulo,3550308,True,STT,883,https://moovitapp.com/index/pt-br/transporte_p%C3%BAblico-line-883-Sao_Paulo-242-850661-183365-0,5.3,-23.461924,-46.7135085,,,,1,2023-06-20T10:34:17+00:00
SAO_3003-10,São Paulo,3550308,True,,1797,,,-23.4814825,-46.415851,,,,1,2023-06-20T10:34:41+00:00
SAO_3003-10,São Paulo,3550308,True,,1797,,,-23.49119375,-46.409505249999995,,,,1,2023-06-20T10:34:41+00:00
SAO_695T-10,São Paulo,3550308,True,,1322,,,-23.648463,-46.7491555,,,,1,2023-06-20T10:34:32+00:00
SAO_695T-10,São Paulo,3550308,True,,1322,,,-23.64399425,-46.70092825,,,,1,2023-06-20T10:34:42+00:00
SAO_N834-11,São Paulo,3550308,True,,2433,,,-23.557638750000002,-46.6903625,,,,1,2023-06-20T10:34:32+00:00
SAO_575C-10,São Paulo,3550308,True,,34454,,,-23.5822785,-46.5268205,,,,2,2023-06-20T10:34:33+00:00
SAO_519M-10,São Paulo,3550308,True,,2211,,,-23.581951,-46.5902595,,,,1,2023-06-20T10:34:37+00:00
SAO_364A-10,São Paulo,3550308,True,,34014,,,-23.6007385,-46.507562,,,,2,2023-06-20T10:34:44+00:00
SAO_364A-10,São Paulo,3550308,True,,34014,,,-23.6086545,-46.5059945,,,,2,2023-06-20T10:34:19+00:00
SAO_364A-10,São Paulo,3550308,True,,34014,,,-23.581129,-46.561929,,,,2,2023-06-20T10:34:51+00:00
SAO_6000-10,São Paulo,3550308,True,,33908,,,-23.8284605,-46.7271145,,,,2,2023-06-20T10:34:28+00:00
SAO_6000-10,São Paulo,3550308,True,,33908,,,-23.8275535,-46.729018499999995,,,,2,2023-06-20T10:34:17+00:00
SAO_6000-10,São Paulo,3550308,True,,33908,,,-23.71381975,-46.708670500000004,,,,2,2023-06-20T10:34:39+00:00
SAO_6000-10,São Paulo,3550308,True,,33908,,,-23.771853,-46.719546,,,,2,2023-06-20T10:33:24+00:00
SAO_6000-10,São Paulo,3550308,True,,33908,,,-23.7188875,-46.698814999999996,,,,2,2023-06-20T10:34:08+00:00
SAO_6000-10,São Paulo,3550308,True,,33908,,,-23.8277885,-46.7304605,,,,2,2023-06-20T10:34:09+00:00
SAO_6000-10,São Paulo,3550308,True,,33908,,,-23.826211875,-46.7326355,,,,2,2023-06-20T10:34:37+00:00
SAO_6000-10,São Paulo,3550308,True,,33908,,,-23.798971,-46.731263,,,,2,2023-06-20T10:34:49+00:00
SAO_514T-10,São Paulo,3550308,True,,34439,,,-23.589427,-46.5306505,,,,2,2023-06-20T10:34:53+00:00
SAO_514T-10,São Paulo,3550308,True,,34439,,,-23.588014,-46.543710000000004,,,,2,2023-06-20T10:34:34+00:00
SAO_514T-10,São Paulo,3550308,True,,34439,,,-23.595541,-46.5058845,,,,2,2023-06-20T10:34:18+00:00
SAO_4314-10,São Paulo,3550308,True,,34942,,,-23.5736485,-46.3986825,,,,2,2023-06-20T10:34:44+00:00
SAO_5105-10,São Paulo,3550308,True,,34419,,,-23.5472265,-46.6288135,,,,2,2023-06-20T10:34:32+00:00
SAO_5105-10,São Paulo,3550308,True,,34419,,,-23.5472265,-46.6288135,,,,2,2023-06-20T10:34:26+00:00
SAO_5105-10,São Paulo,3550308,True,,34419,,,-23.5588825,-46.614905,,,,2,2023-06-20T10:34:11+00:00
SAO_5105-10,São Paulo,3550308,True,,34419,,,-23.602994000000002,-46.602816000000004,,,,2,2023-06-20T10:34:37+00:00
SAO_5105-10,São Paulo,3550308,True,,34419,,,-23.5472265,-46.6288135,,,,2,2023-06-20T10:34:09+00:00
SAO_5105-10,São Paulo,3550308,True,,34419,,,-23.6034985,-46.601729000000006,,,,2,2023-06-20T10:34:52+00:00
SAO_5105-10,São Paulo,3550308,True,,34419,,,-23.603226749999997,-46.60239175,,,,2,2023-06-20T10:34:19+00:00
SAO_5105-10,São Paulo,3550308,True,,34419,,,-23.6034215,-46.602013,,,,2,2023-06-20T10:34:35+00:00
SAO_5105-10,São Paulo,3550308,True,,34419,,,-23.6034985,-46.601729000000006,,,,2,2023-06-20T10:34:39+00:00
SAO_805L-10,São Paulo,3550308,True,EMTU,124,https://moovitapp.com/index/pt-br/transporte_p%C3%BAblico-line-124-Sao_Paulo-242-2038937-36419282-0,5.15,-23.534672999999998,-46.6441935,,,,1,2023-06-20T10:34:45+00:00
SAO_4313-10,São Paulo,3550308,True,,34941,,,-23.5479245,-46.629473,,,,2,2023-06-20T10:34:44+00:00
SAO_4313-10,São Paulo,3550308,True,,34941,,,-23.58308,-46.408871000000005,,,,2,2023-06-20T10:34:24+00:00
SAO_4313-10,São Paulo,3550308,True,,34941,,,-23.5831765,-46.407794499999994,,,,2,2023-06-20T10:34:43+00:00
SAO_4313-10,São Paulo,3550308,True,,34941,,,-23.54502925,-46.595573875,,,,2,2023-06-20T10:34:48+00:00
SAO_4313-10,São Paulo,3550308,True,,34941,,,-23.5884725,-46.4151555,,,,2,2023-06-20T10:34:12+00:00
SAO_6053-10,São Paulo,3550308,True,,1145,,,-23.736617,-46.696708,,,,1,2023-06-20T10:34:45+00:00
SAO_6053-10,São Paulo,3550308,True,,1145,,,-23.761918,-46.673716,,,,1,2023-06-20T10:34:40+00:00
SAO_271P-10,São Paulo,3550308,True,,33472,,,-23.4985585,-46.514556999999996,,,,2,2023-06-20T10:34:26+00:00
SAO_3026-10,São Paulo,3550308,True,,962,,,-23.573642,-46.393578500000004,,,,1,2023-06-20T10:34:11+00:00
SAO_3026-10,São Paulo,3550308,True,,962,,,-23.57246475,-46.3943525,,,,1,2023-06-20T10:34:38+00:00
SAO_3026-10,São Paulo,3550308,True,,962,,,-23.5429875,-46.41361,,,,1,2023-06-20T10:34:39+00:00
SAO_3026-10,São Paulo,3550308,True,,962,,,-23.5802135,-46.3868815,,,,1,2023-06-20T10:34:38+00:00
SAO_N639-11,São Paulo,3550308,True,,2404,,,-23.84744,-46.7156095,,,,1,2023-06-20T10:34:17+00:00
SAO_709P-10,São Paulo,3550308,True,,34761,,,-23.655466,-46.722590499999995,,,,2,2023-06-20T10:34:49+00:00
SAO_709P-10,São Paulo,3550308,True,,34761,,,-23.656168,-46.7235395,,,,2,2023-06-20T10:34:31+00:00
SAO_709P-10,São Paulo,3550308,True,,34761,,,-23.566234,-46.7020095,,,,2,2023-06-20T10:34:40+00:00
SAO_546T-10,São Paulo,3550308,True,,272,,,-23.668833,-46.68919525,,,,1,2023-06-20T10:34:27+00:00
SAO_546T-10,São Paulo,3550308,True,,272,,,-23.7020165,-46.6368515,,,,1,2023-06-20T10:34:44+00:00
SAO_546T-10,São Paulo,3550308,True,,272,,,-23.655615375,-46.7049805,,,,1,2023-06-20T10:34:16+00:00
SAO_546T-10,São Paulo,3550308,True,,272,,,-23.6971935,-46.649187,,,,1,2023-06-20T10:34:13+00:00
SAO_352A-10,São Paulo,3550308,True,,164,,,-23.5355795,-46.4543135,,,,1,2023-06-20T10:34:37+00:00
SAO_352A-10,São Paulo,3550308,True,,164,,,-23.574796,-46.476705,,,,1,2023-06-20T10:34:37+00:00
SAO_3134-10,São Paulo,3550308,True,,33761,,,-23.563750499999998,-46.505320499999996,,,,2,2023-06-20T10:34:12+00:00
SAO_3134-10,São Paulo,3550308,True,,33761,,,-23.563912000000002,-46.5052585,,,,2,2023-06-20T10:34:28+00:00
SAO_575A-10,São Paulo,3550308,True,,1638,,,-23.6018545,-46.57027,,,,1,2023-06-20T10:34:48+00:00
SAO_8215-10,São Paulo,3550308,True,,574,,,-23.5037065,-46.67648225000001,,,,1,2023-06-20T10:34:38+00:00
SAO_2725-10,São Paulo,3550308,True,,33707,,,-23.512969499999997,-46.4736135,,,,2,2023-06-20T10:34:51+00:00
SAO_2725-10,São Paulo,3550308,True,,33707,,,-23.511140625,-46.472899999999996,,,,2,2023-06-20T10:34:36+00:00
SAO_2725-10,São Paulo,3550308,True,,33707,,,-23.515217,-46.468835,,,,2,2023-06-20T10:34:17+00:00
SAO_2725-10,São Paulo,3550308,True,,33707,,,-23.512969499999997,-46.4736135,,,,2,2023-06-20T10:34:11+00:00
SAO_8549-10,São Paulo,3550308,True,EMTU,580,https://moovitapp.com/index/pt-br/transporte_p%C3%BAblico-line-580-Sao_Paulo-242-2038937-36419570-0,7.55,-23.543011,-46.637326,,,,1,2023-06-20T10:34:36+00:00
SAO_8549-10,São Paulo,3550308,True,EMTU,580,https://moovitapp.com/index/pt-br/transporte_p%C3%BAblico-line-580-Sao_Paulo-242-2038937-36419570-0,7.55,-23.475932,-46.679347,,,,1,2023-06-20T10:34:11+00:00
SAO_8549-10,São Paulo,3550308,True,EMTU,580,https://moovitapp.com/index/pt-br/transporte_p%C3%BAblico-line-580-Sao_Paulo-242-2038937-36419570-0,7.55,-23.4425545,-46.713346,,,,1,2023-06-20T10:34:42+00:00
SAO_8705-10,São Paulo,3550308,True,,34840,,,-23.548577,-46.758864,,,,2,2023-06-20T10:34:12+00:00
SAO_8705-10,São Paulo,3550308,True,,34840,,,-23.5470875,-46.7607205,,,,2,2023-06-20T10:34:25+00:00
SAO_675A-10,São Paulo,3550308,True,,34086,,,-23.661974,-46.756293,,,,2,2023-06-20T10:34:50+00:00
SAO_2726-10,São Paulo,3550308,True,Urubupungá,940,https://moovitapp.com/index/pt-br/transporte_p%C3%BAblico-line-940-Sao_Paulo-242-873835-496474-0,4.6,-23.5089045,-46.4682065,,,,1,2023-06-20T10:34:34+00:00
SAO_2726-10,São Paulo,3550308,True,Urubupungá,940,https://moovitapp.com/index/pt-br/transporte_p%C3%BAblico-line-940-Sao_Paulo-242-873835-496474-0,4.6,-23.5089045,-46.4682065,,,,1,2023-06-20T10:34:47+00:00
SAO_2726-10,São Paulo,3550308,True,Urubupungá,940,https://moovitapp.com/index/pt-br/transporte_p%C3%BAblico-line-940-Sao_Paulo-242-873835-496474-0,4.6,-23.5089045,-46.4682065,,,,1,2023-06-20T10:34:15+00:00
SAO_2726-10,São Paulo,3550308,True,Urubupungá,940,https://moovitapp.com/index/pt-br/transporte_p%C3%BAblico-line-940-Sao_Paulo-242-873835-496474-0,4.6,-23.51992675,-46.54118925,,,,1,2023-06-20T10:34:24+00:00
SAO_2726-10,São Paulo,3550308,True,Urubupungá,940,https://moovitapp.com/index/pt-br/transporte_p%C3%BAblico-line-940-Sao_Paulo-242-873835-496474-0,4.6,-23.5136905,-46.481736,,,,1,2023-06-20T10:34:47+00:00
SAO_2678-10,São Paulo,3550308,True,,33151,,,-23.547307,-46.630022,,,,2,2023-06-20T10:34:24+00:00
SAO_4112-10,São Paulo,3550308,True,,767,,,-23.581198999999998,-46.626126,,,,1,2023-06-20T10:34:34+00:00
SAO_4112-10,São Paulo,3550308,True,,767,,,-23.581198999999998,-46.626126,,,,1,2023-06-20T10:34:26+00:00
SAO_5370-10,São Paulo,3550308,True,,1442,,,-23.767560000000003,-46.7161905,,,,1,2023-06-20T10:34:35+00:00
SAO_5370-10,São Paulo,3550308,True,,1442,,,-23.623382499999998,-46.680756625,,,,1,2023-06-20T10:34:28+00:00
SAO_5370-10,São Paulo,3550308,True,,1442,,,-23.729186,-46.698715,,,,1,2023-06-20T10:34:50+00:00
SAO_5370-10,São Paulo,3550308,True,,1442,,,-23.677031125,-46.70759425,,,,1,2023-06-20T10:34:33+00:00
SAO_5370-10,São Paulo,3550308,True,,1442,,,-23.7673145,-46.7161625,,,,1,2023-06-20T10:34:22+00:00
SAO_172Y-10,São Paulo,3550308,True,,33630,,,-23.474435,-46.5800895,,,,2,2023-06-20T10:34:19+00:00
SAO_172Y-10,São Paulo,3550308,True,,33630,,,-23.4740885,-46.580253,,,,2,2023-06-20T10:34:22+00:00
SAO_172Y-10,São Paulo,3550308,True,,33630,,,-23.47473425,-46.58000975,,,,2,2023-06-20T10:34:31+00:00
SAO_172Y-10,São Paulo,3550308,True,,33630,,,-23.47473425,-46.58000975,,,,2,2023-06-20T10:34:14+00:00
SAO_172Y-10,São Paulo,3550308,True,,33630,,,-23.47473425,-46.58000975,,,,2,2023-06-20T10:34:27+00:00
SAO_6027-10,São Paulo,3550308,True,,32858,,,-23.72318425,-46.670979,,,,2,2023-06-20T10:34:20+00:00
SAO_4002-10,São Paulo,3550308,True,,2177,,,-23.554286,-46.393989000000005,,,,1,2023-06-20T10:34:12+00:00
SAO_4002-10,São Paulo,3550308,True,,2177,,,-23.579555,-46.4826245,,,,1,2023-06-20T10:34:38+00:00
SAO_637R-10,São Paulo,3550308,True,EMTU,196,https://moovitapp.com/index/pt-br/transporte_p%C3%BAblico-line-196-Sao_Paulo-242-2038937-36419323-0,4.85,-23.7157765,-46.7690515,,,,1,2023-06-20T10:34:50+00:00
SAO_637R-10,São Paulo,3550308,True,EMTU,196,https://moovitapp.com/index/pt-br/transporte_p%C3%BAblico-line-196-Sao_Paulo-242-2038937-36419323-0,4.85,-23.688371999999998,-46.77244137500001,,,,1,2023-06-20T10:34:40+00:00
SAO_637R-10,São Paulo,3550308,True,EMTU,196,https://moovitapp.com/index/pt-br/transporte_p%C3%BAblico-line-196-Sao_Paulo-242-2038937-36419323-0,4.85,-23.6677405,-46.73030275,,,,1,2023-06-20T10:34:35+00:00
SAO_7052-10,São Paulo,3550308,True,,1886,,,-23.6529745,-46.773157999999995,,,,1,2023-06-20T10:34:12+00:00
SAO_7052-10,São Paulo,3550308,True,,1886,,,-23.6312955,-46.773033999999996,,,,1,2023-06-20T10:34:34+00:00
SAO_1780-10,São Paulo,3550308,True,,33637,,,-23.448106,-46.5790305,,,,2,2023-06-20T10:34:16+00:00
SAO_6116-10,São Paulo,3550308,True,,33954,,,-23.7554495,-46.65858,,,,2,2023-06-20T10:34:18+00:00
SAO_6116-10,São Paulo,3550308,True,,33954,,,-23.75569,-46.657614,,,,2,2023-06-20T10:34:54+00:00
SAO_6116-10,São Paulo,3550308,True,,33954,,,-23.755624,-46.657882,,,,2,2023-06-20T10:34:17+00:00
SAO_7011-31,São Paulo,3550308,True,,34722,,,-23.69840475,-46.78049225,,,,2,2023-06-20T10:34:39+00:00
SAO_7011-31,São Paulo,3550308,True,,34722,,,-23.7075705,-46.7917315,,,,2,2023-06-20T10:34:33+00:00
SAO_2719-10,São Paulo,3550308,True,,932,,,-23.510348,-46.504578,,,,1,2023-06-20T10:34:52+00:00
SAO_2719-10,São Paulo,3550308,True,,932,,,-23.507408624999997,-46.489355875,,,,1,2023-06-20T10:34:36+00:00
SAO_2719-10,São Paulo,3550308,True,,932,,,-23.493888249999998,-46.4727415,,,,1,2023-06-20T10:34:48+00:00
SAO_2719-10,São Paulo,3550308,True,,932,,,-23.492145999999998,-46.4788065,,,,1,2023-06-20T10:34:34+00:00
SAO_2719-10,São Paulo,3550308,True,,932,,,-23.4945825,-46.4840025,,,,1,2023-06-20T10:34:55+00:00
SAO_2719-10,São Paulo,3550308,True,,932,,,-23.5317065,-46.528416,,,,1,2023-06-20T10:34:27+00:00
SAO_4015-10,São Paulo,3550308,True,,2188,,,-23.613228499999998,-46.476530999999994,,,,1,2023-06-20T10:34:50+00:00
SAO_6726-10,São Paulo,3550308,True,,1193,,,-23.736596499999997,-46.6971045,,,,1,2023-06-20T10:34:44+00:00
SAO_6726-10,São Paulo,3550308,True,,1193,,,-23.734559,-46.663270499999996,,,,1,2023-06-20T10:34:21+00:00
SAO_6726-10,São Paulo,3550308,True,,1193,,,-23.742447499999997,-46.669544,,,,1,2023-06-20T10:34:34+00:00
SAO_2666-10,São Paulo,3550308,True,,33146,,,-23.546655,-46.630598,,,,2,2023-06-20T10:34:51+00:00
SAO_2666-10,São Paulo,3550308,True,,33146,,,-23.51828025,-46.3879975,,,,2,2023-06-20T10:34:28+00:00
SAO_2666-10,São Paulo,3550308,True,,33146,,,-23.507500999999998,-46.479397500000005,,,,2,2023-06-20T10:34:26+00:00
SAO_2666-10,São Paulo,3550308,True,,33146,,,-23.518412250000004,-46.391846125,,,,2,2023-06-20T10:34:41+00:00
SAO_2666-10,São Paulo,3550308,True,,33146,,,-23.546655,-46.630598,,,,2,2023-06-20T10:34:53+00:00
SAO_2666-10,São Paulo,3550308,True,,33146,,,-23.546655,-46.630598,,,,2,2023-06-20T10:34:37+00:00
SAO_2666-10,São Paulo,3550308,True,,33146,,,-23.546655,-46.630598,,,,2,2023-06-20T10:34:10+00:00
SAO_209P-1,São Paulo,3550308,True,,2301,,,-23.47180475,-46.67047275,,,,1,2023-06-20T10:34:28+00:00
SAO_8400-10,São Paulo,3550308,True,,1265,,,-23.525216,-46.683388875,,,,1,2023-06-20T10:34:23+00:00
SAO_8400-10,São Paulo,3550308,True,,1265,,,-23.510699,-46.705584,,,,1,2023-06-20T10:34:41+00:00
SAO_8400-10,São Paulo,3550308,True,,1265,,,-23.486878500000003,-46.7265645,,,,1,2023-06-20T10:34:23+00:00
SAO_8400-10,São Paulo,3550308,True,,1265,,,-23.486878500000003,-46.7265645,,,,1,2023-06-20T10:34:43+00:00
SAO_8400-10,São Paulo,3550308,True,,1265,,,-23.486878500000003,-46.7265645,,,,1,2023-06-20T10:34:22+00:00
SAO_8400-10,São Paulo,3550308,True,,1265,,,-23.486878500000003,-46.7265645,,,,1,2023-06-20T10:34:21+00:00
SAO_3002-10,São Paulo,3550308,True,,34576,,,-23.5084055,-46.380527,,,,2,2023-06-20T10:34:27+00:00
SAO_3002-10,São Paulo,3550308,True,,34576,,,-23.496983999999998,-46.43961525,,,,2,2023-06-20T10:34:10+00:00
SAO_3002-10,São Paulo,3550308,True,,34576,,,-23.510973,-46.3788175,,,,2,2023-06-20T10:34:29+00:00
SAO_5108-10,São Paulo,3550308,True,,1675,,,-23.5580755,-46.628672249999994,,,,1,2023-06-20T10:34:23+00:00
SAO_5108-10,São Paulo,3550308,True,,1675,,,-23.65227025,-46.614357,,,,1,2023-06-20T10:34:43+00:00
SAO_2708-10,São Paulo,3550308,True,,921,,,-23.542396,-46.4708055,,,,1,2023-06-20T10:34:48+00:00
SAO_2708-10,São Paulo,3550308,True,,921,,,-23.5252605,-46.4121355,,,,1,2023-06-20T10:34:18+00:00
SAO_2708-10,São Paulo,3550308,True,,921,,,-23.5388555,-46.456513,,,,1,2023-06-20T10:34:03+00:00
SAO_2708-10,São Paulo,3550308,True,,921,,,-23.52332825,-46.430065,,,,1,2023-06-20T10:33:46+00:00
SAO_2708-10,São Paulo,3550308,True,,921,,,-23.533921499999998,-46.399558999999996,,,,1,2023-06-20T10:34:38+00:00
SAO_3054-10,São Paulo,3550308,True,,975,,,-23.609925,-46.407969,,,,1,2023-06-20T10:34:12+00:00
SAO_3054-10,São Paulo,3550308,True,,975,,,-23.609925,-46.407969,,,,1,2023-06-20T10:34:51+00:00
SAO_3054-10,São Paulo,3550308,True,,975,,,-23.600213,-46.470144000000005,,,,1,2023-06-20T10:34:41+00:00
SAO_3054-10,São Paulo,3550308,True,,975,,,-23.609925,-46.407969,,,,1,2023-06-20T10:27:25+00:00
SAO_647P-10,São Paulo,3550308,True,,1316,,,-23.601592,-46.713787499999995,,,,1,2023-06-20T10:34:11+00:00
SAO_647P-10,São Paulo,3550308,True,,1316,,,-23.6702345,-46.777426,,,,1,2023-06-20T10:34:48+00:00
SAO_647P-10,São Paulo,3550308,True,,1316,,,-23.657441499999997,-46.741730125000004,,,,1,2023-06-20T10:34:47+00:00
SAO_N136-11,São Paulo,3550308,True,,35060,,,-23.4395305,-46.792691500000004,,,,2,2023-06-20T10:34:26+00:00
SAO_675I-10,São Paulo,3550308,True,BR7 Mobilidade,68,https://moovitapp.com/index/pt-br/transporte_p%C3%BAblico-line-68-Sao_Paulo-242-851856-560661-0,5.75,-23.645846,-46.704647,,,,1,2023-06-20T10:34:27+00:00
SAO_675I-10,São Paulo,3550308,True,BR7 Mobilidade,68,https://moovitapp.com/index/pt-br/transporte_p%C3%BAblico-line-68-Sao_Paulo-242-851856-560661-0,5.75,-23.6274845,-46.642675,,,,1,2023-06-20T10:34:24+00:00
SAO_3728-41,São Paulo,3550308,True,,1988,,,-23.5421635,-46.4837615,,,,1,2023-06-20T10:34:22+00:00
SAO_3728-41,São Paulo,3550308,True,,1988,,,-23.5421635,-46.4837615,,,,1,2023-06-20T10:34:46+00:00
SAO_3737-31,São Paulo,3550308,True,,1354,,,-23.536739500000003,-46.512667,,,,1,2023-06-20T10:34:39+00:00
SAO_675K-10,São Paulo,3550308,True,,32966,,,-23.689947,-46.7740025,,,,2,2023-06-20T10:34:29+00:00
SAO_675K-10,São Paulo,3550308,True,,32966,,,-23.689751,-46.773829500000005,,,,2,2023-06-20T10:34:49+00:00
SAO_675K-10,São Paulo,3550308,True,,32966,,,-23.685346,-46.770298249999996,,,,2,2023-06-20T10:34:38+00:00
SAO_675K-10,São Paulo,3550308,True,,32966,,,-23.686505,-46.770951,,,,2,2023-06-20T10:34:48+00:00
SAO_856R-10,São Paulo,3550308,True,,34196,,,-23.522837499999998,-46.697286375000004,,,,2,2023-06-20T10:34:30+00:00
SAO_509J-10,São Paulo,3550308,True,EMTU,264,https://moovitapp.com/index/pt-br/transporte_p%C3%BAblico-line-264-Sao_Paulo-242-2038937-36419374-0,6.2,-23.659986,-46.679460999999996,,,,1,2023-06-20T10:34:20+00:00
SAO_509J-10,São Paulo,3550308,True,EMTU,264,https://moovitapp.com/index/pt-br/transporte_p%C3%BAblico-line-264-Sao_Paulo-242-2038937-36419374-0,6.2,-23.687447499999998,-46.655168,,,,1,2023-06-20T10:34:16+00:00
SAO_847P-10,São Paulo,3550308,True,,33191,,,-23.485525000000003,-46.725356500000004,,,,2,2023-06-20T10:34:36+00:00
SAO_1764-10,São Paulo,3550308,True,,625,,,-23.473347750000002,-46.61376575,,,,1,2023-06-20T10:32:52+00:00
SAO_1764-10,São Paulo,3550308,True,,625,,,-23.425084,-46.582206,,,,1,2023-06-20T10:34:33+00:00
SAO_N706-11,São Paulo,3550308,True,,35179,,,-23.58272925,-46.713883249999995,,,,2,2023-06-20T10:34:55+00:00
SAO_N706-11,São Paulo,3550308,True,,35179,,,-23.631508,-46.7726,,,,2,2023-06-20T10:34:24+00:00
SAO_1741-10,São Paulo,3550308,True,,33307,,,-23.4647525,-46.6632075,,,,2,2023-06-20T10:34:34+00:00
SAO_1741-10,São Paulo,3550308,True,,33307,,,-23.502871,-46.624226,,,,2,2023-06-20T10:34:19+00:00
SAO_6093-10,São Paulo,3550308,True,,1585,,,-23.86015325,-46.703692000000004,,,,1,2023-06-20T10:34:11+00:00
SAO_6093-10,São Paulo,3550308,True,,1585,,,-23.84744,-46.7156095,,,,1,2023-06-20T10:30:48+00:00
SAO_6093-10,São Paulo,3550308,True,,1585,,,-23.8183185,-46.7340625,,,,1,2023-06-20T10:34:45+00:00
SAO_6093-10,São Paulo,3550308,True,,1585,,,-23.7721665,-46.7195685,,,,1,2023-06-20T10:34:34+00:00
SAO_6093-10,São Paulo,3550308,True,,1585,,,-23.78223,-46.7260895,,,,1,2023-06-20T10:34:52+00:00
SAO_6093-10,São Paulo,3550308,True,,1585,,,-23.772092999999998,-46.719454,,,,1,2023-06-20T10:34:53+00:00
SAO_6093-10,São Paulo,3550308,True,,1585,,,-23.7773025,-46.723008,,,,1,2023-06-20T10:34:27+00:00
SAO_6093-10,São Paulo,3550308,True,,1585,,,-23.807624500000003,-46.736733,,,,1,2023-06-20T10:34:55+00:00
SAO_407N-10,São Paulo,3550308,True,,34937,,,-23.583215,-46.408328,,,,2,2023-06-20T10:34:14+00:00
SAO_407N-10,São Paulo,3550308,True,,34937,,,-23.538801875,-46.542232375,,,,2,2023-06-20T10:34:34+00:00
SAO_407N-10,São Paulo,3550308,True,,34937,,,-23.583215,-46.408328,,,,2,2023-06-20T10:34:10+00:00
SAO_407N-10,São Paulo,3550308,True,,34937,,,-23.534,-46.5424035,,,,2,2023-06-20T10:34:51+00:00
SAO_6056-10,São Paulo,3550308,True,,1147,,,-23.7632635,-46.697452,,,,1,2023-06-20T10:34:21+00:00
SAO_6056-10,São Paulo,3550308,True,,1147,,,-23.762890249999998,-46.70315625,,,,1,2023-06-20T10:34:43+00:00
SAO_6056-10,São Paulo,3550308,True,,1147,,,-23.76225225,-46.709450000000004,,,,1,2023-06-20T10:27:56+00:00
SAO_2583-10,São Paulo,3550308,True,EMTU,375,https://moovitapp.com/index/pt-br/transporte_p%C3%BAblico-line-375-Sao_Paulo-242-2038937-36419449-0,11.7,-23.5129495,-46.516337,,,,1,2023-06-20T10:34:50+00:00
SAO_2766-10,São Paulo,3550308,True,EMTU,405,https://moovitapp.com/index/pt-br/transporte_p%C3%BAblico-line-405-Sao_Paulo-242-2038937-36419467-0,5.35,-23.49173,-46.44601225,,,,1,2023-06-20T10:34:48+00:00
SAO_2766-10,São Paulo,3550308,True,EMTU,405,https://moovitapp.com/index/pt-br/transporte_p%C3%BAblico-line-405-Sao_Paulo-242-2038937-36419467-0,5.35,-23.53547,-46.4545815,,,,1,2023-06-20T10:34:52+00:00
SAO_2766-10,São Paulo,3550308,True,EMTU,405,https://moovitapp.com/index/pt-br/transporte_p%C3%BAblico-line-405-Sao_Paulo-242-2038937-36419467-0,5.35,-23.51828025,-46.3879975,,,,1,2023-06-20T10:34:43+00:00
SAO_2766-10,São Paulo,3550308,True,EMTU,405,https://moovitapp.com/index/pt-br/transporte_p%C3%BAblico-line-405-Sao_Paulo-242-2038937-36419467-0,5.35,-23.5205845,-46.390026500000005,,,,1,2023-06-20T10:34:54+00:00
SAO_2766-10,São Paulo,3550308,True,EMTU,405,https://moovitapp.com/index/pt-br/transporte_p%C3%BAblico-line-405-Sao_Paulo-242-2038937-36419467-0,5.35,-23.51828025,-46.3879975,,,,1,2023-06-20T10:34:19+00:00
SAO_2766-10,São Paulo,3550308,True,EMTU,405,https://moovitapp.com/index/pt-br/transporte_p%C3%BAblico-line-405-Sao_Paulo-242-2038937-36419467-0,5.35,-23.5205845,-46.390026500000005,,,,1,2023-06-20T10:34:45+00:00
SAO_5142-10,São Paulo,3550308,True,,1626,,,-23.613964,-46.500782,,,,1,2023-06-20T10:34:53+00:00
SAO_5142-10,São Paulo,3550308,True,,1626,,,-23.6116995,-46.510698000000005,,,,1,2023-06-20T10:34:16+00:00
SAO_5142-10,São Paulo,3550308,True,,1626,,,-23.584865999999998,-46.582376499999995,,,,1,2023-06-20T10:34:13+00:00
SAO_4310-10,São Paulo,3550308,True,,2160,,,-23.544325,-46.626634,,,,1,2023-06-20T10:34:43+00:00
SAO_4310-10,São Paulo,3550308,True,,2160,,,-23.539172750000002,-46.57057475,,,,1,2023-06-20T10:34:15+00:00
SAO_4310-10,São Paulo,3550308,True,,2160,,,-23.534838999999998,-46.453271,,,,1,2023-06-20T10:34:47+00:00
SAO_4310-10,São Paulo,3550308,True,,2160,,,-23.545751,-46.631209,,,,1,2023-06-20T10:34:23+00:00
SAO_4310-10,São Paulo,3550308,True,,2160,,,-23.534845,-46.548697000000004,,,,1,2023-06-20T10:34:43+00:00
SAO_4310-10,São Paulo,3550308,True,,2160,,,-23.52897725,-46.515525499999995,,,,1,2023-06-20T10:34:42+00:00
SAO_4310-10,São Paulo,3550308,True,,2160,,,-23.534838999999998,-46.453271,,,,1,2023-06-20T10:34:15+00:00
SAO_4310-10,São Paulo,3550308,True,,2160,,,-23.5306415,-46.502775,,,,1,2023-06-20T10:34:51+00:00
SAO_4310-10,São Paulo,3550308,True,,2160,,,-23.5352635,-46.4538,,,,1,2023-06-20T10:34:50+00:00
SAO_4310-10,São Paulo,3550308,True,,2160,,,-23.542348,-46.467040499999996,,,,1,2023-06-20T10:34:21+00:00
SAO_675P-10,São Paulo,3550308,True,STT,275,https://moovitapp.com/index/pt-br/transporte_p%C3%BAblico-line-275-Sao_Paulo-242-850661-183275-0,5.3,-23.647017499999997,-46.6451665,,,,1,2023-06-20T10:34:12+00:00
SAO_675P-10,São Paulo,3550308,True,STT,275,https://moovitapp.com/index/pt-br/transporte_p%C3%BAblico-line-275-Sao_Paulo-242-850661-183275-0,5.3,-23.646406,-46.644999,,,,1,2023-06-20T10:34:17+00:00
SAO_675P-10,São Paulo,3550308,True,STT,275,https://moovitapp.com/index/pt-br/transporte_p%C3%BAblico-line-275-Sao_Paulo-242-850661-183275-0,5.3,-23.639863374999997,-46.64042325,,,,1,2023-06-20T10:34:22+00:00
SAO_675P-10,São Paulo,3550308,True,STT,275,https://moovitapp.com/index/pt-br/transporte_p%C3%BAblico-line-275-Sao_Paulo-242-850661-183275-0,5.3,-23.67022275,-46.701233875,,,,1,2023-06-20T10:34:21+00:00
SAO_3033-10,São Paulo,3550308,True,,968,,,-23.610867499999998,-46.4746765,,,,1,2023-06-20T10:34:27+00:00
SAO_3033-10,São Paulo,3550308,True,,968,,,-23.550410499999998,-46.407157999999995,,,,1,2023-06-20T10:34:29+00:00
SAO_3033-10,São Paulo,3550308,True,,968,,,-23.5654685,-46.415849,,,,1,2023-06-20T10:34:33+00:00
SAO_3033-10,São Paulo,3550308,True,,968,,,-23.598484499999998,-46.467799,,,,1,2023-06-20T10:33:56+00:00
SAO_3033-10,São Paulo,3550308,True,,968,,,-23.590024,-46.4165285,,,,1,2023-06-20T10:33:45+00:00
SAO_6034-10,São Paulo,3550308,True,,32863,,,-23.7371425,-46.697546,,,,2,2023-06-20T10:34:32+00:00
SAO_6034-10,São Paulo,3550308,True,,32863,,,-23.747656499999998,-46.6691325,,,,2,2023-06-20T10:34:39+00:00
SAO_6034-10,São Paulo,3550308,True,,32863,,,-23.737362,-46.6973265,,,,2,2023-06-20T10:34:25+00:00
SAO_5021-10,São Paulo,3550308,True,,1667,,,-23.636594000000002,-46.618364,,,,1,2023-06-20T10:34:40+00:00
SAO_1012-10,São Paulo,3550308,True,,35254,,,-23.432446499999998,-46.787048,,,,2,2023-06-20T10:34:30+00:00
SAO_1012-10,São Paulo,3550308,True,,35254,,,-23.4445685,-46.799499499999996,,,,2,2023-06-20T10:34:42+00:00
SAO_1012-10,São Paulo,3550308,True,,35254,,,-23.442298,-46.80549425,,,,2,2023-06-20T10:34:47+00:00
SAO_1012-10,São Paulo,3550308,True,,35254,,,-23.428843999999998,-46.7995215,,,,2,2023-06-20T10:34:30+00:00
SAO_8610-10,São Paulo,3550308,True,,2063,,,-23.58389625,-46.779843625,,,,1,2023-06-20T10:34:25+00:00
SAO_517J-10,São Paulo,3550308,True,,1129,,,-23.690821999999997,-46.655268,,,,1,2023-06-20T10:34:44+00:00
SAO_517J-10,São Paulo,3550308,True,,1129,,,-23.690883999999997,-46.6502995,,,,1,2023-06-20T10:34:44+00:00
SAO_517J-10,São Paulo,3550308,True,,1129,,,-23.639348,-46.676623,,,,1,2023-06-20T10:34:54+00:00
SAO_3787-10,São Paulo,3550308,True,,1612,,,-23.545378499999998,-46.467681,,,,1,2023-06-20T10:34:19+00:00
SAO_3787-10,São Paulo,3550308,True,,1612,,,-23.563545,-46.446155,,,,1,2023-06-20T10:34:23+00:00
SAO_3787-10,São Paulo,3550308,True,,1612,,,-23.5809845,-46.442362,,,,1,2023-06-20T10:31:52+00:00
SAO_3787-10,São Paulo,3550308,True,,1612,,,-23.593727,-46.41239375,,,,1,2023-06-20T10:34:16+00:00
SAO_3787-10,São Paulo,3550308,True,,1612,,,-23.563545,-46.446155,,,,1,2023-06-20T10:34:26+00:00
SAO_3787-10,São Paulo,3550308,True,,1612,,,-23.602453,-46.3982015,,,,1,2023-06-20T10:34:37+00:00
SAO_3787-10,São Paulo,3550308,True,,1612,,,-23.562721,-46.446076500000004,,,,1,2023-06-20T10:34:52+00:00
SAO_3787-10,São Paulo,3550308,True,,1612,,,-23.603123500000002,-46.404987000000006,,,,1,2023-06-20T10:34:45+00:00
SAO_3787-10,São Paulo,3550308,True,,1612,,,-23.600921,-46.399572000000006,,,,1,2023-06-20T10:34:46+00:00
SAO_2666-10,São Paulo,3550308,True,EMTU,378,https://moovitapp.com/index/pt-br/transporte_p%C3%BAblico-line-378-Sao_Paulo-242-2038937-36419452-0,12.1,-23.546727,-46.629723999999996,,,,1,2023-06-20T10:34:28+00:00
SAO_2666-10,São Paulo,3550308,True,EMTU,378,https://moovitapp.com/index/pt-br/transporte_p%C3%BAblico-line-378-Sao_Paulo-242-2038937-36419452-0,12.1,-23.494194,-46.421617625,,,,1,2023-06-20T10:34:42+00:00
SAO_2666-10,São Paulo,3550308,True,EMTU,378,https://moovitapp.com/index/pt-br/transporte_p%C3%BAblico-line-378-Sao_Paulo-242-2038937-36419452-0,12.1,-23.511367,-46.500653,,,,1,2023-06-20T10:34:40+00:00
SAO_2666-10,São Paulo,3550308,True,EMTU,378,https://moovitapp.com/index/pt-br/transporte_p%C3%BAblico-line-378-Sao_Paulo-242-2038937-36419452-0,12.1,-23.51828025,-46.3879975,,,,1,2023-06-20T10:34:45+00:00
SAO_6045-21,São Paulo,3550308,True,,2164,,,-23.6943805,-46.793962,,,,1,2023-06-20T10:34:43+00:00
SAO_6045-21,São Paulo,3550308,True,,2164,,,-23.6945095,-46.7940355,,,,1,2023-06-20T10:34:22+00:00
SAO_7062-31,São Paulo,3550308,True,,34682,,,-23.6463475,-46.7730035,,,,2,2023-06-20T10:34:53+00:00
SAO_7062-31,São Paulo,3550308,True,,34682,,,-23.6463915,-46.7728495,,,,2,2023-06-20T10:34:21+00:00
SAO_3008-10,São Paulo,3550308,True,,2515,,,-23.4941885,-46.400822,,,,1,2023-06-20T10:34:43+00:00
SAO_3008-10,São Paulo,3550308,True,,2515,,,-23.52162125,-46.39360875,,,,1,2023-06-20T10:34:29+00:00
SAO_3008-10,São Paulo,3550308,True,,2515,,,-23.49986375,-46.399138,,,,1,2023-06-20T10:34:38+00:00
SAO_9019-10,São Paulo,3550308,True,,1433,,,-23.458948499999998,-46.713175,,,,1,2023-06-20T10:34:24+00:00
SAO_9019-10,São Paulo,3550308,True,,1433,,,-23.4866665,-46.7276625,,,,1,2023-06-20T10:34:41+00:00
SAO_2552-41,São Paulo,3550308,True,,1717,,,-23.477044,-46.422123,,,,1,2023-06-20T10:34:38+00:00
SAO_2552-41,São Paulo,3550308,True,,1717,,,-23.523137249999998,-46.5333235,,,,1,2023-06-20T10:34:43+00:00
SAO_N704-11,São Paulo,3550308,True,,35177,,,-23.6438335,-46.734375,,,,2,2023-06-20T10:34:13+00:00
SAO_2552-10,São Paulo,3550308,True,,32910,,,-23.495845,-46.452476,,,,2,2023-06-20T10:34:49+00:00
SAO_2552-10,São Paulo,3550308,True,,32910,,,-23.4887745,-46.422144,,,,2,2023-06-20T10:34:48+00:00
SAO_2552-10,São Paulo,3550308,True,,32910,,,-23.4885445,-46.420998999999995,,,,2,2023-06-20T10:34:12+00:00
SAO_2769-10,São Paulo,3550308,True,,397,,,-23.489517125,-46.42192,,,,1,2023-06-20T10:34:24+00:00
SAO_2769-10,São Paulo,3550308,True,,397,,,-23.48567975,-46.38748475,,,,1,2023-06-20T10:34:53+00:00
SAO_2769-10,São Paulo,3550308,True,,397,,,-23.507372125000003,-46.488834374999996,,,,1,2023-06-20T10:34:03+00:00
SAO_5025-10,São Paulo,3550308,True,,1564,,,-23.601353,-46.5442635,,,,1,2023-06-20T10:34:12+00:00
SAO_5025-10,São Paulo,3550308,True,,1564,,,-23.609332000000002,-46.541878999999994,,,,1,2023-06-20T10:34:17+00:00
SAO_5025-10,São Paulo,3550308,True,,1564,,,-23.594665,-46.5787265,,,,1,2023-06-20T10:34:53+00:00
SAO_6822-10,São Paulo,3550308,True,,32790,,,-23.644574,-46.7795375,,,,2,2023-06-20T10:34:47+00:00
SAO_9162-10,São Paulo,3550308,True,,1365,,,-23.472186999999998,-46.678345,,,,1,2023-06-20T10:34:34+00:00
SAO_2016-10,São Paulo,3550308,True,,33670,,,-23.496797,-46.437765,,,,2,2023-06-20T10:34:07+00:00
SAO_2016-10,São Paulo,3550308,True,,33670,,,-23.503359250000003,-46.375994750000004,,,,2,2023-06-20T10:34:10+00:00
SAO_6063-21,São Paulo,3550308,True,,2001,,,-23.767094999999998,-46.716237500000005,,,,1,2023-06-20T10:34:43+00:00
SAO_6063-21,São Paulo,3550308,True,,2001,,,-23.767094999999998,-46.716237500000005,,,,1,2023-06-20T10:34:17+00:00
SAO_6840-10,São Paulo,3550308,True,EMTU,201,https://moovitapp.com/index/pt-br/transporte_p%C3%BAblico-line-201-Sao_Paulo-242-2038937-58093160-0,20.4,-23.6637095,-46.76981,,,,1,2023-06-20T10:33:52+00:00
SAO_6840-10,São Paulo,3550308,True,EMTU,201,https://moovitapp.com/index/pt-br/transporte_p%C3%BAblico-line-201-Sao_Paulo-242-2038937-58093160-0,20.4,-23.719359750000002,-46.784958749999994,,,,1,2023-06-20T10:34:29+00:00
SAO_6840-10,São Paulo,3550308,True,EMTU,201,https://moovitapp.com/index/pt-br/transporte_p%C3%BAblico-line-201-Sao_Paulo-242-2038937-58093160-0,20.4,-23.7320815,-46.786311,,,,1,2023-06-20T10:34:33+00:00
SAO_6840-10,São Paulo,3550308,True,EMTU,201,https://moovitapp.com/index/pt-br/transporte_p%C3%BAblico-line-201-Sao_Paulo-242-2038937-58093160-0,20.4,-23.7317975,-46.7861475,,,,1,2023-06-20T10:34:39+00:00
SAO_6840-10,São Paulo,3550308,True,EMTU,201,https://moovitapp.com/index/pt-br/transporte_p%C3%BAblico-line-201-Sao_Paulo-242-2038937-58093160-0,20.4,-23.688371999999998,-46.77244137500001,,,,1,2023-06-20T10:34:33+00:00
SAO_6840-10,São Paulo,3550308,True,EMTU,201,https://moovitapp.com/index/pt-br/transporte_p%C3%BAblico-line-201-Sao_Paulo-242-2038937-58093160-0,20.4,-23.732263,-46.786442,,,,1,2023-06-20T10:34:40+00:00
SAO_6840-10,São Paulo,3550308,True,EMTU,201,https://moovitapp.com/index/pt-br/transporte_p%C3%BAblico-line-201-Sao_Paulo-242-2038937-58093160-0,20.4,-23.7317975,-46.7861475,,,,1,2023-06-20T10:34:33+00:00
SAO_6840-10,São Paulo,3550308,True,EMTU,201,https://moovitapp.com/index/pt-br/transporte_p%C3%BAblico-line-201-Sao_Paulo-242-2038937-58093160-0,20.4,-23.7030035,-46.7835645,,,,1,2023-06-20T10:34:54+00:00
SAO_6840-10,São Paulo,3550308,True,EMTU,201,https://moovitapp.com/index/pt-br/transporte_p%C3%BAblico-line-201-Sao_Paulo-242-2038937-58093160-0,20.4,-23.73823,-46.7903295,,,,1,2023-06-20T10:34:32+00:00
SAO_5012-10,São Paulo,3550308,True,,1116,,,-23.7097155,-46.6354455,,,,1,2023-06-20T10:34:12+00:00
SAO_5012-10,São Paulo,3550308,True,,1116,,,-23.7097155,-46.6354455,,,,1,2023-06-20T10:34:29+00:00
SAO_5012-10,São Paulo,3550308,True,,1116,,,-23.702312,-46.636973,,,,1,2023-06-20T10:34:30+00:00
SAO_5012-10,São Paulo,3550308,True,,1116,,,-23.6993145,-46.6397695,,,,1,2023-06-20T10:34:43+00:00
SAO_5012-10,São Paulo,3550308,True,,1116,,,-23.6842295,-46.633061,,,,1,2023-06-20T10:34:10+00:00
SAO_5012-10,São Paulo,3550308,True,,1116,,,-23.669604,-46.637601000000004,,,,1,2023-06-20T10:34:37+00:00
SAO_5012-10,São Paulo,3550308,True,,1116,,,-23.7097155,-46.6354455,,,,1,2023-06-20T10:34:17+00:00
SAO_5012-10,São Paulo,3550308,True,,1116,,,-23.7097155,-46.6354455,,,,1,2023-06-20T10:34:47+00:00
SAO_4092-10,São Paulo,3550308,True,,1876,,,-23.579116,-46.418838,,,,1,2023-06-20T10:34:31+00:00
SAO_3778-10,São Paulo,3550308,True,,1062,,,-23.569554,-46.486423,,,,1,2023-06-20T10:34:35+00:00
SAO_3778-10,São Paulo,3550308,True,,1062,,,-23.5733905,-46.4934505,,,,1,2023-06-20T10:34:26+00:00
SAO_3778-10,São Paulo,3550308,True,,1062,,,-23.576084625,-46.4908225,,,,1,2023-06-20T10:34:19+00:00
SAO_273G-10,São Paulo,3550308,True,EMTU,223,https://moovitapp.com/index/pt-br/transporte_p%C3%BAblico-line-223-Sao_Paulo-242-2038937-36419342-0,5.2,-23.481482999999997,-46.415986000000004,,,,1,2023-06-20T10:34:42+00:00
SAO_273G-10,São Paulo,3550308,True,EMTU,223,https://moovitapp.com/index/pt-br/transporte_p%C3%BAblico-line-223-Sao_Paulo-242-2038937-36419342-0,5.2,-23.5399795,-46.4833685,,,,1,2023-06-20T10:34:36+00:00
SAO_273G-10,São Paulo,3550308,True,EMTU,223,https://moovitapp.com/index/pt-br/transporte_p%C3%BAblico-line-223-Sao_Paulo-242-2038937-36419342-0,5.2,-23.498051,-46.4632175,,,,1,2023-06-20T10:34:40+00:00
SAO_273G-10,São Paulo,3550308,True,EMTU,223,https://moovitapp.com/index/pt-br/transporte_p%C3%BAblico-line-223-Sao_Paulo-242-2038937-36419342-0,5.2,-23.482966625,-46.41520475,,,,1,2023-06-20T10:34:23+00:00
SAO_273G-10,São Paulo,3550308,True,EMTU,223,https://moovitapp.com/index/pt-br/transporte_p%C3%BAblico-line-223-Sao_Paulo-242-2038937-36419342-0,5.2,-23.50608,-46.476355,,,,1,2023-06-20T10:34:23+00:00
SAO_273G-10,São Paulo,3550308,True,EMTU,223,https://moovitapp.com/index/pt-br/transporte_p%C3%BAblico-line-223-Sao_Paulo-242-2038937-36419342-0,5.2,-23.483729375,-46.43355393750001,,,,1,2023-06-20T10:34:30+00:00
SAO_5128-10,São Paulo,3550308,True,,1128,,,-23.653466249999997,-46.636911500000004,,,,1,2023-06-20T10:34:48+00:00
SAO_5128-10,São Paulo,3550308,True,,1128,,,-23.687907,-46.6424945,,,,1,2023-06-20T10:34:30+00:00
SAO_5128-10,São Paulo,3550308,True,,1128,,,-23.702838,-46.647061,,,,1,2023-06-20T10:33:52+00:00
SAO_5128-10,São Paulo,3550308,True,,1128,,,-23.7122905,-46.651968499999995,,,,1,2023-06-20T10:34:44+00:00
SAO_3462-10,São Paulo,3550308,True,EMTU,247,https://moovitapp.com/index/pt-br/transporte_p%C3%BAblico-line-247-Sao_Paulo-242-2038937-36419359-0,6.55,-23.523005,-46.5144485,,,,1,2023-06-20T10:34:32+00:00
SAO_3462-10,São Paulo,3550308,True,EMTU,247,https://moovitapp.com/index/pt-br/transporte_p%C3%BAblico-line-247-Sao_Paulo-242-2038937-36419359-0,6.55,-23.5355665,-46.4562815,,,,1,2023-06-20T10:34:17+00:00
SAO_609J-10,São Paulo,3550308,True,,35010,,,-23.62553725,-46.6404665,,,,2,2023-06-20T10:34:47+00:00
SAO_609J-10,São Paulo,3550308,True,,35010,,,-23.628309125,-46.644409875,,,,2,2023-06-20T10:34:24+00:00
SAO_5757-51,São Paulo,3550308,True,,1976,,,-23.707351,-46.641422000000006,,,,1,2023-06-20T10:34:00+00:00
SAO_5757-51,São Paulo,3550308,True,,1976,,,-23.7079895,-46.641386499999996,,,,1,2023-06-20T10:34:18+00:00
SAO_5757-51,São Paulo,3550308,True,,1976,,,-23.7079895,-46.641386499999996,,,,1,2023-06-20T10:33:34+00:00
SAO_5757-51,São Paulo,3550308,True,,1976,,,-23.681742,-46.6372135,,,,1,2023-06-20T10:34:33+00:00
SAO_414P-10,São Paulo,3550308,True,,1105,,,-23.56042325,-46.5529035,,,,1,2023-06-20T10:34:33+00:00
SAO_414P-10,São Paulo,3550308,True,,1105,,,-23.536963,-46.563204,,,,1,2023-06-20T10:34:45+00:00
SAO_414P-10,São Paulo,3550308,True,,1105,,,-23.5342095,-46.567218249999996,,,,1,2023-06-20T10:34:41+00:00
SAO_414P-10,São Paulo,3550308,True,,1105,,,-23.602559499999998,-46.5300465,,,,1,2023-06-20T10:34:31+00:00
SAO_4008-10,São Paulo,3550308,True,,2182,,,-23.5813,-46.453654,,,,1,2023-06-20T10:29:48+00:00
SAO_4008-10,São Paulo,3550308,True,,2182,,,-23.5580635,-46.522337500000006,,,,1,2023-06-20T10:34:19+00:00
SAO_8000-10,São Paulo,3550308,True,,34041,,,-23.52087225,-46.70017,,,,2,2023-06-20T10:34:37+00:00
SAO_8000-10,São Paulo,3550308,True,,34041,,,-23.520215999999998,-46.700196000000005,,,,2,2023-06-20T10:34:44+00:00
SAO_6455-10,São Paulo,3550308,True,,32831,,,-23.6493095,-46.7519875,,,,2,2023-06-20T10:34:33+00:00
SAO_373T-10,São Paulo,3550308,True,,1091,,,-23.5962065,-46.5002515,,,,1,2023-06-20T10:34:47+00:00
SAO_373T-10,São Paulo,3550308,True,,1091,,,-23.5837645,-46.5758365,,,,1,2023-06-20T10:34:24+00:00
SAO_373T-10,São Paulo,3550308,True,,1091,,,-23.5948835,-46.5186135,,,,1,2023-06-20T10:34:29+00:00
SAO_373T-10,São Paulo,3550308,True,,1091,,,-23.5488625,-46.60194,,,,1,2023-06-20T10:34:17+00:00
SAO_407Y-10,São Paulo,3550308,True,,34974,,,-23.570582,-46.490271500000006,,,,2,2023-06-20T10:34:13+00:00
SAO_407Y-10,São Paulo,3550308,True,,34974,,,-23.579617499999998,-46.58112425,,,,2,2023-06-20T10:34:20+00:00
SAO_5164-21,São Paulo,3550308,True,,1616,,,-23.646586749999997,-46.645936000000006,,,,1,2023-06-20T10:34:13+00:00
SAO_5164-21,São Paulo,3550308,True,,1616,,,-23.646406,-46.644999,,,,1,2023-06-20T10:34:42+00:00
SAO_5164-21,São Paulo,3550308,True,,1616,,,-23.64730775,-46.65088875,,,,1,2023-06-20T10:34:35+00:00
SAO_5164-21,São Paulo,3550308,True,,1616,,,-23.646586749999997,-46.645936000000006,,,,1,2023-06-20T10:34:33+00:00
SAO_5164-21,São Paulo,3550308,True,,1616,,,-23.6464495,-46.646234750000005,,,,1,2023-06-20T10:34:40+00:00
SAO_5164-21,São Paulo,3550308,True,,1616,,,-23.6461565,-46.644951,,,,1,2023-06-20T10:34:53+00:00
SAO_7012-10,São Paulo,3550308,True,,2043,,,-23.69108925,-46.77503725,,,,1,2023-06-20T10:34:17+00:00
SAO_7012-10,São Paulo,3550308,True,,2043,,,-23.704611999999997,-46.772419,,,,1,2023-06-20T10:34:15+00:00
SAO_7012-10,São Paulo,3550308,True,,2043,,,-23.67594,-46.753428,,,,1,2023-06-20T10:34:11+00:00
SAO_2004-10,São Paulo,3550308,True,,33660,,,-23.51971675,-46.38517075,,,,2,2023-06-20T10:34:45+00:00
SAO_2004-10,São Paulo,3550308,True,,33660,,,-23.519818,-46.383840000000006,,,,2,2023-06-20T10:34:37+00:00
SAO_2004-10,São Paulo,3550308,True,,33660,,,-23.519621,-46.383444499999996,,,,2,2023-06-20T10:33:09+00:00
SAO_2004-10,São Paulo,3550308,True,,33660,,,-23.54312875,-46.41216825,,,,2,2023-06-20T10:34:50+00:00
SAO_N401-11,São Paulo,3550308,True,,2357,,,-23.54609,-46.6307405,,,,1,2023-06-20T10:34:31+00:00
SAO_576C-10,São Paulo,3550308,True,,34058,,,-23.6468385,-46.645112,,,,2,2023-06-20T10:34:11+00:00
SAO_576C-10,São Paulo,3550308,True,,34058,,,-23.6466305,-46.6450555,,,,2,2023-06-20T10:34:48+00:00
SAO_475R-10,São Paulo,3550308,True,,33112,,,-23.5470345,-46.6298525,,,,2,2023-06-20T10:34:41+00:00
SAO_475R-10,São Paulo,3550308,True,,33112,,,-23.5470345,-46.6298525,,,,2,2023-06-20T10:34:47+00:00
SAO_475R-10,São Paulo,3550308,True,,33112,,,-23.5470345,-46.6298525,,,,2,2023-06-20T10:34:35+00:00
SAO_475R-10,São Paulo,3550308,True,,33112,,,-23.5470345,-46.6298525,,,,2,2023-06-20T10:34:24+00:00
SAO_475R-10,São Paulo,3550308,True,,33112,,,-23.5470345,-46.6298525,,,,2,2023-06-20T10:34:03+00:00
SAO_475R-10,São Paulo,3550308,True,,33112,,,-23.5470345,-46.6298525,,,,2,2023-06-20T10:34:10+00:00
SAO_475R-10,São Paulo,3550308,True,,33112,,,-23.5470345,-46.6298525,,,,2,2023-06-20T10:34:13+00:00
SAO_475R-10,São Paulo,3550308,True,,33112,,,-23.5470345,-46.6298525,,,,2,2023-06-20T10:34:19+00:00
SAO_475R-10,São Paulo,3550308,True,,33112,,,-23.5470345,-46.6298525,,,,2,2023-06-20T10:34:21+00:00
SAO_475R-10,São Paulo,3550308,True,,33112,,,-23.5470345,-46.6298525,,,,2,2023-06-20T10:34:24+00:00
SAO_475R-10,São Paulo,3550308,True,,33112,,,-23.5470345,-46.6298525,,,,2,2023-06-20T10:34:12+00:00
SAO_475R-10,São Paulo,3550308,True,,33112,,,-23.5470345,-46.6298525,,,,2,2023-06-20T10:34:26+00:00
SAO_475R-10,São Paulo,3550308,True,,33112,,,-23.5470345,-46.6298525,,,,2,2023-06-20T10:34:48+00:00
SAO_475R-10,São Paulo,3550308,True,,33112,,,-23.5470345,-46.6298525,,,,2,2023-06-20T10:34:49+00:00
SAO_475R-10,São Paulo,3550308,True,,33112,,,-23.5470345,-46.6298525,,,,2,2023-06-20T10:34:36+00:00
SAO_475R-10,São Paulo,3550308,True,,33112,,,-23.5470345,-46.6298525,,,,2,2023-06-20T10:34:36+00:00
SAO_475R-10,São Paulo,3550308,True,,33112,,,-23.653473499999997,-46.608090000000004,,,,2,2023-06-20T10:34:27+00:00
SAO_2707-10,São Paulo,3550308,True,,919,,,-23.5249575,-46.4064635,,,,1,2023-06-20T10:34:06+00:00
SAO_2707-10,São Paulo,3550308,True,,919,,,-23.525353,-46.4059125,,,,1,2023-06-20T10:34:24+00:00
SAO_2707-10,São Paulo,3550308,True,,919,,,-23.525353,-46.4059125,,,,1,2023-06-20T10:34:20+00:00
SAO_2707-10,São Paulo,3550308,True,,919,,,-23.530882,-46.409851,,,,1,2023-06-20T10:34:10+00:00
SAO_2707-10,São Paulo,3550308,True,,919,,,-23.525353,-46.4059125,,,,1,2023-06-20T10:34:26+00:00
SAO_2707-10,São Paulo,3550308,True,,919,,,-23.525353,-46.4059125,,,,1,2023-06-20T10:34:06+00:00
SAO_2707-10,São Paulo,3550308,True,,919,,,-23.5396805,-46.4570605,,,,1,2023-06-20T10:34:17+00:00
SAO_2723-10,São Paulo,3550308,True,,937,,,-23.487495,-46.463618999999994,,,,1,2023-06-20T10:34:14+00:00
SAO_2723-10,São Paulo,3550308,True,,937,,,-23.487495,-46.463618999999994,,,,1,2023-06-20T10:34:14+00:00
SAO_2723-10,São Paulo,3550308,True,,937,,,-23.4839945,-46.4660575,,,,1,2023-06-20T10:34:15+00:00
SAO_2723-10,São Paulo,3550308,True,,937,,,-23.487495,-46.463618999999994,,,,1,2023-06-20T10:34:30+00:00
SAO_2723-10,São Paulo,3550308,True,,937,,,-23.496701,-46.4532215,,,,1,2023-06-20T10:34:36+00:00
SAO_2723-10,São Paulo,3550308,True,,937,,,-23.514104500000002,-46.443832,,,,1,2023-06-20T10:34:12+00:00
SAO_253F-10,São Paulo,3550308,True,,32926,,,-23.613302,-46.4764105,,,,2,2023-06-20T10:34:11+00:00
SAO_253F-10,São Paulo,3550308,True,,32926,,,-23.613302,-46.4764105,,,,2,2023-06-20T10:34:24+00:00
SAO_253F-10,São Paulo,3550308,True,,32926,,,-23.613302,-46.4764105,,,,2,2023-06-20T10:34:17+00:00
SAO_253F-10,São Paulo,3550308,True,,32926,,,-23.613302,-46.4764105,,,,2,2023-06-20T10:34:21+00:00
SAO_253F-10,São Paulo,3550308,True,,32926,,,-23.613302,-46.4764105,,,,2,2023-06-20T10:32:57+00:00
SAO_253F-10,São Paulo,3550308,True,,32926,,,-23.60199475,-46.470442750000004,,,,2,2023-06-20T10:34:28+00:00
SAO_253F-10,São Paulo,3550308,True,,32926,,,-23.550662000000003,-46.4477105,,,,2,2023-06-20T10:33:40+00:00
SAO_6069-10,São Paulo,3550308,True,,1154,,,-23.734923000000002,-46.698987,,,,1,2023-06-20T10:34:47+00:00
SAO_6069-10,São Paulo,3550308,True,,1154,,,-23.744763,-46.693926000000005,,,,1,2023-06-20T10:34:33+00:00
SAO_6069-10,São Paulo,3550308,True,,1154,,,-23.671729,-46.710378250000005,,,,1,2023-06-20T10:34:55+00:00
SAO_6069-10,São Paulo,3550308,True,,1154,,,-23.747632000000003,-46.695719499999996,,,,1,2023-06-20T10:34:50+00:00
SAO_5091-10,São Paulo,3550308,True,,1523,,,-23.692017,-46.6778355,,,,1,2023-06-20T10:34:47+00:00
SAO_5091-10,São Paulo,3550308,True,,1523,,,-23.6836895,-46.633624,,,,1,2023-06-20T10:34:27+00:00
SAO_6044-10,São Paulo,3550308,True,,1221,,,-23.665869999999998,-46.7831115,,,,1,2023-06-20T10:34:33+00:00
SAO_6044-10,São Paulo,3550308,True,,1221,,,-23.676944,-46.7986715,,,,1,2023-06-20T10:34:45+00:00
SAO_6044-10,São Paulo,3550308,True,,1221,,,-23.676944,-46.7986715,,,,1,2023-06-20T10:34:20+00:00
SAO_6044-10,São Paulo,3550308,True,,1221,,,-23.639326,-46.717333499999995,,,,1,2023-06-20T10:34:46+00:00
SAO_6044-10,São Paulo,3550308,True,,1221,,,-23.65436375,-46.760079499999996,,,,1,2023-06-20T10:34:50+00:00
SAO_6044-10,São Paulo,3550308,True,,1221,,,-23.653938,-46.709849000000006,,,,1,2023-06-20T10:34:26+00:00
SAO_6044-10,São Paulo,3550308,True,,1221,,,-23.676944,-46.7986715,,,,1,2023-06-20T10:34:53+00:00
SAO_6044-10,São Paulo,3550308,True,,1221,,,-23.676944,-46.7986715,,,,1,2023-06-20T10:34:36+00:00
SAO_3019-10,São Paulo,3550308,True,,33725,,,-23.582577,-46.408426,,,,2,2023-06-20T10:34:37+00:00
SAO_5127-10,São Paulo,3550308,True,,1127,,,-23.689674,-46.661702000000005,,,,1,2023-06-20T10:34:28+00:00
SAO_5127-10,São Paulo,3550308,True,,1127,,,-23.701618,-46.6338355,,,,1,2023-06-20T10:34:26+00:00
SAO_5127-10,São Paulo,3550308,True,,1127,,,-23.677442999999997,-46.701724999999996,,,,1,2023-06-20T10:34:43+00:00
SAO_3738-10,São Paulo,3550308,True,,1038,,,-23.540374999999997,-46.45833875,,,,1,2023-06-20T10:34:40+00:00
SAO_3738-10,São Paulo,3550308,True,,1038,,,-23.56629225,-46.39787325,,,,1,2023-06-20T10:34:33+00:00
SAO_3738-10,São Paulo,3550308,True,,1038,,,-23.557598,-46.4224235,,,,1,2023-06-20T10:34:17+00:00
SAO_3738-10,São Paulo,3550308,True,,1038,,,-23.5630765,-46.394354,,,,1,2023-06-20T10:34:40+00:00
SAO_3738-10,São Paulo,3550308,True,,1038,,,-23.5630765,-46.394354,,,,1,2023-06-20T10:34:52+00:00
SAO_809L-10,São Paulo,3550308,True,,1949,,,-23.62450775,-46.764540999999994,,,,1,2023-06-20T10:34:18+00:00
SAO_809L-10,São Paulo,3550308,True,,1949,,,-23.596876,-46.746776,,,,1,2023-06-20T10:34:42+00:00
SAO_809L-10,São Paulo,3550308,True,,1949,,,-23.6326575,-46.772532,,,,1,2023-06-20T10:34:51+00:00
SAO_809L-10,São Paulo,3550308,True,,1949,,,-23.6315005,-46.773324,,,,1,2023-06-20T10:34:50+00:00
SAO_809L-10,São Paulo,3550308,True,,1949,,,-23.6315005,-46.773324,,,,1,2023-06-20T10:34:40+00:00
SAO_809L-10,São Paulo,3550308,True,,1949,,,-23.617261499999998,-46.757682,,,,1,2023-06-20T10:34:28+00:00
SAO_809L-10,São Paulo,3550308,True,,1949,,,-23.6315005,-46.773324,,,,1,2023-06-20T10:34:21+00:00
SAO_2551-10,São Paulo,3550308,True,EMTU,141,https://moovitapp.com/index/pt-br/transporte_p%C3%BAblico-line-141-Sao_Paulo-242-2038937-36419292-0,8.15,-23.49497225,-46.47841175,,,,1,2023-06-20T10:34:44+00:00
SAO_2551-10,São Paulo,3550308,True,EMTU,141,https://moovitapp.com/index/pt-br/transporte_p%C3%BAblico-line-141-Sao_Paulo-242-2038937-36419292-0,8.15,-23.517939,-46.475913500000004,,,,1,2023-06-20T10:34:40+00:00
SAO_2551-10,São Paulo,3550308,True,EMTU,141,https://moovitapp.com/index/pt-br/transporte_p%C3%BAblico-line-141-Sao_Paulo-242-2038937-36419292-0,8.15,-23.517939,-46.475913500000004,,,,1,2023-06-20T10:34:11+00:00
SAO_2727-10,São Paulo,3550308,True,,942,,,-23.540153,-46.483096,,,,1,2023-06-20T10:34:14+00:00
SAO_2727-10,São Paulo,3550308,True,,942,,,-23.540153,-46.483096,,,,1,2023-06-20T10:34:14+00:00
SAO_2727-10,São Paulo,3550308,True,,942,,,-23.540153,-46.483096,,,,1,2023-06-20T10:34:49+00:00
SAO_2727-10,São Paulo,3550308,True,,942,,,-23.540153,-46.483096,,,,1,2023-06-20T10:34:24+00:00
SAO_2727-10,São Paulo,3550308,True,,942,,,-23.5286105625,-46.4613681875,,,,1,2023-06-20T10:34:26+00:00
SAO_2727-10,São Paulo,3550308,True,,942,,,-23.540153,-46.483096,,,,1,2023-06-20T10:34:32+00:00
SAO_2727-10,São Paulo,3550308,True,,942,,,-23.540153,-46.483096,,,,1,2023-06-20T10:34:51+00:00
SAO_2727-10,São Paulo,3550308,True,,942,,,-23.540153,-46.483096,,,,1,2023-06-20T10:34:23+00:00
SAO_2727-10,São Paulo,3550308,True,,942,,,-23.5361665,-46.474188,,,,1,2023-06-20T10:34:11+00:00
SAO_2770-10,São Paulo,3550308,True,,243,,,-23.4955945,-46.45238775,,,,1,2023-06-20T10:34:20+00:00
SAO_2770-10,São Paulo,3550308,True,,243,,,-23.524056625,-46.41286325,,,,1,2023-06-20T10:34:29+00:00
SAO_6038-10,São Paulo,3550308,True,,1216,,,-23.665846000000002,-46.788559,,,,1,2023-06-20T10:34:15+00:00
SAO_6038-10,São Paulo,3550308,True,,1216,,,-23.6578735,-46.7897725,,,,1,2023-06-20T10:34:12+00:00
SAO_6038-10,São Paulo,3550308,True,,1216,,,-23.6578735,-46.7897725,,,,1,2023-06-20T10:34:44+00:00
SAO_6038-10,São Paulo,3550308,True,,1216,,,-23.657028,-46.7637865,,,,1,2023-06-20T10:34:55+00:00
SAO_6038-10,São Paulo,3550308,True,,1216,,,-23.66147575,-46.790868625,,,,1,2023-06-20T10:34:22+00:00
SAO_6038-10,São Paulo,3550308,True,,1216,,,-23.664261,-46.7932565,,,,1,2023-06-20T10:34:30+00:00
SAO_6038-10,São Paulo,3550308,True,,1216,,,-23.6440495,-46.7252575,,,,1,2023-06-20T10:34:17+00:00
SAO_6038-10,São Paulo,3550308,True,,1216,,,-23.665846000000002,-46.788559,,,,1,2023-06-20T10:34:55+00:00
SAO_6038-10,São Paulo,3550308,True,,1216,,,-23.6578735,-46.7897725,,,,1,2023-06-20T10:34:55+00:00
SAO_5757-10,São Paulo,3550308,True,,34056,,,-23.637510499999998,-46.641321250000004,,,,2,2023-06-20T10:34:54+00:00
SAO_5757-10,São Paulo,3550308,True,,34056,,,-23.6910975,-46.6391145,,,,2,2023-06-20T10:34:21+00:00
SAO_5757-10,São Paulo,3550308,True,,34056,,,-23.6913305,-46.639309999999995,,,,2,2023-06-20T10:34:12+00:00
SAO_2732-10,São Paulo,3550308,True,,33715,,,-23.533840499999997,-46.457106499999995,,,,2,2023-06-20T10:34:37+00:00
SAO_2732-10,São Paulo,3550308,True,,33715,,,-23.529743,-46.45955,,,,2,2023-06-20T10:34:20+00:00
SAO_2732-10,São Paulo,3550308,True,,33715,,,-23.529743,-46.45955,,,,2,2023-06-20T10:34:44+00:00
SAO_2732-10,São Paulo,3550308,True,,33715,,,-23.539928500000002,-46.482043874999995,,,,2,2023-06-20T10:34:32+00:00
SAO_2732-10,São Paulo,3550308,True,,33715,,,-23.536839999999998,-46.470214999999996,,,,2,2023-06-20T10:34:22+00:00
SAO_6805-10,São Paulo,3550308,True,,32799,,,-23.6436365,-46.734280999999996,,,,2,2023-06-20T10:34:48+00:00
SAO_6805-10,São Paulo,3550308,True,,32799,,,-23.65332575,-46.74067475,,,,2,2023-06-20T10:34:29+00:00
SAO_1178-31,São Paulo,3550308,True,,1812,,,-23.527744,-46.5854385,,,,1,2023-06-20T10:34:39+00:00
SAO_1178-31,São Paulo,3550308,True,,1812,,,-23.493994999999998,-46.43947925,,,,1,2023-06-20T10:34:28+00:00
SAO_6837-10,São Paulo,3550308,True,,32774,,,-23.615714,-46.740030000000004,,,,2,2023-06-20T10:34:34+00:00
SAO_208V-10,São Paulo,3550308,True,,32975,,,-23.5476865,-46.6292585,,,,2,2023-06-20T10:34:14+00:00
SAO_208V-10,São Paulo,3550308,True,,32975,,,-23.5173865,-46.47583825,,,,2,2023-06-20T10:34:40+00:00
SAO_208V-10,São Paulo,3550308,True,,32975,,,-23.5182095,-46.475659,,,,2,2023-06-20T10:34:39+00:00
SAO_208V-10,São Paulo,3550308,True,,32975,,,-23.5476865,-46.6292585,,,,2,2023-06-20T10:34:25+00:00
SAO_208V-10,São Paulo,3550308,True,,32975,,,-23.5182095,-46.475659,,,,2,2023-06-20T10:34:30+00:00
SAO_208V-10,São Paulo,3550308,True,,32975,,,-23.51775,-46.4757475,,,,2,2023-06-20T10:34:26+00:00
SAO_208V-10,São Paulo,3550308,True,,32975,,,-23.5476865,-46.6292585,,,,2,2023-06-20T10:34:38+00:00
SAO_208V-10,São Paulo,3550308,True,,32975,,,-23.5218475,-46.530193999999995,,,,2,2023-06-20T10:34:39+00:00
SAO_208V-10,São Paulo,3550308,True,,32975,,,-23.5476865,-46.6292585,,,,2,2023-06-20T10:34:33+00:00
SAO_208V-10,São Paulo,3550308,True,,32975,,,-23.5476865,-46.6292585,,,,2,2023-06-20T10:34:49+00:00
SAO_2551-10,São Paulo,3550308,True,,32909,,,-23.546832000000002,-46.6301665,,,,2,2023-06-20T10:34:40+00:00
SAO_6062-10,São Paulo,3550308,True,,1151,,,-23.737047,-46.697469,,,,1,2023-06-20T10:34:20+00:00
SAO_6062-10,São Paulo,3550308,True,,1151,,,-23.7365705,-46.695184,,,,1,2023-06-20T10:34:38+00:00
SAO_6062-10,São Paulo,3550308,True,,1151,,,-23.7429935,-46.6811555,,,,1,2023-06-20T10:34:50+00:00
SAO_576C-10,São Paulo,3550308,True,,1290,,,-23.6460055,-46.644996,,,,1,2023-06-20T10:34:15+00:00
SAO_576C-10,São Paulo,3550308,True,,1290,,,-23.6460055,-46.644996,,,,1,2023-06-20T10:34:25+00:00
SAO_576C-10,São Paulo,3550308,True,,1290,,,-23.64649975,-46.64515875,,,,1,2023-06-20T10:34:28+00:00
SAO_576C-10,São Paulo,3550308,True,,1290,,,-23.6460055,-46.644996,,,,1,2023-06-20T10:34:38+00:00
SAO_576C-10,São Paulo,3550308,True,,1290,,,-23.646987000000003,-46.6452945,,,,1,2023-06-20T10:34:41+00:00
SAO_576C-10,São Paulo,3550308,True,,1290,,,-23.64383875,-46.6351795,,,,1,2023-06-20T10:34:30+00:00
SAO_7023-10,São Paulo,3550308,True,,2152,,,-23.6978595,-46.7679635,,,,1,2023-06-20T10:34:46+00:00
SAO_7023-10,São Paulo,3550308,True,,2152,,,-23.685343250000003,-46.7438605,,,,1,2023-06-20T10:34:50+00:00
SAO_7023-10,São Paulo,3550308,True,,2152,,,-23.668909,-46.7336165,,,,1,2023-06-20T10:33:47+00:00
SAO_4029-10,São Paulo,3550308,True,,33867,,,-23.6128365,-46.493973499999996,,,,2,2023-06-20T10:34:49+00:00
SAO_4029-10,São Paulo,3550308,True,,33867,,,-23.6066425,-46.507694,,,,2,2023-06-20T10:34:34+00:00
SAO_4029-10,São Paulo,3550308,True,,33867,,,-23.6105855,-46.4805655,,,,2,2023-06-20T10:34:36+00:00
SAO_4029-10,São Paulo,3550308,True,,33867,,,-23.6105855,-46.4805655,,,,2,2023-06-20T10:34:13+00:00
SAO_477P-10,São Paulo,3550308,True,,33116,,,-23.576910499999997,-46.7220475,,,,2,2023-06-20T10:34:52+00:00
SAO_4709-10,São Paulo,3550308,True,,33101,,,-23.5894755,-46.633868,,,,2,2023-06-20T10:34:28+00:00
SAO_4709-10,São Paulo,3550308,True,,33101,,,-23.5894755,-46.633868,,,,2,2023-06-20T10:34:44+00:00
SAO_4709-10,São Paulo,3550308,True,,33101,,,-23.5894755,-46.633868,,,,2,2023-06-20T10:34:50+00:00
SAO_4709-10,São Paulo,3550308,True,,33101,,,-23.653319500000002,-46.607946999999996,,,,2,2023-06-20T10:34:32+00:00
SAO_9653-10,São Paulo,3550308,True,,33356,,,-23.4580645,-46.6433105,,,,2,2023-06-20T10:34:28+00:00
SAO_3734-10,São Paulo,3550308,True,,33802,,,-23.5410875,-46.4842785,,,,2,2023-06-20T10:34:36+00:00
SAO_3734-10,São Paulo,3550308,True,,33802,,,-23.552729,-46.473189500000004,,,,2,2023-06-20T10:34:31+00:00
SAO_3734-10,São Paulo,3550308,True,,33802,,,-23.552729,-46.473189500000004,,,,2,2023-06-20T10:34:10+00:00
SAO_2080-10,São Paulo,3550308,True,,371,,,-23.517481500000002,-46.549536,,,,1,2023-06-20T10:34:38+00:00
SAO_2080-10,São Paulo,3550308,True,,371,,,-23.488710125,-46.378629000000004,,,,1,2023-06-20T10:34:40+00:00
SAO_2080-10,São Paulo,3550308,True,,371,,,-23.497905000000003,-46.461605,,,,1,2023-06-20T10:34:53+00:00
SAO_2080-10,São Paulo,3550308,True,,371,,,-23.494658,-46.426776000000004,,,,1,2023-06-20T10:34:14+00:00
SAO_2008-10,São Paulo,3550308,True,,897,,,-23.4941615,-46.400386,,,,1,2023-06-20T10:34:26+00:00
SAO_2008-10,São Paulo,3550308,True,,897,,,-23.521084000000002,-46.3870275,,,,1,2023-06-20T10:34:48+00:00
SAO_2008-10,São Paulo,3550308,True,,897,,,-23.521084000000002,-46.3870275,,,,1,2023-06-20T10:34:32+00:00
SAO_719R-10,São Paulo,3550308,True,,33237,,,-23.562170000000002,-46.764854125,,,,2,2023-06-20T10:34:24+00:00
SAO_2731-10,São Paulo,3550308,True,,33714,,,-23.541932000000003,-46.470695,,,,2,2023-06-20T10:34:42+00:00
SAO_2731-10,São Paulo,3550308,True,,33714,,,-23.5435715,-46.460255000000004,,,,2,2023-06-20T10:34:38+00:00
SAO_2731-10,São Paulo,3550308,True,,33714,,,-23.518088249999998,-46.439505,,,,2,2023-06-20T10:33:16+00:00
SAO_6726-10,São Paulo,3550308,True,,33961,,,-23.7435615,-46.6914735,,,,2,2023-06-20T10:34:51+00:00
SAO_6726-10,São Paulo,3550308,True,,33961,,,-23.745268375000002,-46.66581537500001,,,,2,2023-06-20T10:34:51+00:00
SAO_6726-10,São Paulo,3550308,True,,33961,,,-23.74858225,-46.665585,,,,2,2023-06-20T10:34:26+00:00
SAO_6726-10,São Paulo,3550308,True,,33961,,,-23.73479,-46.66230675,,,,2,2023-06-20T10:34:21+00:00
SAO_6822-10,São Paulo,3550308,True,Del Rey,22,https://moovitapp.com/index/pt-br/transporte_p%C3%BAblico-line-22-Sao_Paulo-242-868760-496394-0,4.5,-23.6541265,-46.7631545,,,,1,2023-06-20T10:34:54+00:00
SAO_6822-10,São Paulo,3550308,True,Del Rey,22,https://moovitapp.com/index/pt-br/transporte_p%C3%BAblico-line-22-Sao_Paulo-242-868760-496394-0,4.5,-23.6477955,-46.788216000000006,,,,1,2023-06-20T10:34:35+00:00
SAO_5024-31,São Paulo,3550308,True,,1123,,,-23.65479725,-46.70264225,,,,1,2023-06-20T10:34:17+00:00
SAO_5024-31,São Paulo,3550308,True,,1123,,,-23.68858,-46.648693,,,,1,2023-06-20T10:34:24+00:00
SAO_189L-10,São Paulo,3550308,True,,35218,,,-23.4865035,-46.710671500000004,,,,2,2023-06-20T10:34:46+00:00
SAO_189L-10,São Paulo,3550308,True,,35218,,,-23.508888,-46.70562275,,,,2,2023-06-20T10:34:47+00:00
SAO_5012-10,São Paulo,3550308,True,,33884,,,-23.7097155,-46.6354455,,,,2,2023-06-20T10:34:12+00:00
SAO_5012-10,São Paulo,3550308,True,,33884,,,-23.6459105,-46.6397875,,,,2,2023-06-20T10:33:11+00:00
SAO_5012-10,São Paulo,3550308,True,,33884,,,-23.6459105,-46.6397875,,,,2,2023-06-20T10:33:29+00:00
SAO_5012-10,São Paulo,3550308,True,,33884,,,-23.6459105,-46.6397875,,,,2,2023-06-20T10:34:30+00:00
SAO_5012-10,São Paulo,3550308,True,,33884,,,-23.6459105,-46.6397875,,,,2,2023-06-20T10:33:39+00:00
SAO_5012-10,São Paulo,3550308,True,,33884,,,-23.6459105,-46.6397875,,,,2,2023-06-20T10:31:35+00:00
SAO_5012-10,São Paulo,3550308,True,,33884,,,-23.710001,-46.6357225,,,,2,2023-06-20T10:34:54+00:00
SAO_5012-10,São Paulo,3550308,True,,33884,,,-23.6459105,-46.6397875,,,,2,2023-06-20T10:34:02+00:00
SAO_5012-10,São Paulo,3550308,True,,33884,,,-23.710048999999998,-46.6358415,,,,2,2023-06-20T10:34:35+00:00
SAO_5012-10,São Paulo,3550308,True,,33884,,,-23.6459105,-46.6397875,,,,2,2023-06-20T10:33:47+00:00
SAO_5012-10,São Paulo,3550308,True,,33884,,,-23.6459105,-46.6397875,,,,2,2023-06-20T10:33:12+00:00
SAO_5028-10,São Paulo,3550308,True,,34402,,,-23.6108005,-46.580852500000006,,,,2,2023-06-20T10:34:15+00:00
SAO_6022-10,São Paulo,3550308,True,,33975,,,-23.728424,-46.7823315,,,,2,2023-06-20T10:34:55+00:00
SAO_6022-10,São Paulo,3550308,True,,33975,,,-23.728424,-46.7823315,,,,2,2023-06-20T10:34:43+00:00
SAO_6022-10,São Paulo,3550308,True,,33975,,,-23.71184525,-46.782389,,,,2,2023-06-20T10:34:30+00:00
SAO_1758-10,São Paulo,3550308,True,,33320,,,-23.4540025,-46.6616765,,,,2,2023-06-20T10:34:35+00:00
SAO_677A-10,São Paulo,3550308,True,,1239,,,-23.613583499999997,-46.697348000000005,,,,1,2023-06-20T10:34:19+00:00
SAO_677A-10,São Paulo,3550308,True,,1239,,,-23.594110999999998,-46.6896845,,,,1,2023-06-20T10:34:44+00:00
SAO_677A-10,São Paulo,3550308,True,,1239,,,-23.6858575,-46.7702995,,,,1,2023-06-20T10:34:46+00:00
SAO_677A-10,São Paulo,3550308,True,,1239,,,-23.6677955,-46.7368285,,,,1,2023-06-20T10:34:44+00:00
SAO_677A-10,São Paulo,3550308,True,,1239,,,-23.661318,-46.725689,,,,1,2023-06-20T10:34:20+00:00
SAO_677A-10,São Paulo,3550308,True,,1239,,,-23.6825795,-46.767716500000006,,,,1,2023-06-20T10:34:35+00:00
SAO_4221-10,São Paulo,3550308,True,,33093,,,-23.60887425,-46.514239,,,,2,2023-06-20T10:34:29+00:00
SAO_3301-10,São Paulo,3550308,True,,1618,,,-23.5352665,-46.5828685,,,,1,2023-06-20T10:34:11+00:00
SAO_3301-10,São Paulo,3550308,True,,1618,,,-23.493800999999998,-46.43809975,,,,1,2023-06-20T10:34:50+00:00
SAO_N801-11,São Paulo,3550308,True,,2428,,,-23.571887,-46.7083135,,,,1,2023-06-20T10:34:50+00:00
SAO_N801-11,São Paulo,3550308,True,,2428,,,-23.5468745,-46.630641499999996,,,,1,2023-06-20T10:34:15+00:00
SAO_7021-10,São Paulo,3550308,True,,34757,,,-23.643644000000002,-46.734159500000004,,,,2,2023-06-20T10:34:51+00:00
SAO_N743-11,São Paulo,3550308,True,,35192,,,-23.667333499999998,-46.7278095,,,,2,2023-06-20T10:34:54+00:00
SAO_573H-10,São Paulo,3550308,True,,34398,,,-23.6116475,-46.493727,,,,2,2023-06-20T10:34:41+00:00
SAO_573H-10,São Paulo,3550308,True,,34398,,,-23.5781995,-46.54563962500001,,,,2,2023-06-20T10:34:52+00:00
SAO_573H-10,São Paulo,3550308,True,,34398,,,-23.565079250000004,-46.58941375,,,,2,2023-06-20T10:34:19+00:00
SAO_573H-10,São Paulo,3550308,True,,34398,,,-23.552679499999996,-46.611855250000005,,,,2,2023-06-20T10:34:43+00:00
SAO_5611-10,São Paulo,3550308,True,EMTU,598,https://moovitapp.com/index/pt-br/transporte_p%C3%BAblico-line-598-Sao_Paulo-242-2038937-36419579-0,7.05,-23.651454,-46.678441,,,,1,2023-06-20T10:34:24+00:00
SAO_5611-10,São Paulo,3550308,True,EMTU,598,https://moovitapp.com/index/pt-br/transporte_p%C3%BAblico-line-598-Sao_Paulo-242-2038937-36419579-0,7.05,-23.7160385,-46.628578000000005,,,,1,2023-06-20T10:33:25+00:00
SAO_527R-10,São Paulo,3550308,True,,271,,,-23.670181,-46.6571845,,,,1,2023-06-20T10:34:50+00:00
SAO_4033-10,São Paulo,3550308,True,,33871,,,-23.6137385,-46.495691,,,,2,2023-06-20T10:34:16+00:00
SAO_4033-10,São Paulo,3550308,True,,33871,,,-23.5963955,-46.5068245,,,,2,2023-06-20T10:34:47+00:00
SAO_4033-10,São Paulo,3550308,True,,33871,,,-23.604306,-46.5384965,,,,2,2023-06-20T10:34:20+00:00
SAO_4033-10,São Paulo,3550308,True,,33871,,,-23.625214,-46.463602,,,,2,2023-06-20T10:34:48+00:00
SAO_3459-10,São Paulo,3550308,True,EMTU,402,https://moovitapp.com/index/pt-br/transporte_p%C3%BAblico-line-402-Sao_Paulo-242-2038937-36419464-0,3.7,-23.51386625,-46.44993475,,,,1,2023-06-20T10:34:30+00:00
SAO_3459-10,São Paulo,3550308,True,EMTU,402,https://moovitapp.com/index/pt-br/transporte_p%C3%BAblico-line-402-Sao_Paulo-242-2038937-36419464-0,3.7,-23.5404725,-46.5751875,,,,1,2023-06-20T10:34:19+00:00
SAO_3459-10,São Paulo,3550308,True,EMTU,402,https://moovitapp.com/index/pt-br/transporte_p%C3%BAblico-line-402-Sao_Paulo-242-2038937-36419464-0,3.7,-23.515351000000003,-46.4856135,,,,1,2023-06-20T10:34:38+00:00
SAO_3459-10,São Paulo,3550308,True,EMTU,402,https://moovitapp.com/index/pt-br/transporte_p%C3%BAblico-line-402-Sao_Paulo-242-2038937-36419464-0,3.7,-23.506593,-46.3882265,,,,1,2023-06-20T10:34:30+00:00
SAO_3459-10,São Paulo,3550308,True,EMTU,402,https://moovitapp.com/index/pt-br/transporte_p%C3%BAblico-line-402-Sao_Paulo-242-2038937-36419464-0,3.7,-23.5165205,-46.385602000000006,,,,1,2023-06-20T10:34:33+00:00
SAO_3459-10,São Paulo,3550308,True,EMTU,402,https://moovitapp.com/index/pt-br/transporte_p%C3%BAblico-line-402-Sao_Paulo-242-2038937-36419464-0,3.7,-23.521471499999997,-46.528538499999996,,,,1,2023-06-20T10:34:53+00:00
SAO_3459-10,São Paulo,3550308,True,EMTU,402,https://moovitapp.com/index/pt-br/transporte_p%C3%BAblico-line-402-Sao_Paulo-242-2038937-36419464-0,3.7,-23.494611749999997,-46.414021250000005,,,,1,2023-06-20T10:34:52+00:00
SAO_6803-10,São Paulo,3550308,True,,32797,,,-23.660562999999996,-46.747134,,,,2,2023-06-20T10:34:51+00:00
SAO_9018-10,São Paulo,3550308,True,,1271,,,-23.480466999999997,-46.717962,,,,1,2023-06-20T10:34:42+00:00
SAO_978J-10,São Paulo,3550308,True,EMTU,591,https://moovitapp.com/index/pt-br/transporte_p%C3%BAblico-line-591-Sao_Paulo-242-2038937-36419577-0,5.4,-23.436789,-46.739641500000005,,,,1,2023-06-20T10:34:11+00:00
SAO_978J-10,São Paulo,3550308,True,EMTU,591,https://moovitapp.com/index/pt-br/transporte_p%C3%BAblico-line-591-Sao_Paulo-242-2038937-36419577-0,5.4,-23.4754055,-46.724346749999995,,,,1,2023-06-20T10:34:19+00:00
SAO_3002-10,São Paulo,3550308,True,,1808,,,-23.510468,-46.378808,,,,1,2023-06-20T10:34:13+00:00
SAO_3002-10,São Paulo,3550308,True,,1808,,,-23.510468,-46.378808,,,,1,2023-06-20T10:33:15+00:00
SAO_3002-10,São Paulo,3550308,True,,1808,,,-23.5119005,-46.379024,,,,1,2023-06-20T10:33:09+00:00
SAO_3002-10,São Paulo,3550308,True,,1808,,,-23.496955,-46.437329,,,,1,2023-06-20T10:34:03+00:00
SAO_3002-10,São Paulo,3550308,True,,1808,,,-23.510468,-46.378808,,,,1,2023-06-20T10:34:41+00:00
SAO_938P-10,São Paulo,3550308,True,,33656,,,-23.462844,-46.6814335,,,,2,2023-06-20T10:34:37+00:00
SAO_938P-10,São Paulo,3550308,True,,33656,,,-23.462844,-46.6814335,,,,2,2023-06-20T10:34:14+00:00
SAO_938P-10,São Paulo,3550308,True,,33656,,,-23.463069,-46.6814145,,,,2,2023-06-20T10:34:44+00:00
SAO_6084-10,São Paulo,3550308,True,,33937,,,-23.7804005,-46.6732885,,,,2,2023-06-20T10:34:20+00:00
SAO_6084-10,São Paulo,3550308,True,,33937,,,-23.7812805,-46.67209375,,,,2,2023-06-20T10:34:20+00:00
SAO_6084-10,São Paulo,3550308,True,,33937,,,-23.7812805,-46.67209375,,,,2,2023-06-20T10:34:27+00:00
SAO_6084-10,São Paulo,3550308,True,,33937,,,-23.7812805,-46.67209375,,,,2,2023-06-20T10:34:37+00:00
SAO_6084-10,São Paulo,3550308,True,,33937,,,-23.7812805,-46.67209375,,,,2,2023-06-20T10:34:30+00:00
SAO_6084-10,São Paulo,3550308,True,,33937,,,-23.7812805,-46.67209375,,,,2,2023-06-20T10:34:46+00:00
SAO_6084-10,São Paulo,3550308,True,,33937,,,-23.7804005,-46.6732885,,,,2,2023-06-20T10:34:36+00:00
SAO_6084-10,São Paulo,3550308,True,,33937,,,-23.775058,-46.683469,,,,2,2023-06-20T10:34:13+00:00
SAO_9004-10,São Paulo,3550308,True,,871,,,-23.457195499999997,-46.685354,,,,1,2023-06-20T10:34:23+00:00
SAO_9004-10,São Paulo,3550308,True,,871,,,-23.4745985,-46.670230000000004,,,,1,2023-06-20T10:34:50+00:00
SAO_9004-10,São Paulo,3550308,True,,871,,,-23.457195499999997,-46.685354,,,,1,2023-06-20T10:34:38+00:00
SAO_9004-10,São Paulo,3550308,True,,871,,,-23.458478,-46.680777500000005,,,,1,2023-06-20T10:34:25+00:00
SAO_2720-10,São Paulo,3550308,True,,933,,,-23.493471,-46.470558,,,,1,2023-06-20T10:34:50+00:00
SAO_2720-10,São Paulo,3550308,True,,933,,,-23.491684,-46.4728185,,,,1,2023-06-20T10:34:49+00:00
SAO_2720-10,São Paulo,3550308,True,,933,,,-23.507372125000003,-46.488834374999996,,,,1,2023-06-20T10:34:12+00:00
SAO_2720-10,São Paulo,3550308,True,,933,,,-23.4897065,-46.470628000000005,,,,1,2023-06-20T10:34:42+00:00
SAO_2720-10,São Paulo,3550308,True,,933,,,-23.493471,-46.470558,,,,1,2023-06-20T10:34:29+00:00
SAO_938P-10,São Paulo,3550308,True,,888,,,-23.494473,-46.692094499999996,,,,1,2023-06-20T10:34:39+00:00
SAO_6037-10,São Paulo,3550308,True,,1215,,,-23.6493575,-46.7848365,,,,1,2023-06-20T10:34:44+00:00
SAO_6037-10,São Paulo,3550308,True,,1215,,,-23.6493575,-46.7848365,,,,1,2023-06-20T10:34:22+00:00
SAO_6037-10,São Paulo,3550308,True,,1215,,,-23.660277999999998,-46.768888000000004,,,,1,2023-06-20T10:34:45+00:00
SAO_6037-10,São Paulo,3550308,True,,1215,,,-23.6493575,-46.7848365,,,,1,2023-06-20T10:34:34+00:00
SAO_3712-51,São Paulo,3550308,True,,2505,,,-23.559639125000004,-46.423704875,,,,1,2023-06-20T10:34:21+00:00
SAO_3712-51,São Paulo,3550308,True,,2505,,,-23.559803,-46.422215,,,,1,2023-06-20T10:34:26+00:00
SAO_507T-10,São Paulo,3550308,True,,34976,,,-23.572461875,-46.511435375,,,,2,2023-06-20T10:34:44+00:00
SAO_507T-10,São Paulo,3550308,True,,34976,,,-23.612882499999998,-46.501416,,,,2,2023-06-20T10:34:33+00:00
SAO_507T-10,São Paulo,3550308,True,,34976,,,-23.538406000000002,-46.562954,,,,2,2023-06-20T10:34:53+00:00
SAO_N344-11,São Paulo,3550308,True,,35124,,,-23.489880499999998,-46.489622,,,,2,2023-06-20T10:32:36+00:00
SAO_573H-10,São Paulo,3550308,True,,1630,,,-23.596735000000002,-46.5008875,,,,1,2023-06-20T10:34:49+00:00
SAO_573H-10,São Paulo,3550308,True,,1630,,,-23.5868035,-46.51325,,,,1,2023-06-20T10:34:41+00:00
SAO_573H-10,São Paulo,3550308,True,,1630,,,-23.61459425,-46.500975,,,,1,2023-06-20T10:34:34+00:00
SAO_573H-10,São Paulo,3550308,True,,1630,,,-23.5659825,-46.588575500000005,,,,1,2023-06-20T10:34:42+00:00
SAO_637A-10,São Paulo,3550308,True,,32953,,,-23.6901525,-46.774198999999996,,,,2,2023-06-20T10:34:24+00:00
SAO_637A-10,São Paulo,3550308,True,,32953,,,-23.672508999999998,-46.7432285,,,,2,2023-06-20T10:34:42+00:00
SAO_637A-10,São Paulo,3550308,True,,32953,,,-23.675822500000002,-46.752639,,,,2,2023-06-20T10:34:51+00:00
SAO_637A-10,São Paulo,3550308,True,,32953,,,-23.6675375,-46.730432,,,,2,2023-06-20T10:34:33+00:00
SAO_637A-10,São Paulo,3550308,True,,32953,,,-23.5988295,-46.697057,,,,2,2023-06-20T10:34:29+00:00
SAO_3069-10,São Paulo,3550308,True,,33752,,,-23.617002,-46.417094000000006,,,,2,2023-06-20T10:34:17+00:00
SAO_3069-10,São Paulo,3550308,True,,33752,,,-23.606299749999998,-46.41697025,,,,2,2023-06-20T10:34:55+00:00
SAO_3069-10,São Paulo,3550308,True,,33752,,,-23.60662525,-46.41692075,,,,2,2023-06-20T10:34:39+00:00
SAO_3069-10,São Paulo,3550308,True,,33752,,,-23.621178,-46.4597035,,,,2,2023-06-20T10:34:24+00:00
SAO_3069-10,São Paulo,3550308,True,,33752,,,-23.60662525,-46.41692075,,,,2,2023-06-20T10:34:35+00:00
SAO_3063-41,São Paulo,3550308,True,,33022,,,-23.5439295,-46.3912265,,,,2,2023-06-20T10:34:25+00:00
SAO_3063-41,São Paulo,3550308,True,,33022,,,-23.591266,-46.4170165,,,,2,2023-06-20T10:34:42+00:00
SAO_737A-10,São Paulo,3550308,True,,1730,,,-23.667369,-46.728165,,,,1,2023-06-20T10:34:44+00:00
SAO_737A-10,São Paulo,3550308,True,,1730,,,-23.6902125,-46.773815,,,,1,2023-06-20T10:34:32+00:00
SAO_737A-10,São Paulo,3550308,True,,1730,,,-23.66652525,-46.7194235,,,,1,2023-06-20T10:34:41+00:00
SAO_737A-10,São Paulo,3550308,True,,1730,,,-23.667822,-46.731513,,,,1,2023-06-20T10:34:49+00:00
SAO_737A-10,São Paulo,3550308,True,,1730,,,-23.678915250000003,-46.7633535,,,,1,2023-06-20T10:34:38+00:00
SAO_N143-11,São Paulo,3550308,True,,35067,,,-23.486341,-46.69826125,,,,2,2023-06-20T10:34:43+00:00
SAO_4315-10,São Paulo,3550308,True,,2175,,,-23.536997874999997,-46.558906625,,,,1,2023-06-20T10:34:45+00:00
SAO_4315-10,São Paulo,3550308,True,,2175,,,-23.5582535,-46.5229645,,,,1,2023-06-20T10:34:31+00:00
SAO_1036-10,São Paulo,3550308,True,,2453,,,-23.4761765,-46.714975499999994,,,,1,2023-06-20T10:34:45+00:00
SAO_1036-10,São Paulo,3550308,True,,2453,,,-23.485856,-46.71054650000001,,,,1,2023-06-20T10:34:45+00:00
SAO_1036-10,São Paulo,3550308,True,,2453,,,-23.4481575,-46.712355,,,,1,2023-06-20T10:34:09+00:00
SAO_1036-10,São Paulo,3550308,True,,2453,,,-23.447775,-46.708842000000004,,,,1,2023-06-20T10:34:16+00:00
SAO_1036-10,São Paulo,3550308,True,,2453,,,-23.447775,-46.708842000000004,,,,1,2023-06-20T10:34:24+00:00
SAO_1036-10,São Paulo,3550308,True,,2453,,,-23.447775,-46.708842000000004,,,,1,2023-06-20T10:34:20+00:00
SAO_4005-10,São Paulo,3550308,True,,2179,,,-23.5833585,-46.4077735,,,,1,2023-06-20T10:34:32+00:00
SAO_4005-10,São Paulo,3550308,True,,2179,,,-23.581215999999998,-46.404733,,,,1,2023-06-20T10:34:29+00:00
SAO_3721-41,São Paulo,3550308,True,,34461,,,-23.5631595,-46.500921000000005,,,,2,2023-06-20T10:34:24+00:00
SAO_N736-11,São Paulo,3550308,True,,35185,,,-23.7160765,-46.78321925,,,,2,2023-06-20T10:34:40+00:00
SAO_6052-10,São Paulo,3550308,True,,33912,,,-23.7757335,-46.691438500000004,,,,2,2023-06-20T10:34:34+00:00
SAO_6052-10,São Paulo,3550308,True,,33912,,,-23.775509999999997,-46.691679,,,,2,2023-06-20T10:34:18+00:00
SAO_6052-10,São Paulo,3550308,True,,33912,,,-23.775509999999997,-46.691679,,,,2,2023-06-20T10:34:49+00:00
SAO_6052-10,São Paulo,3550308,True,,33912,,,-23.766788,-46.716197,,,,2,2023-06-20T10:34:30+00:00
SAO_6052-10,São Paulo,3550308,True,,33912,,,-23.775877,-46.6912655,,,,2,2023-06-20T10:34:28+00:00
SAO_3756-10,São Paulo,3550308,True,,1050,,,-23.56419175,-46.41028175,,,,1,2023-06-20T10:34:16+00:00
SAO_3756-10,São Paulo,3550308,True,,1050,,,-23.5762635,-46.391789,,,,1,2023-06-20T10:34:31+00:00
SAO_3756-10,São Paulo,3550308,True,,1050,,,-23.591324,-46.389072,,,,1,2023-06-20T10:34:12+00:00
SAO_3756-10,São Paulo,3550308,True,,1050,,,-23.591324,-46.389072,,,,1,2023-06-20T10:34:39+00:00
SAO_3756-10,São Paulo,3550308,True,,1050,,,-23.591324,-46.389072,,,,1,2023-06-20T10:34:41+00:00
SAO_3756-10,São Paulo,3550308,True,,1050,,,-23.582566,-46.39184,,,,1,2023-06-20T10:34:30+00:00
SAO_3756-10,São Paulo,3550308,True,,1050,,,-23.5594405,-46.4372855,,,,1,2023-06-20T10:34:18+00:00
SAO_6414-10,São Paulo,3550308,True,EMTU,360,https://moovitapp.com/index/pt-br/transporte_p%C3%BAblico-line-360-Sao_Paulo-242-2038937-36419441-0,5.2,-23.605787499999998,-46.692401000000004,,,,1,2023-06-20T10:34:29+00:00
SAO_8055-51,São Paulo,3550308,True,EMTU,417,https://moovitapp.com/index/pt-br/transporte_p%C3%BAblico-line-417-Sao_Paulo-242-2038937-36419474-0,5.2,-23.409677000000002,-46.73632175,,,,1,2023-06-20T10:34:45+00:00
SAO_8055-51,São Paulo,3550308,True,EMTU,417,https://moovitapp.com/index/pt-br/transporte_p%C3%BAblico-line-417-Sao_Paulo-242-2038937-36419474-0,5.2,-23.4063705,-46.755480500000004,,,,1,2023-06-20T10:34:42+00:00
SAO_6110-10,São Paulo,3550308,True,,1184,,,-23.729051,-46.7176095,,,,1,2023-06-20T10:34:14+00:00
SAO_6110-10,São Paulo,3550308,True,,1184,,,-23.757465,-46.7053555,,,,1,2023-06-20T10:34:53+00:00
SAO_6110-10,São Paulo,3550308,True,,1184,,,-23.657739499999998,-46.679614,,,,1,2023-06-20T10:32:01+00:00
SAO_2002-10,São Paulo,3550308,True,STT,711,https://moovitapp.com/index/pt-br/transporte_p%C3%BAblico-line-711-Sao_Paulo-242-850661-183340-0,5.3,-23.547219,-46.6295935,,,,1,2023-06-20T10:34:25+00:00
SAO_2002-10,São Paulo,3550308,True,STT,711,https://moovitapp.com/index/pt-br/transporte_p%C3%BAblico-line-711-Sao_Paulo-242-850661-183340-0,5.3,-23.545351500000002,-46.633622,,,,1,2023-06-20T10:34:49+00:00
SAO_2100-10,São Paulo,3550308,True,,33481,,,-23.5580635,-46.522337500000006,,,,2,2023-06-20T10:34:29+00:00
SAO_2100-10,São Paulo,3550308,True,,33481,,,-23.548987500000003,-46.6332885,,,,2,2023-06-20T10:34:50+00:00
SAO_8017-10,São Paulo,3550308,True,,1261,,,-23.4854235,-46.725742,,,,1,2023-06-20T10:34:40+00:00
SAO_8017-10,São Paulo,3550308,True,,1261,,,-23.435717249999996,-46.741409000000004,,,,1,2023-06-20T10:34:36+00:00
SAO_8017-10,São Paulo,3550308,True,,1261,,,-23.442899,-46.7218955,,,,1,2023-06-20T10:34:53+00:00
SAO_477U-10,São Paulo,3550308,True,,33074,,,-23.585369,-46.622885999999994,,,,2,2023-06-20T10:34:44+00:00
SAO_477U-10,São Paulo,3550308,True,,33074,,,-23.6094905,-46.594696,,,,2,2023-06-20T10:34:29+00:00
SAO_1765-10,São Paulo,3550308,True,,1782,,,-23.47141,-46.586765875,,,,1,2023-06-20T10:34:40+00:00
SAO_9354-10,São Paulo,3550308,True,,708,,,-23.4799765,-46.660883999999996,,,,1,2023-06-20T10:34:36+00:00
SAO_9023-10,São Paulo,3550308,True,,34205,,,-23.4197105,-46.7166475,,,,2,2023-06-20T10:34:39+00:00
SAO_9023-10,São Paulo,3550308,True,,34205,,,-23.419681500000003,-46.716796,,,,2,2023-06-20T10:34:16+00:00
SAO_9023-10,São Paulo,3550308,True,,34205,,,-23.431887,-46.712824499999996,,,,2,2023-06-20T10:34:15+00:00
SAO_9023-10,São Paulo,3550308,True,,34205,,,-23.422676000000003,-46.714762,,,,2,2023-06-20T10:34:29+00:00
SAO_2733-10,São Paulo,3550308,True,,33716,,,-23.535671999999998,-46.4544545,,,,2,2023-06-20T10:34:37+00:00
SAO_2733-10,São Paulo,3550308,True,,33716,,,-23.5162355,-46.4623365,,,,2,2023-06-20T10:34:33+00:00
SAO_1017-10,São Paulo,3550308,True,,34909,,,-23.413239,-46.7508695,,,,2,2023-06-20T10:34:54+00:00
SAO_1017-10,São Paulo,3550308,True,,34909,,,-23.4136605,-46.750937,,,,2,2023-06-20T10:34:32+00:00
SAO_1017-10,São Paulo,3550308,True,,34909,,,-23.475921,-46.714985999999996,,,,2,2023-06-20T10:34:14+00:00
SAO_3712-10,São Paulo,3550308,True,,1009,,,-23.5525595,-46.4257145,,,,1,2023-06-20T10:34:17+00:00
SAO_3712-10,São Paulo,3550308,True,,1009,,,-23.5525595,-46.4257145,,,,1,2023-06-20T10:34:20+00:00
SAO_3712-10,São Paulo,3550308,True,,1009,,,-23.5525595,-46.4257145,,,,1,2023-06-20T10:34:20+00:00
SAO_3712-10,São Paulo,3550308,True,,1009,,,-23.546394499999998,-46.4262665,,,,1,2023-06-20T10:34:20+00:00
SAO_3712-10,São Paulo,3550308,True,,1009,,,-23.5525595,-46.4257145,,,,1,2023-06-20T10:34:23+00:00
SAO_3712-10,São Paulo,3550308,True,,1009,,,-23.541897,-46.470466,,,,1,2023-06-20T10:34:22+00:00
SAO_3712-10,São Paulo,3550308,True,,1009,,,-23.551171500000002,-46.425402500000004,,,,1,2023-06-20T10:34:32+00:00
SAO_3712-10,São Paulo,3550308,True,,1009,,,-23.5525595,-46.4257145,,,,1,2023-06-20T10:34:21+00:00
SAO_3789-10,São Paulo,3550308,True,,1067,,,-23.5923555,-46.406994,,,,1,2023-06-20T10:34:32+00:00
SAO_3789-10,São Paulo,3550308,True,,1067,,,-23.5717995,-46.451344,,,,1,2023-06-20T10:34:19+00:00
SAO_3789-10,São Paulo,3550308,True,,1067,,,-23.5425565,-46.4708155,,,,1,2023-06-20T10:34:19+00:00
SAO_3789-10,São Paulo,3550308,True,,1067,,,-23.581291,-46.4146645,,,,1,2023-06-20T10:34:25+00:00
SAO_3789-10,São Paulo,3550308,True,,1067,,,-23.598306,-46.402944250000004,,,,1,2023-06-20T10:34:33+00:00
SAO_3789-10,São Paulo,3550308,True,,1067,,,-23.59092,-46.407697625,,,,1,2023-06-20T10:34:49+00:00
SAO_3789-10,São Paulo,3550308,True,,1067,,,-23.592042499999998,-46.407144,,,,1,2023-06-20T10:34:49+00:00
SAO_3789-10,São Paulo,3550308,True,,1067,,,-23.611982,-46.3961475,,,,1,2023-06-20T10:34:55+00:00
SAO_3789-10,São Paulo,3550308,True,,1067,,,-23.611982,-46.3961475,,,,1,2023-06-20T10:34:15+00:00
SAO_695Y-10,São Paulo,3550308,True,,1198,,,-23.8283035,-46.727239999999995,,,,1,2023-06-20T10:34:32+00:00
SAO_695Y-10,São Paulo,3550308,True,,1198,,,-23.767049749999998,-46.717158999999995,,,,1,2023-06-20T10:34:49+00:00
SAO_695Y-10,São Paulo,3550308,True,,1198,,,-23.7852955,-46.725956,,,,1,2023-06-20T10:34:25+00:00
SAO_695Y-10,São Paulo,3550308,True,,1198,,,-23.7582485,-46.7147595,,,,1,2023-06-20T10:34:12+00:00
SAO_695Y-10,São Paulo,3550308,True,,1198,,,-23.74073,-46.70446725,,,,1,2023-06-20T10:34:32+00:00
SAO_695Y-10,São Paulo,3550308,True,,1198,,,-23.71349325,-46.69855075,,,,1,2023-06-20T10:34:45+00:00
SAO_5759-10,São Paulo,3550308,True,,1138,,,-23.677872,-46.6578515,,,,1,2023-06-20T10:34:48+00:00
SAO_5759-10,São Paulo,3550308,True,,1138,,,-23.686618,-46.6397635,,,,1,2023-06-20T10:34:44+00:00
SAO_407E-10,São Paulo,3550308,True,,2215,,,-23.566582,-46.5065945,,,,1,2023-06-20T10:34:11+00:00
SAO_407E-10,São Paulo,3550308,True,,2215,,,-23.6198485,-46.4555345,,,,1,2023-06-20T10:34:26+00:00
SAO_N403-11,São Paulo,3550308,True,,2359,,,-23.5426505,-46.471396999999996,,,,1,2023-06-20T10:34:26+00:00
SAO_7009-10,São Paulo,3550308,True,,1951,,,-23.694651,-46.779804999999996,,,,1,2023-06-20T10:34:28+00:00
SAO_7009-10,São Paulo,3550308,True,,1951,,,-23.704196500000002,-46.787588,,,,1,2023-06-20T10:34:18+00:00
SAO_675X-10,São Paulo,3550308,True,EMTU,111,https://moovitapp.com/index/pt-br/transporte_p%C3%BAblico-line-111-Sao_Paulo-242-2038937-36419271-0,5.1,-23.648898000000003,-46.703265,,,,1,2023-06-20T10:34:38+00:00
SAO_675X-10,São Paulo,3550308,True,EMTU,111,https://moovitapp.com/index/pt-br/transporte_p%C3%BAblico-line-111-Sao_Paulo-242-2038937-36419271-0,5.1,-23.737689500000002,-46.697986,,,,1,2023-06-20T10:34:32+00:00
SAO_675X-10,São Paulo,3550308,True,EMTU,111,https://moovitapp.com/index/pt-br/transporte_p%C3%BAblico-line-111-Sao_Paulo-242-2038937-36419271-0,5.1,-23.737689500000002,-46.697986,,,,1,2023-06-20T10:34:19+00:00
SAO_675X-10,São Paulo,3550308,True,EMTU,111,https://moovitapp.com/index/pt-br/transporte_p%C3%BAblico-line-111-Sao_Paulo-242-2038937-36419271-0,5.1,-23.7068195,-46.700339,,,,1,2023-06-20T10:34:51+00:00
SAO_6960-10,São Paulo,3550308,True,,1443,,,-23.6737855,-46.7122165,,,,1,2023-06-20T10:34:50+00:00
SAO_6960-10,São Paulo,3550308,True,,1443,,,-23.719334500000002,-46.698460499999996,,,,1,2023-06-20T10:34:11+00:00
SAO_6960-10,São Paulo,3550308,True,,1443,,,-23.766952500000002,-46.7161155,,,,1,2023-06-20T10:34:50+00:00
SAO_6960-10,São Paulo,3550308,True,,1443,,,-23.6967275,-46.714889,,,,1,2023-06-20T10:34:25+00:00
SAO_6960-10,São Paulo,3550308,True,,1443,,,-23.750026000000002,-46.709838500000004,,,,1,2023-06-20T10:34:45+00:00
SAO_2780-10,São Paulo,3550308,True,EMTU,399,https://moovitapp.com/index/pt-br/transporte_p%C3%BAblico-line-399-Sao_Paulo-242-2038937-36419463-0,6.45,-23.504201000000002,-46.4295245,,,,1,2023-06-20T10:34:34+00:00
SAO_3778-10,São Paulo,3550308,True,,33830,,,-23.570276,-46.4901395,,,,2,2023-06-20T10:34:18+00:00
SAO_3737-10,São Paulo,3550308,True,,33805,,,-23.539118875,-46.51576250000001,,,,2,2023-06-20T10:34:54+00:00
SAO_3737-10,São Paulo,3550308,True,,33805,,,-23.564581,-46.5048855,,,,2,2023-06-20T10:34:24+00:00
SAO_N205-11,São Paulo,3550308,True,,35083,,,-23.4751435,-46.6696965,,,,2,2023-06-20T10:34:51+00:00
SAO_3001-10,São Paulo,3550308,True,,1650,,,-23.4918395,-46.4338095,,,,1,2023-06-20T10:34:35+00:00
SAO_3001-10,São Paulo,3550308,True,,1650,,,-23.51233,-46.375572500000004,,,,1,2023-06-20T10:34:31+00:00
SAO_273G-10,São Paulo,3550308,True,,32991,,,-23.481350499999998,-46.429947,,,,2,2023-06-20T10:34:29+00:00
SAO_273G-10,São Paulo,3550308,True,,32991,,,-23.490626,-46.439096,,,,2,2023-06-20T10:34:37+00:00
SAO_273G-10,São Paulo,3550308,True,,32991,,,-23.5084185,-46.4777116875,,,,2,2023-06-20T10:34:22+00:00
SAO_273G-10,São Paulo,3550308,True,,32991,,,-23.481525249999997,-46.41659775,,,,2,2023-06-20T10:34:30+00:00
SAO_5106-21,São Paulo,3550308,True,,1972,,,-23.691917500000002,-46.658305999999996,,,,1,2023-06-20T10:34:42+00:00
SAO_5106-21,São Paulo,3550308,True,,1972,,,-23.684505,-46.653369,,,,1,2023-06-20T10:34:43+00:00
SAO_2718-10,São Paulo,3550308,True,,931,,,-23.502107375,-46.534354625,,,,1,2023-06-20T10:34:54+00:00
SAO_2718-10,São Paulo,3550308,True,,931,,,-23.4961045,-46.5111085,,,,1,2023-06-20T10:34:14+00:00
SAO_2718-10,São Paulo,3550308,True,,931,,,-23.4930065,-46.4991965,,,,1,2023-06-20T10:34:24+00:00
SAO_2718-10,São Paulo,3550308,True,,931,,,-23.526694,-46.54801075,,,,1,2023-06-20T10:31:33+00:00
SAO_2718-10,São Paulo,3550308,True,,931,,,-23.525074000000004,-46.54891175,,,,1,2023-06-20T10:34:35+00:00
SAO_2718-10,São Paulo,3550308,True,,931,,,-23.497175,-46.50649,,,,1,2023-06-20T10:34:19+00:00
SAO_6014-10,São Paulo,3550308,True,,188,,,-23.668913,-46.7339305,,,,1,2023-06-20T10:34:46+00:00
SAO_6014-10,São Paulo,3550308,True,,188,,,-23.654868999999998,-46.715183874999994,,,,1,2023-06-20T10:34:32+00:00
SAO_6014-10,São Paulo,3550308,True,,188,,,-23.7420645,-46.8001675,,,,1,2023-06-20T10:34:52+00:00
SAO_6014-10,São Paulo,3550308,True,,188,,,-23.6873875,-46.771598,,,,1,2023-06-20T10:34:46+00:00
SAO_6014-10,São Paulo,3550308,True,,188,,,-23.718400000000003,-46.784493499999996,,,,1,2023-06-20T10:34:12+00:00
SAO_7050-10,São Paulo,3550308,True,,34652,,,-23.6589665,-46.774750999999995,,,,2,2023-06-20T10:34:54+00:00
SAO_7050-10,São Paulo,3550308,True,,34652,,,-23.6582,-46.7894615,,,,2,2023-06-20T10:34:47+00:00
SAO_7050-10,São Paulo,3550308,True,,34652,,,-23.6559205,-46.776455,,,,2,2023-06-20T10:34:45+00:00
SAO_7050-10,São Paulo,3550308,True,,34652,,,-23.657040000000002,-46.776211,,,,2,2023-06-20T10:34:28+00:00
SAO_1012-21,São Paulo,3550308,True,,2570,,,-23.4333445,-46.7870665,,,,1,2023-06-20T10:34:41+00:00
SAO_475M-10,São Paulo,3550308,True,EMTU,343,https://moovitapp.com/index/pt-br/transporte_p%C3%BAblico-line-343-Sao_Paulo-242-2038937-36419427-0,5.15,-23.5986865,-46.616033,,,,1,2023-06-20T10:34:40+00:00
SAO_342N-10,São Paulo,3550308,True,,1003,,,-23.564736,-46.3972185,,,,1,2023-06-20T10:34:54+00:00
SAO_342N-10,São Paulo,3550308,True,,1003,,,-23.563197,-46.3939975,,,,1,2023-06-20T10:34:13+00:00
SAO_342N-10,São Paulo,3550308,True,,1003,,,-23.532234000000003,-46.435173000000006,,,,1,2023-06-20T10:34:54+00:00
SAO_342N-10,São Paulo,3550308,True,,1003,,,-23.5449815,-46.41078,,,,1,2023-06-20T10:34:23+00:00
SAO_374V-10,São Paulo,3550308,True,,1647,,,-23.5230385,-46.4514185,,,,1,2023-06-20T10:32:57+00:00
SAO_374V-10,São Paulo,3550308,True,,1647,,,-23.541415,-46.4594545,,,,1,2023-06-20T10:34:21+00:00
SAO_374V-10,São Paulo,3550308,True,,1647,,,-23.511004999999997,-46.4543005,,,,1,2023-06-20T10:34:19+00:00
SAO_374V-10,São Paulo,3550308,True,,1647,,,-23.5425595,-46.469581500000004,,,,1,2023-06-20T10:34:19+00:00
SAO_374V-10,São Paulo,3550308,True,,1647,,,-23.5263255,-46.452581,,,,1,2023-06-20T10:34:11+00:00
SAO_374V-10,São Paulo,3550308,True,,1647,,,-23.515903,-46.4538425,,,,1,2023-06-20T10:34:36+00:00
SAO_3768-10,São Paulo,3550308,True,,33824,,,-23.5810875,-46.3883805,,,,2,2023-06-20T10:34:11+00:00
SAO_3768-10,São Paulo,3550308,True,,33824,,,-23.586175500000003,-46.3863525,,,,2,2023-06-20T10:34:30+00:00
SAO_3768-10,São Paulo,3550308,True,,33824,,,-23.5596355,-46.4207205,,,,2,2023-06-20T10:34:36+00:00
SAO_2766-10,São Paulo,3550308,True,,33173,,,-23.5425775,-46.4719335,,,,2,2023-06-20T10:34:16+00:00
SAO_2766-10,São Paulo,3550308,True,,33173,,,-23.5425775,-46.4719335,,,,2,2023-06-20T10:34:17+00:00
SAO_2766-10,São Paulo,3550308,True,,33173,,,-23.5425775,-46.4719335,,,,2,2023-06-20T10:34:18+00:00
SAO_2766-10,São Paulo,3550308,True,,33173,,,-23.5425775,-46.4719335,,,,2,2023-06-20T10:34:30+00:00
SAO_2766-10,São Paulo,3550308,True,,33173,,,-23.5425775,-46.4719335,,,,2,2023-06-20T10:34:30+00:00
SAO_2766-10,São Paulo,3550308,True,,33173,,,-23.520543500000002,-46.389382499999996,,,,2,2023-06-20T10:34:43+00:00
SAO_2766-10,São Paulo,3550308,True,,33173,,,-23.5425775,-46.4719335,,,,2,2023-06-20T10:34:26+00:00
SAO_2766-10,São Paulo,3550308,True,,33173,,,-23.5425775,-46.4719335,,,,2,2023-06-20T10:34:50+00:00
SAO_4005-10,São Paulo,3550308,True,,34947,,,-23.592003,-46.395659249999994,,,,2,2023-06-20T10:34:19+00:00
SAO_4005-10,São Paulo,3550308,True,,34947,,,-23.58888925,-46.394664,,,,2,2023-06-20T10:34:16+00:00
SAO_4005-10,São Paulo,3550308,True,,34947,,,-23.5830225,-46.4086875,,,,2,2023-06-20T10:34:14+00:00
SAO_3160-10,São Paulo,3550308,True,,32893,,,-23.569754,-46.587793500000004,,,,2,2023-06-20T10:34:39+00:00
SAO_3160-10,São Paulo,3550308,True,,32893,,,-23.583903499999998,-46.5856135,,,,2,2023-06-20T10:34:53+00:00
SAO_971X-10,São Paulo,3550308,True,,34463,,,-23.4752765,-46.6688805,,,,2,2023-06-20T10:34:17+00:00
SAO_971X-10,São Paulo,3550308,True,,34463,,,-23.4802985,-46.656429,,,,2,2023-06-20T10:34:23+00:00
SAO_6039-21,São Paulo,3550308,True,,2493,,,-23.6670765,-46.7837045,,,,1,2023-06-20T10:34:50+00:00
SAO_746R-10,São Paulo,3550308,True,,790,,,-23.6103905,-46.7051065,,,,1,2023-06-20T10:34:55+00:00
SAO_746R-10,São Paulo,3550308,True,,790,,,-23.62428825,-46.71070125,,,,1,2023-06-20T10:34:46+00:00
SAO_637J-10,São Paulo,3550308,True,,32871,,,-23.6897455,-46.6976705,,,,2,2023-06-20T10:34:15+00:00
SAO_5110-10,São Paulo,3550308,True,,34977,,,-23.5585835,-46.615415,,,,2,2023-06-20T10:34:35+00:00
SAO_5110-10,São Paulo,3550308,True,,34977,,,-23.547036,-46.628932,,,,2,2023-06-20T10:34:40+00:00
SAO_5110-10,São Paulo,3550308,True,,34977,,,-23.6141145,-46.476496999999995,,,,2,2023-06-20T10:34:16+00:00
SAO_5110-10,São Paulo,3550308,True,,34977,,,-23.547036,-46.628932,,,,2,2023-06-20T10:34:17+00:00
SAO_756A-10,São Paulo,3550308,True,,793,,,-23.6019505,-46.7921015,,,,1,2023-06-20T10:34:50+00:00
SAO_756A-10,São Paulo,3550308,True,,793,,,-23.5978395,-46.7957555,,,,1,2023-06-20T10:34:37+00:00
SAO_6078-10,São Paulo,3550308,True,,33934,,,-23.7409095,-46.6607815,,,,2,2023-06-20T10:34:53+00:00
SAO_6078-10,São Paulo,3550308,True,,33934,,,-23.741188,-46.6605715,,,,2,2023-06-20T10:34:38+00:00
SAO_6078-10,São Paulo,3550308,True,,33934,,,-23.669695375000003,-46.67798275,,,,2,2023-06-20T10:34:55+00:00
SAO_6078-10,São Paulo,3550308,True,,33934,,,-23.741594499999998,-46.660188500000004,,,,2,2023-06-20T10:34:22+00:00
SAO_971M-10,São Paulo,3550308,True,,612,,,-23.474202,-46.669375,,,,1,2023-06-20T10:34:45+00:00
SAO_476G-10,São Paulo,3550308,True,,1111,,,-23.611246,-46.529490499999994,,,,1,2023-06-20T10:30:29+00:00
SAO_476G-10,São Paulo,3550308,True,,1111,,,-23.6143955,-46.504852,,,,1,2023-06-20T10:34:54+00:00
SAO_476G-10,São Paulo,3550308,True,,1111,,,-23.6143955,-46.504852,,,,1,2023-06-20T10:34:18+00:00
SAO_476G-10,São Paulo,3550308,True,,1111,,,-23.6143955,-46.504852,,,,1,2023-06-20T10:34:37+00:00
SAO_476G-10,São Paulo,3550308,True,,1111,,,-23.6105685,-46.5221065,,,,1,2023-06-20T10:34:19+00:00
SAO_573A-10,São Paulo,3550308,True,,1637,,,-23.5472225,-46.60696,,,,1,2023-06-20T10:34:25+00:00
SAO_573A-10,São Paulo,3550308,True,,1637,,,-23.60076025,-46.56306825,,,,1,2023-06-20T10:34:29+00:00
SAO_573A-10,São Paulo,3550308,True,,1637,,,-23.562040500000002,-46.598383,,,,1,2023-06-20T10:34:43+00:00
SAO_7055-10,São Paulo,3550308,True,,34656,,,-23.631028999999998,-46.7731495,,,,2,2023-06-20T10:34:34+00:00
SAO_7055-10,São Paulo,3550308,True,,34656,,,-23.6598825,-46.7705665,,,,2,2023-06-20T10:34:30+00:00
SAO_7055-10,São Paulo,3550308,True,,34656,,,-23.631028999999998,-46.7731495,,,,2,2023-06-20T10:34:40+00:00
SAO_7055-10,São Paulo,3550308,True,,34656,,,-23.6923765,-46.7911055,,,,2,2023-06-20T10:34:39+00:00
SAO_7055-10,São Paulo,3550308,True,,34656,,,-23.6923765,-46.7911055,,,,2,2023-06-20T10:34:31+00:00
SAO_6010-10,São Paulo,3550308,True,,1202,,,-23.664981,-46.753156000000004,,,,1,2023-06-20T10:34:18+00:00
SAO_6010-10,São Paulo,3550308,True,,1202,,,-23.6938785,-46.7945825,,,,1,2023-06-20T10:34:45+00:00
SAO_6010-10,São Paulo,3550308,True,,1202,,,-23.6938785,-46.7945825,,,,1,2023-06-20T10:34:28+00:00
SAO_6010-10,São Paulo,3550308,False,,1202,,,-23.6938785,-46.7945825,,,,1,2023-06-20T10:34:42+00:00
SAO_6010-10,São Paulo,3550308,True,,1202,,,-23.6710125,-46.786587999999995,,,,1,2023-06-20T10:34:50+00:00
SAO_6010-10,São Paulo,3550308,True,,1202,,,-23.665741500000003,-46.7419035,,,,1,2023-06-20T10:34:21+00:00
SAO_6010-10,São Paulo,3550308,True,,1202,,,-23.6656035,-46.75419875,,,,1,2023-06-20T10:34:50+00:00
SAO_6010-10,São Paulo,3550308,True,,1202,,,-23.6938785,-46.7945825,,,,1,2023-06-20T10:34:22+00:00
SAO_5032-10,São Paulo,3550308,True,,34430,,,-23.598853,-46.5983385,,,,2,2023-06-20T10:34:11+00:00
SAO_5032-10,São Paulo,3550308,True,,34430,,,-23.602662000000002,-46.602517500000005,,,,2,2023-06-20T10:34:22+00:00
SAO_307C-10,São Paulo,3550308,True,,2114,,,-23.50869475,-46.375088,,,,1,2023-06-20T10:34:19+00:00
SAO_307C-10,São Paulo,3550308,True,,2114,,,-23.517999500000002,-46.3859925,,,,1,2023-06-20T10:34:28+00:00
SAO_307C-10,São Paulo,3550308,True,,2114,,,-23.51828025,-46.3879975,,,,1,2023-06-20T10:34:27+00:00
SAO_307C-10,São Paulo,3550308,True,,2114,,,-23.494943,-46.405331000000004,,,,1,2023-06-20T10:34:42+00:00
SAO_307C-10,São Paulo,3550308,True,,2114,,,-23.494611749999997,-46.414021250000005,,,,1,2023-06-20T10:34:49+00:00
SAO_1177-10,São Paulo,3550308,True,,129,,,-23.5076175,-46.4778793125,,,,1,2023-06-20T10:34:39+00:00
SAO_1177-10,São Paulo,3550308,True,,129,,,-23.526388000000004,-46.59639425,,,,1,2023-06-20T10:33:47+00:00
SAO_1177-10,São Paulo,3550308,True,,129,,,-23.518318999999998,-46.4758545,,,,1,2023-06-20T10:34:52+00:00
SAO_118C-10,São Paulo,3550308,True,,33287,,,-23.457838000000002,-46.672783499999994,,,,2,2023-06-20T10:34:21+00:00
SAO_118C-10,São Paulo,3550308,True,,33287,,,-23.4579625,-46.67248,,,,2,2023-06-20T10:34:40+00:00
SAO_5144-10,São Paulo,3550308,True,,1627,,,-23.601279875000003,-46.511615000000006,,,,1,2023-06-20T10:34:35+00:00
SAO_5144-10,São Paulo,3550308,True,,1627,,,-23.535161,-46.62126825,,,,1,2023-06-20T10:34:41+00:00
SAO_609F-10,São Paulo,3550308,True,BR7 Mobilidade,37,https://moovitapp.com/index/pt-br/transporte_p%C3%BAblico-line-37-Sao_Paulo-242-851856-596010-0,5.75,-23.6520225,-46.73388525,,,,1,2023-06-20T10:34:35+00:00
SAO_609F-10,São Paulo,3550308,True,BR7 Mobilidade,37,https://moovitapp.com/index/pt-br/transporte_p%C3%BAblico-line-37-Sao_Paulo-242-851856-596010-0,5.75,-23.6680755,-46.748797,,,,1,2023-06-20T10:34:13+00:00
SAO_609F-10,São Paulo,3550308,True,BR7 Mobilidade,37,https://moovitapp.com/index/pt-br/transporte_p%C3%BAblico-line-37-Sao_Paulo-242-851856-596010-0,5.75,-23.579705,-46.677246499999995,,,,1,2023-06-20T10:34:51+00:00
SAO_6823-10,São Paulo,3550308,True,,34,,,-23.6620835,-46.779673,,,,1,2023-06-20T10:34:55+00:00
SAO_407M-10,São Paulo,3550308,True,,318,,,-23.574362999999998,-46.615708,,,,1,2023-06-20T10:34:42+00:00
SAO_5759-31,São Paulo,3550308,True,,33907,,,-23.6947445,-46.64808025,,,,2,2023-06-20T10:34:17+00:00
SAO_5759-31,São Paulo,3550308,True,,33907,,,-23.6948495,-46.64830975,,,,2,2023-06-20T10:34:39+00:00
SAO_5759-31,São Paulo,3550308,True,,33907,,,-23.6948495,-46.64830975,,,,2,2023-06-20T10:34:16+00:00
SAO_8012-10,São Paulo,3550308,True,,2023,,,-23.564584000000004,-46.7133085,,,,1,2023-06-20T10:34:44+00:00
SAO_172J-10,São Paulo,3550308,True,,856,,,-23.5055275,-46.576886,,,,1,2023-06-20T10:34:55+00:00
SAO_172J-10,São Paulo,3550308,True,,856,,,-23.48156775,-46.56757825,,,,1,2023-06-20T10:31:42+00:00
SAO_172J-10,São Paulo,3550308,True,,856,,,-23.5399505,-46.576659,,,,1,2023-06-20T10:34:20+00:00
SAO_172J-10,São Paulo,3550308,True,,856,,,-23.52891,-46.5984955,,,,1,2023-06-20T10:34:00+00:00
SAO_6L11-10,São Paulo,3550308,True,,1167,,,-23.76300646875,-46.65440034375,,,,1,2023-06-20T10:34:25+00:00
SAO_6L11-10,São Paulo,3550308,True,,1167,,,-23.748095499999998,-46.68762275,,,,1,2023-06-20T10:34:48+00:00
SAO_6L11-10,São Paulo,3550308,True,,1167,,,-23.8034685,-46.632081,,,,1,2023-06-20T10:34:55+00:00
SAO_5757-10,São Paulo,3550308,True,,1288,,,-23.6354105,-46.641,,,,1,2023-06-20T10:34:34+00:00
SAO_5757-10,São Paulo,3550308,True,,1288,,,-23.686575,-46.633546,,,,1,2023-06-20T10:34:23+00:00
SAO_1020-10,São Paulo,3550308,True,,2497,,,-23.487195,-46.7152365,,,,1,2023-06-20T10:34:26+00:00
SAO_1020-10,São Paulo,3550308,True,,2497,,,-23.422752,-46.7247355,,,,1,2023-06-20T10:34:41+00:00
SAO_7059-10,São Paulo,3550308,True,,34692,,,-23.658105,-46.7818715,,,,2,2023-06-20T10:34:52+00:00
SAO_2720-10,São Paulo,3550308,True,,33701,,,-23.492872,-46.471083,,,,2,2023-06-20T10:34:47+00:00
SAO_2720-10,São Paulo,3550308,True,,33701,,,-23.493471,-46.470558,,,,2,2023-06-20T10:34:31+00:00
SAO_2720-10,São Paulo,3550308,True,,33701,,,-23.492762,-46.4711185,,,,2,2023-06-20T10:34:44+00:00
SAO_2720-10,São Paulo,3550308,True,,33701,,,-23.492129,-46.4711095,,,,2,2023-06-20T10:34:49+00:00
SAO_6012-10,São Paulo,3550308,True,,33972,,,-23.686754,-46.7876415,,,,2,2023-06-20T10:34:19+00:00
SAO_N303-11,São Paulo,3550308,True,,35105,,,-23.530926,-46.5373475,,,,2,2023-06-20T10:34:11+00:00
SAO_N245-11,São Paulo,3550308,True,,35102,,,-23.480023125,-46.643634,,,,2,2023-06-20T10:34:40+00:00
SAO_8545-10,São Paulo,3550308,True,,1364,,,-23.4644065,-46.695459,,,,1,2023-06-20T10:34:19+00:00
SAO_607C-10,São Paulo,3550308,True,,1977,,,-23.667998,-46.651894999999996,,,,1,2023-06-20T10:34:45+00:00
SAO_607C-10,São Paulo,3550308,True,,1977,,,-23.613201500000002,-46.6956785,,,,1,2023-06-20T10:34:48+00:00
SAO_4210-10,São Paulo,3550308,True,,2170,,,-23.540864,-46.536913,,,,1,2023-06-20T10:34:19+00:00
SAO_4210-10,São Paulo,3550308,True,,2170,,,-23.5833695,-46.407107499999995,,,,1,2023-06-20T10:34:53+00:00
SAO_4210-10,São Paulo,3550308,True,,2170,,,-23.594568000000002,-46.442451,,,,1,2023-06-20T10:34:33+00:00
SAO_4210-10,São Paulo,3550308,True,,2170,,,-23.5779885,-46.4994245,,,,1,2023-06-20T10:34:48+00:00
SAO_4210-10,São Paulo,3550308,True,,2170,,,-23.539786,-46.610667,,,,1,2023-06-20T10:34:29+00:00
SAO_3736-10,São Paulo,3550308,True,,33804,,,-23.5761605,-46.48341425,,,,2,2023-06-20T10:34:48+00:00
SAO_6805-10,São Paulo,3550308,True,,31,,,-23.650832,-46.7336145,,,,1,2023-06-20T10:34:28+00:00
SAO_6051-10,São Paulo,3550308,True,,33911,,,-23.770494499999998,-46.6997025,,,,2,2023-06-20T10:34:38+00:00
SAO_6051-10,São Paulo,3550308,True,,33911,,,-23.7621455,-46.689133,,,,2,2023-06-20T10:34:13+00:00
SAO_6051-10,São Paulo,3550308,True,,33911,,,-23.7628215,-46.688933500000005,,,,2,2023-06-20T10:34:42+00:00
SAO_6051-10,São Paulo,3550308,True,,33911,,,-23.7621455,-46.689133,,,,2,2023-06-20T10:34:40+00:00
SAO_8055-51,São Paulo,3550308,True,,33185,,,-23.483534,-46.7700375,,,,2,2023-06-20T10:34:21+00:00
SAO_8055-51,São Paulo,3550308,True,,33185,,,-23.435961875,-46.7861245,,,,2,2023-06-20T10:34:50+00:00
SAO_8055-51,São Paulo,3550308,True,,33185,,,-23.48328575,-46.77014375,,,,2,2023-06-20T10:34:12+00:00
SAO_8055-51,São Paulo,3550308,True,,33185,,,-23.437178499999998,-46.785956500000005,,,,2,2023-06-20T10:34:50+00:00
SAO_2182-10,São Paulo,3550308,True,STT,700,https://moovitapp.com/index/pt-br/transporte_p%C3%BAblico-line-700-Sao_Paulo-242-850661-183337-0,5.3,-23.481513999999997,-46.5715465,,,,1,2023-06-20T10:34:12+00:00
SAO_2182-10,São Paulo,3550308,True,STT,700,https://moovitapp.com/index/pt-br/transporte_p%C3%BAblico-line-700-Sao_Paulo-242-850661-183337-0,5.3,-23.4892825,-46.5740455,,,,1,2023-06-20T10:34:50+00:00
SAO_2182-10,São Paulo,3550308,True,STT,700,https://moovitapp.com/index/pt-br/transporte_p%C3%BAblico-line-700-Sao_Paulo-242-850661-183337-0,5.3,-23.5391325,-46.635174,,,,1,2023-06-20T10:34:48+00:00
SAO_2182-10,São Paulo,3550308,True,STT,700,https://moovitapp.com/index/pt-br/transporte_p%C3%BAblico-line-700-Sao_Paulo-242-850661-183337-0,5.3,-23.533794999999998,-46.602639874999994,,,,1,2023-06-20T10:34:53+00:00
SAO_7005-10,São Paulo,3550308,True,,34766,,,-23.684067,-46.769816500000005,,,,2,2023-06-20T10:34:37+00:00
SAO_7005-10,São Paulo,3550308,True,,34766,,,-23.7336855,-46.7826355,,,,2,2023-06-20T10:34:48+00:00
SAO_7005-10,São Paulo,3550308,True,,34766,,,-23.684067,-46.769816500000005,,,,2,2023-06-20T10:34:12+00:00
SAO_857A-10,São Paulo,3550308,True,,1925,,,-23.580516000000003,-46.663951,,,,1,2023-06-20T10:34:26+00:00
SAO_857A-10,São Paulo,3550308,True,,1925,,,-23.601738750000003,-46.74346475,,,,1,2023-06-20T10:34:48+00:00
SAO_5362-23,São Paulo,3550308,True,,1860,,,-23.668795375000002,-46.712006875,,,,1,2023-06-20T10:34:44+00:00
SAO_5362-23,São Paulo,3550308,True,,1860,,,-23.744477500000002,-46.6712645,,,,1,2023-06-20T10:34:51+00:00
SAO_5362-23,São Paulo,3550308,True,,1860,,,-23.756162,-46.670415000000006,,,,1,2023-06-20T10:34:21+00:00
SAO_5362-23,São Paulo,3550308,True,,1860,,,-23.730201,-46.698226000000005,,,,1,2023-06-20T10:34:29+00:00
SAO_7011-10,São Paulo,3550308,True,,1952,,,-23.708607999999998,-46.7920595,,,,1,2023-06-20T10:34:11+00:00
SAO_7011-10,São Paulo,3550308,True,,1952,,,-23.6894615,-46.77340325,,,,1,2023-06-20T10:34:19+00:00
SAO_637P-10,São Paulo,3550308,True,,47,,,-23.6497811875,-46.70390193750001,,,,1,2023-06-20T10:34:51+00:00
SAO_637P-10,São Paulo,3550308,True,,47,,,-23.6541465,-46.711351,,,,1,2023-06-20T10:34:31+00:00
SAO_637P-10,São Paulo,3550308,True,,47,,,-23.59324375,-46.672788,,,,1,2023-06-20T10:34:31+00:00
SAO_9008-10,São Paulo,3550308,True,,33643,,,-23.427988,-46.71467975,,,,2,2023-06-20T10:34:39+00:00
SAO_9008-10,São Paulo,3550308,True,,33643,,,-23.475020999999998,-46.670199,,,,2,2023-06-20T10:34:46+00:00
SAO_9008-10,São Paulo,3550308,True,,33643,,,-23.463238750000002,-46.682105750000005,,,,2,2023-06-20T10:34:51+00:00
SAO_9008-10,São Paulo,3550308,True,,33643,,,-23.427988,-46.71467975,,,,2,2023-06-20T10:34:37+00:00
SAO_9008-10,São Paulo,3550308,True,,33643,,,-23.471957875,-46.673949500000006,,,,2,2023-06-20T10:34:41+00:00
SAO_9008-10,São Paulo,3550308,True,,33643,,,-23.427988,-46.71467975,,,,2,2023-06-20T10:34:15+00:00
SAO_N406-11,São Paulo,3550308,True,,35130,,,-23.598233999999998,-46.459329499999996,,,,2,2023-06-20T10:34:27+00:00
SAO_978A-10,São Paulo,3550308,True,,1369,,,-23.481257,-46.674919,,,,1,2023-06-20T10:34:50+00:00
SAO_736I-10,São Paulo,3550308,True,STT,781,https://moovitapp.com/index/pt-br/transporte_p%C3%BAblico-line-781-Sao_Paulo-242-850661-183349-0,5.3,-23.64951875,-46.70788325,,,,1,2023-06-20T10:34:15+00:00
SAO_736I-10,São Paulo,3550308,True,STT,781,https://moovitapp.com/index/pt-br/transporte_p%C3%BAblico-line-781-Sao_Paulo-242-850661-183349-0,5.3,-23.639575875,-46.72260675,,,,1,2023-06-20T10:34:45+00:00
SAO_736I-10,São Paulo,3550308,True,STT,781,https://moovitapp.com/index/pt-br/transporte_p%C3%BAblico-line-781-Sao_Paulo-242-850661-183349-0,5.3,-23.632121249999997,-46.748679749999994,,,,1,2023-06-20T10:34:24+00:00
SAO_4491-10,São Paulo,3550308,True,EMTU,327,https://moovitapp.com/index/pt-br/transporte_p%C3%BAblico-line-327-Sao_Paulo-242-2038937-36419415-0,5.35,-23.630793249999996,-46.627562,,,,1,2023-06-20T10:34:46+00:00
SAO_7060-10,São Paulo,3550308,True,,1889,,,-23.6761975,-46.791579999999996,,,,1,2023-06-20T10:34:42+00:00
SAO_3721-10,São Paulo,3550308,True,,33787,,,-23.5634105,-46.5054495,,,,2,2023-06-20T10:34:30+00:00
SAO_3721-10,São Paulo,3550308,True,,33787,,,-23.5510705,-46.489706,,,,2,2023-06-20T10:34:30+00:00
SAO_2740-10,São Paulo,3550308,True,,1792,,,-23.49590225,-46.62386375,,,,1,2023-06-20T10:32:52+00:00
SAO_2740-10,São Paulo,3550308,True,,1792,,,-23.4597935,-46.644821500000006,,,,1,2023-06-20T10:34:50+00:00
SAO_3414-10,São Paulo,3550308,True,,33514,,,-23.546634500000003,-46.6300045,,,,2,2023-06-20T10:34:20+00:00
SAO_746V-10,São Paulo,3550308,True,,33560,,,-23.637686625,-46.76539687499999,,,,2,2023-06-20T10:34:56+00:00
SAO_746V-10,São Paulo,3550308,True,,33560,,,-23.62274625,-46.754206999999994,,,,2,2023-06-20T10:34:44+00:00
SAO_746V-10,São Paulo,3550308,True,,33560,,,-23.62274625,-46.754206999999994,,,,2,2023-06-20T10:34:11+00:00
SAO_5141-10,São Paulo,3550308,True,,1625,,,-23.549758625,-46.6060035,,,,1,2023-06-20T10:34:16+00:00
SAO_5141-10,São Paulo,3550308,True,,1625,,,-23.599866499999997,-46.5136975,,,,1,2023-06-20T10:34:26+00:00
SAO_8013-10,São Paulo,3550308,True,,800,,,-23.5209945,-46.72016,,,,1,2023-06-20T10:34:43+00:00
SAO_8013-10,São Paulo,3550308,True,,800,,,-23.4639335,-46.778933875,,,,1,2023-06-20T10:34:48+00:00
SAO_8013-10,São Paulo,3550308,True,,800,,,-23.4800995,-46.770947500000005,,,,1,2023-06-20T10:34:11+00:00
SAO_8013-10,São Paulo,3550308,True,,800,,,-23.431413,-46.7872125,,,,1,2023-06-20T10:34:11+00:00
SAO_8013-10,São Paulo,3550308,True,,800,,,-23.431413,-46.7872125,,,,1,2023-06-20T10:34:33+00:00
SAO_8013-10,São Paulo,3550308,True,,800,,,-23.431413,-46.7872125,,,,1,2023-06-20T10:34:23+00:00
SAO_N505-11,São Paulo,3550308,True,,2379,,,-23.5657815,-46.7010925,,,,1,2023-06-20T10:34:42+00:00
SAO_3026-10,São Paulo,3550308,True,,33730,,,-23.582628,-46.386314,,,,2,2023-06-20T10:34:35+00:00
SAO_3026-10,São Paulo,3550308,True,,33730,,,-23.561072000000003,-46.408786,,,,2,2023-06-20T10:34:51+00:00
SAO_3026-10,São Paulo,3550308,True,,33730,,,-23.5823965,-46.3866155,,,,2,2023-06-20T10:34:32+00:00
SAO_3141-10,São Paulo,3550308,True,,33502,,,-23.5473415,-46.629296499999995,,,,2,2023-06-20T10:34:38+00:00
SAO_3141-10,São Paulo,3550308,True,,33502,,,-23.6122965,-46.483047,,,,2,2023-06-20T10:34:41+00:00
SAO_3141-10,São Paulo,3550308,True,,33502,,,-23.6114525,-46.483546,,,,2,2023-06-20T10:34:39+00:00
SAO_1720-10,São Paulo,3550308,True,,33631,,,-23.493856,-46.568802,,,,2,2023-06-20T10:34:20+00:00
SAO_1720-10,São Paulo,3550308,True,,33631,,,-23.49213925,-46.5742385,,,,2,2023-06-20T10:32:17+00:00
SAO_2583-10,São Paulo,3550308,True,,33143,,,-23.510611750000002,-46.42148025,,,,2,2023-06-20T10:34:23+00:00
SAO_2583-10,São Paulo,3550308,True,,33143,,,-23.528928999999998,-46.554282,,,,2,2023-06-20T10:34:27+00:00
SAO_7458-10,São Paulo,3550308,True,EMTU,496,https://moovitapp.com/index/pt-br/transporte_p%C3%BAblico-line-496-Sao_Paulo-242-2038937-36419521-0,5.4,-23.580585,-46.7940725,,,,1,2023-06-20T10:34:36+00:00
SAO_7458-10,São Paulo,3550308,True,EMTU,496,https://moovitapp.com/index/pt-br/transporte_p%C3%BAblico-line-496-Sao_Paulo-242-2038937-36419521-0,5.4,-23.58389625,-46.779843625,,,,1,2023-06-20T10:34:33+00:00
SAO_6075-10,São Paulo,3550308,True,,33930,,,-23.797689499999997,-46.7382825,,,,2,2023-06-20T10:34:20+00:00
SAO_6075-10,São Paulo,3550308,True,,33930,,,-23.797689499999997,-46.7382825,,,,2,2023-06-20T10:34:27+00:00
SAO_6075-10,São Paulo,3550308,True,,33930,,,-23.792702,-46.7312005,,,,2,2023-06-20T10:34:40+00:00
SAO_6075-10,São Paulo,3550308,True,,33930,,,-23.797689499999997,-46.7382825,,,,2,2023-06-20T10:34:15+00:00
SAO_6075-10,São Paulo,3550308,True,,33930,,,-23.79731,-46.737770999999995,,,,2,2023-06-20T10:34:33+00:00
SAO_1021-10,São Paulo,3550308,True,,33601,,,-23.444254,-46.712253000000004,,,,2,2023-06-20T10:34:40+00:00
SAO_1021-10,São Paulo,3550308,True,,33601,,,-23.444605250000002,-46.7123045,,,,2,2023-06-20T10:34:14+00:00
SAO_1015-10,São Paulo,3550308,True,,34998,,,-23.432118687499997,-46.786837625000004,,,,2,2023-06-20T10:34:42+00:00
SAO_1015-10,São Paulo,3550308,True,,34998,,,-23.428017125000004,-46.787444875000006,,,,2,2023-06-20T10:34:53+00:00
SAO_6L07-10,São Paulo,3550308,True,,34313,,,-23.8313465,-46.711774500000004,,,,2,2023-06-20T10:34:25+00:00
SAO_6L07-10,São Paulo,3550308,True,,34313,,,-23.831447124999997,-46.712339625,,,,2,2023-06-20T10:34:29+00:00
SAO_6505-10,São Paulo,3550308,True,,1450,,,-23.665831500000003,-46.7126115,,,,1,2023-06-20T10:25:00+00:00
SAO_6505-10,São Paulo,3550308,True,,1450,,,-23.567838000000002,-46.6596756875,,,,1,2023-06-20T10:34:54+00:00
SAO_7550-10,São Paulo,3550308,True,,34861,,,-23.654273500000002,-46.712367,,,,2,2023-06-20T10:34:25+00:00
SAO_5035-10,São Paulo,3550308,True,,34436,,,-23.636254,-46.5934965,,,,2,2023-06-20T10:34:53+00:00
SAO_5035-10,São Paulo,3550308,True,,34436,,,-23.637237,-46.5923005,,,,2,2023-06-20T10:34:48+00:00
SAO_6913-10,São Paulo,3550308,True,,1465,,,-23.663378,-46.707454999999996,,,,1,2023-06-20T10:34:46+00:00
SAO_6913-10,São Paulo,3550308,True,,1465,,,-23.7183235,-46.698864,,,,1,2023-06-20T10:34:51+00:00
SAO_6913-10,São Paulo,3550308,True,,1465,,,-23.767560000000003,-46.7161905,,,,1,2023-06-20T10:34:13+00:00
SAO_6913-10,São Paulo,3550308,True,,1465,,,-23.757035000000002,-46.714078,,,,1,2023-06-20T10:34:25+00:00
SAO_6913-10,São Paulo,3550308,True,,1465,,,-23.63470675,-46.693451875,,,,1,2023-06-20T10:34:50+00:00
SAO_6455-10,São Paulo,3550308,True,,63,,,-23.644928,-46.7187175,,,,1,2023-06-20T10:34:24+00:00
SAO_6455-10,São Paulo,3550308,True,,63,,,-23.572684,-46.640971,,,,1,2023-06-20T10:34:42+00:00
SAO_N236-11,São Paulo,3550308,True,,35093,,,-23.49390775,-46.626114,,,,2,2023-06-20T10:33:55+00:00
SAO_172P-10,São Paulo,3550308,True,,858,,,-23.466649875,-46.583931375000006,,,,1,2023-06-20T10:31:41+00:00
SAO_172P-10,São Paulo,3550308,True,,858,,,-23.44281925,-46.5898795,,,,1,2023-06-20T10:34:15+00:00
SAO_172P-10,São Paulo,3550308,True,,858,,,-23.441876999999998,-46.5883755,,,,1,2023-06-20T10:34:27+00:00
SAO_172P-10,São Paulo,3550308,True,,858,,,-23.441848999999998,-46.588781499999996,,,,1,2023-06-20T10:34:16+00:00
SAO_172P-10,São Paulo,3550308,True,,858,,,-23.5089025,-46.5874085,,,,1,2023-06-20T10:34:50+00:00
SAO_5020-10,São Paulo,3550308,True,,1670,,,-23.6026135,-46.602717,,,,1,2023-06-20T10:34:42+00:00
SAO_5020-10,São Paulo,3550308,True,,1670,,,-23.600709625,-46.602829875000005,,,,1,2023-06-20T10:34:47+00:00
SAO_5106-31,São Paulo,3550308,True,,1305,,,-23.687447499999998,-46.655168,,,,1,2023-06-20T10:34:50+00:00
SAO_5106-31,São Paulo,3550308,True,,1305,,,-23.628226125,-46.643981375,,,,1,2023-06-20T10:34:36+00:00
SAO_3736-10,São Paulo,3550308,True,,1036,,,-23.575533,-46.4834125,,,,1,2023-06-20T10:34:43+00:00
SAO_3736-10,São Paulo,3550308,True,,1036,,,-23.575533,-46.4834125,,,,1,2023-06-20T10:34:26+00:00
SAO_3736-10,São Paulo,3550308,True,,1036,,,-23.567981500000002,-46.4748155,,,,1,2023-06-20T10:34:39+00:00
SAO_3736-10,São Paulo,3550308,True,,1036,,,-23.575533,-46.4834125,,,,1,2023-06-20T10:34:22+00:00
SAO_3736-10,São Paulo,3550308,True,,1036,,,-23.575533,-46.4834125,,,,1,2023-06-20T10:34:38+00:00
SAO_3736-10,São Paulo,3550308,True,,1036,,,-23.575533,-46.4834125,,,,1,2023-06-20T10:34:12+00:00
SAO_3736-10,São Paulo,3550308,True,,1036,,,-23.55672275,-46.47659075,,,,1,2023-06-20T10:34:47+00:00
SAO_3736-10,São Paulo,3550308,True,,1036,,,-23.575533,-46.4834125,,,,1,2023-06-20T10:34:45+00:00
SAO_3736-10,São Paulo,3550308,True,,1036,,,-23.5757775,-46.483808499999995,,,,1,2023-06-20T10:34:55+00:00
SAO_6017-10,São Paulo,3550308,True,,1206,,,-23.67147925,-46.7407125,,,,1,2023-06-20T10:34:17+00:00
SAO_6017-10,São Paulo,3550308,True,,1206,,,-23.646299499999998,-46.704412000000005,,,,1,2023-06-20T10:34:42+00:00
SAO_6017-10,São Paulo,3550308,True,,1206,,,-23.69816075,-46.773579999999995,,,,1,2023-06-20T10:34:16+00:00
SAO_8022-10,São Paulo,3550308,True,,34853,,,-23.566999000000003,-46.737678,,,,2,2023-06-20T10:34:20+00:00
SAO_8028-10,São Paulo,3550308,True,,2532,,,-23.618404499999997,-46.721607,,,,1,2023-06-20T10:34:46+00:00
SAO_8028-10,São Paulo,3550308,True,,2532,,,-23.589143,-46.722674125,,,,1,2023-06-20T10:34:23+00:00
SAO_8594-10,São Paulo,3550308,True,EMTU,432,https://moovitapp.com/index/pt-br/transporte_p%C3%BAblico-line-432-Sao_Paulo-242-2038937-36419486-0,4.8,-23.4754055,-46.724346749999995,,,,1,2023-06-20T10:34:45+00:00
SAO_8594-10,São Paulo,3550308,True,EMTU,432,https://moovitapp.com/index/pt-br/transporte_p%C3%BAblico-line-432-Sao_Paulo-242-2038937-36419486-0,4.8,-23.454868,-46.7477465,,,,1,2023-06-20T10:34:15+00:00
SAO_2626-10,São Paulo,3550308,True,,33144,,,-23.52012875,-46.405300000000004,,,,2,2023-06-20T10:34:26+00:00
SAO_3160-10,São Paulo,3550308,True,EMTU,125,https://moovitapp.com/index/pt-br/transporte_p%C3%BAblico-line-125-Sao_Paulo-242-2038937-36419283-0,5.15,-23.569909,-46.5875745,,,,1,2023-06-20T10:34:44+00:00
SAO_3160-10,São Paulo,3550308,True,EMTU,125,https://moovitapp.com/index/pt-br/transporte_p%C3%BAblico-line-125-Sao_Paulo-242-2038937-36419283-0,5.15,-23.5838375,-46.584777,,,,1,2023-06-20T10:34:21+00:00
SAO_3160-10,São Paulo,3550308,True,EMTU,125,https://moovitapp.com/index/pt-br/transporte_p%C3%BAblico-line-125-Sao_Paulo-242-2038937-36419283-0,5.15,-23.5838375,-46.584777,,,,1,2023-06-20T10:34:55+00:00
SAO_4286-10,São Paulo,3550308,True,,326,,,-23.604982,-46.536163,,,,1,2023-06-20T10:34:47+00:00
SAO_307C-10,São Paulo,3550308,True,,34882,,,-23.511165,-46.376099999999994,,,,2,2023-06-20T10:33:51+00:00
SAO_307C-10,São Paulo,3550308,True,,34882,,,-23.518417,-46.386925,,,,2,2023-06-20T10:34:42+00:00
SAO_307C-10,São Paulo,3550308,True,,34882,,,-23.51758025,-46.38544025,,,,2,2023-06-20T10:34:45+00:00
SAO_307C-10,São Paulo,3550308,True,,34882,,,-23.51110625,-46.3769415,,,,2,2023-06-20T10:33:37+00:00
SAO_6500-10,São Paulo,3550308,True,,46,,,-23.638920249999998,-46.696384,,,,1,2023-06-20T10:34:55+00:00
SAO_6500-10,São Paulo,3550308,True,,46,,,-23.578016750000003,-46.671012000000005,,,,1,2023-06-20T10:34:50+00:00
SAO_2724-10,São Paulo,3550308,True,,33706,,,-23.539782000000002,-46.482977500000004,,,,2,2023-06-20T10:34:23+00:00
SAO_2724-10,São Paulo,3550308,True,,33706,,,-23.5231775,-46.471551500000004,,,,2,2023-06-20T10:34:15+00:00
SAO_6050-10,São Paulo,3550308,True,,33993,,,-23.75149,-46.678267,,,,2,2023-06-20T10:34:50+00:00
SAO_6050-10,São Paulo,3550308,True,,33993,,,-23.7401655,-46.691473,,,,2,2023-06-20T10:34:32+00:00
SAO_1720-10,São Paulo,3550308,True,,863,,,-23.451027,-46.614735249999995,,,,1,2023-06-20T10:34:14+00:00
SAO_1720-10,São Paulo,3550308,True,,863,,,-23.494577,-46.568966,,,,1,2023-06-20T10:34:36+00:00
SAO_1720-10,São Paulo,3550308,True,,863,,,-23.493398374999998,-46.570461875,,,,1,2023-06-20T10:34:51+00:00
SAO_1720-10,São Paulo,3550308,True,,863,,,-23.444737,-46.61321,,,,1,2023-06-20T10:31:38+00:00
SAO_2059-10,São Paulo,3550308,True,Cidade de Caieiras,260,https://moovitapp.com/index/pt-br/transporte_p%C3%BAblico-line-260-Sao_Paulo-242-868761-496413-0,5.0,-23.539213250000003,-46.413863250000006,,,,1,2023-06-20T10:34:17+00:00
SAO_2059-10,São Paulo,3550308,True,Cidade de Caieiras,260,https://moovitapp.com/index/pt-br/transporte_p%C3%BAblico-line-260-Sao_Paulo-242-868761-496413-0,5.0,-23.4909655,-46.442477499999995,,,,1,2023-06-20T10:34:46+00:00
SAO_2059-10,São Paulo,3550308,True,Cidade de Caieiras,260,https://moovitapp.com/index/pt-br/transporte_p%C3%BAblico-line-260-Sao_Paulo-242-868761-496413-0,5.0,-23.513371,-46.426137,,,,1,2023-06-20T10:34:29+00:00
SAO_N737-11,São Paulo,3550308,True,,35186,,,-23.694651,-46.779804999999996,,,,2,2023-06-20T10:34:55+00:00
SAO_746C-10,São Paulo,3550308,True,STT,783,https://moovitapp.com/index/pt-br/transporte_p%C3%BAblico-line-783-Sao_Paulo-242-850661-183351-0,5.3,-23.6091595,-46.7512945,,,,1,2023-06-20T10:34:46+00:00
SAO_746C-10,São Paulo,3550308,True,STT,783,https://moovitapp.com/index/pt-br/transporte_p%C3%BAblico-line-783-Sao_Paulo-242-850661-183351-0,5.3,-23.6146005,-46.74248324999999,,,,1,2023-06-20T10:34:10+00:00
SAO_746C-10,São Paulo,3550308,True,STT,783,https://moovitapp.com/index/pt-br/transporte_p%C3%BAblico-line-783-Sao_Paulo-242-850661-183351-0,5.3,-23.6498405,-46.707801,,,,1,2023-06-20T10:34:48+00:00
SAO_746C-10,São Paulo,3550308,True,STT,783,https://moovitapp.com/index/pt-br/transporte_p%C3%BAblico-line-783-Sao_Paulo-242-850661-183351-0,5.3,-23.649848,-46.7090275,,,,1,2023-06-20T10:34:32+00:00
SAO_6057-10,São Paulo,3550308,True,,1148,,,-23.740912,-46.704578,,,,1,2023-06-20T10:34:48+00:00
SAO_6057-10,São Paulo,3550308,True,,1148,,,-23.740179,-46.69938775,,,,1,2023-06-20T10:31:32+00:00
SAO_175T-10,São Paulo,3550308,True,,623,,,-23.64071225,-46.641452,,,,1,2023-06-20T10:34:08+00:00
SAO_175T-10,São Paulo,3550308,True,,623,,,-23.643800749999997,-46.641321,,,,1,2023-06-20T10:34:46+00:00
SAO_175T-10,São Paulo,3550308,True,,623,,,-23.653689999999997,-46.6379405,,,,1,2023-06-20T10:34:10+00:00
SAO_175T-10,São Paulo,3550308,True,,623,,,-23.523408250000003,-46.63083175,,,,1,2023-06-20T10:33:56+00:00
SAO_175T-10,São Paulo,3550308,True,,623,,,-23.5031455,-46.6236635,,,,1,2023-06-20T10:34:46+00:00
SAO_175T-10,São Paulo,3550308,True,,623,,,-23.50882225,-46.62505362500001,,,,1,2023-06-20T10:34:47+00:00
SAO_119C-10,São Paulo,3550308,True,,661,,,-23.511703,-46.580884,,,,1,2023-06-20T10:32:18+00:00
SAO_119C-10,São Paulo,3550308,True,,661,,,-23.533135875,-46.644949499999996,,,,1,2023-06-20T10:34:40+00:00
SAO_5391-21,São Paulo,3550308,True,,1729,,,-23.663378,-46.707454999999996,,,,1,2023-06-20T10:34:37+00:00
SAO_476A-10,São Paulo,3550308,True,,304,,,-23.581494499999998,-46.6022415,,,,1,2023-06-20T10:34:39+00:00
SAO_476A-10,São Paulo,3550308,True,,304,,,-23.615032,-46.679569,,,,1,2023-06-20T10:34:47+00:00
SAO_6036-10,São Paulo,3550308,True,,33982,,,-23.651277,-46.757588999999996,,,,2,2023-06-20T10:34:30+00:00
SAO_6036-10,São Paulo,3550308,True,,33982,,,-23.65385975,-46.79008575,,,,2,2023-06-20T10:34:25+00:00
SAO_6036-10,São Paulo,3550308,True,,33982,,,-23.65385975,-46.79008575,,,,2,2023-06-20T10:34:41+00:00
SAO_6036-10,São Paulo,3550308,True,,33982,,,-23.65385975,-46.79008575,,,,2,2023-06-20T10:34:16+00:00
SAO_6036-10,São Paulo,3550308,True,,33982,,,-23.65385975,-46.79008575,,,,2,2023-06-20T10:34:20+00:00
SAO_6120-10,São Paulo,3550308,True,,33957,,,-23.76019175,-46.677102749999996,,,,2,2023-06-20T10:34:15+00:00
SAO_407P-10,São Paulo,3550308,True,,34968,,,-23.583129,-46.4092945,,,,2,2023-06-20T10:34:49+00:00
SAO_407P-10,São Paulo,3550308,True,,34968,,,-23.58274,-46.4097125,,,,2,2023-06-20T10:34:20+00:00
SAO_407P-10,São Paulo,3550308,True,,34968,,,-23.583091000000003,-46.4080965,,,,2,2023-06-20T10:34:15+00:00
SAO_233C-10,São Paulo,3550308,True,,155,,,-23.533861375,-46.49110987500001,,,,1,2023-06-20T10:34:17+00:00
SAO_233C-10,São Paulo,3550308,True,,155,,,-23.554957,-46.558953,,,,1,2023-06-20T10:34:34+00:00
SAO_233C-10,São Paulo,3550308,True,,155,,,-23.523995749999997,-46.47512025,,,,1,2023-06-20T10:34:10+00:00
SAO_6826-10,São Paulo,3550308,True,,32784,,,-23.673772,-46.797123,,,,2,2023-06-20T10:34:43+00:00
SAO_6001-10,São Paulo,3550308,True,,32820,,,-23.6438595,-46.731730999999996,,,,2,2023-06-20T10:34:31+00:00
SAO_6001-10,São Paulo,3550308,True,,32820,,,-23.6542185,-46.7133365,,,,2,2023-06-20T10:34:43+00:00
SAO_8319-10,São Paulo,3550308,True,,476,,,-23.5531505,-46.751837,,,,1,2023-06-20T10:34:31+00:00
SAO_8319-10,São Paulo,3550308,True,,476,,,-23.5249595,-46.695667125,,,,1,2023-06-20T10:34:28+00:00
SAO_637A-10,São Paulo,3550308,True,,185,,,-23.571728999999998,-46.69021325,,,,1,2023-06-20T10:34:48+00:00
SAO_637A-10,São Paulo,3550308,True,,185,,,-23.588017999999998,-46.6904035,,,,1,2023-06-20T10:34:35+00:00
SAO_637A-10,São Paulo,3550308,True,,185,,,-23.690886,-46.774112,,,,1,2023-06-20T10:34:24+00:00
SAO_637A-10,São Paulo,3550308,True,,185,,,-23.648016499999997,-46.724995,,,,1,2023-06-20T10:34:51+00:00
SAO_637A-10,São Paulo,3550308,True,,185,,,-23.6677405,-46.73030275,,,,1,2023-06-20T10:34:46+00:00
SAO_637A-10,São Paulo,3550308,True,,185,,,-23.677487,-46.761376,,,,1,2023-06-20T10:34:16+00:00
SAO_6036-10,São Paulo,3550308,True,,1214,,,-23.65436375,-46.760079499999996,,,,1,2023-06-20T10:34:43+00:00
SAO_6036-10,São Paulo,3550308,True,,1214,,,-23.6538115,-46.789655499999995,,,,1,2023-06-20T10:34:41+00:00
SAO_6036-10,São Paulo,3550308,True,,1214,,,-23.6539115,-46.789851999999996,,,,1,2023-06-20T10:34:50+00:00
SAO_6036-10,São Paulo,3550308,True,,1214,,,-23.6395135,-46.780288,,,,1,2023-06-20T10:34:53+00:00
SAO_6036-10,São Paulo,3550308,True,,1214,,,-23.643054499999998,-46.724938,,,,1,2023-06-20T10:34:55+00:00
SAO_2731-10,São Paulo,3550308,True,,946,,,-23.537851125000003,-46.455333,,,,1,2023-06-20T10:34:20+00:00
SAO_2731-10,São Paulo,3550308,True,,946,,,-23.542220999999998,-46.472346,,,,1,2023-06-20T10:34:46+00:00
SAO_2731-10,São Paulo,3550308,True,,946,,,-23.51646975,-46.43272575,,,,1,2023-06-20T10:34:08+00:00
SAO_2731-10,São Paulo,3550308,True,,946,,,-23.531547124999996,-46.453197,,,,1,2023-06-20T10:34:09+00:00
SAO_2731-10,São Paulo,3550308,True,,946,,,-23.517191500000003,-46.438682,,,,1,2023-06-20T10:34:46+00:00
SAO_502J-10,São Paulo,3550308,True,,34043,,,-23.7058085,-46.6886045,,,,2,2023-06-20T10:34:46+00:00
SAO_502J-10,São Paulo,3550308,True,,34043,,,-23.705616499999998,-46.688542999999996,,,,2,2023-06-20T10:34:30+00:00
SAO_4288-10,São Paulo,3550308,True,Cidade de Caieiras,290,https://moovitapp.com/index/pt-br/transporte_p%C3%BAblico-line-290-Sao_Paulo-242-868761-496416-0,5.0,-23.58680975,-46.580408999999996,,,,1,2023-06-20T10:34:32+00:00
SAO_4288-10,São Paulo,3550308,True,Cidade de Caieiras,290,https://moovitapp.com/index/pt-br/transporte_p%C3%BAblico-line-290-Sao_Paulo-242-868761-496416-0,5.0,-23.606246749999997,-46.51383925,,,,1,2023-06-20T10:34:44+00:00
SAO_2079-10,São Paulo,3550308,True,,370,,,-23.4983815,-46.395984,,,,1,2023-06-20T10:34:10+00:00
SAO_2079-10,São Paulo,3550308,True,,370,,,-23.497270999999998,-46.39964,,,,1,2023-06-20T10:34:26+00:00
SAO_8000-10,São Paulo,3550308,True,,1273,,,-23.54132525,-46.64217575,,,,1,2023-06-20T10:34:32+00:00
SAO_1178-31,São Paulo,3550308,True,,34580,,,-23.5043785,-46.433822,,,,2,2023-06-20T10:34:21+00:00
SAO_6803-10,São Paulo,3550308,True,BR7 Mobilidade,29,https://moovitapp.com/index/pt-br/transporte_p%C3%BAblico-line-29-Sao_Paulo-242-851856-500111-0,5.75,-23.643904499999998,-46.742538499999995,,,,1,2023-06-20T10:34:55+00:00
SAO_6803-10,São Paulo,3550308,True,BR7 Mobilidade,29,https://moovitapp.com/index/pt-br/transporte_p%C3%BAblico-line-29-Sao_Paulo-242-851856-500111-0,5.75,-23.654829,-46.7538775,,,,1,2023-06-20T10:34:55+00:00
SAO_2290-10,São Paulo,3550308,True,,33486,,,-23.543120000000002,-46.549295,,,,2,2023-06-20T10:34:30+00:00
SAO_2290-10,São Paulo,3550308,True,,33486,,,-23.551271999999997,-46.5315135,,,,2,2023-06-20T10:34:49+00:00
SAO_2290-10,São Paulo,3550308,True,,33486,,,-23.593664125,-46.488393499999994,,,,2,2023-06-20T10:34:30+00:00
SAO_2290-10,São Paulo,3550308,True,,33486,,,-23.613355,-46.476290500000005,,,,2,2023-06-20T10:34:46+00:00
SAO_2290-10,São Paulo,3550308,True,,33486,,,-23.542583,-46.54966025,,,,2,2023-06-20T10:34:45+00:00
SAO_6818-10,São Paulo,3550308,True,,32796,,,-23.655412,-46.7718625,,,,2,2023-06-20T10:34:47+00:00
SAO_274P-10,São Paulo,3550308,True,Grupo Vida,232,https://moovitapp.com/index/pt-br/transporte_p%C3%BAblico-line-232-Sao_Paulo-242-887112-748347-0,5.3,-23.520417875,-46.535181875,,,,1,2023-06-20T10:34:54+00:00
SAO_6035-21,São Paulo,3550308,True,,1795,,,-23.724944,-46.760373,,,,1,2023-06-20T10:34:55+00:00
SAO_6035-21,São Paulo,3550308,True,,1795,,,-23.720715499999997,-46.755851,,,,1,2023-06-20T10:34:35+00:00
SAO_3023-10,São Paulo,3550308,True,Urubupungá,960,https://moovitapp.com/index/pt-br/transporte_p%C3%BAblico-line-960-Sao_Paulo-242-873835-31663702-0,4.6,-23.612836,-46.4765925,,,,1,2023-06-20T10:34:51+00:00
SAO_3023-10,São Paulo,3550308,True,Urubupungá,960,https://moovitapp.com/index/pt-br/transporte_p%C3%BAblico-line-960-Sao_Paulo-242-873835-31663702-0,4.6,-23.563608000000002,-46.5053735,,,,1,2023-06-20T10:34:40+00:00
SAO_3023-10,São Paulo,3550308,True,Urubupungá,960,https://moovitapp.com/index/pt-br/transporte_p%C3%BAblico-line-960-Sao_Paulo-242-873835-31663702-0,4.6,-23.570335,-46.507471374999994,,,,1,2023-06-20T10:34:43+00:00
SAO_695X-10,São Paulo,3550308,True,,34209,,,-23.767454999999998,-46.716910999999996,,,,2,2023-06-20T10:34:53+00:00
SAO_695X-10,São Paulo,3550308,True,,34209,,,-23.74034425,-46.70397575,,,,2,2023-06-20T10:34:53+00:00
SAO_695X-10,São Paulo,3550308,True,,34209,,,-23.767516,-46.7165655,,,,2,2023-06-20T10:34:18+00:00
SAO_807P-10,São Paulo,3550308,True,,2099,,,-23.615980999999998,-46.721008499999996,,,,1,2023-06-20T10:34:28+00:00
SAO_807P-10,São Paulo,3550308,True,,2099,,,-23.615980999999998,-46.721008499999996,,,,1,2023-06-20T10:34:51+00:00
SAO_5018-10,São Paulo,3550308,True,,1492,,,-23.69066175,-46.648652999999996,,,,1,2023-06-20T10:34:26+00:00
SAO_5018-10,São Paulo,3550308,True,,1492,,,-23.6746865625,-46.6756479375,,,,1,2023-06-20T10:34:50+00:00
SAO_5018-10,São Paulo,3550308,True,,1492,,,-23.670898,-46.646756999999994,,,,1,2023-06-20T10:34:42+00:00
SAO_6045-10,São Paulo,3550308,True,,33990,,,-23.69435,-46.794564,,,,2,2023-06-20T10:34:21+00:00
SAO_6045-10,São Paulo,3550308,True,,33990,,,-23.694454,-46.794375,,,,2,2023-06-20T10:34:47+00:00
SAO_6045-10,São Paulo,3550308,True,,33990,,,-23.650330500000003,-46.708101,,,,2,2023-06-20T10:34:13+00:00
SAO_2772-10,São Paulo,3550308,True,,398,,,-23.510089,-46.411068,,,,1,2023-06-20T10:34:47+00:00
SAO_2772-10,São Paulo,3550308,True,,398,,,-23.507387,-46.479367999999994,,,,1,2023-06-20T10:34:35+00:00
SAO_3725-41,São Paulo,3550308,True,,1531,,,-23.5325795,-46.531303,,,,1,2023-06-20T10:34:34+00:00
SAO_3725-41,São Paulo,3550308,True,,1531,,,-23.5325795,-46.531303,,,,1,2023-06-20T10:34:39+00:00
SAO_695X-10,São Paulo,3550308,True,,1441,,,-23.74073,-46.70446725,,,,1,2023-06-20T10:34:29+00:00
SAO_695X-10,São Paulo,3550308,True,,1441,,,-23.639715125,-46.668864375,,,,1,2023-06-20T10:34:38+00:00
SAO_695X-10,São Paulo,3550308,True,,1441,,,-23.6728775,-46.677516499999996,,,,1,2023-06-20T10:34:31+00:00
SAO_695X-10,São Paulo,3550308,True,,1441,,,-23.713739750000002,-46.69859025,,,,1,2023-06-20T10:34:49+00:00
SAO_6837-10,São Paulo,3550308,True,,6,,,-23.62682075,-46.76171425,,,,1,2023-06-20T10:34:18+00:00
SAO_6837-10,São Paulo,3550308,True,,6,,,-23.6161065,-46.739967,,,,1,2023-06-20T10:34:27+00:00
SAO_6837-10,São Paulo,3550308,True,,6,,,-23.6161065,-46.739967,,,,1,2023-06-20T10:34:27+00:00
SAO_6837-10,São Paulo,3550308,True,,6,,,-23.654101,-46.763310000000004,,,,1,2023-06-20T10:34:18+00:00
SAO_6450-10,São Paulo,3550308,True,,32827,,,-23.558258000000002,-46.653583999999995,,,,2,2023-06-20T10:34:51+00:00
SAO_6450-10,São Paulo,3550308,True,,32827,,,-23.6542305,-46.7623055,,,,2,2023-06-20T10:34:31+00:00
SAO_3069-10,São Paulo,3550308,True,,984,,,-23.612609,-46.476212000000004,,,,1,2023-06-20T10:34:37+00:00
SAO_3069-10,São Paulo,3550308,True,,984,,,-23.6217255,-46.428338499999995,,,,1,2023-06-20T10:34:32+00:00
SAO_3069-10,São Paulo,3550308,True,,984,,,-23.61795,-46.411443000000006,,,,1,2023-06-20T10:34:49+00:00
SAO_3069-10,São Paulo,3550308,True,,984,,,-23.620516000000002,-46.4668725,,,,1,2023-06-20T10:34:39+00:00
SAO_3069-10,São Paulo,3550308,True,,984,,,-23.622589,-46.44684975,,,,1,2023-06-20T10:34:49+00:00
SAO_746C-10,São Paulo,3550308,True,,33551,,,-23.608888999999998,-46.750856,,,,2,2023-06-20T10:34:47+00:00
SAO_746C-10,São Paulo,3550308,True,,33551,,,-23.650399,-46.7076415,,,,2,2023-06-20T10:34:28+00:00
SAO_178T-10,São Paulo,3550308,True,,33333,,,-23.53098,-46.734971,,,,2,2023-06-20T10:34:17+00:00
SAO_178T-10,São Paulo,3550308,True,,33333,,,-23.503025,-46.6242335,,,,2,2023-06-20T10:34:19+00:00
SAO_178T-10,São Paulo,3550308,True,,33333,,,-23.503914,-46.6938995,,,,2,2023-06-20T10:34:13+00:00
SAO_178T-10,São Paulo,3550308,True,,33333,,,-23.503125,-46.6245765,,,,2,2023-06-20T10:34:40+00:00
SAO_524M-10,São Paulo,3550308,True,,1631,,,-23.5641745,-46.505159,,,,1,2023-06-20T10:34:36+00:00
SAO_524M-10,São Paulo,3550308,True,,1631,,,-23.5761115,-46.51551475,,,,1,2023-06-20T10:34:27+00:00
SAO_524M-10,São Paulo,3550308,True,,1631,,,-23.6224075,-46.494961,,,,1,2023-06-20T10:34:44+00:00
SAO_524M-10,São Paulo,3550308,True,,1631,,,-23.5837225,-46.51934125,,,,1,2023-06-20T10:34:47+00:00
SAO_524M-10,São Paulo,3550308,True,,1631,,,-23.614496,-46.500415000000004,,,,1,2023-06-20T10:34:50+00:00
SAO_524M-10,São Paulo,3550308,True,,1631,,,-23.601989,-46.498812,,,,1,2023-06-20T10:34:55+00:00
SAO_N507-11,São Paulo,3550308,True,,35149,,,-23.584865999999998,-46.582376499999995,,,,2,2023-06-20T10:34:46+00:00
SAO_N507-11,São Paulo,3550308,True,,35149,,,-23.5846995,-46.583796,,,,2,2023-06-20T10:34:51+00:00
SAO_502J-10,São Paulo,3550308,True,,1275,,,-23.68709,-46.667902,,,,1,2023-06-20T10:34:22+00:00
SAO_6099-10,São Paulo,3550308,True,,34355,,,-23.843864,-46.7435405,,,,2,2023-06-20T10:34:20+00:00
SAO_6099-10,São Paulo,3550308,True,,34355,,,-23.736596499999997,-46.6971045,,,,2,2023-06-20T10:34:32+00:00
SAO_6099-10,São Paulo,3550308,True,,34355,,,-23.840681124999996,-46.739284,,,,2,2023-06-20T10:34:55+00:00
SAO_8015-10,São Paulo,3550308,True,,1345,,,-23.405001,-46.751622999999995,,,,1,2023-06-20T10:34:55+00:00
SAO_8015-10,São Paulo,3550308,True,,1345,,,-23.462367,-46.714346500000005,,,,1,2023-06-20T10:34:22+00:00
SAO_8015-10,São Paulo,3550308,True,,1345,,,-23.389069499999998,-46.734939,,,,1,2023-06-20T10:34:39+00:00
SAO_9011-10,São Paulo,3550308,True,,33646,,,-23.47494,-46.67014399999999,,,,2,2023-06-20T10:34:34+00:00
SAO_9011-10,São Paulo,3550308,True,,33646,,,-23.47494,-46.67014399999999,,,,2,2023-06-20T10:34:01+00:00
SAO_9011-10,São Paulo,3550308,True,,33646,,,-23.45467,-46.738116000000005,,,,2,2023-06-20T10:34:12+00:00
SAO_9011-10,São Paulo,3550308,True,,33646,,,-23.47494,-46.67014399999999,,,,2,2023-06-20T10:34:25+00:00
SAO_9011-10,São Paulo,3550308,True,,33646,,,-23.47494,-46.67014399999999,,,,2,2023-06-20T10:33:48+00:00
SAO_8528-10,São Paulo,3550308,True,,33343,,,-23.542097374999997,-46.640096375,,,,2,2023-06-20T10:34:50+00:00
SAO_6057-10,São Paulo,3550308,True,,33916,,,-23.766202,-46.7087025,,,,2,2023-06-20T10:34:36+00:00
SAO_6057-10,São Paulo,3550308,True,,33916,,,-23.7471885,-46.708067,,,,2,2023-06-20T10:34:53+00:00
SAO_6057-10,São Paulo,3550308,True,,33916,,,-23.7626735,-46.703582,,,,2,2023-06-20T10:34:36+00:00
SAO_736I-10,São Paulo,3550308,True,,33549,,,-23.650086,-46.7077355,,,,2,2023-06-20T10:34:48+00:00
SAO_574R-10,São Paulo,3550308,True,,1623,,,-23.61408,-46.5008325,,,,1,2023-06-20T10:34:50+00:00
SAO_574R-10,São Paulo,3550308,True,,1623,,,-23.61408,-46.5008325,,,,1,2023-06-20T10:34:44+00:00
SAO_574R-10,São Paulo,3550308,True,,1623,,,-23.57824575,-46.54481725,,,,1,2023-06-20T10:34:45+00:00
SAO_574R-10,São Paulo,3550308,True,,1623,,,-23.61408,-46.5008325,,,,1,2023-06-20T10:34:39+00:00
SAO_648P-10,São Paulo,3550308,True,,66,,,-23.6196645,-46.6979995,,,,1,2023-06-20T10:34:17+00:00
SAO_N832-11,São Paulo,3550308,True,,35199,,,-23.529435499999998,-46.738381125,,,,2,2023-06-20T10:34:28+00:00
SAO_3795-10,São Paulo,3550308,True,,1073,,,-23.542434,-46.471034,,,,1,2023-06-20T10:34:24+00:00
SAO_3795-10,São Paulo,3550308,True,,1073,,,-23.56271125,-46.43039475,,,,1,2023-06-20T10:33:33+00:00
SAO_3795-10,São Paulo,3550308,True,,1073,,,-23.5540365,-46.413395,,,,1,2023-06-20T10:33:40+00:00
SAO_2100-10,São Paulo,3550308,True,STT,713,https://moovitapp.com/index/pt-br/transporte_p%C3%BAblico-line-713-Sao_Paulo-242-850661-183342-0,5.3,-23.5587215,-46.522659000000004,,,,1,2023-06-20T10:34:34+00:00
SAO_2100-10,São Paulo,3550308,True,STT,713,https://moovitapp.com/index/pt-br/transporte_p%C3%BAblico-line-713-Sao_Paulo-242-850661-183342-0,5.3,-23.5587215,-46.522659000000004,,,,1,2023-06-20T10:34:31+00:00
SAO_2100-10,São Paulo,3550308,True,STT,713,https://moovitapp.com/index/pt-br/transporte_p%C3%BAblico-line-713-Sao_Paulo-242-850661-183342-0,5.3,-23.5626605,-46.552065,,,,1,2023-06-20T10:34:22+00:00
SAO_2100-10,São Paulo,3550308,True,STT,713,https://moovitapp.com/index/pt-br/transporte_p%C3%BAblico-line-713-Sao_Paulo-242-850661-183342-0,5.3,-23.5587215,-46.522659000000004,,,,1,2023-06-20T10:34:51+00:00
SAO_6970-10,São Paulo,3550308,True,,34273,,,-23.654252,-46.711555000000004,,,,2,2023-06-20T10:34:48+00:00
SAO_6970-10,São Paulo,3550308,True,,34273,,,-23.7379855,-46.697920999999994,,,,2,2023-06-20T10:34:24+00:00
SAO_6970-10,São Paulo,3550308,True,,34273,,,-23.654252,-46.711555000000004,,,,2,2023-06-20T10:34:40+00:00
SAO_6970-10,São Paulo,3550308,True,,34273,,,-23.661460500000004,-46.706833,,,,2,2023-06-20T10:34:15+00:00
SAO_6970-10,São Paulo,3550308,True,,34273,,,-23.654252,-46.711555000000004,,,,2,2023-06-20T10:34:19+00:00
SAO_546J-31,São Paulo,3550308,True,,34783,,,-23.68778,-46.65928825,,,,2,2023-06-20T10:34:45+00:00
SAO_3735-10,São Paulo,3550308,True,,1035,,,-23.540855999999998,-46.4849405,,,,1,2023-06-20T10:34:41+00:00
SAO_3735-10,São Paulo,3550308,True,,1035,,,-23.540855999999998,-46.4849405,,,,1,2023-06-20T10:34:30+00:00
SAO_6840-10,São Paulo,3550308,True,,32969,,,-23.741766,-46.8007565,,,,2,2023-06-20T10:34:10+00:00
SAO_6840-10,São Paulo,3550308,True,,32969,,,-23.731146000000003,-46.785866999999996,,,,2,2023-06-20T10:34:19+00:00
SAO_6840-10,São Paulo,3550308,True,,32969,,,-23.731476999999998,-46.7859925,,,,2,2023-06-20T10:34:36+00:00
SAO_6840-10,São Paulo,3550308,True,,32969,,,-23.741766,-46.8007565,,,,2,2023-06-20T10:34:29+00:00
SAO_6840-10,São Paulo,3550308,True,,32969,,,-23.741766,-46.8007565,,,,2,2023-06-20T10:34:12+00:00
SAO_2008-10,São Paulo,3550308,True,,33665,,,-23.496636125,-46.40131925,,,,2,2023-06-20T10:34:47+00:00
SAO_3046-10,São Paulo,3550308,True,,971,,,-23.580630749999997,-46.533065500000006,,,,1,2023-06-20T10:34:12+00:00
SAO_3046-10,São Paulo,3550308,True,,971,,,-23.580204000000002,-46.5255565,,,,1,2023-06-20T10:34:45+00:00
SAO_677A-10,São Paulo,3550308,True,,34007,,,-23.689531625,-46.77363325,,,,2,2023-06-20T10:34:11+00:00
SAO_677A-10,São Paulo,3550308,True,,34007,,,-23.6757445,-46.7539985,,,,2,2023-06-20T10:34:52+00:00
SAO_677A-10,São Paulo,3550308,True,,34007,,,-23.675437000000002,-46.749057,,,,2,2023-06-20T10:34:49+00:00
SAO_677A-10,São Paulo,3550308,True,,34007,,,-23.683030000000002,-46.7687525,,,,2,2023-06-20T10:34:23+00:00
SAO_6110-10,São Paulo,3550308,True,,33952,,,-23.74111375,-46.708561,,,,2,2023-06-20T10:34:36+00:00
SAO_6110-10,São Paulo,3550308,True,,33952,,,-23.757312,-46.7053825,,,,2,2023-06-20T10:30:01+00:00
SAO_6110-10,São Paulo,3550308,True,,33952,,,-23.7570445,-46.7057305,,,,2,2023-06-20T10:34:48+00:00
SAO_8622-10,São Paulo,3550308,True,,33206,,,-23.446013999999998,-46.798125999999996,,,,2,2023-06-20T10:34:09+00:00
SAO_8622-10,São Paulo,3550308,True,,33206,,,-23.479710999999998,-46.77044325,,,,2,2023-06-20T10:34:26+00:00
SAO_8622-10,São Paulo,3550308,True,,33206,,,-23.426703000000003,-46.787310500000004,,,,2,2023-06-20T10:34:35+00:00
SAO_938L-10,São Paulo,3550308,True,,1368,,,-23.4850435,-46.6807295,,,,1,2023-06-20T10:34:44+00:00
SAO_4035-10,São Paulo,3550308,True,,2560,,,-23.542816000000002,-46.41439175,,,,1,2023-06-20T10:34:16+00:00
SAO_4035-10,São Paulo,3550308,True,,2560,,,-23.542741499999998,-46.470274,,,,1,2023-06-20T10:34:39+00:00
SAO_5185-10,São Paulo,3550308,True,,34076,,,-23.668242,-46.7355055,,,,2,2023-06-20T10:34:22+00:00
SAO_1701-10,São Paulo,3550308,True,EMTU,845,https://moovitapp.com/index/pt-br/transporte_p%C3%BAblico-line-845-Sao_Paulo-242-2038937-36419607-0,5.15,-23.4669645,-46.589884999999995,,,,1,2023-06-20T10:34:51+00:00
SAO_5175-10,São Paulo,3550308,True,,593,,,-23.702959,-46.650104999999996,,,,1,2023-06-20T10:34:45+00:00
SAO_5175-10,São Paulo,3550308,True,,593,,,-23.682858000000003,-46.638799000000006,,,,1,2023-06-20T10:34:48+00:00
SAO_5175-10,São Paulo,3550308,True,,593,,,-23.659462,-46.679497,,,,1,2023-06-20T10:34:35+00:00
SAO_5143-10,São Paulo,3550308,True,,1628,,,-23.614242,-46.501176,,,,1,2023-06-20T10:34:28+00:00
SAO_5143-10,São Paulo,3550308,True,,1628,,,-23.6024465,-46.519937999999996,,,,1,2023-06-20T10:34:53+00:00
SAO_N141-11,São Paulo,3550308,True,,35065,,,-23.470343999999997,-46.6764595,,,,2,2023-06-20T10:34:41+00:00
SAO_477P-10,São Paulo,3550308,True,EMTU,348,https://moovitapp.com/index/pt-br/transporte_p%C3%BAblico-line-348-Sao_Paulo-242-2038937-36419431-0,5.1,-23.604099375000004,-46.658086125000004,,,,1,2023-06-20T10:34:51+00:00
SAO_477P-10,São Paulo,3550308,True,EMTU,348,https://moovitapp.com/index/pt-br/transporte_p%C3%BAblico-line-348-Sao_Paulo-242-2038937-36419431-0,5.1,-23.576978,-46.722523499999994,,,,1,2023-06-20T10:34:37+00:00
SAO_477P-10,São Paulo,3550308,True,EMTU,348,https://moovitapp.com/index/pt-br/transporte_p%C3%BAblico-line-348-Sao_Paulo-242-2038937-36419431-0,5.1,-23.58113775,-46.6139315,,,,1,2023-06-20T10:34:29+00:00
SAO_6016-10,São Paulo,3550308,True,,32852,,,-23.7386215,-46.6918455,,,,2,2023-06-20T10:34:55+00:00
SAO_6016-10,São Paulo,3550308,True,,32852,,,-23.7713715,-46.673497499999996,,,,2,2023-06-20T10:34:45+00:00
SAO_6016-10,São Paulo,3550308,True,,32852,,,-23.7656725,-46.6840095,,,,2,2023-06-20T10:34:30+00:00
SAO_6804-10,São Paulo,3550308,True,BR7 Mobilidade,30,https://moovitapp.com/index/pt-br/transporte_p%C3%BAblico-line-30-Sao_Paulo-242-851856-500112-0,5.75,-23.6439105,-46.7348865,,,,1,2023-06-20T10:34:37+00:00
SAO_N840-11,São Paulo,3550308,True,,35207,,,-23.58123725,-46.63910325,,,,2,2023-06-20T10:34:41+00:00
SAO_8686-10,São Paulo,3550308,True,,33214,,,-23.48884275,-46.74307775,,,,2,2023-06-20T10:34:17+00:00
SAO_807A-10,São Paulo,3550308,True,,1900,,,-23.639127,-46.76684,,,,1,2023-06-20T10:34:22+00:00
SAO_2717-10,São Paulo,3550308,True,,33698,,,-23.529042,-46.5171655,,,,2,2023-06-20T10:34:39+00:00
SAO_2717-10,São Paulo,3550308,True,,33698,,,-23.529042,-46.5171655,,,,2,2023-06-20T10:34:13+00:00
SAO_695T-10,São Paulo,3550308,True,,34090,,,-23.654127000000003,-46.762448000000006,,,,2,2023-06-20T10:34:36+00:00
SAO_5020-10,São Paulo,3550308,True,,34438,,,-23.6102245,-46.59347325,,,,2,2023-06-20T10:34:23+00:00
SAO_5020-10,São Paulo,3550308,True,,34438,,,-23.598135499999998,-46.602278999999996,,,,2,2023-06-20T10:34:37+00:00
SAO_6L10-10,São Paulo,3550308,True,,1159,,,-23.766939,-46.716361,,,,1,2023-06-20T10:34:23+00:00
SAO_6L10-10,São Paulo,3550308,True,,1159,,,-23.767440999999998,-46.716431,,,,1,2023-06-20T10:34:24+00:00
SAO_6L10-10,São Paulo,3550308,True,,1159,,,-23.769605,-46.7179785,,,,1,2023-06-20T10:34:50+00:00
SAO_6L10-10,São Paulo,3550308,True,,1159,,,-23.767440999999998,-46.716431,,,,1,2023-06-20T10:34:19+00:00
SAO_6091-10,São Paulo,3550308,True,,33943,,,-23.7740245,-46.72119075,,,,2,2023-06-20T10:34:47+00:00
SAO_6091-10,São Paulo,3550308,True,,33943,,,-23.8278345,-46.7279345,,,,2,2023-06-20T10:34:28+00:00
SAO_6091-10,São Paulo,3550308,True,,33943,,,-23.828203,-46.726499000000004,,,,2,2023-06-20T10:34:49+00:00
SAO_6091-10,São Paulo,3550308,True,,33943,,,-23.7579905,-46.714872,,,,2,2023-06-20T10:34:46+00:00
SAO_6091-10,São Paulo,3550308,True,,33943,,,-23.658554,-46.706269500000005,,,,2,2023-06-20T10:34:17+00:00
SAO_8615-10,São Paulo,3550308,True,,34107,,,-23.5369545,-46.7233155,,,,2,2023-06-20T10:34:46+00:00
SAO_N308-11,São Paulo,3550308,True,,2342,,,-23.542851499999998,-46.471323,,,,1,2023-06-20T10:34:45+00:00
SAO_675X-10,São Paulo,3550308,True,,32879,,,-23.596426,-46.650729999999996,,,,2,2023-06-20T10:34:37+00:00
SAO_675X-10,São Paulo,3550308,True,,32879,,,-23.735022999999998,-46.6957585,,,,2,2023-06-20T10:34:29+00:00
SAO_675X-10,São Paulo,3550308,True,,32879,,,-23.7379535,-46.697821,,,,2,2023-06-20T10:34:29+00:00
SAO_675X-10,São Paulo,3550308,True,,32879,,,-23.596426,-46.650729999999996,,,,2,2023-06-20T10:34:39+00:00
SAO_675X-10,São Paulo,3550308,True,,32879,,,-23.7379855,-46.697920999999994,,,,2,2023-06-20T10:34:41+00:00
SAO_675X-10,São Paulo,3550308,True,,32879,,,-23.737271,-46.697250999999994,,,,2,2023-06-20T10:34:21+00:00
SAO_5013-10,São Paulo,3550308,True,,1117,,,-23.685576249999997,-46.633362500000004,,,,1,2023-06-20T10:34:36+00:00
SAO_5013-10,São Paulo,3550308,True,,1117,,,-23.682060999999997,-46.633000499999994,,,,1,2023-06-20T10:34:39+00:00
SAO_5013-10,São Paulo,3550308,True,,1117,,,-23.682060999999997,-46.633000499999994,,,,1,2023-06-20T10:34:22+00:00
SAO_5013-10,São Paulo,3550308,True,,1117,,,-23.6690335,-46.6722125,,,,1,2023-06-20T10:34:39+00:00
SAO_5013-10,São Paulo,3550308,True,,1117,,,-23.66439125,-46.69100350000001,,,,1,2023-06-20T10:34:38+00:00
SAO_6084-10,São Paulo,3550308,True,,1169,,,-23.7724295,-46.681263,,,,1,2023-06-20T10:34:19+00:00
SAO_6084-10,São Paulo,3550308,True,,1169,,,-23.7676985,-46.716468500000005,,,,1,2023-06-20T10:34:30+00:00
SAO_3021-10,São Paulo,3550308,True,STT,276,https://moovitapp.com/index/pt-br/transporte_p%C3%BAblico-line-276-Sao_Paulo-242-850661-183276-0,5.3,-23.599346,-46.513409499999995,,,,1,2023-06-20T10:34:44+00:00
SAO_2720-31,São Paulo,3550308,True,,34610,,,-23.493896,-46.4703065,,,,2,2023-06-20T10:34:22+00:00
SAO_4093-10,São Paulo,3550308,True,,35216,,,-23.5880085,-46.39721,,,,2,2023-06-20T10:34:29+00:00
SAO_4093-10,São Paulo,3550308,True,,35216,,,-23.5887815,-46.40573500000001,,,,2,2023-06-20T10:34:39+00:00
SAO_4093-10,São Paulo,3550308,True,,35216,,,-23.5838535,-46.4089665,,,,2,2023-06-20T10:34:16+00:00
SAO_4093-10,São Paulo,3550308,True,,35216,,,-23.589463375,-46.398782125,,,,2,2023-06-20T10:34:41+00:00
SAO_N201-11,São Paulo,3550308,True,,2311,,,-23.538355250000002,-46.602380499999995,,,,1,2023-06-20T10:34:48+00:00
SAO_6013-10,São Paulo,3550308,True,,32954,,,-23.699185,-46.7630965,,,,2,2023-06-20T10:34:51+00:00
SAO_6013-10,São Paulo,3550308,True,,32954,,,-23.6496435,-46.721695624999995,,,,2,2023-06-20T10:34:26+00:00
SAO_6013-10,São Paulo,3550308,True,,32954,,,-23.675478,-46.755183,,,,2,2023-06-20T10:34:26+00:00
SAO_4006-21,São Paulo,3550308,True,,35250,,,-23.597508125,-46.43578525,,,,2,2023-06-20T10:34:19+00:00
SAO_6475-10,São Paulo,3550308,True,,1317,,,-23.672058,-46.764453,,,,1,2023-06-20T10:34:43+00:00
SAO_6475-10,São Paulo,3550308,True,,1317,,,-23.6454895,-46.75103,,,,1,2023-06-20T10:34:48+00:00
SAO_3739-10,São Paulo,3550308,True,,1039,,,-23.611822,-46.416231499999995,,,,1,2023-06-20T10:34:22+00:00
SAO_3739-10,São Paulo,3550308,True,,1039,,,-23.611822,-46.416231499999995,,,,1,2023-06-20T10:34:24+00:00
SAO_3739-10,São Paulo,3550308,True,,1039,,,-23.5867055,-46.443027,,,,1,2023-06-20T10:34:30+00:00
SAO_3739-10,São Paulo,3550308,True,,1039,,,-23.61795,-46.411443000000006,,,,1,2023-06-20T10:34:33+00:00
SAO_3739-10,São Paulo,3550308,True,,1039,,,-23.611822,-46.416231499999995,,,,1,2023-06-20T10:34:34+00:00
SAO_3739-10,São Paulo,3550308,True,,1039,,,-23.616474500000002,-46.4178105,,,,1,2023-06-20T10:34:53+00:00
SAO_514T-10,São Paulo,3550308,True,,1671,,,-23.592294000000003,-46.5292885,,,,1,2023-06-20T10:34:24+00:00
SAO_514T-10,São Paulo,3550308,True,,1671,,,-23.593101500000003,-46.498408749999996,,,,1,2023-06-20T10:34:29+00:00
SAO_514T-10,São Paulo,3550308,True,,1671,,,-23.591697500000002,-46.610218,,,,1,2023-06-20T10:34:22+00:00
SAO_414P-10,São Paulo,3550308,True,,33873,,,-23.54545875,-46.57434225,,,,2,2023-06-20T10:34:49+00:00
SAO_N331-11,São Paulo,3550308,True,,2343,,,-23.500357,-46.385503,,,,1,2023-06-20T10:34:24+00:00
SAO_N533-11,São Paulo,3550308,True,,2385,,,-23.60819,-46.510558,,,,1,2023-06-20T10:34:50+00:00
SAO_175P-10,São Paulo,3550308,True,,675,,,-23.503676499999997,-46.643682,,,,1,2023-06-20T10:34:51+00:00
SAO_5391-10,São Paulo,3550308,True,EMTU,171,https://moovitapp.com/index/pt-br/transporte_p%C3%BAblico-line-171-Sao_Paulo-242-2038937-36419310-0,4.8,-23.665875,-46.7128965,,,,1,2023-06-20T10:34:43+00:00
SAO_5391-10,São Paulo,3550308,True,EMTU,171,https://moovitapp.com/index/pt-br/transporte_p%C3%BAblico-line-171-Sao_Paulo-242-2038937-36419310-0,4.8,-23.6050065,-46.663439625,,,,1,2023-06-20T10:34:13+00:00
SAO_5391-10,São Paulo,3550308,True,EMTU,171,https://moovitapp.com/index/pt-br/transporte_p%C3%BAblico-line-171-Sao_Paulo-242-2038937-36419310-0,4.8,-23.6825795,-46.767716500000006,,,,1,2023-06-20T10:34:54+00:00
SAO_4001-10,São Paulo,3550308,True,,2176,,,-23.558199000000002,-46.522121,,,,1,2023-06-20T10:34:49+00:00
SAO_4001-10,São Paulo,3550308,True,,2176,,,-23.545722875,-46.453399000000005,,,,1,2023-06-20T10:34:34+00:00
SAO_8600-10,São Paulo,3550308,True,,1432,,,-23.487215,-46.726875,,,,1,2023-06-20T10:34:23+00:00
SAO_8047-10,São Paulo,3550308,True,,33176,,,-23.519648500000002,-46.701916,,,,2,2023-06-20T10:34:44+00:00
SAO_8047-10,São Paulo,3550308,True,,33176,,,-23.4633235,-46.753492,,,,2,2023-06-20T10:34:51+00:00
SAO_675N-10,São Paulo,3550308,True,EMTU,362,https://moovitapp.com/index/pt-br/transporte_p%C3%BAblico-line-362-Sao_Paulo-242-2038937-36419443-0,6.25,-23.63364025,-46.7116465,,,,1,2023-06-20T10:34:12+00:00
SAO_3459-24,São Paulo,3550308,True,,1727,,,-23.515555499999998,-46.4851265,,,,1,2023-06-20T10:34:42+00:00
SAO_3459-24,São Paulo,3550308,True,,1727,,,-23.49906825,-46.44237325,,,,1,2023-06-20T10:34:39+00:00
SAO_3459-21,São Paulo,3550308,True,EMTU,403,https://moovitapp.com/index/pt-br/transporte_p%C3%BAblico-line-403-Sao_Paulo-242-2038937-36419465-0,6.2,-23.515296749999997,-46.459947,,,,1,2023-06-20T10:34:49+00:00
SAO_3459-21,São Paulo,3550308,True,EMTU,403,https://moovitapp.com/index/pt-br/transporte_p%C3%BAblico-line-403-Sao_Paulo-242-2038937-36419465-0,6.2,-23.52168475,-46.525845000000004,,,,1,2023-06-20T10:34:31+00:00
SAO_3459-21,São Paulo,3550308,True,EMTU,403,https://moovitapp.com/index/pt-br/transporte_p%C3%BAblico-line-403-Sao_Paulo-242-2038937-36419465-0,6.2,-23.5423815,-46.58294425,,,,1,2023-06-20T10:34:41+00:00
SAO_807M-10,São Paulo,3550308,True,,34684,,,-23.631797499999998,-46.7719915,,,,2,2023-06-20T10:34:23+00:00
SAO_807M-10,São Paulo,3550308,True,,34684,,,-23.6317985,-46.771744,,,,2,2023-06-20T10:34:12+00:00
SAO_2175-10,São Paulo,3550308,True,,697,,,-23.4797385,-46.575789,,,,1,2023-06-20T10:34:34+00:00
SAO_2011-10,São Paulo,3550308,True,,2136,,,-23.4900685,-46.5707825,,,,1,2023-06-20T10:34:48+00:00
SAO_2011-10,São Paulo,3550308,True,,2136,,,-23.478632500000003,-46.611061,,,,1,2023-06-20T10:34:50+00:00
SAO_3735-41,São Paulo,3550308,True,,34688,,,-23.541323,-46.4845135,,,,2,2023-06-20T10:34:25+00:00
SAO_8006-10,São Paulo,3550308,True,,34024,,,-23.431572,-46.7287895,,,,2,2023-06-20T10:34:45+00:00
SAO_8006-10,São Paulo,3550308,True,,34024,,,-23.482476499999997,-46.7231825,,,,2,2023-06-20T10:34:44+00:00
SAO_8006-10,São Paulo,3550308,True,,34024,,,-23.481229,-46.723877,,,,2,2023-06-20T10:34:38+00:00
SAO_4313-10,São Paulo,3550308,True,,2173,,,-23.555428874999997,-46.516697625,,,,1,2023-06-20T10:34:24+00:00
SAO_4313-10,São Paulo,3550308,True,,2173,,,-23.5353780625,-46.5510146875,,,,1,2023-06-20T10:34:39+00:00
SAO_4313-10,São Paulo,3550308,True,,2173,,,-23.58055825,-46.413486750000004,,,,1,2023-06-20T10:34:14+00:00
SAO_4313-10,São Paulo,3550308,True,,2173,,,-23.597557000000002,-46.457648500000005,,,,1,2023-06-20T10:34:25+00:00
SAO_4313-10,São Paulo,3550308,True,,2173,,,-23.545488,-46.631078,,,,1,2023-06-20T10:34:41+00:00
SAO_4313-10,São Paulo,3550308,True,,2173,,,-23.571353000000002,-46.503965750000006,,,,1,2023-06-20T10:33:06+00:00
SAO_4313-10,São Paulo,3550308,True,,2173,,,-23.5827785,-46.490014,,,,1,2023-06-20T10:34:14+00:00
SAO_2127-10,São Paulo,3550308,True,,693,,,-23.547818999999997,-46.630216000000004,,,,1,2023-06-20T10:34:34+00:00
SAO_2127-10,São Paulo,3550308,True,,693,,,-23.48088125,-46.57073475,,,,1,2023-06-20T10:33:08+00:00
SAO_8700-10,São Paulo,3550308,True,,1877,,,-23.566275125,-46.681574375,,,,1,2023-06-20T10:34:51+00:00
SAO_8700-10,São Paulo,3550308,True,,1877,,,-23.591969499999998,-46.7315665,,,,1,2023-06-20T10:34:53+00:00
SAO_8700-10,São Paulo,3550308,True,,1877,,,-23.63137,-46.771866,,,,1,2023-06-20T10:34:44+00:00
SAO_4315-10,São Paulo,3550308,True,,34943,,,-23.551777625,-46.609177875,,,,2,2023-06-20T10:34:46+00:00
SAO_7017-10,São Paulo,3550308,True,,35270,,,-23.6931275,-46.7906735,,,,2,2023-06-20T10:34:16+00:00
SAO_7017-10,São Paulo,3550308,True,,35270,,,-23.6931665,-46.791157,,,,2,2023-06-20T10:34:38+00:00
SAO_7017-10,São Paulo,3550308,True,,35270,,,-23.693268000000003,-46.790838,,,,2,2023-06-20T10:34:23+00:00
SAO_2004-10,São Paulo,3550308,True,,892,,,-23.519621,-46.383444499999996,,,,1,2023-06-20T10:34:35+00:00
SAO_2004-10,São Paulo,3550308,True,,892,,,-23.519621,-46.383444499999996,,,,1,2023-06-20T10:34:27+00:00
SAO_2004-10,São Paulo,3550308,True,,892,,,-23.519621,-46.383444499999996,,,,1,2023-06-20T10:34:38+00:00
SAO_2004-10,São Paulo,3550308,True,,892,,,-23.524746999999998,-46.38967,,,,1,2023-06-20T10:34:44+00:00
SAO_2004-10,São Paulo,3550308,True,,892,,,-23.534992,-46.401114500000006,,,,1,2023-06-20T10:34:38+00:00
SAO_2004-10,São Paulo,3550308,True,,892,,,-23.534838,-46.400812,,,,1,2023-06-20T04:29:45+00:00
SAO_N833-11,São Paulo,3550308,True,,35200,,,-23.5659205,-46.701583,,,,2,2023-06-20T10:34:36+00:00
SAO_N138-11,São Paulo,3550308,True,,35062,,,-23.4705675,-46.6705775,,,,2,2023-06-20T10:34:50+00:00
SAO_1178-10,São Paulo,3550308,True,,132,,,-23.510826,-46.5425445,,,,1,2023-06-20T10:34:50+00:00
SAO_1178-10,São Paulo,3550308,True,,132,,,-23.504322000000002,-46.433214,,,,1,2023-06-20T10:34:50+00:00
SAO_1178-10,São Paulo,3550308,True,,132,,,-23.492018,-46.478899999999996,,,,1,2023-06-20T10:34:27+00:00
SAO_7006-10,São Paulo,3550308,True,,1995,,,-23.718400000000003,-46.784493499999996,,,,1,2023-06-20T10:34:20+00:00
SAO_7006-10,São Paulo,3550308,True,,1995,,,-23.6926835,-46.778135500000005,,,,1,2023-06-20T10:34:54+00:00
SAO_7006-10,São Paulo,3550308,True,,1995,,,-23.739999,-46.782009,,,,1,2023-06-20T10:34:35+00:00
SAO_129F-41,São Paulo,3550308,True,,35073,,,-23.4900875,-46.6986255,,,,2,2023-06-20T10:34:49+00:00
SAO_9005-10,São Paulo,3550308,True,,872,,,-23.4526815,-46.691573,,,,1,2023-06-20T10:34:45+00:00
SAO_9005-10,São Paulo,3550308,True,,872,,,-23.472319999999996,-46.6704065,,,,1,2023-06-20T10:34:33+00:00
SAO_312N-10,São Paulo,3550308,True,,33758,,,-23.583026,-46.408417,,,,2,2023-06-20T10:34:24+00:00
SAO_312N-10,São Paulo,3550308,True,,33758,,,-23.491016,-46.441969,,,,2,2023-06-20T10:34:14+00:00
SAO_312N-10,São Paulo,3550308,True,,33758,,,-23.491016,-46.441969,,,,2,2023-06-20T10:34:42+00:00
SAO_312N-10,São Paulo,3550308,True,,33758,,,-23.583129,-46.4092945,,,,2,2023-06-20T10:34:31+00:00
SAO_8040-10,São Paulo,3550308,True,,406,,,-23.484697125,-46.755357375,,,,1,2023-06-20T10:34:36+00:00
SAO_8040-10,São Paulo,3550308,True,,406,,,-23.4349585,-46.776768000000004,,,,1,2023-06-20T10:34:54+00:00
SAO_6L05-10,São Paulo,3550308,True,,1173,,,-23.828203,-46.726499000000004,,,,1,2023-06-20T10:34:38+00:00
SAO_6L05-10,São Paulo,3550308,True,,1173,,,-23.858704125,-46.692968500000006,,,,1,2023-06-20T10:34:38+00:00
SAO_6L05-10,São Paulo,3550308,True,,1173,,,-23.828203,-46.726499000000004,,,,1,2023-06-20T10:34:46+00:00
SAO_1741-10,São Paulo,3550308,True,,539,,,-23.4639165,-46.663722,,,,1,2023-06-20T10:34:44+00:00
SAO_1721-10,São Paulo,3550308,True,,666,,,-23.4894945,-46.5710555,,,,1,2023-06-20T10:34:22+00:00
SAO_1721-10,São Paulo,3550308,True,,666,,,-23.489145999999998,-46.574385,,,,1,2023-06-20T10:34:50+00:00
SAO_9785-10,São Paulo,3550308,True,,828,,,-23.470693500000003,-46.6925345,,,,1,2023-06-20T10:34:45+00:00
SAO_9785-10,São Paulo,3550308,True,,828,,,-23.522148,-46.66856249999999,,,,1,2023-06-20T10:34:44+00:00
SAO_3741-10,São Paulo,3550308,True,,1041,,,-23.542065,-46.449332,,,,1,2023-06-20T10:34:34+00:00
SAO_3741-10,São Paulo,3550308,True,,1041,,,-23.55823775,-46.4554095,,,,1,2023-06-20T10:34:17+00:00
SAO_3741-10,São Paulo,3550308,True,,1041,,,-23.542065,-46.449332,,,,1,2023-06-20T10:34:50+00:00
SAO_6047-10,São Paulo,3550308,True,,33992,,,-23.668284,-46.763536,,,,2,2023-06-20T10:34:41+00:00
SAO_6047-10,São Paulo,3550308,True,,33992,,,-23.668284,-46.763536,,,,2,2023-06-20T10:34:38+00:00
SAO_N636-11,São Paulo,3550308,True,,2401,,,-23.771125499999997,-46.68038850000001,,,,1,2023-06-20T10:34:43+00:00
SAO_6818-10,São Paulo,3550308,True,BR7 Mobilidade,28,https://moovitapp.com/index/pt-br/transporte_p%C3%BAblico-line-28-Sao_Paulo-242-851856-596008-0,5.75,-23.655842999999997,-46.7727765,,,,1,2023-06-20T10:34:51+00:00
SAO_6818-10,São Paulo,3550308,True,BR7 Mobilidade,28,https://moovitapp.com/index/pt-br/transporte_p%C3%BAblico-line-28-Sao_Paulo-242-851856-596008-0,5.75,-23.655842999999997,-46.7727765,,,,1,2023-06-20T10:34:27+00:00
SAO_6818-10,São Paulo,3550308,True,BR7 Mobilidade,28,https://moovitapp.com/index/pt-br/transporte_p%C3%BAblico-line-28-Sao_Paulo-242-851856-596008-0,5.75,-23.655842999999997,-46.7727765,,,,1,2023-06-20T10:34:41+00:00
SAO_6818-10,São Paulo,3550308,True,BR7 Mobilidade,28,https://moovitapp.com/index/pt-br/transporte_p%C3%BAblico-line-28-Sao_Paulo-242-851856-596008-0,5.75,-23.646152999999998,-46.7693895,,,,1,2023-06-20T10:34:25+00:00
SAO_3762-10,São Paulo,3550308,True,,1053,,,-23.541065,-46.576965,,,,1,2023-06-20T10:34:37+00:00
SAO_3762-10,São Paulo,3550308,True,,1053,,,-23.5844045,-46.519586000000004,,,,1,2023-06-20T10:34:15+00:00
SAO_2728-10,São Paulo,3550308,True,,33711,,,-23.5080015,-46.5357465,,,,2,2023-06-20T10:34:52+00:00
SAO_2728-10,São Paulo,3550308,True,,33711,,,-23.504063000000002,-46.515358500000005,,,,2,2023-06-20T10:34:29+00:00
SAO_2728-10,São Paulo,3550308,True,,33711,,,-23.50133,-46.5125285,,,,2,2023-06-20T10:34:39+00:00
SAO_2728-10,São Paulo,3550308,True,,33711,,,-23.50133,-46.5125285,,,,2,2023-06-20T10:34:39+00:00
SAO_6039-10,São Paulo,3550308,True,,33985,,,-23.685768,-46.8012385,,,,2,2023-06-20T10:34:18+00:00
SAO_N702-11,São Paulo,3550308,True,,35175,,,-23.65023975,-46.706578750000006,,,,2,2023-06-20T10:34:49+00:00
SAO_N341-11,São Paulo,3550308,True,,35121,,,-23.4950835,-46.436251999999996,,,,2,2023-06-20T10:34:43+00:00
SAO_2626-10,São Paulo,3550308,True,EMTU,376,https://moovitapp.com/index/pt-br/transporte_p%C3%BAblico-line-376-Sao_Paulo-242-2038937-114744732-0,5.1,-23.5207815,-46.52527225,,,,1,2023-06-20T10:34:51+00:00
SAO_2626-10,São Paulo,3550308,True,EMTU,376,https://moovitapp.com/index/pt-br/transporte_p%C3%BAblico-line-376-Sao_Paulo-242-2038937-114744732-0,5.1,-23.5358395,-46.572618,,,,1,2023-06-20T10:34:45+00:00
SAO_2626-10,São Paulo,3550308,True,EMTU,376,https://moovitapp.com/index/pt-br/transporte_p%C3%BAblico-line-376-Sao_Paulo-242-2038937-114744732-0,5.1,-23.5104725,-46.40614825,,,,1,2023-06-20T10:34:50+00:00
SAO_2626-10,São Paulo,3550308,True,EMTU,376,https://moovitapp.com/index/pt-br/transporte_p%C3%BAblico-line-376-Sao_Paulo-242-2038937-114744732-0,5.1,-23.49218325,-46.44784075,,,,1,2023-06-20T10:34:46+00:00
SAO_2772-10,São Paulo,3550308,True,,33166,,,-23.5229185,-46.4105285,,,,2,2023-06-20T10:34:26+00:00
SAO_7006-10,São Paulo,3550308,True,,34763,,,-23.729893,-46.785934999999995,,,,2,2023-06-20T10:34:33+00:00
SAO_7006-10,São Paulo,3550308,True,,34763,,,-23.7302945,-46.7858455,,,,2,2023-06-20T10:34:54+00:00
SAO_7006-10,São Paulo,3550308,True,,34763,,,-23.750601,-46.777545,,,,2,2023-06-20T10:34:20+00:00
SAO_7006-10,São Paulo,3550308,True,,34763,,,-23.688845375,-46.77301675,,,,2,2023-06-20T10:34:52+00:00
SAO_7006-10,São Paulo,3550308,True,,34763,,,-23.7377945,-46.780682,,,,2,2023-06-20T10:34:40+00:00
SAO_7006-10,São Paulo,3550308,True,,34763,,,-23.750601,-46.777545,,,,2,2023-06-20T10:34:23+00:00
SAO_N308-11,São Paulo,3550308,True,,35110,,,-23.551726000000002,-46.627584999999996,,,,2,2023-06-20T10:34:51+00:00
SAO_809H-10,São Paulo,3550308,True,,2245,,,-23.580671000000002,-46.794031000000004,,,,1,2023-06-20T10:34:12+00:00
SAO_809H-10,São Paulo,3550308,True,,2245,,,-23.5504738125,-46.7394504375,,,,1,2023-06-20T10:34:27+00:00
SAO_809H-10,São Paulo,3550308,True,,2245,,,-23.580671000000002,-46.794031000000004,,,,1,2023-06-20T10:34:35+00:00
SAO_848L-10,São Paulo,3550308,True,EMTU,808,https://moovitapp.com/index/pt-br/transporte_p%C3%BAblico-line-808-Sao_Paulo-242-2038937-36419584-0,4.8,-23.41868925,-46.73124025,,,,1,2023-06-20T10:34:17+00:00
SAO_848L-10,São Paulo,3550308,True,EMTU,808,https://moovitapp.com/index/pt-br/transporte_p%C3%BAblico-line-808-Sao_Paulo-242-2038937-36419584-0,4.8,-23.4258595,-46.726042,,,,1,2023-06-20T10:33:37+00:00
SAO_3112-10,São Paulo,3550308,True,,1080,,,-23.5827965,-46.5851425,,,,1,2023-06-20T10:34:36+00:00
SAO_3112-10,São Paulo,3550308,True,,1080,,,-23.603009,-46.52841,,,,1,2023-06-20T10:34:30+00:00
SAO_3112-10,São Paulo,3550308,True,,1080,,,-23.6033185,-46.5263865,,,,1,2023-06-20T10:34:32+00:00
SAO_3112-10,São Paulo,3550308,True,,1080,,,-23.5813485,-46.586081,,,,1,2023-06-20T10:34:47+00:00
SAO_3112-10,São Paulo,3550308,True,,1080,,,-23.5806975,-46.5595955,,,,1,2023-06-20T10:34:47+00:00
SAO_407L-10,São Paulo,3550308,True,,34967,,,-23.590822000000003,-46.3946785,,,,2,2023-06-20T10:34:46+00:00
SAO_407L-10,São Paulo,3550308,True,,34967,,,-23.590415999999998,-46.394861500000005,,,,2,2023-06-20T10:34:49+00:00
SAO_3053-10,São Paulo,3550308,True,,33741,,,-23.585588,-46.4950305,,,,2,2023-06-20T10:34:16+00:00
SAO_3053-10,São Paulo,3550308,True,,33741,,,-23.584741,-46.495041,,,,2,2023-06-20T10:34:52+00:00
SAO_2723-10,São Paulo,3550308,True,,33705,,,-23.487226,-46.4637175,,,,2,2023-06-20T10:34:20+00:00
SAO_2723-10,São Paulo,3550308,True,,33705,,,-23.487481000000002,-46.463549,,,,2,2023-06-20T10:34:28+00:00
SAO_2723-10,São Paulo,3550308,True,,33705,,,-23.487481000000002,-46.463549,,,,2,2023-06-20T10:34:29+00:00
SAO_2723-10,São Paulo,3550308,True,,33705,,,-23.487599000000003,-46.4633835,,,,2,2023-06-20T10:34:18+00:00
SAO_2723-10,São Paulo,3550308,True,,33705,,,-23.487481000000002,-46.463549,,,,2,2023-06-20T10:34:20+00:00
SAO_2723-10,São Paulo,3550308,True,,33705,,,-23.487481000000002,-46.463549,,,,2,2023-06-20T10:34:33+00:00
SAO_2723-10,São Paulo,3550308,True,,33705,,,-23.487599000000003,-46.4633835,,,,2,2023-06-20T10:34:48+00:00
SAO_2723-10,São Paulo,3550308,True,,33705,,,-23.487481000000002,-46.463549,,,,2,2023-06-20T10:34:53+00:00
SAO_2723-10,São Paulo,3550308,True,,33705,,,-23.542138,-46.471932499999994,,,,2,2023-06-20T10:34:23+00:00
SAO_5015-10,São Paulo,3550308,True,,1119,,,-23.669349,-46.635788500000004,,,,1,2023-06-20T10:34:38+00:00
SAO_5015-10,São Paulo,3550308,True,,1119,,,-23.682921999999998,-46.651296,,,,1,2023-06-20T10:34:40+00:00
SAO_5015-10,São Paulo,3550308,True,,1119,,,-23.689209249999998,-46.66251425,,,,1,2023-06-20T10:34:31+00:00
SAO_5011-10,São Paulo,3550308,True,,1115,,,-23.66959725,-46.688882500000005,,,,1,2023-06-20T10:34:30+00:00
SAO_5011-10,São Paulo,3550308,True,,1115,,,-23.7102665,-46.6208535,,,,1,2023-06-20T10:34:49+00:00
SAO_5011-10,São Paulo,3550308,True,,1115,,,-23.7050465,-46.643475,,,,1,2023-06-20T10:32:56+00:00
SAO_N601-11,São Paulo,3550308,True,,2392,,,-23.6430515,-46.672301000000004,,,,1,2023-06-20T10:34:23+00:00
SAO_5791-10,São Paulo,3550308,True,,33375,,,-23.667442,-46.636444999999995,,,,2,2023-06-20T10:34:51+00:00
SAO_7053-10,São Paulo,3550308,True,,34655,,,-23.653941000000003,-46.78870825,,,,2,2023-06-20T10:34:38+00:00
SAO_7053-10,São Paulo,3550308,True,,34655,,,-23.653941000000003,-46.78870825,,,,2,2023-06-20T10:34:36+00:00
SAO_7053-10,São Paulo,3550308,True,,34655,,,-23.653941000000003,-46.78870825,,,,2,2023-06-20T10:34:29+00:00
SAO_7053-10,São Paulo,3550308,True,,34655,,,-23.653941000000003,-46.78870825,,,,2,2023-06-20T10:34:28+00:00
SAO_7053-10,São Paulo,3550308,True,,34655,,,-23.64154275,-46.7845795,,,,2,2023-06-20T10:34:30+00:00
SAO_7053-10,São Paulo,3550308,True,,34655,,,-23.653941000000003,-46.78870825,,,,2,2023-06-20T10:34:51+00:00
SAO_7053-10,São Paulo,3550308,True,,34655,,,-23.653941000000003,-46.78870825,,,,2,2023-06-20T10:34:14+00:00
SAO_4004-10,São Paulo,3550308,True,,34946,,,-23.580644,-46.4041795,,,,2,2023-06-20T10:32:46+00:00
SAO_4004-10,São Paulo,3550308,True,,34946,,,-23.5849955,-46.3906585,,,,2,2023-06-20T10:32:26+00:00
SAO_4004-10,São Paulo,3550308,True,,34946,,,-23.5829575,-46.4066125,,,,2,2023-06-20T10:34:33+00:00
SAO_407N-10,São Paulo,3550308,True,,2169,,,-23.5930425,-46.418267125,,,,1,2023-06-20T10:34:46+00:00
SAO_407N-10,São Paulo,3550308,True,,2169,,,-23.53406,-46.5427015,,,,1,2023-06-20T10:34:08+00:00
SAO_407N-10,São Paulo,3550308,True,,2169,,,-23.56109575,-46.5112875,,,,1,2023-06-20T10:34:31+00:00
SAO_407N-10,São Paulo,3550308,True,,2169,,,-23.576253,-46.501763499999996,,,,1,2023-06-20T10:34:33+00:00
SAO_407N-10,São Paulo,3550308,True,,2169,,,-23.5834805,-46.407314,,,,1,2023-06-20T10:34:44+00:00
SAO_407N-10,São Paulo,3550308,True,,2169,,,-23.598427,-46.4609985,,,,1,2023-06-20T10:34:26+00:00
SAO_3051-10,São Paulo,3550308,True,,35214,,,-23.486603000000002,-46.482687,,,,2,2023-06-20T10:34:25+00:00
SAO_978L-10,São Paulo,3550308,True,EMTU,466,https://moovitapp.com/index/pt-br/transporte_p%C3%BAblico-line-466-Sao_Paulo-242-2038937-72712754-0,5.4,-23.51328875,-46.666535249999995,,,,1,2023-06-20T10:29:31+00:00
SAO_978L-10,São Paulo,3550308,True,EMTU,466,https://moovitapp.com/index/pt-br/transporte_p%C3%BAblico-line-466-Sao_Paulo-242-2038937-72712754-0,5.4,-23.474603000000002,-46.669678000000005,,,,1,2023-06-20T10:34:18+00:00
SAO_4013-10,São Paulo,3550308,True,,2186,,,-23.6135425,-46.471743000000004,,,,1,2023-06-20T10:34:48+00:00
SAO_4013-10,São Paulo,3550308,True,,2186,,,-23.627017000000002,-46.446374500000005,,,,1,2023-06-20T10:34:13+00:00
SAO_1705-10,São Paulo,3550308,True,,849,,,-23.4432885,-46.589848,,,,1,2023-06-20T10:34:23+00:00
SAO_1705-10,São Paulo,3550308,True,,849,,,-23.444098,-46.5901555,,,,1,2023-06-20T10:34:09+00:00
SAO_1705-10,São Paulo,3550308,True,,849,,,-23.4810685,-46.603014,,,,1,2023-06-20T10:34:36+00:00
SAO_1705-10,São Paulo,3550308,True,,849,,,-23.434117999999998,-46.5843315,,,,1,2023-06-20T10:32:34+00:00
SAO_6037-10,São Paulo,3550308,True,,33983,,,-23.64904925,-46.78534475,,,,2,2023-06-20T10:34:24+00:00
SAO_6037-10,São Paulo,3550308,True,,33983,,,-23.64887075,-46.78563725,,,,2,2023-06-20T10:34:21+00:00
SAO_6037-10,São Paulo,3550308,True,,33983,,,-23.648520750000003,-46.78621425,,,,2,2023-06-20T10:34:44+00:00
SAO_6037-10,São Paulo,3550308,True,,33983,,,-23.648520750000003,-46.78621425,,,,2,2023-06-20T10:34:10+00:00
SAO_6037-10,São Paulo,3550308,True,,33983,,,-23.64887075,-46.78563725,,,,2,2023-06-20T10:34:36+00:00
SAO_6042-10,São Paulo,3550308,True,,1219,,,-23.672669,-46.7646945,,,,1,2023-06-20T10:34:24+00:00
SAO_6042-10,São Paulo,3550308,True,,1219,,,-23.672669,-46.7646945,,,,1,2023-06-20T10:34:24+00:00
SAO_6042-10,São Paulo,3550308,True,,1219,,,-23.672669,-46.7646945,,,,1,2023-06-20T10:34:30+00:00
SAO_4113-10,São Paulo,3550308,True,,33536,,,-23.5786375,-46.61870225,,,,2,2023-06-20T10:34:48+00:00
SAO_4113-10,São Paulo,3550308,True,,33536,,,-23.558581874999998,-46.63291125,,,,2,2023-06-20T10:34:52+00:00
SAO_3739-10,São Paulo,3550308,True,,33807,,,-23.6125085,-46.4160355,,,,2,2023-06-20T10:34:24+00:00
SAO_3739-10,São Paulo,3550308,True,,33807,,,-23.61229,-46.416155,,,,2,2023-06-20T10:34:39+00:00
SAO_4007-10,São Paulo,3550308,True,,2181,,,-23.5528905,-46.457451125000006,,,,1,2023-06-20T10:34:32+00:00
SAO_4007-10,São Paulo,3550308,True,,2181,,,-23.565451,-46.3961775,,,,1,2023-06-20T10:34:50+00:00
SAO_4007-10,São Paulo,3550308,True,,2181,,,-23.565137,-46.3967705,,,,1,2023-06-20T10:34:44+00:00
SAO_407Y-10,São Paulo,3550308,True,,2206,,,-23.57392725,-46.5370905,,,,1,2023-06-20T10:34:46+00:00
SAO_3099-10,São Paulo,3550308,True,,33847,,,-23.593412875000002,-46.488488499999995,,,,2,2023-06-20T10:34:23+00:00
SAO_3099-10,São Paulo,3550308,True,,33847,,,-23.614772,-46.458687,,,,2,2023-06-20T10:34:16+00:00
SAO_3099-10,São Paulo,3550308,True,,33847,,,-23.606595,-46.442619,,,,2,2023-06-20T10:34:33+00:00
SAO_6L11-10,São Paulo,3550308,True,,33935,,,-23.8015465,-46.6276715,,,,2,2023-06-20T10:34:17+00:00
SAO_6061-10,São Paulo,3550308,True,,1150,,,-23.780074624999997,-46.69128475,,,,1,2023-06-20T10:34:43+00:00
SAO_6061-10,São Paulo,3550308,True,,1150,,,-23.7817615,-46.681180499999996,,,,1,2023-06-20T10:34:46+00:00
SAO_6061-10,São Paulo,3550308,True,,1150,,,-23.736617,-46.696708,,,,1,2023-06-20T10:31:09+00:00
SAO_6061-10,São Paulo,3550308,True,,1150,,,-23.7618975,-46.685032,,,,1,2023-06-20T10:34:45+00:00
SAO_6061-10,São Paulo,3550308,True,,1150,,,-23.788416499999997,-46.689655,,,,1,2023-06-20T10:34:44+00:00
SAO_6061-10,São Paulo,3550308,True,,1150,,,-23.7817615,-46.681180499999996,,,,1,2023-06-20T10:34:56+00:00
SAO_3768-10,São Paulo,3550308,True,,1056,,,-23.589619,-46.3826595,,,,1,2023-06-20T10:34:52+00:00
SAO_3768-10,São Paulo,3550308,True,,1056,,,-23.539736,-46.4314325,,,,1,2023-06-20T10:34:19+00:00
SAO_4311-10,São Paulo,3550308,True,,2171,,,-23.5818845,-46.490805,,,,1,2023-06-20T10:34:31+00:00
SAO_4311-10,São Paulo,3550308,True,,2171,,,-23.554831999999998,-46.517111,,,,1,2023-06-20T10:34:33+00:00
SAO_4311-10,São Paulo,3550308,True,,2171,,,-23.613874000000003,-46.476436,,,,1,2023-06-20T10:34:13+00:00
SAO_4311-10,São Paulo,3550308,True,,2171,,,-23.53491,-46.548629000000005,,,,1,2023-06-20T10:34:11+00:00
SAO_4014-10,São Paulo,3550308,True,,2187,,,-23.558199000000002,-46.522121,,,,1,2023-06-20T10:34:49+00:00
SAO_4014-10,São Paulo,3550308,True,,2187,,,-23.608752625,-46.45817225,,,,1,2023-06-20T10:34:26+00:00
SAO_8010-10,São Paulo,3550308,True,,798,,,-23.43333425,-46.7199245,,,,1,2023-06-20T10:34:51+00:00
SAO_8010-10,São Paulo,3550308,True,,798,,,-23.51816525,-46.70211325,,,,1,2023-06-20T10:34:10+00:00
SAO_8010-10,São Paulo,3550308,True,,798,,,-23.488039,-46.725897,,,,1,2023-06-20T10:34:53+00:00
SAO_8010-10,São Paulo,3550308,True,,798,,,-23.407032,-46.758294,,,,1,2023-06-20T10:34:24+00:00
SAO_2724-10,São Paulo,3550308,True,,938,,,-23.5396445,-46.483602,,,,1,2023-06-20T10:34:24+00:00
SAO_2724-10,São Paulo,3550308,True,,938,,,-23.5396445,-46.483602,,,,1,2023-06-20T10:34:41+00:00
SAO_2724-10,São Paulo,3550308,True,,938,,,-23.5367185,-46.474993,,,,1,2023-06-20T10:34:47+00:00
SAO_2724-10,São Paulo,3550308,True,,938,,,-23.5396445,-46.483602,,,,1,2023-06-20T10:34:51+00:00
SAO_2724-10,São Paulo,3550308,True,,938,,,-23.5396445,-46.483602,,,,1,2023-06-20T10:34:47+00:00
SAO_2724-10,São Paulo,3550308,True,,938,,,-23.5396445,-46.483602,,,,1,2023-06-20T10:34:37+00:00
SAO_9015-10,São Paulo,3550308,True,,34037,,,-23.4694535,-46.7135935,,,,2,2023-06-20T10:34:50+00:00
SAO_9015-10,São Paulo,3550308,True,,34037,,,-23.4694535,-46.7135935,,,,2,2023-06-20T10:34:26+00:00
SAO_7040-10,São Paulo,3550308,True,,776,,,-23.622961,-46.7285805,,,,1,2023-06-20T10:34:41+00:00
SAO_7040-10,São Paulo,3550308,True,,776,,,-23.620538500000002,-46.723567,,,,1,2023-06-20T10:34:33+00:00
SAO_809A-10,São Paulo,3550308,True,,34837,,,-23.57543225,-46.77549825,,,,2,2023-06-20T10:34:15+00:00
SAO_809A-10,São Paulo,3550308,True,,34837,,,-23.5750305,-46.775418,,,,2,2023-06-20T10:34:45+00:00
SAO_4312-10,São Paulo,3550308,True,,2172,,,-23.570438,-46.4900765,,,,1,2023-06-20T10:34:25+00:00
SAO_4312-10,São Paulo,3550308,True,,2172,,,-23.565071,-46.49601,,,,1,2023-06-20T10:29:37+00:00
SAO_4312-10,São Paulo,3550308,True,,2172,,,-23.53924825,-46.571040249999996,,,,1,2023-06-20T10:34:24+00:00
SAO_4312-10,São Paulo,3550308,True,,2172,,,-23.53850825,-46.51603025,,,,1,2023-06-20T10:34:28+00:00
SAO_4312-10,São Paulo,3550308,True,,2172,,,-23.544690875,-46.507397624999996,,,,1,2023-06-20T10:34:16+00:00
SAO_119L-10,São Paulo,3550308,True,,2273,,,-23.4400415,-46.7858835,,,,1,2023-06-20T10:34:49+00:00
SAO_273D-10,São Paulo,3550308,True,,222,,,-23.520295124999997,-46.410005874999996,,,,1,2023-06-20T10:34:29+00:00
SAO_273D-10,São Paulo,3550308,True,,222,,,-23.504201000000002,-46.4295245,,,,1,2023-06-20T10:34:30+00:00
SAO_273D-10,São Paulo,3550308,True,,222,,,-23.518732999999997,-46.4760785,,,,1,2023-06-20T10:34:39+00:00
SAO_273D-10,São Paulo,3550308,True,,222,,,-23.52510425,-46.474920749999995,,,,1,2023-06-20T10:34:49+00:00
SAO_8014-10,São Paulo,3550308,True,,33569,,,-23.4225675,-46.788874750000005,,,,2,2023-06-20T10:34:27+00:00
SAO_8014-10,São Paulo,3550308,True,,33569,,,-23.4492045,-46.7881325,,,,2,2023-06-20T10:34:53+00:00
SAO_8014-10,São Paulo,3550308,True,,33569,,,-23.446182,-46.7890905,,,,2,2023-06-20T10:34:46+00:00
SAO_199D-10,São Paulo,3550308,True,,2135,,,-23.505973,-46.706235,,,,1,2023-06-20T10:34:53+00:00
SAO_709M-10,São Paulo,3550308,True,,2462,,,-23.654158,-46.710677000000004,,,,1,2023-06-20T10:34:24+00:00
SAO_709M-10,São Paulo,3550308,True,,2462,,,-23.648898000000003,-46.703265,,,,1,2023-06-20T10:34:13+00:00
SAO_2005-10,São Paulo,3550308,True,,893,,,-23.48844125,-46.392001125,,,,1,2023-06-20T10:34:20+00:00
SAO_2005-10,São Paulo,3550308,True,,893,,,-23.493673875,-46.40281875,,,,1,2023-06-20T10:34:27+00:00
SAO_148P-10,São Paulo,3550308,True,EMTU,534,https://moovitapp.com/index/pt-br/transporte_p%C3%BAblico-line-534-Sao_Paulo-242-2038937-36419546-0,6.3,-23.482967000000002,-46.6625235,,,,1,2023-06-20T10:34:19+00:00
SAO_148P-10,São Paulo,3550308,True,EMTU,534,https://moovitapp.com/index/pt-br/transporte_p%C3%BAblico-line-534-Sao_Paulo-242-2038937-36419546-0,6.3,-23.4643905,-46.654526,,,,1,2023-06-20T10:34:51+00:00
SAO_3735-41,São Paulo,3550308,True,,1920,,,-23.5447685,-46.490296125,,,,1,2023-06-20T10:34:43+00:00
SAO_6056-10,São Paulo,3550308,True,,33915,,,-23.7632185,-46.697809,,,,2,2023-06-20T10:34:35+00:00
SAO_6056-10,São Paulo,3550308,True,,33915,,,-23.74200175,-46.7009055,,,,2,2023-06-20T10:34:20+00:00
SAO_6056-10,São Paulo,3550308,True,,33915,,,-23.763256499999997,-46.697663,,,,2,2023-06-20T10:34:41+00:00
SAO_7022-10,São Paulo,3550308,True,,34852,,,-23.6852245,-46.7751985,,,,2,2023-06-20T10:34:51+00:00
SAO_3721-41,São Paulo,3550308,True,,1693,,,-23.557823,-46.4956125,,,,1,2023-06-20T10:34:25+00:00
SAO_3721-41,São Paulo,3550308,True,,1693,,,-23.5589855,-46.4903265,,,,1,2023-06-20T10:34:28+00:00
SAO_3721-41,São Paulo,3550308,True,,1693,,,-23.542482,-46.470364,,,,1,2023-06-20T10:34:49+00:00
SAO_3721-41,São Paulo,3550308,True,,1693,,,-23.5636785,-46.5006755,,,,1,2023-06-20T10:34:52+00:00
SAO_3721-41,São Paulo,3550308,True,,1693,,,-23.5636785,-46.5006755,,,,1,2023-06-20T10:34:42+00:00
SAO_3721-41,São Paulo,3550308,True,,1693,,,-23.540392,-46.485367499999995,,,,1,2023-06-20T10:34:41+00:00
SAO_6008-10,São Paulo,3550308,True,,33968,,,-23.68727,-46.7629345,,,,2,2023-06-20T10:34:48+00:00
SAO_6008-10,São Paulo,3550308,True,,33968,,,-23.6873755,-46.763414499999996,,,,2,2023-06-20T10:34:38+00:00
SAO_6008-10,São Paulo,3550308,True,,33968,,,-23.68727,-46.7629345,,,,2,2023-06-20T10:34:36+00:00
SAO_6008-10,São Paulo,3550308,True,,33968,,,-23.68727,-46.7629345,,,,2,2023-06-20T10:34:36+00:00
SAO_6008-10,São Paulo,3550308,True,,33968,,,-23.658554,-46.706269500000005,,,,2,2023-06-20T10:34:15+00:00
SAO_6008-10,São Paulo,3550308,True,,1200,,,-23.6878135,-46.7634895,,,,1,2023-06-20T10:34:16+00:00
SAO_6008-10,São Paulo,3550308,True,,1200,,,-23.68527175,-46.744133500000004,,,,1,2023-06-20T10:34:50+00:00
SAO_6008-10,São Paulo,3550308,True,,1200,,,-23.6878135,-46.7634895,,,,1,2023-06-20T10:34:25+00:00
SAO_6008-10,São Paulo,3550308,True,,1200,,,-23.65433125,-46.70752475,,,,1,2023-06-20T10:34:54+00:00
SAO_3754-10,São Paulo,3550308,True,,33817,,,-23.558796,-46.400097,,,,2,2023-06-20T10:34:44+00:00
SAO_3754-10,São Paulo,3550308,True,,33817,,,-23.57374,-46.398475000000005,,,,2,2023-06-20T10:34:14+00:00
SAO_3754-10,São Paulo,3550308,True,,33817,,,-23.5440185,-46.4604525,,,,2,2023-06-20T10:34:36+00:00
SAO_6030-10,São Paulo,3550308,True,,33910,,,-23.740943,-46.707615000000004,,,,2,2023-06-20T10:34:14+00:00
SAO_6030-10,São Paulo,3550308,True,,33910,,,-23.7409395,-46.7078635,,,,2,2023-06-20T10:34:43+00:00
SAO_6030-10,São Paulo,3550308,True,,33910,,,-23.740547499999998,-46.707441,,,,2,2023-06-20T10:34:19+00:00
SAO_6062-51,São Paulo,3550308,True,,1739,,,-23.7419465,-46.681698499999996,,,,1,2023-06-20T10:34:29+00:00
SAO_6062-51,São Paulo,3550308,True,,1739,,,-23.666517499999998,-46.705885,,,,1,2023-06-20T10:30:33+00:00
SAO_6062-51,São Paulo,3550308,True,,1739,,,-23.692147249999998,-46.698293250000006,,,,1,2023-06-20T10:34:46+00:00
SAO_6062-51,São Paulo,3550308,True,,1739,,,-23.7458015,-46.681785,,,,1,2023-06-20T10:34:12+00:00
SAO_6062-51,São Paulo,3550308,True,,1739,,,-23.7419465,-46.681698499999996,,,,1,2023-06-20T10:34:47+00:00
SAO_172N-10,São Paulo,3550308,True,,33432,,,-23.515946749999998,-46.61641775,,,,2,2023-06-20T10:34:48+00:00
SAO_172N-10,São Paulo,3550308,True,,33432,,,-23.542599000000003,-46.590571249999996,,,,2,2023-06-20T10:34:50+00:00
SAO_172N-10,São Paulo,3550308,True,,33432,,,-23.515047,-46.58701725,,,,2,2023-06-20T10:34:32+00:00
SAO_2013-10,São Paulo,3550308,True,,899,,,-23.455493,-46.6551465,,,,1,2023-06-20T10:34:37+00:00
SAO_2013-10,São Paulo,3550308,True,,899,,,-23.461629,-46.6392315,,,,1,2023-06-20T10:34:33+00:00
SAO_2717-10,São Paulo,3550308,True,Urubupungá,930,https://moovitapp.com/index/pt-br/transporte_p%C3%BAblico-line-930-Sao_Paulo-242-873835-496473-0,4.6,-23.519295625,-46.520298125,,,,1,2023-06-20T10:34:53+00:00
SAO_6052-31,São Paulo,3550308,True,,34600,,,-23.775509999999997,-46.691679,,,,2,2023-06-20T10:34:25+00:00
SAO_6052-31,São Paulo,3550308,True,,34600,,,-23.775509999999997,-46.691679,,,,2,2023-06-20T10:34:42+00:00
SAO_8009-31,São Paulo,3550308,True,,1260,,,-23.441876,-46.7553445,,,,1,2023-06-20T10:32:23+00:00
SAO_9004-10,São Paulo,3550308,True,,33639,,,-23.457427,-46.6851585,,,,2,2023-06-20T10:34:50+00:00
SAO_9004-10,São Paulo,3550308,True,,33639,,,-23.457427,-46.6851585,,,,2,2023-06-20T10:34:51+00:00
SAO_9004-10,São Paulo,3550308,True,,33639,,,-23.46079525,-46.672830250000004,,,,2,2023-06-20T10:34:07+00:00
SAO_9004-10,São Paulo,3550308,True,,33639,,,-23.456984,-46.6852645,,,,2,2023-06-20T10:34:17+00:00
SAO_9004-10,São Paulo,3550308,True,,33639,,,-23.457195499999997,-46.685354,,,,2,2023-06-20T10:34:12+00:00
SAO_8500-10,São Paulo,3550308,True,,1267,,,-23.48629,-46.7260085,,,,1,2023-06-20T10:34:33+00:00
SAO_669A-10,São Paulo,3550308,True,,4,,,-23.580375,-46.6637115,,,,1,2023-06-20T10:34:22+00:00
SAO_669A-10,São Paulo,3550308,True,,4,,,-23.542384500000004,-46.64764175,,,,1,2023-06-20T10:34:27+00:00
SAO_669A-10,São Paulo,3550308,True,,4,,,-23.644316125000003,-46.700134500000004,,,,1,2023-06-20T10:34:22+00:00
SAO_N241-11,São Paulo,3550308,True,,35098,,,-23.451027,-46.614735249999995,,,,2,2023-06-20T10:34:19+00:00
SAO_4052-10,São Paulo,3550308,True,,2145,,,-23.543061,-46.415521999999996,,,,1,2023-06-20T10:34:01+00:00
SAO_4052-10,São Paulo,3550308,True,,2145,,,-23.52966625,-46.447598375,,,,1,2023-06-20T10:34:40+00:00
SAO_846M-10,São Paulo,3550308,True,,33190,,,-23.50283475,-46.760608500000004,,,,2,2023-06-20T10:34:35+00:00
SAO_3539-10,São Paulo,3550308,True,,748,,,-23.580005125,-46.4126035,,,,1,2023-06-20T10:34:48+00:00
SAO_3539-10,São Paulo,3550308,True,,748,,,-23.573674250000003,-46.445483749999994,,,,1,2023-06-20T10:34:19+00:00
SAO_3539-10,São Paulo,3550308,True,,748,,,-23.6015765,-46.399,,,,1,2023-06-20T10:34:12+00:00
SAO_3539-10,São Paulo,3550308,True,,748,,,-23.551655500000003,-46.46268225,,,,1,2023-06-20T10:34:09+00:00
SAO_3539-10,São Paulo,3550308,True,,748,,,-23.538235,-46.565107499999996,,,,1,2023-06-20T10:34:39+00:00
SAO_6041-10,São Paulo,3550308,True,,1218,,,-23.690493500000002,-46.780443,,,,1,2023-06-20T10:34:25+00:00
SAO_6041-10,São Paulo,3550308,True,,1218,,,-23.690493500000002,-46.780443,,,,1,2023-06-20T10:34:25+00:00
SAO_6041-10,São Paulo,3550308,True,,1218,,,-23.65523775,-46.76109425,,,,1,2023-06-20T10:34:53+00:00
SAO_6041-10,São Paulo,3550308,True,,1218,,,-23.681513000000002,-46.77748700000001,,,,1,2023-06-20T10:34:34+00:00
SAO_6041-10,São Paulo,3550308,True,,1218,,,-23.690493500000002,-46.780443,,,,1,2023-06-20T10:34:36+00:00
SAO_6041-10,São Paulo,3550308,True,,1218,,,-23.642786,-46.724813,,,,1,2023-06-20T10:29:59+00:00
SAO_6041-10,São Paulo,3550308,True,,1218,,,-23.690493500000002,-46.780443,,,,1,2023-06-20T10:34:36+00:00
SAO_N601-11,São Paulo,3550308,True,,35160,,,-23.657353375,-46.679717999999994,,,,2,2023-06-20T10:34:44+00:00
SAO_N601-11,São Paulo,3550308,True,,35160,,,-23.7346935,-46.696020000000004,,,,2,2023-06-20T10:34:26+00:00
SAO_1759-10,São Paulo,3550308,True,,553,,,-23.478038499999997,-46.6325515,,,,1,2023-06-20T10:34:38+00:00
SAO_971D-10,São Paulo,3550308,True,,709,,,-23.451226,-46.695338,,,,1,2023-06-20T10:34:38+00:00
SAO_2058-10,São Paulo,3550308,True,,259,,,-23.4952525,-46.43242,,,,1,2023-06-20T10:34:27+00:00
SAO_2058-10,São Paulo,3550308,True,,259,,,-23.534992,-46.401114500000006,,,,1,2023-06-20T10:34:44+00:00
SAO_2058-10,São Paulo,3550308,True,,259,,,-23.494686,-46.427058,,,,1,2023-06-20T10:34:27+00:00
SAO_6835-31,São Paulo,3550308,True,,1407,,,-23.676056,-46.774791,,,,1,2023-06-20T10:31:34+00:00
SAO_9090-10,São Paulo,3550308,True,,33652,,,-23.462843874999997,-46.676674625000004,,,,2,2023-06-20T10:34:51+00:00
SAO_3746-10,São Paulo,3550308,True,,33051,,,-23.542912,-46.588283000000004,,,,2,2023-06-20T10:34:53+00:00
SAO_3746-10,São Paulo,3550308,True,,33051,,,-23.542912,-46.588283000000004,,,,2,2023-06-20T10:34:24+00:00
SAO_3746-10,São Paulo,3550308,True,,33051,,,-23.542912,-46.588283000000004,,,,2,2023-06-20T10:34:27+00:00
SAO_3746-10,São Paulo,3550308,True,,33051,,,-23.542912,-46.588283000000004,,,,2,2023-06-20T10:34:33+00:00
SAO_3746-10,São Paulo,3550308,True,,33051,,,-23.542912,-46.588283000000004,,,,2,2023-06-20T10:34:54+00:00
SAO_3746-10,São Paulo,3550308,True,,33051,,,-23.542912,-46.588283000000004,,,,2,2023-06-20T10:34:14+00:00
SAO_3746-10,São Paulo,3550308,True,,33051,,,-23.542912,-46.588283000000004,,,,2,2023-06-20T10:34:37+00:00
SAO_3746-10,São Paulo,3550308,True,,33051,,,-23.542912,-46.588283000000004,,,,2,2023-06-20T10:34:33+00:00
SAO_3746-10,São Paulo,3550308,True,,33051,,,-23.542912,-46.588283000000004,,,,2,2023-06-20T10:34:45+00:00
SAO_7060-10,São Paulo,3550308,True,,34657,,,-23.6384965,-46.779754499999996,,,,2,2023-06-20T10:34:27+00:00
SAO_407H-10,São Paulo,3550308,True,,34965,,,-23.631637499999997,-46.44689875,,,,2,2023-06-20T10:34:40+00:00
SAO_407H-10,São Paulo,3550308,True,,34965,,,-23.5518925,-46.462776749999996,,,,2,2023-06-20T10:34:54+00:00
SAO_407H-10,São Paulo,3550308,True,,34965,,,-23.622563,-46.44712725,,,,2,2023-06-20T10:34:49+00:00
SAO_748A-10,São Paulo,3550308,True,,33266,,,-23.57543225,-46.77549825,,,,2,2023-06-20T10:34:49+00:00
SAO_N404-11,São Paulo,3550308,True,,2360,,,-23.519194499999998,-46.5471035,,,,1,2023-06-20T10:34:49+00:00
SAO_N404-11,São Paulo,3550308,True,,2360,,,-23.611169,-46.4761165,,,,1,2023-06-20T10:34:40+00:00
SAO_8019-31,São Paulo,3550308,True,,2574,,,-23.58391525,-46.73634425,,,,1,2023-06-20T10:34:44+00:00
SAO_8019-31,São Paulo,3550308,True,,2574,,,-23.545325,-46.7467535,,,,1,2023-06-20T10:34:42+00:00
SAO_637G-10,São Paulo,3550308,True,EMTU,101,https://moovitapp.com/index/pt-br/transporte_p%C3%BAblico-line-101-Sao_Paulo-242-2038937-36419264-0,4.8,-23.61628125,-46.680235749999994,,,,1,2023-06-20T10:34:39+00:00
SAO_637G-10,São Paulo,3550308,True,EMTU,101,https://moovitapp.com/index/pt-br/transporte_p%C3%BAblico-line-101-Sao_Paulo-242-2038937-36419264-0,4.8,-23.7537615,-46.6807515,,,,1,2023-06-20T10:34:44+00:00
SAO_637G-10,São Paulo,3550308,True,EMTU,101,https://moovitapp.com/index/pt-br/transporte_p%C3%BAblico-line-101-Sao_Paulo-242-2038937-36419264-0,4.8,-23.719488,-46.698268999999996,,,,1,2023-06-20T10:34:29+00:00
SAO_8028-10,São Paulo,3550308,True,,35300,,,-23.6222185,-46.7278965,,,,2,2023-06-20T10:34:25+00:00
SAO_8028-10,São Paulo,3550308,True,,35300,,,-23.585691,-46.724018,,,,2,2023-06-20T10:34:47+00:00
SAO_8028-10,São Paulo,3550308,True,,35300,,,-23.585691,-46.724018,,,,2,2023-06-20T10:34:22+00:00
SAO_6021-10,São Paulo,3550308,True,EMTU,177,https://moovitapp.com/index/pt-br/transporte_p%C3%BAblico-line-177-Sao_Paulo-242-2038937-36419313-0,5.2,-23.7949015,-46.742418,,,,1,2023-06-20T10:34:19+00:00
SAO_6021-10,São Paulo,3550308,True,EMTU,177,https://moovitapp.com/index/pt-br/transporte_p%C3%BAblico-line-177-Sao_Paulo-242-2038937-36419313-0,5.2,-23.7668205,-46.716344500000005,,,,1,2023-06-20T10:34:14+00:00
SAO_6L01-10,São Paulo,3550308,True,,33939,,,-23.90679,-46.708217000000005,,,,2,2023-06-20T10:34:25+00:00
SAO_6L01-10,São Paulo,3550308,True,,33939,,,-23.9040965,-46.7164595,,,,2,2023-06-20T10:33:43+00:00
SAO_6L01-10,São Paulo,3550308,True,,33939,,,-23.90679,-46.708217000000005,,,,2,2023-06-20T10:34:29+00:00
SAO_6L01-10,São Paulo,3550308,True,,33939,,,-23.90679,-46.708217000000005,,,,2,2023-06-20T10:34:52+00:00
SAO_6L01-10,São Paulo,3550308,True,,33939,,,-23.7770115,-46.723006,,,,2,2023-06-20T10:34:36+00:00
SAO_2722-10,São Paulo,3550308,True,Urubupungá,935,https://moovitapp.com/index/pt-br/transporte_p%C3%BAblico-line-935-Sao_Paulo-242-873835-76437456-0,4.6,-23.4916555,-46.491724,,,,1,2023-06-20T10:31:39+00:00
SAO_2722-10,São Paulo,3550308,True,Urubupungá,935,https://moovitapp.com/index/pt-br/transporte_p%C3%BAblico-line-935-Sao_Paulo-242-873835-76437456-0,4.6,-23.504535,-46.49398575,,,,1,2023-06-20T10:34:33+00:00
SAO_2722-10,São Paulo,3550308,True,Urubupungá,935,https://moovitapp.com/index/pt-br/transporte_p%C3%BAblico-line-935-Sao_Paulo-242-873835-76437456-0,4.6,-23.5287615,-46.516549499999996,,,,1,2023-06-20T10:34:30+00:00
SAO_2722-10,São Paulo,3550308,True,Urubupungá,935,https://moovitapp.com/index/pt-br/transporte_p%C3%BAblico-line-935-Sao_Paulo-242-873835-76437456-0,4.6,-23.512660500000003,-46.5018715,,,,1,2023-06-20T10:34:50+00:00
SAO_7245-10,São Paulo,3550308,True,EMTU,363,https://moovitapp.com/index/pt-br/transporte_p%C3%BAblico-line-363-Sao_Paulo-242-2038937-36419444-0,5.1,-23.57759275,-46.686578499999996,,,,1,2023-06-20T10:34:16+00:00
SAO_7245-10,São Paulo,3550308,True,EMTU,363,https://moovitapp.com/index/pt-br/transporte_p%C3%BAblico-line-363-Sao_Paulo-242-2038937-36419444-0,5.1,-23.644465250000003,-46.708790625,,,,1,2023-06-20T10:34:11+00:00
SAO_3064-10,São Paulo,3550308,True,,33748,,,-23.543010000000002,-46.415261,,,,2,2023-06-20T10:34:48+00:00
SAO_3064-10,São Paulo,3550308,True,,33748,,,-23.5430265,-46.4157135,,,,2,2023-06-20T10:34:11+00:00
SAO_3064-10,São Paulo,3550308,True,,33748,,,-23.580378625,-46.4131895,,,,2,2023-06-20T10:34:13+00:00
SAO_3064-10,São Paulo,3550308,True,,33748,,,-23.601957499999997,-46.3986365,,,,2,2023-06-20T10:34:11+00:00
SAO_3064-10,São Paulo,3550308,True,,33748,,,-23.591196,-46.407560875,,,,2,2023-06-20T10:34:18+00:00
SAO_2161-10,São Paulo,3550308,True,,33462,,,-23.473947,-46.5664555,,,,2,2023-06-20T10:34:21+00:00
SAO_709A-10,São Paulo,3550308,True,,2092,,,-23.60222575,-46.69168475,,,,1,2023-06-20T10:34:15+00:00
SAO_709A-10,São Paulo,3550308,True,,2092,,,-23.6132095,-46.696375,,,,1,2023-06-20T10:34:29+00:00
SAO_8686-10,São Paulo,3550308,True,EMTU,446,https://moovitapp.com/index/pt-br/transporte_p%C3%BAblico-line-446-Sao_Paulo-242-2038937-36419492-0,4.8,-23.524784750000002,-46.703229750000006,,,,1,2023-06-20T10:34:37+00:00
SAO_8072-10,São Paulo,3550308,True,,2079,,,-23.642163,-46.766020499999996,,,,1,2023-06-20T10:34:47+00:00
SAO_8072-10,São Paulo,3550308,True,,2079,,,-23.62541625,-46.762594875000005,,,,1,2023-06-20T10:34:49+00:00
SAO_6003-21,São Paulo,3550308,True,,2576,,,-23.766613,-46.71643,,,,1,2023-06-20T10:34:54+00:00
SAO_9023-10,São Paulo,3550308,True,,1437,,,-23.41964,-46.717011,,,,1,2023-06-20T10:34:46+00:00
SAO_9023-10,São Paulo,3550308,True,,1437,,,-23.433519750000002,-46.71428375,,,,1,2023-06-20T10:34:24+00:00
SAO_9023-10,São Paulo,3550308,True,,1437,,,-23.453906,-46.71671,,,,1,2023-06-20T10:34:47+00:00
SAO_3025-10,São Paulo,3550308,True,,961,,,-23.5774585,-46.3974935,,,,1,2023-06-20T10:34:25+00:00
SAO_3025-10,São Paulo,3550308,True,,961,,,-23.571969,-46.394761,,,,1,2023-06-20T10:34:33+00:00
SAO_3738-10,São Paulo,3550308,True,,33806,,,-23.5629515,-46.3946025,,,,2,2023-06-20T10:33:43+00:00
SAO_6200-10,São Paulo,3550308,True,,33123,,,-23.654528,-46.7141635,,,,2,2023-06-20T10:34:25+00:00
SAO_6200-10,São Paulo,3550308,True,,33123,,,-23.654528,-46.7141635,,,,2,2023-06-20T10:34:32+00:00
SAO_9020-10,São Paulo,3550308,True,,1434,,,-23.4677355,-46.7192485,,,,1,2023-06-20T10:34:47+00:00
SAO_8528-10,São Paulo,3550308,True,,575,,,-23.518621,-46.678456249999996,,,,1,2023-06-20T10:34:40+00:00
SAO_8528-10,São Paulo,3550308,True,,575,,,-23.471311,-46.691913,,,,1,2023-06-20T10:34:40+00:00
SAO_8528-10,São Paulo,3550308,True,,575,,,-23.4744605,-46.690138000000005,,,,1,2023-06-20T10:34:54+00:00
SAO_8528-10,São Paulo,3550308,True,,575,,,-23.459378,-46.697677999999996,,,,1,2023-06-20T10:34:45+00:00
SAO_342N-10,São Paulo,3550308,True,,33771,,,-23.54088075,-46.42579125,,,,2,2023-06-20T10:34:25+00:00
SAO_342N-10,São Paulo,3550308,True,,33771,,,-23.5643065,-46.414635000000004,,,,2,2023-06-20T10:34:39+00:00
SAO_263J-10,São Paulo,3550308,True,,32987,,,-23.551687,-46.435559,,,,2,2023-06-20T10:34:19+00:00
SAO_1206-10,São Paulo,3550308,True,,33610,,,-23.52606925,-46.58249925,,,,2,2023-06-20T10:34:27+00:00
SAO_312N-10,São Paulo,3550308,True,,990,,,-23.5390525,-46.4079415,,,,1,2023-06-20T10:34:47+00:00
SAO_312N-10,São Paulo,3550308,True,,990,,,-23.56257875,-46.405970749999994,,,,1,2023-06-20T10:34:33+00:00
SAO_312N-10,São Paulo,3550308,True,,990,,,-23.564905500000002,-46.413205,,,,1,2023-06-20T10:34:53+00:00
SAO_N437-11,São Paulo,3550308,True,,35138,,,-23.56602,-46.395346,,,,2,2023-06-20T10:34:50+00:00
SAO_7021-10,São Paulo,3550308,True,,1989,,,-23.666354499999997,-46.7378455,,,,1,2023-06-20T10:34:16+00:00
SAO_6L10-41,São Paulo,3550308,True,,34773,,,-23.7876945,-46.765291000000005,,,,2,2023-06-20T10:34:26+00:00
SAO_6L10-41,São Paulo,3550308,True,,34773,,,-23.7880685,-46.765596,,,,2,2023-06-20T10:34:22+00:00
SAO_4029-10,São Paulo,3550308,True,,1099,,,-23.61459425,-46.500975,,,,1,2023-06-20T10:34:22+00:00
SAO_4029-10,São Paulo,3550308,True,,1099,,,-23.612773,-46.4946395,,,,1,2023-06-20T10:34:48+00:00
SAO_4029-10,São Paulo,3550308,True,,1099,,,-23.610467,-46.476589375,,,,1,2023-06-20T10:34:50+00:00
SAO_3791-10,São Paulo,3550308,True,,33837,,,-23.559270500000004,-46.511033375,,,,2,2023-06-20T10:34:27+00:00
SAO_3791-10,São Paulo,3550308,True,,33837,,,-23.5400215,-46.4910475,,,,2,2023-06-20T10:34:28+00:00
SAO_N842-11,São Paulo,3550308,True,,2441,,,-23.579487,-46.77879025,,,,1,2023-06-20T10:34:53+00:00
SAO_9015-10,São Paulo,3550308,True,,1269,,,-23.479917999999998,-46.712679,,,,1,2023-06-20T10:34:47+00:00
SAO_9015-10,São Paulo,3550308,True,,1269,,,-23.486749,-46.726936499999994,,,,1,2023-06-20T10:34:40+00:00
SAO_775N-10,São Paulo,3550308,True,,474,,,-23.576089,-46.765473,,,,1,2023-06-20T10:34:17+00:00
SAO_775N-10,São Paulo,3550308,True,,474,,,-23.576089,-46.765473,,,,1,2023-06-20T10:34:39+00:00
SAO_2523-10,São Paulo,3550308,True,,33018,,,-23.5216,-46.4253885,,,,2,2023-06-20T10:34:41+00:00
SAO_2523-10,São Paulo,3550308,True,,33018,,,-23.521709,-46.4250055,,,,2,2023-06-20T10:34:21+00:00
SAO_2523-10,São Paulo,3550308,True,,33018,,,-23.5154165,-46.455321,,,,2,2023-06-20T10:34:12+00:00
SAO_524L-10,São Paulo,3550308,True,,1715,,,-23.601045,-46.5367575,,,,1,2023-06-20T10:34:19+00:00
SAO_675R-10,São Paulo,3550308,True,,109,,,-23.7383025,-46.685518,,,,1,2023-06-20T10:34:21+00:00
SAO_675R-10,São Paulo,3550308,True,,109,,,-23.667166,-46.677718999999996,,,,1,2023-06-20T10:34:47+00:00
SAO_675R-10,São Paulo,3550308,True,,109,,,-23.752871,-46.688643,,,,1,2023-06-20T10:34:40+00:00
SAO_273R-42,São Paulo,3550308,True,EMTU,228,https://moovitapp.com/index/pt-br/transporte_p%C3%BAblico-line-228-Sao_Paulo-242-2038937-36419345-0,5.8,-23.517772125,-46.418576125,,,,1,2023-06-20T10:34:51+00:00
SAO_6039-10,São Paulo,3550308,True,,1217,,,-23.662627,-46.78067125,,,,1,2023-06-20T10:34:48+00:00
SAO_6039-10,São Paulo,3550308,True,,1217,,,-23.652227250000003,-46.708538,,,,1,2023-06-20T10:34:41+00:00
SAO_6039-10,São Paulo,3550308,True,,1217,,,-23.638677625,-46.721441875,,,,1,2023-06-20T10:30:01+00:00
SAO_172R-10,São Paulo,3550308,True,,33627,,,-23.467074,-46.58520775,,,,2,2023-06-20T10:34:13+00:00
SAO_172R-10,São Paulo,3550308,True,,33627,,,-23.465638499999997,-46.583501999999996,,,,2,2023-06-20T10:34:50+00:00
SAO_172R-10,São Paulo,3550308,True,,33627,,,-23.46643725,-46.584990250000004,,,,2,2023-06-20T10:34:52+00:00
SAO_7053-22,São Paulo,3550308,True,,34664,,,-23.6404155,-46.781168,,,,2,2023-06-20T10:34:55+00:00
SAO_N133-11,São Paulo,3550308,True,,35057,,,-23.4691345,-46.748286375,,,,2,2023-06-20T10:34:15+00:00
SAO_7055-10,São Paulo,3550308,True,,1888,,,-23.6919635,-46.7907745,,,,1,2023-06-20T10:34:26+00:00
SAO_7055-10,São Paulo,3550308,True,,1888,,,-23.633889500000002,-46.7741105,,,,1,2023-06-20T10:34:54+00:00
SAO_7055-10,São Paulo,3550308,True,,1888,,,-23.682030500000003,-46.787411000000006,,,,1,2023-06-20T10:34:42+00:00
SAO_7055-10,São Paulo,3550308,True,,1888,,,-23.6919635,-46.7907745,,,,1,2023-06-20T10:34:12+00:00
SAO_7055-10,São Paulo,3550308,True,,1888,,,-23.6700805,-46.7730215,,,,1,2023-06-20T10:34:20+00:00
SAO_7055-10,São Paulo,3550308,True,,1888,,,-23.6919635,-46.7907745,,,,1,2023-06-20T10:34:16+00:00
SAO_695H-10,São Paulo,3550308,True,,1196,,,-23.781298,-46.7139595,,,,1,2023-06-20T10:34:47+00:00
SAO_695H-10,São Paulo,3550308,True,,1196,,,-23.686279,-46.693618,,,,1,2023-06-20T10:34:34+00:00
SAO_695H-10,São Paulo,3550308,True,,1196,,,-23.734923000000002,-46.698987,,,,1,2023-06-20T10:34:44+00:00
SAO_5038-10,São Paulo,3550308,True,,34429,,,-23.602812,-46.60224,,,,2,2023-06-20T10:34:53+00:00
SAO_5038-10,São Paulo,3550308,True,,34429,,,-23.6499915,-46.608687,,,,2,2023-06-20T10:34:22+00:00
SAO_5038-10,São Paulo,3550308,True,,34429,,,-23.650012,-46.6139055,,,,2,2023-06-20T10:34:50+00:00
SAO_9014-10,São Paulo,3550308,True,,34193,,,-23.5207145,-46.700672499999996,,,,2,2023-06-20T10:32:53+00:00
SAO_9014-10,São Paulo,3550308,True,,34193,,,-23.4750185,-46.70448225,,,,2,2023-06-20T10:31:41+00:00
SAO_4004-10,São Paulo,3550308,True,,2178,,,-23.590121,-46.404954000000004,,,,1,2023-06-20T10:34:33+00:00
SAO_857P-10,São Paulo,3550308,True,,1926,,,-23.63137,-46.771866,,,,1,2023-06-20T10:34:56+00:00
SAO_857P-10,São Paulo,3550308,True,,1926,,,-23.59257925,-46.732662625,,,,1,2023-06-20T10:34:53+00:00
SAO_2202-10,São Paulo,3550308,True,,33678,,,-23.519743,-46.399969,,,,2,2023-06-20T10:34:21+00:00
SAO_2202-10,São Paulo,3550308,True,,33678,,,-23.488201,-46.382996500000004,,,,2,2023-06-20T10:34:39+00:00
SAO_2202-10,São Paulo,3550308,True,,33678,,,-23.48792525,-46.382452,,,,2,2023-06-20T10:33:59+00:00
SAO_2202-10,São Paulo,3550308,True,,33678,,,-23.534992,-46.401114500000006,,,,2,2023-06-20T10:34:15+00:00
SAO_2202-10,São Paulo,3550308,True,,33678,,,-23.496733499999998,-46.40522,,,,2,2023-06-20T10:34:39+00:00
SAO_2202-10,São Paulo,3550308,True,,33678,,,-23.48792525,-46.382452,,,,2,2023-06-20T10:33:09+00:00
SAO_4033-10,São Paulo,3550308,True,,1103,,,-23.61471125,-46.470661750000005,,,,1,2023-06-20T10:34:49+00:00
SAO_4033-10,São Paulo,3550308,True,,1103,,,-23.600694250000004,-46.53929675,,,,1,2023-06-20T10:34:17+00:00
SAO_4033-10,São Paulo,3550308,True,,1103,,,-23.599496000000002,-46.5300535,,,,1,2023-06-20T10:34:15+00:00
SAO_4033-10,São Paulo,3550308,True,,1103,,,-23.619726,-46.46088,,,,1,2023-06-20T10:34:48+00:00
SAO_6034-10,São Paulo,3550308,True,,95,,,-23.7410455,-46.69155675,,,,1,2023-06-20T10:34:29+00:00
SAO_6034-10,São Paulo,3550308,True,,95,,,-23.75496,-46.679184500000005,,,,1,2023-06-20T10:34:46+00:00
SAO_6034-10,São Paulo,3550308,True,,95,,,-23.734681375,-46.694479375,,,,1,2023-06-20T10:34:52+00:00
SAO_354M-10,São Paulo,3550308,True,,1619,,,-23.5589455,-46.445765,,,,1,2023-06-20T10:34:45+00:00
SAO_354M-10,São Paulo,3550308,True,,1619,,,-23.501222499999997,-46.44985,,,,1,2023-06-20T10:34:29+00:00
SAO_354M-10,São Paulo,3550308,True,,1619,,,-23.593293,-46.4452175,,,,1,2023-06-20T10:34:47+00:00
SAO_3459-21,São Paulo,3550308,True,,33171,,,-23.547625500000002,-46.629791499999996,,,,2,2023-06-20T10:34:53+00:00
SAO_3459-21,São Paulo,3550308,True,,33171,,,-23.547625500000002,-46.629791499999996,,,,2,2023-06-20T10:34:31+00:00
SAO_N333-11,São Paulo,3550308,True,,35113,,,-23.4902345,-46.375795999999994,,,,2,2023-06-20T10:34:20+00:00
SAO_9012-10,São Paulo,3550308,True,,1268,,,-23.4661715,-46.682623,,,,1,2023-06-20T10:34:47+00:00
SAO_9012-10,São Paulo,3550308,True,,1268,,,-23.473666,-46.683777,,,,1,2023-06-20T10:34:42+00:00
SAO_8050-10,São Paulo,3550308,True,,412,,,-23.442414499999998,-46.791465,,,,1,2023-06-20T10:34:36+00:00
SAO_8050-10,São Paulo,3550308,True,,412,,,-23.4469185,-46.787594999999996,,,,1,2023-06-20T10:34:47+00:00
SAO_9011-21,São Paulo,3550308,True,,34536,,,-23.4390845,-46.734372,,,,2,2023-06-20T10:34:51+00:00
SAO_9011-21,São Paulo,3550308,True,,34536,,,-23.446984,-46.7225025,,,,2,2023-06-20T10:34:21+00:00
SAO_9011-21,São Paulo,3550308,True,,34536,,,-23.45467,-46.738116000000005,,,,2,2023-06-20T10:34:34+00:00
SAO_5034-10,São Paulo,3550308,True,,1663,,,-23.6281535,-46.601566,,,,1,2023-06-20T10:34:40+00:00
SAO_5034-10,São Paulo,3550308,True,,1663,,,-23.653462500000003,-46.6025525,,,,1,2023-06-20T10:34:42+00:00
SAO_8549-10,São Paulo,3550308,True,,33348,,,-23.43706775,-46.71598675,,,,2,2023-06-20T10:34:36+00:00
SAO_407G-10,São Paulo,3550308,True,,34964,,,-23.612115,-46.4332405,,,,2,2023-06-20T10:34:33+00:00
SAO_407G-10,São Paulo,3550308,True,,34964,,,-23.61138675,-46.43386674999999,,,,2,2023-06-20T10:34:40+00:00
SAO_407G-10,São Paulo,3550308,True,,34964,,,-23.61138675,-46.43386674999999,,,,2,2023-06-20T10:34:19+00:00
SAO_407G-10,São Paulo,3550308,True,,34964,,,-23.61138675,-46.43386674999999,,,,2,2023-06-20T10:34:12+00:00
SAO_9717-10,São Paulo,3550308,True,,33585,,,-23.463628,-46.6811755,,,,2,2023-06-20T10:34:52+00:00
SAO_9717-10,São Paulo,3550308,True,,33585,,,-23.463628,-46.6811755,,,,2,2023-06-20T10:34:12+00:00
SAO_9717-10,São Paulo,3550308,True,,33585,,,-23.46344,-46.681362,,,,2,2023-06-20T10:34:17+00:00
SAO_2028-10,São Paulo,3550308,True,,2263,,,-23.4404995,-46.576930000000004,,,,1,2023-06-20T10:32:48+00:00
SAO_6813-10,São Paulo,3550308,True,BR7 Mobilidade,33,https://moovitapp.com/index/pt-br/transporte_p%C3%BAblico-line-33-Sao_Paulo-242-851856-529134-0,5.75,-23.6601165,-46.76611175000001,,,,1,2023-06-20T10:34:45+00:00
SAO_5018-10,São Paulo,3550308,True,,34260,,,-23.675586,-46.67307475,,,,2,2023-06-20T10:34:40+00:00
SAO_9784-10,São Paulo,3550308,True,,33595,,,-23.4507675,-46.683319374999996,,,,2,2023-06-20T10:34:44+00:00
SAO_6115-10,São Paulo,3550308,True,,33953,,,-23.7401655,-46.691473,,,,2,2023-06-20T10:34:24+00:00
SAO_6115-10,São Paulo,3550308,True,,33953,,,-23.74273625,-46.65895075,,,,2,2023-06-20T10:34:11+00:00
SAO_6115-10,São Paulo,3550308,True,,33953,,,-23.747712999999997,-46.6643605,,,,2,2023-06-20T10:34:54+00:00
SAO_6115-10,São Paulo,3550308,True,,33953,,,-23.74273625,-46.65895075,,,,2,2023-06-20T10:34:18+00:00
SAO_6115-10,São Paulo,3550308,True,,33953,,,-23.7427695,-46.6586195,,,,2,2023-06-20T10:34:36+00:00
SAO_2013-10,São Paulo,3550308,True,,33667,,,-23.4552945,-46.659262,,,,2,2023-06-20T10:34:30+00:00
SAO_2013-10,São Paulo,3550308,True,,33667,,,-23.47223525,-46.670243,,,,2,2023-06-20T10:34:12+00:00
SAO_2013-10,São Paulo,3550308,True,,33667,,,-23.454283,-46.658618,,,,2,2023-06-20T10:34:16+00:00
SAO_2013-10,São Paulo,3550308,True,,33667,,,-23.46454725,-46.67175175,,,,2,2023-06-20T10:34:24+00:00
SAO_6049-10,São Paulo,3550308,True,,1309,,,-23.660479000000002,-46.777412,,,,1,2023-06-20T10:34:29+00:00
SAO_6049-10,São Paulo,3550308,True,,1309,,,-23.650289,-46.708107,,,,1,2023-06-20T10:34:50+00:00
SAO_4027-10,São Paulo,3550308,True,,1097,,,-23.6417645,-46.439601,,,,1,2023-06-20T10:34:27+00:00
SAO_4027-10,São Paulo,3550308,True,,1097,,,-23.60457275,-46.48084675,,,,1,2023-06-20T10:34:39+00:00
SAO_4027-10,São Paulo,3550308,True,,1097,,,-23.641896000000003,-46.4389945,,,,1,2023-06-20T10:34:53+00:00
SAO_4027-10,São Paulo,3550308,True,,1097,,,-23.6418875,-46.439175500000005,,,,1,2023-06-20T10:34:47+00:00
SAO_1034-10,São Paulo,3550308,True,,2452,,,-23.4698085,-46.7033755,,,,1,2023-06-20T10:34:46+00:00
SAO_9191-10,São Paulo,3550308,True,,33578,,,-23.4559145,-46.678380000000004,,,,2,2023-06-20T10:34:50+00:00
SAO_9191-10,São Paulo,3550308,True,,33578,,,-23.456177500000003,-46.678882,,,,2,2023-06-20T10:34:16+00:00
SAO_9191-10,São Paulo,3550308,True,,33578,,,-23.4561095,-46.678686,,,,2,2023-06-20T10:34:30+00:00
SAO_509M-10,São Paulo,3550308,True,,1277,,,-23.67474525,-46.64259925,,,,1,2023-06-20T10:34:21+00:00
SAO_6816-31,São Paulo,3550308,True,,1748,,,-23.653551,-46.777357,,,,1,2023-06-20T10:34:48+00:00
SAO_6820-10,São Paulo,3550308,True,,32787,,,-23.6603565,-46.7770965,,,,2,2023-06-20T10:34:20+00:00
SAO_6820-10,São Paulo,3550308,True,,32787,,,-23.6603565,-46.7770965,,,,2,2023-06-20T10:34:47+00:00
SAO_6820-10,São Paulo,3550308,True,,32787,,,-23.658609,-46.78921425,,,,2,2023-06-20T10:34:41+00:00
SAO_6003-10,São Paulo,3550308,True,,1472,,,-23.729186,-46.698715,,,,1,2023-06-20T10:34:50+00:00
SAO_6003-10,São Paulo,3550308,True,,1472,,,-23.7611725,-46.715539500000006,,,,1,2023-06-20T10:34:21+00:00
SAO_9166-10,São Paulo,3550308,True,,707,,,-23.4666405,-46.668892,,,,1,2023-06-20T10:34:14+00:00
SAO_701A-10,São Paulo,3550308,True,,689,,,-23.502281,-46.5909,,,,1,2023-06-20T10:34:18+00:00
SAO_701A-10,São Paulo,3550308,True,,689,,,-23.538355250000002,-46.602380499999995,,,,1,2023-06-20T10:34:12+00:00
SAO_5391-10,São Paulo,3550308,True,,32939,,,-23.692826,-46.7782155,,,,2,2023-06-20T10:34:31+00:00
SAO_5391-10,São Paulo,3550308,True,,32939,,,-23.692586,-46.7779375,,,,2,2023-06-20T10:34:48+00:00
SAO_2705-10,São Paulo,3550308,True,,33685,,,-23.546270625000002,-46.393018375000004,,,,2,2023-06-20T10:34:53+00:00
SAO_N134-11,São Paulo,3550308,True,,2290,,,-23.474438499999998,-46.669928999999996,,,,1,2023-06-20T10:34:48+00:00
SAO_2715-10,São Paulo,3550308,True,,928,,,-23.513590999999998,-46.501145,,,,1,2023-06-20T10:34:40+00:00
SAO_2715-10,São Paulo,3550308,True,,928,,,-23.499942,-46.500414,,,,1,2023-06-20T10:34:10+00:00
SAO_7011-10,São Paulo,3550308,True,,34720,,,-23.707812,-46.7918005,,,,2,2023-06-20T10:34:37+00:00
SAO_7011-10,São Paulo,3550308,True,,34720,,,-23.6922445,-46.7772405,,,,2,2023-06-20T10:34:20+00:00
SAO_746R-10,São Paulo,3550308,True,,33558,,,-23.6099065,-46.7053325,,,,2,2023-06-20T10:34:16+00:00
SAO_746R-10,São Paulo,3550308,True,,33558,,,-23.6099065,-46.7053325,,,,2,2023-06-20T10:34:33+00:00
SAO_746R-10,São Paulo,3550308,True,,33558,,,-23.6099065,-46.7053325,,,,2,2023-06-20T10:34:11+00:00
SAO_809D-10,São Paulo,3550308,True,,2068,,,-23.5967685,-46.785057,,,,1,2023-06-20T10:34:49+00:00
SAO_6007-10,São Paulo,3550308,True,,176,,,-23.654640999999998,-46.762958999999995,,,,1,2023-06-20T10:34:51+00:00
SAO_6007-10,São Paulo,3550308,True,,176,,,-23.64501,-46.7295315,,,,1,2023-06-20T10:34:10+00:00
SAO_6007-10,São Paulo,3550308,True,,176,,,-23.6700745,-46.7376435,,,,1,2023-06-20T10:34:53+00:00
SAO_6007-10,São Paulo,3550308,True,,176,,,-23.663076500000003,-46.753264,,,,1,2023-06-20T10:34:11+00:00
SAO_8012-10,São Paulo,3550308,True,,34791,,,-23.55835075,-46.7365775,,,,2,2023-06-20T10:34:38+00:00
SAO_2009-10,São Paulo,3550308,True,,898,,,-23.53910375,-46.409848,,,,1,2023-06-20T10:34:53+00:00
SAO_2009-10,São Paulo,3550308,True,,898,,,-23.5099475,-46.413949,,,,1,2023-06-20T10:33:44+00:00
SAO_2009-10,São Paulo,3550308,True,,898,,,-23.542049,-46.4118605,,,,1,2023-06-20T10:34:39+00:00
SAO_2009-10,São Paulo,3550308,True,,898,,,-23.5099475,-46.413949,,,,1,2023-06-20T10:34:49+00:00
SAO_7282-10,São Paulo,3550308,True,,471,,,-23.545880500000003,-46.7544005,,,,1,2023-06-20T10:33:39+00:00
SAO_2762-10,São Paulo,3550308,True,,144,,,-23.500674,-46.501307,,,,1,2023-06-20T10:33:33+00:00
SAO_2762-10,São Paulo,3550308,True,,144,,,-23.52351575,-46.550139,,,,1,2023-06-20T10:34:31+00:00
SAO_1722-10,São Paulo,3550308,True,,864,,,-23.474717,-46.6580825,,,,1,2023-06-20T10:34:15+00:00
SAO_1722-10,São Paulo,3550308,True,,864,,,-23.482192,-46.672304,,,,1,2023-06-20T10:34:32+00:00
SAO_1722-10,São Paulo,3550308,True,,864,,,-23.482192,-46.672304,,,,1,2023-06-20T10:34:49+00:00
SAO_4028-10,São Paulo,3550308,True,,33866,,,-23.6279955,-46.451245,,,,2,2023-06-20T10:34:54+00:00
SAO_4028-10,São Paulo,3550308,True,,33866,,,-23.635024,-46.44711,,,,2,2023-06-20T10:34:34+00:00
SAO_4028-10,São Paulo,3550308,True,,33866,,,-23.593083,-46.4887815,,,,2,2023-06-20T10:34:24+00:00
SAO_3006-10,São Paulo,3550308,True,,1865,,,-23.548099999999998,-46.389815,,,,1,2023-06-20T10:34:25+00:00
SAO_3006-10,São Paulo,3550308,True,,1865,,,-23.545839,-46.393084,,,,1,2023-06-20T10:34:32+00:00
SAO_3006-10,São Paulo,3550308,True,,1865,,,-23.542219000000003,-46.414599,,,,1,2023-06-20T10:34:51+00:00
SAO_3006-10,São Paulo,3550308,True,,1865,,,-23.547311,-46.391461500000005,,,,1,2023-06-20T10:34:23+00:00
SAO_3006-10,São Paulo,3550308,True,,1865,,,-23.548099999999998,-46.389815,,,,1,2023-06-20T10:33:25+00:00
SAO_3006-10,São Paulo,3550308,True,,1865,,,-23.548099999999998,-46.389815,,,,1,2023-06-20T10:34:44+00:00
SAO_4732-31,São Paulo,3550308,True,,2127,,,-23.63145875,-46.6079965,,,,1,2023-06-20T10:34:35+00:00
SAO_273V-10,São Paulo,3550308,True,EMTU,231,https://moovitapp.com/index/pt-br/transporte_p%C3%BAblico-line-231-Sao_Paulo-242-2038937-36419348-0,6.2,-23.5204515,-46.43237975,,,,1,2023-06-20T10:34:13+00:00
SAO_875A-10,São Paulo,3550308,True,,33377,,,-23.641105500000002,-46.661388,,,,2,2023-06-20T10:34:38+00:00
SAO_875A-10,São Paulo,3550308,True,,33377,,,-23.535831,-46.6731015,,,,2,2023-06-20T10:34:38+00:00
SAO_N434-11,São Paulo,3550308,True,,35135,,,-23.583282500000003,-46.499087,,,,2,2023-06-20T10:32:35+00:00
SAO_1783-10,São Paulo,3550308,True,,33412,,,-23.3984435,-46.5775775,,,,2,2023-06-20T10:34:50+00:00
SAO_1783-10,São Paulo,3550308,True,,33412,,,-23.398522,-46.578048,,,,2,2023-06-20T10:27:40+00:00
SAO_178L-10,São Paulo,3550308,True,EMTU,560,https://moovitapp.com/index/pt-br/transporte_p%C3%BAblico-line-560-Sao_Paulo-242-2038937-36419561-0,6.2,-23.4751125,-46.64319,,,,1,2023-06-20T10:34:40+00:00
SAO_178L-10,São Paulo,3550308,True,EMTU,560,https://moovitapp.com/index/pt-br/transporte_p%C3%BAblico-line-560-Sao_Paulo-242-2038937-36419561-0,6.2,-23.531689125,-46.646019624999994,,,,1,2023-06-20T10:34:24+00:00
SAO_6836-10,São Paulo,3550308,True,BR7 Mobilidade,13,https://moovitapp.com/index/pt-br/transporte_p%C3%BAblico-line-13-Sao_Paulo-242-851856-705937-0,5.75,-23.643911000000003,-46.733135000000004,,,,1,2023-06-20T10:34:33+00:00
SAO_6836-10,São Paulo,3550308,True,BR7 Mobilidade,13,https://moovitapp.com/index/pt-br/transporte_p%C3%BAblico-line-13-Sao_Paulo-242-851856-705937-0,5.75,-23.6656035,-46.75419875,,,,1,2023-06-20T10:34:19+00:00
SAO_6836-10,São Paulo,3550308,True,BR7 Mobilidade,13,https://moovitapp.com/index/pt-br/transporte_p%C3%BAblico-line-13-Sao_Paulo-242-851856-705937-0,5.75,-23.684404999999998,-46.7817855,,,,1,2023-06-20T10:34:38+00:00
SAO_5129-41,São Paulo,3550308,True,,34742,,,-23.680512,-46.636660000000006,,,,2,2023-06-20T10:34:24+00:00
SAO_8073-10,São Paulo,3550308,True,,2081,,,-23.598914999999998,-46.7661705,,,,1,2023-06-20T10:34:51+00:00
SAO_8073-10,São Paulo,3550308,True,,2081,,,-23.5911225,-46.760706,,,,1,2023-06-20T10:34:31+00:00
SAO_8073-10,São Paulo,3550308,True,,2081,,,-23.5914395,-46.7359765,,,,1,2023-06-20T10:15:05+00:00
SAO_N131-11,São Paulo,3550308,True,,35055,,,-23.514558625,-46.717674375,,,,2,2023-06-20T10:34:15+00:00
SAO_2728-10,São Paulo,3550308,True,,943,,,-23.5014245,-46.512783,,,,1,2023-06-20T10:34:21+00:00
SAO_775F-10,São Paulo,3550308,True,,796,,,-23.609728,-46.752083999999996,,,,1,2023-06-20T10:34:22+00:00
SAO_775F-10,São Paulo,3550308,True,,796,,,-23.607549,-46.725491000000005,,,,1,2023-06-20T10:34:50+00:00
SAO_N841-11,São Paulo,3550308,True,,35208,,,-23.58123725,-46.63910325,,,,2,2023-06-20T10:34:49+00:00
SAO_8100-10,São Paulo,3550308,True,,1262,,,-23.487215,-46.726875,,,,1,2023-06-20T10:34:18+00:00
SAO_7545-10,São Paulo,3550308,True,,504,,,-23.5970695,-46.7908305,,,,1,2023-06-20T10:34:18+00:00
SAO_7023-10,São Paulo,3550308,True,,34920,,,-23.698786,-46.7627765,,,,2,2023-06-20T10:34:42+00:00
SAO_7023-10,São Paulo,3550308,True,,34920,,,-23.699361,-46.7632355,,,,2,2023-06-20T10:34:16+00:00
SAO_3761-10,São Paulo,3550308,True,,33819,,,-23.61803925,-46.42337725,,,,2,2023-06-20T10:34:28+00:00
SAO_3761-10,São Paulo,3550308,True,,33819,,,-23.61839375,-46.42342575,,,,2,2023-06-20T10:34:43+00:00
SAO_3761-10,São Paulo,3550308,True,,33819,,,-23.61839375,-46.42342575,,,,2,2023-06-20T10:34:54+00:00
SAO_3761-10,São Paulo,3550308,True,,33819,,,-23.61803925,-46.42337725,,,,2,2023-06-20T10:34:46+00:00
SAO_5630-10,São Paulo,3550308,True,,32846,,,-23.546747,-46.6164905,,,,2,2023-06-20T10:34:28+00:00
SAO_5630-10,São Paulo,3550308,True,,32846,,,-23.546747,-46.6164905,,,,2,2023-06-20T10:34:33+00:00
SAO_5630-10,São Paulo,3550308,True,,32846,,,-23.546747,-46.6164905,,,,2,2023-06-20T10:34:18+00:00
SAO_5630-10,São Paulo,3550308,True,,32846,,,-23.7379835,-46.6979615,,,,2,2023-06-20T10:34:45+00:00
SAO_5630-10,São Paulo,3550308,True,,32846,,,-23.7379835,-46.6979615,,,,2,2023-06-20T10:34:46+00:00
SAO_5630-10,São Paulo,3550308,True,,32846,,,-23.546747,-46.6164905,,,,2,2023-06-20T10:34:35+00:00
SAO_5630-10,São Paulo,3550308,True,,32846,,,-23.546747,-46.6164905,,,,2,2023-06-20T10:34:39+00:00
SAO_175P-10,São Paulo,3550308,True,,33443,,,-23.502966999999998,-46.6260415,,,,2,2023-06-20T10:34:37+00:00
SAO_175P-10,São Paulo,3550308,True,,33443,,,-23.502966999999998,-46.6260415,,,,2,2023-06-20T10:34:46+00:00
SAO_263J-10,São Paulo,3550308,True,EMTU,219,https://moovitapp.com/index/pt-br/transporte_p%C3%BAblico-line-219-Sao_Paulo-242-2038937-36419341-0,8.55,-23.52576275,-46.47479825,,,,1,2023-06-20T10:34:52+00:00
SAO_263J-10,São Paulo,3550308,True,EMTU,219,https://moovitapp.com/index/pt-br/transporte_p%C3%BAblico-line-219-Sao_Paulo-242-2038937-36419341-0,8.55,-23.549456,-46.4312205,,,,1,2023-06-20T10:34:51+00:00
SAO_3029-10,São Paulo,3550308,True,,33734,,,-23.585295,-46.5067185,,,,2,2023-06-20T10:34:47+00:00
SAO_3029-10,São Paulo,3550308,True,,33734,,,-23.586347500000002,-46.508592,,,,2,2023-06-20T10:34:49+00:00
SAO_6258-10,São Paulo,3550308,True,,34000,,,-23.6675885,-46.730721,,,,2,2023-06-20T10:34:52+00:00
SAO_6258-10,São Paulo,3550308,True,,34000,,,-23.665322,-46.71104,,,,2,2023-06-20T10:34:42+00:00
SAO_6258-10,São Paulo,3550308,True,,34000,,,-23.691446499999998,-46.7465235,,,,2,2023-06-20T10:34:47+00:00
SAO_6451-10,São Paulo,3550308,True,,61,,,-23.6544905,-46.761455,,,,1,2023-06-20T10:34:21+00:00
SAO_6451-10,São Paulo,3550308,True,,61,,,-23.629163999999996,-46.712872000000004,,,,1,2023-06-20T10:34:11+00:00
SAO_6825-10,São Paulo,3550308,True,BR7 Mobilidade,14,https://moovitapp.com/index/pt-br/transporte_p%C3%BAblico-line-14-Sao_Paulo-242-851856-183465-0,5.75,-23.685346,-46.800567,,,,1,2023-06-20T10:34:27+00:00
SAO_6825-10,São Paulo,3550308,True,BR7 Mobilidade,14,https://moovitapp.com/index/pt-br/transporte_p%C3%BAblico-line-14-Sao_Paulo-242-851856-183465-0,5.75,-23.6574455,-46.764188000000004,,,,1,2023-06-20T10:34:47+00:00
SAO_6825-10,São Paulo,3550308,True,BR7 Mobilidade,14,https://moovitapp.com/index/pt-br/transporte_p%C3%BAblico-line-14-Sao_Paulo-242-851856-183465-0,5.75,-23.685346,-46.800567,,,,1,2023-06-20T10:34:50+00:00
SAO_4717-10,São Paulo,3550308,True,EMTU,335,https://moovitapp.com/index/pt-br/transporte_p%C3%BAblico-line-335-Sao_Paulo-242-2038937-36419420-0,5.35,-23.63024525,-46.602977249999995,,,,1,2023-06-20T10:34:28+00:00
SAO_3751-10,São Paulo,3550308,True,,33815,,,-23.551851,-46.446431000000004,,,,2,2023-06-20T10:34:40+00:00
SAO_3751-10,São Paulo,3550308,True,,33815,,,-23.5695605,-46.4102685,,,,2,2023-06-20T10:34:25+00:00
SAO_6L02-10,São Paulo,3550308,True,,33946,,,-23.8883285,-46.7485785,,,,2,2023-06-20T10:34:55+00:00
SAO_675A-10,São Paulo,3550308,True,,1318,,,-23.639483374999998,-46.715384875,,,,1,2023-06-20T10:34:28+00:00
SAO_675A-10,São Paulo,3550308,True,,1318,,,-23.629296,-46.6670055,,,,1,2023-06-20T10:34:31+00:00
SAO_577T-10,São Paulo,3550308,True,,1291,,,-23.6892165,-46.635301,,,,1,2023-06-20T10:34:51+00:00
SAO_577T-10,São Paulo,3550308,True,,1291,,,-23.618917500000002,-46.639234,,,,1,2023-06-20T10:33:58+00:00
SAO_778R-10,São Paulo,3550308,True,EMTU,509,https://moovitapp.com/index/pt-br/transporte_p%C3%BAblico-line-509-Sao_Paulo-242-2038937-36419531-0,4.95,-23.585169999999998,-46.7660465,,,,1,2023-06-20T10:34:41+00:00
SAO_2016-10,São Paulo,3550308,True,,902,,,-23.502699,-46.375811,,,,1,2023-06-20T10:34:28+00:00
SAO_2016-10,São Paulo,3550308,True,,902,,,-23.502699,-46.375811,,,,1,2023-06-20T10:34:46+00:00
SAO_2016-10,São Paulo,3550308,True,,902,,,-23.49226925,-46.37904725,,,,1,2023-06-20T10:34:51+00:00
SAO_2016-10,São Paulo,3550308,True,,902,,,-23.502699,-46.375811,,,,1,2023-06-20T10:34:46+00:00
SAO_2016-10,São Paulo,3550308,True,,902,,,-23.49534425,-46.430323,,,,1,2023-06-20T10:34:27+00:00
SAO_627J-10,São Paulo,3550308,True,,2056,,,-23.680918874999996,-46.632875125,,,,1,2023-06-20T10:34:55+00:00
SAO_5013-31,São Paulo,3550308,True,,35004,,,-23.68346525,-46.64500700000001,,,,2,2023-06-20T10:34:28+00:00
SAO_407H-10,São Paulo,3550308,True,,2197,,,-23.622709999999998,-46.449493000000004,,,,1,2023-06-20T10:34:42+00:00
SAO_407H-10,São Paulo,3550308,True,,2197,,,-23.594773,-46.4452475,,,,1,2023-06-20T10:34:33+00:00
SAO_407H-10,São Paulo,3550308,True,,2197,,,-23.630965500000002,-46.4467205,,,,1,2023-06-20T10:34:27+00:00
SAO_407H-10,São Paulo,3550308,True,,2197,,,-23.6073405,-46.452166500000004,,,,1,2023-06-20T10:34:31+00:00
SAO_6049-10,São Paulo,3550308,True,,34077,,,-23.688822000000002,-46.799983499999996,,,,2,2023-06-20T10:34:11+00:00
SAO_4013-10,São Paulo,3550308,True,,34954,,,-23.635803,-46.4454185,,,,2,2023-06-20T10:34:17+00:00
SAO_4013-10,São Paulo,3550308,True,,34954,,,-23.6235405,-46.446826,,,,2,2023-06-20T10:34:32+00:00
SAO_4013-10,São Paulo,3550308,True,,34954,,,-23.612155,-46.4735505,,,,2,2023-06-20T10:34:32+00:00
SAO_8004-10,São Paulo,3550308,True,,34022,,,-23.470213,-46.75018849999999,,,,2,2023-06-20T10:34:30+00:00
SAO_372F-10,São Paulo,3550308,True,,33783,,,-23.552103000000002,-46.598889,,,,2,2023-06-20T10:34:28+00:00
SAO_372F-10,São Paulo,3550308,True,,33783,,,-23.552103000000002,-46.598889,,,,2,2023-06-20T10:34:41+00:00
SAO_372F-10,São Paulo,3550308,True,,33783,,,-23.552103000000002,-46.598889,,,,2,2023-06-20T10:34:53+00:00
SAO_6016-41,São Paulo,3550308,True,,1706,,,-23.769332,-46.680757,,,,1,2023-06-20T10:34:31+00:00
SAO_6016-41,São Paulo,3550308,True,,1706,,,-23.744446,-46.6905335,,,,1,2023-06-20T10:34:55+00:00
SAO_6016-41,São Paulo,3550308,True,,1706,,,-23.736994000000003,-46.69702,,,,1,2023-06-20T10:34:37+00:00
SAO_6016-41,São Paulo,3550308,True,,1706,,,-23.771125499999997,-46.68038850000001,,,,1,2023-06-20T10:34:17+00:00
SAO_172X-10,São Paulo,3550308,True,,33629,,,-23.504231249999997,-46.56582875,,,,2,2023-06-20T10:30:43+00:00
SAO_172X-10,São Paulo,3550308,True,,33629,,,-23.5043195,-46.56510075,,,,2,2023-06-20T10:34:25+00:00
SAO_172X-10,São Paulo,3550308,True,,33629,,,-23.504231249999997,-46.56582875,,,,2,2023-06-20T10:33:29+00:00
SAO_172X-10,São Paulo,3550308,True,,33629,,,-23.50426375,-46.565462249999996,,,,2,2023-06-20T10:31:52+00:00
SAO_172X-10,São Paulo,3550308,True,,33629,,,-23.504231249999997,-46.56582875,,,,2,2023-06-20T10:34:22+00:00
SAO_8038-10,São Paulo,3550308,True,,797,,,-23.541654,-46.75053749999999,,,,1,2023-06-20T10:34:13+00:00
SAO_8038-10,São Paulo,3550308,True,,797,,,-23.533514125,-46.734725375000004,,,,1,2023-06-20T10:34:13+00:00
SAO_3024-10,São Paulo,3550308,True,EMTU,277,https://moovitapp.com/index/pt-br/transporte_p%C3%BAblico-line-277-Sao_Paulo-242-2038937-36419380-0,8.15,-23.5829375,-46.5740005,,,,1,2023-06-20T10:34:34+00:00
SAO_N307-11,São Paulo,3550308,True,,2341,,,-23.56555875,-46.7010795,,,,1,2023-06-20T10:34:44+00:00
SAO_6012-10,São Paulo,3550308,True,,1204,,,-23.685298500000002,-46.770142500000006,,,,1,2023-06-20T10:34:18+00:00
SAO_6012-10,São Paulo,3550308,True,,1204,,,-23.677487,-46.761376,,,,1,2023-06-20T10:34:17+00:00
SAO_6012-10,São Paulo,3550308,True,,1204,,,-23.686561,-46.7870745,,,,1,2023-06-20T10:34:25+00:00
SAO_6012-10,São Paulo,3550308,True,,1204,,,-23.692538499999998,-46.784587,,,,1,2023-06-20T10:34:24+00:00
SAO_6012-10,São Paulo,3550308,True,,1204,,,-23.686436999999998,-46.7873475,,,,1,2023-06-20T10:34:45+00:00
SAO_6006-10,São Paulo,3550308,True,,32943,,,-23.667364,-46.680078,,,,2,2023-06-20T10:34:15+00:00
SAO_6006-10,São Paulo,3550308,True,,32943,,,-23.691152,-46.7599185,,,,2,2023-06-20T10:34:51+00:00
SAO_N337-11,São Paulo,3550308,True,,35117,,,-23.50910975,-46.414995,,,,2,2023-06-20T10:34:36+00:00
SAO_4734-10,São Paulo,3550308,True,,1109,,,-23.645803,-46.6078705,,,,1,2023-06-20T10:34:21+00:00
SAO_4734-10,São Paulo,3550308,True,,1109,,,-23.6247085,-46.626418,,,,1,2023-06-20T10:34:12+00:00
SAO_2730-10,São Paulo,3550308,True,Urubupungá,945,https://moovitapp.com/index/pt-br/transporte_p%C3%BAblico-line-945-Sao_Paulo-242-873835-75841138-0,4.6,-23.509039,-46.4487825,,,,1,2023-06-20T10:34:11+00:00
SAO_2730-10,São Paulo,3550308,True,Urubupungá,945,https://moovitapp.com/index/pt-br/transporte_p%C3%BAblico-line-945-Sao_Paulo-242-873835-75841138-0,4.6,-23.540062499999998,-46.482594375,,,,1,2023-06-20T10:34:20+00:00
SAO_2730-10,São Paulo,3550308,True,Urubupungá,945,https://moovitapp.com/index/pt-br/transporte_p%C3%BAblico-line-945-Sao_Paulo-242-873835-75841138-0,4.6,-23.519346,-46.4714115,,,,1,2023-06-20T10:34:22+00:00
SAO_2730-10,São Paulo,3550308,True,Urubupungá,945,https://moovitapp.com/index/pt-br/transporte_p%C3%BAblico-line-945-Sao_Paulo-242-873835-75841138-0,4.6,-23.510564000000002,-46.447309000000004,,,,1,2023-06-20T10:34:36+00:00
SAO_6007-10,São Paulo,3550308,True,,32944,,,-23.65399525,-46.716798999999995,,,,2,2023-06-20T10:34:51+00:00
SAO_107T-10,São Paulo,3550308,True,,33389,,,-23.4810725,-46.603761500000005,,,,2,2023-06-20T10:34:13+00:00
SAO_175T-10,São Paulo,3550308,True,,33391,,,-23.6329345,-46.6449335,,,,2,2023-06-20T10:34:46+00:00
SAO_175T-10,São Paulo,3550308,True,,33391,,,-23.5031265,-46.624462,,,,2,2023-06-20T10:34:46+00:00
SAO_175T-10,São Paulo,3550308,True,,33391,,,-23.6539315,-46.637958,,,,2,2023-06-20T10:34:16+00:00
SAO_175T-10,São Paulo,3550308,True,,33391,,,-23.549468,-46.6386235,,,,2,2023-06-20T10:34:35+00:00
SAO_175T-10,São Paulo,3550308,True,,33391,,,-23.503131,-46.6242855,,,,2,2023-06-20T10:34:39+00:00
SAO_342M-10,São Paulo,3550308,True,,747,,,-23.613857,-46.476304,,,,1,2023-06-20T10:34:44+00:00
SAO_342M-10,São Paulo,3550308,True,,747,,,-23.613857,-46.476304,,,,1,2023-06-20T10:34:56+00:00
SAO_342M-10,São Paulo,3550308,True,,747,,,-23.5838975,-46.4927795,,,,1,2023-06-20T10:34:31+00:00
SAO_342M-10,São Paulo,3550308,True,,747,,,-23.5283385,-46.554646000000005,,,,1,2023-06-20T10:34:34+00:00
SAO_342M-10,São Paulo,3550308,True,,747,,,-23.611961,-46.4750065,,,,1,2023-06-20T10:34:37+00:00
SAO_342M-10,São Paulo,3550308,True,,747,,,-23.54384125,-46.546339,,,,1,2023-06-20T10:34:43+00:00
SAO_6816-10,São Paulo,3550308,True,BR7 Mobilidade,26,https://moovitapp.com/index/pt-br/transporte_p%C3%BAblico-line-26-Sao_Paulo-242-851856-577923-0,5.75,-23.652935499999998,-46.776088,,,,1,2023-06-20T10:34:46+00:00
SAO_4018-10,São Paulo,3550308,True,,34959,,,-23.600949999999997,-46.399390499999996,,,,2,2023-06-20T10:34:49+00:00
SAO_4018-10,São Paulo,3550308,True,,34959,,,-23.60109525,-46.39926,,,,2,2023-06-20T10:34:18+00:00
SAO_4018-10,São Paulo,3550308,True,,34959,,,-23.600533,-46.39975,,,,2,2023-06-20T10:34:34+00:00
SAO_4018-10,São Paulo,3550308,True,,34959,,,-23.594739,-46.4462135,,,,2,2023-06-20T10:34:38+00:00
SAO_N301-11,São Paulo,3550308,True,,35103,,,-23.5173865,-46.47583825,,,,2,2023-06-20T10:34:32+00:00
SAO_5106-10,São Paulo,3550308,True,,1280,,,-23.6846085,-46.65325,,,,1,2023-06-20T10:34:47+00:00
SAO_5106-10,São Paulo,3550308,True,,1280,,,-23.6810745,-46.633699,,,,1,2023-06-20T10:34:48+00:00
SAO_N701-11,São Paulo,3550308,True,,35174,,,-23.646549812499998,-46.70300625,,,,2,2023-06-20T10:34:14+00:00
SAO_5154-10,São Paulo,3550308,True,,33121,,,-23.655067000000003,-46.716173125,,,,2,2023-06-20T10:34:47+00:00
SAO_5154-10,São Paulo,3550308,True,,33121,,,-23.654868999999998,-46.715183874999994,,,,2,2023-06-20T10:34:13+00:00
SAO_6046-10,São Paulo,3550308,True,,33991,,,-23.683948,-46.7815925,,,,2,2023-06-20T10:34:29+00:00
SAO_6046-10,São Paulo,3550308,True,,33991,,,-23.684404999999998,-46.7817855,,,,2,2023-06-20T10:34:40+00:00
SAO_6028-10,São Paulo,3550308,True,,33979,,,-23.70207,-46.744642,,,,2,2023-06-20T10:34:29+00:00
SAO_6028-10,São Paulo,3550308,True,,33979,,,-23.702019,-46.7446975,,,,2,2023-06-20T10:34:34+00:00
SAO_6028-10,São Paulo,3550308,True,,33979,,,-23.702140999999997,-46.744587499999994,,,,2,2023-06-20T10:34:39+00:00
SAO_6028-10,São Paulo,3550308,True,,33979,,,-23.6675885,-46.730721,,,,2,2023-06-20T10:34:36+00:00
SAO_6028-10,São Paulo,3550308,True,,33979,,,-23.702151,-46.7444065,,,,2,2023-06-20T10:34:51+00:00
SAO_6028-10,São Paulo,3550308,True,,33979,,,-23.701885,-46.7448945,,,,2,2023-06-20T10:34:22+00:00
SAO_2023-10,São Paulo,3550308,True,,35028,,,-23.4370975,-46.593472500000004,,,,2,2023-06-20T10:30:45+00:00
SAO_2023-10,São Paulo,3550308,True,,35028,,,-23.398296000000002,-46.577902,,,,2,2023-06-20T10:34:12+00:00
SAO_756A-10,São Paulo,3550308,True,,33561,,,-23.598115999999997,-46.7961385,,,,2,2023-06-20T10:34:10+00:00
SAO_756A-10,São Paulo,3550308,True,,33561,,,-23.598115999999997,-46.7961385,,,,2,2023-06-20T10:34:20+00:00
SAO_1738-10,São Paulo,3550308,True,,672,,,-23.483599,-46.6071105,,,,1,2023-06-20T10:31:42+00:00
SAO_1738-10,São Paulo,3550308,True,,672,,,-23.474033,-46.581053499999996,,,,1,2023-06-20T10:34:30+00:00
SAO_6091-51,São Paulo,3550308,True,,1691,,,-23.663342,-46.70634750000001,,,,1,2023-06-20T10:34:40+00:00
SAO_6091-51,São Paulo,3550308,True,,1691,,,-23.82240775,-46.735719687499994,,,,1,2023-06-20T10:34:22+00:00
SAO_5614-10,São Paulo,3550308,True,,1515,,,-23.6934005,-46.6577415,,,,1,2023-06-20T10:34:41+00:00
SAO_5614-10,São Paulo,3550308,True,,1515,,,-23.5998585,-46.6507595,,,,1,2023-06-20T10:34:41+00:00
SAO_3390-10,São Paulo,3550308,True,,33506,,,-23.6114525,-46.483546,,,,2,2023-06-20T10:34:20+00:00
SAO_3390-10,São Paulo,3550308,True,,33506,,,-23.570476,-46.595065000000005,,,,2,2023-06-20T10:34:30+00:00
SAO_3390-10,São Paulo,3550308,True,,33506,,,-23.6117525,-46.483436999999995,,,,2,2023-06-20T10:34:18+00:00
SAO_351F-10,São Paulo,3550308,True,,33455,,,-23.558504499999998,-46.5223195,,,,2,2023-06-20T10:34:30+00:00
SAO_351F-10,São Paulo,3550308,True,,33455,,,-23.531422749999997,-46.60186325,,,,2,2023-06-20T10:34:23+00:00
SAO_707A-10,São Paulo,3550308,True,,1990,,,-23.665875,-46.7128965,,,,1,2023-06-20T10:34:48+00:00
SAO_707A-10,São Paulo,3550308,True,,1990,,,-23.6754795,-46.756198,,,,1,2023-06-20T10:34:38+00:00
SAO_N332-11,São Paulo,3550308,True,,35112,,,-23.520111999999997,-46.496934249999995,,,,2,2023-06-20T10:34:29+00:00
SAO_857R-10,São Paulo,3550308,True,,1892,,,-23.620389250000002,-46.757758125,,,,1,2023-06-20T10:34:32+00:00
SAO_809T-10,São Paulo,3550308,True,,35014,,,-23.586624999999998,-46.802846,,,,2,2023-06-20T10:34:44+00:00
SAO_4222-10,São Paulo,3550308,True,EMTU,288,https://moovitapp.com/index/pt-br/transporte_p%C3%BAblico-line-288-Sao_Paulo-242-2038937-36419389-0,5.1,-23.612745,-46.5109645,,,,1,2023-06-20T10:34:06+00:00
SAO_4222-10,São Paulo,3550308,True,EMTU,288,https://moovitapp.com/index/pt-br/transporte_p%C3%BAblico-line-288-Sao_Paulo-242-2038937-36419389-0,5.1,-23.568756125,-46.597701875,,,,1,2023-06-20T10:34:17+00:00
SAO_3019-10,São Paulo,3550308,True,,957,,,-23.5829425,-46.407922,,,,1,2023-06-20T10:34:50+00:00
SAO_3008-10,São Paulo,3550308,True,,35283,,,-23.52351625,-46.39590125,,,,2,2023-06-20T10:34:49+00:00
SAO_3008-10,São Paulo,3550308,True,,35283,,,-23.498171499999998,-46.401257,,,,2,2023-06-20T10:34:12+00:00
SAO_7550-10,São Paulo,3550308,True,,2093,,,-23.654166500000002,-46.711513,,,,1,2023-06-20T10:34:30+00:00
SAO_695V-10,São Paulo,3550308,True,,8,,,-23.585733875000003,-46.649846125,,,,1,2023-06-20T10:34:37+00:00
SAO_695V-10,São Paulo,3550308,True,,8,,,-23.6517585,-46.75778675,,,,1,2023-06-20T10:34:26+00:00
SAO_9784-10,São Paulo,3550308,True,EMTU,827,https://moovitapp.com/index/pt-br/transporte_p%C3%BAblico-line-827-Sao_Paulo-242-2038937-36419596-0,12.1,-23.500079,-46.6647165,,,,1,2023-06-20T10:34:13+00:00
SAO_9784-10,São Paulo,3550308,True,EMTU,827,https://moovitapp.com/index/pt-br/transporte_p%C3%BAblico-line-827-Sao_Paulo-242-2038937-36419596-0,12.1,-23.4503535,-46.683854999999994,,,,1,2023-06-20T10:34:31+00:00
SAO_9784-10,São Paulo,3550308,True,EMTU,827,https://moovitapp.com/index/pt-br/transporte_p%C3%BAblico-line-827-Sao_Paulo-242-2038937-36419596-0,12.1,-23.4680205,-46.668636,,,,1,2023-06-20T10:34:50+00:00
SAO_709G-10,São Paulo,3550308,True,,2020,,,-23.666663999999997,-46.720772499999995,,,,1,2023-06-20T10:34:14+00:00
SAO_847J-10,São Paulo,3550308,True,,34110,,,-23.49131775,-46.70986,,,,2,2023-06-20T10:34:42+00:00
SAO_847J-10,São Paulo,3550308,True,,34110,,,-23.555694,-46.74268,,,,2,2023-06-20T10:34:14+00:00
SAO_6063-42,São Paulo,3550308,True,,2002,,,-23.815347,-46.66995975,,,,1,2023-06-20T10:34:20+00:00
SAO_6063-42,São Paulo,3550308,True,,2002,,,-23.767376,-46.716275499999995,,,,1,2023-06-20T10:34:42+00:00
SAO_6913-21,São Paulo,3550308,True,,34317,,,-23.766759999999998,-46.717308,,,,2,2023-06-20T10:34:37+00:00
SAO_6115-10,São Paulo,3550308,True,,1185,,,-23.7552135,-46.6770055,,,,1,2023-06-20T10:34:49+00:00
SAO_6115-10,São Paulo,3550308,True,,1185,,,-23.742955000000002,-46.665304875000004,,,,1,2023-06-20T10:34:15+00:00
SAO_6115-10,São Paulo,3550308,True,,1185,,,-23.744446,-46.6905335,,,,1,2023-06-20T10:34:46+00:00
SAO_3721-10,São Paulo,3550308,True,,1019,,,-23.562742749999998,-46.49864625000001,,,,1,2023-06-20T10:34:35+00:00
SAO_3721-10,São Paulo,3550308,True,,1019,,,-23.5622725,-46.493492,,,,1,2023-06-20T10:34:51+00:00
SAO_372U-10,São Paulo,3550308,True,,1016,,,-23.554918,-46.545455000000004,,,,1,2023-06-20T10:34:36+00:00
SAO_8016-10,São Paulo,3550308,True,,1346,,,-23.4337045,-46.727669500000005,,,,1,2023-06-20T10:34:25+00:00
SAO_8016-10,São Paulo,3550308,True,,1346,,,-23.467176000000002,-46.7243235,,,,1,2023-06-20T10:34:22+00:00
SAO_3003-10,São Paulo,3550308,True,,34565,,,-23.479100875,-46.421538125,,,,2,2023-06-20T10:34:25+00:00
SAO_3003-10,São Paulo,3550308,True,,34565,,,-23.481939,-46.430823000000004,,,,2,2023-06-20T10:34:30+00:00
SAO_2733-10,São Paulo,3550308,True,,948,,,-23.539994,-46.4576665,,,,1,2023-06-20T10:34:14+00:00
SAO_2733-10,São Paulo,3550308,True,,948,,,-23.5164575,-46.453842,,,,1,2023-06-20T10:34:53+00:00
SAO_2733-10,São Paulo,3550308,True,,948,,,-23.516286,-46.457437,,,,1,2023-06-20T10:34:12+00:00
SAO_N202-11,São Paulo,3550308,True,,35080,,,-23.5488295,-46.6743095,,,,2,2023-06-20T10:34:19+00:00
SAO_938C-10,São Paulo,3550308,True,,586,,,-23.481229,-46.723877,,,,1,2023-06-20T10:34:45+00:00
SAO_938C-10,São Paulo,3550308,True,,586,,,-23.4437535,-46.7127525,,,,1,2023-06-20T10:34:44+00:00
SAO_5164-10,São Paulo,3550308,True,,1283,,,-23.645481,-46.664199999999994,,,,1,2023-06-20T10:34:12+00:00
SAO_5164-10,São Paulo,3550308,True,,1283,,,-23.6466305,-46.6450555,,,,1,2023-06-20T10:34:31+00:00
SAO_5164-10,São Paulo,3550308,True,,1283,,,-23.6468385,-46.645112,,,,1,2023-06-20T10:34:47+00:00
SAO_5011-10,São Paulo,3550308,True,,33883,,,-23.706204,-46.641568,,,,2,2023-06-20T10:34:29+00:00
SAO_128Y-10,São Paulo,3550308,True,,33611,,,-23.457446,-46.673119,,,,2,2023-06-20T10:34:30+00:00
SAO_8215-10,São Paulo,3550308,True,,33342,,,-23.461624,-46.7081955,,,,2,2023-06-20T10:34:53+00:00
SAO_3718-10,São Paulo,3550308,True,,33781,,,-23.541107,-46.4847105,,,,2,2023-06-20T10:34:15+00:00
SAO_3718-10,São Paulo,3550308,True,,33781,,,-23.5529105,-46.4843045,,,,2,2023-06-20T10:34:13+00:00
SAO_3718-10,São Paulo,3550308,True,,33781,,,-23.540547,-46.485232999999994,,,,2,2023-06-20T10:34:39+00:00
SAO_3718-10,São Paulo,3550308,True,,33781,,,-23.541107,-46.4847105,,,,2,2023-06-20T10:34:51+00:00
SAO_5110-41,São Paulo,3550308,True,,34978,,,-23.612764499999997,-46.482476500000004,,,,2,2023-06-20T10:34:13+00:00
SAO_2552-10,São Paulo,3550308,True,,142,,,-23.5221795,-46.53074975,,,,1,2023-06-20T10:34:36+00:00
SAO_2552-10,São Paulo,3550308,True,,142,,,-23.53574375,-46.5730255,,,,1,2023-06-20T10:34:39+00:00
SAO_2552-10,São Paulo,3550308,True,,142,,,-23.54041625,-46.612528,,,,1,2023-06-20T10:34:42+00:00
SAO_2552-10,São Paulo,3550308,True,,142,,,-23.485118,-46.434993,,,,1,2023-06-20T10:34:52+00:00
SAO_6031-10,São Paulo,3550308,True,,32860,,,-23.73824725,-46.69784775,,,,2,2023-06-20T10:34:34+00:00
SAO_6031-10,São Paulo,3550308,True,,32860,,,-23.747227,-46.6980795,,,,2,2023-06-20T10:34:49+00:00
SAO_6031-10,São Paulo,3550308,True,,32860,,,-23.753878,-46.708732499999996,,,,2,2023-06-20T10:34:12+00:00
SAO_6010-10,São Paulo,3550308,True,,33970,,,-23.667592,-46.7354985,,,,2,2023-06-20T10:34:31+00:00
SAO_6010-10,São Paulo,3550308,True,,33970,,,-23.693631500000002,-46.7942325,,,,2,2023-06-20T10:34:54+00:00
SAO_6010-10,São Paulo,3550308,True,,33970,,,-23.693499,-46.7941555,,,,2,2023-06-20T10:34:52+00:00
SAO_6010-10,São Paulo,3550308,True,,33970,,,-23.6932185,-46.794213,,,,2,2023-06-20T10:34:44+00:00
SAO_6010-10,São Paulo,3550308,True,,33970,,,-23.693569500000002,-46.794188,,,,2,2023-06-20T10:34:13+00:00
SAO_6010-10,São Paulo,3550308,True,,33970,,,-23.6933645,-46.794154,,,,2,2023-06-20T10:33:58+00:00
SAO_6010-10,São Paulo,3550308,True,,33970,,,-23.6938785,-46.7945825,,,,2,2023-06-20T10:34:38+00:00
SAO_6010-10,São Paulo,3550308,True,,33970,,,-23.6933645,-46.794154,,,,2,2023-06-20T10:34:27+00:00
SAO_775F-10,São Paulo,3550308,True,,33564,,,-23.625425999999997,-46.7482945,,,,2,2023-06-20T10:34:29+00:00
SAO_3001-10,São Paulo,3550308,True,,34418,,,-23.500946,-46.39231,,,,2,2023-06-20T10:34:37+00:00
SAO_847J-10,São Paulo,3550308,True,,1342,,,-23.468055,-46.7248625,,,,1,2023-06-20T10:34:31+00:00
SAO_5034-10,São Paulo,3550308,True,,34431,,,-23.6157595,-46.6014405,,,,2,2023-06-20T10:34:26+00:00
SAO_5034-10,São Paulo,3550308,True,,34431,,,-23.6530245,-46.602299,,,,2,2023-06-20T10:34:12+00:00
SAO_2727-10,São Paulo,3550308,True,,33710,,,-23.521929,-46.4574135,,,,2,2023-06-20T10:34:30+00:00
SAO_2727-10,São Paulo,3550308,True,,33710,,,-23.5225175,-46.460607499999995,,,,2,2023-06-20T10:34:48+00:00
SAO_2727-10,São Paulo,3550308,True,,33710,,,-23.539928500000002,-46.482043874999995,,,,2,2023-06-20T10:34:38+00:00
SAO_352A-10,São Paulo,3550308,True,,32932,,,-23.492287,-46.4407255,,,,2,2023-06-20T10:34:50+00:00
SAO_352A-10,São Paulo,3550308,True,,32932,,,-23.593915375,-46.4882985,,,,2,2023-06-20T10:34:34+00:00
SAO_9002-10,São Paulo,3550308,True,,870,,,-23.4579405,-46.6705775,,,,1,2023-06-20T10:34:29+00:00
SAO_9002-10,São Paulo,3550308,True,,870,,,-23.457428999999998,-46.6675345,,,,1,2023-06-20T10:34:53+00:00
SAO_5026-10,São Paulo,3550308,True,,1635,,,-23.606018499999998,-46.4969105,,,,1,2023-06-20T10:34:16+00:00
SAO_2703-10,São Paulo,3550308,True,,33683,,,-23.539225000000002,-46.469462500000006,,,,2,2023-06-20T10:34:01+00:00
SAO_1726-10,São Paulo,3550308,True,,34171,,,-23.502707,-46.624029,,,,2,2023-06-20T10:34:08+00:00
SAO_172K-10,São Paulo,3550308,True,,857,,,-23.4809225,-46.603260500000005,,,,1,2023-06-20T10:34:29+00:00
SAO_2123-10,São Paulo,3550308,True,,33460,,,-23.4886805,-46.582163,,,,2,2023-06-20T10:34:34+00:00
SAO_4724-10,São Paulo,3550308,True,,2060,,,-23.5392325,-46.496395250000006,,,,1,2023-06-20T10:34:45+00:00
SAO_4021-10,São Paulo,3550308,True,,35316,,,-23.542792499999997,-46.470580999999996,,,,2,2023-06-20T10:34:30+00:00
SAO_4021-10,São Paulo,3550308,True,,35316,,,-23.542766999999998,-46.470433,,,,2,2023-06-20T10:34:53+00:00
SAO_4021-10,São Paulo,3550308,True,,35316,,,-23.542792499999997,-46.470580999999996,,,,2,2023-06-20T10:34:38+00:00
SAO_4021-10,São Paulo,3550308,True,,35316,,,-23.542792499999997,-46.470580999999996,,,,2,2023-06-20T10:34:53+00:00
SAO_4021-10,São Paulo,3550308,True,,35316,,,-23.542792499999997,-46.470580999999996,,,,2,2023-06-20T10:34:11+00:00
SAO_4021-10,São Paulo,3550308,True,,35316,,,-23.542792499999997,-46.470580999999996,,,,2,2023-06-20T10:34:54+00:00
SAO_N634-11,São Paulo,3550308,True,,2399,,,-23.665822000000002,-46.677959,,,,1,2023-06-20T10:34:26+00:00
SAO_7012-10,São Paulo,3550308,True,,34811,,,-23.7115665,-46.7780305,,,,2,2023-06-20T10:34:14+00:00
SAO_7012-10,São Paulo,3550308,True,,34811,,,-23.7103945,-46.77583224999999,,,,2,2023-06-20T10:34:45+00:00
SAO_7012-10,São Paulo,3550308,True,,34811,,,-23.7103945,-46.77583224999999,,,,2,2023-06-20T10:34:45+00:00
SAO_7012-10,São Paulo,3550308,True,,34811,,,-23.6753815,-46.748957,,,,2,2023-06-20T10:34:40+00:00
SAO_5317-10,São Paulo,3550308,True,,69,,,-23.71901475,-46.67920225,,,,1,2023-06-20T10:32:20+00:00
SAO_373T-10,São Paulo,3550308,True,,33859,,,-23.587554,-46.54402975,,,,2,2023-06-20T10:34:34+00:00
SAO_373T-10,São Paulo,3550308,True,,33859,,,-23.553219625,-46.600659125,,,,2,2023-06-20T10:34:15+00:00
SAO_2705-10,São Paulo,3550308,True,,917,,,-23.5456135,-46.3931195,,,,1,2023-06-20T10:34:10+00:00
SAO_2705-10,São Paulo,3550308,True,,917,,,-23.543808499999997,-46.410647,,,,1,2023-06-20T10:34:18+00:00
SAO_2705-10,São Paulo,3550308,True,,917,,,-23.545738,-46.393099500000005,,,,1,2023-06-20T10:34:52+00:00
SAO_2705-10,São Paulo,3550308,True,,917,,,-23.5420685,-46.471511,,,,1,2023-06-20T10:34:52+00:00
SAO_148L-10,São Paulo,3550308,True,EMTU,531,https://moovitapp.com/index/pt-br/transporte_p%C3%BAblico-line-531-Sao_Paulo-242-2038937-36419543-0,4.4,-23.50206,-46.6731325,,,,1,2023-06-20T10:34:37+00:00
SAO_148L-10,São Paulo,3550308,True,EMTU,531,https://moovitapp.com/index/pt-br/transporte_p%C3%BAblico-line-531-Sao_Paulo-242-2038937-36419543-0,4.4,-23.4756,-46.6504855,,,,1,2023-06-20T10:34:18+00:00
SAO_1780-10,São Paulo,3550308,True,,869,,,-23.456062,-46.585029500000005,,,,1,2023-06-20T10:34:45+00:00
SAO_675G-10,São Paulo,3550308,True,,32874,,,-23.75338125,-46.68576,,,,2,2023-06-20T10:33:58+00:00
SAO_675G-10,São Paulo,3550308,True,,32874,,,-23.753743999999998,-46.687236,,,,2,2023-06-20T10:34:41+00:00
SAO_272N-10,São Paulo,3550308,True,,705,,,-23.5068925,-46.571434499999995,,,,1,2023-06-20T10:34:34+00:00
SAO_809L-10,São Paulo,3550308,True,,34717,,,-23.6317515,-46.7727405,,,,2,2023-06-20T10:34:50+00:00
SAO_745M-10,São Paulo,3550308,True,,33550,,,-23.6824585,-46.6907875,,,,2,2023-06-20T10:34:31+00:00
SAO_745M-10,São Paulo,3550308,True,,33550,,,-23.6824585,-46.6907875,,,,2,2023-06-20T10:34:25+00:00
SAO_745M-10,São Paulo,3550308,True,,33550,,,-23.67134,-46.740787499999996,,,,2,2023-06-20T10:34:26+00:00
SAO_745M-10,São Paulo,3550308,True,,33550,,,-23.630817,-46.767892,,,,2,2023-06-20T10:34:55+00:00
SAO_745M-10,São Paulo,3550308,True,,33550,,,-23.6824585,-46.6907875,,,,2,2023-06-20T10:34:45+00:00
SAO_6076-10,São Paulo,3550308,True,,33933,,,-23.733666,-46.6772885,,,,2,2023-06-20T10:34:11+00:00
SAO_6076-10,São Paulo,3550308,True,,33933,,,-23.7337955,-46.677476999999996,,,,2,2023-06-20T10:34:11+00:00
SAO_N206-11,São Paulo,3550308,True,,35084,,,-23.4833315,-46.635647500000005,,,,2,2023-06-20T10:34:32+00:00
SAO_3762-10,São Paulo,3550308,True,,33821,,,-23.5909755,-46.5166185,,,,2,2023-06-20T10:34:44+00:00
SAO_3762-10,São Paulo,3550308,True,,33821,,,-23.587030499999997,-46.5169335,,,,2,2023-06-20T10:34:54+00:00
SAO_4002-10,São Paulo,3550308,True,,34945,,,-23.558082,-46.3995945,,,,2,2023-06-20T10:34:19+00:00
SAO_809J-10,São Paulo,3550308,True,,2066,,,-23.592208499999998,-46.712430999999995,,,,1,2023-06-20T10:34:42+00:00
SAO_809J-10,São Paulo,3550308,True,,2066,,,-23.5945265,-46.731556499999996,,,,1,2023-06-20T10:34:15+00:00
SAO_118Y-10,São Paulo,3550308,True,,33609,,,-23.471871999999998,-46.6346485,,,,2,2023-06-20T10:34:44+00:00
SAO_1177-10,São Paulo,3550308,True,,32897,,,-23.5361185,-46.632417000000004,,,,2,2023-06-20T10:34:32+00:00
SAO_1177-10,São Paulo,3550308,True,,32897,,,-23.5361185,-46.632417000000004,,,,2,2023-06-20T10:34:36+00:00
SAO_1177-10,São Paulo,3550308,True,,32897,,,-23.5361185,-46.632417000000004,,,,2,2023-06-20T10:34:34+00:00
SAO_1177-10,São Paulo,3550308,True,,32897,,,-23.5361185,-46.632417000000004,,,,2,2023-06-20T10:34:41+00:00
SAO_1177-10,São Paulo,3550308,True,,32897,,,-23.5361185,-46.632417000000004,,,,2,2023-06-20T10:34:42+00:00
SAO_1177-10,São Paulo,3550308,True,,32897,,,-23.5361185,-46.632417000000004,,,,2,2023-06-20T10:34:46+00:00
SAO_1177-10,São Paulo,3550308,True,,32897,,,-23.5361185,-46.632417000000004,,,,2,2023-06-20T10:34:51+00:00
SAO_1177-10,São Paulo,3550308,True,,32897,,,-23.5361185,-46.632417000000004,,,,2,2023-06-20T10:34:21+00:00
SAO_5111-10,São Paulo,3550308,True,,48,,,-23.588065999999998,-46.671693000000005,,,,1,2023-06-20T10:34:55+00:00
SAO_5111-10,São Paulo,3550308,True,,48,,,-23.546077500000003,-46.631047,,,,1,2023-06-20T10:34:22+00:00
SAO_6003-10,São Paulo,3550308,True,,34240,,,-23.735022999999998,-46.6957585,,,,2,2023-06-20T10:34:20+00:00
SAO_6003-10,São Paulo,3550308,True,,34240,,,-23.736701500000002,-46.696777499999996,,,,2,2023-06-20T10:34:14+00:00
SAO_6003-10,São Paulo,3550308,True,,34240,,,-23.762645999999997,-46.7157025,,,,2,2023-06-20T10:34:31+00:00
SAO_6003-10,São Paulo,3550308,True,,34240,,,-23.7377555,-46.6976535,,,,2,2023-06-20T10:34:34+00:00
SAO_6063-42,São Paulo,3550308,True,,34770,,,-23.772605,-46.70924275,,,,2,2023-06-20T10:34:13+00:00
SAO_6063-42,São Paulo,3550308,True,,34770,,,-23.809403,-46.6612485,,,,2,2023-06-20T10:34:42+00:00
SAO_6063-42,São Paulo,3550308,True,,34770,,,-23.809403,-46.6612485,,,,2,2023-06-20T10:34:47+00:00
SAO_4734-10,São Paulo,3550308,True,,33877,,,-23.642179499999997,-46.6067185,,,,2,2023-06-20T10:34:32+00:00
SAO_8026-10,São Paulo,3550308,True,,2083,,,-23.59181125,-46.73579,,,,1,2023-06-20T10:34:12+00:00
SAO_8026-10,São Paulo,3550308,True,,2083,,,-23.629977500000003,-46.7458955,,,,1,2023-06-20T10:34:37+00:00
SAO_3459-24,São Paulo,3550308,True,,34495,,,-23.547625500000002,-46.629791499999996,,,,2,2023-06-20T10:34:47+00:00
SAO_6030-10,São Paulo,3550308,True,,1142,,,-23.735510625000003,-46.703497625000004,,,,1,2023-06-20T10:34:27+00:00
SAO_6030-10,São Paulo,3550308,True,,1142,,,-23.706224875000004,-46.700448625,,,,1,2023-06-20T10:34:54+00:00
SAO_4031-10,São Paulo,3550308,True,,1101,,,-23.604106,-46.516469,,,,1,2023-06-20T10:34:26+00:00
SAO_4031-10,São Paulo,3550308,True,,1101,,,-23.5934235,-46.554685000000006,,,,1,2023-06-20T10:34:37+00:00
SAO_4031-10,São Paulo,3550308,True,,1101,,,-23.61408,-46.517419000000004,,,,1,2023-06-20T10:34:35+00:00
SAO_4031-10,São Paulo,3550308,True,,1101,,,-23.6118145,-46.509783,,,,1,2023-06-20T10:34:12+00:00
SAO_7052-10,São Paulo,3550308,True,,34654,,,-23.6525575,-46.773193,,,,2,2023-06-20T10:34:31+00:00
SAO_7052-10,São Paulo,3550308,True,,34654,,,-23.6330375,-46.7729265,,,,2,2023-06-20T10:34:12+00:00
SAO_7052-10,São Paulo,3550308,True,,34654,,,-23.652754,-46.773064500000004,,,,2,2023-06-20T10:34:33+00:00
SAO_476G-41,São Paulo,3550308,True,,1112,,,-23.6102795,-46.5296235,,,,1,2023-06-20T10:34:31+00:00
SAO_476G-41,São Paulo,3550308,True,,1112,,,-23.607120000000002,-46.536206500000006,,,,1,2023-06-20T10:34:37+00:00
SAO_476G-41,São Paulo,3550308,True,,1112,,,-23.6102795,-46.5296235,,,,1,2023-06-20T10:34:20+00:00
SAO_2363-10,São Paulo,3550308,True,,135,,,-23.498493,-46.501718499999996,,,,1,2023-06-20T10:34:32+00:00
SAO_2363-10,São Paulo,3550308,True,,135,,,-23.539987,-46.61139225,,,,1,2023-06-20T10:34:31+00:00
SAO_4011-10,São Paulo,3550308,True,,2184,,,-23.622194,-46.413724,,,,1,2023-06-20T10:34:53+00:00
SAO_4011-10,São Paulo,3550308,True,,2184,,,-23.598791499999997,-46.468892,,,,1,2023-06-20T10:34:38+00:00
SAO_4011-10,São Paulo,3550308,True,,2184,,,-23.595607875,-46.437750124999994,,,,1,2023-06-20T10:34:13+00:00
SAO_2010-10,São Paulo,3550308,True,,2104,,,-23.516329,-46.625257500000004,,,,1,2023-06-20T10:34:26+00:00
SAO_2010-10,São Paulo,3550308,True,,2104,,,-23.476959,-46.5640815,,,,1,2023-06-20T10:34:20+00:00
SAO_2709-10,São Paulo,3550308,True,,922,,,-23.523196499999997,-46.481209,,,,1,2023-06-20T10:34:11+00:00
SAO_2709-10,São Paulo,3550308,True,,922,,,-23.529814000000002,-46.5011675,,,,1,2023-06-20T10:34:14+00:00
SAO_6083-10,São Paulo,3550308,True,,34501,,,-23.7533675,-46.669934,,,,2,2023-06-20T10:34:22+00:00
SAO_6083-10,São Paulo,3550308,True,,34501,,,-23.737187499999997,-46.6971815,,,,2,2023-06-20T10:34:20+00:00
SAO_6083-10,São Paulo,3550308,True,,34501,,,-23.7563975,-46.6678165,,,,2,2023-06-20T10:34:30+00:00
SAO_5109-10,São Paulo,3550308,True,,1851,,,-23.585085499999998,-46.582558500000005,,,,1,2023-06-20T10:34:14+00:00
SAO_N137-11,São Paulo,3550308,True,,2293,,,-23.405466999999998,-46.73688775,,,,1,2023-06-20T10:34:43+00:00
SAO_2720-31,São Paulo,3550308,True,,1842,,,-23.493471,-46.470558,,,,1,2023-06-20T10:34:36+00:00
SAO_8021-10,São Paulo,3550308,True,,34841,,,-23.576906,-46.7658355,,,,2,2023-06-20T10:34:34+00:00
SAO_6016-10,São Paulo,3550308,True,,84,,,-23.7566485,-46.685188999999994,,,,1,2023-06-20T10:34:43+00:00
SAO_6016-10,São Paulo,3550308,True,,84,,,-23.74375,-46.691297,,,,1,2023-06-20T10:34:35+00:00
SAO_6016-10,São Paulo,3550308,True,,84,,,-23.7716985,-46.6731285,,,,1,2023-06-20T10:34:29+00:00
SAO_6016-10,São Paulo,3550308,True,,84,,,-23.7716985,-46.6731285,,,,1,2023-06-20T10:34:41+00:00
SAO_5110-41,São Paulo,3550308,True,,2210,,,-23.6127315,-46.491023999999996,,,,1,2023-06-20T10:34:11+00:00
SAO_8014-10,São Paulo,3550308,True,,801,,,-23.4517985,-46.793624,,,,1,2023-06-20T10:34:11+00:00
SAO_7903-10,São Paulo,3550308,True,,512,,,-23.566491375000002,-46.68198112499999,,,,1,2023-06-20T10:34:55+00:00
SAO_4742-10,São Paulo,3550308,True,,33110,,,-23.6483385,-46.6134515,,,,2,2023-06-20T10:34:43+00:00
SAO_4742-10,São Paulo,3550308,True,,33110,,,-23.6496705,-46.6138115,,,,2,2023-06-20T10:34:51+00:00
SAO_737A-10,São Paulo,3550308,True,,34498,,,-23.6902125,-46.773815,,,,2,2023-06-20T10:34:32+00:00
SAO_737A-10,São Paulo,3550308,True,,34498,,,-23.675596499999997,-46.7491525,,,,2,2023-06-20T10:34:46+00:00
SAO_2713-10,São Paulo,3550308,True,,32988,,,-23.5314745,-46.5534315,,,,2,2023-06-20T10:34:49+00:00
SAO_172K-10,São Paulo,3550308,True,,33625,,,-23.456574500000002,-46.5947105,,,,2,2023-06-20T10:34:33+00:00
SAO_172K-10,São Paulo,3550308,True,,33625,,,-23.456656000000002,-46.5947925,,,,2,2023-06-20T10:34:39+00:00
SAO_2756-10,São Paulo,3550308,True,,33006,,,-23.544410499999998,-46.390766,,,,2,2023-06-20T10:34:53+00:00
SAO_8025-10,São Paulo,3550308,True,,34844,,,-23.5914875,-46.735569999999996,,,,2,2023-06-20T10:34:35+00:00
SAO_5630-10,São Paulo,3550308,True,,78,,,-23.7374635,-46.697805,,,,1,2023-06-20T10:34:33+00:00
SAO_5630-10,São Paulo,3550308,True,,78,,,-23.652473999999998,-46.6792795,,,,1,2023-06-20T10:34:45+00:00
SAO_5630-10,São Paulo,3550308,True,,78,,,-23.692147249999998,-46.698293250000006,,,,1,2023-06-20T10:34:40+00:00
SAO_5630-10,São Paulo,3550308,True,,78,,,-23.7374635,-46.697805,,,,1,2023-06-20T10:34:48+00:00
SAO_5630-10,São Paulo,3550308,True,,78,,,-23.728143000000003,-46.699055,,,,1,2023-06-20T10:34:44+00:00
SAO_5630-10,São Paulo,3550308,True,,78,,,-23.7374635,-46.697805,,,,1,2023-06-20T10:34:09+00:00
SAO_5630-10,São Paulo,3550308,True,,78,,,-23.7374635,-46.697805,,,,1,2023-06-20T10:34:29+00:00
SAO_2765-10,São Paulo,3550308,True,,32913,,,-23.49302575,-46.493033749999995,,,,2,2023-06-20T10:34:36+00:00
SAO_2765-10,São Paulo,3550308,True,,32913,,,-23.49302575,-46.493033749999995,,,,2,2023-06-20T10:33:28+00:00
SAO_7057-10,São Paulo,3550308,True,,34665,,,-23.64922775,-46.78505225,,,,2,2023-06-20T10:34:33+00:00
SAO_7057-10,São Paulo,3550308,True,,34665,,,-23.64904925,-46.78534475,,,,2,2023-06-20T10:34:52+00:00
SAO_7057-10,São Paulo,3550308,True,,34665,,,-23.6365825,-46.7782305,,,,2,2023-06-20T10:33:50+00:00
SAO_7057-10,São Paulo,3550308,True,,34665,,,-23.64922775,-46.78505225,,,,2,2023-06-20T10:34:44+00:00
SAO_637R-10,São Paulo,3550308,True,,32964,,,-23.719750500000004,-46.769661125,,,,2,2023-06-20T10:34:19+00:00
SAO_637R-10,São Paulo,3550308,True,,32964,,,-23.7198,-46.7691775,,,,2,2023-06-20T10:34:31+00:00
SAO_637R-10,São Paulo,3550308,True,,32964,,,-23.7198,-46.7691775,,,,2,2023-06-20T10:34:18+00:00
SAO_637R-10,São Paulo,3550308,True,,32964,,,-23.720212500000002,-46.769873624999995,,,,2,2023-06-20T10:34:38+00:00
SAO_5791-10,São Paulo,3550308,True,,607,,,-23.71619,-46.62593,,,,1,2023-06-20T10:34:47+00:00
SAO_5791-10,São Paulo,3550308,True,,607,,,-23.694505,-46.6475115,,,,1,2023-06-20T10:34:47+00:00
SAO_7001-10,São Paulo,3550308,True,,1722,,,-23.7005065,-46.781556,,,,1,2023-06-20T10:34:48+00:00
SAO_7001-10,São Paulo,3550308,True,,1722,,,-23.69138175,-46.77535775,,,,1,2023-06-20T10:34:48+00:00
SAO_7001-10,São Paulo,3550308,True,,1722,,,-23.7247405,-46.7552985,,,,1,2023-06-20T10:34:48+00:00
SAO_7001-10,São Paulo,3550308,True,,1722,,,-23.722670125,-46.76453825,,,,1,2023-06-20T10:34:30+00:00
SAO_7001-10,São Paulo,3550308,True,,1722,,,-23.720345000000002,-46.75921625,,,,1,2023-06-20T10:32:19+00:00
SAO_4286-10,São Paulo,3550308,True,,33094,,,-23.609021,-46.5287105,,,,2,2023-06-20T10:34:40+00:00
SAO_N238-11,São Paulo,3550308,True,,35095,,,-23.449148,-46.588454,,,,2,2023-06-20T10:34:16+00:00
SAO_2734-10,São Paulo,3550308,True,,1760,,,-23.5082941875,-46.4168498125,,,,1,2023-06-20T10:34:12+00:00
SAO_2734-10,São Paulo,3550308,True,,1760,,,-23.512009,-46.40866,,,,1,2023-06-20T10:34:12+00:00
SAO_2734-10,São Paulo,3550308,True,,1760,,,-23.506639,-46.424655,,,,1,2023-06-20T10:34:42+00:00
SAO_2734-10,São Paulo,3550308,True,,1760,,,-23.529871,-46.44775,,,,1,2023-06-20T10:34:39+00:00
SAO_2734-10,São Paulo,3550308,True,,1760,,,-23.5068175,-46.4245065,,,,1,2023-06-20T10:34:38+00:00
SAO_2734-10,São Paulo,3550308,True,,1760,,,-23.508739624999997,-46.435629625,,,,1,2023-06-20T10:34:03+00:00
SAO_2709-31,São Paulo,3550308,True,,33691,,,-23.529587499999998,-46.5004265,,,,2,2023-06-20T10:34:49+00:00
SAO_2709-31,São Paulo,3550308,True,,33691,,,-23.52891075,-46.49439325,,,,2,2023-06-20T10:34:29+00:00
SAO_575C-10,São Paulo,3550308,True,,1686,,,-23.5780355,-46.602048499999995,,,,1,2023-06-20T10:34:43+00:00
SAO_N835-11,São Paulo,3550308,True,,35202,,,-23.603091999999997,-46.79156075,,,,2,2023-06-20T10:34:31+00:00
SAO_297A-10,São Paulo,3550308,True,,34901,,,-23.5251275,-46.6660255,,,,2,2023-06-20T10:34:17+00:00
SAO_297A-10,São Paulo,3550308,True,,34901,,,-23.5251275,-46.6660255,,,,2,2023-06-20T10:34:41+00:00
SAO_1703-10,São Paulo,3550308,True,,847,,,-23.4405095,-46.5770125,,,,1,2023-06-20T10:33:07+00:00
SAO_6058-10,São Paulo,3550308,True,,1149,,,-23.767591,-46.7163045,,,,1,2023-06-20T10:34:48+00:00
SAO_6058-10,São Paulo,3550308,True,,1149,,,-23.7670935,-46.686482,,,,1,2023-06-20T10:34:38+00:00
SAO_5318-10,São Paulo,3550308,True,,45,,,-23.642229625,-46.715749499999994,,,,1,2023-06-20T10:34:32+00:00
SAO_5318-10,São Paulo,3550308,True,,45,,,-23.6687365,-46.74659,,,,1,2023-06-20T10:34:42+00:00
SAO_5318-10,São Paulo,3550308,True,,45,,,-23.621113,-46.6786125,,,,1,2023-06-20T10:29:31+00:00
SAO_746K-10,São Paulo,3550308,True,STT,787,https://moovitapp.com/index/pt-br/transporte_p%C3%BAblico-line-787-Sao_Paulo-242-850661-183355-0,5.3,-23.62589,-46.7186925,,,,1,2023-06-20T10:34:42+00:00
SAO_N342-11,São Paulo,3550308,True,,35122,,,-23.515363,-46.52040099999999,,,,2,2023-06-20T10:34:37+00:00
SAO_N603-11,São Paulo,3550308,True,,35162,,,-23.684044,-46.633611,,,,2,2023-06-20T10:34:10+00:00
SAO_3746-10,São Paulo,3550308,True,EMTU,283,https://moovitapp.com/index/pt-br/transporte_p%C3%BAblico-line-283-Sao_Paulo-242-2038937-36419384-0,5.2,-23.5428375,-46.587731000000005,,,,1,2023-06-20T10:34:31+00:00
SAO_3746-10,São Paulo,3550308,True,EMTU,283,https://moovitapp.com/index/pt-br/transporte_p%C3%BAblico-line-283-Sao_Paulo-242-2038937-36419384-0,5.2,-23.5915035,-46.5033445,,,,1,2023-06-20T10:34:19+00:00
SAO_6338-10,São Paulo,3550308,True,,1293,,,-23.6562825,-46.6481135,,,,1,2023-06-20T10:34:19+00:00
SAO_857C-10,São Paulo,3550308,True,,1901,,,-23.6409265,-46.766452,,,,1,2023-06-20T10:34:45+00:00
SAO_857C-10,São Paulo,3550308,True,,1901,,,-23.630678500000002,-46.690394,,,,1,2023-06-20T10:34:55+00:00
SAO_546L-10,São Paulo,3550308,True,,34053,,,-23.68928725,-46.63729575,,,,2,2023-06-20T10:34:16+00:00
SAO_6L04-41,São Paulo,3550308,True,,1566,,,-23.8617925,-46.750795,,,,1,2023-06-20T10:34:01+00:00
SAO_3728-41,São Paulo,3550308,True,,34756,,,-23.5431125,-46.48502825,,,,2,2023-06-20T10:34:43+00:00
SAO_N633-11,São Paulo,3550308,True,,35166,,,-23.63853925,-46.67246575,,,,2,2023-06-20T10:34:17+00:00
SAO_8700-1,São Paulo,3550308,True,,35276,,,-23.631218,-46.773197499999995,,,,2,2023-06-20T10:34:13+00:00
SAO_172J-10,São Paulo,3550308,True,,33624,,,-23.479367500000002,-46.568922,,,,2,2023-06-20T10:34:33+00:00
SAO_172J-10,São Paulo,3550308,True,,33624,,,-23.479194,-46.5689705,,,,2,2023-06-20T10:34:42+00:00
SAO_4716-10,São Paulo,3550308,True,,1106,,,-23.601743,-46.601547,,,,1,2023-06-20T10:34:34+00:00
SAO_N301-11,São Paulo,3550308,True,,2335,,,-23.54209775,-46.61522575,,,,1,2023-06-20T10:34:42+00:00
SAO_677V-10,São Paulo,3550308,True,EMTU,112,https://moovitapp.com/index/pt-br/transporte_p%C3%BAblico-line-112-Sao_Paulo-242-2038937-36419272-0,5.7,-23.72531275,-46.704132,,,,1,2023-06-20T10:34:40+00:00
SAO_677V-10,São Paulo,3550308,True,EMTU,112,https://moovitapp.com/index/pt-br/transporte_p%C3%BAblico-line-112-Sao_Paulo-242-2038937-36419272-0,5.7,-23.740881,-46.707511,,,,1,2023-06-20T10:34:45+00:00
SAO_677V-10,São Paulo,3550308,True,EMTU,112,https://moovitapp.com/index/pt-br/transporte_p%C3%BAblico-line-112-Sao_Paulo-242-2038937-36419272-0,5.7,-23.744489,-46.7097325,,,,1,2023-06-20T10:34:42+00:00
SAO_957T-10,São Paulo,3550308,True,,33232,,,-23.596197,-46.6919465,,,,2,2023-06-20T10:34:47+00:00
SAO_5105-10,São Paulo,3550308,True,,1651,,,-23.58287925,-46.599747125,,,,1,2023-06-20T10:34:33+00:00
SAO_5105-10,São Paulo,3550308,True,,1651,,,-23.602994000000002,-46.602816000000004,,,,1,2023-06-20T10:34:18+00:00
SAO_4056-10,São Paulo,3550308,True,,2237,,,-23.599230750000004,-46.4634925,,,,1,2023-06-20T10:34:14+00:00
SAO_4056-10,São Paulo,3550308,True,,2237,,,-23.607075000000002,-46.4513815,,,,1,2023-06-20T10:34:47+00:00
SAO_4056-10,São Paulo,3550308,True,,2237,,,-23.607128,-46.451662999999996,,,,1,2023-06-20T10:34:18+00:00
SAO_4056-10,São Paulo,3550308,True,,2237,,,-23.607154,-46.451569,,,,1,2023-06-20T10:33:30+00:00
SAO_6913-21,São Paulo,3550308,True,,1549,,,-23.766790999999998,-46.716458,,,,1,2023-06-20T10:34:13+00:00
SAO_6913-21,São Paulo,3550308,True,,1549,,,-23.766790999999998,-46.716458,,,,1,2023-06-20T10:34:32+00:00
SAO_6047-10,São Paulo,3550308,True,,1224,,,-23.66187825,-46.762285,,,,1,2023-06-20T10:34:32+00:00
SAO_6047-10,São Paulo,3550308,True,,1224,,,-23.6687965,-46.764152499999994,,,,1,2023-06-20T10:34:41+00:00
SAO_6047-10,São Paulo,3550308,True,,1224,,,-23.6686645,-46.763990500000006,,,,1,2023-06-20T10:34:18+00:00
SAO_7049-10,São Paulo,3550308,True,,34680,,,-23.711143749999998,-46.778219750000005,,,,2,2023-06-20T10:34:34+00:00
SAO_7049-10,São Paulo,3550308,True,,34680,,,-23.71138725,-46.77812725,,,,2,2023-06-20T10:34:39+00:00
SAO_7049-10,São Paulo,3550308,True,,34680,,,-23.711143749999998,-46.778219750000005,,,,2,2023-06-20T10:34:22+00:00
SAO_7049-10,São Paulo,3550308,True,,34680,,,-23.71138725,-46.77812725,,,,2,2023-06-20T10:34:40+00:00
SAO_7049-10,São Paulo,3550308,True,,34680,,,-23.6315095,-46.772093,,,,2,2023-06-20T10:34:51+00:00
SAO_7049-10,São Paulo,3550308,True,,34680,,,-23.7115665,-46.7780305,,,,2,2023-06-20T10:34:55+00:00
SAO_7013-10,São Paulo,3550308,True,,775,,,-23.591237,-46.7360755,,,,1,2023-06-20T10:34:55+00:00
SAO_7013-10,São Paulo,3550308,True,,775,,,-23.6336705,-46.758232,,,,1,2023-06-20T10:34:49+00:00
SAO_7013-10,São Paulo,3550308,True,,775,,,-23.639982,-46.749115,,,,1,2023-06-20T10:34:53+00:00
SAO_407P-10,São Paulo,3550308,True,,2200,,,-23.542288,-46.41069675,,,,1,2023-06-20T10:34:13+00:00
SAO_407P-10,São Paulo,3550308,True,,2200,,,-23.54212625,-46.481714749999995,,,,1,2023-06-20T10:34:21+00:00
SAO_2765-10,São Paulo,3550308,True,EMTU,145,https://moovitapp.com/index/pt-br/transporte_p%C3%BAblico-line-145-Sao_Paulo-242-2038937-36419293-0,5.35,-23.50582,-46.516756,,,,1,2023-06-20T10:34:34+00:00
SAO_2765-10,São Paulo,3550308,True,EMTU,145,https://moovitapp.com/index/pt-br/transporte_p%C3%BAblico-line-145-Sao_Paulo-242-2038937-36419293-0,5.35,-23.5397765,-46.5765665,,,,1,2023-06-20T10:34:14+00:00
SAO_2765-10,São Paulo,3550308,True,EMTU,145,https://moovitapp.com/index/pt-br/transporte_p%C3%BAblico-line-145-Sao_Paulo-242-2038937-36419293-0,5.35,-23.534119,-46.57558925,,,,1,2023-06-20T10:34:33+00:00
SAO_2765-10,São Paulo,3550308,True,EMTU,145,https://moovitapp.com/index/pt-br/transporte_p%C3%BAblico-line-145-Sao_Paulo-242-2038937-36419293-0,5.35,-23.514964,-46.5458845,,,,1,2023-06-20T10:34:53+00:00
SAO_2765-10,São Paulo,3550308,True,EMTU,145,https://moovitapp.com/index/pt-br/transporte_p%C3%BAblico-line-145-Sao_Paulo-242-2038937-36419293-0,5.35,-23.5034425,-46.5034285,,,,1,2023-06-20T10:34:48+00:00
SAO_5109-10,São Paulo,3550308,True,,34619,,,-23.547353,-46.6287365,,,,2,2023-06-20T10:34:10+00:00
SAO_5109-10,São Paulo,3550308,True,,34619,,,-23.547353,-46.6287365,,,,2,2023-06-20T10:34:28+00:00
SAO_5109-10,São Paulo,3550308,True,,34619,,,-23.547292,-46.6287735,,,,2,2023-06-20T10:34:49+00:00
SAO_9181-10,São Paulo,3550308,True,,33653,,,-23.457380999999998,-46.696545,,,,2,2023-06-20T10:34:40+00:00
SAO_9181-10,São Paulo,3550308,True,,33653,,,-23.457219000000002,-46.696751,,,,2,2023-06-20T10:34:31+00:00
SAO_9181-10,São Paulo,3550308,True,,33653,,,-23.457219000000002,-46.696751,,,,2,2023-06-20T10:34:31+00:00
SAO_N535-11,São Paulo,3550308,True,,2387,,,-23.65571025,-46.61434625,,,,1,2023-06-20T10:34:43+00:00
SAO_118C-10,São Paulo,3550308,True,,519,,,-23.475215,-46.638718,,,,1,2023-06-20T10:34:50+00:00
SAO_118C-10,São Paulo,3550308,True,,519,,,-23.46075625,-46.66565825,,,,1,2023-06-20T10:34:18+00:00
SAO_4017-10,São Paulo,3550308,True,,34958,,,-23.5905825,-46.3823535,,,,2,2023-06-20T10:34:34+00:00
SAO_4017-10,São Paulo,3550308,True,,34958,,,-23.586646,-46.383129499999995,,,,2,2023-06-20T10:31:30+00:00
SAO_4017-10,São Paulo,3550308,True,,34958,,,-23.60046425,-46.400230750000006,,,,2,2023-06-20T10:34:50+00:00
SAO_4017-10,São Paulo,3550308,True,,34958,,,-23.580503,-46.4039955,,,,2,2023-06-20T10:32:07+00:00
SAO_4113-10,São Paulo,3550308,True,,768,,,-23.60181325,-46.61281475,,,,1,2023-06-20T10:34:36+00:00
SAO_4021-10,São Paulo,3550308,True,,2548,,,-23.561562000000002,-46.446068749999995,,,,1,2023-06-20T10:34:35+00:00
SAO_4021-10,São Paulo,3550308,True,,2548,,,-23.5404465,-46.463225,,,,1,2023-06-20T10:34:50+00:00
SAO_4021-10,São Paulo,3550308,True,,2548,,,-23.561562000000002,-46.446068749999995,,,,1,2023-06-20T10:34:26+00:00
SAO_4053-10,São Paulo,3550308,True,,2146,,,-23.554454,-46.3941925,,,,1,2023-06-20T10:34:13+00:00
SAO_4053-10,São Paulo,3550308,True,,2146,,,-23.553117999999998,-46.394191,,,,1,2023-06-20T10:30:33+00:00
SAO_4053-10,São Paulo,3550308,True,,2146,,,-23.544991000000003,-46.4080535,,,,1,2023-06-20T10:34:07+00:00
SAO_121G-10,São Paulo,3550308,True,,691,,,-23.518654500000004,-46.568054249999996,,,,1,2023-06-20T10:34:40+00:00
SAO_574A-10,São Paulo,3550308,True,,33370,,,-23.6636745,-46.63802325,,,,2,2023-06-20T10:34:31+00:00
SAO_N537-11,São Paulo,3550308,True,,35157,,,-23.563752875,-46.619027,,,,2,2023-06-20T10:34:12+00:00
SAO_971X-10,São Paulo,3550308,True,,1695,,,-23.476567,-46.6630275,,,,1,2023-06-20T10:34:16+00:00
SAO_971X-10,São Paulo,3550308,True,,1695,,,-23.503059999999998,-46.625513,,,,1,2023-06-20T10:34:30+00:00
SAO_971X-10,São Paulo,3550308,True,,1695,,,-23.4747695,-46.669715,,,,1,2023-06-20T10:34:45+00:00
SAO_3004-10,São Paulo,3550308,True,,1798,,,-23.4787225,-46.4204685,,,,1,2023-06-20T10:34:48+00:00
SAO_2020-10,São Paulo,3550308,True,,35030,,,-23.458359,-46.606503000000004,,,,2,2023-06-20T10:33:18+00:00
SAO_5300-10,São Paulo,3550308,True,EMTU,354,https://moovitapp.com/index/pt-br/transporte_p%C3%BAblico-line-354-Sao_Paulo-242-2038937-36419437-0,7.55,-23.551139999999997,-46.632251499999995,,,,1,2023-06-20T10:34:54+00:00
SAO_5300-10,São Paulo,3550308,True,EMTU,354,https://moovitapp.com/index/pt-br/transporte_p%C3%BAblico-line-354-Sao_Paulo-242-2038937-36419437-0,7.55,-23.644316125000003,-46.700134500000004,,,,1,2023-06-20T10:34:39+00:00
SAO_5300-10,São Paulo,3550308,True,EMTU,354,https://moovitapp.com/index/pt-br/transporte_p%C3%BAblico-line-354-Sao_Paulo-242-2038937-36419437-0,7.55,-23.6071845,-46.665484,,,,1,2023-06-20T10:34:35+00:00
SAO_4724-10,São Paulo,3550308,True,,34828,,,-23.531094,-46.50255,,,,2,2023-06-20T10:34:35+00:00
SAO_5178-10,São Paulo,3550308,True,,595,,,-23.628353,-46.662602500000006,,,,1,2023-06-20T10:34:50+00:00
SAO_5178-10,São Paulo,3550308,True,,595,,,-23.688044,-46.63901275,,,,1,2023-06-20T10:34:43+00:00
SAO_746P-10,São Paulo,3550308,True,,33556,,,-23.617432,-46.7210475,,,,2,2023-06-20T10:34:50+00:00
SAO_746P-10,São Paulo,3550308,True,,788,,,-23.621681,-46.7285205,,,,1,2023-06-20T10:34:53+00:00
SAO_746P-10,São Paulo,3550308,True,,788,,,-23.618063,-46.72137,,,,1,2023-06-20T10:34:44+00:00
SAO_8010-10,São Paulo,3550308,True,,33566,,,-23.419337,-46.749284,,,,2,2023-06-20T10:34:17+00:00
SAO_3686-10,São Paulo,3550308,True,EMTU,166,https://moovitapp.com/index/pt-br/transporte_p%C3%BAblico-line-166-Sao_Paulo-242-2038937-36419307-0,7.8,-23.5323125,-46.535538,,,,1,2023-06-20T10:34:29+00:00
SAO_3686-10,São Paulo,3550308,True,EMTU,166,https://moovitapp.com/index/pt-br/transporte_p%C3%BAblico-line-166-Sao_Paulo-242-2038937-36419307-0,7.8,-23.53188,-46.446804,,,,1,2023-06-20T10:34:24+00:00
SAO_3686-10,São Paulo,3550308,True,EMTU,166,https://moovitapp.com/index/pt-br/transporte_p%C3%BAblico-line-166-Sao_Paulo-242-2038937-36419307-0,7.8,-23.559872499999997,-46.404151999999996,,,,1,2023-06-20T10:34:35+00:00
SAO_5300-10,São Paulo,3550308,True,,33122,,,-23.547731,-46.6300275,,,,2,2023-06-20T10:34:21+00:00
SAO_5300-10,São Paulo,3550308,True,,33122,,,-23.547731,-46.6300275,,,,2,2023-06-20T10:34:12+00:00
SAO_5300-10,São Paulo,3550308,True,,33122,,,-23.5961815,-46.65530700000001,,,,2,2023-06-20T10:34:41+00:00
SAO_5300-10,São Paulo,3550308,True,,33122,,,-23.653890625,-46.71154075,,,,2,2023-06-20T10:34:34+00:00
SAO_5300-10,São Paulo,3550308,True,,33122,,,-23.547731,-46.6300275,,,,2,2023-06-20T10:34:53+00:00
SAO_5300-10,São Paulo,3550308,True,,33122,,,-23.551664000000002,-46.6372965,,,,2,2023-06-20T10:34:26+00:00
SAO_707A-10,São Paulo,3550308,True,,34758,,,-23.685118,-46.77026275,,,,2,2023-06-20T10:34:51+00:00
SAO_707A-10,São Paulo,3550308,True,,34758,,,-23.6734285,-46.7456155,,,,2,2023-06-20T10:34:28+00:00
SAO_707A-10,São Paulo,3550308,True,,34758,,,-23.681475999999996,-46.766561249999995,,,,2,2023-06-20T10:34:47+00:00
SAO_N132-11,São Paulo,3550308,True,,2288,,,-23.486732500000002,-46.726697,,,,1,2023-06-20T10:34:17+00:00
SAO_2716-10,São Paulo,3550308,True,,929,,,-23.508803,-46.5315055,,,,1,2023-06-20T10:34:28+00:00
SAO_8040-10,São Paulo,3550308,True,,33174,,,-23.519962,-46.69955950000001,,,,2,2023-06-20T10:34:18+00:00
SAO_8040-10,São Paulo,3550308,True,,33174,,,-23.435674499999998,-46.7828885,,,,2,2023-06-20T10:34:25+00:00
SAO_8040-10,São Paulo,3550308,True,,33174,,,-23.493160000000003,-46.764915,,,,2,2023-06-20T10:34:43+00:00
SAO_8040-10,São Paulo,3550308,True,,33174,,,-23.437941000000002,-46.77914,,,,2,2023-06-20T10:34:40+00:00
SAO_2363-10,São Paulo,3550308,True,,32903,,,-23.534973,-46.5792205,,,,2,2023-06-20T10:34:21+00:00
SAO_211V-10,São Paulo,3550308,True,EMTU,154,https://moovitapp.com/index/pt-br/transporte_p%C3%BAblico-line-154-Sao_Paulo-242-2038937-36419300-0,6.8,-23.513284249999998,-46.545886374999995,,,,1,2023-06-20T10:34:54+00:00
SAO_211V-10,São Paulo,3550308,True,EMTU,154,https://moovitapp.com/index/pt-br/transporte_p%C3%BAblico-line-154-Sao_Paulo-242-2038937-36419300-0,6.8,-23.485868625000002,-46.474973125000005,,,,1,2023-06-20T10:34:45+00:00
SAO_3134-10,São Paulo,3550308,True,,993,,,-23.58406475,-46.53424925,,,,1,2023-06-20T10:34:18+00:00
SAO_3134-10,São Paulo,3550308,True,,993,,,-23.56481725,-46.506525,,,,1,2023-06-20T10:34:13+00:00
SAO_978A-10,São Paulo,3550308,True,,34137,,,-23.481364,-46.674343,,,,2,2023-06-20T10:34:43+00:00
SAO_408A-10,São Paulo,3550308,True,,33534,,,-23.552137000000002,-46.634062,,,,2,2023-06-20T10:34:34+00:00
SAO_8016-10,São Paulo,3550308,True,,34114,,,-23.443813499999997,-46.735476500000004,,,,2,2023-06-20T10:34:52+00:00
SAO_8016-10,São Paulo,3550308,True,,34114,,,-23.4435615,-46.735414500000005,,,,2,2023-06-20T10:34:14+00:00
SAO_425E-10,São Paulo,3550308,True,,34404,,,-23.614496,-46.500415000000004,,,,2,2023-06-20T10:34:26+00:00
SAO_425E-10,São Paulo,3550308,True,,34404,,,-23.614045,-46.500495,,,,2,2023-06-20T10:34:51+00:00
SAO_978T-10,São Paulo,3550308,True,,33657,,,-23.4612085,-46.687201,,,,2,2023-06-20T10:34:20+00:00
SAO_978T-10,São Paulo,3550308,True,,33657,,,-23.461351,-46.6872735,,,,2,2023-06-20T10:34:31+00:00
SAO_978T-10,São Paulo,3550308,True,,33657,,,-23.461289,-46.6872475,,,,2,2023-06-20T10:34:38+00:00
SAO_978T-10,São Paulo,3550308,True,,33657,,,-23.461289,-46.6872475,,,,2,2023-06-20T10:34:41+00:00
SAO_5107-10,São Paulo,3550308,True,,1659,,,-23.54115375,-46.63517375,,,,1,2023-06-20T10:34:12+00:00
SAO_5107-10,São Paulo,3550308,True,,1659,,,-23.603496999999997,-46.602769,,,,1,2023-06-20T10:34:54+00:00
SAO_5107-10,São Paulo,3550308,True,,1659,,,-23.5989925,-46.60508725,,,,1,2023-06-20T10:34:17+00:00
SAO_6815-10,São Paulo,3550308,True,BR7 Mobilidade,25,https://moovitapp.com/index/pt-br/transporte_p%C3%BAblico-line-25-Sao_Paulo-242-851856-758720-0,5.75,-23.6762685,-46.783033,,,,1,2023-06-20T10:34:45+00:00
SAO_6815-10,São Paulo,3550308,True,BR7 Mobilidade,25,https://moovitapp.com/index/pt-br/transporte_p%C3%BAblico-line-25-Sao_Paulo-242-851856-758720-0,5.75,-23.654274,-46.7625595,,,,1,2023-06-20T10:34:55+00:00
SAO_N836-11,São Paulo,3550308,True,,35203,,,-23.547973,-46.7512055,,,,2,2023-06-20T10:34:55+00:00
SAO_129F-10,São Paulo,3550308,True,,2304,,,-23.4967405,-46.7035925,,,,1,2023-06-20T10:34:42+00:00
SAO_129F-10,São Paulo,3550308,True,,2304,,,-23.5249775,-46.69016524999999,,,,1,2023-06-20T10:34:43+00:00
SAO_6014-10,São Paulo,3550308,True,,32956,,,-23.6755615,-46.75482325,,,,2,2023-06-20T10:34:40+00:00
SAO_3032-10,São Paulo,3550308,True,STT,720,https://moovitapp.com/index/pt-br/transporte_p%C3%BAblico-line-720-Sao_Paulo-242-850661-183345-0,5.3,-23.558674,-46.522539,,,,1,2023-06-20T10:34:33+00:00
SAO_3032-10,São Paulo,3550308,True,STT,720,https://moovitapp.com/index/pt-br/transporte_p%C3%BAblico-line-720-Sao_Paulo-242-850661-183345-0,5.3,-23.5696685,-46.4920625,,,,1,2023-06-20T10:34:15+00:00
SAO_3766-10,São Paulo,3550308,True,,33823,,,-23.542434,-46.471034,,,,2,2023-06-20T10:34:36+00:00
SAO_3766-10,São Paulo,3550308,True,,33823,,,-23.553821499999998,-46.428109,,,,2,2023-06-20T10:34:54+00:00
SAO_476A-10,São Paulo,3550308,True,,33072,,,-23.59968,-46.62478,,,,2,2023-06-20T10:34:19+00:00
SAO_6044-10,São Paulo,3550308,True,,33989,,,-23.676892,-46.79863,,,,2,2023-06-20T10:34:39+00:00
SAO_707K-10,São Paulo,3550308,True,,2503,,,-23.662529,-46.706588499999995,,,,1,2023-06-20T10:34:35+00:00
SAO_707K-10,São Paulo,3550308,True,,2503,,,-23.667625,-46.7351955,,,,1,2023-06-20T10:34:43+00:00
SAO_707K-10,São Paulo,3550308,True,,2503,,,-23.643867,-46.6447535,,,,1,2023-06-20T10:34:42+00:00
SAO_8055-10,São Paulo,3550308,True,,414,,,-23.406539,-46.76575,,,,1,2023-06-20T10:34:38+00:00
SAO_8055-10,São Paulo,3550308,True,,414,,,-23.40913525,-46.740047000000004,,,,1,2023-06-20T10:34:24+00:00
SAO_6L08-10,São Paulo,3550308,True,,1182,,,-23.827404,-46.697334,,,,1,2023-06-20T10:34:13+00:00
SAO_6L08-10,São Paulo,3550308,True,,1182,,,-23.82525575,-46.709793000000005,,,,1,2023-06-20T10:34:30+00:00
SAO_6026-10,São Paulo,3550308,True,,32855,,,-23.748841,-46.703187,,,,2,2023-06-20T10:34:38+00:00
SAO_775N-10,São Paulo,3550308,True,,33242,,,-23.5505625625,-46.739762625,,,,2,2023-06-20T10:34:37+00:00
SAO_775N-10,São Paulo,3550308,True,,33242,,,-23.5507539375,-46.739962375000005,,,,2,2023-06-20T10:34:33+00:00
SAO_2026-10,São Paulo,3550308,True,,35037,,,-23.461329499999998,-46.582954,,,,2,2023-06-20T10:34:32+00:00
SAO_3046-10,São Paulo,3550308,True,,33739,,,-23.5795625,-46.525234999999995,,,,2,2023-06-20T10:34:52+00:00
SAO_9019-10,São Paulo,3550308,True,,34201,,,-23.4761765,-46.714975499999994,,,,2,2023-06-20T10:34:14+00:00
SAO_9019-10,São Paulo,3550308,True,,34201,,,-23.4868945,-46.7270755,,,,2,2023-06-20T10:34:30+00:00
SAO_3789-10,São Paulo,3550308,True,,33835,,,-23.611663,-46.3964115,,,,2,2023-06-20T10:34:37+00:00
SAO_3789-10,São Paulo,3550308,True,,33835,,,-23.611663,-46.3964115,,,,2,2023-06-20T10:34:39+00:00
SAO_3789-10,São Paulo,3550308,True,,33835,,,-23.611663,-46.3964115,,,,2,2023-06-20T10:32:32+00:00
SAO_874T-10,São Paulo,3550308,True,EMTU,307,https://moovitapp.com/index/pt-br/transporte_p%C3%BAblico-line-307-Sao_Paulo-242-2038937-36419399-0,5.2,-23.56869,-46.61127675,,,,1,2023-06-20T10:34:40+00:00
SAO_874T-10,São Paulo,3550308,True,EMTU,307,https://moovitapp.com/index/pt-br/transporte_p%C3%BAblico-line-307-Sao_Paulo-242-2038937-36419399-0,5.2,-23.5318695,-46.6608145,,,,1,2023-06-20T10:34:15+00:00
SAO_6016-41,São Paulo,3550308,True,,34474,,,-23.742902,-46.691813499999995,,,,2,2023-06-20T10:34:52+00:00
SAO_6016-41,São Paulo,3550308,True,,34474,,,-23.774729,-46.675773500000005,,,,2,2023-06-20T10:34:31+00:00
SAO_3741-10,São Paulo,3550308,True,,33809,,,-23.5430025,-46.47133650000001,,,,2,2023-06-20T10:34:51+00:00
SAO_9090-10,São Paulo,3550308,True,,884,,,-23.462595999999998,-46.6763385,,,,1,2023-06-20T10:34:21+00:00
SAO_9090-10,São Paulo,3550308,True,,884,,,-23.484021,-46.671375,,,,1,2023-06-20T10:34:27+00:00
SAO_675G-10,São Paulo,3550308,True,ETT,106,https://moovitapp.com/index/pt-br/transporte_p%C3%BAblico-line-106-Sao_Paulo-242-876373-496508-0,5.3,-23.686279,-46.693618,,,,1,2023-06-20T10:34:30+00:00
SAO_675G-10,São Paulo,3550308,True,ETT,106,https://moovitapp.com/index/pt-br/transporte_p%C3%BAblico-line-106-Sao_Paulo-242-876373-496508-0,5.3,-23.71185375,-46.698961,,,,1,2023-06-20T10:34:53+00:00
SAO_8055-10,São Paulo,3550308,True,,33182,,,-23.48302725,-46.77023925,,,,2,2023-06-20T10:34:25+00:00
SAO_1786-10,São Paulo,3550308,True,,649,,,-23.474792,-46.619071500000004,,,,1,2023-06-20T10:33:28+00:00
SAO_1786-10,São Paulo,3550308,True,,649,,,-23.4487935,-46.609992500000004,,,,1,2023-06-20T10:34:17+00:00
SAO_3009-10,São Paulo,3550308,True,,2526,,,-23.518288499999997,-46.399242,,,,1,2023-06-20T10:34:28+00:00
SAO_3009-10,São Paulo,3550308,True,,2526,,,-23.51570425,-46.39622075,,,,1,2023-06-20T10:34:23+00:00
SAO_4025-10,São Paulo,3550308,True,,33863,,,-23.5937495,-46.5589025,,,,2,2023-06-20T10:34:28+00:00
SAO_3742-10,São Paulo,3550308,True,,1042,,,-23.5727255,-46.445909,,,,1,2023-06-20T10:34:15+00:00
SAO_3742-10,São Paulo,3550308,True,,1042,,,-23.5723965,-46.4460565,,,,1,2023-06-20T10:34:37+00:00
SAO_3742-10,São Paulo,3550308,True,,1042,,,-23.5629695,-46.44609975,,,,1,2023-06-20T10:34:48+00:00
SAO_3742-10,São Paulo,3550308,True,,1042,,,-23.544241,-46.4472995,,,,1,2023-06-20T10:34:11+00:00
SAO_3742-10,São Paulo,3550308,True,,1042,,,-23.60121075,-46.43777675,,,,1,2023-06-20T10:34:34+00:00
SAO_3742-10,São Paulo,3550308,True,,1042,,,-23.6050545,-46.434651,,,,1,2023-06-20T10:34:36+00:00
SAO_3742-10,São Paulo,3550308,True,,1042,,,-23.542630000000003,-46.468692000000004,,,,1,2023-06-20T10:34:38+00:00
SAO_7051-10,São Paulo,3550308,True,,34653,,,-23.6458085,-46.779356,,,,2,2023-06-20T10:34:25+00:00
SAO_7051-10,São Paulo,3550308,True,,34653,,,-23.6548705,-46.7842895,,,,2,2023-06-20T10:34:20+00:00
SAO_N501-11,São Paulo,3550308,True,,35143,,,-23.6128895,-46.490610000000004,,,,2,2023-06-20T10:34:30+00:00
SAO_6262-10,São Paulo,3550308,True,,34139,,,-23.530085375,-46.731711000000004,,,,2,2023-06-20T10:34:28+00:00
SAO_273L-10,São Paulo,3550308,True,,224,,,-23.53559775,-46.42905175,,,,1,2023-06-20T10:34:26+00:00
SAO_273L-10,São Paulo,3550308,True,,224,,,-23.511201,-46.44024,,,,1,2023-06-20T10:34:08+00:00
SAO_6013-10,São Paulo,3550308,True,,186,,,-23.659094500000002,-46.736053999999996,,,,1,2023-06-20T10:34:39+00:00
SAO_6013-10,São Paulo,3550308,True,,186,,,-23.677301,-46.7595535,,,,1,2023-06-20T10:34:38+00:00
SAO_6013-10,São Paulo,3550308,True,,186,,,-23.7001475,-46.7671195,,,,1,2023-06-20T10:34:44+00:00
SAO_5129-10,São Paulo,3550308,True,,1281,,,-23.65913975,-46.6795975,,,,1,2023-06-20T10:34:44+00:00
SAO_5129-10,São Paulo,3550308,True,,1281,,,-23.683631,-46.691358,,,,1,2023-06-20T10:34:34+00:00
SAO_5129-10,São Paulo,3550308,True,,1281,,,-23.680207,-46.636137500000004,,,,1,2023-06-20T10:34:30+00:00
SAO_374M-10,São Paulo,3550308,True,,1965,,,-23.4903915,-46.49826575,,,,1,2023-06-20T10:34:11+00:00
SAO_374M-10,São Paulo,3550308,True,,1965,,,-23.4853065,-46.4811105,,,,1,2023-06-20T10:34:11+00:00
SAO_374M-10,São Paulo,3550308,True,,1965,,,-23.5266465,-46.490651,,,,1,2023-06-20T10:34:33+00:00
SAO_637P-10,São Paulo,3550308,True,,32815,,,-23.566628,-46.701685499999996,,,,2,2023-06-20T10:34:38+00:00
SAO_5705-10,São Paulo,3550308,True,,1657,,,-23.590001625,-46.607108625,,,,1,2023-06-20T10:34:16+00:00
SAO_8072-10,São Paulo,3550308,True,,34847,,,-23.5857665,-46.723943,,,,2,2023-06-20T10:34:40+00:00
SAO_9500-10,São Paulo,3550308,True,,33229,,,-23.50468325,-46.67281975,,,,2,2023-06-20T10:34:32+00:00
SAO_N105-11,São Paulo,3550308,True,,2286,,,-23.475738,-46.6707215,,,,1,2023-06-20T10:34:10+00:00
SAO_5034-31,São Paulo,3550308,True,,34432,,,-23.642562,-46.6058625,,,,2,2023-06-20T10:34:39+00:00
SAO_3729-10,São Paulo,3550308,True,,33794,,,-23.564021500000003,-46.5052175,,,,2,2023-06-20T10:34:32+00:00
SAO_3729-10,São Paulo,3550308,True,,33794,,,-23.564311500000002,-46.5047835,,,,2,2023-06-20T10:34:31+00:00
SAO_3729-10,São Paulo,3550308,True,,33794,,,-23.564311500000002,-46.5047835,,,,2,2023-06-20T10:34:12+00:00
SAO_3729-10,São Paulo,3550308,True,,33794,,,-23.538428500000002,-46.563574,,,,2,2023-06-20T10:34:01+00:00
SAO_1782-10,São Paulo,3550308,True,,643,,,-23.455852,-46.575091,,,,1,2023-06-20T10:33:16+00:00
SAO_8400-10,São Paulo,3550308,True,,34033,,,-23.485809000000003,-46.726257125,,,,2,2023-06-20T10:34:14+00:00
SAO_9301-10,São Paulo,3550308,True,,33226,,,-23.495928,-46.662061,,,,2,2023-06-20T10:34:35+00:00
SAO_373L-10,São Paulo,3550308,True,,1027,,,-23.614715500000003,-46.423099,,,,1,2023-06-20T10:34:39+00:00
SAO_373L-10,São Paulo,3550308,True,,1027,,,-23.605466625000002,-46.428410375,,,,1,2023-06-20T10:34:36+00:00
SAO_373L-10,São Paulo,3550308,True,,1027,,,-23.614715500000003,-46.423099,,,,1,2023-06-20T10:34:45+00:00
SAO_373L-10,São Paulo,3550308,True,,1027,,,-23.595719125000002,-46.437332874999996,,,,1,2023-06-20T10:34:40+00:00
SAO_373L-10,São Paulo,3550308,True,,1027,,,-23.615178999999998,-46.423012,,,,1,2023-06-20T10:34:52+00:00
SAO_6063-43,São Paulo,3550308,True,,35248,,,-23.8149625,-46.669669,,,,2,2023-06-20T10:34:13+00:00
SAO_263C-10,São Paulo,3550308,True,,33020,,,-23.517261,-46.4136915,,,,2,2023-06-20T10:34:16+00:00
SAO_263C-10,São Paulo,3550308,True,,33020,,,-23.47940875,-46.420387,,,,2,2023-06-20T10:34:30+00:00
SAO_6055-10,São Paulo,3550308,True,,33914,,,-23.75413,-46.708843,,,,2,2023-06-20T10:34:47+00:00
SAO_6055-10,São Paulo,3550308,True,,33914,,,-23.754978,-46.709182999999996,,,,2,2023-06-20T10:34:43+00:00
SAO_2732-10,São Paulo,3550308,True,,947,,,-23.540282,-46.482984,,,,1,2023-06-20T10:34:38+00:00
SAO_2732-10,São Paulo,3550308,True,,947,,,-23.5402155,-46.483134,,,,1,2023-06-20T10:34:51+00:00
SAO_2732-10,São Paulo,3550308,True,,947,,,-23.5402155,-46.483134,,,,1,2023-06-20T10:34:27+00:00
SAO_N334-11,São Paulo,3550308,True,,35114,,,-23.542913,-46.410281999999995,,,,2,2023-06-20T10:34:20+00:00
SAO_N703-11,São Paulo,3550308,True,,2408,,,-23.676166000000002,-46.7493245,,,,1,2023-06-20T10:34:48+00:00
SAO_106A-10,São Paulo,3550308,True,,516,,,-23.502099,-46.62419250000001,,,,1,2023-06-20T10:34:48+00:00
SAO_3728-10,São Paulo,3550308,True,,33793,,,-23.560106750000003,-46.48535675,,,,2,2023-06-20T10:34:46+00:00
SAO_607A-10,São Paulo,3550308,True,,2139,,,-23.663823999999998,-46.70703675,,,,1,2023-06-20T10:34:53+00:00
SAO_607A-10,São Paulo,3550308,True,,2139,,,-23.6801195,-46.684002,,,,1,2023-06-20T10:34:32+00:00
SAO_607A-10,São Paulo,3550308,True,,2139,,,-23.71042,-46.652694,,,,1,2023-06-20T10:34:17+00:00
SAO_2006-10,São Paulo,3550308,True,,33663,,,-23.502467250000002,-46.367086125,,,,2,2023-06-20T10:34:02+00:00
SAO_2006-10,São Paulo,3550308,True,,33663,,,-23.487703,-46.383933999999996,,,,2,2023-06-20T10:34:46+00:00
SAO_7004-10,São Paulo,3550308,True,,34760,,,-23.7317975,-46.7861475,,,,2,2023-06-20T10:34:39+00:00
SAO_7004-10,São Paulo,3550308,True,,34760,,,-23.7317975,-46.7861475,,,,2,2023-06-20T10:34:45+00:00
SAO_7004-10,São Paulo,3550308,True,,34760,,,-23.7301305,-46.7858815,,,,2,2023-06-20T10:34:44+00:00
SAO_7004-10,São Paulo,3550308,True,,34760,,,-23.7408665,-46.7996415,,,,2,2023-06-20T10:34:43+00:00
SAO_7004-10,São Paulo,3550308,True,,34760,,,-23.7301305,-46.7858815,,,,2,2023-06-20T10:34:47+00:00
SAO_4020-10,São Paulo,3550308,True,,2530,,,-23.5450425,-46.447448,,,,1,2023-06-20T10:34:54+00:00
SAO_4016-10,São Paulo,3550308,True,,34957,,,-23.621219,-46.4773885,,,,2,2023-06-20T10:34:30+00:00
SAO_4016-10,São Paulo,3550308,True,,34957,,,-23.612665,-46.476373499999994,,,,2,2023-06-20T10:34:19+00:00
SAO_N206-11,São Paulo,3550308,True,,2316,,,-23.545378749999998,-46.691061000000005,,,,1,2023-06-20T10:34:47+00:00
SAO_5632-10,São Paulo,3550308,True,,81,,,-23.7357105,-46.702399,,,,1,2023-06-20T10:34:20+00:00
SAO_5632-10,São Paulo,3550308,True,,81,,,-23.7375215,-46.709300999999996,,,,1,2023-06-20T10:34:49+00:00
SAO_1015-10,São Paulo,3550308,True,,2230,,,-23.410013,-46.8188715,,,,1,2023-06-20T10:34:18+00:00
SAO_253F-10,São Paulo,3550308,True,EMTU,158,https://moovitapp.com/index/pt-br/transporte_p%C3%BAblico-line-158-Sao_Paulo-242-2038937-36419303-0,7.45,-23.5185795,-46.475586,,,,1,2023-06-20T10:34:16+00:00
SAO_253F-10,São Paulo,3550308,True,EMTU,158,https://moovitapp.com/index/pt-br/transporte_p%C3%BAblico-line-158-Sao_Paulo-242-2038937-36419303-0,7.45,-23.517118,-46.475767000000005,,,,1,2023-06-20T10:34:43+00:00
SAO_6817-10,São Paulo,3550308,True,,27,,,-23.667064,-46.772805000000005,,,,1,2023-06-20T10:34:37+00:00
SAO_647A-10,São Paulo,3550308,True,,34083,,,-23.5652765,-46.692343,,,,2,2023-06-20T10:34:24+00:00
SAO_647A-10,São Paulo,3550308,True,,34083,,,-23.69435,-46.794564,,,,2,2023-06-20T10:34:18+00:00
SAO_3141-10,São Paulo,3550308,True,,734,,,-23.5831795,-46.535168999999996,,,,1,2023-06-20T10:34:43+00:00
SAO_3785-10,São Paulo,3550308,True,,33831,,,-23.56210475,-46.4461535,,,,2,2023-06-20T10:34:40+00:00
SAO_3785-10,São Paulo,3550308,True,,33831,,,-23.559689,-46.4460775,,,,2,2023-06-20T10:34:41+00:00
SAO_707K-10,São Paulo,3550308,True,,35271,,,-23.667917,-46.7355005,,,,2,2023-06-20T10:34:41+00:00
SAO_5119-10,São Paulo,3550308,True,,32769,,,-23.648122,-46.748729499999996,,,,2,2023-06-20T10:34:56+00:00
SAO_7063-10,São Paulo,3550308,True,,1899,,,-23.6364275,-46.7779335,,,,1,2023-06-20T10:34:35+00:00
SAO_7063-10,São Paulo,3550308,True,,1899,,,-23.651991000000002,-46.789846499999996,,,,1,2023-06-20T10:34:42+00:00
SAO_7063-10,São Paulo,3550308,True,,1899,,,-23.651991000000002,-46.789846499999996,,,,1,2023-06-20T10:34:35+00:00
SAO_7063-10,São Paulo,3550308,True,,1899,,,-23.651991000000002,-46.789846499999996,,,,1,2023-06-20T10:34:48+00:00
SAO_7063-10,São Paulo,3550308,True,,1899,,,-23.651991000000002,-46.789846499999996,,,,1,2023-06-20T10:34:35+00:00
SAO_7063-10,São Paulo,3550308,True,,1899,,,-23.651991000000002,-46.789846499999996,,,,1,2023-06-20T10:34:34+00:00
SAO_8610-10,São Paulo,3550308,True,,34831,,,-23.549994499999997,-46.639990499999996,,,,2,2023-06-20T10:34:39+00:00
SAO_8610-10,São Paulo,3550308,True,,34831,,,-23.6032175,-46.780919,,,,2,2023-06-20T10:34:14+00:00
SAO_6816-10,São Paulo,3550308,True,,32794,,,-23.652525500000003,-46.77832,,,,2,2023-06-20T10:34:48+00:00
SAO_4017-10,São Paulo,3550308,True,,2190,,,-23.5902125,-46.3823955,,,,1,2023-06-20T10:34:35+00:00
SAO_4017-10,São Paulo,3550308,True,,2190,,,-23.59092,-46.407697625,,,,1,2023-06-20T10:32:42+00:00
SAO_574J-10,São Paulo,3550308,True,,1685,,,-23.574385999999997,-46.5672425,,,,1,2023-06-20T10:34:34+00:00
SAO_574J-10,São Paulo,3550308,True,,1685,,,-23.6268616875,-46.6349815625,,,,1,2023-06-20T10:34:13+00:00
SAO_778J-41,São Paulo,3550308,True,,34254,,,-23.586847,-46.8002355,,,,2,2023-06-20T10:34:53+00:00
SAO_2031-10,São Paulo,3550308,True,EMTU,367,https://moovitapp.com/index/pt-br/transporte_p%C3%BAblico-line-367-Sao_Paulo-242-2038937-36419446-0,4.9,-23.5175915,-46.4751235,,,,1,2023-06-20T10:34:36+00:00
SAO_2059-10,São Paulo,3550308,True,,33028,,,-23.491577,-46.4399495,,,,2,2023-06-20T10:34:34+00:00
SAO_2059-10,São Paulo,3550308,True,,33028,,,-23.543322,-46.4113405,,,,2,2023-06-20T10:34:48+00:00
SAO_1783-10,São Paulo,3550308,True,,644,,,-23.402739750000002,-46.580223000000004,,,,1,2023-06-20T10:34:18+00:00
SAO_6451-10,São Paulo,3550308,True,,32829,,,-23.654408500000002,-46.762060999999996,,,,2,2023-06-20T10:34:32+00:00
SAO_1017-10,São Paulo,3550308,True,,2141,,,-23.407032,-46.758294,,,,1,2023-06-20T10:34:45+00:00
SAO_1017-10,São Paulo,3550308,True,,2141,,,-23.462207,-46.7144135,,,,1,2023-06-20T10:34:56+00:00
SAO_8023-10,São Paulo,3550308,True,,34842,,,-23.590331499999998,-46.8031385,,,,2,2023-06-20T10:34:35+00:00
SAO_8605-10,São Paulo,3550308,True,,1917,,,-23.5872455,-46.7258505,,,,1,2023-06-20T10:34:48+00:00
SAO_8605-10,São Paulo,3550308,True,,1917,,,-23.5491125,-46.640139500000004,,,,1,2023-06-20T10:34:29+00:00
SAO_N440-11,São Paulo,3550308,True,,35141,,,-23.546772,-46.484496,,,,2,2023-06-20T10:34:55+00:00
SAO_N135-11,São Paulo,3550308,True,,35059,,,-23.4390425,-46.7347995,,,,2,2023-06-20T10:34:37+00:00
SAO_407T-10,São Paulo,3550308,True,,2202,,,-23.538669499999997,-46.4415705,,,,1,2023-06-20T10:34:34+00:00
SAO_407T-10,São Paulo,3550308,True,,2202,,,-23.5341925,-46.452886,,,,1,2023-06-20T10:33:58+00:00
SAO_4732-10,São Paulo,3550308,True,,33070,,,-23.647517999999998,-46.6006515,,,,2,2023-06-20T10:34:51+00:00
SAO_3728-10,São Paulo,3550308,True,,1025,,,-23.573595,-46.490476,,,,1,2023-06-20T10:34:40+00:00
SAO_3728-10,São Paulo,3550308,True,,1025,,,-23.563279875,-46.490137375,,,,1,2023-06-20T10:34:48+00:00
SAO_3728-10,São Paulo,3550308,True,,1025,,,-23.5420065,-46.483900500000004,,,,1,2023-06-20T10:34:47+00:00
SAO_3728-10,São Paulo,3550308,True,,1025,,,-23.547623875,-46.4862225,,,,1,2023-06-20T10:34:35+00:00
SAO_4052-10,São Paulo,3550308,True,,34913,,,-23.542455,-46.472666000000004,,,,2,2023-06-20T10:34:22+00:00
SAO_8019-10,São Paulo,3550308,True,,34839,,,-23.572547,-46.7079645,,,,2,2023-06-20T10:34:21+00:00
SAO_N201-11,São Paulo,3550308,True,,35079,,,-23.481428,-46.59803625000001,,,,2,2023-06-20T10:34:25+00:00
SAO_4027-10,São Paulo,3550308,True,,33865,,,-23.5932235,-46.489228999999995,,,,2,2023-06-20T10:34:43+00:00
SAO_4027-10,São Paulo,3550308,True,,33865,,,-23.590311625,-46.4886805,,,,2,2023-06-20T10:34:45+00:00
SAO_4027-10,São Paulo,3550308,True,,33865,,,-23.6210095,-46.461999250000005,,,,2,2023-06-20T10:34:47+00:00
SAO_4027-10,São Paulo,3550308,True,,33865,,,-23.625749,-46.445825,,,,2,2023-06-20T10:34:18+00:00
SAO_4027-10,São Paulo,3550308,True,,33865,,,-23.60538575,-46.480157999999996,,,,2,2023-06-20T10:34:17+00:00
SAO_4027-10,São Paulo,3550308,True,,33865,,,-23.61556425,-46.4696855,,,,2,2023-06-20T10:34:55+00:00
SAO_6092-10,São Paulo,3550308,True,,33945,,,-23.778222,-46.68462275,,,,2,2023-06-20T10:34:37+00:00
SAO_6092-10,São Paulo,3550308,True,,33945,,,-23.73702,-46.6935555,,,,2,2023-06-20T10:34:22+00:00
SAO_6826-10,São Paulo,3550308,True,BR7 Mobilidade,16,https://moovitapp.com/index/pt-br/transporte_p%C3%BAblico-line-16-Sao_Paulo-242-851856-513215-0,5.75,-23.6540735,-46.7628415,,,,1,2023-06-20T10:34:26+00:00
SAO_6418-10,São Paulo,3550308,True,,771,,,-23.607242,-46.7044115,,,,1,2023-06-20T10:34:23+00:00
SAO_118Y-10,São Paulo,3550308,True,EMTU,841,https://moovitapp.com/index/pt-br/transporte_p%C3%BAblico-line-841-Sao_Paulo-242-2038937-36419604-0,5.15,-23.484385,-46.672996999999995,,,,1,2023-06-20T10:34:15+00:00
SAO_118Y-10,São Paulo,3550308,True,EMTU,841,https://moovitapp.com/index/pt-br/transporte_p%C3%BAblico-line-841-Sao_Paulo-242-2038937-36419604-0,5.15,-23.4769735,-46.645937,,,,1,2023-06-20T10:34:21+00:00
SAO_118Y-10,São Paulo,3550308,True,EMTU,841,https://moovitapp.com/index/pt-br/transporte_p%C3%BAblico-line-841-Sao_Paulo-242-2038937-36419604-0,5.15,-23.471871999999998,-46.6346485,,,,1,2023-06-20T10:34:29+00:00
SAO_118Y-10,São Paulo,3550308,True,EMTU,841,https://moovitapp.com/index/pt-br/transporte_p%C3%BAblico-line-841-Sao_Paulo-242-2038937-36419604-0,5.15,-23.471871999999998,-46.6346485,,,,1,2023-06-20T10:34:08+00:00
SAO_5611-10,São Paulo,3550308,True,,33366,,,-23.702686,-46.6449055,,,,2,2023-06-20T10:33:44+00:00
SAO_6083-10,São Paulo,3550308,True,,1733,,,-23.7403345,-46.691452999999996,,,,1,2023-06-20T10:34:17+00:00
SAO_6083-10,São Paulo,3550308,True,,1733,,,-23.75505325,-46.676009750000006,,,,1,2023-06-20T10:34:17+00:00
SAO_2710-10,São Paulo,3550308,True,,33692,,,-23.529382,-46.50029325,,,,2,2023-06-20T10:34:39+00:00
SAO_2710-10,São Paulo,3550308,True,,33692,,,-23.52483075,-46.490063750000004,,,,2,2023-06-20T10:34:22+00:00
SAO_807P-10,São Paulo,3550308,True,,34867,,,-23.6173145,-46.720916,,,,2,2023-06-20T10:32:25+00:00
SAO_2079-10,São Paulo,3550308,True,,33138,,,-23.494310499999997,-46.402223,,,,2,2023-06-20T10:34:40+00:00
SAO_2079-10,São Paulo,3550308,True,,33138,,,-23.516849999999998,-46.3847265,,,,2,2023-06-20T10:34:50+00:00
SAO_2079-10,São Paulo,3550308,True,,33138,,,-23.494310499999997,-46.402223,,,,2,2023-06-20T10:34:33+00:00
SAO_2079-10,São Paulo,3550308,True,,33138,,,-23.49570575,-46.40098424999999,,,,2,2023-06-20T10:34:41+00:00
SAO_7063-10,São Paulo,3550308,True,,34667,,,-23.640196000000003,-46.779968249999996,,,,2,2023-06-20T10:34:38+00:00
SAO_6052-10,São Paulo,3550308,True,,1144,,,-23.7645105,-46.6958585,,,,1,2023-06-20T10:34:15+00:00
SAO_390E-10,São Paulo,3550308,True,,1882,,,-23.539987,-46.61139225,,,,1,2023-06-20T10:34:41+00:00
SAO_390E-10,São Paulo,3550308,True,,1882,,,-23.538225999999998,-46.60099225,,,,1,2023-06-20T10:34:16+00:00
SAO_390E-10,São Paulo,3550308,True,,1882,,,-23.518709,-46.546899499999995,,,,1,2023-06-20T10:34:05+00:00
SAO_3063-10,São Paulo,3550308,True,,33021,,,-23.558356,-46.3995355,,,,2,2023-06-20T10:34:41+00:00
SAO_6118-10,São Paulo,3550308,True,,33956,,,-23.752540500000002,-46.7027275,,,,2,2023-06-20T10:34:29+00:00
SAO_7001-10,São Paulo,3550308,True,,34490,,,-23.724592,-46.7545535,,,,2,2023-06-20T10:34:29+00:00
SAO_7001-10,São Paulo,3550308,True,,34490,,,-23.7243085,-46.754826,,,,2,2023-06-20T10:34:53+00:00
SAO_7001-10,São Paulo,3550308,True,,34490,,,-23.682668,-46.7694715,,,,2,2023-06-20T10:34:44+00:00
SAO_7001-10,São Paulo,3550308,True,,34490,,,-23.7201105,-46.756648,,,,2,2023-06-20T10:34:36+00:00
SAO_2080-10,São Paulo,3550308,True,,33139,,,-23.510135124999998,-46.366632749999994,,,,2,2023-06-20T10:34:16+00:00
SAO_2080-10,São Paulo,3550308,True,,33139,,,-23.509847875,-46.36656325,,,,2,2023-06-20T10:34:27+00:00
SAO_576M-10,São Paulo,3550308,True,,33372,,,-23.6774965,-46.6406015,,,,2,2023-06-20T10:34:14+00:00
SAO_N640-11,São Paulo,3550308,True,,35173,,,-23.7167415,-46.629450500000004,,,,2,2023-06-20T10:34:37+00:00
SAO_2756-10,São Paulo,3550308,True,EMTU,238,https://moovitapp.com/index/pt-br/transporte_p%C3%BAblico-line-238-Sao_Paulo-242-2038937-36419351-0,4.85,-23.53623475,-46.39591825,,,,1,2023-06-20T10:34:14+00:00
SAO_2756-10,São Paulo,3550308,True,EMTU,238,https://moovitapp.com/index/pt-br/transporte_p%C3%BAblico-line-238-Sao_Paulo-242-2038937-36419351-0,4.85,-23.5117325,-46.441452999999996,,,,1,2023-06-20T10:34:25+00:00
SAO_174M-10,São Paulo,3550308,True,,33441,,,-23.4880165,-46.574464500000005,,,,2,2023-06-20T10:34:49+00:00
SAO_648P-10,São Paulo,3550308,True,,32834,,,-23.6550385,-46.761806,,,,2,2023-06-20T10:34:52+00:00
SAO_5702-10,São Paulo,3550308,True,,33905,,,-23.646937,-46.640423,,,,2,2023-06-20T10:34:49+00:00
SAO_5702-10,São Paulo,3550308,True,,33905,,,-23.6983535,-46.646030499999995,,,,2,2023-06-20T10:34:46+00:00
SAO_6099-10,São Paulo,3550308,True,,1587,,,-23.817156250000004,-46.734556125,,,,1,2023-06-20T10:34:41+00:00
SAO_407W-10,São Paulo,3550308,True,,2204,,,-23.588600125,-46.509988125,,,,1,2023-06-20T10:34:11+00:00
SAO_407W-10,São Paulo,3550308,True,,2204,,,-23.5386495,-46.5641825,,,,1,2023-06-20T10:34:10+00:00
SAO_6824-10,São Paulo,3550308,True,BR7 Mobilidade,23,https://moovitapp.com/index/pt-br/transporte_p%C3%BAblico-line-23-Sao_Paulo-242-851856-518590-0,5.75,-23.66724675,-46.784361,,,,1,2023-06-20T10:34:44+00:00
SAO_5021-10,São Paulo,3550308,True,,34435,,,-23.625895,-46.6192955,,,,2,2023-06-20T10:34:22+00:00
SAO_9188-10,São Paulo,3550308,True,EMTU,809,https://moovitapp.com/index/pt-br/transporte_p%C3%BAblico-line-809-Sao_Paulo-242-2038937-119858519-0,5.2,-23.452075999999998,-46.7187065,,,,1,2023-06-20T10:34:21+00:00
SAO_4086-10,São Paulo,3550308,True,,35018,,,-23.600052499999997,-46.3907175,,,,2,2023-06-20T10:34:31+00:00
SAO_4086-10,São Paulo,3550308,True,,35018,,,-23.582943,-46.408454,,,,2,2023-06-20T10:34:52+00:00
SAO_1785-10,São Paulo,3550308,True,,1816,,,-23.477142999999998,-46.6266345,,,,1,2023-06-20T10:34:14+00:00
SAO_1020-10,São Paulo,3550308,True,,35265,,,-23.45707,-46.719574,,,,2,2023-06-20T10:34:26+00:00
SAO_1020-10,São Paulo,3550308,True,,35265,,,-23.4106675,-46.763892,,,,2,2023-06-20T10:34:50+00:00
SAO_N741-11,São Paulo,3550308,True,,35190,,,-23.6542495,-46.761801000000006,,,,2,2023-06-20T10:34:20+00:00
SAO_271M-10,São Paulo,3550308,True,,33452,,,-23.51762675,-46.5636205,,,,2,2023-06-20T10:34:41+00:00
SAO_5119-23,São Paulo,3550308,True,,34893,,,-23.64356875,-46.7324565,,,,2,2023-06-20T10:34:38+00:00
SAO_311C-10,São Paulo,3550308,True,EMTU,309,https://moovitapp.com/index/pt-br/transporte_p%C3%BAblico-line-309-Sao_Paulo-242-2038937-36419401-0,7.5,-23.535477875,-46.6176715,,,,1,2023-06-20T10:31:47+00:00
SAO_311C-10,São Paulo,3550308,True,EMTU,309,https://moovitapp.com/index/pt-br/transporte_p%C3%BAblico-line-309-Sao_Paulo-242-2038937-36419401-0,7.5,-23.5934235,-46.554685000000006,,,,1,2023-06-20T10:34:39+00:00
SAO_2060-10,São Paulo,3550308,True,EMTU,134,https://moovitapp.com/index/pt-br/transporte_p%C3%BAblico-line-134-Sao_Paulo-242-2038937-36419287-0,5.2,-23.5364515,-46.473638,,,,1,2023-06-20T10:34:12+00:00
SAO_4706-10,São Paulo,3550308,True,,299,,,-23.6537855,-46.602738,,,,1,2023-06-20T10:34:43+00:00
SAO_3731-10,São Paulo,3550308,True,,1028,,,-23.539437,-46.5168635,,,,1,2023-06-20T10:34:35+00:00
SAO_3731-10,São Paulo,3550308,True,,1028,,,-23.539874,-46.516463,,,,1,2023-06-20T10:34:42+00:00
SAO_3731-10,São Paulo,3550308,True,,1028,,,-23.539874,-46.516463,,,,1,2023-06-20T10:34:26+00:00
SAO_3731-10,São Paulo,3550308,True,,1028,,,-23.557707999999998,-46.5147175,,,,1,2023-06-20T10:34:19+00:00
SAO_3731-10,São Paulo,3550308,True,,1028,,,-23.539437,-46.5168635,,,,1,2023-06-20T10:34:28+00:00
SAO_3731-10,São Paulo,3550308,True,,1028,,,-23.54011525,-46.51618425,,,,1,2023-06-20T10:34:31+00:00
SAO_3731-10,São Paulo,3550308,True,,1028,,,-23.539740000000002,-46.516619,,,,1,2023-06-20T10:34:35+00:00
SAO_8010-21,São Paulo,3550308,True,,1737,,,-23.4048405,-46.753330000000005,,,,1,2023-06-20T10:34:23+00:00
SAO_938V-10,São Paulo,3550308,True,,33581,,,-23.4527645,-46.6849925,,,,2,2023-06-20T10:34:21+00:00
SAO_938V-10,São Paulo,3550308,True,,33581,,,-23.452824999999997,-46.6848085,,,,2,2023-06-20T10:34:23+00:00
SAO_N433-11,São Paulo,3550308,True,,35134,,,-23.5535195,-46.579119000000006,,,,2,2023-06-20T10:34:48+00:00
SAO_342M-10,São Paulo,3550308,True,,33515,,,-23.603309749999998,-46.4819175,,,,2,2023-06-20T10:34:44+00:00
SAO_342M-10,São Paulo,3550308,True,,33515,,,-23.558311,-46.522212499999995,,,,2,2023-06-20T10:34:47+00:00
SAO_342M-10,São Paulo,3550308,True,,33515,,,-23.518709,-46.546899499999995,,,,2,2023-06-20T10:34:49+00:00
SAO_342M-10,São Paulo,3550308,True,,33515,,,-23.519639624999996,-46.54811,,,,2,2023-06-20T10:34:32+00:00
SAO_342M-10,São Paulo,3550308,True,,33515,,,-23.613302,-46.4764105,,,,2,2023-06-20T10:34:32+00:00
SAO_6412-10,São Paulo,3550308,True,,33538,,,-23.6205075,-46.723661500000006,,,,2,2023-06-20T10:34:27+00:00
SAO_6L01-22,São Paulo,3550308,True,,34595,,,-23.768844,-46.7164875,,,,2,2023-06-20T10:34:33+00:00
SAO_2715-10,São Paulo,3550308,True,,33696,,,-23.4980505,-46.503099,,,,2,2023-06-20T10:34:23+00:00
SAO_6012-31,São Paulo,3550308,True,,34544,,,-23.69375225,-46.79067575,,,,2,2023-06-20T10:34:19+00:00
SAO_809A-10,São Paulo,3550308,True,,2069,,,-23.5738345,-46.779672,,,,1,2023-06-20T10:34:21+00:00
SAO_5185-10,São Paulo,3550308,True,,1308,,,-23.666710000000002,-46.7212555,,,,1,2023-06-20T10:34:32+00:00
SAO_5185-10,São Paulo,3550308,True,,1308,,,-23.642587499999998,-46.672403,,,,1,2023-06-20T10:34:18+00:00
SAO_6031-10,São Paulo,3550308,True,,92,,,-23.757465,-46.7053555,,,,1,2023-06-20T10:34:47+00:00
SAO_6031-10,São Paulo,3550308,True,,92,,,-23.7544845,-46.708985999999996,,,,1,2023-06-20T10:34:16+00:00
SAO_4012-10,São Paulo,3550308,True,,34953,,,-23.619855,-46.467807,,,,2,2023-06-20T10:34:49+00:00
SAO_574R-10,São Paulo,3550308,True,,34391,,,-23.6148035,-46.5002005,,,,2,2023-06-20T10:34:44+00:00
SAO_574R-10,São Paulo,3550308,True,,34391,,,-23.61408,-46.5008325,,,,2,2023-06-20T10:34:17+00:00
SAO_178T-10,São Paulo,3550308,True,EMTU,565,https://moovitapp.com/index/pt-br/transporte_p%C3%BAblico-line-565-Sao_Paulo-242-2038937-36419563-0,8.1,-23.524279999999997,-46.7214965,,,,1,2023-06-20T10:34:27+00:00
SAO_695D-10,São Paulo,3550308,True,EMTU,114,https://moovitapp.com/index/pt-br/transporte_p%C3%BAblico-line-114-Sao_Paulo-242-2038937-36419274-0,6.4,-23.736742,-46.6842905,,,,1,2023-06-20T10:34:42+00:00
SAO_2021-10,São Paulo,3550308,True,,906,,,-23.544384,-46.389341,,,,1,2023-06-20T10:33:57+00:00
SAO_2021-10,São Paulo,3550308,True,,906,,,-23.542265999999998,-46.391707,,,,1,2023-06-20T10:34:31+00:00
SAO_2021-10,São Paulo,3550308,True,,906,,,-23.5443145,-46.389241999999996,,,,1,2023-06-20T10:32:55+00:00
SAO_637V-10,São Paulo,3550308,True,,32872,,,-23.738392,-46.688331000000005,,,,2,2023-06-20T10:34:28+00:00
SAO_314V-10,São Paulo,3550308,True,,33079,,,-23.5903485,-46.5381825,,,,2,2023-06-20T10:34:31+00:00
SAO_2755-10,São Paulo,3550308,True,,33001,,,-23.5415865,-46.394749375,,,,2,2023-06-20T10:34:24+00:00
SAO_N438-11,São Paulo,3550308,True,,35139,,,-23.554779500000002,-46.4416835,,,,2,2023-06-20T10:34:53+00:00
SAO_917M-10,São Paulo,3550308,True,,1366,,,-23.481057,-46.701299,,,,1,2023-06-20T10:34:27+00:00
SAO_3787-10,São Paulo,3550308,True,,34380,,,-23.56210475,-46.4461535,,,,2,2023-06-20T10:34:45+00:00
SAO_3787-10,São Paulo,3550308,True,,34380,,,-23.60156875,-46.398831,,,,2,2023-06-20T10:34:39+00:00
SAO_N431-11,São Paulo,3550308,True,,35132,,,-23.618095,-46.421678,,,,2,2023-06-20T10:34:21+00:00
SAO_5018-31,São Paulo,3550308,True,,1861,,,-23.6749404375,-46.6752490625,,,,1,2023-06-20T10:34:43+00:00
SAO_314J-10,São Paulo,3550308,True,Cidade de Caieiras,310,https://moovitapp.com/index/pt-br/transporte_p%C3%BAblico-line-310-Sao_Paulo-242-868761-496418-0,5.0,-23.591324,-46.5502555,,,,1,2023-06-20T10:34:42+00:00
SAO_3754-10,São Paulo,3550308,True,,1049,,,-23.564265499999998,-46.4047105,,,,1,2023-06-20T10:34:25+00:00
SAO_3754-10,São Paulo,3550308,True,,1049,,,-23.566997,-46.401968999999994,,,,1,2023-06-20T10:34:28+00:00
SAO_3754-10,São Paulo,3550308,True,,1049,,,-23.5738885,-46.3986,,,,1,2023-06-20T10:34:08+00:00
SAO_3754-10,São Paulo,3550308,True,,1049,,,-23.5423715,-46.4706475,,,,1,2023-06-20T10:34:36+00:00
SAO_3098-10,São Paulo,3550308,True,,1078,,,-23.57687,-46.501094499999994,,,,1,2023-06-20T10:34:43+00:00
SAO_3098-10,São Paulo,3550308,True,,1078,,,-23.62680625,-46.462272,,,,1,2023-06-20T10:34:44+00:00
SAO_3098-10,São Paulo,3550308,True,,1078,,,-23.632133500000002,-46.4563395,,,,1,2023-06-20T10:34:31+00:00
SAO_3098-10,São Paulo,3550308,True,,1078,,,-23.596332500000003,-46.487379625,,,,1,2023-06-20T10:34:28+00:00
SAO_3098-10,São Paulo,3550308,True,,1078,,,-23.6341465,-46.45404775,,,,1,2023-06-20T10:34:29+00:00
SAO_N439-11,São Paulo,3550308,True,,35140,,,-23.541694999999997,-46.42543575,,,,2,2023-06-20T10:34:42+00:00
SAO_172R-10,São Paulo,3550308,True,,859,,,-23.48569475,-46.569002,,,,1,2023-06-20T10:34:15+00:00
SAO_172R-10,São Paulo,3550308,True,,859,,,-23.465626,-46.58315225,,,,1,2023-06-20T10:33:13+00:00
SAO_172R-10,São Paulo,3550308,True,,859,,,-23.51919025,-46.59044775,,,,1,2023-06-20T10:32:07+00:00
SAO_172R-10,São Paulo,3550308,True,,859,,,-23.510169,-46.580726999999996,,,,1,2023-06-20T10:34:30+00:00
SAO_172R-10,São Paulo,3550308,True,,859,,,-23.517969,-46.589489625,,,,1,2023-06-20T10:32:46+00:00
SAO_5030-10,São Paulo,3550308,True,,1669,,,-23.635271,-46.600493,,,,1,2023-06-20T10:34:51+00:00
SAO_5031-10,São Paulo,3550308,True,,1746,,,-23.6165525,-46.5932585,,,,1,2023-06-20T10:34:49+00:00
SAO_5031-10,São Paulo,3550308,True,,1746,,,-23.6295565,-46.588564000000005,,,,1,2023-06-20T10:34:18+00:00
SAO_5031-10,São Paulo,3550308,True,,1746,,,-23.602534,-46.60008,,,,1,2023-06-20T10:34:54+00:00
SAO_N732-11,São Paulo,3550308,True,,35181,,,-23.705963,-46.784294,,,,2,2023-06-20T10:34:51+00:00
SAO_875A-10,São Paulo,3550308,True,,609,,,-23.641995249999997,-46.6618226875,,,,1,2023-06-20T10:31:50+00:00
SAO_875A-10,São Paulo,3550308,True,,609,,,-23.619836999999997,-46.63943725,,,,1,2023-06-20T10:34:51+00:00
SAO_958P-10,São Paulo,3550308,True,,465,,,-23.479941,-46.7588705,,,,1,2023-06-20T10:34:13+00:00
SAO_8300-1,São Paulo,3550308,True,,35275,,,-23.520215999999998,-46.700196000000005,,,,2,2023-06-20T10:34:32+00:00
SAO_N231-11,São Paulo,3550308,True,,35088,,,-23.4699015,-46.654469000000006,,,,2,2023-06-20T10:34:55+00:00
SAO_N837-11,São Paulo,3550308,True,,35204,,,-23.604668750000002,-46.746986750000005,,,,2,2023-06-20T10:34:28+00:00
SAO_2734-10,São Paulo,3550308,True,,34528,,,-23.541961999999998,-46.470873,,,,2,2023-06-20T10:34:37+00:00
SAO_2734-10,São Paulo,3550308,True,,34528,,,-23.541015,-46.466083,,,,2,2023-06-20T10:34:10+00:00
SAO_5119-10,São Paulo,3550308,True,,1,,,-23.612814625000002,-46.729544125000004,,,,1,2023-06-20T10:34:36+00:00
SAO_5119-10,São Paulo,3550308,True,,1,,,-23.569668,-46.6509615,,,,1,2023-06-20T10:34:52+00:00
SAO_5119-10,São Paulo,3550308,True,,1,,,-23.645789999999998,-46.7465015,,,,1,2023-06-20T10:34:54+00:00
SAO_637V-10,São Paulo,3550308,True,EMTU,104,https://moovitapp.com/index/pt-br/transporte_p%C3%BAblico-line-104-Sao_Paulo-242-2038937-36419267-0,5.1,-23.7073745,-46.6957795,,,,1,2023-06-20T10:34:17+00:00
SAO_637V-10,São Paulo,3550308,True,EMTU,104,https://moovitapp.com/index/pt-br/transporte_p%C3%BAblico-line-104-Sao_Paulo-242-2038937-36419267-0,5.1,-23.7382055,-46.6893095,,,,1,2023-06-20T10:34:44+00:00
SAO_637V-10,São Paulo,3550308,True,EMTU,104,https://moovitapp.com/index/pt-br/transporte_p%C3%BAblico-line-104-Sao_Paulo-242-2038937-36419267-0,5.1,-23.7382055,-46.6893095,,,,1,2023-06-20T10:34:55+00:00
SAO_546A-31,São Paulo,3550308,True,,33900,,,-23.7064065,-46.6544005,,,,2,2023-06-20T10:31:49+00:00
SAO_2714-10,São Paulo,3550308,True,,927,,,-23.5313415,-46.529821,,,,1,2023-06-20T10:34:43+00:00
SAO_2714-10,São Paulo,3550308,True,,927,,,-23.511602500000002,-46.530266499999996,,,,1,2023-06-20T10:34:20+00:00
SAO_2714-10,São Paulo,3550308,True,,927,,,-23.5313415,-46.529821,,,,1,2023-06-20T10:34:28+00:00
SAO_314V-10,São Paulo,3550308,True,EMTU,311,https://moovitapp.com/index/pt-br/transporte_p%C3%BAblico-line-311-Sao_Paulo-242-2038937-36419403-0,7.9,-23.558266125,-46.633342875,,,,1,2023-06-20T10:34:13+00:00
SAO_546A-31,São Paulo,3550308,True,,1132,,,-23.6814675,-46.6824615,,,,1,2023-06-20T10:34:25+00:00
SAO_546A-31,São Paulo,3550308,True,,1132,,,-23.7139475,-46.6571055,,,,1,2023-06-20T10:34:21+00:00
SAO_546A-31,São Paulo,3550308,True,,1132,,,-23.654705749999998,-46.70295675,,,,1,2023-06-20T10:34:45+00:00
SAO_546A-31,São Paulo,3550308,True,,1132,,,-23.7139475,-46.6571055,,,,1,2023-06-20T10:34:26+00:00
SAO_8300-1,São Paulo,3550308,True,,2507,,,-23.510699,-46.705584,,,,1,2023-06-20T10:34:26+00:00
SAO_6076-41,São Paulo,3550308,True,,1986,,,-23.715566250000002,-46.691894000000005,,,,1,2023-06-20T10:34:20+00:00
SAO_N735-11,São Paulo,3550308,True,,35184,,,-23.692594,-46.777992,,,,2,2023-06-20T10:34:55+00:00
SAO_178A-10,São Paulo,3550308,True,EMTU,558,https://moovitapp.com/index/pt-br/transporte_p%C3%BAblico-line-558-Sao_Paulo-242-2038937-36419559-0,4.4,-23.499909625,-46.622788,,,,1,2023-06-20T10:34:53+00:00
SAO_701A-10,São Paulo,3550308,True,,33457,,,-23.4737385,-46.565966,,,,2,2023-06-20T10:34:32+00:00
SAO_5759-10,São Paulo,3550308,True,,33906,,,-23.6949545,-46.64853925,,,,2,2023-06-20T10:34:19+00:00
SAO_5759-10,São Paulo,3550308,True,,33906,,,-23.6948495,-46.64830975,,,,2,2023-06-20T10:34:16+00:00
SAO_9653-10,São Paulo,3550308,True,EMTU,588,https://moovitapp.com/index/pt-br/transporte_p%C3%BAblico-line-588-Sao_Paulo-242-2038937-36419575-0,7.55,-23.4710665,-46.650921999999994,,,,1,2023-06-20T10:34:22+00:00
SAO_2707-10,São Paulo,3550308,True,,33687,,,-23.54401625,-46.460938999999996,,,,2,2023-06-20T10:34:32+00:00
SAO_2707-10,São Paulo,3550308,True,,33687,,,-23.52569525,-46.405497499999996,,,,2,2023-06-20T10:21:28+00:00
SAO_6115-41,São Paulo,3550308,True,,2241,,,-23.7535935,-46.6877865,,,,1,2023-06-20T10:34:34+00:00
SAO_6115-41,São Paulo,3550308,True,,2241,,,-23.7487705,-46.659812,,,,1,2023-06-20T10:34:50+00:00
SAO_1156-10,São Paulo,3550308,True,,33427,,,-23.487218,-46.568332,,,,2,2023-06-20T10:34:52+00:00
SAO_2714-10,São Paulo,3550308,True,,33695,,,-23.5316515,-46.52857349999999,,,,2,2023-06-20T10:34:29+00:00
SAO_2714-10,São Paulo,3550308,True,,33695,,,-23.531503,-46.5289355,,,,2,2023-06-20T10:33:19+00:00
SAO_9002-10,São Paulo,3550308,True,,33638,,,-23.4639155,-46.666457,,,,2,2023-06-20T10:34:23+00:00
SAO_576M-10,São Paulo,3550308,True,,604,,,-23.609916249999998,-46.66207575,,,,1,2023-06-20T10:34:44+00:00
SAO_576M-10,São Paulo,3550308,True,,604,,,-23.6459645,-46.640748,,,,1,2023-06-20T10:34:43+00:00
SAO_6358-10,São Paulo,3550308,True,,1294,,,-23.6659575,-46.656566999999995,,,,1,2023-06-20T10:34:41+00:00
SAO_6835-31,São Paulo,3550308,True,,34175,,,-23.6547085,-46.76195,,,,2,2023-06-20T10:34:53+00:00
SAO_5022-10,São Paulo,3550308,True,,33888,,,-23.6721505,-46.638467,,,,2,2023-06-20T10:34:50+00:00
SAO_5022-10,São Paulo,3550308,True,,33888,,,-23.671996,-46.6390045,,,,2,2023-06-20T10:34:27+00:00
SAO_701H-10,São Paulo,3550308,True,,35326,,,-23.7023335,-46.744477,,,,2,2023-06-20T10:34:19+00:00
SAO_4008-10,São Paulo,3550308,True,,34950,,,-23.576923999999998,-46.437244,,,,2,2023-06-20T10:34:38+00:00
SAO_N531-11,São Paulo,3550308,True,,35151,,,-23.585113,-46.582381,,,,2,2023-06-20T10:34:27+00:00
SAO_2032-10,São Paulo,3550308,True,,2266,,,-23.47898025,-46.58248075,,,,1,2023-06-20T10:34:21+00:00
SAO_477A-10,São Paulo,3550308,True,EMTU,346,https://moovitapp.com/index/pt-br/transporte_p%C3%BAblico-line-346-Sao_Paulo-242-2038937-36419429-0,6.3,-23.577151999999998,-46.6081955,,,,1,2023-06-20T10:34:39+00:00
SAO_477A-10,São Paulo,3550308,True,EMTU,346,https://moovitapp.com/index/pt-br/transporte_p%C3%BAblico-line-346-Sao_Paulo-242-2038937-36419429-0,6.3,-23.602939499999998,-46.604305999999994,,,,1,2023-06-20T10:34:15+00:00
SAO_477A-10,São Paulo,3550308,True,EMTU,346,https://moovitapp.com/index/pt-br/transporte_p%C3%BAblico-line-346-Sao_Paulo-242-2038937-36419429-0,6.3,-23.580937499999997,-46.6646905,,,,1,2023-06-20T10:34:35+00:00
SAO_3742-10,São Paulo,3550308,True,,33810,,,-23.604736000000003,-46.4346285,,,,2,2023-06-20T10:34:45+00:00
SAO_6291-10,São Paulo,3550308,True,,33126,,,-23.6435235,-46.764984999999996,,,,2,2023-06-20T10:34:38+00:00
SAO_6062-10,São Paulo,3550308,True,,33919,,,-23.7343115,-46.688837500000005,,,,2,2023-06-20T10:34:49+00:00
SAO_6L01-22,São Paulo,3550308,True,,1827,,,-23.8380465,-46.732744,,,,1,2023-06-20T10:34:25+00:00
SAO_8006-10,São Paulo,3550308,True,,1256,,,-23.448146875,-46.72186175,,,,1,2023-06-20T10:34:34+00:00
SAO_407A-10,São Paulo,3550308,True,,2194,,,-23.58358975,-46.53485225,,,,1,2023-06-20T10:34:38+00:00
SAO_407A-10,São Paulo,3550308,True,,2194,,,-23.542392999999997,-46.616875500000006,,,,1,2023-06-20T10:34:34+00:00
SAO_546L-10,São Paulo,3550308,True,,1285,,,-23.67820125,-46.68439225,,,,1,2023-06-20T10:34:51+00:00
SAO_771P-10,São Paulo,3550308,True,,33274,,,-23.5778485,-46.725646499999996,,,,2,2023-06-20T10:34:52+00:00
SAO_2582-21,São Paulo,3550308,True,,34538,,,-23.5173865,-46.47583825,,,,2,2023-06-20T10:34:45+00:00
SAO_5164-10,São Paulo,3550308,True,,34051,,,-23.652054,-46.651748999999995,,,,2,2023-06-20T10:34:49+00:00
SAO_5164-10,São Paulo,3550308,True,,34051,,,-23.645801499999997,-46.6450435,,,,2,2023-06-20T10:34:32+00:00
SAO_314J-10,São Paulo,3550308,True,,33078,,,-23.614525,-46.516563500000004,,,,2,2023-06-20T10:34:29+00:00
SAO_2740-10,São Paulo,3550308,True,,34560,,,-23.464753,-46.629596500000005,,,,2,2023-06-20T10:34:15+00:00
SAO_7062-10,São Paulo,3550308,True,,34666,,,-23.6427905,-46.7677475,,,,2,2023-06-20T10:34:13+00:00
SAO_7062-10,São Paulo,3550308,True,,34666,,,-23.646132,-46.7723025,,,,2,2023-06-20T10:34:22+00:00
SAO_848L-10,São Paulo,3550308,True,,33576,,,-23.4144305,-46.7510005,,,,2,2023-06-20T10:34:12+00:00
SAO_1758-10,São Paulo,3550308,True,EMTU,552,https://moovitapp.com/index/pt-br/transporte_p%C3%BAblico-line-552-Sao_Paulo-242-2038937-36419556-0,6.8,-23.458837000000003,-46.657152499999995,,,,1,2023-06-20T10:34:35+00:00
SAO_2590-10,São Paulo,3550308,True,,912,,,-23.543805,-46.62951175,,,,1,2023-06-20T10:34:38+00:00
SAO_2590-10,São Paulo,3550308,True,,912,,,-23.4829785,-46.467121,,,,1,2023-06-20T10:34:39+00:00
SAO_2590-10,São Paulo,3550308,True,,912,,,-23.4829785,-46.467121,,,,1,2023-06-20T10:34:40+00:00
SAO_2590-10,São Paulo,3550308,True,,912,,,-23.4829785,-46.467121,,,,1,2023-06-20T10:34:23+00:00
SAO_2590-10,São Paulo,3550308,True,,912,,,-23.4829785,-46.467121,,,,1,2023-06-20T10:34:13+00:00
SAO_2590-10,São Paulo,3550308,True,,912,,,-23.48840075,-46.4648165,,,,1,2023-06-20T10:34:07+00:00
SAO_2590-10,São Paulo,3550308,True,,912,,,-23.4946325,-46.50820225,,,,1,2023-06-20T10:34:47+00:00
SAO_3414-10,São Paulo,3550308,True,,746,,,-23.53547925,-46.53129225,,,,1,2023-06-20T10:34:52+00:00
SAO_4001-10,São Paulo,3550308,True,,34944,,,-23.535547625,-46.447931875,,,,2,2023-06-20T10:34:12+00:00
SAO_4001-10,São Paulo,3550308,True,,34944,,,-23.532577,-46.4410275,,,,2,2023-06-20T10:34:50+00:00
SAO_129F-10,São Paulo,3550308,True,,35072,,,-23.5241095,-46.6842925,,,,2,2023-06-20T10:34:34+00:00
SAO_403A-10,São Paulo,3550308,True,,2192,,,-23.55244225,-46.457972999999996,,,,1,2023-06-20T10:34:40+00:00
SAO_403A-10,São Paulo,3550308,True,,2192,,,-23.5320435,-46.52364675,,,,1,2023-06-20T10:34:08+00:00
SAO_403A-10,São Paulo,3550308,True,,2192,,,-23.5398865,-46.431905,,,,1,2023-06-20T10:34:37+00:00
SAO_6820-31,São Paulo,3550308,True,,1406,,,-23.653654500000002,-46.762669,,,,1,2023-06-20T10:34:40+00:00
SAO_6L07-10,São Paulo,3550308,True,,1545,,,-23.767103,-46.7163835,,,,1,2023-06-20T10:34:16+00:00
SAO_6L07-10,São Paulo,3550308,True,,1545,,,-23.827634500000002,-46.7133525,,,,1,2023-06-20T10:34:15+00:00
SAO_6074-10,São Paulo,3550308,True,,33929,,,-23.734608,-46.6640375,,,,2,2023-06-20T10:34:15+00:00
SAO_3054-10,São Paulo,3550308,True,,33743,,,-23.609925,-46.407969,,,,2,2023-06-20T10:34:15+00:00
SAO_1787-10,São Paulo,3550308,True,,33418,,,-23.4512035,-46.622924499999996,,,,2,2023-06-20T10:34:32+00:00
SAO_N244-11,São Paulo,3550308,True,,35101,,,-23.448660750000002,-46.5737505,,,,2,2023-06-20T10:33:38+00:00
SAO_9032-10,São Paulo,3550308,True,,33648,,,-23.463238750000002,-46.682105750000005,,,,2,2023-06-20T10:34:40+00:00
SAO_6006-10,São Paulo,3550308,True,EMTU,175,https://moovitapp.com/index/pt-br/transporte_p%C3%BAblico-line-175-Sao_Paulo-242-2038937-36419312-0,6.25,-23.6865615,-46.753487,,,,1,2023-06-20T10:34:21+00:00
SAO_2014-10,São Paulo,3550308,True,,33668,,,-23.461007000000002,-46.670221,,,,2,2023-06-20T10:34:24+00:00
SAO_1788-10,São Paulo,3550308,True,,653,,,-23.4361655,-46.5769085,,,,1,2023-06-20T10:34:35+00:00
SAO_N234-11,São Paulo,3550308,True,,35091,,,-23.4666255,-46.639987500000004,,,,2,2023-06-20T10:33:16+00:00
SAO_172Y-10,São Paulo,3550308,True,,862,,,-23.4759775,-46.580903500000005,,,,1,2023-06-20T10:34:35+00:00
SAO_1756-10,São Paulo,3550308,True,,33315,,,-23.458094,-46.642975500000006,,,,2,2023-06-20T10:34:33+00:00
SAO_7004-21,São Paulo,3550308,True,,35351,,,-23.746378999999997,-46.792465500000006,,,,2,2023-06-20T10:34:51+00:00
SAO_6L10-41,São Paulo,3550308,True,,2005,,,-23.774153,-46.740645,,,,1,2023-06-20T10:34:47+00:00
SAO_407R-10,São Paulo,3550308,True,,34969,,,-23.5577635,-46.522865499999995,,,,2,2023-06-20T10:34:48+00:00
SAO_4006-10,São Paulo,3550308,True,,34948,,,-23.61681,-46.4307735,,,,2,2023-06-20T10:34:42+00:00
SAO_4006-10,São Paulo,3550308,True,,34948,,,-23.59722475,-46.436351125,,,,2,2023-06-20T10:34:25+00:00
SAO_546J-10,São Paulo,3550308,True,,1133,,,-23.6890005,-46.6629175,,,,1,2023-06-20T10:34:20+00:00
SAO_2025-10,São Paulo,3550308,True,,2267,,,-23.4557585,-46.5755245,,,,1,2023-06-20T10:34:14+00:00
SAO_1896-10,São Paulo,3550308,True,,2520,,,-23.4690975,-46.7529895,,,,1,2023-06-20T10:32:40+00:00
SAO_4311-10,São Paulo,3550308,True,,34939,,,-23.612947,-46.476177500000006,,,,2,2023-06-20T10:34:47+00:00
SAO_5029-10,São Paulo,3550308,True,,1672,,,-23.618447500000002,-46.584241000000006,,,,1,2023-06-20T10:34:33+00:00
SAO_8544-10,São Paulo,3550308,True,,33198,,,-23.4375725,-46.752344,,,,2,2023-06-20T10:34:48+00:00
SAO_8078-10,São Paulo,3550308,True,,2080,,,-23.6254505,-46.7479555,,,,1,2023-06-20T10:34:54+00:00
SAO_1025-10,São Paulo,3550308,True,,35071,,,-23.489131999999998,-46.698161999999996,,,,2,2023-06-20T10:34:28+00:00
SAO_209P-10,São Paulo,3550308,True,,34984,,,-23.471954750000002,-46.6702775,,,,2,2023-06-20T10:34:41+00:00
SAO_209P-10,São Paulo,3550308,True,,34984,,,-23.47223525,-46.670243,,,,2,2023-06-20T10:34:43+00:00
SAO_4312-10,São Paulo,3550308,True,,34940,,,-23.570552125,-46.489686875,,,,2,2023-06-20T10:34:39+00:00
SAO_4312-10,São Paulo,3550308,True,,34940,,,-23.5376615,-46.51751924999999,,,,2,2023-06-20T10:34:25+00:00
SAO_3063-41,São Paulo,3550308,True,EMTU,254,https://moovitapp.com/index/pt-br/transporte_p%C3%BAblico-line-254-Sao_Paulo-242-2038937-36419365-0,4.85,-23.545249499999997,-46.4112495,,,,1,2023-06-20T10:34:37+00:00
SAO_6012-31,São Paulo,3550308,True,,1776,,,-23.6939845,-46.790749,,,,1,2023-06-20T10:34:42+00:00
SAO_6262-10,São Paulo,3550308,True,,1371,,,-23.5257755,-46.73846125,,,,1,2023-06-20T10:34:51+00:00
SAO_6262-10,São Paulo,3550308,True,,1371,,,-23.529834,-46.732059500000005,,,,1,2023-06-20T10:34:16+00:00
SAO_6291-10,São Paulo,3550308,True,EMTU,358,https://moovitapp.com/index/pt-br/transporte_p%C3%BAblico-line-358-Sao_Paulo-242-2038937-36419439-0,4.8,-23.580544,-46.682426500000005,,,,1,2023-06-20T10:34:50+00:00
SAO_6291-10,São Paulo,3550308,True,EMTU,358,https://moovitapp.com/index/pt-br/transporte_p%C3%BAblico-line-358-Sao_Paulo-242-2038937-36419439-0,4.8,-23.643303500000002,-46.7766185,,,,1,2023-06-20T10:34:34+00:00
SAO_6291-10,São Paulo,3550308,True,EMTU,358,https://moovitapp.com/index/pt-br/transporte_p%C3%BAblico-line-358-Sao_Paulo-242-2038937-36419439-0,4.8,-23.6399865,-46.737408,,,,1,2023-06-20T10:34:36+00:00
SAO_546T-10,São Paulo,3550308,True,,33040,,,-23.704179500000002,-46.6269325,,,,2,2023-06-20T10:34:49+00:00
SAO_5759-31,São Paulo,3550308,True,,1139,,,-23.6950395,-46.6487305,,,,1,2023-06-20T10:34:44+00:00
SAO_5759-31,São Paulo,3550308,True,,1139,,,-23.66610425,-46.6562365,,,,1,2023-06-20T10:34:32+00:00
SAO_407I-10,São Paulo,3550308,True,,2222,,,-23.53491,-46.548629000000005,,,,1,2023-06-20T10:34:15+00:00
SAO_407I-10,São Paulo,3550308,True,,2222,,,-23.542726000000002,-46.485018999999994,,,,1,2023-06-20T10:34:38+00:00
SAO_7005-51,São Paulo,3550308,True,,1999,,,-23.7301305,-46.7858815,,,,1,2023-06-20T10:34:12+00:00
SAO_7005-51,São Paulo,3550308,True,,1999,,,-23.67839325,-46.772246499999994,,,,1,2023-06-20T10:34:54+00:00
SAO_7005-51,São Paulo,3550308,True,,1999,,,-23.693314,-46.77919,,,,1,2023-06-20T10:34:21+00:00
SAO_7005-51,São Paulo,3550308,True,,1999,,,-23.73662,-46.776727,,,,1,2023-06-20T10:34:27+00:00
SAO_N733-11,São Paulo,3550308,True,,35182,,,-23.722436875,-46.764585749999995,,,,2,2023-06-20T10:34:45+00:00
SAO_174M-10,São Paulo,3550308,True,,673,,,-23.48142325,-46.603758125,,,,1,2023-06-20T10:34:39+00:00
SAO_5036-10,São Paulo,3550308,True,,34434,,,-23.6573725,-46.6138675,,,,2,2023-06-20T10:34:35+00:00
SAO_6022-10,São Paulo,3550308,True,,1207,,,-23.7011665,-46.781822500000004,,,,1,2023-06-20T10:34:25+00:00
SAO_4729-10,São Paulo,3550308,True,,1108,,,-23.591857750000003,-46.5079965,,,,1,2023-06-20T10:34:38+00:00
SAO_4729-10,São Paulo,3550308,True,,1108,,,-23.590935,-46.5069575,,,,1,2023-06-20T10:34:49+00:00
SAO_3763-10,São Paulo,3550308,True,,33822,,,-23.557940000000002,-46.52308,,,,2,2023-06-20T10:34:19+00:00
SAO_N336-11,São Paulo,3550308,True,,35116,,,-23.498077375,-46.405717875,,,,2,2023-06-20T10:34:29+00:00
SAO_N702-11,São Paulo,3550308,True,,2407,,,-23.5906755,-46.650822500000004,,,,1,2023-06-20T10:34:54+00:00
SAO_695Y-10,São Paulo,3550308,True,,33966,,,-23.7740245,-46.72119075,,,,2,2023-06-20T10:34:21+00:00
SAO_695Y-10,São Paulo,3550308,True,,33966,,,-23.801012999999998,-46.7339515,,,,2,2023-06-20T10:34:31+00:00
SAO_8075-10,São Paulo,3550308,True,,2044,,,-23.62714275,-46.766670250000004,,,,1,2023-06-20T10:34:24+00:00
SAO_6200-10,São Paulo,3550308,True,,355,,,-23.654486499999997,-46.7150675,,,,1,2023-06-20T10:34:39+00:00
SAO_6200-10,São Paulo,3550308,True,,355,,,-23.6544435,-46.714867,,,,1,2023-06-20T10:34:52+00:00
SAO_6200-10,São Paulo,3550308,True,,355,,,-23.5866805,-46.689777500000005,,,,1,2023-06-20T10:34:48+00:00
SAO_6200-10,São Paulo,3550308,True,,355,,,-23.6509325,-46.7231355,,,,1,2023-06-20T10:34:27+00:00
SAO_6200-10,São Paulo,3550308,True,,355,,,-23.654486499999997,-46.7150675,,,,1,2023-06-20T10:34:48+00:00
SAO_3725-10,São Paulo,3550308,True,,33790,,,-23.533086,-46.530659,,,,2,2023-06-20T10:33:31+00:00
SAO_3725-10,São Paulo,3550308,True,,33790,,,-23.53335,-46.530578500000004,,,,2,2023-06-20T10:34:21+00:00
SAO_4008-21,São Paulo,3550308,True,,2527,,,-23.579354000000002,-46.4323725,,,,1,2023-06-20T10:34:52+00:00
SAO_5103-10,São Paulo,3550308,True,,1646,,,-23.597820500000005,-46.6497785,,,,1,2023-06-20T10:34:38+00:00
SAO_374M-10,São Paulo,3550308,True,,34733,,,-23.5422465,-46.4763265,,,,2,2023-06-20T10:34:43+00:00
SAO_1896-10,São Paulo,3550308,True,,35288,,,-23.444561999999998,-46.7535965,,,,2,2023-06-20T10:34:40+00:00
SAO_271P-10,São Paulo,3550308,True,,704,,,-23.498495749999996,-46.51976125,,,,1,2023-06-20T10:34:53+00:00
SAO_1767-10,São Paulo,3550308,True,,628,,,-23.4806955,-46.562788999999995,,,,1,2023-06-20T10:34:43+00:00
SAO_2033-10,São Paulo,3550308,True,,35267,,,-23.4872685,-46.568211500000004,,,,2,2023-06-20T10:34:29+00:00
SAO_546J-10,São Paulo,3550308,True,,33901,,,-23.68778,-46.65928825,,,,2,2023-06-20T10:34:14+00:00
SAO_546J-10,São Paulo,3550308,True,,33901,,,-23.687986000000002,-46.65963875,,,,2,2023-06-20T10:34:14+00:00
SAO_978L-10,São Paulo,3550308,True,,33234,,,-23.4742495,-46.669781,,,,2,2023-06-20T10:34:33+00:00
SAO_8009-10,São Paulo,3550308,True,,34027,,,-23.4867275,-46.7373635,,,,2,2023-06-20T10:34:52+00:00
SAO_6035-10,São Paulo,3550308,True,,33981,,,-23.653876500000003,-46.708245500000004,,,,2,2023-06-20T10:34:37+00:00
SAO_6035-10,São Paulo,3550308,True,,33981,,,-23.666391750000003,-46.719602374999994,,,,2,2023-06-20T10:34:46+00:00
SAO_6035-10,São Paulo,3550308,True,,33981,,,-23.72062,-46.7558005,,,,2,2023-06-20T10:34:53+00:00
SAO_930P-10,São Paulo,3550308,True,,34883,,,-23.546062,-46.630887,,,,2,2023-06-20T10:34:37+00:00
SAO_3725-10,São Paulo,3550308,True,,1022,,,-23.539223749999998,-46.525163,,,,1,2023-06-20T10:34:20+00:00
SAO_5752-10,São Paulo,3550308,True,,34055,,,-23.6908875,-46.650045000000006,,,,2,2023-06-20T10:33:41+00:00
SAO_5145-10,São Paulo,3550308,True,,1641,,,-23.5732415,-46.569624499999996,,,,1,2023-06-20T10:34:20+00:00
SAO_5145-10,São Paulo,3550308,True,,1641,,,-23.600389,-46.5025525,,,,1,2023-06-20T10:34:45+00:00
SAO_6002-10,São Paulo,3550308,True,,34747,,,-23.70916425,-46.69858725,,,,2,2023-06-20T10:34:28+00:00
SAO_3006-10,São Paulo,3550308,True,,34633,,,-23.54312875,-46.41216825,,,,2,2023-06-20T10:33:46+00:00
SAO_2712-10,São Paulo,3550308,True,,33694,,,-23.5268035,-46.478916999999996,,,,2,2023-06-20T10:34:16+00:00
SAO_546A-10,São Paulo,3550308,True,,1131,,,-23.680270999999998,-46.683795,,,,1,2023-06-20T10:34:44+00:00
SAO_546A-10,São Paulo,3550308,True,,1131,,,-23.700540500000002,-46.649389,,,,1,2023-06-20T10:34:40+00:00
SAO_702C-10,São Paulo,3550308,True,STT,485,https://moovitapp.com/index/pt-br/transporte_p%C3%BAblico-line-485-Sao_Paulo-242-850661-183324-0,5.3,-23.5474995,-46.640241,,,,1,2023-06-20T10:34:31+00:00
SAO_3737-10,São Paulo,3550308,True,,1037,,,-23.5630685,-46.508694500000004,,,,1,2023-06-20T10:34:52+00:00
SAO_3737-10,São Paulo,3550308,True,,1037,,,-23.558901,-46.509192,,,,1,2023-06-20T10:34:30+00:00
SAO_475R-10,São Paulo,3550308,True,,344,,,-23.580435,-46.650484,,,,1,2023-06-20T10:34:40+00:00
SAO_971V-10,São Paulo,3550308,True,,619,,,-23.450224,-46.6851425,,,,1,2023-06-20T10:34:14+00:00
SAO_4221-10,São Paulo,3550308,True,,325,,,-23.5923805625,-46.554283312500004,,,,1,2023-06-20T10:34:12+00:00
SAO_6035-21,São Paulo,3550308,True,,34563,,,-23.667486,-46.7354975,,,,2,2023-06-20T10:34:47+00:00
SAO_233C-10,São Paulo,3550308,True,,32923,,,-23.520599125,-46.4756310625,,,,2,2023-06-20T10:34:12+00:00
SAO_233C-10,São Paulo,3550308,True,,32923,,,-23.55599675,-46.51803525,,,,2,2023-06-20T10:34:20+00:00
SAO_1765-10,São Paulo,3550308,True,,34550,,,-23.4807845,-46.6028295,,,,2,2023-06-20T10:34:50+00:00
SAO_1765-10,São Paulo,3550308,True,,34550,,,-23.467172,-46.56877125,,,,2,2023-06-20T10:34:28+00:00
SAO_N506-11,São Paulo,3550308,True,,2380,,,-23.5673225625,-46.6493123125,,,,1,2023-06-20T10:34:26+00:00
SAO_273D-10,São Paulo,3550308,True,,32990,,,-23.5212985,-46.410903,,,,2,2023-06-20T10:34:48+00:00
SAO_N403-11,São Paulo,3550308,True,,35127,,,-23.58055825,-46.413486750000004,,,,2,2023-06-20T10:34:27+00:00
SAO_N603-11,São Paulo,3550308,True,,2394,,,-23.608083,-46.693809375,,,,1,2023-06-20T10:34:16+00:00
SAO_607C-10,São Paulo,3550308,True,,34745,,,-23.68922,-46.635029,,,,2,2023-06-20T10:34:11+00:00
SAO_627J-10,São Paulo,3550308,True,,34824,,,-23.6815315,-46.6338755,,,,2,2023-06-20T10:34:15+00:00
SAO_8700-10,São Paulo,3550308,True,,34645,,,-23.6308985,-46.773928,,,,2,2023-06-20T10:34:49+00:00
SAO_8700-10,São Paulo,3550308,True,,34645,,,-23.631026499999997,-46.773642,,,,2,2023-06-20T10:34:53+00:00
SAO_8700-10,São Paulo,3550308,True,,34645,,,-23.631153500000003,-46.7733425,,,,2,2023-06-20T10:34:41+00:00
SAO_1156-10,São Paulo,3550308,True,,659,,,-23.495274,-46.577935,,,,1,2023-06-20T10:34:31+00:00
SAO_407F-10,São Paulo,3550308,True,,2167,,,-23.576138999999998,-46.5199415,,,,1,2023-06-20T10:34:29+00:00
SAO_1772-10,São Paulo,3550308,True,,33403,,,-23.48009,-46.602402,,,,2,2023-06-20T10:34:12+00:00
SAO_1772-10,São Paulo,3550308,True,,33403,,,-23.4350765,-46.581492999999995,,,,2,2023-06-20T10:34:48+00:00
SAO_715M-10,São Paulo,3550308,True,EMTU,490,https://moovitapp.com/index/pt-br/transporte_p%C3%BAblico-line-490-Sao_Paulo-242-2038937-36419517-0,5.15,-23.5836475,-46.750126,,,,1,2023-06-20T10:34:51+00:00
SAO_819A-10,São Paulo,3550308,True,,33571,,,-23.4387105,-46.748492,,,,2,2023-06-20T10:34:43+00:00
SAO_4727-10,São Paulo,3550308,True,,33108,,,-23.643363,-46.61251300000001,,,,2,2023-06-20T10:34:35+00:00
SAO_2780-10,São Paulo,3550308,True,,33167,,,-23.508725,-46.372721,,,,2,2023-06-20T10:34:22+00:00
SAO_8050-31,São Paulo,3550308,True,,33183,,,-23.4874975,-46.767435125000006,,,,2,2023-06-20T10:34:48+00:00
SAO_669A-10,São Paulo,3550308,True,,32772,,,-23.5341755,-46.6447165,,,,2,2023-06-20T10:34:23+00:00
SAO_701U-10,São Paulo,3550308,True,,657,,,-23.542782250000002,-46.640742375,,,,1,2023-06-20T10:34:40+00:00
SAO_701U-10,São Paulo,3550308,True,,657,,,-23.502836,-46.623605,,,,1,2023-06-20T10:34:43+00:00
SAO_3013-10,São Paulo,3550308,True,,954,,,-23.582969,-46.407816499999996,,,,1,2023-06-20T10:34:32+00:00
SAO_3013-10,São Paulo,3550308,True,,954,,,-23.582969,-46.407816499999996,,,,1,2023-06-20T10:34:42+00:00
SAO_1016-10,São Paulo,3550308,True,,33599,,,-23.513872,-46.6160225,,,,2,2023-06-20T10:34:32+00:00
SAO_1016-10,São Paulo,3550308,True,,33599,,,-23.513872,-46.6160225,,,,2,2023-06-20T10:34:00+00:00
SAO_6058-10,São Paulo,3550308,True,,33917,,,-23.769851000000003,-46.676743,,,,2,2023-06-20T10:34:19+00:00
SAO_6058-10,São Paulo,3550308,True,,33917,,,-23.769380499999997,-46.67707625,,,,2,2023-06-20T10:34:15+00:00
SAO_6058-10,São Paulo,3550308,True,,33917,,,-23.769851000000003,-46.676743,,,,2,2023-06-20T10:34:18+00:00
SAO_271F-10,São Paulo,3550308,True,,683,,,-23.53937725,-46.608977749999994,,,,1,2023-06-20T10:34:15+00:00
SAO_856R-10,São Paulo,3550308,True,,1428,,,-23.670434999999998,-46.72030225,,,,1,2023-06-20T10:32:33+00:00
SAO_856R-10,São Paulo,3550308,True,,1428,,,-23.600961499999997,-46.67407025,,,,1,2023-06-20T10:34:33+00:00
SAO_856R-10,São Paulo,3550308,True,,1428,,,-23.541159,-46.682286500000004,,,,1,2023-06-20T10:34:29+00:00
SAO_3020-10,São Paulo,3550308,True,,958,,,-23.5544655,-46.438826750000004,,,,1,2023-06-20T10:34:26+00:00
SAO_4735-10,São Paulo,3550308,True,,1110,,,-23.603889875,-46.479590125,,,,1,2023-06-20T10:34:19+00:00
SAO_6L03-10,São Paulo,3550308,True,,1565,,,-23.879709,-46.778187,,,,1,2023-06-20T10:34:32+00:00
SAO_6L04-42,São Paulo,3550308,True,,34335,,,-23.8672135,-46.766087999999996,,,,2,2023-06-20T10:34:35+00:00
SAO_6L04-42,São Paulo,3550308,True,,34335,,,-23.8281815,-46.7272275,,,,2,2023-06-20T10:34:40+00:00
SAO_709A-10,São Paulo,3550308,True,,34860,,,-23.6129235,-46.6957445,,,,2,2023-06-20T10:34:26+00:00
SAO_1709-10,São Paulo,3550308,True,,33619,,,-23.44072075,-46.581562000000005,,,,2,2023-06-20T10:30:46+00:00
SAO_1709-10,São Paulo,3550308,True,,33619,,,-23.479985,-46.603936000000004,,,,2,2023-06-20T10:34:47+00:00
SAO_5010-10,São Paulo,3550308,True,,1114,,,-23.664206874999998,-46.6352666875,,,,1,2023-06-20T10:34:50+00:00
SAO_546A-10,São Paulo,3550308,True,,33899,,,-23.7092915,-46.6550465,,,,2,2023-06-20T10:34:04+00:00
SAO_971V-10,São Paulo,3550308,True,,33387,,,-23.4513575,-46.691139,,,,2,2023-06-20T10:34:47+00:00
SAO_3795-10,São Paulo,3550308,True,,33841,,,-23.5430055,-46.47176,,,,2,2023-06-20T10:34:54+00:00
SAO_3029-10,São Paulo,3550308,True,,966,,,-23.586398250000002,-46.51051875,,,,1,2023-06-20T10:34:39+00:00
SAO_2201-10,São Paulo,3550308,True,,909,,,-23.5324795,-46.3946915,,,,1,2023-06-20T10:34:40+00:00
SAO_6835-10,São Paulo,3550308,True,,32780,,,-23.667064,-46.772805000000005,,,,2,2023-06-20T10:34:23+00:00
SAO_4036-10,São Paulo,3550308,True,,2561,,,-23.542727,-46.470595,,,,1,2023-06-20T10:33:22+00:00
SAO_775P-10,São Paulo,3550308,True,EMTU,507,https://moovitapp.com/index/pt-br/transporte_p%C3%BAblico-line-507-Sao_Paulo-242-2038937-36419529-0,5.65,-23.5959495,-46.760026999999994,,,,1,2023-06-20T10:34:32+00:00
SAO_7002-10,São Paulo,3550308,True,,33540,,,-23.590518,-46.76971475,,,,2,2023-06-20T10:34:49+00:00
SAO_978J-10,São Paulo,3550308,True,,33359,,,-23.4694,-46.724398,,,,2,2023-06-20T10:34:46+00:00
SAO_5028-10,São Paulo,3550308,True,,1634,,,-23.6023735,-46.611771000000005,,,,1,2023-06-20T10:34:47+00:00
SAO_5028-10,São Paulo,3550308,True,,1634,,,-23.609223749999998,-46.590100500000005,,,,1,2023-06-20T10:34:38+00:00
SAO_847P-10,São Paulo,3550308,True,,423,,,-23.507303999999998,-46.7058805,,,,1,2023-06-20T10:34:31+00:00
SAO_967A-10,São Paulo,3550308,True,,33336,,,-23.480661,-46.656176,,,,2,2023-06-20T10:34:31+00:00
SAO_2007-10,São Paulo,3550308,True,,896,,,-23.502917125,-46.390830750000006,,,,1,2023-06-20T10:34:00+00:00
SAO_2007-10,São Paulo,3550308,True,,896,,,-23.511344,-46.37616,,,,1,2023-06-20T10:34:20+00:00
SAO_2007-10,São Paulo,3550308,True,,896,,,-23.508315500000002,-46.3686815,,,,1,2023-06-20T10:34:40+00:00
SAO_6043-10,São Paulo,3550308,True,,1220,,,-23.6584335,-46.7557785,,,,1,2023-06-20T10:34:13+00:00
SAO_6048-10,São Paulo,3550308,True,BR7 Mobilidade,56,https://moovitapp.com/index/pt-br/transporte_p%C3%BAblico-line-56-Sao_Paulo-242-851856-518592-0,5.75,-23.670586,-46.772875,,,,1,2023-06-20T10:34:38+00:00
SAO_5036-10,São Paulo,3550308,True,,1666,,,-23.602046625,-46.607735500000004,,,,1,2023-06-20T10:34:12+00:00
SAO_6063-10,São Paulo,3550308,True,,1152,,,-23.7692035,-46.715246500000006,,,,1,2023-06-20T10:34:25+00:00
SAO_6063-10,São Paulo,3550308,True,,1152,,,-23.7727045,-46.701348,,,,1,2023-06-20T10:34:29+00:00
SAO_6063-10,São Paulo,3550308,True,,1152,,,-23.7859625,-46.6889135,,,,1,2023-06-20T10:34:33+00:00
SAO_6063-10,São Paulo,3550308,True,,1152,,,-23.783673,-46.6827105,,,,1,2023-06-20T10:34:50+00:00
SAO_857P-10,São Paulo,3550308,True,,34694,,,-23.6316405,-46.772316,,,,2,2023-06-20T10:34:54+00:00
SAO_N746-11,São Paulo,3550308,True,,35195,,,-23.64900325,-46.786835749999995,,,,2,2023-06-20T10:34:32+00:00
SAO_N739-11,São Paulo,3550308,True,,35188,,,-23.65909475,-46.7595515,,,,2,2023-06-20T10:34:49+00:00
SAO_8677-10,São Paulo,3550308,True,EMTU,443,https://moovitapp.com/index/pt-br/transporte_p%C3%BAblico-line-443-Sao_Paulo-242-2038937-36419491-0,5.4,-23.486478499999997,-46.749747375,,,,1,2023-06-20T10:33:58+00:00
SAO_8677-10,São Paulo,3550308,True,EMTU,443,https://moovitapp.com/index/pt-br/transporte_p%C3%BAblico-line-443-Sao_Paulo-242-2038937-36419491-0,5.4,-23.508277,-46.741939,,,,1,2023-06-20T10:34:09+00:00
SAO_8018-10,São Paulo,3550308,True,,2070,,,-23.604958500000002,-46.735875750000005,,,,1,2023-06-20T10:34:46+00:00
SAO_9050-10,São Paulo,3550308,True,,34856,,,-23.519665500000002,-46.7004,,,,2,2023-06-20T10:34:52+00:00
SAO_675P-10,São Paulo,3550308,True,,33043,,,-23.645801499999997,-46.6450435,,,,2,2023-06-20T10:34:30+00:00
SAO_N339-11,São Paulo,3550308,True,,35119,,,-23.536209,-46.46548,,,,2,2023-06-20T10:34:26+00:00
SAO_6358-10,São Paulo,3550308,True,,34062,,,-23.686289000000002,-46.6379425,,,,2,2023-06-20T10:34:29+00:00
SAO_3902-10,São Paulo,3550308,True,,34238,,,-23.50691175,-46.39872025,,,,2,2023-06-20T10:34:04+00:00
SAO_1021-10,São Paulo,3550308,True,EMTU,833,https://moovitapp.com/index/pt-br/transporte_p%C3%BAblico-line-833-Sao_Paulo-242-2038937-36419599-0,5.4,-23.459688,-46.718698,,,,1,2023-06-20T10:34:17+00:00
SAO_8030-10,São Paulo,3550308,True,,2562,,,-23.6228935,-46.7287175,,,,1,2023-06-20T10:34:45+00:00
SAO_8030-10,São Paulo,3550308,True,,2562,,,-23.613870499999997,-46.731314499999996,,,,1,2023-06-20T10:34:31+00:00
SAO_8030-10,São Paulo,3550308,True,,2562,,,-23.6228935,-46.7287175,,,,1,2023-06-20T10:34:13+00:00
SAO_N432-11,São Paulo,3550308,True,,35133,,,-23.626135499999997,-46.44640149999999,,,,2,2023-06-20T10:34:12+00:00
SAO_917H-10,São Paulo,3550308,True,,33224,,,-23.4971865,-46.74610925,,,,2,2023-06-20T10:34:17+00:00
SAO_917H-10,São Paulo,3550308,True,,33224,,,-23.4867275,-46.7373635,,,,2,2023-06-20T10:34:38+00:00
SAO_917H-10,São Paulo,3550308,True,,33224,,,-23.507776,-46.747023999999996,,,,2,2023-06-20T10:34:48+00:00
SAO_917H-10,São Paulo,3550308,True,,33224,,,-23.576137250000002,-46.6409975,,,,2,2023-06-20T10:34:44+00:00
SAO_5123-10,São Paulo,3550308,True,,1125,,,-23.669349,-46.635788500000004,,,,1,2023-06-20T10:34:36+00:00
SAO_6835-10,São Paulo,3550308,True,BR7 Mobilidade,12,https://moovitapp.com/index/pt-br/transporte_p%C3%BAblico-line-12-Sao_Paulo-242-851856-542340-0,5.75,-23.685769,-46.791277,,,,1,2023-06-20T10:34:55+00:00
SAO_513C-10,São Paulo,3550308,True,,35303,,,-23.606419000000002,-46.5629485,,,,2,2023-06-20T10:34:35+00:00
SAO_6048-10,São Paulo,3550308,True,,32824,,,-23.66952,-46.773173,,,,2,2023-06-20T10:34:43+00:00
SAO_8060-10,São Paulo,3550308,True,,33186,,,-23.502658,-46.760932499999996,,,,2,2023-06-20T10:34:36+00:00
SAO_N340-11,São Paulo,3550308,True,,35120,,,-23.542639,-46.469696,,,,2,2023-06-20T10:34:37+00:00
SAO_213E-10,São Paulo,3550308,True,,2498,,,-23.48259925,-46.574369000000004,,,,1,2023-06-20T10:34:24+00:00
SAO_1738-10,São Paulo,3550308,True,,33440,,,-23.4735475,-46.581099,,,,2,2023-06-20T10:34:39+00:00
SAO_3031-10,São Paulo,3550308,True,,33735,,,-23.5430545,-46.470682999999994,,,,2,2023-06-20T10:34:33+00:00
SAO_5290-10,São Paulo,3550308,True,,33365,,,-23.680846250000002,-46.635608,,,,2,2023-06-20T10:34:27+00:00
SAO_271A-51,São Paulo,3550308,True,,703,,,-23.499398499999998,-46.519758499999995,,,,1,2023-06-20T10:34:28+00:00
SAO_4053-10,São Paulo,3550308,True,,34914,,,-23.55280925,-46.3944755,,,,2,2023-06-20T10:34:24+00:00
SAO_407E-10,São Paulo,3550308,True,,34983,,,-23.622248,-46.4506955,,,,2,2023-06-20T10:34:11+00:00
SAO_407E-10,São Paulo,3550308,True,,34983,,,-23.542776500000002,-46.5339835,,,,2,2023-06-20T10:34:29+00:00
SAO_7040-10,São Paulo,3550308,True,,33544,,,-23.611446,-46.7199145,,,,2,2023-06-20T10:34:25+00:00
SAO_N536-11,São Paulo,3550308,True,,35156,,,-23.59366975,-46.49970175,,,,2,2023-06-20T10:34:47+00:00
SAO_7054-10,São Paulo,3550308,True,,41,,,-23.6517055,-46.7906215,,,,1,2023-06-20T10:34:40+00:00
SAO_7054-10,São Paulo,3550308,True,,41,,,-23.64657275,-46.785840500000006,,,,1,2023-06-20T10:34:35+00:00
SAO_1034-10,São Paulo,3550308,True,,35220,,,-23.47114175,-46.71015375,,,,2,2023-06-20T10:34:20+00:00
SAO_1034-10,São Paulo,3550308,True,,35220,,,-23.4703625,-46.7024105,,,,2,2023-06-20T10:34:32+00:00
SAO_5705-10,São Paulo,3550308,True,,34425,,,-23.5890045,-46.635279999999995,,,,2,2023-06-20T10:34:18+00:00
SAO_1019-10,São Paulo,3550308,True,,2495,,,-23.437415,-46.779865,,,,1,2023-06-20T10:34:20+00:00
SAO_2721-10,São Paulo,3550308,True,,33702,,,-23.535685,-46.454350000000005,,,,2,2023-06-20T10:34:12+00:00
SAO_3734-10,São Paulo,3550308,True,,1034,,,-23.551329000000003,-46.482457,,,,1,2023-06-20T10:34:49+00:00
SAO_3734-10,São Paulo,3550308,True,,1034,,,-23.55175775,-46.467581749999994,,,,1,2023-06-20T10:34:46+00:00
SAO_6258-10,São Paulo,3550308,True,,1232,,,-23.6672905,-46.727228,,,,1,2023-06-20T10:34:51+00:00
SAO_6258-10,São Paulo,3550308,True,,1232,,,-23.691460499999998,-46.746868500000005,,,,1,2023-06-20T10:34:22+00:00
SAO_6L08-10,São Paulo,3550308,True,,33950,,,-23.8302865,-46.717633500000005,,,,2,2023-06-20T10:34:14+00:00
SAO_519M-10,São Paulo,3550308,True,,34979,,,-23.613173500000002,-46.482603499999996,,,,2,2023-06-20T10:34:10+00:00
SAO_1701-10,São Paulo,3550308,True,,33613,,,-23.447695250000002,-46.576127125,,,,2,2023-06-20T10:34:28+00:00
SAO_1701-10,São Paulo,3550308,True,,33613,,,-23.447903750000002,-46.57596337499999,,,,2,2023-06-20T10:34:52+00:00
SAO_4732-31,São Paulo,3550308,True,,34895,,,-23.6475085,-46.600749,,,,2,2023-06-20T10:34:17+00:00
SAO_7053-22,São Paulo,3550308,True,,1896,,,-23.6431875,-46.787111,,,,1,2023-06-20T10:34:42+00:00
SAO_502J-21,São Paulo,3550308,True,,34874,,,-23.678196,-46.66337,,,,2,2023-06-20T10:34:45+00:00
SAO_2021-10,São Paulo,3550308,True,,33674,,,-23.53865475,-46.400863,,,,2,2023-06-20T10:34:28+00:00
SAO_2021-10,São Paulo,3550308,True,,33674,,,-23.541711,-46.416456499999995,,,,2,2023-06-20T10:33:02+00:00
SAO_3015-10,São Paulo,3550308,True,,35222,,,-23.497136,-46.3873465,,,,2,2023-06-20T10:34:19+00:00
SAO_702C-10,São Paulo,3550308,True,,33253,,,-23.571233,-46.74876825,,,,2,2023-06-20T10:34:21+00:00
SAO_702U-10,São Paulo,3550308,True,,1330,,,-23.552386499999997,-46.7320775,,,,1,2023-06-20T10:34:25+00:00
SAO_702U-10,São Paulo,3550308,True,,1330,,,-23.551324,-46.63472949999999,,,,1,2023-06-20T10:34:45+00:00
SAO_746V-10,São Paulo,3550308,True,,792,,,-23.63702525,-46.763191500000005,,,,1,2023-06-20T10:34:17+00:00
SAO_6812-10,São Paulo,3550308,True,,34010,,,-23.73195075,-46.790341,,,,2,2023-06-20T10:34:55+00:00
SAO_2161-10,São Paulo,3550308,True,,694,,,-23.4822415,-46.58303275,,,,1,2023-06-20T10:34:37+00:00
SAO_6020-51,São Paulo,3550308,True,,2456,,,-23.822252499999998,-46.75508,,,,1,2023-06-20T10:34:22+00:00
SAO_3735-10,São Paulo,3550308,True,,33803,,,-23.545573,-46.500811999999996,,,,2,2023-06-20T10:34:43+00:00
SAO_971T-10,São Paulo,3550308,True,,33386,,,-23.493746,-46.674699000000004,,,,2,2023-06-20T10:34:12+00:00
SAO_971T-10,São Paulo,3550308,True,,33386,,,-23.493424500000003,-46.675837,,,,2,2023-06-20T10:34:10+00:00
SAO_8199-10,São Paulo,3550308,True,EMTU,807,https://moovitapp.com/index/pt-br/transporte_p%C3%BAblico-line-807-Sao_Paulo-242-2038937-36419583-0,7.8,-23.4763565,-46.667424,,,,1,2023-06-20T10:34:25+00:00
SAO_5652-10,São Paulo,3550308,True,STT,274,https://moovitapp.com/index/pt-br/transporte_p%C3%BAblico-line-274-Sao_Paulo-242-850661-183274-0,5.3,-23.706498500000002,-46.700402499999996,,,,1,2023-06-20T10:34:54+00:00
SAO_N441-11,São Paulo,3550308,True,,35142,,,-23.5701715,-46.406763,,,,2,2023-06-20T10:34:44+00:00
SAO_4092-10,São Paulo,3550308,True,,34644,,,-23.581595,-46.420562000000004,,,,2,2023-06-20T10:34:29+00:00
SAO_8004-10,São Paulo,3550308,True,,1254,,,-23.48407,-46.751335999999995,,,,1,2023-06-20T10:34:21+00:00
SAO_3063-10,São Paulo,3550308,True,EMTU,253,https://moovitapp.com/index/pt-br/transporte_p%C3%BAblico-line-253-Sao_Paulo-242-2038937-36419364-0,5.4,-23.555383499999998,-46.412734,,,,1,2023-06-20T10:34:51+00:00
SAO_3063-10,São Paulo,3550308,True,EMTU,253,https://moovitapp.com/index/pt-br/transporte_p%C3%BAblico-line-253-Sao_Paulo-242-2038937-36419364-0,5.4,-23.6009935,-46.470451999999995,,,,1,2023-06-20T10:34:42+00:00
SAO_675L-10,São Paulo,3550308,True,,1478,,,-23.6491733125,-46.7034545625,,,,1,2023-06-20T10:34:19+00:00
SAO_7022-10,São Paulo,3550308,True,,2084,,,-23.671774,-46.7412225,,,,1,2023-06-20T10:34:16+00:00
SAO_4709-10,São Paulo,3550308,True,,333,,,-23.630584499999998,-46.6041045,,,,1,2023-06-20T10:34:48+00:00
SAO_5024-10,São Paulo,3550308,True,,1122,,,-23.688021,-46.663431,,,,1,2023-06-20T10:34:19+00:00
SAO_4210-10,São Paulo,3550308,True,,34938,,,-23.540216,-46.61209975,,,,2,2023-06-20T10:34:50+00:00
SAO_4210-10,São Paulo,3550308,True,,34938,,,-23.583026,-46.408417,,,,2,2023-06-20T10:34:24+00:00
SAO_8050-10,São Paulo,3550308,True,,33180,,,-23.468395812500003,-46.77872575,,,,2,2023-06-20T10:34:14+00:00
SAO_8008-10,São Paulo,3550308,True,,34026,,,-23.470457,-46.751476499999995,,,,2,2023-06-20T10:34:39+00:00
SAO_7050-10,São Paulo,3550308,True,,1884,,,-23.6566405,-46.776344,,,,1,2023-06-20T10:34:41+00:00
SAO_8047-10,São Paulo,3550308,True,EMTU,408,https://moovitapp.com/index/pt-br/transporte_p%C3%BAblico-line-408-Sao_Paulo-242-2038937-36419468-0,7.55,-23.4819155,-46.755618999999996,,,,1,2023-06-20T10:34:14+00:00
SAO_5010-10,São Paulo,3550308,True,,33882,,,-23.66177975,-46.63187175,,,,2,2023-06-20T10:34:38+00:00
SAO_930P-10,São Paulo,3550308,True,,2115,,,-23.573535,-46.6763045,,,,1,2023-06-20T10:34:53+00:00
SAO_930P-10,São Paulo,3550308,True,,2115,,,-23.54465875,-46.63506375,,,,1,2023-06-20T10:34:11+00:00
SAO_6052-31,São Paulo,3550308,True,,1832,,,-23.7713125,-46.692029000000005,,,,1,2023-06-20T10:34:23+00:00
SAO_971M-10,São Paulo,3550308,True,,33380,,,-23.490305,-46.6886595,,,,2,2023-06-20T10:34:24+00:00
SAO_7011-31,São Paulo,3550308,True,,1954,,,-23.695859,-46.779673,,,,1,2023-06-20T10:34:48+00:00
SAO_4003-10,São Paulo,3550308,True,,2159,,,-23.569178,-46.410258999999996,,,,1,2023-06-20T10:34:23+00:00
SAO_271A-10,São Paulo,3550308,True,STT,702,https://moovitapp.com/index/pt-br/transporte_p%C3%BAblico-line-702-Sao_Paulo-242-850661-641780-0,5.3,-23.504911625,-46.622507625,,,,1,2023-06-20T10:34:46+00:00
SAO_271A-10,São Paulo,3550308,True,STT,702,https://moovitapp.com/index/pt-br/transporte_p%C3%BAblico-line-702-Sao_Paulo-242-850661-641780-0,5.3,-23.525028499999998,-46.556847,,,,1,2023-06-20T10:34:35+00:00
SAO_4024-10,São Paulo,3550308,True,,34926,,,-23.554649,-46.444942,,,,2,2023-06-20T10:34:42+00:00
SAO_189L-10,São Paulo,3550308,True,,2450,,,-23.517339999999997,-46.704061125,,,,1,2023-06-20T10:34:36+00:00
SAO_1778-10,São Paulo,3550308,True,,34557,,,-23.46196475,-46.60291125,,,,2,2023-06-20T10:34:16+00:00
SAO_8075-10,São Paulo,3550308,True,,34812,,,-23.6313825,-46.77286,,,,2,2023-06-20T10:34:46+00:00
SAO_8075-10,São Paulo,3550308,True,,34812,,,-23.631258,-46.773112999999995,,,,2,2023-06-20T10:34:12+00:00
SAO_8029-10,São Paulo,3550308,True,,35308,,,-23.6156275,-46.746594,,,,2,2023-06-20T10:34:19+00:00
SAO_5194-10,São Paulo,3550308,True,,33037,,,-23.702934,-46.646782,,,,2,2023-06-20T10:34:22+00:00
SAO_675M-10,São Paulo,3550308,True,,32876,,,-23.646586749999997,-46.645936000000006,,,,2,2023-06-20T10:34:38+00:00
SAO_909T-1,São Paulo,3550308,True,,35280,,,-23.565880999999997,-46.701195,,,,2,2023-06-20T10:34:48+00:00
SAO_N302-11,São Paulo,3550308,True,,2336,,,-23.518318999999998,-46.4758545,,,,1,2023-06-20T10:34:48+00:00
SAO_N302-11,São Paulo,3550308,True,,2336,,,-23.5223485,-46.558676999999996,,,,1,2023-06-20T10:32:47+00:00
SAO_N843-11,São Paulo,3550308,True,,2442,,,-23.6540245,-46.762589000000006,,,,1,2023-06-20T10:34:22+00:00
SAO_3796-10,São Paulo,3550308,True,,1074,,,-23.541947,-46.470782,,,,1,2023-06-20T10:34:12+00:00
SAO_3796-10,São Paulo,3550308,True,,1074,,,-23.579731000000002,-46.459901,,,,1,2023-06-20T10:34:34+00:00
SAO_958P-10,São Paulo,3550308,True,,33233,,,-23.4802775,-46.758544,,,,2,2023-06-20T10:34:34+00:00
SAO_778R-10,São Paulo,3550308,True,,33277,,,-23.586267499999998,-46.804058,,,,2,2023-06-20T10:34:43+00:00
SAO_1705-10,São Paulo,3550308,True,,33617,,,-23.434339,-46.58389525,,,,2,2023-06-20T10:32:44+00:00
SAO_1705-10,São Paulo,3550308,True,,33617,,,-23.434579,-46.583968999999996,,,,2,2023-06-20T10:34:38+00:00
SAO_1705-10,São Paulo,3550308,True,,33617,,,-23.434339,-46.58389525,,,,2,2023-06-20T10:34:26+00:00
SAO_1705-10,São Paulo,3550308,True,,33617,,,-23.4425685,-46.588387,,,,2,2023-06-20T10:34:45+00:00
SAO_6250-10,São Paulo,3550308,True,EMTU,468,https://moovitapp.com/index/pt-br/transporte_p%C3%BAblico-line-468-Sao_Paulo-242-2038937-36419506-0,6.65,-23.592011749999998,-46.760010750000006,,,,1,2023-06-20T10:34:28+00:00
SAO_6071-10,São Paulo,3550308,True,,1156,,,-23.7254765,-46.682809000000006,,,,1,2023-06-20T10:34:38+00:00
SAO_8038-10,São Paulo,3550308,True,,33565,,,-23.53488225,-46.76081775,,,,2,2023-06-20T10:34:32+00:00
SAO_8047-41,São Paulo,3550308,True,,33178,,,-23.4401245,-46.749575,,,,2,2023-06-20T10:34:40+00:00
SAO_4732-10,São Paulo,3550308,True,Rápido Campinas,302,https://moovitapp.com/index/pt-br/transporte_p%C3%BAblico-line-302-Sao_Paulo-242-858660-23262913-0,5.3,-23.63319975,-46.613293,,,,1,2023-06-20T10:34:36+00:00
SAO_5022-10,São Paulo,3550308,True,,1120,,,-23.672228,-46.638205,,,,1,2023-06-20T10:34:48+00:00
SAO_6L04-42,São Paulo,3550308,True,,1567,,,-23.8279045,-46.727655,,,,1,2023-06-20T10:34:32+00:00
SAO_971C-10,São Paulo,3550308,True,,571,,,-23.4384985,-46.717290000000006,,,,1,2023-06-20T10:34:31+00:00
SAO_675R-10,São Paulo,3550308,True,,32877,,,-23.734747,-46.6831805,,,,2,2023-06-20T10:34:48+00:00
SAO_9166-10,São Paulo,3550308,True,,33475,,,-23.461335,-46.6658715,,,,2,2023-06-20T10:34:48+00:00
SAO_8001-10,São Paulo,3550308,True,,34019,,,-23.502658,-46.760932499999996,,,,2,2023-06-20T10:34:24+00:00
SAO_5038-10,São Paulo,3550308,True,,1661,,,-23.6370615,-46.60746,,,,1,2023-06-20T10:34:14+00:00
SAO_5038-10,São Paulo,3550308,True,,1661,,,-23.6536285,-46.60265,,,,1,2023-06-20T10:34:26+00:00
SAO_4056-10,São Paulo,3550308,True,,35005,,,-23.612665,-46.476373499999994,,,,2,2023-06-20T10:34:46+00:00
SAO_874C-10,São Paulo,3550308,True,,477,,,-23.5469285,-46.7609265,,,,1,2023-06-20T10:34:35+00:00
SAO_2031-10,São Paulo,3550308,True,,33135,,,-23.5187885,-46.4757585,,,,2,2023-06-20T10:34:27+00:00
SAO_4086-10,São Paulo,3550308,True,,2250,,,-23.5830235,-46.4076065,,,,1,2023-06-20T10:34:26+00:00
SAO_N242-11,São Paulo,3550308,True,,35099,,,-23.435933,-46.5767585,,,,2,2023-06-20T10:34:42+00:00
SAO_3756-10,São Paulo,3550308,True,,33818,,,-23.547687500000002,-46.461503,,,,2,2023-06-20T10:34:30+00:00
SAO_3756-10,São Paulo,3550308,True,,33818,,,-23.5564045,-46.4495915,,,,2,2023-06-20T10:34:18+00:00
SAO_6821-10,São Paulo,3550308,True,,32789,,,-23.679521,-46.776443,,,,2,2023-06-20T10:34:39+00:00
SAO_2767-10,São Paulo,3550308,True,EMTU,241,https://moovitapp.com/index/pt-br/transporte_p%C3%BAblico-line-241-Sao_Paulo-242-2038937-36419354-0,5.15,-23.521054,-46.525456500000004,,,,1,2023-06-20T10:34:46+00:00
SAO_3745-10,São Paulo,3550308,True,,1044,,,-23.57321725,-46.51985225,,,,1,2023-06-20T10:34:45+00:00
SAO_7054-10,São Paulo,3550308,True,,32809,,,-23.651257,-46.7909195,,,,2,2023-06-20T10:34:51+00:00
SAO_4725-10,São Paulo,3550308,True,,33106,,,-23.613082874999996,-46.665061875000006,,,,2,2023-06-20T10:34:38+00:00
SAO_748R-10,São Paulo,3550308,True,,33269,,,-23.5263215,-46.666750500000006,,,,2,2023-06-20T10:34:33+00:00
SAO_748R-10,São Paulo,3550308,True,,33269,,,-23.5503711875,-46.739562875000004,,,,2,2023-06-20T10:34:33+00:00
SAO_1701-22,São Paulo,3550308,True,,35245,,,-23.479745,-46.602174500000004,,,,2,2023-06-20T10:34:32+00:00
SAO_6338-10,São Paulo,3550308,True,,34061,,,-23.680594499999998,-46.6375585,,,,2,2023-06-20T10:34:42+00:00
SAO_8199-10,São Paulo,3550308,True,,33575,,,-23.4765845,-46.6673825,,,,2,2023-06-20T10:34:30+00:00
SAO_4027-41,São Paulo,3550308,True,,2309,,,-23.637024,-46.438452999999996,,,,1,2023-06-20T10:34:12+00:00
SAO_8023-10,São Paulo,3550308,True,,2074,,,-23.59203575,-46.735672,,,,1,2023-06-20T10:34:17+00:00
SAO_N235-11,São Paulo,3550308,True,,35092,,,-23.4708855,-46.650408999999996,,,,2,2023-06-20T10:34:49+00:00
SAO_N802-11,São Paulo,3550308,True,,2429,,,-23.568310750000002,-46.649578000000005,,,,1,2023-06-20T10:34:45+00:00
SAO_273G-21,São Paulo,3550308,True,,1853,,,-23.4909545,-46.442623,,,,1,2023-06-20T10:34:52+00:00
SAO_3459-23,São Paulo,3550308,True,EMTU,404,https://moovitapp.com/index/pt-br/transporte_p%C3%BAblico-line-404-Sao_Paulo-242-2038937-36419466-0,5.2,-23.5165205,-46.385602000000006,,,,1,2023-06-20T10:34:52+00:00
SAO_9006-10,São Paulo,3550308,True,,874,,,-23.46769525,-46.678713,,,,1,2023-06-20T10:34:34+00:00
SAO_N738-11,São Paulo,3550308,True,,35187,,,-23.688343500000002,-46.757964,,,,2,2023-06-20T10:34:49+00:00
SAO_N602-11,São Paulo,3550308,True,,35161,,,-23.718092,-46.699059000000005,,,,2,2023-06-20T10:34:49+00:00
SAO_372F-10,São Paulo,3550308,True,,1015,,,-23.546568,-46.605794,,,,1,2023-06-20T10:34:54+00:00
SAO_407J-10,São Paulo,3550308,True,,34966,,,-23.541229,-46.5766665,,,,2,2023-06-20T10:34:46+00:00
SAO_N503-11,São Paulo,3550308,True,,2377,,,-23.557927499999998,-46.577344499999995,,,,1,2023-06-20T10:32:53+00:00
SAO_6821-10,São Paulo,3550308,True,BR7 Mobilidade,21,https://moovitapp.com/index/pt-br/transporte_p%C3%BAblico-line-21-Sao_Paulo-242-851856-707765-0,5.75,-23.667064,-46.772805000000005,,,,1,2023-06-20T10:34:45+00:00
SAO_N534-11,São Paulo,3550308,True,,35154,,,-23.6046425,-46.5889755,,,,2,2023-06-20T10:34:27+00:00
SAO_2722-10,São Paulo,3550308,True,,33703,,,-23.4905365,-46.49019025,,,,2,2023-06-20T10:34:30+00:00
SAO_9701-10,São Paulo,3550308,True,,33337,,,-23.5244145,-46.6669005,,,,2,2023-06-20T10:34:28+00:00
SAO_273F-10,São Paulo,3550308,True,,159,,,-23.48767475,-46.417190000000005,,,,1,2023-06-20T10:32:42+00:00
SAO_875C-10,São Paulo,3550308,True,,33246,,,-23.520015,-46.699731,,,,2,2023-06-20T10:34:55+00:00
SAO_875C-10,São Paulo,3550308,True,,33246,,,-23.520066999999997,-46.6995985,,,,2,2023-06-20T10:34:54+00:00
SAO_N232-11,São Paulo,3550308,True,,35089,,,-23.48387975,-46.58453,,,,2,2023-06-20T10:34:50+00:00
SAO_6069-10,São Paulo,3550308,True,,33922,,,-23.7451965,-46.6944955,,,,2,2023-06-20T10:34:54+00:00
SAO_6820-31,São Paulo,3550308,True,,34174,,,-23.658400999999998,-46.78931475,,,,2,2023-06-20T10:34:51+00:00
SAO_342C-10,São Paulo,3550308,True,,1002,,,-23.5639085,-46.495849500000006,,,,1,2023-06-20T10:34:11+00:00
SAO_675L-10,São Paulo,3550308,True,,34246,,,-23.598484,-46.636875,,,,2,2023-06-20T10:34:09+00:00
SAO_5290-10,São Paulo,3550308,True,,597,,,-23.6292615,-46.645806500000006,,,,1,2023-06-20T10:34:40+00:00
SAO_748A-10,São Paulo,3550308,True,EMTU,498,https://moovitapp.com/index/pt-br/transporte_p%C3%BAblico-line-498-Sao_Paulo-242-2038937-36419523-0,5.4,-23.5510456875,-46.740044062500004,,,,1,2023-06-20T10:34:55+00:00
SAO_6801-10,São Paulo,3550308,True,,5,,,-23.651751500000003,-46.73382775,,,,1,2023-06-20T10:34:43+00:00
SAO_364A-10,São Paulo,3550308,True,,1246,,,-23.5631475,-46.501079000000004,,,,1,2023-06-20T10:34:14+00:00
SAO_637G-10,São Paulo,3550308,True,,32869,,,-23.737678250000002,-46.692834,,,,2,2023-06-20T10:34:32+00:00
SAO_4491-10,São Paulo,3550308,True,,33095,,,-23.6476315,-46.6002915,,,,2,2023-06-20T10:34:34+00:00
SAO_5701-10,São Paulo,3550308,True,,33904,,,-23.6354945,-46.641478500000005,,,,2,2023-06-20T10:34:11+00:00
SAO_2769-10,São Paulo,3550308,True,,33165,,,-23.481961499999997,-46.379926,,,,2,2023-06-20T10:34:26+00:00
SAO_1026-10,São Paulo,3550308,True,,2306,,,-23.477469999999997,-46.6950765,,,,1,2023-06-20T10:34:34+00:00
SAO_574A-10,São Paulo,3550308,True,Rápido Campinas,602,https://moovitapp.com/index/pt-br/transporte_p%C3%BAblico-line-602-Sao_Paulo-242-858660-638986-0,5.3,-23.65705775,-46.636056249999996,,,,1,2023-06-20T10:34:50+00:00
SAO_172U-10,São Paulo,3550308,True,,33628,,,-23.43716675,-46.56625975,,,,2,2023-06-20T10:34:10+00:00
SAO_208M-10,São Paulo,3550308,True,,2478,,,-23.5179595,-46.6542915,,,,1,2023-06-20T10:34:37+00:00
SAO_N139-11,São Paulo,3550308,True,,35063,,,-23.48648,-46.7278465,,,,2,2023-06-20T10:34:44+00:00
SAO_2709-10,São Paulo,3550308,True,,33690,,,-23.529382,-46.50029325,,,,2,2023-06-20T10:34:46+00:00
SAO_809V-10,São Paulo,3550308,True,,2243,,,-23.570878999999998,-46.709908375,,,,1,2023-06-20T10:34:54+00:00
SAO_3033-10,São Paulo,3550308,True,,33736,,,-23.603411375,-46.47069675,,,,2,2023-06-20T10:34:27+00:00
SAO_8017-10,São Paulo,3550308,True,,34029,,,-23.43882425,-46.7467245,,,,2,2023-06-20T10:34:41+00:00
SAO_2060-10,São Paulo,3550308,True,,32902,,,-23.519428875000003,-46.475841124999995,,,,2,2023-06-20T10:34:40+00:00
SAO_1744-10,São Paulo,3550308,True,,544,,,-23.4729585,-46.6418845,,,,1,2023-06-20T10:34:49+00:00
SAO_3025-10,São Paulo,3550308,True,,33729,,,-23.577849999999998,-46.3980125,,,,2,2023-06-20T10:34:53+00:00
SAO_2708-10,São Paulo,3550308,True,,33689,,,-23.533179124999997,-46.40071425,,,,2,2023-06-20T10:34:00+00:00
SAO_1726-10,São Paulo,3550308,True,,1403,,,-23.438578,-46.5732115,,,,1,2023-06-20T10:34:53+00:00
SAO_7059-10,São Paulo,3550308,True,,1924,,,-23.656825,-46.776281,,,,1,2023-06-20T10:34:53+00:00
SAO_7016-10,São Paulo,3550308,True,,34886,,,-23.6540465,-46.7115875,,,,2,2023-06-20T10:34:29+00:00
SAO_1787-10,São Paulo,3550308,True,,650,,,-23.460388000000002,-46.621162,,,,1,2023-06-20T10:34:13+00:00
SAO_107T-10,São Paulo,3550308,True,,621,,,-23.478065,-46.610716,,,,1,2023-06-20T10:34:10+00:00
SAO_139A-10,São Paulo,3550308,True,,2451,,,-23.483176999999998,-46.704515,,,,1,2023-06-20T10:34:39+00:00
SAO_938L-10,São Paulo,3550308,True,,34136,,,-23.495649,-46.684424625,,,,2,2023-06-20T10:34:39+00:00
SAO_N501-11,São Paulo,3550308,True,,2375,,,-23.569536875,-46.60616687500001,,,,1,2023-06-20T10:34:38+00:00
SAO_8008-10,São Paulo,3550308,True,,1258,,,-23.48532525,-46.74564425,,,,1,2023-06-20T10:34:28+00:00
SAO_1745-10,São Paulo,3550308,True,,33314,,,-23.473114,-46.6655995,,,,2,2023-06-20T10:34:52+00:00
SAO_N637-11,São Paulo,3550308,True,,35170,,,-23.6792485,-46.6636825,,,,2,2023-06-20T10:34:25+00:00
SAO_374V-10,São Paulo,3550308,True,,34415,,,-23.5387995,-46.4570265,,,,2,2023-06-20T10:34:47+00:00
SAO_771P-10,São Paulo,3550308,True,EMTU,506,https://moovitapp.com/index/pt-br/transporte_p%C3%BAblico-line-506-Sao_Paulo-242-2038937-36419528-0,5.65,-23.5936595,-46.7855725,,,,1,2023-06-20T10:34:50+00:00
SAO_7545-10,São Paulo,3550308,True,,33272,,,-23.601882500000002,-46.794978,,,,2,2023-06-20T10:34:40+00:00
SAO_6118-10,São Paulo,3550308,True,,1188,,,-23.747815125,-46.702539,,,,1,2023-06-20T10:34:18+00:00
SAO_N142-11,São Paulo,3550308,True,,35066,,,-23.501602,-46.6869055,,,,2,2023-06-20T10:34:38+00:00
SAO_9717-10,São Paulo,3550308,True,,817,,,-23.5076635,-46.6737705,,,,1,2023-06-20T10:34:44+00:00
SAO_748A-41,São Paulo,3550308,True,EMTU,499,https://moovitapp.com/index/pt-br/transporte_p%C3%BAblico-line-499-Sao_Paulo-242-2038937-36419524-0,5.4,-23.55123175,-46.740238250000004,,,,1,2023-06-20T10:34:20+00:00
SAO_6L04-41,São Paulo,3550308,True,,34334,,,-23.837350375,-46.731930375000005,,,,2,2023-06-20T10:34:52+00:00
SAO_N843-11,São Paulo,3550308,True,,35210,,,-23.63938175,-46.749374,,,,2,2023-06-20T10:34:32+00:00
SAO_273J-10,São Paulo,3550308,True,,33157,,,-23.482506375,-46.383608249999995,,,,2,2023-06-20T10:34:43+00:00
SAO_N503-11,São Paulo,3550308,True,,35145,,,-23.5993485,-46.5149725,,,,2,2023-06-20T10:34:10+00:00
SAO_2702-21,São Paulo,3550308,True,,1526,,,-23.50286,-46.4672975,,,,1,2023-06-20T10:34:07+00:00
SAO_4051-10,São Paulo,3550308,True,,34912,,,-23.559313000000003,-46.4037675,,,,2,2023-06-20T10:34:50+00:00
SAO_4085-10,São Paulo,3550308,True,,34924,,,-23.551401249999998,-46.460696,,,,2,2023-06-20T10:34:42+00:00
SAO_3539-10,São Paulo,3550308,True,,33516,,,-23.60109525,-46.39926,,,,2,2023-06-20T10:34:45+00:00
SAO_513C-31,São Paulo,3550308,True,,35304,,,-23.590815,-46.4436015,,,,2,2023-06-20T10:34:48+00:00
SAO_N239-11,São Paulo,3550308,True,,2328,,,-23.4633415,-46.5954095,,,,1,2023-06-20T10:32:18+00:00
SAO_177Y-10,São Paulo,3550308,True,,33635,,,-23.5269075,-46.66671425,,,,2,2023-06-20T10:34:26+00:00
SAO_1759-10,São Paulo,3550308,True,,33321,,,-23.4988015,-46.6265425,,,,2,2023-06-20T10:34:40+00:00
SAO_5015-10,São Paulo,3550308,True,,33887,,,-23.692608999999997,-46.659843,,,,2,2023-06-20T10:34:29+00:00
SAO_1788-10,São Paulo,3550308,True,,33421,,,-23.430656,-46.575369499999994,,,,2,2023-06-20T10:34:42+00:00
SAO_575A-10,São Paulo,3550308,True,,34406,,,-23.5977945,-46.577032,,,,2,2023-06-20T10:34:30+00:00
SAO_N302-11,São Paulo,3550308,True,,35104,,,-23.494971999999997,-46.5084305,,,,2,2023-06-20T10:34:48+00:00
SAO_3301-10,São Paulo,3550308,True,,34386,,,-23.491525000000003,-46.434801500000006,,,,2,2023-06-20T10:34:48+00:00
SAO_N802-11,São Paulo,3550308,True,,35197,,,-23.572056625000002,-46.669057625,,,,2,2023-06-20T10:34:29+00:00
SAO_2735-10,São Paulo,3550308,True,,34689,,,-23.48108,-46.49439625,,,,2,2023-06-20T10:32:43+00:00
SAO_177H-10,São Paulo,3550308,True,,630,,,-23.502436,-46.624016499999996,,,,1,2023-06-20T10:34:34+00:00
SAO_1772-10,São Paulo,3550308,True,,635,,,-23.439548000000002,-46.574479,,,,1,2023-06-20T10:34:23+00:00
SAO_351F-10,São Paulo,3550308,True,,687,,,-23.469286249999996,-46.57589425,,,,1,2023-06-20T10:34:48+00:00
SAO_351F-10,São Paulo,3550308,True,,687,,,-23.54376975,-46.5866635,,,,1,2023-06-20T10:34:46+00:00
SAO_2032-10,São Paulo,3550308,True,,35034,,,-23.4843605,-46.573622,,,,2,2023-06-20T10:34:44+00:00
SAO_2025-10,São Paulo,3550308,True,,35035,,,-23.502243999999997,-46.623825,,,,2,2023-06-20T10:34:46+00:00
SAO_N335-11,São Paulo,3550308,True,,35115,,,-23.5034435,-46.500286,,,,2,2023-06-20T10:34:35+00:00
SAO_6L01-10,São Paulo,3550308,True,,1171,,,-23.869162000000003,-46.741234000000006,,,,1,2023-06-20T10:34:29+00:00
SAO_6L01-10,São Paulo,3550308,True,,1171,,,-23.7933225,-46.7292295,,,,1,2023-06-20T10:34:33+00:00
SAO_6045-21,São Paulo,3550308,True,,34932,,,-23.698768,-46.796265500000004,,,,2,2023-06-20T10:34:38+00:00
SAO_6045-21,São Paulo,3550308,True,,34932,,,-23.693829,-46.7936565,,,,2,2023-06-20T10:34:31+00:00
SAO_5024-31,São Paulo,3550308,True,,33891,,,-23.689080750000002,-46.64931275,,,,2,2023-06-20T10:34:16+00:00
SAO_5111-10,São Paulo,3550308,True,,32816,,,-23.569412375,-46.650685249999995,,,,2,2023-06-20T10:34:40+00:00
SAO_6L10-10,São Paulo,3550308,True,,33927,,,-23.799326999999998,-46.7314595,,,,2,2023-06-20T10:34:41+00:00
SAO_714C-10,São Paulo,3550308,True,,33255,,,-23.594968,-46.779135499999995,,,,2,2023-06-20T10:34:28+00:00
SAO_6L01-23,São Paulo,3550308,True,,1841,,,-23.777438500000002,-46.723049,,,,1,2023-06-20T10:34:51+00:00
SAO_2552-41,São Paulo,3550308,True,,34485,,,-23.5050645,-46.473991999999996,,,,2,2023-06-20T10:34:20+00:00
SAO_N233-11,São Paulo,3550308,True,,35090,,,-23.503601,-46.597753,,,,2,2023-06-20T10:34:24+00:00
SAO_2451-10,São Paulo,3550308,True,EMTU,213,https://moovitapp.com/index/pt-br/transporte_p%C3%BAblico-line-213-Sao_Paulo-242-2038937-36419335-0,6.7,-23.522543,-46.515023,,,,1,2023-06-20T10:34:18+00:00
SAO_N734-11,São Paulo,3550308,True,,35183,,,-23.671858999999998,-46.7732835,,,,2,2023-06-20T10:34:39+00:00
SAO_1760-10,São Paulo,3550308,True,EMTU,557,https://moovitapp.com/index/pt-br/transporte_p%C3%BAblico-line-557-Sao_Paulo-242-2038937-36419558-0,6.2,-23.460300124999996,-46.655886625,,,,1,2023-06-20T10:34:09+00:00
SAO_6042-21,São Paulo,3550308,True,,34543,,,-23.654173,-46.762701500000006,,,,2,2023-06-20T10:34:34+00:00
SAO_5701-10,São Paulo,3550308,True,,1136,,,-23.635625,-46.6414725,,,,1,2023-06-20T10:34:22+00:00
SAO_3732-10,São Paulo,3550308,True,,33797,,,-23.539782,-46.43157,,,,2,2023-06-20T10:34:10+00:00
SAO_8019-10,São Paulo,3550308,True,,2071,,,-23.545325,-46.7467535,,,,1,2023-06-20T10:34:33+00:00
SAO_6804-10,São Paulo,3550308,True,,32798,,,-23.635654000000002,-46.747935999999996,,,,2,2023-06-20T10:34:52+00:00
SAO_3722-10,São Paulo,3550308,True,,1020,,,-23.546348000000002,-46.439462,,,,1,2023-06-20T10:34:42+00:00
SAO_6L05-10,São Paulo,3550308,True,,33941,,,-23.877174250000003,-46.64938925,,,,2,2023-06-20T10:29:39+00:00
SAO_6073-10,São Paulo,3550308,True,,1160,,,-23.826858,-46.7318925,,,,1,2023-06-20T10:34:42+00:00
SAO_6042-21,São Paulo,3550308,True,,1775,,,-23.6672655,-46.772947,,,,1,2023-06-20T10:34:11+00:00
SAO_407K-10,São Paulo,3550308,True,,2168,,,-23.599889750000003,-46.484817250000006,,,,1,2023-06-20T10:34:50+00:00
SAO_2020-10,São Paulo,3550308,True,,2262,,,-23.4580725,-46.615971,,,,1,2023-06-20T10:34:32+00:00
