bus_id,city,city_code,adapted,agency,line_code,line_url,line_fare,latitude,longitude,bus_speed,is_eletric,bus_type,bus_direction,updated_at
SAO_172R-10,São Paulo,3550308,True,,859,,,-23.5423885,-46.590565,,,,1,2023-06-20T04:27:24+00:00
SAO_172R-10,São Paulo,3550308,True,,859,,,-23.465965,-46.584261999999995,,,,1,2023-06-20T04:27:08+00:00
SAO_172R-10,São Paulo,3550308,True,,859,,,-23.465552875,-46.58159,,,,1,2023-06-20T04:26:14+00:00
SAO_172R-10,São Paulo,3550308,True,,859,,,-23.4918955,-46.574477,,,,1,2023-06-20T04:26:57+00:00
SAO_172R-10,São Paulo,3550308,True,,859,,,-23.5278844375,-46.600765249999995,,,,1,2023-06-20T04:27:23+00:00
SAO_172R-10,São Paulo,3550308,True,,859,,,-23.4659665,-46.5839175,,,,1,2023-06-20T04:25:13+00:00
SAO_172R-10,São Paulo,3550308,True,,859,,,-23.465965,-46.584261999999995,,,,1,2023-06-20T04:27:03+00:00
SAO_8700-1,São Paulo,3550308,True,,35276,,,-23.6308985,-46.773928,,,,2,2023-06-20T04:27:08+00:00
SAO_8700-1,São Paulo,3550308,True,,35276,,,-23.62752575,-46.766991250000004,,,,2,2023-06-20T04:27:11+00:00
SAO_8700-1,São Paulo,3550308,True,,35276,,,-23.56761925,-46.684419000000005,,,,2,2023-06-20T04:27:34+00:00
SAO_8700-1,São Paulo,3550308,True,,35276,,,-23.587465,-46.7263725,,,,2,2023-06-20T04:27:03+00:00
SAO_6110-10,São Paulo,3550308,True,,33952,,,-23.63928375,-46.67317525,,,,2,2023-06-20T04:27:12+00:00
SAO_6110-10,São Paulo,3550308,True,,33952,,,-23.741884499999998,-46.7068165,,,,2,2023-06-20T04:27:22+00:00
SAO_6110-10,São Paulo,3550308,True,,33952,,,-23.757465,-46.7053555,,,,2,2023-06-20T04:27:28+00:00
SAO_6110-10,São Paulo,3550308,True,,33952,,,-23.732136249999996,-46.71543575,,,,2,2023-06-20T04:27:24+00:00
SAO_6110-10,São Paulo,3550308,True,,33952,,,-23.678484,-46.6849965,,,,2,2023-06-20T04:27:42+00:00
SAO_6110-10,São Paulo,3550308,True,,33952,,,-23.757465,-46.7053555,,,,2,2023-06-20T04:27:28+00:00
SAO_807M-10,São Paulo,3550308,True,,34684,,,-23.609004,-46.751954250000004,,,,2,2023-06-20T04:27:32+00:00
SAO_807M-10,São Paulo,3550308,True,,34684,,,-23.631797499999998,-46.7719915,,,,2,2023-06-20T04:27:15+00:00
SAO_807M-10,São Paulo,3550308,True,,34684,,,-23.60881275,-46.726186,,,,2,2023-06-20T04:27:16+00:00
SAO_807M-10,São Paulo,3550308,True,,34684,,,-23.631797499999998,-46.7719915,,,,2,2023-06-20T04:27:31+00:00
SAO_807M-10,São Paulo,3550308,True,,34684,,,-23.619056,-46.6969765,,,,2,2023-06-20T04:27:32+00:00
SAO_807M-10,São Paulo,3550308,True,,34684,,,-23.631797499999998,-46.7719915,,,,2,2023-06-20T04:27:01+00:00
SAO_2011-10,São Paulo,3550308,True,,2136,,,-23.4901925,-46.5744335,,,,1,2023-06-20T04:27:17+00:00
SAO_2011-10,São Paulo,3550308,True,,2136,,,-23.473627,-46.570961999999994,,,,1,2023-06-20T04:27:32+00:00
SAO_2011-10,São Paulo,3550308,True,,2136,,,-23.49934975,-46.62350975,,,,1,2023-06-20T04:27:29+00:00
SAO_875P-10,São Paulo,3550308,True,,34109,,,-23.526521000000002,-46.665999,,,,2,2023-06-20T04:26:59+00:00
SAO_875P-10,São Paulo,3550308,True,,34109,,,-23.56181025,-46.655956,,,,2,2023-06-20T04:26:59+00:00
SAO_875P-10,São Paulo,3550308,True,,34109,,,-23.530003,-46.660923499999996,,,,2,2023-06-20T04:26:21+00:00
SAO_4030-10,São Paulo,3550308,True,,33868,,,-23.6132385,-46.4953025,,,,2,2023-06-20T04:27:21+00:00
SAO_4030-10,São Paulo,3550308,True,,33868,,,-23.566834749999998,-46.5102355,,,,2,2023-06-20T04:27:25+00:00
SAO_4030-10,São Paulo,3550308,True,,33868,,,-23.61519175,-46.48790975,,,,2,2023-06-20T04:27:22+00:00
SAO_4030-10,São Paulo,3550308,True,,33868,,,-23.619831,-46.489041,,,,2,2023-06-20T04:27:17+00:00
SAO_4030-10,São Paulo,3550308,True,,33868,,,-23.6161065,-46.4880085,,,,2,2023-06-20T04:27:30+00:00
SAO_607M-10,São Paulo,3550308,True,,2036,,,-23.737971,-46.6978485,,,,1,2023-06-20T04:26:57+00:00
SAO_607M-10,São Paulo,3550308,True,,2036,,,-23.6137345,-46.695820499999996,,,,1,2023-06-20T04:27:04+00:00
SAO_607M-10,São Paulo,3550308,True,,2036,,,-23.737982,-46.697884,,,,1,2023-06-20T04:27:02+00:00
SAO_8021-10,São Paulo,3550308,True,,34841,,,-23.585953,-46.757952,,,,2,2023-06-20T04:26:59+00:00
SAO_8021-10,São Paulo,3550308,True,,34841,,,-23.571145375,-46.709069125,,,,2,2023-06-20T04:27:09+00:00
SAO_5705-10,São Paulo,3550308,True,,34425,,,-23.578202500000003,-46.61990575,,,,2,2023-06-20T04:27:26+00:00
SAO_5705-10,São Paulo,3550308,True,,34425,,,-23.5713,-46.639843,,,,2,2023-06-20T04:27:38+00:00
SAO_5012-10,São Paulo,3550308,True,,33884,,,-23.710048999999998,-46.6358415,,,,2,2023-06-20T04:26:34+00:00
SAO_5012-10,São Paulo,3550308,True,,33884,,,-23.651377625000002,-46.639163625,,,,2,2023-06-20T04:27:31+00:00
SAO_5012-10,São Paulo,3550308,True,,33884,,,-23.6459105,-46.6397875,,,,2,2023-06-20T04:26:30+00:00
SAO_5012-10,São Paulo,3550308,True,,33884,,,-23.702039499999998,-46.625378,,,,2,2023-06-20T04:25:07+00:00
SAO_5012-10,São Paulo,3550308,True,,33884,,,-23.6882825,-46.6342525,,,,2,2023-06-20T04:26:58+00:00
SAO_5012-10,São Paulo,3550308,True,,33884,,,-23.701979,-46.6271055,,,,2,2023-06-20T04:27:23+00:00
SAO_5012-10,São Paulo,3550308,True,,33884,,,-23.6795345,-46.6401085,,,,2,2023-06-20T04:27:06+00:00
SAO_5012-10,São Paulo,3550308,True,,33884,,,-23.6459105,-46.6397875,,,,2,2023-06-20T04:27:19+00:00
SAO_5012-10,São Paulo,3550308,True,,33884,,,-23.6459105,-46.6397875,,,,2,2023-06-20T04:25:53+00:00
SAO_6116-10,São Paulo,3550308,True,,1186,,,-23.7529295,-46.681903000000005,,,,1,2023-06-20T04:27:04+00:00
SAO_6116-10,São Paulo,3550308,True,,1186,,,-23.755147,-46.659071999999995,,,,1,2023-06-20T04:27:39+00:00
SAO_6116-10,São Paulo,3550308,True,,1186,,,-23.755079,-46.659037,,,,1,2023-06-20T04:27:38+00:00
SAO_9002-10,São Paulo,3550308,True,,33638,,,-23.4580655,-46.671398499999995,,,,2,2023-06-20T04:27:20+00:00
SAO_9002-10,São Paulo,3550308,True,,33638,,,-23.458018000000003,-46.670927,,,,2,2023-06-20T04:27:19+00:00
SAO_9002-10,São Paulo,3550308,True,,33638,,,-23.463271,-46.6670615,,,,2,2023-06-20T04:27:12+00:00
SAO_9002-10,São Paulo,3550308,True,,33638,,,-23.458032000000003,-46.671023,,,,2,2023-06-20T04:27:16+00:00
SAO_9002-10,São Paulo,3550308,True,,33638,,,-23.457871500000003,-46.670448500000006,,,,2,2023-06-20T04:27:30+00:00
SAO_9002-10,São Paulo,3550308,True,,33638,,,-23.458088500000002,-46.6717525,,,,2,2023-06-20T04:27:30+00:00
SAO_6038-10,São Paulo,3550308,True,,33984,,,-23.641418,-46.71756875,,,,2,2023-06-20T04:27:33+00:00
SAO_6038-10,São Paulo,3550308,True,,33984,,,-23.661,-46.7783035,,,,2,2023-06-20T04:27:42+00:00
SAO_6038-10,São Paulo,3550308,True,,33984,,,-23.647973,-46.7483545,,,,2,2023-06-20T04:27:19+00:00
SAO_6038-10,São Paulo,3550308,True,,33984,,,-23.6582,-46.7894615,,,,2,2023-06-20T04:27:02+00:00
SAO_6038-10,São Paulo,3550308,True,,33984,,,-23.6582,-46.7894615,,,,2,2023-06-20T04:27:38+00:00
SAO_6038-10,São Paulo,3550308,True,,33984,,,-23.657987499999997,-46.7896665,,,,2,2023-06-20T04:27:42+00:00
SAO_6038-10,São Paulo,3550308,True,,33984,,,-23.6582,-46.7894615,,,,2,2023-06-20T04:27:14+00:00
SAO_6038-10,São Paulo,3550308,True,,33984,,,-23.658400999999998,-46.78931475,,,,2,2023-06-20T04:27:41+00:00
SAO_175P-10,São Paulo,3550308,True,,33443,,,-23.522828750000002,-46.65947175,,,,2,2023-06-20T04:27:29+00:00
SAO_175P-10,São Paulo,3550308,True,,33443,,,-23.5886845,-46.635341499999996,,,,2,2023-06-20T04:27:32+00:00
SAO_175P-10,São Paulo,3550308,True,,33443,,,-23.5852253125,-46.636866312500004,,,,2,2023-06-20T04:27:23+00:00
SAO_175P-10,São Paulo,3550308,True,,33443,,,-23.5029325,-46.6262295,,,,2,2023-06-20T04:27:14+00:00
SAO_175P-10,São Paulo,3550308,True,,33443,,,-23.512414,-46.6533725,,,,2,2023-06-20T04:27:13+00:00
SAO_175P-10,São Paulo,3550308,True,,33443,,,-23.5554455,-46.667283999999995,,,,2,2023-06-20T04:27:14+00:00
SAO_175P-10,São Paulo,3550308,True,,33443,,,-23.50252225,-46.626307,,,,2,2023-06-20T04:27:35+00:00
SAO_271A-51,São Paulo,3550308,True,,703,,,-23.5026275,-46.619294999999994,,,,1,2023-06-20T04:27:28+00:00
SAO_271A-51,São Paulo,3550308,True,,703,,,-23.499555,-46.518549,,,,1,2023-06-20T04:27:25+00:00
SAO_271A-51,São Paulo,3550308,True,,703,,,-23.52301,-46.55823475,,,,1,2023-06-20T04:25:21+00:00
SAO_271A-51,São Paulo,3550308,True,,703,,,-23.4985705,-46.51483,,,,1,2023-06-20T04:27:19+00:00
SAO_271A-51,São Paulo,3550308,True,,703,,,-23.487984,-46.5831465,,,,1,2023-06-20T04:27:16+00:00
SAO_373T-10,São Paulo,3550308,True,,33859,,,-23.5847335,-46.5837035,,,,2,2023-06-20T04:27:36+00:00
SAO_373T-10,São Paulo,3550308,True,,33859,,,-23.5941885,-46.498267,,,,2,2023-06-20T04:27:09+00:00
SAO_373T-10,São Paulo,3550308,True,,33859,,,-23.5884785,-46.532263,,,,2,2023-06-20T04:27:03+00:00
SAO_373T-10,São Paulo,3550308,True,,33859,,,-23.549373,-46.605574125000004,,,,2,2023-06-20T04:27:35+00:00
SAO_373T-10,São Paulo,3550308,True,,33859,,,-23.5941885,-46.498267,,,,2,2023-06-20T04:27:05+00:00
SAO_373T-10,São Paulo,3550308,True,,33859,,,-23.584733,-46.539666499999996,,,,2,2023-06-20T04:27:15+00:00
SAO_3736-10,São Paulo,3550308,True,,1036,,,-23.575533,-46.4834125,,,,1,2023-06-20T04:27:13+00:00
SAO_3736-10,São Paulo,3550308,True,,1036,,,-23.5433355,-46.48539675000001,,,,1,2023-06-20T04:27:20+00:00
SAO_3736-10,São Paulo,3550308,True,,1036,,,-23.575533,-46.4834125,,,,1,2023-06-20T04:27:10+00:00
SAO_3736-10,São Paulo,3550308,True,,1036,,,-23.575533,-46.4834125,,,,1,2023-06-20T04:27:27+00:00
SAO_3736-10,São Paulo,3550308,True,,1036,,,-23.5757775,-46.483808499999995,,,,1,2023-06-20T04:27:13+00:00
SAO_3736-10,São Paulo,3550308,True,,1036,,,-23.575533,-46.4834125,,,,1,2023-06-20T04:27:24+00:00
SAO_3736-10,São Paulo,3550308,True,,1036,,,-23.575533,-46.4834125,,,,1,2023-06-20T04:27:41+00:00
SAO_3736-10,São Paulo,3550308,True,,1036,,,-23.557548,-46.475834875,,,,1,2023-06-20T04:27:33+00:00
SAO_3736-10,São Paulo,3550308,True,,1036,,,-23.575533,-46.4834125,,,,1,2023-06-20T04:27:11+00:00
SAO_978T-10,São Paulo,3550308,True,,889,,,-23.4608575,-46.687422,,,,1,2023-06-20T04:26:56+00:00
SAO_978T-10,São Paulo,3550308,True,,889,,,-23.526488,-46.668684,,,,1,2023-06-20T04:27:12+00:00
SAO_978T-10,São Paulo,3550308,True,,889,,,-23.487867,-46.6929715,,,,1,2023-06-20T04:27:08+00:00
SAO_978T-10,São Paulo,3550308,True,,889,,,-23.524322125,-46.689743625,,,,1,2023-06-20T04:27:04+00:00
SAO_978T-10,São Paulo,3550308,True,,889,,,-23.5238065,-46.70035625,,,,1,2023-06-20T04:27:21+00:00
SAO_978T-10,São Paulo,3550308,True,,889,,,-23.519864499999997,-46.700969,,,,1,2023-06-20T04:27:22+00:00
SAO_978T-10,São Paulo,3550308,True,,889,,,-23.459813750000002,-46.698836,,,,1,2023-06-20T04:27:32+00:00
SAO_4115-10,São Paulo,3550308,True,,33090,,,-23.582162,-46.626286500000006,,,,2,2023-06-20T04:27:40+00:00
SAO_4115-10,São Paulo,3550308,True,,33090,,,-23.62159825,-46.62854025,,,,2,2023-06-20T04:27:35+00:00
SAO_7002-10,São Paulo,3550308,True,,33540,,,-23.590518,-46.76971475,,,,2,2023-06-20T04:26:57+00:00
SAO_7002-10,São Paulo,3550308,True,,33540,,,-23.590518,-46.76971475,,,,2,2023-06-20T04:27:01+00:00
SAO_7002-10,São Paulo,3550308,True,,33540,,,-23.5737505,-46.714037,,,,2,2023-06-20T04:27:25+00:00
SAO_7002-10,São Paulo,3550308,True,,33540,,,-23.5532215,-46.674353249999996,,,,2,2023-06-20T04:27:37+00:00
SAO_7002-10,São Paulo,3550308,True,,33540,,,-23.590518,-46.76971475,,,,2,2023-06-20T04:27:03+00:00
SAO_7002-10,São Paulo,3550308,True,,33540,,,-23.58391525,-46.73634425,,,,2,2023-06-20T04:27:38+00:00
SAO_2583-10,São Paulo,3550308,True,,33143,,,-23.510439249999997,-46.42165275,,,,2,2023-06-20T04:27:42+00:00
SAO_2583-10,São Paulo,3550308,True,,33143,,,-23.510611750000002,-46.42148025,,,,2,2023-06-20T04:27:28+00:00
SAO_2583-10,São Paulo,3550308,True,,33143,,,-23.52248175,-46.540659,,,,2,2023-06-20T04:27:01+00:00
SAO_8028-10,São Paulo,3550308,True,,2532,,,-23.61678075,-46.711798625,,,,1,2023-06-20T04:27:36+00:00
SAO_8028-10,São Paulo,3550308,True,,2532,,,-23.58615225,-46.72433125,,,,1,2023-06-20T04:27:24+00:00
SAO_8028-10,São Paulo,3550308,True,,2532,,,-23.619704,-46.723344999999995,,,,1,2023-06-20T04:27:24+00:00
SAO_8028-10,São Paulo,3550308,True,,2532,,,-23.6200615,-46.723408,,,,1,2023-06-20T04:27:02+00:00
SAO_8028-10,São Paulo,3550308,True,,2532,,,-23.619550500000003,-46.723292,,,,1,2023-06-20T04:27:01+00:00
SAO_5105-10,São Paulo,3550308,True,,34419,,,-23.6033405,-46.6022085,,,,2,2023-06-20T04:27:38+00:00
SAO_5105-10,São Paulo,3550308,True,,34419,,,-23.6034215,-46.602013,,,,2,2023-06-20T04:27:33+00:00
SAO_5105-10,São Paulo,3550308,True,,34419,,,-23.574356,-46.603252499999996,,,,2,2023-06-20T04:27:11+00:00
SAO_5105-10,São Paulo,3550308,True,,34419,,,-23.602994000000002,-46.602816000000004,,,,2,2023-06-20T04:27:19+00:00
SAO_5105-10,São Paulo,3550308,True,,34419,,,-23.6033405,-46.6022085,,,,2,2023-06-20T04:27:09+00:00
SAO_637J-10,São Paulo,3550308,True,,32871,,,-23.6289175,-46.689211,,,,2,2023-06-20T04:27:31+00:00
SAO_637J-10,São Paulo,3550308,True,,32871,,,-23.66513975,-46.6908155,,,,2,2023-06-20T04:27:40+00:00
SAO_637J-10,São Paulo,3550308,True,,32871,,,-23.5851855,-46.683088999999995,,,,2,2023-06-20T04:27:22+00:00
SAO_637J-10,São Paulo,3550308,True,,32871,,,-23.718687125000002,-46.699647375,,,,2,2023-06-20T04:27:04+00:00
SAO_9023-10,São Paulo,3550308,True,,1437,,,-23.454391,-46.7134305,,,,1,2023-06-20T04:27:14+00:00
SAO_888P-10,São Paulo,3550308,True,EMTU,454,https://moovitapp.com/index/pt-br/transporte_p%C3%BAblico-line-454-Sao_Paulo-242-2038937-36419497-0,5.25,-23.4053295,-46.747971,,,,1,2023-06-20T04:27:03+00:00
SAO_888P-10,São Paulo,3550308,True,EMTU,454,https://moovitapp.com/index/pt-br/transporte_p%C3%BAblico-line-454-Sao_Paulo-242-2038937-36419497-0,5.25,-23.4319225,-46.725139,,,,1,2023-06-20T04:27:24+00:00
SAO_888P-10,São Paulo,3550308,True,EMTU,454,https://moovitapp.com/index/pt-br/transporte_p%C3%BAblico-line-454-Sao_Paulo-242-2038937-36419497-0,5.25,-23.441823749999998,-46.749306,,,,1,2023-06-20T04:27:02+00:00
SAO_888P-10,São Paulo,3550308,True,EMTU,454,https://moovitapp.com/index/pt-br/transporte_p%C3%BAblico-line-454-Sao_Paulo-242-2038937-36419497-0,5.25,-23.4424835,-46.7083255,,,,1,2023-06-20T04:27:22+00:00
SAO_675P-10,São Paulo,3550308,True,STT,275,https://moovitapp.com/index/pt-br/transporte_p%C3%BAblico-line-275-Sao_Paulo-242-850661-183275-0,5.3,-23.659019,-46.663414,,,,1,2023-06-20T04:27:31+00:00
SAO_675P-10,São Paulo,3550308,True,STT,275,https://moovitapp.com/index/pt-br/transporte_p%C3%BAblico-line-275-Sao_Paulo-242-850661-183275-0,5.3,-23.6774985,-46.7014125,,,,1,2023-06-20T04:27:16+00:00
SAO_675P-10,São Paulo,3550308,True,STT,275,https://moovitapp.com/index/pt-br/transporte_p%C3%BAblico-line-275-Sao_Paulo-242-850661-183275-0,5.3,-23.660111999999998,-46.702003,,,,1,2023-06-20T04:27:37+00:00
SAO_6059-10,São Paulo,3550308,True,,33994,,,-23.6802505,-46.7430045,,,,2,2023-06-20T04:27:28+00:00
SAO_6059-10,São Paulo,3550308,True,,33994,,,-23.646858125,-46.707122125,,,,2,2023-06-20T04:27:41+00:00
SAO_6059-10,São Paulo,3550308,True,,33994,,,-23.653522000000002,-46.734838999999994,,,,2,2023-06-20T04:27:16+00:00
SAO_3112-10,São Paulo,3550308,True,,33848,,,-23.6031125,-46.529022999999995,,,,2,2023-06-20T04:27:38+00:00
SAO_3112-10,São Paulo,3550308,True,,33848,,,-23.547409125,-46.597241499999996,,,,2,2023-06-20T04:27:19+00:00
SAO_3112-10,São Paulo,3550308,True,,33848,,,-23.542542500000003,-46.590372,,,,2,2023-06-20T04:27:00+00:00
SAO_3112-10,São Paulo,3550308,True,,33848,,,-23.542462999999998,-46.5901045,,,,2,2023-06-20T04:27:30+00:00
SAO_3112-10,São Paulo,3550308,True,,33848,,,-23.586758500000002,-46.544669,,,,2,2023-06-20T04:27:17+00:00
SAO_695V-10,São Paulo,3550308,True,,32776,,,-23.637729999999998,-46.69437225,,,,2,2023-06-20T04:27:18+00:00
SAO_695V-10,São Paulo,3550308,True,,32776,,,-23.582805,-46.6376355,,,,2,2023-06-20T04:27:22+00:00
SAO_695V-10,São Paulo,3550308,True,,32776,,,-23.654844500000003,-46.76161,,,,2,2023-06-20T04:27:27+00:00
SAO_8300-10,São Paulo,3550308,True,,34032,,,-23.4867405,-46.71506125,,,,2,2023-06-20T04:27:19+00:00
SAO_8300-10,São Paulo,3550308,True,,34032,,,-23.485485500000003,-46.7254255,,,,2,2023-06-20T04:27:04+00:00
SAO_8300-10,São Paulo,3550308,True,,34032,,,-23.520215999999998,-46.700196000000005,,,,2,2023-06-20T04:27:13+00:00
SAO_5362-10,São Paulo,3550308,True,BR7 Mobilidade,70,https://moovitapp.com/index/pt-br/transporte_p%C3%BAblico-line-70-Sao_Paulo-242-851856-2250296-0,5.75,-23.6286505625,-46.685807499999996,,,,1,2023-06-20T04:27:30+00:00
SAO_5362-10,São Paulo,3550308,True,BR7 Mobilidade,70,https://moovitapp.com/index/pt-br/transporte_p%C3%BAblico-line-70-Sao_Paulo-242-851856-2250296-0,5.75,-23.553065500000002,-46.6365605,,,,1,2023-06-20T04:27:41+00:00
SAO_5362-10,São Paulo,3550308,True,BR7 Mobilidade,70,https://moovitapp.com/index/pt-br/transporte_p%C3%BAblico-line-70-Sao_Paulo-242-851856-2250296-0,5.75,-23.68842275,-46.71454299999999,,,,1,2023-06-20T04:27:01+00:00
SAO_6027-10,São Paulo,3550308,True,,32858,,,-23.722645,-46.6712995,,,,2,2023-06-20T04:27:04+00:00
SAO_6027-10,São Paulo,3550308,True,,32858,,,-23.705073,-46.702496499999995,,,,2,2023-06-20T04:27:27+00:00
SAO_6027-10,São Paulo,3550308,True,,32858,,,-23.72318425,-46.670979,,,,2,2023-06-20T04:27:24+00:00
SAO_6027-10,São Paulo,3550308,True,,32858,,,-23.677031125,-46.70759425,,,,2,2023-06-20T04:27:43+00:00
SAO_1709-10,São Paulo,3550308,True,,851,,,-23.4412375,-46.5814765,,,,1,2023-06-20T04:27:25+00:00
SAO_1709-10,São Paulo,3550308,True,,851,,,-23.4412375,-46.5814765,,,,1,2023-06-20T04:27:10+00:00
SAO_1709-10,São Paulo,3550308,True,,851,,,-23.4412375,-46.5814765,,,,1,2023-06-20T04:27:31+00:00
SAO_1709-10,São Paulo,3550308,True,,851,,,-23.4547785,-46.5987245,,,,1,2023-06-20T04:26:12+00:00
SAO_1709-10,São Paulo,3550308,True,,851,,,-23.4412375,-46.5814765,,,,1,2023-06-20T04:26:49+00:00
SAO_1709-10,São Paulo,3550308,True,,851,,,-23.4412375,-46.5814765,,,,1,2023-06-20T04:26:35+00:00
SAO_1709-10,São Paulo,3550308,True,,851,,,-23.479376375,-46.603372625,,,,1,2023-06-20T04:27:17+00:00
SAO_1709-10,São Paulo,3550308,True,,851,,,-23.4412375,-46.5814765,,,,1,2023-06-20T04:25:48+00:00
SAO_1709-10,São Paulo,3550308,True,,851,,,-23.440148999999998,-46.582153000000005,,,,1,2023-06-20T04:27:05+00:00
SAO_1709-10,São Paulo,3550308,True,,851,,,-23.4412375,-46.5814765,,,,1,2023-06-20T04:27:03+00:00
SAO_1709-10,São Paulo,3550308,True,,851,,,-23.4412375,-46.5814765,,,,1,2023-06-20T04:26:16+00:00
SAO_1709-10,São Paulo,3550308,True,,851,,,-23.4412375,-46.5814765,,,,1,2023-06-20T04:27:19+00:00
SAO_1709-10,São Paulo,3550308,True,,851,,,-23.4412375,-46.5814765,,,,1,2023-06-20T04:27:05+00:00
SAO_2733-10,São Paulo,3550308,True,,948,,,-23.5388555,-46.456513,,,,1,2023-06-20T04:27:31+00:00
SAO_2733-10,São Paulo,3550308,True,,948,,,-23.515438500000002,-46.456517500000004,,,,1,2023-06-20T04:27:01+00:00
SAO_6035-10,São Paulo,3550308,True,,1213,,,-23.702561000000003,-46.783201000000005,,,,1,2023-06-20T04:27:17+00:00
SAO_6035-10,São Paulo,3550308,True,,1213,,,-23.666238125,-46.716864625,,,,1,2023-06-20T04:27:35+00:00
SAO_6035-10,São Paulo,3550308,True,,1213,,,-23.720164,-46.759204499999996,,,,1,2023-06-20T04:27:25+00:00
SAO_6035-10,São Paulo,3550308,True,,1213,,,-23.665831500000003,-46.7126115,,,,1,2023-06-20T04:27:39+00:00
SAO_6035-10,São Paulo,3550308,True,,1213,,,-23.72062,-46.7558005,,,,1,2023-06-20T04:27:00+00:00
SAO_675A-10,São Paulo,3550308,True,,1318,,,-23.64471425,-46.726479,,,,1,2023-06-20T04:27:21+00:00
SAO_675A-10,São Paulo,3550308,True,,1318,,,-23.615295125000003,-46.64965624999999,,,,1,2023-06-20T04:27:37+00:00
SAO_6030-10,São Paulo,3550308,True,,1142,,,-23.653924375,-46.71180125000001,,,,1,2023-06-20T04:27:00+00:00
SAO_6030-10,São Paulo,3550308,True,,1142,,,-23.741073,-46.707885000000005,,,,1,2023-06-20T04:27:13+00:00
SAO_6030-10,São Paulo,3550308,True,,1142,,,-23.734262,-46.705109,,,,1,2023-06-20T04:27:26+00:00
SAO_857A-10,São Paulo,3550308,True,,1925,,,-23.59849425,-46.63818525,,,,1,2023-06-20T04:26:59+00:00
SAO_857A-10,São Paulo,3550308,True,,1925,,,-23.581957875,-46.671489124999994,,,,1,2023-06-20T04:27:38+00:00
SAO_857A-10,São Paulo,3550308,True,,1925,,,-23.602431,-46.744029,,,,1,2023-06-20T04:27:38+00:00
SAO_407T-10,São Paulo,3550308,True,,2202,,,-23.542544499999998,-46.4716805,,,,1,2023-06-20T04:27:03+00:00
SAO_407T-10,São Paulo,3550308,True,,2202,,,-23.536845,-46.4379535,,,,1,2023-06-20T04:27:15+00:00
SAO_407T-10,São Paulo,3550308,True,,2202,,,-23.538669499999997,-46.4415705,,,,1,2023-06-20T04:24:56+00:00
SAO_575A-10,São Paulo,3550308,True,,1638,,,-23.571938499999998,-46.5777661875,,,,1,2023-06-20T04:27:32+00:00
SAO_575A-10,São Paulo,3550308,True,,1638,,,-23.6018545,-46.57027,,,,1,2023-06-20T04:27:33+00:00
SAO_575A-10,São Paulo,3550308,True,,1638,,,-23.5409805,-46.576847,,,,1,2023-06-20T04:27:09+00:00
SAO_407N-10,São Paulo,3550308,True,,34937,,,-23.592875,-46.473423999999994,,,,2,2023-06-20T04:27:13+00:00
SAO_407N-10,São Paulo,3550308,True,,34937,,,-23.5832695,-46.4081135,,,,2,2023-06-20T04:27:10+00:00
SAO_407N-10,São Paulo,3550308,True,,34937,,,-23.534,-46.5424035,,,,2,2023-06-20T04:27:00+00:00
SAO_407N-10,São Paulo,3550308,True,,34937,,,-23.583215,-46.408328,,,,2,2023-06-20T04:27:28+00:00
SAO_407N-10,São Paulo,3550308,True,,34937,,,-23.561406249999997,-46.511731875,,,,2,2023-06-20T04:27:31+00:00
SAO_407N-10,São Paulo,3550308,True,,34937,,,-23.5950355,-46.43172250000001,,,,2,2023-06-20T04:27:33+00:00
SAO_7013-10,São Paulo,3550308,True,,33543,,,-23.6396455,-46.74996425,,,,2,2023-06-20T04:26:59+00:00
SAO_7013-10,São Paulo,3550308,True,,33543,,,-23.6126525,-46.754761,,,,2,2023-06-20T04:27:24+00:00
SAO_407J-10,São Paulo,3550308,True,,34966,,,-23.570583,-46.507211625,,,,2,2023-06-20T04:27:39+00:00
SAO_407J-10,São Paulo,3550308,True,,34966,,,-23.557147,-46.4726745,,,,2,2023-06-20T04:27:13+00:00
SAO_407J-10,São Paulo,3550308,True,,34966,,,-23.5538775,-46.403907,,,,2,2023-06-20T04:27:20+00:00
SAO_407J-10,São Paulo,3550308,True,,34966,,,-23.5540335,-46.403518000000005,,,,2,2023-06-20T04:27:40+00:00
SAO_407J-10,São Paulo,3550308,True,,34966,,,-23.541229,-46.5766665,,,,2,2023-06-20T04:27:39+00:00
SAO_407J-10,São Paulo,3550308,True,,34966,,,-23.55352275,-46.40449225,,,,2,2023-06-20T04:21:50+00:00
SAO_407J-10,São Paulo,3550308,True,,34966,,,-23.5422865,-46.549737500000006,,,,2,2023-06-20T04:27:26+00:00
SAO_407J-10,São Paulo,3550308,True,,34966,,,-23.576464,-46.481598250000005,,,,2,2023-06-20T04:26:57+00:00
SAO_407J-10,São Paulo,3550308,True,,34966,,,-23.545542500000003,-46.4047665,,,,2,2023-06-20T04:27:39+00:00
SAO_407J-10,São Paulo,3550308,True,,34966,,,-23.534359,-46.429336500000005,,,,2,2023-06-20T04:26:58+00:00
SAO_1025-10,São Paulo,3550308,True,,2303,,,-23.4548885,-46.706467,,,,1,2023-06-20T04:27:21+00:00
SAO_172X-10,São Paulo,3550308,True,,861,,,-23.539852500000002,-46.5770135,,,,1,2023-06-20T04:27:27+00:00
SAO_172X-10,São Paulo,3550308,True,,861,,,-23.5256585,-46.577712500000004,,,,1,2023-06-20T04:27:39+00:00
SAO_172X-10,São Paulo,3550308,True,,861,,,-23.50630575,-46.5677735,,,,1,2023-06-20T04:26:58+00:00
SAO_172X-10,São Paulo,3550308,True,,861,,,-23.535912000000003,-46.575464499999995,,,,1,2023-06-20T04:27:36+00:00
SAO_3737-10,São Paulo,3550308,True,,33805,,,-23.539118875,-46.51576250000001,,,,2,2023-06-20T04:27:08+00:00
SAO_3737-10,São Paulo,3550308,True,,33805,,,-23.5483165,-46.5091345,,,,2,2023-06-20T04:27:14+00:00
SAO_3737-10,São Paulo,3550308,True,,33805,,,-23.5307095,-46.517677,,,,2,2023-06-20T04:27:31+00:00
SAO_3737-10,São Paulo,3550308,True,,33805,,,-23.564581,-46.5048855,,,,2,2023-06-20T04:27:02+00:00
SAO_3737-10,São Paulo,3550308,True,,33805,,,-23.5590105,-46.50500875,,,,2,2023-06-20T04:27:22+00:00
SAO_6052-31,São Paulo,3550308,True,,34600,,,-23.775509999999997,-46.691679,,,,2,2023-06-20T04:27:25+00:00
SAO_6052-31,São Paulo,3550308,True,,34600,,,-23.775509999999997,-46.691679,,,,2,2023-06-20T04:27:41+00:00
SAO_7006-51,São Paulo,3550308,True,,1997,,,-23.6857005,-46.7702335,,,,1,2023-06-20T04:27:39+00:00
SAO_7006-51,São Paulo,3550308,True,,1997,,,-23.66167,-46.770126000000005,,,,1,2023-06-20T04:27:18+00:00
SAO_7006-51,São Paulo,3550308,True,,1997,,,-23.7481705,-46.780531499999995,,,,1,2023-06-20T04:27:14+00:00
SAO_7006-51,São Paulo,3550308,True,,1997,,,-23.7006965,-46.781694,,,,1,2023-06-20T04:27:10+00:00
SAO_478P-10,São Paulo,3550308,True,,33117,,,-23.6292935,-46.598532,,,,2,2023-06-20T04:27:00+00:00
SAO_478P-10,São Paulo,3550308,True,,33117,,,-23.62985725,-46.598586999999995,,,,2,2023-06-20T04:26:59+00:00
SAO_478P-10,São Paulo,3550308,True,,33117,,,-23.55525825,-46.66827575,,,,2,2023-06-20T04:27:36+00:00
SAO_478P-10,São Paulo,3550308,True,,33117,,,-23.616757,-46.606299,,,,2,2023-06-20T04:27:36+00:00
SAO_8007-10,São Paulo,3550308,True,,34025,,,-23.486233,-46.726208,,,,2,2023-06-20T04:27:36+00:00
SAO_8007-10,São Paulo,3550308,True,,34025,,,-23.47551,-46.756638499999994,,,,2,2023-06-20T04:27:00+00:00
SAO_8007-10,São Paulo,3550308,True,,34025,,,-23.486233,-46.726208,,,,2,2023-06-20T04:27:29+00:00
SAO_148L-10,São Paulo,3550308,True,,33299,,,-23.471667,-46.651328,,,,2,2023-06-20T04:27:05+00:00
SAO_148L-10,São Paulo,3550308,True,,33299,,,-23.4548945,-46.652338,,,,2,2023-06-20T04:27:08+00:00
SAO_148L-10,São Paulo,3550308,True,,33299,,,-23.455058,-46.652393,,,,2,2023-06-20T04:27:26+00:00
SAO_148L-10,São Paulo,3550308,True,,33299,,,-23.46481,-46.65197525,,,,2,2023-06-20T04:27:27+00:00
SAO_148L-10,São Paulo,3550308,True,,33299,,,-23.455058,-46.652393,,,,2,2023-06-20T04:26:58+00:00
SAO_148L-10,São Paulo,3550308,True,,33299,,,-23.48529925,-46.67476475000001,,,,2,2023-06-20T04:27:39+00:00
SAO_148L-10,São Paulo,3550308,True,,33299,,,-23.4653245,-46.6517335,,,,2,2023-06-20T04:27:40+00:00
SAO_148L-10,São Paulo,3550308,True,,33299,,,-23.515402,-46.69489875000001,,,,2,2023-06-20T04:27:18+00:00
SAO_148L-10,São Paulo,3550308,True,,33299,,,-23.465025999999998,-46.65187775,,,,2,2023-06-20T04:27:34+00:00
SAO_2582-10,São Paulo,3550308,True,,33142,,,-23.51891675,-46.423640250000005,,,,2,2023-06-20T04:27:39+00:00
SAO_2582-10,São Paulo,3550308,True,,33142,,,-23.5191965,-46.423187999999996,,,,2,2023-06-20T04:27:10+00:00
SAO_2582-10,São Paulo,3550308,True,,33142,,,-23.538102000000002,-46.59915425,,,,2,2023-06-20T04:27:22+00:00
SAO_2582-10,São Paulo,3550308,True,,33142,,,-23.5082995,-46.5429855,,,,2,2023-06-20T04:25:36+00:00
SAO_2582-10,São Paulo,3550308,True,,33142,,,-23.516329,-46.422854,,,,2,2023-06-20T04:27:20+00:00
SAO_2582-10,São Paulo,3550308,True,,33142,,,-23.496284250000002,-46.51229025,,,,2,2023-06-20T04:27:13+00:00
SAO_2582-10,São Paulo,3550308,True,,33142,,,-23.498639000000004,-46.464862,,,,2,2023-06-20T04:27:14+00:00
SAO_2582-10,São Paulo,3550308,True,,33142,,,-23.51908225,-46.42337275,,,,2,2023-06-20T04:27:11+00:00
SAO_414P-10,São Paulo,3550308,True,,1105,,,-23.545575749999998,-46.57256975,,,,1,2023-06-20T04:27:04+00:00
SAO_414P-10,São Paulo,3550308,True,,1105,,,-23.610801000000002,-46.5299455,,,,1,2023-06-20T04:27:42+00:00
SAO_414P-10,São Paulo,3550308,True,,1105,,,-23.592802,-46.5287025,,,,1,2023-06-20T04:27:26+00:00
SAO_7062-41,São Paulo,3550308,True,,35039,,,-23.649641000000003,-46.7594945,,,,2,2023-06-20T04:27:34+00:00
SAO_7062-41,São Paulo,3550308,True,,35039,,,-23.6505085,-46.7656975,,,,2,2023-06-20T04:27:40+00:00
SAO_7062-41,São Paulo,3550308,True,,35039,,,-23.650688625,-46.770039874999995,,,,2,2023-06-20T04:27:28+00:00
SAO_675G-10,São Paulo,3550308,True,,32874,,,-23.736480999999998,-46.69416675,,,,2,2023-06-20T04:27:12+00:00
SAO_675G-10,São Paulo,3550308,True,,32874,,,-23.744429,-46.6706435,,,,2,2023-06-20T04:27:37+00:00
SAO_675G-10,São Paulo,3550308,True,,32874,,,-23.638635500000003,-46.669538249999995,,,,2,2023-06-20T04:27:25+00:00
SAO_675G-10,São Paulo,3550308,True,,32874,,,-23.743226,-46.669959500000004,,,,2,2023-06-20T04:27:13+00:00
SAO_675G-10,São Paulo,3550308,True,,32874,,,-23.7563975,-46.6678165,,,,2,2023-06-20T04:26:52+00:00
SAO_675G-10,São Paulo,3550308,True,,32874,,,-23.743473,-46.670099,,,,2,2023-06-20T04:26:58+00:00
SAO_6412-10,São Paulo,3550308,True,,770,,,-23.610470375,-46.6857655,,,,1,2023-06-20T04:27:04+00:00
SAO_6412-10,São Paulo,3550308,True,,770,,,-23.617671,-46.7210095,,,,1,2023-06-20T04:27:01+00:00
SAO_6412-10,São Paulo,3550308,True,,770,,,-23.617671,-46.7210095,,,,1,2023-06-20T04:27:16+00:00
SAO_5106-10,São Paulo,3550308,True,,34048,,,-23.601990875,-46.63678775,,,,2,2023-06-20T04:27:32+00:00
SAO_5106-10,São Paulo,3550308,True,,34048,,,-23.6848065,-46.653604,,,,2,2023-06-20T04:27:29+00:00
SAO_5106-10,São Paulo,3550308,True,,34048,,,-23.69389425,-46.64531675,,,,2,2023-06-20T04:27:19+00:00
SAO_5106-10,São Paulo,3550308,True,,34048,,,-23.5711525,-46.644107000000005,,,,2,2023-06-20T04:27:20+00:00
SAO_5106-10,São Paulo,3550308,True,,34048,,,-23.654470625,-46.636961,,,,2,2023-06-20T04:27:20+00:00
SAO_978T-10,São Paulo,3550308,True,,33657,,,-23.515411,-46.69036,,,,2,2023-06-20T04:27:18+00:00
SAO_978T-10,São Paulo,3550308,True,,33657,,,-23.461351,-46.6872735,,,,2,2023-06-20T04:27:02+00:00
SAO_978T-10,São Paulo,3550308,True,,33657,,,-23.461351,-46.6872735,,,,2,2023-06-20T04:27:39+00:00
SAO_978T-10,São Paulo,3550308,True,,33657,,,-23.526267500000003,-46.667531499999996,,,,2,2023-06-20T04:27:34+00:00
SAO_978T-10,São Paulo,3550308,True,,33657,,,-23.49279,-46.696383999999995,,,,2,2023-06-20T04:27:29+00:00
SAO_978T-10,São Paulo,3550308,True,,33657,,,-23.522753375,-46.691829187500005,,,,2,2023-06-20T04:27:31+00:00
SAO_978T-10,São Paulo,3550308,True,,33657,,,-23.461289,-46.6872475,,,,2,2023-06-20T04:27:10+00:00
SAO_847P-42,São Paulo,3550308,True,,34192,,,-23.596569000000002,-46.69084599999999,,,,2,2023-06-20T04:27:30+00:00
SAO_847P-42,São Paulo,3550308,True,,34192,,,-23.543556,-46.694513,,,,2,2023-06-20T04:27:11+00:00
SAO_847P-42,São Paulo,3550308,True,,34192,,,-23.4915745,-46.695373,,,,2,2023-06-20T04:27:00+00:00
SAO_7051-10,São Paulo,3550308,True,,1885,,,-23.631026499999997,-46.773642,,,,1,2023-06-20T04:27:36+00:00
SAO_7051-10,São Paulo,3550308,True,,1885,,,-23.655096,-46.7838845,,,,1,2023-06-20T04:26:59+00:00
SAO_7051-10,São Paulo,3550308,True,,1885,,,-23.655096,-46.7838845,,,,1,2023-06-20T04:27:39+00:00
SAO_4024-10,São Paulo,3550308,True,,2158,,,-23.566142499999998,-46.424344500000004,,,,1,2023-06-20T04:23:32+00:00
SAO_4024-10,São Paulo,3550308,True,,2158,,,-23.5341925,-46.452886,,,,1,2023-06-20T04:27:17+00:00
SAO_6074-10,São Paulo,3550308,True,,33929,,,-23.734155,-46.6945605,,,,2,2023-06-20T04:27:11+00:00
SAO_6074-10,São Paulo,3550308,True,,33929,,,-23.734608,-46.6640375,,,,2,2023-06-20T04:27:10+00:00
SAO_6074-10,São Paulo,3550308,True,,33929,,,-23.749776500000003,-46.66539025,,,,2,2023-06-20T04:27:06+00:00
SAO_6074-10,São Paulo,3550308,True,,33929,,,-23.6775605,-46.701477,,,,2,2023-06-20T04:27:26+00:00
SAO_848L-10,São Paulo,3550308,True,,33576,,,-23.442389499999997,-46.721536,,,,2,2023-06-20T04:27:03+00:00
SAO_848L-10,São Paulo,3550308,True,,33576,,,-23.4144305,-46.7510005,,,,2,2023-06-20T04:27:15+00:00
SAO_848L-10,São Paulo,3550308,True,,33576,,,-23.414156,-46.75083600000001,,,,2,2023-06-20T04:27:26+00:00
SAO_848L-10,São Paulo,3550308,True,,33576,,,-23.4278425,-46.7260395,,,,2,2023-06-20T04:27:24+00:00
SAO_848L-10,São Paulo,3550308,True,,33576,,,-23.416379749999997,-46.75180975,,,,2,2023-06-20T04:27:18+00:00
SAO_7005-51,São Paulo,3550308,True,,34767,,,-23.73646075,-46.776863250000005,,,,2,2023-06-20T04:27:38+00:00
SAO_7005-51,São Paulo,3550308,True,,34767,,,-23.73646075,-46.776863250000005,,,,2,2023-06-20T04:27:31+00:00
SAO_7005-51,São Paulo,3550308,True,,34767,,,-23.6664815,-46.771662,,,,2,2023-06-20T04:27:05+00:00
SAO_7005-51,São Paulo,3550308,True,,34767,,,-23.693933,-46.7796675,,,,2,2023-06-20T04:27:26+00:00
SAO_9005-10,São Paulo,3550308,True,,33640,,,-23.4542405,-46.693987250000006,,,,2,2023-06-20T04:27:23+00:00
SAO_9005-10,São Paulo,3550308,True,,33640,,,-23.4509325,-46.690256000000005,,,,2,2023-06-20T04:27:28+00:00
SAO_9005-10,São Paulo,3550308,True,,33640,,,-23.473060250000003,-46.6701395,,,,2,2023-06-20T04:27:16+00:00
SAO_476G-41,São Paulo,3550308,True,,33880,,,-23.6102795,-46.5296235,,,,2,2023-06-20T04:27:29+00:00
SAO_476G-41,São Paulo,3550308,True,,33880,,,-23.60993,-46.529356,,,,2,2023-06-20T04:27:40+00:00
SAO_476G-41,São Paulo,3550308,True,,33880,,,-23.571661,-46.6225685,,,,2,2023-06-20T04:27:10+00:00
SAO_6050-10,São Paulo,3550308,True,,33993,,,-23.75149,-46.678267,,,,2,2023-06-20T04:27:26+00:00
SAO_6050-10,São Paulo,3550308,True,,33993,,,-23.737971,-46.6978485,,,,2,2023-06-20T04:27:11+00:00
SAO_6050-10,São Paulo,3550308,True,,33993,,,-23.75149,-46.678267,,,,2,2023-06-20T04:27:11+00:00
SAO_756A-10,São Paulo,3550308,True,,33561,,,-23.601868250000003,-46.78341825,,,,2,2023-06-20T04:27:09+00:00
SAO_756A-10,São Paulo,3550308,True,,33561,,,-23.598115999999997,-46.7961385,,,,2,2023-06-20T04:27:25+00:00
SAO_756A-10,São Paulo,3550308,True,,33561,,,-23.59019875,-46.736419500000004,,,,2,2023-06-20T04:27:22+00:00
SAO_756A-10,São Paulo,3550308,True,,33561,,,-23.6049055,-46.712445125,,,,2,2023-06-20T04:27:25+00:00
SAO_756A-10,São Paulo,3550308,True,,33561,,,-23.598115999999997,-46.7961385,,,,2,2023-06-20T04:27:12+00:00
SAO_8194-10,São Paulo,3550308,True,,805,,,-23.45859375,-46.690078375,,,,1,2023-06-20T04:27:01+00:00
SAO_8194-10,São Paulo,3550308,True,,805,,,-23.406389250000004,-46.75475900000001,,,,1,2023-06-20T04:27:36+00:00
SAO_8194-10,São Paulo,3550308,True,,805,,,-23.398622250000003,-46.7519295,,,,1,2023-06-20T04:26:58+00:00
SAO_4706-10,São Paulo,3550308,True,,33067,,,-23.616522,-46.6108385,,,,2,2023-06-20T04:27:29+00:00
SAO_4706-10,São Paulo,3550308,True,,33067,,,-23.6530245,-46.602299,,,,2,2023-06-20T04:27:11+00:00
SAO_4706-10,São Paulo,3550308,True,,33067,,,-23.653293500000004,-46.602455000000006,,,,2,2023-06-20T04:27:01+00:00
SAO_1742-10,São Paulo,3550308,True,,33310,,,-23.4571605,-46.6597545,,,,2,2023-06-20T04:27:15+00:00
SAO_1742-10,São Paulo,3550308,True,,33310,,,-23.46981925,-46.648324625,,,,2,2023-06-20T04:27:37+00:00
SAO_4036-10,São Paulo,3550308,True,,35329,,,-23.550987499999998,-46.463438499999995,,,,2,2023-06-20T04:27:13+00:00
SAO_4036-10,São Paulo,3550308,True,,35329,,,-23.542585000000003,-46.469752,,,,2,2023-06-20T04:27:10+00:00
SAO_4036-10,São Paulo,3550308,True,,35329,,,-23.542564,-46.46962550000001,,,,2,2023-06-20T04:27:09+00:00
SAO_4036-10,São Paulo,3550308,True,,35329,,,-23.558351000000002,-46.5228025,,,,2,2023-06-20T04:27:02+00:00
SAO_9011-21,São Paulo,3550308,True,,34536,,,-23.44494625,-46.731728749999995,,,,2,2023-06-20T04:27:03+00:00
SAO_9011-21,São Paulo,3550308,True,,34536,,,-23.446984,-46.7225025,,,,2,2023-06-20T04:27:06+00:00
SAO_5194-10,São Paulo,3550308,True,,33037,,,-23.687259249999997,-46.66925925,,,,2,2023-06-20T04:27:00+00:00
SAO_5194-10,São Paulo,3550308,True,,33037,,,-23.7131135,-46.65267,,,,2,2023-06-20T04:27:19+00:00
SAO_5194-10,São Paulo,3550308,True,,33037,,,-23.64929075,-46.676802374999994,,,,2,2023-06-20T04:27:35+00:00
SAO_3785-10,São Paulo,3550308,True,,1063,,,-23.56392425,-46.4461915,,,,1,2023-06-20T04:26:52+00:00
SAO_3785-10,São Paulo,3550308,True,,1063,,,-23.543105,-46.46927075,,,,1,2023-06-20T04:27:01+00:00
SAO_3785-10,São Paulo,3550308,True,,1063,,,-23.586368999999998,-46.443051,,,,1,2023-06-20T04:27:24+00:00
SAO_3785-10,São Paulo,3550308,True,,1063,,,-23.591207,-46.394471,,,,1,2023-06-20T04:27:00+00:00
SAO_3785-10,São Paulo,3550308,True,,1063,,,-23.542547,-46.4707595,,,,1,2023-06-20T04:27:17+00:00
SAO_3785-10,São Paulo,3550308,True,,1063,,,-23.591207,-46.394471,,,,1,2023-06-20T04:27:39+00:00
SAO_6836-10,São Paulo,3550308,True,BR7 Mobilidade,13,https://moovitapp.com/index/pt-br/transporte_p%C3%BAblico-line-13-Sao_Paulo-242-851856-705937-0,5.75,-23.643927,-46.7328295,,,,1,2023-06-20T04:27:25+00:00
SAO_6836-10,São Paulo,3550308,True,BR7 Mobilidade,13,https://moovitapp.com/index/pt-br/transporte_p%C3%BAblico-line-13-Sao_Paulo-242-851856-705937-0,5.75,-23.684404999999998,-46.7817855,,,,1,2023-06-20T04:27:20+00:00
SAO_6836-10,São Paulo,3550308,True,BR7 Mobilidade,13,https://moovitapp.com/index/pt-br/transporte_p%C3%BAblico-line-13-Sao_Paulo-242-851856-705937-0,5.75,-23.670209999999997,-46.763918000000004,,,,1,2023-06-20T04:27:20+00:00
SAO_2719-10,São Paulo,3550308,True,,932,,,-23.5303745,-46.5279285,,,,1,2023-06-20T04:27:31+00:00
SAO_2719-10,São Paulo,3550308,True,,932,,,-23.5173825,-46.5228985,,,,1,2023-06-20T04:27:35+00:00
SAO_2719-10,São Paulo,3550308,True,,932,,,-23.531444999999998,-46.5293925,,,,1,2023-06-20T04:27:14+00:00
SAO_2719-10,São Paulo,3550308,True,,932,,,-23.531444999999998,-46.5293925,,,,1,2023-06-20T04:27:24+00:00
SAO_2719-10,São Paulo,3550308,True,,932,,,-23.510252,-46.505402000000004,,,,1,2023-06-20T04:27:33+00:00
SAO_2719-10,São Paulo,3550308,True,,932,,,-23.491878999999997,-46.4792955,,,,1,2023-06-20T04:27:36+00:00
SAO_271M-10,São Paulo,3550308,True,,33452,,,-23.508191500000002,-46.5958065,,,,2,2023-06-20T04:27:34+00:00
SAO_271M-10,São Paulo,3550308,True,,33452,,,-23.5141115,-46.571008500000005,,,,2,2023-06-20T04:27:12+00:00
SAO_271M-10,São Paulo,3550308,True,,33452,,,-23.512197999999998,-46.563227499999996,,,,2,2023-06-20T04:27:28+00:00
SAO_271M-10,São Paulo,3550308,True,,33452,,,-23.511872,-46.563117500000004,,,,2,2023-06-20T04:27:08+00:00
SAO_1702-10,São Paulo,3550308,True,,33614,,,-23.4432505,-46.577110000000005,,,,2,2023-06-20T04:27:28+00:00
SAO_1702-10,São Paulo,3550308,True,,33614,,,-23.443537,-46.577459000000005,,,,2,2023-06-20T04:27:30+00:00
SAO_1702-10,São Paulo,3550308,True,,33614,,,-23.4925905,-46.609087,,,,2,2023-06-20T04:27:18+00:00
SAO_1702-10,São Paulo,3550308,True,,33614,,,-23.509144,-46.624826999999996,,,,2,2023-06-20T04:27:20+00:00
SAO_1702-10,São Paulo,3550308,True,,33614,,,-23.449399,-46.574034999999995,,,,2,2023-06-20T04:27:21+00:00
SAO_573H-10,São Paulo,3550308,True,,34398,,,-23.57330725,-46.55962674999999,,,,2,2023-06-20T04:27:15+00:00
SAO_573H-10,São Paulo,3550308,True,,34398,,,-23.6120265,-46.493421,,,,2,2023-06-20T04:27:32+00:00
SAO_573H-10,São Paulo,3550308,True,,34398,,,-23.568557749999997,-46.58377125,,,,2,2023-06-20T04:27:20+00:00
SAO_573H-10,São Paulo,3550308,True,,34398,,,-23.592753000000002,-46.502278000000004,,,,2,2023-06-20T04:27:40+00:00
SAO_573H-10,São Paulo,3550308,True,,34398,,,-23.552128,-46.610397500000005,,,,2,2023-06-20T04:27:39+00:00
SAO_573H-10,São Paulo,3550308,True,,34398,,,-23.586771,-46.5147045,,,,2,2023-06-20T04:27:35+00:00
SAO_273D-10,São Paulo,3550308,True,,32990,,,-23.5384885,-46.47931125,,,,2,2023-06-20T04:27:10+00:00
SAO_273D-10,São Paulo,3550308,True,,32990,,,-23.525419875,-46.474753125,,,,2,2023-06-20T04:27:07+00:00
SAO_273D-10,São Paulo,3550308,True,,32990,,,-23.521566999999997,-46.410721499999994,,,,2,2023-06-20T04:27:27+00:00
SAO_273D-10,São Paulo,3550308,True,,32990,,,-23.5214175,-46.4108045,,,,2,2023-06-20T04:26:57+00:00
SAO_273D-10,São Paulo,3550308,True,,32990,,,-23.5214175,-46.4108045,,,,2,2023-06-20T04:27:20+00:00
SAO_273D-10,São Paulo,3550308,True,,32990,,,-23.494554,-46.42565275,,,,2,2023-06-20T04:27:34+00:00
SAO_746V-10,São Paulo,3550308,True,,33560,,,-23.6265725,-46.748231000000004,,,,2,2023-06-20T04:27:11+00:00
SAO_746V-10,São Paulo,3550308,True,,33560,,,-23.62274625,-46.754206999999994,,,,2,2023-06-20T04:27:10+00:00
SAO_746V-10,São Paulo,3550308,True,,33560,,,-23.61922075,-46.75439,,,,2,2023-06-20T04:27:37+00:00
SAO_746V-10,São Paulo,3550308,True,,33560,,,-23.647311,-46.746957,,,,2,2023-06-20T04:27:30+00:00
SAO_746V-10,São Paulo,3550308,True,,33560,,,-23.640578499999997,-46.760734,,,,2,2023-06-20T04:27:00+00:00
SAO_719R-10,São Paulo,3550308,True,,33237,,,-23.562170000000002,-46.764854125,,,,2,2023-06-20T04:27:11+00:00
SAO_719R-10,São Paulo,3550308,True,,33237,,,-23.5619675,-46.7643025,,,,2,2023-06-20T04:27:37+00:00
SAO_719R-10,São Paulo,3550308,True,,33237,,,-23.5712655,-46.720345,,,,2,2023-06-20T04:27:37+00:00
SAO_719R-10,São Paulo,3550308,True,,33237,,,-23.549466625,-46.659563250000005,,,,2,2023-06-20T04:27:12+00:00
SAO_8594-10,São Paulo,3550308,True,,33200,,,-23.543312,-46.638448999999994,,,,2,2023-06-20T04:27:25+00:00
SAO_8594-10,São Paulo,3550308,True,,33200,,,-23.448747,-46.734024500000004,,,,2,2023-06-20T04:27:42+00:00
SAO_8594-10,São Paulo,3550308,True,,33200,,,-23.529849374999998,-46.667376624999996,,,,2,2023-06-20T04:27:28+00:00
SAO_8594-10,São Paulo,3550308,True,,33200,,,-23.451815,-46.7463895,,,,2,2023-06-20T04:27:19+00:00
SAO_8594-10,São Paulo,3550308,True,,33200,,,-23.468055,-46.7248625,,,,2,2023-06-20T04:26:51+00:00
SAO_8594-10,São Paulo,3550308,True,,33200,,,-23.511091,-46.705378749999994,,,,2,2023-06-20T04:27:08+00:00
SAO_1026-10,São Paulo,3550308,True,,2306,,,-23.4802735,-46.6955985,,,,1,2023-06-20T04:27:23+00:00
SAO_5154-10,São Paulo,3550308,True,EMTU,353,https://moovitapp.com/index/pt-br/transporte_p%C3%BAblico-line-353-Sao_Paulo-242-2038937-36419436-0,5.1,-23.61499175,-46.6793665,,,,1,2023-06-20T04:27:38+00:00
SAO_5154-10,São Paulo,3550308,True,EMTU,353,https://moovitapp.com/index/pt-br/transporte_p%C3%BAblico-line-353-Sao_Paulo-242-2038937-36419436-0,5.1,-23.551808,-46.635464999999996,,,,1,2023-06-20T04:27:16+00:00
SAO_5154-10,São Paulo,3550308,True,EMTU,353,https://moovitapp.com/index/pt-br/transporte_p%C3%BAblico-line-353-Sao_Paulo-242-2038937-36419436-0,5.1,-23.654157,-46.710629,,,,1,2023-06-20T04:27:41+00:00
SAO_5154-10,São Paulo,3550308,True,EMTU,353,https://moovitapp.com/index/pt-br/transporte_p%C3%BAblico-line-353-Sao_Paulo-242-2038937-36419436-0,5.1,-23.654157,-46.710629,,,,1,2023-06-20T04:27:29+00:00
SAO_4312-10,São Paulo,3550308,True,,34940,,,-23.5607245,-46.493434,,,,2,2023-06-20T04:24:44+00:00
SAO_4312-10,São Paulo,3550308,True,,34940,,,-23.570552125,-46.489686875,,,,2,2023-06-20T04:26:58+00:00
SAO_4312-10,São Paulo,3550308,True,,34940,,,-23.548697,-46.60355875,,,,2,2023-06-20T04:27:36+00:00
SAO_4312-10,São Paulo,3550308,True,,34940,,,-23.570552125,-46.489686875,,,,2,2023-06-20T04:27:36+00:00
SAO_4312-10,São Paulo,3550308,True,,34940,,,-23.532040625,-46.5262975,,,,2,2023-06-20T04:27:16+00:00
SAO_4312-10,São Paulo,3550308,True,,34940,,,-23.570637374999997,-46.489951625,,,,2,2023-06-20T04:27:35+00:00
SAO_4312-10,São Paulo,3550308,True,,34940,,,-23.5464055,-46.6307785,,,,2,2023-06-20T04:27:18+00:00
SAO_4312-10,São Paulo,3550308,True,,34940,,,-23.570552125,-46.489686875,,,,2,2023-06-20T04:27:07+00:00
SAO_4312-10,São Paulo,3550308,True,,34940,,,-23.570552125,-46.489686875,,,,2,2023-06-20T04:27:12+00:00
SAO_2721-10,São Paulo,3550308,True,,934,,,-23.496727999999997,-46.411212750000004,,,,1,2023-06-20T04:27:40+00:00
SAO_2721-10,São Paulo,3550308,True,,934,,,-23.54223,-46.4724785,,,,1,2023-06-20T04:27:25+00:00
SAO_2721-10,São Paulo,3550308,True,,934,,,-23.5193225,-46.409525,,,,1,2023-06-20T04:27:15+00:00
SAO_2721-10,São Paulo,3550308,True,,934,,,-23.506869000000002,-46.43947,,,,1,2023-06-20T04:27:33+00:00
SAO_2721-10,São Paulo,3550308,True,,934,,,-23.5193225,-46.409525,,,,1,2023-06-20T04:27:01+00:00
SAO_2721-10,São Paulo,3550308,True,,934,,,-23.4949395,-46.437597,,,,1,2023-06-20T04:27:08+00:00
SAO_2721-10,São Paulo,3550308,True,,934,,,-23.54223,-46.4724785,,,,1,2023-06-20T04:27:02+00:00
SAO_2721-10,São Paulo,3550308,True,,934,,,-23.5193225,-46.409525,,,,1,2023-06-20T04:27:05+00:00
SAO_2721-10,São Paulo,3550308,True,,934,,,-23.5193225,-46.409525,,,,1,2023-06-20T04:23:18+00:00
SAO_875A-10,São Paulo,3550308,True,,609,,,-23.638734999999997,-46.6582925,,,,1,2023-06-20T04:26:55+00:00
SAO_875A-10,São Paulo,3550308,True,,609,,,-23.536384,-46.680613,,,,1,2023-06-20T04:27:39+00:00
SAO_875A-10,São Paulo,3550308,True,,609,,,-23.536384,-46.680613,,,,1,2023-06-20T04:27:10+00:00
SAO_875A-10,São Paulo,3550308,True,,609,,,-23.539857,-46.647679,,,,1,2023-06-20T04:27:17+00:00
SAO_875A-10,São Paulo,3550308,True,,609,,,-23.6431545,-46.663253999999995,,,,1,2023-06-20T04:27:03+00:00
SAO_875A-10,São Paulo,3550308,True,,609,,,-23.621993875,-46.639916625,,,,1,2023-06-20T04:27:35+00:00
SAO_875A-10,São Paulo,3550308,True,,609,,,-23.557978875,-46.66027225,,,,1,2023-06-20T04:27:17+00:00
SAO_1178-10,São Paulo,3550308,True,,132,,,-23.54147725,-46.63535375,,,,1,2023-06-20T04:27:17+00:00
SAO_1178-10,São Paulo,3550308,True,,132,,,-23.49715,-46.43245950000001,,,,1,2023-06-20T04:25:44+00:00
SAO_1178-10,São Paulo,3550308,True,,132,,,-23.5184955,-46.546330999999995,,,,1,2023-06-20T04:27:23+00:00
SAO_1178-10,São Paulo,3550308,True,,132,,,-23.5180115,-46.6198385,,,,1,2023-06-20T04:27:21+00:00
SAO_1178-10,São Paulo,3550308,True,,132,,,-23.513538750000002,-46.545883125,,,,1,2023-06-20T04:27:36+00:00
SAO_1178-10,São Paulo,3550308,True,,132,,,-23.504322000000002,-46.433214,,,,1,2023-06-20T04:27:18+00:00
SAO_1178-10,São Paulo,3550308,True,,132,,,-23.4981025,-46.4579385,,,,1,2023-06-20T04:27:13+00:00
SAO_967A-10,São Paulo,3550308,True,,33336,,,-23.4809025,-46.656053,,,,2,2023-06-20T04:27:34+00:00
SAO_967A-10,São Paulo,3550308,True,,33336,,,-23.583426000000003,-46.670066,,,,2,2023-06-20T04:27:42+00:00
SAO_967A-10,São Paulo,3550308,True,,33336,,,-23.547548,-46.647615,,,,2,2023-06-20T04:27:19+00:00
SAO_967A-10,São Paulo,3550308,True,,33336,,,-23.50283425,-46.6530875,,,,2,2023-06-20T04:27:40+00:00
SAO_6072-10,São Paulo,3550308,True,,34356,,,-23.827348,-46.69764012499999,,,,2,2023-06-20T04:27:41+00:00
SAO_6072-10,São Paulo,3550308,True,,34356,,,-23.769605,-46.7179785,,,,2,2023-06-20T04:27:04+00:00
SAO_6072-10,São Paulo,3550308,True,,34356,,,-23.7868455,-46.71431,,,,2,2023-06-20T04:27:10+00:00
SAO_6072-10,São Paulo,3550308,True,,34356,,,-23.8274015,-46.69739250000001,,,,2,2023-06-20T04:27:03+00:00
SAO_6072-10,São Paulo,3550308,True,,34356,,,-23.8274015,-46.69739250000001,,,,2,2023-06-20T04:27:29+00:00
SAO_6072-10,São Paulo,3550308,True,,34356,,,-23.8274015,-46.69739250000001,,,,2,2023-06-20T04:24:50+00:00
SAO_6072-10,São Paulo,3550308,True,,34356,,,-23.8274015,-46.69739250000001,,,,2,2023-06-20T04:27:43+00:00
SAO_6072-10,São Paulo,3550308,True,,34356,,,-23.816460499999998,-46.706014499999995,,,,2,2023-06-20T04:27:43+00:00
SAO_6072-10,São Paulo,3550308,True,,34356,,,-23.827348,-46.69764012499999,,,,2,2023-06-20T04:27:08+00:00
SAO_6824-10,São Paulo,3550308,True,BR7 Mobilidade,23,https://moovitapp.com/index/pt-br/transporte_p%C3%BAblico-line-23-Sao_Paulo-242-851856-518590-0,5.75,-23.66739625,-46.784721,,,,1,2023-06-20T04:26:50+00:00
SAO_6817-10,São Paulo,3550308,True,,32795,,,-23.68488,-46.7824825,,,,2,2023-06-20T04:27:31+00:00
SAO_6817-10,São Paulo,3550308,True,,32795,,,-23.6591095,-46.766191,,,,2,2023-06-20T04:27:34+00:00
SAO_9050-10,São Paulo,3550308,True,,2088,,,-23.520269,-46.6991845,,,,1,2023-06-20T04:27:27+00:00
SAO_9050-10,São Paulo,3550308,True,,2088,,,-23.556459,-46.697447499999996,,,,1,2023-06-20T04:27:12+00:00
SAO_9050-10,São Paulo,3550308,True,,2088,,,-23.5200315,-46.699387,,,,1,2023-06-20T04:27:31+00:00
SAO_3721-41,São Paulo,3550308,True,,34461,,,-23.5572495,-46.495866500000005,,,,2,2023-06-20T04:27:07+00:00
SAO_3721-41,São Paulo,3550308,True,,34461,,,-23.5631595,-46.500921000000005,,,,2,2023-06-20T04:27:40+00:00
SAO_3721-41,São Paulo,3550308,True,,34461,,,-23.553251500000002,-46.491372999999996,,,,2,2023-06-20T04:27:38+00:00
SAO_3721-41,São Paulo,3550308,True,,34461,,,-23.54143525,-46.48684725,,,,2,2023-06-20T04:27:00+00:00
SAO_2772-10,São Paulo,3550308,True,,33166,,,-23.5229185,-46.4105285,,,,2,2023-06-20T04:27:34+00:00
SAO_2772-10,São Paulo,3550308,True,,33166,,,-23.5074605,-46.488465500000004,,,,2,2023-06-20T04:27:30+00:00
SAO_2772-10,São Paulo,3550308,True,,33166,,,-23.523087,-46.410531500000005,,,,2,2023-06-20T04:27:41+00:00
SAO_2772-10,São Paulo,3550308,True,,33166,,,-23.4943015,-46.415208500000006,,,,2,2023-06-20T04:27:17+00:00
SAO_2772-10,São Paulo,3550308,True,,33166,,,-23.533080499999997,-46.543136,,,,2,2023-06-20T04:27:39+00:00
SAO_2772-10,São Paulo,3550308,True,,33166,,,-23.533080499999997,-46.543136,,,,2,2023-06-20T04:27:05+00:00
SAO_971A-10,São Paulo,3550308,True,,33426,,,-23.497636999999997,-46.6609725,,,,2,2023-06-20T04:27:38+00:00
SAO_971A-10,São Paulo,3550308,True,,33426,,,-23.486301,-46.680533,,,,2,2023-06-20T04:27:03+00:00
SAO_971A-10,São Paulo,3550308,True,,33426,,,-23.5013635,-46.6783565,,,,2,2023-06-20T04:27:04+00:00
SAO_342M-10,São Paulo,3550308,True,,33515,,,-23.518709,-46.546899499999995,,,,2,2023-06-20T04:27:10+00:00
SAO_342M-10,São Paulo,3550308,True,,33515,,,-23.5991515,-46.485439875,,,,2,2023-06-20T04:27:06+00:00
SAO_342M-10,São Paulo,3550308,True,,33515,,,-23.518709,-46.546899499999995,,,,2,2023-06-20T04:27:16+00:00
SAO_342M-10,São Paulo,3550308,True,,33515,,,-23.5415875,-46.549929,,,,2,2023-06-20T04:27:20+00:00
SAO_342M-10,São Paulo,3550308,True,,33515,,,-23.518709,-46.546899499999995,,,,2,2023-06-20T04:27:30+00:00
SAO_342M-10,São Paulo,3550308,True,,33515,,,-23.5802945,-46.5008165,,,,2,2023-06-20T04:27:41+00:00
SAO_342M-10,São Paulo,3550308,True,,33515,,,-23.523324625,-46.55162575,,,,2,2023-06-20T04:27:26+00:00
SAO_342M-10,São Paulo,3550308,True,,33515,,,-23.5793815,-46.5025895,,,,2,2023-06-20T04:27:26+00:00
SAO_342M-10,São Paulo,3550308,True,,33515,,,-23.540174999999998,-46.55162,,,,2,2023-06-20T04:27:32+00:00
SAO_342M-10,São Paulo,3550308,True,,33515,,,-23.558311,-46.522212499999995,,,,2,2023-06-20T04:27:42+00:00
SAO_342M-10,São Paulo,3550308,True,,33515,,,-23.5193035,-46.5472155,,,,2,2023-06-20T04:27:09+00:00
SAO_342M-10,São Paulo,3550308,True,,33515,,,-23.613857,-46.476304,,,,2,2023-06-20T04:27:05+00:00
SAO_342M-10,São Paulo,3550308,True,,33515,,,-23.5291225,-46.5541605,,,,2,2023-06-20T04:27:38+00:00
SAO_263J-10,São Paulo,3550308,True,EMTU,219,https://moovitapp.com/index/pt-br/transporte_p%C3%BAblico-line-219-Sao_Paulo-242-2038937-36419341-0,8.55,-23.52161625,-46.527673,,,,1,2023-06-20T04:27:21+00:00
SAO_263J-10,São Paulo,3550308,True,EMTU,219,https://moovitapp.com/index/pt-br/transporte_p%C3%BAblico-line-219-Sao_Paulo-242-2038937-36419341-0,8.55,-23.548497499999996,-46.43609175,,,,1,2023-06-20T04:27:38+00:00
SAO_263J-10,São Paulo,3550308,True,EMTU,219,https://moovitapp.com/index/pt-br/transporte_p%C3%BAblico-line-219-Sao_Paulo-242-2038937-36419341-0,8.55,-23.518732999999997,-46.4760785,,,,1,2023-06-20T04:27:19+00:00
SAO_263J-10,São Paulo,3550308,True,EMTU,219,https://moovitapp.com/index/pt-br/transporte_p%C3%BAblico-line-219-Sao_Paulo-242-2038937-36419341-0,8.55,-23.549456,-46.4312205,,,,1,2023-06-20T04:27:38+00:00
SAO_263J-10,São Paulo,3550308,True,EMTU,219,https://moovitapp.com/index/pt-br/transporte_p%C3%BAblico-line-219-Sao_Paulo-242-2038937-36419341-0,8.55,-23.549966249999997,-46.43092575,,,,1,2023-06-20T04:27:19+00:00
SAO_263J-10,São Paulo,3550308,True,EMTU,219,https://moovitapp.com/index/pt-br/transporte_p%C3%BAblico-line-219-Sao_Paulo-242-2038937-36419341-0,8.55,-23.54970875,-46.43107325,,,,1,2023-06-20T04:27:17+00:00
SAO_2009-10,São Paulo,3550308,True,,33666,,,-23.512333624999997,-46.412963625,,,,2,2023-06-20T04:27:30+00:00
SAO_2009-10,São Paulo,3550308,True,,33666,,,-23.53906475,-46.41295875,,,,2,2023-06-20T04:26:38+00:00
SAO_2009-10,São Paulo,3550308,True,,33666,,,-23.541789,-46.4160215,,,,2,2023-06-20T04:27:27+00:00
SAO_6076-10,São Paulo,3550308,True,,1165,,,-23.733597500000002,-46.676829,,,,1,2023-06-20T04:27:25+00:00
SAO_6076-10,São Paulo,3550308,True,,1165,,,-23.6669665,-46.7119285,,,,1,2023-06-20T04:27:25+00:00
SAO_6076-10,São Paulo,3550308,True,,1165,,,-23.663378,-46.707454999999996,,,,1,2023-06-20T04:27:31+00:00
SAO_8199-10,São Paulo,3550308,True,,33575,,,-23.468643,-46.7512295,,,,2,2023-06-20T04:27:02+00:00
SAO_8199-10,São Paulo,3550308,True,,33575,,,-23.489151,-46.6940735,,,,2,2023-06-20T04:27:28+00:00
SAO_8199-10,São Paulo,3550308,True,,33575,,,-23.4886455,-46.729033,,,,2,2023-06-20T04:27:22+00:00
SAO_8199-10,São Paulo,3550308,True,,33575,,,-23.473862,-46.6702305,,,,2,2023-06-20T04:27:13+00:00
SAO_8199-10,São Paulo,3550308,True,,33575,,,-23.468757,-46.7514565,,,,2,2023-06-20T04:27:31+00:00
SAO_3064-10,São Paulo,3550308,True,,33748,,,-23.5441145,-46.4123795,,,,2,2023-06-20T04:27:11+00:00
SAO_3064-10,São Paulo,3550308,True,,33748,,,-23.5970365,-46.404386,,,,2,2023-06-20T04:27:18+00:00
SAO_3064-10,São Paulo,3550308,True,,33748,,,-23.5440345,-46.412593,,,,2,2023-06-20T04:27:40+00:00
SAO_3064-10,São Paulo,3550308,True,,33748,,,-23.58146425,-46.415343,,,,2,2023-06-20T04:27:06+00:00
SAO_342C-10,São Paulo,3550308,True,,33770,,,-23.5326065,-46.526786,,,,2,2023-06-20T04:27:14+00:00
SAO_342C-10,São Paulo,3550308,True,,33770,,,-23.543638,-46.492011000000005,,,,2,2023-06-20T04:27:37+00:00
SAO_5129-10,São Paulo,3550308,True,,34049,,,-23.668323,-46.735209499999996,,,,2,2023-06-20T04:27:27+00:00
SAO_5129-10,São Paulo,3550308,True,,34049,,,-23.680678,-46.637572,,,,2,2023-06-20T04:27:04+00:00
SAO_5129-10,São Paulo,3550308,True,,34049,,,-23.682050250000003,-46.694036,,,,2,2023-06-20T04:27:15+00:00
SAO_5129-10,São Paulo,3550308,True,,34049,,,-23.680194,-46.63726,,,,2,2023-06-20T04:26:57+00:00
SAO_5129-10,São Paulo,3550308,True,,34049,,,-23.680045,-46.636998000000006,,,,2,2023-06-20T04:27:01+00:00
SAO_5129-10,São Paulo,3550308,True,,34049,,,-23.6545895,-46.667321,,,,2,2023-06-20T04:27:02+00:00
SAO_5129-10,São Paulo,3550308,True,,34049,,,-23.665815000000002,-46.7117615,,,,2,2023-06-20T04:27:19+00:00
SAO_5129-10,São Paulo,3550308,True,,34049,,,-23.6801235,-46.637139000000005,,,,2,2023-06-20T04:27:14+00:00
SAO_2123-10,São Paulo,3550308,True,,33460,,,-23.4884535,-46.582411,,,,2,2023-06-20T04:27:17+00:00
SAO_2123-10,São Paulo,3550308,True,,33460,,,-23.4886805,-46.582163,,,,2,2023-06-20T04:27:34+00:00
SAO_2123-10,São Paulo,3550308,True,,33460,,,-23.4886805,-46.582163,,,,2,2023-06-20T04:27:22+00:00
SAO_2123-10,São Paulo,3550308,True,,33460,,,-23.529568875,-46.614399875000004,,,,2,2023-06-20T04:24:52+00:00
SAO_148P-10,São Paulo,3550308,True,,33302,,,-23.457892,-46.642534,,,,2,2023-06-20T04:27:30+00:00
SAO_148P-10,São Paulo,3550308,True,,33302,,,-23.526382499999997,-46.6660375,,,,2,2023-06-20T04:27:06+00:00
SAO_148P-10,São Paulo,3550308,True,,33302,,,-23.455737,-46.643443500000004,,,,2,2023-06-20T04:27:41+00:00
SAO_148P-10,São Paulo,3550308,True,,33302,,,-23.469516624999997,-46.649657625,,,,2,2023-06-20T04:27:35+00:00
SAO_148P-10,São Paulo,3550308,True,,33302,,,-23.482225999999997,-46.661946,,,,2,2023-06-20T04:27:30+00:00
SAO_148P-10,São Paulo,3550308,True,,33302,,,-23.4984151875,-46.655016125,,,,2,2023-06-20T04:27:05+00:00
SAO_148P-10,São Paulo,3550308,True,,33302,,,-23.4580515,-46.6428225,,,,2,2023-06-20T04:27:07+00:00
SAO_148P-10,São Paulo,3550308,True,,33302,,,-23.503061000000002,-46.6548345,,,,2,2023-06-20T04:27:10+00:00
SAO_6450-10,São Paulo,3550308,True,,59,,,-23.616493749999997,-46.68038525,,,,1,2023-06-20T04:27:40+00:00
SAO_6450-10,São Paulo,3550308,True,,59,,,-23.559058999999998,-46.654014000000004,,,,1,2023-06-20T04:27:40+00:00
SAO_6450-10,São Paulo,3550308,True,,59,,,-23.573410250000002,-46.6661795,,,,1,2023-06-20T04:27:19+00:00
SAO_6450-10,São Paulo,3550308,True,,59,,,-23.645422375000003,-46.712979250000004,,,,1,2023-06-20T04:27:17+00:00
SAO_178T-10,São Paulo,3550308,True,,33333,,,-23.4879155,-46.647299000000004,,,,2,2023-06-20T04:27:07+00:00
SAO_178T-10,São Paulo,3550308,True,,33333,,,-23.52444375,-46.70825775,,,,2,2023-06-20T04:27:39+00:00
SAO_178T-10,São Paulo,3550308,True,,33333,,,-23.53098,-46.734971,,,,2,2023-06-20T04:27:29+00:00
SAO_178T-10,São Paulo,3550308,True,,33333,,,-23.53098,-46.734971,,,,2,2023-06-20T04:27:33+00:00
SAO_178T-10,São Paulo,3550308,True,,33333,,,-23.503125,-46.6245765,,,,2,2023-06-20T04:27:11+00:00
SAO_178T-10,São Paulo,3550308,True,,33333,,,-23.53098,-46.734971,,,,2,2023-06-20T04:27:32+00:00
SAO_178T-10,São Paulo,3550308,True,,33333,,,-23.503125,-46.6245765,,,,2,2023-06-20T04:27:15+00:00
SAO_178T-10,São Paulo,3550308,True,,33333,,,-23.5049105,-46.689612999999994,,,,2,2023-06-20T04:27:04+00:00
SAO_7060-10,São Paulo,3550308,True,,1889,,,-23.631508,-46.7726,,,,1,2023-06-20T04:27:43+00:00
SAO_7060-10,São Paulo,3550308,True,,1889,,,-23.653551,-46.777357,,,,1,2023-06-20T04:26:59+00:00
SAO_7060-10,São Paulo,3550308,True,,1889,,,-23.6854875,-46.801269500000004,,,,1,2023-06-20T04:27:37+00:00
SAO_6913-10,São Paulo,3550308,True,,34233,,,-23.583803500000002,-46.670236,,,,2,2023-06-20T04:27:39+00:00
SAO_6913-10,São Paulo,3550308,True,,34233,,,-23.56490075,-46.65727575,,,,2,2023-06-20T04:27:06+00:00
SAO_6913-10,São Paulo,3550308,True,,34233,,,-23.767727999999998,-46.7167135,,,,2,2023-06-20T04:26:35+00:00
SAO_6913-10,São Paulo,3550308,True,,34233,,,-23.61896,-46.682627,,,,2,2023-06-20T04:27:17+00:00
SAO_6913-10,São Paulo,3550308,True,,34233,,,-23.728532,-46.699191,,,,2,2023-06-20T04:27:37+00:00
SAO_6913-10,São Paulo,3550308,True,,34233,,,-23.734389999999998,-46.6990485,,,,2,2023-06-20T04:26:41+00:00
SAO_6913-10,São Paulo,3550308,True,,34233,,,-23.71381975,-46.708670500000004,,,,2,2023-06-20T04:27:26+00:00
SAO_6913-10,São Paulo,3550308,True,,34233,,,-23.7666665,-46.717319,,,,2,2023-06-20T04:27:36+00:00
SAO_6007-10,São Paulo,3550308,True,,32944,,,-23.654132,-46.7632315,,,,2,2023-06-20T04:25:06+00:00
SAO_6007-10,São Paulo,3550308,True,,32944,,,-23.654132,-46.7632315,,,,2,2023-06-20T04:26:58+00:00
SAO_6007-10,São Paulo,3550308,True,,32944,,,-23.654061499999997,-46.763393,,,,2,2023-06-20T04:27:22+00:00
SAO_6007-10,São Paulo,3550308,True,,32944,,,-23.650033999999998,-46.73314,,,,2,2023-06-20T04:27:31+00:00
SAO_6007-10,São Paulo,3550308,True,,32944,,,-23.6540545,-46.763478,,,,2,2023-06-20T04:27:40+00:00
SAO_6007-10,São Paulo,3550308,True,,32944,,,-23.67071,-46.7572035,,,,2,2023-06-20T04:27:07+00:00
SAO_6007-10,São Paulo,3550308,True,,32944,,,-23.669655,-46.7366765,,,,2,2023-06-20T04:27:18+00:00
SAO_2020-10,São Paulo,3550308,True,,2262,,,-23.458359,-46.606503000000004,,,,1,2023-06-20T04:26:57+00:00
SAO_2020-10,São Paulo,3550308,True,,2262,,,-23.4606995,-46.6223065,,,,1,2023-06-20T04:27:41+00:00
SAO_675R-10,São Paulo,3550308,True,,32877,,,-23.7542595,-46.680344,,,,2,2023-06-20T04:26:56+00:00
SAO_675R-10,São Paulo,3550308,True,,32877,,,-23.718757,-46.690137,,,,2,2023-06-20T04:27:10+00:00
SAO_675R-10,São Paulo,3550308,True,,32877,,,-23.639715125,-46.668864375,,,,2,2023-06-20T04:27:25+00:00
SAO_675R-10,São Paulo,3550308,True,,32877,,,-23.754187,-46.680431999999996,,,,2,2023-06-20T04:27:30+00:00
SAO_177H-10,São Paulo,3550308,True,,33398,,,-23.544143,-46.6569185,,,,2,2023-06-20T04:27:25+00:00
SAO_177H-10,São Paulo,3550308,True,,33398,,,-23.502436,-46.624016499999996,,,,2,2023-06-20T04:27:06+00:00
SAO_177H-10,São Paulo,3550308,True,,33398,,,-23.526470500000002,-46.660553500000006,,,,2,2023-06-20T04:27:36+00:00
SAO_177H-10,São Paulo,3550308,True,,33398,,,-23.503036,-46.624043,,,,2,2023-06-20T04:27:05+00:00
SAO_177H-10,São Paulo,3550308,True,,33398,,,-23.504054125000003,-46.624669499999996,,,,2,2023-06-20T04:27:38+00:00
SAO_177H-10,São Paulo,3550308,True,,33398,,,-23.56319225,-46.717016625,,,,2,2023-06-20T04:27:38+00:00
SAO_5318-10,São Paulo,3550308,True,,45,,,-23.625454750000003,-46.68264325,,,,1,2023-06-20T04:27:04+00:00
SAO_5318-10,São Paulo,3550308,True,,45,,,-23.549733,-46.6357825,,,,1,2023-06-20T04:27:17+00:00
SAO_5318-10,São Paulo,3550308,True,,45,,,-23.644927000000003,-46.7189955,,,,1,2023-06-20T04:27:19+00:00
SAO_5318-10,São Paulo,3550308,True,,45,,,-23.572952,-46.641011500000005,,,,1,2023-06-20T04:27:42+00:00
SAO_8605-10,São Paulo,3550308,True,,34685,,,-23.624658,-46.7646215,,,,2,2023-06-20T04:27:28+00:00
SAO_8605-10,São Paulo,3550308,True,,34685,,,-23.6313825,-46.77286,,,,2,2023-06-20T04:27:08+00:00
SAO_8605-10,São Paulo,3550308,True,,34685,,,-23.549426,-46.639907,,,,2,2023-06-20T04:27:00+00:00
SAO_8605-10,São Paulo,3550308,True,,34685,,,-23.580619,-46.683839,,,,2,2023-06-20T04:27:29+00:00
SAO_4002-10,São Paulo,3550308,True,,34945,,,-23.558149,-46.399587499999996,,,,2,2023-06-20T04:27:15+00:00
SAO_4002-10,São Paulo,3550308,True,,34945,,,-23.54553125,-46.4086955,,,,2,2023-06-20T04:27:17+00:00
SAO_4002-10,São Paulo,3550308,True,,34945,,,-23.558356,-46.3995355,,,,2,2023-06-20T04:27:00+00:00
SAO_4002-10,São Paulo,3550308,True,,34945,,,-23.583230999999998,-46.4919925,,,,2,2023-06-20T04:27:10+00:00
SAO_4002-10,São Paulo,3550308,True,,34945,,,-23.565191,-46.51288475,,,,2,2023-06-20T04:27:14+00:00
SAO_4002-10,São Paulo,3550308,True,,34945,,,-23.557927,-46.399613,,,,2,2023-06-20T04:27:01+00:00
SAO_4002-10,São Paulo,3550308,True,,34945,,,-23.558008,-46.3996015,,,,2,2023-06-20T04:27:37+00:00
SAO_809A-10,São Paulo,3550308,True,,2069,,,-23.575936499999997,-46.775704000000005,,,,1,2023-06-20T04:27:18+00:00
SAO_809A-10,São Paulo,3550308,True,,2069,,,-23.5740595,-46.7797575,,,,1,2023-06-20T04:27:37+00:00
SAO_809A-10,São Paulo,3550308,True,,2069,,,-23.571101,-46.698893999999996,,,,1,2023-06-20T04:27:21+00:00
SAO_5290-10,São Paulo,3550308,True,,33365,,,-23.635151,-46.6415255,,,,2,2023-06-20T04:27:21+00:00
SAO_5290-10,São Paulo,3550308,True,,33365,,,-23.680952499999997,-46.636174499999996,,,,2,2023-06-20T04:27:30+00:00
SAO_5290-10,São Paulo,3550308,True,,33365,,,-23.5495235,-46.633815999999996,,,,2,2023-06-20T04:27:35+00:00
SAO_5290-10,São Paulo,3550308,True,,33365,,,-23.59326775,-46.6366685,,,,2,2023-06-20T04:27:09+00:00
SAO_475R-10,São Paulo,3550308,True,,344,,,-23.653515499999997,-46.6133435,,,,1,2023-06-20T04:23:44+00:00
SAO_475R-10,São Paulo,3550308,True,,344,,,-23.65282,-46.607729000000006,,,,1,2023-06-20T04:27:09+00:00
SAO_475R-10,São Paulo,3550308,True,,344,,,-23.65282,-46.607729000000006,,,,1,2023-06-20T04:27:09+00:00
SAO_475R-10,São Paulo,3550308,True,,344,,,-23.65282,-46.607729000000006,,,,1,2023-06-20T04:26:35+00:00
SAO_475R-10,São Paulo,3550308,True,,344,,,-23.65282,-46.607729000000006,,,,1,2023-06-20T04:27:16+00:00
SAO_475R-10,São Paulo,3550308,True,,344,,,-23.65282,-46.607729000000006,,,,1,2023-06-20T04:27:19+00:00
SAO_475R-10,São Paulo,3550308,True,,344,,,-23.65282,-46.607729000000006,,,,1,2023-06-20T04:26:41+00:00
SAO_475R-10,São Paulo,3550308,True,,344,,,-23.5483165,-46.631486499999994,,,,1,2023-06-20T04:27:32+00:00
SAO_475R-10,São Paulo,3550308,True,,344,,,-23.65282,-46.607729000000006,,,,1,2023-06-20T04:27:11+00:00
SAO_475R-10,São Paulo,3550308,True,,344,,,-23.65282,-46.607729000000006,,,,1,2023-06-20T04:27:23+00:00
SAO_475R-10,São Paulo,3550308,True,,344,,,-23.587133,-46.648225,,,,1,2023-06-20T04:27:39+00:00
SAO_6118-10,São Paulo,3550308,True,,33956,,,-23.7454705,-46.704201,,,,2,2023-06-20T04:27:11+00:00
SAO_6118-10,São Paulo,3550308,True,,33956,,,-23.689815000000003,-46.701563750000005,,,,2,2023-06-20T04:27:33+00:00
SAO_6118-10,São Paulo,3550308,True,,33956,,,-23.727169500000002,-46.713502000000005,,,,2,2023-06-20T04:27:00+00:00
SAO_6118-10,São Paulo,3550308,True,,33956,,,-23.752540500000002,-46.7027275,,,,2,2023-06-20T04:27:30+00:00
SAO_695X-22,São Paulo,3550308,True,,1621,,,-23.7667585,-46.71704,,,,1,2023-06-20T04:27:31+00:00
SAO_695X-22,São Paulo,3550308,True,,1621,,,-23.7667585,-46.71704,,,,1,2023-06-20T04:27:09+00:00
SAO_807A-10,São Paulo,3550308,True,,1900,,,-23.644211,-46.764215,,,,1,2023-06-20T04:27:13+00:00
SAO_807A-10,São Paulo,3550308,True,,1900,,,-23.6409265,-46.766452,,,,1,2023-06-20T04:27:21+00:00
SAO_4709-10,São Paulo,3550308,True,,333,,,-23.653377,-46.6069295,,,,1,2023-06-20T04:27:12+00:00
SAO_4709-10,São Paulo,3550308,True,,333,,,-23.6026475,-46.61672525,,,,1,2023-06-20T04:27:10+00:00
SAO_4709-10,São Paulo,3550308,True,,333,,,-23.653377,-46.6069295,,,,1,2023-06-20T04:27:08+00:00
SAO_4709-10,São Paulo,3550308,True,,333,,,-23.653377,-46.6069295,,,,1,2023-06-20T04:26:57+00:00
SAO_7181-10,São Paulo,3550308,True,,1332,,,-23.585817499999997,-46.687672,,,,1,2023-06-20T04:27:04+00:00
SAO_9789-10,São Paulo,3550308,True,,33597,,,-23.492164000000002,-46.684978,,,,2,2023-06-20T04:27:00+00:00
SAO_9789-10,São Paulo,3550308,True,,33597,,,-23.4650045,-46.7001085,,,,2,2023-06-20T04:27:04+00:00
SAO_574R-10,São Paulo,3550308,True,,34391,,,-23.57389375,-46.557759250000004,,,,2,2023-06-20T04:27:16+00:00
SAO_574R-10,São Paulo,3550308,True,,34391,,,-23.6148725,-46.502408,,,,2,2023-06-20T04:27:19+00:00
SAO_4314-10,São Paulo,3550308,True,,2174,,,-23.5475805,-46.6299695,,,,1,2023-06-20T04:27:19+00:00
SAO_4314-10,São Paulo,3550308,True,,2174,,,-23.570152999999998,-46.399163,,,,1,2023-06-20T04:27:08+00:00
SAO_4314-10,São Paulo,3550308,True,,2174,,,-23.5513675,-46.624814,,,,1,2023-06-20T04:27:02+00:00
SAO_4314-10,São Paulo,3550308,True,,2174,,,-23.556112499999998,-46.445684,,,,1,2023-06-20T04:27:01+00:00
SAO_4314-10,São Paulo,3550308,True,,2174,,,-23.549668,-46.5014635,,,,1,2023-06-20T04:27:11+00:00
SAO_7012-10,São Paulo,3550308,True,,2043,,,-23.695859,-46.779673,,,,1,2023-06-20T04:27:07+00:00
SAO_7012-10,São Paulo,3550308,True,,2043,,,-23.66813,-46.735502499999996,,,,1,2023-06-20T04:27:04+00:00
SAO_675R-10,São Paulo,3550308,True,,109,,,-23.640195499999997,-46.6736925,,,,1,2023-06-20T04:27:36+00:00
SAO_517J-10,São Paulo,3550308,True,,33897,,,-23.6742275,-46.663416999999995,,,,2,2023-06-20T04:26:57+00:00
SAO_517J-10,São Paulo,3550308,True,,33897,,,-23.6152275,-46.6936945,,,,2,2023-06-20T04:27:24+00:00
SAO_517J-10,São Paulo,3550308,True,,33897,,,-23.626573999999998,-46.687216500000005,,,,2,2023-06-20T04:27:17+00:00
SAO_517J-10,São Paulo,3550308,True,,33897,,,-23.6911125,-46.656583499999996,,,,2,2023-06-20T04:27:08+00:00
SAO_517J-10,São Paulo,3550308,True,,33897,,,-23.65007525,-46.677452625,,,,2,2023-06-20T04:27:15+00:00
SAO_2551-10,São Paulo,3550308,True,EMTU,141,https://moovitapp.com/index/pt-br/transporte_p%C3%BAblico-line-141-Sao_Paulo-242-2038937-36419292-0,8.15,-23.517939,-46.475913500000004,,,,1,2023-06-20T04:27:22+00:00
SAO_2551-10,São Paulo,3550308,True,EMTU,141,https://moovitapp.com/index/pt-br/transporte_p%C3%BAblico-line-141-Sao_Paulo-242-2038937-36419292-0,8.15,-23.5149475,-46.476577125,,,,1,2023-06-20T04:27:38+00:00
SAO_2551-10,São Paulo,3550308,True,EMTU,141,https://moovitapp.com/index/pt-br/transporte_p%C3%BAblico-line-141-Sao_Paulo-242-2038937-36419292-0,8.15,-23.5382745,-46.601580999999996,,,,1,2023-06-20T04:27:06+00:00
SAO_2551-10,São Paulo,3550308,True,EMTU,141,https://moovitapp.com/index/pt-br/transporte_p%C3%BAblico-line-141-Sao_Paulo-242-2038937-36419292-0,8.15,-23.4961045,-46.5111085,,,,1,2023-06-20T04:27:19+00:00
SAO_2551-10,São Paulo,3550308,True,EMTU,141,https://moovitapp.com/index/pt-br/transporte_p%C3%BAblico-line-141-Sao_Paulo-242-2038937-36419292-0,8.15,-23.533329000000002,-46.564655,,,,1,2023-06-20T04:27:20+00:00
SAO_917M-10,São Paulo,3550308,True,,34134,,,-23.501903249999998,-46.686383500000005,,,,2,2023-06-20T04:27:06+00:00
SAO_917M-10,São Paulo,3550308,True,,34134,,,-23.530864625,-46.660940125,,,,2,2023-06-20T04:27:10+00:00
SAO_917M-10,São Paulo,3550308,True,,34134,,,-23.499109750000002,-46.693485,,,,2,2023-06-20T04:27:38+00:00
SAO_917M-10,São Paulo,3550308,True,,34134,,,-23.5740945,-46.642083125,,,,2,2023-06-20T04:26:58+00:00
SAO_407K-10,São Paulo,3550308,True,,2168,,,-23.5349515,-46.548904500000006,,,,1,2023-06-20T04:27:36+00:00
SAO_407K-10,São Paulo,3550308,True,,2168,,,-23.60563525,-46.47994,,,,1,2023-06-20T04:27:00+00:00
SAO_407K-10,São Paulo,3550308,True,,2168,,,-23.613653,-46.4766475,,,,1,2023-06-20T04:27:15+00:00
SAO_1709-10,São Paulo,3550308,True,,33619,,,-23.449205,-46.5946755,,,,2,2023-06-20T04:25:55+00:00
SAO_1709-10,São Paulo,3550308,True,,33619,,,-23.4583385,-46.6024095,,,,2,2023-06-20T04:27:29+00:00
SAO_1709-10,São Paulo,3550308,True,,33619,,,-23.479985,-46.603936000000004,,,,2,2023-06-20T04:27:16+00:00
SAO_1709-10,São Paulo,3550308,True,,33619,,,-23.440297,-46.582392999999996,,,,2,2023-06-20T04:23:57+00:00
SAO_1709-10,São Paulo,3550308,True,,33619,,,-23.479985,-46.603936000000004,,,,2,2023-06-20T04:27:27+00:00
SAO_1709-10,São Paulo,3550308,True,,33619,,,-23.440907,-46.5816925,,,,2,2023-06-20T04:26:56+00:00
SAO_271C-10,São Paulo,3550308,True,,33450,,,-23.523229999999998,-46.583715,,,,2,2023-06-20T04:26:59+00:00
SAO_271C-10,São Paulo,3550308,True,,33450,,,-23.524399,-46.583596,,,,2,2023-06-20T04:27:33+00:00
SAO_271C-10,São Paulo,3550308,True,,33450,,,-23.5290715,-46.631384,,,,2,2023-06-20T04:27:10+00:00
SAO_271C-10,São Paulo,3550308,True,,33450,,,-23.494804000000002,-46.58346025,,,,2,2023-06-20T04:26:17+00:00
SAO_8000-10,São Paulo,3550308,True,,34041,,,-23.523056500000003,-46.68789162499999,,,,2,2023-06-20T04:27:26+00:00
SAO_8000-10,São Paulo,3550308,True,,34041,,,-23.5331495,-46.65650675,,,,2,2023-06-20T04:27:09+00:00
SAO_8000-10,São Paulo,3550308,True,,34041,,,-23.522999499999997,-46.688287875,,,,2,2023-06-20T04:27:36+00:00
SAO_8000-10,São Paulo,3550308,True,,34041,,,-23.542474749999997,-46.64009975,,,,2,2023-06-20T04:27:31+00:00
SAO_4055-10,São Paulo,3550308,True,,2447,,,-23.552409750000002,-46.417752,,,,1,2023-06-20T04:25:54+00:00
SAO_4055-10,São Paulo,3550308,True,,2447,,,-23.5430895,-46.416463,,,,1,2023-06-20T04:27:23+00:00
SAO_6036-10,São Paulo,3550308,True,,33982,,,-23.659761125,-46.773871,,,,2,2023-06-20T04:27:20+00:00
SAO_6036-10,São Paulo,3550308,True,,33982,,,-23.646119,-46.7853245,,,,2,2023-06-20T04:27:04+00:00
SAO_6036-10,São Paulo,3550308,True,,33982,,,-23.65385975,-46.79008575,,,,2,2023-06-20T04:27:26+00:00
SAO_6036-10,São Paulo,3550308,True,,33982,,,-23.6522915,-46.791643,,,,2,2023-06-20T04:27:26+00:00
SAO_6036-10,São Paulo,3550308,True,,33982,,,-23.64450025,-46.7264155,,,,2,2023-06-20T04:27:43+00:00
SAO_957T-10,São Paulo,3550308,True,,464,,,-23.4873705,-46.692814,,,,1,2023-06-20T04:26:58+00:00
SAO_957T-10,São Paulo,3550308,True,,464,,,-23.586395500000002,-46.682653,,,,1,2023-06-20T04:26:57+00:00
SAO_957T-10,São Paulo,3550308,True,,464,,,-23.554117750000003,-46.70833525,,,,1,2023-06-20T04:27:34+00:00
SAO_957T-10,São Paulo,3550308,True,,464,,,-23.4560315,-46.69215199999999,,,,1,2023-06-20T04:27:24+00:00
SAO_957T-10,São Paulo,3550308,True,,464,,,-23.517471999999998,-46.7051865,,,,1,2023-06-20T04:27:12+00:00
SAO_957T-10,São Paulo,3550308,True,,464,,,-23.59616325,-46.691351,,,,1,2023-06-20T04:27:38+00:00
SAO_7004-10,São Paulo,3550308,True,,34760,,,-23.727213,-46.7863825,,,,2,2023-06-20T04:26:57+00:00
SAO_7004-10,São Paulo,3550308,True,,34760,,,-23.74156775,-46.8004435,,,,2,2023-06-20T04:27:21+00:00
SAO_7004-10,São Paulo,3550308,True,,34760,,,-23.659469875,-46.725195062500006,,,,2,2023-06-20T04:27:28+00:00
SAO_7004-10,São Paulo,3550308,True,,34760,,,-23.731146000000003,-46.785866999999996,,,,2,2023-06-20T04:27:18+00:00
SAO_7004-10,São Paulo,3550308,True,,34760,,,-23.741766,-46.8007565,,,,2,2023-06-20T04:27:09+00:00
SAO_7004-10,São Paulo,3550308,True,,34760,,,-23.6905325,-46.774566500000006,,,,2,2023-06-20T04:26:52+00:00
SAO_7004-10,São Paulo,3550308,True,,34760,,,-23.741766,-46.8007565,,,,2,2023-06-20T04:26:59+00:00
SAO_7004-10,São Paulo,3550308,True,,34760,,,-23.655639,-46.722901,,,,2,2023-06-20T04:27:26+00:00
SAO_5175-10,São Paulo,3550308,True,,33361,,,-23.5505945,-46.635301,,,,2,2023-06-20T04:27:20+00:00
SAO_5175-10,São Paulo,3550308,True,,33361,,,-23.5505945,-46.635301,,,,2,2023-06-20T04:26:56+00:00
SAO_5175-10,São Paulo,3550308,True,,33361,,,-23.5505945,-46.635301,,,,2,2023-06-20T04:26:41+00:00
SAO_5175-10,São Paulo,3550308,True,,33361,,,-23.667,-46.675113499999995,,,,2,2023-06-20T04:27:37+00:00
SAO_5175-10,São Paulo,3550308,True,,33361,,,-23.5505945,-46.635301,,,,2,2023-06-20T04:24:30+00:00
SAO_5175-10,São Paulo,3550308,True,,33361,,,-23.5505945,-46.635301,,,,2,2023-06-20T04:26:48+00:00
SAO_5175-10,São Paulo,3550308,True,,33361,,,-23.62366025,-46.66175425,,,,2,2023-06-20T04:27:34+00:00
SAO_5175-10,São Paulo,3550308,True,,33361,,,-23.5505945,-46.635301,,,,2,2023-06-20T04:27:05+00:00
SAO_5175-10,São Paulo,3550308,True,,33361,,,-23.5505945,-46.635301,,,,2,2023-06-20T04:26:59+00:00
SAO_5175-10,São Paulo,3550308,True,,33361,,,-23.5505945,-46.635301,,,,2,2023-06-20T04:27:32+00:00
SAO_5175-10,São Paulo,3550308,True,,33361,,,-23.582401500000003,-46.657236,,,,2,2023-06-20T04:27:30+00:00
SAO_5175-10,São Paulo,3550308,True,,33361,,,-23.5505945,-46.635301,,,,2,2023-06-20T04:27:24+00:00
SAO_5175-10,São Paulo,3550308,True,,33361,,,-23.676828,-46.65915525,,,,2,2023-06-20T04:23:32+00:00
SAO_5175-10,São Paulo,3550308,True,,33361,,,-23.6885575,-46.6431125,,,,2,2023-06-20T04:24:50+00:00
SAO_5175-10,São Paulo,3550308,True,,33361,,,-23.5505945,-46.635301,,,,2,2023-06-20T04:26:54+00:00
SAO_5175-10,São Paulo,3550308,True,,33361,,,-23.5505945,-46.635301,,,,2,2023-06-20T04:26:39+00:00
SAO_5175-10,São Paulo,3550308,True,,33361,,,-23.553324625000002,-46.63820749999999,,,,2,2023-06-20T04:27:32+00:00
SAO_5175-10,São Paulo,3550308,True,,33361,,,-23.5505945,-46.635301,,,,2,2023-06-20T04:27:28+00:00
SAO_5175-10,São Paulo,3550308,True,,33361,,,-23.5505945,-46.635301,,,,2,2023-06-20T04:27:14+00:00
SAO_5175-10,São Paulo,3550308,True,,33361,,,-23.5505945,-46.635301,,,,2,2023-06-20T04:27:16+00:00
SAO_5175-10,São Paulo,3550308,True,,33361,,,-23.5505945,-46.635301,,,,2,2023-06-20T04:27:37+00:00
SAO_2290-10,São Paulo,3550308,True,,718,,,-23.542234999999998,-46.5484465,,,,1,2023-06-20T04:27:08+00:00
SAO_2290-10,São Paulo,3550308,True,,718,,,-23.547271000000002,-46.540456875000004,,,,1,2023-06-20T04:27:41+00:00
SAO_2290-10,São Paulo,3550308,True,,718,,,-23.550228,-46.6422055,,,,1,2023-06-20T04:27:33+00:00
SAO_2290-10,São Paulo,3550308,True,,718,,,-23.544152,-46.622718250000005,,,,1,2023-06-20T04:27:36+00:00
SAO_2290-10,São Paulo,3550308,True,,718,,,-23.535067249999997,-46.5773525,,,,1,2023-06-20T04:27:29+00:00
SAO_2290-10,São Paulo,3550308,True,,718,,,-23.540769875000002,-46.638364624999994,,,,1,2023-06-20T04:27:34+00:00
SAO_2290-10,São Paulo,3550308,True,,718,,,-23.540216,-46.61209975,,,,1,2023-06-20T04:27:38+00:00
SAO_2290-10,São Paulo,3550308,True,,718,,,-23.553845,-46.527522000000005,,,,1,2023-06-20T04:27:15+00:00
SAO_2290-10,São Paulo,3550308,True,,718,,,-23.5958945,-46.487543125,,,,1,2023-06-20T04:27:19+00:00
SAO_2290-10,São Paulo,3550308,True,,718,,,-23.537573000000002,-46.596209375,,,,1,2023-06-20T04:27:33+00:00
SAO_2290-10,São Paulo,3550308,True,,718,,,-23.553631250000002,-46.527705749999996,,,,1,2023-06-20T04:27:40+00:00
SAO_2290-10,São Paulo,3550308,True,,718,,,-23.544759749999997,-46.62593625,,,,1,2023-06-20T04:27:03+00:00
SAO_2290-10,São Paulo,3550308,True,,718,,,-23.5926885625,-46.4887616875,,,,1,2023-06-20T04:27:21+00:00
SAO_2290-10,São Paulo,3550308,True,,718,,,-23.546333,-46.542565,,,,1,2023-06-20T04:27:28+00:00
SAO_2290-10,São Paulo,3550308,True,,718,,,-23.6131955,-46.476123,,,,1,2023-06-20T04:27:27+00:00
SAO_2290-10,São Paulo,3550308,True,,718,,,-23.5580635,-46.522337500000006,,,,1,2023-06-20T04:27:37+00:00
SAO_2290-10,São Paulo,3550308,True,,718,,,-23.575964499999998,-46.50420025,,,,1,2023-06-20T04:27:31+00:00
SAO_2290-10,São Paulo,3550308,True,,718,,,-23.5455275,-46.63154,,,,1,2023-06-20T04:27:35+00:00
SAO_2290-10,São Paulo,3550308,True,,718,,,-23.6051385,-46.480371500000004,,,,1,2023-06-20T04:27:36+00:00
SAO_2290-10,São Paulo,3550308,True,,718,,,-23.6131955,-46.476123,,,,1,2023-06-20T04:27:02+00:00
SAO_2290-10,São Paulo,3550308,True,,718,,,-23.596332500000003,-46.487379625,,,,1,2023-06-20T04:27:18+00:00
SAO_2290-10,São Paulo,3550308,True,,718,,,-23.611961,-46.4750065,,,,1,2023-06-20T04:27:09+00:00
SAO_2290-10,São Paulo,3550308,True,,718,,,-23.558199000000002,-46.522121,,,,1,2023-06-20T04:27:25+00:00
SAO_2290-10,São Paulo,3550308,True,,718,,,-23.550302000000002,-46.6316285,,,,1,2023-06-20T04:27:36+00:00
SAO_2290-10,São Paulo,3550308,True,,718,,,-23.535292,-46.575307249999994,,,,1,2023-06-20T04:27:36+00:00
SAO_2290-10,São Paulo,3550308,True,,718,,,-23.552298999999998,-46.529227,,,,1,2023-06-20T04:27:40+00:00
SAO_2290-10,São Paulo,3550308,True,,718,,,-23.544759749999997,-46.62593625,,,,1,2023-06-20T04:27:15+00:00
SAO_2290-10,São Paulo,3550308,True,,718,,,-23.547271000000002,-46.540456875000004,,,,1,2023-06-20T04:27:23+00:00
SAO_3023-10,São Paulo,3550308,True,,33728,,,-23.564069,-46.5051995,,,,2,2023-06-20T04:27:29+00:00
SAO_3023-10,São Paulo,3550308,True,,33728,,,-23.6242825,-46.471508,,,,2,2023-06-20T04:27:23+00:00
SAO_3023-10,São Paulo,3550308,True,,33728,,,-23.56879,-46.504977,,,,2,2023-06-20T04:27:37+00:00
SAO_3023-10,São Paulo,3550308,True,,33728,,,-23.564069,-46.5051995,,,,2,2023-06-20T04:27:29+00:00
SAO_5110-10,São Paulo,3550308,True,,34977,,,-23.5897515,-46.5441585,,,,2,2023-06-20T04:27:40+00:00
SAO_5110-10,São Paulo,3550308,True,,34977,,,-23.589095,-46.5446485,,,,2,2023-06-20T04:27:10+00:00
SAO_5110-10,São Paulo,3550308,True,,34977,,,-23.6141145,-46.476496999999995,,,,2,2023-06-20T04:27:39+00:00
SAO_5110-10,São Paulo,3550308,True,,34977,,,-23.6141145,-46.476496999999995,,,,2,2023-06-20T04:27:10+00:00
SAO_5110-10,São Paulo,3550308,True,,34977,,,-23.5842685,-46.5859355,,,,2,2023-06-20T04:27:37+00:00
SAO_5110-10,São Paulo,3550308,True,,34977,,,-23.6141145,-46.476496999999995,,,,2,2023-06-20T04:27:25+00:00
SAO_5110-10,São Paulo,3550308,True,,34977,,,-23.547036,-46.628932,,,,2,2023-06-20T04:27:04+00:00
SAO_5110-10,São Paulo,3550308,True,,34977,,,-23.582880250000002,-46.567113375000005,,,,2,2023-06-20T04:27:39+00:00
SAO_5110-10,São Paulo,3550308,True,,34977,,,-23.6141145,-46.476496999999995,,,,2,2023-06-20T04:27:39+00:00
SAO_5110-10,São Paulo,3550308,True,,34977,,,-23.613113,-46.492546,,,,2,2023-06-20T04:27:29+00:00
SAO_573A-10,São Paulo,3550308,True,,34405,,,-23.596104500000003,-46.569664,,,,2,2023-06-20T04:26:58+00:00
SAO_573A-10,São Paulo,3550308,True,,34405,,,-23.5470055,-46.606573499999996,,,,2,2023-06-20T04:26:07+00:00
SAO_7040-10,São Paulo,3550308,True,,33544,,,-23.566599,-46.6943735,,,,2,2023-06-20T04:27:25+00:00
SAO_7040-10,São Paulo,3550308,True,,33544,,,-23.623783500000002,-46.727943999999994,,,,2,2023-06-20T04:27:30+00:00
SAO_7040-10,São Paulo,3550308,True,,33544,,,-23.616095,-46.7209925,,,,2,2023-06-20T04:27:13+00:00
SAO_7040-10,São Paulo,3550308,True,,33544,,,-23.623826,-46.7272725,,,,2,2023-06-20T04:27:18+00:00
SAO_6500-10,São Paulo,3550308,True,,32814,,,-23.614648000000003,-46.679307,,,,2,2023-06-20T04:27:34+00:00
SAO_6500-10,São Paulo,3550308,True,,32814,,,-23.55969475,-46.654689,,,,2,2023-06-20T04:27:31+00:00
SAO_6500-10,São Paulo,3550308,True,,32814,,,-23.6345465,-46.69410675,,,,2,2023-06-20T04:27:33+00:00
SAO_6500-10,São Paulo,3550308,True,,32814,,,-23.653965999999997,-46.7093725,,,,2,2023-06-20T04:27:41+00:00
SAO_6500-10,São Paulo,3550308,True,,32814,,,-23.550008499999997,-46.639132000000004,,,,2,2023-06-20T04:27:10+00:00
SAO_6500-10,São Paulo,3550308,True,,32814,,,-23.5706045,-46.6626015,,,,2,2023-06-20T04:27:33+00:00
SAO_771P-10,São Paulo,3550308,True,EMTU,506,https://moovitapp.com/index/pt-br/transporte_p%C3%BAblico-line-506-Sao_Paulo-242-2038937-36419528-0,5.65,-23.5938725,-46.785898,,,,1,2023-06-20T04:27:10+00:00
SAO_3721-10,São Paulo,3550308,True,,33787,,,-23.554825,-46.492258,,,,2,2023-06-20T04:27:12+00:00
SAO_3721-10,São Paulo,3550308,True,,33787,,,-23.563564,-46.5053905,,,,2,2023-06-20T04:27:40+00:00
SAO_3721-10,São Paulo,3550308,True,,33787,,,-23.564287,-46.50465749999999,,,,2,2023-06-20T04:27:20+00:00
SAO_3721-10,São Paulo,3550308,True,,33787,,,-23.549149,-46.483338,,,,2,2023-06-20T04:27:34+00:00
SAO_273J-10,São Paulo,3550308,True,,33157,,,-23.51543625,-46.485795499999995,,,,2,2023-06-20T04:26:12+00:00
SAO_273J-10,São Paulo,3550308,True,,33157,,,-23.480711,-46.3844675,,,,2,2023-06-20T04:26:33+00:00
SAO_273J-10,São Paulo,3550308,True,,33157,,,-23.479107999999997,-46.385157,,,,2,2023-06-20T04:27:10+00:00
SAO_273J-10,São Paulo,3550308,True,,33157,,,-23.479516375,-46.385100625,,,,2,2023-06-20T04:22:30+00:00
SAO_273J-10,São Paulo,3550308,True,,33157,,,-23.479006,-46.384915,,,,2,2023-06-20T04:27:27+00:00
SAO_273J-10,São Paulo,3550308,True,,33157,,,-23.51956225,-46.513329,,,,2,2023-06-20T04:27:37+00:00
SAO_273J-10,São Paulo,3550308,True,,33157,,,-23.4789165,-46.384702000000004,,,,2,2023-06-20T04:27:01+00:00
SAO_273J-10,São Paulo,3550308,True,,33157,,,-23.514915249999998,-46.49101525,,,,2,2023-06-20T04:27:37+00:00
SAO_8022-10,São Paulo,3550308,True,,2085,,,-23.5683355,-46.7398505,,,,1,2023-06-20T04:27:12+00:00
SAO_8022-10,São Paulo,3550308,True,,2085,,,-23.5681205,-46.740106999999995,,,,1,2023-06-20T03:15:34+00:00
SAO_8022-10,São Paulo,3550308,True,,2085,,,-23.5567645,-46.734277500000005,,,,1,2023-06-20T04:27:13+00:00
SAO_8022-10,São Paulo,3550308,True,,2085,,,-23.5618925,-46.724555375,,,,1,2023-06-20T04:27:29+00:00
SAO_3718-10,São Paulo,3550308,True,,33781,,,-23.5572305,-46.485318,,,,2,2023-06-20T04:27:06+00:00
SAO_3718-10,São Paulo,3550308,True,,33781,,,-23.541107,-46.4847105,,,,2,2023-06-20T04:27:09+00:00
SAO_3718-10,São Paulo,3550308,True,,33781,,,-23.541107,-46.4847105,,,,2,2023-06-20T04:27:09+00:00
SAO_3718-10,São Paulo,3550308,True,,33781,,,-23.5488365,-46.4832945,,,,2,2023-06-20T04:27:18+00:00
SAO_6960-10,São Paulo,3550308,True,,1443,,,-23.753992,-46.7115295,,,,1,2023-06-20T04:27:18+00:00
SAO_6960-10,São Paulo,3550308,True,,1443,,,-23.667544999999997,-46.711959,,,,1,2023-06-20T04:27:40+00:00
SAO_6960-10,São Paulo,3550308,True,,1443,,,-23.767560000000003,-46.7161905,,,,1,2023-06-20T04:27:19+00:00
SAO_8015-10,São Paulo,3550308,True,,1345,,,-23.4347065,-46.7185945,,,,1,2023-06-20T04:27:40+00:00
SAO_8015-10,São Paulo,3550308,True,,1345,,,-23.474055,-46.714223000000004,,,,1,2023-06-20T04:27:04+00:00
SAO_5131-10,São Paulo,3550308,True,,1282,,,-23.579782,-46.66268,,,,1,2023-06-20T04:27:05+00:00
SAO_5131-10,São Paulo,3550308,True,,1282,,,-23.660951,-46.663951,,,,1,2023-06-20T04:27:17+00:00
SAO_4031-10,São Paulo,3550308,True,,33869,,,-23.5938735,-46.55299375,,,,2,2023-06-20T04:27:07+00:00
SAO_4031-10,São Paulo,3550308,True,,33869,,,-23.614278,-46.5171455,,,,2,2023-06-20T04:27:16+00:00
SAO_4031-10,São Paulo,3550308,True,,33869,,,-23.595105,-46.5825725,,,,2,2023-06-20T04:23:09+00:00
SAO_746P-10,São Paulo,3550308,True,,788,,,-23.6190105,-46.722972999999996,,,,1,2023-06-20T04:27:29+00:00
SAO_746P-10,São Paulo,3550308,True,,788,,,-23.62777075,-46.73582825,,,,1,2023-06-20T04:27:07+00:00
SAO_746P-10,São Paulo,3550308,True,,788,,,-23.64209925,-46.710427499999994,,,,1,2023-06-20T04:27:37+00:00
SAO_746P-10,São Paulo,3550308,True,,788,,,-23.619131000000003,-46.732777125,,,,1,2023-06-20T04:27:05+00:00
SAO_917M-10,São Paulo,3550308,True,,1366,,,-23.507158750000002,-46.67135625,,,,1,2023-06-20T04:27:06+00:00
SAO_917M-10,São Paulo,3550308,True,,1366,,,-23.5611995,-46.65686025,,,,1,2023-06-20T04:27:25+00:00
SAO_917M-10,São Paulo,3550308,True,,1366,,,-23.471259500000002,-46.706211499999995,,,,1,2023-06-20T04:27:21+00:00
SAO_917M-10,São Paulo,3550308,True,,1366,,,-23.471259500000002,-46.706211499999995,,,,1,2023-06-20T04:27:39+00:00
SAO_374V-10,São Paulo,3550308,True,,34415,,,-23.532367,-46.45353425,,,,2,2023-06-20T04:27:19+00:00
SAO_374V-10,São Paulo,3550308,True,,34415,,,-23.5116805,-46.454798749999995,,,,2,2023-06-20T04:26:59+00:00
SAO_374V-10,São Paulo,3550308,True,,34415,,,-23.5263255,-46.452581,,,,2,2023-06-20T04:27:09+00:00
SAO_374V-10,São Paulo,3550308,True,,34415,,,-23.518345500000002,-46.45482025,,,,2,2023-06-20T04:26:58+00:00
SAO_374V-10,São Paulo,3550308,True,,34415,,,-23.5263255,-46.452581,,,,2,2023-06-20T04:26:57+00:00
SAO_374V-10,São Paulo,3550308,True,,34415,,,-23.511018999999997,-46.4545,,,,2,2023-06-20T04:27:03+00:00
SAO_374V-10,São Paulo,3550308,True,,34415,,,-23.511004999999997,-46.4543005,,,,2,2023-06-20T04:27:07+00:00
SAO_351F-10,São Paulo,3550308,True,,687,,,-23.5426195,-46.575008499999996,,,,1,2023-06-20T04:27:21+00:00
SAO_351F-10,São Paulo,3550308,True,,687,,,-23.480576499999998,-46.5718355,,,,1,2023-06-20T04:27:33+00:00
SAO_351F-10,São Paulo,3550308,True,,687,,,-23.461732,-46.5828865,,,,1,2023-06-20T04:27:36+00:00
SAO_351F-10,São Paulo,3550308,True,,687,,,-23.5577635,-46.522865499999995,,,,1,2023-06-20T04:27:13+00:00
SAO_351F-10,São Paulo,3550308,True,,687,,,-23.57220375,-46.5270605,,,,1,2023-06-20T04:27:37+00:00
SAO_695H-10,São Paulo,3550308,True,,33964,,,-23.658759,-46.698775999999995,,,,2,2023-06-20T04:27:41+00:00
SAO_695H-10,São Paulo,3550308,True,,33964,,,-23.667817999999997,-46.689739,,,,2,2023-06-20T04:26:58+00:00
SAO_695H-10,São Paulo,3550308,True,,33964,,,-23.78837,-46.715108,,,,2,2023-06-20T04:27:30+00:00
SAO_695H-10,São Paulo,3550308,True,,33964,,,-23.78837,-46.715108,,,,2,2023-06-20T04:27:11+00:00
SAO_695H-10,São Paulo,3550308,True,,33964,,,-23.767345,-46.723471,,,,2,2023-06-20T04:25:22+00:00
SAO_273N-10,São Paulo,3550308,True,EMTU,390,https://moovitapp.com/index/pt-br/transporte_p%C3%BAblico-line-390-Sao_Paulo-242-2038937-36419459-0,5.45,-23.50352575,-46.367709500000004,,,,1,2023-06-20T04:27:20+00:00
SAO_273N-10,São Paulo,3550308,True,EMTU,390,https://moovitapp.com/index/pt-br/transporte_p%C3%BAblico-line-390-Sao_Paulo-242-2038937-36419459-0,5.45,-23.5043555,-46.36771400000001,,,,1,2023-06-20T04:27:09+00:00
SAO_273N-10,São Paulo,3550308,True,EMTU,390,https://moovitapp.com/index/pt-br/transporte_p%C3%BAblico-line-390-Sao_Paulo-242-2038937-36419459-0,5.45,-23.513562,-46.445895,,,,1,2023-06-20T04:27:02+00:00
SAO_273N-10,São Paulo,3550308,True,EMTU,390,https://moovitapp.com/index/pt-br/transporte_p%C3%BAblico-line-390-Sao_Paulo-242-2038937-36419459-0,5.45,-23.50409475,-46.3667925,,,,1,2023-06-20T04:27:18+00:00
SAO_273N-10,São Paulo,3550308,True,EMTU,390,https://moovitapp.com/index/pt-br/transporte_p%C3%BAblico-line-390-Sao_Paulo-242-2038937-36419459-0,5.45,-23.5177679375,-46.523189875,,,,1,2023-06-20T04:27:34+00:00
SAO_273N-10,São Paulo,3550308,True,EMTU,390,https://moovitapp.com/index/pt-br/transporte_p%C3%BAblico-line-390-Sao_Paulo-242-2038937-36419459-0,5.45,-23.494880000000002,-46.405544,,,,1,2023-06-20T04:27:33+00:00
SAO_3722-10,São Paulo,3550308,True,,33788,,,-23.550883,-46.4633385,,,,2,2023-06-20T04:27:42+00:00
SAO_4310-10,São Paulo,3550308,True,,2160,,,-23.534623,-46.4529845,,,,1,2023-06-20T04:27:33+00:00
SAO_4310-10,São Paulo,3550308,True,,2160,,,-23.535216,-46.4541105,,,,1,2023-06-20T04:27:13+00:00
SAO_4310-10,São Paulo,3550308,True,,2160,,,-23.542984,-46.47068,,,,1,2023-06-20T04:27:32+00:00
SAO_4310-10,São Paulo,3550308,True,,2160,,,-23.547369,-46.630520000000004,,,,1,2023-06-20T04:27:10+00:00
SAO_4310-10,São Paulo,3550308,True,,2160,,,-23.5471,-46.630703999999994,,,,1,2023-06-20T04:27:15+00:00
SAO_4310-10,São Paulo,3550308,True,,2160,,,-23.5316465,-46.5224985,,,,1,2023-06-20T04:27:14+00:00
SAO_4310-10,São Paulo,3550308,True,,2160,,,-23.543466375,-46.590280875,,,,1,2023-06-20T04:27:00+00:00
SAO_4310-10,São Paulo,3550308,True,,2160,,,-23.535216,-46.4541105,,,,1,2023-06-20T04:27:24+00:00
SAO_4310-10,São Paulo,3550308,True,,2160,,,-23.535216,-46.4541105,,,,1,2023-06-20T04:27:39+00:00
SAO_4310-10,São Paulo,3550308,True,,2160,,,-23.552766000000002,-46.614741499999994,,,,1,2023-06-20T04:27:27+00:00
SAO_4310-10,São Paulo,3550308,True,,2160,,,-23.5349729375,-46.5491203125,,,,1,2023-06-20T04:27:22+00:00
SAO_189L-10,São Paulo,3550308,True,,35218,,,-23.51377175,-46.7025705,,,,2,2023-06-20T04:27:13+00:00
SAO_189L-10,São Paulo,3550308,True,,35218,,,-23.487222250000002,-46.7106,,,,2,2023-06-20T04:27:26+00:00
SAO_2708-10,São Paulo,3550308,True,,921,,,-23.52245275,-46.422414,,,,1,2023-06-20T04:26:45+00:00
SAO_2708-10,São Paulo,3550308,True,,921,,,-23.542396,-46.4708055,,,,1,2023-06-20T04:27:22+00:00
SAO_2708-10,São Paulo,3550308,True,,921,,,-23.5424555,-46.471157500000004,,,,1,2023-06-20T04:27:13+00:00
SAO_2708-10,São Paulo,3550308,True,,921,,,-23.533921499999998,-46.399558999999996,,,,1,2023-06-20T04:27:17+00:00
SAO_2708-10,São Paulo,3550308,True,,921,,,-23.5338625,-46.399665999999996,,,,1,2023-06-20T04:26:50+00:00
SAO_2708-10,São Paulo,3550308,True,,921,,,-23.5337795,-46.399814,,,,1,2023-06-20T04:26:58+00:00
SAO_7052-10,São Paulo,3550308,True,,34654,,,-23.6525575,-46.773193,,,,2,2023-06-20T04:27:13+00:00
SAO_7052-10,São Paulo,3550308,True,,34654,,,-23.652754,-46.773064500000004,,,,2,2023-06-20T04:27:20+00:00
SAO_7052-10,São Paulo,3550308,True,,34654,,,-23.6333635,-46.77333,,,,2,2023-06-20T04:27:00+00:00
SAO_7052-10,São Paulo,3550308,True,,34654,,,-23.651821499999997,-46.7738375,,,,2,2023-06-20T04:27:39+00:00
SAO_846M-10,São Paulo,3550308,True,,33190,,,-23.50283475,-46.760608500000004,,,,2,2023-06-20T04:27:29+00:00
SAO_846M-10,São Paulo,3550308,True,,33190,,,-23.531077,-46.713978,,,,2,2023-06-20T04:27:32+00:00
SAO_846M-10,São Paulo,3550308,True,,33190,,,-23.502658,-46.760932499999996,,,,2,2023-06-20T04:27:00+00:00
SAO_2666-10,São Paulo,3550308,True,EMTU,378,https://moovitapp.com/index/pt-br/transporte_p%C3%BAblico-line-378-Sao_Paulo-242-2038937-36419452-0,12.1,-23.494584,-46.425981500000006,,,,1,2023-06-20T04:27:26+00:00
SAO_2666-10,São Paulo,3550308,True,EMTU,378,https://moovitapp.com/index/pt-br/transporte_p%C3%BAblico-line-378-Sao_Paulo-242-2038937-36419452-0,12.1,-23.5183915,-46.39161300000001,,,,1,2023-06-20T04:26:58+00:00
SAO_2666-10,São Paulo,3550308,True,EMTU,378,https://moovitapp.com/index/pt-br/transporte_p%C3%BAblico-line-378-Sao_Paulo-242-2038937-36419452-0,12.1,-23.542247500000002,-46.61546725,,,,1,2023-06-20T04:26:58+00:00
SAO_2666-10,São Paulo,3550308,True,EMTU,378,https://moovitapp.com/index/pt-br/transporte_p%C3%BAblico-line-378-Sao_Paulo-242-2038937-36419452-0,12.1,-23.51828025,-46.3879975,,,,1,2023-06-20T04:27:13+00:00
SAO_2666-10,São Paulo,3550308,True,EMTU,378,https://moovitapp.com/index/pt-br/transporte_p%C3%BAblico-line-378-Sao_Paulo-242-2038937-36419452-0,12.1,-23.5071875,-46.485353,,,,1,2023-06-20T04:27:20+00:00
SAO_8686-10,São Paulo,3550308,True,EMTU,446,https://moovitapp.com/index/pt-br/transporte_p%C3%BAblico-line-446-Sao_Paulo-242-2038937-36419492-0,4.8,-23.525332,-46.683056125,,,,1,2023-06-20T04:27:34+00:00
SAO_8686-10,São Paulo,3550308,True,EMTU,446,https://moovitapp.com/index/pt-br/transporte_p%C3%BAblico-line-446-Sao_Paulo-242-2038937-36419492-0,4.8,-23.48722825,-46.7411355,,,,1,2023-06-20T04:27:12+00:00
SAO_7054-10,São Paulo,3550308,True,,32809,,,-23.651257,-46.7909195,,,,2,2023-06-20T04:27:28+00:00
SAO_5154-10,São Paulo,3550308,True,,33121,,,-23.608373500000003,-46.685677125000005,,,,2,2023-06-20T04:27:31+00:00
SAO_5154-10,São Paulo,3550308,True,,33121,,,-23.5346975,-46.6447725,,,,2,2023-06-20T04:27:34+00:00
SAO_5154-10,São Paulo,3550308,True,,33121,,,-23.568078999999997,-46.649365,,,,2,2023-06-20T04:27:10+00:00
SAO_5154-10,São Paulo,3550308,True,,33121,,,-23.637287999999998,-46.69878425,,,,2,2023-06-20T04:26:37+00:00
SAO_5391-10,São Paulo,3550308,True,EMTU,171,https://moovitapp.com/index/pt-br/transporte_p%C3%BAblico-line-171-Sao_Paulo-242-2038937-36419310-0,4.8,-23.6772705,-46.7589355,,,,1,2023-06-20T04:27:25+00:00
SAO_5391-10,São Paulo,3550308,True,EMTU,171,https://moovitapp.com/index/pt-br/transporte_p%C3%BAblico-line-171-Sao_Paulo-242-2038937-36419310-0,4.8,-23.643924624999997,-46.6998565,,,,1,2023-06-20T04:26:57+00:00
SAO_4017-10,São Paulo,3550308,True,,34958,,,-23.5903875,-46.407968749999995,,,,2,2023-06-20T04:27:21+00:00
SAO_4017-10,São Paulo,3550308,True,,34958,,,-23.5898185,-46.38252,,,,2,2023-06-20T04:23:13+00:00
SAO_4017-10,São Paulo,3550308,True,,34958,,,-23.600949999999997,-46.399390499999996,,,,2,2023-06-20T04:27:20+00:00
SAO_4017-10,São Paulo,3550308,True,,34958,,,-23.593941,-46.40614975,,,,2,2023-06-20T04:27:25+00:00
SAO_4017-10,São Paulo,3550308,True,,34958,,,-23.600365,-46.399919,,,,2,2023-06-20T04:27:21+00:00
SAO_3020-10,São Paulo,3550308,True,,958,,,-23.573259999999998,-46.496009,,,,1,2023-06-20T04:27:06+00:00
SAO_3020-10,São Paulo,3550308,True,,958,,,-23.556399499999998,-46.437355499999995,,,,1,2023-06-20T04:27:35+00:00
SAO_3020-10,São Paulo,3550308,True,,958,,,-23.535528,-46.4545035,,,,1,2023-06-20T04:27:26+00:00
SAO_5028-10,São Paulo,3550308,True,,1634,,,-23.57624,-46.602967,,,,1,2023-06-20T04:27:41+00:00
SAO_273G-10,São Paulo,3550308,True,,32991,,,-23.48150775,-46.41633925,,,,2,2023-06-20T04:27:34+00:00
SAO_273G-10,São Paulo,3550308,True,,32991,,,-23.4814875,-46.416049,,,,2,2023-06-20T04:27:01+00:00
SAO_273G-10,São Paulo,3550308,True,,32991,,,-23.481525249999997,-46.41659775,,,,2,2023-06-20T04:27:14+00:00
SAO_273G-10,São Paulo,3550308,True,,32991,,,-23.49155975,-46.44657925,,,,2,2023-06-20T04:27:25+00:00
SAO_273G-10,São Paulo,3550308,True,,32991,,,-23.5384885,-46.47931125,,,,2,2023-06-20T04:27:24+00:00
SAO_273G-10,São Paulo,3550308,True,,32991,,,-23.499526250000002,-46.468301249999996,,,,2,2023-06-20T04:26:38+00:00
SAO_273G-10,São Paulo,3550308,True,,32991,,,-23.481565500000002,-46.41721375,,,,2,2023-06-20T04:27:11+00:00
SAO_273G-10,São Paulo,3550308,True,,32991,,,-23.48150775,-46.41633925,,,,2,2023-06-20T04:27:38+00:00
SAO_273G-10,São Paulo,3550308,True,,32991,,,-23.494137000000002,-46.45074150000001,,,,2,2023-06-20T04:27:02+00:00
SAO_778J-10,São Paulo,3550308,True,,33276,,,-23.569195999999998,-46.7148105,,,,2,2023-06-20T04:27:39+00:00
SAO_778J-10,São Paulo,3550308,True,,33276,,,-23.586923,-46.7897105,,,,2,2023-06-20T04:27:39+00:00
SAO_778J-10,São Paulo,3550308,True,,33276,,,-23.586923,-46.7897105,,,,2,2023-06-20T04:27:18+00:00
SAO_6042-10,São Paulo,3550308,True,,1219,,,-23.672669,-46.7646945,,,,1,2023-06-20T04:27:39+00:00
SAO_6042-10,São Paulo,3550308,True,,1219,,,-23.66759,-46.773078,,,,1,2023-06-20T04:27:30+00:00
SAO_6042-10,São Paulo,3550308,True,,1219,,,-23.650515,-46.708068499999996,,,,1,2023-06-20T04:27:00+00:00
SAO_6042-10,São Paulo,3550308,True,,1219,,,-23.672669,-46.7646945,,,,1,2023-06-20T04:27:14+00:00
SAO_407P-10,São Paulo,3550308,True,,2200,,,-23.540786562500003,-46.5767406875,,,,1,2023-06-20T04:27:15+00:00
SAO_407P-10,São Paulo,3550308,True,,2200,,,-23.58055825,-46.413486750000004,,,,1,2023-06-20T04:27:27+00:00
SAO_407P-10,São Paulo,3550308,True,,2200,,,-23.53143,-46.521176999999994,,,,1,2023-06-20T04:26:59+00:00
SAO_407P-10,São Paulo,3550308,True,,2200,,,-23.54070275,-46.4188275,,,,1,2023-06-20T04:22:37+00:00
SAO_477P-10,São Paulo,3550308,True,,33116,,,-23.603506000000003,-46.602009499999994,,,,2,2023-06-20T04:27:40+00:00
SAO_477P-10,São Paulo,3550308,True,,33116,,,-23.62263,-46.646614,,,,2,2023-06-20T04:27:10+00:00
SAO_477P-10,São Paulo,3550308,True,,33116,,,-23.6112995,-46.663383,,,,2,2023-06-20T04:27:02+00:00
SAO_477P-10,São Paulo,3550308,True,,33116,,,-23.612551,-46.60875125,,,,2,2023-06-20T04:27:06+00:00
SAO_477P-10,São Paulo,3550308,True,,33116,,,-23.60439075,-46.60359,,,,2,2023-06-20T04:27:20+00:00
SAO_477P-10,São Paulo,3550308,True,,33116,,,-23.6079475,-46.66021325,,,,2,2023-06-20T04:27:25+00:00
SAO_477P-10,São Paulo,3550308,True,,33116,,,-23.567620499999997,-46.6955405,,,,2,2023-06-20T04:27:37+00:00
SAO_477P-10,São Paulo,3550308,True,,33116,,,-23.60439075,-46.60359,,,,2,2023-06-20T04:27:28+00:00
SAO_407J-10,São Paulo,3550308,True,,2198,,,-23.543528625,-46.569255375,,,,1,2023-06-20T04:27:04+00:00
SAO_407J-10,São Paulo,3550308,True,,2198,,,-23.583146,-46.495833000000005,,,,1,2023-06-20T04:27:05+00:00
SAO_407J-10,São Paulo,3550308,True,,2198,,,-23.543536500000002,-46.411496,,,,1,2023-06-20T04:26:45+00:00
SAO_407J-10,São Paulo,3550308,True,,2198,,,-23.5431195,-46.564417,,,,1,2023-06-20T04:27:39+00:00
SAO_407J-10,São Paulo,3550308,True,,2198,,,-23.5614265,-46.518245,,,,1,2023-06-20T04:27:01+00:00
SAO_407J-10,São Paulo,3550308,True,,2198,,,-23.557679,-46.473538000000005,,,,1,2023-06-20T04:27:06+00:00
SAO_407J-10,São Paulo,3550308,True,,2198,,,-23.5304715,-46.44456,,,,1,2023-06-20T04:26:58+00:00
SAO_5611-10,São Paulo,3550308,True,,33366,,,-23.715893,-46.624467,,,,2,2023-06-20T04:27:15+00:00
SAO_5611-10,São Paulo,3550308,True,,33366,,,-23.572032375000003,-46.641120625,,,,2,2023-06-20T04:26:59+00:00
SAO_5611-10,São Paulo,3550308,True,,33366,,,-23.65049325,-46.677799875000005,,,,2,2023-06-20T04:27:25+00:00
SAO_5611-10,São Paulo,3550308,True,,33366,,,-23.6968835,-46.674261,,,,2,2023-06-20T04:27:15+00:00
SAO_5611-10,São Paulo,3550308,True,,33366,,,-23.7160135,-46.624853,,,,2,2023-06-20T04:27:14+00:00
SAO_5611-10,São Paulo,3550308,True,,33366,,,-23.71611,-46.6251865,,,,2,2023-06-20T04:27:34+00:00
SAO_3902-10,São Paulo,3550308,True,,1470,,,-23.4849345,-46.3847545,,,,1,2023-06-20T04:26:25+00:00
SAO_3902-10,São Paulo,3550308,True,,1470,,,-23.4849345,-46.3847545,,,,1,2023-06-20T04:26:59+00:00
SAO_5038-10,São Paulo,3550308,True,,34429,,,-23.62961025,-46.604468749999995,,,,2,2023-06-20T04:27:11+00:00
SAO_5038-10,São Paulo,3550308,True,,34429,,,-23.653293500000004,-46.602455000000006,,,,2,2023-06-20T04:27:40+00:00
SAO_5038-10,São Paulo,3550308,True,,34429,,,-23.650012,-46.6139055,,,,2,2023-06-20T04:27:06+00:00
SAO_172P-10,São Paulo,3550308,True,,33626,,,-23.4424695,-46.589804,,,,2,2023-06-20T04:27:26+00:00
SAO_172P-10,São Paulo,3550308,True,,33626,,,-23.4541585,-46.589425500000004,,,,2,2023-06-20T04:27:36+00:00
SAO_172P-10,São Paulo,3550308,True,,33626,,,-23.441767,-46.589588000000006,,,,2,2023-06-20T04:27:05+00:00
SAO_172P-10,São Paulo,3550308,True,,33626,,,-23.438252,-46.566261,,,,2,2023-06-20T04:27:04+00:00
SAO_172P-10,São Paulo,3550308,True,,33626,,,-23.538557875000002,-46.598858750000005,,,,2,2023-06-20T04:25:35+00:00
SAO_172P-10,São Paulo,3550308,True,,33626,,,-23.4424695,-46.589804,,,,2,2023-06-20T04:27:26+00:00
SAO_172P-10,São Paulo,3550308,True,,33626,,,-23.489824999999996,-46.594993875,,,,2,2023-06-20T04:27:25+00:00
SAO_978A-10,São Paulo,3550308,True,,1369,,,-23.49493225,-46.684929,,,,1,2023-06-20T04:27:40+00:00
SAO_978A-10,São Paulo,3550308,True,,1369,,,-23.518904,-46.6765535,,,,1,2023-06-20T04:27:34+00:00
SAO_978A-10,São Paulo,3550308,True,,1369,,,-23.4756295,-46.6704885,,,,1,2023-06-20T04:27:22+00:00
SAO_978A-10,São Paulo,3550308,True,,1369,,,-23.4756295,-46.6704885,,,,1,2023-06-20T04:27:28+00:00
SAO_1017-10,São Paulo,3550308,True,,34909,,,-23.413556,-46.7508775,,,,2,2023-06-20T04:27:14+00:00
SAO_1017-10,São Paulo,3550308,True,,34909,,,-23.412860000000002,-46.755641,,,,2,2023-06-20T04:27:19+00:00
SAO_1017-10,São Paulo,3550308,True,,34909,,,-23.4345435,-46.7188635,,,,2,2023-06-20T04:27:23+00:00
SAO_1017-10,São Paulo,3550308,True,,34909,,,-23.4136605,-46.750937,,,,2,2023-06-20T04:27:16+00:00
SAO_1017-10,São Paulo,3550308,True,,34909,,,-23.413239,-46.7508695,,,,2,2023-06-20T04:27:36+00:00
SAO_1017-10,São Paulo,3550308,True,,34909,,,-23.487581499999997,-46.713153500000004,,,,2,2023-06-20T04:27:27+00:00
SAO_1017-10,São Paulo,3550308,True,,34909,,,-23.4711135,-46.713928,,,,2,2023-06-20T04:27:11+00:00
SAO_3728-10,São Paulo,3550308,True,,1025,,,-23.567938499999997,-46.491296000000006,,,,1,2023-06-20T04:27:27+00:00
SAO_3728-10,São Paulo,3550308,True,,1025,,,-23.573595,-46.490476,,,,1,2023-06-20T04:27:12+00:00
SAO_3728-10,São Paulo,3550308,True,,1025,,,-23.553251500000002,-46.491372999999996,,,,1,2023-06-20T04:27:40+00:00
SAO_8003-10,São Paulo,3550308,True,,1253,,,-23.5200065,-46.7223005,,,,1,2023-06-20T04:27:07+00:00
SAO_6403-10,São Paulo,3550308,True,,32826,,,-23.551130999999998,-46.645861999999994,,,,2,2023-06-20T04:27:30+00:00
SAO_6403-10,São Paulo,3550308,True,,32826,,,-23.6434815,-46.733768999999995,,,,2,2023-06-20T04:27:19+00:00
SAO_6403-10,São Paulo,3550308,True,,32826,,,-23.619466000000003,-46.702418,,,,2,2023-06-20T04:27:12+00:00
SAO_211L-10,São Paulo,3550308,True,,35033,,,-23.515331500000002,-46.6904845,,,,2,2023-06-20T04:27:38+00:00
SAO_211L-10,São Paulo,3550308,True,,35033,,,-23.4701875,-46.653816500000005,,,,2,2023-06-20T04:27:18+00:00
SAO_211L-10,São Paulo,3550308,True,,35033,,,-23.4825085,-46.630541,,,,2,2023-06-20T04:27:29+00:00
SAO_211L-10,São Paulo,3550308,True,,35033,,,-23.4825085,-46.630541,,,,2,2023-06-20T04:27:23+00:00
SAO_2019-10,São Paulo,3550308,True,,905,,,-23.524728,-46.5455005,,,,1,2023-06-20T04:24:07+00:00
SAO_2019-10,São Paulo,3550308,True,,905,,,-23.524396250000002,-46.54086637499999,,,,1,2023-06-20T04:26:56+00:00
SAO_2019-10,São Paulo,3550308,True,,905,,,-23.524865,-46.5449395,,,,1,2023-06-20T04:25:34+00:00
SAO_9162-10,São Paulo,3550308,True,,34133,,,-23.4858745,-46.66412425,,,,2,2023-06-20T04:27:30+00:00
SAO_609F-10,São Paulo,3550308,True,,32805,,,-23.666678,-46.750198,,,,2,2023-06-20T04:27:35+00:00
SAO_609F-10,São Paulo,3550308,True,,32805,,,-23.537411499999997,-46.641876999999994,,,,2,2023-06-20T04:27:38+00:00
SAO_609F-10,São Paulo,3550308,True,,32805,,,-23.5643405,-46.657101,,,,2,2023-06-20T04:27:16+00:00
SAO_609F-10,São Paulo,3550308,True,,32805,,,-23.607718750000004,-46.69973575,,,,2,2023-06-20T04:27:41+00:00
SAO_609F-10,São Paulo,3550308,True,,32805,,,-23.6067655,-46.699498,,,,2,2023-06-20T04:27:41+00:00
SAO_609F-10,São Paulo,3550308,True,,32805,,,-23.6679265,-46.749366499999994,,,,2,2023-06-20T04:27:14+00:00
SAO_8528-10,São Paulo,3550308,True,,33343,,,-23.482808,-46.692036,,,,2,2023-06-20T04:26:54+00:00
SAO_8528-10,São Paulo,3550308,True,,33343,,,-23.469106500000002,-46.695824,,,,2,2023-06-20T04:27:15+00:00
SAO_8528-10,São Paulo,3550308,True,,33343,,,-23.4615785,-46.69076725,,,,2,2023-06-20T04:27:12+00:00
SAO_8528-10,São Paulo,3550308,True,,33343,,,-23.503575,-46.6854735,,,,2,2023-06-20T04:27:12+00:00
SAO_8528-10,São Paulo,3550308,True,,33343,,,-23.4615645,-46.69032075,,,,2,2023-06-20T04:27:30+00:00
SAO_8528-10,São Paulo,3550308,True,,33343,,,-23.5364965,-46.650567249999995,,,,2,2023-06-20T04:27:12+00:00
SAO_2080-10,São Paulo,3550308,True,,371,,,-23.5105755,-46.3667395,,,,1,2023-06-20T04:23:34+00:00
SAO_2080-10,São Paulo,3550308,True,,371,,,-23.5143975,-46.535128,,,,1,2023-06-20T04:27:39+00:00
SAO_2080-10,São Paulo,3550308,True,,371,,,-23.49789025,-46.459282,,,,1,2023-06-20T04:27:25+00:00
SAO_2080-10,São Paulo,3550308,True,,371,,,-23.498266,-46.4572045,,,,1,2023-06-20T04:27:09+00:00
SAO_2080-10,São Paulo,3550308,True,,371,,,-23.49332075,-46.389150875,,,,1,2023-06-20T04:27:10+00:00
SAO_2080-10,São Paulo,3550308,True,,371,,,-23.529316,-46.553309,,,,1,2023-06-20T04:27:13+00:00
SAO_5011-10,São Paulo,3550308,True,,33883,,,-23.7103285,-46.62034,,,,2,2023-06-20T04:27:04+00:00
SAO_5011-10,São Paulo,3550308,True,,33883,,,-23.6946075,-46.656167499999995,,,,2,2023-06-20T04:23:27+00:00
SAO_5011-10,São Paulo,3550308,True,,33883,,,-23.676126000000004,-46.68571275,,,,2,2023-06-20T04:27:18+00:00
SAO_5011-10,São Paulo,3550308,True,,33883,,,-23.7013095,-46.6454655,,,,2,2023-06-20T04:27:08+00:00
SAO_5011-10,São Paulo,3550308,True,,33883,,,-23.706204,-46.641568,,,,2,2023-06-20T04:27:25+00:00
SAO_5011-10,São Paulo,3550308,True,,33883,,,-23.7103285,-46.62034,,,,2,2023-06-20T04:27:08+00:00
SAO_172P-10,São Paulo,3550308,True,,858,,,-23.5422385,-46.5898295,,,,1,2023-06-20T04:27:04+00:00
SAO_172P-10,São Paulo,3550308,True,,858,,,-23.439880000000002,-46.576078499999994,,,,1,2023-06-20T04:23:58+00:00
SAO_172P-10,São Paulo,3550308,True,,858,,,-23.51888275,-46.59020525,,,,1,2023-06-20T04:26:40+00:00
SAO_172P-10,São Paulo,3550308,True,,858,,,-23.4755235,-46.57064425,,,,1,2023-06-20T04:27:11+00:00
SAO_172P-10,São Paulo,3550308,True,,858,,,-23.441891,-46.589701250000005,,,,1,2023-06-20T04:27:04+00:00
SAO_1024-10,São Paulo,3550308,True,,35070,,,-23.45772675,-46.703227,,,,2,2023-06-20T04:27:23+00:00
SAO_1024-10,São Paulo,3550308,True,,35070,,,-23.48283,-46.695181500000004,,,,2,2023-06-20T04:27:24+00:00
SAO_1024-10,São Paulo,3550308,True,,35070,,,-23.4630325,-46.7013225,,,,2,2023-06-20T04:27:17+00:00
SAO_1024-10,São Paulo,3550308,True,,35070,,,-23.461102,-46.708983,,,,2,2023-06-20T04:27:19+00:00
SAO_407Y-10,São Paulo,3550308,True,,34974,,,-23.57041,-46.490492,,,,2,2023-06-20T04:27:34+00:00
SAO_2722-10,São Paulo,3550308,True,,33703,,,-23.490853,-46.490219499999995,,,,2,2023-06-20T04:27:02+00:00
SAO_2722-10,São Paulo,3550308,True,,33703,,,-23.4905365,-46.49019025,,,,2,2023-06-20T04:27:37+00:00
SAO_2722-10,São Paulo,3550308,True,,33703,,,-23.52482375,-46.513069,,,,2,2023-06-20T04:27:00+00:00
SAO_2722-10,São Paulo,3550308,True,,33703,,,-23.503092000000002,-46.4939385,,,,2,2023-06-20T04:27:36+00:00
SAO_7012-10,São Paulo,3550308,True,,34811,,,-23.7101355,-46.77553675,,,,2,2023-06-20T04:27:12+00:00
SAO_7012-10,São Paulo,3550308,True,,34811,,,-23.700016,-46.7785425,,,,2,2023-06-20T04:27:32+00:00
SAO_971R-10,São Paulo,3550308,True,,614,,,-23.454421500000002,-46.7374495,,,,1,2023-06-20T04:27:20+00:00
SAO_971R-10,São Paulo,3550308,True,,614,,,-23.4665345,-46.6792645,,,,1,2023-06-20T04:27:29+00:00
SAO_971R-10,São Paulo,3550308,True,,614,,,-23.43866575,-46.729177750000005,,,,1,2023-06-20T04:27:31+00:00
SAO_971R-10,São Paulo,3550308,True,,614,,,-23.454421500000002,-46.7374495,,,,1,2023-06-20T04:26:19+00:00
SAO_971R-10,São Paulo,3550308,True,,614,,,-23.4928745,-46.6485085,,,,1,2023-06-20T04:26:55+00:00
SAO_971R-10,São Paulo,3550308,True,,614,,,-23.501604,-46.624865,,,,1,2023-06-20T04:27:27+00:00
SAO_971R-10,São Paulo,3550308,True,,614,,,-23.4655835,-46.6794295,,,,1,2023-06-20T04:27:09+00:00
SAO_971R-10,São Paulo,3550308,True,,614,,,-23.501994,-46.6256975,,,,1,2023-06-20T04:27:39+00:00
SAO_971R-10,São Paulo,3550308,True,,614,,,-23.4331075,-46.723083,,,,1,2023-06-20T04:27:37+00:00
SAO_527R-10,São Paulo,3550308,True,,33039,,,-23.658759,-46.698775999999995,,,,2,2023-06-20T04:27:24+00:00
SAO_527R-10,São Paulo,3550308,True,,33039,,,-23.661351,-46.679339999999996,,,,2,2023-06-20T04:27:15+00:00
SAO_2735-10,São Paulo,3550308,True,,34689,,,-23.481342,-46.49426675,,,,2,2023-06-20T04:27:29+00:00
SAO_2735-10,São Paulo,3550308,True,,34689,,,-23.5079985,-46.542736500000004,,,,2,2023-06-20T04:27:18+00:00
SAO_2735-10,São Paulo,3550308,True,,34689,,,-23.480837,-46.494515,,,,2,2023-06-20T04:27:09+00:00
SAO_2735-10,São Paulo,3550308,True,,34689,,,-23.533230500000002,-46.5456285,,,,2,2023-06-20T04:26:59+00:00
SAO_1757-10,São Paulo,3550308,True,,33316,,,-23.4652375,-46.6347915,,,,2,2023-06-20T04:26:58+00:00
SAO_1757-10,São Paulo,3550308,True,,33316,,,-23.471118,-46.636767,,,,2,2023-06-20T04:27:34+00:00
SAO_1757-10,São Paulo,3550308,True,,33316,,,-23.471618499999998,-46.6369145,,,,2,2023-06-20T04:27:36+00:00
SAO_1757-10,São Paulo,3550308,True,,33316,,,-23.471206000000002,-46.6367925,,,,2,2023-06-20T04:27:01+00:00
SAO_524L-10,São Paulo,3550308,True,,1715,,,-23.5623015,-46.560868,,,,1,2023-06-20T04:27:42+00:00
SAO_524L-10,São Paulo,3550308,True,,1715,,,-23.541552,-46.574095,,,,1,2023-06-20T04:27:34+00:00
SAO_2079-10,São Paulo,3550308,True,,370,,,-23.505342249999998,-46.38932025,,,,1,2023-06-20T04:27:21+00:00
SAO_2079-10,São Paulo,3550308,True,,370,,,-23.516762,-46.384977500000005,,,,1,2023-06-20T04:26:40+00:00
SAO_2079-10,São Paulo,3550308,True,,370,,,-23.516762,-46.384977500000005,,,,1,2023-06-20T04:21:37+00:00
SAO_2079-10,São Paulo,3550308,True,,370,,,-23.516762,-46.384977500000005,,,,1,2023-06-20T04:27:00+00:00
SAO_573T-10,São Paulo,3550308,True,,1632,,,-23.553845,-46.527522000000005,,,,1,2023-06-20T04:27:16+00:00
SAO_573T-10,São Paulo,3550308,True,,1632,,,-23.589032375000002,-46.4901415,,,,1,2023-06-20T04:27:42+00:00
SAO_573T-10,São Paulo,3550308,True,,1632,,,-23.614199499999998,-46.5007885,,,,1,2023-06-20T04:27:35+00:00
SAO_573T-10,São Paulo,3550308,True,,1632,,,-23.5391935,-46.566613000000004,,,,1,2023-06-20T04:27:35+00:00
SAO_573T-10,São Paulo,3550308,True,,1632,,,-23.538576,-46.564368,,,,1,2023-06-20T04:27:14+00:00
SAO_573T-10,São Paulo,3550308,True,,1632,,,-23.6032375,-46.489014499999996,,,,1,2023-06-20T04:27:12+00:00
SAO_573T-10,São Paulo,3550308,True,,1632,,,-23.538655499999997,-46.564793,,,,1,2023-06-20T04:27:26+00:00
SAO_8400-10,São Paulo,3550308,True,,1265,,,-23.486878500000003,-46.7265645,,,,1,2023-06-20T04:27:03+00:00
SAO_8400-10,São Paulo,3550308,True,,1265,,,-23.547649,-46.641011500000005,,,,1,2023-06-20T04:27:20+00:00
SAO_8400-10,São Paulo,3550308,True,,1265,,,-23.52577625,-46.67950425,,,,1,2023-06-20T04:27:28+00:00
SAO_8400-10,São Paulo,3550308,True,,1265,,,-23.486878500000003,-46.7265645,,,,1,2023-06-20T04:27:14+00:00
SAO_8400-10,São Paulo,3550308,True,,1265,,,-23.484783,-46.723133,,,,1,2023-06-20T04:27:23+00:00
SAO_8073-10,São Paulo,3550308,True,,34849,,,-23.599075499999998,-46.766103,,,,2,2023-06-20T04:27:18+00:00
SAO_8073-10,São Paulo,3550308,True,,34849,,,-23.599168,-46.766690999999994,,,,2,2023-06-20T04:27:33+00:00
SAO_8073-10,São Paulo,3550308,True,,34849,,,-23.59094,-46.7606705,,,,2,2023-06-20T04:27:03+00:00
SAO_374M-10,São Paulo,3550308,True,,1965,,,-23.5192345,-46.5126395,,,,1,2023-06-20T04:27:22+00:00
SAO_128Y-10,São Paulo,3550308,True,EMTU,843,https://moovitapp.com/index/pt-br/transporte_p%C3%BAblico-line-843-Sao_Paulo-242-2038937-36419606-0,4.1,-23.519203499999996,-46.70492675,,,,1,2023-06-20T04:27:23+00:00
SAO_128Y-10,São Paulo,3550308,True,EMTU,843,https://moovitapp.com/index/pt-br/transporte_p%C3%BAblico-line-843-Sao_Paulo-242-2038937-36419606-0,4.1,-23.493428750000003,-46.65907875,,,,1,2023-06-20T04:27:21+00:00
SAO_6071-10,São Paulo,3550308,True,,1156,,,-23.7191275,-46.678193,,,,1,2023-06-20T04:27:00+00:00
SAO_6071-10,São Paulo,3550308,True,,1156,,,-23.663012000000002,-46.6929845,,,,1,2023-06-20T04:27:40+00:00
SAO_6291-10,São Paulo,3550308,True,,33126,,,-23.638659,-46.736698000000004,,,,2,2023-06-20T04:27:05+00:00
SAO_6291-10,São Paulo,3550308,True,,33126,,,-23.611855,-46.7127785,,,,2,2023-06-20T04:27:30+00:00
SAO_6291-10,São Paulo,3550308,True,,33126,,,-23.566554875,-46.65866425,,,,2,2023-06-20T04:27:42+00:00
SAO_6291-10,São Paulo,3550308,True,,33126,,,-23.6437025,-46.7766245,,,,2,2023-06-20T04:27:31+00:00
SAO_6291-10,São Paulo,3550308,True,,33126,,,-23.64391925,-46.776720749999996,,,,2,2023-06-20T04:27:28+00:00
SAO_8100-10,São Paulo,3550308,True,,1262,,,-23.502831999999998,-46.7213425,,,,1,2023-06-20T04:27:35+00:00
SAO_8100-10,São Paulo,3550308,True,,1262,,,-23.519985,-46.700343,,,,1,2023-06-20T04:27:15+00:00
SAO_8100-10,São Paulo,3550308,True,,1262,,,-23.4916305,-46.7321915,,,,1,2023-06-20T04:27:27+00:00
SAO_8100-10,São Paulo,3550308,True,,1262,,,-23.4865925,-46.726296500000004,,,,1,2023-06-20T04:27:16+00:00
SAO_2059-10,São Paulo,3550308,True,,33028,,,-23.5415635,-46.412994499999996,,,,2,2023-06-20T04:27:37+00:00
SAO_2059-10,São Paulo,3550308,True,,33028,,,-23.491016,-46.441969,,,,2,2023-06-20T04:27:26+00:00
SAO_2059-10,São Paulo,3550308,True,,33028,,,-23.4910545,-46.441593999999995,,,,2,2023-06-20T04:27:29+00:00
SAO_2059-10,São Paulo,3550308,True,,33028,,,-23.491025999999998,-46.441859,,,,2,2023-06-20T04:27:40+00:00
SAO_2059-10,São Paulo,3550308,True,,33028,,,-23.491044000000002,-46.4416915,,,,2,2023-06-20T04:27:08+00:00
SAO_5141-10,São Paulo,3550308,True,,34393,,,-23.614544,-46.500679,,,,2,2023-06-20T04:27:05+00:00
SAO_5141-10,São Paulo,3550308,True,,34393,,,-23.573755249999998,-46.55818375,,,,2,2023-06-20T04:27:35+00:00
SAO_5141-10,São Paulo,3550308,True,,34393,,,-23.552734,-46.6271135,,,,2,2023-06-20T04:27:21+00:00
SAO_272N-10,São Paulo,3550308,True,,33473,,,-23.510448,-46.5677775,,,,2,2023-06-20T04:27:24+00:00
SAO_272N-10,São Paulo,3550308,True,,33473,,,-23.512393250000002,-46.56326850000001,,,,2,2023-06-20T04:27:23+00:00
SAO_272N-10,São Paulo,3550308,True,,33473,,,-23.530364499999997,-46.609284249999995,,,,2,2023-06-20T04:27:12+00:00
SAO_178A-10,São Paulo,3550308,True,EMTU,558,https://moovitapp.com/index/pt-br/transporte_p%C3%BAblico-line-558-Sao_Paulo-242-2038937-36419559-0,4.4,-23.503149999999998,-46.623488,,,,1,2023-06-20T04:26:58+00:00
SAO_178A-10,São Paulo,3550308,True,EMTU,558,https://moovitapp.com/index/pt-br/transporte_p%C3%BAblico-line-558-Sao_Paulo-242-2038937-36419559-0,4.4,-23.5181525,-46.6296665,,,,1,2023-06-20T04:27:16+00:00
SAO_178A-10,São Paulo,3550308,True,EMTU,558,https://moovitapp.com/index/pt-br/transporte_p%C3%BAblico-line-558-Sao_Paulo-242-2038937-36419559-0,4.4,-23.522478,-46.69588125,,,,1,2023-06-20T04:27:24+00:00
SAO_8544-10,São Paulo,3550308,True,EMTU,430,https://moovitapp.com/index/pt-br/transporte_p%C3%BAblico-line-430-Sao_Paulo-242-2038937-36584270-0,5.2,-23.542839999999998,-46.6362885,,,,1,2023-06-20T04:27:38+00:00
SAO_8544-10,São Paulo,3550308,True,EMTU,430,https://moovitapp.com/index/pt-br/transporte_p%C3%BAblico-line-430-Sao_Paulo-242-2038937-36584270-0,5.2,-23.514029999999998,-46.702380500000004,,,,1,2023-06-20T04:27:41+00:00
SAO_8544-10,São Paulo,3550308,True,EMTU,430,https://moovitapp.com/index/pt-br/transporte_p%C3%BAblico-line-430-Sao_Paulo-242-2038937-36584270-0,5.2,-23.455194499999998,-46.7465495,,,,1,2023-06-20T04:26:56+00:00
SAO_8004-10,São Paulo,3550308,True,,1254,,,-23.489958,-46.7503605,,,,1,2023-06-20T04:27:26+00:00
SAO_8004-10,São Paulo,3550308,True,,1254,,,-23.5208515,-46.7036495,,,,1,2023-06-20T04:27:30+00:00
SAO_3746-10,São Paulo,3550308,True,,33051,,,-23.554069,-46.5772415,,,,2,2023-06-20T04:27:17+00:00
SAO_3746-10,São Paulo,3550308,True,,33051,,,-23.594828,-46.503370000000004,,,,2,2023-06-20T04:27:17+00:00
SAO_3746-10,São Paulo,3550308,True,,33051,,,-23.542912,-46.588283000000004,,,,2,2023-06-20T04:18:10+00:00
SAO_3746-10,São Paulo,3550308,True,,33051,,,-23.594203999999998,-46.502838,,,,2,2023-06-20T04:27:08+00:00
SAO_3746-10,São Paulo,3550308,True,,33051,,,-23.594489000000003,-46.503099,,,,2,2023-06-20T04:27:11+00:00
SAO_3746-10,São Paulo,3550308,True,,33051,,,-23.57421175,-46.541283750000005,,,,2,2023-06-20T04:27:01+00:00
SAO_917H-10,São Paulo,3550308,True,STT,456,https://moovitapp.com/index/pt-br/transporte_p%C3%BAblico-line-456-Sao_Paulo-242-850661-10416524-0,5.3,-23.589295999999997,-46.63421325,,,,1,2023-06-20T04:26:56+00:00
SAO_917H-10,São Paulo,3550308,True,STT,456,https://moovitapp.com/index/pt-br/transporte_p%C3%BAblico-line-456-Sao_Paulo-242-850661-10416524-0,5.3,-23.589263,-46.634504,,,,1,2023-06-20T04:27:14+00:00
SAO_917H-10,São Paulo,3550308,True,STT,456,https://moovitapp.com/index/pt-br/transporte_p%C3%BAblico-line-456-Sao_Paulo-242-850661-10416524-0,5.3,-23.5365855,-46.72600275,,,,1,2023-06-20T04:27:31+00:00
SAO_917H-10,São Paulo,3550308,True,STT,456,https://moovitapp.com/index/pt-br/transporte_p%C3%BAblico-line-456-Sao_Paulo-242-850661-10416524-0,5.3,-23.535351,-46.7125155,,,,1,2023-06-20T04:27:04+00:00
SAO_917H-10,São Paulo,3550308,True,STT,456,https://moovitapp.com/index/pt-br/transporte_p%C3%BAblico-line-456-Sao_Paulo-242-850661-10416524-0,5.3,-23.568305875,-46.648278250000004,,,,1,2023-06-20T04:27:24+00:00
SAO_917H-10,São Paulo,3550308,True,STT,456,https://moovitapp.com/index/pt-br/transporte_p%C3%BAblico-line-456-Sao_Paulo-242-850661-10416524-0,5.3,-23.552697875,-46.6744325,,,,1,2023-06-20T04:27:01+00:00
SAO_917H-10,São Paulo,3550308,True,STT,456,https://moovitapp.com/index/pt-br/transporte_p%C3%BAblico-line-456-Sao_Paulo-242-850661-10416524-0,5.3,-23.486014,-46.7257505,,,,1,2023-06-20T04:27:09+00:00
SAO_917H-10,São Paulo,3550308,True,STT,456,https://moovitapp.com/index/pt-br/transporte_p%C3%BAblico-line-456-Sao_Paulo-242-850661-10416524-0,5.3,-23.492781,-46.749159500000005,,,,1,2023-06-20T04:27:06+00:00
SAO_917H-10,São Paulo,3550308,True,STT,456,https://moovitapp.com/index/pt-br/transporte_p%C3%BAblico-line-456-Sao_Paulo-242-850661-10416524-0,5.3,-23.507877999999998,-46.74822,,,,1,2023-06-20T04:27:28+00:00
SAO_5142-10,São Paulo,3550308,True,,34394,,,-23.5775235,-46.610366,,,,2,2023-06-20T04:27:05+00:00
SAO_5142-10,São Paulo,3550308,True,,34394,,,-23.586412,-46.55750775,,,,2,2023-06-20T04:27:28+00:00
SAO_5142-10,São Paulo,3550308,True,,34394,,,-23.6139405,-46.501206499999995,,,,2,2023-06-20T04:27:34+00:00
SAO_5142-10,São Paulo,3550308,True,,34394,,,-23.6148035,-46.5002005,,,,2,2023-06-20T04:27:19+00:00
SAO_702U-10,São Paulo,3550308,True,,34098,,,-23.5692045,-46.687413500000005,,,,2,2023-06-20T04:27:18+00:00
SAO_702U-10,São Paulo,3550308,True,,34098,,,-23.5521175,-46.7315415,,,,2,2023-06-20T04:27:37+00:00
SAO_702U-10,São Paulo,3550308,True,,34098,,,-23.56423175,-46.740198,,,,2,2023-06-20T04:26:58+00:00
SAO_702U-10,São Paulo,3550308,True,,34098,,,-23.54893,-46.62942425,,,,2,2023-06-20T04:27:10+00:00
SAO_6062-10,São Paulo,3550308,True,,1151,,,-23.737971,-46.6978485,,,,1,2023-06-20T04:27:13+00:00
SAO_6062-10,São Paulo,3550308,True,,1151,,,-23.7324565,-46.693386000000004,,,,1,2023-06-20T04:27:29+00:00
SAO_3459-10,São Paulo,3550308,True,EMTU,402,https://moovitapp.com/index/pt-br/transporte_p%C3%BAblico-line-402-Sao_Paulo-242-2038937-36419464-0,3.7,-23.517533,-46.48036,,,,1,2023-06-20T04:27:03+00:00
SAO_3459-10,São Paulo,3550308,True,EMTU,402,https://moovitapp.com/index/pt-br/transporte_p%C3%BAblico-line-402-Sao_Paulo-242-2038937-36419464-0,3.7,-23.534912,-46.5489095,,,,1,2023-06-20T04:27:18+00:00
SAO_3459-10,São Paulo,3550308,True,EMTU,402,https://moovitapp.com/index/pt-br/transporte_p%C3%BAblico-line-402-Sao_Paulo-242-2038937-36419464-0,3.7,-23.5165205,-46.385602000000006,,,,1,2023-06-20T04:27:33+00:00
SAO_3459-10,São Paulo,3550308,True,EMTU,402,https://moovitapp.com/index/pt-br/transporte_p%C3%BAblico-line-402-Sao_Paulo-242-2038937-36419464-0,3.7,-23.5473415,-46.629296499999995,,,,1,2023-06-20T04:26:59+00:00
SAO_3459-10,São Paulo,3550308,True,EMTU,402,https://moovitapp.com/index/pt-br/transporte_p%C3%BAblico-line-402-Sao_Paulo-242-2038937-36419464-0,3.7,-23.51595725,-46.467382375,,,,1,2023-06-20T04:27:20+00:00
SAO_3459-10,São Paulo,3550308,True,EMTU,402,https://moovitapp.com/index/pt-br/transporte_p%C3%BAblico-line-402-Sao_Paulo-242-2038937-36419464-0,3.7,-23.552465249999997,-46.61710575,,,,1,2023-06-20T04:27:05+00:00
SAO_3459-10,São Paulo,3550308,True,EMTU,402,https://moovitapp.com/index/pt-br/transporte_p%C3%BAblico-line-402-Sao_Paulo-242-2038937-36419464-0,3.7,-23.53464975,-46.54747675,,,,1,2023-06-20T04:27:32+00:00
SAO_3459-10,São Paulo,3550308,True,EMTU,402,https://moovitapp.com/index/pt-br/transporte_p%C3%BAblico-line-402-Sao_Paulo-242-2038937-36419464-0,3.7,-23.51624825,-46.46807774999999,,,,1,2023-06-20T04:25:19+00:00
SAO_3459-10,São Paulo,3550308,True,EMTU,402,https://moovitapp.com/index/pt-br/transporte_p%C3%BAblico-line-402-Sao_Paulo-242-2038937-36419464-0,3.7,-23.517335,-46.4814655,,,,1,2023-06-20T04:27:24+00:00
SAO_3459-10,São Paulo,3550308,True,EMTU,402,https://moovitapp.com/index/pt-br/transporte_p%C3%BAblico-line-402-Sao_Paulo-242-2038937-36419464-0,3.7,-23.494659499999997,-46.413801500000005,,,,1,2023-06-20T04:27:02+00:00
SAO_3459-10,São Paulo,3550308,True,EMTU,402,https://moovitapp.com/index/pt-br/transporte_p%C3%BAblico-line-402-Sao_Paulo-242-2038937-36419464-0,3.7,-23.507669875,-46.3873885,,,,1,2023-06-20T04:27:39+00:00
SAO_3459-10,São Paulo,3550308,True,EMTU,402,https://moovitapp.com/index/pt-br/transporte_p%C3%BAblico-line-402-Sao_Paulo-242-2038937-36419464-0,3.7,-23.527840499999996,-46.52804225,,,,1,2023-06-20T04:27:27+00:00
SAO_3459-10,São Paulo,3550308,True,EMTU,402,https://moovitapp.com/index/pt-br/transporte_p%C3%BAblico-line-402-Sao_Paulo-242-2038937-36419464-0,3.7,-23.537675999999998,-46.562360562500004,,,,1,2023-06-20T04:27:00+00:00
SAO_3459-10,São Paulo,3550308,True,EMTU,402,https://moovitapp.com/index/pt-br/transporte_p%C3%BAblico-line-402-Sao_Paulo-242-2038937-36419464-0,3.7,-23.5165205,-46.385602000000006,,,,1,2023-06-20T04:21:23+00:00
SAO_3459-10,São Paulo,3550308,True,EMTU,402,https://moovitapp.com/index/pt-br/transporte_p%C3%BAblico-line-402-Sao_Paulo-242-2038937-36419464-0,3.7,-23.5165205,-46.385602000000006,,,,1,2023-06-20T04:24:45+00:00
SAO_6818-10,São Paulo,3550308,True,BR7 Mobilidade,28,https://moovitapp.com/index/pt-br/transporte_p%C3%BAblico-line-28-Sao_Paulo-242-851856-596008-0,5.75,-23.655842999999997,-46.7727765,,,,1,2023-06-20T04:27:41+00:00
SAO_6818-10,São Paulo,3550308,True,BR7 Mobilidade,28,https://moovitapp.com/index/pt-br/transporte_p%C3%BAblico-line-28-Sao_Paulo-242-851856-596008-0,5.75,-23.655842999999997,-46.7727765,,,,1,2023-06-20T04:27:18+00:00
SAO_6818-10,São Paulo,3550308,True,BR7 Mobilidade,28,https://moovitapp.com/index/pt-br/transporte_p%C3%BAblico-line-28-Sao_Paulo-242-851856-596008-0,5.75,-23.655842999999997,-46.7727765,,,,1,2023-06-20T04:27:33+00:00
SAO_546T-10,São Paulo,3550308,True,,272,,,-23.654031,-46.708998,,,,1,2023-06-20T04:27:13+00:00
SAO_546T-10,São Paulo,3550308,True,,272,,,-23.6539175,-46.710299500000005,,,,1,2023-06-20T04:27:36+00:00
SAO_546T-10,São Paulo,3550308,True,,272,,,-23.7043105,-46.6336715,,,,1,2023-06-20T04:27:03+00:00
SAO_847P-10,São Paulo,3550308,True,,423,,,-23.536713,-46.7073125,,,,1,2023-06-20T04:27:29+00:00
SAO_847P-10,São Paulo,3550308,True,,423,,,-23.5672275,-46.693839499999996,,,,1,2023-06-20T04:27:38+00:00
SAO_847P-10,São Paulo,3550308,True,,423,,,-23.487007,-46.726683,,,,1,2023-06-20T04:27:18+00:00
SAO_847P-10,São Paulo,3550308,True,,423,,,-23.589574749999997,-46.68179375,,,,1,2023-06-20T04:27:25+00:00
SAO_847P-10,São Paulo,3550308,True,,423,,,-23.486517,-46.7262255,,,,1,2023-06-20T04:27:12+00:00
SAO_847P-10,São Paulo,3550308,True,,423,,,-23.486517,-46.7262255,,,,1,2023-06-20T04:27:32+00:00
SAO_3785-10,São Paulo,3550308,True,,33831,,,-23.591442999999998,-46.394348,,,,2,2023-06-20T04:27:27+00:00
SAO_3785-10,São Paulo,3550308,True,,33831,,,-23.56210475,-46.4461535,,,,2,2023-06-20T04:27:01+00:00
SAO_3785-10,São Paulo,3550308,True,,33831,,,-23.5912945,-46.394427500000006,,,,2,2023-06-20T04:27:15+00:00
SAO_3785-10,São Paulo,3550308,True,,33831,,,-23.591442999999998,-46.394348,,,,2,2023-06-20T04:27:32+00:00
SAO_3785-10,São Paulo,3550308,True,,33831,,,-23.5883665,-46.3949645,,,,2,2023-06-20T04:27:20+00:00
SAO_3785-10,São Paulo,3550308,True,,33831,,,-23.595076,-46.4323675,,,,2,2023-06-20T04:27:32+00:00
SAO_3785-10,São Paulo,3550308,True,,33831,,,-23.550988000000004,-46.461393625,,,,2,2023-06-20T04:27:20+00:00
SAO_6030-10,São Paulo,3550308,True,,33910,,,-23.654687250000002,-46.707991750000005,,,,2,2023-06-20T04:27:13+00:00
SAO_6030-10,São Paulo,3550308,True,,33910,,,-23.680414374999998,-46.695434250000005,,,,2,2023-06-20T04:27:37+00:00
SAO_6030-10,São Paulo,3550308,True,,33910,,,-23.73027875,-46.708003500000004,,,,2,2023-06-20T04:27:22+00:00
SAO_5362-23,São Paulo,3550308,True,,34628,,,-23.69331475,-46.71491,,,,2,2023-06-20T04:27:25+00:00
SAO_5362-23,São Paulo,3550308,True,,34628,,,-23.754512,-46.679882,,,,2,2023-06-20T04:27:20+00:00
SAO_574J-10,São Paulo,3550308,True,,1685,,,-23.626752,-46.62167825,,,,1,2023-06-20T04:27:11+00:00
SAO_574J-10,São Paulo,3550308,True,,1685,,,-23.589729875,-46.60018075000001,,,,1,2023-06-20T04:27:10+00:00
SAO_574J-10,São Paulo,3550308,True,,1685,,,-23.6366985,-46.6446075,,,,1,2023-06-20T04:27:16+00:00
SAO_574J-10,São Paulo,3550308,True,,1685,,,-23.568052,-46.544205,,,,1,2023-06-20T04:27:32+00:00
SAO_7245-10,São Paulo,3550308,True,EMTU,363,https://moovitapp.com/index/pt-br/transporte_p%C3%BAblico-line-363-Sao_Paulo-242-2038937-36419444-0,5.1,-23.5952405,-46.6891715,,,,1,2023-06-20T04:27:00+00:00
SAO_7245-10,São Paulo,3550308,True,EMTU,363,https://moovitapp.com/index/pt-br/transporte_p%C3%BAblico-line-363-Sao_Paulo-242-2038937-36419444-0,5.1,-23.653819499999997,-46.7069125,,,,1,2023-06-20T04:27:30+00:00
SAO_7245-10,São Paulo,3550308,True,EMTU,363,https://moovitapp.com/index/pt-br/transporte_p%C3%BAblico-line-363-Sao_Paulo-242-2038937-36419444-0,5.1,-23.5644695,-46.678151,,,,1,2023-06-20T04:27:24+00:00
SAO_7245-10,São Paulo,3550308,True,EMTU,363,https://moovitapp.com/index/pt-br/transporte_p%C3%BAblico-line-363-Sao_Paulo-242-2038937-36419444-0,5.1,-23.654266,-46.711191,,,,1,2023-06-20T04:27:21+00:00
SAO_809T-10,São Paulo,3550308,True,,2246,,,-23.5854415,-46.805544499999996,,,,1,2023-06-20T04:27:21+00:00
SAO_809T-10,São Paulo,3550308,True,,2246,,,-23.537647,-46.725948,,,,1,2023-06-20T04:27:30+00:00
SAO_809T-10,São Paulo,3550308,True,,2246,,,-23.58607325,-46.7895805,,,,1,2023-06-20T04:27:42+00:00
SAO_5013-10,São Paulo,3550308,True,,33885,,,-23.681756,-46.63262625,,,,2,2023-06-20T04:27:28+00:00
SAO_5013-10,São Paulo,3550308,True,,33885,,,-23.6581035,-46.7019995,,,,2,2023-06-20T04:27:28+00:00
SAO_4025-10,São Paulo,3550308,True,,1095,,,-23.54147175,-46.573660249999996,,,,1,2023-06-20T04:27:21+00:00
SAO_4025-10,São Paulo,3550308,True,,1095,,,-23.592856875,-46.55589375,,,,1,2023-06-20T04:27:13+00:00
SAO_4025-10,São Paulo,3550308,True,,1095,,,-23.60848,-46.554349,,,,1,2023-06-20T04:26:59+00:00
SAO_4025-10,São Paulo,3550308,True,,1095,,,-23.541484500000003,-46.578182,,,,1,2023-06-20T04:27:23+00:00
SAO_4025-10,São Paulo,3550308,True,,1095,,,-23.541552,-46.574095,,,,1,2023-06-20T04:27:40+00:00
SAO_4025-10,São Paulo,3550308,True,,1095,,,-23.5887845,-46.567929,,,,1,2023-06-20T04:18:22+00:00
SAO_4025-10,São Paulo,3550308,True,,1095,,,-23.60848,-46.554349,,,,1,2023-06-20T04:27:39+00:00
SAO_8018-10,São Paulo,3550308,True,,34838,,,-23.599048,-46.733288,,,,2,2023-06-20T04:27:17+00:00
SAO_3004-10,São Paulo,3550308,True,,34566,,,-23.47940875,-46.420387,,,,2,2023-06-20T04:27:36+00:00
SAO_1206-10,São Paulo,3550308,True,,33610,,,-23.517379499999997,-46.5800815,,,,2,2023-06-20T04:27:38+00:00
SAO_9008-10,São Paulo,3550308,True,,33643,,,-23.435499999999998,-46.71588675,,,,2,2023-06-20T04:27:24+00:00
SAO_9008-10,São Paulo,3550308,True,,33643,,,-23.471957875,-46.673949500000006,,,,2,2023-06-20T04:27:40+00:00
SAO_707A-10,São Paulo,3550308,True,,34758,,,-23.692353500000003,-46.7775755,,,,2,2023-06-20T04:27:10+00:00
SAO_707A-10,São Paulo,3550308,True,,34758,,,-23.675409000000002,-46.75553275,,,,2,2023-06-20T04:26:59+00:00
SAO_707A-10,São Paulo,3550308,True,,34758,,,-23.6453730625,-46.70219924999999,,,,2,2023-06-20T04:27:29+00:00
SAO_707A-10,São Paulo,3550308,True,,34758,,,-23.6729755,-46.744468749999996,,,,2,2023-06-20T04:27:28+00:00
SAO_707A-10,São Paulo,3550308,True,,34758,,,-23.609037125,-46.66274325,,,,2,2023-06-20T04:27:37+00:00
SAO_707A-10,São Paulo,3550308,True,,34758,,,-23.611459500000002,-46.6358635,,,,2,2023-06-20T04:27:16+00:00
SAO_707A-10,São Paulo,3550308,True,,34758,,,-23.692594,-46.777992,,,,2,2023-06-20T04:27:20+00:00
SAO_707A-10,São Paulo,3550308,True,,34758,,,-23.679211249999998,-46.763927249999995,,,,2,2023-06-20T04:27:18+00:00
SAO_707A-10,São Paulo,3550308,True,,34758,,,-23.653125,-46.70848074999999,,,,2,2023-06-20T04:27:30+00:00
SAO_707A-10,São Paulo,3550308,True,,34758,,,-23.6079315,-46.6394995,,,,2,2023-06-20T04:27:39+00:00
SAO_778R-10,São Paulo,3550308,True,,33277,,,-23.5348365,-46.6447335,,,,2,2023-06-20T04:27:13+00:00
SAO_778R-10,São Paulo,3550308,True,,33277,,,-23.5757805,-46.719288750000004,,,,2,2023-06-20T04:27:01+00:00
SAO_778R-10,São Paulo,3550308,True,,33277,,,-23.585682499999997,-46.805686,,,,2,2023-06-20T04:27:11+00:00
SAO_778R-10,São Paulo,3550308,True,,33277,,,-23.5480775,-46.649773624999995,,,,2,2023-06-20T04:27:31+00:00
SAO_1177-10,São Paulo,3550308,True,,32897,,,-23.517572,-46.475783,,,,2,2023-06-20T04:27:34+00:00
SAO_1177-10,São Paulo,3550308,True,,32897,,,-23.517572,-46.475783,,,,2,2023-06-20T04:27:41+00:00
SAO_1177-10,São Paulo,3550308,True,,32897,,,-23.5361185,-46.632417000000004,,,,2,2023-06-20T04:27:00+00:00
SAO_1177-10,São Paulo,3550308,True,,32897,,,-23.5182095,-46.475659,,,,2,2023-06-20T04:27:27+00:00
SAO_1177-10,São Paulo,3550308,True,,32897,,,-23.5238575,-46.558719499999995,,,,2,2023-06-20T04:25:03+00:00
SAO_1743-10,São Paulo,3550308,True,,33311,,,-23.456181,-46.667799,,,,2,2023-06-20T04:27:11+00:00
SAO_1743-10,São Paulo,3550308,True,,33311,,,-23.482584,-46.6428535,,,,2,2023-06-20T04:25:08+00:00
SAO_1743-10,São Paulo,3550308,True,,33311,,,-23.517211125,-46.62507725,,,,2,2023-06-20T04:27:18+00:00
SAO_2552-10,São Paulo,3550308,True,,32910,,,-23.489174499999997,-46.420949500000006,,,,2,2023-06-20T04:27:40+00:00
SAO_2552-10,São Paulo,3550308,True,,32910,,,-23.492154,-46.445614500000005,,,,2,2023-06-20T04:27:21+00:00
SAO_2552-10,São Paulo,3550308,True,,32910,,,-23.535182374999998,-46.58226225,,,,2,2023-06-20T04:27:08+00:00
SAO_2552-10,São Paulo,3550308,True,,32910,,,-23.510448250000003,-46.4984745,,,,2,2023-06-20T04:27:35+00:00
SAO_2552-10,São Paulo,3550308,True,,32910,,,-23.4885445,-46.420998999999995,,,,2,2023-06-20T04:27:29+00:00
SAO_2552-10,São Paulo,3550308,True,,32910,,,-23.502336,-46.471188,,,,2,2023-06-20T04:27:35+00:00
SAO_2552-10,São Paulo,3550308,True,,32910,,,-23.485176375,-46.417376000000004,,,,2,2023-06-20T04:26:23+00:00
SAO_2552-10,São Paulo,3550308,True,,32910,,,-23.5163385,-46.520989,,,,2,2023-06-20T04:27:25+00:00
SAO_2552-10,São Paulo,3550308,True,,32910,,,-23.542585000000003,-46.6159675,,,,2,2023-06-20T04:27:19+00:00
SAO_2552-10,São Paulo,3550308,True,,32910,,,-23.5345895,-46.568281999999996,,,,2,2023-06-20T04:25:16+00:00
SAO_637R-10,São Paulo,3550308,True,EMTU,196,https://moovitapp.com/index/pt-br/transporte_p%C3%BAblico-line-196-Sao_Paulo-242-2038937-36419323-0,4.85,-23.702687,-46.7833245,,,,1,2023-06-20T04:27:25+00:00
SAO_637R-10,São Paulo,3550308,True,EMTU,196,https://moovitapp.com/index/pt-br/transporte_p%C3%BAblico-line-196-Sao_Paulo-242-2038937-36419323-0,4.85,-23.654075,-46.711811,,,,1,2023-06-20T04:27:17+00:00
SAO_637R-10,São Paulo,3550308,True,EMTU,196,https://moovitapp.com/index/pt-br/transporte_p%C3%BAblico-line-196-Sao_Paulo-242-2038937-36419323-0,4.85,-23.7207345,-46.77011,,,,1,2023-06-20T04:27:05+00:00
SAO_637R-10,São Paulo,3550308,True,EMTU,196,https://moovitapp.com/index/pt-br/transporte_p%C3%BAblico-line-196-Sao_Paulo-242-2038937-36419323-0,4.85,-23.654252,-46.712655999999996,,,,1,2023-06-20T04:26:58+00:00
SAO_637R-10,São Paulo,3550308,True,EMTU,196,https://moovitapp.com/index/pt-br/transporte_p%C3%BAblico-line-196-Sao_Paulo-242-2038937-36419323-0,4.85,-23.720738375,-46.769435125,,,,1,2023-06-20T04:27:09+00:00
SAO_637R-10,São Paulo,3550308,True,EMTU,196,https://moovitapp.com/index/pt-br/transporte_p%C3%BAblico-line-196-Sao_Paulo-242-2038937-36419323-0,4.85,-23.671774,-46.7412225,,,,1,2023-06-20T04:27:29+00:00
SAO_637R-10,São Paulo,3550308,True,EMTU,196,https://moovitapp.com/index/pt-br/transporte_p%C3%BAblico-line-196-Sao_Paulo-242-2038937-36419323-0,4.85,-23.7207345,-46.77011,,,,1,2023-06-20T04:27:03+00:00
SAO_253F-10,São Paulo,3550308,True,EMTU,158,https://moovitapp.com/index/pt-br/transporte_p%C3%BAblico-line-158-Sao_Paulo-242-2038937-36419303-0,7.45,-23.518759,-46.475552,,,,1,2023-06-20T04:27:19+00:00
SAO_253F-10,São Paulo,3550308,True,EMTU,158,https://moovitapp.com/index/pt-br/transporte_p%C3%BAblico-line-158-Sao_Paulo-242-2038937-36419303-0,7.45,-23.5746405,-46.4543305,,,,1,2023-06-20T04:26:22+00:00
SAO_253F-10,São Paulo,3550308,True,EMTU,158,https://moovitapp.com/index/pt-br/transporte_p%C3%BAblico-line-158-Sao_Paulo-242-2038937-36419303-0,7.45,-23.5165795,-46.462282,,,,1,2023-06-20T04:27:32+00:00
SAO_253F-10,São Paulo,3550308,True,EMTU,158,https://moovitapp.com/index/pt-br/transporte_p%C3%BAblico-line-158-Sao_Paulo-242-2038937-36419303-0,7.45,-23.5185795,-46.475586,,,,1,2023-06-20T04:26:58+00:00
SAO_874C-10,São Paulo,3550308,True,,33245,,,-23.546825,-46.7609525,,,,2,2023-06-20T04:27:10+00:00
SAO_874C-10,São Paulo,3550308,True,,33245,,,-23.549540875,-46.741937437500006,,,,2,2023-06-20T04:27:07+00:00
SAO_874C-10,São Paulo,3550308,True,,33245,,,-23.5582135,-46.660008,,,,2,2023-06-20T04:27:38+00:00
SAO_874C-10,São Paulo,3550308,True,,33245,,,-23.53544925,-46.7118885,,,,2,2023-06-20T04:27:41+00:00
SAO_3025-10,São Paulo,3550308,True,,33729,,,-23.543061,-46.415521999999996,,,,2,2023-06-20T04:27:36+00:00
SAO_3025-10,São Paulo,3550308,True,,33729,,,-23.56388,-46.4163495,,,,2,2023-06-20T04:27:10+00:00
SAO_3025-10,São Paulo,3550308,True,,33729,,,-23.570379000000003,-46.3989755,,,,2,2023-06-20T04:27:32+00:00
SAO_3025-10,São Paulo,3550308,True,,33729,,,-23.5770275,-46.397946000000005,,,,2,2023-06-20T04:27:15+00:00
SAO_714C-10,São Paulo,3550308,True,,487,,,-23.598606750000002,-46.791288249999994,,,,1,2023-06-20T04:27:05+00:00
SAO_714C-10,São Paulo,3550308,True,,487,,,-23.5696595,-46.697385,,,,1,2023-06-20T04:27:32+00:00
SAO_573A-10,São Paulo,3550308,True,,1637,,,-23.609561624999998,-46.557165875,,,,1,2023-06-20T04:27:12+00:00
SAO_573A-10,São Paulo,3550308,True,,1637,,,-23.5472225,-46.60696,,,,1,2023-06-20T04:27:38+00:00
SAO_573A-10,São Paulo,3550308,True,,1637,,,-23.579336499999997,-46.5869685,,,,1,2023-06-20T04:26:37+00:00
SAO_573A-10,São Paulo,3550308,True,,1637,,,-23.587003,-46.585473,,,,1,2023-06-20T04:27:06+00:00
SAO_573A-10,São Paulo,3550308,True,,1637,,,-23.553439750000003,-46.599959500000004,,,,1,2023-06-20T04:27:35+00:00
SAO_172K-10,São Paulo,3550308,True,,33625,,,-23.456574500000002,-46.5947105,,,,2,2023-06-20T04:27:24+00:00
SAO_172K-10,São Paulo,3550308,True,,33625,,,-23.456100499999998,-46.59466,,,,2,2023-06-20T04:27:41+00:00
SAO_172K-10,São Paulo,3550308,True,,33625,,,-23.5406905,-46.595188625000006,,,,2,2023-06-20T04:27:01+00:00
SAO_172K-10,São Paulo,3550308,True,,33625,,,-23.456906,-46.595107999999996,,,,2,2023-06-20T04:27:15+00:00
SAO_172K-10,São Paulo,3550308,True,,33625,,,-23.456327,-46.5947025,,,,2,2023-06-20T04:27:37+00:00
SAO_172K-10,São Paulo,3550308,True,,33625,,,-23.47735525,-46.5893685,,,,2,2023-06-20T04:27:43+00:00
SAO_172K-10,São Paulo,3550308,True,,33625,,,-23.49621075,-46.597879999999996,,,,2,2023-06-20T04:27:21+00:00
SAO_4030-10,São Paulo,3550308,True,,1100,,,-23.5633835,-46.501695,,,,1,2023-06-20T04:27:42+00:00
SAO_4030-10,São Paulo,3550308,True,,1100,,,-23.615547499999998,-46.484655000000004,,,,1,2023-06-20T04:27:40+00:00
SAO_4030-10,São Paulo,3550308,True,,1100,,,-23.6146185,-46.487648,,,,1,2023-06-20T04:27:18+00:00
SAO_4030-10,São Paulo,3550308,True,,1100,,,-23.5633835,-46.501695,,,,1,2023-06-20T04:27:18+00:00
SAO_4030-10,São Paulo,3550308,True,,1100,,,-23.6103505,-46.485363,,,,1,2023-06-20T04:27:08+00:00
SAO_1783-10,São Paulo,3550308,True,,644,,,-23.49109925,-46.624753,,,,1,2023-06-20T04:27:36+00:00
SAO_1783-10,São Paulo,3550308,True,,644,,,-23.456733999999997,-46.6026445,,,,1,2023-06-20T04:26:57+00:00
SAO_607C-10,São Paulo,3550308,True,,1977,,,-23.658198,-46.66379825,,,,1,2023-06-20T04:27:26+00:00
SAO_607C-10,São Paulo,3550308,True,,1977,,,-23.689011999999998,-46.6349485,,,,1,2023-06-20T04:27:29+00:00
SAO_607C-10,São Paulo,3550308,True,,1977,,,-23.6896565,-46.635254,,,,1,2023-06-20T04:27:19+00:00
SAO_607C-10,São Paulo,3550308,True,,1977,,,-23.6849845,-46.633231,,,,1,2023-06-20T04:27:41+00:00
SAO_607C-10,São Paulo,3550308,True,,1977,,,-23.60643825,-46.693220499999995,,,,1,2023-06-20T04:27:08+00:00
SAO_6078-10,São Paulo,3550308,True,,33934,,,-23.7513335,-46.666135499999996,,,,2,2023-06-20T04:27:05+00:00
SAO_6078-10,São Paulo,3550308,True,,33934,,,-23.741339,-46.6604465,,,,2,2023-06-20T04:26:58+00:00
SAO_6078-10,São Paulo,3550308,True,,33934,,,-23.741339,-46.6604465,,,,2,2023-06-20T04:27:34+00:00
SAO_6039-10,São Paulo,3550308,True,,33985,,,-23.6439355,-46.73137425,,,,2,2023-06-20T04:27:28+00:00
SAO_6039-10,São Paulo,3550308,True,,33985,,,-23.685482999999998,-46.800789249999994,,,,2,2023-06-20T04:27:31+00:00
SAO_6039-10,São Paulo,3550308,True,,33985,,,-23.685625,-46.80100575,,,,2,2023-06-20T04:27:24+00:00
SAO_5757-51,São Paulo,3550308,True,,34744,,,-23.635112499999998,-46.640995000000004,,,,2,2023-06-20T04:25:09+00:00
SAO_5757-51,São Paulo,3550308,True,,34744,,,-23.636175,-46.64056825,,,,2,2023-06-20T04:27:33+00:00
SAO_5757-51,São Paulo,3550308,True,,34744,,,-23.70771575,-46.6411915,,,,2,2023-06-20T04:26:57+00:00
SAO_5757-51,São Paulo,3550308,True,,34744,,,-23.635112499999998,-46.640995000000004,,,,2,2023-06-20T04:27:00+00:00
SAO_5757-51,São Paulo,3550308,True,,34744,,,-23.707351,-46.641422000000006,,,,2,2023-06-20T04:26:59+00:00
SAO_5757-51,São Paulo,3550308,True,,34744,,,-23.70636,-46.64149,,,,2,2023-06-20T04:27:21+00:00
SAO_5757-51,São Paulo,3550308,True,,34744,,,-23.6649445,-46.65729449999999,,,,2,2023-06-20T04:27:11+00:00
SAO_5757-51,São Paulo,3550308,True,,34744,,,-23.635112499999998,-46.640995000000004,,,,2,2023-06-20T04:27:13+00:00
SAO_5757-51,São Paulo,3550308,True,,34744,,,-23.635112499999998,-46.640995000000004,,,,2,2023-06-20T04:25:52+00:00
SAO_5757-51,São Paulo,3550308,True,,34744,,,-23.635112499999998,-46.640995000000004,,,,2,2023-06-20T04:26:01+00:00
SAO_5757-51,São Paulo,3550308,True,,34744,,,-23.6795345,-46.6401085,,,,2,2023-06-20T04:27:41+00:00
SAO_5757-51,São Paulo,3550308,True,,34744,,,-23.635112499999998,-46.640995000000004,,,,2,2023-06-20T04:27:22+00:00
SAO_5119-10,São Paulo,3550308,True,,32769,,,-23.565608875,-46.647713249999995,,,,2,2023-06-20T04:27:39+00:00
SAO_5119-10,São Paulo,3550308,True,,32769,,,-23.601846000000002,-46.711372,,,,2,2023-06-20T04:27:41+00:00
SAO_5119-10,São Paulo,3550308,True,,32769,,,-23.551664000000002,-46.6372965,,,,2,2023-06-20T04:27:14+00:00
SAO_5119-10,São Paulo,3550308,True,,32769,,,-23.612494125,-46.729085625,,,,2,2023-06-20T04:27:38+00:00
SAO_5119-10,São Paulo,3550308,True,,32769,,,-23.6544345,-46.762947,,,,2,2023-06-20T04:26:59+00:00
SAO_5119-10,São Paulo,3550308,True,,32769,,,-23.584395875,-46.673928625,,,,2,2023-06-20T04:27:12+00:00
SAO_5119-10,São Paulo,3550308,True,,32769,,,-23.637881,-46.73684325,,,,2,2023-06-20T04:27:25+00:00
SAO_5119-10,São Paulo,3550308,True,,32769,,,-23.654660999999997,-46.7609705,,,,2,2023-06-20T04:27:35+00:00
SAO_5119-10,São Paulo,3550308,True,,32769,,,-23.602723500000003,-46.712022,,,,2,2023-06-20T04:27:41+00:00
SAO_5119-10,São Paulo,3550308,True,,32769,,,-23.6545275,-46.76135549999999,,,,2,2023-06-20T04:27:01+00:00
SAO_5119-10,São Paulo,3550308,True,,32769,,,-23.637881,-46.73684325,,,,2,2023-06-20T04:27:20+00:00
SAO_407E-10,São Paulo,3550308,True,,2215,,,-23.6335585,-46.4430015,,,,1,2023-06-20T04:27:00+00:00
SAO_407E-10,São Paulo,3550308,True,,2215,,,-23.5894395,-46.479573,,,,1,2023-06-20T04:27:06+00:00
SAO_407E-10,São Paulo,3550308,True,,2215,,,-23.6335585,-46.4430015,,,,1,2023-06-20T04:27:36+00:00
SAO_407E-10,São Paulo,3550308,True,,2215,,,-23.6335585,-46.4430015,,,,1,2023-06-20T04:27:21+00:00
SAO_407E-10,São Paulo,3550308,True,,2215,,,-23.619676,-46.461057499999995,,,,1,2023-06-20T04:27:36+00:00
SAO_407E-10,São Paulo,3550308,True,,2215,,,-23.555835375,-46.516417125000004,,,,1,2023-06-20T04:27:19+00:00
SAO_407E-10,São Paulo,3550308,True,,2215,,,-23.5386495,-46.5641825,,,,1,2023-06-20T04:27:35+00:00
SAO_3054-10,São Paulo,3550308,True,,975,,,-23.60563525,-46.47994,,,,1,2023-06-20T04:27:23+00:00
SAO_3054-10,São Paulo,3550308,True,,975,,,-23.5941205,-46.4227635,,,,1,2023-06-20T04:27:14+00:00
SAO_3054-10,São Paulo,3550308,True,,975,,,-23.61071875,-46.49325225,,,,1,2023-06-20T04:27:06+00:00
SAO_3054-10,São Paulo,3550308,True,,975,,,-23.609925,-46.407969,,,,1,2023-06-20T04:27:00+00:00
SAO_3054-10,São Paulo,3550308,True,,975,,,-23.609925,-46.407969,,,,1,2023-06-20T04:27:14+00:00
SAO_3054-10,São Paulo,3550308,True,,975,,,-23.594653,-46.441705999999996,,,,1,2023-06-20T04:27:37+00:00
SAO_7023-10,São Paulo,3550308,True,,34920,,,-23.6995785,-46.763411500000004,,,,2,2023-06-20T04:27:21+00:00
SAO_7023-10,São Paulo,3550308,True,,34920,,,-23.700532000000003,-46.765899000000005,,,,2,2023-06-20T04:25:51+00:00
SAO_7023-10,São Paulo,3550308,True,,34920,,,-23.66549,-46.711397,,,,2,2023-06-20T04:27:40+00:00
SAO_8548-10,São Paulo,3550308,True,EMTU,578,https://moovitapp.com/index/pt-br/transporte_p%C3%BAblico-line-578-Sao_Paulo-242-2038937-36419568-0,5.4,-23.435700375000003,-46.717766875,,,,1,2023-06-20T04:27:37+00:00
SAO_8548-10,São Paulo,3550308,True,EMTU,578,https://moovitapp.com/index/pt-br/transporte_p%C3%BAblico-line-578-Sao_Paulo-242-2038937-36419568-0,5.4,-23.495005499999998,-46.6922605,,,,1,2023-06-20T04:27:09+00:00
SAO_6051-10,São Paulo,3550308,True,,1143,,,-23.767886500000003,-46.7165485,,,,1,2023-06-20T04:27:27+00:00
SAO_809P-10,São Paulo,3550308,True,,1891,,,-23.59685225,-46.739891875,,,,1,2023-06-20T04:27:13+00:00
SAO_809P-10,São Paulo,3550308,True,,1891,,,-23.5662595,-46.7016385,,,,1,2023-06-20T04:27:20+00:00
SAO_809P-10,São Paulo,3550308,True,,1891,,,-23.631026499999997,-46.773642,,,,1,2023-06-20T04:27:41+00:00
SAO_809P-10,São Paulo,3550308,True,,1891,,,-23.567243750000003,-46.6965035,,,,1,2023-06-20T04:27:18+00:00
SAO_574R-10,São Paulo,3550308,True,,1623,,,-23.568059249999997,-46.568916,,,,1,2023-06-20T04:27:30+00:00
SAO_574R-10,São Paulo,3550308,True,,1623,,,-23.602347125,-46.510774999999995,,,,1,2023-06-20T04:27:09+00:00
SAO_574R-10,São Paulo,3550308,True,,1623,,,-23.613837500000002,-46.503387000000004,,,,1,2023-06-20T04:27:34+00:00
SAO_574R-10,São Paulo,3550308,True,,1623,,,-23.542389999999997,-46.5898445,,,,1,2023-06-20T04:27:29+00:00
SAO_8707-10,São Paulo,3550308,True,,34832,,,-23.582739625000002,-46.76021837500001,,,,2,2023-06-20T04:27:27+00:00
SAO_8707-10,São Paulo,3550308,True,,34832,,,-23.574617,-46.730098,,,,2,2023-06-20T04:27:20+00:00
SAO_8707-10,São Paulo,3550308,True,,34832,,,-23.582739625000002,-46.76021837500001,,,,2,2023-06-20T04:27:00+00:00
SAO_8707-10,São Paulo,3550308,True,,34832,,,-23.534592,-46.644363999999996,,,,2,2023-06-20T04:27:24+00:00
SAO_8707-10,São Paulo,3550308,True,,34832,,,-23.549295,-46.65299950000001,,,,2,2023-06-20T04:27:24+00:00
SAO_2727-10,São Paulo,3550308,True,,942,,,-23.540153,-46.483096,,,,1,2023-06-20T04:27:01+00:00
SAO_2727-10,São Paulo,3550308,True,,942,,,-23.540153,-46.483096,,,,1,2023-06-20T04:27:14+00:00
SAO_2727-10,São Paulo,3550308,True,,942,,,-23.540153,-46.483096,,,,1,2023-06-20T04:27:05+00:00
SAO_2727-10,São Paulo,3550308,True,,942,,,-23.540153,-46.483096,,,,1,2023-06-20T04:27:07+00:00
SAO_2727-10,São Paulo,3550308,True,,942,,,-23.52415275,-46.461254,,,,1,2023-06-20T04:27:06+00:00
SAO_2727-10,São Paulo,3550308,True,,942,,,-23.540153,-46.483096,,,,1,2023-06-20T04:27:20+00:00
SAO_2727-10,São Paulo,3550308,True,,942,,,-23.530007249999997,-46.466407000000004,,,,1,2023-06-20T04:27:22+00:00
SAO_6074-10,São Paulo,3550308,True,,1161,,,-23.735033875,-46.694067875,,,,1,2023-06-20T04:27:35+00:00
SAO_6074-10,São Paulo,3550308,True,,1161,,,-23.745835999999997,-46.6651815,,,,1,2023-06-20T04:27:17+00:00
SAO_6074-10,São Paulo,3550308,True,,1161,,,-23.75495575,-46.675563249999996,,,,1,2023-06-20T04:27:06+00:00
SAO_6074-10,São Paulo,3550308,True,,1161,,,-23.709000500000002,-46.699838,,,,1,2023-06-20T04:27:27+00:00
SAO_3686-10,São Paulo,3550308,True,,32934,,,-23.559947,-46.4038685,,,,2,2023-06-20T04:27:21+00:00
SAO_3686-10,São Paulo,3550308,True,,32934,,,-23.55986625,-46.40348975,,,,2,2023-06-20T04:27:03+00:00
SAO_3686-10,São Paulo,3550308,True,,32934,,,-23.559947,-46.4038685,,,,2,2023-06-20T04:27:20+00:00
SAO_3686-10,São Paulo,3550308,True,,32934,,,-23.559947,-46.4038685,,,,2,2023-06-20T04:27:40+00:00
SAO_3686-10,São Paulo,3550308,True,,32934,,,-23.535841499999997,-46.4280035,,,,2,2023-06-20T04:27:30+00:00
SAO_3686-10,São Paulo,3550308,True,,32934,,,-23.546787000000002,-46.630505,,,,2,2023-06-20T04:25:29+00:00
SAO_3686-10,São Paulo,3550308,True,,32934,,,-23.559947,-46.4038685,,,,2,2023-06-20T04:27:31+00:00
SAO_3686-10,São Paulo,3550308,True,,32934,,,-23.530435250000004,-46.51706275,,,,2,2023-06-20T04:27:14+00:00
SAO_5791-10,São Paulo,3550308,True,,607,,,-23.71619,-46.62593,,,,1,2023-06-20T04:27:19+00:00
SAO_5791-10,São Paulo,3550308,True,,607,,,-23.697862999999998,-46.627767,,,,1,2023-06-20T04:27:36+00:00
SAO_5791-10,São Paulo,3550308,True,,607,,,-23.668312,-46.635931,,,,1,2023-06-20T04:27:16+00:00
SAO_5791-10,São Paulo,3550308,True,,607,,,-23.69389425,-46.64531675,,,,1,2023-06-20T04:27:05+00:00
SAO_5791-10,São Paulo,3550308,True,,607,,,-23.6003445,-46.6365995,,,,1,2023-06-20T04:27:22+00:00
SAO_5791-10,São Paulo,3550308,True,,607,,,-23.567601,-46.6399165,,,,1,2023-06-20T04:27:35+00:00
SAO_5791-10,São Paulo,3550308,True,,607,,,-23.605396,-46.636989,,,,1,2023-06-20T04:27:11+00:00
SAO_6016-10,São Paulo,3550308,True,,32852,,,-23.7668205,-46.68414,,,,2,2023-06-20T04:27:14+00:00
SAO_4006-10,São Paulo,3550308,True,,34948,,,-23.59727,-46.4356735,,,,2,2023-06-20T04:27:32+00:00
SAO_4006-10,São Paulo,3550308,True,,34948,,,-23.5970085,-46.4355535,,,,2,2023-06-20T04:27:28+00:00
SAO_4006-10,São Paulo,3550308,True,,34948,,,-23.614632999999998,-46.4325515,,,,2,2023-06-20T04:26:48+00:00
SAO_574A-10,São Paulo,3550308,True,Rápido Campinas,602,https://moovitapp.com/index/pt-br/transporte_p%C3%BAblico-line-602-Sao_Paulo-242-858660-638986-0,5.3,-23.6683785,-46.642662,,,,1,2023-06-20T04:27:12+00:00
SAO_574A-10,São Paulo,3550308,True,Rápido Campinas,602,https://moovitapp.com/index/pt-br/transporte_p%C3%BAblico-line-602-Sao_Paulo-242-858660-638986-0,5.3,-23.634219,-46.641591000000005,,,,1,2023-06-20T04:27:15+00:00
SAO_574A-10,São Paulo,3550308,True,Rápido Campinas,602,https://moovitapp.com/index/pt-br/transporte_p%C3%BAblico-line-602-Sao_Paulo-242-858660-638986-0,5.3,-23.57196425,-46.62263075,,,,1,2023-06-20T04:27:14+00:00
SAO_574A-10,São Paulo,3550308,True,Rápido Campinas,602,https://moovitapp.com/index/pt-br/transporte_p%C3%BAblico-line-602-Sao_Paulo-242-858660-638986-0,5.3,-23.6683785,-46.642662,,,,1,2023-06-20T04:27:40+00:00
SAO_407L-10,São Paulo,3550308,True,,2199,,,-23.583129,-46.4092945,,,,1,2023-06-20T04:27:22+00:00
SAO_407L-10,São Paulo,3550308,True,,2199,,,-23.543731,-46.410611,,,,1,2023-06-20T04:24:32+00:00
SAO_407L-10,São Paulo,3550308,True,,2199,,,-23.589282250000004,-46.393872625,,,,1,2023-06-20T04:27:23+00:00
SAO_407L-10,São Paulo,3550308,True,,2199,,,-23.533782,-46.488301750000005,,,,1,2023-06-20T04:27:25+00:00
SAO_407L-10,São Paulo,3550308,True,,2199,,,-23.528529,-46.5160515,,,,1,2023-06-20T04:27:02+00:00
SAO_407L-10,São Paulo,3550308,True,,2199,,,-23.57796875,-46.415870749999996,,,,1,2023-06-20T04:26:55+00:00
SAO_4313-10,São Paulo,3550308,True,,34941,,,-23.5479245,-46.629473,,,,2,2023-06-20T04:27:37+00:00
SAO_4313-10,São Paulo,3550308,True,,34941,,,-23.583026,-46.408417,,,,2,2023-06-20T04:27:32+00:00
SAO_4313-10,São Paulo,3550308,True,,34941,,,-23.583026,-46.408417,,,,2,2023-06-20T04:27:39+00:00
SAO_4313-10,São Paulo,3550308,True,,34941,,,-23.578618,-46.4990645,,,,2,2023-06-20T04:27:06+00:00
SAO_4313-10,São Paulo,3550308,True,,34941,,,-23.594403999999997,-46.4249155,,,,2,2023-06-20T04:27:39+00:00
SAO_4313-10,São Paulo,3550308,True,,34941,,,-23.58714825,-46.484072999999995,,,,2,2023-06-20T04:27:28+00:00
SAO_4313-10,São Paulo,3550308,True,,34941,,,-23.5479245,-46.629473,,,,2,2023-06-20T04:27:12+00:00
SAO_4313-10,São Paulo,3550308,True,,34941,,,-23.59481075,-46.449171500000006,,,,2,2023-06-20T04:27:15+00:00
SAO_4313-10,São Paulo,3550308,True,,34941,,,-23.5831585,-46.407859,,,,2,2023-06-20T04:27:27+00:00
SAO_4313-10,São Paulo,3550308,True,,34941,,,-23.548963999999998,-46.525281,,,,2,2023-06-20T04:27:40+00:00
SAO_4313-10,São Paulo,3550308,True,,34941,,,-23.53848,-46.5645665,,,,2,2023-06-20T04:27:14+00:00
SAO_4313-10,São Paulo,3550308,True,,34941,,,-23.5479245,-46.629473,,,,2,2023-06-20T04:27:11+00:00
SAO_4313-10,São Paulo,3550308,True,,34941,,,-23.5987515,-46.4645435,,,,2,2023-06-20T04:27:12+00:00
SAO_4313-10,São Paulo,3550308,True,,34941,,,-23.5490945,-46.6293005,,,,2,2023-06-20T04:27:17+00:00
SAO_2766-10,São Paulo,3550308,True,EMTU,405,https://moovitapp.com/index/pt-br/transporte_p%C3%BAblico-line-405-Sao_Paulo-242-2038937-36419467-0,5.35,-23.542716,-46.469168499999995,,,,1,2023-06-20T04:27:13+00:00
SAO_2766-10,São Paulo,3550308,True,EMTU,405,https://moovitapp.com/index/pt-br/transporte_p%C3%BAblico-line-405-Sao_Paulo-242-2038937-36419467-0,5.35,-23.4976955,-46.442229499999996,,,,1,2023-06-20T04:27:31+00:00
SAO_2766-10,São Paulo,3550308,True,EMTU,405,https://moovitapp.com/index/pt-br/transporte_p%C3%BAblico-line-405-Sao_Paulo-242-2038937-36419467-0,5.35,-23.504630999999996,-46.39661575,,,,1,2023-06-20T04:26:57+00:00
SAO_2766-10,São Paulo,3550308,True,EMTU,405,https://moovitapp.com/index/pt-br/transporte_p%C3%BAblico-line-405-Sao_Paulo-242-2038937-36419467-0,5.35,-23.5205845,-46.390026500000005,,,,1,2023-06-20T04:27:26+00:00
SAO_2766-10,São Paulo,3550308,True,EMTU,405,https://moovitapp.com/index/pt-br/transporte_p%C3%BAblico-line-405-Sao_Paulo-242-2038937-36419467-0,5.35,-23.51828025,-46.3879975,,,,1,2023-06-20T04:27:09+00:00
SAO_2709-10,São Paulo,3550308,True,,33690,,,-23.529739,-46.501110999999995,,,,2,2023-06-20T04:27:18+00:00
SAO_2709-10,São Paulo,3550308,True,,33690,,,-23.529814000000002,-46.5011675,,,,2,2023-06-20T04:27:19+00:00
SAO_2709-10,São Paulo,3550308,True,,33690,,,-23.5202155,-46.480222999999995,,,,2,2023-06-20T04:27:07+00:00
SAO_576M-10,São Paulo,3550308,True,,604,,,-23.57730625,-46.6867535,,,,1,2023-06-20T04:27:38+00:00
SAO_576M-10,São Paulo,3550308,True,,604,,,-23.6255505,-46.6614505,,,,1,2023-06-20T04:27:34+00:00
SAO_576M-10,São Paulo,3550308,True,,604,,,-23.6664055,-46.63743,,,,1,2023-06-20T04:27:37+00:00
SAO_574W-10,São Paulo,3550308,True,,34397,,,-23.619650999999998,-46.483541,,,,2,2023-06-20T04:27:20+00:00
SAO_574W-10,São Paulo,3550308,True,,34397,,,-23.574265999999998,-46.53352675,,,,2,2023-06-20T04:27:41+00:00
SAO_574W-10,São Paulo,3550308,True,,34397,,,-23.61519175,-46.48790975,,,,2,2023-06-20T04:27:37+00:00
SAO_574W-10,São Paulo,3550308,True,,34397,,,-23.587729,-46.519262499999996,,,,2,2023-06-20T04:27:37+00:00
SAO_574W-10,São Paulo,3550308,True,,34397,,,-23.615775499999998,-46.488022,,,,2,2023-06-20T04:27:20+00:00
SAO_807M-10,São Paulo,3550308,True,,1916,,,-23.6206535,-46.699377,,,,1,2023-06-20T04:27:38+00:00
SAO_807M-10,São Paulo,3550308,True,,1916,,,-23.619259749999998,-46.74734875,,,,1,2023-06-20T04:27:35+00:00
SAO_807M-10,São Paulo,3550308,True,,1916,,,-23.59921775,-46.721178375,,,,1,2023-06-20T04:27:31+00:00
SAO_2755-10,São Paulo,3550308,True,,33001,,,-23.5385345,-46.4074915,,,,2,2023-06-20T04:27:25+00:00
SAO_2755-10,São Paulo,3550308,True,,33001,,,-23.5341155,-46.4167245,,,,2,2023-06-20T04:21:42+00:00
SAO_2755-10,São Paulo,3550308,True,,33001,,,-23.53209775,-46.5480615,,,,2,2023-06-20T04:27:28+00:00
SAO_2755-10,São Paulo,3550308,True,,33001,,,-23.540091,-46.394296499999996,,,,2,2023-06-20T04:27:34+00:00
SAO_2755-10,São Paulo,3550308,True,,33001,,,-23.5154165,-46.455321,,,,2,2023-06-20T04:27:27+00:00
SAO_2755-10,São Paulo,3550308,True,,33001,,,-23.540091,-46.394296499999996,,,,2,2023-06-20T04:27:16+00:00
SAO_2755-10,São Paulo,3550308,True,,33001,,,-23.522423500000002,-46.5180585,,,,2,2023-06-20T04:27:16+00:00
SAO_2755-10,São Paulo,3550308,True,,33001,,,-23.540091,-46.394296499999996,,,,2,2023-06-20T04:27:03+00:00
SAO_2755-10,São Paulo,3550308,True,,33001,,,-23.539911,-46.394,,,,2,2023-06-20T04:27:29+00:00
SAO_3737-31,São Paulo,3550308,True,,34122,,,-23.5302815,-46.5166185,,,,2,2023-06-20T04:27:34+00:00
SAO_3737-31,São Paulo,3550308,True,,34122,,,-23.5302815,-46.5166185,,,,2,2023-06-20T04:27:36+00:00
SAO_3737-10,São Paulo,3550308,True,,1037,,,-23.5645765,-46.507687000000004,,,,1,2023-06-20T04:27:04+00:00
SAO_3737-10,São Paulo,3550308,True,,1037,,,-23.5504195,-46.507943999999995,,,,1,2023-06-20T04:27:14+00:00
SAO_3737-10,São Paulo,3550308,True,,1037,,,-23.555668500000003,-46.503803250000004,,,,1,2023-06-20T04:27:30+00:00
SAO_3737-10,São Paulo,3550308,True,,1037,,,-23.530963999999997,-46.5181355,,,,1,2023-06-20T04:27:13+00:00
SAO_3737-10,São Paulo,3550308,True,,1037,,,-23.538782750000003,-46.51567075,,,,1,2023-06-20T04:27:28+00:00
SAO_3737-10,São Paulo,3550308,True,,1037,,,-23.530861,-46.517923999999994,,,,1,2023-06-20T04:27:23+00:00
SAO_938V-10,São Paulo,3550308,True,STT,813,https://moovitapp.com/index/pt-br/transporte_p%C3%BAblico-line-813-Sao_Paulo-242-850661-183360-0,5.3,-23.459359999999997,-46.674609000000004,,,,1,2023-06-20T04:27:26+00:00
SAO_938V-10,São Paulo,3550308,True,STT,813,https://moovitapp.com/index/pt-br/transporte_p%C3%BAblico-line-813-Sao_Paulo-242-850661-183360-0,5.3,-23.523770374999998,-46.701695625,,,,1,2023-06-20T04:27:01+00:00
SAO_938V-10,São Paulo,3550308,True,STT,813,https://moovitapp.com/index/pt-br/transporte_p%C3%BAblico-line-813-Sao_Paulo-242-850661-183360-0,5.3,-23.451929999999997,-46.687303,,,,1,2023-06-20T04:27:25+00:00
SAO_938V-10,São Paulo,3550308,True,STT,813,https://moovitapp.com/index/pt-br/transporte_p%C3%BAblico-line-813-Sao_Paulo-242-850661-183360-0,5.3,-23.452041,-46.686785,,,,1,2023-06-20T04:27:32+00:00
SAO_6L08-10,São Paulo,3550308,True,,1182,,,-23.827348,-46.69764012499999,,,,1,2023-06-20T04:26:17+00:00
SAO_5035-10,São Paulo,3550308,True,,34436,,,-23.607378000000004,-46.59777425,,,,2,2023-06-20T04:27:41+00:00
SAO_5035-10,São Paulo,3550308,True,,34436,,,-23.637237,-46.5923005,,,,2,2023-06-20T04:27:18+00:00
SAO_5035-10,São Paulo,3550308,True,,34436,,,-23.63559925,-46.5928035,,,,2,2023-06-20T04:27:28+00:00
SAO_6450-10,São Paulo,3550308,True,,32827,,,-23.573234875,-46.666225875,,,,2,2023-06-20T04:27:34+00:00
SAO_6450-10,São Paulo,3550308,True,,32827,,,-23.5494755,-46.6392205,,,,2,2023-06-20T04:27:20+00:00
SAO_6450-10,São Paulo,3550308,True,,32827,,,-23.595443500000002,-46.6732535,,,,2,2023-06-20T04:27:12+00:00
SAO_6450-10,São Paulo,3550308,True,,32827,,,-23.654660999999997,-46.7609705,,,,2,2023-06-20T04:27:35+00:00
SAO_6450-10,São Paulo,3550308,True,,32827,,,-23.654127000000003,-46.762448000000006,,,,2,2023-06-20T04:26:59+00:00
SAO_6450-10,São Paulo,3550308,True,,32827,,,-23.654127000000003,-46.762448000000006,,,,2,2023-06-20T04:27:41+00:00
SAO_6450-10,São Paulo,3550308,True,,32827,,,-23.552871,-46.647738000000004,,,,2,2023-06-20T04:27:41+00:00
SAO_6450-10,São Paulo,3550308,True,,32827,,,-23.614648000000003,-46.679307,,,,2,2023-06-20T04:27:27+00:00
SAO_6450-10,São Paulo,3550308,True,,32827,,,-23.641752249999996,-46.6992505,,,,2,2023-06-20T04:27:42+00:00
SAO_4033-10,São Paulo,3550308,True,,33871,,,-23.604264,-46.538593500000005,,,,2,2023-06-20T04:27:35+00:00
SAO_4033-10,São Paulo,3550308,True,,33871,,,-23.6181505,-46.468418,,,,2,2023-06-20T04:27:28+00:00
SAO_4033-10,São Paulo,3550308,True,,33871,,,-23.618195749999998,-46.45853875,,,,2,2023-06-20T04:27:12+00:00
SAO_4033-10,São Paulo,3550308,True,,33871,,,-23.600249249999997,-46.50167975000001,,,,2,2023-06-20T04:27:33+00:00
SAO_4033-10,São Paulo,3550308,True,,33871,,,-23.604264,-46.538593500000005,,,,2,2023-06-20T04:27:08+00:00
SAO_4033-10,São Paulo,3550308,True,,33871,,,-23.604306,-46.5384965,,,,2,2023-06-20T04:27:08+00:00
SAO_4033-10,São Paulo,3550308,True,,33871,,,-23.59930325,-46.513871249999994,,,,2,2023-06-20T04:27:28+00:00
SAO_3732-10,São Paulo,3550308,True,,1029,,,-23.540812000000003,-46.432356,,,,1,2023-06-20T04:27:14+00:00
SAO_3732-10,São Paulo,3550308,True,,1029,,,-23.552575250000004,-46.445006750000005,,,,1,2023-06-20T04:27:42+00:00
SAO_3732-10,São Paulo,3550308,True,,1029,,,-23.542716,-46.469168499999995,,,,1,2023-06-20T04:27:39+00:00
SAO_3732-10,São Paulo,3550308,True,,1029,,,-23.542410500000003,-46.4699315,,,,1,2023-06-20T04:27:05+00:00
SAO_971A-10,São Paulo,3550308,True,,658,,,-23.496328,-46.666922,,,,1,2023-06-20T04:22:45+00:00
SAO_971A-10,São Paulo,3550308,True,,658,,,-23.514080875,-46.625206874999996,,,,1,2023-06-20T04:27:09+00:00
SAO_971A-10,São Paulo,3550308,True,,658,,,-23.522862,-46.623778,,,,1,2023-06-20T04:27:20+00:00
SAO_971A-10,São Paulo,3550308,True,,658,,,-23.486776499999998,-46.6808985,,,,1,2023-06-20T04:27:40+00:00
SAO_6035-10,São Paulo,3550308,True,,33981,,,-23.693933,-46.7796675,,,,2,2023-06-20T04:27:15+00:00
SAO_6035-10,São Paulo,3550308,True,,33981,,,-23.714772,-46.7713665,,,,2,2023-06-20T04:27:37+00:00
SAO_6035-10,São Paulo,3550308,True,,33981,,,-23.6926835,-46.778135500000005,,,,2,2023-06-20T04:27:17+00:00
SAO_6035-10,São Paulo,3550308,True,,33981,,,-23.669655,-46.7366765,,,,2,2023-06-20T04:27:12+00:00
SAO_6035-10,São Paulo,3550308,True,,33981,,,-23.645863499999997,-46.704108500000004,,,,2,2023-06-20T04:27:36+00:00
SAO_403A-10,São Paulo,3550308,True,,2192,,,-23.521622,-46.5468105,,,,1,2023-06-20T04:27:16+00:00
SAO_403A-10,São Paulo,3550308,True,,2192,,,-23.546644,-46.511874,,,,1,2023-06-20T04:27:37+00:00
SAO_6058-10,São Paulo,3550308,True,,33917,,,-23.769380499999997,-46.67707625,,,,2,2023-06-20T04:27:09+00:00
SAO_6058-10,São Paulo,3550308,True,,33917,,,-23.769588,-46.6772535,,,,2,2023-06-20T04:27:06+00:00
SAO_6058-10,São Paulo,3550308,True,,33917,,,-23.769380499999997,-46.67707625,,,,2,2023-06-20T04:27:19+00:00
SAO_6058-10,São Paulo,3550308,True,,33917,,,-23.769851000000003,-46.676743,,,,2,2023-06-20T04:27:19+00:00
SAO_6058-10,São Paulo,3550308,True,,33917,,,-23.7717915,-46.700151,,,,2,2023-06-20T04:27:43+00:00
SAO_6034-10,São Paulo,3550308,True,,32863,,,-23.747656499999998,-46.6691325,,,,2,2023-06-20T04:27:18+00:00
SAO_6034-10,São Paulo,3550308,True,,32863,,,-23.745424999999997,-46.664337,,,,2,2023-06-20T04:27:23+00:00
SAO_6034-10,São Paulo,3550308,True,,32863,,,-23.747656499999998,-46.6691325,,,,2,2023-06-20T04:27:13+00:00
SAO_6034-10,São Paulo,3550308,True,,32863,,,-23.74793,-46.66926425,,,,2,2023-06-20T04:27:23+00:00
SAO_6034-10,São Paulo,3550308,True,,32863,,,-23.737362,-46.6973265,,,,2,2023-06-20T04:27:28+00:00
SAO_408A-10,São Paulo,3550308,True,,766,,,-23.546582,-46.636320749999996,,,,1,2023-06-20T04:27:34+00:00
SAO_408A-10,São Paulo,3550308,True,,766,,,-23.5440265,-46.67212325,,,,1,2023-06-20T04:27:13+00:00
SAO_4310-10,São Paulo,3550308,True,,34928,,,-23.535746,-46.49264875,,,,2,2023-06-20T04:23:06+00:00
SAO_4310-10,São Paulo,3550308,True,,34928,,,-23.5381725,-46.563,,,,2,2023-06-20T04:27:33+00:00
SAO_4310-10,São Paulo,3550308,True,,34928,,,-23.551726000000002,-46.627584999999996,,,,2,2023-06-20T04:27:07+00:00
SAO_4310-10,São Paulo,3550308,True,,34928,,,-23.534565999999998,-46.4530625,,,,2,2023-06-20T04:27:14+00:00
SAO_4310-10,São Paulo,3550308,True,,34928,,,-23.534764000000003,-46.4534805,,,,2,2023-06-20T04:27:07+00:00
SAO_4310-10,São Paulo,3550308,True,,34928,,,-23.534565999999998,-46.4530625,,,,2,2023-06-20T04:27:24+00:00
SAO_4310-10,São Paulo,3550308,True,,34928,,,-23.535671999999998,-46.4544545,,,,2,2023-06-20T04:27:39+00:00
SAO_4310-10,São Paulo,3550308,True,,34928,,,-23.53042225,-46.5032265,,,,2,2023-06-20T04:27:21+00:00
SAO_4310-10,São Paulo,3550308,True,,34928,,,-23.547849750000005,-46.601793625,,,,2,2023-06-20T04:27:19+00:00
SAO_4310-10,São Paulo,3550308,True,,34928,,,-23.5381725,-46.563,,,,2,2023-06-20T04:25:51+00:00
SAO_4018-10,São Paulo,3550308,True,,2191,,,-23.584172000000002,-46.4149685,,,,1,2023-06-20T04:26:32+00:00
SAO_4018-10,São Paulo,3550308,True,,2191,,,-23.5950555,-46.4508085,,,,1,2023-06-20T04:27:29+00:00
SAO_4018-10,São Paulo,3550308,True,,2191,,,-23.613228499999998,-46.476530999999994,,,,1,2023-06-20T04:27:18+00:00
SAO_2704-10,São Paulo,3550308,True,,33684,,,-23.533876499999998,-46.4543015,,,,2,2023-06-20T04:27:11+00:00
SAO_2704-10,São Paulo,3550308,True,,33684,,,-23.526239,-46.409855500000006,,,,2,2023-06-20T04:27:20+00:00
SAO_6061-10,São Paulo,3550308,True,,1150,,,-23.737187499999997,-46.6971815,,,,1,2023-06-20T04:27:14+00:00
SAO_6061-10,São Paulo,3550308,True,,1150,,,-23.754754,-46.687891,,,,1,2023-06-20T04:27:40+00:00
SAO_6061-10,São Paulo,3550308,True,,1150,,,-23.784859,-46.6834355,,,,1,2023-06-20T04:27:39+00:00
SAO_6061-10,São Paulo,3550308,True,,1150,,,-23.7817615,-46.681180499999996,,,,1,2023-06-20T04:27:42+00:00
SAO_6061-10,São Paulo,3550308,True,,1150,,,-23.775406,-46.691789,,,,1,2023-06-20T04:27:18+00:00
SAO_3053-10,São Paulo,3550308,True,,33741,,,-23.584741,-46.495041,,,,2,2023-06-20T04:27:30+00:00
SAO_3053-10,São Paulo,3550308,True,,33741,,,-23.585588,-46.4950305,,,,2,2023-06-20T04:27:32+00:00
SAO_3053-10,São Paulo,3550308,True,,33741,,,-23.553830750000003,-46.58059299999999,,,,2,2023-06-20T04:27:33+00:00
SAO_3053-10,São Paulo,3550308,True,,33741,,,-23.584741,-46.495041,,,,2,2023-06-20T04:27:10+00:00
SAO_3053-10,São Paulo,3550308,True,,33741,,,-23.558814499999997,-46.567691499999995,,,,2,2023-06-20T04:26:51+00:00
SAO_3053-10,São Paulo,3550308,True,,33741,,,-23.585865,-46.4949845,,,,2,2023-06-20T04:27:06+00:00
SAO_3053-10,São Paulo,3550308,True,,33741,,,-23.5429775,-46.588603500000005,,,,2,2023-06-20T04:27:24+00:00
SAO_5106-31,São Paulo,3550308,True,,1305,,,-23.6886455,-46.634836500000006,,,,1,2023-06-20T04:27:22+00:00
SAO_5106-31,São Paulo,3550308,True,,1305,,,-23.581808000000002,-46.638332500000004,,,,1,2023-06-20T04:27:23+00:00
SAO_5106-31,São Paulo,3550308,True,,1305,,,-23.6165835,-46.643908999999994,,,,1,2023-06-20T04:27:21+00:00
SAO_3762-10,São Paulo,3550308,True,,33821,,,-23.54093,-46.5763015,,,,2,2023-06-20T04:27:28+00:00
SAO_3762-10,São Paulo,3550308,True,,33821,,,-23.5729005,-46.534064,,,,2,2023-06-20T04:27:03+00:00
SAO_3762-10,São Paulo,3550308,True,,33821,,,-23.5909755,-46.5166185,,,,2,2023-06-20T04:27:02+00:00
SAO_3762-10,São Paulo,3550308,True,,33821,,,-23.5909755,-46.5166185,,,,2,2023-06-20T04:27:15+00:00
SAO_3762-10,São Paulo,3550308,True,,33821,,,-23.54422075,-46.56457325,,,,2,2023-06-20T04:26:04+00:00
SAO_3762-10,São Paulo,3550308,True,,33821,,,-23.5598545,-46.543782,,,,2,2023-06-20T04:27:36+00:00
SAO_5127-10,São Paulo,3550308,True,,1127,,,-23.6969745,-46.6366915,,,,1,2023-06-20T04:26:28+00:00
SAO_5127-10,São Paulo,3550308,True,,1127,,,-23.7015515,-46.640887,,,,1,2023-06-20T04:26:37+00:00
SAO_5127-10,São Paulo,3550308,True,,1127,,,-23.7015515,-46.640887,,,,1,2023-06-20T04:25:48+00:00
SAO_5127-10,São Paulo,3550308,True,,1127,,,-23.7015515,-46.640887,,,,1,2023-06-20T04:27:23+00:00
SAO_5127-10,São Paulo,3550308,True,,1127,,,-23.7015515,-46.640887,,,,1,2023-06-20T04:27:08+00:00
SAO_5127-10,São Paulo,3550308,True,,1127,,,-23.675432,-46.68908775,,,,1,2023-06-20T04:27:29+00:00
SAO_5127-10,São Paulo,3550308,True,,1127,,,-23.7015515,-46.640887,,,,1,2023-06-20T04:27:27+00:00
SAO_5127-10,São Paulo,3550308,True,,1127,,,-23.7015515,-46.640887,,,,1,2023-06-20T04:27:02+00:00
SAO_9784-10,São Paulo,3550308,True,EMTU,827,https://moovitapp.com/index/pt-br/transporte_p%C3%BAblico-line-827-Sao_Paulo-242-2038937-36419596-0,12.1,-23.474333,-46.667280500000004,,,,1,2023-06-20T04:27:33+00:00
SAO_9784-10,São Paulo,3550308,True,EMTU,827,https://moovitapp.com/index/pt-br/transporte_p%C3%BAblico-line-827-Sao_Paulo-242-2038937-36419596-0,12.1,-23.4503535,-46.683854999999994,,,,1,2023-06-20T04:27:11+00:00
SAO_9784-10,São Paulo,3550308,True,EMTU,827,https://moovitapp.com/index/pt-br/transporte_p%C3%BAblico-line-827-Sao_Paulo-242-2038937-36419596-0,12.1,-23.4859385,-46.6528925,,,,1,2023-06-20T04:27:12+00:00
SAO_9784-10,São Paulo,3550308,True,EMTU,827,https://moovitapp.com/index/pt-br/transporte_p%C3%BAblico-line-827-Sao_Paulo-242-2038937-36419596-0,12.1,-23.459018,-46.674842999999996,,,,1,2023-06-20T04:27:11+00:00
SAO_5318-10,São Paulo,3550308,True,,32813,,,-23.572032375000003,-46.641120625,,,,2,2023-06-20T04:27:26+00:00
SAO_5318-10,São Paulo,3550308,True,,32813,,,-23.665154625,-46.753176499999995,,,,2,2023-06-20T04:27:11+00:00
SAO_5318-10,São Paulo,3550308,True,,32813,,,-23.606495375,-46.665043250000004,,,,2,2023-06-20T04:27:20+00:00
SAO_5318-10,São Paulo,3550308,True,,32813,,,-23.6646575,-46.753386,,,,2,2023-06-20T04:27:12+00:00
SAO_5318-10,São Paulo,3550308,True,,32813,,,-23.667127999999998,-46.751767,,,,2,2023-06-20T04:27:39+00:00
SAO_5318-10,São Paulo,3550308,True,,32813,,,-23.631812500000002,-46.710421499999995,,,,2,2023-06-20T04:27:34+00:00
SAO_5318-10,São Paulo,3550308,True,,32813,,,-23.66745,-46.7525615,,,,2,2023-06-20T04:27:07+00:00
SAO_128Y-10,São Paulo,3550308,True,,33611,,,-23.488655,-46.65375,,,,2,2023-06-20T04:27:38+00:00
SAO_128Y-10,São Paulo,3550308,True,,33611,,,-23.457234,-46.673289,,,,2,2023-06-20T04:27:11+00:00
SAO_128Y-10,São Paulo,3550308,True,,33611,,,-23.457446,-46.673119,,,,2,2023-06-20T04:27:27+00:00
SAO_128Y-10,São Paulo,3550308,True,,33611,,,-23.4578485,-46.6727245,,,,2,2023-06-20T04:27:25+00:00
SAO_701A-10,São Paulo,3550308,True,,33457,,,-23.4770315,-46.564111499999996,,,,2,2023-06-20T04:27:22+00:00
SAO_701A-10,São Paulo,3550308,True,,33457,,,-23.503239,-46.591603,,,,2,2023-06-20T04:27:19+00:00
SAO_701A-10,São Paulo,3550308,True,,33457,,,-23.4738595,-46.566243,,,,2,2023-06-20T04:26:59+00:00
SAO_701A-10,São Paulo,3550308,True,,33457,,,-23.539814999999997,-46.63375725,,,,2,2023-06-20T04:26:44+00:00
SAO_701A-10,São Paulo,3550308,True,,33457,,,-23.5473125,-46.690042500000004,,,,2,2023-06-20T04:27:01+00:00
SAO_701A-10,São Paulo,3550308,True,,33457,,,-23.553493000000003,-46.66007975,,,,2,2023-06-20T04:27:35+00:00
SAO_707K-10,São Paulo,3550308,True,,2503,,,-23.667625,-46.7351955,,,,1,2023-06-20T04:27:21+00:00
SAO_707K-10,São Paulo,3550308,True,,2503,,,-23.668707,-46.7352225,,,,1,2023-06-20T04:27:32+00:00
SAO_707K-10,São Paulo,3550308,True,,2503,,,-23.646406,-46.644999,,,,1,2023-06-20T04:27:24+00:00
SAO_6063-41,São Paulo,3550308,True,,34541,,,-23.787596999999998,-46.679432,,,,2,2023-06-20T04:27:12+00:00
SAO_6063-41,São Paulo,3550308,True,,34541,,,-23.7731425,-46.7029965,,,,2,2023-06-20T04:27:12+00:00
SAO_6063-41,São Paulo,3550308,True,,34541,,,-23.787667499999998,-46.6800415,,,,2,2023-06-20T04:27:17+00:00
SAO_6063-41,São Paulo,3550308,True,,34541,,,-23.7880545,-46.680126,,,,2,2023-06-20T04:26:59+00:00
SAO_4053-10,São Paulo,3550308,True,,2146,,,-23.553314,-46.394014999999996,,,,1,2023-06-20T04:27:00+00:00
SAO_4053-10,São Paulo,3550308,True,,2146,,,-23.553117999999998,-46.394191,,,,1,2023-06-20T04:25:19+00:00
SAO_4029-10,São Paulo,3550308,True,,33867,,,-23.597045,-46.529823,,,,2,2023-06-20T04:27:20+00:00
SAO_4029-10,São Paulo,3550308,True,,33867,,,-23.580627749999998,-46.583367249999995,,,,2,2023-06-20T04:27:19+00:00
SAO_4029-10,São Paulo,3550308,True,,33867,,,-23.585109,-46.583715,,,,2,2023-06-20T04:27:24+00:00
SAO_4029-10,São Paulo,3550308,True,,33867,,,-23.5807845,-46.55884325,,,,2,2023-06-20T04:27:01+00:00
SAO_4029-10,São Paulo,3550308,True,,33867,,,-23.609866750000002,-46.480576,,,,2,2023-06-20T04:27:40+00:00
SAO_4029-10,São Paulo,3550308,True,,33867,,,-23.6105855,-46.4805655,,,,2,2023-06-20T04:27:27+00:00
SAO_4029-10,São Paulo,3550308,True,,33867,,,-23.602894999999997,-46.510341499999996,,,,2,2023-06-20T04:27:23+00:00
SAO_4029-10,São Paulo,3550308,True,,33867,,,-23.6105855,-46.4805655,,,,2,2023-06-20T04:26:59+00:00
SAO_4029-10,São Paulo,3550308,True,,33867,,,-23.6105855,-46.4805655,,,,2,2023-06-20T04:27:10+00:00
SAO_7059-10,São Paulo,3550308,True,,34692,,,-23.6579765,-46.78181,,,,2,2023-06-20T04:27:14+00:00
SAO_7059-10,São Paulo,3550308,True,,34692,,,-23.661259,-46.786719000000005,,,,2,2023-06-20T04:27:14+00:00
SAO_6036-10,São Paulo,3550308,True,,1214,,,-23.6538115,-46.789655499999995,,,,1,2023-06-20T04:27:07+00:00
SAO_6036-10,São Paulo,3550308,True,,1214,,,-23.65376725,-46.79044725,,,,1,2023-06-20T04:26:58+00:00
SAO_6036-10,São Paulo,3550308,True,,1214,,,-23.6604345,-46.768545,,,,1,2023-06-20T04:27:41+00:00
SAO_6036-10,São Paulo,3550308,True,,1214,,,-23.63794375,-46.719917,,,,1,2023-06-20T04:27:00+00:00
SAO_273G-10,São Paulo,3550308,True,EMTU,223,https://moovitapp.com/index/pt-br/transporte_p%C3%BAblico-line-223-Sao_Paulo-242-2038937-36419342-0,5.2,-23.481482999999997,-46.415986000000004,,,,1,2023-06-20T04:24:58+00:00
SAO_273G-10,São Paulo,3550308,True,EMTU,223,https://moovitapp.com/index/pt-br/transporte_p%C3%BAblico-line-223-Sao_Paulo-242-2038937-36419342-0,5.2,-23.4839095,-46.416351500000005,,,,1,2023-06-20T04:27:31+00:00
SAO_273G-10,São Paulo,3550308,True,EMTU,223,https://moovitapp.com/index/pt-br/transporte_p%C3%BAblico-line-223-Sao_Paulo-242-2038937-36419342-0,5.2,-23.523995749999997,-46.47512025,,,,1,2023-06-20T04:27:15+00:00
SAO_273G-10,São Paulo,3550308,True,EMTU,223,https://moovitapp.com/index/pt-br/transporte_p%C3%BAblico-line-223-Sao_Paulo-242-2038937-36419342-0,5.2,-23.5401805,-46.483284,,,,1,2023-06-20T04:26:58+00:00
SAO_273G-10,São Paulo,3550308,True,EMTU,223,https://moovitapp.com/index/pt-br/transporte_p%C3%BAblico-line-223-Sao_Paulo-242-2038937-36419342-0,5.2,-23.498184,-46.4575575,,,,1,2023-06-20T04:27:09+00:00
SAO_857R-10,São Paulo,3550308,True,,34660,,,-23.614564,-46.75580375,,,,2,2023-06-20T04:27:39+00:00
SAO_857R-10,São Paulo,3550308,True,,34660,,,-23.563919,-46.6774145,,,,2,2023-06-20T04:27:36+00:00
SAO_857R-10,São Paulo,3550308,True,,34660,,,-23.631153500000003,-46.7733425,,,,2,2023-06-20T04:27:00+00:00
SAO_8300-10,São Paulo,3550308,True,,1264,,,-23.519739,-46.7008255,,,,1,2023-06-20T04:27:24+00:00
SAO_8300-10,São Paulo,3550308,True,,1264,,,-23.50145475,-46.706667249999995,,,,1,2023-06-20T04:27:25+00:00
SAO_1019-10,São Paulo,3550308,True,,35263,,,-23.4881355,-46.731741,,,,2,2023-06-20T04:26:51+00:00
SAO_1019-10,São Paulo,3550308,True,,35263,,,-23.437941000000002,-46.77914,,,,2,2023-06-20T04:27:35+00:00
SAO_971V-10,São Paulo,3550308,True,,619,,,-23.514269125000002,-46.61623725,,,,1,2023-06-20T04:27:39+00:00
SAO_971V-10,São Paulo,3550308,True,,619,,,-23.506689124999998,-46.624998625,,,,1,2023-06-20T04:27:13+00:00
SAO_971V-10,São Paulo,3550308,True,,619,,,-23.492009,-46.6724375,,,,1,2023-06-20T04:27:30+00:00
SAO_971V-10,São Paulo,3550308,True,,619,,,-23.464973,-46.679573500000004,,,,1,2023-06-20T04:27:35+00:00
SAO_6115-41,São Paulo,3550308,True,,2241,,,-23.736701500000002,-46.696777499999996,,,,1,2023-06-20T04:27:31+00:00
SAO_209P-10,São Paulo,3550308,True,,34984,,,-23.5662845,-46.692065750000005,,,,2,2023-06-20T04:27:17+00:00
SAO_209P-10,São Paulo,3550308,True,,34984,,,-23.524385,-46.6672945,,,,2,2023-06-20T04:27:40+00:00
SAO_209P-10,São Paulo,3550308,True,,34984,,,-23.47542,-46.6707795,,,,2,2023-06-20T04:27:34+00:00
SAO_209P-10,São Paulo,3550308,True,,34984,,,-23.47277475,-46.6701725,,,,2,2023-06-20T04:27:41+00:00
SAO_209P-10,São Paulo,3550308,True,,34984,,,-23.47277475,-46.6701725,,,,2,2023-06-20T04:27:22+00:00
SAO_209P-10,São Paulo,3550308,True,,34984,,,-23.47249975,-46.670207000000005,,,,2,2023-06-20T04:27:34+00:00
SAO_209P-10,São Paulo,3550308,True,,34984,,,-23.5176835,-46.6795515,,,,2,2023-06-20T04:27:17+00:00
SAO_209P-10,São Paulo,3550308,True,,34984,,,-23.5424745,-46.676323499999995,,,,2,2023-06-20T04:27:27+00:00
SAO_6816-31,São Paulo,3550308,True,,1748,,,-23.653212,-46.7764515,,,,1,2023-06-20T04:27:14+00:00
SAO_6816-31,São Paulo,3550308,True,,1748,,,-23.653994500000003,-46.762168,,,,1,2023-06-20T04:27:19+00:00
SAO_6816-31,São Paulo,3550308,True,,1748,,,-23.651259500000002,-46.780499500000005,,,,1,2023-06-20T04:27:12+00:00
SAO_2127-10,São Paulo,3550308,True,,693,,,-23.554389937499998,-46.634320437499994,,,,1,2023-06-20T04:27:30+00:00
SAO_2127-10,São Paulo,3550308,True,,693,,,-23.4927585,-46.574670499999996,,,,1,2023-06-20T04:27:16+00:00
SAO_342N-10,São Paulo,3550308,True,,1003,,,-23.56782725,-46.396026500000005,,,,1,2023-06-20T04:27:24+00:00
SAO_342N-10,São Paulo,3550308,True,,1003,,,-23.561767500000002,-46.39735,,,,1,2023-06-20T04:27:21+00:00
SAO_342N-10,São Paulo,3550308,True,,1003,,,-23.5347465,-46.428923999999995,,,,1,2023-06-20T04:27:14+00:00
SAO_709G-10,São Paulo,3550308,True,,34788,,,-23.6687515,-46.735510000000005,,,,2,2023-06-20T04:27:25+00:00
SAO_709G-10,São Paulo,3550308,True,,34788,,,-23.669023250000002,-46.734721500000006,,,,2,2023-06-20T04:27:26+00:00
SAO_709G-10,São Paulo,3550308,True,,34788,,,-23.61896,-46.682627,,,,2,2023-06-20T04:27:16+00:00
SAO_709G-10,São Paulo,3550308,True,,34788,,,-23.666239625,-46.71793375,,,,2,2023-06-20T04:27:27+00:00
SAO_637V-10,São Paulo,3550308,True,EMTU,104,https://moovitapp.com/index/pt-br/transporte_p%C3%BAblico-line-104-Sao_Paulo-242-2038937-36419267-0,5.1,-23.66985675,-46.711535999999995,,,,1,2023-06-20T04:27:22+00:00
SAO_637V-10,São Paulo,3550308,True,EMTU,104,https://moovitapp.com/index/pt-br/transporte_p%C3%BAblico-line-104-Sao_Paulo-242-2038937-36419267-0,5.1,-23.713643,-46.6889945,,,,1,2023-06-20T04:27:15+00:00
SAO_637V-10,São Paulo,3550308,True,EMTU,104,https://moovitapp.com/index/pt-br/transporte_p%C3%BAblico-line-104-Sao_Paulo-242-2038937-36419267-0,5.1,-23.7382055,-46.6893095,,,,1,2023-06-20T04:27:11+00:00
SAO_7052-10,São Paulo,3550308,True,,1886,,,-23.6529745,-46.773157999999995,,,,1,2023-06-20T04:27:34+00:00
SAO_7052-10,São Paulo,3550308,True,,1886,,,-23.6529745,-46.773157999999995,,,,1,2023-06-20T04:27:34+00:00
SAO_4724-10,São Paulo,3550308,True,,34828,,,-23.531094,-46.50255,,,,2,2023-06-20T04:26:58+00:00
SAO_4724-10,São Paulo,3550308,True,,34828,,,-23.530963,-46.502753,,,,2,2023-06-20T04:27:26+00:00
SAO_4724-10,São Paulo,3550308,True,,34828,,,-23.541626,-46.50235,,,,2,2023-06-20T04:27:39+00:00
SAO_2161-10,São Paulo,3550308,True,,33462,,,-23.474255499999998,-46.56712,,,,2,2023-06-20T04:27:32+00:00
SAO_2161-10,São Paulo,3550308,True,,33462,,,-23.488162000000003,-46.583335500000004,,,,2,2023-06-20T04:27:29+00:00
SAO_2161-10,São Paulo,3550308,True,,33462,,,-23.47958725,-46.5793075,,,,2,2023-06-20T04:24:29+00:00
SAO_2161-10,São Paulo,3550308,True,,33462,,,-23.537777,-46.61484725,,,,2,2023-06-20T04:27:40+00:00
SAO_2161-10,São Paulo,3550308,True,,33462,,,-23.474255499999998,-46.56712,,,,2,2023-06-20T04:27:30+00:00
SAO_1178-33,São Paulo,3550308,True,,34778,,,-23.5041765,-46.433013,,,,2,2023-06-20T04:27:04+00:00
SAO_6505-10,São Paulo,3550308,True,,34218,,,-23.570276999999997,-46.662268,,,,2,2023-06-20T04:27:34+00:00
SAO_6505-10,São Paulo,3550308,True,,34218,,,-23.665825499999997,-46.713950249999996,,,,2,2023-06-20T04:27:14+00:00
SAO_6505-10,São Paulo,3550308,True,,34218,,,-23.549404,-46.639666,,,,2,2023-06-20T04:27:42+00:00
SAO_6505-10,São Paulo,3550308,True,,34218,,,-23.598398500000002,-46.6740135,,,,2,2023-06-20T04:27:34+00:00
SAO_6505-10,São Paulo,3550308,True,,34218,,,-23.669123750000004,-46.7350165,,,,2,2023-06-20T04:27:05+00:00
SAO_6505-10,São Paulo,3550308,True,,34218,,,-23.63722225,-46.69631025,,,,2,2023-06-20T04:27:43+00:00
SAO_6835-31,São Paulo,3550308,True,,34175,,,-23.6733335,-46.773441,,,,2,2023-06-20T04:27:18+00:00
SAO_6835-31,São Paulo,3550308,True,,34175,,,-23.688617999999998,-46.8001245,,,,2,2023-06-20T04:27:03+00:00
SAO_6835-31,São Paulo,3550308,True,,34175,,,-23.688617999999998,-46.8001245,,,,2,2023-06-20T04:27:34+00:00
SAO_6835-31,São Paulo,3550308,True,,34175,,,-23.688822000000002,-46.799983499999996,,,,2,2023-06-20T04:27:33+00:00
SAO_677Y-10,São Paulo,3550308,True,,1240,,,-23.622582,-46.701953,,,,1,2023-06-20T04:27:15+00:00
SAO_677Y-10,São Paulo,3550308,True,,1240,,,-23.67626225,-46.790758249999996,,,,1,2023-06-20T04:27:15+00:00
SAO_677Y-10,São Paulo,3550308,True,,1240,,,-23.648301,-46.7487645,,,,1,2023-06-20T04:27:32+00:00
SAO_677Y-10,São Paulo,3550308,True,,1240,,,-23.6836685,-46.7890555,,,,1,2023-06-20T04:27:26+00:00
SAO_8549-10,São Paulo,3550308,True,EMTU,580,https://moovitapp.com/index/pt-br/transporte_p%C3%BAblico-line-580-Sao_Paulo-242-2038937-36419570-0,7.55,-23.44138575,-46.71691275,,,,1,2023-06-20T04:27:36+00:00
SAO_8549-10,São Paulo,3550308,True,EMTU,580,https://moovitapp.com/index/pt-br/transporte_p%C3%BAblico-line-580-Sao_Paulo-242-2038937-36419570-0,7.55,-23.542839999999998,-46.6362885,,,,1,2023-06-20T04:27:38+00:00
SAO_8549-10,São Paulo,3550308,True,EMTU,580,https://moovitapp.com/index/pt-br/transporte_p%C3%BAblico-line-580-Sao_Paulo-242-2038937-36419570-0,7.55,-23.436121,-46.7174615,,,,1,2023-06-20T04:27:27+00:00
SAO_8549-10,São Paulo,3550308,True,EMTU,580,https://moovitapp.com/index/pt-br/transporte_p%C3%BAblico-line-580-Sao_Paulo-242-2038937-36419570-0,7.55,-23.524971875,-46.691748375,,,,1,2023-06-20T04:27:30+00:00
SAO_8549-10,São Paulo,3550308,True,EMTU,580,https://moovitapp.com/index/pt-br/transporte_p%C3%BAblico-line-580-Sao_Paulo-242-2038937-36419570-0,7.55,-23.4593045,-46.687814,,,,1,2023-06-20T04:27:28+00:00
SAO_8549-10,São Paulo,3550308,True,EMTU,580,https://moovitapp.com/index/pt-br/transporte_p%C3%BAblico-line-580-Sao_Paulo-242-2038937-36419570-0,7.55,-23.436121,-46.7174615,,,,1,2023-06-20T04:27:34+00:00
SAO_8549-10,São Paulo,3550308,True,EMTU,580,https://moovitapp.com/index/pt-br/transporte_p%C3%BAblico-line-580-Sao_Paulo-242-2038937-36419570-0,7.55,-23.4978205,-46.693979625000004,,,,1,2023-06-20T04:27:32+00:00
SAO_9354-10,São Paulo,3550308,True,,33476,,,-23.533042625,-46.644840875,,,,2,2023-06-20T04:27:36+00:00
SAO_9354-10,São Paulo,3550308,True,,33476,,,-23.4742495,-46.669781,,,,2,2023-06-20T04:27:06+00:00
SAO_9354-10,São Paulo,3550308,True,,33476,,,-23.4742495,-46.669781,,,,2,2023-06-20T04:27:33+00:00
SAO_9354-10,São Paulo,3550308,True,,33476,,,-23.499686125,-46.65629224999999,,,,2,2023-06-20T04:26:59+00:00
SAO_352A-10,São Paulo,3550308,True,,32932,,,-23.479262499999997,-46.421414999999996,,,,2,2023-06-20T04:27:38+00:00
SAO_352A-10,São Paulo,3550308,True,,32932,,,-23.613674500000002,-46.4765145,,,,2,2023-06-20T04:27:34+00:00
SAO_352A-10,São Paulo,3550308,True,,32932,,,-23.479201250000003,-46.42118275,,,,2,2023-06-20T04:27:04+00:00
SAO_352A-10,São Paulo,3550308,True,,32932,,,-23.52613225,-46.445848,,,,2,2023-06-20T04:27:04+00:00
SAO_352A-10,São Paulo,3550308,True,,32932,,,-23.513233999999997,-46.443745500000006,,,,2,2023-06-20T04:27:12+00:00
SAO_352A-10,São Paulo,3550308,True,,32932,,,-23.479100875,-46.421538125,,,,2,2023-06-20T04:27:30+00:00
SAO_352A-10,São Paulo,3550308,True,,32932,,,-23.534701,-46.453723499999995,,,,2,2023-06-20T04:27:07+00:00
SAO_675K-10,São Paulo,3550308,True,,32966,,,-23.629555,-46.686644,,,,2,2023-06-20T04:27:11+00:00
SAO_675K-10,São Paulo,3550308,True,,32966,,,-23.674493750000003,-46.74761649999999,,,,2,2023-06-20T04:27:20+00:00
SAO_675K-10,São Paulo,3550308,True,,32966,,,-23.6430275,-46.700108,,,,2,2023-06-20T04:27:40+00:00
SAO_675K-10,São Paulo,3550308,True,,32966,,,-23.6901525,-46.774198999999996,,,,2,2023-06-20T04:27:24+00:00
SAO_675K-10,São Paulo,3550308,True,,32966,,,-23.666391750000003,-46.719602374999994,,,,2,2023-06-20T04:27:12+00:00
SAO_675K-10,São Paulo,3550308,True,,32966,,,-23.671547,-46.7411115,,,,2,2023-06-20T04:27:22+00:00
SAO_675K-10,São Paulo,3550308,True,,32966,,,-23.6901525,-46.774198999999996,,,,2,2023-06-20T04:27:01+00:00
SAO_675K-10,São Paulo,3550308,True,,32966,,,-23.65336,-46.708408750000004,,,,2,2023-06-20T04:27:37+00:00
SAO_675K-10,São Paulo,3550308,True,,32966,,,-23.606244,-46.6648075,,,,2,2023-06-20T04:27:37+00:00
SAO_675K-10,São Paulo,3550308,True,,32966,,,-23.598244,-46.644809,,,,2,2023-06-20T04:27:28+00:00
SAO_677Y-10,São Paulo,3550308,True,,34008,,,-23.683731,-46.789654999999996,,,,2,2023-06-20T04:27:04+00:00
SAO_677Y-10,São Paulo,3550308,True,,34008,,,-23.650240000000004,-46.756395999999995,,,,2,2023-06-20T04:27:10+00:00
SAO_677Y-10,São Paulo,3550308,True,,34008,,,-23.68357,-46.7894015,,,,2,2023-06-20T04:27:19+00:00
SAO_677Y-10,São Paulo,3550308,True,,34008,,,-23.629877,-46.71685825,,,,2,2023-06-20T04:27:41+00:00
SAO_677Y-10,São Paulo,3550308,True,,34008,,,-23.688152000000002,-46.800449,,,,2,2023-06-20T04:27:25+00:00
SAO_677Y-10,São Paulo,3550308,True,,34008,,,-23.683731,-46.789654999999996,,,,2,2023-06-20T04:27:14+00:00
SAO_677Y-10,São Paulo,3550308,True,,34008,,,-23.6861745,-46.801913,,,,2,2023-06-20T04:27:27+00:00
SAO_677Y-10,São Paulo,3550308,True,,34008,,,-23.68357,-46.7894015,,,,2,2023-06-20T04:27:15+00:00
SAO_7055-10,São Paulo,3550308,True,,34656,,,-23.638101499999998,-46.779722500000005,,,,2,2023-06-20T04:27:13+00:00
SAO_7055-10,São Paulo,3550308,True,,34656,,,-23.666631,-46.771947,,,,2,2023-06-20T04:27:10+00:00
SAO_7055-10,São Paulo,3550308,True,,34656,,,-23.6923765,-46.7911055,,,,2,2023-06-20T04:27:03+00:00
SAO_7055-10,São Paulo,3550308,True,,34656,,,-23.6923765,-46.7911055,,,,2,2023-06-20T04:27:19+00:00
SAO_5142-10,São Paulo,3550308,True,,1626,,,-23.54620025,-46.63007,,,,1,2023-06-20T04:27:02+00:00
SAO_5142-10,São Paulo,3550308,True,,1626,,,-23.613964,-46.500782,,,,1,2023-06-20T04:27:00+00:00
SAO_5142-10,São Paulo,3550308,True,,1626,,,-23.605052,-46.520733,,,,1,2023-06-20T04:27:00+00:00
SAO_5142-10,São Paulo,3550308,True,,1626,,,-23.583550000000002,-46.565605500000004,,,,1,2023-06-20T04:27:18+00:00
SAO_1767-10,São Paulo,3550308,True,,628,,,-23.477516625,-46.564321375,,,,1,2023-06-20T04:23:36+00:00
SAO_524M-10,São Paulo,3550308,True,,34399,,,-23.5870535,-46.5154945,,,,2,2023-06-20T04:27:00+00:00
SAO_524M-10,São Paulo,3550308,True,,34399,,,-23.619495,-46.495613,,,,2,2023-06-20T04:27:19+00:00
SAO_524M-10,São Paulo,3550308,True,,34399,,,-23.6137795,-46.501670000000004,,,,2,2023-06-20T04:27:43+00:00
SAO_524M-10,São Paulo,3550308,True,,34399,,,-23.598923499999998,-46.4994665,,,,2,2023-06-20T04:27:32+00:00
SAO_524M-10,São Paulo,3550308,True,,34399,,,-23.565395000000002,-46.508859,,,,2,2023-06-20T04:27:09+00:00
SAO_4718-10,São Paulo,3550308,True,,33104,,,-23.615444374999996,-46.617474875,,,,2,2023-06-20T04:27:10+00:00
SAO_6913-10,São Paulo,3550308,True,,1465,,,-23.753277,-46.7111295,,,,1,2023-06-20T04:27:20+00:00
SAO_6913-10,São Paulo,3550308,True,,1465,,,-23.767560000000003,-46.7161905,,,,1,2023-06-20T04:26:57+00:00
SAO_6913-10,São Paulo,3550308,True,,1465,,,-23.767560000000003,-46.7161905,,,,1,2023-06-20T04:27:01+00:00
SAO_6913-10,São Paulo,3550308,True,,1465,,,-23.749764,-46.7096515,,,,1,2023-06-20T04:27:03+00:00
SAO_6913-10,São Paulo,3550308,True,,1465,,,-23.60480275,-46.675094,,,,1,2023-06-20T04:27:32+00:00
SAO_6913-10,São Paulo,3550308,True,,1465,,,-23.680314,-46.713063999999996,,,,1,2023-06-20T04:27:40+00:00
SAO_9011-10,São Paulo,3550308,True,,33646,,,-23.4543205,-46.7377025,,,,2,2023-06-20T04:27:22+00:00
SAO_9011-10,São Paulo,3550308,True,,33646,,,-23.459422,-46.6894975,,,,2,2023-06-20T04:27:16+00:00
SAO_9011-10,São Paulo,3550308,True,,33646,,,-23.435474624999998,-46.717806125,,,,2,2023-06-20T04:27:32+00:00
SAO_9011-10,São Paulo,3550308,True,,33646,,,-23.4537555,-46.737453,,,,2,2023-06-20T04:27:00+00:00
SAO_9011-10,São Paulo,3550308,True,,33646,,,-23.441166,-46.716872499999994,,,,2,2023-06-20T04:27:32+00:00
SAO_9011-10,São Paulo,3550308,True,,33646,,,-23.454522500000003,-46.737875,,,,2,2023-06-20T04:25:47+00:00
SAO_9011-10,São Paulo,3550308,True,,33646,,,-23.454214999999998,-46.737634,,,,2,2023-06-20T04:27:01+00:00
SAO_9011-10,São Paulo,3550308,True,,33646,,,-23.47494,-46.67014399999999,,,,2,2023-06-20T04:27:07+00:00
SAO_9011-10,São Paulo,3550308,True,,33646,,,-23.47494,-46.67014399999999,,,,2,2023-06-20T04:27:15+00:00
SAO_6084-10,São Paulo,3550308,True,,33937,,,-23.7812805,-46.67209375,,,,2,2023-06-20T04:27:01+00:00
SAO_6084-10,São Paulo,3550308,True,,33937,,,-23.7785175,-46.6841145,,,,2,2023-06-20T04:27:24+00:00
SAO_6084-10,São Paulo,3550308,True,,33937,,,-23.7812805,-46.67209375,,,,2,2023-06-20T04:27:36+00:00
SAO_6084-10,São Paulo,3550308,True,,33937,,,-23.7812805,-46.67209375,,,,2,2023-06-20T04:26:59+00:00
SAO_6084-10,São Paulo,3550308,True,,33937,,,-23.7692035,-46.715246500000006,,,,2,2023-06-20T04:27:28+00:00
SAO_6084-10,São Paulo,3550308,True,,33937,,,-23.773081500000004,-46.7084295,,,,2,2023-06-20T04:27:01+00:00
SAO_6084-10,São Paulo,3550308,True,,33937,,,-23.762982,-46.6956805,,,,2,2023-06-20T04:27:21+00:00
SAO_6826-10,São Paulo,3550308,True,BR7 Mobilidade,16,https://moovitapp.com/index/pt-br/transporte_p%C3%BAblico-line-16-Sao_Paulo-242-851856-513215-0,5.75,-23.666980000000002,-46.773514250000005,,,,1,2023-06-20T04:27:20+00:00
SAO_6826-10,São Paulo,3550308,True,BR7 Mobilidade,16,https://moovitapp.com/index/pt-br/transporte_p%C3%BAblico-line-16-Sao_Paulo-242-851856-513215-0,5.75,-23.673604,-46.7972985,,,,1,2023-06-20T04:27:32+00:00
SAO_4021-10,São Paulo,3550308,True,,2548,,,-23.55093025,-46.4569405,,,,1,2023-06-20T04:27:22+00:00
SAO_4021-10,São Paulo,3550308,True,,2548,,,-23.561562000000002,-46.446068749999995,,,,1,2023-06-20T04:27:40+00:00
SAO_271A-51,São Paulo,3550308,True,,33471,,,-23.50225,-46.623670000000004,,,,2,2023-06-20T04:27:09+00:00
SAO_271A-51,São Paulo,3550308,True,,33471,,,-23.4979085,-46.514503000000005,,,,2,2023-06-20T04:27:19+00:00
SAO_271A-51,São Paulo,3550308,True,,33471,,,-23.4992425,-46.594408,,,,2,2023-06-20T04:27:02+00:00
SAO_271A-51,São Paulo,3550308,True,,33471,,,-23.52123975,-46.564586500000004,,,,2,2023-06-20T04:27:35+00:00
SAO_5103-10,São Paulo,3550308,True,,34414,,,-23.603496999999997,-46.602769,,,,2,2023-06-20T04:27:15+00:00
SAO_5103-10,São Paulo,3550308,True,,34414,,,-23.596855249999997,-46.64572162499999,,,,2,2023-06-20T04:27:28+00:00
SAO_748R-10,São Paulo,3550308,True,,33269,,,-23.600666,-46.784031999999996,,,,2,2023-06-20T04:27:24+00:00
SAO_748R-10,São Paulo,3550308,True,,33269,,,-23.5633665,-46.748363499999996,,,,2,2023-06-20T04:27:09+00:00
SAO_748R-10,São Paulo,3550308,True,,33269,,,-23.6001115,-46.7843265,,,,2,2023-06-20T04:27:25+00:00
SAO_748R-10,São Paulo,3550308,True,,33269,,,-23.533965875,-46.71376925,,,,2,2023-06-20T04:27:27+00:00
SAO_748R-10,São Paulo,3550308,True,,33269,,,-23.599347,-46.791118,,,,2,2023-06-20T04:27:28+00:00
SAO_7903-10,São Paulo,3550308,True,,33280,,,-23.543921375,-46.638149625,,,,2,2023-06-20T04:27:41+00:00
SAO_7903-10,São Paulo,3550308,True,,33280,,,-23.57225625,-46.7011325,,,,2,2023-06-20T04:27:37+00:00
SAO_7903-10,São Paulo,3550308,True,,33280,,,-23.5477705,-46.641587,,,,2,2023-06-20T04:27:34+00:00
SAO_7903-10,São Paulo,3550308,True,,33280,,,-23.583561,-46.783319,,,,2,2023-06-20T04:27:38+00:00
SAO_8027-10,São Paulo,3550308,True,,34930,,,-23.566117499999997,-46.758717000000004,,,,2,2023-06-20T04:27:02+00:00
SAO_6015-10,São Paulo,3550308,True,,1205,,,-23.718400000000003,-46.784493499999996,,,,1,2023-06-20T04:27:30+00:00
SAO_6015-10,São Paulo,3550308,True,,1205,,,-23.6672905,-46.727228,,,,1,2023-06-20T04:27:27+00:00
SAO_6015-10,São Paulo,3550308,True,,1205,,,-23.734715,-46.7945555,,,,1,2023-06-20T04:27:12+00:00
SAO_6015-10,São Paulo,3550308,True,,1205,,,-23.653820500000002,-46.706751499999996,,,,1,2023-06-20T04:27:39+00:00
SAO_6015-10,São Paulo,3550308,True,,1205,,,-23.671774,-46.7412225,,,,1,2023-06-20T04:27:11+00:00
SAO_6015-10,São Paulo,3550308,True,,1205,,,-23.6772705,-46.7589355,,,,1,2023-06-20T04:27:42+00:00
SAO_971C-10,São Paulo,3550308,True,,33339,,,-23.445403499999998,-46.71163225,,,,2,2023-06-20T04:27:14+00:00
SAO_971C-10,São Paulo,3550308,True,,33339,,,-23.448566,-46.710387999999995,,,,2,2023-06-20T04:27:09+00:00
SAO_971C-10,São Paulo,3550308,True,,33339,,,-23.4491315,-46.7098465,,,,2,2023-06-20T04:27:27+00:00
SAO_971C-10,São Paulo,3550308,True,,33339,,,-23.4489235,-46.7102915,,,,2,2023-06-20T04:26:58+00:00
SAO_971C-10,São Paulo,3550308,True,,33339,,,-23.4491315,-46.7098465,,,,2,2023-06-20T04:27:35+00:00
SAO_971C-10,São Paulo,3550308,True,,33339,,,-23.449078,-46.710038,,,,2,2023-06-20T04:27:23+00:00
SAO_971C-10,São Paulo,3550308,True,,33339,,,-23.4593045,-46.687814,,,,2,2023-06-20T04:27:24+00:00
SAO_971C-10,São Paulo,3550308,True,,33339,,,-23.4947895,-46.64532025,,,,2,2023-06-20T04:27:23+00:00
SAO_1896-10,São Paulo,3550308,True,,35288,,,-23.5411785,-46.64243825,,,,2,2023-06-20T04:27:28+00:00
SAO_1896-10,São Paulo,3550308,True,,35288,,,-23.5068835,-46.714557,,,,2,2023-06-20T04:27:37+00:00
SAO_1896-10,São Paulo,3550308,True,,35288,,,-23.4639745,-46.754187,,,,2,2023-06-20T04:27:32+00:00
SAO_3728-10,São Paulo,3550308,True,,33793,,,-23.542378,-46.48379425,,,,2,2023-06-20T04:27:02+00:00
SAO_3728-10,São Paulo,3550308,True,,33793,,,-23.542556,-46.48409475,,,,2,2023-06-20T04:27:43+00:00
SAO_3728-10,São Paulo,3550308,True,,33793,,,-23.5568495,-46.491764,,,,2,2023-06-20T04:27:38+00:00
SAO_3728-10,São Paulo,3550308,True,,33793,,,-23.542556,-46.48409475,,,,2,2023-06-20T04:27:24+00:00
SAO_9500-10,São Paulo,3550308,True,,33229,,,-23.4749005,-46.670119,,,,2,2023-06-20T04:27:06+00:00
SAO_9500-10,São Paulo,3550308,True,,33229,,,-23.523066999999998,-46.6544265,,,,2,2023-06-20T04:27:08+00:00
SAO_9500-10,São Paulo,3550308,True,,33229,,,-23.474438499999998,-46.669928999999996,,,,2,2023-06-20T04:27:19+00:00
SAO_9500-10,São Paulo,3550308,True,,33229,,,-23.4742495,-46.669781,,,,2,2023-06-20T04:27:10+00:00
SAO_9500-10,São Paulo,3550308,True,,33229,,,-23.4969715,-46.676187999999996,,,,2,2023-06-20T04:27:36+00:00
SAO_746K-10,São Paulo,3550308,True,,33555,,,-23.62004075,-46.69370075,,,,2,2023-06-20T04:27:32+00:00
SAO_746K-10,São Paulo,3550308,True,,33555,,,-23.6188595,-46.7225445,,,,2,2023-06-20T04:27:15+00:00
SAO_746K-10,São Paulo,3550308,True,,33555,,,-23.6190125,-46.7228225,,,,2,2023-06-20T04:27:13+00:00
SAO_3746-10,São Paulo,3550308,True,EMTU,283,https://moovitapp.com/index/pt-br/transporte_p%C3%BAblico-line-283-Sao_Paulo-242-2038937-36419384-0,5.2,-23.555879875000002,-46.575785874999994,,,,1,2023-06-20T04:27:08+00:00
SAO_3746-10,São Paulo,3550308,True,EMTU,283,https://moovitapp.com/index/pt-br/transporte_p%C3%BAblico-line-283-Sao_Paulo-242-2038937-36419384-0,5.2,-23.594817,-46.5027665,,,,1,2023-06-20T04:27:24+00:00
SAO_3746-10,São Paulo,3550308,True,EMTU,283,https://moovitapp.com/index/pt-br/transporte_p%C3%BAblico-line-283-Sao_Paulo-242-2038937-36419384-0,5.2,-23.594817,-46.5027665,,,,1,2023-06-20T04:27:11+00:00
SAO_3746-10,São Paulo,3550308,True,EMTU,283,https://moovitapp.com/index/pt-br/transporte_p%C3%BAblico-line-283-Sao_Paulo-242-2038937-36419384-0,5.2,-23.594817,-46.5027665,,,,1,2023-06-20T04:27:15+00:00
SAO_3746-10,São Paulo,3550308,True,EMTU,283,https://moovitapp.com/index/pt-br/transporte_p%C3%BAblico-line-283-Sao_Paulo-242-2038937-36419384-0,5.2,-23.5849855,-46.524962,,,,1,2023-06-20T04:27:01+00:00
SAO_577T-10,São Paulo,3550308,True,,1291,,,-23.63311175,-46.644645125,,,,1,2023-06-20T04:27:28+00:00
SAO_577T-10,São Paulo,3550308,True,,1291,,,-23.588001249999998,-46.642638250000005,,,,1,2023-06-20T04:27:08+00:00
SAO_577T-10,São Paulo,3550308,True,,1291,,,-23.6822825,-46.6363235,,,,1,2023-06-20T04:27:28+00:00
SAO_107T-10,São Paulo,3550308,True,,33389,,,-23.4810725,-46.603761500000005,,,,2,2023-06-20T04:27:35+00:00
SAO_107T-10,São Paulo,3550308,True,,33389,,,-23.570447,-46.691294,,,,2,2023-06-20T04:27:30+00:00
SAO_107T-10,São Paulo,3550308,True,,33389,,,-23.500449,-46.615161,,,,2,2023-06-20T04:27:09+00:00
SAO_107T-10,São Paulo,3550308,True,,33389,,,-23.547456,-46.6400205,,,,2,2023-06-20T04:27:33+00:00
SAO_107T-10,São Paulo,3550308,True,,33389,,,-23.4809415,-46.603984499999996,,,,2,2023-06-20T04:27:29+00:00
SAO_107T-10,São Paulo,3550308,True,,33389,,,-23.481503500000002,-46.60353,,,,2,2023-06-20T04:27:31+00:00
SAO_2551-10,São Paulo,3550308,True,,32909,,,-23.516517999999998,-46.476467,,,,2,2023-06-20T04:27:03+00:00
SAO_2551-10,São Paulo,3550308,True,,32909,,,-23.5082995,-46.5429855,,,,2,2023-06-20T04:27:39+00:00
SAO_2551-10,São Paulo,3550308,True,,32909,,,-23.538179999999997,-46.60034075,,,,2,2023-06-20T04:27:13+00:00
SAO_2551-10,São Paulo,3550308,True,,32909,,,-23.4968635,-46.4794165,,,,2,2023-06-20T04:27:12+00:00
SAO_778R-10,São Paulo,3550308,True,EMTU,509,https://moovitapp.com/index/pt-br/transporte_p%C3%BAblico-line-509-Sao_Paulo-242-2038937-36419531-0,4.95,-23.571223,-46.691788,,,,1,2023-06-20T04:27:29+00:00
SAO_778R-10,São Paulo,3550308,True,EMTU,509,https://moovitapp.com/index/pt-br/transporte_p%C3%BAblico-line-509-Sao_Paulo-242-2038937-36419531-0,4.95,-23.548194625,-46.649595375000004,,,,1,2023-06-20T04:27:33+00:00
SAO_778R-10,São Paulo,3550308,True,EMTU,509,https://moovitapp.com/index/pt-br/transporte_p%C3%BAblico-line-509-Sao_Paulo-242-2038937-36419531-0,4.95,-23.5863545,-46.80166800000001,,,,1,2023-06-20T04:27:28+00:00
SAO_778R-10,São Paulo,3550308,True,EMTU,509,https://moovitapp.com/index/pt-br/transporte_p%C3%BAblico-line-509-Sao_Paulo-242-2038937-36419531-0,4.95,-23.585484,-46.805596,,,,1,2023-06-20T04:27:07+00:00
SAO_778R-10,São Paulo,3550308,True,EMTU,509,https://moovitapp.com/index/pt-br/transporte_p%C3%BAblico-line-509-Sao_Paulo-242-2038937-36419531-0,4.95,-23.58482325,-46.808513375000004,,,,1,2023-06-20T04:27:01+00:00
SAO_778R-10,São Paulo,3550308,True,EMTU,509,https://moovitapp.com/index/pt-br/transporte_p%C3%BAblico-line-509-Sao_Paulo-242-2038937-36419531-0,4.95,-23.585532999999998,-46.8056635,,,,1,2023-06-20T04:27:11+00:00
SAO_778R-10,São Paulo,3550308,True,EMTU,509,https://moovitapp.com/index/pt-br/transporte_p%C3%BAblico-line-509-Sao_Paulo-242-2038937-36419531-0,4.95,-23.586159,-46.759555250000005,,,,1,2023-06-20T04:27:30+00:00
SAO_778R-10,São Paulo,3550308,True,EMTU,509,https://moovitapp.com/index/pt-br/transporte_p%C3%BAblico-line-509-Sao_Paulo-242-2038937-36419531-0,4.95,-23.5856145,-46.8057505,,,,1,2023-06-20T04:27:16+00:00
SAO_3787-10,São Paulo,3550308,True,,34380,,,-23.555196875,-46.453486,,,,2,2023-06-20T04:27:24+00:00
SAO_3787-10,São Paulo,3550308,True,,34380,,,-23.5941915,-46.41406475,,,,2,2023-06-20T04:27:12+00:00
SAO_3787-10,São Paulo,3550308,True,,34380,,,-23.56241275,-46.4461925,,,,2,2023-06-20T04:27:24+00:00
SAO_3787-10,São Paulo,3550308,True,,34380,,,-23.5948155,-46.427567624999995,,,,2,2023-06-20T04:27:12+00:00
SAO_4210-10,São Paulo,3550308,True,,34938,,,-23.536562749999998,-46.5887755,,,,2,2023-06-20T04:27:26+00:00
SAO_4210-10,São Paulo,3550308,True,,34938,,,-23.5897175,-46.4801985,,,,2,2023-06-20T04:27:04+00:00
SAO_4210-10,São Paulo,3550308,True,,34938,,,-23.5956305,-46.43828325,,,,2,2023-06-20T04:27:21+00:00
SAO_4210-10,São Paulo,3550308,True,,34938,,,-23.58308,-46.408871000000005,,,,2,2023-06-20T04:27:26+00:00
SAO_4210-10,São Paulo,3550308,True,,34938,,,-23.59567625,-46.45176725,,,,2,2023-06-20T04:27:25+00:00
SAO_4210-10,São Paulo,3550308,True,,34938,,,-23.5945975,-46.4473665,,,,2,2023-06-20T04:27:34+00:00
SAO_4210-10,São Paulo,3550308,True,,34938,,,-23.549969,-46.6283595,,,,2,2023-06-20T04:27:33+00:00
SAO_4210-10,São Paulo,3550308,True,,34938,,,-23.58308,-46.408871000000005,,,,2,2023-06-20T04:27:12+00:00
SAO_4210-10,São Paulo,3550308,True,,34938,,,-23.547062,-46.630193000000006,,,,2,2023-06-20T04:27:20+00:00
SAO_4210-10,São Paulo,3550308,True,,34938,,,-23.547062,-46.630193000000006,,,,2,2023-06-20T04:27:35+00:00
SAO_4210-10,São Paulo,3550308,True,,34938,,,-23.583026,-46.408417,,,,2,2023-06-20T04:27:21+00:00
SAO_756A-10,São Paulo,3550308,True,,793,,,-23.592952500000003,-46.7761885,,,,1,2023-06-20T04:27:25+00:00
SAO_756A-10,São Paulo,3550308,True,,793,,,-23.6051725,-46.712457375,,,,1,2023-06-20T04:27:37+00:00
SAO_756A-10,São Paulo,3550308,True,,793,,,-23.6136575,-46.6956995,,,,1,2023-06-20T04:27:20+00:00
SAO_756A-10,São Paulo,3550308,True,,793,,,-23.62236275,-46.70015875,,,,1,2023-06-20T04:27:29+00:00
SAO_6013-10,São Paulo,3550308,True,,186,,,-23.654507000000002,-46.712768499999996,,,,1,2023-06-20T04:27:12+00:00
SAO_6013-10,São Paulo,3550308,True,,186,,,-23.677541,-46.7615305,,,,1,2023-06-20T04:27:12+00:00
SAO_199D-10,São Paulo,3550308,True,,34903,,,-23.489083,-46.7102345,,,,2,2023-06-20T04:27:36+00:00
SAO_199D-10,São Paulo,3550308,True,,34903,,,-23.486155500000002,-46.710619,,,,2,2023-06-20T04:27:24+00:00
SAO_199D-10,São Paulo,3550308,True,,34903,,,-23.525619125,-46.697804625,,,,2,2023-06-20T04:27:26+00:00
SAO_199D-10,São Paulo,3550308,True,,34903,,,-23.558278125,-46.678696124999995,,,,2,2023-06-20T04:27:41+00:00
SAO_701U-10,São Paulo,3550308,True,,657,,,-23.561895999999997,-46.742050500000005,,,,1,2023-06-20T04:27:25+00:00
SAO_701U-10,São Paulo,3550308,True,,657,,,-23.5521175,-46.7315415,,,,1,2023-06-20T04:27:23+00:00
SAO_701U-10,São Paulo,3550308,True,,657,,,-23.5448285,-46.6433995,,,,1,2023-06-20T04:27:22+00:00
SAO_701U-10,São Paulo,3550308,True,,657,,,-23.5521175,-46.7315415,,,,1,2023-06-20T04:27:18+00:00
SAO_701U-10,São Paulo,3550308,True,,657,,,-23.5518395,-46.7314125,,,,1,2023-06-20T04:27:32+00:00
SAO_7017-10,São Paulo,3550308,True,,35270,,,-23.669655,-46.7366765,,,,2,2023-06-20T04:27:05+00:00
SAO_7017-10,São Paulo,3550308,True,,35270,,,-23.693227,-46.790786999999995,,,,2,2023-06-20T04:27:14+00:00
SAO_7017-10,São Paulo,3550308,True,,35270,,,-23.670180875,-46.772336375,,,,2,2023-06-20T04:27:19+00:00
SAO_7017-10,São Paulo,3550308,True,,35270,,,-23.668242,-46.7355055,,,,2,2023-06-20T04:27:25+00:00
SAO_7017-10,São Paulo,3550308,True,,35270,,,-23.6931665,-46.791157,,,,2,2023-06-20T04:27:36+00:00
SAO_502J-22,São Paulo,3550308,True,,34875,,,-23.706264,-46.688098,,,,2,2023-06-20T04:27:01+00:00
SAO_2088-10,São Paulo,3550308,True,,33140,,,-23.5039315,-46.3796915,,,,2,2023-06-20T04:27:32+00:00
SAO_2088-10,São Paulo,3550308,True,,33140,,,-23.5062235,-46.4430855,,,,2,2023-06-20T04:27:16+00:00
SAO_2088-10,São Paulo,3550308,True,,33140,,,-23.5038615,-46.3797665,,,,2,2023-06-20T04:27:27+00:00
SAO_2088-10,São Paulo,3550308,True,,33140,,,-23.503725000000003,-46.379984,,,,2,2023-06-20T04:27:04+00:00
SAO_2088-10,São Paulo,3550308,True,,33140,,,-23.503725000000003,-46.379984,,,,2,2023-06-20T04:27:02+00:00
SAO_6006-10,São Paulo,3550308,True,EMTU,175,https://moovitapp.com/index/pt-br/transporte_p%C3%BAblico-line-175-Sao_Paulo-242-2038937-36419312-0,6.25,-23.667816000000002,-46.7312965,,,,1,2023-06-20T04:27:21+00:00
SAO_6006-10,São Paulo,3550308,True,EMTU,175,https://moovitapp.com/index/pt-br/transporte_p%C3%BAblico-line-175-Sao_Paulo-242-2038937-36419312-0,6.25,-23.6686695,-46.68937675,,,,1,2023-06-20T04:27:20+00:00
SAO_6006-10,São Paulo,3550308,True,EMTU,175,https://moovitapp.com/index/pt-br/transporte_p%C3%BAblico-line-175-Sao_Paulo-242-2038937-36419312-0,6.25,-23.6922335,-46.757836499999996,,,,1,2023-06-20T04:26:52+00:00
SAO_6006-10,São Paulo,3550308,True,EMTU,175,https://moovitapp.com/index/pt-br/transporte_p%C3%BAblico-line-175-Sao_Paulo-242-2038937-36419312-0,6.25,-23.670364499999998,-46.6805985,,,,1,2023-06-20T04:27:04+00:00
SAO_6006-10,São Paulo,3550308,True,EMTU,175,https://moovitapp.com/index/pt-br/transporte_p%C3%BAblico-line-175-Sao_Paulo-242-2038937-36419312-0,6.25,-23.667765000000003,-46.680365,,,,1,2023-06-20T04:27:38+00:00
SAO_6006-10,São Paulo,3550308,True,EMTU,175,https://moovitapp.com/index/pt-br/transporte_p%C3%BAblico-line-175-Sao_Paulo-242-2038937-36419312-0,6.25,-23.6922335,-46.757836499999996,,,,1,2023-06-20T04:27:23+00:00
SAO_4709-10,São Paulo,3550308,True,,33101,,,-23.59914325,-46.63838525,,,,2,2023-06-20T04:27:32+00:00
SAO_4709-10,São Paulo,3550308,True,,33101,,,-23.653319500000002,-46.607946999999996,,,,2,2023-06-20T04:27:18+00:00
SAO_4709-10,São Paulo,3550308,True,,33101,,,-23.5894755,-46.633868,,,,2,2023-06-20T04:27:27+00:00
SAO_6091-10,São Paulo,3550308,True,,1175,,,-23.654031,-46.708998,,,,1,2023-06-20T04:27:31+00:00
SAO_6091-10,São Paulo,3550308,True,,1175,,,-23.839627999999998,-46.7195115,,,,1,2023-06-20T04:26:23+00:00
SAO_6091-10,São Paulo,3550308,True,,1175,,,-23.732001,-46.6976735,,,,1,2023-06-20T04:27:36+00:00
SAO_6091-10,São Paulo,3550308,True,,1175,,,-23.807117499999997,-46.736568500000004,,,,1,2023-06-20T04:27:11+00:00
SAO_737A-10,São Paulo,3550308,True,,1730,,,-23.685542499999997,-46.770193500000005,,,,1,2023-06-20T04:27:31+00:00
SAO_737A-10,São Paulo,3550308,True,,1730,,,-23.654038,-46.708869500000006,,,,1,2023-06-20T04:27:36+00:00
SAO_737A-10,São Paulo,3550308,True,,1730,,,-23.6541015,-46.7120065,,,,1,2023-06-20T04:27:23+00:00
SAO_737A-10,São Paulo,3550308,True,,1730,,,-23.669619500000003,-46.736161499999994,,,,1,2023-06-20T04:27:27+00:00
SAO_5131-10,São Paulo,3550308,True,,34050,,,-23.5492855,-46.62964375,,,,2,2023-06-20T04:27:23+00:00
SAO_5131-10,São Paulo,3550308,True,,34050,,,-23.665352749999997,-46.66888075,,,,2,2023-06-20T04:27:22+00:00
SAO_5131-10,São Paulo,3550308,True,,34050,,,-23.662461999999998,-46.669380000000004,,,,2,2023-06-20T04:27:39+00:00
SAO_5131-10,São Paulo,3550308,True,,34050,,,-23.600961499999997,-46.67407025,,,,2,2023-06-20T04:27:14+00:00
SAO_7011-31,São Paulo,3550308,True,,1954,,,-23.7083255,-46.7920035,,,,1,2023-06-20T04:27:04+00:00
SAO_7011-31,São Paulo,3550308,True,,1954,,,-23.7083255,-46.7920035,,,,1,2023-06-20T04:27:28+00:00
SAO_7011-31,São Paulo,3550308,True,,1954,,,-23.677541,-46.7615305,,,,1,2023-06-20T04:27:23+00:00
SAO_745M-10,São Paulo,3550308,True,,782,,,-23.681756125,-46.69138975,,,,1,2023-06-20T04:27:11+00:00
SAO_745M-10,São Paulo,3550308,True,,782,,,-23.6756625,-46.748854,,,,1,2023-06-20T04:27:31+00:00
SAO_745M-10,São Paulo,3550308,True,,782,,,-23.638101499999998,-46.779722500000005,,,,1,2023-06-20T04:27:15+00:00
SAO_745M-10,São Paulo,3550308,True,,782,,,-23.6727695,-46.743559000000005,,,,1,2023-06-20T04:27:06+00:00
SAO_745M-10,São Paulo,3550308,True,,782,,,-23.682125624999998,-46.69107475,,,,1,2023-06-20T04:27:34+00:00
SAO_745M-10,São Paulo,3550308,True,,782,,,-23.6738115,-46.7878465,,,,1,2023-06-20T04:26:59+00:00
SAO_745M-10,São Paulo,3550308,True,,782,,,-23.630615499999998,-46.768413,,,,1,2023-06-20T04:27:14+00:00
SAO_745M-10,São Paulo,3550308,True,,782,,,-23.6374695,-46.7795415,,,,1,2023-06-20T04:27:01+00:00
SAO_745M-10,São Paulo,3550308,True,,782,,,-23.63756,-46.779590999999996,,,,1,2023-06-20T04:27:24+00:00
SAO_2202-10,São Paulo,3550308,True,,33678,,,-23.487195500000002,-46.3824805,,,,2,2023-06-20T04:27:39+00:00
SAO_2202-10,São Paulo,3550308,True,,33678,,,-23.48792525,-46.382452,,,,2,2023-06-20T04:27:25+00:00
SAO_2202-10,São Paulo,3550308,True,,33678,,,-23.541988,-46.4152385,,,,2,2023-06-20T04:27:04+00:00
SAO_2202-10,São Paulo,3550308,True,,33678,,,-23.48792525,-46.382452,,,,2,2023-06-20T04:25:45+00:00
SAO_2202-10,São Paulo,3550308,True,,33678,,,-23.4965635,-46.393099,,,,2,2023-06-20T04:27:00+00:00
SAO_2202-10,São Paulo,3550308,True,,33678,,,-23.505705,-46.403741,,,,2,2023-06-20T04:27:27+00:00
SAO_1732-10,São Paulo,3550308,True,,671,,,-23.535702999999998,-46.651074,,,,1,2023-06-20T04:27:18+00:00
SAO_1732-10,São Paulo,3550308,True,,671,,,-23.503884,-46.6301495,,,,1,2023-06-20T04:27:09+00:00
SAO_1732-10,São Paulo,3550308,True,,671,,,-23.487852,-46.5743735,,,,1,2023-06-20T04:27:37+00:00
SAO_1732-10,São Paulo,3550308,True,,671,,,-23.48016775,-46.58053175,,,,1,2023-06-20T04:27:05+00:00
SAO_2028-10,São Paulo,3550308,True,,35031,,,-23.434618999999998,-46.571697,,,,2,2023-06-20T04:27:12+00:00
SAO_2028-10,São Paulo,3550308,True,,35031,,,-23.440029000000003,-46.5875025,,,,2,2023-06-20T04:26:58+00:00
SAO_2728-10,São Paulo,3550308,True,,943,,,-23.5014245,-46.512783,,,,1,2023-06-20T04:27:32+00:00
SAO_2728-10,São Paulo,3550308,True,,943,,,-23.5064395,-46.524964499999996,,,,1,2023-06-20T04:27:14+00:00
SAO_2728-10,São Paulo,3550308,True,,943,,,-23.521195,-46.549595999999994,,,,1,2023-06-20T04:27:12+00:00
SAO_2728-10,São Paulo,3550308,True,,943,,,-23.533263499999997,-46.544112,,,,1,2023-06-20T04:27:13+00:00
SAO_775F-10,São Paulo,3550308,True,,796,,,-23.584517249999998,-46.68768625,,,,1,2023-06-20T04:27:34+00:00
SAO_775F-10,São Paulo,3550308,True,,796,,,-23.6254505,-46.7479555,,,,1,2023-06-20T04:27:32+00:00
SAO_775F-10,São Paulo,3550308,True,,796,,,-23.6104085,-46.752348,,,,1,2023-06-20T04:27:29+00:00
SAO_775F-10,São Paulo,3550308,True,,796,,,-23.6254505,-46.7479555,,,,1,2023-06-20T04:27:02+00:00
SAO_775F-10,São Paulo,3550308,True,,796,,,-23.6254505,-46.7479555,,,,1,2023-06-20T04:27:17+00:00
SAO_5194-10,São Paulo,3550308,True,EMTU,269,https://moovitapp.com/index/pt-br/transporte_p%C3%BAblico-line-269-Sao_Paulo-242-2038937-36419377-0,5.35,-23.585397999999998,-46.653053,,,,1,2023-06-20T04:27:29+00:00
SAO_5194-10,São Paulo,3550308,True,EMTU,269,https://moovitapp.com/index/pt-br/transporte_p%C3%BAblico-line-269-Sao_Paulo-242-2038937-36419377-0,5.35,-23.7099995,-46.652274500000004,,,,1,2023-06-20T04:27:15+00:00
SAO_5194-10,São Paulo,3550308,True,EMTU,269,https://moovitapp.com/index/pt-br/transporte_p%C3%BAblico-line-269-Sao_Paulo-242-2038937-36419377-0,5.35,-23.690306,-46.6782345,,,,1,2023-06-20T04:27:16+00:00
SAO_957T-10,São Paulo,3550308,True,,33232,,,-23.521057,-46.726516000000004,,,,2,2023-06-20T04:27:35+00:00
SAO_957T-10,São Paulo,3550308,True,,33232,,,-23.44655375,-46.71710412499999,,,,2,2023-06-20T04:27:33+00:00
SAO_957T-10,São Paulo,3550308,True,,33232,,,-23.589413874999998,-46.681619,,,,2,2023-06-20T04:27:42+00:00
SAO_957T-10,São Paulo,3550308,True,,33232,,,-23.565959,-46.6944145,,,,2,2023-06-20T04:26:58+00:00
SAO_957T-10,São Paulo,3550308,True,,33232,,,-23.491705500000002,-46.695639,,,,2,2023-06-20T04:27:00+00:00
SAO_7545-10,São Paulo,3550308,True,,33272,,,-23.6016895,-46.791908,,,,2,2023-06-20T04:27:36+00:00
SAO_7545-10,São Paulo,3550308,True,,33272,,,-23.601537,-46.791821999999996,,,,2,2023-06-20T04:27:13+00:00
SAO_7545-10,São Paulo,3550308,True,,33272,,,-23.6016895,-46.791908,,,,2,2023-06-20T04:27:07+00:00
SAO_7545-10,São Paulo,3550308,True,,33272,,,-23.54566475,-46.644418,,,,2,2023-06-20T04:27:28+00:00
SAO_7545-10,São Paulo,3550308,True,,33272,,,-23.574802750000003,-46.71671175,,,,2,2023-06-20T04:27:35+00:00
SAO_7545-10,São Paulo,3550308,True,,33272,,,-23.601478,-46.791829,,,,2,2023-06-20T04:27:24+00:00
SAO_7545-10,São Paulo,3550308,True,,33272,,,-23.588769,-46.766884000000005,,,,2,2023-06-20T04:27:29+00:00
SAO_7545-10,São Paulo,3550308,True,,33272,,,-23.601478,-46.791829,,,,2,2023-06-20T04:27:35+00:00
SAO_9004-10,São Paulo,3550308,True,,33639,,,-23.45973,-46.6748785,,,,2,2023-06-20T04:27:11+00:00
SAO_9004-10,São Paulo,3550308,True,,33639,,,-23.456984,-46.6852645,,,,2,2023-06-20T04:27:14+00:00
SAO_9004-10,São Paulo,3550308,True,,33639,,,-23.475167499999998,-46.6699895,,,,2,2023-06-20T04:27:36+00:00
SAO_819A-10,São Paulo,3550308,True,,33571,,,-23.4387105,-46.748492,,,,2,2023-06-20T04:27:07+00:00
SAO_819A-10,São Paulo,3550308,True,,33571,,,-23.4403065,-46.749472999999995,,,,2,2023-06-20T04:27:16+00:00
SAO_819A-10,São Paulo,3550308,True,,33571,,,-23.436388,-46.713037,,,,2,2023-06-20T04:27:11+00:00
SAO_819A-10,São Paulo,3550308,True,,33571,,,-23.454912,-46.6956555,,,,2,2023-06-20T04:27:13+00:00
SAO_819A-10,São Paulo,3550308,True,,33571,,,-23.4387105,-46.748492,,,,2,2023-06-20T04:27:36+00:00
SAO_819A-10,São Paulo,3550308,True,,33571,,,-23.4386675,-46.748738,,,,2,2023-06-20T04:27:14+00:00
SAO_819A-10,São Paulo,3550308,True,,33571,,,-23.471957875,-46.673949500000006,,,,2,2023-06-20T04:27:25+00:00
SAO_3766-10,São Paulo,3550308,True,,1055,,,-23.553675499999997,-46.427672,,,,1,2023-06-20T04:27:19+00:00
SAO_3766-10,São Paulo,3550308,True,,1055,,,-23.553675499999997,-46.427672,,,,1,2023-06-20T04:27:28+00:00
SAO_3766-10,São Paulo,3550308,True,,1055,,,-23.553675499999997,-46.427672,,,,1,2023-06-20T04:27:42+00:00
SAO_3766-10,São Paulo,3550308,True,,1055,,,-23.5424075,-46.470879499999995,,,,1,2023-06-20T04:27:15+00:00
SAO_3766-10,São Paulo,3550308,True,,1055,,,-23.53482375,-46.452111,,,,1,2023-06-20T04:27:40+00:00
SAO_3766-10,São Paulo,3550308,True,,1055,,,-23.5423835,-46.470721999999995,,,,1,2023-06-20T04:27:05+00:00
SAO_3766-10,São Paulo,3550308,True,,1055,,,-23.553675499999997,-46.427672,,,,1,2023-06-20T04:27:02+00:00
SAO_3766-10,São Paulo,3550308,True,,1055,,,-23.553675499999997,-46.427672,,,,1,2023-06-20T04:27:42+00:00
SAO_3766-10,São Paulo,3550308,True,,1055,,,-23.553675499999997,-46.427672,,,,1,2023-06-20T04:27:10+00:00
SAO_2702-10,São Paulo,3550308,True,,33682,,,-23.495196,-46.444438000000005,,,,2,2023-06-20T04:24:39+00:00
SAO_2702-10,São Paulo,3550308,True,,33682,,,-23.4953915,-46.444759000000005,,,,2,2023-06-20T04:27:22+00:00
SAO_2702-10,São Paulo,3550308,True,,33682,,,-23.499526250000002,-46.468301249999996,,,,2,2023-06-20T04:27:03+00:00
SAO_8605-10,São Paulo,3550308,True,,1917,,,-23.559336,-46.654204750000005,,,,1,2023-06-20T04:27:18+00:00
SAO_8605-10,São Paulo,3550308,True,,1917,,,-23.580623499999998,-46.6803575,,,,1,2023-06-20T04:27:11+00:00
SAO_8605-10,São Paulo,3550308,True,,1917,,,-23.601923,-46.743632500000004,,,,1,2023-06-20T04:27:41+00:00
SAO_856R-10,São Paulo,3550308,True,,1428,,,-23.583814500000003,-46.67369425,,,,1,2023-06-20T04:27:23+00:00
SAO_856R-10,São Paulo,3550308,True,,1428,,,-23.669694,-46.71912525,,,,1,2023-06-20T04:27:31+00:00
SAO_856R-10,São Paulo,3550308,True,,1428,,,-23.6455691875,-46.702333749999994,,,,1,2023-06-20T04:27:37+00:00
SAO_856R-10,São Paulo,3550308,True,,1428,,,-23.521565,-46.700398500000006,,,,1,2023-06-20T04:27:31+00:00
SAO_856R-10,São Paulo,3550308,True,,1428,,,-23.669865,-46.719399249999995,,,,1,2023-06-20T04:27:18+00:00
SAO_6062-51,São Paulo,3550308,True,,1739,,,-23.7425335,-46.683698,,,,1,2023-06-20T04:27:30+00:00
SAO_6062-51,São Paulo,3550308,True,,1739,,,-23.7419465,-46.681698499999996,,,,1,2023-06-20T04:27:30+00:00
SAO_6062-51,São Paulo,3550308,True,,1739,,,-23.6807875,-46.694525,,,,1,2023-06-20T04:27:33+00:00
SAO_6062-51,São Paulo,3550308,True,,1739,,,-23.7419465,-46.681698499999996,,,,1,2023-06-20T04:27:22+00:00
SAO_6062-51,São Paulo,3550308,True,,1739,,,-23.653906999999997,-46.710535500000006,,,,1,2023-06-20T04:27:37+00:00
SAO_702C-10,São Paulo,3550308,True,,33253,,,-23.538909,-46.6355365,,,,2,2023-06-20T04:27:11+00:00
SAO_702C-10,São Paulo,3550308,True,,33253,,,-23.571233,-46.74876825,,,,2,2023-06-20T04:27:11+00:00
SAO_702C-10,São Paulo,3550308,True,,33253,,,-23.573901499999998,-46.7421515,,,,2,2023-06-20T04:27:07+00:00
SAO_702C-10,São Paulo,3550308,True,,33253,,,-23.5710085,-46.691238999999996,,,,2,2023-06-20T04:27:42+00:00
SAO_6052-10,São Paulo,3550308,True,,33912,,,-23.775877,-46.6912655,,,,2,2023-06-20T04:27:17+00:00
SAO_6052-10,São Paulo,3550308,True,,33912,,,-23.775509999999997,-46.691679,,,,2,2023-06-20T04:27:34+00:00
SAO_6052-10,São Paulo,3550308,True,,33912,,,-23.7729295,-46.7022055,,,,2,2023-06-20T04:27:42+00:00
SAO_6052-10,São Paulo,3550308,True,,33912,,,-23.775509999999997,-46.691679,,,,2,2023-06-20T04:27:04+00:00
SAO_6052-10,São Paulo,3550308,True,,33912,,,-23.7757335,-46.691438500000004,,,,2,2023-06-20T04:21:57+00:00
SAO_8528-10,São Paulo,3550308,True,,575,,,-23.5142335,-46.690912,,,,1,2023-06-20T04:27:09+00:00
SAO_8528-10,São Paulo,3550308,True,,575,,,-23.459813750000002,-46.698836,,,,1,2023-06-20T04:27:29+00:00
SAO_8528-10,São Paulo,3550308,True,,575,,,-23.461451,-46.689819,,,,1,2023-06-20T04:27:35+00:00
SAO_8528-10,São Paulo,3550308,True,,575,,,-23.536980999999997,-46.64304475,,,,1,2023-06-20T04:27:36+00:00
SAO_4210-10,São Paulo,3550308,True,,2170,,,-23.541683499999998,-46.534606,,,,1,2023-06-20T04:26:58+00:00
SAO_4210-10,São Paulo,3550308,True,,2170,,,-23.5370305,-46.59245799999999,,,,1,2023-06-20T04:27:06+00:00
SAO_4210-10,São Paulo,3550308,True,,2170,,,-23.585883,-46.4148335,,,,1,2023-06-20T04:26:07+00:00
SAO_4210-10,São Paulo,3550308,True,,2170,,,-23.54376275,-46.62067975,,,,1,2023-06-20T04:26:58+00:00
SAO_746P-10,São Paulo,3550308,True,,33556,,,-23.651677999999997,-46.7116645,,,,2,2023-06-20T04:27:25+00:00
SAO_746P-10,São Paulo,3550308,True,,33556,,,-23.61699275,-46.720967,,,,2,2023-06-20T04:27:10+00:00
SAO_746P-10,São Paulo,3550308,True,,33556,,,-23.622393000000002,-46.733672999999996,,,,2,2023-06-20T04:27:04+00:00
SAO_746P-10,São Paulo,3550308,True,,33556,,,-23.617432,-46.7210475,,,,2,2023-06-20T04:27:29+00:00
SAO_746P-10,São Paulo,3550308,True,,33556,,,-23.6172295,-46.720997,,,,2,2023-06-20T04:27:25+00:00
SAO_746P-10,São Paulo,3550308,True,,33556,,,-23.617432,-46.7210475,,,,2,2023-06-20T04:27:29+00:00
SAO_746P-10,São Paulo,3550308,True,,33556,,,-23.6172295,-46.720997,,,,2,2023-06-20T04:27:15+00:00
SAO_746P-10,São Paulo,3550308,True,,33556,,,-23.6120565,-46.7220875,,,,2,2023-06-20T04:27:42+00:00
SAO_746P-10,São Paulo,3550308,True,,33556,,,-23.61676025,-46.720957,,,,2,2023-06-20T04:27:11+00:00
SAO_8319-21,São Paulo,3550308,True,,34475,,,-23.546825,-46.7609525,,,,2,2023-06-20T04:27:13+00:00
SAO_2770-10,São Paulo,3550308,True,,33011,,,-23.49155975,-46.44657925,,,,2,2023-06-20T04:27:10+00:00
SAO_2770-10,São Paulo,3550308,True,,33011,,,-23.495266,-46.432126,,,,2,2023-06-20T04:27:09+00:00
SAO_2770-10,São Paulo,3550308,True,,33011,,,-23.4943805,-46.438734499999995,,,,2,2023-06-20T04:27:34+00:00
SAO_2770-10,São Paulo,3550308,True,,33011,,,-23.539380375,-46.431489625,,,,2,2023-06-20T04:27:34+00:00
SAO_2770-10,São Paulo,3550308,True,,33011,,,-23.5000301875,-46.4212580625,,,,2,2023-06-20T04:27:14+00:00
SAO_2770-10,São Paulo,3550308,True,,33011,,,-23.539849875,-46.431764125,,,,2,2023-06-20T04:27:37+00:00
SAO_6000-10,São Paulo,3550308,True,,33908,,,-23.719648499999998,-46.698655,,,,2,2023-06-20T04:27:31+00:00
SAO_6000-10,São Paulo,3550308,True,,33908,,,-23.82751025,-46.731438999999995,,,,2,2023-06-20T04:27:28+00:00
SAO_6000-10,São Paulo,3550308,True,,33908,,,-23.6585225,-46.706396999999996,,,,2,2023-06-20T04:27:37+00:00
SAO_6000-10,São Paulo,3550308,True,,33908,,,-23.769367000000003,-46.71789149999999,,,,2,2023-06-20T04:24:58+00:00
SAO_6000-10,São Paulo,3550308,True,,33908,,,-23.828025500000003,-46.7271865,,,,2,2023-06-20T04:27:06+00:00
SAO_6000-10,São Paulo,3550308,True,,33908,,,-23.6802825,-46.713233875,,,,2,2023-06-20T04:27:32+00:00
SAO_6000-10,São Paulo,3550308,True,,33908,,,-23.770527,-46.718466500000005,,,,2,2023-06-20T04:27:09+00:00
SAO_6000-10,São Paulo,3550308,True,,33908,,,-23.728954,-46.699055,,,,2,2023-06-20T04:27:39+00:00
SAO_6000-10,São Paulo,3550308,True,,33908,,,-23.828025500000003,-46.7271865,,,,2,2023-06-20T04:27:14+00:00
SAO_874T-10,São Paulo,3550308,True,EMTU,307,https://moovitapp.com/index/pt-br/transporte_p%C3%BAblico-line-307-Sao_Paulo-242-2038937-36419399-0,5.2,-23.532908125,-46.669807875000004,,,,1,2023-06-20T04:27:00+00:00
SAO_874T-10,São Paulo,3550308,True,EMTU,307,https://moovitapp.com/index/pt-br/transporte_p%C3%BAblico-line-307-Sao_Paulo-242-2038937-36419399-0,5.2,-23.5638986875,-46.653448125000004,,,,1,2023-06-20T04:27:33+00:00
SAO_874T-10,São Paulo,3550308,True,EMTU,307,https://moovitapp.com/index/pt-br/transporte_p%C3%BAblico-line-307-Sao_Paulo-242-2038937-36419399-0,5.2,-23.565166249999997,-46.61572700000001,,,,1,2023-06-20T04:27:20+00:00
SAO_3756-10,São Paulo,3550308,True,,1050,,,-23.591324,-46.389072,,,,1,2023-06-20T04:27:01+00:00
SAO_4027-41,São Paulo,3550308,True,,35077,,,-23.608490500000002,-46.47957825,,,,2,2023-06-20T04:27:12+00:00
SAO_5021-10,São Paulo,3550308,True,,1667,,,-23.631191,-46.61749449999999,,,,1,2023-06-20T04:27:14+00:00
SAO_2004-10,São Paulo,3550308,True,,892,,,-23.531609000000003,-46.397344000000004,,,,1,2023-06-20T04:27:09+00:00
SAO_7282-10,São Paulo,3550308,True,,471,,,-23.546862,-46.7609935,,,,1,2023-06-20T04:26:57+00:00
SAO_7282-10,São Paulo,3550308,True,,471,,,-23.555031,-46.66882125,,,,1,2023-06-20T04:27:23+00:00
SAO_7282-10,São Paulo,3550308,True,,471,,,-23.545880500000003,-46.7544005,,,,1,2023-06-20T04:24:30+00:00
SAO_8038-10,São Paulo,3550308,True,,33565,,,-23.54291425,-46.75683975,,,,2,2023-06-20T04:27:07+00:00
SAO_8038-10,São Paulo,3550308,True,,33565,,,-23.550904625,-46.7404143125,,,,2,2023-06-20T04:27:12+00:00
SAO_8038-10,São Paulo,3550308,True,,33565,,,-23.53488225,-46.76081775,,,,2,2023-06-20T04:27:09+00:00
SAO_8038-10,São Paulo,3550308,True,,33565,,,-23.518572875,-46.705757500000004,,,,2,2023-06-20T04:27:16+00:00
SAO_8038-10,São Paulo,3550308,True,,33565,,,-23.5192465,-46.7041905,,,,2,2023-06-20T04:27:37+00:00
SAO_8030-10,São Paulo,3550308,True,,35330,,,-23.591334500000002,-46.7360275,,,,2,2023-06-20T04:27:26+00:00
SAO_8030-10,São Paulo,3550308,True,,35330,,,-23.62322075,-46.728378,,,,2,2023-06-20T04:27:00+00:00
SAO_8030-10,São Paulo,3550308,True,,35330,,,-23.603493,-46.731563,,,,2,2023-06-20T04:27:04+00:00
SAO_8030-10,São Paulo,3550308,True,,35330,,,-23.623484249999997,-46.728172,,,,2,2023-06-20T04:27:07+00:00
SAO_8030-10,São Paulo,3550308,True,,35330,,,-23.6150275,-46.7342905,,,,2,2023-06-20T04:27:38+00:00
SAO_6414-10,São Paulo,3550308,True,EMTU,360,https://moovitapp.com/index/pt-br/transporte_p%C3%BAblico-line-360-Sao_Paulo-242-2038937-36419441-0,5.2,-23.61499175,-46.6793665,,,,1,2023-06-20T04:27:32+00:00
SAO_6414-10,São Paulo,3550308,True,EMTU,360,https://moovitapp.com/index/pt-br/transporte_p%C3%BAblico-line-360-Sao_Paulo-242-2038937-36419441-0,5.2,-23.636060999999998,-46.694385,,,,1,2023-06-20T04:27:43+00:00
SAO_6414-10,São Paulo,3550308,True,EMTU,360,https://moovitapp.com/index/pt-br/transporte_p%C3%BAblico-line-360-Sao_Paulo-242-2038937-36419441-0,5.2,-23.5537165,-46.64814,,,,1,2023-06-20T04:27:43+00:00
SAO_5119-10,São Paulo,3550308,True,,1,,,-23.654044,-46.7630505,,,,1,2023-06-20T04:27:22+00:00
SAO_5119-10,São Paulo,3550308,True,,1,,,-23.569029875,-46.65027825,,,,1,2023-06-20T04:27:31+00:00
SAO_5119-10,São Paulo,3550308,True,,1,,,-23.654442500000002,-46.7623235,,,,1,2023-06-20T04:27:38+00:00
SAO_5119-10,São Paulo,3550308,True,,1,,,-23.603258750000002,-46.7121355,,,,1,2023-06-20T04:27:24+00:00
SAO_5119-10,São Paulo,3550308,True,,1,,,-23.643748000000002,-46.735154,,,,1,2023-06-20T04:27:24+00:00
SAO_5119-10,São Paulo,3550308,True,,1,,,-23.552288499999996,-46.63682875000001,,,,1,2023-06-20T04:27:42+00:00
SAO_5119-10,São Paulo,3550308,True,,1,,,-23.610439375,-46.727247375000005,,,,1,2023-06-20T04:27:11+00:00
SAO_5119-10,São Paulo,3550308,True,,1,,,-23.58500625,-46.68268625,,,,1,2023-06-20T04:27:42+00:00
SAO_5128-10,São Paulo,3550308,True,,1128,,,-23.7120645,-46.6518935,,,,1,2023-06-20T04:25:13+00:00
SAO_5128-10,São Paulo,3550308,True,,1128,,,-23.662242,-46.646751,,,,1,2023-06-20T04:27:28+00:00
SAO_3735-10,São Paulo,3550308,True,,33803,,,-23.544204999999998,-46.488556,,,,2,2023-06-20T04:27:03+00:00
SAO_3735-10,São Paulo,3550308,True,,33803,,,-23.541107,-46.4847105,,,,2,2023-06-20T04:27:16+00:00
SAO_938C-10,São Paulo,3550308,True,,586,,,-23.4761165,-46.727823,,,,1,2023-06-20T04:27:12+00:00
SAO_938C-10,São Paulo,3550308,True,,586,,,-23.44598125,-46.714508,,,,1,2023-06-20T04:27:31+00:00
SAO_938C-10,São Paulo,3550308,True,,586,,,-23.470966750000002,-46.72480525,,,,1,2023-06-20T04:27:34+00:00
SAO_938C-10,São Paulo,3550308,True,,586,,,-23.53875625,-46.64681725,,,,1,2023-06-20T04:27:39+00:00
SAO_5175-10,São Paulo,3550308,True,,593,,,-23.660805,-46.67940575,,,,1,2023-06-20T04:27:24+00:00
SAO_5175-10,São Paulo,3550308,True,,593,,,-23.60382075,-46.651167,,,,1,2023-06-20T04:27:11+00:00
SAO_5175-10,São Paulo,3550308,True,,593,,,-23.697742,-46.6483085,,,,1,2023-06-20T04:27:39+00:00
SAO_5175-10,São Paulo,3550308,True,,593,,,-23.559326,-46.642411499999994,,,,1,2023-06-20T04:27:20+00:00
SAO_5175-10,São Paulo,3550308,True,,593,,,-23.70256,-46.646491,,,,1,2023-06-20T04:27:41+00:00
SAO_637A-10,São Paulo,3550308,True,,32953,,,-23.635371250000002,-46.72167025,,,,2,2023-06-20T04:27:14+00:00
SAO_637A-10,São Paulo,3550308,True,,32953,,,-23.5729335,-46.6897095,,,,2,2023-06-20T04:27:12+00:00
SAO_637A-10,São Paulo,3550308,True,,32953,,,-23.6905325,-46.774566500000006,,,,2,2023-06-20T04:27:33+00:00
SAO_637A-10,São Paulo,3550308,True,,32953,,,-23.629877,-46.71685825,,,,2,2023-06-20T04:27:33+00:00
SAO_637A-10,São Paulo,3550308,True,,32953,,,-23.566554,-46.701409999999996,,,,2,2023-06-20T04:27:33+00:00
SAO_637A-10,São Paulo,3550308,True,,32953,,,-23.6812345,-46.7662805,,,,2,2023-06-20T04:27:38+00:00
SAO_637A-10,São Paulo,3550308,True,,32953,,,-23.659469875,-46.725195062500006,,,,2,2023-06-20T04:24:16+00:00
SAO_637A-10,São Paulo,3550308,True,,32953,,,-23.586142000000002,-46.693146999999996,,,,2,2023-06-20T04:27:40+00:00
SAO_857A-10,São Paulo,3550308,True,,34693,,,-23.612340000000003,-46.754549,,,,2,2023-06-20T04:27:37+00:00
SAO_857A-10,São Paulo,3550308,True,,34693,,,-23.6313825,-46.77286,,,,2,2023-06-20T04:27:07+00:00
SAO_857A-10,São Paulo,3550308,True,,34693,,,-23.631153500000003,-46.7733425,,,,2,2023-06-20T04:27:38+00:00
SAO_857A-10,São Paulo,3550308,True,,34693,,,-23.578401,-46.6860865,,,,2,2023-06-20T04:27:23+00:00
SAO_3739-10,São Paulo,3550308,True,,33807,,,-23.6125085,-46.4160355,,,,2,2023-06-20T04:27:00+00:00
SAO_3739-10,São Paulo,3550308,True,,33807,,,-23.6121585,-46.416186499999995,,,,2,2023-06-20T04:27:19+00:00
SAO_3739-10,São Paulo,3550308,True,,33807,,,-23.5827225,-46.4421915,,,,2,2023-06-20T04:27:17+00:00
SAO_3739-10,São Paulo,3550308,True,,33807,,,-23.545591,-46.4690755,,,,2,2023-06-20T04:27:22+00:00
SAO_3739-10,São Paulo,3550308,True,,33807,,,-23.609823249999998,-46.4260955,,,,2,2023-06-20T04:27:19+00:00
SAO_3739-10,São Paulo,3550308,True,,33807,,,-23.61229,-46.416155,,,,2,2023-06-20T04:27:02+00:00
SAO_737A-10,São Paulo,3550308,True,,34498,,,-23.6902125,-46.773815,,,,2,2023-06-20T04:27:35+00:00
SAO_737A-10,São Paulo,3550308,True,,34498,,,-23.6728545,-46.74413925,,,,2,2023-06-20T04:27:30+00:00
SAO_737A-10,São Paulo,3550308,True,,34498,,,-23.6901525,-46.774198999999996,,,,2,2023-06-20T04:27:01+00:00
SAO_737A-10,São Paulo,3550308,True,,34498,,,-23.658726,-46.7062175,,,,2,2023-06-20T04:27:29+00:00
SAO_737A-10,São Paulo,3550308,True,,34498,,,-23.654109,-46.709678,,,,2,2023-06-20T04:27:33+00:00
SAO_737A-10,São Paulo,3550308,True,,34498,,,-23.679623999999997,-46.76436925,,,,2,2023-06-20T04:27:14+00:00
SAO_737A-10,São Paulo,3550308,True,,34498,,,-23.6902125,-46.773815,,,,2,2023-06-20T04:27:32+00:00
SAO_5103-10,São Paulo,3550308,True,,1646,,,-23.6032445,-46.602611499999995,,,,1,2023-06-20T04:27:12+00:00
SAO_5103-10,São Paulo,3550308,True,,1646,,,-23.597941374999998,-46.608677,,,,1,2023-06-20T04:27:25+00:00
SAO_6200-10,São Paulo,3550308,True,,355,,,-23.549107,-46.6391215,,,,1,2023-06-20T04:27:38+00:00
SAO_6200-10,São Paulo,3550308,True,,355,,,-23.558100500000002,-46.653222,,,,1,2023-06-20T04:27:31+00:00
SAO_6200-10,São Paulo,3550308,True,,355,,,-23.654486499999997,-46.7150675,,,,1,2023-06-20T04:27:28+00:00
SAO_6200-10,São Paulo,3550308,True,,355,,,-23.549287999999997,-46.6412005,,,,1,2023-06-20T04:27:41+00:00
SAO_6200-10,São Paulo,3550308,True,,355,,,-23.654375,-46.714551,,,,1,2023-06-20T04:27:39+00:00
SAO_6200-10,São Paulo,3550308,True,,355,,,-23.654486499999997,-46.7150675,,,,1,2023-06-20T04:27:22+00:00
SAO_6200-10,São Paulo,3550308,True,,355,,,-23.65423,-46.7120225,,,,1,2023-06-20T04:27:29+00:00
SAO_6200-10,São Paulo,3550308,True,,355,,,-23.654531499999997,-46.715275500000004,,,,1,2023-06-20T04:27:37+00:00
SAO_6200-10,São Paulo,3550308,True,,355,,,-23.65423,-46.7120225,,,,1,2023-06-20T04:27:23+00:00
SAO_6200-10,São Paulo,3550308,True,,355,,,-23.580629000000002,-46.6799365,,,,1,2023-06-20T04:27:43+00:00
SAO_6200-10,São Paulo,3550308,True,,355,,,-23.654573,-46.7154675,,,,1,2023-06-20T04:27:06+00:00
SAO_6200-10,São Paulo,3550308,True,,355,,,-23.654375,-46.714551,,,,1,2023-06-20T04:27:25+00:00
SAO_709M-10,São Paulo,3550308,True,,2462,,,-23.638920249999998,-46.696384,,,,1,2023-06-20T04:27:22+00:00
SAO_709M-10,São Paulo,3550308,True,,2462,,,-23.565236,-46.69948275,,,,1,2023-06-20T04:27:07+00:00
SAO_709M-10,São Paulo,3550308,True,,2462,,,-23.58784975,-46.68348,,,,1,2023-06-20T04:27:27+00:00
SAO_709M-10,São Paulo,3550308,True,,2462,,,-23.654158,-46.710677000000004,,,,1,2023-06-20T04:27:32+00:00
SAO_709M-10,São Paulo,3550308,True,,2462,,,-23.654158,-46.710677000000004,,,,1,2023-06-20T04:27:27+00:00
SAO_2014-10,São Paulo,3550308,True,Urubupungá,900,https://moovitapp.com/index/pt-br/transporte_p%C3%BAblico-line-900-Sao_Paulo-242-873835-496470-0,4.6,-23.457081000000002,-46.669748,,,,1,2023-06-20T04:27:41+00:00
SAO_2014-10,São Paulo,3550308,True,Urubupungá,900,https://moovitapp.com/index/pt-br/transporte_p%C3%BAblico-line-900-Sao_Paulo-242-873835-496470-0,4.6,-23.461207,-46.6704105,,,,1,2023-06-20T04:27:17+00:00
SAO_2014-10,São Paulo,3550308,True,Urubupungá,900,https://moovitapp.com/index/pt-br/transporte_p%C3%BAblico-line-900-Sao_Paulo-242-873835-496470-0,4.6,-23.457081000000002,-46.669748,,,,1,2023-06-20T04:27:33+00:00
SAO_2014-10,São Paulo,3550308,True,Urubupungá,900,https://moovitapp.com/index/pt-br/transporte_p%C3%BAblico-line-900-Sao_Paulo-242-873835-496470-0,4.6,-23.457081000000002,-46.669748,,,,1,2023-06-20T04:27:13+00:00
SAO_2014-10,São Paulo,3550308,True,Urubupungá,900,https://moovitapp.com/index/pt-br/transporte_p%C3%BAblico-line-900-Sao_Paulo-242-873835-496470-0,4.6,-23.457081000000002,-46.669748,,,,1,2023-06-20T04:27:09+00:00
SAO_2014-10,São Paulo,3550308,True,Urubupungá,900,https://moovitapp.com/index/pt-br/transporte_p%C3%BAblico-line-900-Sao_Paulo-242-873835-496470-0,4.6,-23.457081000000002,-46.669748,,,,1,2023-06-20T04:27:31+00:00
SAO_2014-10,São Paulo,3550308,True,Urubupungá,900,https://moovitapp.com/index/pt-br/transporte_p%C3%BAblico-line-900-Sao_Paulo-242-873835-496470-0,4.6,-23.457081000000002,-46.669748,,,,1,2023-06-20T04:27:06+00:00
SAO_2014-10,São Paulo,3550308,True,Urubupungá,900,https://moovitapp.com/index/pt-br/transporte_p%C3%BAblico-line-900-Sao_Paulo-242-873835-496470-0,4.6,-23.463489000000003,-46.6694855,,,,1,2023-06-20T04:27:02+00:00
SAO_2014-10,São Paulo,3550308,True,Urubupungá,900,https://moovitapp.com/index/pt-br/transporte_p%C3%BAblico-line-900-Sao_Paulo-242-873835-496470-0,4.6,-23.457081000000002,-46.669748,,,,1,2023-06-20T04:27:42+00:00
SAO_2014-10,São Paulo,3550308,True,Urubupungá,900,https://moovitapp.com/index/pt-br/transporte_p%C3%BAblico-line-900-Sao_Paulo-242-873835-496470-0,4.6,-23.4843185,-46.6640565,,,,1,2023-06-20T04:26:58+00:00
SAO_2014-10,São Paulo,3550308,True,Urubupungá,900,https://moovitapp.com/index/pt-br/transporte_p%C3%BAblico-line-900-Sao_Paulo-242-873835-496470-0,4.6,-23.457081000000002,-46.669748,,,,1,2023-06-20T04:27:40+00:00
SAO_2014-10,São Paulo,3550308,True,Urubupungá,900,https://moovitapp.com/index/pt-br/transporte_p%C3%BAblico-line-900-Sao_Paulo-242-873835-496470-0,4.6,-23.457081000000002,-46.669748,,,,1,2023-06-20T04:27:35+00:00
SAO_2014-10,São Paulo,3550308,True,Urubupungá,900,https://moovitapp.com/index/pt-br/transporte_p%C3%BAblico-line-900-Sao_Paulo-242-873835-496470-0,4.6,-23.457081000000002,-46.669748,,,,1,2023-06-20T04:25:48+00:00
SAO_2014-10,São Paulo,3550308,True,Urubupungá,900,https://moovitapp.com/index/pt-br/transporte_p%C3%BAblico-line-900-Sao_Paulo-242-873835-496470-0,4.6,-23.5266615,-46.6675825,,,,1,2023-06-20T04:27:16+00:00
SAO_2014-10,São Paulo,3550308,True,Urubupungá,900,https://moovitapp.com/index/pt-br/transporte_p%C3%BAblico-line-900-Sao_Paulo-242-873835-496470-0,4.6,-23.457081000000002,-46.669748,,,,1,2023-06-20T04:27:05+00:00
SAO_2014-10,São Paulo,3550308,True,Urubupungá,900,https://moovitapp.com/index/pt-br/transporte_p%C3%BAblico-line-900-Sao_Paulo-242-873835-496470-0,4.6,-23.505270250000002,-46.66304925,,,,1,2023-06-20T04:27:32+00:00
SAO_637P-10,São Paulo,3550308,True,,47,,,-23.62766125,-46.68821275,,,,1,2023-06-20T04:27:31+00:00
SAO_637P-10,São Paulo,3550308,True,,47,,,-23.6541465,-46.711351,,,,1,2023-06-20T04:27:02+00:00
SAO_637P-10,São Paulo,3550308,True,,47,,,-23.6541465,-46.711351,,,,1,2023-06-20T04:27:24+00:00
SAO_637P-10,São Paulo,3550308,True,,47,,,-23.6541465,-46.711351,,,,1,2023-06-20T04:27:14+00:00
SAO_637P-10,São Paulo,3550308,True,,47,,,-23.6541465,-46.711351,,,,1,2023-06-20T04:27:26+00:00
SAO_637P-10,São Paulo,3550308,True,,47,,,-23.57996325,-46.6851545,,,,1,2023-06-20T04:27:42+00:00
SAO_637P-10,São Paulo,3550308,True,,47,,,-23.566439,-46.7018475,,,,1,2023-06-20T04:27:08+00:00
SAO_3032-10,São Paulo,3550308,True,STT,720,https://moovitapp.com/index/pt-br/transporte_p%C3%BAblico-line-720-Sao_Paulo-242-850661-183345-0,5.3,-23.562637000000002,-46.499016499999996,,,,1,2023-06-20T04:27:31+00:00
SAO_3112-10,São Paulo,3550308,True,,1080,,,-23.610685500000002,-46.529895,,,,1,2023-06-20T04:27:17+00:00
SAO_3112-10,São Paulo,3550308,True,,1080,,,-23.579799,-46.5867975,,,,1,2023-06-20T04:27:03+00:00
SAO_3112-10,São Paulo,3550308,True,,1080,,,-23.545469875000002,-46.58761725000001,,,,1,2023-06-20T04:27:40+00:00
SAO_3112-10,São Paulo,3550308,True,,1080,,,-23.599205249999997,-46.53805525,,,,1,2023-06-20T04:27:20+00:00
SAO_2717-10,São Paulo,3550308,True,Urubupungá,930,https://moovitapp.com/index/pt-br/transporte_p%C3%BAblico-line-930-Sao_Paulo-242-873835-496473-0,4.6,-23.524625999999998,-46.52225675,,,,1,2023-06-20T04:27:09+00:00
SAO_2717-10,São Paulo,3550308,True,Urubupungá,930,https://moovitapp.com/index/pt-br/transporte_p%C3%BAblico-line-930-Sao_Paulo-242-873835-496473-0,4.6,-23.5014405,-46.507330499999995,,,,1,2023-06-20T04:27:37+00:00
SAO_N336-11,São Paulo,3550308,True,,35116,,,-23.491775,-46.434236999999996,,,,2,2023-06-20T04:27:01+00:00
SAO_978A-10,São Paulo,3550308,True,,34137,,,-23.520899999999997,-46.668293,,,,2,2023-06-20T04:27:40+00:00
SAO_978A-10,São Paulo,3550308,True,,34137,,,-23.494593,-46.684644375,,,,2,2023-06-20T04:27:02+00:00
SAO_7049-10,São Paulo,3550308,True,,1912,,,-23.7116535,-46.777972,,,,1,2023-06-20T04:26:59+00:00
SAO_7049-10,São Paulo,3550308,True,,1912,,,-23.71189,-46.777949500000005,,,,1,2023-06-20T04:27:39+00:00
SAO_7049-10,São Paulo,3550308,True,,1912,,,-23.7116535,-46.777972,,,,1,2023-06-20T04:27:23+00:00
SAO_7049-10,São Paulo,3550308,True,,1912,,,-23.67560075,-46.783419,,,,1,2023-06-20T04:27:10+00:00
SAO_7049-10,São Paulo,3550308,True,,1912,,,-23.6427835,-46.77973025,,,,1,2023-06-20T04:27:04+00:00
SAO_407G-10,São Paulo,3550308,True,,2196,,,-23.538446999999998,-46.563143999999994,,,,1,2023-06-20T04:23:53+00:00
SAO_407G-10,São Paulo,3550308,True,,2196,,,-23.611837,-46.4334745,,,,1,2023-06-20T04:26:55+00:00
SAO_407G-10,São Paulo,3550308,True,,2196,,,-23.5349729375,-46.5491203125,,,,1,2023-06-20T04:27:21+00:00
SAO_407G-10,São Paulo,3550308,True,,2196,,,-23.611837,-46.4334745,,,,1,2023-06-20T04:27:30+00:00
SAO_407G-10,São Paulo,3550308,True,,2196,,,-23.603975,-46.4813555,,,,1,2023-06-20T04:27:30+00:00
SAO_407G-10,São Paulo,3550308,True,,2196,,,-23.606361874999997,-46.443740500000004,,,,1,2023-06-20T04:27:09+00:00
SAO_407G-10,São Paulo,3550308,True,,2196,,,-23.550654,-46.522548,,,,1,2023-06-20T04:27:12+00:00
SAO_3795-10,São Paulo,3550308,True,,33841,,,-23.5598165,-46.436423500000004,,,,2,2023-06-20T04:27:11+00:00
SAO_3795-10,São Paulo,3550308,True,,33841,,,-23.542476999999998,-46.4712795,,,,2,2023-06-20T04:27:28+00:00
SAO_307C-10,São Paulo,3550308,True,,34882,,,-23.494052500000002,-46.419838999999996,,,,2,2023-06-20T04:27:41+00:00
SAO_307C-10,São Paulo,3550308,True,,34882,,,-23.504323,-46.37892325,,,,2,2023-06-20T04:27:16+00:00
SAO_307C-10,São Paulo,3550308,True,,34882,,,-23.49155975,-46.44657925,,,,2,2023-06-20T04:27:13+00:00
SAO_307C-10,São Paulo,3550308,True,,34882,,,-23.5038615,-46.3797665,,,,2,2023-06-20T04:27:29+00:00
SAO_307C-10,São Paulo,3550308,True,,34882,,,-23.5398895,-46.483771000000004,,,,2,2023-06-20T04:26:59+00:00
SAO_3459-10,São Paulo,3550308,True,,33170,,,-23.5112375,-46.38432,,,,2,2023-06-20T04:27:39+00:00
SAO_3459-10,São Paulo,3550308,True,,33170,,,-23.5473415,-46.629296499999995,,,,2,2023-06-20T04:27:36+00:00
SAO_3459-10,São Paulo,3550308,True,,33170,,,-23.547625500000002,-46.629791499999996,,,,2,2023-06-20T04:27:12+00:00
SAO_3459-10,São Paulo,3550308,True,,33170,,,-23.547625500000002,-46.629791499999996,,,,2,2023-06-20T04:27:21+00:00
SAO_3459-10,São Paulo,3550308,True,,33170,,,-23.547625500000002,-46.629791499999996,,,,2,2023-06-20T04:27:10+00:00
SAO_3459-10,São Paulo,3550308,True,,33170,,,-23.547625500000002,-46.629791499999996,,,,2,2023-06-20T04:27:23+00:00
SAO_3459-10,São Paulo,3550308,True,,33170,,,-23.51460125,-46.452937250000005,,,,2,2023-06-20T04:27:36+00:00
SAO_3459-10,São Paulo,3550308,True,,33170,,,-23.547625500000002,-46.629791499999996,,,,2,2023-06-20T04:27:41+00:00
SAO_3459-10,São Paulo,3550308,True,,33170,,,-23.547625500000002,-46.629791499999996,,,,2,2023-06-20T04:27:29+00:00
SAO_3459-10,São Paulo,3550308,True,,33170,,,-23.519039999999997,-46.4742355,,,,2,2023-06-20T04:27:16+00:00
SAO_3459-10,São Paulo,3550308,True,,33170,,,-23.547625500000002,-46.629791499999996,,,,2,2023-06-20T04:27:19+00:00
SAO_3459-10,São Paulo,3550308,True,,33170,,,-23.516762,-46.384977500000005,,,,2,2023-06-20T04:27:16+00:00
SAO_3459-10,São Paulo,3550308,True,,33170,,,-23.4948075,-46.405891,,,,2,2023-06-20T04:27:01+00:00
SAO_3459-10,São Paulo,3550308,True,,33170,,,-23.516849999999998,-46.3847265,,,,2,2023-06-20T04:27:22+00:00
SAO_3459-10,São Paulo,3550308,True,,33170,,,-23.547625500000002,-46.629791499999996,,,,2,2023-06-20T04:27:26+00:00
SAO_3459-10,São Paulo,3550308,True,,33170,,,-23.547625500000002,-46.629791499999996,,,,2,2023-06-20T04:27:26+00:00
SAO_3459-10,São Paulo,3550308,True,,33170,,,-23.547625500000002,-46.629791499999996,,,,2,2023-06-20T04:26:58+00:00
SAO_3459-10,São Paulo,3550308,True,,33170,,,-23.516064749999998,-46.383449,,,,2,2023-06-20T04:27:40+00:00
SAO_3459-10,São Paulo,3550308,True,,33170,,,-23.505517,-46.443014000000005,,,,2,2023-06-20T04:27:00+00:00
SAO_3459-10,São Paulo,3550308,True,,33170,,,-23.494792250000003,-46.4063075,,,,2,2023-06-20T04:27:02+00:00
SAO_3459-10,São Paulo,3550308,True,,33170,,,-23.538698,-46.565755,,,,2,2023-06-20T04:24:40+00:00
SAO_3459-10,São Paulo,3550308,True,,33170,,,-23.5171875,-46.509521,,,,2,2023-06-20T04:27:31+00:00
SAO_3459-10,São Paulo,3550308,True,,33170,,,-23.547625500000002,-46.629791499999996,,,,2,2023-06-20T04:27:30+00:00
SAO_3459-10,São Paulo,3550308,True,,33170,,,-23.500403,-46.39413,,,,2,2023-06-20T04:25:26+00:00
SAO_3459-10,São Paulo,3550308,True,,33170,,,-23.547625500000002,-46.629791499999996,,,,2,2023-06-20T04:27:17+00:00
SAO_3459-10,São Paulo,3550308,True,,33170,,,-23.544168875,-46.59126675,,,,2,2023-06-20T04:27:37+00:00
SAO_3459-10,São Paulo,3550308,True,,33170,,,-23.516762,-46.384977500000005,,,,2,2023-06-20T04:27:13+00:00
SAO_3902-10,São Paulo,3550308,True,,34238,,,-23.484951000000002,-46.38398325,,,,2,2023-06-20T04:27:34+00:00
SAO_3902-10,São Paulo,3550308,True,,34238,,,-23.485104,-46.384288999999995,,,,2,2023-06-20T04:27:04+00:00
SAO_3902-10,São Paulo,3550308,True,,34238,,,-23.5380835,-46.4067255,,,,2,2023-06-20T04:26:53+00:00
SAO_9501-10,São Paulo,3550308,True,EMTU,462,https://moovitapp.com/index/pt-br/transporte_p%C3%BAblico-line-462-Sao_Paulo-242-2038937-36419502-0,7.4,-23.481448999999998,-46.67530875,,,,1,2023-06-20T04:27:35+00:00
SAO_9501-10,São Paulo,3550308,True,EMTU,462,https://moovitapp.com/index/pt-br/transporte_p%C3%BAblico-line-462-Sao_Paulo-242-2038937-36419502-0,7.4,-23.542802000000002,-46.637716,,,,1,2023-06-20T04:26:59+00:00
SAO_9501-10,São Paulo,3550308,True,EMTU,462,https://moovitapp.com/index/pt-br/transporte_p%C3%BAblico-line-462-Sao_Paulo-242-2038937-36419502-0,7.4,-23.5407535,-46.6393585,,,,1,2023-06-20T04:27:37+00:00
SAO_9501-10,São Paulo,3550308,True,EMTU,462,https://moovitapp.com/index/pt-br/transporte_p%C3%BAblico-line-462-Sao_Paulo-242-2038937-36419502-0,7.4,-23.518621,-46.678456249999996,,,,1,2023-06-20T04:27:41+00:00
SAO_3787-10,São Paulo,3550308,True,,1612,,,-23.542533499999998,-46.47067,,,,1,2023-06-20T04:27:27+00:00
SAO_3787-10,São Paulo,3550308,True,,1612,,,-23.6027795,-46.398026,,,,1,2023-06-20T04:27:27+00:00
SAO_3787-10,São Paulo,3550308,True,,1612,,,-23.550210125,-46.457929625000006,,,,1,2023-06-20T04:27:07+00:00
SAO_3787-10,São Paulo,3550308,True,,1612,,,-23.5946735,-46.426711125,,,,1,2023-06-20T04:27:22+00:00
SAO_3787-10,São Paulo,3550308,True,,1612,,,-23.602574,-46.3981365,,,,1,2023-06-20T04:27:04+00:00
SAO_3787-10,São Paulo,3550308,True,,1612,,,-23.5698175,-46.446971000000005,,,,1,2023-06-20T04:27:37+00:00
SAO_3787-10,São Paulo,3550308,True,,1612,,,-23.599977000000003,-46.402148499999996,,,,1,2023-06-20T04:27:27+00:00
SAO_3739-10,São Paulo,3550308,True,,1039,,,-23.5425225,-46.470603999999994,,,,1,2023-06-20T04:27:40+00:00
SAO_3739-10,São Paulo,3550308,True,,1039,,,-23.5776725,-46.443346500000004,,,,1,2023-06-20T04:27:20+00:00
SAO_3739-10,São Paulo,3550308,True,,1039,,,-23.611822,-46.416231499999995,,,,1,2023-06-20T04:27:10+00:00
SAO_3739-10,São Paulo,3550308,True,,1039,,,-23.54388975,-46.4691365,,,,1,2023-06-20T04:27:39+00:00
SAO_3739-10,São Paulo,3550308,True,,1039,,,-23.5629695,-46.44609975,,,,1,2023-06-20T04:27:41+00:00
SAO_3739-10,São Paulo,3550308,True,,1039,,,-23.619329,-46.413011499999996,,,,1,2023-06-20T04:27:23+00:00
SAO_971M-10,São Paulo,3550308,True,,33380,,,-23.47795525,-46.6436765,,,,2,2023-06-20T04:27:13+00:00
SAO_971M-10,São Paulo,3550308,True,,33380,,,-23.490305,-46.6886595,,,,2,2023-06-20T04:27:23+00:00
SAO_971M-10,São Paulo,3550308,True,,33380,,,-23.490305,-46.6886595,,,,2,2023-06-20T04:27:28+00:00
SAO_971M-10,São Paulo,3550308,True,,33380,,,-23.468387999999997,-46.6784715,,,,2,2023-06-20T04:27:31+00:00
SAO_971M-10,São Paulo,3550308,True,,33380,,,-23.501792000000002,-46.6261395,,,,2,2023-06-20T04:27:39+00:00
SAO_2127-10,São Paulo,3550308,True,,33461,,,-23.5144935,-46.607247,,,,2,2023-06-20T04:27:07+00:00
SAO_2127-10,São Paulo,3550308,True,,33461,,,-23.478431,-46.570043,,,,2,2023-06-20T04:27:15+00:00
SAO_2127-10,São Paulo,3550308,True,,33461,,,-23.478431,-46.570043,,,,2,2023-06-20T04:27:23+00:00
SAO_2127-10,São Paulo,3550308,True,,33461,,,-23.493312500000002,-46.5746115,,,,2,2023-06-20T04:27:27+00:00
SAO_2127-10,São Paulo,3550308,True,,33461,,,-23.478431,-46.570043,,,,2,2023-06-20T04:27:24+00:00
SAO_2127-10,São Paulo,3550308,True,,33461,,,-23.478293,-46.56974099999999,,,,2,2023-06-20T04:27:37+00:00
SAO_6091-10,São Paulo,3550308,True,,33943,,,-23.769367000000003,-46.71789149999999,,,,2,2023-06-20T04:27:08+00:00
SAO_6091-10,São Paulo,3550308,True,,33943,,,-23.710868125,-46.699293624999996,,,,2,2023-06-20T04:27:29+00:00
SAO_6091-10,São Paulo,3550308,True,,33943,,,-23.8416585,-46.718239999999994,,,,2,2023-06-20T04:22:32+00:00
SAO_6091-10,São Paulo,3550308,True,,33943,,,-23.862347500000002,-46.712974,,,,2,2023-06-20T04:26:37+00:00
SAO_6091-10,São Paulo,3550308,True,,33943,,,-23.7691145,-46.7178075,,,,2,2023-06-20T04:27:39+00:00
SAO_695Y-10,São Paulo,3550308,True,,33966,,,-23.685366000000002,-46.6930385,,,,2,2023-06-20T04:26:53+00:00
SAO_695Y-10,São Paulo,3550308,True,,33966,,,-23.621359749999996,-46.67901375,,,,2,2023-06-20T04:27:14+00:00
SAO_695Y-10,São Paulo,3550308,True,,33966,,,-23.81244425,-46.735881125,,,,2,2023-06-20T04:27:30+00:00
SAO_695Y-10,São Paulo,3550308,True,,33966,,,-23.7647345,-46.7167295,,,,2,2023-06-20T04:27:01+00:00
SAO_695Y-10,São Paulo,3550308,True,,33966,,,-23.765,-46.7168425,,,,2,2023-06-20T04:27:28+00:00
SAO_695Y-10,São Paulo,3550308,True,,33966,,,-23.677174,-46.69760425,,,,2,2023-06-20T04:27:35+00:00
SAO_695Y-10,São Paulo,3550308,True,,33966,,,-23.827983,-46.727349000000004,,,,2,2023-06-20T04:27:15+00:00
SAO_695Y-10,São Paulo,3550308,True,,33966,,,-23.827945999999997,-46.727483500000005,,,,2,2023-06-20T04:27:31+00:00
SAO_576M-10,São Paulo,3550308,True,,33372,,,-23.6141705,-46.66758725,,,,2,2023-06-20T04:27:27+00:00
SAO_576M-10,São Paulo,3550308,True,,33372,,,-23.587959750000003,-46.682242625,,,,2,2023-06-20T04:27:40+00:00
SAO_576M-10,São Paulo,3550308,True,,33372,,,-23.6774965,-46.6406015,,,,2,2023-06-20T04:27:02+00:00
SAO_576M-10,São Paulo,3550308,True,,33372,,,-23.6348625,-46.64138,,,,2,2023-06-20T04:27:31+00:00
SAO_576M-10,São Paulo,3550308,True,,33372,,,-23.6779695,-46.6404855,,,,2,2023-06-20T04:27:18+00:00
SAO_576M-10,São Paulo,3550308,True,,33372,,,-23.565585,-46.693946499999996,,,,2,2023-06-20T04:27:29+00:00
SAO_273D-10,São Paulo,3550308,True,,222,,,-23.513690750000002,-46.447614625,,,,1,2023-06-20T04:27:35+00:00
SAO_273D-10,São Paulo,3550308,True,,222,,,-23.520804,-46.4114145,,,,1,2023-06-20T04:27:31+00:00
SAO_273D-10,São Paulo,3550308,True,,222,,,-23.508255499999997,-46.41143925,,,,1,2023-06-20T04:27:24+00:00
SAO_677A-10,São Paulo,3550308,True,,1239,,,-23.690559,-46.774157,,,,1,2023-06-20T04:27:08+00:00
SAO_677A-10,São Paulo,3550308,True,,1239,,,-23.59996975,-46.6908665,,,,1,2023-06-20T04:27:35+00:00
SAO_677A-10,São Paulo,3550308,True,,1239,,,-23.677432500000002,-46.761209,,,,1,2023-06-20T04:27:27+00:00
SAO_7050-10,São Paulo,3550308,True,,34652,,,-23.658609,-46.78921425,,,,2,2023-06-20T04:27:16+00:00
SAO_7050-10,São Paulo,3550308,True,,34652,,,-23.658609,-46.78921425,,,,2,2023-06-20T04:27:13+00:00
SAO_7050-10,São Paulo,3550308,True,,34652,,,-23.658609,-46.78921425,,,,2,2023-06-20T04:27:16+00:00
SAO_2032-10,São Paulo,3550308,True,,2266,,,-23.4964255,-46.5982655,,,,1,2023-06-20T04:27:12+00:00
SAO_2032-10,São Paulo,3550308,True,,2266,,,-23.4842545,-46.573038499999996,,,,1,2023-06-20T04:27:37+00:00
SAO_2032-10,São Paulo,3550308,True,,2266,,,-23.4842545,-46.573038499999996,,,,1,2023-06-20T04:27:42+00:00
SAO_7550-10,São Paulo,3550308,True,,2093,,,-23.654166500000002,-46.711513,,,,1,2023-06-20T04:27:35+00:00
SAO_7550-10,São Paulo,3550308,True,,2093,,,-23.540064,-46.6477535,,,,1,2023-06-20T04:27:15+00:00
SAO_7550-10,São Paulo,3550308,True,,2093,,,-23.622559250000002,-46.684604500000006,,,,1,2023-06-20T04:27:22+00:00
SAO_7550-10,São Paulo,3550308,True,,2093,,,-23.576032499999997,-46.65792175,,,,1,2023-06-20T04:27:23+00:00
SAO_364A-10,São Paulo,3550308,True,,1246,,,-23.5632565,-46.500804,,,,1,2023-06-20T04:27:26+00:00
SAO_364A-10,São Paulo,3550308,True,,1246,,,-23.5631475,-46.501079000000004,,,,1,2023-06-20T04:27:28+00:00
SAO_364A-10,São Paulo,3550308,True,,1246,,,-23.5632085,-46.5012665,,,,1,2023-06-20T04:27:07+00:00
SAO_364A-10,São Paulo,3550308,True,,1246,,,-23.5632085,-46.5012665,,,,1,2023-06-20T04:27:35+00:00
SAO_364A-10,São Paulo,3550308,True,,1246,,,-23.582314500000003,-46.55111674999999,,,,1,2023-06-20T04:27:40+00:00
SAO_364A-10,São Paulo,3550308,True,,1246,,,-23.598987125,-46.507114375,,,,1,2023-06-20T04:27:39+00:00
SAO_364A-10,São Paulo,3550308,True,,1246,,,-23.58525975,-46.5894495,,,,1,2023-06-20T04:27:10+00:00
SAO_364A-10,São Paulo,3550308,True,,1246,,,-23.58941,-46.607170374999995,,,,1,2023-06-20T04:27:20+00:00
SAO_364A-10,São Paulo,3550308,True,,1246,,,-23.5693175,-46.5041575,,,,1,2023-06-20T04:27:02+00:00
SAO_364A-10,São Paulo,3550308,True,,1246,,,-23.602894999999997,-46.510341499999996,,,,1,2023-06-20T04:27:32+00:00
SAO_5145-10,São Paulo,3550308,True,,1641,,,-23.554389937499998,-46.634320437499994,,,,1,2023-06-20T04:27:12+00:00
SAO_5145-10,São Paulo,3550308,True,,1641,,,-23.597387750000003,-46.501002625,,,,1,2023-06-20T04:26:49+00:00
SAO_5145-10,São Paulo,3550308,True,,1641,,,-23.613952,-46.500666,,,,1,2023-06-20T04:27:40+00:00
SAO_5145-10,São Paulo,3550308,True,,1641,,,-23.572844,-46.5686695,,,,1,2023-06-20T04:27:13+00:00
SAO_2013-10,São Paulo,3550308,True,,33667,,,-23.4552945,-46.659262,,,,2,2023-06-20T04:27:27+00:00
SAO_2013-10,São Paulo,3550308,True,,33667,,,-23.460034,-46.672446,,,,2,2023-06-20T04:27:04+00:00
SAO_2013-10,São Paulo,3550308,True,,33667,,,-23.470599999999997,-46.649840999999995,,,,2,2023-06-20T04:27:10+00:00
SAO_2013-10,São Paulo,3550308,True,,33667,,,-23.463556250000003,-46.65331575,,,,2,2023-06-20T04:27:10+00:00
SAO_2013-10,São Paulo,3550308,True,,33667,,,-23.454283,-46.658618,,,,2,2023-06-20T04:27:03+00:00
SAO_2013-10,São Paulo,3550308,True,,33667,,,-23.4552945,-46.659262,,,,2,2023-06-20T04:27:07+00:00
SAO_3796-10,São Paulo,3550308,True,,33842,,,-23.581712500000002,-46.453584,,,,2,2023-06-20T04:27:29+00:00
SAO_3796-10,São Paulo,3550308,True,,33842,,,-23.548706375,-46.46178975,,,,2,2023-06-20T04:27:12+00:00
SAO_407L-10,São Paulo,3550308,True,,34967,,,-23.533782,-46.488301750000005,,,,2,2023-06-20T04:25:54+00:00
SAO_407L-10,São Paulo,3550308,True,,34967,,,-23.591108,-46.3945285,,,,2,2023-06-20T04:27:24+00:00
SAO_407L-10,São Paulo,3550308,True,,34967,,,-23.590415999999998,-46.394861500000005,,,,2,2023-06-20T04:27:39+00:00
SAO_407L-10,São Paulo,3550308,True,,34967,,,-23.589282250000004,-46.393872625,,,,2,2023-06-20T04:27:07+00:00
SAO_407L-10,São Paulo,3550308,True,,34967,,,-23.534399999999998,-46.45086025,,,,2,2023-06-20T04:27:11+00:00
SAO_407L-10,São Paulo,3550308,True,,34967,,,-23.587617,-46.390991,,,,2,2023-06-20T04:27:37+00:00
SAO_3762-10,São Paulo,3550308,True,,1053,,,-23.591227,-46.516443499999994,,,,1,2023-06-20T04:27:26+00:00
SAO_3762-10,São Paulo,3550308,True,,1053,,,-23.591546,-46.5161705,,,,1,2023-06-20T04:27:00+00:00
SAO_3762-10,São Paulo,3550308,True,,1053,,,-23.591546,-46.5161705,,,,1,2023-06-20T04:27:41+00:00
SAO_3762-10,São Paulo,3550308,True,,1053,,,-23.559487750000002,-46.54761,,,,1,2023-06-20T04:27:41+00:00
SAO_3762-10,São Paulo,3550308,True,,1053,,,-23.591546,-46.5161705,,,,1,2023-06-20T04:27:41+00:00
SAO_3762-10,São Paulo,3550308,True,,1053,,,-23.54284525,-46.56304025,,,,1,2023-06-20T04:27:00+00:00
SAO_6028-10,São Paulo,3550308,True,,1211,,,-23.6735535,-46.734262,,,,1,2023-06-20T04:27:05+00:00
SAO_6028-10,São Paulo,3550308,True,,1211,,,-23.653927,-46.710094,,,,1,2023-06-20T04:27:07+00:00
SAO_6028-10,São Paulo,3550308,True,,1211,,,-23.66692225,-46.7231535,,,,1,2023-06-20T04:27:43+00:00
SAO_4011-10,São Paulo,3550308,True,,2184,,,-23.622194,-46.413724,,,,1,2023-06-20T04:27:07+00:00
SAO_4011-10,São Paulo,3550308,True,,2184,,,-23.596887000000002,-46.4352085,,,,1,2023-06-20T04:27:11+00:00
SAO_4011-10,São Paulo,3550308,True,,2184,,,-23.6058435,-46.4714175,,,,1,2023-06-20T04:27:14+00:00
SAO_8055-10,São Paulo,3550308,True,,414,,,-23.410525,-46.776266,,,,1,2023-06-20T04:26:59+00:00
SAO_8055-10,São Paulo,3550308,True,,414,,,-23.408895,-46.74034,,,,1,2023-06-20T04:27:20+00:00
SAO_8055-10,São Paulo,3550308,True,,414,,,-23.525479249999997,-46.711762500000006,,,,1,2023-06-20T04:27:30+00:00
SAO_8055-10,São Paulo,3550308,True,,414,,,-23.409942,-46.7390665,,,,1,2023-06-20T04:26:51+00:00
SAO_8055-10,São Paulo,3550308,True,,414,,,-23.49594,-46.755300500000004,,,,1,2023-06-20T04:27:41+00:00
SAO_8055-10,São Paulo,3550308,True,,414,,,-23.458036687499998,-46.783673125,,,,1,2023-06-20T04:27:40+00:00
SAO_2008-10,São Paulo,3550308,True,,897,,,-23.513673375,-46.39163925,,,,1,2023-06-20T04:26:59+00:00
SAO_2008-10,São Paulo,3550308,True,,897,,,-23.4941885,-46.400822,,,,1,2023-06-20T04:26:57+00:00
SAO_2008-10,São Paulo,3550308,True,,897,,,-23.50711675,-46.395742999999996,,,,1,2023-06-20T04:27:27+00:00
SAO_2008-10,São Paulo,3550308,True,,897,,,-23.521084000000002,-46.3870275,,,,1,2023-06-20T04:27:28+00:00
SAO_7057-10,São Paulo,3550308,True,,1897,,,-23.649582000000002,-46.784457,,,,1,2023-06-20T04:27:03+00:00
SAO_7057-10,São Paulo,3550308,True,,1897,,,-23.631153500000003,-46.7733425,,,,1,2023-06-20T04:27:42+00:00
SAO_2711-10,São Paulo,3550308,True,,33693,,,-23.514456000000003,-46.48103125,,,,2,2023-06-20T04:27:20+00:00
SAO_2711-10,São Paulo,3550308,True,,33693,,,-23.514456125,-46.49641724999999,,,,2,2023-06-20T04:27:31+00:00
SAO_2711-10,São Paulo,3550308,True,,33693,,,-23.514456000000003,-46.48103125,,,,2,2023-06-20T04:27:29+00:00
SAO_1788-10,São Paulo,3550308,True,,653,,,-23.502214000000002,-46.6235875,,,,1,2023-06-20T04:27:33+00:00
SAO_1788-10,São Paulo,3550308,True,,653,,,-23.4404995,-46.576930000000004,,,,1,2023-06-20T04:24:51+00:00
SAO_271A-10,São Paulo,3550308,True,,33470,,,-23.526871749999998,-46.5643865,,,,2,2023-06-20T04:27:06+00:00
SAO_271A-10,São Paulo,3550308,True,,33470,,,-23.5138255,-46.5712495,,,,2,2023-06-20T04:27:18+00:00
SAO_271A-10,São Paulo,3550308,True,,33470,,,-23.506200999999997,-46.587546375,,,,2,2023-06-20T04:27:35+00:00
SAO_2728-10,São Paulo,3550308,True,,33711,,,-23.500922250000002,-46.51354325,,,,2,2023-06-20T04:27:22+00:00
SAO_2728-10,São Paulo,3550308,True,,33711,,,-23.5015605,-46.512554,,,,2,2023-06-20T04:27:33+00:00
SAO_2728-10,São Paulo,3550308,True,,33711,,,-23.52700825,-46.551814,,,,2,2023-06-20T04:27:08+00:00
SAO_2728-10,São Paulo,3550308,True,,33711,,,-23.503782,-46.5152855,,,,2,2023-06-20T04:27:03+00:00
SAO_2728-10,São Paulo,3550308,True,,33711,,,-23.50133,-46.5125285,,,,2,2023-06-20T04:26:59+00:00
SAO_846M-10,São Paulo,3550308,True,EMTU,422,https://moovitapp.com/index/pt-br/transporte_p%C3%BAblico-line-422-Sao_Paulo-242-2038937-36419479-0,7.15,-23.554025125000003,-46.69139799999999,,,,1,2023-06-20T04:27:26+00:00
SAO_3778-10,São Paulo,3550308,True,,33830,,,-23.5726635,-46.499721750000006,,,,2,2023-06-20T04:26:58+00:00
SAO_3778-10,São Paulo,3550308,True,,33830,,,-23.569554,-46.486423,,,,2,2023-06-20T04:27:01+00:00
SAO_3778-10,São Paulo,3550308,True,,33830,,,-23.5382715,-46.5627705,,,,2,2023-06-20T04:23:22+00:00
SAO_3778-10,São Paulo,3550308,True,,33830,,,-23.570467,-46.4878355,,,,2,2023-06-20T04:27:12+00:00
SAO_3778-10,São Paulo,3550308,True,,33830,,,-23.570103,-46.486686,,,,2,2023-06-20T04:27:29+00:00
SAO_3778-10,São Paulo,3550308,True,,33830,,,-23.5760785,-46.49355,,,,2,2023-06-20T04:27:30+00:00
SAO_3778-10,São Paulo,3550308,True,,33830,,,-23.570757999999998,-46.4903355,,,,2,2023-06-20T04:27:32+00:00
SAO_3778-10,São Paulo,3550308,True,,33830,,,-23.561839625,-46.5174845,,,,2,2023-06-20T04:27:31+00:00
SAO_7040-10,São Paulo,3550308,True,,776,,,-23.5816995,-46.6840755,,,,1,2023-06-20T04:27:19+00:00
SAO_7040-10,São Paulo,3550308,True,,776,,,-23.565663,-46.693863500000006,,,,1,2023-06-20T04:27:34+00:00
SAO_7040-10,São Paulo,3550308,True,,776,,,-23.613970000000002,-46.7148425,,,,1,2023-06-20T04:27:22+00:00
SAO_7040-10,São Paulo,3550308,True,,776,,,-23.565585,-46.693946499999996,,,,1,2023-06-20T04:27:34+00:00
SAO_5164-41,São Paulo,3550308,True,,1617,,,-23.64675425,-46.645568,,,,1,2023-06-20T04:27:42+00:00
SAO_5164-41,São Paulo,3550308,True,,1617,,,-23.649342500000003,-46.651467499999995,,,,1,2023-06-20T04:27:34+00:00
SAO_5164-41,São Paulo,3550308,True,,1617,,,-23.6524195,-46.6465905,,,,1,2023-06-20T04:27:20+00:00
SAO_407R-10,São Paulo,3550308,True,,34969,,,-23.557987875000002,-46.569276,,,,2,2023-06-20T04:25:53+00:00
SAO_407R-10,São Paulo,3550308,True,,34969,,,-23.572039,-46.532193,,,,2,2023-06-20T04:27:32+00:00
SAO_8622-10,São Paulo,3550308,True,,33206,,,-23.445366,-46.7975395,,,,2,2023-06-20T04:23:24+00:00
SAO_8622-10,São Paulo,3550308,True,,33206,,,-23.430142,-46.789358,,,,2,2023-06-20T04:27:13+00:00
SAO_8622-10,São Paulo,3550308,True,,33206,,,-23.446143499999998,-46.798213,,,,2,2023-06-20T04:27:30+00:00
SAO_8622-10,São Paulo,3550308,True,,33206,,,-23.521648499999998,-46.718697500000005,,,,2,2023-06-20T04:24:15+00:00
SAO_8622-10,São Paulo,3550308,True,,33206,,,-23.5283166875,-46.670151625,,,,2,2023-06-20T04:27:05+00:00
SAO_8622-10,São Paulo,3550308,True,,33206,,,-23.547847500000003,-46.6420095,,,,2,2023-06-20T04:27:33+00:00
SAO_8622-10,São Paulo,3550308,True,,33206,,,-23.444146500000002,-46.796926,,,,2,2023-06-20T04:26:59+00:00
SAO_8017-10,São Paulo,3550308,True,,1261,,,-23.438237,-46.746818000000005,,,,1,2023-06-20T04:27:00+00:00
SAO_8017-10,São Paulo,3550308,True,,1261,,,-23.442899,-46.7218955,,,,1,2023-06-20T04:27:38+00:00
SAO_8022-10,São Paulo,3550308,True,,34853,,,-23.571965,-46.708397500000004,,,,2,2023-06-20T04:27:09+00:00
SAO_8022-10,São Paulo,3550308,True,,34853,,,-23.5716415,-46.7082335,,,,2,2023-06-20T04:27:38+00:00
SAO_5129-10,São Paulo,3550308,True,,1281,,,-23.65283,-46.6797225,,,,1,2023-06-20T04:27:14+00:00
SAO_5129-10,São Paulo,3550308,True,,1281,,,-23.6683575,-46.7355065,,,,1,2023-06-20T04:27:14+00:00
SAO_407H-10,São Paulo,3550308,True,,34965,,,-23.5660245,-46.46724125,,,,2,2023-06-20T04:25:26+00:00
SAO_407H-10,São Paulo,3550308,True,,34965,,,-23.631496499999997,-46.447165,,,,2,2023-06-20T04:27:34+00:00
SAO_407H-10,São Paulo,3550308,True,,34965,,,-23.608927,-46.453274,,,,2,2023-06-20T04:27:08+00:00
SAO_8018-10,São Paulo,3550308,True,,2070,,,-23.59725975,-46.7388255,,,,1,2023-06-20T04:26:59+00:00
SAO_8500-10,São Paulo,3550308,True,,34035,,,-23.515248,-46.6945815,,,,2,2023-06-20T04:27:24+00:00
SAO_8500-10,São Paulo,3550308,True,,34035,,,-23.486277,-46.726815875,,,,2,2023-06-20T04:26:58+00:00
SAO_8500-10,São Paulo,3550308,True,,34035,,,-23.487282,-46.714542,,,,2,2023-06-20T04:26:58+00:00
SAO_374M-10,São Paulo,3550308,True,,34733,,,-23.5120485,-46.5011855,,,,2,2023-06-20T04:27:30+00:00
SAO_374M-10,São Paulo,3550308,True,,34733,,,-23.5398585,-46.4735525,,,,2,2023-06-20T04:27:10+00:00
SAO_374M-10,São Paulo,3550308,True,,34733,,,-23.48555,-46.48161125,,,,2,2023-06-20T04:24:54+00:00
SAO_374M-10,São Paulo,3550308,True,,34733,,,-23.48555,-46.48161125,,,,2,2023-06-20T04:26:21+00:00
SAO_978J-10,São Paulo,3550308,True,EMTU,591,https://moovitapp.com/index/pt-br/transporte_p%C3%BAblico-line-591-Sao_Paulo-242-2038937-36419577-0,5.4,-23.53506275,-46.644746999999995,,,,1,2023-06-20T04:26:57+00:00
SAO_978J-10,São Paulo,3550308,True,EMTU,591,https://moovitapp.com/index/pt-br/transporte_p%C3%BAblico-line-591-Sao_Paulo-242-2038937-36419577-0,5.4,-23.513305,-46.7037615,,,,1,2023-06-20T04:27:25+00:00
SAO_978J-10,São Paulo,3550308,True,EMTU,591,https://moovitapp.com/index/pt-br/transporte_p%C3%BAblico-line-591-Sao_Paulo-242-2038937-36419577-0,5.4,-23.53209725,-46.66131175,,,,1,2023-06-20T04:27:28+00:00
SAO_6358-10,São Paulo,3550308,True,,34062,,,-23.685989,-46.637835,,,,2,2023-06-20T04:27:16+00:00
SAO_6358-10,São Paulo,3550308,True,,34062,,,-23.6886785,-46.635627,,,,2,2023-06-20T04:27:38+00:00
SAO_6358-10,São Paulo,3550308,True,,34062,,,-23.631116749999997,-46.683315,,,,2,2023-06-20T04:26:58+00:00
SAO_6358-10,São Paulo,3550308,True,,34062,,,-23.5491745,-46.639111,,,,2,2023-06-20T04:27:03+00:00
SAO_6358-10,São Paulo,3550308,True,,34062,,,-23.616825875,-46.674743875,,,,2,2023-06-20T04:27:08+00:00
SAO_6358-10,São Paulo,3550308,True,,34062,,,-23.686289000000002,-46.6379425,,,,2,2023-06-20T04:27:37+00:00
SAO_6358-10,São Paulo,3550308,True,,34062,,,-23.688695000000003,-46.636,,,,2,2023-06-20T04:27:38+00:00
SAO_2004-10,São Paulo,3550308,True,,33660,,,-23.519818,-46.383840000000006,,,,2,2023-06-20T04:27:17+00:00
SAO_2004-10,São Paulo,3550308,True,,33660,,,-23.5199755,-46.384038000000004,,,,2,2023-06-20T04:27:36+00:00
SAO_2004-10,São Paulo,3550308,True,,33660,,,-23.5225005,-46.386371499999996,,,,2,2023-06-20T04:26:23+00:00
SAO_2004-10,São Paulo,3550308,True,,33660,,,-23.51998075,-46.384243,,,,2,2023-06-20T04:27:18+00:00
SAO_2004-10,São Paulo,3550308,True,,33660,,,-23.542277499999997,-46.409420499999996,,,,2,2023-06-20T04:24:36+00:00
SAO_5127-10,São Paulo,3550308,True,,33895,,,-23.6811425,-46.6818665,,,,2,2023-06-20T04:27:16+00:00
SAO_5127-10,São Paulo,3550308,True,,33895,,,-23.692935,-46.660601,,,,2,2023-06-20T04:26:07+00:00
SAO_5127-10,São Paulo,3550308,True,,33895,,,-23.70211425,-46.640169,,,,2,2023-06-20T04:27:25+00:00
SAO_5127-10,São Paulo,3550308,True,,33895,,,-23.677825,-46.701614500000005,,,,2,2023-06-20T04:26:12+00:00
SAO_5127-10,São Paulo,3550308,True,,33895,,,-23.70192475,-46.640395,,,,2,2023-06-20T04:27:16+00:00
SAO_5127-10,São Paulo,3550308,True,,33895,,,-23.677825,-46.701614500000005,,,,2,2023-06-20T04:25:43+00:00
SAO_5127-10,São Paulo,3550308,True,,33895,,,-23.6969745,-46.6366915,,,,2,2023-06-20T04:27:40+00:00
SAO_5127-10,São Paulo,3550308,True,,33895,,,-23.676274000000003,-46.700053749999995,,,,2,2023-06-20T04:27:02+00:00
SAO_5127-10,São Paulo,3550308,True,,33895,,,-23.677825,-46.701614500000005,,,,2,2023-06-20T04:27:28+00:00
SAO_2202-10,São Paulo,3550308,True,Urubupungá,910,https://moovitapp.com/index/pt-br/transporte_p%C3%BAblico-line-910-Sao_Paulo-242-873835-496471-0,4.6,-23.5261105,-46.3979645,,,,1,2023-06-20T04:27:19+00:00
SAO_2202-10,São Paulo,3550308,True,Urubupungá,910,https://moovitapp.com/index/pt-br/transporte_p%C3%BAblico-line-910-Sao_Paulo-242-873835-496471-0,4.6,-23.5332815,-46.399273,,,,1,2023-06-20T04:26:02+00:00
SAO_2202-10,São Paulo,3550308,True,Urubupungá,910,https://moovitapp.com/index/pt-br/transporte_p%C3%BAblico-line-910-Sao_Paulo-242-873835-496471-0,4.6,-23.5384355,-46.407349499999995,,,,1,2023-06-20T04:27:38+00:00
SAO_2202-10,São Paulo,3550308,True,Urubupungá,910,https://moovitapp.com/index/pt-br/transporte_p%C3%BAblico-line-910-Sao_Paulo-242-873835-496471-0,4.6,-23.5331095,-46.399125999999995,,,,1,2023-06-20T04:27:27+00:00
SAO_2202-10,São Paulo,3550308,True,Urubupungá,910,https://moovitapp.com/index/pt-br/transporte_p%C3%BAblico-line-910-Sao_Paulo-242-873835-496471-0,4.6,-23.488201,-46.382996500000004,,,,1,2023-06-20T04:27:22+00:00
SAO_2202-10,São Paulo,3550308,True,Urubupungá,910,https://moovitapp.com/index/pt-br/transporte_p%C3%BAblico-line-910-Sao_Paulo-242-873835-496471-0,4.6,-23.487300250000004,-46.383183,,,,1,2023-06-20T04:26:31+00:00
SAO_2202-10,São Paulo,3550308,True,Urubupungá,910,https://moovitapp.com/index/pt-br/transporte_p%C3%BAblico-line-910-Sao_Paulo-242-873835-496471-0,4.6,-23.49700725,-46.39408125,,,,1,2023-06-20T04:27:00+00:00
SAO_2202-10,São Paulo,3550308,True,Urubupungá,910,https://moovitapp.com/index/pt-br/transporte_p%C3%BAblico-line-910-Sao_Paulo-242-873835-496471-0,4.6,-23.488201,-46.382996500000004,,,,1,2023-06-20T04:27:11+00:00
SAO_2202-10,São Paulo,3550308,True,Urubupungá,910,https://moovitapp.com/index/pt-br/transporte_p%C3%BAblico-line-910-Sao_Paulo-242-873835-496471-0,4.6,-23.4956925,-46.404914000000005,,,,1,2023-06-20T04:27:20+00:00
SAO_2202-10,São Paulo,3550308,True,Urubupungá,910,https://moovitapp.com/index/pt-br/transporte_p%C3%BAblico-line-910-Sao_Paulo-242-873835-496471-0,4.6,-23.5343575,-46.3998345,,,,1,2023-06-20T04:26:52+00:00
SAO_121G-10,São Paulo,3550308,True,,33459,,,-23.4810685,-46.603014,,,,2,2023-06-20T04:27:24+00:00
SAO_121G-10,São Paulo,3550308,True,,33459,,,-23.5216375,-46.56288625,,,,2,2023-06-20T04:27:40+00:00
SAO_121G-10,São Paulo,3550308,True,,33459,,,-23.4810685,-46.603014,,,,2,2023-06-20T04:27:21+00:00
SAO_121G-10,São Paulo,3550308,True,,33459,,,-23.5216375,-46.56288625,,,,2,2023-06-20T04:27:07+00:00
SAO_3728-41,São Paulo,3550308,True,,1988,,,-23.5495865,-46.48713600000001,,,,1,2023-06-20T04:27:09+00:00
SAO_351F-10,São Paulo,3550308,True,,33455,,,-23.56460175,-46.54666675,,,,2,2023-06-20T04:27:14+00:00
SAO_351F-10,São Paulo,3550308,True,,33455,,,-23.4721135,-46.5717885,,,,2,2023-06-20T04:27:15+00:00
SAO_351F-10,São Paulo,3550308,True,,33455,,,-23.539569,-46.598470500000005,,,,2,2023-06-20T04:27:20+00:00
SAO_475M-10,São Paulo,3550308,True,EMTU,343,https://moovitapp.com/index/pt-br/transporte_p%C3%BAblico-line-343-Sao_Paulo-242-2038937-36419427-0,5.15,-23.586935875,-46.616107,,,,1,2023-06-20T04:27:14+00:00
SAO_475M-10,São Paulo,3550308,True,EMTU,343,https://moovitapp.com/index/pt-br/transporte_p%C3%BAblico-line-343-Sao_Paulo-242-2038937-36419427-0,5.15,-23.551175125,-46.643632749999995,,,,1,2023-06-20T04:27:07+00:00
SAO_648P-10,São Paulo,3550308,True,,32834,,,-23.61237275,-46.6955505,,,,2,2023-06-20T04:27:20+00:00
SAO_648P-10,São Paulo,3550308,True,,32834,,,-23.566234,-46.7020095,,,,2,2023-06-20T04:27:43+00:00
SAO_648P-10,São Paulo,3550308,True,,32834,,,-23.566234,-46.7020095,,,,2,2023-06-20T04:27:15+00:00
SAO_648P-10,São Paulo,3550308,True,,32834,,,-23.654844500000003,-46.76161,,,,2,2023-06-20T04:27:26+00:00
SAO_648P-10,São Paulo,3550308,True,,32834,,,-23.5669185,-46.701476,,,,2,2023-06-20T04:27:04+00:00
SAO_648P-10,São Paulo,3550308,True,,32834,,,-23.647973,-46.7483545,,,,2,2023-06-20T04:27:42+00:00
SAO_6824-10,São Paulo,3550308,True,,32791,,,-23.67362825,-46.79089975,,,,2,2023-06-20T04:27:20+00:00
SAO_6824-10,São Paulo,3550308,True,,32791,,,-23.659761125,-46.773871,,,,2,2023-06-20T04:27:40+00:00
SAO_6824-10,São Paulo,3550308,True,,32791,,,-23.673696749999998,-46.79064525,,,,2,2023-06-20T04:27:10+00:00
SAO_3773-10,São Paulo,3550308,True,,1059,,,-23.537936375,-46.563649125,,,,1,2023-06-20T04:27:34+00:00
SAO_3773-10,São Paulo,3550308,True,,1059,,,-23.600406999999997,-46.470245000000006,,,,1,2023-06-20T04:27:11+00:00
SAO_3773-10,São Paulo,3550308,True,,1059,,,-23.615941999999997,-46.464735000000005,,,,1,2023-06-20T04:27:40+00:00
SAO_3773-10,São Paulo,3550308,True,,1059,,,-23.565915,-46.5070785,,,,1,2023-06-20T04:27:06+00:00
SAO_6014-10,São Paulo,3550308,True,,188,,,-23.7420645,-46.8001675,,,,1,2023-06-20T04:27:25+00:00
SAO_6014-10,São Paulo,3550308,True,,188,,,-23.654557,-46.713256,,,,1,2023-06-20T04:27:05+00:00
SAO_6014-10,São Paulo,3550308,True,,188,,,-23.7420645,-46.8001675,,,,1,2023-06-20T04:27:13+00:00
SAO_6014-10,São Paulo,3550308,True,,188,,,-23.7396155,-46.798194,,,,1,2023-06-20T04:26:58+00:00
SAO_6014-10,São Paulo,3550308,True,,188,,,-23.7215235,-46.785188,,,,1,2023-06-20T04:27:35+00:00
SAO_4093-10,São Paulo,3550308,True,,2448,,,-23.588952,-46.395677,,,,1,2023-06-20T04:27:39+00:00
SAO_4093-10,São Paulo,3550308,True,,2448,,,-23.5830225,-46.4086875,,,,1,2023-06-20T04:26:59+00:00
SAO_4093-10,São Paulo,3550308,True,,2448,,,-23.58308,-46.408871000000005,,,,1,2023-06-20T04:27:16+00:00
SAO_4093-10,São Paulo,3550308,True,,2448,,,-23.588952,-46.395677,,,,1,2023-06-20T04:27:28+00:00
SAO_4093-10,São Paulo,3550308,True,,2448,,,-23.588952,-46.395677,,,,1,2023-06-20T04:27:10+00:00
SAO_4093-10,São Paulo,3550308,True,,2448,,,-23.587877499999998,-46.396276,,,,1,2023-06-20T04:27:06+00:00
SAO_4093-10,São Paulo,3550308,True,,2448,,,-23.588952,-46.395677,,,,1,2023-06-20T04:27:36+00:00
SAO_5391-10,São Paulo,3550308,True,,32939,,,-23.692826,-46.7782155,,,,2,2023-06-20T04:27:41+00:00
SAO_5391-10,São Paulo,3550308,True,,32939,,,-23.692511000000003,-46.7778525,,,,2,2023-06-20T04:27:08+00:00
SAO_5391-10,São Paulo,3550308,True,,32939,,,-23.6659005,-46.71467625,,,,2,2023-06-20T04:27:37+00:00
SAO_5391-10,São Paulo,3550308,True,,32939,,,-23.692826,-46.7782155,,,,2,2023-06-20T04:27:04+00:00
SAO_5391-10,São Paulo,3550308,True,,32939,,,-23.675478,-46.755183,,,,2,2023-06-20T04:27:08+00:00
SAO_5391-10,São Paulo,3550308,True,,32939,,,-23.6320625,-46.68896825,,,,2,2023-06-20T04:27:39+00:00
SAO_5391-10,São Paulo,3550308,True,,32939,,,-23.689302875,-46.773427749999996,,,,2,2023-06-20T04:27:26+00:00
SAO_5391-10,São Paulo,3550308,True,,32939,,,-23.692995500000002,-46.7785065,,,,2,2023-06-20T04:27:37+00:00
SAO_5391-10,São Paulo,3550308,True,,32939,,,-23.601148625,-46.6600305,,,,2,2023-06-20T04:27:14+00:00
SAO_5111-10,São Paulo,3550308,True,,32816,,,-23.54805,-46.629795,,,,2,2023-06-20T04:27:15+00:00
SAO_5111-10,São Paulo,3550308,True,,32816,,,-23.5853645,-46.671534,,,,2,2023-06-20T04:27:23+00:00
SAO_5111-10,São Paulo,3550308,True,,32816,,,-23.562227,-46.6448845,,,,2,2023-06-20T04:27:41+00:00
SAO_5111-10,São Paulo,3550308,True,,32816,,,-23.625450375,-46.686779625,,,,2,2023-06-20T04:27:41+00:00
SAO_736G-10,São Paulo,3550308,True,,33548,,,-23.642257999999998,-46.723448000000005,,,,2,2023-06-20T04:27:16+00:00
SAO_8050-10,São Paulo,3550308,True,,33180,,,-23.442098,-46.791021,,,,2,2023-06-20T04:27:02+00:00
SAO_8050-10,São Paulo,3550308,True,,33180,,,-23.521752,-46.7185675,,,,2,2023-06-20T04:27:36+00:00
SAO_8050-10,São Paulo,3550308,True,,33180,,,-23.446767,-46.787458,,,,2,2023-06-20T04:27:35+00:00
SAO_8050-10,São Paulo,3550308,True,,33180,,,-23.442098,-46.791021,,,,2,2023-06-20T04:27:20+00:00
SAO_2582-10,São Paulo,3550308,True,EMTU,374,https://moovitapp.com/index/pt-br/transporte_p%C3%BAblico-line-374-Sao_Paulo-242-2038937-36419448-0,3.7,-23.53906475,-46.6071805,,,,1,2023-06-20T04:27:17+00:00
SAO_2582-10,São Paulo,3550308,True,EMTU,374,https://moovitapp.com/index/pt-br/transporte_p%C3%BAblico-line-374-Sao_Paulo-242-2038937-36419448-0,3.7,-23.535605250000003,-46.57373975,,,,1,2023-06-20T04:26:59+00:00
SAO_2582-10,São Paulo,3550308,True,EMTU,374,https://moovitapp.com/index/pt-br/transporte_p%C3%BAblico-line-374-Sao_Paulo-242-2038937-36419448-0,3.7,-23.545886,-46.6302635,,,,1,2023-06-20T04:27:08+00:00
SAO_2582-10,São Paulo,3550308,True,EMTU,374,https://moovitapp.com/index/pt-br/transporte_p%C3%BAblico-line-374-Sao_Paulo-242-2038937-36419448-0,3.7,-23.498873500000002,-46.467158999999995,,,,1,2023-06-20T04:27:27+00:00
SAO_2582-10,São Paulo,3550308,True,EMTU,374,https://moovitapp.com/index/pt-br/transporte_p%C3%BAblico-line-374-Sao_Paulo-242-2038937-36419448-0,3.7,-23.51150825,-46.4283315,,,,1,2023-06-20T04:27:15+00:00
SAO_9301-10,São Paulo,3550308,True,,33226,,,-23.542321,-46.635662999999994,,,,2,2023-06-20T04:27:19+00:00
SAO_9301-10,São Paulo,3550308,True,,33226,,,-23.497189249999998,-46.660090999999994,,,,2,2023-06-20T04:27:27+00:00
SAO_3033-10,São Paulo,3550308,True,,968,,,-23.542544,-46.4158275,,,,1,2023-06-20T04:27:13+00:00
SAO_3033-10,São Paulo,3550308,True,,968,,,-23.554762,-46.401109500000004,,,,1,2023-06-20T04:27:40+00:00
SAO_3033-10,São Paulo,3550308,True,,968,,,-23.5475305,-46.40872625,,,,1,2023-06-20T04:25:00+00:00
SAO_3033-10,São Paulo,3550308,True,,968,,,-23.5723345,-46.4163295,,,,1,2023-06-20T04:27:26+00:00
SAO_3033-10,São Paulo,3550308,True,,968,,,-23.610867499999998,-46.4746765,,,,1,2023-06-20T04:27:15+00:00
SAO_4113-10,São Paulo,3550308,True,,768,,,-23.56601175,-46.630809,,,,1,2023-06-20T04:27:42+00:00
SAO_4113-10,São Paulo,3550308,True,,768,,,-23.564326375,-46.63149800000001,,,,1,2023-06-20T04:27:22+00:00
SAO_4113-10,São Paulo,3550308,True,,768,,,-23.60155975,-46.612840250000005,,,,1,2023-06-20T04:27:28+00:00
SAO_4113-10,São Paulo,3550308,True,,768,,,-23.60181325,-46.61281475,,,,1,2023-06-20T04:27:06+00:00
SAO_4113-10,São Paulo,3550308,True,,768,,,-23.59580225,-46.60981975,,,,1,2023-06-20T04:27:18+00:00
SAO_4113-10,São Paulo,3550308,True,,768,,,-23.58221825,-46.61372525,,,,1,2023-06-20T04:27:15+00:00
SAO_4113-10,São Paulo,3550308,True,,768,,,-23.60181325,-46.61281475,,,,1,2023-06-20T04:27:05+00:00
SAO_4113-10,São Paulo,3550308,True,,768,,,-23.544394500000003,-46.63413,,,,1,2023-06-20T04:27:32+00:00
SAO_4113-10,São Paulo,3550308,True,,768,,,-23.5858865,-46.612040500000006,,,,1,2023-06-20T04:27:05+00:00
SAO_4113-10,São Paulo,3550308,True,,768,,,-23.560973375,-46.6315085,,,,1,2023-06-20T04:27:30+00:00
SAO_4113-10,São Paulo,3550308,True,,768,,,-23.60181325,-46.61281475,,,,1,2023-06-20T04:24:43+00:00
SAO_4114-10,São Paulo,3550308,True,,33089,,,-23.5474855,-46.629544,,,,2,2023-06-20T04:27:12+00:00
SAO_4114-10,São Paulo,3550308,True,,33089,,,-23.56531525,-46.626358875,,,,2,2023-06-20T04:27:14+00:00
SAO_6000-10,São Paulo,3550308,True,,1140,,,-23.654213,-46.710369,,,,1,2023-06-20T04:27:34+00:00
SAO_6000-10,São Paulo,3550308,True,,1140,,,-23.777438500000002,-46.723049,,,,1,2023-06-20T04:26:39+00:00
SAO_6000-10,São Paulo,3550308,True,,1140,,,-23.729186,-46.698715,,,,1,2023-06-20T04:27:39+00:00
SAO_6000-10,São Paulo,3550308,True,,1140,,,-23.685836,-46.71443475,,,,1,2023-06-20T04:27:34+00:00
SAO_6000-10,São Paulo,3550308,True,,1140,,,-23.65397075,-46.7077515,,,,1,2023-06-20T04:27:29+00:00
SAO_6000-10,São Paulo,3550308,True,,1140,,,-23.7604125,-46.715246500000006,,,,1,2023-06-20T04:27:33+00:00
SAO_6000-10,São Paulo,3550308,True,,1140,,,-23.718542,-46.698778,,,,1,2023-06-20T04:27:15+00:00
SAO_6000-10,São Paulo,3550308,True,,1140,,,-23.8268545,-46.7291255,,,,1,2023-06-20T04:27:22+00:00
SAO_546L-10,São Paulo,3550308,True,,1285,,,-23.6808215,-46.6880395,,,,1,2023-06-20T04:27:13+00:00
SAO_546L-10,São Paulo,3550308,True,,1285,,,-23.654395,-46.7121185,,,,1,2023-06-20T04:27:31+00:00
SAO_546L-10,São Paulo,3550308,True,,1285,,,-23.6850095,-46.637547999999995,,,,1,2023-06-20T04:18:22+00:00
SAO_6072-23,São Paulo,3550308,True,,2004,,,-23.771853,-46.719546,,,,1,2023-06-20T04:27:17+00:00
SAO_6072-23,São Paulo,3550308,True,,2004,,,-23.767591,-46.7163045,,,,1,2023-06-20T04:27:28+00:00
SAO_6072-23,São Paulo,3550308,True,,2004,,,-23.767591,-46.7163045,,,,1,2023-06-20T04:27:06+00:00
SAO_6072-23,São Paulo,3550308,True,,2004,,,-23.767376,-46.716275499999995,,,,1,2023-06-20T04:27:01+00:00
SAO_6072-23,São Paulo,3550308,True,,2004,,,-23.767591,-46.7163045,,,,1,2023-06-20T04:27:38+00:00
SAO_6072-23,São Paulo,3550308,True,,2004,,,-23.767591,-46.7163045,,,,1,2023-06-20T04:27:33+00:00
SAO_6072-23,São Paulo,3550308,True,,2004,,,-23.767591,-46.7163045,,,,1,2023-06-20T04:27:29+00:00
SAO_5128-10,São Paulo,3550308,True,,33896,,,-23.638773,-46.6413235,,,,2,2023-06-20T04:27:26+00:00
SAO_5128-10,São Paulo,3550308,True,,33896,,,-23.6588585,-46.642962,,,,2,2023-06-20T04:27:18+00:00
SAO_5128-10,São Paulo,3550308,True,,33896,,,-23.711726249999998,-46.65239675,,,,2,2023-06-20T04:27:16+00:00
SAO_5128-10,São Paulo,3550308,True,,33896,,,-23.679775749999997,-46.63990175,,,,2,2023-06-20T04:27:28+00:00
SAO_5128-10,São Paulo,3550308,True,,33896,,,-23.711726249999998,-46.65239675,,,,2,2023-06-20T04:26:51+00:00
SAO_5128-10,São Paulo,3550308,True,,33896,,,-23.7122905,-46.651968499999995,,,,2,2023-06-20T04:27:27+00:00
SAO_5128-10,São Paulo,3550308,True,,33896,,,-23.691144875,-46.6439405,,,,2,2023-06-20T04:27:27+00:00
SAO_2033-10,São Paulo,3550308,True,,35267,,,-23.506101,-46.583815,,,,2,2023-06-20T04:27:20+00:00
SAO_2033-10,São Paulo,3550308,True,,35267,,,-23.51119675,-46.614775125,,,,2,2023-06-20T04:27:42+00:00
SAO_2033-10,São Paulo,3550308,True,,35267,,,-23.486996,-46.568324000000004,,,,2,2023-06-20T04:27:37+00:00
SAO_2033-10,São Paulo,3550308,True,,35267,,,-23.4874525,-46.568031000000005,,,,2,2023-06-20T04:27:11+00:00
SAO_6034-10,São Paulo,3550308,True,,95,,,-23.754187,-46.680431999999996,,,,1,2023-06-20T04:27:01+00:00
SAO_6L01-10,São Paulo,3550308,True,,33939,,,-23.873033749999998,-46.738001249999996,,,,2,2023-06-20T04:27:09+00:00
SAO_6L01-10,São Paulo,3550308,True,,33939,,,-23.90679,-46.708217000000005,,,,2,2023-06-20T04:27:18+00:00
SAO_6L01-10,São Paulo,3550308,True,,33939,,,-23.90679,-46.708217000000005,,,,2,2023-06-20T04:27:30+00:00
SAO_6L01-10,São Paulo,3550308,True,,33939,,,-23.90679,-46.708217000000005,,,,2,2023-06-20T04:27:23+00:00
SAO_6L01-10,São Paulo,3550308,True,,33939,,,-23.90679,-46.708217000000005,,,,2,2023-06-20T04:27:10+00:00
SAO_6L01-10,São Paulo,3550308,True,,33939,,,-23.900865,-46.7182465,,,,2,2023-06-20T04:26:53+00:00
SAO_6L01-10,São Paulo,3550308,True,,33939,,,-23.7944435,-46.730391,,,,2,2023-06-20T04:27:22+00:00
SAO_8032-10,São Paulo,3550308,True,,35313,,,-23.571228124999998,-46.708809375,,,,2,2023-06-20T04:27:21+00:00
SAO_8032-10,São Paulo,3550308,True,,35313,,,-23.571393625,-46.708289875000006,,,,2,2023-06-20T04:27:36+00:00
SAO_119C-10,São Paulo,3550308,True,,661,,,-23.51237975,-46.58563975,,,,1,2023-06-20T04:24:36+00:00
SAO_119C-10,São Paulo,3550308,True,,661,,,-23.478573500000003,-46.569734499999996,,,,1,2023-06-20T04:27:11+00:00
SAO_119C-10,São Paulo,3550308,True,,661,,,-23.53471425,-46.64500699999999,,,,1,2023-06-20T04:27:27+00:00
SAO_775A-10,São Paulo,3550308,True,EMTU,473,https://moovitapp.com/index/pt-br/transporte_p%C3%BAblico-line-473-Sao_Paulo-242-2038937-36419509-0,7.55,-23.56586,-46.758933,,,,1,2023-06-20T04:27:37+00:00
SAO_5010-10,São Paulo,3550308,True,,1114,,,-23.6664055,-46.63743,,,,1,2023-06-20T04:27:41+00:00
SAO_5010-10,São Paulo,3550308,True,,1114,,,-23.646812500000003,-46.659991500000004,,,,1,2023-06-20T04:27:03+00:00
SAO_177Y-10,São Paulo,3550308,True,,33635,,,-23.5269075,-46.66671425,,,,2,2023-06-20T04:27:14+00:00
SAO_177Y-10,São Paulo,3550308,True,,33635,,,-23.5664515,-46.69234125,,,,2,2023-06-20T04:27:19+00:00
SAO_6021-10,São Paulo,3550308,True,EMTU,177,https://moovitapp.com/index/pt-br/transporte_p%C3%BAblico-line-177-Sao_Paulo-242-2038937-36419313-0,5.2,-23.7668205,-46.716344500000005,,,,1,2023-06-20T04:27:32+00:00
SAO_6021-10,São Paulo,3550308,True,EMTU,177,https://moovitapp.com/index/pt-br/transporte_p%C3%BAblico-line-177-Sao_Paulo-242-2038937-36419313-0,5.2,-23.7668205,-46.716344500000005,,,,1,2023-06-20T04:27:19+00:00
SAO_6021-10,São Paulo,3550308,True,EMTU,177,https://moovitapp.com/index/pt-br/transporte_p%C3%BAblico-line-177-Sao_Paulo-242-2038937-36419313-0,5.2,-23.7668205,-46.716344500000005,,,,1,2023-06-20T04:27:38+00:00
SAO_6021-10,São Paulo,3550308,True,EMTU,177,https://moovitapp.com/index/pt-br/transporte_p%C3%BAblico-line-177-Sao_Paulo-242-2038937-36419313-0,5.2,-23.7668205,-46.716344500000005,,,,1,2023-06-20T04:27:08+00:00
SAO_6021-10,São Paulo,3550308,True,EMTU,177,https://moovitapp.com/index/pt-br/transporte_p%C3%BAblico-line-177-Sao_Paulo-242-2038937-36419313-0,5.2,-23.7944985,-46.743712,,,,1,2023-06-20T04:27:33+00:00
SAO_507T-10,São Paulo,3550308,True,,2208,,,-23.5702565,-46.508983125,,,,1,2023-06-20T04:27:07+00:00
SAO_507T-10,São Paulo,3550308,True,,2208,,,-23.54744825,-46.540079,,,,1,2023-06-20T04:27:26+00:00
SAO_507T-10,São Paulo,3550308,True,,2208,,,-23.5385445,-46.563635500000004,,,,1,2023-06-20T04:27:37+00:00
SAO_507T-10,São Paulo,3550308,True,,2208,,,-23.609934625,-46.5011945,,,,1,2023-06-20T04:27:07+00:00
SAO_507T-10,São Paulo,3550308,True,,2208,,,-23.609168750000002,-46.501204,,,,1,2023-06-20T04:23:02+00:00
SAO_546L-10,São Paulo,3550308,True,,34053,,,-23.665792,-46.677240499999996,,,,2,2023-06-20T04:27:27+00:00
SAO_546L-10,São Paulo,3550308,True,,34053,,,-23.658554,-46.706269500000005,,,,2,2023-06-20T04:27:41+00:00
SAO_546L-10,São Paulo,3550308,True,,34053,,,-23.689283749999998,-46.63762525,,,,2,2023-06-20T04:27:20+00:00
SAO_546L-10,São Paulo,3550308,True,,34053,,,-23.681862,-46.639039,,,,2,2023-06-20T04:27:01+00:00
SAO_546L-10,São Paulo,3550308,True,,34053,,,-23.689283749999998,-46.63762525,,,,2,2023-06-20T04:27:26+00:00
SAO_5111-10,São Paulo,3550308,True,,48,,,-23.58332075,-46.66878625,,,,1,2023-06-20T04:27:39+00:00
SAO_5111-10,São Paulo,3550308,True,,48,,,-23.6542935,-46.7114185,,,,1,2023-06-20T04:27:02+00:00
SAO_5111-10,São Paulo,3550308,True,,48,,,-23.551802000000002,-46.6349865,,,,1,2023-06-20T04:27:15+00:00
SAO_5111-10,São Paulo,3550308,True,,48,,,-23.6542935,-46.7114185,,,,1,2023-06-20T04:27:24+00:00
SAO_5111-10,São Paulo,3550308,True,,48,,,-23.6261065,-46.6871025,,,,1,2023-06-20T04:27:42+00:00
SAO_263C-10,São Paulo,3550308,True,EMTU,252,https://moovitapp.com/index/pt-br/transporte_p%C3%BAblico-line-252-Sao_Paulo-242-2038937-36419363-0,6.8,-23.53967,-46.439659,,,,1,2023-06-20T04:27:29+00:00
SAO_263C-10,São Paulo,3550308,True,EMTU,252,https://moovitapp.com/index/pt-br/transporte_p%C3%BAblico-line-252-Sao_Paulo-242-2038937-36419363-0,6.8,-23.53939075,-46.4398695,,,,1,2023-06-20T04:27:37+00:00
SAO_263C-10,São Paulo,3550308,True,EMTU,252,https://moovitapp.com/index/pt-br/transporte_p%C3%BAblico-line-252-Sao_Paulo-242-2038937-36419363-0,6.8,-23.4909545,-46.442623,,,,1,2023-06-20T04:27:02+00:00
SAO_263C-10,São Paulo,3550308,True,EMTU,252,https://moovitapp.com/index/pt-br/transporte_p%C3%BAblico-line-252-Sao_Paulo-242-2038937-36419363-0,6.8,-23.526350750000002,-46.4181005,,,,1,2023-06-20T04:27:26+00:00
SAO_263C-10,São Paulo,3550308,True,EMTU,252,https://moovitapp.com/index/pt-br/transporte_p%C3%BAblico-line-252-Sao_Paulo-242-2038937-36419363-0,6.8,-23.539473,-46.439434500000004,,,,1,2023-06-20T04:27:32+00:00
SAO_677V-10,São Paulo,3550308,True,,32880,,,-23.744177999999998,-46.709981,,,,2,2023-06-20T04:27:29+00:00
SAO_677V-10,São Paulo,3550308,True,,32880,,,-23.7443095,-46.709995500000005,,,,2,2023-06-20T04:27:32+00:00
SAO_677V-10,São Paulo,3550308,True,,32880,,,-23.722519,-46.69157,,,,2,2023-06-20T04:27:22+00:00
SAO_677V-10,São Paulo,3550308,True,,32880,,,-23.7324165,-46.7066215,,,,2,2023-06-20T04:27:38+00:00
SAO_3390-10,São Paulo,3550308,True,,738,,,-23.61235,-46.482607,,,,1,2023-06-20T04:26:29+00:00
SAO_3390-10,São Paulo,3550308,True,,738,,,-23.547011,-46.62953,,,,1,2023-06-20T04:27:10+00:00
SAO_3390-10,São Paulo,3550308,True,,738,,,-23.612184499999998,-46.482907499999996,,,,1,2023-06-20T04:27:09+00:00
SAO_3390-10,São Paulo,3550308,True,,738,,,-23.577922,-46.57730275,,,,1,2023-06-20T04:27:39+00:00
SAO_3390-10,São Paulo,3550308,True,,738,,,-23.612506,-46.479178,,,,1,2023-06-20T04:26:56+00:00
SAO_675M-10,São Paulo,3550308,True,,32876,,,-23.6714015,-46.67781975,,,,2,2023-06-20T04:27:37+00:00
SAO_675M-10,São Paulo,3550308,True,,32876,,,-23.6468815,-46.639446500000005,,,,2,2023-06-20T04:27:07+00:00
SAO_675M-10,São Paulo,3550308,True,,32876,,,-23.72082575,-46.68931375,,,,2,2023-06-20T04:27:37+00:00
SAO_675M-10,São Paulo,3550308,True,,32876,,,-23.720467499999998,-46.676809000000006,,,,2,2023-06-20T04:27:02+00:00
SAO_3027-10,São Paulo,3550308,True,,33731,,,-23.554100124999998,-46.455374375000005,,,,2,2023-06-20T04:27:31+00:00
SAO_3027-10,São Paulo,3550308,True,,33731,,,-23.542409499999998,-46.417221,,,,2,2023-06-20T04:27:14+00:00
SAO_3027-10,São Paulo,3550308,True,,33731,,,-23.56481725,-46.506525,,,,2,2023-06-20T04:27:21+00:00
SAO_3027-10,São Paulo,3550308,True,,33731,,,-23.5634105,-46.5054495,,,,2,2023-06-20T04:27:04+00:00
SAO_3063-10,São Paulo,3550308,True,,33021,,,-23.558238,-46.399558999999996,,,,2,2023-06-20T04:27:41+00:00
SAO_3063-10,São Paulo,3550308,True,,33021,,,-23.612083499999997,-46.475029,,,,2,2023-06-20T04:27:01+00:00
SAO_3063-10,São Paulo,3550308,True,,33021,,,-23.59485475,-46.4414265,,,,2,2023-06-20T04:27:06+00:00
SAO_3063-10,São Paulo,3550308,True,,33021,,,-23.542614,-46.4155005,,,,2,2023-06-20T04:27:06+00:00
SAO_3063-10,São Paulo,3550308,True,,33021,,,-23.558008,-46.3996015,,,,2,2023-06-20T04:27:05+00:00
SAO_3063-10,São Paulo,3550308,True,,33021,,,-23.5577225,-46.399697,,,,2,2023-06-20T04:27:21+00:00
SAO_2702-10,São Paulo,3550308,True,,914,,,-23.495477,-46.4449435,,,,1,2023-06-20T04:27:36+00:00
SAO_2702-10,São Paulo,3550308,True,,914,,,-23.4989135,-46.466081,,,,1,2023-06-20T04:27:21+00:00
SAO_2702-10,São Paulo,3550308,True,,914,,,-23.539938499999998,-46.482815,,,,1,2023-06-20T04:27:23+00:00
SAO_273L-10,São Paulo,3550308,True,,224,,,-23.5384965,-46.430818,,,,1,2023-06-20T04:27:22+00:00
SAO_273L-10,São Paulo,3550308,True,,224,,,-23.5401805,-46.483284,,,,1,2023-06-20T04:26:58+00:00
SAO_273L-10,São Paulo,3550308,True,,224,,,-23.5350535,-46.428216500000005,,,,1,2023-06-20T04:26:55+00:00
SAO_2079-10,São Paulo,3550308,True,,33138,,,-23.494310499999997,-46.402223,,,,2,2023-06-20T04:27:27+00:00
SAO_2079-10,São Paulo,3550308,True,,33138,,,-23.494310499999997,-46.402223,,,,2,2023-06-20T04:27:32+00:00
SAO_2755-10,São Paulo,3550308,True,STT,233,https://moovitapp.com/index/pt-br/transporte_p%C3%BAblico-line-233-Sao_Paulo-242-850661-183266-0,5.3,-23.537022999999998,-46.4048255,,,,1,2023-06-20T04:26:57+00:00
SAO_2755-10,São Paulo,3550308,True,STT,233,https://moovitapp.com/index/pt-br/transporte_p%C3%BAblico-line-233-Sao_Paulo-242-850661-183266-0,5.3,-23.51850825,-46.511503250000004,,,,1,2023-06-20T04:27:36+00:00
SAO_2755-10,São Paulo,3550308,True,STT,233,https://moovitapp.com/index/pt-br/transporte_p%C3%BAblico-line-233-Sao_Paulo-242-850661-183266-0,5.3,-23.5415635,-46.412994499999996,,,,1,2023-06-20T04:27:15+00:00
SAO_2755-10,São Paulo,3550308,True,STT,233,https://moovitapp.com/index/pt-br/transporte_p%C3%BAblico-line-233-Sao_Paulo-242-850661-183266-0,5.3,-23.52130125,-46.546188,,,,1,2023-06-20T04:27:18+00:00
SAO_2755-10,São Paulo,3550308,True,STT,233,https://moovitapp.com/index/pt-br/transporte_p%C3%BAblico-line-233-Sao_Paulo-242-850661-183266-0,5.3,-23.519921500000002,-46.441227,,,,1,2023-06-20T04:27:24+00:00
SAO_172U-10,São Paulo,3550308,True,,33628,,,-23.508861250000002,-46.6248155,,,,2,2023-06-20T04:27:16+00:00
SAO_172U-10,São Paulo,3550308,True,,33628,,,-23.436823500000003,-46.566249,,,,2,2023-06-20T04:27:00+00:00
SAO_172U-10,São Paulo,3550308,True,,33628,,,-23.56338875,-46.59091725,,,,2,2023-06-20T04:27:04+00:00
SAO_172U-10,São Paulo,3550308,True,,33628,,,-23.5005775,-46.622377,,,,2,2023-06-20T04:27:09+00:00
SAO_172U-10,São Paulo,3550308,True,,33628,,,-23.436823500000003,-46.566249,,,,2,2023-06-20T04:27:27+00:00
SAO_172U-10,São Paulo,3550308,True,,33628,,,-23.476693500000003,-46.6043595,,,,2,2023-06-20T04:27:35+00:00
SAO_172U-10,São Paulo,3550308,True,,33628,,,-23.456331499999997,-46.592356,,,,2,2023-06-20T04:27:39+00:00
SAO_2363-10,São Paulo,3550308,True,,135,,,-23.5342615,-46.567837,,,,1,2023-06-20T04:27:25+00:00
SAO_2363-10,São Paulo,3550308,True,,135,,,-23.54376275,-46.62067975,,,,1,2023-06-20T04:27:04+00:00
SAO_3741-10,São Paulo,3550308,True,,1041,,,-23.561272875,-46.459801,,,,1,2023-06-20T04:27:25+00:00
SAO_3741-10,São Paulo,3550308,True,,1041,,,-23.541171,-46.4504845,,,,1,2023-06-20T04:27:36+00:00
SAO_3741-10,São Paulo,3550308,True,,1041,,,-23.542352,-46.470546999999996,,,,1,2023-06-20T04:21:44+00:00
SAO_175T-10,São Paulo,3550308,True,,33391,,,-23.6110145,-46.655598,,,,2,2023-06-20T04:27:08+00:00
SAO_175T-10,São Paulo,3550308,True,,33391,,,-23.563263,-46.6400695,,,,2,2023-06-20T04:26:59+00:00
SAO_175T-10,São Paulo,3550308,True,,33391,,,-23.51304475,-46.62669149999999,,,,2,2023-06-20T04:27:36+00:00
SAO_175T-10,São Paulo,3550308,True,,33391,,,-23.6539315,-46.637958,,,,2,2023-06-20T04:27:32+00:00
SAO_175T-10,São Paulo,3550308,True,,33391,,,-23.503131,-46.6242855,,,,2,2023-06-20T04:27:03+00:00
SAO_175T-10,São Paulo,3550308,True,,33391,,,-23.635807999999997,-46.641137,,,,2,2023-06-20T04:27:35+00:00
SAO_175T-10,São Paulo,3550308,True,,33391,,,-23.631946499999998,-46.6463865,,,,2,2023-06-20T04:27:03+00:00
SAO_175T-10,São Paulo,3550308,True,,33391,,,-23.5031265,-46.624462,,,,2,2023-06-20T04:27:01+00:00
SAO_175T-10,São Paulo,3550308,True,,33391,,,-23.563263,-46.6400695,,,,2,2023-06-20T04:27:19+00:00
SAO_748R-10,São Paulo,3550308,True,EMTU,501,https://moovitapp.com/index/pt-br/transporte_p%C3%BAblico-line-501-Sao_Paulo-242-2038937-36419526-0,7.55,-23.586039749999998,-46.76750475,,,,1,2023-06-20T04:27:28+00:00
SAO_748R-10,São Paulo,3550308,True,EMTU,501,https://moovitapp.com/index/pt-br/transporte_p%C3%BAblico-line-501-Sao_Paulo-242-2038937-36419526-0,7.55,-23.574828,-46.76181725,,,,1,2023-06-20T04:27:27+00:00
SAO_748R-10,São Paulo,3550308,True,EMTU,501,https://moovitapp.com/index/pt-br/transporte_p%C3%BAblico-line-501-Sao_Paulo-242-2038937-36419526-0,7.55,-23.5266425,-46.66785350000001,,,,1,2023-06-20T04:27:05+00:00
SAO_748R-10,São Paulo,3550308,True,EMTU,501,https://moovitapp.com/index/pt-br/transporte_p%C3%BAblico-line-501-Sao_Paulo-242-2038937-36419526-0,7.55,-23.524919125000004,-46.699054749999995,,,,1,2023-06-20T04:27:19+00:00
SAO_748R-10,São Paulo,3550308,True,EMTU,501,https://moovitapp.com/index/pt-br/transporte_p%C3%BAblico-line-501-Sao_Paulo-242-2038937-36419526-0,7.55,-23.5384865,-46.714349,,,,1,2023-06-20T04:27:39+00:00
SAO_675P-10,São Paulo,3550308,True,,33043,,,-23.645801499999997,-46.6450435,,,,2,2023-06-20T04:27:30+00:00
SAO_675P-10,São Paulo,3550308,True,,33043,,,-23.6777555,-46.701674499999996,,,,2,2023-06-20T04:26:57+00:00
SAO_675P-10,São Paulo,3550308,True,,33043,,,-23.646471,-46.67109,,,,2,2023-06-20T04:27:06+00:00
SAO_675P-10,São Paulo,3550308,True,,33043,,,-23.6534315,-46.6892855,,,,2,2023-06-20T04:27:07+00:00
SAO_675P-10,São Paulo,3550308,True,,33043,,,-23.677098,-46.701800500000004,,,,2,2023-06-20T04:26:58+00:00
SAO_675P-10,São Paulo,3550308,True,,33043,,,-23.6425645,-46.638279999999995,,,,2,2023-06-20T04:27:38+00:00
SAO_172R-10,São Paulo,3550308,True,,33627,,,-23.4849295,-46.5694385,,,,2,2023-06-20T04:24:47+00:00
SAO_172R-10,São Paulo,3550308,True,,33627,,,-23.529571,-46.5984615,,,,2,2023-06-20T04:27:00+00:00
SAO_172R-10,São Paulo,3550308,True,,33627,,,-23.48940375,-46.57123325,,,,2,2023-06-20T04:25:27+00:00
SAO_172R-10,São Paulo,3550308,True,,33627,,,-23.466220625,-46.583831125,,,,2,2023-06-20T04:27:38+00:00
SAO_172R-10,São Paulo,3550308,True,,33627,,,-23.540903500000002,-46.5894725,,,,2,2023-06-20T04:27:27+00:00
SAO_605A-10,São Paulo,3550308,True,,35290,,,-23.6494365,-46.6320625,,,,2,2023-06-20T04:27:10+00:00
SAO_856R-10,São Paulo,3550308,True,,34196,,,-23.567013625,-46.69330325,,,,2,2023-06-20T04:27:18+00:00
SAO_856R-10,São Paulo,3550308,True,,34196,,,-23.522726,-46.6977065,,,,2,2023-06-20T04:27:36+00:00
SAO_856R-10,São Paulo,3550308,True,,34196,,,-23.58403625,-46.672600749999994,,,,2,2023-06-20T04:27:37+00:00
SAO_856R-10,São Paulo,3550308,True,,34196,,,-23.52722,-46.6812985,,,,2,2023-06-20T04:27:23+00:00
SAO_856R-10,São Paulo,3550308,True,,34196,,,-23.6695135,-46.718689,,,,2,2023-06-20T04:26:59+00:00
SAO_856R-10,São Paulo,3550308,True,,34196,,,-23.648898000000003,-46.703265,,,,2,2023-06-20T04:27:22+00:00
SAO_856R-10,São Paulo,3550308,True,,34196,,,-23.563214875,-46.686939249999995,,,,2,2023-06-20T04:27:39+00:00
SAO_4033-10,São Paulo,3550308,True,,1103,,,-23.6198555,-46.461318500000004,,,,1,2023-06-20T04:27:37+00:00
SAO_4033-10,São Paulo,3550308,True,,1103,,,-23.6032955,-46.5422345,,,,1,2023-06-20T04:27:10+00:00
SAO_4033-10,São Paulo,3550308,True,,1103,,,-23.61872,-46.4494055,,,,1,2023-06-20T04:27:30+00:00
SAO_4033-10,São Paulo,3550308,True,,1103,,,-23.619855,-46.467807,,,,1,2023-06-20T04:27:42+00:00
SAO_4033-10,São Paulo,3550308,True,,1103,,,-23.599046625,-46.524663875,,,,1,2023-06-20T04:27:11+00:00
SAO_4033-10,São Paulo,3550308,True,,1103,,,-23.604340999999998,-46.503721999999996,,,,1,2023-06-20T04:27:17+00:00
SAO_8072-10,São Paulo,3550308,True,,34847,,,-23.5857665,-46.723943,,,,2,2023-06-20T04:27:04+00:00
SAO_8072-10,São Paulo,3550308,True,,34847,,,-23.612126,-46.754433,,,,2,2023-06-20T04:27:06+00:00
SAO_8072-10,São Paulo,3550308,True,,34847,,,-23.5857665,-46.723943,,,,2,2023-06-20T04:27:11+00:00
SAO_8072-10,São Paulo,3550308,True,,34847,,,-23.6423545,-46.7659975,,,,2,2023-06-20T04:27:30+00:00
SAO_8072-10,São Paulo,3550308,True,,34847,,,-23.5857665,-46.723943,,,,2,2023-06-20T04:27:36+00:00
SAO_2714-10,São Paulo,3550308,True,,33695,,,-23.5222075,-46.5311325,,,,2,2023-06-20T04:27:40+00:00
SAO_2714-10,São Paulo,3550308,True,,33695,,,-23.531472,-46.5291255,,,,2,2023-06-20T04:27:05+00:00
SAO_2714-10,São Paulo,3550308,True,,33695,,,-23.51313775,-46.521555,,,,2,2023-06-20T04:27:29+00:00
SAO_6041-10,São Paulo,3550308,True,,33986,,,-23.68611525,-46.77998375,,,,2,2023-06-20T04:27:38+00:00
SAO_6041-10,São Paulo,3550308,True,,33986,,,-23.6899145,-46.7808755,,,,2,2023-06-20T04:27:42+00:00
SAO_6041-10,São Paulo,3550308,True,,33986,,,-23.690214,-46.7807575,,,,2,2023-06-20T04:27:05+00:00
SAO_6041-10,São Paulo,3550308,True,,33986,,,-23.689674500000002,-46.78096725,,,,2,2023-06-20T04:27:38+00:00
SAO_6041-10,São Paulo,3550308,True,,33986,,,-23.689674500000002,-46.78096725,,,,2,2023-06-20T04:27:17+00:00
SAO_6041-10,São Paulo,3550308,True,,33986,,,-23.6899145,-46.7808755,,,,2,2023-06-20T04:27:02+00:00
SAO_6041-10,São Paulo,3550308,True,,33986,,,-23.6901555,-46.7807875,,,,2,2023-06-20T04:27:20+00:00
SAO_6041-10,São Paulo,3550308,True,,33986,,,-23.64310825,-46.71170325,,,,2,2023-06-20T04:27:14+00:00
SAO_6041-10,São Paulo,3550308,True,,33986,,,-23.6649185,-46.770462,,,,2,2023-06-20T04:27:34+00:00
SAO_6041-10,São Paulo,3550308,True,,33986,,,-23.648877499999998,-46.753294499999996,,,,2,2023-06-20T04:27:36+00:00
SAO_273N-10,São Paulo,3550308,True,,33158,,,-23.5136265,-46.444686875,,,,2,2023-06-20T04:27:30+00:00
SAO_273N-10,São Paulo,3550308,True,,33158,,,-23.504527500000002,-46.367281,,,,2,2023-06-20T04:27:02+00:00
SAO_273N-10,São Paulo,3550308,True,,33158,,,-23.504638,-46.367005,,,,2,2023-06-20T04:27:30+00:00
SAO_273N-10,São Paulo,3550308,True,,33158,,,-23.502098,-46.3844985,,,,2,2023-06-20T04:27:12+00:00
SAO_273N-10,São Paulo,3550308,True,,33158,,,-23.508141,-46.375398000000004,,,,2,2023-06-20T04:25:45+00:00
SAO_8677-10,São Paulo,3550308,True,EMTU,443,https://moovitapp.com/index/pt-br/transporte_p%C3%BAblico-line-443-Sao_Paulo-242-2038937-36419491-0,5.4,-23.508340999999998,-46.741192625,,,,1,2023-06-20T04:27:13+00:00
SAO_8677-10,São Paulo,3550308,True,EMTU,443,https://moovitapp.com/index/pt-br/transporte_p%C3%BAblico-line-443-Sao_Paulo-242-2038937-36419491-0,5.4,-23.4874175,-46.732842500000004,,,,1,2023-06-20T04:27:21+00:00
SAO_8677-10,São Paulo,3550308,True,EMTU,443,https://moovitapp.com/index/pt-br/transporte_p%C3%BAblico-line-443-Sao_Paulo-242-2038937-36419491-0,5.4,-23.5474995,-46.640241,,,,1,2023-06-20T04:27:13+00:00
SAO_8677-10,São Paulo,3550308,True,EMTU,443,https://moovitapp.com/index/pt-br/transporte_p%C3%BAblico-line-443-Sao_Paulo-242-2038937-36419491-0,5.4,-23.483184,-46.75462125,,,,1,2023-06-20T04:27:31+00:00
SAO_8677-10,São Paulo,3550308,True,EMTU,443,https://moovitapp.com/index/pt-br/transporte_p%C3%BAblico-line-443-Sao_Paulo-242-2038937-36419491-0,5.4,-23.532115750000003,-46.66159325,,,,1,2023-06-20T04:27:24+00:00
SAO_807A-10,São Paulo,3550308,True,,34668,,,-23.64505,-46.7459375,,,,2,2023-06-20T04:27:40+00:00
SAO_807A-10,São Paulo,3550308,True,,34668,,,-23.630661,-46.773396000000005,,,,2,2023-06-20T04:27:32+00:00
SAO_807A-10,São Paulo,3550308,True,,34668,,,-23.6480165,-46.763057,,,,2,2023-06-20T04:27:30+00:00
SAO_807A-10,São Paulo,3550308,True,,34668,,,-23.6336875,-46.772041,,,,2,2023-06-20T04:27:23+00:00
SAO_807A-10,São Paulo,3550308,True,,34668,,,-23.630661,-46.773396000000005,,,,2,2023-06-20T04:27:32+00:00
SAO_3731-10,São Paulo,3550308,True,,33796,,,-23.54973575,-46.512341000000006,,,,2,2023-06-20T04:26:49+00:00
SAO_3731-10,São Paulo,3550308,True,,33796,,,-23.563899,-46.502674999999996,,,,2,2023-06-20T04:26:58+00:00
SAO_3731-10,São Paulo,3550308,True,,33796,,,-23.551451625,-46.5185145,,,,2,2023-06-20T04:27:27+00:00
SAO_3731-10,São Paulo,3550308,True,,33796,,,-23.563868499999998,-46.502337,,,,2,2023-06-20T04:27:36+00:00
SAO_3731-10,São Paulo,3550308,True,,33796,,,-23.5631475,-46.501079000000004,,,,2,2023-06-20T04:27:08+00:00
SAO_3731-10,São Paulo,3550308,True,,33796,,,-23.539611999999998,-46.516724999999994,,,,2,2023-06-20T04:27:22+00:00
SAO_3731-10,São Paulo,3550308,True,,33796,,,-23.539874,-46.516463,,,,2,2023-06-20T04:27:12+00:00
SAO_3731-10,São Paulo,3550308,True,,33796,,,-23.563811,-46.5022595,,,,2,2023-06-20T04:26:51+00:00
SAO_3731-10,São Paulo,3550308,True,,33796,,,-23.532951750000002,-46.521763750000005,,,,2,2023-06-20T04:27:00+00:00
SAO_3731-10,São Paulo,3550308,True,,33796,,,-23.538859000000002,-46.517270499999995,,,,2,2023-06-20T04:27:35+00:00
SAO_2716-10,São Paulo,3550308,True,,33697,,,-23.533121,-46.544351500000005,,,,2,2023-06-20T04:27:32+00:00
SAO_2716-10,São Paulo,3550308,True,,33697,,,-23.52123725,-46.53506675,,,,2,2023-06-20T04:27:27+00:00
SAO_9019-10,São Paulo,3550308,True,,1433,,,-23.4545785,-46.7102915,,,,1,2023-06-20T04:27:28+00:00
SAO_9019-10,São Paulo,3550308,True,,1433,,,-23.46320975,-46.714018499999995,,,,1,2023-06-20T04:26:22+00:00
SAO_9019-10,São Paulo,3550308,True,,1433,,,-23.4869955,-46.727172499999995,,,,1,2023-06-20T04:27:18+00:00
SAO_938V-10,São Paulo,3550308,True,,33581,,,-23.471206,-46.6775655,,,,2,2023-06-20T04:27:01+00:00
SAO_938V-10,São Paulo,3550308,True,,33581,,,-23.452824999999997,-46.6848085,,,,2,2023-06-20T04:27:27+00:00
SAO_938V-10,São Paulo,3550308,True,,33581,,,-23.4703535,-46.677169000000006,,,,2,2023-06-20T04:27:29+00:00
SAO_938V-10,São Paulo,3550308,True,,33581,,,-23.5143945,-46.6906015,,,,2,2023-06-20T04:27:36+00:00
SAO_938V-10,São Paulo,3550308,True,,33581,,,-23.528135,-46.675162,,,,2,2023-06-20T04:27:29+00:00
SAO_938V-10,São Paulo,3550308,True,,33581,,,-23.452824999999997,-46.6848085,,,,2,2023-06-20T04:27:21+00:00
SAO_6003-10,São Paulo,3550308,True,,34240,,,-23.766613,-46.71643,,,,2,2023-06-20T04:26:29+00:00
SAO_6003-10,São Paulo,3550308,True,,34240,,,-23.750916500000002,-46.710391,,,,2,2023-06-20T04:26:41+00:00
SAO_5018-10,São Paulo,3550308,True,,34260,,,-23.6932185,-46.6591065,,,,2,2023-06-20T04:26:44+00:00
SAO_5018-10,São Paulo,3550308,True,,34260,,,-23.67568,-46.67331825,,,,2,2023-06-20T04:27:15+00:00
SAO_5018-10,São Paulo,3550308,True,,34260,,,-23.644723374999998,-46.642167125,,,,2,2023-06-20T04:27:27+00:00
SAO_5018-10,São Paulo,3550308,True,,34260,,,-23.6908785,-46.6505535,,,,2,2023-06-20T04:27:14+00:00
SAO_6010-10,São Paulo,3550308,True,,33970,,,-23.667592,-46.7354985,,,,2,2023-06-20T04:27:07+00:00
SAO_6010-10,São Paulo,3550308,True,,33970,,,-23.688768500000002,-46.79342575,,,,2,2023-06-20T04:27:18+00:00
SAO_6010-10,São Paulo,3550308,True,,33970,,,-23.667592,-46.7354985,,,,2,2023-06-20T04:26:58+00:00
SAO_6010-10,São Paulo,3550308,True,,33970,,,-23.667592,-46.7354985,,,,2,2023-06-20T04:27:09+00:00
SAO_6010-10,São Paulo,3550308,True,,33970,,,-23.6933645,-46.794154,,,,2,2023-06-20T04:27:24+00:00
SAO_6010-10,São Paulo,3550308,True,,33970,,,-23.686801,-46.797537250000005,,,,2,2023-06-20T04:26:59+00:00
SAO_6010-10,São Paulo,3550308,True,,33970,,,-23.6934315,-46.794145,,,,2,2023-06-20T04:26:59+00:00
SAO_6010-10,São Paulo,3550308,True,,33970,,,-23.66048175,-46.74475325,,,,2,2023-06-20T04:27:13+00:00
SAO_6010-10,São Paulo,3550308,True,,33970,,,-23.6646005,-46.78243425,,,,2,2023-06-20T04:25:32+00:00
SAO_6010-10,São Paulo,3550308,True,,33970,,,-23.667592,-46.7354985,,,,2,2023-06-20T04:27:33+00:00
SAO_6010-10,São Paulo,3550308,True,,33970,,,-23.6938785,-46.7945825,,,,2,2023-06-20T04:27:15+00:00
SAO_2016-10,São Paulo,3550308,True,,902,,,-23.492281749999997,-46.37868175,,,,1,2023-06-20T04:27:06+00:00
SAO_2016-10,São Paulo,3550308,True,,902,,,-23.494407,-46.4240445,,,,1,2023-06-20T04:27:19+00:00
SAO_2016-10,São Paulo,3550308,True,,902,,,-23.4951735,-46.43424225,,,,1,2023-06-20T04:26:16+00:00
SAO_9785-10,São Paulo,3550308,True,,828,,,-23.4561785,-46.698985,,,,1,2023-06-20T04:27:10+00:00
SAO_9785-10,São Paulo,3550308,True,,828,,,-23.4561785,-46.698985,,,,1,2023-06-20T04:27:29+00:00
SAO_9785-10,São Paulo,3550308,True,,828,,,-23.522260875,-46.6712974375,,,,1,2023-06-20T04:27:16+00:00
SAO_9785-10,São Paulo,3550308,True,,828,,,-23.4561785,-46.698985,,,,1,2023-06-20T04:27:11+00:00
SAO_9785-10,São Paulo,3550308,True,,828,,,-23.4756235,-46.687388999999996,,,,1,2023-06-20T04:26:59+00:00
SAO_2765-10,São Paulo,3550308,True,EMTU,145,https://moovitapp.com/index/pt-br/transporte_p%C3%BAblico-line-145-Sao_Paulo-242-2038937-36419293-0,5.35,-23.493213500000003,-46.4935605,,,,1,2023-06-20T04:27:01+00:00
SAO_2765-10,São Paulo,3550308,True,EMTU,145,https://moovitapp.com/index/pt-br/transporte_p%C3%BAblico-line-145-Sao_Paulo-242-2038937-36419293-0,5.35,-23.531905000000002,-46.56037025,,,,1,2023-06-20T04:26:57+00:00
SAO_2765-10,São Paulo,3550308,True,EMTU,145,https://moovitapp.com/index/pt-br/transporte_p%C3%BAblico-line-145-Sao_Paulo-242-2038937-36419293-0,5.35,-23.5069825,-46.5329195,,,,1,2023-06-20T04:27:10+00:00
SAO_2765-10,São Paulo,3550308,True,EMTU,145,https://moovitapp.com/index/pt-br/transporte_p%C3%BAblico-line-145-Sao_Paulo-242-2038937-36419293-0,5.35,-23.495269,-46.497088000000005,,,,1,2023-06-20T04:26:51+00:00
SAO_9047-10,São Paulo,3550308,True,,33651,,,-23.4613235,-46.713106499999995,,,,2,2023-06-20T04:27:07+00:00
SAO_9047-10,São Paulo,3550308,True,,33651,,,-23.4820725,-46.6921595,,,,2,2023-06-20T04:27:37+00:00
SAO_9047-10,São Paulo,3550308,True,,33651,,,-23.469682749999997,-46.693912999999995,,,,2,2023-06-20T04:27:17+00:00
SAO_9047-10,São Paulo,3550308,True,,33651,,,-23.50902525,-46.6991295,,,,2,2023-06-20T04:26:39+00:00
SAO_2707-10,São Paulo,3550308,True,,919,,,-23.529237000000002,-46.408743,,,,1,2023-06-20T04:27:11+00:00
SAO_2707-10,São Paulo,3550308,True,,919,,,-23.5422305,-46.469853,,,,1,2023-06-20T04:27:39+00:00
SAO_2707-10,São Paulo,3550308,True,,919,,,-23.535213,-46.4545445,,,,1,2023-06-20T04:27:27+00:00
SAO_2707-10,São Paulo,3550308,True,,919,,,-23.543385,-46.412175,,,,1,2023-06-20T04:27:37+00:00
SAO_2060-10,São Paulo,3550308,True,EMTU,134,https://moovitapp.com/index/pt-br/transporte_p%C3%BAblico-line-134-Sao_Paulo-242-2038937-36419287-0,5.2,-23.5350055,-46.471469,,,,1,2023-06-20T04:27:14+00:00
SAO_1756-10,São Paulo,3550308,True,,33315,,,-23.4697555,-46.64479125,,,,2,2023-06-20T04:27:18+00:00
SAO_1756-10,São Paulo,3550308,True,,33315,,,-23.4580645,-46.6433105,,,,2,2023-06-20T04:27:39+00:00
SAO_1756-10,São Paulo,3550308,True,,33315,,,-23.4581125,-46.6430685,,,,2,2023-06-20T04:27:16+00:00
SAO_1756-10,São Paulo,3550308,True,,33315,,,-23.4580645,-46.6433105,,,,2,2023-06-20T04:27:05+00:00
SAO_1756-10,São Paulo,3550308,True,,33315,,,-23.5022335,-46.624007,,,,2,2023-06-20T04:27:03+00:00
SAO_8016-10,São Paulo,3550308,True,,34114,,,-23.44398,-46.735310999999996,,,,2,2023-06-20T04:27:40+00:00
SAO_8016-10,São Paulo,3550308,True,,34114,,,-23.432543,-46.724050500000004,,,,2,2023-06-20T04:27:22+00:00
SAO_527R-10,São Paulo,3550308,True,,271,,,-23.6655435,-46.670475499999995,,,,1,2023-06-20T04:27:18+00:00
SAO_527R-10,São Paulo,3550308,True,,271,,,-23.6756785,-46.6504555,,,,1,2023-06-20T04:27:11+00:00
SAO_527R-10,São Paulo,3550308,True,,271,,,-23.653890625,-46.71154075,,,,1,2023-06-20T04:27:05+00:00
SAO_527R-10,São Paulo,3550308,True,,271,,,-23.6756785,-46.6504555,,,,1,2023-06-20T04:27:22+00:00
SAO_527R-10,São Paulo,3550308,True,,271,,,-23.6756785,-46.6504555,,,,1,2023-06-20T04:27:17+00:00
SAO_8065-10,São Paulo,3550308,True,EMTU,421,https://moovitapp.com/index/pt-br/transporte_p%C3%BAblico-line-421-Sao_Paulo-242-2038937-36419478-0,5.2,-23.477472249999998,-46.7401075,,,,1,2023-06-20T04:26:56+00:00
SAO_2025-10,São Paulo,3550308,True,,35035,,,-23.502243999999997,-46.623825,,,,2,2023-06-20T04:27:07+00:00
SAO_2025-10,São Paulo,3550308,True,,35035,,,-23.502243999999997,-46.623825,,,,2,2023-06-20T04:27:29+00:00
SAO_2025-10,São Paulo,3550308,True,,35035,,,-23.460341,-46.5855915,,,,2,2023-06-20T04:26:31+00:00
SAO_2025-10,São Paulo,3550308,True,,35035,,,-23.481502,-46.6031965,,,,2,2023-06-20T04:27:40+00:00
SAO_2025-10,São Paulo,3550308,True,,35035,,,-23.4507355,-46.57235675,,,,2,2023-06-20T04:27:32+00:00
SAO_2025-10,São Paulo,3550308,True,,35035,,,-23.4514925,-46.571777499999996,,,,2,2023-06-20T04:27:21+00:00
SAO_118Y-10,São Paulo,3550308,True,,33609,,,-23.472585000000002,-46.63464675,,,,2,2023-06-20T04:27:24+00:00
SAO_118Y-10,São Paulo,3550308,True,,33609,,,-23.482267,-46.6731985,,,,2,2023-06-20T04:27:33+00:00
SAO_118Y-10,São Paulo,3550308,True,,33609,,,-23.5198435,-46.701445500000005,,,,2,2023-06-20T04:27:26+00:00
SAO_118Y-10,São Paulo,3550308,True,,33609,,,-23.500033000000002,-46.674622,,,,2,2023-06-20T04:26:34+00:00
SAO_3462-10,São Paulo,3550308,True,,33015,,,-23.535292499999997,-46.456417,,,,2,2023-06-20T04:27:10+00:00
SAO_3462-10,São Paulo,3550308,True,,33015,,,-23.534921,-46.5479865,,,,2,2023-06-20T04:27:40+00:00
SAO_3462-10,São Paulo,3550308,True,,33015,,,-23.533104,-46.467389749999995,,,,2,2023-06-20T04:27:04+00:00
SAO_3462-10,São Paulo,3550308,True,,33015,,,-23.528205749999998,-46.4548745,,,,2,2023-06-20T04:27:02+00:00
SAO_2026-10,São Paulo,3550308,True,,35037,,,-23.461197499999997,-46.582989999999995,,,,2,2023-06-20T04:27:23+00:00
SAO_2731-10,São Paulo,3550308,True,,33714,,,-23.541932000000003,-46.470695,,,,2,2023-06-20T04:27:19+00:00
SAO_2731-10,São Paulo,3550308,True,,33714,,,-23.5298835,-46.452235625,,,,2,2023-06-20T04:27:30+00:00
SAO_2731-10,São Paulo,3550308,True,,33714,,,-23.541932000000003,-46.470695,,,,2,2023-06-20T04:27:29+00:00
SAO_2731-10,São Paulo,3550308,True,,33714,,,-23.541932000000003,-46.470695,,,,2,2023-06-20T04:25:57+00:00
SAO_2731-10,São Paulo,3550308,True,,33714,,,-23.518088249999998,-46.439505,,,,2,2023-06-20T04:27:39+00:00
SAO_514T-10,São Paulo,3550308,True,,34439,,,-23.581641249999997,-46.5953765,,,,2,2023-06-20T04:27:15+00:00
SAO_514T-10,São Paulo,3550308,True,,34439,,,-23.6027975,-46.602855500000004,,,,2,2023-06-20T04:27:15+00:00
SAO_514T-10,São Paulo,3550308,True,,34439,,,-23.597349,-46.50942825,,,,2,2023-06-20T04:27:05+00:00
SAO_514T-10,São Paulo,3550308,True,,34439,,,-23.581034000000002,-46.5615075,,,,2,2023-06-20T04:27:29+00:00
SAO_695Y-10,São Paulo,3550308,True,,1198,,,-23.59718625,-46.6373885,,,,1,2023-06-20T04:27:05+00:00
SAO_695Y-10,São Paulo,3550308,True,,1198,,,-23.7933225,-46.7292295,,,,1,2023-06-20T04:27:22+00:00
SAO_695Y-10,São Paulo,3550308,True,,1198,,,-23.686045,-46.69338875,,,,1,2023-06-20T04:27:23+00:00
SAO_695Y-10,São Paulo,3550308,True,,1198,,,-23.698259999999998,-46.700607500000004,,,,1,2023-06-20T04:24:46+00:00
SAO_695Y-10,São Paulo,3550308,True,,1198,,,-23.5894045,-46.634211,,,,1,2023-06-20T04:26:58+00:00
SAO_7006-51,São Paulo,3550308,True,,34765,,,-23.693933,-46.7796675,,,,2,2023-06-20T04:27:28+00:00
SAO_7006-51,São Paulo,3550308,True,,34765,,,-23.7488905,-46.7831885,,,,2,2023-06-20T04:27:41+00:00
SAO_7006-51,São Paulo,3550308,True,,34765,,,-23.7065485,-46.7843755,,,,2,2023-06-20T04:27:03+00:00
SAO_6031-10,São Paulo,3550308,True,,92,,,-23.747227,-46.6980795,,,,1,2023-06-20T04:27:29+00:00
SAO_6031-10,São Paulo,3550308,True,,92,,,-23.7379375,-46.697804500000004,,,,1,2023-06-20T04:27:28+00:00
SAO_2088-10,São Paulo,3550308,True,EMTU,372,https://moovitapp.com/index/pt-br/transporte_p%C3%BAblico-line-372-Sao_Paulo-242-2038937-36419447-0,4.9,-23.494659499999997,-46.413801500000005,,,,1,2023-06-20T04:27:23+00:00
SAO_2088-10,São Paulo,3550308,True,EMTU,372,https://moovitapp.com/index/pt-br/transporte_p%C3%BAblico-line-372-Sao_Paulo-242-2038937-36419447-0,4.9,-23.51595725,-46.467382375,,,,1,2023-06-20T04:27:32+00:00
SAO_513L-10,São Paulo,3550308,True,,1655,,,-23.6034085,-46.6026285,,,,1,2023-06-20T04:27:13+00:00
SAO_513L-10,São Paulo,3550308,True,,1655,,,-23.547447000000002,-46.591704750000005,,,,1,2023-06-20T04:27:33+00:00
SAO_6014-10,São Paulo,3550308,True,,32956,,,-23.675371,-46.75579225,,,,2,2023-06-20T04:27:27+00:00
SAO_6014-10,São Paulo,3550308,True,,32956,,,-23.69138175,-46.77535775,,,,2,2023-06-20T04:27:13+00:00
SAO_6014-10,São Paulo,3550308,True,,32956,,,-23.654133,-46.7095305,,,,2,2023-06-20T04:27:05+00:00
SAO_6014-10,São Paulo,3550308,True,,32956,,,-23.741947500000002,-46.801043,,,,2,2023-06-20T04:27:38+00:00
SAO_6338-10,São Paulo,3550308,True,,34061,,,-23.679894,-46.6367245,,,,2,2023-06-20T04:27:12+00:00
SAO_6338-10,São Paulo,3550308,True,,34061,,,-23.6802855,-46.637386,,,,2,2023-06-20T04:27:17+00:00
SAO_6338-10,São Paulo,3550308,True,,34061,,,-23.635023500000003,-46.641456000000005,,,,2,2023-06-20T04:27:31+00:00
SAO_6338-10,São Paulo,3550308,True,,34061,,,-23.6693775,-46.649161500000005,,,,2,2023-06-20T04:27:18+00:00
SAO_3003-10,São Paulo,3550308,True,,34565,,,-23.484052749999996,-46.43287675,,,,2,2023-06-20T04:27:37+00:00
SAO_3003-10,São Paulo,3550308,True,,34565,,,-23.479100875,-46.421538125,,,,2,2023-06-20T04:27:17+00:00
SAO_3003-10,São Paulo,3550308,True,,34565,,,-23.48431625,-46.43285025,,,,2,2023-06-20T04:27:28+00:00
SAO_2105-10,São Paulo,3550308,True,,35015,,,-23.434998,-46.5813665,,,,2,2023-06-20T04:27:02+00:00
SAO_2105-10,São Paulo,3550308,True,,35015,,,-23.4579565,-46.602463,,,,2,2023-06-20T04:24:34+00:00
SAO_2105-10,São Paulo,3550308,True,,35015,,,-23.5414295,-46.616839,,,,2,2023-06-20T04:27:27+00:00
SAO_2105-10,São Paulo,3550308,True,,35015,,,-23.4934365,-46.6230665,,,,2,2023-06-20T04:24:26+00:00
SAO_4315-10,São Paulo,3550308,True,,2175,,,-23.557613500000002,-46.5234665,,,,1,2023-06-20T04:27:37+00:00
SAO_745M-10,São Paulo,3550308,True,,33550,,,-23.63986,-46.77989275,,,,2,2023-06-20T04:27:41+00:00
SAO_745M-10,São Paulo,3550308,True,,33550,,,-23.630817,-46.767892,,,,2,2023-06-20T04:27:38+00:00
SAO_745M-10,São Paulo,3550308,True,,33550,,,-23.6601165,-46.76611175000001,,,,2,2023-06-20T04:27:15+00:00
SAO_745M-10,São Paulo,3550308,True,,33550,,,-23.670252500000004,-46.738630625,,,,2,2023-06-20T04:27:20+00:00
SAO_745M-10,São Paulo,3550308,True,,33550,,,-23.6559205,-46.776455,,,,2,2023-06-20T04:27:10+00:00
SAO_745M-10,São Paulo,3550308,True,,33550,,,-23.6824585,-46.6907875,,,,2,2023-06-20T04:27:16+00:00
SAO_8545-10,São Paulo,3550308,True,,1364,,,-23.464699000000003,-46.696727499999994,,,,1,2023-06-20T04:27:11+00:00
SAO_8545-10,São Paulo,3550308,True,,1364,,,-23.523708125,-46.704222375,,,,1,2023-06-20T04:27:29+00:00
SAO_8545-10,São Paulo,3550308,True,,1364,,,-23.464501499999997,-46.693408000000005,,,,1,2023-06-20T04:27:16+00:00
SAO_2007-10,São Paulo,3550308,True,,33664,,,-23.5095785,-46.37041775,,,,2,2023-06-20T04:27:30+00:00
SAO_2007-10,São Paulo,3550308,True,,33664,,,-23.499680249999997,-46.393843000000004,,,,2,2023-06-20T04:27:43+00:00
SAO_2007-10,São Paulo,3550308,True,,33664,,,-23.510203,-46.3698615,,,,2,2023-06-20T04:27:10+00:00
SAO_2007-10,São Paulo,3550308,True,,33664,,,-23.5069105,-46.369140375,,,,2,2023-06-20T04:25:40+00:00
SAO_4027-10,São Paulo,3550308,True,,33865,,,-23.611883,-46.4744805,,,,2,2023-06-20T04:27:41+00:00
SAO_4027-10,São Paulo,3550308,True,,33865,,,-23.5931925,-46.489129500000004,,,,2,2023-06-20T04:26:59+00:00
SAO_4027-10,São Paulo,3550308,True,,33865,,,-23.5931925,-46.489129500000004,,,,2,2023-06-20T04:27:28+00:00
SAO_4027-10,São Paulo,3550308,True,,33865,,,-23.60136275,-46.483574250000004,,,,2,2023-06-20T04:27:39+00:00
SAO_4027-10,São Paulo,3550308,True,,33865,,,-23.593264,-46.489357999999996,,,,2,2023-06-20T04:27:32+00:00
SAO_4027-10,São Paulo,3550308,True,,33865,,,-23.6225475,-46.447390999999996,,,,2,2023-06-20T04:27:04+00:00
SAO_4027-10,São Paulo,3550308,True,,33865,,,-23.593264,-46.489357999999996,,,,2,2023-06-20T04:27:39+00:00
SAO_4027-10,São Paulo,3550308,True,,33865,,,-23.641896000000003,-46.4389945,,,,2,2023-06-20T04:27:19+00:00
SAO_4027-10,São Paulo,3550308,True,,33865,,,-23.641898,-46.438882500000005,,,,2,2023-06-20T04:27:27+00:00
SAO_6063-42,São Paulo,3550308,True,,34770,,,-23.809403,-46.6612485,,,,2,2023-06-20T04:27:11+00:00
SAO_6063-42,São Paulo,3550308,True,,34770,,,-23.793423500000003,-46.6884545,,,,2,2023-06-20T04:27:13+00:00
SAO_6063-42,São Paulo,3550308,True,,34770,,,-23.8094045,-46.6619475,,,,2,2023-06-20T04:27:26+00:00
SAO_6063-42,São Paulo,3550308,True,,34770,,,-23.809403,-46.6612485,,,,2,2023-06-20T04:27:18+00:00
SAO_809L-10,São Paulo,3550308,True,,34717,,,-23.606652625000002,-46.749585124999996,,,,2,2023-06-20T04:27:12+00:00
SAO_809L-10,São Paulo,3550308,True,,34717,,,-23.5890605,-46.733563000000004,,,,2,2023-06-20T04:27:14+00:00
SAO_809L-10,São Paulo,3550308,True,,34717,,,-23.522711,-46.70208925,,,,2,2023-06-20T04:27:24+00:00
SAO_809L-10,São Paulo,3550308,True,,34717,,,-23.55490175,-46.709654,,,,2,2023-06-20T04:27:03+00:00
SAO_746H-10,São Paulo,3550308,True,STT,785,https://moovitapp.com/index/pt-br/transporte_p%C3%BAblico-line-785-Sao_Paulo-242-850661-183353-0,5.3,-23.611576,-46.728029,,,,1,2023-06-20T04:26:56+00:00
SAO_746H-10,São Paulo,3550308,True,STT,785,https://moovitapp.com/index/pt-br/transporte_p%C3%BAblico-line-785-Sao_Paulo-242-850661-183353-0,5.3,-23.6491045,-46.7063595,,,,1,2023-06-20T04:27:31+00:00
SAO_746H-10,São Paulo,3550308,True,STT,785,https://moovitapp.com/index/pt-br/transporte_p%C3%BAblico-line-785-Sao_Paulo-242-850661-183353-0,5.3,-23.5936725,-46.753572500000004,,,,1,2023-06-20T04:26:54+00:00
SAO_746H-10,São Paulo,3550308,True,STT,785,https://moovitapp.com/index/pt-br/transporte_p%C3%BAblico-line-785-Sao_Paulo-242-850661-183353-0,5.3,-23.647410999999998,-46.710224999999994,,,,1,2023-06-20T04:27:26+00:00
SAO_746H-10,São Paulo,3550308,True,STT,785,https://moovitapp.com/index/pt-br/transporte_p%C3%BAblico-line-785-Sao_Paulo-242-850661-183353-0,5.3,-23.5909415,-46.737688,,,,1,2023-06-20T04:27:15+00:00
SAO_7006-10,São Paulo,3550308,True,,1995,,,-23.7503745,-46.7771065,,,,1,2023-06-20T04:27:11+00:00
SAO_7006-10,São Paulo,3550308,True,,1995,,,-23.689673,-46.773585499999996,,,,1,2023-06-20T04:27:34+00:00
SAO_7006-10,São Paulo,3550308,True,,1995,,,-23.698998,-46.7798875,,,,1,2023-06-20T04:27:34+00:00
SAO_7006-10,São Paulo,3550308,True,,1995,,,-23.7503745,-46.7771065,,,,1,2023-06-20T04:27:35+00:00
SAO_7006-10,São Paulo,3550308,True,,1995,,,-23.7368685,-46.7807935,,,,1,2023-06-20T04:27:22+00:00
SAO_7006-10,São Paulo,3550308,True,,1995,,,-23.7456385,-46.780643999999995,,,,1,2023-06-20T04:27:06+00:00
SAO_1206-10,São Paulo,3550308,True,EMTU,842,https://moovitapp.com/index/pt-br/transporte_p%C3%BAblico-line-842-Sao_Paulo-242-2038937-36419605-0,7.15,-23.518741125,-46.579449749999995,,,,1,2023-06-20T04:27:09+00:00
SAO_1206-10,São Paulo,3550308,True,EMTU,842,https://moovitapp.com/index/pt-br/transporte_p%C3%BAblico-line-842-Sao_Paulo-242-2038937-36419605-0,7.15,-23.525511,-46.582731,,,,1,2023-06-20T04:27:33+00:00
SAO_2721-10,São Paulo,3550308,True,,33702,,,-23.519723499999998,-46.4094305,,,,2,2023-06-20T04:27:03+00:00
SAO_2721-10,São Paulo,3550308,True,,33702,,,-23.5420035,-46.472791,,,,2,2023-06-20T04:27:34+00:00
SAO_2721-10,São Paulo,3550308,True,,33702,,,-23.500211,-46.4112635,,,,2,2023-06-20T04:27:22+00:00
SAO_2721-10,São Paulo,3550308,True,,33702,,,-23.5161455,-46.443645000000004,,,,2,2023-06-20T04:27:22+00:00
SAO_2721-10,São Paulo,3550308,True,,33702,,,-23.495362999999998,-46.429863,,,,2,2023-06-20T04:27:34+00:00
SAO_4001-10,São Paulo,3550308,True,,2176,,,-23.536513,-46.4431315,,,,1,2023-06-20T04:27:25+00:00
SAO_4001-10,São Paulo,3550308,True,,2176,,,-23.55156875,-46.5125965,,,,1,2023-06-20T04:27:10+00:00
SAO_PAEC-10,São Paulo,3550308,True,,34190,,,-23.503025,-46.6242335,,,,2,2023-06-20T04:27:01+00:00
SAO_9032-10,São Paulo,3550308,True,STT,880,https://moovitapp.com/index/pt-br/transporte_p%C3%BAblico-line-880-Sao_Paulo-242-850661-183362-0,5.3,-23.4503535,-46.699721,,,,1,2023-06-20T04:27:40+00:00
SAO_9032-10,São Paulo,3550308,True,STT,880,https://moovitapp.com/index/pt-br/transporte_p%C3%BAblico-line-880-Sao_Paulo-242-850661-183362-0,5.3,-23.446547000000002,-46.6995645,,,,1,2023-06-20T04:27:27+00:00
SAO_9032-10,São Paulo,3550308,True,STT,880,https://moovitapp.com/index/pt-br/transporte_p%C3%BAblico-line-880-Sao_Paulo-242-850661-183362-0,5.3,-23.44631425,-46.692783750000004,,,,1,2023-06-20T04:27:18+00:00
SAO_9032-10,São Paulo,3550308,True,STT,880,https://moovitapp.com/index/pt-br/transporte_p%C3%BAblico-line-880-Sao_Paulo-242-850661-183362-0,5.3,-23.4748035,-46.6698365,,,,1,2023-06-20T04:27:27+00:00
SAO_9032-10,São Paulo,3550308,True,STT,880,https://moovitapp.com/index/pt-br/transporte_p%C3%BAblico-line-880-Sao_Paulo-242-850661-183362-0,5.3,-23.451418,-46.697481499999995,,,,1,2023-06-20T04:27:29+00:00
SAO_9032-10,São Paulo,3550308,True,STT,880,https://moovitapp.com/index/pt-br/transporte_p%C3%BAblico-line-880-Sao_Paulo-242-850661-183362-0,5.3,-23.4462385,-46.692054,,,,1,2023-06-20T04:26:55+00:00
SAO_407F-10,São Paulo,3550308,True,,2167,,,-23.5771855,-46.5244585,,,,1,2023-06-20T04:27:17+00:00
SAO_407F-10,São Paulo,3550308,True,,2167,,,-23.5424335,-46.5905835,,,,1,2023-06-20T04:27:27+00:00
SAO_407F-10,São Paulo,3550308,True,,2167,,,-23.612665,-46.476373499999994,,,,1,2023-06-20T04:27:15+00:00
SAO_407F-10,São Paulo,3550308,True,,2167,,,-23.578873375,-46.506212875,,,,1,2023-06-20T04:26:52+00:00
SAO_809U-10,São Paulo,3550308,True,,2254,,,-23.545655250000003,-46.699678750000004,,,,1,2023-06-20T04:27:33+00:00
SAO_8026-10,São Paulo,3550308,True,,2083,,,-23.5940625,-46.742419999999996,,,,1,2023-06-20T04:27:10+00:00
SAO_8026-10,São Paulo,3550308,True,,2083,,,-23.6328585,-46.747187,,,,1,2023-06-20T04:27:25+00:00
SAO_8026-10,São Paulo,3550308,True,,2083,,,-23.63242,-46.748015,,,,1,2023-06-20T04:27:30+00:00
SAO_8026-10,São Paulo,3550308,True,,2083,,,-23.59181125,-46.73579,,,,1,2023-06-20T04:27:22+00:00
SAO_6048-10,São Paulo,3550308,True,BR7 Mobilidade,56,https://moovitapp.com/index/pt-br/transporte_p%C3%BAblico-line-56-Sao_Paulo-242-851856-518592-0,5.75,-23.670794,-46.772879,,,,1,2023-06-20T04:27:26+00:00
SAO_6048-10,São Paulo,3550308,True,BR7 Mobilidade,56,https://moovitapp.com/index/pt-br/transporte_p%C3%BAblico-line-56-Sao_Paulo-242-851856-518592-0,5.75,-23.6805215,-46.769168500000006,,,,1,2023-06-20T04:27:16+00:00
SAO_6048-10,São Paulo,3550308,True,BR7 Mobilidade,56,https://moovitapp.com/index/pt-br/transporte_p%C3%BAblico-line-56-Sao_Paulo-242-851856-518592-0,5.75,-23.6767875,-46.773955,,,,1,2023-06-20T04:27:33+00:00
SAO_6048-10,São Paulo,3550308,True,BR7 Mobilidade,56,https://moovitapp.com/index/pt-br/transporte_p%C3%BAblico-line-56-Sao_Paulo-242-851856-518592-0,5.75,-23.644194,-46.734191499999994,,,,1,2023-06-20T04:27:29+00:00
SAO_5012-10,São Paulo,3550308,True,,1116,,,-23.7097155,-46.6354455,,,,1,2023-06-20T04:27:24+00:00
SAO_5012-10,São Paulo,3550308,True,,1116,,,-23.7097155,-46.6354455,,,,1,2023-06-20T04:25:46+00:00
SAO_5012-10,São Paulo,3550308,True,,1116,,,-23.6460035,-46.6402605,,,,1,2023-06-20T04:26:58+00:00
SAO_5012-10,São Paulo,3550308,True,,1116,,,-23.6882825,-46.6342525,,,,1,2023-06-20T04:27:09+00:00
SAO_5012-10,São Paulo,3550308,True,,1116,,,-23.701917,-46.639164,,,,1,2023-06-20T04:27:03+00:00
SAO_5012-10,São Paulo,3550308,True,,1116,,,-23.7097155,-46.6354455,,,,1,2023-06-20T04:26:42+00:00
SAO_5012-10,São Paulo,3550308,True,,1116,,,-23.7097155,-46.6354455,,,,1,2023-06-20T04:27:13+00:00
SAO_8700-1,São Paulo,3550308,True,,2508,,,-23.566491375000002,-46.68198112499999,,,,1,2023-06-20T04:27:40+00:00
SAO_8700-1,São Paulo,3550308,True,,2508,,,-23.547560500000003,-46.640557,,,,1,2023-06-20T04:27:35+00:00
SAO_8700-1,São Paulo,3550308,True,,2508,,,-23.5474995,-46.640241,,,,1,2023-06-20T04:27:25+00:00
SAO_677A-10,São Paulo,3550308,True,,34007,,,-23.595106625,-46.690497750000006,,,,2,2023-06-20T04:27:13+00:00
SAO_677A-10,São Paulo,3550308,True,,34007,,,-23.6632055,-46.7273575,,,,2,2023-06-20T04:27:16+00:00
SAO_677A-10,São Paulo,3550308,True,,34007,,,-23.689531625,-46.77363325,,,,2,2023-06-20T04:27:15+00:00
SAO_2678-10,São Paulo,3550308,True,STT,383,https://moovitapp.com/index/pt-br/transporte_p%C3%BAblico-line-383-Sao_Paulo-242-850661-183294-0,5.3,-23.5007605,-46.4701065,,,,1,2023-06-20T04:27:39+00:00
SAO_2678-10,São Paulo,3550308,True,STT,383,https://moovitapp.com/index/pt-br/transporte_p%C3%BAblico-line-383-Sao_Paulo-242-850661-183294-0,5.3,-23.494543999999998,-46.438418999999996,,,,1,2023-06-20T04:27:35+00:00
SAO_2678-10,São Paulo,3550308,True,STT,383,https://moovitapp.com/index/pt-br/transporte_p%C3%BAblico-line-383-Sao_Paulo-242-850661-183294-0,5.3,-23.535055749999998,-46.57767750000001,,,,1,2023-06-20T04:26:56+00:00
SAO_2678-10,São Paulo,3550308,True,STT,383,https://moovitapp.com/index/pt-br/transporte_p%C3%BAblico-line-383-Sao_Paulo-242-850661-183294-0,5.3,-23.5473415,-46.629296499999995,,,,1,2023-06-20T04:27:04+00:00
SAO_2678-10,São Paulo,3550308,True,STT,383,https://moovitapp.com/index/pt-br/transporte_p%C3%BAblico-line-383-Sao_Paulo-242-850661-183294-0,5.3,-23.492202499999998,-46.380666500000004,,,,1,2023-06-20T04:27:11+00:00
SAO_2678-10,São Paulo,3550308,True,STT,383,https://moovitapp.com/index/pt-br/transporte_p%C3%BAblico-line-383-Sao_Paulo-242-850661-183294-0,5.3,-23.504633249999998,-46.473618875,,,,1,2023-06-20T04:27:11+00:00
SAO_7053-10,São Paulo,3550308,True,,34655,,,-23.653821999999998,-46.789015000000006,,,,2,2023-06-20T04:27:41+00:00
SAO_7053-10,São Paulo,3550308,True,,34655,,,-23.653941000000003,-46.78870825,,,,2,2023-06-20T04:27:02+00:00
SAO_7053-10,São Paulo,3550308,True,,34655,,,-23.653941000000003,-46.78870825,,,,2,2023-06-20T04:27:27+00:00
SAO_7053-10,São Paulo,3550308,True,,34655,,,-23.653941000000003,-46.78870825,,,,2,2023-06-20T04:27:25+00:00
SAO_7053-10,São Paulo,3550308,True,,34655,,,-23.653941000000003,-46.78870825,,,,2,2023-06-20T04:27:33+00:00
SAO_7053-10,São Paulo,3550308,True,,34655,,,-23.653941000000003,-46.78870825,,,,2,2023-06-20T04:27:15+00:00
SAO_7053-10,São Paulo,3550308,True,,34655,,,-23.653941000000003,-46.78870825,,,,2,2023-06-20T04:27:04+00:00
SAO_7053-10,São Paulo,3550308,True,,34655,,,-23.634363,-46.774752,,,,2,2023-06-20T04:27:22+00:00
SAO_9784-10,São Paulo,3550308,True,,33595,,,-23.521480750000002,-46.666559,,,,2,2023-06-20T04:27:41+00:00
SAO_9784-10,São Paulo,3550308,True,,33595,,,-23.451921499999997,-46.6757765,,,,2,2023-06-20T04:27:19+00:00
SAO_9784-10,São Paulo,3550308,True,,33595,,,-23.50045425,-46.66472075,,,,2,2023-06-20T04:27:42+00:00
SAO_6035-21,São Paulo,3550308,True,,1795,,,-23.669901,-46.7351965,,,,1,2023-06-20T04:27:25+00:00
SAO_6035-21,São Paulo,3550308,True,,1795,,,-23.7164745,-46.7670185,,,,1,2023-06-20T04:27:18+00:00
SAO_6035-21,São Paulo,3550308,True,,1795,,,-23.720715499999997,-46.755851,,,,1,2023-06-20T04:27:12+00:00
SAO_6035-21,São Paulo,3550308,True,,1795,,,-23.716904,-46.767703499999996,,,,1,2023-06-20T04:27:22+00:00
SAO_647P-10,São Paulo,3550308,True,,34084,,,-23.5861565,-46.697488,,,,2,2023-06-20T04:27:01+00:00
SAO_647P-10,São Paulo,3550308,True,,34084,,,-23.644194,-46.734191499999994,,,,2,2023-06-20T04:27:19+00:00
SAO_647P-10,São Paulo,3550308,True,,34084,,,-23.6668415,-46.772450000000006,,,,2,2023-06-20T04:27:01+00:00
SAO_647P-10,São Paulo,3550308,True,,34084,,,-23.6749685,-46.784116,,,,2,2023-06-20T04:27:13+00:00
SAO_5164-21,São Paulo,3550308,True,,34384,,,-23.597065999999998,-46.643281625,,,,2,2023-06-20T04:27:10+00:00
SAO_5164-21,São Paulo,3550308,True,,34384,,,-23.652772499999998,-46.64590575,,,,2,2023-06-20T04:27:29+00:00
SAO_5164-21,São Paulo,3550308,True,,34384,,,-23.653816,-46.645095999999995,,,,2,2023-06-20T04:27:32+00:00
SAO_5164-21,São Paulo,3550308,True,,34384,,,-23.626914999999997,-46.64143850000001,,,,2,2023-06-20T04:27:08+00:00
SAO_5164-21,São Paulo,3550308,True,,34384,,,-23.6526215,-46.6461985,,,,2,2023-06-20T04:27:32+00:00
SAO_5164-21,São Paulo,3550308,True,,34384,,,-23.653816,-46.645095999999995,,,,2,2023-06-20T04:27:19+00:00
SAO_9181-10,São Paulo,3550308,True,,885,,,-23.52363175,-46.70185575,,,,1,2023-06-20T04:27:25+00:00
SAO_9181-10,São Paulo,3550308,True,,885,,,-23.4893135,-46.6882395,,,,1,2023-06-20T04:27:23+00:00
SAO_6836-10,São Paulo,3550308,True,,32781,,,-23.683948,-46.7815925,,,,2,2023-06-20T04:27:11+00:00
SAO_6836-10,São Paulo,3550308,True,,32781,,,-23.6520225,-46.73388525,,,,2,2023-06-20T04:27:28+00:00
SAO_6836-10,São Paulo,3550308,True,,32781,,,-23.670262625,-46.772083125,,,,2,2023-06-20T04:27:39+00:00
SAO_6075-10,São Paulo,3550308,True,,33930,,,-23.797689499999997,-46.7382825,,,,2,2023-06-20T04:27:01+00:00
SAO_6075-10,São Paulo,3550308,True,,33930,,,-23.797689499999997,-46.7382825,,,,2,2023-06-20T04:27:28+00:00
SAO_6075-10,São Paulo,3550308,True,,33930,,,-23.797689499999997,-46.7382825,,,,2,2023-06-20T04:27:33+00:00
SAO_6075-10,São Paulo,3550308,True,,33930,,,-23.797689499999997,-46.7382825,,,,2,2023-06-20T04:27:35+00:00
SAO_6075-10,São Paulo,3550308,True,,33930,,,-23.7918795,-46.734451,,,,2,2023-06-20T04:27:29+00:00
SAO_179X-10,São Paulo,3550308,True,,33448,,,-23.4528295,-46.5890435,,,,2,2023-06-20T04:27:24+00:00
SAO_179X-10,São Paulo,3550308,True,,33448,,,-23.5264125,-46.667292,,,,2,2023-06-20T04:27:09+00:00
SAO_179X-10,São Paulo,3550308,True,,33448,,,-23.528526499999998,-46.661534,,,,2,2023-06-20T04:27:07+00:00
SAO_179X-10,São Paulo,3550308,True,,33448,,,-23.480722999999998,-46.600623999999996,,,,2,2023-06-20T04:27:42+00:00
SAO_179X-10,São Paulo,3550308,True,,33448,,,-23.503788375,-46.624660500000005,,,,2,2023-06-20T04:27:09+00:00
SAO_6412-10,São Paulo,3550308,True,,33538,,,-23.617787,-46.7211975,,,,2,2023-06-20T04:27:38+00:00
SAO_6412-10,São Paulo,3550308,True,,33538,,,-23.617432,-46.7210475,,,,2,2023-06-20T04:27:06+00:00
SAO_6412-10,São Paulo,3550308,True,,33538,,,-23.569283374999998,-46.64400075,,,,2,2023-06-20T04:27:06+00:00
SAO_6412-10,São Paulo,3550308,True,,33538,,,-23.5977665,-46.6740225,,,,2,2023-06-20T04:27:27+00:00
SAO_6412-10,São Paulo,3550308,True,,33538,,,-23.6172295,-46.720997,,,,2,2023-06-20T04:26:58+00:00
SAO_6412-10,São Paulo,3550308,True,,33538,,,-23.61699275,-46.720967,,,,2,2023-06-20T04:27:03+00:00
SAO_857P-10,São Paulo,3550308,True,,34694,,,-23.575689500000003,-46.642773500000004,,,,2,2023-06-20T04:27:37+00:00
SAO_857P-10,São Paulo,3550308,True,,34694,,,-23.58815525,-46.727400625,,,,2,2023-06-20T04:27:17+00:00
SAO_857P-10,São Paulo,3550308,True,,34694,,,-23.575689500000003,-46.642773500000004,,,,2,2023-06-20T04:27:11+00:00
SAO_857P-10,São Paulo,3550308,True,,34694,,,-23.616358750000003,-46.75709175,,,,2,2023-06-20T04:27:31+00:00
SAO_857P-10,São Paulo,3550308,True,,34694,,,-23.575689500000003,-46.642773500000004,,,,2,2023-06-20T04:27:38+00:00
SAO_857P-10,São Paulo,3550308,True,,34694,,,-23.6316405,-46.772316,,,,2,2023-06-20T04:27:28+00:00
SAO_857P-10,São Paulo,3550308,True,,34694,,,-23.606891124999997,-46.750417625,,,,2,2023-06-20T04:27:17+00:00
SAO_857P-10,São Paulo,3550308,True,,34694,,,-23.56150275,-46.656306,,,,2,2023-06-20T04:27:41+00:00
SAO_857P-10,São Paulo,3550308,True,,34694,,,-23.559941,-46.67114024999999,,,,2,2023-06-20T04:27:40+00:00
SAO_9789-10,São Paulo,3550308,True,,829,,,-23.5244145,-46.6669005,,,,1,2023-06-20T04:22:37+00:00
SAO_9789-10,São Paulo,3550308,True,,829,,,-23.5069825,-46.667970749999995,,,,1,2023-06-20T04:27:41+00:00
SAO_9789-10,São Paulo,3550308,True,,829,,,-23.470148000000002,-46.693363500000004,,,,1,2023-06-20T04:27:05+00:00
SAO_978J-10,São Paulo,3550308,True,,33359,,,-23.437111,-46.7400885,,,,2,2023-06-20T04:27:35+00:00
SAO_978J-10,São Paulo,3550308,True,,33359,,,-23.436899500000003,-46.739963,,,,2,2023-06-20T04:27:08+00:00
SAO_978J-10,São Paulo,3550308,True,,33359,,,-23.4529475,-46.718768499999996,,,,2,2023-06-20T04:27:09+00:00
SAO_978J-10,São Paulo,3550308,True,,33359,,,-23.494436999999998,-46.708714,,,,2,2023-06-20T04:27:41+00:00
SAO_978J-10,São Paulo,3550308,True,,33359,,,-23.436899500000003,-46.739963,,,,2,2023-06-20T04:27:14+00:00
SAO_978J-10,São Paulo,3550308,True,,33359,,,-23.531905000000002,-46.6610765,,,,2,2023-06-20T04:27:12+00:00
SAO_3761-10,São Paulo,3550308,True,,1051,,,-23.618599,-46.4234555,,,,1,2023-06-20T04:27:13+00:00
SAO_3761-10,São Paulo,3550308,True,,1051,,,-23.58486125,-46.49040425,,,,1,2023-06-20T04:27:01+00:00
SAO_3761-10,São Paulo,3550308,True,,1051,,,-23.537936375,-46.563649125,,,,1,2023-06-20T04:27:40+00:00
SAO_3761-10,São Paulo,3550308,True,,1051,,,-23.616859249999997,-46.4231815,,,,1,2023-06-20T04:27:14+00:00
SAO_3761-10,São Paulo,3550308,True,,1051,,,-23.596887000000002,-46.4352085,,,,1,2023-06-20T04:27:00+00:00
SAO_3761-10,São Paulo,3550308,True,,1051,,,-23.538011500000003,-46.564010249999995,,,,1,2023-06-20T04:27:01+00:00
SAO_3761-10,São Paulo,3550308,True,,1051,,,-23.596679,-46.435494000000006,,,,1,2023-06-20T04:27:18+00:00
SAO_3761-10,São Paulo,3550308,True,,1051,,,-23.5349729375,-46.5491203125,,,,1,2023-06-20T04:27:33+00:00
SAO_3761-10,São Paulo,3550308,True,,1051,,,-23.618599,-46.4234555,,,,1,2023-06-20T04:27:33+00:00
SAO_748A-41,São Paulo,3550308,True,,33267,,,-23.59511925,-46.761000749999994,,,,2,2023-06-20T04:27:04+00:00
SAO_8215-10,São Paulo,3550308,True,,33342,,,-23.503915,-46.673922625,,,,2,2023-06-20T04:27:14+00:00
SAO_8215-10,São Paulo,3550308,True,,33342,,,-23.46414,-46.700824999999995,,,,2,2023-06-20T04:27:17+00:00
SAO_8215-10,São Paulo,3550308,True,,33342,,,-23.53086475,-46.6594855,,,,2,2023-06-20T04:27:16+00:00
SAO_5141-10,São Paulo,3550308,True,,1625,,,-23.5803215,-46.538245,,,,1,2023-06-20T04:27:19+00:00
SAO_5141-10,São Paulo,3550308,True,,1625,,,-23.542074,-46.627536,,,,1,2023-06-20T04:27:29+00:00
SAO_5141-10,São Paulo,3550308,True,,1625,,,-23.614004,-46.501168500000006,,,,1,2023-06-20T04:26:57+00:00
SAO_5108-10,São Paulo,3550308,True,,1675,,,-23.650569,-46.614115999999996,,,,1,2023-06-20T04:27:30+00:00
SAO_5108-10,São Paulo,3550308,True,,1675,,,-23.56466325,-46.61688375,,,,1,2023-06-20T04:27:39+00:00
SAO_5108-10,São Paulo,3550308,True,,1675,,,-23.662470499999998,-46.619994999999996,,,,1,2023-06-20T04:25:44+00:00
SAO_3725-41,São Paulo,3550308,True,,34299,,,-23.532833500000002,-46.530833,,,,2,2023-06-20T04:27:38+00:00
SAO_3725-41,São Paulo,3550308,True,,34299,,,-23.5327405,-46.530938500000005,,,,2,2023-06-20T04:27:05+00:00
SAO_874C-10,São Paulo,3550308,True,,477,,,-23.547914,-46.686182,,,,1,2023-06-20T04:27:18+00:00
SAO_874C-10,São Paulo,3550308,True,,477,,,-23.535593,-46.711124,,,,1,2023-06-20T04:27:39+00:00
SAO_874C-10,São Paulo,3550308,True,,477,,,-23.552830999999998,-46.743295,,,,1,2023-06-20T04:27:34+00:00
SAO_6026-10,São Paulo,3550308,True,,32855,,,-23.748841,-46.703187,,,,2,2023-06-20T04:27:18+00:00
SAO_6026-10,São Paulo,3550308,True,,32855,,,-23.675466,-46.69907525,,,,2,2023-06-20T04:27:11+00:00
SAO_6026-10,São Paulo,3550308,True,,32855,,,-23.748841,-46.703187,,,,2,2023-06-20T04:27:01+00:00
SAO_524L-10,São Paulo,3550308,True,,34483,,,-23.598761,-46.5339095,,,,2,2023-06-20T04:26:58+00:00
SAO_524L-10,São Paulo,3550308,True,,34483,,,-23.58083675,-46.564252249999996,,,,2,2023-06-20T04:27:20+00:00
SAO_8012-10,São Paulo,3550308,True,,34791,,,-23.569541,-46.711640375,,,,2,2023-06-20T04:27:37+00:00
SAO_8012-10,São Paulo,3550308,True,,34791,,,-23.553513875,-46.73230925,,,,2,2023-06-20T04:27:41+00:00
SAO_8012-10,São Paulo,3550308,True,,34791,,,-23.5653295,-46.71259499999999,,,,2,2023-06-20T04:26:18+00:00
SAO_8012-10,São Paulo,3550308,True,,34791,,,-23.571228124999998,-46.708809375,,,,2,2023-06-20T04:27:29+00:00
SAO_6084-10,São Paulo,3550308,True,,1169,,,-23.7809765,-46.672728500000005,,,,1,2023-06-20T04:27:26+00:00
SAO_6084-10,São Paulo,3550308,True,,1169,,,-23.7780725,-46.6827715,,,,1,2023-06-20T04:27:25+00:00
SAO_2060-10,São Paulo,3550308,True,,32902,,,-23.52946825,-46.46895375,,,,2,2023-06-20T04:27:00+00:00
SAO_2060-10,São Paulo,3550308,True,,32902,,,-23.518619375,-46.475986625,,,,2,2023-06-20T04:27:14+00:00
SAO_5038-10,São Paulo,3550308,True,,1661,,,-23.6028795,-46.601814000000005,,,,1,2023-06-20T04:27:08+00:00
SAO_5038-10,São Paulo,3550308,True,,1661,,,-23.650569,-46.614115999999996,,,,1,2023-06-20T04:27:02+00:00
SAO_5038-10,São Paulo,3550308,True,,1661,,,-23.631802999999998,-46.604600500000004,,,,1,2023-06-20T04:27:28+00:00
SAO_7006-10,São Paulo,3550308,True,,34763,,,-23.7505915,-46.777343,,,,2,2023-06-20T04:27:30+00:00
SAO_7006-10,São Paulo,3550308,True,,34763,,,-23.749001,-46.779843125,,,,2,2023-06-20T04:27:16+00:00
SAO_7006-10,São Paulo,3550308,True,,34763,,,-23.750601,-46.777545,,,,2,2023-06-20T04:27:02+00:00
SAO_7006-10,São Paulo,3550308,True,,34763,,,-23.733829999999998,-46.7824255,,,,2,2023-06-20T04:27:01+00:00
SAO_9032-10,São Paulo,3550308,True,,33648,,,-23.4502615,-46.6948665,,,,2,2023-06-20T04:27:28+00:00
SAO_9032-10,São Paulo,3550308,True,,33648,,,-23.463973,-46.68045425,,,,2,2023-06-20T04:27:13+00:00
SAO_2722-31,São Paulo,3550308,True,,33704,,,-23.50043375,-46.49184124999999,,,,2,2023-06-20T04:27:11+00:00
SAO_2722-31,São Paulo,3550308,True,,33704,,,-23.4828805,-46.492395,,,,2,2023-06-20T04:27:00+00:00
SAO_1722-10,São Paulo,3550308,True,,864,,,-23.4709815,-46.65066,,,,1,2023-06-20T04:27:14+00:00
SAO_1722-10,São Paulo,3550308,True,,864,,,-23.4587815,-46.585789,,,,1,2023-06-20T04:27:07+00:00
SAO_1722-10,São Paulo,3550308,True,,864,,,-23.4580725,-46.615971,,,,1,2023-06-20T04:27:26+00:00
SAO_1722-10,São Paulo,3550308,True,,864,,,-23.482253,-46.6726565,,,,1,2023-06-20T04:27:08+00:00
SAO_3033-10,São Paulo,3550308,True,,33736,,,-23.598783375,-46.464928,,,,2,2023-06-20T04:27:13+00:00
SAO_3033-10,São Paulo,3550308,True,,33736,,,-23.594362,-46.42451,,,,2,2023-06-20T04:27:11+00:00
SAO_7021-10,São Paulo,3550308,True,,1989,,,-23.66259625,-46.7369195,,,,1,2023-06-20T04:27:35+00:00
SAO_7021-10,São Paulo,3550308,True,,1989,,,-23.671018500000002,-46.7682805,,,,1,2023-06-20T04:26:40+00:00
SAO_8600-10,São Paulo,3550308,True,,1432,,,-23.4868015,-46.726492,,,,1,2023-06-20T04:27:26+00:00
SAO_8600-10,São Paulo,3550308,True,,1432,,,-23.487215,-46.726875,,,,1,2023-06-20T04:27:14+00:00
SAO_8600-10,São Paulo,3550308,True,,1432,,,-23.543069000000003,-46.6375995,,,,1,2023-06-20T04:27:18+00:00
SAO_8600-10,São Paulo,3550308,True,,1432,,,-23.522897,-46.658246,,,,1,2023-06-20T04:26:59+00:00
SAO_9717-10,São Paulo,3550308,True,,817,,,-23.463303,-46.6814685,,,,1,2023-06-20T04:27:17+00:00
SAO_9717-10,São Paulo,3550308,True,,817,,,-23.463303,-46.6814685,,,,1,2023-06-20T04:27:32+00:00
SAO_9717-10,São Paulo,3550308,True,,817,,,-23.5111475,-46.66194175,,,,1,2023-06-20T04:27:26+00:00
SAO_4029-10,São Paulo,3550308,True,,1099,,,-23.584137,-46.581708000000006,,,,1,2023-06-20T04:26:58+00:00
SAO_4029-10,São Paulo,3550308,True,,1099,,,-23.5812405,-46.562446,,,,1,2023-06-20T04:27:10+00:00
SAO_4029-10,São Paulo,3550308,True,,1099,,,-23.610051,-46.476871,,,,1,2023-06-20T04:27:12+00:00
SAO_4029-10,São Paulo,3550308,True,,1099,,,-23.6101915,-46.480281500000004,,,,1,2023-06-20T04:26:59+00:00
SAO_4029-10,São Paulo,3550308,True,,1099,,,-23.601279875000003,-46.511615000000006,,,,1,2023-06-20T04:27:04+00:00
SAO_4029-10,São Paulo,3550308,True,,1099,,,-23.5852485,-46.583256,,,,1,2023-06-20T04:27:21+00:00
SAO_669A-10,São Paulo,3550308,True,,32772,,,-23.53546925,-46.64499525,,,,2,2023-06-20T04:27:08+00:00
SAO_669A-10,São Paulo,3550308,True,,32772,,,-23.5341755,-46.6447165,,,,2,2023-06-20T04:27:25+00:00
SAO_669A-10,São Paulo,3550308,True,,32772,,,-23.62997525,-46.69002975,,,,2,2023-06-20T04:27:43+00:00
SAO_669A-10,São Paulo,3550308,True,,32772,,,-23.5611995,-46.65686025,,,,2,2023-06-20T04:27:22+00:00
SAO_273V-10,São Paulo,3550308,True,,32999,,,-23.521801500000002,-46.4246465,,,,2,2023-06-20T04:27:21+00:00
SAO_273V-10,São Paulo,3550308,True,,32999,,,-23.5331465,-46.543474,,,,2,2023-06-20T04:27:39+00:00
SAO_273V-10,São Paulo,3550308,True,,32999,,,-23.532667,-46.4821785,,,,2,2023-06-20T04:27:11+00:00
SAO_5630-10,São Paulo,3550308,True,,32846,,,-23.5393845,-46.633106,,,,2,2023-06-20T04:27:13+00:00
SAO_5630-10,São Paulo,3550308,True,,32846,,,-23.734803499999998,-46.6959605,,,,2,2023-06-20T04:27:22+00:00
SAO_5630-10,São Paulo,3550308,True,,32846,,,-23.64900275,-46.676565999999994,,,,2,2023-06-20T04:26:58+00:00
SAO_5630-10,São Paulo,3550308,True,,32846,,,-23.63928375,-46.67317525,,,,2,2023-06-20T04:27:18+00:00
SAO_857C-10,São Paulo,3550308,True,,1901,,,-23.645882,-46.70472,,,,1,2023-06-20T04:27:42+00:00
SAO_857C-10,São Paulo,3550308,True,,1901,,,-23.634011,-46.6431895,,,,1,2023-06-20T04:27:17+00:00
SAO_5091-10,São Paulo,3550308,True,,34291,,,-23.69174,-46.652575,,,,2,2023-06-20T04:25:37+00:00
SAO_5091-10,São Paulo,3550308,True,,34291,,,-23.635889,-46.6414665,,,,2,2023-06-20T04:27:08+00:00
SAO_5091-10,São Paulo,3550308,True,,34291,,,-23.62553725,-46.6404665,,,,2,2023-06-20T04:27:15+00:00
SAO_5091-10,São Paulo,3550308,True,,34291,,,-23.6948835,-46.666276999999994,,,,2,2023-06-20T04:27:32+00:00
SAO_6017-10,São Paulo,3550308,True,,33974,,,-23.646386,-46.7039875,,,,2,2023-06-20T04:27:32+00:00
SAO_6017-10,São Paulo,3550308,True,,33974,,,-23.696951,-46.761001,,,,2,2023-06-20T04:27:14+00:00
SAO_6017-10,São Paulo,3550308,True,,33974,,,-23.675822,-46.7521795,,,,2,2023-06-20T04:27:40+00:00
SAO_6017-10,São Paulo,3550308,True,,33974,,,-23.697047,-46.760983499999995,,,,2,2023-06-20T04:27:36+00:00
SAO_6017-10,São Paulo,3550308,True,,33974,,,-23.700378999999998,-46.765409500000004,,,,2,2023-06-20T04:27:24+00:00
SAO_6017-10,São Paulo,3550308,True,,33974,,,-23.6922445,-46.7772405,,,,2,2023-06-20T04:27:30+00:00
SAO_3738-10,São Paulo,3550308,True,,33806,,,-23.5628445,-46.3949135,,,,2,2023-06-20T04:27:06+00:00
SAO_3738-10,São Paulo,3550308,True,,33806,,,-23.558134000000003,-46.422044,,,,2,2023-06-20T04:27:19+00:00
SAO_3738-10,São Paulo,3550308,True,,33806,,,-23.5629515,-46.3946025,,,,2,2023-06-20T04:27:01+00:00
SAO_3738-10,São Paulo,3550308,True,,33806,,,-23.5422585,-46.470022,,,,2,2023-06-20T04:27:13+00:00
SAO_3738-10,São Paulo,3550308,True,,33806,,,-23.538290999999997,-46.45245824999999,,,,2,2023-06-20T04:27:15+00:00
SAO_3738-10,São Paulo,3550308,True,,33806,,,-23.5629515,-46.3946025,,,,2,2023-06-20T04:27:39+00:00
SAO_3738-10,São Paulo,3550308,True,,33806,,,-23.5629515,-46.3946025,,,,2,2023-06-20T04:27:21+00:00
SAO_1772-10,São Paulo,3550308,True,,635,,,-23.45636925,-46.592832,,,,1,2023-06-20T04:27:40+00:00
SAO_1772-10,São Paulo,3550308,True,,635,,,-23.4349075,-46.581235,,,,1,2023-06-20T04:26:58+00:00
SAO_695X-10,São Paulo,3550308,True,,1441,,,-23.767062,-46.7161295,,,,1,2023-06-20T04:26:06+00:00
SAO_695X-10,São Paulo,3550308,True,,1441,,,-23.645887,-46.6737435,,,,1,2023-06-20T04:27:31+00:00
SAO_695X-10,São Paulo,3550308,True,,1441,,,-23.7528845,-46.7110085,,,,1,2023-06-20T04:27:24+00:00
SAO_1705-10,São Paulo,3550308,True,,33617,,,-23.434097,-46.583839749999996,,,,2,2023-06-20T04:27:23+00:00
SAO_1705-10,São Paulo,3550308,True,,33617,,,-23.4347015,-46.584086,,,,2,2023-06-20T04:27:34+00:00
SAO_1705-10,São Paulo,3550308,True,,33617,,,-23.4347015,-46.584086,,,,2,2023-06-20T04:27:39+00:00
SAO_1705-10,São Paulo,3550308,True,,33617,,,-23.434339,-46.58389525,,,,2,2023-06-20T04:27:21+00:00
SAO_1705-10,São Paulo,3550308,True,,33617,,,-23.442104999999998,-46.5884335,,,,2,2023-06-20T04:27:22+00:00
SAO_1705-10,São Paulo,3550308,True,,33617,,,-23.4739935,-46.60140575,,,,2,2023-06-20T04:26:48+00:00
SAO_1705-10,São Paulo,3550308,True,,33617,,,-23.4338605,-46.584293,,,,2,2023-06-20T04:27:42+00:00
SAO_1705-10,São Paulo,3550308,True,,33617,,,-23.4347015,-46.584086,,,,2,2023-06-20T04:25:34+00:00
SAO_5652-10,São Paulo,3550308,True,STT,274,https://moovitapp.com/index/pt-br/transporte_p%C3%BAblico-line-274-Sao_Paulo-242-850661-183274-0,5.3,-23.5507755,-46.6346735,,,,1,2023-06-20T04:27:28+00:00
SAO_5652-10,São Paulo,3550308,True,STT,274,https://moovitapp.com/index/pt-br/transporte_p%C3%BAblico-line-274-Sao_Paulo-242-850661-183274-0,5.3,-23.635144500000003,-46.6691665,,,,1,2023-06-20T04:27:34+00:00
SAO_5652-10,São Paulo,3550308,True,STT,274,https://moovitapp.com/index/pt-br/transporte_p%C3%BAblico-line-274-Sao_Paulo-242-850661-183274-0,5.3,-23.703607499999997,-46.6881495,,,,1,2023-06-20T04:27:26+00:00
SAO_5652-10,São Paulo,3550308,True,STT,274,https://moovitapp.com/index/pt-br/transporte_p%C3%BAblico-line-274-Sao_Paulo-242-850661-183274-0,5.3,-23.718466499999998,-46.690323,,,,1,2023-06-20T04:27:14+00:00
SAO_519M-10,São Paulo,3550308,True,,2211,,,-23.604241000000002,-46.510815,,,,1,2023-06-20T04:27:16+00:00
SAO_519M-10,São Paulo,3550308,True,,2211,,,-23.579377625,-46.607089,,,,1,2023-06-20T04:27:29+00:00
SAO_847P-10,São Paulo,3550308,True,,33191,,,-23.56393525,-46.6881365,,,,2,2023-06-20T04:27:00+00:00
SAO_847P-10,São Paulo,3550308,True,,33191,,,-23.544869,-46.6930895,,,,2,2023-06-20T04:27:24+00:00
SAO_847P-10,São Paulo,3550308,True,,33191,,,-23.5964025,-46.69135850000001,,,,2,2023-06-20T04:27:33+00:00
SAO_847P-10,São Paulo,3550308,True,,33191,,,-23.497425999999997,-46.706883000000005,,,,2,2023-06-20T04:27:40+00:00
SAO_847P-10,São Paulo,3550308,True,,33191,,,-23.5145555,-46.7001075,,,,2,2023-06-20T04:27:22+00:00
SAO_847P-10,São Paulo,3550308,True,,33191,,,-23.5855505,-46.68270875,,,,2,2023-06-20T04:27:35+00:00
SAO_6061-10,São Paulo,3550308,True,,33918,,,-23.7631325,-46.6867865,,,,2,2023-06-20T04:27:25+00:00
SAO_6061-10,São Paulo,3550308,True,,33918,,,-23.782104500000003,-46.681632,,,,2,2023-06-20T04:27:14+00:00
SAO_5129-41,São Paulo,3550308,True,,34742,,,-23.6546655,-46.6672455,,,,2,2023-06-20T04:27:37+00:00
SAO_5129-41,São Paulo,3550308,True,,34742,,,-23.6535685,-46.703556,,,,2,2023-06-20T04:27:19+00:00
SAO_5129-41,São Paulo,3550308,True,,34742,,,-23.680512,-46.636660000000006,,,,2,2023-06-20T04:27:11+00:00
SAO_5129-41,São Paulo,3550308,True,,34742,,,-23.649339625,-46.676708999999995,,,,2,2023-06-20T04:27:26+00:00
SAO_6044-10,São Paulo,3550308,True,,33989,,,-23.6596825,-46.77547,,,,2,2023-06-20T04:27:05+00:00
SAO_6044-10,São Paulo,3550308,True,,33989,,,-23.6767725,-46.798547,,,,2,2023-06-20T04:27:14+00:00
SAO_6044-10,São Paulo,3550308,True,,33989,,,-23.6767725,-46.798547,,,,2,2023-06-20T04:26:59+00:00
SAO_6044-10,São Paulo,3550308,True,,33989,,,-23.646858125,-46.707122125,,,,2,2023-06-20T04:27:02+00:00
SAO_6044-10,São Paulo,3550308,True,,33989,,,-23.6438595,-46.731730999999996,,,,2,2023-06-20T04:27:20+00:00
SAO_6044-10,São Paulo,3550308,True,,33989,,,-23.655250000000002,-46.761338,,,,2,2023-06-20T04:27:02+00:00
SAO_2182-10,São Paulo,3550308,True,STT,700,https://moovitapp.com/index/pt-br/transporte_p%C3%BAblico-line-700-Sao_Paulo-242-850661-183337-0,5.3,-23.5128515,-46.5854645,,,,1,2023-06-20T04:27:22+00:00
SAO_2182-10,São Paulo,3550308,True,STT,700,https://moovitapp.com/index/pt-br/transporte_p%C3%BAblico-line-700-Sao_Paulo-242-850661-183337-0,5.3,-23.542837,-46.635867,,,,1,2023-06-20T04:27:25+00:00
SAO_2182-10,São Paulo,3550308,True,STT,700,https://moovitapp.com/index/pt-br/transporte_p%C3%BAblico-line-700-Sao_Paulo-242-850661-183337-0,5.3,-23.542429,-46.615994,,,,1,2023-06-20T04:27:17+00:00
SAO_2182-10,São Paulo,3550308,True,STT,700,https://moovitapp.com/index/pt-br/transporte_p%C3%BAblico-line-700-Sao_Paulo-242-850661-183337-0,5.3,-23.48864725,-46.56920275,,,,1,2023-06-20T04:26:07+00:00
SAO_6L07-10,São Paulo,3550308,True,,1545,,,-23.814917,-46.706358,,,,1,2023-06-20T04:26:48+00:00
SAO_6L07-10,São Paulo,3550308,True,,1545,,,-23.766939,-46.716361,,,,1,2023-06-20T04:27:21+00:00
SAO_4008-10,São Paulo,3550308,True,,2182,,,-23.560007,-46.51988275,,,,1,2023-06-20T04:27:30+00:00
SAO_4008-10,São Paulo,3550308,True,,2182,,,-23.5693275,-46.446983,,,,1,2023-06-20T04:27:18+00:00
SAO_4008-10,São Paulo,3550308,True,,2182,,,-23.576673,-46.4371055,,,,1,2023-06-20T04:26:07+00:00
SAO_5018-10,São Paulo,3550308,True,,1492,,,-23.6769335,-46.6736955,,,,1,2023-06-20T04:27:03+00:00
SAO_5018-10,São Paulo,3550308,True,,1492,,,-23.648597,-46.6415825,,,,1,2023-06-20T04:27:24+00:00
SAO_5018-10,São Paulo,3550308,True,,1492,,,-23.6483995,-46.641465,,,,1,2023-06-20T04:27:25+00:00
SAO_5018-10,São Paulo,3550308,True,,1492,,,-23.675212000000002,-46.673145000000005,,,,1,2023-06-20T04:27:10+00:00
SAO_1775-10,São Paulo,3550308,True,,33406,,,-23.4486025,-46.609192,,,,2,2023-06-20T04:27:12+00:00
SAO_1775-10,São Paulo,3550308,True,,33406,,,-23.447411000000002,-46.6097415,,,,2,2023-06-20T04:27:26+00:00
SAO_274P-10,São Paulo,3550308,True,,33000,,,-23.577111875,-46.623690499999995,,,,2,2023-06-20T04:26:58+00:00
SAO_274P-10,São Paulo,3550308,True,,33000,,,-23.532059,-46.56079275,,,,2,2023-06-20T04:26:01+00:00
SAO_274P-10,São Paulo,3550308,True,,33000,,,-23.512807000000002,-46.5306475,,,,2,2023-06-20T04:27:41+00:00
SAO_546A-10,São Paulo,3550308,True,,33899,,,-23.653277875,-46.70234725,,,,2,2023-06-20T04:27:09+00:00
SAO_546A-10,São Paulo,3550308,True,,33899,,,-23.664064,-46.6912625,,,,2,2023-06-20T04:27:21+00:00
SAO_546A-10,São Paulo,3550308,True,,33899,,,-23.704997,-46.651302,,,,2,2023-06-20T04:23:12+00:00
SAO_546A-10,São Paulo,3550308,True,,33899,,,-23.6909805,-46.670428,,,,2,2023-06-20T04:27:18+00:00
SAO_3763-10,São Paulo,3550308,True,,33822,,,-23.555253999999998,-46.55406575,,,,2,2023-06-20T04:27:34+00:00
SAO_3763-10,São Paulo,3550308,True,,33822,,,-23.549329,-46.573431,,,,2,2023-06-20T04:27:16+00:00
SAO_3763-10,São Paulo,3550308,True,,33822,,,-23.55797,-46.523029,,,,2,2023-06-20T04:27:34+00:00
SAO_3763-10,São Paulo,3550308,True,,33822,,,-23.564856,-46.5348625,,,,2,2023-06-20T04:27:23+00:00
SAO_3063-10,São Paulo,3550308,True,EMTU,253,https://moovitapp.com/index/pt-br/transporte_p%C3%BAblico-line-253-Sao_Paulo-242-2038937-36419364-0,5.4,-23.558697000000002,-46.3999615,,,,1,2023-06-20T04:27:18+00:00
SAO_3063-10,São Paulo,3550308,True,EMTU,253,https://moovitapp.com/index/pt-br/transporte_p%C3%BAblico-line-253-Sao_Paulo-242-2038937-36419364-0,5.4,-23.554320500000003,-46.40187400000001,,,,1,2023-06-20T04:27:01+00:00
SAO_3063-10,São Paulo,3550308,True,EMTU,253,https://moovitapp.com/index/pt-br/transporte_p%C3%BAblico-line-253-Sao_Paulo-242-2038937-36419364-0,5.4,-23.570022,-46.415741499999996,,,,1,2023-06-20T04:27:30+00:00
SAO_3063-10,São Paulo,3550308,True,EMTU,253,https://moovitapp.com/index/pt-br/transporte_p%C3%BAblico-line-253-Sao_Paulo-242-2038937-36419364-0,5.4,-23.5960075,-46.4352935,,,,1,2023-06-20T04:27:39+00:00
SAO_3063-10,São Paulo,3550308,True,EMTU,253,https://moovitapp.com/index/pt-br/transporte_p%C3%BAblico-line-253-Sao_Paulo-242-2038937-36419364-0,5.4,-23.613342000000003,-46.476561000000004,,,,1,2023-06-20T04:26:57+00:00
SAO_3063-10,São Paulo,3550308,True,EMTU,253,https://moovitapp.com/index/pt-br/transporte_p%C3%BAblico-line-253-Sao_Paulo-242-2038937-36419364-0,5.4,-23.591668,-46.417263,,,,1,2023-06-20T04:21:23+00:00
SAO_3063-10,São Paulo,3550308,True,EMTU,253,https://moovitapp.com/index/pt-br/transporte_p%C3%BAblico-line-253-Sao_Paulo-242-2038937-36419364-0,5.4,-23.558213000000002,-46.399638499999995,,,,1,2023-06-20T04:27:41+00:00
SAO_476G-10,São Paulo,3550308,True,,33879,,,-23.5890045,-46.635279999999995,,,,2,2023-06-20T04:27:22+00:00
SAO_476G-10,São Paulo,3550308,True,,33879,,,-23.611746500000002,-46.5104455,,,,2,2023-06-20T04:26:58+00:00
SAO_476G-10,São Paulo,3550308,True,,33879,,,-23.581905,-46.592634000000004,,,,2,2023-06-20T04:22:44+00:00
SAO_1738-10,São Paulo,3550308,True,,33440,,,-23.4735475,-46.581099,,,,2,2023-06-20T04:24:37+00:00
SAO_1738-10,São Paulo,3550308,True,,33440,,,-23.4814595,-46.59356,,,,2,2023-06-20T04:27:29+00:00
SAO_1738-10,São Paulo,3550308,True,,33440,,,-23.4735475,-46.581099,,,,2,2023-06-20T04:27:34+00:00
SAO_3006-10,São Paulo,3550308,True,,1865,,,-23.548099999999998,-46.389815,,,,1,2023-06-20T04:27:20+00:00
SAO_3006-10,São Paulo,3550308,True,,1865,,,-23.548099999999998,-46.389815,,,,1,2023-06-20T04:27:11+00:00
SAO_3006-10,São Paulo,3550308,True,,1865,,,-23.548099999999998,-46.389815,,,,1,2023-06-20T04:27:09+00:00
SAO_3006-10,São Paulo,3550308,True,,1865,,,-23.548099999999998,-46.389815,,,,1,2023-06-20T04:26:27+00:00
SAO_172N-10,São Paulo,3550308,True,,33432,,,-23.505538,-46.6046685,,,,2,2023-06-20T04:25:23+00:00
SAO_172N-10,São Paulo,3550308,True,,33432,,,-23.5123485,-46.62617,,,,2,2023-06-20T04:27:35+00:00
SAO_172N-10,São Paulo,3550308,True,,33432,,,-23.51559625,-46.61637925,,,,2,2023-06-20T04:27:06+00:00
SAO_172N-10,São Paulo,3550308,True,,33432,,,-23.529847,-46.598688499999994,,,,2,2023-06-20T04:26:05+00:00
SAO_3001-10,São Paulo,3550308,True,,34418,,,-23.494168,-46.421308875,,,,2,2023-06-20T04:27:03+00:00
SAO_3001-10,São Paulo,3550308,True,,34418,,,-23.51342975,-46.376079499999996,,,,2,2023-06-20T04:27:09+00:00
SAO_209P-10,São Paulo,3550308,True,,2216,,,-23.566104,-46.702168,,,,1,2023-06-20T04:27:22+00:00
SAO_209P-10,São Paulo,3550308,True,,2216,,,-23.524542750000002,-46.66534625,,,,1,2023-06-20T04:27:06+00:00
SAO_209P-10,São Paulo,3550308,True,,2216,,,-23.48422625,-46.679944500000005,,,,1,2023-06-20T04:27:36+00:00
SAO_209P-10,São Paulo,3550308,True,,2216,,,-23.5346905,-46.674388,,,,1,2023-06-20T04:27:37+00:00
SAO_209P-10,São Paulo,3550308,True,,2216,,,-23.47120975,-46.67053275,,,,1,2023-06-20T04:27:34+00:00
SAO_209P-10,São Paulo,3550308,True,,2216,,,-23.555205,-46.681402500000004,,,,1,2023-06-20T04:27:04+00:00
SAO_209P-10,São Paulo,3550308,True,,2216,,,-23.555801000000002,-46.6823895,,,,1,2023-06-20T04:27:20+00:00
SAO_209P-10,São Paulo,3550308,True,,2216,,,-23.506587875,-46.68920250000001,,,,1,2023-06-20T04:27:03+00:00
SAO_3712-51,São Paulo,3550308,True,,35273,,,-23.539747124999998,-46.4552775,,,,2,2023-06-20T04:27:07+00:00
SAO_2712-10,São Paulo,3550308,True,,33694,,,-23.52446425,-46.47863675000001,,,,2,2023-06-20T04:26:58+00:00
SAO_2712-10,São Paulo,3550308,True,,33694,,,-23.538819,-46.4782675,,,,2,2023-06-20T04:27:37+00:00
SAO_2023-10,São Paulo,3550308,True,,35028,,,-23.399199,-46.577618,,,,2,2023-06-20T04:27:12+00:00
SAO_2023-10,São Paulo,3550308,True,,35028,,,-23.480598,-46.602716,,,,2,2023-06-20T04:27:33+00:00
SAO_2023-10,São Paulo,3550308,True,,35028,,,-23.43739825,-46.5923435,,,,2,2023-06-20T04:27:30+00:00
SAO_2023-10,São Paulo,3550308,True,,35028,,,-23.398296000000002,-46.577902,,,,2,2023-06-20T04:27:18+00:00
SAO_8700-10,São Paulo,3550308,True,,34645,,,-23.5742965,-46.7066875,,,,2,2023-06-20T04:27:23+00:00
SAO_8700-10,São Paulo,3550308,True,,34645,,,-23.584733,-46.718515999999994,,,,2,2023-06-20T04:27:36+00:00
SAO_8700-10,São Paulo,3550308,True,,34645,,,-23.6308985,-46.773928,,,,2,2023-06-20T04:27:27+00:00
SAO_8700-10,São Paulo,3550308,True,,34645,,,-23.618444,-46.75847875,,,,2,2023-06-20T04:27:14+00:00
SAO_8700-10,São Paulo,3550308,True,,34645,,,-23.5501595,-46.6545185,,,,2,2023-06-20T04:27:22+00:00
SAO_8700-10,São Paulo,3550308,True,,34645,,,-23.5550435,-46.662276500000004,,,,2,2023-06-20T04:27:25+00:00
SAO_546J-10,São Paulo,3550308,True,,33901,,,-23.68778,-46.65928825,,,,2,2023-06-20T04:27:24+00:00
SAO_546J-10,São Paulo,3550308,True,,33901,,,-23.687589250000002,-46.6589635,,,,2,2023-06-20T04:27:05+00:00
SAO_6076-41,São Paulo,3550308,True,,34754,,,-23.6698115,-46.71456012499999,,,,2,2023-06-20T04:27:15+00:00
SAO_6016-10,São Paulo,3550308,True,,84,,,-23.766806000000003,-46.684445,,,,1,2023-06-20T04:27:32+00:00
SAO_6016-10,São Paulo,3550308,True,,84,,,-23.7716985,-46.6731285,,,,1,2023-06-20T04:27:11+00:00
SAO_6016-10,São Paulo,3550308,True,,84,,,-23.737090000000002,-46.697100000000006,,,,1,2023-06-20T04:27:42+00:00
SAO_9011-10,São Paulo,3550308,True,,878,,,-23.45467,-46.738116000000005,,,,1,2023-06-20T04:27:27+00:00
SAO_9011-10,São Paulo,3550308,True,,878,,,-23.45467,-46.738116000000005,,,,1,2023-06-20T04:26:03+00:00
SAO_9011-10,São Paulo,3550308,True,,878,,,-23.439004624999995,-46.736635625000005,,,,1,2023-06-20T04:27:40+00:00
SAO_9011-10,São Paulo,3550308,True,,878,,,-23.45467,-46.738116000000005,,,,1,2023-06-20T04:23:26+00:00
SAO_9011-10,São Paulo,3550308,True,,878,,,-23.45467,-46.738116000000005,,,,1,2023-06-20T04:27:15+00:00
SAO_9011-10,São Paulo,3550308,True,,878,,,-23.45467,-46.738116000000005,,,,1,2023-06-20T04:27:27+00:00
SAO_314J-10,São Paulo,3550308,True,,33078,,,-23.6128365,-46.511011499999995,,,,2,2023-06-20T04:24:58+00:00
SAO_314J-10,São Paulo,3550308,True,,33078,,,-23.594350249999998,-46.572225625,,,,2,2023-06-20T04:27:19+00:00
SAO_314J-10,São Paulo,3550308,True,,33078,,,-23.5773675,-46.610446,,,,2,2023-06-20T04:27:28+00:00
SAO_9701-10,São Paulo,3550308,True,,569,,,-23.4765885,-46.6674915,,,,1,2023-06-20T04:27:15+00:00
SAO_2626-10,São Paulo,3550308,True,,33144,,,-23.494407,-46.4240445,,,,2,2023-06-20T04:27:41+00:00
SAO_2626-10,São Paulo,3550308,True,,33144,,,-23.546787000000002,-46.630505,,,,2,2023-06-20T04:26:59+00:00
SAO_2626-10,São Paulo,3550308,True,,33144,,,-23.499347,-46.411249999999995,,,,2,2023-06-20T04:27:15+00:00
SAO_2626-10,São Paulo,3550308,True,,33144,,,-23.538454,-46.60306799999999,,,,2,2023-06-20T04:27:14+00:00
SAO_2626-10,São Paulo,3550308,True,,33144,,,-23.521662999999997,-46.52973,,,,2,2023-06-20T04:27:40+00:00
SAO_2626-10,São Paulo,3550308,True,,33144,,,-23.523087,-46.410531500000005,,,,2,2023-06-20T04:26:57+00:00
SAO_6093-10,São Paulo,3550308,True,,34353,,,-23.859486,-46.7134095,,,,2,2023-06-20T04:13:42+00:00
SAO_6093-10,São Paulo,3550308,True,,34353,,,-23.8418845,-46.717929,,,,2,2023-06-20T04:27:11+00:00
SAO_6093-10,São Paulo,3550308,True,,34353,,,-23.741884499999998,-46.7068165,,,,2,2023-06-20T04:27:41+00:00
SAO_6093-10,São Paulo,3550308,True,,34353,,,-23.8124385,-46.7358275,,,,2,2023-06-20T04:27:30+00:00
SAO_6093-10,São Paulo,3550308,True,,34353,,,-23.74367075,-46.705523,,,,2,2023-06-20T04:27:02+00:00
SAO_2716-10,São Paulo,3550308,True,,929,,,-23.533088,-46.544171500000004,,,,1,2023-06-20T04:26:49+00:00
SAO_2716-10,São Paulo,3550308,True,,929,,,-23.509579,-46.533243,,,,1,2023-06-20T04:27:41+00:00
SAO_5362-10,São Paulo,3550308,True,,32838,,,-23.686061625,-46.71462,,,,2,2023-06-20T04:27:26+00:00
SAO_5362-10,São Paulo,3550308,True,,32838,,,-23.744538750000004,-46.670265125,,,,2,2023-06-20T04:27:35+00:00
SAO_5362-10,São Paulo,3550308,True,,32838,,,-23.753009499999997,-46.682316,,,,2,2023-06-20T04:27:06+00:00
SAO_5362-10,São Paulo,3550308,True,,32838,,,-23.607085625000003,-46.66559675,,,,2,2023-06-20T04:27:00+00:00
SAO_5362-10,São Paulo,3550308,True,,32838,,,-23.749067750000002,-46.66501075,,,,2,2023-06-20T04:27:13+00:00
SAO_5015-10,São Paulo,3550308,True,,33887,,,-23.675799499999997,-46.642252,,,,2,2023-06-20T04:27:40+00:00
SAO_5015-10,São Paulo,3550308,True,,33887,,,-23.6847985,-46.6639825,,,,2,2023-06-20T04:27:13+00:00
SAO_5015-10,São Paulo,3550308,True,,33887,,,-23.6921215,-46.6596865,,,,2,2023-06-20T04:27:09+00:00
SAO_5015-10,São Paulo,3550308,True,,33887,,,-23.691779,-46.65973,,,,2,2023-06-20T04:27:37+00:00
SAO_7458-10,São Paulo,3550308,True,EMTU,496,https://moovitapp.com/index/pt-br/transporte_p%C3%BAblico-line-496-Sao_Paulo-242-2038937-36419521-0,5.4,-23.585544,-46.7631155,,,,1,2023-06-20T04:27:36+00:00
SAO_372F-10,São Paulo,3550308,True,,33783,,,-23.552103000000002,-46.598889,,,,2,2023-06-20T04:27:23+00:00
SAO_372F-10,São Paulo,3550308,True,,33783,,,-23.552103000000002,-46.598889,,,,2,2023-06-20T04:27:12+00:00
SAO_677V-10,São Paulo,3550308,True,EMTU,112,https://moovitapp.com/index/pt-br/transporte_p%C3%BAblico-line-112-Sao_Paulo-242-2038937-36419272-0,5.7,-23.730683,-46.707691499999996,,,,1,2023-06-20T04:27:33+00:00
SAO_677V-10,São Paulo,3550308,True,EMTU,112,https://moovitapp.com/index/pt-br/transporte_p%C3%BAblico-line-112-Sao_Paulo-242-2038937-36419272-0,5.7,-23.744489,-46.7097325,,,,1,2023-06-20T04:27:42+00:00
SAO_8055-10,São Paulo,3550308,True,,33182,,,-23.422607,-46.7883115,,,,2,2023-06-20T04:27:10+00:00
SAO_8055-10,São Paulo,3550308,True,,33182,,,-23.404626,-46.738032,,,,2,2023-06-20T04:27:20+00:00
SAO_8055-10,São Paulo,3550308,True,,33182,,,-23.507599562500005,-46.7397545,,,,2,2023-06-20T04:27:10+00:00
SAO_573T-10,São Paulo,3550308,True,,34400,,,-23.590167125,-46.489718249999996,,,,2,2023-06-20T04:27:18+00:00
SAO_573T-10,São Paulo,3550308,True,,34400,,,-23.553845,-46.527522000000005,,,,2,2023-06-20T04:27:11+00:00
SAO_573T-10,São Paulo,3550308,True,,34400,,,-23.568596624999998,-46.50931175000001,,,,2,2023-06-20T04:27:22+00:00
SAO_573T-10,São Paulo,3550308,True,,34400,,,-23.61464675,-46.50130299999999,,,,2,2023-06-20T04:27:41+00:00
SAO_573T-10,São Paulo,3550308,True,,34400,,,-23.614441499999998,-46.500118,,,,2,2023-06-20T04:26:08+00:00
SAO_502J-10,São Paulo,3550308,True,,34043,,,-23.68808525,-46.66445075,,,,2,2023-06-20T04:27:21+00:00
SAO_502J-10,São Paulo,3550308,True,,34043,,,-23.7058085,-46.6886045,,,,2,2023-06-20T04:27:12+00:00
SAO_502J-10,São Paulo,3550308,True,,34043,,,-23.7060275,-46.6879755,,,,2,2023-06-20T04:27:00+00:00
SAO_502J-10,São Paulo,3550308,True,,34043,,,-23.678196,-46.66337,,,,2,2023-06-20T04:27:38+00:00
SAO_502J-10,São Paulo,3550308,True,,34043,,,-23.59890925,-46.636741,,,,2,2023-06-20T04:26:59+00:00
SAO_502J-10,São Paulo,3550308,True,,34043,,,-23.6214598125,-46.63994393749999,,,,2,2023-06-20T04:27:40+00:00
SAO_502J-10,São Paulo,3550308,True,,34043,,,-23.637897,-46.6557555,,,,2,2023-06-20T04:27:37+00:00
SAO_3712-10,São Paulo,3550308,True,,1009,,,-23.5525595,-46.4257145,,,,1,2023-06-20T04:27:38+00:00
SAO_3712-10,São Paulo,3550308,True,,1009,,,-23.5525595,-46.4257145,,,,1,2023-06-20T04:27:15+00:00
SAO_3712-10,São Paulo,3550308,True,,1009,,,-23.5525595,-46.4257145,,,,1,2023-06-20T04:27:20+00:00
SAO_3712-10,São Paulo,3550308,True,,1009,,,-23.541853,-46.470214,,,,1,2023-06-20T04:27:05+00:00
SAO_3712-10,São Paulo,3550308,True,,1009,,,-23.55134275,-46.42555625,,,,1,2023-06-20T04:27:07+00:00
SAO_3712-10,São Paulo,3550308,True,,1009,,,-23.5525595,-46.4257145,,,,1,2023-06-20T04:27:35+00:00
SAO_3712-10,São Paulo,3550308,True,,1009,,,-23.543349,-46.447016000000005,,,,1,2023-06-20T04:27:38+00:00
SAO_3712-10,São Paulo,3550308,True,,1009,,,-23.5525595,-46.4257145,,,,1,2023-06-20T04:27:41+00:00
SAO_948A-10,São Paulo,3550308,True,,34191,,,-23.4694535,-46.7135935,,,,2,2023-06-20T04:27:40+00:00
SAO_948A-10,São Paulo,3550308,True,,34191,,,-23.5261985,-46.6684055,,,,2,2023-06-20T04:27:12+00:00
SAO_948A-10,São Paulo,3550308,True,,34191,,,-23.5012145,-46.722514000000004,,,,2,2023-06-20T04:27:18+00:00
SAO_6726-10,São Paulo,3550308,True,,1193,,,-23.7435615,-46.6914735,,,,1,2023-06-20T04:27:28+00:00
SAO_6726-10,São Paulo,3550308,True,,1193,,,-23.744918374999997,-46.664538750000006,,,,1,2023-06-20T04:27:20+00:00
SAO_6726-10,São Paulo,3550308,True,,1193,,,-23.736596499999997,-46.6971045,,,,1,2023-06-20T04:27:04+00:00
SAO_6726-10,São Paulo,3550308,True,,1193,,,-23.734744,-46.6640005,,,,1,2023-06-20T04:27:33+00:00
SAO_6726-10,São Paulo,3550308,True,,1193,,,-23.73467,-46.66268825,,,,1,2023-06-20T04:27:31+00:00
SAO_6726-10,São Paulo,3550308,True,,1193,,,-23.73467,-46.66268825,,,,1,2023-06-20T04:27:01+00:00
SAO_6115-41,São Paulo,3550308,True,,35009,,,-23.746615,-46.662036,,,,2,2023-06-20T04:27:30+00:00
SAO_1036-10,São Paulo,3550308,True,,35221,,,-23.447865999999998,-46.708386,,,,2,2023-06-20T04:27:07+00:00
SAO_1036-10,São Paulo,3550308,True,,35221,,,-23.468941,-46.7132555,,,,2,2023-06-20T04:27:35+00:00
SAO_1036-10,São Paulo,3550308,True,,35221,,,-23.481006999999998,-46.71297,,,,2,2023-06-20T04:27:25+00:00
SAO_1036-10,São Paulo,3550308,True,,35221,,,-23.445848875000003,-46.708823375,,,,2,2023-06-20T04:27:12+00:00
SAO_607A-10,São Paulo,3550308,True,,34907,,,-23.6970745,-46.673324,,,,2,2023-06-20T04:27:15+00:00
SAO_607A-10,São Paulo,3550308,True,,34907,,,-23.6693415,-46.704817999999996,,,,2,2023-06-20T04:27:14+00:00
SAO_607A-10,São Paulo,3550308,True,,34907,,,-23.709453,-46.655579,,,,2,2023-06-20T04:23:03+00:00
SAO_607A-10,São Paulo,3550308,True,,34907,,,-23.661365,-46.717587,,,,2,2023-06-20T04:27:24+00:00
SAO_607A-10,São Paulo,3550308,True,,34907,,,-23.7097845,-46.652471500000004,,,,2,2023-06-20T04:23:19+00:00
SAO_607A-10,São Paulo,3550308,True,,34907,,,-23.696395,-46.649801499999995,,,,2,2023-06-20T04:27:14+00:00
SAO_8025-10,São Paulo,3550308,True,,34844,,,-23.590518,-46.76971475,,,,2,2023-06-20T04:27:13+00:00
SAO_8025-10,São Paulo,3550308,True,,34844,,,-23.588282,-46.766703,,,,2,2023-06-20T04:27:16+00:00
SAO_8686-10,São Paulo,3550308,True,,33214,,,-23.48884275,-46.74307775,,,,2,2023-06-20T04:27:11+00:00
SAO_8686-10,São Paulo,3550308,True,,33214,,,-23.5426495,-46.637809000000004,,,,2,2023-06-20T04:27:39+00:00
SAO_8686-10,São Paulo,3550308,True,,33214,,,-23.5239515,-46.6848005,,,,2,2023-06-20T04:27:07+00:00
SAO_9354-10,São Paulo,3550308,True,,708,,,-23.4802985,-46.656429,,,,1,2023-06-20T04:27:04+00:00
SAO_9354-10,São Paulo,3550308,True,,708,,,-23.5029275,-46.657688750000005,,,,1,2023-06-20T04:26:59+00:00
SAO_9354-10,São Paulo,3550308,True,,708,,,-23.5340575,-46.644261,,,,1,2023-06-20T04:27:40+00:00
SAO_5362-23,São Paulo,3550308,True,,1860,,,-23.6337045,-46.692746,,,,1,2023-06-20T04:27:40+00:00
SAO_5362-23,São Paulo,3550308,True,,1860,,,-23.754875374999997,-46.675204875,,,,1,2023-06-20T04:25:51+00:00
SAO_5362-23,São Paulo,3550308,True,,1860,,,-23.7188675,-46.698658,,,,1,2023-06-20T04:27:20+00:00
SAO_675G-10,São Paulo,3550308,True,ETT,106,https://moovitapp.com/index/pt-br/transporte_p%C3%BAblico-line-106-Sao_Paulo-242-876373-496508-0,5.3,-23.67970975,-46.68644525,,,,1,2023-06-20T04:27:39+00:00
SAO_675G-10,São Paulo,3550308,True,ETT,106,https://moovitapp.com/index/pt-br/transporte_p%C3%BAblico-line-106-Sao_Paulo-242-876373-496508-0,5.3,-23.748769,-46.665272,,,,1,2023-06-20T04:25:53+00:00
SAO_675G-10,São Paulo,3550308,True,ETT,106,https://moovitapp.com/index/pt-br/transporte_p%C3%BAblico-line-106-Sao_Paulo-242-876373-496508-0,5.3,-23.6450955,-46.64122625,,,,1,2023-06-20T04:27:11+00:00
SAO_6451-10,São Paulo,3550308,True,,61,,,-23.567838000000002,-46.6596756875,,,,1,2023-06-20T04:27:43+00:00
SAO_6451-10,São Paulo,3550308,True,,61,,,-23.549253,-46.641041,,,,1,2023-06-20T04:27:33+00:00
SAO_6451-10,São Paulo,3550308,True,,61,,,-23.621837499999998,-46.701257,,,,1,2023-06-20T04:27:37+00:00
SAO_6110-10,São Paulo,3550308,True,,1184,,,-23.748343249999998,-46.70865275,,,,1,2023-06-20T04:27:22+00:00
SAO_6110-10,São Paulo,3550308,True,,1184,,,-23.661078500000002,-46.6793775,,,,1,2023-06-20T04:27:40+00:00
SAO_6110-10,São Paulo,3550308,True,,1184,,,-23.7260725,-46.7134615,,,,1,2023-06-20T04:27:20+00:00
SAO_6110-10,São Paulo,3550308,True,,1184,,,-23.757465,-46.7053555,,,,1,2023-06-20T04:27:41+00:00
SAO_6080-10,São Paulo,3550308,True,,33936,,,-23.76084475,-46.6766135,,,,2,2023-06-20T04:27:06+00:00
SAO_6080-10,São Paulo,3550308,True,,33936,,,-23.76084475,-46.6766135,,,,2,2023-06-20T04:27:15+00:00
SAO_6080-10,São Paulo,3550308,True,,33936,,,-23.760257,-46.677628999999996,,,,2,2023-06-20T04:27:24+00:00
SAO_6080-10,São Paulo,3550308,True,,33936,,,-23.678064999999997,-46.6840695,,,,2,2023-06-20T04:27:14+00:00
SAO_6080-10,São Paulo,3550308,True,,33936,,,-23.690462249999996,-46.69789425,,,,2,2023-06-20T04:27:39+00:00
SAO_6080-10,São Paulo,3550308,True,,33936,,,-23.760127,-46.677656999999996,,,,2,2023-06-20T04:27:08+00:00
SAO_6L02-10,São Paulo,3550308,True,,1178,,,-23.83902525,-46.7350815,,,,1,2023-06-20T04:27:25+00:00
SAO_2703-10,São Paulo,3550308,True,Urubupungá,915,https://moovitapp.com/index/pt-br/transporte_p%C3%BAblico-line-915-Sao_Paulo-242-873835-75841134-0,4.6,-23.5426705,-46.469872499999994,,,,1,2023-06-20T04:27:09+00:00
SAO_2703-10,São Paulo,3550308,True,Urubupungá,915,https://moovitapp.com/index/pt-br/transporte_p%C3%BAblico-line-915-Sao_Paulo-242-873835-75841134-0,4.6,-23.529542499999998,-46.420608,,,,1,2023-06-20T04:27:33+00:00
SAO_2703-10,São Paulo,3550308,True,Urubupungá,915,https://moovitapp.com/index/pt-br/transporte_p%C3%BAblico-line-915-Sao_Paulo-242-873835-75841134-0,4.6,-23.5286724375,-46.4178523125,,,,1,2023-06-20T04:27:17+00:00
SAO_971V-10,São Paulo,3550308,True,,33387,,,-23.511257375,-46.624893,,,,2,2023-06-20T04:27:23+00:00
SAO_971V-10,São Paulo,3550308,True,,33387,,,-23.451717000000002,-46.6916545,,,,2,2023-06-20T04:27:18+00:00
SAO_971V-10,São Paulo,3550308,True,,33387,,,-23.451043,-46.690777999999995,,,,2,2023-06-20T04:27:33+00:00
SAO_971V-10,São Paulo,3550308,True,,33387,,,-23.451152999999998,-46.690967,,,,2,2023-06-20T04:27:30+00:00
SAO_971V-10,São Paulo,3550308,True,,33387,,,-23.4513575,-46.691139,,,,2,2023-06-20T04:27:05+00:00
SAO_971V-10,São Paulo,3550308,True,,33387,,,-23.500037,-46.647609,,,,2,2023-06-20T04:27:14+00:00
SAO_971V-10,São Paulo,3550308,True,,33387,,,-23.47887975,-46.677014,,,,2,2023-06-20T04:27:32+00:00
SAO_971V-10,São Paulo,3550308,True,,33387,,,-23.451152999999998,-46.690967,,,,2,2023-06-20T04:27:25+00:00
SAO_1782-10,São Paulo,3550308,True,,33411,,,-23.502214000000002,-46.6235875,,,,2,2023-06-20T04:24:50+00:00
SAO_1782-10,São Paulo,3550308,True,,33411,,,-23.482338499999997,-46.613076625000005,,,,2,2023-06-20T04:27:20+00:00
SAO_1782-10,São Paulo,3550308,True,,33411,,,-23.502214000000002,-46.6235875,,,,2,2023-06-20T04:27:37+00:00
SAO_407A-10,São Paulo,3550308,True,,34962,,,-23.57446725,-46.51368049999999,,,,2,2023-06-20T04:27:19+00:00
SAO_407A-10,São Paulo,3550308,True,,34962,,,-23.5460925,-46.586459500000004,,,,2,2023-06-20T04:27:20+00:00
SAO_407A-10,São Paulo,3550308,True,,34962,,,-23.5635905,-46.50201199999999,,,,2,2023-06-20T04:27:09+00:00
SAO_407A-10,São Paulo,3550308,True,,34962,,,-23.5637455,-46.502182000000005,,,,2,2023-06-20T04:27:06+00:00
SAO_407A-10,São Paulo,3550308,True,,34962,,,-23.5633835,-46.501695,,,,2,2023-06-20T04:26:58+00:00
SAO_271P-10,São Paulo,3550308,True,,704,,,-23.529536999999998,-46.553619999999995,,,,1,2023-06-20T04:27:09+00:00
SAO_271P-10,São Paulo,3550308,True,,704,,,-23.5421585,-46.6357505,,,,1,2023-06-20T04:27:38+00:00
SAO_271P-10,São Paulo,3550308,True,,704,,,-23.533296,-46.606345000000005,,,,1,2023-06-20T04:27:30+00:00
SAO_847J-10,São Paulo,3550308,True,,1342,,,-23.439009874999996,-46.736288875,,,,1,2023-06-20T04:26:52+00:00
SAO_847J-10,São Paulo,3550308,True,,1342,,,-23.519586,-46.701313999999996,,,,1,2023-06-20T04:27:32+00:00
SAO_847J-10,São Paulo,3550308,True,,1342,,,-23.556832,-46.7447705,,,,1,2023-06-20T04:23:50+00:00
SAO_3029-10,São Paulo,3550308,True,,33734,,,-23.587755,-46.508937,,,,2,2023-06-20T04:27:15+00:00
SAO_3029-10,São Paulo,3550308,True,,33734,,,-23.555859499999997,-46.54267975,,,,2,2023-06-20T04:27:40+00:00
SAO_3029-10,São Paulo,3550308,True,,33734,,,-23.541,-46.576643000000004,,,,2,2023-06-20T04:27:15+00:00
SAO_3029-10,São Paulo,3550308,True,,33734,,,-23.576368000000002,-46.517998,,,,2,2023-06-20T04:27:11+00:00
SAO_3029-10,São Paulo,3550308,True,,33734,,,-23.5383225,-46.563772,,,,2,2023-06-20T04:22:38+00:00
SAO_3029-10,São Paulo,3550308,True,,33734,,,-23.585338999999998,-46.507191,,,,2,2023-06-20T04:27:20+00:00
SAO_3029-10,São Paulo,3550308,True,,33734,,,-23.585295,-46.5067185,,,,2,2023-06-20T04:27:15+00:00
SAO_3029-10,São Paulo,3550308,True,,33734,,,-23.585338999999998,-46.507191,,,,2,2023-06-20T04:27:38+00:00
SAO_2723-10,São Paulo,3550308,True,,33705,,,-23.534495,-46.4531185,,,,2,2023-06-20T04:27:13+00:00
SAO_2723-10,São Paulo,3550308,True,,33705,,,-23.487599000000003,-46.4633835,,,,2,2023-06-20T04:27:01+00:00
SAO_2723-10,São Paulo,3550308,True,,33705,,,-23.5059105,-46.443055,,,,2,2023-06-20T04:27:17+00:00
SAO_2723-10,São Paulo,3550308,True,,33705,,,-23.487481000000002,-46.463549,,,,2,2023-06-20T04:27:06+00:00
SAO_2723-10,São Paulo,3550308,True,,33705,,,-23.487481000000002,-46.463549,,,,2,2023-06-20T04:27:01+00:00
SAO_2723-10,São Paulo,3550308,True,,33705,,,-23.4873525,-46.463664,,,,2,2023-06-20T04:27:38+00:00
SAO_2723-10,São Paulo,3550308,True,,33705,,,-23.487599000000003,-46.4633835,,,,2,2023-06-20T04:27:04+00:00
SAO_2723-10,São Paulo,3550308,True,,33705,,,-23.488672,-46.454728,,,,2,2023-06-20T04:27:30+00:00
SAO_971D-10,São Paulo,3550308,True,,709,,,-23.4495875,-46.6964315,,,,1,2023-06-20T04:27:14+00:00
SAO_8705-10,São Paulo,3550308,True,,2072,,,-23.564823500000003,-46.67882675,,,,1,2023-06-20T04:27:41+00:00
SAO_8705-10,São Paulo,3550308,True,,2072,,,-23.547722,-46.641317,,,,1,2023-06-20T04:27:41+00:00
SAO_8705-10,São Paulo,3550308,True,,2072,,,-23.552291500000003,-46.75739975,,,,1,2023-06-20T04:27:14+00:00
SAO_6801-10,São Paulo,3550308,True,,5,,,-23.658499,-46.7335335,,,,1,2023-06-20T04:27:25+00:00
SAO_857C-10,São Paulo,3550308,True,,34669,,,-23.6313825,-46.77286,,,,2,2023-06-20T04:27:08+00:00
SAO_857C-10,São Paulo,3550308,True,,34669,,,-23.648212,-46.76287475,,,,2,2023-06-20T04:27:38+00:00
SAO_857C-10,São Paulo,3550308,True,,34669,,,-23.64543925,-46.70422875,,,,2,2023-06-20T04:27:28+00:00
SAO_857C-10,São Paulo,3550308,True,,34669,,,-23.63785625,-46.6546315,,,,2,2023-06-20T04:27:02+00:00
SAO_707A-10,São Paulo,3550308,True,,1990,,,-23.6277661875,-46.6849625,,,,1,2023-06-20T04:27:34+00:00
SAO_707A-10,São Paulo,3550308,True,,1990,,,-23.682178,-46.76720775,,,,1,2023-06-20T04:27:03+00:00
SAO_707A-10,São Paulo,3550308,True,,1990,,,-23.666170625,-46.716131125,,,,1,2023-06-20T04:27:41+00:00
SAO_707A-10,São Paulo,3550308,True,,1990,,,-23.667810000000003,-46.731027499999996,,,,1,2023-06-20T04:27:38+00:00
SAO_4085-10,São Paulo,3550308,True,,34924,,,-23.544293500000002,-46.464736,,,,2,2023-06-20T04:27:34+00:00
SAO_4085-10,São Paulo,3550308,True,,34924,,,-23.57041325,-46.42864425,,,,2,2023-06-20T04:22:25+00:00
SAO_4085-10,São Paulo,3550308,True,,34924,,,-23.570172499999998,-46.428875000000005,,,,2,2023-06-20T04:19:26+00:00
SAO_4085-10,São Paulo,3550308,True,,34924,,,-23.558697,-46.4381135,,,,2,2023-06-20T04:25:01+00:00
SAO_4085-10,São Paulo,3550308,True,,34924,,,-23.570172499999998,-46.428875000000005,,,,2,2023-06-20T04:27:38+00:00
SAO_715M-10,São Paulo,3550308,True,,33258,,,-23.585857,-46.7591645,,,,2,2023-06-20T04:27:22+00:00
SAO_715M-10,São Paulo,3550308,True,,33258,,,-23.583049,-46.761895499999994,,,,2,2023-06-20T04:27:18+00:00
SAO_715M-10,São Paulo,3550308,True,,33258,,,-23.5566095,-46.634146,,,,2,2023-06-20T04:27:41+00:00
SAO_715M-10,São Paulo,3550308,True,,33258,,,-23.569283374999998,-46.64400075,,,,2,2023-06-20T04:27:43+00:00
SAO_715M-10,São Paulo,3550308,True,,33258,,,-23.5691565,-46.715317999999996,,,,2,2023-06-20T04:27:42+00:00
SAO_715M-10,São Paulo,3550308,True,,33258,,,-23.55592425,-46.6650535,,,,2,2023-06-20T04:27:41+00:00
SAO_508L-10,São Paulo,3550308,True,,32885,,,-23.5340575,-46.644261,,,,2,2023-06-20T04:27:16+00:00
SAO_508L-10,São Paulo,3550308,True,,32885,,,-23.53435325,-46.644056,,,,2,2023-06-20T04:27:14+00:00
SAO_508L-10,São Paulo,3550308,True,,32885,,,-23.53482675,-46.643970749999994,,,,2,2023-06-20T04:27:00+00:00
SAO_508L-10,São Paulo,3550308,True,,32885,,,-23.5459855,-46.6387065,,,,2,2023-06-20T04:27:30+00:00
SAO_508L-10,São Paulo,3550308,True,,32885,,,-23.53435325,-46.644056,,,,2,2023-06-20T04:27:36+00:00
SAO_4028-10,São Paulo,3550308,True,,1098,,,-23.5932235,-46.489228999999995,,,,1,2023-06-20T04:27:39+00:00
SAO_4028-10,São Paulo,3550308,True,,1098,,,-23.6418875,-46.439175500000005,,,,1,2023-06-20T04:27:39+00:00
SAO_4028-10,São Paulo,3550308,True,,1098,,,-23.5931925,-46.489129500000004,,,,1,2023-06-20T04:27:11+00:00
SAO_4028-10,São Paulo,3550308,True,,1098,,,-23.634824000000002,-46.445974500000005,,,,1,2023-06-20T04:27:21+00:00
SAO_4028-10,São Paulo,3550308,True,,1098,,,-23.62056,-46.4669235,,,,1,2023-06-20T04:27:31+00:00
SAO_4028-10,São Paulo,3550308,True,,1098,,,-23.626473750000002,-46.4594575,,,,1,2023-06-20T04:27:10+00:00
SAO_775V-10,São Paulo,3550308,True,,475,,,-23.567617,-46.742829,,,,1,2023-06-20T04:27:19+00:00
SAO_5013-10,São Paulo,3550308,True,,1117,,,-23.682060999999997,-46.633000499999994,,,,1,2023-06-20T04:27:34+00:00
SAO_5013-10,São Paulo,3550308,True,,1117,,,-23.680882249999996,-46.653934250000006,,,,1,2023-06-20T04:27:12+00:00
SAO_5013-10,São Paulo,3550308,True,,1117,,,-23.680304,-46.641373,,,,1,2023-06-20T04:27:15+00:00
SAO_5013-10,São Paulo,3550308,True,,1117,,,-23.682060999999997,-46.633000499999994,,,,1,2023-06-20T04:27:25+00:00
SAO_2719-10,São Paulo,3550308,True,,33700,,,-23.494764500000002,-46.4694635,,,,2,2023-06-20T04:27:21+00:00
SAO_2719-10,São Paulo,3550308,True,,33700,,,-23.522957249999997,-46.524947874999995,,,,2,2023-06-20T04:27:22+00:00
SAO_2719-10,São Paulo,3550308,True,,33700,,,-23.5077375,-46.4912295,,,,2,2023-06-20T04:27:08+00:00
SAO_2719-10,São Paulo,3550308,True,,33700,,,-23.511250625000002,-46.509610124999995,,,,2,2023-06-20T04:27:22+00:00
SAO_2719-10,São Paulo,3550308,True,,33700,,,-23.4925925,-46.479817499999996,,,,2,2023-06-20T04:27:15+00:00
SAO_637A-10,São Paulo,3550308,True,,185,,,-23.6857005,-46.7702335,,,,1,2023-06-20T04:27:34+00:00
SAO_637A-10,São Paulo,3550308,True,,185,,,-23.682178,-46.76720775,,,,1,2023-06-20T04:27:17+00:00
SAO_637A-10,São Paulo,3550308,True,,185,,,-23.681915500000002,-46.7668975,,,,1,2023-06-20T04:27:10+00:00
SAO_637A-10,São Paulo,3550308,True,,185,,,-23.56534875,-46.69745825,,,,1,2023-06-20T04:27:16+00:00
SAO_637A-10,São Paulo,3550308,True,,185,,,-23.5857545,-46.6888235,,,,1,2023-06-20T04:27:09+00:00
SAO_637A-10,São Paulo,3550308,True,,185,,,-23.677541,-46.7615305,,,,1,2023-06-20T04:27:17+00:00
SAO_637A-10,São Paulo,3550308,True,,185,,,-23.690886,-46.774112,,,,1,2023-06-20T04:26:56+00:00
SAO_637A-10,São Paulo,3550308,True,,185,,,-23.565880999999997,-46.701195,,,,1,2023-06-20T04:27:31+00:00
SAO_637A-10,São Paulo,3550308,True,,185,,,-23.63581,-46.719123499999995,,,,1,2023-06-20T04:27:33+00:00
SAO_172K-10,São Paulo,3550308,True,,857,,,-23.5086005,-46.594241,,,,1,2023-06-20T04:27:19+00:00
SAO_172K-10,São Paulo,3550308,True,,857,,,-23.527747624999996,-46.579986250000005,,,,1,2023-06-20T04:27:33+00:00
SAO_172K-10,São Paulo,3550308,True,,857,,,-23.476336,-46.5952705,,,,1,2023-06-20T04:27:27+00:00
SAO_6073-10,São Paulo,3550308,True,,33928,,,-23.7973475,-46.730789,,,,2,2023-06-20T04:27:40+00:00
SAO_6073-10,São Paulo,3550308,True,,33928,,,-23.853313,-46.6956225,,,,2,2023-06-20T04:27:17+00:00
SAO_6073-10,São Paulo,3550308,True,,33928,,,-23.853313,-46.6956225,,,,2,2023-06-20T04:27:38+00:00
SAO_6073-10,São Paulo,3550308,True,,33928,,,-23.853313,-46.6956225,,,,2,2023-06-20T04:26:59+00:00
SAO_6073-10,São Paulo,3550308,True,,33928,,,-23.767210499999997,-46.7163985,,,,2,2023-06-20T04:27:12+00:00
SAO_6073-10,São Paulo,3550308,True,,33928,,,-23.853313,-46.6956225,,,,2,2023-06-20T04:27:42+00:00
SAO_2708-10,São Paulo,3550308,True,,33689,,,-23.533335875,-46.40048375,,,,2,2023-06-20T04:26:24+00:00
SAO_2708-10,São Paulo,3550308,True,,33689,,,-23.53749225,-46.45058375,,,,2,2023-06-20T04:26:45+00:00
SAO_172N-10,São Paulo,3550308,True,,664,,,-23.51919025,-46.59044775,,,,1,2023-06-20T04:26:30+00:00
SAO_172N-10,São Paulo,3550308,True,,664,,,-23.502162,-46.616345499999994,,,,1,2023-06-20T04:27:31+00:00
SAO_172N-10,São Paulo,3550308,True,,664,,,-23.5422145,-46.589565,,,,1,2023-06-20T04:27:14+00:00
SAO_2031-10,São Paulo,3550308,True,,33135,,,-23.505917,-46.37212649999999,,,,2,2023-06-20T04:27:20+00:00
SAO_2031-10,São Paulo,3550308,True,,33135,,,-23.519161,-46.473724000000004,,,,2,2023-06-20T04:26:58+00:00
SAO_2031-10,São Paulo,3550308,True,,33135,,,-23.50574925,-46.37263675,,,,2,2023-06-20T04:26:58+00:00
SAO_2031-10,São Paulo,3550308,True,,33135,,,-23.50584575,-46.37234624999999,,,,2,2023-06-20T04:27:11+00:00
SAO_675I-10,São Paulo,3550308,True,,32836,,,-23.62455,-46.661809500000004,,,,2,2023-06-20T04:27:04+00:00
SAO_675I-10,São Paulo,3550308,True,,32836,,,-23.643911000000003,-46.733135000000004,,,,2,2023-06-20T04:27:39+00:00
SAO_675I-10,São Paulo,3550308,True,,32836,,,-23.6276635,-46.6432605,,,,2,2023-06-20T04:27:33+00:00
SAO_3734-10,São Paulo,3550308,True,,33802,,,-23.542476999999998,-46.48273999999999,,,,2,2023-06-20T04:27:36+00:00
SAO_3734-10,São Paulo,3550308,True,,33802,,,-23.553082,-46.4653565,,,,2,2023-06-20T04:27:05+00:00
SAO_3734-10,São Paulo,3550308,True,,33802,,,-23.5410875,-46.4842785,,,,2,2023-06-20T04:27:29+00:00
SAO_3734-10,São Paulo,3550308,True,,33802,,,-23.554012,-46.480813,,,,2,2023-06-20T04:27:08+00:00
SAO_3734-10,São Paulo,3550308,True,,33802,,,-23.552886,-46.472831,,,,2,2023-06-20T04:27:23+00:00
SAO_8100-10,São Paulo,3550308,True,,34030,,,-23.520326,-46.699492500000005,,,,2,2023-06-20T04:27:32+00:00
SAO_8100-10,São Paulo,3550308,True,,34030,,,-23.520417000000002,-46.700809,,,,2,2023-06-20T04:27:15+00:00
SAO_8100-10,São Paulo,3550308,True,,34030,,,-23.520166,-46.710088,,,,2,2023-06-20T04:27:19+00:00
SAO_746C-10,São Paulo,3550308,True,,33551,,,-23.6438595,-46.731730999999996,,,,2,2023-06-20T04:26:53+00:00
SAO_746C-10,São Paulo,3550308,True,,33551,,,-23.6129225,-46.7428355,,,,2,2023-06-20T04:27:01+00:00
SAO_746C-10,São Paulo,3550308,True,,33551,,,-23.608888999999998,-46.750856,,,,2,2023-06-20T04:27:15+00:00
SAO_746C-10,São Paulo,3550308,True,,33551,,,-23.608888999999998,-46.750856,,,,2,2023-06-20T04:27:39+00:00
SAO_208M-10,São Paulo,3550308,True,,35246,,,-23.566066,-46.701753499999995,,,,2,2023-06-20T04:27:31+00:00
SAO_208M-10,São Paulo,3550308,True,,35246,,,-23.5476915,-46.6718905,,,,2,2023-06-20T04:27:24+00:00
SAO_208M-10,São Paulo,3550308,True,,35246,,,-23.504210999999998,-46.62717475,,,,2,2023-06-20T04:27:33+00:00
SAO_3791-10,São Paulo,3550308,True,,1069,,,-23.5419325,-46.484893125,,,,1,2023-06-20T04:27:25+00:00
SAO_3791-10,São Paulo,3550308,True,,1069,,,-23.548132,-46.50190775,,,,1,2023-06-20T04:27:32+00:00
SAO_3735-10,São Paulo,3550308,True,,1035,,,-23.546102,-46.4934225,,,,1,2023-06-20T04:27:40+00:00
SAO_3735-10,São Paulo,3550308,True,,1035,,,-23.540855999999998,-46.4849405,,,,1,2023-06-20T04:27:17+00:00
SAO_3735-10,São Paulo,3550308,True,,1035,,,-23.540855999999998,-46.4849405,,,,1,2023-06-20T04:27:06+00:00
SAO_5030-10,São Paulo,3550308,True,,1669,,,-23.637443,-46.5946815,,,,1,2023-06-20T04:27:08+00:00
SAO_5030-10,São Paulo,3550308,True,,1669,,,-23.637443,-46.5946815,,,,1,2023-06-20T04:27:24+00:00
SAO_5030-10,São Paulo,3550308,True,,1669,,,-23.6183735,-46.609487,,,,1,2023-06-20T04:27:27+00:00
SAO_701U-10,São Paulo,3550308,True,,33425,,,-23.516458,-46.625027,,,,2,2023-06-20T04:27:23+00:00
SAO_701U-10,São Paulo,3550308,True,,33425,,,-23.5025605,-46.6235975,,,,2,2023-06-20T04:27:29+00:00
SAO_701U-10,São Paulo,3550308,True,,33425,,,-23.565445500000003,-46.71235625,,,,2,2023-06-20T04:27:39+00:00
SAO_701U-10,São Paulo,3550308,True,,33425,,,-23.55754875,-46.677484875,,,,2,2023-06-20T04:27:12+00:00
SAO_6008-10,São Paulo,3550308,True,,33968,,,-23.688698,-46.763345,,,,2,2023-06-20T04:27:14+00:00
SAO_6008-10,São Paulo,3550308,True,,33968,,,-23.681127249999996,-46.735015,,,,2,2023-06-20T04:27:16+00:00
SAO_6008-10,São Paulo,3550308,True,,33968,,,-23.68727,-46.7629345,,,,2,2023-06-20T04:27:39+00:00
SAO_6008-10,São Paulo,3550308,True,,33968,,,-23.666391750000003,-46.719602374999994,,,,2,2023-06-20T04:27:14+00:00
SAO_6008-10,São Paulo,3550308,True,,33968,,,-23.65444575,-46.70806925000001,,,,2,2023-06-20T04:27:21+00:00
SAO_4056-10,São Paulo,3550308,True,,35005,,,-23.612665,-46.476373499999994,,,,2,2023-06-20T04:27:23+00:00
SAO_4056-10,São Paulo,3550308,True,,35005,,,-23.612665,-46.476373499999994,,,,2,2023-06-20T04:27:08+00:00
SAO_4056-10,São Paulo,3550308,True,,35005,,,-23.612175,-46.463225,,,,2,2023-06-20T04:27:22+00:00
SAO_1701-10,São Paulo,3550308,True,EMTU,845,https://moovitapp.com/index/pt-br/transporte_p%C3%BAblico-line-845-Sao_Paulo-242-2038937-36419607-0,5.15,-23.4587815,-46.585789,,,,1,2023-06-20T04:27:33+00:00
SAO_1701-10,São Paulo,3550308,True,EMTU,845,https://moovitapp.com/index/pt-br/transporte_p%C3%BAblico-line-845-Sao_Paulo-242-2038937-36419607-0,5.15,-23.447538,-46.576252999999994,,,,1,2023-06-20T04:27:05+00:00
SAO_1701-10,São Paulo,3550308,True,EMTU,845,https://moovitapp.com/index/pt-br/transporte_p%C3%BAblico-line-845-Sao_Paulo-242-2038937-36419607-0,5.15,-23.447538,-46.576252999999994,,,,1,2023-06-20T04:25:46+00:00
SAO_6823-10,São Paulo,3550308,True,,34,,,-23.654173,-46.762701500000006,,,,1,2023-06-20T04:27:02+00:00
SAO_6823-10,São Paulo,3550308,True,,34,,,-23.691169000000002,-46.7901645,,,,1,2023-06-20T04:26:59+00:00
SAO_273V-10,São Paulo,3550308,True,EMTU,231,https://moovitapp.com/index/pt-br/transporte_p%C3%BAblico-line-231-Sao_Paulo-242-2038937-36419348-0,6.2,-23.533279,-46.479726,,,,1,2023-06-20T04:27:27+00:00
SAO_6475-10,São Paulo,3550308,True,,1317,,,-23.62874625,-46.71248925,,,,1,2023-06-20T04:27:22+00:00
SAO_6475-10,São Paulo,3550308,True,,1317,,,-23.57027475,-46.66202125,,,,1,2023-06-20T04:27:24+00:00
SAO_6475-10,São Paulo,3550308,True,,1317,,,-23.6645605,-46.770251,,,,1,2023-06-20T04:27:30+00:00
SAO_509J-10,São Paulo,3550308,True,,33032,,,-23.60210575,-46.662726875,,,,2,2023-06-20T04:27:36+00:00
SAO_509J-10,São Paulo,3550308,True,,33032,,,-23.6875885,-46.654850499999995,,,,2,2023-06-20T04:27:15+00:00
SAO_509J-10,São Paulo,3550308,True,,33032,,,-23.6796085,-46.663136,,,,2,2023-06-20T04:27:21+00:00
SAO_509J-10,São Paulo,3550308,True,,33032,,,-23.687800000000003,-46.6546095,,,,2,2023-06-20T04:26:57+00:00
SAO_509J-10,São Paulo,3550308,True,,33032,,,-23.644296500000003,-46.6729175,,,,2,2023-06-20T04:27:40+00:00
SAO_5105-10,São Paulo,3550308,True,,1651,,,-23.603084250000002,-46.60265125,,,,1,2023-06-20T04:27:37+00:00
SAO_5105-10,São Paulo,3550308,True,,1651,,,-23.561717,-46.6125175,,,,1,2023-06-20T04:27:26+00:00
SAO_5105-10,São Paulo,3550308,True,,1651,,,-23.602994000000002,-46.602816000000004,,,,1,2023-06-20T04:27:00+00:00
SAO_1178-31,São Paulo,3550308,True,,1812,,,-23.53534275,-46.63381575,,,,1,2023-06-20T04:27:23+00:00
SAO_1178-31,São Paulo,3550308,True,,1812,,,-23.497434,-46.434627750000004,,,,1,2023-06-20T04:26:52+00:00
SAO_1178-31,São Paulo,3550308,True,,1812,,,-23.523868,-46.5576785,,,,1,2023-06-20T04:27:07+00:00
SAO_1178-31,São Paulo,3550308,True,,1812,,,-23.497213000000002,-46.516347499999995,,,,1,2023-06-20T04:27:12+00:00
SAO_2725-10,São Paulo,3550308,True,,939,,,-23.540045,-46.483149499999996,,,,1,2023-06-20T04:27:20+00:00
SAO_2725-10,São Paulo,3550308,True,,939,,,-23.5202655,-46.468301,,,,1,2023-06-20T04:26:58+00:00
SAO_2725-10,São Paulo,3550308,True,,939,,,-23.539121375,-46.481944,,,,1,2023-06-20T04:27:25+00:00
SAO_2725-10,São Paulo,3550308,True,,939,,,-23.5070265,-46.4661565,,,,1,2023-06-20T04:27:16+00:00
SAO_2725-10,São Paulo,3550308,True,,939,,,-23.540045,-46.483149499999996,,,,1,2023-06-20T04:27:24+00:00
SAO_2725-10,São Paulo,3550308,True,,939,,,-23.540045,-46.483149499999996,,,,1,2023-06-20T04:27:07+00:00
SAO_8000-1,São Paulo,3550308,True,,2506,,,-23.529509312499997,-46.668210125,,,,1,2023-06-20T04:27:28+00:00
SAO_8000-1,São Paulo,3550308,True,,2506,,,-23.520449499999998,-46.6996115,,,,1,2023-06-20T04:22:10+00:00
SAO_8000-1,São Paulo,3550308,True,,2506,,,-23.53875625,-46.64681725,,,,1,2023-06-20T04:27:10+00:00
SAO_175T-10,São Paulo,3550308,True,,623,,,-23.653267,-46.637658,,,,1,2023-06-20T04:26:58+00:00
SAO_175T-10,São Paulo,3550308,True,,623,,,-23.526956499999997,-46.63140625,,,,1,2023-06-20T04:27:07+00:00
SAO_175T-10,São Paulo,3550308,True,,623,,,-23.652776,-46.637301,,,,1,2023-06-20T04:27:21+00:00
SAO_175T-10,São Paulo,3550308,True,,623,,,-23.645675250000004,-46.64110625,,,,1,2023-06-20T04:27:37+00:00
SAO_175T-10,São Paulo,3550308,True,,623,,,-23.6379885,-46.65398575,,,,1,2023-06-20T04:27:18+00:00
SAO_175T-10,São Paulo,3550308,True,,623,,,-23.5031455,-46.6236635,,,,1,2023-06-20T04:27:22+00:00
SAO_175T-10,São Paulo,3550308,True,,623,,,-23.653136,-46.6373365,,,,1,2023-06-20T04:27:12+00:00
SAO_175T-10,São Paulo,3550308,True,,623,,,-23.65404,-46.63784,,,,1,2023-06-20T04:26:58+00:00
SAO_175T-10,São Paulo,3550308,True,,623,,,-23.603195999999997,-46.65162975,,,,1,2023-06-20T04:27:05+00:00
SAO_175T-10,São Paulo,3550308,True,,623,,,-23.5825715,-46.65227725,,,,1,2023-06-20T04:26:50+00:00
SAO_175T-10,São Paulo,3550308,True,,623,,,-23.6537985,-46.637972500000004,,,,1,2023-06-20T04:27:01+00:00
SAO_1730-10,São Paulo,3550308,True,,33633,,,-23.515316,-46.6163495,,,,2,2023-06-20T04:27:38+00:00
SAO_1730-10,São Paulo,3550308,True,,33633,,,-23.51559625,-46.61637925,,,,2,2023-06-20T04:27:11+00:00
SAO_1730-10,São Paulo,3550308,True,,33633,,,-23.504290750000003,-46.626346375,,,,2,2023-06-20T04:27:07+00:00
SAO_4222-10,São Paulo,3550308,True,,33056,,,-23.579445749999998,-46.580741249999996,,,,2,2023-06-20T04:27:22+00:00
SAO_4222-10,São Paulo,3550308,True,,33056,,,-23.6016895,-46.534328,,,,2,2023-06-20T04:26:21+00:00
SAO_4012-10,São Paulo,3550308,True,,34953,,,-23.6027135,-46.443294,,,,2,2023-06-20T04:27:08+00:00
SAO_4012-10,São Paulo,3550308,True,,34953,,,-23.619361499999997,-46.4604315,,,,2,2023-06-20T04:27:10+00:00
SAO_4012-10,São Paulo,3550308,True,,34953,,,-23.598488,-46.44115775,,,,2,2023-06-20T04:27:31+00:00
SAO_233A-10,São Paulo,3550308,True,EMTU,249,https://moovitapp.com/index/pt-br/transporte_p%C3%BAblico-line-249-Sao_Paulo-242-2038937-58093193-0,5.4,-23.558199000000002,-46.522121,,,,1,2023-06-20T04:27:28+00:00
SAO_233A-10,São Paulo,3550308,True,EMTU,249,https://moovitapp.com/index/pt-br/transporte_p%C3%BAblico-line-249-Sao_Paulo-242-2038937-58093193-0,5.4,-23.5429585,-46.4956925,,,,1,2023-06-20T04:27:34+00:00
SAO_233A-10,São Paulo,3550308,True,EMTU,249,https://moovitapp.com/index/pt-br/transporte_p%C3%BAblico-line-249-Sao_Paulo-242-2038937-58093193-0,5.4,-23.5280235,-46.4477285,,,,1,2023-06-20T04:27:41+00:00
SAO_4003-10,São Paulo,3550308,True,,34927,,,-23.574084,-46.39846300000001,,,,2,2023-06-20T04:27:23+00:00
SAO_4003-10,São Paulo,3550308,True,,34927,,,-23.563723500000002,-46.4169715,,,,2,2023-06-20T04:27:19+00:00
SAO_4018-10,São Paulo,3550308,True,,34959,,,-23.58092275,-46.411011,,,,2,2023-06-20T04:27:00+00:00
SAO_4018-10,São Paulo,3550308,True,,34959,,,-23.595962999999998,-46.452558499999995,,,,2,2023-06-20T04:27:25+00:00
SAO_4018-10,São Paulo,3550308,True,,34959,,,-23.58699975,-46.40925375,,,,2,2023-06-20T04:27:33+00:00
SAO_4018-10,São Paulo,3550308,True,,34959,,,-23.601313750000003,-46.399062,,,,2,2023-06-20T04:27:37+00:00
SAO_8594-10,São Paulo,3550308,True,EMTU,432,https://moovitapp.com/index/pt-br/transporte_p%C3%BAblico-line-432-Sao_Paulo-242-2038937-36419486-0,4.8,-23.4512005,-46.7459975,,,,1,2023-06-20T04:27:13+00:00
SAO_8594-10,São Paulo,3550308,True,EMTU,432,https://moovitapp.com/index/pt-br/transporte_p%C3%BAblico-line-432-Sao_Paulo-242-2038937-36419486-0,4.8,-23.4512005,-46.7459975,,,,1,2023-06-20T04:27:05+00:00
SAO_8594-10,São Paulo,3550308,True,EMTU,432,https://moovitapp.com/index/pt-br/transporte_p%C3%BAblico-line-432-Sao_Paulo-242-2038937-36419486-0,4.8,-23.541110500000002,-46.644559,,,,1,2023-06-20T04:27:38+00:00
SAO_8594-10,São Paulo,3550308,True,EMTU,432,https://moovitapp.com/index/pt-br/transporte_p%C3%BAblico-line-432-Sao_Paulo-242-2038937-36419486-0,4.8,-23.452224,-46.7470045,,,,1,2023-06-20T04:27:14+00:00
SAO_8594-10,São Paulo,3550308,True,EMTU,432,https://moovitapp.com/index/pt-br/transporte_p%C3%BAblico-line-432-Sao_Paulo-242-2038937-36419486-0,4.8,-23.53208,-46.661072000000004,,,,1,2023-06-20T04:27:30+00:00
SAO_8594-10,São Paulo,3550308,True,EMTU,432,https://moovitapp.com/index/pt-br/transporte_p%C3%BAblico-line-432-Sao_Paulo-242-2038937-36419486-0,4.8,-23.5152125,-46.698483,,,,1,2023-06-20T04:27:13+00:00
SAO_8594-10,São Paulo,3550308,True,EMTU,432,https://moovitapp.com/index/pt-br/transporte_p%C3%BAblico-line-432-Sao_Paulo-242-2038937-36419486-0,4.8,-23.4570505,-46.7199615,,,,1,2023-06-20T04:26:52+00:00
SAO_1720-10,São Paulo,3550308,True,,33631,,,-23.494107,-46.568782999999996,,,,2,2023-06-20T04:27:33+00:00
SAO_1720-10,São Paulo,3550308,True,,33631,,,-23.4809225,-46.603260500000005,,,,2,2023-06-20T04:27:15+00:00
SAO_1720-10,São Paulo,3550308,True,,33631,,,-23.494107,-46.568782999999996,,,,2,2023-06-20T04:27:11+00:00
SAO_1720-10,São Paulo,3550308,True,,33631,,,-23.448518999999997,-46.6082035,,,,2,2023-06-20T04:27:06+00:00
SAO_1720-10,São Paulo,3550308,True,,33631,,,-23.487817999999997,-46.56550725,,,,2,2023-06-20T04:27:01+00:00
SAO_6047-10,São Paulo,3550308,True,,1224,,,-23.63981975,-46.722834750000004,,,,1,2023-06-20T04:27:34+00:00
SAO_6047-10,São Paulo,3550308,True,,1224,,,-23.6686645,-46.763990500000006,,,,1,2023-06-20T04:27:38+00:00
SAO_6047-10,São Paulo,3550308,True,,1224,,,-23.6687965,-46.764152499999994,,,,1,2023-06-20T04:22:47+00:00
SAO_6069-10,São Paulo,3550308,True,,1154,,,-23.6827,-46.704150999999996,,,,1,2023-06-20T04:27:31+00:00
SAO_6069-10,São Paulo,3550308,True,,1154,,,-23.744763,-46.693926000000005,,,,1,2023-06-20T04:25:14+00:00
SAO_975A-10,São Paulo,3550308,True,,33357,,,-23.510385,-46.673281625,,,,2,2023-06-20T04:27:31+00:00
SAO_975A-10,São Paulo,3550308,True,,33357,,,-23.468619,-46.6962195,,,,2,2023-06-20T04:27:16+00:00
SAO_975A-10,São Paulo,3550308,True,,33357,,,-23.468571,-46.6963775,,,,2,2023-06-20T04:27:24+00:00
SAO_975A-10,São Paulo,3550308,True,,33357,,,-23.559489125,-46.658570499999996,,,,2,2023-06-20T04:27:32+00:00
SAO_975A-10,São Paulo,3550308,True,,33357,,,-23.468484500000002,-46.696687999999995,,,,2,2023-06-20T04:27:17+00:00
SAO_4313-10,São Paulo,3550308,True,,2173,,,-23.5830765,-46.406579,,,,1,2023-06-20T04:21:18+00:00
SAO_4313-10,São Paulo,3550308,True,,2173,,,-23.5428918125,-46.58557081250001,,,,1,2023-06-20T04:27:13+00:00
SAO_4313-10,São Paulo,3550308,True,,2173,,,-23.544107750000002,-46.52996075,,,,1,2023-06-20T04:27:20+00:00
SAO_4313-10,São Paulo,3550308,True,,2173,,,-23.5926595,-46.468457,,,,1,2023-06-20T04:27:34+00:00
SAO_4313-10,São Paulo,3550308,True,,2173,,,-23.5820385,-46.415217999999996,,,,1,2023-06-20T04:27:42+00:00
SAO_4313-10,São Paulo,3550308,True,,2173,,,-23.537376000000002,-46.5608313125,,,,1,2023-06-20T04:27:37+00:00
SAO_4313-10,São Paulo,3550308,True,,2173,,,-23.54544125,-46.626481,,,,1,2023-06-20T04:25:56+00:00
SAO_4313-10,São Paulo,3550308,True,,2173,,,-23.547401999999998,-46.629791999999995,,,,1,2023-06-20T04:27:40+00:00
SAO_4313-10,São Paulo,3550308,True,,2173,,,-23.59877975,-46.465431249999995,,,,1,2023-06-20T04:27:30+00:00
SAO_4313-10,São Paulo,3550308,True,,2173,,,-23.578518000000003,-46.49639275,,,,1,2023-06-20T04:27:17+00:00
SAO_4313-10,São Paulo,3550308,True,,2173,,,-23.582475000000002,-46.4073165,,,,1,2023-06-20T04:26:59+00:00
SAO_8016-10,São Paulo,3550308,True,,1346,,,-23.4441175,-46.735325,,,,1,2023-06-20T04:27:28+00:00
SAO_8016-10,São Paulo,3550308,True,,1346,,,-23.4319375,-46.7268755,,,,1,2023-06-20T04:27:41+00:00
SAO_8016-10,São Paulo,3550308,True,,1346,,,-23.454622999999998,-46.7201985,,,,1,2023-06-20T04:27:31+00:00
SAO_8047-10,São Paulo,3550308,True,,33176,,,-23.434525,-46.754654,,,,2,2023-06-20T04:26:58+00:00
SAO_8047-10,São Paulo,3550308,True,,33176,,,-23.453492500000003,-46.7531575,,,,2,2023-06-20T04:27:02+00:00
SAO_8047-10,São Paulo,3550308,True,,33176,,,-23.508729250000002,-46.731270499999994,,,,2,2023-06-20T04:27:25+00:00
SAO_8047-10,São Paulo,3550308,True,,33176,,,-23.4878335,-46.756967,,,,2,2023-06-20T04:27:01+00:00
SAO_8047-10,São Paulo,3550308,True,,33176,,,-23.434004,-46.754952,,,,2,2023-06-20T04:27:17+00:00
SAO_8047-10,São Paulo,3550308,True,,33176,,,-23.434162999999998,-46.754868,,,,2,2023-06-20T04:26:59+00:00
SAO_6804-10,São Paulo,3550308,True,BR7 Mobilidade,30,https://moovitapp.com/index/pt-br/transporte_p%C3%BAblico-line-30-Sao_Paulo-242-851856-500112-0,5.75,-23.6404245,-46.746905,,,,1,2023-06-20T04:27:14+00:00
SAO_6804-10,São Paulo,3550308,True,BR7 Mobilidade,30,https://moovitapp.com/index/pt-br/transporte_p%C3%BAblico-line-30-Sao_Paulo-242-851856-500112-0,5.75,-23.640376,-46.74718825,,,,1,2023-06-20T04:26:58+00:00
SAO_178L-10,São Paulo,3550308,True,EMTU,560,https://moovitapp.com/index/pt-br/transporte_p%C3%BAblico-line-560-Sao_Paulo-242-2038937-36419561-0,6.2,-23.5480775,-46.649773624999995,,,,1,2023-06-20T04:27:35+00:00
SAO_178L-10,São Paulo,3550308,True,EMTU,560,https://moovitapp.com/index/pt-br/transporte_p%C3%BAblico-line-560-Sao_Paulo-242-2038937-36419561-0,6.2,-23.52228575,-46.65115900000001,,,,1,2023-06-20T04:27:34+00:00
SAO_178L-10,São Paulo,3550308,True,EMTU,560,https://moovitapp.com/index/pt-br/transporte_p%C3%BAblico-line-560-Sao_Paulo-242-2038937-36419561-0,6.2,-23.499584,-46.632241125,,,,1,2023-06-20T04:27:34+00:00
SAO_701A-10,São Paulo,3550308,True,,689,,,-23.55629575,-46.68996625,,,,1,2023-06-20T04:26:59+00:00
SAO_701A-10,São Paulo,3550308,True,,689,,,-23.5468295,-46.6903115,,,,1,2023-06-20T04:27:30+00:00
SAO_701A-10,São Paulo,3550308,True,,689,,,-23.477835999999996,-46.5755885,,,,1,2023-06-20T04:26:20+00:00
SAO_701A-10,São Paulo,3550308,True,,689,,,-23.546312999999998,-46.64511,,,,1,2023-06-20T04:27:40+00:00
SAO_701A-10,São Paulo,3550308,True,,689,,,-23.51919025,-46.59044775,,,,1,2023-06-20T04:26:40+00:00
SAO_1765-10,São Paulo,3550308,True,,34550,,,-23.465590624999997,-46.57966375,,,,2,2023-06-20T04:26:28+00:00
SAO_1765-10,São Paulo,3550308,True,,34550,,,-23.480497,-46.60268,,,,2,2023-06-20T04:27:32+00:00
SAO_1765-10,São Paulo,3550308,True,,34550,,,-23.467172,-46.56877125,,,,2,2023-06-20T04:22:33+00:00
SAO_4113-10,São Paulo,3550308,True,,33536,,,-23.566008,-46.632290499999996,,,,2,2023-06-20T04:27:15+00:00
SAO_4113-10,São Paulo,3550308,True,,33536,,,-23.595023,-46.610040250000004,,,,2,2023-06-20T04:27:05+00:00
SAO_4113-10,São Paulo,3550308,True,,33536,,,-23.59607075,-46.609925125000004,,,,2,2023-06-20T04:27:20+00:00
SAO_4113-10,São Paulo,3550308,True,,33536,,,-23.550228,-46.6422055,,,,2,2023-06-20T04:27:39+00:00
SAO_4113-10,São Paulo,3550308,True,,33536,,,-23.554226999999997,-46.63318775,,,,2,2023-06-20T04:27:21+00:00
SAO_4113-10,São Paulo,3550308,True,,33536,,,-23.60148425,-46.613501125,,,,2,2023-06-20T04:27:24+00:00
SAO_4113-10,São Paulo,3550308,True,,33536,,,-23.565400124999996,-46.632430125,,,,2,2023-06-20T04:27:25+00:00
SAO_352A-10,São Paulo,3550308,True,,164,,,-23.528663,-46.4502445,,,,1,2023-06-20T04:27:24+00:00
SAO_352A-10,São Paulo,3550308,True,,164,,,-23.603975,-46.4813555,,,,1,2023-06-20T04:27:25+00:00
SAO_352A-10,São Paulo,3550308,True,,164,,,-23.483729375,-46.43355393750001,,,,1,2023-06-20T04:27:27+00:00
SAO_5106-21,São Paulo,3550308,True,,1972,,,-23.62791825,-46.644288,,,,1,2023-06-20T04:27:22+00:00
SAO_5106-21,São Paulo,3550308,True,,1972,,,-23.685052499999998,-46.653792499999994,,,,1,2023-06-20T04:27:27+00:00
SAO_5106-21,São Paulo,3550308,True,,1972,,,-23.605521625,-46.672988,,,,1,2023-06-20T04:27:16+00:00
SAO_5106-21,São Paulo,3550308,True,,1972,,,-23.67196625,-46.631717249999994,,,,1,2023-06-20T04:27:11+00:00
SAO_1019-10,São Paulo,3550308,True,,2495,,,-23.4523515,-46.75497,,,,1,2023-06-20T04:27:17+00:00
SAO_2678-10,São Paulo,3550308,True,,33151,,,-23.5118425,-46.500848,,,,2,2023-06-20T04:27:22+00:00
SAO_2678-10,São Paulo,3550308,True,,33151,,,-23.504057875,-46.39025925,,,,2,2023-06-20T04:27:02+00:00
SAO_2678-10,São Paulo,3550308,True,,33151,,,-23.5366255,-46.589150000000004,,,,2,2023-06-20T04:27:28+00:00
SAO_2678-10,São Paulo,3550308,True,,33151,,,-23.4938845,-46.37678150000001,,,,2,2023-06-20T04:27:23+00:00
SAO_2678-10,São Paulo,3550308,True,,33151,,,-23.4941295,-46.3767385,,,,2,2023-06-20T04:27:01+00:00
SAO_2678-10,São Paulo,3550308,True,,33151,,,-23.498967,-46.3948065,,,,2,2023-06-20T04:27:40+00:00
SAO_2678-10,São Paulo,3550308,True,,33151,,,-23.547307,-46.630022,,,,2,2023-06-20T04:27:06+00:00
SAO_2678-10,São Paulo,3550308,True,,33151,,,-23.535363,-46.5700175,,,,2,2023-06-20T04:27:01+00:00
SAO_2678-10,São Paulo,3550308,True,,33151,,,-23.4943015,-46.415208500000006,,,,2,2023-06-20T04:27:19+00:00
SAO_3051-10,São Paulo,3550308,True,,35214,,,-23.514874499999998,-46.4689515,,,,2,2023-06-20T04:27:20+00:00
SAO_3051-10,São Paulo,3550308,True,,35214,,,-23.518814499999998,-46.475541,,,,2,2023-06-20T04:27:19+00:00
SAO_3051-10,São Paulo,3550308,True,,35214,,,-23.4994425,-46.4742465,,,,2,2023-06-20T04:27:26+00:00
SAO_978L-10,São Paulo,3550308,True,EMTU,466,https://moovitapp.com/index/pt-br/transporte_p%C3%BAblico-line-466-Sao_Paulo-242-2038937-72712754-0,5.4,-23.522335125,-46.6619535,,,,1,2023-06-20T04:27:27+00:00
SAO_978L-10,São Paulo,3550308,True,EMTU,466,https://moovitapp.com/index/pt-br/transporte_p%C3%BAblico-line-466-Sao_Paulo-242-2038937-72712754-0,5.4,-23.53506275,-46.644746999999995,,,,1,2023-06-20T04:27:07+00:00
SAO_978L-10,São Paulo,3550308,True,EMTU,466,https://moovitapp.com/index/pt-br/transporte_p%C3%BAblico-line-466-Sao_Paulo-242-2038937-72712754-0,5.4,-23.53506275,-46.644746999999995,,,,1,2023-06-20T04:27:40+00:00
SAO_978L-10,São Paulo,3550308,True,EMTU,466,https://moovitapp.com/index/pt-br/transporte_p%C3%BAblico-line-466-Sao_Paulo-242-2038937-72712754-0,5.4,-23.53471425,-46.64500699999999,,,,1,2023-06-20T04:27:26+00:00
SAO_8252-10,São Paulo,3550308,True,,34016,,,-23.526683,-46.667058,,,,2,2023-06-20T04:27:34+00:00
SAO_8252-10,São Paulo,3550308,True,,34016,,,-23.5268315,-46.6724815,,,,2,2023-06-20T04:27:23+00:00
SAO_8047-41,São Paulo,3550308,True,,33178,,,-23.434162999999998,-46.754868,,,,2,2023-06-20T04:27:30+00:00
SAO_8047-41,São Paulo,3550308,True,,33178,,,-23.50875,-46.7477295,,,,2,2023-06-20T04:27:21+00:00
SAO_4021-10,São Paulo,3550308,True,,35316,,,-23.5584685,-46.44939525,,,,2,2023-06-20T04:27:10+00:00
SAO_4021-10,São Paulo,3550308,True,,35316,,,-23.542792499999997,-46.470580999999996,,,,2,2023-06-20T04:27:34+00:00
SAO_4021-10,São Paulo,3550308,True,,35316,,,-23.542792499999997,-46.470580999999996,,,,2,2023-06-20T04:27:04+00:00
SAO_4021-10,São Paulo,3550308,True,,35316,,,-23.56172575,-46.446333249999995,,,,2,2023-06-20T04:27:28+00:00
SAO_4021-10,São Paulo,3550308,True,,35316,,,-23.542792499999997,-46.470580999999996,,,,2,2023-06-20T04:27:37+00:00
SAO_4021-10,São Paulo,3550308,True,,35316,,,-23.54388975,-46.4691365,,,,2,2023-06-20T04:27:42+00:00
SAO_4021-10,São Paulo,3550308,True,,35316,,,-23.542792499999997,-46.470580999999996,,,,2,2023-06-20T04:27:01+00:00
SAO_8050-31,São Paulo,3550308,True,,33183,,,-23.43071875,-46.786913,,,,2,2023-06-20T04:27:12+00:00
SAO_8050-31,São Paulo,3550308,True,,33183,,,-23.518204500000003,-46.703536,,,,2,2023-06-20T04:26:58+00:00
SAO_574A-10,São Paulo,3550308,True,,33370,,,-23.563035,-46.62055975,,,,2,2023-06-20T04:27:25+00:00
SAO_574A-10,São Paulo,3550308,True,,33370,,,-23.6390905,-46.6413445,,,,2,2023-06-20T04:27:40+00:00
SAO_574A-10,São Paulo,3550308,True,,33370,,,-23.601669625,-46.63678125,,,,2,2023-06-20T04:27:37+00:00
SAO_5300-10,São Paulo,3550308,True,,33122,,,-23.547731,-46.6300275,,,,2,2023-06-20T04:27:08+00:00
SAO_5300-10,São Paulo,3550308,True,,33122,,,-23.625414499999998,-46.682889,,,,2,2023-06-20T04:27:43+00:00
SAO_5300-10,São Paulo,3550308,True,,33122,,,-23.654214,-46.7129695,,,,2,2023-06-20T04:27:03+00:00
SAO_5300-10,São Paulo,3550308,True,,33122,,,-23.5825715,-46.65227725,,,,2,2023-06-20T04:27:41+00:00
SAO_5300-10,São Paulo,3550308,True,,33122,,,-23.6433235,-46.70051375,,,,2,2023-06-20T04:27:34+00:00
SAO_5300-10,São Paulo,3550308,True,,33122,,,-23.64817975,-46.70414074999999,,,,2,2023-06-20T04:27:38+00:00
SAO_6038-10,São Paulo,3550308,True,,1216,,,-23.643999,-46.7324175,,,,1,2023-06-20T04:27:11+00:00
SAO_6038-10,São Paulo,3550308,True,,1216,,,-23.66147575,-46.790868625,,,,1,2023-06-20T04:27:26+00:00
SAO_6038-10,São Paulo,3550308,True,,1216,,,-23.64893575,-46.708032,,,,1,2023-06-20T04:27:34+00:00
SAO_6038-10,São Paulo,3550308,True,,1216,,,-23.6490105,-46.7535625,,,,1,2023-06-20T04:27:40+00:00
SAO_5029-10,São Paulo,3550308,True,,34440,,,-23.617441499999998,-46.5965415,,,,2,2023-06-20T04:27:21+00:00
SAO_5029-10,São Paulo,3550308,True,,34440,,,-23.6029185,-46.6023305,,,,2,2023-06-20T04:27:40+00:00
SAO_5029-10,São Paulo,3550308,True,,34440,,,-23.6284755,-46.5863025,,,,2,2023-06-20T04:27:38+00:00
SAO_4025-10,São Paulo,3550308,True,,33863,,,-23.607989375000002,-46.553975375,,,,2,2023-06-20T04:27:34+00:00
SAO_4025-10,São Paulo,3550308,True,,33863,,,-23.56782225,-46.57678025,,,,2,2023-06-20T04:27:12+00:00
SAO_4025-10,São Paulo,3550308,True,,33863,,,-23.608213125,-46.553893125,,,,2,2023-06-20T04:27:06+00:00
SAO_4025-10,São Paulo,3550308,True,,33863,,,-23.607989375000002,-46.553975375,,,,2,2023-06-20T04:27:12+00:00
SAO_4025-10,São Paulo,3550308,True,,33863,,,-23.607765625,-46.554057625,,,,2,2023-06-20T04:27:11+00:00
SAO_4025-10,São Paulo,3550308,True,,33863,,,-23.593675,-46.559001,,,,2,2023-06-20T04:27:00+00:00
SAO_4222-10,São Paulo,3550308,True,EMTU,288,https://moovitapp.com/index/pt-br/transporte_p%C3%BAblico-line-288-Sao_Paulo-242-2038937-36419389-0,5.1,-23.608839000000003,-46.509866,,,,1,2023-06-20T04:27:31+00:00
SAO_4222-10,São Paulo,3550308,True,EMTU,288,https://moovitapp.com/index/pt-br/transporte_p%C3%BAblico-line-288-Sao_Paulo-242-2038937-36419389-0,5.1,-23.614827,-46.512039,,,,1,2023-06-20T04:27:23+00:00
SAO_4222-10,São Paulo,3550308,True,EMTU,288,https://moovitapp.com/index/pt-br/transporte_p%C3%BAblico-line-288-Sao_Paulo-242-2038937-36419389-0,5.1,-23.5796845,-46.571298999999996,,,,1,2023-06-20T04:27:32+00:00
SAO_4725-10,São Paulo,3550308,True,,338,,,-23.630736499999998,-46.61403425,,,,1,2023-06-20T04:27:08+00:00
SAO_4725-10,São Paulo,3550308,True,,338,,,-23.60863425,-46.652294749999996,,,,1,2023-06-20T04:27:16+00:00
SAO_6072-10,São Paulo,3550308,True,,1588,,,-23.813066499999998,-46.710755,,,,1,2023-06-20T04:25:13+00:00
SAO_6072-10,São Paulo,3550308,True,,1588,,,-23.766939,-46.716361,,,,1,2023-06-20T04:27:27+00:00
SAO_6072-10,São Paulo,3550308,True,,1588,,,-23.82610725,-46.702985749999996,,,,1,2023-06-20T04:27:42+00:00
SAO_6072-10,São Paulo,3550308,True,,1588,,,-23.82610725,-46.702985749999996,,,,1,2023-06-20T04:27:42+00:00
SAO_809H-10,São Paulo,3550308,True,,35013,,,-23.5806105,-46.793718,,,,2,2023-06-20T04:27:21+00:00
SAO_809H-10,São Paulo,3550308,True,,35013,,,-23.525304,-46.73613725,,,,2,2023-06-20T04:26:59+00:00
SAO_809H-10,São Paulo,3550308,True,,35013,,,-23.5864425625,-46.754773375,,,,2,2023-06-20T04:27:22+00:00
SAO_372F-10,São Paulo,3550308,True,,1015,,,-23.548443999999996,-46.596997,,,,1,2023-06-20T04:27:33+00:00
SAO_372F-10,São Paulo,3550308,True,,1015,,,-23.546568,-46.605794,,,,1,2023-06-20T04:27:28+00:00
SAO_2731-10,São Paulo,3550308,True,,946,,,-23.516559,-46.437703,,,,1,2023-06-20T04:23:22+00:00
SAO_2731-10,São Paulo,3550308,True,,946,,,-23.5296605,-46.451908875,,,,1,2023-06-20T04:27:15+00:00
SAO_675K-10,São Paulo,3550308,True,EMTU,198,https://moovitapp.com/index/pt-br/transporte_p%C3%BAblico-line-198-Sao_Paulo-242-2038937-59811937-0,6.35,-23.597021999999996,-46.643793125,,,,1,2023-06-20T04:26:58+00:00
SAO_675K-10,São Paulo,3550308,True,EMTU,198,https://moovitapp.com/index/pt-br/transporte_p%C3%BAblico-line-198-Sao_Paulo-242-2038937-59811937-0,6.35,-23.684067,-46.769816500000005,,,,1,2023-06-20T04:27:36+00:00
SAO_675K-10,São Paulo,3550308,True,EMTU,198,https://moovitapp.com/index/pt-br/transporte_p%C3%BAblico-line-198-Sao_Paulo-242-2038937-59811937-0,6.35,-23.6364375,-46.693218,,,,1,2023-06-20T04:27:30+00:00
SAO_675K-10,São Paulo,3550308,True,EMTU,198,https://moovitapp.com/index/pt-br/transporte_p%C3%BAblico-line-198-Sao_Paulo-242-2038937-59811937-0,6.35,-23.667369,-46.728165,,,,1,2023-06-20T04:27:40+00:00
SAO_695T-10,São Paulo,3550308,True,,34090,,,-23.6546575,-46.761719,,,,2,2023-06-20T04:27:25+00:00
SAO_695T-10,São Paulo,3550308,True,,34090,,,-23.64531,-46.7130375,,,,2,2023-06-20T04:27:33+00:00
SAO_695T-10,São Paulo,3550308,True,,34090,,,-23.60336625,-46.6620935,,,,2,2023-06-20T04:27:35+00:00
SAO_5144-10,São Paulo,3550308,True,,34395,,,-23.5780135,-46.546398125,,,,2,2023-06-20T04:27:35+00:00
SAO_5144-10,São Paulo,3550308,True,,34395,,,-23.5382745,-46.601580999999996,,,,2,2023-06-20T04:27:27+00:00
SAO_5144-10,São Paulo,3550308,True,,34395,,,-23.6139405,-46.501206499999995,,,,2,2023-06-20T04:27:07+00:00
SAO_5144-10,São Paulo,3550308,True,,34395,,,-23.614656500000002,-46.502839,,,,2,2023-06-20T04:26:58+00:00
SAO_5144-10,São Paulo,3550308,True,,34395,,,-23.534974,-46.6443435,,,,2,2023-06-20T04:27:30+00:00
SAO_476G-10,São Paulo,3550308,True,,1111,,,-23.5999895,-46.5513115,,,,1,2023-06-20T04:26:59+00:00
SAO_476G-10,São Paulo,3550308,True,,1111,,,-23.592485,-46.646981499999995,,,,1,2023-06-20T04:27:33+00:00
SAO_695X-10,São Paulo,3550308,True,,34209,,,-23.73891,-46.701184999999995,,,,2,2023-06-20T04:27:35+00:00
SAO_695X-10,São Paulo,3550308,True,,34209,,,-23.681484750000003,-46.68891375,,,,2,2023-06-20T04:27:19+00:00
SAO_695X-10,São Paulo,3550308,True,,34209,,,-23.6461035,-46.6444255,,,,2,2023-06-20T04:27:01+00:00
SAO_1773-10,São Paulo,3550308,True,,33405,,,-23.461322000000003,-46.602777,,,,2,2023-06-20T04:24:50+00:00
SAO_1773-10,São Paulo,3550308,True,,33405,,,-23.436823500000003,-46.566249,,,,2,2023-06-20T04:26:58+00:00
SAO_1773-10,São Paulo,3550308,True,,33405,,,-23.4821475,-46.6301225,,,,2,2023-06-20T04:27:17+00:00
SAO_1773-10,São Paulo,3550308,True,,33405,,,-23.482492999999998,-46.630959,,,,2,2023-06-20T04:27:24+00:00
SAO_7411-10,São Paulo,3550308,True,,1376,,,-23.5723835,-46.701781,,,,1,2023-06-20T04:27:00+00:00
SAO_509M-10,São Paulo,3550308,True,,34045,,,-23.624178750000002,-46.68163249999999,,,,2,2023-06-20T04:27:21+00:00
SAO_509M-10,São Paulo,3550308,True,,34045,,,-23.6721485,-46.645281999999995,,,,2,2023-06-20T04:27:04+00:00
SAO_509M-10,São Paulo,3550308,True,,34045,,,-23.54261975,-46.63521125,,,,2,2023-06-20T04:25:58+00:00
SAO_5759-31,São Paulo,3550308,True,,33907,,,-23.6948495,-46.64830975,,,,2,2023-06-20T04:27:26+00:00
SAO_5759-31,São Paulo,3550308,True,,33907,,,-23.6947445,-46.64808025,,,,2,2023-06-20T04:27:18+00:00
SAO_5759-31,São Paulo,3550308,True,,33907,,,-23.666031874999998,-46.65678737500001,,,,2,2023-06-20T04:27:35+00:00
SAO_5759-31,São Paulo,3550308,True,,33907,,,-23.6948495,-46.64830975,,,,2,2023-06-20T04:27:04+00:00
SAO_6455-10,São Paulo,3550308,True,,63,,,-23.648176749999998,-46.74846225,,,,1,2023-06-20T04:27:40+00:00
SAO_6455-10,São Paulo,3550308,True,,63,,,-23.551242000000002,-46.637025,,,,1,2023-06-20T04:27:36+00:00
SAO_6455-10,São Paulo,3550308,True,,63,,,-23.61276225,-46.6707505,,,,1,2023-06-20T04:27:17+00:00
SAO_6455-10,São Paulo,3550308,True,,63,,,-23.6540995,-46.762017,,,,1,2023-06-20T04:27:01+00:00
SAO_2014-10,São Paulo,3550308,True,,33668,,,-23.457582000000002,-46.670192,,,,2,2023-06-20T04:27:06+00:00
SAO_2014-10,São Paulo,3550308,True,,33668,,,-23.458012,-46.6708785,,,,2,2023-06-20T04:27:02+00:00
SAO_2014-10,São Paulo,3550308,True,,33668,,,-23.48579,-46.664815,,,,2,2023-06-20T04:27:02+00:00
SAO_2014-10,São Paulo,3550308,True,,33668,,,-23.48204425,-46.670984000000004,,,,2,2023-06-20T04:27:17+00:00
SAO_2014-10,São Paulo,3550308,True,,33668,,,-23.457582000000002,-46.670192,,,,2,2023-06-20T04:27:40+00:00
SAO_2014-10,São Paulo,3550308,True,,33668,,,-23.5025255,-46.6589465,,,,2,2023-06-20T04:27:00+00:00
SAO_2014-10,São Paulo,3550308,True,,33668,,,-23.517605,-46.6670425,,,,2,2023-06-20T04:27:25+00:00
SAO_3763-10,São Paulo,3550308,True,,1054,,,-23.558262,-46.522529000000006,,,,1,2023-06-20T04:25:18+00:00
SAO_3763-10,São Paulo,3550308,True,,1054,,,-23.5409625,-46.5764615,,,,1,2023-06-20T04:27:02+00:00
SAO_3763-10,São Paulo,3550308,True,,1054,,,-23.557604249999997,-46.55319575,,,,1,2023-06-20T04:27:31+00:00
SAO_3763-10,São Paulo,3550308,True,,1054,,,-23.5650475,-46.535092500000005,,,,1,2023-06-20T04:27:24+00:00
SAO_3763-10,São Paulo,3550308,True,,1054,,,-23.546538750000003,-46.559937375000004,,,,1,2023-06-20T04:27:13+00:00
SAO_3763-10,São Paulo,3550308,True,,1054,,,-23.557687,-46.52319850000001,,,,1,2023-06-20T04:27:13+00:00
SAO_3763-10,São Paulo,3550308,True,,1054,,,-23.558262,-46.522529000000006,,,,1,2023-06-20T04:27:42+00:00
SAO_8006-10,São Paulo,3550308,True,,1256,,,-23.4325535,-46.72980325,,,,1,2023-06-20T04:27:15+00:00
SAO_8006-10,São Paulo,3550308,True,,1256,,,-23.4864985,-46.7264675,,,,1,2023-06-20T04:27:11+00:00
SAO_8006-10,São Paulo,3550308,True,,1256,,,-23.447128999999997,-46.731826999999996,,,,1,2023-06-20T04:27:15+00:00
SAO_2730-10,São Paulo,3550308,True,,33713,,,-23.510018000000002,-46.46134000000001,,,,2,2023-06-20T04:27:25+00:00
SAO_2730-10,São Paulo,3550308,True,,33713,,,-23.510537499999998,-46.4468945,,,,2,2023-06-20T04:27:24+00:00
SAO_2730-10,São Paulo,3550308,True,,33713,,,-23.509039,-46.4487825,,,,2,2023-06-20T04:27:22+00:00
SAO_2730-10,São Paulo,3550308,True,,33713,,,-23.5347645,-46.4738065,,,,2,2023-06-20T04:27:15+00:00
SAO_2730-10,São Paulo,3550308,True,,33713,,,-23.5077135,-46.4494665,,,,2,2023-06-20T04:27:38+00:00
SAO_2730-10,São Paulo,3550308,True,,33713,,,-23.516475,-46.468033999999996,,,,2,2023-06-20T04:27:03+00:00
SAO_507T-10,São Paulo,3550308,True,,34976,,,-23.5563895,-46.525339,,,,2,2023-06-20T04:27:31+00:00
SAO_507T-10,São Paulo,3550308,True,,34976,,,-23.61121,-46.501359750000006,,,,2,2023-06-20T04:27:38+00:00
SAO_507T-10,São Paulo,3550308,True,,34976,,,-23.613987,-46.5014315,,,,2,2023-06-20T04:27:06+00:00
SAO_507T-10,São Paulo,3550308,True,,34976,,,-23.586688000000002,-46.514107,,,,2,2023-06-20T04:27:36+00:00
SAO_507T-10,São Paulo,3550308,True,,34976,,,-23.577268,-46.516579,,,,2,2023-06-20T04:27:39+00:00
SAO_5791-10,São Paulo,3550308,True,,33375,,,-23.57478,-46.6406645,,,,2,2023-06-20T04:27:34+00:00
SAO_5791-10,São Paulo,3550308,True,,33375,,,-23.7159525,-46.6262445,,,,2,2023-06-20T04:27:06+00:00
SAO_5791-10,São Paulo,3550308,True,,33375,,,-23.699539,-46.646921,,,,2,2023-06-20T04:27:37+00:00
SAO_5791-10,São Paulo,3550308,True,,33375,,,-23.654470625,-46.636961,,,,2,2023-06-20T04:27:26+00:00
SAO_5791-10,São Paulo,3550308,True,,33375,,,-23.669278499999997,-46.6338075,,,,2,2023-06-20T04:27:39+00:00
SAO_5791-10,São Paulo,3550308,True,,33375,,,-23.601669625,-46.63678125,,,,2,2023-06-20T04:27:34+00:00
SAO_6475-10,São Paulo,3550308,True,,34085,,,-23.574096625,-46.6673885,,,,2,2023-06-20T04:27:12+00:00
SAO_6475-10,São Paulo,3550308,True,,34085,,,-23.644934499999998,-46.7497545,,,,2,2023-06-20T04:27:27+00:00
SAO_6475-10,São Paulo,3550308,True,,34085,,,-23.671030000000002,-46.758897,,,,2,2023-06-20T04:27:37+00:00
SAO_7055-10,São Paulo,3550308,True,,1888,,,-23.634363,-46.774752,,,,1,2023-06-20T04:27:20+00:00
SAO_7055-10,São Paulo,3550308,True,,1888,,,-23.6919635,-46.7907745,,,,1,2023-06-20T04:27:16+00:00
SAO_7055-10,São Paulo,3550308,True,,1888,,,-23.681361,-46.7832345,,,,1,2023-06-20T04:27:26+00:00
SAO_7055-10,São Paulo,3550308,True,,1888,,,-23.6919635,-46.7907745,,,,1,2023-06-20T04:27:09+00:00
SAO_7055-10,São Paulo,3550308,True,,1888,,,-23.643277499999996,-46.77967925,,,,1,2023-06-20T04:26:58+00:00
SAO_7055-10,São Paulo,3550308,True,,1888,,,-23.6919635,-46.7907745,,,,1,2023-06-20T04:27:08+00:00
SAO_9014-10,São Paulo,3550308,True,,1425,,,-23.4720415,-46.7054615,,,,1,2023-06-20T04:27:20+00:00
SAO_9014-10,São Paulo,3550308,True,,1425,,,-23.520121500000002,-46.7000015,,,,1,2023-06-20T04:27:30+00:00
SAO_4726-10,São Paulo,3550308,True,,34448,,,-23.5633635,-46.591837500000004,,,,2,2023-06-20T04:27:15+00:00
SAO_4726-10,São Paulo,3550308,True,,34448,,,-23.5654825,-46.579814999999996,,,,2,2023-06-20T04:27:05+00:00
SAO_118C-10,São Paulo,3550308,True,,33287,,,-23.457446,-46.673119,,,,2,2023-06-20T04:27:04+00:00
SAO_118C-10,São Paulo,3550308,True,,33287,,,-23.457446,-46.673119,,,,2,2023-06-20T04:27:05+00:00
SAO_118C-10,São Paulo,3550308,True,,33287,,,-23.4944455,-46.625870500000005,,,,2,2023-06-20T04:26:43+00:00
SAO_118C-10,São Paulo,3550308,True,,33287,,,-23.5351005,-46.637007,,,,2,2023-06-20T04:27:11+00:00
SAO_118C-10,São Paulo,3550308,True,,33287,,,-23.516458,-46.625027,,,,2,2023-06-20T04:27:27+00:00
SAO_118C-10,São Paulo,3550308,True,,33287,,,-23.4579625,-46.67248,,,,2,2023-06-20T04:26:00+00:00
SAO_118C-10,São Paulo,3550308,True,,33287,,,-23.4579625,-46.67248,,,,2,2023-06-20T04:27:20+00:00
SAO_118C-10,São Paulo,3550308,True,,33287,,,-23.5394115,-46.648294500000006,,,,2,2023-06-20T04:27:33+00:00
SAO_7272-10,São Paulo,3550308,True,,1333,,,-23.5183185,-46.706914499999996,,,,1,2023-06-20T04:26:55+00:00
SAO_7272-10,São Paulo,3550308,True,,1333,,,-23.547488,-46.647439,,,,1,2023-06-20T04:27:27+00:00
SAO_7272-10,São Paulo,3550308,True,,1333,,,-23.52324075,-46.70447,,,,1,2023-06-20T04:27:15+00:00
SAO_6012-10,São Paulo,3550308,True,,33972,,,-23.6848575,-46.7702205,,,,2,2023-06-20T04:27:36+00:00
SAO_6012-10,São Paulo,3550308,True,,33972,,,-23.6869815,-46.7875065,,,,2,2023-06-20T04:27:37+00:00
SAO_2435-10,São Paulo,3550308,True,,32978,,,-23.5289775,-46.4795655,,,,2,2023-06-20T04:27:31+00:00
SAO_2435-10,São Paulo,3550308,True,,32978,,,-23.522532249999998,-46.52493525,,,,2,2023-06-20T04:27:10+00:00
SAO_8003-10,São Paulo,3550308,True,,34021,,,-23.5120405,-46.756833,,,,2,2023-06-20T04:27:13+00:00
SAO_8003-10,São Paulo,3550308,True,,34021,,,-23.5254525,-46.713425,,,,2,2023-06-20T04:27:32+00:00
SAO_8003-10,São Paulo,3550308,True,,34021,,,-23.5120405,-46.756833,,,,2,2023-06-20T04:27:24+00:00
SAO_5025-10,São Paulo,3550308,True,,34332,,,-23.604314,-46.541224,,,,2,2023-06-20T04:27:25+00:00
SAO_5025-10,São Paulo,3550308,True,,34332,,,-23.60857425,-46.54131325,,,,2,2023-06-20T04:27:28+00:00
SAO_5025-10,São Paulo,3550308,True,,34332,,,-23.593795999999998,-46.590314500000005,,,,2,2023-06-20T04:27:34+00:00
SAO_5025-10,São Paulo,3550308,True,,34332,,,-23.59640325,-46.573736499999995,,,,2,2023-06-20T04:27:19+00:00
SAO_8040-10,São Paulo,3550308,True,,406,,,-23.464819249999998,-46.755725,,,,1,2023-06-20T04:27:08+00:00
SAO_8040-10,São Paulo,3550308,True,,406,,,-23.5247175,-46.707841125,,,,1,2023-06-20T04:27:35+00:00
SAO_8040-10,São Paulo,3550308,True,,406,,,-23.4342675,-46.7769335,,,,1,2023-06-20T04:27:17+00:00
SAO_675I-10,São Paulo,3550308,True,BR7 Mobilidade,68,https://moovitapp.com/index/pt-br/transporte_p%C3%BAblico-line-68-Sao_Paulo-242-851856-560661-0,5.75,-23.623122000000002,-46.64641,,,,1,2023-06-20T04:27:21+00:00
SAO_675I-10,São Paulo,3550308,True,BR7 Mobilidade,68,https://moovitapp.com/index/pt-br/transporte_p%C3%BAblico-line-68-Sao_Paulo-242-851856-560661-0,5.75,-23.621587124999998,-46.672492500000004,,,,1,2023-06-20T04:27:18+00:00
SAO_6063-10,São Paulo,3550308,True,,1152,,,-23.7882205,-46.685370500000005,,,,1,2023-06-20T04:27:20+00:00
SAO_6063-10,São Paulo,3550308,True,,1152,,,-23.767094999999998,-46.716237500000005,,,,1,2023-06-20T04:27:40+00:00
SAO_6063-10,São Paulo,3550308,True,,1152,,,-23.776369,-46.696589,,,,1,2023-06-20T04:27:15+00:00
SAO_807P-10,São Paulo,3550308,True,,34867,,,-23.6163415,-46.720850999999996,,,,2,2023-06-20T04:27:27+00:00
SAO_807P-10,São Paulo,3550308,True,,34867,,,-23.6163415,-46.720850999999996,,,,2,2023-06-20T04:27:03+00:00
SAO_5178-10,São Paulo,3550308,True,,595,,,-23.609489250000003,-46.65394525000001,,,,1,2023-06-20T04:27:36+00:00
SAO_5178-10,São Paulo,3550308,True,,595,,,-23.553067749999997,-46.63509125,,,,1,2023-06-20T04:27:09+00:00
SAO_5178-10,São Paulo,3550308,True,,595,,,-23.6744235,-46.6427585,,,,1,2023-06-20T04:27:37+00:00
SAO_809J-10,São Paulo,3550308,True,,34834,,,-23.60358225,-46.7122065,,,,2,2023-06-20T04:26:59+00:00
SAO_477A-10,São Paulo,3550308,True,EMTU,346,https://moovitapp.com/index/pt-br/transporte_p%C3%BAblico-line-346-Sao_Paulo-242-2038937-36419429-0,6.3,-23.601309,-46.602029875,,,,1,2023-06-20T04:27:07+00:00
SAO_477A-10,São Paulo,3550308,True,EMTU,346,https://moovitapp.com/index/pt-br/transporte_p%C3%BAblico-line-346-Sao_Paulo-242-2038937-36419429-0,6.3,-23.5825645,-46.683486,,,,1,2023-06-20T04:27:11+00:00
SAO_477A-10,São Paulo,3550308,True,EMTU,346,https://moovitapp.com/index/pt-br/transporte_p%C3%BAblico-line-346-Sao_Paulo-242-2038937-36419429-0,6.3,-23.5874875,-46.6322405,,,,1,2023-06-20T04:27:33+00:00
SAO_477A-10,São Paulo,3550308,True,EMTU,346,https://moovitapp.com/index/pt-br/transporte_p%C3%BAblico-line-346-Sao_Paulo-242-2038937-36419429-0,6.3,-23.603806499999997,-46.603359499999996,,,,1,2023-06-20T04:27:31+00:00
SAO_477A-10,São Paulo,3550308,True,EMTU,346,https://moovitapp.com/index/pt-br/transporte_p%C3%BAblico-line-346-Sao_Paulo-242-2038937-36419429-0,6.3,-23.567841,-46.649142999999995,,,,1,2023-06-20T04:27:28+00:00
SAO_407H-10,São Paulo,3550308,True,,2197,,,-23.63571,-46.446009000000004,,,,1,2023-06-20T04:27:17+00:00
SAO_407H-10,São Paulo,3550308,True,,2197,,,-23.54553525,-46.46165175,,,,1,2023-06-20T04:27:17+00:00
SAO_407H-10,São Paulo,3550308,True,,2197,,,-23.5422585,-46.469769,,,,1,2023-06-20T04:27:14+00:00
SAO_407H-10,São Paulo,3550308,True,,2197,,,-23.615871499999997,-46.46024775,,,,1,2023-06-20T04:27:24+00:00
SAO_407H-10,São Paulo,3550308,True,,2197,,,-23.595152499999998,-46.450891,,,,1,2023-06-20T04:27:30+00:00
SAO_407H-10,São Paulo,3550308,True,,2197,,,-23.574809000000002,-46.4449745,,,,1,2023-06-20T04:27:21+00:00
SAO_407H-10,São Paulo,3550308,True,,2197,,,-23.630965500000002,-46.4467205,,,,1,2023-06-20T04:27:34+00:00
SAO_7049-10,São Paulo,3550308,True,,34680,,,-23.7115665,-46.7780305,,,,2,2023-06-20T04:27:38+00:00
SAO_7049-10,São Paulo,3550308,True,,34680,,,-23.641268500000002,-46.7801625,,,,2,2023-06-20T04:27:08+00:00
SAO_7049-10,São Paulo,3550308,True,,34680,,,-23.71138725,-46.77812725,,,,2,2023-06-20T04:27:08+00:00
SAO_7049-10,São Paulo,3550308,True,,34680,,,-23.710983499999998,-46.7790255,,,,2,2023-06-20T04:27:00+00:00
SAO_7049-10,São Paulo,3550308,True,,34680,,,-23.6315095,-46.772093,,,,2,2023-06-20T04:26:58+00:00
SAO_7049-10,São Paulo,3550308,True,,34680,,,-23.711143749999998,-46.778219750000005,,,,2,2023-06-20T04:27:40+00:00
SAO_7049-10,São Paulo,3550308,True,,34680,,,-23.71138725,-46.77812725,,,,2,2023-06-20T04:27:17+00:00
SAO_7049-10,São Paulo,3550308,True,,34680,,,-23.711143749999998,-46.778219750000005,,,,2,2023-06-20T04:27:19+00:00
SAO_7049-10,São Paulo,3550308,True,,34680,,,-23.676409749999998,-46.78089824999999,,,,2,2023-06-20T04:27:06+00:00
SAO_7049-10,São Paulo,3550308,True,,34680,,,-23.711143749999998,-46.778219750000005,,,,2,2023-06-20T04:27:10+00:00
SAO_2522-10,São Paulo,3550308,True,Cidade de Caieiras,140,https://moovitapp.com/index/pt-br/transporte_p%C3%BAblico-line-140-Sao_Paulo-242-868761-496401-0,5.0,-23.528411625,-46.449355125000004,,,,1,2023-06-20T04:27:09+00:00
SAO_2522-10,São Paulo,3550308,True,Cidade de Caieiras,140,https://moovitapp.com/index/pt-br/transporte_p%C3%BAblico-line-140-Sao_Paulo-242-868761-496401-0,5.0,-23.51606,-46.426873,,,,1,2023-06-20T04:27:13+00:00
SAO_3069-10,São Paulo,3550308,True,,33752,,,-23.606299749999998,-46.41697025,,,,2,2023-06-20T04:27:26+00:00
SAO_3069-10,São Paulo,3550308,True,,33752,,,-23.60662525,-46.41692075,,,,2,2023-06-20T04:27:26+00:00
SAO_3069-10,São Paulo,3550308,True,,33752,,,-23.62086875,-46.4414735,,,,2,2023-06-20T04:27:20+00:00
SAO_807J-10,São Paulo,3550308,True,,34826,,,-23.629922,-46.770032,,,,2,2023-06-20T04:27:01+00:00
SAO_807J-10,São Paulo,3550308,True,,34826,,,-23.601063,-46.7150175,,,,2,2023-06-20T04:27:34+00:00
SAO_807J-10,São Paulo,3550308,True,,34826,,,-23.61964675,-46.758040875,,,,2,2023-06-20T04:27:32+00:00
SAO_8040-10,São Paulo,3550308,True,,33174,,,-23.520201,-46.710451,,,,2,2023-06-20T04:27:16+00:00
SAO_8040-10,São Paulo,3550308,True,,33174,,,-23.4826745,-46.76805075,,,,2,2023-06-20T04:27:35+00:00
SAO_8040-10,São Paulo,3550308,True,,33174,,,-23.4377845,-46.7797195,,,,2,2023-06-20T04:26:59+00:00
SAO_8040-10,São Paulo,3550308,True,,33174,,,-23.467740499999998,-46.7546105,,,,2,2023-06-20T04:24:45+00:00
SAO_8040-10,São Paulo,3550308,True,,33174,,,-23.437939999999998,-46.7788455,,,,2,2023-06-20T04:26:57+00:00
SAO_8040-10,São Paulo,3550308,True,,33174,,,-23.4379315,-46.779346000000004,,,,2,2023-06-20T04:27:25+00:00
SAO_2710-31,São Paulo,3550308,True,,34422,,,-23.529382,-46.50029325,,,,2,2023-06-20T04:27:01+00:00
SAO_2290-10,São Paulo,3550308,True,,33486,,,-23.613456,-46.476318500000005,,,,2,2023-06-20T04:27:22+00:00
SAO_2290-10,São Paulo,3550308,True,,33486,,,-23.5453765,-46.620453499999996,,,,2,2023-06-20T04:27:02+00:00
SAO_2290-10,São Paulo,3550308,True,,33486,,,-23.5993785,-46.485246625,,,,2,2023-06-20T04:27:32+00:00
SAO_2290-10,São Paulo,3550308,True,,33486,,,-23.5660980625,-46.5119278125,,,,2,2023-06-20T04:27:08+00:00
SAO_2290-10,São Paulo,3550308,True,,33486,,,-23.612626499999998,-46.476102499999996,,,,2,2023-06-20T04:27:12+00:00
SAO_2290-10,São Paulo,3550308,True,,33486,,,-23.6136555,-46.476372999999995,,,,2,2023-06-20T04:27:29+00:00
SAO_2290-10,São Paulo,3550308,True,,33486,,,-23.535124,-46.5762615,,,,2,2023-06-20T04:27:01+00:00
SAO_2290-10,São Paulo,3550308,True,,33486,,,-23.53856225,-46.60376325,,,,2,2023-06-20T04:27:23+00:00
SAO_2290-10,São Paulo,3550308,True,,33486,,,-23.5321845,-46.561195,,,,2,2023-06-20T04:27:09+00:00
SAO_2290-10,São Paulo,3550308,True,,33486,,,-23.548674000000002,-46.629608749999996,,,,2,2023-06-20T04:27:19+00:00
SAO_2290-10,São Paulo,3550308,True,,33486,,,-23.5991515,-46.485439875,,,,2,2023-06-20T04:27:11+00:00
SAO_2290-10,São Paulo,3550308,True,,33486,,,-23.613456,-46.476318500000005,,,,2,2023-06-20T04:27:11+00:00
SAO_2290-10,São Paulo,3550308,True,,33486,,,-23.558311,-46.522212499999995,,,,2,2023-06-20T04:27:32+00:00
SAO_675L-10,São Paulo,3550308,True,,34246,,,-23.65128825,-46.709048499999994,,,,2,2023-06-20T04:27:04+00:00
SAO_675L-10,São Paulo,3550308,True,,34246,,,-23.625414499999998,-46.682889,,,,2,2023-06-20T04:27:33+00:00
SAO_8001-10,São Paulo,3550308,True,,1251,,,-23.519534,-46.700813499999995,,,,1,2023-06-20T04:27:32+00:00
SAO_8001-10,São Paulo,3550308,True,,1251,,,-23.5058175,-46.757137,,,,1,2023-06-20T04:27:29+00:00
SAO_4035-10,São Paulo,3550308,True,,2560,,,-23.542630000000003,-46.468692000000004,,,,1,2023-06-20T04:27:36+00:00
SAO_4035-10,São Paulo,3550308,True,,2560,,,-23.558587000000003,-46.399857999999995,,,,1,2023-06-20T04:27:30+00:00
SAO_4716-10,São Paulo,3550308,True,,1106,,,-23.61115,-46.6085675,,,,1,2023-06-20T04:27:29+00:00
SAO_4716-10,São Paulo,3550308,True,,1106,,,-23.605280999999998,-46.6234235,,,,1,2023-06-20T04:27:21+00:00
SAO_4716-10,São Paulo,3550308,True,,1106,,,-23.601743,-46.601547,,,,1,2023-06-20T04:27:35+00:00
SAO_4716-10,São Paulo,3550308,True,,1106,,,-23.601743,-46.601547,,,,1,2023-06-20T04:27:39+00:00
SAO_6048-10,São Paulo,3550308,True,,32824,,,-23.660573499999998,-46.767917,,,,2,2023-06-20T04:27:30+00:00
SAO_6048-10,São Paulo,3550308,True,,32824,,,-23.644823000000002,-46.71825025,,,,2,2023-06-20T04:27:30+00:00
SAO_8047-41,São Paulo,3550308,True,STT,410,https://moovitapp.com/index/pt-br/transporte_p%C3%BAblico-line-410-Sao_Paulo-242-850661-183302-0,5.3,-23.464819249999998,-46.755725,,,,1,2023-06-20T04:27:22+00:00
SAO_8047-41,São Paulo,3550308,True,STT,410,https://moovitapp.com/index/pt-br/transporte_p%C3%BAblico-line-410-Sao_Paulo-242-850661-183302-0,5.3,-23.5468295,-46.6903115,,,,1,2023-06-20T04:27:19+00:00
SAO_8047-41,São Paulo,3550308,True,STT,410,https://moovitapp.com/index/pt-br/transporte_p%C3%BAblico-line-410-Sao_Paulo-242-850661-183302-0,5.3,-23.46924825,-46.754221625,,,,1,2023-06-20T04:27:32+00:00
SAO_407T-10,São Paulo,3550308,True,,34970,,,-23.542544499999998,-46.4716805,,,,2,2023-06-20T04:27:10+00:00
SAO_2704-10,São Paulo,3550308,True,,916,,,-23.5198535,-46.41966,,,,1,2023-06-20T04:27:19+00:00
SAO_2704-10,São Paulo,3550308,True,,916,,,-23.542181499999998,-46.472184999999996,,,,1,2023-06-20T04:25:59+00:00
SAO_2704-10,São Paulo,3550308,True,,916,,,-23.542684,-46.4693915,,,,1,2023-06-20T04:27:36+00:00
SAO_2704-10,São Paulo,3550308,True,,916,,,-23.5270815,-46.4096695,,,,1,2023-06-20T04:27:14+00:00
SAO_354M-10,São Paulo,3550308,True,,1619,,,-23.5402035,-46.4498575,,,,1,2023-06-20T04:27:23+00:00
SAO_354M-10,São Paulo,3550308,True,,1619,,,-23.595284499999998,-46.451296,,,,1,2023-06-20T04:27:37+00:00
SAO_669A-10,São Paulo,3550308,True,,4,,,-23.541341499999998,-46.64709925,,,,1,2023-06-20T04:27:40+00:00
SAO_669A-10,São Paulo,3550308,True,,4,,,-23.654157,-46.7105825,,,,1,2023-06-20T04:27:41+00:00
SAO_669A-10,São Paulo,3550308,True,,4,,,-23.57539775,-46.657210750000004,,,,1,2023-06-20T04:27:21+00:00
SAO_669A-10,São Paulo,3550308,True,,4,,,-23.648898000000003,-46.703265,,,,1,2023-06-20T04:27:20+00:00
SAO_669A-10,São Paulo,3550308,True,,4,,,-23.654157,-46.7105825,,,,1,2023-06-20T04:27:03+00:00
SAO_106A-10,São Paulo,3550308,True,,516,,,-23.589979,-46.688332,,,,1,2023-06-20T04:27:23+00:00
SAO_106A-10,São Paulo,3550308,True,,516,,,-23.590813,-46.688639499999994,,,,1,2023-06-20T04:27:39+00:00
SAO_106A-10,São Paulo,3550308,True,,516,,,-23.59055825,-46.68854449999999,,,,1,2023-06-20T04:27:07+00:00
SAO_106A-10,São Paulo,3550308,True,,516,,,-23.502099,-46.62419250000001,,,,1,2023-06-20T04:26:57+00:00
SAO_106A-10,São Paulo,3550308,True,,516,,,-23.502099,-46.62419250000001,,,,1,2023-06-20T04:27:31+00:00
SAO_106A-10,São Paulo,3550308,True,,516,,,-23.542946,-46.6354345,,,,1,2023-06-20T04:27:02+00:00
SAO_106A-10,São Paulo,3550308,True,,516,,,-23.59055825,-46.68854449999999,,,,1,2023-06-20T04:27:19+00:00
SAO_6056-10,São Paulo,3550308,True,,33915,,,-23.7632185,-46.697809,,,,2,2023-06-20T04:27:36+00:00
SAO_6056-10,São Paulo,3550308,True,,33915,,,-23.736947,-46.697388000000004,,,,2,2023-06-20T04:27:20+00:00
SAO_6056-10,São Paulo,3550308,True,,33915,,,-23.7632185,-46.697809,,,,2,2023-06-20T04:27:37+00:00
SAO_4031-10,São Paulo,3550308,True,,1101,,,-23.6043135,-46.518571,,,,1,2023-06-20T04:27:18+00:00
SAO_4031-10,São Paulo,3550308,True,,1101,,,-23.61408,-46.517419000000004,,,,1,2023-06-20T04:27:03+00:00
SAO_4031-10,São Paulo,3550308,True,,1101,,,-23.5818075,-46.584025999999994,,,,1,2023-06-20T04:27:18+00:00
SAO_4031-10,São Paulo,3550308,True,,1101,,,-23.59086825,-46.588631500000005,,,,1,2023-06-20T04:27:04+00:00
SAO_5029-10,São Paulo,3550308,True,,1672,,,-23.6285055,-46.5855145,,,,1,2023-06-20T04:27:22+00:00
SAO_5029-10,São Paulo,3550308,True,,1672,,,-23.6285055,-46.5855145,,,,1,2023-06-20T04:27:14+00:00
SAO_6003-10,São Paulo,3550308,True,,1472,,,-23.7377555,-46.6976535,,,,1,2023-06-20T04:27:36+00:00
SAO_6003-10,São Paulo,3550308,True,,1472,,,-23.7377555,-46.6976535,,,,1,2023-06-20T04:27:40+00:00
SAO_6003-10,São Paulo,3550308,True,,1472,,,-23.7377555,-46.6976535,,,,1,2023-06-20T04:27:00+00:00
SAO_6003-10,São Paulo,3550308,True,,1472,,,-23.7288435,-46.698860499999995,,,,1,2023-06-20T04:27:05+00:00
SAO_8615-10,São Paulo,3550308,True,,34107,,,-23.5361915,-46.725013000000004,,,,2,2023-06-20T04:27:14+00:00
SAO_8615-10,São Paulo,3550308,True,,34107,,,-23.536351500000002,-46.724335499999995,,,,2,2023-06-20T04:27:29+00:00
SAO_8615-10,São Paulo,3550308,True,,34107,,,-23.523056500000003,-46.68789162499999,,,,2,2023-06-20T04:27:34+00:00
SAO_8615-10,São Paulo,3550308,True,,34107,,,-23.549056999999998,-46.6330855,,,,2,2023-06-20T04:27:38+00:00
SAO_8615-10,São Paulo,3550308,True,,34107,,,-23.5318675,-46.660607,,,,2,2023-06-20T04:26:57+00:00
SAO_8615-10,São Paulo,3550308,True,,34107,,,-23.525317,-46.724331,,,,2,2023-06-20T04:27:14+00:00
SAO_8615-10,São Paulo,3550308,True,,34107,,,-23.535989999999998,-46.7247965,,,,2,2023-06-20T04:27:22+00:00
SAO_8615-10,São Paulo,3550308,True,,34107,,,-23.5369125,-46.7237005,,,,2,2023-06-20T04:27:16+00:00
SAO_4027-10,São Paulo,3550308,True,,1097,,,-23.6418875,-46.439175500000005,,,,1,2023-06-20T04:27:16+00:00
SAO_4027-10,São Paulo,3550308,True,,1097,,,-23.641898,-46.438882500000005,,,,1,2023-06-20T04:24:13+00:00
SAO_4027-10,São Paulo,3550308,True,,1097,,,-23.611646,-46.476250500000006,,,,1,2023-06-20T04:27:31+00:00
SAO_4027-10,São Paulo,3550308,True,,1097,,,-23.641896000000003,-46.4389945,,,,1,2023-06-20T04:27:09+00:00
SAO_4221-10,São Paulo,3550308,True,,33093,,,-23.60887425,-46.514239,,,,2,2023-06-20T04:27:21+00:00
SAO_4221-10,São Paulo,3550308,True,,33093,,,-23.56362275,-46.610156,,,,2,2023-06-20T04:27:11+00:00
SAO_4221-10,São Paulo,3550308,True,,33093,,,-23.605551499999997,-46.521150750000004,,,,2,2023-06-20T04:27:04+00:00
SAO_4221-10,São Paulo,3550308,True,,33093,,,-23.60887425,-46.514239,,,,2,2023-06-20T04:27:04+00:00
SAO_4221-10,São Paulo,3550308,True,,33093,,,-23.60887425,-46.514239,,,,2,2023-06-20T04:27:26+00:00
SAO_208V-10,São Paulo,3550308,True,Rápido Campinas,207,https://moovitapp.com/index/pt-br/transporte_p%C3%BAblico-line-207-Sao_Paulo-242-858660-638984-0,5.3,-23.5132375,-46.5012095,,,,1,2023-06-20T04:27:11+00:00
SAO_208V-10,São Paulo,3550308,True,Rápido Campinas,207,https://moovitapp.com/index/pt-br/transporte_p%C3%BAblico-line-207-Sao_Paulo-242-858660-638984-0,5.3,-23.546985,-46.629763999999994,,,,1,2023-06-20T04:27:18+00:00
SAO_208V-10,São Paulo,3550308,True,Rápido Campinas,207,https://moovitapp.com/index/pt-br/transporte_p%C3%BAblico-line-207-Sao_Paulo-242-858660-638984-0,5.3,-23.517753,-46.475941500000005,,,,1,2023-06-20T04:27:05+00:00
SAO_208V-10,São Paulo,3550308,True,Rápido Campinas,207,https://moovitapp.com/index/pt-br/transporte_p%C3%BAblico-line-207-Sao_Paulo-242-858660-638984-0,5.3,-23.535292,-46.575307249999994,,,,1,2023-06-20T04:27:40+00:00
SAO_208V-10,São Paulo,3550308,True,Rápido Campinas,207,https://moovitapp.com/index/pt-br/transporte_p%C3%BAblico-line-207-Sao_Paulo-242-858660-638984-0,5.3,-23.523282875,-46.548980125,,,,1,2023-06-20T04:27:32+00:00
SAO_208V-10,São Paulo,3550308,True,Rápido Campinas,207,https://moovitapp.com/index/pt-br/transporte_p%C3%BAblico-line-207-Sao_Paulo-242-858660-638984-0,5.3,-23.517753,-46.475941500000005,,,,1,2023-06-20T04:27:04+00:00
SAO_208V-10,São Paulo,3550308,True,Rápido Campinas,207,https://moovitapp.com/index/pt-br/transporte_p%C3%BAblico-line-207-Sao_Paulo-242-858660-638984-0,5.3,-23.517753,-46.475941500000005,,,,1,2023-06-20T04:27:32+00:00
SAO_2076-10,São Paulo,3550308,True,,368,,,-23.4940365,-46.4196,,,,1,2023-06-20T04:27:39+00:00
SAO_2076-10,São Paulo,3550308,True,,368,,,-23.512839,-46.5160465,,,,1,2023-06-20T04:27:32+00:00
SAO_2076-10,São Paulo,3550308,True,,368,,,-23.5015485,-46.37064675,,,,1,2023-06-20T04:26:59+00:00
SAO_2076-10,São Paulo,3550308,True,,368,,,-23.519419499999998,-46.547022,,,,1,2023-06-20T04:27:39+00:00
SAO_975A-10,São Paulo,3550308,True,EMTU,589,https://moovitapp.com/index/pt-br/transporte_p%C3%BAblico-line-589-Sao_Paulo-242-2038937-36419576-0,5.35,-23.58123725,-46.63910325,,,,1,2023-06-20T04:27:03+00:00
SAO_975A-10,São Paulo,3550308,True,EMTU,589,https://moovitapp.com/index/pt-br/transporte_p%C3%BAblico-line-589-Sao_Paulo-242-2038937-36419576-0,5.35,-23.5072215,-46.6709805,,,,1,2023-06-20T04:27:29+00:00
SAO_975A-10,São Paulo,3550308,True,EMTU,589,https://moovitapp.com/index/pt-br/transporte_p%C3%BAblico-line-589-Sao_Paulo-242-2038937-36419576-0,5.35,-23.5407145,-46.670465500000006,,,,1,2023-06-20T04:27:36+00:00
SAO_975A-10,São Paulo,3550308,True,EMTU,589,https://moovitapp.com/index/pt-br/transporte_p%C3%BAblico-line-589-Sao_Paulo-242-2038937-36419576-0,5.35,-23.471452499999998,-46.691846,,,,1,2023-06-20T04:27:39+00:00
SAO_875H-10,São Paulo,3550308,True,,1340,,,-23.568598375,-46.64789325000001,,,,1,2023-06-20T04:27:13+00:00
SAO_875H-10,São Paulo,3550308,True,,1340,,,-23.5509075,-46.677602,,,,1,2023-06-20T04:27:29+00:00
SAO_875H-10,São Paulo,3550308,True,,1340,,,-23.519885000000002,-46.700064999999995,,,,1,2023-06-20T04:27:20+00:00
SAO_3098-10,São Paulo,3550308,True,,1078,,,-23.5785145,-46.495988499999996,,,,1,2023-06-20T04:27:07+00:00
SAO_3098-10,São Paulo,3550308,True,,1078,,,-23.5645445,-46.508259,,,,1,2023-06-20T04:27:22+00:00
SAO_3098-10,São Paulo,3550308,True,,1078,,,-23.565915,-46.5070785,,,,1,2023-06-20T04:27:24+00:00
SAO_3098-10,São Paulo,3550308,True,,1078,,,-23.632133500000002,-46.4563395,,,,1,2023-06-20T04:27:24+00:00
SAO_3098-10,São Paulo,3550308,True,,1078,,,-23.6262075,-46.46236675,,,,1,2023-06-20T04:27:35+00:00
SAO_807P-10,São Paulo,3550308,True,,2099,,,-23.619129,-46.72311,,,,1,2023-06-20T04:27:37+00:00
SAO_3751-10,São Paulo,3550308,True,,33815,,,-23.539525375,-46.4551265,,,,2,2023-06-20T04:27:03+00:00
SAO_3751-10,São Paulo,3550308,True,,33815,,,-23.5631225,-46.418747999999994,,,,2,2023-06-20T04:27:36+00:00
SAO_5031-10,São Paulo,3550308,True,,34514,,,-23.636886500000003,-46.591195,,,,2,2023-06-20T04:27:40+00:00
SAO_5031-10,São Paulo,3550308,True,,34514,,,-23.61835075,-46.59270825,,,,2,2023-06-20T04:27:02+00:00
SAO_5031-10,São Paulo,3550308,True,,34514,,,-23.630733499999998,-46.58568725,,,,2,2023-06-20T04:27:33+00:00
SAO_5031-10,São Paulo,3550308,True,,34514,,,-23.631254499999997,-46.5850025,,,,2,2023-06-20T04:27:37+00:00
SAO_5031-10,São Paulo,3550308,True,,34514,,,-23.6045725,-46.599794,,,,2,2023-06-20T04:27:12+00:00
SAO_5031-10,São Paulo,3550308,True,,34514,,,-23.635931499999998,-46.5932345,,,,2,2023-06-20T04:27:39+00:00
SAO_1758-10,São Paulo,3550308,True,,33320,,,-23.4540025,-46.6616765,,,,2,2023-06-20T04:27:24+00:00
SAO_1758-10,São Paulo,3550308,True,,33320,,,-23.4590225,-46.6476075,,,,2,2023-06-20T04:27:22+00:00
SAO_1758-10,São Paulo,3550308,True,,33320,,,-23.5022175,-46.624197499999994,,,,2,2023-06-20T04:27:28+00:00
SAO_8215-10,São Paulo,3550308,True,,574,,,-23.461478,-46.7084365,,,,1,2023-06-20T04:27:17+00:00
SAO_8215-10,São Paulo,3550308,True,,574,,,-23.5425765,-46.636244000000005,,,,1,2023-06-20T04:27:36+00:00
SAO_8215-10,São Paulo,3550308,True,,574,,,-23.469084000000002,-46.6953355,,,,1,2023-06-20T04:27:06+00:00
SAO_8215-10,São Paulo,3550308,True,,574,,,-23.50684475,-46.6685255,,,,1,2023-06-20T04:27:13+00:00
SAO_8215-10,São Paulo,3550308,True,,574,,,-23.461478,-46.7084365,,,,1,2023-06-20T04:27:26+00:00
SAO_8215-10,São Paulo,3550308,True,,574,,,-23.461478,-46.7084365,,,,1,2023-06-20T04:27:35+00:00
SAO_8215-10,São Paulo,3550308,True,,574,,,-23.541013,-46.648037,,,,1,2023-06-20T04:26:56+00:00
SAO_8013-10,São Paulo,3550308,True,,800,,,-23.494515,-46.763217,,,,1,2023-06-20T04:27:29+00:00
SAO_8013-10,São Paulo,3550308,True,,800,,,-23.431413,-46.7872125,,,,1,2023-06-20T04:27:33+00:00
SAO_8013-10,São Paulo,3550308,True,,800,,,-23.431413,-46.7872125,,,,1,2023-06-20T04:27:07+00:00
SAO_8013-10,São Paulo,3550308,True,,800,,,-23.431413,-46.7872125,,,,1,2023-06-20T04:27:23+00:00
SAO_8013-10,São Paulo,3550308,True,,800,,,-23.524615500000003,-46.707330625,,,,1,2023-06-20T04:27:34+00:00
SAO_9191-10,São Paulo,3550308,True,,33578,,,-23.525825,-46.660333,,,,2,2023-06-20T04:27:16+00:00
SAO_9191-10,São Paulo,3550308,True,,33578,,,-23.460504,-46.681276,,,,2,2023-06-20T04:27:11+00:00
SAO_9191-10,São Paulo,3550308,True,,33578,,,-23.4581145,-46.6815085,,,,2,2023-06-20T04:27:27+00:00
SAO_9191-10,São Paulo,3550308,True,,33578,,,-23.45973,-46.6748785,,,,2,2023-06-20T04:27:19+00:00
SAO_9191-10,São Paulo,3550308,True,,33578,,,-23.456177500000003,-46.678882,,,,2,2023-06-20T04:27:18+00:00
SAO_9191-10,São Paulo,3550308,True,,33578,,,-23.514312500000003,-46.6668645,,,,2,2023-06-20T04:27:05+00:00
SAO_9191-10,São Paulo,3550308,True,,33578,,,-23.5280495,-46.633629625,,,,2,2023-06-20T04:27:09+00:00
SAO_9191-10,São Paulo,3550308,True,,33578,,,-23.4559915,-46.6784675,,,,2,2023-06-20T04:27:06+00:00
SAO_9191-10,São Paulo,3550308,True,,33578,,,-23.5040555,-46.683237500000004,,,,2,2023-06-20T04:27:01+00:00
SAO_3054-10,São Paulo,3550308,True,,33743,,,-23.608972,-46.408389,,,,2,2023-06-20T04:27:07+00:00
SAO_3054-10,São Paulo,3550308,True,,33743,,,-23.609623,-46.4081455,,,,2,2023-06-20T04:27:17+00:00
SAO_3054-10,São Paulo,3550308,True,,33743,,,-23.602150625,-46.482904125,,,,2,2023-06-20T04:27:10+00:00
SAO_3054-10,São Paulo,3550308,True,,33743,,,-23.595465750000002,-46.425873249999995,,,,2,2023-06-20T04:27:30+00:00
SAO_2734-10,São Paulo,3550308,True,,1760,,,-23.512009,-46.40866,,,,1,2023-06-20T04:27:07+00:00
SAO_2734-10,São Paulo,3550308,True,,1760,,,-23.512009,-46.40866,,,,1,2023-06-20T04:27:24+00:00
SAO_2734-10,São Paulo,3550308,True,,1760,,,-23.512009,-46.40866,,,,1,2023-06-20T04:27:16+00:00
SAO_2734-10,São Paulo,3550308,True,,1760,,,-23.50407775,-46.432106250000004,,,,1,2023-06-20T04:27:28+00:00
SAO_2734-10,São Paulo,3550308,True,,1760,,,-23.5420225,-46.471230000000006,,,,1,2023-06-20T04:27:32+00:00
SAO_2734-10,São Paulo,3550308,True,,1760,,,-23.537906,-46.456186,,,,1,2023-06-20T04:26:35+00:00
SAO_477A-10,São Paulo,3550308,True,,33114,,,-23.6002985,-46.60046475,,,,2,2023-06-20T04:27:22+00:00
SAO_477A-10,São Paulo,3550308,True,,33114,,,-23.5997145,-46.6005205,,,,2,2023-06-20T04:27:19+00:00
SAO_477A-10,São Paulo,3550308,True,,33114,,,-23.567010500000002,-46.7014225,,,,2,2023-06-20T04:27:29+00:00
SAO_477A-10,São Paulo,3550308,True,,33114,,,-23.57276425,-46.64287075,,,,2,2023-06-20T04:27:00+00:00
SAO_407G-10,São Paulo,3550308,True,,34964,,,-23.61114025,-46.43407825,,,,2,2023-06-20T04:25:12+00:00
SAO_407G-10,São Paulo,3550308,True,,34964,,,-23.588321750000002,-46.4904145,,,,2,2023-06-20T04:27:24+00:00
SAO_407G-10,São Paulo,3550308,True,,34964,,,-23.5538815,-46.5184675,,,,2,2023-06-20T04:27:42+00:00
SAO_407G-10,São Paulo,3550308,True,,34964,,,-23.616934999999998,-46.461402750000005,,,,2,2023-06-20T04:26:59+00:00
SAO_407G-10,São Paulo,3550308,True,,34964,,,-23.606397,-46.44241687499999,,,,2,2023-06-20T04:27:02+00:00
SAO_971R-42,São Paulo,3550308,True,,616,,,-23.444695000000003,-46.7402795,,,,1,2023-06-20T04:27:19+00:00
SAO_971R-42,São Paulo,3550308,True,,616,,,-23.4655835,-46.6794295,,,,1,2023-06-20T04:27:11+00:00
SAO_971R-42,São Paulo,3550308,True,,616,,,-23.449883,-46.70058950000001,,,,1,2023-06-20T04:27:33+00:00
SAO_609F-10,São Paulo,3550308,True,BR7 Mobilidade,37,https://moovitapp.com/index/pt-br/transporte_p%C3%BAblico-line-37-Sao_Paulo-242-851856-596010-0,5.75,-23.653739,-46.7411885,,,,1,2023-06-20T04:27:20+00:00
SAO_609F-10,São Paulo,3550308,True,BR7 Mobilidade,37,https://moovitapp.com/index/pt-br/transporte_p%C3%BAblico-line-37-Sao_Paulo-242-851856-596010-0,5.75,-23.541165,-46.6389475,,,,1,2023-06-20T04:27:39+00:00
SAO_609F-10,São Paulo,3550308,True,BR7 Mobilidade,37,https://moovitapp.com/index/pt-br/transporte_p%C3%BAblico-line-37-Sao_Paulo-242-851856-596010-0,5.75,-23.6680755,-46.748797,,,,1,2023-06-20T04:27:09+00:00
SAO_609F-10,São Paulo,3550308,True,BR7 Mobilidade,37,https://moovitapp.com/index/pt-br/transporte_p%C3%BAblico-line-37-Sao_Paulo-242-851856-596010-0,5.75,-23.6670765,-46.753249999999994,,,,1,2023-06-20T04:27:27+00:00
SAO_609F-10,São Paulo,3550308,True,BR7 Mobilidade,37,https://moovitapp.com/index/pt-br/transporte_p%C3%BAblico-line-37-Sao_Paulo-242-851856-596010-0,5.75,-23.564640500000003,-46.6570085,,,,1,2023-06-20T04:27:27+00:00
SAO_609F-10,São Paulo,3550308,True,BR7 Mobilidade,37,https://moovitapp.com/index/pt-br/transporte_p%C3%BAblico-line-37-Sao_Paulo-242-851856-596010-0,5.75,-23.5956325,-46.692371,,,,1,2023-06-20T04:27:35+00:00
SAO_609F-10,São Paulo,3550308,True,BR7 Mobilidade,37,https://moovitapp.com/index/pt-br/transporte_p%C3%BAblico-line-37-Sao_Paulo-242-851856-596010-0,5.75,-23.54138,-46.6419465,,,,1,2023-06-20T04:27:03+00:00
SAO_609F-10,São Paulo,3550308,True,BR7 Mobilidade,37,https://moovitapp.com/index/pt-br/transporte_p%C3%BAblico-line-37-Sao_Paulo-242-851856-596010-0,5.75,-23.580629000000002,-46.6799365,,,,1,2023-06-20T04:27:10+00:00
SAO_609F-10,São Paulo,3550308,True,BR7 Mobilidade,37,https://moovitapp.com/index/pt-br/transporte_p%C3%BAblico-line-37-Sao_Paulo-242-851856-596010-0,5.75,-23.6680755,-46.748797,,,,1,2023-06-20T04:27:10+00:00
SAO_2718-10,São Paulo,3550308,True,,33699,,,-23.4956295,-46.509212,,,,2,2023-06-20T04:27:01+00:00
SAO_2718-10,São Paulo,3550308,True,,33699,,,-23.52355925,-46.5462585,,,,2,2023-06-20T04:27:36+00:00
SAO_2718-10,São Paulo,3550308,True,,33699,,,-23.4930925,-46.49988925,,,,2,2023-06-20T04:27:18+00:00
SAO_2718-10,São Paulo,3550308,True,,33699,,,-23.5092755,-46.549014,,,,2,2023-06-20T04:27:03+00:00
SAO_1744-10,São Paulo,3550308,True,,33312,,,-23.481918,-46.64107,,,,2,2023-06-20T04:26:56+00:00
SAO_1744-10,São Paulo,3550308,True,,33312,,,-23.472218750000003,-46.641547875,,,,2,2023-06-20T04:27:39+00:00
SAO_1744-10,São Paulo,3550308,True,,33312,,,-23.5026995,-46.624219,,,,2,2023-06-20T04:27:12+00:00
SAO_1744-10,São Paulo,3550308,True,,33312,,,-23.472376,-46.64149449999999,,,,2,2023-06-20T04:27:12+00:00
SAO_1744-10,São Paulo,3550308,True,,33312,,,-23.47214175,-46.642127375,,,,2,2023-06-20T04:27:04+00:00
SAO_8028-10,São Paulo,3550308,True,,35300,,,-23.604789750000002,-46.70900375,,,,2,2023-06-20T04:27:02+00:00
SAO_8028-10,São Paulo,3550308,True,,35300,,,-23.6222185,-46.7278965,,,,2,2023-06-20T04:27:36+00:00
SAO_364A-10,São Paulo,3550308,True,,34014,,,-23.5846835,-46.6112045,,,,2,2023-06-20T04:27:03+00:00
SAO_364A-10,São Paulo,3550308,True,,34014,,,-23.585694,-46.4997745,,,,2,2023-06-20T04:27:33+00:00
SAO_364A-10,São Paulo,3550308,True,,34014,,,-23.582045,-46.5519735,,,,2,2023-06-20T04:27:12+00:00
SAO_364A-10,São Paulo,3550308,True,,34014,,,-23.56465375,-46.505956,,,,2,2023-06-20T04:27:13+00:00
SAO_364A-10,São Paulo,3550308,True,,34014,,,-23.5633995,-46.5007685,,,,2,2023-06-20T04:27:33+00:00
SAO_364A-10,São Paulo,3550308,True,,34014,,,-23.5847285,-46.611627500000004,,,,2,2023-06-20T04:27:29+00:00
SAO_364A-10,São Paulo,3550308,True,,34014,,,-23.6069115,-46.507206499999995,,,,2,2023-06-20T04:27:38+00:00
SAO_364A-10,São Paulo,3550308,True,,34014,,,-23.5847285,-46.611627500000004,,,,2,2023-06-20T04:27:05+00:00
SAO_364A-10,São Paulo,3550308,True,,34014,,,-23.582124999999998,-46.598608,,,,2,2023-06-20T04:27:11+00:00
SAO_6039-10,São Paulo,3550308,True,,1217,,,-23.6860325,-46.8009515,,,,1,2023-06-20T04:27:40+00:00
SAO_6039-10,São Paulo,3550308,True,,1217,,,-23.65865,-46.765243,,,,1,2023-06-20T04:27:22+00:00
SAO_6039-10,São Paulo,3550308,True,,1217,,,-23.6510345,-46.7091115,,,,1,2023-06-20T04:27:35+00:00
SAO_407P-10,São Paulo,3550308,True,,34968,,,-23.541269,-46.5768465,,,,2,2023-06-20T04:27:25+00:00
SAO_407P-10,São Paulo,3550308,True,,34968,,,-23.565231500000003,-46.415726,,,,2,2023-06-20T04:27:27+00:00
SAO_407P-10,São Paulo,3550308,True,,34968,,,-23.52552775,-46.436398,,,,2,2023-06-20T04:26:14+00:00
SAO_407P-10,São Paulo,3550308,True,,34968,,,-23.541269,-46.5768465,,,,2,2023-06-20T04:27:19+00:00
SAO_407P-10,São Paulo,3550308,True,,34968,,,-23.541269,-46.5768465,,,,2,2023-06-20T04:26:59+00:00
SAO_407P-10,São Paulo,3550308,True,,34968,,,-23.534294,-46.4970925,,,,2,2023-06-20T04:27:04+00:00
SAO_7022-10,São Paulo,3550308,True,,34852,,,-23.6541455,-46.709371000000004,,,,2,2023-06-20T04:27:32+00:00
SAO_7022-10,São Paulo,3550308,True,,34852,,,-23.6852245,-46.7751985,,,,2,2023-06-20T04:27:39+00:00
SAO_7022-10,São Paulo,3550308,True,,34852,,,-23.6729755,-46.744468749999996,,,,2,2023-06-20T04:27:21+00:00
SAO_8549-10,São Paulo,3550308,True,,33348,,,-23.436301125,-46.716888125,,,,2,2023-06-20T04:27:22+00:00
SAO_8549-10,São Paulo,3550308,True,,33348,,,-23.45687625,-46.6911815,,,,2,2023-06-20T04:27:17+00:00
SAO_8549-10,São Paulo,3550308,True,,33348,,,-23.515495,-46.6905195,,,,2,2023-06-20T04:27:20+00:00
SAO_8549-10,São Paulo,3550308,True,,33348,,,-23.436173500000002,-46.7172835,,,,2,2023-06-20T04:27:35+00:00
SAO_8549-10,São Paulo,3550308,True,,33348,,,-23.531844,-46.660304749999995,,,,2,2023-06-20T04:27:33+00:00
SAO_8549-10,São Paulo,3550308,True,,33348,,,-23.4680295,-46.6775685,,,,2,2023-06-20T04:27:36+00:00
SAO_2762-10,São Paulo,3550308,True,,32912,,,-23.486438749999998,-46.47584725,,,,2,2023-06-20T04:27:26+00:00
SAO_2762-10,São Paulo,3550308,True,,32912,,,-23.5185405,-46.5484945,,,,2,2023-06-20T04:25:05+00:00
SAO_2762-10,São Paulo,3550308,True,,32912,,,-23.535095,-46.5766945,,,,2,2023-06-20T04:27:39+00:00
SAO_2762-10,São Paulo,3550308,True,,32912,,,-23.4982895,-46.47767375,,,,2,2023-06-20T04:27:41+00:00
SAO_6200-10,São Paulo,3550308,True,,33123,,,-23.5643405,-46.657101,,,,2,2023-06-20T04:27:32+00:00
SAO_6200-10,São Paulo,3550308,True,,33123,,,-23.582404,-46.68563,,,,2,2023-06-20T04:27:14+00:00
SAO_6200-10,São Paulo,3550308,True,,33123,,,-23.6277295,-46.714453750000004,,,,2,2023-06-20T04:27:15+00:00
SAO_477P-10,São Paulo,3550308,True,EMTU,348,https://moovitapp.com/index/pt-br/transporte_p%C3%BAblico-line-348-Sao_Paulo-242-2038937-36419431-0,5.1,-23.579317125,-46.606075000000004,,,,1,2023-06-20T04:27:30+00:00
SAO_477P-10,São Paulo,3550308,True,EMTU,348,https://moovitapp.com/index/pt-br/transporte_p%C3%BAblico-line-348-Sao_Paulo-242-2038937-36419431-0,5.1,-23.5855505,-46.68270875,,,,1,2023-06-20T04:27:19+00:00
SAO_477P-10,São Paulo,3550308,True,EMTU,348,https://moovitapp.com/index/pt-br/transporte_p%C3%BAblico-line-348-Sao_Paulo-242-2038937-36419431-0,5.1,-23.573998,-46.7147795,,,,1,2023-06-20T04:27:28+00:00
SAO_477P-10,São Paulo,3550308,True,EMTU,348,https://moovitapp.com/index/pt-br/transporte_p%C3%BAblico-line-348-Sao_Paulo-242-2038937-36419431-0,5.1,-23.585709,-46.7576065,,,,1,2023-06-20T04:27:05+00:00
SAO_2019-10,São Paulo,3550308,True,,33673,,,-23.533411,-46.4800305,,,,2,2023-06-20T04:27:37+00:00
SAO_8019-10,São Paulo,3550308,True,,2071,,,-23.545325,-46.7467535,,,,1,2023-06-20T04:27:31+00:00
SAO_8019-10,São Paulo,3550308,True,,2071,,,-23.5454215,-46.746694,,,,1,2023-06-20T04:27:28+00:00
SAO_8019-10,São Paulo,3550308,True,,2071,,,-23.552605,-46.757262499999996,,,,1,2023-06-20T04:27:17+00:00
SAO_3539-10,São Paulo,3550308,True,,748,,,-23.5958445,-46.434946499999995,,,,1,2023-06-20T04:27:40+00:00
SAO_3539-10,São Paulo,3550308,True,,748,,,-23.5449965,-46.596754000000004,,,,1,2023-06-20T04:27:34+00:00
SAO_3539-10,São Paulo,3550308,True,,748,,,-23.599567,-46.401396500000004,,,,1,2023-06-20T04:27:29+00:00
SAO_3539-10,São Paulo,3550308,True,,748,,,-23.546198500000003,-46.461079999999995,,,,1,2023-06-20T04:27:23+00:00
SAO_3539-10,São Paulo,3550308,True,,748,,,-23.59753475,-46.4038155,,,,1,2023-06-20T04:27:00+00:00
SAO_5178-10,São Paulo,3550308,True,,33363,,,-23.636405500000002,-46.670431750000006,,,,2,2023-06-20T04:27:35+00:00
SAO_5178-10,São Paulo,3550308,True,,33363,,,-23.6815815,-46.642790000000005,,,,2,2023-06-20T04:25:20+00:00
SAO_5178-10,São Paulo,3550308,True,,33363,,,-23.6823275,-46.642701,,,,2,2023-06-20T04:27:25+00:00
SAO_5178-10,São Paulo,3550308,True,,33363,,,-23.552270999999998,-46.633739500000004,,,,2,2023-06-20T04:27:19+00:00
SAO_5178-10,São Paulo,3550308,True,,33363,,,-23.5888675,-46.6524785,,,,2,2023-06-20T04:27:24+00:00
SAO_702C-10,São Paulo,3550308,True,STT,485,https://moovitapp.com/index/pt-br/transporte_p%C3%BAblico-line-485-Sao_Paulo-242-850661-183324-0,5.3,-23.542686,-46.5910485,,,,1,2023-06-20T04:27:37+00:00
SAO_702C-10,São Paulo,3550308,True,STT,485,https://moovitapp.com/index/pt-br/transporte_p%C3%BAblico-line-485-Sao_Paulo-242-850661-183324-0,5.3,-23.571223,-46.691788,,,,1,2023-06-20T04:27:34+00:00
SAO_702C-10,São Paulo,3550308,True,STT,485,https://moovitapp.com/index/pt-br/transporte_p%C3%BAblico-line-485-Sao_Paulo-242-850661-183324-0,5.3,-23.570785125,-46.744463749999994,,,,1,2023-06-20T04:27:07+00:00
SAO_702C-10,São Paulo,3550308,True,STT,485,https://moovitapp.com/index/pt-br/transporte_p%C3%BAblico-line-485-Sao_Paulo-242-850661-183324-0,5.3,-23.542462,-46.590803,,,,1,2023-06-20T04:27:07+00:00
SAO_6414-10,São Paulo,3550308,True,,33128,,,-23.66966975,-46.712165,,,,2,2023-06-20T04:27:25+00:00
SAO_6414-10,São Paulo,3550308,True,,33128,,,-23.593024874999998,-46.67293325,,,,2,2023-06-20T04:27:42+00:00
SAO_6414-10,São Paulo,3550308,True,,33128,,,-23.670198,-46.712326000000004,,,,2,2023-06-20T04:27:03+00:00
SAO_6414-10,São Paulo,3550308,True,,33128,,,-23.636039,-46.6954255,,,,2,2023-06-20T04:27:34+00:00
SAO_9785-10,São Paulo,3550308,True,,33596,,,-23.456933,-46.69915625,,,,2,2023-06-20T04:27:01+00:00
SAO_9785-10,São Paulo,3550308,True,,33596,,,-23.478144999999998,-46.68554625,,,,2,2023-06-20T04:27:28+00:00
SAO_9785-10,São Paulo,3550308,True,,33596,,,-23.518756624999998,-46.676559125000004,,,,2,2023-06-20T04:27:30+00:00
SAO_9785-10,São Paulo,3550308,True,,33596,,,-23.4566515,-46.6990195,,,,2,2023-06-20T04:27:40+00:00
SAO_2080-10,São Paulo,3550308,True,,33139,,,-23.484951000000002,-46.38398325,,,,2,2023-06-20T04:23:25+00:00
SAO_2080-10,São Paulo,3550308,True,,33139,,,-23.510422374999997,-46.36670225,,,,2,2023-06-20T04:27:24+00:00
SAO_2080-10,São Paulo,3550308,True,,33139,,,-23.493502749999998,-46.4426755,,,,2,2023-06-20T04:27:27+00:00
SAO_2080-10,São Paulo,3550308,True,,33139,,,-23.492140624999998,-46.444689125,,,,2,2023-06-20T04:27:39+00:00
SAO_273X-10,São Paulo,3550308,True,,33160,,,-23.497997999999995,-46.461394625,,,,2,2023-06-20T04:27:41+00:00
SAO_273X-10,São Paulo,3550308,True,,33160,,,-23.497997624999996,-46.376735124999996,,,,2,2023-06-20T04:27:01+00:00
SAO_273X-10,São Paulo,3550308,True,,33160,,,-23.540174,-46.483585500000004,,,,2,2023-06-20T04:27:11+00:00
SAO_273X-10,São Paulo,3550308,True,,33160,,,-23.540174,-46.483585500000004,,,,2,2023-06-20T04:27:41+00:00
SAO_273X-10,São Paulo,3550308,True,,33160,,,-23.497997624999996,-46.376735124999996,,,,2,2023-06-20T04:27:12+00:00
SAO_273X-10,São Paulo,3550308,True,,33160,,,-23.494137000000002,-46.45074150000001,,,,2,2023-06-20T04:25:39+00:00
SAO_273X-10,São Paulo,3550308,True,,33160,,,-23.540174,-46.483585500000004,,,,2,2023-06-20T04:27:03+00:00
SAO_273X-10,São Paulo,3550308,True,,33160,,,-23.497997624999996,-46.376735124999996,,,,2,2023-06-20T04:27:27+00:00
SAO_273X-10,São Paulo,3550308,True,,33160,,,-23.497997624999996,-46.376735124999996,,,,2,2023-06-20T04:27:26+00:00
SAO_273R-10,São Paulo,3550308,True,,32994,,,-23.51163725,-46.442257500000004,,,,2,2023-06-20T04:25:27+00:00
SAO_273R-10,São Paulo,3550308,True,,32994,,,-23.522662999999998,-46.41263875,,,,2,2023-06-20T04:27:15+00:00
SAO_273R-10,São Paulo,3550308,True,,32994,,,-23.52228,-46.4125755,,,,2,2023-06-20T04:27:07+00:00
SAO_273R-10,São Paulo,3550308,True,,32994,,,-23.52228,-46.4125755,,,,2,2023-06-20T04:27:29+00:00
SAO_273R-10,São Paulo,3550308,True,,32994,,,-23.525419875,-46.474753125,,,,2,2023-06-20T04:27:22+00:00
SAO_273R-10,São Paulo,3550308,True,,32994,,,-23.522662999999998,-46.41263875,,,,2,2023-06-20T04:27:10+00:00
SAO_273R-10,São Paulo,3550308,True,,32994,,,-23.516146,-46.467611000000005,,,,2,2023-06-20T04:27:13+00:00
SAO_273R-10,São Paulo,3550308,True,,32994,,,-23.538740500000003,-46.480374,,,,2,2023-06-20T04:27:08+00:00
SAO_273R-10,São Paulo,3550308,True,,32994,,,-23.52228,-46.4125755,,,,2,2023-06-20T04:27:08+00:00
SAO_513C-31,São Paulo,3550308,True,,35304,,,-23.606419000000002,-46.5629485,,,,2,2023-06-20T04:27:07+00:00
SAO_513C-31,São Paulo,3550308,True,,35304,,,-23.598692,-46.529227500000005,,,,2,2023-06-20T04:27:30+00:00
SAO_513C-31,São Paulo,3550308,True,,35304,,,-23.58092925,-46.442563500000006,,,,2,2023-06-20T04:27:05+00:00
SAO_5110-10,São Paulo,3550308,True,,2209,,,-23.547036,-46.628932,,,,1,2023-06-20T04:27:18+00:00
SAO_5110-10,São Paulo,3550308,True,,2209,,,-23.5705148125,-46.6051620625,,,,1,2023-06-20T04:27:26+00:00
SAO_5110-10,São Paulo,3550308,True,,2209,,,-23.5472265,-46.6288135,,,,1,2023-06-20T04:26:59+00:00
SAO_5110-10,São Paulo,3550308,True,,2209,,,-23.6127315,-46.491023999999996,,,,1,2023-06-20T04:27:34+00:00
SAO_5110-10,São Paulo,3550308,True,,2209,,,-23.581752,-46.5606425,,,,1,2023-06-20T04:27:34+00:00
SAO_5110-10,São Paulo,3550308,True,,2209,,,-23.612768,-46.491312,,,,1,2023-06-20T04:26:27+00:00
SAO_4024-10,São Paulo,3550308,True,,34926,,,-23.541154499999998,-46.446971500000004,,,,2,2023-06-20T04:27:00+00:00
SAO_4024-10,São Paulo,3550308,True,,34926,,,-23.565846999999998,-46.416027,,,,2,2023-06-20T04:27:07+00:00
SAO_1742-10,São Paulo,3550308,True,EMTU,542,https://moovitapp.com/index/pt-br/transporte_p%C3%BAblico-line-542-Sao_Paulo-242-2038937-59914572-0,5.4,-23.4835615,-46.631298,,,,1,2023-06-20T04:27:41+00:00
SAO_1742-10,São Paulo,3550308,True,EMTU,542,https://moovitapp.com/index/pt-br/transporte_p%C3%BAblico-line-542-Sao_Paulo-242-2038937-59914572-0,5.4,-23.4568285,-46.658956,,,,1,2023-06-20T04:27:09+00:00
SAO_1742-10,São Paulo,3550308,True,EMTU,542,https://moovitapp.com/index/pt-br/transporte_p%C3%BAblico-line-542-Sao_Paulo-242-2038937-59914572-0,5.4,-23.503129,-46.6243705,,,,1,2023-06-20T04:27:11+00:00
SAO_1742-10,São Paulo,3550308,True,EMTU,542,https://moovitapp.com/index/pt-br/transporte_p%C3%BAblico-line-542-Sao_Paulo-242-2038937-59914572-0,5.4,-23.458046500000002,-46.660594,,,,1,2023-06-20T04:27:32+00:00
SAO_407I-10,São Paulo,3550308,True,,34990,,,-23.5431125,-46.48502825,,,,2,2023-06-20T04:26:52+00:00
SAO_407I-10,São Paulo,3550308,True,,34990,,,-23.55286,-46.51341925,,,,2,2023-06-20T04:26:57+00:00
SAO_407I-10,São Paulo,3550308,True,,34990,,,-23.544168875,-46.59126675,,,,2,2023-06-20T04:27:05+00:00
SAO_3459-23,São Paulo,3550308,True,EMTU,404,https://moovitapp.com/index/pt-br/transporte_p%C3%BAblico-line-404-Sao_Paulo-242-2038937-36419466-0,5.2,-23.5165205,-46.385602000000006,,,,1,2023-06-20T04:27:10+00:00
SAO_3459-23,São Paulo,3550308,True,EMTU,404,https://moovitapp.com/index/pt-br/transporte_p%C3%BAblico-line-404-Sao_Paulo-242-2038937-36419466-0,5.2,-23.5165205,-46.385602000000006,,,,1,2023-06-20T04:27:19+00:00
SAO_9701-10,São Paulo,3550308,True,,33337,,,-23.4763665,-46.667559,,,,2,2023-06-20T04:27:23+00:00
SAO_9701-10,São Paulo,3550308,True,,33337,,,-23.5245125,-46.66572375,,,,2,2023-06-20T04:27:36+00:00
SAO_9701-10,São Paulo,3550308,True,,33337,,,-23.476384000000003,-46.667850375,,,,2,2023-06-20T04:27:09+00:00
SAO_6039-21,São Paulo,3550308,True,,2493,,,-23.676624500000003,-46.7926545,,,,1,2023-06-20T04:27:14+00:00
SAO_373L-10,São Paulo,3550308,True,,33795,,,-23.542361,-46.4705955,,,,2,2023-06-20T04:27:21+00:00
SAO_373L-10,São Paulo,3550308,True,,33795,,,-23.542361,-46.4705955,,,,2,2023-06-20T04:27:02+00:00
SAO_373L-10,São Paulo,3550308,True,,33795,,,-23.573575500000004,-46.4584575,,,,2,2023-06-20T04:27:15+00:00
SAO_373L-10,São Paulo,3550308,True,,33795,,,-23.6224955,-46.4141075,,,,2,2023-06-20T04:27:41+00:00
SAO_373L-10,São Paulo,3550308,True,,33795,,,-23.6227125,-46.414294,,,,2,2023-06-20T04:27:41+00:00
SAO_373L-10,São Paulo,3550308,True,,33795,,,-23.614715500000003,-46.423099,,,,2,2023-06-20T04:27:22+00:00
SAO_3778-10,São Paulo,3550308,True,,1062,,,-23.5406615,-46.55180275,,,,1,2023-06-20T04:27:32+00:00
SAO_3778-10,São Paulo,3550308,True,,1062,,,-23.5551155,-46.52641975,,,,1,2023-06-20T04:27:12+00:00
SAO_3778-10,São Paulo,3550308,True,,1062,,,-23.573877500000002,-46.4922105,,,,1,2023-06-20T04:27:25+00:00
SAO_2712-10,São Paulo,3550308,True,,926,,,-23.5407195,-46.482772499999996,,,,1,2023-06-20T04:26:59+00:00
SAO_2712-10,São Paulo,3550308,True,,926,,,-23.527357000000002,-46.479188,,,,1,2023-06-20T04:27:10+00:00
SAO_2712-10,São Paulo,3550308,True,,926,,,-23.5410635,-46.482572000000005,,,,1,2023-06-20T04:27:32+00:00
SAO_2712-10,São Paulo,3550308,True,,926,,,-23.53363,-46.48060649999999,,,,1,2023-06-20T04:27:26+00:00
SAO_2712-10,São Paulo,3550308,True,,926,,,-23.5404755,-46.4828995,,,,1,2023-06-20T04:27:33+00:00
SAO_1701-21,São Paulo,3550308,True,,35244,,,-23.465207499999998,-46.585145999999995,,,,2,2023-06-20T04:27:16+00:00
SAO_2021-10,São Paulo,3550308,True,,33674,,,-23.5417215,-46.416351500000005,,,,2,2023-06-20T04:25:51+00:00
SAO_2021-10,São Paulo,3550308,True,,33674,,,-23.53736025,-46.399959749999994,,,,2,2023-06-20T04:27:08+00:00
SAO_675N-10,São Paulo,3550308,True,,33130,,,-23.6306628125,-46.709612812500005,,,,2,2023-06-20T04:27:09+00:00
SAO_675N-10,São Paulo,3550308,True,,33130,,,-23.642614625,-46.716104,,,,2,2023-06-20T04:27:13+00:00
SAO_675N-10,São Paulo,3550308,True,,33130,,,-23.604503375,-46.67426225,,,,2,2023-06-20T04:27:43+00:00
SAO_675N-10,São Paulo,3550308,True,,33130,,,-23.654868999999998,-46.715183874999994,,,,2,2023-06-20T04:27:08+00:00
SAO_6053-10,São Paulo,3550308,True,,1145,,,-23.74375,-46.691297,,,,1,2023-06-20T04:27:26+00:00
SAO_4716-10,São Paulo,3550308,True,,33874,,,-23.60405875,-46.63454475,,,,2,2023-06-20T04:27:23+00:00
SAO_4716-10,São Paulo,3550308,True,,33874,,,-23.619209249999997,-46.61287374999999,,,,2,2023-06-20T04:27:13+00:00
SAO_4716-10,São Paulo,3550308,True,,33874,,,-23.599436,-46.6383915,,,,2,2023-06-20T04:27:38+00:00
SAO_517J-10,São Paulo,3550308,True,,1129,,,-23.680882249999996,-46.653934250000006,,,,1,2023-06-20T04:27:23+00:00
SAO_517J-10,São Paulo,3550308,True,,1129,,,-23.6268235,-46.686134499999994,,,,1,2023-06-20T04:27:31+00:00
SAO_517J-10,São Paulo,3550308,True,,1129,,,-23.690821999999997,-46.655268,,,,1,2023-06-20T04:27:14+00:00
SAO_2175-10,São Paulo,3550308,True,,697,,,-23.497568,-46.5690515,,,,1,2023-06-20T04:27:20+00:00
SAO_2175-10,São Paulo,3550308,True,,697,,,-23.542247500000002,-46.61546725,,,,1,2023-06-20T04:27:04+00:00
SAO_2175-10,São Paulo,3550308,True,,697,,,-23.473947,-46.5664555,,,,1,2023-06-20T04:27:19+00:00
SAO_2100-10,São Paulo,3550308,True,STT,713,https://moovitapp.com/index/pt-br/transporte_p%C3%BAblico-line-713-Sao_Paulo-242-850661-183342-0,5.3,-23.5497315,-46.625403000000006,,,,1,2023-06-20T04:27:24+00:00
SAO_2100-10,São Paulo,3550308,True,STT,713,https://moovitapp.com/index/pt-br/transporte_p%C3%BAblico-line-713-Sao_Paulo-242-850661-183342-0,5.3,-23.549367,-46.633191499999995,,,,1,2023-06-20T04:27:41+00:00
SAO_2100-10,São Paulo,3550308,True,STT,713,https://moovitapp.com/index/pt-br/transporte_p%C3%BAblico-line-713-Sao_Paulo-242-850661-183342-0,5.3,-23.54945075,-46.63263675,,,,1,2023-06-20T04:27:31+00:00
SAO_2100-10,São Paulo,3550308,True,STT,713,https://moovitapp.com/index/pt-br/transporte_p%C3%BAblico-line-713-Sao_Paulo-242-850661-183342-0,5.3,-23.567992250000003,-46.527463,,,,1,2023-06-20T04:27:08+00:00
SAO_2100-10,São Paulo,3550308,True,STT,713,https://moovitapp.com/index/pt-br/transporte_p%C3%BAblico-line-713-Sao_Paulo-242-850661-183342-0,5.3,-23.5593735,-46.586621,,,,1,2023-06-20T04:27:15+00:00
SAO_2100-10,São Paulo,3550308,True,STT,713,https://moovitapp.com/index/pt-br/transporte_p%C3%BAblico-line-713-Sao_Paulo-242-850661-183342-0,5.3,-23.564484999999998,-46.547264,,,,1,2023-06-20T04:27:02+00:00
SAO_2100-10,São Paulo,3550308,True,STT,713,https://moovitapp.com/index/pt-br/transporte_p%C3%BAblico-line-713-Sao_Paulo-242-850661-183342-0,5.3,-23.54945075,-46.63263675,,,,1,2023-06-20T04:27:36+00:00
SAO_2100-10,São Paulo,3550308,True,STT,713,https://moovitapp.com/index/pt-br/transporte_p%C3%BAblico-line-713-Sao_Paulo-242-850661-183342-0,5.3,-23.554383,-46.5941305,,,,1,2023-06-20T04:27:20+00:00
SAO_7062-10,São Paulo,3550308,True,,1898,,,-23.645670000000003,-46.7712555,,,,1,2023-06-20T04:27:26+00:00
SAO_7062-10,São Paulo,3550308,True,,1898,,,-23.631797499999998,-46.7719915,,,,1,2023-06-20T04:27:01+00:00
SAO_7062-10,São Paulo,3550308,True,,1898,,,-23.645773,-46.771611500000006,,,,1,2023-06-20T04:27:07+00:00
SAO_7062-10,São Paulo,3550308,True,,1898,,,-23.645670000000003,-46.7712555,,,,1,2023-06-20T04:27:06+00:00
SAO_3789-10,São Paulo,3550308,True,,33835,,,-23.611982,-46.3961475,,,,2,2023-06-20T04:27:29+00:00
SAO_3789-10,São Paulo,3550308,True,,33835,,,-23.595814750000002,-46.43762475,,,,2,2023-06-20T04:27:05+00:00
SAO_3789-10,São Paulo,3550308,True,,33835,,,-23.5832325,-46.409378000000004,,,,2,2023-06-20T04:27:11+00:00
SAO_3789-10,São Paulo,3550308,True,,33835,,,-23.5450845,-46.469041000000004,,,,2,2023-06-20T04:27:24+00:00
SAO_3789-10,São Paulo,3550308,True,,33835,,,-23.611663,-46.3964115,,,,2,2023-06-20T04:26:59+00:00
SAO_3789-10,São Paulo,3550308,True,,33835,,,-23.57804675,-46.44340625,,,,2,2023-06-20T04:27:39+00:00
SAO_6047-10,São Paulo,3550308,True,,33992,,,-23.668284,-46.763536,,,,2,2023-06-20T04:27:23+00:00
SAO_6047-10,São Paulo,3550308,True,,33992,,,-23.6509915,-46.7336565,,,,2,2023-06-20T04:27:33+00:00
SAO_6047-10,São Paulo,3550308,True,,33992,,,-23.668284,-46.763536,,,,2,2023-06-20T04:27:09+00:00
SAO_5031-10,São Paulo,3550308,True,,1746,,,-23.6343685,-46.588888,,,,1,2023-06-20T04:27:26+00:00
SAO_5031-10,São Paulo,3550308,True,,1746,,,-23.610267,-46.5958015,,,,1,2023-06-20T04:27:12+00:00
SAO_5031-10,São Paulo,3550308,True,,1746,,,-23.637415,-46.592847500000005,,,,1,2023-06-20T04:27:24+00:00
SAO_5031-10,São Paulo,3550308,True,,1746,,,-23.637415,-46.592847500000005,,,,1,2023-06-20T04:27:12+00:00
SAO_5031-10,São Paulo,3550308,True,,1746,,,-23.623526499999997,-46.591114000000005,,,,1,2023-06-20T04:27:41+00:00
SAO_5031-10,São Paulo,3550308,True,,1746,,,-23.603041,-46.601224,,,,1,2023-06-20T04:27:00+00:00
SAO_5031-10,São Paulo,3550308,True,,1746,,,-23.610267,-46.5958015,,,,1,2023-06-20T04:27:34+00:00
SAO_6003-21,São Paulo,3550308,True,,35344,,,-23.749432,-46.7092825,,,,2,2023-06-20T04:27:28+00:00
SAO_6003-21,São Paulo,3550308,True,,35344,,,-23.7669475,-46.7164815,,,,2,2023-06-20T04:27:30+00:00
SAO_2076-10,São Paulo,3550308,True,,33136,,,-23.492074,-46.3838055,,,,2,2023-06-20T04:27:26+00:00
SAO_2076-10,São Paulo,3550308,True,,33136,,,-23.497513,-46.4566115,,,,2,2023-06-20T04:27:24+00:00
SAO_2076-10,São Paulo,3550308,True,,33136,,,-23.498967,-46.3948065,,,,2,2023-06-20T04:27:34+00:00
SAO_4288-10,São Paulo,3550308,True,Cidade de Caieiras,290,https://moovitapp.com/index/pt-br/transporte_p%C3%BAblico-line-290-Sao_Paulo-242-868761-496416-0,5.0,-23.566148124999998,-46.60140200000001,,,,1,2023-06-20T04:27:36+00:00
SAO_7011-10,São Paulo,3550308,True,,1952,,,-23.694153,-46.782627500000004,,,,1,2023-06-20T04:27:21+00:00
SAO_2626-10,São Paulo,3550308,True,EMTU,376,https://moovitapp.com/index/pt-br/transporte_p%C3%BAblico-line-376-Sao_Paulo-242-2038937-114744732-0,5.1,-23.4957225,-46.4108095,,,,1,2023-06-20T04:27:29+00:00
SAO_2626-10,São Paulo,3550308,True,EMTU,376,https://moovitapp.com/index/pt-br/transporte_p%C3%BAblico-line-376-Sao_Paulo-242-2038937-114744732-0,5.1,-23.546727,-46.629723999999996,,,,1,2023-06-20T04:27:17+00:00
SAO_2626-10,São Paulo,3550308,True,EMTU,376,https://moovitapp.com/index/pt-br/transporte_p%C3%BAblico-line-376-Sao_Paulo-242-2038937-114744732-0,5.1,-23.542392999999997,-46.616875500000006,,,,1,2023-06-20T04:27:36+00:00
SAO_2626-10,São Paulo,3550308,True,EMTU,376,https://moovitapp.com/index/pt-br/transporte_p%C3%BAblico-line-376-Sao_Paulo-242-2038937-114744732-0,5.1,-23.52012875,-46.405300000000004,,,,1,2023-06-20T04:27:23+00:00
SAO_2626-10,São Paulo,3550308,True,EMTU,376,https://moovitapp.com/index/pt-br/transporte_p%C3%BAblico-line-376-Sao_Paulo-242-2038937-114744732-0,5.1,-23.5237645,-46.410553500000006,,,,1,2023-06-20T04:27:17+00:00
SAO_3462-10,São Paulo,3550308,True,EMTU,247,https://moovitapp.com/index/pt-br/transporte_p%C3%BAblico-line-247-Sao_Paulo-242-2038937-36419359-0,6.55,-23.532522,-46.46131,,,,1,2023-06-20T04:27:00+00:00
SAO_3462-10,São Paulo,3550308,True,EMTU,247,https://moovitapp.com/index/pt-br/transporte_p%C3%BAblico-line-247-Sao_Paulo-242-2038937-36419359-0,6.55,-23.5325455,-46.4610755,,,,1,2023-06-20T04:27:02+00:00
SAO_3462-10,São Paulo,3550308,True,EMTU,247,https://moovitapp.com/index/pt-br/transporte_p%C3%BAblico-line-247-Sao_Paulo-242-2038937-36419359-0,6.55,-23.538235,-46.565107499999996,,,,1,2023-06-20T04:27:14+00:00
SAO_6291-10,São Paulo,3550308,True,EMTU,358,https://moovitapp.com/index/pt-br/transporte_p%C3%BAblico-line-358-Sao_Paulo-242-2038937-36419439-0,4.8,-23.646239,-46.756101,,,,1,2023-06-20T04:27:08+00:00
SAO_6291-10,São Paulo,3550308,True,EMTU,358,https://moovitapp.com/index/pt-br/transporte_p%C3%BAblico-line-358-Sao_Paulo-242-2038937-36419439-0,4.8,-23.608069,-46.71253825,,,,1,2023-06-20T04:27:32+00:00
SAO_6291-10,São Paulo,3550308,True,EMTU,358,https://moovitapp.com/index/pt-br/transporte_p%C3%BAblico-line-358-Sao_Paulo-242-2038937-36419439-0,4.8,-23.5533975,-46.64797,,,,1,2023-06-20T04:27:42+00:00
SAO_2058-10,São Paulo,3550308,True,,33027,,,-23.494052500000002,-46.419838999999996,,,,2,2023-06-20T04:27:25+00:00
SAO_2058-10,São Paulo,3550308,True,,33027,,,-23.49448,-46.414542499999996,,,,2,2023-06-20T04:27:26+00:00
SAO_2058-10,São Paulo,3550308,True,,33027,,,-23.491640500000003,-46.434661,,,,2,2023-06-20T04:27:29+00:00
SAO_2058-10,São Paulo,3550308,True,,33027,,,-23.4916275,-46.435055000000006,,,,2,2023-06-20T04:27:05+00:00
SAO_2058-10,São Paulo,3550308,True,,33027,,,-23.491651,-46.434374500000004,,,,2,2023-06-20T04:26:59+00:00
SAO_172J-10,São Paulo,3550308,True,,33624,,,-23.479189750000003,-46.56941425,,,,2,2023-06-20T04:27:13+00:00
SAO_172J-10,São Paulo,3550308,True,,33624,,,-23.479367500000002,-46.568922,,,,2,2023-06-20T04:27:23+00:00
SAO_172J-10,São Paulo,3550308,True,,33624,,,-23.495901500000002,-46.575759000000005,,,,2,2023-06-20T04:27:33+00:00
SAO_172J-10,São Paulo,3550308,True,,33624,,,-23.51896975,-46.59011625000001,,,,2,2023-06-20T04:27:06+00:00
SAO_172J-10,São Paulo,3550308,True,,33624,,,-23.483421999999997,-46.570269249999996,,,,2,2023-06-20T04:26:37+00:00
SAO_172J-10,São Paulo,3550308,True,,33624,,,-23.4849295,-46.5694385,,,,2,2023-06-20T04:27:28+00:00
SAO_172J-10,São Paulo,3550308,True,,33624,,,-23.524113,-46.5812145,,,,2,2023-06-20T04:27:02+00:00
SAO_637A-22,São Paulo,3550308,True,,34370,,,-23.689531625,-46.77363325,,,,2,2023-06-20T04:27:19+00:00
SAO_637A-22,São Paulo,3550308,True,,34370,,,-23.6886205,-46.77281625,,,,2,2023-06-20T04:27:08+00:00
SAO_637A-22,São Paulo,3550308,True,,34370,,,-23.689531625,-46.77363325,,,,2,2023-06-20T04:27:29+00:00
SAO_2703-10,São Paulo,3550308,True,,33683,,,-23.529075,-46.42023275,,,,2,2023-06-20T04:23:56+00:00
SAO_2703-10,São Paulo,3550308,True,,33683,,,-23.541984999999997,-46.4710195,,,,2,2023-06-20T04:27:30+00:00
SAO_2703-10,São Paulo,3550308,True,,33683,,,-23.534283,-46.4528295,,,,2,2023-06-20T04:27:26+00:00
SAO_2703-10,São Paulo,3550308,True,,33683,,,-23.541973499999997,-46.470946999999995,,,,2,2023-06-20T04:26:56+00:00
SAO_2703-10,São Paulo,3550308,True,,33683,,,-23.529075,-46.42023275,,,,2,2023-06-20T04:27:14+00:00
SAO_2703-10,São Paulo,3550308,True,,33683,,,-23.5258185,-46.437165,,,,2,2023-06-20T04:27:13+00:00
SAO_2703-10,São Paulo,3550308,True,,33683,,,-23.522927000000003,-46.426773999999995,,,,2,2023-06-20T04:26:01+00:00
SAO_2703-10,São Paulo,3550308,True,,33683,,,-23.529125,-46.4206985,,,,2,2023-06-20T04:24:50+00:00
SAO_875C-10,São Paulo,3550308,True,EMTU,478,https://moovitapp.com/index/pt-br/transporte_p%C3%BAblico-line-478-Sao_Paulo-242-2038937-36419510-0,6.25,-23.52012,-46.6994665,,,,1,2023-06-20T04:27:37+00:00
SAO_875C-10,São Paulo,3550308,True,EMTU,478,https://moovitapp.com/index/pt-br/transporte_p%C3%BAblico-line-478-Sao_Paulo-242-2038937-36419510-0,6.25,-23.59716,-46.64210875,,,,1,2023-06-20T04:27:29+00:00
SAO_875C-10,São Paulo,3550308,True,EMTU,478,https://moovitapp.com/index/pt-br/transporte_p%C3%BAblico-line-478-Sao_Paulo-242-2038937-36419510-0,6.25,-23.5853895,-46.68170825,,,,1,2023-06-20T04:27:25+00:00
SAO_875C-10,São Paulo,3550308,True,EMTU,478,https://moovitapp.com/index/pt-br/transporte_p%C3%BAblico-line-478-Sao_Paulo-242-2038937-36419510-0,6.25,-23.52012,-46.6994665,,,,1,2023-06-20T04:27:38+00:00
SAO_875C-10,São Paulo,3550308,True,EMTU,478,https://moovitapp.com/index/pt-br/transporte_p%C3%BAblico-line-478-Sao_Paulo-242-2038937-36419510-0,6.25,-23.595557749999998,-46.66803925,,,,1,2023-06-20T04:27:00+00:00
SAO_875C-10,São Paulo,3550308,True,EMTU,478,https://moovitapp.com/index/pt-br/transporte_p%C3%BAblico-line-478-Sao_Paulo-242-2038937-36419510-0,6.25,-23.52012,-46.6994665,,,,1,2023-06-20T04:27:42+00:00
SAO_7001-10,São Paulo,3550308,True,,1722,,,-23.7247405,-46.7552985,,,,1,2023-06-20T04:27:30+00:00
SAO_7001-10,São Paulo,3550308,True,,1722,,,-23.702561000000003,-46.783201000000005,,,,1,2023-06-20T04:27:17+00:00
SAO_7001-10,São Paulo,3550308,True,,1722,,,-23.71439,-46.774733499999996,,,,1,2023-06-20T04:27:28+00:00
SAO_7001-10,São Paulo,3550308,True,,1722,,,-23.7247405,-46.7552985,,,,1,2023-06-20T04:27:23+00:00
SAO_9012-10,São Paulo,3550308,True,,1268,,,-23.51913725,-46.700255999999996,,,,1,2023-06-20T04:27:39+00:00
SAO_9012-10,São Paulo,3550308,True,,1268,,,-23.4697715,-46.679049500000005,,,,1,2023-06-20T04:27:18+00:00
SAO_6L04-10,São Paulo,3550308,True,,33948,,,-23.8716915,-46.769601,,,,2,2023-06-20T04:27:23+00:00
SAO_6L04-10,São Paulo,3550308,True,,33948,,,-23.837350375,-46.731930375000005,,,,2,2023-06-20T04:27:37+00:00
SAO_6L04-10,São Paulo,3550308,True,,33948,,,-23.870946,-46.769799,,,,2,2023-06-20T04:27:13+00:00
SAO_177H-10,São Paulo,3550308,True,,630,,,-23.504081,-46.65629475,,,,1,2023-06-20T04:27:09+00:00
SAO_177H-10,São Paulo,3550308,True,,630,,,-23.5526805,-46.731851500000005,,,,1,2023-06-20T04:27:26+00:00
SAO_177H-10,São Paulo,3550308,True,,630,,,-23.5526805,-46.731851500000005,,,,1,2023-06-20T04:27:20+00:00
SAO_177H-10,São Paulo,3550308,True,,630,,,-23.556712750000003,-46.680143875,,,,1,2023-06-20T04:27:08+00:00
SAO_6232-10,São Paulo,3550308,True,STT,483,https://moovitapp.com/index/pt-br/transporte_p%C3%BAblico-line-483-Sao_Paulo-242-850661-183322-0,5.3,-23.5456975,-46.708708,,,,1,2023-06-20T04:27:07+00:00
SAO_6820-10,São Paulo,3550308,True,,32787,,,-23.6603565,-46.7770965,,,,2,2023-06-20T04:27:40+00:00
SAO_6820-10,São Paulo,3550308,True,,32787,,,-23.658400999999998,-46.78931475,,,,2,2023-06-20T04:27:33+00:00
SAO_6820-10,São Paulo,3550308,True,,32787,,,-23.657791500000002,-46.764703999999995,,,,2,2023-06-20T04:27:01+00:00
SAO_6820-10,São Paulo,3550308,True,,32787,,,-23.6539115,-46.762288,,,,2,2023-06-20T04:27:36+00:00
SAO_5757-51,São Paulo,3550308,True,,1976,,,-23.6612885,-46.6521555,,,,1,2023-06-20T04:27:13+00:00
SAO_5757-51,São Paulo,3550308,True,,1976,,,-23.701442,-46.6454205,,,,1,2023-06-20T04:27:19+00:00
SAO_5757-51,São Paulo,3550308,True,,1976,,,-23.7079895,-46.641386499999996,,,,1,2023-06-20T04:27:34+00:00
SAO_5757-51,São Paulo,3550308,True,,1976,,,-23.6786435,-46.6406525,,,,1,2023-06-20T04:27:32+00:00
SAO_5757-51,São Paulo,3550308,True,,1976,,,-23.7079895,-46.641386499999996,,,,1,2023-06-20T04:26:55+00:00
SAO_6262-10,São Paulo,3550308,True,,1371,,,-23.5667605,-46.694315,,,,1,2023-06-20T04:27:40+00:00
SAO_6262-10,São Paulo,3550308,True,,1371,,,-23.5496865,-46.6401735,,,,1,2023-06-20T04:27:26+00:00
SAO_5022-10,São Paulo,3550308,True,,33888,,,-23.6589655,-46.6427695,,,,2,2023-06-20T04:27:24+00:00
SAO_148L-10,São Paulo,3550308,True,EMTU,531,https://moovitapp.com/index/pt-br/transporte_p%C3%BAblico-line-531-Sao_Paulo-242-2038937-36419543-0,4.4,-23.494551,-46.677898,,,,1,2023-06-20T04:26:20+00:00
SAO_148L-10,São Paulo,3550308,True,EMTU,531,https://moovitapp.com/index/pt-br/transporte_p%C3%BAblico-line-531-Sao_Paulo-242-2038937-36419543-0,4.4,-23.468798,-46.647832,,,,1,2023-06-20T04:26:38+00:00
SAO_148L-10,São Paulo,3550308,True,EMTU,531,https://moovitapp.com/index/pt-br/transporte_p%C3%BAblico-line-531-Sao_Paulo-242-2038937-36419543-0,4.4,-23.519864499999997,-46.700969,,,,1,2023-06-20T04:27:40+00:00
SAO_3745-10,São Paulo,3550308,True,,33812,,,-23.5828485,-46.5241215,,,,2,2023-06-20T04:27:07+00:00
SAO_3745-10,São Paulo,3550308,True,,33812,,,-23.5604715,-46.5354495,,,,2,2023-06-20T04:27:01+00:00
SAO_3745-10,São Paulo,3550308,True,,33812,,,-23.538698,-46.565755,,,,2,2023-06-20T04:27:26+00:00
SAO_3745-10,São Paulo,3550308,True,,33812,,,-23.5893515,-46.500806,,,,2,2023-06-20T04:27:03+00:00
SAO_3745-10,São Paulo,3550308,True,,33812,,,-23.589163499999998,-46.500732,,,,2,2023-06-20T04:27:18+00:00
SAO_3725-10,São Paulo,3550308,True,,1022,,,-23.532673,-46.531035,,,,1,2023-06-20T04:27:15+00:00
SAO_3725-10,São Paulo,3550308,True,,1022,,,-23.54387625,-46.5171865,,,,1,2023-06-20T04:27:26+00:00
SAO_938C-10,São Paulo,3550308,True,,33354,,,-23.4437535,-46.7127525,,,,2,2023-06-20T04:27:24+00:00
SAO_938C-10,São Paulo,3550308,True,,33354,,,-23.4629355,-46.721095500000004,,,,2,2023-06-20T04:27:37+00:00
SAO_938C-10,São Paulo,3550308,True,,33354,,,-23.525720125,-46.678783875,,,,2,2023-06-20T04:27:30+00:00
SAO_6045-10,São Paulo,3550308,True,,1222,,,-23.667797,-46.773094,,,,1,2023-06-20T04:27:10+00:00
SAO_6045-10,São Paulo,3550308,True,,1222,,,-23.694674999999997,-46.793941000000004,,,,1,2023-06-20T04:27:04+00:00
SAO_6045-10,São Paulo,3550308,True,,1222,,,-23.694454,-46.794375,,,,1,2023-06-20T04:27:38+00:00
SAO_6045-10,São Paulo,3550308,True,,1222,,,-23.6990275,-46.7964265,,,,1,2023-06-20T04:27:37+00:00
SAO_6045-10,São Paulo,3550308,True,,1222,,,-23.694674999999997,-46.793941000000004,,,,1,2023-06-20T04:24:15+00:00
SAO_6045-10,São Paulo,3550308,True,,1222,,,-23.694674999999997,-46.793941000000004,,,,1,2023-06-20T04:27:40+00:00
SAO_6045-10,São Paulo,3550308,True,,1222,,,-23.6980775,-46.7958565,,,,1,2023-06-20T04:27:24+00:00
SAO_6045-10,São Paulo,3550308,True,,1222,,,-23.637562250000002,-46.719127,,,,1,2023-06-20T04:27:25+00:00
SAO_4727-10,São Paulo,3550308,True,,33108,,,-23.638413,-46.6080605,,,,2,2023-06-20T04:27:24+00:00
SAO_263J-10,São Paulo,3550308,True,,32987,,,-23.516948,-46.476291,,,,2,2023-06-20T04:27:26+00:00
SAO_263J-10,São Paulo,3550308,True,,32987,,,-23.523118,-46.5352915,,,,2,2023-06-20T04:26:03+00:00
SAO_263J-10,São Paulo,3550308,True,,32987,,,-23.5113895,-46.502336,,,,2,2023-06-20T04:27:18+00:00
SAO_263J-10,São Paulo,3550308,True,,32987,,,-23.54843225,-46.43591725,,,,2,2023-06-20T04:27:31+00:00
SAO_263J-10,São Paulo,3550308,True,,32987,,,-23.530976000000003,-46.44533225,,,,2,2023-06-20T04:27:07+00:00
SAO_958P-10,São Paulo,3550308,True,,465,,,-23.564545,-46.694648,,,,1,2023-06-20T04:27:07+00:00
SAO_958P-10,São Paulo,3550308,True,,465,,,-23.595456375,-46.688407624999996,,,,1,2023-06-20T04:27:13+00:00
SAO_958P-10,São Paulo,3550308,True,,465,,,-23.5091995,-46.747757,,,,1,2023-06-20T04:27:35+00:00
SAO_958P-10,São Paulo,3550308,True,,465,,,-23.48677,-46.7610015,,,,1,2023-06-20T04:27:33+00:00
SAO_4732-31,São Paulo,3550308,True,,2127,,,-23.641823000000002,-46.596489500000004,,,,1,2023-06-20T04:27:24+00:00
SAO_4732-31,São Paulo,3550308,True,,2127,,,-23.6217955,-46.6204905,,,,1,2023-06-20T04:27:02+00:00
SAO_5036-10,São Paulo,3550308,True,,1666,,,-23.651166500000002,-46.6143845,,,,1,2023-06-20T04:27:22+00:00
SAO_5036-10,São Paulo,3550308,True,,1666,,,-23.650569,-46.614115999999996,,,,1,2023-06-20T04:27:21+00:00
SAO_5036-10,São Paulo,3550308,True,,1666,,,-23.648028,-46.6133095,,,,1,2023-06-20T04:27:20+00:00
SAO_948A-10,São Paulo,3550308,True,,1423,,,-23.5053525,-46.717957999999996,,,,1,2023-06-20T04:27:23+00:00
SAO_6071-10,São Paulo,3550308,True,,33924,,,-23.71901475,-46.67920225,,,,2,2023-06-20T04:27:24+00:00
SAO_6071-10,São Paulo,3550308,True,,33924,,,-23.71901475,-46.67920225,,,,2,2023-06-20T04:27:37+00:00
SAO_6071-10,São Paulo,3550308,True,,33924,,,-23.686352499999998,-46.693852,,,,2,2023-06-20T04:27:14+00:00
SAO_6071-10,São Paulo,3550308,True,,33924,,,-23.65397075,-46.7077515,,,,2,2023-06-20T04:27:33+00:00
SAO_6071-10,São Paulo,3550308,True,,33924,,,-23.71901475,-46.67920225,,,,2,2023-06-20T04:27:22+00:00
SAO_6071-10,São Paulo,3550308,True,,33924,,,-23.71567275,-46.68322225,,,,2,2023-06-20T04:27:15+00:00
SAO_5034-10,São Paulo,3550308,True,,34431,,,-23.619049249999996,-46.6031295,,,,2,2023-06-20T04:27:22+00:00
SAO_5034-10,São Paulo,3550308,True,,34431,,,-23.649167,-46.5942955,,,,2,2023-06-20T04:27:28+00:00
SAO_5034-10,São Paulo,3550308,True,,34431,,,-23.652755499999998,-46.602143,,,,2,2023-06-20T04:27:17+00:00
SAO_5034-10,São Paulo,3550308,True,,34431,,,-23.652486500000002,-46.601986999999994,,,,2,2023-06-20T04:26:57+00:00
SAO_3773-10,São Paulo,3550308,True,,33827,,,-23.606587875,-46.4634498125,,,,2,2023-06-20T04:27:28+00:00
SAO_3773-10,São Paulo,3550308,True,,33827,,,-23.60103025,-46.48385275,,,,2,2023-06-20T04:27:27+00:00
SAO_3773-10,São Paulo,3550308,True,,33827,,,-23.541418999999998,-46.538380000000004,,,,2,2023-06-20T04:27:21+00:00
SAO_3773-10,São Paulo,3550308,True,,33827,,,-23.616042,-46.464892,,,,2,2023-06-20T04:27:08+00:00
SAO_7004-10,São Paulo,3550308,True,,1992,,,-23.7320815,-46.786311,,,,1,2023-06-20T04:27:20+00:00
SAO_7004-10,São Paulo,3550308,True,,1992,,,-23.68527175,-46.744133500000004,,,,1,2023-06-20T04:27:00+00:00
SAO_7004-10,São Paulo,3550308,True,,1992,,,-23.6922445,-46.7772405,,,,1,2023-06-20T04:26:48+00:00
SAO_7004-10,São Paulo,3550308,True,,1992,,,-23.741771999999997,-46.8001715,,,,1,2023-06-20T04:27:18+00:00
SAO_1020-10,São Paulo,3550308,True,,35265,,,-23.4106675,-46.763892,,,,2,2023-06-20T04:27:16+00:00
SAO_1020-10,São Paulo,3550308,True,,35265,,,-23.446334999999998,-46.722477,,,,2,2023-06-20T04:27:10+00:00
SAO_1020-10,São Paulo,3550308,True,,35265,,,-23.436522,-46.720689,,,,2,2023-06-20T04:27:09+00:00
SAO_1020-10,São Paulo,3550308,True,,35265,,,-23.4072665,-46.761317500000004,,,,2,2023-06-20T04:27:19+00:00
SAO_1020-10,São Paulo,3550308,True,,35265,,,-23.4106675,-46.763892,,,,2,2023-06-20T04:27:16+00:00
SAO_1020-10,São Paulo,3550308,True,,35265,,,-23.40937425,-46.765719250000004,,,,2,2023-06-20T04:27:20+00:00
SAO_8542-21,São Paulo,3550308,True,,1361,,,-23.5197615,-46.7000465,,,,1,2023-06-20T04:27:20+00:00
SAO_8542-21,São Paulo,3550308,True,,1361,,,-23.502132500000002,-46.68749725,,,,1,2023-06-20T04:27:38+00:00
SAO_8542-21,São Paulo,3550308,True,,1361,,,-23.468180500000003,-46.683002,,,,1,2023-06-20T04:27:03+00:00
SAO_7022-10,São Paulo,3550308,True,,2084,,,-23.6780865,-46.7746695,,,,1,2023-06-20T04:27:11+00:00
SAO_7022-10,São Paulo,3550308,True,,2084,,,-23.662343874999998,-46.706628,,,,1,2023-06-20T04:27:01+00:00
SAO_6013-10,São Paulo,3550308,True,,32954,,,-23.654,-46.7111995,,,,2,2023-06-20T04:27:03+00:00
SAO_6013-10,São Paulo,3550308,True,,32954,,,-23.657745999999996,-46.736183,,,,2,2023-06-20T04:27:22+00:00
SAO_6013-10,São Paulo,3550308,True,,32954,,,-23.654,-46.7111995,,,,2,2023-06-20T04:27:05+00:00
SAO_6013-10,São Paulo,3550308,True,,32954,,,-23.654,-46.7111995,,,,2,2023-06-20T04:26:58+00:00
SAO_6013-10,São Paulo,3550308,True,,32954,,,-23.684060000000002,-46.770033,,,,2,2023-06-20T04:27:23+00:00
SAO_6013-10,São Paulo,3550308,True,,32954,,,-23.699816,-46.763608,,,,2,2023-06-20T04:27:18+00:00
SAO_695D-10,São Paulo,3550308,True,,32882,,,-23.6486415,-46.660580499999995,,,,2,2023-06-20T04:27:18+00:00
SAO_695D-10,São Paulo,3550308,True,,32882,,,-23.728843750000003,-46.688927750000005,,,,2,2023-06-20T04:27:21+00:00
SAO_3301-10,São Paulo,3550308,True,,34386,,,-23.5120485,-46.5011855,,,,2,2023-06-20T04:27:08+00:00
SAO_3301-10,São Paulo,3550308,True,,34386,,,-23.49155,-46.434219,,,,2,2023-06-20T04:26:58+00:00
SAO_3301-10,São Paulo,3550308,True,,34386,,,-23.535464,-46.574429,,,,2,2023-06-20T04:27:28+00:00
SAO_3301-10,São Paulo,3550308,True,,34386,,,-23.491535,-46.434552,,,,2,2023-06-20T04:27:29+00:00
SAO_3766-10,São Paulo,3550308,True,,33823,,,-23.5303865,-46.444354000000004,,,,2,2023-06-20T04:27:35+00:00
SAO_3766-10,São Paulo,3550308,True,,33823,,,-23.5572315,-46.4352765,,,,2,2023-06-20T04:27:40+00:00
SAO_3766-10,São Paulo,3550308,True,,33823,,,-23.54414475,-46.460653,,,,2,2023-06-20T04:27:27+00:00
SAO_6455-10,São Paulo,3550308,True,,32831,,,-23.6546255,-46.761425,,,,2,2023-06-20T04:27:09+00:00
SAO_6455-10,São Paulo,3550308,True,,32831,,,-23.606495375,-46.665043250000004,,,,2,2023-06-20T04:27:12+00:00
SAO_5106-21,São Paulo,3550308,True,,34740,,,-23.611204125,-46.66761375,,,,2,2023-06-20T04:27:34+00:00
SAO_5106-21,São Paulo,3550308,True,,34740,,,-23.596141625,-46.686781374999995,,,,2,2023-06-20T04:27:12+00:00
SAO_5106-21,São Paulo,3550308,True,,34740,,,-23.6848065,-46.653604,,,,2,2023-06-20T04:27:34+00:00
SAO_5106-21,São Paulo,3550308,True,,34740,,,-23.6136795,-46.695497,,,,2,2023-06-20T04:27:24+00:00
SAO_5106-21,São Paulo,3550308,True,,34740,,,-23.684538,-46.653396,,,,2,2023-06-20T04:27:04+00:00
SAO_5106-21,São Paulo,3550308,True,,34740,,,-23.622140249999998,-46.64681725,,,,2,2023-06-20T04:27:27+00:00
SAO_5106-21,São Paulo,3550308,True,,34740,,,-23.6136795,-46.695497,,,,2,2023-06-20T04:27:19+00:00
SAO_6063-10,São Paulo,3550308,True,,33920,,,-23.783673,-46.6827105,,,,2,2023-06-20T04:27:09+00:00
SAO_6063-10,São Paulo,3550308,True,,33920,,,-23.7736105,-46.7001355,,,,2,2023-06-20T04:27:39+00:00
SAO_6063-10,São Paulo,3550308,True,,33920,,,-23.784859,-46.6834355,,,,2,2023-06-20T04:27:20+00:00
SAO_2709-10,São Paulo,3550308,True,,922,,,-23.5339175,-46.492604,,,,1,2023-06-20T04:27:17+00:00
SAO_1178-10,São Paulo,3550308,True,,32900,,,-23.504152499999996,-46.432775,,,,2,2023-06-20T04:27:18+00:00
SAO_1178-10,São Paulo,3550308,True,,32900,,,-23.486137,-46.5028165,,,,2,2023-06-20T04:27:32+00:00
SAO_1178-10,São Paulo,3550308,True,,32900,,,-23.519664,-46.618011499999994,,,,2,2023-06-20T04:27:07+00:00
SAO_1178-10,São Paulo,3550308,True,,32900,,,-23.503918499999997,-46.433276,,,,2,2023-06-20T04:27:00+00:00
SAO_1178-10,São Paulo,3550308,True,,32900,,,-23.49173,-46.44601225,,,,2,2023-06-20T04:27:40+00:00
SAO_1178-10,São Paulo,3550308,True,,32900,,,-23.524059,-46.60799525,,,,2,2023-06-20T04:27:07+00:00
SAO_1178-10,São Paulo,3550308,True,,32900,,,-23.504152499999996,-46.432775,,,,2,2023-06-20T04:25:47+00:00
SAO_1017-10,São Paulo,3550308,True,,2141,,,-23.481991999999998,-46.713718,,,,1,2023-06-20T04:27:08+00:00
SAO_1017-10,São Paulo,3550308,True,,2141,,,-23.4054765,-46.75257525,,,,1,2023-06-20T04:27:26+00:00
SAO_1017-10,São Paulo,3550308,True,,2141,,,-23.4437895,-46.71723525,,,,1,2023-06-20T04:27:05+00:00
SAO_2203-10,São Paulo,3550308,True,,33679,,,-23.524728,-46.5455005,,,,2,2023-06-20T04:26:06+00:00
SAO_2203-10,São Paulo,3550308,True,,33679,,,-23.5231385,-46.5208425,,,,2,2023-06-20T04:27:33+00:00
SAO_8004-10,São Paulo,3550308,True,,34022,,,-23.490562375000003,-46.753191,,,,2,2023-06-20T04:27:00+00:00
SAO_8004-10,São Paulo,3550308,True,,34022,,,-23.470114000000002,-46.751975,,,,2,2023-06-20T04:27:38+00:00
SAO_8004-10,São Paulo,3550308,True,,34022,,,-23.470457,-46.751476499999995,,,,2,2023-06-20T04:27:30+00:00
SAO_8004-10,São Paulo,3550308,True,,34022,,,-23.5198465,-46.722371,,,,2,2023-06-20T04:27:02+00:00
SAO_6120-10,São Paulo,3550308,True,,33957,,,-23.7586485,-46.667677499999996,,,,2,2023-06-20T04:27:41+00:00
SAO_6120-10,São Paulo,3550308,True,,33957,,,-23.76019175,-46.677102749999996,,,,2,2023-06-20T04:27:31+00:00
SAO_6120-10,São Paulo,3550308,True,,33957,,,-23.76019175,-46.677102749999996,,,,2,2023-06-20T04:27:42+00:00
SAO_6120-10,São Paulo,3550308,True,,33957,,,-23.741635000000002,-46.6917615,,,,2,2023-06-20T04:27:28+00:00
SAO_4314-10,São Paulo,3550308,True,,34942,,,-23.5529095,-46.4651795,,,,2,2023-06-20T04:27:04+00:00
SAO_4314-10,São Paulo,3550308,True,,34942,,,-23.5736485,-46.3986825,,,,2,2023-06-20T04:27:37+00:00
SAO_4314-10,São Paulo,3550308,True,,34942,,,-23.573559000000003,-46.3988215,,,,2,2023-06-20T04:27:11+00:00
SAO_4314-10,São Paulo,3550308,True,,34942,,,-23.573559000000003,-46.3988215,,,,2,2023-06-20T04:27:09+00:00
SAO_4314-10,São Paulo,3550308,True,,34942,,,-23.5583965,-46.421824375,,,,2,2023-06-20T04:27:17+00:00
SAO_4314-10,São Paulo,3550308,True,,34942,,,-23.543296312499997,-46.58689325,,,,2,2023-06-20T04:27:29+00:00
SAO_877T-10,São Paulo,3550308,True,,1381,,,-23.534685625,-46.654683875,,,,1,2023-06-20T04:27:26+00:00
SAO_877T-10,São Paulo,3550308,True,,1381,,,-23.569720375,-46.646419375,,,,1,2023-06-20T04:27:38+00:00
SAO_6026-10,São Paulo,3550308,True,,87,,,-23.675131999999998,-46.6911035,,,,1,2023-06-20T04:27:42+00:00
SAO_6026-10,São Paulo,3550308,True,,87,,,-23.651330875,-46.710105999999996,,,,1,2023-06-20T04:27:32+00:00
SAO_312N-10,São Paulo,3550308,True,,990,,,-23.496401499999997,-46.4112075,,,,1,2023-06-20T04:27:30+00:00
SAO_312N-10,São Paulo,3550308,True,,990,,,-23.539849,-46.408291,,,,1,2023-06-20T04:27:22+00:00
SAO_312N-10,São Paulo,3550308,True,,990,,,-23.5702675,-46.399030499999995,,,,1,2023-06-20T04:27:35+00:00
SAO_312N-10,São Paulo,3550308,True,,990,,,-23.4911285,-46.440911625,,,,1,2023-06-20T04:27:20+00:00
SAO_278A-10,São Paulo,3550308,True,,33474,,,-23.53440875,-46.60452075,,,,2,2023-06-20T04:22:48+00:00
SAO_278A-10,São Paulo,3550308,True,,33474,,,-23.5080335,-46.525486,,,,2,2023-06-20T04:27:06+00:00
SAO_278A-10,São Paulo,3550308,True,,33474,,,-23.522456,-46.531176,,,,2,2023-06-20T04:27:36+00:00
SAO_274P-10,São Paulo,3550308,True,Grupo Vida,232,https://moovitapp.com/index/pt-br/transporte_p%C3%BAblico-line-232-Sao_Paulo-242-887112-748347-0,5.3,-23.520111125,-46.535231125,,,,1,2023-06-20T04:27:19+00:00
SAO_274P-10,São Paulo,3550308,True,Grupo Vida,232,https://moovitapp.com/index/pt-br/transporte_p%C3%BAblico-line-232-Sao_Paulo-242-887112-748347-0,5.3,-23.554746,-46.627392,,,,1,2023-06-20T04:26:58+00:00
SAO_4726-10,São Paulo,3550308,True,,1680,,,-23.563266249999998,-46.58943175,,,,1,2023-06-20T04:27:17+00:00
SAO_4726-10,São Paulo,3550308,True,,1680,,,-23.541020500000002,-46.576741999999996,,,,1,2023-06-20T04:27:28+00:00
SAO_4726-10,São Paulo,3550308,True,,1680,,,-23.541020500000002,-46.576741999999996,,,,1,2023-06-20T04:27:08+00:00
SAO_9023-10,São Paulo,3550308,True,,34205,,,-23.454539,-46.71625,,,,2,2023-06-20T04:27:22+00:00
SAO_9023-10,São Paulo,3550308,True,,34205,,,-23.419681500000003,-46.716796,,,,2,2023-06-20T04:23:48+00:00
SAO_9023-10,São Paulo,3550308,True,,34205,,,-23.419748,-46.7164855,,,,2,2023-06-20T04:26:37+00:00
SAO_9023-10,São Paulo,3550308,True,,34205,,,-23.485769,-46.7260135,,,,2,2023-06-20T04:27:15+00:00
SAO_2059-10,São Paulo,3550308,True,Cidade de Caieiras,260,https://moovitapp.com/index/pt-br/transporte_p%C3%BAblico-line-260-Sao_Paulo-242-868761-496413-0,5.0,-23.515601500000002,-46.423706,,,,1,2023-06-20T04:27:25+00:00
SAO_2059-10,São Paulo,3550308,True,Cidade de Caieiras,260,https://moovitapp.com/index/pt-br/transporte_p%C3%BAblico-line-260-Sao_Paulo-242-868761-496413-0,5.0,-23.541999750000002,-46.412657749999994,,,,1,2023-06-20T04:27:11+00:00
SAO_407W-10,São Paulo,3550308,True,,2204,,,-23.576497,-46.527075999999994,,,,1,2023-06-20T04:27:18+00:00
SAO_407W-10,São Paulo,3550308,True,,2204,,,-23.57635275,-46.52759725,,,,1,2023-06-20T04:27:30+00:00
SAO_3796-10,São Paulo,3550308,True,,1074,,,-23.541932000000003,-46.470695,,,,1,2023-06-20T04:27:28+00:00
SAO_3796-10,São Paulo,3550308,True,,1074,,,-23.5760285,-46.4539415,,,,1,2023-06-20T04:27:28+00:00
SAO_4092-10,São Paulo,3550308,True,,34644,,,-23.5830095,-46.4078305,,,,2,2023-06-20T04:27:25+00:00
SAO_4092-10,São Paulo,3550308,True,,34644,,,-23.581097,-46.414367500000004,,,,2,2023-06-20T04:27:26+00:00
SAO_208M-10,São Paulo,3550308,True,,2478,,,-23.565859,-46.7013775,,,,1,2023-06-20T04:27:20+00:00
SAO_208M-10,São Paulo,3550308,True,,2478,,,-23.565272,-46.696377999999996,,,,1,2023-06-20T04:27:11+00:00
SAO_208M-10,São Paulo,3550308,True,,2478,,,-23.502214000000002,-46.6235875,,,,1,2023-06-20T04:27:33+00:00
SAO_208M-10,São Paulo,3550308,True,,2478,,,-23.528064999999998,-46.661338,,,,1,2023-06-20T04:27:13+00:00
SAO_178T-10,São Paulo,3550308,True,EMTU,565,https://moovitapp.com/index/pt-br/transporte_p%C3%BAblico-line-565-Sao_Paulo-242-2038937-36419563-0,8.1,-23.4983335,-46.7052875,,,,1,2023-06-20T04:27:17+00:00
SAO_178T-10,São Paulo,3550308,True,EMTU,565,https://moovitapp.com/index/pt-br/transporte_p%C3%BAblico-line-565-Sao_Paulo-242-2038937-36419563-0,8.1,-23.5313455,-46.7346275,,,,1,2023-06-20T04:27:38+00:00
SAO_178T-10,São Paulo,3550308,True,EMTU,565,https://moovitapp.com/index/pt-br/transporte_p%C3%BAblico-line-565-Sao_Paulo-242-2038937-36419563-0,8.1,-23.4885375,-46.651092250000005,,,,1,2023-06-20T04:27:39+00:00
SAO_178T-10,São Paulo,3550308,True,EMTU,565,https://moovitapp.com/index/pt-br/transporte_p%C3%BAblico-line-565-Sao_Paulo-242-2038937-36419563-0,8.1,-23.525304,-46.73613725,,,,1,2023-06-20T04:27:37+00:00
SAO_178T-10,São Paulo,3550308,True,EMTU,565,https://moovitapp.com/index/pt-br/transporte_p%C3%BAblico-line-565-Sao_Paulo-242-2038937-36419563-0,8.1,-23.53174025,-46.734263999999996,,,,1,2023-06-20T04:27:35+00:00
SAO_7009-10,São Paulo,3550308,True,,1951,,,-23.7002325,-46.781121,,,,1,2023-06-20T04:27:20+00:00
SAO_7009-10,São Paulo,3550308,True,,1951,,,-23.677541,-46.7615305,,,,1,2023-06-20T04:27:15+00:00
SAO_7009-10,São Paulo,3550308,True,,1951,,,-23.7041605,-46.787671,,,,1,2023-06-20T04:27:40+00:00
SAO_2363-10,São Paulo,3550308,True,,32903,,,-23.498963500000002,-46.501861500000004,,,,2,2023-06-20T04:27:36+00:00
SAO_2363-10,São Paulo,3550308,True,,32903,,,-23.4987395,-46.50209475,,,,2,2023-06-20T04:27:20+00:00
SAO_2363-10,São Paulo,3550308,True,,32903,,,-23.4987395,-46.50209475,,,,2,2023-06-20T04:27:27+00:00
SAO_2363-10,São Paulo,3550308,True,,32903,,,-23.53860475,-46.60404375,,,,2,2023-06-20T04:27:22+00:00
SAO_2363-10,São Paulo,3550308,True,,32903,,,-23.521452,-46.5467705,,,,2,2023-06-20T04:27:28+00:00
SAO_5010-10,São Paulo,3550308,True,,33882,,,-23.662,-46.631691,,,,2,2023-06-20T04:27:34+00:00
SAO_5010-10,São Paulo,3550308,True,,33882,,,-23.662,-46.631691,,,,2,2023-06-20T04:27:22+00:00
SAO_5010-10,São Paulo,3550308,True,,33882,,,-23.644662124999996,-46.641911375,,,,2,2023-06-20T04:27:41+00:00
SAO_5010-10,São Paulo,3550308,True,,33882,,,-23.653277875,-46.70234725,,,,2,2023-06-20T04:27:32+00:00
SAO_5010-10,São Paulo,3550308,True,,33882,,,-23.660808000000003,-46.635285499999995,,,,2,2023-06-20T04:27:41+00:00
SAO_809J-10,São Paulo,3550308,True,,2066,,,-23.5941585,-46.7329445,,,,1,2023-06-20T04:27:42+00:00
SAO_2720-10,São Paulo,3550308,True,,33701,,,-23.493021,-46.470974,,,,2,2023-06-20T04:27:30+00:00
SAO_2720-10,São Paulo,3550308,True,,33701,,,-23.522025,-46.51734225,,,,2,2023-06-20T04:27:08+00:00
SAO_2720-10,São Paulo,3550308,True,,33701,,,-23.49308275,-46.4787395,,,,2,2023-06-20T04:27:00+00:00
SAO_2720-10,São Paulo,3550308,True,,33701,,,-23.50821,-46.493265,,,,2,2023-06-20T04:27:23+00:00
SAO_875A-10,São Paulo,3550308,True,,33377,,,-23.55165475,-46.657360749999995,,,,2,2023-06-20T04:27:31+00:00
SAO_875A-10,São Paulo,3550308,True,,33377,,,-23.624603375,-46.6482335,,,,2,2023-06-20T04:27:23+00:00
SAO_875A-10,São Paulo,3550308,True,,33377,,,-23.567637750000003,-46.649134000000004,,,,2,2023-06-20T04:27:36+00:00
SAO_875A-10,São Paulo,3550308,True,,33377,,,-23.607827,-46.6378365,,,,2,2023-06-20T04:27:26+00:00
SAO_875A-10,São Paulo,3550308,True,,33377,,,-23.6430645,-46.6619805,,,,2,2023-06-20T04:27:11+00:00
SAO_875A-10,São Paulo,3550308,True,,33377,,,-23.6431975,-46.6622785,,,,2,2023-06-20T04:27:24+00:00
SAO_390E-10,São Paulo,3550308,True,,1882,,,-23.518709,-46.546899499999995,,,,1,2023-06-20T04:27:15+00:00
SAO_390E-10,São Paulo,3550308,True,,1882,,,-23.518709,-46.546899499999995,,,,1,2023-06-20T04:27:38+00:00
SAO_271C-10,São Paulo,3550308,True,STT,682,https://moovitapp.com/index/pt-br/transporte_p%C3%BAblico-line-682-Sao_Paulo-242-850661-183336-0,5.3,-23.51514025,-46.572587,,,,1,2023-06-20T04:27:08+00:00
SAO_271C-10,São Paulo,3550308,True,STT,682,https://moovitapp.com/index/pt-br/transporte_p%C3%BAblico-line-682-Sao_Paulo-242-850661-183336-0,5.3,-23.524142625,-46.628291875,,,,1,2023-06-20T04:27:05+00:00
SAO_519M-10,São Paulo,3550308,True,,34979,,,-23.607084,-46.508317000000005,,,,2,2023-06-20T04:24:42+00:00
SAO_519M-10,São Paulo,3550308,True,,34979,,,-23.613173500000002,-46.482603499999996,,,,2,2023-06-20T04:26:57+00:00
SAO_577T-10,São Paulo,3550308,True,,34059,,,-23.6857025,-46.637755999999996,,,,2,2023-06-20T04:27:41+00:00
SAO_577T-10,São Paulo,3550308,True,,34059,,,-23.6329345,-46.6449335,,,,2,2023-06-20T04:27:39+00:00
SAO_577T-10,São Paulo,3550308,True,,34059,,,-23.66534325,-46.65824125,,,,2,2023-06-20T04:27:19+00:00
SAO_577T-10,São Paulo,3550308,True,,34059,,,-23.6868825,-46.6383355,,,,2,2023-06-20T04:27:13+00:00
SAO_577T-10,São Paulo,3550308,True,,34059,,,-23.592192,-46.640736000000004,,,,2,2023-06-20T04:27:18+00:00
SAO_407I-10,São Paulo,3550308,True,,2222,,,-23.550415,-46.5112695,,,,1,2023-06-20T04:26:56+00:00
SAO_407I-10,São Paulo,3550308,True,,2222,,,-23.54615475,-46.605053749999996,,,,1,2023-06-20T04:27:03+00:00
SAO_637R-10,São Paulo,3550308,True,,32964,,,-23.66763,-46.731019,,,,2,2023-06-20T04:27:17+00:00
SAO_637R-10,São Paulo,3550308,True,,32964,,,-23.6903555,-46.7743995,,,,2,2023-06-20T04:26:25+00:00
SAO_637R-10,São Paulo,3550308,True,,32964,,,-23.720212500000002,-46.769873624999995,,,,2,2023-06-20T04:27:00+00:00
SAO_637R-10,São Paulo,3550308,True,,32964,,,-23.654075,-46.711811,,,,2,2023-06-20T04:27:04+00:00
SAO_637R-10,São Paulo,3550308,True,,32964,,,-23.711059249999998,-46.78280675,,,,2,2023-06-20T04:27:23+00:00
SAO_3789-10,São Paulo,3550308,True,,1067,,,-23.5959145,-46.4366055,,,,1,2023-06-20T04:27:11+00:00
SAO_3789-10,São Paulo,3550308,True,,1067,,,-23.5425565,-46.4708155,,,,1,2023-06-20T04:27:40+00:00
SAO_3789-10,São Paulo,3550308,True,,1067,,,-23.544472499999998,-46.463771,,,,1,2023-06-20T04:27:27+00:00
SAO_3789-10,São Paulo,3550308,True,,1067,,,-23.611982,-46.3961475,,,,1,2023-06-20T04:27:25+00:00
SAO_3789-10,São Paulo,3550308,True,,1067,,,-23.5923555,-46.406994,,,,1,2023-06-20T04:27:23+00:00
SAO_3789-10,São Paulo,3550308,True,,1067,,,-23.611982,-46.3961475,,,,1,2023-06-20T04:27:26+00:00
SAO_637G-10,São Paulo,3550308,True,EMTU,101,https://moovitapp.com/index/pt-br/transporte_p%C3%BAblico-line-101-Sao_Paulo-242-2038937-36419264-0,4.8,-23.638920249999998,-46.696384,,,,1,2023-06-20T04:27:22+00:00
SAO_637G-10,São Paulo,3550308,True,EMTU,101,https://moovitapp.com/index/pt-br/transporte_p%C3%BAblico-line-101-Sao_Paulo-242-2038937-36419264-0,4.8,-23.7537615,-46.6807515,,,,1,2023-06-20T04:27:33+00:00
SAO_637G-10,São Paulo,3550308,True,EMTU,101,https://moovitapp.com/index/pt-br/transporte_p%C3%BAblico-line-101-Sao_Paulo-242-2038937-36419264-0,4.8,-23.573808749999998,-46.6889005,,,,1,2023-06-20T04:27:12+00:00
SAO_637G-10,São Paulo,3550308,True,EMTU,101,https://moovitapp.com/index/pt-br/transporte_p%C3%BAblico-line-101-Sao_Paulo-242-2038937-36419264-0,4.8,-23.735741749999995,-46.695003375,,,,1,2023-06-20T04:27:38+00:00
SAO_908T-10,São Paulo,3550308,True,,2116,,,-23.572343,-46.70463650000001,,,,1,2023-06-20T04:27:30+00:00
SAO_908T-10,São Paulo,3550308,True,,2116,,,-23.542782250000002,-46.640742375,,,,1,2023-06-20T04:27:29+00:00
SAO_2006-10,São Paulo,3550308,True,,33663,,,-23.494194,-46.400918,,,,2,2023-06-20T04:25:52+00:00
SAO_2006-10,São Paulo,3550308,True,,33663,,,-23.4901165,-46.376129000000006,,,,2,2023-06-20T04:26:47+00:00
SAO_4014-10,São Paulo,3550308,True,,34955,,,-23.58970625,-46.4864295,,,,2,2023-06-20T04:27:33+00:00
SAO_4014-10,São Paulo,3550308,True,,34955,,,-23.612769,-46.45642275,,,,2,2023-06-20T04:27:29+00:00
SAO_4732-31,São Paulo,3550308,True,,34895,,,-23.647584000000002,-46.6004335,,,,2,2023-06-20T04:27:25+00:00
SAO_4732-31,São Paulo,3550308,True,,34895,,,-23.6529585,-46.600877499999996,,,,2,2023-06-20T04:27:08+00:00
SAO_4732-31,São Paulo,3550308,True,,34895,,,-23.6471595,-46.596646,,,,2,2023-06-20T04:27:38+00:00
SAO_4732-31,São Paulo,3550308,True,,34895,,,-23.6224795,-46.6353635,,,,2,2023-06-20T04:27:37+00:00
SAO_748A-10,São Paulo,3550308,True,,33266,,,-23.5680895,-46.755760875,,,,2,2023-06-20T04:27:22+00:00
SAO_748A-10,São Paulo,3550308,True,,33266,,,-23.53030975,-46.71168850000001,,,,2,2023-06-20T04:27:10+00:00
SAO_748A-10,São Paulo,3550308,True,,33266,,,-23.5758565,-46.775865499999995,,,,2,2023-06-20T04:27:13+00:00
SAO_2710-10,São Paulo,3550308,True,,33692,,,-23.522012124999996,-46.498152,,,,2,2023-06-20T04:27:16+00:00
SAO_2710-10,São Paulo,3550308,True,,33692,,,-23.5255075,-46.490984,,,,2,2023-06-20T04:27:26+00:00
SAO_2710-10,São Paulo,3550308,True,,33692,,,-23.5299515,-46.501272,,,,2,2023-06-20T04:27:15+00:00
SAO_6012-31,São Paulo,3550308,True,,34544,,,-23.686719500000002,-46.7881045,,,,2,2023-06-20T04:27:41+00:00
SAO_6012-31,São Paulo,3550308,True,,34544,,,-23.6984095,-46.782211000000004,,,,2,2023-06-20T04:27:04+00:00
SAO_4732-10,São Paulo,3550308,True,Rápido Campinas,302,https://moovitapp.com/index/pt-br/transporte_p%C3%BAblico-line-302-Sao_Paulo-242-858660-23262913-0,5.3,-23.618575749999998,-46.637992499999996,,,,1,2023-06-20T04:27:22+00:00
SAO_4732-10,São Paulo,3550308,True,Rápido Campinas,302,https://moovitapp.com/index/pt-br/transporte_p%C3%BAblico-line-302-Sao_Paulo-242-858660-23262913-0,5.3,-23.639716,-46.60748,,,,1,2023-06-20T04:27:30+00:00
SAO_6028-10,São Paulo,3550308,True,,33979,,,-23.702140999999997,-46.744587499999994,,,,2,2023-06-20T04:27:13+00:00
SAO_6028-10,São Paulo,3550308,True,,33979,,,-23.6850345,-46.745012,,,,2,2023-06-20T04:27:32+00:00
SAO_6028-10,São Paulo,3550308,True,,33979,,,-23.674248749999997,-46.734306000000004,,,,2,2023-06-20T04:27:15+00:00
SAO_6028-10,São Paulo,3550308,True,,33979,,,-23.702140999999997,-46.744587499999994,,,,2,2023-06-20T04:27:04+00:00
SAO_6028-10,São Paulo,3550308,True,,33979,,,-23.702140999999997,-46.744587499999994,,,,2,2023-06-20T04:27:42+00:00
SAO_6028-10,São Paulo,3550308,True,,33979,,,-23.70207,-46.744642,,,,2,2023-06-20T04:27:28+00:00
SAO_809D-10,São Paulo,3550308,True,,2068,,,-23.599932,-46.775609,,,,1,2023-06-20T04:27:42+00:00
SAO_809D-10,São Paulo,3550308,True,,2068,,,-23.56555875,-46.7010795,,,,1,2023-06-20T04:27:12+00:00
SAO_5630-10,São Paulo,3550308,True,,78,,,-23.7374635,-46.697805,,,,1,2023-06-20T04:26:58+00:00
SAO_5630-10,São Paulo,3550308,True,,78,,,-23.6784805,-46.684785500000004,,,,1,2023-06-20T04:27:37+00:00
SAO_5630-10,São Paulo,3550308,True,,78,,,-23.7374635,-46.697805,,,,1,2023-06-20T04:27:00+00:00
SAO_5630-10,São Paulo,3550308,True,,78,,,-23.642286249999998,-46.67254224999999,,,,1,2023-06-20T04:27:22+00:00
SAO_5630-10,São Paulo,3550308,True,,78,,,-23.6771695,-46.681231499999996,,,,1,2023-06-20T04:27:03+00:00
SAO_5630-10,São Paulo,3550308,True,,78,,,-23.7374635,-46.697805,,,,1,2023-06-20T04:27:29+00:00
SAO_5630-10,São Paulo,3550308,True,,78,,,-23.5494165,-46.6293125,,,,1,2023-06-20T04:27:36+00:00
SAO_3732-10,São Paulo,3550308,True,,33797,,,-23.543668000000004,-46.43458,,,,2,2023-06-20T04:27:12+00:00
SAO_3732-10,São Paulo,3550308,True,,33797,,,-23.538290999999997,-46.45245824999999,,,,2,2023-06-20T04:27:12+00:00
SAO_3029-10,São Paulo,3550308,True,,966,,,-23.585262999999998,-46.506369500000005,,,,1,2023-06-20T04:27:16+00:00
SAO_3029-10,São Paulo,3550308,True,,966,,,-23.541414000000003,-46.57794225,,,,1,2023-06-20T04:27:35+00:00
SAO_3029-10,São Paulo,3550308,True,,966,,,-23.553889125,-46.5434495,,,,1,2023-06-20T04:27:42+00:00
SAO_2740-10,São Paulo,3550308,True,,1792,,,-23.4574545,-46.6428055,,,,1,2023-06-20T04:27:12+00:00
SAO_2740-10,São Paulo,3550308,True,,1792,,,-23.458012375000003,-46.6162465,,,,1,2023-06-20T04:27:35+00:00
SAO_6057-10,São Paulo,3550308,True,,1148,,,-23.766551999999997,-46.7091615,,,,1,2023-06-20T04:27:02+00:00
SAO_6057-10,São Paulo,3550308,True,,1148,,,-23.7371425,-46.697546,,,,1,2023-06-20T04:27:01+00:00
SAO_6057-10,São Paulo,3550308,True,,1148,,,-23.7668965,-46.705838,,,,1,2023-06-20T04:27:27+00:00
SAO_7550-10,São Paulo,3550308,True,,34861,,,-23.603969375,-46.674927374999996,,,,2,2023-06-20T04:27:41+00:00
SAO_7550-10,São Paulo,3550308,True,,34861,,,-23.6551605,-46.7164075,,,,2,2023-06-20T04:27:10+00:00
SAO_7550-10,São Paulo,3550308,True,,34861,,,-23.56532,-46.6475065,,,,2,2023-06-20T04:27:20+00:00
SAO_7550-10,São Paulo,3550308,True,,34861,,,-23.6543025,-46.712641000000005,,,,2,2023-06-20T04:27:17+00:00
SAO_7550-10,São Paulo,3550308,True,,34861,,,-23.654259500000002,-46.7122535,,,,2,2023-06-20T04:27:31+00:00
SAO_390E-10,São Paulo,3550308,True,,34650,,,-23.519723125,-46.546817625,,,,2,2023-06-20T04:27:34+00:00
SAO_390E-10,São Paulo,3550308,True,,34650,,,-23.5459115,-46.621572,,,,2,2023-06-20T04:26:57+00:00
SAO_719R-10,São Paulo,3550308,True,EMTU,469,https://moovitapp.com/index/pt-br/transporte_p%C3%BAblico-line-469-Sao_Paulo-242-2038937-36419507-0,5.4,-23.537941375000003,-46.654642124999995,,,,1,2023-06-20T04:27:22+00:00
SAO_719R-10,São Paulo,3550308,True,EMTU,469,https://moovitapp.com/index/pt-br/transporte_p%C3%BAblico-line-469-Sao_Paulo-242-2038937-36419507-0,5.4,-23.55769325,-46.677726125,,,,1,2023-06-20T04:27:27+00:00
SAO_719R-10,São Paulo,3550308,True,EMTU,469,https://moovitapp.com/index/pt-br/transporte_p%C3%BAblico-line-469-Sao_Paulo-242-2038937-36419507-0,5.4,-23.566035499999998,-46.744099,,,,1,2023-06-20T04:27:28+00:00
SAO_719R-10,São Paulo,3550308,True,EMTU,469,https://moovitapp.com/index/pt-br/transporte_p%C3%BAblico-line-469-Sao_Paulo-242-2038937-36419507-0,5.4,-23.5263675,-46.666242999999994,,,,1,2023-06-20T04:27:35+00:00
SAO_209P-1,São Paulo,3550308,True,,35069,,,-23.4713505,-46.670345499999996,,,,2,2023-06-20T04:27:16+00:00
SAO_209P-1,São Paulo,3550308,True,,35069,,,-23.518756624999998,-46.676559125000004,,,,2,2023-06-20T04:27:40+00:00
SAO_1705-10,São Paulo,3550308,True,,849,,,-23.4432885,-46.589848,,,,1,2023-06-20T04:26:58+00:00
SAO_1705-10,São Paulo,3550308,True,,849,,,-23.434117999999998,-46.5843315,,,,1,2023-06-20T04:27:15+00:00
SAO_1705-10,São Paulo,3550308,True,,849,,,-23.456147,-46.59026625,,,,1,2023-06-20T04:27:37+00:00
SAO_5370-10,São Paulo,3550308,True,,34210,,,-23.551356,-46.637087,,,,2,2023-06-20T04:25:56+00:00
SAO_5370-10,São Paulo,3550308,True,,34210,,,-23.62486125,-46.682301499999994,,,,2,2023-06-20T04:27:27+00:00
SAO_5370-10,São Paulo,3550308,True,,34210,,,-23.765661,-46.7178655,,,,2,2023-06-20T04:27:18+00:00
SAO_5370-10,São Paulo,3550308,True,,34210,,,-23.607679625000003,-46.666152125,,,,2,2023-06-20T04:27:12+00:00
SAO_5370-10,São Paulo,3550308,True,,34210,,,-23.551356,-46.637087,,,,2,2023-06-20T04:27:43+00:00
SAO_5370-10,São Paulo,3550308,True,,34210,,,-23.650246250000002,-46.705337,,,,2,2023-06-20T04:27:05+00:00
SAO_354M-10,São Paulo,3550308,True,,34387,,,-23.54532875,-46.44691924999999,,,,2,2023-06-20T04:27:11+00:00
SAO_354M-10,São Paulo,3550308,True,,34387,,,-23.613998000000002,-46.4765975,,,,2,2023-06-20T04:27:36+00:00
SAO_354M-10,São Paulo,3550308,True,,34387,,,-23.4917705,-46.4343875,,,,2,2023-06-20T04:27:20+00:00
SAO_354M-10,São Paulo,3550308,True,,34387,,,-23.491775,-46.434236999999996,,,,2,2023-06-20T04:27:26+00:00
SAO_748A-10,São Paulo,3550308,True,EMTU,498,https://moovitapp.com/index/pt-br/transporte_p%C3%BAblico-line-498-Sao_Paulo-242-2038937-36419523-0,5.4,-23.527786499999998,-46.720093500000004,,,,1,2023-06-20T04:27:22+00:00
SAO_748A-10,São Paulo,3550308,True,EMTU,498,https://moovitapp.com/index/pt-br/transporte_p%C3%BAblico-line-498-Sao_Paulo-242-2038937-36419523-0,5.4,-23.584268,-46.78201425,,,,1,2023-06-20T04:27:08+00:00
SAO_2451-10,São Paulo,3550308,True,EMTU,213,https://moovitapp.com/index/pt-br/transporte_p%C3%BAblico-line-213-Sao_Paulo-242-2038937-36419335-0,6.7,-23.526447249999997,-46.49573425,,,,1,2023-06-20T04:27:39+00:00
SAO_8029-10,São Paulo,3550308,True,,35308,,,-23.6138275,-46.731502,,,,2,2023-06-20T04:27:34+00:00
SAO_8029-10,São Paulo,3550308,True,,35308,,,-23.615094,-46.746404,,,,2,2023-06-20T04:27:12+00:00
SAO_8029-10,São Paulo,3550308,True,,35308,,,-23.5855945,-46.724115,,,,2,2023-06-20T04:27:07+00:00
SAO_8029-10,São Paulo,3550308,True,,35308,,,-23.6163565,-46.749247999999994,,,,2,2023-06-20T04:26:58+00:00
SAO_403A-10,São Paulo,3550308,True,,34960,,,-23.540297,-46.431876,,,,2,2023-06-20T04:27:22+00:00
SAO_403A-10,São Paulo,3550308,True,,34960,,,-23.5317565,-46.543456500000005,,,,2,2023-06-20T04:27:01+00:00
SAO_403A-10,São Paulo,3550308,True,,34960,,,-23.550797,-46.463232500000004,,,,2,2023-06-20T04:27:21+00:00
SAO_403A-10,São Paulo,3550308,True,,34960,,,-23.5568315,-46.4461855,,,,2,2023-06-20T04:27:28+00:00
SAO_208V-10,São Paulo,3550308,True,,32975,,,-23.53856225,-46.60376325,,,,2,2023-06-20T04:27:14+00:00
SAO_208V-10,São Paulo,3550308,True,,32975,,,-23.5476865,-46.6292585,,,,2,2023-06-20T04:27:01+00:00
SAO_208V-10,São Paulo,3550308,True,,32975,,,-23.522760249999997,-46.53187375,,,,2,2023-06-20T04:27:02+00:00
SAO_208V-10,São Paulo,3550308,True,,32975,,,-23.51262775,-46.515058749999994,,,,2,2023-06-20T04:27:33+00:00
SAO_208V-10,São Paulo,3550308,True,,32975,,,-23.5476865,-46.6292585,,,,2,2023-06-20T04:27:26+00:00
SAO_208V-10,São Paulo,3550308,True,,32975,,,-23.5476865,-46.6292585,,,,2,2023-06-20T04:26:59+00:00
SAO_208V-10,São Paulo,3550308,True,,32975,,,-23.517678,-46.475762,,,,2,2023-06-20T04:27:37+00:00
SAO_208V-10,São Paulo,3550308,True,,32975,,,-23.5173865,-46.47583825,,,,2,2023-06-20T04:27:34+00:00
SAO_208V-10,São Paulo,3550308,True,,32975,,,-23.518273,-46.475646499999996,,,,2,2023-06-20T04:26:56+00:00
SAO_208V-10,São Paulo,3550308,True,,32975,,,-23.517572,-46.475783,,,,2,2023-06-20T04:27:04+00:00
SAO_208V-10,São Paulo,3550308,True,,32975,,,-23.5476865,-46.6292585,,,,2,2023-06-20T04:27:29+00:00
SAO_208V-10,São Paulo,3550308,True,,32975,,,-23.517572,-46.475783,,,,2,2023-06-20T04:27:06+00:00
SAO_208V-10,São Paulo,3550308,True,,32975,,,-23.533877,-46.566331500000004,,,,2,2023-06-20T04:25:15+00:00
SAO_208V-10,São Paulo,3550308,True,,32975,,,-23.53805475,-46.598439,,,,2,2023-06-20T04:27:38+00:00
SAO_637P-10,São Paulo,3550308,True,,32815,,,-23.566628,-46.701685499999996,,,,2,2023-06-20T04:27:22+00:00
SAO_637P-10,São Paulo,3550308,True,,32815,,,-23.600961499999997,-46.67407025,,,,2,2023-06-20T04:27:33+00:00
SAO_637P-10,São Paulo,3550308,True,,32815,,,-23.566628,-46.701685499999996,,,,2,2023-06-20T04:27:15+00:00
SAO_637P-10,São Paulo,3550308,True,,32815,,,-23.5840365,-46.67912,,,,2,2023-06-20T04:27:22+00:00
SAO_4001-10,São Paulo,3550308,True,,34944,,,-23.532577,-46.4410275,,,,2,2023-06-20T04:27:11+00:00
SAO_4001-10,São Paulo,3550308,True,,34944,,,-23.536233000000003,-46.443338499999996,,,,2,2023-06-20T04:27:08+00:00
SAO_8015-10,São Paulo,3550308,True,,34113,,,-23.388901,-46.735036,,,,2,2023-06-20T04:27:02+00:00
SAO_8015-10,São Paulo,3550308,True,,34113,,,-23.389069499999998,-46.734939,,,,2,2023-06-20T04:27:15+00:00
SAO_8015-10,São Paulo,3550308,True,,34113,,,-23.4044645,-46.749001,,,,2,2023-06-20T04:27:13+00:00
SAO_2029-10,São Paulo,3550308,True,,2270,,,-23.430882500000003,-46.574838,,,,1,2023-06-20T04:27:21+00:00
SAO_2029-10,São Paulo,3550308,True,,2270,,,-23.45636925,-46.592832,,,,1,2023-06-20T04:25:21+00:00
SAO_8017-10,São Paulo,3550308,True,,34029,,,-23.449564000000002,-46.72140675,,,,2,2023-06-20T04:27:38+00:00
SAO_8017-10,São Paulo,3550308,True,,34029,,,-23.4862075,-46.726428,,,,2,2023-06-20T04:27:17+00:00
SAO_8017-10,São Paulo,3550308,True,,34029,,,-23.436068,-46.740377,,,,2,2023-06-20T04:27:20+00:00
SAO_3761-10,São Paulo,3550308,True,,33819,,,-23.539642625,-46.543801625,,,,2,2023-06-20T04:26:02+00:00
SAO_3761-10,São Paulo,3550308,True,,33819,,,-23.610136750000002,-46.425970500000005,,,,2,2023-06-20T04:27:31+00:00
SAO_3761-10,São Paulo,3550308,True,,33819,,,-23.594714,-46.443023,,,,2,2023-06-20T04:27:35+00:00
SAO_3761-10,São Paulo,3550308,True,,33819,,,-23.5788495,-46.498183499999996,,,,2,2023-06-20T04:27:11+00:00
SAO_3761-10,São Paulo,3550308,True,,33819,,,-23.61803925,-46.42337725,,,,2,2023-06-20T04:27:08+00:00
SAO_6422-10,São Paulo,3550308,True,EMTU,361,https://moovitapp.com/index/pt-br/transporte_p%C3%BAblico-line-361-Sao_Paulo-242-2038937-36419442-0,7.9,-23.63348725,-46.69392225,,,,1,2023-06-20T04:26:58+00:00
SAO_6422-10,São Paulo,3550308,True,EMTU,361,https://moovitapp.com/index/pt-br/transporte_p%C3%BAblico-line-361-Sao_Paulo-242-2038937-36419442-0,7.9,-23.5533975,-46.64797,,,,1,2023-06-20T04:27:37+00:00
SAO_3736-10,São Paulo,3550308,True,,33804,,,-23.577603250000003,-46.4823045,,,,2,2023-06-20T04:27:25+00:00
SAO_3736-10,São Paulo,3550308,True,,33804,,,-23.54048925,-46.486358,,,,2,2023-06-20T04:27:06+00:00
SAO_3736-10,São Paulo,3550308,True,,33804,,,-23.555594499999998,-46.478928499999995,,,,2,2023-06-20T04:27:26+00:00
SAO_3736-10,São Paulo,3550308,True,,33804,,,-23.5758665,-46.4834185,,,,2,2023-06-20T04:27:43+00:00
SAO_3901-10,São Paulo,3550308,True,,34237,,,-23.4984825,-46.502362250000004,,,,2,2023-06-20T04:27:37+00:00
SAO_3901-10,São Paulo,3550308,True,,34237,,,-23.504343499999997,-46.514623,,,,2,2023-06-20T04:27:23+00:00
SAO_3901-10,São Paulo,3550308,True,,34237,,,-23.4987395,-46.50209475,,,,2,2023-06-20T04:27:13+00:00
SAO_5024-31,São Paulo,3550308,True,,33891,,,-23.689080750000002,-46.64931275,,,,2,2023-06-20T04:27:01+00:00
SAO_5024-31,São Paulo,3550308,True,,33891,,,-23.6877745,-46.6706635,,,,2,2023-06-20T04:27:31+00:00
SAO_7016-10,São Paulo,3550308,True,,2118,,,-23.66705125,-46.724081999999996,,,,1,2023-06-20T04:27:20+00:00
SAO_7016-10,São Paulo,3550308,True,,2118,,,-23.653890625,-46.71154075,,,,1,2023-06-20T04:27:40+00:00
SAO_7016-10,São Paulo,3550308,True,,2118,,,-23.68875,-46.7639995,,,,1,2023-06-20T04:26:59+00:00
SAO_6840-10,São Paulo,3550308,True,EMTU,201,https://moovitapp.com/index/pt-br/transporte_p%C3%BAblico-line-201-Sao_Paulo-242-2038937-58093160-0,20.4,-23.732512999999997,-46.78660625,,,,1,2023-06-20T04:27:10+00:00
SAO_6840-10,São Paulo,3550308,True,EMTU,201,https://moovitapp.com/index/pt-br/transporte_p%C3%BAblico-line-201-Sao_Paulo-242-2038937-58093160-0,20.4,-23.7317975,-46.7861475,,,,1,2023-06-20T04:27:14+00:00
SAO_6840-10,São Paulo,3550308,True,EMTU,201,https://moovitapp.com/index/pt-br/transporte_p%C3%BAblico-line-201-Sao_Paulo-242-2038937-58093160-0,20.4,-23.7420195,-46.800329000000005,,,,1,2023-06-20T04:27:17+00:00
SAO_6840-10,São Paulo,3550308,True,EMTU,201,https://moovitapp.com/index/pt-br/transporte_p%C3%BAblico-line-201-Sao_Paulo-242-2038937-58093160-0,20.4,-23.697936,-46.779256000000004,,,,1,2023-06-20T04:27:06+00:00
SAO_875C-10,São Paulo,3550308,True,,33246,,,-23.595107499999997,-46.671702874999994,,,,2,2023-06-20T04:27:25+00:00
SAO_875C-10,São Paulo,3550308,True,,33246,,,-23.5402555,-46.7181975,,,,2,2023-06-20T04:27:10+00:00
SAO_875C-10,São Paulo,3550308,True,,33246,,,-23.5834435,-46.682930999999996,,,,2,2023-06-20T04:27:25+00:00
SAO_875C-10,São Paulo,3550308,True,,33246,,,-23.5442425,-46.715113,,,,2,2023-06-20T04:27:16+00:00
SAO_6017-10,São Paulo,3550308,True,,1206,,,-23.646524499999998,-46.704567999999995,,,,1,2023-06-20T04:27:19+00:00
SAO_6017-10,São Paulo,3550308,True,,1206,,,-23.669815749999998,-46.73685449999999,,,,1,2023-06-20T04:27:25+00:00
SAO_6017-10,São Paulo,3550308,True,,1206,,,-23.6995185,-46.76907175,,,,1,2023-06-20T04:27:01+00:00
SAO_3206-10,São Paulo,3550308,True,,34880,,,-23.53304,-46.5439035,,,,2,2023-06-20T04:27:11+00:00
SAO_3206-10,São Paulo,3550308,True,,34880,,,-23.533376500000003,-46.545646000000005,,,,2,2023-06-20T04:27:38+00:00
SAO_5757-10,São Paulo,3550308,True,,34056,,,-23.6450955,-46.64122625,,,,2,2023-06-20T04:27:19+00:00
SAO_5757-10,São Paulo,3550308,True,,34056,,,-23.6915195,-46.6393985,,,,2,2023-06-20T04:27:41+00:00
SAO_5757-10,São Paulo,3550308,True,,34056,,,-23.670111499999997,-46.64802925,,,,2,2023-06-20T04:27:29+00:00
SAO_5757-10,São Paulo,3550308,True,,34056,,,-23.6913305,-46.639309999999995,,,,2,2023-06-20T04:27:33+00:00
SAO_2723-10,São Paulo,3550308,True,,937,,,-23.4977945,-46.456711,,,,1,2023-06-20T04:27:10+00:00
SAO_2723-10,São Paulo,3550308,True,,937,,,-23.5247455,-46.4451925,,,,1,2023-06-20T04:27:02+00:00
SAO_2723-10,São Paulo,3550308,True,,937,,,-23.54223,-46.4724785,,,,1,2023-06-20T04:27:15+00:00
SAO_2723-10,São Paulo,3550308,True,,937,,,-23.487495,-46.463618999999994,,,,1,2023-06-20T04:27:19+00:00
SAO_2723-10,São Paulo,3550308,True,,937,,,-23.487495,-46.463618999999994,,,,1,2023-06-20T04:27:15+00:00
SAO_709G-10,São Paulo,3550308,True,,2020,,,-23.597434999999997,-46.673819,,,,1,2023-06-20T04:27:37+00:00
SAO_1767-10,São Paulo,3550308,True,,33396,,,-23.4735285,-46.5655225,,,,2,2023-06-20T04:27:25+00:00
SAO_1767-10,São Paulo,3550308,True,,33396,,,-23.4735285,-46.5655225,,,,2,2023-06-20T04:27:11+00:00
SAO_1767-10,São Paulo,3550308,True,,33396,,,-23.481293,-46.602469125,,,,2,2023-06-20T04:27:17+00:00
SAO_1767-10,São Paulo,3550308,True,,33396,,,-23.469716249999998,-46.574204249999994,,,,2,2023-06-20T04:27:05+00:00
SAO_5024-10,São Paulo,3550308,True,,1122,,,-23.6769245,-46.685485,,,,1,2023-06-20T04:27:03+00:00
SAO_5024-10,São Paulo,3550308,True,,1122,,,-23.692142500000003,-46.652705,,,,1,2023-06-20T04:27:28+00:00
SAO_1780-10,São Paulo,3550308,True,,869,,,-23.460299,-46.5834075,,,,1,2023-06-20T04:25:32+00:00
SAO_1780-10,São Paulo,3550308,True,,869,,,-23.48666325,-46.6088145,,,,1,2023-06-20T04:27:23+00:00
SAO_2767-10,São Paulo,3550308,True,,33009,,,-23.5062825,-46.462007,,,,2,2023-06-20T04:27:26+00:00
SAO_2767-10,São Paulo,3550308,True,,33009,,,-23.506508250000003,-46.4585765,,,,2,2023-06-20T04:27:30+00:00
SAO_4491-10,São Paulo,3550308,True,,33095,,,-23.585370500000003,-46.6185715,,,,2,2023-06-20T04:27:21+00:00
SAO_4491-10,São Paulo,3550308,True,,33095,,,-23.6550655,-46.608947,,,,2,2023-06-20T04:27:06+00:00
SAO_4491-10,São Paulo,3550308,True,,33095,,,-23.647692499999998,-46.6000985,,,,2,2023-06-20T04:27:13+00:00
SAO_4491-10,São Paulo,3550308,True,,33095,,,-23.5809165,-46.613755999999995,,,,2,2023-06-20T04:27:02+00:00
SAO_6805-31,São Paulo,3550308,True,,34556,,,-23.647256999999996,-46.73100425,,,,2,2023-06-20T04:27:42+00:00
SAO_857R-10,São Paulo,3550308,True,,1892,,,-23.630915,-46.772762,,,,1,2023-06-20T04:27:23+00:00
SAO_857R-10,São Paulo,3550308,True,,1892,,,-23.581322,-46.711684500000004,,,,1,2023-06-20T04:27:42+00:00
SAO_857R-10,São Paulo,3550308,True,,1892,,,-23.5738895,-46.6312745,,,,1,2023-06-20T04:27:10+00:00
SAO_857R-10,São Paulo,3550308,True,,1892,,,-23.57276425,-46.64287075,,,,1,2023-06-20T04:27:42+00:00
SAO_6258-31,São Paulo,3550308,True,,1783,,,-23.6664835,-46.73265525,,,,1,2023-06-20T04:27:36+00:00
SAO_6258-31,São Paulo,3550308,True,,1783,,,-23.683159749999998,-46.756564999999995,,,,1,2023-06-20T04:27:14+00:00
SAO_8538-10,São Paulo,3550308,True,,34127,,,-23.50366675,-46.6791195,,,,2,2023-06-20T04:27:37+00:00
SAO_6L04-10,São Paulo,3550308,True,,1180,,,-23.827945999999997,-46.727483500000005,,,,1,2023-06-20T04:27:10+00:00
SAO_574C-10,São Paulo,3550308,True,,1639,,,-23.612435,-46.4811885,,,,1,2023-06-20T04:23:30+00:00
SAO_6037-10,São Paulo,3550308,True,,1215,,,-23.649607000000003,-46.707680499999995,,,,1,2023-06-20T04:27:09+00:00
SAO_6037-10,São Paulo,3550308,True,,1215,,,-23.65462525,-46.7603225,,,,1,2023-06-20T04:27:09+00:00
SAO_6037-10,São Paulo,3550308,True,,1215,,,-23.6493575,-46.7848365,,,,1,2023-06-20T04:27:07+00:00
SAO_6037-10,São Paulo,3550308,True,,1215,,,-23.6493575,-46.7848365,,,,1,2023-06-20T04:27:26+00:00
SAO_6037-10,São Paulo,3550308,True,,1215,,,-23.6493575,-46.7848365,,,,1,2023-06-20T04:27:17+00:00
SAO_8002-10,São Paulo,3550308,True,,1252,,,-23.485778,-46.725765,,,,1,2023-06-20T04:27:21+00:00
SAO_8002-10,São Paulo,3550308,True,,1252,,,-23.507506999999997,-46.733309,,,,1,2023-06-20T04:27:05+00:00
SAO_8002-10,São Paulo,3550308,True,,1252,,,-23.487215,-46.726875,,,,1,2023-06-20T04:27:36+00:00
SAO_809P-10,São Paulo,3550308,True,,34659,,,-23.631218,-46.773197499999995,,,,2,2023-06-20T04:27:41+00:00
SAO_809P-10,São Paulo,3550308,True,,34659,,,-23.5715485,-46.6960225,,,,2,2023-06-20T04:27:42+00:00
SAO_809P-10,São Paulo,3550308,True,,34659,,,-23.6313825,-46.77286,,,,2,2023-06-20T04:27:42+00:00
SAO_809P-10,São Paulo,3550308,True,,34659,,,-23.618688,-46.75839425,,,,2,2023-06-20T04:27:23+00:00
SAO_809P-10,São Paulo,3550308,True,,34659,,,-23.605794,-46.747132500000006,,,,2,2023-06-20T04:27:20+00:00
SAO_809P-10,São Paulo,3550308,True,,34659,,,-23.58831575,-46.727644874999996,,,,2,2023-06-20T04:27:39+00:00
SAO_1764-10,São Paulo,3550308,True,,33393,,,-23.4259,-46.581689,,,,2,2023-06-20T04:27:13+00:00
SAO_1764-10,São Paulo,3550308,True,,33393,,,-23.4487325,-46.592080499999994,,,,2,2023-06-20T04:27:24+00:00
SAO_1764-10,São Paulo,3550308,True,,33393,,,-23.466462,-46.60352,,,,2,2023-06-20T04:27:31+00:00
SAO_1764-10,São Paulo,3550308,True,,33393,,,-23.4254435,-46.5817835,,,,2,2023-06-20T04:26:28+00:00
SAO_1764-10,São Paulo,3550308,True,,33393,,,-23.4259,-46.581689,,,,2,2023-06-20T04:27:14+00:00
SAO_1764-10,São Paulo,3550308,True,,33393,,,-23.50031125,-46.622367999999994,,,,2,2023-06-20T04:27:33+00:00
SAO_1764-10,São Paulo,3550308,True,,33393,,,-23.4259,-46.581689,,,,2,2023-06-20T04:27:02+00:00
SAO_2765-10,São Paulo,3550308,True,,32913,,,-23.513284249999998,-46.545886374999995,,,,2,2023-06-20T04:23:10+00:00
SAO_2765-10,São Paulo,3550308,True,,32913,,,-23.5398255,-46.5768585,,,,2,2023-06-20T04:27:32+00:00
SAO_2765-10,São Paulo,3550308,True,,32913,,,-23.5343485,-46.567611,,,,2,2023-06-20T04:27:14+00:00
SAO_2765-10,São Paulo,3550308,True,,32913,,,-23.49302575,-46.493033749999995,,,,2,2023-06-20T04:25:29+00:00
SAO_9300-10,São Paulo,3550308,True,EMTU,116,https://moovitapp.com/index/pt-br/transporte_p%C3%BAblico-line-116-Sao_Paulo-242-2038937-36419276-0,12.1,-23.551276,-46.640491499999996,,,,1,2023-06-20T04:27:25+00:00
SAO_9300-10,São Paulo,3550308,True,EMTU,116,https://moovitapp.com/index/pt-br/transporte_p%C3%BAblico-line-116-Sao_Paulo-242-2038937-36419276-0,12.1,-23.522041375,-46.6638385,,,,1,2023-06-20T04:27:21+00:00
SAO_6013-21,São Paulo,3550308,True,,187,,,-23.6974305,-46.7666215,,,,1,2023-06-20T04:27:28+00:00
SAO_3737-31,São Paulo,3550308,True,,1354,,,-23.540448499999997,-46.5118765,,,,1,2023-06-20T04:26:49+00:00
SAO_7458-10,São Paulo,3550308,True,,33264,,,-23.5797555,-46.7944615,,,,2,2023-06-20T04:27:31+00:00
SAO_7458-10,São Paulo,3550308,True,,33264,,,-23.5806105,-46.793718,,,,2,2023-06-20T04:27:25+00:00
SAO_7458-10,São Paulo,3550308,True,,33264,,,-23.58494175,-46.74575075,,,,2,2023-06-20T04:27:33+00:00
SAO_6970-10,São Paulo,3550308,True,,1505,,,-23.737581499999997,-46.697899500000005,,,,1,2023-06-20T04:23:08+00:00
SAO_6970-10,São Paulo,3550308,True,,1505,,,-23.737581499999997,-46.697899500000005,,,,1,2023-06-20T04:27:09+00:00
SAO_6970-10,São Paulo,3550308,True,,1505,,,-23.687102250000002,-46.71448875,,,,1,2023-06-20T04:27:11+00:00
SAO_6970-10,São Paulo,3550308,True,,1505,,,-23.737581499999997,-46.697899500000005,,,,1,2023-06-20T04:27:39+00:00
SAO_6L05-10,São Paulo,3550308,True,,1173,,,-23.828203,-46.726499000000004,,,,1,2023-06-20T04:27:01+00:00
SAO_2769-10,São Paulo,3550308,True,,33165,,,-23.4820745,-46.380242,,,,2,2023-06-20T04:27:30+00:00
SAO_2769-10,São Paulo,3550308,True,,33165,,,-23.4821505,-46.380435000000006,,,,2,2023-06-20T04:27:22+00:00
SAO_2769-10,São Paulo,3550308,True,,33165,,,-23.5074605,-46.488465500000004,,,,2,2023-06-20T04:27:37+00:00
SAO_6006-10,São Paulo,3550308,True,,32943,,,-23.667395499999998,-46.729535,,,,2,2023-06-20T04:27:36+00:00
SAO_6006-10,São Paulo,3550308,True,,32943,,,-23.675371,-46.75579225,,,,2,2023-06-20T04:27:36+00:00
SAO_6006-10,São Paulo,3550308,True,,32943,,,-23.672219,-46.687327249999996,,,,2,2023-06-20T04:27:20+00:00
SAO_6826-10,São Paulo,3550308,True,,32784,,,-23.6591095,-46.766191,,,,2,2023-06-20T04:27:24+00:00
SAO_5123-10,São Paulo,3550308,True,,1125,,,-23.598979999999997,-46.6454615,,,,1,2023-06-20T04:27:24+00:00
SAO_5123-10,São Paulo,3550308,True,,1125,,,-23.62445725,-46.64045175,,,,1,2023-06-20T04:27:01+00:00
SAO_5123-10,São Paulo,3550308,True,,1125,,,-23.669653,-46.6377275,,,,1,2023-06-20T04:27:15+00:00
SAO_4221-10,São Paulo,3550308,True,,325,,,-23.585162,-46.584246,,,,1,2023-06-20T04:27:37+00:00
SAO_4221-10,São Paulo,3550308,True,,325,,,-23.604265,-46.52513999999999,,,,1,2023-06-20T04:27:10+00:00
SAO_715M-10,São Paulo,3550308,True,EMTU,490,https://moovitapp.com/index/pt-br/transporte_p%C3%BAblico-line-490-Sao_Paulo-242-2038937-36419517-0,5.15,-23.57180625,-46.697193,,,,1,2023-06-20T04:27:28+00:00
SAO_715M-10,São Paulo,3550308,True,EMTU,490,https://moovitapp.com/index/pt-br/transporte_p%C3%BAblico-line-490-Sao_Paulo-242-2038937-36419517-0,5.15,-23.58507,-46.7551355,,,,1,2023-06-20T04:27:36+00:00
SAO_715M-10,São Paulo,3550308,True,EMTU,490,https://moovitapp.com/index/pt-br/transporte_p%C3%BAblico-line-490-Sao_Paulo-242-2038937-36419517-0,5.15,-23.583236999999997,-46.761977,,,,1,2023-06-20T04:27:42+00:00
SAO_715M-10,São Paulo,3550308,True,EMTU,490,https://moovitapp.com/index/pt-br/transporte_p%C3%BAblico-line-490-Sao_Paulo-242-2038937-36419517-0,5.15,-23.5584995,-46.659910124999996,,,,1,2023-06-20T04:27:31+00:00
SAO_715M-10,São Paulo,3550308,True,EMTU,490,https://moovitapp.com/index/pt-br/transporte_p%C3%BAblico-line-490-Sao_Paulo-242-2038937-36419517-0,5.15,-23.5641185,-46.646494499999996,,,,1,2023-06-20T04:27:36+00:00
SAO_407M-10,São Paulo,3550308,True,,33086,,,-23.5757655,-46.6136105,,,,2,2023-06-20T04:27:08+00:00
SAO_8050-10,São Paulo,3550308,True,,412,,,-23.429480750000003,-46.794709250000004,,,,1,2023-06-20T04:23:09+00:00
SAO_8050-10,São Paulo,3550308,True,,412,,,-23.525479249999997,-46.711762500000006,,,,1,2023-06-20T04:27:36+00:00
SAO_2715-10,São Paulo,3550308,True,,33696,,,-23.4962475,-46.499477,,,,2,2023-06-20T04:27:21+00:00
SAO_2715-10,São Paulo,3550308,True,,33696,,,-23.496946,-46.503088125000005,,,,2,2023-06-20T04:22:02+00:00
SAO_2715-10,São Paulo,3550308,True,,33696,,,-23.515075000000003,-46.4997445,,,,2,2023-06-20T04:27:33+00:00
SAO_2715-10,São Paulo,3550308,True,,33696,,,-23.4980505,-46.503099,,,,2,2023-06-20T04:27:24+00:00
SAO_2715-10,São Paulo,3550308,True,,33696,,,-23.530118,-46.501016500000006,,,,2,2023-06-20T04:27:08+00:00
SAO_6451-10,São Paulo,3550308,True,,32829,,,-23.654559499999998,-46.761131500000005,,,,2,2023-06-20T04:27:25+00:00
SAO_6451-10,São Paulo,3550308,True,,32829,,,-23.584230249999997,-46.68749774999999,,,,2,2023-06-20T04:27:24+00:00
SAO_6451-10,São Paulo,3550308,True,,32829,,,-23.5671645,-46.659251499999996,,,,2,2023-06-20T04:27:40+00:00
SAO_6451-10,São Paulo,3550308,True,,32829,,,-23.6488675,-46.7535655,,,,2,2023-06-20T04:27:37+00:00
SAO_6451-10,São Paulo,3550308,True,,32829,,,-23.642516,-46.7384915,,,,2,2023-06-20T04:27:39+00:00
SAO_6015-10,São Paulo,3550308,True,,33973,,,-23.655170249999998,-46.70783675,,,,2,2023-06-20T04:27:17+00:00
SAO_6015-10,São Paulo,3550308,True,,33973,,,-23.736071250000002,-46.7887135,,,,2,2023-06-20T04:27:42+00:00
SAO_6015-10,São Paulo,3550308,True,,33973,,,-23.683644,-46.7697455,,,,2,2023-06-20T04:27:05+00:00
SAO_6015-10,São Paulo,3550308,True,,33973,,,-23.734674,-46.7943815,,,,2,2023-06-20T04:27:28+00:00
SAO_3006-10,São Paulo,3550308,True,,34633,,,-23.542018,-46.415611,,,,2,2023-06-20T04:26:41+00:00
SAO_3006-10,São Paulo,3550308,True,,34633,,,-23.547792,-46.390069,,,,2,2023-06-20T04:26:40+00:00
SAO_475R-10,São Paulo,3550308,True,,33112,,,-23.5470345,-46.6298525,,,,2,2023-06-20T04:26:56+00:00
SAO_475R-10,São Paulo,3550308,True,,33112,,,-23.581792999999998,-46.6493335,,,,2,2023-06-20T04:27:38+00:00
SAO_475R-10,São Paulo,3550308,True,,33112,,,-23.653473499999997,-46.608090000000004,,,,2,2023-06-20T04:27:14+00:00
SAO_475R-10,São Paulo,3550308,True,,33112,,,-23.5470345,-46.6298525,,,,2,2023-06-20T04:27:35+00:00
SAO_475R-10,São Paulo,3550308,True,,33112,,,-23.607827,-46.6378365,,,,2,2023-06-20T04:27:21+00:00
SAO_475R-10,São Paulo,3550308,True,,33112,,,-23.5470345,-46.6298525,,,,2,2023-06-20T04:27:31+00:00
SAO_475R-10,São Paulo,3550308,True,,33112,,,-23.553562375,-46.6383405,,,,2,2023-06-20T04:27:29+00:00
SAO_3141-10,São Paulo,3550308,True,,33502,,,-23.5600795,-46.5761035,,,,2,2023-06-20T04:24:38+00:00
SAO_3141-10,São Paulo,3550308,True,,33502,,,-23.5523595,-46.609596,,,,2,2023-06-20T04:26:57+00:00
SAO_3141-10,São Paulo,3550308,True,,33502,,,-23.614385,-46.50312649999999,,,,2,2023-06-20T04:26:59+00:00
SAO_6037-10,São Paulo,3550308,True,,33983,,,-23.6438595,-46.731730999999996,,,,2,2023-06-20T04:27:19+00:00
SAO_6037-10,São Paulo,3550308,True,,33983,,,-23.64887075,-46.78563725,,,,2,2023-06-20T04:27:00+00:00
SAO_6037-10,São Paulo,3550308,True,,33983,,,-23.64887075,-46.78563725,,,,2,2023-06-20T04:27:12+00:00
SAO_6037-10,São Paulo,3550308,True,,33983,,,-23.659461,-46.774684500000006,,,,2,2023-06-20T04:27:15+00:00
SAO_6037-10,São Paulo,3550308,True,,33983,,,-23.648692250000003,-46.78592975,,,,2,2023-06-20T04:27:31+00:00
SAO_6037-10,São Paulo,3550308,True,,33983,,,-23.648692250000003,-46.78592975,,,,2,2023-06-20T04:27:16+00:00
SAO_5300-10,São Paulo,3550308,True,EMTU,354,https://moovitapp.com/index/pt-br/transporte_p%C3%BAblico-line-354-Sao_Paulo-242-2038937-36419437-0,7.55,-23.654195,-46.711744499999995,,,,1,2023-06-20T04:27:14+00:00
SAO_5300-10,São Paulo,3550308,True,EMTU,354,https://moovitapp.com/index/pt-br/transporte_p%C3%BAblico-line-354-Sao_Paulo-242-2038937-36419437-0,7.55,-23.637275250000002,-46.693982500000004,,,,1,2023-06-20T04:27:08+00:00
SAO_5300-10,São Paulo,3550308,True,EMTU,354,https://moovitapp.com/index/pt-br/transporte_p%C3%BAblico-line-354-Sao_Paulo-242-2038937-36419437-0,7.55,-23.654195,-46.711744499999995,,,,1,2023-06-20T04:27:25+00:00
SAO_5300-10,São Paulo,3550308,True,EMTU,354,https://moovitapp.com/index/pt-br/transporte_p%C3%BAblico-line-354-Sao_Paulo-242-2038937-36419437-0,7.55,-23.56357825,-46.64013575,,,,1,2023-06-20T04:27:16+00:00
SAO_5300-10,São Paulo,3550308,True,EMTU,354,https://moovitapp.com/index/pt-br/transporte_p%C3%BAblico-line-354-Sao_Paulo-242-2038937-36419437-0,7.55,-23.654195,-46.711744499999995,,,,1,2023-06-20T04:27:30+00:00
SAO_5300-10,São Paulo,3550308,True,EMTU,354,https://moovitapp.com/index/pt-br/transporte_p%C3%BAblico-line-354-Sao_Paulo-242-2038937-36419437-0,7.55,-23.654195,-46.711744499999995,,,,1,2023-06-20T04:27:26+00:00
SAO_5300-10,São Paulo,3550308,True,EMTU,354,https://moovitapp.com/index/pt-br/transporte_p%C3%BAblico-line-354-Sao_Paulo-242-2038937-36419437-0,7.55,-23.654195,-46.711744499999995,,,,1,2023-06-20T04:27:39+00:00
SAO_5300-10,São Paulo,3550308,True,EMTU,354,https://moovitapp.com/index/pt-br/transporte_p%C3%BAblico-line-354-Sao_Paulo-242-2038937-36419437-0,7.55,-23.546478999999998,-46.632335,,,,1,2023-06-20T04:26:58+00:00
SAO_5300-10,São Paulo,3550308,True,EMTU,354,https://moovitapp.com/index/pt-br/transporte_p%C3%BAblico-line-354-Sao_Paulo-242-2038937-36419437-0,7.55,-23.654195,-46.711744499999995,,,,1,2023-06-20T04:27:11+00:00
SAO_3728-41,São Paulo,3550308,True,,34756,,,-23.556531,-46.491842500000004,,,,2,2023-06-20T04:27:24+00:00
SAO_6012-10,São Paulo,3550308,True,,1204,,,-23.686436999999998,-46.7873475,,,,1,2023-06-20T04:27:00+00:00
SAO_6012-10,São Paulo,3550308,True,,1204,,,-23.685298500000002,-46.770142500000006,,,,1,2023-06-20T04:27:27+00:00
SAO_6012-10,São Paulo,3550308,True,,1204,,,-23.679529374999998,-46.764053375,,,,1,2023-06-20T04:27:41+00:00
SAO_6825-10,São Paulo,3550308,True,,32782,,,-23.6572335,-46.7642095,,,,2,2023-06-20T04:27:37+00:00
SAO_6825-10,São Paulo,3550308,True,,32782,,,-23.685214000000002,-46.800338999999994,,,,2,2023-06-20T04:27:04+00:00
SAO_2100-10,São Paulo,3550308,True,,33481,,,-23.5580635,-46.522337500000006,,,,2,2023-06-20T04:27:27+00:00
SAO_2100-10,São Paulo,3550308,True,,33481,,,-23.566536875,-46.544260375,,,,2,2023-06-20T04:27:07+00:00
SAO_2100-10,São Paulo,3550308,True,,33481,,,-23.5583985,-46.523131,,,,2,2023-06-20T04:27:00+00:00
SAO_2100-10,São Paulo,3550308,True,,33481,,,-23.5626605,-46.552065,,,,2,2023-06-20T04:27:30+00:00
SAO_2100-10,São Paulo,3550308,True,,33481,,,-23.558037,-46.578609,,,,2,2023-06-20T04:27:35+00:00
SAO_2100-10,São Paulo,3550308,True,,33481,,,-23.570905500000002,-46.5386715,,,,2,2023-06-20T04:27:09+00:00
SAO_2100-10,São Paulo,3550308,True,,33481,,,-23.559399999999997,-46.588271750000004,,,,2,2023-06-20T04:27:39+00:00
SAO_2100-10,São Paulo,3550308,True,,33481,,,-23.558199000000002,-46.522121,,,,2,2023-06-20T04:27:31+00:00
SAO_2100-10,São Paulo,3550308,True,,33481,,,-23.548256000000002,-46.618879,,,,2,2023-06-20T04:27:23+00:00
SAO_2100-10,São Paulo,3550308,True,,33481,,,-23.5652095,-46.545379999999994,,,,2,2023-06-20T04:27:10+00:00
SAO_3206-10,São Paulo,3550308,True,,2112,,,-23.533409499999998,-46.5449295,,,,1,2023-06-20T04:27:35+00:00
SAO_3139-10,São Paulo,3550308,True,,995,,,-23.553140499999998,-46.634750499999996,,,,1,2023-06-20T04:27:35+00:00
SAO_3139-10,São Paulo,3550308,True,,995,,,-23.562314999999998,-46.551222499999994,,,,1,2023-06-20T04:27:11+00:00
SAO_746C-10,São Paulo,3550308,True,STT,783,https://moovitapp.com/index/pt-br/transporte_p%C3%BAblico-line-783-Sao_Paulo-242-850661-183351-0,5.3,-23.6498405,-46.707801,,,,1,2023-06-20T04:27:06+00:00
SAO_746C-10,São Paulo,3550308,True,STT,783,https://moovitapp.com/index/pt-br/transporte_p%C3%BAblico-line-783-Sao_Paulo-242-850661-183351-0,5.3,-23.6498405,-46.707801,,,,1,2023-06-20T04:27:24+00:00
SAO_746C-10,São Paulo,3550308,True,STT,783,https://moovitapp.com/index/pt-br/transporte_p%C3%BAblico-line-783-Sao_Paulo-242-850661-183351-0,5.3,-23.6146005,-46.74248324999999,,,,1,2023-06-20T04:26:57+00:00
SAO_746C-10,São Paulo,3550308,True,STT,783,https://moovitapp.com/index/pt-br/transporte_p%C3%BAblico-line-783-Sao_Paulo-242-850661-183351-0,5.3,-23.643999,-46.7324175,,,,1,2023-06-20T04:27:13+00:00
SAO_6092-10,São Paulo,3550308,True,,33945,,,-23.7435615,-46.6914735,,,,2,2023-06-20T04:27:16+00:00
SAO_6092-10,São Paulo,3550308,True,,33945,,,-23.778222,-46.68462275,,,,2,2023-06-20T04:27:13+00:00
SAO_1896-10,São Paulo,3550308,True,,2520,,,-23.5053525,-46.717957999999996,,,,1,2023-06-20T04:27:24+00:00
SAO_1896-10,São Paulo,3550308,True,,2520,,,-23.4444145,-46.7533035,,,,1,2023-06-20T04:27:00+00:00
SAO_1896-10,São Paulo,3550308,True,,2520,,,-23.4550775,-46.7460105,,,,1,2023-06-20T04:27:23+00:00
SAO_1896-10,São Paulo,3550308,True,,2520,,,-23.5316625,-46.66445225,,,,1,2023-06-20T04:27:19+00:00
SAO_1896-10,São Paulo,3550308,True,,2520,,,-23.4444145,-46.7533035,,,,1,2023-06-20T04:27:29+00:00
SAO_9009-10,São Paulo,3550308,True,,877,,,-23.447619500000002,-46.7088905,,,,1,2023-06-20T04:27:17+00:00
SAO_9009-10,São Paulo,3550308,True,,877,,,-23.4665345,-46.6792645,,,,1,2023-06-20T04:27:26+00:00
SAO_9009-10,São Paulo,3550308,True,,877,,,-23.444840499999998,-46.705281,,,,1,2023-06-20T04:27:02+00:00
SAO_719P-10,São Paulo,3550308,True,,34140,,,-23.551792624999997,-46.66072675,,,,2,2023-06-20T04:27:38+00:00
SAO_174M-10,São Paulo,3550308,True,,33441,,,-23.487555999999998,-46.5742625,,,,2,2023-06-20T04:27:33+00:00
SAO_174M-10,São Paulo,3550308,True,,33441,,,-23.487555999999998,-46.5742625,,,,2,2023-06-20T04:27:13+00:00
SAO_174M-10,São Paulo,3550308,True,,33441,,,-23.4880165,-46.574464500000005,,,,2,2023-06-20T04:27:18+00:00
SAO_174M-10,São Paulo,3550308,True,,33441,,,-23.4880165,-46.574464500000005,,,,2,2023-06-20T04:27:05+00:00
SAO_174M-10,São Paulo,3550308,True,,33441,,,-23.48146,-46.59832675,,,,2,2023-06-20T04:27:34+00:00
SAO_174M-10,São Paulo,3550308,True,,33441,,,-23.509144,-46.624826999999996,,,,2,2023-06-20T04:27:14+00:00
SAO_6075-10,São Paulo,3550308,True,,1162,,,-23.7956635,-46.736508,,,,1,2023-06-20T04:27:41+00:00
SAO_7053-10,São Paulo,3550308,True,,1887,,,-23.6444245,-46.788578,,,,1,2023-06-20T04:27:21+00:00
SAO_7053-10,São Paulo,3550308,True,,1887,,,-23.640779000000002,-46.7825665,,,,1,2023-06-20T04:27:06+00:00
SAO_7053-10,São Paulo,3550308,True,,1887,,,-23.640779000000002,-46.7825665,,,,1,2023-06-20T04:27:22+00:00
SAO_6031-10,São Paulo,3550308,True,,32860,,,-23.753878,-46.708732499999996,,,,2,2023-06-20T04:27:22+00:00
SAO_6031-10,São Paulo,3550308,True,,32860,,,-23.756158499999998,-46.709500500000004,,,,2,2023-06-20T04:27:13+00:00
SAO_6031-10,São Paulo,3550308,True,,32860,,,-23.753878,-46.708732499999996,,,,2,2023-06-20T04:27:43+00:00
SAO_6031-10,São Paulo,3550308,True,,32860,,,-23.753878,-46.708732499999996,,,,2,2023-06-20T04:27:25+00:00
SAO_9050-10,São Paulo,3550308,True,,34856,,,-23.558215,-46.696659999999994,,,,2,2023-06-20T04:27:00+00:00
SAO_9050-10,São Paulo,3550308,True,,34856,,,-23.519821,-46.700694999999996,,,,2,2023-06-20T04:27:10+00:00
SAO_9050-10,São Paulo,3550308,True,,34856,,,-23.545891500000003,-46.70645125,,,,2,2023-06-20T04:27:00+00:00
SAO_9501-10,São Paulo,3550308,True,,33230,,,-23.474438499999998,-46.669928999999996,,,,2,2023-06-20T04:27:25+00:00
SAO_9501-10,São Paulo,3550308,True,,33230,,,-23.47699275,-46.6725655,,,,2,2023-06-20T04:27:32+00:00
SAO_9501-10,São Paulo,3550308,True,,33230,,,-23.474438499999998,-46.669928999999996,,,,2,2023-06-20T04:27:32+00:00
SAO_9501-10,São Paulo,3550308,True,,33230,,,-23.4960325,-46.684348,,,,2,2023-06-20T04:27:36+00:00
SAO_9501-10,São Paulo,3550308,True,,33230,,,-23.523066999999998,-46.6544265,,,,2,2023-06-20T04:27:03+00:00
SAO_9501-10,São Paulo,3550308,True,,33230,,,-23.47494,-46.67014399999999,,,,2,2023-06-20T04:27:15+00:00
SAO_3795-10,São Paulo,3550308,True,,1073,,,-23.547394000000004,-46.45454025,,,,1,2023-06-20T04:27:02+00:00
SAO_3795-10,São Paulo,3550308,True,,1073,,,-23.56388,-46.4163495,,,,1,2023-06-20T04:27:18+00:00
SAO_6837-10,São Paulo,3550308,True,,32774,,,-23.654911,-46.762913,,,,2,2023-06-20T04:26:59+00:00
SAO_6837-10,São Paulo,3550308,True,,32774,,,-23.61707375,-46.75294875,,,,2,2023-06-20T04:27:04+00:00
SAO_6837-10,São Paulo,3550308,True,,32774,,,-23.6436085,-46.7634295,,,,2,2023-06-20T04:27:40+00:00
SAO_8078-10,São Paulo,3550308,True,,34848,,,-23.625425999999997,-46.7482945,,,,2,2023-06-20T04:27:27+00:00
SAO_8078-10,São Paulo,3550308,True,,34848,,,-23.643165,-46.7629805,,,,2,2023-06-20T04:27:17+00:00
SAO_778J-10,São Paulo,3550308,True,EMTU,508,https://moovitapp.com/index/pt-br/transporte_p%C3%BAblico-line-508-Sao_Paulo-242-2038937-36419530-0,5.65,-23.572109,-46.706032750000006,,,,1,2023-06-20T04:27:24+00:00
SAO_778J-10,São Paulo,3550308,True,EMTU,508,https://moovitapp.com/index/pt-br/transporte_p%C3%BAblico-line-508-Sao_Paulo-242-2038937-36419530-0,5.65,-23.5905395,-46.786973,,,,1,2023-06-20T04:27:17+00:00
SAO_778J-10,São Paulo,3550308,True,EMTU,508,https://moovitapp.com/index/pt-br/transporte_p%C3%BAblico-line-508-Sao_Paulo-242-2038937-36419530-0,5.65,-23.526614000000002,-46.668097,,,,1,2023-06-20T04:27:31+00:00
SAO_3734-10,São Paulo,3550308,True,,1034,,,-23.5527845,-46.471010500000006,,,,1,2023-06-20T04:27:26+00:00
SAO_3734-10,São Paulo,3550308,True,,1034,,,-23.55555725,-46.478727500000005,,,,1,2023-06-20T04:27:41+00:00
SAO_5652-10,São Paulo,3550308,True,,33042,,,-23.554022500000002,-46.636887,,,,2,2023-06-20T04:27:41+00:00
SAO_5652-10,São Paulo,3550308,True,,33042,,,-23.704033000000003,-46.688122,,,,2,2023-06-20T04:27:34+00:00
SAO_5652-10,São Paulo,3550308,True,,33042,,,-23.681278499999998,-46.6886505,,,,2,2023-06-20T04:27:20+00:00
SAO_5652-10,São Paulo,3550308,True,,33042,,,-23.627865,-46.662107500000005,,,,2,2023-06-20T04:27:09+00:00
SAO_178L-10,São Paulo,3550308,True,,33328,,,-23.4746205,-46.643643999999995,,,,2,2023-06-20T04:27:16+00:00
SAO_178L-10,São Paulo,3550308,True,,33328,,,-23.550093500000003,-46.682230000000004,,,,2,2023-06-20T04:27:24+00:00
SAO_178L-10,São Paulo,3550308,True,,33328,,,-23.504967999999998,-46.6413635,,,,2,2023-06-20T04:27:35+00:00
SAO_178L-10,São Paulo,3550308,True,,33328,,,-23.549917999999998,-46.680129,,,,2,2023-06-20T04:27:29+00:00
SAO_178L-10,São Paulo,3550308,True,,33328,,,-23.506895468750002,-46.6455236875,,,,2,2023-06-20T04:27:31+00:00
SAO_6093-10,São Paulo,3550308,True,,1585,,,-23.818562,-46.7340765,,,,1,2023-06-20T04:27:35+00:00
SAO_6093-10,São Paulo,3550308,True,,1585,,,-23.807117499999997,-46.736568500000004,,,,1,2023-06-20T04:27:10+00:00
SAO_6093-10,São Paulo,3550308,True,,1585,,,-23.737581499999997,-46.697899500000005,,,,1,2023-06-20T04:27:20+00:00
SAO_6093-10,São Paulo,3550308,True,,1585,,,-23.747792,-46.708254499999995,,,,1,2023-06-20T04:27:20+00:00
SAO_139A-10,São Paulo,3550308,True,,2451,,,-23.501481,-46.700995,,,,1,2023-06-20T04:27:15+00:00
SAO_707K-10,São Paulo,3550308,True,,35271,,,-23.64514875,-46.67355775,,,,2,2023-06-20T04:27:27+00:00
SAO_707K-10,São Paulo,3550308,True,,35271,,,-23.6410965,-46.652114875,,,,2,2023-06-20T04:27:35+00:00
SAO_707K-10,São Paulo,3550308,True,,35271,,,-23.668242,-46.7355055,,,,2,2023-06-20T04:27:35+00:00
SAO_709P-10,São Paulo,3550308,True,,34761,,,-23.5726825,-46.6898945,,,,2,2023-06-20T04:27:28+00:00
SAO_709P-10,São Paulo,3550308,True,,34761,,,-23.5918565,-46.689164000000005,,,,2,2023-06-20T04:27:21+00:00
SAO_709P-10,São Paulo,3550308,True,,34761,,,-23.624500750000003,-46.711029749999994,,,,2,2023-06-20T04:27:00+00:00
SAO_5705-10,São Paulo,3550308,True,,1657,,,-23.58594075,-46.62797,,,,1,2023-06-20T04:27:07+00:00
SAO_5705-10,São Paulo,3550308,True,,1657,,,-23.602926,-46.6020545,,,,1,2023-06-20T04:27:00+00:00
SAO_3141-10,São Paulo,3550308,True,,734,,,-23.6123785,-46.482487,,,,1,2023-06-20T04:27:28+00:00
SAO_3141-10,São Paulo,3550308,True,,734,,,-23.5523915,-46.610965,,,,1,2023-06-20T04:27:07+00:00
SAO_3141-10,São Paulo,3550308,True,,734,,,-23.6147155,-46.501698000000005,,,,1,2023-06-20T04:27:31+00:00
SAO_3141-10,São Paulo,3550308,True,,734,,,-23.5796085,-46.539294999999996,,,,1,2023-06-20T04:27:24+00:00
SAO_3141-10,São Paulo,3550308,True,,734,,,-23.612184499999998,-46.482907499999996,,,,1,2023-06-20T04:27:05+00:00
SAO_477U-10,São Paulo,3550308,True,,33074,,,-23.596385374999997,-46.605491375,,,,2,2023-06-20T04:27:36+00:00
SAO_477U-10,São Paulo,3550308,True,,33074,,,-23.609746,-46.5943355,,,,2,2023-06-20T04:27:29+00:00
SAO_9011-21,São Paulo,3550308,True,,1768,,,-23.4547945,-46.738510500000004,,,,1,2023-06-20T04:23:50+00:00
SAO_9011-21,São Paulo,3550308,True,,1768,,,-23.4547945,-46.738510500000004,,,,1,2023-06-20T04:27:30+00:00
SAO_9011-21,São Paulo,3550308,True,,1768,,,-23.439400499999998,-46.733911500000005,,,,1,2023-06-20T04:27:04+00:00
SAO_9011-21,São Paulo,3550308,True,,1768,,,-23.4547945,-46.738510500000004,,,,1,2023-06-20T04:27:25+00:00
SAO_9011-21,São Paulo,3550308,True,,1768,,,-23.4547945,-46.738510500000004,,,,1,2023-06-20T04:26:48+00:00
SAO_9011-21,São Paulo,3550308,True,,1768,,,-23.4547945,-46.738510500000004,,,,1,2023-06-20T04:26:57+00:00
SAO_607M-10,São Paulo,3550308,True,,34804,,,-23.7358595,-46.6960365,,,,2,2023-06-20T04:26:59+00:00
SAO_607M-10,São Paulo,3550308,True,,34804,,,-23.6309255,-46.699452,,,,2,2023-06-20T04:27:39+00:00
SAO_607M-10,São Paulo,3550308,True,,34804,,,-23.692554,-46.701564000000005,,,,2,2023-06-20T04:27:25+00:00
SAO_8077-10,São Paulo,3550308,True,,2050,,,-23.587561,-46.736743625,,,,1,2023-06-20T04:27:02+00:00
SAO_516N-10,São Paulo,3550308,True,,33034,,,-23.672310500000002,-46.645056499999995,,,,2,2023-06-20T04:27:26+00:00
SAO_516N-10,São Paulo,3550308,True,,33034,,,-23.689969249999997,-46.649679000000006,,,,2,2023-06-20T04:27:25+00:00
SAO_516N-10,São Paulo,3550308,True,,33034,,,-23.628147,-46.68554525,,,,2,2023-06-20T04:27:29+00:00
SAO_516N-10,São Paulo,3550308,True,,33034,,,-23.690199749999998,-46.649609,,,,2,2023-06-20T04:27:05+00:00
SAO_516N-10,São Paulo,3550308,True,,33034,,,-23.584148,-46.670124,,,,2,2023-06-20T04:27:07+00:00
SAO_516N-10,São Paulo,3550308,True,,33034,,,-23.603969375,-46.674927374999996,,,,2,2023-06-20T04:27:35+00:00
SAO_118C-10,São Paulo,3550308,True,,519,,,-23.470734999999998,-46.650088999999994,,,,1,2023-06-20T04:27:26+00:00
SAO_118C-10,São Paulo,3550308,True,,519,,,-23.458088500000002,-46.6717525,,,,1,2023-06-20T04:27:37+00:00
SAO_118C-10,São Paulo,3550308,True,,519,,,-23.493661000000003,-46.626228999999995,,,,1,2023-06-20T04:26:06+00:00
SAO_118C-10,São Paulo,3550308,True,,519,,,-23.4580775,-46.671527499999996,,,,1,2023-06-20T04:27:23+00:00
SAO_118C-10,São Paulo,3550308,True,,519,,,-23.53841075,-46.6488,,,,1,2023-06-20T04:27:12+00:00
SAO_5034-31,São Paulo,3550308,True,,34432,,,-23.60347625,-46.6025595,,,,2,2023-06-20T04:26:59+00:00
SAO_5034-31,São Paulo,3550308,True,,34432,,,-23.6367875,-46.606539,,,,2,2023-06-20T04:26:56+00:00
SAO_6099-10,São Paulo,3550308,True,,34355,,,-23.7933225,-46.7292295,,,,2,2023-06-20T04:27:24+00:00
SAO_6099-10,São Paulo,3550308,True,,34355,,,-23.843864,-46.7435405,,,,2,2023-06-20T04:27:34+00:00
SAO_6099-10,São Paulo,3550308,True,,34355,,,-23.791151499999998,-46.727039500000004,,,,2,2023-06-20T04:26:17+00:00
SAO_6840-10,São Paulo,3550308,True,,32969,,,-23.741766,-46.8007565,,,,2,2023-06-20T04:27:24+00:00
SAO_6840-10,São Paulo,3550308,True,,32969,,,-23.731476999999998,-46.7859925,,,,2,2023-06-20T04:26:53+00:00
SAO_6840-10,São Paulo,3550308,True,,32969,,,-23.7420195,-46.800329000000005,,,,2,2023-06-20T04:27:25+00:00
SAO_6840-10,São Paulo,3550308,True,,32969,,,-23.7317975,-46.7861475,,,,2,2023-06-20T04:27:28+00:00
SAO_6840-10,São Paulo,3550308,True,,32969,,,-23.741947500000002,-46.801043,,,,2,2023-06-20T04:27:03+00:00
SAO_6840-10,São Paulo,3550308,True,,32969,,,-23.672192000000003,-46.773357000000004,,,,2,2023-06-20T04:27:24+00:00
SAO_6840-10,São Paulo,3550308,True,,32969,,,-23.7301305,-46.7858815,,,,2,2023-06-20T04:27:03+00:00
SAO_6840-10,São Paulo,3550308,True,,32969,,,-23.7317975,-46.7861475,,,,2,2023-06-20T04:26:57+00:00
SAO_6840-10,São Paulo,3550308,True,,32969,,,-23.735650999999997,-46.788467749999995,,,,2,2023-06-20T04:27:14+00:00
SAO_6840-10,São Paulo,3550308,True,,32969,,,-23.711059249999998,-46.78280675,,,,2,2023-06-20T04:27:26+00:00
SAO_6840-10,São Paulo,3550308,True,,32969,,,-23.741766,-46.8007565,,,,2,2023-06-20T04:27:29+00:00
SAO_6840-10,São Paulo,3550308,True,,32969,,,-23.741992,-46.8006415,,,,2,2023-06-20T04:27:40+00:00
SAO_3031-10,São Paulo,3550308,True,,33735,,,-23.6126845,-46.4445915,,,,2,2023-06-20T04:27:03+00:00
SAO_3031-10,São Paulo,3550308,True,,33735,,,-23.6045005,-46.443963125,,,,2,2023-06-20T04:27:14+00:00
SAO_3031-10,São Paulo,3550308,True,,33735,,,-23.5430545,-46.470682999999994,,,,2,2023-06-20T04:27:37+00:00
SAO_3031-10,São Paulo,3550308,True,,33735,,,-23.6129015,-46.444473,,,,2,2023-06-20T04:26:59+00:00
SAO_3031-10,São Paulo,3550308,True,,33735,,,-23.574598,-46.454119500000004,,,,2,2023-06-20T04:27:20+00:00
SAO_8610-10,São Paulo,3550308,True,,34831,,,-23.58167375,-46.731486,,,,2,2023-06-20T04:27:19+00:00
SAO_8610-10,São Paulo,3550308,True,,34831,,,-23.6032175,-46.780919,,,,2,2023-06-20T04:27:19+00:00
SAO_8610-10,São Paulo,3550308,True,,34831,,,-23.6031905,-46.781071999999995,,,,2,2023-06-20T04:27:35+00:00
SAO_8610-10,São Paulo,3550308,True,,34831,,,-23.5603275,-46.6551405,,,,2,2023-06-20T04:26:35+00:00
SAO_1787-10,São Paulo,3550308,True,,33418,,,-23.4512035,-46.622924499999996,,,,2,2023-06-20T04:27:23+00:00
SAO_1787-10,São Paulo,3550308,True,,33418,,,-23.501123375,-46.622390374999995,,,,2,2023-06-20T04:27:30+00:00
SAO_675X-10,São Paulo,3550308,True,EMTU,111,https://moovitapp.com/index/pt-br/transporte_p%C3%BAblico-line-111-Sao_Paulo-242-2038937-36419271-0,5.1,-23.6364375,-46.693218,,,,1,2023-06-20T04:27:22+00:00
SAO_675X-10,São Paulo,3550308,True,EMTU,111,https://moovitapp.com/index/pt-br/transporte_p%C3%BAblico-line-111-Sao_Paulo-242-2038937-36419271-0,5.1,-23.6028365,-46.661395375,,,,1,2023-06-20T04:26:58+00:00
SAO_675X-10,São Paulo,3550308,True,EMTU,111,https://moovitapp.com/index/pt-br/transporte_p%C3%BAblico-line-111-Sao_Paulo-242-2038937-36419271-0,5.1,-23.737581499999997,-46.697899500000005,,,,1,2023-06-20T04:27:04+00:00
SAO_675X-10,São Paulo,3550308,True,EMTU,111,https://moovitapp.com/index/pt-br/transporte_p%C3%BAblico-line-111-Sao_Paulo-242-2038937-36419271-0,5.1,-23.737689500000002,-46.697986,,,,1,2023-06-20T04:27:09+00:00
SAO_3099-10,São Paulo,3550308,True,,1079,,,-23.596551500000004,-46.487297874999996,,,,1,2023-06-20T04:27:27+00:00
SAO_3099-10,São Paulo,3550308,True,,1079,,,-23.611579,-46.454283000000004,,,,1,2023-06-20T04:27:21+00:00
SAO_3099-10,São Paulo,3550308,True,,1079,,,-23.6125095,-46.4445395,,,,1,2023-06-20T04:27:16+00:00
SAO_3099-10,São Paulo,3550308,True,,1079,,,-23.611480999999998,-46.476130999999995,,,,1,2023-06-20T04:27:18+00:00
SAO_8400-10,São Paulo,3550308,True,,34033,,,-23.52278075,-46.694173500000005,,,,2,2023-06-20T04:27:42+00:00
SAO_8400-10,São Paulo,3550308,True,,34033,,,-23.539440749999997,-46.645388249999996,,,,2,2023-06-20T04:27:19+00:00
SAO_8400-10,São Paulo,3550308,True,,34033,,,-23.483233499999997,-46.717200500000004,,,,2,2023-06-20T04:27:14+00:00
SAO_5018-31,São Paulo,3550308,True,,34629,,,-23.68411975,-46.645739,,,,2,2023-06-20T04:27:31+00:00
SAO_5018-31,São Paulo,3550308,True,,34629,,,-23.675471,-46.6729985,,,,2,2023-06-20T04:27:28+00:00
SAO_5018-31,São Paulo,3550308,True,,34629,,,-23.6697135,-46.648595,,,,2,2023-06-20T04:27:02+00:00
SAO_775F-31,São Paulo,3550308,True,,2488,,,-23.623528999999998,-46.7486765,,,,1,2023-06-20T04:27:00+00:00
SAO_775F-31,São Paulo,3550308,True,,2488,,,-23.614403250000002,-46.7312545,,,,1,2023-06-20T04:27:42+00:00
SAO_775F-31,São Paulo,3550308,True,,2488,,,-23.5976665,-46.7086685,,,,1,2023-06-20T04:27:21+00:00
SAO_775F-31,São Paulo,3550308,True,,2488,,,-23.6254505,-46.7479555,,,,1,2023-06-20T04:27:02+00:00
SAO_513C-31,São Paulo,3550308,True,,2536,,,-23.60263625,-46.470555000000004,,,,1,2023-06-20T04:27:13+00:00
SAO_3134-10,São Paulo,3550308,True,,33761,,,-23.581889,-46.585524,,,,2,2023-06-20T04:27:38+00:00
SAO_3134-10,São Paulo,3550308,True,,33761,,,-23.5781065,-46.546018875,,,,2,2023-06-20T04:27:25+00:00
SAO_3134-10,São Paulo,3550308,True,,33761,,,-23.5630785,-46.5055855,,,,2,2023-06-20T04:26:59+00:00
SAO_3134-10,São Paulo,3550308,True,,33761,,,-23.563912000000002,-46.5052585,,,,2,2023-06-20T04:26:58+00:00
SAO_3134-10,São Paulo,3550308,True,,33761,,,-23.582936500000002,-46.535351000000006,,,,2,2023-06-20T04:27:04+00:00
SAO_6821-10,São Paulo,3550308,True,BR7 Mobilidade,21,https://moovitapp.com/index/pt-br/transporte_p%C3%BAblico-line-21-Sao_Paulo-242-851856-707765-0,5.75,-23.676005500000002,-46.7745545,,,,1,2023-06-20T04:27:20+00:00
SAO_6726-10,São Paulo,3550308,True,,33961,,,-23.745433,-46.6650005,,,,2,2023-06-20T04:27:38+00:00
SAO_6726-10,São Paulo,3550308,True,,33961,,,-23.75634,-46.66749,,,,2,2023-06-20T04:27:40+00:00
SAO_129F-10,São Paulo,3550308,True,,35072,,,-23.499337249999996,-46.706582749999995,,,,2,2023-06-20T04:27:18+00:00
SAO_129F-10,São Paulo,3550308,True,,35072,,,-23.5263225,-46.668319999999994,,,,2,2023-06-20T04:27:09+00:00
SAO_129F-10,São Paulo,3550308,True,,35072,,,-23.522753375,-46.691829187500005,,,,2,2023-06-20T04:27:32+00:00
SAO_129F-10,São Paulo,3550308,True,,35072,,,-23.490247500000002,-46.698889,,,,2,2023-06-20T04:27:30+00:00
SAO_7013-10,São Paulo,3550308,True,,775,,,-23.639982,-46.749115,,,,1,2023-06-20T04:27:05+00:00
SAO_7013-10,São Paulo,3550308,True,,775,,,-23.624555,-46.763753,,,,1,2023-06-20T04:27:36+00:00
SAO_7013-10,São Paulo,3550308,True,,775,,,-23.639982,-46.749115,,,,1,2023-06-20T04:27:13+00:00
SAO_273R-10,São Paulo,3550308,True,EMTU,226,https://moovitapp.com/index/pt-br/transporte_p%C3%BAblico-line-226-Sao_Paulo-242-2038937-36419343-0,5.05,-23.511241,-46.437256500000004,,,,1,2023-06-20T04:27:23+00:00
SAO_273R-10,São Paulo,3550308,True,EMTU,226,https://moovitapp.com/index/pt-br/transporte_p%C3%BAblico-line-226-Sao_Paulo-242-2038937-36419343-0,5.05,-23.540062499999998,-46.482594375,,,,1,2023-06-20T04:27:11+00:00
SAO_273R-10,São Paulo,3550308,True,EMTU,226,https://moovitapp.com/index/pt-br/transporte_p%C3%BAblico-line-226-Sao_Paulo-242-2038937-36419343-0,5.05,-23.5185795,-46.475586,,,,1,2023-06-20T04:27:18+00:00
SAO_273R-10,São Paulo,3550308,True,EMTU,226,https://moovitapp.com/index/pt-br/transporte_p%C3%BAblico-line-226-Sao_Paulo-242-2038937-36419343-0,5.05,-23.5046085,-46.4277735,,,,1,2023-06-20T04:27:15+00:00
SAO_273R-10,São Paulo,3550308,True,EMTU,226,https://moovitapp.com/index/pt-br/transporte_p%C3%BAblico-line-226-Sao_Paulo-242-2038937-36419343-0,5.05,-23.52377925,-46.417449,,,,1,2023-06-20T04:27:35+00:00
SAO_5036-10,São Paulo,3550308,True,,34434,,,-23.602472249999998,-46.61305475,,,,2,2023-06-20T04:27:07+00:00
SAO_5036-10,São Paulo,3550308,True,,34434,,,-23.603310999999998,-46.6028315,,,,2,2023-06-20T04:27:19+00:00
SAO_5036-10,São Paulo,3550308,True,,34434,,,-23.6333,-46.605229625,,,,2,2023-06-20T04:27:40+00:00
SAO_6099-10,São Paulo,3550308,True,,1587,,,-23.837350375,-46.731930375000005,,,,1,2023-06-20T04:27:04+00:00
SAO_6099-10,São Paulo,3550308,True,,1587,,,-23.7377555,-46.6976535,,,,1,2023-06-20T04:27:43+00:00
SAO_9188-10,São Paulo,3550308,True,,33577,,,-23.4541915,-46.729021,,,,2,2023-06-20T04:27:38+00:00
SAO_9188-10,São Paulo,3550308,True,,33577,,,-23.449583500000003,-46.733918,,,,2,2023-06-20T04:27:21+00:00
SAO_9188-10,São Paulo,3550308,True,,33577,,,-23.49958975,-46.70654625,,,,2,2023-06-20T04:27:06+00:00
SAO_573H-10,São Paulo,3550308,True,,1630,,,-23.546872999999998,-46.608591000000004,,,,1,2023-06-20T04:27:39+00:00
SAO_573H-10,São Paulo,3550308,True,,1630,,,-23.6116475,-46.493727,,,,1,2023-06-20T04:27:15+00:00
SAO_573H-10,São Paulo,3550308,True,,1630,,,-23.555710249999997,-46.60326825,,,,1,2023-06-20T04:27:28+00:00
SAO_573H-10,São Paulo,3550308,True,,1630,,,-23.572577000000003,-46.581759500000004,,,,1,2023-06-20T04:27:07+00:00
SAO_573H-10,São Paulo,3550308,True,,1630,,,-23.599271,-46.5012925,,,,1,2023-06-20T04:27:05+00:00
SAO_573H-10,São Paulo,3550308,True,,1630,,,-23.575488874999998,-46.55271575,,,,1,2023-06-20T04:27:34+00:00
SAO_1018-10,São Paulo,3550308,True,,832,,,-23.487188,-46.623712999999995,,,,1,2023-06-20T04:25:23+00:00
SAO_1018-10,São Paulo,3550308,True,,832,,,-23.4464745,-46.6276395,,,,1,2023-06-20T04:21:14+00:00
SAO_1018-10,São Paulo,3550308,True,,832,,,-23.467184,-46.6163445,,,,1,2023-06-20T04:27:17+00:00
SAO_N534-11,São Paulo,3550308,True,,2386,,,-23.6365495,-46.593129000000005,,,,1,2023-06-20T04:27:05+00:00
SAO_6835-10,São Paulo,3550308,True,,32780,,,-23.6875135,-46.800892000000005,,,,2,2023-06-20T04:27:32+00:00
SAO_6835-10,São Paulo,3550308,True,,32780,,,-23.6591095,-46.766191,,,,2,2023-06-20T04:27:27+00:00
SAO_546A-31,São Paulo,3550308,True,,1132,,,-23.7117175,-46.651781,,,,1,2023-06-20T04:24:40+00:00
SAO_546A-31,São Paulo,3550308,True,,1132,,,-23.7139475,-46.6571055,,,,1,2023-06-20T04:27:09+00:00
SAO_546A-31,São Paulo,3550308,True,,1132,,,-23.6544305,-46.703920499999995,,,,1,2023-06-20T04:27:42+00:00
SAO_546A-31,São Paulo,3550308,True,,1132,,,-23.697448,-46.6487755,,,,1,2023-06-20T04:27:14+00:00
SAO_546A-31,São Paulo,3550308,True,,1132,,,-23.7139475,-46.6571055,,,,1,2023-06-20T04:24:49+00:00
SAO_819A-10,São Paulo,3550308,True,Rápido Campinas,803,https://moovitapp.com/index/pt-br/transporte_p%C3%BAblico-line-803-Sao_Paulo-242-858660-544941-0,5.3,-23.447001,-46.74457099999999,,,,1,2023-06-20T04:27:13+00:00
SAO_819A-10,São Paulo,3550308,True,Rápido Campinas,803,https://moovitapp.com/index/pt-br/transporte_p%C3%BAblico-line-803-Sao_Paulo-242-858660-544941-0,5.3,-23.432543,-46.724050500000004,,,,1,2023-06-20T04:27:11+00:00
SAO_819A-10,São Paulo,3550308,True,Rápido Campinas,803,https://moovitapp.com/index/pt-br/transporte_p%C3%BAblico-line-803-Sao_Paulo-242-858660-544941-0,5.3,-23.438405,-46.748092,,,,1,2023-06-20T04:27:09+00:00
SAO_819A-10,São Paulo,3550308,True,Rápido Campinas,803,https://moovitapp.com/index/pt-br/transporte_p%C3%BAblico-line-803-Sao_Paulo-242-858660-544941-0,5.3,-23.438405,-46.748092,,,,1,2023-06-20T04:27:08+00:00
SAO_4288-10,São Paulo,3550308,True,,33058,,,-23.60983825,-46.517990749999996,,,,2,2023-06-20T04:27:26+00:00
SAO_4288-10,São Paulo,3550308,True,,33058,,,-23.55816725,-46.617150625,,,,2,2023-06-20T04:27:37+00:00
SAO_4288-10,São Paulo,3550308,True,,33058,,,-23.6109955,-46.5188615,,,,2,2023-06-20T04:27:03+00:00
SAO_3031-10,São Paulo,3550308,True,,967,,,-23.606894,-46.443709999999996,,,,1,2023-06-20T04:27:27+00:00
SAO_3031-10,São Paulo,3550308,True,,967,,,-23.56905,-46.446946,,,,1,2023-06-20T04:27:11+00:00
SAO_2727-10,São Paulo,3550308,True,,33710,,,-23.540045,-46.483149499999996,,,,2,2023-06-20T04:27:33+00:00
SAO_2727-10,São Paulo,3550308,True,,33710,,,-23.53814,-46.4783235,,,,2,2023-06-20T04:27:13+00:00
SAO_2727-10,São Paulo,3550308,True,,33710,,,-23.539938499999998,-46.482815,,,,2,2023-06-20T04:27:15+00:00
SAO_2727-10,São Paulo,3550308,True,,33710,,,-23.53683975,-46.471162,,,,2,2023-06-20T04:27:00+00:00
SAO_6820-10,São Paulo,3550308,True,BR7 Mobilidade,19,https://moovitapp.com/index/pt-br/transporte_p%C3%BAblico-line-19-Sao_Paulo-242-851856-516833-0,5.75,-23.653807,-46.762438,,,,1,2023-06-20T04:27:37+00:00
SAO_6820-10,São Paulo,3550308,True,BR7 Mobilidade,19,https://moovitapp.com/index/pt-br/transporte_p%C3%BAblico-line-19-Sao_Paulo-242-851856-516833-0,5.75,-23.6588745,-46.7891,,,,1,2023-06-20T04:27:17+00:00
SAO_709P-10,São Paulo,3550308,True,,1993,,,-23.650898749999996,-46.719009,,,,1,2023-06-20T04:27:31+00:00
SAO_709P-10,São Paulo,3550308,True,,1993,,,-23.576448749999997,-46.6872905,,,,1,2023-06-20T04:27:13+00:00
SAO_9717-10,São Paulo,3550308,True,,33585,,,-23.4665345,-46.6792645,,,,2,2023-06-20T04:27:30+00:00
SAO_9717-10,São Paulo,3550308,True,,33585,,,-23.511491625,-46.628268625000004,,,,2,2023-06-20T04:27:37+00:00
SAO_9717-10,São Paulo,3550308,True,,33585,,,-23.501545999999998,-46.6907545,,,,2,2023-06-20T04:27:00+00:00
SAO_6505-10,São Paulo,3550308,True,,1450,,,-23.668707,-46.7352225,,,,1,2023-06-20T04:27:37+00:00
SAO_6505-10,São Paulo,3550308,True,,1450,,,-23.625686,-46.686795249999996,,,,1,2023-06-20T04:27:41+00:00
SAO_6505-10,São Paulo,3550308,True,,1450,,,-23.573410250000002,-46.6661795,,,,1,2023-06-20T04:27:11+00:00
SAO_7063-10,São Paulo,3550308,True,,1899,,,-23.651991000000002,-46.789846499999996,,,,1,2023-06-20T04:27:37+00:00
SAO_7063-10,São Paulo,3550308,True,,1899,,,-23.651991000000002,-46.789846499999996,,,,1,2023-06-20T04:27:23+00:00
SAO_7063-10,São Paulo,3550308,True,,1899,,,-23.651991000000002,-46.789846499999996,,,,1,2023-06-20T04:27:19+00:00
SAO_7063-10,São Paulo,3550308,True,,1899,,,-23.651991000000002,-46.789846499999996,,,,1,2023-06-20T04:27:13+00:00
SAO_7063-10,São Paulo,3550308,True,,1899,,,-23.631026499999997,-46.773642,,,,1,2023-06-20T04:27:28+00:00
SAO_7063-10,São Paulo,3550308,True,,1899,,,-23.651991000000002,-46.789846499999996,,,,1,2023-06-20T04:26:59+00:00
SAO_1034-10,São Paulo,3550308,True,,2452,,,-23.475046,-46.7032025,,,,1,2023-06-20T04:27:11+00:00
SAO_6063-43,São Paulo,3550308,True,,35248,,,-23.766963,-46.71622,,,,2,2023-06-20T04:27:25+00:00
SAO_3013-10,São Paulo,3550308,True,,33722,,,-23.582943,-46.408454,,,,2,2023-06-20T04:27:07+00:00
SAO_273F-10,São Paulo,3550308,True,,159,,,-23.4909655,-46.442477499999995,,,,1,2023-06-20T04:26:56+00:00
SAO_9019-10,São Paulo,3550308,True,,34201,,,-23.4552975,-46.7103295,,,,2,2023-06-20T04:27:34+00:00
SAO_9019-10,São Paulo,3550308,True,,34201,,,-23.4745535,-46.7143335,,,,2,2023-06-20T04:27:27+00:00
SAO_6970-10,São Paulo,3550308,True,,34273,,,-23.737090000000002,-46.697100000000006,,,,2,2023-06-20T04:26:56+00:00
SAO_6970-10,São Paulo,3550308,True,,34273,,,-23.663238,-46.707704,,,,2,2023-06-20T04:27:25+00:00
SAO_2031-10,São Paulo,3550308,True,EMTU,367,https://moovitapp.com/index/pt-br/transporte_p%C3%BAblico-line-367-Sao_Paulo-242-2038937-36419446-0,4.9,-23.505951,-46.372015,,,,1,2023-06-20T04:26:59+00:00
SAO_2031-10,São Paulo,3550308,True,EMTU,367,https://moovitapp.com/index/pt-br/transporte_p%C3%BAblico-line-367-Sao_Paulo-242-2038937-36419446-0,4.9,-23.5153105,-46.46291,,,,1,2023-06-20T04:27:05+00:00
SAO_5611-10,São Paulo,3550308,True,EMTU,598,https://moovitapp.com/index/pt-br/transporte_p%C3%BAblico-line-598-Sao_Paulo-242-2038937-36419579-0,7.05,-23.697742,-46.6483085,,,,1,2023-06-20T04:27:21+00:00
SAO_5611-10,São Paulo,3550308,True,EMTU,598,https://moovitapp.com/index/pt-br/transporte_p%C3%BAblico-line-598-Sao_Paulo-242-2038937-36419579-0,7.05,-23.553067749999997,-46.63509125,,,,1,2023-06-20T04:27:19+00:00
SAO_5611-10,São Paulo,3550308,True,EMTU,598,https://moovitapp.com/index/pt-br/transporte_p%C3%BAblico-line-598-Sao_Paulo-242-2038937-36419579-0,7.05,-23.645887,-46.6737435,,,,1,2023-06-20T04:27:13+00:00
SAO_5611-10,São Paulo,3550308,True,EMTU,598,https://moovitapp.com/index/pt-br/transporte_p%C3%BAblico-line-598-Sao_Paulo-242-2038937-36419579-0,7.05,-23.7028335,-46.644758499999995,,,,1,2023-06-20T04:27:24+00:00
SAO_508L-10,São Paulo,3550308,True,EMTU,117,https://moovitapp.com/index/pt-br/transporte_p%C3%BAblico-line-117-Sao_Paulo-242-2038937-36419277-0,4.8,-23.55649175,-46.6622505,,,,1,2023-06-20T04:27:37+00:00
SAO_4051-10,São Paulo,3550308,True,,2144,,,-23.561616,-46.401831,,,,1,2023-06-20T04:27:28+00:00
SAO_4051-10,São Paulo,3550308,True,,2144,,,-23.55971425,-46.4014845,,,,1,2023-06-20T04:27:42+00:00
SAO_4051-10,São Paulo,3550308,True,,2144,,,-23.561616,-46.401831,,,,1,2023-06-20T04:27:39+00:00
SAO_4051-10,São Paulo,3550308,True,,2144,,,-23.542614,-46.4155005,,,,1,2023-06-20T04:24:10+00:00
SAO_3903-10,São Paulo,3550308,True,,1471,,,-23.514244500000004,-46.5332295,,,,1,2023-06-20T04:27:35+00:00
SAO_2105-10,São Paulo,3550308,True,,2247,,,-23.481127,-46.611909,,,,1,2023-06-20T04:25:19+00:00
SAO_8032-10,São Paulo,3550308,True,,2545,,,-23.56383075,-46.71516575,,,,1,2023-06-20T04:27:26+00:00
SAO_2523-10,São Paulo,3550308,True,Cidade de Caieiras,250,https://moovitapp.com/index/pt-br/transporte_p%C3%BAblico-line-250-Sao_Paulo-242-868761-752902-0,5.0,-23.5182095,-46.475659,,,,1,2023-06-20T04:27:10+00:00
SAO_2523-10,São Paulo,3550308,True,Cidade de Caieiras,250,https://moovitapp.com/index/pt-br/transporte_p%C3%BAblico-line-250-Sao_Paulo-242-868761-752902-0,5.0,-23.5182095,-46.475659,,,,1,2023-06-20T04:27:37+00:00
SAO_2523-10,São Paulo,3550308,True,Cidade de Caieiras,250,https://moovitapp.com/index/pt-br/transporte_p%C3%BAblico-line-250-Sao_Paulo-242-868761-752902-0,5.0,-23.5182095,-46.475659,,,,1,2023-06-20T04:27:08+00:00
SAO_2523-10,São Paulo,3550308,True,Cidade de Caieiras,250,https://moovitapp.com/index/pt-br/transporte_p%C3%BAblico-line-250-Sao_Paulo-242-868761-752902-0,5.0,-23.5182095,-46.475659,,,,1,2023-06-20T04:27:39+00:00
SAO_2523-10,São Paulo,3550308,True,Cidade de Caieiras,250,https://moovitapp.com/index/pt-br/transporte_p%C3%BAblico-line-250-Sao_Paulo-242-868761-752902-0,5.0,-23.515267,-46.4554825,,,,1,2023-06-20T04:27:16+00:00
SAO_2523-10,São Paulo,3550308,True,Cidade de Caieiras,250,https://moovitapp.com/index/pt-br/transporte_p%C3%BAblico-line-250-Sao_Paulo-242-868761-752902-0,5.0,-23.5216,-46.4253885,,,,1,2023-06-20T04:27:31+00:00
SAO_2705-10,São Paulo,3550308,True,,917,,,-23.542397,-46.469636,,,,1,2023-06-20T04:27:36+00:00
SAO_2705-10,São Paulo,3550308,True,,917,,,-23.547428500000002,-46.3905575,,,,1,2023-06-20T04:27:08+00:00
SAO_2705-10,São Paulo,3550308,True,,917,,,-23.545738,-46.393099500000005,,,,1,2023-06-20T04:27:14+00:00
SAO_2724-10,São Paulo,3550308,True,,938,,,-23.5396445,-46.483602,,,,1,2023-06-20T04:27:37+00:00
SAO_2724-10,São Paulo,3550308,True,,938,,,-23.5396445,-46.483602,,,,1,2023-06-20T04:27:17+00:00
SAO_2724-10,São Paulo,3550308,True,,938,,,-23.5329725,-46.47350675,,,,1,2023-06-20T04:26:58+00:00
SAO_1778-10,São Paulo,3550308,True,,1789,,,-23.50067,-46.615140499999995,,,,1,2023-06-20T04:23:53+00:00
SAO_6045-21,São Paulo,3550308,True,,34932,,,-23.698768,-46.796265500000004,,,,2,2023-06-20T04:27:19+00:00
SAO_627J-10,São Paulo,3550308,True,,2056,,,-23.668948,-46.634429,,,,1,2023-06-20T04:27:11+00:00
SAO_2666-10,São Paulo,3550308,True,,33146,,,-23.518412250000004,-46.391846125,,,,2,2023-06-20T04:27:31+00:00
SAO_2666-10,São Paulo,3550308,True,,33146,,,-23.546655,-46.630598,,,,2,2023-06-20T04:27:07+00:00
SAO_2666-10,São Paulo,3550308,True,,33146,,,-23.518412250000004,-46.391846125,,,,2,2023-06-20T04:27:02+00:00
SAO_2666-10,São Paulo,3550308,True,,33146,,,-23.546655,-46.630598,,,,2,2023-06-20T04:25:14+00:00
SAO_2666-10,São Paulo,3550308,True,,33146,,,-23.53574375,-46.5730255,,,,2,2023-06-20T04:26:13+00:00
SAO_2666-10,São Paulo,3550308,True,,33146,,,-23.518412250000004,-46.391846125,,,,2,2023-06-20T04:27:30+00:00
SAO_2666-10,São Paulo,3550308,True,,33146,,,-23.511943000000002,-46.501031,,,,2,2023-06-20T04:27:30+00:00
SAO_2666-10,São Paulo,3550308,True,,33146,,,-23.5200405,-46.38843,,,,2,2023-06-20T04:23:22+00:00
SAO_2666-10,São Paulo,3550308,True,,33146,,,-23.518412250000004,-46.391846125,,,,2,2023-06-20T04:27:37+00:00
SAO_2666-10,São Paulo,3550308,True,,33146,,,-23.493502749999998,-46.4426755,,,,2,2023-06-20T04:27:30+00:00
SAO_2666-10,São Paulo,3550308,True,,33146,,,-23.494785,-46.406074,,,,2,2023-06-20T04:27:15+00:00
SAO_2666-10,São Paulo,3550308,True,,33146,,,-23.4952095,-46.433435,,,,2,2023-06-20T04:27:15+00:00
SAO_3768-10,São Paulo,3550308,True,,33824,,,-23.5670325,-46.403956750000006,,,,2,2023-06-20T04:27:32+00:00
SAO_3768-10,São Paulo,3550308,True,,33824,,,-23.586175500000003,-46.3863525,,,,2,2023-06-20T04:27:20+00:00
SAO_3768-10,São Paulo,3550308,True,,33824,,,-23.5684735,-46.4017415,,,,2,2023-06-20T04:25:37+00:00
SAO_7001-10,São Paulo,3550308,True,,34490,,,-23.724525,-46.754613500000005,,,,2,2023-06-20T04:27:22+00:00
SAO_7001-10,São Paulo,3550308,True,,34490,,,-23.7274155,-46.763633,,,,2,2023-06-20T04:24:45+00:00
SAO_7001-10,São Paulo,3550308,True,,34490,,,-23.7243085,-46.754826,,,,2,2023-06-20T04:27:30+00:00
SAO_7001-10,São Paulo,3550308,True,,34490,,,-23.7243085,-46.754826,,,,2,2023-06-20T04:27:36+00:00
SAO_7001-10,São Paulo,3550308,True,,34490,,,-23.695859,-46.779673,,,,2,2023-06-20T04:26:59+00:00
SAO_7063-10,São Paulo,3550308,True,,34667,,,-23.65178525,-46.78974675,,,,2,2023-06-20T04:27:13+00:00
SAO_7063-10,São Paulo,3550308,True,,34667,,,-23.651100999999997,-46.791009,,,,2,2023-06-20T04:27:33+00:00
SAO_6043-10,São Paulo,3550308,True,,1220,,,-23.6550345,-46.749210000000005,,,,1,2023-06-20T04:27:22+00:00
SAO_9009-10,São Paulo,3550308,True,,33645,,,-23.448038500000003,-46.7026975,,,,2,2023-06-20T04:27:07+00:00
SAO_9009-10,São Paulo,3550308,True,,33645,,,-23.471585,-46.674722,,,,2,2023-06-20T04:26:53+00:00
SAO_9009-10,São Paulo,3550308,True,,33645,,,-23.445529999999998,-46.71263999999999,,,,2,2023-06-20T04:27:22+00:00
SAO_695V-10,São Paulo,3550308,True,,8,,,-23.582787,-46.637647,,,,1,2023-06-20T04:27:36+00:00
SAO_695V-10,São Paulo,3550308,True,,8,,,-23.626064,-46.683265,,,,1,2023-06-20T04:27:43+00:00
SAO_3751-10,São Paulo,3550308,True,,1047,,,-23.569356,-46.4108985,,,,1,2023-06-20T04:27:04+00:00
SAO_3751-10,São Paulo,3550308,True,,1047,,,-23.569356,-46.4108985,,,,1,2023-06-20T04:27:23+00:00
SAO_3751-10,São Paulo,3550308,True,,1047,,,-23.569356,-46.4108985,,,,1,2023-06-20T04:27:20+00:00
SAO_3751-10,São Paulo,3550308,True,,1047,,,-23.5422255,-46.4699185,,,,1,2023-06-20T04:27:24+00:00
SAO_3751-10,São Paulo,3550308,True,,1047,,,-23.5383725,-46.453607000000005,,,,1,2023-06-20T04:27:38+00:00
SAO_3751-10,São Paulo,3550308,True,,1047,,,-23.552062749999997,-46.432514,,,,1,2023-06-20T04:26:59+00:00
SAO_3751-10,São Paulo,3550308,True,,1047,,,-23.569356,-46.4108985,,,,1,2023-06-20T04:27:23+00:00
SAO_8500-10,São Paulo,3550308,True,,1267,,,-23.515027500000002,-46.698626,,,,1,2023-06-20T04:27:03+00:00
SAO_8500-10,São Paulo,3550308,True,,1267,,,-23.488083500000002,-46.713721250000006,,,,1,2023-06-20T04:27:12+00:00
SAO_675M-10,São Paulo,3550308,True,ETT,108,https://moovitapp.com/index/pt-br/transporte_p%C3%BAblico-line-108-Sao_Paulo-242-876373-496510-0,5.3,-23.6424045,-46.6561205,,,,1,2023-06-20T04:27:28+00:00
SAO_675M-10,São Paulo,3550308,True,ETT,108,https://moovitapp.com/index/pt-br/transporte_p%C3%BAblico-line-108-Sao_Paulo-242-876373-496510-0,5.3,-23.711550250000002,-46.68900550000001,,,,1,2023-06-20T04:27:34+00:00
SAO_8073-10,São Paulo,3550308,True,,2081,,,-23.585289000000003,-46.740832499999996,,,,1,2023-06-20T04:27:15+00:00
SAO_6805-10,São Paulo,3550308,True,,31,,,-23.6552405,-46.762154499999994,,,,1,2023-06-20T04:26:59+00:00
SAO_6805-10,São Paulo,3550308,True,,31,,,-23.643927,-46.7328295,,,,1,2023-06-20T04:27:42+00:00
SAO_3735-41,São Paulo,3550308,True,,1920,,,-23.5497695,-46.4928965,,,,1,2023-06-20T04:27:00+00:00
SAO_2766-10,São Paulo,3550308,True,,33173,,,-23.520543500000002,-46.389382499999996,,,,2,2023-06-20T04:27:10+00:00
SAO_2766-10,São Paulo,3550308,True,,33173,,,-23.5425775,-46.4719335,,,,2,2023-06-20T04:27:04+00:00
SAO_2766-10,São Paulo,3550308,True,,33173,,,-23.520533,-46.3894665,,,,2,2023-06-20T04:27:14+00:00
SAO_2766-10,São Paulo,3550308,True,,33173,,,-23.505517,-46.443014000000005,,,,2,2023-06-20T04:27:37+00:00
SAO_2766-10,São Paulo,3550308,True,,33173,,,-23.520533,-46.3894665,,,,2,2023-06-20T04:27:19+00:00
SAO_2766-10,São Paulo,3550308,True,,33173,,,-23.5062235,-46.4430855,,,,2,2023-06-20T04:27:08+00:00
SAO_2766-10,São Paulo,3550308,True,,33173,,,-23.5206075,-46.3895975,,,,2,2023-06-20T04:27:24+00:00
SAO_2766-10,São Paulo,3550308,True,,33173,,,-23.5206985,-46.3897145,,,,2,2023-06-20T04:27:31+00:00
SAO_9188-10,São Paulo,3550308,True,EMTU,809,https://moovitapp.com/index/pt-br/transporte_p%C3%BAblico-line-809-Sao_Paulo-242-2038937-119858519-0,5.2,-23.470966750000002,-46.72480525,,,,1,2023-06-20T04:27:29+00:00
SAO_2013-10,São Paulo,3550308,True,,899,,,-23.469700500000002,-46.6592,,,,1,2023-06-20T04:27:09+00:00
SAO_2013-10,São Paulo,3550308,True,,899,,,-23.4686955,-46.6439505,,,,1,2023-06-20T04:27:36+00:00
SAO_8538-10,São Paulo,3550308,True,,1359,,,-23.5105145,-46.6618325,,,,1,2023-06-20T04:27:20+00:00
SAO_8538-10,São Paulo,3550308,True,,1359,,,-23.4786145,-46.707113500000006,,,,1,2023-06-20T04:27:40+00:00
SAO_4311-10,São Paulo,3550308,True,,2171,,,-23.6135545,-46.476344499999996,,,,1,2023-06-20T04:27:35+00:00
SAO_4311-10,São Paulo,3550308,True,,2171,,,-23.607162,-46.4721395,,,,1,2023-06-20T04:27:12+00:00
SAO_4311-10,São Paulo,3550308,True,,2171,,,-23.6104055,-46.4745735,,,,1,2023-06-20T04:27:02+00:00
SAO_4311-10,São Paulo,3550308,True,,2171,,,-23.555835375,-46.516417125000004,,,,1,2023-06-20T04:27:26+00:00
SAO_4311-10,São Paulo,3550308,True,,2171,,,-23.6104055,-46.4745735,,,,1,2023-06-20T04:27:06+00:00
SAO_4311-10,São Paulo,3550308,True,,2171,,,-23.6104055,-46.4745735,,,,1,2023-06-20T04:24:26+00:00
SAO_8548-10,São Paulo,3550308,True,,33346,,,-23.51913725,-46.700255999999996,,,,2,2023-06-20T04:27:30+00:00
SAO_8548-10,São Paulo,3550308,True,,33346,,,-23.471026000000002,-46.680645,,,,2,2023-06-20T04:27:28+00:00
SAO_8548-10,São Paulo,3550308,True,,33346,,,-23.446651625,-46.715378375,,,,2,2023-06-20T04:27:10+00:00
SAO_8548-10,São Paulo,3550308,True,,33346,,,-23.446651625,-46.715378375,,,,2,2023-06-20T04:27:31+00:00
SAO_1778-10,São Paulo,3550308,True,,34557,,,-23.467172,-46.56877125,,,,2,2023-06-20T04:27:28+00:00
SAO_1778-10,São Paulo,3550308,True,,34557,,,-23.464965,-46.568233,,,,2,2023-06-20T04:27:08+00:00
SAO_1778-10,São Paulo,3550308,True,,34557,,,-23.467372,-46.568509750000004,,,,2,2023-06-20T04:27:39+00:00
SAO_8009-10,São Paulo,3550308,True,,34027,,,-23.4337315,-46.751121,,,,2,2023-06-20T04:27:13+00:00
SAO_N302-11,São Paulo,3550308,True,,35104,,,-23.546701,-46.6302515,,,,2,2023-06-20T04:26:58+00:00
SAO_N302-11,São Paulo,3550308,True,,35104,,,-23.546701,-46.6302515,,,,2,2023-06-20T04:27:05+00:00
SAO_N302-11,São Paulo,3550308,True,,35104,,,-23.546701,-46.6302515,,,,2,2023-06-20T04:27:09+00:00
SAO_119C-10,São Paulo,3550308,True,,33429,,,-23.478727,-46.5693105,,,,2,2023-06-20T04:27:28+00:00
SAO_119C-10,São Paulo,3550308,True,,33429,,,-23.53513325,-46.625234999999996,,,,2,2023-06-20T04:27:21+00:00
SAO_119C-10,São Paulo,3550308,True,,33429,,,-23.478918999999998,-46.568983,,,,2,2023-06-20T04:27:10+00:00
SAO_3725-10,São Paulo,3550308,True,,33790,,,-23.533086,-46.530659,,,,2,2023-06-20T04:27:01+00:00
SAO_3725-10,São Paulo,3550308,True,,33790,,,-23.54843125,-46.518380500000006,,,,2,2023-06-20T04:27:24+00:00
SAO_3725-10,São Paulo,3550308,True,,33790,,,-23.533086,-46.530659,,,,2,2023-06-20T04:27:18+00:00
SAO_574J-10,São Paulo,3550308,True,,34453,,,-23.58010175,-46.58220025,,,,2,2023-06-20T04:27:34+00:00
SAO_574J-10,São Paulo,3550308,True,,34453,,,-23.624693,-46.607853500000004,,,,2,2023-06-20T04:27:25+00:00
SAO_574J-10,São Paulo,3550308,True,,34453,,,-23.57055875,-46.52865875,,,,2,2023-06-20T04:27:22+00:00
SAO_179X-10,São Paulo,3550308,True,STT,680,https://moovitapp.com/index/pt-br/transporte_p%C3%BAblico-line-680-Sao_Paulo-242-850661-183334-0,5.3,-23.50882225,-46.62505362500001,,,,1,2023-06-20T04:27:33+00:00
SAO_179X-10,São Paulo,3550308,True,STT,680,https://moovitapp.com/index/pt-br/transporte_p%C3%BAblico-line-680-Sao_Paulo-242-850661-183334-0,5.3,-23.432215,-46.571414000000004,,,,1,2023-06-20T04:26:59+00:00
SAO_179X-10,São Paulo,3550308,True,STT,680,https://moovitapp.com/index/pt-br/transporte_p%C3%BAblico-line-680-Sao_Paulo-242-850661-183334-0,5.3,-23.4775205,-46.59773,,,,1,2023-06-20T04:27:17+00:00
SAO_179X-10,São Paulo,3550308,True,STT,680,https://moovitapp.com/index/pt-br/transporte_p%C3%BAblico-line-680-Sao_Paulo-242-850661-183334-0,5.3,-23.525756875,-46.654796375000004,,,,1,2023-06-20T04:27:17+00:00
SAO_179X-10,São Paulo,3550308,True,STT,680,https://moovitapp.com/index/pt-br/transporte_p%C3%BAblico-line-680-Sao_Paulo-242-850661-183334-0,5.3,-23.432215,-46.571414000000004,,,,1,2023-06-20T04:26:59+00:00
SAO_179X-10,São Paulo,3550308,True,STT,680,https://moovitapp.com/index/pt-br/transporte_p%C3%BAblico-line-680-Sao_Paulo-242-850661-183334-0,5.3,-23.435441,-46.5732145,,,,1,2023-06-20T04:27:10+00:00
SAO_2026-10,São Paulo,3550308,True,,2269,,,-23.461732,-46.5828865,,,,1,2023-06-20T04:27:18+00:00
SAO_2026-10,São Paulo,3550308,True,,2269,,,-23.514614,-46.5712665,,,,1,2023-06-20T04:27:05+00:00
SAO_211V-10,São Paulo,3550308,True,,32922,,,-23.4943225,-46.470273,,,,2,2023-06-20T04:27:39+00:00
SAO_211V-10,São Paulo,3550308,True,,32922,,,-23.4943225,-46.470273,,,,2,2023-06-20T04:27:36+00:00
SAO_2006-10,São Paulo,3550308,True,,895,,,-23.510832999999998,-46.366727,,,,1,2023-06-20T04:27:14+00:00
SAO_2006-10,São Paulo,3550308,True,,895,,,-23.510832999999998,-46.366727,,,,1,2023-06-20T04:27:13+00:00
SAO_2006-10,São Paulo,3550308,True,,895,,,-23.510832999999998,-46.366727,,,,1,2023-06-20T04:27:00+00:00
SAO_2006-10,São Paulo,3550308,True,,895,,,-23.4885625,-46.385093,,,,1,2023-06-20T04:27:21+00:00
SAO_2006-10,São Paulo,3550308,True,,895,,,-23.4941615,-46.400386,,,,1,2023-06-20T04:27:17+00:00
SAO_2006-10,São Paulo,3550308,True,,895,,,-23.510832999999998,-46.366727,,,,1,2023-06-20T04:24:46+00:00
SAO_1722-10,São Paulo,3550308,True,,33632,,,-23.479476500000004,-46.601733499999995,,,,2,2023-06-20T04:27:11+00:00
SAO_1722-10,São Paulo,3550308,True,,33632,,,-23.463863250000003,-46.5837095,,,,2,2023-06-20T04:27:08+00:00
SAO_1722-10,São Paulo,3550308,True,,33632,,,-23.482122250000003,-46.671637000000004,,,,2,2023-06-20T04:27:24+00:00
SAO_1722-10,São Paulo,3550308,True,,33632,,,-23.479125000000003,-46.60149975,,,,2,2023-06-20T04:27:06+00:00
SAO_1722-10,São Paulo,3550308,True,,33632,,,-23.479125000000003,-46.60149975,,,,2,2023-06-20T04:27:02+00:00
SAO_1722-10,São Paulo,3550308,True,,33632,,,-23.482274500000003,-46.6728875,,,,2,2023-06-20T04:27:20+00:00
SAO_1722-10,São Paulo,3550308,True,,33632,,,-23.4654935,-46.635745,,,,2,2023-06-20T04:27:06+00:00
SAO_1722-10,São Paulo,3550308,True,,33632,,,-23.456622,-46.601623000000004,,,,2,2023-06-20T04:22:17+00:00
SAO_172X-10,São Paulo,3550308,True,,33629,,,-23.536710499999998,-46.565512625000004,,,,2,2023-06-20T04:26:57+00:00
SAO_172X-10,São Paulo,3550308,True,,33629,,,-23.5374825,-46.565216500000005,,,,2,2023-06-20T04:27:39+00:00
SAO_172X-10,São Paulo,3550308,True,,33629,,,-23.518133499999998,-46.557044,,,,2,2023-06-20T04:24:23+00:00
SAO_172X-10,São Paulo,3550308,True,,33629,,,-23.50426375,-46.565462249999996,,,,2,2023-06-20T04:27:30+00:00
SAO_172X-10,São Paulo,3550308,True,,33629,,,-23.504231249999997,-46.56582875,,,,2,2023-06-20T04:27:02+00:00
SAO_172X-10,São Paulo,3550308,True,,33629,,,-23.5043195,-46.56510075,,,,2,2023-06-20T04:26:01+00:00
SAO_1741-10,São Paulo,3550308,True,,33307,,,-23.4671235,-46.662875,,,,2,2023-06-20T04:27:09+00:00
SAO_1741-10,São Paulo,3550308,True,,33307,,,-23.502871,-46.624226,,,,2,2023-06-20T04:27:37+00:00
SAO_1741-10,São Paulo,3550308,True,,33307,,,-23.482063,-46.647613500000006,,,,2,2023-06-20T04:27:28+00:00
SAO_1741-10,São Paulo,3550308,True,,33307,,,-23.4647525,-46.6632075,,,,2,2023-06-20T04:27:24+00:00
SAO_2522-10,São Paulo,3550308,True,,32908,,,-23.519858,-46.429494500000004,,,,2,2023-06-20T04:27:04+00:00
SAO_7050-10,São Paulo,3550308,True,,1884,,,-23.6620835,-46.779673,,,,1,2023-06-20T04:27:11+00:00
SAO_7050-10,São Paulo,3550308,True,,1884,,,-23.6316405,-46.772316,,,,1,2023-06-20T04:27:15+00:00
SAO_9004-10,São Paulo,3550308,True,,871,,,-23.4551825,-46.682379499999996,,,,1,2023-06-20T04:27:02+00:00
SAO_9004-10,São Paulo,3550308,True,,871,,,-23.457195499999997,-46.685354,,,,1,2023-06-20T04:27:11+00:00
SAO_233A-10,São Paulo,3550308,True,,33017,,,-23.478868,-46.420681,,,,2,2023-06-20T04:27:13+00:00
SAO_233A-10,São Paulo,3550308,True,,33017,,,-23.533355999999998,-46.481461499999995,,,,2,2023-06-20T04:27:24+00:00
SAO_233A-10,São Paulo,3550308,True,,33017,,,-23.479422,-46.4206095,,,,2,2023-06-20T04:27:31+00:00
SAO_4002-10,São Paulo,3550308,True,,2177,,,-23.568366875000002,-46.50955725,,,,1,2023-06-20T04:27:28+00:00
SAO_4002-10,São Paulo,3550308,True,,2177,,,-23.534502,-46.453213500000004,,,,1,2023-06-20T04:27:25+00:00
SAO_5164-10,São Paulo,3550308,True,,1283,,,-23.627938625000002,-46.643474875,,,,1,2023-06-20T04:27:42+00:00
SAO_5164-10,São Paulo,3550308,True,,1283,,,-23.6472665,-46.6452565,,,,1,2023-06-20T04:27:16+00:00
SAO_8055-51,São Paulo,3550308,True,EMTU,417,https://moovitapp.com/index/pt-br/transporte_p%C3%BAblico-line-417-Sao_Paulo-242-2038937-36419474-0,5.2,-23.477289,-46.7704735,,,,1,2023-06-20T04:27:36+00:00
SAO_8055-51,São Paulo,3550308,True,EMTU,417,https://moovitapp.com/index/pt-br/transporte_p%C3%BAblico-line-417-Sao_Paulo-242-2038937-36419474-0,5.2,-23.4095225,-46.739582,,,,1,2023-06-20T04:26:59+00:00
SAO_8055-51,São Paulo,3550308,True,EMTU,417,https://moovitapp.com/index/pt-br/transporte_p%C3%BAblico-line-417-Sao_Paulo-242-2038937-36419474-0,5.2,-23.52577625,-46.67950425,,,,1,2023-06-20T04:27:03+00:00
SAO_8055-51,São Paulo,3550308,True,EMTU,417,https://moovitapp.com/index/pt-br/transporte_p%C3%BAblico-line-417-Sao_Paulo-242-2038937-36419474-0,5.2,-23.43608375,-46.78625825,,,,1,2023-06-20T04:27:01+00:00
SAO_4032-10,São Paulo,3550308,True,,1102,,,-23.621040125,-46.618226,,,,1,2023-06-20T04:27:28+00:00
SAO_4032-10,São Paulo,3550308,True,,1102,,,-23.608212,-46.63916275,,,,1,2023-06-20T04:27:32+00:00
SAO_2780-10,São Paulo,3550308,True,,33167,,,-23.507931,-46.375753,,,,2,2023-06-20T04:27:22+00:00
SAO_2780-10,São Paulo,3550308,True,,33167,,,-23.508565,-46.3726665,,,,2,2023-06-20T04:27:33+00:00
SAO_2780-10,São Paulo,3550308,True,,33167,,,-23.53455425,-46.45399675,,,,2,2023-06-20T04:27:22+00:00
SAO_2101-10,São Paulo,3550308,True,,33482,,,-23.5455875,-46.572643,,,,2,2023-06-20T04:27:17+00:00
SAO_2101-10,São Paulo,3550308,True,,33482,,,-23.54641825,-46.584708250000006,,,,2,2023-06-20T04:27:21+00:00
SAO_695D-10,São Paulo,3550308,True,EMTU,114,https://moovitapp.com/index/pt-br/transporte_p%C3%BAblico-line-114-Sao_Paulo-242-2038937-36419274-0,6.4,-23.65493875,-46.668006000000005,,,,1,2023-06-20T04:27:40+00:00
SAO_695D-10,São Paulo,3550308,True,EMTU,114,https://moovitapp.com/index/pt-br/transporte_p%C3%BAblico-line-114-Sao_Paulo-242-2038937-36419274-0,6.4,-23.6466115,-46.6388855,,,,1,2023-06-20T04:27:20+00:00
SAO_695D-10,São Paulo,3550308,True,EMTU,114,https://moovitapp.com/index/pt-br/transporte_p%C3%BAblico-line-114-Sao_Paulo-242-2038937-36419274-0,6.4,-23.723593,-46.691494,,,,1,2023-06-20T04:27:27+00:00
SAO_6069-10,São Paulo,3550308,True,,33922,,,-23.745113,-46.694419499999995,,,,2,2023-06-20T04:27:13+00:00
SAO_6069-10,São Paulo,3550308,True,,33922,,,-23.7573505,-46.7083655,,,,2,2023-06-20T04:27:40+00:00
SAO_6069-10,São Paulo,3550308,True,,33922,,,-23.68483,-46.7028945,,,,2,2023-06-20T04:27:38+00:00
SAO_4111-10,São Paulo,3550308,True,,33088,,,-23.5538796875,-46.6343561875,,,,2,2023-06-20T04:27:29+00:00
SAO_4111-10,São Paulo,3550308,True,,33088,,,-23.576107,-46.613240000000005,,,,2,2023-06-20T04:27:21+00:00
SAO_129F-10,São Paulo,3550308,True,,2304,,,-23.4979345,-46.705717500000006,,,,1,2023-06-20T04:27:40+00:00
SAO_129F-10,São Paulo,3550308,True,,2304,,,-23.5258445,-46.6790215,,,,1,2023-06-20T04:27:21+00:00
SAO_129F-10,São Paulo,3550308,True,,2304,,,-23.525997,-46.677726,,,,1,2023-06-20T04:27:36+00:00
SAO_971D-10,São Paulo,3550308,True,,33477,,,-23.44795,-46.697022000000004,,,,2,2023-06-20T04:27:15+00:00
SAO_971D-10,São Paulo,3550308,True,,33477,,,-23.500336,-46.624546,,,,2,2023-06-20T04:27:41+00:00
SAO_971D-10,São Paulo,3550308,True,,33477,,,-23.482584000000003,-46.6545965,,,,2,2023-06-20T04:27:35+00:00
SAO_971D-10,São Paulo,3550308,True,,33477,,,-23.511174,-46.621218999999996,,,,2,2023-06-20T04:27:01+00:00
SAO_971D-10,São Paulo,3550308,True,,33477,,,-23.448029,-46.6970745,,,,2,2023-06-20T04:27:29+00:00
SAO_971D-10,São Paulo,3550308,True,,33477,,,-23.4504795,-46.694824,,,,2,2023-06-20T04:27:08+00:00
SAO_971D-10,São Paulo,3550308,True,,33477,,,-23.4621635,-46.683870999999996,,,,2,2023-06-20T04:27:11+00:00
SAO_7411-10,São Paulo,3550308,True,,34144,,,-23.543312,-46.638448999999994,,,,2,2023-06-20T04:27:26+00:00
SAO_7411-10,São Paulo,3550308,True,,34144,,,-23.5553775,-46.733379,,,,2,2023-06-20T04:27:38+00:00
SAO_3020-10,São Paulo,3550308,True,,33726,,,-23.553390999999998,-46.432116,,,,2,2023-06-20T04:27:10+00:00
SAO_3020-10,São Paulo,3550308,True,,33726,,,-23.5761295,-46.502480500000004,,,,2,2023-06-20T04:27:33+00:00
SAO_3020-10,São Paulo,3550308,True,,33726,,,-23.5355255,-46.452314,,,,2,2023-06-20T04:27:11+00:00
SAO_3020-10,São Paulo,3550308,True,,33726,,,-23.55268875,-46.431169499999996,,,,2,2023-06-20T04:27:19+00:00
SAO_6816-10,São Paulo,3550308,True,BR7 Mobilidade,26,https://moovitapp.com/index/pt-br/transporte_p%C3%BAblico-line-26-Sao_Paulo-242-851856-577923-0,5.75,-23.6530855,-46.772501500000004,,,,1,2023-06-20T04:27:24+00:00
SAO_6816-10,São Paulo,3550308,True,BR7 Mobilidade,26,https://moovitapp.com/index/pt-br/transporte_p%C3%BAblico-line-26-Sao_Paulo-242-851856-577923-0,5.75,-23.653551,-46.777357,,,,1,2023-06-20T04:27:35+00:00
SAO_9301-10,São Paulo,3550308,True,,458,,,-23.498013874999998,-46.663647,,,,1,2023-06-20T04:27:17+00:00
SAO_4086-10,São Paulo,3550308,True,,35018,,,-23.599634,-46.399114999999995,,,,2,2023-06-20T04:27:09+00:00
SAO_4086-10,São Paulo,3550308,True,,35018,,,-23.582958499999997,-46.408029,,,,2,2023-06-20T04:27:12+00:00
SAO_5185-10,São Paulo,3550308,True,,34076,,,-23.6689235,-46.735557,,,,2,2023-06-20T04:27:37+00:00
SAO_5185-10,São Paulo,3550308,True,,34076,,,-23.624024249999998,-46.66175,,,,2,2023-06-20T04:27:16+00:00
SAO_5185-10,São Paulo,3550308,True,,34076,,,-23.5561075,-46.639743499999994,,,,2,2023-06-20T04:27:05+00:00
SAO_5185-10,São Paulo,3550308,True,,34076,,,-23.643925,-46.67291899999999,,,,2,2023-06-20T04:27:23+00:00
SAO_6258-10,São Paulo,3550308,True,,34000,,,-23.69015225,-46.74341425,,,,2,2023-06-20T04:27:14+00:00
SAO_6258-10,São Paulo,3550308,True,,34000,,,-23.6628155,-46.707258625,,,,2,2023-06-20T04:27:22+00:00
SAO_6258-10,São Paulo,3550308,True,,34000,,,-23.691446499999998,-46.7465235,,,,2,2023-06-20T04:27:19+00:00
SAO_574W-10,São Paulo,3550308,True,,1629,,,-23.606033250000003,-46.507858999999996,,,,1,2023-06-20T04:27:40+00:00
SAO_574W-10,São Paulo,3550308,True,,1629,,,-23.5557795,-46.576023,,,,1,2023-06-20T04:27:18+00:00
SAO_574W-10,São Paulo,3550308,True,,1629,,,-23.562168,-46.555778000000004,,,,1,2023-06-20T04:27:13+00:00
SAO_574W-10,São Paulo,3550308,True,,1629,,,-23.5430055,-46.588738500000005,,,,1,2023-06-20T04:27:09+00:00
SAO_574W-10,São Paulo,3550308,True,,1629,,,-23.5627565,-46.554634500000006,,,,1,2023-06-20T04:27:20+00:00
SAO_675N-10,São Paulo,3550308,True,EMTU,362,https://moovitapp.com/index/pt-br/transporte_p%C3%BAblico-line-362-Sao_Paulo-242-2038937-36419443-0,6.25,-23.5819905,-46.6382075,,,,1,2023-06-20T04:27:42+00:00
SAO_675N-10,São Paulo,3550308,True,EMTU,362,https://moovitapp.com/index/pt-br/transporte_p%C3%BAblico-line-362-Sao_Paulo-242-2038937-36419443-0,6.25,-23.6024045,-46.6609895,,,,1,2023-06-20T04:27:32+00:00
SAO_675N-10,São Paulo,3550308,True,EMTU,362,https://moovitapp.com/index/pt-br/transporte_p%C3%BAblico-line-362-Sao_Paulo-242-2038937-36419443-0,6.25,-23.62208675,-46.698980500000005,,,,1,2023-06-20T04:27:29+00:00
SAO_9300-10,São Paulo,3550308,True,,32884,,,-23.496948500000002,-46.66255175,,,,2,2023-06-20T04:27:05+00:00
SAO_9300-10,São Paulo,3550308,True,,32884,,,-23.4966235,-46.66229725,,,,2,2023-06-20T04:27:36+00:00
SAO_9300-10,São Paulo,3550308,True,,32884,,,-23.5397245,-46.6367075,,,,2,2023-06-20T04:27:01+00:00
SAO_9300-10,São Paulo,3550308,True,,32884,,,-23.4966235,-46.66229725,,,,2,2023-06-20T04:27:40+00:00
SAO_3001-10,São Paulo,3550308,True,,1650,,,-23.491661,-46.4341125,,,,1,2023-06-20T04:27:19+00:00
SAO_3001-10,São Paulo,3550308,True,,1650,,,-23.4983815,-46.395984,,,,1,2023-06-20T04:27:23+00:00
SAO_3001-10,São Paulo,3550308,True,,1650,,,-23.5131525,-46.376545500000006,,,,1,2023-06-20T04:26:51+00:00
SAO_5701-10,São Paulo,3550308,True,,33904,,,-23.62247575,-46.687261750000005,,,,2,2023-06-20T04:27:34+00:00
SAO_5701-10,São Paulo,3550308,True,,33904,,,-23.6354945,-46.641478500000005,,,,2,2023-06-20T04:27:32+00:00
SAO_5701-10,São Paulo,3550308,True,,33904,,,-23.649853,-46.64674575,,,,2,2023-06-20T04:27:41+00:00
SAO_5701-10,São Paulo,3550308,True,,33904,,,-23.6354945,-46.641478500000005,,,,2,2023-06-20T04:27:02+00:00
SAO_5701-10,São Paulo,3550308,True,,33904,,,-23.6397845,-46.6736455,,,,2,2023-06-20T04:27:05+00:00
SAO_5701-10,São Paulo,3550308,True,,33904,,,-23.635368,-46.641498,,,,2,2023-06-20T04:27:14+00:00
SAO_8600-10,São Paulo,3550308,True,,34200,,,-23.49102025,-46.70991,,,,2,2023-06-20T04:27:29+00:00
SAO_8600-10,São Paulo,3550308,True,,34200,,,-23.5396335,-46.640001500000004,,,,2,2023-06-20T04:27:20+00:00
SAO_8600-10,São Paulo,3550308,True,,34200,,,-23.521440249999998,-46.666835,,,,2,2023-06-20T04:27:36+00:00
SAO_8319-10,São Paulo,3550308,True,,33244,,,-23.5507539375,-46.739962375000005,,,,2,2023-06-20T04:27:24+00:00
SAO_8319-10,São Paulo,3550308,True,,33244,,,-23.546825,-46.7609525,,,,2,2023-06-20T04:27:23+00:00
SAO_8319-10,São Paulo,3550308,True,,33244,,,-23.5241235,-46.70505,,,,2,2023-06-20T04:27:39+00:00
SAO_8319-10,São Paulo,3550308,True,,33244,,,-23.547321,-46.7604965,,,,2,2023-06-20T04:27:35+00:00
SAO_736I-10,São Paulo,3550308,True,STT,781,https://moovitapp.com/index/pt-br/transporte_p%C3%BAblico-line-781-Sao_Paulo-242-850661-183349-0,5.3,-23.64951875,-46.70788325,,,,1,2023-06-20T04:26:46+00:00
SAO_736I-10,São Paulo,3550308,True,STT,781,https://moovitapp.com/index/pt-br/transporte_p%C3%BAblico-line-781-Sao_Paulo-242-850661-183349-0,5.3,-23.6498405,-46.707801,,,,1,2023-06-20T04:27:14+00:00
SAO_736I-10,São Paulo,3550308,True,STT,781,https://moovitapp.com/index/pt-br/transporte_p%C3%BAblico-line-781-Sao_Paulo-242-850661-183349-0,5.3,-23.638882000000002,-46.749854,,,,1,2023-06-20T04:27:20+00:00
SAO_736I-10,São Paulo,3550308,True,STT,781,https://moovitapp.com/index/pt-br/transporte_p%C3%BAblico-line-781-Sao_Paulo-242-850661-183349-0,5.3,-23.6328665,-46.747763,,,,1,2023-06-20T04:27:20+00:00
SAO_736I-10,São Paulo,3550308,True,STT,781,https://moovitapp.com/index/pt-br/transporte_p%C3%BAblico-line-781-Sao_Paulo-242-850661-183349-0,5.3,-23.637364750000003,-46.718711,,,,1,2023-06-20T04:27:00+00:00
SAO_119L-10,São Paulo,3550308,True,,35041,,,-23.4464535,-46.787409749999995,,,,2,2023-06-20T04:27:39+00:00
SAO_119L-10,São Paulo,3550308,True,,35041,,,-23.445461,-46.7844485,,,,2,2023-06-20T04:27:01+00:00
SAO_8014-10,São Paulo,3550308,True,,33569,,,-23.447771000000003,-46.792464499999994,,,,2,2023-06-20T04:27:29+00:00
SAO_8014-10,São Paulo,3550308,True,,33569,,,-23.4213785,-46.78555,,,,2,2023-06-20T04:27:17+00:00
SAO_8677-10,São Paulo,3550308,True,,33211,,,-23.490744624999998,-46.752429,,,,2,2023-06-20T04:27:29+00:00
SAO_8677-10,São Paulo,3550308,True,,33211,,,-23.535335500000002,-46.65259999999999,,,,2,2023-06-20T04:27:11+00:00
SAO_8677-10,São Paulo,3550308,True,,33211,,,-23.487239000000002,-46.7323545,,,,2,2023-06-20T04:27:34+00:00
SAO_8677-10,São Paulo,3550308,True,,33211,,,-23.518814999999996,-46.702155000000005,,,,2,2023-06-20T04:27:21+00:00
SAO_8677-10,São Paulo,3550308,True,,33211,,,-23.487376500000003,-46.732736,,,,2,2023-06-20T04:27:38+00:00
SAO_8677-10,São Paulo,3550308,True,,33211,,,-23.487239000000002,-46.7323545,,,,2,2023-06-20T04:27:21+00:00
SAO_8677-10,São Paulo,3550308,True,,33211,,,-23.487316,-46.7325825,,,,2,2023-06-20T04:26:57+00:00
SAO_2740-10,São Paulo,3550308,True,,34560,,,-23.4580645,-46.6433105,,,,2,2023-06-20T04:27:06+00:00
SAO_2740-10,São Paulo,3550308,True,,34560,,,-23.4579845,-46.642551999999995,,,,2,2023-06-20T04:27:06+00:00
SAO_2740-10,São Paulo,3550308,True,,34560,,,-23.4866295,-46.619719,,,,2,2023-06-20T04:27:16+00:00
SAO_2740-10,São Paulo,3550308,True,,34560,,,-23.460388000000002,-46.621162,,,,2,2023-06-20T04:27:11+00:00
SAO_8319-10,São Paulo,3550308,True,,476,,,-23.524919125000004,-46.699054749999995,,,,1,2023-06-20T04:27:14+00:00
SAO_8319-10,São Paulo,3550308,True,,476,,,-23.541544000000002,-46.730027750000005,,,,1,2023-06-20T04:27:29+00:00
SAO_4085-10,São Paulo,3550308,True,,2156,,,-23.562465,-46.43465499999999,,,,1,2023-06-20T04:27:10+00:00
SAO_4085-10,São Paulo,3550308,True,,2156,,,-23.542599000000003,-46.4710815,,,,1,2023-06-20T04:26:48+00:00
SAO_607C-10,São Paulo,3550308,True,,34745,,,-23.5897885,-46.6880525,,,,2,2023-06-20T04:27:22+00:00
SAO_607C-10,São Paulo,3550308,True,,34745,,,-23.62256325,-46.697238,,,,2,2023-06-20T04:27:38+00:00
SAO_607C-10,São Paulo,3550308,True,,34745,,,-23.656646000000002,-46.665519,,,,2,2023-06-20T04:27:21+00:00
SAO_607C-10,São Paulo,3550308,True,,34745,,,-23.675125,-46.6425955,,,,2,2023-06-20T04:27:12+00:00
SAO_607C-10,São Paulo,3550308,True,,34745,,,-23.5957515,-46.690772499999994,,,,2,2023-06-20T04:27:28+00:00
SAO_2710-10,São Paulo,3550308,True,,924,,,-23.529988,-46.5012995,,,,1,2023-06-20T04:27:22+00:00
SAO_2710-10,São Paulo,3550308,True,,924,,,-23.51662425,-46.48967475,,,,1,2023-06-20T04:27:24+00:00
SAO_2710-10,São Paulo,3550308,True,,924,,,-23.529988,-46.5012995,,,,1,2023-06-20T04:27:14+00:00
SAO_3743-10,São Paulo,3550308,True,,1043,,,-23.5956145,-46.487649,,,,1,2023-06-20T04:27:33+00:00
SAO_3743-10,São Paulo,3550308,True,,1043,,,-23.548450624999997,-46.46171825,,,,1,2023-06-20T04:27:26+00:00
SAO_714C-10,São Paulo,3550308,True,,33255,,,-23.5899515,-46.7705955,,,,2,2023-06-20T04:27:21+00:00
SAO_714C-10,São Paulo,3550308,True,,33255,,,-23.600395499999998,-46.7841735,,,,2,2023-06-20T04:27:40+00:00
SAO_8544-10,São Paulo,3550308,True,,33198,,,-23.4830445,-46.71723,,,,2,2023-06-20T04:27:21+00:00
SAO_8544-10,São Paulo,3550308,True,,33198,,,-23.434202499999998,-46.751169000000004,,,,2,2023-06-20T04:27:20+00:00
SAO_8544-10,São Paulo,3550308,True,,33198,,,-23.542485499999998,-46.635850500000004,,,,2,2023-06-20T04:27:18+00:00
SAO_6055-10,São Paulo,3550308,True,,33914,,,-23.702261874999998,-46.701778125000004,,,,2,2023-06-20T04:27:16+00:00
SAO_6055-10,São Paulo,3550308,True,,33914,,,-23.7407045,-46.698246,,,,2,2023-06-20T04:27:13+00:00
SAO_6055-10,São Paulo,3550308,True,,33914,,,-23.754704,-46.709073000000004,,,,2,2023-06-20T04:27:26+00:00
SAO_5020-10,São Paulo,3550308,True,,34438,,,-23.6102245,-46.59347325,,,,2,2023-06-20T04:27:17+00:00
SAO_5020-10,São Paulo,3550308,True,,34438,,,-23.5989925,-46.60508725,,,,2,2023-06-20T04:27:34+00:00
SAO_6822-10,São Paulo,3550308,True,Del Rey,22,https://moovitapp.com/index/pt-br/transporte_p%C3%BAblico-line-22-Sao_Paulo-242-868760-496394-0,4.5,-23.645376,-46.77943500000001,,,,1,2023-06-20T04:27:15+00:00
SAO_6822-10,São Paulo,3550308,True,Del Rey,22,https://moovitapp.com/index/pt-br/transporte_p%C3%BAblico-line-22-Sao_Paulo-242-868760-496394-0,4.5,-23.656344500000003,-46.776416,,,,1,2023-06-20T04:27:15+00:00
SAO_6822-10,São Paulo,3550308,True,Del Rey,22,https://moovitapp.com/index/pt-br/transporte_p%C3%BAblico-line-22-Sao_Paulo-242-868760-496394-0,4.5,-23.653551,-46.777357,,,,1,2023-06-20T04:27:15+00:00
SAO_1788-10,São Paulo,3550308,True,,33421,,,-23.4579565,-46.602463,,,,2,2023-06-20T04:24:45+00:00
SAO_1788-10,São Paulo,3550308,True,,33421,,,-23.433542,-46.5782875,,,,2,2023-06-20T04:27:24+00:00
SAO_1788-10,São Paulo,3550308,True,,33421,,,-23.430906,-46.574909,,,,2,2023-06-20T04:26:56+00:00
SAO_1788-10,São Paulo,3550308,True,,33421,,,-23.474011500000003,-46.6080525,,,,2,2023-06-20T04:26:23+00:00
SAO_1788-10,São Paulo,3550308,True,,33421,,,-23.430906,-46.574909,,,,2,2023-06-20T04:27:35+00:00
SAO_3742-10,São Paulo,3550308,True,,1042,,,-23.6009315,-46.4370955,,,,1,2023-06-20T04:27:16+00:00
SAO_3742-10,São Paulo,3550308,True,,1042,,,-23.563545,-46.446155,,,,1,2023-06-20T04:27:36+00:00
SAO_3742-10,São Paulo,3550308,True,,1042,,,-23.542457374999998,-46.4498265,,,,1,2023-06-20T04:27:06+00:00
SAO_3754-10,São Paulo,3550308,True,,33817,,,-23.541694999999997,-46.42543575,,,,2,2023-06-20T04:27:03+00:00
SAO_3754-10,São Paulo,3550308,True,,33817,,,-23.573843,-46.398298,,,,2,2023-06-20T04:27:16+00:00
SAO_3754-10,São Paulo,3550308,True,,33817,,,-23.540637000000004,-46.4561495,,,,2,2023-06-20T04:25:59+00:00
SAO_4015-10,São Paulo,3550308,True,,34956,,,-23.6128775,-46.476433,,,,2,2023-06-20T04:27:09+00:00
SAO_3742-10,São Paulo,3550308,True,,33810,,,-23.6044225,-46.434561,,,,2,2023-06-20T04:27:01+00:00
SAO_3742-10,São Paulo,3550308,True,,33810,,,-23.578657999999997,-46.4431635,,,,2,2023-06-20T04:27:12+00:00
SAO_778J-41,São Paulo,3550308,True,,34254,,,-23.585752,-46.80545,,,,2,2023-06-20T04:27:22+00:00
SAO_778J-41,São Paulo,3550308,True,,34254,,,-23.585870999999997,-46.8051445,,,,2,2023-06-20T04:27:34+00:00
SAO_778J-41,São Paulo,3550308,True,,34254,,,-23.52780575,-46.67470175,,,,2,2023-06-20T04:27:40+00:00
SAO_778J-41,São Paulo,3550308,True,,34254,,,-23.586338812499996,-46.79026731249999,,,,2,2023-06-20T04:27:21+00:00
SAO_778J-41,São Paulo,3550308,True,,34254,,,-23.5723855,-46.70432,,,,2,2023-06-20T04:27:36+00:00
SAO_4056-10,São Paulo,3550308,True,,2237,,,-23.596768500000003,-46.4565665,,,,1,2023-06-20T04:27:02+00:00
SAO_4017-10,São Paulo,3550308,True,,2190,,,-23.588985,-46.408651,,,,1,2023-06-20T04:25:43+00:00
SAO_4017-10,São Paulo,3550308,True,,2190,,,-23.584918375,-46.38410425,,,,1,2023-06-20T04:26:18+00:00
SAO_575C-10,São Paulo,3550308,True,,1686,,,-23.5780355,-46.602048499999995,,,,1,2023-06-20T04:27:00+00:00
SAO_6056-10,São Paulo,3550308,True,,1147,,,-23.7619723125,-46.7099048125,,,,1,2023-06-20T04:27:04+00:00
SAO_6056-10,São Paulo,3550308,True,,1147,,,-23.7662205,-46.7024205,,,,1,2023-06-20T04:26:58+00:00
SAO_6056-10,São Paulo,3550308,True,,1147,,,-23.7374635,-46.697805,,,,1,2023-06-20T04:27:13+00:00
SAO_5107-10,São Paulo,3550308,True,,1659,,,-23.6034085,-46.6026285,,,,1,2023-06-20T04:27:30+00:00
SAO_5107-10,São Paulo,3550308,True,,1659,,,-23.54115375,-46.63517375,,,,1,2023-06-20T04:27:21+00:00
SAO_5107-10,São Paulo,3550308,True,,1659,,,-23.6035155,-46.602720500000004,,,,1,2023-06-20T04:27:02+00:00
SAO_407E-10,São Paulo,3550308,True,,34983,,,-23.6335585,-46.4430015,,,,2,2023-06-20T04:26:56+00:00
SAO_407E-10,São Paulo,3550308,True,,34983,,,-23.619771,-46.4557095,,,,2,2023-06-20T04:27:05+00:00
SAO_407E-10,São Paulo,3550308,True,,34983,,,-23.5606275,-46.5125315,,,,2,2023-06-20T04:27:09+00:00
SAO_407E-10,São Paulo,3550308,True,,34983,,,-23.5982125,-46.467313000000004,,,,2,2023-06-20T04:27:00+00:00
SAO_373M-10,São Paulo,3550308,True,,33049,,,-23.587616375,-46.586105375,,,,2,2023-06-20T04:27:41+00:00
SAO_373M-10,São Paulo,3550308,True,,33049,,,-23.601270999999997,-46.538996,,,,2,2023-06-20T04:27:26+00:00
SAO_4051-10,São Paulo,3550308,True,,34912,,,-23.561616,-46.401831,,,,2,2023-06-20T04:27:21+00:00
SAO_4051-10,São Paulo,3550308,True,,34912,,,-23.5618325,-46.4012755,,,,2,2023-06-20T04:27:00+00:00
SAO_9006-10,São Paulo,3550308,True,,33642,,,-23.464918,-46.690571500000004,,,,2,2023-06-20T04:27:00+00:00
SAO_9006-10,São Paulo,3550308,True,,33642,,,-23.4745815,-46.669976500000004,,,,2,2023-06-20T04:27:02+00:00
SAO_1016-10,São Paulo,3550308,True,,33599,,,-23.513872,-46.6160225,,,,2,2023-06-20T04:27:00+00:00
SAO_1016-10,São Paulo,3550308,True,,33599,,,-23.5080595,-46.615427499999996,,,,2,2023-06-20T04:27:12+00:00
SAO_1016-10,São Paulo,3550308,True,,33599,,,-23.469533000000002,-46.610533375,,,,2,2023-06-20T04:27:24+00:00
SAO_2732-10,São Paulo,3550308,True,,33715,,,-23.5290805,-46.458028999999996,,,,2,2023-06-20T04:27:28+00:00
SAO_2732-10,São Paulo,3550308,True,,33715,,,-23.540062499999998,-46.482594375,,,,2,2023-06-20T04:27:16+00:00
SAO_2732-10,São Paulo,3550308,True,,33715,,,-23.539938499999998,-46.482815,,,,2,2023-06-20T04:26:58+00:00
SAO_8060-10,São Paulo,3550308,True,,33186,,,-23.508158,-46.759332,,,,2,2023-06-20T04:27:23+00:00
SAO_8060-10,São Paulo,3550308,True,,33186,,,-23.528272,-46.733388500000004,,,,2,2023-06-20T04:27:17+00:00
SAO_8060-10,São Paulo,3550308,True,,33186,,,-23.5254525,-46.713425,,,,2,2023-06-20T04:27:22+00:00
SAO_1786-10,São Paulo,3550308,True,,33417,,,-23.446737,-46.611729,,,,2,2023-06-20T04:27:31+00:00
SAO_1786-10,São Paulo,3550308,True,,33417,,,-23.447539,-46.6151005,,,,2,2023-06-20T04:27:06+00:00
SAO_1786-10,São Paulo,3550308,True,,33417,,,-23.45368525,-46.607387,,,,2,2023-06-20T04:25:55+00:00
SAO_637G-10,São Paulo,3550308,True,,32869,,,-23.753734,-46.680966,,,,2,2023-06-20T04:27:14+00:00
SAO_637G-10,São Paulo,3550308,True,,32869,,,-23.73591725,-46.694809125000006,,,,2,2023-06-20T04:27:07+00:00
SAO_637G-10,São Paulo,3550308,True,,32869,,,-23.621878000000002,-46.684281999999996,,,,2,2023-06-20T04:27:40+00:00
SAO_637G-10,São Paulo,3550308,True,,32869,,,-23.576428,-46.68752175,,,,2,2023-06-20T04:27:06+00:00
SAO_7023-10,São Paulo,3550308,True,,2152,,,-23.666833625000002,-46.722494499999996,,,,1,2023-06-20T04:27:37+00:00
SAO_7023-10,São Paulo,3550308,True,,2152,,,-23.698786,-46.7627765,,,,1,2023-06-20T04:27:04+00:00
SAO_3002-10,São Paulo,3550308,True,,1808,,,-23.510468,-46.378808,,,,1,2023-06-20T04:26:46+00:00
SAO_3002-10,São Paulo,3550308,True,,1808,,,-23.507244,-46.3801965,,,,1,2023-06-20T04:27:09+00:00
SAO_3002-10,São Paulo,3550308,True,,1808,,,-23.496955,-46.437329,,,,1,2023-06-20T04:27:09+00:00
SAO_3002-10,São Paulo,3550308,True,,1808,,,-23.507979499999998,-46.380242749999994,,,,1,2023-06-20T04:27:21+00:00
SAO_3002-10,São Paulo,3550308,True,,1808,,,-23.4944385,-46.39990400000001,,,,1,2023-06-20T04:25:14+00:00
SAO_3002-10,São Paulo,3550308,True,,1808,,,-23.510468,-46.378808,,,,1,2023-06-20T04:26:14+00:00
SAO_4052-10,São Paulo,3550308,True,,34913,,,-23.542564499999997,-46.41676,,,,2,2023-06-20T04:27:07+00:00
SAO_4052-10,São Paulo,3550308,True,,34913,,,-23.5389345,-46.4572275,,,,2,2023-06-20T04:27:38+00:00
SAO_8012-10,São Paulo,3550308,True,,2023,,,-23.568513,-46.7319415,,,,1,2023-06-20T04:27:32+00:00
SAO_8012-10,São Paulo,3550308,True,,2023,,,-23.55782875,-46.735689625000006,,,,1,2023-06-20T04:27:17+00:00
SAO_8012-10,São Paulo,3550308,True,,2023,,,-23.566174125,-46.710352375,,,,1,2023-06-20T04:26:57+00:00
SAO_8012-10,São Paulo,3550308,True,,2023,,,-23.568271,-46.739903,,,,1,2023-06-20T04:27:26+00:00
SAO_746H-10,São Paulo,3550308,True,,33553,,,-23.593502,-46.7526985,,,,2,2023-06-20T04:27:01+00:00
SAO_746H-10,São Paulo,3550308,True,,33553,,,-23.588779,-46.722904875,,,,2,2023-06-20T04:27:26+00:00
SAO_746H-10,São Paulo,3550308,True,,33553,,,-23.6201085,-46.7332925,,,,2,2023-06-20T04:27:41+00:00
SAO_3064-10,São Paulo,3550308,True,Urubupungá,980,https://moovitapp.com/index/pt-br/transporte_p%C3%BAblico-line-980-Sao_Paulo-242-873835-76224585-0,4.6,-23.5427145,-46.4149935,,,,1,2023-06-20T04:27:22+00:00
SAO_3064-10,São Paulo,3550308,True,Urubupungá,980,https://moovitapp.com/index/pt-br/transporte_p%C3%BAblico-line-980-Sao_Paulo-242-873835-76224585-0,4.6,-23.5427145,-46.4149935,,,,1,2023-06-20T04:27:13+00:00
SAO_3064-10,São Paulo,3550308,True,Urubupungá,980,https://moovitapp.com/index/pt-br/transporte_p%C3%BAblico-line-980-Sao_Paulo-242-873835-76224585-0,4.6,-23.5830695,-46.408172,,,,1,2023-06-20T04:26:58+00:00
SAO_8700-10,São Paulo,3550308,True,,1877,,,-23.614564,-46.75580375,,,,1,2023-06-20T04:27:03+00:00
SAO_8700-10,São Paulo,3550308,True,,1877,,,-23.5489345,-46.651877,,,,1,2023-06-20T04:27:42+00:00
SAO_8700-10,São Paulo,3550308,True,,1877,,,-23.5711155,-46.690732499999996,,,,1,2023-06-20T04:27:41+00:00
SAO_8700-10,São Paulo,3550308,True,,1877,,,-23.6305435,-46.773462499999994,,,,1,2023-06-20T04:27:38+00:00
SAO_4015-10,São Paulo,3550308,True,,2188,,,-23.6256905,-46.4709275,,,,1,2023-06-20T04:25:40+00:00
SAO_9653-10,São Paulo,3550308,True,,33356,,,-23.524125625000003,-46.6451405,,,,2,2023-06-20T04:27:29+00:00
SAO_9653-10,São Paulo,3550308,True,,33356,,,-23.4910815,-46.675967,,,,2,2023-06-20T04:27:11+00:00
SAO_9653-10,São Paulo,3550308,True,,33356,,,-23.4580645,-46.6433105,,,,2,2023-06-20T04:27:04+00:00
SAO_9653-10,São Paulo,3550308,True,,33356,,,-23.4580645,-46.6433105,,,,2,2023-06-20T04:27:12+00:00
SAO_971M-10,São Paulo,3550308,True,,612,,,-23.474202,-46.669375,,,,1,2023-06-20T04:27:08+00:00
SAO_971M-10,São Paulo,3550308,True,,612,,,-23.47578325,-46.639432875,,,,1,2023-06-20T04:27:13+00:00
SAO_6052-10,São Paulo,3550308,True,,1144,,,-23.774044875,-46.705919,,,,1,2023-06-20T04:27:18+00:00
SAO_6052-10,São Paulo,3550308,True,,1144,,,-23.775509999999997,-46.691679,,,,1,2023-06-20T04:27:12+00:00
SAO_3032-10,São Paulo,3550308,True,,33488,,,-23.5580635,-46.522337500000006,,,,2,2023-06-20T04:27:35+00:00
SAO_3032-10,São Paulo,3550308,True,,33488,,,-23.559302000000002,-46.5206565,,,,2,2023-06-20T04:27:38+00:00
SAO_8194-10,São Paulo,3550308,True,,33573,,,-23.4140175,-46.750341500000005,,,,2,2023-06-20T04:26:56+00:00
SAO_8194-10,São Paulo,3550308,True,,33573,,,-23.405146000000002,-46.735374,,,,2,2023-06-20T04:27:36+00:00
SAO_8194-10,São Paulo,3550308,True,,33573,,,-23.442889,-46.706063,,,,2,2023-06-20T04:27:39+00:00
SAO_8194-10,São Paulo,3550308,True,,33573,,,-23.4138315,-46.750228500000006,,,,2,2023-06-20T04:27:34+00:00
SAO_8194-10,São Paulo,3550308,True,,33573,,,-23.473833999999997,-46.669099,,,,2,2023-06-20T04:27:26+00:00
SAO_8194-10,São Paulo,3550308,True,,33573,,,-23.403503,-46.7530515,,,,2,2023-06-20T04:27:18+00:00
SAO_675L-10,São Paulo,3550308,True,,1478,,,-23.653993,-46.710736499999996,,,,1,2023-06-20T04:27:27+00:00
SAO_675L-10,São Paulo,3550308,True,,1478,,,-23.653993,-46.710736499999996,,,,1,2023-06-20T04:27:14+00:00
SAO_675L-10,São Paulo,3550308,True,,1478,,,-23.59694,-46.64469975,,,,1,2023-06-20T04:27:14+00:00
SAO_675L-10,São Paulo,3550308,True,,1478,,,-23.65393525,-46.707456500000006,,,,1,2023-06-20T04:27:35+00:00
SAO_4729-10,São Paulo,3550308,True,,1108,,,-23.562537499999998,-46.573376374999995,,,,1,2023-06-20T04:27:43+00:00
SAO_4729-10,São Paulo,3550308,True,,1108,,,-23.58588575,-46.536795999999995,,,,1,2023-06-20T04:27:31+00:00
SAO_4729-10,São Paulo,3550308,True,,1108,,,-23.5916635,-46.506913499999996,,,,1,2023-06-20T04:27:39+00:00
SAO_1726-10,São Paulo,3550308,True,,1403,,,-23.4799035,-46.611354000000006,,,,1,2023-06-20T04:26:17+00:00
SAO_1726-10,São Paulo,3550308,True,,1403,,,-23.438671999999997,-46.5850155,,,,1,2023-06-20T04:26:56+00:00
SAO_4734-10,São Paulo,3550308,True,,33877,,,-23.623708999999998,-46.629267999999996,,,,2,2023-06-20T04:27:42+00:00
SAO_4734-10,São Paulo,3550308,True,,33877,,,-23.6411645,-46.610744,,,,2,2023-06-20T04:27:04+00:00
SAO_4734-10,São Paulo,3550308,True,,33877,,,-23.63001175,-46.6181895,,,,2,2023-06-20T04:27:25+00:00
SAO_4734-10,São Paulo,3550308,True,,33877,,,-23.6426745,-46.6060585,,,,2,2023-06-20T04:27:12+00:00
SAO_4734-10,São Paulo,3550308,True,,33877,,,-23.6411645,-46.610744,,,,2,2023-06-20T04:27:41+00:00
SAO_9014-10,São Paulo,3550308,True,,34193,,,-23.4739335,-46.7078185,,,,2,2023-06-20T04:27:19+00:00
SAO_9014-10,São Paulo,3550308,True,,34193,,,-23.47944825,-46.70261725,,,,2,2023-06-20T04:27:07+00:00
SAO_9014-10,São Paulo,3550308,True,,34193,,,-23.4739335,-46.7078185,,,,2,2023-06-20T04:27:32+00:00
SAO_9014-10,São Paulo,3550308,True,,34193,,,-23.502081,-46.69144,,,,2,2023-06-20T04:27:42+00:00
SAO_2762-10,São Paulo,3550308,True,,144,,,-23.4977375,-46.503734,,,,1,2023-06-20T04:27:36+00:00
SAO_2762-10,São Paulo,3550308,True,,144,,,-23.486935000000003,-46.478465,,,,1,2023-06-20T04:27:15+00:00
SAO_2762-10,São Paulo,3550308,True,,144,,,-23.529637,-46.553892,,,,1,2023-06-20T04:27:28+00:00
SAO_3686-10,São Paulo,3550308,True,EMTU,166,https://moovitapp.com/index/pt-br/transporte_p%C3%BAblico-line-166-Sao_Paulo-242-2038937-36419307-0,7.8,-23.5428918125,-46.58557081250001,,,,1,2023-06-20T04:27:24+00:00
SAO_3686-10,São Paulo,3550308,True,EMTU,166,https://moovitapp.com/index/pt-br/transporte_p%C3%BAblico-line-166-Sao_Paulo-242-2038937-36419307-0,7.8,-23.531814500000003,-46.5027615,,,,1,2023-06-20T04:27:19+00:00
SAO_3686-10,São Paulo,3550308,True,EMTU,166,https://moovitapp.com/index/pt-br/transporte_p%C3%BAblico-line-166-Sao_Paulo-242-2038937-36419307-0,7.8,-23.542001499999998,-46.4253025,,,,1,2023-06-20T04:26:38+00:00
SAO_5164-10,São Paulo,3550308,True,,34051,,,-23.641374499999998,-46.6610775,,,,2,2023-06-20T04:27:26+00:00
SAO_5164-10,São Paulo,3550308,True,,34051,,,-23.5809745,-46.6566785,,,,2,2023-06-20T04:27:24+00:00
SAO_5164-10,São Paulo,3550308,True,,34051,,,-23.59890925,-46.636741,,,,2,2023-06-20T04:27:35+00:00
SAO_5164-10,São Paulo,3550308,True,,34051,,,-23.639554999999998,-46.643012,,,,2,2023-06-20T04:27:33+00:00
SAO_5164-10,São Paulo,3550308,True,,34051,,,-23.642954500000002,-46.6617585,,,,2,2023-06-20T04:27:14+00:00
SAO_3718-10,São Paulo,3550308,True,,1013,,,-23.557025,-46.4865765,,,,1,2023-06-20T04:27:09+00:00
SAO_3718-10,São Paulo,3550308,True,,1013,,,-23.5478075,-46.4821775,,,,1,2023-06-20T04:27:17+00:00
SAO_3718-10,São Paulo,3550308,True,,1013,,,-23.5536655,-46.4905825,,,,1,2023-06-20T04:27:16+00:00
SAO_5022-10,São Paulo,3550308,True,,1120,,,-23.672228,-46.638205,,,,1,2023-06-20T04:27:15+00:00
SAO_5022-10,São Paulo,3550308,True,,1120,,,-23.672228,-46.638205,,,,1,2023-06-20T04:26:57+00:00
SAO_5022-10,São Paulo,3550308,True,,1120,,,-23.66527225,-46.646952,,,,1,2023-06-20T04:27:08+00:00
SAO_8019-31,São Paulo,3550308,True,,2574,,,-23.592260250000002,-46.735554,,,,1,2023-06-20T04:27:18+00:00
SAO_8019-31,São Paulo,3550308,True,,2574,,,-23.552605,-46.757262499999996,,,,1,2023-06-20T04:27:20+00:00
SAO_8008-10,São Paulo,3550308,True,,1258,,,-23.4863135,-46.725455,,,,1,2023-06-20T04:27:23+00:00
SAO_8008-10,São Paulo,3550308,True,,1258,,,-23.486563,-46.756645500000005,,,,1,2023-06-20T04:26:56+00:00
SAO_2709-31,São Paulo,3550308,True,,33691,,,-23.523653499999998,-46.48422775,,,,2,2023-06-20T04:27:19+00:00
SAO_2709-31,São Paulo,3550308,True,,33691,,,-23.529382,-46.50029325,,,,2,2023-06-20T04:27:03+00:00
SAO_1177-10,São Paulo,3550308,True,,129,,,-23.517386000000002,-46.4759985,,,,1,2023-06-20T04:26:57+00:00
SAO_1177-10,São Paulo,3550308,True,,129,,,-23.518318999999998,-46.4758545,,,,1,2023-06-20T04:26:56+00:00
SAO_1177-10,São Paulo,3550308,True,,129,,,-23.518318999999998,-46.4758545,,,,1,2023-06-20T04:26:57+00:00
SAO_1177-10,São Paulo,3550308,True,,129,,,-23.5364015,-46.631322250000004,,,,1,2023-06-20T04:27:36+00:00
SAO_3023-10,São Paulo,3550308,True,Urubupungá,960,https://moovitapp.com/index/pt-br/transporte_p%C3%BAblico-line-960-Sao_Paulo-242-873835-31663702-0,4.6,-23.5722175,-46.50602175,,,,1,2023-06-20T04:27:09+00:00
SAO_3023-10,São Paulo,3550308,True,Urubupungá,960,https://moovitapp.com/index/pt-br/transporte_p%C3%BAblico-line-960-Sao_Paulo-242-873835-31663702-0,4.6,-23.633084500000002,-46.472952250000006,,,,1,2023-06-20T04:27:40+00:00
SAO_3023-10,São Paulo,3550308,True,Urubupungá,960,https://moovitapp.com/index/pt-br/transporte_p%C3%BAblico-line-960-Sao_Paulo-242-873835-31663702-0,4.6,-23.63368825,-46.472753250000004,,,,1,2023-06-20T04:27:37+00:00
SAO_3023-10,São Paulo,3550308,True,Urubupungá,960,https://moovitapp.com/index/pt-br/transporte_p%C3%BAblico-line-960-Sao_Paulo-242-873835-31663702-0,4.6,-23.63368825,-46.472753250000004,,,,1,2023-06-20T04:27:17+00:00
SAO_3023-10,São Paulo,3550308,True,Urubupungá,960,https://moovitapp.com/index/pt-br/transporte_p%C3%BAblico-line-960-Sao_Paulo-242-873835-31663702-0,4.6,-23.611950999999998,-46.4763875,,,,1,2023-06-20T04:27:38+00:00
SAO_6083-10,São Paulo,3550308,True,,1733,,,-23.734681375,-46.694479375,,,,1,2023-06-20T04:27:43+00:00
SAO_1786-10,São Paulo,3550308,True,,649,,,-23.4752545,-46.619263000000004,,,,1,2023-06-20T04:26:27+00:00
SAO_1786-10,São Paulo,3550308,True,,649,,,-23.502214000000002,-46.6235875,,,,1,2023-06-20T04:27:07+00:00
SAO_1786-10,São Paulo,3550308,True,,649,,,-23.45376775,-46.607023,,,,1,2023-06-20T04:27:32+00:00
SAO_5317-10,São Paulo,3550308,True,,69,,,-23.7072735,-46.6955685,,,,1,2023-06-20T04:27:14+00:00
SAO_5317-10,São Paulo,3550308,True,,69,,,-23.7212425,-46.6767315,,,,1,2023-06-20T04:27:13+00:00
SAO_5317-10,São Paulo,3550308,True,,69,,,-23.6281199375,-46.6853005,,,,1,2023-06-20T04:27:33+00:00
SAO_3738-10,São Paulo,3550308,True,,1038,,,-23.5630765,-46.394354,,,,1,2023-06-20T04:27:02+00:00
SAO_3738-10,São Paulo,3550308,True,,1038,,,-23.552062749999997,-46.432514,,,,1,2023-06-20T04:27:35+00:00
SAO_3738-10,São Paulo,3550308,True,,1038,,,-23.5630765,-46.394354,,,,1,2023-06-20T04:27:40+00:00
SAO_3738-10,São Paulo,3550308,True,,1038,,,-23.56601975,-46.397645,,,,1,2023-06-20T04:27:36+00:00
SAO_6805-10,São Paulo,3550308,True,,32799,,,-23.6545965,-46.7621075,,,,2,2023-06-20T04:27:41+00:00
SAO_6805-10,São Paulo,3550308,True,,32799,,,-23.6609955,-46.747811999999996,,,,2,2023-06-20T04:27:36+00:00
SAO_199D-10,São Paulo,3550308,True,,2135,,,-23.56534875,-46.69745825,,,,1,2023-06-20T04:27:29+00:00
SAO_199D-10,São Paulo,3550308,True,,2135,,,-23.514029999999998,-46.702380500000004,,,,1,2023-06-20T04:27:33+00:00
SAO_199D-10,São Paulo,3550308,True,,2135,,,-23.485856,-46.71054650000001,,,,1,2023-06-20T04:27:15+00:00
SAO_199D-10,São Paulo,3550308,True,,2135,,,-23.542311375,-46.682805875,,,,1,2023-06-20T04:27:10+00:00
SAO_546T-10,São Paulo,3550308,True,,33040,,,-23.6997135,-46.646293,,,,2,2023-06-20T04:27:13+00:00
SAO_546T-10,São Paulo,3550308,True,,33040,,,-23.699834250000002,-46.64513075000001,,,,2,2023-06-20T04:27:31+00:00
SAO_546T-10,São Paulo,3550308,True,,33040,,,-23.6968515,-46.6695565,,,,2,2023-06-20T04:27:35+00:00
SAO_8038-10,São Paulo,3550308,True,,797,,,-23.52725,-46.734348999999995,,,,1,2023-06-20T04:27:25+00:00
SAO_8038-10,São Paulo,3550308,True,,797,,,-23.542782000000003,-46.7451325,,,,1,2023-06-20T04:27:18+00:00
SAO_5107-10,São Paulo,3550308,True,,34427,,,-23.57024175,-46.61120675,,,,2,2023-06-20T04:27:04+00:00
SAO_1760-10,São Paulo,3550308,True,,33325,,,-23.457126,-46.65923775,,,,2,2023-06-20T04:27:29+00:00
SAO_1760-10,São Paulo,3550308,True,,33325,,,-23.478611,-46.650835,,,,2,2023-06-20T04:27:22+00:00
SAO_1760-10,São Paulo,3550308,True,,33325,,,-23.4569915,-46.6589155,,,,2,2023-06-20T04:26:58+00:00
SAO_809T-10,São Paulo,3550308,True,,35014,,,-23.57789,-46.7553695,,,,2,2023-06-20T04:27:03+00:00
SAO_809T-10,São Paulo,3550308,True,,35014,,,-23.518814999999996,-46.702155000000005,,,,2,2023-06-20T04:27:41+00:00
SAO_695H-10,São Paulo,3550308,True,,1196,,,-23.7836565,-46.713528,,,,1,2023-06-20T04:24:03+00:00
SAO_6057-10,São Paulo,3550308,True,,33916,,,-23.766202,-46.7087025,,,,2,2023-06-20T04:27:32+00:00
SAO_6057-10,São Paulo,3550308,True,,33916,,,-23.76584475,-46.708275875,,,,2,2023-06-20T04:27:07+00:00
SAO_6057-10,São Paulo,3550308,True,,33916,,,-23.7558975,-46.709628,,,,2,2023-06-20T04:27:43+00:00
SAO_637J-10,São Paulo,3550308,True,EMTU,103,https://moovitapp.com/index/pt-br/transporte_p%C3%BAblico-line-103-Sao_Paulo-242-2038937-36419266-0,5.1,-23.598170500000002,-46.673848,,,,1,2023-06-20T04:27:30+00:00
SAO_637J-10,São Paulo,3550308,True,EMTU,103,https://moovitapp.com/index/pt-br/transporte_p%C3%BAblico-line-103-Sao_Paulo-242-2038937-36419266-0,5.1,-23.56998325,-46.691308250000006,,,,1,2023-06-20T04:27:21+00:00
SAO_637J-10,São Paulo,3550308,True,EMTU,103,https://moovitapp.com/index/pt-br/transporte_p%C3%BAblico-line-103-Sao_Paulo-242-2038937-36419266-0,5.1,-23.672598999999998,-46.687036250000006,,,,1,2023-06-20T04:27:06+00:00
SAO_675X-10,São Paulo,3550308,True,,32879,,,-23.650123999999998,-46.7055505,,,,2,2023-06-20T04:27:28+00:00
SAO_675X-10,São Paulo,3550308,True,,32879,,,-23.694127,-46.7015465,,,,2,2023-06-20T04:27:16+00:00
SAO_516N-10,São Paulo,3550308,True,EMTU,266,https://moovitapp.com/index/pt-br/transporte_p%C3%BAblico-line-266-Sao_Paulo-242-2038937-36419376-0,6.8,-23.60456625,-46.675004,,,,1,2023-06-20T04:27:16+00:00
SAO_516N-10,São Paulo,3550308,True,EMTU,266,https://moovitapp.com/index/pt-br/transporte_p%C3%BAblico-line-266-Sao_Paulo-242-2038937-36419376-0,6.8,-23.650666,-46.6696555,,,,1,2023-06-20T04:27:37+00:00
SAO_4115-10,São Paulo,3550308,True,EMTU,322,https://moovitapp.com/index/pt-br/transporte_p%C3%BAblico-line-322-Sao_Paulo-242-2038937-36419412-0,6.2,-23.58208025,-46.62368024999999,,,,1,2023-06-20T04:27:28+00:00
SAO_6262-10,São Paulo,3550308,True,,34139,,,-23.5495855,-46.7173765,,,,2,2023-06-20T04:27:23+00:00
SAO_6262-10,São Paulo,3550308,True,,34139,,,-23.530287625,-46.731522999999996,,,,2,2023-06-20T04:27:22+00:00
SAO_6262-10,São Paulo,3550308,True,,34139,,,-23.57706,-46.68690575,,,,2,2023-06-20T04:27:34+00:00
SAO_6043-10,São Paulo,3550308,True,,33988,,,-23.65948625,-46.75426775,,,,2,2023-06-20T04:27:26+00:00
SAO_6043-10,São Paulo,3550308,True,,33988,,,-23.65985575,-46.754189,,,,2,2023-06-20T04:27:21+00:00
SAO_6043-10,São Paulo,3550308,True,,33988,,,-23.65985575,-46.754189,,,,2,2023-06-20T04:27:25+00:00
SAO_6043-10,São Paulo,3550308,True,,33988,,,-23.650958,-46.7194715,,,,2,2023-06-20T04:27:29+00:00
SAO_909T-1,São Paulo,3550308,True,,2512,,,-23.552491500000002,-46.633196,,,,1,2023-06-20T04:27:29+00:00
SAO_2718-10,São Paulo,3550308,True,,931,,,-23.525074000000004,-46.54891175,,,,1,2023-06-20T04:27:07+00:00
SAO_2718-10,São Paulo,3550308,True,,931,,,-23.51446775,-46.55037300000001,,,,1,2023-06-20T04:27:23+00:00
SAO_2718-10,São Paulo,3550308,True,,931,,,-23.533479,-46.545751499999994,,,,1,2023-06-20T04:27:07+00:00
SAO_2718-10,São Paulo,3550308,True,,931,,,-23.4955055,-46.5079825,,,,1,2023-06-20T04:27:20+00:00
SAO_342M-10,São Paulo,3550308,True,,747,,,-23.60590275,-46.4797095,,,,1,2023-06-20T04:27:31+00:00
SAO_342M-10,São Paulo,3550308,True,,747,,,-23.592456937500003,-46.488848812499995,,,,1,2023-06-20T04:27:26+00:00
SAO_342M-10,São Paulo,3550308,True,,747,,,-23.55215925,-46.52953775,,,,1,2023-06-20T04:27:36+00:00
SAO_342M-10,São Paulo,3550308,True,,747,,,-23.5464675,-46.542268500000006,,,,1,2023-06-20T04:27:20+00:00
SAO_509M-10,São Paulo,3550308,True,,1277,,,-23.53471425,-46.64500699999999,,,,1,2023-06-20T04:27:29+00:00
SAO_509M-10,São Paulo,3550308,True,,1277,,,-23.615900250000003,-46.67369975,,,,1,2023-06-20T04:27:20+00:00
SAO_9653-10,São Paulo,3550308,True,EMTU,588,https://moovitapp.com/index/pt-br/transporte_p%C3%BAblico-line-588-Sao_Paulo-242-2038937-36419575-0,7.55,-23.492544000000002,-46.6780405,,,,1,2023-06-20T04:27:27+00:00
SAO_9653-10,São Paulo,3550308,True,EMTU,588,https://moovitapp.com/index/pt-br/transporte_p%C3%BAblico-line-588-Sao_Paulo-242-2038937-36419575-0,7.55,-23.537076999999996,-46.642129749999995,,,,1,2023-06-20T04:27:06+00:00
SAO_1012-10,São Paulo,3550308,True,,35254,,,-23.432628,-46.7870445,,,,2,2023-06-20T04:27:21+00:00
SAO_273J-10,São Paulo,3550308,True,STT,389,https://moovitapp.com/index/pt-br/transporte_p%C3%BAblico-line-389-Sao_Paulo-242-850661-183299-0,5.3,-23.518463500000003,-46.511203,,,,1,2023-06-20T04:27:40+00:00
SAO_273J-10,São Paulo,3550308,True,STT,389,https://moovitapp.com/index/pt-br/transporte_p%C3%BAblico-line-389-Sao_Paulo-242-850661-183299-0,5.3,-23.486706124999998,-46.4211365,,,,1,2023-06-20T04:27:26+00:00
SAO_273J-10,São Paulo,3550308,True,STT,389,https://moovitapp.com/index/pt-br/transporte_p%C3%BAblico-line-389-Sao_Paulo-242-850661-183299-0,5.3,-23.517459000000002,-46.475209500000005,,,,1,2023-06-20T04:26:58+00:00
SAO_675A-10,São Paulo,3550308,True,,34086,,,-23.62208425,-46.661891999999995,,,,2,2023-06-20T04:27:18+00:00
SAO_675A-10,São Paulo,3550308,True,,34086,,,-23.6619785,-46.755653,,,,2,2023-06-20T04:27:31+00:00
SAO_675A-10,São Paulo,3550308,True,,34086,,,-23.6408978125,-46.71591,,,,2,2023-06-20T04:27:34+00:00
SAO_675A-10,São Paulo,3550308,True,,34086,,,-23.6619785,-46.755653,,,,2,2023-06-20T04:27:27+00:00
SAO_1024-10,São Paulo,3550308,True,,2302,,,-23.48888,-46.698154,,,,1,2023-06-20T04:27:07+00:00
SAO_1024-10,São Paulo,3550308,True,,2302,,,-23.461319000000003,-46.7094535,,,,1,2023-06-20T04:27:09+00:00
SAO_1024-10,São Paulo,3550308,True,,2302,,,-23.459429999999998,-46.69849375,,,,1,2023-06-20T04:27:17+00:00
SAO_2028-10,São Paulo,3550308,True,,2263,,,-23.4339305,-46.5714275,,,,1,2023-06-20T04:27:27+00:00
SAO_2028-10,São Paulo,3550308,True,,2263,,,-23.4383045,-46.5756665,,,,1,2023-06-20T04:26:20+00:00
SAO_2028-10,São Paulo,3550308,True,,2263,,,-23.4810615,-46.6028965,,,,1,2023-06-20T04:27:01+00:00
SAO_576C-10,São Paulo,3550308,True,,34058,,,-23.6450955,-46.64122625,,,,2,2023-06-20T04:27:01+00:00
SAO_576C-10,São Paulo,3550308,True,,34058,,,-23.64786775,-46.64553125,,,,2,2023-06-20T04:27:32+00:00
SAO_576C-10,São Paulo,3550308,True,,34058,,,-23.6379595,-46.632494,,,,2,2023-06-20T04:27:03+00:00
SAO_576C-10,São Paulo,3550308,True,,34058,,,-23.638162,-46.6322935,,,,2,2023-06-20T04:27:33+00:00
SAO_576C-10,São Paulo,3550308,True,,34058,,,-23.638040500000002,-46.632286,,,,2,2023-06-20T04:27:39+00:00
SAO_576C-10,São Paulo,3550308,True,,34058,,,-23.659335,-46.676618875,,,,2,2023-06-20T04:27:13+00:00
SAO_576C-10,São Paulo,3550308,True,,34058,,,-23.6644875,-46.691084000000004,,,,2,2023-06-20T04:27:21+00:00
SAO_3046-10,São Paulo,3550308,True,,33739,,,-23.580144250000004,-46.529902,,,,2,2023-06-20T04:27:12+00:00
SAO_3046-10,São Paulo,3550308,True,,33739,,,-23.542985,-46.5749235,,,,2,2023-06-20T04:27:32+00:00
SAO_4007-10,São Paulo,3550308,True,,34949,,,-23.565504,-46.4030685,,,,2,2023-06-20T04:27:02+00:00
SAO_4007-10,São Paulo,3550308,True,,34949,,,-23.555605375,-46.452785750000004,,,,2,2023-06-20T04:27:27+00:00
SAO_4007-10,São Paulo,3550308,True,,34949,,,-23.565385499999998,-46.3962625,,,,2,2023-06-20T04:27:08+00:00
SAO_4007-10,São Paulo,3550308,True,,34949,,,-23.550331,-46.509814500000005,,,,2,2023-06-20T04:27:01+00:00
SAO_4007-10,São Paulo,3550308,True,,34949,,,-23.558581500000003,-46.522422,,,,2,2023-06-20T04:27:08+00:00
SAO_971T-10,São Paulo,3550308,True,,618,,,-23.4877925,-46.652354,,,,1,2023-06-20T04:27:33+00:00
SAO_971T-10,São Paulo,3550308,True,,618,,,-23.502011500000002,-46.625002499999994,,,,1,2023-06-20T04:27:03+00:00
SAO_2021-10,São Paulo,3550308,True,,906,,,-23.54247,-46.40183175,,,,1,2023-06-20T04:27:20+00:00
SAO_2021-10,São Paulo,3550308,True,,906,,,-23.5443145,-46.389241999999996,,,,1,2023-06-20T04:27:22+00:00
SAO_2021-10,São Paulo,3550308,True,,906,,,-23.5443145,-46.389241999999996,,,,1,2023-06-20T04:27:01+00:00
SAO_1744-10,São Paulo,3550308,True,,544,,,-23.4729585,-46.6418845,,,,1,2023-06-20T04:27:01+00:00
SAO_1744-10,São Paulo,3550308,True,,544,,,-23.4876985,-46.6384965,,,,1,2023-06-20T04:25:14+00:00
SAO_5370-10,São Paulo,3550308,True,,1442,,,-23.61276225,-46.6707505,,,,1,2023-06-20T04:27:26+00:00
SAO_5370-10,São Paulo,3550308,True,,1442,,,-23.767859,-46.716285,,,,1,2023-06-20T04:27:00+00:00
SAO_5370-10,São Paulo,3550308,True,,1442,,,-23.739612,-46.701891,,,,1,2023-06-20T04:27:14+00:00
SAO_5370-10,São Paulo,3550308,True,,1442,,,-23.7459925,-46.707254500000005,,,,1,2023-06-20T04:27:34+00:00
SAO_5370-10,São Paulo,3550308,True,,1442,,,-23.670022,-46.7114045,,,,1,2023-06-20T04:27:12+00:00
SAO_5370-10,São Paulo,3550308,True,,1442,,,-23.767560000000003,-46.7161905,,,,1,2023-06-20T04:27:37+00:00
SAO_5370-10,São Paulo,3550308,True,,1442,,,-23.573276,-46.6410445,,,,1,2023-06-20T04:27:20+00:00
SAO_2769-10,São Paulo,3550308,True,,397,,,-23.48664825,-46.390200375,,,,1,2023-06-20T04:24:18+00:00
SAO_2769-10,São Paulo,3550308,True,,397,,,-23.487016250000003,-46.429309875,,,,1,2023-06-20T04:27:32+00:00
SAO_2769-10,São Paulo,3550308,True,,397,,,-23.5323235,-46.5747475,,,,1,2023-06-20T04:26:59+00:00
SAO_2769-10,São Paulo,3550308,True,,397,,,-23.5073025,-46.484692,,,,1,2023-06-20T04:27:34+00:00
SAO_719P-10,São Paulo,3550308,True,,1372,,,-23.562648125,-46.68598862499999,,,,1,2023-06-20T04:26:27+00:00
SAO_719P-10,São Paulo,3550308,True,,1372,,,-23.534046500000002,-46.64469425,,,,1,2023-06-20T04:27:17+00:00
SAO_719P-10,São Paulo,3550308,True,,1372,,,-23.566360500000002,-46.701766500000005,,,,1,2023-06-20T04:27:05+00:00
SAO_1772-10,São Paulo,3550308,True,,33403,,,-23.4352895,-46.5818785,,,,2,2023-06-20T04:27:08+00:00
SAO_1772-10,São Paulo,3550308,True,,33403,,,-23.4352895,-46.5818785,,,,2,2023-06-20T04:27:09+00:00
SAO_1772-10,São Paulo,3550308,True,,33403,,,-23.48009,-46.602402,,,,2,2023-06-20T04:27:05+00:00
SAO_1772-10,São Paulo,3550308,True,,33403,,,-23.434998,-46.5813665,,,,2,2023-06-20T04:27:35+00:00
SAO_1772-10,São Paulo,3550308,True,,33403,,,-23.4412235,-46.5761505,,,,2,2023-06-20T04:26:58+00:00
SAO_8020-10,São Paulo,3550308,True,,34494,,,-23.597914,-46.7086635,,,,2,2023-06-20T04:27:35+00:00
SAO_607A-10,São Paulo,3550308,True,,2139,,,-23.671468750000003,-46.70246374999999,,,,1,2023-06-20T04:27:23+00:00
SAO_607A-10,São Paulo,3550308,True,,2139,,,-23.6971935,-46.649187,,,,1,2023-06-20T04:27:38+00:00
SAO_607A-10,São Paulo,3550308,True,,2139,,,-23.7124925,-46.6526695,,,,1,2023-06-20T04:17:00+00:00
SAO_N139-11,São Paulo,3550308,True,,35063,,,-23.454788999999998,-46.7104675,,,,2,2023-06-20T04:27:28+00:00
SAO_8615-10,São Paulo,3550308,True,,1339,,,-23.53244175,-46.72951625,,,,1,2023-06-20T04:27:05+00:00
SAO_8615-10,São Paulo,3550308,True,,1339,,,-23.552270999999998,-46.633739500000004,,,,1,2023-06-20T04:27:27+00:00
SAO_8615-10,São Paulo,3550308,True,,1339,,,-23.546293,-46.6310245,,,,1,2023-06-20T04:27:38+00:00
SAO_8615-10,São Paulo,3550308,True,,1339,,,-23.530067375,-46.66720975,,,,1,2023-06-20T04:27:15+00:00
SAO_8615-10,São Paulo,3550308,True,,1339,,,-23.552137000000002,-46.634062,,,,1,2023-06-20T04:27:15+00:00
SAO_8615-10,São Paulo,3550308,True,,1339,,,-23.53875625,-46.64681725,,,,1,2023-06-20T04:26:55+00:00
SAO_2735-10,São Paulo,3550308,True,,1921,,,-23.525074000000004,-46.54891175,,,,1,2023-06-20T04:27:30+00:00
SAO_2735-10,São Paulo,3550308,True,,1921,,,-23.4818015,-46.494043500000004,,,,1,2023-06-20T04:27:43+00:00
SAO_2735-10,São Paulo,3550308,True,,1921,,,-23.499413499999996,-46.5246935,,,,1,2023-06-20T04:27:11+00:00
SAO_3721-10,São Paulo,3550308,True,,1019,,,-23.5631475,-46.501079000000004,,,,1,2023-06-20T04:27:38+00:00
SAO_3721-10,São Paulo,3550308,True,,1019,,,-23.5622725,-46.493492,,,,1,2023-06-20T04:27:10+00:00
SAO_3721-10,São Paulo,3550308,True,,1019,,,-23.5406235,-46.484698249999994,,,,1,2023-06-20T04:27:07+00:00
SAO_148P-10,São Paulo,3550308,True,EMTU,534,https://moovitapp.com/index/pt-br/transporte_p%C3%BAblico-line-534-Sao_Paulo-242-2038937-36419546-0,6.3,-23.508062000000002,-46.65584275,,,,1,2023-06-20T04:27:22+00:00
SAO_148P-10,São Paulo,3550308,True,EMTU,534,https://moovitapp.com/index/pt-br/transporte_p%C3%BAblico-line-534-Sao_Paulo-242-2038937-36419546-0,6.3,-23.4573135,-46.648775,,,,1,2023-06-20T04:27:25+00:00
SAO_148P-10,São Paulo,3550308,True,EMTU,534,https://moovitapp.com/index/pt-br/transporte_p%C3%BAblico-line-534-Sao_Paulo-242-2038937-36419546-0,6.3,-23.526382499999997,-46.6660375,,,,1,2023-06-20T04:27:34+00:00
SAO_148P-10,São Paulo,3550308,True,EMTU,534,https://moovitapp.com/index/pt-br/transporte_p%C3%BAblico-line-534-Sao_Paulo-242-2038937-36419546-0,6.3,-23.457928,-46.642896500000006,,,,1,2023-06-20T04:27:20+00:00
SAO_148P-10,São Paulo,3550308,True,EMTU,534,https://moovitapp.com/index/pt-br/transporte_p%C3%BAblico-line-534-Sao_Paulo-242-2038937-36419546-0,6.3,-23.469715,-46.6557545,,,,1,2023-06-20T04:27:17+00:00
SAO_502J-10,São Paulo,3550308,True,,1275,,,-23.687866999999997,-46.663673,,,,1,2023-06-20T04:26:50+00:00
SAO_502J-10,São Paulo,3550308,True,,1275,,,-23.638734999999997,-46.6582925,,,,1,2023-06-20T04:27:03+00:00
SAO_502J-10,São Paulo,3550308,True,,1275,,,-23.651473250000002,-46.664956,,,,1,2023-06-20T04:27:26+00:00
SAO_502J-10,São Paulo,3550308,True,,1275,,,-23.6685715,-46.6684425,,,,1,2023-06-20T04:27:28+00:00
SAO_502J-10,São Paulo,3550308,True,,1275,,,-23.59849425,-46.63818525,,,,1,2023-06-20T04:27:12+00:00
SAO_502J-10,São Paulo,3550308,True,,1275,,,-23.7050955,-46.6883695,,,,1,2023-06-20T04:27:19+00:00
SAO_1701-10,São Paulo,3550308,True,,33613,,,-23.502884,-46.6246055,,,,2,2023-06-20T04:27:08+00:00
SAO_1701-10,São Paulo,3550308,True,,33613,,,-23.447695250000002,-46.576127125,,,,2,2023-06-20T04:27:01+00:00
SAO_1701-10,São Paulo,3550308,True,,33613,,,-23.447903750000002,-46.57596337499999,,,,2,2023-06-20T04:27:30+00:00
SAO_1701-10,São Paulo,3550308,True,,33613,,,-23.482073999999997,-46.603697,,,,2,2023-06-20T04:27:25+00:00
SAO_7053-21,São Paulo,3550308,True,,34663,,,-23.642354750000003,-46.78591075,,,,2,2023-06-20T04:27:24+00:00
SAO_7053-21,São Paulo,3550308,True,,34663,,,-23.642522,-46.786126499999995,,,,2,2023-06-20T04:26:59+00:00
SAO_930P-10,São Paulo,3550308,True,,34883,,,-23.546217,-46.6305745,,,,2,2023-06-20T04:27:15+00:00
SAO_930P-10,São Paulo,3550308,True,,34883,,,-23.5726825,-46.6898945,,,,2,2023-06-20T04:27:04+00:00
SAO_2552-10,São Paulo,3550308,True,,142,,,-23.535285000000002,-46.5829895,,,,1,2023-06-20T04:27:04+00:00
SAO_2552-10,São Paulo,3550308,True,,142,,,-23.52137775,-46.54647,,,,1,2023-06-20T04:27:05+00:00
SAO_2552-10,São Paulo,3550308,True,,142,,,-23.50377875,-46.472496500000005,,,,1,2023-06-20T04:27:02+00:00
SAO_2552-10,São Paulo,3550308,True,,142,,,-23.4909545,-46.442623,,,,1,2023-06-20T04:27:25+00:00
SAO_2552-10,São Paulo,3550308,True,,142,,,-23.545886,-46.6302635,,,,1,2023-06-20T04:27:20+00:00
SAO_2552-10,São Paulo,3550308,True,,142,,,-23.546607,-46.630478,,,,1,2023-06-20T04:27:20+00:00
SAO_917H-10,São Paulo,3550308,True,,33224,,,-23.5851405,-46.6358475,,,,2,2023-06-20T04:27:42+00:00
SAO_917H-10,São Paulo,3550308,True,,33224,,,-23.489049,-46.7497065,,,,2,2023-06-20T04:27:19+00:00
SAO_917H-10,São Paulo,3550308,True,,33224,,,-23.53817925,-46.719468500000005,,,,2,2023-06-20T04:27:10+00:00
SAO_917H-10,São Paulo,3550308,True,,33224,,,-23.518142,-46.753121375,,,,2,2023-06-20T04:27:29+00:00
SAO_917H-10,São Paulo,3550308,True,,33224,,,-23.541038,-46.6989305,,,,2,2023-06-20T04:27:12+00:00
SAO_917H-10,São Paulo,3550308,True,,33224,,,-23.4953365,-46.746489499999996,,,,2,2023-06-20T04:26:58+00:00
SAO_917H-10,São Paulo,3550308,True,,33224,,,-23.491522,-46.7493775,,,,2,2023-06-20T04:26:59+00:00
SAO_917H-10,São Paulo,3550308,True,,33224,,,-23.565641499999998,-46.6513415,,,,2,2023-06-20T04:27:17+00:00
SAO_917H-10,São Paulo,3550308,True,,33224,,,-23.558763499999998,-46.659388,,,,2,2023-06-20T04:26:53+00:00
SAO_917H-10,São Paulo,3550308,True,,33224,,,-23.48983425,-46.749671,,,,2,2023-06-20T04:27:01+00:00
SAO_775P-10,São Paulo,3550308,True,,33275,,,-23.5967445,-46.749624499999996,,,,2,2023-06-20T04:27:41+00:00
SAO_775P-10,São Paulo,3550308,True,,33275,,,-23.597096,-46.7681435,,,,2,2023-06-20T04:27:13+00:00
SAO_6055-10,São Paulo,3550308,True,,1146,,,-23.68113125,-46.6882995,,,,1,2023-06-20T04:27:22+00:00
SAO_978L-10,São Paulo,3550308,True,,33234,,,-23.4742495,-46.669781,,,,2,2023-06-20T04:27:22+00:00
SAO_978L-10,São Paulo,3550308,True,,33234,,,-23.525072,-46.66675,,,,2,2023-06-20T04:27:20+00:00
SAO_233C-10,São Paulo,3550308,True,,155,,,-23.531779,-46.485549000000006,,,,1,2023-06-20T04:27:17+00:00
SAO_233C-10,São Paulo,3550308,True,,155,,,-23.518438,-46.4758375,,,,1,2023-06-20T04:27:24+00:00
SAO_233C-10,São Paulo,3550308,True,,155,,,-23.523995749999997,-46.47512025,,,,1,2023-06-20T04:27:20+00:00
SAO_233C-10,São Paulo,3550308,True,,155,,,-23.556135750000003,-46.56021375,,,,1,2023-06-20T04:27:22+00:00
SAO_233C-10,São Paulo,3550308,True,,155,,,-23.5193695,-46.47596025,,,,1,2023-06-20T04:27:01+00:00
SAO_233C-10,São Paulo,3550308,True,,155,,,-23.518438,-46.4758375,,,,1,2023-06-20T04:27:24+00:00
SAO_2730-10,São Paulo,3550308,True,Urubupungá,945,https://moovitapp.com/index/pt-br/transporte_p%C3%BAblico-line-945-Sao_Paulo-242-873835-75841138-0,4.6,-23.537512,-46.476222,,,,1,2023-06-20T04:27:06+00:00
SAO_1732-10,São Paulo,3550308,True,,33439,,,-23.481711250000004,-46.56646275,,,,2,2023-06-20T04:23:41+00:00
SAO_1732-10,São Paulo,3550308,True,,33439,,,-23.50345,-46.621289000000004,,,,2,2023-06-20T04:25:08+00:00
SAO_1732-10,São Paulo,3550308,True,,33439,,,-23.537623500000002,-46.650778,,,,2,2023-06-20T04:27:18+00:00
SAO_5317-10,São Paulo,3550308,True,,32837,,,-23.721089,-46.676856,,,,2,2023-06-20T04:27:16+00:00
SAO_5317-10,São Paulo,3550308,True,,32837,,,-23.713659749999998,-46.68957625,,,,2,2023-06-20T04:27:24+00:00
SAO_5317-10,São Paulo,3550308,True,,32837,,,-23.5420185,-46.634758,,,,2,2023-06-20T04:26:59+00:00
SAO_5317-10,São Paulo,3550308,True,,32837,,,-23.62440625,-46.6818555,,,,2,2023-06-20T04:27:19+00:00
SAO_9005-10,São Paulo,3550308,True,,872,,,-23.454378499999997,-46.693401,,,,1,2023-06-20T04:27:30+00:00
SAO_9005-10,São Paulo,3550308,True,,872,,,-23.459018,-46.674842999999996,,,,1,2023-06-20T04:27:19+00:00
SAO_875P-10,São Paulo,3550308,True,,1341,,,-23.567117125000003,-46.649771375,,,,1,2023-06-20T04:27:35+00:00
SAO_875P-10,São Paulo,3550308,True,,1341,,,-23.533567249999997,-46.66180275,,,,1,2023-06-20T04:27:02+00:00
SAO_875P-10,São Paulo,3550308,True,,1341,,,-23.581776499999997,-46.638586000000004,,,,1,2023-06-20T04:27:33+00:00
SAO_6010-10,São Paulo,3550308,True,,1202,,,-23.6681655,-46.737767,,,,1,2023-06-20T04:27:41+00:00
SAO_6010-10,São Paulo,3550308,True,,1202,,,-23.6938785,-46.7945825,,,,1,2023-06-20T04:27:07+00:00
SAO_6010-10,São Paulo,3550308,False,,1202,,,-23.6938785,-46.7945825,,,,1,2023-06-20T04:24:17+00:00
SAO_6010-10,São Paulo,3550308,True,,1202,,,-23.6632295,-46.762666249999995,,,,1,2023-06-20T04:27:33+00:00
SAO_5011-10,São Paulo,3550308,True,,1115,,,-23.654514,-46.7036375,,,,1,2023-06-20T04:27:26+00:00
SAO_5011-10,São Paulo,3550308,True,,1115,,,-23.6952165,-46.6546855,,,,1,2023-06-20T04:27:42+00:00
SAO_5145-10,São Paulo,3550308,True,,34409,,,-23.613924,-46.5010425,,,,2,2023-06-20T04:27:17+00:00
SAO_5145-10,São Paulo,3550308,True,,34409,,,-23.584126249999997,-46.5344075,,,,2,2023-06-20T04:27:26+00:00
SAO_9047-10,São Paulo,3550308,True,STT,883,https://moovitapp.com/index/pt-br/transporte_p%C3%BAblico-line-883-Sao_Paulo-242-850661-183365-0,5.3,-23.466955,-46.6984815,,,,1,2023-06-20T04:27:39+00:00
SAO_9047-10,São Paulo,3550308,True,STT,883,https://moovitapp.com/index/pt-br/transporte_p%C3%BAblico-line-883-Sao_Paulo-242-850661-183365-0,5.3,-23.498972000000002,-46.696377749999996,,,,1,2023-06-20T04:27:21+00:00
SAO_4032-10,São Paulo,3550308,True,,33870,,,-23.62781275,-46.600421,,,,2,2023-06-20T04:27:03+00:00
SAO_4032-10,São Paulo,3550308,True,,33870,,,-23.62815825,-46.600349,,,,2,2023-06-20T04:27:12+00:00
SAO_4032-10,São Paulo,3550308,True,,33870,,,-23.6268385,-46.605826,,,,2,2023-06-20T04:27:19+00:00
SAO_4032-10,São Paulo,3550308,True,,33870,,,-23.5984755,-46.642054,,,,2,2023-06-20T04:27:39+00:00
SAO_4032-10,São Paulo,3550308,True,,33870,,,-23.6186765,-46.639329000000004,,,,2,2023-06-20T04:26:59+00:00
SAO_271A-10,São Paulo,3550308,True,STT,702,https://moovitapp.com/index/pt-br/transporte_p%C3%BAblico-line-702-Sao_Paulo-242-850661-641780-0,5.3,-23.502589,-46.623686500000005,,,,1,2023-06-20T04:27:00+00:00
SAO_271A-10,São Paulo,3550308,True,STT,702,https://moovitapp.com/index/pt-br/transporte_p%C3%BAblico-line-702-Sao_Paulo-242-850661-641780-0,5.3,-23.518916500000003,-46.546872500000006,,,,1,2023-06-20T04:27:08+00:00
SAO_271A-10,São Paulo,3550308,True,STT,702,https://moovitapp.com/index/pt-br/transporte_p%C3%BAblico-line-702-Sao_Paulo-242-850661-641780-0,5.3,-23.518916500000003,-46.546872500000006,,,,1,2023-06-20T04:27:22+00:00
SAO_271A-10,São Paulo,3550308,True,STT,702,https://moovitapp.com/index/pt-br/transporte_p%C3%BAblico-line-702-Sao_Paulo-242-850661-641780-0,5.3,-23.500747,-46.604538,,,,1,2023-06-20T04:24:51+00:00
SAO_271A-10,São Paulo,3550308,True,STT,702,https://moovitapp.com/index/pt-br/transporte_p%C3%BAblico-line-702-Sao_Paulo-242-850661-641780-0,5.3,-23.523525499999998,-46.5578905,,,,1,2023-06-20T04:27:01+00:00
SAO_6L03-10,São Paulo,3550308,True,,1565,,,-23.827983,-46.727349000000004,,,,1,2023-06-20T04:27:31+00:00
SAO_6L03-10,São Paulo,3550308,True,,1565,,,-23.879709,-46.778187,,,,1,2023-06-20T04:27:38+00:00
SAO_1020-10,São Paulo,3550308,True,,2497,,,-23.451756,-46.7192715,,,,1,2023-06-20T04:27:27+00:00
SAO_1020-10,São Paulo,3550308,True,,2497,,,-23.4873835,-46.714456999999996,,,,1,2023-06-20T04:27:27+00:00
SAO_1020-10,São Paulo,3550308,True,,2497,,,-23.407032,-46.758294,,,,1,2023-06-20T04:27:14+00:00
SAO_1703-10,São Paulo,3550308,True,,33615,,,-23.430699500000003,-46.573944499999996,,,,2,2023-06-20T04:27:22+00:00
SAO_1703-10,São Paulo,3550308,True,,33615,,,-23.4802235,-46.5999865,,,,2,2023-06-20T04:27:40+00:00
SAO_1703-10,São Paulo,3550308,True,,33615,,,-23.430702,-46.574294,,,,2,2023-06-20T04:27:14+00:00
SAO_1703-10,São Paulo,3550308,True,,33615,,,-23.43701,-46.576236,,,,2,2023-06-20T04:27:09+00:00
SAO_8047-10,São Paulo,3550308,True,EMTU,408,https://moovitapp.com/index/pt-br/transporte_p%C3%BAblico-line-408-Sao_Paulo-242-2038937-36419468-0,7.55,-23.52167875,-46.70490775,,,,1,2023-06-20T04:27:33+00:00
SAO_8047-10,São Paulo,3550308,True,EMTU,408,https://moovitapp.com/index/pt-br/transporte_p%C3%BAblico-line-408-Sao_Paulo-242-2038937-36419468-0,7.55,-23.486551,-46.7614455,,,,1,2023-06-20T04:27:11+00:00
SAO_8047-10,São Paulo,3550308,True,EMTU,408,https://moovitapp.com/index/pt-br/transporte_p%C3%BAblico-line-408-Sao_Paulo-242-2038937-36419468-0,7.55,-23.447145750000004,-46.74501175,,,,1,2023-06-20T04:27:06+00:00
SAO_8047-10,São Paulo,3550308,True,EMTU,408,https://moovitapp.com/index/pt-br/transporte_p%C3%BAblico-line-408-Sao_Paulo-242-2038937-36419468-0,7.55,-23.504643,-46.7531675,,,,1,2023-06-20T04:27:39+00:00
SAO_3099-10,São Paulo,3550308,True,,33847,,,-23.614929,-46.4703365,,,,2,2023-06-20T04:26:58+00:00
SAO_3099-10,São Paulo,3550308,True,,33847,,,-23.609778,-46.442130000000006,,,,2,2023-06-20T04:27:21+00:00
SAO_3099-10,São Paulo,3550308,True,,33847,,,-23.618890999999998,-46.4608595,,,,2,2023-06-20T04:27:36+00:00
SAO_1756-10,São Paulo,3550308,True,,547,,,-23.469517,-46.644915,,,,1,2023-06-20T04:27:40+00:00
SAO_1756-10,São Paulo,3550308,True,,547,,,-23.502707,-46.624029,,,,1,2023-06-20T04:27:21+00:00
SAO_7281-10,São Paulo,3550308,True,,34102,,,-23.543312,-46.638448999999994,,,,2,2023-06-20T04:27:31+00:00
SAO_7281-10,São Paulo,3550308,True,,34102,,,-23.5259445,-46.702006999999995,,,,2,2023-06-20T04:27:17+00:00
SAO_2161-10,São Paulo,3550308,True,,694,,,-23.478983,-46.5780245,,,,1,2023-06-20T04:26:09+00:00
SAO_2161-10,São Paulo,3550308,True,,694,,,-23.542074,-46.627536,,,,1,2023-06-20T04:26:57+00:00
SAO_2161-10,São Paulo,3550308,True,,694,,,-23.53440875,-46.60452075,,,,1,2023-06-20T04:26:55+00:00
SAO_6076-10,São Paulo,3550308,True,,33933,,,-23.733597500000002,-46.676829,,,,2,2023-06-20T04:27:33+00:00
SAO_6076-10,São Paulo,3550308,True,,33933,,,-23.729115,-46.688824,,,,2,2023-06-20T04:27:41+00:00
SAO_930P-10,São Paulo,3550308,True,,2115,,,-23.545999875,-46.643137875,,,,1,2023-06-20T04:27:35+00:00
SAO_930P-10,São Paulo,3550308,True,,2115,,,-23.5465655,-46.630341,,,,1,2023-06-20T04:27:23+00:00
SAO_930P-10,São Paulo,3550308,True,,2115,,,-23.5656375,-46.694454,,,,1,2023-06-20T04:27:38+00:00
SAO_4708-10,São Paulo,3550308,True,EMTU,332,https://moovitapp.com/index/pt-br/transporte_p%C3%BAblico-line-332-Sao_Paulo-242-2038937-36419418-0,4.5,-23.589371,-46.634416,,,,1,2023-06-20T04:27:36+00:00
SAO_3721-41,São Paulo,3550308,True,,1693,,,-23.5425225,-46.470603999999994,,,,1,2023-06-20T04:27:21+00:00
SAO_3721-41,São Paulo,3550308,True,,1693,,,-23.557136,-46.491691,,,,1,2023-06-20T04:27:18+00:00
SAO_3721-41,São Paulo,3550308,True,,1693,,,-23.557823,-46.4956125,,,,1,2023-06-20T04:27:09+00:00
SAO_3721-41,São Paulo,3550308,True,,1693,,,-23.543436,-46.4701685,,,,1,2023-06-20T04:27:26+00:00
SAO_3721-41,São Paulo,3550308,True,,1693,,,-23.560432,-46.494412499999996,,,,1,2023-06-20T04:27:05+00:00
SAO_9020-10,São Paulo,3550308,True,,1434,,,-23.469222000000002,-46.7214305,,,,1,2023-06-20T04:27:22+00:00
SAO_9020-10,São Paulo,3550308,True,,1434,,,-23.472631,-46.716117249999996,,,,1,2023-06-20T04:27:10+00:00
SAO_2201-10,São Paulo,3550308,True,,33677,,,-23.542303500000003,-46.41437775,,,,2,2023-06-20T04:27:11+00:00
SAO_5752-10,São Paulo,3550308,True,,34055,,,-23.6908875,-46.650045000000006,,,,2,2023-06-20T04:27:11+00:00
SAO_5752-10,São Paulo,3550308,True,,34055,,,-23.673853,-46.6645685,,,,2,2023-06-20T04:27:36+00:00
SAO_5752-10,São Paulo,3550308,True,,34055,,,-23.663611500000002,-46.665974500000004,,,,2,2023-06-20T04:27:12+00:00
SAO_5752-10,São Paulo,3550308,True,,34055,,,-23.635831,-46.64012,,,,2,2023-06-20T04:27:32+00:00
SAO_5752-10,São Paulo,3550308,True,,34055,,,-23.690883999999997,-46.6502995,,,,2,2023-06-20T04:27:37+00:00
SAO_4706-10,São Paulo,3550308,True,,299,,,-23.589358500000003,-46.6337405,,,,1,2023-06-20T04:27:23+00:00
SAO_4706-10,São Paulo,3550308,True,,299,,,-23.622028,-46.607903,,,,1,2023-06-20T04:27:02+00:00
SAO_513L-10,São Paulo,3550308,True,,34423,,,-23.558822,-46.603695,,,,2,2023-06-20T04:27:17+00:00
SAO_2705-10,São Paulo,3550308,True,,33685,,,-23.531157,-46.438945000000004,,,,2,2023-06-20T04:25:57+00:00
SAO_2705-10,São Paulo,3550308,True,,33685,,,-23.531389249999997,-46.446009125,,,,2,2023-06-20T04:26:59+00:00
SAO_2705-10,São Paulo,3550308,True,,33685,,,-23.54375225,-46.411161500000006,,,,2,2023-06-20T04:27:42+00:00
SAO_2705-10,São Paulo,3550308,True,,33685,,,-23.546270625000002,-46.393018375000004,,,,2,2023-06-20T04:27:38+00:00
SAO_2011-10,São Paulo,3550308,True,,34904,,,-23.4721135,-46.5717885,,,,2,2023-06-20T04:27:05+00:00
SAO_2011-10,São Paulo,3550308,True,,34904,,,-23.487300249999997,-46.62091074999999,,,,2,2023-06-20T04:27:31+00:00
SAO_2011-10,São Paulo,3550308,True,,34904,,,-23.489241999999997,-46.571595,,,,2,2023-06-20T04:27:30+00:00
SAO_2011-10,São Paulo,3550308,True,,34904,,,-23.4900685,-46.5707825,,,,2,2023-06-20T04:26:19+00:00
SAO_1775-10,São Paulo,3550308,True,,638,,,-23.448660500000003,-46.6097745,,,,1,2023-06-20T04:27:31+00:00
SAO_1775-10,São Paulo,3550308,True,,638,,,-23.513510625000002,-46.616156249999996,,,,1,2023-06-20T04:27:18+00:00
SAO_809U-21,São Paulo,3550308,True,,2307,,,-23.5466355,-46.69045,,,,1,2023-06-20T04:27:06+00:00
SAO_809U-21,São Paulo,3550308,True,,2307,,,-23.5468295,-46.6903115,,,,1,2023-06-20T04:27:25+00:00
SAO_809U-21,São Paulo,3550308,True,,2307,,,-23.543579,-46.690321,,,,1,2023-06-20T04:27:41+00:00
SAO_809U-21,São Paulo,3550308,True,,2307,,,-23.525600500000003,-46.6714945,,,,1,2023-06-20T04:27:36+00:00
SAO_809U-21,São Paulo,3550308,True,,2307,,,-23.546944500000002,-46.6902865,,,,1,2023-06-20T04:27:06+00:00
SAO_875C-1,São Paulo,3550308,True,,2510,,,-23.520361,-46.699228,,,,1,2023-06-20T04:27:22+00:00
SAO_875C-1,São Paulo,3550308,True,,2510,,,-23.564545,-46.694648,,,,1,2023-06-20T04:27:28+00:00
SAO_875C-1,São Paulo,3550308,True,,2510,,,-23.53067525,-46.7118555,,,,1,2023-06-20T04:27:28+00:00
SAO_5144-10,São Paulo,3550308,True,,1627,,,-23.533812875000002,-46.614339375,,,,1,2023-06-20T04:27:36+00:00
SAO_5108-10,São Paulo,3550308,True,,34443,,,-23.577605,-46.6112785,,,,2,2023-06-20T04:26:53+00:00
SAO_5108-10,São Paulo,3550308,True,,34443,,,-23.604081,-46.6156,,,,2,2023-06-20T04:27:20+00:00
SAO_5108-10,São Paulo,3550308,True,,34443,,,-23.657949000000002,-46.616215,,,,2,2023-06-20T04:27:08+00:00
SAO_5108-10,São Paulo,3550308,True,,34443,,,-23.66302925,-46.6197265,,,,2,2023-06-20T04:27:35+00:00
SAO_5108-10,São Paulo,3550308,True,,34443,,,-23.650326,-46.614008999999996,,,,2,2023-06-20T04:27:00+00:00
SAO_1156-10,São Paulo,3550308,True,,659,,,-23.51919025,-46.59044775,,,,1,2023-06-20T04:26:28+00:00
SAO_1156-10,São Paulo,3550308,True,,659,,,-23.524142625,-46.628291875,,,,1,2023-06-20T04:26:38+00:00
SAO_6051-31,São Paulo,3550308,True,,1606,,,-23.763256499999997,-46.697663,,,,1,2023-06-20T04:27:31+00:00
SAO_6051-31,São Paulo,3550308,True,,1606,,,-23.7639505,-46.692770499999995,,,,1,2023-06-20T04:27:21+00:00
SAO_1783-10,São Paulo,3550308,True,,33412,,,-23.398296000000002,-46.577902,,,,2,2023-06-20T04:27:28+00:00
SAO_1783-10,São Paulo,3550308,True,,33412,,,-23.419738,-46.587925,,,,2,2023-06-20T04:27:33+00:00
SAO_1783-10,São Paulo,3550308,True,,33412,,,-23.398522,-46.578048,,,,2,2023-06-20T04:26:06+00:00
SAO_1783-10,São Paulo,3550308,True,,33412,,,-23.398657,-46.577617000000004,,,,2,2023-06-20T04:27:21+00:00
SAO_172Y-10,São Paulo,3550308,True,,33630,,,-23.47473425,-46.58000975,,,,2,2023-06-20T04:27:16+00:00
SAO_172Y-10,São Paulo,3550308,True,,33630,,,-23.529298,-46.598245000000006,,,,2,2023-06-20T04:27:06+00:00
SAO_1758-10,São Paulo,3550308,True,EMTU,552,https://moovitapp.com/index/pt-br/transporte_p%C3%BAblico-line-552-Sao_Paulo-242-2038937-36419556-0,6.8,-23.4639035,-46.63703137500001,,,,1,2023-06-20T04:27:40+00:00
SAO_1016-10,São Paulo,3550308,True,EMTU,831,https://moovitapp.com/index/pt-br/transporte_p%C3%BAblico-line-831-Sao_Paulo-242-2038937-36419598-0,5.7,-23.4965265,-46.6121815,,,,1,2023-06-20T04:27:14+00:00
SAO_1016-10,São Paulo,3550308,True,EMTU,831,https://moovitapp.com/index/pt-br/transporte_p%C3%BAblico-line-831-Sao_Paulo-242-2038937-36419598-0,5.7,-23.45368525,-46.607387,,,,1,2023-06-20T04:22:35+00:00
SAO_1016-10,São Paulo,3550308,True,EMTU,831,https://moovitapp.com/index/pt-br/transporte_p%C3%BAblico-line-831-Sao_Paulo-242-2038937-36419598-0,5.7,-23.450429,-46.6078605,,,,1,2023-06-20T04:26:22+00:00
SAO_3025-10,São Paulo,3550308,True,,961,,,-23.5774585,-46.3974935,,,,1,2023-06-20T04:27:36+00:00
SAO_3025-10,São Paulo,3550308,True,,961,,,-23.5682685,-46.4045845,,,,1,2023-06-20T04:27:13+00:00
SAO_3025-10,São Paulo,3550308,True,,961,,,-23.5555955,-46.4122835,,,,1,2023-06-20T04:27:09+00:00
SAO_3025-10,São Paulo,3550308,True,,961,,,-23.542544,-46.4158275,,,,1,2023-06-20T04:27:15+00:00
SAO_3025-10,São Paulo,3550308,True,,961,,,-23.54247075,-46.41617375,,,,1,2023-06-20T04:27:23+00:00
SAO_3053-10,São Paulo,3550308,True,,973,,,-23.589608624999997,-46.49688825,,,,1,2023-06-20T04:27:27+00:00
SAO_3053-10,São Paulo,3550308,True,,973,,,-23.549656,-46.580963,,,,1,2023-06-20T04:27:34+00:00
SAO_3053-10,São Paulo,3550308,True,,973,,,-23.5838235,-46.532953000000006,,,,1,2023-06-20T04:26:56+00:00
SAO_2722-31,São Paulo,3550308,True,,936,,,-23.528614,-46.5162345,,,,1,2023-06-20T04:27:27+00:00
SAO_2722-31,São Paulo,3550308,True,,936,,,-23.508257999999998,-46.493651,,,,1,2023-06-20T04:27:24+00:00
SAO_775V-10,São Paulo,3550308,True,,33243,,,-23.5658345,-46.751884000000004,,,,2,2023-06-20T04:27:25+00:00
SAO_775V-10,São Paulo,3550308,True,,33243,,,-23.5831841875,-46.675964125,,,,2,2023-06-20T04:27:06+00:00
SAO_2767-10,São Paulo,3550308,True,EMTU,241,https://moovitapp.com/index/pt-br/transporte_p%C3%BAblico-line-241-Sao_Paulo-242-2038937-36419354-0,5.15,-23.533744,-46.565806,,,,1,2023-06-20T04:27:29+00:00
SAO_2726-10,São Paulo,3550308,True,,33708,,,-23.5137125,-46.4816285,,,,2,2023-06-20T04:27:37+00:00
SAO_2726-10,São Paulo,3550308,True,,33708,,,-23.508566000000002,-46.4683395,,,,2,2023-06-20T04:27:36+00:00
SAO_2726-10,São Paulo,3550308,True,,33708,,,-23.533234,-46.543972499999995,,,,2,2023-06-20T04:27:08+00:00
SAO_2726-10,São Paulo,3550308,True,,33708,,,-23.508566000000002,-46.4683395,,,,2,2023-06-20T04:26:57+00:00
SAO_2726-10,São Paulo,3550308,True,,33708,,,-23.533234,-46.543972499999995,,,,2,2023-06-20T04:26:52+00:00
SAO_2726-10,São Paulo,3550308,True,,33708,,,-23.5162865,-46.46791,,,,2,2023-06-20T04:27:04+00:00
SAO_2726-10,São Paulo,3550308,True,,33708,,,-23.5162645,-46.520904,,,,2,2023-06-20T04:27:08+00:00
SAO_2726-10,São Paulo,3550308,True,,33708,,,-23.508566000000002,-46.4683395,,,,2,2023-06-20T04:27:25+00:00
SAO_2726-10,São Paulo,3550308,True,,33708,,,-23.514874499999998,-46.4689515,,,,2,2023-06-20T04:27:00+00:00
SAO_2726-10,São Paulo,3550308,True,,33708,,,-23.5298375,-46.551388,,,,2,2023-06-20T04:27:13+00:00
SAO_3729-10,São Paulo,3550308,True,,33794,,,-23.5633245,-46.5526975,,,,2,2023-06-20T04:27:12+00:00
SAO_3729-10,São Paulo,3550308,True,,33794,,,-23.538428500000002,-46.563574,,,,2,2023-06-20T04:27:17+00:00
SAO_3729-10,São Paulo,3550308,True,,33794,,,-23.538428500000002,-46.563574,,,,2,2023-06-20T04:27:32+00:00
SAO_3729-10,São Paulo,3550308,True,,33794,,,-23.57750675,-46.516730249999995,,,,2,2023-06-20T04:27:16+00:00
SAO_3729-10,São Paulo,3550308,True,,33794,,,-23.538428500000002,-46.563574,,,,2,2023-06-20T04:27:35+00:00
SAO_3729-10,São Paulo,3550308,True,,33794,,,-23.564308,-46.5048635,,,,2,2023-06-20T04:26:57+00:00
SAO_3729-10,São Paulo,3550308,True,,33794,,,-23.564026,-46.50344825,,,,2,2023-06-20T04:27:31+00:00
SAO_3729-10,São Paulo,3550308,True,,33794,,,-23.564476499999998,-46.504782500000005,,,,2,2023-06-20T04:27:30+00:00
SAO_8002-10,São Paulo,3550308,True,,34020,,,-23.520109249999997,-46.711597499999996,,,,2,2023-06-20T04:27:20+00:00
SAO_6403-10,São Paulo,3550308,True,,58,,,-23.5806045,-46.6807885,,,,1,2023-06-20T04:27:23+00:00
SAO_6403-10,São Paulo,3550308,True,,58,,,-23.5523935,-46.638093749999996,,,,1,2023-06-20T04:27:08+00:00
SAO_476G-41,São Paulo,3550308,True,,1112,,,-23.6102795,-46.5296235,,,,1,2023-06-20T04:27:32+00:00
SAO_476G-41,São Paulo,3550308,True,,1112,,,-23.610685500000002,-46.529895,,,,1,2023-06-20T04:27:20+00:00
SAO_213E-10,São Paulo,3550308,True,,35266,,,-23.501899,-46.564256,,,,2,2023-06-20T04:25:44+00:00
SAO_6042-21,São Paulo,3550308,True,,34543,,,-23.654173,-46.762701500000006,,,,2,2023-06-20T04:27:04+00:00
SAO_6042-21,São Paulo,3550308,True,,34543,,,-23.6555605,-46.763244,,,,2,2023-06-20T04:27:19+00:00
SAO_9008-10,São Paulo,3550308,True,,875,,,-23.45903275,-46.689771875,,,,1,2023-06-20T04:27:20+00:00
SAO_9008-10,São Paulo,3550308,True,,875,,,-23.427475,-46.7146125,,,,1,2023-06-20T04:27:26+00:00
SAO_9008-10,São Paulo,3550308,True,,875,,,-23.427475,-46.7146125,,,,1,2023-06-20T04:27:18+00:00
SAO_3003-10,São Paulo,3550308,True,,1797,,,-23.4784465,-46.4200495,,,,1,2023-06-20T04:27:04+00:00
SAO_3069-10,São Paulo,3550308,True,,984,,,-23.6123545,-46.476175999999995,,,,1,2023-06-20T04:27:19+00:00
SAO_3069-10,São Paulo,3550308,True,,984,,,-23.6207555,-46.4541495,,,,1,2023-06-20T04:27:30+00:00
SAO_3069-10,São Paulo,3550308,True,,984,,,-23.609757000000002,-46.4162565,,,,1,2023-06-20T04:27:41+00:00
SAO_3069-10,São Paulo,3550308,True,,984,,,-23.6076625,-46.4168145,,,,1,2023-06-20T04:27:16+00:00
SAO_736I-10,São Paulo,3550308,True,,33549,,,-23.6324805,-46.7479005,,,,2,2023-06-20T04:27:32+00:00
SAO_736I-10,São Paulo,3550308,True,,33549,,,-23.640328,-46.74752075,,,,2,2023-06-20T04:27:37+00:00
SAO_4027-41,São Paulo,3550308,True,,2309,,,-23.6346915,-46.4396895,,,,1,2023-06-20T04:27:04+00:00
SAO_4027-41,São Paulo,3550308,True,,2309,,,-23.625749,-46.445825,,,,1,2023-06-20T04:27:02+00:00
SAO_6044-10,São Paulo,3550308,True,,1221,,,-23.652657750000003,-46.70861875,,,,1,2023-06-20T04:27:13+00:00
SAO_6044-10,São Paulo,3550308,True,,1221,,,-23.64464325,-46.727139,,,,1,2023-06-20T04:27:40+00:00
SAO_6044-10,São Paulo,3550308,True,,1221,,,-23.676944,-46.7986715,,,,1,2023-06-20T04:27:38+00:00
SAO_8050-31,São Paulo,3550308,True,EMTU,415,https://moovitapp.com/index/pt-br/transporte_p%C3%BAblico-line-415-Sao_Paulo-242-2038937-36419472-0,5.0,-23.452499250000002,-46.786789750000004,,,,1,2023-06-20T04:27:01+00:00
SAO_8062-10,São Paulo,3550308,True,,33188,,,-23.5086725,-46.7372805,,,,2,2023-06-20T04:26:55+00:00
SAO_5614-10,São Paulo,3550308,True,,1515,,,-23.557504625,-46.63795987499999,,,,1,2023-06-20T04:27:28+00:00
SAO_5614-10,São Paulo,3550308,True,,1515,,,-23.647795000000002,-46.67543625,,,,1,2023-06-20T04:27:13+00:00
SAO_5614-10,São Paulo,3550308,True,,1515,,,-23.6993295,-46.641429,,,,1,2023-06-20T04:27:31+00:00
SAO_5614-10,São Paulo,3550308,True,,1515,,,-23.715806999999998,-46.626348500000006,,,,1,2023-06-20T04:26:09+00:00
SAO_875H-10,São Paulo,3550308,True,,34108,,,-23.55246,-46.67460725,,,,2,2023-06-20T04:27:39+00:00
SAO_875H-10,São Paulo,3550308,True,,34108,,,-23.5379915,-46.6743335,,,,2,2023-06-20T04:27:34+00:00
SAO_875H-10,São Paulo,3550308,True,,34108,,,-23.566184812499998,-46.6506855625,,,,2,2023-06-20T04:27:32+00:00
SAO_875H-10,São Paulo,3550308,True,,34108,,,-23.5205245,-46.7007655,,,,2,2023-06-20T04:27:02+00:00
SAO_2772-10,São Paulo,3550308,True,,398,,,-23.5309105,-46.5348455,,,,1,2023-06-20T04:27:04+00:00
SAO_2772-10,São Paulo,3550308,True,,398,,,-23.523657,-46.4105555,,,,1,2023-06-20T04:26:58+00:00
SAO_1703-10,São Paulo,3550308,True,,847,,,-23.504027999999998,-46.6152115,,,,1,2023-06-20T04:24:48+00:00
SAO_1703-10,São Paulo,3550308,True,,847,,,-23.4569615,-46.5889015,,,,1,2023-06-20T04:27:07+00:00
SAO_3712-10,São Paulo,3550308,True,,33777,,,-23.5516465,-46.440152999999995,,,,2,2023-06-20T04:27:15+00:00
SAO_3301-10,São Paulo,3550308,True,,1618,,,-23.54620025,-46.63007,,,,1,2023-06-20T04:27:25+00:00
SAO_3301-10,São Paulo,3550308,True,,1618,,,-23.5350455,-46.577882,,,,1,2023-06-20T04:27:10+00:00
SAO_3301-10,São Paulo,3550308,True,,1618,,,-23.547011,-46.62953,,,,1,2023-06-20T04:27:40+00:00
SAO_3729-10,São Paulo,3550308,True,,1026,,,-23.5632235,-46.554036249999996,,,,1,2023-06-20T04:27:36+00:00
SAO_3729-10,São Paulo,3550308,True,,1026,,,-23.5395125,-46.56648700000001,,,,1,2023-06-20T04:27:19+00:00
SAO_3729-10,São Paulo,3550308,True,,1026,,,-23.5649415,-46.507068000000004,,,,1,2023-06-20T04:27:18+00:00
SAO_3729-10,São Paulo,3550308,True,,1026,,,-23.5831795,-46.535168999999996,,,,1,2023-06-20T04:27:34+00:00
SAO_3729-10,São Paulo,3550308,True,,1026,,,-23.538457,-46.5637265,,,,1,2023-06-20T04:27:05+00:00
SAO_3729-10,São Paulo,3550308,True,,1026,,,-23.570067499999997,-46.508777375,,,,1,2023-06-20T04:27:42+00:00
SAO_4035-10,São Paulo,3550308,True,,35328,,,-23.558238,-46.399558999999996,,,,2,2023-06-20T04:27:21+00:00
SAO_4035-10,São Paulo,3550308,True,,35328,,,-23.558706,-46.3995355,,,,2,2023-06-20T04:27:15+00:00
SAO_4035-10,São Paulo,3550308,True,,35328,,,-23.5591695,-46.3996545,,,,2,2023-06-20T04:27:31+00:00
SAO_546J-31,São Paulo,3550308,True,,2015,,,-23.6686655,-46.672955,,,,1,2023-06-20T04:25:53+00:00
SAO_546J-31,São Paulo,3550308,True,,2015,,,-23.687824,-46.658593499999995,,,,1,2023-06-20T04:27:00+00:00
SAO_139A-10,São Paulo,3550308,True,,35219,,,-23.4983185,-46.698107,,,,2,2023-06-20T04:27:33+00:00
SAO_3015-10,São Paulo,3550308,True,,35222,,,-23.4789165,-46.384702000000004,,,,2,2023-06-20T04:26:58+00:00
SAO_213E-10,São Paulo,3550308,True,,2498,,,-23.4896625,-46.574554500000005,,,,1,2023-06-20T04:27:20+00:00
SAO_213E-10,São Paulo,3550308,True,,2498,,,-23.540700125,-46.588453875,,,,1,2023-06-20T04:27:19+00:00
SAO_2707-10,São Paulo,3550308,True,,33687,,,-23.538890000000002,-46.4078155,,,,2,2023-06-20T04:27:19+00:00
SAO_2707-10,São Paulo,3550308,True,,33687,,,-23.53324,-46.406017000000006,,,,2,2023-06-20T04:24:37+00:00
SAO_2707-10,São Paulo,3550308,True,,33687,,,-23.541867500000002,-46.47029,,,,2,2023-06-20T04:26:42+00:00
SAO_2756-10,São Paulo,3550308,True,,33006,,,-23.514020000000002,-46.4498705,,,,2,2023-06-20T04:27:25+00:00
SAO_2756-10,São Paulo,3550308,True,,33006,,,-23.5444265,-46.390927,,,,2,2023-06-20T04:27:35+00:00
SAO_2756-10,São Paulo,3550308,True,,33006,,,-23.5444265,-46.390927,,,,2,2023-06-20T04:27:06+00:00
SAO_2756-10,São Paulo,3550308,True,,33006,,,-23.543706,-46.391254,,,,2,2023-06-20T04:27:30+00:00
SAO_2756-10,São Paulo,3550308,True,,33006,,,-23.544105000000002,-46.39120475,,,,2,2023-06-20T04:27:24+00:00
SAO_3768-10,São Paulo,3550308,True,,1056,,,-23.540503,-46.431996,,,,1,2023-06-20T04:27:24+00:00
SAO_8014-10,São Paulo,3550308,True,,801,,,-23.428201,-46.795249999999996,,,,1,2023-06-20T04:27:14+00:00
SAO_8014-10,São Paulo,3550308,True,,801,,,-23.404984,-46.746505,,,,1,2023-06-20T04:27:04+00:00
SAO_5164-21,São Paulo,3550308,True,,1616,,,-23.599644,-46.636675499999996,,,,1,2023-06-20T04:27:27+00:00
SAO_5164-21,São Paulo,3550308,True,,1616,,,-23.642232749999998,-46.655570499999996,,,,1,2023-06-20T04:27:06+00:00
SAO_809R-10,São Paulo,3550308,True,,34835,,,-23.566681000000003,-46.7537455,,,,2,2023-06-20T04:27:20+00:00
SAO_809R-10,São Paulo,3550308,True,,34835,,,-23.581757500000002,-46.7601035,,,,2,2023-06-20T04:27:36+00:00
SAO_967A-10,São Paulo,3550308,True,EMTU,568,https://moovitapp.com/index/pt-br/transporte_p%C3%BAblico-line-568-Sao_Paulo-242-2038937-36419565-0,7.8,-23.510554,-46.659152,,,,1,2023-06-20T04:27:38+00:00
SAO_967A-10,São Paulo,3550308,True,EMTU,568,https://moovitapp.com/index/pt-br/transporte_p%C3%BAblico-line-568-Sao_Paulo-242-2038937-36419565-0,7.8,-23.5655575,-46.6931725,,,,1,2023-06-20T04:27:40+00:00
SAO_967A-10,São Paulo,3550308,True,EMTU,568,https://moovitapp.com/index/pt-br/transporte_p%C3%BAblico-line-568-Sao_Paulo-242-2038937-36419565-0,7.8,-23.565608875,-46.647713249999995,,,,1,2023-06-20T04:27:30+00:00
SAO_1726-10,São Paulo,3550308,True,,34171,,,-23.4579565,-46.602463,,,,2,2023-06-20T04:26:04+00:00
SAO_1726-10,São Paulo,3550308,True,,34171,,,-23.4922745,-46.6243145,,,,2,2023-06-20T04:26:09+00:00
SAO_1726-10,São Paulo,3550308,True,,34171,,,-23.4359105,-46.566243,,,,2,2023-06-20T04:26:57+00:00
SAO_1726-10,São Paulo,3550308,True,,34171,,,-23.435107000000002,-46.566191,,,,2,2023-06-20T04:25:14+00:00
SAO_1726-10,São Paulo,3550308,True,,34171,,,-23.436823500000003,-46.566249,,,,2,2023-06-20T04:27:39+00:00
SAO_1726-10,São Paulo,3550308,True,,34171,,,-23.4359105,-46.566243,,,,2,2023-06-20T04:27:30+00:00
SAO_1726-10,São Paulo,3550308,True,,34171,,,-23.4385065,-46.582041000000004,,,,2,2023-06-20T04:24:58+00:00
SAO_5702-10,São Paulo,3550308,True,,33905,,,-23.696973875,-46.645243375,,,,2,2023-06-20T04:27:24+00:00
SAO_5033-10,São Paulo,3550308,True,,34433,,,-23.603151,-46.6022615,,,,2,2023-06-20T04:27:09+00:00
SAO_3024-10,São Paulo,3550308,True,,33045,,,-23.6092545,-46.5288495,,,,2,2023-06-20T04:27:01+00:00
SAO_3024-10,São Paulo,3550308,True,,33045,,,-23.584137,-46.576339250000004,,,,2,2023-06-20T04:27:34+00:00
SAO_6358-10,São Paulo,3550308,True,,1294,,,-23.6587125,-46.663382999999996,,,,1,2023-06-20T04:27:39+00:00
SAO_6358-10,São Paulo,3550308,True,,1294,,,-23.567838000000002,-46.6596756875,,,,1,2023-06-20T04:27:35+00:00
SAO_6358-10,São Paulo,3550308,True,,1294,,,-23.601445,-46.660093375,,,,1,2023-06-20T04:27:42+00:00
SAO_6358-10,São Paulo,3550308,True,,1294,,,-23.6814415,-46.6377235,,,,1,2023-06-20T04:27:08+00:00
SAO_9051-10,São Paulo,3550308,True,,2089,,,-23.565859,-46.7013775,,,,1,2023-06-20T04:27:33+00:00
SAO_5614-10,São Paulo,3550308,True,,34283,,,-23.58114725,-46.6574995,,,,2,2023-06-20T04:27:19+00:00
SAO_5614-10,São Paulo,3550308,True,,34283,,,-23.6744326875,-46.676046812500005,,,,2,2023-06-20T04:27:42+00:00
SAO_5614-10,São Paulo,3550308,True,,34283,,,-23.71619,-46.62593,,,,2,2023-06-20T04:27:12+00:00
SAO_5614-10,São Paulo,3550308,True,,34283,,,-23.7161835,-46.625792000000004,,,,2,2023-06-20T04:27:01+00:00
SAO_4111-10,São Paulo,3550308,True,Cidade de Caieiras,320,https://moovitapp.com/index/pt-br/transporte_p%C3%BAblico-line-320-Sao_Paulo-242-868761-752903-0,5.0,-23.569798749999997,-46.62218575000001,,,,1,2023-06-20T04:27:21+00:00
SAO_1771-10,São Paulo,3550308,True,,33402,,,-23.451564,-46.588915,,,,2,2023-06-20T04:27:36+00:00
SAO_1771-10,São Paulo,3550308,True,,33402,,,-23.4778575,-46.606089,,,,2,2023-06-20T04:27:37+00:00
SAO_1771-10,São Paulo,3550308,True,,33402,,,-23.4308,-46.5751545,,,,2,2023-06-20T04:27:07+00:00
SAO_1745-10,São Paulo,3550308,True,,33314,,,-23.4966665,-46.636452,,,,2,2023-06-20T04:27:24+00:00
SAO_1745-10,São Paulo,3550308,True,,33314,,,-23.472706000000002,-46.6658635,,,,2,2023-06-20T04:27:29+00:00
SAO_1745-10,São Paulo,3550308,True,,33314,,,-23.4730775,-46.6656575,,,,2,2023-06-20T04:27:03+00:00
SAO_546J-41,São Paulo,3550308,True,,1134,,,-23.6872325,-46.658327,,,,1,2023-06-20T04:27:27+00:00
SAO_373L-10,São Paulo,3550308,True,,1027,,,-23.615178999999998,-46.423012,,,,1,2023-06-20T04:27:24+00:00
SAO_373L-10,São Paulo,3550308,True,,1027,,,-23.5900395,-46.44289,,,,1,2023-06-20T04:27:11+00:00
SAO_4729-10,São Paulo,3550308,True,,33876,,,-23.5425185,-46.590292500000004,,,,2,2023-06-20T04:27:23+00:00
SAO_4729-10,São Paulo,3550308,True,,33876,,,-23.5458365,-46.5922885,,,,2,2023-06-20T04:27:05+00:00
SAO_4729-10,São Paulo,3550308,True,,33876,,,-23.59238,-46.508388,,,,2,2023-06-20T04:27:17+00:00
SAO_4729-10,São Paulo,3550308,True,,33876,,,-23.5733885,-46.563551000000004,,,,2,2023-06-20T04:27:03+00:00
SAO_4729-10,São Paulo,3550308,True,,33876,,,-23.5963095,-46.515056,,,,2,2023-06-20T04:27:39+00:00
SAO_3745-10,São Paulo,3550308,True,,1044,,,-23.584771,-46.5222175,,,,1,2023-06-20T04:27:11+00:00
SAO_3745-10,São Paulo,3550308,True,,1044,,,-23.557766,-46.534366750000004,,,,1,2023-06-20T04:27:27+00:00
SAO_3745-10,São Paulo,3550308,True,,1044,,,-23.54247125,-46.56114925,,,,1,2023-06-20T04:27:11+00:00
SAO_8009-10,São Paulo,3550308,True,,1259,,,-23.4854235,-46.725742,,,,1,2023-06-20T04:27:28+00:00
SAO_6820-31,São Paulo,3550308,True,,34174,,,-23.659925625,-46.773087000000004,,,,2,2023-06-20T04:27:29+00:00
SAO_6820-31,São Paulo,3550308,True,,34174,,,-23.653994500000003,-46.762168,,,,2,2023-06-20T04:27:22+00:00
SAO_6820-31,São Paulo,3550308,True,,34174,,,-23.6588745,-46.7891,,,,2,2023-06-20T04:27:11+00:00
SAO_3539-10,São Paulo,3550308,True,,33516,,,-23.527787500000002,-46.5099085,,,,2,2023-06-20T04:26:56+00:00
SAO_3539-10,São Paulo,3550308,True,,33516,,,-23.60109525,-46.39926,,,,2,2023-06-20T04:27:03+00:00
SAO_3539-10,São Paulo,3550308,True,,33516,,,-23.6006425,-46.3996595,,,,2,2023-06-20T04:27:11+00:00
SAO_3539-10,São Paulo,3550308,True,,33516,,,-23.600949999999997,-46.399390499999996,,,,2,2023-06-20T04:27:15+00:00
SAO_3539-10,São Paulo,3550308,True,,33516,,,-23.6006425,-46.3996595,,,,2,2023-06-20T04:27:15+00:00
SAO_3539-10,São Paulo,3550308,True,,33516,,,-23.574691,-46.445251,,,,2,2023-06-20T04:27:01+00:00
SAO_7005-51,São Paulo,3550308,True,,1999,,,-23.69138175,-46.77535775,,,,1,2023-06-20T04:27:13+00:00
SAO_7005-51,São Paulo,3550308,True,,1999,,,-23.732449250000002,-46.7846505,,,,1,2023-06-20T04:27:19+00:00
SAO_938P-10,São Paulo,3550308,True,,888,,,-23.5268315,-46.6724815,,,,1,2023-06-20T04:27:15+00:00
SAO_938P-10,São Paulo,3550308,True,,888,,,-23.52392175,-46.692774,,,,1,2023-06-20T04:27:18+00:00
SAO_938P-10,São Paulo,3550308,True,,888,,,-23.466745500000002,-46.6814045,,,,1,2023-06-20T04:27:07+00:00
SAO_5701-10,São Paulo,3550308,True,,1136,,,-23.621068,-46.6904135,,,,1,2023-06-20T04:26:58+00:00
SAO_5701-10,São Paulo,3550308,True,,1136,,,-23.642994,-46.644639,,,,1,2023-06-20T04:27:28+00:00
SAO_5701-10,São Paulo,3550308,True,,1136,,,-23.64346025,-46.665442,,,,1,2023-06-20T04:27:37+00:00
SAO_5106-31,São Paulo,3550308,True,,34073,,,-23.632251500000002,-46.6460515,,,,2,2023-06-20T04:27:15+00:00
SAO_5106-31,São Paulo,3550308,True,,34073,,,-23.695246,-46.6528965,,,,2,2023-06-20T04:27:40+00:00
SAO_5106-31,São Paulo,3550308,True,,34073,,,-23.6875885,-46.654850499999995,,,,2,2023-06-20T04:27:15+00:00
SAO_5106-31,São Paulo,3550308,True,,34073,,,-23.6952165,-46.6546855,,,,2,2023-06-20T04:26:42+00:00
SAO_6823-10,São Paulo,3550308,True,,32802,,,-23.692131,-46.78990950000001,,,,2,2023-06-20T04:27:12+00:00
SAO_6812-10,São Paulo,3550308,True,,1242,,,-23.683546999999997,-46.7694185,,,,1,2023-06-20T04:27:43+00:00
SAO_6812-10,São Paulo,3550308,True,,1242,,,-23.65192725,-46.702461,,,,1,2023-06-20T04:27:21+00:00
SAO_5759-10,São Paulo,3550308,True,,33906,,,-23.6736905,-46.663351250000005,,,,2,2023-06-20T04:27:02+00:00
SAO_5759-10,São Paulo,3550308,True,,33906,,,-23.634628499999998,-46.641063,,,,2,2023-06-20T04:27:36+00:00
SAO_5759-10,São Paulo,3550308,True,,33906,,,-23.6948495,-46.64830975,,,,2,2023-06-20T04:27:12+00:00
SAO_909T-10,São Paulo,3550308,True,,2256,,,-23.566103499999997,-46.7018865,,,,1,2023-06-20T04:27:11+00:00
SAO_1730-10,São Paulo,3550308,True,,865,,,-23.515809499999996,-46.6162245,,,,1,2023-06-20T04:27:10+00:00
SAO_1730-10,São Paulo,3550308,True,,865,,,-23.517166250000002,-46.62466225,,,,1,2023-06-20T04:27:24+00:00
SAO_1730-10,São Paulo,3550308,True,,865,,,-23.50162425,-46.62357300000001,,,,1,2023-06-20T04:27:18+00:00
SAO_647A-10,São Paulo,3550308,True,,34083,,,-23.694454,-46.794375,,,,2,2023-06-20T04:27:06+00:00
SAO_647A-10,São Paulo,3550308,True,,34083,,,-23.601338124999998,-46.72389575,,,,2,2023-06-20T04:27:08+00:00
SAO_647A-10,São Paulo,3550308,True,,34083,,,-23.639171500000003,-46.743522,,,,2,2023-06-20T04:27:32+00:00
SAO_2002-10,São Paulo,3550308,True,,33479,,,-23.546762,-46.629915499999996,,,,2,2023-06-20T04:27:15+00:00
SAO_2002-10,São Paulo,3550308,True,,33479,,,-23.551361749999998,-46.640548499999994,,,,2,2023-06-20T04:27:28+00:00
SAO_1785-10,São Paulo,3550308,True,,34584,,,-23.478056000000002,-46.6228885,,,,2,2023-06-20T04:27:38+00:00
SAO_1785-10,São Paulo,3550308,True,,34584,,,-23.476772500000003,-46.622534,,,,2,2023-06-20T04:27:29+00:00
SAO_1785-10,São Paulo,3550308,True,,34584,,,-23.478056000000002,-46.6228885,,,,2,2023-06-20T04:27:09+00:00
SAO_4012-10,São Paulo,3550308,True,,2185,,,-23.606361874999997,-46.443740500000004,,,,1,2023-06-20T04:26:59+00:00
SAO_4012-10,São Paulo,3550308,True,,2185,,,-23.612609,-46.476212000000004,,,,1,2023-06-20T04:27:23+00:00
SAO_4012-10,São Paulo,3550308,True,,2185,,,-23.612884,-46.4762945,,,,1,2023-06-20T04:26:56+00:00
SAO_4491-10,São Paulo,3550308,True,EMTU,327,https://moovitapp.com/index/pt-br/transporte_p%C3%BAblico-line-327-Sao_Paulo-242-2038937-36419415-0,5.35,-23.6540695,-46.6020625,,,,1,2023-06-20T04:27:15+00:00
SAO_6007-10,São Paulo,3550308,True,,176,,,-23.672266999999998,-46.7495775,,,,1,2023-06-20T04:27:13+00:00
SAO_6007-10,São Paulo,3550308,True,,176,,,-23.6610995,-46.73469275,,,,1,2023-06-20T04:27:08+00:00
SAO_6007-10,São Paulo,3550308,True,,176,,,-23.6540465,-46.7115875,,,,1,2023-06-20T04:27:22+00:00
SAO_7059-10,São Paulo,3550308,True,,1924,,,-23.6313825,-46.77286,,,,1,2023-06-20T04:27:25+00:00
SAO_7059-10,São Paulo,3550308,True,,1924,,,-23.667013,-46.783842,,,,1,2023-06-20T04:26:49+00:00
SAO_233C-10,São Paulo,3550308,True,,32923,,,-23.519024125,-46.475913874999996,,,,2,2023-06-20T04:27:29+00:00
SAO_233C-10,São Paulo,3550308,True,,32923,,,-23.519428875000003,-46.475841124999995,,,,2,2023-06-20T04:27:26+00:00
SAO_211V-10,São Paulo,3550308,True,EMTU,154,https://moovitapp.com/index/pt-br/transporte_p%C3%BAblico-line-154-Sao_Paulo-242-2038937-36419300-0,6.8,-23.5184955,-46.546330999999995,,,,1,2023-06-20T04:27:29+00:00
SAO_8009-31,São Paulo,3550308,True,,1260,,,-23.457569499999998,-46.7192765,,,,1,2023-06-20T04:26:12+00:00
SAO_8009-31,São Paulo,3550308,True,,1260,,,-23.442826500000002,-46.749123499999996,,,,1,2023-06-20T04:27:09+00:00
SAO_253F-10,São Paulo,3550308,True,,32926,,,-23.5809565,-46.453523000000004,,,,2,2023-06-20T04:24:12+00:00
SAO_253F-10,São Paulo,3550308,True,,32926,,,-23.613302,-46.4764105,,,,2,2023-06-20T04:27:05+00:00
SAO_253F-10,São Paulo,3550308,True,,32926,,,-23.5178825,-46.475722000000005,,,,2,2023-06-20T04:27:38+00:00
SAO_253F-10,São Paulo,3550308,True,,32926,,,-23.5178825,-46.475722000000005,,,,2,2023-06-20T04:27:07+00:00
SAO_253F-10,São Paulo,3550308,True,,32926,,,-23.517459000000002,-46.475209500000005,,,,2,2023-06-20T04:27:10+00:00
SAO_2009-10,São Paulo,3550308,True,,898,,,-23.5099475,-46.413949,,,,1,2023-06-20T04:27:14+00:00
SAO_2009-10,São Paulo,3550308,True,,898,,,-23.53779,-46.4150605,,,,1,2023-06-20T04:27:32+00:00
SAO_312N-10,São Paulo,3550308,True,,33758,,,-23.569371000000004,-46.40041375,,,,2,2023-06-20T04:27:22+00:00
SAO_312N-10,São Paulo,3550308,True,,33758,,,-23.52032175,-46.4110015,,,,2,2023-06-20T04:27:01+00:00
SAO_312N-10,São Paulo,3550308,True,,33758,,,-23.491016,-46.441969,,,,2,2023-06-20T04:27:40+00:00
SAO_312N-10,São Paulo,3550308,True,,33758,,,-23.491016,-46.441969,,,,2,2023-06-20T04:27:26+00:00
SAO_312N-10,São Paulo,3550308,True,,33758,,,-23.552346,-46.406394,,,,2,2023-06-20T04:27:09+00:00
SAO_312N-10,São Paulo,3550308,True,,33758,,,-23.4952095,-46.433435,,,,2,2023-06-20T04:27:38+00:00
SAO_2023-10,São Paulo,3550308,True,,2260,,,-23.457352999999998,-46.602538499999994,,,,1,2023-06-20T04:27:38+00:00
SAO_2023-10,São Paulo,3550308,True,,2260,,,-23.446404,-46.597976,,,,1,2023-06-20T04:24:06+00:00
SAO_938P-10,São Paulo,3550308,True,,33656,,,-23.4986795,-46.692690999999996,,,,2,2023-06-20T04:27:07+00:00
SAO_938P-10,São Paulo,3550308,True,,33656,,,-23.48442,-46.687509,,,,2,2023-06-20T04:27:39+00:00
SAO_5024-31,São Paulo,3550308,True,,1123,,,-23.653818,-46.704584,,,,1,2023-06-20T04:27:40+00:00
SAO_5024-31,São Paulo,3550308,True,,1123,,,-23.679184749999997,-46.68463475,,,,1,2023-06-20T04:27:14+00:00
SAO_5759-10,São Paulo,3550308,True,,1138,,,-23.6611445,-46.662409249999996,,,,1,2023-06-20T04:27:12+00:00
SAO_478P-10,São Paulo,3550308,True,EMTU,349,https://moovitapp.com/index/pt-br/transporte_p%C3%BAblico-line-349-Sao_Paulo-242-2038937-36419432-0,5.1,-23.5465855,-46.681375,,,,1,2023-06-20T04:27:03+00:00
SAO_478P-10,São Paulo,3550308,True,EMTU,349,https://moovitapp.com/index/pt-br/transporte_p%C3%BAblico-line-349-Sao_Paulo-242-2038937-36419432-0,5.1,-23.5682495,-46.6113125,,,,1,2023-06-20T04:27:31+00:00
SAO_809L-10,São Paulo,3550308,True,,1949,,,-23.6315005,-46.773324,,,,1,2023-06-20T04:27:15+00:00
SAO_809L-10,São Paulo,3550308,True,,1949,,,-23.5805475,-46.72141475,,,,1,2023-06-20T04:27:06+00:00
SAO_809L-10,São Paulo,3550308,True,,1949,,,-23.6315005,-46.773324,,,,1,2023-06-20T04:27:22+00:00
SAO_809L-10,São Paulo,3550308,True,,1949,,,-23.524549625000002,-46.699218625,,,,1,2023-06-20T04:27:24+00:00
SAO_6120-10,São Paulo,3550308,True,,1189,,,-23.751331,-46.688252,,,,1,2023-06-20T04:27:30+00:00
SAO_6120-10,São Paulo,3550308,True,,1189,,,-23.7604385,-46.677518000000006,,,,1,2023-06-20T04:27:06+00:00
SAO_4092-10,São Paulo,3550308,True,,1876,,,-23.578640999999998,-46.4181445,,,,1,2023-06-20T04:27:11+00:00
SAO_1720-10,São Paulo,3550308,True,,863,,,-23.450523999999998,-46.61116475,,,,1,2023-06-20T04:27:09+00:00
SAO_1720-10,São Paulo,3550308,True,,863,,,-23.441294499999998,-46.6162565,,,,1,2023-06-20T04:25:25+00:00
SAO_1720-10,São Paulo,3550308,True,,863,,,-23.4808475,-46.60323175,,,,1,2023-06-20T04:27:29+00:00
SAO_1720-10,São Paulo,3550308,True,,863,,,-23.489447,-46.572618,,,,1,2023-06-20T04:26:18+00:00
SAO_1720-10,São Paulo,3550308,True,,863,,,-23.4461855,-46.613498500000006,,,,1,2023-06-20T04:22:44+00:00
SAO_1720-10,São Paulo,3550308,True,,863,,,-23.494577,-46.568966,,,,1,2023-06-20T04:27:14+00:00
SAO_7545-10,São Paulo,3550308,True,,504,,,-23.6013195,-46.792058499999996,,,,1,2023-06-20T04:27:11+00:00
SAO_7545-10,São Paulo,3550308,True,,504,,,-23.57231325,-46.701117499999995,,,,1,2023-06-20T04:27:16+00:00
SAO_7545-10,São Paulo,3550308,True,,504,,,-23.547793,-46.641709500000005,,,,1,2023-06-20T04:27:25+00:00
SAO_7545-10,São Paulo,3550308,True,,504,,,-23.5914365,-46.774194,,,,1,2023-06-20T04:27:21+00:00
SAO_8010-10,São Paulo,3550308,True,,33566,,,-23.409574499999998,-46.7579545,,,,2,2023-06-20T04:27:26+00:00
SAO_8010-10,São Paulo,3550308,True,,33566,,,-23.419446,-46.7493745,,,,2,2023-06-20T04:27:04+00:00
SAO_8010-10,São Paulo,3550308,True,,33566,,,-23.449132,-46.72155025000001,,,,2,2023-06-20T04:27:01+00:00
SAO_8010-10,São Paulo,3550308,True,,33566,,,-23.508512000000003,-46.70565825,,,,2,2023-06-20T04:26:57+00:00
SAO_2756-10,São Paulo,3550308,True,EMTU,238,https://moovitapp.com/index/pt-br/transporte_p%C3%BAblico-line-238-Sao_Paulo-242-2038937-36419351-0,4.85,-23.529382,-46.50029325,,,,1,2023-06-20T04:27:07+00:00
SAO_2756-10,São Paulo,3550308,True,EMTU,238,https://moovitapp.com/index/pt-br/transporte_p%C3%BAblico-line-238-Sao_Paulo-242-2038937-36419351-0,4.85,-23.544459500000002,-46.390429999999995,,,,1,2023-06-20T04:23:54+00:00
SAO_2732-10,São Paulo,3550308,True,,947,,,-23.5402155,-46.483134,,,,1,2023-06-20T04:27:06+00:00
SAO_2732-10,São Paulo,3550308,True,,947,,,-23.53687,-46.4709645,,,,1,2023-06-20T04:27:16+00:00
SAO_5106-10,São Paulo,3550308,True,,1280,,,-23.554430500000002,-46.638824125,,,,1,2023-06-20T04:27:38+00:00
SAO_5106-10,São Paulo,3550308,True,,1280,,,-23.589805,-46.6468755,,,,1,2023-06-20T04:27:07+00:00
SAO_5106-10,São Paulo,3550308,True,,1280,,,-23.680742000000002,-46.632129,,,,1,2023-06-20T04:25:24+00:00
SAO_748A-41,São Paulo,3550308,True,EMTU,499,https://moovitapp.com/index/pt-br/transporte_p%C3%BAblico-line-499-Sao_Paulo-242-2038937-36419524-0,5.4,-23.529085000000002,-46.720076500000005,,,,1,2023-06-20T04:27:39+00:00
SAO_702U-10,São Paulo,3550308,True,,1330,,,-23.5633635,-46.741620999999995,,,,1,2023-06-20T04:27:40+00:00
SAO_702U-10,São Paulo,3550308,True,,1330,,,-23.5464,-46.630947500000005,,,,1,2023-06-20T04:27:21+00:00
SAO_6250-10,São Paulo,3550308,True,,33236,,,-23.597096,-46.7681435,,,,2,2023-06-20T04:27:05+00:00
SAO_6250-10,São Paulo,3550308,True,,33236,,,-23.579169,-46.71026499999999,,,,2,2023-06-20T04:27:39+00:00
SAO_6250-10,São Paulo,3550308,True,,33236,,,-23.549066000000003,-46.6409855,,,,2,2023-06-20T04:27:34+00:00
SAO_3051-10,São Paulo,3550308,True,,2446,,,-23.502585,-46.472806000000006,,,,1,2023-06-20T04:27:14+00:00
SAO_3051-10,São Paulo,3550308,True,,2446,,,-23.486919999999998,-46.482906,,,,1,2023-06-20T04:22:17+00:00
SAO_6078-10,São Paulo,3550308,True,,1166,,,-23.682012999999998,-46.689412,,,,1,2023-06-20T04:27:19+00:00
SAO_6078-10,São Paulo,3550308,True,,1166,,,-23.716451499999998,-46.699146999999996,,,,1,2023-06-20T04:27:22+00:00
SAO_8019-31,São Paulo,3550308,True,,35342,,,-23.544992,-46.7471585,,,,2,2023-06-20T04:27:34+00:00
SAO_8019-31,São Paulo,3550308,True,,35342,,,-23.548056000000003,-46.751441,,,,2,2023-06-20T04:27:10+00:00
SAO_809R-10,São Paulo,3550308,True,,2067,,,-23.565747,-46.696505,,,,1,2023-06-20T04:27:43+00:00
SAO_2005-10,São Paulo,3550308,True,,33661,,,-23.493473,-46.39958581249999,,,,2,2023-06-20T04:27:15+00:00
SAO_6801-51,São Paulo,3550308,True,,34542,,,-23.656381125,-46.731497250000004,,,,2,2023-06-20T04:27:29+00:00
SAO_477U-10,São Paulo,3550308,True,,306,,,-23.586485125000003,-46.616701875000004,,,,1,2023-06-20T04:27:35+00:00
SAO_106A-10,São Paulo,3550308,True,,33284,,,-23.5840365,-46.67912,,,,2,2023-06-20T04:27:13+00:00
SAO_106A-10,São Paulo,3550308,True,,33284,,,-23.504054125000003,-46.624669499999996,,,,2,2023-06-20T04:27:05+00:00
SAO_106A-10,São Paulo,3550308,True,,33284,,,-23.513420500000002,-46.627432999999996,,,,2,2023-06-20T04:27:10+00:00
SAO_106A-10,São Paulo,3550308,True,,33284,,,-23.573410250000002,-46.6661795,,,,2,2023-06-20T04:27:04+00:00
SAO_106A-10,São Paulo,3550308,True,,33284,,,-23.56666,-46.658542749999995,,,,2,2023-06-20T04:26:47+00:00
SAO_2435-10,São Paulo,3550308,True,Cidade de Caieiras,210,https://moovitapp.com/index/pt-br/transporte_p%C3%BAblico-line-210-Sao_Paulo-242-868761-496408-0,5.0,-23.5296485,-46.497018999999995,,,,1,2023-06-20T04:24:30+00:00
SAO_3027-10,São Paulo,3550308,True,,963,,,-23.563701000000002,-46.505339,,,,1,2023-06-20T04:27:18+00:00
SAO_3027-10,São Paulo,3550308,True,,963,,,-23.579298,-46.4933505,,,,1,2023-06-20T04:27:26+00:00
SAO_3027-10,São Paulo,3550308,True,,963,,,-23.5431935,-46.4152505,,,,1,2023-06-20T04:27:13+00:00
SAO_3027-10,São Paulo,3550308,True,,963,,,-23.5431935,-46.4152505,,,,1,2023-06-20T04:27:35+00:00
SAO_4008-21,São Paulo,3550308,True,,2527,,,-23.579354000000002,-46.4323725,,,,1,2023-06-20T04:25:23+00:00
SAO_509J-10,São Paulo,3550308,True,EMTU,264,https://moovitapp.com/index/pt-br/transporte_p%C3%BAblico-line-264-Sao_Paulo-242-2038937-36419374-0,6.2,-23.618737,-46.661801,,,,1,2023-06-20T04:27:05+00:00
SAO_509J-10,São Paulo,3550308,True,EMTU,264,https://moovitapp.com/index/pt-br/transporte_p%C3%BAblico-line-264-Sao_Paulo-242-2038937-36419374-0,6.2,-23.599085000000002,-46.6616465,,,,1,2023-06-20T04:27:14+00:00
SAO_509J-10,São Paulo,3550308,True,EMTU,264,https://moovitapp.com/index/pt-br/transporte_p%C3%BAblico-line-264-Sao_Paulo-242-2038937-36419374-0,6.2,-23.6836745,-46.663804,,,,1,2023-06-20T04:26:58+00:00
SAO_407Y-10,São Paulo,3550308,True,,2206,,,-23.576738,-46.526531500000004,,,,1,2023-06-20T04:27:10+00:00
SAO_407Y-10,São Paulo,3550308,True,,2206,,,-23.5763425,-46.573029000000005,,,,1,2023-06-20T04:27:15+00:00
SAO_407Y-10,São Paulo,3550308,True,,2206,,,-23.576435,-46.527277999999995,,,,1,2023-06-20T04:27:18+00:00
SAO_609J-10,São Paulo,3550308,True,,35010,,,-23.619338374999998,-46.655741500000005,,,,2,2023-06-20T04:27:35+00:00
SAO_4019-10,São Paulo,3550308,True,,2524,,,-23.54451425,-46.469155,,,,1,2023-06-20T04:27:17+00:00
SAO_6500-10,São Paulo,3550308,True,,46,,,-23.654395,-46.7121185,,,,1,2023-06-20T04:27:42+00:00
SAO_6500-10,São Paulo,3550308,True,,46,,,-23.573410250000002,-46.6661795,,,,1,2023-06-20T04:27:15+00:00
SAO_6500-10,São Paulo,3550308,True,,46,,,-23.603747750000004,-46.674754875,,,,1,2023-06-20T04:27:42+00:00
SAO_6L11-10,São Paulo,3550308,True,,1167,,,-23.73643225,-46.69632274999999,,,,1,2023-06-20T04:27:16+00:00
SAO_6L11-10,São Paulo,3550308,True,,1167,,,-23.75955125,-46.658529,,,,1,2023-06-20T04:27:15+00:00
SAO_3134-10,São Paulo,3550308,True,,993,,,-23.577776,-46.576974250000006,,,,1,2023-06-20T04:27:28+00:00
SAO_3134-10,São Paulo,3550308,True,,993,,,-23.5887125,-46.58411649999999,,,,1,2023-06-20T04:27:10+00:00
SAO_3134-10,São Paulo,3550308,True,,993,,,-23.582701,-46.518981249999996,,,,1,2023-06-20T04:27:22+00:00
SAO_3009-10,São Paulo,3550308,True,,35294,,,-23.517508499999998,-46.399226,,,,2,2023-06-20T04:27:10+00:00
SAO_3009-10,São Paulo,3550308,True,,35294,,,-23.497882500000003,-46.401284000000004,,,,2,2023-06-20T04:26:56+00:00
SAO_2710-31,São Paulo,3550308,True,,1654,,,-23.51662425,-46.48967475,,,,1,2023-06-20T04:27:36+00:00
SAO_5632-10,São Paulo,3550308,True,,81,,,-23.68818325,-46.7145335,,,,1,2023-06-20T04:26:59+00:00
SAO_5632-10,São Paulo,3550308,True,,81,,,-23.576483500000002,-46.643089,,,,1,2023-06-20T04:27:32+00:00
SAO_8622-10,São Paulo,3550308,True,EMTU,438,https://moovitapp.com/index/pt-br/transporte_p%C3%BAblico-line-438-Sao_Paulo-242-2038937-36419488-0,7.65,-23.525544500000002,-46.712109500000004,,,,1,2023-06-20T04:27:40+00:00
SAO_8622-10,São Paulo,3550308,True,EMTU,438,https://moovitapp.com/index/pt-br/transporte_p%C3%BAblico-line-438-Sao_Paulo-242-2038937-36419488-0,7.65,-23.446649,-46.7985095,,,,1,2023-06-20T04:27:07+00:00
SAO_8622-10,São Paulo,3550308,True,EMTU,438,https://moovitapp.com/index/pt-br/transporte_p%C3%BAblico-line-438-Sao_Paulo-242-2038937-36419488-0,7.65,-23.44048275,-46.78631275,,,,1,2023-06-20T04:27:08+00:00
SAO_8622-10,São Paulo,3550308,True,EMTU,438,https://moovitapp.com/index/pt-br/transporte_p%C3%BAblico-line-438-Sao_Paulo-242-2038937-36419488-0,7.65,-23.53208,-46.661072000000004,,,,1,2023-06-20T04:27:10+00:00
SAO_6L11-10,São Paulo,3550308,True,,33935,,,-23.8015465,-46.6276715,,,,2,2023-06-20T04:27:21+00:00
SAO_6L11-10,São Paulo,3550308,True,,33935,,,-23.794002499999998,-46.639225499999995,,,,2,2023-06-20T04:27:19+00:00
SAO_6L11-10,São Paulo,3550308,True,,33935,,,-23.754685625,-46.674394125,,,,2,2023-06-20T04:27:31+00:00
SAO_8007-10,São Paulo,3550308,True,,1257,,,-23.4739445,-46.756633,,,,1,2023-06-20T04:26:59+00:00
SAO_5025-10,São Paulo,3550308,True,,1564,,,-23.599894499999998,-46.5515075,,,,1,2023-06-20T04:27:23+00:00
SAO_5025-10,São Paulo,3550308,True,,1564,,,-23.596145,-46.569465,,,,1,2023-06-20T04:26:58+00:00
SAO_8020-10,São Paulo,3550308,True,,1726,,,-23.585276,-46.728823,,,,1,2023-06-20T04:27:42+00:00
SAO_3743-10,São Paulo,3550308,True,,33811,,,-23.609576250000003,-46.4755425,,,,2,2023-06-20T04:27:31+00:00
SAO_3743-10,São Paulo,3550308,True,,33811,,,-23.5453475,-46.469015,,,,2,2023-06-20T04:27:30+00:00
SAO_3743-10,São Paulo,3550308,True,,33811,,,-23.5929201875,-46.488674562499995,,,,2,2023-06-20T04:27:19+00:00
SAO_6821-10,São Paulo,3550308,True,,32789,,,-23.6550385,-46.761806,,,,2,2023-06-20T04:27:33+00:00
SAO_6821-10,São Paulo,3550308,True,,32789,,,-23.686324,-46.7810235,,,,2,2023-06-20T04:27:02+00:00
SAO_8055-51,São Paulo,3550308,True,,33185,,,-23.412616749999998,-46.739459749999995,,,,2,2023-06-20T04:24:21+00:00
SAO_8055-51,São Paulo,3550308,True,,33185,,,-23.4224755,-46.788259499999995,,,,2,2023-06-20T04:27:04+00:00
SAO_8055-51,São Paulo,3550308,True,,33185,,,-23.4880725,-46.767233000000004,,,,2,2023-06-20T04:27:12+00:00
SAO_8055-51,São Paulo,3550308,True,,33185,,,-23.52122225,-46.719489624999994,,,,2,2023-06-20T04:27:17+00:00
SAO_4112-10,São Paulo,3550308,True,,767,,,-23.56669675,-46.630233,,,,1,2023-06-20T04:27:31+00:00
SAO_4112-10,São Paulo,3550308,True,,767,,,-23.55488975,-46.63313975,,,,1,2023-06-20T04:26:59+00:00
SAO_2722-10,São Paulo,3550308,True,Urubupungá,935,https://moovitapp.com/index/pt-br/transporte_p%C3%BAblico-line-935-Sao_Paulo-242-873835-76437456-0,4.6,-23.490014000000002,-46.490151,,,,1,2023-06-20T04:27:07+00:00
SAO_2722-10,São Paulo,3550308,True,Urubupungá,935,https://moovitapp.com/index/pt-br/transporte_p%C3%BAblico-line-935-Sao_Paulo-242-873835-76437456-0,4.6,-23.529042,-46.5171655,,,,1,2023-06-20T04:27:17+00:00
SAO_2722-10,São Paulo,3550308,True,Urubupungá,935,https://moovitapp.com/index/pt-br/transporte_p%C3%BAblico-line-935-Sao_Paulo-242-873835-76437456-0,4.6,-23.489927,-46.505078999999995,,,,1,2023-06-20T04:27:33+00:00
SAO_2722-10,São Paulo,3550308,True,Urubupungá,935,https://moovitapp.com/index/pt-br/transporte_p%C3%BAblico-line-935-Sao_Paulo-242-873835-76437456-0,4.6,-23.506377,-46.494522,,,,1,2023-06-20T04:27:33+00:00
SAO_8001-10,São Paulo,3550308,True,,34019,,,-23.503619625,-46.759186875,,,,2,2023-06-20T04:27:35+00:00
SAO_2012-10,São Paulo,3550308,True,,35049,,,-23.4884535,-46.582411,,,,2,2023-06-20T04:27:01+00:00
SAO_5015-10,São Paulo,3550308,True,,1119,,,-23.669516,-46.636447000000004,,,,1,2023-06-20T04:27:07+00:00
SAO_5015-10,São Paulo,3550308,True,,1119,,,-23.6924525,-46.659774999999996,,,,1,2023-06-20T04:27:12+00:00
SAO_5034-10,São Paulo,3550308,True,,1663,,,-23.61374725,-46.600804749999995,,,,1,2023-06-20T04:26:59+00:00
SAO_5034-10,São Paulo,3550308,True,,1663,,,-23.65061225,-46.595947,,,,1,2023-06-20T04:27:03+00:00
SAO_5290-10,São Paulo,3550308,True,,597,,,-23.546433999999998,-46.630430000000004,,,,1,2023-06-20T04:27:13+00:00
SAO_5290-10,São Paulo,3550308,True,,597,,,-23.681579375000002,-46.632673749999995,,,,1,2023-06-20T04:22:14+00:00
SAO_5290-10,São Paulo,3550308,True,,597,,,-23.605396,-46.636989,,,,1,2023-06-20T04:27:18+00:00
SAO_908T-10,São Paulo,3550308,True,,34884,,,-23.546651,-46.632262999999995,,,,2,2023-06-20T04:27:38+00:00
SAO_908T-10,São Paulo,3550308,True,,34884,,,-23.546701,-46.6302515,,,,2,2023-06-20T04:27:40+00:00
SAO_174M-10,São Paulo,3550308,True,,673,,,-23.478065,-46.610716,,,,1,2023-06-20T04:27:03+00:00
SAO_174M-10,São Paulo,3550308,True,,673,,,-23.579950750000002,-46.60480425,,,,1,2023-06-20T04:27:09+00:00
SAO_174M-10,São Paulo,3550308,True,,673,,,-23.536396,-46.622284,,,,1,2023-06-20T04:27:39+00:00
SAO_174M-10,São Paulo,3550308,True,,673,,,-23.574535375,-46.61080925,,,,1,2023-06-20T04:27:21+00:00
SAO_695T-10,São Paulo,3550308,True,,1322,,,-23.643682,-46.7423945,,,,1,2023-06-20T04:27:18+00:00
SAO_695T-10,São Paulo,3550308,True,,1322,,,-23.6069875,-46.6653,,,,1,2023-06-20T04:27:22+00:00
SAO_695T-10,São Paulo,3550308,True,,1322,,,-23.589295999999997,-46.63421325,,,,1,2023-06-20T04:27:36+00:00
SAO_4028-10,São Paulo,3550308,True,,33866,,,-23.593083,-46.4887815,,,,2,2023-06-20T04:27:04+00:00
SAO_4028-10,São Paulo,3550308,True,,33866,,,-23.6421895,-46.4495965,,,,2,2023-06-20T04:27:32+00:00
SAO_4028-10,São Paulo,3550308,True,,33866,,,-23.6349825,-46.446011,,,,2,2023-06-20T04:27:31+00:00
SAO_4312-10,São Paulo,3550308,True,,2172,,,-23.560079,-46.499083999999996,,,,1,2023-06-20T04:26:48+00:00
SAO_4312-10,São Paulo,3550308,True,,2172,,,-23.531781,-46.521221,,,,1,2023-06-20T04:27:31+00:00
SAO_4312-10,São Paulo,3550308,True,,2172,,,-23.5456715,-46.630392,,,,1,2023-06-20T04:27:08+00:00
SAO_8023-10,São Paulo,3550308,True,,34842,,,-23.590418624999998,-46.802857625,,,,2,2023-06-20T04:27:24+00:00
SAO_8023-10,São Paulo,3550308,True,,34842,,,-23.590418624999998,-46.802857625,,,,2,2023-06-20T04:27:41+00:00
SAO_N535-11,São Paulo,3550308,True,,35155,,,-23.650326,-46.614008999999996,,,,2,2023-06-20T04:27:11+00:00
SAO_6041-10,São Paulo,3550308,True,,1218,,,-23.64425125,-46.7439995,,,,1,2023-06-20T04:27:42+00:00
SAO_6041-10,São Paulo,3550308,True,,1218,,,-23.686853624999998,-46.780378125,,,,1,2023-06-20T04:27:26+00:00
SAO_6041-10,São Paulo,3550308,True,,1218,,,-23.690493500000002,-46.780443,,,,1,2023-06-20T04:27:33+00:00
SAO_4093-10,São Paulo,3550308,True,,35216,,,-23.5829095,-46.408221499999996,,,,2,2023-06-20T04:27:35+00:00
SAO_4093-10,São Paulo,3550308,True,,35216,,,-23.587657749999998,-46.40627375,,,,2,2023-06-20T04:24:26+00:00
SAO_8199-10,São Paulo,3550308,True,EMTU,807,https://moovitapp.com/index/pt-br/transporte_p%C3%BAblico-line-807-Sao_Paulo-242-2038937-36419583-0,7.8,-23.486086,-46.7251615,,,,1,2023-06-20T04:27:05+00:00
SAO_8199-10,São Paulo,3550308,True,EMTU,807,https://moovitapp.com/index/pt-br/transporte_p%C3%BAblico-line-807-Sao_Paulo-242-2038937-36419583-0,7.8,-23.496837499999998,-46.712429,,,,1,2023-06-20T04:27:25+00:00
SAO_272N-10,São Paulo,3550308,True,,705,,,-23.5061435,-46.5770275,,,,1,2023-06-20T04:27:30+00:00
SAO_272N-10,São Paulo,3550308,True,,705,,,-23.512747,-46.5637975,,,,1,2023-06-20T04:27:13+00:00
SAO_7725-10,São Paulo,3550308,True,EMTU,472,https://moovitapp.com/index/pt-br/transporte_p%C3%BAblico-line-472-Sao_Paulo-242-2038937-36419508-0,35.0,-23.531583,-46.7120395,,,,1,2023-06-20T04:27:32+00:00
SAO_7725-10,São Paulo,3550308,True,EMTU,472,https://moovitapp.com/index/pt-br/transporte_p%C3%BAblico-line-472-Sao_Paulo-242-2038937-36419508-0,35.0,-23.558588750000002,-46.74677775000001,,,,1,2023-06-20T04:27:26+00:00
SAO_4013-10,São Paulo,3550308,True,,34954,,,-23.634753500000002,-46.4433935,,,,2,2023-06-20T04:27:03+00:00
SAO_4013-10,São Paulo,3550308,True,,34954,,,-23.61275,-46.476256,,,,2,2023-06-20T04:27:23+00:00
SAO_3725-41,São Paulo,3550308,True,,1531,,,-23.534715875,-46.537458750000006,,,,1,2023-06-20T04:27:06+00:00
SAO_273X-10,São Paulo,3550308,True,EMTU,392,https://moovitapp.com/index/pt-br/transporte_p%C3%BAblico-line-392-Sao_Paulo-242-2038937-36419460-0,5.8,-23.49783775,-46.46054675,,,,1,2023-06-20T04:27:19+00:00
SAO_273X-10,São Paulo,3550308,True,EMTU,392,https://moovitapp.com/index/pt-br/transporte_p%C3%BAblico-line-392-Sao_Paulo-242-2038937-36419460-0,5.8,-23.492955749999997,-46.38877037500001,,,,1,2023-06-20T04:27:30+00:00
SAO_709A-10,São Paulo,3550308,True,,34860,,,-23.582193500000002,-46.638338000000005,,,,2,2023-06-20T04:27:31+00:00
SAO_709A-10,São Paulo,3550308,True,,34860,,,-23.613308,-46.6959645,,,,2,2023-06-20T04:27:24+00:00
SAO_709A-10,São Paulo,3550308,True,,34860,,,-23.59030275,-46.68859425,,,,2,2023-06-20T04:27:24+00:00
SAO_775F-10,São Paulo,3550308,True,,33564,,,-23.597914,-46.7086635,,,,2,2023-06-20T04:27:01+00:00
SAO_775F-10,São Paulo,3550308,True,,33564,,,-23.609004,-46.751954250000004,,,,2,2023-06-20T04:27:20+00:00
SAO_775F-10,São Paulo,3550308,True,,33564,,,-23.5529635,-46.67395,,,,2,2023-06-20T04:27:17+00:00
SAO_775F-10,São Paulo,3550308,True,,33564,,,-23.621198999999997,-46.7456675,,,,2,2023-06-20T04:27:13+00:00
SAO_271P-10,São Paulo,3550308,True,,33472,,,-23.5421585,-46.6357505,,,,2,2023-06-20T04:27:01+00:00
SAO_271P-10,São Paulo,3550308,True,,33472,,,-23.51439,-46.54587,,,,2,2023-06-20T04:27:32+00:00
SAO_271P-10,São Paulo,3550308,True,,33472,,,-23.535875500000003,-46.604853,,,,2,2023-06-20T04:27:07+00:00
SAO_271P-10,São Paulo,3550308,True,,33472,,,-23.5229955,-46.547579,,,,2,2023-06-20T04:27:37+00:00
SAO_408A-10,São Paulo,3550308,True,,33534,,,-23.570285249999998,-46.631818125,,,,2,2023-06-20T04:27:24+00:00
SAO_408A-10,São Paulo,3550308,True,,33534,,,-23.579777,-46.632999,,,,2,2023-06-20T04:27:24+00:00
SAO_408A-10,São Paulo,3550308,True,,33534,,,-23.543692999999998,-46.672401,,,,2,2023-06-20T04:27:09+00:00
SAO_408A-10,São Paulo,3550308,True,,33534,,,-23.545775374999998,-46.652483125,,,,2,2023-06-20T04:27:36+00:00
SAO_172U-10,São Paulo,3550308,True,,860,,,-23.441767,-46.589588000000006,,,,1,2023-06-20T04:27:26+00:00
SAO_172U-10,São Paulo,3550308,True,,860,,,-23.483871,-46.614374624999996,,,,1,2023-06-20T04:27:25+00:00
SAO_172U-10,São Paulo,3550308,True,,860,,,-23.513296,-46.6251845,,,,1,2023-06-20T04:27:04+00:00
SAO_1178-31,São Paulo,3550308,True,,34580,,,-23.5240095,-46.6031435,,,,2,2023-06-20T04:25:22+00:00
SAO_1178-31,São Paulo,3550308,True,,34580,,,-23.504152499999996,-46.432775,,,,2,2023-06-20T04:26:56+00:00
SAO_1178-31,São Paulo,3550308,True,,34580,,,-23.4938775,-46.455271,,,,2,2023-06-20T04:24:51+00:00
SAO_1178-31,São Paulo,3550308,True,,34580,,,-23.489927,-46.505078999999995,,,,2,2023-06-20T04:27:41+00:00
SAO_5632-10,São Paulo,3550308,True,,32849,,,-23.7171235,-46.70471,,,,2,2023-06-20T04:27:20+00:00
SAO_5632-10,São Paulo,3550308,True,,32849,,,-23.617021125,-46.67492475,,,,2,2023-06-20T04:26:59+00:00
SAO_2720-10,São Paulo,3550308,True,,933,,,-23.49032575,-46.470762500000006,,,,1,2023-06-20T04:26:05+00:00
SAO_2720-10,São Paulo,3550308,True,,933,,,-23.50807,-46.493142750000004,,,,1,2023-06-20T04:27:16+00:00
SAO_2720-10,São Paulo,3550308,True,,933,,,-23.48922,-46.4772715,,,,1,2023-06-20T04:27:10+00:00
SAO_2720-10,São Paulo,3550308,True,,933,,,-23.52835225,-46.5179975,,,,1,2023-06-20T04:27:36+00:00
SAO_6021-10,São Paulo,3550308,True,,32945,,,-23.768786,-46.716157499999994,,,,2,2023-06-20T04:27:24+00:00
SAO_6021-10,São Paulo,3550308,True,,32945,,,-23.768084,-46.716452,,,,2,2023-06-20T04:27:34+00:00
SAO_546J-10,São Paulo,3550308,True,,1133,,,-23.692334250000002,-46.658640375,,,,1,2023-06-20T04:27:13+00:00
SAO_546J-10,São Paulo,3550308,True,,1133,,,-23.687824,-46.658593499999995,,,,1,2023-06-20T04:27:40+00:00
SAO_546J-10,São Paulo,3550308,True,,1133,,,-23.6744495,-46.662561,,,,1,2023-06-20T04:27:02+00:00
SAO_1156-10,São Paulo,3550308,True,,33427,,,-23.48941525,-46.571597749999995,,,,2,2023-06-20T04:27:34+00:00
SAO_1156-10,São Paulo,3550308,True,,33427,,,-23.4874285,-46.568459749999995,,,,2,2023-06-20T04:27:08+00:00
SAO_1156-10,São Paulo,3550308,True,,33427,,,-23.487218,-46.568332,,,,2,2023-06-20T04:27:40+00:00
SAO_1156-10,São Paulo,3550308,True,,33427,,,-23.5264425,-46.59974712499999,,,,2,2023-06-20T04:25:25+00:00
SAO_1156-10,São Paulo,3550308,True,,33427,,,-23.506790000000002,-46.5893485,,,,2,2023-06-20T04:27:05+00:00
SAO_1156-10,São Paulo,3550308,True,,33427,,,-23.487218,-46.568332,,,,2,2023-06-20T04:27:37+00:00
SAO_1156-10,São Paulo,3550308,True,,33427,,,-23.5427365,-46.6348005,,,,2,2023-06-20T04:27:03+00:00
SAO_2033-10,São Paulo,3550308,True,,2499,,,-23.512669000000002,-46.585331,,,,1,2023-06-20T04:27:12+00:00
SAO_8300-1,São Paulo,3550308,True,,35275,,,-23.5202965,-46.6999955,,,,2,2023-06-20T04:27:26+00:00
SAO_8300-1,São Paulo,3550308,True,,35275,,,-23.51859875,-46.69985925,,,,2,2023-06-20T04:27:37+00:00
SAO_407M-10,São Paulo,3550308,True,,318,,,-23.575753,-46.621116125,,,,1,2023-06-20T04:27:21+00:00
SAO_2203-10,São Paulo,3550308,True,,911,,,-23.520712000000003,-46.484475,,,,1,2023-06-20T04:27:16+00:00
SAO_2203-10,São Paulo,3550308,True,,911,,,-23.5252735,-46.541793999999996,,,,1,2023-06-20T04:27:14+00:00
SAO_6L05-10,São Paulo,3550308,True,,33941,,,-23.868631,-46.679732,,,,2,2023-06-20T04:26:20+00:00
SAO_2182-10,São Paulo,3550308,True,,33468,,,-23.4817665,-46.57117050000001,,,,2,2023-06-20T04:27:23+00:00
SAO_2182-10,São Paulo,3550308,True,,33468,,,-23.481508499999997,-46.571411,,,,2,2023-06-20T04:27:21+00:00
SAO_2182-10,São Paulo,3550308,True,,33468,,,-23.529571,-46.5984615,,,,2,2023-06-20T04:26:17+00:00
SAO_2182-10,São Paulo,3550308,True,,33468,,,-23.481361999999997,-46.5713935,,,,2,2023-06-20T04:27:14+00:00
SAO_2182-10,São Paulo,3550308,True,,33468,,,-23.498174249999998,-46.57399975,,,,2,2023-06-20T04:27:19+00:00
SAO_2182-10,São Paulo,3550308,True,,33468,,,-23.4819775,-46.571059500000004,,,,2,2023-06-20T04:27:24+00:00
SAO_938L-10,São Paulo,3550308,True,,1368,,,-23.5152575,-46.6954555,,,,1,2023-06-20T04:27:19+00:00
SAO_2016-10,São Paulo,3550308,True,,33670,,,-23.495266,-46.432126,,,,2,2023-06-20T04:27:14+00:00
SAO_2016-10,São Paulo,3550308,True,,33670,,,-23.503359250000003,-46.375994750000004,,,,2,2023-06-20T04:27:04+00:00
SAO_2016-10,São Paulo,3550308,True,,33670,,,-23.492352500000003,-46.379197500000004,,,,2,2023-06-20T04:27:24+00:00
SAO_4004-10,São Paulo,3550308,True,,34946,,,-23.5827635,-46.4086625,,,,2,2023-06-20T04:27:26+00:00
SAO_5028-10,São Paulo,3550308,True,,34402,,,-23.595538750000003,-46.609845250000006,,,,2,2023-06-20T04:27:35+00:00
SAO_5028-10,São Paulo,3550308,True,,34402,,,-23.610401500000002,-46.5807815,,,,2,2023-06-20T04:27:18+00:00
SAO_5028-10,São Paulo,3550308,True,,34402,,,-23.6108005,-46.580852500000006,,,,2,2023-06-20T04:27:40+00:00
SAO_2201-10,São Paulo,3550308,True,,909,,,-23.5324795,-46.3946915,,,,1,2023-06-20T04:27:38+00:00
SAO_2201-10,São Paulo,3550308,True,,909,,,-23.5344805,-46.4000855,,,,1,2023-06-20T04:26:56+00:00
SAO_2583-10,São Paulo,3550308,True,EMTU,375,https://moovitapp.com/index/pt-br/transporte_p%C3%BAblico-line-375-Sao_Paulo-242-2038937-36419449-0,11.7,-23.500985999999997,-46.470323750000006,,,,1,2023-06-20T04:27:26+00:00
SAO_775F-31,São Paulo,3550308,True,,35256,,,-23.58836875,-46.6998485,,,,2,2023-06-20T04:27:41+00:00
SAO_775F-31,São Paulo,3550308,True,,35256,,,-23.63188525,-46.739656749999995,,,,2,2023-06-20T04:27:24+00:00
SAO_775F-31,São Paulo,3550308,True,,35256,,,-23.6254385,-46.7483815,,,,2,2023-06-20T04:27:35+00:00
SAO_6115-10,São Paulo,3550308,True,,33953,,,-23.737971,-46.6978485,,,,2,2023-06-20T04:27:24+00:00
SAO_6115-10,São Paulo,3550308,True,,33953,,,-23.742746,-46.6587425,,,,2,2023-06-20T04:27:11+00:00
SAO_6115-10,São Paulo,3550308,True,,33953,,,-23.7530115,-46.6886865,,,,2,2023-06-20T04:27:35+00:00
SAO_6115-10,São Paulo,3550308,True,,33953,,,-23.742746,-46.6587425,,,,2,2023-06-20T04:27:14+00:00
SAO_8200-10,São Paulo,3550308,True,,34031,,,-23.52051,-46.699452,,,,2,2023-06-20T04:27:18+00:00
SAO_8200-10,São Paulo,3550308,True,,34031,,,-23.487129000000003,-46.727189499999994,,,,2,2023-06-20T04:27:15+00:00
SAO_8200-10,São Paulo,3550308,True,,34031,,,-23.520411,-46.6997085,,,,2,2023-06-20T04:27:35+00:00
SAO_8610-10,São Paulo,3550308,True,,2063,,,-23.56760575,-46.6953505,,,,1,2023-06-20T04:27:38+00:00
SAO_8610-10,São Paulo,3550308,True,,2063,,,-23.596788,-46.790112,,,,1,2023-06-20T04:27:38+00:00
SAO_6042-10,São Paulo,3550308,True,,33987,,,-23.6649185,-46.770462,,,,2,2023-06-20T04:27:41+00:00
SAO_6092-10,São Paulo,3550308,True,,1177,,,-23.737271,-46.697250999999994,,,,1,2023-06-20T04:27:41+00:00
SAO_2104-10,São Paulo,3550308,True,,35023,,,-23.5432865,-46.6267105,,,,2,2023-06-20T04:27:11+00:00
SAO_2104-10,São Paulo,3550308,True,,35023,,,-23.502574,-46.624022999999994,,,,2,2023-06-20T04:27:23+00:00
SAO_2104-10,São Paulo,3550308,True,,35023,,,-23.502102999999998,-46.624000499999994,,,,2,2023-06-20T04:27:30+00:00
SAO_848L-10,São Paulo,3550308,True,EMTU,808,https://moovitapp.com/index/pt-br/transporte_p%C3%BAblico-line-808-Sao_Paulo-242-2038937-36419584-0,4.8,-23.4323995,-46.7242835,,,,1,2023-06-20T04:27:32+00:00
SAO_848L-10,São Paulo,3550308,True,EMTU,808,https://moovitapp.com/index/pt-br/transporte_p%C3%BAblico-line-808-Sao_Paulo-242-2038937-36419584-0,4.8,-23.4854235,-46.725742,,,,1,2023-06-20T04:27:03+00:00
SAO_5018-31,São Paulo,3550308,True,,1861,,,-23.6732455,-46.6436075,,,,1,2023-06-20T04:27:14+00:00
SAO_5018-31,São Paulo,3550308,True,,1861,,,-23.6769335,-46.6736955,,,,1,2023-06-20T04:26:57+00:00
SAO_514T-10,São Paulo,3550308,True,,1671,,,-23.6023425,-46.6026925,,,,1,2023-06-20T04:27:21+00:00
SAO_514T-10,São Paulo,3550308,True,,1671,,,-23.586755,-46.534640499999995,,,,1,2023-06-20T04:27:37+00:00
SAO_514T-10,São Paulo,3550308,True,,1671,,,-23.5963095,-46.515056,,,,1,2023-06-20T04:27:18+00:00
SAO_514T-10,São Paulo,3550308,True,,1671,,,-23.58478925,-46.579941250000005,,,,1,2023-06-20T04:27:00+00:00
SAO_514T-10,São Paulo,3550308,True,,1671,,,-23.593101500000003,-46.498408749999996,,,,1,2023-06-20T04:27:08+00:00
SAO_7267-10,São Paulo,3550308,True,,34195,,,-23.53661,-46.6775025,,,,2,2023-06-20T04:27:05+00:00
SAO_7267-10,São Paulo,3550308,True,,34195,,,-23.55165475,-46.657360749999995,,,,2,2023-06-20T04:27:36+00:00
SAO_7267-10,São Paulo,3550308,True,,34195,,,-23.53661,-46.6775025,,,,2,2023-06-20T04:27:04+00:00
SAO_6053-10,São Paulo,3550308,True,,33913,,,-23.768563999999998,-46.661648,,,,2,2023-06-20T04:27:13+00:00
SAO_6053-10,São Paulo,3550308,True,,33913,,,-23.756434,-46.667833,,,,2,2023-06-20T04:27:02+00:00
SAO_5032-10,São Paulo,3550308,True,,1662,,,-23.6368005,-46.593399500000004,,,,1,2023-06-20T04:27:12+00:00
SAO_5032-10,São Paulo,3550308,True,,1662,,,-23.595847499999998,-46.60072875,,,,1,2023-06-20T04:27:02+00:00
SAO_5032-10,São Paulo,3550308,True,,1662,,,-23.623327875,-46.591198750000004,,,,1,2023-06-20T04:27:34+00:00
SAO_6051-10,São Paulo,3550308,True,,33911,,,-23.762576000000003,-46.689004,,,,2,2023-06-20T04:27:20+00:00
SAO_6051-10,São Paulo,3550308,True,,33911,,,-23.7621455,-46.689133,,,,2,2023-06-20T04:27:18+00:00
SAO_476A-10,São Paulo,3550308,True,,33072,,,-23.578396750000003,-46.6022665,,,,2,2023-06-20T04:27:09+00:00
SAO_476A-10,São Paulo,3550308,True,,33072,,,-23.603006999999998,-46.655541375,,,,2,2023-06-20T04:27:03+00:00
SAO_476A-10,São Paulo,3550308,True,,33072,,,-23.601817750000002,-46.6210835,,,,2,2023-06-20T04:27:15+00:00
SAO_3160-10,São Paulo,3550308,True,,32893,,,-23.557005,-46.600266000000005,,,,2,2023-06-20T04:27:15+00:00
SAO_3160-10,São Paulo,3550308,True,,32893,,,-23.5839105,-46.586205,,,,2,2023-06-20T04:27:26+00:00
SAO_425E-10,São Paulo,3550308,True,,34404,,,-23.613987,-46.5014315,,,,2,2023-06-20T04:27:13+00:00
SAO_5702-10,São Paulo,3550308,True,,1137,,,-23.692718,-46.643694499999995,,,,1,2023-06-20T04:27:21+00:00
SAO_5702-10,São Paulo,3550308,True,,1137,,,-23.6472555,-46.640461,,,,1,2023-06-20T04:27:31+00:00
SAO_5702-10,São Paulo,3550308,True,,1137,,,-23.660913375,-46.637010124999996,,,,1,2023-06-20T04:27:04+00:00
SAO_4020-10,São Paulo,3550308,True,,2530,,,-23.595904250000004,-46.43729625,,,,1,2023-06-20T04:27:42+00:00
SAO_3712-51,São Paulo,3550308,True,,2505,,,-23.551592499999998,-46.4357825,,,,1,2023-06-20T04:27:37+00:00
SAO_3712-51,São Paulo,3550308,True,,2505,,,-23.542569999999998,-46.46953499999999,,,,1,2023-06-20T04:27:36+00:00
SAO_3712-51,São Paulo,3550308,True,,2505,,,-23.559803,-46.422215,,,,1,2023-06-20T04:27:30+00:00
SAO_3791-10,São Paulo,3550308,True,,33837,,,-23.5642735,-46.5049835,,,,2,2023-06-20T04:27:17+00:00
SAO_3791-10,São Paulo,3550308,True,,33837,,,-23.5414835,-46.4843695,,,,2,2023-06-20T04:27:22+00:00
SAO_3791-10,São Paulo,3550308,True,,33837,,,-23.5491,-46.503552,,,,2,2023-06-20T04:27:13+00:00
SAO_3791-10,São Paulo,3550308,True,,33837,,,-23.564251,-46.50513,,,,2,2023-06-20T04:27:39+00:00
SAO_3791-10,São Paulo,3550308,True,,33837,,,-23.5400475,-46.4868165,,,,2,2023-06-20T04:26:57+00:00
SAO_6418-10,São Paulo,3550308,True,,33539,,,-23.6029365,-46.69076225,,,,2,2023-06-20T04:27:33+00:00
SAO_5091-10,São Paulo,3550308,True,,1523,,,-23.673444,-46.630937,,,,1,2023-06-20T04:26:34+00:00
SAO_6960-10,São Paulo,3550308,True,,34211,,,-23.756858,-46.7142105,,,,2,2023-06-20T04:27:38+00:00
SAO_6960-10,São Paulo,3550308,True,,34211,,,-23.6543295,-46.7121355,,,,2,2023-06-20T04:27:19+00:00
SAO_6960-10,São Paulo,3550308,True,,34211,,,-23.662931125,-46.70718,,,,2,2023-06-20T04:27:34+00:00
SAO_2590-10,São Paulo,3550308,True,,912,,,-23.4829785,-46.467121,,,,1,2023-06-20T04:27:09+00:00
SAO_2590-10,São Paulo,3550308,True,,912,,,-23.51308375,-46.55077975,,,,1,2023-06-20T04:27:11+00:00
SAO_2590-10,São Paulo,3550308,True,,912,,,-23.492326000000002,-46.455923999999996,,,,1,2023-06-20T04:27:02+00:00
SAO_2590-10,São Paulo,3550308,True,,912,,,-23.539987,-46.61139225,,,,1,2023-06-20T04:27:36+00:00
SAO_5143-10,São Paulo,3550308,True,,1628,,,-23.614242,-46.501176,,,,1,2023-06-20T04:27:21+00:00
SAO_5143-10,São Paulo,3550308,True,,1628,,,-23.5590435,-46.614318,,,,1,2023-06-20T04:27:20+00:00
SAO_5143-10,São Paulo,3550308,True,,1628,,,-23.602714499999998,-46.5162875,,,,1,2023-06-20T04:27:05+00:00
SAO_6046-10,São Paulo,3550308,True,,33991,,,-23.683948,-46.7815925,,,,2,2023-06-20T04:27:02+00:00
SAO_6046-10,São Paulo,3550308,True,,33991,,,-23.67105,-46.772944499999994,,,,2,2023-06-20T04:27:40+00:00
SAO_9015-10,São Paulo,3550308,True,,1269,,,-23.4868005,-46.726985,,,,1,2023-06-20T04:27:12+00:00
SAO_6049-10,São Paulo,3550308,True,,1309,,,-23.651546,-46.707913,,,,1,2023-06-20T04:27:39+00:00
SAO_6049-10,São Paulo,3550308,True,,1309,,,-23.65865,-46.765243,,,,1,2023-06-20T04:27:26+00:00
SAO_6049-10,São Paulo,3550308,True,,1309,,,-23.694253,-46.793887,,,,1,2023-06-20T04:27:16+00:00
SAO_263C-10,São Paulo,3550308,True,,33020,,,-23.548852500000002,-46.431053,,,,2,2023-06-20T04:27:17+00:00
SAO_263C-10,São Paulo,3550308,True,,33020,,,-23.495266,-46.432126,,,,2,2023-06-20T04:23:44+00:00
SAO_817C-10,São Paulo,3550308,True,,34105,,,-23.534704,-46.69786525000001,,,,2,2023-06-20T04:26:48+00:00
SAO_817C-10,São Paulo,3550308,True,,34105,,,-23.5216915,-46.7010605,,,,2,2023-06-20T04:27:33+00:00
SAO_6813-10,São Paulo,3550308,True,BR7 Mobilidade,33,https://moovitapp.com/index/pt-br/transporte_p%C3%BAblico-line-33-Sao_Paulo-242-851856-529134-0,5.75,-23.6638215,-46.7638075,,,,1,2023-06-20T04:27:40+00:00
SAO_273L-10,São Paulo,3550308,True,,32992,,,-23.540654000000004,-46.483247500000004,,,,2,2023-06-20T04:27:04+00:00
SAO_273L-10,São Paulo,3550308,True,,32992,,,-23.5345185,-46.454772750000004,,,,2,2023-06-20T04:27:06+00:00
SAO_273L-10,São Paulo,3550308,True,,32992,,,-23.539380375,-46.431489625,,,,2,2023-06-20T04:27:31+00:00
SAO_273L-10,São Paulo,3550308,True,,32992,,,-23.539111,-46.4313315,,,,2,2023-06-20T04:27:34+00:00
SAO_1773-10,São Paulo,3550308,True,,637,,,-23.482694000000002,-46.6310675,,,,1,2023-06-20T04:27:02+00:00
SAO_1773-10,São Paulo,3550308,True,,637,,,-23.4490305,-46.591025,,,,1,2023-06-20T04:27:16+00:00
SAO_1773-10,São Paulo,3550308,True,,637,,,-23.4826065,-46.6307425,,,,1,2023-06-20T04:27:04+00:00
SAO_8072-10,São Paulo,3550308,True,,2079,,,-23.637208,-46.76146850000001,,,,1,2023-06-20T04:27:41+00:00
SAO_6822-10,São Paulo,3550308,True,,32790,,,-23.6598555,-46.767027,,,,2,2023-06-20T04:27:19+00:00
SAO_6822-10,São Paulo,3550308,True,,32790,,,-23.65385975,-46.79008575,,,,2,2023-06-20T04:27:41+00:00
SAO_6822-10,São Paulo,3550308,True,,32790,,,-23.6472865,-46.7892245,,,,2,2023-06-20T04:27:27+00:00
SAO_6812-10,São Paulo,3550308,True,,34010,,,-23.665769,-46.7133115,,,,2,2023-06-20T04:27:26+00:00
SAO_6812-10,São Paulo,3550308,True,,34010,,,-23.73195075,-46.790341,,,,2,2023-06-20T04:27:23+00:00
SAO_6812-10,São Paulo,3550308,True,,34010,,,-23.73195075,-46.790341,,,,2,2023-06-20T04:27:33+00:00
SAO_6812-10,São Paulo,3550308,True,,34010,,,-23.732082,-46.790541000000005,,,,2,2023-06-20T04:27:42+00:00
SAO_6812-10,São Paulo,3550308,True,,34010,,,-23.72672,-46.7886505,,,,2,2023-06-20T04:27:43+00:00
SAO_3098-10,São Paulo,3550308,True,,33846,,,-23.5824995,-46.4917855,,,,2,2023-06-20T04:27:22+00:00
SAO_3098-10,São Paulo,3550308,True,,33846,,,-23.631781750000002,-46.45626,,,,2,2023-06-20T04:27:22+00:00
SAO_3098-10,São Paulo,3550308,True,,33846,,,-23.611793,-46.4762815,,,,2,2023-06-20T04:27:38+00:00
SAO_3098-10,São Paulo,3550308,True,,33846,,,-23.6307555,-46.4617315,,,,2,2023-06-20T04:27:22+00:00
SAO_3098-10,São Paulo,3550308,True,,33846,,,-23.631781750000002,-46.45626,,,,2,2023-06-20T04:27:03+00:00
SAO_4004-10,São Paulo,3550308,True,,2178,,,-23.59733025,-46.39794500000001,,,,1,2023-06-20T04:27:37+00:00
SAO_6L01-10,São Paulo,3550308,True,,1171,,,-23.81769525,-46.734309624999995,,,,1,2023-06-20T04:27:28+00:00
SAO_6L01-10,São Paulo,3550308,True,,1171,,,-23.83902525,-46.7350815,,,,1,2023-06-20T04:27:28+00:00
SAO_7054-10,São Paulo,3550308,True,,41,,,-23.6393955,-46.780152,,,,1,2023-06-20T04:27:10+00:00
SAO_7054-10,São Paulo,3550308,True,,41,,,-23.6517055,-46.7906215,,,,1,2023-06-20T04:27:25+00:00
SAO_7062-31,São Paulo,3550308,True,,34682,,,-23.6463475,-46.7730035,,,,2,2023-06-20T04:27:02+00:00
SAO_7062-31,São Paulo,3550308,True,,34682,,,-23.6463915,-46.7728495,,,,2,2023-06-20T04:27:09+00:00
SAO_5021-10,São Paulo,3550308,True,,34435,,,-23.616202625,-46.617702124999994,,,,2,2023-06-20T04:27:16+00:00
SAO_5021-10,São Paulo,3550308,True,,34435,,,-23.6302405,-46.62586,,,,2,2023-06-20T04:27:03+00:00
SAO_6115-10,São Paulo,3550308,True,,1185,,,-23.75634,-46.66749,,,,1,2023-06-20T04:27:35+00:00
SAO_6115-10,São Paulo,3550308,True,,1185,,,-23.75634,-46.66749,,,,1,2023-06-20T04:27:33+00:00
SAO_647A-10,São Paulo,3550308,True,,1315,,,-23.658478000000002,-46.765071,,,,1,2023-06-20T04:27:29+00:00
SAO_647A-10,São Paulo,3550308,True,,1315,,,-23.6945095,-46.7940355,,,,1,2023-06-20T04:27:40+00:00
SAO_647A-10,São Paulo,3550308,True,,1315,,,-23.5816995,-46.6840755,,,,1,2023-06-20T04:27:20+00:00
SAO_4721-10,São Paulo,3550308,True,,33105,,,-23.621927499999998,-46.6287995,,,,2,2023-06-20T04:27:09+00:00
SAO_778J-41,São Paulo,3550308,True,,1486,,,-23.526614000000002,-46.668097,,,,1,2023-06-20T04:27:04+00:00
SAO_778J-41,São Paulo,3550308,True,,1486,,,-23.585289,-46.738600500000004,,,,1,2023-06-20T04:27:28+00:00
SAO_6045-10,São Paulo,3550308,True,,33990,,,-23.6967465,-46.792696,,,,2,2023-06-20T04:27:38+00:00
SAO_6045-10,São Paulo,3550308,True,,33990,,,-23.6438595,-46.731730999999996,,,,2,2023-06-20T04:27:19+00:00
SAO_6045-10,São Paulo,3550308,True,,33990,,,-23.694238,-46.79535625,,,,2,2023-06-20T04:27:27+00:00
SAO_524M-10,São Paulo,3550308,True,,1631,,,-23.579872,-46.5179775,,,,1,2023-06-20T04:27:11+00:00
SAO_524M-10,São Paulo,3550308,True,,1631,,,-23.613987,-46.5014315,,,,1,2023-06-20T04:27:10+00:00
SAO_524M-10,São Paulo,3550308,True,,1631,,,-23.572097375,-46.511028875,,,,1,2023-06-20T04:27:36+00:00
SAO_524M-10,São Paulo,3550308,True,,1631,,,-23.564117500000002,-46.505180499999994,,,,1,2023-06-20T04:27:09+00:00
SAO_775P-10,São Paulo,3550308,True,EMTU,507,https://moovitapp.com/index/pt-br/transporte_p%C3%BAblico-line-507-Sao_Paulo-242-2038937-36419529-0,5.65,-23.57276425,-46.64287075,,,,1,2023-06-20T04:27:24+00:00
SAO_775P-10,São Paulo,3550308,True,EMTU,507,https://moovitapp.com/index/pt-br/transporte_p%C3%BAblico-line-507-Sao_Paulo-242-2038937-36419529-0,5.65,-23.5966305,-46.7682735,,,,1,2023-06-20T04:27:17+00:00
SAO_775P-10,São Paulo,3550308,True,EMTU,507,https://moovitapp.com/index/pt-br/transporte_p%C3%BAblico-line-507-Sao_Paulo-242-2038937-36419529-0,5.65,-23.57231325,-46.701117499999995,,,,1,2023-06-20T04:27:29+00:00
SAO_958P-10,São Paulo,3550308,True,,33233,,,-23.48044,-46.7584765,,,,2,2023-06-20T04:27:13+00:00
SAO_958P-10,São Paulo,3550308,True,,33233,,,-23.576854,-46.68703525,,,,2,2023-06-20T04:27:14+00:00
SAO_958P-10,São Paulo,3550308,True,,33233,,,-23.4937585,-46.740547,,,,2,2023-06-20T04:27:28+00:00
SAO_958P-10,São Paulo,3550308,True,,33233,,,-23.516596,-46.7497225,,,,2,2023-06-20T04:27:41+00:00
SAO_574C-10,São Paulo,3550308,True,,34407,,,-23.5889195,-46.543938999999995,,,,2,2023-06-20T04:27:25+00:00
SAO_574C-10,São Paulo,3550308,True,,34407,,,-23.6098165,-46.5046555,,,,2,2023-06-20T04:27:31+00:00
SAO_8705-10,São Paulo,3550308,True,,34840,,,-23.545913,-46.761686,,,,2,2023-06-20T04:27:05+00:00
SAO_8705-10,São Paulo,3550308,True,,34840,,,-23.5621635,-46.674863,,,,2,2023-06-20T04:27:19+00:00
SAO_8705-10,São Paulo,3550308,True,,34840,,,-23.563714,-46.7459615,,,,2,2023-06-20T04:27:16+00:00
SAO_9012-10,São Paulo,3550308,True,,34036,,,-23.4662065,-46.6825265,,,,2,2023-06-20T04:27:33+00:00
SAO_6338-10,São Paulo,3550308,True,,1293,,,-23.6569405,-46.648649750000004,,,,1,2023-06-20T04:26:58+00:00
SAO_6338-10,São Paulo,3550308,True,,1293,,,-23.609023999999998,-46.6377985,,,,1,2023-06-20T04:27:29+00:00
SAO_175P-10,São Paulo,3550308,True,,675,,,-23.567117125000003,-46.649771375,,,,1,2023-06-20T04:27:33+00:00
SAO_175P-10,São Paulo,3550308,True,,675,,,-23.502966999999998,-46.6260415,,,,1,2023-06-20T04:26:58+00:00
SAO_175P-10,São Paulo,3550308,True,,675,,,-23.50030225,-46.637009625000005,,,,1,2023-06-20T04:27:07+00:00
SAO_175P-10,São Paulo,3550308,True,,675,,,-23.5859291875,-46.6364181875,,,,1,2023-06-20T04:27:37+00:00
SAO_175P-10,São Paulo,3550308,True,,675,,,-23.5863984375,-46.6361194375,,,,1,2023-06-20T04:27:33+00:00
SAO_175P-10,São Paulo,3550308,True,,675,,,-23.555571,-46.66752675,,,,1,2023-06-20T04:27:36+00:00
SAO_175P-10,São Paulo,3550308,True,,675,,,-23.526497499999998,-46.66827,,,,1,2023-06-20T04:27:08+00:00
SAO_172Y-10,São Paulo,3550308,True,,862,,,-23.483517749999997,-46.584340000000005,,,,1,2023-06-20T04:27:20+00:00
SAO_172Y-10,São Paulo,3550308,True,,862,,,-23.5278844375,-46.600765249999995,,,,1,2023-06-20T04:27:21+00:00
SAO_3026-10,São Paulo,3550308,True,,962,,,-23.542544,-46.4158275,,,,1,2023-06-20T04:23:06+00:00
SAO_3026-10,São Paulo,3550308,True,,962,,,-23.5831,-46.385474,,,,1,2023-06-20T04:23:47+00:00
SAO_3026-10,São Paulo,3550308,True,,962,,,-23.5827675,-46.386084,,,,1,2023-06-20T04:26:58+00:00
SAO_273F-10,São Paulo,3550308,True,,32927,,,-23.489501375000003,-46.42163599999999,,,,2,2023-06-20T04:27:03+00:00
SAO_273F-10,São Paulo,3550308,True,,32927,,,-23.517013,-46.4437475,,,,2,2023-06-20T04:27:18+00:00
SAO_888P-10,São Paulo,3550308,True,,33222,,,-23.408318,-46.7415825,,,,2,2023-06-20T04:27:38+00:00
SAO_888P-10,São Paulo,3550308,True,,33222,,,-23.439346,-46.731916,,,,2,2023-06-20T04:27:16+00:00
SAO_888P-10,São Paulo,3550308,True,,33222,,,-23.408328,-46.741003,,,,2,2023-06-20T04:27:24+00:00
SAO_888P-10,São Paulo,3550308,True,,33222,,,-23.45335875,-46.74297775,,,,2,2023-06-20T04:27:09+00:00
SAO_888P-10,São Paulo,3550308,True,,33222,,,-23.404737500000003,-46.7498035,,,,2,2023-06-20T04:26:59+00:00
SAO_6837-10,São Paulo,3550308,True,,6,,,-23.6161065,-46.739967,,,,1,2023-06-20T04:27:05+00:00
SAO_6837-10,São Paulo,3550308,True,,6,,,-23.6161065,-46.739967,,,,1,2023-06-20T04:27:10+00:00
SAO_6837-10,São Paulo,3550308,True,,6,,,-23.627877499999997,-46.7576435,,,,1,2023-06-20T04:27:28+00:00
SAO_3046-10,São Paulo,3550308,True,,971,,,-23.580204000000002,-46.5255565,,,,1,2023-06-20T04:27:35+00:00
SAO_3046-10,São Paulo,3550308,True,,971,,,-23.54132,-46.57769475,,,,1,2023-06-20T04:27:42+00:00
SAO_3046-10,São Paulo,3550308,True,,971,,,-23.580204000000002,-46.5255565,,,,1,2023-06-20T04:27:10+00:00
SAO_3046-10,São Paulo,3550308,True,,971,,,-23.57339175,-46.55935425,,,,1,2023-06-20T04:27:16+00:00
SAO_709M-10,São Paulo,3550308,True,,35230,,,-23.5905625,-46.687347,,,,2,2023-06-20T04:27:30+00:00
SAO_709M-10,São Paulo,3550308,True,,35230,,,-23.6518805,-46.708862999999994,,,,2,2023-06-20T04:27:03+00:00
SAO_709M-10,São Paulo,3550308,True,,35230,,,-23.624219500000002,-46.695242500000006,,,,2,2023-06-20T04:27:22+00:00
SAO_6825-10,São Paulo,3550308,True,BR7 Mobilidade,14,https://moovitapp.com/index/pt-br/transporte_p%C3%BAblico-line-14-Sao_Paulo-242-851856-183465-0,5.75,-23.685346,-46.800567,,,,1,2023-06-20T04:27:17+00:00
SAO_6806-10,São Paulo,3550308,True,BR7 Mobilidade,32,https://moovitapp.com/index/pt-br/transporte_p%C3%BAblico-line-32-Sao_Paulo-242-851856-586488-0,5.75,-23.6439105,-46.7348865,,,,1,2023-06-20T04:27:43+00:00
SAO_5185-10,São Paulo,3550308,True,,1308,,,-23.6071345,-46.651856,,,,1,2023-06-20T04:27:26+00:00
SAO_5185-10,São Paulo,3550308,True,,1308,,,-23.554430500000002,-46.638824125,,,,1,2023-06-20T04:27:41+00:00
SAO_4315-10,São Paulo,3550308,True,,34943,,,-23.558203,-46.5230485,,,,2,2023-06-20T04:27:34+00:00
SAO_4315-10,São Paulo,3550308,True,,34943,,,-23.5419435,-46.5800865,,,,2,2023-06-20T04:27:39+00:00
SAO_4315-10,São Paulo,3550308,True,,34943,,,-23.5577455,-46.523288,,,,2,2023-06-20T04:27:05+00:00
SAO_6022-10,São Paulo,3550308,True,,33975,,,-23.728424,-46.7823315,,,,2,2023-06-20T04:27:23+00:00
SAO_6022-10,São Paulo,3550308,True,,33975,,,-23.688845375,-46.77301675,,,,2,2023-06-20T04:27:38+00:00
SAO_119L-10,São Paulo,3550308,True,,2273,,,-23.525329625,-46.71097425,,,,1,2023-06-20T04:27:28+00:00
SAO_414P-10,São Paulo,3550308,True,,33873,,,-23.5560405,-46.554469,,,,2,2023-06-20T04:27:00+00:00
SAO_414P-10,São Paulo,3550308,True,,33873,,,-23.5360745,-46.564832,,,,2,2023-06-20T04:27:24+00:00
SAO_414P-10,São Paulo,3550308,True,,33873,,,-23.5968005,-46.527846999999994,,,,2,2023-06-20T04:27:32+00:00
SAO_809H-10,São Paulo,3550308,True,,2245,,,-23.5244285,-46.702023000000004,,,,1,2023-06-20T04:27:14+00:00
SAO_809H-10,São Paulo,3550308,True,,2245,,,-23.58389625,-46.779843625,,,,1,2023-06-20T04:27:16+00:00
SAO_805L-10,São Paulo,3550308,True,EMTU,124,https://moovitapp.com/index/pt-br/transporte_p%C3%BAblico-line-124-Sao_Paulo-242-2038937-36419282-0,5.15,-23.534672999999998,-46.6441935,,,,1,2023-06-20T04:27:29+00:00
SAO_971X-10,São Paulo,3550308,True,,34463,,,-23.474438499999998,-46.669928999999996,,,,2,2023-06-20T04:27:11+00:00
SAO_971X-10,São Paulo,3550308,True,,34463,,,-23.474438499999998,-46.669928999999996,,,,2,2023-06-20T04:26:58+00:00
SAO_971X-10,São Paulo,3550308,True,,34463,,,-23.50308,-46.6253845,,,,2,2023-06-20T04:27:37+00:00
SAO_971X-10,São Paulo,3550308,True,,34463,,,-23.487154,-46.652702000000005,,,,2,2023-06-20T04:27:41+00:00
SAO_809V-10,São Paulo,3550308,True,,35011,,,-23.5763605,-46.732949500000004,,,,2,2023-06-20T04:27:12+00:00
SAO_809V-10,São Paulo,3550308,True,,35011,,,-23.5692045,-46.687413500000005,,,,2,2023-06-20T04:27:17+00:00
SAO_2020-10,São Paulo,3550308,True,,35030,,,-23.459315500000002,-46.632987,,,,2,2023-06-20T04:25:23+00:00
SAO_2020-10,São Paulo,3550308,True,,35030,,,-23.459995624999998,-46.60255875,,,,2,2023-06-20T04:25:02+00:00
SAO_3160-10,São Paulo,3550308,True,EMTU,125,https://moovitapp.com/index/pt-br/transporte_p%C3%BAblico-line-125-Sao_Paulo-242-2038937-36419283-0,5.15,-23.5463875,-46.630173,,,,1,2023-06-20T04:27:27+00:00
SAO_3160-10,São Paulo,3550308,True,EMTU,125,https://moovitapp.com/index/pt-br/transporte_p%C3%BAblico-line-125-Sao_Paulo-242-2038937-36419283-0,5.15,-23.55126125,-46.606846749999995,,,,1,2023-06-20T04:27:31+00:00
SAO_3160-10,São Paulo,3550308,True,EMTU,125,https://moovitapp.com/index/pt-br/transporte_p%C3%BAblico-line-125-Sao_Paulo-242-2038937-36419283-0,5.15,-23.579991,-46.586749,,,,1,2023-06-20T04:27:32+00:00
SAO_7016-10,São Paulo,3550308,True,,34886,,,-23.667488,-46.73012,,,,2,2023-06-20T04:27:18+00:00
SAO_7016-10,São Paulo,3550308,True,,34886,,,-23.6886205,-46.77281625,,,,2,2023-06-20T04:27:17+00:00
SAO_7016-10,São Paulo,3550308,True,,34886,,,-23.685786,-46.752863000000005,,,,2,2023-06-20T04:27:20+00:00
SAO_7011-10,São Paulo,3550308,True,,34720,,,-23.7080735,-46.791889499999996,,,,2,2023-06-20T04:27:17+00:00
SAO_7011-10,São Paulo,3550308,True,,34720,,,-23.698975,-46.7862425,,,,2,2023-06-20T04:27:10+00:00
SAO_6073-10,São Paulo,3550308,True,,1160,,,-23.7676985,-46.716468500000005,,,,1,2023-06-20T04:27:22+00:00
SAO_6073-10,São Paulo,3550308,True,,1160,,,-23.7773025,-46.723008,,,,1,2023-06-20T04:27:21+00:00
SAO_3901-10,São Paulo,3550308,True,,1469,,,-23.533436000000002,-46.549139,,,,1,2023-06-20T04:27:32+00:00
SAO_971T-10,São Paulo,3550308,True,,33386,,,-23.4877925,-46.652354,,,,2,2023-06-20T04:27:09+00:00
SAO_971T-10,São Paulo,3550308,True,,33386,,,-23.493633000000003,-46.6745315,,,,2,2023-06-20T04:27:13+00:00
SAO_971T-10,São Paulo,3550308,True,,33386,,,-23.493424500000003,-46.675837,,,,2,2023-06-20T04:27:16+00:00
SAO_971T-10,São Paulo,3550308,True,,33386,,,-23.493424500000003,-46.675837,,,,2,2023-06-20T04:27:41+00:00
SAO_6806-10,São Paulo,3550308,True,,32800,,,-23.634156,-46.757954,,,,2,2023-06-20T04:27:40+00:00
SAO_6806-10,São Paulo,3550308,True,,32800,,,-23.633952,-46.757903,,,,2,2023-06-20T04:27:24+00:00
SAO_6027-10,São Paulo,3550308,True,,90,,,-23.721422,-46.677007,,,,1,2023-06-20T04:27:36+00:00
SAO_6027-10,São Paulo,3550308,True,,90,,,-23.654132,-46.712552,,,,1,2023-06-20T04:26:58+00:00
SAO_6027-10,São Paulo,3550308,True,,90,,,-23.6886315,-46.701716,,,,1,2023-06-20T04:27:27+00:00
SAO_971R-42,São Paulo,3550308,True,,33384,,,-23.4547725,-46.695882499999996,,,,2,2023-06-20T04:27:08+00:00
SAO_971R-42,São Paulo,3550308,True,,33384,,,-23.50068675,-46.63502275,,,,2,2023-06-20T04:27:16+00:00
SAO_2770-10,São Paulo,3550308,True,,243,,,-23.5396095,-46.431369000000004,,,,1,2023-06-20T04:27:20+00:00
SAO_8019-10,São Paulo,3550308,True,,34839,,,-23.567888,-46.742611,,,,2,2023-06-20T04:27:17+00:00
SAO_4725-10,São Paulo,3550308,True,,33106,,,-23.6257085,-46.615691,,,,2,2023-06-20T04:27:17+00:00
SAO_4725-10,São Paulo,3550308,True,,33106,,,-23.6335525,-46.6141865,,,,2,2023-06-20T04:27:35+00:00
SAO_9166-10,São Paulo,3550308,True,,33475,,,-23.462206000000002,-46.666225499999996,,,,2,2023-06-20T04:27:38+00:00
SAO_178Y-10,São Paulo,3550308,True,,33636,,,-23.463904,-46.6392285,,,,2,2023-06-20T04:25:39+00:00
SAO_178Y-10,São Paulo,3550308,True,,33636,,,-23.472458500000002,-46.635065,,,,2,2023-06-20T04:27:27+00:00
SAO_2010-10,São Paulo,3550308,True,,34872,,,-23.477516625,-46.564321375,,,,2,2023-06-20T04:27:39+00:00
SAO_2010-10,São Paulo,3550308,True,,34872,,,-23.4964255,-46.5982655,,,,2,2023-06-20T04:27:06+00:00
SAO_4014-10,São Paulo,3550308,True,,2187,,,-23.5580635,-46.522337500000006,,,,1,2023-06-20T04:27:37+00:00
SAO_4014-10,São Paulo,3550308,True,,2187,,,-23.593519,-46.482044,,,,1,2023-06-20T04:27:31+00:00
SAO_4014-10,São Paulo,3550308,True,,2187,,,-23.612996,-46.456739999999996,,,,1,2023-06-20T04:27:12+00:00
SAO_775N-10,São Paulo,3550308,True,,474,,,-23.563949,-46.7492125,,,,1,2023-06-20T04:27:39+00:00
SAO_775N-10,São Paulo,3550308,True,,474,,,-23.5466355,-46.69045,,,,1,2023-06-20T04:27:27+00:00
SAO_775N-10,São Paulo,3550308,True,,474,,,-23.577416499999998,-46.7653045,,,,1,2023-06-20T04:27:13+00:00
SAO_775N-10,São Paulo,3550308,True,,474,,,-23.5508550625,-46.73984618750001,,,,1,2023-06-20T04:27:33+00:00
SAO_1721-10,São Paulo,3550308,True,,33434,,,-23.4928,-46.583628000000004,,,,2,2023-06-20T04:27:35+00:00
SAO_1721-10,São Paulo,3550308,True,,33434,,,-23.48941525,-46.571597749999995,,,,2,2023-06-20T04:27:33+00:00
SAO_1721-10,São Paulo,3550308,True,,33434,,,-23.48940375,-46.57123325,,,,2,2023-06-20T04:26:40+00:00
SAO_1721-10,São Paulo,3550308,True,,33434,,,-23.48940375,-46.57123325,,,,2,2023-06-20T04:27:03+00:00
SAO_1721-10,São Paulo,3550308,True,,33434,,,-23.4897535,-46.570575500000004,,,,2,2023-06-20T04:27:24+00:00
SAO_576C-10,São Paulo,3550308,True,,1290,,,-23.672556,-46.677626000000004,,,,1,2023-06-20T04:27:02+00:00
SAO_576C-10,São Paulo,3550308,True,,1290,,,-23.652485499999997,-46.648438999999996,,,,1,2023-06-20T04:27:24+00:00
SAO_576C-10,São Paulo,3550308,True,,1290,,,-23.651578750000002,-46.7089575,,,,1,2023-06-20T04:26:58+00:00
SAO_576C-10,São Paulo,3550308,True,,1290,,,-23.6460415,-46.644780499999996,,,,1,2023-06-20T04:27:30+00:00
SAO_3161-10,São Paulo,3550308,True,,33852,,,-23.572989,-46.5613975,,,,2,2023-06-20T04:27:12+00:00
SAO_3161-10,São Paulo,3550308,True,,33852,,,-23.583499250000003,-46.5254795,,,,2,2023-06-20T04:27:20+00:00
SAO_1759-10,São Paulo,3550308,True,,553,,,-23.502099,-46.62419250000001,,,,1,2023-06-20T04:27:11+00:00
SAO_1759-10,São Paulo,3550308,True,,553,,,-23.4668735,-46.6313995,,,,1,2023-06-20T04:26:57+00:00
SAO_8078-10,São Paulo,3550308,True,,2080,,,-23.617066,-46.757511,,,,1,2023-06-20T04:27:13+00:00
SAO_8078-10,São Paulo,3550308,True,,2080,,,-23.649198,-46.7526175,,,,1,2023-06-20T04:27:20+00:00
SAO_8078-10,São Paulo,3550308,True,,2080,,,-23.6254505,-46.7479555,,,,1,2023-06-20T04:27:02+00:00
SAO_6815-10,São Paulo,3550308,True,,32793,,,-23.66959175,-46.776620375,,,,2,2023-06-20T04:27:08+00:00
SAO_5109-10,São Paulo,3550308,True,,34619,,,-23.546896,-46.629020999999995,,,,2,2023-06-20T04:27:29+00:00
SAO_5109-10,São Paulo,3550308,True,,34619,,,-23.547353,-46.6287365,,,,2,2023-06-20T04:27:18+00:00
SAO_5109-10,São Paulo,3550308,True,,34619,,,-23.5705148125,-46.6051620625,,,,2,2023-06-20T04:27:35+00:00
SAO_5109-10,São Paulo,3550308,True,,34619,,,-23.547353,-46.6287365,,,,2,2023-06-20T04:27:36+00:00
SAO_877T-10,São Paulo,3550308,True,,34149,,,-23.51331475,-46.72147137500001,,,,2,2023-06-20T04:27:20+00:00
SAO_877T-10,São Paulo,3550308,True,,34149,,,-23.556026250000002,-46.662388750000005,,,,2,2023-06-20T04:27:37+00:00
SAO_877T-10,São Paulo,3550308,True,,34149,,,-23.51331475,-46.72147137500001,,,,2,2023-06-20T04:27:31+00:00
SAO_5362-41,São Paulo,3550308,True,,32840,,,-23.742629,-46.665431625,,,,2,2023-06-20T04:27:27+00:00
SAO_857P-10,São Paulo,3550308,True,,1926,,,-23.563342874999996,-46.654325625,,,,1,2023-06-20T04:27:36+00:00
SAO_857P-10,São Paulo,3550308,True,,1926,,,-23.617525999999998,-46.75795,,,,1,2023-06-20T04:27:42+00:00
SAO_857P-10,São Paulo,3550308,True,,1926,,,-23.566707625000003,-46.682387875,,,,1,2023-06-20T04:27:43+00:00
SAO_1743-10,São Paulo,3550308,True,EMTU,543,https://moovitapp.com/index/pt-br/transporte_p%C3%BAblico-line-543-Sao_Paulo-242-2038937-36419552-0,5.15,-23.455666,-46.6677895,,,,1,2023-06-20T04:26:58+00:00
SAO_1743-10,São Paulo,3550308,True,EMTU,543,https://moovitapp.com/index/pt-br/transporte_p%C3%BAblico-line-543-Sao_Paulo-242-2038937-36419552-0,5.15,-23.4708995,-46.6523345,,,,1,2023-06-20T04:27:41+00:00
SAO_1743-10,São Paulo,3550308,True,EMTU,543,https://moovitapp.com/index/pt-br/transporte_p%C3%BAblico-line-543-Sao_Paulo-242-2038937-36419552-0,5.15,-23.455666,-46.6677895,,,,1,2023-06-20T04:27:07+00:00
SAO_1743-10,São Paulo,3550308,True,EMTU,543,https://moovitapp.com/index/pt-br/transporte_p%C3%BAblico-line-543-Sao_Paulo-242-2038937-36419552-0,5.15,-23.458520999999998,-46.667616499999994,,,,1,2023-06-20T04:27:06+00:00
SAO_1720-21,São Paulo,3550308,True,,1937,,,-23.4873335,-46.574318500000004,,,,1,2023-06-20T04:26:55+00:00
SAO_1720-21,São Paulo,3550308,True,,1937,,,-23.479214,-46.584122,,,,1,2023-06-20T04:27:05+00:00
SAO_874T-10,São Paulo,3550308,True,,33075,,,-23.577717375,-46.60089,,,,2,2023-06-20T04:27:07+00:00
SAO_874T-10,São Paulo,3550308,True,,33075,,,-23.55649175,-46.6622505,,,,2,2023-06-20T04:27:21+00:00
SAO_874T-10,São Paulo,3550308,True,,33075,,,-23.53197625,-46.673443000000006,,,,2,2023-06-20T04:27:35+00:00
SAO_809U-21,São Paulo,3550308,True,,35075,,,-23.5265025,-46.6722305,,,,2,2023-06-20T04:27:25+00:00
SAO_5362-41,São Paulo,3550308,True,,72,,,-23.744505500000002,-46.670685500000005,,,,1,2023-06-20T04:25:51+00:00
SAO_5362-41,São Paulo,3550308,True,,72,,,-23.74488,-46.668146,,,,1,2023-06-20T04:20:51+00:00
SAO_647P-10,São Paulo,3550308,True,,1316,,,-23.604015,-46.712605499999995,,,,1,2023-06-20T04:27:29+00:00
SAO_647P-10,São Paulo,3550308,True,,1316,,,-23.65310575,-46.73930875,,,,1,2023-06-20T04:27:31+00:00
SAO_647P-10,São Paulo,3550308,True,,1316,,,-23.675376999999997,-46.7844185,,,,1,2023-06-20T04:25:44+00:00
SAO_647P-10,São Paulo,3550308,True,,1316,,,-23.5658465,-46.7020025,,,,1,2023-06-20T04:27:06+00:00
SAO_647P-10,São Paulo,3550308,True,,1316,,,-23.675376999999997,-46.7844185,,,,1,2023-06-20T04:27:32+00:00
SAO_373M-10,São Paulo,3550308,True,EMTU,281,https://moovitapp.com/index/pt-br/transporte_p%C3%BAblico-line-281-Sao_Paulo-242-2038937-36419383-0,6.25,-23.5409805,-46.576847,,,,1,2023-06-20T04:27:39+00:00
SAO_373M-10,São Paulo,3550308,True,EMTU,281,https://moovitapp.com/index/pt-br/transporte_p%C3%BAblico-line-281-Sao_Paulo-242-2038937-36419383-0,6.25,-23.597754000000002,-46.540801,,,,1,2023-06-20T04:27:23+00:00
SAO_6816-10,São Paulo,3550308,True,,32794,,,-23.6488825,-46.784435,,,,2,2023-06-20T04:27:31+00:00
SAO_6816-10,São Paulo,3550308,True,,32794,,,-23.659520999999998,-46.766727,,,,2,2023-06-20T04:27:24+00:00
SAO_8200-10,São Paulo,3550308,True,,1263,,,-23.497079499999998,-46.71199,,,,1,2023-06-20T04:27:39+00:00
SAO_1012-10,São Paulo,3550308,True,,2486,,,-23.4451915,-46.799472,,,,1,2023-06-20T04:27:33+00:00
SAO_1012-10,São Paulo,3550308,True,,2486,,,-23.428230499999998,-46.795610499999995,,,,1,2023-06-20T04:27:40+00:00
SAO_8075-10,São Paulo,3550308,True,,2044,,,-23.6142575,-46.7556145,,,,1,2023-06-20T04:27:15+00:00
SAO_1036-10,São Paulo,3550308,True,,2453,,,-23.477866499999998,-46.7139245,,,,1,2023-06-20T04:27:12+00:00
SAO_971R-10,São Paulo,3550308,True,,33382,,,-23.496884625,-46.63644225,,,,2,2023-06-20T04:27:01+00:00
SAO_971R-10,São Paulo,3550308,True,,33382,,,-23.453908499999997,-46.7375045,,,,2,2023-06-20T04:26:58+00:00
SAO_971R-10,São Paulo,3550308,True,,33382,,,-23.4537555,-46.737453,,,,2,2023-06-20T04:26:59+00:00
SAO_971R-10,São Paulo,3550308,True,,33382,,,-23.435192999999998,-46.71718,,,,2,2023-06-20T04:26:59+00:00
SAO_6035-21,São Paulo,3550308,True,,34563,,,-23.72555525,-46.7639835,,,,2,2023-06-20T04:27:31+00:00
SAO_6035-21,São Paulo,3550308,True,,34563,,,-23.6899025,-46.7591965,,,,2,2023-06-20T04:27:02+00:00
SAO_6049-10,São Paulo,3550308,True,,34077,,,-23.6520225,-46.73388525,,,,2,2023-06-20T04:27:08+00:00
SAO_6049-10,São Paulo,3550308,True,,34077,,,-23.684495,-46.799211,,,,2,2023-06-20T04:27:35+00:00
SAO_6116-10,São Paulo,3550308,True,,33954,,,-23.745331,-46.68944125,,,,2,2023-06-20T04:27:35+00:00
SAO_6116-10,São Paulo,3550308,True,,33954,,,-23.75569,-46.657614,,,,2,2023-06-20T04:27:33+00:00
SAO_6835-31,São Paulo,3550308,True,,1407,,,-23.656632000000002,-46.7632865,,,,1,2023-06-20T04:27:05+00:00
SAO_5143-10,São Paulo,3550308,True,,34396,,,-23.591853625,-46.542159125,,,,2,2023-06-20T04:27:13+00:00
SAO_5143-10,São Paulo,3550308,True,,34396,,,-23.6158085,-46.500614999999996,,,,2,2023-06-20T04:26:59+00:00
SAO_637V-10,São Paulo,3550308,True,,32872,,,-23.674288625,-46.715904625,,,,2,2023-06-20T04:27:10+00:00
SAO_637V-10,São Paulo,3550308,True,,32872,,,-23.7285985,-46.6826875,,,,2,2023-06-20T04:25:52+00:00
SAO_314J-10,São Paulo,3550308,True,Cidade de Caieiras,310,https://moovitapp.com/index/pt-br/transporte_p%C3%BAblico-line-310-Sao_Paulo-242-868761-496418-0,5.0,-23.5973495,-46.5631655,,,,1,2023-06-20T04:27:12+00:00
SAO_314J-10,São Paulo,3550308,True,Cidade de Caieiras,310,https://moovitapp.com/index/pt-br/transporte_p%C3%BAblico-line-310-Sao_Paulo-242-868761-496418-0,5.0,-23.557063999999997,-46.6335725,,,,1,2023-06-20T04:27:38+00:00
SAO_372U-10,São Paulo,3550308,True,,1016,,,-23.5564715,-46.537433,,,,1,2023-06-20T04:27:21+00:00
SAO_372U-10,São Paulo,3550308,True,,1016,,,-23.546440375000003,-46.572391499999995,,,,1,2023-06-20T04:27:25+00:00
SAO_372U-10,São Paulo,3550308,True,,1016,,,-23.56464,-46.5408575,,,,1,2023-06-20T04:27:41+00:00
SAO_372U-10,São Paulo,3550308,True,,1016,,,-23.562192,-46.561119,,,,1,2023-06-20T04:27:00+00:00
SAO_372U-10,São Paulo,3550308,True,,1016,,,-23.5410925,-46.577089,,,,1,2023-06-20T04:27:35+00:00
SAO_2733-10,São Paulo,3550308,True,,33716,,,-23.5177045,-46.457184,,,,2,2023-06-20T04:27:20+00:00
SAO_2733-10,São Paulo,3550308,True,,33716,,,-23.539942,-46.461380500000004,,,,2,2023-06-20T04:27:12+00:00
SAO_8542-21,São Paulo,3550308,True,,34129,,,-23.4728725,-46.702325,,,,2,2023-06-20T04:27:01+00:00
SAO_8542-21,São Paulo,3550308,True,,34129,,,-23.467902000000002,-46.678709,,,,2,2023-06-20T04:27:23+00:00
SAO_5123-10,São Paulo,3550308,True,,33893,,,-23.681586,-46.637748,,,,2,2023-06-20T04:27:18+00:00
SAO_5123-10,São Paulo,3550308,True,,33893,,,-23.678922999999998,-46.630571,,,,2,2023-06-20T04:27:01+00:00
SAO_5123-10,São Paulo,3550308,True,,33893,,,-23.601990875,-46.63678775,,,,2,2023-06-20T04:27:21+00:00
SAO_5123-10,São Paulo,3550308,True,,33893,,,-23.625086500000002,-46.640750499999996,,,,2,2023-06-20T04:27:35+00:00
SAO_5123-10,São Paulo,3550308,True,,33893,,,-23.668832000000002,-46.6358525,,,,2,2023-06-20T04:27:20+00:00
SAO_6820-31,São Paulo,3550308,True,,1406,,,-23.658763,-46.767994,,,,1,2023-06-20T04:27:12+00:00
SAO_4008-10,São Paulo,3550308,True,,34950,,,-23.572771125,-46.447100125000006,,,,2,2023-06-20T04:27:10+00:00
SAO_4008-10,São Paulo,3550308,True,,34950,,,-23.5823135,-46.490995,,,,2,2023-06-20T04:27:37+00:00
SAO_2724-10,São Paulo,3550308,True,,33706,,,-23.52475475,-46.47498425,,,,2,2023-06-20T04:27:10+00:00
SAO_2724-10,São Paulo,3550308,True,,33706,,,-23.534727,-46.473905,,,,2,2023-06-20T04:26:04+00:00
SAO_6L10-10,São Paulo,3550308,True,,33927,,,-23.7676985,-46.716468500000005,,,,2,2023-06-20T04:27:35+00:00
SAO_1025-10,São Paulo,3550308,True,,35071,,,-23.453190499999998,-46.707206,,,,2,2023-06-20T04:27:16+00:00
SAO_4053-10,São Paulo,3550308,True,,34914,,,-23.5592195,-46.399505500000004,,,,2,2023-06-20T04:17:15+00:00
SAO_8000-1,São Paulo,3550308,True,,35274,,,-23.5299785,-46.667142,,,,2,2023-06-20T04:27:32+00:00
SAO_8000-1,São Paulo,3550308,True,,35274,,,-23.547560500000003,-46.640557,,,,2,2023-06-20T04:27:41+00:00
SAO_6801-10,São Paulo,3550308,True,,32773,,,-23.6531975,-46.734157499999995,,,,2,2023-06-20T04:27:39+00:00
SAO_7005-10,São Paulo,3550308,True,,34766,,,-23.684067,-46.769816500000005,,,,2,2023-06-20T04:27:09+00:00
SAO_7005-10,São Paulo,3550308,True,,34766,,,-23.684067,-46.769816500000005,,,,2,2023-06-20T04:27:39+00:00
SAO_118Y-10,São Paulo,3550308,True,EMTU,841,https://moovitapp.com/index/pt-br/transporte_p%C3%BAblico-line-841-Sao_Paulo-242-2038937-36419604-0,5.15,-23.477772875,-46.64468675,,,,1,2023-06-20T04:25:26+00:00
SAO_118Y-10,São Paulo,3550308,True,EMTU,841,https://moovitapp.com/index/pt-br/transporte_p%C3%BAblico-line-841-Sao_Paulo-242-2038937-36419604-0,5.15,-23.5002505,-46.674175500000004,,,,1,2023-06-20T04:27:24+00:00
SAO_373T-10,São Paulo,3550308,True,,1091,,,-23.5811735,-46.562167,,,,1,2023-06-20T04:27:14+00:00
SAO_373T-10,São Paulo,3550308,True,,1091,,,-23.546762,-46.606140999999994,,,,1,2023-06-20T04:27:38+00:00
SAO_373T-10,São Paulo,3550308,True,,1091,,,-23.569907999999998,-46.587627999999995,,,,1,2023-06-20T04:27:24+00:00
SAO_736G-10,São Paulo,3550308,True,,780,,,-23.618506,-46.699464,,,,1,2023-06-20T04:27:33+00:00
SAO_736G-10,São Paulo,3550308,True,,780,,,-23.63428375,-46.75193825,,,,1,2023-06-20T04:26:58+00:00
SAO_2735-21,São Paulo,3550308,True,,33282,,,-23.531119875,-46.5459365,,,,2,2023-06-20T04:27:37+00:00
SAO_2735-21,São Paulo,3550308,True,,33282,,,-23.4991175,-46.5193395,,,,2,2023-06-20T04:27:12+00:00
SAO_311C-10,São Paulo,3550308,True,EMTU,309,https://moovitapp.com/index/pt-br/transporte_p%C3%BAblico-line-309-Sao_Paulo-242-2038937-36419401-0,7.5,-23.5186695,-46.6481295,,,,1,2023-06-20T04:26:59+00:00
SAO_311C-10,São Paulo,3550308,True,EMTU,309,https://moovitapp.com/index/pt-br/transporte_p%C3%BAblico-line-309-Sao_Paulo-242-2038937-36419401-0,7.5,-23.59346625,-46.54664375,,,,1,2023-06-20T04:27:28+00:00
SAO_178Y-10,São Paulo,3550308,True,,868,,,-23.49191325,-46.618136,,,,1,2023-06-20T04:27:39+00:00
SAO_178Y-10,São Paulo,3550308,True,,868,,,-23.4658535,-46.636955,,,,1,2023-06-20T04:24:16+00:00
SAO_7282-10,São Paulo,3550308,True,,33239,,,-23.555425,-46.663049,,,,2,2023-06-20T04:27:26+00:00
SAO_7282-10,São Paulo,3550308,True,,33239,,,-23.545989,-46.6388205,,,,2,2023-06-20T04:27:18+00:00
SAO_847P-42,São Paulo,3550308,True,,1424,,,-23.589909,-46.68170125,,,,1,2023-06-20T04:27:30+00:00
SAO_1771-10,São Paulo,3550308,True,,634,,,-23.430882500000003,-46.574838,,,,1,2023-06-20T04:27:09+00:00
SAO_1771-10,São Paulo,3550308,True,,634,,,-23.454936,-46.589689500000006,,,,1,2023-06-20T04:27:22+00:00
SAO_1771-10,São Paulo,3550308,True,,634,,,-23.430882500000003,-46.574838,,,,1,2023-06-20T04:27:33+00:00
SAO_1771-10,São Paulo,3550308,True,,634,,,-23.4964285,-46.623491,,,,1,2023-06-20T04:24:57+00:00
SAO_1780-10,São Paulo,3550308,True,,33637,,,-23.4521675,-46.58175,,,,2,2023-06-20T04:27:06+00:00
SAO_847J-10,São Paulo,3550308,True,,34110,,,-23.555694,-46.74268,,,,2,2023-06-20T04:27:07+00:00
SAO_847J-10,São Paulo,3550308,True,,34110,,,-23.5245465,-46.73684225,,,,2,2023-06-20T04:27:33+00:00
SAO_847J-10,São Paulo,3550308,True,,34110,,,-23.4479275,-46.721939500000005,,,,2,2023-06-20T04:26:44+00:00
SAO_107T-10,São Paulo,3550308,True,,621,,,-23.5795955,-46.6832,,,,1,2023-06-20T04:27:28+00:00
SAO_107T-10,São Paulo,3550308,True,,621,,,-23.55302025,-46.654513249999994,,,,1,2023-06-20T04:27:22+00:00
SAO_107T-10,São Paulo,3550308,True,,621,,,-23.502481,-46.6248825,,,,1,2023-06-20T04:27:14+00:00
SAO_107T-10,São Paulo,3550308,True,,621,,,-23.5659135,-46.702248499999996,,,,1,2023-06-20T04:27:02+00:00
SAO_3731-10,São Paulo,3550308,True,,1028,,,-23.539874,-46.516463,,,,1,2023-06-20T04:26:21+00:00
SAO_3731-10,São Paulo,3550308,True,,1028,,,-23.539874,-46.516463,,,,1,2023-06-20T04:27:23+00:00
SAO_3731-10,São Paulo,3550308,True,,1028,,,-23.539874,-46.516463,,,,1,2023-06-20T04:27:26+00:00
SAO_3731-10,São Paulo,3550308,True,,1028,,,-23.539611999999998,-46.516724999999994,,,,1,2023-06-20T04:26:56+00:00
SAO_6L08-10,São Paulo,3550308,True,,33950,,,-23.827337999999997,-46.697942375,,,,2,2023-06-20T04:27:24+00:00
SAO_9191-10,São Paulo,3550308,True,EMTU,810,https://moovitapp.com/index/pt-br/transporte_p%C3%BAblico-line-810-Sao_Paulo-242-2038937-36419585-0,5.4,-23.4605635,-46.681408000000005,,,,1,2023-06-20T04:26:46+00:00
SAO_9191-10,São Paulo,3550308,True,EMTU,810,https://moovitapp.com/index/pt-br/transporte_p%C3%BAblico-line-810-Sao_Paulo-242-2038937-36419585-0,5.4,-23.524431999999997,-46.666677,,,,1,2023-06-20T04:27:31+00:00
SAO_9191-10,São Paulo,3550308,True,EMTU,810,https://moovitapp.com/index/pt-br/transporte_p%C3%BAblico-line-810-Sao_Paulo-242-2038937-36419585-0,5.4,-23.50127275,-46.684216500000005,,,,1,2023-06-20T04:27:19+00:00
SAO_5024-10,São Paulo,3550308,True,,33890,,,-23.689080750000002,-46.64931275,,,,2,2023-06-20T04:27:42+00:00
SAO_5024-10,São Paulo,3550308,True,,33890,,,-23.657178000000002,-46.700981999999996,,,,2,2023-06-20T04:27:07+00:00
SAO_5752-10,São Paulo,3550308,True,,1287,,,-23.686009,-46.6478885,,,,1,2023-06-20T04:22:33+00:00
SAO_775A-10,São Paulo,3550308,True,,33241,,,-23.5798075,-46.685481499999995,,,,2,2023-06-20T04:27:32+00:00
SAO_775A-10,São Paulo,3550308,True,,33241,,,-23.578383,-46.755319,,,,2,2023-06-20T04:27:23+00:00
SAO_546J-31,São Paulo,3550308,True,,34783,,,-23.657572,-46.701373875,,,,2,2023-06-20T04:27:25+00:00
SAO_546J-31,São Paulo,3550308,True,,34783,,,-23.687986000000002,-46.65963875,,,,2,2023-06-20T04:27:09+00:00
SAO_2010-10,São Paulo,3550308,True,,2104,,,-23.507540249999998,-46.625016625,,,,1,2023-06-20T04:27:28+00:00
SAO_2010-10,São Paulo,3550308,True,,2104,,,-23.522831,-46.624535,,,,1,2023-06-20T04:26:57+00:00
SAO_2010-10,São Paulo,3550308,True,,2104,,,-23.48037375,-46.57543575,,,,1,2023-06-20T04:27:32+00:00
SAO_9015-10,São Paulo,3550308,True,,34037,,,-23.480418,-46.713096,,,,2,2023-06-20T04:27:01+00:00
SAO_9015-10,São Paulo,3550308,True,,34037,,,-23.4694535,-46.7135935,,,,2,2023-06-20T04:27:13+00:00
SAO_4735-10,São Paulo,3550308,True,,1110,,,-23.6112775,-46.475717,,,,1,2023-06-20T04:27:29+00:00
SAO_2780-10,São Paulo,3550308,True,EMTU,399,https://moovitapp.com/index/pt-br/transporte_p%C3%BAblico-line-399-Sao_Paulo-242-2038937-36419463-0,6.45,-23.507662500000002,-46.3716095,,,,1,2023-06-20T04:27:18+00:00
SAO_2780-10,São Paulo,3550308,True,EMTU,399,https://moovitapp.com/index/pt-br/transporte_p%C3%BAblico-line-399-Sao_Paulo-242-2038937-36419463-0,6.45,-23.528663,-46.4502445,,,,1,2023-06-20T04:27:33+00:00
SAO_2780-10,São Paulo,3550308,True,EMTU,399,https://moovitapp.com/index/pt-br/transporte_p%C3%BAblico-line-399-Sao_Paulo-242-2038937-36419463-0,6.45,-23.49448,-46.414542499999996,,,,1,2023-06-20T04:27:38+00:00
SAO_6815-10,São Paulo,3550308,True,BR7 Mobilidade,25,https://moovitapp.com/index/pt-br/transporte_p%C3%BAblico-line-25-Sao_Paulo-242-851856-758720-0,5.75,-23.658478000000002,-46.765071,,,,1,2023-06-20T04:27:36+00:00
SAO_1018-10,São Paulo,3550308,True,,33600,,,-23.457815,-46.61815,,,,2,2023-06-20T04:27:25+00:00
SAO_1018-10,São Paulo,3550308,True,,33600,,,-23.4469405,-46.627235999999996,,,,2,2023-06-20T04:23:53+00:00
SAO_7245-10,São Paulo,3550308,True,,33131,,,-23.6139795,-46.696125499999994,,,,2,2023-06-20T04:26:58+00:00
SAO_7245-10,São Paulo,3550308,True,,33131,,,-23.563919,-46.6774145,,,,2,2023-06-20T04:27:42+00:00
SAO_7245-10,São Paulo,3550308,True,,33131,,,-23.6454795,-46.7126175,,,,2,2023-06-20T04:27:11+00:00
SAO_8009-31,São Paulo,3550308,True,,34028,,,-23.4337315,-46.751121,,,,2,2023-06-20T04:27:17+00:00
SAO_8009-31,São Paulo,3550308,True,,34028,,,-23.4395145,-46.750146,,,,2,2023-06-20T04:27:15+00:00
SAO_8009-31,São Paulo,3550308,True,,34028,,,-23.475985,-46.7277905,,,,2,2023-06-20T04:27:12+00:00
SAO_8009-31,São Paulo,3550308,True,,34028,,,-23.45494025,-46.743398,,,,2,2023-06-20T04:27:13+00:00
SAO_4734-10,São Paulo,3550308,True,,1109,,,-23.642179499999997,-46.6067185,,,,1,2023-06-20T04:27:01+00:00
SAO_4734-10,São Paulo,3550308,True,,1109,,,-23.6184455,-46.638504499999996,,,,1,2023-06-20T04:27:24+00:00
SAO_4734-10,São Paulo,3550308,True,,1109,,,-23.6414715,-46.610838,,,,1,2023-06-20T04:27:29+00:00
SAO_4734-10,São Paulo,3550308,True,,1109,,,-23.6414715,-46.610838,,,,1,2023-06-20T04:27:23+00:00
SAO_4742-10,São Paulo,3550308,True,,33110,,,-23.6563625,-46.6147845,,,,2,2023-06-20T04:26:36+00:00
SAO_6019-10,São Paulo,3550308,True,,34258,,,-23.6689235,-46.735557,,,,2,2023-06-20T04:27:38+00:00
SAO_6019-10,São Paulo,3550308,True,,34258,,,-23.6746645,-46.7394405,,,,2,2023-06-20T04:27:36+00:00
SAO_8060-10,São Paulo,3550308,True,EMTU,418,https://moovitapp.com/index/pt-br/transporte_p%C3%BAblico-line-418-Sao_Paulo-242-2038937-36419475-0,6.55,-23.504873,-46.758556,,,,1,2023-06-20T04:27:41+00:00
SAO_177Y-10,São Paulo,3550308,True,,867,,,-23.5357135,-46.674322000000004,,,,1,2023-06-20T04:27:28+00:00
SAO_177Y-10,São Paulo,3550308,True,,867,,,-23.5659435,-46.701088999999996,,,,1,2023-06-20T04:27:38+00:00
SAO_8029-10,São Paulo,3550308,True,,2540,,,-23.59269625,-46.721332249999996,,,,1,2023-06-20T04:27:14+00:00
SAO_8029-10,São Paulo,3550308,True,,2540,,,-23.616052,-46.747223500000004,,,,1,2023-06-20T04:27:33+00:00
SAO_372U-10,São Paulo,3550308,True,,33784,,,-23.561112,-46.562499,,,,2,2023-06-20T04:27:19+00:00
SAO_372U-10,São Paulo,3550308,True,,33784,,,-23.5658525,-46.541869,,,,2,2023-06-20T04:27:35+00:00
SAO_372U-10,São Paulo,3550308,True,,33784,,,-23.552243750000002,-46.567416249999994,,,,2,2023-06-20T04:27:20+00:00
SAO_314V-10,São Paulo,3550308,True,,33079,,,-23.581889,-46.585524,,,,2,2023-06-20T04:27:27+00:00
SAO_314V-10,São Paulo,3550308,True,,33079,,,-23.563979500000002,-46.6202965,,,,2,2023-06-20T04:27:26+00:00
SAO_7057-10,São Paulo,3550308,True,,34665,,,-23.64922775,-46.78505225,,,,2,2023-06-20T04:27:31+00:00
SAO_7057-10,São Paulo,3550308,True,,34665,,,-23.64904925,-46.78534475,,,,2,2023-06-20T04:27:01+00:00
SAO_189L-10,São Paulo,3550308,True,,2450,,,-23.486610499999998,-46.710868000000005,,,,1,2023-06-20T04:27:35+00:00
SAO_189L-10,São Paulo,3550308,True,,2450,,,-23.5056725,-46.706314,,,,1,2023-06-20T04:27:22+00:00
SAO_189L-10,São Paulo,3550308,True,,2450,,,-23.5177915,-46.702978,,,,1,2023-06-20T04:27:39+00:00
SAO_6022-10,São Paulo,3550308,True,,1207,,,-23.726093,-46.783233499999994,,,,1,2023-06-20T04:27:37+00:00
SAO_6063-21,São Paulo,3550308,True,,34769,,,-23.7690195,-46.715415500000006,,,,2,2023-06-20T04:27:16+00:00
SAO_7017-10,São Paulo,3550308,True,,2502,,,-23.6759545,-46.7530775,,,,1,2023-06-20T04:27:27+00:00
SAO_7017-10,São Paulo,3550308,True,,2502,,,-23.6931665,-46.791157,,,,1,2023-06-20T04:27:08+00:00
SAO_8545-10,São Paulo,3550308,True,,34132,,,-23.516964,-46.698682000000005,,,,2,2023-06-20T04:27:15+00:00
SAO_8545-10,São Paulo,3550308,True,,34132,,,-23.487686,-46.692832499999994,,,,2,2023-06-20T04:27:02+00:00
SAO_5391-22,São Paulo,3550308,True,,34546,,,-23.692036,-46.776298499999996,,,,2,2023-06-20T04:27:20+00:00
SAO_7272-10,São Paulo,3550308,True,,34101,,,-23.5371575,-46.689878375,,,,2,2023-06-20T04:27:19+00:00
SAO_746K-10,São Paulo,3550308,True,STT,787,https://moovitapp.com/index/pt-br/transporte_p%C3%BAblico-line-787-Sao_Paulo-242-850661-183355-0,5.3,-23.614126875000004,-46.683709875000005,,,,1,2023-06-20T04:27:04+00:00
SAO_746K-10,São Paulo,3550308,True,STT,787,https://moovitapp.com/index/pt-br/transporte_p%C3%BAblico-line-787-Sao_Paulo-242-850661-183355-0,5.3,-23.618883500000003,-46.722800500000005,,,,1,2023-06-20T04:26:58+00:00
SAO_746K-10,São Paulo,3550308,True,STT,787,https://moovitapp.com/index/pt-br/transporte_p%C3%BAblico-line-787-Sao_Paulo-242-850661-183355-0,5.3,-23.618436000000003,-46.721787500000005,,,,1,2023-06-20T04:27:24+00:00
SAO_1720-21,São Paulo,3550308,True,,34705,,,-23.4873335,-46.574318500000004,,,,2,2023-06-20T04:27:26+00:00
SAO_1720-21,São Paulo,3550308,True,,34705,,,-23.482322500000002,-46.589753,,,,2,2023-06-20T04:26:58+00:00
SAO_1720-21,São Paulo,3550308,True,,34705,,,-23.487143500000002,-46.57385,,,,2,2023-06-20T04:27:05+00:00
SAO_6250-10,São Paulo,3550308,True,EMTU,468,https://moovitapp.com/index/pt-br/transporte_p%C3%BAblico-line-468-Sao_Paulo-242-2038937-36419506-0,6.65,-23.5664515,-46.69234125,,,,1,2023-06-20T04:27:37+00:00
SAO_4112-10,São Paulo,3550308,True,,33535,,,-23.54337975,-46.643962,,,,2,2023-06-20T04:27:14+00:00
SAO_8013-10,São Paulo,3550308,True,,33568,,,-23.4318945,-46.786733749999996,,,,2,2023-06-20T04:27:28+00:00
SAO_8013-10,São Paulo,3550308,True,,33568,,,-23.52146125,-46.719037125,,,,2,2023-06-20T04:27:05+00:00
SAO_8013-10,São Paulo,3550308,True,,33568,,,-23.472643124999998,-46.775008375,,,,2,2023-06-20T04:27:39+00:00
SAO_3741-10,São Paulo,3550308,True,,33809,,,-23.545820499999998,-46.447895,,,,2,2023-06-20T04:27:40+00:00
SAO_3741-10,São Paulo,3550308,True,,33809,,,-23.557586,-46.45496425,,,,2,2023-06-20T04:27:15+00:00
SAO_3741-10,São Paulo,3550308,True,,33809,,,-23.552114500000002,-46.4628695,,,,2,2023-06-20T04:27:38+00:00
SAO_2720-31,São Paulo,3550308,True,,1842,,,-23.5033535,-46.481011,,,,1,2023-06-20T04:27:31+00:00
SAO_2720-31,São Paulo,3550308,True,,1842,,,-23.52835225,-46.5179975,,,,1,2023-06-20T04:27:21+00:00
SAO_746R-10,São Paulo,3550308,True,,790,,,-23.6103905,-46.7051065,,,,1,2023-06-20T04:27:32+00:00
SAO_746R-10,São Paulo,3550308,True,,790,,,-23.616201500000003,-46.7020975,,,,1,2023-06-20T04:27:12+00:00
SAO_2451-10,São Paulo,3550308,True,,32981,,,-23.52161625,-46.527673,,,,2,2023-06-20T04:27:13+00:00
SAO_771P-10,São Paulo,3550308,True,,33274,,,-23.602404,-46.795141,,,,2,2023-06-20T04:27:11+00:00
SAO_771P-10,São Paulo,3550308,True,,33274,,,-23.5841225,-46.7835795,,,,2,2023-06-20T04:27:16+00:00
SAO_5035-10,São Paulo,3550308,True,,1668,,,-23.625884250000002,-46.594606,,,,1,2023-06-20T04:27:10+00:00
SAO_709A-10,São Paulo,3550308,True,,2092,,,-23.585045,-46.670448,,,,1,2023-06-20T04:27:20+00:00
SAO_2012-10,São Paulo,3550308,True,,2281,,,-23.506437249999998,-46.60491175,,,,1,2023-06-20T04:27:03+00:00
SAO_2012-10,São Paulo,3550308,True,,2281,,,-23.520755375,-46.62540800000001,,,,1,2023-06-20T04:27:34+00:00
SAO_6059-10,São Paulo,3550308,True,,1226,,,-23.63206975,-46.713896999999996,,,,1,2023-06-20T04:27:16+00:00
SAO_909T-1,São Paulo,3550308,True,,35280,,,-23.5501595,-46.6545185,,,,2,2023-06-20T04:27:18+00:00
SAO_909T-1,São Paulo,3550308,True,,35280,,,-23.5658305,-46.701625500000006,,,,2,2023-06-20T04:27:07+00:00
SAO_5100-10,São Paulo,3550308,True,,1370,,,-23.5820395,-46.666586375,,,,1,2023-06-20T04:27:31+00:00
SAO_1702-10,São Paulo,3550308,True,,846,,,-23.457357000000002,-46.584971249999995,,,,1,2023-06-20T04:27:09+00:00
SAO_1702-10,São Paulo,3550308,True,,846,,,-23.5058675,-46.615300250000004,,,,1,2023-06-20T04:27:36+00:00
SAO_1702-10,São Paulo,3550308,True,,846,,,-23.509770000000003,-46.624846000000005,,,,1,2023-06-20T04:27:29+00:00
SAO_6L10-41,São Paulo,3550308,True,,34773,,,-23.7880685,-46.765596,,,,2,2023-06-20T04:27:08+00:00
SAO_6L10-41,São Paulo,3550308,True,,34773,,,-23.763334999999998,-46.7569725,,,,2,2023-06-20T04:27:42+00:00
SAO_6L10-41,São Paulo,3550308,True,,34773,,,-23.7880685,-46.765596,,,,2,2023-06-20T04:27:31+00:00
SAO_1765-10,São Paulo,3550308,True,,1782,,,-23.47141,-46.586765875,,,,1,2023-06-20T04:25:07+00:00
SAO_9018-10,São Paulo,3550308,True,,34039,,,-23.4778385,-46.71893625,,,,2,2023-06-20T04:27:10+00:00
SAO_9018-10,São Paulo,3550308,True,,34039,,,-23.469386,-46.721635500000005,,,,2,2023-06-20T04:27:36+00:00
SAO_476A-10,São Paulo,3550308,True,,304,,,-23.602472249999998,-46.61305475,,,,1,2023-06-20T04:27:10+00:00
SAO_476A-10,São Paulo,3550308,True,,304,,,-23.650007000000002,-46.7059785,,,,1,2023-06-20T04:27:06+00:00
SAO_5032-10,São Paulo,3550308,True,,34430,,,-23.6070555,-46.595108,,,,2,2023-06-20T04:27:11+00:00
SAO_5032-10,São Paulo,3550308,True,,34430,,,-23.606703500000002,-46.594997,,,,2,2023-06-20T04:27:36+00:00
SAO_5032-10,São Paulo,3550308,True,,34430,,,-23.598135499999998,-46.602278999999996,,,,2,2023-06-20T04:27:29+00:00
SAO_6016-41,São Paulo,3550308,True,,34474,,,-23.7745565,-46.675799,,,,2,2023-06-20T04:27:15+00:00
SAO_6016-41,São Paulo,3550308,True,,34474,,,-23.7433635,-46.6916115,,,,2,2023-06-20T04:26:59+00:00
SAO_3754-10,São Paulo,3550308,True,,1049,,,-23.561862,-46.4080485,,,,1,2023-06-20T04:27:17+00:00
SAO_3754-10,São Paulo,3550308,True,,1049,,,-23.542498000000002,-46.471391499999996,,,,1,2023-06-20T04:27:01+00:00
SAO_4721-10,São Paulo,3550308,True,EMTU,337,https://moovitapp.com/index/pt-br/transporte_p%C3%BAblico-line-337-Sao_Paulo-242-2038937-36419422-0,6.35,-23.646585,-46.639331,,,,1,2023-06-20T04:27:19+00:00
SAO_3756-10,São Paulo,3550308,True,,33818,,,-23.5643065,-46.414635000000004,,,,2,2023-06-20T04:27:32+00:00
SAO_3756-10,São Paulo,3550308,True,,33818,,,-23.590653500000002,-46.389331375,,,,2,2023-06-20T04:27:20+00:00
SAO_809D-10,São Paulo,3550308,True,,34836,,,-23.6032175,-46.780919,,,,2,2023-06-20T04:27:42+00:00
SAO_809D-10,São Paulo,3550308,True,,34836,,,-23.6026655,-46.7842985,,,,2,2023-06-20T04:27:17+00:00
SAO_809D-10,São Paulo,3550308,True,,34836,,,-23.5864425625,-46.754773375,,,,2,2023-06-20T04:27:41+00:00
SAO_7053-21,São Paulo,3550308,True,,1895,,,-23.642771,-46.786125,,,,1,2023-06-20T04:27:07+00:00
SAO_7053-21,São Paulo,3550308,True,,1895,,,-23.631153500000003,-46.7733425,,,,1,2023-06-20T04:27:15+00:00
SAO_2029-10,São Paulo,3550308,True,,35038,,,-23.435738,-46.5825785,,,,2,2023-06-20T04:27:03+00:00
SAO_2029-10,São Paulo,3550308,True,,35038,,,-23.477443,-46.6054705,,,,2,2023-06-20T04:25:12+00:00
SAO_938L-10,São Paulo,3550308,True,,34136,,,-23.48263725,-46.67702325,,,,2,2023-06-20T04:27:29+00:00
SAO_938L-10,São Paulo,3550308,True,,34136,,,-23.475696,-46.670624000000004,,,,2,2023-06-20T04:27:06+00:00
SAO_938L-10,São Paulo,3550308,True,,34136,,,-23.475628999999998,-46.670974,,,,2,2023-06-20T04:26:42+00:00
SAO_938L-10,São Paulo,3550308,True,,34136,,,-23.516305,-46.6982675,,,,2,2023-06-20T04:27:37+00:00
SAO_297A-10,São Paulo,3550308,True,,34901,,,-23.5251275,-46.6660255,,,,2,2023-06-20T04:27:17+00:00
SAO_297A-10,São Paulo,3550308,True,,34901,,,-23.52288275,-46.6710535,,,,2,2023-06-20T04:27:02+00:00
SAO_6805-31,São Paulo,3550308,True,,1788,,,-23.655546,-46.762099500000005,,,,1,2023-06-20T04:27:07+00:00
SAO_4311-10,São Paulo,3550308,True,,34939,,,-23.5467325,-46.527919499999996,,,,2,2023-06-20T04:27:17+00:00
SAO_4311-10,São Paulo,3550308,True,,34939,,,-23.538682,-46.565627500000005,,,,2,2023-06-20T04:27:13+00:00
SAO_9051-10,São Paulo,3550308,True,,34857,,,-23.566105999999998,-46.7019325,,,,2,2023-06-20T04:27:29+00:00
SAO_9051-10,São Paulo,3550308,True,,34857,,,-23.5389725,-46.705854,,,,2,2023-06-20T04:27:22+00:00
SAO_9051-10,São Paulo,3550308,True,,34857,,,-23.566105999999998,-46.7019325,,,,2,2023-06-20T04:27:20+00:00
SAO_407A-10,São Paulo,3550308,True,,2194,,,-23.584784499999998,-46.51971825,,,,1,2023-06-20T04:26:59+00:00
SAO_407A-10,São Paulo,3550308,True,,2194,,,-23.555372,-46.576878,,,,1,2023-06-20T04:27:42+00:00
SAO_407A-10,São Paulo,3550308,True,,2194,,,-23.542392999999997,-46.616875500000006,,,,1,2023-06-20T04:27:13+00:00
SAO_6232-10,São Paulo,3550308,True,,33251,,,-23.5263075,-46.666958,,,,2,2023-06-20T04:27:33+00:00
SAO_342C-10,São Paulo,3550308,True,,1002,,,-23.5584715,-46.4982205,,,,1,2023-06-20T04:27:40+00:00
SAO_342C-10,São Paulo,3550308,True,,1002,,,-23.53381725,-46.523146374999996,,,,1,2023-06-20T04:23:17+00:00
SAO_311C-10,São Paulo,3550308,True,,33077,,,-23.594777,-46.5478045,,,,2,2023-06-20T04:27:07+00:00
SAO_311C-10,São Paulo,3550308,True,,33077,,,-23.552478,-46.5999155,,,,2,2023-06-20T04:27:26+00:00
SAO_311C-10,São Paulo,3550308,True,,33077,,,-23.590377625,-46.575909374999995,,,,2,2023-06-20T04:27:14+00:00
SAO_1721-10,São Paulo,3550308,True,,666,,,-23.4908215,-46.58887275,,,,1,2023-06-20T04:26:56+00:00
SAO_1721-10,São Paulo,3550308,True,,666,,,-23.504027999999998,-46.6152115,,,,1,2023-06-20T04:24:07+00:00
SAO_8008-10,São Paulo,3550308,True,,34026,,,-23.470457,-46.751476499999995,,,,2,2023-06-20T04:27:09+00:00
SAO_8008-10,São Paulo,3550308,True,,34026,,,-23.4824635,-46.751582,,,,2,2023-06-20T04:27:12+00:00
SAO_8008-10,São Paulo,3550308,True,,34026,,,-23.470457,-46.751476499999995,,,,2,2023-06-20T04:27:41+00:00
SAO_4732-10,São Paulo,3550308,True,,33070,,,-23.627252499999997,-46.61495275,,,,2,2023-06-20T04:27:03+00:00
SAO_809N-10,São Paulo,3550308,True,,2244,,,-23.539687999999998,-46.713445500000006,,,,1,2023-06-20T04:27:13+00:00
SAO_6118-10,São Paulo,3550308,True,,1188,,,-23.653890625,-46.71154075,,,,1,2023-06-20T04:27:06+00:00
SAO_6118-10,São Paulo,3550308,True,,1188,,,-23.72345725,-46.709168749999996,,,,1,2023-06-20T04:27:33+00:00
SAO_6118-10,São Paulo,3550308,True,,1188,,,-23.662343874999998,-46.706628,,,,1,2023-06-20T04:27:25+00:00
SAO_178A-10,São Paulo,3550308,True,,33326,,,-23.502758,-46.623603,,,,2,2023-06-20T04:27:20+00:00
SAO_178A-10,São Paulo,3550308,True,,33326,,,-23.528823,-46.66128500000001,,,,2,2023-06-20T04:27:16+00:00
SAO_8043-10,São Paulo,3550308,True,,407,,,-23.522283625,-46.705592124999995,,,,1,2023-06-20T04:27:21+00:00
SAO_8043-10,São Paulo,3550308,True,,407,,,-23.478941,-46.7476305,,,,1,2023-06-20T04:27:03+00:00
SAO_4013-10,São Paulo,3550308,True,,2186,,,-23.6353085,-46.443883,,,,1,2023-06-20T04:27:07+00:00
SAO_4013-10,São Paulo,3550308,True,,2186,,,-23.62907175,-46.444954249999995,,,,1,2023-06-20T04:27:38+00:00
SAO_4005-10,São Paulo,3550308,True,,2179,,,-23.58002175,-46.399840874999995,,,,1,2023-06-20T04:27:32+00:00
SAO_1741-10,São Paulo,3550308,True,,539,,,-23.503125,-46.6245765,,,,1,2023-06-20T04:27:23+00:00
SAO_1741-10,São Paulo,3550308,True,,539,,,-23.485795,-46.643902499999996,,,,1,2023-06-20T04:27:13+00:00
SAO_7053-22,São Paulo,3550308,True,,1896,,,-23.631218,-46.773197499999995,,,,1,2023-06-20T04:27:37+00:00
SAO_4114-10,São Paulo,3550308,True,EMTU,321,https://moovitapp.com/index/pt-br/transporte_p%C3%BAblico-line-321-Sao_Paulo-242-2038937-36419411-0,5.4,-23.587805,-46.6315465,,,,1,2023-06-20T04:27:20+00:00
SAO_2713-10,São Paulo,3550308,True,Cidade de Caieiras,220,https://moovitapp.com/index/pt-br/transporte_p%C3%BAblico-line-220-Sao_Paulo-242-868761-496409-0,5.0,-23.53190525,-46.551139000000006,,,,1,2023-06-20T04:27:40+00:00
SAO_307C-10,São Paulo,3550308,True,,2114,,,-23.528884125,-46.474213750000004,,,,1,2023-06-20T04:27:25+00:00
SAO_307C-10,São Paulo,3550308,True,,2114,,,-23.503643,-46.380181,,,,1,2023-06-20T04:27:24+00:00
SAO_307C-10,São Paulo,3550308,True,,2114,,,-23.50711675,-46.395742999999996,,,,1,2023-06-20T04:26:27+00:00
SAO_4286-10,São Paulo,3550308,True,,326,,,-23.608881,-46.533136,,,,1,2023-06-20T04:27:36+00:00
SAO_6835-10,São Paulo,3550308,True,BR7 Mobilidade,12,https://moovitapp.com/index/pt-br/transporte_p%C3%BAblico-line-12-Sao_Paulo-242-851856-542340-0,5.75,-23.685891249999997,-46.80004425,,,,1,2023-06-20T04:27:00+00:00
SAO_627J-10,São Paulo,3550308,True,,34824,,,-23.6394745,-46.641374500000005,,,,2,2023-06-20T04:27:35+00:00
SAO_627J-10,São Paulo,3550308,True,,34824,,,-23.6280595,-46.643967,,,,2,2023-06-20T04:27:10+00:00
SAO_627J-10,São Paulo,3550308,True,,34824,,,-23.648086499999998,-46.6402415,,,,2,2023-06-20T04:27:29+00:00
SAO_627J-10,São Paulo,3550308,True,,34824,,,-23.6815315,-46.6338755,,,,2,2023-06-20T04:27:21+00:00
SAO_1701-21,São Paulo,3550308,True,,2476,,,-23.447538,-46.576252999999994,,,,1,2023-06-20T04:27:09+00:00
SAO_1701-21,São Paulo,3550308,True,,2476,,,-23.4481685,-46.574013,,,,1,2023-06-20T04:25:08+00:00
SAO_2590-10,São Paulo,3550308,True,,33680,,,-23.483154250000002,-46.466711000000004,,,,2,2023-06-20T04:27:02+00:00
SAO_2590-10,São Paulo,3550308,True,,33680,,,-23.54192725,-46.61494925,,,,2,2023-06-20T04:25:59+00:00
SAO_2590-10,São Paulo,3550308,True,,33680,,,-23.49625875,-46.5119855,,,,2,2023-06-20T04:27:23+00:00
SAO_2590-10,São Paulo,3550308,True,,33680,,,-23.4925955,-46.4534065,,,,2,2023-06-20T04:27:19+00:00
SAO_8000-10,São Paulo,3550308,True,,1273,,,-23.5213145,-46.7003775,,,,1,2023-06-20T04:27:18+00:00
SAO_314V-10,São Paulo,3550308,True,EMTU,311,https://moovitapp.com/index/pt-br/transporte_p%C3%BAblico-line-311-Sao_Paulo-242-2038937-36419403-0,7.9,-23.581695625000002,-46.594759875,,,,1,2023-06-20T04:27:11+00:00
SAO_6803-10,São Paulo,3550308,True,BR7 Mobilidade,29,https://moovitapp.com/index/pt-br/transporte_p%C3%BAblico-line-29-Sao_Paulo-242-851856-500111-0,5.75,-23.6551405,-46.754138999999995,,,,1,2023-06-20T04:27:42+00:00
SAO_6803-10,São Paulo,3550308,True,BR7 Mobilidade,29,https://moovitapp.com/index/pt-br/transporte_p%C3%BAblico-line-29-Sao_Paulo-242-851856-500111-0,5.75,-23.643748000000002,-46.735154,,,,1,2023-06-20T04:27:31+00:00
SAO_805L-10,São Paulo,3550308,True,,32892,,,-23.53506275,-46.644746999999995,,,,2,2023-06-20T04:27:15+00:00
SAO_805L-10,São Paulo,3550308,True,,32892,,,-23.565641499999998,-46.6513415,,,,2,2023-06-20T04:27:00+00:00
SAO_805L-10,São Paulo,3550308,True,,32892,,,-23.534046500000002,-46.64469425,,,,2,2023-06-20T04:27:10+00:00
SAO_971C-10,São Paulo,3550308,True,,571,,,-23.466138,-46.6792575,,,,1,2023-06-20T04:27:34+00:00
SAO_971C-10,São Paulo,3550308,True,,571,,,-23.43645,-46.71763787500001,,,,1,2023-06-20T04:27:18+00:00
SAO_4718-10,São Paulo,3550308,True,EMTU,336,https://moovitapp.com/index/pt-br/transporte_p%C3%BAblico-line-336-Sao_Paulo-242-2038937-36419421-0,4.8,-23.631611,-46.6172765,,,,1,2023-06-20T04:27:37+00:00
SAO_9181-10,São Paulo,3550308,True,,33653,,,-23.48489,-46.687429,,,,2,2023-06-20T04:27:16+00:00
SAO_9181-10,São Paulo,3550308,True,,33653,,,-23.457219000000002,-46.696751,,,,2,2023-06-20T04:27:32+00:00
SAO_2523-10,São Paulo,3550308,True,,33018,,,-23.521767500000003,-46.4247855,,,,2,2023-06-20T04:27:38+00:00
SAO_2523-10,São Paulo,3550308,True,,33018,,,-23.519085,-46.440343999999996,,,,2,2023-06-20T04:27:36+00:00
SAO_2523-10,São Paulo,3550308,True,,33018,,,-23.5216,-46.4253885,,,,2,2023-06-20T04:27:33+00:00
SAO_2523-10,São Paulo,3550308,True,,33018,,,-23.5180075,-46.475902500000004,,,,2,2023-06-20T04:27:34+00:00
SAO_2523-10,São Paulo,3550308,True,,33018,,,-23.521937,-46.4241185,,,,2,2023-06-20T04:27:12+00:00
SAO_4007-10,São Paulo,3550308,True,,2181,,,-23.560159,-46.4121515,,,,1,2023-06-20T04:27:06+00:00
SAO_4007-10,São Paulo,3550308,True,,2181,,,-23.55156875,-46.5125965,,,,1,2023-06-20T04:27:03+00:00
SAO_4007-10,São Paulo,3550308,True,,2181,,,-23.555469625,-46.45301825,,,,1,2023-06-20T04:27:07+00:00
SAO_575C-10,São Paulo,3550308,True,,34454,,,-23.580758250000002,-46.5259895,,,,2,2023-06-20T04:27:31+00:00
SAO_271M-10,São Paulo,3550308,True,,684,,,-23.512827,-46.563369,,,,1,2023-06-20T04:27:34+00:00
SAO_271M-10,São Paulo,3550308,True,,684,,,-23.5164585,-46.568206,,,,1,2023-06-20T04:27:26+00:00
SAO_271M-10,São Paulo,3550308,True,,684,,,-23.50162425,-46.62357300000001,,,,1,2023-06-20T04:27:17+00:00
SAO_9090-10,São Paulo,3550308,True,,33652,,,-23.492787,-46.67128075,,,,2,2023-06-20T04:27:36+00:00
SAO_9090-10,São Paulo,3550308,True,,33652,,,-23.462843874999997,-46.676674625000004,,,,2,2023-06-20T04:27:16+00:00
SAO_6063-43,São Paulo,3550308,True,,2480,,,-23.814898499999998,-46.6696205,,,,1,2023-06-20T04:27:41+00:00
SAO_4052-10,São Paulo,3550308,True,,2145,,,-23.53697275,-46.4554635,,,,1,2023-06-20T04:27:31+00:00
SAO_2030-10,São Paulo,3550308,True,,35032,,,-23.486455,-46.640005,,,,2,2023-06-20T04:27:32+00:00
SAO_8043-10,São Paulo,3550308,True,,33175,,,-23.483012000000002,-46.744038,,,,2,2023-06-20T04:27:12+00:00
SAO_2711-10,São Paulo,3550308,True,,925,,,-23.514256999999997,-46.49627687499999,,,,1,2023-06-20T04:27:30+00:00
SAO_407F-10,São Paulo,3550308,True,,34935,,,-23.612038499999997,-46.4762595,,,,2,2023-06-20T04:27:25+00:00
SAO_8075-10,São Paulo,3550308,True,,34812,,,-23.572110000000002,-46.709346,,,,2,2023-06-20T04:27:01+00:00
SAO_8075-10,São Paulo,3550308,True,,34812,,,-23.620141750000002,-46.757852375,,,,2,2023-06-20T04:27:19+00:00
SAO_297A-10,São Paulo,3550308,True,,2133,,,-23.49799025,-46.67594525,,,,1,2023-06-20T04:27:05+00:00
SAO_5034-31,São Paulo,3550308,True,,1664,,,-23.629154,-46.5972065,,,,1,2023-06-20T04:27:39+00:00
SAO_5034-31,São Paulo,3550308,True,,1664,,,-23.603487,-46.603455999999994,,,,1,2023-06-20T04:27:03+00:00
SAO_7725-10,São Paulo,3550308,True,,33240,,,-23.554968,-46.724385999999996,,,,2,2023-06-20T04:27:26+00:00
SAO_8027-10,São Paulo,3550308,True,,2162,,,-23.5667485,-46.754223499999995,,,,1,2023-06-20T04:27:08+00:00
SAO_5757-10,São Paulo,3550308,True,,1288,,,-23.6366175,-46.641171,,,,1,2023-06-20T04:26:56+00:00
SAO_5757-10,São Paulo,3550308,True,,1288,,,-23.679215,-46.640164,,,,1,2023-06-20T04:27:28+00:00
SAO_4742-10,São Paulo,3550308,True,EMTU,342,https://moovitapp.com/index/pt-br/transporte_p%C3%BAblico-line-342-Sao_Paulo-242-2038937-36419426-0,7.55,-23.636103249999998,-46.627109000000004,,,,1,2023-06-20T04:27:37+00:00
SAO_3903-10,São Paulo,3550308,True,,34239,,,-23.536789499999998,-46.470034,,,,2,2023-06-20T04:27:25+00:00
SAO_407R-10,São Paulo,3550308,True,,2201,,,-23.5625845,-46.522476,,,,1,2023-06-20T04:27:09+00:00
SAO_407R-10,São Paulo,3550308,True,,2201,,,-23.558462,-46.5226175,,,,1,2023-06-20T04:27:21+00:00
SAO_407R-10,São Paulo,3550308,True,,2201,,,-23.5429115,-46.5874025,,,,1,2023-06-20T04:27:16+00:00
SAO_3414-10,São Paulo,3550308,True,,746,,,-23.5461345,-46.630341,,,,1,2023-06-20T04:27:22+00:00
SAO_6804-10,São Paulo,3550308,True,,32798,,,-23.635654000000002,-46.747935999999996,,,,2,2023-06-20T04:27:31+00:00
SAO_6804-10,São Paulo,3550308,True,,32798,,,-23.636533,-46.751744,,,,2,2023-06-20T04:27:35+00:00
SAO_7181-10,São Paulo,3550308,True,,34100,,,-23.5529145,-46.7319765,,,,2,2023-06-20T04:27:03+00:00
SAO_7181-10,São Paulo,3550308,True,,34100,,,-23.54142825,-46.642518499999994,,,,2,2023-06-20T04:27:01+00:00
SAO_7181-10,São Paulo,3550308,True,,34100,,,-23.5529145,-46.7319765,,,,2,2023-06-20T04:27:14+00:00
SAO_775N-10,São Paulo,3550308,True,,33242,,,-23.5767655,-46.7657605,,,,2,2023-06-20T04:27:05+00:00
SAO_971X-10,São Paulo,3550308,True,,1695,,,-23.500221375,-46.632821750000005,,,,1,2023-06-20T04:27:33+00:00
SAO_971X-10,São Paulo,3550308,True,,1695,,,-23.4747695,-46.669715,,,,1,2023-06-20T04:27:03+00:00
SAO_2725-10,São Paulo,3550308,True,,33707,,,-23.539938499999998,-46.482815,,,,2,2023-06-20T04:27:33+00:00
SAO_2725-10,São Paulo,3550308,True,,33707,,,-23.519386,-46.471001,,,,2,2023-06-20T04:27:35+00:00
SAO_6062-51,São Paulo,3550308,True,,34507,,,-23.679721375,-46.696028,,,,2,2023-06-20T04:27:17+00:00
SAO_6062-51,São Paulo,3550308,True,,34507,,,-23.730690000000003,-46.6880945,,,,2,2023-06-20T04:27:35+00:00
SAO_425E-10,São Paulo,3550308,True,,1636,,,-23.619021500000002,-46.468376,,,,1,2023-06-20T04:27:01+00:00
SAO_3139-10,São Paulo,3550308,True,,33763,,,-23.561893500000004,-46.56246725,,,,2,2023-06-20T04:27:32+00:00
SAO_6045-21,São Paulo,3550308,True,,2164,,,-23.6808805,-46.782784500000005,,,,1,2023-06-20T04:27:11+00:00
SAO_6045-21,São Paulo,3550308,True,,2164,,,-23.694674999999997,-46.793941000000004,,,,1,2023-06-20T04:27:26+00:00
SAO_6045-21,São Paulo,3550308,True,,2164,,,-23.6945095,-46.7940355,,,,1,2023-06-20T04:27:16+00:00
SAO_4284-10,São Paulo,3550308,True,,33057,,,-23.608772000000002,-46.555296,,,,2,2023-06-20T04:27:33+00:00
SAO_3064-41,São Paulo,3550308,True,,1933,,,-23.5830695,-46.408172,,,,1,2023-06-20T04:27:06+00:00
SAO_7021-10,São Paulo,3550308,True,,34757,,,-23.6706775,-46.767814,,,,2,2023-06-20T04:27:11+00:00
SAO_809U-10,São Paulo,3550308,True,,35022,,,-23.54583875,-46.704570000000004,,,,2,2023-06-20T04:27:37+00:00
SAO_2714-10,São Paulo,3550308,True,,927,,,-23.5313415,-46.529821,,,,1,2023-06-20T04:27:33+00:00
SAO_2714-10,São Paulo,3550308,True,,927,,,-23.514884625,-46.530816,,,,1,2023-06-20T04:27:06+00:00
SAO_1745-10,São Paulo,3550308,True,,546,,,-23.500229625,-46.63319625,,,,1,2023-06-20T04:27:10+00:00
SAO_1745-10,São Paulo,3550308,True,,546,,,-23.513510625000002,-46.616156249999996,,,,1,2023-06-20T04:27:37+00:00
SAO_6801-51,São Paulo,3550308,True,,1774,,,-23.6600395,-46.729899,,,,1,2023-06-20T04:27:08+00:00
SAO_2720-31,São Paulo,3550308,True,,34610,,,-23.4893595,-46.464546,,,,2,2023-06-20T04:27:07+00:00
SAO_8023-10,São Paulo,3550308,True,,2074,,,-23.59181125,-46.73579,,,,1,2023-06-20T04:27:03+00:00
SAO_209P-1,São Paulo,3550308,True,,2301,,,-23.46998575,-46.670573000000005,,,,1,2023-06-20T04:27:20+00:00
SAO_7903-10,São Paulo,3550308,True,,512,,,-23.58374275,-46.735281125,,,,1,2023-06-20T04:27:33+00:00
SAO_8077-10,São Paulo,3550308,True,,34818,,,-23.6014325,-46.7918495,,,,2,2023-06-20T04:27:29+00:00
SAO_8077-10,São Paulo,3550308,True,,34818,,,-23.5866945,-46.761433,,,,2,2023-06-20T04:27:33+00:00
SAO_172J-10,São Paulo,3550308,True,,856,,,-23.528323,-46.599075,,,,1,2023-06-20T04:26:56+00:00
SAO_172J-10,São Paulo,3550308,True,,856,,,-23.539959500000002,-46.5767995,,,,1,2023-06-20T04:27:24+00:00
SAO_172J-10,São Paulo,3550308,True,,856,,,-23.4797715,-46.568705,,,,1,2023-06-20T04:27:07+00:00
SAO_172J-10,São Paulo,3550308,True,,856,,,-23.486444,-46.568592499999994,,,,1,2023-06-20T04:27:06+00:00
SAO_172J-10,São Paulo,3550308,True,,856,,,-23.514446,-46.5822,,,,1,2023-06-20T04:27:14+00:00
SAO_6813-10,São Paulo,3550308,True,,32801,,,-23.655178499999998,-46.762237,,,,2,2023-06-20T04:27:42+00:00
SAO_374V-10,São Paulo,3550308,True,,1647,,,-23.514353,-46.454021749999995,,,,1,2023-06-20T04:27:17+00:00
SAO_374V-10,São Paulo,3550308,True,,1647,,,-23.542716,-46.469168499999995,,,,1,2023-06-20T04:26:58+00:00
SAO_374V-10,São Paulo,3550308,True,,1647,,,-23.5342945,-46.454449,,,,1,2023-06-20T04:26:59+00:00
SAO_2005-10,São Paulo,3550308,True,,893,,,-23.495227749999998,-46.43297925,,,,1,2023-06-20T04:27:20+00:00
SAO_2005-10,São Paulo,3550308,True,,893,,,-23.48170725,-46.379062250000004,,,,1,2023-06-20T04:27:02+00:00
SAO_1026-10,São Paulo,3550308,True,,35074,,,-23.4704835,-46.7104185,,,,2,2023-06-20T04:27:18+00:00
SAO_1026-10,São Paulo,3550308,True,,35074,,,-23.47114175,-46.71015375,,,,2,2023-06-20T04:27:07+00:00
SAO_8013-41,São Paulo,3550308,True,,34779,,,-23.4316619375,-46.786911125,,,,2,2023-06-20T04:27:04+00:00
SAO_6258-10,São Paulo,3550308,True,,1232,,,-23.67978575,-46.7345675,,,,1,2023-06-20T04:27:34+00:00
SAO_6258-10,São Paulo,3550308,True,,1232,,,-23.6539175,-46.710299500000005,,,,1,2023-06-20T04:27:01+00:00
SAO_6258-10,São Paulo,3550308,True,,1232,,,-23.691460499999998,-46.746868500000005,,,,1,2023-06-20T04:26:59+00:00
SAO_8707-10,São Paulo,3550308,True,,2064,,,-23.570977499999998,-46.690430000000006,,,,1,2023-06-20T04:27:41+00:00
SAO_8707-10,São Paulo,3550308,True,,2064,,,-23.5474995,-46.640241,,,,1,2023-06-20T04:27:18+00:00
SAO_2024-10,São Paulo,3550308,True,,35029,,,-23.398522,-46.578048,,,,2,2023-06-20T04:27:30+00:00
SAO_2717-10,São Paulo,3550308,True,,33698,,,-23.50358125,-46.5045975,,,,2,2023-06-20T04:27:38+00:00
SAO_2717-10,São Paulo,3550308,True,,33698,,,-23.528868,-46.5167825,,,,2,2023-06-20T04:27:08+00:00
SAO_2717-10,São Paulo,3550308,True,,33698,,,-23.522538500000003,-46.52036775,,,,2,2023-06-20T04:27:25+00:00
SAO_2717-10,São Paulo,3550308,True,,33698,,,-23.528868,-46.5167825,,,,2,2023-06-20T04:26:46+00:00
SAO_N301-11,São Paulo,3550308,True,,35103,,,-23.5469355,-46.630097,,,,2,2023-06-20T04:27:33+00:00
SAO_809N-10,São Paulo,3550308,True,,35012,,,-23.566784,-46.7633515,,,,2,2023-06-20T04:27:24+00:00
SAO_513C-10,São Paulo,3550308,True,,35303,,,-23.611414,-46.48338,,,,2,2023-06-20T04:24:19+00:00
SAO_3004-10,São Paulo,3550308,True,,1798,,,-23.49152775,-46.42671375,,,,1,2023-06-20T04:27:01+00:00
SAO_3004-10,São Paulo,3550308,True,,1798,,,-23.47485725,-46.423556500000004,,,,1,2023-06-20T04:24:50+00:00
SAO_2058-10,São Paulo,3550308,True,,259,,,-23.494310249999998,-46.43849349999999,,,,1,2023-06-20T04:27:01+00:00
SAO_3002-10,São Paulo,3550308,True,,34576,,,-23.498223,-46.396463,,,,2,2023-06-20T04:27:37+00:00
SAO_3002-10,São Paulo,3550308,True,,34576,,,-23.495266,-46.432126,,,,2,2023-06-20T04:26:47+00:00
SAO_8006-10,São Paulo,3550308,True,,34024,,,-23.4864985,-46.7264675,,,,2,2023-06-20T04:27:13+00:00
SAO_8006-10,São Paulo,3550308,True,,34024,,,-23.432887,-46.7297695,,,,2,2023-06-20T04:27:03+00:00
SAO_8006-10,São Paulo,3550308,True,,34024,,,-23.439023499999998,-46.734896000000006,,,,2,2023-06-20T04:27:18+00:00
SAO_4286-10,São Paulo,3550308,True,,33094,,,-23.6092545,-46.5288495,,,,2,2023-06-20T04:27:40+00:00
SAO_4286-10,São Paulo,3550308,True,,33094,,,-23.59682,-46.541678,,,,2,2023-06-20T04:27:33+00:00
SAO_3021-10,São Paulo,3550308,True,,33044,,,-23.59616775,-46.523837,,,,2,2023-06-20T04:27:36+00:00
SAO_4003-10,São Paulo,3550308,True,,2159,,,-23.5349085,-46.45375,,,,1,2023-06-20T04:27:27+00:00
SAO_4003-10,São Paulo,3550308,True,,2159,,,-23.533719124999998,-46.44977075,,,,1,2023-06-20T04:27:06+00:00
SAO_4003-10,São Paulo,3550308,True,,2159,,,-23.570022,-46.40780475,,,,1,2023-06-20T04:27:20+00:00
SAO_342N-10,São Paulo,3550308,True,,33771,,,-23.5628445,-46.3949135,,,,2,2023-06-20T04:27:30+00:00
SAO_342N-10,São Paulo,3550308,True,,33771,,,-23.564962,-46.415743,,,,2,2023-06-20T04:27:07+00:00
SAO_3006-21,São Paulo,3550308,True,,35318,,,-23.547517499999998,-46.39031850000001,,,,2,2023-06-20T04:27:35+00:00
SAO_3414-10,São Paulo,3550308,True,,33514,,,-23.541942499999998,-46.5232755,,,,2,2023-06-20T04:27:39+00:00
SAO_6016-41,São Paulo,3550308,True,,1706,,,-23.7403345,-46.691452999999996,,,,1,2023-06-20T04:27:25+00:00
SAO_7005-10,São Paulo,3550308,True,,1998,,,-23.69319,-46.778980000000004,,,,1,2023-06-20T04:27:40+00:00
SAO_6046-10,São Paulo,3550308,True,,1223,,,-23.666631,-46.771947,,,,1,2023-06-20T04:27:23+00:00
SAO_875C-1,São Paulo,3550308,True,,35278,,,-23.59829525,-46.644203250000004,,,,2,2023-06-20T04:27:17+00:00
SAO_875C-1,São Paulo,3550308,True,,35278,,,-23.519804,-46.7002605,,,,2,2023-06-20T04:27:16+00:00
SAO_6818-10,São Paulo,3550308,True,,32796,,,-23.655496999999997,-46.7724535,,,,2,2023-06-20T04:27:40+00:00
SAO_6818-10,São Paulo,3550308,True,,32796,,,-23.6504005,-46.75935,,,,2,2023-06-20T04:27:12+00:00
SAO_8075-21,São Paulo,3550308,True,,35305,,,-23.6313825,-46.77286,,,,2,2023-06-20T04:27:19+00:00
SAO_3024-10,São Paulo,3550308,True,EMTU,277,https://moovitapp.com/index/pt-br/transporte_p%C3%BAblico-line-277-Sao_Paulo-242-2038937-36419380-0,8.15,-23.610184,-46.5322215,,,,1,2023-06-20T04:27:34+00:00
SAO_8600-22,São Paulo,3550308,True,,34822,,,-23.54222525,-46.6382325,,,,2,2023-06-20T04:27:36+00:00
SAO_5100-10,São Paulo,3550308,True,,34138,,,-23.5820395,-46.666586375,,,,2,2023-06-20T04:27:21+00:00
SAO_5100-10,São Paulo,3550308,True,,34138,,,-23.5471955,-46.630402000000004,,,,2,2023-06-20T04:27:20+00:00
SAO_809V-10,São Paulo,3550308,True,,2243,,,-23.572761999999997,-46.723543875000004,,,,1,2023-06-20T04:27:06+00:00
SAO_2007-10,São Paulo,3550308,True,,896,,,-23.505584499999998,-46.376963,,,,1,2023-06-20T04:27:12+00:00
SAO_2007-10,São Paulo,3550308,True,,896,,,-23.49431425,-46.402814,,,,1,2023-06-20T04:27:35+00:00
SAO_6L10-41,São Paulo,3550308,True,,2005,,,-23.7740475,-46.7405355,,,,1,2023-06-20T04:27:11+00:00
SAO_6001-10,São Paulo,3550308,True,,32820,,,-23.654408500000002,-46.762060999999996,,,,2,2023-06-20T04:27:21+00:00
SAO_7267-10,São Paulo,3550308,True,,1427,,,-23.548431,-46.680848499999996,,,,1,2023-06-20T04:27:09+00:00
SAO_6422-10,São Paulo,3550308,True,,33129,,,-23.6251485,-46.6865665,,,,2,2023-06-20T04:27:43+00:00
SAO_6422-10,São Paulo,3550308,True,,33129,,,-23.641378000000003,-46.71796825,,,,2,2023-06-20T04:27:19+00:00
SAO_6422-10,São Paulo,3550308,True,,33129,,,-23.641471,-46.716970625,,,,2,2023-06-20T04:27:15+00:00
SAO_6039-21,São Paulo,3550308,True,,35261,,,-23.654274,-46.7625595,,,,2,2023-06-20T04:27:09+00:00
SAO_8075-21,São Paulo,3550308,True,,2537,,,-23.59181125,-46.73579,,,,1,2023-06-20T04:27:29+00:00
SAO_1034-10,São Paulo,3550308,True,,35220,,,-23.47083525,-46.71026325,,,,2,2023-06-20T04:27:24+00:00
SAO_N633-11,São Paulo,3550308,True,,35166,,,-23.6464495,-46.646234750000005,,,,2,2023-06-20T04:27:19+00:00
SAO_271F-10,São Paulo,3550308,True,,683,,,-23.508286499999997,-46.6154515,,,,1,2023-06-20T04:27:21+00:00
SAO_271F-10,São Paulo,3550308,True,,683,,,-23.540992250000002,-46.592938000000004,,,,1,2023-06-20T04:27:30+00:00
SAO_3019-10,São Paulo,3550308,True,,957,,,-23.583009500000003,-46.4076625,,,,1,2023-06-20T04:27:04+00:00
SAO_2726-10,São Paulo,3550308,True,Urubupungá,940,https://moovitapp.com/index/pt-br/transporte_p%C3%BAblico-line-940-Sao_Paulo-242-873835-496474-0,4.6,-23.5143825,-46.468978,,,,1,2023-06-20T04:27:24+00:00
SAO_2726-10,São Paulo,3550308,True,Urubupungá,940,https://moovitapp.com/index/pt-br/transporte_p%C3%BAblico-line-940-Sao_Paulo-242-873835-496474-0,4.6,-23.52309375,-46.5329785,,,,1,2023-06-20T04:27:11+00:00
SAO_2726-10,São Paulo,3550308,True,Urubupungá,940,https://moovitapp.com/index/pt-br/transporte_p%C3%BAblico-line-940-Sao_Paulo-242-873835-496474-0,4.6,-23.507884,-46.4898035,,,,1,2023-06-20T04:27:06+00:00
SAO_546A-31,São Paulo,3550308,True,,33900,,,-23.663834,-46.6913885,,,,2,2023-06-20T04:27:38+00:00
SAO_9500-10,São Paulo,3550308,True,EMTU,461,https://moovitapp.com/index/pt-br/transporte_p%C3%BAblico-line-461-Sao_Paulo-242-2038937-36419501-0,5.1,-23.50318,-46.6723615,,,,1,2023-06-20T04:27:42+00:00
SAO_9500-10,São Paulo,3550308,True,EMTU,461,https://moovitapp.com/index/pt-br/transporte_p%C3%BAblico-line-461-Sao_Paulo-242-2038937-36419501-0,5.1,-23.5428845,-46.636273,,,,1,2023-06-20T04:27:06+00:00
SAO_9500-10,São Paulo,3550308,True,EMTU,461,https://moovitapp.com/index/pt-br/transporte_p%C3%BAblico-line-461-Sao_Paulo-242-2038937-36419501-0,5.1,-23.5297005,-46.647508,,,,1,2023-06-20T04:27:37+00:00
SAO_2008-10,São Paulo,3550308,True,,33665,,,-23.5212705,-46.38851,,,,2,2023-06-20T04:27:39+00:00
SAO_4016-10,São Paulo,3550308,True,,2189,,,-23.623079750000002,-46.46513125,,,,1,2023-06-20T04:27:12+00:00
SAO_609J-10,São Paulo,3550308,True,,2242,,,-23.626586500000002,-46.65958,,,,1,2023-06-20T04:27:28+00:00
SAO_8026-10,São Paulo,3550308,True,,34851,,,-23.627806,-46.748344,,,,2,2023-06-20T04:27:25+00:00
SAO_4005-10,São Paulo,3550308,True,,34947,,,-23.584181,-46.4084645,,,,2,2023-06-20T04:27:16+00:00
SAO_4005-10,São Paulo,3550308,True,,34947,,,-23.58888925,-46.394664,,,,2,2023-06-20T04:27:20+00:00
SAO_3008-10,São Paulo,3550308,True,,35283,,,-23.495272999999997,-46.4048675,,,,2,2023-06-20T04:27:15+00:00
SAO_3008-10,São Paulo,3550308,True,,35283,,,-23.52384875,-46.39582775,,,,2,2023-06-20T04:26:33+00:00
SAO_3008-10,São Paulo,3550308,True,,35283,,,-23.51643025,-46.3957025,,,,2,2023-06-20T04:27:24+00:00
SAO_648P-10,São Paulo,3550308,True,,66,,,-23.61772025,-46.697326000000004,,,,1,2023-06-20T04:27:16+00:00
SAO_7002-10,São Paulo,3550308,True,,772,,,-23.5712865,-46.69927800000001,,,,1,2023-06-20T04:25:20+00:00
SAO_5026-10,São Paulo,3550308,True,,34403,,,-23.605611,-46.496804,,,,2,2023-06-20T04:27:40+00:00
SAO_5026-10,São Paulo,3550308,True,,34403,,,-23.6221085,-46.5098615,,,,2,2023-06-20T04:27:12+00:00
SAO_546L-41,São Paulo,3550308,True,,1286,,,-23.688633000000003,-46.638399750000005,,,,1,2023-06-20T04:27:17+00:00
SAO_746V-10,São Paulo,3550308,True,,792,,,-23.620389250000002,-46.757758125,,,,1,2023-06-20T04:27:17+00:00
SAO_7062-10,São Paulo,3550308,True,,34666,,,-23.6460105,-46.7721625,,,,2,2023-06-20T04:27:24+00:00
SAO_3390-10,São Paulo,3550308,True,,33506,,,-23.563357500000002,-46.6111075,,,,2,2023-06-20T04:26:46+00:00
SAO_3390-10,São Paulo,3550308,True,,33506,,,-23.581467500000002,-46.5852565,,,,2,2023-06-20T04:27:20+00:00
SAO_7004-21,São Paulo,3550308,True,,35351,,,-23.741951999999998,-46.8009785,,,,2,2023-06-20T04:27:33+00:00
SAO_7004-21,São Paulo,3550308,True,,35351,,,-23.7418915,-46.800889,,,,2,2023-06-20T04:27:34+00:00
SAO_3010-10,São Paulo,3550308,True,,2543,,,-23.5152835,-46.456044500000004,,,,1,2023-06-20T04:27:09+00:00
SAO_809A-10,São Paulo,3550308,True,,34837,,,-23.5841995,-46.737246500000005,,,,2,2023-06-20T04:27:24+00:00
SAO_9002-10,São Paulo,3550308,True,,870,,,-23.473862,-46.6702305,,,,1,2023-06-20T04:27:30+00:00
SAO_8010-10,São Paulo,3550308,True,,798,,,-23.494968999999998,-46.7140825,,,,1,2023-06-20T04:27:21+00:00
SAO_8010-10,São Paulo,3550308,True,,798,,,-23.4629355,-46.721095500000004,,,,1,2023-06-19T22:47:54+00:00
SAO_8010-10,São Paulo,3550308,True,,798,,,-23.437752500000002,-46.7212355,,,,1,2023-06-20T04:27:35+00:00
SAO_6L07-10,São Paulo,3550308,True,,34313,,,-23.8313465,-46.711774500000004,,,,2,2023-06-20T04:26:59+00:00
SAO_6L07-10,São Paulo,3550308,True,,34313,,,-23.786526000000002,-46.714192,,,,2,2023-06-20T04:26:59+00:00
SAO_4016-10,São Paulo,3550308,True,,34957,,,-23.6127705,-46.4764035,,,,2,2023-06-20T04:27:33+00:00
SAO_6058-10,São Paulo,3550308,True,,1149,,,-23.77154,-46.711777999999995,,,,1,2023-06-20T04:27:35+00:00
SAO_407K-10,São Paulo,3550308,True,,34936,,,-23.5387,-46.5644465,,,,2,2023-06-20T04:27:34+00:00
SAO_475M-10,São Paulo,3550308,True,,33111,,,-23.5886845,-46.635341499999996,,,,2,2023-06-20T04:27:11+00:00
SAO_1738-10,São Paulo,3550308,True,,672,,,-23.500619999999998,-46.6133235,,,,1,2023-06-20T04:27:13+00:00
SAO_7051-10,São Paulo,3550308,True,,34653,,,-23.654795999999997,-46.7843735,,,,2,2023-06-20T04:27:40+00:00
SAO_7051-10,São Paulo,3550308,True,,34653,,,-23.654968500000003,-46.784118,,,,2,2023-06-20T04:27:03+00:00
SAO_4708-10,São Paulo,3550308,True,,33100,,,-23.618168500000003,-46.6106385,,,,2,2023-06-20T04:27:32+00:00
SAO_6072-23,São Paulo,3550308,True,,34772,,,-23.7676285,-46.7168275,,,,2,2023-06-20T04:27:41+00:00
SAO_121G-10,São Paulo,3550308,True,,691,,,-23.5097835,-46.5710045,,,,1,2023-06-20T04:27:34+00:00
SAO_121G-10,São Paulo,3550308,True,,691,,,-23.5220485,-46.56366175,,,,1,2023-06-20T04:27:24+00:00
SAO_8030-10,São Paulo,3550308,True,,2562,,,-23.5941585,-46.7329445,,,,1,2023-06-20T04:27:34+00:00
SAO_4011-10,São Paulo,3550308,True,,34952,,,-23.602997,-46.430473,,,,2,2023-06-20T04:27:18+00:00
SAO_4011-10,São Paulo,3550308,True,,34952,,,-23.62273675,-46.4174855,,,,2,2023-06-20T04:26:31+00:00
SAO_4011-10,São Paulo,3550308,True,,34952,,,-23.606507999999998,-46.471641250000005,,,,2,2023-06-20T04:27:23+00:00
SAO_6063-42,São Paulo,3550308,True,,2002,,,-23.7730165,-46.7025605,,,,1,2023-06-20T04:27:39+00:00
SAO_6L10-10,São Paulo,3550308,True,,1159,,,-23.767440999999998,-46.716431,,,,1,2023-06-20T04:27:26+00:00
SAO_6L10-10,São Paulo,3550308,True,,1159,,,-23.767305999999998,-46.716412,,,,1,2023-06-20T04:27:42+00:00
SAO_6L10-10,São Paulo,3550308,True,,1159,,,-23.767440999999998,-46.716431,,,,1,2023-06-20T04:27:29+00:00
SAO_4010-10,São Paulo,3550308,True,,34951,,,-23.55797,-46.523029,,,,2,2023-06-20T04:27:40+00:00
SAO_4010-10,São Paulo,3550308,True,,34951,,,-23.5520715,-46.46436,,,,2,2023-06-20T04:27:15+00:00
SAO_4010-10,São Paulo,3550308,True,,34951,,,-23.5520715,-46.46436,,,,2,2023-06-20T04:27:30+00:00
SAO_7011-31,São Paulo,3550308,True,,34722,,,-23.707812,-46.7918005,,,,2,2023-06-20T04:27:20+00:00
SAO_6063-41,São Paulo,3550308,True,,1773,,,-23.7730165,-46.7025605,,,,1,2023-06-20T04:27:43+00:00
SAO_6001-10,São Paulo,3550308,True,,52,,,-23.6540655,-46.712306999999996,,,,1,2023-06-20T04:27:17+00:00
SAO_2175-10,São Paulo,3550308,True,,33465,,,-23.54041625,-46.612528,,,,2,2023-06-20T04:27:18+00:00
SAO_2175-10,São Paulo,3550308,True,,33465,,,-23.497568,-46.5690515,,,,2,2023-06-20T04:26:08+00:00
SAO_390E-41,São Paulo,3550308,True,,35301,,,-23.519723125,-46.546817625,,,,2,2023-06-20T04:27:37+00:00
SAO_407N-10,São Paulo,3550308,True,,2169,,,-23.544005249999998,-46.530184250000005,,,,1,2023-06-20T04:27:02+00:00
SAO_407N-10,São Paulo,3550308,True,,2169,,,-23.58338225,-46.415035,,,,1,2023-06-20T04:26:04+00:00
SAO_407N-10,São Paulo,3550308,True,,2169,,,-23.5824475,-46.407562999999996,,,,1,2023-06-20T04:27:03+00:00
SAO_407N-10,São Paulo,3550308,True,,2169,,,-23.595864,-46.4524015,,,,1,2023-06-20T04:27:17+00:00
SAO_6083-10,São Paulo,3550308,True,,34501,,,-23.736779,-46.69382425,,,,2,2023-06-20T04:27:12+00:00
SAO_6083-10,São Paulo,3550308,True,,34501,,,-23.7533675,-46.669934,,,,2,2023-06-20T04:27:05+00:00
SAO_1782-10,São Paulo,3550308,True,,643,,,-23.45312,-46.571354,,,,1,2023-06-20T04:22:06+00:00
SAO_6008-10,São Paulo,3550308,True,,1200,,,-23.6840765,-46.736384,,,,1,2023-06-20T04:27:01+00:00
SAO_3161-10,São Paulo,3550308,True,,1084,,,-23.5451005,-46.6305605,,,,1,2023-06-20T04:27:12+00:00
SAO_1759-10,São Paulo,3550308,True,,33321,,,-23.462498500000002,-46.659318999999996,,,,2,2023-06-20T04:27:02+00:00
SAO_1759-10,São Paulo,3550308,True,,33321,,,-23.47937675,-46.63257825,,,,2,2023-06-20T04:26:54+00:00
SAO_8025-10,São Paulo,3550308,True,,2076,,,-23.59203575,-46.735672,,,,1,2023-06-20T04:26:58+00:00
SAO_8025-10,São Paulo,3550308,True,,2076,,,-23.5914875,-46.735569999999996,,,,1,2023-06-20T04:27:14+00:00
SAO_3735-41,São Paulo,3550308,True,,34688,,,-23.541107,-46.4847105,,,,2,2023-06-20T04:27:27+00:00
SAO_1021-10,São Paulo,3550308,True,EMTU,833,https://moovitapp.com/index/pt-br/transporte_p%C3%BAblico-line-833-Sao_Paulo-242-2038937-36419599-0,5.4,-23.478384,-46.727853499999995,,,,1,2023-06-20T04:27:09+00:00
SAO_513C-10,São Paulo,3550308,True,,2535,,,-23.6148725,-46.502408,,,,1,2023-06-20T04:27:22+00:00
SAO_513C-10,São Paulo,3550308,True,,2535,,,-23.606816,-46.5630875,,,,1,2023-06-20T04:27:05+00:00
SAO_211L-10,São Paulo,3550308,True,,2265,,,-23.5021335,-46.6730565,,,,1,2023-06-20T04:26:57+00:00
SAO_6080-10,São Paulo,3550308,True,,1168,,,-23.753134,-46.684884,,,,1,2023-06-20T04:27:22+00:00
SAO_4727-10,São Paulo,3550308,True,Cidade de Caieiras,340,https://moovitapp.com/index/pt-br/transporte_p%C3%BAblico-line-340-Sao_Paulo-242-868761-101563062-0,5.0,-23.6109875,-46.637339499999996,,,,1,2023-06-20T04:27:06+00:00
SAO_278A-10,São Paulo,3550308,True,,706,,,-23.5196355,-46.61821,,,,1,2023-06-20T04:27:19+00:00
SAO_4717-10,São Paulo,3550308,True,EMTU,335,https://moovitapp.com/index/pt-br/transporte_p%C3%BAblico-line-335-Sao_Paulo-242-2038937-36419420-0,5.35,-23.6228495,-46.607651625,,,,1,2023-06-20T04:27:19+00:00
SAO_3021-10,São Paulo,3550308,True,STT,276,https://moovitapp.com/index/pt-br/transporte_p%C3%BAblico-line-276-Sao_Paulo-242-850661-183276-0,5.3,-23.581189000000002,-46.5553355,,,,1,2023-06-20T04:27:06+00:00
SAO_271F-10,São Paulo,3550308,True,,33451,,,-23.54209775,-46.61522575,,,,2,2023-06-20T04:27:38+00:00
SAO_2025-10,São Paulo,3550308,True,,2267,,,-23.464211499999998,-46.583313000000004,,,,1,2023-06-20T04:27:15+00:00
SAO_2032-10,São Paulo,3550308,True,,35034,,,-23.49957,-46.60251,,,,2,2023-06-20T04:27:07+00:00
SAO_4019-10,São Paulo,3550308,True,,35292,,,-23.548913,-46.473406499999996,,,,2,2023-06-20T04:27:26+00:00
SAO_5164-41,São Paulo,3550308,True,,34385,,,-23.6325565,-46.631527500000004,,,,2,2023-06-20T04:27:31+00:00
SAO_N640-11,São Paulo,3550308,True,,35173,,,-23.6979655,-46.6481345,,,,2,2023-06-20T04:27:28+00:00
SAO_1760-10,São Paulo,3550308,True,EMTU,557,https://moovitapp.com/index/pt-br/transporte_p%C3%BAblico-line-557-Sao_Paulo-242-2038937-36419558-0,6.2,-23.456333,-46.659075,,,,1,2023-06-20T04:27:08+00:00
SAO_2735-21,São Paulo,3550308,True,,514,,,-23.507911,-46.5428165,,,,1,2023-06-20T04:27:25+00:00
SAO_2123-10,São Paulo,3550308,True,,692,,,-23.501781,-46.59737025,,,,1,2023-06-20T04:27:35+00:00
SAO_2123-10,São Paulo,3550308,True,,692,,,-23.54471425,-46.62530525,,,,1,2023-06-20T04:27:32+00:00
SAO_9020-10,São Paulo,3550308,True,,34202,,,-23.484018499999998,-46.722579999999994,,,,2,2023-06-20T04:27:31+00:00
SAO_5759-31,São Paulo,3550308,True,,1139,,,-23.6612035,-46.662732500000004,,,,1,2023-06-20T04:27:21+00:00
SAO_2715-10,São Paulo,3550308,True,,928,,,-23.50844625,-46.500106,,,,1,2023-06-20T04:27:01+00:00
SAO_2715-10,São Paulo,3550308,True,,928,,,-23.530618500000003,-46.5014455,,,,1,2023-06-20T04:27:41+00:00
SAO_TREI-10,São Paulo,3550308,True,,2489,,,-23.594777,-46.5478045,,,,1,2023-06-20T04:27:03+00:00
SAO_4717-10,São Paulo,3550308,True,,33103,,,-23.620297,-46.6207475,,,,2,2023-06-20T04:27:26+00:00
SAO_6418-10,São Paulo,3550308,True,,771,,,-23.616495999999998,-46.702199,,,,1,2023-06-20T04:27:23+00:00
SAO_6418-10,São Paulo,3550308,True,,771,,,-23.610416,-46.704665500000004,,,,1,2023-06-20T04:27:13+00:00
SAO_695Y-41,São Paulo,3550308,True,,1199,,,-23.7947685,-46.7304185,,,,1,2023-06-20T04:27:37+00:00
SAO_1021-10,São Paulo,3550308,True,,33601,,,-23.444919,-46.7110945,,,,2,2023-06-20T04:27:15+00:00
SAO_4735-10,São Paulo,3550308,True,,33878,,,-23.6186375,-46.472599,,,,2,2023-06-20T04:27:19+00:00
SAO_1015-10,São Paulo,3550308,True,,34998,,,-23.4318903125,-46.786874375,,,,2,2023-06-20T04:27:17+00:00
SAO_1764-10,São Paulo,3550308,True,,625,,,-23.4882275,-46.624149,,,,1,2023-06-20T04:24:47+00:00
SAO_745M-21,São Paulo,3550308,True,,1984,,,-23.637383,-46.779483,,,,1,2023-06-20T04:27:16+00:00
SAO_746R-10,São Paulo,3550308,True,,33558,,,-23.6099065,-46.7053325,,,,2,2023-06-20T04:27:05+00:00
SAO_3026-10,São Paulo,3550308,True,,33730,,,-23.5428155,-46.416185,,,,2,2023-06-20T04:26:10+00:00
SAO_9090-10,São Paulo,3550308,True,,884,,,-23.4749185,-46.6703675,,,,1,2023-06-20T04:27:34+00:00
SAO_7053-22,São Paulo,3550308,True,,34664,,,-23.6451655,-46.789329499999994,,,,2,2023-06-20T04:27:15+00:00
SAO_817C-10,São Paulo,3550308,True,,1337,,,-23.549617625,-46.681638375000006,,,,1,2023-06-20T04:27:27+00:00
SAO_4020-10,São Paulo,3550308,True,,35298,,,-23.538742499999998,-46.4497635,,,,2,2023-06-20T04:27:32+00:00
